timestep,year,month,day,hour,Zone Operative Temperature(hall_downstairs),Zone Air Temperature(hall_downstairs),Zone Operative Temperature(front_room),Zone Air Temperature(front_room),Zone Operative Temperature(kitchen),Zone Air Temperature(kitchen),Zone Operative Temperature(backroom),Zone Air Temperature(backroom),Zone Operative Temperature(bedroom_3),Zone Air Temperature(bedroom_3),Zone Operative Temperature(bedroom_1),Zone Air Temperature(bedroom_1),Zone Operative Temperature(hall_upstairs),Zone Air Temperature(hall_upstairs),Zone Operative Temperature(bathroom),Zone Air Temperature(bathroom),Zone Operative Temperature(bedroom_2),Zone Air Temperature(bedroom_2),Zone People Occupant Count(front_room),Zone People Occupant Count(kitchen),Zone People Occupant Count(backroom),Zone People Occupant Count(bedroom_3),Zone People Occupant Count(bedroom_1),Zone People Occupant Count(hall_upstairs),Zone People Occupant Count(bathroom),Zone People Occupant Count(bedroom_2)
0,2023.0,1.0,1.0,0.0,20.07028,21.051754,20.078625,21.014427,20.077986,21.036291,20.078035,21.038853,20.0211,20.631447,20.067408,20.680655,20.044662,20.40798,20.069504,20.809738,20.069185,20.800743,0.0,0.0,0.0,4.0,0.0,0.0,0.0,0.0
1,2023.0,1.0,1.0,0.0,18.873135,18.715034,19.104776,19.070625,18.779852,18.491291,18.776241,18.488005,18.848055,18.396145,19.562752,19.677326,19.152142,18.656708,19.165903,19.060217,19.898746,20.426022,4.0,0.0,0.0,0.0,4.0,0.0,0.0,4.0
2,2023.0,1.0,1.0,0.0,19.046227,19.297396,18.66976,18.466694,18.819592,18.842224,18.169037,17.631796,18.380007,17.830355,19.334986,19.382666,18.83812,18.286627,19.830729,20.55014,18.815489,18.398449,4.0,4.0,0.0,0.0,4.0,0.0,4.0,0.0
3,2023.0,1.0,1.0,0.0,19.109674,19.456676,18.124823,17.601131,18.21728,17.783596,18.635265,18.715055,18.809858,18.826336,18.659674,18.17138,18.741865,18.23102,19.667833,20.087254,18.416067,17.945028,0.0,0.0,4.0,4.0,0.0,0.0,4.0,0.0
4,2023.0,1.0,1.0,0.0,19.091816,19.480135,17.87825,17.348402,17.93872,17.475649,18.10744,17.746279,18.918398,18.991077,18.323448,17.785198,19.714128,20.202496,18.723923,18.36921,18.991692,19.208525,0.0,0.0,0.0,4.0,0.0,4.0,0.0,4.0
5,2023.0,1.0,1.0,0.0,18.40173,18.232203,17.757938,17.280046,17.816938,17.398355,17.835861,17.42146,18.376358,18.016155,18.428812,18.181473,19.678135,19.922945,18.392643,18.004774,18.407726,18.045792,0.0,0.0,0.0,0.0,0.0,4.0,0.0,0.0
6,2023.0,1.0,1.0,1.0,18.15764,17.962284,17.90222,17.711178,18.645227,19.103298,17.949753,17.794987,18.146687,17.76826,18.434898,18.25587,18.995255,18.637753,18.258215,17.910213,18.182302,17.82809,0.0,4.0,0.0,0.0,0.0,0.0,0.0,0.0
7,2023.0,1.0,1.0,1.0,18.023308,17.833118,17.90812,17.785887,18.07154,17.904299,17.932205,17.829006,18.014568,17.637144,18.352665,18.171139,18.770842,18.367847,18.12994,17.789371,18.241554,18.078169,0.0,0.0,0.0,0.0,0.0,0.0,0.0,0.0
8,2023.0,1.0,1.0,1.0,18.12161,18.150265,17.83073,17.71265,17.700972,17.355875,18.556908,19.074432,18.09894,17.919884,18.267162,18.082794,18.675222,18.273762,18.193823,18.036015,18.196833,18.048222,0.0,0.0,4.0,0.0,0.0,0.0,0.0,0.0
9,2023.0,1.0,1.0,1.0,18.84849,19.570126,18.204462,18.48126,17.552252,17.195278,18.113474,18.153667,18.07846,17.917257,18.188091,18.001913,18.5936,18.193184,18.154083,18.007944,18.12069,17.971033,4.0,0.0,0.0,0.0,0.0,0.0,0.0,0.0
10,2023.0,1.0,1.0,1.0,18.15273,18.122759,18.32424,18.674517,17.649054,17.502642,17.626358,17.321688,18.016476,17.854698,18.114342,17.92668,18.728943,18.536345,18.08379,17.936953,18.765348,19.245668,4.0,0.0,0.0,0.0,0.0,0.0,0.0,4.0
11,2023.0,1.0,1.0,1.0,18.533546,18.982504,17.697458,17.476679,17.63967,17.53342,17.42937,17.079401,17.955027,17.791344,18.044235,17.85437,19.467733,19.939257,18.014753,17.86616,18.24764,18.145681,0.0,0.0,0.0,0.0,0.0,4.0,0.0,0.0
12,2023.0,1.0,1.0,2.0,18.005224,17.941895,17.368242,16.989605,17.579317,17.475273,17.52317,17.378876,17.896244,17.731182,18.264551,18.320469,18.745625,18.41086,17.949287,17.799467,17.878088,17.556728,0.0,0.0,0.0,0.0,4.0,0.0,0.0,0.0
13,2023.0,1.0,1.0,2.0,17.723612,17.544113,17.444855,17.270674,17.518322,17.414415,18.220753,18.733503,17.839907,17.673498,18.03913,17.861853,18.49935,18.08814,18.874779,19.595093,17.719135,17.372854,0.0,0.0,4.0,0.0,0.0,0.0,4.0,0.0
14,2023.0,1.0,1.0,2.0,17.600876,17.413277,17.445957,17.322838,17.459206,17.355381,17.807943,17.850878,18.346872,18.669699,18.191309,18.239975,18.419008,18.007904,18.019392,17.768076,18.557272,19.064587,0.0,0.0,0.0,4.0,4.0,0.0,0.0,4.0
15,2023.0,1.0,1.0,2.0,17.722246,17.750195,17.385925,17.263939,17.400707,17.295122,17.319328,17.00059,17.938524,17.792347,17.955072,17.762197,18.562162,18.364876,17.706223,17.361916,18.61131,18.960583,0.0,0.0,0.0,0.0,0.0,0.0,0.0,4.0
16,2023.0,1.0,1.0,2.0,17.715042,17.76826,17.32753,17.206198,17.346554,17.241432,17.838457,18.08416,18.356565,18.684517,17.834917,17.634779,18.565195,18.373732,17.597775,17.255798,17.880161,17.563879,0.0,0.0,4.0,4.0,0.0,0.0,0.0,0.0
17,2023.0,1.0,1.0,2.0,17.6689,17.72262,17.269651,17.14781,17.293379,17.187798,17.380512,17.168076,17.738117,17.402225,17.771399,17.570835,18.532944,18.339546,17.679802,17.512398,17.636492,17.275707,0.0,0.0,0.0,0.0,0.0,0.0,0.0,0.0
18,2023.0,1.0,1.0,3.0,17.621029,17.673443,17.213367,17.09049,17.241625,17.135178,17.106209,16.763214,17.487514,17.097006,18.001406,18.05229,18.49998,18.304426,17.661383,17.502502,18.27571,18.57966,0.0,0.0,0.0,0.0,4.0,0.0,0.0,4.0
19,2023.0,1.0,1.0,3.0,17.573954,17.625647,17.15959,17.036156,17.192179,17.085314,17.210255,17.075623,17.387619,16.997307,17.756271,17.551182,18.467735,18.271276,17.613598,17.454033,18.44753,18.775791,0.0,0.0,0.0,0.0,0.0,0.0,0.0,4.0
20,2023.0,1.0,1.0,3.0,17.528349,17.579567,17.108465,16.984709,17.145016,17.037933,17.198498,17.088428,17.513302,17.334822,17.96787,18.04013,18.436432,18.239328,17.567053,17.406942,18.494371,18.820028,0.0,0.0,0.0,0.0,4.0,0.0,0.0,4.0
21,2023.0,1.0,1.0,3.0,17.487028,17.540821,17.062986,16.942623,17.102715,16.998533,17.155313,17.049004,17.501127,17.325418,17.718634,17.532852,18.40735,18.211308,17.523949,17.365576,17.782675,17.458916,0.0,0.0,0.0,0.0,0.0,0.0,0.0,0.0
22,2023.0,1.0,1.0,3.0,17.44459,17.498331,17.016275,16.896208,17.059277,16.95535,17.109411,17.003538,18.038576,18.36963,17.595453,17.391262,18.377415,18.181034,17.480532,17.321959,18.281921,18.57471,0.0,0.0,0.0,4.0,0.0,0.0,0.0,4.0
23,2023.0,1.0,1.0,3.0,17.404152,17.45819,16.971575,16.85237,17.017609,16.914423,17.06458,16.959652,17.6449,17.513695,17.827461,17.874262,18.348316,18.151949,17.439077,17.280773,17.69085,17.366222,0.0,0.0,0.0,0.0,4.0,0.0,0.0,0.0
24,2023.0,1.0,1.0,4.0,18.131683,18.86081,16.927889,16.809153,16.976768,16.87398,17.020576,16.916185,17.486448,17.311302,17.606796,17.422434,18.319517,18.122997,17.398779,17.240505,17.452866,17.08179,0.0,0.0,0.0,0.0,0.0,0.0,0.0,0.0
25,2023.0,1.0,1.0,4.0,17.638878,17.783468,16.883644,16.763432,16.93524,16.831135,16.975864,16.870337,17.428322,17.251453,17.485788,17.280153,18.289845,18.091818,17.358404,17.19886,17.343607,16.97178,0.0,0.0,0.0,0.0,0.0,0.0,0.0,0.0
26,2023.0,1.0,1.0,4.0,17.184313,16.99368,16.838844,16.716051,16.893312,16.78692,16.93064,16.82306,17.375093,17.1959,17.428001,17.220564,18.259745,18.0597,17.318113,17.15672,17.448292,17.27428,0.0,0.0,0.0,0.0,0.0,0.0,0.0,0.0
27,2023.0,1.0,1.0,4.0,17.056044,16.855286,16.797283,16.674603,16.854368,16.74801,16.888529,16.781452,17.328756,17.149708,17.374958,17.168036,18.231003,18.030422,18.287989,19.015484,17.428936,17.259666,0.0,0.0,0.0,0.0,0.0,0.0,4.0,0.0
28,2023.0,1.0,1.0,4.0,17.199347,17.222025,16.754839,16.63081,16.814907,16.707169,16.84576,16.73775,17.282919,17.102732,17.323215,17.115011,18.2012,17.999304,17.432768,17.167421,17.381586,17.211817,0.0,0.0,0.0,0.0,0.0,0.0,0.0,0.0
29,2023.0,1.0,1.0,4.0,17.218473,17.276623,16.708158,16.577982,16.772282,16.659107,16.7995,16.686275,17.235182,17.050564,17.268976,17.055254,18.16896,17.963566,17.123512,16.754004,17.330465,17.15659,0.0,0.0,0.0,0.0,0.0,0.0,0.0,0.0
30,2023.0,1.0,1.0,5.0,17.184864,17.24161,16.666586,16.534876,16.733778,16.61903,16.75793,16.643522,17.19166,17.005808,17.220367,17.005362,18.138546,17.931713,17.026127,16.657356,17.28278,17.107834,0.0,0.0,0.0,0.0,0.0,0.0,0.0,0.0
31,2023.0,1.0,1.0,5.0,17.152283,17.210287,16.630226,16.501665,16.69939,16.587048,16.721031,16.609465,17.738749,18.070576,17.176752,16.964273,18.110306,17.904337,17.14491,16.976482,17.238981,17.065739,0.0,0.0,0.0,4.0,0.0,0.0,0.0,0.0
32,2023.0,1.0,1.0,5.0,17.117441,17.174892,16.591509,16.462881,16.66297,16.550503,16.68222,16.570717,17.32047,17.16542,17.131903,16.919247,18.080975,17.874561,17.135582,16.968822,17.194727,17.021318,0.0,0.0,0.0,0.0,0.0,0.0,0.0,0.0
33,2023.0,1.0,1.0,5.0,17.083208,17.140182,16.553738,16.425333,16.627323,16.514996,16.64435,16.533188,17.178175,16.993467,17.088514,16.876045,18.051962,17.845339,17.09951,16.932648,17.881912,18.352825,0.0,0.0,0.0,0.0,0.0,0.0,0.0,4.0
34,2023.0,1.0,1.0,5.0,17.048899,17.105127,16.516077,16.3875,16.591793,16.479218,16.60681,16.49552,17.122046,16.936848,17.045727,16.83306,18.022812,17.815756,17.063072,16.895956,17.372852,17.24915,0.0,0.0,0.0,0.0,0.0,0.0,0.0,0.0
35,2023.0,1.0,1.0,5.0,17.013168,17.067074,16.477022,16.346437,16.555077,16.44063,16.568293,16.455105,17.06964,16.88235,17.319422,17.383385,17.992733,17.78424,17.025301,16.856815,16.996634,16.619051,0.0,0.0,0.0,0.0,4.0,0.0,0.0,0.0
36,2023.0,1.0,1.0,6.0,16.979946,17.033836,16.44116,16.3112,16.521017,16.407019,16.532663,16.42002,17.02445,16.837688,17.068466,16.857533,17.964188,17.755735,16.98959,16.821383,16.870054,16.486849,0.0,0.0,0.0,0.0,0.0,0.0,0.0,0.0
37,2023.0,1.0,1.0,6.0,21.196058,24.481161,16.406685,16.27808,21.107855,24.484571,21.111944,24.48758,16.981655,16.795547,16.976974,16.76319,21.530275,23.848402,22.132477,25.468336,16.991705,16.817564,0.0,0.0,0.0,0.0,0.0,0.0,0.0,0.0
38,2023.0,1.0,1.0,6.0,21.010515,23.628628,16.367537,16.238691,21.008747,23.744312,21.009422,23.74681,16.936583,16.750132,16.925707,16.712633,20.959488,22.605608,21.848911,24.453474,17.002699,16.827288,0.0,0.0,0.0,0.0,0.0,0.0,0.0,0.0
39,2023.0,1.0,1.0,6.0,21.07667,23.455944,16.329336,16.200623,21.083223,23.545536,21.084023,23.555092,17.479374,17.804672,16.878386,16.665764,21.063639,22.612202,20.893354,22.564486,16.960892,16.786228,0.0,0.0,0.0,4.0,0.0,0.0,0.0,0.0
40,2023.0,1.0,1.0,6.0,21.066832,23.234016,16.291588,16.16256,21.07213,23.292442,21.073038,23.30779,20.32229,22.629137,16.834572,16.621801,21.0501,22.43901,21.088957,22.834246,16.926294,16.751827,0.0,0.0,0.0,0.0,0.0,0.0,0.0,0.0
41,2023.0,1.0,1.0,6.0,21.065899,23.090513,16.254707,16.125309,21.07136,23.12961,21.072403,23.149828,18.413614,18.530342,16.793646,16.580963,21.049583,22.330976,21.058279,22.678516,16.89545,16.721462,0.0,0.0,0.0,0.0,0.0,0.0,0.0,0.0
42,2023.0,1.0,1.0,7.0,21.06089,22.978802,16.215971,16.083809,21.06557,23.002054,21.066778,23.026728,17.477219,17.288353,16.752577,16.537903,21.045763,22.24426,21.057446,22.603079,16.865736,16.691341,0.0,0.0,0.0,0.0,0.0,0.0,0.0,0.0
43,2023.0,1.0,1.0,7.0,21.064068,22.90846,16.182095,16.051641,21.068638,22.920515,21.070015,22.948984,17.301481,17.108576,16.716614,16.503716,21.047327,22.18701,21.059282,22.548065,17.768967,18.42073,0.0,0.0,0.0,0.0,0.0,0.0,0.0,4.0
44,2023.0,1.0,1.0,7.0,21.062027,22.847298,16.146713,16.01618,21.042515,22.782452,21.068108,22.88055,17.19728,17.004955,16.680058,16.467394,21.04618,22.138351,21.058128,22.49958,20.284851,22.509216,0.0,4.0,0.0,0.0,0.0,0.0,0.0,4.0
45,2023.0,1.0,1.0,7.0,21.03368,22.727514,16.109743,15.977219,21.070942,22.811543,21.065853,22.824944,17.109686,16.915459,17.026152,17.14762,21.044897,22.099627,21.056664,22.459635,20.030405,21.720312,0.0,0.0,0.0,0.0,4.0,0.0,0.0,0.0
46,2023.0,1.0,1.0,7.0,21.065966,22.782442,16.076874,15.945242,21.064344,22.756176,21.066105,22.783215,17.038395,16.847052,20.28189,22.659718,21.044907,22.070452,21.05683,22.429424,18.167683,17.906197,0.0,0.0,0.0,0.0,0.0,0.0,0.0,0.0
47,2023.0,1.0,1.0,7.0,21.076487,22.741364,16.044672,15.911434,21.064186,22.719606,21.065163,22.746317,17.688425,18.126863,18.419321,18.63784,21.044575,22.04627,21.056421,22.40356,17.319473,16.896666,0.0,0.0,0.0,4.0,0.0,0.0,0.0,0.0
48,2023.0,1.0,1.0,8.0,21.073948,22.688715,16.013292,15.878622,21.063286,22.687378,21.064703,22.716778,20.30846,22.537546,17.689339,17.803768,21.014359,21.948511,21.055876,22.3814,18.326138,19.02466,0.0,0.0,0.0,0.0,4.0,4.0,0.0,4.0
49,2023.0,1.0,1.0,8.0,19.605192,19.859678,15.983521,15.848109,19.493069,19.646717,19.436638,19.564987,18.146774,17.96861,20.312635,22.366953,20.530106,21.0109,19.587597,19.538168,20.347134,22.323559,0.0,0.0,0.0,0.0,4.0,4.0,0.0,0.0
50,2023.0,1.0,1.0,8.0,18.753187,18.786974,15.955796,15.819161,19.176704,19.605576,18.475983,18.345476,17.792215,17.930788,20.039667,21.584093,19.327297,18.870562,18.824438,18.631498,18.268805,18.032158,0.0,4.0,0.0,4.0,0.0,0.0,0.0,0.0
51,2023.0,1.0,1.0,8.0,19.13056,19.755453,15.929383,15.791413,19.157356,19.642889,18.118862,17.95172,20.36612,22.309904,18.564665,18.542969,18.778173,18.23304,19.534182,20.228226,18.241802,18.59146,0.0,4.0,0.0,0.0,4.0,0.0,4.0,4.0
52,2023.0,1.0,1.0,8.0,18.606722,18.735516,15.903283,15.76433,18.716293,18.885027,17.877523,17.706099,18.290668,18.074,20.35395,21.93624,18.554813,18.012136,18.556646,18.189085,21.523518,24.087538,0.0,4.0,0.0,0.0,0.0,0.0,0.0,0.0
53,2023.0,1.0,1.0,8.0,17.885693,17.625275,15.879229,15.738466,17.829523,17.417788,17.68289,17.510897,17.307873,16.861238,18.474428,18.222128,19.13366,19.26537,17.9501,17.501846,19.130842,19.499924,0.0,0.0,0.0,0.0,0.0,4.0,0.0,4.0
54,2023.0,1.0,1.0,9.0,17.603577,17.283989,15.857649,15.715121,17.441757,16.923355,17.546234,17.37144,17.31664,17.082426,17.9458,17.638777,19.257505,19.410084,18.758242,19.20062,20.246723,21.574772,0.0,0.0,0.0,0.0,0.0,4.0,4.0,0.0
55,2023.0,1.0,1.0,9.0,17.679811,17.632273,15.833088,15.689918,17.217833,16.7074,17.406136,17.235271,17.272545,17.072906,17.798933,17.543922,19.244223,19.398033,18.061165,17.6826,18.523077,18.233223,0.0,0.0,0.0,0.0,0.0,4.0,0.0,0.0
56,2023.0,1.0,1.0,9.0,17.654009,17.655731,15.808938,15.664854,18.042013,18.425106,17.297363,17.125202,17.18154,16.983784,17.639921,17.391336,18.564789,18.127455,17.695396,17.245972,17.88395,17.405975,0.0,4.0,0.0,0.0,0.0,0.0,0.0,0.0
57,2023.0,1.0,1.0,9.0,18.324862,19.000093,16.26455,16.538042,17.986118,18.201801,17.19471,17.024399,17.089897,16.892723,17.492449,17.250008,18.25724,17.734484,17.522238,17.07835,17.858854,17.623611,4.0,4.0,0.0,0.0,0.0,0.0,0.0,0.0
58,2023.0,1.0,1.0,9.0,17.56727,17.449806,20.150778,23.195198,17.87744,18.041868,17.102282,16.935534,17.008457,16.81237,17.363905,17.12633,18.11831,17.597181,18.669165,19.399334,17.752363,17.554134,0.0,4.0,0.0,0.0,0.0,0.0,4.0,0.0
59,2023.0,1.0,1.0,9.0,17.796259,18.146704,18.338985,19.097734,17.18844,16.803577,17.003557,16.840729,16.92317,16.729282,17.237064,17.008629,19.048296,19.502,18.791805,19.251833,18.496939,19.105843,4.0,0.0,0.0,0.0,0.0,4.0,4.0,4.0
60,2023.0,1.0,1.0,10.0,17.265287,17.105225,20.236397,22.679617,16.86756,16.37815,16.923449,16.761473,17.5486,17.958368,17.501282,17.582344,18.996618,19.194202,17.826885,17.45062,20.240664,22.069143,4.0,0.0,0.0,4.0,4.0,4.0,0.0,0.0
61,2023.0,1.0,1.0,10.0,16.912489,16.650816,20.059225,22.07489,16.71288,16.236265,16.843853,16.688658,20.416695,22.825,20.30647,22.394491,18.217299,17.760748,17.383633,16.96297,18.296616,18.059566,0.0,0.0,0.0,4.0,0.0,0.0,0.0,0.0
62,2023.0,1.0,1.0,10.0,17.51763,17.88791,18.015863,17.969532,17.553759,17.961,16.772282,16.622929,20.01586,21.705015,18.573587,18.726795,18.671026,18.861177,17.223684,16.810131,18.273895,18.614847,0.0,4.0,0.0,4.0,0.0,4.0,0.0,4.0
63,2023.0,1.0,1.0,10.0,17.11346,16.987629,16.834105,16.406843,17.655172,17.915611,17.414968,17.88897,20.078766,21.637728,17.581627,17.376223,18.886543,19.085833,18.14182,18.651947,20.269186,22.055305,0.0,4.0,4.0,0.0,0.0,4.0,4.0,0.0
64,2023.0,1.0,1.0,10.0,16.776077,16.543074,17.192791,17.37553,17.56569,17.798288,17.701105,18.249544,18.30672,18.073618,17.356153,17.141644,18.920279,19.124908,17.516863,17.191933,18.373568,18.166864,4.0,4.0,4.0,0.0,0.0,4.0,0.0,0.0
65,2023.0,1.0,1.0,10.0,17.414291,17.818499,20.292315,22.794304,17.55726,17.796743,16.902325,16.69355,18.31155,18.441454,17.248682,17.036442,18.233768,17.819538,18.23686,18.747076,17.708902,17.272472,4.0,4.0,0.0,4.0,0.0,0.0,4.0,0.0
66,2023.0,1.0,1.0,11.0,17.023375,16.928736,20.026443,21.962898,17.554565,17.804243,16.435276,16.064627,20.268305,21.903448,17.505487,17.610985,17.91875,17.458181,18.534826,19.047728,18.562372,19.154022,4.0,4.0,0.0,0.0,4.0,0.0,4.0,4.0
67,2023.0,1.0,1.0,11.0,16.701122,16.509409,20.071074,21.857222,17.551182,17.810955,16.971127,17.182991,19.0255,19.287657,20.39094,22.44222,18.594437,18.830004,18.59008,19.106869,21.45935,23.974373,4.0,4.0,4.0,4.0,0.0,4.0,4.0,4.0
68,2023.0,1.0,1.0,11.0,16.59705,16.402954,20.062498,21.707552,17.547941,17.817438,17.222517,17.517378,20.209772,21.680653,18.87707,19.28176,18.113964,17.727646,17.691273,17.387672,19.914867,20.906109,4.0,4.0,4.0,4.0,4.0,0.0,0.0,4.0
69,2023.0,1.0,1.0,11.0,17.518148,18.222822,20.061691,21.611967,17.54412,17.823557,17.261404,17.565434,20.017014,21.195288,20.256588,22.03729,18.595295,18.854097,18.286528,18.823599,20.098251,21.259354,4.0,4.0,4.0,4.0,0.0,4.0,4.0,0.0
70,2023.0,1.0,1.0,11.0,17.64654,18.165855,20.059647,21.539667,17.540874,17.82984,17.284138,17.59503,20.038855,21.16607,18.718567,18.820625,18.826284,19.089552,18.574362,19.1148,18.619324,18.375834,4.0,4.0,4.0,4.0,0.0,4.0,4.0,0.0
71,2023.0,1.0,1.0,11.0,16.957365,16.894573,20.058317,21.48616,17.537966,17.836397,17.299866,17.618073,20.064829,21.188005,17.848892,17.666864,18.87738,19.144287,17.670343,17.375862,17.859177,17.458384,4.0,4.0,4.0,0.0,0.0,4.0,0.0,0.0
72,2023.0,1.0,1.0,12.0,16.634792,16.481186,20.074844,21.4955,16.918734,16.69615,17.310375,17.63556,18.61912,18.367329,17.617785,17.417715,18.20913,17.853899,17.264578,16.918957,17.590858,17.194233,0.0,0.0,4.0,0.0,0.0,0.0,0.0,0.0
73,2023.0,1.0,1.0,12.0,21.165716,24.505533,18.775671,18.955372,21.27788,24.526184,21.180534,24.329916,17.828207,17.39236,17.478868,17.283903,21.99984,24.50279,22.246466,25.427431,17.60077,17.412079,4.0,4.0,0.0,0.0,0.0,4.0,0.0,0.0
74,2023.0,1.0,1.0,12.0,21.00758,23.721542,20.227865,21.974846,21.03354,23.59138,21.010403,23.555958,17.767982,17.553158,17.770565,17.935007,20.926643,22.376877,20.866142,22.72037,18.52525,19.234509,0.0,0.0,4.0,0.0,4.0,0.0,0.0,4.0
75,2023.0,1.0,1.0,12.0,21.079763,23.56416,18.75349,18.960932,21.071573,23.342915,21.079624,23.410976,17.696342,17.512358,20.342022,22.270994,21.052666,22.433846,21.091862,22.975973,20.344137,22.245232,4.0,4.0,4.0,0.0,0.0,4.0,0.0,0.0
76,2023.0,1.0,1.0,12.0,21.04408,23.27659,20.231005,22.048824,21.065708,23.132654,21.06785,23.197866,17.574032,17.399336,18.677227,18.831059,21.063375,22.348423,21.056776,22.764858,18.40533,18.243805,0.0,4.0,4.0,0.0,0.0,0.0,0.0,0.0
77,2023.0,1.0,1.0,12.0,21.04831,23.154242,18.763983,19.017935,21.064032,22.993067,21.090683,23.128307,18.236406,18.75259,18.119509,18.26512,21.028582,22.160767,21.059101,22.665163,17.566406,17.20879,4.0,4.0,0.0,4.0,4.0,4.0,0.0,0.0
78,2023.0,1.0,1.0,13.0,21.061108,23.056898,20.227013,22.050835,21.06205,22.891533,21.083849,23.01202,20.24925,22.137182,20.33893,22.058025,21.031994,22.100035,21.057297,22.583868,17.541872,17.377676,4.0,4.0,0.0,0.0,0.0,4.0,0.0,0.0
79,2023.0,1.0,1.0,13.0,21.05724,22.960768,20.02918,21.516743,21.06037,22.815725,21.082464,22.930468,18.386883,18.249796,18.775839,18.902433,21.060013,22.123646,21.05623,22.522993,17.498697,17.354757,4.0,4.0,0.0,0.0,0.0,0.0,0.0,0.0
80,2023.0,1.0,1.0,13.0,21.080538,22.960009,20.05562,21.48575,21.056604,22.753534,21.037268,22.793495,17.484905,17.112759,17.909178,17.742645,21.021063,21.980381,21.052687,22.471426,17.407305,17.267334,4.0,4.0,4.0,0.0,0.0,4.0,0.0,0.0
81,2023.0,1.0,1.0,13.0,21.154037,23.035292,20.108053,21.526716,21.116327,22.821028,21.122047,22.908169,17.483355,17.321636,17.68538,17.495544,21.108522,22.145815,21.113352,22.55,17.328403,17.194244,4.0,4.0,4.0,0.0,0.0,0.0,0.0,0.0
82,2023.0,1.0,1.0,13.0,21.03345,22.736032,20.043077,21.365965,21.07114,22.71763,21.047844,22.722757,17.430805,17.279295,17.988857,18.189934,21.043224,21.975595,21.04305,22.383198,17.260605,17.132723,4.0,0.0,4.0,0.0,4.0,0.0,0.0,0.0
83,2023.0,1.0,1.0,13.0,21.07999,22.818253,20.053036,21.360132,21.051416,22.62582,21.05962,22.71846,17.352617,17.210932,20.331333,22.111172,21.052351,21.968025,21.054085,22.383396,17.199575,17.07851,4.0,4.0,4.0,0.0,0.0,0.0,0.0,0.0
84,2023.0,1.0,1.0,14.0,21.071865,22.773705,20.068521,21.384447,21.05489,22.610003,21.081915,22.758732,17.276234,17.140472,18.756725,18.902699,21.038385,21.944872,21.013346,22.257843,17.143236,17.02691,0.0,4.0,0.0,0.0,0.0,0.0,4.0,0.0
85,2023.0,1.0,1.0,14.0,19.846067,20.36999,18.918436,19.142275,19.772705,20.13485,19.721468,20.096367,17.937069,18.448996,17.909508,17.784334,20.016777,19.980541,20.233164,20.734058,17.090134,16.97514,4.0,4.0,4.0,4.0,0.0,0.0,4.0,0.0
86,2023.0,1.0,1.0,14.0,18.778154,18.646946,20.19751,21.640808,18.675312,18.369387,18.5984,18.303654,20.288261,22.464926,17.715843,17.54896,19.596846,19.407637,19.131702,18.837582,17.044767,16.929699,4.0,0.0,0.0,0.0,0.0,0.0,0.0,0.0
87,2023.0,1.0,1.0,14.0,18.223965,18.01676,20.031347,21.281885,18.748354,18.916845,18.022337,17.653618,18.289988,18.22992,17.96184,18.138527,19.383501,19.197388,18.552088,18.181189,16.994392,16.880018,4.0,4.0,0.0,0.0,4.0,0.0,0.0,0.0
88,2023.0,1.0,1.0,14.0,18.641602,19.059301,20.052675,21.304195,18.761227,19.007925,18.360214,18.56139,17.336353,17.017786,20.340992,22.137156,19.211597,19.029198,18.267986,17.898586,17.809118,18.455782,4.0,4.0,4.0,0.0,0.0,0.0,0.0,4.0
89,2023.0,1.0,1.0,14.0,18.740444,19.224611,20.066837,21.329853,18.016912,17.74272,18.43978,18.722746,17.28554,17.123257,18.744864,18.89075,19.833437,20.341316,18.057253,17.697315,20.314133,22.607296,0.0,0.0,4.0,0.0,0.0,4.0,0.0,0.0
90,2023.0,1.0,1.0,15.0,18.65998,19.151323,18.95395,19.16264,18.221981,18.425327,18.346577,18.640148,17.248978,17.11346,17.888058,17.760302,19.10041,18.788837,18.054497,17.877064,18.202686,18.15707,4.0,4.0,4.0,0.0,0.0,0.0,0.0,0.0
91,2023.0,1.0,1.0,15.0,18.598558,19.09195,20.210709,21.63797,18.302153,18.587357,18.275295,18.5732,17.180996,17.04957,17.692154,17.525282,18.742643,18.320148,17.99795,17.850601,18.358513,18.798622,0.0,4.0,4.0,0.0,0.0,0.0,0.0,4.0
92,2023.0,1.0,1.0,15.0,18.531076,19.028803,18.997309,19.220484,18.246754,18.538132,18.198797,18.503588,17.105234,16.978685,17.549818,17.387228,18.580816,18.16505,17.89432,17.755264,20.214642,21.964863,4.0,4.0,4.0,0.0,0.0,0.0,0.0,4.0
93,2023.0,1.0,1.0,15.0,17.829899,17.777048,20.20557,21.77385,18.189682,18.48685,18.1294,18.43899,17.780546,18.317066,17.430576,17.269402,19.450087,19.95738,17.792738,17.658894,20.045942,21.505877,0.0,4.0,4.0,4.0,0.0,4.0,0.0,0.0
94,2023.0,1.0,1.0,15.0,17.43016,17.282639,18.614624,18.588491,17.507332,17.26504,17.438805,17.207367,20.301374,22.56686,17.328754,17.17402,18.818615,18.51146,17.699646,17.570393,18.426558,18.278276,0.0,0.0,0.0,0.0,0.0,0.0,0.0,0.0
95,2023.0,1.0,1.0,15.0,17.251837,17.093328,18.302092,18.572897,17.116844,16.780304,17.042826,16.716394,18.225231,18.184923,17.237375,17.087757,18.40372,18.011309,17.613695,17.488544,17.626535,17.305422,4.0,0.0,0.0,0.0,0.0,0.0,0.0,0.0
96,2023.0,1.0,1.0,16.0,17.143112,16.984747,20.245749,22.061745,17.643755,17.882343,16.896152,16.563234,18.162855,18.417494,17.161045,17.012934,18.284554,17.887842,17.539537,17.413336,18.272015,18.704998,0.0,4.0,0.0,4.0,0.0,0.0,0.0,4.0
97,2023.0,1.0,1.0,16.0,17.98324,18.682325,19.114555,19.680515,17.846273,18.166166,16.767326,16.439672,20.287973,22.10651,17.45878,17.643719,19.185768,19.712715,17.461142,17.335014,20.220726,21.990736,4.0,4.0,0.0,0.0,4.0,4.0,0.0,4.0
98,2023.0,1.0,1.0,16.0,18.09174,18.635077,20.237965,21.94595,17.83857,18.161722,16.844635,16.71078,18.97455,19.334755,20.392063,22.54164,19.259047,19.566711,17.386967,17.260406,21.18475,23.506107,0.0,4.0,0.0,4.0,0.0,4.0,0.0,0.0
99,2023.0,1.0,1.0,16.0,17.395943,17.371931,18.85954,19.110975,17.817997,18.140947,17.5596,18.082968,20.219717,21.832611,18.580214,18.812244,19.211025,19.498222,18.30976,19.055695,19.101969,19.069914,4.0,4.0,4.0,4.0,0.0,4.0,4.0,0.0
100,2023.0,1.0,1.0,16.0,17.022255,16.877735,20.221706,21.946907,17.157642,16.926922,17.847603,18.445541,20.045404,21.384884,17.58283,17.44809,18.511984,18.171963,17.584675,17.363878,17.900112,17.570354,0.0,0.0,4.0,0.0,0.0,0.0,0.0,0.0
101,2023.0,1.0,1.0,16.0,16.873285,16.70808,18.538525,18.526672,17.460327,17.710882,17.65958,18.024128,18.48732,18.303791,17.358284,17.207539,18.180199,17.785168,17.145496,16.84439,17.552057,17.199732,0.0,4.0,4.0,0.0,0.0,0.0,0.0,0.0
102,2023.0,1.0,1.0,17.0,16.997349,17.036982,18.440306,18.703297,17.605055,17.934729,17.590824,17.925854,17.834957,17.418226,17.247707,17.089537,18.070751,17.669771,17.024105,16.712318,17.556837,17.392672,4.0,4.0,4.0,0.0,0.0,0.0,0.0,0.0
103,2023.0,1.0,1.0,17.0,17.769352,18.514755,20.195467,21.937119,16.990852,16.785774,16.945934,16.739872,17.796146,17.594225,17.153933,16.994919,17.985937,17.586182,17.107698,16.965256,17.475836,17.337053,0.0,0.0,0.0,0.0,0.0,0.0,0.0,0.0
104,2023.0,1.0,1.0,17.0,17.200787,17.206163,19.108213,19.652992,16.620089,16.291542,16.56318,16.238522,17.687967,17.524317,17.05547,16.897755,18.11088,17.92278,17.103197,16.969614,17.351698,17.219002,4.0,0.0,0.0,0.0,0.0,0.0,0.0,0.0
105,2023.0,1.0,1.0,17.0,16.851246,16.68885,20.184668,21.714857,16.488573,16.138939,17.113596,17.365175,17.55614,17.395853,16.977842,16.815079,18.860249,19.346155,17.055176,16.92023,17.250963,17.118738,4.0,0.0,4.0,0.0,0.0,4.0,0.0,0.0
106,2023.0,1.0,1.0,17.0,16.698149,16.517185,20.052273,21.387299,17.332033,17.837248,16.693233,16.45966,18.163235,18.670397,16.895409,16.731081,18.91871,19.20806,17.001287,16.864754,17.13959,17.0027,0.0,4.0,0.0,4.0,0.0,4.0,0.0,0.0
107,2023.0,1.0,1.0,17.0,16.809006,16.837626,18.518072,18.397991,17.430788,17.768076,17.03304,17.284431,20.255873,22.197617,16.821487,16.657608,18.902624,19.173119,16.950092,16.81231,17.038195,16.900576,0.0,4.0,4.0,0.0,0.0,4.0,0.0,0.0
108,2023.0,1.0,1.0,18.0,17.60769,18.343586,18.274109,18.507225,17.357302,17.661963,17.230791,17.540989,18.319979,18.181837,16.751371,16.585995,18.206957,17.841791,16.901144,16.761623,16.946463,16.807163,4.0,4.0,4.0,0.0,0.0,0.0,0.0,0.0
109,2023.0,1.0,1.0,18.0,21.344557,24.703663,20.238775,22.02315,21.32853,24.59631,21.34376,24.664103,17.564926,17.1202,16.693151,16.524595,22.151144,24.663929,22.331882,25.937618,16.874187,16.731672,4.0,4.0,4.0,0.0,0.0,4.0,0.0,0.0
110,2023.0,1.0,1.0,18.0,21.018167,23.615456,20.02972,21.449774,21.018307,23.542496,21.016016,23.58698,17.524708,17.32507,16.636314,16.467813,20.988379,22.504074,20.880363,23.00923,16.805214,16.662987,4.0,4.0,4.0,0.0,0.0,4.0,4.0,0.0
111,2023.0,1.0,1.0,18.0,21.096851,23.4983,20.056648,21.407598,21.077606,23.365938,21.104046,23.489683,17.451387,17.280907,16.963402,17.124405,21.269232,22.907307,22.019463,25.042421,17.675804,18.358925,4.0,4.0,0.0,0.0,4.0,0.0,0.0,4.0
112,2023.0,1.0,1.0,18.0,21.146921,23.39622,20.156445,21.557726,21.149946,23.31196,21.145061,23.350313,17.325476,17.1618,20.438679,22.89926,21.121872,22.472849,21.172045,23.120167,21.932722,25.480293,0.0,4.0,4.0,0.0,0.0,0.0,0.0,0.0
113,2023.0,1.0,1.0,18.0,21.082544,23.120207,18.849245,18.971132,21.066036,23.000872,21.068186,23.051548,17.21776,17.061026,18.403034,18.667755,21.06082,22.249788,21.075819,22.786816,18.821644,18.836695,4.0,4.0,4.0,0.0,0.0,0.0,0.0,0.0
114,2023.0,1.0,1.0,19.0,21.063707,23.011312,20.213991,21.800247,21.088562,22.961708,21.09036,23.01131,17.120337,16.962713,17.284039,17.126976,21.044468,22.173119,21.059822,22.681383,17.349277,16.992641,0.0,0.0,0.0,0.0,0.0,0.0,0.0,0.0
115,2023.0,1.0,1.0,19.0,21.064718,22.95627,18.53507,18.41966,21.057793,22.798021,21.059877,22.849562,17.0349,16.879124,17.060188,16.888464,21.04534,22.138557,21.060436,22.62426,17.251795,17.092384,0.0,4.0,4.0,0.0,0.0,0.0,0.0,0.0
116,2023.0,1.0,1.0,19.0,21.063208,22.907562,18.270025,18.5302,21.061335,22.745045,21.088339,22.866865,16.957695,16.801706,17.309853,17.458843,21.014267,22.029308,21.058605,22.574404,17.174784,17.025377,4.0,4.0,0.0,0.0,4.0,4.0,0.0,0.0
117,2023.0,1.0,1.0,19.0,21.150452,23.045835,20.291906,22.134703,21.153757,22.902407,21.057531,22.735872,16.890814,16.736822,20.377747,22.579971,21.12598,22.22568,21.019808,22.432894,17.066477,16.921955,0.0,0.0,4.0,0.0,4.0,0.0,4.0,0.0
118,2023.0,1.0,1.0,19.0,21.035748,22.764986,18.74298,18.95656,21.054102,22.638475,21.06208,22.707722,16.830063,16.677042,20.03372,21.730694,21.026339,21.965668,21.040699,22.425352,17.898945,18.58054,0.0,4.0,4.0,0.0,0.0,4.0,4.0,4.0
119,2023.0,1.0,1.0,19.0,21.066652,22.827787,17.825779,17.733517,21.083683,22.68532,21.085197,22.742346,16.775621,16.62367,18.196114,17.985046,21.061535,22.030107,21.076872,22.489714,20.26999,22.459818,0.0,0.0,0.0,0.0,0.0,0.0,0.0,4.0
120,2023.0,1.0,1.0,20.0,21.049881,22.720287,17.538597,17.396605,21.05162,22.570864,21.05378,22.627876,16.724632,16.57261,17.870417,18.02413,21.024654,21.910854,21.068016,22.43402,20.007343,21.668291,0.0,4.0,4.0,0.0,4.0,4.0,0.0,4.0
121,2023.0,1.0,1.0,20.0,21.080091,22.763752,17.366161,17.225151,21.05754,22.560799,21.059683,22.615788,16.678787,16.527925,20.340073,22.184254,21.030634,21.908098,21.068756,22.401543,20.187704,21.869635,0.0,4.0,4.0,0.0,4.0,4.0,0.0,0.0
122,2023.0,1.0,1.0,20.0,21.07371,22.716473,17.220636,17.076708,21.056461,22.540543,21.083097,22.660809,16.634653,16.483767,20.041334,21.500706,21.05989,21.972754,21.068087,22.371367,18.992342,19.373444,0.0,4.0,0.0,0.0,0.0,0.0,0.0,4.0
123,2023.0,1.0,1.0,20.0,21.073763,22.686823,17.547615,17.793415,21.056175,22.523584,21.077494,22.62425,16.5934,16.44271,18.32365,18.058828,21.05455,21.94206,21.052994,22.346252,20.198917,21.767338,4.0,4.0,0.0,0.0,0.0,0.0,0.0,4.0
124,2023.0,1.0,1.0,20.0,21.03013,22.589212,20.25,22.543325,21.055742,22.507446,21.077456,22.600458,16.553993,16.402876,17.642584,17.41928,21.054667,21.924076,21.054478,22.347935,20.050274,21.391737,4.0,4.0,0.0,0.0,0.0,0.0,0.0,0.0
125,2023.0,1.0,1.0,20.0,21.080761,22.683687,20.04428,21.828028,21.0803,22.561073,21.058538,22.5788,17.26185,17.767027,17.50497,17.305155,21.038689,21.907461,21.014694,22.237646,19.112902,19.466183,0.0,0.0,0.0,4.0,0.0,0.0,4.0,4.0
126,2023.0,1.0,1.0,21.0,21.07185,22.640223,18.522598,18.686514,21.049774,22.460518,21.060835,22.589594,20.315922,22.890373,17.727863,17.869751,21.010342,21.839691,21.076591,22.363134,20.217882,21.696648,4.0,4.0,0.0,0.0,4.0,4.0,0.0,0.0
127,2023.0,1.0,1.0,21.0,21.158648,22.788954,20.238958,22.158926,21.16488,22.69593,21.201948,22.853794,17.914305,17.774788,20.369015,22.32861,21.13457,22.087051,21.182878,22.549458,19.173794,19.521496,0.0,0.0,4.0,0.0,0.0,0.0,0.0,4.0
128,2023.0,1.0,1.0,21.0,21.027636,22.519855,18.651133,18.817299,21.048862,22.424347,21.064774,22.59738,16.789433,16.370893,18.611376,18.763943,21.05353,21.901093,21.0663,22.2894,20.247448,21.65571,4.0,4.0,0.0,0.0,0.0,0.0,0.0,0.0
129,2023.0,1.0,1.0,21.0,21.053097,22.549147,20.23434,22.067413,21.054596,22.42517,21.053356,22.513632,16.815838,16.639221,17.630945,17.450579,21.05426,21.884506,21.011541,22.16405,18.469418,18.175558,4.0,4.0,4.0,0.0,0.0,0.0,4.0,0.0
130,2023.0,1.0,1.0,21.0,21.049973,22.52887,20.026852,21.474924,21.053703,22.414297,21.081423,22.564093,17.558407,18.063187,17.375847,17.177282,21.037586,21.868279,21.076265,22.303291,17.597363,17.13681,4.0,4.0,0.0,4.0,0.0,0.0,0.0,0.0
131,2023.0,1.0,1.0,21.0,21.076574,22.58853,20.077856,21.47961,21.05377,22.405436,21.05085,22.46038,20.293283,22.630589,17.22237,17.02676,21.039642,21.881304,21.064974,22.260586,17.312975,16.855158,0.0,4.0,4.0,0.0,0.0,0.0,0.0,0.0
132,2023.0,1.0,1.0,22.0,21.070833,22.556534,18.408484,18.201656,21.078764,22.46533,21.081486,22.52723,18.021637,17.844486,17.098116,16.908499,21.039585,21.886595,21.066017,22.244236,17.37503,17.187353,0.0,0.0,0.0,0.0,0.0,0.0,0.0,0.0
133,2023.0,1.0,1.0,22.0,21.043457,22.46306,17.726706,17.539335,21.072483,22.436922,21.074585,22.497232,16.90227,16.439177,16.980911,16.784325,21.008518,21.809528,21.06472,22.225868,17.333023,17.168001,0.0,0.0,0.0,0.0,0.0,4.0,0.0,0.0
134,2023.0,1.0,1.0,22.0,21.049686,22.465757,17.548328,17.380428,21.073391,22.422144,21.050802,22.41497,17.579775,17.96909,16.880161,16.685673,21.061712,21.910236,21.049768,22.213402,17.989714,18.508646,0.0,0.0,4.0,4.0,0.0,0.0,0.0,4.0
135,2023.0,1.0,1.0,22.0,21.049082,22.45764,17.366041,17.199966,21.053724,22.40706,21.056034,22.417843,20.337402,22.539324,16.787422,16.593023,21.053984,21.870577,21.051647,22.22581,20.283014,22.3754,0.0,0.0,4.0,0.0,0.0,0.0,0.0,0.0
136,2023.0,1.0,1.0,22.0,21.048733,22.448193,17.654417,17.87547,21.03119,22.355028,21.08039,22.479235,18.0474,17.833336,16.701841,16.506294,21.024387,21.773567,21.051565,22.229624,18.125671,17.879854,4.0,4.0,0.0,0.0,0.0,4.0,0.0,0.0
137,2023.0,1.0,1.0,22.0,21.075415,22.511953,20.27632,22.453688,21.036135,22.37767,21.075245,22.455877,17.56118,17.622118,16.622097,16.423458,21.059547,21.855259,21.0512,22.229683,17.14011,16.682722,4.0,4.0,0.0,4.0,0.0,0.0,0.0,0.0
138,2023.0,1.0,1.0,23.0,21.06989,22.485086,20.028963,21.689411,21.055687,22.385754,21.07573,22.443996,20.4051,22.455292,16.858356,16.925524,21.053854,21.829626,21.051363,22.228477,17.169134,16.983078,4.0,4.0,0.0,4.0,4.0,0.0,0.0,0.0
139,2023.0,1.0,1.0,23.0,19.399975,19.267855,18.507664,18.601368,19.309978,19.048275,19.681362,19.794924,18.155724,17.930275,16.984192,17.073961,19.708092,19.233576,19.717846,19.660803,17.142658,16.975025,4.0,0.0,0.0,0.0,4.0,0.0,0.0,0.0
140,2023.0,1.0,1.0,23.0,19.00303,18.9367,17.426216,16.85899,18.448364,17.81003,18.969011,18.790539,17.325813,16.78806,16.70446,16.540989,19.524942,19.240482,19.170317,18.955757,17.058233,16.888453,0.0,0.0,0.0,0.0,0.0,0.0,0.0,0.0
141,2023.0,1.0,1.0,23.0,18.807476,18.777811,17.483894,17.22822,18.103216,17.45345,18.657576,18.465221,17.069624,16.536173,16.561956,16.363855,20.20249,20.657898,18.918524,18.70816,16.977127,16.807713,4.0,0.0,0.0,0.0,0.0,4.0,0.0,0.0
142,2023.0,1.0,1.0,23.0,18.60362,18.573778,16.997711,16.422821,18.220377,17.947693,18.417364,18.22174,17.166367,16.935377,16.488838,16.285727,19.874474,19.929192,18.710766,18.502602,16.900562,16.729534,0.0,0.0,0.0,0.0,0.0,4.0,0.0,0.0
143,2023.0,1.0,1.0,23.0,18.432955,18.407188,17.166182,16.930368,18.852455,19.258606,18.922812,19.348963,17.12264,16.931805,16.721771,16.773064,19.099447,18.567453,18.536942,18.335503,16.829908,16.658903,4.0,4.0,4.0,0.0,4.0,0.0,0.0,0.0
144,2023.0,1.0,2.0,0.0,18.28326,18.262074,16.751087,16.212729,17.960546,17.514156,18.402887,18.3762,17.634863,17.990437,16.525158,16.36358,18.760351,18.154476,18.384846,18.190182,16.764244,16.593498,0.0,0.0,0.0,4.0,0.0,0.0,0.0,0.0
145,2023.0,1.0,2.0,0.0,18.8851,19.514326,16.47679,15.861368,17.502008,16.886787,17.680496,17.149614,17.172949,17.023834,16.387667,16.185568,18.571365,17.962261,19.217993,19.880976,16.70135,16.52941,0.0,0.0,0.0,0.0,0.0,0.0,4.0,0.0
146,2023.0,1.0,2.0,0.0,18.376291,18.501593,16.665651,16.385424,17.309769,16.694342,17.360203,16.764034,17.552622,17.902893,16.321833,16.115738,19.179235,19.248499,18.19227,17.77596,16.64233,16.469765,0.0,0.0,0.0,4.0,0.0,4.0,0.0,0.0
147,2023.0,1.0,2.0,0.0,17.71108,17.3548,16.707775,16.515211,17.489546,17.21737,17.511936,17.257935,16.79601,16.350548,16.264015,16.05591,18.573313,18.020575,17.770653,17.254242,17.302513,17.760082,0.0,0.0,0.0,0.0,0.0,0.0,0.0,4.0
148,2023.0,1.0,2.0,0.0,17.44017,17.026625,16.644743,16.4574,17.496225,17.291862,17.498152,17.311457,16.451162,15.937701,16.210093,15.999959,18.293844,17.691322,17.592869,17.078566,16.788776,16.64059,0.0,0.0,0.0,0.0,0.0,0.0,0.0,0.0
149,2023.0,1.0,2.0,0.0,17.634434,17.571737,16.577244,16.390501,17.416676,17.216953,17.403496,17.220566,16.91806,16.942268,16.15897,15.947077,18.166502,17.567514,17.737217,17.519178,16.355982,15.928293,0.0,0.0,0.0,4.0,0.0,0.0,0.0,0.0
150,2023.0,1.0,2.0,1.0,17.621994,17.601986,16.511595,16.32564,17.336092,17.138884,17.31101,17.129976,16.446058,15.985879,16.110508,15.89734,18.389822,18.130814,17.706453,17.50439,16.187565,15.736048,0.0,0.0,0.0,0.0,0.0,0.0,0.0,0.0
151,2023.0,1.0,2.0,1.0,17.545925,17.524948,16.444605,16.255148,17.253408,17.054115,17.2179,17.033976,16.198797,15.684864,16.060995,15.843791,18.392937,18.15018,17.627167,17.422247,16.361,16.187752,0.0,0.0,0.0,0.0,0.0,0.0,0.0,0.0
152,2023.0,1.0,2.0,1.0,17.47184,17.450872,16.382345,16.191618,17.176832,16.97777,17.13241,16.948545,16.38691,16.183365,16.01399,15.794272,18.337774,18.09295,17.550276,17.343687,16.342802,16.15914,0.0,0.0,0.0,0.0,0.0,0.0,0.0,0.0
153,2023.0,1.0,2.0,1.0,17.402542,17.384281,16.325459,16.136301,17.107023,16.911163,17.055063,16.874643,16.37446,16.173763,15.96986,15.749598,18.283854,18.038782,17.47831,17.272478,17.032137,17.493855,0.0,0.0,0.0,0.0,0.0,0.0,0.0,4.0
154,2023.0,1.0,2.0,1.0,17.329756,17.307514,16.264791,16.07107,17.033897,16.83439,16.974762,16.790161,16.321201,16.117365,15.922479,15.697698,18.226093,17.97673,17.404716,17.19475,16.971113,17.177433,0.0,0.0,0.0,0.0,0.0,0.0,0.0,4.0
155,2023.0,1.0,2.0,1.0,17.266268,17.246035,16.212,16.019325,16.970184,16.773085,16.905708,16.723444,16.2698,16.06578,15.879633,15.654227,18.173693,17.924025,17.338854,17.129372,16.284754,15.8713,0.0,0.0,0.0,0.0,0.0,0.0,0.0,0.0
156,2023.0,1.0,2.0,2.0,17.197918,17.171814,16.152996,15.953221,16.900799,16.697548,16.831085,16.641876,16.213558,16.004225,15.832139,15.600959,18.117596,17.862595,17.270308,17.055805,16.003103,15.515604,0.0,0.0,0.0,0.0,0.0,0.0,0.0,0.0
157,2023.0,1.0,2.0,2.0,17.138895,17.113638,16.103819,15.905117,16.841867,16.640516,16.767784,16.580475,16.16309,15.953066,16.108448,16.156136,18.067152,17.811228,17.208742,16.993788,15.886286,15.403989,0.0,0.0,0.0,0.0,4.0,0.0,0.0,0.0
158,2023.0,1.0,2.0,2.0,17.081879,17.056932,16.055376,15.856535,16.784365,16.583866,16.705994,16.519598,16.11388,15.902932,15.860326,15.626372,18.017942,17.760891,17.149506,16.933949,16.07493,15.878708,0.0,0.0,0.0,0.0,0.0,0.0,0.0,0.0
159,2023.0,1.0,2.0,2.0,17.022923,16.994175,16.003815,15.799931,16.72409,16.519615,16.641369,16.450756,16.063198,15.848563,15.759351,15.520857,17.967237,17.706419,17.089619,16.870794,16.07111,15.872471,0.0,0.0,0.0,0.0,0.0,0.0,0.0,0.0
160,2023.0,1.0,2.0,2.0,16.968422,16.938444,15.956747,15.75123,16.66884,16.463648,16.582348,16.39103,16.015537,15.799119,15.709759,15.469305,17.919292,17.65651,17.033236,16.812925,16.030895,15.830411,0.0,0.0,0.0,0.0,0.0,0.0,0.0,0.0
161,2023.0,1.0,2.0,2.0,16.915508,16.884195,15.910557,15.703382,16.615122,16.409075,16.52517,16.333002,15.968974,15.750767,15.661624,15.4191885,17.872295,17.60754,16.97847,16.756657,15.98915,15.786881,0.0,0.0,0.0,0.0,0.0,0.0,0.0,0.0
162,2023.0,1.0,2.0,3.0,16.863966,16.831194,15.865135,15.656249,16.562737,16.355703,16.469597,16.276451,15.923364,15.703358,15.615669,15.371185,17.826115,17.559378,16.925112,16.70178,15.946513,15.742521,0.0,0.0,0.0,0.0,0.0,0.0,0.0,0.0
163,2023.0,1.0,2.0,3.0,16.814375,16.780773,15.821279,15.6115,16.512312,16.30497,16.416224,16.222773,15.879182,15.657941,15.571411,15.325529,17.781252,17.513105,16.87353,16.649181,15.904546,15.699366,0.0,0.0,0.0,0.0,0.0,0.0,0.0,0.0
164,2023.0,1.0,2.0,3.0,16.765991,16.731462,15.778218,15.5675,16.463083,16.25533,16.364256,16.170399,15.836003,15.613531,15.528333,15.281059,17.737263,17.46771,16.82327,16.597904,15.863063,15.656715,0.0,0.0,0.0,0.0,0.0,0.0,0.0,0.0
165,2023.0,1.0,2.0,3.0,16.734169,16.714165,15.739763,15.53202,16.418737,16.214355,16.317577,16.127296,15.796145,15.574883,15.4890995,15.243384,17.69643,17.427862,16.776525,16.552479,16.554092,16.992706,0.0,0.0,0.0,0.0,0.0,0.0,0.0,4.0
166,2023.0,1.0,2.0,3.0,16.696873,16.681408,15.697955,15.489172,16.37146,16.166466,16.268078,16.077105,15.754717,15.532216,15.44779,15.200683,17.653997,17.384027,16.728556,16.503466,16.044933,15.876795,0.0,0.0,0.0,0.0,0.0,0.0,0.0,0.0
167,2023.0,1.0,2.0,3.0,16.652182,16.634483,15.655512,15.444555,16.32382,16.117002,16.21855,16.02554,15.713169,15.488603,15.4062395,15.1568365,17.611345,17.33914,16.680645,16.453646,15.608072,15.134069,0.0,0.0,0.0,0.0,0.0,0.0,0.0,0.0
168,2023.0,1.0,2.0,4.0,16.609655,16.591614,15.615543,15.404445,16.279022,16.072489,16.172073,15.979274,15.6739235,15.448941,15.367105,15.117212,17.570927,17.298147,16.635302,16.408113,16.206,16.38141,0.0,0.0,0.0,0.0,0.0,0.0,0.0,4.0
169,2023.0,1.0,2.0,4.0,16.56956,16.553226,15.578303,15.369385,16.236994,16.032867,16.128351,15.9378805,16.206863,16.48226,15.330715,15.082551,17.533333,17.262291,16.592636,16.367182,15.628842,15.165263,0.0,0.0,0.0,4.0,0.0,0.0,0.0,0.0
170,2023.0,1.0,2.0,4.0,16.530214,16.515026,15.542037,15.335098,16.195827,15.993675,16.085625,15.896975,15.808692,15.60567,15.593027,15.605021,17.496584,17.226881,16.550835,16.32657,15.413195,14.926839,0.0,0.0,0.0,0.0,4.0,0.0,0.0,0.0
171,2023.0,1.0,2.0,4.0,16.491985,16.477898,15.506771,15.301806,16.155624,15.955514,16.043821,15.857145,15.670385,15.4483,15.365858,15.111496,17.460743,17.192505,16.510128,16.287191,15.603612,15.401522,0.0,0.0,0.0,0.0,0.0,0.0,0.0,0.0
172,2023.0,1.0,2.0,4.0,16.455633,16.443945,15.473609,15.271727,16.117485,15.920718,16.004145,15.820831,15.621651,15.402579,15.572526,15.581115,17.426548,17.160778,16.471283,16.250744,16.333647,16.77413,0.0,0.0,0.0,0.0,4.0,0.0,0.0,4.0
173,2023.0,1.0,2.0,4.0,16.419214,16.409517,15.440593,15.241345,16.079544,15.885615,15.964894,15.7843275,15.5765085,15.359573,15.368616,15.139934,17.392576,17.128965,16.432781,16.214314,15.576241,15.158367,0.0,0.0,0.0,0.0,0.0,0.0,0.0,0.0
174,2023.0,1.0,2.0,5.0,16.380083,16.369297,15.404539,15.204286,16.038507,15.8436775,15.922806,15.740998,15.532557,15.314515,15.25558,15.012781,17.35667,17.09282,16.3924,16.17354,15.308789,14.8325205,0.0,0.0,0.0,0.0,0.0,0.0,0.0,0.0
175,2023.0,1.0,2.0,5.0,16.34333,16.33344,15.371615,15.173315,16.00091,15.80817,15.8841915,15.704419,15.493092,15.276389,15.531179,15.569217,17.322535,17.059864,16.35402,16.136312,15.501369,15.314083,0.0,0.0,0.0,0.0,4.0,0.0,0.0,0.0
176,2023.0,1.0,2.0,5.0,16.307432,16.299267,15.338883,15.14274,15.963865,15.773578,15.845973,15.668713,15.455575,15.240764,15.291139,15.059188,17.289051,17.02812,16.31649,16.100582,16.218296,16.662874,0.0,0.0,0.0,0.0,0.0,0.0,0.0,4.0
177,2023.0,1.0,2.0,5.0,16.27041,16.262697,15.305102,15.109748,15.925752,15.736566,15.806889,15.630637,15.418,15.204042,15.184745,14.944978,17.254835,16.994787,16.278316,16.063347,15.460933,15.049233,0.0,0.0,0.0,0.0,0.0,0.0,0.0,0.0
178,2023.0,1.0,2.0,5.0,16.230225,16.21963,15.267378,15.068923,15.883959,15.691921,15.764271,15.584912,15.378386,15.162439,15.137708,14.896638,17.218218,16.956522,16.237823,16.021261,15.190848,14.717567,0.0,0.0,0.0,0.0,0.0,0.0,0.0,0.0
179,2023.0,1.0,2.0,5.0,16.195269,16.186796,15.235848,15.040635,15.848431,15.659658,15.727894,15.551821,15.930309,16.232487,15.394131,15.415179,17.185396,16.925777,16.201115,15.986593,15.367327,15.167808,0.0,0.0,0.0,4.0,4.0,0.0,0.0,0.0
180,2023.0,1.0,2.0,6.0,16.158493,16.149942,15.2017975,15.007033,15.810514,15.62236,15.6888895,15.513477,15.516243,15.325361,15.168556,14.933172,17.151232,16.892155,16.163187,15.949231,15.367089,15.168822,0.0,0.0,0.0,0.0,0.0,0.0,0.0,0.0
181,2023.0,1.0,2.0,6.0,21.054998,24.753155,15.170612,14.97873,20.946835,24.622358,20.899439,24.633,15.37864,15.167045,15.069633,14.833116,21.110603,23.60572,21.600958,25.0994,15.332315,15.135304,0.0,0.0,0.0,0.0,0.0,0.0,0.0,0.0
182,2023.0,1.0,2.0,6.0,21.010519,24.086163,15.136261,14.946537,21.008818,24.121666,21.0099,24.216719,15.3237705,15.113598,15.024052,14.791061,21.682453,24.361952,22.205534,25.7229,15.296831,15.101252,0.0,0.0,0.0,0.0,0.0,0.0,0.0,0.0
183,2023.0,1.0,2.0,6.0,21.09203,23.877722,15.103037,14.916105,21.096392,23.89191,21.07759,23.924118,15.281252,15.073561,15.00103,14.788023,20.976778,22.789377,20.896488,23.016956,16.019176,16.491682,0.0,0.0,4.0,0.0,0.0,0.0,0.0,4.0
184,2023.0,1.0,2.0,6.0,21.080147,23.609093,15.548788,15.778843,21.0835,23.597696,21.09138,23.703072,15.246643,15.040924,15.004085,14.818086,21.074131,22.816498,21.446447,23.941032,20.39113,23.91412,4.0,0.0,0.0,0.0,0.0,0.0,0.0,0.0
185,2023.0,1.0,2.0,6.0,21.778532,24.411343,20.15408,23.62954,21.773264,24.36688,21.605803,24.231415,15.217339,15.013853,15.004103,14.835826,21.468634,23.365425,22.12552,24.751986,17.175957,17.040049,0.0,0.0,0.0,0.0,0.0,0.0,0.0,0.0
186,2023.0,1.0,2.0,7.0,21.067308,23.243462,17.694746,18.223766,21.065475,23.187796,20.969765,22.961971,15.193115,14.992024,15.225683,15.257242,20.980385,22.33047,21.171734,23.078604,16.488373,16.660858,0.0,0.0,0.0,0.0,4.0,0.0,0.0,4.0
187,2023.0,1.0,2.0,7.0,21.051468,23.115833,16.085905,16.002956,21.07991,23.129929,21.095736,23.16696,15.170067,14.970745,20.270065,23.601454,21.066668,22.455486,21.071476,22.816471,20.499968,23.461222,0.0,0.0,0.0,0.0,0.0,0.0,0.0,0.0
188,2023.0,1.0,2.0,7.0,21.079235,23.138212,15.753163,15.583477,21.076294,23.055298,21.076525,23.080055,15.14742,14.949844,17.627462,18.066652,21.056068,22.393652,21.069038,22.765535,17.489319,17.308872,0.0,0.0,0.0,0.0,0.0,0.0,0.0,0.0
189,2023.0,1.0,2.0,7.0,21.145935,23.145435,15.5752945,15.372712,21.155998,23.14962,21.159351,23.193129,15.123908,14.926989,16.369211,16.489277,21.115992,22.472857,21.141651,22.86409,16.417812,16.209824,0.0,0.0,0.0,0.0,4.0,0.0,0.0,0.0
190,2023.0,1.0,2.0,7.0,21.085806,22.994987,15.476974,15.287148,21.0394,22.857267,21.04171,22.905275,15.102707,14.908341,20.253042,23.234327,21.048584,22.310442,21.057688,22.665709,17.1771,17.808931,0.0,4.0,4.0,0.0,0.0,0.0,0.0,4.0
191,2023.0,1.0,2.0,7.0,21.090446,22.954988,15.858039,16.076538,21.079676,22.929012,21.0819,22.9814,15.079838,14.88688,18.157005,18.709543,21.055643,22.302858,21.068108,22.66213,20.35005,23.167074,4.0,0.0,0.0,0.0,4.0,0.0,0.0,0.0
192,2023.0,1.0,2.0,8.0,21.86177,24.318497,20.29209,23.695179,21.839872,24.236843,22.210096,24.720238,15.834989,16.329622,20.33086,22.996277,21.605175,23.167704,21.836294,23.945812,17.528158,17.290976,4.0,0.0,0.0,4.0,0.0,4.0,0.0,0.0
193,2023.0,1.0,2.0,8.0,19.7116,19.98985,20.029957,22.664701,19.27114,19.067509,19.598486,19.4784,20.439358,23.94722,17.649189,17.461891,19.833694,19.770334,19.411566,19.36333,17.155258,17.459959,4.0,0.0,0.0,0.0,0.0,0.0,0.0,4.0
194,2023.0,1.0,2.0,8.0,18.507942,18.495565,20.113626,22.50299,18.163424,17.908447,18.892412,19.241163,17.203129,17.159489,16.14257,15.5124035,18.65655,18.035393,18.50481,18.282454,20.444315,23.035664,0.0,0.0,4.0,0.0,0.0,0.0,0.0,0.0
195,2023.0,1.0,2.0,8.0,18.09276,18.046701,17.943115,18.077593,18.519281,18.861086,18.29519,18.231623,16.336731,16.45407,16.0748,15.752683,18.19567,17.525944,18.136002,17.90228,17.691633,17.47985,4.0,4.0,0.0,4.0,0.0,0.0,0.0,0.0
196,2023.0,1.0,2.0,8.0,17.85558,17.794561,20.245535,22.49099,17.94437,17.82735,17.445679,16.837057,20.41822,23.426603,16.462309,16.572042,18.321821,17.996534,18.950953,19.636734,16.73253,16.188486,0.0,0.0,0.0,0.0,4.0,0.0,4.0,0.0
197,2023.0,1.0,2.0,8.0,18.365072,18.956104,17.860731,17.677282,17.736332,17.687857,16.938461,16.263945,17.455288,17.315006,20.44952,23.262753,18.291998,18.027815,17.891743,17.429728,16.640911,16.388615,0.0,4.0,0.0,0.0,0.0,0.0,0.0,0.0
198,2023.0,1.0,2.0,9.0,18.505539,19.154697,17.24176,17.382362,17.011034,16.434042,17.003948,16.686592,15.98974,15.48042,18.02602,18.314049,18.155289,17.89513,17.222656,16.670767,17.448538,18.06754,4.0,0.0,0.0,0.0,0.0,0.0,0.0,4.0
199,2023.0,1.0,2.0,9.0,18.080166,18.348188,20.260368,22.831059,16.631308,15.951324,16.970387,16.728336,16.760689,17.197235,16.927334,16.66251,18.778471,19.16983,18.03081,18.38819,20.331959,22.991838,0.0,0.0,0.0,4.0,0.0,4.0,4.0,4.0
200,2023.0,1.0,2.0,9.0,17.838783,18.07062,18.205048,18.526958,16.403975,15.732754,16.82997,16.597471,20.294239,23.158976,16.585398,16.321178,17.933731,17.381796,17.30063,16.811,20.026005,22.083258,0.0,0.0,0.0,0.0,0.0,0.0,0.0,4.0
201,2023.0,1.0,2.0,9.0,17.740217,17.977392,16.899115,16.751423,17.284378,17.597935,17.398323,17.78538,18.034323,18.309885,16.3456,16.087107,18.216436,18.274532,16.803549,16.266483,20.063623,21.958496,0.0,4.0,4.0,4.0,0.0,4.0,0.0,4.0
202,2023.0,1.0,2.0,9.0,16.964153,16.601303,16.96383,17.132273,17.00861,16.903797,17.015419,16.95998,20.437885,22.937246,16.148726,15.89625,18.378912,18.449848,17.652945,18.043713,20.091965,21.90506,4.0,0.0,0.0,0.0,0.0,4.0,4.0,0.0
203,2023.0,1.0,2.0,9.0,17.272148,17.45765,20.218924,22.956726,16.956676,16.958935,16.26181,15.707964,18.231594,18.454275,16.387291,16.496965,18.361458,18.432114,17.93339,18.308693,18.595747,18.883694,0.0,4.0,0.0,4.0,4.0,4.0,4.0,4.0
204,2023.0,1.0,2.0,10.0,17.42774,17.676807,18.06482,18.38518,16.983425,17.012428,16.604277,16.57123,21.406004,24.251503,20.391544,23.195847,17.656237,17.119644,16.976467,16.500193,21.5874,24.397884,0.0,4.0,4.0,4.0,0.0,0.0,0.0,0.0
205,2023.0,1.0,2.0,10.0,17.411306,17.673548,16.725985,16.572401,16.296062,15.766249,16.797022,16.848066,19.893938,21.444536,17.999603,18.297474,18.0409,18.120184,16.513783,15.9920025,18.819191,18.67665,0.0,0.0,4.0,0.0,0.0,4.0,0.0,0.0
206,2023.0,1.0,2.0,10.0,16.689007,16.353327,16.837288,17.009178,16.598593,16.57164,16.130959,15.621353,17.823452,17.456074,16.608942,16.415483,17.530369,17.014158,17.399488,17.810566,18.01348,18.225222,4.0,4.0,0.0,0.0,0.0,0.0,4.0,4.0
207,2023.0,1.0,2.0,10.0,17.104773,17.308748,20.221174,23.046795,16.082453,15.574958,15.818365,15.203894,17.674345,17.656332,16.314137,16.063068,18.005392,18.092875,16.642845,16.200472,20.303354,22.355656,0.0,0.0,0.0,4.0,0.0,4.0,0.0,0.0
208,2023.0,1.0,2.0,10.0,17.295292,17.578594,17.937794,18.136553,16.421736,16.418806,16.366392,16.362217,20.368002,22.431782,16.11861,15.874735,18.187988,18.28433,16.220984,15.724999,18.687622,18.996775,4.0,4.0,4.0,0.0,0.0,4.0,0.0,4.0
209,2023.0,1.0,2.0,10.0,17.277874,17.56204,20.21371,22.773048,16.639935,16.722754,15.926654,15.435807,17.941996,17.655115,15.961274,15.720124,17.502089,16.9911,16.093548,15.599016,20.303854,22.306778,0.0,4.0,0.0,0.0,0.0,0.0,0.0,0.0
210,2023.0,1.0,2.0,11.0,16.566158,16.25644,18.08134,18.251225,16.654049,16.747437,15.581886,15.002185,16.713436,16.144663,15.832782,15.60053,17.90656,18.009888,17.065134,17.517561,18.02985,17.741888,4.0,4.0,0.0,0.0,0.0,4.0,4.0,0.0
211,2023.0,1.0,2.0,11.0,16.991253,17.22427,20.226856,22.370733,15.985355,15.510456,15.470057,14.888819,16.691568,16.40403,15.740527,15.509417,18.047318,18.164402,17.33465,17.789484,17.16782,16.587948,0.0,0.0,0.0,0.0,0.0,4.0,4.0,0.0
212,2023.0,1.0,2.0,11.0,16.469316,16.156675,17.97784,17.82797,16.313013,16.3413,16.421757,16.803095,16.604048,16.37216,15.649374,15.42624,18.071754,18.188108,16.439224,16.024687,17.066166,16.786852,0.0,4.0,4.0,0.0,0.0,4.0,0.0,0.0
213,2023.0,1.0,2.0,11.0,16.153654,15.732821,17.251806,16.983135,16.481964,16.604242,16.772978,17.306412,16.454733,16.219921,15.573366,15.344473,18.09551,18.215643,16.111689,15.61072,16.934448,16.691616,0.0,4.0,4.0,0.0,0.0,4.0,0.0,0.0
214,2023.0,1.0,2.0,11.0,16.048391,15.657883,17.015814,16.785501,15.821941,15.360964,15.892265,15.559936,16.329157,16.111433,15.874719,15.96547,17.387817,16.872932,17.081259,17.545,16.77721,16.555346,0.0,0.0,0.0,0.0,4.0,0.0,4.0,0.0
215,2023.0,1.0,2.0,11.0,16.24915,16.169203,17.236141,17.399065,15.538899,14.977703,15.487695,14.952676,16.208788,15.99623,20.170885,23.122189,17.885494,17.990211,17.327808,17.796656,16.62909,16.41458,4.0,0.0,0.0,0.0,0.0,4.0,4.0,0.0
216,2023.0,1.0,2.0,12.0,16.317295,16.305422,20.257133,22.814484,15.41327,14.857425,15.319043,14.773464,16.08195,15.874556,17.855314,18.224892,17.371038,16.865274,16.423365,16.024092,16.47583,16.269686,4.0,0.0,0.0,0.0,0.0,0.0,0.0,0.0
217,2023.0,1.0,2.0,12.0,22.422783,26.998795,20.060022,22.111624,21.260279,25.22901,20.586508,24.053843,16.784678,17.307945,16.354597,16.153418,22.085567,25.168032,21.492393,24.995016,16.333515,16.128826,0.0,4.0,0.0,4.0,0.0,4.0,0.0,0.0
218,2023.0,1.0,2.0,12.0,20.867212,23.567287,18.141607,18.21469,21.019522,24.102283,21.068163,24.346811,20.354572,23.376884,16.446741,16.559986,21.358194,23.559156,21.843773,25.128431,16.213133,16.013668,4.0,4.0,0.0,0.0,4.0,0.0,0.0,0.0
219,2023.0,1.0,2.0,12.0,21.258965,24.000483,20.324339,22.633835,21.21242,24.066504,21.208996,24.22412,17.494202,17.32639,20.418493,23.280548,21.160692,22.970116,21.894325,24.714218,16.114063,15.92008,4.0,4.0,0.0,0.0,0.0,4.0,0.0,0.0
220,2023.0,1.0,2.0,12.0,21.141024,23.54406,20.05501,21.887964,21.108156,23.594374,21.08714,23.710909,16.880537,17.02624,18.018024,18.303629,21.125347,22.736723,20.934,22.798481,16.031792,15.84367,0.0,0.0,0.0,4.0,0.0,4.0,0.0,0.0
221,2023.0,1.0,2.0,12.0,21.100872,23.330313,18.272367,18.316566,21.079105,23.320213,21.085852,23.524454,20.463696,23.074211,16.659603,16.472376,21.079891,22.546381,21.090302,23.013214,15.96144,15.778577,4.0,4.0,0.0,4.0,0.0,0.0,0.0,0.0
222,2023.0,1.0,2.0,13.0,21.38643,23.652742,20.254164,22.373426,21.154198,23.331816,21.15421,23.529297,20.018442,22.024181,16.74916,16.874166,21.249775,22.742516,21.181065,23.11613,15.899697,15.721726,0.0,4.0,0.0,4.0,4.0,0.0,0.0,0.0
223,2023.0,1.0,2.0,13.0,21.076944,23.079403,18.012775,17.808609,21.078575,23.07737,21.082094,23.285425,21.155714,23.695803,20.433794,23.088198,21.075218,22.376093,21.06946,22.826447,15.842388,15.6652,0.0,4.0,0.0,0.0,0.0,0.0,0.0,0.0
224,2023.0,1.0,2.0,13.0,21.09414,23.065117,17.04836,16.807253,21.076994,22.997969,21.056759,23.141104,18.617771,18.449528,18.137129,18.404768,21.052029,22.307333,21.068323,22.773535,15.79119,15.616884,0.0,4.0,4.0,0.0,0.0,0.0,0.0,0.0
225,2023.0,1.0,2.0,13.0,21.061869,22.922386,16.846,16.626972,21.074707,22.93376,21.084139,23.161465,17.034662,16.454098,16.819992,16.62307,21.023867,22.210974,21.066656,22.728697,15.744395,15.572075,0.0,4.0,0.0,0.0,0.0,4.0,0.0,0.0
226,2023.0,1.0,2.0,13.0,21.066092,22.89086,17.139017,17.361917,21.072695,22.88222,21.073376,23.03225,16.936277,16.674526,16.488235,16.244696,21.076916,22.286407,21.06528,22.691832,15.701721,15.531663,4.0,4.0,4.0,0.0,0.0,0.0,0.0,0.0
227,2023.0,1.0,2.0,13.0,21.065662,22.859018,20.233002,22.852694,21.072685,22.842722,21.076952,22.9778,16.815445,16.581694,16.29481,16.054985,21.06805,22.225903,21.065561,22.66336,15.6633415,15.496792,4.0,4.0,4.0,0.0,0.0,0.0,0.0,0.0
228,2023.0,1.0,2.0,14.0,21.09086,22.90284,20.02722,22.09108,21.095865,22.874645,21.074408,22.927534,16.63601,16.408785,16.137743,15.898937,21.036531,22.110836,21.06416,22.636438,15.625106,15.459913,4.0,0.0,4.0,0.0,0.0,4.0,0.0,0.0
229,2023.0,1.0,2.0,14.0,19.526308,19.845293,20.09711,22.01996,19.414028,19.589476,19.2937,19.479351,16.489927,16.279043,16.019348,15.792194,19.371168,18.922495,19.367516,19.351416,15.591025,15.429403,0.0,4.0,4.0,0.0,0.0,0.0,0.0,0.0
230,2023.0,1.0,2.0,14.0,18.124462,17.777689,17.993917,17.839352,18.539974,18.546322,18.395084,18.428852,16.357628,16.15551,15.915793,15.697536,19.273867,19.299202,18.462866,18.254036,15.554101,15.394204,0.0,4.0,4.0,0.0,0.0,4.0,0.0,0.0
231,2023.0,1.0,2.0,14.0,18.355938,18.533848,17.336302,17.075706,17.658506,17.0975,18.152613,18.183165,16.255543,16.057049,15.837474,15.623337,18.568285,17.992605,18.161161,17.928534,15.518516,15.3592415,0.0,0.0,4.0,0.0,0.0,0.0,0.0,0.0
232,2023.0,1.0,2.0,14.0,18.324352,18.565758,17.610546,17.821598,17.21035,16.565111,17.968674,18.011951,16.15803,15.963629,16.18664,16.352757,18.201756,17.565443,17.93622,17.705845,15.481399,15.322473,4.0,0.0,4.0,0.0,4.0,0.0,0.0,0.0
233,2023.0,1.0,2.0,14.0,18.22281,18.489737,20.222462,22.560976,17.634327,17.590582,17.823795,17.887829,16.073267,15.88715,20.186964,23.147303,18.020145,17.402,17.756353,17.54153,15.4458475,15.289211,0.0,4.0,4.0,0.0,0.0,0.0,0.0,0.0
234,2023.0,1.0,2.0,15.0,17.433756,17.132626,18.682602,19.26869,17.718826,17.770443,17.033293,16.560654,16.736923,17.222319,18.226624,18.830269,18.145685,17.850386,18.616953,19.343979,15.405767,15.25055,4.0,4.0,0.0,4.0,4.0,0.0,4.0,0.0
235,2023.0,1.0,2.0,15.0,17.048338,16.642132,20.23012,22.218445,16.9903,16.493748,16.632807,16.05195,20.727907,24.187347,20.399067,22.6701,18.142076,17.904306,17.566092,17.185097,15.367119,15.211175,0.0,0.0,0.0,0.0,0.0,0.0,0.0,0.0
236,2023.0,1.0,2.0,15.0,16.825872,16.431276,18.421282,18.52649,17.210117,17.204079,17.067701,17.07993,17.555773,17.473787,18.298111,18.512217,18.047367,17.820223,16.953558,16.464928,15.323974,15.167921,4.0,4.0,4.0,0.0,0.0,0.0,0.0,0.0
237,2023.0,1.0,2.0,15.0,17.398926,17.64129,20.234854,22.03074,16.647104,16.16334,17.17165,17.274761,16.49418,15.956163,17.313293,17.056082,17.961927,17.738283,16.761385,16.263563,15.283454,15.126532,4.0,0.0,4.0,0.0,0.0,0.0,0.0,0.0
238,2023.0,1.0,2.0,15.0,17.56542,17.866901,20.040321,21.55483,16.93,16.950071,16.445808,15.9705,17.21844,17.659502,16.948057,16.683683,17.863413,17.636736,16.861397,16.637085,15.238685,15.081094,4.0,4.0,0.0,4.0,0.0,0.0,0.0,0.0
239,2023.0,1.0,2.0,15.0,16.837614,16.54224,20.07287,21.554909,17.07611,17.163408,16.0433,15.483195,20.267416,22.814407,16.692883,16.43766,18.516687,18.952347,16.851961,16.665714,15.193506,15.035748,4.0,4.0,0.0,0.0,0.0,4.0,0.0,0.0
240,2023.0,1.0,2.0,16.0,17.18342,17.440857,20.085485,21.546997,16.38516,15.910254,16.55424,16.590391,17.746042,17.573975,16.483297,16.23698,17.732233,17.248642,16.758678,16.57242,15.147039,14.988672,0.0,0.0,4.0,0.0,0.0,0.0,0.0,0.0
241,2023.0,1.0,2.0,16.0,17.35468,17.6663,18.221266,17.942469,15.97566,15.391697,16.745588,16.856657,17.12432,17.218008,16.30572,16.070414,17.266989,16.69076,16.656876,16.467789,15.097247,14.935499,0.0,0.0,4.0,4.0,0.0,0.0,0.0,0.0
242,2023.0,1.0,2.0,16.0,17.329771,17.63226,18.10071,18.172842,16.50764,16.504093,16.719877,16.824377,20.377268,22.913298,16.550465,16.651945,17.907581,18.016806,16.569069,16.375586,15.050165,14.884273,4.0,4.0,4.0,0.0,4.0,4.0,0.0,0.0
243,2023.0,1.0,2.0,16.0,16.5877,16.26661,20.215221,22.083344,16.044504,15.544192,16.010546,15.530136,18.280993,18.501556,20.402952,23.118345,17.411592,16.90429,17.49133,18.188572,15.366264,15.16064,0.0,0.0,0.0,4.0,0.0,0.0,4.0,0.0
244,2023.0,1.0,2.0,16.0,16.92671,17.145573,18.897882,19.365705,16.358776,16.349028,15.605712,15.013011,20.409142,22.622213,18.06969,18.346498,17.811142,17.918055,16.61222,16.200851,15.134335,14.969733,4.0,4.0,0.0,4.0,0.0,4.0,0.0,0.0
245,2023.0,1.0,2.0,16.0,17.102648,17.36931,20.244343,22.066336,16.54726,16.605852,15.4347725,14.824755,20.055798,21.877514,16.687021,16.471022,17.981949,18.073704,16.08018,15.579501,15.031735,14.853674,4.0,4.0,0.0,0.0,0.0,4.0,0.0,0.0
246,2023.0,1.0,2.0,17.0,17.092573,17.356543,20.044622,21.539198,15.865758,15.340635,15.639604,15.361398,17.828453,17.468884,16.340563,16.09361,17.27967,16.744411,15.901371,15.387776,15.002764,14.858242,4.0,0.0,0.0,0.0,0.0,0.0,0.0,0.0
247,2023.0,1.0,2.0,17.0,17.069937,17.32633,20.091942,21.563063,16.198895,16.192316,15.715214,15.504594,16.636803,16.00049,16.131823,15.881447,16.889063,16.266699,15.766664,15.248997,15.006358,14.900617,0.0,4.0,0.0,0.0,0.0,0.0,0.0,0.0
248,2023.0,1.0,2.0,17.0,17.041634,17.291586,18.463814,18.365458,16.366041,16.405449,16.394419,16.824205,17.334557,17.695358,15.967994,15.719209,17.530312,17.604446,15.943789,15.717294,15.006387,14.928031,4.0,4.0,4.0,4.0,0.0,4.0,0.0,0.0
249,2023.0,1.0,2.0,17.0,16.295343,15.914682,20.241007,22.021288,16.356903,16.392302,16.04793,15.990106,20.346548,22.759218,15.814717,15.560306,17.040052,16.486975,15.976529,15.760683,15.006907,14.950634,4.0,4.0,0.0,4.0,0.0,0.0,0.0,0.0
250,2023.0,1.0,2.0,17.0,15.892432,15.404742,20.05682,21.536716,16.330698,16.358027,15.310339,14.73115,20.056585,21.982092,15.675033,15.416204,17.498621,17.607141,15.921655,15.703604,15.007574,14.969846,0.0,4.0,0.0,0.0,0.0,4.0,0.0,0.0
251,2023.0,1.0,2.0,17.0,15.753934,15.268396,18.404617,18.278843,16.30135,16.321688,15.023016,14.382846,17.737364,17.353268,15.558046,15.301664,16.960487,16.405308,15.865722,15.6465845,15.008132,14.98631,4.0,4.0,0.0,0.0,0.0,0.0,0.0,0.0
252,2023.0,1.0,2.0,18.0,16.384954,16.546368,20.246489,22.071367,16.268211,16.280909,15.246292,14.95222,16.526037,15.864854,15.445484,15.184126,17.329449,17.34558,16.849886,17.544601,15.008564,15.000747,0.0,4.0,0.0,0.0,0.0,4.0,4.0,0.0
253,2023.0,1.0,2.0,18.0,21.159575,24.78825,18.399107,18.293653,21.040596,24.630417,20.742556,24.50877,16.494808,16.189283,15.711955,15.767817,21.314154,23.95276,20.84597,24.146524,15.009182,15.013751,4.0,4.0,0.0,0.0,4.0,4.0,0.0,0.0
254,2023.0,1.0,2.0,18.0,21.086569,24.0875,20.332054,22.29262,21.054922,24.079012,21.039877,24.431599,17.231604,17.693933,20.39624,23.548965,21.356281,23.709295,21.543577,24.830791,15.866638,15.3186035,4.0,4.0,0.0,4.0,0.0,4.0,0.0,0.0
255,2023.0,1.0,2.0,18.0,21.094122,23.732168,20.057695,21.588888,21.103989,23.784916,21.082893,24.066523,20.333826,22.960543,17.736025,18.029417,21.032166,22.880186,21.04148,23.524036,15.001895,14.985415,0.0,4.0,4.0,0.0,0.0,0.0,0.0,0.0
256,2023.0,1.0,2.0,18.0,21.083183,23.466103,18.336111,18.172354,21.092064,23.500053,21.07416,23.76742,17.587027,17.249647,16.194244,15.954278,21.09477,22.816143,21.089167,23.41358,15.009821,15.010131,4.0,4.0,4.0,0.0,0.0,0.0,0.0,0.0
257,2023.0,1.0,2.0,18.0,21.149885,23.429007,20.248856,22.082525,21.154156,23.458511,21.152721,23.694145,16.961426,16.952682,15.876911,15.595915,21.116608,22.70056,22.378403,25.492012,15.7566,16.417984,4.0,0.0,0.0,4.0,0.0,4.0,0.0,4.0
258,2023.0,1.0,2.0,19.0,21.079832,23.163773,20.042261,21.516964,21.083145,23.157278,21.088823,23.36747,20.462984,22.927757,15.690459,15.406015,21.088827,22.56242,20.900225,22.585941,20.019587,23.560862,4.0,4.0,4.0,0.0,0.0,0.0,4.0,0.0
259,2023.0,1.0,2.0,19.0,21.103142,23.136436,20.078215,21.495708,21.086449,23.063967,21.09159,23.24439,17.670214,17.297686,15.548041,15.267251,21.08194,22.467041,21.130615,23.000181,16.735884,16.56809,4.0,4.0,4.0,0.0,0.0,0.0,0.0,0.0
260,2023.0,1.0,2.0,19.0,21.096632,23.045862,20.072983,21.426418,21.084167,22.98458,21.113035,23.210424,16.292841,15.602829,15.427832,15.1504345,21.051851,22.325808,22.832176,25.913681,15.17547,14.64096,4.0,4.0,0.0,0.0,0.0,4.0,0.0,0.0
261,2023.0,1.0,2.0,19.0,21.069988,22.91389,20.090717,21.436378,21.082586,22.922834,21.082718,23.053627,16.323702,16.024357,15.710814,15.774976,21.08495,22.368874,20.890839,22.234177,15.171026,14.948516,0.0,4.0,4.0,0.0,4.0,0.0,0.0,0.0
262,2023.0,1.0,2.0,19.0,21.073992,22.88153,18.430674,18.206657,21.081415,22.873539,21.086723,23.005098,17.019718,17.40307,20.461535,23.676102,21.078594,22.31599,21.097828,22.707924,16.100904,16.75236,4.0,4.0,4.0,4.0,4.0,0.0,0.0,4.0
263,2023.0,1.0,2.0,19.0,21.164293,23.048857,20.247547,21.973108,21.164984,23.020687,21.164192,23.131836,21.57447,24.894705,20.031975,22.530075,21.125566,22.359552,21.18806,22.919157,20.238474,23.688576,0.0,0.0,0.0,0.0,4.0,4.0,0.0,0.0
264,2023.0,1.0,2.0,20.0,21.09151,22.865633,18.10982,17.675228,21.073807,22.7791,21.077745,22.892603,18.186588,17.955393,20.118616,22.35516,21.052845,22.194584,21.07226,22.69948,16.927864,16.705402,0.0,4.0,4.0,0.0,0.0,4.0,0.0,0.0
265,2023.0,1.0,2.0,20.0,21.065954,22.76359,17.26766,16.895815,21.103498,22.828716,21.10715,22.935413,17.121304,17.098913,17.80124,17.633108,21.082277,22.257574,21.033588,22.602537,16.290253,16.545462,0.0,0.0,0.0,4.0,4.0,0.0,4.0,4.0
266,2023.0,1.0,2.0,20.0,21.16553,22.961264,17.098366,16.771385,21.15696,22.886786,21.160675,23.007282,21.398895,24.332039,20.374039,22.670761,21.127457,22.326073,21.19805,22.899498,20.782024,24.099129,0.0,4.0,0.0,0.0,0.0,0.0,4.0,0.0
267,2023.0,1.0,2.0,20.0,21.06385,22.71201,17.333689,17.393354,21.077587,22.703907,21.075647,22.78297,18.242512,17.943632,17.669706,17.288588,21.047495,22.12675,21.097189,22.699091,17.361446,17.13457,4.0,4.0,4.0,0.0,0.0,4.0,0.0,0.0
268,2023.0,1.0,2.0,20.0,21.166718,22.920637,20.25311,22.597288,21.101671,22.753107,21.080647,22.770395,16.53265,15.815466,16.56213,16.223738,21.133802,22.308296,21.090134,22.65814,15.693456,15.092802,4.0,0.0,4.0,0.0,0.0,0.0,0.0,0.0
269,2023.0,1.0,2.0,20.0,21.06134,22.671703,20.034395,21.838638,21.069645,22.648426,21.079388,22.751705,16.52183,16.223791,16.347649,16.022253,21.044676,22.094738,21.089462,22.631607,15.653786,15.41469,4.0,4.0,4.0,0.0,0.0,4.0,0.0,0.0
270,2023.0,1.0,2.0,21.0,21.068558,22.675417,20.078484,21.72204,21.10128,22.714462,21.104145,22.806274,16.418783,16.127748,16.518902,16.560581,21.05123,22.099518,21.087858,22.606771,15.539545,15.29733,4.0,0.0,0.0,0.0,4.0,4.0,0.0,0.0
271,2023.0,1.0,2.0,21.0,21.095291,22.739603,20.077827,21.58786,21.095192,22.68193,21.099075,22.776028,16.244965,15.9656105,20.360044,23.01954,21.081278,22.16963,21.0681,22.591614,15.378307,15.145225,4.0,0.0,0.0,0.0,0.0,0.0,0.0,0.0
272,2023.0,1.0,2.0,21.0,21.089804,22.713757,20.093307,21.539165,21.09574,22.663956,21.099144,22.755846,16.079403,15.80076,17.959549,18.126884,21.046371,22.064878,21.070393,22.608778,15.229069,14.9963045,0.0,0.0,0.0,0.0,0.0,4.0,0.0,0.0
273,2023.0,1.0,2.0,21.0,21.090107,22.699373,18.35656,18.123472,21.043806,22.577805,21.0717,22.737034,15.935872,15.659307,16.538946,16.256416,21.081322,22.14509,21.070257,22.614756,15.10006,14.867621,4.0,4.0,0.0,0.0,0.0,0.0,0.0,0.0
274,2023.0,1.0,2.0,21.0,21.197184,22.93155,20.24871,22.008541,21.196932,22.910206,21.185665,22.966103,15.806466,15.529419,16.178614,15.859881,21.128656,22.223856,21.2453,22.940447,15.955771,16.581282,4.0,4.0,4.0,0.0,0.0,0.0,4.0,4.0
275,2023.0,1.0,2.0,21.0,21.098417,22.726124,20.060701,21.506838,21.078247,22.632092,21.05527,22.719065,15.690497,15.413478,15.943472,15.6234045,21.075745,22.101343,21.099394,22.633698,20.273125,23.623692,0.0,4.0,4.0,0.0,0.0,0.0,0.0,0.0
276,2023.0,1.0,2.0,22.0,21.089148,22.688835,18.002382,17.487774,21.099737,22.669584,21.106714,22.796703,16.331297,16.708393,15.759309,15.44575,21.05196,22.087759,21.086224,22.577143,16.844353,16.583786,0.0,0.0,0.0,4.0,0.0,0.0,0.0,0.0
277,2023.0,1.0,2.0,22.0,21.090406,22.672464,17.67188,17.638721,21.095074,22.632944,21.073769,22.67475,20.496304,23.60185,15.592283,15.276308,21.055002,22.113243,21.08982,22.55881,15.983222,16.008995,4.0,0.0,4.0,4.0,0.0,0.0,0.0,4.0
278,2023.0,1.0,2.0,22.0,21.063927,22.652046,20.24082,22.273869,21.09551,22.60918,21.104652,22.730618,20.056242,22.447529,15.433664,15.109241,21.025314,22.047531,21.066854,22.535954,20.550894,23.80262,4.0,0.0,0.0,0.0,0.0,4.0,0.0,4.0
279,2023.0,1.0,2.0,22.0,21.04106,22.603514,20.053066,21.659897,21.06747,22.587568,21.073828,22.623034,17.284658,16.80184,15.291862,14.962908,21.055035,22.073183,21.069899,22.55355,20.021814,22.522367,4.0,0.0,4.0,0.0,0.0,4.0,0.0,4.0
280,2023.0,1.0,2.0,22.0,21.07397,22.704985,20.080349,21.569233,21.04467,22.541384,21.1041,22.684128,16.573133,16.380577,15.161875,14.824182,21.050865,22.042475,21.028,22.45007,20.085514,22.380991,4.0,4.0,0.0,4.0,0.0,4.0,4.0,4.0
281,2023.0,1.0,2.0,22.0,21.093477,22.695084,20.097406,21.520641,21.080286,22.571232,21.098331,22.650423,20.447006,22.997164,15.053997,14.716957,21.082523,22.10484,21.10171,22.58912,20.1121,22.269522,0.0,4.0,0.0,4.0,0.0,0.0,0.0,0.0
282,2023.0,1.0,2.0,23.0,21.090837,22.65267,17.953678,17.348112,21.076054,22.53599,21.070393,22.632648,20.048895,22.05761,15.235559,15.141323,21.077257,22.069412,21.089836,22.533852,17.369995,16.851767,0.0,4.0,0.0,0.0,4.0,0.0,0.0,0.0
283,2023.0,1.0,2.0,23.0,19.468882,19.56119,17.17134,16.695332,18.84628,18.277443,19.320517,19.302706,17.497957,16.955633,15.053259,14.758486,19.188206,18.426004,18.852087,18.21418,16.044258,15.321693,0.0,0.0,0.0,0.0,0.0,0.0,0.0,0.0
284,2023.0,1.0,2.0,23.0,18.680878,18.457174,17.02262,16.602173,17.735283,16.676943,18.418913,18.024122,16.946749,16.545252,15.013775,14.778531,18.958988,18.499987,18.420475,18.017052,16.074041,15.739479,0.0,0.0,0.0,0.0,0.0,0.0,0.0,0.0
285,2023.0,1.0,2.0,23.0,18.281788,18.057556,16.79938,16.390724,17.924328,17.48587,17.967058,17.566769,16.745996,16.401642,15.009914,14.822026,18.82465,18.427866,18.166637,17.814205,15.946667,15.660662,0.0,4.0,0.0,0.0,0.0,0.0,0.0,0.0
286,2023.0,1.0,2.0,23.0,17.98675,17.773052,16.598772,16.199833,17.199224,16.255182,17.637197,17.248402,16.490646,16.166798,15.010765,14.861754,18.605587,18.229412,17.872215,17.541168,15.736367,15.459451,0.0,0.0,0.0,0.0,0.0,0.0,0.0,0.0
287,2023.0,1.0,2.0,23.0,17.72953,17.510614,16.410574,16.00787,16.67134,15.650735,17.34996,16.95502,16.253597,15.931111,15.012014,14.89418,18.388592,18.002865,17.600319,17.271242,15.531307,15.251311,0.0,0.0,0.0,0.0,0.0,0.0,0.0,0.0
288,2023.0,1.0,3.0,0.0,17.530922,17.328268,16.261007,15.871315,16.91885,16.44001,17.12892,16.752007,16.060263,15.744934,15.011605,14.917837,18.213123,17.837063,17.378328,17.059982,15.362594,15.091081,0.0,0.0,0.0,0.0,0.0,0.0,0.0,0.0
289,2023.0,1.0,3.0,0.0,17.351034,17.154625,16.120188,15.733925,16.91932,16.514206,16.928967,16.559145,15.884775,15.572254,15.012493,14.940023,18.05389,17.679968,18.17892,18.747665,15.208831,14.939293,0.0,0.0,0.0,0.0,0.0,0.0,4.0,0.0
290,2023.0,1.0,3.0,0.0,17.184536,16.987484,15.986471,15.597657,16.782112,16.386244,16.744621,16.37434,16.295732,16.482237,15.030676,14.981169,18.66548,18.964624,18.000736,18.13328,15.066377,14.79424,0.0,0.0,0.0,4.0,4.0,4.0,4.0,0.0
291,2023.0,1.0,3.0,0.0,17.059917,16.86496,15.88466,15.495168,16.66396,16.271252,16.607023,16.239086,15.826018,15.527252,15.011105,14.970152,17.599962,16.806625,16.992424,16.338137,15.000944,14.768734,0.0,0.0,0.0,0.0,0.0,0.0,0.0,0.0
292,2023.0,1.0,3.0,0.0,16.922123,16.724998,15.77238,15.381102,16.531378,16.139402,16.457293,16.089699,15.510762,15.191464,15.015149,14.993435,17.047792,16.175032,16.402363,15.646816,15.593473,15.963491,0.0,0.0,0.0,0.0,0.0,0.0,0.0,4.0
293,2023.0,1.0,3.0,0.0,16.789122,16.586428,15.667778,15.275142,16.40721,16.016808,16.320723,15.953842,15.379749,15.058382,14.999051,14.967767,16.861958,15.987762,16.132616,15.373491,15.123674,14.894642,0.0,0.0,0.0,0.0,4.0,0.0,0.0,0.0
294,2023.0,1.0,3.0,1.0,16.670038,16.465902,15.569216,15.174032,16.289742,15.899682,16.193962,15.826328,15.260036,14.936003,15.004311,14.995005,17.181986,16.784037,15.928761,15.172441,15.035416,14.930918,0.0,0.0,0.0,0.0,4.0,0.0,0.0,0.0
295,2023.0,1.0,3.0,1.0,16.564936,16.36443,15.4778385,15.0809145,16.180517,15.791382,16.077614,15.70987,15.149831,14.823597,15.021323,15.05189,17.227861,16.839958,16.179186,15.853663,15.025727,14.941689,0.0,0.0,0.0,0.0,0.0,0.0,0.0,0.0
296,2023.0,1.0,3.0,1.0,16.482462,16.297731,15.394961,14.99903,16.081463,15.695885,15.972953,15.608124,15.634378,15.822005,15.016597,15.054348,17.161072,16.773848,16.182539,15.854999,15.012018,14.969189,0.0,0.0,0.0,4.0,0.0,0.0,0.0,0.0
297,2023.0,1.0,3.0,1.0,16.391665,16.206285,15.315446,14.918978,15.986906,15.60305,15.873666,15.509907,15.265965,14.976669,15.017602,15.066251,17.08932,16.700901,16.094528,15.767684,15.015375,15.015772,0.0,0.0,0.0,0.0,0.0,0.0,0.0,0.0
298,2023.0,1.0,3.0,1.0,16.29804,16.106361,15.233279,14.829667,15.890864,15.501871,15.773493,15.403761,15.033952,14.705028,15.033952,15.108656,17.015472,16.622442,15.9987545,15.667639,15.025284,15.070844,0.0,0.0,0.0,0.0,0.0,0.0,0.0,0.0
299,2023.0,1.0,3.0,1.0,16.218304,16.030281,15.168214,14.77135,15.813109,15.432903,16.439922,16.732412,15.006595,14.7516775,15.015485,15.079193,16.950865,16.560577,15.913944,15.586885,15.013357,15.068694,0.0,0.0,4.0,0.0,0.0,0.0,0.0,0.0
300,2023.0,1.0,3.0,2.0,16.13427,15.942818,15.098232,14.699989,15.731209,15.351323,16.026447,15.79455,15.010071,14.811656,15.01968,15.096948,16.883894,16.491806,15.827443,15.499032,15.016814,15.097557,0.0,0.0,0.0,0.0,0.0,0.0,0.0,0.0
301,2023.0,1.0,3.0,2.0,16.058292,15.86828,15.033842,14.637385,15.655586,15.279023,15.182836,14.339861,15.010264,14.853335,15.019496,15.106063,16.821487,16.430294,15.746838,15.419716,15.016895,15.117026,0.0,0.0,0.0,0.0,0.0,0.0,0.0,0.0
302,2023.0,1.0,3.0,2.0,15.97919,15.783874,15.002302,14.635307,15.577031,15.197201,15.013857,14.27427,15.016584,14.903233,15.012172,15.089132,16.757853,16.363903,15.665489,15.335261,15.0317745,15.165641,0.0,0.0,0.0,0.0,4.0,0.0,0.0,0.0
303,2023.0,1.0,3.0,2.0,15.918469,15.732957,15.005157,14.682699,15.511461,15.138512,15.262293,14.866898,15.01075,14.914035,15.024471,15.137396,16.70126,16.309847,15.593455,15.266587,15.3332615,15.726868,0.0,0.0,0.0,0.0,0.0,0.0,0.0,4.0
304,2023.0,1.0,3.0,2.0,15.867158,15.697555,15.005485,14.719415,15.446951,15.079142,15.301674,14.9431095,15.012605,14.94194,15.020429,15.139398,17.428133,17.734404,16.578098,17.182545,14.975014,15.047133,0.0,0.0,0.0,0.0,0.0,4.0,4.0,0.0
305,2023.0,1.0,3.0,2.0,15.807337,15.638071,15.006169,14.752115,15.383419,15.017686,15.252601,14.901897,15.012971,14.963916,15.021427,15.149758,16.97102,16.643995,15.583805,14.934317,15.043253,15.179995,0.0,0.0,0.0,0.0,0.0,0.0,0.0,0.0
306,2023.0,1.0,3.0,3.0,15.739021,15.564012,15.007054,14.781789,15.319437,14.953647,15.190643,14.84055,15.013811,14.984774,15.022223,15.161151,16.233932,15.403562,15.019048,14.298093,15.031797,15.156367,0.0,0.0,0.0,0.0,0.0,0.0,0.0,0.0
307,2023.0,1.0,3.0,3.0,15.6777725,15.503753,15.012647,14.820946,15.25995,14.898276,15.131987,14.785663,15.025325,15.0271,15.042975,15.211894,15.956352,15.101409,15.009988,14.436087,15.033459,15.193455,0.0,0.0,0.0,0.0,0.0,0.0,0.0,0.0
308,2023.0,1.0,3.0,3.0,15.633196,15.473677,15.00715,14.831622,15.210294,14.860368,15.083278,14.74784,15.012032,15.014543,15.019164,15.171921,16.30629,15.933008,15.177342,14.845285,15.316511,15.725093,0.0,0.0,0.0,0.0,0.0,0.0,0.0,4.0
309,2023.0,1.0,3.0,3.0,15.580451,15.423445,15.008683,14.857717,15.158747,14.816443,15.032805,14.704173,15.015175,15.036276,15.023093,15.19001,16.374514,16.000792,15.203257,14.892242,14.985637,15.08887,0.0,0.0,0.0,0.0,0.0,0.0,0.0,0.0
310,2023.0,1.0,3.0,3.0,15.529999,15.378172,15.015696,14.895453,15.106886,14.770104,15.000979,14.695162,15.027461,15.076669,15.044068,15.241243,16.338434,15.969753,15.160713,14.855135,15.065456,15.261522,0.0,0.0,0.0,0.0,0.0,0.0,0.0,0.0
311,2023.0,1.0,3.0,3.0,15.489653,15.3508005,15.017016,14.916508,15.05878,14.729842,15.003725,14.7461815,15.028052,15.085884,15.043348,15.241143,16.302755,15.93964,15.111484,14.811047,15.035833,15.222194,0.0,0.0,0.0,0.0,0.0,0.0,0.0,0.0
312,2023.0,1.0,3.0,4.0,16.253866,16.83144,15.269969,15.395059,15.015308,14.697408,15.004435,14.7786665,15.013434,15.071619,15.020065,15.207168,16.269306,15.913443,15.064885,14.7718935,15.018953,15.224711,4.0,0.0,0.0,0.0,0.0,0.0,0.0,0.0
313,2023.0,1.0,3.0,4.0,15.801054,15.761001,14.981767,14.866701,15.002513,14.720369,15.005299,14.812269,15.016107,15.089226,15.022961,15.222013,16.235752,15.885862,15.017043,14.728846,15.021428,15.253187,0.0,0.0,0.0,0.0,0.0,0.0,0.0,0.0
314,2023.0,1.0,3.0,4.0,14.990853,14.483237,15.015243,14.96057,15.004231,14.761326,15.005787,14.842464,15.015924,15.100615,15.022629,15.229777,16.203588,15.860046,15.002753,14.746786,15.021379,15.272327,0.0,0.0,0.0,0.0,0.0,0.0,0.0,0.0
315,2023.0,1.0,3.0,4.0,15.027402,14.635266,15.00992,14.972012,15.004954,14.796,15.006854,14.87169,15.016163,15.112803,15.022482,15.237595,16.17224,15.834815,15.005434,14.7838545,15.021563,15.28896,0.0,0.0,0.0,0.0,0.0,0.0,0.0,0.0
316,2023.0,1.0,3.0,4.0,15.231078,15.120154,15.011014,14.994056,15.005626,14.827293,15.007214,14.897734,15.017151,15.125419,15.022232,15.244417,16.142113,15.8109,15.005662,14.810972,15.020765,15.301305,0.0,0.0,0.0,0.0,0.0,0.0,0.0,0.0
317,2023.0,1.0,3.0,4.0,15.2674,15.184671,15.021189,15.034781,15.008856,14.864366,15.01265,14.935162,15.030795,15.164739,15.044066,15.295369,16.113707,15.789395,15.007035,14.841264,15.041352,15.356023,0.0,0.0,0.0,0.0,0.0,0.0,0.0,0.0
318,2023.0,1.0,3.0,5.0,15.237323,15.161561,15.020987,15.048826,15.009527,14.890117,15.013724,14.958141,15.032316,15.17233,15.043409,15.292485,16.086044,15.76822,15.008688,14.864309,15.041244,15.3591175,0.0,0.0,0.0,0.0,0.0,0.0,0.0,0.0
319,2023.0,1.0,3.0,5.0,15.196081,15.121697,15.010098,15.044873,15.006501,14.9067745,15.00752,14.966677,15.014596,15.149927,15.018845,15.254428,16.056454,15.742463,15.005469,14.875731,15.25877,15.751027,0.0,0.0,0.0,0.0,0.0,0.0,0.0,4.0
320,2023.0,1.0,3.0,5.0,15.149273,15.072951,15.012554,15.066616,15.00778,14.932169,15.009263,14.990822,15.018165,15.167873,15.023252,15.270356,16.025642,15.714891,15.007936,14.898486,14.954611,15.14215,0.0,0.0,0.0,0.0,0.0,0.0,0.0,4.0
321,2023.0,1.0,3.0,5.0,15.103968,15.02838,15.024129,15.107142,15.013524,14.967614,15.016862,15.027579,15.03376,15.210306,15.017591,15.248749,15.995951,15.689341,15.012323,14.9269705,15.069463,15.41812,0.0,0.0,0.0,0.0,4.0,0.0,0.0,0.0
322,2023.0,1.0,3.0,5.0,15.0724745,15.010826,15.023459,15.116746,15.014521,14.988079,15.017465,15.04501,15.03474,15.216544,15.044742,15.333002,15.966208,15.66327,15.013282,14.94279,15.066515,15.380439,0.0,0.0,0.0,0.0,0.0,0.0,0.0,0.0
323,2023.0,1.0,3.0,5.0,15.037848,14.982938,15.024222,15.132091,15.015598,15.009617,15.018852,15.06575,15.034893,15.225929,15.044222,15.326601,15.936371,15.6370735,15.013792,14.959195,15.041141,15.359421,0.0,0.0,0.0,0.0,0.0,0.0,0.0,0.0
324,2023.0,1.0,3.0,6.0,14.995818,14.944141,15.011693,15.12183,15.008256,15.0136385,15.008973,15.063979,15.015158,15.199492,15.01921,15.287313,15.906513,15.610734,15.007379,14.96144,15.259942,15.767796,0.0,0.0,0.0,0.0,0.0,0.0,0.0,4.0
325,2023.0,1.0,3.0,6.0,20.146484,23.94163,15.014092,15.140438,20.0422,23.77941,19.881847,23.472898,15.019191,15.218086,15.023671,15.302667,19.909094,22.400745,20.343943,23.944008,19.24943,22.59534,0.0,0.0,0.0,0.0,0.0,0.0,0.0,0.0
326,2023.0,1.0,3.0,6.0,21.025454,24.894804,15.014168,15.15343,20.998247,24.865953,21.00234,24.900318,15.018555,15.224382,15.023065,15.306563,20.815449,23.786459,21.132265,24.969814,16.097847,15.921351,0.0,0.0,0.0,0.0,0.0,0.0,0.0,0.0
327,2023.0,1.0,3.0,6.0,21.112972,24.567436,15.014451,15.16613,21.123348,24.586023,21.124964,24.625813,15.017933,15.225679,15.022949,15.309242,21.259024,24.178133,21.919956,25.863949,15.033945,14.957459,0.0,0.0,0.0,0.0,0.0,0.0,0.0,0.0
328,2023.0,1.0,3.0,6.0,21.089417,24.198145,15.014952,15.178729,21.092157,24.184359,21.094927,24.234888,15.017781,15.2250805,15.0226145,15.31043,21.640541,24.525827,22.402168,26.276934,15.019982,15.06353,0.0,0.0,0.0,0.0,0.0,0.0,0.0,0.0
329,2023.0,1.0,3.0,6.0,21.100584,23.995436,15.01521,15.190364,21.104511,23.970177,21.106922,24.027018,15.018234,15.224653,15.023086,15.312757,22.21295,25.152843,22.777693,26.572073,15.019327,15.145714,0.0,0.0,0.0,0.0,0.0,4.0,0.0,0.0
330,2023.0,1.0,3.0,7.0,21.095947,23.824457,15.015456,15.201571,21.0993,23.786446,21.102089,23.850546,15.018017,15.228343,15.023092,15.31447,20.9353,22.686184,21.887451,24.79637,15.0198,15.203259,0.0,0.0,0.0,0.0,0.0,0.0,0.0,0.0
331,2023.0,1.0,3.0,7.0,21.094124,23.701223,15.015776,15.212589,21.097319,23.653284,21.100275,23.723284,15.331579,15.80035,15.022935,15.317532,21.117304,22.947865,20.98069,22.988964,15.019685,15.242463,0.0,0.0,0.0,4.0,0.0,0.0,0.0,0.0
332,2023.0,1.0,3.0,7.0,21.09248,23.606573,15.016028,15.223091,21.095306,23.55067,21.09832,23.625307,20.021086,23.801304,15.023054,15.321181,21.092619,22.814684,21.06514,23.136507,15.020062,15.271509,0.0,0.0,0.0,0.0,0.0,0.0,4.0,0.0
333,2023.0,1.0,3.0,7.0,21.065567,23.462353,15.016253,15.232897,21.093613,23.470001,21.096848,23.549036,16.619604,16.512804,15.023208,15.325084,21.042099,22.6746,21.1158,23.219976,15.020346,15.293014,0.0,0.0,0.0,0.0,0.0,4.0,0.0,0.0
334,2023.0,1.0,3.0,7.0,21.093288,23.48518,15.01657,15.242622,21.088932,23.399632,21.09213,23.482021,14.983783,14.62211,15.0229,15.328539,21.099102,22.745363,21.10243,23.149199,15.020077,15.308788,0.0,0.0,0.0,0.0,0.0,0.0,0.0,0.0
335,2023.0,1.0,3.0,7.0,21.11182,23.426758,15.01673,15.251839,21.067358,23.287178,21.09434,23.438196,15.690143,16.20853,15.002992,15.277651,21.72498,23.793146,21.10523,23.113138,15.020412,15.32175,0.0,4.0,0.0,4.0,4.0,0.0,0.0,0.0
336,2023.0,1.0,3.0,8.0,21.107735,23.347445,15.017125,15.260626,21.094456,23.323318,21.093092,23.395597,19.788595,23.070047,19.483934,22.883635,21.050043,22.477602,21.082928,23.07416,15.020873,15.333003,0.0,0.0,0.0,0.0,0.0,0.0,0.0,0.0
337,2023.0,1.0,3.0,8.0,18.980707,19.249693,15.056864,15.316069,18.898804,19.006844,18.799564,18.956293,16.752594,16.651588,16.951607,17.416582,19.341183,19.23822,18.89291,18.859964,15.020799,15.341703,4.0,4.0,0.0,0.0,0.0,0.0,0.0,0.0
338,2023.0,1.0,3.0,8.0,17.737673,17.67705,19.431803,22.865099,17.779627,17.66461,17.430883,17.212748,15.107721,14.593058,15.151021,14.948373,19.22465,19.614162,17.736053,17.483002,15.021249,15.352448,0.0,4.0,0.0,0.0,0.0,4.0,0.0,0.0
339,2023.0,1.0,3.0,8.0,17.265327,17.171562,16.910791,17.383957,17.431461,17.325438,16.92298,16.658022,15.056988,14.815979,15.027073,14.9909725,18.779156,18.76823,17.275448,17.012363,15.407946,16.069916,0.0,4.0,0.0,0.0,0.0,4.0,0.0,4.0
340,2023.0,1.0,3.0,8.0,17.696932,18.256113,15.233898,15.095217,17.196823,17.11719,16.587053,16.3224,15.007319,14.875866,15.019459,15.078434,18.489655,18.49492,16.943478,16.689344,20.350931,24.489594,0.0,4.0,0.0,0.0,0.0,4.0,0.0,4.0
341,2023.0,1.0,3.0,8.0,17.788961,18.4175,15.358078,15.55875,17.005997,16.949266,16.314371,16.051193,15.017189,14.996995,15.021817,15.145101,17.639807,17.040264,16.66819,16.422602,20.028305,23.33005,4.0,4.0,0.0,0.0,4.0,0.0,0.0,4.0
342,2023.0,1.0,3.0,9.0,17.317465,17.58357,20.000334,23.521986,16.852074,16.821169,16.093077,15.83901,15.473926,15.922255,19.631155,22.746464,17.147558,16.487597,16.440905,16.20993,20.13439,23.185312,4.0,4.0,0.0,4.0,0.0,0.0,0.0,0.0
343,2023.0,1.0,3.0,9.0,16.368534,16.009903,20.052452,23.109983,16.72904,16.728119,15.908037,15.662315,20.354422,24.112026,17.386284,18.05302,17.696835,17.758287,16.245632,16.028282,17.622034,18.038868,0.0,4.0,0.0,0.0,4.0,4.0,0.0,4.0
344,2023.0,1.0,3.0,9.0,16.645514,16.857452,17.349157,17.548553,16.63008,16.658785,16.47539,16.87141,17.323975,17.723442,20.25761,23.667746,17.159695,16.638931,16.07738,15.872291,20.83642,24.27784,4.0,4.0,4.0,4.0,4.0,0.0,0.0,0.0
345,2023.0,1.0,3.0,9.0,16.795513,17.099699,20.128973,23.150896,16.548237,16.60531,16.079351,16.03167,20.475103,23.747139,20.0653,22.86781,16.744074,16.158785,16.952238,17.652029,18.062918,18.485147,0.0,4.0,0.0,0.0,0.0,0.0,4.0,4.0
346,2023.0,1.0,3.0,9.0,16.056843,15.771614,17.681692,17.974962,16.48088,16.565033,16.051128,16.153065,17.765934,18.14686,17.193472,17.062988,17.366653,17.499435,16.055143,15.670539,20.363506,23.333479,4.0,4.0,4.0,4.0,0.0,4.0,0.0,0.0
347,2023.0,1.0,3.0,9.0,16.40518,16.695892,20.226696,23.19378,16.425222,16.535368,15.423432,14.987887,20.416384,23.370321,15.914112,15.65013,17.582731,17.740885,15.522675,15.082974,17.35281,17.246056,4.0,4.0,0.0,0.0,0.0,4.0,0.0,0.0
348,2023.0,1.0,3.0,10.0,15.883619,15.635303,20.06418,22.56179,16.378809,16.51428,15.749684,15.844404,17.402939,17.320076,15.625468,15.381353,17.602795,17.77382,15.356151,14.928081,15.850954,15.412851,0.0,4.0,4.0,0.0,0.0,4.0,0.0,0.0
349,2023.0,1.0,3.0,10.0,16.261568,16.586931,17.805101,18.014868,15.669283,15.24904,15.280824,14.888274,16.566225,16.71958,15.386518,15.160983,17.618908,17.799637,15.44766,15.246461,15.605445,15.378984,4.0,0.0,0.0,4.0,0.0,4.0,0.0,0.0
350,2023.0,1.0,3.0,10.0,15.69781,15.483059,20.25922,22.717249,15.335138,14.818318,14.998663,14.535527,20.33101,23.375422,15.221082,14.998304,16.924772,16.493347,15.436421,15.26022,15.444232,15.250816,4.0,0.0,0.0,0.0,0.0,0.0,0.0,0.0
351,2023.0,1.0,3.0,10.0,16.109219,16.47623,20.068077,22.213387,15.171716,14.674453,15.567632,15.716398,17.437159,17.388556,15.052075,14.844624,17.346018,17.554071,15.372063,15.201822,15.23409,15.060214,0.0,0.0,4.0,0.0,0.0,4.0,0.0,0.0
352,2023.0,1.0,3.0,10.0,15.632035,15.457115,18.038443,18.217613,15.28553,15.049481,15.80242,16.050222,16.154917,15.959297,15.301875,15.452817,17.544,17.76467,16.35521,17.111814,15.044329,14.88174,4.0,0.0,4.0,0.0,4.0,4.0,4.0,0.0
353,2023.0,1.0,3.0,10.0,15.346509,15.072947,20.248169,22.50946,16.035294,16.505056,15.140094,14.81853,15.897021,15.697245,19.866995,23.254753,16.814281,16.383919,15.463634,15.19221,15.00857,14.937986,0.0,4.0,0.0,0.0,0.0,0.0,0.0,0.0
354,2023.0,1.0,3.0,11.0,15.232309,14.981721,17.919012,17.88079,15.467393,15.244551,15.02051,14.809618,16.418188,16.8993,17.455303,17.959145,17.266253,17.499191,15.017735,14.677061,15.013766,15.049403,0.0,0.0,0.0,4.0,0.0,4.0,0.0,0.0
355,2023.0,1.0,3.0,11.0,15.357261,15.338517,16.75195,16.572437,15.000484,14.646487,15.01127,14.855666,20.302824,23.5721,15.751006,15.630481,17.492838,17.751163,16.05742,16.738392,15.01458,15.120369,0.0,0.0,0.0,0.0,0.0,4.0,4.0,0.0
356,2023.0,1.0,3.0,11.0,16.175447,16.891083,16.416075,16.239506,15.011547,14.746655,15.703402,16.220615,17.355953,17.401382,15.369897,15.198388,17.525997,17.793238,16.423264,17.055416,15.015063,15.172414,0.0,0.0,4.0,0.0,0.0,4.0,4.0,0.0
357,2023.0,1.0,3.0,11.0,16.237854,16.760307,16.60245,16.83092,15.801623,16.308186,16.004156,16.597454,15.809885,15.426549,15.154012,14.978068,17.555439,17.83243,15.463127,15.190722,15.015228,15.213425,4.0,4.0,4.0,0.0,0.0,4.0,0.0,0.0
358,2023.0,1.0,3.0,11.0,15.532565,15.475121,20.128902,23.123055,15.488126,15.520409,15.190168,15.011938,15.61652,15.413388,14.998348,14.847099,17.581158,17.867601,15.062263,14.748354,15.0154705,15.244312,0.0,0.0,0.0,0.0,0.0,4.0,0.0,0.0
359,2023.0,1.0,3.0,11.0,15.927222,16.418003,17.880796,18.340282,15.63819,15.939674,15.432323,15.721066,15.484589,15.316798,15.013329,14.971508,16.848907,16.483423,15.004307,14.750083,15.016093,15.269824,0.0,4.0,4.0,0.0,0.0,0.0,0.0,0.0
360,2023.0,1.0,3.0,12.0,16.14623,16.690035,16.838238,17.161125,15.784184,16.133091,15.63781,15.996545,15.322672,15.165068,15.012124,15.034801,17.32339,17.634884,15.008342,14.816055,15.016132,15.289275,4.0,4.0,4.0,0.0,0.0,4.0,0.0,0.0
361,2023.0,1.0,3.0,12.0,19.985027,23.277336,20.254763,23.221207,20.525806,24.272148,19.670685,22.908516,15.176531,15.0233965,15.01288,15.082663,21.012476,23.922052,20.582026,24.233618,15.016932,15.305068,4.0,4.0,0.0,0.0,0.0,4.0,0.0,0.0
362,2023.0,1.0,3.0,12.0,21.330647,25.165005,20.035645,22.45736,20.83265,24.317236,21.105507,24.944862,15.051758,14.902837,15.012134,15.111092,21.060383,23.650341,21.139729,24.862076,15.01594,15.309396,4.0,0.0,4.0,0.0,0.0,0.0,0.0,0.0
363,2023.0,1.0,3.0,12.0,21.426952,24.889347,20.107943,22.40037,21.152145,24.429304,21.135963,24.535395,15.003086,14.90431,15.011931,15.128295,22.019482,24.98201,22.11106,26.073826,15.592084,16.369453,0.0,4.0,0.0,0.0,0.0,4.0,0.0,4.0
364,2023.0,1.0,3.0,12.0,21.04557,23.884556,17.780685,17.788458,21.11278,24.058552,21.118196,24.177711,15.007705,14.96882,15.128312,15.345246,21.279873,23.309326,22.466549,26.295626,20.328896,24.408337,0.0,0.0,0.0,0.0,4.0,0.0,0.0,4.0
365,2023.0,1.0,3.0,12.0,21.153238,23.93576,17.119318,17.36757,21.144394,23.898933,21.14369,24.000006,15.734263,16.058022,20.339212,23.992226,21.759668,24.038435,22.02171,25.123816,20.325926,23.741438,4.0,0.0,0.0,0.0,4.0,0.0,4.0,0.0
366,2023.0,1.0,3.0,13.0,21.104233,23.698624,20.258074,23.06974,21.109055,23.663124,21.093216,23.767414,15.131156,15.023806,20.015205,23.099127,21.973171,24.19234,20.930931,22.951473,17.155214,17.19275,0.0,0.0,0.0,0.0,0.0,0.0,0.0,0.0
367,2023.0,1.0,3.0,13.0,21.10361,23.590973,18.067373,18.490522,21.087889,23.535395,21.093891,23.666153,15.671756,16.210312,17.487616,17.854633,20.95241,22.29641,21.119907,23.282389,15.58906,15.2607765,0.0,0.0,0.0,4.0,0.0,0.0,0.0,0.0
368,2023.0,1.0,3.0,13.0,21.08389,23.50303,17.11991,17.4383,21.088652,23.466557,21.068876,23.518845,20.305485,24.08359,16.08068,15.969985,21.046782,22.488413,21.093987,23.182041,15.374814,15.210596,4.0,0.0,4.0,0.0,0.0,4.0,0.0,0.0
369,2023.0,1.0,3.0,13.0,21.943382,24.76623,20.302523,23.123974,21.155046,23.523628,21.159313,23.642979,17.107819,17.233242,15.684443,15.507858,22.033037,24.155254,21.182745,23.34339,15.225473,15.082093,0.0,4.0,4.0,0.0,0.0,0.0,0.0,0.0
370,2023.0,1.0,3.0,13.0,21.036776,23.249239,17.790504,17.91541,21.066574,23.301895,21.088955,23.417816,15.498234,15.17503,15.455608,15.280744,20.943544,22.124617,21.080538,23.114214,15.062282,14.926945,0.0,4.0,4.0,0.0,0.0,0.0,0.0,0.0
371,2023.0,1.0,3.0,13.0,21.105095,23.341587,16.247478,15.8435135,21.083136,23.263403,21.084688,23.348091,15.353333,15.191249,15.285416,15.113367,21.060482,22.357111,21.079212,23.088522,15.005834,14.947821,0.0,4.0,4.0,0.0,0.0,4.0,0.0,0.0
372,2023.0,1.0,3.0,14.0,21.069557,23.213839,16.56888,16.792759,21.10364,23.267742,21.084007,23.29736,16.091888,16.685905,15.145256,14.981933,21.076187,22.416698,21.078665,23.063772,15.01108,15.035233,4.0,0.0,4.0,4.0,0.0,0.0,0.0,0.0
373,2023.0,1.0,3.0,14.0,19.273003,19.742964,20.191267,23.22105,18.759333,18.723627,18.630732,18.581524,20.184475,23.575684,15.023591,14.86739,19.902126,20.13031,19.024696,19.08877,15.010894,15.088701,0.0,0.0,0.0,0.0,0.0,4.0,0.0,0.0
374,2023.0,1.0,3.0,14.0,17.799076,17.62562,17.930847,18.398685,17.397491,16.983484,17.888391,18.049662,17.283028,17.398006,15.008733,14.932755,19.412302,19.602488,17.933722,17.762007,15.011589,15.130736,0.0,0.0,4.0,0.0,0.0,4.0,0.0,0.0
375,2023.0,1.0,3.0,14.0,17.182175,16.921696,16.473282,16.418215,17.141535,16.928885,17.075403,16.72977,15.734215,15.419622,15.008897,14.992754,19.238646,19.44101,17.502438,17.309467,15.01213,15.163159,0.0,0.0,0.0,0.0,0.0,4.0,0.0,0.0
376,2023.0,1.0,3.0,14.0,16.851597,16.593216,16.611294,16.930391,16.936644,16.760761,16.529966,16.110739,15.562005,15.398275,15.010938,15.038985,19.095415,19.309338,17.199478,17.007378,15.013151,15.189432,4.0,0.0,0.0,0.0,0.0,4.0,0.0,0.0
377,2023.0,1.0,3.0,14.0,16.824934,16.804094,20.212055,23.21022,16.719637,16.562237,16.253298,15.86,15.443717,15.30263,15.010283,15.069822,18.316288,17.958735,16.968468,16.795624,15.012707,15.208367,0.0,0.0,0.0,0.0,0.0,0.0,0.0,0.0
378,2023.0,1.0,3.0,15.0,16.731813,16.765045,18.019802,18.548075,16.521183,16.370079,16.22748,16.05256,15.310578,15.178596,15.181291,15.402457,17.833944,17.383347,16.764969,16.60092,15.013207,15.225126,0.0,0.0,0.0,0.0,4.0,0.0,0.0,0.0
379,2023.0,1.0,3.0,15.0,16.579584,16.618233,16.546902,16.52715,16.34939,16.20387,16.143717,16.018204,15.191265,15.064225,19.970951,23.348442,17.602121,17.149904,16.589897,16.433334,15.013303,15.238194,0.0,0.0,0.0,0.0,0.0,0.0,0.0,0.0
380,2023.0,1.0,3.0,15.0,16.44272,16.49123,16.156908,16.052649,16.916195,17.40104,16.006075,15.889131,15.859033,16.416544,17.342402,17.885143,18.206182,18.449865,16.43789,16.288092,15.013583,15.249366,0.0,4.0,0.0,4.0,0.0,4.0,0.0,0.0
381,2023.0,1.0,3.0,15.0,17.090431,17.813936,15.946163,15.831884,16.487722,16.491583,15.87871,15.766657,20.31583,24.011574,15.70997,15.62396,18.405966,18.691227,16.3056,16.16198,15.013777,15.258549,0.0,0.0,0.0,0.0,0.0,4.0,0.0,0.0
382,2023.0,1.0,3.0,15.0,17.331335,18.10685,15.783655,15.66908,15.905472,15.595156,16.491428,17.01783,17.712973,18.313738,15.365177,15.231142,17.672611,17.327904,16.189205,16.05124,15.014055,15.266624,0.0,0.0,4.0,4.0,0.0,0.0,0.0,0.0
383,2023.0,1.0,3.0,15.0,16.4779,16.470661,15.647175,15.534631,15.659755,15.312782,16.750916,17.356424,20.26684,23.368797,15.187286,15.049014,18.071667,18.350029,16.085737,15.95293,15.014048,15.27261,0.0,0.0,4.0,0.0,0.0,4.0,0.0,0.0
384,2023.0,1.0,3.0,16.0,16.014692,15.877287,15.996341,16.290262,15.707972,15.545639,16.551964,16.939217,17.515352,17.622004,15.050442,14.915411,17.530123,17.197676,15.992803,15.8647585,15.01423,15.277705,4.0,0.0,4.0,0.0,0.0,0.0,0.0,0.0
385,2023.0,1.0,3.0,16.0,16.58978,17.083757,20.21682,23.585997,16.429731,16.94699,16.454231,16.822723,16.765364,17.084251,15.005622,14.933969,17.171497,16.773369,15.908105,15.78372,15.0145445,15.283617,0.0,4.0,4.0,4.0,0.0,0.0,0.0,0.0
386,2023.0,1.0,3.0,16.0,16.819014,17.373371,18.085773,18.88338,16.727978,17.335838,16.427137,16.797092,20.310635,23.319645,15.00878,15.000707,17.0393,16.642694,15.831503,15.710363,15.014752,15.288573,4.0,4.0,4.0,0.0,0.0,0.0,0.0,0.0
387,2023.0,1.0,3.0,16.0,16.8425,17.39925,20.286482,23.268456,16.55509,16.948639,15.781181,15.617588,17.585007,17.64637,15.009636,15.042365,17.133024,16.935661,15.760712,15.638972,15.014539,15.292081,0.0,4.0,0.0,0.0,0.0,0.0,0.0,0.0
388,2023.0,1.0,3.0,16.0,16.850348,17.407228,17.708605,17.886726,16.471395,16.840918,15.389982,15.113001,16.349253,16.209164,15.009097,15.0687065,17.143446,16.973652,15.696378,15.575127,15.014913,15.296922,0.0,4.0,0.0,0.0,0.0,0.0,0.0,0.0
389,2023.0,1.0,3.0,16.0,16.851297,17.407282,16.186852,15.868791,16.456633,16.826515,15.955018,16.29375,16.05758,15.90495,15.009942,15.090801,17.868195,18.392189,15.637448,15.516061,15.014822,15.300741,0.0,4.0,4.0,0.0,0.0,4.0,0.0,0.0
390,2023.0,1.0,3.0,17.0,16.170752,16.1384,16.507,16.780596,16.447187,16.818993,15.5166855,15.3431225,15.845976,15.695799,15.01016,15.107417,17.943886,18.292065,15.584271,15.463264,15.014651,15.3034935,4.0,4.0,0.0,0.0,0.0,4.0,0.0,0.0
391,2023.0,1.0,3.0,17.0,15.814555,15.692178,20.20102,23.20726,16.439207,16.813923,15.191781,14.933631,15.676285,15.533827,15.010561,15.120423,17.947502,18.28991,15.537148,15.418032,15.015166,15.307394,0.0,4.0,0.0,0.0,0.0,4.0,0.0,0.0
392,2023.0,1.0,3.0,17.0,15.67911,15.55718,18.310692,19.092455,16.431742,16.809288,15.064883,14.798232,16.293652,16.828075,15.156644,15.389332,17.979641,18.322258,15.493311,15.375309,15.595606,16.378294,4.0,4.0,0.0,4.0,4.0,4.0,0.0,4.0
393,2023.0,1.0,3.0,17.0,15.599631,15.479977,20.245214,22.759481,16.42504,16.805355,15.145284,15.034626,20.329294,23.793682,20.000885,23.434807,17.257809,16.949036,15.456906,15.339499,20.369371,24.552767,4.0,4.0,0.0,0.0,0.0,0.0,0.0,4.0
394,2023.0,1.0,3.0,17.0,16.49076,17.243706,20.045141,22.161089,16.418442,16.801687,15.905697,16.47803,17.888062,18.46123,17.452324,18.02257,17.707602,18.03507,15.419463,15.303424,20.022068,23.308393,4.0,4.0,4.0,4.0,0.0,4.0,0.0,4.0
395,2023.0,1.0,3.0,17.0,16.641752,17.244547,20.096912,22.132069,16.412489,16.798546,15.565066,15.627999,20.34368,23.331783,15.727831,15.633334,17.931005,18.282846,15.384094,15.269181,20.120245,23.138748,0.0,4.0,0.0,0.0,0.0,4.0,0.0,0.0
396,2023.0,1.0,3.0,18.0,16.61761,17.204433,18.344652,18.644955,16.407036,16.795864,15.089315,14.884286,18.162868,18.679934,15.789108,15.99586,17.22821,16.934774,15.351119,15.237383,17.913612,18.568108,4.0,4.0,0.0,4.0,4.0,0.0,0.0,4.0
397,2023.0,1.0,3.0,18.0,21.083794,24.911299,20.605011,22.86937,20.320747,23.59417,20.707563,24.751564,20.945053,23.529036,20.143208,23.506819,21.560104,24.48481,20.881653,24.666544,20.724834,23.672907,4.0,0.0,4.0,0.0,0.0,4.0,0.0,0.0
398,2023.0,1.0,3.0,18.0,21.033392,24.289167,19.950367,21.562342,21.150362,24.543287,21.019453,24.619421,18.394217,18.462976,17.688662,18.17653,21.383242,23.818748,21.31482,24.90718,17.934235,18.01779,4.0,4.0,4.0,0.0,0.0,4.0,0.0,0.0
399,2023.0,1.0,3.0,18.0,21.083216,24.008175,20.10502,21.8417,21.103268,24.073168,21.11963,24.365988,16.785412,16.42954,16.097527,16.00246,21.132397,23.078115,22.378716,26.357164,16.322847,15.996024,0.0,0.0,0.0,0.0,0.0,4.0,0.0,0.0
400,2023.0,1.0,3.0,18.0,21.080507,23.759886,18.226248,18.20444,21.10559,23.806702,21.10996,24.028563,17.322838,17.830786,15.753332,15.616955,20.98162,22.628159,22.87505,26.77172,16.04151,15.8713455,0.0,0.0,0.0,4.0,0.0,4.0,0.0,0.0
401,2023.0,1.0,3.0,18.0,21.102236,23.649773,17.305882,17.18565,21.101954,23.606058,21.08502,23.73849,20.329103,22.966406,15.566696,15.428754,21.056753,22.676247,20.887167,22.89811,15.843469,15.696525,0.0,0.0,4.0,4.0,0.0,4.0,4.0,0.0
402,2023.0,1.0,3.0,19.0,21.066082,23.427979,17.48773,17.791676,21.055643,23.388664,21.083654,23.581305,20.012955,22.08664,15.419405,15.282088,21.07676,22.655624,21.136116,23.327307,15.643192,15.504046,4.0,4.0,4.0,4.0,0.0,0.0,0.0,0.0
403,2023.0,1.0,3.0,19.0,21.156042,23.509253,20.240387,22.745417,21.161278,23.503458,21.154478,23.607586,20.094097,22.083942,15.302656,15.172828,21.124634,22.679054,21.173136,23.326975,15.484975,15.360193,4.0,0.0,4.0,0.0,0.0,0.0,0.0,0.0
404,2023.0,1.0,3.0,19.0,21.095936,23.329935,20.037565,22.068836,21.071178,23.214308,21.081697,23.372635,17.970507,17.865719,15.199408,15.073343,21.070704,22.510881,21.05202,22.988474,15.347641,15.230384,4.0,4.0,4.0,0.0,0.0,0.0,4.0,0.0
405,2023.0,1.0,3.0,19.0,21.061293,23.178518,20.089212,22.020025,21.07384,23.154495,21.10316,23.364952,17.638243,17.96611,15.11393,14.991174,21.025047,22.382677,21.05629,22.949211,15.230548,15.118398,0.0,4.0,0.0,4.0,0.0,4.0,4.0,0.0
406,2023.0,1.0,3.0,19.0,21.068354,23.14311,18.438929,18.720385,21.073278,23.100885,21.097303,23.291115,20.372816,22.64767,15.047901,14.933379,21.07538,22.460447,21.093445,23.009418,15.136099,15.033363,4.0,4.0,0.0,0.0,0.0,0.0,0.0,0.0
407,2023.0,1.0,3.0,19.0,21.160643,23.287117,20.245306,22.441092,21.164762,23.258799,21.15958,23.36269,18.002825,17.929173,14.999481,14.902667,21.127455,22.525314,21.181555,23.140577,15.051873,14.954167,0.0,0.0,0.0,0.0,0.0,0.0,0.0,0.0
408,2023.0,1.0,3.0,20.0,21.064907,23.058586,18.150902,18.180252,21.065657,22.996939,21.05472,23.120941,17.00027,16.831991,15.005164,14.952232,21.067122,22.369507,21.084114,22.901268,15.000038,14.927714,0.0,4.0,4.0,0.0,0.0,0.0,0.0,0.0
409,2023.0,1.0,3.0,20.0,21.127989,23.1486,17.115519,16.983221,21.137136,23.100422,21.121008,23.239182,16.743279,16.571295,15.006553,14.98553,21.057062,22.319613,21.16565,23.018229,15.004247,14.987207,0.0,4.0,4.0,0.0,0.0,4.0,0.0,0.0
410,2023.0,1.0,3.0,20.0,21.052486,22.973843,17.376001,17.700819,21.081013,22.98034,21.089422,23.148436,16.554237,16.39597,15.005284,14.999179,21.038773,22.267426,21.053797,22.790583,15.005889,15.014482,4.0,0.0,0.0,0.0,0.0,4.0,0.0,0.0
411,2023.0,1.0,3.0,20.0,21.164635,23.194946,20.27887,22.810526,21.160723,23.109993,21.155792,23.223173,17.19343,17.759464,15.005948,15.015472,21.143654,22.459743,21.188807,23.049517,15.857056,16.640879,4.0,0.0,4.0,4.0,0.0,4.0,0.0,4.0
412,2023.0,1.0,3.0,20.0,21.055895,22.929249,20.030165,22.049587,21.061447,22.862741,21.095892,23.089493,20.333595,23.121572,15.005472,15.023477,21.039463,22.232555,21.068594,22.793415,20.420639,24.2998,4.0,4.0,0.0,0.0,0.0,4.0,0.0,4.0
413,2023.0,1.0,3.0,20.0,21.060923,22.918726,20.072935,21.964146,21.06582,22.852354,21.065285,22.977262,17.788395,17.78044,15.005203,15.027961,21.039099,22.217104,21.068468,22.7792,20.017311,22.982,4.0,4.0,4.0,0.0,0.0,4.0,0.0,4.0
414,2023.0,1.0,3.0,21.0,21.085802,22.96896,20.063536,21.830933,21.063793,22.831507,21.093903,23.027403,17.354425,17.748068,15.005153,15.030583,21.037895,22.200142,21.027548,22.656544,20.106277,22.82296,4.0,4.0,0.0,4.0,0.0,4.0,4.0,0.0
415,2023.0,1.0,3.0,21.0,21.079285,22.932343,20.064896,21.751131,21.088118,22.882133,21.087038,22.985628,20.383045,22.877195,15.005062,15.032107,21.037624,22.185263,21.087296,22.76981,17.455,17.44718,4.0,0.0,0.0,4.0,0.0,4.0,0.0,0.0
416,2023.0,1.0,3.0,21.0,21.050764,22.832325,20.062,21.68538,21.080984,22.845467,21.070215,22.95714,20.030699,22.029211,15.004876,15.032606,21.066895,22.247541,21.03506,22.608173,16.213276,15.940711,4.0,0.0,0.0,0.0,0.0,0.0,4.0,0.0
417,2023.0,1.0,3.0,21.0,21.082851,22.898447,20.07951,21.687784,21.081566,22.824003,21.072626,22.958725,17.97642,17.890675,15.277547,15.537877,21.031242,22.136591,21.045496,22.607983,16.857708,17.456827,0.0,0.0,0.0,0.0,4.0,4.0,4.0,4.0
418,2023.0,1.0,3.0,21.0,21.275711,23.039608,18.650713,18.889803,21.319176,23.052608,21.303751,23.169565,16.93423,16.61363,20.166904,23.540329,21.37855,22.580795,21.577024,23.263943,20.56615,23.691092,4.0,4.0,4.0,0.0,0.0,0.0,0.0,0.0
419,2023.0,1.0,3.0,21.0,21.03654,22.701813,20.231436,22.154543,20.992134,22.562883,21.033323,22.796318,16.79032,16.629814,17.608843,18.167715,20.95072,21.833025,20.883514,22.097715,17.902771,18.032925,4.0,4.0,0.0,0.0,0.0,4.0,0.0,0.0
420,2023.0,1.0,3.0,22.0,21.056051,22.747343,20.029478,21.629274,21.067862,22.71011,21.08971,22.886164,16.670288,16.530773,15.967518,15.906872,21.079391,22.132938,21.065514,22.46472,17.353928,17.978699,4.0,4.0,0.0,0.0,0.0,0.0,4.0,4.0
421,2023.0,1.0,3.0,22.0,21.053259,22.744432,20.06198,21.6199,21.081793,22.75266,21.056808,22.782349,16.532871,16.406559,15.995371,16.187298,21.055586,22.09103,21.037132,22.431953,20.337957,23.153725,4.0,0.0,4.0,0.0,4.0,0.0,4.0,4.0
422,2023.0,1.0,3.0,22.0,21.07929,22.813496,20.075176,21.610693,21.077015,22.729067,21.086462,22.84733,17.06804,17.5339,20.47673,23.709953,21.057278,22.093199,21.078974,22.553587,21.293446,24.364902,0.0,0.0,0.0,4.0,4.0,0.0,0.0,0.0
423,2023.0,1.0,3.0,22.0,21.073164,22.7889,18.415306,18.387085,21.076452,22.712208,21.054783,22.745285,21.893383,25.556025,20.01494,22.603197,21.044336,22.087397,21.070204,22.52954,18.465574,18.54967,0.0,0.0,4.0,0.0,0.0,0.0,0.0,0.0
424,2023.0,1.0,3.0,22.0,21.0721,22.76926,18.073063,18.361053,21.061333,22.695284,21.084166,22.80908,18.95249,19.394363,17.882566,18.211105,21.04556,22.100372,21.070215,22.51757,16.90646,16.6406,4.0,0.0,0.0,0.0,0.0,0.0,0.0,0.0
425,2023.0,1.0,3.0,22.0,21.058256,22.751278,20.256744,22.270056,21.03817,22.63412,21.077917,22.779465,17.904165,18.350658,16.670708,16.594027,21.045074,22.104427,21.06931,22.50245,16.640177,16.507359,4.0,4.0,0.0,4.0,0.0,0.0,0.0,0.0
426,2023.0,1.0,3.0,23.0,21.033503,22.685007,20.045813,21.707586,21.067257,22.717184,21.039234,22.695877,20.36063,22.601574,16.328,16.209862,21.044823,22.104912,21.057182,22.48745,16.456005,16.343126,0.0,0.0,4.0,0.0,0.0,0.0,0.0,0.0
427,2023.0,1.0,3.0,23.0,19.344988,19.4595,18.3984,18.45628,19.303358,19.308304,19.222116,19.231497,18.177092,18.19149,16.132998,16.021467,19.890821,19.884104,19.550425,19.59187,16.278,16.179165,0.0,0.0,0.0,0.0,0.0,0.0,0.0,0.0
428,2023.0,1.0,3.0,23.0,18.585941,18.409218,17.58154,17.267511,18.453024,18.098843,18.359648,18.026382,17.502031,17.346615,16.013302,15.902666,20.186487,20.700882,18.916826,18.753906,16.150585,16.05449,0.0,0.0,0.0,0.0,0.0,4.0,0.0,0.0
429,2023.0,1.0,3.0,23.0,18.281023,18.110641,17.477873,17.344788,18.315971,18.15688,18.01441,17.685263,17.297663,17.162395,16.218817,16.386772,19.308563,19.020487,18.633554,18.47621,16.80398,17.395962,0.0,0.0,0.0,0.0,4.0,0.0,0.0,4.0
430,2023.0,1.0,3.0,23.0,18.241316,18.272219,17.807259,18.119703,18.1484,18.031843,17.94296,17.813534,17.113184,16.983,16.281593,16.491972,18.904902,18.513966,18.406548,18.25385,16.237953,16.20563,4.0,0.0,0.0,0.0,4.0,0.0,0.0,0.0
431,2023.0,1.0,3.0,23.0,18.117165,18.179695,17.8541,18.245184,17.960606,17.84587,17.798948,17.705744,16.957502,16.829521,15.952103,15.897316,18.718225,18.332603,18.213146,18.063297,15.874232,15.684171,4.0,0.0,0.0,0.0,0.0,0.0,0.0,0.0
432,2023.0,1.0,4.0,0.0,17.97807,18.050337,17.203337,17.064228,17.803951,17.699072,17.640352,17.558224,16.82958,16.710632,16.105417,16.299412,18.753054,18.563747,18.053152,17.913662,15.73838,15.552422,0.0,0.0,0.0,0.0,4.0,0.0,0.0,0.0
433,2023.0,1.0,4.0,0.0,17.850185,17.92794,16.86341,16.60085,17.661724,17.562836,17.494629,17.418581,16.715136,16.601715,15.863936,15.828414,19.482399,20.033016,17.90984,17.776896,16.50686,17.110409,0.0,0.0,0.0,0.0,0.0,4.0,0.0,4.0
434,2023.0,1.0,4.0,0.0,17.734726,17.817204,16.854723,16.746645,17.53437,17.440742,17.363293,17.29249,16.613138,16.504389,15.692653,15.610028,18.709259,18.452055,17.782185,17.654774,16.61896,17.141464,0.0,0.0,0.0,0.0,0.0,0.0,0.0,4.0
435,2023.0,1.0,4.0,0.0,17.629248,17.714378,16.799843,16.73256,17.418404,17.32792,17.24377,17.175806,17.147528,17.596899,15.604345,15.516194,18.391565,18.039288,17.666462,17.542336,16.642344,17.152071,0.0,0.0,0.0,4.0,0.0,0.0,0.0,4.0
436,2023.0,1.0,4.0,0.0,17.535131,17.624004,16.709736,16.648077,17.314793,17.228712,17.137388,17.073374,16.686224,16.628288,15.536845,15.450442,18.267712,17.920382,17.563517,17.443415,16.674822,17.185085,0.0,0.0,0.0,0.0,0.0,0.0,0.0,4.0
437,2023.0,1.0,4.0,0.0,17.450193,17.542831,16.626165,16.568748,17.221148,17.139908,17.041702,16.981972,16.478455,16.37664,15.478832,15.394864,18.331755,18.158497,17.471052,17.355034,15.957098,15.821389,0.0,0.0,0.0,0.0,0.0,0.0,0.0,0.0
438,2023.0,1.0,4.0,1.0,17.366693,17.456924,16.54174,16.480787,17.12825,17.044266,16.946924,16.883738,16.38431,16.278088,15.422595,15.336554,18.305395,18.157204,17.382065,17.264545,15.689667,15.497,0.0,0.0,0.0,0.0,0.0,0.0,0.0,0.0
439,2023.0,1.0,4.0,1.0,17.296186,17.390402,16.471817,16.415396,17.050478,16.97153,16.867376,16.808912,16.310709,16.208326,15.376527,15.293316,18.245289,18.101194,17.306147,17.192326,15.583191,15.398694,0.0,0.0,0.0,0.0,0.0,0.0,0.0,0.0
440,2023.0,1.0,4.0,1.0,17.231485,17.329489,16.407557,16.35546,16.979116,16.904917,16.79409,16.74022,16.24723,16.14839,15.33493,15.254327,18.188,18.04738,17.236998,17.126528,15.596369,15.515904,0.0,0.0,0.0,0.0,0.0,0.0,0.0,0.0
441,2023.0,1.0,4.0,1.0,17.947199,18.7321,16.353535,16.310806,16.918453,16.853848,16.731644,16.687464,16.19417,16.10223,15.300069,15.224762,18.13558,17.998045,17.1772,17.073221,15.553416,15.480504,0.0,0.0,0.0,0.0,0.0,0.0,0.0,0.0
442,2023.0,1.0,4.0,1.0,17.451063,17.668085,16.771326,17.143562,16.857254,16.796486,16.668587,16.628178,16.143084,16.053738,15.2654505,15.1920805,18.084518,17.94786,17.117342,17.013039,16.284513,16.909168,4.0,0.0,0.0,0.0,0.0,0.0,0.0,4.0
443,2023.0,1.0,4.0,1.0,17.059908,17.021454,16.492043,16.560146,16.8004,16.743227,16.610167,16.573212,16.097355,16.010424,15.550145,15.7552805,18.037464,17.901793,17.062935,16.959553,15.664558,15.564434,0.0,0.0,0.0,0.0,4.0,0.0,0.0,0.0
444,2023.0,1.0,4.0,2.0,16.920195,16.857874,16.297598,16.269264,16.746016,16.690804,16.554604,16.51931,16.054724,15.9690075,15.324889,15.253355,17.992622,17.856913,17.011776,16.908257,15.436177,15.273761,0.0,0.0,0.0,0.0,0.0,0.0,0.0,0.0
445,2023.0,1.0,4.0,2.0,17.008123,17.11825,16.222383,16.18509,16.693245,16.637987,16.500835,16.465195,16.013676,15.926644,15.234878,15.15953,17.949636,17.813019,16.96371,16.859423,15.449208,15.377279,0.0,0.0,0.0,0.0,0.0,0.0,0.0,0.0
446,2023.0,1.0,4.0,2.0,16.974234,17.086935,16.168364,16.133335,16.645973,16.593157,16.452574,16.419237,15.976743,15.890058,15.202516,15.128511,17.910196,17.774027,16.920017,16.81625,15.412657,15.344135,0.0,0.0,0.0,0.0,0.0,0.0,0.0,0.0
447,2023.0,1.0,4.0,2.0,16.930803,17.043898,16.120783,16.087889,16.6013,16.550743,16.406881,16.375717,15.942292,15.855923,15.171771,15.097227,17.872799,17.737059,16.879112,16.77583,15.373553,15.307062,0.0,0.0,0.0,0.0,0.0,0.0,0.0,0.0
448,2023.0,1.0,4.0,2.0,16.88991,17.004505,16.076954,16.046034,16.558954,16.510483,16.363537,16.334396,15.910103,15.824025,15.1449375,15.070509,17.837223,17.701893,16.840675,16.73785,15.337454,15.272654,0.0,0.0,0.0,0.0,0.0,0.0,0.0,0.0
449,2023.0,1.0,4.0,2.0,16.850714,16.966665,16.036127,16.007029,16.518698,16.47215,16.32232,16.295052,15.879945,15.794139,15.120344,15.046026,17.803265,17.668331,16.804436,16.702042,15.303146,15.237676,0.0,0.0,0.0,0.0,0.0,0.0,0.0,0.0
450,2023.0,1.0,4.0,3.0,16.815279,16.934296,16.000595,15.976092,16.48281,16.440529,16.285583,16.2626,16.440462,16.872974,15.098933,15.025977,17.772131,17.638973,16.771412,16.670687,15.273261,15.209165,0.0,0.0,0.0,4.0,0.0,0.0,0.0,0.0
451,2023.0,1.0,4.0,3.0,16.779255,16.898752,15.96365,15.940118,16.445646,16.404514,16.247553,16.225674,16.038258,15.985455,15.0773535,15.004023,17.740505,17.607328,16.738525,16.63782,15.244268,15.179925,0.0,0.0,0.0,0.0,0.0,0.0,0.0,0.0
452,2023.0,1.0,4.0,3.0,16.745201,16.865164,15.92864,15.906194,16.410154,16.370298,16.211267,16.190622,16.53426,17.006365,15.057111,14.983537,17.710093,17.577097,16.707293,16.606802,15.948935,16.530136,0.0,0.0,0.0,4.0,0.0,0.0,0.0,4.0
453,2023.0,1.0,4.0,3.0,16.724745,16.857128,15.894801,15.8729925,16.375671,16.336649,16.176182,16.156252,15.993431,15.843045,15.037758,14.963751,17.680365,17.547297,16.677143,16.576616,15.459092,15.443515,0.0,0.0,0.0,0.0,0.0,0.0,0.0,0.0
454,2023.0,1.0,4.0,3.0,16.700783,16.836142,15.862005,15.840439,16.342117,16.303526,16.142273,16.122578,16.397024,16.725042,15.019193,14.944592,17.65124,17.51787,16.647974,16.547186,15.224823,15.084101,0.0,0.0,0.0,4.0,0.0,0.0,0.0,0.0
455,2023.0,1.0,4.0,3.0,16.672283,16.807064,15.830699,15.809614,16.309952,16.272009,16.10979,16.09059,15.943402,15.766454,15.00163,14.926603,17.623089,17.489649,16.620096,16.51926,15.146173,14.993951,0.0,0.0,0.0,0.0,0.0,0.0,0.0,0.0
456,2023.0,1.0,4.0,4.0,16.64447,16.778675,15.800466,15.779779,16.278755,16.241388,16.07819,16.059479,16.38271,16.707218,15.283195,15.467272,17.595606,17.46209,16.59318,16.49229,15.175966,15.103627,0.0,0.0,0.0,4.0,4.0,0.0,0.0,0.0
457,2023.0,1.0,4.0,4.0,16.61726,16.750881,15.771317,15.750923,16.248442,16.21157,16.047413,16.029102,16.540396,16.890772,15.067532,14.986195,17.568983,17.43564,16.567348,16.466602,15.165174,15.098767,0.0,0.0,0.0,4.0,0.0,0.0,0.0,0.0
458,2023.0,1.0,4.0,4.0,16.592073,16.72591,15.743743,15.723686,16.219421,16.183231,16.01802,16.000267,16.594353,16.944944,15.009901,14.933704,17.543533,17.410704,16.542917,16.44265,15.142312,15.076226,0.0,0.0,0.0,4.0,0.0,0.0,0.0,0.0
459,2023.0,1.0,4.0,4.0,16.56834,16.70267,15.718179,15.699483,16.192156,16.157492,15.990409,15.974085,16.637215,16.986906,15.0006485,14.9359,17.519175,17.38728,16.519691,16.420223,15.120873,15.055341,0.0,0.0,0.0,4.0,0.0,0.0,0.0,0.0
460,2023.0,1.0,4.0,4.0,16.544157,16.680075,15.692918,15.677884,16.165085,16.134016,15.962962,15.9501915,16.077595,15.906733,15.0022,14.951886,17.49441,17.36474,16.496078,16.398527,15.099321,15.035397,0.0,0.0,0.0,0.0,0.0,0.0,0.0,0.0
461,2023.0,1.0,4.0,4.0,16.517721,16.652666,15.6639185,15.647889,16.134743,16.10294,15.932187,15.918579,15.813158,15.598502,15.002316,14.962801,17.467916,17.337994,16.47129,16.373507,15.077315,15.013035,0.0,0.0,0.0,0.0,0.0,0.0,0.0,0.0
462,2023.0,1.0,4.0,5.0,16.493233,16.62863,15.638214,15.6235075,16.10758,16.077137,15.9046545,15.892337,15.848965,15.755973,15.00329,14.971127,17.44351,17.314543,16.44856,16.351585,15.057898,14.994212,0.0,0.0,0.0,0.0,0.0,0.0,0.0,0.0
463,2023.0,1.0,4.0,5.0,16.469276,16.605202,15.613778,15.600712,16.081675,16.052866,15.878406,15.867644,15.832281,15.744134,15.003672,14.977009,17.420065,17.292366,16.426998,16.331066,15.040069,14.977191,0.0,0.0,0.0,0.0,0.0,0.0,0.0,0.0
464,2023.0,1.0,4.0,5.0,16.447046,16.5845,15.592337,15.582779,16.058613,16.033169,15.855058,15.847608,16.43083,16.906248,15.002056,14.978104,17.398636,17.273262,16.407295,16.313261,15.024289,14.962897,0.0,0.0,0.0,4.0,0.0,0.0,0.0,0.0
465,2023.0,1.0,4.0,5.0,16.42456,16.562279,15.569394,15.561103,16.034014,16.009892,15.83017,15.823952,16.065548,16.019936,15.002436,14.982921,17.376463,17.25216,16.387154,16.293974,15.008576,14.947816,0.0,0.0,0.0,0.0,0.0,0.0,0.0,0.0
466,2023.0,1.0,4.0,5.0,16.402378,16.539936,15.546606,15.538933,16.009546,15.986097,15.805439,15.79979,15.753613,15.571279,15.002786,14.987009,17.35453,17.230917,16.367376,16.274717,15.000605,14.94666,0.0,0.0,0.0,0.0,0.0,0.0,0.0,0.0
467,2023.0,1.0,4.0,5.0,16.381796,16.520683,15.526123,15.520825,15.987399,15.966304,15.783123,15.779776,15.652827,15.466087,15.002512,14.989593,17.334307,17.212574,16.349203,16.2581,15.719852,16.311466,0.0,0.0,0.0,0.0,0.0,0.0,0.0,4.0
468,2023.0,1.0,4.0,6.0,16.360327,16.499651,15.505139,15.50122,15.96485,15.945088,15.7610035,15.758632,15.6916895,15.601535,15.002529,14.992493,17.313835,17.193283,16.330988,16.240849,15.320209,15.306784,0.0,0.0,0.0,0.0,0.0,0.0,0.0,0.0
469,2023.0,1.0,4.0,6.0,21.072926,24.671024,15.485534,15.483758,20.958237,24.681875,20.879145,24.700943,15.6977005,15.618238,15.002708,14.995337,21.188234,23.764402,21.66552,25.182297,15.036629,14.913783,0.0,0.0,0.0,0.0,0.0,0.0,0.0,0.0
470,2023.0,1.0,4.0,6.0,21.001478,24.013216,15.465961,15.465791,21.00567,24.15848,21.007282,24.310938,15.681424,15.603886,15.002634,14.996759,21.199486,23.540367,22.341024,25.932045,15.749902,16.328892,0.0,0.0,0.0,0.0,0.0,0.0,0.0,4.0
471,2023.0,1.0,4.0,6.0,21.086327,23.838799,15.447553,15.449387,21.091105,23.926767,21.095716,24.068823,15.6675625,15.591972,15.002362,14.996691,21.002983,22.890299,22.016035,24.855017,20.342735,24.079395,0.0,0.0,0.0,0.0,0.0,0.0,0.0,4.0
472,2023.0,1.0,4.0,6.0,21.073708,23.581945,15.4293785,15.432925,21.078056,23.631319,21.08203,23.761265,15.656957,15.583052,15.002362,14.996407,21.065767,22.843376,20.899918,22.655777,20.034409,22.954746,0.0,0.0,0.0,0.0,0.0,0.0,0.0,0.0
473,2023.0,1.0,4.0,6.0,21.072832,23.416317,15.411645,15.41688,21.077003,23.439371,21.080864,23.561174,15.648617,15.576443,15.00221,14.995761,21.05619,22.694832,21.091692,22.963661,17.40232,17.505867,0.0,0.0,0.0,0.0,0.0,0.0,0.0,0.0
474,2023.0,1.0,4.0,7.0,21.068243,23.288008,15.393649,15.399868,21.071705,23.29119,21.075521,23.407558,15.641572,15.570953,15.002381,14.995805,21.053465,22.591972,21.059341,22.832783,16.228033,16.041538,0.0,0.0,0.0,0.0,0.0,0.0,0.0,0.0
475,2023.0,1.0,4.0,7.0,21.068958,23.197725,15.375659,15.382465,21.072647,23.187223,21.076723,23.300753,15.634279,15.563986,15.002082,14.995095,21.053558,22.516184,21.063908,22.78219,17.095795,17.93166,0.0,0.0,0.0,0.0,0.0,0.0,0.0,4.0
476,2023.0,1.0,4.0,7.0,21.067661,23.124548,15.356583,15.363075,21.071117,23.10267,21.075037,23.213398,15.626689,15.556457,15.002286,14.995421,21.052406,22.454685,21.062286,22.729008,20.335821,23.380552,0.0,0.0,0.0,0.0,0.0,0.0,0.0,0.0
477,2023.0,1.0,4.0,7.0,21.066635,23.06598,15.337507,15.343504,21.069687,23.034739,21.073406,23.142681,16.370644,16.961918,15.002289,14.9955225,21.051483,22.405487,21.061361,22.684494,17.655209,17.754482,0.0,0.0,0.0,4.0,0.0,0.0,0.0,0.0
478,2023.0,1.0,4.0,7.0,21.065289,23.016335,15.318942,15.3243475,21.068428,22.979134,21.048315,23.019314,20.36358,23.69904,15.321197,15.58807,21.050531,22.365005,21.060553,22.645988,16.429134,16.231535,0.0,0.0,4.0,0.0,4.0,0.0,0.0,0.0
479,2023.0,1.0,4.0,7.0,21.06402,22.97357,15.778284,16.195856,21.06738,22.932713,21.076466,23.055046,17.631777,17.80736,20.29973,24.015482,21.049961,22.33166,21.059668,22.612034,16.25649,16.158531,4.0,0.0,0.0,0.0,4.0,0.0,0.0,0.0
480,2023.0,1.0,4.0,8.0,21.695362,24.008009,20.216612,23.74764,21.699532,23.955044,21.821943,24.15784,16.355146,16.170633,19.998306,22.921717,21.579922,23.206291,21.649837,23.510773,17.173473,18.00927,0.0,0.0,0.0,0.0,4.0,0.0,0.0,4.0
481,2023.0,1.0,4.0,8.0,19.984432,20.471437,18.10058,18.988913,20.37301,21.139374,19.682602,19.827822,16.234007,16.134935,20.090754,22.673706,20.164845,20.297804,20.463278,21.255241,21.63433,25.40232,4.0,4.0,0.0,0.0,4.0,0.0,4.0,4.0
482,2023.0,1.0,4.0,8.0,18.782248,18.943787,20.289133,23.311697,18.91983,19.01944,18.403067,18.360985,16.174685,16.091124,20.074621,22.339336,20.01059,20.545248,19.03603,18.8364,21.224463,24.213478,0.0,0.0,0.0,0.0,4.0,4.0,0.0,4.0
483,2023.0,1.0,4.0,8.0,19.08606,19.819885,18.376238,19.162548,18.743814,19.044868,18.046759,17.989122,16.859175,17.446972,20.086847,22.157597,20.062439,20.631887,19.348837,19.906939,21.505161,24.446281,4.0,4.0,0.0,4.0,0.0,4.0,4.0,0.0
484,2023.0,1.0,4.0,8.0,19.148045,19.915726,20.29008,22.953074,18.667107,19.009817,17.781782,17.720104,20.352436,23.379522,18.35626,18.652342,19.76654,20.115538,19.485233,20.071573,18.90609,19.069897,0.0,4.0,0.0,0.0,4.0,4.0,4.0,0.0
485,2023.0,1.0,4.0,8.0,18.85387,19.420193,18.342487,18.837723,18.542727,18.89713,17.567238,17.505482,17.821442,17.977327,20.275888,22.525778,18.932222,18.66741,18.519932,18.323753,17.392214,17.17808,4.0,4.0,0.0,0.0,0.0,0.0,0.0,0.0
486,2023.0,1.0,4.0,9.0,18.063055,18.076796,20.269608,22.711815,18.4374,18.801617,17.388807,17.327377,17.285908,17.678936,18.181356,18.27145,18.514645,18.17891,18.00155,17.724665,17.839167,18.373056,0.0,4.0,0.0,4.0,0.0,0.0,0.0,4.0
487,2023.0,1.0,4.0,9.0,18.337708,18.871717,18.197617,18.436344,18.34698,18.718391,17.236889,17.176252,20.340307,22.963335,17.141184,17.027866,19.079405,19.411581,17.777027,17.498497,20.320366,22.694534,0.0,4.0,0.0,4.0,0.0,4.0,0.0,0.0
488,2023.0,1.0,4.0,9.0,18.455399,19.030163,17.549543,17.925228,18.269823,18.64736,17.106209,17.046501,20.013853,22.020706,17.23879,17.442564,18.556343,18.304089,17.614689,17.343536,18.097525,18.146702,4.0,4.0,0.0,4.0,4.0,0.0,0.0,0.0
489,2023.0,1.0,4.0,9.0,18.413404,18.985239,20.332869,22.857275,18.203714,18.586788,16.991844,16.933367,20.409927,22.607187,20.3382,22.86179,18.198853,17.880041,18.666725,19.469673,17.89527,18.447243,4.0,4.0,0.0,4.0,0.0,0.0,4.0,4.0
490,2023.0,1.0,4.0,9.0,18.384888,18.963432,20.026403,22.007967,18.147652,18.535301,16.893084,16.835457,20.075853,21.807205,18.306856,18.635035,18.06105,17.742489,17.952387,17.792898,20.319326,22.697367,4.0,4.0,0.0,0.0,0.0,0.0,0.0,0.0
491,2023.0,1.0,4.0,9.0,17.736147,17.782047,20.084784,21.978195,17.472244,17.32131,16.806448,16.749897,18.279724,18.244297,17.492018,17.735703,18.911312,19.467701,17.478071,17.231138,18.778778,19.414316,0.0,0.0,0.0,0.0,4.0,4.0,0.0,4.0
492,2023.0,1.0,4.0,10.0,18.056126,18.608265,18.256756,18.354645,17.751928,18.07921,16.72933,16.674292,18.020336,18.352585,20.303268,22.72278,18.324444,18.107689,18.347252,18.996063,20.428179,22.72281,0.0,4.0,0.0,4.0,4.0,0.0,4.0,4.0
493,2023.0,1.0,4.0,10.0,17.583654,17.628,17.80176,18.136297,17.929089,18.332996,17.370836,17.936563,20.301664,22.392147,20.027168,21.914421,17.946363,17.646805,17.725323,17.554775,21.067427,23.442484,4.0,4.0,4.0,0.0,4.0,0.0,0.0,0.0
494,2023.0,1.0,4.0,10.0,17.230608,17.180012,20.275496,22.548443,17.924276,18.335684,17.65624,18.289259,18.301434,18.299131,20.084003,21.860079,17.83732,17.536703,17.326624,17.08886,18.278496,18.244942,0.0,4.0,4.0,0.0,0.0,0.0,0.0,0.0
495,2023.0,1.0,4.0,10.0,17.100122,17.044413,18.852894,19.533781,17.908361,18.32229,16.958181,16.923563,17.978783,18.318775,18.579361,18.818804,17.904335,17.752567,17.202868,16.963137,17.3278,17.089025,4.0,4.0,0.0,4.0,4.0,0.0,0.0,0.0
496,2023.0,1.0,4.0,10.0,17.919758,18.671421,20.218344,22.14625,17.893976,18.310753,16.621582,16.427826,20.302353,22.430195,20.307814,22.001078,17.906645,17.777988,17.24454,17.124262,17.942642,18.465279,4.0,4.0,0.0,0.0,4.0,0.0,0.0,4.0
497,2023.0,1.0,4.0,10.0,18.058872,18.683023,20.035162,21.668888,17.295195,17.214579,17.161188,17.548887,18.850754,19.32769,20.047552,21.525673,17.870342,17.744144,17.236301,17.135653,20.312199,22.565594,4.0,0.0,4.0,4.0,0.0,0.0,0.0,0.0
498,2023.0,1.0,4.0,11.0,18.027014,18.63653,20.05856,21.633743,16.92076,16.719501,17.395502,17.848179,20.246357,22.126078,18.42449,18.351988,17.832832,17.70788,18.181608,18.95475,18.883745,19.510408,4.0,0.0,4.0,4.0,0.0,0.0,4.0,4.0
499,2023.0,1.0,4.0,11.0,18.044512,18.653067,20.071733,21.61417,17.4418,17.807901,17.425377,17.878387,20.017965,21.532265,17.634708,17.47269,18.5433,19.08182,17.52254,17.381811,20.230762,22.212244,0.0,4.0,4.0,4.0,0.0,4.0,0.0,4.0
500,2023.0,1.0,4.0,11.0,17.429756,17.494669,18.506018,18.568447,17.666777,18.098703,16.848288,16.789886,20.07348,21.564936,17.398537,17.250027,18.70091,19.129494,18.148262,18.830488,20.016796,21.655798,0.0,4.0,0.0,0.0,0.0,4.0,4.0,4.0
501,2023.0,1.0,4.0,11.0,17.802902,18.392437,18.14834,18.467901,17.101164,17.029602,16.502243,16.327326,19.031921,19.450018,17.200203,17.059044,18.731138,19.14891,17.516455,17.365108,20.076622,21.706264,4.0,0.0,0.0,4.0,0.0,4.0,0.0,0.0
502,2023.0,1.0,4.0,11.0,17.346277,17.404974,20.214096,22.22522,16.75772,16.570972,16.378908,16.191534,20.232481,21.88202,17.027021,16.88854,18.062551,17.848322,18.156525,18.833595,18.350296,18.30844,4.0,0.0,0.0,0.0,0.0,0.0,4.0,0.0
503,2023.0,1.0,4.0,11.0,17.016428,16.98185,20.047743,21.726234,17.302294,17.685146,16.42078,16.35433,19.09955,19.530964,16.879368,16.745222,18.520784,18.918018,18.479998,19.162062,17.474663,17.229616,0.0,4.0,0.0,4.0,0.0,4.0,4.0,0.0
504,2023.0,1.0,4.0,12.0,16.918726,16.88493,18.743675,19.0976,16.951675,16.890816,16.421978,16.38235,20.194897,21.75818,17.136244,17.338017,18.032597,17.821928,17.622606,17.480352,17.16517,16.909397,4.0,0.0,0.0,4.0,4.0,0.0,0.0,0.0
505,2023.0,1.0,4.0,12.0,21.347998,24.758331,20.313448,22.294651,21.301825,24.674051,21.211151,24.850561,20.28243,21.875479,20.39491,22.856127,21.337225,23.728683,22.55504,26.085054,17.076723,16.944086,4.0,4.0,0.0,0.0,0.0,4.0,0.0,0.0
506,2023.0,1.0,4.0,12.0,21.00776,23.60695,20.044645,21.62616,21.03068,23.661657,21.012049,23.907751,18.532745,18.426966,18.678347,19.237856,21.013567,22.887686,20.986649,23.020239,16.970753,16.85298,0.0,0.0,0.0,0.0,4.0,4.0,0.0,0.0
507,2023.0,1.0,4.0,12.0,21.065935,23.419064,18.77539,19.083723,21.091284,23.460608,21.085743,23.707289,18.432636,18.760256,20.271963,22.42017,21.04597,22.72057,21.10413,23.030596,16.85399,16.742178,4.0,0.0,0.0,4.0,0.0,4.0,0.0,0.0
508,2023.0,1.0,4.0,12.0,21.056232,23.199362,20.223576,22.045446,21.067167,23.223648,21.07419,23.452618,20.249487,21.956995,18.526585,18.766376,21.0677,22.6151,21.055235,22.795353,17.76018,18.55032,4.0,0.0,0.0,0.0,0.0,0.0,0.0,4.0
509,2023.0,1.0,4.0,12.0,21.054955,23.056467,20.027334,21.525633,21.06827,23.091196,21.073444,23.288242,18.53515,18.465956,17.493103,17.369253,21.060856,22.470572,21.059217,22.697975,20.313068,22.793947,4.0,0.0,0.0,0.0,0.0,0.0,0.0,0.0
510,2023.0,1.0,4.0,13.0,21.053019,22.9508,20.053942,21.500278,21.042316,22.922092,21.071222,23.164925,18.384066,18.731098,17.224932,17.080393,21.059263,22.36811,21.056973,22.613337,18.089273,18.1235,4.0,4.0,0.0,4.0,0.0,0.0,0.0,0.0
511,2023.0,1.0,4.0,13.0,21.077244,22.941347,20.04983,21.44043,21.070015,22.927591,21.0698,23.07305,20.22083,21.90298,17.073326,16.933292,21.046413,22.288958,21.055845,22.548923,17.082773,16.854868,4.0,0.0,0.0,4.0,0.0,0.0,0.0,0.0
512,2023.0,1.0,4.0,13.0,21.067284,22.85523,20.066458,21.451313,21.073702,22.850986,21.065649,22.997456,20.030533,21.40312,16.947407,16.809748,21.04497,22.242657,21.052778,22.494383,16.975521,16.865799,0.0,0.0,0.0,0.0,0.0,0.0,0.0,0.0
513,2023.0,1.0,4.0,13.0,21.044157,22.734787,18.93486,19.231987,21.05018,22.719738,21.067917,22.948112,18.52793,18.417068,16.851988,16.726912,21.016418,22.131884,21.0543,22.457994,17.88136,18.660467,4.0,4.0,0.0,0.0,0.0,4.0,0.0,4.0
514,2023.0,1.0,4.0,13.0,21.188248,22.985697,20.207647,21.866154,21.166002,22.924679,21.165451,23.099241,17.73701,17.435606,16.760803,16.63869,21.165262,22.386995,21.217176,22.75131,20.305693,22.687218,4.0,0.0,0.0,0.0,0.0,4.0,0.0,0.0
515,2023.0,1.0,4.0,13.0,21.046022,22.668884,20.028063,21.41564,21.071323,22.691164,21.06491,22.858688,17.634052,17.48152,16.681274,16.563757,21.058521,22.155926,21.05206,22.389767,18.137882,18.151033,4.0,0.0,0.0,0.0,0.0,0.0,0.0,0.0
516,2023.0,1.0,4.0,14.0,21.044565,22.644094,20.068657,21.455767,21.030613,22.582563,21.062508,22.823895,17.538677,17.401405,16.611582,16.496626,21.051338,22.107979,21.050892,22.365894,17.152817,16.919115,0.0,4.0,0.0,0.0,0.0,0.0,0.0,0.0
517,2023.0,1.0,4.0,14.0,19.947382,20.520653,18.95287,19.25652,19.35415,19.371864,19.95585,20.64503,17.429214,17.307375,16.557093,16.450089,19.722868,19.527237,19.689781,19.727484,17.047201,16.931154,4.0,0.0,4.0,0.0,0.0,0.0,0.0,0.0
518,2023.0,1.0,4.0,14.0,19.577188,20.07518,20.190367,21.670422,18.57732,18.28175,18.96495,19.042593,17.342821,17.223766,16.512066,16.406548,19.386889,19.187737,19.13379,18.985636,17.90435,18.622301,4.0,0.0,0.0,0.0,0.0,0.0,0.0,4.0
519,2023.0,1.0,4.0,14.0,19.38572,19.890652,20.046505,21.35918,18.200233,17.898613,18.212208,17.987215,17.25197,17.138258,16.464487,16.362085,19.229652,19.059479,18.84182,18.693798,20.292082,22.606087,0.0,0.0,0.0,0.0,0.0,0.0,0.0,0.0
520,2023.0,1.0,4.0,14.0,19.243635,19.767288,18.977795,19.267796,18.104723,17.980726,18.45972,18.752094,17.169165,17.059793,16.421263,16.322454,19.062319,18.900095,18.61798,18.4745,18.194345,18.224005,4.0,0.0,4.0,0.0,0.0,0.0,0.0,0.0
521,2023.0,1.0,4.0,14.0,19.15131,19.67994,20.185263,21.625174,18.679066,19.181646,17.903221,17.743443,17.104826,16.997017,16.385822,16.287868,19.70912,20.23649,18.464857,18.323856,17.4695,17.21902,4.0,4.0,0.0,0.0,0.0,4.0,0.0,0.0
522,2023.0,1.0,4.0,15.0,19.047749,19.57517,20.026522,21.27349,18.868654,19.46058,18.1798,18.534206,17.036524,16.930672,16.347769,16.25126,19.689257,20.029757,18.308619,18.171095,17.325037,17.196728,4.0,4.0,4.0,0.0,0.0,4.0,0.0,0.0
523,2023.0,1.0,4.0,15.0,18.337255,18.327541,20.048613,21.292614,18.072605,17.984562,18.274696,18.665854,17.727663,18.290234,16.719278,16.98197,19.620262,19.960325,19.215178,20.008316,17.197844,17.086815,4.0,0.0,4.0,4.0,4.0,4.0,4.0,0.0
524,2023.0,1.0,4.0,15.0,18.635908,19.151049,20.04585,21.267296,17.579803,17.338268,17.620892,17.493868,21.243002,24.127968,20.382734,23.032845,19.595528,19.936409,18.433949,18.262358,17.067844,16.962175,4.0,0.0,0.0,0.0,0.0,4.0,0.0,0.0
525,2023.0,1.0,4.0,15.0,18.140095,18.155497,20.062681,21.295692,17.373608,17.112324,17.229477,17.001245,18.999617,19.176926,18.284378,18.654575,19.573982,19.915657,17.93862,17.671654,16.954948,16.853123,0.0,0.0,0.0,0.0,0.0,4.0,0.0,0.0
526,2023.0,1.0,4.0,15.0,17.763924,17.681875,19.041512,19.29964,17.390951,17.283535,17.729778,18.0718,18.233309,18.553234,17.114494,17.051651,18.85867,18.591076,17.768097,17.49527,16.857052,16.758331,4.0,0.0,4.0,4.0,0.0,0.0,0.0,0.0
527,2023.0,1.0,4.0,15.0,18.335052,18.856544,20.193075,21.570879,17.361876,17.28759,17.879803,18.294395,20.276733,22.171179,16.906109,16.793167,19.313263,19.629261,17.79449,17.654501,16.782846,16.686325,0.0,0.0,4.0,0.0,0.0,4.0,0.0,0.0
528,2023.0,1.0,4.0,16.0,17.90727,17.934109,18.774118,18.781399,17.287245,17.218184,17.882792,18.29431,18.47088,18.437143,16.775267,16.661995,19.484327,19.829054,18.80957,19.619831,16.70742,16.614706,0.0,0.0,4.0,0.0,0.0,4.0,4.0,0.0
529,2023.0,1.0,4.0,16.0,18.31543,18.827047,18.69386,18.960655,17.221588,17.152136,17.874537,18.28099,17.930092,17.771074,16.691164,16.576511,18.776033,18.504513,17.97281,17.81519,16.645224,16.553047,4.0,0.0,4.0,0.0,0.0,0.0,0.0,0.0
530,2023.0,1.0,4.0,16.0,17.807772,17.825583,20.20234,21.731922,17.859232,18.402996,17.859236,18.26042,17.764132,17.620735,16.612394,16.496868,19.235832,19.54865,17.631266,17.358025,16.586632,16.495642,0.0,4.0,4.0,0.0,0.0,4.0,0.0,0.0
531,2023.0,1.0,4.0,16.0,18.176586,18.711887,19.24492,19.762127,17.518148,17.596716,17.839441,18.235636,17.58898,17.451868,16.53432,16.422026,19.40323,19.737562,17.494696,17.220264,16.526352,16.436508,4.0,0.0,4.0,0.0,0.0,4.0,0.0,0.0
532,2023.0,1.0,4.0,16.0,17.670357,17.688822,20.156025,21.52936,17.743021,18.093828,17.228943,17.11233,18.203485,18.721779,16.473139,16.359015,18.6914,18.40217,17.537462,17.39887,16.474218,16.380405,4.0,4.0,0.0,4.0,0.0,0.0,0.0,0.0
533,2023.0,1.0,4.0,16.0,18.044947,18.57275,20.031645,21.23206,17.255775,17.120268,16.859518,16.630196,20.240507,22.134983,16.40894,16.296587,18.344254,17.989717,17.521614,17.402452,16.419733,16.324757,4.0,0.0,0.0,4.0,0.0,0.0,0.0,0.0
534,2023.0,1.0,4.0,17.0,18.225943,18.770706,20.047358,21.228512,17.582754,17.922428,16.701654,16.452454,20.04182,21.556215,16.722418,16.934278,18.983551,19.318304,17.461544,17.339443,16.366888,16.269424,4.0,4.0,0.0,0.0,4.0,4.0,0.0,0.0
535,2023.0,1.0,4.0,17.0,18.249737,18.790245,20.180075,21.467804,17.755816,18.134165,16.75614,16.663284,18.417057,18.290049,20.382587,22.999958,18.46729,18.178097,17.403767,17.281864,16.319529,16.221806,4.0,4.0,0.0,0.0,0.0,0.0,0.0,0.0
536,2023.0,1.0,4.0,17.0,18.266838,18.809422,20.06168,21.21867,17.770035,18.146053,17.46815,18.026566,17.5917,17.270784,18.55374,19.13546,18.145512,17.794554,17.350492,17.2281,16.27534,16.177052,0.0,4.0,4.0,0.0,4.0,0.0,0.0,0.0
537,2023.0,1.0,4.0,17.0,18.273048,18.808655,18.718979,18.627651,17.773104,18.146072,17.7481,18.355207,17.495789,17.325613,20.278069,22.544333,18.036804,17.684135,17.301643,17.178818,16.234707,16.13565,0.0,4.0,4.0,0.0,4.0,0.0,0.0,0.0
538,2023.0,1.0,4.0,17.0,17.64389,17.632715,18.542284,18.80418,17.771536,18.14159,17.008074,16.904943,17.414152,17.27178,20.027163,21.768282,18.936445,19.484892,17.256166,17.132732,17.088844,17.773401,4.0,4.0,0.0,0.0,4.0,4.0,0.0,4.0
539,2023.0,1.0,4.0,17.0,18.006437,18.514196,20.218756,21.813402,17.767931,18.13525,16.60201,16.368608,17.298801,17.163038,20.063839,21.650583,18.337397,18.074282,17.214087,17.090433,20.331442,23.189032,0.0,4.0,0.0,0.0,4.0,0.0,0.0,0.0
540,2023.0,1.0,4.0,18.0,17.567389,17.571846,19.227865,19.735039,17.76253,18.127254,17.144175,17.476734,17.193155,17.061895,20.072363,21.544752,18.726551,19.055653,17.174404,17.050478,17.847605,17.902824,4.0,4.0,4.0,0.0,0.0,4.0,0.0,0.0
541,2023.0,1.0,4.0,18.0,21.332523,24.366161,20.197287,21.678875,21.326345,24.341335,21.360699,24.673105,17.09655,16.965816,18.418394,18.271193,21.273264,23.413422,22.721954,26.450508,17.598925,18.12204,4.0,0.0,4.0,0.0,0.0,4.0,0.0,4.0
542,2023.0,1.0,4.0,18.0,21.00854,23.323572,20.02605,21.24693,21.029713,23.371025,21.012783,23.548048,17.013689,16.885895,17.670984,17.480534,21.045916,22.702278,20.866243,22.808556,20.333576,22.824818,4.0,0.0,4.0,0.0,0.0,0.0,0.0,0.0
543,2023.0,1.0,4.0,18.0,21.061588,23.173067,20.065617,21.281212,21.089445,23.233051,21.098738,23.443125,16.941216,16.811523,17.471601,17.295107,21.065395,22.541924,21.095139,23.04231,18.032158,18.012096,0.0,0.0,0.0,0.0,0.0,0.0,0.0,0.0
544,2023.0,1.0,4.0,18.0,21.07864,23.056627,19.005016,19.183695,21.064016,23.036667,21.059975,23.142859,17.594124,18.093374,17.672043,17.836748,21.031473,22.313156,21.056677,22.80753,16.983831,16.705776,4.0,0.0,4.0,4.0,4.0,4.0,0.0,0.0
545,2023.0,1.0,4.0,18.0,21.159195,23.09198,20.193205,21.632542,21.189707,23.163076,21.159708,23.201424,20.364758,22.778063,20.341888,22.387312,21.150368,22.45516,21.189877,22.95784,16.881794,16.748308,4.0,4.0,4.0,0.0,0.0,4.0,0.0,0.0
546,2023.0,1.0,4.0,19.0,21.07105,22.818834,20.042585,21.25391,21.044247,22.795046,21.061478,22.90027,18.704706,19.118406,18.56763,18.761745,21.032665,22.146748,21.057356,22.602598,17.80874,18.58558,0.0,4.0,4.0,4.0,0.0,4.0,0.0,4.0
547,2023.0,1.0,4.0,19.0,21.055916,22.745678,18.663675,18.559132,21.058413,22.739256,21.084686,22.888657,20.292889,22.26387,17.576864,17.45074,21.031935,22.093245,21.056662,22.536425,20.309881,22.74116,0.0,4.0,0.0,0.0,0.0,4.0,0.0,0.0
548,2023.0,1.0,4.0,19.0,21.056742,22.710392,18.050522,17.921534,21.055323,22.670778,21.078196,22.809355,18.350529,18.236889,17.687977,17.861607,21.060936,22.128527,21.055809,22.48439,18.032316,17.979673,0.0,4.0,0.0,0.0,4.0,0.0,0.0,0.0
549,2023.0,1.0,4.0,19.0,21.029633,22.606873,17.872686,17.755808,21.054558,22.62035,21.07787,22.754362,17.397509,17.04825,20.376049,22.419556,21.055136,22.075365,21.01604,22.338402,16.998533,16.699568,0.0,4.0,0.0,0.0,0.0,0.0,4.0,0.0
550,2023.0,1.0,4.0,19.0,21.060854,22.67038,17.704845,17.586592,21.053625,22.578997,21.061071,22.707567,18.113087,18.63383,18.86714,19.317741,21.025108,21.962967,21.07456,22.434996,16.918737,16.782322,0.0,4.0,0.0,4.0,4.0,4.0,0.0,0.0
551,2023.0,1.0,4.0,19.0,21.042435,22.563847,17.559723,17.44006,21.052868,22.544783,21.062527,22.694618,20.276114,22.238552,20.255383,22.09822,21.05951,22.030684,21.024643,22.265915,16.85056,16.73067,0.0,4.0,0.0,0.0,4.0,0.0,4.0,0.0
552,2023.0,1.0,4.0,20.0,21.045532,22.536846,17.878937,18.14332,21.052164,22.515636,21.061684,22.677307,18.317001,18.173782,20.031109,21.465456,21.023695,21.916956,21.072073,22.361168,16.747658,16.62812,4.0,4.0,0.0,0.0,4.0,4.0,0.0,0.0
553,2023.0,1.0,4.0,20.0,21.044819,22.510115,20.23155,22.288645,21.076544,22.55932,21.061365,22.661154,17.36832,16.998629,20.074688,21.435926,21.058992,21.993113,21.063046,22.3131,17.590687,18.300161,4.0,0.0,0.0,0.0,0.0,0.0,0.0,4.0
554,2023.0,1.0,4.0,20.0,21.044731,22.489635,20.025059,21.599356,21.070927,22.520355,21.060802,22.644453,17.328417,17.15623,18.74826,18.774202,21.05313,21.961655,21.063501,22.28694,20.324062,22.840368,4.0,0.0,0.0,0.0,4.0,0.0,0.0,0.0
555,2023.0,1.0,4.0,20.0,21.044193,22.47147,20.054142,21.485386,21.0709,22.49473,21.060228,22.62774,17.276989,17.127222,20.303942,21.846712,21.023308,21.865948,21.050295,22.263046,17.957418,17.868515,4.0,0.0,0.0,0.0,0.0,4.0,0.0,0.0
556,2023.0,1.0,4.0,20.0,21.044107,22.456001,20.04898,21.360434,21.054403,22.471327,21.05974,22.61181,17.962328,18.518698,18.503912,18.30302,21.058249,21.946993,21.051722,22.263256,16.906706,16.587925,4.0,0.0,0.0,4.0,0.0,0.0,0.0,0.0
557,2023.0,1.0,4.0,20.0,21.070469,22.513342,20.066523,21.330439,21.05634,22.476831,21.0596,22.598433,20.25449,22.335047,17.751472,17.540401,21.052553,21.920382,21.05114,22.257534,16.851698,16.708069,0.0,0.0,0.0,4.0,0.0,0.0,0.0,0.0
558,2023.0,1.0,4.0,21.0,21.06437,22.47941,18.598482,18.458284,21.055775,22.473978,21.05931,22.586601,20.046396,21.670004,17.58573,17.396448,21.052797,21.906572,21.051191,22.251902,16.794058,16.667479,0.0,0.0,0.0,0.0,0.0,0.0,0.0,0.0
559,2023.0,1.0,4.0,21.0,21.064388,22.458576,17.962385,17.806662,21.055605,22.469692,21.059135,22.576256,18.274591,18.073133,17.412436,17.230001,21.038754,21.893785,21.011349,22.13911,16.694042,16.564795,0.0,0.0,0.0,0.0,0.0,0.0,4.0,0.0
560,2023.0,1.0,4.0,21.0,21.047503,22.4378,17.776247,17.624506,21.054283,22.461985,21.057524,22.564333,17.384064,16.978611,17.250776,17.064892,21.0397,21.903585,21.073183,22.26704,16.603811,16.47235,0.0,0.0,0.0,0.0,0.0,0.0,0.0,0.0
561,2023.0,1.0,4.0,21.0,21.100933,22.54754,17.600605,17.44442,21.110525,22.563482,21.117855,22.67138,17.376116,17.205072,17.11374,16.929672,21.027388,21.856468,21.123463,22.33299,16.528574,16.39764,0.0,0.0,0.0,0.0,0.0,4.0,0.0,0.0
562,2023.0,1.0,4.0,21.0,21.05532,22.414131,17.455608,17.302376,21.108767,22.53372,21.115705,22.638323,17.298529,17.135368,16.996616,16.81785,21.105728,22.02193,21.121367,22.29054,16.463446,16.332895,0.0,0.0,0.0,0.0,0.0,0.0,0.0,0.0
563,2023.0,1.0,4.0,21.0,21.068106,22.45614,17.806723,18.074017,21.022415,22.348938,21.050428,22.515354,17.924866,18.409786,16.896133,16.723288,21.045279,21.872717,21.040138,22.152555,16.406433,16.27729,4.0,4.0,0.0,4.0,0.0,0.0,0.0,0.0
564,2023.0,1.0,4.0,22.0,21.196812,22.67446,20.260624,22.352182,21.193924,22.713911,21.058882,22.528402,20.282024,22.332167,17.16671,17.314846,21.133312,22.03297,21.050434,22.179111,16.353996,16.225657,0.0,0.0,0.0,4.0,4.0,0.0,0.0,0.0
565,2023.0,1.0,4.0,22.0,21.068268,22.42102,18.62425,18.88571,21.069696,22.424015,21.05766,22.52086,20.318031,22.17158,20.420675,22.753304,21.007177,21.775185,21.048975,22.178413,16.307623,16.180275,0.0,0.0,0.0,0.0,0.0,4.0,0.0,0.0
566,2023.0,1.0,4.0,22.0,21.062218,22.3948,18.091127,18.385761,21.068115,22.39344,21.057117,22.513128,18.295721,18.077667,18.448977,18.690283,21.058355,21.88486,21.049105,22.178453,16.26696,16.141184,4.0,0.0,0.0,0.0,0.0,0.0,0.0,0.0
567,2023.0,1.0,4.0,22.0,21.062452,22.382034,20.260202,22.204845,21.051167,22.37097,21.056847,22.505917,17.416388,17.004887,17.354986,17.19743,21.050655,21.853905,21.048717,22.176071,16.230303,16.105932,4.0,0.0,0.0,0.0,0.0,0.0,0.0,0.0
568,2023.0,1.0,4.0,22.0,21.020376,22.297886,20.040277,21.566183,21.027874,22.309502,21.031605,22.430435,18.057207,18.465286,17.423187,17.518896,21.050848,21.840412,21.048414,22.172771,16.196796,16.073637,0.0,4.0,4.0,4.0,4.0,0.0,0.0,0.0
569,2023.0,1.0,4.0,22.0,21.042719,22.330662,18.392448,18.267075,21.0579,22.396822,21.061722,22.510735,20.400612,22.444345,20.375425,22.49393,21.006277,21.749418,21.048288,22.169085,16.166664,16.045115,0.0,0.0,0.0,4.0,4.0,4.0,0.0,0.0
570,2023.0,1.0,4.0,23.0,21.067081,22.391293,17.40638,16.951717,21.067942,22.382835,21.071625,22.490519,20.034065,21.50892,19.988499,21.613438,21.027058,21.780579,21.047466,22.163752,16.13797,16.017084,0.0,0.0,0.0,0.0,4.0,4.0,0.0,0.0
571,2023.0,1.0,4.0,23.0,19.57541,19.517193,17.406088,17.206722,19.481768,19.31851,19.395144,19.248219,18.37046,18.155766,18.22327,18.044224,19.77597,19.401005,19.799543,19.759565,16.816362,17.315275,0.0,0.0,0.0,0.0,0.0,0.0,0.0,4.0
572,2023.0,1.0,4.0,23.0,18.89351,18.568527,17.850248,18.115395,19.008951,18.81453,18.894726,18.718632,17.710651,17.272215,17.443573,16.95236,19.28614,18.76476,19.286573,19.097752,16.347914,16.246723,4.0,0.0,0.0,0.0,0.0,0.0,0.0,0.0
573,2023.0,1.0,4.0,23.0,18.899343,18.86247,17.53575,17.51401,18.800783,18.632668,18.674889,18.527525,17.70959,17.507366,17.445902,17.206821,19.08333,18.570576,19.048792,18.861656,16.741796,17.08526,0.0,0.0,0.0,0.0,0.0,0.0,0.0,4.0
574,2023.0,1.0,4.0,23.0,18.776545,18.77313,17.300634,17.171219,18.596653,18.426119,18.459824,18.309961,17.616928,17.444626,17.365099,17.168457,19.199987,18.978802,18.853949,18.668108,16.918444,17.28401,0.0,0.0,0.0,0.0,0.0,0.0,0.0,4.0
575,2023.0,1.0,4.0,23.0,18.636314,18.644293,17.197159,17.068485,18.435965,18.277546,18.291567,18.154055,17.502172,17.341322,17.568275,17.666351,19.140856,18.942747,18.697634,18.523956,16.285559,16.045042,0.0,0.0,0.0,0.0,4.0,0.0,0.0,0.0
576,2023.0,1.0,5.0,0.0,18.5059,18.519085,17.110094,16.983757,18.288893,18.136034,18.138191,18.005968,18.00581,18.391375,17.285429,17.14005,19.045286,18.84861,19.588272,20.339352,16.055264,15.765829,0.0,0.0,0.0,4.0,0.0,0.0,4.0,0.0
577,2023.0,1.0,5.0,0.0,18.38784,18.405457,17.482317,17.747583,18.83259,19.274195,18.001265,17.87374,18.15408,18.575262,17.096601,16.925514,19.662682,20.09571,18.600004,18.296465,15.959045,15.669235,4.0,4.0,0.0,4.0,0.0,4.0,0.0,0.0
578,2023.0,1.0,5.0,0.0,18.280048,18.300127,17.218792,17.22182,18.3937,18.41212,17.87625,17.751865,17.34116,17.009884,16.991718,16.82404,19.567545,19.783916,18.187696,17.77982,16.048065,15.921678,0.0,0.0,0.0,0.0,0.0,4.0,0.0,0.0
579,2023.0,1.0,5.0,0.0,18.19409,18.228296,17.001184,16.894392,17.804089,17.40415,17.762249,17.640684,17.02057,16.626276,16.895687,16.726654,18.85313,18.452116,18.019876,17.617222,16.044662,15.925849,0.0,0.0,0.0,0.0,0.0,0.0,0.0,0.0
580,2023.0,1.0,5.0,0.0,18.110567,18.150019,16.904806,16.784132,17.560722,17.11139,17.654964,17.533043,16.883005,16.491577,17.12567,17.233665,18.572344,18.099659,18.108295,17.939047,16.011227,15.891462,0.0,0.0,0.0,0.0,4.0,0.0,0.0,0.0
581,2023.0,1.0,5.0,0.0,18.030195,18.073235,16.836748,16.718504,17.705194,17.544863,17.560898,17.443153,16.994568,16.832424,17.173983,17.29581,18.448187,17.982258,18.05157,17.887821,15.980111,15.860746,0.0,0.0,0.0,0.0,4.0,0.0,0.0,0.0
582,2023.0,1.0,5.0,1.0,17.956245,18.003988,16.778204,16.66389,17.665537,17.529974,17.476156,17.364082,16.965143,16.812052,16.86302,16.72185,18.60426,18.401659,17.973427,17.812344,15.950189,15.831699,0.0,0.0,0.0,0.0,0.0,0.0,0.0,0.0
583,2023.0,1.0,5.0,1.0,17.881105,17.927452,16.718151,16.60123,17.588335,17.453144,17.39022,17.275976,16.903929,16.74952,16.710062,16.538855,18.585398,18.389229,17.894152,17.731226,15.919117,15.7992525,0.0,0.0,0.0,0.0,0.0,0.0,0.0,0.0
584,2023.0,1.0,5.0,1.0,17.815128,17.864796,16.667316,16.553719,17.518494,17.38842,17.316566,17.20714,16.846617,16.693378,16.948906,17.059374,18.533764,18.339743,17.821913,17.660418,15.890116,15.770263,0.0,0.0,0.0,0.0,4.0,0.0,0.0,0.0
585,2023.0,1.0,5.0,1.0,17.749802,17.799374,16.614895,16.500143,17.446896,17.316866,17.242584,17.132706,16.789648,16.635319,17.005478,17.131552,18.481552,18.286545,17.751911,17.589699,15.860952,15.740174,0.0,0.0,0.0,0.0,4.0,0.0,0.0,0.0
586,2023.0,1.0,5.0,1.0,17.692879,17.747156,16.571049,16.460922,17.385578,17.262167,17.179878,17.076399,16.73925,16.58744,16.459387,16.08253,18.434093,18.24128,17.689217,17.529804,15.834053,15.713989,0.0,0.0,0.0,0.0,0.0,0.0,0.0,0.0
587,2023.0,1.0,5.0,1.0,17.635817,17.691494,16.525915,16.416796,17.323553,17.202494,17.116802,17.015305,16.68948,16.537954,16.534077,16.38425,18.387024,18.194452,17.627935,17.46912,16.538038,17.063148,0.0,0.0,0.0,0.0,4.0,0.0,0.0,4.0
588,2023.0,1.0,5.0,2.0,17.579613,17.63479,16.480696,16.371155,17.262548,17.141731,17.054996,16.953352,16.640825,16.488207,16.272352,15.8974695,18.34069,18.147089,17.568174,17.408403,16.838108,17.4544,0.0,0.0,0.0,0.0,0.0,0.0,0.0,4.0
589,2023.0,1.0,5.0,2.0,17.525946,17.580574,16.43686,16.326864,17.204473,17.083797,16.996664,16.89466,16.594625,16.441055,16.337341,16.161947,18.296412,18.101896,17.511469,17.350962,16.728752,17.116285,0.0,0.0,0.0,0.0,0.0,0.0,0.0,4.0
590,2023.0,1.0,5.0,2.0,17.478008,17.535643,16.397392,16.290298,17.152822,17.036116,16.945196,16.846642,16.553036,16.401102,16.31995,16.151892,18.256239,18.063225,17.460024,17.301561,16.015293,15.748094,0.0,0.0,0.0,0.0,0.0,0.0,0.0,0.0
591,2023.0,1.0,5.0,2.0,17.425741,17.480066,16.352774,16.242249,17.096138,16.976048,16.888714,16.78628,16.508812,16.35404,16.2687,16.098082,18.213455,18.017778,17.406078,17.244917,15.776625,15.465213,0.0,0.0,0.0,0.0,0.0,0.0,0.0,0.0
592,2023.0,1.0,5.0,2.0,17.37892,17.433601,16.313215,16.203178,17.04586,16.92682,16.83837,16.736702,16.468847,16.3139,16.221516,16.050787,18.17447,17.9786,17.356836,17.195726,15.684209,15.377013,0.0,0.0,0.0,0.0,0.0,0.0,0.0,0.0
593,2023.0,1.0,5.0,2.0,17.334475,17.390303,16.276255,16.168238,16.998941,16.882483,16.791094,16.691885,16.431114,16.276735,16.176933,16.007341,18.137419,17.942038,17.310095,17.149706,15.7928095,15.672067,0.0,0.0,0.0,0.0,0.0,0.0,0.0,0.0
594,2023.0,1.0,5.0,3.0,17.29185,17.349236,16.239996,16.133734,16.953564,16.839544,16.74518,16.64838,16.982199,17.345108,16.134455,15.966124,18.101774,17.907164,17.265411,17.106136,15.774703,15.649066,0.0,0.0,0.0,4.0,0.0,0.0,0.0,0.0
595,2023.0,1.0,5.0,3.0,17.249153,17.306513,16.20314,16.097164,16.90797,16.794687,16.699,16.602888,16.570015,16.443584,16.092283,15.923844,18.066149,17.871382,17.221092,17.061853,15.740199,15.614122,0.0,0.0,0.0,0.0,0.0,0.0,0.0,0.0
596,2023.0,1.0,5.0,3.0,17.206253,17.261862,16.165663,16.0585,16.862103,16.747915,16.65255,16.555456,16.42804,16.27206,16.368435,16.477762,18.030478,17.834623,17.17707,17.01682,15.705823,15.578509,0.0,0.0,0.0,0.0,4.0,0.0,0.0,0.0
597,2023.0,1.0,5.0,3.0,17.167631,17.224804,16.132053,16.026733,16.820873,16.709188,16.610886,16.51623,16.379133,16.224968,16.134243,15.980212,17.997734,17.802942,17.13665,16.977785,16.405241,16.923847,0.0,0.0,0.0,0.0,0.0,0.0,0.0,4.0
598,2023.0,1.0,5.0,3.0,17.125237,17.1795,16.094273,15.98577,16.7754,16.66087,16.565228,16.467487,16.330837,16.173899,16.026949,15.854939,17.962692,17.765978,17.094057,16.933323,16.712477,17.338299,0.0,0.0,0.0,0.0,0.0,0.0,0.0,4.0
599,2023.0,1.0,5.0,3.0,17.089344,17.146414,16.063658,15.958666,16.73796,16.627539,16.528078,16.43412,16.292686,16.138367,15.98697,15.818431,17.932123,17.737358,17.056591,16.89813,15.864316,15.621683,0.0,0.0,0.0,0.0,0.0,0.0,0.0,0.0
600,2023.0,1.0,5.0,4.0,17.050125,17.106033,16.029196,15.923495,16.696867,16.585953,16.48742,16.392607,16.840609,17.201754,16.24247,16.332186,17.899487,17.70401,17.017143,16.858032,15.59245,15.279185,0.0,0.0,0.0,4.0,4.0,0.0,0.0,0.0
601,2023.0,1.0,5.0,4.0,17.012358,17.067682,15.995689,15.8896885,16.657087,16.546236,16.447884,16.35292,16.428194,16.301777,16.021608,15.861992,17.867683,17.671873,16.978973,16.819704,15.499515,15.188397,0.0,0.0,0.0,0.0,0.0,0.0,0.0,0.0
602,2023.0,1.0,5.0,4.0,16.97388,17.02703,15.961361,15.853581,16.61648,16.504213,16.407312,16.310818,16.081038,15.718633,15.920876,15.748415,17.835331,17.638308,16.940502,16.780136,15.610147,15.486233,0.0,0.0,0.0,0.0,0.0,0.0,0.0,0.0
603,2023.0,1.0,5.0,4.0,16.938559,16.992249,15.929891,15.822962,16.57923,16.468302,16.369894,16.27472,16.565815,16.727373,16.177164,16.265242,17.80497,17.60845,16.904428,16.7448,15.593594,15.463532,0.0,0.0,0.0,4.0,4.0,0.0,0.0,0.0
604,2023.0,1.0,5.0,4.0,16.903147,16.956955,15.8982115,15.791648,16.542074,16.431961,16.332512,16.238142,16.118372,15.782383,15.968889,15.823281,17.774664,17.578466,17.882511,18.616816,15.56102,15.4311,0.0,0.0,0.0,0.0,0.0,0.0,4.0,0.0
605,2023.0,1.0,5.0,4.0,16.87627,16.938202,15.866192,15.7591505,16.504791,16.394522,16.294878,16.200388,15.919062,15.543728,16.135733,16.20658,17.74396,17.547487,17.021872,16.753237,15.528516,15.398223,0.0,0.0,0.0,0.0,4.0,0.0,0.0,0.0
606,2023.0,1.0,5.0,5.0,16.851742,16.920637,15.8329,15.723883,16.46657,16.354378,16.256073,16.159763,16.054033,15.891693,15.917092,15.747307,17.712236,17.5143,16.703856,16.328781,15.4952345,15.363401,0.0,0.0,0.0,0.0,0.0,0.0,0.0,0.0
607,2023.0,1.0,5.0,5.0,16.819979,16.889843,15.80305,15.695233,16.431774,16.320862,16.220852,16.125793,16.055817,15.8984375,16.140293,16.246302,17.68347,17.48681,16.60993,16.239847,15.465287,15.334344,0.0,0.0,0.0,0.0,4.0,0.0,0.0,0.0
608,2023.0,1.0,5.0,5.0,16.789188,16.86073,15.774999,15.669403,16.398596,16.29001,16.187511,16.094656,16.027584,15.871892,16.226757,16.353968,17.656221,17.461401,16.752544,16.605503,15.437393,15.307879,0.0,0.0,0.0,0.0,4.0,0.0,0.0,0.0
609,2023.0,1.0,5.0,5.0,16.75962,16.833668,15.74865,15.646155,16.366978,16.261816,16.155998,16.06636,16.587332,16.95053,15.69634,15.315136,17.630463,17.438156,16.73848,16.582792,15.411516,15.284082,0.0,0.0,0.0,4.0,0.0,0.0,0.0,0.0
610,2023.0,1.0,5.0,5.0,16.729212,16.80398,15.721802,15.621365,16.334793,16.2319,16.123951,16.036388,16.185137,16.065056,15.501666,15.096171,17.604836,17.41437,16.707212,16.55292,15.386264,15.26025,0.0,0.0,0.0,0.0,0.0,0.0,0.0,0.0
611,2023.0,1.0,5.0,5.0,16.69974,16.775673,15.6949215,15.59671,16.303085,16.202404,16.092161,16.00674,16.639765,17.006598,15.965384,16.06783,17.579992,17.39137,16.676607,16.524014,15.362213,15.23763,0.0,0.0,0.0,4.0,4.0,0.0,0.0,0.0
612,2023.0,1.0,5.0,6.0,16.67112,16.748627,15.668473,15.572951,16.272264,16.174206,16.061125,15.978311,16.03119,15.724958,16.118866,16.25498,17.556192,17.369726,16.646568,16.49609,16.062214,16.576162,0.0,0.0,0.0,0.0,4.0,0.0,0.0,4.0
613,2023.0,1.0,5.0,6.0,21.167276,24.5776,15.64242,15.549211,21.057768,24.586445,20.991802,24.628101,15.8045025,15.447995,20.146133,23.19263,21.327631,23.771685,21.7476,25.082361,21.193922,25.228392,0.0,0.0,0.0,0.0,0.0,0.0,0.0,4.0
614,2023.0,1.0,5.0,6.0,21.007244,23.783304,15.616581,15.524255,21.011364,23.919102,21.012249,24.066715,16.327143,16.509605,17.986794,18.421347,20.981773,22.947752,22.162334,25.466372,19.868137,22.302378,0.0,0.0,0.0,4.0,0.0,0.0,0.0,0.0
615,2023.0,1.0,5.0,6.0,21.082438,23.620377,15.591378,15.499922,21.086994,23.701244,21.091127,23.837074,20.45408,23.413057,16.580399,16.460936,21.068449,22.880806,20.909353,22.833748,18.103546,18.599682,0.0,0.0,0.0,0.0,0.0,0.0,0.0,4.0
616,2023.0,1.0,5.0,6.0,21.0701,23.383596,15.566994,15.476441,21.075039,23.431831,21.078848,23.554974,17.749155,17.756382,16.60618,16.694407,21.055779,22.68218,21.08857,23.037912,20.341118,22.924234,0.0,0.0,0.0,0.0,4.0,0.0,0.0,4.0
617,2023.0,1.0,5.0,6.0,21.069578,23.233023,15.543158,15.45367,21.074223,23.258436,21.078,23.372593,16.683523,16.535442,20.349997,23.162252,21.054743,22.553446,21.062948,22.869461,21.167791,24.030462,0.0,0.0,0.0,0.0,0.0,0.0,0.0,0.0
618,2023.0,1.0,5.0,7.0,21.067802,23.12178,15.5213995,15.432176,21.072092,23.129305,21.075098,23.234035,16.53967,16.393415,18.184515,18.5509,21.052917,22.45563,21.064207,22.781704,19.054323,19.5228,0.0,0.0,0.0,0.0,0.0,0.0,0.0,4.0
619,2023.0,1.0,5.0,7.0,21.066462,23.039188,15.499056,15.409745,21.070415,23.032528,21.073763,23.131784,16.431463,16.28741,17.256437,17.446579,21.051594,22.38181,21.062508,22.708485,20.298727,22.362165,0.0,0.0,0.0,0.0,4.0,0.0,0.0,0.0
620,2023.0,1.0,5.0,7.0,21.160704,23.1669,15.476502,15.387084,21.15994,23.139767,21.159502,23.227268,16.341866,16.199554,20.344545,22.869389,21.129866,22.483664,21.19092,22.910486,18.08577,17.921696,0.0,0.0,0.0,0.0,0.0,0.0,0.0,0.0
621,2023.0,1.0,5.0,7.0,21.064007,22.923693,15.929034,16.249146,21.06754,22.89609,21.070486,22.987024,16.265717,16.12533,18.315393,18.618437,21.04948,22.278025,21.060287,22.602114,17.006504,16.619385,4.0,0.0,0.0,0.0,0.0,0.0,0.0,0.0
622,2023.0,1.0,5.0,7.0,21.970806,24.29094,20.305046,23.718094,21.158949,23.034054,21.15881,23.11716,16.199448,16.060246,17.11244,16.981855,21.593927,23.164263,21.194408,22.83587,16.883682,16.711687,4.0,0.0,0.0,0.0,0.0,0.0,0.0,0.0
623,2023.0,1.0,5.0,7.0,21.585508,23.49951,20.034307,22.677275,21.987036,24.296576,21.906336,24.376154,16.144732,16.006927,16.806202,16.629566,21.680538,23.161287,21.873556,23.955324,16.762094,16.615952,0.0,0.0,0.0,0.0,0.0,0.0,0.0,0.0
624,2023.0,1.0,5.0,8.0,21.058748,22.64147,17.94585,18.305712,20.91805,22.327917,20.944283,22.501936,16.097351,15.961209,16.636703,16.466307,21.012909,22.021687,20.916868,22.076288,16.605713,16.468603,4.0,0.0,0.0,0.0,0.0,0.0,0.0,0.0
625,2023.0,1.0,5.0,8.0,19.59638,19.871603,20.245052,22.898252,19.45751,19.612192,19.379528,19.557577,16.765186,17.252409,16.503263,16.337767,19.854158,19.811485,19.552723,19.530893,17.41052,18.114147,0.0,0.0,0.0,4.0,0.0,0.0,0.0,4.0
626,2023.0,1.0,5.0,8.0,19.416883,20.083652,17.935844,18.061493,19.20143,19.665018,18.413204,18.329826,20.42173,23.321892,16.772364,16.94849,19.240255,19.056011,18.81046,18.64802,20.32432,23.011856,0.0,4.0,0.0,0.0,4.0,0.0,0.0,0.0
627,2023.0,1.0,5.0,8.0,18.786789,18.951262,16.80784,16.726736,18.577581,18.5865,18.021296,17.89792,17.75252,17.752922,20.357767,23.089453,18.994823,18.80284,19.499334,20.226942,17.802849,17.742025,0.0,0.0,0.0,0.0,4.0,0.0,4.0,0.0
628,2023.0,1.0,5.0,8.0,18.687798,19.051208,17.031952,17.330177,18.414669,18.554533,17.758087,17.629114,16.514269,16.185188,20.038,22.119858,18.81288,18.62546,18.51715,18.198732,17.528645,17.985958,4.0,4.0,0.0,0.0,0.0,0.0,0.0,4.0
629,2023.0,1.0,5.0,8.0,18.645914,19.03939,20.269424,22.985079,18.34691,18.518627,18.235655,18.707636,17.20813,17.725414,17.931019,17.814014,19.436243,19.948925,17.895948,17.488718,20.325539,22.801506,0.0,4.0,4.0,4.0,0.0,4.0,0.0,4.0
630,2023.0,1.0,5.0,9.0,17.916265,17.769686,18.566597,19.283447,17.614182,17.25435,17.805029,17.836805,20.333096,22.98868,17.041924,16.853601,18.905212,18.802189,18.656124,19.1426,20.0497,22.02976,4.0,0.0,0.0,0.0,0.0,0.0,4.0,0.0
631,2023.0,1.0,5.0,9.0,18.17851,18.5417,20.282824,22.672014,17.176765,16.722494,17.112207,16.744967,17.893957,17.854849,17.269703,17.446688,18.304045,17.888231,17.961142,17.63482,17.950241,17.818117,4.0,0.0,0.0,0.0,4.0,0.0,0.0,0.0
632,2023.0,1.0,5.0,9.0,17.658554,17.521677,20.034279,21.955175,16.97253,16.515305,16.78436,16.35611,16.707697,16.357042,20.332632,22.73599,18.033537,17.574553,17.484781,17.095848,17.80369,18.222076,4.0,0.0,0.0,0.0,4.0,0.0,0.0,4.0
633,2023.0,1.0,5.0,9.0,17.250568,17.006512,20.073498,21.878021,17.778685,18.20119,16.8639,16.681242,16.621355,16.454569,20.04314,21.901772,18.134848,17.925371,17.29397,16.903156,22.024096,25.52797,4.0,4.0,0.0,0.0,0.0,0.0,0.0,0.0
634,2023.0,1.0,5.0,9.0,17.791378,18.16685,20.083586,21.801739,17.271664,17.048563,16.86787,16.736336,16.553823,16.410131,18.065039,17.896284,18.139776,17.955795,17.150782,16.765085,18.874123,18.930784,0.0,0.0,0.0,0.0,0.0,0.0,0.0,0.0
635,2023.0,1.0,5.0,9.0,17.3432,17.22018,18.53528,18.730314,17.4276,17.592745,16.788687,16.663425,16.44555,16.305288,17.23225,17.028627,18.072502,17.890726,17.23759,17.066236,17.272127,16.916073,4.0,4.0,0.0,0.0,0.0,0.0,0.0,0.0
636,2023.0,1.0,5.0,10.0,17.756678,18.138783,20.229198,22.005995,16.892239,16.566107,17.428627,17.92551,17.066862,17.539917,17.08629,16.899294,18.014828,17.832247,17.224857,17.073376,17.128536,16.94519,4.0,0.0,4.0,4.0,0.0,0.0,0.0,0.0
637,2023.0,1.0,5.0,10.0,17.273178,17.14144,20.054585,21.601864,17.225172,17.395866,17.090807,17.134096,20.32425,23.057106,16.92151,16.746508,17.958567,17.780025,17.163944,17.016964,16.990042,16.845959,0.0,4.0,0.0,4.0,0.0,0.0,0.0,0.0
638,2023.0,1.0,5.0,10.0,17.63958,18.04824,18.314335,18.224392,16.800137,16.500994,17.165602,17.415508,20.045412,22.156483,17.158766,17.325214,17.909042,17.734755,17.105211,16.96214,16.819426,16.686598,0.0,0.0,4.0,0.0,4.0,0.0,0.0,0.0
639,2023.0,1.0,5.0,10.0,17.201733,17.117998,17.520061,17.386145,16.475134,16.092455,16.62478,16.359394,17.918264,17.811882,20.411205,22.795221,17.865065,17.69488,17.051094,16.911787,16.670181,16.544464,0.0,0.0,0.0,0.0,0.0,0.0,0.0,0.0
640,2023.0,1.0,5.0,10.0,17.58284,18.029062,17.731712,17.99478,17.047949,17.263388,16.291702,15.938259,16.880861,16.52478,18.40566,18.700129,17.82563,17.659595,17.001793,16.866207,16.54403,16.425508,4.0,4.0,0.0,0.0,0.0,0.0,0.0,0.0
641,2023.0,1.0,5.0,10.0,17.095179,17.045723,20.236181,22.512035,16.637436,16.424482,16.196518,15.847717,17.365017,17.625534,17.51076,17.34561,17.794214,17.631714,17.965075,18.715647,17.392828,18.11152,0.0,0.0,0.0,4.0,0.0,0.0,4.0,4.0
642,2023.0,1.0,5.0,11.0,16.759838,16.603468,18.505697,18.879913,16.321644,15.99738,16.320965,16.187008,20.334106,22.682121,17.239365,17.075106,18.50563,19.007536,17.247526,17.018972,20.315216,23.0165,0.0,0.0,0.0,4.0,0.0,4.0,0.0,0.0
643,2023.0,1.0,5.0,11.0,16.660995,16.508272,17.843037,18.188997,16.2225,15.895605,17.081097,17.622395,20.041784,21.897343,17.053787,16.89541,17.88502,17.589666,16.826075,16.524437,17.876423,17.893373,4.0,0.0,4.0,0.0,0.0,0.0,0.0,0.0
644,2023.0,1.0,5.0,11.0,16.79102,16.841135,20.272087,22.508368,16.351559,16.226051,17.393648,18.005684,18.12113,18.025734,16.901081,16.745678,17.541065,17.173975,16.718956,16.418814,16.764153,16.502598,4.0,0.0,4.0,0.0,0.0,0.0,0.0,0.0
645,2023.0,1.0,5.0,11.0,16.830519,16.916283,20.043543,21.849062,17.142763,17.714195,17.227758,17.610268,17.85582,18.14121,17.18556,17.396254,17.461096,17.097591,16.650007,16.358107,16.642479,16.51429,0.0,4.0,4.0,4.0,4.0,0.0,0.0,0.0
646,2023.0,1.0,5.0,11.0,17.56676,18.329058,18.228209,18.230139,17.438787,18.054161,17.17723,17.550274,20.346008,22.525124,20.36821,22.752619,17.600409,17.437529,16.750021,16.621782,16.558317,16.450686,0.0,4.0,4.0,0.0,4.0,0.0,0.0,0.0
647,2023.0,1.0,5.0,11.0,17.027834,17.071272,17.167171,16.842522,17.294548,17.69456,17.190214,17.569342,18.24869,18.200459,20.034529,21.889585,17.643633,17.499321,16.774048,16.658289,16.457115,16.356148,0.0,4.0,4.0,0.0,0.0,0.0,0.0,0.0
648,2023.0,1.0,5.0,12.0,17.35934,17.905617,17.506086,17.75361,17.24821,17.632227,16.608227,16.483505,17.216158,16.903234,18.194887,18.13898,18.369568,18.888578,16.75121,16.639326,16.367998,16.272137,4.0,4.0,0.0,0.0,0.0,4.0,0.0,0.0
649,2023.0,1.0,5.0,12.0,21.250221,24.58737,20.246964,22.653437,21.209234,24.483587,21.1597,24.573372,17.950201,18.507727,17.601807,17.408464,21.220568,23.73801,22.130476,25.686228,16.299614,16.202381,0.0,0.0,0.0,4.0,0.0,0.0,0.0,0.0
650,2023.0,1.0,5.0,12.0,21.028097,23.698498,18.461508,18.862894,21.028837,23.683676,21.028076,23.805887,20.267427,22.38639,17.432993,17.273811,21.95016,24.516016,21.925884,25.071535,16.23358,16.139908,0.0,0.0,0.0,4.0,0.0,4.0,0.0,0.0
651,2023.0,1.0,5.0,12.0,21.090902,23.52484,17.796623,18.172848,21.096865,23.516424,21.09985,23.620958,20.046307,21.747026,17.25574,17.106323,20.940828,22.426094,20.953604,22.89339,16.17948,16.089481,4.0,0.0,0.0,0.0,0.0,4.0,0.0,0.0
652,2023.0,1.0,5.0,12.0,21.143919,23.45757,20.279602,22.583752,21.141846,23.41202,21.049067,23.314344,18.276781,18.187105,17.106167,16.961346,21.137506,22.68393,21.078531,22.99146,16.136478,16.050114,0.0,4.0,4.0,0.0,0.0,4.0,0.0,0.0
653,2023.0,1.0,5.0,12.0,21.041348,23.107512,18.588411,18.997791,21.066727,23.106686,21.078655,23.264782,17.377634,17.069601,16.988976,16.85501,21.035704,22.378462,21.060892,22.84039,16.10173,16.019033,4.0,4.0,0.0,0.0,0.0,4.0,0.0,0.0
654,2023.0,1.0,5.0,13.0,21.164091,23.288248,20.238338,22.401491,21.160452,23.205246,21.152475,23.2676,17.28035,17.136974,16.889585,16.761953,21.131119,22.510801,21.18591,23.001421,16.073183,15.994066,0.0,0.0,4.0,0.0,0.0,0.0,0.0,0.0
655,2023.0,1.0,5.0,13.0,21.076694,23.015726,18.339327,18.475828,21.079401,22.954243,21.088032,23.06722,17.196222,17.075901,16.804907,16.68447,21.028788,22.218052,21.058985,22.675083,16.04769,15.97033,0.0,0.0,0.0,0.0,0.0,4.0,0.0,0.0
656,2023.0,1.0,5.0,13.0,21.071325,22.934418,17.388197,17.333408,21.07558,22.879,21.078403,22.97799,17.073391,16.954952,16.726025,16.60663,21.062313,22.25692,21.05616,22.616291,16.024261,15.947859,0.0,0.0,0.0,0.0,0.0,0.0,0.0,0.0
657,2023.0,1.0,5.0,13.0,21.03416,22.81205,17.180908,17.132082,21.03849,22.759962,21.081028,22.926067,17.767956,18.36468,17.058779,17.295164,21.055635,22.19787,21.057493,22.575188,16.004442,15.930005,0.0,4.0,0.0,4.0,4.0,0.0,0.0,0.0
658,2023.0,1.0,5.0,13.0,21.079319,22.873842,17.0093,16.961153,21.08316,22.82013,21.06514,22.876837,20.371477,22.757353,20.312536,22.837063,21.055538,22.159626,21.056438,22.537136,16.934492,17.702139,0.0,0.0,0.0,0.0,0.0,0.0,0.0,4.0
659,2023.0,1.0,5.0,13.0,21.044397,22.742842,16.866177,16.817009,21.07445,22.76065,21.065882,22.857012,18.759092,19.236734,18.407118,18.750603,21.013042,22.049173,21.016846,22.401245,20.359182,23.363659,0.0,0.0,0.0,4.0,0.0,4.0,4.0,4.0
660,2023.0,1.0,5.0,14.0,21.049644,22.723677,17.200556,17.546745,21.074255,22.723827,21.064703,22.832874,20.288282,22.283772,17.287786,17.204857,21.060616,22.136791,21.0348,22.39879,20.04028,22.347439,4.0,0.0,0.0,0.0,0.0,0.0,4.0,0.0
661,2023.0,1.0,5.0,14.0,19.354176,19.476147,20.303421,22.9175,19.562971,19.816833,19.455153,19.721245,18.393663,18.374561,17.047758,16.931751,19.70663,19.506582,19.390802,19.252909,17.898207,17.934137,4.0,0.0,0.0,0.0,0.0,0.0,0.0,0.0
662,2023.0,1.0,5.0,14.0,18.408241,18.288078,20.015081,22.022713,18.603567,18.56192,18.459064,18.432198,17.434587,17.157343,16.923952,16.80635,19.774761,20.08019,18.54161,18.224955,17.805372,18.391891,4.0,0.0,0.0,0.0,0.0,4.0,0.0,4.0
663,2023.0,1.0,5.0,14.0,18.084047,17.959772,20.081322,21.959373,18.252068,18.184305,18.103651,18.052393,17.32608,17.190657,16.83431,16.72208,19.15196,18.873611,18.23924,17.928696,20.310377,22.710552,0.0,0.0,0.0,0.0,0.0,0.0,0.0,0.0
664,2023.0,1.0,5.0,14.0,18.03259,18.088339,18.646376,19.036207,18.011614,17.940641,17.860477,17.806154,17.243065,17.133259,16.760744,16.654228,18.747238,18.400328,18.026497,17.727564,18.124514,18.173252,4.0,0.0,0.0,0.0,0.0,0.0,0.0,0.0
665,2023.0,1.0,5.0,14.0,17.958075,18.050879,20.213753,22.06486,17.853096,17.780457,17.700659,17.64369,17.152328,17.046736,16.707458,16.602938,19.34512,19.663101,18.025826,17.880222,17.3481,17.096458,0.0,0.0,0.0,0.0,0.0,4.0,0.0,0.0
666,2023.0,1.0,5.0,15.0,17.844742,17.956924,18.504269,18.62778,17.692434,17.626883,17.538704,17.488504,17.786598,18.332922,16.652916,16.554497,18.837757,18.58348,17.955772,17.839417,18.104038,18.800364,0.0,0.0,0.0,4.0,0.0,0.0,0.0,4.0
667,2023.0,1.0,5.0,15.0,18.48081,19.237452,17.85917,17.7942,17.571424,17.505026,17.416613,17.365204,20.297647,22.651735,16.608349,16.510847,18.551083,18.212114,17.861244,17.749846,20.290756,22.570974,0.0,0.0,0.0,0.0,0.0,0.0,0.0,0.0
668,2023.0,1.0,5.0,15.0,18.490396,19.07695,17.608986,17.564915,17.44454,17.382166,17.289568,17.24142,18.23324,18.285118,16.55856,16.463127,18.405775,18.070347,17.756872,17.650257,18.188293,18.22147,0.0,0.0,0.0,0.0,0.0,0.0,0.0,0.0
669,2023.0,1.0,5.0,15.0,17.786476,17.792469,17.882439,18.231785,17.344934,17.280413,17.190786,17.139503,17.45646,17.162994,16.51463,16.41851,18.479305,18.322145,17.67168,17.565216,17.422894,17.148785,4.0,0.0,0.0,0.0,0.0,0.0,0.0,0.0
670,2023.0,1.0,5.0,15.0,18.203825,18.733377,20.251732,22.427095,17.255884,17.195599,17.102478,17.054554,18.131838,18.642006,16.472141,16.376986,19.242704,19.815947,17.59446,17.49212,17.306545,17.171007,0.0,0.0,0.0,4.0,0.0,4.0,0.0,0.0
671,2023.0,1.0,5.0,15.0,18.359362,18.933199,18.624422,19.02251,17.162569,17.104954,17.009174,16.963736,20.27693,22.279646,16.429245,16.335817,19.286287,19.669971,18.571508,19.411385,17.16225,17.052122,0.0,0.0,0.0,0.0,0.0,4.0,4.0,0.0
672,2023.0,1.0,5.0,16.0,17.72215,17.759516,17.589949,17.609167,17.777838,18.332613,17.626476,18.196764,18.38697,18.375135,16.385685,16.290478,18.538372,18.28666,17.823856,17.67682,17.00501,16.901333,0.0,4.0,4.0,0.0,0.0,0.0,0.0,0.0
673,2023.0,1.0,5.0,16.0,17.40584,17.311472,17.32581,17.27385,17.988533,18.619804,17.191982,17.274366,17.645847,17.324669,16.345222,16.246965,18.261032,17.920958,17.457975,17.18948,16.88618,16.782452,0.0,4.0,0.0,0.0,0.0,0.0,0.0,0.0
674,2023.0,1.0,5.0,16.0,18.003326,18.543478,17.17552,17.119616,17.819284,18.237679,16.768202,16.564611,18.316273,18.819107,16.305367,16.205599,18.924751,19.27778,17.32496,17.057045,16.781752,16.682928,0.0,4.0,0.0,4.0,0.0,4.0,0.0,0.0
675,2023.0,1.0,5.0,16.0,18.127007,18.697603,17.49641,17.827864,17.774927,18.171286,16.604237,16.366144,20.262217,22.190184,16.266314,16.165163,18.35237,18.095682,17.22227,16.95754,16.689817,16.595585,4.0,4.0,0.0,0.0,0.0,0.0,0.0,0.0
676,2023.0,1.0,5.0,16.0,18.13436,18.69404,20.27195,22.67912,17.761017,18.153812,16.652567,16.571772,18.407173,18.36337,16.222784,16.119303,18.030926,17.702593,17.265482,17.143513,16.59406,16.503736,0.0,4.0,0.0,0.0,0.0,0.0,0.0,0.0
677,2023.0,1.0,5.0,16.0,17.526648,17.553299,18.82853,19.530315,17.74601,18.13425,17.36011,17.932302,17.472239,17.178665,16.184687,16.080023,18.686325,19.02979,18.245882,19.014128,16.506529,16.418514,4.0,4.0,4.0,0.0,0.0,4.0,4.0,0.0
678,2023.0,1.0,5.0,17.0,17.944355,18.468664,20.24292,22.152956,17.731794,18.115643,17.578905,18.212656,17.40274,17.24824,16.154789,16.047297,18.865196,19.23302,17.447733,17.28797,16.438639,16.351463,4.0,4.0,4.0,0.0,0.0,4.0,0.0,0.0
679,2023.0,1.0,5.0,17.0,17.451733,17.434454,20.045298,21.654821,17.719118,18.101353,17.42446,17.84183,17.31667,17.190035,16.51064,16.738537,18.912823,19.273401,17.03281,16.781704,16.366156,16.275694,0.0,4.0,4.0,0.0,4.0,4.0,0.0,0.0
680,2023.0,1.0,5.0,17.0,17.836777,18.367947,18.715727,18.995611,17.708029,18.08945,16.785326,16.676718,17.19744,17.080101,20.368006,23.146965,18.95278,19.308731,16.929039,16.673662,17.18427,17.869482,4.0,4.0,0.0,0.0,4.0,4.0,0.0,4.0
681,2023.0,1.0,5.0,17.0,18.021093,18.582891,20.226313,22.07706,17.69705,18.077435,16.433733,16.209436,17.085882,16.971329,20.010365,22.186264,18.266983,17.991564,16.8564,16.601887,21.60532,25.307896,4.0,4.0,0.0,0.0,0.0,0.0,0.0,0.0
682,2023.0,1.0,5.0,17.0,18.035234,18.594255,20.027897,21.535007,17.685972,18.065382,16.99232,17.34534,16.988773,16.877323,18.235483,18.487125,18.709152,19.05012,16.933718,16.818996,19.073183,19.740925,4.0,4.0,4.0,0.0,0.0,4.0,0.0,4.0
683,2023.0,1.0,5.0,17.0,17.414644,17.429249,20.055752,21.498188,17.675114,18.053556,16.628141,16.514826,16.904484,16.79572,17.597792,17.80738,18.919998,19.273472,16.943224,16.833858,20.300926,22.530312,4.0,4.0,0.0,0.0,4.0,4.0,0.0,0.0
684,2023.0,1.0,5.0,18.0,17.779593,18.317223,20.069103,21.476425,17.664433,18.041933,16.986237,17.351425,16.826855,16.715778,20.37263,22.556664,18.233221,17.953789,16.91261,16.803589,18.151808,18.128437,0.0,4.0,4.0,0.0,0.0,0.0,0.0,0.0
685,2023.0,1.0,5.0,18.0,21.330736,24.41177,18.872204,19.111258,21.36315,24.479847,21.25136,24.629314,16.756649,16.644197,18.282665,18.297,22.0092,24.749544,22.355322,25.976784,18.05228,18.593903,4.0,4.0,0.0,0.0,0.0,4.0,0.0,4.0
686,2023.0,1.0,5.0,18.0,21.007214,23.380346,20.221424,21.90932,21.014753,23.410961,21.027725,23.718472,16.69657,16.582802,17.33423,17.186842,20.94661,22.5097,22.078085,25.049513,20.303282,22.5018,0.0,4.0,0.0,0.0,0.0,0.0,0.0,0.0
687,2023.0,1.0,5.0,18.0,21.090405,23.321974,18.56346,18.56565,21.071972,23.266666,21.098003,23.543552,16.646118,16.53254,17.153362,17.012041,21.076992,22.584574,20.901474,22.648043,18.873524,19.428467,0.0,4.0,0.0,0.0,0.0,0.0,0.0,4.0
688,2023.0,1.0,5.0,18.0,21.05087,23.056343,17.78676,17.699036,21.062378,23.071594,21.07052,23.305475,16.601713,16.487923,17.00681,16.86882,21.060091,22.413761,21.086973,22.895323,20.231544,22.1398,0.0,4.0,0.0,0.0,0.0,0.0,0.0,4.0
689,2023.0,1.0,5.0,18.0,21.080153,23.019018,18.053751,18.386797,21.059029,22.939785,21.069416,23.171175,16.560596,16.445469,17.29451,17.524889,21.045109,22.309391,21.055092,22.736605,20.006187,21.552998,4.0,4.0,0.0,0.0,4.0,0.0,0.0,4.0
690,2023.0,1.0,5.0,19.0,21.151737,23.053932,20.25482,22.267141,21.059492,22.846558,21.070066,23.072323,16.525145,16.410622,20.378002,22.677778,21.17471,22.491676,21.021786,22.566452,21.240671,23.462177,0.0,4.0,0.0,0.0,0.0,4.0,4.0,0.0
691,2023.0,1.0,5.0,19.0,21.078445,22.860498,19.013926,19.61069,21.057922,22.77219,21.068123,22.991114,16.493109,16.3791,18.460098,18.742487,21.063585,22.220734,21.07863,22.631517,19.240763,19.249876,4.0,4.0,0.0,0.0,0.0,0.0,0.0,0.0
692,2023.0,1.0,5.0,19.0,21.071602,22.794159,20.236095,22.04263,21.081192,22.781757,21.067179,22.92861,16.464176,16.35048,17.727919,17.922178,21.056152,22.152534,21.06757,22.545212,18.733824,19.19657,4.0,0.0,0.0,0.0,4.0,0.0,0.0,4.0
693,2023.0,1.0,5.0,19.0,21.045042,22.678534,20.027617,21.49089,21.074984,22.718489,21.066286,22.878445,16.43792,16.32456,20.37878,22.457146,21.055786,22.1089,21.067537,22.492239,21.541922,23.999977,4.0,0.0,0.0,0.0,0.0,0.0,0.0,0.0
694,2023.0,1.0,5.0,19.0,21.049412,22.658731,20.072048,21.50032,21.049828,22.606411,21.064854,22.835253,16.414341,16.301495,18.559168,18.773134,21.042116,22.072655,21.054264,22.447084,18.671654,18.542955,0.0,4.0,0.0,0.0,0.0,0.0,0.0,0.0
695,2023.0,1.0,5.0,19.0,21.048317,22.63434,18.862047,19.090261,21.078743,22.653996,21.06422,22.800478,16.393032,16.280806,17.563997,17.450636,21.043036,22.063057,21.055296,22.429415,17.704643,17.369297,4.0,0.0,0.0,0.0,0.0,0.0,0.0,0.0
696,2023.0,1.0,5.0,20.0,21.07414,22.685686,20.219467,21.878883,21.072351,22.61171,21.06372,22.77206,16.372606,16.260633,17.29795,17.146439,21.012852,21.973234,21.054358,22.408932,18.560246,19.284424,4.0,0.0,0.0,0.0,0.0,4.0,0.0,4.0
697,2023.0,1.0,5.0,20.0,21.042248,22.577368,20.027777,21.383791,21.057154,22.584702,21.062986,22.746868,16.352566,16.240158,17.13239,16.978785,21.060316,22.058378,21.05395,22.39045,20.214195,21.999247,4.0,0.0,0.0,0.0,0.0,0.0,0.0,0.0
698,2023.0,1.0,5.0,20.0,21.047071,22.570885,20.07056,21.414673,21.03394,22.51532,21.062334,22.724312,16.33338,16.220472,17.008165,16.857533,21.052883,22.014112,21.05342,22.372726,18.36079,18.227316,0.0,4.0,0.0,0.0,0.0,0.0,0.0,0.0
699,2023.0,1.0,5.0,20.0,21.046125,22.555313,18.582335,18.514448,21.063284,22.592903,21.061947,22.70481,16.315203,16.20177,16.905699,16.759987,21.053055,21.989424,21.053074,22.356192,17.469656,17.143963,0.0,0.0,0.0,0.0,0.0,0.0,0.0,0.0
700,2023.0,1.0,5.0,20.0,21.072308,22.613882,18.338879,18.609377,21.047583,22.50396,21.061663,22.687765,16.29706,16.183031,16.815102,16.672287,21.00984,21.889975,21.052662,22.340418,18.373684,19.106684,4.0,4.0,0.0,0.0,0.0,4.0,0.0,4.0
701,2023.0,1.0,5.0,20.0,21.164715,22.778816,20.23374,21.981817,21.188848,22.762264,21.174763,22.89845,16.278875,16.16416,16.73215,16.590134,21.135376,22.14232,21.221899,22.664711,20.19738,22.046818,4.0,4.0,0.0,0.0,0.0,0.0,0.0,4.0
702,2023.0,1.0,5.0,21.0,21.037596,22.48279,20.015425,21.409748,21.075386,22.530197,21.034021,22.579012,16.260681,16.144522,16.656834,16.513506,21.050224,21.948732,21.051647,22.30435,20.039581,21.575756,4.0,0.0,4.0,0.0,0.0,0.0,0.0,0.0
703,2023.0,1.0,5.0,21.0,21.07322,22.565592,20.07443,21.45371,21.070759,22.50173,21.06735,22.659903,16.245438,16.129927,17.005247,17.225359,21.052698,21.936787,21.014385,22.19497,18.33234,18.162552,0.0,0.0,0.0,0.0,4.0,0.0,4.0,0.0
704,2023.0,1.0,5.0,21.0,21.192972,22.770893,18.865976,19.04859,21.164536,22.66821,21.177393,22.817112,16.230482,16.115023,20.431753,22.919493,21.155085,22.151672,21.201704,22.570614,17.502583,17.164923,4.0,0.0,4.0,0.0,0.0,0.0,0.0,0.0
705,2023.0,1.0,5.0,21.0,21.166998,22.725428,20.219362,21.82835,21.187784,22.723839,21.165873,22.781351,16.963692,17.507849,18.369276,18.64293,21.154593,22.151405,21.194593,22.525526,17.250175,16.915909,4.0,0.0,0.0,4.0,0.0,0.0,0.0,0.0
706,2023.0,1.0,5.0,21.0,21.06405,22.503607,20.02663,21.330254,21.054968,22.458918,21.071566,22.56389,20.344376,23.1817,17.24757,17.115238,21.0094,21.841402,21.060665,22.230387,18.252497,18.990938,4.0,0.0,0.0,0.0,0.0,4.0,0.0,4.0
707,2023.0,1.0,5.0,21.0,21.064564,22.489359,20.069227,21.360355,21.03,22.390778,21.071829,22.541819,17.879622,17.894844,17.425404,17.63108,21.057615,21.939318,21.04836,22.211067,20.250933,22.243773,0.0,4.0,0.0,0.0,4.0,0.0,0.0,0.0
708,2023.0,1.0,5.0,22.0,21.049562,22.474152,18.919128,19.083593,21.059902,22.474173,21.05596,22.520294,16.743938,16.461285,20.38322,22.586899,21.050215,21.904232,21.049637,22.212685,18.964695,19.4411,4.0,0.0,0.0,0.0,0.0,0.0,0.0,4.0
709,2023.0,1.0,5.0,22.0,21.051334,22.48407,20.219372,21.777891,21.044056,22.38895,21.057442,22.524157,16.68755,16.548155,18.753044,19.19677,21.050552,21.88751,21.049273,22.208334,20.250023,22.01714,0.0,4.0,0.0,0.0,4.0,0.0,0.0,0.0
710,2023.0,1.0,5.0,22.0,21.024542,22.413504,18.926159,19.114954,21.072468,22.444462,21.05687,22.520021,16.65098,16.527267,20.285181,22.22529,21.007309,21.793964,21.049011,22.202328,18.383156,18.21223,4.0,0.0,0.0,0.0,0.0,4.0,0.0,0.0
711,2023.0,1.0,5.0,22.0,21.245926,22.862875,20.216131,21.790972,21.196362,22.651115,21.223295,22.828432,16.578598,16.454145,18.611397,18.765802,21.181469,22.130598,21.23238,22.562513,17.507113,17.163864,4.0,4.0,4.0,0.0,0.0,4.0,0.0,0.0
712,2023.0,1.0,5.0,22.0,21.07149,22.50168,20.014555,21.27272,21.072947,22.404016,21.03738,22.45035,16.513702,16.387775,17.65843,17.508204,21.05526,21.8834,21.048275,22.180195,17.452528,17.30139,4.0,0.0,4.0,0.0,0.0,0.0,0.0,0.0
713,2023.0,1.0,5.0,22.0,21.037539,22.396544,20.07108,21.32893,21.066914,22.379242,21.079264,22.529367,17.081772,17.50714,17.39702,17.217073,21.019785,21.78177,21.050846,22.182993,17.361961,17.2173,0.0,0.0,0.0,4.0,0.0,4.0,0.0,0.0
714,2023.0,1.0,5.0,23.0,21.06811,22.462656,18.632988,18.522398,21.050665,22.361242,21.068747,22.481693,20.392338,23.012503,17.23728,17.064146,21.024342,21.785662,21.007917,22.062855,18.058437,18.64232,0.0,0.0,0.0,0.0,0.0,4.0,4.0,4.0
715,2023.0,1.0,5.0,23.0,19.57103,19.571533,17.99363,17.859106,19.775808,19.92214,19.43384,19.327602,18.224602,18.463669,17.111347,16.943802,20.433235,20.647339,19.543304,19.274515,17.577045,17.50898,0.0,0.0,0.0,0.0,0.0,4.0,0.0,0.0
716,2023.0,1.0,5.0,23.0,18.896627,18.636215,17.837164,17.710283,19.118351,18.979498,18.912912,18.746822,17.41085,17.266361,17.017992,16.850546,19.60625,19.209501,18.959501,18.528206,17.130621,16.822834,0.0,0.0,0.0,0.0,0.0,0.0,0.0,0.0
717,2023.0,1.0,5.0,23.0,19.594305,20.2199,17.692583,17.569616,18.842342,18.689936,18.688562,18.55034,17.825436,18.215319,16.934385,16.771986,19.24637,18.770851,19.69194,20.141645,16.96197,16.644924,0.0,0.0,0.0,4.0,0.0,0.0,4.0,0.0
718,2023.0,1.0,5.0,23.0,18.849844,18.770609,17.563843,17.442488,18.63585,18.48453,18.479671,18.34558,17.330462,17.235012,17.169413,17.282398,19.789421,19.97409,18.889112,18.557768,17.009348,16.855803,0.0,0.0,0.0,0.0,4.0,4.0,0.0,0.0
719,2023.0,1.0,5.0,23.0,18.419916,18.183323,17.902735,18.177885,18.462486,18.313168,18.301634,18.170322,16.896069,16.570791,16.931343,16.794706,19.171211,18.76169,18.51392,18.108921,16.982994,16.854095,4.0,0.0,0.0,0.0,0.0,0.0,0.0,0.0
720,2023.0,1.0,6.0,0.0,18.21984,17.977749,17.578775,17.56455,18.310839,18.162725,18.145008,18.015291,16.708158,16.364319,16.782038,16.623524,18.881989,18.417225,18.329378,17.92945,16.921616,16.792303,0.0,0.0,0.0,0.0,0.0,0.0,0.0,0.0
721,2023.0,1.0,6.0,0.0,18.32063,18.339705,17.341524,17.225296,18.17353,18.024176,18.003445,17.872448,16.76955,16.611124,16.71042,16.551252,18.740171,18.278042,18.384832,18.199102,16.861156,16.729961,0.0,0.0,0.0,0.0,0.0,0.0,0.0,0.0
722,2023.0,1.0,6.0,0.0,18.255516,18.293003,17.235498,17.120083,18.05969,17.919102,17.886377,17.764227,16.731064,16.588003,16.650095,16.495253,18.849844,18.622652,18.317959,18.147411,17.53689,18.050657,0.0,0.0,0.0,0.0,0.0,0.0,0.0,4.0
723,2023.0,1.0,6.0,0.0,18.166119,18.207436,17.144398,17.029686,17.95153,17.813984,18.487694,18.994127,16.669394,16.530752,16.883331,16.980028,18.829988,18.634796,18.22904,18.06372,17.01461,16.915424,0.0,0.0,4.0,0.0,4.0,0.0,0.0,0.0
724,2023.0,1.0,6.0,0.0,18.08129,18.124975,17.064196,16.950674,17.853119,17.7184,18.00399,18.01592,17.23524,17.652998,16.662024,16.517803,18.764156,18.57373,18.143734,17.981646,16.686308,16.404959,0.0,0.0,0.0,4.0,0.0,0.0,0.0,0.0
725,2023.0,1.0,6.0,0.0,18.002024,18.04766,16.99156,16.87924,17.763012,17.630936,17.493814,17.157192,16.790651,16.68578,16.544659,16.3885,18.695545,18.502497,18.064005,17.904514,16.555271,16.252636,0.0,0.0,0.0,0.0,0.0,0.0,0.0,0.0
726,2023.0,1.0,6.0,1.0,17.92379,17.96599,16.91909,16.802116,17.673916,17.538067,17.277554,16.89356,16.607403,16.46418,16.48574,16.323645,18.6285,18.431612,17.984018,17.81877,16.64485,16.514853,0.0,0.0,0.0,0.0,0.0,0.0,0.0,0.0
727,2023.0,1.0,6.0,1.0,17.860083,17.90807,16.862509,16.751995,17.60301,17.475163,17.384186,17.232979,17.170956,17.58683,16.438435,16.279043,18.57207,18.377695,17.917356,17.754995,16.619808,16.486256,0.0,0.0,0.0,4.0,0.0,0.0,0.0,0.0
728,2023.0,1.0,6.0,1.0,17.796383,17.845457,16.804548,16.69501,17.531778,17.406023,17.365936,17.25322,16.55401,16.278687,16.680151,16.769228,18.51638,18.321558,17.852776,17.69025,16.581171,16.447401,0.0,0.0,0.0,0.0,4.0,0.0,0.0,0.0
729,2023.0,1.0,6.0,1.0,17.734674,17.782413,16.748077,16.63723,17.46279,17.336514,17.299976,17.188873,16.30232,15.967198,16.459875,16.300499,18.46229,18.26533,17.790693,17.626186,16.541578,16.405993,0.0,0.0,0.0,0.0,0.0,0.0,0.0,0.0
730,2023.0,1.0,6.0,1.0,17.675648,17.721375,16.69324,16.579317,17.39654,17.26818,17.233217,17.12019,16.400326,16.253445,16.360222,16.193933,18.410816,18.211418,17.732311,17.565712,16.502937,16.36536,0.0,0.0,0.0,0.0,0.0,0.0,0.0,0.0
731,2023.0,1.0,6.0,1.0,17.625526,17.675304,16.648758,16.539549,17.341913,17.21935,17.177088,17.07,16.379286,16.237595,16.31651,16.152607,18.36608,18.168447,17.6813,17.516672,17.197432,17.703712,0.0,0.0,0.0,0.0,0.0,0.0,0.0,4.0
732,2023.0,1.0,6.0,2.0,17.57435,17.62435,16.602053,16.49301,17.285858,17.16422,17.119402,17.013193,16.338604,16.19501,16.564545,16.652668,18.321104,18.122646,17.63074,17.465515,16.695213,16.597101,0.0,0.0,0.0,0.0,4.0,0.0,0.0,0.0
733,2023.0,1.0,6.0,2.0,17.525787,17.57605,16.557768,16.44909,17.23281,17.112108,17.064896,16.959394,16.298836,16.154522,16.338264,16.168388,18.278742,18.080072,17.583138,17.417692,16.375034,16.080494,0.0,0.0,0.0,0.0,0.0,0.0,0.0,0.0
734,2023.0,1.0,6.0,2.0,17.48105,17.53281,16.517141,16.40996,17.183952,17.065434,17.014791,16.911257,16.262566,16.11857,16.554352,16.653847,18.239508,18.041555,17.539148,17.37441,16.262926,15.95401,0.0,0.0,0.0,0.0,4.0,0.0,0.0,0.0
735,2023.0,1.0,6.0,2.0,17.438805,17.492338,16.478924,16.373686,17.138058,17.022188,16.967623,16.866632,16.814758,17.18652,16.324038,16.164377,18.202486,18.005648,17.49782,17.33419,16.355455,16.210176,0.0,0.0,0.0,4.0,0.0,0.0,0.0,0.0
736,2023.0,1.0,6.0,2.0,17.398033,17.452667,16.441849,16.337854,17.093615,16.979635,16.921894,16.82271,16.405464,16.285763,16.225094,16.059246,18.16664,17.970488,17.458029,17.29506,16.353106,16.21561,0.0,0.0,0.0,0.0,0.0,0.0,0.0,0.0
737,2023.0,1.0,6.0,2.0,17.3591,17.414566,16.406107,16.303316,17.05101,16.938795,16.87804,16.780565,16.857311,17.22915,16.481813,16.575853,18.132202,17.936726,17.419987,17.257664,16.325249,16.188303,0.0,0.0,0.0,4.0,4.0,0.0,0.0,0.0
738,2023.0,1.0,6.0,3.0,17.322023,17.378464,16.3719,16.27056,17.010405,16.900194,16.836317,16.740782,16.855404,17.07886,16.264622,16.11328,18.098545,17.903994,17.383099,17.221666,17.025877,17.532774,0.0,0.0,0.0,4.0,0.0,0.0,0.0,4.0
739,2023.0,1.0,6.0,3.0,17.282114,17.334892,16.333807,16.228596,16.966513,16.853409,16.791624,16.693027,16.290186,16.000841,16.155851,15.987156,18.060263,17.862848,17.342243,17.178152,16.525974,16.430645,0.0,0.0,0.0,0.0,0.0,0.0,0.0,0.0
740,2023.0,1.0,6.0,3.0,17.23992,17.286404,16.29236,16.180208,16.920109,16.801203,16.744658,16.640003,16.052465,15.692124,16.105179,15.931223,18.019932,17.817858,17.29973,17.131334,16.18491,15.867133,0.0,0.0,0.0,0.0,0.0,0.0,0.0,0.0
741,2023.0,1.0,6.0,3.0,17.208889,17.260233,16.254782,16.139605,16.878166,16.757257,16.702206,16.595423,16.555511,16.722351,16.357864,16.440197,17.983631,17.779556,17.26123,17.091063,16.06714,15.73252,0.0,0.0,0.0,4.0,4.0,0.0,0.0,0.0
742,2023.0,1.0,6.0,3.0,17.18314,17.241491,16.216751,16.097801,16.836164,16.71252,16.65959,16.550016,16.10423,15.768143,16.144434,15.983674,17.948015,17.741674,17.223621,17.051453,16.934435,17.454496,0.0,0.0,0.0,0.0,0.0,0.0,0.0,4.0
743,2023.0,1.0,6.0,3.0,17.146936,17.201797,16.178299,16.054596,16.793863,16.666525,16.616783,16.503399,15.895055,15.509512,16.030708,15.846026,17.912308,17.703094,17.186089,17.011297,16.272268,15.987387,0.0,0.0,0.0,0.0,0.0,0.0,0.0,0.0
744,2023.0,1.0,6.0,4.0,17.1074,17.155977,16.137493,16.006582,16.749664,16.616096,16.572262,16.452448,16.026436,15.852862,15.982993,15.793317,17.87524,17.661541,17.147442,16.968475,16.003836,15.631927,0.0,0.0,0.0,0.0,0.0,0.0,0.0,0.0
745,2023.0,1.0,6.0,4.0,17.068619,17.111914,16.097841,15.960872,16.707075,16.568361,16.529299,16.40429,16.021244,15.850514,16.254087,16.338144,17.838375,17.620377,17.109335,16.926535,16.129156,15.967065,0.0,0.0,0.0,0.0,4.0,0.0,0.0,0.0
746,2023.0,1.0,6.0,4.0,17.028507,17.065313,16.05601,15.910809,16.662859,16.51721,16.484571,16.352629,15.984473,15.80876,16.337303,16.430677,17.79993,17.576803,17.070024,16.882727,16.112867,15.946796,0.0,0.0,0.0,0.0,4.0,0.0,0.0,0.0
747,2023.0,1.0,6.0,4.0,16.992308,17.026442,16.02063,15.873147,16.624252,16.477036,16.445683,16.312153,16.5245,16.85247,16.354136,16.441467,17.763641,17.53838,17.032644,16.843431,16.8065,17.281832,0.0,0.0,0.0,4.0,4.0,0.0,0.0,4.0
748,2023.0,1.0,6.0,4.0,16.95387,16.982798,15.982079,15.828571,16.582737,16.430721,16.404196,16.26568,16.74833,17.141584,15.799402,15.361582,17.724787,17.495634,16.993097,16.800444,16.086227,15.743819,0.0,0.0,0.0,4.0,0.0,0.0,0.0,0.0
749,2023.0,1.0,6.0,4.0,16.915537,16.938564,15.943101,15.7829685,16.540882,16.383448,16.362629,16.218437,15.973465,15.589016,15.5283165,15.011683,17.684597,17.451086,16.952398,16.755857,15.818907,15.400631,0.0,0.0,0.0,0.0,0.0,0.0,0.0,0.0
750,2023.0,1.0,6.0,5.0,16.874937,16.8895,15.900817,15.7315445,16.496466,16.330954,16.31816,16.165852,15.67045,15.196543,15.698833,15.459899,17.641483,17.401558,16.909075,16.70675,15.712271,15.281182,0.0,0.0,0.0,0.0,0.0,0.0,0.0,0.0
751,2023.0,1.0,6.0,5.0,16.841768,16.85584,15.866624,15.697251,16.460394,16.2951,16.281599,16.129662,15.569561,15.101784,15.708786,15.485176,17.604034,17.364109,16.871027,16.66883,16.624197,17.09957,0.0,0.0,0.0,0.0,0.0,0.0,0.0,4.0
752,2023.0,1.0,6.0,5.0,16.806238,16.817505,16.309359,16.553577,16.422453,16.254765,16.243105,16.088886,15.724968,15.502079,15.670341,15.447242,17.564466,17.322277,16.83103,16.626818,16.173819,16.047792,4.0,0.0,0.0,0.0,0.0,0.0,0.0,0.0
753,2023.0,1.0,6.0,5.0,16.770517,16.778805,16.030294,15.950156,16.384735,16.214357,16.205133,16.04818,15.748425,15.548939,15.626031,15.400267,17.524775,17.2801,16.790945,16.584509,16.466105,16.672583,0.0,0.0,0.0,0.0,0.0,0.0,0.0,4.0
754,2023.0,1.0,6.0,5.0,16.735882,16.742077,15.863333,15.695744,16.34829,16.176182,16.16867,16.009876,15.714193,15.513808,15.582295,15.354842,17.486095,17.23984,16.751808,16.544008,15.848155,15.426273,0.0,0.0,0.0,0.0,0.0,0.0,0.0,0.0
755,2023.0,1.0,6.0,5.0,16.701084,16.7048,15.798724,15.618732,16.311674,16.137455,16.132154,15.971118,16.253126,16.556501,15.538433,15.308889,17.447199,17.199057,16.712448,16.502995,16.381916,16.596157,0.0,0.0,0.0,4.0,0.0,0.0,0.0,4.0
756,2023.0,1.0,6.0,6.0,16.666096,16.666803,15.7507925,15.567272,16.274797,16.098095,16.095354,15.931742,15.8454895,15.662785,15.494389,15.262385,17.40805,17.157713,16.672823,16.461426,16.543447,16.76834,0.0,0.0,0.0,0.0,0.0,0.0,0.0,4.0
757,2023.0,1.0,6.0,6.0,21.172754,24.614353,15.710269,15.526251,21.084276,24.557512,21.039566,24.615759,15.704517,15.49853,15.45272,15.220331,21.318602,23.789757,21.943644,25.307034,20.306408,23.302137,0.0,0.0,0.0,0.0,0.0,0.0,0.0,0.0
758,2023.0,1.0,6.0,6.0,21.014072,23.773865,15.667153,15.481984,21.01242,23.840672,21.013363,23.968618,15.644931,15.437742,15.692788,15.706232,21.127676,23.15808,22.161503,25.315948,17.52421,17.377287,0.0,0.0,0.0,0.0,4.0,0.0,0.0,0.0
759,2023.0,1.0,6.0,6.0,21.141409,23.696192,15.625975,15.439125,21.141722,23.730627,21.141264,23.842958,15.596102,15.387843,20.348381,23.413012,21.058825,22.840242,21.098244,23.123945,16.226841,15.7549515,0.0,0.0,0.0,0.0,0.0,0.0,0.0,0.0
760,2023.0,1.0,6.0,6.0,21.071955,23.336355,15.591101,15.400104,21.07621,23.353643,21.0796,23.464577,15.55548,15.346466,17.86584,18.236492,21.038193,22.621136,21.0894,22.956257,17.036886,17.553207,0.0,0.0,0.0,0.0,0.0,4.0,0.0,4.0
761,2023.0,1.0,6.0,6.0,21.071459,23.18244,15.557402,15.363123,21.075533,23.180653,21.079067,23.285292,15.519543,15.309811,16.359383,16.142298,21.063494,22.57942,21.064466,22.796484,20.355547,23.125055,0.0,0.0,0.0,0.0,0.0,0.0,0.0,0.0
762,2023.0,1.0,6.0,7.0,21.069761,23.068811,15.5233965,15.32661,21.073547,23.052242,21.076828,23.15172,15.486221,15.275813,16.35398,16.351923,21.076767,22.477217,21.065802,22.71423,17.636913,17.415989,0.0,0.0,0.0,0.0,4.0,0.0,0.0,0.0
763,2023.0,1.0,6.0,7.0,21.068403,22.984386,15.490055,15.291868,21.07199,22.956217,21.075497,23.053053,15.454955,15.24428,20.460974,23.27463,21.073427,22.375565,21.025843,22.542519,16.41176,15.916452,0.0,0.0,0.0,0.0,0.0,0.0,4.0,0.0
764,2023.0,1.0,6.0,7.0,21.067337,22.920137,15.460896,15.259624,21.070686,22.882212,21.073862,22.97601,15.425106,15.214349,18.043324,18.32106,21.053078,22.30182,21.08931,22.618217,16.404015,16.184088,0.0,0.0,0.0,0.0,0.0,0.0,0.0,0.0
765,2023.0,1.0,6.0,7.0,21.066732,22.86953,15.431241,15.227387,21.069288,22.823559,21.072536,22.916235,16.159077,16.620386,16.644224,16.406412,21.054228,22.274738,21.077303,22.529964,16.348845,16.135042,0.0,0.0,0.0,4.0,0.0,0.0,0.0,0.0
766,2023.0,1.0,6.0,7.0,21.065556,22.828352,15.401585,15.196699,21.068604,22.77765,21.072058,22.870626,20.414274,23.63911,16.338678,16.081434,21.053703,22.248999,21.07796,22.479317,17.16622,17.777967,0.0,0.0,0.0,4.0,0.0,0.0,0.0,4.0
767,2023.0,1.0,6.0,7.0,21.064478,22.791382,15.370778,15.1647215,21.067833,22.739803,21.071255,22.832804,20.02146,22.485207,16.158237,15.900295,21.053267,22.227129,21.05918,22.436665,20.348885,23.101145,0.0,0.0,0.0,4.0,0.0,0.0,0.0,0.0
768,2023.0,1.0,6.0,8.0,21.063612,22.759869,15.339495,15.1325245,21.042557,22.640232,21.070368,22.800575,20.105986,22.326273,16.36783,16.421633,21.023333,22.13134,21.06102,22.431055,17.619764,17.375128,0.0,4.0,0.0,0.0,4.0,4.0,0.0,0.0
769,2023.0,1.0,6.0,8.0,20.006617,20.676159,15.779287,15.9783,19.394928,19.487972,19.322823,19.419806,17.661171,17.36972,20.36676,23.285316,19.272131,18.754993,19.49132,19.402428,16.414017,15.929793,4.0,0.0,0.0,0.0,4.0,0.0,0.0,0.0
770,2023.0,1.0,6.0,8.0,18.877338,18.94285,20.213762,23.552847,17.981306,17.366837,18.27052,18.070724,16.45138,15.888631,20.046398,22.272768,19.173883,19.15518,18.66767,18.42861,17.344946,17.959248,0.0,0.0,0.0,0.0,0.0,4.0,0.0,4.0
771,2023.0,1.0,6.0,8.0,18.616316,18.764336,17.849508,18.355913,18.053978,17.906477,18.547468,18.892427,17.150366,17.53593,17.636478,17.351387,19.201395,19.206778,18.335135,18.08592,20.336197,22.94707,0.0,4.0,4.0,4.0,0.0,4.0,0.0,0.0
772,2023.0,1.0,6.0,8.0,17.822618,17.40777,16.328655,16.240545,17.450396,16.83545,18.04445,17.964882,20.399591,22.93486,16.672499,16.370987,18.424084,17.846422,19.119465,19.786535,17.703827,17.466436,0.0,0.0,0.0,0.0,0.0,0.0,4.0,0.0
773,2023.0,1.0,6.0,8.0,17.343506,16.841576,15.983558,15.7882185,16.986662,16.286068,17.183012,16.588257,17.726416,17.493351,16.505613,16.237326,17.95783,17.300262,18.073648,17.585701,16.502945,16.01202,0.0,0.0,0.0,0.0,0.0,0.0,0.0,0.0
774,2023.0,1.0,6.0,9.0,17.863169,17.980652,15.841404,15.618898,17.146778,16.8004,16.820713,16.135542,16.723064,16.109058,16.35021,16.079721,18.530005,18.548418,17.573282,16.978914,17.453535,18.050306,0.0,0.0,0.0,0.0,0.0,4.0,0.0,4.0
775,2023.0,1.0,6.0,9.0,17.283672,16.89079,15.744936,15.522364,17.144295,16.880548,16.975985,16.651777,16.712397,16.409145,16.207533,15.941443,17.90836,17.306835,17.34934,16.767763,20.29306,22.876312,0.0,0.0,0.0,0.0,0.0,0.0,0.0,0.0
776,2023.0,1.0,6.0,9.0,17.622509,17.782516,16.11406,16.296545,17.036951,16.784653,17.681784,18.047846,16.61631,16.375807,16.059885,15.800133,18.301193,18.351051,18.515501,19.195911,18.365532,18.707638,4.0,0.0,4.0,0.0,0.0,4.0,4.0,4.0
777,2023.0,1.0,6.0,9.0,17.743979,17.975931,20.281609,23.495403,16.944809,16.69722,17.870487,18.333775,17.226742,17.664125,15.94597,15.684127,18.422909,18.478012,17.522488,17.068375,20.37108,22.34761,4.0,0.0,4.0,4.0,0.0,4.0,0.0,4.0
778,2023.0,1.0,6.0,9.0,17.044945,16.689009,20.045254,22.553698,17.548178,17.92125,16.921263,16.51291,20.33245,22.973478,15.831998,15.574376,18.419971,18.48551,16.960077,16.427643,20.057528,21.736277,0.0,4.0,0.0,4.0,0.0,4.0,0.0,0.0
779,2023.0,1.0,6.0,9.0,16.677153,16.242102,17.838541,17.983984,17.811144,18.276833,17.021114,17.00406,20.058222,22.120365,16.090448,16.144865,17.734694,17.19775,17.824217,18.209337,17.967215,17.626219,4.0,4.0,4.0,0.0,4.0,0.0,4.0,0.0
780,2023.0,1.0,6.0,10.0,17.26854,17.47535,20.231129,22.794046,17.473843,17.581161,16.49483,15.9768,17.728598,17.418247,20.442165,23.401075,18.143816,18.236183,17.156967,16.685469,16.926846,16.388014,0.0,4.0,0.0,0.0,0.0,4.0,0.0,0.0
781,2023.0,1.0,6.0,10.0,17.499302,17.782883,18.09041,18.261623,16.645864,16.141476,16.131296,15.53158,16.583296,16.030516,18.238735,18.78582,17.635067,17.12063,16.734121,16.2278,16.574308,16.037498,4.0,0.0,0.0,0.0,4.0,0.0,0.0,0.0
782,2023.0,1.0,6.0,10.0,17.509617,17.800106,20.249935,22.404972,16.316095,15.707777,16.010607,15.416819,16.590271,16.314785,20.398596,22.60514,18.131788,18.238422,16.611673,16.111986,16.64417,16.388147,0.0,0.0,0.0,0.0,0.0,4.0,0.0,0.0
783,2023.0,1.0,6.0,10.0,17.51945,17.828222,18.013535,17.877396,16.84986,16.848825,16.94083,17.303633,17.270409,17.701828,18.310202,18.476017,18.320238,18.427208,17.863705,18.60839,16.595093,16.390234,0.0,4.0,4.0,4.0,0.0,4.0,4.0,0.0
784,2023.0,1.0,6.0,10.0,17.51646,17.83429,17.282167,17.000244,17.02386,17.126545,16.652184,16.625902,20.331213,22.960598,17.37595,17.110495,18.336538,18.449095,16.950104,16.574701,16.484804,16.283749,0.0,4.0,0.0,0.0,0.0,4.0,0.0,0.0
785,2023.0,1.0,6.0,10.0,17.512915,17.839882,17.039875,16.815876,17.042543,17.156973,16.02742,15.563694,18.295862,18.574295,17.409094,17.463089,17.67679,17.19771,17.440632,17.835112,16.361664,16.167318,0.0,4.0,0.0,4.0,4.0,0.0,4.0,0.0
786,2023.0,1.0,6.0,11.0,17.508238,17.84317,16.833923,16.611248,17.048708,17.175938,16.509445,16.579346,20.526896,22.645151,20.288944,22.564589,17.385918,16.825285,16.738592,16.339195,16.268044,16.07647,0.0,4.0,4.0,0.0,0.0,0.0,0.0,0.0
787,2023.0,1.0,6.0,11.0,16.85947,16.645445,16.631641,16.419268,17.049868,17.189934,16.755136,16.919617,18.620195,18.843952,18.365057,18.544592,18.03338,18.173164,16.38215,15.940908,16.17227,15.98742,0.0,4.0,4.0,4.0,0.0,4.0,0.0,0.0
788,2023.0,1.0,6.0,11.0,17.277267,17.575686,16.943916,17.124899,17.04759,17.200686,16.783268,16.96294,20.327545,22.062996,17.818913,17.880419,18.209612,18.375193,16.300766,15.864924,16.099302,15.918327,4.0,4.0,4.0,0.0,4.0,4.0,0.0,0.0
789,2023.0,1.0,6.0,11.0,17.468025,17.834375,20.255503,22.99016,16.39017,15.990105,16.1367,15.754468,18.729237,18.924242,20.343428,22.319307,18.25374,18.423096,16.2342,15.809693,16.02387,15.848661,4.0,0.0,0.0,4.0,0.0,4.0,0.0,0.0
790,2023.0,1.0,6.0,11.0,17.483088,17.863789,20.052752,22.215603,16.71997,16.825588,15.792746,15.322062,20.293592,22.135405,18.770235,19.147808,17.558949,17.089859,17.411,18.107458,15.954989,15.785,0.0,4.0,0.0,0.0,4.0,0.0,4.0,0.0
791,2023.0,1.0,6.0,11.0,17.487026,17.876966,18.155125,18.31505,16.93791,17.131275,15.680296,15.216389,18.761328,18.98047,20.270218,22.159422,17.241842,16.73197,17.705288,18.221495,15.892785,15.727405,4.0,4.0,0.0,4.0,0.0,0.0,4.0,0.0
792,2023.0,1.0,6.0,12.0,16.838114,16.676128,20.256521,22.548689,16.307095,15.950184,15.850048,15.648445,20.291277,22.117939,18.195248,17.945549,17.93878,18.142626,16.788486,16.450493,15.8366995,15.676099,4.0,0.0,0.0,0.0,0.0,4.0,0.0,0.0
793,2023.0,1.0,6.0,12.0,21.41364,24.926395,20.051737,21.920994,21.247095,24.780943,21.267006,25.168886,18.778524,18.998701,17.30472,17.03168,21.349041,24.000204,22.17344,26.141174,15.783533,15.625225,0.0,4.0,4.0,4.0,0.0,4.0,4.0,0.0
794,2023.0,1.0,6.0,12.0,21.014866,23.660854,18.031773,17.907524,21.035593,23.83946,21.019846,24.110615,20.289265,22.094658,17.123623,16.880875,21.02558,22.99372,22.00088,25.266878,16.694,17.38615,0.0,0.0,0.0,0.0,0.0,4.0,0.0,4.0
795,2023.0,1.0,6.0,12.0,21.07815,23.484735,17.592436,17.794975,21.10656,23.62561,21.092318,23.818003,18.254446,18.002981,16.938492,16.70828,21.056684,22.804537,21.04708,23.158962,20.351927,23.491503,4.0,0.0,4.0,0.0,0.0,4.0,4.0,0.0
796,2023.0,1.0,6.0,12.0,21.151241,23.451113,20.246832,22.600468,21.145658,23.466183,21.146795,23.671669,17.930557,18.081171,16.774174,16.550116,21.120453,22.75412,22.52439,25.443462,17.52489,17.476004,0.0,0.0,0.0,4.0,0.0,4.0,0.0,0.0
797,2023.0,1.0,6.0,12.0,21.086592,23.17679,18.685772,19.276438,21.049616,23.127771,21.07429,23.314556,20.35907,22.23642,16.638906,16.427298,21.046757,22.475258,20.87345,22.308186,16.262701,15.902544,4.0,4.0,4.0,4.0,0.0,4.0,0.0,0.0
798,2023.0,1.0,6.0,13.0,21.152468,23.184649,20.272137,22.423666,21.0792,23.117346,21.100842,23.253157,20.047234,21.582605,16.935781,17.097189,21.128023,22.542059,21.110476,22.734041,16.210506,16.04565,4.0,0.0,0.0,0.0,4.0,4.0,0.0,0.0
799,2023.0,1.0,6.0,13.0,21.15967,23.124598,20.111208,21.932526,21.154314,23.139986,21.152304,23.2359,18.194937,17.912708,20.442139,22.966345,21.13262,22.475857,21.188026,22.87615,16.167881,16.02255,4.0,4.0,4.0,0.0,0.0,4.0,0.0,0.0
800,2023.0,1.0,6.0,13.0,21.060902,22.873251,20.071043,21.732067,21.068342,22.890844,21.072832,23.001446,17.227734,16.738997,18.567629,19.059395,21.070503,22.310322,21.0631,22.603043,16.083841,15.944109,4.0,4.0,4.0,0.0,4.0,0.0,0.0,0.0
801,2023.0,1.0,6.0,13.0,21.086277,22.90508,20.065498,21.64038,21.091293,22.900211,21.071249,22.943645,17.177732,16.951542,20.281097,22.479828,21.035006,22.168589,21.06191,22.581936,16.008673,15.870233,4.0,0.0,4.0,0.0,0.0,4.0,0.0,0.0
802,2023.0,1.0,6.0,13.0,21.079887,22.855537,20.082037,21.62943,21.060654,22.77082,21.06992,22.89794,17.099216,16.905802,18.435055,18.611546,21.068848,22.219427,21.061388,22.562986,15.943973,15.808551,0.0,4.0,4.0,0.0,0.0,0.0,0.0,0.0
803,2023.0,1.0,6.0,13.0,21.079441,22.823273,18.608297,18.740616,21.064928,22.744526,21.068827,22.860865,16.956547,16.773453,17.714676,17.848242,21.06236,22.170197,21.06067,22.545048,15.887374,15.75455,4.0,4.0,4.0,0.0,4.0,0.0,0.0,0.0
804,2023.0,1.0,6.0,14.0,21.035788,22.725027,20.231323,22.088291,21.063496,22.71443,21.068022,22.830254,16.827435,16.650606,20.379425,22.436363,21.032461,22.062405,21.060259,22.528862,15.836755,15.706214,4.0,4.0,4.0,0.0,0.0,4.0,0.0,0.0
805,2023.0,1.0,6.0,14.0,19.146105,19.109882,20.0357,21.57678,19.102915,18.96374,19.003502,18.876986,16.71579,16.54712,18.181614,18.026249,20.127575,20.310122,19.48907,19.492434,15.791303,15.663151,4.0,0.0,0.0,0.0,0.0,4.0,0.0,0.0
806,2023.0,1.0,6.0,14.0,18.093136,17.790913,20.065973,21.562466,18.580309,18.661247,18.445208,18.551252,16.612867,16.447927,16.974487,16.467678,19.087646,18.64384,18.636967,18.451204,15.74478,15.616808,4.0,4.0,4.0,0.0,0.0,0.0,0.0,0.0
807,2023.0,1.0,6.0,14.0,18.4356,18.753454,20.061642,21.505816,17.825445,17.392878,17.675392,17.265621,17.300293,17.83209,17.335806,17.455587,18.590466,18.060688,18.30245,18.10611,15.699111,15.571451,4.0,0.0,0.0,4.0,4.0,0.0,0.0,0.0
808,2023.0,1.0,6.0,14.0,17.808361,17.589785,20.06197,21.47207,18.001451,18.075624,17.845469,17.948969,20.373913,23.051893,20.368652,22.52729,18.34152,17.814756,18.064535,17.87523,15.654647,15.527595,4.0,4.0,4.0,0.0,0.0,0.0,0.0,0.0
809,2023.0,1.0,6.0,14.0,17.37196,17.08307,20.060585,21.440922,17.436846,17.045942,17.90778,18.091997,17.895206,17.8179,18.457726,18.651093,18.416597,18.158207,17.865063,17.681168,15.611226,15.484328,4.0,0.0,4.0,0.0,0.0,0.0,0.0,0.0
810,2023.0,1.0,6.0,15.0,17.895494,18.25031,20.077848,21.466911,17.680964,17.797646,17.147526,16.770733,17.427269,17.662056,17.3672,17.199417,18.394955,18.182009,17.691399,17.510904,15.568854,15.441459,0.0,4.0,0.0,4.0,0.0,0.0,0.0,0.0
811,2023.0,1.0,6.0,15.0,18.034897,18.436117,18.409601,18.256073,17.78772,17.97139,16.732052,16.290073,20.377888,22.647202,17.07818,16.883553,18.300756,18.099907,17.545488,17.373964,15.52974,15.404124,0.0,4.0,0.0,0.0,0.0,0.0,0.0,0.0
812,2023.0,1.0,6.0,15.0,18.013887,18.434351,17.649069,17.467533,17.733921,17.931086,16.532408,16.094355,18.59075,18.942516,16.895185,16.700962,18.20816,18.014479,17.416058,17.251186,15.491659,15.367393,0.0,4.0,0.0,4.0,0.0,0.0,0.0,0.0
813,2023.0,1.0,6.0,15.0,17.98794,18.41383,17.88797,18.09875,17.047003,16.699942,16.637623,16.445648,20.341446,22.120014,16.770596,16.579056,18.926004,19.445366,17.315998,17.156048,15.458082,15.334816,4.0,0.0,0.0,4.0,0.0,4.0,0.0,0.0
814,2023.0,1.0,6.0,15.0,17.949255,18.372505,20.219292,22.303263,17.322592,17.468294,17.349575,17.839638,20.021814,21.485424,17.044456,17.213379,18.879972,19.122997,18.279757,19.073149,16.322283,16.990644,4.0,4.0,4.0,4.0,4.0,4.0,4.0,4.0
815,2023.0,1.0,6.0,15.0,17.271461,17.13964,20.115784,21.878656,17.491386,17.718246,16.983187,17.005995,21.198566,23.380165,20.432539,22.898804,18.07995,17.667652,17.429106,17.147135,20.703224,24.367771,4.0,4.0,0.0,0.0,0.0,0.0,0.0,0.0
816,2023.0,1.0,6.0,16.0,17.598612,17.989428,20.06438,21.63874,17.473999,17.711002,17.050205,17.290955,18.458296,18.235085,18.328653,18.590765,18.506012,18.734835,16.913124,16.547493,18.1502,18.765167,4.0,4.0,4.0,0.0,0.0,4.0,0.0,4.0
817,2023.0,1.0,6.0,16.0,17.116192,16.993895,20.060266,21.542706,17.444214,17.685005,16.508062,16.238283,17.450493,17.001348,17.155611,17.00201,18.70275,18.939232,16.750042,16.3805,20.338816,23.169962,4.0,4.0,0.0,0.0,0.0,4.0,0.0,0.0
818,2023.0,1.0,6.0,16.0,17.47612,17.882404,20.077625,21.531984,17.412981,17.656952,16.137745,15.75611,18.07208,18.509804,16.872602,16.692379,18.713472,18.94863,16.827942,16.658485,17.698557,17.68584,0.0,4.0,0.0,4.0,0.0,4.0,0.0,0.0
819,2023.0,1.0,6.0,16.0,17.661146,18.117027,18.70772,18.843344,17.382515,17.629417,16.681686,16.886335,20.287998,22.288452,16.710087,16.534744,18.003094,17.607525,16.82441,16.674694,17.322403,17.771593,4.0,4.0,4.0,0.0,0.0,0.0,0.0,4.0
820,2023.0,1.0,6.0,16.0,17.018925,16.915588,20.224306,21.971008,17.35289,17.602573,16.28392,16.020943,18.211313,18.047539,16.575445,16.40242,18.427364,18.66325,16.762363,16.615232,20.34682,23.058968,4.0,4.0,0.0,0.0,0.0,4.0,0.0,0.0
821,2023.0,1.0,6.0,16.0,16.63932,16.418434,20.034304,21.481575,17.324665,17.576843,15.940541,15.567232,17.852648,18.040518,16.45755,16.289413,18.62106,18.862936,16.698809,16.552773,17.77754,17.743359,4.0,4.0,0.0,4.0,0.0,4.0,0.0,0.0
822,2023.0,1.0,6.0,17.0,17.224972,17.629026,20.080137,21.520649,17.297626,17.552053,15.813258,15.429597,20.319517,22.354277,16.352474,16.183538,18.634258,18.874395,17.651316,18.397663,16.548111,16.208961,0.0,4.0,0.0,0.0,0.0,4.0,4.0,0.0
823,2023.0,1.0,6.0,17.0,16.829622,16.746574,18.726065,18.86021,17.276358,17.536331,16.682486,17.16559,18.76032,19.082838,16.26275,16.098614,17.931835,17.545704,17.862837,18.439863,16.395851,16.2296,4.0,4.0,4.0,4.0,0.0,0.0,4.0,0.0
824,2023.0,1.0,6.0,17.0,16.545424,16.33131,20.218327,21.765114,16.612474,16.31774,16.99168,17.58942,20.333645,21.971842,16.192957,16.028296,17.657349,17.20245,16.934204,16.655775,16.302534,16.165451,4.0,0.0,4.0,0.0,0.0,0.0,0.0,0.0
825,2023.0,1.0,6.0,17.0,17.147284,17.567112,20.052584,21.407503,16.924625,17.124193,16.215004,16.040142,18.372751,18.170483,16.12109,15.959497,17.535576,17.090302,16.513155,16.172129,16.16662,16.03978,0.0,4.0,0.0,0.0,0.0,0.0,0.0,0.0
826,2023.0,1.0,6.0,17.0,16.756208,16.686705,18.440569,18.298983,17.1259,17.406143,16.461205,16.724218,17.376455,16.949589,16.057041,15.8995905,17.43987,17.004393,16.378443,16.037804,16.040628,15.919871,0.0,4.0,4.0,0.0,0.0,0.0,0.0,0.0
827,2023.0,1.0,6.0,17.0,16.474861,16.276365,18.362907,18.551744,17.132135,17.419315,16.615795,16.942085,17.321367,17.106358,16.364376,16.51692,18.424202,18.966396,16.294563,15.959388,15.944656,15.820934,4.0,4.0,4.0,0.0,4.0,4.0,0.0,0.0
828,2023.0,1.0,6.0,18.0,17.098528,17.535423,20.212456,21.991682,17.125929,17.41749,16.646843,16.972725,17.228533,17.058193,20.32462,23.163988,18.414309,18.720846,16.40418,16.256691,15.859082,15.737358,0.0,4.0,4.0,0.0,0.0,4.0,0.0,0.0
829,2023.0,1.0,6.0,18.0,21.363428,24.821238,19.0429,19.564117,21.327253,24.757553,21.297121,24.99058,17.849339,18.377918,18.11356,18.489922,21.31565,23.793179,22.115953,25.907232,15.769457,15.647755,4.0,4.0,4.0,4.0,0.0,0.0,0.0,0.0
830,2023.0,1.0,6.0,18.0,21.01563,23.701044,20.237423,21.966244,21.020609,23.693836,21.017551,23.940992,20.29891,22.562191,17.152313,17.336605,21.016378,22.90254,22.478996,26.059244,15.695333,15.574698,4.0,4.0,4.0,0.0,4.0,0.0,0.0,0.0
831,2023.0,1.0,6.0,18.0,21.077074,23.530718,20.034029,21.45485,21.083302,23.512032,21.09162,23.746973,18.071188,17.92575,20.40265,22.908524,21.050833,22.71964,21.009687,23.095053,16.603182,17.343178,4.0,4.0,4.0,0.0,4.0,4.0,4.0,4.0
832,2023.0,1.0,6.0,18.0,21.066479,23.312298,20.059258,21.434378,21.072496,23.283482,21.078634,23.488335,16.997322,16.588436,20.039291,21.985302,21.045353,22.549175,21.118809,23.16164,21.695211,25.822042,4.0,4.0,4.0,0.0,0.0,4.0,0.0,4.0
833,2023.0,1.0,6.0,18.0,21.06528,23.170502,20.07269,21.4271,21.070984,23.13369,21.076641,23.316427,16.964355,16.784065,18.290882,18.377092,21.072468,22.505613,21.078098,22.951324,19.862104,22.006712,0.0,4.0,4.0,0.0,4.0,0.0,0.0,4.0
834,2023.0,1.0,6.0,19.0,21.06316,23.064915,18.780277,18.892569,21.092796,23.088152,21.074207,23.187164,16.91848,16.767576,20.391594,22.352562,21.065662,22.397585,21.080717,22.85572,21.232803,24.21155,4.0,0.0,4.0,0.0,4.0,0.0,0.0,4.0
835,2023.0,1.0,6.0,19.0,21.061432,22.985628,20.227594,21.896688,21.06187,22.920937,21.071674,23.08671,16.81044,16.66666,20.023403,21.56977,21.035189,22.246637,21.064123,22.773626,19.900162,21.512903,0.0,4.0,4.0,0.0,4.0,4.0,0.0,0.0
836,2023.0,1.0,6.0,19.0,21.059845,22.924234,18.786356,18.94543,21.08986,22.932882,21.069668,23.008652,16.711958,16.569809,20.082582,21.570248,21.068148,22.283112,21.026722,22.630352,17.968775,17.775227,4.0,0.0,4.0,0.0,0.0,0.0,4.0,0.0
837,2023.0,1.0,6.0,19.0,21.084473,22.94624,20.226728,21.938917,21.058586,22.79758,21.09224,23.014467,16.6253,16.485786,18.32663,18.10565,21.03208,22.148273,21.085497,22.720562,17.007154,16.640623,4.0,4.0,0.0,0.0,0.0,4.0,0.0,0.0
838,2023.0,1.0,6.0,19.0,21.075283,22.884426,20.03472,21.449627,21.061096,22.764744,21.057772,22.876287,16.54775,16.408989,17.591908,17.403126,21.06641,22.20645,21.071571,22.645151,16.675251,16.313202,0.0,4.0,4.0,0.0,0.0,0.0,0.0,0.0
839,2023.0,1.0,6.0,19.0,21.0777,22.85088,18.767513,18.936756,21.061354,22.734997,21.091345,22.925135,17.20827,17.71056,17.388227,17.207499,21.059391,22.16004,21.074738,22.60963,17.654844,18.400417,4.0,4.0,0.0,4.0,0.0,0.0,0.0,4.0
840,2023.0,1.0,6.0,20.0,21.060888,22.81551,20.224646,21.920052,21.084867,22.775604,21.059183,22.806648,20.333122,22.990337,17.18845,17.010588,21.029663,22.055107,21.059603,22.57166,20.317049,22.845411,4.0,0.0,4.0,0.0,0.0,4.0,0.0,0.0
841,2023.0,1.0,6.0,20.0,21.035639,22.738321,20.046848,21.46525,21.054138,22.667112,21.088139,22.857887,17.935083,17.895287,17.428339,17.618254,21.03365,22.048645,21.021927,22.458246,17.901438,17.839983,0.0,4.0,0.0,0.0,4.0,4.0,4.0,0.0
842,2023.0,1.0,6.0,20.0,21.055487,22.744715,18.776228,18.942831,21.083408,22.724634,21.057194,22.750214,16.804857,16.475027,20.393791,22.605055,21.032608,22.034248,21.08088,22.573484,16.78103,16.465464,4.0,0.0,4.0,0.0,4.0,4.0,0.0,0.0
843,2023.0,1.0,6.0,20.0,21.052345,22.716093,20.224508,21.912304,21.05214,22.620577,21.086367,22.808207,16.762896,16.6154,20.037878,21.769419,21.061909,22.098848,21.070005,22.521544,17.697895,18.476328,4.0,4.0,0.0,0.0,0.0,0.0,0.0,4.0
844,2023.0,1.0,6.0,20.0,21.051928,22.697262,20.028048,21.404568,21.056942,22.615458,21.079546,22.771767,16.727365,16.602446,18.205427,18.061296,21.026155,21.988533,21.070044,22.49398,20.314806,22.831247,4.0,4.0,0.0,0.0,0.0,4.0,0.0,0.0
845,2023.0,1.0,6.0,20.0,21.077356,22.75145,20.054676,21.388695,21.080368,22.669054,21.054583,22.681337,16.64287,16.520086,17.8234,17.99511,21.030815,21.987097,21.056606,22.46817,17.93268,17.88682,4.0,0.0,4.0,0.0,4.0,4.0,0.0,0.0
846,2023.0,1.0,6.0,21.0,21.045029,22.646711,20.050617,21.336403,21.074497,22.639364,21.058897,22.677334,16.569168,16.44956,20.36046,22.305853,21.059723,22.053246,21.057518,22.465351,16.836643,16.543709,4.0,0.0,4.0,0.0,0.0,0.0,0.0,0.0
847,2023.0,1.0,6.0,21.0,21.050278,22.643913,20.067774,21.35212,21.074429,22.621103,21.082552,22.732655,17.246489,17.782528,18.897383,19.324926,21.02436,21.945509,21.057112,22.45727,16.723831,16.590422,0.0,0.0,0.0,4.0,4.0,4.0,0.0,0.0
848,2023.0,1.0,6.0,21.0,21.075539,22.701468,18.575052,18.4643,21.058561,22.603195,21.052465,22.636772,20.329412,22.953182,20.275797,22.048199,21.059284,22.024208,21.017647,22.342901,16.630568,16.513956,0.0,0.0,4.0,4.0,0.0,0.0,4.0,0.0
849,2023.0,1.0,6.0,21.0,21.069447,22.669493,17.904541,17.772293,21.035511,22.54238,21.082075,22.703785,20.014742,21.966112,18.435837,18.316845,21.023388,21.917564,21.076525,22.463013,16.511015,16.399654,0.0,4.0,0.0,4.0,0.0,4.0,0.0,0.0
850,2023.0,1.0,6.0,21.0,21.041471,22.57477,18.181585,18.482496,21.065786,22.627636,21.07493,22.673872,20.049963,21.79137,18.024378,18.200895,21.05938,22.000288,21.064735,22.413563,16.405584,16.296041,4.0,0.0,0.0,4.0,4.0,0.0,0.0,0.0
851,2023.0,1.0,6.0,21.0,21.074028,22.646477,20.216244,22.126152,21.049417,22.543179,21.061035,22.660564,20.185486,21.89145,20.333054,22.138668,21.052498,21.971651,21.06626,22.392101,17.332897,18.135029,4.0,4.0,0.0,4.0,0.0,0.0,0.0,4.0
852,2023.0,1.0,6.0,22.0,21.041267,22.544798,20.028708,21.547325,21.077524,22.59843,21.03768,22.59854,20.072655,21.561365,18.658867,18.796005,21.052591,21.957129,21.053572,22.370043,20.336596,23.098717,4.0,0.0,4.0,0.0,0.0,0.0,0.0,4.0
853,2023.0,1.0,6.0,22.0,21.072962,22.617863,20.053875,21.474266,21.046383,22.495846,21.066795,22.68046,18.915346,19.20774,17.705843,17.545036,21.009468,21.865065,21.054605,22.37,20.047483,22.204441,4.0,4.0,0.0,4.0,0.0,4.0,0.0,0.0
854,2023.0,1.0,6.0,22.0,21.066486,22.590096,20.067364,21.435791,21.076368,22.561716,21.051022,22.595959,20.291052,21.909513,17.780313,17.9031,21.058372,21.970062,21.014818,22.259134,18.564144,19.066708,0.0,0.0,4.0,0.0,4.0,0.0,4.0,4.0
855,2023.0,1.0,6.0,22.0,21.039684,22.502272,18.555296,18.479013,21.069952,22.532024,21.079006,22.650478,18.47574,18.320137,20.365152,22.29683,21.050623,21.938448,21.07343,22.383387,20.2773,22.421412,0.0,0.0,0.0,0.0,4.0,0.0,0.0,4.0
856,2023.0,1.0,6.0,22.0,21.044558,22.505726,17.872025,17.75073,21.068947,22.514296,21.071363,22.612217,18.205853,18.425781,20.009167,21.531057,21.050308,21.923523,21.061651,22.337898,20.006077,21.713043,0.0,0.0,0.0,4.0,0.0,0.0,0.0,4.0
857,2023.0,1.0,6.0,22.0,21.070295,22.572138,17.689299,17.585245,21.054754,22.499937,21.072159,22.59206,20.316648,22.03176,18.614342,18.716253,21.038134,21.911064,21.063158,22.319778,20.079557,21.752115,0.0,0.0,0.0,4.0,0.0,0.0,0.0,0.0
858,2023.0,1.0,6.0,23.0,21.064236,22.54698,17.517624,17.416447,21.056349,22.508902,21.057014,22.57249,20.03933,21.441639,17.792017,17.651909,21.039173,21.918488,21.051058,22.300657,18.251904,18.1336,0.0,0.0,0.0,0.0,0.0,0.0,0.0,0.0
859,2023.0,1.0,6.0,23.0,19.527151,19.587336,17.370468,17.271727,19.683659,19.876877,19.622807,19.825632,18.465364,18.322605,17.843555,17.953289,20.033422,19.986782,19.703058,19.708193,17.362791,17.082613,0.0,0.0,0.0,0.0,4.0,0.0,0.0,0.0
860,2023.0,1.0,6.0,23.0,19.062218,19.08603,17.262665,17.161713,19.65066,20.128717,18.897385,18.797525,17.999706,17.817427,17.546324,17.42303,20.388283,20.888079,19.140564,18.969395,17.262135,17.11461,0.0,4.0,0.0,0.0,0.0,4.0,0.0,0.0
861,2023.0,1.0,6.0,23.0,18.84965,18.898252,17.167587,17.072182,18.990416,18.989285,18.593822,18.483768,17.83095,17.674479,17.34081,17.188728,19.516249,19.194992,18.888256,18.72258,17.145523,17.022152,0.0,0.0,0.0,0.0,0.0,0.0,0.0,0.0
862,2023.0,1.0,6.0,23.0,18.647411,18.692879,17.077696,16.982592,18.34016,17.976603,18.356092,18.240099,17.660322,17.505486,17.21478,17.059761,19.123201,18.694826,18.68005,18.513853,17.013971,16.893332,0.0,0.0,0.0,0.0,0.0,0.0,0.0,0.0
863,2023.0,1.0,6.0,23.0,18.475838,18.51872,16.993517,16.897696,18.058868,17.673412,18.15618,18.035618,17.514288,17.360317,17.106161,16.950874,18.951456,18.52841,18.505136,18.340742,16.895533,16.776442,0.0,0.0,0.0,0.0,0.0,0.0,0.0,0.0
864,2023.0,1.0,7.0,0.0,18.344797,18.404646,16.927963,16.843487,18.083923,17.925993,18.007044,17.907166,17.400404,17.261599,17.022709,16.88015,19.803394,20.30038,18.366568,18.218092,16.799768,16.692142,0.0,0.0,0.0,0.0,0.0,4.0,0.0,0.0
865,2023.0,1.0,7.0,0.0,18.21791,18.28176,16.860352,16.779373,18.00351,17.889378,17.86171,17.766413,17.291216,17.15717,16.93973,16.80094,19.066174,18.76559,18.235222,18.091993,16.70761,16.603645,0.0,0.0,0.0,0.0,0.0,0.0,0.0,0.0
866,2023.0,1.0,7.0,0.0,18.103176,18.169308,16.796944,16.718513,17.883924,17.774796,17.73067,17.638353,17.819511,18.243938,16.86352,16.727226,18.746876,18.353167,18.116766,17.977016,16.623926,16.522312,0.0,0.0,0.0,4.0,0.0,0.0,0.0,0.0
867,2023.0,1.0,7.0,0.0,17.994585,18.05756,16.733833,16.653711,17.766191,17.653643,17.605661,17.509233,17.97902,18.443996,16.789835,16.65165,18.6178,18.223904,18.006273,17.865553,16.545403,16.442762,0.0,0.0,0.0,4.0,0.0,0.0,0.0,0.0
868,2023.0,1.0,7.0,0.0,17.90738,17.97829,16.683207,16.609703,17.671307,17.569067,17.506456,17.42058,17.8068,18.068617,17.066492,17.231361,18.717112,18.533102,17.914604,17.78112,16.480536,16.383076,0.0,0.0,0.0,4.0,4.0,0.0,0.0,0.0
869,2023.0,1.0,7.0,0.0,17.82072,17.89109,16.629768,16.55606,17.57464,17.47209,17.405943,17.319424,17.769447,18.024391,17.12777,17.290545,18.69069,18.526443,17.825882,17.6932,16.417427,16.320272,0.0,0.0,0.0,4.0,4.0,0.0,0.0,0.0
870,2023.0,1.0,7.0,1.0,17.748552,17.825312,16.585985,16.517868,17.494976,17.401337,17.323624,17.246017,17.757011,18.013535,16.806608,16.68882,18.634874,18.476423,17.750154,17.62329,16.36201,16.265778,0.0,0.0,0.0,4.0,0.0,0.0,0.0,0.0
871,2023.0,1.0,7.0,1.0,17.680086,17.760426,16.542923,16.477863,17.418575,17.33,17.24486,17.172152,17.175402,16.935537,16.68544,16.556225,18.576946,18.417551,17.678062,17.552174,16.311195,16.216118,0.0,0.0,0.0,0.0,0.0,0.0,0.0,0.0
872,2023.0,1.0,7.0,1.0,17.612423,17.691744,16.498486,16.432768,17.342447,17.253048,17.166382,17.092546,16.91421,16.610155,16.618683,16.487045,18.520914,18.359911,17.609234,17.481903,16.262548,16.166275,0.0,0.0,0.0,0.0,0.0,0.0,0.0,0.0
873,2023.0,1.0,7.0,1.0,17.557226,17.643782,16.462896,16.403433,17.281948,17.201914,17.104015,17.039654,16.94504,16.795374,16.882116,17.030739,18.474363,18.317307,18.548643,19.305355,16.93836,17.475735,0.0,0.0,0.0,0.0,4.0,0.0,4.0,4.0
874,2023.0,1.0,7.0,1.0,17.501093,17.590286,16.425512,16.368486,17.2207,17.14407,17.040842,16.979818,16.914948,16.790989,16.66604,16.572855,18.428253,18.272121,17.724007,17.537317,16.463854,16.430931,0.0,0.0,0.0,0.0,0.0,0.0,0.0,0.0
875,2023.0,1.0,7.0,1.0,17.445242,17.533813,16.387712,16.330675,17.160376,17.083426,16.978699,16.917141,16.85435,16.732603,16.534729,16.408258,18.38299,18.22559,17.41665,17.131514,16.161041,15.953521,0.0,0.0,0.0,0.0,0.0,0.0,0.0,0.0
876,2023.0,1.0,7.0,2.0,17.394703,17.484678,16.352304,16.29609,17.105278,17.029625,16.922031,16.861612,16.798279,16.678658,16.485346,16.360086,18.341879,18.184662,17.316711,17.035484,16.062853,15.84549,0.0,0.0,0.0,0.0,0.0,0.0,0.0,0.0
877,2023.0,1.0,7.0,2.0,17.347895,17.440002,16.319399,16.2652,17.054785,16.982021,16.87013,16.812511,16.747658,16.630978,16.440218,16.31473,18.30379,18.147415,17.39216,17.27113,16.122875,16.03198,0.0,0.0,0.0,0.0,0.0,0.0,0.0,0.0
878,2023.0,1.0,7.0,2.0,17.303549,17.397644,16.287642,16.235376,17.006948,16.936947,16.820967,16.766035,16.701073,16.586994,16.40035,16.275791,18.267807,18.112253,17.36076,17.238838,16.099705,16.006674,0.0,0.0,0.0,0.0,0.0,0.0,0.0,0.0
879,2023.0,1.0,7.0,2.0,17.261404,17.357328,16.256947,16.206528,16.961597,16.894182,16.774347,16.721945,16.65628,16.54151,16.363659,16.240004,18.233683,18.078932,17.317963,17.196821,16.068697,15.976177,0.0,0.0,0.0,0.0,0.0,0.0,0.0,0.0
880,2023.0,1.0,7.0,2.0,17.221231,17.318832,16.227222,16.17856,16.918507,16.853498,16.73005,16.68001,16.61565,16.501698,16.32962,16.206827,18.201206,18.04724,17.276596,17.15623,16.039057,15.947036,0.0,0.0,0.0,0.0,0.0,0.0,0.0,0.0
881,2023.0,1.0,7.0,2.0,17.182827,17.281963,16.198385,16.151394,16.877434,16.814676,16.687836,16.640007,16.578081,16.464924,16.297777,16.175817,18.170185,18.016989,17.237083,17.117508,16.01092,15.919409,0.0,0.0,0.0,0.0,0.0,0.0,0.0,0.0
882,2023.0,1.0,7.0,3.0,17.146011,17.246555,16.17036,16.124956,16.838167,16.777517,16.647495,16.601736,16.54308,16.430695,16.267849,16.146694,18.140457,17.988018,17.199694,17.080896,15.984433,15.893427,0.0,0.0,0.0,0.0,0.0,0.0,0.0,0.0
883,2023.0,1.0,7.0,3.0,17.109728,17.210655,16.142065,16.097162,16.799583,16.739973,16.60792,16.563177,16.509548,16.397133,16.238708,16.117466,18.111012,17.958466,17.163507,17.044754,15.958741,15.867558,0.0,0.0,0.0,0.0,0.0,0.0,0.0,0.0
884,2023.0,1.0,7.0,3.0,17.074558,17.175764,16.114231,16.069736,16.762266,16.703575,16.56968,16.525833,16.477737,16.36527,16.210733,16.089373,18.082325,17.929663,17.128866,17.010143,15.934169,15.8428,0.0,0.0,0.0,0.0,0.0,0.0,0.0,0.0
885,2023.0,1.0,7.0,3.0,17.049713,17.16032,16.089043,16.047026,16.728561,16.673079,16.535173,16.494572,17.036583,17.442352,16.185383,16.065405,18.055586,17.904009,17.096893,16.979418,15.911576,15.820948,0.0,0.0,0.0,4.0,0.0,0.0,0.0,0.0
886,2023.0,1.0,7.0,3.0,17.030537,17.15203,16.062887,16.02178,16.694386,16.640379,16.500189,16.461065,16.65665,16.603506,16.16006,16.040482,18.028872,17.877724,18.073322,18.844652,15.889432,15.799045,0.0,0.0,0.0,0.0,0.0,0.0,4.0,0.0
887,2023.0,1.0,7.0,3.0,17.001612,17.12347,16.036545,15.9955845,16.660563,16.606995,16.465414,16.426794,16.500431,16.390053,16.419003,16.544386,18.002125,17.850801,17.283054,17.120382,16.579487,17.114885,0.0,0.0,0.0,0.0,4.0,0.0,0.0,4.0
888,2023.0,1.0,7.0,4.0,16.971527,17.092049,16.010332,15.969021,16.627441,16.57366,16.431345,16.392553,16.455061,16.343206,16.233112,16.135197,17.975534,17.823677,17.00332,16.740381,16.111889,16.070398,0.0,0.0,0.0,0.0,0.0,0.0,0.0,0.0
889,2023.0,1.0,7.0,4.0,16.942066,17.061611,15.984771,15.943107,16.595266,16.541422,16.398657,16.359667,17.004011,17.408344,16.142591,16.021124,17.949501,17.79721,16.920208,16.65695,15.854982,15.6605215,0.0,0.0,0.0,4.0,0.0,0.0,0.0,0.0
890,2023.0,1.0,7.0,4.0,16.913673,17.032726,15.960022,15.918464,16.564215,16.510906,16.367325,16.328709,16.461576,16.25017,16.112026,15.99063,17.924229,17.771902,16.99003,16.862871,15.769979,15.563729,0.0,0.0,0.0,0.0,0.0,0.0,0.0,0.0
891,2023.0,1.0,7.0,4.0,16.884548,17.001688,15.934115,15.891223,16.532063,16.477663,16.334875,16.295033,16.26653,16.002377,16.399698,16.555775,17.898207,17.744778,16.982025,16.862476,15.830975,15.738415,0.0,0.0,0.0,0.0,4.0,0.0,0.0,0.0
892,2023.0,1.0,7.0,4.0,17.591513,18.350294,15.911078,15.869345,17.238516,17.830656,16.305906,16.267742,16.333218,16.202194,16.498901,16.675173,17.874369,17.721703,16.952925,16.834417,15.820584,15.727574,0.0,4.0,0.0,0.0,4.0,0.0,0.0,0.0
893,2023.0,1.0,7.0,4.0,17.119152,17.3119,15.887049,15.844818,16.801867,16.861877,16.275917,16.237572,16.91231,17.30484,16.223732,16.129614,17.84996,17.69691,16.923065,16.804235,15.798478,15.705205,0.0,0.0,0.0,4.0,0.0,0.0,0.0,0.0
894,2023.0,1.0,7.0,5.0,16.763744,16.708103,15.863368,15.82051,16.421858,16.208153,16.246502,16.20784,16.519762,16.440004,16.117048,15.993222,17.826313,17.672857,16.894318,16.775154,15.776575,15.682816,0.0,0.0,0.0,0.0,0.0,0.0,0.0,0.0
895,2023.0,1.0,7.0,5.0,16.652906,16.57751,15.839709,15.796149,16.301285,16.061712,16.217426,16.178337,16.829906,17.086298,16.077656,15.952947,17.802843,17.649021,16.866396,16.746891,15.755052,15.660777,0.0,0.0,0.0,4.0,0.0,0.0,0.0,0.0
896,2023.0,1.0,7.0,5.0,16.757397,16.849613,15.816795,15.773264,16.394907,16.315187,16.189512,16.150776,16.355642,16.11483,16.043766,15.91918,17.779737,17.626049,16.839483,16.72018,15.734607,15.640259,0.0,0.0,0.0,0.0,0.0,0.0,0.0,0.0
897,2023.0,1.0,7.0,5.0,16.76205,16.873219,15.791749,15.746063,16.398647,16.34121,16.159681,16.118998,16.189241,15.916511,16.011158,15.884449,17.755257,17.6004,16.811762,16.691364,15.713711,15.618265,0.0,0.0,0.0,0.0,0.0,0.0,0.0,0.0
898,2023.0,1.0,7.0,5.0,16.73662,16.847612,15.768601,15.722662,16.370537,16.313507,16.132124,16.091398,16.276638,16.158758,15.982463,15.855551,17.731827,17.576817,16.785591,16.6651,15.694177,15.598457,0.0,0.0,0.0,0.0,0.0,0.0,0.0,0.0
899,2023.0,1.0,7.0,5.0,16.711351,16.822826,15.747735,15.70378,16.34429,16.28984,16.107187,16.068672,16.26205,16.145054,15.957293,15.832096,18.469492,18.99203,16.761276,16.641968,15.676149,15.581164,0.0,0.0,0.0,0.0,0.0,4.0,0.0,0.0
900,2023.0,1.0,7.0,6.0,16.684116,16.79458,15.724622,15.680264,16.315508,16.260984,16.080135,16.041348,16.812172,17.20277,15.931189,15.80553,17.953407,17.86996,16.736073,16.616505,15.657432,15.562046,0.0,0.0,0.0,4.0,0.0,0.0,0.0,0.0
901,2023.0,1.0,7.0,6.0,21.203415,24.670334,15.701942,15.657429,21.107037,24.691824,21.052467,24.77416,20.32113,23.236889,15.906288,15.780372,21.33882,23.621569,22.007614,25.449251,15.638928,15.542984,0.0,0.0,0.0,0.0,0.0,0.0,0.0,0.0
902,2023.0,1.0,7.0,6.0,20.98472,23.738989,15.677218,15.631972,21.010998,23.925465,21.012205,24.090025,18.072075,18.352322,15.879792,15.753428,20.995155,22.81886,22.112259,25.4607,15.621429,15.524771,0.0,0.0,0.0,0.0,0.0,0.0,0.0,0.0
903,2023.0,1.0,7.0,6.0,21.086073,23.645893,15.652414,15.606037,21.085655,23.705563,21.068031,23.797457,16.932869,16.82468,15.85538,15.728312,21.063288,22.753784,20.959276,22.904882,15.609287,15.512453,0.0,0.0,4.0,0.0,0.0,0.0,0.0,0.0
904,2023.0,1.0,7.0,6.0,21.082283,23.39599,16.13238,16.526354,21.07221,23.43221,21.081842,23.590956,16.72671,16.595852,15.833126,15.7051325,21.051928,22.582317,21.078978,22.988073,15.601762,15.504786,4.0,0.0,0.0,0.0,0.0,0.0,0.0,0.0
905,2023.0,1.0,7.0,6.0,21.812025,24.448877,20.204317,23.45085,21.67516,24.30082,22.001518,24.840363,16.62649,16.497723,15.813693,15.6856365,21.658072,23.521624,22.082933,24.426601,15.596814,15.50001,0.0,0.0,0.0,0.0,0.0,0.0,0.0,0.0
906,2023.0,1.0,7.0,7.0,20.9287,22.67374,17.968658,18.539883,20.946703,22.776083,20.90768,22.75666,16.55126,16.42469,16.086569,16.204897,20.960844,22.085009,20.875252,22.169683,16.343357,16.909447,0.0,0.0,4.0,0.0,4.0,4.0,0.0,4.0
907,2023.0,1.0,7.0,7.0,21.070736,22.888733,16.546188,16.570011,21.060875,22.925396,21.09699,23.057413,16.489069,16.364534,20.373688,23.49099,21.047546,22.206915,21.092834,22.59738,21.361712,25.369507,0.0,4.0,4.0,0.0,4.0,4.0,0.0,0.0
908,2023.0,1.0,7.0,7.0,21.079393,22.886187,16.71898,17.071718,21.07077,22.917435,21.085835,22.992245,17.165741,17.684694,19.995792,22.326498,21.06269,22.216421,21.054657,22.506054,18.03614,18.175625,4.0,0.0,0.0,4.0,4.0,0.0,0.0,0.0
909,2023.0,1.0,7.0,7.0,21.049059,22.765207,20.33258,23.317978,21.081661,22.862562,21.08359,22.926994,20.337286,23.040125,20.078888,22.133497,21.058353,22.166027,21.01942,22.389174,16.476103,16.228102,4.0,0.0,0.0,0.0,4.0,0.0,4.0,0.0
910,2023.0,1.0,7.0,7.0,21.0794,22.813093,20.021866,22.309988,21.078766,22.795853,21.058022,22.804934,17.924297,17.899204,20.079023,21.894455,21.0578,22.128613,21.077297,22.496424,16.337938,16.212698,4.0,0.0,4.0,0.0,0.0,0.0,0.0,0.0
911,2023.0,1.0,7.0,7.0,21.242815,22.900105,20.09267,22.202017,21.038097,22.676823,21.061924,22.774963,16.800444,16.477451,18.190163,18.078936,21.19545,22.258755,21.06663,22.438988,17.279661,18.07566,0.0,4.0,4.0,0.0,0.0,0.0,0.0,4.0
912,2023.0,1.0,7.0,8.0,20.934149,22.337423,18.068977,18.12935,21.06889,22.742584,21.08522,22.80904,17.53088,18.062546,17.355646,17.1585,20.962837,21.834776,21.06701,22.406624,20.324154,23.148905,0.0,0.0,0.0,4.0,0.0,0.0,0.0,0.0
913,2023.0,1.0,7.0,8.0,19.825325,20.268663,17.12446,17.038904,19.699905,20.041681,19.18422,19.131638,20.305475,22.701187,17.161787,16.97678,19.889206,19.815538,20.461092,21.194206,17.794634,17.817238,0.0,4.0,0.0,0.0,0.0,0.0,4.0,0.0
914,2023.0,1.0,7.0,8.0,19.302887,19.703203,17.332935,17.625917,18.409859,18.106735,18.082674,17.733679,18.101267,18.063354,17.360897,17.504967,20.071922,20.540627,19.93899,20.40532,16.661589,16.417364,4.0,0.0,0.0,0.0,4.0,4.0,4.0,0.0
915,2023.0,1.0,7.0,8.0,18.508467,18.359858,20.29442,22.83442,18.600765,18.742256,18.65476,19.086407,17.286518,16.912619,20.29844,22.638876,19.195637,18.842258,18.906857,18.590256,17.509443,18.204664,0.0,4.0,4.0,0.0,0.0,0.0,0.0,4.0
916,2023.0,1.0,7.0,8.0,18.034037,17.8164,18.379538,18.79078,18.635305,18.857634,18.82804,19.36409,17.917503,18.366312,18.71763,19.20208,19.420414,19.626907,19.314457,19.78522,20.331194,22.947737,0.0,4.0,4.0,4.0,4.0,4.0,4.0,0.0
917,2023.0,1.0,7.0,8.0,17.782408,17.557785,17.186441,17.155611,17.896345,17.593967,18.4863,18.779606,20.401463,22.590635,20.265543,22.3039,18.879843,18.529453,18.557652,18.253544,18.558071,19.104506,0.0,0.0,4.0,4.0,0.0,0.0,0.0,4.0
918,2023.0,1.0,7.0,9.0,17.808456,17.807219,17.30709,17.59349,17.456846,17.066278,17.658194,17.388145,20.017962,21.60651,18.534428,18.707632,18.473194,18.042364,19.034452,19.531506,20.310436,22.608147,4.0,0.0,0.0,4.0,0.0,0.0,4.0,0.0
919,2023.0,1.0,7.0,9.0,17.761852,17.80096,20.30714,22.856102,17.248495,16.855461,17.21663,16.850863,20.077543,21.5979,17.504004,17.328484,18.290928,17.853842,19.232386,19.73474,18.065624,18.00301,0.0,0.0,0.0,0.0,0.0,0.0,4.0,0.0
920,2023.0,1.0,7.0,9.0,17.655975,17.700224,18.383486,18.78938,17.290623,17.105587,17.015165,16.646116,18.929571,19.242456,17.220478,17.024282,18.36258,18.133127,18.2963,17.999449,17.87044,18.32501,0.0,0.0,0.0,4.0,0.0,0.0,0.0,4.0
921,2023.0,1.0,7.0,9.0,17.571009,17.61483,17.438124,17.349216,17.26483,17.12383,17.081984,16.912493,20.250546,21.648844,17.081003,16.883848,18.353605,18.159729,17.9124,17.526293,20.318363,22.628538,0.0,0.0,0.0,4.0,0.0,0.0,0.0,0.0
922,2023.0,1.0,7.0,9.0,18.214464,18.900442,17.104761,16.98339,17.872826,18.34589,17.059597,16.93431,20.049849,21.3024,16.94065,16.750608,18.287315,18.098766,17.710344,17.330238,18.076195,18.007452,0.0,4.0,0.0,0.0,0.0,0.0,0.0,0.0
923,2023.0,1.0,7.0,9.0,18.452982,19.17698,17.336857,17.596516,18.131279,18.685507,17.671219,18.16325,18.48847,18.263182,16.812996,16.627085,18.941109,19.392727,17.552874,17.178782,17.886278,18.329811,4.0,4.0,4.0,0.0,0.0,4.0,0.0,4.0
924,2023.0,1.0,7.0,10.0,18.248669,18.737106,20.239971,22.785917,17.91639,18.231985,17.251938,17.285263,17.825762,17.376633,16.715458,16.527815,18.926147,19.208738,17.613403,17.418468,20.302061,22.572573,0.0,4.0,0.0,0.0,0.0,4.0,0.0,0.0
925,2023.0,1.0,7.0,10.0,17.54845,17.489048,18.346254,18.742262,17.171534,16.906334,16.704525,16.408714,18.430439,18.82407,16.99675,17.145119,18.909397,19.173653,18.647202,19.415068,18.091213,18.01417,0.0,0.0,0.0,4.0,4.0,4.0,4.0,0.0
926,2023.0,1.0,7.0,10.0,17.93527,18.35624,17.853966,18.137228,16.86376,16.490831,16.520113,16.171093,20.888388,22.985561,20.322468,22.909935,18.213383,17.843664,18.683905,19.236904,17.30185,16.92967,4.0,0.0,0.0,4.0,0.0,0.0,4.0,0.0
927,2023.0,1.0,7.0,10.0,17.464764,17.39025,20.234203,22.469938,17.39502,17.607964,16.60766,16.453552,19.99024,21.212543,18.591337,19.086643,17.8921,17.469107,17.745323,17.46365,18.077364,18.699879,4.0,4.0,0.0,4.0,4.0,0.0,0.0,4.0
928,2023.0,1.0,7.0,10.0,17.105705,16.926208,20.052122,21.876633,17.612053,17.902826,16.62582,16.51146,20.192768,21.560593,20.280396,22.443995,18.563988,18.833857,17.331902,16.979702,21.724373,24.872469,0.0,4.0,0.0,0.0,0.0,4.0,0.0,0.0
929,2023.0,1.0,7.0,10.0,17.686762,18.12233,18.52757,18.774351,16.985159,16.726967,17.291353,17.801983,18.528652,18.290876,18.495098,18.690142,18.076952,17.720907,17.194197,16.839193,18.927551,18.973146,4.0,0.0,4.0,0.0,0.0,0.0,0.0,0.0
930,2023.0,1.0,7.0,11.0,17.858187,18.349863,20.230978,22.052675,16.69773,16.332754,17.521923,18.101776,17.881254,17.422604,17.67897,17.464535,17.833998,17.406479,18.136723,18.691044,18.657534,18.99854,0.0,0.0,4.0,0.0,0.0,0.0,4.0,4.0
931,2023.0,1.0,7.0,11.0,17.248756,17.182045,18.403315,18.378233,16.568184,16.203648,16.76631,16.600813,17.781048,17.537792,17.405909,17.191643,17.735706,17.31183,17.523201,17.24288,20.190664,21.762165,0.0,0.0,0.0,0.0,0.0,0.0,0.0,4.0
932,2023.0,1.0,7.0,11.0,17.625982,18.075914,17.533426,17.395897,17.402523,17.88429,16.334852,16.010155,17.662027,17.456696,17.211622,17.0,17.860283,17.644783,17.131271,16.784834,20.055288,21.471487,0.0,4.0,0.0,0.0,0.0,0.0,0.0,0.0
933,2023.0,1.0,7.0,11.0,17.172836,17.1015,17.300531,17.163038,17.744389,18.30575,16.886843,17.136833,18.22297,18.66047,17.054644,16.849443,17.887835,17.694395,17.014034,16.6655,18.357439,18.162771,0.0,4.0,4.0,4.0,0.0,0.0,0.0,0.0
934,2023.0,1.0,7.0,11.0,17.62803,18.07144,17.14143,16.997778,16.975395,16.802067,17.083212,17.410818,20.26485,22.206638,16.941008,16.73775,17.858437,17.66659,17.110838,16.93414,17.680677,17.264503,0.0,0.0,4.0,0.0,0.0,0.0,0.0,0.0
935,2023.0,1.0,7.0,11.0,17.819715,18.30042,16.980007,16.840492,17.194948,17.440668,16.526201,16.334196,18.322092,18.171246,16.826387,16.62995,17.822378,17.630827,18.1204,18.836836,17.53523,17.314466,0.0,4.0,0.0,0.0,0.0,0.0,4.0,0.0
936,2023.0,1.0,7.0,12.0,17.195639,17.121964,16.860327,16.71776,16.727144,16.515156,16.241816,15.906823,17.588896,17.143227,16.737099,16.542446,17.790539,17.59824,17.285658,17.025677,17.40499,17.214369,0.0,0.0,0.0,0.0,0.0,0.0,0.0,0.0
937,2023.0,1.0,7.0,12.0,21.29253,24.42621,16.753471,16.615435,21.10931,24.275887,21.20404,24.661827,17.56558,17.332844,16.657028,16.468042,21.24156,23.5285,22.283182,25.623459,17.252758,17.069592,0.0,0.0,4.0,0.0,0.0,0.0,0.0,0.0
938,2023.0,1.0,7.0,12.0,21.030743,23.507513,17.113451,17.390133,21.022738,23.602129,21.00727,23.738756,18.258255,18.750334,16.575384,16.39165,21.013182,22.888855,20.830921,22.731123,17.101286,16.92582,4.0,0.0,4.0,4.0,0.0,0.0,0.0,0.0
939,2023.0,1.0,7.0,12.0,21.150446,23.469027,20.277803,22.884415,21.079641,23.423418,21.105965,23.60601,20.268118,22.139372,16.50355,16.32443,21.122494,22.875362,22.231735,24.885386,16.977142,16.81132,0.0,0.0,0.0,0.0,0.0,0.0,0.0,0.0
940,2023.0,1.0,7.0,12.0,21.079006,23.135868,18.646297,19.298265,21.070784,23.209753,21.0895,23.338375,18.348763,18.167425,16.445187,16.271557,21.05349,22.569677,21.030792,22.679104,16.872713,16.713993,4.0,0.0,0.0,0.0,0.0,0.0,0.0,0.0
941,2023.0,1.0,7.0,12.0,21.157778,23.191776,20.275389,22.555403,21.069912,23.070244,21.088951,23.17168,18.14833,18.381123,16.39483,16.2251,21.126534,22.594666,21.063543,22.64974,16.78553,16.633795,0.0,0.0,0.0,4.0,0.0,0.0,0.0,0.0
942,2023.0,1.0,7.0,13.0,21.03724,22.852852,18.46202,18.78062,21.068106,22.966022,21.06991,23.047077,20.287699,22.093416,16.708994,16.85003,21.050163,22.349487,21.057787,22.566004,16.71112,16.565664,0.0,0.0,0.0,0.0,4.0,0.0,0.0,0.0
943,2023.0,1.0,7.0,13.0,21.041103,22.809248,17.367088,17.304985,21.066761,22.887342,21.070927,22.980583,18.399971,18.197535,20.458105,23.086065,21.048971,22.278904,21.057123,22.50811,17.664093,18.434675,0.0,0.0,0.0,0.0,0.0,0.0,0.0,4.0
944,2023.0,1.0,7.0,13.0,21.054697,22.767675,17.068312,16.95301,21.041063,22.758108,21.044672,22.853493,17.706003,17.511362,18.283693,18.568521,21.047764,22.223772,21.056208,22.46122,20.29816,22.741928,0.0,4.0,4.0,0.0,0.0,0.0,0.0,4.0
945,2023.0,1.0,7.0,13.0,21.077688,22.782104,16.891052,16.764545,21.069439,22.792542,21.072786,22.887882,17.568853,17.384468,17.104858,16.94949,21.045729,22.178205,21.013783,22.31414,20.0333,21.928217,0.0,0.0,0.0,0.0,0.0,0.0,4.0,0.0
946,2023.0,1.0,7.0,13.0,21.071651,22.723732,17.218594,17.494823,21.07876,22.740656,21.082285,22.83635,17.445032,17.272196,16.887573,16.720259,21.045935,22.144718,21.075151,22.416477,18.069511,17.915335,4.0,0.0,0.0,0.0,0.0,0.0,0.0,0.0
947,2023.0,1.0,7.0,13.0,21.180223,22.882656,20.300514,22.850832,21.169527,22.84925,21.16233,22.942564,17.334671,17.166784,16.758139,16.585436,21.199804,22.40664,21.247738,22.692873,17.15969,16.811762,4.0,4.0,0.0,0.0,0.0,4.0,4.0,0.0
948,2023.0,1.0,7.0,14.0,21.074137,22.663292,20.025944,21.998775,21.05328,22.578682,21.060621,22.728466,17.240183,17.076303,16.665527,16.495083,21.048368,22.10387,21.069887,22.33393,17.109951,16.954329,0.0,4.0,0.0,0.0,0.0,0.0,0.0,0.0
949,2023.0,1.0,7.0,14.0,19.902794,20.36199,18.449007,18.739466,19.279417,19.179558,19.967045,20.589006,17.895248,18.383368,16.599552,16.438507,20.24439,20.484108,19.453182,19.196053,17.042385,16.902113,4.0,0.0,4.0,4.0,0.0,4.0,0.0,0.0
950,2023.0,1.0,7.0,14.0,19.50742,19.883259,20.231394,22.133812,18.4626,18.0336,19.554344,20.0716,20.292042,22.479883,16.552101,16.394035,19.383804,19.006525,19.79197,20.207857,16.962645,16.82782,4.0,0.0,4.0,0.0,0.0,0.0,4.0,0.0
951,2023.0,1.0,7.0,14.0,19.310938,19.709892,20.048517,21.651665,18.069118,17.637167,18.532036,18.32181,18.248653,18.150913,16.50268,16.349922,19.652042,19.844181,19.003996,18.677542,16.87625,16.747772,0.0,0.0,0.0,0.0,0.0,4.0,0.0,0.0
952,2023.0,1.0,7.0,14.0,18.516283,18.373232,18.678057,18.913633,18.711058,19.119598,17.870716,17.501545,17.295116,16.951914,16.45761,16.307804,19.098745,18.749674,18.456654,18.060938,16.795822,16.671736,4.0,4.0,0.0,0.0,0.0,0.0,0.0,0.0
953,2023.0,1.0,7.0,14.0,18.146975,17.917854,20.22435,21.899357,18.268616,18.26168,18.26989,18.452446,17.28808,17.105679,16.423275,16.274574,18.757215,18.308422,18.24401,17.848719,16.734173,16.6129,4.0,0.0,4.0,0.0,0.0,0.0,0.0,0.0
954,2023.0,1.0,7.0,15.0,18.623108,19.015684,20.049198,21.488451,17.641962,17.299824,17.744093,17.466434,17.25663,17.105211,16.75623,16.93154,18.567503,18.124817,19.291018,20.025127,17.539356,18.1849,0.0,0.0,0.0,0.0,4.0,0.0,4.0,4.0
955,2023.0,1.0,7.0,15.0,18.755478,19.212399,18.448969,18.371225,18.025345,18.221296,17.33875,16.987062,17.177675,17.034464,20.35801,22.882097,18.635372,18.41277,18.506956,18.240152,21.521584,24.722189,0.0,4.0,0.0,0.0,0.0,0.0,0.0,4.0
956,2023.0,1.0,7.0,15.0,18.09232,18.023424,18.1686,18.431318,17.56532,17.298029,17.82226,18.051216,17.10308,16.96503,18.321445,18.63564,19.39986,19.91066,17.986881,17.637276,19.85282,21.367632,4.0,0.0,4.0,0.0,0.0,4.0,0.0,0.0
957,2023.0,1.0,7.0,15.0,18.398518,18.842556,20.247393,22.142893,17.87455,18.100502,17.371302,17.131832,17.035294,16.901213,17.162123,17.040154,18.713634,18.403835,17.807316,17.459589,18.136755,17.991787,0.0,4.0,0.0,0.0,0.0,0.0,0.0,0.0
958,2023.0,1.0,7.0,15.0,17.90173,17.838257,18.723639,19.017979,17.423262,17.178589,17.02178,16.700865,16.97466,16.842407,16.931252,16.78783,18.307566,17.916023,17.848871,17.678335,17.339445,17.033161,0.0,0.0,0.0,0.0,0.0,0.0,0.0,0.0
959,2023.0,1.0,7.0,15.0,17.599209,17.42567,17.958883,17.878906,17.822033,18.073496,17.816229,18.319542,16.927792,16.796755,16.83481,16.688,18.198233,17.805712,17.82723,17.685678,17.27714,17.117725,0.0,4.0,4.0,0.0,0.0,0.0,0.0,0.0
960,2023.0,1.0,7.0,16.0,17.463858,17.292627,17.695614,17.58995,17.297428,17.05464,17.823265,18.190254,16.883223,16.754215,16.757895,16.615486,18.317228,18.130724,17.766468,17.631601,17.19002,17.056479,0.0,0.0,4.0,0.0,0.0,0.0,0.0,0.0
961,2023.0,1.0,7.0,16.0,18.321474,19.026606,17.962824,18.25018,17.038279,16.712803,17.157578,16.962582,16.83881,16.709805,16.688082,16.54864,19.052416,19.544186,17.70199,17.565872,17.084574,16.957005,4.0,0.0,0.0,0.0,0.0,4.0,0.0,0.0
962,2023.0,1.0,7.0,16.0,17.691956,17.689354,20.24369,22.274368,16.921143,16.594025,16.870506,16.566374,16.794743,16.665058,16.620743,16.482203,18.344501,18.054066,17.639595,17.50338,16.987558,16.86404,4.0,0.0,0.0,0.0,0.0,0.0,0.0,0.0
963,2023.0,1.0,7.0,16.0,18.004448,18.50767,20.02358,21.625593,17.732615,18.237417,16.722424,16.412355,16.747116,16.616556,16.548529,16.407583,18.764603,19.084587,17.572746,17.43599,16.884298,16.763897,4.0,4.0,0.0,0.0,0.0,4.0,0.0,0.0
964,2023.0,1.0,7.0,16.0,17.523092,17.47556,20.057941,21.560713,18.0593,18.642382,17.537588,18.063011,16.70254,16.57116,16.483654,16.34187,18.23632,17.903284,17.510511,17.373274,16.790792,16.672882,4.0,4.0,4.0,0.0,0.0,0.0,0.0,0.0
965,2023.0,1.0,7.0,16.0,17.18328,17.035244,20.052597,21.460518,17.870625,18.218197,17.628618,17.990246,17.372883,17.86607,16.426676,16.284426,17.941755,17.562521,18.45784,19.206726,16.7064,16.587408,4.0,4.0,4.0,4.0,0.0,0.0,4.0,0.0
966,2023.0,1.0,7.0,17.0,17.791388,18.273457,20.052635,21.396984,17.791092,18.11765,17.567167,17.907957,20.293987,22.758022,16.7451,16.923655,18.620377,18.927896,17.724907,17.4926,16.63129,16.512392,4.0,4.0,4.0,4.0,4.0,4.0,0.0,0.0
967,2023.0,1.0,7.0,17.0,18.018147,18.527601,20.052116,21.347723,17.774042,18.094305,16.961834,16.781788,21.095797,23.570597,20.456938,23.097126,18.852942,19.156622,17.297995,16.983507,16.56212,16.441483,4.0,4.0,0.0,0.0,0.0,4.0,0.0,0.0
968,2023.0,1.0,7.0,17.0,17.410988,17.367085,20.068409,21.35452,17.758896,18.07386,16.596277,16.294958,18.82493,19.189766,18.565523,19.107037,18.890116,19.18456,17.17153,16.848236,16.498383,16.37633,0.0,4.0,0.0,4.0,4.0,4.0,0.0,0.0
969,2023.0,1.0,7.0,17.0,17.789122,18.263334,18.556301,18.422089,17.74262,18.052368,16.452797,16.132723,20.384539,22.308342,20.283018,22.515335,18.195963,17.847576,17.252302,17.09649,16.439037,16.31513,0.0,4.0,0.0,0.0,0.0,0.0,0.0,0.0
970,2023.0,1.0,7.0,17.0,17.977215,18.472492,17.892675,17.745771,17.72521,18.0299,17.274101,17.774868,18.399282,18.254637,18.46955,18.689308,18.63994,18.915728,17.25895,17.113134,16.383842,16.258408,0.0,4.0,4.0,0.0,0.0,4.0,0.0,0.0
971,2023.0,1.0,7.0,17.0,17.340273,17.258886,17.725338,17.584566,17.70772,18.006853,17.310343,17.65944,17.671179,17.24509,17.647942,17.463245,18.789404,19.07735,17.219963,17.07267,16.337202,16.208658,0.0,4.0,4.0,0.0,0.0,4.0,0.0,0.0
972,2023.0,1.0,7.0,18.0,17.826637,18.29949,18.027811,18.289003,17.690134,17.98417,17.291925,17.614464,17.631603,17.419706,17.416672,17.221022,18.820066,19.098621,17.17912,17.030403,16.293877,16.163689,4.0,4.0,4.0,0.0,0.0,4.0,0.0,0.0
973,2023.0,1.0,7.0,18.0,21.327662,24.329868,20.224188,22.240513,21.298908,24.295109,21.154905,24.27276,18.295929,18.799736,17.238823,17.040997,21.220505,23.315025,22.367506,25.653568,16.251484,16.118172,0.0,4.0,0.0,4.0,0.0,4.0,4.0,0.0
974,2023.0,1.0,7.0,18.0,21.013496,23.331964,18.6299,18.889765,21.018353,23.344585,21.030426,23.588604,20.260752,22.120745,17.07084,16.878197,21.020895,22.64566,22.146362,24.792282,16.209986,16.073357,0.0,4.0,0.0,0.0,0.0,4.0,0.0,0.0
975,2023.0,1.0,7.0,18.0,21.06535,23.184902,18.092878,18.381067,21.096373,23.254578,21.075367,23.362581,18.31744,18.120794,16.92754,16.737183,21.074041,22.577747,21.100883,22.897749,16.174028,16.034767,4.0,0.0,4.0,0.0,0.0,0.0,0.0,0.0
976,2023.0,1.0,7.0,18.0,21.057047,22.999329,20.258797,22.220667,21.058863,22.976717,21.06914,23.152454,18.095623,18.313723,16.798298,16.605404,21.06425,22.412493,21.070127,22.69402,17.089075,17.786776,4.0,4.0,4.0,4.0,0.0,0.0,0.0,4.0
977,2023.0,1.0,7.0,18.0,21.056292,22.877096,20.04524,21.607775,21.063303,22.857939,21.091808,23.07632,20.296858,22.143816,16.68752,16.494495,21.0341,22.226116,21.058187,22.591297,20.35485,23.207275,0.0,4.0,0.0,0.0,0.0,4.0,0.0,0.0
978,2023.0,1.0,7.0,19.0,21.081066,22.855026,18.333096,18.196705,21.06124,22.760967,21.060986,22.88673,18.337183,18.107338,16.595503,16.405802,21.037569,22.16014,21.019758,22.425547,17.746635,17.664015,0.0,4.0,4.0,0.0,0.0,4.0,4.0,0.0
979,2023.0,1.0,7.0,19.0,21.04542,22.691727,17.274317,16.769373,21.0588,22.685896,21.063772,22.814123,17.625767,17.421446,16.5054,16.308243,21.035397,22.101608,21.080235,22.504816,16.606415,16.24937,0.0,4.0,4.0,0.0,0.0,4.0,0.0,0.0
980,2023.0,1.0,7.0,19.0,21.079458,22.724676,17.726562,17.91165,21.059046,22.630468,21.088148,22.821768,18.253666,18.75081,16.424772,16.225872,21.035683,22.059277,21.068274,22.423323,16.570171,16.403822,4.0,4.0,0.0,4.0,0.0,4.0,0.0,0.0
981,2023.0,1.0,7.0,19.0,21.046642,22.592123,20.23144,22.329512,21.083439,22.653408,21.05827,22.68989,20.240192,22.055822,16.723211,16.84702,21.035376,22.024315,21.069191,22.377262,17.440432,18.093649,4.0,0.0,4.0,4.0,4.0,4.0,0.0,4.0
982,2023.0,1.0,7.0,19.0,21.051931,22.568163,20.032719,21.662899,21.077759,22.598415,21.087833,22.727879,20.866253,22.787092,20.456587,23.066553,21.035069,21.99497,21.054123,22.337671,21.370827,24.547329,4.0,0.0,0.0,4.0,0.0,4.0,0.0,4.0
983,2023.0,1.0,7.0,19.0,21.077326,22.610096,20.062311,21.552061,21.052885,22.491608,21.080868,22.67239,19.987642,21.107998,18.209606,18.411121,21.064802,22.047623,21.016264,22.223131,19.864763,21.45181,4.0,4.0,0.0,4.0,0.0,0.0,4.0,4.0
984,2023.0,1.0,7.0,20.0,21.069368,22.563204,20.054289,21.423014,21.08234,22.543642,21.0606,22.632381,20.04772,21.157074,17.01388,16.808743,21.026735,21.923311,21.037693,22.234314,20.085835,21.719784,4.0,0.0,0.0,4.0,0.0,4.0,4.0,4.0
985,2023.0,1.0,7.0,20.0,21.04388,22.46456,20.057081,21.349941,21.049162,22.431095,21.038517,22.562244,20.06869,21.16932,17.205961,17.36151,21.065874,22.000946,21.076138,22.315819,20.072048,21.60463,4.0,4.0,4.0,0.0,4.0,0.0,0.0,0.0
986,2023.0,1.0,7.0,20.0,21.170158,22.717901,20.166475,21.510775,21.170422,22.673296,21.171577,22.786726,18.472076,18.05667,20.402313,22.707136,21.156525,22.140581,21.19055,22.517294,18.161057,17.830929,4.0,0.0,4.0,0.0,4.0,4.0,0.0,0.0
987,2023.0,1.0,7.0,20.0,21.04102,22.419468,20.053905,21.238575,21.04783,22.386822,21.057434,22.52736,17.611427,17.03401,20.026861,21.792295,21.063803,21.958355,21.065578,22.240362,17.212643,16.709253,4.0,4.0,4.0,0.0,0.0,0.0,0.0,0.0
988,2023.0,1.0,7.0,20.0,21.05029,22.42535,20.05584,21.20569,21.081797,22.458427,21.084976,22.5765,17.603056,17.320301,18.003756,17.676632,21.058908,21.929426,21.052309,22.222155,16.909445,16.414837,4.0,0.0,0.0,0.0,0.0,0.0,0.0,0.0
989,2023.0,1.0,7.0,20.0,21.076197,22.48806,20.05562,21.177824,21.050598,22.358837,21.054613,22.470829,17.532742,17.281927,17.213062,16.923899,21.059196,21.912918,21.054102,22.228424,17.948067,18.609663,4.0,4.0,4.0,0.0,0.0,0.0,0.0,4.0
990,2023.0,1.0,7.0,21.0,21.070768,22.461779,20.073477,21.20653,21.056246,22.358807,21.06003,22.464245,17.38513,17.14002,17.464586,17.544312,21.042377,21.898111,21.014292,22.121365,20.291212,22.459284,0.0,4.0,4.0,0.0,4.0,0.0,4.0,0.0
991,2023.0,1.0,7.0,21.0,21.044458,22.374693,18.793818,18.714382,21.080715,22.417099,21.084112,22.516712,17.252176,17.012081,20.395086,22.491781,21.014137,21.833374,21.037674,22.144352,17.967873,17.663387,4.0,0.0,0.0,0.0,4.0,4.0,4.0,0.0
992,2023.0,1.0,7.0,21.0,21.04974,22.378586,20.22736,21.672499,21.075338,22.389847,21.078632,22.4847,17.929388,18.401083,20.03044,21.6222,21.036211,21.858025,21.035212,22.125622,17.865898,18.205954,4.0,0.0,0.0,4.0,4.0,4.0,4.0,4.0
993,2023.0,1.0,7.0,21.0,21.075996,22.44476,20.032183,21.189096,21.050472,22.304222,21.078968,22.4646,20.2948,22.379284,20.087967,21.558462,21.064157,21.919424,21.035358,22.11486,21.746452,24.595388,4.0,4.0,0.0,0.0,0.0,0.0,4.0,4.0
994,2023.0,1.0,7.0,21.0,21.043491,22.346642,20.058506,21.184141,21.08058,22.374672,21.057789,22.442066,18.069544,17.734886,18.461164,18.276804,21.02898,21.811258,21.075138,22.211432,19.853048,21.04506,4.0,0.0,0.0,0.0,4.0,4.0,0.0,0.0
995,2023.0,1.0,7.0,21.0,21.07645,22.424093,20.073267,21.189972,21.074722,22.349285,21.060513,22.456146,17.76905,17.863392,20.339846,21.989603,21.064564,21.892033,21.027431,22.069843,18.081999,17.648718,0.0,0.0,0.0,4.0,0.0,0.0,4.0,0.0
996,2023.0,1.0,7.0,22.0,21.070057,22.398294,18.478142,18.10533,21.029734,22.26701,21.060007,22.459087,20.382383,22.272379,18.251669,17.851124,21.058708,21.86445,21.075483,22.184107,18.165337,18.443726,0.0,4.0,0.0,0.0,0.0,0.0,0.0,4.0
997,2023.0,1.0,7.0,22.0,21.043943,22.311857,17.85314,17.541004,21.03749,22.303354,21.060177,22.46055,18.176304,17.813301,17.75478,17.699514,21.02896,21.77317,21.026901,22.044271,20.33857,22.127436,0.0,4.0,0.0,0.0,4.0,4.0,4.0,0.0
998,2023.0,1.0,7.0,22.0,21.075443,22.389755,17.683575,17.40415,21.057138,22.316305,21.03494,22.389462,17.44252,17.171759,20.355188,22.143473,21.064108,21.859188,21.075123,22.162376,18.806023,19.001621,0.0,4.0,4.0,0.0,4.0,0.0,0.0,4.0
999,2023.0,1.0,7.0,22.0,21.0695,22.368303,17.494427,17.21676,21.079662,22.36264,21.064972,22.471462,17.908173,18.169956,20.011219,21.414679,21.02823,21.75877,21.066364,22.131748,20.33505,22.02346,0.0,0.0,0.0,4.0,4.0,4.0,0.0,0.0
1000,2023.0,1.0,7.0,22.0,21.024155,22.28656,17.329214,17.051508,21.074347,22.330791,21.079634,22.45411,20.367825,22.299446,20.066687,21.429838,21.064077,21.847757,21.06694,22.119814,18.864773,19.045559,0.0,0.0,0.0,0.0,0.0,0.0,0.0,4.0
1001,2023.0,1.0,7.0,22.0,21.050655,22.323141,17.186676,16.90926,21.074505,22.312248,21.077171,22.41525,18.636032,18.712597,18.878586,19.04952,21.058245,21.826332,21.049856,22.10814,20.322248,21.941917,0.0,0.0,0.0,4.0,4.0,0.0,0.0,0.0
1002,2023.0,1.0,7.0,23.0,21.074625,22.381123,17.061172,16.784847,21.0535,22.296103,21.056189,22.388714,20.367441,22.078964,20.317535,21.837168,21.058681,21.817778,21.05212,22.125557,18.22897,17.81757,0.0,0.0,0.0,0.0,0.0,0.0,0.0,0.0
1003,2023.0,1.0,7.0,23.0,19.416046,19.186607,16.954351,16.681,19.708357,19.732283,19.637566,19.67588,18.274326,17.899206,18.965935,19.174925,19.990334,19.790102,19.72054,19.57459,18.310858,18.717342,0.0,0.0,0.0,0.0,4.0,0.0,0.0,4.0
1004,2023.0,1.0,7.0,23.0,18.667315,18.147043,16.874043,16.602066,19.023289,18.757368,18.92701,18.67086,18.411308,18.626844,18.40964,18.397415,19.567846,19.254608,19.186625,18.908268,17.417788,16.930012,0.0,0.0,0.0,4.0,4.0,0.0,0.0,0.0
1005,2023.0,1.0,7.0,23.0,18.715439,18.557247,16.798199,16.53025,18.717482,18.429472,18.61247,18.335476,17.910656,17.668741,17.599384,17.010109,19.370905,19.065006,18.929338,18.656004,16.999523,16.454847,0.0,0.0,0.0,0.0,0.0,0.0,0.0,0.0
1006,2023.0,1.0,7.0,23.0,18.611097,18.508726,16.726076,16.460735,18.489765,18.19972,18.376884,18.098131,17.280401,16.684546,17.101698,16.388092,19.202164,18.900883,18.717094,18.447975,16.801275,16.266304,0.0,0.0,0.0,0.0,0.0,0.0,0.0,0.0
1007,2023.0,1.0,7.0,23.0,18.454447,18.35648,16.657608,16.396042,18.300102,18.012955,18.180405,17.905012,17.007486,16.401932,17.205526,16.865257,19.051138,18.746706,18.537193,18.274935,16.926313,16.694273,0.0,0.0,0.0,0.0,0.0,0.0,0.0,0.0
1008,2023.0,1.0,8.0,0.0,18.31806,18.229641,16.594915,16.340334,18.141558,17.865084,18.015766,17.751833,17.13978,16.861101,17.466532,17.46284,18.923647,18.62461,18.379513,18.12135,16.860847,16.636305,0.0,0.0,0.0,0.0,4.0,0.0,0.0,0.0
1009,2023.0,1.0,8.0,0.0,18.193499,18.113876,17.024035,17.203512,17.999851,17.73297,17.868614,17.614847,17.093279,16.842655,17.137531,16.85975,18.80993,18.516005,18.23919,17.986427,16.76763,16.547798,4.0,0.0,0.0,0.0,0.0,0.0,0.0,0.0
1010,2023.0,1.0,8.0,0.0,18.82799,19.414894,16.702015,16.553925,17.872591,17.615076,17.736664,17.492643,16.999727,16.755579,16.94914,16.67479,18.707993,18.419043,18.113241,17.86579,16.679035,16.463366,0.0,0.0,0.0,0.0,0.0,0.0,0.0,0.0
1011,2023.0,1.0,8.0,0.0,18.29928,18.351149,16.510708,16.280521,17.7546,17.503492,17.614388,17.376984,16.908066,16.666826,16.82523,16.55239,18.614231,18.328127,17.996977,17.75233,16.594748,16.381474,0.0,0.0,0.0,0.0,0.0,0.0,0.0,0.0
1012,2023.0,1.0,8.0,0.0,17.677094,17.280346,16.439207,16.209957,17.647297,17.403223,17.50319,17.273022,16.823576,16.58565,16.713932,16.445175,18.529758,18.246973,17.891548,17.650269,17.246809,17.680122,0.0,0.0,0.0,0.0,0.0,0.0,0.0,4.0
1013,2023.0,1.0,8.0,0.0,17.439339,17.007856,16.379267,16.155275,17.548616,17.311327,17.401058,17.17778,16.745693,16.510965,16.613941,16.349157,18.452747,18.173183,17.794962,17.556936,16.698614,16.512585,0.0,0.0,0.0,0.0,0.0,0.0,0.0,0.0
1014,2023.0,1.0,8.0,1.0,17.641027,17.55875,16.323965,16.104141,17.455452,17.222803,17.304893,17.086164,16.672161,16.439243,16.521027,16.258356,18.38084,18.10316,17.704525,17.468174,16.26617,15.820683,0.0,0.0,0.0,0.0,0.0,0.0,0.0,0.0
1015,2023.0,1.0,8.0,1.0,17.622482,17.57283,16.269753,16.051836,17.365957,17.134895,17.212503,16.99524,16.60248,16.370018,16.433851,16.171122,18.313305,18.036255,17.619747,17.383984,16.098799,15.641284,0.0,0.0,0.0,0.0,0.0,0.0,0.0,0.0
1016,2023.0,1.0,8.0,1.0,17.55736,17.513994,16.222916,16.011723,17.288864,17.06627,17.132692,16.924116,16.540712,16.31219,16.358728,16.101557,18.253613,17.98036,17.543844,17.311993,16.251875,16.061644,0.0,0.0,0.0,0.0,0.0,0.0,0.0,0.0
1017,2023.0,1.0,8.0,1.0,17.494104,17.458172,16.178263,15.973779,17.217127,17.003199,17.058237,16.85863,16.483858,16.259977,16.290125,16.039074,18.198923,17.930145,17.474014,17.247034,16.951477,17.396612,0.0,0.0,0.0,0.0,0.0,0.0,0.0,4.0
1018,2023.0,1.0,8.0,1.0,17.430271,17.399439,16.133677,15.934127,17.147099,16.939075,16.985691,16.792097,16.42896,16.208101,16.224241,15.976986,18.146364,17.880545,17.40677,17.182938,16.20259,15.809399,0.0,0.0,0.0,0.0,0.0,0.0,0.0,0.0
1019,2023.0,1.0,8.0,1.0,17.363503,17.332188,16.086044,15.886821,17.074465,16.865824,16.910732,16.716278,16.373371,16.151716,16.157467,15.908708,18.093462,17.827093,17.339193,17.114416,15.937171,15.501271,0.0,0.0,0.0,0.0,0.0,0.0,0.0,0.0
1020,2023.0,1.0,8.0,2.0,17.305283,17.279345,16.045439,15.852072,17.012924,16.811235,16.847149,16.65975,16.324795,16.10659,16.41798,16.452274,18.04718,17.784119,17.27928,17.057898,16.08798,15.906832,0.0,0.0,0.0,0.0,4.0,0.0,0.0,0.0
1021,2023.0,1.0,8.0,2.0,17.247017,17.22388,16.00307,15.812276,16.951313,16.753326,16.783438,16.599894,16.276682,16.059898,16.1556,15.913176,18.001362,17.739586,17.220594,17.000818,16.057646,15.864455,0.0,0.0,0.0,0.0,0.0,0.0,0.0,0.0
1022,2023.0,1.0,8.0,2.0,17.186598,17.162256,15.957458,15.764999,16.887035,16.687784,16.717102,16.532238,16.227459,16.009544,16.043308,15.798423,17.954718,17.69192,17.161396,16.940739,16.00909,15.814553,0.0,0.0,0.0,0.0,0.0,0.0,0.0,0.0
1023,2023.0,1.0,8.0,2.0,17.131693,17.109814,15.916916,15.727208,16.830027,16.634624,16.65833,16.477419,16.18208,15.965563,16.3019,16.337948,17.911655,17.650091,17.10634,16.887163,15.963756,15.770311,0.0,0.0,0.0,0.0,4.0,0.0,0.0,0.0
1024,2023.0,1.0,8.0,2.0,17.078205,17.058481,15.876338,15.688562,16.77423,16.581768,16.600868,16.42296,16.137783,15.922469,16.03942,15.799556,17.869709,17.60922,17.052914,16.83512,15.919049,15.7266445,0.0,0.0,0.0,0.0,0.0,0.0,0.0,0.0
1025,2023.0,1.0,8.0,2.0,17.026209,17.008535,15.836477,15.650444,16.72011,16.530424,16.545277,16.370155,16.094584,15.880548,15.931719,15.692029,17.82885,17.569515,17.001041,16.784758,16.605371,17.058231,0.0,0.0,0.0,0.0,0.0,0.0,0.0,4.0
1026,2023.0,1.0,8.0,3.0,16.974367,16.957476,15.796112,15.610831,16.666296,16.478006,16.490166,16.316366,16.05143,15.837796,15.872784,15.634091,17.788073,17.529085,16.949495,16.733765,16.090075,15.93393,0.0,0.0,0.0,0.0,0.0,0.0,0.0,0.0
1027,2023.0,1.0,8.0,3.0,16.92193,16.903904,15.754688,15.568758,16.612108,16.423313,16.43488,16.260374,16.008043,15.793751,15.814963,15.575168,17.747223,17.487717,16.897972,16.681648,15.69323,15.276854,0.0,0.0,0.0,0.0,0.0,0.0,0.0,0.0
1028,2023.0,1.0,8.0,3.0,16.874662,16.859367,15.7171335,15.533936,16.563332,16.377996,16.385096,16.214006,16.554863,16.858408,15.764712,15.52763,17.709623,17.451977,16.850372,16.636168,15.564873,15.148899,0.0,0.0,0.0,4.0,0.0,0.0,0.0,0.0
1029,2023.0,1.0,8.0,3.0,16.83878,16.836203,15.67858,15.496595,16.513988,16.330278,16.334518,16.16509,16.133213,15.939774,15.715158,15.479131,17.671766,17.414957,16.80269,16.58943,15.701529,15.514208,0.0,0.0,0.0,0.0,0.0,0.0,0.0,0.0
1030,2023.0,1.0,8.0,3.0,16.79976,16.801855,15.637492,15.45367,16.462467,16.27707,16.281525,16.110426,15.989496,15.775138,15.66497,15.427316,17.632986,17.375402,16.754257,16.540194,15.69033,15.499704,0.0,0.0,0.0,0.0,0.0,0.0,0.0,0.0
1031,2023.0,1.0,8.0,3.0,16.758543,16.76359,15.602659,15.422891,16.418293,16.237556,16.236086,16.069822,16.523983,16.829233,15.62169,15.387697,17.597971,17.342808,16.710129,16.498707,15.653365,15.4649315,0.0,0.0,0.0,4.0,0.0,0.0,0.0,0.0
1032,2023.0,1.0,8.0,4.0,16.715885,16.722094,16.0507,16.294125,16.372625,16.194008,16.189165,16.025103,15.854216,15.426061,15.578019,15.345694,17.562485,17.308638,16.665762,16.455833,15.615656,15.428413,4.0,0.0,0.0,0.0,0.0,0.0,0.0,0.0
1033,2023.0,1.0,8.0,4.0,16.672285,16.678,15.76817,15.689134,16.326115,16.147913,16.14144,15.977827,16.21055,16.274296,15.534315,15.302139,17.5263,17.272568,16.620787,16.410997,15.576552,15.389373,0.0,0.0,0.0,4.0,0.0,0.0,0.0,0.0
1034,2023.0,1.0,8.0,4.0,16.630062,16.63634,15.597094,15.430382,16.281366,16.104591,16.095589,15.933448,15.72732,15.269057,15.492947,15.261876,17.491232,17.23834,16.577291,16.368507,16.268965,16.727148,0.0,0.0,0.0,0.0,0.0,0.0,0.0,4.0
1035,2023.0,1.0,8.0,4.0,16.587917,16.594355,15.529899,15.353206,16.236876,16.061056,16.0502,15.888971,15.531655,15.063968,15.744849,15.768389,17.456223,17.203896,16.534044,16.325933,15.760494,15.613383,0.0,0.0,0.0,0.0,4.0,0.0,0.0,0.0
1036,2023.0,1.0,8.0,4.0,16.544006,16.548794,15.478709,15.29968,16.191103,16.014265,16.003841,15.841403,15.705801,15.504244,15.852577,15.907868,17.420324,17.167389,16.490004,16.281252,15.371063,14.963248,0.0,0.0,0.0,0.0,4.0,0.0,0.0,0.0
1037,2023.0,1.0,8.0,4.0,16.502958,16.508947,15.436425,15.258907,16.14874,15.973685,15.961157,15.800321,15.695317,15.487326,15.57079,15.364668,17.386375,17.134533,16.448332,16.240824,15.246749,14.8386,0.0,0.0,0.0,0.0,0.0,0.0,0.0,0.0
1038,2023.0,1.0,8.0,5.0,16.460485,16.46585,15.39447,15.216386,16.105043,15.929896,15.917041,15.755988,15.657143,15.449018,15.450905,15.2206,17.35161,17.099808,16.405962,16.198555,15.396844,15.226352,0.0,0.0,0.0,0.0,0.0,0.0,0.0,0.0
1039,2023.0,1.0,8.0,5.0,16.421148,16.428534,15.356736,15.181051,16.064571,15.89209,15.87599,15.717613,16.19781,16.498388,15.687721,15.713359,17.318861,17.068901,16.365932,16.160555,16.109304,16.570257,0.0,0.0,0.0,4.0,4.0,0.0,0.0,4.0
1040,2023.0,1.0,8.0,5.0,16.381006,16.388937,15.318456,15.143709,16.023172,15.851929,15.834122,15.676911,15.809253,15.646025,15.469274,15.256428,17.285564,17.03664,16.32545,16.121212,15.3899355,15.033407,0.0,0.0,0.0,0.0,0.0,0.0,0.0,0.0
1041,2023.0,1.0,8.0,5.0,16.34056,16.347988,15.28017,15.105378,15.981277,15.810288,15.7920885,15.634914,15.647811,15.4421625,15.643453,15.668442,17.251827,17.003275,16.284586,16.080702,15.894774,16.152412,0.0,0.0,0.0,0.0,4.0,0.0,0.0,4.0
1042,2023.0,1.0,8.0,5.0,16.300499,16.307558,15.750276,16.019379,15.93983,15.769173,15.750607,15.59356,15.593335,15.388192,15.413367,15.18904,17.218378,16.97028,16.244175,16.040745,16.060675,16.32523,4.0,0.0,0.0,0.0,0.0,0.0,0.0,4.0
1043,2023.0,1.0,8.0,5.0,16.26107,16.268204,15.447782,15.37232,15.899194,15.729185,15.710288,15.553565,15.543792,15.339345,15.30548,15.077296,17.185436,16.938046,16.20445,16.001762,16.109512,16.371017,0.0,0.0,0.0,0.0,0.0,0.0,0.0,4.0
1044,2023.0,1.0,8.0,6.0,16.222328,16.230074,15.277451,15.115091,15.859522,15.690761,15.671183,15.515325,15.499299,15.296055,15.256149,15.030557,17.153143,16.906898,16.165552,15.964103,15.4038925,15.016639,0.0,0.0,0.0,0.0,0.0,0.0,0.0,0.0
1045,2023.0,1.0,8.0,6.0,21.085615,24.785128,15.21025,15.037426,20.977411,24.667624,20.906267,24.679506,15.455814,15.252646,15.207256,14.982562,21.932652,24.975142,21.608423,25.127121,15.163816,14.74469,0.0,0.0,0.0,0.0,0.0,4.0,0.0,0.0
1046,2023.0,1.0,8.0,6.0,21.012669,24.069822,15.156241,14.982562,21.010855,24.116268,21.012058,24.252731,15.41121,15.208163,15.156011,14.93169,21.539686,24.014303,22.550047,26.304949,15.046154,14.631008,0.0,0.0,0.0,0.0,0.0,0.0,4.0,0.0
1047,2023.0,1.0,8.0,6.0,21.090614,23.86037,15.10772,14.9335985,21.095259,23.88443,21.099821,24.0168,15.37215,15.169616,15.108609,14.884647,21.128347,23.013021,23.086777,26.771042,15.191913,15.015908,0.0,0.0,0.0,0.0,0.0,0.0,4.0,0.0
1048,2023.0,1.0,8.0,6.0,21.079622,23.597689,15.542688,15.784358,21.060299,23.53066,21.08739,23.720358,15.338406,15.136946,15.351487,15.375656,21.060978,22.678581,20.870026,22.473791,15.213453,15.031947,4.0,4.0,0.0,0.0,4.0,4.0,4.0,0.0
1049,2023.0,1.0,8.0,6.0,21.77556,24.401182,20.298786,23.867165,21.77179,24.373436,21.877083,24.698942,15.30691,15.105891,20.37258,23.68948,21.558826,23.292744,22.13253,24.456043,15.176213,14.995102,0.0,0.0,0.0,0.0,0.0,4.0,0.0,0.0
1050,2023.0,1.0,8.0,7.0,21.07105,23.247374,17.806656,18.367601,21.091301,23.20459,20.910145,22.893639,15.279355,15.079225,17.707153,18.12174,20.943434,22.12702,20.873692,22.179504,15.146056,14.965851,0.0,0.0,0.0,0.0,0.0,0.0,4.0,0.0
1051,2023.0,1.0,8.0,7.0,21.050404,23.111622,16.117413,16.041456,21.073687,23.034384,21.110033,23.240509,16.014389,16.485714,16.107716,15.902526,21.058842,22.300007,21.082834,22.59985,16.096645,16.7863,0.0,4.0,0.0,4.0,0.0,4.0,4.0,4.0
1052,2023.0,1.0,8.0,7.0,21.053816,23.065802,16.230871,16.46624,21.100319,23.023785,21.077,23.125635,20.341442,23.767496,15.809135,15.575327,21.076385,22.322374,21.048054,22.532059,20.167757,23.515985,4.0,0.0,0.0,4.0,0.0,0.0,4.0,0.0
1053,2023.0,1.0,8.0,7.0,21.982483,24.472506,20.318888,23.560158,21.159332,23.073135,21.166147,23.241117,20.022943,22.604319,15.653275,15.41443,22.12357,24.046469,21.219715,22.867321,17.764282,18.202883,4.0,0.0,4.0,4.0,0.0,0.0,4.0,4.0
1054,2023.0,1.0,8.0,7.0,21.947016,24.152338,20.033676,22.551872,21.97261,24.377514,21.834774,24.30192,20.079191,22.349047,15.531087,15.292278,21.698072,23.140627,22.176176,24.444038,20.375988,23.369562,4.0,4.0,4.0,4.0,0.0,4.0,4.0,0.0
1055,2023.0,1.0,8.0,7.0,21.717533,23.697433,20.095522,22.378996,20.920195,22.393147,20.926403,22.51883,20.096294,22.148415,15.820818,15.922511,21.664724,22.926212,20.887293,21.982054,17.446947,17.264448,4.0,4.0,4.0,0.0,4.0,0.0,4.0,0.0
1056,2023.0,1.0,8.0,8.0,21.778574,23.70621,20.101667,22.201288,21.09765,22.741898,21.096601,22.850769,17.72063,17.385641,20.484657,23.679758,21.840403,23.284704,21.115469,22.505007,16.078098,15.590959,0.0,4.0,4.0,0.0,4.0,4.0,0.0,0.0
1057,2023.0,1.0,8.0,8.0,20.152697,20.438507,18.066261,18.122536,19.438213,19.550861,19.326345,19.441547,17.263445,17.327147,20.015064,22.53072,20.491701,20.533453,19.933031,20.205336,16.971928,17.602087,4.0,4.0,4.0,4.0,0.0,4.0,4.0,4.0
1058,2023.0,1.0,8.0,8.0,19.126726,19.269035,20.240307,22.575127,18.573977,18.518927,18.436121,18.406176,20.433714,22.754429,17.398975,17.151241,19.78437,19.767817,18.510418,17.978306,20.35853,23.267454,0.0,4.0,4.0,4.0,0.0,4.0,0.0,4.0
1059,2023.0,1.0,8.0,8.0,18.814117,18.974098,18.17466,18.290289,18.274162,18.21927,17.505522,16.93516,20.023169,21.841589,16.03768,15.439771,18.923866,18.343954,18.846233,19.140764,20.058853,22.36573,4.0,4.0,0.0,4.0,0.0,0.0,4.0,0.0
1060,2023.0,1.0,8.0,8.0,18.585749,18.760052,20.26377,22.599163,18.0637,18.021112,16.948263,16.29243,20.069233,21.779133,15.990965,15.685266,18.372427,17.702309,18.941696,19.245583,17.537672,17.285074,4.0,4.0,0.0,4.0,0.0,0.0,4.0,0.0
1061,2023.0,1.0,8.0,8.0,18.394394,18.576078,20.05822,21.982061,17.88906,17.856548,16.644592,15.988678,20.09075,21.736603,15.937805,15.680041,18.859488,18.884766,17.94103,17.469387,16.339363,15.84361,0.0,4.0,0.0,0.0,0.0,4.0,0.0,0.0
1062,2023.0,1.0,8.0,9.0,17.553322,17.149525,17.862223,17.642153,17.102932,16.527424,16.736355,16.420307,17.98584,17.610863,15.800923,15.557231,18.290411,17.741444,17.356506,16.8055,16.231655,15.986167,0.0,0.0,0.0,0.0,0.0,0.0,0.0,0.0
1063,2023.0,1.0,8.0,9.0,17.16019,16.662416,17.666748,17.770332,16.714266,16.038935,16.710512,16.465967,17.124508,16.483067,16.062082,16.13666,17.917957,17.266804,17.107927,16.548403,16.134583,15.926243,4.0,0.0,0.0,0.0,4.0,0.0,0.0,0.0
1064,2023.0,1.0,8.0,9.0,16.967926,16.497362,20.224686,22.456001,16.517948,15.8590555,16.600471,16.368406,17.091856,16.773472,20.267756,23.13306,17.734709,17.093407,16.929144,16.386957,15.998593,15.802315,4.0,0.0,0.0,0.0,0.0,0.0,0.0,0.0
1065,2023.0,1.0,8.0,9.0,16.782145,16.332232,20.065208,21.93298,16.651398,16.330803,17.196253,17.597849,16.948364,16.688368,17.860626,18.153713,18.702108,19.122583,17.019772,16.759737,15.848366,15.6529255,0.0,0.0,4.0,0.0,0.0,4.0,0.0,0.0
1066,2023.0,1.0,8.0,9.0,16.931538,16.811022,17.929836,17.711456,16.660488,16.411423,16.817343,16.76737,16.7348,16.491644,16.413723,16.212023,17.956116,17.428455,16.994791,16.767653,15.713469,15.520473,0.0,0.0,0.0,0.0,0.0,0.0,0.0,0.0
1067,2023.0,1.0,8.0,9.0,16.935457,16.87733,17.27556,16.967611,16.574247,16.333975,16.14723,15.598432,16.570358,16.329723,16.140158,15.892443,17.57764,16.953215,16.90309,16.678009,15.61194,15.416776,0.0,0.0,0.0,0.0,0.0,0.0,0.0,0.0
1068,2023.0,1.0,8.0,10.0,16.853163,16.798588,17.025608,16.739683,16.4783,16.239363,15.888659,15.290743,16.416994,16.178041,15.976827,15.722046,17.429682,16.810766,16.80844,16.582712,15.517672,15.321437,0.0,0.0,0.0,0.0,0.0,0.0,0.0,0.0
1069,2023.0,1.0,8.0,10.0,16.783895,16.74364,16.824022,16.571737,17.143436,17.568949,16.073322,15.810183,16.300116,16.080631,15.859414,15.620289,17.629871,17.340307,16.73137,16.514826,15.443254,15.256127,0.0,4.0,0.0,0.0,0.0,0.0,0.0,0.0
1070,2023.0,1.0,8.0,10.0,16.707392,16.671427,16.619522,16.359947,17.339283,17.847237,16.081562,15.880748,16.181023,15.964167,15.742992,15.503119,17.635677,17.375763,16.653893,16.438847,15.368942,15.183028,0.0,4.0,0.0,0.0,0.0,0.0,0.0,0.0
1071,2023.0,1.0,8.0,10.0,16.644466,16.621862,16.473318,16.2409,16.440338,16.102537,16.023478,15.83681,16.083904,15.875929,15.654075,15.4283085,17.58663,17.335081,16.590546,16.384138,16.227743,16.858736,0.0,0.0,0.0,0.0,0.0,0.0,0.0,4.0
1072,2023.0,1.0,8.0,10.0,16.581024,16.566978,16.789604,16.96498,16.027462,15.502353,15.9625635,15.785261,15.993213,15.791093,15.569341,15.350466,17.538176,17.292316,16.529894,16.328749,20.156158,23.53641,4.0,0.0,0.0,0.0,0.0,0.0,0.0,0.0
1073,2023.0,1.0,8.0,10.0,16.509058,16.498045,20.249063,23.092314,15.84172,15.315461,15.897992,15.728854,15.899601,15.7033825,15.479124,15.265908,17.486712,17.246534,16.467052,16.271414,17.147253,17.121023,4.0,0.0,0.0,0.0,0.0,0.0,0.0,0.0
1074,2023.0,1.0,8.0,11.0,16.44464,16.439388,20.040678,22.295853,16.018723,15.801177,15.834379,15.670322,15.813329,15.619828,15.398384,15.189172,17.437654,17.201195,16.406525,16.213837,15.742648,15.346738,0.0,0.0,0.0,0.0,0.0,0.0,0.0,0.0
1075,2023.0,1.0,8.0,11.0,16.383307,16.38357,17.771217,17.693077,16.044815,15.866935,15.779958,15.626096,15.744521,15.559923,15.337808,15.138602,17.397118,17.167902,16.35507,16.16938,15.667986,15.481408,0.0,0.0,0.0,0.0,0.0,0.0,0.0,0.0
1076,2023.0,1.0,8.0,11.0,16.346407,16.366236,17.514505,17.679644,16.003845,15.839222,15.732417,15.585561,15.6909075,15.510551,15.294725,15.1004925,17.363861,17.13954,16.311396,16.129946,16.519865,17.15868,4.0,0.0,0.0,0.0,0.0,0.0,0.0,4.0
1077,2023.0,1.0,8.0,11.0,16.30101,16.326029,20.23154,22.643776,15.956201,15.800862,15.68743,15.548747,16.360867,16.81476,15.255226,15.067033,18.090235,18.543938,16.270947,16.09477,20.239168,23.49468,0.0,0.0,0.0,4.0,0.0,4.0,0.0,0.0
1078,2023.0,1.0,8.0,11.0,16.262234,16.30088,18.294928,18.620451,15.906258,15.75914,15.64174,15.510343,20.371311,23.634892,15.2156925,15.034723,17.67836,17.541058,16.229315,16.05848,17.351791,17.360495,0.0,0.0,0.0,0.0,0.0,0.0,0.0,0.0
1079,2023.0,1.0,8.0,11.0,16.222492,16.26759,17.080776,16.991009,15.858351,15.718764,15.59812,15.473542,17.504848,17.510954,15.178983,15.004334,17.191895,16.761084,16.189928,16.024048,15.986295,15.656047,0.0,0.0,0.0,0.0,0.0,0.0,0.0,0.0
1080,2023.0,1.0,8.0,12.0,16.186697,16.23472,16.759205,16.58765,15.815246,15.680429,15.55903,15.438839,16.436485,15.961114,15.148599,14.977802,17.031067,16.557734,16.155008,15.9922285,15.909126,15.73764,0.0,0.0,0.0,0.0,0.0,0.0,0.0,0.0
1081,2023.0,1.0,8.0,12.0,21.084969,24.851688,16.587019,16.427961,20.962263,24.71228,20.83929,24.67012,16.41614,16.18939,15.117198,14.948828,21.428398,24.162142,21.507427,25.02358,15.8090105,15.650424,0.0,0.0,0.0,0.0,0.0,0.0,0.0,0.0
1082,2023.0,1.0,8.0,12.0,20.993814,24.084448,16.400343,16.244144,21.013365,24.198757,21.014505,24.374498,16.316702,16.121378,15.080418,14.912678,20.957033,23.084198,22.25497,25.895287,15.681548,15.527028,0.0,0.0,0.0,0.0,0.0,0.0,0.0,0.0
1083,2023.0,1.0,8.0,12.0,21.095715,23.94378,16.233618,16.076292,21.096222,23.965954,21.10137,24.130041,16.987545,17.522406,15.044966,14.877334,21.077793,23.059397,23.132082,27.00691,15.5709505,15.418971,0.0,0.0,0.0,4.0,0.0,0.0,0.0,0.0
1084,2023.0,1.0,8.0,12.0,21.098003,23.66968,16.557901,16.807152,21.084074,23.676647,21.088795,23.828136,20.314768,23.154566,15.012454,14.845682,21.96985,24.384947,20.870232,22.623638,15.481587,15.334139,4.0,0.0,0.0,0.0,0.0,0.0,0.0,0.0
1085,2023.0,1.0,8.0,12.0,22.082443,25.09932,20.298439,23.315477,21.145592,23.614388,21.145096,23.748165,17.660511,17.561466,15.001872,14.852398,21.654799,23.494688,21.207277,23.233763,15.404752,15.26022,0.0,0.0,0.0,0.0,0.0,0.0,0.0,0.0
1086,2023.0,1.0,8.0,13.0,20.918804,22.884428,17.995121,18.385704,21.081125,23.350706,21.085934,23.490389,16.37001,15.942609,15.002362,14.868295,20.949694,22.157131,21.067553,22.896015,15.338851,15.197754,0.0,0.0,0.0,0.0,0.0,0.0,0.0,0.0
1087,2023.0,1.0,8.0,13.0,21.101788,23.212334,16.582811,16.46541,21.052801,23.177181,21.081856,23.379946,16.304846,16.09839,15.003102,14.8820505,21.072136,22.388191,21.06955,22.85003,15.279412,15.138953,0.0,4.0,0.0,0.0,0.0,0.0,0.0,0.0
1088,2023.0,1.0,8.0,13.0,21.150846,23.263674,16.273941,16.105839,21.165016,23.343122,21.173582,23.469143,16.226662,16.033773,15.0044365,14.8983755,21.11098,22.439964,21.143774,22.946062,15.22719,15.088696,0.0,0.0,0.0,0.0,0.0,0.0,0.0,0.0
1089,2023.0,1.0,8.0,13.0,21.146852,23.20327,16.102797,15.9390335,21.157642,23.231821,21.16687,23.365858,16.112448,15.926904,15.00532,14.910197,21.108467,22.401138,21.139317,22.877213,15.181134,15.044655,0.0,0.0,0.0,0.0,0.0,0.0,0.0,0.0
1090,2023.0,1.0,8.0,13.0,21.144411,23.167469,15.962678,15.803277,21.15373,23.175,21.163065,23.308336,16.009989,15.830931,15.006181,14.921906,21.106705,22.37673,21.136765,22.840149,15.138876,15.00425,0.0,0.0,0.0,0.0,0.0,0.0,0.0,0.0
1091,2023.0,1.0,8.0,13.0,21.14193,23.134607,15.842271,15.687116,21.150368,23.124815,21.15963,23.258696,15.919776,15.746561,15.006471,14.9316,21.054178,22.229279,21.134846,22.807295,15.100187,14.967314,0.0,0.0,0.0,0.0,0.0,4.0,0.0,0.0
1092,2023.0,1.0,8.0,14.0,21.140526,23.108,15.736881,15.585819,21.147526,23.083744,21.156826,23.218342,15.840053,15.67205,15.007296,14.941796,21.133432,22.386396,21.132877,22.7787,15.064626,14.93341,0.0,0.0,0.0,0.0,0.0,0.0,0.0,0.0
1093,2023.0,1.0,8.0,14.0,19.34687,19.643354,15.650768,15.5109415,19.28727,19.484468,19.165161,19.366343,15.772079,15.611766,15.004169,14.943277,19.432882,19.062897,19.370144,19.36734,15.031826,14.902328,0.0,0.0,0.0,0.0,0.0,0.0,0.0,0.0
1094,2023.0,1.0,8.0,14.0,19.039743,19.703577,15.560421,15.418606,18.139662,17.984121,17.972158,17.84131,15.700664,15.54027,15.276511,15.456893,18.588482,18.026356,19.473003,20.192038,14.9982815,14.874085,0.0,0.0,0.0,0.0,4.0,0.0,4.0,0.0
1095,2023.0,1.0,8.0,14.0,18.335531,18.464592,15.481974,15.341546,17.725967,17.538252,17.547443,17.39033,15.635712,15.477191,19.930223,23.076706,18.560745,18.26783,18.329325,17.962318,15.003917,14.909576,0.0,0.0,0.0,0.0,0.0,0.0,0.0,0.0
1096,2023.0,1.0,8.0,14.0,17.53251,17.269112,15.4135065,15.270065,17.442877,17.248692,17.251444,17.08783,15.572446,15.414451,17.491232,17.96127,19.252834,19.699839,17.634247,17.167124,15.003974,14.930759,0.0,0.0,0.0,0.0,0.0,4.0,0.0,0.0
1097,2023.0,1.0,8.0,14.0,17.131784,16.816671,15.350447,15.204505,17.212595,17.016531,17.010761,16.844658,15.510731,15.350815,15.896724,15.758843,18.420456,17.97479,17.327293,16.857422,15.004652,14.950658,0.0,0.0,0.0,0.0,0.0,0.0,0.0,0.0
1098,2023.0,1.0,8.0,15.0,17.171106,17.129051,15.29051,15.142312,17.749338,18.196735,17.544037,18.024748,15.45058,15.288789,15.574327,15.385578,17.914837,17.377634,17.327301,17.093561,15.005613,14.96905,0.0,4.0,4.0,0.0,0.0,0.0,0.0,0.0
1099,2023.0,1.0,8.0,15.0,17.098358,17.086319,15.229223,15.075169,17.915068,18.4312,17.685188,18.207426,15.390417,15.224436,15.397428,15.192056,17.7106,17.162464,17.238619,17.027018,15.009453,14.992989,0.0,4.0,4.0,0.0,0.0,0.0,0.0,0.0
1100,2023.0,1.0,8.0,15.0,17.74889,18.427418,15.181063,15.032105,17.551125,17.740871,16.746332,16.456718,15.339154,15.175711,15.281254,15.08957,17.832415,17.560364,17.112133,16.914022,15.005273,14.995531,0.0,4.0,0.0,0.0,0.0,0.0,0.0,0.0
1101,2023.0,1.0,8.0,15.0,17.01782,16.882833,15.129658,14.980329,16.702894,16.28801,16.18919,15.739455,15.286844,15.122265,15.170347,14.980347,17.832483,17.59967,16.98581,16.792295,15.007014,15.011715,0.0,0.0,0.0,0.0,0.0,0.0,0.0,0.0
1102,2023.0,1.0,8.0,15.0,16.509436,16.225357,15.0801,14.930134,16.988579,17.098372,15.956807,15.487624,15.970307,16.447987,15.07173,14.883235,18.578423,19.090618,16.869741,16.679575,15.007271,15.024487,0.0,4.0,0.0,4.0,0.0,4.0,0.0,0.0
1103,2023.0,1.0,8.0,15.0,16.316273,16.016142,15.033672,14.883856,17.119242,17.285517,16.786669,17.213894,20.263605,23.71115,14.9987545,14.830834,17.773949,17.339853,16.765728,16.580164,15.0076885,15.036869,0.0,4.0,4.0,0.0,0.0,0.0,0.0,0.0
1104,2023.0,1.0,8.0,16.0,16.436108,16.385984,14.999839,14.860743,16.425886,16.026962,16.239124,15.965874,17.752012,18.179945,15.007973,14.903042,18.114313,18.29589,16.669163,16.486713,15.741895,16.421259,0.0,0.0,0.0,4.0,0.0,4.0,0.0,4.0
1105,2023.0,1.0,8.0,16.0,16.465582,16.467241,15.433613,15.70074,16.722416,16.824432,16.433403,16.595713,20.292526,23.202875,15.007863,14.94143,17.554949,17.08435,16.576677,16.392311,20.068344,23.66954,4.0,4.0,4.0,0.0,0.0,0.0,0.0,0.0
1106,2023.0,1.0,8.0,16.0,17.193686,17.887577,20.135912,23.720179,16.236895,15.839787,15.957661,15.629198,17.544657,17.459864,15.00883,14.972439,17.999691,18.187252,16.490944,16.306944,16.937592,16.973158,0.0,0.0,0.0,0.0,0.0,4.0,0.0,0.0
1107,2023.0,1.0,8.0,16.0,16.798157,16.944525,17.919884,18.752035,16.564777,16.6745,16.281256,16.440552,16.15686,15.717857,15.213114,15.366405,18.196024,18.381065,16.41121,16.227482,16.271908,16.684309,4.0,4.0,4.0,0.0,4.0,4.0,0.0,4.0
1108,2023.0,1.0,8.0,16.0,16.97854,17.359325,20.264063,23.188984,16.712435,16.904243,15.795291,15.483504,16.089008,15.8522835,19.92386,23.325226,17.464073,16.993288,16.344156,16.159826,20.327862,23.757414,4.0,4.0,0.0,0.0,0.0,0.0,0.0,0.0
1109,2023.0,1.0,8.0,16.0,17.074562,17.480232,20.067432,22.49332,16.716612,16.906992,15.432098,14.992378,15.996299,15.799029,17.461441,17.938747,17.91133,18.096397,16.274946,16.091564,17.220808,17.22405,0.0,4.0,0.0,0.0,0.0,4.0,0.0,0.0
1110,2023.0,1.0,8.0,17.0,16.402369,16.230814,17.62359,17.582556,16.046412,15.662803,15.294691,14.838187,15.85141,15.6643915,15.780129,15.616981,17.36877,16.903845,16.209217,16.026236,15.7282505,15.355227,0.0,0.0,0.0,0.0,0.0,0.0,0.0,0.0
1111,2023.0,1.0,8.0,17.0,16.831316,17.185356,16.494013,15.933114,16.438383,16.550295,16.220875,16.675404,15.739992,15.55378,15.509568,15.304371,17.096903,16.565252,16.151218,15.96599,16.598173,17.26859,0.0,4.0,4.0,0.0,0.0,0.0,0.0,4.0
1112,2023.0,1.0,8.0,17.0,16.291891,16.127932,16.884949,17.008083,16.57376,16.761284,16.516573,17.067768,16.400984,16.892122,15.76806,15.907966,17.771173,17.941551,17.129944,17.854858,20.36912,23.727205,4.0,4.0,4.0,4.0,4.0,4.0,4.0,4.0
1113,2023.0,1.0,8.0,17.0,15.904849,15.608268,20.271358,23.06129,16.570047,16.750769,16.291683,16.534916,20.915497,24.50246,20.41541,23.662357,17.232565,16.745308,17.309858,17.825115,21.079832,24.282494,4.0,4.0,4.0,0.0,4.0,0.0,4.0,4.0
1114,2023.0,1.0,8.0,17.0,15.761776,15.451259,20.060919,22.312298,16.55763,16.732271,16.211603,16.424326,17.79351,17.80414,20.0443,22.701101,17.696495,17.877232,17.328135,17.827368,21.434368,24.585136,0.0,4.0,4.0,0.0,0.0,4.0,4.0,0.0
1115,2023.0,1.0,8.0,17.0,15.9330845,15.888696,18.027126,18.172855,16.54007,16.708422,16.213598,16.418732,16.090538,15.658285,17.36754,17.22956,17.150852,16.665401,16.380539,16.005455,18.828665,19.244783,4.0,4.0,4.0,0.0,0.0,0.0,0.0,4.0
1116,2023.0,1.0,8.0,18.0,16.755379,17.445536,20.254593,22.42525,16.520193,16.682228,16.209457,16.404167,16.7778,17.223173,16.543987,16.23197,17.679974,17.839933,16.02395,15.565601,20.304605,22.188921,4.0,4.0,4.0,4.0,0.0,4.0,0.0,4.0
1117,2023.0,1.0,8.0,18.0,21.06716,24.658934,20.061455,21.913227,21.133932,24.77366,20.99144,24.743525,20.288479,23.183756,16.295475,16.019642,20.543337,22.705336,21.2858,24.69864,20.077148,21.887775,0.0,4.0,4.0,0.0,0.0,0.0,0.0,0.0
1118,2023.0,1.0,8.0,18.0,21.061855,24.141338,17.898571,17.67384,21.03159,24.01235,21.036118,24.224257,17.485971,17.322084,16.04115,15.781189,21.756416,24.46131,21.660917,24.915623,17.796398,17.491682,0.0,4.0,4.0,0.0,0.0,4.0,0.0,0.0
1119,2023.0,1.0,8.0,18.0,21.086416,23.813288,16.959759,16.701342,21.09755,23.769186,21.102776,23.951147,16.072683,15.5515,15.827812,15.575643,20.961102,22.71016,22.919634,26.746618,17.564165,17.864761,0.0,4.0,4.0,0.0,0.0,4.0,0.0,4.0
1120,2023.0,1.0,8.0,18.0,21.082308,23.565924,17.150753,17.302301,21.086462,23.496178,21.091557,23.658745,15.994875,15.738334,15.6442795,15.3993845,21.09867,22.829887,20.876152,22.746649,20.333643,22.757036,4.0,4.0,4.0,0.0,0.0,0.0,0.0,4.0
1121,2023.0,1.0,8.0,18.0,21.15144,23.536846,20.265966,22.898197,21.1525,23.451408,21.15109,23.587843,15.923509,15.70146,15.908609,16.043756,21.118462,22.718143,21.213205,23.337461,20.028858,21.977457,4.0,4.0,4.0,0.0,4.0,4.0,0.0,4.0
1122,2023.0,1.0,8.0,19.0,22.32813,25.323769,20.06124,22.178473,21.150093,23.315613,21.149744,23.444267,15.782773,15.566895,20.426256,23.585947,21.985497,24.12285,21.17228,23.18327,21.263775,23.841639,0.0,4.0,4.0,0.0,0.0,0.0,0.0,0.0
1123,2023.0,1.0,8.0,19.0,20.894787,22.64495,17.741634,17.527683,21.081009,23.079552,21.08519,23.208166,15.655487,15.438219,17.74261,18.06744,20.957224,22.12965,21.075474,22.930614,18.568552,18.361263,0.0,4.0,4.0,0.0,0.0,0.0,0.0,0.0
1124,2023.0,1.0,8.0,19.0,21.131262,23.117813,16.757185,16.47918,21.07903,23.000357,21.107286,23.188711,15.5389595,15.318613,16.187588,15.963733,21.060553,22.291798,21.073206,22.878477,16.880117,16.289993,0.0,4.0,0.0,0.0,0.0,4.0,0.0,0.0
1125,2023.0,1.0,8.0,19.0,21.090328,23.008476,16.52318,16.260178,21.10286,23.006676,21.102016,23.108833,15.439091,15.22,15.843036,15.596066,21.07973,22.329609,21.316242,23.324306,16.397846,15.815852,0.0,0.0,0.0,0.0,0.0,0.0,0.0,0.0
1126,2023.0,1.0,8.0,19.0,21.093876,22.984278,16.298653,16.032673,21.096848,22.939575,21.101578,23.051954,15.34637,15.12543,15.624433,15.371134,21.075342,22.294395,21.165337,22.982817,16.379232,16.110184,0.0,0.0,0.0,0.0,0.0,0.0,0.0,0.0
1127,2023.0,1.0,8.0,19.0,21.145487,23.093065,16.084375,15.79531,21.190828,23.068811,21.159649,23.158796,15.259118,15.032909,15.439258,15.173786,21.148697,22.40895,21.147018,22.910585,16.2566,16.012552,0.0,0.0,0.0,0.0,0.0,0.0,0.0,0.0
1128,2023.0,1.0,8.0,20.0,21.144484,23.071543,15.918242,15.629958,21.146437,22.956858,21.157679,23.124643,15.184249,14.956609,15.29402,15.032727,21.110758,22.329454,21.144083,22.855835,16.074688,15.838828,0.0,0.0,0.0,0.0,0.0,0.0,0.0,0.0
1129,2023.0,1.0,8.0,20.0,21.144161,23.063622,15.772765,15.486314,21.14684,22.96248,21.156906,23.109928,15.115525,14.886928,15.162705,14.899034,21.111942,22.343302,21.142202,22.828482,15.912377,15.683933,0.0,0.0,0.0,0.0,0.0,0.0,0.0,0.0
1130,2023.0,1.0,8.0,20.0,21.143898,23.052345,15.643406,15.358703,21.146334,22.949463,21.156025,23.093096,15.051964,14.822281,15.044194,14.780377,21.112116,22.341005,21.141644,22.804869,15.769441,15.547267,0.0,0.0,0.0,0.0,0.0,0.0,0.0,0.0
1131,2023.0,1.0,8.0,20.0,21.143246,23.03968,15.527128,15.244016,21.145838,22.93687,21.155405,23.077467,14.999914,14.775816,15.004615,14.802682,21.111942,22.336565,21.140066,22.781939,15.637998,15.412838,0.0,0.0,0.0,0.0,0.0,0.0,0.0,0.0
1132,2023.0,1.0,8.0,20.0,21.142303,23.026213,15.4217615,15.140008,21.14501,22.922628,21.15459,23.06177,15.004059,14.831369,15.00994,14.873583,21.111685,22.330328,21.13918,22.762901,15.520441,15.29522,0.0,0.0,0.0,0.0,0.0,0.0,0.0,0.0
1133,2023.0,1.0,8.0,20.0,21.142103,23.014109,15.325626,15.044941,21.144394,22.908623,21.153776,23.046604,15.006457,14.858879,15.013322,14.916536,21.111498,22.323364,21.138443,22.745693,15.415316,15.189798,0.0,0.0,0.0,0.0,0.0,0.0,0.0,0.0
1134,2023.0,1.0,8.0,21.0,21.141096,23.000463,15.237342,14.957417,21.143766,22.894508,21.153263,23.032524,15.007735,14.882136,15.015512,14.950318,21.111387,22.316082,21.137493,22.729471,15.320341,15.094339,0.0,0.0,0.0,0.0,0.0,0.0,0.0,0.0
1135,2023.0,1.0,8.0,21.0,21.140562,22.988358,15.157555,14.879862,21.14296,22.880354,21.152315,23.01814,15.009273,14.902423,15.017547,14.977693,21.110977,22.30816,21.136581,22.714823,15.235113,15.009769,0.0,0.0,0.0,0.0,0.0,0.0,0.0,0.0
1136,2023.0,1.0,8.0,21.0,21.139675,22.975798,15.084054,14.808305,21.142168,22.86674,21.151506,23.004776,15.011738,14.922046,15.019559,15.0007515,21.110826,22.301035,21.135765,22.701488,15.157402,14.932572,0.0,0.0,0.0,0.0,0.0,0.0,0.0,0.0
1137,2023.0,1.0,8.0,21.0,21.13929,22.96488,15.015742,14.7416525,21.141495,22.853756,21.150959,22.992447,15.011483,14.934365,15.021028,15.019712,21.110397,22.293617,21.13519,22.68963,15.085741,14.861309,0.0,0.0,0.0,0.0,0.0,0.0,0.0,0.0
1138,2023.0,1.0,8.0,21.0,21.138474,22.953415,15.003341,14.778984,21.140701,22.84088,21.150185,22.980104,15.013054,14.950026,15.021977,15.035695,21.110031,22.286774,21.13439,22.678135,15.019113,14.794981,0.0,0.0,0.0,0.0,0.0,0.0,0.0,0.0
1139,2023.0,1.0,8.0,21.0,21.13823,22.943691,15.005671,14.825181,21.139894,22.828531,21.149342,22.968262,15.014746,14.964256,15.022944,15.050295,21.109806,22.28054,21.133898,22.668224,15.0030775,14.822223,0.0,0.0,0.0,0.0,0.0,0.0,0.0,0.0
1140,2023.0,1.0,8.0,22.0,21.137585,22.933449,15.008003,14.862108,21.139227,22.816854,21.149006,22.95778,15.015492,14.976008,15.024007,15.063926,21.109625,22.274794,21.133547,22.659046,15.006071,14.864066,0.0,0.0,0.0,0.0,0.0,0.0,0.0,0.0
1141,2023.0,1.0,8.0,22.0,21.137062,22.924078,15.01004,14.893362,21.138596,22.80561,21.148438,22.947126,15.016593,14.988239,15.025451,15.0773735,21.10911,22.268707,21.133091,22.650358,15.008016,14.8936825,0.0,0.0,0.0,0.0,0.0,0.0,0.0,0.0
1142,2023.0,1.0,8.0,22.0,21.136648,22.915329,15.011222,14.919005,21.138102,22.79505,21.1477,22.936615,15.01681,14.998059,15.025779,15.087627,21.10885,22.263412,21.132837,22.64253,15.01068,14.920801,0.0,0.0,0.0,0.0,0.0,0.0,0.0,0.0
1143,2023.0,1.0,8.0,22.0,21.135807,22.906126,15.013259,14.943458,21.137512,22.784628,21.147314,22.927076,15.017261,15.008155,15.027224,15.099729,21.108883,22.258846,21.13229,22.6344,15.010624,14.938864,0.0,0.0,0.0,0.0,0.0,0.0,0.0,0.0
1144,2023.0,1.0,8.0,22.0,21.135538,22.898657,15.014016,14.962836,21.13713,22.774996,21.146944,22.918013,15.018215,15.018733,15.027601,15.10867,21.10841,22.253305,21.131973,22.627197,15.012111,14.95847,0.0,0.0,0.0,0.0,0.0,0.0,0.0,0.0
1145,2023.0,1.0,8.0,22.0,21.134941,22.890749,15.015261,14.981609,21.13633,22.764872,21.146326,22.908705,15.019842,15.029998,15.028103,15.117779,21.10825,22.24864,21.131464,22.619791,15.014515,14.977368,0.0,0.0,0.0,0.0,0.0,0.0,0.0,0.0
1146,2023.0,1.0,8.0,23.0,21.135088,22.884766,15.016168,14.998082,21.136034,22.756176,21.145935,22.900238,15.02046,15.038735,15.03031,15.131007,21.107971,22.243828,21.131256,22.613382,15.015427,14.991639,0.0,0.0,0.0,0.0,0.0,0.0,0.0,0.0
1147,2023.0,1.0,8.0,23.0,19.410067,19.56796,15.271809,15.475743,19.415668,19.448427,19.77888,20.242966,15.326161,15.608403,14.998515,15.066811,19.672,19.479065,19.386053,19.252375,15.520255,15.943989,4.0,0.0,4.0,4.0,4.0,0.0,0.0,4.0
1148,2023.0,1.0,8.0,23.0,18.401726,18.291729,14.983954,14.94028,18.335579,18.033337,18.473337,18.310465,15.502181,15.827182,15.021093,15.134816,18.951555,18.622442,18.476755,18.189455,15.070587,14.908864,0.0,0.0,0.0,4.0,0.0,0.0,0.0,0.0
1149,2023.0,1.0,8.0,23.0,18.016714,17.884296,15.014547,15.02294,17.921371,17.582863,17.392086,16.64139,14.948142,14.831159,15.016462,15.137685,18.677729,18.348959,18.114046,17.824106,15.0377865,15.018262,0.0,0.0,0.0,0.0,0.0,0.0,0.0,0.0
1150,2023.0,1.0,8.0,23.0,17.733355,17.585342,15.009052,15.028107,17.633663,17.284311,16.831959,16.004688,15.040386,15.029923,15.01731,15.148271,18.454449,18.119436,17.834152,17.544205,15.01757,14.990124,0.0,0.0,0.0,0.0,0.0,0.0,0.0,0.0
1151,2023.0,1.0,8.0,23.0,17.516111,17.377527,15.009964,15.043599,17.415434,17.079664,16.99598,16.64549,15.018997,15.000456,15.017411,15.1569,18.273233,17.946161,17.613194,17.338764,15.010248,15.009199,0.0,0.0,0.0,0.0,0.0,0.0,0.0,0.0
1152,2023.0,1.0,9.0,0.0,17.319323,17.17859,15.019902,15.076712,17.213541,16.876112,16.93056,16.626421,15.01906,15.039296,15.03346,15.197211,18.10857,17.781984,17.406248,17.125425,15.019252,15.0560875,0.0,0.0,0.0,0.0,0.0,0.0,0.0,0.0
1153,2023.0,1.0,9.0,0.0,17.161917,17.034307,15.020281,15.0859995,17.049501,16.724157,16.774939,16.481977,15.021477,15.068451,15.033598,15.199578,17.969784,17.649874,17.23176,16.957628,15.019305,15.072763,0.0,0.0,0.0,0.0,0.0,0.0,0.0,0.0
1154,2023.0,1.0,9.0,0.0,17.020775,16.90146,15.020596,15.097346,16.905554,16.591778,16.630714,16.348576,15.022632,15.089967,15.033759,15.206982,17.847282,17.533636,17.078726,16.810753,15.020944,15.093939,0.0,0.0,0.0,0.0,0.0,0.0,0.0,0.0
1155,2023.0,1.0,9.0,0.0,16.905283,16.80473,15.009208,15.086419,16.785637,16.490953,16.509268,16.24541,15.011608,15.085741,15.015287,15.180564,17.742249,17.438427,16.947868,16.690666,15.471155,15.946045,0.0,0.0,0.0,0.0,0.0,0.0,0.0,4.0
1156,2023.0,1.0,9.0,0.0,16.794043,16.702442,15.011099,15.100867,16.670034,16.385115,16.392159,16.13693,15.299016,15.629748,15.018109,15.194252,17.644152,17.34557,16.825836,16.573414,14.928655,14.900408,0.0,0.0,0.0,4.0,0.0,0.0,0.0,0.0
1157,2023.0,1.0,9.0,0.0,16.703312,16.630161,15.01103,15.110685,17.30443,17.677607,16.287437,16.04227,15.430412,15.782566,15.002062,15.157524,17.557446,17.265282,16.717184,16.470886,15.037743,15.118302,0.0,4.0,0.0,4.0,4.0,0.0,0.0,0.0
1158,2023.0,1.0,9.0,1.0,16.618652,16.555904,15.01114,15.120251,16.848242,16.683361,16.189621,15.951884,14.960016,14.940755,15.021727,15.218866,17.477547,17.189741,16.617601,16.375345,15.020869,15.092322,0.0,0.0,0.0,0.0,0.0,0.0,0.0,0.0
1159,2023.0,1.0,9.0,1.0,16.5281,16.466433,15.011455,15.129844,16.108837,15.450057,16.098658,15.8671055,15.00641,15.03191,15.017466,15.215904,17.404234,17.120153,16.52625,16.28731,15.011851,15.103002,0.0,0.0,0.0,4.0,0.0,0.0,0.0,0.0
1160,2023.0,1.0,9.0,1.0,16.44105,16.379063,15.022473,15.160878,15.803793,15.096112,16.00949,15.779334,15.000859,15.037771,15.035182,15.255296,17.334648,17.052355,16.439344,16.201332,15.0238905,15.149966,0.0,0.0,0.0,4.0,0.0,0.0,0.0,0.0
1161,2023.0,1.0,9.0,1.0,16.364672,16.30714,15.01004,15.143309,16.071043,15.780302,15.935416,15.715715,15.032987,15.126771,14.998137,15.173253,17.274078,16.99759,16.363297,16.131218,15.011218,15.138241,0.0,0.0,0.0,0.0,4.0,0.0,0.0,0.0
1162,2023.0,1.0,9.0,1.0,16.288704,16.23268,15.022673,15.17781,16.122036,15.879618,15.858559,15.64131,15.048422,15.160781,15.036333,15.275848,17.2143,16.940369,16.288479,16.058285,15.026136,15.183965,0.0,0.0,0.0,0.0,0.0,0.0,0.0,0.0
1163,2023.0,1.0,9.0,1.0,16.222134,16.172228,15.022919,15.182505,16.06661,15.83094,15.789679,15.578411,15.023878,15.133296,15.03495,15.263299,17.159826,16.88994,16.219976,15.993544,15.026405,15.191089,0.0,0.0,0.0,0.0,0.0,0.0,0.0,0.0
1164,2023.0,1.0,9.0,2.0,16.160196,16.117,15.023383,15.191349,16.00594,15.776818,15.724507,15.518947,15.026201,15.163584,15.0355215,15.268887,17.108404,16.842485,16.15538,15.932625,15.025982,15.201233,0.0,0.0,0.0,0.0,0.0,0.0,0.0,0.0
1165,2023.0,1.0,9.0,2.0,16.099585,16.060822,15.01096,15.176026,15.944403,15.719459,15.660712,15.458703,15.012386,15.151134,15.015525,15.2362,17.056097,16.790558,16.09168,15.87009,15.410353,15.922232,0.0,0.0,0.0,0.0,0.0,0.0,0.0,4.0
1166,2023.0,1.0,9.0,2.0,16.049913,16.02532,15.0134115,15.189255,15.8798065,15.6552515,15.594869,15.392273,15.015666,15.171311,15.002844,15.203847,17.002327,16.735418,16.027163,15.804654,14.950885,15.03156,0.0,0.0,0.0,0.0,4.0,0.0,0.0,0.0
1167,2023.0,1.0,9.0,2.0,15.990185,15.96268,15.025558,15.220965,15.813,15.585075,15.52762,15.321006,15.029466,15.210319,15.03804,15.299984,16.948568,16.679222,15.962615,15.737652,15.096509,15.310147,0.0,0.0,0.0,0.0,0.0,0.0,0.0,4.0
1168,2023.0,1.0,9.0,2.0,15.927458,15.895532,15.026177,15.224977,15.751136,15.523235,15.465746,15.258448,15.029767,15.215026,15.038039,15.2918825,16.89704,16.626478,15.901147,15.675373,15.0479765,15.210707,0.0,0.0,0.0,0.0,0.0,0.0,0.0,0.0
1169,2023.0,1.0,9.0,2.0,15.864331,15.827246,15.027022,15.232859,15.690753,15.462723,15.405505,15.197455,15.030342,15.2246275,15.03839,15.296589,16.846155,16.57434,15.840944,15.614322,15.051154,15.236682,0.0,0.0,0.0,0.0,0.0,0.0,0.0,0.0
1170,2023.0,1.0,9.0,3.0,15.801761,15.759239,15.027653,15.239972,15.631713,15.403414,15.346724,15.1378565,15.03057,15.232462,15.038591,15.300265,16.795841,16.522741,15.781819,15.554314,15.02988,15.218309,0.0,0.0,0.0,0.0,0.0,0.0,0.0,0.0
1171,2023.0,1.0,9.0,3.0,15.746338,15.704588,15.028402,15.247384,15.574159,15.345703,15.289547,15.080037,15.032242,15.243072,15.039131,15.305288,16.74597,16.471478,15.723653,15.495207,15.030566,15.244402,0.0,0.0,0.0,0.0,0.0,0.0,0.0,0.0
1172,2023.0,1.0,9.0,3.0,15.703744,15.6728115,15.028432,15.253285,15.517846,15.289133,15.233736,15.023515,15.033374,15.253186,15.01357,15.241006,16.69666,16.42077,15.66648,15.437091,15.033163,15.264662,0.0,0.0,0.0,0.0,4.0,0.0,0.0,0.0
1173,2023.0,1.0,9.0,3.0,15.656875,15.62792,15.029129,15.260561,15.462651,15.23359,15.179199,14.968184,15.034239,15.2619295,15.04135,15.332034,16.64797,16.370693,15.61032,15.379988,15.034189,15.279396,0.0,0.0,0.0,0.0,0.0,0.0,0.0,0.0
1174,2023.0,1.0,9.0,3.0,15.602437,15.567913,15.03021,15.268357,15.408483,15.178993,15.125805,14.913937,15.034898,15.270113,15.014338,15.2544155,16.599924,16.321268,15.555159,15.323889,15.034681,15.29173,0.0,0.0,0.0,0.0,4.0,0.0,0.0,0.0
1175,2023.0,1.0,9.0,3.0,15.5477085,15.508438,15.030393,15.274183,15.355254,15.125265,15.073478,14.860694,15.035311,15.277541,15.04279,15.347118,16.552523,16.272495,15.500963,15.268764,15.03571,15.30396,0.0,0.0,0.0,0.0,0.0,0.0,0.0,0.0
1176,2023.0,1.0,9.0,4.0,15.492644,15.447806,15.031123,15.281385,15.302886,15.072334,15.0221,14.808358,15.036211,15.285754,15.042059,15.337547,16.505743,16.224358,15.44769,15.214567,15.036413,15.314435,0.0,0.0,0.0,0.0,0.0,0.0,0.0,0.0
1177,2023.0,1.0,9.0,4.0,15.447878,15.407503,15.01391,15.256324,15.253449,15.024419,15.001131,14.813727,15.01626,15.256269,15.001817,15.252839,16.460768,16.179243,15.396534,15.163748,15.338288,15.868409,0.0,0.0,0.0,0.0,4.0,0.0,0.0,4.0
1178,2023.0,1.0,9.0,4.0,15.402779,15.363337,15.017235,15.270243,15.204322,14.97615,15.004375,14.85306,15.019696,15.271215,15.0272045,15.325143,16.416515,16.134884,15.346315,15.113718,14.97867,15.172969,0.0,0.0,0.0,0.0,0.0,0.0,0.0,0.0
1179,2023.0,1.0,9.0,4.0,15.356911,15.318892,15.0335865,15.309374,15.15213,14.920997,15.0060625,14.887463,15.160273,15.518665,15.017915,15.2917795,16.371056,16.087448,15.294831,15.0604315,15.000858,15.192789,0.0,0.0,0.0,4.0,4.0,0.0,0.0,4.0
1180,2023.0,1.0,9.0,4.0,15.319733,15.287359,15.033204,15.309037,15.10324,14.871799,15.008244,14.9154215,15.035608,15.276662,15.045003,15.37378,16.32747,16.043125,15.245427,15.010602,15.002107,15.208969,0.0,0.0,0.0,0.0,0.0,0.0,0.0,4.0
1181,2023.0,1.0,9.0,4.0,15.2773,15.244277,15.033909,15.316051,15.054949,14.8231535,15.009135,14.938764,15.038474,15.321906,15.044511,15.363974,16.284357,15.999273,15.196728,14.961475,15.061327,15.3710785,0.0,0.0,0.0,0.0,0.0,0.0,0.0,0.0
1182,2023.0,1.0,9.0,5.0,15.229178,15.190626,15.015699,15.2887945,15.78456,16.23485,15.005849,14.951507,15.01779,15.287693,15.020335,15.323388,16.24394,15.960321,15.151103,14.917828,14.994822,15.202079,0.0,4.0,0.0,0.0,0.0,0.0,0.0,4.0
1183,2023.0,1.0,9.0,5.0,15.180255,15.138263,15.018367,15.301623,15.388574,15.281682,15.007094,14.973554,15.021052,15.302137,15.007617,15.288644,16.204285,15.922138,15.106208,14.874332,15.039768,15.326442,0.0,0.0,0.0,0.0,4.0,0.0,0.0,0.0
1184,2023.0,1.0,9.0,5.0,15.141596,15.104949,15.018323,15.308459,14.985599,14.697465,15.007538,14.992964,15.020131,15.307467,15.027405,15.349338,16.164948,15.883251,15.0610485,14.829052,14.992283,15.208688,0.0,0.0,0.0,0.0,0.0,0.0,0.0,4.0
1185,2023.0,1.0,9.0,5.0,15.095041,15.052851,15.035855,15.349582,15.029254,14.831203,15.014179,15.024813,15.12285,15.480741,15.045793,15.387097,16.127472,15.84756,15.018199,14.788181,15.004485,15.246559,0.0,0.0,0.0,4.0,0.0,0.0,0.0,4.0
1186,2023.0,1.0,9.0,5.0,15.056667,15.017163,15.03595,15.350188,15.002743,14.816579,15.015557,15.042129,15.064695,15.353522,15.045998,15.383799,16.091356,15.813374,15.001155,14.795592,15.063574,15.404702,0.0,0.0,0.0,0.0,0.0,0.0,0.0,0.0
1187,2023.0,1.0,9.0,5.0,15.018879,14.981407,15.0360155,15.356044,15.005255,14.867963,15.016338,15.059224,15.016465,15.230394,15.0195875,15.315312,16.055754,15.779697,15.003713,14.830599,15.061513,15.37851,0.0,0.0,0.0,4.0,4.0,0.0,0.0,0.0
1188,2023.0,1.0,9.0,6.0,15.000313,14.982938,15.016776,15.327224,15.0050125,14.896543,15.008262,15.058826,15.038413,15.313577,15.025938,15.358314,16.884092,17.384958,15.004136,14.8502,15.027909,15.318797,0.0,0.0,0.0,0.0,0.0,4.0,0.0,0.0
1189,2023.0,1.0,9.0,6.0,20.401264,24.433897,15.019511,15.340325,20.422445,24.36136,20.294449,24.283894,15.03257,15.29948,15.023501,15.357608,21.051685,24.449179,20.735064,24.527617,15.020366,15.329429,0.0,0.0,0.0,0.0,0.0,4.0,0.0,0.0
1190,2023.0,1.0,9.0,6.0,21.043543,24.926384,15.019292,15.3469305,21.079659,24.873365,21.002478,24.894121,15.019086,15.294743,15.023517,15.359745,20.568819,23.113937,21.142014,24.85398,15.021298,15.346166,0.0,0.0,0.0,0.0,0.0,0.0,0.0,0.0
1191,2023.0,1.0,9.0,6.0,21.110865,24.56826,15.019445,15.354042,21.105928,24.437094,21.123878,24.619558,15.125009,15.47717,15.023308,15.359127,21.377125,24.198534,21.915628,25.76797,15.020507,15.349727,0.0,0.0,0.0,4.0,0.0,4.0,0.0,0.0
1192,2023.0,1.0,9.0,6.0,21.09935,24.223911,15.019631,15.360842,21.078709,24.040668,21.103743,24.245386,19.883968,23.659628,15.023154,15.357398,21.760092,24.520792,22.45142,26.238205,15.020166,15.348273,0.0,4.0,0.0,0.0,0.0,4.0,0.0,0.0
1193,2023.0,1.0,9.0,6.0,21.073433,23.930069,15.019606,15.366776,21.102797,23.883984,21.103256,24.012571,16.540686,16.48418,15.007285,15.310652,21.019709,22.953682,22.578875,26.016148,15.020186,15.345047,0.0,0.0,0.0,0.0,4.0,0.0,0.0,0.0
1194,2023.0,1.0,9.0,7.0,21.075558,23.778183,14.99903,15.312601,21.119925,23.702955,21.10059,23.839706,14.992702,14.746442,19.653572,23.229816,21.07491,22.916174,20.881134,22.820175,15.261176,15.767088,4.0,0.0,0.0,0.0,0.0,4.0,0.0,4.0
1195,2023.0,1.0,9.0,7.0,21.35362,23.950512,20.042028,23.972593,21.356815,23.767828,21.35889,24.001482,15.020061,14.962647,16.895279,17.308996,21.217365,23.023573,21.543238,23.763794,20.195051,24.284107,4.0,4.0,0.0,0.0,0.0,0.0,0.0,0.0
1196,2023.0,1.0,9.0,7.0,21.926281,24.840944,20.011057,23.36089,22.021862,24.815863,22.063145,25.092443,15.517231,15.995421,15.507693,15.626189,21.977318,24.18152,22.080713,24.68222,16.531424,16.477802,4.0,0.0,0.0,4.0,4.0,4.0,4.0,0.0
1197,2023.0,1.0,9.0,7.0,22.031145,24.817387,20.130083,23.182135,21.921024,24.393763,21.795282,24.455952,21.034637,25.20115,20.266743,23.876593,21.731014,23.540733,21.817093,23.996489,15.646257,15.698972,0.0,4.0,0.0,4.0,4.0,4.0,4.0,0.0
1198,2023.0,1.0,9.0,7.0,21.622316,23.8461,16.981556,16.82728,21.480705,23.53194,21.498535,23.838264,20.266409,23.3795,20.041586,22.990152,21.54203,23.059376,22.066399,24.280216,15.835867,16.143932,0.0,4.0,0.0,0.0,0.0,4.0,0.0,0.0
1199,2023.0,1.0,9.0,7.0,20.926706,22.679354,15.712315,15.434456,20.979984,22.638437,20.959738,22.848755,17.565245,17.793392,16.985418,16.773342,20.961304,22.08826,20.88129,22.222446,14.988052,14.855737,4.0,4.0,4.0,4.0,0.0,0.0,4.0,0.0
1200,2023.0,1.0,9.0,8.0,21.908947,24.330116,20.143288,23.412691,21.710426,23.795635,21.748564,24.248226,20.422388,23.36537,16.102823,16.170969,21.659716,23.218498,21.674124,23.622288,15.0220785,15.038883,4.0,4.0,4.0,0.0,4.0,4.0,4.0,0.0
1201,2023.0,1.0,9.0,8.0,19.743597,20.004435,20.070444,22.842672,19.20908,19.252586,18.974045,18.700867,17.77116,17.975359,20.425879,23.518724,19.744183,19.726759,19.632391,19.84868,16.1572,15.946077,4.0,4.0,0.0,4.0,0.0,4.0,4.0,0.0
1202,2023.0,1.0,9.0,8.0,17.78561,17.298666,20.111698,22.64129,18.17897,18.033648,17.824156,17.668682,20.459301,23.231089,17.628962,17.904951,19.10871,19.064476,18.07967,17.547071,14.964163,15.025041,4.0,4.0,4.0,0.0,0.0,4.0,0.0,0.0
1203,2023.0,1.0,9.0,8.0,17.06888,16.498392,20.10075,22.428831,17.802505,17.660345,16.921656,16.256407,17.375612,17.12949,16.357412,16.431837,18.871187,18.841812,18.298105,18.553492,15.030136,15.213503,4.0,4.0,0.0,0.0,4.0,4.0,4.0,0.0
1204,2023.0,1.0,9.0,8.0,17.40659,17.480888,20.150145,22.392786,16.889585,16.205812,16.993206,16.843199,15.794102,15.189019,20.432775,23.450344,17.990675,17.37348,17.419403,16.911676,16.00401,15.813409,4.0,0.0,4.0,0.0,0.0,0.0,0.0,0.0
1205,2023.0,1.0,9.0,8.0,17.431864,17.583057,20.097172,22.183516,17.005442,16.82985,16.324171,15.685026,15.624108,15.321438,17.95695,18.441668,18.204708,18.187016,16.73771,16.131935,14.975786,15.157547,4.0,4.0,0.0,0.0,4.0,4.0,0.0,0.0
1206,2023.0,1.0,9.0,9.0,16.580538,16.13402,20.113098,22.150927,16.375256,15.714203,15.810839,15.089761,15.474488,15.223743,20.310104,23.069057,17.559912,16.95817,16.385107,15.779732,15.947285,15.755938,0.0,0.0,0.0,0.0,4.0,0.0,0.0,0.0
1207,2023.0,1.0,9.0,9.0,16.097054,15.58033,17.620409,17.315084,16.587877,16.44829,15.549629,14.838549,15.263033,15.029566,20.067232,22.373856,17.857874,17.876692,17.194979,17.547115,16.04074,16.931175,0.0,4.0,0.0,0.0,0.0,4.0,4.0,0.0
1208,2023.0,1.0,9.0,9.0,15.862984,15.357772,16.528645,16.198324,16.026241,15.401828,15.689611,15.339628,15.070931,14.848878,17.381424,17.043571,17.269148,16.69881,16.503057,16.042202,14.984431,15.115137,0.0,0.0,0.0,0.0,0.0,0.0,0.0,0.0
1209,2023.0,1.0,9.0,9.0,16.814327,17.364346,16.67048,16.764668,15.59545,14.890507,16.434305,16.804611,15.00804,14.886268,16.236782,15.903182,16.823317,16.174631,15.955785,15.412266,15.027436,15.265236,4.0,0.0,4.0,0.0,0.0,0.0,0.0,0.0
1210,2023.0,1.0,9.0,9.0,16.125082,15.834574,20.161911,23.056997,15.395852,14.700939,16.026478,15.918579,15.015347,14.990561,15.944542,15.64332,16.621435,15.975528,15.719841,15.17895,15.020098,15.291624,0.0,0.0,0.0,0.0,0.0,0.0,0.0,0.0
1211,2023.0,1.0,9.0,9.0,15.576152,15.135556,17.866873,18.237804,15.5709305,15.225056,15.98231,16.007196,15.01509,15.055095,15.662972,15.381606,16.798702,16.489155,15.82646,15.573916,15.021712,15.32414,0.0,0.0,4.0,0.0,0.0,0.0,0.0,0.0
1212,2023.0,1.0,9.0,10.0,15.379578,14.931153,16.309538,16.10853,15.614033,15.345144,15.31503,14.766961,15.015955,15.104572,15.418806,15.147812,16.82131,16.54364,15.811375,15.582258,15.021937,15.34816,0.0,0.0,0.0,0.0,0.0,0.0,0.0,0.0
1213,2023.0,1.0,9.0,10.0,15.592403,15.5013895,15.858929,15.578302,15.537631,15.282703,14.995474,14.438644,15.01645,15.140859,15.204246,14.939979,16.749205,16.476652,15.718793,15.494076,15.021921,15.365923,0.0,0.0,0.0,0.0,0.0,0.0,0.0,0.0
1214,2023.0,1.0,9.0,10.0,15.612736,15.556618,16.122805,16.300592,15.457557,15.213053,15.014326,14.581454,15.016219,15.168049,15.023857,14.7713375,16.68135,16.414043,15.631434,15.41166,15.021816,15.379919,4.0,0.0,0.0,0.0,0.0,0.0,0.0,0.0
1215,2023.0,1.0,9.0,10.0,15.558178,15.517861,20.054556,23.251799,15.38492,15.153108,15.088556,14.834609,15.016518,15.188605,15.013695,14.890535,16.622019,16.361717,15.554498,15.342287,15.022005,15.39067,0.0,0.0,0.0,0.0,0.0,0.0,0.0,0.0
1216,2023.0,1.0,9.0,10.0,15.505109,15.480722,17.634321,18.0527,16.053131,16.4753,15.085719,14.873869,15.016411,15.203526,15.013405,14.967809,16.567245,16.311878,15.482007,15.274291,15.021973,15.398788,0.0,4.0,0.0,0.0,0.0,0.0,0.0,0.0
1217,2023.0,1.0,9.0,10.0,15.442288,15.42198,16.00412,15.842095,15.693913,15.634338,15.793714,16.267002,15.016783,15.216058,15.014395,15.025622,17.316086,17.776266,15.415937,15.211973,15.022056,15.405105,0.0,0.0,4.0,0.0,0.0,4.0,0.0,0.0
1218,2023.0,1.0,9.0,11.0,15.38287,15.36689,15.622146,15.400589,15.746904,15.864716,16.073034,16.603704,15.016517,15.225346,15.014497,15.066866,16.535275,16.037298,15.356415,15.157392,15.021588,15.408655,0.0,4.0,4.0,0.0,0.0,0.0,0.0,0.0
1219,2023.0,1.0,9.0,11.0,15.326483,15.314899,15.879667,16.073103,15.137711,14.689523,15.164979,14.826769,15.016602,15.233742,15.0146475,15.097971,16.148842,15.602351,15.302369,15.108595,15.021607,15.411681,4.0,0.0,0.0,0.0,0.0,0.0,0.0,0.0
1220,2023.0,1.0,9.0,11.0,15.283634,15.286856,20.021301,23.36583,15.746527,15.740124,15.690463,15.786794,15.017049,15.242922,15.014878,15.1216545,16.055037,15.518732,15.252382,15.063355,15.02155,15.414639,0.0,0.0,0.0,0.0,0.0,0.0,0.0,0.0
1221,2023.0,1.0,9.0,11.0,15.246326,15.262515,17.551111,18.015696,15.002603,14.596485,14.994905,14.728904,15.016538,15.248458,15.014277,15.137362,16.267963,16.024797,15.206423,15.022871,15.021366,15.417487,0.0,0.0,0.0,0.0,0.0,0.0,0.0,0.0
1222,2023.0,1.0,9.0,11.0,15.198933,15.217678,15.885775,15.759196,15.093596,14.890186,15.000635,14.839108,15.016419,15.254056,15.01478,15.151293,16.332249,16.10905,15.16403,14.985821,15.0215435,15.420507,0.0,0.0,0.0,0.0,0.0,0.0,0.0,0.0
1223,2023.0,1.0,9.0,11.0,15.1523,15.172983,15.518219,15.32529,15.095538,14.928691,15.006832,14.911537,15.016558,15.25985,15.015135,15.1629095,16.308786,16.091028,15.124495,14.950949,15.020577,15.421382,0.0,0.0,0.0,0.0,0.0,0.0,0.0,0.0
1224,2023.0,1.0,9.0,12.0,15.110555,15.13622,15.3068905,15.109869,15.035715,14.876572,15.007578,14.971878,15.032515,15.29619,15.027674,15.197955,16.286432,16.07424,15.087305,14.9187,15.041087,15.463858,0.0,0.0,0.0,0.0,0.0,0.0,0.0,0.0
1225,2023.0,1.0,9.0,12.0,20.355505,24.293928,15.161311,14.987182,20.930256,25.194384,20.27387,24.152742,15.014742,15.2647915,15.012646,15.175172,20.32965,22.918558,20.731346,24.422655,15.018303,15.419262,0.0,4.0,0.0,0.0,0.0,0.0,0.0,0.0
1226,2023.0,1.0,9.0,12.0,20.975752,24.793125,15.018588,14.846208,21.012882,24.68843,20.964052,24.779009,15.016857,15.272155,15.015282,15.187647,21.082466,24.046303,21.172285,24.855747,15.020762,15.423929,0.0,0.0,0.0,0.0,0.0,0.0,0.0,0.0
1227,2023.0,1.0,9.0,12.0,21.121027,24.599108,15.009164,14.935803,21.133543,24.427853,21.128391,24.610403,15.015996,15.268696,15.0148115,15.191513,21.574148,24.529215,22.187132,26.154955,15.019792,15.416092,0.0,0.0,0.0,0.0,0.0,0.0,0.0,0.0
1228,2023.0,1.0,9.0,12.0,21.084879,24.214636,15.009991,15.009614,21.105848,24.040688,21.088976,24.213388,15.0151,15.26268,15.015188,15.196901,21.93772,24.855223,22.645037,26.52699,15.019617,15.406386,0.0,0.0,0.0,0.0,0.0,0.0,0.0,0.0
1229,2023.0,1.0,9.0,12.0,21.092058,24.011364,15.01073,15.066945,21.064716,23.751022,21.097038,24.00754,15.015405,15.258366,15.014953,15.201671,20.914537,22.747812,23.163479,27.054775,15.018031,15.393621,0.0,4.0,0.0,0.0,0.0,0.0,0.0,0.0
1230,2023.0,1.0,9.0,13.0,21.069998,23.791727,15.010591,15.112264,21.096764,23.634209,21.076328,23.787565,15.015363,15.258293,15.015305,15.20733,21.092957,23.000101,20.874718,22.72859,15.019475,15.387775,0.0,4.0,4.0,0.0,0.0,0.0,0.0,0.0
1231,2023.0,1.0,9.0,13.0,21.095041,23.748096,15.011632,15.15093,21.08705,23.487125,21.09906,23.736917,15.014447,15.25562,15.015199,15.2116585,21.064636,22.858725,21.122784,23.221647,15.018577,15.378312,0.0,4.0,0.0,0.0,0.0,0.0,0.0,0.0
1232,2023.0,1.0,9.0,13.0,21.108213,23.645723,15.011837,15.1821375,21.111727,23.45599,21.09136,23.570017,15.015259,15.256931,15.015312,15.216692,22.152235,24.654688,21.077978,23.120573,15.018637,15.372482,0.0,0.0,4.0,0.0,0.0,0.0,0.0,0.0
1233,2023.0,1.0,9.0,13.0,21.104332,23.54092,15.196242,15.537693,21.104776,23.360025,21.11527,23.541475,15.015112,15.257293,15.015479,15.221947,20.941893,22.336811,22.163502,25.088512,15.018268,15.370373,4.0,0.0,0.0,0.0,0.0,4.0,0.0,0.0
1234,2023.0,1.0,9.0,13.0,21.798056,24.45911,20.15798,24.054129,21.770962,24.27213,21.694775,24.312733,15.015172,15.2583,15.015914,15.2267885,21.52745,23.297913,22.1486,24.614317,15.018353,15.368913,4.0,0.0,0.0,0.0,0.0,4.0,0.0,0.0
1235,2023.0,1.0,9.0,13.0,21.963314,24.981234,20.044413,23.261454,21.96242,24.48202,21.770285,24.30959,15.014963,15.257978,15.014748,15.222733,22.09921,24.189064,21.765776,23.902822,15.018034,15.366719,0.0,0.0,0.0,0.0,0.0,0.0,0.0,0.0
1236,2023.0,1.0,9.0,14.0,20.96325,23.012152,17.049086,17.120901,21.064392,23.018255,21.09548,23.2503,15.014645,15.256379,15.014333,15.217937,20.944185,22.064827,20.922829,22.359743,15.509641,16.276514,0.0,0.0,0.0,0.0,0.0,0.0,0.0,4.0
1237,2023.0,1.0,9.0,14.0,18.999079,19.295631,15.713259,15.575744,19.116869,19.319147,18.95032,19.14516,15.015079,15.258221,15.015076,15.219415,19.203579,18.801266,19.181246,19.155876,19.841497,23.638212,0.0,0.0,0.0,0.0,0.0,0.0,0.0,0.0
1238,2023.0,1.0,9.0,14.0,17.865986,17.901134,15.4431,15.301326,18.555973,18.986265,17.677145,17.552797,15.015671,15.263605,15.015649,15.224976,19.378035,19.791073,18.19206,17.97938,16.526478,16.601734,0.0,4.0,0.0,0.0,0.0,4.0,0.0,0.0
1239,2023.0,1.0,9.0,14.0,17.406462,17.401789,15.225112,15.078439,17.76917,17.683277,17.180922,17.00914,15.015841,15.270338,15.016136,15.232847,18.450367,17.979067,17.738039,17.508999,14.974587,14.78211,0.0,0.0,0.0,0.0,0.0,0.0,0.0,0.0
1240,2023.0,1.0,9.0,14.0,17.087032,17.076214,15.046309,14.896921,16.895107,16.397284,17.555305,18.004667,15.01653,15.279007,15.016466,15.241693,17.833834,17.270245,18.484598,19.219492,15.024824,15.044192,0.0,0.0,4.0,0.0,0.0,0.0,4.0,0.0
1241,2023.0,1.0,9.0,14.0,16.829918,16.820278,15.374614,15.638176,16.452156,15.912765,17.625925,18.150814,15.016951,15.287623,15.016901,15.251212,18.333473,18.46679,17.434374,17.08184,15.015389,15.135963,4.0,0.0,4.0,0.0,0.0,4.0,0.0,0.0
1242,2023.0,1.0,9.0,15.0,16.61616,16.611362,19.903702,23.365808,17.172749,17.541069,16.60685,16.3181,15.346621,15.895165,15.017635,15.260215,17.776598,17.349207,16.747934,16.29372,15.017814,15.212629,0.0,4.0,0.0,4.0,0.0,0.0,0.0,0.0
1243,2023.0,1.0,9.0,15.0,17.208076,17.884315,17.461401,18.042053,16.785501,16.714216,15.963223,15.500331,20.300812,24.205168,15.016547,15.261139,17.315544,16.790613,16.453302,15.9982395,15.018546,15.265674,0.0,0.0,0.0,0.0,0.0,0.0,0.0,0.0
1244,2023.0,1.0,9.0,15.0,16.739563,16.89594,15.689543,15.632082,16.0831,15.625013,15.677535,15.1959,16.826605,16.967648,15.017474,15.266553,17.095884,16.566029,16.452034,16.225424,15.018902,15.304444,0.0,0.0,0.0,0.0,0.0,0.0,0.0,0.0
1245,2023.0,1.0,9.0,15.0,16.775042,17.16824,15.769226,16.03438,15.74888,15.237823,16.48064,16.912294,14.991707,14.697164,15.017973,15.273593,17.194504,16.931505,16.378319,16.18649,15.019402,15.334039,4.0,0.0,4.0,0.0,0.0,0.0,0.0,0.0
1246,2023.0,1.0,9.0,15.0,16.810883,17.224787,19.95903,23.24932,15.820129,15.5685,15.890895,15.617427,15.026175,14.941536,15.018672,15.2810335,18.013851,18.534588,16.247355,16.064795,15.019696,15.356188,0.0,0.0,0.0,0.0,0.0,4.0,0.0,0.0
1247,2023.0,1.0,9.0,15.0,16.096743,15.9323,17.568014,18.09674,15.808427,15.612173,15.355548,14.913457,15.013213,15.036194,15.0176525,15.281421,17.948736,18.17184,16.119839,15.942533,15.483488,16.223572,0.0,0.0,0.0,0.0,0.0,4.0,0.0,4.0
1248,2023.0,1.0,9.0,16.0,15.669666,15.389539,15.857451,15.783217,15.712776,15.52459,15.147852,14.685889,15.016583,15.122941,15.018659,15.286961,17.142235,16.720827,16.001774,15.828398,20.367218,24.574652,0.0,0.0,0.0,0.0,0.0,0.0,0.0,4.0
1249,2023.0,1.0,9.0,16.0,15.477883,15.179847,15.920822,16.17051,16.355145,16.81627,16.013659,16.461695,15.017087,15.181779,15.019182,15.294656,17.538338,17.746744,15.8919525,15.721649,20.029873,23.394993,4.0,4.0,4.0,0.0,0.0,4.0,0.0,0.0
1250,2023.0,1.0,9.0,16.0,16.412266,17.083162,20.12213,23.487339,16.630756,17.178402,16.377024,16.928455,15.017833,15.225387,15.020171,15.3037,16.939697,16.47989,15.787446,15.613594,16.759901,16.726831,0.0,4.0,4.0,0.0,0.0,0.0,0.0,0.0
1251,2023.0,1.0,9.0,16.0,16.481247,16.93608,17.611143,18.110697,16.366415,16.617512,16.12662,16.388048,15.018015,15.2563715,15.019071,15.304384,16.5704,16.059586,15.690822,15.515808,16.160717,16.590229,0.0,4.0,4.0,0.0,0.0,0.0,0.0,4.0
1252,2023.0,1.0,9.0,16.0,16.37833,16.801018,16.379967,16.67878,15.547461,15.1693,15.322892,14.965239,15.33123,15.851474,15.019964,15.309404,16.432236,15.920582,16.648851,17.39462,20.417992,24.044167,4.0,0.0,0.0,4.0,0.0,0.0,4.0,4.0
1253,2023.0,1.0,9.0,16.0,16.359364,16.778864,20.182014,23.382576,15.839931,15.957534,15.632456,15.778979,20.024965,23.8774,15.020705,15.315265,17.442703,17.96745,15.818846,15.491257,20.033026,22.927607,0.0,4.0,4.0,0.0,0.0,4.0,0.0,4.0
1254,2023.0,1.0,9.0,17.0,15.670418,15.50414,17.608637,17.914803,16.030634,16.222391,15.149623,14.779065,16.753027,16.862665,15.019749,15.314677,16.741552,16.321234,15.322552,14.9167595,20.091408,22.793522,4.0,4.0,0.0,0.0,0.0,0.0,0.0,4.0
1255,2023.0,1.0,9.0,17.0,15.27046,14.986393,20.158796,23.156157,16.02458,16.217728,15.834952,15.194805,15.660413,15.880192,15.020749,15.318611,16.298971,15.793005,15.167376,14.756575,20.115118,22.691463,0.0,4.0,0.0,4.0,0.0,0.0,0.0,0.0
1256,2023.0,1.0,9.0,17.0,15.111421,14.814833,17.67913,17.919603,16.004425,16.196154,14.992883,14.697603,20.523113,24.133686,15.000103,15.263002,16.171446,15.66154,15.268258,15.073541,17.27673,17.096458,4.0,4.0,0.0,4.0,4.0,0.0,0.0,0.0
1257,2023.0,1.0,9.0,17.0,15.773336,16.143682,20.237339,23.16559,15.980705,16.170975,15.752364,16.215006,20.053074,23.020004,19.805033,23.313826,17.204987,17.738369,16.325102,17.068932,16.780357,17.113386,4.0,4.0,4.0,0.0,0.0,4.0,4.0,4.0
1258,2023.0,1.0,9.0,17.0,16.021753,16.44035,20.04637,22.462868,15.9569235,16.144901,16.081915,16.629639,17.577627,17.932734,17.04021,17.525978,16.514425,16.095438,15.51683,15.184406,20.369545,23.499794,4.0,4.0,4.0,4.0,0.0,0.0,0.0,0.0
1259,2023.0,1.0,9.0,17.0,16.053493,16.473783,20.115395,22.404768,15.932129,16.117897,15.212039,14.930608,20.37197,23.437288,15.254052,15.080796,16.841473,17.004528,15.0402975,14.633829,17.925507,18.39514,0.0,4.0,0.0,4.0,0.0,4.0,0.0,4.0
1260,2023.0,1.0,9.0,18.0,16.069172,16.485142,17.898048,17.987465,15.224976,14.818665,15.02264,14.842379,20.066332,22.597767,15.006152,14.917092,17.092709,17.292007,15.009434,14.688238,20.367098,23.35125,4.0,0.0,0.0,0.0,0.0,4.0,0.0,0.0
1261,2023.0,1.0,9.0,18.0,20.06541,23.429897,20.233519,22.793295,20.806925,24.761,20.606787,24.629593,17.816124,18.061716,15.020446,15.05347,20.024721,22.416903,20.416256,23.931492,17.293524,17.120234,0.0,4.0,4.0,4.0,0.0,0.0,0.0,0.0
1262,2023.0,1.0,9.0,18.0,21.16426,24.82137,17.62463,17.477911,21.064291,24.562012,20.623055,24.025715,20.377302,23.111061,15.017859,15.121748,20.59784,23.060282,21.130228,24.753254,16.752062,17.107649,0.0,4.0,0.0,4.0,0.0,0.0,4.0,4.0
1263,2023.0,1.0,9.0,18.0,21.087887,24.241344,16.406334,16.157526,21.108175,24.198792,21.174164,24.538216,20.040022,22.29521,15.019089,15.174397,20.88347,23.243607,22.166485,26.053799,20.390526,23.508844,0.0,4.0,4.0,4.0,0.0,0.0,4.0,4.0
1264,2023.0,1.0,9.0,18.0,21.096489,23.968712,16.595186,16.7705,21.098925,23.879673,21.09552,24.04419,20.115803,22.325525,15.019499,15.210572,21.72398,24.466894,22.10235,25.518799,20.03037,22.523438,4.0,4.0,4.0,0.0,0.0,0.0,0.0,4.0
1265,2023.0,1.0,9.0,18.0,21.145021,23.862776,20.227377,23.269058,21.150713,23.789268,21.146454,23.911987,17.504976,17.199049,15.019834,15.236202,21.028343,22.996681,22.027555,24.948368,20.116745,22.525726,4.0,0.0,4.0,0.0,0.0,0.0,4.0,0.0
1266,2023.0,1.0,9.0,19.0,22.351465,25.73641,20.05075,22.521336,21.93205,24.93306,21.809006,24.869516,16.119562,15.514543,14.999448,15.203027,22.108496,24.761889,22.757685,26.068695,18.058704,18.37857,4.0,0.0,0.0,0.0,4.0,0.0,0.0,4.0
1267,2023.0,1.0,9.0,19.0,22.299627,25.364727,20.116,22.417347,22.205334,25.23563,22.4709,25.8207,15.957207,15.66351,19.748602,23.127071,21.834473,24.021301,22.842548,26.008799,20.354105,22.977537,0.0,0.0,4.0,0.0,0.0,0.0,0.0,4.0
1268,2023.0,1.0,9.0,19.0,20.919483,22.821741,17.596466,17.413658,20.961391,22.900572,20.93114,22.888395,15.796778,15.54696,16.976425,17.394426,20.954708,22.369339,20.900644,22.38437,20.069471,22.281775,0.0,0.0,4.0,0.0,0.0,4.0,4.0,0.0
1269,2023.0,1.0,9.0,19.0,21.105217,23.207378,16.932285,17.053383,21.103006,23.198486,21.112087,23.23604,16.374643,16.85306,15.2780075,15.097825,21.076767,22.587345,21.129587,22.92745,17.459154,17.150034,4.0,0.0,4.0,4.0,0.0,4.0,0.0,0.0
1270,2023.0,1.0,9.0,19.0,21.159536,23.313732,20.271988,23.09465,21.161386,23.312826,21.159315,23.312017,20.382582,23.553238,15.325092,15.473184,21.12769,22.666454,21.186033,23.039276,16.142017,15.577029,4.0,0.0,4.0,0.0,4.0,4.0,4.0,0.0
1271,2023.0,1.0,9.0,19.0,22.31058,25.244305,20.053898,22.335016,21.082367,23.141266,21.114254,23.215244,17.16118,16.96978,20.207756,23.585491,21.896267,23.925697,21.102314,22.908136,16.68088,17.001781,4.0,0.0,0.0,0.0,0.0,4.0,0.0,4.0
1272,2023.0,1.0,9.0,20.0,20.91275,22.640144,20.095345,22.210686,21.084,23.130613,21.107695,23.170544,15.556072,14.98993,17.375927,17.766674,20.946304,22.132484,21.093592,22.887499,20.482475,23.420511,4.0,0.0,0.0,0.0,0.0,4.0,0.0,4.0
1273,2023.0,1.0,9.0,20.0,22.58783,25.624395,20.10538,22.106071,21.059156,23.045008,21.106924,23.136002,16.30464,16.783527,15.577968,15.353345,22.163364,24.32818,21.096466,22.882215,20.06066,22.468798,0.0,4.0,0.0,4.0,0.0,0.0,0.0,0.0
1274,2023.0,1.0,9.0,20.0,20.906015,22.503803,18.046862,18.044584,21.063375,23.04184,21.058357,23.038414,20.38307,23.538515,15.1867695,14.941572,20.95016,22.048159,21.076536,22.86516,17.331142,17.026539,4.0,4.0,4.0,0.0,0.0,0.0,0.0,0.0
1275,2023.0,1.0,9.0,20.0,21.19414,23.1279,20.26634,22.601885,21.166645,23.208612,21.16878,23.27123,17.667997,17.894667,14.99743,14.799989,21.144344,22.44749,21.227472,23.149712,16.00136,15.44128,4.0,0.0,4.0,4.0,0.0,4.0,4.0,0.0
1276,2023.0,1.0,9.0,20.0,22.040848,24.471434,20.065756,22.033764,21.100958,23.026672,21.112627,23.134325,20.46073,23.297873,15.018139,14.963295,21.898575,23.710072,21.104227,22.897034,16.924635,17.602869,0.0,0.0,0.0,0.0,0.0,0.0,0.0,4.0
1277,2023.0,1.0,9.0,20.0,21.049475,22.807554,18.01552,17.9769,21.101015,22.98635,21.104109,23.082212,17.379608,17.128948,15.016212,15.037062,20.94609,21.971006,21.093475,22.848753,20.361208,23.375988,4.0,0.0,0.0,0.0,0.0,0.0,0.0,4.0
1278,2023.0,1.0,9.0,21.0,21.168901,23.070112,20.267666,22.588568,21.17186,23.122915,21.1616,23.16529,16.604023,16.693798,15.017415,15.094706,21.145517,22.387474,21.182808,23.001936,20.068132,22.512415,4.0,4.0,0.0,4.0,0.0,4.0,0.0,0.0
1279,2023.0,1.0,9.0,21.0,22.09123,24.59114,20.064243,22.01067,21.809277,24.096073,21.568254,23.833588,20.471056,23.32588,15.048054,15.180409,21.851051,23.552572,21.772144,23.815855,18.011385,18.304089,0.0,0.0,0.0,0.0,4.0,4.0,0.0,4.0
1280,2023.0,1.0,9.0,21.0,21.436102,23.233824,17.721245,17.412212,21.612034,23.414545,21.439356,23.426498,17.389702,17.136873,20.274845,23.872578,21.560534,22.93004,21.27667,22.821707,20.946768,23.669378,0.0,0.0,0.0,0.0,4.0,0.0,0.0,0.0
1281,2023.0,1.0,9.0,21.0,20.937414,22.398357,16.73121,16.412577,20.918854,22.30006,20.945421,22.570557,16.17794,15.9111595,20.019684,23.12331,20.946472,21.884567,21.087622,22.659801,17.98569,17.748848,0.0,4.0,0.0,0.0,0.0,0.0,0.0,0.0
1282,2023.0,1.0,9.0,21.0,21.115454,22.841944,16.477268,16.187225,21.12608,22.785278,21.097532,22.929192,16.721615,17.181046,17.33251,17.58413,21.091593,22.21794,21.072083,22.674368,16.296389,15.723844,0.0,0.0,0.0,4.0,0.0,0.0,0.0,0.0
1283,2023.0,1.0,9.0,21.0,21.06404,22.75291,16.681175,16.790295,21.067595,22.673523,21.052984,22.852013,20.44348,23.432112,15.843262,15.627736,21.055166,22.208035,21.074093,22.70533,16.133293,15.862888,4.0,4.0,4.0,4.0,0.0,0.0,0.0,0.0
1284,2023.0,1.0,9.0,22.0,22.200409,24.612284,20.212149,23.097225,21.160648,22.892605,21.084953,22.958023,20.062412,22.474855,15.418465,15.153002,21.81693,23.479599,21.07372,22.719614,16.990786,17.66585,0.0,0.0,0.0,0.0,0.0,0.0,0.0,4.0
1285,2023.0,1.0,9.0,22.0,21.08221,22.772657,17.94426,18.282564,21.094498,22.758644,21.102428,22.954216,17.856306,17.97591,15.156766,14.896988,20.96048,21.928513,21.035023,22.62337,20.355295,23.378876,0.0,0.0,0.0,4.0,0.0,4.0,4.0,0.0
1286,2023.0,1.0,9.0,22.0,21.06598,22.73537,16.92693,17.116024,21.071804,22.754553,21.075066,22.851019,20.457134,22.988302,14.998111,14.79234,21.099545,22.247862,21.100245,22.753899,17.269562,17.000874,4.0,0.0,4.0,0.0,0.0,0.0,0.0,0.0
1287,2023.0,1.0,9.0,22.0,21.161875,22.958712,20.246344,23.125868,21.166801,22.967264,21.167036,23.03544,18.037512,18.13428,15.017433,14.947527,21.120543,22.279902,21.192078,22.88545,15.821455,15.266965,0.0,0.0,0.0,4.0,0.0,4.0,4.0,0.0
1288,2023.0,1.0,9.0,22.0,21.090466,22.815884,18.200588,18.732988,21.07399,22.791965,21.098616,22.877771,20.447813,22.880453,15.015894,15.019957,21.051765,22.15063,21.0972,22.703938,15.742591,15.488048,4.0,0.0,0.0,0.0,0.0,4.0,0.0,0.0
1289,2023.0,1.0,9.0,22.0,21.8256,24.02727,20.251085,22.813904,21.763634,23.897182,21.782564,24.088165,18.09069,18.166712,15.017266,15.076119,21.889427,23.580698,22.046064,24.280745,15.634071,15.408407,0.0,4.0,0.0,4.0,0.0,0.0,0.0,0.0
1290,2023.0,1.0,9.0,23.0,20.917791,22.348711,17.60371,17.3775,20.931623,22.383219,20.948439,22.518059,20.425528,22.773712,15.016795,15.112099,20.949512,21.849752,20.914997,22.164776,15.461847,15.244585,0.0,0.0,0.0,0.0,0.0,0.0,0.0,0.0
1291,2023.0,1.0,9.0,23.0,18.960363,18.69332,16.418316,16.105162,18.847672,18.451054,19.187244,19.229618,18.159248,18.249928,15.017697,15.141876,19.855324,19.786676,20.129835,20.733076,15.307506,15.092607,0.0,0.0,0.0,4.0,0.0,4.0,4.0,0.0
1292,2023.0,1.0,9.0,23.0,17.799019,17.229847,16.191204,15.903182,17.578943,16.810356,18.075829,17.82169,16.578852,16.047289,15.0024,15.127008,18.71788,18.065708,18.447908,17.879766,15.167825,14.954745,0.0,0.0,0.0,0.0,4.0,0.0,0.0,0.0
1293,2023.0,1.0,9.0,23.0,17.725246,17.53605,15.956282,15.660073,17.488354,17.097229,17.588917,17.275146,16.524746,16.42208,15.007927,15.160396,18.10991,17.343908,17.587328,16.90751,15.035454,14.818947,0.0,0.0,0.0,4.0,4.0,0.0,0.0,0.0
1294,2023.0,1.0,9.0,23.0,17.558952,17.403046,15.75937,15.460682,17.331327,16.983862,17.26487,16.948038,16.452654,16.387018,15.024189,15.220264,17.791044,17.031572,17.19447,16.524858,15.007808,14.867667,0.0,0.0,0.0,4.0,0.0,0.0,0.0,0.0
1295,2023.0,1.0,9.0,23.0,17.34674,17.207495,15.602211,15.314445,17.119274,16.791355,17.015476,16.717155,16.29426,16.234644,15.018474,15.221501,17.93223,17.571026,17.232132,16.918566,15.5906315,16.029156,0.0,0.0,0.0,4.0,0.0,0.0,0.0,4.0
1296,2023.0,1.0,10.0,0.0,17.14625,17.011444,15.457587,15.172055,16.917841,16.596561,16.7917,16.498528,15.591953,15.0587015,15.020349,15.235284,17.896688,17.586569,17.131357,16.859652,15.120198,14.957512,0.0,0.0,0.0,0.0,0.0,0.0,0.0,0.0
1297,2023.0,1.0,10.0,0.0,16.963194,16.827211,15.326242,15.039276,16.734903,16.414886,16.59222,16.299135,15.129574,14.526882,15.020384,15.244337,17.755077,17.441082,16.95443,16.691391,15.254955,15.414419,0.0,0.0,0.0,0.0,0.0,0.0,0.0,4.0
1298,2023.0,1.0,10.0,0.0,16.799515,16.662756,15.209035,14.921186,16.57256,16.254482,16.4173,16.1251,15.006911,14.520036,15.020726,15.253347,17.617544,17.302212,16.780457,16.513786,14.962926,14.87512,0.0,0.0,0.0,0.0,0.0,0.0,0.0,0.0
1299,2023.0,1.0,10.0,0.0,16.673079,16.556864,15.111785,14.831556,16.437378,16.131708,16.272842,15.992935,15.067525,14.8005,15.021484,15.263672,18.265123,18.636505,16.629974,16.370407,15.036148,15.051591,0.0,0.0,0.0,0.0,0.0,4.0,0.0,0.0
1300,2023.0,1.0,10.0,0.0,16.546906,16.433834,15.018929,14.740873,16.309723,16.009233,16.136873,15.861718,15.0195875,14.775329,15.021904,15.273044,17.37039,16.734344,16.489458,16.23161,15.02174,15.046699,0.0,0.0,0.0,0.0,0.0,0.0,0.0,0.0
1301,2023.0,1.0,10.0,0.0,16.41854,16.297323,15.004978,14.795251,16.181387,15.873961,16.00111,15.717811,15.007477,14.85502,15.0168705,15.254898,16.873962,16.163038,16.353172,16.088345,15.021112,15.089994,0.0,0.0,0.0,0.0,4.0,0.0,0.0,0.0
1302,2023.0,1.0,10.0,1.0,16.317293,16.205532,15.006689,14.844749,16.07954,15.782534,15.894409,15.621055,15.01145,14.911925,15.025362,15.298568,17.105358,16.793026,16.239006,15.978425,15.0126295,15.101127,0.0,0.0,0.0,0.0,0.0,0.0,0.0,0.0
1303,2023.0,1.0,10.0,1.0,16.231815,16.13711,15.007674,14.889392,15.9800625,15.687292,15.790801,15.520814,15.415154,15.718595,15.006175,15.256594,17.107533,16.795618,16.131016,15.8713255,15.015643,15.133503,0.0,0.0,0.0,4.0,4.0,0.0,0.0,0.0
1304,2023.0,1.0,10.0,1.0,16.14663,16.0557,15.008205,14.925524,15.888674,15.601091,15.696521,15.431117,14.950184,14.834826,15.010885,15.276348,17.033497,16.723722,16.032166,15.774503,15.015772,15.155179,0.0,0.0,0.0,0.0,4.0,0.0,0.0,0.0
1305,2023.0,1.0,10.0,1.0,16.056795,15.962735,15.015233,14.971826,15.795931,15.505994,15.601437,15.33287,15.020191,15.043637,15.046567,15.373912,16.956512,16.644562,15.935386,15.674991,15.030184,15.204009,0.0,0.0,0.0,0.0,0.0,0.0,0.0,0.0
1306,2023.0,1.0,10.0,1.0,15.976319,15.88358,15.008624,14.98153,15.718694,15.436759,15.522655,15.261398,15.343952,15.647729,15.019433,15.318495,16.888346,16.579218,15.850544,15.593652,15.370253,15.839879,0.0,0.0,0.0,4.0,0.0,0.0,0.0,4.0
1307,2023.0,1.0,10.0,1.0,15.895856,15.800942,15.01026,15.008293,15.641325,15.362403,15.444246,15.185032,14.958855,14.895937,15.024285,15.333692,16.82096,16.512012,15.76796,15.511622,14.959965,15.053721,0.0,0.0,0.0,0.0,0.0,0.0,0.0,0.0
1308,2023.0,1.0,10.0,2.0,15.817899,15.719866,15.020308,15.050692,15.563559,15.283339,15.366027,15.104875,15.002541,14.993515,15.047628,15.384427,16.755447,16.445492,15.687546,15.4298315,15.056462,15.266795,0.0,0.0,0.0,4.0,0.0,0.0,0.0,0.0
1309,2023.0,1.0,10.0,2.0,15.749961,15.654951,15.020969,15.067804,15.493675,15.216718,15.295875,15.037281,15.050513,15.124483,15.04735,15.380927,16.694956,16.386108,15.613404,15.356928,15.05567,15.240639,0.0,0.0,0.0,0.0,0.0,0.0,0.0,0.0
1310,2023.0,1.0,10.0,2.0,15.685249,15.592752,15.02232,15.087559,15.426817,15.152865,15.228902,14.972659,15.050342,15.1143875,15.0475855,15.385962,16.636984,16.329216,15.542684,15.287403,15.031889,15.226678,0.0,0.0,0.0,0.0,0.0,0.0,0.0,0.0
1311,2023.0,1.0,10.0,2.0,15.623256,15.533247,15.023449,15.105426,15.362469,15.0912895,15.164599,14.910513,15.024869,15.102544,15.047736,15.390448,16.581194,16.274485,15.474852,15.220735,15.035076,15.260956,0.0,0.0,0.0,0.0,0.0,0.0,0.0,0.0
1312,2023.0,1.0,10.0,2.0,15.571695,15.492112,15.010731,15.096484,15.3024,15.035871,15.104663,14.854582,15.269654,15.582872,15.020697,15.347351,16.528149,16.223297,15.410451,15.158376,15.016055,15.24368,0.0,0.0,0.0,4.0,0.0,0.0,0.0,0.0
1313,2023.0,1.0,10.0,2.0,15.517284,15.439268,15.0134115,15.11709,15.242173,14.977936,15.044598,14.796152,14.952764,15.000946,15.026069,15.365297,16.475546,16.17132,15.347298,15.096217,15.020625,15.270879,0.0,0.0,0.0,0.0,0.0,0.0,0.0,0.0
1314,2023.0,1.0,10.0,3.0,15.457788,15.377963,15.026592,15.158974,15.181662,14.917598,15.001003,14.767798,15.057055,15.213021,15.049514,15.419018,16.424374,16.12074,15.2854,15.03462,15.039131,15.325008,0.0,0.0,0.0,0.0,0.0,0.0,0.0,0.0
1315,2023.0,1.0,10.0,3.0,15.403041,15.324838,15.025837,15.165457,15.124773,14.862931,15.004353,14.823881,15.028928,15.1606655,15.0498,15.416591,16.374828,16.071915,15.225821,14.975945,15.038368,15.330277,0.0,0.0,0.0,0.0,0.0,0.0,0.0,0.0
1316,2023.0,1.0,10.0,3.0,15.355605,15.284437,15.026712,15.178861,15.069341,14.809575,15.006604,14.862072,15.031146,15.197448,15.050036,15.421497,16.326437,16.024248,15.167862,14.918886,15.039828,15.345213,0.0,0.0,0.0,0.0,0.0,0.0,0.0,0.0
1317,2023.0,1.0,10.0,3.0,15.301952,15.228606,15.027013,15.189892,15.015147,14.757325,15.008788,14.896741,15.032741,15.215679,15.02376,15.355513,16.27924,15.977776,15.111437,14.863357,15.041109,15.357827,0.0,0.0,0.0,0.0,4.0,0.0,0.0,0.0
1318,2023.0,1.0,10.0,3.0,16.082253,16.743105,15.013261,15.175164,15.002395,14.78211,15.0058565,14.916223,15.016881,15.202638,15.028243,15.397167,16.235088,15.936251,15.0579815,14.81234,15.018598,15.326973,0.0,0.0,0.0,0.0,0.0,0.0,0.0,0.0
1319,2023.0,1.0,10.0,3.0,15.639904,15.680898,15.0156,15.191395,15.00433,14.822861,15.007226,14.944329,15.019371,15.2225065,15.026055,15.398817,16.189644,15.891286,15.003242,14.758235,15.022035,15.345449,0.0,0.0,0.0,0.0,0.0,0.0,0.0,0.0
1320,2023.0,1.0,10.0,4.0,14.95245,14.614391,15.015841,15.202698,15.005191,14.856401,15.008044,14.969202,15.019579,15.235824,15.026537,15.404161,16.144386,15.845483,15.007079,14.808107,15.021794,15.355368,0.0,0.0,0.0,0.0,0.0,0.0,0.0,0.0
1321,2023.0,1.0,10.0,4.0,15.019548,14.821009,15.031027,15.24357,15.00904,14.895224,15.015328,15.007281,15.0385065,15.285988,15.025875,15.388246,16.101082,15.802973,15.005929,14.840127,15.043935,15.4088745,0.0,0.0,0.0,0.0,4.0,0.0,0.0,0.0
1322,2023.0,1.0,10.0,4.0,15.106402,15.046061,15.0314455,15.248828,15.010751,14.922726,15.016189,15.026909,15.039203,15.291381,15.026509,15.398488,16.059748,15.762747,15.007624,14.867619,15.044374,15.410819,0.0,0.0,0.0,0.0,4.0,0.0,0.0,0.0
1323,2023.0,1.0,10.0,4.0,15.0749,15.01008,15.031571,15.257863,15.012127,14.948536,15.017352,15.04796,15.150373,15.483393,15.053357,15.475488,16.018744,15.722844,15.009559,14.893106,15.044061,15.417737,0.0,0.0,0.0,4.0,0.0,0.0,0.0,0.0
1324,2023.0,1.0,10.0,4.0,15.028583,14.9675255,15.03239,15.267979,15.01338,14.972537,15.0183,15.067587,15.065055,15.300759,15.026423,15.395911,15.978268,15.683458,15.01008,14.913572,15.044551,15.42591,0.0,0.0,0.0,0.0,4.0,0.0,0.0,0.0
1325,2023.0,1.0,10.0,4.0,15.002292,14.962753,15.03301,15.27751,15.014934,14.995856,15.019776,15.087564,15.038691,15.291415,15.027495,15.413936,15.938286,15.64455,15.012213,14.936055,15.044981,15.433903,0.0,0.0,0.0,0.0,4.0,0.0,0.0,0.0
1326,2023.0,1.0,10.0,5.0,15.004259,15.005436,15.033616,15.286964,15.016119,15.0173,15.020713,15.105267,15.040434,15.314033,15.0868025,15.516718,15.898801,15.606133,15.0134735,14.955098,15.215093,15.732257,0.0,0.0,0.0,0.0,0.0,0.0,0.0,4.0
1327,2023.0,1.0,10.0,5.0,15.00446,15.031907,15.0152025,15.262213,15.008182,15.019932,15.009752,15.099173,15.017929,15.2853565,15.034079,15.387077,15.859222,15.567131,15.007923,14.959772,15.005276,15.33631,0.0,0.0,0.0,0.0,0.0,0.0,0.0,0.0
1328,2023.0,1.0,10.0,5.0,15.008457,15.068014,15.035548,15.313477,15.018303,15.060042,15.022494,15.141213,15.041423,15.34646,15.025005,15.373832,15.81973,15.528514,15.016102,14.993692,15.071569,15.473907,0.0,0.0,0.0,0.0,4.0,0.0,0.0,0.0
1329,2023.0,1.0,10.0,5.0,15.008606,15.090696,15.0358095,15.316102,15.019587,15.076974,15.023468,15.152929,15.042858,15.352316,15.053034,15.46753,15.781393,15.490888,15.016784,15.006833,15.044801,15.423632,0.0,0.0,0.0,0.0,0.0,0.0,0.0,0.0
1330,2023.0,1.0,10.0,5.0,15.011636,15.117578,15.035955,15.324482,15.0203285,15.094549,15.0240555,15.1672,15.04371,15.362602,15.026461,15.3956785,15.743234,15.453443,15.01769,15.022685,15.046949,15.451179,0.0,0.0,0.0,0.0,4.0,0.0,0.0,0.0
1331,2023.0,1.0,10.0,5.0,15.012493,15.137871,15.036917,15.333848,15.0217,15.112699,15.02499,15.181531,15.043837,15.37047,15.05435,15.489954,15.705477,15.416397,15.019706,15.039763,15.047087,15.4621315,0.0,0.0,0.0,0.0,0.0,0.0,0.0,0.0
1332,2023.0,1.0,10.0,6.0,15.011726,15.154442,15.03737,15.342104,15.02191,15.127438,15.026351,15.196329,15.044035,15.378377,15.054163,15.483314,15.6681385,15.379766,15.020308,15.05408,15.047208,15.472727,0.0,0.0,0.0,0.0,0.0,0.0,0.0,0.0
1333,2023.0,1.0,10.0,6.0,20.042158,23.85161,15.017551,15.31436,20.039135,23.79249,19.901232,23.563282,15.071019,15.405425,15.02483,15.435469,20.781313,24.047615,20.369452,24.316393,15.161974,15.664832,0.0,0.0,0.0,4.0,0.0,4.0,0.0,4.0
1334,2023.0,1.0,10.0,6.0,20.908247,24.82709,15.020419,15.32949,20.954628,24.84688,20.907906,24.814232,19.915226,23.805159,15.028177,15.445726,20.725018,23.705204,21.129694,25.046467,19.990597,24.046076,0.0,0.0,0.0,0.0,0.0,0.0,0.0,0.0
1335,2023.0,1.0,10.0,6.0,21.142769,24.763327,15.020105,15.337316,21.140501,24.683922,21.14739,24.75882,16.80263,17.106892,15.027592,15.445317,20.502407,22.90455,22.546352,26.981512,16.267893,16.148142,0.0,0.0,0.0,0.0,0.0,0.0,4.0,0.0
1336,2023.0,1.0,10.0,6.0,21.077961,24.283815,15.020413,15.345956,21.103783,24.270878,21.106075,24.34079,15.023328,14.843048,15.027475,15.444567,20.78841,23.138477,21.802011,25.190514,15.031188,14.975403,0.0,0.0,0.0,0.0,0.0,0.0,0.0,0.0
1337,2023.0,1.0,10.0,6.0,21.108091,24.135866,15.02063,15.354258,21.105341,24.035913,21.10839,24.111897,15.033105,15.035949,15.011736,15.398656,22.30771,25.58122,22.78123,26.557596,15.020326,15.097032,0.0,0.0,0.0,0.0,4.0,4.0,4.0,0.0
1338,2023.0,1.0,10.0,7.0,21.100939,23.887512,14.999181,15.300215,21.101913,23.855366,21.105253,23.936903,15.017278,15.096795,19.449135,23.02747,21.71064,24.136372,22.13496,25.058865,15.368794,15.838405,4.0,0.0,0.0,0.0,0.0,4.0,0.0,4.0
1339,2023.0,1.0,10.0,7.0,21.100132,23.735044,19.545736,23.122482,21.099508,23.719965,21.102842,23.805225,15.392854,15.8550205,17.000353,17.636436,21.01576,22.776627,20.950418,22.867897,20.256203,24.275208,0.0,0.0,0.0,4.0,4.0,0.0,0.0,0.0
1340,2023.0,1.0,10.0,7.0,21.151608,23.725922,17.184845,17.897049,21.151445,23.705873,21.15429,23.809542,20.453756,24.286427,20.194916,23.79713,21.129345,22.922932,21.198362,23.361546,16.532864,16.40003,4.0,4.0,0.0,4.0,4.0,4.0,0.0,0.0
1341,2023.0,1.0,10.0,7.0,22.185555,25.394445,20.365482,24.057056,22.0257,25.00899,22.251595,25.5936,20.129229,23.32942,20.055721,23.041553,21.540617,23.609022,22.476881,25.473902,15.7364235,16.090267,4.0,4.0,0.0,0.0,4.0,0.0,0.0,4.0
1342,2023.0,1.0,10.0,7.0,21.851488,24.54905,20.020382,22.971064,21.780363,24.347385,21.928041,24.75142,17.304598,17.492956,20.122723,22.823826,21.361298,23.166828,21.906584,24.207796,20.704876,24.461748,4.0,4.0,0.0,4.0,4.0,0.0,0.0,4.0
1343,2023.0,1.0,10.0,7.0,21.281347,23.57966,19.868778,22.443296,21.283937,23.505875,21.439602,23.976555,19.918802,22.547976,20.092186,22.541996,21.25339,22.952978,21.566856,23.936646,19.99485,22.955881,0.0,4.0,0.0,0.0,0.0,4.0,0.0,0.0
1344,2023.0,1.0,10.0,8.0,21.102617,23.226593,17.357536,17.41448,21.10686,23.143877,21.08684,23.263056,16.986523,16.722733,17.26152,16.938828,21.10367,22.636677,21.045189,22.899748,16.771393,16.491333,4.0,4.0,4.0,0.0,0.0,4.0,4.0,0.0
1345,2023.0,1.0,10.0,8.0,19.04286,19.280596,20.135073,22.997828,18.97627,19.055355,18.8391,18.98942,16.181057,16.224497,16.042086,15.69334,19.461823,19.472378,18.522741,18.099846,15.349508,14.815401,0.0,4.0,0.0,4.0,0.0,4.0,0.0,0.0
1346,2023.0,1.0,10.0,8.0,18.051888,18.163214,17.36256,17.284985,17.240343,16.56826,17.051851,16.404818,20.437794,23.515127,16.11505,16.142328,18.800112,18.768766,17.229635,16.59185,16.172379,16.775372,0.0,0.0,0.0,0.0,4.0,4.0,0.0,4.0
1347,2023.0,1.0,10.0,8.0,17.716257,17.844948,15.953733,15.6810255,17.182533,16.99126,16.326057,15.579992,17.19921,17.0114,20.472683,23.582357,17.90039,17.295135,16.720726,16.083584,20.356697,23.855751,0.0,4.0,0.0,0.0,4.0,0.0,0.0,0.0
1348,2023.0,1.0,10.0,8.0,17.474218,17.62761,15.632312,15.356123,17.129908,17.034134,17.028915,17.289549,15.855424,15.594903,20.047857,22.601995,17.314255,16.61356,16.663855,16.349827,16.967682,16.825731,0.0,4.0,4.0,0.0,4.0,0.0,0.0,0.0
1349,2023.0,1.0,10.0,8.0,17.276653,17.45216,15.367302,15.087155,16.27883,15.634934,16.599747,16.430874,16.330984,16.76227,20.12844,22.522661,17.796991,17.806524,17.621962,18.334377,15.292881,14.785572,0.0,0.0,0.0,4.0,0.0,4.0,4.0,0.0
1350,2023.0,1.0,10.0,9.0,17.11414,17.310083,15.151102,14.872218,15.770497,15.055423,15.776563,15.154978,20.26711,23.35735,17.3836,17.081831,17.219088,16.657663,16.562527,16.09963,15.122353,14.867626,0.0,0.0,0.0,0.0,0.0,0.0,0.0,0.0
1351,2023.0,1.0,10.0,9.0,16.267027,15.859967,14.999204,14.757929,15.506114,14.802335,15.366492,14.690089,17.148813,17.010645,16.175928,15.830817,16.750937,16.103436,15.890131,15.34331,14.996484,14.808053,0.0,0.0,0.0,0.0,0.0,0.0,0.0,0.0
1352,2023.0,1.0,10.0,9.0,15.785753,15.297183,15.0131235,14.901734,15.632427,15.28217,15.472784,15.139597,15.476471,14.910645,15.847422,15.525976,17.348951,17.434082,15.625125,15.08069,15.019085,14.992688,0.0,0.0,0.0,0.0,0.0,4.0,0.0,0.0
1353,2023.0,1.0,10.0,9.0,15.563892,15.087522,15.012724,14.988273,15.61989,15.336618,15.454299,15.185562,15.330719,15.044853,15.54213,15.231643,16.78578,16.235197,15.703009,15.444071,15.017303,15.084133,0.0,0.0,0.0,0.0,0.0,0.0,0.0,0.0
1354,2023.0,1.0,10.0,9.0,15.39108,14.933546,15.013861,15.058542,15.50668,15.238576,15.338304,15.083925,15.203017,14.9594145,15.288084,14.994417,16.392467,15.782205,16.794231,17.570118,15.018116,15.153738,0.0,0.0,0.0,0.0,0.0,0.0,4.0,0.0
1355,2023.0,1.0,10.0,9.0,15.544287,15.406272,15.014648,15.114363,15.393033,15.133156,15.222255,14.976068,15.02033,14.788817,15.066311,14.784038,16.221277,15.612146,15.842535,15.432538,15.0184965,15.204129,0.0,0.0,0.0,0.0,0.0,0.0,0.0,0.0
1356,2023.0,1.0,10.0,10.0,15.562657,15.483375,15.137967,15.371947,16.026241,16.417622,15.8573675,16.265705,15.015981,14.923466,15.275252,15.353192,17.246384,17.704796,15.268572,14.78161,15.019078,15.242097,4.0,4.0,4.0,0.0,4.0,4.0,0.0,0.0
1357,2023.0,1.0,10.0,10.0,16.281668,16.91699,19.628395,23.206053,15.617285,15.510883,15.480046,15.419021,15.014255,15.00483,19.838352,22.892624,16.529995,16.027952,15.092942,14.613619,15.019064,15.269741,0.0,0.0,0.0,0.0,0.0,0.0,0.0,0.0
1358,2023.0,1.0,10.0,10.0,15.883627,15.9960165,17.185562,17.792553,14.998371,14.578384,15.509627,15.626478,15.467618,15.910093,17.314167,17.71803,16.089188,15.521329,15.211908,14.989628,15.019779,15.295494,0.0,0.0,4.0,4.0,0.0,0.0,0.0,0.0
1359,2023.0,1.0,10.0,10.0,15.969209,16.313658,15.4019575,15.32969,15.018397,14.707346,14.992719,14.729804,20.141438,23.923508,15.6189995,15.407981,16.818129,17.013388,15.214938,15.00804,15.498266,16.188356,0.0,0.0,0.0,0.0,0.0,4.0,0.0,4.0
1360,2023.0,1.0,10.0,10.0,15.337432,15.082185,15.001741,14.852455,15.020641,14.793262,15.023465,14.86219,16.82367,16.854008,15.21363,14.957074,16.28846,15.797373,15.143911,14.941661,19.43797,22.854912,0.0,0.0,0.0,0.0,0.0,0.0,0.0,0.0
1361,2023.0,1.0,10.0,10.0,14.999487,14.695749,15.276731,15.490771,15.002372,14.827899,15.015759,14.897697,15.094339,14.631508,14.997888,14.770043,15.956612,15.425802,15.07836,14.881276,16.36974,16.340458,4.0,0.0,0.0,0.0,0.0,0.0,0.0,0.0
1362,2023.0,1.0,10.0,11.0,15.89801,15.420834,19.907303,23.609398,15.321529,15.12255,15.266682,15.064208,15.039532,14.819322,15.017586,14.931381,16.715057,16.95553,15.019206,14.828436,14.986633,14.801748,0.0,0.0,0.0,0.0,0.0,4.0,0.0,0.0
1363,2023.0,1.0,10.0,11.0,15.278483,15.284429,17.29788,17.894934,15.049599,14.888187,14.998474,14.885015,15.010494,14.910957,15.160789,15.27987,16.95543,17.169994,15.003595,14.85034,15.02186,15.030485,0.0,0.0,0.0,0.0,4.0,4.0,0.0,0.0
1364,2023.0,1.0,10.0,11.0,15.184151,15.178194,15.928518,16.219393,15.007001,14.901722,15.009914,14.971641,15.014743,15.009029,19.879543,23.143042,16.992567,17.204182,15.005564,14.888824,15.017526,15.121651,4.0,0.0,0.0,0.0,0.0,4.0,0.0,0.0
1365,2023.0,1.0,10.0,11.0,15.117442,15.118999,20.130505,23.57793,15.293741,15.132656,15.965031,15.671261,15.014992,15.072785,17.160799,17.54747,16.26217,15.801673,15.279765,15.061671,15.018758,15.191393,0.0,0.0,0.0,0.0,0.0,0.0,0.0,0.0
1366,2023.0,1.0,10.0,11.0,15.058581,15.064406,17.845812,18.618282,15.001121,14.892252,15.00405,14.994929,15.015167,15.117852,15.495847,15.289588,15.924725,15.4120035,14.996117,14.834453,15.018831,15.245659,4.0,0.0,0.0,0.0,0.0,0.0,0.0,0.0
1367,2023.0,1.0,10.0,11.0,15.386768,15.387386,19.926851,22.808268,16.042473,15.755167,15.929143,15.63698,15.015667,15.151465,15.128464,14.880774,15.816412,15.306438,16.046154,16.86871,15.019185,15.282975,0.0,0.0,0.0,0.0,0.0,0.0,4.0,0.0
1368,2023.0,1.0,10.0,12.0,15.139024,15.175168,17.219687,17.22091,15.11046,15.048861,14.994486,15.010511,15.015881,15.175868,15.002678,14.826314,15.978073,15.716126,15.204537,14.903215,15.019676,15.311062,0.0,0.0,0.0,0.0,0.0,0.0,0.0,0.0
1369,2023.0,1.0,10.0,12.0,21.052319,25.566088,15.835983,15.625561,20.268082,24.168947,20.195063,24.127226,15.016458,15.197584,15.015171,14.95469,20.164299,22.818766,20.453178,24.150633,15.01994,15.331779,0.0,0.0,0.0,0.0,0.0,0.0,0.0,0.0
1370,2023.0,1.0,10.0,12.0,21.00716,24.809265,15.535739,15.324295,21.089954,24.987001,20.852682,24.690178,15.016038,15.210004,15.014746,15.024544,21.39845,24.72116,20.756512,24.271177,15.01951,15.343366,0.0,4.0,0.0,0.0,0.0,4.0,0.0,0.0
1371,2023.0,1.0,10.0,12.0,21.116266,24.54189,15.780574,15.992551,21.11036,24.566093,21.148287,24.752825,15.01586,15.215425,15.015129,15.075106,20.827282,23.269693,21.75864,25.56006,15.019057,15.345869,4.0,0.0,0.0,0.0,0.0,0.0,0.0,0.0
1372,2023.0,1.0,10.0,12.0,21.197607,24.361204,20.130295,23.670763,21.552565,24.939688,21.474806,24.912786,15.015516,15.215874,15.015194,15.110342,21.049269,23.398033,22.201632,25.930727,15.018705,15.342601,4.0,0.0,0.0,0.0,0.0,0.0,0.0,0.0
1373,2023.0,1.0,10.0,12.0,22.221933,25.883081,20.0411,22.97059,22.807165,26.852802,21.933733,25.39446,15.014974,15.217191,15.014954,15.133419,21.446407,23.875559,22.379868,25.795456,15.018315,15.336095,4.0,4.0,0.0,0.0,0.0,0.0,0.0,0.0
1374,2023.0,1.0,10.0,13.0,22.064571,25.345234,20.121428,22.810947,22.52966,25.998392,22.593977,26.352568,15.014452,15.214968,15.014536,15.146469,22.253534,25.124516,23.189398,27.013437,15.017644,15.327224,0.0,4.0,0.0,0.0,0.0,0.0,0.0,0.0
1375,2023.0,1.0,10.0,13.0,20.969791,23.223358,17.400776,17.362154,20.924107,22.964817,20.921095,23.181065,15.013964,15.212114,15.013658,15.15322,20.945995,22.573166,20.874111,22.672144,15.017421,15.319319,0.0,4.0,0.0,0.0,0.0,0.0,0.0,0.0
1376,2023.0,1.0,10.0,13.0,21.10176,23.460066,16.156872,15.970362,21.138067,23.402712,21.122414,23.576382,15.013878,15.211325,15.013856,15.161563,21.086124,22.82376,21.121302,23.198452,15.554113,16.316431,0.0,0.0,0.0,0.0,0.0,0.0,0.0,4.0
1377,2023.0,1.0,10.0,13.0,21.107077,23.460888,15.868362,15.704803,21.102905,23.306728,21.090553,23.490183,15.013753,15.211763,15.013841,15.16966,21.067516,22.7543,21.080153,23.122618,20.325909,24.406612,0.0,0.0,0.0,0.0,0.0,0.0,0.0,4.0
1378,2023.0,1.0,10.0,13.0,21.101389,23.41358,16.109743,16.380587,21.103855,23.27707,21.091581,23.46307,15.013221,15.211795,15.013764,15.177058,21.067549,22.7242,21.082806,23.119852,20.046484,23.327415,4.0,0.0,0.0,0.0,0.0,0.0,0.0,0.0
1379,2023.0,1.0,10.0,13.0,21.66048,24.175772,20.110357,23.471848,21.709082,24.090992,21.66496,24.43745,15.013174,15.212858,15.01348,15.182928,21.426497,23.219006,21.720697,24.056871,16.892971,16.866188,0.0,0.0,0.0,0.0,0.0,4.0,4.0,0.0
1380,2023.0,1.0,10.0,14.0,20.925488,22.91416,17.615484,18.111826,21.036518,23.067719,20.97962,23.087873,15.012418,15.211566,15.012712,15.185742,21.020378,22.514174,21.04431,22.899124,15.476865,15.155097,0.0,4.0,0.0,0.0,0.0,4.0,0.0,0.0
1381,2023.0,1.0,10.0,14.0,19.013708,19.32957,16.044384,16.028273,19.527925,20.194881,18.909601,19.154058,15.012352,15.212083,15.012694,15.189504,19.70214,19.959108,18.813753,18.6215,15.29104,15.137602,0.0,4.0,0.0,0.0,0.0,4.0,0.0,0.0
1382,2023.0,1.0,10.0,14.0,17.90837,17.975245,15.676527,15.59266,17.828444,17.546206,17.656492,17.574478,15.012459,15.214884,15.012666,15.19407,18.524525,18.164484,17.671358,17.279408,15.160767,15.041095,0.0,0.0,0.0,0.0,0.0,0.0,0.0,0.0
1383,2023.0,1.0,10.0,14.0,17.456797,17.489595,15.453382,15.358237,17.76771,17.960838,17.897924,18.416931,15.012524,15.218878,15.105411,15.359801,18.772362,19.036991,17.415176,17.212275,15.008539,14.899904,0.0,4.0,4.0,0.0,4.0,4.0,0.0,0.0
1384,2023.0,1.0,10.0,14.0,17.163645,17.211971,15.770548,16.096424,17.725662,17.99231,17.282404,17.327654,15.012164,15.2226515,19.686998,22.87657,18.13815,17.83172,17.19744,17.031012,15.012562,15.023402,4.0,4.0,0.0,0.0,0.0,0.0,0.0,0.0
1385,2023.0,1.0,10.0,14.0,16.930754,16.99767,20.195536,23.735691,16.946218,16.695381,17.230707,17.541388,15.0120945,15.226672,17.277744,17.833044,17.683174,17.30318,16.973389,16.824177,15.010395,15.091919,0.0,0.0,4.0,0.0,0.0,0.0,0.0,0.0
1386,2023.0,1.0,10.0,15.0,16.735844,16.816114,17.724611,18.391811,17.157898,17.42477,17.225634,17.602678,15.011683,15.228893,15.622961,15.569657,17.478807,17.114998,16.77934,16.644197,15.0114565,15.143163,0.0,4.0,4.0,0.0,0.0,0.0,0.0,0.0
1387,2023.0,1.0,10.0,15.0,16.559847,16.641449,16.07177,16.107931,17.267351,17.626684,17.131538,17.525803,15.011615,15.231096,15.295626,15.190899,17.500937,17.324902,16.606022,16.475418,15.011893,15.179264,0.0,4.0,4.0,0.0,0.0,0.0,0.0,0.0
1388,2023.0,1.0,10.0,15.0,17.205233,17.991798,15.691896,15.651875,16.531693,16.328754,16.376593,16.203892,15.011785,15.233952,15.133296,15.030886,18.280222,18.878551,16.461346,16.340446,15.012141,15.205396,0.0,0.0,0.0,0.0,0.0,4.0,0.0,0.0
1389,2023.0,1.0,10.0,15.0,16.711102,16.92628,15.4779215,15.424237,16.83058,17.16501,15.97107,15.73065,15.011778,15.23619,15.412046,15.668808,17.56554,17.324535,16.334038,16.220526,15.012108,15.224561,0.0,4.0,0.0,0.0,4.0,0.0,0.0,0.0
1390,2023.0,1.0,10.0,15.0,16.186314,16.160002,15.326541,15.27521,16.981556,17.393631,15.790882,15.5600195,15.520138,15.870217,19.924492,23.261147,17.953064,18.343624,16.223389,16.116957,15.544807,15.91947,0.0,4.0,0.0,0.0,0.0,4.0,0.0,0.0
1391,2023.0,1.0,10.0,15.0,15.980913,15.937713,15.204712,15.155415,16.959574,17.387526,16.516298,17.064148,16.087437,16.794985,17.602022,18.22185,17.421162,17.19421,16.125845,16.025227,15.363458,15.440896,0.0,4.0,4.0,4.0,0.0,0.0,0.0,0.0
1392,2023.0,1.0,10.0,16.0,16.79519,17.573038,15.597151,15.9588175,16.936096,17.375788,16.594389,17.085222,20.207531,23.97224,16.676504,16.90584,17.154867,16.85343,16.050508,15.954044,14.997213,14.989991,4.0,4.0,4.0,0.0,4.0,0.0,0.0,0.0
1393,2023.0,1.0,10.0,16.0,16.936628,17.604485,20.19556,23.84238,16.907698,17.356949,16.549343,17.02506,17.16201,17.459805,20.21588,23.334969,17.82873,18.240969,15.973746,15.882192,16.343071,16.269587,4.0,4.0,4.0,0.0,0.0,4.0,0.0,0.0
1394,2023.0,1.0,10.0,16.0,16.250061,16.345821,20.021463,22.988039,16.256031,16.174812,15.9365425,15.888004,15.606458,15.468421,17.83517,18.297829,17.325775,17.119047,17.017588,17.919115,15.012831,15.090286,4.0,0.0,0.0,0.0,0.0,0.0,4.0,0.0
1395,2023.0,1.0,10.0,16.0,15.89026,15.886854,20.11007,22.83263,15.863166,15.667244,15.559795,15.3936615,15.346962,15.252029,16.74576,17.013493,16.99833,16.723614,16.276428,16.167524,15.024376,15.18076,0.0,0.0,0.0,0.0,4.0,0.0,0.0,0.0
1396,2023.0,1.0,10.0,16.0,16.507704,17.15001,17.974598,18.466558,16.402054,16.802004,16.118261,16.55116,15.9757185,16.574617,20.265116,23.25486,16.893679,16.621311,15.839086,15.656884,15.928162,16.62537,4.0,4.0,4.0,4.0,0.0,0.0,0.0,0.0
1397,2023.0,1.0,10.0,16.0,16.74335,17.423353,20.267315,23.11387,16.634638,17.115047,15.74241,15.712059,20.387959,24.099249,17.973818,18.408262,16.94793,16.812202,15.718432,15.533407,16.744347,17.674019,4.0,4.0,0.0,4.0,0.0,0.0,0.0,4.0
1398,2023.0,1.0,10.0,17.0,16.113016,16.218275,20.054691,22.436544,16.653078,17.138018,16.103434,16.56705,20.02136,22.912914,16.934679,17.206018,17.782942,18.41764,15.728479,15.63616,20.334404,24.101252,0.0,4.0,4.0,4.0,4.0,4.0,0.0,0.0
1399,2023.0,1.0,10.0,17.0,16.51951,17.179472,17.834738,18.008753,16.656704,17.14262,15.692496,15.668936,20.981773,24.1032,20.335367,23.249556,17.168356,17.004519,15.709889,15.631866,17.166027,17.416206,0.0,4.0,0.0,4.0,4.0,0.0,0.0,0.0
1400,2023.0,1.0,10.0,17.0,16.723675,17.404655,17.186533,17.55353,16.030098,15.978392,15.351386,15.211665,20.668545,23.532387,20.028496,22.322453,17.623644,18.100653,15.66497,15.587704,15.626205,15.4514475,4.0,0.0,0.0,4.0,4.0,4.0,0.0,0.0
1401,2023.0,1.0,10.0,17.0,16.760002,17.439163,20.294256,23.073936,15.674975,15.520304,15.944595,16.407534,21.587025,24.774183,20.097618,22.25409,17.09346,16.911171,15.620904,15.545154,15.380084,15.285157,4.0,0.0,4.0,0.0,0.0,0.0,0.0,0.0
1402,2023.0,1.0,10.0,17.0,16.794725,17.478745,20.031473,22.295774,16.229069,16.666147,15.580028,15.565996,18.001024,18.045763,17.988752,18.045528,16.7895,16.542751,15.579129,15.504175,15.232108,15.152253,4.0,4.0,0.0,0.0,0.0,0.0,0.0,0.0
1403,2023.0,1.0,10.0,17.0,16.13479,16.22515,20.095627,22.268476,15.828907,15.777979,15.981948,16.489704,16.79987,16.53399,16.937145,16.79492,16.703636,16.454687,15.5402565,15.465386,15.087854,15.010601,0.0,0.0,4.0,0.0,0.0,0.0,0.0,0.0
1404,2023.0,1.0,10.0,18.0,15.8143215,15.834529,18.049381,18.225588,16.208166,16.668188,16.174753,16.696213,16.50778,16.362234,16.632593,16.493515,17.594973,18.21427,15.505191,15.431676,14.998881,14.95846,0.0,4.0,4.0,0.0,0.0,4.0,0.0,0.0
1405,2023.0,1.0,10.0,18.0,21.230677,25.398245,17.435158,17.786535,21.170593,25.097517,21.051687,25.029655,16.28167,16.153181,16.39891,16.264418,20.61074,23.265152,21.294476,25.240582,15.010054,15.047924,4.0,4.0,4.0,0.0,0.0,0.0,0.0,0.0
1406,2023.0,1.0,10.0,18.0,21.044146,24.45313,20.254404,22.91589,21.017612,24.262993,21.022747,24.419615,16.066023,15.943524,16.197798,16.063993,21.776667,24.886042,21.871992,25.787191,15.007405,15.087051,4.0,4.0,4.0,0.0,0.0,4.0,0.0,0.0
1407,2023.0,1.0,10.0,18.0,21.105488,24.183863,20.02709,22.20608,21.091274,24.03705,21.095482,24.178967,15.885858,15.76752,16.028862,15.898441,21.73873,24.454712,22.682465,26.738684,15.00914,15.116178,4.0,4.0,4.0,0.0,0.0,0.0,0.0,0.0
1408,2023.0,1.0,10.0,18.0,21.059711,23.836895,20.092152,22.18255,21.08169,23.760859,21.08648,23.895967,15.7470045,15.640654,15.897834,15.778873,21.010654,22.882507,20.891745,23.150791,15.007839,15.130422,0.0,4.0,4.0,0.0,0.0,0.0,0.0,0.0
1409,2023.0,1.0,10.0,18.0,21.07892,23.685078,18.398392,18.80001,21.07998,23.574196,21.084698,23.704102,15.628548,15.5293665,16.18343,16.421104,21.083765,22.899443,21.106077,23.45047,15.007956,15.14057,4.0,4.0,4.0,0.0,4.0,0.0,0.0,0.0
1410,2023.0,1.0,10.0,19.0,21.152687,23.697313,20.248573,22.611816,21.154186,23.586811,21.157179,23.727417,15.528174,15.434301,20.451372,23.551386,21.124271,22.903261,21.176184,23.486153,15.947102,15.536503,0.0,4.0,0.0,0.0,0.0,0.0,0.0,0.0
1411,2023.0,1.0,10.0,19.0,21.071833,23.431795,18.448683,18.884392,21.098288,23.387058,21.074259,23.428219,15.444462,15.357402,17.969873,18.436333,21.061695,22.712664,21.077345,23.200535,15.843073,16.662985,4.0,0.0,4.0,0.0,0.0,0.0,0.0,4.0
1412,2023.0,1.0,10.0,19.0,21.160524,23.548864,20.24843,22.62665,21.153559,23.392574,21.158655,23.511925,15.372554,15.290313,16.538877,16.468678,21.128815,22.79497,21.18368,23.344261,20.307531,24.192883,0.0,4.0,4.0,0.0,0.0,0.0,0.0,0.0
1413,2023.0,1.0,10.0,19.0,21.063196,23.26433,18.44998,18.887163,21.09514,23.226128,21.098463,23.34001,16.131767,16.783236,16.21845,16.110348,21.05913,22.610298,21.074038,23.064981,17.11188,17.350266,4.0,0.0,0.0,4.0,0.0,0.0,0.0,0.0
1414,2023.0,1.0,10.0,19.0,21.161682,23.407873,20.251747,22.600355,21.064497,23.088587,21.06887,23.202095,20.39102,23.981964,16.045023,15.930967,21.15562,22.749113,21.073084,23.015404,16.533573,17.187805,4.0,4.0,4.0,4.0,0.0,4.0,0.0,4.0
1415,2023.0,1.0,10.0,19.0,21.064787,23.167152,20.034544,21.981863,21.092646,23.11927,21.072792,23.163874,20.0184,22.745846,15.912891,15.802459,21.06218,22.553062,21.071978,22.971796,20.382212,23.810375,4.0,0.0,4.0,4.0,0.0,0.0,0.0,4.0
1416,2023.0,1.0,10.0,20.0,21.063261,23.124863,20.087141,21.983274,21.060675,22.994131,21.094593,23.186443,20.099367,22.583319,16.248707,16.535166,21.067629,22.511175,21.031996,22.829544,20.041618,22.77639,0.0,4.0,0.0,0.0,4.0,0.0,4.0,0.0
1417,2023.0,1.0,10.0,20.0,21.062378,23.087894,18.195307,18.271847,21.066103,22.972416,21.064642,23.066698,17.732168,17.772982,20.355505,23.3396,21.066236,22.465319,21.050507,22.82118,18.133085,18.787415,0.0,4.0,4.0,0.0,0.0,0.0,4.0,4.0
1418,2023.0,1.0,10.0,20.0,21.087103,23.124449,17.261702,17.203918,21.088734,23.008083,21.09269,23.107584,16.569242,16.331348,17.982706,18.430128,21.053642,22.42782,21.085918,22.88363,20.344204,23.158274,0.0,0.0,0.0,0.0,0.0,0.0,0.0,0.0
1419,2023.0,1.0,10.0,20.0,21.055258,23.007597,16.979528,16.916622,21.058498,22.897299,21.085918,23.058632,17.163921,17.745317,16.60343,16.555618,21.05435,22.414661,21.039392,22.725119,17.727463,17.80162,0.0,4.0,0.0,4.0,0.0,0.0,4.0,0.0
1420,2023.0,1.0,10.0,20.0,21.085709,23.061039,17.206783,17.537153,21.063015,22.882236,21.061623,22.959604,20.341406,23.171972,16.679987,16.921818,21.024433,22.322142,21.046265,22.711641,17.414524,18.037289,4.0,4.0,4.0,0.0,4.0,4.0,4.0,4.0
1421,2023.0,1.0,10.0,20.0,21.161623,23.181826,20.259855,22.978182,21.168034,23.07101,21.168522,23.169378,17.807823,17.885403,20.453434,23.287106,21.13582,22.533129,21.193966,23.010235,21.30512,24.882673,4.0,4.0,0.0,0.0,0.0,0.0,0.0,4.0
1422,2023.0,1.0,10.0,21.0,21.05228,22.914196,20.030296,22.190838,21.060444,22.832611,21.058447,22.900635,16.566177,16.329515,18.098097,18.476484,21.032759,22.276096,21.03616,22.6342,19.915195,21.936226,4.0,4.0,4.0,0.0,0.0,4.0,4.0,0.0
1423,2023.0,1.0,10.0,21.0,21.057106,22.90601,20.086977,22.110718,21.084541,22.88031,21.063515,22.8903,17.198942,17.800644,16.78994,16.712704,21.037806,22.267332,21.082512,22.732594,17.80466,17.785465,0.0,0.0,4.0,4.0,0.0,4.0,0.0,0.0
1424,2023.0,1.0,10.0,21.0,21.082018,22.958557,18.171844,18.293606,21.078651,22.843288,21.06245,22.871073,20.336226,23.10657,16.872204,17.099848,21.06625,22.325245,21.073252,22.686478,16.748497,16.507366,0.0,0.0,4.0,4.0,4.0,0.0,0.0,0.0
1425,2023.0,1.0,10.0,21.0,21.049845,22.851643,17.66968,18.008163,21.078426,22.817997,21.08658,22.921965,21.077366,23.99852,20.450363,23.149868,21.060734,22.289694,21.07334,22.659386,16.51667,16.391752,4.0,0.0,0.0,0.0,0.0,0.0,0.0,0.0
1426,2023.0,1.0,10.0,21.0,21.168846,23.08983,20.283787,22.680744,21.199532,23.045712,21.163458,23.052687,18.49127,18.599516,18.464151,19.056335,21.152967,22.433657,21.198305,22.906322,16.34185,16.232851,0.0,4.0,0.0,0.0,4.0,4.0,0.0,0.0
1427,2023.0,1.0,10.0,21.0,21.148325,23.005009,18.395737,18.765896,21.157806,22.97982,21.080301,22.861017,17.05655,16.791521,20.30557,22.70252,21.124521,22.379417,21.061956,22.621323,16.169336,16.066961,0.0,0.0,0.0,0.0,0.0,0.0,0.0,0.0
1428,2023.0,1.0,10.0,22.0,21.079424,22.869017,17.252104,17.240177,21.053143,22.716583,21.065811,22.838627,16.817144,16.673656,18.39013,18.70405,21.058947,22.22809,21.061821,22.611301,16.025309,15.929742,0.0,4.0,0.0,0.0,4.0,0.0,0.0,0.0
1429,2023.0,1.0,10.0,22.0,21.073221,22.83876,17.383862,17.713556,21.08112,22.770903,21.042917,22.772877,17.3049,17.755583,20.393282,22.54588,21.029348,22.133999,21.061005,22.598206,15.9052925,15.816348,4.0,0.0,4.0,4.0,0.0,4.0,0.0,0.0
1430,2023.0,1.0,10.0,22.0,21.047077,22.748888,20.259483,22.828632,21.050238,22.667044,21.071453,22.850033,20.39713,23.003244,18.23076,18.260393,21.033672,22.13576,21.060371,22.584497,15.804988,15.722798,4.0,4.0,0.0,0.0,0.0,4.0,0.0,0.0
1431,2023.0,1.0,10.0,22.0,21.077356,22.815918,20.044931,22.110455,21.055183,22.6611,21.079288,22.831123,18.140753,18.38126,17.209229,17.063124,21.062536,22.204294,21.021116,22.46639,15.7200775,15.643649,0.0,4.0,0.0,0.0,0.0,0.0,4.0,0.0
1432,2023.0,1.0,10.0,22.0,21.044794,22.71437,18.146637,18.280064,21.053936,22.645159,21.052938,22.732815,17.00701,16.914934,16.96898,16.83153,21.056835,22.17539,21.07784,22.58082,15.647705,15.576356,0.0,4.0,4.0,0.0,0.0,0.0,0.0,0.0
1433,2023.0,1.0,10.0,22.0,21.077034,22.787455,17.016933,16.768358,21.078518,22.699883,21.057087,22.725136,16.719587,16.604328,17.119183,17.286661,21.056204,22.157028,21.066174,22.529987,15.584758,15.516779,0.0,0.0,4.0,0.0,4.0,0.0,0.0,0.0
1434,2023.0,1.0,10.0,23.0,21.069992,22.758635,16.875433,16.778791,21.072313,22.668438,21.081284,22.779364,17.198328,17.660727,20.387566,22.81213,21.044672,22.14114,21.067675,22.506659,16.352966,17.023125,0.0,0.0,0.0,4.0,4.0,0.0,0.0,4.0
1435,2023.0,1.0,10.0,23.0,19.382544,19.507635,16.764996,16.699226,19.355251,19.359154,19.27292,19.292862,16.824444,16.8214,18.615805,19.18214,20.515966,21.099236,19.564402,19.61134,15.91713,15.913314,0.0,0.0,0.0,0.0,4.0,4.0,0.0,0.0
1436,2023.0,1.0,10.0,23.0,18.837101,18.886808,16.650877,16.580648,18.744122,18.6168,18.421751,18.100569,16.410238,16.188852,17.883762,18.074312,19.424688,19.124876,18.94083,18.786898,15.581272,15.420575,0.0,0.0,0.0,0.0,4.0,0.0,0.0,0.0
1437,2023.0,1.0,10.0,23.0,18.583685,18.647821,16.54289,16.470652,18.475195,18.357319,18.267166,18.134508,16.220873,15.975536,17.199509,16.919191,18.991505,18.587906,18.651249,18.492281,15.464631,15.290472,0.0,0.0,0.0,0.0,0.0,0.0,0.0,0.0
1438,2023.0,1.0,10.0,23.0,18.354897,18.411823,16.44348,16.365616,18.23622,18.109653,18.07239,17.965326,16.229742,16.115767,17.146769,17.08161,18.766897,18.358915,18.41994,18.25833,15.486831,15.411824,0.0,0.0,0.0,0.0,4.0,0.0,0.0,0.0
1439,2023.0,1.0,10.0,23.0,18.17481,18.238941,16.358725,16.283005,18.048174,17.92866,17.881876,17.783037,16.172722,16.06961,16.75263,16.43119,18.798183,18.606104,18.23445,18.08193,15.455073,15.385483,0.0,0.0,0.0,0.0,0.0,0.0,0.0,0.0
1440,2023.0,1.0,11.0,0.0,18.007273,18.06662,16.273972,16.193216,17.871286,17.745382,17.701159,17.596022,16.09839,15.9949465,16.693361,16.531122,18.708403,18.534931,18.06463,17.912216,15.410983,15.340455,0.0,0.0,0.0,0.0,0.0,0.0,0.0,0.0
1441,2023.0,1.0,11.0,0.0,17.864931,17.925522,16.199183,16.117493,17.722168,17.598198,17.547758,17.4447,16.029406,15.926199,16.59182,16.43736,18.595219,18.424921,17.91785,17.769403,15.366672,15.291586,0.0,0.0,0.0,0.0,0.0,0.0,0.0,0.0
1442,2023.0,1.0,11.0,0.0,17.748892,17.821749,16.136932,16.061611,17.600561,17.490374,17.422422,17.333607,15.969679,15.87136,16.489727,16.348555,18.49747,18.33706,18.851646,19.654724,15.327827,15.252433,0.0,0.0,0.0,0.0,0.0,0.0,4.0,0.0
1443,2023.0,1.0,11.0,0.0,17.634068,17.707214,16.071918,15.995249,17.479387,17.369734,17.297192,17.209036,15.909249,15.8105345,16.385958,16.246996,18.400066,18.241234,17.915659,17.703875,15.288526,15.210142,0.0,0.0,0.0,0.0,0.0,0.0,0.0,0.0
1444,2023.0,1.0,11.0,0.0,17.520105,17.583778,16.00407,15.919027,17.358482,17.238298,17.171862,17.072973,15.847806,15.743797,16.28028,16.13378,18.30295,18.138123,17.498857,17.154634,15.248317,15.164276,0.0,0.0,0.0,0.0,0.0,0.0,0.0,0.0
1445,2023.0,1.0,11.0,0.0,17.430899,17.500477,15.951706,15.869899,17.265028,17.152308,17.075024,16.983906,16.38482,16.798166,16.524881,16.674305,18.22393,18.064302,17.344358,17.008919,15.213913,15.12843,0.0,0.0,0.0,4.0,4.0,0.0,0.0,0.0
1446,2023.0,1.0,11.0,1.0,17.343575,17.412638,15.897899,15.814256,17.172184,17.059517,16.979115,16.887926,15.951337,15.860148,16.254309,16.140917,18.143171,17.978695,17.386751,17.23066,15.179316,15.090807,0.0,0.0,0.0,0.0,0.0,0.0,0.0,0.0
1447,2023.0,1.0,11.0,1.0,17.258492,17.321968,15.843357,15.753802,17.080566,16.962214,16.884792,16.787487,15.797428,15.685358,16.093542,15.947446,18.065643,17.895174,17.332788,17.192015,15.1447115,15.051978,0.0,0.0,0.0,0.0,0.0,0.0,0.0,0.0
1448,2023.0,1.0,11.0,1.0,17.184351,17.247246,15.795709,15.7045555,17.001263,16.883287,16.80324,16.706097,15.733439,15.615857,16.010567,15.865397,17.996616,17.823832,17.253605,17.114904,15.11277,15.017321,0.0,0.0,0.0,0.0,0.0,0.0,0.0,0.0
1449,2023.0,1.0,11.0,1.0,17.115173,17.17741,15.750114,15.657283,16.927277,16.809406,16.727121,16.629908,15.677008,15.556891,15.9352455,15.79098,17.931776,17.756645,17.17346,17.029816,15.081894,14.983747,0.0,0.0,0.0,0.0,0.0,0.0,0.0,0.0
1450,2023.0,1.0,11.0,1.0,17.051857,17.114857,15.708205,15.615475,16.860218,16.744524,16.658129,16.563011,15.627671,15.5059185,16.18393,16.317059,17.871683,17.695295,17.100266,16.955727,15.052436,14.952099,0.0,0.0,0.0,0.0,4.0,0.0,0.0,0.0
1451,2023.0,1.0,11.0,1.0,16.9932,17.057732,15.668214,15.575589,16.797691,16.684412,16.593893,16.501095,15.582459,15.459771,16.241581,16.384129,17.815725,17.638977,17.03287,16.888556,15.757481,16.302807,0.0,0.0,0.0,0.0,4.0,0.0,0.0,4.0
1452,2023.0,1.0,11.0,2.0,16.93352,16.995205,15.626684,15.530682,16.734114,16.618542,16.528978,16.433502,15.5372,15.410824,15.917803,15.777922,17.759222,17.578854,16.965755,16.818117,16.054867,16.686451,0.0,0.0,0.0,0.0,0.0,0.0,0.0,4.0
1453,2023.0,1.0,11.0,2.0,16.879349,16.940632,15.588418,15.490722,16.676485,16.561192,16.470781,16.375103,16.062553,16.43016,15.7907505,15.638366,17.707102,17.525076,16.904493,16.755884,15.241165,15.035017,0.0,0.0,0.0,4.0,0.0,0.0,0.0,0.0
1454,2023.0,1.0,11.0,2.0,16.82563,16.884338,15.549339,15.448399,16.619291,16.502048,16.413198,16.315063,15.688489,15.6038265,15.716989,15.5607395,17.65531,17.470053,17.864227,18.612396,14.9970455,14.748261,0.0,0.0,0.0,0.0,0.0,0.0,4.0,0.0
1455,2023.0,1.0,11.0,2.0,16.768438,16.824696,15.506671,15.402753,16.558935,16.439556,16.351297,16.251135,15.306693,15.016066,15.641955,15.4828005,17.599981,17.41179,17.079718,16.79577,15.009758,14.836795,0.0,0.0,0.0,0.0,0.0,0.0,0.0,0.0
1456,2023.0,1.0,11.0,2.0,16.709553,16.759295,15.461427,15.351056,16.496977,16.371193,16.28754,16.180996,15.143767,14.817324,15.886214,15.999072,17.543615,17.349346,16.621635,16.252953,15.008711,14.887028,0.0,0.0,0.0,0.0,4.0,0.0,0.0,0.0
1457,2023.0,1.0,11.0,2.0,16.664934,16.714067,15.426962,15.314978,16.450138,16.324163,16.239477,16.132774,15.873636,16.270952,15.636328,15.484405,17.499681,17.30382,16.50858,16.14015,15.001722,14.900017,0.0,0.0,0.0,4.0,0.0,0.0,0.0,0.0
1458,2023.0,1.0,11.0,3.0,16.61376,16.658972,15.386335,15.270267,16.395401,16.26637,16.183691,16.073753,15.566262,15.442724,15.777647,15.866625,17.449453,17.249811,16.611471,16.446585,15.003866,14.927672,0.0,0.0,0.0,0.0,4.0,0.0,0.0,0.0
1459,2023.0,1.0,11.0,3.0,16.564804,16.606733,15.347482,15.227999,16.342714,16.211115,16.130266,16.017462,15.165516,14.827037,15.573464,15.409643,17.401367,17.198893,16.604492,16.437151,15.004869,14.947338,0.0,0.0,0.0,0.0,0.0,0.0,0.0,0.0
1460,2023.0,1.0,11.0,3.0,16.52349,16.568024,15.313496,15.194373,16.296669,16.1667,16.083654,15.972295,15.027478,14.687227,15.437753,15.267181,17.358494,17.156204,16.555271,16.388813,15.648734,16.172085,0.0,0.0,0.0,0.0,0.0,0.0,0.0,4.0
1461,2023.0,1.0,11.0,3.0,16.497814,16.554895,15.281744,15.160862,16.254637,16.123589,16.041267,15.928569,15.14506,14.989626,15.372607,15.195689,17.319685,17.115612,16.509571,16.34171,15.130232,15.040745,0.0,0.0,0.0,0.0,0.0,0.0,0.0,0.0
1462,2023.0,1.0,11.0,3.0,16.463419,16.520977,15.249499,15.126965,16.212599,16.08044,15.999033,15.884924,15.740435,16.10456,15.319803,15.140357,17.281132,17.075296,16.46397,16.294558,15.009356,14.906499,0.0,0.0,0.0,4.0,0.0,0.0,0.0,0.0
1463,2023.0,1.0,11.0,3.0,16.423769,16.479877,15.214839,15.091074,16.16789,16.035118,15.954046,15.839096,15.401047,15.265776,15.26561,15.0851,17.240288,17.033243,16.415667,16.245327,15.012691,14.939928,0.0,0.0,0.0,0.0,0.0,0.0,0.0,0.0
1464,2023.0,1.0,11.0,4.0,16.384129,16.438387,15.180137,15.054837,16.123762,15.990014,15.909573,15.793489,15.800467,16.163506,15.21386,15.031968,17.20011,16.991695,16.368597,16.197195,15.004713,14.954113,0.0,0.0,0.0,4.0,0.0,0.0,0.0,0.0
1465,2023.0,1.0,11.0,4.0,16.345762,16.398209,15.14609,15.019384,16.080969,15.9465475,15.866423,15.749542,15.236543,14.902708,15.165246,14.982447,17.16127,16.951868,16.323463,16.151445,15.005799,14.976496,0.0,0.0,0.0,0.0,0.0,0.0,0.0,0.0
1466,2023.0,1.0,11.0,4.0,16.304005,16.351154,15.107897,14.975539,16.034338,15.894642,15.8194065,15.697099,15.00589,14.710603,15.114313,14.926275,17.120193,16.906885,16.276543,16.100986,15.009446,15.001048,0.0,0.0,0.0,0.0,0.0,0.0,0.0,0.0
1467,2023.0,1.0,11.0,4.0,16.26536,16.310436,15.0732975,14.938872,15.992094,15.850891,15.776852,15.652916,15.0740385,14.909492,15.0686,14.87894,17.081978,16.867147,16.232836,16.056042,15.010169,15.012672,0.0,0.0,0.0,0.0,0.0,0.0,0.0,0.0
1468,2023.0,1.0,11.0,4.0,16.226635,16.269543,15.0387745,14.90226,15.950391,15.807618,15.73488,15.609253,15.062864,14.89694,15.024207,14.832908,17.044199,16.827847,16.189852,16.011816,15.011805,15.026,0.0,0.0,0.0,0.0,0.0,0.0,0.0,0.0
1469,2023.0,1.0,11.0,4.0,16.187984,16.22871,15.004281,14.865647,15.909103,15.764703,15.693376,15.565996,15.026043,14.858601,15.001683,14.828021,17.006727,16.788849,16.147436,15.968149,15.011917,15.0347185,0.0,0.0,0.0,0.0,0.0,0.0,0.0,0.0
1470,2023.0,1.0,11.0,5.0,16.14944,16.187954,15.001981,14.891434,15.868151,15.72207,15.652269,15.523078,15.001338,14.8457365,15.003957,14.861133,16.969477,16.75007,16.105463,15.924924,15.012693,15.04459,0.0,0.0,0.0,0.0,0.0,0.0,0.0,0.0
1471,2023.0,1.0,11.0,5.0,16.111889,16.149044,15.0030155,14.913766,15.8284235,15.681566,15.612469,15.482353,15.003061,14.877344,15.005369,14.88126,16.93306,16.712797,16.064453,15.883268,15.014472,15.055643,0.0,0.0,0.0,0.0,0.0,0.0,0.0,0.0
1472,2023.0,1.0,11.0,5.0,16.074747,16.110485,15.004581,14.934473,15.78924,15.641557,15.5733,15.442195,15.004665,14.897015,15.006574,14.899389,16.89706,16.67594,16.02403,15.842195,15.014913,15.063431,0.0,0.0,0.0,0.0,0.0,0.0,0.0,0.0
1473,2023.0,1.0,11.0,5.0,16.038471,16.07303,15.00367,14.947149,15.751675,15.604463,15.535805,15.404952,15.004187,14.909457,15.224071,15.317531,16.861801,16.640348,15.984481,15.802525,15.007114,15.056324,0.0,0.0,0.0,0.0,4.0,0.0,0.0,0.0
1474,2023.0,1.0,11.0,5.0,16.00112,16.033792,15.007017,14.96928,15.711635,15.562167,15.496136,15.362812,15.007185,14.930172,15.317776,15.415937,16.825567,16.602737,15.944088,15.760946,15.0168915,15.084756,0.0,0.0,0.0,0.0,4.0,0.0,0.0,0.0
1475,2023.0,1.0,11.0,5.0,15.966298,15.999133,15.003967,14.97468,15.675787,15.52809,15.460799,15.3288555,15.495737,15.855739,14.98578,14.843967,16.791521,16.569307,15.905907,15.723591,15.007478,15.071486,0.0,0.0,0.0,4.0,0.0,0.0,0.0,0.0
1476,2023.0,1.0,11.0,6.0,15.930932,15.962778,15.004972,14.988963,16.392975,16.906849,15.423522,15.290953,15.124817,14.986861,15.015414,14.932124,16.75652,16.533913,15.866995,15.684541,15.009906,15.083669,0.0,4.0,0.0,0.0,0.0,0.0,0.0,0.0
1477,2023.0,1.0,11.0,6.0,21.151161,25.126444,15.005289,15.001434,20.839157,24.344229,21.023438,25.091377,15.010055,14.924245,15.005567,14.9325695,20.709488,23.223946,21.359743,24.922865,15.009955,15.090649,0.0,0.0,4.0,0.0,0.0,0.0,0.0,0.0
1478,2023.0,1.0,11.0,6.0,21.018442,24.280636,15.005793,15.013599,21.0211,24.124561,21.016802,24.43257,15.498975,15.863655,15.007406,14.950385,21.33845,24.131468,21.884514,25.452822,15.00969,15.0942745,0.0,0.0,0.0,4.0,0.0,0.0,0.0,0.0
1479,2023.0,1.0,11.0,6.0,21.116629,24.04185,15.33447,15.6298,21.105282,23.86514,21.103931,24.170628,20.20535,23.805874,15.00738,14.960891,21.867397,24.696135,22.750854,26.511278,15.00957,15.094653,4.0,4.0,0.0,4.0,0.0,0.0,0.0,0.0
1480,2023.0,1.0,11.0,6.0,21.26981,23.909668,20.042093,23.632835,21.28451,23.812418,21.329285,24.121532,20.042475,22.94017,15.141549,15.213749,21.799232,24.150698,21.278458,23.383596,15.009687,15.093718,0.0,0.0,0.0,0.0,4.0,4.0,4.0,0.0
1481,2023.0,1.0,11.0,6.0,21.331377,23.667185,17.48507,18.011648,21.250597,23.43303,21.273964,23.665543,17.169039,17.015102,20.101068,23.61617,21.187294,22.875725,21.470402,23.498789,15.565868,15.810406,0.0,0.0,0.0,0.0,0.0,4.0,0.0,0.0
1482,2023.0,1.0,11.0,7.0,20.926874,22.930178,16.217112,16.502861,20.972286,22.91983,20.948065,23.050686,15.812804,15.328934,17.773531,18.456352,21.08541,22.689686,20.905615,22.445875,16.635073,17.356153,4.0,0.0,0.0,0.0,4.0,0.0,4.0,4.0
1483,2023.0,1.0,11.0,7.0,21.598417,23.972656,20.180243,23.41862,21.602644,23.865509,21.727613,24.164639,16.580044,17.099953,20.225565,23.296677,21.462156,23.176086,21.560501,23.51493,21.213943,25.377813,0.0,4.0,0.0,4.0,0.0,0.0,4.0,4.0
1484,2023.0,1.0,11.0,7.0,21.035187,23.003613,17.764013,18.23525,21.032991,22.888813,21.07258,23.140005,20.355335,23.451855,18.063515,18.609716,20.99091,22.27706,20.915154,22.30179,19.874037,22.447586,0.0,4.0,0.0,4.0,4.0,0.0,0.0,4.0
1485,2023.0,1.0,11.0,7.0,21.1023,23.100193,16.620506,16.89614,21.081417,22.927586,21.058037,23.053705,20.994402,24.202831,20.297,23.06679,21.039099,22.364246,21.107864,22.698265,21.311214,24.572954,4.0,4.0,4.0,4.0,0.0,4.0,0.0,4.0
1486,2023.0,1.0,11.0,7.0,21.147558,23.120722,20.317583,23.415188,21.160715,23.041674,21.170488,23.248957,19.96937,21.92481,17.958117,18.177628,21.125868,22.506115,21.206022,22.864925,19.88009,21.797215,4.0,4.0,4.0,4.0,0.0,4.0,4.0,0.0
1487,2023.0,1.0,11.0,7.0,22.09942,24.590185,20.054129,22.52624,22.080776,24.448853,21.928282,24.349716,20.112236,22.07573,16.568457,16.33629,22.15944,24.260973,22.233534,24.746845,17.52215,17.231047,0.0,4.0,4.0,0.0,0.0,0.0,0.0,0.0
1488,2023.0,1.0,11.0,8.0,21.032923,22.744915,17.824682,17.98154,21.036644,22.644138,21.066622,22.861479,17.778671,17.46805,16.601433,16.691412,20.943417,21.954182,20.92622,22.172352,16.33371,15.822306,4.0,4.0,4.0,0.0,4.0,4.0,0.0,0.0
1489,2023.0,1.0,11.0,8.0,19.468948,19.75606,20.29533,22.965267,19.404215,19.525537,19.267344,19.395676,17.286346,17.360296,20.451323,23.22255,19.83587,19.885204,19.0268,18.605967,15.931285,15.437444,4.0,4.0,4.0,4.0,0.0,4.0,0.0,0.0
1490,2023.0,1.0,11.0,8.0,18.714367,18.909325,20.059486,22.230452,17.932175,17.362024,18.364504,18.349848,20.435877,22.791647,18.253948,18.729828,19.370853,19.398748,19.337873,19.96888,16.855968,17.47039,0.0,0.0,4.0,4.0,4.0,4.0,4.0,4.0
1491,2023.0,1.0,11.0,8.0,18.44483,18.643808,17.992361,18.070372,17.94573,17.84289,17.433325,16.881695,20.88307,23.227783,20.28734,22.721506,18.516815,17.969429,18.2398,17.769604,20.769707,24.04164,4.0,4.0,0.0,4.0,0.0,0.0,0.0,0.0
1492,2023.0,1.0,11.0,8.0,18.247364,18.456879,20.2424,22.641495,17.93391,17.911812,16.874561,16.23677,20.046137,21.73872,18.002335,18.004599,18.740253,18.783175,17.508898,16.957205,17.701645,17.625101,4.0,4.0,0.0,4.0,4.0,4.0,0.0,0.0
1493,2023.0,1.0,11.0,8.0,17.416115,17.05241,20.060339,22.067436,17.142357,16.58374,16.573853,15.938788,21.099012,23.345278,20.377678,22.698591,18.795313,18.861187,17.18399,16.636412,16.119122,15.668921,0.0,0.0,0.0,0.0,0.0,4.0,0.0,0.0
1494,2023.0,1.0,11.0,9.0,17.656569,17.838676,18.134254,18.216507,17.333014,17.269451,16.653505,16.343454,18.046734,17.701778,17.8062,17.583246,18.032951,17.515406,17.203712,16.935223,15.943256,15.712351,4.0,4.0,0.0,0.0,0.0,0.0,0.0,0.0
1495,2023.0,1.0,11.0,9.0,17.727203,17.984451,20.24694,22.290312,16.754324,16.219425,16.626703,16.386246,17.135149,16.512108,17.022034,16.681229,17.650976,17.033041,17.139328,16.915197,15.831362,15.636204,0.0,0.0,0.0,0.0,0.0,0.0,0.0,0.0
1496,2023.0,1.0,11.0,9.0,17.650988,17.906767,18.326782,18.415215,16.336344,15.715689,16.501484,16.272217,16.987175,16.674006,16.797853,16.516459,18.203043,18.278055,16.999422,16.779873,15.664755,15.48105,4.0,0.0,0.0,0.0,0.0,4.0,0.0,0.0
1497,2023.0,1.0,11.0,9.0,16.909468,16.576324,20.233152,22.12328,16.8577,16.831423,17.111061,17.510586,16.839201,16.57966,16.57357,16.293463,17.583517,17.036507,16.880856,16.661549,15.534954,15.355355,4.0,4.0,4.0,0.0,0.0,0.0,0.0,0.0
1498,2023.0,1.0,11.0,9.0,16.500355,16.089096,20.06185,21.7284,17.0424,17.10802,16.706743,16.633963,16.606636,16.360455,16.343943,16.073593,17.20075,16.61164,16.753658,16.535187,15.391884,15.208057,0.0,4.0,0.0,0.0,0.0,0.0,0.0,0.0
1499,2023.0,1.0,11.0,9.0,17.06166,17.29853,18.025082,17.786697,16.358206,15.868769,16.7001,16.786575,16.40082,16.17004,16.153719,15.900045,17.05895,16.480017,16.640938,16.426409,15.26764,15.087704,0.0,0.0,4.0,0.0,0.0,0.0,0.0,0.0
1500,2023.0,1.0,11.0,10.0,16.491467,16.182568,17.372755,17.057186,16.030294,15.4369755,16.72032,16.838163,16.246054,16.018303,16.01328,15.762949,17.24727,16.9661,16.549776,16.334307,15.172631,14.99102,0.0,0.0,4.0,0.0,0.0,0.0,0.0,0.0
1501,2023.0,1.0,11.0,10.0,16.22127,15.841595,17.126043,16.861185,15.890651,15.311857,16.02029,15.559335,16.109442,15.892338,16.285597,16.393103,18.026857,18.458096,16.46851,16.257235,15.089928,14.912299,0.0,0.0,0.0,0.0,4.0,4.0,0.0,0.0
1502,2023.0,1.0,11.0,10.0,16.842709,17.118183,17.332598,17.46826,16.795612,17.15707,15.728125,15.191621,15.990985,15.784298,20.277231,23.109093,17.206848,16.737108,17.412153,18.0995,15.01824,14.845253,4.0,4.0,0.0,0.0,0.0,0.0,4.0,0.0
1503,2023.0,1.0,11.0,10.0,16.369452,16.11586,20.245665,22.713186,17.196442,17.701265,15.580955,15.058913,15.865649,15.663088,18.195093,18.706963,16.817265,16.287395,16.58987,16.21685,15.005434,14.887209,4.0,4.0,0.0,0.0,4.0,0.0,0.0,0.0
1504,2023.0,1.0,11.0,10.0,16.034863,15.709268,20.060137,22.069962,16.34308,16.040518,15.731668,15.490576,15.753605,15.555882,20.303299,22.917198,16.724493,16.20148,16.11386,15.678863,15.287894,15.091608,0.0,0.0,0.0,0.0,0.0,0.0,0.0,0.0
1505,2023.0,1.0,11.0,10.0,15.917309,15.601121,17.910603,17.77806,15.821931,15.337949,15.778259,15.598904,15.6576805,15.465878,18.1331,18.361897,17.745174,18.233751,17.039618,17.545504,15.02471,14.873361,0.0,0.0,0.0,0.0,0.0,4.0,4.0,0.0
1506,2023.0,1.0,11.0,11.0,16.100288,16.056963,17.215012,16.938654,15.666969,15.165898,15.735141,15.566977,15.58599,15.397248,17.128881,16.8746,17.741161,17.969053,16.290188,15.928526,15.010377,14.936668,0.0,0.0,0.0,0.0,0.0,4.0,0.0,0.0
1507,2023.0,1.0,11.0,11.0,16.153423,16.162998,16.962683,16.735975,15.820386,15.5919695,15.68151,15.521955,15.513376,15.331081,16.787857,16.530945,17.727999,17.938631,16.985558,17.532932,15.006701,14.966587,0.0,0.0,0.0,0.0,0.0,4.0,4.0,0.0
1508,2023.0,1.0,11.0,11.0,16.117455,16.138554,16.711313,16.494228,15.868377,15.698039,15.628795,15.476833,15.447044,15.270121,16.540997,16.291416,17.037498,16.592974,16.303621,15.949016,15.007447,14.995178,0.0,0.0,0.0,0.0,0.0,0.0,0.0,0.0
1509,2023.0,1.0,11.0,11.0,16.07386,16.102232,16.501999,16.292654,15.825897,15.667783,16.333397,16.850285,15.387798,15.215988,16.344389,16.104803,16.74167,16.260603,15.920707,15.529356,15.007509,15.016229,0.0,0.0,4.0,0.0,0.0,0.0,0.0,0.0
1510,2023.0,1.0,11.0,11.0,16.030518,16.06519,16.813612,17.038435,15.775747,15.6251135,16.615526,17.178541,15.334484,15.1672535,16.179504,15.948783,16.655651,16.1813,15.810477,15.4241905,15.007978,15.033168,4.0,0.0,4.0,0.0,0.0,0.0,0.0,0.0
1511,2023.0,1.0,11.0,11.0,15.98822,16.028446,20.19072,23.017704,15.728462,15.586716,15.800445,15.575263,15.288157,15.126952,16.04265,15.82372,16.829212,16.59871,15.92826,15.74584,15.007514,15.044906,0.0,0.0,0.0,0.0,0.0,0.0,0.0,0.0
1512,2023.0,1.0,11.0,12.0,16.728142,17.460493,18.109306,18.548391,15.682126,15.547751,15.34309,14.971873,15.24605,15.090007,15.925225,15.718044,16.888205,16.686054,15.955222,15.792228,15.007874,15.056676,0.0,0.0,0.0,0.0,0.0,0.0,0.0,0.0
1513,2023.0,1.0,11.0,12.0,21.094393,24.827372,16.75246,16.673769,20.992153,24.87419,20.415548,23.917252,15.205683,15.051817,15.821112,15.620484,20.970497,23.643705,21.496098,25.235456,15.783374,16.523373,0.0,0.0,0.0,0.0,0.0,0.0,0.0,4.0
1514,2023.0,1.0,11.0,12.0,21.043648,24.187496,16.398344,16.245338,21.014849,24.287373,21.072987,24.505114,15.172298,15.020609,15.72729,15.531996,21.89503,24.918234,21.999846,25.612486,20.066849,23.682863,0.0,0.0,4.0,0.0,0.0,4.0,0.0,0.0
1515,2023.0,1.0,11.0,12.0,21.086412,23.890955,16.207306,16.049257,21.099405,24.045235,21.095715,24.091366,15.901175,16.417034,15.64527,15.455258,20.952522,22.880447,22.183294,25.340101,16.984491,17.069946,0.0,0.0,4.0,4.0,0.0,0.0,4.0,0.0
1516,2023.0,1.0,11.0,12.0,21.10393,23.701927,16.056366,15.901233,21.063465,23.682636,21.112097,23.842203,20.344954,23.933086,15.572908,15.387807,22.057423,24.546274,22.347528,25.352133,15.469438,15.163899,0.0,4.0,0.0,0.0,0.0,4.0,4.0,0.0
1517,2023.0,1.0,11.0,12.0,21.071653,23.443132,16.393682,16.646246,21.089674,23.566858,21.08218,23.553804,17.290663,17.35841,15.508204,15.327948,20.937235,22.34614,20.875353,22.541555,15.334279,15.178039,4.0,0.0,4.0,0.0,0.0,4.0,0.0,0.0
1518,2023.0,1.0,11.0,13.0,21.152021,23.497944,20.321642,23.442734,21.14886,23.490614,21.15668,23.574076,16.559755,16.868748,15.448817,15.272009,21.1381,22.681225,22.052124,24.34415,15.256247,15.116529,4.0,4.0,0.0,4.0,0.0,4.0,0.0,0.0
1519,2023.0,1.0,11.0,13.0,22.4007,25.491377,20.04264,22.485518,22.015669,24.917282,22.293308,25.357885,20.44143,23.453981,15.396684,15.221132,22.178873,24.414946,22.184725,24.819927,15.156295,15.020526,0.0,4.0,0.0,0.0,0.0,0.0,0.0,0.0
1520,2023.0,1.0,11.0,13.0,20.906567,22.6618,18.004656,18.28564,20.949638,22.763762,20.922775,22.800564,17.582827,17.564316,15.353058,15.180451,20.942213,22.046646,20.93164,22.333698,15.072123,14.939549,4.0,4.0,0.0,0.0,0.0,4.0,0.0,0.0
1521,2023.0,1.0,11.0,13.0,21.192858,23.244938,20.265007,22.830698,21.182447,23.212502,21.19032,23.341745,16.396954,16.213366,15.309506,15.137767,21.151424,22.484047,21.217104,22.95066,14.998918,14.875287,4.0,0.0,0.0,0.0,0.0,0.0,0.0,0.0
1522,2023.0,1.0,11.0,13.0,21.081726,23.005487,20.025957,22.091372,21.087027,22.98355,21.074469,23.102623,16.172005,15.983241,15.266693,15.095145,21.065582,22.298798,21.063961,22.666807,15.007551,14.937457,4.0,0.0,0.0,0.0,0.0,0.0,0.0,0.0
1523,2023.0,1.0,11.0,13.0,21.14302,23.134502,20.190702,22.246284,21.140228,23.018732,21.159157,23.251417,16.005608,15.818696,15.227687,15.056788,21.135113,22.415693,21.135359,22.81564,15.006502,14.973204,0.0,4.0,0.0,0.0,0.0,0.0,0.0,0.0
1524,2023.0,1.0,11.0,14.0,21.061682,22.972786,18.347733,18.544392,21.08589,22.910805,21.06752,23.050222,15.880627,15.706723,15.196216,15.029996,21.0452,22.249264,21.058817,22.660286,15.005676,14.992493,4.0,0.0,0.0,0.0,0.0,0.0,0.0,0.0
1525,2023.0,1.0,11.0,14.0,19.290854,19.575224,20.250074,22.468914,19.43594,19.699059,19.118391,19.297573,15.762478,15.592511,15.157158,14.988721,19.661797,19.60094,19.305452,19.291359,15.006491,15.014209,4.0,4.0,0.0,0.0,0.0,0.0,0.0,0.0
1526,2023.0,1.0,11.0,14.0,18.228703,18.21921,20.04809,21.907894,18.557781,18.64199,17.921667,17.760696,15.653741,15.482583,15.115178,14.943824,18.905134,18.641262,18.337013,18.101885,15.007275,15.033566,0.0,4.0,0.0,0.0,0.0,0.0,0.0,0.0
1527,2023.0,1.0,11.0,14.0,17.855873,17.842794,18.034414,17.944012,17.664236,17.234049,17.517176,17.352133,15.56246,15.397612,15.077542,14.906773,18.630707,18.374693,17.978148,17.753649,15.007999,15.051747,0.0,0.0,0.0,0.0,0.0,0.0,0.0,0.0
1528,2023.0,1.0,11.0,14.0,17.576426,17.557213,17.094955,16.915665,17.783777,17.846333,17.21268,17.04013,15.473951,15.309845,15.03624,14.863679,18.41253,18.157095,18.76183,19.483616,15.0085945,15.06804,0.0,4.0,0.0,0.0,0.0,0.0,4.0,0.0
1529,2023.0,1.0,11.0,14.0,17.35233,17.33513,16.814932,16.639708,17.806128,17.936691,16.968271,16.797192,15.392695,15.229944,14.998957,14.833038,18.2314,17.98073,17.7668,17.412624,15.0091915,15.082965,0.0,4.0,0.0,0.0,0.0,0.0,0.0,0.0
1530,2023.0,1.0,11.0,15.0,17.158327,17.139809,16.56902,16.38828,17.02434,16.59329,16.75719,16.584375,15.315875,15.153065,15.327881,15.475248,18.072002,17.823578,17.133331,16.684069,15.00952,15.096102,0.0,0.0,0.0,0.0,4.0,0.0,0.0,0.0
1531,2023.0,1.0,11.0,15.0,16.996616,16.983185,16.3654,16.18434,16.58418,16.08032,16.578941,16.408443,15.244556,15.081833,20.0089,23.073725,18.724531,19.187223,16.877115,16.428276,15.562571,15.8198395,0.0,0.0,0.0,0.0,0.0,4.0,0.0,0.0
1532,2023.0,1.0,11.0,15.0,16.861965,16.857054,16.192144,16.005215,16.35698,15.8472395,16.423439,16.250748,15.175899,15.012114,17.647854,18.118029,18.93559,19.423761,16.886112,16.647654,15.426862,15.406963,0.0,0.0,0.0,0.0,0.0,4.0,0.0,0.0
1533,2023.0,1.0,11.0,15.0,16.751547,16.744085,16.067936,15.871852,16.45173,16.190096,16.306543,16.128864,15.895796,16.416079,16.375107,16.159052,17.922966,17.47753,17.91383,18.670645,15.01859,14.872856,0.0,0.0,0.0,4.0,0.0,0.0,4.0,0.0
1534,2023.0,1.0,11.0,15.0,16.649122,16.64207,15.954421,15.756206,16.422209,16.212717,16.198473,16.020521,20.187323,23.721909,16.085247,15.840327,17.537725,16.987314,16.926088,16.594349,15.010223,14.952599,0.0,0.0,0.0,0.0,0.0,0.0,0.0,0.0
1535,2023.0,1.0,11.0,15.0,17.29506,17.943586,15.834473,15.635211,16.319578,16.114367,16.80286,17.25116,17.186386,17.246195,15.858146,15.61436,17.352087,16.802801,16.382147,15.952622,15.011184,15.019787,0.0,0.0,4.0,0.0,0.0,0.0,0.0,0.0
1536,2023.0,1.0,11.0,16.0,16.863865,16.972973,15.721856,15.519459,16.215307,16.010334,17.047667,17.564049,15.645817,15.268477,15.671611,15.428078,18.27718,18.718851,16.202545,15.763622,15.011527,15.06398,0.0,0.0,4.0,0.0,0.0,4.0,0.0,0.0
1537,2023.0,1.0,11.0,16.0,16.966703,17.333857,16.092278,16.297384,16.119843,15.916808,16.775463,17.003803,15.504925,15.2829275,15.909552,16.012918,17.572508,17.11898,16.279877,16.052683,15.011464,15.094686,4.0,0.0,4.0,0.0,4.0,0.0,0.0,0.0
1538,2023.0,1.0,11.0,16.0,17.0503,17.438578,20.073214,23.247303,16.752047,17.179136,15.98132,15.610866,16.198378,16.68732,20.192398,23.096712,17.91315,18.074074,17.367243,18.13826,15.657213,16.323078,0.0,4.0,0.0,4.0,0.0,4.0,4.0,4.0
1539,2023.0,1.0,11.0,16.0,17.048363,17.439163,18.108383,18.829973,17.033073,17.544365,16.278574,16.404226,20.39058,23.83531,17.780415,18.133696,17.352844,16.870247,16.516882,16.177776,20.412436,24.390135,4.0,4.0,4.0,4.0,0.0,0.0,0.0,4.0
1540,2023.0,1.0,11.0,16.0,17.036139,17.42446,20.290527,23.13782,16.784702,17.009243,15.801321,15.422315,20.055243,22.722982,16.235294,16.029503,17.786139,17.951916,16.005436,15.58227,20.053768,23.174831,0.0,4.0,0.0,0.0,0.0,4.0,0.0,0.0
1541,2023.0,1.0,11.0,16.0,16.361574,16.177612,18.361877,18.999004,16.651003,16.829615,15.444839,14.969966,17.368628,17.236504,15.882668,15.637044,17.24316,16.762636,15.851782,15.422979,17.014475,16.95599,4.0,4.0,0.0,0.0,0.0,0.0,0.0,0.0
1542,2023.0,1.0,11.0,17.0,16.040356,15.728663,20.242378,22.559185,15.955643,15.55681,15.324212,14.839741,17.06724,17.162773,15.715659,15.4591875,17.754196,17.906073,15.957327,15.732998,16.850029,17.183308,4.0,0.0,0.0,4.0,0.0,4.0,0.0,4.0
1543,2023.0,1.0,11.0,17.0,16.624298,16.954788,20.066254,22.036257,15.577501,15.080847,15.463985,15.225881,20.427435,22.958845,15.978019,16.093845,17.212906,16.724316,15.96435,15.759833,20.334627,23.34607,0.0,0.0,0.0,0.0,4.0,0.0,0.0,0.0
1544,2023.0,1.0,11.0,17.0,16.181967,15.993903,18.168978,18.24789,16.129774,16.231726,16.239315,16.68936,17.697115,17.53279,20.403736,23.47702,16.86656,16.330513,15.9092655,15.708027,17.372232,17.274002,4.0,4.0,4.0,0.0,0.0,0.0,0.0,0.0
1545,2023.0,1.0,11.0,17.0,15.822233,15.524884,20.25327,22.49249,16.365742,16.551802,16.552477,17.07592,16.576199,16.324223,17.797554,18.123268,16.745495,16.210505,15.85195,15.652219,15.929251,15.500172,4.0,4.0,4.0,0.0,0.0,0.0,0.0,0.0
1546,2023.0,1.0,11.0,17.0,16.447977,16.802795,20.040604,21.869158,16.38242,16.57278,16.329119,16.567568,16.30389,16.05924,16.27928,16.067669,16.904654,16.62824,16.84042,17.560335,15.720878,15.481453,4.0,4.0,4.0,0.0,0.0,0.0,4.0,0.0
1547,2023.0,1.0,11.0,17.0,16.68347,17.086168,20.080418,21.82231,16.381174,16.57181,16.233269,16.444128,16.08213,15.845224,15.922762,15.669185,17.7113,18.144865,16.041935,15.696947,15.564328,15.3571415,4.0,4.0,4.0,0.0,0.0,4.0,0.0,0.0
1548,2023.0,1.0,11.0,18.0,16.708158,17.107403,20.074183,21.725979,16.374771,16.565485,15.534728,15.149042,16.677086,17.137049,15.7306185,15.480175,16.99366,16.531994,15.593451,15.179496,15.385638,15.188765,4.0,4.0,0.0,4.0,0.0,0.0,0.0,0.0
1549,2023.0,1.0,11.0,18.0,21.124702,24.689196,20.091352,21.714882,21.03399,24.703413,20.185514,23.4217,20.291023,23.33006,15.582043,15.339211,20.532444,22.810705,21.441368,25.274082,15.225476,15.034029,0.0,4.0,0.0,0.0,0.0,0.0,4.0,0.0
1550,2023.0,1.0,11.0,18.0,21.022099,24.007486,18.104202,17.865334,21.031898,24.117744,21.064238,24.441092,17.439924,17.326084,15.459172,15.22655,21.072557,23.535574,21.106428,24.236614,15.089169,14.904578,0.0,4.0,0.0,0.0,0.0,0.0,4.0,0.0
1551,2023.0,1.0,11.0,18.0,21.117323,23.879627,17.66713,17.791739,21.100006,23.863947,21.099691,24.103392,16.005264,15.514925,15.352672,15.128222,21.995079,24.760208,21.963621,25.316288,14.998408,14.844505,4.0,4.0,0.0,0.0,0.0,4.0,0.0,0.0
1552,2023.0,1.0,11.0,18.0,21.076006,23.54728,20.244862,22.482143,21.08775,23.579332,21.09252,23.822716,15.917782,15.668189,15.255006,15.0352335,20.93609,22.567354,20.971611,23.198801,15.955409,16.729977,4.0,4.0,0.0,0.0,0.0,4.0,0.0,4.0
1553,2023.0,1.0,11.0,18.0,21.079811,23.394863,20.045902,21.86229,21.109352,23.457241,21.068085,23.570976,15.846364,15.628539,15.170002,14.956374,21.073883,22.711948,21.075914,23.20695,20.256151,23.920082,4.0,0.0,4.0,0.0,0.0,4.0,4.0,0.0
1554,2023.0,1.0,11.0,19.0,21.076931,23.274061,20.077602,21.790255,21.078402,23.237947,21.069963,23.445679,15.717407,15.509555,15.092837,14.878205,21.083574,22.650959,21.100466,23.159296,16.985176,16.96442,4.0,4.0,4.0,0.0,0.0,0.0,0.0,0.0
1555,2023.0,1.0,11.0,19.0,21.099636,23.25199,20.088287,21.737755,21.104252,23.207859,21.086662,23.34295,15.602868,15.401833,15.025353,14.812659,21.07678,22.553522,21.051115,22.936296,15.445852,15.0581045,0.0,0.0,4.0,0.0,0.0,0.0,4.0,0.0
1556,2023.0,1.0,11.0,19.0,21.093586,23.166903,18.39925,18.41671,21.097889,23.113165,21.084265,23.23843,15.509666,15.320393,15.00235,14.822245,21.077236,22.487268,21.060785,22.88379,16.378029,17.124846,4.0,0.0,4.0,0.0,0.0,0.0,4.0,4.0
1557,2023.0,1.0,11.0,19.0,21.158009,23.236696,20.247416,22.225714,21.05236,22.979122,21.082706,23.15909,15.4195385,15.230252,15.005705,14.862175,21.1293,22.5744,21.058615,22.826473,20.343086,23.781778,4.0,4.0,4.0,0.0,0.0,0.0,4.0,0.0
1558,2023.0,1.0,11.0,19.0,21.072134,23.053825,20.040186,21.672066,21.103354,23.038263,21.104708,23.16046,15.340284,15.154239,15.005299,14.887135,21.05925,22.413973,21.095928,22.884031,17.761518,18.21382,4.0,0.0,0.0,0.0,0.0,0.0,0.0,4.0
1559,2023.0,1.0,11.0,19.0,21.048277,22.97407,20.074873,21.655008,21.093582,22.967493,21.098595,23.091976,15.271262,15.088453,15.005711,14.907012,21.029444,22.319496,21.087086,22.820684,20.471783,23.436327,4.0,0.0,0.0,0.0,0.0,4.0,0.0,0.0
1560,2023.0,1.0,11.0,20.0,21.052494,22.974886,20.06957,21.588282,21.048813,22.856945,21.097235,23.040665,15.210473,15.030765,15.005732,14.921604,21.080545,22.396849,21.086811,22.779543,17.391825,17.243137,4.0,4.0,0.0,0.0,0.0,0.0,0.0,0.0
1561,2023.0,1.0,11.0,20.0,21.07064,22.964521,20.068861,21.547092,21.075499,22.866388,21.050747,22.929605,15.15492,14.976604,15.0061245,14.933832,21.07169,22.339209,21.085157,22.741606,16.985945,17.444359,4.0,4.0,4.0,0.0,0.0,0.0,0.0,4.0
1562,2023.0,1.0,11.0,20.0,21.093067,22.994585,20.068663,21.5169,21.096003,22.89427,21.10346,23.011873,15.106358,14.9311075,15.006112,14.943308,21.042784,22.230621,21.068417,22.711529,20.39642,23.216476,4.0,0.0,0.0,0.0,0.0,4.0,0.0,0.0
1563,2023.0,1.0,11.0,20.0,21.0872,22.947731,20.085638,21.541563,21.065948,22.782454,21.093527,22.95452,15.060904,14.887303,15.006283,14.951704,21.046936,22.220638,21.070032,22.710794,17.44927,17.286585,0.0,4.0,0.0,0.0,0.0,4.0,0.0,0.0
1564,2023.0,1.0,11.0,20.0,21.086842,22.91604,18.535233,18.530783,21.095116,22.836035,21.073542,22.922968,15.019785,14.848364,15.006343,14.959202,21.075562,22.280725,21.069372,22.702398,16.071098,15.630935,4.0,0.0,0.0,0.0,0.0,0.0,0.0,0.0
1565,2023.0,1.0,11.0,20.0,21.067629,22.888294,20.240067,22.063675,21.088722,22.797684,21.075712,22.927313,15.758559,16.274748,15.00694,14.968306,21.069998,22.247381,21.06889,22.69247,16.989983,17.722765,4.0,0.0,0.0,4.0,0.0,0.0,0.0,4.0
1566,2023.0,1.0,11.0,21.0,21.069624,22.893084,20.039137,21.55074,21.068462,22.773815,21.074856,22.921398,20.450813,23.984312,15.006965,14.975938,21.069834,22.226856,21.06835,22.681412,20.348959,23.373238,4.0,0.0,0.0,0.0,0.0,0.0,0.0,0.0
1567,2023.0,1.0,11.0,21.0,21.041838,22.813293,20.088243,21.594925,21.046055,22.715166,21.074116,22.912302,17.136644,17.103773,15.007054,14.982205,21.051994,22.208046,21.067982,22.66998,17.393518,17.243801,0.0,4.0,0.0,0.0,0.0,0.0,0.0,0.0
1568,2023.0,1.0,11.0,21.0,21.046976,22.822483,18.205984,17.941786,21.074863,22.79804,21.04952,22.835447,16.31636,16.53397,15.007045,14.987517,21.053743,22.218761,21.067553,22.658054,16.02768,15.600551,0.0,0.0,4.0,4.0,0.0,0.0,0.0,0.0
1569,2023.0,1.0,11.0,21.0,21.06491,22.819798,17.857235,18.001663,21.088884,22.782448,21.05421,22.842224,20.47175,23.542528,15.007609,14.995013,21.023832,22.143835,21.067036,22.645826,15.917198,15.722766,4.0,0.0,4.0,0.0,0.0,4.0,0.0,0.0
1570,2023.0,1.0,11.0,21.0,21.061167,22.782927,20.236496,22.318224,21.061531,22.6762,21.097721,22.905712,17.429003,17.328253,15.007781,15.002156,21.075277,22.239187,21.06666,22.63394,15.807473,15.637836,4.0,4.0,0.0,0.0,0.0,0.0,0.0,0.0
1571,2023.0,1.0,11.0,21.0,21.086555,22.829102,20.044859,21.745874,21.090534,22.733158,21.086668,22.84832,16.247551,16.081156,15.007683,15.007911,21.065342,22.19359,21.064783,22.619478,15.65048,15.4853325,0.0,0.0,0.0,0.0,0.0,0.0,0.0,0.0
1572,2023.0,1.0,11.0,22.0,21.080795,22.791527,18.403513,18.460798,21.08412,22.698223,21.08977,22.82421,16.022207,15.841716,15.007593,15.012162,21.050793,22.17582,21.065895,22.610378,15.523251,15.370467,4.0,0.0,0.0,0.0,0.0,0.0,0.0,0.0
1573,2023.0,1.0,11.0,22.0,21.16308,22.915377,20.248264,22.24115,21.198092,22.926682,21.189342,23.019638,15.844416,15.668101,15.008108,15.018056,21.13465,22.34778,21.19724,22.86251,15.405162,15.253299,0.0,4.0,4.0,0.0,0.0,0.0,0.0,0.0
1574,2023.0,1.0,11.0,22.0,21.085854,22.764727,18.160995,17.994005,21.091108,22.703537,21.076042,22.820019,15.702852,15.535191,15.007917,15.022606,21.051443,22.18007,21.064404,22.583199,16.062792,16.58777,0.0,0.0,0.0,0.0,0.0,0.0,0.0,4.0
1575,2023.0,1.0,11.0,22.0,21.079222,22.73846,17.25223,17.043787,21.057785,22.597548,21.08965,22.810205,15.581792,15.417326,15.008275,15.028637,21.021767,22.102179,21.064342,22.573969,20.478924,23.934246,0.0,4.0,0.0,0.0,0.0,4.0,0.0,0.0
1576,2023.0,1.0,11.0,22.0,21.053024,22.654064,17.502174,17.707767,21.087868,22.664072,21.086311,22.773457,15.476982,15.316488,15.112499,15.220551,21.072695,22.195612,21.025133,22.459845,17.20621,17.181093,4.0,0.0,0.0,0.0,4.0,0.0,4.0,0.0
1577,2023.0,1.0,11.0,22.0,21.290749,23.12499,20.359224,22.778416,21.27386,23.000853,21.360565,23.316847,15.385366,15.227406,20.383533,23.981937,21.194275,22.412352,21.314558,23.034859,15.764719,15.418044,0.0,4.0,4.0,0.0,4.0,0.0,0.0,0.0
1578,2023.0,1.0,11.0,23.0,21.082493,22.717728,18.696693,19.230227,21.085878,22.628527,21.073225,22.763952,15.307071,15.152881,20.0089,22.964794,21.064344,22.127169,21.075026,22.522226,16.474874,17.052267,4.0,0.0,0.0,0.0,0.0,0.0,0.0,4.0
1579,2023.0,1.0,11.0,23.0,19.225481,19.150639,17.463736,17.432184,19.189072,18.983906,19.064495,18.882935,15.79345,16.12609,17.567957,17.882341,19.79301,19.696388,19.17147,18.843618,16.508642,16.840721,0.0,0.0,0.0,4.0,0.0,0.0,0.0,4.0
1580,2023.0,1.0,11.0,23.0,18.379257,17.981497,16.760986,16.262453,18.59734,18.334187,18.106539,17.530518,15.382985,15.218843,16.49653,16.288797,19.273798,19.006329,18.685717,18.420069,16.431635,16.751947,0.0,0.0,0.0,0.0,0.0,0.0,0.0,4.0
1581,2023.0,1.0,11.0,23.0,18.342684,18.262465,16.914946,16.760431,18.33324,18.099966,18.042316,17.780897,15.806922,16.158882,16.532324,16.59728,19.047737,18.787796,18.442972,18.207663,15.706828,15.419165,4.0,0.0,0.0,4.0,4.0,0.0,0.0,0.0
1582,2023.0,1.0,11.0,23.0,18.185509,18.153793,16.479021,16.016905,18.090178,17.86382,17.875547,17.670748,15.187373,14.846019,16.182388,16.036276,18.859772,18.607744,18.210552,17.986298,15.387709,15.040588,0.0,0.0,0.0,0.0,0.0,0.0,0.0,0.0
1583,2023.0,1.0,11.0,23.0,17.9895,17.95519,16.198952,15.664837,17.87133,17.639687,17.663752,17.456621,15.008313,14.702624,16.2484,16.349686,18.6887,18.436066,17.99993,17.775778,15.218792,14.868412,0.0,0.0,0.0,0.0,4.0,0.0,0.0,0.0
1584,2023.0,1.0,12.0,0.0,17.798555,17.774988,16.321714,16.092474,17.662716,17.443071,17.457342,17.262297,15.060281,14.904798,15.898778,15.738028,18.524452,18.282232,17.79746,17.585333,15.265905,15.112029,0.0,0.0,0.0,0.0,0.0,0.0,0.0,0.0
1585,2023.0,1.0,12.0,0.0,17.658386,17.64052,16.304192,16.120049,17.510105,17.29637,17.305027,17.115995,15.62108,15.986303,15.681246,15.489146,18.40113,18.164719,17.646183,17.441275,15.2213955,15.080012,0.0,0.0,0.0,4.0,0.0,0.0,0.0,0.0
1586,2023.0,1.0,12.0,0.0,17.52536,17.512894,16.227304,16.050486,17.36586,17.158377,17.160446,16.977686,15.189522,15.038576,15.535907,15.344154,18.28464,18.053259,17.504267,17.305492,15.149598,15.00987,0.0,0.0,0.0,0.0,0.0,0.0,0.0,0.0
1587,2023.0,1.0,12.0,0.0,17.399761,17.384434,16.146069,15.967386,17.228798,17.018274,17.022635,16.836761,15.010996,14.815563,15.411397,15.216773,18.171698,17.933033,17.372248,17.173086,15.079131,14.937401,0.0,0.0,0.0,0.0,0.0,0.0,0.0,0.0
1588,2023.0,1.0,12.0,0.0,17.274857,17.263983,16.062634,15.888033,17.09337,16.888906,16.886375,16.706497,15.001148,14.874604,15.293109,15.104461,18.061527,17.825144,17.241255,17.04725,15.007735,14.867196,0.0,0.0,0.0,0.0,0.0,0.0,0.0,0.0
1589,2023.0,1.0,12.0,0.0,17.16221,17.155952,15.984716,15.814125,16.971106,16.772532,16.763166,16.589087,15.004252,14.914666,15.1878395,15.0043545,17.962362,17.727978,17.120766,16.926693,15.004253,14.922459,0.0,0.0,0.0,0.0,0.0,0.0,0.0,0.0
1590,2023.0,1.0,12.0,1.0,17.061228,17.059399,15.912873,15.746212,16.86143,16.668499,16.652533,16.483974,15.00589,14.942624,15.094677,14.915858,17.873104,17.64047,17.012487,16.820429,15.006314,14.957861,0.0,0.0,0.0,0.0,0.0,0.0,0.0,0.0
1591,2023.0,1.0,12.0,1.0,16.969227,16.9707,15.845614,15.681943,16.761566,16.573177,16.551771,16.38762,15.008849,14.967985,15.010395,14.835196,17.790724,17.55874,16.9138,16.722786,15.008663,14.988019,0.0,0.0,0.0,0.0,0.0,0.0,0.0,0.0
1592,2023.0,1.0,12.0,1.0,16.885227,16.889708,15.782825,15.622017,16.670431,16.486322,16.459814,16.299778,15.008812,14.982796,15.004942,14.896474,17.715076,17.483635,16.823795,16.633701,15.010319,15.011098,0.0,0.0,0.0,0.0,0.0,0.0,0.0,0.0
1593,2023.0,1.0,12.0,1.0,16.808098,16.815308,15.724112,15.566004,16.586784,16.40669,16.375471,16.219248,15.010262,14.9986725,15.007682,14.93739,17.645452,17.414478,16.741426,16.55216,15.011992,15.030649,0.0,0.0,0.0,0.0,0.0,0.0,0.0,0.0
1594,2023.0,1.0,12.0,1.0,16.736813,16.746485,15.669003,15.513414,16.509518,16.333181,16.297657,16.144949,15.0110855,15.010629,15.009937,14.968914,17.581018,17.350458,16.665634,16.477127,15.013104,15.046197,0.0,0.0,0.0,0.0,0.0,0.0,0.0,0.0
1595,2023.0,1.0,12.0,1.0,16.670523,16.682407,15.617071,15.463824,16.437716,16.264887,16.225466,16.075989,15.011385,15.020296,15.012024,14.993566,17.521044,17.290861,16.595503,16.407701,15.014169,15.05977,0.0,0.0,0.0,0.0,0.0,0.0,0.0,0.0
1596,2023.0,1.0,12.0,2.0,16.608526,16.622398,15.567961,15.416877,16.370619,16.201063,16.15814,16.01163,15.012667,15.0308695,15.159187,15.279037,17.46491,17.23508,16.530272,16.343136,15.013722,15.068844,0.0,0.0,0.0,0.0,4.0,0.0,0.0,0.0
1597,2023.0,1.0,12.0,2.0,16.553911,16.573244,15.52584,15.380914,16.311491,16.148872,16.099003,15.9590225,15.012937,15.038354,15.210499,15.333685,17.415455,17.189241,16.472239,16.288626,15.01494,15.0806675,0.0,0.0,0.0,0.0,4.0,0.0,0.0,0.0
1598,2023.0,1.0,12.0,2.0,16.504503,16.529997,15.488729,15.351108,16.258644,16.10432,16.046356,15.914209,15.006696,15.0335,14.962401,14.912822,17.370949,17.148945,16.419933,16.240429,15.007477,15.074717,0.0,0.0,0.0,0.0,0.0,0.0,0.0,0.0
1599,2023.0,1.0,12.0,2.0,16.456459,16.486107,15.451252,15.318312,16.20627,16.056908,15.994185,15.866605,15.013331,15.054061,15.015517,15.056616,17.328552,17.109585,16.370459,16.193853,15.015967,15.100597,0.0,0.0,0.0,0.0,0.0,0.0,0.0,0.0
1600,2023.0,1.0,12.0,2.0,16.41217,16.446693,15.417064,15.290036,16.158468,16.015457,15.946649,15.82503,15.013805,15.058066,15.143372,15.27681,17.289644,17.074316,16.325068,16.151962,15.016068,15.104386,0.0,0.0,0.0,0.0,4.0,0.0,0.0,0.0
1601,2023.0,1.0,12.0,2.0,16.370329,16.409597,15.384907,15.263626,16.11343,15.976602,15.902009,15.786159,15.014237,15.063962,15.010816,14.998621,17.25322,17.041546,16.282757,16.11316,15.016252,15.111041,0.0,0.0,0.0,0.0,0.0,0.0,0.0,0.0
1602,2023.0,1.0,12.0,3.0,16.341076,16.395363,15.356254,15.242638,16.07328,15.944954,15.862286,15.754535,15.006537,15.054695,15.01225,15.052343,17.220186,17.013376,16.244505,16.079744,15.534846,16.085154,0.0,0.0,0.0,0.0,0.0,0.0,0.0,4.0
1603,2023.0,1.0,12.0,3.0,16.307095,16.367008,15.328568,15.222084,16.034475,15.913566,15.824298,15.723345,15.405074,15.801599,15.008058,15.053799,17.189762,16.988363,16.208899,16.049011,14.971233,14.972045,0.0,0.0,0.0,4.0,0.0,0.0,0.0,0.0
1604,2023.0,1.0,12.0,3.0,16.272318,16.335455,15.302519,15.202834,15.99761,15.883547,15.788195,15.693583,14.968584,14.93506,15.008717,15.062121,17.161758,16.965376,16.17595,16.020554,15.0285015,15.107213,0.0,0.0,0.0,0.0,0.0,0.0,0.0,0.0
1605,2023.0,1.0,12.0,3.0,16.238253,16.304441,15.276662,15.182505,15.961089,15.852133,15.752338,15.662436,15.014179,15.075063,15.127238,15.282905,17.13518,16.943226,16.144777,15.993186,15.023668,15.105908,0.0,0.0,0.0,0.0,4.0,0.0,0.0,0.0
1606,2023.0,1.0,12.0,3.0,16.206861,16.27724,15.253591,15.166206,15.928131,15.826078,15.720016,15.636607,15.011782,15.058583,15.177084,15.338009,17.111052,16.92434,16.11647,15.969596,15.0146475,15.103622,0.0,0.0,0.0,0.0,4.0,0.0,0.0,0.0
1607,2023.0,1.0,12.0,3.0,16.17646,16.250929,15.232358,15.152176,15.897492,15.802976,15.690021,15.613726,15.006788,15.061133,14.977836,14.992516,17.088469,16.907183,16.090082,15.948123,15.007452,15.102963,0.0,0.0,0.0,0.0,0.0,0.0,0.0,0.0
1608,2023.0,1.0,12.0,4.0,16.147081,16.225658,15.210738,15.13649,15.86662,15.777876,15.659704,15.588857,15.012752,15.080453,15.015216,15.09485,17.066515,16.890106,16.064634,15.927008,15.016584,15.131616,0.0,0.0,0.0,0.0,0.0,0.0,0.0,0.0
1609,2023.0,1.0,12.0,4.0,16.116806,16.197233,15.188351,15.118465,15.835864,15.751654,15.629451,15.562835,15.013203,15.084435,15.01444,15.083245,17.044275,16.871386,16.039364,15.904891,15.016212,15.134242,0.0,0.0,0.0,0.0,0.0,0.0,0.0,0.0
1610,2023.0,1.0,12.0,4.0,16.092579,16.180565,15.166089,15.100472,15.805753,15.725946,15.599808,15.5373125,15.013893,15.090129,15.137749,15.314651,17.02231,16.852898,16.014706,15.883336,15.016178,15.140937,0.0,0.0,0.0,0.0,4.0,0.0,0.0,0.0
1611,2023.0,1.0,12.0,4.0,16.066706,16.158085,15.144482,15.082975,15.776473,15.700957,15.571073,15.512561,15.013978,15.093822,15.011964,15.047998,17.000797,16.834816,15.990774,15.862466,15.016365,15.146749,0.0,0.0,0.0,0.0,0.0,0.0,0.0,0.0
1612,2023.0,1.0,12.0,4.0,16.039986,16.133747,15.124666,15.0685625,15.749658,15.679959,15.5447645,15.491763,15.006332,15.083906,15.010645,15.085769,16.980425,16.818518,15.968312,15.843756,15.574282,16.18989,0.0,0.0,0.0,0.0,0.0,0.0,0.0,4.0
1613,2023.0,1.0,12.0,4.0,16.013138,16.109114,15.104226,15.052262,15.722394,15.656915,15.518283,15.469089,15.007713,15.090548,15.1302395,15.3052435,16.959997,16.801582,15.946013,15.82452,14.974557,15.0150585,0.0,0.0,0.0,0.0,4.0,0.0,0.0,0.0
1614,2023.0,1.0,12.0,5.0,15.988217,16.0877,15.084137,15.036177,16.447567,17.04553,15.492257,15.446821,15.007247,15.093533,14.9891,15.041876,16.939852,16.784803,15.924238,15.805754,15.026691,15.13634,0.0,4.0,0.0,0.0,0.0,0.0,0.0,0.0
1615,2023.0,1.0,12.0,5.0,15.969027,16.076649,15.062719,15.016888,16.071592,16.116909,15.465174,15.421707,15.007551,15.097446,15.116078,15.289029,16.919136,16.76607,15.90251,15.785677,15.010885,15.11732,0.0,0.0,0.0,0.0,4.0,0.0,0.0,0.0
1616,2023.0,1.0,12.0,5.0,15.955026,16.071033,15.040207,14.99524,15.623542,15.412617,15.437076,15.394349,15.007921,15.101273,14.985173,15.039684,16.897408,16.745619,15.880107,15.76433,15.008289,15.127794,0.0,0.0,0.0,0.0,0.0,0.0,0.0,0.0
1617,2023.0,1.0,12.0,5.0,15.931347,16.048086,15.01794,14.973991,15.497828,15.275818,15.409626,15.36793,15.013921,15.116272,15.0156355,15.118351,16.875797,16.725601,15.857992,15.743576,15.01697,15.156601,0.0,0.0,0.0,0.0,0.0,0.0,0.0,0.0
1618,2023.0,1.0,12.0,5.0,15.906594,16.023336,14.999824,14.960691,15.59929,15.541929,15.383399,15.343525,15.013892,15.116896,15.0153675,15.113471,16.854301,16.70593,15.836056,15.723191,15.017157,15.162381,0.0,0.0,0.0,0.0,0.0,0.0,0.0,0.0
1619,2023.0,1.0,12.0,5.0,15.88183,15.998651,15.00162,14.98479,15.59694,15.542577,15.357616,15.319534,15.014655,15.121278,15.015963,15.120729,16.832703,16.686127,15.814184,15.702839,15.01778,15.170135,0.0,0.0,0.0,0.0,0.0,0.0,0.0,0.0
1620,2023.0,1.0,12.0,6.0,15.857526,15.974649,15.00167,14.997912,15.572413,15.521772,15.333882,15.299079,15.006705,15.109748,15.007482,15.109587,16.81179,16.667694,15.793218,15.6841,15.572525,16.20689,0.0,0.0,0.0,0.0,0.0,0.0,0.0,4.0
1621,2023.0,1.0,12.0,6.0,20.825653,24.542929,15.002164,15.012167,20.814003,24.666327,20.650797,24.553062,15.008266,15.115645,15.0088415,15.1170225,20.759863,23.373924,21.24759,24.888102,20.16513,24.024942,0.0,0.0,0.0,0.0,0.0,0.0,0.0,0.0
1622,2023.0,1.0,12.0,6.0,21.018206,24.344723,15.002552,15.024775,21.013475,24.401527,21.023893,24.588696,15.007461,15.113288,15.113524,15.302221,21.515882,24.455317,22.055382,25.871157,17.014051,17.241919,0.0,0.0,0.0,0.0,4.0,0.0,0.0,0.0
1623,2023.0,1.0,12.0,6.0,21.383167,24.481165,15.605199,15.857965,21.368286,24.480207,21.325878,24.573889,15.931818,15.51492,20.13365,23.919106,21.643082,24.2632,22.700947,26.546158,15.479228,15.296477,0.0,0.0,0.0,0.0,4.0,0.0,0.0,0.0
1624,2023.0,1.0,12.0,6.0,20.970123,23.527317,15.504546,15.617538,20.978996,23.535233,21.001476,23.724045,15.323557,15.265969,20.013721,23.116264,20.977182,22.834536,21.007034,23.175097,15.286431,15.180549,0.0,0.0,0.0,0.0,0.0,0.0,0.0,0.0
1625,2023.0,1.0,12.0,6.0,21.095736,23.621286,15.150691,15.139666,21.074505,23.528616,21.099733,23.727497,14.993018,14.960654,17.542171,17.956802,21.075092,22.902315,21.10091,23.247118,16.005867,16.643286,0.0,4.0,0.0,0.0,0.0,0.0,0.0,4.0
1626,2023.0,1.0,12.0,7.0,21.077124,23.465776,15.065971,15.0336895,21.084658,23.438772,21.084272,23.55292,15.008904,15.021188,16.477736,16.671423,21.062086,22.77641,21.071402,23.095917,20.386246,24.131943,0.0,0.0,0.0,0.0,4.0,0.0,0.0,0.0
1627,2023.0,1.0,12.0,7.0,21.07743,23.374556,15.011545,14.972437,21.095156,23.324327,21.083622,23.44071,15.309098,15.240052,20.319082,23.41318,21.061651,22.697655,21.035486,22.922348,17.790794,18.455317,0.0,0.0,0.0,0.0,0.0,0.0,4.0,4.0
1628,2023.0,1.0,12.0,7.0,21.075699,23.298506,15.450952,15.824104,21.091307,23.212828,21.081406,23.347725,15.765285,16.360443,18.17533,18.847078,21.060228,22.633078,21.09156,22.982256,20.374247,23.580687,4.0,0.0,0.0,4.0,4.0,0.0,0.0,0.0
1629,2023.0,1.0,12.0,7.0,21.071968,23.231344,20.080465,23.700933,21.071434,23.122892,21.077269,23.268097,20.518063,24.448446,20.30308,23.114285,21.057083,22.576769,21.07753,22.88591,18.09939,18.710701,0.0,0.0,0.0,0.0,0.0,0.0,0.0,4.0
1630,2023.0,1.0,12.0,7.0,21.07268,23.184315,17.61811,18.27718,21.050947,23.01999,21.078459,23.213205,17.304241,17.53228,18.333221,18.935638,21.058115,22.537958,21.080387,22.835253,20.341791,23.209469,0.0,4.0,0.0,0.0,4.0,0.0,0.0,0.0
1631,2023.0,1.0,12.0,7.0,21.162066,23.320421,16.000122,16.03945,21.182327,23.249527,21.16192,23.330751,15.709736,15.485151,20.304398,22.854254,21.130724,22.647522,21.188889,23.02881,17.622128,17.620804,0.0,4.0,0.0,0.0,4.0,0.0,0.0,0.0
1632,2023.0,1.0,12.0,8.0,21.070744,23.099255,15.666046,15.616703,21.092535,23.02522,21.07541,23.113768,16.357323,16.981365,20.035564,22.09023,21.027008,22.390242,21.066576,22.756346,16.331163,16.044638,0.0,0.0,0.0,4.0,4.0,4.0,0.0,0.0
1633,2023.0,1.0,12.0,8.0,19.27172,19.611383,15.98405,16.328028,19.031054,19.02074,19.17637,19.431189,20.265388,23.585335,20.080324,22.015821,19.552164,19.562866,19.321142,19.375422,16.128244,15.984388,4.0,0.0,0.0,0.0,4.0,0.0,0.0,0.0
1634,2023.0,1.0,12.0,8.0,18.977346,19.695,20.247013,23.67582,17.840801,17.498884,18.04601,17.987309,17.432009,17.577787,20.072939,21.883389,19.319292,19.576056,18.39852,18.251839,15.983996,15.866195,0.0,0.0,0.0,0.0,4.0,4.0,0.0,0.0
1635,2023.0,1.0,12.0,8.0,18.94025,19.681675,17.806791,18.387045,17.618921,17.452099,17.627457,17.526058,15.988525,15.741039,20.070633,21.78755,19.287811,19.567339,18.034824,17.872652,16.78799,17.53234,0.0,0.0,0.0,0.0,4.0,4.0,0.0,4.0
1636,2023.0,1.0,12.0,8.0,17.96955,17.962788,16.295889,16.332655,18.14218,18.618519,17.353489,17.2486,15.796033,15.661121,20.085167,21.75955,18.481485,18.149565,17.7814,17.623295,21.114738,24.856712,0.0,4.0,0.0,0.0,0.0,0.0,0.0,0.0
1637,2023.0,1.0,12.0,8.0,18.086306,18.549294,16.416958,16.763569,18.304445,18.88256,17.135788,17.031649,15.681046,15.569352,18.502672,18.655142,18.044598,17.64748,18.62891,19.411476,17.923252,18.104568,4.0,4.0,0.0,0.0,4.0,0.0,4.0,0.0
1638,2023.0,1.0,12.0,9.0,18.119104,18.62742,20.31884,23.54755,18.022501,18.364033,17.69296,18.203741,15.576101,15.467593,20.32188,22.050716,17.874815,17.477203,17.69188,17.485773,17.634413,18.115026,4.0,4.0,4.0,0.0,0.0,0.0,0.0,4.0
1639,2023.0,1.0,12.0,9.0,17.413643,17.379189,20.039455,22.595076,17.844576,18.160238,17.276564,17.336464,15.466809,15.365205,18.317488,18.225088,18.726702,19.257788,17.144901,16.838758,20.336826,22.928593,0.0,4.0,0.0,0.0,0.0,4.0,0.0,0.0
1640,2023.0,1.0,12.0,9.0,17.000088,16.873491,17.751038,17.937672,17.761955,18.08505,17.337221,17.651583,15.37133,15.275342,17.379713,17.192257,18.79017,19.138557,16.953415,16.64743,17.85296,17.877398,0.0,4.0,4.0,0.0,0.0,4.0,0.0,0.0
1641,2023.0,1.0,12.0,9.0,17.586634,18.103464,16.700802,16.383602,17.709654,18.040241,16.72603,16.50904,16.097874,16.706976,17.143332,16.959595,18.749626,19.082905,16.988956,16.84103,17.82755,18.302515,0.0,4.0,0.0,4.0,0.0,4.0,0.0,4.0
1642,2023.0,1.0,12.0,9.0,17.698765,18.25556,17.027525,17.282717,17.663342,18.003555,16.43821,16.13911,20.330568,23.938334,16.944992,16.773647,18.018349,17.72295,16.94739,16.82434,20.311298,22.725632,4.0,4.0,0.0,4.0,0.0,0.0,0.0,4.0
1643,2023.0,1.0,12.0,9.0,17.045734,17.04242,20.257736,23.040888,17.61578,17.96516,16.287418,15.995375,20.019577,22.806135,16.73347,16.569057,17.654161,17.296984,16.87009,16.754177,20.056034,22.078964,4.0,4.0,0.0,4.0,0.0,0.0,0.0,0.0
1644,2023.0,1.0,12.0,10.0,16.684193,16.586048,20.051125,22.324583,16.931057,16.732035,16.331049,16.210377,20.076899,22.569653,16.548174,16.3919,17.518545,17.164684,16.795084,16.683933,18.655163,19.229067,0.0,0.0,0.0,4.0,0.0,0.0,0.0,4.0
1645,2023.0,1.0,12.0,10.0,16.53971,16.432436,17.939753,18.075277,17.223715,17.518532,16.317896,16.234703,20.09357,22.382072,16.396954,16.252256,18.197165,18.544636,16.7247,16.614435,20.266712,22.444788,0.0,4.0,0.0,0.0,0.0,4.0,0.0,4.0
1646,2023.0,1.0,12.0,10.0,16.619816,16.688866,16.91237,16.856043,17.40808,17.782974,16.25198,16.175484,17.829237,17.847513,16.264992,16.128286,18.437956,18.809576,16.660662,16.551622,20.02433,21.849548,0.0,4.0,0.0,0.0,0.0,4.0,0.0,4.0
1647,2023.0,1.0,12.0,10.0,17.412363,18.206245,16.629671,16.553175,17.403666,17.784508,16.186413,16.112677,17.372108,17.712648,16.145811,16.013859,18.475397,18.848526,16.602606,16.494053,20.05169,21.820288,0.0,4.0,0.0,4.0,0.0,4.0,0.0,4.0
1648,2023.0,1.0,12.0,10.0,17.465858,18.065619,16.882204,17.202213,17.389933,17.77455,16.128057,16.058321,20.32004,22.909634,16.043018,15.91793,18.50421,18.878311,16.551888,16.44516,20.047052,21.750134,4.0,4.0,0.0,4.0,0.0,4.0,0.0,4.0
1649,2023.0,1.0,12.0,10.0,17.43412,18.021765,20.289537,23.15756,17.376232,17.764458,16.073997,16.00715,20.049719,22.164762,15.948854,15.826408,17.798052,17.533388,16.505692,16.400093,20.08164,21.796804,4.0,4.0,0.0,0.0,0.0,0.0,0.0,0.0
1650,2023.0,1.0,12.0,11.0,16.819805,16.856829,20.042131,22.341084,17.363081,17.75496,16.753506,17.327024,17.921066,17.91436,15.870321,15.752185,18.240746,18.602692,17.483213,18.276155,18.195156,18.123814,0.0,4.0,4.0,0.0,0.0,4.0,4.0,0.0
1651,2023.0,1.0,12.0,11.0,16.477158,16.414902,17.945086,18.10255,16.735336,16.599926,16.426565,16.520351,16.823822,16.541302,15.806988,15.695041,17.728613,17.475761,16.810932,16.657696,17.218487,16.927446,0.0,0.0,0.0,0.0,0.0,0.0,0.0,0.0
1652,2023.0,1.0,12.0,11.0,17.114344,17.688803,17.17388,17.079865,17.11488,17.452942,16.69573,17.096096,17.424562,17.9276,15.759967,15.651363,18.25386,18.61614,17.56228,18.246157,16.91592,16.60805,0.0,4.0,4.0,4.0,0.0,4.0,4.0,0.0
1653,2023.0,1.0,12.0,11.0,17.284065,17.897045,16.936584,16.858885,16.650465,16.547018,16.202105,16.1238,20.313313,22.927252,15.715533,15.61115,17.680883,17.435535,16.821589,16.669538,16.8441,16.68662,0.0,0.0,0.0,4.0,0.0,0.0,0.0,0.0
1654,2023.0,1.0,12.0,11.0,17.32877,17.937075,16.700912,16.626492,16.286276,16.054098,15.856257,15.652042,20.046774,22.14986,15.667027,15.565879,18.159088,18.5557,16.42552,16.18913,16.711395,16.582308,0.0,0.0,0.0,0.0,0.0,4.0,0.0,0.0
1655,2023.0,1.0,12.0,11.0,17.358757,17.957392,16.964645,17.28874,16.841146,17.195189,16.438189,16.827202,17.959621,17.958271,16.011595,16.253601,17.641224,17.402184,16.324768,16.088066,16.557022,16.438826,4.0,4.0,4.0,0.0,4.0,0.0,0.0,0.0
1656,2023.0,1.0,12.0,12.0,17.390167,17.99627,20.267145,23.08417,16.427147,16.339952,16.022139,15.951136,17.132214,16.806477,20.19057,23.415276,18.182556,18.562527,16.266594,16.03343,16.439882,16.325317,0.0,0.0,0.0,0.0,0.0,4.0,0.0,0.0
1657,2023.0,1.0,12.0,12.0,21.367453,24.891514,18.512226,19.259888,21.290949,25.012733,21.24304,25.227987,16.931547,16.763367,17.923252,18.414284,22.079794,25.224817,22.803135,27.14712,16.316154,16.205097,4.0,4.0,4.0,0.0,0.0,4.0,4.0,0.0
1658,2023.0,1.0,12.0,12.0,21.075417,23.913935,20.28861,22.772158,21.055792,23.988602,21.045404,24.224293,16.757315,16.611788,16.494114,16.42109,21.600233,23.886465,21.931267,25.079424,16.209978,16.10388,4.0,4.0,4.0,0.0,0.0,0.0,0.0,0.0
1659,2023.0,1.0,12.0,12.0,21.07153,23.597713,20.046305,22.080189,21.105167,23.739681,21.089945,23.912643,16.581554,16.445625,16.638592,16.890621,20.98165,22.574696,21.110931,23.164108,16.12434,16.02371,0.0,0.0,4.0,0.0,4.0,0.0,4.0,0.0
1660,2023.0,1.0,12.0,12.0,21.143574,23.566984,18.390583,18.733099,21.134256,23.534107,21.139742,23.765923,16.438553,16.312237,20.285978,23.189318,21.125486,22.740301,22.11779,24.709808,16.054554,15.958913,4.0,4.0,0.0,0.0,0.0,0.0,0.0,0.0
1661,2023.0,1.0,12.0,12.0,21.083685,23.302504,20.24513,22.501516,21.069122,23.233408,21.093655,23.481792,16.318363,16.199377,18.111393,18.495838,21.023737,22.447218,20.894957,22.377829,15.996731,15.906256,4.0,4.0,0.0,0.0,0.0,4.0,0.0,0.0
1662,2023.0,1.0,12.0,13.0,21.081984,23.192095,20.047245,21.929602,21.066027,23.106707,21.091232,23.3367,17.043997,17.669788,16.810926,16.71117,21.071203,22.485678,21.101892,22.764793,15.947337,15.861142,0.0,4.0,0.0,4.0,0.0,0.0,0.0,0.0
1663,2023.0,1.0,12.0,13.0,21.066992,23.106918,18.520403,18.862732,21.06463,23.013649,21.05127,23.162767,20.308064,23.193895,16.543165,16.422928,21.062756,22.404041,21.020493,22.565441,15.904758,15.822485,4.0,4.0,4.0,0.0,0.0,0.0,4.0,0.0
1664,2023.0,1.0,12.0,13.0,21.067245,23.059465,20.238634,22.370123,21.062962,22.940283,21.056553,23.117437,17.810303,17.892775,16.391077,16.26627,21.06228,22.350603,21.08199,22.681723,15.866771,15.787359,4.0,4.0,4.0,0.0,0.0,0.0,0.0,0.0
1665,2023.0,1.0,12.0,13.0,21.038229,22.943596,20.023922,21.782017,21.085278,22.94748,21.092794,23.134752,16.590094,16.332829,16.717062,16.989187,21.018053,22.226524,21.029078,22.514147,15.830729,15.750139,4.0,0.0,0.0,0.0,4.0,4.0,4.0,0.0
1666,2023.0,1.0,12.0,13.0,21.058132,22.929125,20.081905,21.804296,21.05511,22.816257,21.061152,22.990309,16.469223,16.341953,20.407364,23.122404,21.06688,22.306564,21.039305,22.508133,15.8004265,15.721654,0.0,4.0,4.0,0.0,4.0,0.0,4.0,0.0
1667,2023.0,1.0,12.0,13.0,21.055023,22.883902,18.313679,18.334845,21.059391,22.785816,21.065159,22.950459,16.391968,16.28216,20.031393,22.18374,21.059177,22.255291,21.07689,22.588247,15.772752,15.694811,0.0,4.0,4.0,0.0,0.0,0.0,0.0,0.0
1668,2023.0,1.0,12.0,14.0,21.05431,22.850683,17.472216,17.39864,21.057827,22.750988,21.063328,22.907854,16.291803,16.187521,18.003756,18.026573,21.029518,22.147596,21.068434,22.540798,15.748323,15.67138,0.0,4.0,4.0,0.0,0.0,4.0,0.0,0.0
1669,2023.0,1.0,12.0,14.0,19.750109,20.322254,17.667019,17.97943,19.692333,20.106789,19.563072,19.999844,16.20692,16.10886,17.444626,17.635767,19.57346,19.362957,19.338549,19.18788,15.72678,15.651172,4.0,4.0,4.0,0.0,4.0,0.0,0.0,0.0
1670,2023.0,1.0,12.0,14.0,18.658943,18.570642,20.283867,22.60007,18.575504,18.319208,18.404577,18.170252,16.144112,16.048006,20.306097,22.68211,19.008698,18.602924,19.624897,20.12112,15.708667,15.633413,4.0,0.0,0.0,0.0,0.0,0.0,4.0,0.0
1671,2023.0,1.0,12.0,14.0,18.121378,17.978245,20.041796,21.906246,18.64941,18.873297,18.467087,18.724232,16.848406,17.436556,18.40695,18.685675,18.738422,18.343914,18.809769,18.569271,15.687411,15.612874,0.0,4.0,4.0,4.0,0.0,0.0,0.0,0.0
1672,2023.0,1.0,12.0,14.0,17.837498,17.702345,18.261253,18.351805,18.0466,17.816603,18.46593,18.803102,20.35302,23.350492,17.29993,17.203339,18.709291,18.506168,18.235376,17.914736,15.665068,15.590891,0.0,0.0,4.0,4.0,0.0,0.0,0.0,0.0
1673,2023.0,1.0,12.0,14.0,18.332146,18.8266,17.389072,17.325832,17.586235,17.272533,17.69333,17.493135,20.04079,22.345875,16.999931,16.86408,18.626154,18.456661,17.960709,17.640173,16.55253,17.279587,0.0,0.0,0.0,0.0,0.0,0.0,0.0,4.0
1674,2023.0,1.0,12.0,15.0,17.823095,17.816154,17.588263,17.901733,17.362677,17.055143,17.254461,16.982157,17.878769,17.907661,16.818396,16.682785,18.504347,18.344618,17.907064,17.743704,20.296843,23.52237,4.0,0.0,0.0,0.0,0.0,0.0,0.0,0.0
1675,2023.0,1.0,12.0,15.0,18.137796,18.655312,20.233976,22.614733,18.054476,18.534725,17.03971,16.767908,16.825115,16.579067,16.668798,16.532606,18.390957,18.235922,17.814842,17.67686,17.610619,17.76647,4.0,4.0,0.0,0.0,0.0,0.0,0.0,0.0
1676,2023.0,1.0,12.0,15.0,18.274658,18.830418,20.04444,21.97694,18.342594,18.941727,17.758366,18.287893,16.667564,16.532946,16.951378,17.177301,18.290783,18.139153,17.69273,17.56126,16.37718,16.205679,0.0,4.0,4.0,0.0,4.0,0.0,0.0,0.0
1677,2023.0,1.0,12.0,15.0,17.618078,17.63191,18.526379,18.872059,17.57101,17.484577,17.831282,18.246984,17.309734,17.852186,20.348022,22.836891,18.204891,18.05791,17.58293,17.457253,16.218967,16.121979,4.0,0.0,4.0,4.0,0.0,0.0,0.0,0.0
1678,2023.0,1.0,12.0,15.0,17.24939,17.169943,20.237972,22.333979,17.74488,18.0675,17.135206,17.011866,20.334467,23.001247,18.293736,18.61789,18.127062,17.983114,17.48374,17.362106,16.128345,16.040895,4.0,4.0,0.0,0.0,0.0,0.0,0.0,0.0
1679,2023.0,1.0,12.0,15.0,17.099321,17.013918,20.028826,21.7304,17.251587,17.087204,17.424208,17.77497,17.986479,18.064087,17.120815,17.026978,18.057806,17.916876,17.395714,17.27757,16.038807,15.954008,4.0,0.0,4.0,0.0,0.0,0.0,0.0,0.0
1680,2023.0,1.0,12.0,16.0,17.931915,18.69392,20.077724,21.724205,17.578764,17.913609,16.967442,16.83727,16.833815,16.586777,16.842825,16.709917,17.995197,17.856398,17.316359,17.200682,15.961485,15.877977,0.0,4.0,0.0,0.0,0.0,0.0,0.0,0.0
1681,2023.0,1.0,12.0,16.0,18.027466,18.625738,18.734211,19.043827,17.753456,18.144278,17.290585,17.64589,17.421911,17.937393,16.688778,16.555666,17.938225,17.800663,17.244682,17.130783,15.89417,15.81143,4.0,4.0,4.0,4.0,0.0,0.0,0.0,0.0
1682,2023.0,1.0,12.0,16.0,17.992178,18.564257,20.219929,21.921259,17.749401,18.137365,16.826893,16.728552,20.324066,22.928858,16.992302,17.211632,18.632185,19.152138,17.18524,17.071543,16.799854,17.564077,4.0,4.0,0.0,0.0,4.0,4.0,0.0,4.0
1683,2023.0,1.0,12.0,16.0,17.356478,17.37921,20.032915,21.481592,17.733646,18.117012,16.471518,16.24786,17.9974,18.035477,20.384264,22.924835,18.205166,18.135607,17.123882,17.011326,21.120562,24.7869,4.0,4.0,0.0,0.0,0.0,0.0,0.0,0.0
1684,2023.0,1.0,12.0,16.0,17.717678,18.262585,20.056755,21.477257,17.715664,18.094463,17.021233,17.371101,16.861317,16.59136,18.306517,18.617409,18.479254,18.805271,17.063652,16.94771,18.652853,19.342216,4.0,4.0,4.0,0.0,0.0,4.0,0.0,4.0
1685,2023.0,1.0,12.0,16.0,17.248476,17.261103,20.070663,21.479593,17.696613,18.070314,16.646517,16.529018,17.475153,17.99513,17.132689,17.019413,18.671644,19.030428,17.007639,16.889992,20.323368,22.868448,0.0,4.0,0.0,4.0,0.0,4.0,0.0,4.0
1686,2023.0,1.0,12.0,17.0,17.615852,18.148205,18.849812,19.087818,17.677433,18.046328,16.991566,17.344713,20.305542,22.798742,17.235544,17.422232,17.991287,17.711424,17.961779,18.72888,20.051737,22.121214,4.0,4.0,4.0,0.0,4.0,0.0,4.0,0.0
1687,2023.0,1.0,12.0,17.0,17.160387,17.160118,20.220644,21.918926,17.653828,18.012712,17.187738,17.577347,18.015444,18.013956,20.395338,22.799603,18.43683,18.776186,18.218437,18.857168,17.940178,17.886023,4.0,4.0,4.0,0.0,0.0,4.0,4.0,0.0
1688,2023.0,1.0,12.0,17.0,17.540625,18.065458,20.030922,21.436275,17.628696,17.977118,17.205206,17.58263,17.58523,17.896545,18.36799,18.630806,17.914682,17.620459,17.312216,17.099455,16.926504,16.640802,4.0,4.0,4.0,4.0,0.0,0.0,0.0,0.0
1689,2023.0,1.0,12.0,17.0,17.716763,18.247833,20.074114,21.471191,17.012505,16.845488,16.60957,16.460985,20.346355,22.691048,17.589035,17.76606,18.360716,18.686245,17.925526,18.539398,16.598362,16.290743,0.0,0.0,0.0,0.0,4.0,4.0,4.0,0.0
1690,2023.0,1.0,12.0,17.0,17.096703,17.073462,18.812536,18.983881,17.289747,17.56405,16.920834,17.228987,18.081947,18.031595,20.356413,22.551956,18.560831,18.881084,17.259813,17.028002,16.528019,16.36734,4.0,4.0,4.0,0.0,0.0,4.0,0.0,0.0
1691,2023.0,1.0,12.0,17.0,16.746305,16.608927,20.224266,21.890495,17.451488,17.772425,17.100853,17.44759,17.146023,16.987267,18.440266,18.64905,17.854843,17.52746,16.843884,16.533712,16.433323,16.294336,4.0,4.0,4.0,0.0,0.0,0.0,0.0,0.0
1692,2023.0,1.0,12.0,18.0,17.344374,17.825907,20.03041,21.395788,17.44535,17.756607,16.499924,16.312616,16.927519,16.764435,17.35022,17.196238,17.518702,17.121408,17.754341,18.358856,17.2625,17.970448,4.0,4.0,0.0,0.0,0.0,0.0,4.0,4.0
1693,2023.0,1.0,12.0,18.0,21.28972,24.529434,20.074821,21.43349,21.143085,24.19595,20.963957,24.256884,16.752132,16.58695,17.041607,16.848343,21.202589,23.542933,21.550375,24.631386,20.31166,23.101793,0.0,0.0,0.0,0.0,0.0,0.0,0.0,0.0
1694,2023.0,1.0,12.0,18.0,21.037388,23.632046,18.809786,18.942202,21.01355,23.487764,21.008991,23.785622,16.609932,16.446573,16.85451,16.661325,21.761215,24.219255,21.995674,24.789764,17.741749,17.703686,4.0,4.0,4.0,0.0,0.0,4.0,4.0,0.0
1695,2023.0,1.0,12.0,18.0,21.093231,23.45791,20.224777,21.859383,21.078035,23.328432,21.108515,23.64869,17.29946,17.85624,16.704847,16.510326,21.037987,22.726238,23.028149,26.441631,17.495335,17.992992,4.0,4.0,0.0,4.0,0.0,4.0,0.0,4.0
1696,2023.0,1.0,12.0,18.0,21.058578,23.172909,20.049082,21.418743,21.091372,23.179344,21.092096,23.377838,20.328945,22.991962,16.990242,17.163618,21.048601,22.579138,20.86847,22.269451,20.341034,22.907375,0.0,0.0,0.0,0.0,4.0,4.0,0.0,0.0
1697,2023.0,1.0,12.0,18.0,21.156103,23.231743,18.740417,18.827883,21.15081,23.13574,21.153364,23.348698,17.836447,17.735506,20.413652,22.934288,21.125818,22.611406,21.252956,22.956942,17.845802,17.722307,4.0,4.0,4.0,0.0,0.0,4.0,4.0,0.0
1698,2023.0,1.0,12.0,19.0,21.059889,22.938053,20.227945,21.876574,21.065136,22.859571,21.079014,23.120485,16.648766,16.243038,18.552015,19.013653,21.043531,22.35341,21.078506,22.59159,16.70579,16.326487,4.0,4.0,0.0,0.0,4.0,4.0,0.0,0.0
1699,2023.0,1.0,12.0,19.0,21.059425,22.863327,20.031181,21.365612,21.088112,22.8482,21.066668,22.964973,17.413776,17.94269,20.283808,22.471287,21.042574,22.28227,21.07414,22.54072,16.61977,16.435581,4.0,0.0,4.0,4.0,0.0,4.0,0.0,0.0
1700,2023.0,1.0,12.0,19.0,21.058296,22.802639,20.058582,21.346981,21.057766,22.703066,21.068512,22.88957,20.322264,22.80991,18.397814,18.527403,21.071169,22.302584,21.073843,22.501225,16.533464,16.365446,4.0,4.0,4.0,0.0,0.0,0.0,0.0,0.0
1701,2023.0,1.0,12.0,19.0,21.057343,22.752378,20.055113,21.290945,21.06247,22.664389,21.09177,22.89401,17.89923,17.738634,17.315777,17.105156,21.065489,22.238209,21.058731,22.46622,16.408175,16.242367,4.0,4.0,0.0,0.0,0.0,0.0,0.0,0.0
1702,2023.0,1.0,12.0,19.0,21.055784,22.709373,20.054829,21.255941,21.085932,22.69165,21.05925,22.756815,16.716412,16.258371,17.014584,16.770908,21.064304,22.191998,21.05948,22.457767,16.295385,16.12826,4.0,0.0,4.0,0.0,0.0,0.0,0.0,0.0
1703,2023.0,1.0,12.0,19.0,21.054518,22.673454,20.054348,21.229538,21.052206,22.567648,21.06471,22.727594,16.6874,16.477848,16.823591,16.576628,21.04745,22.154179,21.017809,22.336687,16.194838,16.021944,4.0,4.0,4.0,0.0,0.0,0.0,4.0,0.0
1704,2023.0,1.0,12.0,20.0,21.155104,22.863289,20.108505,21.311766,21.119316,22.668203,21.169975,22.922483,16.60561,16.398132,16.668873,16.421549,21.101337,22.249605,21.148052,22.599491,16.106512,15.93092,4.0,4.0,0.0,0.0,0.0,0.0,0.0,0.0
1705,2023.0,1.0,12.0,20.0,21.034739,22.567383,20.06454,21.222998,21.049122,22.504656,21.069048,22.682283,16.491959,16.290968,16.984379,17.13624,21.04227,22.120653,21.057867,22.372309,16.031706,15.856122,0.0,4.0,0.0,0.0,4.0,0.0,0.0,0.0
1706,2023.0,1.0,12.0,20.0,21.056412,22.5894,18.473232,18.164528,21.060467,22.507929,21.061249,22.618986,16.387688,16.18936,20.400888,22.829449,21.020782,22.050842,21.073612,22.375792,15.965006,15.790635,0.0,4.0,4.0,0.0,4.0,4.0,0.0,0.0
1707,2023.0,1.0,12.0,20.0,21.053686,22.568161,18.292583,18.44004,21.05851,22.486662,21.088564,22.672983,16.289606,16.088848,20.03335,21.908966,21.071259,22.137075,21.015919,22.241741,15.902465,15.726047,4.0,4.0,0.0,0.0,0.0,0.0,4.0,0.0
1708,2023.0,1.0,12.0,20.0,21.080559,22.626598,20.217272,21.934742,21.083614,22.539244,21.08257,22.63772,16.205408,16.005598,18.21669,18.160847,21.063482,22.089434,21.081581,22.379637,15.84829,15.67226,0.0,0.0,0.0,0.0,4.0,0.0,0.0,0.0
1709,2023.0,1.0,12.0,20.0,21.048235,22.522192,18.687628,18.804344,21.053085,22.437119,21.038973,22.548103,16.128202,15.927592,20.362814,22.331894,21.063713,22.06323,21.070637,22.33506,15.796989,15.619505,0.0,4.0,4.0,0.0,0.0,0.0,0.0,0.0
1710,2023.0,1.0,12.0,21.0,21.053762,22.520311,17.757706,17.566109,21.058332,22.432867,21.07076,22.6421,16.058792,15.857484,18.122517,17.848904,21.046658,22.040508,21.071354,22.315311,15.750037,15.571659,0.0,4.0,0.0,0.0,0.0,0.0,0.0,0.0
1711,2023.0,1.0,12.0,21.0,21.146946,22.716637,17.43768,17.175922,21.152536,22.62885,21.163143,22.781214,15.993295,15.789079,17.20407,16.919436,21.09621,22.141083,21.112793,22.40536,15.70579,15.525802,0.0,0.0,0.0,0.0,0.0,0.0,0.0,0.0
1712,2023.0,1.0,12.0,21.0,21.033579,22.446983,17.265982,17.018177,21.06317,22.425636,21.04776,22.560335,15.937851,15.734462,17.43705,17.534481,21.0407,22.028524,21.046919,22.27915,15.666875,15.486784,0.0,0.0,0.0,0.0,4.0,0.0,0.0,0.0
1713,2023.0,1.0,12.0,21.0,21.155102,22.699884,17.564913,17.7132,21.151182,22.585615,21.179249,22.807203,15.8864155,15.684461,20.37208,22.49079,21.122734,22.19169,21.270483,22.701738,15.630279,15.45091,4.0,0.0,4.0,0.0,4.0,0.0,4.0,0.0
1714,2023.0,1.0,12.0,21.0,21.046154,22.447708,20.236769,22.435516,21.031935,22.350302,21.063393,22.538479,16.595358,17.061357,20.009907,21.677887,21.047714,22.03719,21.079374,22.318605,15.594876,15.414845,4.0,4.0,4.0,4.0,4.0,0.0,0.0,0.0
1715,2023.0,1.0,12.0,21.0,21.078968,22.525537,20.032774,21.715965,21.065056,22.45512,21.085638,22.58045,20.446835,23.441267,20.09262,21.65302,21.047821,22.033758,21.069595,22.278477,15.561831,15.381413,4.0,0.0,0.0,0.0,0.0,0.0,0.0,0.0
1716,2023.0,1.0,12.0,22.0,21.045336,22.424355,20.082947,21.63471,21.0782,22.449451,21.055399,22.477276,17.556995,17.41173,18.140684,17.761284,21.047667,22.028513,21.070158,22.26071,15.530514,15.349772,0.0,0.0,4.0,0.0,0.0,0.0,0.0,0.0
1717,2023.0,1.0,12.0,22.0,21.078087,22.50109,18.264776,18.013878,21.051073,22.352001,21.085823,22.542501,16.810799,16.841011,17.670788,17.618837,21.017656,21.94479,21.05413,22.243973,15.499898,15.318094,0.0,4.0,0.0,4.0,4.0,4.0,0.0,0.0
1718,2023.0,1.0,12.0,22.0,21.045422,22.40366,17.514814,17.244686,21.056158,22.34897,21.054956,22.444412,20.504467,23.128105,20.38234,22.274992,21.022703,21.958033,21.05619,22.255007,15.469973,15.286923,0.0,4.0,4.0,0.0,0.0,4.0,0.0,0.0
1719,2023.0,1.0,12.0,22.0,21.050972,22.406706,17.783997,17.914713,21.080692,22.407564,21.060253,22.44445,17.785725,17.579687,18.52042,18.563213,21.069105,22.037098,21.055874,22.25735,16.192719,16.674341,4.0,0.0,4.0,0.0,0.0,0.0,0.0,4.0
1720,2023.0,1.0,12.0,22.0,21.15417,22.627222,20.22898,22.29065,21.152477,22.517017,21.155104,22.644222,16.778034,16.538671,17.769705,17.758133,21.117594,22.102293,21.185577,22.517355,20.469639,23.736776,0.0,4.0,0.0,0.0,4.0,0.0,0.0,0.0
1721,2023.0,1.0,12.0,22.0,21.071249,22.447495,18.496553,18.651217,21.080587,22.381243,21.07863,22.472612,17.244759,17.581894,20.383213,22.29995,21.061829,21.9632,21.055483,22.25255,17.300837,17.154789,0.0,0.0,0.0,4.0,0.0,0.0,0.0,0.0
1722,2023.0,1.0,12.0,23.0,21.04529,22.364977,17.898632,18.071531,21.074888,22.357702,21.079014,22.457052,20.400389,22.900373,18.495348,18.52935,21.044672,21.942516,21.055809,22.252077,15.963444,15.541644,4.0,0.0,0.0,4.0,0.0,0.0,0.0,0.0
1723,2023.0,1.0,12.0,23.0,19.364218,19.170664,17.459396,17.308372,19.684933,19.716505,19.601463,19.646818,17.791353,17.58391,17.738886,17.719786,20.519037,20.912952,19.61843,19.487122,15.922057,15.708001,0.0,0.0,0.0,0.0,4.0,4.0,0.0,0.0
1724,2023.0,1.0,12.0,23.0,18.60875,18.129553,17.623661,17.759483,18.978268,18.714033,18.866892,18.620344,17.432451,17.380932,17.358297,17.114359,19.317587,18.72385,20.036932,20.636953,15.881054,15.684985,4.0,0.0,0.0,4.0,0.0,0.0,4.0,0.0
1725,2023.0,1.0,12.0,23.0,18.609722,18.4534,17.326813,17.182968,19.318857,19.606968,19.195736,19.50757,16.88157,16.437119,17.09515,16.809628,18.85672,18.182524,18.874674,18.395279,16.504599,16.92464,4.0,4.0,4.0,0.0,0.0,0.0,0.0,4.0
1726,2023.0,1.0,12.0,23.0,18.49695,18.40265,16.70003,16.122988,18.717833,18.54108,19.217642,19.619457,16.496943,15.964071,17.236,17.222904,18.629139,17.964737,18.333494,17.745224,15.991049,15.811596,0.0,0.0,4.0,0.0,4.0,0.0,0.0,0.0
1727,2023.0,1.0,12.0,23.0,18.334063,18.248562,16.429073,15.791065,18.646801,18.585754,18.176268,17.724907,17.141031,17.391338,16.951313,16.71889,19.534437,19.892447,18.080498,17.507284,15.598032,15.209284,0.0,4.0,0.0,4.0,0.0,4.0,0.0,0.0
1728,2023.0,1.0,13.0,0.0,18.912058,19.469788,16.584631,16.25678,18.576502,18.55234,17.658052,17.032915,17.339151,17.660288,16.73263,16.463053,18.68601,18.138136,18.133467,17.83667,15.436511,15.027476,0.0,4.0,0.0,4.0,0.0,0.0,0.0,0.0
1729,2023.0,1.0,13.0,0.0,18.381536,18.432367,16.602844,16.350515,17.829899,17.255568,17.402418,16.770906,16.513695,16.089056,16.909636,16.91208,18.30078,17.663046,18.057901,17.801506,15.538062,15.33681,0.0,0.0,0.0,0.0,4.0,0.0,0.0,0.0
1730,2023.0,1.0,13.0,0.0,17.75016,17.365099,16.991524,17.142786,17.479864,16.830156,18.225477,18.53471,16.146837,15.637545,16.925978,16.941216,18.142056,17.512192,17.933304,17.685452,15.52241,15.330528,4.0,0.0,4.0,0.0,4.0,0.0,0.0,0.0
1731,2023.0,1.0,13.0,0.0,18.212173,18.418394,16.672642,16.511833,17.282808,16.63504,17.82042,17.717367,15.969917,15.456726,16.584986,16.345615,18.300152,17.97483,17.806274,17.554493,15.470163,15.276709,0.0,0.0,0.0,0.0,0.0,0.0,0.0,0.0
1732,2023.0,1.0,13.0,0.0,17.59871,17.257917,16.47384,16.235607,18.144453,18.43945,17.195303,16.651144,16.073856,15.806202,16.399261,16.129557,18.282047,17.98662,17.69147,17.441442,15.421039,15.227452,0.0,4.0,0.0,0.0,0.0,0.0,0.0,0.0
1733,2023.0,1.0,13.0,0.0,17.287477,16.856031,16.861526,17.033209,17.754622,17.628172,16.91206,16.303705,16.060976,15.828299,16.283648,16.00924,18.204653,17.909492,17.582104,17.330835,15.371862,15.176822,4.0,0.0,0.0,0.0,0.0,0.0,0.0,0.0
1734,2023.0,1.0,13.0,1.0,18.207523,18.753843,16.574877,16.4671,17.154417,16.590357,17.056787,16.758419,15.990223,15.759784,16.186739,15.913576,18.863035,19.219208,17.483068,17.2333,15.325454,15.130213,0.0,0.0,0.0,0.0,0.0,4.0,0.0,0.0
1735,2023.0,1.0,13.0,1.0,17.496782,17.267736,16.810278,16.984657,16.900967,16.280252,17.0511,16.817144,15.92001,15.690719,16.380455,16.351704,18.027489,17.490839,17.390614,17.14238,15.281156,15.086449,4.0,0.0,0.0,0.0,4.0,0.0,0.0,0.0
1736,2023.0,1.0,13.0,1.0,17.099611,16.692574,16.207493,15.794551,17.06954,16.763247,16.97024,16.743097,15.853469,15.624909,16.161947,15.926814,17.713783,17.103067,17.303658,17.056416,15.238642,15.044291,0.0,0.0,0.0,0.0,0.0,0.0,0.0,0.0
1737,2023.0,1.0,13.0,1.0,16.941565,16.524738,15.832017,15.223776,17.073553,16.824379,16.885803,16.659405,15.788941,15.559143,16.004242,15.732221,17.59769,16.990976,17.219624,16.971104,15.196694,15.001539,0.0,0.0,0.0,0.0,0.0,0.0,0.0,0.0
1738,2023.0,1.0,13.0,1.0,17.148085,17.060205,16.026377,15.742376,17.007143,16.764927,16.809626,16.589113,15.731277,15.503753,16.22722,16.222603,17.80284,17.506746,17.144379,16.898602,15.158451,14.964606,0.0,0.0,0.0,0.0,4.0,0.0,0.0,0.0
1739,2023.0,1.0,13.0,1.0,17.140627,17.08225,16.040916,15.804768,16.934977,16.693611,16.731493,16.511036,15.67375,15.445588,16.286636,16.307346,17.79536,17.504095,17.070286,16.82418,15.1199465,14.92577,0.0,0.0,0.0,0.0,4.0,0.0,0.0,0.0
1740,2023.0,1.0,13.0,2.0,17.088129,17.036243,15.996675,15.767825,16.872475,16.640059,16.666037,16.454533,15.623794,15.399723,15.992545,15.7623005,17.750711,17.462984,17.004837,16.763401,15.812186,16.261377,0.0,0.0,0.0,0.0,0.0,0.0,0.0,4.0
1741,2023.0,1.0,13.0,2.0,17.031345,16.98268,15.948375,15.722667,16.807705,16.5791,16.598955,16.39088,15.573815,15.351046,15.840915,15.579755,17.70428,17.41789,16.939753,16.69993,15.305426,15.139425,0.0,0.0,0.0,0.0,0.0,0.0,0.0,0.0
1742,2023.0,1.0,13.0,2.0,16.972088,16.923887,15.897918,15.672983,16.74271,16.515049,16.532284,16.324657,15.524569,15.301458,15.757201,15.49226,17.656805,17.370272,16.87558,16.635378,14.970965,14.645743,0.0,0.0,0.0,0.0,0.0,0.0,0.0,0.0
1743,2023.0,1.0,13.0,2.0,16.909393,16.8627,15.843198,15.619329,16.67405,16.44794,16.461838,16.255497,15.472997,15.250609,15.678759,15.414563,17.606686,17.32094,16.808836,16.56973,15.014014,14.80441,0.0,0.0,0.0,0.0,0.0,0.0,0.0,0.0
1744,2023.0,1.0,13.0,2.0,16.850075,16.805882,15.79196,15.571001,16.610292,16.387587,16.396448,16.193386,15.424515,15.203649,15.6087055,15.346923,17.55906,17.27484,16.745789,16.508474,15.010593,14.819502,0.0,0.0,0.0,0.0,0.0,0.0,0.0,0.0
1745,2023.0,1.0,13.0,2.0,16.799446,16.757689,15.748507,15.530359,16.556574,16.33711,16.341438,16.141539,15.383905,15.164291,15.552513,15.292583,17.518354,17.23544,16.69228,16.45647,15.001626,14.834119,0.0,0.0,0.0,0.0,0.0,0.0,0.0,0.0
1746,2023.0,1.0,13.0,3.0,16.744375,16.704845,15.700679,15.485282,16.49813,16.281713,16.2816,16.084684,15.339936,15.121777,15.492372,15.234667,17.474401,17.192959,16.634706,16.400587,15.003724,14.866614,0.0,0.0,0.0,0.0,0.0,0.0,0.0,0.0
1747,2023.0,1.0,13.0,3.0,16.693514,16.658699,15.657067,15.447365,16.444956,16.234793,16.227303,16.036669,15.298893,15.0836935,15.437949,15.18519,17.433084,17.154516,16.580742,16.35007,15.659304,16.117294,0.0,0.0,0.0,0.0,0.0,0.0,0.0,4.0
1748,2023.0,1.0,13.0,3.0,16.647335,16.614996,15.615051,15.406336,16.394686,16.185823,16.176235,15.986737,15.261165,15.046145,15.388817,15.13635,17.394669,17.11637,16.531332,16.301117,15.141992,14.985832,0.0,0.0,0.0,0.0,0.0,0.0,0.0,0.0
1749,2023.0,1.0,13.0,3.0,16.613613,16.596119,15.57282,15.365131,16.344454,16.136822,16.125483,15.936972,15.80723,16.10526,15.34056,15.088521,17.356228,17.078178,16.482033,16.252151,15.0085,14.836978,0.0,0.0,0.0,4.0,0.0,0.0,0.0,0.0
1750,2023.0,1.0,13.0,3.0,16.570267,16.5552,15.527917,15.321763,16.2913,16.085484,16.071781,15.884901,15.484007,15.302676,15.58624,15.593552,17.315401,17.038122,16.429714,16.200813,15.013373,14.877929,0.0,0.0,0.0,0.0,4.0,0.0,0.0,0.0
1751,2023.0,1.0,13.0,3.0,16.521307,16.505173,15.482278,15.2754,16.237328,16.031137,16.017448,15.829967,15.270486,15.055829,15.394988,15.15376,17.274065,16.996346,16.377304,16.148113,15.005393,14.897932,0.0,0.0,0.0,0.0,0.0,0.0,0.0,0.0
1752,2023.0,1.0,13.0,4.0,16.473488,16.456947,15.437461,15.229822,16.184908,15.97843,15.964703,15.776754,15.198314,14.981602,15.26044,15.007402,17.233953,16.95615,16.326775,16.097786,15.008136,14.931556,0.0,0.0,0.0,0.0,0.0,0.0,0.0,0.0
1753,2023.0,1.0,13.0,4.0,16.427832,16.412304,15.395626,15.189597,16.135891,15.931288,15.915381,15.7291565,15.146595,14.931153,15.196872,14.945499,17.19577,16.919092,16.278519,16.05079,15.009731,14.952626,0.0,0.0,0.0,0.0,0.0,0.0,0.0,0.0
1754,2023.0,1.0,13.0,4.0,16.38295,16.368402,15.354571,15.150153,16.088123,15.885312,15.867329,15.682765,15.100428,14.886155,15.144731,14.894947,17.15849,16.882921,16.231522,16.005026,15.010531,14.969806,0.0,0.0,0.0,0.0,0.0,0.0,0.0,0.0
1755,2023.0,1.0,13.0,4.0,16.339546,16.326756,15.315727,15.1144905,16.04284,15.843248,15.821817,15.640347,15.057994,14.845623,15.413465,15.443327,17.122513,16.848661,16.18612,15.9614,15.006648,14.975236,0.0,0.0,0.0,0.0,4.0,0.0,0.0,0.0
1756,2023.0,1.0,13.0,4.0,16.297316,16.286861,15.277776,15.079346,15.998528,15.802117,15.777547,15.599047,15.017976,14.807741,15.225632,15.00665,17.087475,16.815626,16.142162,15.919724,15.572888,16.050184,0.0,0.0,0.0,0.0,0.0,0.0,0.0,4.0
1757,2023.0,1.0,13.0,4.0,16.258013,16.248451,15.242777,15.045555,15.957551,15.762729,15.736895,15.559663,15.000675,14.807614,15.114459,14.8724575,17.055122,16.784292,16.101967,15.880664,14.968779,14.906936,0.0,0.0,0.0,0.0,0.0,0.0,0.0,0.0
1758,2023.0,1.0,13.0,5.0,16.21493,16.205976,15.204054,15.008085,15.912633,15.719193,15.692269,15.516179,15.537825,15.843583,15.049769,14.807108,17.019842,16.750032,16.058025,15.837724,15.030752,15.034227,0.0,0.0,0.0,4.0,0.0,0.0,0.0,0.0
1759,2023.0,1.0,13.0,5.0,16.173748,16.166067,15.166336,14.972468,15.869014,15.677809,15.648907,15.474835,15.181481,14.984336,14.997611,14.7622795,16.985617,16.717617,16.015427,15.797042,15.347349,15.612162,0.0,0.0,0.0,0.0,0.0,0.0,0.0,4.0
1760,2023.0,1.0,13.0,5.0,16.133484,16.12707,15.129347,14.937716,15.826422,15.637477,15.606847,15.434702,15.57719,15.88917,15.005823,14.810206,16.952154,16.686026,15.973834,15.757305,15.497917,15.780208,0.0,0.0,0.0,4.0,0.0,0.0,0.0,4.0
1761,2023.0,1.0,13.0,5.0,16.094254,16.088907,15.092981,14.903527,15.784564,15.597833,15.565781,15.395428,15.575162,15.674628,15.004724,14.83324,16.919298,16.655066,15.932909,15.718122,14.951717,14.811158,0.0,0.0,0.0,4.0,0.0,0.0,0.0,0.0
1762,2023.0,1.0,13.0,5.0,16.055723,16.051361,15.057141,14.8698015,15.743301,15.558755,15.525256,15.356789,14.941675,14.636441,15.005391,14.855115,16.886864,16.62446,15.892828,15.679956,15.348497,15.610182,0.0,0.0,0.0,0.0,0.0,0.0,0.0,4.0
1763,2023.0,1.0,13.0,5.0,16.01723,16.014103,15.021675,14.836451,15.702592,15.520177,15.485442,15.31872,15.346901,15.461245,15.005607,14.872872,16.854933,16.594461,15.853269,15.642117,14.961007,14.847679,0.0,0.0,0.0,4.0,0.0,0.0,0.0,0.0
1764,2023.0,1.0,13.0,6.0,15.978589,15.975944,15.000368,14.830051,15.661814,15.480971,15.445434,15.279979,14.9259205,14.659081,15.006375,14.8891735,16.822966,16.563944,15.813978,15.604279,15.029145,15.015937,0.0,0.0,0.0,0.0,0.0,0.0,0.0,0.0
1765,2023.0,1.0,13.0,6.0,20.876268,24.536818,15.002853,14.861388,20.745888,24.339527,20.58795,24.226046,15.024805,14.873836,15.006394,14.902747,20.66554,23.060669,21.144564,24.577528,15.007144,15.009677,0.0,0.0,0.0,0.0,0.0,0.0,0.0,0.0
1766,2023.0,1.0,13.0,6.0,21.012133,24.21054,15.0032835,14.884818,21.010231,24.228073,21.022877,24.411291,15.002347,14.868943,15.172528,15.220816,21.319181,24.001242,21.772554,25.282774,15.009994,15.037511,0.0,0.0,0.0,0.0,4.0,0.0,0.0,0.0
1767,2023.0,1.0,13.0,6.0,21.096207,23.989845,15.004106,14.905447,21.100098,23.987812,21.103659,24.135635,15.006143,14.900637,19.944893,23.049265,21.673986,24.25445,22.57398,26.259014,15.009488,15.049639,0.0,0.0,0.0,0.0,0.0,0.0,0.0,0.0
1768,2023.0,1.0,13.0,6.0,21.08372,23.709057,15.003343,14.916408,21.086529,23.681839,21.090864,23.81985,15.00546,14.916327,17.695799,18.28216,20.987154,22.768068,21.001606,23.113058,15.009211,15.057114,0.0,0.0,0.0,0.0,4.0,0.0,0.0,0.0
1769,2023.0,1.0,13.0,6.0,21.082903,23.52968,15.004171,14.928654,21.08566,23.485332,21.089851,23.615623,15.320482,15.1568,20.26781,23.34111,21.076328,22.816645,21.102577,23.19885,15.887124,15.358566,0.0,0.0,0.0,0.0,0.0,0.0,0.0,0.0
1770,2023.0,1.0,13.0,7.0,21.08089,23.397673,15.004053,14.938585,21.083208,23.339676,21.087418,23.464542,15.593412,15.927675,18.046947,18.544855,21.064394,22.69297,21.07488,23.052969,15.0030575,15.027689,0.0,0.0,0.0,4.0,4.0,0.0,0.0,0.0
1771,2023.0,1.0,13.0,7.0,21.079433,23.29876,15.004844,14.949652,21.081514,23.231304,21.085644,23.352852,20.59605,24.26626,20.297886,23.042166,21.063942,22.615307,21.076529,22.983387,15.898313,15.369581,0.0,0.0,0.0,0.0,0.0,0.0,0.0,0.0
1772,2023.0,1.0,13.0,7.0,21.077017,23.217913,15.004652,14.957826,21.079844,23.147718,21.084047,23.266422,18.049839,18.783283,17.981255,18.200565,21.0626,22.552923,21.037046,22.820446,15.789585,16.484911,0.0,0.0,0.0,4.0,0.0,0.0,4.0,4.0
1773,2023.0,1.0,13.0,7.0,21.076157,23.156094,15.005305,14.967596,21.078535,23.08202,21.08273,23.19843,20.325792,23.347832,16.600073,16.369513,21.061588,22.503708,21.098276,22.89822,20.413675,24.281387,0.0,0.0,0.0,0.0,0.0,0.0,0.0,4.0
1774,2023.0,1.0,13.0,7.0,21.074652,23.105257,15.005601,14.977582,21.077309,23.029001,21.081293,23.142305,17.920115,18.226238,16.634277,16.725742,21.060806,22.464205,21.086863,22.815369,20.053034,23.062004,0.0,0.0,0.0,4.0,4.0,0.0,0.0,0.0
1775,2023.0,1.0,13.0,7.0,21.162136,23.240364,15.811939,16.209894,21.162107,23.15725,21.16157,23.25868,21.090023,24.210182,20.346695,23.189177,21.130161,22.571838,21.182549,22.957245,17.027645,16.863068,0.0,0.0,0.0,0.0,0.0,0.0,0.0,0.0
1776,2023.0,1.0,13.0,8.0,21.07235,23.024979,15.06419,14.945689,21.050917,22.879644,21.054728,22.986917,17.939346,17.821138,18.250645,18.742609,21.059229,22.40219,21.068981,22.720543,15.676382,15.241687,0.0,4.0,4.0,0.0,4.0,0.0,0.0,0.0
1777,2023.0,1.0,13.0,8.0,19.25605,19.509556,15.377696,15.614819,19.68907,20.24455,19.097609,19.234243,16.365345,15.877087,20.336004,22.882998,20.160486,20.624847,19.236618,19.187212,15.550186,15.332322,4.0,4.0,0.0,0.0,0.0,4.0,0.0,0.0
1778,2023.0,1.0,13.0,8.0,18.202343,18.172194,19.883722,23.313574,18.011324,17.550503,17.936544,17.753437,16.18487,15.918407,18.09809,18.289768,19.063225,18.852303,18.27236,18.034801,15.444551,15.262328,0.0,0.0,0.0,0.0,0.0,0.0,0.0,0.0
1779,2023.0,1.0,13.0,8.0,17.806618,17.749462,17.468983,18.020414,17.909393,17.858662,17.498909,17.27319,16.04768,15.821843,16.794432,16.570927,18.270916,17.68656,18.91492,19.578537,16.26223,16.943632,0.0,4.0,0.0,0.0,0.0,0.0,4.0,4.0
1780,2023.0,1.0,13.0,8.0,17.58476,17.51756,16.18141,16.027037,17.255274,16.7341,17.26005,17.02681,15.90318,15.685253,16.484274,16.209747,17.952583,17.329863,17.797419,17.37508,20.083736,23.456062,0.0,0.0,0.0,0.0,0.0,0.0,0.0,0.0
1781,2023.0,1.0,13.0,8.0,17.35901,17.293262,15.804676,15.608287,17.443771,17.419538,17.722692,18.103708,15.745135,15.537456,16.24794,15.981582,18.006594,17.68027,17.136206,16.629837,17.0159,16.977657,0.0,4.0,4.0,0.0,0.0,0.0,0.0,0.0
1782,2023.0,1.0,13.0,9.0,17.196413,17.129097,15.612189,15.402104,16.83994,16.324396,17.51251,17.659054,15.623623,15.418241,16.47457,16.553883,18.774397,19.22793,16.9033,16.392904,15.929413,15.472061,0.0,0.0,4.0,0.0,4.0,4.0,0.0,0.0
1783,2023.0,1.0,13.0,9.0,17.814356,18.423946,15.940592,16.139505,17.183933,17.18057,16.69708,16.241241,15.514752,15.31773,20.220413,23.007963,17.863369,17.38015,18.046726,18.750149,15.829739,15.595636,4.0,4.0,0.0,0.0,0.0,0.0,4.0,0.0
1784,2023.0,1.0,13.0,9.0,18.01405,18.686302,20.242311,23.713268,17.314785,17.401672,16.245424,15.700098,15.399733,15.205391,17.959972,18.228474,18.153889,18.281704,17.195839,16.809755,15.678883,15.48453,4.0,4.0,0.0,0.0,0.0,4.0,0.0,0.0
1785,2023.0,1.0,13.0,9.0,17.67624,18.036772,20.038548,22.774788,17.256422,17.357222,16.74024,16.807589,16.02876,16.478664,16.916842,17.010204,17.619509,17.14144,16.621613,16.156809,16.474129,17.156168,4.0,4.0,4.0,4.0,4.0,0.0,0.0,4.0
1786,2023.0,1.0,13.0,9.0,17.513474,17.856943,20.145393,22.660093,17.196035,17.308388,16.246452,15.817778,20.683601,24.16738,20.302227,22.957111,18.029634,18.186607,16.421518,15.961552,20.407797,23.78819,0.0,4.0,0.0,0.0,0.0,4.0,0.0,0.0
1787,2023.0,1.0,13.0,9.0,17.457842,17.811949,17.926382,18.1406,17.140905,17.263573,15.873628,15.360273,17.540264,17.58822,18.365162,18.842756,18.196976,18.350374,16.492485,16.26135,17.355057,17.3466,4.0,4.0,0.0,0.0,4.0,4.0,0.0,0.0
1788,2023.0,1.0,13.0,10.0,16.757452,16.543201,20.26125,22.5982,17.098213,17.229645,16.73676,17.123375,16.268028,15.764083,20.378794,22.446356,17.509474,17.053196,16.469826,16.265495,17.103329,17.437944,4.0,4.0,4.0,0.0,0.0,0.0,0.0,4.0
1789,2023.0,1.0,13.0,10.0,17.086527,17.411375,20.045837,22.013226,17.05532,17.198738,16.22014,15.92677,16.885445,17.305132,18.31681,18.429916,17.92416,18.095222,16.393263,16.194235,20.368752,23.222534,4.0,4.0,0.0,4.0,0.0,4.0,0.0,0.0
1790,2023.0,1.0,13.0,10.0,17.251823,17.635664,20.102365,22.024302,16.36251,15.951115,15.730308,15.265666,20.34857,23.237719,17.115541,16.85619,17.415546,16.975698,17.335876,18.036425,18.19804,18.663757,0.0,0.0,0.0,0.0,0.0,0.0,4.0,4.0
1791,2023.0,1.0,13.0,10.0,17.243654,17.635027,18.26686,18.401428,16.66431,16.758293,16.258436,16.382256,17.598434,17.51487,16.754393,16.483707,17.060122,16.553465,16.538633,16.19787,20.346928,22.9843,4.0,4.0,4.0,0.0,0.0,0.0,0.0,4.0
1792,2023.0,1.0,13.0,10.0,17.220741,17.611757,20.249546,22.494364,16.852804,17.031372,16.50067,16.712942,16.922869,17.096767,16.922306,17.009062,16.933922,16.426376,17.131819,17.659845,20.062939,22.251986,0.0,4.0,4.0,4.0,4.0,0.0,4.0,0.0
1793,2023.0,1.0,13.0,10.0,17.209066,17.61463,17.961603,17.860144,16.850903,17.041891,16.526222,16.748232,21.919552,25.455097,20.435183,22.963291,17.927723,18.419634,16.453886,16.113686,17.639814,17.451593,0.0,4.0,4.0,4.0,0.0,4.0,0.0,0.0
1794,2023.0,1.0,13.0,11.0,17.201775,17.614424,17.340536,17.514277,16.837885,17.037804,16.534536,16.762688,19.869732,21.656805,18.186077,18.415186,17.281597,16.875072,16.03559,15.639894,16.45801,16.027235,4.0,4.0,4.0,0.0,0.0,0.0,0.0,0.0
1795,2023.0,1.0,13.0,11.0,16.537388,16.391273,20.245705,22.76404,16.166069,15.80685,15.871508,15.531052,18.302818,18.557201,16.91272,16.710821,17.674736,17.897627,15.907831,15.515026,16.269812,16.03789,4.0,0.0,0.0,4.0,0.0,4.0,0.0,0.0
1796,2023.0,1.0,13.0,11.0,16.148642,15.890603,20.060112,22.133196,16.49077,16.640015,15.516358,15.086163,20.31621,22.480757,16.566519,16.324291,17.15776,16.730955,17.127296,17.925257,16.11419,15.919332,0.0,4.0,0.0,4.0,0.0,0.0,4.0,0.0
1797,2023.0,1.0,13.0,11.0,16.74675,17.131615,17.900652,17.831047,16.699993,16.933994,15.39377,14.968483,20.058142,21.88368,16.367281,16.133097,17.640373,17.874334,17.357828,17.923395,16.883083,17.541735,0.0,4.0,0.0,0.0,0.0,4.0,4.0,4.0
1798,2023.0,1.0,13.0,11.0,16.98356,17.430817,16.907892,16.72214,16.715166,16.961359,15.522286,15.325259,17.95294,17.743687,16.215004,15.991129,17.883314,18.127802,16.388168,16.08108,20.356361,23.458899,0.0,4.0,0.0,0.0,0.0,4.0,0.0,0.0
1799,2023.0,1.0,13.0,11.0,16.358644,16.250458,16.639494,16.459074,16.057209,15.741557,16.299063,16.79325,16.840555,16.377472,16.083244,15.868824,17.935202,18.183622,15.972084,15.605973,17.494764,17.48278,0.0,0.0,4.0,0.0,0.0,4.0,0.0,0.0
1800,2023.0,1.0,13.0,12.0,16.050198,15.807672,16.931532,17.162683,15.758469,15.338252,15.888264,15.891432,16.742867,16.488379,15.98448,15.774778,17.976791,18.232292,15.85882,15.491584,16.46756,16.041393,4.0,0.0,0.0,0.0,0.0,4.0,0.0,0.0
1801,2023.0,1.0,13.0,12.0,20.722908,24.01621,20.2141,23.015585,21.033306,24.615582,20.307915,23.606342,17.402279,17.889296,15.893445,15.689323,20.677345,22.921675,21.452507,25.134306,16.353664,16.137442,4.0,4.0,0.0,4.0,0.0,0.0,4.0,0.0
1802,2023.0,1.0,13.0,12.0,21.873755,25.538042,20.054514,22.336416,21.101152,24.13203,21.100384,24.484398,20.325417,22.876339,16.223366,16.3978,21.913311,24.73355,21.749226,25.327559,16.186527,15.99634,0.0,4.0,0.0,4.0,4.0,4.0,0.0,0.0
1803,2023.0,1.0,13.0,12.0,21.017069,23.62949,18.066751,18.271387,21.10011,23.774197,21.131166,24.151283,20.774574,23.28383,20.360785,23.31235,21.004019,22.780663,22.100185,25.556725,16.002974,15.821809,4.0,4.0,0.0,4.0,0.0,4.0,4.0,0.0
1804,2023.0,1.0,13.0,12.0,21.934687,24.948826,20.2312,22.66221,21.139889,23.612095,21.13035,23.86814,19.930998,21.501537,17.959942,18.290714,21.99318,24.33729,21.037666,23.198477,15.8553,15.683495,0.0,4.0,4.0,4.0,0.0,4.0,4.0,0.0
1805,2023.0,1.0,13.0,12.0,20.923887,22.944477,18.25829,18.52564,21.078833,23.320686,21.092455,23.631105,20.074814,21.696487,16.590271,16.437098,20.944798,22.253977,21.111938,23.218798,15.734171,15.57066,4.0,4.0,0.0,4.0,0.0,4.0,0.0,0.0
1806,2023.0,1.0,13.0,13.0,21.167568,23.354198,20.238146,22.621014,21.15598,23.371479,21.149998,23.576744,20.05308,21.585714,16.290882,16.08706,21.138662,22.606995,22.628038,25.63094,16.6691,17.439991,0.0,0.0,0.0,4.0,0.0,0.0,0.0,4.0
1807,2023.0,1.0,13.0,13.0,21.066244,23.091356,17.99333,18.00287,21.06971,23.081997,21.076546,23.286762,20.053936,21.534178,16.129194,15.927408,21.068846,22.413961,20.874052,22.338284,20.363853,23.63799,0.0,4.0,4.0,4.0,0.0,0.0,0.0,0.0
1808,2023.0,1.0,13.0,13.0,21.067575,23.04452,17.359037,17.601088,21.07359,23.019747,21.079426,23.204601,20.052807,21.489775,16.011023,15.815222,21.06988,22.370934,21.114992,22.810728,17.410276,17.399057,4.0,4.0,4.0,4.0,0.0,0.0,0.0,0.0
1809,2023.0,1.0,13.0,13.0,21.161364,23.190874,20.299322,22.841894,21.160515,23.140232,21.16306,23.32391,20.051777,21.453749,15.906641,15.713884,21.131063,22.486208,21.18603,22.965101,17.012312,17.514612,0.0,4.0,0.0,4.0,0.0,0.0,0.0,4.0
1810,2023.0,1.0,13.0,13.0,21.090609,23.029697,18.580011,19.201357,21.070103,22.914238,21.070894,23.061483,20.080355,21.504223,15.821605,15.636055,21.05418,22.318855,21.069145,22.726192,20.368015,23.317665,4.0,4.0,4.0,0.0,0.0,0.0,0.0,0.0
1811,2023.0,1.0,13.0,13.0,21.147078,23.107246,20.26503,22.60419,21.150154,23.039787,21.153467,23.202656,18.273207,18.006275,15.746177,15.565306,21.122606,22.443796,21.175945,22.933193,17.599854,17.547382,4.0,4.0,0.0,0.0,0.0,0.0,0.0,0.0
1812,2023.0,1.0,13.0,14.0,21.055086,22.872639,20.029974,21.94665,21.091518,22.910473,21.090252,23.035992,17.270052,16.78458,15.679288,15.502534,21.05206,22.289389,21.065338,22.701597,16.29747,15.934005,4.0,0.0,0.0,0.0,0.0,0.0,0.0,0.0
1813,2023.0,1.0,13.0,14.0,19.063679,19.065323,20.093296,21.953442,19.492111,19.786085,19.692394,20.323719,17.141031,16.8913,15.624536,15.45531,19.679842,19.638073,19.318651,19.331142,16.162281,15.980277,0.0,4.0,4.0,0.0,0.0,0.0,0.0,0.0
1814,2023.0,1.0,13.0,14.0,17.966202,17.703129,18.11908,18.078909,18.067451,17.691135,18.126272,17.885765,17.740353,18.176308,15.962731,16.137981,19.716284,20.166733,19.384054,20.084578,16.057854,15.906318,0.0,0.0,0.0,4.0,4.0,4.0,4.0,0.0
1815,2023.0,1.0,13.0,14.0,18.321321,18.630663,17.867044,18.05502,18.218893,18.293568,18.145428,18.260159,21.135115,23.894115,20.283073,23.487787,18.781982,18.378408,18.269876,17.959427,15.944356,15.799165,4.0,4.0,4.0,0.0,0.0,0.0,0.0,0.0
1816,2023.0,1.0,13.0,14.0,18.369349,18.755882,20.233234,22.425617,17.595898,17.221188,17.457037,17.10769,18.693226,18.712261,17.881332,18.285027,18.238806,17.747002,17.593988,17.181574,15.821131,15.683932,0.0,0.0,0.0,0.0,0.0,0.0,0.0,0.0
1817,2023.0,1.0,13.0,14.0,17.573885,17.389175,18.752827,19.343533,17.766886,17.885601,17.608913,17.75625,17.837076,18.03543,16.45759,16.341663,18.774387,18.959146,17.30086,16.891167,15.707623,15.575666,4.0,4.0,4.0,4.0,0.0,4.0,0.0,0.0
1818,2023.0,1.0,13.0,15.0,17.931742,18.290377,20.210274,22.140488,17.18617,16.84284,17.01388,16.695087,20.351145,22.426298,16.203474,16.026573,18.896858,19.120941,17.306067,17.093397,15.620896,15.492052,4.0,0.0,0.0,0.0,0.0,4.0,0.0,0.0
1819,2023.0,1.0,13.0,15.0,18.043537,18.471584,20.04427,21.710142,17.427408,17.576315,16.573606,16.16873,18.689152,19.018648,16.04372,15.865528,18.870302,19.096521,17.221024,17.043646,15.529569,15.405092,4.0,4.0,0.0,4.0,0.0,4.0,0.0,0.0
1820,2023.0,1.0,13.0,15.0,17.281237,17.116175,20.069876,21.690239,16.91282,16.584856,16.360834,15.958006,20.332481,22.266006,15.922657,15.74792,18.168533,17.801989,17.085012,16.91685,15.443955,15.322323,4.0,0.0,0.0,0.0,0.0,0.0,0.0,0.0
1821,2023.0,1.0,13.0,15.0,16.87735,16.638695,20.065508,21.630463,16.5146,16.09893,16.402462,16.21922,18.201376,18.040703,15.821182,15.650827,17.764397,17.312965,16.955837,16.793211,15.365458,15.246351,4.0,0.0,0.0,0.0,0.0,0.0,0.0,0.0
1822,2023.0,1.0,13.0,15.0,17.45014,17.867142,20.082634,21.640476,16.334587,15.91704,16.369427,16.232836,17.102478,16.675388,15.732665,15.566225,18.38483,18.63562,16.837217,16.677858,15.291066,15.170724,0.0,0.0,0.0,0.0,0.0,4.0,0.0,0.0
1823,2023.0,1.0,13.0,15.0,16.937445,16.804432,18.301052,18.200155,17.131575,17.564936,16.27069,16.143547,16.96483,16.738401,15.657054,15.497389,17.851557,17.471838,16.732422,16.578808,15.223433,15.104262,0.0,4.0,0.0,0.0,0.0,0.0,0.0,0.0
1824,2023.0,1.0,13.0,16.0,17.377771,17.792173,18.130245,18.311909,17.4094,17.979027,16.917734,17.434086,17.610067,18.078627,15.596763,15.439877,17.56954,17.11536,16.646458,16.495176,16.085316,16.77386,4.0,4.0,4.0,4.0,0.0,0.0,0.0,4.0
1825,2023.0,1.0,13.0,16.0,16.82789,16.724491,20.21491,22.170277,16.600674,16.412155,17.101198,17.679937,20.299618,22.69805,15.947715,16.154598,17.446758,16.99373,16.563345,16.411316,20.344809,24.001146,4.0,0.0,4.0,4.0,4.0,0.0,0.0,4.0
1826,2023.0,1.0,13.0,16.0,17.180294,17.602924,20.04282,21.677944,16.783016,16.998703,16.27585,16.077621,20.999493,23.429146,20.462654,23.64356,17.554127,17.32815,16.47483,16.322477,20.761816,24.076038,4.0,4.0,0.0,0.0,4.0,0.0,0.0,0.0
1827,2023.0,1.0,13.0,16.0,16.710936,16.611624,20.067463,21.634594,16.940752,17.213335,16.491407,16.731337,18.721062,18.676155,20.015404,22.536762,18.31322,18.782103,16.391537,16.238394,17.736216,17.78307,4.0,4.0,4.0,0.0,0.0,4.0,0.0,0.0
1828,2023.0,1.0,13.0,16.0,17.075369,17.49805,20.063547,21.563328,16.936155,17.20717,16.057152,15.829686,17.213434,16.778372,18.17056,18.65195,18.35312,18.617773,16.314392,16.160213,16.211933,15.8878,4.0,4.0,0.0,0.0,4.0,4.0,0.0,0.0
1829,2023.0,1.0,13.0,16.0,17.264263,17.730633,20.15664,21.704256,16.266283,15.96916,16.371752,16.606802,17.022219,16.787714,20.307056,22.773914,17.578964,17.179535,16.242754,16.08754,15.9978,15.822194,4.0,0.0,4.0,0.0,4.0,0.0,0.0,0.0
1830,2023.0,1.0,13.0,17.0,17.269735,17.731075,20.06256,21.478756,16.59541,16.804396,15.925234,15.669899,16.87997,16.677895,20.049122,22.008867,18.035751,18.296103,16.174566,16.017488,15.8507805,15.696547,4.0,4.0,0.0,0.0,0.0,4.0,0.0,0.0
1831,2023.0,1.0,13.0,17.0,17.26365,17.719479,20.06244,21.45165,16.77412,17.036034,16.265808,16.494432,17.45207,17.921207,17.90143,17.709,17.482927,17.082335,16.112192,15.954959,16.648409,17.348755,4.0,4.0,4.0,4.0,0.0,0.0,0.0,4.0
1832,2023.0,1.0,13.0,17.0,16.59803,16.483309,20.080055,21.47927,16.77443,17.034685,16.461569,16.74604,20.322636,22.858427,16.956135,16.711636,17.928225,18.169815,16.05248,15.8941345,20.363676,23.658073,0.0,4.0,4.0,0.0,0.0,4.0,0.0,0.0
1833,2023.0,1.0,13.0,17.0,16.211777,15.979162,18.366623,18.18295,16.759794,17.014217,15.864108,15.62041,18.40769,18.75025,16.729162,16.508228,17.40002,16.998152,15.996109,15.836925,18.016613,18.581882,0.0,4.0,0.0,4.0,0.0,0.0,0.0,4.0
1834,2023.0,1.0,13.0,17.0,16.815916,17.20342,18.235142,18.35677,16.741915,16.991007,15.54548,15.147872,20.375189,22.324312,16.55379,16.335386,17.913189,18.1334,15.947337,15.786649,20.420296,22.931738,4.0,4.0,0.0,0.0,0.0,4.0,0.0,0.0
1835,2023.0,1.0,13.0,17.0,17.044487,17.484652,20.207361,22.001623,16.721483,16.965435,16.091763,16.284267,18.12425,17.921228,16.363518,16.150232,17.379585,16.960548,15.895935,15.734806,18.385725,18.872812,4.0,4.0,4.0,0.0,0.0,0.0,0.0,4.0
1836,2023.0,1.0,13.0,18.0,16.411247,16.283443,20.043598,21.54929,16.699087,16.937946,16.331232,16.599194,16.97501,16.49441,16.190928,15.982414,17.035738,16.560856,15.845641,15.683559,20.32822,22.828764,4.0,4.0,4.0,0.0,0.0,0.0,0.0,0.0
1837,2023.0,1.0,13.0,18.0,21.230371,24.897495,20.066898,21.519945,21.195032,24.765043,20.418922,23.633278,16.857042,16.614534,16.039764,15.8342,20.941393,23.367884,21.612896,25.528433,18.415133,18.855408,4.0,4.0,0.0,0.0,0.0,0.0,4.0,4.0
1838,2023.0,1.0,13.0,18.0,21.017504,23.946228,20.063726,21.463444,21.025812,23.923288,21.118435,24.370136,16.741282,16.527166,16.330221,16.499958,21.855974,24.731138,21.663837,24.952547,20.311682,22.684986,4.0,4.0,0.0,0.0,4.0,4.0,4.0,4.0
1839,2023.0,1.0,13.0,18.0,21.087502,23.7371,20.06413,21.42784,21.094404,23.712929,21.105862,23.945763,16.575556,16.36807,20.411507,23.359743,20.953833,22.723349,22.360645,25.858187,21.226355,23.87624,4.0,4.0,0.0,0.0,0.0,4.0,0.0,0.0
1840,2023.0,1.0,13.0,18.0,21.076475,23.484848,20.062958,21.395351,21.08277,23.454967,21.08603,23.67704,16.431868,16.230337,17.964127,18.260363,21.096743,22.843534,21.192322,23.490982,17.842249,17.600454,4.0,4.0,0.0,0.0,0.0,0.0,0.0,0.0
1841,2023.0,1.0,13.0,18.0,21.072317,23.317019,20.080605,21.420774,21.078268,23.280565,21.059244,23.443213,16.304527,16.10531,16.559704,16.362597,21.074165,22.657475,21.116169,23.199446,16.681164,16.187523,0.0,4.0,4.0,0.0,0.0,0.0,0.0,0.0
1842,2023.0,1.0,13.0,19.0,21.09872,23.270252,18.334587,18.060883,21.079443,23.159494,21.089588,23.407059,16.194622,15.996692,16.261118,16.048763,21.07699,22.55481,21.072947,23.04461,16.54994,16.321507,0.0,4.0,0.0,0.0,0.0,0.0,0.0,0.0
1843,2023.0,1.0,13.0,19.0,21.0922,23.16274,18.018461,18.137241,21.077951,23.063932,21.10421,23.304276,16.09038,15.890571,16.080782,15.866373,21.02843,22.39497,21.073103,22.986427,16.400978,16.20043,4.0,4.0,0.0,0.0,0.0,4.0,0.0,0.0
1844,2023.0,1.0,13.0,19.0,21.091467,23.086536,20.23005,22.161987,21.07662,22.989145,21.100756,23.199173,15.995073,15.792777,16.305706,16.415005,21.05269,22.37726,21.075062,22.943554,16.207056,16.014112,4.0,4.0,0.0,0.0,4.0,4.0,0.0,0.0
1845,2023.0,1.0,13.0,19.0,21.044973,22.955223,20.043756,21.606201,21.075525,22.929173,21.07826,23.121208,16.665289,17.128515,20.477055,23.399994,21.049349,22.322018,21.074158,22.900595,16.03673,15.849,4.0,4.0,0.0,4.0,4.0,4.0,0.0,0.0
1846,2023.0,1.0,13.0,19.0,21.071941,22.953112,20.069567,21.543531,21.09899,22.946968,21.079891,23.091013,21.496258,25.22039,20.04265,22.315516,21.049047,22.28235,21.073458,22.864359,15.888838,15.706168,4.0,0.0,0.0,0.0,0.0,4.0,0.0,0.0
1847,2023.0,1.0,13.0,19.0,21.067528,22.901873,20.08295,21.507334,21.0931,22.888876,21.078705,23.058527,18.129234,18.068281,17.874004,17.838804,21.04853,22.249006,21.072895,22.83338,15.755143,15.569384,0.0,0.0,0.0,0.0,4.0,4.0,0.0,0.0
1848,2023.0,1.0,13.0,20.0,21.09367,22.936829,18.213951,17.870914,21.06857,22.780651,21.078375,23.031136,16.406021,15.899801,20.378922,22.69264,21.048027,22.22063,21.072308,22.806263,15.635586,15.44824,0.0,4.0,0.0,0.0,0.0,4.0,0.0,0.0
1849,2023.0,1.0,13.0,20.0,21.087898,22.888597,17.45796,17.15455,21.072691,22.760973,21.07741,23.00466,16.32718,16.081402,17.828773,17.582907,21.077147,22.27356,21.071703,22.78219,16.490444,17.1536,0.0,4.0,0.0,0.0,0.0,0.0,0.0,4.0
1850,2023.0,1.0,13.0,20.0,21.08717,22.85605,17.707914,17.82488,21.096245,22.804201,21.052696,22.914137,16.989395,17.409695,16.74851,16.470028,21.042036,22.156837,21.071093,22.760525,20.37487,23.640984,4.0,0.0,4.0,4.0,0.0,4.0,0.0,4.0
1851,2023.0,1.0,13.0,20.0,21.065952,22.827362,20.241037,22.378021,21.090542,22.76635,21.081152,22.974874,20.419924,23.11512,16.544292,16.287138,21.076668,22.227467,21.070581,22.741175,20.054235,22.598497,4.0,0.0,0.0,0.0,0.0,0.0,0.0,0.0
1852,2023.0,1.0,13.0,20.0,21.041632,22.76125,20.041758,21.726986,21.065887,22.673498,21.073109,22.876019,17.636581,17.400673,16.331856,16.076223,21.070673,22.192644,21.031622,22.620483,17.363792,17.117525,4.0,4.0,4.0,0.0,0.0,0.0,4.0,0.0
1853,2023.0,1.0,13.0,20.0,21.06698,22.774536,20.07117,21.632195,21.069862,22.6658,21.09938,22.905336,16.29205,15.733166,16.146135,15.890119,21.069967,22.170507,21.09677,22.734016,16.107065,15.598857,4.0,4.0,0.0,0.0,0.0,0.0,0.0,0.0
1854,2023.0,1.0,13.0,21.0,21.063068,22.742077,20.082903,21.56993,21.068085,22.649803,21.091265,22.853186,16.311024,16.083809,15.988645,15.734256,21.018986,22.07142,21.08181,22.66734,16.072754,15.869503,0.0,4.0,0.0,0.0,0.0,4.0,0.0,0.0
1855,2023.0,1.0,13.0,21.0,21.064472,22.72518,18.49129,18.429304,21.069553,22.639727,21.047222,22.760569,16.238104,16.012033,15.859239,15.613663,21.048346,22.109608,21.08551,22.6411,15.967534,15.774414,4.0,4.0,4.0,0.0,0.0,4.0,0.0,0.0
1856,2023.0,1.0,13.0,21.0,21.153004,22.904665,20.235172,22.028595,21.155102,22.816725,21.156849,22.963295,16.84984,17.281439,15.730477,15.480424,21.12188,22.24279,21.173374,22.82628,15.810189,15.611124,0.0,0.0,0.0,4.0,0.0,4.0,0.0,0.0
1857,2023.0,1.0,13.0,21.0,21.058352,22.67164,18.177158,17.87589,21.063879,22.594398,21.09289,22.803732,20.427498,23.260944,15.616638,15.367377,21.045322,22.075418,21.068169,22.614607,15.670601,15.470389,0.0,4.0,0.0,0.0,0.0,4.0,0.0,0.0
1858,2023.0,1.0,13.0,21.0,21.06351,22.665665,17.754486,17.835882,21.069447,22.592989,21.046291,22.712574,17.528515,17.283356,15.512156,15.261517,21.07527,22.142496,21.06801,22.613127,16.506395,17.153236,4.0,4.0,4.0,0.0,0.0,0.0,0.0,4.0
1859,2023.0,1.0,13.0,21.0,21.08938,22.7229,20.23892,22.31418,21.068794,22.580832,21.07731,22.742168,16.90059,16.987963,15.4117365,15.156164,21.040329,22.035414,21.067835,22.609026,20.396254,23.646122,4.0,4.0,4.0,4.0,0.0,4.0,0.0,4.0
1860,2023.0,1.0,13.0,22.0,21.149658,22.82432,20.062386,21.73838,21.0936,22.638227,21.07317,22.710783,20.46494,23.038012,15.320364,15.062089,21.126408,22.198566,21.06776,22.603514,20.056442,22.584538,0.0,0.0,4.0,0.0,0.0,4.0,0.0,0.0
1861,2023.0,1.0,13.0,22.0,21.083368,22.670324,18.016426,17.676527,21.087957,22.609705,21.097681,22.75898,17.669771,17.372236,15.243648,14.988044,21.074587,22.103315,21.067495,22.596972,17.96318,18.222065,0.0,0.0,0.0,0.0,0.0,0.0,0.0,4.0
1862,2023.0,1.0,13.0,22.0,21.061594,22.654367,17.65172,17.723192,21.088108,22.59315,21.067627,22.65683,16.313734,15.708889,15.172263,14.917653,21.069534,22.078037,21.067343,22.590351,20.439962,22.97242,4.0,0.0,4.0,0.0,0.0,0.0,0.0,0.0
1863,2023.0,1.0,13.0,22.0,21.167791,22.882881,20.2448,22.405975,21.03947,22.508656,21.09706,22.718666,16.30302,16.025936,15.102617,14.846938,21.130465,22.185839,21.067104,22.58317,17.600782,17.300934,0.0,4.0,0.0,0.0,0.0,0.0,0.0,0.0
1864,2023.0,1.0,13.0,22.0,21.063736,22.682241,18.730383,19.186668,21.072487,22.617474,21.09109,22.688251,16.24733,15.999656,15.040323,14.7865,21.048983,22.049328,21.066902,22.575811,16.26536,15.701437,4.0,0.0,0.0,0.0,0.0,0.0,0.0,0.0
1865,2023.0,1.0,13.0,22.0,22.03448,24.271648,20.271137,22.254232,21.254877,22.887331,21.285387,22.94128,16.099915,15.854471,15.283459,15.292778,21.631924,23.018225,21.398344,23.048033,16.198261,15.946937,0.0,0.0,0.0,0.0,4.0,4.0,0.0,0.0
1866,2023.0,1.0,13.0,23.0,21.117977,22.628422,18.024456,17.695045,21.162357,22.742517,21.084997,22.622433,15.970636,15.727981,20.387302,23.74345,21.128468,22.149162,21.070723,22.445307,16.097904,15.878419,0.0,0.0,0.0,0.0,4.0,0.0,0.0,0.0
1867,2023.0,1.0,13.0,23.0,19.478493,19.607637,17.121033,16.79736,19.488934,19.543644,19.890524,20.364796,16.410446,16.653437,17.891508,18.483232,19.38866,18.799042,19.369411,19.241356,15.929504,15.715475,0.0,0.0,4.0,4.0,4.0,0.0,0.0,0.0
1868,2023.0,1.0,13.0,23.0,18.366547,17.823242,16.980007,16.68808,18.665384,18.366112,18.789968,18.58783,16.019333,15.827243,16.527443,16.301077,18.733744,17.961637,18.715183,18.422358,15.800835,15.5844755,0.0,0.0,0.0,0.0,0.0,0.0,0.0,0.0
1869,2023.0,1.0,13.0,23.0,17.898418,17.301714,16.819887,16.528507,18.998499,19.28431,17.851534,17.11729,15.802128,15.56418,16.49804,16.500326,18.838625,18.464893,18.389215,18.10101,15.680726,15.465009,0.0,4.0,0.0,0.0,4.0,0.0,0.0,0.0
1870,2023.0,1.0,13.0,23.0,18.006565,17.821514,16.676962,16.38787,18.334543,18.124147,18.086147,17.896126,15.701268,15.462326,16.418842,16.4358,19.540014,19.931015,18.128191,17.850538,15.572675,15.3583355,0.0,0.0,4.0,0.0,4.0,4.0,0.0,0.0
1871,2023.0,1.0,13.0,23.0,17.91302,17.795897,16.547863,16.262142,17.534126,16.823473,17.409431,16.752863,15.613634,15.375997,15.719305,15.183584,18.508438,17.880157,17.905476,17.638794,15.472918,15.26036,0.0,0.0,0.0,0.0,0.0,0.0,0.0,0.0
1872,2023.0,1.0,14.0,0.0,17.737476,17.613674,16.415827,16.119362,17.125553,16.324821,16.96434,16.191954,15.527738,15.284594,15.612906,15.237044,18.046162,17.307365,17.693958,17.421606,15.373553,15.155476,0.0,0.0,0.0,0.0,4.0,0.0,0.0,0.0
1873,2023.0,1.0,14.0,0.0,17.602617,17.49956,16.320238,16.040796,17.297783,16.913727,17.850286,18.11934,16.01884,16.270744,15.532156,15.180716,18.22475,17.868345,17.52754,17.26974,15.293895,15.083663,0.0,0.0,4.0,4.0,4.0,0.0,0.0,0.0
1874,2023.0,1.0,14.0,0.0,17.467642,17.371725,16.222134,15.948294,17.26585,16.967136,17.110624,16.651573,15.618903,15.404946,15.145009,14.558957,18.197535,17.891045,17.3682,17.113909,15.21549,15.007502,0.0,0.0,0.0,0.0,0.0,0.0,0.0,0.0
1875,2023.0,1.0,14.0,0.0,17.342329,17.250889,16.129871,15.860274,17.141037,16.852163,16.597237,15.909498,15.710152,15.686044,15.218728,14.913347,18.094341,17.791487,17.222197,16.969353,15.869828,16.305029,0.0,0.0,0.0,4.0,0.0,0.0,0.0,4.0
1876,2023.0,1.0,14.0,0.0,17.229473,17.144272,16.045324,15.781463,17.021852,16.74098,16.379412,15.688733,15.22047,14.744973,15.217378,14.956226,17.996931,17.697289,17.09157,16.842058,15.32834,15.138043,0.0,0.0,0.0,0.0,0.0,0.0,0.0,0.0
1877,2023.0,1.0,14.0,0.0,17.123041,17.041317,15.96473,15.704713,16.907478,16.631693,16.592228,16.292881,14.987635,14.490414,15.446029,15.455625,17.904604,17.606243,16.970238,16.721695,14.973879,14.646395,0.0,0.0,0.0,0.0,4.0,0.0,0.0,0.0
1878,2023.0,1.0,14.0,1.0,17.011429,16.933979,15.879712,15.623877,16.786507,16.516264,16.585745,16.334045,15.160189,14.94345,15.212853,14.969494,17.808737,17.51297,16.845116,16.599083,15.023548,14.80498,0.0,0.0,0.0,0.0,0.0,0.0,0.0,0.0
1879,2023.0,1.0,14.0,1.0,16.915514,16.84892,15.806229,15.560049,17.410439,17.790627,16.490383,16.253263,15.726234,16.000313,15.055649,14.81283,17.725487,17.436651,16.736383,16.498093,15.001631,14.826605,0.0,4.0,0.0,4.0,0.0,0.0,0.0,0.0
1880,2023.0,1.0,14.0,1.0,16.823427,16.761354,15.734204,15.492797,16.986944,16.864334,16.389652,16.159126,15.42587,15.252143,15.002064,14.795929,17.646366,17.360004,16.634201,16.39851,15.007014,14.883235,0.0,0.0,0.0,0.0,0.0,0.0,0.0,0.0
1881,2023.0,1.0,14.0,1.0,16.738735,16.680916,15.667302,15.430536,16.272259,15.675031,16.295576,16.07069,14.960492,14.582558,15.008384,14.853368,17.574205,17.290192,16.54098,16.307705,15.006861,14.917913,0.0,0.0,0.0,0.0,0.0,0.0,0.0,0.0
1882,2023.0,1.0,14.0,1.0,16.659988,16.606194,15.60468,15.372286,15.984141,15.347286,16.20827,15.988449,15.348496,15.370881,15.008271,14.886642,17.508032,17.226456,16.455297,16.22421,15.00774,14.947136,0.0,0.0,0.0,4.0,0.0,0.0,0.0,0.0
1883,2023.0,1.0,14.0,1.0,16.590508,16.54397,15.548975,15.32373,16.915009,17.259773,16.13114,15.920046,15.4951315,15.532923,15.007972,14.912788,17.449438,17.172697,16.37944,16.15362,15.007876,14.970117,0.0,4.0,0.0,4.0,0.0,0.0,0.0,0.0
1884,2023.0,1.0,14.0,2.0,16.522177,16.478853,15.493715,15.272441,16.668337,16.577942,16.055418,15.848741,14.953375,14.610904,15.008481,14.934765,17.392773,17.118006,16.306744,16.082771,15.007789,14.989011,0.0,0.0,0.0,0.0,0.0,0.0,0.0,0.0
1885,2023.0,1.0,14.0,2.0,17.2476,17.902893,15.442228,15.225737,16.01425,15.480084,15.985734,15.784542,15.026355,14.79733,15.008602,14.952246,17.340586,17.068708,16.239994,16.018978,15.008769,15.006997,0.0,0.0,0.0,0.0,0.0,0.0,0.0,0.0
1886,2023.0,1.0,14.0,2.0,16.794413,16.849003,15.392527,15.180016,15.738538,15.150819,15.919241,15.722432,15.0009165,14.800628,15.117036,15.162826,17.291092,17.02159,16.176397,15.957571,15.008865,15.021535,0.0,0.0,0.0,0.0,4.0,0.0,0.0,0.0
1887,2023.0,1.0,14.0,2.0,16.16095,15.8143015,15.345092,15.136203,15.940901,15.679025,15.85633,15.66351,15.005584,14.847085,14.984534,14.922545,17.24383,16.976454,16.11618,15.899522,15.539347,16.027868,0.0,0.0,0.0,0.0,0.0,0.0,0.0,4.0
1888,2023.0,1.0,14.0,2.0,15.943435,15.577492,15.300371,15.095876,15.993252,15.779518,15.798069,15.609883,15.0053,14.875697,15.095207,15.145115,17.1994,16.93494,16.05975,15.845894,14.971512,14.903847,0.0,0.0,0.0,0.0,4.0,0.0,0.0,0.0
1889,2023.0,1.0,14.0,2.0,16.922344,17.547836,15.257823,15.05784,15.953045,15.749666,15.743013,15.559741,15.005564,14.899462,14.99114,14.955806,17.157059,16.895666,16.00636,15.795709,15.0326395,15.049344,0.0,0.0,0.0,0.0,0.0,0.0,0.0,0.0
1890,2023.0,1.0,14.0,3.0,16.319517,16.112972,15.215712,15.0191965,15.902381,15.703831,15.688929,15.509223,15.005985,14.919353,15.080688,15.135168,17.115778,16.85665,15.954258,15.745672,15.015645,15.027452,0.0,0.0,0.0,0.0,4.0,0.0,0.0,0.0
1891,2023.0,1.0,14.0,3.0,15.868194,15.532084,15.1757,14.983086,15.851967,15.657873,15.637347,15.461482,15.463299,15.792047,15.127418,15.198843,17.076324,16.819937,15.904611,15.698361,15.009245,15.041499,0.0,0.0,0.0,4.0,4.0,0.0,0.0,0.0
1892,2023.0,1.0,14.0,3.0,15.74254,15.405549,15.138509,14.950584,15.804169,15.615398,15.589178,15.418146,15.066419,14.883724,15.001411,14.973925,17.03917,16.786085,15.85819,15.655103,15.010142,15.063176,0.0,0.0,0.0,0.0,0.0,0.0,0.0,0.0
1893,2023.0,1.0,14.0,3.0,15.971465,15.95263,15.101309,14.91692,15.7564125,15.571365,15.5413885,15.373675,15.02447,14.960818,15.0243225,15.017594,17.002844,16.752289,15.813138,15.612311,15.010756,15.080087,0.0,0.0,0.0,0.0,0.0,0.0,0.0,0.0
1894,2023.0,1.0,14.0,3.0,16.006598,16.004988,15.065091,14.884176,15.710225,15.528898,15.495388,15.331037,15.009783,14.95555,15.016841,15.023468,16.968775,16.721193,15.770921,15.572829,15.019036,15.110031,0.0,0.0,0.0,0.0,0.0,0.0,0.0,0.0
1895,2023.0,1.0,14.0,3.0,15.973243,15.973739,15.031137,14.854963,15.666825,15.490506,15.452329,15.292639,15.010996,14.977405,15.0179615,15.0427065,16.936556,16.692427,15.731033,15.536187,15.019272,15.1181,0.0,0.0,0.0,0.0,0.0,0.0,0.0,0.0
1896,2023.0,1.0,14.0,4.0,15.934544,15.937427,14.99812,14.826615,15.624736,15.453303,15.410696,15.255552,15.012283,14.992312,15.08949,15.177791,16.905373,16.664675,15.692618,15.500987,15.019601,15.128291,0.0,0.0,0.0,0.0,4.0,0.0,0.0,0.0
1897,2023.0,1.0,14.0,4.0,15.903221,15.916388,15.003222,14.867463,15.584677,15.418886,15.371226,15.221304,15.0064535,14.992136,14.99591,15.017141,16.874483,16.636654,15.655418,15.466967,15.482051,15.997435,0.0,0.0,0.0,0.0,0.0,0.0,0.0,4.0
1898,2023.0,1.0,14.0,4.0,15.878128,15.903517,15.002984,14.891125,15.542534,15.37952,15.330135,15.182438,15.008198,15.0064335,15.064391,15.152738,16.842411,16.606289,15.61728,15.430507,14.948666,14.954998,0.0,0.0,0.0,0.0,4.0,0.0,0.0,0.0
1899,2023.0,1.0,14.0,4.0,15.839891,15.865393,15.005115,14.918619,15.498564,15.335588,15.287436,15.139482,15.015224,15.030983,15.018658,15.0623045,16.809662,16.574144,15.578553,15.392191,15.0373955,15.16435,0.0,0.0,0.0,0.0,0.0,0.0,0.0,0.0
1900,2023.0,1.0,14.0,4.0,15.801142,15.826526,15.006383,14.93945,15.45811,15.297835,15.24806,15.102451,15.015021,15.03662,15.021013,15.094341,16.778442,16.54465,15.541927,15.357303,15.020373,15.125715,0.0,0.0,0.0,0.0,0.0,0.0,0.0,0.0
1901,2023.0,1.0,14.0,4.0,15.762914,15.788794,15.003987,14.951037,15.420543,15.264954,15.21137,15.070061,15.412309,15.785092,15.0100565,15.078979,16.74844,16.51721,15.506973,15.324978,15.011056,15.130805,0.0,0.0,0.0,4.0,0.0,0.0,0.0,0.0
1902,2023.0,1.0,14.0,5.0,15.724697,15.750488,15.00493,14.969487,15.382248,15.229734,15.173937,15.03542,14.965357,14.905227,15.01215,15.09085,16.718203,16.48894,15.472203,15.2922535,15.012723,15.148543,0.0,0.0,0.0,0.0,0.0,0.0,0.0,0.0
1903,2023.0,1.0,14.0,5.0,15.68472,15.708215,15.009527,14.995222,15.340961,15.187727,15.133641,14.99427,15.01646,15.057919,15.02285,15.119177,16.686388,16.457144,15.436061,15.256057,15.023623,15.182715,0.0,0.0,0.0,0.0,0.0,0.0,0.0,0.0
1904,2023.0,1.0,14.0,5.0,15.646362,15.668636,15.010207,15.009565,15.302642,15.151142,15.096249,14.958375,15.015527,15.047755,15.0231085,15.121937,16.655802,16.427645,15.401537,15.222682,15.024254,15.190126,0.0,0.0,0.0,0.0,0.0,0.0,0.0,0.0
1905,2023.0,1.0,14.0,5.0,15.608076,15.629195,15.011156,15.024885,15.265026,15.11523,15.059559,14.923154,15.016741,15.065063,15.023815,15.129103,16.625408,16.398338,15.367588,15.189877,15.025033,15.19995,0.0,0.0,0.0,0.0,0.0,0.0,0.0,0.0
1906,2023.0,1.0,14.0,5.0,15.575631,15.601099,15.005523,15.026502,15.230454,15.084738,15.025859,14.893196,15.382302,15.7520275,15.011111,15.11146,16.596376,16.37153,15.335408,15.160054,15.470867,16.0288,0.0,0.0,0.0,4.0,0.0,0.0,0.0,4.0
1907,2023.0,1.0,14.0,5.0,15.5468,15.578287,15.006716,15.041666,15.193977,15.049764,14.999761,14.877749,14.962311,14.930579,15.013278,15.122205,16.56626,16.342373,15.302494,15.128205,14.941128,15.002831,0.0,0.0,0.0,0.0,0.0,0.0,0.0,0.0
1908,2023.0,1.0,14.0,6.0,15.527565,15.570332,15.013084,15.067325,15.155936,15.011088,15.003094,14.913316,15.034456,15.102787,15.024871,15.151153,16.535542,16.311754,15.269022,15.09472,15.040267,15.227054,0.0,0.0,0.0,0.0,0.0,0.0,0.0,0.0
1909,2023.0,1.0,14.0,6.0,20.693634,24.589348,15.006427,15.06444,20.49322,24.318947,20.337776,24.205254,15.399269,15.770882,15.011473,15.128799,20.529022,23.085108,20.867304,24.529116,15.469675,16.01201,0.0,0.0,0.0,4.0,0.0,0.0,0.0,4.0
1910,2023.0,1.0,14.0,6.0,21.037848,24.59056,15.007508,15.07783,21.053932,24.682924,21.078386,24.881165,19.948225,23.523113,15.013214,15.136728,21.320673,24.256912,21.857529,25.8923,20.00794,23.769428,0.0,0.0,0.0,0.0,0.0,0.0,0.0,0.0
1911,2023.0,1.0,14.0,6.0,21.100313,24.280823,15.007633,15.087973,21.103285,24.309906,21.104324,24.443602,16.89316,16.954718,15.0157,15.124678,21.811111,24.749968,22.430752,26.364168,16.745438,16.803774,0.0,0.0,0.0,0.0,4.0,0.0,0.0,0.0
1912,2023.0,1.0,14.0,6.0,21.089848,23.97104,15.00809,15.097767,21.093815,23.976267,21.09843,24.106318,15.533696,15.362684,19.805387,23.269012,21.437384,23.848871,22.42442,25.812256,15.928931,16.235264,0.0,0.0,0.0,0.0,0.0,4.0,0.0,4.0
1913,2023.0,1.0,14.0,6.0,21.08837,23.766758,15.007526,15.103546,21.091713,23.750912,21.095572,23.87172,15.322815,15.147378,17.272184,17.75436,21.054508,22.924742,21.706738,24.15887,20.339659,23.913254,0.0,0.0,0.0,0.0,0.0,4.0,0.0,0.0
1914,2023.0,1.0,14.0,7.0,21.085955,23.616772,15.007971,15.110816,21.06597,23.520477,21.092678,23.699106,15.183543,15.013846,15.56535,15.418207,21.060476,22.800552,20.906546,22.6956,17.710794,18.231354,0.0,4.0,0.0,0.0,0.0,4.0,0.0,4.0
1915,2023.0,1.0,14.0,7.0,21.084545,23.505,15.008208,15.118586,21.09184,23.475166,21.06773,23.506815,15.07423,14.910021,15.235009,15.038602,21.085941,22.766872,21.102917,23.08321,20.385485,23.54442,0.0,0.0,4.0,0.0,0.0,0.0,0.0,4.0
1916,2023.0,1.0,14.0,7.0,21.054724,23.346014,15.272524,15.6091385,21.082344,23.363962,21.09265,23.48489,14.997694,14.856599,15.0654125,14.869462,21.07756,22.663387,21.035189,22.903711,20.042433,22.591661,4.0,0.0,0.0,0.0,0.0,0.0,4.0,0.0
1917,2023.0,1.0,14.0,7.0,21.603643,24.128569,20.030313,23.698597,21.635235,23.994097,21.548063,24.072037,15.008415,14.928935,15.369362,15.55723,21.502478,23.20012,21.433983,23.433174,17.387434,17.257988,4.0,0.0,4.0,0.0,4.0,0.0,4.0,0.0
1918,2023.0,1.0,14.0,7.0,21.998175,24.701206,20.433,23.693298,21.722858,24.224905,21.750563,24.161644,15.31328,15.186287,20.167473,23.691692,21.898294,23.8417,22.549828,25.314167,17.06639,17.51242,4.0,4.0,4.0,0.0,0.0,4.0,0.0,4.0
1919,2023.0,1.0,14.0,7.0,21.96857,24.365942,19.967537,22.52168,21.88309,24.203957,22.161015,24.850502,15.758782,16.280518,17.509964,17.956522,21.55325,23.07667,22.01107,24.196405,20.36979,23.304775,4.0,4.0,0.0,4.0,0.0,4.0,4.0,0.0
1920,2023.0,1.0,14.0,8.0,22.191853,24.719255,20.107471,22.549187,21.276283,23.269903,20.99156,22.723429,20.37511,23.95853,16.219528,16.386578,21.59148,23.044214,21.071638,22.472176,17.513248,17.425987,4.0,4.0,4.0,0.0,4.0,4.0,4.0,0.0
1921,2023.0,1.0,14.0,8.0,20.145248,20.587284,20.143768,22.440289,19.388948,19.643362,19.264935,19.496048,17.155565,17.229197,20.308393,23.506237,20.326426,20.503073,19.83891,20.226145,16.175184,15.812148,4.0,4.0,4.0,0.0,0.0,4.0,4.0,0.0
1922,2023.0,1.0,14.0,8.0,18.322815,18.076832,20.084053,22.182543,18.524317,18.636366,17.818047,17.41394,16.297789,16.567642,18.036566,18.631674,19.649206,19.772032,19.356226,19.753529,15.979067,15.781013,4.0,4.0,0.0,4.0,4.0,4.0,4.0,0.0
1923,2023.0,1.0,14.0,8.0,18.373516,18.667141,20.098768,22.12137,18.225636,18.349257,17.835646,17.923166,20.86168,24.235006,20.330755,23.158041,18.743269,18.260431,18.221636,17.844833,15.826935,15.659049,0.0,4.0,4.0,0.0,0.0,0.0,0.0,0.0
1924,2023.0,1.0,14.0,8.0,18.350079,18.717583,18.250725,18.476454,18.01692,18.162792,17.181978,16.807903,17.708107,17.79216,17.976053,18.280357,18.231308,17.697361,17.568455,17.120327,15.658185,15.501811,4.0,4.0,0.0,0.0,0.0,0.0,0.0,0.0
1925,2023.0,1.0,14.0,8.0,18.231363,18.613262,20.244347,22.332779,17.884655,18.046728,17.45347,17.574152,16.685211,16.462688,17.265877,17.374212,18.016005,17.490751,17.295256,16.85217,15.534506,15.38388,4.0,4.0,4.0,0.0,4.0,0.0,0.0,0.0
1926,2023.0,1.0,14.0,9.0,17.416283,17.224083,20.0456,21.855417,17.109558,16.742538,17.52149,17.735756,16.37717,16.179403,20.362795,22.858683,18.044312,17.767155,17.054136,16.633795,15.407346,15.265351,4.0,0.0,4.0,0.0,0.0,0.0,0.0,0.0
1927,2023.0,1.0,14.0,9.0,17.68547,18.05768,20.094957,21.903584,16.6526,16.211689,16.774315,16.45174,16.121029,15.935282,18.084492,18.321703,18.781755,19.263664,17.030682,16.81116,15.295979,15.162768,0.0,0.0,0.0,0.0,0.0,4.0,0.0,0.0
1928,2023.0,1.0,14.0,9.0,17.112988,16.961008,18.431566,18.646734,17.117174,17.27741,16.342245,15.944949,15.922739,15.750208,16.793749,16.633127,18.734776,18.988249,16.94916,16.766205,15.199783,15.074512,4.0,4.0,0.0,0.0,0.0,4.0,0.0,0.0
1929,2023.0,1.0,14.0,9.0,16.785322,16.550314,20.232452,22.16576,17.249973,17.512495,16.865042,17.072117,15.787593,15.622707,16.477612,16.269348,18.672903,18.915936,16.84358,16.672705,15.128023,15.008932,0.0,4.0,4.0,0.0,0.0,4.0,0.0,0.0
1930,2023.0,1.0,14.0,9.0,17.341427,17.766758,18.238745,18.23103,17.229319,17.508831,17.05095,17.354256,15.655175,15.504231,16.25356,16.061962,17.948555,17.589342,16.729662,16.570118,15.055777,14.9444475,0.0,4.0,4.0,0.0,0.0,0.0,0.0,0.0
1931,2023.0,1.0,14.0,9.0,16.823778,16.75952,17.49571,17.305756,16.551758,16.276602,16.376005,16.124487,15.557805,15.414781,16.10491,15.92095,17.638708,17.206009,17.740742,18.56655,14.998405,14.894986,0.0,0.0,0.0,0.0,0.0,0.0,4.0,0.0
1932,2023.0,1.0,14.0,10.0,16.461376,16.30536,17.622845,17.855764,16.872713,17.117643,16.007261,15.681794,15.458935,15.327023,15.953701,15.784988,17.487772,17.070404,16.91563,16.685658,15.006221,14.953993,4.0,4.0,0.0,0.0,0.0,0.0,0.0,0.0
1933,2023.0,1.0,14.0,10.0,16.313108,16.155136,20.225243,22.608028,17.060038,17.387383,15.858882,15.541316,15.368888,15.244336,15.814085,15.653044,18.377434,18.895065,16.43188,16.131792,15.005303,14.984624,0.0,4.0,0.0,0.0,0.0,4.0,0.0,0.0
1934,2023.0,1.0,14.0,10.0,16.373043,16.390598,18.656687,19.295658,16.410595,16.189154,15.912376,15.773262,15.290957,15.173639,15.695831,15.545673,17.75589,17.462843,16.286196,15.988388,15.005913,15.010388,4.0,0.0,0.0,0.0,0.0,0.0,0.0,0.0
1935,2023.0,1.0,14.0,10.0,17.161283,17.911491,20.254408,22.539717,16.737444,17.022326,15.905411,15.808648,15.222872,15.111449,15.59243,15.449026,17.354832,16.981503,16.326557,16.1779,15.005756,15.029294,0.0,4.0,0.0,0.0,0.0,0.0,0.0,0.0
1936,2023.0,1.0,14.0,10.0,16.7787,16.990732,18.141157,18.238337,16.288704,16.089119,15.84358,15.757991,15.165456,15.060221,15.506778,15.373065,18.016338,18.339241,16.314058,16.186275,15.00624,15.045336,0.0,0.0,0.0,0.0,0.0,4.0,0.0,0.0
1937,2023.0,1.0,14.0,10.0,16.264496,16.192074,16.859066,16.536314,15.950471,15.661937,15.780699,15.702101,15.114512,15.014242,15.431047,15.304515,17.50681,17.193607,16.26042,16.137531,15.006355,15.057771,0.0,0.0,0.0,0.0,0.0,0.0,0.0,0.0
1938,2023.0,1.0,14.0,11.0,16.089748,15.996876,16.680737,16.527885,15.835204,15.55263,15.723413,15.651908,15.069774,14.974573,15.363403,15.243854,18.016823,18.381907,16.207455,16.088413,15.006473,15.068009,0.0,0.0,0.0,0.0,0.0,4.0,0.0,0.0
1939,2023.0,1.0,14.0,11.0,16.183327,16.27346,16.54505,16.428852,15.922988,15.822377,15.668594,15.60149,15.026915,14.932333,15.3000555,15.184129,18.232653,18.604197,16.157022,16.039915,15.007249,15.077742,0.0,0.0,0.0,0.0,0.0,4.0,0.0,0.0
1940,2023.0,1.0,14.0,11.0,16.178444,16.282318,16.391254,16.293953,15.913975,15.831959,15.622582,15.564098,14.999516,14.918319,15.24816,15.140528,17.520676,17.228947,16.114025,16.001896,15.006471,15.083093,0.0,0.0,0.0,0.0,0.0,0.0,0.0,0.0
1941,2023.0,1.0,14.0,11.0,16.139187,16.248161,16.234838,16.132828,15.86792,15.791907,15.574998,15.519466,15.003102,14.952229,15.195866,15.09013,17.216255,16.875776,16.07162,15.961074,15.01207,15.100885,0.0,0.0,0.0,0.0,0.0,0.0,0.0,0.0
1942,2023.0,1.0,14.0,11.0,16.102959,16.219492,16.122448,16.040525,16.579166,17.17377,15.537036,15.490423,15.002793,14.965202,15.155372,15.0579405,17.132788,16.808525,16.036251,15.930714,15.005731,15.092286,0.0,4.0,0.0,0.0,0.0,0.0,0.0,0.0
1943,2023.0,1.0,14.0,11.0,16.066195,16.187288,16.013016,15.938092,16.2002,16.261765,15.498744,15.457515,15.003653,14.98058,15.114493,15.019421,17.226168,17.071398,16.002645,15.900175,15.006944,15.099468,0.0,0.0,0.0,0.0,0.0,0.0,0.0,0.0
1944,2023.0,1.0,14.0,12.0,16.031908,16.15724,16.415255,16.783405,15.751388,15.565616,15.463006,15.426874,15.003738,14.991679,15.077609,14.985843,17.237421,17.100086,15.97151,15.872049,15.006652,15.103274,4.0,0.0,0.0,0.0,0.0,0.0,0.0,0.0
1945,2023.0,1.0,14.0,12.0,21.161718,25.115976,20.200872,23.288326,21.369019,25.386639,20.794933,24.725992,15.003861,15.000438,15.042879,14.952439,22.051922,25.249514,21.494331,25.177519,15.007049,15.107393,0.0,4.0,0.0,0.0,0.0,4.0,0.0,0.0
1946,2023.0,1.0,14.0,12.0,20.967136,24.181831,18.012653,18.551413,20.950747,24.043724,21.007048,24.48627,15.003106,15.003657,15.015316,14.92576,21.451218,23.92894,22.09588,25.838724,15.006489,15.1074095,0.0,0.0,0.0,0.0,0.0,0.0,0.0,0.0
1947,2023.0,1.0,14.0,12.0,21.097706,24.066727,17.049862,17.451368,21.096174,23.920876,21.101274,24.24229,15.003518,15.005354,15.000217,14.919473,21.03013,22.903847,22.964598,26.898064,15.00571,15.103283,4.0,4.0,0.0,0.0,0.0,0.0,0.0,0.0
1948,2023.0,1.0,14.0,12.0,21.079813,23.780155,20.298693,23.159204,21.07677,23.620764,21.088148,23.928368,15.00297,15.003578,15.002417,14.936476,21.077126,22.829283,20.874662,22.80807,15.005898,15.098859,4.0,4.0,0.0,0.0,0.0,0.0,0.0,0.0
1949,2023.0,1.0,14.0,12.0,21.971489,25.104067,20.041786,22.337448,21.076258,23.436478,21.08745,23.725218,15.002632,15.000939,15.001456,14.941965,21.939999,24.130453,21.10431,23.17735,15.005541,15.09326,0.0,4.0,0.0,0.0,0.0,0.0,0.0,0.0
1950,2023.0,1.0,14.0,13.0,20.921663,23.031515,17.879652,17.975384,21.096943,23.361912,21.0849,23.57328,15.0023985,14.997568,15.001408,14.946164,20.937902,22.225847,21.068312,23.028538,15.005445,15.088685,0.0,0.0,0.0,0.0,0.0,0.0,0.0,0.0
1951,2023.0,1.0,14.0,13.0,21.100674,23.333803,16.653435,16.376236,21.087828,23.236986,21.05645,23.389185,15.0029335,14.996865,15.002162,14.952274,21.076317,22.485235,21.069422,22.96563,15.005135,15.084558,0.0,0.0,4.0,0.0,0.0,0.0,0.0,0.0
1952,2023.0,1.0,14.0,13.0,21.070095,23.225391,17.008661,17.33385,21.064394,23.085627,21.086042,23.385614,15.002424,14.99567,15.002367,14.958399,21.051708,22.416176,21.068655,22.90892,15.005503,15.081989,4.0,4.0,0.0,0.0,0.0,0.0,0.0,0.0
1953,2023.0,1.0,14.0,13.0,21.172848,23.368141,20.277609,23.034538,21.164906,23.24271,21.158545,23.431154,15.003042,14.997012,15.002649,14.964292,21.130573,22.552465,21.188894,23.10339,15.005324,15.079438,0.0,0.0,0.0,0.0,0.0,0.0,0.0,0.0
1954,2023.0,1.0,14.0,13.0,21.07601,23.157633,18.480074,19.161455,21.061602,22.96004,21.09201,23.21914,15.002739,14.996428,15.002076,14.966221,21.052502,22.37392,21.066854,22.817183,15.005155,15.077583,4.0,4.0,0.0,0.0,0.0,0.0,0.0,0.0
1955,2023.0,1.0,14.0,13.0,22.342356,25.181328,20.296385,22.787075,21.167397,23.149042,21.162098,23.329058,15.002955,14.9971,15.002838,14.970312,21.774368,23.570385,21.191236,23.033028,15.846242,16.65903,0.0,0.0,0.0,0.0,0.0,4.0,0.0,4.0
1956,2023.0,1.0,14.0,14.0,20.89548,22.499443,18.031635,18.128828,21.083538,22.938332,21.052158,23.05775,15.002402,14.99544,15.002295,14.971186,20.96723,22.019176,21.065012,22.748531,20.313593,24.15049,0.0,0.0,4.0,0.0,0.0,4.0,0.0,0.0
1957,2023.0,1.0,14.0,14.0,19.06854,19.106499,16.953777,16.88452,19.347198,19.596354,19.151114,19.41095,15.003035,14.996931,15.00304,14.975616,19.442745,19.158745,19.342653,19.408539,17.118942,17.29987,0.0,0.0,0.0,0.0,0.0,0.0,0.0,0.0
1958,2023.0,1.0,14.0,14.0,18.057495,17.863712,16.702452,16.621727,18.256937,18.17212,17.759317,17.447899,15.003363,15.000439,15.003638,14.981582,18.692083,18.242619,18.411823,18.256956,15.641758,15.443084,0.0,0.0,0.0,0.0,0.0,0.0,0.0,0.0
1959,2023.0,1.0,14.0,14.0,17.659758,17.450169,16.499586,16.413471,18.555845,19.054504,17.242607,16.874977,15.003953,15.00625,15.003859,14.9878645,19.18235,19.432566,18.053797,17.88543,15.462824,15.357457,0.0,4.0,0.0,0.0,0.0,4.0,0.0,0.0
1960,2023.0,1.0,14.0,14.0,17.609129,17.631094,16.330366,16.240961,17.941706,17.917925,17.158436,17.013369,15.004308,15.011912,15.004576,14.99548,18.577387,18.225075,17.801088,17.635519,15.348737,15.250432,0.0,0.0,0.0,0.0,0.0,0.0,0.0,0.0
1961,2023.0,1.0,14.0,14.0,17.487011,17.541067,16.653496,16.967382,17.901396,18.11303,17.023579,16.915136,15.004839,15.018088,15.004921,15.002353,18.136742,17.701439,18.65881,19.444376,15.236481,15.139055,4.0,4.0,0.0,0.0,0.0,0.0,4.0,0.0
1962,2023.0,1.0,14.0,15.0,18.069262,18.78009,20.273684,23.2226,17.241617,16.932058,16.847012,16.741428,15.625628,16.183382,15.005602,15.009009,17.917334,17.471903,17.751646,17.494514,15.138058,15.040293,4.0,0.0,0.0,4.0,0.0,0.0,0.0,0.0
1963,2023.0,1.0,14.0,15.0,17.589972,17.762367,20.041191,22.384996,16.797907,16.388754,17.39879,17.914227,20.239588,23.993408,15.005234,15.010435,17.977297,17.754847,18.187683,18.725037,15.050234,14.950065,0.0,0.0,4.0,0.0,0.0,0.0,4.0,0.0
1964,2023.0,1.0,14.0,15.0,16.964714,16.800266,17.787296,17.805513,16.583473,16.162235,16.969536,16.997858,17.145561,17.31416,15.005277,15.010975,17.950172,17.758589,17.44181,17.14275,15.000233,14.924742,0.0,0.0,0.0,0.0,0.0,0.0,0.0,0.0
1965,2023.0,1.0,14.0,15.0,16.678318,16.45341,16.774208,16.64679,16.651787,16.46465,16.312323,15.96182,15.576645,15.287307,15.253861,15.4723625,17.853756,17.661158,16.943033,16.558125,15.006808,14.980083,0.0,0.0,0.0,0.0,4.0,0.0,0.0,0.0
1966,2023.0,1.0,14.0,15.0,17.525213,18.197517,16.552353,16.426718,17.331577,17.797989,16.050798,15.665845,15.4312315,15.274438,19.93227,23.14018,17.76186,17.569544,16.751629,16.365051,15.006522,15.008453,0.0,4.0,0.0,0.0,0.0,0.0,0.0,0.0
1967,2023.0,1.0,14.0,15.0,17.578892,18.051163,16.364246,16.227533,17.594717,18.145931,16.120003,15.946198,15.337004,15.193638,17.468458,17.970667,17.673624,17.478426,16.599785,16.209494,15.007097,15.03118,0.0,4.0,0.0,0.0,0.0,0.0,0.0,0.0
1968,2023.0,1.0,14.0,16.0,17.478796,17.918457,16.20483,16.05713,16.734423,16.4885,16.85683,17.368382,15.226037,15.080526,15.832722,15.693205,17.590845,17.391518,16.668335,16.474123,15.007779,15.048848,0.0,0.0,4.0,0.0,0.0,0.0,0.0,0.0
1969,2023.0,1.0,14.0,16.0,17.451063,17.881739,16.07038,15.916915,16.21692,15.788697,16.461767,16.451836,15.128947,14.982589,15.510529,15.335109,18.277908,18.753952,16.656254,16.485329,15.007809,15.0616665,0.0,0.0,0.0,0.0,0.0,4.0,0.0,0.0
1970,2023.0,1.0,14.0,16.0,16.740831,16.568285,15.953383,15.795688,16.738497,16.910229,15.868556,15.4944515,15.044133,14.897229,15.345839,15.164531,18.268185,18.500048,16.586878,16.418854,15.008273,15.073407,0.0,4.0,0.0,0.0,0.0,4.0,0.0,0.0
1971,2023.0,1.0,14.0,16.0,17.136143,17.542671,16.338514,16.603804,16.921871,17.13828,16.358032,16.570745,15.00099,14.884624,15.213453,15.031232,18.228085,18.444498,16.511316,16.338186,15.008861,15.083936,4.0,4.0,4.0,0.0,0.0,4.0,0.0,0.0
1972,2023.0,1.0,14.0,16.0,17.27038,17.677832,20.20615,23.25142,16.919956,17.130432,15.921764,15.634079,15.007015,14.936362,15.099959,14.917925,17.48772,17.04685,16.441399,16.26702,15.009049,15.092308,0.0,4.0,0.0,0.0,0.0,0.0,0.0,0.0
1973,2023.0,1.0,14.0,16.0,17.266884,17.673208,18.296797,19.020655,16.902332,17.104998,16.250792,16.436644,15.614055,16.099688,15.401655,15.567767,17.907171,18.097496,16.374777,16.197796,15.009547,15.100643,4.0,4.0,4.0,4.0,4.0,4.0,0.0,0.0
1974,2023.0,1.0,14.0,17.0,16.582045,16.395836,20.695202,23.49922,16.880072,17.074722,16.440498,16.673485,20.39079,24.162031,20.251272,23.558077,17.353367,16.89499,16.312117,16.13259,15.629579,15.955476,0.0,4.0,4.0,0.0,0.0,0.0,0.0,0.0
1975,2023.0,1.0,14.0,17.0,16.213106,15.930812,18.60992,18.955984,16.856556,17.044542,16.453728,16.678732,17.700687,18.204212,17.624277,18.098608,17.79112,17.976274,16.252768,16.070793,15.167857,15.09101,4.0,4.0,4.0,4.0,0.0,4.0,0.0,0.0
1976,2023.0,1.0,14.0,17.0,16.827394,17.170824,20.24815,22.262648,16.83324,17.01448,15.830696,15.513146,20.422066,23.198505,16.33438,16.108383,17.19022,16.731304,16.201412,16.016228,15.010384,14.95894,0.0,4.0,0.0,0.0,0.0,0.0,0.0,0.0
1977,2023.0,1.0,14.0,17.0,17.056793,17.445465,18.091906,17.960445,16.806988,16.981789,16.147026,16.302067,17.51809,17.428862,15.983693,15.749763,16.853611,16.33769,17.179375,17.900991,15.010839,15.019353,0.0,4.0,4.0,0.0,0.0,0.0,4.0,0.0
1978,2023.0,1.0,14.0,17.0,17.072641,17.45288,17.09669,16.876123,16.78018,16.947979,15.709161,15.377832,16.785185,16.947937,15.754146,15.521239,17.535904,17.721716,16.373537,16.020317,15.010494,15.055513,0.0,4.0,0.0,4.0,0.0,4.0,0.0,0.0
1979,2023.0,1.0,14.0,17.0,17.072506,17.441332,17.283741,17.454748,16.753122,16.913977,15.344107,14.884777,20.402006,23.137695,15.568272,15.338617,17.02004,16.546997,15.912614,15.485974,15.010812,15.081521,4.0,4.0,0.0,0.0,0.0,0.0,0.0,0.0
1980,2023.0,1.0,14.0,18.0,17.064812,17.420647,20.247898,22.764498,16.725008,16.879013,15.197449,14.714873,18.074295,18.391104,15.406125,15.175612,16.690598,16.163797,16.85388,17.368174,15.011176,15.100942,4.0,4.0,0.0,4.0,0.0,0.0,4.0,0.0
1981,2023.0,1.0,14.0,18.0,20.861744,24.007828,20.04262,22.03543,20.833261,24.102837,20.79336,24.59478,20.372444,22.977463,15.26586,15.036704,20.611656,23.005657,21.058697,24.435797,15.011936,15.116385,4.0,0.0,0.0,0.0,0.0,0.0,0.0,0.0
1982,2023.0,1.0,14.0,18.0,21.065498,23.88211,20.080194,21.909605,21.060562,23.951506,21.019238,24.34346,17.637362,17.424082,15.148164,14.922341,21.674633,24.770716,21.740633,25.036612,15.011544,15.12448,4.0,4.0,4.0,0.0,0.0,4.0,0.0,0.0
1983,2023.0,1.0,14.0,18.0,21.105026,23.659422,20.073952,21.763386,21.112503,23.707474,21.08191,24.042782,16.247278,15.698225,15.04839,14.825747,22.032515,24.875982,20.992603,23.30502,15.011758,15.127818,4.0,0.0,4.0,0.0,0.0,4.0,0.0,0.0
1984,2023.0,1.0,14.0,18.0,21.071703,23.355022,20.073885,21.669582,21.07907,23.373755,21.117563,23.80733,16.131712,15.85886,15.002169,14.818106,20.95281,22.60992,22.540655,25.711939,15.0112915,15.126832,4.0,4.0,0.0,0.0,0.0,4.0,0.0,0.0
1985,2023.0,1.0,14.0,18.0,21.099913,23.27921,20.07258,21.598688,21.081459,23.207241,21.084108,23.4941,16.019186,15.775625,15.303655,15.429513,21.071655,22.70624,21.064623,23.04507,15.696113,16.407543,4.0,4.0,4.0,0.0,4.0,4.0,0.0,4.0
1986,2023.0,1.0,14.0,19.0,21.068232,23.082022,20.0726,21.546074,21.07983,23.079948,21.111942,23.405548,15.847065,15.613224,20.029667,23.190199,21.085537,22.645332,22.18487,24.884825,19.755898,23.248337,4.0,4.0,0.0,0.0,0.0,0.0,4.0,0.0
1987,2023.0,1.0,14.0,19.0,21.072016,23.009144,20.070719,21.497683,21.077997,22.983025,21.079926,23.195684,15.694166,15.466306,17.448298,17.793997,21.080362,22.544653,21.045017,22.729212,16.5739,16.479584,4.0,4.0,4.0,0.0,0.0,0.0,0.0,0.0
1988,2023.0,1.0,14.0,19.0,21.096127,23.015444,20.087927,21.51008,21.076593,22.907944,21.107702,23.176088,15.563828,15.3419,15.832644,15.604217,21.079296,22.47112,21.729202,24.061691,16.035418,16.411152,0.0,4.0,0.0,0.0,0.0,0.0,0.0,4.0
1989,2023.0,1.0,14.0,19.0,21.08997,22.948261,18.49688,18.414528,21.09974,22.915356,21.100958,23.085384,16.264883,16.771212,15.921043,16.024143,21.029808,22.336718,21.090647,22.716852,20.54615,24.002964,4.0,0.0,0.0,4.0,4.0,4.0,0.0,4.0
1990,2023.0,1.0,14.0,19.0,21.087534,22.89665,20.253578,22.042416,21.066603,22.777237,21.050356,22.945545,20.895927,24.565735,20.417467,23.551779,21.053291,22.33467,21.064943,22.668509,20.621431,23.694948,4.0,4.0,4.0,0.0,0.0,4.0,0.0,0.0
1991,2023.0,1.0,14.0,19.0,21.067434,22.85845,20.040676,21.49711,21.098282,22.820946,21.106447,23.012852,17.596336,17.501036,17.709648,17.986881,21.081577,22.373652,21.032244,22.573032,17.536001,17.36373,4.0,0.0,0.0,0.0,0.0,0.0,4.0,0.0
1992,2023.0,1.0,14.0,20.0,21.069141,22.85467,20.090895,21.53506,21.06619,22.69926,21.071331,22.869976,15.831314,15.278703,16.150288,15.905577,21.0755,22.322166,21.096348,22.691648,15.926445,15.396971,0.0,4.0,4.0,0.0,0.0,0.0,0.0,0.0
1993,2023.0,1.0,14.0,20.0,21.069094,22.845892,18.487427,18.392035,21.071995,22.683483,21.077782,22.845684,15.757424,15.484714,15.808146,15.543686,21.075754,22.289118,21.04591,22.530006,16.815666,17.484253,4.0,4.0,4.0,0.0,0.0,0.0,4.0,4.0
1994,2023.0,1.0,14.0,20.0,21.042732,22.76459,20.24402,22.013012,21.095436,22.726818,21.076452,22.81397,16.524755,17.022785,15.600365,15.330764,21.055721,22.25977,21.092852,22.628736,20.359114,23.464828,4.0,0.0,4.0,4.0,0.0,0.0,0.0,0.0
1995,2023.0,1.0,14.0,20.0,21.04764,22.770094,20.057762,21.53196,21.06514,22.621284,21.07554,22.78689,20.455574,23.533075,15.434847,15.170059,21.028189,22.189001,21.08377,22.583994,17.265305,17.052835,0.0,4.0,4.0,4.0,0.0,4.0,0.0,0.0
1996,2023.0,1.0,14.0,20.0,21.067217,22.76047,18.43662,18.336721,21.070097,22.613113,21.099644,22.831654,20.055124,22.472773,15.301163,15.045768,21.081717,22.281765,21.084053,22.559425,15.814278,15.291581,4.0,4.0,0.0,0.0,0.0,0.0,0.0,0.0
1997,2023.0,1.0,14.0,20.0,21.063747,22.717524,20.246126,22.048382,21.093876,22.664516,21.093973,22.795057,17.39455,17.07556,15.177113,14.91877,21.04412,22.157518,21.065277,22.536198,15.715312,15.4667015,4.0,0.0,0.0,0.0,0.0,4.0,0.0,0.0
1998,2023.0,1.0,14.0,21.0,21.063187,22.687784,20.031301,21.486834,21.061562,22.561394,21.09291,22.769949,16.897877,17.017097,15.479091,15.584424,21.048893,22.149525,21.066835,22.543983,15.605444,15.379821,4.0,4.0,0.0,4.0,4.0,4.0,0.0,0.0
1999,2023.0,1.0,14.0,21.0,21.60961,23.504026,20.538647,22.178787,21.600735,23.370811,21.584469,23.536709,20.796968,23.489536,20.192251,23.325172,21.503973,22.842514,21.57544,23.254995,15.450452,15.23767,4.0,4.0,0.0,0.0,0.0,4.0,4.0,0.0
2000,2023.0,1.0,14.0,21.0,20.921314,22.22867,19.947199,21.055008,20.930376,22.159525,20.932508,22.339272,18.43452,18.614532,17.596157,17.912975,20.951363,21.8127,20.883875,21.958885,15.311108,15.104363,4.0,0.0,4.0,4.0,0.0,4.0,0.0,0.0
2001,2023.0,1.0,14.0,21.0,21.082218,22.571884,20.10449,21.378782,21.083044,22.47244,21.09804,22.737757,20.42523,22.707167,15.952888,15.698217,21.089474,22.127407,21.110481,22.443783,15.185643,14.976487,0.0,4.0,0.0,0.0,0.0,0.0,0.0,0.0
2002,2023.0,1.0,14.0,21.0,21.084272,22.606924,18.266417,17.849688,21.064016,22.451271,21.067053,22.638464,17.750877,17.40267,15.62951,15.359815,21.069681,22.089708,21.077435,22.391947,15.075844,14.867225,0.0,4.0,4.0,0.0,0.0,0.0,0.0,0.0
2003,2023.0,1.0,14.0,21.0,21.158943,22.745361,17.520332,17.16619,21.166834,22.686373,21.179216,22.872475,16.736088,16.431442,15.43453,15.152036,21.087856,22.094616,21.124697,22.52339,15.001679,14.813947,0.0,0.0,0.0,0.0,0.0,4.0,0.0,0.0
2004,2023.0,1.0,14.0,22.0,21.070929,22.559406,17.291252,16.966919,21.07389,22.484627,21.054243,22.578672,17.293537,17.714766,15.704809,15.795143,21.071226,22.087835,21.016994,22.30062,15.88622,16.546919,0.0,0.0,4.0,4.0,4.0,0.0,4.0,4.0
2005,2023.0,1.0,14.0,22.0,21.031422,22.497492,17.05647,16.738562,21.084932,22.501125,21.096289,22.674301,21.008999,23.831375,20.32319,23.45442,21.069569,22.078436,21.088669,22.45941,20.206257,23.53749,0.0,0.0,0.0,0.0,4.0,0.0,0.0,0.0
2006,2023.0,1.0,14.0,22.0,21.088886,22.61523,16.855291,16.536898,21.06272,22.493702,21.089375,22.643122,18.496136,18.616076,20.0194,22.637651,21.040968,21.995724,21.079556,22.42599,16.908388,16.722725,0.0,0.0,0.0,4.0,0.0,4.0,0.0,0.0
2007,2023.0,1.0,14.0,22.0,21.080175,22.580551,17.139074,17.214733,21.065779,22.520542,21.067215,22.626232,20.421743,22.62156,17.649355,17.769426,21.04584,22.00665,21.080597,22.412708,15.361896,14.857447,4.0,0.0,0.0,0.0,0.0,4.0,0.0,0.0
2008,2023.0,1.0,14.0,22.0,21.209429,22.845512,20.265535,22.770203,21.203695,22.789667,21.168852,22.844568,18.29365,18.347754,16.634295,16.615799,21.135939,22.204863,21.276869,22.801918,15.313455,15.075977,0.0,4.0,0.0,4.0,4.0,0.0,4.0,0.0
2009,2023.0,1.0,14.0,22.0,21.088408,22.596052,18.199697,18.373764,21.070208,22.550474,21.045044,22.584658,21.552013,24.313387,20.462524,23.204933,21.06986,22.059927,21.089535,22.432625,15.24692,15.027531,0.0,0.0,4.0,0.0,4.0,0.0,0.0,0.0
2010,2023.0,1.0,14.0,23.0,21.052582,22.485697,16.985857,16.733955,21.087496,22.543808,21.074888,22.673958,18.50241,18.209726,20.02776,22.249632,21.070219,22.049738,21.079033,22.396551,15.120315,14.903233,0.0,0.0,0.0,0.0,0.0,0.0,0.0,0.0
2011,2023.0,1.0,14.0,23.0,19.163668,18.888126,16.690765,16.382729,19.086409,18.681482,18.956385,18.5759,17.154247,16.836882,17.900503,17.966047,19.74944,19.538155,19.102308,18.588167,15.011604,14.7988825,0.0,0.0,0.0,0.0,0.0,0.0,0.0,0.0
2012,2023.0,1.0,14.0,23.0,18.284838,17.656544,16.541492,16.21733,18.541155,18.143847,17.937485,17.12815,17.532549,17.785456,16.919085,16.564259,19.213095,18.8405,18.668009,18.304417,15.008126,14.858246,0.0,0.0,0.0,4.0,0.0,0.0,0.0,0.0
2013,2023.0,1.0,14.0,23.0,18.264202,18.048777,16.401089,16.079784,18.261194,17.904058,17.873356,17.48035,16.988005,16.757027,16.535313,16.186708,18.933638,18.573109,18.410088,18.083946,15.604391,16.035679,0.0,0.0,0.0,0.0,0.0,0.0,0.0,4.0
2014,2023.0,1.0,14.0,23.0,18.143154,17.98112,16.294394,15.972556,18.0286,17.675781,17.737734,17.408207,16.6425,16.35492,16.598768,16.525545,18.739166,18.384785,19.22334,19.837872,14.989638,14.867792,0.0,0.0,0.0,0.0,4.0,0.0,4.0,0.0
2015,2023.0,1.0,14.0,23.0,17.94208,17.791245,16.18082,15.862953,17.79071,17.447483,17.514238,17.197891,16.989687,17.23119,16.263876,15.999922,18.540821,18.197493,18.104422,17.53337,15.036963,15.008058,0.0,0.0,0.0,4.0,0.0,0.0,0.0,0.0
2016,2023.0,1.0,15.0,0.0,17.752857,17.604214,16.072271,15.754453,17.575706,17.23378,17.303673,16.989822,16.23746,15.722826,15.915616,15.603584,18.360191,18.021267,17.410816,16.76144,15.017204,14.985968,0.0,0.0,0.0,0.0,0.0,0.0,0.0,0.0
2017,2023.0,1.0,15.0,0.0,17.57734,17.423153,15.967541,15.644909,17.379725,17.031113,17.109354,16.789154,15.652896,15.015575,16.029787,16.013294,18.19289,17.846209,17.116531,16.459032,15.010601,15.007952,0.0,0.0,0.0,0.0,4.0,0.0,0.0,0.0
2018,2023.0,1.0,15.0,0.0,17.432543,17.285738,15.879155,15.560067,17.220083,16.879593,16.950611,16.638203,15.734505,15.4297695,15.69359,15.407203,18.052446,17.70873,17.234673,16.922876,15.01195,15.036179,0.0,0.0,0.0,0.0,0.0,0.0,0.0,0.0
2019,2023.0,1.0,15.0,0.0,17.293562,17.144165,15.789458,15.46616,17.066587,16.722227,16.79764,16.48107,15.695834,15.418439,15.418359,15.099047,17.920288,17.572437,17.183891,16.894306,15.020503,15.077009,0.0,0.0,0.0,0.0,0.0,0.0,0.0,0.0
2020,2023.0,1.0,15.0,0.0,17.173206,17.027372,15.710661,15.389007,16.935867,16.596054,16.667131,16.35475,15.580451,15.299088,15.260115,14.946612,17.805218,17.457726,17.05444,16.758156,15.022627,15.094214,0.0,0.0,0.0,0.0,0.0,0.0,0.0,0.0
2021,2023.0,1.0,15.0,0.0,17.063583,16.92122,15.636374,15.316248,16.817144,16.481424,16.548464,16.239822,15.468076,15.187004,15.128069,14.82016,17.700888,17.35351,16.929941,16.634247,15.023948,15.110623,0.0,0.0,0.0,0.0,0.0,0.0,0.0,0.0
2022,2023.0,1.0,15.0,1.0,16.962595,16.823238,15.565861,15.247104,16.70824,16.376186,16.43956,16.13423,15.364723,15.083754,15.005829,14.695017,17.605434,17.257978,16.815191,16.51991,15.025444,15.125514,0.0,0.0,0.0,0.0,0.0,0.0,0.0,0.0
2023,2023.0,1.0,15.0,1.0,16.874247,16.742933,15.503641,15.191153,16.614035,16.291758,16.345345,16.049425,15.859424,16.097486,15.012415,14.797865,17.520939,17.176762,16.712507,16.421154,15.011883,15.111713,0.0,0.0,0.0,4.0,0.0,0.0,0.0,0.0
2024,2023.0,1.0,15.0,1.0,16.786718,16.656858,15.439046,15.127067,16.519701,16.199696,16.251072,15.957041,15.49595,15.256712,15.153472,15.1148,17.438885,17.094011,16.612898,16.321154,15.014957,15.129229,0.0,0.0,0.0,0.0,4.0,0.0,0.0,0.0
2025,2023.0,1.0,15.0,1.0,16.70101,16.569273,15.374687,15.0603895,16.427937,16.106754,16.15963,15.863962,15.231952,14.951104,14.969263,14.796075,17.359846,17.011887,16.517406,16.223148,15.014631,15.139058,0.0,0.0,0.0,0.0,0.0,0.0,0.0,0.0
2026,2023.0,1.0,15.0,1.0,16.620577,16.487953,15.31234,14.995556,16.341497,16.01926,16.073616,15.776462,15.117341,14.832313,15.018714,14.949806,17.286201,16.936136,16.428322,16.132545,15.028368,15.175911,0.0,0.0,0.0,0.0,0.0,0.0,0.0,0.0
2027,2023.0,1.0,15.0,1.0,16.548742,16.420115,15.258184,14.945133,16.266401,15.950111,15.99908,15.707375,15.032458,14.750028,15.008949,14.938107,17.219849,16.871151,16.347324,16.053576,15.379357,15.826417,0.0,0.0,0.0,0.0,0.0,0.0,0.0,4.0
2028,2023.0,1.0,15.0,2.0,16.476849,16.348835,15.202762,14.890213,16.1917,15.877596,15.925343,15.635159,15.539582,15.772082,15.013921,14.970585,17.155266,16.806301,16.268673,15.975109,14.960599,15.013714,0.0,0.0,0.0,4.0,0.0,0.0,0.0,0.0
2029,2023.0,1.0,15.0,2.0,16.406395,16.277084,15.1486435,14.836126,16.1195,15.806843,15.854195,15.564852,15.188555,14.94137,15.013643,14.989287,17.09296,16.74326,16.192799,15.898953,15.03856,15.174635,0.0,0.0,0.0,0.0,0.0,0.0,0.0,0.0
2030,2023.0,1.0,15.0,2.0,16.334917,16.201118,15.091894,14.775129,16.045458,15.729358,15.781332,15.488084,15.221924,15.14769,15.002806,14.973501,17.030754,16.67785,16.117563,15.820885,15.052441,15.198501,0.0,0.0,0.0,4.0,4.0,0.0,0.0,0.0
2031,2023.0,1.0,15.0,2.0,16.278008,16.151657,15.042832,14.728102,15.980793,15.6682005,15.7178,15.427485,14.973169,14.715129,15.003063,14.995008,16.974167,16.62157,16.048597,15.752715,15.009358,15.139854,0.0,0.0,0.0,0.0,4.0,0.0,0.0,0.0
2032,2023.0,1.0,15.0,2.0,16.216108,16.088446,15.000539,14.692696,15.913908,15.600137,15.652169,15.360195,15.035586,14.886488,15.003478,15.014376,16.917727,16.56364,15.98025,15.683286,15.032351,15.2076845,0.0,0.0,0.0,0.0,4.0,0.0,0.0,0.0
2033,2023.0,1.0,15.0,2.0,16.154385,16.02522,15.003752,14.741677,15.850842,15.53795,15.5904255,15.298807,15.010685,14.856318,15.034469,15.057281,16.863785,16.50909,15.914776,15.617637,15.03269,15.212988,0.0,0.0,0.0,0.0,4.0,0.0,0.0,0.0
2034,2023.0,1.0,15.0,3.0,16.104023,15.983763,15.004289,14.768494,15.792731,15.483894,15.533617,15.245395,15.01095,14.895102,15.029678,15.046016,16.812685,16.458822,15.852923,15.557396,15.347898,15.797295,0.0,0.0,0.0,0.0,0.0,0.0,0.0,4.0
2035,2023.0,1.0,15.0,3.0,16.044714,15.920798,15.00515,14.796638,15.732842,15.424642,15.47528,15.186986,15.010313,14.921997,15.029683,15.040176,16.761183,16.406635,15.790912,15.495132,14.965206,15.074995,0.0,0.0,0.0,0.0,0.0,0.0,0.0,0.0
2036,2023.0,1.0,15.0,3.0,15.982934,15.854166,15.009177,14.830105,15.670917,15.360016,15.415215,15.123887,15.018845,14.964107,15.003022,15.002413,16.709898,16.353712,15.728793,15.431346,15.058085,15.2708025,0.0,0.0,0.0,0.0,4.0,0.0,0.0,0.0
2037,2023.0,1.0,15.0,3.0,15.928715,15.80148,15.010494,14.852498,15.613195,15.302751,15.359193,15.067796,15.019752,14.980355,15.031253,15.104512,16.660835,16.3042,15.669472,15.371948,15.035051,15.22612,0.0,0.0,0.0,0.0,0.0,0.0,0.0,0.0
2038,2023.0,1.0,15.0,3.0,15.878402,15.754722,15.012209,14.875075,15.556445,15.246341,15.30409,15.012543,15.021488,14.999927,15.006532,15.044215,16.612522,16.255432,15.611264,15.313652,15.037192,15.254709,0.0,0.0,0.0,0.0,4.0,0.0,0.0,0.0
2039,2023.0,1.0,15.0,3.0,15.824837,15.699689,15.013084,14.894577,15.500507,15.19064,15.249786,14.958012,15.021507,15.013799,15.03383,15.139932,16.564892,16.207346,15.554009,15.256298,15.037911,15.268388,0.0,0.0,0.0,0.0,0.0,0.0,0.0,0.0
2040,2023.0,1.0,15.0,4.0,15.778558,15.6594305,15.007545,14.900378,15.447138,15.139269,15.197948,14.907616,15.321067,15.580022,15.015045,15.105832,16.518545,16.161226,15.498337,15.201266,15.017371,15.242999,0.0,0.0,0.0,4.0,0.0,0.0,0.0,0.0
2041,2023.0,1.0,15.0,4.0,15.72781,15.60718,15.008733,14.919697,15.394407,15.088383,15.14675,14.857785,14.94565,14.870857,15.003718,15.082175,16.473078,16.11637,15.443878,15.1478615,15.021504,15.263796,0.0,0.0,0.0,0.0,4.0,0.0,0.0,0.0
2042,2023.0,1.0,15.0,4.0,15.673345,15.549065,15.017227,14.954049,15.338334,15.030004,15.092459,14.800911,15.025086,15.062582,15.037257,15.178284,16.426432,16.068512,15.388083,15.09093,15.041031,15.314106,0.0,0.0,0.0,0.0,0.0,0.0,0.0,0.0
2043,2023.0,1.0,15.0,4.0,15.629114,15.510803,15.008523,14.950337,15.287453,14.981461,15.0432205,14.753476,15.01008,15.031481,15.016378,15.1392765,16.382261,16.024963,15.335185,15.039133,15.273325,15.727984,0.0,0.0,0.0,0.0,0.0,0.0,0.0,4.0
2044,2023.0,1.0,15.0,4.0,15.57682,15.454116,15.01033,14.969247,15.235258,14.929564,14.9978485,14.71577,15.0164995,15.058247,15.0212555,15.157392,16.337603,15.9800825,15.282124,14.986242,14.988221,15.1838665,0.0,0.0,0.0,0.0,0.0,0.0,0.0,0.0
2045,2023.0,1.0,15.0,4.0,15.528674,15.40759,15.020218,15.0052595,15.18211,14.875344,15.0039425,14.768288,15.028419,15.096819,15.040434,15.204034,16.293344,15.935554,15.229063,14.932877,15.06604,15.342669,0.0,0.0,0.0,0.0,0.0,0.0,0.0,0.0
2046,2023.0,1.0,15.0,5.0,15.479689,15.357656,15.009476,14.996358,15.132536,14.827813,15.004701,14.796566,15.0119295,15.073441,15.01744,15.164021,16.250439,15.893255,15.177872,14.882752,15.288594,15.741185,0.0,0.0,0.0,0.0,0.0,0.0,0.0,4.0
2047,2023.0,1.0,15.0,5.0,15.43022,15.307622,15.012259,15.016053,15.081509,14.776894,15.005245,14.824883,15.234627,15.492661,15.022454,15.182022,16.206968,15.849609,15.126292,14.831256,14.986797,15.177555,0.0,0.0,0.0,4.0,0.0,0.0,0.0,0.0
2048,2023.0,1.0,15.0,5.0,15.381899,15.258317,15.012464,15.0304365,15.030871,14.726448,15.006223,14.85183,14.974961,15.003243,15.021975,15.189346,16.16383,15.806284,15.075139,14.780321,15.040315,15.287915,0.0,0.0,0.0,0.0,0.0,0.0,0.0,0.0
2049,2023.0,1.0,15.0,5.0,15.3510685,15.244096,15.012657,15.04455,15.751741,16.123547,15.006562,14.875803,15.022803,15.115241,15.022425,15.19824,16.122902,15.767149,15.026345,14.733645,15.021023,15.282688,0.0,4.0,0.0,0.0,0.0,0.0,0.0,0.0
2050,2023.0,1.0,15.0,5.0,15.305528,15.195184,15.0130205,15.058436,15.349284,15.1647835,15.007134,14.898562,15.016821,15.118317,15.022454,15.205647,16.080494,15.724377,15.000844,14.730543,15.02338,15.309183,0.0,0.0,0.0,0.0,0.0,0.0,0.0,0.0
2051,2023.0,1.0,15.0,5.0,15.251795,15.134481,15.02665,15.099102,15.0287485,14.705346,15.013898,14.934139,15.03368,15.164437,15.018072,15.1862755,16.036602,15.678624,15.0046425,14.773447,15.044762,15.369421,0.0,0.0,0.0,0.0,4.0,0.0,0.0,0.0
2052,2023.0,1.0,15.0,6.0,15.200095,15.077628,15.026072,15.105702,15.003364,14.745892,15.015179,14.953821,15.034724,15.17106,15.045593,15.272009,15.994817,15.636787,15.007384,14.802783,15.044749,15.375621,0.0,0.0,0.0,0.0,0.0,0.0,0.0,0.0
2053,2023.0,1.0,15.0,6.0,20.253466,23.898153,15.012749,15.092803,20.14244,23.702082,19.997847,23.613781,15.016842,15.148458,15.004356,15.178153,19.915842,22.28228,20.382011,23.833954,15.02167,15.344897,0.0,0.0,0.0,0.0,4.0,0.0,0.0,0.0
2054,2023.0,1.0,15.0,6.0,21.095924,24.80604,15.015017,15.109087,21.092735,24.795622,20.96371,24.742819,15.019001,15.161622,19.518042,22.95246,20.822191,23.684452,21.152258,24.838984,15.024349,15.359004,0.0,0.0,0.0,0.0,0.0,0.0,0.0,0.0
2055,2023.0,1.0,15.0,6.0,21.102957,24.355942,15.014428,15.117575,21.108847,24.338276,21.135431,24.549646,15.018653,15.164572,16.812817,17.081219,21.244781,24.039299,22.717825,27.04318,15.0234785,15.358894,0.0,0.0,0.0,0.0,0.0,0.0,4.0,0.0
2056,2023.0,1.0,15.0,6.0,21.099173,24.04238,15.015095,15.128039,21.101873,24.001217,21.103546,24.14697,15.0183325,15.167812,15.02197,14.745534,21.378054,23.927465,21.772501,24.877491,15.023472,15.356125,0.0,0.0,0.0,0.0,0.0,0.0,0.0,0.0
2057,2023.0,1.0,15.0,6.0,21.096142,23.82487,15.015477,15.13893,21.099215,23.770838,21.104242,23.91481,15.159704,15.41673,15.033073,14.934537,21.46746,23.939312,22.8747,26.471748,15.023208,15.351723,0.0,0.0,0.0,4.0,0.0,4.0,4.0,0.0
2058,2023.0,1.0,15.0,7.0,21.094563,23.669472,15.087779,15.262713,21.096945,23.603336,21.079004,23.679794,20.054173,23.634447,15.0030985,14.963179,21.060411,22.980717,20.874405,22.678114,15.175627,15.603421,4.0,0.0,4.0,0.0,4.0,4.0,0.0,4.0
2059,2023.0,1.0,15.0,7.0,21.067202,23.4813,19.642582,23.093294,21.07162,23.413773,21.104841,23.631218,16.9712,17.16689,19.878193,23.131826,21.076773,22.87299,21.096302,23.062012,19.991043,23.936523,0.0,4.0,0.0,0.0,0.0,4.0,4.0,0.0
2060,2023.0,1.0,15.0,7.0,21.070381,23.406826,17.360054,18.01887,21.097872,23.397675,21.096733,23.518375,15.291581,15.004998,17.078354,17.378252,21.072285,22.760149,21.111012,23.089619,16.298935,16.126036,4.0,0.0,0.0,0.0,0.0,4.0,0.0,0.0
2061,2023.0,1.0,15.0,7.0,21.603579,24.130514,20.171259,23.482704,21.758701,24.24691,21.866022,24.57494,15.796714,16.243906,15.326392,15.0056925,22.208376,24.632236,21.910528,24.243553,15.507746,15.774228,0.0,4.0,0.0,4.0,0.0,4.0,0.0,4.0
2062,2023.0,1.0,15.0,7.0,20.95819,22.903774,17.527779,17.885056,20.908674,22.689857,20.913212,22.871397,19.997845,23.207603,15.345265,15.356662,20.937927,22.211596,20.893915,22.410212,20.562424,24.322805,0.0,0.0,0.0,0.0,4.0,4.0,4.0,4.0
2063,2023.0,1.0,15.0,7.0,21.17382,23.299255,15.79959,15.552086,21.182625,23.191042,21.184475,23.393705,16.696259,16.419622,20.410698,23.84127,21.143946,22.614162,21.21252,23.089529,20.691828,24.04994,0.0,4.0,4.0,0.0,4.0,4.0,0.0,4.0
2064,2023.0,1.0,15.0,8.0,21.082104,23.086458,15.849589,15.936701,21.085733,22.970701,21.092297,23.218204,16.222452,16.654135,20.023214,22.895433,21.063196,22.439283,21.097284,22.859076,21.571932,25.278572,4.0,4.0,0.0,4.0,0.0,4.0,0.0,4.0
2065,2023.0,1.0,15.0,8.0,19.061428,19.18724,20.00745,23.281727,19.032423,19.015373,18.405205,18.002533,19.979357,22.889936,17.64482,17.989147,19.483484,19.393805,19.395042,19.546635,19.90971,22.008286,0.0,4.0,0.0,0.0,4.0,4.0,4.0,4.0
2066,2023.0,1.0,15.0,8.0,18.144855,18.182026,17.770426,18.369696,17.98295,17.77144,16.900484,16.111675,17.414434,17.578562,20.26081,23.0141,18.85604,18.74643,17.832,17.237928,20.970499,23.70826,4.0,4.0,0.0,4.0,4.0,4.0,0.0,0.0
2067,2023.0,1.0,15.0,8.0,17.848543,17.907185,20.082842,22.921154,16.989128,16.233898,16.756605,16.323729,21.490978,25.054161,20.054895,22.366888,17.913284,17.178938,17.062855,16.374214,17.909512,17.609804,0.0,0.0,0.0,4.0,4.0,0.0,0.0,0.0
2068,2023.0,1.0,15.0,8.0,16.94038,16.421888,17.556477,17.612717,17.079142,16.838367,16.610994,16.255394,21.155935,24.310675,20.125366,22.306686,17.372639,16.589329,16.643913,15.965545,16.160532,15.531733,4.0,4.0,0.0,0.0,0.0,0.0,0.0,0.0
2069,2023.0,1.0,15.0,8.0,16.411346,15.823535,20.106949,22.863623,16.43579,15.72228,16.378494,16.036617,17.663094,17.33395,17.71596,17.516794,17.09764,16.332628,17.737223,18.357674,15.889943,15.549876,0.0,0.0,0.0,0.0,4.0,0.0,4.0,0.0
2070,2023.0,1.0,15.0,9.0,16.88104,16.949562,17.365662,17.175781,16.634731,16.444208,16.884943,17.17686,16.070627,15.405529,20.377565,22.764769,17.221994,16.819283,16.767958,16.23165,15.66082,15.372227,0.0,4.0,4.0,0.0,0.0,0.0,0.0,0.0
2071,2023.0,1.0,15.0,9.0,16.301931,15.842869,16.036194,15.699658,16.06028,15.388949,16.391172,16.194294,15.872825,15.508929,17.986433,18.089293,18.020164,18.406216,16.106113,15.498958,15.397654,15.128247,0.0,0.0,0.0,0.0,0.0,4.0,0.0,0.0
2072,2023.0,1.0,15.0,9.0,15.953565,15.410709,16.277325,16.34738,16.397175,16.241076,15.686537,15.015827,15.733884,15.426264,16.865776,16.49353,17.065935,16.451565,15.880062,15.276569,15.203595,14.943657,4.0,4.0,0.0,0.0,0.0,0.0,0.0,0.0
2073,2023.0,1.0,15.0,9.0,15.772487,15.244066,20.197746,23.334557,15.813891,15.18119,15.380597,14.659151,15.5387745,15.248219,16.465225,16.081858,16.666191,15.963,15.9848175,15.6769,15.027702,14.780924,4.0,0.0,0.0,0.0,0.0,0.0,0.0,0.0
2074,2023.0,1.0,15.0,9.0,15.933633,15.755289,20.066248,22.642113,15.399433,14.683006,16.27313,16.566534,15.331166,15.0546465,16.107862,15.740466,16.494875,15.808213,15.953095,15.685659,15.015473,14.917811,0.0,0.0,4.0,0.0,0.0,0.0,0.0,0.0
2075,2023.0,1.0,15.0,9.0,15.956186,15.847248,17.338875,17.14535,15.54748,15.171197,15.946119,15.783166,15.149385,14.886462,15.822389,15.478454,16.670547,16.31518,15.838505,15.579935,15.015979,15.015222,0.0,0.0,0.0,0.0,0.0,0.0,0.0,0.0
2076,2023.0,1.0,15.0,10.0,15.866921,15.770322,16.146194,15.827276,16.335238,16.695896,15.2219305,14.605247,14.995858,14.760344,15.5774145,15.246836,16.70184,16.389994,15.723639,15.468836,15.016825,15.086973,0.0,4.0,0.0,0.0,0.0,0.0,0.0,0.0
2077,2023.0,1.0,15.0,10.0,15.777499,15.691201,15.861356,15.555596,15.556046,15.044224,15.001539,14.421885,15.014197,14.89872,15.368253,15.053677,17.41311,17.79868,15.622434,15.373994,15.017558,15.140476,0.0,0.0,0.0,0.0,0.0,4.0,0.0,0.0
2078,2023.0,1.0,15.0,10.0,15.693754,15.615911,15.619423,15.321054,15.061287,14.420743,15.135137,14.821357,15.012904,14.965586,15.186865,14.887424,16.614925,16.045712,15.5306425,15.28766,15.01774,15.180524,0.0,0.0,0.0,0.0,0.0,0.0,0.0,0.0
2079,2023.0,1.0,15.0,10.0,16.409763,17.03611,15.417395,15.127294,15.972999,16.309994,15.15125,14.894399,15.01376,15.018681,15.029716,14.743675,17.016945,17.125942,15.447568,15.209969,15.018384,15.212179,0.0,4.0,0.0,0.0,0.0,4.0,0.0,0.0
2080,2023.0,1.0,15.0,10.0,15.97601,16.036198,15.245342,14.963592,15.3883505,14.962316,15.084978,14.842501,15.014037,15.0574255,15.0119295,14.8352995,16.499737,15.96656,15.3726,15.140088,15.018301,15.235759,0.0,0.0,0.0,0.0,0.0,0.0,0.0,0.0
2081,2023.0,1.0,15.0,10.0,15.320755,14.967686,15.097467,14.824534,14.996091,14.513669,15.014507,14.781672,15.014348,15.087524,15.013047,14.91311,17.007586,17.182575,15.301828,15.072687,15.018907,15.258657,0.0,0.0,0.0,0.0,0.0,4.0,0.0,0.0
2082,2023.0,1.0,15.0,11.0,15.073834,14.6866,14.999592,14.766656,15.012943,14.62697,15.004552,14.828669,15.014699,15.111564,15.0134,14.969514,16.39254,15.824899,15.237008,15.012621,15.019236,15.276946,0.0,0.0,0.0,0.0,0.0,0.0,0.0,0.0
2083,2023.0,1.0,15.0,11.0,15.282032,15.221904,15.011356,14.87846,15.0756855,14.83648,15.006408,14.881694,15.015166,15.131446,15.014802,15.014146,16.075466,15.493779,15.177351,14.957221,15.019101,15.291728,0.0,0.0,0.0,0.0,0.0,0.0,0.0,0.0
2084,2023.0,1.0,15.0,11.0,15.301644,15.260603,15.012958,14.955243,15.047772,14.8227625,15.0090275,14.931822,15.027005,15.1716175,15.022803,15.065331,15.979529,15.406609,15.121778,14.905256,15.037634,15.341437,0.0,0.0,0.0,0.0,0.0,0.0,0.0,0.0
2085,2023.0,1.0,15.0,11.0,15.257624,15.224275,15.310758,15.554764,14.997531,14.788035,15.006723,14.959296,15.424895,15.91405,15.012275,15.065852,16.20846,15.950458,15.069792,14.857588,15.016303,15.308563,4.0,0.0,0.0,4.0,0.0,0.0,0.0,0.0
2086,2023.0,1.0,15.0,11.0,15.224156,15.209987,19.946743,23.634699,15.321215,15.0814495,15.7142105,16.008192,20.114105,23.91682,15.015132,15.091969,17.02851,17.467825,15.022151,14.816506,15.020299,15.327322,0.0,0.0,0.0,0.0,0.0,4.0,0.0,0.0
2087,2023.0,1.0,15.0,11.0,15.184058,15.1755495,17.602728,18.366785,15.821908,16.290564,15.246945,15.189854,16.819763,16.849028,15.014331,15.106086,17.074873,17.273922,15.001897,14.822927,15.0197315,15.335958,4.0,4.0,0.0,0.0,0.0,4.0,0.0,0.0
2088,2023.0,1.0,15.0,12.0,15.135872,15.12534,20.184668,23.463667,15.421745,15.382897,15.281088,15.091394,15.003782,14.60526,15.0151825,15.119796,17.061064,17.247522,15.309893,15.077682,15.02013,15.345544,0.0,0.0,0.0,0.0,0.0,4.0,0.0,0.0
2089,2023.0,1.0,15.0,12.0,20.583551,24.690142,17.590948,17.980953,20.765793,24.808237,20.576052,24.623734,15.024271,14.822644,15.014405,15.126083,20.069748,22.501438,20.973103,24.891506,15.020527,15.354084,0.0,4.0,0.0,0.0,0.0,0.0,0.0,0.0
2090,2023.0,1.0,15.0,12.0,21.071983,24.907633,15.939653,15.782242,21.04377,24.642035,21.071299,24.871038,15.011031,14.91655,15.015007,15.133849,20.650724,23.164812,21.532534,25.491722,15.019908,15.356895,0.0,4.0,0.0,0.0,0.0,0.0,0.0,0.0
2091,2023.0,1.0,15.0,12.0,21.107004,24.512781,15.550319,15.335244,21.11851,24.3192,21.112112,24.499218,15.013857,14.999426,15.014888,15.140005,20.894072,23.25658,21.973646,25.775421,15.019539,15.354039,0.0,4.0,0.0,0.0,0.0,0.0,0.0,0.0
2092,2023.0,1.0,15.0,12.0,21.097258,24.18633,15.318673,15.099216,21.122522,24.030487,21.103027,24.182318,15.013282,15.05075,15.01509,15.146428,21.870293,24.750662,22.59771,26.46506,15.019387,15.3479595,0.0,0.0,0.0,0.0,0.0,0.0,0.0,0.0
2093,2023.0,1.0,15.0,12.0,21.09556,23.96928,15.1349125,14.916135,21.093327,23.729326,21.101168,23.970755,15.013708,15.087714,15.046686,15.196142,22.155302,24.923223,22.828049,26.508474,15.018925,15.3408165,0.0,4.0,0.0,0.0,4.0,4.0,0.0,0.0
2094,2023.0,1.0,15.0,13.0,21.416296,24.142488,15.5217285,15.4556675,21.272663,23.811329,21.329517,24.077394,15.533788,15.769777,20.038454,23.40031,21.086851,22.697542,22.14295,24.877813,15.543362,16.008482,0.0,0.0,0.0,0.0,4.0,0.0,0.0,0.0
2095,2023.0,1.0,15.0,13.0,20.924026,23.24439,15.656987,15.68395,21.035618,23.294615,20.982216,23.38706,15.350987,15.280857,20.017265,23.123434,21.013367,22.535059,21.091093,23.153254,15.484095,15.405468,0.0,0.0,0.0,0.0,0.0,4.0,0.0,0.0
2096,2023.0,1.0,15.0,13.0,21.1321,23.572144,15.085687,14.91372,21.097439,23.384266,21.109936,23.580406,15.018544,15.010243,17.368437,17.641642,21.940674,24.1398,21.168646,23.304049,15.01966,15.130423,0.0,0.0,0.0,0.0,0.0,0.0,0.0,0.0
2097,2023.0,1.0,15.0,13.0,21.077585,23.373432,15.386852,15.612265,21.087358,23.32797,21.091293,23.489786,15.012523,15.054264,15.903356,15.692645,20.968088,22.286135,21.083475,23.117655,15.017011,15.183894,4.0,0.0,0.0,0.0,0.0,0.0,0.0,0.0
2098,2023.0,1.0,15.0,13.0,21.108257,23.399647,19.791265,23.109322,21.08496,23.289202,21.0901,23.441782,15.013352,15.093814,15.517687,15.268246,21.584288,23.51986,21.079515,23.092287,15.017383,15.225595,0.0,0.0,0.0,0.0,0.0,0.0,0.0,0.0
2099,2023.0,1.0,15.0,13.0,21.102274,23.338581,17.744022,18.529902,21.085974,23.260363,21.090715,23.404388,15.01307,15.119724,15.291786,15.049353,21.321655,23.006758,21.081903,23.077887,15.017378,15.25459,4.0,0.0,0.0,0.0,0.0,0.0,0.0,0.0
2100,2023.0,1.0,15.0,14.0,22.027103,24.772007,20.295748,23.58187,21.154724,23.36955,21.149485,23.470505,15.013723,15.140187,15.550827,15.698012,21.711931,23.53743,21.176826,23.248333,15.017635,15.276062,4.0,0.0,4.0,0.0,4.0,4.0,0.0,0.0
2101,2023.0,1.0,15.0,14.0,19.592915,20.312868,20.232773,22.998093,18.990889,19.183453,18.811283,18.975811,15.645709,16.031689,20.35749,23.698748,19.236753,18.82349,18.967596,18.970594,15.864021,16.561817,0.0,0.0,0.0,0.0,0.0,0.0,0.0,0.0
2102,2023.0,1.0,15.0,14.0,17.845173,17.596191,17.567427,17.585127,17.716663,17.537235,17.168669,16.659464,14.983795,15.002818,17.600273,18.028713,18.178051,17.545252,17.857111,17.635313,15.722258,15.819756,0.0,0.0,0.0,0.0,0.0,0.0,0.0,0.0
2103,2023.0,1.0,15.0,14.0,17.039557,16.636978,16.321787,16.162863,17.22364,16.985966,16.527437,15.930323,15.019982,15.117969,16.290928,16.428263,17.798182,17.161383,18.486462,19.200676,15.002197,15.063788,4.0,0.0,0.0,0.0,4.0,0.0,4.0,0.0
2104,2023.0,1.0,15.0,14.0,16.647917,16.241903,20.140774,23.075603,16.908417,16.670856,16.477795,16.195261,15.612721,15.967511,20.256529,23.16178,18.653559,19.074797,17.364565,16.959047,15.620855,16.014174,4.0,0.0,0.0,0.0,0.0,4.0,0.0,0.0
2105,2023.0,1.0,15.0,14.0,16.665396,16.576756,20.055687,22.559902,16.651875,16.416891,16.357988,16.139093,14.983464,15.010079,17.739819,18.065355,18.556856,18.686419,16.646173,16.145235,14.992629,15.090248,0.0,0.0,0.0,0.0,0.0,4.0,0.0,0.0
2106,2023.0,1.0,15.0,15.0,17.342041,17.97957,17.497736,17.431791,16.435663,16.205173,16.881702,17.301195,15.020227,15.128946,16.547161,16.675428,17.687368,17.206135,16.334558,15.836859,15.021932,15.212853,0.0,0.0,4.0,0.0,4.0,0.0,0.0,0.0
2107,2023.0,1.0,15.0,15.0,16.832998,16.931482,16.33373,16.124115,16.966478,17.36729,17.072124,17.5896,16.03786,15.867107,20.43489,23.355045,17.99729,18.120653,16.343838,16.100893,15.934432,15.790032,0.0,4.0,4.0,0.0,0.0,4.0,0.0,0.0
2108,2023.0,1.0,15.0,15.0,16.107805,15.804225,16.033669,15.8207,16.496595,16.40811,16.072527,15.720174,14.981385,15.056088,17.851418,18.16326,18.113922,18.255705,16.27316,16.069948,14.985663,15.186835,0.0,0.0,0.0,0.0,0.0,4.0,0.0,0.0
2109,2023.0,1.0,15.0,15.0,16.558754,16.88517,15.779967,15.558741,15.762441,15.236377,15.469792,14.935771,15.026143,15.195547,16.344019,16.157331,18.064732,18.207851,16.136585,15.941803,15.025846,15.309026,0.0,0.0,0.0,0.0,0.0,4.0,0.0,0.0
2110,2023.0,1.0,15.0,15.0,15.964445,15.688703,16.05774,16.258839,15.453713,14.8893385,15.242584,14.700837,15.014778,15.200862,15.927462,15.694439,18.019167,18.164513,16.007242,15.819887,15.018708,15.322667,4.0,0.0,0.0,0.0,0.0,4.0,0.0,0.0
2111,2023.0,1.0,15.0,15.0,15.588857,15.242132,20.098557,23.392042,15.57003,15.296067,15.361312,15.107036,15.0168295,15.225711,15.650627,15.411448,17.976494,18.12423,15.889447,15.709244,15.020216,15.346347,0.0,0.0,0.0,0.0,0.0,4.0,0.0,0.0
2112,2023.0,1.0,15.0,16.0,15.43091,15.090106,17.988356,18.742228,15.587478,15.375832,16.115034,16.566702,15.016632,15.241558,15.439268,15.209769,17.234684,16.765087,15.777354,15.596591,15.480263,16.205877,4.0,0.0,4.0,0.0,0.0,0.0,0.0,4.0
2113,2023.0,1.0,15.0,16.0,16.386686,17.032429,20.274633,23.292625,15.505995,15.302984,15.462987,15.153727,15.350515,15.866237,15.257202,15.03052,16.805239,16.247204,15.672204,15.490764,19.486046,23.057823,0.0,0.0,0.0,4.0,0.0,0.0,0.0,0.0
2114,2023.0,1.0,15.0,16.0,15.788795,15.635387,17.761595,18.013422,15.419138,15.21904,14.995431,14.579176,20.17428,24.136377,15.101467,14.883313,17.417152,17.564455,15.574226,15.392378,16.27853,16.275011,4.0,0.0,0.0,0.0,0.0,4.0,0.0,0.0
2115,2023.0,1.0,15.0,16.0,16.049696,16.394264,20.242878,23.092947,16.077763,16.526579,15.506813,15.618251,16.748598,16.808378,14.999681,14.825334,16.875595,16.38317,15.482533,15.299852,14.995238,14.890038,4.0,4.0,4.0,0.0,0.0,0.0,0.0,0.0
2116,2023.0,1.0,15.0,16.0,16.22977,16.616047,20.033222,22.370865,16.376196,16.915794,15.706122,15.888093,15.689682,15.900102,15.01495,14.939307,16.486982,15.923102,15.394465,15.208149,15.026611,15.105635,4.0,4.0,4.0,4.0,0.0,0.0,0.0,0.0
2117,2023.0,1.0,15.0,16.0,16.226809,16.60222,20.097134,22.292828,16.087,16.294262,15.0111685,14.705713,19.891857,22.977102,15.202537,15.344222,17.160854,17.326471,15.318631,15.134693,15.018986,15.187775,4.0,4.0,0.0,0.0,4.0,4.0,0.0,0.0
2118,2023.0,1.0,15.0,17.0,16.227455,16.6045,20.151323,22.27771,15.93316,16.08697,15.727332,15.06374,16.849283,16.790298,20.402477,23.992126,16.612713,16.10418,15.244664,15.060129,15.779815,15.53025,0.0,4.0,0.0,0.0,4.0,0.0,0.0,0.0
2119,2023.0,1.0,15.0,17.0,16.21648,16.585577,17.689829,17.449808,15.88604,16.027458,14.997373,14.762625,15.221111,14.742714,20.016994,22.994379,17.065361,17.22636,15.173268,14.986413,15.587522,16.307634,0.0,4.0,0.0,0.0,0.0,4.0,0.0,4.0
2120,2023.0,1.0,15.0,17.0,16.196081,16.556269,17.097605,17.217579,15.848161,15.980544,15.005713,14.851123,15.0660715,14.821922,17.316126,17.388105,17.265764,17.41571,15.104236,14.914527,19.789736,23.499165,4.0,4.0,0.0,0.0,4.0,4.0,0.0,0.0
2121,2023.0,1.0,15.0,17.0,16.171345,16.522476,20.916586,23.927591,15.810327,15.933791,15.294976,15.082417,15.357667,15.14304,20.356663,23.08273,17.270498,17.408972,15.038122,14.8458185,16.40654,16.370958,4.0,4.0,0.0,0.0,0.0,4.0,0.0,0.0
2122,2023.0,1.0,15.0,17.0,15.448602,15.1891165,19.908394,21.838032,15.772049,15.886428,15.763941,16.244144,14.990307,14.847715,17.427023,17.240376,16.505556,15.962726,15.354711,15.121991,14.985109,14.797597,0.0,4.0,4.0,0.0,0.0,0.0,0.0,0.0
2123,2023.0,1.0,15.0,17.0,15.032708,14.652335,17.904741,17.900206,15.732972,15.838376,15.994033,16.516682,15.021286,15.013484,16.082764,15.789001,16.945957,17.074183,15.103643,14.912891,15.023914,15.051022,4.0,4.0,4.0,0.0,0.0,4.0,0.0,0.0
2124,2023.0,1.0,15.0,18.0,15.630917,15.899268,20.261501,22.660812,15.693448,15.78971,15.662532,15.823744,15.015948,15.080909,15.813915,15.535306,17.137768,17.256313,16.058468,16.795612,15.0197735,15.151708,4.0,4.0,4.0,0.0,0.0,4.0,4.0,0.0
2125,2023.0,1.0,15.0,18.0,20.643217,24.435263,20.049162,22.032547,20.70057,24.528996,20.557856,24.430262,15.017682,15.139786,15.55677,15.283704,20.878332,23.686167,20.186945,23.660658,15.020651,15.232156,4.0,4.0,4.0,0.0,0.0,4.0,0.0,0.0
2126,2023.0,1.0,15.0,18.0,21.089958,24.658096,20.092682,21.989708,21.06971,24.575457,20.648943,24.042154,15.017282,15.175831,15.342564,15.078737,20.823288,23.293604,21.009352,24.56946,15.020644,15.284297,4.0,4.0,0.0,0.0,0.0,0.0,0.0,0.0
2127,2023.0,1.0,15.0,18.0,21.267082,24.494825,20.102743,21.937937,21.10943,24.20702,21.187073,24.543901,15.399415,15.9076185,15.159102,14.901185,21.106964,23.48905,21.515295,24.992233,15.021156,15.317133,0.0,4.0,4.0,4.0,0.0,0.0,0.0,0.0
2128,2023.0,1.0,15.0,18.0,21.120327,24.019888,17.790403,17.448097,21.125723,23.95724,21.1001,24.045794,20.12945,23.906298,15.00257,14.767685,21.370794,23.700323,22.493832,26.347513,15.021063,15.335209,0.0,0.0,4.0,0.0,0.0,0.0,0.0,0.0
2129,2023.0,1.0,15.0,18.0,21.09084,23.73619,16.800142,16.46899,21.119009,23.727076,21.106989,23.834244,17.137684,17.450972,15.015595,14.88522,21.042286,22.942766,22.913576,26.726255,15.0209875,15.345588,0.0,0.0,4.0,4.0,0.0,0.0,0.0,0.0
2130,2023.0,1.0,15.0,19.0,21.118204,23.66071,16.986782,17.087448,21.093575,23.498466,21.10309,23.664587,20.353191,23.579498,15.194399,15.285793,22.301476,25.062937,22.01585,24.940256,15.021059,15.351817,4.0,4.0,4.0,0.0,4.0,0.0,0.0,0.0
2131,2023.0,1.0,15.0,19.0,21.147802,23.583939,20.261848,23.006868,21.095947,23.38796,21.101158,23.539751,17.000874,16.807236,20.22,23.606836,21.029325,22.60016,20.96505,22.878405,15.021254,15.356134,0.0,4.0,4.0,0.0,0.0,4.0,0.0,0.0
2132,2023.0,1.0,15.0,19.0,21.088776,23.378296,18.325638,18.87576,21.117315,23.361393,21.122074,23.50439,15.286604,14.697594,17.436176,17.83247,21.0824,22.65063,22.502161,25.591732,15.021202,15.3618145,4.0,0.0,0.0,0.0,0.0,4.0,0.0,0.0
2133,2023.0,1.0,15.0,19.0,22.234701,25.152882,20.294567,22.774427,21.15322,23.357819,21.14796,23.457087,15.19479,14.928837,15.662259,15.421561,21.754438,23.761154,21.05459,22.879246,15.02115,15.365478,4.0,0.0,4.0,0.0,0.0,0.0,4.0,0.0
2134,2023.0,1.0,15.0,19.0,21.07699,23.181976,20.048532,22.0623,21.086096,23.142542,21.119762,23.35793,15.094263,14.865861,15.286868,15.019695,20.95836,22.231604,22.85088,26.03964,15.021456,15.369176,4.0,4.0,0.0,0.0,0.0,4.0,0.0,0.0
2135,2023.0,1.0,15.0,19.0,21.1108,23.24396,20.093906,22.003054,21.089664,23.10419,21.089516,23.225773,15.004715,14.863965,15.081589,14.815196,21.1017,22.53333,20.879644,22.372656,15.426317,16.115236,4.0,4.0,4.0,0.0,0.0,0.0,0.0,4.0
2136,2023.0,1.0,15.0,20.0,21.949974,24.725243,20.103937,21.935686,21.088364,23.064728,21.093884,23.194279,15.015928,14.981315,15.006565,14.821658,21.7589,23.55443,21.12997,22.920353,19.613333,23.249111,0.0,4.0,4.0,0.0,0.0,4.0,0.0,0.0
2137,2023.0,1.0,15.0,20.0,20.967237,22.781546,17.78374,17.419464,21.11163,23.097946,21.11603,23.222675,15.504874,15.964316,15.203158,15.275706,21.083006,22.4221,22.343527,25.020487,16.210524,16.06197,0.0,0.0,0.0,4.0,4.0,0.0,4.0,0.0
2138,2023.0,1.0,15.0,20.0,21.238426,23.242844,17.269575,17.31824,21.23545,23.141268,21.211649,23.278276,20.628485,24.468592,20.227547,23.59895,21.196314,22.494112,21.05694,22.462587,15.428861,15.346756,4.0,4.0,0.0,4.0,0.0,4.0,0.0,0.0
2139,2023.0,1.0,15.0,20.0,21.06866,22.922977,20.260645,22.741037,21.052885,22.831684,21.082666,23.009048,19.97447,22.873,17.405909,17.754868,21.041025,22.233046,21.079832,22.624487,15.806794,15.76894,4.0,0.0,4.0,4.0,0.0,4.0,0.0,0.0
2140,2023.0,1.0,15.0,20.0,21.08732,22.96842,20.054256,22.05665,21.118147,22.96108,21.1227,23.097775,20.110188,22.784094,15.635636,15.379666,21.095455,22.378544,21.202677,22.90547,14.986183,14.858926,4.0,0.0,0.0,4.0,0.0,0.0,4.0,0.0
2141,2023.0,1.0,15.0,20.0,22.574818,25.560822,20.10841,22.01145,21.076115,22.919935,21.082153,22.98521,20.089485,22.493599,15.26847,14.990756,22.18961,24.291983,21.063694,22.670013,15.0254965,15.069463,0.0,0.0,4.0,4.0,0.0,0.0,4.0,0.0
2142,2023.0,1.0,15.0,21.0,20.906206,22.446379,18.062407,17.956568,21.0567,22.88296,21.088575,22.988647,20.087965,22.309828,15.065215,14.794463,20.946728,21.939749,21.103928,22.805561,15.633473,16.301025,4.0,4.0,4.0,4.0,0.0,4.0,0.0,4.0
2143,2023.0,1.0,15.0,21.0,21.1945,23.062498,20.267538,22.475618,21.171652,23.147062,21.164356,23.129942,20.114025,22.250263,15.009934,14.83759,21.150312,22.3845,21.184793,22.972752,19.942654,23.424313,4.0,0.0,4.0,0.0,0.0,4.0,0.0,0.0
2144,2023.0,1.0,15.0,21.0,22.505005,25.289768,20.064995,21.903624,21.105082,22.96218,21.08654,22.95874,17.42153,16.972773,15.015102,14.932083,22.122272,24.076277,21.096256,22.789833,16.399311,16.180927,0.0,0.0,4.0,0.0,0.0,0.0,0.0,0.0
2145,2023.0,1.0,15.0,21.0,20.90097,22.34142,17.707848,17.279793,21.101974,22.918783,21.08667,22.945679,16.780476,16.745567,15.014669,14.990605,20.944614,21.87417,21.09621,22.783298,14.99062,14.692474,0.0,0.0,4.0,4.0,0.0,4.0,0.0,0.0
2146,2023.0,1.0,15.0,21.0,21.128294,22.868877,17.22864,17.25053,21.051516,22.820845,21.110668,22.99969,20.474411,23.153608,15.015769,15.037179,21.099577,22.245722,21.074879,22.774515,15.021117,14.94574,4.0,4.0,0.0,0.0,0.0,0.0,0.0,0.0
2147,2023.0,1.0,15.0,21.0,21.158882,22.93651,20.264168,22.756506,21.172411,23.096186,21.162943,23.08559,17.377817,16.995731,15.016476,15.072513,21.129372,22.324064,21.848633,23.880411,15.018254,15.059289,0.0,0.0,0.0,0.0,0.0,0.0,0.0,0.0
2148,2023.0,1.0,15.0,22.0,21.0752,22.78311,18.405443,18.841333,21.103767,22.906572,21.105326,22.950113,16.591644,16.57038,15.016584,15.098455,21.050623,22.15529,21.378338,22.819944,15.01916,15.142173,4.0,0.0,0.0,4.0,0.0,4.0,0.0,0.0
2149,2023.0,1.0,15.0,22.0,21.71792,23.896303,20.227686,22.493319,22.01159,24.236229,21.689854,23.977331,20.412582,23.136982,15.001643,15.081116,21.64605,23.190832,21.553425,23.24423,15.019629,15.199689,0.0,4.0,0.0,0.0,4.0,4.0,0.0,0.0
2150,2023.0,1.0,15.0,22.0,20.935604,22.405996,17.973166,17.858696,20.905706,22.28631,20.945044,22.558184,17.806225,17.853964,19.976116,23.353554,20.975092,21.933218,20.92258,22.128906,15.019859,15.2398,4.0,0.0,4.0,4.0,0.0,0.0,4.0,0.0
2151,2023.0,1.0,15.0,22.0,21.187305,22.962229,20.265192,22.580172,21.128399,22.763405,21.102417,22.93999,20.477942,23.083794,17.138737,17.460285,21.142935,22.295303,21.122787,22.622742,15.020252,15.269769,4.0,0.0,0.0,4.0,0.0,0.0,0.0,0.0
2152,2023.0,1.0,15.0,22.0,22.579748,25.297535,20.062359,21.956228,21.174107,22.919542,21.102669,22.912449,20.03539,22.128855,15.679238,15.673292,22.1778,24.066643,21.086353,22.587597,15.020785,15.292937,0.0,0.0,0.0,4.0,4.0,0.0,0.0,0.0
2153,2023.0,1.0,15.0,22.0,20.894367,22.21498,17.64879,17.189472,21.073439,22.752844,21.10247,22.889843,20.982061,23.501461,20.440159,23.771671,20.944296,21.824184,21.090689,22.615927,16.013231,16.881878,0.0,0.0,0.0,0.0,4.0,0.0,0.0,0.0
2154,2023.0,1.0,15.0,23.0,21.097328,22.726482,16.720919,16.323076,21.075478,22.779642,21.0521,22.802189,18.110891,17.719967,20.011404,22.744442,21.04355,22.079943,21.071413,22.630112,15.466559,15.312148,0.0,0.0,4.0,0.0,4.0,4.0,0.0,0.0
2155,2023.0,1.0,15.0,23.0,19.40489,19.54071,16.518154,16.163683,19.247103,19.28479,19.120152,19.14708,16.77407,16.440681,16.995806,16.642519,19.135393,18.460918,19.195118,19.056742,15.030696,15.143427,0.0,0.0,0.0,0.0,0.0,0.0,0.0,0.0
2156,2023.0,1.0,15.0,23.0,18.361109,18.21634,16.277323,15.922421,18.085175,17.765696,17.445398,16.655125,16.451672,16.14957,15.365659,14.598973,18.180767,17.341215,18.197584,17.899555,15.01934,15.194362,0.0,0.0,0.0,0.0,0.0,0.0,0.0,0.0
2157,2023.0,1.0,15.0,23.0,17.912996,17.727985,16.061504,15.702634,17.610563,17.235323,16.739594,15.841273,16.760506,17.019081,15.292324,14.908061,18.60253,18.471214,17.772017,17.462013,15.022561,15.254216,0.0,0.0,0.0,4.0,0.0,4.0,0.0,0.0
2158,2023.0,1.0,15.0,23.0,17.610498,17.427902,15.877543,15.520564,17.302109,16.927256,16.825388,16.39567,16.21676,15.9954195,15.519068,15.478895,17.938555,17.206247,17.457972,17.158394,15.246644,15.701551,0.0,0.0,0.0,0.0,4.0,0.0,0.0,4.0
2159,2023.0,1.0,15.0,23.0,17.400572,17.216452,15.740297,15.380774,17.088333,16.711084,16.755848,16.404423,15.464039,14.789221,15.202687,14.931183,17.531406,16.706635,17.230858,16.935083,14.980561,15.234201,0.0,0.0,0.0,0.0,0.0,0.0,0.0,0.0
2160,2023.0,1.0,16.0,0.0,17.17426,16.987955,15.589106,15.227011,16.859058,16.479675,16.556877,16.207773,15.007401,14.29014,15.000637,14.795621,17.256235,16.42904,16.991589,16.69832,15.009214,15.273514,0.0,0.0,0.0,0.0,0.0,0.0,0.0,4.0
2161,2023.0,1.0,16.0,0.0,16.98458,16.809881,15.460633,15.106337,16.667166,16.299387,16.37831,16.040136,15.140487,14.833127,15.025045,14.946121,17.49919,17.138763,16.780762,16.488733,15.045128,15.371253,0.0,0.0,0.0,0.0,0.0,0.0,0.0,0.0
2162,2023.0,1.0,16.0,0.0,16.805647,16.629501,15.334661,14.977079,16.484524,16.114002,16.204895,15.863883,15.1008215,14.830224,15.023981,15.029148,17.479197,17.132385,16.585976,16.291628,15.069989,15.421868,0.0,0.0,0.0,0.0,0.0,0.0,0.0,0.0
2163,2023.0,1.0,16.0,0.0,16.653805,16.48446,15.22805,14.875371,16.331085,15.9681,16.057714,15.723315,15.003664,14.766284,15.002501,15.023087,17.367708,17.022741,16.41764,16.126375,15.043244,15.388853,0.0,0.0,0.0,0.0,4.0,0.0,0.0,0.0
2164,2023.0,1.0,16.0,0.0,16.528553,16.376297,15.140094,14.800952,16.204748,15.859959,15.936032,15.618512,15.014171,14.880738,15.023891,15.119592,18.0444,18.401371,16.274342,15.993488,15.171336,15.634302,0.0,0.0,0.0,0.0,0.0,4.0,0.0,4.0
2165,2023.0,1.0,16.0,0.0,16.401459,16.25011,15.051671,14.717118,16.081297,15.743314,15.816572,15.505017,15.368288,15.606857,15.019301,15.142625,17.100811,16.385517,16.138454,15.860526,15.0144825,15.341341,0.0,0.0,0.0,4.0,0.0,0.0,0.0,0.0
2166,2023.0,1.0,16.0,1.0,16.290089,16.145641,15.001369,14.700214,15.962281,15.624741,15.701184,15.389275,14.919123,14.780602,15.021174,15.170246,16.596323,15.817826,16.008959,15.728438,15.042859,15.397303,0.0,0.0,0.0,0.0,0.0,0.0,0.0,0.0
2167,2023.0,1.0,16.0,1.0,16.183325,16.038132,15.006496,14.773195,15.851851,15.514523,15.59457,15.282163,15.022179,15.051693,15.0126295,15.162688,16.43135,15.654723,15.891809,15.610544,15.075775,15.464654,0.0,0.0,0.0,0.0,4.0,0.0,0.0,0.0
2168,2023.0,1.0,16.0,1.0,16.087784,15.947022,15.006699,14.813564,15.759917,15.433767,15.506116,15.203491,15.010506,15.039385,15.02544,15.217345,16.74971,16.429186,15.789576,15.5136,15.017658,15.380549,0.0,0.0,0.0,0.0,0.0,0.0,0.0,0.0
2169,2023.0,1.0,16.0,1.0,15.99567,15.857215,15.008205,14.855332,15.667567,15.344911,15.41726,15.117181,15.283793,15.577527,15.021673,15.227215,16.778696,16.447052,15.690722,15.415632,15.027784,15.424731,0.0,0.0,0.0,4.0,0.0,0.0,0.0,0.0
2170,2023.0,1.0,16.0,1.0,15.9176855,15.7884445,15.00851,14.888965,15.582584,15.26493,15.335381,15.039212,14.959181,14.948319,15.022798,15.241894,16.720821,16.39109,15.599364,15.326306,15.026538,15.441038,0.0,0.0,0.0,0.0,0.0,0.0,0.0,0.0
2171,2023.0,1.0,16.0,1.0,15.8535795,15.738942,15.015832,14.93563,15.499917,15.184398,15.256067,14.961426,15.059172,15.159123,15.043556,15.296005,16.662487,16.334282,15.512542,15.240544,15.129666,15.621613,0.0,0.0,0.0,0.0,0.0,0.0,0.0,4.0
2172,2023.0,1.0,16.0,2.0,15.783118,15.672244,15.016917,14.960907,15.423992,15.113008,15.1832905,14.8922415,15.027152,15.108578,15.0441475,15.2997265,16.60609,16.27983,15.431375,15.161472,15.0795555,15.5195265,0.0,0.0,0.0,0.0,0.0,0.0,0.0,0.0
2173,2023.0,1.0,16.0,2.0,15.709964,15.597868,15.018622,14.987225,15.351808,15.045118,15.1141405,14.826506,15.029266,15.153595,15.044827,15.310416,16.550713,16.225769,15.353915,15.085605,15.020067,15.369469,0.0,0.0,0.0,0.0,0.0,0.0,0.0,4.0
2174,2023.0,1.0,16.0,2.0,15.638902,15.526029,15.020148,15.010981,15.282784,14.980119,15.048108,14.7636385,15.031985,15.178807,15.04527,15.319545,16.496931,16.173302,15.280048,15.013299,15.081379,15.549031,0.0,0.0,0.0,0.0,0.0,0.0,0.0,0.0
2175,2023.0,1.0,16.0,2.0,15.572859,15.461743,15.00984,15.010393,15.218567,14.921731,14.998705,14.733203,15.205096,15.504812,15.019843,15.282188,16.445683,16.124134,15.210525,14.946264,15.031857,15.438963,0.0,0.0,0.0,4.0,0.0,0.0,0.0,0.0
2176,2023.0,1.0,16.0,2.0,15.515297,15.411449,15.01217,15.034182,15.154527,14.86103,15.006299,14.795095,14.973891,15.093422,15.008104,15.255527,16.395031,16.074419,15.143131,14.880261,15.027736,15.460945,0.0,0.0,0.0,0.0,4.0,0.0,0.0,0.0
2177,2023.0,1.0,16.0,2.0,15.449106,15.341377,15.012667,15.053293,15.092736,14.802532,15.0061245,14.834462,15.167188,15.46929,15.029243,15.322685,16.346544,16.02739,15.078676,14.817286,15.028318,15.482916,0.0,0.0,0.0,4.0,0.0,0.0,0.0,0.0
2178,2023.0,1.0,16.0,3.0,15.389994,15.283278,15.024635,15.095371,15.031114,14.742305,15.009583,14.879048,15.062237,15.215479,15.021769,15.298031,16.29911,15.980784,15.016096,14.755437,15.054917,15.552576,0.0,0.0,0.0,0.0,4.0,0.0,0.0,0.0
2179,2023.0,1.0,16.0,3.0,15.332753,15.226939,15.025454,15.108713,15.00153,14.742618,15.011042,14.910329,15.064963,15.251658,15.022532,15.311184,16.252638,15.934668,15.003971,14.788806,15.054355,15.552791,0.0,0.0,0.0,0.0,4.0,0.0,0.0,0.0
2180,2023.0,1.0,16.0,3.0,15.276714,15.171755,15.026257,15.124612,15.005289,14.796938,15.0131645,14.9411545,15.035079,15.217739,15.086843,15.422703,16.20698,15.889373,15.006074,14.8286705,15.055041,15.562736,0.0,0.0,0.0,0.0,0.0,0.0,0.0,0.0
2181,2023.0,1.0,16.0,3.0,15.236213,15.146306,15.027036,15.139795,15.007054,14.834709,15.014721,14.968342,15.174838,15.485287,15.046641,15.341046,16.162092,15.844838,15.007878,14.860251,15.055554,15.570178,0.0,0.0,0.0,4.0,0.0,0.0,0.0,0.0
2182,2023.0,1.0,16.0,3.0,15.17756,15.078869,15.012142,15.124993,15.006001,14.861338,15.008092,14.977209,14.981711,15.096076,15.005836,15.271539,16.117905,15.801064,15.006849,14.880552,15.02369,15.5196705,0.0,0.0,0.0,4.0,4.0,0.0,0.0,0.0
2183,2023.0,1.0,16.0,3.0,15.120437,15.01882,15.028453,15.172086,15.0112915,14.9026575,15.01781,15.020464,15.069147,15.31677,15.049781,15.3946,16.073656,15.757065,15.011468,14.914927,15.057676,15.596571,0.0,0.0,0.0,0.0,0.0,0.0,0.0,0.0
2184,2023.0,1.0,16.0,4.0,15.082304,14.994936,15.028813,15.179533,15.012588,14.9293165,15.019105,15.040528,15.069922,15.286215,15.049571,15.386515,16.030573,15.714277,15.014205,14.938793,15.056401,15.589781,0.0,0.0,0.0,0.0,0.0,0.0,0.0,0.0
2185,2023.0,1.0,16.0,4.0,15.027427,14.932173,15.029663,15.19245,15.014862,14.957135,15.020304,15.061743,15.038381,15.258987,15.050231,15.394445,15.98795,15.672169,15.015637,14.959481,15.056962,15.596766,0.0,0.0,0.0,0.0,0.0,0.0,0.0,0.0
2186,2023.0,1.0,16.0,4.0,15.001498,14.930024,15.030306,15.204081,15.015636,14.98001,15.021936,15.082703,15.040489,15.293286,15.023743,15.32875,15.945755,15.630477,15.0155325,14.97621,15.057449,15.601991,0.0,0.0,0.0,0.0,4.0,0.0,0.0,0.0
2187,2023.0,1.0,16.0,4.0,15.004255,14.973813,15.031238,15.216033,15.017215,15.003616,15.022394,15.100435,15.041814,15.313124,15.025471,15.351233,15.9040575,15.589284,15.017367,14.996194,15.058611,15.608584,0.0,0.0,0.0,0.0,4.0,0.0,0.0,0.0
2188,2023.0,1.0,16.0,4.0,15.006795,15.006982,15.032275,15.227793,15.018812,15.0259075,15.023287,15.117932,15.04203,15.328491,15.089932,15.462974,15.862878,15.548608,15.0192795,15.014757,15.057534,15.61044,0.0,0.0,0.0,0.0,0.0,0.0,0.0,0.0
2189,2023.0,1.0,16.0,4.0,15.007508,15.034501,15.032917,15.238533,15.019562,15.045601,15.024022,15.133812,15.043924,15.344995,15.02277,15.310874,15.822223,15.508457,15.020187,15.0305805,15.032936,15.52967,0.0,0.0,0.0,0.0,4.0,0.0,0.0,4.0
2190,2023.0,1.0,16.0,5.0,15.007809,15.059126,15.033667,15.2493925,15.0215435,15.067084,15.024716,15.148855,15.043868,15.355411,15.052331,15.422855,15.782087,15.468826,15.021154,15.046193,15.088561,15.668637,0.0,0.0,0.0,0.0,0.0,0.0,0.0,0.0
2191,2023.0,1.0,16.0,5.0,15.00979,15.085031,15.034669,15.260479,15.022257,15.084988,15.026287,15.165128,15.064046,15.37202,15.051971,15.417453,15.741829,15.42845,15.021676,15.060323,15.0862055,15.627639,0.0,0.0,0.0,4.0,0.0,0.0,0.0,0.0
2192,2023.0,1.0,16.0,5.0,15.0059395,15.096301,15.016069,15.235911,15.481334,15.948121,15.012773,15.152791,15.037417,15.334532,15.023741,15.374009,15.702946,15.390553,15.011278,15.054801,15.022318,15.5326,0.0,4.0,0.0,0.0,0.0,0.0,0.0,0.0
2193,2023.0,1.0,16.0,5.0,15.00717,15.118199,15.013994,15.218134,14.952132,14.939005,15.015174,15.171551,15.039116,15.327359,15.027655,15.389456,15.662536,15.349285,15.013338,15.07291,15.030757,15.565014,4.0,0.0,0.0,0.0,0.0,0.0,0.0,0.0
2194,2023.0,1.0,16.0,5.0,15.013499,15.150112,15.037985,15.309804,15.059951,15.165625,15.029303,15.213359,15.045942,15.365031,15.053937,15.446917,15.622646,15.308956,15.025799,15.111828,15.060172,15.634209,0.0,0.0,0.0,0.0,0.0,0.0,0.0,0.0
2195,2023.0,1.0,16.0,5.0,15.007905,15.152822,15.016647,15.270283,15.006206,15.075172,15.013798,15.192811,15.021232,15.333738,15.023898,15.390403,16.460287,16.933079,15.01236,15.095902,15.026313,15.573014,0.0,0.0,0.0,0.0,0.0,4.0,0.0,0.0
2196,2023.0,1.0,16.0,6.0,15.009674,15.171025,15.020493,15.286454,15.014545,15.117476,15.016661,15.210938,15.025016,15.356418,15.028517,15.405319,15.93867,15.672816,15.015024,15.11424,14.998037,15.498908,0.0,0.0,0.0,0.0,0.0,0.0,0.0,4.0
2197,2023.0,1.0,16.0,6.0,20.456999,24.540792,15.020344,15.29393,19.687601,23.184313,19.530443,22.947493,15.02553,15.368757,15.028323,15.409677,19.912458,22.498913,19.941967,23.632908,19.385914,23.112398,0.0,0.0,0.0,0.0,0.0,4.0,0.0,0.0
2198,2023.0,1.0,16.0,6.0,20.842222,24.65534,15.020668,15.301859,20.807957,24.61857,20.731518,24.553162,15.024617,15.370872,15.028218,15.411826,19.94124,22.329754,21.049627,25.012325,15.851212,15.635171,0.0,0.0,0.0,0.0,0.0,0.0,0.0,0.0
2199,2023.0,1.0,16.0,6.0,20.67963,23.897877,15.021107,15.309967,21.146704,24.742176,21.158138,24.843822,15.008134,15.306162,15.028139,15.412137,20.30583,22.652906,21.68271,25.625017,15.100939,15.328775,0.0,0.0,0.0,4.0,0.0,0.0,0.0,0.0
2200,2023.0,1.0,16.0,6.0,21.018816,24.175955,15.021263,15.31747,21.106476,24.313238,21.108517,24.396118,19.791626,23.583263,15.028266,15.411985,20.596151,22.887222,22.12798,25.980059,15.019291,15.285018,0.0,0.0,0.0,0.0,0.0,0.0,0.0,0.0
2201,2023.0,1.0,16.0,6.0,21.088919,24.060562,15.021505,15.324792,21.108374,24.073126,21.089624,24.098986,16.710655,16.947174,15.028345,15.41162,21.113432,23.591942,20.97389,23.603771,15.171124,15.616329,0.0,0.0,4.0,0.0,0.0,4.0,0.0,4.0
2202,2023.0,1.0,16.0,7.0,21.133425,23.954515,15.021809,15.332108,21.105143,23.88946,21.090717,23.931456,14.982528,14.809454,15.012653,15.366512,21.685926,24.35311,21.117825,23.75902,20.037966,24.087002,0.0,0.0,4.0,0.0,4.0,4.0,0.0,0.0
2203,2023.0,1.0,16.0,7.0,21.098948,23.712395,15.022291,15.339374,21.102879,23.75188,21.13982,23.8625,15.450396,15.862274,19.498997,23.01738,21.240986,23.335352,22.359444,25.678133,16.766825,17.048111,0.0,0.0,0.0,4.0,0.0,0.0,4.0,4.0
2204,2023.0,1.0,16.0,7.0,21.12717,23.674442,14.999703,15.280119,21.077614,23.58047,21.128712,23.698156,20.39669,24.119982,16.92713,17.461111,21.470503,23.625645,22.305067,25.208345,20.067614,23.430607,4.0,4.0,0.0,4.0,4.0,0.0,4.0,0.0
2205,2023.0,1.0,16.0,7.0,21.61485,24.276491,19.382849,22.860851,21.6939,24.454824,21.33006,23.89193,20.038183,23.121334,20.240126,23.792732,21.489902,23.405134,22.02474,24.572994,17.067001,17.302696,0.0,0.0,0.0,0.0,4.0,4.0,4.0,4.0
2206,2023.0,1.0,16.0,7.0,20.971014,23.093103,16.679712,17.029198,20.952587,23.030027,21.02696,23.300953,16.638418,16.241676,19.801508,22.573862,21.02153,22.551552,20.916712,22.573761,20.11775,23.199377,0.0,4.0,4.0,0.0,0.0,4.0,4.0,0.0
2207,2023.0,1.0,16.0,7.0,21.110847,23.346354,15.004699,14.853894,21.119795,23.309168,21.109009,23.464918,14.9944105,14.330036,16.67617,16.275864,21.083115,22.659994,21.099224,22.99175,16.711935,16.39501,0.0,4.0,0.0,0.0,0.0,4.0,4.0,0.0
2208,2023.0,1.0,16.0,8.0,21.091682,23.285275,15.025448,15.036431,21.096178,23.217707,21.099827,23.348158,15.0348015,14.722115,15.417704,15.041364,21.071182,22.619738,21.115057,23.078035,16.001759,16.246101,0.0,4.0,4.0,0.0,0.0,4.0,0.0,4.0
2209,2023.0,1.0,16.0,8.0,18.839296,18.944603,15.095721,15.243387,18.773346,18.72971,18.654488,18.608686,15.00974,14.8259115,15.532187,15.5209675,18.679316,18.036423,19.163944,19.293734,20.118538,23.263443,4.0,4.0,4.0,0.0,4.0,0.0,4.0,0.0
2210,2023.0,1.0,16.0,8.0,17.780888,17.755247,20.006021,23.874105,17.583479,17.307272,16.795654,15.983169,16.102932,15.706915,20.352146,23.647076,17.51817,16.652132,18.376932,18.532455,16.681335,16.371996,4.0,4.0,0.0,0.0,4.0,0.0,4.0,0.0
2211,2023.0,1.0,16.0,8.0,16.724033,16.105055,19.729792,22.785606,17.179056,16.903843,16.044235,15.132743,15.588942,15.992279,20.063875,22.898516,17.090925,16.22893,18.0854,18.26111,15.8355,15.725961,0.0,4.0,0.0,4.0,0.0,0.0,4.0,0.0
2212,2023.0,1.0,16.0,8.0,16.854794,16.817354,16.547798,16.304821,16.901596,16.647526,15.634995,14.733768,20.406555,24.167519,16.888203,16.495522,18.02701,18.340805,16.933851,16.333654,15.089263,14.789506,0.0,4.0,0.0,4.0,0.0,4.0,0.0,0.0
2213,2023.0,1.0,16.0,8.0,16.148993,15.569251,15.264794,14.903458,16.673996,16.438908,15.733845,15.271183,20.04277,23.088032,15.591094,15.183334,17.111992,16.38516,16.190016,15.476843,15.009174,14.864878,0.0,4.0,0.0,4.0,0.0,0.0,0.0,0.0
2214,2023.0,1.0,16.0,9.0,16.410137,16.426643,14.999436,14.665437,15.787175,14.965072,15.682163,15.30705,20.137981,22.940186,15.294944,14.914009,16.488543,15.680187,15.796036,15.080579,15.025317,15.052717,0.0,0.0,0.0,0.0,0.0,0.0,0.0,0.0
2215,2023.0,1.0,16.0,9.0,16.47008,16.5346,15.018638,14.8730545,15.9955225,15.7247505,15.505123,15.14599,16.953392,16.56177,15.425096,15.426534,16.25049,15.454077,15.51679,14.822261,15.023273,15.159195,0.0,4.0,0.0,0.0,4.0,0.0,0.0,0.0
2216,2023.0,1.0,16.0,9.0,16.375635,16.453905,15.38732,15.349422,16.076118,15.89443,15.333539,14.981522,15.360421,14.623963,20.079012,23.164797,16.449266,16.053211,15.615912,15.274057,15.43295,15.684102,0.0,4.0,0.0,0.0,0.0,0.0,0.0,0.0
2217,2023.0,1.0,16.0,9.0,15.569049,15.036409,15.659121,15.70168,15.298212,14.543969,15.924393,16.223314,15.216363,14.832046,17.642015,18.166542,17.243866,17.581179,15.583738,15.294041,15.554054,15.534358,0.0,0.0,4.0,0.0,4.0,4.0,0.0,0.0
2218,2023.0,1.0,16.0,9.0,15.189611,14.555137,15.788101,15.957659,15.804747,15.441079,15.408565,15.196883,15.103067,14.779904,20.381319,23.175772,16.275448,15.586847,15.462256,15.173404,16.202675,15.889888,0.0,0.0,0.0,0.0,0.0,0.0,0.0,0.0
2219,2023.0,1.0,16.0,9.0,14.998361,14.406873,14.99659,14.7943325,15.641673,15.438854,15.3264675,15.204332,15.007174,14.80328,17.60769,17.735882,15.781557,15.0287075,15.328836,15.0458765,14.974371,14.956561,0.0,4.0,4.0,0.0,0.0,0.0,0.0,0.0
2220,2023.0,1.0,16.0,10.0,16.03484,16.54359,15.019981,14.96604,15.733741,15.601944,14.986982,14.651835,15.019489,14.962618,15.983642,15.622206,15.630768,14.882999,16.265976,16.920124,15.036981,15.208563,0.0,4.0,0.0,0.0,0.0,0.0,4.0,0.0
2221,2023.0,1.0,16.0,10.0,15.336686,14.962801,15.129239,15.245028,15.001562,14.419026,15.028423,14.804068,15.019776,15.053521,15.4993105,15.1139965,15.887623,15.5230055,15.271145,14.708341,15.023395,15.259663,4.0,0.0,0.0,0.0,0.0,0.0,0.0,0.0
2222,2023.0,1.0,16.0,10.0,15.521208,15.626402,19.978092,23.753984,15.332277,15.164598,15.546512,15.5405855,15.020811,15.12113,15.187189,14.800864,15.949682,15.610697,16.010265,15.349224,15.025629,15.320623,4.0,4.0,0.0,0.0,0.0,0.0,0.0,0.0
2223,2023.0,1.0,16.0,10.0,14.987864,14.663118,19.772623,22.80997,15.446775,15.344206,14.997232,14.77733,15.021195,15.169283,14.999397,14.690811,15.894013,15.555265,15.863744,16.183058,15.026107,15.362349,0.0,4.0,0.0,0.0,0.0,0.0,4.0,0.0
2224,2023.0,1.0,16.0,10.0,15.025651,14.821861,16.576365,16.309805,14.987206,14.609577,15.014103,14.896147,15.021563,15.204251,15.181437,15.185216,15.838785,15.49971,14.954028,14.552306,15.026492,15.393235,0.0,0.0,0.0,0.0,4.0,0.0,0.0,0.0
2225,2023.0,1.0,16.0,10.0,15.01737,14.866229,15.283105,14.906233,15.028507,14.769184,15.012278,14.959514,15.022254,15.231913,19.879486,22.966623,15.785219,15.445941,15.040191,14.8018,15.026974,15.417115,0.0,0.0,0.0,0.0,0.0,0.0,0.0,0.0
2226,2023.0,1.0,16.0,11.0,15.7618885,16.341713,15.011335,14.658626,15.023497,14.814806,15.013051,15.012517,15.022861,15.254198,17.195656,17.461887,15.7347975,15.396325,15.017721,14.813863,15.027284,15.435654,0.0,0.0,0.0,0.0,0.0,0.0,0.0,0.0
2227,2023.0,1.0,16.0,11.0,15.612384,15.812812,15.01947,14.84603,15.008784,14.862425,15.013929,15.056079,15.023556,15.27461,15.424313,15.091519,15.685249,15.345922,15.009277,14.863625,15.027457,15.45038,0.0,0.0,0.0,0.0,0.0,0.0,0.0,0.0
2228,2023.0,1.0,16.0,11.0,14.973068,14.808083,15.016688,14.962107,15.011302,14.926389,15.01488,15.093761,15.023632,15.289269,14.996876,14.656091,15.638959,15.300102,15.945422,16.678774,15.028083,15.462997,0.0,0.0,0.0,0.0,0.0,0.0,4.0,0.0
2229,2023.0,1.0,16.0,11.0,15.0272455,14.979092,15.018282,15.055308,15.0118885,14.974697,15.015633,15.126447,15.024069,15.30247,15.024792,14.867677,15.594091,15.255455,14.943835,14.674002,15.028122,15.47238,0.0,0.0,0.0,0.0,0.0,0.0,0.0,0.0
2230,2023.0,1.0,16.0,11.0,15.021061,15.009356,15.019951,15.12696,15.013312,15.016606,15.016787,15.156073,15.023685,15.312467,15.023089,14.970982,15.5499325,15.210259,15.059577,14.966861,15.028385,15.480568,0.0,0.0,0.0,0.0,0.0,0.0,0.0,0.0
2231,2023.0,1.0,16.0,11.0,15.0069,15.044685,15.019978,15.180078,15.01344,15.050312,15.016659,15.1800995,15.024737,15.323405,15.020552,15.041098,15.50958,15.1708,15.599346,15.99227,15.028455,15.486912,0.0,0.0,0.0,0.0,0.0,0.0,4.0,0.0
2232,2023.0,1.0,16.0,12.0,15.009601,15.098177,15.020962,15.22425,15.014182,15.080632,15.017383,15.203318,15.024926,15.331837,15.0224285,15.098892,15.470219,15.131921,14.936266,14.714881,15.028427,15.492474,0.0,0.0,0.0,0.0,0.0,0.0,0.0,0.0
2233,2023.0,1.0,16.0,12.0,20.177824,24.15452,15.021208,15.259201,20.139765,24.035625,19.91252,23.675108,15.025015,15.339205,15.022236,15.138334,19.68913,22.311098,19.996819,23.3193,15.028953,15.497596,0.0,0.0,0.0,0.0,0.0,0.0,0.0,0.0
2234,2023.0,1.0,16.0,12.0,20.813044,24.675459,15.02166,15.288556,20.861422,24.701412,20.772757,24.635916,15.024547,15.342499,15.02256,15.168592,20.432768,23.381279,20.666557,24.144028,15.027476,15.492676,0.0,0.0,0.0,0.0,0.0,0.0,0.0,0.0
2235,2023.0,1.0,16.0,12.0,21.145754,24.801865,15.021935,15.312878,21.149595,24.726778,21.149681,24.839256,15.024322,15.341271,15.002509,15.135702,20.829105,23.697908,21.558634,25.314741,15.027297,15.485453,0.0,0.0,0.0,0.0,4.0,0.0,0.0,0.0
2236,2023.0,1.0,16.0,12.0,21.087725,24.33324,15.022781,15.331994,21.108406,24.299969,21.120144,24.433304,15.023841,15.336452,19.76171,22.986666,20.952232,23.58201,21.774553,25.303501,15.027002,15.476065,0.0,0.0,0.0,0.0,4.0,0.0,0.0,0.0
2237,2023.0,1.0,16.0,12.0,21.110956,24.170515,15.018711,15.334435,21.108166,24.05986,21.111256,24.172304,16.15256,17.205513,20.052809,23.264347,21.339252,24.007902,22.284603,25.873951,16.419363,17.82946,0.0,0.0,0.0,0.0,4.0,0.0,0.0,0.0
2238,2023.0,1.0,16.0,13.0,21.283806,24.250511,15.996914,16.928814,21.830206,25.08852,21.741547,25.05799,16.113876,16.656618,20.140263,22.99034,22.254509,25.369905,22.320093,25.617609,15.9345665,16.713352,0.0,0.0,0.0,4.0,0.0,4.0,0.0,0.0
2239,2023.0,1.0,16.0,13.0,21.075315,23.687263,15.425765,15.508191,20.957417,23.347075,21.001932,23.568266,20.045553,23.751026,17.014557,16.661604,21.799131,24.200945,21.978327,24.829065,14.980433,15.050372,0.0,4.0,0.0,0.0,0.0,4.0,4.0,0.0
2240,2023.0,1.0,16.0,13.0,21.128586,23.70363,15.0392275,15.235741,21.120882,23.62606,21.118057,23.727404,16.529785,16.328917,15.709081,15.291664,22.119898,24.715834,21.095354,23.12308,15.05083,15.2866955,0.0,0.0,0.0,0.0,0.0,4.0,0.0,0.0
2241,2023.0,1.0,16.0,13.0,21.117281,23.592545,15.019192,15.251643,21.095375,23.515457,21.10047,23.631363,14.986649,14.610482,15.421766,15.026579,21.761145,23.931831,21.130995,23.19245,15.0201645,15.28635,0.0,0.0,0.0,0.0,0.0,0.0,0.0,0.0
2242,2023.0,1.0,16.0,13.0,21.091837,23.520329,15.0223465,15.299404,21.09665,23.465002,21.100931,23.580997,15.0254345,14.88242,15.153081,14.770515,21.023,22.520258,21.106714,23.130917,15.025312,15.335216,0.0,0.0,0.0,0.0,0.0,0.0,0.0,0.0
2243,2023.0,1.0,16.0,13.0,21.092632,23.497883,15.022723,15.332245,21.068209,23.3455,21.097431,23.531519,15.021565,15.0042715,15.0002165,14.70216,21.103172,22.675838,21.085846,23.112423,15.024841,15.36128,0.0,4.0,0.0,0.0,0.0,0.0,0.0,0.0
2244,2023.0,1.0,16.0,14.0,21.188787,23.656797,15.043178,15.397606,21.237022,23.61226,21.200974,23.690432,15.027144,15.109718,15.017133,14.892282,21.094759,22.658403,21.177893,23.297348,15.046141,15.423379,0.0,0.0,0.0,0.0,0.0,4.0,0.0,0.0
2245,2023.0,1.0,16.0,14.0,18.769358,18.954023,15.020393,15.36741,18.384148,18.029512,18.65854,18.742514,15.017898,15.141882,15.015948,14.967285,18.732088,18.127602,18.824333,18.737486,15.020659,15.383879,0.0,0.0,0.0,0.0,0.0,0.0,0.0,0.0
2246,2023.0,1.0,16.0,14.0,17.404596,17.248154,15.024203,15.39057,17.896019,18.143585,17.164272,16.8473,15.02165,15.195019,15.020463,15.045324,17.573158,16.73045,17.574001,17.232918,15.025998,15.408014,0.0,4.0,0.0,0.0,0.0,0.0,0.0,0.0
2247,2023.0,1.0,16.0,14.0,16.914522,16.730186,15.024084,15.402788,17.336721,17.159763,17.3783,17.676804,15.021731,15.2304,15.020635,15.097166,17.156021,16.318558,17.086998,16.73866,15.025756,15.420016,0.0,4.0,4.0,0.0,0.0,0.0,0.0,0.0
2248,2023.0,1.0,16.0,14.0,16.577948,16.397928,15.024492,15.413932,16.258377,15.478127,17.352173,17.717537,15.022283,15.259128,15.021109,15.139887,17.241371,16.81196,16.737085,16.400305,15.026066,15.431576,0.0,0.0,4.0,0.0,0.0,0.0,0.0,0.0
2249,2023.0,1.0,16.0,14.0,16.313011,16.148544,15.002444,15.359806,15.689207,14.839181,16.695051,16.587164,15.022932,15.282139,15.021753,15.172792,17.162344,16.785177,16.444284,16.116274,15.026803,15.442228,4.0,0.0,4.0,0.0,0.0,0.0,0.0,0.0
2250,2023.0,1.0,16.0,15.0,16.085707,15.928078,19.579206,23.153559,16.083881,15.856065,15.686828,14.981037,15.023497,15.300699,15.022689,15.198563,16.994232,16.632885,16.199432,15.885714,15.02674,15.4505205,4.0,4.0,0.0,0.0,0.0,0.0,0.0,0.0
2251,2023.0,1.0,16.0,15.0,16.686676,17.236017,20.060936,23.539093,15.487771,14.754663,15.863015,15.687388,15.023587,15.313413,15.022098,15.211066,16.832426,16.478113,17.102402,17.79181,15.027956,15.462556,0.0,0.0,4.0,0.0,0.0,0.0,4.0,0.0
2252,2023.0,1.0,16.0,15.0,16.164864,16.162416,17.060757,17.373476,15.035669,14.225168,15.246706,14.556682,15.02362,15.322847,15.02186,15.218237,16.689955,16.343405,16.006317,15.453754,15.027974,15.471989,0.0,0.0,0.0,0.0,0.0,0.0,0.0,0.0
2253,2023.0,1.0,16.0,15.0,16.083817,16.22302,15.818597,15.96628,15.193644,14.770549,15.016131,14.44094,15.02424,15.333234,15.023004,15.229547,17.41958,17.849432,15.330107,14.685103,15.0285845,15.482555,4.0,0.0,0.0,0.0,0.0,4.0,0.0,0.0
2254,2023.0,1.0,16.0,15.0,16.06759,16.223764,20.050383,23.549688,15.202873,14.846843,15.629868,15.438564,15.024584,15.342871,15.023732,15.24166,16.451494,15.7892,15.081101,14.440386,15.028692,15.492301,4.0,0.0,0.0,0.0,0.0,0.0,0.0,0.0
2255,2023.0,1.0,16.0,15.0,15.252446,14.755769,20.003296,22.983217,15.095521,14.749757,15.093554,14.750459,15.024633,15.350924,15.02386,15.250938,15.91157,15.163991,15.203172,14.883693,15.029295,15.502689,0.0,0.0,0.0,0.0,0.0,0.0,0.0,0.0
2256,2023.0,1.0,16.0,16.0,15.008958,14.594225,17.085953,17.050795,15.732963,16.044724,15.736578,16.063908,15.025785,15.361889,15.023629,15.256389,16.577682,16.58198,15.192324,14.911278,15.029226,15.511617,4.0,4.0,4.0,0.0,0.0,4.0,0.0,0.0
2257,2023.0,1.0,16.0,16.0,15.702016,14.990693,20.06209,23.042908,16.013453,16.42828,15.325833,15.178045,15.026289,15.371956,15.024797,15.265954,16.025703,15.3611355,15.090552,14.812128,15.24036,15.878967,4.0,4.0,0.0,0.0,0.0,0.0,0.0,4.0
2258,2023.0,1.0,16.0,16.0,15.943717,16.51403,20.059189,22.692091,15.685444,15.627689,15.975265,16.350222,15.026633,15.382374,15.004747,15.218871,15.619074,14.883927,15.365586,15.052379,19.309027,22.895243,4.0,0.0,0.0,0.0,4.0,0.0,0.0,0.0
2259,2023.0,1.0,16.0,16.0,15.818644,16.040888,20.119879,22.578802,15.355792,15.240576,15.483055,15.470711,15.026843,15.390841,19.691559,23.037104,16.296762,16.305876,15.0734625,14.802309,15.850658,15.640545,4.0,4.0,4.0,0.0,0.0,4.0,0.0,0.0
2260,2023.0,1.0,16.0,16.0,15.642657,15.819188,20.125463,22.440426,15.3743725,15.287222,15.953164,16.272614,15.125675,15.547419,16.77273,17.04247,15.782391,15.140438,15.294553,14.975232,15.077519,15.23034,0.0,4.0,0.0,4.0,0.0,0.0,0.0,0.0
2261,2023.0,1.0,16.0,16.0,15.598377,15.774945,17.5873,17.438583,15.316989,15.229971,14.990577,14.680652,19.884733,23.725197,14.99682,14.765408,16.21917,16.232258,14.991745,14.74612,15.462062,16.06203,4.0,4.0,0.0,0.0,0.0,4.0,0.0,4.0
2262,2023.0,1.0,16.0,17.0,15.558781,15.731649,20.240597,22.886347,15.257661,15.1692,16.003023,15.541224,16.699888,16.917976,15.035247,14.996983,16.407984,16.409409,16.361345,16.0496,19.520628,23.053045,4.0,4.0,0.0,4.0,0.0,4.0,0.0,0.0
2263,2023.0,1.0,16.0,17.0,15.515923,15.681146,20.061226,22.304125,15.197105,15.102349,15.368062,15.100687,20.472279,24.026485,15.005115,15.02453,16.407362,16.398132,15.457743,15.167058,16.030073,15.778593,4.0,4.0,0.0,4.0,4.0,4.0,0.0,0.0
2264,2023.0,1.0,16.0,17.0,15.475673,15.630969,20.113586,22.259907,15.137173,15.0352125,15.261723,14.940361,20.065678,23.056267,19.8696,23.173355,16.40307,16.38482,16.012259,16.662142,15.050952,15.037974,4.0,4.0,0.0,0.0,0.0,4.0,4.0,0.0
2265,2023.0,1.0,16.0,17.0,15.433536,15.575846,20.121576,22.184523,16.056322,16.632421,15.276512,14.978006,16.721203,16.339592,16.984123,17.25135,15.625236,14.918276,15.5437975,15.430643,15.504467,16.052763,0.0,0.0,0.0,0.0,0.0,0.0,0.0,4.0
2266,2023.0,1.0,16.0,17.0,15.386929,15.516621,17.4304,16.957731,15.2653885,15.176733,15.5990505,15.942071,15.780195,15.658752,15.205972,14.894574,15.224548,14.459317,14.970185,14.576454,19.335163,22.59529,0.0,4.0,4.0,4.0,0.0,0.0,0.0,0.0
2267,2023.0,1.0,16.0,17.0,15.35262,15.479618,16.73767,16.658426,15.106523,14.977239,15.757612,16.150608,20.4863,23.882965,15.017265,14.86586,15.060331,14.285782,15.052032,14.863712,16.037304,15.729452,4.0,4.0,4.0,4.0,0.0,0.0,0.0,0.0
2268,2023.0,1.0,16.0,18.0,15.319388,15.555225,20.252811,23.055317,15.027143,14.8888855,15.275609,15.213708,20.075018,22.907618,15.02615,15.010669,15.803606,15.805797,15.675498,15.842446,15.051645,14.990579,4.0,4.0,4.0,0.0,0.0,4.0,0.0,0.0
2269,2023.0,1.0,16.0,18.0,19.623041,23.036087,20.067951,22.37471,20.266474,24.086308,19.581182,22.912544,16.739605,16.237644,15.0252695,15.096819,19.168741,21.37351,20.751612,24.588129,15.024718,15.117048,4.0,4.0,0.0,0.0,0.0,0.0,0.0,0.0
2270,2023.0,1.0,16.0,18.0,20.595514,24.165327,20.129395,22.316092,20.576262,24.02633,20.047583,23.214222,15.086482,14.249343,15.026078,15.15847,19.636784,21.952837,22.027168,26.42255,15.029695,15.241886,0.0,4.0,0.0,0.0,0.0,0.0,4.0,0.0
2271,2023.0,1.0,16.0,18.0,21.012278,24.461506,17.276554,16.716589,20.541111,23.576048,20.375193,23.41774,15.835771,16.163809,15.02587,15.199542,20.59492,23.36907,20.979208,24.058662,15.028237,15.322664,0.0,0.0,0.0,4.0,0.0,0.0,0.0,0.0
2272,2023.0,1.0,16.0,18.0,21.14592,24.324858,16.598333,16.488068,21.171719,24.321478,21.187403,24.56162,20.341383,23.745825,15.026952,15.233345,21.61324,24.797935,21.386612,24.470827,15.328292,15.908566,4.0,4.0,0.0,4.0,0.0,4.0,0.0,4.0
2273,2023.0,1.0,16.0,18.0,21.069838,23.970743,20.271877,23.136698,21.056265,23.873596,21.099508,24.12795,20.074905,22.885735,15.027518,15.259147,20.643099,22.774319,22.361443,25.922235,20.119978,24.146544,4.0,0.0,0.0,0.0,0.0,0.0,4.0,4.0
2274,2023.0,1.0,16.0,19.0,21.053553,23.75921,20.083244,22.434689,21.5282,24.468853,21.684803,24.970886,16.74314,16.198294,15.027739,15.277781,20.550474,22.441097,21.704617,24.521341,19.620474,22.748087,0.0,4.0,0.0,0.0,0.0,0.0,0.0,0.0
2275,2023.0,1.0,16.0,19.0,21.119366,23.704973,17.43131,17.124533,21.084013,23.510656,21.014338,23.568417,15.102683,14.235022,15.027708,15.290602,20.79659,22.72076,21.065521,23.257282,16.077469,15.595634,4.0,0.0,4.0,0.0,0.0,0.0,0.0,0.0
2276,2023.0,1.0,16.0,19.0,21.498552,24.229565,20.221518,22.798988,21.53468,24.149458,21.965565,25.075907,15.150609,14.732478,15.028661,15.303883,22.186724,25.027079,22.009418,24.805353,15.523237,15.656599,4.0,0.0,0.0,0.0,0.0,4.0,0.0,4.0
2277,2023.0,1.0,16.0,19.0,22.058243,25.027895,20.05951,22.217257,22.401209,25.537807,21.842915,24.623877,14.996098,14.680851,15.028738,15.313264,21.156847,22.983469,22.36351,25.22821,19.924332,23.15115,4.0,0.0,4.0,0.0,0.0,0.0,0.0,0.0
2278,2023.0,1.0,16.0,19.0,22.418604,25.518187,20.131418,22.206322,22.000126,24.575668,21.875793,24.60213,15.600037,16.003859,15.028966,15.319932,21.3692,23.305809,22.092749,24.624418,16.278606,15.815985,0.0,4.0,0.0,4.0,0.0,0.0,0.0,0.0
2279,2023.0,1.0,16.0,19.0,20.953709,22.833815,17.586672,17.19382,21.079306,23.1103,21.032616,23.031273,20.397142,23.989784,15.028853,15.324772,21.412441,23.28937,21.994143,24.299915,15.017496,14.661363,4.0,0.0,0.0,0.0,0.0,0.0,0.0,0.0
2280,2023.0,1.0,16.0,20.0,22.008226,24.610075,20.18481,22.549822,21.584133,23.92079,22.116606,24.874022,16.975782,16.931902,15.009573,15.283358,21.586966,23.551657,22.089499,24.593887,15.024508,14.916556,0.0,0.0,0.0,4.0,4.0,4.0,0.0,0.0
2281,2023.0,1.0,16.0,20.0,20.927269,22.682722,17.286304,16.682869,21.012363,22.844446,20.916025,22.740427,20.475655,23.6707,19.885838,23.3573,21.017529,22.456106,20.903368,22.459171,15.025468,15.069503,0.0,4.0,4.0,4.0,4.0,0.0,4.0,0.0
2282,2023.0,1.0,16.0,20.0,21.143137,23.168688,16.534035,16.38271,21.112797,23.043528,21.101053,23.17233,20.455505,23.374197,20.062218,23.387966,21.515041,23.3297,21.147429,23.017378,16.247452,17.236853,4.0,4.0,4.0,0.0,4.0,0.0,0.0,0.0
2283,2023.0,1.0,16.0,20.0,21.777098,24.232883,20.244057,23.075817,21.621881,23.876036,21.46833,23.744688,16.95043,16.336695,19.783926,22.50239,21.3917,23.04697,22.152699,24.744215,14.964526,14.963803,0.0,0.0,0.0,0.0,0.0,0.0,0.0,0.0
2284,2023.0,1.0,16.0,20.0,21.012138,22.835295,17.752628,17.882967,21.022934,22.7875,21.048487,22.972965,15.191861,14.252612,16.430555,15.795644,21.506388,23.392244,22.319864,24.846376,15.41527,15.9590435,0.0,0.0,0.0,0.0,0.0,0.0,0.0,4.0
2285,2023.0,1.0,16.0,20.0,21.07339,23.019508,16.60361,16.566689,21.0767,22.94473,21.135307,23.133957,15.219348,14.749502,15.618204,15.471349,21.08085,22.577135,22.14107,24.38995,19.513216,22.775661,4.0,4.0,0.0,0.0,4.0,0.0,0.0,0.0
2286,2023.0,1.0,16.0,21.0,21.163826,23.273731,20.286856,23.262873,21.166246,23.119574,21.063139,23.019487,15.041234,14.652104,20.451077,23.670742,21.12455,22.678125,21.071129,22.725546,16.512188,16.574,4.0,0.0,4.0,0.0,4.0,4.0,0.0,4.0
2287,2023.0,1.0,16.0,21.0,21.869926,24.634571,20.125206,22.560318,21.518103,23.8004,21.692698,24.31529,15.844936,16.07549,20.019705,22.668335,21.665216,23.727633,21.90427,24.491613,20.56685,24.21252,0.0,0.0,4.0,0.0,4.0,4.0,0.0,4.0
2288,2023.0,1.0,16.0,21.0,21.09369,23.03885,17.312597,16.892342,21.061676,22.900005,21.130713,23.13478,15.000322,14.820105,20.05404,22.45334,21.076927,22.511538,22.639517,25.516787,20.040302,22.968817,4.0,4.0,0.0,0.0,0.0,4.0,0.0,4.0
2289,2023.0,1.0,16.0,21.0,22.098967,24.644444,20.172348,22.677334,21.901146,24.224533,22.007587,24.464924,15.412132,15.720099,16.851326,16.110258,21.39335,23.043194,21.711996,23.774796,20.147781,22.930988,4.0,4.0,4.0,4.0,0.0,0.0,0.0,0.0
2290,2023.0,1.0,16.0,21.0,22.057344,24.43719,20.059277,22.169401,21.993687,24.264576,22.30433,24.829088,20.532785,24.317703,15.627391,15.085869,22.090933,24.156559,22.201202,24.538248,16.690672,16.07514,4.0,0.0,4.0,4.0,0.0,4.0,4.0,0.0
2291,2023.0,1.0,16.0,21.0,22.344835,24.94907,20.1331,22.14558,22.33015,24.834354,22.735672,25.539602,19.932737,22.88032,15.359639,14.8745985,21.78747,23.575169,22.844215,25.586699,14.990367,14.183661,0.0,0.0,4.0,0.0,0.0,0.0,0.0,0.0
2292,2023.0,1.0,16.0,22.0,20.96831,22.455978,17.596127,17.141197,20.970633,22.35856,20.924618,22.272753,16.409668,15.770162,15.035805,14.577961,21.01037,22.118843,20.907547,22.079996,16.039907,16.581545,4.0,0.0,0.0,0.0,0.0,4.0,0.0,4.0
2293,2023.0,1.0,16.0,22.0,21.779848,23.980057,20.179714,22.457193,21.605154,23.491472,21.745886,23.847107,14.990501,14.308504,15.028509,14.810875,21.889442,23.589287,22.188408,24.305132,20.489962,23.932846,0.0,4.0,4.0,0.0,0.0,4.0,0.0,4.0
2294,2023.0,1.0,16.0,22.0,20.995064,22.53236,17.247383,16.52677,21.032501,22.61128,21.011656,22.500814,15.0252,14.664139,15.025835,14.946215,20.936243,21.909704,20.899408,22.12138,20.081535,22.934343,0.0,4.0,0.0,0.0,0.0,4.0,4.0,0.0
2295,2023.0,1.0,16.0,22.0,21.128159,22.855307,16.521202,16.299528,21.105581,22.762194,21.133547,22.800247,15.34134,15.457742,15.012362,15.013986,21.139517,22.388884,22.46908,24.87251,17.171165,17.044086,4.0,4.0,0.0,4.0,4.0,0.0,4.0,4.0
2296,2023.0,1.0,16.0,22.0,21.163643,23.021461,20.273561,23.054918,21.096704,22.747814,21.083921,22.800077,20.53359,24.236492,19.937977,23.283667,21.124641,22.383287,20.866089,22.01903,20.536877,23.57518,4.0,4.0,0.0,4.0,4.0,0.0,0.0,4.0
2297,2023.0,1.0,16.0,22.0,21.154104,23.054394,19.951906,22.129778,21.155382,22.881737,21.221188,23.13166,19.615786,22.315405,19.914972,23.02003,21.117989,22.380556,21.253923,22.8908,20.108013,22.67109,0.0,0.0,0.0,0.0,0.0,0.0,0.0,0.0
2298,2023.0,1.0,16.0,23.0,21.084486,22.949686,16.957685,16.195803,21.117275,22.793331,21.088804,22.899008,16.168928,15.429635,16.897215,16.874058,21.06954,22.34893,21.067844,22.5474,16.715857,15.994964,0.0,0.0,0.0,0.0,0.0,0.0,4.0,0.0
2299,2023.0,1.0,16.0,23.0,18.9923,18.959938,15.920476,15.269502,18.40627,17.594797,18.94696,18.819935,15.014668,14.381923,15.337312,14.895566,19.241568,18.881649,18.408146,17.537724,15.136137,14.202579,0.0,0.0,0.0,0.0,0.0,0.0,0.0,0.0
2300,2023.0,1.0,16.0,23.0,17.745182,17.379015,15.693294,15.0944,17.420366,16.772675,17.577784,17.034618,15.024579,14.687717,15.15749,14.933086,18.306786,17.797245,17.023586,15.967866,15.075247,14.629964,0.0,0.0,0.0,0.0,4.0,0.0,0.0,0.0
2301,2023.0,1.0,16.0,23.0,17.23971,16.828724,15.407483,14.799688,17.077768,16.451454,17.014898,16.40965,15.031507,14.886373,14.983796,14.789831,17.914303,17.394804,16.442781,15.382175,15.0034895,14.702988,0.0,0.0,0.0,0.0,4.0,0.0,0.0,0.0
2302,2023.0,1.0,16.0,23.0,16.914381,16.524973,15.178903,14.585929,17.492773,17.53582,16.665243,16.083195,15.024648,15.0041485,15.0262575,15.011472,17.617262,17.10656,16.564495,16.07357,15.028299,14.933911,0.0,4.0,0.0,0.0,4.0,0.0,0.0,0.0
2303,2023.0,1.0,16.0,23.0,16.626986,16.241333,14.9975815,14.44294,16.833635,16.33752,16.359428,15.784475,15.028074,15.1064415,15.062077,15.13458,17.352644,16.844925,16.451532,16.021097,15.026233,15.061507,0.0,0.0,0.0,0.0,0.0,0.0,0.0,0.0
2304,2023.0,1.0,17.0,0.0,16.38986,16.020626,15.015266,14.613631,15.692797,14.46475,16.095333,15.527344,15.028647,15.178601,15.055329,15.154935,17.898197,18.084185,16.206125,15.77417,15.02798,15.161403,0.0,0.0,0.0,0.0,0.0,4.0,0.0,0.0
2305,2023.0,1.0,17.0,0.0,16.173708,15.805541,15.229648,15.109239,15.141356,13.850295,15.8625145,15.299472,15.0299,15.235216,15.029234,15.184323,17.45275,17.068438,15.967847,15.536519,15.029065,15.236243,4.0,0.0,0.0,0.0,0.0,4.0,0.0,0.0
2306,2023.0,1.0,17.0,0.0,15.981581,15.617018,14.98548,14.713381,15.41836,14.705235,15.66047,15.105668,15.001022,15.2068405,15.034593,15.250699,16.438278,15.400775,15.756622,15.329195,15.030185,15.294158,0.0,0.0,0.0,4.0,0.0,0.0,0.0,0.0
2307,2023.0,1.0,17.0,0.0,15.823585,15.477701,15.021293,14.858635,15.493927,14.907337,15.479414,14.932054,15.038634,15.335681,15.034521,15.293261,15.934676,14.8403845,16.627201,17.138975,15.031019,15.339623,0.0,0.0,0.0,0.0,0.0,0.0,4.0,0.0
2308,2023.0,1.0,17.0,0.0,15.673046,15.331137,15.018198,14.908956,15.387096,14.825806,15.316877,14.777086,15.0312195,15.349611,15.020041,15.290248,15.681066,14.593708,15.4037895,14.525636,15.0180855,15.326654,0.0,0.0,0.0,0.0,4.0,0.0,0.0,4.0
2309,2023.0,1.0,17.0,0.0,15.525474,15.181589,15.019707,14.957994,15.250294,14.693697,15.163407,14.624844,15.003033,15.300035,15.04042,15.375591,16.064579,15.571319,15.026686,14.369297,15.038659,15.427201,0.0,0.0,0.0,4.0,0.0,0.0,0.0,0.0
2310,2023.0,1.0,17.0,1.0,15.382258,15.029755,15.03829,15.036598,15.113607,14.5548525,15.017712,14.475303,15.108666,15.512559,15.070035,15.458204,16.092882,15.592905,15.031636,14.520729,15.105458,15.545538,0.0,0.0,0.0,0.0,0.0,0.0,0.0,0.0
2311,2023.0,1.0,17.0,1.0,15.277949,14.945345,15.040347,15.067927,15.000181,14.454839,15.006911,14.578492,15.1086,15.463135,15.07136,15.469026,15.995781,15.49778,15.000158,14.579871,15.063083,15.478911,0.0,0.0,0.0,0.0,0.0,0.0,0.0,0.0
2312,2023.0,1.0,17.0,1.0,15.17596,14.852369,15.041806,15.099092,15.007771,14.579989,15.012029,14.66794,15.063,15.415397,15.072468,15.486287,15.901828,15.405837,15.009027,14.699576,15.06541,15.52124,0.0,0.0,0.0,0.0,0.0,0.0,0.0,0.0
2313,2023.0,1.0,17.0,1.0,15.076075,14.757731,15.043862,15.128495,15.012007,14.656563,15.016401,14.741075,15.015095,15.329948,15.073535,15.501304,15.812311,15.318262,15.013092,14.775826,15.067054,15.545305,0.0,0.0,0.0,4.0,0.0,0.0,0.0,0.0
2314,2023.0,1.0,17.0,1.0,15.000762,14.705833,15.0452585,15.15432,15.016013,14.724377,15.020088,14.802933,15.111678,15.546213,15.074763,15.515681,15.727185,15.234989,15.018259,14.843306,15.008256,15.413615,0.0,0.0,0.0,0.0,0.0,0.0,0.0,4.0
2315,2023.0,1.0,17.0,1.0,15.0062065,14.799552,15.046465,15.178221,15.019275,14.781953,15.023188,14.856117,15.110916,15.504552,15.049194,15.458362,15.646126,15.155723,15.022254,14.897358,15.112975,15.659978,0.0,0.0,0.0,0.0,4.0,0.0,0.0,0.0
2316,2023.0,1.0,17.0,2.0,15.008276,14.852097,15.021415,15.152009,15.012056,14.8104515,15.449754,15.681285,14.996386,15.313046,15.024163,15.436975,15.569874,15.082316,15.014339,14.918989,15.0465355,15.500228,0.0,0.0,4.0,4.0,4.0,0.0,0.0,0.0
2317,2023.0,1.0,17.0,2.0,15.009441,14.903845,15.025097,15.180741,15.014337,14.856865,14.969257,14.800453,15.044784,15.465127,15.043589,15.506637,16.367884,16.66512,15.017236,14.961134,15.035221,15.517518,0.0,0.0,0.0,0.0,0.0,4.0,0.0,0.0
2318,2023.0,1.0,17.0,2.0,15.010154,14.947722,15.025391,15.201009,15.014843,14.895183,15.049469,14.956257,15.032457,15.404428,15.040192,15.510972,15.272072,14.274952,15.017691,14.99442,15.0019045,15.454235,0.0,0.0,0.0,4.0,0.0,0.0,0.0,4.0
2319,2023.0,1.0,17.0,2.0,15.012039,14.989522,15.026283,15.219905,15.016397,14.932278,15.037942,14.936491,15.065804,15.488803,15.040573,15.521358,15.045723,14.265015,15.019221,15.026424,15.0697365,15.603016,0.0,0.0,0.0,0.0,0.0,0.0,0.0,0.0
2320,2023.0,1.0,17.0,2.0,15.013184,15.025687,15.0266075,15.236096,15.017173,14.965352,15.015442,14.950368,15.057757,15.465716,15.040844,15.530298,15.25084,14.786692,15.019938,15.053769,15.054761,15.562993,0.0,0.0,0.0,0.0,0.0,0.0,0.0,0.0
2321,2023.0,1.0,17.0,2.0,15.024299,15.083395,15.052419,15.303721,15.033934,15.03156,15.03392,15.037897,15.070094,15.536595,15.081482,15.619938,15.241238,14.758298,15.036402,15.115024,15.073101,15.638206,0.0,0.0,0.0,0.0,0.0,0.0,0.0,0.0
2322,2023.0,1.0,17.0,3.0,15.025176,15.11143,15.052689,15.3085165,15.035262,15.056317,15.0361185,15.074623,15.071436,15.563026,15.054639,15.541966,15.17951,14.697775,15.038695,15.134472,15.073674,15.656648,0.0,0.0,0.0,0.0,4.0,0.0,0.0,0.0
2323,2023.0,1.0,17.0,3.0,15.027471,15.14355,15.0537195,15.322867,15.036954,15.085071,15.038488,15.111828,15.073984,15.59113,15.082595,15.635838,15.115489,14.633995,15.041307,15.162276,15.07516,15.6797,0.0,0.0,0.0,0.0,0.0,0.0,0.0,0.0
2324,2023.0,1.0,17.0,3.0,15.030061,15.174036,15.054571,15.3356695,15.038553,15.11203,15.040178,15.143639,15.024946,15.482346,15.082279,15.6298685,15.052085,14.57082,15.043379,15.187058,15.016957,15.545857,0.0,0.0,0.0,4.0,0.0,0.0,0.0,4.0
2325,2023.0,1.0,17.0,3.0,15.03034,15.198498,15.055928,15.3495655,15.040476,15.138693,15.042658,15.174372,15.125911,15.702279,15.08334,15.638135,15.000524,14.529441,15.044113,15.208775,15.122822,15.789684,0.0,0.0,0.0,0.0,0.0,0.0,0.0,0.0
2326,2023.0,1.0,17.0,3.0,15.032032,15.224497,15.056881,15.362239,15.042345,15.164162,15.042189,15.195809,15.074887,15.601382,15.083456,15.643273,15.005339,14.591714,15.046904,15.23421,15.0598955,15.578939,0.0,0.0,0.0,0.0,0.0,0.0,0.0,4.0
2327,2023.0,1.0,17.0,3.0,15.03264,15.246569,15.057916,15.375046,15.043173,15.186655,15.044023,15.220268,15.027472,15.512779,15.057863,15.58055,15.007437,14.626654,15.047172,15.253479,15.061727,15.6056595,0.0,0.0,0.0,4.0,4.0,0.0,0.0,4.0
2328,2023.0,1.0,17.0,4.0,15.035853,15.272887,15.059001,15.387552,15.043804,15.207476,15.04532,15.241355,15.128049,15.729597,15.059229,15.6033125,15.009232,14.658953,15.049141,15.276297,15.06259,15.608339,0.0,0.0,0.0,0.0,4.0,0.0,0.0,4.0
2329,2023.0,1.0,17.0,4.0,15.036362,15.291809,15.059709,15.399073,15.044068,15.226477,15.046529,15.261285,15.125296,15.671687,15.086537,15.684588,15.011443,14.688386,15.050611,15.297007,15.063857,15.616362,0.0,0.0,0.0,0.0,0.0,0.0,0.0,4.0
2330,2023.0,1.0,17.0,4.0,15.037904,15.312798,15.060787,15.411402,15.045564,15.247033,15.048241,15.281376,15.076785,15.617098,15.086662,15.680003,15.013902,14.715638,15.052469,15.3181305,15.122886,15.773443,0.0,0.0,0.0,0.0,0.0,0.0,0.0,0.0
2331,2023.0,1.0,17.0,4.0,15.038811,15.331536,15.061567,15.422957,15.04731,15.266963,15.049765,15.300384,15.079056,15.658708,15.087216,15.685936,15.014748,14.737711,15.053025,15.336083,15.121491,15.745002,0.0,0.0,0.0,0.0,0.0,0.0,0.0,0.0
2332,2023.0,1.0,17.0,4.0,15.040135,15.350737,15.062472,15.434679,15.048624,15.285319,15.050951,15.318284,15.031384,15.553711,15.087426,15.690381,15.016547,14.760712,15.054543,15.355899,15.121534,15.742216,0.0,0.0,0.0,4.0,0.0,0.0,0.0,0.0
2333,2023.0,1.0,17.0,4.0,15.042434,15.370932,15.063244,15.445904,15.049556,15.302554,15.051837,15.33513,15.132239,15.772734,15.0616665,15.62648,15.018672,14.782801,15.056644,15.376195,15.017573,15.546927,0.0,0.0,0.0,0.0,4.0,0.0,0.0,4.0
2334,2023.0,1.0,17.0,5.0,15.043089,15.387124,15.064271,15.45737,15.051384,15.321082,15.0533905,15.352658,15.080099,15.670725,15.08939,15.718474,15.019386,14.801105,15.056545,15.391602,15.127091,15.824977,0.0,0.0,0.0,0.0,0.0,0.0,0.0,0.0
2335,2023.0,1.0,17.0,5.0,15.044567,15.405121,15.065172,15.468334,15.052489,15.337407,15.054066,15.367821,15.082539,15.711172,15.089251,15.712628,15.021222,14.821213,15.058447,15.411178,15.065983,15.62675,0.0,0.0,0.0,0.0,0.0,0.0,0.0,4.0
2336,2023.0,1.0,17.0,5.0,15.046017,15.422312,15.066118,15.479368,15.053871,15.3540945,15.055861,15.384993,15.084244,15.728512,15.090075,15.71972,15.022848,14.839864,15.059282,15.427799,15.12744,15.813101,0.0,0.0,0.0,0.0,0.0,0.0,0.0,0.0
2337,2023.0,1.0,17.0,5.0,15.04614,15.43659,15.066844,15.489738,15.054894,15.369566,15.056592,15.399379,15.0858,15.744908,15.090344,15.72449,15.023691,14.856529,15.061059,15.446219,15.125218,15.782363,0.0,0.0,0.0,0.0,0.0,0.0,0.0,0.0
2338,2023.0,1.0,17.0,5.0,15.047941,15.454162,15.067663,15.500228,15.05617,15.385324,15.0581,15.415399,15.086214,15.756955,15.090845,15.730379,15.0248,14.87346,15.061516,15.461506,15.081313,15.744376,0.0,0.0,0.0,0.0,0.0,0.0,0.0,0.0
2339,2023.0,1.0,17.0,5.0,15.156033,15.637533,15.068754,15.510988,15.056912,15.399579,15.059085,15.42978,15.038257,15.642419,15.091458,15.736632,15.025893,14.889818,15.062725,15.478416,15.024103,15.638028,0.0,0.0,0.0,4.0,0.0,0.0,0.0,4.0
2340,2023.0,1.0,17.0,6.0,15.0983515,15.500658,15.069581,15.5209465,15.058216,15.414827,15.059925,15.443626,15.1399555,15.853614,15.066101,15.673865,15.027723,14.907136,15.06447,15.495821,15.133161,15.894382,0.0,0.0,0.0,0.0,4.0,0.0,0.0,0.0
2341,2023.0,1.0,17.0,6.0,18.19939,20.839592,15.032507,15.463227,18.979845,22.168518,18.959639,22.15997,15.003433,15.578343,18.70515,21.928125,19.422853,22.357365,19.234537,22.74104,15.057887,15.718432,0.0,0.0,0.0,4.0,4.0,4.0,0.0,0.0
2342,2023.0,1.0,17.0,6.0,19.387167,22.59828,15.01534,15.420155,19.525568,22.715416,19.497597,22.697674,17.739708,20.330685,19.015045,22.107038,19.076784,21.54601,19.647072,23.01249,15.008175,15.6331005,4.0,0.0,0.0,0.0,0.0,0.0,0.0,4.0
2343,2023.0,1.0,17.0,6.0,19.60395,22.620947,18.263529,21.020699,19.702776,22.660227,19.668667,22.636887,14.973019,15.175323,16.205194,16.362171,19.05069,21.114523,20.706049,24.439344,18.47227,21.62412,0.0,0.0,0.0,4.0,4.0,4.0,4.0,4.0
2344,2023.0,1.0,17.0,6.0,19.744814,22.625427,15.793613,15.807854,19.854197,22.68074,19.814468,22.652267,17.7696,19.996122,19.036137,21.695215,18.506245,19.961266,20.061115,22.91831,18.757185,21.728006,0.0,0.0,0.0,0.0,4.0,0.0,4.0,4.0
2345,2023.0,1.0,17.0,6.0,20.370108,23.477064,15.069269,15.287787,19.903011,22.55857,19.859694,22.526575,14.901133,14.875455,19.046045,21.681845,18.462545,19.759848,19.385897,21.555033,18.234167,20.532188,0.0,0.0,0.0,0.0,0.0,0.0,0.0,0.0
2346,2023.0,1.0,17.0,7.0,20.762909,23.90671,15.009308,15.235401,20.239492,22.941051,20.19394,22.907133,15.099591,15.437671,16.215063,16.04971,18.680689,20.020676,19.648897,21.875393,14.933285,14.645753,4.0,0.0,0.0,0.0,0.0,0.0,0.0,0.0
2347,2023.0,1.0,17.0,7.0,20.353632,22.97769,18.700706,21.756165,20.74147,23.683804,20.692472,23.647354,15.035866,15.430428,15.008595,14.7822695,20.637218,23.398943,20.08225,22.547009,15.1183195,15.276987,0.0,0.0,0.0,0.0,0.0,4.0,0.0,0.0
2348,2023.0,1.0,17.0,7.0,20.706596,23.419409,16.063051,16.127583,21.147427,24.205534,21.150705,24.264711,15.006779,15.419685,15.047944,15.088906,19.533983,21.174025,22.117624,25.929338,15.029547,15.293213,0.0,4.0,4.0,4.0,0.0,0.0,4.0,0.0
2349,2023.0,1.0,17.0,7.0,21.150944,24.07598,15.03082,15.117607,21.098192,23.95324,21.09969,24.009556,19.372677,22.88212,15.041987,15.2330065,19.841297,21.620005,21.146313,23.946947,15.1181135,15.568336,4.0,4.0,4.0,0.0,0.0,0.0,0.0,4.0
2350,2023.0,1.0,17.0,7.0,21.126614,23.881655,19.304605,22.730772,21.125229,23.830639,20.69994,23.199942,14.99984,14.9941225,15.04361,15.352956,19.928698,21.697441,21.123549,23.80795,19.710535,23.36392,0.0,4.0,0.0,0.0,0.0,0.0,0.0,4.0
2351,2023.0,1.0,17.0,7.0,21.130121,23.781084,16.661777,17.022806,21.142221,23.721243,21.053741,23.66857,15.165716,15.4705305,15.043467,15.432292,21.429878,24.24872,21.07364,23.615551,19.693413,23.003407,4.0,4.0,4.0,0.0,0.0,4.0,0.0,4.0
2352,2023.0,1.0,17.0,8.0,21.127098,23.694708,18.746248,21.381153,21.128586,23.593254,21.08759,23.63274,15.024024,15.3427305,15.044911,15.4923315,20.098919,21.715921,21.575718,24.573292,19.318497,22.06883,4.0,4.0,4.0,0.0,0.0,0.0,4.0,0.0
2353,2023.0,1.0,17.0,8.0,18.082392,17.795807,18.930176,21.338612,18.05226,17.62446,17.908157,17.458385,15.007468,15.382145,15.024932,15.478342,17.865414,17.398144,17.517498,16.698639,15.711385,14.950348,0.0,4.0,4.0,4.0,4.0,4.0,0.0,0.0
2354,2023.0,1.0,17.0,8.0,16.682564,16.222206,15.710466,14.911348,16.485802,15.737958,16.357365,15.627271,19.272438,22.6666,19.288004,22.80322,17.058643,16.601961,16.807222,16.655481,15.195087,15.065797,0.0,4.0,4.0,4.0,4.0,4.0,4.0,4.0
2355,2023.0,1.0,17.0,8.0,16.22215,15.7790365,15.250992,15.010374,15.281473,13.944538,15.065197,13.837969,19.72676,23.081709,20.084366,23.756233,16.763344,16.32519,16.634283,16.530264,19.40546,22.414894,4.0,0.0,0.0,4.0,4.0,4.0,4.0,0.0
2356,2023.0,1.0,17.0,8.0,15.890991,15.473613,19.841532,23.290255,15.948558,14.5176115,15.850789,14.442061,19.634958,22.578661,19.282385,21.909384,15.735119,14.628874,15.306455,14.316936,16.314827,16.180208,0.0,0.0,0.0,0.0,0.0,0.0,0.0,4.0
2357,2023.0,1.0,17.0,8.0,15.619754,15.226279,16.986158,17.206972,15.007026,14.19685,15.0235405,14.331533,15.901454,15.160881,15.717848,14.851593,15.977563,15.582469,15.043323,14.453986,19.60116,22.61702,0.0,0.0,0.0,0.0,0.0,4.0,0.0,0.0
2358,2023.0,1.0,17.0,9.0,14.9834585,14.348388,15.001692,14.650792,15.632776,15.644343,15.016787,14.557458,15.096189,14.879712,15.109689,14.9212885,15.231011,14.168253,15.040329,14.681143,15.78752,15.062784,0.0,4.0,0.0,0.0,0.0,0.0,0.0,0.0
2359,2023.0,1.0,17.0,9.0,15.075403,14.7134905,15.038906,14.9551115,15.015942,14.5930805,15.020818,14.741995,15.032169,15.03982,15.03093,15.019162,15.02816,14.198799,15.044441,14.846067,15.119452,15.074704,0.0,0.0,0.0,0.0,0.0,0.0,0.0,0.0
2360,2023.0,1.0,17.0,9.0,14.992379,14.674045,15.033003,15.100382,15.064763,14.806215,15.024971,14.886324,15.04936,15.260806,15.050676,15.225986,15.028539,14.352442,15.0264225,14.967699,15.030331,15.148137,0.0,0.0,0.0,0.0,0.0,0.0,0.0,0.0
2361,2023.0,1.0,17.0,9.0,15.04898,14.935376,15.01087,15.148748,15.044129,14.856954,15.2653475,15.426055,15.039426,15.373902,15.040772,15.330133,15.042008,14.537297,15.644838,16.243418,15.042304,15.335797,4.0,0.0,4.0,0.0,0.0,0.0,4.0,0.0
2362,2023.0,1.0,17.0,9.0,15.035025,14.992687,19.142956,22.400023,15.014219,14.922614,15.298431,15.498109,15.043103,15.475692,15.024121,15.370705,15.819965,16.099205,14.957428,14.908936,15.041083,15.447971,0.0,0.0,4.0,0.0,4.0,4.0,0.0,0.0
2363,2023.0,1.0,17.0,9.0,15.006917,14.973254,16.469048,16.62902,15.024605,15.037955,15.026458,15.062797,15.043418,15.551488,19.125864,22.430065,15.492551,15.186271,15.018706,15.076635,15.042047,15.543654,0.0,0.0,0.0,0.0,0.0,4.0,4.0,0.0
2364,2023.0,1.0,17.0,10.0,15.049709,15.150085,14.999401,14.929377,15.170719,15.361348,15.0208435,15.058566,15.043864,15.604828,16.42195,16.728062,15.290863,15.004228,15.0574,15.241022,15.042474,15.60889,4.0,4.0,4.0,0.0,4.0,4.0,0.0,0.0
2365,2023.0,1.0,17.0,10.0,15.042793,15.184317,19.336004,22.644398,15.006552,15.125979,15.052177,15.186728,15.044038,15.644347,19.805155,22.991035,15.268175,15.005789,15.041577,15.244684,15.042585,15.657155,0.0,0.0,0.0,0.0,4.0,4.0,0.0,0.0
2366,2023.0,1.0,17.0,10.0,15.339189,15.805868,16.610678,16.799406,15.022248,15.136683,15.017306,15.117061,15.006795,15.570831,19.386215,22.125172,14.998759,14.595632,15.049794,15.292047,15.042801,15.693675,0.0,4.0,4.0,4.0,0.0,0.0,0.0,0.0
2367,2023.0,1.0,17.0,10.0,14.9797,15.115425,14.998712,14.860419,15.022594,15.158746,15.056278,15.254469,19.360493,23.16063,15.832731,15.060886,15.0338955,14.706522,15.027543,15.310715,15.042624,15.720566,0.0,4.0,0.0,0.0,0.0,0.0,0.0,0.0
2368,2023.0,1.0,17.0,10.0,15.054992,15.336906,15.0330305,15.105723,15.055325,15.278182,15.049696,15.26593,15.024001,15.16083,15.087764,14.851266,15.028283,14.725471,15.031001,15.3628,15.042566,15.741203,0.0,0.0,0.0,0.0,0.0,0.0,0.0,0.0
2369,2023.0,1.0,17.0,10.0,15.007265,15.242159,15.030252,15.223847,15.016061,15.189543,15.025406,15.290455,15.165494,15.55427,15.028518,14.982835,15.028521,14.749092,15.030479,15.397255,15.042324,15.756943,0.0,4.0,0.0,0.0,0.0,0.0,0.0,0.0
2370,2023.0,1.0,17.0,11.0,15.0869255,15.47471,15.055834,15.373355,15.0983,15.417331,15.053915,15.407907,15.062795,15.481447,15.047963,15.209223,15.013198,14.779893,15.059175,15.483862,15.083077,15.849935,0.0,0.0,0.0,0.0,0.0,0.0,0.0,0.0
2371,2023.0,1.0,17.0,11.0,15.082811,15.463421,15.058602,15.437518,15.095965,15.404997,15.053873,15.441934,15.068891,15.591033,15.054434,15.314541,15.015597,14.827215,15.058515,15.494668,15.081676,15.842759,0.0,0.0,0.0,0.0,0.0,0.0,0.0,0.0
2372,2023.0,1.0,17.0,11.0,15.258181,15.82382,15.028715,15.428991,15.019133,15.3250265,15.02607,15.424373,15.034986,15.576539,15.012974,15.296852,15.65079,16.054155,15.027328,15.456244,15.036205,15.768957,0.0,0.0,0.0,0.0,4.0,4.0,0.0,0.0
2373,2023.0,1.0,17.0,11.0,15.013289,15.381443,15.03381,15.480285,15.029618,15.394306,15.030563,15.464869,15.040224,15.629133,19.205416,22.552011,14.96887,14.662168,15.0314865,15.483013,15.041893,15.789693,0.0,0.0,0.0,0.0,0.0,0.0,0.0,0.0
2374,2023.0,1.0,17.0,11.0,15.047843,15.472407,15.032784,15.509544,15.028766,15.4306555,15.030078,15.489987,15.002402,15.555664,16.44252,16.655098,15.04049,14.842286,15.031072,15.497908,15.041165,15.795482,0.0,0.0,0.0,4.0,0.0,0.0,0.0,0.0
2375,2023.0,1.0,17.0,11.0,15.043055,15.479559,15.011317,15.473654,15.029334,15.4630995,15.030589,15.513702,20.235943,24.644234,15.014538,15.022676,15.024739,14.82545,15.030898,15.511518,15.040907,15.801024,4.0,0.0,0.0,4.0,0.0,0.0,0.0,0.0
2376,2023.0,1.0,17.0,12.0,15.022503,15.49301,19.67467,23.487474,15.029693,15.490444,15.030849,15.534981,19.54509,22.847288,15.037865,15.212985,15.008061,14.839372,15.364822,16.11422,15.040562,15.80551,4.0,0.0,0.0,0.0,0.0,0.0,4.0,0.0
2377,2023.0,1.0,17.0,12.0,19.543888,23.348385,19.265207,22.294092,19.504646,23.229546,19.470137,23.209377,15.849416,15.398717,15.032255,15.304045,19.118313,21.878216,19.207426,22.724903,15.041005,15.809907,0.0,0.0,0.0,0.0,0.0,0.0,0.0,0.0
2378,2023.0,1.0,17.0,12.0,20.260666,24.098978,16.138031,15.965323,20.295893,24.103493,20.254013,24.074537,15.090486,15.070594,15.03221,15.365502,19.720306,22.678165,19.79236,23.22717,15.039563,15.80495,4.0,0.0,0.0,0.0,0.0,0.0,0.0,0.0
2379,2023.0,1.0,17.0,12.0,21.182264,25.290852,19.628614,22.82719,20.76474,24.51995,20.716072,24.48506,15.024348,15.153683,15.033083,15.409926,20.144903,23.065847,20.252478,23.640484,15.039143,15.797509,4.0,0.0,0.0,0.0,0.0,0.0,0.0,0.0
2380,2023.0,1.0,17.0,12.0,21.014801,24.659847,19.62594,22.489794,21.155907,24.841337,20.969627,24.59705,15.034366,15.307097,15.032728,15.438101,20.408327,23.216484,21.184528,24.967087,15.038471,15.788028,0.0,4.0,0.0,0.0,0.0,0.0,0.0,0.0
2381,2023.0,1.0,17.0,12.0,20.633266,23.699268,16.299683,15.869116,21.121878,24.523794,21.148102,24.648048,15.0317745,15.395543,15.032135,15.454736,20.766157,23.570486,21.644371,25.42457,15.038096,15.778906,0.0,0.0,0.0,0.0,0.0,0.0,0.0,0.0
2382,2023.0,1.0,17.0,13.0,20.719805,23.717972,15.532332,15.559051,20.76493,23.677801,21.118135,24.388456,15.033131,15.461643,15.032753,15.470572,20.984707,23.751457,21.87821,25.589886,15.037244,15.769676,4.0,0.0,0.0,0.0,0.0,0.0,0.0,0.0
2383,2023.0,1.0,17.0,13.0,21.376423,24.698305,19.923992,23.3835,20.951382,23.84305,21.34354,24.557169,15.033256,15.506744,15.012992,15.426605,21.774788,24.89081,22.161146,25.838575,15.037588,15.76391,0.0,0.0,0.0,0.0,4.0,4.0,0.0,0.0
2384,2023.0,1.0,17.0,13.0,21.02063,23.940203,17.132782,17.472214,21.132961,24.08017,21.047228,23.943897,15.033184,15.537621,19.31659,22.767767,20.981667,23.267363,22.21917,25.663095,15.037375,15.757781,0.0,0.0,0.0,0.0,0.0,4.0,0.0,0.0
2385,2023.0,1.0,17.0,13.0,21.126743,24.10628,15.675791,15.798453,21.111214,23.952635,21.125504,24.031301,15.033848,15.561502,16.531036,16.852274,20.978762,23.175451,22.760624,26.50401,15.037245,15.7535515,4.0,0.0,0.0,0.0,0.0,0.0,0.0,0.0
2386,2023.0,1.0,17.0,13.0,21.381992,24.362453,20.159325,23.878702,21.574827,24.600105,21.538425,24.60267,15.03402,15.579087,14.993036,14.996691,20.917332,22.987743,22.70713,26.265362,15.03736,15.751251,4.0,0.0,0.0,0.0,0.0,0.0,0.0,0.0
2387,2023.0,1.0,17.0,13.0,21.115448,23.84852,19.690037,22.56675,21.109142,23.752226,21.11224,23.82825,15.034073,15.591687,15.01638,15.165854,21.004663,23.046312,22.512009,25.684008,15.037151,15.748892,0.0,0.0,0.0,0.0,4.0,0.0,0.0,0.0
2388,2023.0,1.0,17.0,14.0,21.14023,23.845589,16.445469,16.084316,21.12251,23.757124,21.124615,23.833454,15.033967,15.601129,19.554596,22.734552,21.89087,24.569874,21.923859,24.723444,15.037215,15.748582,0.0,0.0,0.0,0.0,0.0,0.0,0.0,0.0
2389,2023.0,1.0,17.0,14.0,17.959482,17.699656,15.104798,14.609118,18.466484,18.633535,18.370424,18.520226,15.034145,15.611002,16.82644,17.168825,19.172531,19.193487,19.00554,19.013996,15.036939,15.749547,4.0,0.0,0.0,0.0,0.0,0.0,0.0,0.0
2390,2023.0,1.0,17.0,14.0,16.695658,16.49361,19.171026,21.982334,16.849571,16.543629,17.42255,17.729574,15.034478,15.623883,14.979466,14.819522,18.569897,18.929182,17.397768,17.077967,15.037837,15.757392,0.0,0.0,4.0,0.0,0.0,4.0,0.0,0.0
2391,2023.0,1.0,17.0,14.0,16.277905,16.104034,16.359192,16.118017,16.225931,15.853568,17.180182,17.543085,15.035459,15.640652,15.041195,15.123317,17.974075,17.879335,16.743855,16.403534,15.038023,15.766924,0.0,0.0,4.0,0.0,0.0,4.0,0.0,0.0
2392,2023.0,1.0,17.0,14.0,16.693083,17.218689,15.004312,14.693717,15.817584,15.439995,16.3755,16.224615,15.035784,15.656086,15.028277,15.2231655,16.813736,16.034798,16.277966,15.945564,15.038397,15.778119,0.0,0.0,4.0,0.0,0.0,0.0,0.0,0.0
2393,2023.0,1.0,17.0,14.0,16.754051,17.369707,15.023935,14.963762,15.491247,15.120749,15.230226,14.447342,15.036128,15.671342,15.031243,15.317175,17.064486,16.982668,15.900267,15.583528,15.038749,15.790356,0.0,0.0,0.0,0.0,0.0,4.0,0.0,0.0
2394,2023.0,1.0,17.0,15.0,15.484307,15.067471,15.022898,15.122809,15.965636,16.259155,15.030156,14.512903,15.036451,15.686166,15.031524,15.389685,16.332956,15.607354,15.58107,15.281857,15.039141,15.803652,0.0,4.0,0.0,0.0,0.0,0.0,0.0,0.0
2395,2023.0,1.0,17.0,15.0,15.009292,14.664629,15.024861,15.243601,15.374106,15.12855,15.222448,15.06069,15.03721,15.702409,15.032383,15.443999,15.809519,15.014568,15.298842,15.009494,15.03945,15.817076,0.0,0.0,4.0,0.0,0.0,0.0,0.0,0.0
2396,2023.0,1.0,17.0,15.0,15.344608,15.46259,15.0043,15.269125,15.015086,14.75156,15.002433,14.784654,15.037422,15.717533,15.033286,15.486844,15.546121,14.7578535,15.044402,14.758066,15.03971,15.830121,4.0,0.0,0.0,0.0,0.0,0.0,0.0,0.0
2397,2023.0,1.0,17.0,15.0,15.549575,15.655547,19.81475,23.708694,15.546252,15.577851,15.538116,15.620843,15.038065,15.7321205,15.034249,15.523139,16.70563,17.207611,15.750844,15.964476,15.040331,15.843534,4.0,0.0,0.0,0.0,0.0,4.0,0.0,0.0
2398,2023.0,1.0,17.0,15.0,15.3221445,15.469193,19.50683,22.626596,15.584491,15.94618,15.351003,15.600337,15.038184,15.744485,15.034152,15.548435,16.579876,16.608936,15.00182,14.845713,15.04064,15.856212,0.0,4.0,0.0,0.0,0.0,4.0,0.0,0.0
2399,2023.0,1.0,17.0,15.0,14.99624,14.993585,16.164074,15.871581,15.710042,16.148712,15.422573,15.805032,15.038519,15.755637,15.034166,15.566802,15.61843,14.964728,15.032147,15.063203,15.040932,15.868418,0.0,4.0,4.0,0.0,0.0,0.0,0.0,0.0
2400,2023.0,1.0,17.0,16.0,15.096989,15.2592325,15.348439,15.418522,15.158838,15.10531,14.971449,15.027922,15.038859,15.767418,15.035396,15.58688,15.152384,14.417931,15.734622,16.47689,15.041145,15.879831,4.0,4.0,0.0,0.0,0.0,0.0,4.0,0.0
2401,2023.0,1.0,17.0,16.0,15.052302,15.215867,19.781733,23.25268,15.38272,15.457759,15.381309,15.572158,15.039812,15.780062,15.036509,15.605981,15.215048,14.446354,15.350687,15.394789,15.041875,15.891798,0.0,0.0,0.0,0.0,0.0,0.0,0.0,0.0
2402,2023.0,1.0,17.0,16.0,15.000639,15.19404,17.361494,17.98364,14.984808,14.903158,14.965391,14.950417,15.040106,15.790602,15.036451,15.619971,14.99867,14.3618765,14.971403,14.834842,15.042159,15.901931,4.0,0.0,0.0,0.0,0.0,0.0,0.0,0.0
2403,2023.0,1.0,17.0,16.0,15.007153,15.260196,19.825617,22.909876,15.033491,15.064282,15.048434,15.238454,15.041078,15.802106,15.038284,15.636428,15.188339,14.878519,15.080484,15.1942625,14.998563,15.792318,4.0,4.0,0.0,0.0,0.0,0.0,0.0,4.0
2404,2023.0,1.0,17.0,16.0,16.755075,17.270296,20.101255,23.057491,16.249863,17.219854,15.241525,15.659086,15.041288,15.810403,15.038167,15.6441965,16.044601,16.51356,16.73464,16.814468,18.810429,22.428417,4.0,0.0,4.0,0.0,0.0,4.0,0.0,0.0
2405,2023.0,1.0,17.0,16.0,16.10902,17.011147,20.140009,22.885094,15.752194,16.122936,15.266234,15.698064,15.041897,15.817801,15.038593,15.64895,15.839629,15.838455,16.097755,16.902384,14.943563,15.283163,0.0,4.0,4.0,0.0,0.0,4.0,0.0,0.0
2406,2023.0,1.0,17.0,17.0,14.992236,15.114804,17.137392,16.921991,15.019954,15.045264,14.9884405,15.218975,15.005349,15.722476,15.038725,15.651981,15.690273,15.673264,15.010945,15.113788,15.138615,15.757238,4.0,0.0,4.0,4.0,0.0,4.0,0.0,0.0
2407,2023.0,1.0,17.0,17.0,15.464422,15.811997,19.974962,22.750296,15.745073,15.4084215,15.4396105,15.864433,19.367893,23.312984,15.040245,15.660549,15.653878,15.625629,15.895643,15.625595,15.032151,15.68437,0.0,4.0,0.0,0.0,0.0,4.0,0.0,0.0
2408,2023.0,1.0,17.0,17.0,15.266838,15.425421,17.193586,17.019325,15.029366,15.169589,14.959499,15.126341,15.0725355,15.393342,15.040224,15.666992,14.958985,14.477132,15.007996,15.271227,15.044193,15.780955,4.0,0.0,0.0,0.0,0.0,0.0,0.0,0.0
2409,2023.0,1.0,17.0,17.0,15.262943,15.32905,20.116377,23.06365,15.647803,15.327837,15.80214,16.454058,15.14776,15.673274,15.041684,15.677004,15.690625,15.696286,16.02835,16.933386,15.043845,15.830074,4.0,4.0,4.0,0.0,0.0,0.0,0.0,0.0
2410,2023.0,1.0,17.0,17.0,15.723449,16.258636,20.067822,22.655743,16.038918,16.840624,15.777468,16.255434,15.02926,15.570053,15.041745,15.682158,15.759374,15.834533,16.233898,17.303139,15.044394,15.865449,4.0,4.0,0.0,0.0,0.0,0.0,0.0,0.0
2411,2023.0,1.0,17.0,17.0,15.272622,15.293164,20.130465,22.57471,15.63941,15.98098,16.599417,16.734243,15.043892,15.67149,15.042223,15.684297,15.911806,15.854219,15.4632015,15.392394,15.045355,15.892227,4.0,4.0,4.0,0.0,0.0,4.0,0.0,0.0
2412,2023.0,1.0,17.0,18.0,16.142231,17.131523,20.138172,22.465506,15.864065,16.406397,16.08124,16.852243,15.005839,15.61585,15.042456,15.68356,15.638431,15.503685,16.180387,17.170456,15.001265,15.789997,0.0,4.0,0.0,4.0,0.0,0.0,0.0,4.0
2413,2023.0,1.0,17.0,18.0,19.668524,23.19005,17.30282,16.915146,19.777412,23.172613,18.952814,21.845106,19.17465,22.912172,15.042475,15.682218,19.43878,22.172176,20.067574,23.917662,19.42056,23.44859,4.0,4.0,0.0,0.0,0.0,4.0,0.0,4.0
2414,2023.0,1.0,17.0,18.0,19.873161,23.132006,19.770107,22.11123,19.968729,23.102873,20.120543,23.5866,15.013799,15.233543,15.043393,15.684617,18.996391,21.080992,20.370749,24.008982,18.881805,22.053465,0.0,4.0,0.0,0.0,0.0,0.0,0.0,0.0
2415,2023.0,1.0,17.0,18.0,20.17504,23.2911,17.151566,16.798494,20.244196,23.227821,20.440693,23.7687,15.1543665,15.618749,15.043011,15.684668,19.844023,22.273493,20.681923,24.160666,15.945903,16.073214,4.0,4.0,0.0,0.0,0.0,4.0,0.0,4.0
2416,2023.0,1.0,17.0,18.0,20.522764,23.676392,20.04029,22.713243,20.591745,23.616894,21.215681,24.836212,14.995086,15.407522,15.044096,15.688092,19.528526,21.519928,21.09283,24.634378,19.054821,22.05333,4.0,4.0,4.0,4.0,0.0,0.0,0.0,0.0
2417,2023.0,1.0,17.0,18.0,20.002516,22.595419,19.764696,22.010551,20.590693,23.407492,20.926,24.122328,18.18357,20.968473,15.0438595,15.687287,20.159397,22.44592,21.08959,24.390907,15.043887,14.988758,0.0,4.0,0.0,0.0,0.0,4.0,0.0,0.0
2418,2023.0,1.0,17.0,19.0,20.677519,23.585403,16.994028,16.559393,20.789898,23.548138,20.724312,23.491652,14.941162,15.046016,15.043738,15.684633,20.365469,22.59584,21.136292,24.284958,15.087258,15.301745,4.0,4.0,4.0,0.0,0.0,4.0,0.0,4.0
2419,2023.0,1.0,17.0,19.0,20.93372,23.91665,20.003855,22.605295,20.583239,23.1187,20.98027,23.842499,15.130272,15.537891,15.044467,15.685805,19.98016,21.819574,21.117777,24.110157,18.801376,21.764091,4.0,0.0,4.0,0.0,0.0,0.0,0.0,0.0
2420,2023.0,1.0,17.0,19.0,20.419405,22.89702,19.782509,21.99656,20.98504,23.681839,20.963312,23.668665,15.028615,15.459643,15.044202,15.685103,19.897291,21.58403,21.140457,24.051733,16.00006,16.087658,0.0,4.0,4.0,0.0,0.0,0.0,0.0,4.0
2421,2023.0,1.0,17.0,19.0,21.085217,23.952429,17.045044,16.606394,21.136555,23.830568,20.683922,23.098917,15.04264,15.565754,15.043885,15.682726,20.023066,21.737072,21.11666,23.922443,18.934353,21.768057,4.0,4.0,0.0,0.0,0.0,0.0,0.0,0.0
2422,2023.0,1.0,17.0,19.0,20.83595,23.435886,19.658329,21.970879,21.124687,23.704233,20.855785,23.348951,15.004427,15.51502,15.044667,15.68471,20.962881,23.3745,21.077448,23.75452,16.218143,16.28316,0.0,4.0,0.0,4.0,0.0,0.0,4.0,4.0
2423,2023.0,1.0,17.0,19.0,20.919624,23.51743,17.098587,16.72719,21.124636,23.62599,21.1555,23.785019,19.202568,22.637486,15.024127,15.628154,21.102966,23.505058,22.057295,25.360458,19.263514,22.208385,4.0,4.0,4.0,0.0,4.0,0.0,4.0,0.0
2424,2023.0,1.0,17.0,20.0,21.107067,23.811735,19.973936,22.604015,21.122375,23.558903,20.998396,23.466091,15.024623,15.149586,18.603685,21.756006,21.069977,23.32015,20.983536,23.295357,15.724805,15.182471,4.0,4.0,0.0,0.0,0.0,4.0,4.0,0.0
2425,2023.0,1.0,17.0,20.0,21.332088,24.088783,20.066362,22.483162,21.4129,23.96978,21.369188,23.996264,15.154759,15.548221,15.798675,15.899714,21.082603,23.218521,21.3487,23.963158,15.109788,15.195616,4.0,4.0,4.0,0.0,0.0,4.0,0.0,0.0
2426,2023.0,1.0,17.0,20.0,21.14755,23.666449,20.126862,22.417015,21.146929,23.42023,21.073055,23.408533,15.021945,15.418432,15.121507,15.5294695,21.241083,23.401163,22.254425,25.437645,15.394664,15.925542,0.0,4.0,4.0,0.0,0.0,4.0,4.0,4.0
2427,2023.0,1.0,17.0,20.0,21.101786,23.559683,16.999168,16.291107,21.072752,23.260153,21.128283,23.487131,15.043542,15.539053,15.031216,15.443479,20.836006,22.616827,22.48865,25.67493,18.94063,21.869669,0.0,4.0,4.0,0.0,0.0,0.0,4.0,0.0
2428,2023.0,1.0,17.0,20.0,21.11506,23.53686,16.244259,16.038874,21.123608,23.348186,21.143795,23.506876,15.040778,15.589745,15.04402,15.528904,21.014399,22.899157,22.218466,25.102552,15.04306,14.97074,4.0,4.0,0.0,0.0,0.0,0.0,0.0,0.0
2429,2023.0,1.0,17.0,20.0,21.75633,24.525446,20.25541,23.297182,21.160086,23.403992,21.155329,23.479448,15.041962,15.6313715,15.02302,15.515158,21.599028,23.827791,22.081041,24.743206,15.133835,15.391644,4.0,4.0,4.0,0.0,4.0,4.0,0.0,0.0
2430,2023.0,1.0,17.0,21.0,21.13772,23.43936,20.026894,22.523375,21.204458,23.4718,21.260178,23.663967,15.004582,15.564954,19.375198,22.974976,21.075037,22.856451,21.788559,24.152443,15.023508,15.340113,0.0,4.0,4.0,4.0,4.0,0.0,0.0,0.0
2431,2023.0,1.0,17.0,21.0,21.154211,23.492802,17.07469,16.632507,21.139082,23.33676,21.118359,23.35455,19.97135,23.937254,19.592073,22.963892,21.584541,23.704987,22.037102,24.718145,15.161898,15.693512,4.0,0.0,4.0,4.0,0.0,4.0,4.0,4.0
2432,2023.0,1.0,17.0,21.0,21.129332,23.43242,19.528397,21.754137,21.109804,23.234432,21.117556,23.332827,19.39716,22.607462,16.363861,16.390244,21.543505,23.57433,22.627302,25.621033,18.586163,21.513447,0.0,4.0,4.0,4.0,0.0,4.0,4.0,0.0
2433,2023.0,1.0,17.0,21.0,21.105942,23.349714,17.008118,16.5897,21.13825,23.28968,21.117216,23.312246,19.811903,22.930992,15.0099945,14.918654,21.617527,23.62441,22.037844,24.501013,14.936097,14.941341,4.0,0.0,4.0,4.0,0.0,4.0,0.0,0.0
2434,2023.0,1.0,17.0,21.0,21.347446,23.646936,20.008432,22.641201,21.347574,23.4905,21.32766,23.55997,19.711948,22.526232,15.045716,15.190733,21.177267,22.847496,21.9557,24.352018,15.131777,15.4897,4.0,4.0,4.0,0.0,0.0,0.0,0.0,0.0
2435,2023.0,1.0,17.0,21.0,21.098484,23.25072,19.95097,22.250801,21.102837,23.09996,21.107626,23.205324,16.123173,15.444457,15.039473,15.31249,21.114079,22.722214,21.970737,24.321363,15.218845,15.742629,0.0,4.0,4.0,0.0,0.0,0.0,0.0,4.0
2436,2023.0,1.0,17.0,22.0,21.118551,23.295782,17.14846,16.678825,21.14711,23.209238,21.125465,23.239754,15.048451,14.665319,15.040605,15.4038725,21.114225,22.730865,21.908491,24.217146,20.005518,23.800463,4.0,0.0,4.0,0.0,0.0,0.0,4.0,4.0
2437,2023.0,1.0,17.0,22.0,21.131319,23.341986,19.980972,22.46093,21.128094,23.163624,21.136835,23.274874,15.031789,14.952963,15.041535,15.468249,21.876854,24.15268,22.556446,25.34584,19.605783,22.843746,0.0,0.0,0.0,0.0,0.0,4.0,0.0,0.0
2438,2023.0,1.0,17.0,22.0,21.128172,23.32535,16.953392,16.291555,21.095917,23.155535,21.109428,23.185356,15.037355,15.168281,15.026169,15.475443,21.366856,23.131826,22.486866,25.185265,15.758414,15.142669,0.0,0.0,4.0,0.0,4.0,0.0,0.0,0.0
2439,2023.0,1.0,17.0,22.0,21.102348,23.242779,16.065638,15.849764,21.076118,23.127651,21.138594,23.249994,15.037485,15.309254,18.971695,22.22083,21.0719,22.553246,22.538773,25.194048,15.099607,15.080148,4.0,4.0,0.0,0.0,0.0,4.0,0.0,0.0
2440,2023.0,1.0,17.0,22.0,21.472622,23.87944,20.18449,23.259504,22.082088,24.811321,21.465742,23.77188,15.0091505,15.338106,16.096949,16.197012,21.317179,23.048134,21.973299,24.103983,15.027639,15.172208,0.0,0.0,0.0,4.0,0.0,0.0,0.0,0.0
2441,2023.0,1.0,17.0,22.0,21.044958,23.065256,17.42912,17.499987,20.945051,22.711926,21.040213,23.044868,20.293303,24.262188,15.065237,15.269304,21.096287,22.61438,21.109055,22.847363,15.039075,15.344676,0.0,0.0,0.0,4.0,4.0,0.0,0.0,0.0
2442,2023.0,1.0,17.0,23.0,21.138622,23.272566,15.678392,15.183785,21.153141,23.129665,21.085796,23.161818,19.532095,22.616753,19.78743,23.210001,22.078094,24.308626,21.056597,22.836576,15.038231,15.445857,0.0,0.0,4.0,0.0,4.0,4.0,4.0,0.0
2443,2023.0,1.0,17.0,23.0,18.198256,17.631569,15.200122,14.634071,18.832891,18.733131,18.643276,18.537565,15.864752,15.271165,16.598026,16.784101,19.38117,19.004225,18.128736,17.30414,15.038612,15.519239,0.0,0.0,0.0,0.0,0.0,4.0,0.0,0.0
2444,2023.0,1.0,17.0,23.0,17.115995,16.70184,15.0027895,14.525551,17.364475,16.832327,16.527431,15.385862,15.068948,14.973481,15.004453,14.960377,17.5586,16.46149,16.637667,15.626326,15.004075,15.48954,0.0,0.0,0.0,0.0,0.0,0.0,0.0,4.0
2445,2023.0,1.0,17.0,23.0,16.722246,16.32446,15.022287,14.733005,16.732328,16.119001,15.641903,14.370711,15.036695,15.136571,15.053824,15.235813,16.832619,15.672129,16.009884,14.989666,15.052304,15.650192,0.0,0.0,0.0,0.0,0.0,0.0,0.0,0.0
2446,2023.0,1.0,17.0,23.0,16.358675,15.970391,15.020972,14.856869,16.333277,15.728839,15.760644,15.087467,15.010414,15.225977,15.024772,15.29829,16.425728,15.292795,16.075727,15.597384,15.059535,15.661061,0.0,0.0,0.0,4.0,4.0,0.0,0.0,0.0
2447,2023.0,1.0,17.0,23.0,16.055317,15.68409,15.022176,14.954832,16.008545,15.420922,15.659211,15.08803,15.047936,15.426998,15.047622,15.439581,16.66035,16.119385,15.910009,15.477378,15.06052,15.663868,0.0,0.0,0.0,0.0,0.0,0.0,0.0,0.0
2448,2023.0,1.0,18.0,0.0,15.7730255,15.394569,15.03958,15.0702305,15.707359,15.112494,15.418315,14.854135,15.068252,15.552048,15.076457,15.573781,16.60652,16.121796,15.642923,15.218924,15.080417,15.746966,0.0,0.0,0.0,0.0,0.0,0.0,0.0,0.0
2449,2023.0,1.0,18.0,0.0,15.558499,15.205621,15.043395,15.130124,15.465186,14.885614,15.197615,14.646901,15.023036,15.479291,15.078505,15.608713,16.413877,15.927248,15.398009,14.98145,15.080585,15.7703,0.0,0.0,0.0,4.0,0.0,0.0,0.0,0.0
2450,2023.0,1.0,18.0,0.0,15.355021,15.005918,15.046138,15.181801,15.25292,14.687641,15.001121,14.462997,15.117492,15.709415,15.081792,15.648171,16.234438,15.754078,15.175046,14.765205,15.082812,15.798908,0.0,0.0,0.0,0.0,0.0,0.0,0.0,0.0
2451,2023.0,1.0,18.0,0.0,15.173811,14.831776,15.048246,15.224349,15.064424,14.51256,15.011108,14.659023,15.118592,15.68231,15.083161,15.674766,16.074078,15.599501,15.002409,14.624402,15.084419,15.82122,0.0,0.0,0.0,0.0,0.0,0.0,0.0,0.0
2452,2023.0,1.0,18.0,0.0,15.020625,14.694428,15.0498295,15.260327,15.006992,14.572496,15.017808,14.7735405,15.075725,15.647681,15.084242,15.69611,15.930257,15.461041,15.014946,14.810637,15.085055,15.838913,0.0,0.0,0.0,0.0,0.0,0.0,0.0,0.0
2453,2023.0,1.0,18.0,0.0,15.007125,14.810225,15.051639,15.292426,15.01425,14.707067,15.023227,14.868804,15.079662,15.699017,15.085564,15.714047,15.800607,15.33641,15.020696,14.900659,15.0847845,15.852716,0.0,0.0,0.0,0.0,0.0,0.0,0.0,0.0
2454,2023.0,1.0,18.0,1.0,15.012093,14.911087,15.053034,15.320247,15.019821,14.804462,15.026921,14.944882,15.080706,15.725536,15.085828,15.7269945,15.683125,15.223628,15.025242,14.97821,15.086564,15.868976,0.0,0.0,0.0,0.0,0.0,0.0,0.0,0.0
2455,2023.0,1.0,18.0,1.0,15.016706,14.99258,15.051847,15.338513,15.024543,14.885331,15.030997,15.010579,15.081808,15.748569,15.086696,15.7390995,15.573847,15.11667,15.03046,15.042139,15.086676,15.879617,0.0,0.0,0.0,0.0,0.0,0.0,0.0,0.0
2456,2023.0,1.0,18.0,1.0,15.022178,15.063151,15.053188,15.359551,15.027816,14.951494,15.034203,15.065748,15.083045,15.767677,15.060925,15.67882,15.472687,15.017681,15.032651,15.090092,15.026111,15.734705,0.0,0.0,0.0,0.0,4.0,0.0,0.0,4.0
2457,2023.0,1.0,18.0,1.0,15.025985,15.1202,15.054484,15.37774,15.031437,15.009779,15.036876,15.113265,15.084737,15.784644,15.088828,15.77349,15.378769,14.925823,15.036156,15.134455,15.127643,15.969214,0.0,0.0,0.0,0.0,0.0,0.0,0.0,0.0
2458,2023.0,1.0,18.0,1.0,15.027292,15.166402,15.055552,15.394021,15.034181,15.059403,15.038877,15.154413,15.036135,15.669937,15.088459,15.768315,15.291091,14.840022,15.038813,15.171261,15.1245985,15.910689,0.0,0.0,0.0,4.0,0.0,0.0,0.0,0.0
2459,2023.0,1.0,18.0,1.0,15.030155,15.210786,15.056534,15.409144,15.036789,15.103746,15.041308,15.192708,15.037176,15.708789,15.088956,15.775122,15.208777,14.759509,15.041092,15.203678,15.085747,15.864781,0.0,0.0,0.0,4.0,0.0,0.0,0.0,0.0
2460,2023.0,1.0,18.0,2.0,15.032731,15.249858,15.057315,15.422827,15.038652,15.142425,15.043079,15.226335,15.130732,15.8928585,15.063078,15.710104,15.131092,14.683535,15.044515,15.2373295,15.087581,15.895265,0.0,0.0,0.0,0.0,4.0,0.0,0.0,0.0
2461,2023.0,1.0,18.0,2.0,15.034632,15.283571,15.0582285,15.4359455,15.040871,15.17863,15.045235,15.258169,15.127159,15.832518,15.090399,15.800219,15.057216,14.611068,15.046309,15.265519,15.089007,15.911134,0.0,0.0,0.0,0.0,0.0,0.0,0.0,0.0
2462,2023.0,1.0,18.0,2.0,15.0378065,15.31753,15.059181,15.448512,15.042459,15.210757,15.045263,15.282873,15.083821,15.778115,15.0636835,15.7226,15.001005,14.5694065,15.047238,15.29041,15.089144,15.922755,0.0,0.0,0.0,0.0,4.0,0.0,0.0,0.0
2463,2023.0,1.0,18.0,2.0,15.036845,15.340397,15.059919,15.460086,15.044876,15.242356,15.046063,15.306437,15.085194,15.8090105,15.091429,15.813121,15.004963,14.635488,15.049537,15.316462,15.028492,15.777286,0.0,0.0,0.0,0.0,0.0,0.0,0.0,4.0
2464,2023.0,1.0,18.0,2.0,15.0387945,15.367849,15.060818,15.4716625,15.046085,15.269319,15.047793,15.329468,15.087237,15.826069,15.090686,15.802893,15.0075245,14.674398,15.0514765,15.339934,15.130459,16.01179,0.0,0.0,0.0,0.0,0.0,0.0,0.0,0.0
2465,2023.0,1.0,18.0,2.0,15.03978,15.390299,15.061585,15.482589,15.047274,15.294725,15.04939,15.350585,15.038678,15.710908,15.0909815,15.805892,15.010002,14.709572,15.051634,15.358788,15.126252,15.949536,0.0,0.0,0.0,4.0,0.0,0.0,0.0,0.0
2466,2023.0,1.0,18.0,3.0,15.040557,15.410776,15.062338,15.493198,15.048015,15.31658,15.050656,15.3699255,15.132089,15.913801,15.091204,15.80738,15.01304,14.741172,15.054352,15.382138,15.088697,15.905088,0.0,0.0,0.0,0.0,0.0,0.0,0.0,0.0
2467,2023.0,1.0,18.0,3.0,15.042274,15.431721,15.063154,15.503475,15.048164,15.335105,15.052125,15.388593,15.0865,15.8175,15.065023,15.739194,15.01435,14.7659445,15.055169,15.39988,15.090311,15.932952,0.0,0.0,0.0,0.0,4.0,0.0,0.0,0.0
2468,2023.0,1.0,18.0,3.0,15.043323,15.449955,15.064075,15.513505,15.049852,15.355537,15.053071,15.405213,15.088666,15.848459,15.092522,15.827292,15.015826,14.789193,15.056503,15.418358,15.0909,15.945405,0.0,0.0,0.0,0.0,0.0,0.0,0.0,0.0
2469,2023.0,1.0,18.0,3.0,15.045162,15.469019,15.064516,15.522305,15.051416,15.374211,15.054351,15.421827,15.088562,15.856219,15.09227,15.817755,15.017995,14.811888,15.056783,15.433906,15.091868,15.957133,0.0,0.0,0.0,0.0,0.0,0.0,0.0,0.0
2470,2023.0,1.0,18.0,3.0,15.04657,15.486102,15.065768,15.532668,15.052724,15.391506,15.05555,15.4375515,15.090699,15.868708,15.092903,15.820858,15.019381,14.831417,15.059056,15.453132,15.09238,15.965853,0.0,0.0,0.0,0.0,0.0,0.0,0.0,0.0
2471,2023.0,1.0,18.0,3.0,15.047082,15.500811,15.06627,15.541098,15.053666,15.407308,15.056617,15.452382,15.090776,15.874853,15.092937,15.821663,15.02038,14.849362,15.059695,15.4679365,15.092566,15.97268,0.0,0.0,0.0,0.0,0.0,0.0,0.0,0.0
2472,2023.0,1.0,18.0,4.0,15.047999,15.515972,15.0668335,15.549645,15.054778,15.422914,15.057794,15.466932,15.091202,15.881533,15.0931425,15.823475,15.022177,14.868061,15.060292,15.482741,15.093617,15.980372,0.0,0.0,0.0,0.0,0.0,0.0,0.0,0.0
2473,2023.0,1.0,18.0,4.0,15.04914,15.530981,15.0672455,15.557919,15.055692,15.437658,15.0586605,15.480519,15.091166,15.886634,15.093267,15.825575,15.022476,14.883003,15.061059,15.497584,15.0938225,15.985695,0.0,0.0,0.0,0.0,0.0,0.0,0.0,0.0
2474,2023.0,1.0,18.0,4.0,15.050759,15.546464,15.068108,15.567036,15.056648,15.452104,15.059377,15.493593,15.042314,15.76503,15.0934305,15.828089,15.024088,14.900431,15.062177,15.512729,15.033605,15.836303,0.0,0.0,0.0,4.0,0.0,0.0,0.0,4.0
2475,2023.0,1.0,18.0,4.0,15.051633,15.559713,15.068423,15.574873,15.057282,15.465492,15.05995,15.505845,15.045239,15.80196,15.093533,15.830576,15.024308,14.914111,15.063794,15.528346,15.135174,16.065615,0.0,0.0,0.0,4.0,0.0,0.0,0.0,0.0
2476,2023.0,1.0,18.0,4.0,15.052789,15.573298,15.06911,15.583476,15.058202,15.479179,15.061058,15.518996,15.137844,15.978058,15.093826,15.833599,15.025755,14.930197,15.064065,15.540827,15.131357,16.001234,0.0,0.0,0.0,0.0,0.0,0.0,0.0,0.0
2477,2023.0,1.0,18.0,4.0,15.052688,15.584085,15.069567,15.591424,15.059141,15.492467,15.061698,15.53083,15.085625,15.787763,15.067288,15.765717,15.026855,14.944711,15.065276,15.555168,15.0914,15.950199,0.0,0.0,0.0,4.0,4.0,0.0,0.0,0.0
2478,2023.0,1.0,18.0,5.0,15.054243,15.598166,15.070302,15.599748,15.060075,15.505418,15.062605,15.54304,15.133317,15.918831,15.094908,15.855011,15.02707,14.9572,15.066138,15.568251,15.093323,15.978146,0.0,0.0,0.0,0.0,0.0,0.0,0.0,0.0
2479,2023.0,1.0,18.0,5.0,15.05477,15.609539,15.070443,15.606858,15.060616,15.51735,15.063145,15.554245,15.131108,15.879642,15.094236,15.84527,15.028528,14.972015,15.067362,15.581825,15.09322,15.988256,0.0,0.0,0.0,0.0,0.0,0.0,0.0,0.0
2480,2023.0,1.0,18.0,5.0,15.056372,15.622542,15.071101,15.615155,15.061411,15.529595,15.063838,15.565695,15.037754,15.702587,15.094437,15.848212,15.029026,14.984222,15.066888,15.591697,15.095072,16.001205,0.0,0.0,0.0,4.0,0.0,0.0,0.0,0.0
2481,2023.0,1.0,18.0,5.0,15.055941,15.631559,15.071517,15.622718,15.062151,15.541424,15.064244,15.576298,15.08605,15.810661,15.094579,15.849677,15.030118,14.997579,15.06888,15.606666,15.033844,15.851863,0.0,0.0,0.0,4.0,0.0,0.0,0.0,4.0
2482,2023.0,1.0,18.0,5.0,15.056557,15.642885,15.071563,15.629534,15.062958,15.553124,15.065349,15.588001,15.083938,15.787501,15.094499,15.85118,15.030171,15.008408,15.069099,15.617189,15.135507,16.083878,0.0,0.0,0.0,4.0,0.0,0.0,0.0,0.0
2483,2023.0,1.0,18.0,5.0,15.056862,15.6530695,15.072205,15.637518,15.063235,15.563548,15.0656395,15.597663,15.132392,15.912775,15.094766,15.853576,15.030852,15.020536,15.069604,15.628586,15.072526,15.868993,0.0,0.0,0.0,0.0,0.0,0.0,0.0,4.0
2484,2023.0,1.0,18.0,6.0,15.057838,15.664665,15.072691,15.644934,15.064413,15.575677,15.066377,15.608224,15.130484,15.881539,15.068384,15.785547,15.031962,15.033037,15.070406,15.6402235,15.133083,16.041489,0.0,0.0,0.0,0.0,4.0,0.0,0.0,0.0
2485,2023.0,1.0,18.0,6.0,18.908442,22.325274,15.033583,15.582043,18.938484,22.259258,18.915148,22.248331,15.037455,15.752582,18.391167,21.526623,18.453827,20.864521,19.19085,22.810307,15.058598,15.877442,0.0,0.0,0.0,0.0,0.0,0.0,0.0,0.0
2486,2023.0,1.0,18.0,6.0,19.555237,22.996862,15.038513,15.600372,19.652939,23.047226,19.62185,23.026886,15.048445,15.801659,15.212761,15.729187,19.008833,21.61728,19.795435,23.36165,15.046981,15.886442,0.0,0.0,0.0,0.0,0.0,0.0,0.0,0.0
2487,2023.0,1.0,18.0,6.0,20.152205,23.679369,15.038272,15.607302,20.774572,24.594557,20.22169,23.704903,15.047072,15.814277,15.1341915,15.658682,19.524359,22.20312,20.440264,24.098803,15.047923,15.903526,0.0,4.0,0.0,0.0,0.0,0.0,0.0,0.0
2488,2023.0,1.0,18.0,6.0,20.643793,24.23239,15.038438,15.614559,20.823143,24.332155,20.721655,24.265543,15.047182,15.822582,15.036807,15.577349,19.96456,22.695965,20.970543,24.686052,15.047758,15.909802,0.0,0.0,0.0,0.0,0.0,0.0,0.0,0.0
2489,2023.0,1.0,18.0,6.0,21.054201,24.665497,15.01672,15.559688,21.16148,24.656399,21.158695,24.728561,15.047052,15.826137,15.032343,15.607079,20.336592,23.08662,22.173119,26.429516,15.0121155,15.814761,4.0,0.0,4.0,0.0,4.0,0.0,4.0,4.0
2490,2023.0,1.0,18.0,7.0,21.01075,24.396194,19.110716,22.602726,21.10093,24.294323,21.107033,24.394041,15.047443,15.82752,18.592445,21.79409,21.046104,24.117575,21.439209,24.821045,19.663208,23.912981,4.0,4.0,4.0,0.0,0.0,4.0,4.0,4.0
2491,2023.0,1.0,18.0,7.0,21.139513,24.415167,19.275648,22.47169,20.690117,23.37165,20.158968,22.562775,15.010163,15.723359,15.747752,15.823133,20.399094,22.748621,21.122787,24.036556,19.218666,22.557295,0.0,4.0,0.0,4.0,0.0,0.0,4.0,4.0
2492,2023.0,1.0,18.0,7.0,21.099669,24.2031,16.252758,16.33193,20.378988,22.73447,20.212053,22.578918,19.398182,23.299557,15.106911,15.5017185,20.401001,22.552782,21.11801,23.9114,19.701414,23.034536,0.0,0.0,0.0,4.0,4.0,4.0,4.0,4.0
2493,2023.0,1.0,18.0,7.0,20.825607,23.600224,15.045154,14.995564,20.867144,23.521229,20.232988,22.583029,19.038546,22.180206,18.535938,21.465555,20.485155,22.603727,20.831032,23.384249,19.245255,22.018215,4.0,4.0,0.0,4.0,0.0,4.0,0.0,0.0
2494,2023.0,1.0,18.0,7.0,20.76287,23.382189,18.8289,21.79366,20.808304,23.296236,21.18339,24.195824,19.247124,22.173292,16.109608,16.403091,19.808027,21.328882,21.445688,24.33695,16.438272,16.440672,0.0,4.0,4.0,4.0,4.0,0.0,4.0,4.0
2495,2023.0,1.0,18.0,7.0,20.798418,23.392927,15.1864395,15.21241,20.855444,23.318092,21.087088,23.90204,19.490467,22.349226,19.111141,22.000908,19.752443,21.232002,20.780489,23.129482,18.936613,21.442204,0.0,4.0,4.0,4.0,4.0,0.0,0.0,0.0
2496,2023.0,1.0,18.0,8.0,20.711578,23.180336,15.118465,15.230788,20.773706,23.110794,20.175295,22.233425,19.564327,22.257683,18.269323,20.433582,20.33199,22.207958,21.159637,23.74047,15.643941,15.012827,0.0,4.0,0.0,4.0,0.0,4.0,4.0,0.0
2497,2023.0,1.0,18.0,8.0,17.94365,17.835262,15.022087,15.1923485,17.988781,17.737705,17.11889,16.410772,20.052534,22.901218,15.546456,15.053097,17.479424,16.674662,18.375645,18.330605,15.106321,15.115078,0.0,4.0,0.0,4.0,4.0,0.0,4.0,0.0
2498,2023.0,1.0,18.0,8.0,15.972995,15.097937,15.013026,15.259957,16.562063,16.024841,16.097042,15.54127,20.14479,22.924232,19.148285,21.86662,16.114075,15.058557,16.292555,15.407672,15.02955,15.210642,4.0,4.0,4.0,0.0,0.0,0.0,0.0,0.0
2499,2023.0,1.0,18.0,8.0,15.945512,15.653213,19.452457,23.093819,16.075258,15.543758,15.799676,15.302738,16.588545,15.965982,16.100542,15.776579,16.463224,16.14781,15.399346,14.45881,15.200219,15.688212,0.0,4.0,4.0,0.0,4.0,4.0,0.0,4.0
2500,2023.0,1.0,18.0,8.0,15.042296,14.288498,16.53369,16.813656,15.74024,15.237671,14.9851055,14.18057,14.980842,14.293107,19.65407,22.661028,15.756643,14.857844,14.994142,14.191316,19.152351,22.399832,0.0,4.0,0.0,0.0,4.0,0.0,0.0,0.0
2501,2023.0,1.0,18.0,8.0,15.043249,14.566503,15.017963,15.056318,14.982863,14.190723,15.045652,14.55275,15.571629,15.849476,19.51499,22.314728,15.159112,14.159035,15.040103,14.564001,15.002494,15.002463,0.0,0.0,0.0,4.0,0.0,0.0,0.0,0.0
2502,2023.0,1.0,18.0,9.0,15.031377,14.737997,15.033259,15.234192,15.131261,14.651935,15.037965,14.712942,19.493095,22.482296,15.969312,15.274249,15.009968,14.158065,15.01791,14.761053,15.136805,15.483812,0.0,4.0,0.0,0.0,0.0,0.0,0.0,0.0
2503,2023.0,1.0,18.0,9.0,15.628946,16.042717,15.032805,15.334665,15.026611,14.67239,15.429731,15.613941,16.492111,16.413872,15.069977,14.809363,15.198389,14.740822,15.024253,14.942513,15.026922,15.426628,0.0,0.0,4.0,4.0,0.0,0.0,0.0,0.0
2504,2023.0,1.0,18.0,9.0,14.971683,14.828451,15.033848,15.411478,15.041192,14.832927,14.9872875,14.875338,19.657177,22.630009,15.033816,15.005486,16.03576,16.379377,15.025044,15.067633,15.043433,15.5705185,0.0,0.0,0.0,0.0,0.0,4.0,0.0,0.0
2505,2023.0,1.0,18.0,9.0,15.046246,15.078005,15.0343075,15.468749,15.04064,14.930238,15.05315,15.083956,16.116581,15.587038,15.040335,15.197095,14.956224,14.344115,15.026242,15.161826,15.041975,15.645773,0.0,0.0,0.0,0.0,0.0,0.0,0.0,0.0
2506,2023.0,1.0,18.0,9.0,15.03697,15.133429,15.013056,15.448022,15.353582,15.622956,15.010178,15.030205,15.060685,14.927553,15.040994,15.32836,15.052767,14.631012,15.02879,15.235564,15.043373,15.704179,4.0,4.0,4.0,0.0,0.0,0.0,0.0,0.0
2507,2023.0,1.0,18.0,9.0,15.018172,15.198189,18.855629,22.034071,14.987345,14.934977,15.018757,15.104414,15.2764,15.571515,15.040433,15.419099,15.022206,14.639534,15.027951,15.287726,15.04314,15.745084,0.0,4.0,4.0,4.0,0.0,0.0,0.0,0.0
2508,2023.0,1.0,18.0,10.0,15.021966,15.282983,16.26585,16.504444,15.054808,15.164069,15.051843,15.249828,19.195492,22.257053,15.039719,15.480891,15.007219,14.694639,15.028835,15.33449,15.043526,15.776022,0.0,0.0,0.0,0.0,0.0,0.0,0.0,0.0
2509,2023.0,1.0,18.0,10.0,15.021528,15.343523,15.013314,15.135248,15.043289,15.187271,15.045933,15.274649,15.689907,15.208763,15.040483,15.527532,15.712458,16.094702,15.0292225,15.372067,15.043552,15.799265,4.0,0.0,0.0,0.0,0.0,4.0,0.0,0.0
2510,2023.0,1.0,18.0,10.0,15.020389,15.39133,19.58045,23.25129,15.0489645,15.206954,15.028436,15.241615,15.101633,15.224883,15.040753,15.562113,15.498227,15.412111,15.022806,15.3898,15.04343,15.817173,0.0,4.0,4.0,0.0,0.0,4.0,0.0,0.0
2511,2023.0,1.0,18.0,10.0,15.023418,15.445143,16.939941,17.503431,15.018348,15.192106,15.020262,15.265474,15.025104,15.242373,15.039818,15.584188,15.382841,15.318174,15.030293,15.433695,15.043155,15.830565,4.0,4.0,4.0,0.0,0.0,4.0,0.0,0.0
2512,2023.0,1.0,18.0,10.0,15.023706,15.482806,18.978096,21.754791,15.050245,15.320209,15.05221,15.390805,15.074547,15.433761,15.040545,15.602258,14.976127,14.643148,15.029803,15.453318,15.043146,15.841272,0.0,0.0,0.0,4.0,0.0,0.0,0.0,0.0
2513,2023.0,1.0,18.0,10.0,15.024388,15.516239,16.268667,16.131886,15.044284,15.333491,15.046203,15.400212,19.000599,22.268728,15.039046,15.608965,15.031903,14.792148,15.030083,15.472178,15.042772,15.849321,4.0,0.0,0.0,0.0,0.0,0.0,0.0,0.0
2514,2023.0,1.0,18.0,11.0,15.024507,15.541854,19.223713,22.131475,15.044604,15.355923,15.013288,15.3253145,15.132861,15.230163,15.01959,15.560962,15.023733,14.804311,15.030233,15.488957,15.042804,15.856655,0.0,0.0,4.0,0.0,4.0,0.0,0.0,0.0
2515,2023.0,1.0,18.0,11.0,15.025356,15.565989,16.19955,15.858039,15.024729,15.375481,15.053342,15.45702,15.399743,15.812162,19.548334,23.341162,15.007787,14.8269,15.030541,15.504338,15.042672,15.862122,0.0,0.0,0.0,4.0,4.0,0.0,0.0,0.0
2516,2023.0,1.0,18.0,11.0,15.02545,15.586292,15.034216,14.848915,15.075791,15.483839,15.045958,15.455296,19.209,22.49607,20.06128,23.741697,15.010529,14.870411,15.03073,15.518061,15.304055,16.389595,0.0,4.0,0.0,0.0,0.0,0.0,0.0,0.0
2517,2023.0,1.0,18.0,11.0,15.025606,15.604011,15.11722,15.178819,15.06746,15.491075,15.026944,15.466707,15.839945,15.515543,17.04172,17.483389,15.010601,14.899598,15.030584,15.529748,15.0415125,15.861694,4.0,4.0,0.0,0.0,4.0,0.0,0.0,0.0
2518,2023.0,1.0,18.0,11.0,15.0204525,15.609776,19.815113,23.53152,15.026935,15.425294,15.024461,15.497123,15.098398,15.205299,19.318958,22.09215,15.061277,15.02361,15.024329,15.527875,15.041995,15.868073,0.0,4.0,0.0,0.0,0.0,0.0,0.0,0.0
2519,2023.0,1.0,18.0,11.0,15.026692,15.640833,17.264875,17.951687,15.020022,15.425673,15.029929,15.539192,15.022626,15.2287445,16.317686,15.956702,15.010845,14.943811,15.030999,15.5547,15.041689,15.871998,4.0,4.0,0.0,0.0,0.0,0.0,0.0,0.0
2520,2023.0,1.0,18.0,12.0,15.020783,15.642889,20.018194,23.433193,15.029456,15.454627,15.024607,15.550535,15.033803,15.3738785,15.015578,14.702578,15.614821,16.09754,15.02416,15.549848,15.041484,15.875624,0.0,4.0,0.0,0.0,0.0,4.0,0.0,0.0
2521,2023.0,1.0,18.0,12.0,19.518738,23.42177,16.91104,16.925596,19.5969,23.317085,19.555319,23.372559,15.033059,15.453865,15.030935,14.976969,18.477898,20.93007,19.892826,24.01446,15.041837,15.879027,4.0,4.0,0.0,0.0,0.0,0.0,0.0,0.0
2522,2023.0,1.0,18.0,12.0,20.22221,24.164839,19.549294,22.496164,20.140734,23.766554,20.330133,24.244127,15.033301,15.508324,15.009222,15.092726,19.019962,21.509886,20.549263,24.611212,15.040765,15.873927,0.0,4.0,0.0,0.0,4.0,0.0,0.0,0.0
2523,2023.0,1.0,18.0,12.0,20.552197,24.331064,16.54199,16.28279,20.48893,23.953995,20.662975,24.4063,15.0332,15.543317,19.636837,22.89642,19.99074,22.8507,20.927824,24.818344,15.0403385,15.865899,0.0,4.0,0.0,0.0,0.0,4.0,0.0,0.0
2524,2023.0,1.0,18.0,12.0,20.993675,24.765047,15.041955,14.660602,20.459942,23.59046,21.165224,24.935877,15.033521,15.567621,16.761896,17.069584,19.784132,22.165447,22.076216,26.378136,15.039943,15.856368,0.0,0.0,4.0,0.0,0.0,0.0,4.0,0.0
2525,2023.0,1.0,18.0,12.0,21.12912,24.73771,15.230328,15.292316,21.17481,24.581224,21.121702,24.596704,15.033626,15.583883,15.337299,15.387809,20.05399,22.41618,21.318127,24.701395,15.039384,15.84606,4.0,4.0,0.0,0.0,4.0,0.0,0.0,0.0
2526,2023.0,1.0,18.0,13.0,21.095993,24.450361,19.774408,23.33589,21.117725,24.230492,20.831745,23.887047,14.997792,15.495321,20.150581,23.516283,21.476809,24.744799,21.131762,24.161816,15.039269,15.83716,0.0,4.0,0.0,4.0,4.0,4.0,0.0,0.0
2527,2023.0,1.0,18.0,13.0,21.12325,24.378012,17.01895,17.417946,21.125532,24.074728,20.695267,23.4942,19.19811,22.817776,19.549927,22.30232,20.887558,23.405142,21.136583,24.03129,15.284706,16.32104,0.0,4.0,0.0,0.0,0.0,4.0,0.0,0.0
2528,2023.0,1.0,18.0,13.0,20.965317,23.90039,15.051762,14.859072,21.121233,23.939377,21.16648,24.255993,15.765061,15.58446,16.405546,16.026127,20.587158,22.698202,22.078077,25.523333,15.038279,15.816278,0.0,4.0,0.0,0.0,0.0,0.0,0.0,0.0
2529,2023.0,1.0,18.0,13.0,21.136667,24.116941,15.031787,15.035389,21.117977,23.835693,21.10646,24.040726,15.12142,15.422616,15.158576,14.78118,20.821754,23.03614,22.574734,26.26925,15.038575,15.813907,0.0,4.0,0.0,0.0,0.0,0.0,0.0,0.0
2530,2023.0,1.0,18.0,13.0,21.078566,23.940676,15.063741,15.230635,21.112434,23.748812,21.111551,23.980093,15.22248,15.691709,15.010396,14.792457,21.121248,23.438042,22.891918,26.643349,15.037505,15.808951,4.0,4.0,0.0,4.0,0.0,4.0,0.0,0.0
2531,2023.0,1.0,18.0,13.0,21.143824,23.997986,19.854103,23.663393,21.244644,23.83505,21.249025,24.078588,18.926678,21.960789,15.02842,15.02349,21.522636,24.039387,22.35231,25.465214,15.038356,15.807397,4.0,4.0,0.0,0.0,0.0,4.0,0.0,0.0
2532,2023.0,1.0,18.0,14.0,21.136438,23.893229,19.471426,22.46269,21.115013,23.59455,21.112492,23.814608,16.312294,16.528515,15.025799,15.157554,21.113039,23.19095,21.06842,23.233326,15.038035,15.803387,0.0,4.0,4.0,4.0,0.0,0.0,0.0,0.0
2533,2023.0,1.0,18.0,14.0,17.977945,17.807497,16.633514,16.686457,18.506203,18.581347,18.793535,19.354727,19.760822,22.991777,15.007275,15.200172,18.953201,18.961546,18.516315,18.467607,15.037569,15.799933,4.0,4.0,4.0,0.0,4.0,4.0,0.0,0.0
2534,2023.0,1.0,18.0,14.0,16.292408,15.723625,19.647,22.71655,17.188087,17.01544,17.169662,17.073793,16.368872,16.180075,19.725136,23.120636,17.326227,16.607052,17.17973,16.885893,15.010272,15.701377,0.0,4.0,4.0,0.0,0.0,0.0,0.0,4.0
2535,2023.0,1.0,18.0,14.0,15.678973,15.080029,17.016068,17.183064,16.738771,16.576714,15.92285,15.221863,15.013593,14.819451,16.813122,17.18672,17.46075,17.394392,16.587719,16.279003,18.880692,22.206127,4.0,4.0,0.0,0.0,0.0,4.0,0.0,0.0
2536,2023.0,1.0,18.0,14.0,16.464808,16.970724,19.817482,22.89092,16.42951,16.297356,15.949897,15.779056,15.029179,15.081815,15.384911,15.471044,16.705936,16.037947,16.159958,15.863554,16.220333,16.686247,0.0,4.0,4.0,0.0,4.0,0.0,0.0,4.0
2537,2023.0,1.0,18.0,14.0,15.569953,15.186553,17.138514,17.259407,16.178932,16.075638,15.920336,15.849594,15.981547,15.747205,20.37224,23.946663,16.161203,15.4369955,15.808931,15.52603,19.617577,23.11821,4.0,4.0,4.0,0.0,4.0,0.0,0.0,0.0
2538,2023.0,1.0,18.0,15.0,15.259847,14.707551,20.119547,23.343817,15.29219,14.628194,15.418431,14.736872,15.379428,16.009844,19.9927,23.022295,15.880795,15.172396,15.511871,15.243431,16.012959,15.88009,4.0,0.0,0.0,0.0,0.0,0.0,0.0,0.0
2539,2023.0,1.0,18.0,15.0,16.701689,16.580135,20.026007,22.838879,15.8086,14.919252,15.725662,14.854971,15.177507,15.655588,17.015121,16.972424,16.953173,17.46768,15.244686,14.978638,15.063524,15.24475,0.0,0.0,0.0,4.0,4.0,4.0,0.0,0.0
2540,2023.0,1.0,18.0,15.0,15.283214,15.197176,16.924082,16.676298,15.4324665,15.363792,15.597319,14.812011,20.560774,24.788912,20.29205,23.287746,16.837198,16.938805,15.0223055,14.774452,15.787665,15.595838,0.0,4.0,0.0,4.0,4.0,4.0,0.0,0.0
2541,2023.0,1.0,18.0,15.0,15.059314,14.970214,15.622459,15.291672,15.941247,16.205376,15.874332,16.17577,20.078003,23.546585,20.072178,22.767612,15.905001,15.338923,15.942127,16.384228,16.129488,17.30651,0.0,0.0,0.0,0.0,0.0,0.0,0.0,0.0
2542,2023.0,1.0,18.0,15.0,15.679825,16.295898,15.765593,15.860033,15.777805,15.886595,14.995877,14.835435,16.5186,16.349434,17.032167,16.724455,15.439091,14.794539,14.984636,14.876844,15.024178,15.473332,4.0,4.0,0.0,0.0,0.0,0.0,0.0,0.0
2543,2023.0,1.0,18.0,15.0,15.898157,16.595507,20.08789,23.583094,15.423729,15.438376,15.833885,15.442784,14.980566,14.629005,15.701287,15.34185,16.079548,16.186373,16.157923,15.927847,15.035927,15.5890045,0.0,4.0,0.0,0.0,0.0,4.0,0.0,0.0
2544,2023.0,1.0,18.0,16.0,15.514027,15.854334,17.693102,18.412973,14.991363,14.824193,15.54006,15.991694,15.033766,15.0001545,15.757151,15.778901,16.284811,16.411148,14.975456,14.990662,15.03566,15.656045,4.0,0.0,4.0,0.0,4.0,4.0,0.0,0.0
2545,2023.0,1.0,18.0,16.0,15.289539,15.57157,20.536352,23.902485,15.854442,16.296597,15.667001,16.040766,15.401017,15.876298,20.266615,23.412674,16.263554,16.382612,15.917871,16.582485,15.121387,15.827199,4.0,0.0,0.0,4.0,0.0,4.0,0.0,4.0
2546,2023.0,1.0,18.0,16.0,15.195681,15.471917,19.9617,22.535633,15.908509,16.330292,16.046124,16.731098,20.068026,23.84953,17.431524,17.729101,16.235693,16.347885,16.639053,17.485806,18.988153,22.523798,4.0,0.0,0.0,4.0,0.0,4.0,4.0,0.0
2547,2023.0,1.0,18.0,16.0,15.128604,15.405393,20.131834,22.662926,15.627377,16.045425,15.839837,16.022264,20.07157,23.396917,15.617778,15.326677,15.462468,14.913254,15.932656,16.372797,15.659614,15.571587,4.0,4.0,4.0,0.0,0.0,0.0,4.0,0.0
2548,2023.0,1.0,18.0,16.0,15.063839,15.335712,20.124613,22.515312,15.721906,16.196783,16.133154,16.806274,16.594908,16.377243,15.123407,14.792162,15.856586,15.959008,16.024584,16.557068,15.113813,15.571305,0.0,4.0,0.0,0.0,0.0,4.0,0.0,0.0
2549,2023.0,1.0,18.0,16.0,15.000944,15.271297,17.595896,17.546553,15.264667,15.339831,15.065186,14.978852,14.976234,14.533257,15.221629,15.252498,16.022364,16.122646,15.009053,14.958313,15.026628,15.537213,4.0,4.0,0.0,0.0,4.0,4.0,0.0,0.0
2550,2023.0,1.0,18.0,17.0,15.295032,15.518298,20.257505,22.928612,15.81927,16.294428,15.508945,15.863291,15.67382,15.816147,20.295435,23.753506,16.000896,16.092295,15.882557,16.396135,15.529091,16.278173,0.0,0.0,4.0,0.0,4.0,4.0,0.0,0.0
2551,2023.0,1.0,18.0,17.0,15.04982,15.311476,17.743946,17.732164,15.430263,15.525501,15.173117,15.234118,15.028203,14.9521265,19.971218,22.925377,15.9786825,16.06221,14.946044,14.846633,15.352071,16.226639,4.0,4.0,4.0,0.0,0.0,4.0,0.0,0.0
2552,2023.0,1.0,18.0,17.0,15.302227,15.50882,20.14368,22.84091,15.364104,15.308614,15.857461,16.448006,15.048409,15.193828,16.969627,16.825558,15.952335,16.027527,16.068592,15.808338,15.041441,15.664846,0.0,4.0,0.0,0.0,4.0,4.0,0.0,0.0
2553,2023.0,1.0,18.0,17.0,15.038859,15.282555,17.255604,16.95862,15.378341,15.306542,15.097379,15.137637,15.232275,15.644716,20.19564,23.05385,15.178922,14.588476,15.597005,15.952706,15.088995,15.765506,0.0,4.0,4.0,4.0,0.0,0.0,0.0,4.0
2554,2023.0,1.0,18.0,17.0,15.006768,15.303244,16.334608,16.331526,15.00767,14.989204,15.014205,15.146378,20.308895,24.390345,16.972387,16.650784,15.021176,14.5796385,14.968108,15.027851,18.793966,22.201317,4.0,4.0,4.0,4.0,0.0,0.0,0.0,0.0
2555,2023.0,1.0,18.0,17.0,15.716929,16.402721,20.221714,23.343992,15.012713,15.089926,15.011411,15.197179,19.739359,22.907633,15.451074,15.061544,15.709826,15.733692,15.039536,15.265192,15.020092,15.282989,4.0,4.0,4.0,0.0,0.0,0.0,0.0,0.0
2556,2023.0,1.0,18.0,18.0,15.341088,15.525,20.06671,22.65691,16.07588,16.939445,15.65723,15.448401,16.28854,15.96428,15.130756,14.763547,15.432653,15.161752,16.006649,16.89118,15.081376,15.516003,4.0,0.0,4.0,0.0,0.0,0.0,0.0,4.0
2557,2023.0,1.0,18.0,18.0,20.109884,24.158833,20.117964,22.523317,19.899178,23.504917,19.83497,23.597181,15.009081,14.685485,15.01518,14.823756,19.46991,22.209091,21.310602,26.132374,19.129438,22.662636,4.0,4.0,4.0,0.0,0.0,0.0,4.0,0.0
2558,2023.0,1.0,18.0,18.0,20.280373,23.88962,20.109833,22.35275,20.415588,23.913782,20.25271,23.790632,15.029618,14.984179,15.026766,15.001224,20.023932,22.962282,20.292473,23.71462,15.081491,15.286664,4.0,4.0,4.0,0.0,0.0,0.0,0.0,0.0
2559,2023.0,1.0,18.0,18.0,20.261614,23.488134,20.108845,22.243519,20.88378,24.333427,20.74037,24.225912,15.029024,15.145619,15.025892,15.106349,21.107706,24.495575,20.707119,24.085945,15.15716,15.597139,4.0,4.0,4.0,0.0,0.0,4.0,0.0,0.0
2560,2023.0,1.0,18.0,18.0,21.083931,24.614815,20.10791,22.163788,21.157328,24.490528,21.114227,24.541517,15.243328,15.649089,15.026407,15.18156,20.24467,22.608492,21.157341,24.54138,15.021617,15.462073,4.0,4.0,4.0,4.0,0.0,0.0,4.0,0.0
2561,2023.0,1.0,18.0,18.0,21.313358,24.750374,20.107008,22.103172,21.123264,24.171568,21.129213,24.293318,19.888456,23.541296,15.026808,15.234892,20.320778,22.54947,21.279291,24.534826,15.037089,15.566879,4.0,4.0,4.0,4.0,0.0,0.0,0.0,0.0
2562,2023.0,1.0,18.0,19.0,21.438646,24.736643,20.105837,22.05423,21.122772,23.989283,21.126328,24.091751,19.81275,22.991882,15.00694,15.223573,21.04816,23.636314,22.108782,25.727386,15.035648,15.611427,4.0,4.0,4.0,0.0,4.0,4.0,4.0,0.0
2563,2023.0,1.0,18.0,19.0,21.501078,24.680044,20.105364,22.015083,21.266712,24.052998,21.201736,24.042204,16.836811,16.887575,19.209906,22.209948,20.552061,22.609806,21.519505,24.509132,15.036193,15.643472,4.0,4.0,4.0,4.0,0.0,0.0,0.0,0.0
2564,2023.0,1.0,18.0,19.0,21.501432,24.527924,20.120775,22.024693,21.565298,24.483343,21.014862,23.652033,19.69304,22.413387,16.827433,17.260021,20.47341,22.365332,21.442545,24.24783,15.036417,15.664075,0.0,4.0,0.0,0.0,4.0,0.0,0.0,0.0
2565,2023.0,1.0,18.0,19.0,21.066391,23.651608,17.775099,17.48435,21.062222,23.477182,21.111612,23.732784,16.497103,16.078186,19.772755,22.71305,21.938921,24.861717,21.207172,23.675224,15.036745,15.678485,4.0,4.0,0.0,0.0,0.0,4.0,0.0,0.0
2566,2023.0,1.0,18.0,19.0,21.684086,24.612446,20.16316,22.440819,21.400064,24.017046,21.306705,23.97166,14.984663,14.445171,17.062408,17.240133,21.018509,23.051773,22.540958,26.019707,15.036951,15.688195,0.0,0.0,0.0,0.0,0.0,0.0,0.0,0.0
2567,2023.0,1.0,18.0,19.0,20.996758,23.345589,17.471987,17.037682,21.075806,23.388136,21.06709,23.535978,15.029104,14.816572,15.331622,15.008315,21.118393,23.159153,20.91,23.000738,15.036932,15.694366,0.0,0.0,0.0,0.0,0.0,0.0,0.0,0.0
2568,2023.0,1.0,18.0,20.0,21.123251,23.586552,16.707975,16.66209,21.13752,23.479464,21.112564,23.6235,15.024665,15.004409,15.303914,15.317157,21.077194,23.025192,21.52343,24.066212,15.036788,15.698379,4.0,0.0,0.0,0.0,4.0,0.0,0.0,0.0
2569,2023.0,1.0,18.0,20.0,21.148993,23.622198,20.22997,23.03837,21.152311,23.536858,21.150253,23.670658,15.026728,15.136522,19.778389,22.784342,21.390905,23.579876,21.165504,23.549513,15.037241,15.702458,4.0,0.0,4.0,0.0,0.0,0.0,4.0,0.0
2570,2023.0,1.0,18.0,20.0,22.168516,25.303967,20.06554,22.383423,21.920263,24.72011,21.983606,25.1539,15.027008,15.227335,17.327871,17.75169,21.924744,24.396132,22.040646,25.015991,15.037432,15.704959,4.0,4.0,4.0,0.0,4.0,0.0,0.0,0.0
2571,2023.0,1.0,18.0,20.0,22.304604,25.462723,20.36909,22.679016,22.546196,25.90345,21.747974,24.549274,15.742475,16.35501,20.326727,23.418276,21.67446,23.783464,22.174313,25.167223,15.753136,16.800463,0.0,0.0,0.0,0.0,0.0,4.0,0.0,0.0
2572,2023.0,1.0,18.0,20.0,20.976294,23.003965,17.853182,17.659348,20.941986,22.8739,21.074915,23.261293,15.096286,15.234063,16.877192,16.512896,21.113106,22.850744,22.19704,25.073067,14.949895,15.392788,4.0,0.0,0.0,0.0,0.0,0.0,0.0,0.0
2573,2023.0,1.0,18.0,20.0,22.07029,24.851917,20.211672,22.60764,21.789185,24.43928,21.959728,24.658215,15.089541,15.346971,14.977945,14.271409,21.34384,23.206291,21.613953,23.895754,15.054856,15.645525,4.0,4.0,4.0,0.0,0.0,0.0,4.0,0.0
2574,2023.0,1.0,18.0,21.0,21.754902,24.279902,20.076794,22.156137,22.215103,25.112175,22.06349,24.757803,15.018426,15.27991,15.031061,14.672042,21.368708,23.228167,22.184753,24.990644,15.033136,15.631507,0.0,4.0,4.0,0.0,0.0,0.0,0.0,0.0
2575,2023.0,1.0,18.0,21.0,21.00852,22.954025,17.639551,17.35225,20.94888,22.767324,20.96802,22.799255,15.14467,15.547642,15.0206375,14.858568,21.024544,22.601452,20.977642,22.778965,15.0364485,15.655727,4.0,4.0,4.0,4.0,0.0,4.0,0.0,0.0
2576,2023.0,1.0,18.0,21.0,21.722454,24.23143,20.172344,22.559656,21.73416,24.154789,21.71759,24.151182,20.47672,24.537855,15.025687,15.006897,21.451996,23.383512,22.161024,24.882599,15.036248,15.668079,0.0,0.0,0.0,4.0,0.0,0.0,0.0,0.0
2577,2023.0,1.0,18.0,21.0,20.982813,22.898184,17.65887,17.418526,21.005388,22.847443,20.990602,22.844582,20.046593,23.350801,15.025542,15.105483,21.065294,22.634254,20.934153,22.698877,15.055409,15.679171,4.0,0.0,4.0,4.0,0.0,0.0,0.0,4.0
2578,2023.0,1.0,18.0,21.0,21.994091,24.567154,20.17386,22.650827,21.983067,24.417736,22.098751,24.718538,20.150293,23.178394,15.006604,15.130171,21.363178,23.123793,22.091702,24.777197,19.046818,22.453676,0.0,4.0,4.0,0.0,4.0,0.0,0.0,0.0
2579,2023.0,1.0,18.0,21.0,20.926859,22.722555,17.916983,18.031767,20.92895,22.593126,20.937195,22.675459,16.6696,16.196997,20.089722,23.585577,21.07929,22.654362,22.083328,24.601921,16.086203,16.32665,0.0,0.0,0.0,0.0,4.0,0.0,0.0,4.0
2580,2023.0,1.0,18.0,22.0,21.114166,23.126137,16.842018,16.86037,21.143751,23.066948,21.14614,23.137524,15.361375,14.565583,20.026262,23.213394,21.083326,22.69623,22.033056,24.372726,19.557407,22.912916,4.0,0.0,0.0,0.0,4.0,0.0,0.0,0.0
2581,2023.0,1.0,18.0,22.0,21.935621,24.55375,20.240862,23.078392,21.239164,23.338104,21.158527,23.179607,16.103634,16.340612,20.031755,22.841139,22.06487,24.386627,22.479551,25.342646,16.500349,16.663284,0.0,0.0,0.0,0.0,0.0,0.0,0.0,4.0
2582,2023.0,1.0,18.0,22.0,20.98272,22.8244,17.800661,17.999353,21.091925,23.084461,21.06658,23.040516,15.096819,14.782457,16.991827,16.7006,20.944096,22.321323,20.894493,22.458101,19.838924,23.109869,0.0,0.0,4.0,0.0,4.0,0.0,0.0,0.0
2583,2023.0,1.0,18.0,22.0,21.174288,23.223093,16.667034,16.697092,21.163073,23.25421,21.165352,23.280436,15.334392,15.529629,20.310505,23.146347,21.144964,22.767868,21.21655,23.213606,16.181654,15.789876,4.0,0.0,4.0,4.0,4.0,0.0,0.0,0.0
2584,2023.0,1.0,18.0,22.0,21.905872,24.60408,20.855307,24.305695,21.716602,24.256746,21.590105,24.117651,20.678259,24.59154,20.073605,22.57936,21.603554,23.56112,21.999931,24.627386,16.141909,16.776335,4.0,0.0,0.0,4.0,0.0,4.0,4.0,0.0
2585,2023.0,1.0,18.0,22.0,21.865114,24.310476,20.00352,22.26917,21.826864,24.273336,21.787807,24.255257,19.881035,22.796976,17.500963,17.483406,22.06083,24.245104,22.437977,25.211521,16.306423,16.816866,0.0,4.0,0.0,0.0,0.0,0.0,0.0,4.0
2586,2023.0,1.0,18.0,23.0,20.99327,22.751719,17.492846,17.241768,20.95137,22.675352,21.014084,22.816755,17.004549,16.945866,16.035301,15.661203,20.98677,22.247301,22.458654,25.043203,20.382528,24.050161,4.0,0.0,0.0,4.0,0.0,0.0,0.0,0.0
2587,2023.0,1.0,18.0,23.0,18.993067,18.977716,16.109562,15.471642,18.36859,17.78139,18.92199,18.903719,15.190644,14.489268,15.540969,15.14932,18.697327,17.915554,19.154491,18.601805,16.468304,16.170958,4.0,0.0,0.0,0.0,0.0,0.0,0.0,0.0
2588,2023.0,1.0,18.0,23.0,18.193096,17.958775,15.318175,14.259439,17.123293,15.994184,17.853617,17.409616,15.035933,14.580035,15.239224,14.840017,19.09705,19.293877,18.231909,17.755438,14.990611,14.264191,0.0,0.0,0.0,0.0,0.0,4.0,0.0,0.0
2589,2023.0,1.0,18.0,23.0,17.757929,17.554129,15.222595,14.476897,16.982773,16.382744,17.27056,16.806656,15.02093,14.816531,15.245059,15.125409,18.030087,17.217634,17.761766,17.35399,15.600483,15.893557,4.0,0.0,0.0,0.0,4.0,0.0,0.0,4.0
2590,2023.0,1.0,18.0,23.0,16.69723,15.890954,14.99833,14.249038,16.789948,16.288496,16.833445,16.364595,15.257492,15.443418,14.979342,14.794602,17.968317,17.707476,17.280472,16.887064,14.922993,14.723344,0.0,0.0,0.0,4.0,0.0,4.0,0.0,0.0
2591,2023.0,1.0,18.0,23.0,16.064016,15.189935,15.033048,14.482625,16.484089,15.994931,16.478899,16.013014,14.9745865,14.99831,15.034897,15.032983,17.184975,16.315762,16.874125,16.49353,15.063117,15.176943,0.0,0.0,0.0,0.0,0.0,0.0,0.0,0.0
2592,2023.0,1.0,19.0,0.0,15.683054,14.803461,15.010184,14.601548,16.196444,15.700863,16.166737,15.692221,15.061387,15.227321,15.011074,15.072699,16.595074,15.627242,16.517107,16.13669,15.045142,15.253063,0.0,0.0,0.0,0.0,4.0,0.0,0.0,0.0
2593,2023.0,1.0,19.0,0.0,15.936142,15.616714,15.012762,14.728623,15.967527,15.489907,15.9220495,15.465376,15.040845,15.232559,15.032868,15.196349,16.301617,15.356503,16.230455,15.872622,15.029787,15.334292,0.0,0.0,0.0,0.0,0.0,0.0,0.0,0.0
2594,2023.0,1.0,19.0,0.0,15.9044895,15.64512,15.015109,14.826729,15.75521,15.28335,15.697392,15.245499,15.028063,15.279921,15.029358,15.240845,16.570505,16.147621,15.969743,15.621643,15.03507,15.421587,0.0,0.0,0.0,0.0,0.0,0.0,0.0,0.0
2595,2023.0,1.0,19.0,0.0,15.736195,15.476495,15.024626,14.926206,15.558812,15.084995,15.49136,15.036394,15.05157,15.385323,15.052056,15.329856,16.545319,16.135654,15.734359,15.390095,15.058895,15.533128,0.0,0.0,0.0,0.0,0.0,0.0,0.0,0.0
2596,2023.0,1.0,19.0,0.0,15.576551,15.318271,15.027806,14.986571,15.392424,14.927493,15.318,14.871114,15.053889,15.418571,15.055675,15.359728,16.414555,16.006607,15.521943,15.173267,15.062697,15.575077,0.0,0.0,0.0,0.0,0.0,0.0,0.0,0.0
2597,2023.0,1.0,19.0,0.0,15.44374,15.201386,15.030543,15.038457,15.241933,14.785162,15.162145,14.722566,15.055736,15.451917,15.057516,15.38818,16.28807,15.881979,15.332352,14.9867325,15.066157,15.616518,0.0,0.0,0.0,0.0,0.0,0.0,0.0,0.0
2598,2023.0,1.0,19.0,1.0,15.320308,15.086968,15.033257,15.082412,15.104619,14.6553335,15.020803,14.587818,15.058656,15.480667,15.059022,15.411735,16.170975,15.766596,15.162053,14.819096,15.067319,15.6455145,0.0,0.0,0.0,0.0,0.0,0.0,0.0,0.0
2599,2023.0,1.0,19.0,1.0,15.194347,14.957408,15.0356455,15.119758,15.001626,14.581265,15.0066805,14.687973,15.062415,15.510697,15.060978,15.433134,16.059944,15.65436,15.004664,14.6616745,15.008903,15.517499,0.0,0.0,0.0,0.0,0.0,0.0,0.0,4.0
2600,2023.0,1.0,19.0,1.0,15.074177,14.833688,15.038048,15.152623,15.0087385,14.703949,15.0127735,14.780992,15.063416,15.529904,15.062939,15.453403,15.955851,15.549018,15.009671,14.80612,15.107191,15.758987,0.0,0.0,0.0,0.0,0.0,0.0,0.0,0.0
2601,2023.0,1.0,19.0,1.0,15.0019045,14.796578,15.03975,15.180562,15.013421,14.781368,15.017062,14.853375,15.06507,15.548862,15.037711,15.399463,15.8583355,15.450117,15.015213,14.881022,15.104713,15.712676,0.0,0.0,0.0,0.0,4.0,0.0,0.0,0.0
2602,2023.0,1.0,19.0,1.0,15.006408,14.890878,15.040976,15.204885,15.017431,14.847823,15.020898,14.914478,15.066383,15.564836,15.040264,15.431211,15.766646,15.357001,15.019359,14.944659,15.069649,15.678319,0.0,0.0,0.0,0.0,4.0,0.0,0.0,0.0
2603,2023.0,1.0,19.0,1.0,15.01124,14.956922,15.042754,15.228145,15.020532,14.903256,15.0243,14.966636,15.067728,15.579468,15.067832,15.517887,15.680069,15.268939,15.023583,14.997222,15.072905,15.714404,0.0,0.0,0.0,0.0,0.0,0.0,0.0,0.0
2604,2023.0,1.0,19.0,2.0,15.014567,15.011692,15.043963,15.2485485,15.0237055,14.95222,15.02711,15.011672,15.068546,15.591732,15.068109,15.517624,15.597966,15.185303,15.026844,15.040218,15.073459,15.731351,0.0,0.0,0.0,0.0,0.0,0.0,0.0,0.0
2605,2023.0,1.0,19.0,2.0,15.017083,15.058156,15.043366,15.263363,15.025904,14.994125,15.029295,15.051045,15.068386,15.601399,15.068949,15.52728,15.521224,15.108435,15.0301895,15.078173,15.074199,15.747219,0.0,0.0,0.0,0.0,0.0,0.0,0.0,0.0
2606,2023.0,1.0,19.0,2.0,15.018958,15.098385,15.044735,15.280777,15.02878,15.033543,15.030886,15.085818,15.069572,15.613198,15.042775,15.464279,15.448401,15.035433,15.031284,15.107505,15.07568,15.762026,0.0,0.0,0.0,0.0,4.0,0.0,0.0,0.0
2607,2023.0,1.0,19.0,2.0,15.022667,15.138381,15.045544,15.295374,15.030994,15.068225,15.033214,15.119152,15.06983,15.6222315,15.071031,15.559016,15.378771,14.965588,15.033134,15.136053,15.016432,15.619786,0.0,0.0,0.0,0.0,0.0,0.0,0.0,4.0
2608,2023.0,1.0,19.0,2.0,15.024375,15.170772,15.047012,15.310684,15.032587,15.099221,15.035154,15.14899,15.071272,15.633248,15.070751,15.554031,15.311908,14.898479,15.03612,15.164077,15.115753,15.852364,0.0,0.0,0.0,0.0,0.0,0.0,0.0,0.0
2609,2023.0,1.0,19.0,2.0,15.026157,15.201283,15.047748,15.323726,15.034004,15.127913,15.036848,15.17652,15.071677,15.641424,15.07136,15.561699,15.247458,14.833757,15.038827,15.191743,15.112174,15.794951,0.0,0.0,0.0,0.0,0.0,0.0,0.0,0.0
2610,2023.0,1.0,19.0,3.0,15.028017,15.229884,15.048714,15.336864,15.035985,15.155982,15.038468,15.202406,15.07213,15.649657,15.0722,15.568345,15.185151,14.771154,15.040304,15.215064,15.075614,15.752451,0.0,0.0,0.0,0.0,0.0,0.0,0.0,0.0
2611,2023.0,1.0,19.0,3.0,15.028925,15.254887,15.049574,15.349172,15.037749,15.181926,15.039099,15.224265,15.072587,15.6575575,15.072537,15.574201,15.124456,14.709901,15.041693,15.237203,15.076798,15.780337,0.0,0.0,0.0,0.0,0.0,0.0,0.0,0.0
2612,2023.0,1.0,19.0,3.0,15.029933,15.27741,15.050906,15.361968,15.039662,15.206892,15.039755,15.244149,15.023512,15.537421,15.046953,15.511316,15.06521,14.650072,15.043945,15.260095,15.0786295,15.796758,0.0,0.0,0.0,4.0,4.0,0.0,0.0,0.0
2613,2023.0,1.0,19.0,3.0,15.032038,15.300568,15.051758,15.373154,15.0402155,15.22786,15.041335,15.264474,15.076991,15.706559,15.074772,15.604007,15.007195,14.591451,15.045377,15.280288,15.079098,15.80878,0.0,0.0,0.0,0.0,0.0,0.0,0.0,0.0
2614,2023.0,1.0,19.0,3.0,15.032893,15.319606,15.052731,15.384488,15.041391,15.2485075,15.042582,15.282867,15.075002,15.689111,15.075048,15.599509,15.0038395,14.637296,15.0453825,15.297289,15.080307,15.820754,0.0,0.0,0.0,0.0,0.0,0.0,0.0,0.0
2615,2023.0,1.0,19.0,3.0,15.034584,15.339641,15.053548,15.395277,15.0414715,15.265405,15.043762,15.300443,15.076143,15.69811,15.075606,15.606377,15.006179,14.673262,15.047286,15.317876,15.081174,15.83062,0.0,0.0,0.0,0.0,0.0,0.0,0.0,0.0
2616,2023.0,1.0,19.0,4.0,15.035273,15.356551,15.054505,15.406135,15.04309,15.284522,15.045596,15.31852,15.076889,15.703466,15.049831,15.542373,15.008413,14.7045765,15.049147,15.337258,15.081786,15.839304,0.0,0.0,0.0,0.0,4.0,0.0,0.0,0.0
2617,2023.0,1.0,19.0,4.0,15.037282,15.374852,15.055684,15.417066,15.044596,15.302183,15.046565,15.333944,15.077314,15.709026,15.077602,15.634545,15.01067,14.73238,15.050206,15.3545065,15.021457,15.691816,0.0,0.0,0.0,0.0,0.0,0.0,0.0,4.0
2618,2023.0,1.0,19.0,4.0,15.038526,15.391432,15.05648,15.427009,15.045842,15.318632,15.048001,15.349875,15.077314,15.714121,15.077768,15.629331,15.012292,14.756383,15.051663,15.372232,15.12318,15.924688,0.0,0.0,0.0,0.0,0.0,0.0,0.0,0.0
2619,2023.0,1.0,19.0,4.0,15.039871,15.407858,15.057229,15.436853,15.04678,15.333911,15.049219,15.364762,15.078709,15.722233,15.07857,15.636118,15.013656,14.778079,15.053216,15.3895,15.060257,15.71097,0.0,0.0,0.0,0.0,0.0,0.0,0.0,4.0
2620,2023.0,1.0,19.0,4.0,15.04054,15.42239,15.058334,15.4472685,15.047909,15.349157,15.049774,15.377948,15.029643,15.600296,15.0791645,15.641248,15.014957,14.798222,15.053981,15.404756,15.120887,15.884634,0.0,0.0,0.0,4.0,0.0,0.0,0.0,0.0
2621,2023.0,1.0,19.0,4.0,15.041726,15.437458,15.058909,15.45633,15.049544,15.364852,15.051219,15.392768,15.123485,15.800571,15.079382,15.646017,15.016217,14.817099,15.054913,15.420127,15.11874,15.845569,0.0,0.0,0.0,0.0,0.0,0.0,0.0,0.0
2622,2023.0,1.0,19.0,5.0,15.043497,15.453091,15.0595045,15.46546,15.050107,15.377899,15.052361,15.406445,15.028685,15.574907,15.080177,15.652156,15.018516,14.836985,15.05627,15.435885,15.081236,15.806826,0.0,0.0,0.0,4.0,0.0,0.0,0.0,0.0
2623,2023.0,1.0,19.0,5.0,15.043986,15.465644,15.060211,15.474744,15.051268,15.392186,15.053392,15.4198265,15.075777,15.673159,15.080797,15.657926,15.019521,14.853265,15.057523,15.451041,15.08301,15.840566,0.0,0.0,0.0,4.0,0.0,0.0,0.0,0.0
2624,2023.0,1.0,19.0,5.0,15.044506,15.478303,15.061028,15.484125,15.052083,15.405309,15.053821,15.431824,15.075116,15.645131,15.081168,15.663447,15.020748,14.869779,15.058207,15.464756,15.084862,15.859593,0.0,0.0,0.0,4.0,0.0,0.0,0.0,0.0
2625,2023.0,1.0,19.0,5.0,15.045389,15.491336,15.061958,15.493609,15.053039,15.418593,15.055084,15.445457,15.074075,15.637442,15.081896,15.669721,15.021363,14.884479,15.05893,15.478532,15.084897,15.872388,0.0,0.0,0.0,4.0,0.0,0.0,0.0,0.0
2626,2023.0,1.0,19.0,5.0,15.046537,15.50461,15.062622,15.502462,15.054337,15.432224,15.056003,15.457925,15.122649,15.759454,15.082364,15.675357,15.022297,14.8995075,15.060834,15.494318,15.08644,15.886041,0.0,0.0,0.0,0.0,0.0,0.0,0.0,0.0
2627,2023.0,1.0,19.0,5.0,15.047444,15.517214,15.063565,15.511833,15.055076,15.444396,15.056514,15.469431,15.1202345,15.726623,15.082449,15.680341,15.023652,14.914828,15.061071,15.50618,15.026621,15.740992,0.0,0.0,0.0,0.0,0.0,0.0,0.0,4.0
2628,2023.0,1.0,19.0,6.0,15.0491495,15.531342,15.064079,15.520235,15.05606,15.456991,15.057654,15.481924,15.028139,15.555651,15.083417,15.687114,15.024488,14.9285965,15.061961,15.519655,15.128931,15.97465,0.0,0.0,0.0,4.0,0.0,0.0,0.0,0.0
2629,2023.0,1.0,19.0,6.0,19.355595,22.958202,15.029703,15.466908,19.363216,22.865042,19.347315,22.860126,19.046082,22.492266,15.038238,15.612069,18.819973,21.37837,19.651907,23.48395,15.055019,15.794518,0.0,0.0,0.0,4.0,0.0,0.0,0.0,0.0
2630,2023.0,1.0,19.0,6.0,20.0286,23.652348,15.034268,15.486673,20.112034,23.692814,20.088392,23.678902,19.583542,22.94711,15.027084,15.584539,19.397404,22.168203,20.266445,24.029568,15.042452,15.795598,0.0,0.0,0.0,4.0,4.0,0.0,0.0,0.0
2631,2023.0,1.0,19.0,6.0,20.247353,23.675608,15.034172,15.494889,20.336504,23.717196,20.305431,23.696692,19.81121,22.983694,18.515024,21.598505,19.613375,22.223234,20.50368,24.059248,15.04439,15.810315,0.0,0.0,0.0,4.0,0.0,0.0,0.0,0.0
2632,2023.0,1.0,19.0,6.0,20.415176,23.643328,15.034056,15.501224,20.509335,23.68535,20.470379,23.65726,19.466293,22.081253,16.098598,16.421797,19.787378,22.233757,20.694986,24.039448,15.044254,15.815133,0.0,0.0,0.0,0.0,4.0,0.0,0.0,0.0
2633,2023.0,1.0,19.0,6.0,20.751137,24.010849,15.034767,15.508109,20.854008,24.060266,20.807812,24.02586,16.595057,16.356007,19.37096,22.437119,20.096594,22.567549,21.057102,24.43,15.044261,15.816893,0.0,0.0,0.0,4.0,4.0,0.0,0.0,0.0
2634,2023.0,1.0,19.0,7.0,20.839529,23.981236,15.0343,15.509443,20.95309,24.042004,20.900541,24.001629,20.097925,23.146364,19.595213,22.745695,20.207268,22.581083,21.110165,24.30653,15.044405,15.817112,0.0,0.0,0.0,4.0,0.0,0.0,0.0,0.0
2635,2023.0,1.0,19.0,7.0,20.968729,24.016705,15.03402,15.510832,21.07944,24.069925,21.026394,24.029846,19.548208,22.071836,16.494858,16.4909,20.337648,22.63218,21.128736,24.16502,15.044356,15.816275,0.0,0.0,0.0,0.0,0.0,0.0,0.0,0.0
2636,2023.0,1.0,19.0,7.0,21.123493,24.16254,15.034564,15.516239,21.092596,23.939032,21.12089,24.069681,16.192894,15.4754095,14.981193,14.708901,20.78615,23.262661,21.834661,25.215408,14.999606,15.693576,0.0,4.0,0.0,0.0,0.0,0.0,0.0,4.0
2637,2023.0,1.0,19.0,7.0,21.114794,24.032389,15.035023,15.524164,21.122326,23.914368,21.11941,23.959469,15.881178,16.162832,15.028889,15.022522,21.086773,23.659029,22.196445,25.688988,18.47105,21.715809,0.0,0.0,0.0,4.0,4.0,0.0,0.0,0.0
2638,2023.0,1.0,19.0,7.0,21.114408,23.946754,15.013668,15.470367,21.11475,23.815971,21.117746,23.87375,20.288471,23.584066,19.89642,23.258278,21.244951,23.807623,22.378035,25.85516,14.902865,15.101268,4.0,0.0,0.0,4.0,4.0,0.0,0.0,0.0
2639,2023.0,1.0,19.0,7.0,21.112812,23.874144,19.073013,22.467518,21.113752,23.745794,21.116016,23.803743,19.629799,22.259727,19.201286,21.88511,21.092047,23.440903,22.138285,25.331001,15.135931,15.655251,4.0,0.0,0.0,0.0,4.0,0.0,0.0,0.0
2640,2023.0,1.0,19.0,8.0,21.111483,23.815344,19.46226,22.702065,21.112206,23.68665,21.091623,23.68332,16.150047,15.4113245,19.074408,21.354038,21.528019,24.08628,21.834873,24.701262,15.030531,15.553926,4.0,0.0,4.0,0.0,4.0,4.0,0.0,0.0
2641,2023.0,1.0,19.0,8.0,18.345577,18.460073,18.84056,21.167738,18.835186,19.244102,18.251337,18.218683,15.277049,14.940063,19.556282,21.925478,18.713156,18.572687,18.644983,18.533363,14.998808,15.525333,0.0,4.0,0.0,4.0,4.0,0.0,0.0,4.0
2642,2023.0,1.0,19.0,8.0,17.520098,17.877573,15.855744,15.2278,17.632153,17.800129,16.596676,16.126835,20.421827,23.910992,20.037292,22.607918,16.780104,15.758176,17.020456,16.610958,18.86603,22.106276,0.0,4.0,0.0,4.0,0.0,0.0,0.0,0.0
2643,2023.0,1.0,19.0,8.0,16.5899,16.364141,15.317752,15.17037,16.55947,16.055124,15.990752,15.464039,20.024427,22.961246,16.615414,15.861105,16.052326,14.965202,16.385668,15.962938,14.953991,15.077314,4.0,4.0,0.0,0.0,0.0,0.0,0.0,0.0
2644,2023.0,1.0,19.0,8.0,16.108168,15.845381,19.921675,23.43509,15.298498,14.156252,15.584637,15.057493,16.433943,15.810233,15.699438,15.493539,16.178087,15.637316,17.029768,17.595964,15.143313,15.59682,0.0,0.0,0.0,0.0,4.0,0.0,4.0,0.0
2645,2023.0,1.0,19.0,8.0,15.862079,15.624589,17.05126,17.322165,15.3074045,14.675219,15.256158,14.735867,15.908948,14.876916,20.439163,23.593466,16.127583,15.680809,15.600842,14.777202,15.809902,16.69267,0.0,4.0,0.0,0.0,4.0,0.0,0.0,0.0
2646,2023.0,1.0,19.0,9.0,15.645813,15.425824,15.488381,15.449776,16.759712,17.391533,16.51797,17.1424,15.687802,15.989533,20.068436,22.745424,15.916007,15.469936,16.240538,16.442432,17.572626,20.098806,4.0,0.0,0.0,4.0,4.0,0.0,0.0,0.0
2647,2023.0,1.0,19.0,9.0,15.467815,15.271153,19.752497,23.046755,16.517103,16.350615,15.835198,16.027288,19.325756,22.015814,20.144032,22.647598,16.518429,16.787289,15.705797,15.803164,16.431835,17.082952,0.0,4.0,4.0,0.0,4.0,4.0,4.0,4.0
2648,2023.0,1.0,19.0,9.0,15.324045,15.152706,17.129759,17.420666,15.460605,15.014777,15.524373,15.125052,16.581575,16.472466,20.145817,22.488918,15.499799,14.665255,15.966849,16.119059,19.229454,22.518255,0.0,4.0,0.0,4.0,0.0,0.0,0.0,0.0
2649,2023.0,1.0,19.0,9.0,15.196684,15.045549,15.565973,15.541302,15.1829605,14.732214,15.019106,14.681839,20.454515,23.7816,16.884953,16.122831,14.999602,14.201176,15.680707,15.783213,16.276398,16.375568,4.0,4.0,0.0,4.0,0.0,0.0,4.0,4.0
2650,2023.0,1.0,19.0,9.0,15.0862465,14.950837,20.124666,23.742922,15.377607,14.906802,15.831859,16.0395,20.0425,22.894014,15.605586,15.02783,15.534979,15.354371,15.78872,15.936709,19.474442,22.631052,4.0,4.0,0.0,0.0,0.0,4.0,0.0,0.0
2651,2023.0,1.0,19.0,9.0,14.998994,14.892197,19.602203,22.329468,15.012313,14.627354,14.993291,14.769846,16.476604,15.836046,15.70271,15.5588255,14.963113,14.310534,14.947523,14.555272,15.738944,15.245916,0.0,4.0,0.0,0.0,4.0,0.0,0.0,0.0
2652,2023.0,1.0,19.0,10.0,15.698687,15.978969,16.560425,16.2161,15.727817,15.819868,15.351911,15.574974,15.611406,15.151804,20.311007,23.399519,15.392166,15.223796,15.800289,16.025484,15.783058,16.204306,4.0,0.0,4.0,0.0,0.0,4.0,0.0,0.0
2653,2023.0,1.0,19.0,10.0,15.20214,15.166931,19.489538,22.145874,15.740242,15.60308,14.986768,14.950505,15.884337,16.16434,17.3464,17.483849,15.539159,15.387523,15.736147,15.583567,15.379504,15.252134,0.0,4.0,0.0,4.0,0.0,4.0,0.0,0.0
2654,2023.0,1.0,19.0,10.0,15.001891,14.981449,16.832178,16.615786,15.0005455,14.709007,15.051428,15.127525,19.80695,22.744604,15.873325,15.775279,15.544855,15.408911,14.996692,14.838754,15.422583,15.902827,4.0,4.0,0.0,0.0,4.0,4.0,0.0,4.0
2655,2023.0,1.0,19.0,10.0,15.859157,15.646243,19.9939,22.988485,15.498892,15.512156,15.451181,15.641957,16.317444,15.796426,20.43572,23.639635,15.551266,15.430898,15.755565,16.422506,20.161818,24.181715,4.0,0.0,0.0,0.0,4.0,4.0,4.0,4.0
2656,2023.0,1.0,19.0,10.0,15.781984,16.22699,20.066206,22.76032,15.816181,16.035906,15.704839,16.08447,15.382291,15.307398,20.01239,22.674635,15.558868,15.453342,16.284857,17.09265,19.875751,23.235296,4.0,4.0,0.0,0.0,0.0,4.0,0.0,0.0
2657,2023.0,1.0,19.0,10.0,15.091942,15.11716,20.14807,22.68904,15.40327,15.142572,16.653904,16.776403,15.566552,15.889375,16.727396,16.116884,15.568687,15.477601,16.425797,16.171785,16.075626,15.624154,0.0,4.0,0.0,4.0,0.0,4.0,0.0,0.0
2658,2023.0,1.0,19.0,11.0,15.006262,15.094467,17.288609,17.026712,15.0,14.797861,14.98971,14.963341,20.27803,23.884111,15.447315,14.935248,15.58156,15.505587,15.406054,15.635456,15.048656,14.889792,4.0,4.0,0.0,4.0,0.0,4.0,4.0,0.0
2659,2023.0,1.0,19.0,11.0,15.269314,15.3090315,20.038828,22.688604,15.873321,15.481792,15.646578,16.014864,20.07624,23.125834,15.619104,15.546963,15.5990925,15.540742,15.761258,16.079235,15.030458,15.122863,0.0,4.0,0.0,0.0,4.0,4.0,0.0,0.0
2660,2023.0,1.0,19.0,11.0,15.697167,16.165297,17.043581,16.60233,15.688628,15.954307,15.586025,15.879768,16.589403,16.121166,20.318932,23.484877,15.619072,15.577858,15.601523,15.62435,15.575298,16.013872,0.0,0.0,0.0,0.0,0.0,4.0,0.0,0.0
2661,2023.0,1.0,19.0,11.0,15.754949,15.974514,16.085083,16.005323,15.66994,15.663307,14.982277,15.031195,14.978351,14.3243885,17.668716,18.10737,14.964433,14.473559,15.031457,14.90135,15.018527,15.300593,4.0,4.0,0.0,0.0,4.0,0.0,0.0,0.0
2662,2023.0,1.0,19.0,11.0,15.818847,16.325018,20.238209,23.492971,15.291897,15.513657,15.383267,15.941142,15.991786,15.156993,20.305317,23.232138,15.7018175,15.72633,15.72355,16.071064,15.902948,16.758879,4.0,0.0,0.0,0.0,0.0,0.0,0.0,0.0
2663,2023.0,1.0,19.0,11.0,15.084872,15.197983,19.96574,22.566212,15.7666235,16.14908,15.213196,15.623315,14.998494,14.831782,17.554718,17.7175,15.636846,15.642663,15.4234705,15.866204,14.955829,15.195257,0.0,4.0,4.0,0.0,0.0,4.0,0.0,0.0
2664,2023.0,1.0,19.0,12.0,15.028053,15.182363,17.013784,16.677788,15.027544,15.062555,15.248103,15.690054,15.440603,15.835649,16.252932,16.240204,15.694456,15.717763,15.023196,15.153775,15.053575,15.500774,0.0,0.0,4.0,4.0,4.0,4.0,0.0,0.0
2665,2023.0,1.0,19.0,12.0,19.727365,23.496174,16.161055,16.145359,19.01163,22.118942,19.35443,22.777168,19.795809,23.306847,20.434227,23.452337,18.591904,20.675081,20.978884,25.546843,16.038233,17.169813,4.0,0.0,4.0,0.0,4.0,0.0,4.0,0.0
2666,2023.0,1.0,19.0,12.0,19.736101,23.012865,20.063623,23.168854,19.740038,22.928425,19.193838,22.088877,16.271069,15.986343,20.050583,22.566153,19.57203,22.168795,19.737707,22.796206,15.576435,16.10779,0.0,4.0,0.0,0.0,4.0,4.0,0.0,0.0
2667,2023.0,1.0,19.0,12.0,20.080126,23.22861,17.7851,18.319788,20.08265,23.12414,19.409,22.129662,15.985779,16.383404,20.122925,22.455355,19.236328,21.245974,19.976131,22.8731,15.344761,15.971001,4.0,4.0,0.0,0.0,4.0,0.0,0.0,4.0
2668,2023.0,1.0,19.0,12.0,20.322384,23.41842,19.418179,21.863544,19.861532,22.529501,19.63481,22.327007,15.755708,15.999504,20.121645,22.289436,19.406145,21.355038,21.012558,24.428083,18.620277,21.640556,0.0,0.0,0.0,0.0,0.0,0.0,4.0,0.0
2669,2023.0,1.0,19.0,12.0,20.643957,23.688496,16.780245,16.490646,20.094444,22.685637,21.06574,24.588491,14.998541,14.904686,17.345098,16.843124,19.658266,21.567984,20.627977,23.428831,16.234003,16.581451,0.0,0.0,4.0,0.0,0.0,0.0,0.0,4.0
2670,2023.0,1.0,19.0,13.0,21.146261,24.403303,16.002172,16.032204,20.87171,23.878996,21.077415,24.356857,15.423654,15.842214,16.190348,15.750584,20.966053,23.743828,21.428705,24.656853,20.464928,24.302317,4.0,0.0,4.0,4.0,0.0,0.0,0.0,4.0
2671,2023.0,1.0,19.0,13.0,21.44948,24.70247,20.232605,23.617437,21.127085,24.188004,21.0504,24.122538,19.496174,22.758177,15.888515,15.4913225,21.31784,24.155945,21.135107,23.951374,20.068405,23.344769,4.0,0.0,0.0,0.0,0.0,0.0,0.0,0.0
2672,2023.0,1.0,19.0,13.0,21.292997,24.281729,20.074986,22.879913,21.811287,25.168648,21.519253,24.68009,16.243313,16.005554,15.57663,15.198893,22.133,25.335697,22.432339,26.107615,17.20107,17.497395,0.0,0.0,4.0,0.0,0.0,4.0,0.0,4.0
2673,2023.0,1.0,19.0,13.0,21.078766,23.787928,17.33475,17.341309,20.978783,23.566097,21.038177,23.690208,15.019887,14.786404,15.319598,14.965293,21.100235,23.231724,22.481226,25.893631,20.420502,23.687073,4.0,0.0,4.0,0.0,0.0,0.0,0.0,0.0
2674,2023.0,1.0,19.0,13.0,21.315144,24.196522,20.18829,23.126091,21.534908,24.588549,21.308062,24.150085,15.02071,14.975222,15.0913925,14.748904,21.282936,23.491047,22.287449,25.30979,16.851128,16.61397,4.0,0.0,0.0,0.0,0.0,0.0,0.0,0.0
2675,2023.0,1.0,19.0,13.0,22.109715,25.424059,20.058182,22.573698,21.94513,25.241682,22.053766,25.277634,15.020955,15.103495,15.008923,14.779775,21.38309,23.549803,21.988003,24.868095,16.044386,16.290623,4.0,4.0,4.0,0.0,0.0,0.0,0.0,4.0
2676,2023.0,1.0,19.0,14.0,21.967035,25.073729,20.13089,22.542765,21.971304,24.987183,21.960928,25.011347,15.022085,15.189197,15.22399,15.306882,22.21845,24.977947,22.267298,25.08454,20.549595,24.051468,0.0,4.0,0.0,0.0,4.0,0.0,0.0,4.0
2677,2023.0,1.0,19.0,14.0,18.53425,18.40258,17.610983,17.564009,19.091927,19.25008,18.853825,18.931923,15.022074,15.248714,20.186907,23.54117,19.461082,19.517887,18.75071,18.723722,20.06848,22.984217,4.0,4.0,4.0,0.0,0.0,0.0,0.0,0.0
2678,2023.0,1.0,19.0,14.0,17.426664,17.483728,20.17719,22.851023,17.457329,17.296333,16.733051,16.024479,15.2595215,15.725945,17.386915,17.772095,18.079414,17.770283,17.429445,17.149843,16.856892,16.599003,0.0,4.0,0.0,4.0,0.0,0.0,0.0,0.0
2679,2023.0,1.0,19.0,14.0,17.136967,17.250927,17.416086,17.239292,16.328775,15.607055,15.91783,15.115459,20.188925,23.97834,15.614366,15.40031,17.618475,17.289053,16.847542,16.551579,15.268385,14.684125,0.0,0.0,0.0,0.0,0.0,0.0,0.0,0.0
2680,2023.0,1.0,19.0,14.0,16.84686,16.986473,16.050512,15.730696,15.648796,14.8483,16.15172,15.965924,16.534191,16.484638,15.571705,15.631175,17.296883,16.976185,16.423042,16.135143,15.069859,14.775015,0.0,0.0,4.0,0.0,4.0,0.0,0.0,0.0
2681,2023.0,1.0,19.0,14.0,15.889181,15.426239,15.7050085,15.393877,15.257335,14.469956,16.137291,16.057978,15.00104,14.811339,20.164,23.352783,17.031414,16.720444,16.073885,15.798477,15.012576,14.912429,0.0,0.0,4.0,0.0,0.0,0.0,0.0,0.0
2682,2023.0,1.0,19.0,15.0,16.075203,16.19368,15.407233,15.095237,16.065687,16.321095,15.954023,15.899334,15.025717,15.0493145,17.681229,18.248648,16.805893,16.506176,15.77636,15.5132675,15.02451,15.1093645,0.0,4.0,4.0,0.0,4.0,0.0,0.0,0.0
2683,2023.0,1.0,19.0,15.0,16.12808,16.326218,15.154974,14.843927,15.285937,14.716385,15.418134,14.882119,15.366662,15.810441,20.271898,23.354603,16.611914,16.322857,15.519582,15.26822,15.788403,16.399706,0.0,0.0,0.0,4.0,0.0,0.0,0.0,0.0
2684,2023.0,1.0,19.0,15.0,15.278298,14.860833,15.0003395,14.749951,15.361057,15.255962,16.214092,16.336666,19.603142,22.84744,17.130943,16.911633,16.441822,16.162106,15.29528,15.055188,14.970271,15.093477,0.0,4.0,4.0,0.0,0.0,0.0,0.0,0.0
2685,2023.0,1.0,19.0,15.0,15.013032,14.700784,15.01493,14.911587,14.986381,14.643653,15.018281,14.552985,16.827602,17.12887,15.270997,14.519908,16.288599,16.014652,15.092464,14.8577,15.424625,16.084736,0.0,0.0,0.0,4.0,0.0,0.0,0.0,4.0
2686,2023.0,1.0,19.0,15.0,15.019875,14.852934,15.208847,15.366352,15.031318,14.8547535,15.036151,14.768026,19.87378,22.924768,15.139605,14.754347,16.153294,15.887629,15.005236,14.861383,19.348083,22.788607,4.0,0.0,0.0,0.0,0.0,0.0,0.0,0.0
2687,2023.0,1.0,19.0,15.0,15.766167,16.385632,19.967775,23.725079,15.159794,15.157419,15.594891,15.639637,16.695211,16.553345,15.051492,14.745199,16.037098,15.783296,15.950192,16.760637,16.082703,15.958929,0.0,4.0,0.0,0.0,0.0,0.0,4.0,0.0
2688,2023.0,1.0,19.0,16.0,15.668085,16.000336,17.507458,18.266024,15.166691,15.198246,15.735185,16.168823,14.978483,14.521964,15.015179,14.866025,15.927471,15.675002,14.956241,14.816621,15.038328,15.06955,4.0,4.0,4.0,0.0,0.0,0.0,0.0,0.0
2689,2023.0,1.0,19.0,16.0,15.472271,15.743732,20.235197,23.661211,15.781428,16.19698,15.163915,15.063402,15.031864,14.88759,15.019012,14.999812,15.817558,15.559238,16.011797,16.642931,15.02578,15.214549,4.0,0.0,0.0,0.0,0.0,0.0,0.0,0.0
2690,2023.0,1.0,19.0,16.0,15.400023,15.668285,20.056585,22.898438,15.519294,15.64614,15.078049,15.083488,15.518341,15.990323,15.020407,15.086789,15.7171955,15.456637,16.028952,16.568613,15.028294,15.332019,4.0,4.0,4.0,4.0,0.0,0.0,0.0,0.0
2691,2023.0,1.0,19.0,16.0,15.33372,15.593419,20.119576,22.74331,16.034508,16.684313,16.020983,16.737803,19.48234,22.822012,15.0213,15.149641,16.459494,16.94268,16.001617,16.784456,15.375853,16.05086,4.0,0.0,0.0,0.0,0.0,4.0,4.0,4.0
2692,2023.0,1.0,19.0,16.0,15.2703085,15.523344,20.109018,22.528072,15.481537,15.579755,15.051079,15.0616045,16.201624,16.001726,15.022144,15.196862,15.943439,15.74393,15.977051,16.446653,19.366295,22.91192,4.0,4.0,4.0,0.0,0.0,0.0,0.0,0.0
2693,2023.0,1.0,19.0,16.0,15.214542,15.462291,20.108356,22.386639,15.131106,15.130343,15.320796,15.282319,15.024064,14.852429,15.023023,15.233286,15.264429,14.657875,15.675943,15.758405,16.603546,16.999275,4.0,4.0,4.0,0.0,0.0,0.0,0.0,4.0
2694,2023.0,1.0,19.0,17.0,16.04255,16.890371,20.123722,22.326633,16.01847,16.704268,16.019737,16.719799,15.542091,16.043268,15.023791,15.261896,15.459964,14.9967165,16.602474,16.375576,19.815115,23.321945,0.0,0.0,0.0,4.0,0.0,0.0,0.0,0.0
2695,2023.0,1.0,19.0,17.0,15.170033,15.384431,17.656391,17.499561,15.020654,14.989352,15.024605,15.056741,20.24665,24.071234,15.02457,15.286641,16.13689,16.547346,15.01679,14.889753,16.287449,16.044912,4.0,4.0,0.0,4.0,0.0,4.0,0.0,0.0
2696,2023.0,1.0,19.0,17.0,15.127758,15.336485,20.18214,22.721731,15.963822,15.772414,15.31179,15.2704115,20.04946,23.207272,15.026107,15.309957,15.3023205,14.666462,16.22028,15.977084,15.461702,15.681022,0.0,4.0,4.0,4.0,0.0,0.0,0.0,4.0
2697,2023.0,1.0,19.0,17.0,15.056915,15.251079,17.326517,16.94934,14.984899,15.036438,14.997448,15.010944,20.144863,23.079596,15.026537,15.328566,15.684651,15.764303,14.973805,14.989154,20.539696,24.353617,0.0,0.0,4.0,0.0,0.0,4.0,0.0,4.0
2698,2023.0,1.0,19.0,17.0,14.998817,15.192724,16.470959,16.44483,15.010421,15.110914,15.012749,15.110974,16.786898,16.383856,15.02792,15.347425,14.983331,14.442357,15.034096,15.202947,20.071005,23.272684,4.0,4.0,4.0,0.0,0.0,0.0,0.0,0.0
2699,2023.0,1.0,19.0,17.0,15.811293,16.463732,20.257618,23.290535,15.7161665,16.178337,15.7172575,16.183079,14.993994,14.273447,15.028871,15.363534,15.3378315,15.225574,15.428923,16.066988,16.492224,16.114424,4.0,4.0,4.0,0.0,0.0,0.0,0.0,0.0
2700,2023.0,1.0,19.0,18.0,15.060765,15.217459,20.084204,22.594023,15.730099,16.140018,16.156897,17.03212,15.058918,14.7050905,15.029396,15.375708,15.761609,15.844139,16.06024,16.96962,14.980465,14.503434,0.0,4.0,0.0,0.0,0.0,0.0,0.0,0.0
2701,2023.0,1.0,19.0,18.0,19.340881,22.814499,17.05965,16.576725,20.019363,23.705362,19.270985,22.39501,15.607031,16.011086,15.029567,15.384203,20.43095,23.944088,20.260365,24.288336,15.034275,14.915267,0.0,4.0,0.0,4.0,0.0,4.0,0.0,0.0
2702,2023.0,1.0,19.0,18.0,19.782194,23.083025,16.305874,16.233957,20.458399,23.965294,20.412725,23.935669,20.297888,23.962233,15.030337,15.392881,20.192282,23.01251,20.93154,24.92959,15.027723,15.099988,4.0,4.0,4.0,4.0,0.0,4.0,0.0,0.0
2703,2023.0,1.0,19.0,18.0,20.597595,24.092657,20.251015,23.339437,20.77238,24.118914,20.723148,24.087103,20.048475,23.11258,15.030826,15.399655,19.855064,22.104784,21.15801,24.889015,15.459605,16.042095,4.0,4.0,4.0,0.0,0.0,0.0,0.0,4.0
2704,2023.0,1.0,19.0,18.0,20.271576,23.215672,20.059933,22.596554,20.45306,23.293459,20.860275,24.024174,16.544668,16.065674,15.031717,15.405627,20.575884,23.12616,21.458857,25.147001,19.142424,22.378225,0.0,0.0,4.0,0.0,0.0,4.0,4.0,0.0
2705,2023.0,1.0,19.0,18.0,20.534431,23.418613,17.28268,17.019129,20.683401,23.459732,21.114655,24.21219,15.604058,15.446256,15.031431,15.405819,20.243702,22.303865,21.07787,24.109982,15.749309,15.347648,4.0,0.0,4.0,4.0,0.0,0.0,0.0,0.0
2706,2023.0,1.0,19.0,19.0,21.456934,24.885214,20.17978,22.886044,21.334007,24.40189,21.311241,24.344147,20.500996,23.842813,15.032514,15.40978,21.08801,23.640041,21.378437,24.484865,15.091976,15.158332,4.0,4.0,4.0,4.0,0.0,4.0,0.0,0.0
2707,2023.0,1.0,19.0,19.0,21.653091,25.041754,20.058058,22.357656,21.007132,23.681784,20.998089,23.682013,20.061535,22.841223,15.012054,15.3538065,21.130968,23.516594,21.347033,24.247517,15.019603,15.171945,4.0,0.0,0.0,0.0,4.0,4.0,0.0,0.0
2708,2023.0,1.0,19.0,19.0,21.629772,24.847385,20.118597,22.290848,21.37438,24.193203,21.344967,24.17499,16.716528,16.168259,19.259548,22.377455,20.542013,22.368711,21.957378,25.232788,15.031162,15.295002,4.0,4.0,4.0,0.0,4.0,0.0,0.0,0.0
2709,2023.0,1.0,19.0,19.0,21.563078,24.602512,20.124714,22.188923,20.857443,23.191984,21.288557,23.959106,14.982868,14.171941,19.850185,23.185387,20.400251,22.057,21.923729,25.027395,15.335319,15.922588,0.0,0.0,4.0,0.0,4.0,0.0,0.0,4.0
2710,2023.0,1.0,19.0,19.0,21.055544,23.625713,17.609024,17.25807,21.148405,23.635038,21.104483,23.55268,15.064698,14.685513,19.150206,21.53058,21.058386,23.137886,21.998259,25.043486,18.54046,21.238298,4.0,4.0,4.0,0.0,0.0,4.0,0.0,0.0
2711,2023.0,1.0,19.0,19.0,21.904942,24.911068,20.120823,22.42805,21.460556,24.02291,21.457973,24.04431,15.00921,14.776878,16.13365,15.520256,21.259863,23.356527,22.031702,24.877226,16.193716,16.377394,4.0,4.0,4.0,0.0,0.0,4.0,4.0,4.0
2712,2023.0,1.0,19.0,20.0,21.74332,24.677774,20.078447,22.159147,21.425467,23.906748,21.39935,23.897568,15.02559,14.969475,15.068517,14.607791,21.646,23.957535,21.802639,24.367887,19.467974,22.53448,0.0,0.0,0.0,0.0,0.0,4.0,0.0,0.0
2713,2023.0,1.0,19.0,20.0,21.028778,23.259924,17.560078,17.198141,21.060156,23.203922,21.0666,23.259523,15.024066,15.079621,15.0156355,14.776116,21.056667,22.818523,22.119467,24.848854,15.99601,15.550567,4.0,4.0,4.0,0.0,0.0,0.0,0.0,0.0
2714,2023.0,1.0,19.0,20.0,21.974274,24.814524,20.232542,22.670952,21.966473,24.665565,21.933554,24.660128,15.025558,15.164452,15.029449,14.974658,21.719423,23.86836,22.080225,24.646053,15.060636,14.944824,4.0,4.0,4.0,0.0,0.0,4.0,0.0,0.0
2715,2023.0,1.0,19.0,20.0,22.346092,25.44871,20.074749,22.158625,21.65083,24.049387,21.946836,24.580843,15.026294,15.225294,15.028048,15.090512,21.457071,23.403631,22.705334,25.710224,15.604007,16.1686,0.0,0.0,4.0,0.0,0.0,0.0,0.0,4.0
2716,2023.0,1.0,19.0,20.0,20.971638,22.916805,17.57292,17.224165,21.027311,22.932442,21.004732,22.930187,15.1868925,15.5521,15.028245,15.172825,21.089924,22.70118,21.969316,24.264452,20.304886,23.960264,4.0,4.0,0.0,4.0,0.0,0.0,0.0,4.0
2717,2023.0,1.0,19.0,20.0,21.911242,24.498734,20.171225,22.564335,21.888151,24.343151,21.869137,24.348698,19.961466,23.59412,15.029377,15.234651,21.301182,23.051903,21.69644,23.89718,20.034252,23.21853,0.0,4.0,4.0,0.0,0.0,0.0,4.0,0.0
2718,2023.0,1.0,19.0,21.0,20.931374,22.78927,17.316029,16.779032,20.937979,22.68193,20.944984,22.738956,16.129295,15.7533655,15.02935,15.278372,21.017136,22.556139,21.147404,23.075888,16.378704,15.879989,0.0,4.0,4.0,0.0,0.0,4.0,0.0,0.0
2719,2023.0,1.0,19.0,21.0,21.147408,23.28348,16.527592,16.409004,21.150772,23.165636,21.127893,23.148687,15.072748,14.973012,15.030422,15.314029,22.15162,24.539091,21.204765,23.213737,15.714371,15.8274765,4.0,0.0,4.0,0.0,0.0,4.0,4.0,4.0
2720,2023.0,1.0,19.0,21.0,21.154032,23.29644,20.22524,23.071066,21.156115,23.17222,21.161867,23.242023,15.403312,15.747896,15.030876,15.3407755,21.003487,22.401672,21.186596,23.21206,19.972416,23.067638,4.0,4.0,4.0,4.0,0.0,0.0,4.0,0.0
2721,2023.0,1.0,19.0,21.0,21.878052,24.551529,20.067749,22.398602,21.916233,24.481354,21.860987,24.449602,19.433968,22.481613,15.030994,15.359844,21.577412,23.459972,22.388792,25.292938,17.077337,17.168407,4.0,0.0,0.0,0.0,0.0,0.0,4.0,4.0
2722,2023.0,1.0,19.0,21.0,22.415495,25.380486,20.131556,22.317825,22.005259,24.557945,21.930717,24.498505,16.011108,15.548119,15.031048,15.372466,21.52926,23.32559,21.919935,24.391378,20.084986,23.07637,0.0,0.0,0.0,0.0,0.0,0.0,4.0,0.0
2723,2023.0,1.0,19.0,21.0,20.956549,22.721775,17.243662,16.633759,20.984577,22.742847,21.005762,22.780083,15.21092,15.091833,15.010517,15.330975,21.085257,22.556026,21.010807,22.692135,16.56808,16.077978,0.0,0.0,4.0,4.0,4.0,0.0,0.0,0.0
2724,2023.0,1.0,19.0,22.0,21.112072,23.06942,16.580229,16.44375,21.082869,23.001202,21.116072,23.039644,20.423609,23.979752,19.501673,22.79835,21.052908,22.526196,21.129457,22.992659,14.98024,14.388128,4.0,4.0,4.0,4.0,0.0,4.0,0.0,0.0
2725,2023.0,1.0,19.0,22.0,21.94634,24.499271,20.23979,23.061789,21.169254,23.247196,21.162584,23.15626,20.062824,23.048721,16.812037,17.232574,21.51729,23.328413,21.179499,23.126835,15.029806,14.787277,0.0,0.0,4.0,0.0,4.0,0.0,0.0,0.0
2726,2023.0,1.0,19.0,22.0,20.970188,22.740578,18.044956,18.42976,21.1238,23.119463,21.127386,23.114258,16.591463,16.066166,20.0538,23.246271,21.064653,22.463287,22.538574,25.480724,15.024147,14.975321,4.0,0.0,0.0,0.0,0.0,4.0,0.0,0.0
2727,2023.0,1.0,19.0,22.0,21.784155,24.04927,20.137405,22.705145,21.519514,23.667059,21.587538,23.812017,14.97951,14.289689,17.105658,17.294569,21.630339,23.33318,21.90154,24.126062,15.025923,15.115752,0.0,0.0,0.0,0.0,0.0,4.0,0.0,0.0
2728,2023.0,1.0,19.0,22.0,21.049019,22.98609,17.266651,16.821508,20.977755,22.763748,20.988152,22.732859,15.550879,15.721974,15.543788,15.434778,20.949163,22.135525,21.105656,22.927362,15.026289,15.212602,0.0,0.0,4.0,4.0,4.0,4.0,0.0,0.0
2729,2023.0,1.0,19.0,22.0,21.169561,23.244844,15.979858,15.4789915,21.17766,23.192392,21.272444,23.263191,20.581953,24.152325,20.372272,23.701632,21.620808,23.392431,21.34098,23.353317,15.822534,16.480824,0.0,4.0,4.0,0.0,4.0,0.0,0.0,0.0
2730,2023.0,1.0,19.0,23.0,21.112358,23.121504,15.725206,15.2539215,21.093966,23.075342,21.125568,23.07368,17.254921,17.38602,20.03447,22.915943,21.950638,23.800423,22.133034,24.805563,16.1953,16.73782,0.0,0.0,0.0,0.0,0.0,4.0,4.0,4.0
2731,2023.0,1.0,19.0,23.0,18.997349,19.10902,15.46848,14.999339,18.809767,18.636692,18.354969,17.76502,16.02966,16.203802,17.26579,17.341389,19.278618,18.598797,18.450691,17.805069,14.952141,14.961335,0.0,4.0,0.0,4.0,0.0,0.0,0.0,0.0
2732,2023.0,1.0,19.0,23.0,17.713055,17.477058,15.243422,14.774473,16.943691,15.941886,16.706358,15.662407,14.935131,14.470161,15.68928,15.326429,17.794996,16.801403,16.973364,16.10877,15.062902,15.260297,0.0,0.0,0.0,0.0,0.0,0.0,0.0,0.0
2733,2023.0,1.0,19.0,23.0,17.952803,18.351034,15.044883,14.576249,16.880688,16.3908,16.608513,16.05418,15.034918,14.838181,15.172205,14.761702,17.286386,16.287329,16.398441,15.533513,15.03989,15.275115,0.0,4.0,0.0,4.0,0.0,0.0,0.0,0.0
2734,2023.0,1.0,19.0,23.0,17.347992,17.227003,15.010451,14.664425,16.0969,15.088667,16.441755,15.971794,15.044198,15.004844,15.012765,14.773095,17.410534,16.9162,16.404358,15.981868,15.02765,15.325455,0.0,0.0,0.0,0.0,0.0,0.0,0.0,0.0
2735,2023.0,1.0,19.0,23.0,16.952158,16.811653,15.302903,15.314928,15.532522,14.456746,16.15894,15.697465,15.042104,15.087638,15.034261,14.980554,17.32979,16.900015,16.254562,15.884963,15.09567,15.487786,4.0,0.0,0.0,0.0,0.0,0.0,0.0,4.0
2736,2023.0,1.0,20.0,0.0,16.762356,16.657467,14.970628,14.740827,15.70151,15.118791,15.907555,15.455155,15.134829,15.3481865,15.028582,15.090403,17.131304,16.715775,16.01461,15.65984,14.998283,15.310574,0.0,0.0,0.0,4.0,0.0,0.0,0.0,4.0
2737,2023.0,1.0,20.0,0.0,15.860808,15.134571,15.019668,14.916163,15.679605,15.205152,15.695999,15.261699,15.115676,15.340852,15.0293,15.175887,16.946735,16.539019,15.797945,15.46231,15.05535,15.461092,0.0,0.0,0.0,4.0,0.0,0.0,0.0,0.0
2738,2023.0,1.0,20.0,0.0,15.349816,14.548863,15.016452,14.968442,15.533248,15.079532,15.495581,15.063117,14.999751,15.167812,15.031048,15.240651,16.771133,16.362324,15.586358,15.24514,15.043218,15.447868,0.0,0.0,0.0,4.0,0.0,0.0,0.0,0.0
2739,2023.0,1.0,20.0,0.0,15.098932,14.313306,15.029838,15.046271,15.3747225,14.929266,15.321599,14.895224,15.082394,15.391962,15.051017,15.329436,16.619606,16.214453,15.401685,15.063744,15.087019,15.540503,0.0,0.0,0.0,0.0,0.0,0.0,0.0,0.0
2740,2023.0,1.0,20.0,0.0,15.392976,15.121031,15.015556,15.052864,15.242722,14.81895,15.181125,14.775876,15.035125,15.292462,15.02688,15.315108,16.491938,16.097555,15.244918,14.918827,15.023794,15.455278,0.0,0.0,0.0,0.0,0.0,0.0,0.0,0.0
2741,2023.0,1.0,20.0,0.0,15.419597,15.206962,15.033767,15.126457,15.105325,14.684249,15.036683,14.632586,15.082535,15.400834,15.056989,15.407858,16.367712,15.973649,15.092663,14.765935,15.061516,15.566499,0.0,0.0,0.0,0.0,0.0,0.0,0.0,0.0
2742,2023.0,1.0,20.0,1.0,15.317684,15.114393,15.034859,15.152702,15.001161,14.604437,15.005594,14.697879,15.00092,15.245726,15.057945,15.421276,16.260427,15.87146,15.0036335,14.722784,15.062275,15.58074,0.0,0.0,0.0,4.0,0.0,0.0,0.0,0.0
2743,2023.0,1.0,20.0,1.0,15.211137,15.0127735,15.03656,15.181181,15.007884,14.725441,15.011209,14.794884,15.086929,15.470898,15.059776,15.443264,16.159212,15.771376,15.010587,14.83566,15.062965,15.601249,0.0,0.0,0.0,0.0,0.0,0.0,0.0,0.0
2744,2023.0,1.0,20.0,1.0,15.109818,14.916279,15.038481,15.206859,15.011815,14.800515,15.015111,14.867086,15.087939,15.444212,15.034857,15.390056,16.064894,15.67806,15.014914,14.899149,15.063818,15.618117,0.0,0.0,0.0,0.0,4.0,0.0,0.0,0.0
2745,2023.0,1.0,20.0,1.0,15.014351,14.825239,15.039648,15.228861,15.016399,14.867468,15.018757,14.928406,15.054703,15.420437,15.062767,15.489677,15.976855,15.590884,15.01938,14.955458,15.06562,15.634955,0.0,0.0,0.0,0.0,0.0,0.0,0.0,0.0
2746,2023.0,1.0,20.0,1.0,15.005774,14.891371,14.998383,15.147245,15.01099,14.9022,15.011932,14.958325,15.027875,15.406012,15.028432,15.42989,15.896491,15.513622,15.854938,16.560678,15.029975,15.582841,4.0,0.0,0.0,0.0,0.0,0.0,4.0,0.0
2747,2023.0,1.0,20.0,1.0,15.007491,14.953989,15.025727,15.2464075,15.01275,14.94891,15.014213,15.004447,15.031635,15.44012,15.018187,15.408654,15.816983,15.434718,14.929997,14.712229,15.034973,15.607467,0.0,0.0,0.0,0.0,4.0,0.0,0.0,0.0
2748,2023.0,1.0,20.0,2.0,15.00974,15.007359,15.02149,15.254042,15.014493,14.990085,15.015461,15.043348,15.031625,15.461614,15.0379305,15.476299,15.739974,15.356078,15.060388,15.027842,15.034749,15.619766,0.0,0.0,0.0,0.0,0.0,0.0,0.0,0.0
2749,2023.0,1.0,20.0,2.0,15.0157995,15.064648,15.043227,15.310628,15.026653,15.050562,15.029417,15.105788,15.061893,15.53963,15.066527,15.540542,15.669094,15.285858,15.051428,15.035546,15.0687475,15.697484,0.0,0.0,0.0,0.0,0.0,0.0,0.0,0.0
2750,2023.0,1.0,20.0,2.0,15.017639,15.102581,15.043692,15.315652,15.028203,15.080475,15.031261,15.13425,15.062901,15.545794,15.066213,15.537783,15.602235,15.21968,15.024961,15.041783,15.069165,15.69662,0.0,0.0,0.0,0.0,0.0,0.0,0.0,0.0
2751,2023.0,1.0,20.0,2.0,15.0191145,15.138056,15.044425,15.327284,15.030199,15.111639,15.033082,15.1635065,15.063525,15.558159,15.066906,15.544851,15.537746,15.155854,15.028215,15.094376,15.06978,15.70526,0.0,0.0,0.0,0.0,0.0,0.0,0.0,0.0
2752,2023.0,1.0,20.0,2.0,15.021299,15.171821,15.045153,15.33816,15.031594,15.139243,15.033974,15.188725,15.064815,15.57004,15.041224,15.480976,15.475811,15.094557,15.031418,15.130875,15.0701065,15.712186,0.0,0.0,0.0,0.0,4.0,0.0,0.0,0.0
2753,2023.0,1.0,20.0,2.0,15.538857,16.157642,15.021156,15.304505,15.015524,15.13205,15.016644,15.178145,15.028838,15.514403,15.036203,15.506911,15.417676,15.038461,15.017147,15.131242,15.031234,15.649386,0.0,0.0,0.0,0.0,0.0,0.0,0.0,0.0
2754,2023.0,1.0,20.0,3.0,14.959498,15.055778,15.024863,15.323699,15.018254,15.161285,15.019503,15.205563,15.034158,15.536296,15.019439,15.468237,15.35961,14.980795,15.020372,15.164541,15.036802,15.670452,0.0,0.0,0.0,0.0,4.0,0.0,0.0,0.0
2755,2023.0,1.0,20.0,3.0,15.062194,15.283541,15.048414,15.380997,15.036918,15.221438,15.037621,15.2617035,15.067329,15.610944,15.070418,15.598105,15.302273,14.922688,15.038772,15.225782,15.071885,15.747387,0.0,0.0,0.0,0.0,0.0,0.0,0.0,0.0
2756,2023.0,1.0,20.0,3.0,15.02339,15.218693,15.048271,15.382293,15.036365,15.234219,15.038606,15.274306,15.066117,15.605566,15.043381,15.513271,15.248751,14.8695345,15.039587,15.241249,15.072378,15.743351,0.0,0.0,0.0,0.0,4.0,0.0,0.0,0.0
2757,2023.0,1.0,20.0,3.0,15.026199,15.266205,15.048904,15.392135,15.037796,15.254791,15.039466,15.291162,15.067252,15.614711,15.071053,15.603608,15.196104,14.817249,15.0411215,15.2621155,15.0727825,15.74916,0.0,0.0,0.0,0.0,0.0,0.0,0.0,0.0
2758,2023.0,1.0,20.0,3.0,15.028549,15.293407,15.04985,15.401807,15.038752,15.272606,15.040741,15.307722,15.067713,15.620972,15.044246,15.524105,15.144554,14.766038,15.0427065,15.2811985,15.073165,15.754152,0.0,0.0,0.0,0.0,4.0,0.0,0.0,0.0
2759,2023.0,1.0,20.0,3.0,15.029971,15.316586,15.050738,15.411337,15.039531,15.288907,15.0418625,15.323312,15.06888,15.629025,15.072025,15.614149,15.0940075,14.715809,15.043078,15.297076,15.073907,15.760159,0.0,0.0,0.0,0.0,0.0,0.0,0.0,0.0
2760,2023.0,1.0,20.0,4.0,15.031877,15.33864,15.051264,15.420157,15.040518,15.304933,15.042948,15.338273,15.068853,15.634482,15.071457,15.604396,15.044395,14.666493,15.043966,15.3136425,15.074028,15.764904,0.0,0.0,0.0,0.0,0.0,0.0,0.0,0.0
2761,2023.0,1.0,20.0,4.0,15.032944,15.357927,15.051832,15.4292555,15.041778,15.320953,15.043918,15.352743,15.019789,15.5134325,15.045484,15.53839,14.997279,14.621223,15.045752,15.331271,15.073897,15.769545,0.0,0.0,0.0,4.0,4.0,0.0,0.0,0.0
2762,2023.0,1.0,20.0,4.0,15.033805,15.375497,15.052115,15.437646,15.04233,15.335014,15.044683,15.366388,15.02263,15.55147,15.073059,15.627316,15.00376,14.678073,15.045924,15.344902,15.074229,15.775143,0.0,0.0,0.0,4.0,0.0,0.0,0.0,0.0
2763,2023.0,1.0,20.0,4.0,15.034616,15.391831,15.052915,15.447093,15.043568,15.350191,15.045719,15.380274,15.107785,15.722397,15.072287,15.618007,15.005733,14.705675,15.047004,15.360344,15.074919,15.781251,0.0,0.0,0.0,0.0,0.0,0.0,0.0,0.0
2764,2023.0,1.0,20.0,4.0,15.035417,15.407418,15.053719,15.456422,15.044143,15.3633995,15.046511,15.393286,15.104289,15.666781,15.072374,15.621671,15.006466,14.730238,15.048185,15.375267,15.075579,15.787139,0.0,0.0,0.0,0.0,0.0,0.0,0.0,0.0
2765,2023.0,1.0,20.0,4.0,15.037098,15.423287,15.054024,15.464694,15.0454855,15.377927,15.047226,15.405911,15.068264,15.621018,15.072823,15.625107,15.008363,14.754365,15.049071,15.389126,15.07609,15.79265,0.0,0.0,0.0,0.0,0.0,0.0,0.0,0.0
2766,2023.0,1.0,20.0,5.0,15.03867,15.438377,15.054735,15.473831,15.045934,15.390117,15.048277,15.418921,15.069212,15.645806,15.072683,15.627784,15.010254,14.776089,15.049503,15.4018135,15.075592,15.796161,0.0,0.0,0.0,0.0,0.0,0.0,0.0,0.0
2767,2023.0,1.0,20.0,5.0,15.0375395,15.448597,15.055166,15.482249,15.047061,15.403627,15.049023,15.430989,15.070021,15.658379,15.046332,15.561412,15.010569,14.793308,15.050405,15.415347,15.075799,15.801345,0.0,0.0,0.0,0.0,4.0,0.0,0.0,0.0
2768,2023.0,1.0,20.0,5.0,15.039488,15.465222,15.055334,15.490066,15.047699,15.415669,15.049374,15.442068,15.070849,15.669862,15.074052,15.652061,15.0117445,14.811512,15.051662,15.429073,15.015371,15.6513,0.0,0.0,0.0,0.0,0.0,0.0,0.0,4.0
2769,2023.0,1.0,20.0,5.0,15.03988,15.477308,15.055952,15.4988,15.048357,15.427659,15.049884,15.453205,15.021967,15.551434,15.073553,15.644,15.012715,14.828096,15.052245,15.441127,15.051541,15.7238865,0.0,0.0,0.0,4.0,0.0,0.0,0.0,4.0
2770,2023.0,1.0,20.0,5.0,15.040323,15.489525,15.056312,15.50687,15.049331,15.43997,15.05074,15.464689,15.1093235,15.748128,15.07383,15.648458,15.014378,14.845352,15.0529175,15.453297,15.109444,15.854799,0.0,0.0,0.0,0.0,0.0,0.0,0.0,0.0
2771,2023.0,1.0,20.0,5.0,15.041202,15.50219,15.056686,15.514972,15.049773,15.450953,15.051313,15.475468,15.069786,15.662094,15.073792,15.651064,15.014481,14.858687,15.053829,15.465684,15.106994,15.815416,0.0,0.0,0.0,0.0,0.0,0.0,0.0,0.0
2772,2023.0,1.0,20.0,6.0,15.042369,15.515099,15.057116,15.523116,15.050284,15.462033,15.051885,15.486239,15.021746,15.56078,15.074033,15.654788,15.015799,14.874404,15.05416,15.476616,15.013064,15.619869,0.0,0.0,0.0,4.0,0.0,0.0,0.0,4.0
2773,2023.0,1.0,20.0,6.0,19.291315,22.850569,15.026705,15.476219,19.286331,22.755505,19.271254,22.751125,18.49841,21.584938,15.034011,15.587367,18.826796,21.35707,19.596205,23.365416,18.593336,21.872211,0.0,0.0,0.0,0.0,0.0,0.0,0.0,0.0
2774,2023.0,1.0,20.0,6.0,20.111734,23.785158,15.030872,15.494065,20.175514,23.81251,20.154127,23.800531,15.020138,15.169226,15.02317,15.558023,19.52879,22.345894,20.370644,24.169912,14.965362,15.168384,0.0,0.0,0.0,0.0,4.0,0.0,0.0,0.0
2775,2023.0,1.0,20.0,6.0,20.634071,24.315296,15.0307665,15.501792,20.707842,24.347721,20.68036,24.330645,15.111216,15.474608,18.968283,22.358795,19.994867,22.819262,20.933271,24.73964,15.127956,15.57495,0.0,0.0,0.0,0.0,0.0,0.0,0.0,0.0
2776,2023.0,1.0,20.0,6.0,21.001759,24.616793,15.030459,15.507096,21.082571,24.6499,21.05173,24.631937,15.025783,15.409553,16.451242,16.920347,20.339132,23.109936,21.154552,24.75188,15.019157,15.432708,0.0,0.0,0.0,0.0,4.0,0.0,0.0,4.0
2777,2023.0,1.0,20.0,6.0,21.102251,24.534458,15.031152,15.513375,21.127264,24.445602,21.124434,24.487457,15.035801,15.486481,19.606613,22.94766,20.488728,23.124023,21.337862,24.838934,20.147955,24.418753,0.0,0.0,0.0,0.0,4.0,0.0,0.0,4.0
2778,2023.0,1.0,20.0,7.0,21.119688,24.354458,15.030965,15.516482,21.11865,24.220352,21.134405,24.29388,15.290939,16.034094,19.890049,23.141895,20.561113,23.043167,21.475933,24.824774,19.23762,22.299906,0.0,0.0,0.0,0.0,0.0,0.0,0.0,0.0
2779,2023.0,1.0,20.0,7.0,21.117512,24.193672,15.008664,15.456204,21.11645,24.062801,21.117155,24.104237,15.034851,15.540387,17.119934,17.480644,20.862413,23.366081,21.869555,25.260363,15.748861,15.312103,4.0,0.0,0.0,0.0,4.0,0.0,0.0,0.0
2780,2023.0,1.0,20.0,7.0,21.151865,24.11969,19.085033,22.48469,21.15612,23.998709,21.310015,24.233162,15.538359,16.144756,20.14044,23.321308,21.256126,23.937654,22.291847,25.687826,15.540616,15.670535,0.0,0.0,0.0,4.0,0.0,0.0,4.0,0.0
2781,2023.0,1.0,20.0,7.0,21.112165,23.982113,16.421001,16.780224,21.113388,23.85403,21.039513,23.692698,19.688461,23.397161,17.555496,17.980999,21.390848,23.98119,21.797016,24.767384,14.981788,14.945315,0.0,0.0,0.0,0.0,4.0,0.0,4.0,0.0
2782,2023.0,1.0,20.0,7.0,21.084711,23.836218,15.078224,15.167835,21.110323,23.772615,21.098825,23.73957,15.980632,15.651085,19.657734,22.259733,21.050259,23.249533,21.024183,23.220724,15.058102,15.28808,4.0,0.0,4.0,0.0,0.0,0.0,4.0,0.0
2783,2023.0,1.0,20.0,7.0,21.086506,23.786772,19.695238,23.359959,21.083826,23.640509,21.112896,23.744244,15.066098,15.106057,16.587135,16.088356,21.069242,23.203014,21.910957,24.769754,15.029317,15.351023,0.0,4.0,0.0,4.0,0.0,4.0,0.0,0.0
2784,2023.0,1.0,20.0,8.0,21.1417,23.813871,16.919022,17.349585,21.112623,23.671734,21.086342,23.633413,19.380375,22.48449,15.167065,14.687215,21.799082,24.455833,20.964956,23.002174,15.034361,15.441415,0.0,0.0,4.0,0.0,0.0,0.0,4.0,0.0
2785,2023.0,1.0,20.0,8.0,17.963535,17.635303,14.999086,14.85734,18.939215,19.42965,18.248526,18.108868,15.963442,15.600657,15.004965,14.696881,19.007175,18.87089,18.749247,18.80699,15.033789,15.497202,0.0,4.0,4.0,0.0,0.0,4.0,4.0,0.0
2786,2023.0,1.0,20.0,8.0,16.932888,16.779837,15.032565,15.106753,16.590275,15.735609,16.201427,15.266267,15.568067,15.893711,15.113607,15.083415,17.164087,16.26457,16.850372,16.075422,15.035029,15.542604,0.0,0.0,0.0,4.0,4.0,0.0,0.0,0.0
2787,2023.0,1.0,20.0,8.0,16.66213,16.55665,15.0266075,15.216041,16.26461,15.811872,16.098957,15.669188,20.02873,23.47078,19.651697,22.716946,16.483675,15.532821,15.976624,15.1376705,15.0355015,15.577621,0.0,4.0,4.0,4.0,0.0,0.0,0.0,0.0
2788,2023.0,1.0,20.0,8.0,15.676201,14.974624,15.027146,15.297941,15.469308,14.5272875,15.326195,14.4068,19.998713,23.155115,17.14265,17.596163,16.913258,16.703917,16.55722,16.68339,15.036654,15.611368,0.0,0.0,0.0,0.0,4.0,4.0,4.0,0.0
2789,2023.0,1.0,20.0,8.0,15.082532,14.305997,15.902782,15.890027,15.57846,15.17058,15.78869,14.651861,16.42648,15.989052,20.108295,23.367325,16.254246,15.470203,15.71721,15.068105,15.070944,15.657774,4.0,4.0,0.0,0.0,0.0,0.0,0.0,4.0
2790,2023.0,1.0,20.0,9.0,15.736435,14.797673,19.683254,23.28239,15.047881,14.381256,15.051167,14.500271,15.405844,15.260499,17.250788,17.466978,15.69685,14.814526,15.379675,14.58242,18.862986,22.074274,4.0,0.0,0.0,4.0,0.0,0.0,0.0,0.0
2791,2023.0,1.0,20.0,9.0,15.173675,14.921378,19.77684,22.93546,15.2086735,14.871052,15.936433,16.074778,19.81748,22.84463,15.367315,14.986023,15.416511,14.545953,15.522161,15.487899,16.082891,16.322638,4.0,4.0,0.0,0.0,0.0,0.0,0.0,4.0
2792,2023.0,1.0,20.0,9.0,15.060035,14.844274,20.162828,23.234915,15.231305,14.96729,15.813271,15.857985,16.914898,16.98638,15.272171,15.229163,15.634833,15.2045145,15.053355,14.725215,19.513613,22.818127,4.0,4.0,0.0,4.0,4.0,0.0,0.0,0.0
2793,2023.0,1.0,20.0,9.0,15.878657,16.240744,20.136986,22.908138,16.241179,16.788967,15.152558,14.833677,20.483658,23.785513,20.045721,23.25555,15.65996,15.283846,15.808565,15.996797,16.535028,16.751242,0.0,0.0,0.0,4.0,0.0,0.0,0.0,4.0
2794,2023.0,1.0,20.0,9.0,15.778291,16.294222,16.920757,16.539852,15.594391,15.5100975,15.017005,14.821589,20.074348,22.893692,17.153503,17.4054,15.55914,15.192582,14.991454,14.783796,19.827583,23.085505,0.0,4.0,0.0,0.0,0.0,0.0,0.0,0.0
2795,2023.0,1.0,20.0,9.0,15.222243,15.159996,15.989412,15.922807,15.18661,14.985152,15.016059,14.93421,16.758104,16.3189,15.656571,15.62613,15.458164,15.096057,15.022096,14.9584055,16.203136,15.863804,4.0,4.0,0.0,0.0,4.0,0.0,0.0,0.0
2796,2023.0,1.0,20.0,10.0,15.685105,15.985288,20.102926,23.350273,15.040208,14.841522,15.381955,15.696401,15.783591,15.621753,20.045261,23.088667,15.364482,15.004435,16.113573,15.803563,15.037806,14.893337,0.0,4.0,4.0,4.0,0.0,0.0,0.0,0.0
2797,2023.0,1.0,20.0,10.0,15.912796,16.130657,17.453983,17.793955,15.004366,14.876,14.9880085,14.998868,20.472548,23.847624,17.284391,17.528444,15.286679,14.934987,15.889941,16.594624,15.029347,15.122951,0.0,4.0,0.0,4.0,0.0,0.0,4.0,0.0
2798,2023.0,1.0,20.0,10.0,15.37754,15.48486,16.065868,16.137556,15.007731,14.955171,15.04534,15.150831,20.069042,22.91355,15.44694,15.101671,15.219393,14.875428,15.639026,15.940958,15.033774,15.284331,4.0,4.0,0.0,0.0,0.0,0.0,4.0,0.0
2799,2023.0,1.0,20.0,10.0,15.286559,15.41471,20.145962,23.521973,15.786995,16.171814,16.023285,16.743357,16.78371,16.368156,14.994651,14.679138,15.992829,16.397871,15.882691,16.309015,15.0315895,15.392555,4.0,4.0,0.0,0.0,0.0,4.0,0.0,0.0
2800,2023.0,1.0,20.0,10.0,15.225039,15.375367,20.071068,22.937838,15.334021,15.626709,15.552333,15.565142,15.859938,15.7457,15.030003,14.94046,15.519965,15.252727,15.031578,15.008903,15.031996,15.471109,0.0,0.0,0.0,4.0,0.0,0.0,0.0,0.0
2801,2023.0,1.0,20.0,10.0,15.175135,15.348063,17.18679,17.11498,15.003841,14.994461,15.374276,15.745306,20.347404,23.58519,15.023896,15.054832,15.663228,15.699822,15.032088,15.079509,15.032769,15.527969,4.0,4.0,4.0,0.0,0.0,4.0,0.0,0.0
2802,2023.0,1.0,20.0,11.0,15.1368265,15.330222,20.147114,23.115156,15.256423,15.165427,15.671255,16.066725,16.849451,16.577852,15.005195,15.096182,15.325515,14.690511,15.888361,16.434423,15.032598,15.567628,4.0,4.0,0.0,0.0,4.0,0.0,0.0,0.0
2803,2023.0,1.0,20.0,11.0,15.103038,15.315669,20.06096,22.634289,16.173378,16.971775,15.342663,15.289269,15.402563,15.082407,19.804174,23.122398,15.684734,15.785603,15.962503,16.531487,15.033043,15.597911,4.0,0.0,4.0,0.0,0.0,4.0,0.0,0.0
2804,2023.0,1.0,20.0,11.0,15.074239,15.306851,20.118633,22.543919,15.470243,15.558528,16.02773,16.722101,15.096828,14.799843,17.226124,17.78221,15.137894,14.568128,16.733814,17.557854,15.032973,15.619558,4.0,4.0,0.0,0.0,4.0,0.0,4.0,0.0
2805,2023.0,1.0,20.0,11.0,16.29366,17.433634,20.51975,22.946846,16.077507,16.783188,15.993396,16.639978,15.732393,15.920699,20.252085,23.490034,16.13443,15.66472,15.37085,14.882219,15.165113,15.844269,4.0,0.0,0.0,0.0,0.0,0.0,0.0,4.0
2806,2023.0,1.0,20.0,11.0,15.829172,16.434214,19.974627,21.928825,15.035905,14.961834,15.0190115,15.033626,15.02241,14.8881035,17.412504,17.701754,15.527409,15.273562,15.045529,14.95681,19.203016,22.830763,4.0,0.0,0.0,0.0,0.0,0.0,0.0,0.0
2807,2023.0,1.0,20.0,11.0,15.782306,16.228977,20.138454,22.229237,16.040253,16.720406,15.385971,15.828544,15.475607,15.939534,16.014254,16.06009,15.198746,14.899826,16.224953,17.046307,15.79566,15.687647,0.0,0.0,4.0,4.0,4.0,0.0,0.0,0.0
2808,2023.0,1.0,20.0,12.0,15.375366,15.205784,17.805096,17.705988,15.727026,16.089987,15.489958,15.979108,20.281261,24.105034,20.376211,23.530807,15.20978,14.935727,16.272717,17.074593,15.928681,16.659258,4.0,0.0,4.0,0.0,0.0,0.0,4.0,0.0
2809,2023.0,1.0,20.0,12.0,20.336966,24.400463,20.244762,22.751734,20.863768,25.088848,19.355778,22.662075,16.68493,16.577753,17.79666,18.302124,20.502954,23.967865,20.086603,23.689442,14.981616,15.1922655,4.0,4.0,0.0,0.0,4.0,4.0,0.0,0.0
2810,2023.0,1.0,20.0,12.0,21.136217,25.264116,20.07486,22.256556,20.865427,24.611906,19.930798,23.254044,14.983019,14.6226635,20.094004,22.758034,20.213566,23.1532,20.526222,24.011456,15.034684,15.404563,0.0,0.0,0.0,0.0,0.0,4.0,0.0,0.0
2811,2023.0,1.0,20.0,12.0,21.106348,24.773804,17.783915,17.753403,20.546604,23.659277,20.21219,23.363384,15.640408,16.09946,17.429897,17.398724,19.929333,22.288904,20.83265,24.154467,15.0279875,15.459542,4.0,0.0,0.0,4.0,4.0,0.0,0.0,0.0
2812,2023.0,1.0,20.0,12.0,21.036972,24.360262,20.18424,22.698175,21.092106,24.36716,21.415396,25.188835,19.435173,22.532114,20.223038,22.874401,20.704327,23.403175,21.49771,25.072538,15.495028,16.11543,0.0,4.0,4.0,0.0,0.0,4.0,0.0,0.0
2813,2023.0,1.0,20.0,12.0,21.1294,24.285412,17.549126,17.364307,21.131964,24.178988,21.053114,24.2494,16.358635,16.175217,17.552296,17.537138,20.990517,23.586094,21.771093,25.177347,14.979142,15.334028,0.0,4.0,4.0,0.0,4.0,4.0,0.0,0.0
2814,2023.0,1.0,20.0,13.0,21.106699,24.071138,16.242458,15.919761,21.111681,23.963657,21.067974,24.088324,15.653888,15.607338,20.276339,22.919592,21.374908,24.058102,21.099506,23.841957,15.743786,16.557514,0.0,4.0,0.0,0.0,0.0,4.0,0.0,0.0
2815,2023.0,1.0,20.0,13.0,21.108488,23.95022,15.908725,15.5949545,21.112331,23.835884,21.141438,24.055079,15.865937,16.343668,17.81648,18.046778,21.746431,24.494278,22.600327,26.352886,15.069544,15.37176,0.0,4.0,0.0,4.0,0.0,4.0,0.0,0.0
2816,2023.0,1.0,20.0,13.0,21.10561,23.84859,15.614002,15.302388,21.10939,23.730896,21.130505,23.904396,20.336914,23.985874,16.264553,16.025114,21.705412,24.165321,22.390135,25.615694,15.074818,15.46689,0.0,4.0,0.0,4.0,0.0,4.0,0.0,0.0
2817,2023.0,1.0,20.0,13.0,21.127125,23.83187,15.858995,15.984769,21.12975,23.711205,21.079594,23.738918,20.056442,23.009035,15.772533,15.468805,21.592777,23.89016,21.119955,23.50496,15.021211,15.4239235,4.0,0.0,4.0,0.0,0.0,0.0,0.0,0.0
2818,2023.0,1.0,20.0,13.0,21.639189,24.47962,20.029022,23.35685,21.427013,24.071276,21.370884,24.122402,17.460426,17.682423,15.455931,15.153923,21.37753,23.376173,22.736647,26.29114,15.028676,15.479574,0.0,0.0,0.0,4.0,0.0,0.0,0.0,0.0
2819,2023.0,1.0,20.0,13.0,20.978216,23.309345,17.545475,18.017815,21.01634,23.281878,21.037539,23.45281,20.39879,23.407696,15.2059555,14.914788,21.617802,23.738617,21.000513,23.082003,15.30819,16.011177,0.0,4.0,4.0,0.0,0.0,0.0,0.0,4.0
2820,2023.0,1.0,20.0,14.0,21.110415,23.53902,15.799724,15.623509,21.11225,23.449034,21.114378,23.569416,17.659418,17.884256,14.998481,14.736014,21.003443,22.635334,21.268906,23.53244,19.406403,23.073196,0.0,4.0,4.0,4.0,0.0,0.0,0.0,0.0
2821,2023.0,1.0,20.0,14.0,18.324518,18.207829,15.3508,15.085732,18.76911,18.938122,18.208809,17.997162,20.366291,23.156542,15.018626,14.905879,19.100819,19.034885,19.082277,19.19228,15.999746,15.932833,0.0,4.0,0.0,0.0,0.0,0.0,0.0,0.0
2822,2023.0,1.0,20.0,14.0,16.801533,16.324884,15.571535,15.705597,17.54495,17.47658,16.532825,15.881978,17.813313,18.048195,15.015752,15.000026,18.08896,17.789482,18.551554,19.204832,15.309318,15.691825,4.0,4.0,0.0,4.0,0.0,0.0,4.0,4.0
2823,2023.0,1.0,20.0,14.0,16.964724,17.092577,20.15884,23.809137,17.128534,17.064407,16.600445,16.502161,20.42316,23.2501,15.01815,15.076561,17.680538,17.367626,18.104204,18.444832,19.694483,23.078016,4.0,4.0,4.0,4.0,0.0,0.0,4.0,0.0
2824,2023.0,1.0,20.0,14.0,16.233885,15.8347225,20.066221,23.09037,16.185968,15.579051,15.881837,15.305893,20.074436,22.505466,15.018272,15.129518,17.383125,17.079016,17.765755,18.12719,16.342758,16.278048,0.0,0.0,0.0,0.0,0.0,0.0,4.0,0.0
2825,2023.0,1.0,20.0,14.0,15.691899,15.220761,17.347355,17.510338,16.285095,16.19224,15.320391,14.665928,17.295616,17.018766,15.018493,15.168208,17.952106,18.386864,16.643549,16.225718,15.573264,15.938427,4.0,4.0,0.0,0.0,0.0,4.0,0.0,4.0
2826,2023.0,1.0,20.0,15.0,16.152845,16.340376,20.028748,22.930552,16.312304,16.3161,15.33181,15.003145,15.834136,15.239828,15.019557,15.20089,17.004456,16.477156,15.908194,15.3633175,19.794697,23.114302,0.0,4.0,0.0,0.0,0.0,0.0,0.0,0.0
2827,2023.0,1.0,20.0,15.0,15.558409,15.210472,17.285507,17.234573,16.169205,16.189953,15.2578125,14.99769,15.62905,15.317545,15.019656,15.226068,16.403082,15.774347,16.599535,16.995012,16.457607,16.377886,0.0,4.0,0.0,0.0,0.0,0.0,4.0,0.0
2828,2023.0,1.0,20.0,15.0,15.095629,14.654836,16.315674,16.469387,16.0319,16.06244,15.848036,16.26223,16.23335,16.668165,15.020882,15.249845,16.986664,17.093348,16.811504,17.241205,14.97926,14.753462,4.0,4.0,4.0,4.0,0.0,4.0,4.0,0.0
2829,2023.0,1.0,20.0,15.0,15.646059,15.87458,20.177147,23.39684,15.913719,15.955737,15.3509035,15.240614,20.282646,23.60113,15.021358,15.269234,17.142756,17.271786,16.748747,17.184582,15.030402,15.080358,4.0,4.0,0.0,4.0,0.0,4.0,4.0,0.0
2830,2023.0,1.0,20.0,15.0,15.834785,16.142935,20.056253,22.741901,15.807331,15.857457,15.317539,15.383424,20.064556,22.813742,15.021641,15.28458,16.377472,15.865818,15.655717,15.204034,15.023927,15.221572,4.0,4.0,4.0,0.0,0.0,0.0,0.0,0.0
2831,2023.0,1.0,20.0,15.0,15.809798,16.129297,20.109217,22.586506,15.712744,15.771482,15.345829,15.448905,17.10114,16.864466,15.001419,15.245488,15.935826,15.338403,15.084626,14.574732,15.026449,15.327333,4.0,4.0,4.0,0.0,4.0,0.0,0.0,0.0
2832,2023.0,1.0,20.0,16.0,15.767513,16.09055,20.10078,22.395134,15.425072,15.108013,14.992591,14.909755,15.590104,14.999162,19.760483,23.171318,15.739426,15.135811,15.015296,14.661877,15.026828,15.405736,4.0,0.0,0.0,0.0,0.0,0.0,0.0,0.0
2833,2023.0,1.0,20.0,16.0,15.714692,16.03364,20.115656,22.311556,16.165625,16.366278,16.018467,16.67966,16.198086,16.58337,16.930294,17.340233,16.768747,17.251276,16.991552,16.965504,15.027801,15.464401,0.0,4.0,0.0,4.0,0.0,4.0,0.0,0.0
2834,2023.0,1.0,20.0,16.0,14.991282,14.837644,17.55645,17.317284,15.689214,15.765582,14.985813,14.887645,20.08102,23.170557,15.188576,14.9935665,16.78349,16.94454,15.28341,15.085378,15.028251,15.507958,0.0,4.0,0.0,0.0,0.0,4.0,0.0,0.0
2835,2023.0,1.0,20.0,16.0,15.027282,15.004053,16.844622,16.925432,15.560854,15.628917,15.028941,15.074925,17.06702,16.90623,15.0168,14.963595,15.940155,15.4256735,14.995824,14.802316,15.029219,15.543334,4.0,4.0,0.0,0.0,0.0,0.0,0.0,0.0
2836,2023.0,1.0,20.0,16.0,15.392348,15.797793,20.25765,23.133738,15.469236,15.5388975,15.013406,15.119524,16.110315,16.179934,15.022621,15.086862,15.528614,14.93528,15.016237,14.944521,15.0298,15.5710945,4.0,4.0,0.0,4.0,0.0,0.0,0.0,0.0
2837,2023.0,1.0,20.0,16.0,15.970457,16.630627,20.075853,22.47541,15.387907,15.45963,15.389097,15.8675785,20.389492,23.491201,15.022052,15.162754,15.365584,14.767526,16.252996,16.02946,15.030292,15.593046,0.0,4.0,4.0,0.0,0.0,0.0,0.0,0.0
2838,2023.0,1.0,20.0,17.0,15.938627,16.62754,17.692545,17.701408,15.314202,15.38739,15.524903,16.039108,17.62728,17.883177,15.022397,15.216518,15.550908,15.260872,14.983565,14.943214,15.030778,15.610347,4.0,4.0,4.0,4.0,0.0,0.0,0.0,0.0
2839,2023.0,1.0,20.0,17.0,15.663805,16.012669,20.22615,22.860662,15.244114,15.315759,15.16537,15.322809,20.397692,23.257929,15.023513,15.258757,15.589971,15.326521,16.09625,16.828623,15.030943,15.623533,4.0,4.0,4.0,0.0,0.0,0.0,0.0,0.0
2840,2023.0,1.0,20.0,17.0,15.505812,15.819993,20.054184,22.27564,15.17832,15.247348,15.357368,15.881805,17.245203,17.01345,15.023786,15.288639,15.532986,15.269328,15.448854,15.254946,15.031345,15.63503,4.0,4.0,0.0,0.0,0.0,0.0,0.0,0.0
2841,2023.0,1.0,20.0,17.0,15.975562,16.580544,20.120728,22.266321,15.116538,15.182805,15.314001,15.379443,15.565564,14.913482,15.024152,15.309988,15.472829,15.206797,15.242006,14.997145,15.031882,15.645407,0.0,4.0,4.0,0.0,0.0,0.0,0.0,0.0
2842,2023.0,1.0,20.0,17.0,15.589885,15.908984,17.841644,17.773407,15.058162,15.121396,15.0434475,15.148384,15.387865,15.051081,15.024294,15.325271,15.415101,15.147361,15.004928,14.950332,15.031993,15.653635,4.0,4.0,4.0,0.0,0.0,0.0,0.0,0.0
2843,2023.0,1.0,20.0,17.0,15.942741,16.498661,20.23559,22.694592,15.000852,15.063869,15.809509,16.374313,15.244318,14.963074,15.025193,15.340115,15.358325,15.087529,15.450548,15.942307,15.032484,15.661498,4.0,4.0,4.0,0.0,0.0,0.0,0.0,0.0
2844,2023.0,1.0,20.0,18.0,15.576925,15.876788,20.071964,22.184713,15.318036,15.333682,15.0869055,15.183398,15.02393,14.75718,15.025435,15.35144,15.303976,15.031511,16.120329,15.892672,15.032599,15.667664,0.0,4.0,4.0,0.0,0.0,0.0,0.0,0.0
2845,2023.0,1.0,20.0,18.0,20.500319,24.517754,17.470964,17.086214,20.303411,24.281584,20.213783,24.219265,15.018877,14.919799,15.025545,15.359705,19.62483,22.419474,20.404964,24.47067,15.151456,15.854704,0.0,4.0,4.0,0.0,0.0,0.0,0.0,4.0
2846,2023.0,1.0,20.0,18.0,20.357323,23.753225,16.832645,16.84965,20.237865,23.610235,20.133072,23.530499,15.496267,15.918242,15.0260515,15.368137,20.273901,23.308302,21.12148,25.126728,20.135635,24.43037,4.0,0.0,0.0,4.0,0.0,0.0,4.0,4.0
2847,2023.0,1.0,20.0,18.0,20.54153,23.729374,20.244232,23.046534,20.925465,24.385706,20.329151,23.49164,20.41856,24.31291,15.026462,15.37474,21.217295,24.566956,20.859076,24.233723,20.058891,23.695738,0.0,4.0,0.0,4.0,0.0,4.0,0.0,4.0
2848,2023.0,1.0,20.0,18.0,20.686295,23.694462,17.843786,18.069244,20.703365,23.66871,20.498415,23.477064,20.038244,23.104877,15.026198,15.377929,20.886282,23.627483,21.027843,24.1955,20.08282,23.370266,0.0,0.0,0.0,0.0,0.0,0.0,0.0,0.0
2849,2023.0,1.0,20.0,18.0,21.159182,24.354511,16.327614,16.058672,21.167398,24.228987,21.167236,24.441301,16.773558,16.460201,15.026801,15.382213,20.640125,22.903118,22.248173,26.004635,16.551468,16.27678,0.0,4.0,4.0,0.0,0.0,0.0,4.0,0.0
2850,2023.0,1.0,20.0,19.0,21.075771,24.001963,16.347445,16.411325,21.108242,23.905033,21.085432,24.085169,15.172706,14.495863,15.027032,15.385755,21.135143,23.586025,20.967913,23.479,14.978874,14.532671,4.0,4.0,4.0,0.0,0.0,4.0,0.0,0.0
2851,2023.0,1.0,20.0,19.0,21.154402,24.060894,20.208183,23.31478,21.150814,23.840166,21.151476,24.022911,15.927075,16.347857,15.02732,15.389146,21.097256,23.355997,22.019703,25.23886,15.470215,15.750833,4.0,4.0,4.0,4.0,0.0,0.0,0.0,4.0
2852,2023.0,1.0,20.0,19.0,21.40008,24.348967,20.072971,22.62808,21.491,24.33938,21.347206,24.253664,19.892908,23.058767,15.027863,15.393994,21.725473,24.315748,22.77355,26.362234,19.810324,23.119621,0.0,0.0,0.0,0.0,0.0,4.0,4.0,0.0
2853,2023.0,1.0,20.0,19.0,21.073284,23.60327,17.504454,17.41772,21.063429,23.4249,21.090864,23.633547,16.681492,16.381403,15.02723,15.393142,21.074877,23.005264,22.025183,24.62587,16.280756,16.018578,4.0,4.0,4.0,0.0,0.0,0.0,4.0,0.0
2854,2023.0,1.0,20.0,19.0,21.958578,24.965054,20.220491,22.915329,21.662357,24.368027,21.879595,24.824217,14.994251,14.376595,15.007957,15.341323,21.349983,23.40372,22.170174,24.814821,15.010072,14.777401,4.0,0.0,4.0,0.0,4.0,0.0,0.0,0.0
2855,2023.0,1.0,20.0,19.0,22.101196,25.064566,20.053696,22.296354,22.154669,25.06353,22.01973,24.92025,15.094864,14.789324,19.524084,22.865675,21.932959,24.304379,22.3428,25.073566,15.7831545,16.482334,4.0,4.0,4.0,0.0,0.0,4.0,0.0,4.0
2856,2023.0,1.0,20.0,20.0,22.090118,24.976015,20.106012,22.21199,21.084675,23.124437,21.1966,23.457901,15.000982,14.794518,16.660723,16.97761,21.649378,23.711609,21.240343,23.19165,19.656727,23.029514,4.0,4.0,4.0,0.0,0.0,0.0,0.0,0.0
2857,2023.0,1.0,20.0,20.0,22.290955,25.248278,20.114944,22.117144,22.156584,25.010885,22.540424,25.748898,15.557768,15.970577,14.979485,14.853233,22.081514,24.437454,22.535439,25.516918,16.291374,16.03105,0.0,0.0,4.0,4.0,0.0,4.0,0.0,0.0
2858,2023.0,1.0,20.0,20.0,20.966515,22.8396,17.517874,17.053808,20.948513,22.757998,20.917297,22.758657,20.340864,23.908272,15.035211,15.097261,21.105885,22.610235,20.891735,22.52109,15.015494,14.80416,0.0,4.0,4.0,0.0,0.0,0.0,0.0,0.0
2859,2023.0,1.0,20.0,20.0,21.080616,23.157984,16.90714,16.879442,21.117338,23.12447,21.127853,23.221876,16.70977,16.465988,15.02398,15.16798,21.10831,22.643728,21.202816,23.250032,15.024072,15.034847,4.0,4.0,4.0,0.0,0.0,0.0,0.0,0.0
2860,2023.0,1.0,20.0,20.0,21.164364,23.357874,20.27074,22.979504,21.15889,23.221615,21.162542,23.330538,14.980935,14.4724045,15.006134,15.186629,21.505423,23.318033,22.234394,25.21342,15.024931,15.169525,4.0,4.0,0.0,0.0,4.0,0.0,0.0,0.0
2861,2023.0,1.0,20.0,20.0,22.448515,25.496115,20.078777,22.305073,22.016891,24.68606,22.357307,25.314646,15.022989,14.775759,19.63016,22.919615,21.545492,23.34703,22.148176,24.652033,15.025489,15.26216,0.0,0.0,4.0,0.0,0.0,4.0,0.0,0.0
2862,2023.0,1.0,20.0,21.0,20.91052,22.678268,17.413088,17.012888,20.981585,22.770288,20.923008,22.683743,15.016459,14.906369,16.828833,17.163626,20.976349,22.270773,20.894072,22.462036,15.414709,16.045298,0.0,0.0,4.0,0.0,0.0,4.0,4.0,4.0
2863,2023.0,1.0,20.0,21.0,21.115816,23.133284,16.303509,15.883693,21.132965,23.090979,21.148016,23.189322,15.4812565,15.879938,15.416027,15.4663725,21.08116,22.511868,22.728327,25.77761,20.464897,24.471323,0.0,0.0,0.0,4.0,4.0,4.0,0.0,4.0
2864,2023.0,1.0,20.0,21.0,21.159266,23.24525,16.039055,15.651718,21.160707,23.206913,21.24805,23.320292,19.725136,22.885843,20.36014,23.847807,21.128624,22.623976,21.10507,22.720648,20.383865,23.835136,0.0,0.0,4.0,0.0,4.0,4.0,0.0,4.0
2865,2023.0,1.0,20.0,21.0,21.11595,23.181887,15.774183,15.385301,21.089592,23.095057,21.101713,23.099897,16.901438,17.024055,19.953882,22.853125,21.13386,22.639414,21.138288,22.960453,20.123468,23.066668,0.0,0.0,4.0,4.0,0.0,4.0,0.0,4.0
2866,2023.0,1.0,20.0,21.0,21.085047,23.093426,15.547065,15.155527,21.088877,23.111517,21.097157,23.082037,20.204237,23.264822,16.716719,16.326246,21.100208,22.588938,21.081148,22.927622,20.108038,22.803127,0.0,0.0,4.0,0.0,0.0,0.0,0.0,4.0
2867,2023.0,1.0,20.0,21.0,21.115349,23.164906,15.82031,15.83358,21.064821,23.053102,21.121592,23.137894,17.359724,17.45269,15.386652,14.995782,21.094156,22.564177,22.56768,25.451582,20.12852,22.70419,4.0,4.0,0.0,4.0,0.0,0.0,0.0,0.0
2868,2023.0,1.0,20.0,22.0,21.89033,24.391953,20.21468,23.5888,21.16755,23.284557,21.160439,23.19748,20.401125,23.339638,15.112322,14.757602,21.717611,23.564152,22.031458,24.245365,17.676287,17.822556,4.0,0.0,0.0,0.0,0.0,4.0,0.0,4.0
2869,2023.0,1.0,20.0,22.0,22.162996,24.726557,20.070168,22.778818,22.090391,24.758118,22.171926,24.828257,17.045277,16.63824,15.015727,14.834256,21.661875,23.436321,22.071175,24.256773,20.479202,23.305542,0.0,0.0,4.0,0.0,0.0,4.0,4.0,4.0
2870,2023.0,1.0,20.0,22.0,20.924297,22.497246,17.342243,17.189222,20.93847,22.583776,20.932526,22.567314,15.896732,15.647306,15.021767,14.973917,21.027126,22.24209,21.126005,22.700172,20.045837,22.417654,4.0,4.0,0.0,4.0,4.0,0.0,4.0,4.0
2871,2023.0,1.0,20.0,22.0,21.874521,24.210463,20.188387,22.914652,21.782425,24.062885,21.779778,24.06206,20.36476,23.476006,20.038837,23.43898,21.685713,23.38812,22.378744,24.953947,20.131052,22.492125,4.0,0.0,0.0,0.0,4.0,4.0,0.0,0.0
2872,2023.0,1.0,20.0,22.0,22.04583,24.490053,20.141706,22.48254,21.743063,23.893173,21.73645,24.04986,16.90602,16.496784,20.05968,23.204765,21.654072,23.324282,22.151346,24.400513,17.753265,17.79165,0.0,0.0,0.0,0.0,4.0,0.0,0.0,4.0
2873,2023.0,1.0,20.0,22.0,20.99451,22.590801,17.300417,16.815409,20.977701,22.58443,20.974932,22.629436,16.232079,16.464184,20.112331,22.961843,21.037107,22.194134,20.943216,22.274136,21.721928,25.23137,0.0,0.0,4.0,4.0,0.0,0.0,0.0,4.0
2874,2023.0,1.0,20.0,23.0,21.120728,22.904373,16.175962,15.712572,21.098104,22.90009,21.102606,22.977438,20.50951,23.721905,17.421427,17.533218,21.097475,22.351162,21.124243,22.724073,19.869184,21.830187,0.0,0.0,0.0,4.0,0.0,0.0,0.0,4.0
2875,2023.0,1.0,20.0,23.0,19.222927,19.34833,15.951755,15.5382185,19.11025,19.132856,18.498758,17.97882,16.969963,16.618252,16.169605,16.099882,20.064241,20.410538,19.114561,18.961641,17.122053,16.59758,0.0,0.0,0.0,0.0,4.0,4.0,0.0,0.0
2876,2023.0,1.0,20.0,23.0,18.29556,18.071083,15.749396,15.334818,18.081755,17.668825,17.235828,16.192112,15.632747,14.8058,15.651404,15.351187,18.566267,17.780752,18.260612,17.89595,16.760532,16.600649,0.0,0.0,0.0,0.0,0.0,0.0,0.0,4.0
2877,2023.0,1.0,20.0,23.0,17.852686,17.606234,15.559787,15.149406,18.314484,18.47585,17.22848,16.692755,15.779404,15.468341,15.272596,14.923424,17.86291,16.91239,17.823805,17.46515,15.870729,15.1643505,0.0,4.0,0.0,4.0,0.0,0.0,0.0,0.0
2878,2023.0,1.0,20.0,23.0,17.526533,17.28997,15.395975,14.991796,17.592838,17.27065,17.057846,16.629028,15.136883,14.41034,15.324049,15.251429,17.501738,16.56454,18.539692,19.141634,15.329339,14.581307,0.0,0.0,0.0,0.0,4.0,0.0,4.0,0.0
2879,2023.0,1.0,20.0,23.0,17.25169,17.027227,15.247899,14.851516,16.613455,15.674624,16.803291,16.39204,15.028756,14.51216,14.983986,14.789225,17.67839,17.226786,17.165972,16.488941,15.70588,15.609838,0.0,0.0,0.0,0.0,0.0,0.0,0.0,4.0
2880,2023.0,1.0,21.0,0.0,16.965755,16.74911,15.087139,14.696833,16.030014,15.013488,16.527262,16.12549,15.001878,14.698495,15.0351,15.020942,17.631859,17.267159,16.332573,15.564019,14.948146,14.407077,0.0,0.0,0.0,0.0,0.0,0.0,0.0,0.0
2881,2023.0,1.0,21.0,0.0,16.718151,16.510841,15.002182,14.672751,16.206635,15.7080965,16.283352,15.891818,15.435802,15.658369,15.022696,15.092936,18.218355,18.553886,15.980379,15.226037,15.061421,14.826558,0.0,0.0,0.0,4.0,0.0,4.0,0.0,0.0
2882,2023.0,1.0,21.0,0.0,16.502487,16.3023,15.0107,14.784024,16.18448,15.775901,16.073683,15.6962805,14.978358,14.846833,15.024898,15.166318,17.226242,16.514526,16.096268,15.751765,15.011648,14.894552,0.0,0.0,0.0,0.0,0.0,0.0,0.0,0.0
2883,2023.0,1.0,21.0,0.0,16.296736,16.089428,15.012111,14.85944,16.015163,15.616304,15.874416,15.495606,15.058604,15.05784,15.026406,15.219584,16.573166,15.722908,16.046879,15.744836,15.024479,15.034478,0.0,0.0,0.0,0.0,0.0,0.0,0.0,0.0
2884,2023.0,1.0,21.0,0.0,16.138107,15.947907,15.019101,14.936,15.851392,15.458517,15.703143,15.3293,15.05799,15.100006,15.044479,15.29556,16.334145,15.494584,15.887616,15.58879,15.027967,15.133247,0.0,0.0,0.0,0.0,0.0,0.0,0.0,0.0
2885,2023.0,1.0,21.0,0.0,16.006918,15.838692,15.011844,14.963549,15.715303,15.341398,15.563377,15.207951,15.012483,15.079597,15.022731,15.279078,16.633064,16.28331,15.741047,15.451375,15.346536,15.77631,0.0,0.0,0.0,0.0,0.0,0.0,0.0,4.0
2886,2023.0,1.0,21.0,1.0,15.872378,15.707415,15.013678,15.007311,15.584667,15.220473,15.430144,15.083402,15.021125,15.146431,15.02674,15.3117895,16.644735,16.30184,15.603267,15.317223,14.967606,15.058312,0.0,0.0,0.0,0.0,0.0,0.0,0.0,0.0
2887,2023.0,1.0,21.0,1.0,15.739931,15.570353,15.026261,15.0682955,15.454506,15.088654,15.298536,14.949606,15.035077,15.215476,15.050572,15.378411,16.553564,16.209444,15.471693,15.182886,15.065588,15.295034,0.0,0.0,0.0,0.0,0.0,0.0,0.0,0.0
2888,2023.0,1.0,21.0,1.0,15.620017,15.448675,15.0277,15.095358,15.339805,14.978893,15.1828785,14.838205,15.036514,15.23889,15.051449,15.385192,16.46536,16.121546,15.353768,15.065898,15.036804,15.262675,0.0,0.0,0.0,0.0,0.0,0.0,0.0,0.0
2889,2023.0,1.0,21.0,1.0,15.526098,15.3711405,15.013918,15.092836,15.243135,14.896564,15.085542,14.754504,15.019293,15.229618,15.008698,15.303576,16.387539,16.049139,16.31325,16.967752,15.021384,15.278316,0.0,0.0,0.0,0.0,4.0,0.0,4.0,0.0
2890,2023.0,1.0,21.0,1.0,15.443116,15.303125,15.01618,15.120134,15.144371,14.801197,14.999238,14.688245,15.022596,15.256481,15.016097,15.334833,16.309574,15.971387,15.306445,14.719381,15.024166,15.31432,0.0,0.0,0.0,0.0,4.0,0.0,0.0,0.0
2891,2023.0,1.0,21.0,1.0,15.342886,15.19489,15.032349,15.173568,15.041731,14.6921215,15.007316,14.782752,15.042383,15.313717,15.055203,15.442694,16.23084,15.887471,15.022143,14.642765,15.045545,15.388543,0.0,0.0,0.0,0.0,0.0,0.0,0.0,0.0
2892,2023.0,1.0,21.0,2.0,15.25567,15.108408,15.015076,15.154899,15.001822,14.699833,15.007552,14.831886,15.019545,15.27982,15.008666,15.338593,16.164118,15.823523,15.76801,16.082455,15.021923,15.359889,0.0,0.0,0.0,0.0,4.0,0.0,4.0,0.0
2893,2023.0,1.0,21.0,2.0,15.178005,15.038992,15.017889,15.177656,15.007058,14.770032,15.0091915,14.882551,15.02464,15.30491,15.033017,15.411555,16.095078,15.752281,14.935067,14.498397,15.026043,15.388017,0.0,0.0,0.0,0.0,0.0,0.0,0.0,0.0
2894,2023.0,1.0,21.0,2.0,15.095038,14.949134,15.018369,15.194133,15.008611,14.822459,15.010639,14.92593,15.024208,15.317398,15.028566,15.408622,16.025753,15.678088,15.055379,14.797943,15.026553,15.405908,0.0,0.0,0.0,0.0,0.0,0.0,0.0,0.0
2895,2023.0,1.0,21.0,2.0,15.011634,14.858654,15.036517,15.243436,15.013664,14.878134,15.01934,14.981145,15.048777,15.377682,15.032248,15.401963,15.960746,15.610173,15.034047,14.8030405,15.125838,15.576466,0.0,0.0,0.0,0.0,4.0,0.0,0.0,4.0
2896,2023.0,1.0,21.0,2.0,15.004168,14.913365,15.037202,15.250052,15.01627,14.918066,15.021563,15.013437,15.04948,15.38178,15.033113,15.411973,15.898501,15.545413,15.009274,14.82866,15.083992,15.488879,0.0,0.0,0.0,0.0,4.0,0.0,0.0,0.0
2897,2023.0,1.0,21.0,2.0,15.007502,14.965303,15.038198,15.261691,15.018471,14.953879,15.023885,15.044642,15.050465,15.392744,15.103143,15.526762,15.837474,15.481847,15.012838,14.890736,15.085196,15.488692,0.0,0.0,0.0,0.0,0.0,0.0,0.0,0.0
2898,2023.0,1.0,21.0,3.0,15.009457,15.006646,15.038853,15.271753,15.021102,14.987259,15.025824,15.072538,15.051202,15.402375,15.100233,15.470553,15.777738,15.419537,15.015697,14.93379,15.051671,15.449456,0.0,0.0,0.0,0.0,0.0,0.0,0.0,0.0
2899,2023.0,1.0,21.0,3.0,15.011975,15.0439005,15.040405,15.283103,15.023174,15.016501,15.027261,15.09731,15.001715,15.282555,15.056239,15.41257,15.715703,15.351498,15.019801,14.973233,15.053469,15.481111,0.0,0.0,0.0,4.0,0.0,0.0,0.0,0.0
2900,2023.0,1.0,21.0,3.0,15.015067,15.077807,15.041871,15.293443,15.025252,15.043527,15.029652,15.122244,15.055259,15.453128,15.05874,15.445127,15.653226,15.2829685,15.021086,15.001525,15.055806,15.500747,0.0,0.0,0.0,0.0,0.0,0.0,0.0,0.0
2901,2023.0,1.0,21.0,3.0,15.017573,15.107264,15.042813,15.302382,15.027561,15.069025,15.031652,15.144605,15.00485,15.311087,15.060559,15.460931,15.590721,15.21434,15.024908,15.032216,15.056516,15.515417,0.0,0.0,0.0,4.0,0.0,0.0,0.0,0.0
2902,2023.0,1.0,21.0,3.0,15.01858,15.131391,15.044553,15.312595,15.029329,15.091794,15.033256,15.164919,15.098024,15.516197,15.062217,15.475129,15.528112,15.145535,15.025369,15.052863,15.058637,15.531379,0.0,0.0,0.0,0.0,0.0,0.0,0.0,0.0
2903,2023.0,1.0,21.0,3.0,15.020964,15.156661,15.045225,15.320117,15.031118,15.113354,15.0332,15.179975,15.095023,15.456625,15.063992,15.487624,15.465311,15.0764675,15.028046,15.07725,15.060387,15.544975,0.0,0.0,0.0,0.0,0.0,0.0,0.0,0.0
2904,2023.0,1.0,21.0,4.0,15.023225,15.1797695,15.046512,15.328927,15.032878,15.133659,15.03498,15.197638,15.054504,15.407086,15.065188,15.497766,15.402252,15.007074,15.029472,15.096951,15.060946,15.555524,0.0,0.0,0.0,0.0,0.0,0.0,0.0,0.0
2905,2023.0,1.0,21.0,4.0,15.023458,15.197562,15.047796,15.337768,15.034196,15.152526,15.036292,15.213281,15.056342,15.439111,15.066045,15.50704,15.344243,14.94794,15.032379,15.121409,15.062063,15.567163,0.0,0.0,0.0,0.0,0.0,0.0,0.0,0.0
2906,2023.0,1.0,21.0,4.0,15.024727,15.216622,15.04823,15.345022,15.035425,15.170659,15.037347,15.227938,15.057694,15.4564905,15.066541,15.515162,15.288115,14.890632,15.034121,15.141428,15.00184,15.421834,0.0,0.0,0.0,0.0,0.0,0.0,0.0,4.0
2907,2023.0,1.0,21.0,4.0,15.027109,15.236734,15.049175,15.353575,15.035776,15.18586,15.038601,15.2424345,15.059114,15.472622,15.067465,15.523712,15.232998,14.834331,15.036333,15.161949,15.103331,15.657277,0.0,0.0,0.0,0.0,0.0,0.0,0.0,0.0
2908,2023.0,1.0,21.0,4.0,15.027412,15.251708,15.049779,15.361319,15.036955,15.202338,15.039893,15.256518,15.060184,15.485919,15.0685835,15.531948,15.178815,14.77897,15.037118,15.178686,15.099834,15.598414,0.0,0.0,0.0,0.0,0.0,0.0,0.0,0.0
2909,2023.0,1.0,21.0,4.0,15.029826,15.26975,15.050433,15.369296,15.037951,15.21776,15.040958,15.269794,15.060941,15.497252,15.042828,15.4687195,15.125575,14.724561,15.038311,15.195911,15.001011,15.39861,0.0,0.0,0.0,0.0,4.0,0.0,0.0,4.0
2910,2023.0,1.0,21.0,5.0,15.031067,15.284231,15.051227,15.377298,15.038111,15.230616,15.041824,15.282244,15.061727,15.507686,15.070747,15.561277,15.0732565,14.6710825,15.039279,15.211954,15.104588,15.655532,0.0,0.0,0.0,0.0,0.0,0.0,0.0,0.0
2911,2023.0,1.0,21.0,5.0,15.014403,15.266981,15.023817,15.335274,15.018341,15.207224,15.019702,15.253144,15.028705,15.457017,15.031201,15.486537,15.02389,14.622622,15.648566,16.345018,15.00743,15.407779,0.0,0.0,0.0,0.0,0.0,0.0,4.0,4.0
2912,2023.0,1.0,21.0,5.0,15.017927,15.287263,15.027861,15.353013,15.021783,15.227752,15.023394,15.273314,15.033356,15.477451,15.037424,15.50663,15.001623,14.624915,14.944696,14.951998,15.061095,15.543996,0.0,0.0,0.0,0.0,0.0,0.0,0.0,0.0
2913,2023.0,1.0,21.0,5.0,15.034138,15.333689,15.05405,15.413228,15.042426,15.281881,15.045074,15.328487,15.06584,15.550708,15.046208,15.511445,15.004542,14.66513,15.074508,15.243199,15.044204,15.467768,0.0,0.0,0.0,0.0,4.0,0.0,0.0,4.0
2914,2023.0,1.0,21.0,5.0,15.033648,15.339867,15.054275,15.412168,15.0429325,15.28765,15.045755,15.333108,15.065774,15.547436,15.073283,15.589827,15.00614,14.6918745,15.074574,15.217102,15.104479,15.634496,0.0,0.0,0.0,0.0,0.0,0.0,0.0,0.0
2915,2023.0,1.0,21.0,5.0,15.016206,15.3202915,15.024973,15.3667755,15.02019,15.257595,15.021201,15.298917,15.029657,15.489605,15.032104,15.5107565,15.005411,14.709976,15.675145,16.366188,15.009106,15.408531,0.0,0.0,0.0,0.0,0.0,0.0,4.0,4.0
2916,2023.0,1.0,21.0,6.0,15.019418,15.339538,15.029363,15.384616,15.023601,15.276758,15.02516,15.318603,15.004886,15.427204,15.038512,15.529161,15.006571,14.731785,14.942412,14.937424,15.062344,15.549912,0.0,0.0,0.0,4.0,0.0,0.0,0.0,0.0
2917,2023.0,1.0,21.0,6.0,19.535786,23.120655,15.029247,15.392585,19.52449,23.00922,19.490795,22.990831,19.40496,23.050177,15.038042,15.532815,19.045315,21.592047,20.529463,24.366177,15.053229,15.531709,0.0,0.0,0.0,0.0,0.0,0.0,4.0,0.0
2918,2023.0,1.0,21.0,6.0,20.428854,24.178709,15.029463,15.400311,20.495514,24.204594,20.448494,24.171045,16.31843,16.472126,15.038124,15.535342,19.803995,22.684992,20.202305,23.454926,15.017893,15.428859,0.0,0.0,0.0,0.0,0.0,0.0,0.0,4.0
2919,2023.0,1.0,21.0,6.0,20.929968,24.624317,15.029867,15.408,21.005516,24.651524,20.948051,24.608982,15.023094,15.081464,15.038156,15.536371,20.248734,23.085394,20.618853,23.803566,18.967493,22.297468,0.0,0.0,0.0,0.0,0.0,0.0,0.0,0.0
2920,2023.0,1.0,21.0,6.0,21.119019,24.584593,15.030223,15.415571,21.134695,24.517715,21.144575,24.600548,15.033119,15.223706,15.038295,15.537089,21.26806,24.524681,20.968739,24.090439,15.033714,15.052264,0.0,0.0,0.0,0.0,0.0,4.0,0.0,0.0
2921,2023.0,1.0,21.0,6.0,21.095888,24.28525,15.030554,15.422894,21.117533,24.222086,21.097145,24.22781,15.031632,15.298863,15.022613,15.49292,20.997438,23.729868,22.644714,26.698301,15.107076,15.382134,0.0,0.0,4.0,0.0,4.0,0.0,4.0,0.0
2922,2023.0,1.0,21.0,7.0,20.929214,23.789104,15.00882,15.367237,21.11639,24.031155,21.124058,24.117516,15.032053,15.351953,19.409006,23.0184,21.010387,23.463703,21.672626,24.684856,15.111358,15.444177,4.0,0.0,0.0,0.0,4.0,4.0,0.0,4.0
2923,2023.0,1.0,21.0,7.0,20.796759,23.437689,18.922739,22.132328,21.222485,24.084805,21.306484,24.325535,15.327004,15.977947,20.000662,23.581738,20.3918,22.23552,21.317694,23.896389,20.538029,24.71122,0.0,4.0,4.0,0.0,4.0,0.0,0.0,4.0
2924,2023.0,1.0,21.0,7.0,20.586233,22.94442,16.575459,17.038118,21.11657,23.78444,20.592754,22.893925,15.0318775,15.405141,19.248737,21.785202,20.177223,21.760023,21.078636,23.358118,19.737534,22.892805,4.0,0.0,0.0,0.0,4.0,0.0,4.0,4.0
2925,2023.0,1.0,21.0,7.0,21.164885,23.941301,19.51466,22.817532,21.109814,23.686543,20.934708,23.405283,14.997731,15.337991,18.983715,21.104586,20.738619,22.683575,21.086607,23.387201,20.039297,23.108788,4.0,0.0,4.0,4.0,0.0,4.0,0.0,4.0
2926,2023.0,1.0,21.0,7.0,21.075878,23.670124,18.551664,20.722984,21.086119,23.551865,20.858328,23.156874,19.493898,22.955828,15.936585,15.120537,20.05565,21.40187,21.111748,23.341898,19.437174,21.810194,0.0,4.0,4.0,4.0,0.0,0.0,4.0,0.0
2927,2023.0,1.0,21.0,7.0,21.088436,23.641333,15.190276,14.789963,21.10091,23.454624,21.083982,23.461212,18.775234,21.32321,15.446107,15.202127,20.857126,22.738668,21.213737,23.468029,16.213636,15.490237,0.0,4.0,4.0,0.0,4.0,4.0,0.0,0.0
2928,2023.0,1.0,21.0,8.0,20.994652,23.38965,15.30948,15.1268215,21.120438,23.403185,21.119732,23.449799,15.141846,14.838519,20.12955,23.17212,20.58317,22.19821,22.38425,25.422548,15.630371,15.533621,4.0,4.0,4.0,0.0,4.0,0.0,4.0,4.0
2929,2023.0,1.0,21.0,8.0,18.285658,18.098116,19.735605,23.044495,18.336357,18.002974,18.230091,17.849396,15.704205,15.8190155,19.608068,22.089931,18.478441,18.093206,18.50652,17.814873,19.810017,22.67553,0.0,4.0,4.0,4.0,0.0,4.0,0.0,0.0
2930,2023.0,1.0,21.0,8.0,17.00959,16.653316,17.439114,18.000078,16.884024,16.237309,16.786364,16.149767,20.205963,23.576645,16.336243,15.596412,17.63363,17.220215,17.57983,17.44154,16.382393,15.833571,4.0,4.0,4.0,4.0,0.0,4.0,4.0,0.0
2931,2023.0,1.0,21.0,8.0,16.601896,16.258596,19.57989,22.316782,15.741812,14.521754,15.654364,14.449784,19.94626,22.881296,15.079581,14.496573,17.35775,16.974915,16.42096,15.482471,15.010164,14.5211935,4.0,0.0,0.0,0.0,0.0,4.0,0.0,0.0
2932,2023.0,1.0,21.0,8.0,16.307156,15.986995,19.821983,22.456823,15.72046,15.0058775,14.991534,13.785375,16.88149,16.674755,15.013308,14.654803,16.355698,15.315361,15.6128,14.607397,15.028466,14.843614,0.0,4.0,0.0,4.0,0.0,0.0,0.0,0.0
2933,2023.0,1.0,21.0,8.0,16.06624,15.768171,16.459532,15.771294,15.694551,15.094049,15.040818,14.155644,20.442535,23.604952,15.030895,14.904994,16.575325,16.191946,15.166464,14.177777,15.02889,15.03204,0.0,4.0,0.0,4.0,0.0,4.0,0.0,0.0
2934,2023.0,1.0,21.0,9.0,15.023122,14.168142,15.189824,14.562663,15.504748,14.931686,15.062022,14.474669,20.058807,22.716858,15.011709,15.000248,15.8920555,14.905991,15.310408,14.838643,15.030449,15.166613,0.0,4.0,0.0,4.0,4.0,0.0,0.0,0.0
2935,2023.0,1.0,21.0,9.0,15.051055,14.425065,15.406326,15.246958,15.331876,14.786989,15.001824,14.522344,20.124851,22.629288,19.287085,22.138258,15.368701,14.308959,16.379385,16.969866,15.34331,15.83733,4.0,4.0,0.0,4.0,0.0,0.0,4.0,4.0
2936,2023.0,1.0,21.0,9.0,15.583287,15.301119,19.987083,23.38547,15.553513,15.121866,15.913628,15.228917,20.141666,22.531113,16.661999,16.793253,15.100258,14.046092,15.4820175,14.616079,19.284357,22.430624,0.0,0.0,0.0,0.0,0.0,0.0,0.0,0.0
2937,2023.0,1.0,21.0,9.0,15.190729,14.883366,17.229351,17.491812,15.009768,14.435133,14.994194,14.698284,17.417599,17.159103,14.980391,14.727737,15.449338,14.959714,15.041161,14.579252,15.673671,15.132577,0.0,0.0,0.0,4.0,0.0,0.0,0.0,0.0
2938,2023.0,1.0,21.0,9.0,15.029737,14.728562,15.731866,15.688951,15.037267,14.613345,15.020381,14.854384,20.353277,23.010267,15.042325,15.025086,15.52877,15.089838,15.029875,14.689608,15.121497,15.191245,4.0,0.0,0.0,0.0,0.0,0.0,0.0,0.0
2939,2023.0,1.0,21.0,9.0,15.967741,15.529345,19.999828,23.354574,15.947863,15.3456545,15.709924,15.146573,16.892038,16.227612,15.03047,15.122038,15.438216,15.005264,16.316675,15.933876,15.474568,15.982537,0.0,0.0,0.0,0.0,0.0,0.0,0.0,4.0
2940,2023.0,1.0,21.0,10.0,15.805051,16.273535,17.247747,17.499567,14.99653,14.721926,15.00702,14.941639,15.790874,15.410309,15.032138,15.206273,16.169579,16.469065,16.115746,16.733974,20.217424,24.110119,0.0,0.0,0.0,4.0,0.0,4.0,4.0,4.0
2941,2023.0,1.0,21.0,10.0,15.192603,15.066037,15.797024,15.783155,15.020668,14.873994,15.020056,15.032681,20.31275,23.336115,15.011517,15.213143,15.047757,14.299725,14.94517,14.600197,19.942831,23.138018,4.0,0.0,0.0,0.0,4.0,0.0,0.0,0.0
2942,2023.0,1.0,21.0,10.0,15.888375,16.277126,20.163504,23.64251,15.7360525,15.194018,15.683255,16.035473,16.737816,16.190159,19.548828,22.781387,15.767459,15.589974,16.122202,16.634407,16.253601,15.716003,4.0,0.0,0.0,0.0,0.0,0.0,0.0,0.0
2943,2023.0,1.0,21.0,10.0,16.141088,16.78264,20.068516,22.94054,15.696661,15.949425,15.876025,16.34727,15.384401,14.971519,16.695255,16.950289,15.895868,15.737584,15.360107,14.755129,15.018353,14.599988,4.0,0.0,0.0,0.0,0.0,4.0,0.0,0.0
2944,2023.0,1.0,21.0,10.0,15.422846,15.408599,20.14732,22.785212,15.477107,15.778306,15.640056,15.614554,15.153546,14.793969,14.978197,14.788551,15.10386,14.320193,15.842248,16.055368,15.025716,14.888164,0.0,4.0,0.0,0.0,0.0,0.0,0.0,0.0
2945,2023.0,1.0,21.0,10.0,14.996372,14.909178,16.937695,16.415255,15.624228,16.004704,15.013121,14.958283,15.00531,14.7702875,15.037621,15.053799,15.028061,14.437038,14.989133,14.7738695,15.026155,15.065446,0.0,4.0,0.0,0.0,0.0,0.0,0.0,0.0
2946,2023.0,1.0,21.0,11.0,15.015836,15.057076,15.665023,15.185167,14.9562025,14.852123,15.019774,15.07238,15.025373,14.959826,15.025731,15.132331,15.013107,14.470229,15.02183,14.942636,15.027346,15.188672,0.0,0.0,0.0,0.0,0.0,0.0,0.0,0.0
2947,2023.0,1.0,21.0,11.0,15.013643,15.13515,15.397165,14.9760275,15.01175,14.9877205,15.01951,15.147053,15.440097,15.846881,15.027468,15.205975,15.148991,14.817957,15.016232,15.009907,15.026769,15.278409,0.0,4.0,0.0,4.0,0.0,0.0,0.0,0.0
2948,2023.0,1.0,21.0,11.0,15.507915,16.117712,15.128234,14.740368,15.008174,15.028899,15.019549,15.206007,19.257095,22.232481,15.026388,15.254828,16.00409,16.431623,15.016571,15.068218,15.026192,15.34289,0.0,4.0,0.0,0.0,0.0,4.0,0.0,0.0
2949,2023.0,1.0,21.0,11.0,14.992667,15.165779,15.006499,14.738737,15.041211,15.165885,15.276972,15.714048,16.768538,16.923237,15.026156,15.291188,15.931604,15.968253,15.016752,15.11225,15.026525,15.3912735,0.0,0.0,4.0,4.0,0.0,4.0,0.0,0.0
2950,2023.0,1.0,21.0,11.0,15.041644,15.285347,15.017024,14.911934,15.0347185,15.181746,14.985408,15.201579,19.804823,22.703642,15.025835,15.317403,15.8789,15.92491,15.016802,15.146346,15.026416,15.426462,0.0,0.0,0.0,0.0,0.0,4.0,0.0,0.0
2951,2023.0,1.0,21.0,11.0,15.027815,15.2756195,15.175182,15.310606,15.034615,15.205832,15.043789,15.325785,16.658281,16.385561,15.025967,15.341788,15.150783,14.518034,15.017079,15.177584,15.026427,15.453403,4.0,0.0,0.0,0.0,0.0,0.0,0.0,0.0
2952,2023.0,1.0,21.0,12.0,15.751917,15.600297,19.92518,23.659811,15.677205,15.360621,15.454318,15.821526,14.981022,14.394488,15.025581,15.357168,15.703705,14.948904,15.781678,15.488383,15.026457,15.474049,0.0,0.0,0.0,0.0,0.0,0.0,0.0,0.0
2953,2023.0,1.0,21.0,12.0,19.963163,23.835716,17.462053,18.196999,20.166683,24.23232,19.97985,23.769888,15.05907,14.774551,15.024556,15.364615,19.051731,21.39321,20.35888,24.460949,15.026739,15.489587,4.0,0.0,0.0,0.0,0.0,0.0,0.0,0.0
2954,2023.0,1.0,21.0,12.0,20.77295,24.745825,20.136354,23.509048,20.810871,24.783543,20.849033,24.800081,15.009679,14.862745,15.024671,15.367882,20.286638,23.289286,21.1181,25.196598,15.025444,15.492727,0.0,0.0,0.0,0.0,0.0,4.0,0.0,0.0
2955,2023.0,1.0,21.0,12.0,21.15788,24.988054,16.95232,16.862562,21.16286,24.93367,21.157413,24.910442,15.016331,14.992356,15.022689,15.359834,20.757217,23.692852,21.680286,25.686295,15.024919,15.490231,0.0,0.0,0.0,0.0,0.0,4.0,0.0,0.0
2956,2023.0,1.0,21.0,12.0,21.080145,24.495523,14.978589,14.355336,21.104164,24.479141,21.10781,24.499138,15.016391,15.074609,15.022773,15.355756,20.53719,22.976805,22.155,26.112228,15.02426,15.483915,0.0,0.0,0.0,0.0,0.0,0.0,0.0,0.0
2957,2023.0,1.0,21.0,12.0,21.137194,24.357714,15.010443,14.728479,21.104254,24.247023,21.106339,24.280897,15.017984,15.133475,15.022208,15.352693,20.81723,23.239141,22.558136,26.47438,15.023327,15.476429,0.0,0.0,0.0,0.0,0.0,0.0,0.0,0.0
2958,2023.0,1.0,21.0,13.0,21.12718,24.144386,15.373931,15.571705,21.085255,24.02195,21.110107,24.130999,15.0161705,15.169856,15.022088,15.351614,21.050922,23.441607,22.87818,26.738886,15.023432,15.470812,4.0,4.0,0.0,0.0,0.0,0.0,0.0,0.0
2959,2023.0,1.0,21.0,13.0,21.728045,24.991524,20.06576,23.823893,21.745049,24.967276,21.71206,24.961359,15.016737,15.200135,15.001853,15.296753,21.544905,24.118477,21.904045,24.882126,15.023547,15.465886,4.0,0.0,0.0,0.0,4.0,0.0,0.0,0.0
2960,2023.0,1.0,21.0,13.0,21.080317,23.791752,19.780294,22.77048,21.07736,23.641848,21.084,23.766489,15.016589,15.220454,19.390766,22.769573,21.08454,23.180983,21.118124,23.357412,15.022956,15.459509,0.0,4.0,4.0,0.0,0.0,0.0,0.0,0.0
2961,2023.0,1.0,21.0,13.0,21.116026,23.83094,16.794006,16.717564,21.14535,23.714598,21.100542,23.756826,15.016418,15.235368,16.895565,17.381868,21.11941,23.182495,21.102898,23.35134,15.02306,15.455678,0.0,0.0,4.0,0.0,0.0,0.0,0.0,0.0
2962,2023.0,1.0,21.0,13.0,21.096252,23.76069,15.973943,16.154257,21.119438,23.59571,21.13113,23.749266,15.016903,15.248724,15.1677265,15.004077,21.076317,23.0388,22.362925,25.533598,15.023132,15.453388,4.0,0.0,0.0,0.0,0.0,0.0,0.0,0.0
2963,2023.0,1.0,21.0,13.0,22.10784,25.356003,20.215721,23.743364,21.120333,23.539516,21.12324,23.662188,15.016999,15.259392,15.01991,14.988519,21.900686,24.343662,21.994738,24.570559,15.022317,15.453337,4.0,0.0,0.0,0.0,0.0,0.0,0.0,0.0
2964,2023.0,1.0,21.0,14.0,21.962397,24.872032,20.072155,23.00436,22.222761,25.339735,22.303968,25.566586,15.01664,15.26649,15.016963,15.07799,21.545052,23.590227,22.096674,24.764639,15.022216,15.453819,0.0,0.0,4.0,0.0,0.0,4.0,0.0,0.0
2965,2023.0,1.0,21.0,14.0,19.312897,20.088346,17.101534,17.018393,19.538523,19.988543,18.854658,18.760191,15.01673,15.273532,15.016894,15.141816,19.646814,19.778217,18.96312,19.013002,15.0216055,15.45317,0.0,0.0,0.0,0.0,0.0,4.0,0.0,0.0
2966,2023.0,1.0,21.0,14.0,18.42813,19.09463,15.82513,15.585136,17.617779,17.46001,16.801844,16.160402,15.340738,15.873792,15.017927,15.191906,18.012669,17.364016,17.720114,17.485313,15.02248,15.4584875,4.0,0.0,0.0,4.0,0.0,0.0,0.0,0.0
2967,2023.0,1.0,21.0,14.0,17.053663,16.768675,19.788532,22.696095,16.980644,16.749966,16.532232,16.233513,19.975073,23.557777,15.018711,15.229679,17.398674,16.695356,17.205414,16.956102,15.022839,15.4659605,0.0,0.0,0.0,0.0,0.0,0.0,0.0,0.0
2968,2023.0,1.0,21.0,14.0,16.232903,15.786807,17.476618,17.74381,16.57464,16.336842,16.307594,16.086113,16.749847,16.813261,15.018529,15.256751,17.065453,16.37596,16.833752,16.589294,15.023385,15.475164,4.0,0.0,0.0,0.0,0.0,0.0,0.0,0.0
2969,2023.0,1.0,21.0,14.0,16.576935,16.767406,20.004263,22.960985,16.964533,17.350754,16.73305,17.15123,14.976873,14.6662,15.0195055,15.280679,16.804901,16.133692,16.528831,16.293312,15.023562,15.48474,0.0,4.0,4.0,0.0,0.0,0.0,0.0,0.0
2970,2023.0,1.0,21.0,15.0,16.646053,16.931183,17.269693,17.266914,16.39899,16.307617,16.174181,16.109205,15.023909,14.937163,15.01945,15.299575,17.765287,18.20421,16.269314,16.043346,15.024546,15.498797,0.0,0.0,0.0,0.0,0.0,4.0,0.0,0.0
2971,2023.0,1.0,21.0,15.0,16.518799,16.814793,16.288586,16.492342,16.2181,16.237032,15.321709,14.782862,15.015425,15.043256,15.020599,15.318955,16.991224,16.499434,16.04138,15.822194,15.024945,15.511763,4.0,4.0,0.0,0.0,0.0,0.0,0.0,0.0
2972,2023.0,1.0,21.0,15.0,16.395004,16.697363,20.108183,23.205973,16.152617,16.207937,15.246769,14.602035,15.493344,16.029871,15.02153,15.336157,16.417076,15.802604,15.840815,15.628809,15.025576,15.525665,0.0,4.0,0.0,4.0,0.0,0.0,0.0,0.0
2973,2023.0,1.0,21.0,15.0,15.579944,15.275329,17.71745,18.18757,15.366346,14.851892,15.916603,16.314476,19.709019,23.204058,15.020839,15.345486,17.01116,17.11453,15.661999,15.456321,15.025993,15.539316,0.0,0.0,4.0,0.0,0.0,4.0,0.0,0.0
2974,2023.0,1.0,21.0,15.0,15.113841,14.713416,16.485037,16.761593,15.596009,15.589627,15.252876,14.9027815,16.580437,16.584993,15.0219,15.358024,16.516497,16.052284,15.501134,15.30152,15.026013,15.551496,4.0,4.0,0.0,0.0,0.0,0.0,0.0,0.0
2975,2023.0,1.0,21.0,15.0,15.661124,15.919693,20.2267,23.537382,15.735225,15.820951,15.452244,15.66942,14.979864,14.674373,15.022633,15.371172,16.072367,15.486271,15.355562,15.161674,15.026845,15.565456,4.0,4.0,0.0,0.0,0.0,0.0,0.0,0.0
2976,2023.0,1.0,21.0,16.0,15.863527,16.21102,20.07291,22.827778,15.678841,15.775593,15.877626,16.196234,15.024436,14.951424,15.022929,15.383318,15.879048,15.2839985,15.222958,15.034515,15.027257,15.578358,0.0,4.0,0.0,0.0,0.0,0.0,0.0,0.0
2977,2023.0,1.0,21.0,16.0,15.830382,16.175968,17.511915,17.637245,15.605087,15.698943,15.909001,16.03162,15.016814,15.067526,15.02298,15.39094,16.056908,15.778782,15.097609,14.910822,15.027548,15.589326,4.0,4.0,0.0,0.0,0.0,0.0,0.0,0.0
2978,2023.0,1.0,21.0,16.0,15.772006,16.10438,20.101942,22.909477,15.529549,15.618059,15.110946,14.964472,15.019273,15.168501,15.024393,15.403026,16.101152,15.874316,16.116142,16.939123,15.276039,16.031319,0.0,4.0,0.0,0.0,0.0,0.0,4.0,4.0
2979,2023.0,1.0,21.0,16.0,15.002964,14.831352,17.629831,17.755621,15.457246,15.539085,15.009633,14.947223,15.359415,15.8677435,15.024727,15.41561,16.895462,17.446821,15.015901,14.793029,19.365181,23.067442,4.0,4.0,0.0,4.0,0.0,4.0,0.0,0.0
2980,2023.0,1.0,21.0,16.0,15.391569,15.662376,20.208935,23.073545,15.388437,15.463033,15.931008,15.614401,20.130802,24.071106,15.006255,15.375177,16.784416,16.958937,15.649536,16.130043,16.593008,17.09382,4.0,4.0,0.0,0.0,4.0,4.0,4.0,4.0
2981,2023.0,1.0,21.0,16.0,15.969852,16.512653,20.054152,22.468424,15.323133,15.390016,15.30826,15.194394,16.61646,16.609146,19.625446,23.119127,16.655474,16.794031,15.664596,15.779852,19.818296,23.410978,4.0,4.0,0.0,0.0,0.0,4.0,0.0,0.0
2982,2023.0,1.0,21.0,17.0,15.869371,16.217756,20.107006,22.378466,14.992079,14.883152,15.001107,15.010403,14.994619,14.772467,17.105175,17.809881,15.875839,15.333268,15.0731125,14.996651,17.012312,17.467672,4.0,0.0,0.0,0.0,4.0,0.0,0.0,4.0
2983,2023.0,1.0,21.0,17.0,15.622716,15.908749,20.466661,22.684809,15.093384,15.1088915,15.4527855,15.920441,16.196747,15.843361,20.041674,23.516348,15.432922,14.798158,15.845771,15.316681,20.105576,23.614523,4.0,4.0,4.0,0.0,0.0,0.0,0.0,0.0
2984,2023.0,1.0,21.0,17.0,14.982393,14.866709,19.956615,21.745855,15.076033,15.087761,14.990339,15.07324,15.609817,16.082302,17.325306,17.752745,15.23868,14.579677,15.004233,14.972528,16.641838,16.499338,4.0,4.0,0.0,4.0,0.0,0.0,0.0,0.0
2985,2023.0,1.0,21.0,17.0,15.239772,15.429278,20.118237,22.026184,15.000585,14.995318,15.009486,15.1030445,20.10667,23.736248,15.431053,15.189285,15.080259,14.404071,15.01741,15.068516,15.751671,16.001503,4.0,4.0,4.0,4.0,0.0,0.0,0.0,4.0
2986,2023.0,1.0,21.0,17.0,15.301156,15.511258,20.097446,21.945961,15.005536,15.0390415,15.039018,15.213253,20.069918,23.257067,14.994252,14.786039,15.327317,15.028014,15.016877,15.119929,19.963572,23.420082,4.0,4.0,0.0,0.0,0.0,0.0,0.0,0.0
2987,2023.0,1.0,21.0,17.0,15.239249,15.423971,20.117668,21.964169,15.248877,15.155469,15.029494,15.205018,16.651278,16.346024,15.029414,15.037121,16.17763,16.601616,16.070663,15.85827,16.449993,16.187803,0.0,4.0,0.0,0.0,0.0,4.0,0.0,0.0
2988,2023.0,1.0,21.0,18.0,15.167285,15.322746,17.850578,17.573425,14.996989,14.980671,15.004261,15.135152,14.978171,14.39642,15.026368,15.148754,16.057892,16.087875,15.830375,16.59643,14.999728,14.694534,4.0,4.0,4.0,0.0,0.0,4.0,4.0,0.0
2989,2023.0,1.0,21.0,18.0,20.02073,23.825212,20.223154,22.477749,19.886587,23.53816,19.781422,23.471764,15.721701,16.138918,15.028578,15.23848,18.91718,21.012882,20.581297,24.662815,15.030377,15.014358,4.0,4.0,4.0,4.0,0.0,0.0,4.0,0.0
2990,2023.0,1.0,21.0,18.0,19.802988,22.940191,20.077597,22.037415,20.22344,23.595207,20.109922,23.508974,19.48686,22.498642,15.02922,15.300103,19.354979,21.59459,20.207457,23.49316,15.027963,15.175482,0.0,4.0,4.0,0.0,0.0,0.0,0.0,0.0
2991,2023.0,1.0,21.0,18.0,20.126554,23.088789,17.70056,17.3714,20.662672,23.881273,20.549068,23.795277,16.238209,15.840671,15.029779,15.342182,19.647932,21.780725,20.575777,23.716816,15.0281315,15.292771,4.0,4.0,4.0,0.0,0.0,0.0,0.0,0.0
2992,2023.0,1.0,21.0,18.0,21.141682,24.550108,20.233683,22.564856,21.171635,24.446665,21.071814,24.385609,15.026613,14.67888,15.031029,15.373966,21.484076,24.78621,21.095024,24.331015,15.029037,15.3700075,4.0,4.0,4.0,0.0,0.0,4.0,0.0,0.0
2993,2023.0,1.0,21.0,18.0,20.966349,23.961878,20.061186,22.023464,21.02974,23.932007,21.329502,24.527058,15.611547,16.02633,15.031502,15.395461,20.502825,22.708374,21.380878,24.543413,15.029871,15.421938,4.0,0.0,4.0,4.0,0.0,0.0,0.0,0.0
2994,2023.0,1.0,21.0,19.0,21.564188,24.781261,20.111773,21.998297,21.291645,24.110693,21.186907,23.999512,19.413065,22.451418,15.032037,15.409676,20.508537,22.549004,22.268576,25.913336,15.030849,15.457566,4.0,4.0,4.0,0.0,0.0,0.0,0.0,0.0
2995,2023.0,1.0,21.0,19.0,21.281061,24.076813,20.10453,21.900774,21.071722,23.577564,21.094069,23.707764,16.098629,15.628738,15.012001,15.367252,20.621952,22.593874,22.511633,26.065027,15.222101,15.80342,4.0,4.0,4.0,0.0,4.0,0.0,0.0,4.0
2996,2023.0,1.0,21.0,19.0,21.70093,24.658504,20.10522,21.84257,21.221087,23.683517,21.15851,23.697393,15.053431,14.779633,19.68061,23.14701,21.464144,24.033361,22.664396,26.176931,18.904324,22.184927,4.0,4.0,4.0,0.0,4.0,0.0,0.0,0.0
2997,2023.0,1.0,21.0,19.0,21.148365,23.605387,20.145077,21.887747,21.097475,23.439709,21.390335,24.003893,15.451653,15.778785,19.725733,22.988482,21.990967,24.785875,22.427116,25.592453,15.051058,15.074755,0.0,0.0,4.0,0.0,0.0,4.0,0.0,0.0
2998,2023.0,1.0,21.0,19.0,21.118893,23.474785,17.525324,16.836899,21.132755,23.433443,21.08033,23.370365,15.379006,15.71273,17.004519,17.363146,21.478838,23.627262,21.921047,24.58157,15.120618,15.368376,0.0,0.0,4.0,4.0,4.0,4.0,4.0,0.0
2999,2023.0,1.0,21.0,19.0,21.132069,23.480103,16.955883,16.767168,21.130316,23.368948,21.121382,23.407045,20.134018,23.688845,19.336636,21.780584,21.24074,23.165007,22.356558,25.244179,15.0168915,15.27761,4.0,0.0,4.0,0.0,0.0,0.0,0.0,0.0
3000,2023.0,1.0,21.0,20.0,21.143435,23.440886,20.231077,22.73127,21.14764,23.402678,21.15085,23.424704,16.783052,16.779667,16.241634,15.663087,21.161264,22.95909,21.98016,24.229582,15.033208,15.380267,0.0,4.0,4.0,4.0,0.0,4.0,4.0,0.0
3001,2023.0,1.0,21.0,20.0,21.105835,23.329926,17.907421,17.95726,21.105095,23.340923,21.114199,23.313715,20.451956,23.782366,15.031453,14.607163,21.116657,22.860044,22.481339,25.362173,15.2537775,15.823361,0.0,0.0,4.0,4.0,0.0,0.0,0.0,4.0
3002,2023.0,1.0,21.0,20.0,21.103863,23.295198,16.412157,15.971226,21.109371,23.256552,21.113367,23.280062,20.068594,22.869577,15.0269575,14.8585005,21.08182,22.741543,22.6323,25.519558,19.248274,22.517736,0.0,4.0,4.0,0.0,0.0,4.0,0.0,0.0
3003,2023.0,1.0,21.0,20.0,21.102772,23.264803,16.406239,16.294159,21.109268,23.205643,21.11188,23.246971,16.657814,16.059484,15.030163,15.031643,21.086302,22.729351,22.031216,24.19328,15.646276,15.198374,4.0,4.0,4.0,0.0,0.0,4.0,4.0,0.0
3004,2023.0,1.0,21.0,20.0,21.266718,23.56884,20.247118,23.186344,21.158615,23.26458,21.159601,23.31539,14.980031,14.178552,15.030724,15.149314,21.203474,22.944672,21.983831,24.217123,15.124524,15.3067875,4.0,4.0,4.0,0.0,0.0,4.0,0.0,0.0
3005,2023.0,1.0,21.0,20.0,22.265368,25.169825,20.066608,22.410545,21.808422,24.328897,21.755507,24.299755,15.825215,16.163574,15.031224,15.231759,21.928957,24.128866,22.717316,25.542168,15.432062,15.984903,4.0,0.0,0.0,4.0,0.0,4.0,0.0,4.0
3006,2023.0,1.0,21.0,21.0,22.452374,25.401484,20.116438,22.250319,21.951172,24.506237,21.870262,24.44084,20.298353,23.500715,15.011253,15.23864,22.0715,24.306776,22.03777,24.109568,20.06949,23.721966,4.0,0.0,0.0,4.0,4.0,4.0,4.0,4.0
3007,2023.0,1.0,21.0,21.0,21.74255,24.21889,20.113749,22.09703,21.445091,23.615026,21.421207,23.650818,19.702623,22.280834,18.910099,21.805975,21.221315,22.769156,22.09197,24.474731,19.33966,22.22024,0.0,0.0,0.0,0.0,0.0,0.0,0.0,0.0
3008,2023.0,1.0,21.0,21.0,21.129658,23.043095,17.336239,16.662601,21.099403,22.99873,21.077093,23.01475,16.422857,15.774897,16.54647,16.93836,21.159409,22.593523,21.010319,22.527933,15.865797,15.297865,0.0,0.0,4.0,0.0,4.0,0.0,0.0,0.0
3009,2023.0,1.0,21.0,21.0,21.115423,23.044493,16.27191,15.683819,21.091934,23.035574,21.0762,23.068079,14.982251,14.216669,19.935326,23.090536,21.643126,23.475027,21.128338,22.846582,15.054908,14.823962,0.0,0.0,4.0,0.0,0.0,0.0,0.0,0.0
3010,2023.0,1.0,21.0,21.0,21.11817,23.062452,16.483912,16.346022,21.092798,23.067049,21.13511,23.168919,15.070493,14.680689,17.047888,17.257704,21.912779,23.939457,22.17284,24.727554,15.02452,14.998158,4.0,0.0,0.0,0.0,0.0,0.0,4.0,0.0
3011,2023.0,1.0,21.0,21.0,22.006123,24.500984,20.2208,23.069984,21.162785,23.222527,21.15904,23.18578,15.014364,14.7996855,15.520793,15.453989,21.464964,23.013994,22.423416,24.94982,15.02973,15.160587,0.0,0.0,0.0,0.0,4.0,4.0,0.0,0.0
3012,2023.0,1.0,21.0,22.0,20.991228,22.763315,17.730751,17.84241,21.160057,23.22143,21.155134,23.13195,15.849552,15.196285,20.356926,23.714575,21.029058,22.235172,21.016932,22.439688,15.393399,15.941006,0.0,0.0,4.0,0.0,4.0,4.0,4.0,4.0
3013,2023.0,1.0,21.0,22.0,21.08971,23.018574,16.580744,16.523594,21.091818,23.085703,21.106087,23.014626,15.423377,15.846537,19.989676,22.80104,21.088228,22.398533,21.144072,22.816837,20.148314,23.871763,4.0,0.0,4.0,0.0,4.0,4.0,0.0,4.0
3014,2023.0,1.0,21.0,22.0,22.146992,24.82802,20.427732,23.51032,21.56188,24.02341,21.404142,23.610863,15.39633,15.866296,20.14783,22.783709,21.921883,23.867083,22.28619,24.68216,20.260174,23.749071,4.0,0.0,0.0,0.0,4.0,4.0,4.0,4.0
3015,2023.0,1.0,21.0,22.0,21.388184,23.50795,19.91277,22.145782,21.590965,24.06398,21.364426,23.500214,15.082702,15.274167,20.109787,22.488403,21.800016,23.576382,21.954445,24.013002,19.81816,22.63649,0.0,0.0,0.0,4.0,4.0,4.0,4.0,0.0
3016,2023.0,1.0,21.0,22.0,21.140863,23.019615,16.939674,16.220886,21.089373,23.044353,21.098423,22.92312,19.372131,22.507034,19.9422,22.039686,21.96975,23.823238,22.235704,24.543304,16.313858,15.689533,0.0,0.0,4.0,0.0,0.0,4.0,0.0,0.0
3017,2023.0,1.0,21.0,22.0,21.053398,22.90067,16.373642,16.17004,21.09029,23.044285,21.128136,22.991573,16.998251,17.53707,17.59172,17.50579,20.976656,22.013588,22.021145,24.109272,14.998918,14.432315,4.0,0.0,0.0,4.0,0.0,4.0,4.0,0.0
3018,2023.0,1.0,21.0,23.0,21.81826,24.156527,20.223497,23.064981,21.16183,23.183462,21.161053,23.044605,19.682524,22.579292,16.450888,16.291124,21.677967,23.322186,22.484097,24.917772,15.654664,16.029062,0.0,0.0,0.0,0.0,4.0,0.0,0.0,4.0
3019,2023.0,1.0,21.0,23.0,19.311787,19.201736,17.819733,18.010544,18.936117,18.903444,18.97372,18.902517,16.303263,15.797202,16.094769,15.950865,19.574562,19.210648,19.216427,18.52062,14.932573,14.727421,0.0,0.0,0.0,0.0,4.0,4.0,0.0,0.0
3020,2023.0,1.0,21.0,23.0,17.250677,16.298573,16.196615,15.774027,17.556328,17.085764,17.604742,17.146635,15.028235,14.607596,15.477446,15.098466,17.904573,16.843788,17.382353,16.383944,15.032061,15.042442,0.0,0.0,0.0,0.0,0.0,0.0,0.0,4.0
3021,2023.0,1.0,21.0,23.0,16.45938,15.407165,15.711988,15.190142,17.001276,16.460735,17.034893,16.516542,15.360743,15.498469,15.313004,15.183127,17.213324,16.091185,17.260096,16.80341,15.053555,15.2089205,0.0,0.0,0.0,4.0,4.0,0.0,0.0,0.0
3022,2023.0,1.0,21.0,23.0,16.018736,14.972638,15.435094,14.904217,16.643333,16.101004,16.650831,16.130983,14.940902,14.821282,15.133744,14.998044,16.813452,15.710141,17.026453,16.626038,15.049092,15.269483,0.0,0.0,0.0,0.0,4.0,0.0,0.0,0.0
3023,2023.0,1.0,21.0,23.0,16.266224,15.8342495,15.225077,14.7076235,16.365818,15.844617,16.352364,15.854207,15.032774,15.063034,15.0446205,14.990704,17.90025,18.140308,16.717941,16.349606,15.048876,15.319814,0.0,0.0,0.0,4.0,0.0,4.0,0.0,0.0
3024,2023.0,1.0,22.0,0.0,16.285885,15.977324,15.034712,14.520697,16.11581,15.601782,16.083801,15.592361,15.02371,15.11603,15.054848,15.089337,16.961557,16.07419,16.41094,16.036528,15.029067,15.359787,0.0,0.0,0.0,4.0,0.0,0.0,0.0,0.0
3025,2023.0,1.0,22.0,0.0,16.097301,15.78999,15.01316,14.624828,15.878415,15.353226,15.830879,15.326681,15.05921,15.249446,15.028322,15.1467705,16.19247,15.141367,16.122734,15.734488,15.034267,15.425182,0.0,0.0,0.0,0.0,0.0,0.0,0.0,0.0
3026,2023.0,1.0,22.0,0.0,15.901896,15.5837965,15.017904,14.741189,15.659461,15.119934,15.600183,15.080382,15.093676,15.350183,15.0268955,15.219231,15.874075,14.806805,15.866852,15.467449,15.060941,15.524817,0.0,0.0,0.0,0.0,4.0,0.0,0.0,0.0
3027,2023.0,1.0,22.0,0.0,15.733289,15.416584,15.014023,14.799612,15.48668,14.960462,15.419654,14.912629,15.019132,15.267446,15.035857,15.297625,16.240698,15.779683,15.653204,15.260345,15.03021,15.49217,0.0,0.0,0.0,0.0,0.0,0.0,0.0,0.0
3028,2023.0,1.0,22.0,0.0,15.556992,15.222232,15.027989,14.892968,15.302564,14.760864,15.228706,14.704916,15.056414,15.39818,15.063664,15.403075,16.245611,15.77652,15.442183,15.036467,15.068621,15.6012125,0.0,0.0,0.0,0.0,0.0,0.0,0.0,0.0
3029,2023.0,1.0,22.0,0.0,15.407791,15.069238,15.031502,14.943216,15.144682,14.600915,15.066066,14.539289,15.059211,15.426425,15.066502,15.4303875,16.121906,15.646836,15.257195,14.847725,15.070765,15.615986,0.0,0.0,0.0,0.0,0.0,0.0,0.0,0.0
3030,2023.0,1.0,22.0,1.0,15.268943,14.925592,15.034814,14.988482,14.998089,14.451593,15.005112,14.558631,15.062107,15.45906,15.068787,15.459111,16.002157,15.521099,15.087215,14.673664,15.010488,15.479693,0.0,0.0,0.0,0.0,0.0,0.0,0.0,4.0
3031,2023.0,1.0,22.0,1.0,15.159104,14.831105,15.037384,15.026376,15.008429,14.598058,15.012337,14.672427,15.065976,15.490494,15.071956,15.485803,15.892244,15.40915,15.004643,14.656803,15.119367,15.729037,0.0,0.0,0.0,0.0,0.0,0.0,0.0,0.0
3032,2023.0,1.0,22.0,1.0,15.051429,14.727391,15.039742,15.059781,15.013793,14.681105,15.016919,14.7506075,15.068331,15.513443,15.073422,15.5051565,15.789309,15.304025,15.013113,14.775483,15.0578375,15.519357,0.0,0.0,0.0,0.0,0.0,0.0,0.0,4.0
3033,2023.0,1.0,22.0,1.0,15.004337,14.735737,15.042146,15.089997,15.01797,14.752342,15.022041,14.818885,15.069517,15.531852,15.074927,15.52265,15.691949,15.204381,15.018151,14.844893,15.118996,15.696726,0.0,0.0,0.0,0.0,0.0,0.0,0.0,0.0
3034,2023.0,1.0,22.0,1.0,15.009356,14.82199,15.043711,15.115903,15.02245,14.813944,15.024888,14.873238,15.071717,15.550369,15.076219,15.537816,15.5994425,15.109449,15.021768,14.903205,15.11782,15.662233,0.0,0.0,0.0,0.0,0.0,0.0,0.0,0.0
3035,2023.0,1.0,22.0,1.0,15.013071,14.883641,15.046036,15.141407,15.02562,14.865427,15.028099,14.922089,15.072324,15.563866,15.051437,15.48223,15.511149,15.018684,15.026445,14.954385,15.0114975,15.462376,0.0,0.0,0.0,0.0,4.0,0.0,0.0,4.0
3036,2023.0,1.0,22.0,2.0,15.016534,14.937329,15.047368,15.162957,15.028223,14.910389,15.030816,14.964469,15.0247965,15.451429,15.079902,15.580592,15.426552,14.931577,15.0298605,14.996193,15.122832,15.739241,0.0,0.0,0.0,4.0,0.0,0.0,0.0,0.0
3037,2023.0,1.0,22.0,2.0,15.019178,14.983105,15.04893,15.184078,15.031265,14.9521885,15.033716,15.003548,15.076447,15.620544,15.053242,15.508616,15.347928,14.853046,15.031828,15.030994,15.1204605,15.688123,0.0,0.0,0.0,0.0,4.0,0.0,0.0,0.0
3038,2023.0,1.0,22.0,2.0,15.022498,15.0258,15.050439,15.204068,15.032787,14.987546,15.03567,15.037756,15.075817,15.609759,15.081466,15.605461,15.273176,14.778331,15.033729,15.062598,15.073421,15.641685,0.0,0.0,0.0,0.0,0.0,0.0,0.0,0.0
3039,2023.0,1.0,22.0,2.0,15.023838,15.060977,15.048839,15.216734,15.035421,15.022794,15.037742,15.070036,15.076745,15.620738,15.081448,15.601471,15.201466,14.706616,15.036836,15.093788,15.076384,15.687221,0.0,0.0,0.0,0.0,0.0,0.0,0.0,0.0
3040,2023.0,1.0,22.0,2.0,15.02559,15.094702,15.049777,15.233936,15.037135,15.053719,15.039326,15.099379,15.027127,15.498986,15.08243,15.610117,15.132451,14.637568,15.038648,15.119751,15.078522,15.712119,0.0,0.0,0.0,4.0,0.0,0.0,0.0,0.0
3041,2023.0,1.0,22.0,2.0,15.029139,15.12866,15.051242,15.250589,15.038891,15.083167,15.041533,15.12839,15.131567,15.711552,15.08298,15.616187,15.065871,14.570929,15.040274,15.144104,15.0794525,15.731324,0.0,0.0,0.0,0.0,0.0,0.0,0.0,0.0
3042,2023.0,1.0,22.0,3.0,15.031015,15.157732,15.052465,15.26595,15.040942,15.111527,15.043061,15.15446,15.127654,15.640165,15.08336,15.622059,15.001502,14.50648,15.04234,15.169852,15.081259,15.748911,0.0,0.0,0.0,0.0,0.0,0.0,0.0,0.0
3043,2023.0,1.0,22.0,3.0,15.03122,15.182942,15.053211,15.280353,15.042167,15.137314,15.044095,15.178873,15.0741,15.573155,15.057326,15.558227,15.003839,14.569158,15.045183,15.195737,15.081763,15.761544,0.0,0.0,0.0,0.0,4.0,0.0,0.0,0.0
3044,2023.0,1.0,22.0,3.0,15.015654,15.177441,15.02372,15.240356,15.22433,15.472825,15.019762,15.15509,15.034841,15.536894,15.0429125,15.568267,15.005888,14.601775,15.020578,15.169834,15.034795,15.688465,0.0,4.0,0.0,0.0,0.0,0.0,0.0,0.0
3045,2023.0,1.0,22.0,3.0,15.019331,15.208156,15.029773,15.267546,14.985106,15.064448,15.024709,15.186479,15.040928,15.5719185,15.04324,15.577919,15.00697,14.633228,15.025739,15.200445,15.043579,15.718981,0.0,0.0,0.0,0.0,0.0,0.0,0.0,0.0
3046,2023.0,1.0,22.0,3.0,15.035645,15.26395,15.05567,15.334602,15.045895,15.218956,15.0463705,15.251764,15.078371,15.665836,15.058897,15.598567,15.0096655,14.668279,15.048945,15.268008,15.084286,15.811653,0.0,0.0,0.0,0.0,4.0,0.0,0.0,0.0
3047,2023.0,1.0,22.0,3.0,15.035989,15.27851,15.055906,15.338292,15.045405,15.226775,15.046512,15.262168,15.078208,15.66473,15.084946,15.671883,15.011832,14.692872,15.049256,15.277577,15.083282,15.802984,0.0,0.0,0.0,0.0,0.0,0.0,0.0,0.0
3048,2023.0,1.0,22.0,4.0,15.036278,15.298161,15.056666,15.351683,15.045382,15.246186,15.04804,15.282204,15.079749,15.677313,15.08429,15.663044,15.012848,14.714273,15.049604,15.29432,15.083934,15.810587,0.0,0.0,0.0,0.0,0.0,0.0,0.0,0.0
3049,2023.0,1.0,22.0,4.0,15.038869,15.319918,15.057586,15.363884,15.047222,15.266207,15.049551,15.300194,15.080225,15.684416,15.0847435,15.665217,15.014637,14.735133,15.050668,15.310865,15.084769,15.816142,0.0,0.0,0.0,0.0,0.0,0.0,0.0,0.0
3050,2023.0,1.0,22.0,4.0,15.040595,15.338687,15.058683,15.376192,15.048375,15.283544,15.050873,15.317231,15.081299,15.692211,15.085239,15.66632,15.015706,14.752765,15.051585,15.326408,15.085363,15.821053,0.0,0.0,0.0,0.0,0.0,0.0,0.0,0.0
3051,2023.0,1.0,22.0,4.0,15.04205,15.356525,15.060063,15.388561,15.04964,15.3005705,15.052063,15.333362,15.081529,15.697494,15.059442,15.598055,15.017111,14.770166,15.053893,15.344155,15.085534,15.825038,0.0,0.0,0.0,0.0,4.0,0.0,0.0,0.0
3052,2023.0,1.0,22.0,4.0,15.042655,15.372657,15.0607,15.398949,15.068593,15.312988,15.0533695,15.349146,15.082371,15.703853,15.087137,15.685807,15.018512,14.786528,15.053878,15.356528,15.085982,15.829594,0.0,4.0,0.0,0.0,0.0,0.0,0.0,0.0
3053,2023.0,1.0,22.0,4.0,15.043271,15.388489,15.061721,15.41006,15.10664,15.3866005,15.05464,15.364283,15.083317,15.71001,15.086468,15.674915,15.019673,14.801683,15.0559435,15.373114,15.08667,15.834528,0.0,0.0,0.0,0.0,0.0,0.0,0.0,0.0
3054,2023.0,1.0,22.0,5.0,15.044838,15.405452,15.063,15.4213505,15.10463,15.344524,15.056032,15.379294,15.082779,15.713094,15.060832,15.608136,15.020812,14.816429,15.0576315,15.388049,15.087286,15.839303,0.0,0.0,0.0,0.0,4.0,0.0,0.0,0.0
3055,2023.0,1.0,22.0,5.0,15.045932,15.421132,15.063501,15.43126,15.049311,15.280226,15.056615,15.392668,15.0827675,15.718217,15.087917,15.694976,15.021951,14.831279,15.056928,15.398798,15.087071,15.842996,0.0,0.0,0.0,0.0,0.0,0.0,0.0,0.0
3056,2023.0,1.0,22.0,5.0,15.047167,15.436984,15.064031,15.441625,15.052138,15.329781,15.057024,15.405923,15.083438,15.724709,15.087204,15.68507,15.021949,14.843809,15.059059,15.415946,15.087265,15.847958,0.0,0.0,0.0,0.0,0.0,0.0,0.0,0.0
3057,2023.0,1.0,22.0,5.0,15.047083,15.449985,15.064402,15.451806,15.053908,15.356551,15.057934,15.420074,15.084218,15.7312355,15.086879,15.687277,15.023,14.858568,15.05836,15.426608,15.087344,15.852726,0.0,0.0,0.0,0.0,0.0,0.0,0.0,0.0
3058,2023.0,1.0,22.0,5.0,15.048542,15.466134,15.064723,15.461947,15.055167,15.380249,15.058624,15.433565,15.084081,15.736016,15.08684,15.689265,15.023375,14.871427,15.059765,15.442147,15.08741,15.857494,0.0,0.0,0.0,0.0,0.0,0.0,0.0,0.0
3059,2023.0,1.0,22.0,5.0,15.049131,15.479803,15.065066,15.472104,15.056321,15.400725,15.059176,15.44656,15.083835,15.740766,15.086835,15.691723,15.024447,14.885572,15.0601015,15.4546995,15.088258,15.863827,0.0,0.0,0.0,0.0,0.0,0.0,0.0,0.0
3060,2023.0,1.0,22.0,6.0,15.049719,15.493515,15.065542,15.482389,15.057523,15.419322,15.060276,15.460487,15.083571,15.745477,15.086849,15.694556,15.024842,14.897835,15.061372,15.469124,15.087653,15.866991,0.0,0.0,0.0,0.0,0.0,0.0,0.0,0.0
3061,2023.0,1.0,22.0,6.0,19.38451,22.950006,15.030645,15.429586,19.384956,22.844141,19.357008,22.830353,15.038405,15.67015,15.039561,15.614122,19.77568,22.924507,20.853268,25.441465,15.039919,15.786592,0.0,0.0,0.0,0.0,0.0,4.0,4.0,0.0
3062,2023.0,1.0,22.0,6.0,20.247766,23.994244,15.035501,15.451615,20.32433,24.023563,20.287142,23.998354,15.043351,15.684658,15.045408,15.631557,19.76274,22.675055,19.865715,23.095364,15.009535,15.703188,0.0,0.0,0.0,0.0,0.0,0.0,0.0,4.0
3063,2023.0,1.0,22.0,6.0,20.616655,24.232738,15.035126,15.461731,20.702007,24.264397,20.657515,24.232769,15.042504,15.682489,15.044568,15.632626,19.151907,21.194784,20.13927,23.21366,19.297264,23.182657,0.0,0.0,0.0,0.0,0.0,0.0,0.0,0.0
3064,2023.0,1.0,22.0,6.0,20.950506,24.474998,15.035501,15.472447,21.04678,24.513884,21.167898,24.769703,15.04245,15.679521,15.028755,15.588907,20.031496,22.461458,20.440977,23.427011,14.9495735,15.112407,0.0,0.0,4.0,0.0,4.0,4.0,0.0,0.0
3065,2023.0,1.0,22.0,6.0,21.134245,24.54195,15.013696,15.419505,21.12837,24.388788,21.125301,24.429527,15.0422735,15.675448,18.816141,22.117748,20.287691,22.670673,21.521162,25.136326,15.15425,15.606693,4.0,0.0,0.0,0.0,0.0,4.0,0.0,0.0
3066,2023.0,1.0,22.0,7.0,21.123684,24.315662,18.797113,21.928402,21.12377,24.17866,21.126623,24.235146,15.042341,15.671414,16.235172,16.580462,19.755728,21.539087,21.647818,25.084557,15.027154,15.479187,0.0,0.0,0.0,0.0,4.0,0.0,0.0,0.0
3067,2023.0,1.0,22.0,7.0,21.120174,24.160711,16.469341,16.888182,21.12154,24.026295,21.101564,24.021994,15.04197,15.665644,19.641088,22.824102,20.507553,22.710783,22.597668,26.488123,15.038628,15.5322075,4.0,0.0,4.0,0.0,4.0,4.0,4.0,4.0
3068,2023.0,1.0,22.0,7.0,21.195786,24.182573,19.659575,23.145859,21.201254,24.055372,20.894655,23.52787,15.457184,16.463713,19.992882,23.327675,19.914068,21.564661,20.917494,23.282927,18.3255,21.154839,4.0,4.0,4.0,4.0,4.0,0.0,0.0,0.0
3069,2023.0,1.0,22.0,7.0,21.098152,23.90384,18.716164,21.0672,21.079903,23.775816,20.595285,22.911034,19.27905,22.811337,18.97095,21.182085,20.276121,22.112446,21.149769,23.63514,14.906068,14.962043,4.0,0.0,4.0,4.0,4.0,4.0,4.0,0.0
3070,2023.0,1.0,22.0,7.0,20.36316,22.529778,18.531347,20.485495,21.108824,23.727556,19.816284,21.543436,18.460165,21.028313,18.756002,20.632082,20.099558,21.717535,20.387358,22.308847,15.081358,15.402595,4.0,4.0,0.0,4.0,4.0,4.0,0.0,4.0
3071,2023.0,1.0,22.0,7.0,19.549795,21.147713,18.07866,19.59546,20.165741,22.006124,19.98467,21.849857,17.847536,19.726492,18.272205,19.726328,19.254112,20.221653,20.864368,23.143173,17.374577,19.396463,0.0,4.0,4.0,0.0,0.0,0.0,4.0,0.0
3072,2023.0,1.0,22.0,8.0,20.157953,22.157448,15.498648,14.618708,20.257948,22.097685,20.105028,21.979578,15.649176,15.355289,15.915321,15.190751,19.964579,21.424772,20.969019,23.227604,14.899784,14.940749,0.0,4.0,4.0,4.0,4.0,4.0,4.0,0.0
3073,2023.0,1.0,22.0,8.0,17.777079,17.5324,15.355686,15.082066,17.84282,17.444685,17.621613,17.182777,18.802658,21.26963,18.801207,20.703598,18.015532,17.607513,17.664064,16.867714,15.108362,15.470032,4.0,4.0,4.0,0.0,0.0,4.0,0.0,0.0
3074,2023.0,1.0,22.0,8.0,16.514969,16.092234,20.068436,23.58772,16.408924,15.69083,15.566026,14.298175,15.702742,15.0696945,16.025024,15.248043,17.12355,16.668392,15.920125,14.839939,15.158179,15.640317,4.0,4.0,0.0,0.0,0.0,4.0,0.0,4.0
3075,2023.0,1.0,22.0,8.0,15.3849945,14.348865,19.47885,22.073896,15.250406,13.949773,15.41558,14.641125,15.0975895,15.0542,15.070009,14.699439,16.85661,16.428476,15.266826,14.183041,18.944191,22.0645,0.0,0.0,4.0,4.0,0.0,4.0,0.0,0.0
3076,2023.0,1.0,22.0,8.0,15.435816,14.953605,16.07095,15.29961,15.226827,14.445831,15.331955,14.662604,19.129133,21.970829,15.02649,14.875325,15.849013,14.748421,15.009843,14.136257,15.939436,15.922659,0.0,4.0,4.0,0.0,0.0,0.0,0.0,4.0
3077,2023.0,1.0,22.0,8.0,14.985325,14.306571,15.039085,14.4656105,15.003795,14.220211,15.012244,14.352856,15.139183,14.951933,15.037041,15.065664,16.124569,15.733175,15.141207,14.659049,19.259975,22.322174,0.0,0.0,0.0,0.0,0.0,4.0,0.0,0.0
3078,2023.0,1.0,22.0,9.0,15.167812,14.790713,15.024518,14.726724,15.043566,14.492251,15.0449705,14.594469,15.116953,15.2008095,15.036592,15.185762,15.392085,14.32084,14.996193,14.614962,15.074668,14.928861,0.0,0.0,0.0,0.0,0.0,0.0,0.0,0.0
3079,2023.0,1.0,22.0,9.0,15.018532,14.699077,15.028825,14.90792,15.0077715,14.532425,15.043326,14.719331,15.0243025,15.191838,15.017326,15.225081,15.749074,15.42279,15.0229225,14.8360405,15.147142,15.327956,4.0,4.0,0.0,0.0,4.0,4.0,0.0,0.0
3080,2023.0,1.0,22.0,9.0,15.034328,14.845483,19.411156,22.62979,15.044074,14.749944,15.011379,14.808968,15.039931,15.336975,19.10778,22.004532,15.844815,15.514159,15.013916,14.937202,15.023181,15.274217,0.0,0.0,0.0,0.0,0.0,4.0,0.0,0.0
3081,2023.0,1.0,22.0,9.0,15.038851,14.940749,16.90163,17.18471,15.043759,14.834928,15.021612,14.94285,15.037734,15.4149065,16.445816,16.59642,15.764497,15.446846,15.02286,15.044722,15.04203,15.432645,0.0,0.0,0.0,0.0,0.0,4.0,0.0,0.0
3082,2023.0,1.0,22.0,9.0,15.014441,15.011688,14.981638,14.672382,15.018264,14.905917,15.023021,15.034293,15.03918,15.481443,15.01581,14.959516,14.938977,14.109199,15.02405,15.115515,15.039699,15.52407,0.0,0.0,0.0,0.0,0.0,0.0,0.0,0.0
3083,2023.0,1.0,22.0,9.0,15.019563,15.111779,15.035352,14.971781,15.022918,15.007515,15.024269,15.108763,15.039683,15.52856,15.0428095,15.168061,15.442842,15.204106,15.02522,15.170908,15.0403805,15.590531,0.0,0.0,0.0,0.0,0.0,4.0,0.0,0.0
3084,2023.0,1.0,22.0,10.0,15.03471,15.219406,15.045512,15.133916,15.040534,15.122146,15.046086,15.216066,15.076153,15.637158,15.057942,15.312349,15.513537,15.230454,15.044525,15.255644,15.076378,15.712365,0.0,0.0,0.0,0.0,0.0,4.0,0.0,0.0
3085,2023.0,1.0,22.0,10.0,15.018069,15.237773,15.026607,15.180674,15.021553,15.136307,15.022751,15.212753,15.033952,15.573884,15.012543,15.268226,14.952382,14.323821,15.543781,16.20035,15.035301,15.658459,0.0,0.0,0.0,0.0,4.0,0.0,4.0,0.0
3086,2023.0,1.0,22.0,10.0,15.021322,15.293838,15.030692,15.260977,15.024927,15.19322,15.026857,15.263852,15.0405855,15.60853,19.082376,21.997293,15.03456,14.552196,15.1602955,15.266625,15.041915,15.698845,0.0,0.0,0.0,0.0,0.0,0.0,4.0,0.0
3087,2023.0,1.0,22.0,10.0,15.272636,15.783477,15.008123,15.247158,15.129916,15.401626,15.084088,15.37241,15.039793,15.62334,16.425041,16.597284,15.024694,14.581262,15.054794,15.258675,15.0411,15.717596,4.0,4.0,4.0,0.0,0.0,0.0,0.0,0.0
3088,2023.0,1.0,22.0,10.0,15.352363,15.887684,19.888008,23.793938,15.48765,15.830784,15.479037,15.876809,15.040032,15.635851,15.01955,14.993162,15.345427,15.005239,15.460965,15.758871,15.0411825,15.732801,4.0,0.0,0.0,0.0,0.0,0.0,0.0,0.0
3089,2023.0,1.0,22.0,10.0,15.248101,15.767815,19.208246,22.03693,14.940295,14.945748,14.941551,15.00078,15.039396,15.642821,15.037799,15.171664,15.232311,14.830554,14.955698,14.969487,15.041101,15.743885,0.0,0.0,0.0,0.0,0.0,0.0,0.0,0.0
3090,2023.0,1.0,22.0,11.0,15.047968,15.373445,15.7751045,15.141709,15.065457,15.232072,15.066532,15.283544,15.039492,15.648523,15.033876,15.256293,14.998165,14.599043,15.059202,15.219083,15.041272,15.753028,0.0,0.0,0.0,0.0,0.0,0.0,0.0,0.0
3091,2023.0,1.0,22.0,11.0,15.007516,15.276725,15.069575,14.86782,15.194298,15.517457,15.021954,15.271197,15.0388155,15.652766,15.035039,15.330136,15.009239,14.686614,15.022057,15.224366,15.040619,15.759102,0.0,4.0,0.0,0.0,0.0,0.0,0.0,0.0
3092,2023.0,1.0,22.0,11.0,15.088362,15.497977,15.0321865,15.005542,15.088103,15.316155,15.049789,15.387253,15.077467,15.733154,15.063462,15.440283,15.008808,14.739999,15.046611,15.331966,15.080077,15.842037,0.0,0.0,0.0,0.0,0.0,0.0,0.0,0.0
3093,2023.0,1.0,22.0,11.0,15.081843,15.469022,15.040819,15.162791,15.093892,15.375254,15.050346,15.419589,15.075304,15.719845,15.064044,15.465874,15.010956,14.778766,15.048732,15.36623,15.079194,15.83142,0.0,0.0,0.0,0.0,0.0,0.0,0.0,0.0
3094,2023.0,1.0,22.0,11.0,15.016176,15.403119,15.025214,15.223592,15.017037,15.289725,15.025058,15.404171,15.033205,15.6486435,15.030521,15.429914,15.725864,16.158033,15.023713,15.348822,15.034746,15.755581,0.0,0.0,0.0,0.0,0.0,4.0,0.0,0.0
3095,2023.0,1.0,22.0,11.0,15.225675,15.816023,15.028446,15.307798,15.028058,15.359928,15.029051,15.441157,15.038228,15.664694,15.035038,15.461893,15.4496975,15.339688,15.027643,15.383282,15.0401535,15.772456,0.0,0.0,0.0,0.0,0.0,4.0,0.0,0.0
3096,2023.0,1.0,22.0,12.0,14.968321,15.29828,15.028936,15.368492,15.090537,15.48305,15.0285225,15.464421,15.036853,15.666824,15.033942,15.477467,14.967262,14.616699,15.026894,15.403451,15.038218,15.773784,0.0,4.0,0.0,0.0,0.0,0.0,0.0,0.0
3097,2023.0,1.0,22.0,12.0,19.335976,22.837078,15.007072,15.349392,18.544582,21.386604,19.239511,22.681326,15.037574,15.671033,15.0343,15.491188,18.280432,20.248413,19.646479,23.387197,15.039477,15.778781,4.0,0.0,0.0,0.0,0.0,0.0,0.0,0.0
3098,2023.0,1.0,22.0,12.0,19.411497,22.561087,19.122269,22.470306,19.33198,22.387009,20.202524,23.951548,15.03653,15.666705,15.034346,15.498779,18.910398,21.179068,20.506233,24.411821,15.038369,15.7734995,0.0,0.0,0.0,0.0,0.0,0.0,0.0,0.0
3099,2023.0,1.0,22.0,12.0,19.729996,22.738708,16.477999,16.813488,20.52787,24.105843,20.621372,24.23465,15.035816,15.659046,15.032705,15.495409,19.977123,22.752186,20.984478,24.761442,15.037859,15.76486,0.0,0.0,0.0,0.0,0.0,0.0,0.0,0.0
3100,2023.0,1.0,22.0,12.0,20.257145,23.401394,15.005409,15.026017,21.172836,24.902935,21.155863,24.83763,15.035103,15.650742,15.032439,15.493802,20.574377,23.50639,21.641973,25.558683,15.036243,15.752079,0.0,0.0,4.0,0.0,0.0,0.0,0.0,0.0
3101,2023.0,1.0,22.0,12.0,21.208399,24.846128,15.015606,15.183065,21.110481,24.473114,21.096378,24.44537,15.035167,15.6437235,15.032754,15.493898,21.461155,24.735594,21.886522,25.633896,15.036873,15.742085,4.0,0.0,4.0,0.0,0.0,4.0,0.0,0.0
3102,2023.0,1.0,22.0,13.0,20.55508,23.447577,19.7287,23.462248,21.119804,24.28209,20.632854,23.439936,15.034562,15.634769,15.012638,15.436115,20.312038,22.408361,21.00612,23.823256,15.0361595,15.72991,4.0,0.0,0.0,0.0,4.0,0.0,0.0,0.0
3103,2023.0,1.0,22.0,13.0,21.015299,24.094887,19.058643,21.831596,21.140566,24.170559,20.559278,23.203188,15.034264,15.626333,18.840687,22.046967,20.224953,22.135925,21.162533,24.02942,15.035848,15.7201,0.0,0.0,0.0,0.0,0.0,0.0,0.0,0.0
3104,2023.0,1.0,22.0,13.0,21.110462,24.082748,16.208162,16.084488,21.113998,24.001158,21.101206,23.985258,15.033613,15.616856,16.299395,16.592525,21.023151,23.364687,21.555101,24.454039,15.035709,15.711982,4.0,0.0,4.0,0.0,0.0,4.0,0.0,0.0
3105,2023.0,1.0,22.0,13.0,21.140678,24.033648,19.72215,22.865307,21.087406,23.840511,21.137085,23.938702,15.033459,15.609008,15.025962,15.072084,20.907965,23.044207,22.687393,26.388935,15.035206,15.703445,4.0,4.0,0.0,0.0,4.0,0.0,0.0,0.0
3106,2023.0,1.0,22.0,13.0,21.137058,23.935343,19.70723,22.52161,21.156328,23.912882,21.147095,23.859188,15.032945,15.60098,19.624872,22.846018,20.907043,22.954176,22.212288,25.67733,15.034775,15.695557,0.0,4.0,0.0,0.0,0.0,0.0,0.0,0.0
3107,2023.0,1.0,22.0,13.0,21.140514,23.856518,16.50559,16.146416,21.144852,23.787691,21.110693,23.762976,15.032569,15.593629,16.837317,17.17144,20.996037,22.982433,22.698177,26.163872,15.03444,15.6887865,0.0,0.0,0.0,0.0,0.0,0.0,0.0,0.0
3108,2023.0,1.0,22.0,14.0,21.075554,23.70422,15.756903,15.80618,21.132154,23.670696,21.107925,23.73219,15.03213,15.587968,14.977481,14.740026,21.079742,23.110092,20.816753,22.701418,15.033938,15.682756,4.0,0.0,0.0,0.0,0.0,0.0,0.0,0.0
3109,2023.0,1.0,22.0,14.0,17.92543,17.634676,20.022455,23.428116,18.01169,17.622252,18.42633,18.560854,15.032038,15.5849285,15.038686,15.02866,19.475048,19.95995,18.564575,18.511,15.033625,15.678591,0.0,0.0,0.0,0.0,0.0,4.0,0.0,0.0
3110,2023.0,1.0,22.0,14.0,16.939348,16.875147,17.344713,17.754648,17.39571,17.60768,16.828712,16.541899,15.032439,15.586839,15.022508,15.12089,17.551981,16.801537,17.263988,16.945152,15.03447,15.681248,0.0,4.0,0.0,0.0,0.0,0.0,0.0,0.0
3111,2023.0,1.0,22.0,14.0,15.9690695,15.337109,15.460993,15.21407,17.356632,17.69598,16.233097,15.889464,15.032692,15.591512,15.026853,15.214475,16.702467,15.815686,16.697306,16.35702,15.034656,15.686357,0.0,4.0,0.0,0.0,0.0,0.0,0.0,0.0
3112,2023.0,1.0,22.0,14.0,16.090874,16.05216,15.00043,14.725229,15.942904,15.212933,15.838991,15.499878,15.032791,15.598043,15.0266285,15.275351,16.32635,15.454354,17.390072,18.029142,15.034587,15.69299,0.0,0.0,0.0,0.0,0.0,0.0,4.0,0.0
3113,2023.0,1.0,22.0,14.0,16.08692,16.136736,15.20124,15.306553,15.100543,14.187529,16.270636,16.597544,15.032918,15.605382,15.027453,15.326597,16.483475,16.07461,17.10994,17.351488,15.034706,15.700907,4.0,0.0,4.0,0.0,0.0,0.0,4.0,0.0
3114,2023.0,1.0,22.0,15.0,15.204513,14.653997,19.910292,23.59008,15.455316,15.173184,15.666817,15.477154,15.032934,15.612758,15.027835,15.363902,16.452436,16.109705,15.852578,15.237981,15.034747,15.708643,4.0,4.0,0.0,0.0,0.0,0.0,0.0,0.0
3115,2023.0,1.0,22.0,15.0,15.428715,15.489462,19.690575,22.678312,14.989609,14.438387,14.9904585,14.54447,15.033108,15.619801,15.027911,15.38958,17.201271,17.681976,15.152183,14.4320135,15.035135,15.717048,0.0,0.0,0.0,0.0,0.0,4.0,0.0,0.0
3116,2023.0,1.0,22.0,15.0,15.022404,14.820058,16.765835,16.723803,15.198998,14.991697,15.034734,14.788755,15.03311,15.625816,15.027781,15.406034,16.1731,15.513265,15.01479,14.470427,15.035387,15.725344,4.0,4.0,0.0,0.0,0.0,0.0,0.0,0.0
3117,2023.0,1.0,22.0,15.0,15.734771,16.310617,19.695568,22.60521,15.01799,14.756233,15.931766,15.458003,15.033482,15.63279,15.028934,15.422264,15.526389,14.734992,15.830213,16.181206,15.084776,15.781386,0.0,0.0,0.0,0.0,0.0,0.0,4.0,4.0
3118,2023.0,1.0,22.0,15.0,14.971448,14.879902,16.782373,16.551714,15.054465,14.904662,14.9944725,14.905409,15.033533,15.638696,15.0287895,15.435673,15.312862,14.525409,14.9631195,14.594937,19.02831,22.620335,0.0,4.0,0.0,0.0,0.0,0.0,0.0,0.0
3119,2023.0,1.0,22.0,15.0,15.175055,15.294679,15.281205,14.920346,15.017503,14.894105,15.020549,15.058344,14.997786,15.54601,15.029837,15.450467,15.566591,15.201406,15.048885,14.875931,15.0756645,15.346154,0.0,4.0,0.0,4.0,0.0,0.0,0.0,0.0
3120,2023.0,1.0,22.0,16.0,15.162249,15.320646,15.480684,15.555133,15.005319,14.946016,15.017343,15.12944,19.287367,23.025816,15.030281,15.464222,15.633018,15.32637,15.023774,14.914679,15.08267,15.463013,4.0,4.0,0.0,0.0,0.0,0.0,0.0,4.0
3121,2023.0,1.0,22.0,16.0,15.111011,15.281283,20.003365,23.581287,15.296514,15.193774,15.655499,15.295346,15.795491,15.659736,15.010724,15.420264,15.564731,15.269454,16.283552,16.040327,19.241465,22.751057,0.0,4.0,0.0,0.0,4.0,0.0,0.0,0.0
3122,2023.0,1.0,22.0,16.0,15.02468,15.211176,17.527462,18.189383,15.018064,15.011752,15.016463,15.206906,15.120653,15.444395,19.353954,22.900593,15.487905,15.197686,14.98235,14.931333,15.771883,15.555365,4.0,0.0,0.0,0.0,0.0,0.0,0.0,0.0
3123,2023.0,1.0,22.0,16.0,15.019899,15.206033,19.970158,23.006266,15.295675,15.191209,15.035535,15.291173,15.021144,15.379211,16.64158,17.049355,15.415255,15.133405,16.152239,15.906743,15.106875,15.385554,4.0,4.0,0.0,0.0,0.0,0.0,0.0,0.0
3124,2023.0,1.0,22.0,16.0,16.222061,17.280836,20.072153,22.847305,15.365869,15.264855,15.969988,16.819155,15.033832,15.487038,14.983668,14.964648,15.345746,15.070288,15.964365,16.571787,15.023723,15.388864,4.0,4.0,0.0,0.0,0.0,0.0,0.0,0.0
3125,2023.0,1.0,22.0,16.0,15.239811,15.469276,20.123524,22.698751,15.034277,14.965597,15.5172825,15.488646,15.032824,15.542172,15.034888,15.208412,15.27557,15.000652,15.77636,15.791301,15.033968,15.516188,4.0,4.0,0.0,0.0,0.0,0.0,0.0,0.0
3126,2023.0,1.0,22.0,17.0,16.168968,17.181698,20.114107,22.507782,16.908842,17.222961,16.734625,16.979305,15.013584,15.5094385,15.027643,15.283848,16.06877,16.565426,15.601645,15.713192,15.218858,15.905999,4.0,4.0,0.0,4.0,0.0,4.0,0.0,4.0
3127,2023.0,1.0,22.0,17.0,15.769452,16.055803,20.1301,22.427725,15.274895,15.27566,15.569738,16.013165,20.313503,24.662586,15.029431,15.348515,15.414715,14.768933,15.334167,15.090756,19.157776,22.731396,0.0,4.0,4.0,4.0,0.0,0.0,0.0,0.0
3128,2023.0,1.0,22.0,17.0,15.214315,15.397154,17.548775,17.369246,14.997843,14.9627285,15.551717,16.006527,19.724205,23.095541,15.029575,15.391676,15.016639,14.5345125,15.900122,16.650879,15.688327,15.506092,4.0,4.0,4.0,0.0,0.0,0.0,4.0,0.0
3129,2023.0,1.0,22.0,17.0,15.09074,15.258418,20.131533,22.707928,15.886259,15.646284,15.41073,15.385877,16.12859,15.828145,15.030821,15.426714,15.5378065,14.757591,15.872492,16.269262,15.11623,15.471679,0.0,4.0,4.0,0.0,0.0,0.0,0.0,0.0
3130,2023.0,1.0,22.0,17.0,14.999579,15.170016,17.238968,16.852385,14.993967,15.04307,14.996817,15.032104,15.048151,14.920085,15.0313425,15.454076,15.064169,14.761962,14.95306,14.746824,15.024229,15.440906,0.0,4.0,4.0,0.0,0.0,0.0,0.0,0.0
3131,2023.0,1.0,22.0,17.0,15.007227,15.238373,15.879866,15.454271,15.017663,15.145766,15.015094,15.142573,15.029251,15.121839,15.032742,15.478679,15.01665,14.718276,15.402929,15.755953,15.03658,15.5561075,0.0,4.0,4.0,0.0,0.0,0.0,4.0,0.0
3132,2023.0,1.0,22.0,18.0,15.042789,15.3766775,15.565937,15.160956,15.046694,15.274601,15.048081,15.291051,15.03655,15.285138,15.033268,15.498159,15.005885,14.758764,14.963773,14.937336,15.036007,15.616721,0.0,0.0,0.0,0.0,0.0,0.0,0.0,0.0
3133,2023.0,1.0,22.0,18.0,19.506516,23.034174,15.266354,14.873837,19.569769,23.108423,19.3797,22.682558,15.032503,15.391564,15.0340395,15.515096,19.883245,23.016052,19.392578,22.456299,15.03626,15.660985,0.0,4.0,4.0,0.0,0.0,4.0,0.0,0.0
3134,2023.0,1.0,22.0,18.0,20.267086,23.877699,15.468904,15.4834175,20.236149,23.750633,19.810074,23.02127,15.032806,15.463139,15.034209,15.526881,19.904198,22.76973,20.23558,23.665594,15.099337,15.762992,4.0,4.0,0.0,0.0,0.0,4.0,0.0,4.0
3135,2023.0,1.0,22.0,18.0,20.62735,24.101013,20.072687,23.614592,20.607805,23.973352,20.063814,23.11504,15.027908,15.465869,15.034792,15.535748,20.242592,22.99309,21.226723,25.042713,19.72399,23.728188,4.0,4.0,0.0,4.0,0.0,4.0,0.0,4.0
3136,2023.0,1.0,22.0,18.0,20.179983,23.052906,19.528193,22.177362,20.215033,23.010944,20.56111,23.687544,19.268375,22.830938,15.034621,15.538863,20.339125,22.872631,21.13795,24.503307,19.29665,22.523216,0.0,0.0,4.0,0.0,0.0,4.0,4.0,0.0
3137,2023.0,1.0,22.0,18.0,20.293964,23.007189,16.713842,16.49479,20.83122,23.789114,20.308414,22.969542,15.172728,15.363691,15.034502,15.538131,20.54498,22.955061,20.876179,23.74758,15.69422,15.278145,4.0,4.0,0.0,0.0,0.0,4.0,0.0,0.0
3138,2023.0,1.0,22.0,19.0,21.17558,24.377064,19.531279,22.123455,21.135323,24.12058,21.150898,24.266375,15.134974,15.42198,15.035478,15.540256,20.295773,22.368244,21.15168,24.06666,15.092976,15.1670885,0.0,4.0,4.0,0.0,0.0,0.0,0.0,0.0
3139,2023.0,1.0,22.0,19.0,21.011295,23.87954,16.99203,16.81026,21.08684,23.853619,21.121902,24.001347,15.016281,15.307221,15.034959,15.539569,20.445093,22.47872,21.542582,24.549248,15.031872,15.174647,4.0,0.0,4.0,0.0,0.0,0.0,0.0,4.0
3140,2023.0,1.0,22.0,19.0,21.374914,24.302816,20.056675,22.983194,21.17798,23.878685,21.140657,23.916662,15.035482,15.416807,15.035911,15.542245,21.260345,23.789211,22.109035,25.322659,20.337019,24.248808,4.0,0.0,0.0,0.0,0.0,4.0,4.0,4.0
3141,2023.0,1.0,22.0,19.0,21.509842,24.417412,20.060871,22.622452,21.570072,24.408472,21.100653,23.740866,15.032633,15.460986,15.035613,15.540948,20.682234,22.63477,22.44064,25.740465,19.678913,22.819738,4.0,4.0,0.0,0.0,0.0,0.0,4.0,0.0
3142,2023.0,1.0,22.0,19.0,21.198065,23.80502,20.125729,22.508345,21.699177,24.50337,21.076176,23.595194,15.033238,15.494557,15.035555,15.53664,20.605242,22.415043,21.859186,24.580465,16.071316,15.599737,4.0,4.0,0.0,0.0,0.0,0.0,0.0,0.0
3143,2023.0,1.0,22.0,19.0,21.251951,23.84191,20.131996,22.372202,21.848194,24.645409,22.025942,25.214853,15.033399,15.516656,15.035011,15.530083,20.682405,22.495342,21.930824,24.636917,15.422388,15.532785,0.0,4.0,0.0,0.0,0.0,0.0,0.0,4.0
3144,2023.0,1.0,22.0,20.0,21.08998,23.4788,17.45635,17.11243,21.021002,23.096083,20.975504,23.250261,15.033544,15.532271,15.034713,15.523996,21.639797,24.137604,21.13062,23.190525,20.303885,23.801273,4.0,4.0,0.0,0.0,0.0,0.0,0.0,4.0
3145,2023.0,1.0,22.0,20.0,21.407194,23.963009,20.103733,22.5767,21.705252,24.15844,21.63292,24.380768,14.997285,15.452218,15.035621,15.523955,21.853666,24.296326,21.729929,24.12107,20.043104,23.0977,0.0,4.0,4.0,4.0,0.0,4.0,0.0,4.0
3146,2023.0,1.0,22.0,20.0,21.035898,23.260256,17.459017,17.164461,20.959436,22.858576,20.964197,23.123625,20.423212,24.605604,15.035024,15.522499,21.116533,23.004217,20.944426,22.806992,20.149473,23.055782,4.0,4.0,4.0,4.0,0.0,0.0,0.0,0.0
3147,2023.0,1.0,22.0,20.0,21.892256,24.658436,20.171019,22.783844,21.641376,24.068766,21.501015,24.041353,19.989372,23.426386,15.036026,15.525519,21.18457,23.070778,21.964146,24.665173,17.308006,17.34741,4.0,0.0,0.0,4.0,0.0,0.0,4.0,4.0
3148,2023.0,1.0,22.0,20.0,21.471392,23.879019,20.06331,22.300978,21.572393,23.900398,21.816116,24.476967,19.802517,22.76199,15.035671,15.524966,21.0907,22.873783,22.637074,25.72553,20.362791,23.411758,4.0,0.0,4.0,0.0,0.0,0.0,4.0,0.0
3149,2023.0,1.0,22.0,20.0,22.02532,24.788864,20.137403,22.289179,22.078041,24.706959,21.947605,24.610544,16.267218,15.712379,15.035573,15.5217705,21.884605,24.233585,22.09668,24.663212,16.727219,16.217442,0.0,4.0,4.0,0.0,0.0,4.0,0.0,0.0
3150,2023.0,1.0,22.0,21.0,20.999073,22.93732,17.502834,17.105087,20.994707,22.752571,21.02244,22.935658,15.019857,14.55275,15.035065,15.516623,21.7411,23.773172,22.256557,24.796225,14.976144,14.283603,4.0,0.0,0.0,0.0,0.0,4.0,0.0,0.0
3151,2023.0,1.0,22.0,21.0,21.919256,24.468954,20.19077,22.628805,21.617403,23.83976,21.5338,23.821924,15.02768,14.859907,15.015923,15.462142,21.58552,23.377398,22.516016,25.249144,15.97946,16.569622,4.0,0.0,0.0,0.0,4.0,4.0,0.0,4.0
3152,2023.0,1.0,22.0,21.0,21.983421,24.52364,20.064903,22.157621,21.783342,24.158354,21.561726,23.846035,15.026807,15.05563,19.01395,22.12731,21.775032,23.703613,21.891819,24.00853,19.598242,22.541615,4.0,4.0,0.0,0.0,0.0,4.0,0.0,0.0
3153,2023.0,1.0,22.0,21.0,21.863153,24.291039,20.117977,22.117115,21.923607,24.244999,22.261074,25.015348,15.263638,15.622519,16.223528,16.429192,21.433733,23.084284,22.09834,24.527767,16.151207,15.644881,4.0,0.0,0.0,4.0,0.0,0.0,4.0,0.0
3154,2023.0,1.0,22.0,21.0,22.624657,25.569796,20.11037,22.003399,21.95114,24.362503,21.745323,23.972206,19.161009,22.126831,15.018027,15.094866,21.612497,23.405766,22.130001,24.648163,15.472805,15.51373,4.0,0.0,0.0,0.0,4.0,0.0,4.0,4.0
3155,2023.0,1.0,22.0,21.0,22.149734,24.693876,20.110685,21.933035,21.700123,23.807686,21.969265,24.416466,15.778161,15.274285,19.417566,22.530384,21.537823,23.267408,21.971128,24.095835,19.652506,22.667313,4.0,0.0,4.0,0.0,0.0,0.0,4.0,0.0
3156,2023.0,1.0,22.0,22.0,22.04549,24.443449,20.12593,21.920565,21.838314,24.178839,22.158901,24.759903,15.11378,15.11716,16.578432,16.761023,21.974491,24.180681,22.348318,24.893276,16.16118,15.651788,0.0,0.0,0.0,0.0,0.0,0.0,0.0,0.0
3157,2023.0,1.0,22.0,22.0,20.987236,22.585697,17.69335,17.202183,20.986677,22.623608,21.117285,23.004543,15.015889,15.090624,14.986036,14.835498,20.984766,22.269966,22.10972,24.222298,15.217583,15.0480175,4.0,0.0,0.0,0.0,0.0,4.0,4.0,4.0
3158,2023.0,1.0,22.0,22.0,21.91868,24.176401,20.17594,22.349653,21.868982,24.14276,21.75393,24.038153,15.048083,15.254199,15.040577,15.108274,21.891653,23.81134,22.747252,25.530811,19.836937,22.9844,0.0,0.0,0.0,4.0,0.0,4.0,0.0,0.0
3159,2023.0,1.0,22.0,22.0,21.057802,22.906456,17.654594,17.236732,21.08077,22.90544,20.965176,22.690168,19.994585,23.621832,15.014474,15.161307,20.970106,22.165627,20.895027,22.164679,16.251053,15.743607,4.0,0.0,0.0,0.0,4.0,0.0,0.0,0.0
3160,2023.0,1.0,22.0,22.0,21.992117,24.459675,20.212797,22.548538,21.994978,24.385723,21.975697,24.404493,16.688358,16.845234,19.54767,22.768675,21.924358,23.794056,22.236826,24.540913,15.012377,14.681269,4.0,0.0,0.0,0.0,0.0,4.0,0.0,0.0
3161,2023.0,1.0,22.0,22.0,21.890259,24.178116,20.076424,22.063637,21.933527,24.158003,21.856396,24.088625,14.978336,14.816831,16.91147,17.343147,21.62086,23.208115,22.064936,24.121744,15.5345335,15.914557,0.0,0.0,0.0,0.0,4.0,0.0,0.0,4.0
3162,2023.0,1.0,22.0,23.0,21.057526,22.871813,17.265663,16.55005,21.076946,22.815575,21.092058,22.925013,15.039021,15.109587,20.068254,23.224173,21.023184,22.166634,20.89404,22.154612,19.692936,22.873774,0.0,0.0,0.0,0.0,0.0,0.0,0.0,0.0
3163,2023.0,1.0,22.0,23.0,18.993622,19.027067,16.205513,15.604978,19.039928,18.983736,18.97113,18.926918,15.027823,15.203881,17.174465,17.411951,18.715593,17.81647,19.007914,18.75559,16.151913,15.719165,0.0,0.0,0.0,0.0,0.0,0.0,0.0,0.0
3164,2023.0,1.0,22.0,23.0,17.130394,16.23254,15.978246,15.445903,17.69873,17.230371,17.5988,17.152374,15.030615,15.289726,15.30342,14.954564,18.073774,17.530998,17.926899,17.515446,15.018933,14.783362,0.0,0.0,0.0,0.0,0.0,0.0,0.0,0.0
3165,2023.0,1.0,22.0,23.0,16.304754,15.273078,15.674025,15.134048,17.111095,16.560812,17.00185,16.476158,15.032388,15.350747,15.087486,14.951407,17.86188,17.382828,17.38992,16.954489,15.032723,15.00718,0.0,0.0,0.0,0.0,4.0,0.0,0.0,0.0
3166,2023.0,1.0,22.0,23.0,16.506535,16.114878,15.419124,14.884981,16.743382,16.20046,16.623714,16.1058,15.031765,15.393604,15.019193,15.001767,17.575748,17.11435,17.002216,16.583836,15.027901,15.133969,0.0,0.0,0.0,0.0,0.0,0.0,0.0,0.0
3167,2023.0,1.0,22.0,23.0,16.419395,16.092781,15.184475,14.643416,16.423443,15.874644,16.294987,15.770809,15.033338,15.429288,15.038767,15.163105,17.30773,16.848682,16.663048,16.247534,15.03083,15.2332325,0.0,0.0,0.0,0.0,0.0,0.0,0.0,0.0
3168,2023.0,1.0,23.0,0.0,16.192802,15.866173,15.001277,14.475883,16.150013,15.598821,16.01495,15.48785,15.062146,15.513268,15.0504675,15.279654,17.075045,16.61991,16.373404,15.963948,15.0475235,15.340091,0.0,0.0,0.0,0.0,0.0,0.0,0.0,0.0
3169,2023.0,1.0,23.0,0.0,15.986031,15.662689,15.012256,14.657484,15.922466,15.381713,15.782808,15.265602,15.062434,15.522387,15.02936,15.278301,16.876354,16.431122,16.12599,15.728661,15.115731,15.484371,0.0,0.0,0.0,0.0,4.0,0.0,0.0,4.0
3170,2023.0,1.0,23.0,0.0,15.80291,15.484374,15.018189,14.76009,15.72254,15.191438,15.579857,15.071518,15.01585,15.421983,15.059571,15.407376,16.695702,16.250198,15.907805,15.521045,15.090197,15.44502,0.0,0.0,0.0,4.0,0.0,0.0,0.0,0.0
3171,2023.0,1.0,23.0,0.0,16.472048,16.89298,15.014064,14.820975,15.55976,15.052832,15.415237,14.930129,15.064051,15.521095,15.03026,15.376338,16.54253,16.108324,15.724742,15.35874,15.006041,15.284785,0.0,0.0,0.0,0.0,0.0,0.0,0.0,4.0
3172,2023.0,1.0,23.0,0.0,15.963449,15.817751,15.016239,14.887033,15.398893,14.898889,15.253165,14.773789,15.055606,15.490433,15.036131,15.417097,16.395945,15.962388,15.54179,15.170866,15.058654,15.421462,0.0,0.0,0.0,0.0,0.0,0.0,0.0,0.0
3173,2023.0,1.0,23.0,0.0,14.970716,14.253222,15.017278,14.939507,15.251572,14.756841,15.10585,14.63089,15.032429,15.480457,15.03585,15.438944,16.262419,15.828318,15.375882,15.005037,15.047969,15.407626,0.0,0.0,0.0,0.0,0.0,0.0,0.0,0.0
3174,2023.0,1.0,23.0,1.0,15.035891,14.512794,15.018609,14.984191,15.111865,14.617065,14.997306,14.554679,15.036491,15.513743,15.036361,15.458885,16.137617,15.700494,15.221976,14.847406,15.050919,15.421469,0.0,0.0,0.0,0.0,0.0,0.0,0.0,0.0
3175,2023.0,1.0,23.0,1.0,15.14868,14.872458,15.019293,15.020915,14.994169,14.518281,15.013031,14.676886,15.036551,15.532819,15.036918,15.474839,16.02375,15.583964,15.079544,14.699926,15.030094,15.429067,0.0,0.0,0.0,0.0,0.0,0.0,0.0,0.0
3176,2023.0,1.0,23.0,1.0,15.094215,14.825789,15.037574,15.090925,15.008176,14.644614,15.014701,14.760349,15.071754,15.619788,15.07256,15.5594,15.921233,15.48258,15.003175,14.673068,15.062375,15.532407,0.0,0.0,0.0,0.0,0.0,0.0,0.0,0.0
3177,2023.0,1.0,23.0,1.0,14.998891,14.732146,15.039009,15.11416,15.012201,14.718478,15.018196,14.823381,15.070828,15.617386,15.045992,15.486312,15.825496,15.38653,15.010218,14.775878,15.063334,15.549177,0.0,0.0,0.0,0.0,4.0,0.0,0.0,0.0
3178,2023.0,1.0,23.0,1.0,15.00798,14.830117,15.018788,15.098924,15.010398,14.767505,15.011828,14.856368,15.032878,15.559724,15.038908,15.511638,15.738393,15.302358,15.941385,16.577179,14.994827,15.413285,0.0,0.0,0.0,0.0,0.0,0.0,4.0,4.0
3179,2023.0,1.0,23.0,1.0,15.007936,14.887375,15.021893,15.127643,15.012044,14.819819,15.0141115,14.903973,15.038239,15.582421,15.038492,15.521214,15.651314,15.214607,14.931799,14.545818,15.042496,15.563912,0.0,0.0,0.0,0.0,0.0,0.0,0.0,0.0
3180,2023.0,1.0,23.0,2.0,15.009621,14.939161,15.022559,15.1492,15.0137825,14.865457,15.015,14.943439,15.037802,15.591853,15.038489,15.529849,15.566601,15.126491,15.0674,14.886398,15.055812,15.563445,0.0,0.0,0.0,0.0,0.0,0.0,0.0,0.0
3181,2023.0,1.0,23.0,2.0,15.015281,14.995462,15.045553,15.214004,15.025096,14.928369,15.029736,15.008544,15.076155,15.675897,15.076602,15.611801,15.489517,15.0495,15.054756,14.892101,15.108901,15.646566,0.0,0.0,0.0,0.0,0.0,0.0,0.0,0.0
3182,2023.0,1.0,23.0,2.0,15.009704,15.016716,15.020514,15.17882,15.013266,14.934849,15.014631,15.005054,15.033089,15.595435,15.033945,15.531237,16.285471,16.62377,15.008511,14.875929,14.991014,15.419392,0.0,0.0,0.0,0.0,0.0,4.0,0.0,4.0
3183,2023.0,1.0,23.0,2.0,15.012243,15.052604,15.024197,15.203089,15.015923,14.970884,15.017577,15.038892,15.039385,15.616748,15.040427,15.551994,15.739708,15.334591,15.017028,14.943885,15.067147,15.587424,0.0,0.0,0.0,0.0,0.0,0.0,0.0,0.0
3184,2023.0,1.0,23.0,2.0,15.012032,15.081658,15.024263,15.217078,15.01638,14.999746,15.018208,15.06566,15.038765,15.622837,15.039753,15.557371,14.941191,14.119326,15.016528,14.984042,15.018035,15.454614,0.0,0.0,0.0,0.0,0.0,0.0,0.0,4.0
3185,2023.0,1.0,23.0,2.0,15.02434,15.13536,15.048157,15.277653,15.032938,15.06076,15.036858,15.127707,15.077619,15.705143,15.078909,15.639421,15.027315,14.390668,15.0290575,15.046129,15.111321,15.676848,0.0,0.0,0.0,0.0,0.0,0.0,0.0,0.0
3186,2023.0,1.0,23.0,3.0,15.013074,15.134014,15.021015,15.233459,15.015285,15.047124,15.016587,15.106391,15.031332,15.616437,15.0324335,15.549812,15.163222,14.725149,15.015751,15.042739,15.044459,15.525477,0.0,0.0,0.0,0.0,0.0,0.0,0.0,0.0
3187,2023.0,1.0,23.0,3.0,15.027193,15.187662,15.049985,15.304767,15.036544,15.115191,15.039579,15.175451,15.0789995,15.718138,15.07959,15.649908,15.149129,14.709893,15.033152,15.105046,15.068256,15.617036,0.0,0.0,0.0,0.0,0.0,0.0,0.0,0.0
3188,2023.0,1.0,23.0,3.0,15.027243,15.205099,15.050022,15.30637,15.037094,15.1319275,15.039316,15.1876,15.078253,15.7057085,15.078596,15.636344,15.091521,14.653675,15.034599,15.122276,15.00877,15.481306,0.0,0.0,0.0,0.0,0.0,0.0,0.0,4.0
3189,2023.0,1.0,23.0,3.0,15.029726,15.229444,15.050612,15.317759,15.038761,15.155396,15.039947,15.205771,15.078453,15.709656,15.07903,15.640149,15.033788,14.597404,15.037608,15.149511,15.115652,15.7330885,0.0,0.0,0.0,0.0,0.0,0.0,0.0,0.0
3190,2023.0,1.0,23.0,3.0,15.03105,15.249374,15.051231,15.328144,15.039767,15.176035,15.04113,15.223482,15.028695,15.583582,15.079361,15.642343,15.001202,14.587892,15.038919,15.1697235,15.111466,15.674957,0.0,0.0,0.0,4.0,0.0,0.0,0.0,0.0
3191,2023.0,1.0,23.0,3.0,15.390948,15.921019,15.02355,15.288212,15.018036,15.154071,15.019314,15.198751,15.045654,15.669224,15.018631,15.520963,15.006252,14.634834,15.018463,15.149515,15.026701,15.55908,0.0,0.0,0.0,0.0,4.0,0.0,0.0,0.0
3192,2023.0,1.0,23.0,4.0,14.954986,15.099336,15.028118,15.309363,15.021593,15.18046,15.023097,15.223084,15.039484,15.6636915,15.045168,15.598191,15.005759,14.664374,15.021804,15.175195,15.038838,15.610461,0.0,0.0,0.0,0.0,0.0,0.0,0.0,0.0
3193,2023.0,1.0,23.0,4.0,15.083472,15.351072,15.05414,15.371486,15.042456,15.240078,15.04476,15.281948,15.080515,15.746754,15.080959,15.672031,15.009234,14.699702,15.043802,15.236959,15.073854,15.700262,0.0,0.0,0.0,0.0,0.0,0.0,0.0,0.0
3194,2023.0,1.0,23.0,4.0,15.077263,15.29863,15.054465,15.373125,15.042816,15.249343,15.045343,15.289814,15.07949,15.733813,15.053928,15.591336,15.01082,14.723172,15.043092,15.244021,15.074232,15.703742,0.0,0.0,0.0,0.0,4.0,0.0,0.0,0.0
3195,2023.0,1.0,23.0,4.0,15.030284,15.252627,15.054887,15.382614,15.043872,15.26557,15.046222,15.304429,15.079414,15.735658,15.081369,15.679562,15.012347,14.745666,15.044221,15.261293,15.074223,15.714671,0.0,0.0,0.0,0.0,0.0,0.0,0.0,0.0
3196,2023.0,1.0,23.0,4.0,15.034531,15.302034,15.0555725,15.392053,15.0443535,15.279578,15.0473585,15.318696,15.080076,15.738494,15.080444,15.668274,15.013177,14.765013,15.0449095,15.276359,15.074827,15.724564,0.0,0.0,0.0,0.0,0.0,0.0,0.0,0.0
3197,2023.0,1.0,23.0,4.0,15.036394,15.32857,15.056215,15.401556,15.045428,15.294737,15.047826,15.3315,15.080423,15.741427,15.080792,15.671222,15.014544,14.784425,15.046793,15.293744,15.075663,15.733931,0.0,0.0,0.0,0.0,0.0,0.0,0.0,0.0
3198,2023.0,1.0,23.0,5.0,15.037421,15.352073,15.0564995,15.410414,15.04651,15.309362,15.049114,15.345896,15.030453,15.615569,15.080755,15.672457,15.0155,14.801884,15.046997,15.307276,15.076821,15.743176,0.0,0.0,0.0,4.0,0.0,0.0,0.0,0.0
3199,2023.0,1.0,23.0,5.0,15.038694,15.372832,15.057287,15.420057,15.047691,15.323696,15.049597,15.358033,15.129481,15.818735,15.080976,15.674904,15.016408,14.818426,15.048938,15.324309,15.077093,15.749899,0.0,0.0,0.0,0.0,0.0,0.0,0.0,0.0
3200,2023.0,1.0,23.0,5.0,15.039317,15.390042,15.058003,15.429244,15.048404,15.336663,15.05087,15.371634,15.077125,15.705431,15.081457,15.677917,15.017783,14.835112,15.048884,15.336536,15.077767,15.757222,0.0,0.0,0.0,0.0,0.0,0.0,0.0,0.0
3201,2023.0,1.0,23.0,5.0,15.0414,15.408733,15.058871,15.43858,15.049357,15.349892,15.051872,15.384117,15.029398,15.607681,15.081643,15.680591,15.01875,14.850186,15.050442,15.352205,15.077197,15.761596,0.0,0.0,0.0,4.0,0.0,0.0,0.0,0.0
3202,2023.0,1.0,23.0,5.0,15.042093,15.422902,15.059586,15.447368,15.081186,15.38434,15.052305,15.395264,15.129869,15.816553,15.055836,15.614246,15.020139,14.865645,15.050897,15.364874,15.017026,15.613172,0.0,4.0,0.0,0.0,4.0,0.0,0.0,4.0
3203,2023.0,1.0,23.0,5.0,15.043365,15.437726,15.060566,15.456434,15.100943,15.419366,15.0531,15.406825,15.126431,15.750391,15.083148,15.70281,15.02111,14.879503,15.053345,15.3812275,15.124523,15.8505945,0.0,0.0,0.0,0.0,0.0,0.0,0.0,0.0
3204,2023.0,1.0,23.0,6.0,15.222195,15.755704,15.026406,15.403052,15.040687,15.28468,15.02353,15.363812,15.0279255,15.607331,15.034406,15.609986,15.009789,14.870403,15.022638,15.336994,15.010247,15.560496,0.0,0.0,0.0,0.0,0.0,0.0,0.0,4.0
3205,2023.0,1.0,23.0,6.0,18.304235,21.003769,15.033062,15.426523,19.12713,22.326677,19.045141,22.271347,15.044055,15.6643715,15.044473,15.635605,18.581621,20.930534,19.40997,22.94033,18.260439,21.203108,0.0,0.0,0.0,0.0,0.0,0.0,0.0,0.0
3206,2023.0,1.0,23.0,6.0,18.958029,21.745409,15.032557,15.434261,20.02751,23.463625,19.943464,23.39818,15.041549,15.673983,15.042957,15.635246,19.285538,21.958609,20.209932,23.838627,14.921145,15.0331335,0.0,0.0,0.0,0.0,0.0,0.0,0.0,0.0
3207,2023.0,1.0,23.0,6.0,20.9577,24.875792,15.033115,15.443201,20.624804,24.088243,20.543465,24.02578,15.012856,15.602046,15.027543,15.591882,20.495895,23.695616,20.8662,24.537048,15.085122,15.464437,0.0,0.0,0.0,4.0,4.0,4.0,0.0,4.0
3208,2023.0,1.0,23.0,6.0,19.899729,22.676584,15.033627,15.451093,20.90659,24.30577,21.153067,24.753708,19.652746,23.66705,19.000778,22.447298,20.81302,23.93022,21.155432,24.73647,18.60442,21.673988,0.0,0.0,4.0,4.0,4.0,4.0,0.0,0.0
3209,2023.0,1.0,23.0,6.0,19.622505,21.979633,15.03349,15.4550295,20.74845,23.758467,20.74876,23.796825,18.552315,21.213533,19.428482,22.743898,19.331306,20.995623,21.003263,24.17036,15.78169,15.743303,0.0,0.0,0.0,0.0,4.0,0.0,0.0,4.0
3210,2023.0,1.0,23.0,7.0,21.065754,24.371931,15.033645,15.457613,20.778637,23.629837,20.735916,23.59896,14.993028,14.775671,19.64391,22.729694,19.215982,20.68618,21.108206,24.114716,18.400927,20.882416,0.0,0.0,0.0,0.0,4.0,0.0,4.0,0.0
3211,2023.0,1.0,23.0,7.0,20.372086,22.898184,15.033719,15.459424,20.920933,23.7266,20.872143,23.692669,15.082989,15.158161,18.996538,21.250622,19.989088,21.932583,21.118229,23.918663,15.951317,15.916591,0.0,0.0,0.0,4.0,4.0,4.0,4.0,4.0
3212,2023.0,1.0,23.0,7.0,19.927006,22.059534,15.011787,15.398919,21.114384,23.921305,21.122997,23.992327,18.116377,20.398363,19.093105,21.250261,19.440521,20.879988,20.523733,22.78886,18.497627,20.921267,4.0,4.0,4.0,0.0,4.0,0.0,0.0,0.0
3213,2023.0,1.0,23.0,7.0,20.322952,22.669891,18.072,20.671352,20.952797,23.565878,19.981398,21.880714,15.658776,15.4480095,19.066431,21.05916,19.990753,21.763245,20.35169,22.437078,15.010942,14.763297,0.0,0.0,0.0,4.0,4.0,4.0,0.0,0.0
3214,2023.0,1.0,23.0,7.0,20.330116,22.59312,15.812777,15.887274,20.479202,22.583757,20.357258,22.481485,18.123045,20.341494,18.785086,20.477854,20.030523,21.733263,21.129,23.707598,15.121758,15.2221985,0.0,4.0,4.0,0.0,0.0,4.0,4.0,0.0
3215,2023.0,1.0,23.0,7.0,20.62432,22.99341,15.059008,15.250409,20.748964,22.956133,20.640087,22.87539,14.992811,14.817443,15.942575,15.000161,19.615095,20.923916,20.67929,22.805988,15.022066,15.202249,0.0,4.0,4.0,0.0,0.0,0.0,0.0,0.0
3216,2023.0,1.0,23.0,8.0,21.108206,23.761381,15.029049,15.274494,21.140266,23.584162,21.113668,23.631117,15.087967,15.190333,15.117208,14.496785,20.661634,22.702168,21.197186,23.660894,15.038195,15.346501,0.0,4.0,4.0,4.0,0.0,4.0,0.0,0.0
3217,2023.0,1.0,23.0,8.0,18.118189,17.908285,15.011538,15.278528,18.16784,17.790905,17.601635,16.815468,19.6244,22.82582,15.026275,14.727445,18.211618,17.838516,17.799469,17.024796,15.03552,15.419348,4.0,4.0,0.0,4.0,0.0,4.0,0.0,0.0
3218,2023.0,1.0,23.0,8.0,16.717663,16.306307,19.834152,23.713129,16.630056,15.923268,15.599077,14.283654,20.094833,23.41637,15.034346,14.972095,16.420322,15.295056,17.670795,18.125637,15.037191,15.480813,4.0,4.0,0.0,4.0,0.0,0.0,4.0,0.0
3219,2023.0,1.0,23.0,8.0,16.292925,15.896496,19.326029,22.236774,16.131609,15.423024,15.575984,14.811684,19.997284,22.918436,15.015633,15.074327,15.744372,14.563916,17.151485,17.039104,15.037699,15.526745,4.0,4.0,4.0,0.0,4.0,0.0,4.0,0.0
3220,2023.0,1.0,23.0,8.0,15.987717,15.615885,19.355358,21.933264,15.793971,15.111364,15.499231,14.848348,16.313845,15.6091385,19.53866,22.67949,15.369355,14.208851,15.76995,14.879506,15.039042,15.567392,0.0,4.0,4.0,0.0,0.0,0.0,0.0,0.0
3221,2023.0,1.0,23.0,8.0,15.005164,14.1588955,16.073494,15.388357,14.988416,13.981429,14.990489,14.204778,15.0323,14.48824,16.635077,16.798082,15.664516,15.12,16.080477,16.063173,15.039432,15.598324,0.0,0.0,0.0,0.0,0.0,0.0,4.0,0.0
3222,2023.0,1.0,23.0,9.0,15.042648,14.4776945,15.032951,14.565401,15.050975,14.328298,15.0445,14.509916,15.0313225,14.821566,14.988455,14.811104,15.700249,15.237878,14.963174,14.201072,15.03963,15.623533,0.0,0.0,0.0,0.0,0.0,0.0,0.0,0.0
3223,2023.0,1.0,23.0,9.0,15.033339,14.629898,15.027162,14.809255,15.0381975,14.488908,15.040953,14.644401,15.040043,15.055819,15.051903,15.11075,15.537518,15.075709,15.073034,14.625524,15.039994,15.64484,0.0,0.0,0.0,0.0,0.0,0.0,0.0,0.0
3224,2023.0,1.0,23.0,9.0,15.009769,14.760968,15.008767,14.935235,15.0127,14.621078,15.497302,15.654065,15.035172,15.2014675,15.035047,15.203052,16.25141,16.568277,15.031712,14.707779,15.040348,15.662967,4.0,0.0,4.0,0.0,0.0,4.0,0.0,0.0
3225,2023.0,1.0,23.0,9.0,15.014082,14.90107,19.314749,22.532606,15.467139,15.6035385,15.029722,14.854072,15.035689,15.309787,15.03719,15.291238,15.904378,15.6391535,15.031786,14.816061,15.040374,15.677383,0.0,4.0,0.0,0.0,0.0,4.0,0.0,0.0
3226,2023.0,1.0,23.0,9.0,15.015323,15.005031,16.761364,17.005636,14.997755,14.781699,15.055456,14.969005,15.036135,15.388978,15.036741,15.35525,15.667783,15.392355,15.016675,14.909374,15.0405,15.6898365,0.0,0.0,0.0,0.0,0.0,4.0,0.0,0.0
3227,2023.0,1.0,23.0,9.0,15.017235,15.089604,15.258283,15.212254,15.021407,14.850421,15.044236,14.994991,15.037077,15.452254,15.037786,15.403593,14.927251,14.1867,15.022108,15.0085535,15.040498,15.700406,4.0,4.0,0.0,0.0,0.0,0.0,0.0,0.0
3228,2023.0,1.0,23.0,10.0,15.011635,15.14334,19.609793,22.984821,15.043985,14.97455,15.013138,15.026843,15.037333,15.497453,15.038263,15.438926,15.378673,15.1579275,15.01416,15.059908,15.040573,15.709559,0.0,0.0,0.0,0.0,0.0,4.0,0.0,0.0
3229,2023.0,1.0,23.0,10.0,15.018333,15.212106,17.140667,17.623478,15.043961,15.012116,15.023,15.118028,15.037324,15.5306835,15.037447,15.461664,14.967029,14.399346,15.022447,15.128764,15.04054,15.717308,4.0,0.0,0.0,0.0,0.0,0.0,0.0,0.0
3230,2023.0,1.0,23.0,10.0,15.347733,15.856923,19.557734,22.529716,15.039617,15.035653,15.022765,15.175252,15.037744,15.556562,15.038071,15.480655,15.279951,15.058475,15.059592,15.244386,15.040238,15.723525,4.0,0.0,0.0,0.0,0.0,4.0,0.0,0.0
3231,2023.0,1.0,23.0,10.0,14.965915,15.16736,19.564077,22.227615,15.289028,15.5618925,15.024615,15.230887,15.037498,15.5743685,15.037447,15.491019,14.975383,14.494591,15.024093,15.210792,15.039884,15.728568,0.0,4.0,0.0,0.0,0.0,0.0,0.0,0.0
3232,2023.0,1.0,23.0,10.0,15.015595,15.236417,16.170195,15.502412,14.990688,15.05706,15.024649,15.2701025,15.0372715,15.587365,15.036607,15.495355,15.03218,14.646899,15.023927,15.239118,15.039908,15.733359,0.0,0.0,0.0,0.0,0.0,0.0,0.0,0.0
3233,2023.0,1.0,23.0,10.0,15.048751,15.34483,15.150603,14.612182,15.02036,15.099437,15.025559,15.305856,15.036935,15.597699,15.036678,15.501707,15.28056,15.131544,15.024454,15.264098,15.039292,15.736235,0.0,4.0,0.0,0.0,0.0,4.0,0.0,0.0
3234,2023.0,1.0,23.0,11.0,15.039573,15.335227,15.015143,14.71645,15.052334,15.21251,15.025974,15.334679,15.036839,15.606231,15.03662,15.507767,14.965159,14.557641,15.024502,15.284104,15.039473,15.739362,0.0,0.0,0.0,0.0,0.0,0.0,0.0,0.0
3235,2023.0,1.0,23.0,11.0,15.079967,15.424235,15.028584,14.96044,15.089591,15.30235,15.049667,15.408264,15.072762,15.68567,15.071975,15.584106,15.045495,14.7490835,15.04832,15.351305,15.078285,15.818673,0.0,0.0,0.0,0.0,0.0,0.0,0.0,0.0
3236,2023.0,1.0,23.0,11.0,15.034639,15.376263,15.036626,15.106222,15.041087,15.25649,15.049209,15.419352,15.072361,15.67743,15.069864,15.5717535,15.005529,14.710689,15.047453,15.356588,15.076681,15.803185,0.0,0.0,0.0,0.0,0.0,0.0,0.0,0.0
3237,2023.0,1.0,23.0,11.0,15.037695,15.4333315,15.042115,15.2164135,15.043629,15.318246,15.050154,15.439895,15.070774,15.677866,15.069255,15.573927,15.008217,14.769674,15.047581,15.370681,15.076271,15.802674,0.0,0.0,0.0,0.0,0.0,0.0,0.0,0.0
3238,2023.0,1.0,23.0,11.0,15.039158,15.465861,15.046359,15.299862,15.185382,15.588936,15.0507,15.457312,15.069652,15.678243,15.068146,15.573409,15.009876,14.801743,15.047623,15.382538,15.075448,15.800126,0.0,4.0,0.0,0.0,0.0,0.0,0.0,0.0
3239,2023.0,1.0,23.0,11.0,15.040134,15.493963,15.048809,15.363067,15.084698,15.379519,15.050686,15.47294,15.07027,15.681742,15.067077,15.573139,15.0118,14.829262,15.047622,15.393192,15.073939,15.796752,0.0,0.0,0.0,0.0,0.0,0.0,0.0,0.0
3240,2023.0,1.0,23.0,12.0,15.041424,15.518583,15.048683,15.407666,15.08483,15.404343,15.0514,15.489264,15.068873,15.680504,15.065905,15.572507,15.0115795,14.847348,15.048098,15.404219,15.0736475,15.796096,0.0,0.0,0.0,0.0,0.0,0.0,0.0,0.0
3241,2023.0,1.0,23.0,12.0,19.533669,23.25188,15.02482,15.397582,19.633404,23.232637,19.514822,23.14701,15.030759,15.614794,15.029599,15.509861,19.085434,21.752918,19.96017,23.902136,15.03239,15.722569,0.0,0.0,0.0,0.0,0.0,0.0,0.0,0.0
3242,2023.0,1.0,23.0,12.0,20.432304,24.347832,15.005816,15.3726635,21.112774,25.326275,20.994202,25.234943,15.0344715,15.622354,15.033252,15.51965,19.878088,22.920027,20.836496,24.8881,15.0359535,15.727154,4.0,4.0,4.0,0.0,0.0,0.0,0.0,0.0
3243,2023.0,1.0,23.0,12.0,20.8231,24.617054,19.160498,22.516808,20.300978,23.430435,20.983704,24.768866,15.033095,15.614773,15.032481,15.5167055,20.258228,23.201956,21.164263,24.982626,15.034618,15.715827,0.0,0.0,0.0,0.0,0.0,0.0,0.0,0.0
3244,2023.0,1.0,23.0,12.0,21.145285,24.842321,16.599092,17.001915,20.526232,23.517145,20.957111,24.29747,15.03217,15.604731,15.030597,15.505991,20.638746,23.532995,21.111938,24.51945,15.034218,15.704311,0.0,0.0,4.0,0.0,0.0,0.0,0.0,0.0
3245,2023.0,1.0,23.0,12.0,21.111149,24.514765,14.991728,14.985241,21.183123,24.503681,21.14825,24.372139,15.031672,15.595118,15.030604,15.499782,20.943632,23.79769,21.781527,25.395832,15.033266,15.691649,0.0,0.0,4.0,0.0,0.0,0.0,0.0,0.0
3246,2023.0,1.0,23.0,13.0,21.115286,24.337679,15.029577,15.200244,21.10513,24.157152,20.981136,23.93508,15.031143,15.58661,15.030306,15.495534,21.188698,24.018515,21.159397,24.08798,15.032792,15.680509,4.0,0.0,0.0,0.0,0.0,0.0,0.0,0.0
3247,2023.0,1.0,23.0,13.0,21.11172,24.19476,19.445349,22.965816,21.112286,24.033453,21.162296,24.070074,15.03111,15.57972,15.030238,15.492563,21.358278,24.093252,22.179031,25.69123,15.032809,15.671459,0.0,0.0,4.0,0.0,0.0,0.0,0.0,0.0
3248,2023.0,1.0,23.0,13.0,21.109932,24.088049,16.870634,17.348763,21.10953,23.92359,21.139385,23.919962,15.030497,15.572132,15.028987,15.486209,21.693865,24.504433,22.757002,26.500004,15.032317,15.662271,0.0,0.0,0.0,0.0,0.0,0.0,0.0,0.0
3249,2023.0,1.0,23.0,13.0,21.107573,24.002632,14.990333,14.905214,21.107195,23.836964,21.137436,23.819279,15.030256,15.566067,15.029328,15.483333,21.857998,24.624126,23.018816,26.603949,15.032044,15.654358,0.0,0.0,0.0,0.0,0.0,0.0,4.0,0.0
3250,2023.0,1.0,23.0,13.0,21.106163,23.935036,15.028858,15.157204,21.082693,23.703827,21.10439,23.739216,15.030019,15.560894,15.028746,15.481284,20.995605,22.945173,20.831663,22.613081,15.031707,15.6472225,0.0,4.0,0.0,0.0,0.0,0.0,0.0,0.0
3251,2023.0,1.0,23.0,13.0,21.104645,23.878965,15.023142,15.263077,21.085905,23.661814,21.107141,23.723598,15.029792,15.556642,15.028584,15.480458,21.09246,23.116148,21.154957,23.3181,15.031426,15.64111,0.0,4.0,0.0,0.0,0.0,0.0,0.0,0.0
3252,2023.0,1.0,23.0,14.0,21.211628,24.036291,15.0042715,15.290084,21.26213,23.924765,21.21234,23.901901,15.05976,15.610972,15.056477,15.534207,21.16876,23.229507,21.224636,23.46407,15.063953,15.698678,4.0,0.0,0.0,0.0,0.0,0.0,0.0,0.0
3253,2023.0,1.0,23.0,14.0,18.550188,18.852262,18.631536,21.515406,18.152998,17.841345,18.546555,18.727135,15.025229,15.538294,15.024273,15.468254,18.982122,18.971735,18.790483,18.8032,15.026321,15.618722,0.0,0.0,0.0,0.0,0.0,0.0,0.0,0.0
3254,2023.0,1.0,23.0,14.0,17.050718,16.982012,15.926201,15.804692,16.336031,15.502059,16.956045,16.714027,15.029388,15.548929,15.027969,15.473469,17.83511,17.511633,17.4382,17.151237,15.031983,15.631572,0.0,0.0,0.0,0.0,0.0,0.0,0.0,0.0
3255,2023.0,1.0,23.0,14.0,16.505013,16.390337,15.249371,15.414763,16.881075,17.095642,16.370462,16.071873,15.029024,15.550794,15.027932,15.473196,17.420391,17.076305,16.876783,16.563227,15.031415,15.635106,4.0,4.0,0.0,0.0,0.0,0.0,0.0,0.0
3256,2023.0,1.0,23.0,14.0,16.139477,16.02626,19.982695,23.857721,15.922492,15.249592,15.978454,15.679084,15.029268,15.555059,15.028214,15.475464,17.13132,16.79351,16.486217,16.18088,15.031581,15.641701,4.0,0.0,0.0,0.0,0.0,0.0,0.0,0.0
3257,2023.0,1.0,23.0,14.0,15.843358,15.735654,19.684402,22.787655,15.85486,15.621652,15.660067,15.364523,15.052538,15.566315,15.027811,15.475036,16.892744,16.563477,16.16517,15.869328,15.031767,15.649406,0.0,4.0,0.0,4.0,0.0,0.0,0.0,0.0
3258,2023.0,1.0,23.0,15.0,16.374119,16.953934,16.748487,16.807407,15.876179,15.7411585,15.394095,15.104865,19.846827,23.703827,15.027288,15.472142,16.69137,16.371243,15.893026,15.60711,15.032282,15.658348,4.0,4.0,0.0,0.0,0.0,0.0,0.0,0.0
3259,2023.0,1.0,23.0,15.0,15.849892,15.91291,19.683369,22.689558,15.412904,14.666194,15.902008,16.25995,16.186789,16.136072,15.028132,15.474182,17.353182,17.789736,15.657636,15.380779,15.032188,15.666583,0.0,0.0,4.0,0.0,0.0,4.0,0.0,0.0
3260,2023.0,1.0,23.0,15.0,14.998281,14.646497,16.78452,16.654314,15.434539,15.264905,16.098362,16.57232,15.067544,15.179965,15.027943,15.477204,16.802776,16.613281,15.451035,15.18276,15.032557,15.675483,0.0,4.0,4.0,0.0,0.0,0.0,0.0,0.0
3261,2023.0,1.0,23.0,15.0,15.029538,14.8560915,15.253661,14.957671,14.980569,14.535149,14.980576,14.656405,15.021537,15.240544,15.028722,15.484131,15.941436,15.217335,15.262411,14.996515,15.161345,15.884588,0.0,0.0,0.0,0.0,0.0,0.0,0.0,4.0
3262,2023.0,1.0,23.0,15.0,15.753934,16.355564,14.999429,14.767277,15.032365,14.774636,15.041839,14.906831,15.028122,15.356725,15.029084,15.492846,15.59259,14.848332,15.097433,14.840625,18.814455,22.141857,0.0,0.0,0.0,0.0,0.0,0.0,0.0,0.0
3263,2023.0,1.0,23.0,15.0,14.9792595,14.899021,15.20776,15.355305,15.026234,14.861685,15.027627,14.965748,15.028386,15.429392,15.029529,15.503461,15.825107,15.4933815,15.0009575,14.8019085,16.3108,16.727753,4.0,0.0,0.0,0.0,0.0,0.0,0.0,4.0
3264,2023.0,1.0,23.0,16.0,15.894263,16.429619,20.089203,23.981544,15.5513,15.949972,15.869969,15.502355,15.12932,15.641185,15.009983,15.457761,16.75724,17.26906,16.414427,16.176567,19.603975,23.145107,4.0,4.0,0.0,4.0,4.0,4.0,0.0,0.0
3265,2023.0,1.0,23.0,16.0,14.992577,14.927565,20.008501,23.232082,15.761819,16.250542,15.554653,16.017324,19.134886,22.562782,19.368898,22.962156,15.833495,15.259998,15.108903,14.952501,16.163748,16.038834,4.0,4.0,4.0,0.0,0.0,0.0,0.0,0.0
3266,2023.0,1.0,23.0,16.0,15.602844,16.219427,20.133074,23.082346,15.302895,15.34506,15.747482,16.17987,15.929175,15.827857,16.682272,17.150324,15.261546,14.558396,17.297148,17.643854,15.042469,15.069491,4.0,4.0,0.0,0.0,0.0,0.0,0.0,0.0
3267,2023.0,1.0,23.0,16.0,15.447611,15.720232,20.115976,22.783316,15.038883,15.003581,16.005054,16.630594,15.082803,15.254578,14.97994,14.976693,15.079157,14.36756,15.199295,15.050698,15.57706,16.286325,4.0,4.0,0.0,0.0,0.0,0.0,0.0,4.0
3268,2023.0,1.0,23.0,16.0,15.239682,15.465387,20.132334,22.644539,15.309714,15.225384,15.082356,15.0520315,15.271302,15.730203,15.01601,15.176627,15.318629,14.987036,17.320047,17.66833,20.321514,24.44022,0.0,4.0,4.0,4.0,4.0,0.0,0.0,4.0
3269,2023.0,1.0,23.0,16.0,15.010489,15.15185,17.144001,16.783226,15.015191,15.016707,15.032717,15.083372,19.260626,22.629805,19.76119,23.13574,15.395075,15.124565,15.184724,15.019066,20.075453,23.520042,0.0,0.0,0.0,0.0,0.0,0.0,0.0,0.0
3270,2023.0,1.0,23.0,17.0,15.061548,15.268361,15.870044,15.489333,15.00263,15.016154,15.034104,15.139635,16.540413,16.835724,16.94665,17.403894,16.231577,16.771786,15.027478,15.02685,17.076914,17.39613,0.0,4.0,0.0,4.0,0.0,4.0,0.0,4.0
3271,2023.0,1.0,23.0,17.0,15.030915,15.232916,16.012585,16.06597,15.007632,15.0726185,15.016795,15.180433,19.45482,22.45072,15.001755,14.866582,15.289588,14.696507,15.804874,16.577536,20.387037,23.950676,4.0,4.0,0.0,0.0,0.0,0.0,4.0,4.0
3272,2023.0,1.0,23.0,17.0,15.331027,15.492716,20.191912,23.561829,15.314519,15.752838,15.295868,15.738458,16.700266,16.896152,15.078714,15.172868,15.608786,15.681938,15.302893,15.610183,20.081217,23.098034,4.0,0.0,4.0,4.0,4.0,4.0,0.0,0.0
3273,2023.0,1.0,23.0,17.0,15.092995,15.287656,20.081564,22.902725,15.742755,16.20315,15.701931,16.155828,20.459408,23.931025,19.813444,23.149908,15.79475,15.841995,15.320471,15.680096,17.32325,17.566202,0.0,4.0,4.0,4.0,0.0,4.0,4.0,4.0
3274,2023.0,1.0,23.0,17.0,14.999738,15.181567,16.970917,16.658583,14.995985,15.023827,14.998616,15.068645,20.073277,23.074755,16.956413,17.349936,14.976621,14.470755,14.98894,15.05983,20.277056,23.605024,0.0,4.0,4.0,0.0,0.0,0.0,0.0,0.0
3275,2023.0,1.0,23.0,17.0,15.004652,15.226873,16.102077,16.098064,15.012128,15.107274,15.012109,15.140313,17.200891,17.29513,15.001248,14.828438,15.513578,15.582477,15.043323,15.212842,17.34854,17.575155,4.0,4.0,4.0,4.0,0.0,4.0,0.0,4.0
3276,2023.0,1.0,23.0,18.0,15.254007,15.371422,20.201471,23.463598,15.656259,16.073624,15.272941,15.726194,20.258469,23.281837,15.044375,15.116155,15.551292,15.426675,15.302937,15.767471,20.156538,23.285984,4.0,4.0,0.0,0.0,0.0,0.0,0.0,0.0
3277,2023.0,1.0,23.0,18.0,19.089575,22.355879,20.068823,22.77445,19.794739,23.421116,18.991138,22.161993,16.781662,16.427061,15.028528,15.216218,18.711668,20.938747,19.280394,22.601988,16.761583,16.416718,4.0,4.0,0.0,0.0,0.0,0.0,0.0,0.0
3278,2023.0,1.0,23.0,18.0,19.530415,22.649837,20.138111,22.65739,20.12942,23.475645,19.98837,23.389088,14.96231,14.335615,15.031739,15.31197,19.175936,21.427658,20.577385,24.426409,15.926754,16.083963,0.0,4.0,4.0,0.0,0.0,0.0,0.0,4.0
3279,2023.0,1.0,23.0,18.0,19.97872,23.048586,17.397467,17.201363,20.641985,23.941172,20.509153,23.844166,15.033754,14.802482,15.030829,15.368885,20.218746,22.997753,21.123026,24.9198,19.92853,22.911179,4.0,4.0,4.0,0.0,0.0,0.0,0.0,0.0
3280,2023.0,1.0,23.0,18.0,21.629316,25.614538,20.167967,22.869019,21.116457,24.44462,20.998775,24.35695,15.023667,15.004226,15.03189,15.411997,20.719587,23.600527,21.49,25.145342,16.56479,16.216608,4.0,4.0,4.0,0.0,0.0,0.0,0.0,0.0
3281,2023.0,1.0,23.0,18.0,21.331886,24.729269,20.059782,22.39616,21.3885,24.615393,21.3112,24.596972,15.028038,15.15577,15.032383,15.442356,21.044233,23.908583,22.087584,25.915268,14.976555,14.492381,4.0,4.0,4.0,0.0,0.0,0.0,0.0,0.0
3282,2023.0,1.0,23.0,19.0,21.652134,25.04979,20.115402,22.33961,21.731318,24.988798,21.625305,24.909018,15.030071,15.257518,15.032326,15.460001,21.318266,24.165588,22.41825,26.211468,15.041883,14.904911,4.0,4.0,4.0,0.0,0.0,0.0,0.0,0.0
3283,2023.0,1.0,23.0,19.0,21.867004,25.209944,20.123873,22.257042,21.96518,25.182875,21.85869,25.102987,15.22354,15.674893,15.032365,15.469215,21.555033,24.381197,22.705494,26.466496,15.02521,15.055517,0.0,4.0,4.0,4.0,0.0,0.0,0.0,0.0
3284,2023.0,1.0,23.0,19.0,21.02334,23.554081,17.289713,16.753809,21.034122,23.394474,21.030252,23.475538,19.012875,21.983383,15.032702,15.476305,21.991207,24.90835,22.368036,25.593718,15.026637,15.187584,0.0,0.0,4.0,0.0,0.0,4.0,0.0,0.0
3285,2023.0,1.0,23.0,19.0,21.148085,23.767548,16.126694,15.648262,21.147545,23.574547,21.153744,23.68839,16.32642,16.431086,15.033145,15.485538,21.185934,23.315723,21.802883,24.490705,15.445721,16.057747,0.0,0.0,0.0,4.0,0.0,0.0,4.0,4.0
3286,2023.0,1.0,23.0,19.0,21.104105,23.604906,16.29159,16.266459,21.107319,23.427462,21.13414,23.59493,20.406284,23.961803,15.033677,15.496191,21.204487,23.269487,22.268816,25.306707,20.3044,24.332922,4.0,4.0,0.0,4.0,0.0,0.0,0.0,4.0
3287,2023.0,1.0,23.0,19.0,21.374802,24.023521,20.23667,23.370203,21.160217,23.510645,21.154951,23.584692,20.016039,23.040901,15.034187,15.506372,21.180794,23.181341,22.245668,25.037094,19.90507,23.140352,4.0,0.0,0.0,0.0,0.0,0.0,4.0,0.0
3288,2023.0,1.0,23.0,20.0,21.318024,23.798485,20.06818,22.637566,21.354458,23.72695,21.651443,24.283413,17.059528,17.046848,15.03416,15.513095,21.892675,24.403156,21.607244,23.737305,16.963942,17.114023,0.0,0.0,0.0,4.0,0.0,0.0,0.0,4.0
3289,2023.0,1.0,23.0,20.0,21.046165,23.282728,17.307022,17.076591,21.008165,23.125612,20.936178,23.038174,20.255524,23.152288,15.033874,15.516135,20.959768,22.63778,20.980669,22.750051,20.25916,23.383669,4.0,4.0,4.0,0.0,0.0,4.0,0.0,0.0
3290,2023.0,1.0,23.0,20.0,21.997253,24.821255,20.16661,22.87739,21.828325,24.681095,22.19398,25.179146,16.858343,16.422432,15.034936,15.522871,21.305172,23.253736,22.250366,24.84034,16.69672,16.286036,4.0,0.0,0.0,0.0,0.0,0.0,4.0,0.0
3291,2023.0,1.0,23.0,20.0,21.629313,24.106493,20.05897,22.372862,21.639002,24.10141,21.557291,23.924856,15.753812,15.608825,15.034751,15.526353,21.759382,23.950453,22.114742,24.566849,15.869615,15.991515,4.0,0.0,0.0,4.0,0.0,4.0,0.0,4.0
3292,2023.0,1.0,23.0,20.0,21.74172,24.329203,20.118555,22.302418,22.175064,24.974657,21.707958,24.220005,19.616224,22.256601,15.034887,15.52745,21.311075,23.140038,22.365475,25.058434,20.399193,23.719418,4.0,4.0,0.0,0.0,0.0,0.0,0.0,4.0
3293,2023.0,1.0,23.0,20.0,21.594053,24.01109,20.126461,22.205294,21.692495,24.037186,21.8893,24.42678,16.465336,15.982308,15.034854,15.526404,21.123138,22.771542,22.214827,24.725155,19.980522,22.771158,0.0,0.0,4.0,0.0,0.0,0.0,0.0,0.0
3294,2023.0,1.0,23.0,21.0,21.029352,23.053463,17.608234,17.273273,21.056713,22.893322,20.939543,22.784952,15.214591,14.852545,15.014535,15.469837,21.103676,22.732563,20.951853,22.527033,17.3133,17.384312,4.0,0.0,0.0,0.0,4.0,0.0,0.0,4.0
3295,2023.0,1.0,23.0,21.0,22.17993,25.016977,20.217424,22.640156,21.907202,24.34512,21.64006,24.019915,15.79711,16.21376,19.23112,22.504997,21.814453,23.951956,22.43913,25.205166,20.43106,23.418098,4.0,0.0,0.0,4.0,0.0,0.0,0.0,0.0
3296,2023.0,1.0,23.0,21.0,21.874613,24.31215,20.062004,22.12278,21.546066,23.683475,21.740107,24.089506,20.26671,23.588608,16.341284,16.601763,21.820824,23.836138,21.95423,24.172215,16.911325,16.455221,4.0,4.0,0.0,4.0,0.0,0.0,0.0,0.0
3297,2023.0,1.0,23.0,21.0,21.647848,23.958252,20.113901,22.09157,21.37093,23.29272,21.862238,24.192453,20.051573,22.944244,15.026828,15.119896,21.51878,23.295527,22.106699,24.46102,15.125719,14.316211,4.0,4.0,0.0,4.0,0.0,4.0,0.0,0.0
3298,2023.0,1.0,23.0,21.0,22.292955,24.973003,20.123487,22.035597,22.541065,25.382265,21.596916,23.752193,20.14569,22.850235,15.034013,15.253346,21.62898,23.459146,22.061121,24.310396,15.138402,14.790165,0.0,4.0,4.0,0.0,0.0,0.0,0.0,0.0
3299,2023.0,1.0,23.0,21.0,20.936907,22.5668,17.703358,17.320253,20.91755,22.41946,20.956049,22.649384,16.83427,16.269865,15.032452,15.327692,21.13829,22.521667,21.041506,22.695883,15.959405,16.589176,4.0,4.0,4.0,0.0,0.0,0.0,4.0,4.0
3300,2023.0,1.0,23.0,22.0,21.993391,24.339855,20.11345,22.313925,21.693209,23.802593,21.61048,23.800644,15.901417,15.694778,15.013329,15.33404,21.342361,22.884243,22.353245,25.062712,20.423546,23.967945,0.0,0.0,0.0,4.0,4.0,0.0,0.0,4.0
3301,2023.0,1.0,23.0,22.0,20.920263,22.514906,17.36631,16.782347,20.990955,22.585491,20.991953,22.692644,20.424976,23.478382,19.19808,22.316694,21.076462,22.496033,20.91523,22.388163,20.067532,23.046234,0.0,0.0,4.0,4.0,0.0,0.0,4.0,0.0
3302,2023.0,1.0,23.0,22.0,21.140047,23.018984,16.14889,15.6031885,21.110392,22.84462,21.140182,23.031958,20.068201,22.658257,16.70221,17.17393,21.53341,23.471674,22.537937,25.311245,16.595697,16.081629,0.0,4.0,0.0,0.0,4.0,0.0,0.0,0.0
3303,2023.0,1.0,23.0,22.0,21.44464,23.416817,16.360716,16.263952,21.4488,23.322735,21.543552,23.494501,17.306856,17.121172,20.236263,23.64139,21.454226,23.08301,21.446856,23.019947,15.648304,15.225606,4.0,0.0,4.0,4.0,4.0,0.0,0.0,0.0
3304,2023.0,1.0,23.0,22.0,21.536968,23.692194,20.198414,23.155035,21.717236,23.746164,21.652164,23.682178,20.44404,23.311718,19.558311,22.276394,21.561995,23.290207,22.395739,24.813528,15.44402,15.127844,0.0,0.0,0.0,4.0,0.0,0.0,0.0,0.0
3305,2023.0,1.0,23.0,22.0,20.993803,22.732302,18.009422,18.464857,20.965473,22.512547,21.01312,22.606485,20.080746,22.507807,16.443659,16.043451,20.989658,22.287395,21.998508,24.129553,14.992599,14.69425,4.0,0.0,0.0,0.0,4.0,0.0,0.0,0.0
3306,2023.0,1.0,23.0,23.0,21.922598,24.302137,20.193672,22.975489,21.98843,24.257421,21.966995,24.247244,16.87978,16.196758,19.812145,22.511513,21.90115,23.874071,21.80979,23.75585,15.029901,14.950766,0.0,0.0,0.0,0.0,4.0,0.0,0.0,0.0
3307,2023.0,1.0,23.0,23.0,20.13623,20.734983,17.131123,16.656525,19.783993,19.908478,20.116976,20.575752,16.344841,16.421062,16.58713,16.107111,19.744123,19.634642,19.63589,19.513014,15.340114,15.658417,0.0,0.0,4.0,4.0,0.0,0.0,0.0,4.0
3308,2023.0,1.0,23.0,23.0,18.552643,18.284851,15.599966,14.34779,18.351156,17.831512,18.464035,18.029371,15.814734,15.489701,15.535426,14.98432,19.49926,19.703106,18.516264,18.072515,14.962421,15.022392,0.0,0.0,0.0,0.0,0.0,4.0,0.0,0.0
3309,2023.0,1.0,23.0,23.0,17.174112,16.21284,15.559195,14.853993,17.697104,17.149899,17.65596,17.04298,14.956987,14.360653,15.2740135,14.8290615,18.699656,18.329748,17.92492,17.497326,15.055163,15.2359,0.0,0.0,4.0,0.0,0.0,0.0,0.0,0.0
3310,2023.0,1.0,23.0,23.0,16.426615,15.389212,15.505215,14.951021,17.233028,16.684425,16.538069,15.364882,15.052775,14.750635,14.996602,14.6625595,17.49182,16.461884,17.452986,17.03778,15.041989,15.240687,0.0,0.0,0.0,0.0,0.0,0.0,0.0,0.0
3311,2023.0,1.0,23.0,23.0,16.600407,16.181473,15.289044,14.755537,16.855936,16.306238,15.8723135,14.633938,15.018544,14.866818,15.034334,14.952958,16.86482,15.771325,17.059086,16.65208,15.175416,15.537016,0.0,0.0,0.0,0.0,0.0,0.0,0.0,4.0
3312,2023.0,1.0,24.0,0.0,17.282183,17.61063,15.083888,14.563409,17.255009,17.330904,15.488618,14.27998,15.024413,15.0071745,15.030034,15.084518,17.911146,18.134357,16.73902,16.354273,15.022963,15.266296,0.0,4.0,0.0,0.0,0.0,4.0,0.0,0.0
3313,2023.0,1.0,24.0,0.0,16.130505,15.340551,15.007203,14.587768,17.359161,17.543613,15.686628,15.020392,15.024867,15.101929,15.015593,15.147864,16.989576,16.111076,16.45265,16.07818,15.050514,15.338165,0.0,4.0,0.0,0.0,4.0,0.0,0.0,0.0
3314,2023.0,1.0,24.0,0.0,15.3816185,14.419965,15.01393,14.715494,15.954568,14.945867,15.730057,15.212226,15.02607,15.174476,15.020486,15.233257,16.250082,15.222773,16.201836,15.836477,15.046766,15.344725,0.0,0.0,0.0,0.0,4.0,0.0,0.0,0.0
3315,2023.0,1.0,24.0,0.0,15.058641,14.072055,15.016485,14.807864,15.142824,13.917934,15.576745,15.074824,15.02828,15.232199,15.039192,15.334112,15.933461,14.885405,15.959434,15.577034,15.02724,15.358881,0.0,0.0,0.0,0.0,0.0,0.0,0.0,0.0
3316,2023.0,1.0,24.0,0.0,15.436927,15.071411,15.015993,14.876015,15.009832,13.951031,15.417508,14.927995,14.99787,15.200083,15.0330925,15.363563,16.304556,15.856609,15.754029,15.373415,15.0314,15.403903,0.0,0.0,0.0,4.0,0.0,0.0,0.0,0.0
3317,2023.0,1.0,24.0,0.0,15.50021,15.208894,15.0179205,14.935516,15.253272,14.642996,15.262098,14.775949,15.039099,15.333346,15.035391,15.399082,16.332762,15.894477,15.568169,15.190971,15.031873,15.433496,0.0,0.0,0.0,0.0,0.0,0.0,0.0,0.0
3318,2023.0,1.0,24.0,1.0,15.385361,15.092566,15.033299,15.016116,15.283762,14.771407,15.112897,14.62314,15.0061245,15.273898,15.067112,15.4875,16.217266,15.775991,15.397118,15.015681,15.061691,15.521827,0.0,0.0,0.0,4.0,0.0,0.0,0.0,0.0
3319,2023.0,1.0,24.0,1.0,15.269799,14.97864,15.03523,15.053217,15.175948,14.672074,15.000387,14.531781,15.100361,15.475324,15.068282,15.497575,16.112415,15.673836,15.246912,14.869004,15.062501,15.534232,0.0,0.0,0.0,0.0,0.0,0.0,0.0,0.0
3320,2023.0,1.0,24.0,1.0,15.162913,14.876374,15.036898,15.088709,15.060511,14.5654125,15.00794,14.65842,15.101113,15.429141,15.069316,15.5147295,16.015165,15.579168,15.109985,14.735334,15.002519,15.397905,0.0,0.0,0.0,0.0,0.0,0.0,0.0,4.0
3321,2023.0,1.0,24.0,1.0,15.064515,14.784025,15.038612,15.120163,15.003144,14.565628,15.012673,14.736277,15.055985,15.381701,15.069977,15.528276,15.924643,15.491102,15.001584,14.646395,15.104185,15.626816,0.0,0.0,0.0,0.0,0.0,0.0,0.0,0.0
3322,2023.0,1.0,24.0,1.0,15.001552,14.755134,15.001752,15.046104,15.008644,14.664771,15.016293,14.802334,15.058317,15.424645,15.070663,15.540521,15.840137,15.40897,15.008414,14.763731,15.103651,15.586726,4.0,0.0,0.0,0.0,0.0,0.0,0.0,0.0
3323,2023.0,1.0,24.0,1.0,15.005829,14.842149,15.043085,15.194409,15.013086,14.735753,15.019123,14.857722,15.059106,15.447563,15.071278,15.55122,15.760996,15.332135,15.013461,14.827093,15.001211,15.384293,0.0,0.0,0.0,0.0,0.0,0.0,0.0,4.0
3324,2023.0,1.0,24.0,2.0,15.009291,14.90213,15.043364,15.2031,15.016209,14.795532,15.022249,14.907026,15.0612335,15.470819,15.071857,15.560892,15.686583,15.259983,15.01667,14.880509,15.106568,15.648455,0.0,0.0,0.0,0.0,0.0,0.0,0.0,0.0
3325,2023.0,1.0,24.0,2.0,15.012993,14.955699,15.044399,15.223909,15.0191145,14.84756,15.024196,14.948682,15.062128,15.488203,15.046019,15.499748,15.616091,15.191406,15.019737,14.925347,15.104056,15.598191,0.0,0.0,0.0,0.0,4.0,0.0,0.0,0.0
3326,2023.0,1.0,24.0,2.0,15.013949,14.997462,15.045292,15.24178,15.021697,14.893309,15.026843,14.987977,15.0633335,15.504346,15.073587,15.593557,15.549135,15.126341,15.02211,14.963044,15.002443,15.401965,0.0,0.0,0.0,0.0,0.0,0.0,0.0,4.0
3327,2023.0,1.0,24.0,2.0,15.016919,15.039244,15.0447035,15.2549715,15.023667,14.933467,15.029055,15.02283,15.063547,15.516945,15.073568,15.5894375,15.485285,15.064355,15.025423,14.99848,15.107651,15.666908,0.0,0.0,0.0,0.0,0.0,0.0,0.0,0.0
3328,2023.0,1.0,24.0,2.0,15.018387,15.073887,15.0455,15.270237,15.025842,14.970657,15.030636,15.054,15.064659,15.530376,15.07389,15.59623,15.424146,15.004995,15.027387,15.027678,15.046098,15.466226,0.0,0.0,0.0,0.0,0.0,0.0,0.0,4.0
3329,2023.0,1.0,24.0,2.0,15.020332,15.107051,15.046074,15.283999,15.027861,15.004638,15.032288,15.083213,15.065175,15.541477,15.0740595,15.601298,15.365374,14.948006,15.028174,15.052604,15.107571,15.650469,0.0,0.0,0.0,0.0,0.0,0.0,0.0,0.0
3330,2023.0,1.0,24.0,3.0,15.022823,15.138715,15.04715,15.298277,15.029591,15.035706,15.033568,15.109952,15.016831,15.425435,15.074468,15.606928,15.308696,14.893036,15.030495,15.079022,15.046211,15.466401,0.0,0.0,0.0,4.0,0.0,0.0,0.0,4.0
3331,2023.0,1.0,24.0,3.0,15.025321,15.168231,15.047955,15.311434,15.030929,15.064249,15.035117,15.135809,15.068945,15.59402,15.074875,15.612548,15.25495,14.842122,15.030984,15.099849,15.107433,15.653029,0.0,0.0,0.0,0.0,0.0,0.0,0.0,0.0
3332,2023.0,1.0,24.0,3.0,15.025548,15.191773,15.048439,15.323695,15.032539,15.091866,15.0362835,15.159697,15.06784,15.580768,15.075102,15.617874,15.203179,14.793095,15.033707,15.124524,15.105243,15.623963,0.0,0.0,0.0,0.0,0.0,0.0,0.0,0.0
3333,2023.0,1.0,24.0,3.0,15.0282,15.219451,15.048928,15.335687,15.033598,15.116931,15.037355,15.182507,15.06855,15.590479,15.075194,15.623044,15.152982,14.745617,15.035929,15.148396,15.065072,15.589579,0.0,0.0,0.0,0.0,0.0,0.0,0.0,0.0
3334,2023.0,1.0,24.0,3.0,15.0273,15.237433,15.050161,15.348812,15.035067,15.14178,15.037214,15.200811,15.017882,15.466064,15.048924,15.558344,15.1040945,14.699411,15.036479,15.168018,15.06723,15.632204,0.0,0.0,0.0,4.0,4.0,0.0,0.0,0.0
3335,2023.0,1.0,24.0,3.0,15.028558,15.259219,15.050542,15.35959,15.03663,15.165626,15.038162,15.22024,15.115272,15.672609,15.076747,15.65055,15.056303,14.654269,15.03726,15.187885,15.068368,15.655693,0.0,0.0,0.0,0.0,0.0,0.0,0.0,0.0
3336,2023.0,1.0,24.0,4.0,15.0296755,15.279186,15.050921,15.370437,15.03772,15.18752,15.039489,15.239237,15.11145,15.608387,15.075847,15.642904,15.009529,14.610111,15.038679,15.208291,15.070175,15.677012,0.0,0.0,0.0,0.0,0.0,0.0,0.0,0.0
3337,2023.0,1.0,24.0,4.0,15.031429,15.298943,15.052218,15.38259,15.037753,15.205681,15.040327,15.256183,15.06507,15.550791,15.076825,15.649617,15.002635,14.641772,15.041027,15.229495,15.070366,15.691235,0.0,0.0,0.0,0.0,0.0,0.0,0.0,0.0
3338,2023.0,1.0,24.0,4.0,15.031956,15.31519,15.052954,15.392994,15.039565,15.226478,15.041915,15.273901,15.067767,15.586993,15.076852,15.652532,15.004861,14.675426,15.042575,15.248034,15.072851,15.707867,0.0,0.0,0.0,0.0,0.0,0.0,0.0,0.0
3339,2023.0,1.0,24.0,4.0,15.034594,15.335147,15.053916,15.403649,15.039956,15.24244,15.042829,15.289327,15.068579,15.603131,15.077367,15.656803,15.007601,14.70469,15.042728,15.263412,15.0117655,15.561192,0.0,0.0,0.0,0.0,0.0,0.0,0.0,4.0
3340,2023.0,1.0,24.0,4.0,15.03471,15.34879,15.054946,15.414001,15.041252,15.259736,15.044247,15.305153,15.021348,15.4925375,15.077878,15.660753,15.008738,14.727568,15.043749,15.280227,15.116903,15.800117,0.0,0.0,0.0,4.0,0.0,0.0,0.0,0.0
3341,2023.0,1.0,24.0,4.0,15.037095,15.366176,15.055404,15.422922,15.042616,15.276215,15.04552,15.319975,15.117999,15.699946,15.078207,15.664263,15.010781,14.750417,15.045304,15.297195,15.05389,15.584772,0.0,0.0,0.0,0.0,0.0,0.0,0.0,4.0
3342,2023.0,1.0,24.0,5.0,15.038821,15.381257,15.056154,15.4323845,15.043794,15.291679,15.046687,15.334094,15.114916,15.639034,15.0792055,15.668967,15.012289,14.770061,15.047062,15.313816,15.114923,15.758852,0.0,0.0,0.0,0.0,0.0,0.0,0.0,0.0
3343,2023.0,1.0,24.0,5.0,15.038967,15.393549,15.056904,15.4419,15.044377,15.305845,15.047086,15.346674,15.068285,15.582521,15.078808,15.670914,15.013525,14.788276,15.047171,15.326915,15.053124,15.567042,0.0,0.0,0.0,0.0,0.0,0.0,0.0,4.0
3344,2023.0,1.0,24.0,5.0,15.038257,15.405168,15.05694,15.450069,15.04528,15.320524,15.047861,15.359989,15.069831,15.617664,15.078917,15.674393,15.014556,14.805143,15.049027,15.3435755,15.053746,15.593768,0.0,0.0,0.0,0.0,0.0,0.0,0.0,4.0
3345,2023.0,1.0,24.0,5.0,15.039183,15.420027,15.057719,15.459897,15.0462265,15.334901,15.048861,15.373369,15.071644,15.636633,15.052492,15.607355,15.014449,14.819062,15.049054,15.355703,15.113375,15.749701,0.0,0.0,0.0,0.0,4.0,0.0,0.0,0.0
3346,2023.0,1.0,24.0,5.0,15.041127,15.436013,15.0580845,15.468535,15.046963,15.348578,15.049023,15.384955,15.071875,15.6498995,15.080044,15.696913,15.015686,14.835251,15.049713,15.369344,15.110599,15.718032,0.0,0.0,0.0,0.0,0.0,0.0,0.0,0.0
3347,2023.0,1.0,24.0,5.0,15.040457,15.446291,15.058793,15.477943,15.0475645,15.3617735,15.049883,15.398076,15.072937,15.662543,15.052977,15.617457,15.016857,14.850178,15.050103,15.3818245,15.051355,15.56258,0.0,0.0,0.0,0.0,4.0,0.0,0.0,4.0
3348,2023.0,1.0,24.0,6.0,15.25232,15.828614,15.025621,15.42696,15.021367,15.3266115,15.022042,15.359161,15.030912,15.596406,15.040986,15.629267,15.008749,14.847019,15.0222845,15.343385,15.06303,15.642771,0.0,0.0,0.0,0.0,0.0,0.0,0.0,0.0
3349,2023.0,1.0,24.0,6.0,18.508678,21.349813,15.031914,15.450264,19.250988,22.572018,19.225676,22.559984,15.039165,15.623054,15.025338,15.5892935,18.758104,21.190842,19.586681,23.231487,15.021526,15.53595,0.0,0.0,0.0,0.0,4.0,0.0,0.0,4.0
3350,2023.0,1.0,24.0,6.0,19.105492,22.027477,15.031517,15.45827,20.111902,23.668253,20.07769,23.645706,15.037618,15.624646,18.703249,21.940712,19.431734,22.197058,20.315851,24.045023,18.511005,21.640781,0.0,0.0,0.0,0.0,0.0,0.0,0.0,0.0
3351,2023.0,1.0,24.0,6.0,20.203062,23.587769,15.031316,15.464696,20.442577,23.785465,20.401827,23.756868,15.037937,15.626013,15.988656,16.182314,19.73212,22.33355,20.691494,24.217218,14.954506,15.059172,0.0,0.0,0.0,0.0,0.0,0.0,0.0,0.0
3352,2023.0,1.0,24.0,6.0,21.189594,24.985756,15.031908,15.472073,21.13182,24.675793,21.09495,24.659105,15.037506,15.623125,15.089906,15.381425,20.329762,23.104424,21.155241,24.700195,15.116284,15.515329,0.0,0.0,0.0,0.0,0.0,0.0,0.0,0.0
3353,2023.0,1.0,24.0,6.0,20.541351,23.504463,15.032294,15.479459,21.112646,24.343212,21.115795,24.400072,15.00834,15.538818,15.032785,15.379683,21.140991,24.240997,22.575388,26.832823,15.0179405,15.383914,0.0,0.0,0.0,4.0,0.0,4.0,4.0,4.0
3354,2023.0,1.0,24.0,7.0,20.674706,23.5395,15.010517,15.424171,21.120096,24.149364,21.122362,24.207113,19.324648,22.999693,15.023529,15.411785,21.076727,23.837694,21.467379,24.534893,18.858017,22.065668,4.0,0.0,0.0,0.0,4.0,4.0,0.0,0.0
3355,2023.0,1.0,24.0,7.0,21.14798,24.234354,18.958366,22.230743,21.116253,23.987818,21.096228,23.986774,16.212255,16.377457,19.372732,22.919981,20.861982,23.225664,21.34069,24.140406,16.07868,16.161926,0.0,0.0,4.0,0.0,4.0,4.0,0.0,4.0
3356,2023.0,1.0,24.0,7.0,21.132425,24.007547,16.60485,17.118244,21.141644,23.921782,21.144371,23.990871,15.170101,15.483962,19.99664,23.547882,20.273441,22.048477,21.343103,24.022745,20.038092,23.560778,4.0,0.0,0.0,4.0,4.0,0.0,0.0,4.0
3357,2023.0,1.0,24.0,7.0,21.020529,23.706629,19.625608,23.074905,21.088264,23.705605,21.090212,23.772139,19.178253,22.279726,18.952522,21.333342,20.76747,22.846827,21.98924,24.988958,19.871435,23.047518,4.0,4.0,4.0,4.0,0.0,4.0,4.0,4.0
3358,2023.0,1.0,24.0,7.0,20.854996,23.311539,18.547148,20.771511,21.09237,23.647293,20.809555,23.163893,19.202412,22.017132,16.018682,15.515508,20.629086,22.485008,20.903584,22.98616,19.254715,21.70104,0.0,4.0,4.0,4.0,4.0,4.0,0.0,0.0
3359,2023.0,1.0,24.0,7.0,20.3779,22.446762,15.186468,14.82786,20.907114,23.207155,20.855585,23.165037,19.50169,22.219213,18.90187,21.10051,20.040422,21.40395,21.126265,23.372667,16.024231,15.355772,0.0,4.0,4.0,4.0,4.0,0.0,4.0,0.0
3360,2023.0,1.0,24.0,8.0,20.928885,23.369984,15.260543,15.177846,21.0017,23.30301,20.464117,22.459244,19.216213,21.513233,18.740833,20.797874,20.698256,22.532213,21.021612,23.201513,15.036861,14.623708,4.0,4.0,0.0,0.0,0.0,4.0,0.0,0.0
3361,2023.0,1.0,24.0,8.0,18.234886,18.126532,19.312706,22.300604,17.80282,17.138424,17.473688,16.739977,16.69667,16.50778,15.800446,15.024863,17.892101,17.087927,18.622374,18.545958,15.047922,14.903387,0.0,0.0,0.0,4.0,0.0,0.0,4.0,0.0
3362,2023.0,1.0,24.0,8.0,16.931313,16.622108,17.025307,17.335339,15.9214945,14.708381,15.734739,14.531238,20.437412,23.642223,15.062108,14.703747,17.276134,16.876917,17.633427,17.572353,15.512169,15.987073,0.0,0.0,0.0,4.0,0.0,4.0,4.0,4.0
3363,2023.0,1.0,24.0,8.0,16.50624,16.204388,15.030415,14.715571,15.248367,13.996768,15.646566,14.970687,20.0884,22.849243,15.0259905,14.895966,16.401176,15.386268,16.295816,15.40141,19.467775,22.610193,0.0,0.0,0.0,0.0,0.0,0.0,0.0,0.0
3364,2023.0,1.0,24.0,8.0,16.20388,15.922259,15.142535,15.084705,16.046652,15.957931,16.281433,16.386564,17.128504,16.930412,15.0142355,15.033325,16.601643,16.247276,15.472595,14.505109,15.863087,15.365199,4.0,4.0,4.0,4.0,4.0,4.0,0.0,0.0
3365,2023.0,1.0,24.0,8.0,15.22434,14.326245,19.584127,22.966852,15.726477,15.3076315,15.71611,15.344305,20.223133,23.035782,19.460884,22.515326,15.871808,14.892683,15.405487,14.410967,15.093192,15.0678005,0.0,0.0,0.0,0.0,0.0,0.0,0.0,0.0
3366,2023.0,1.0,24.0,9.0,15.030187,14.37878,17.002108,17.374966,14.987298,14.2439995,15.279942,14.783728,16.738314,16.164387,16.71262,16.946037,15.327543,14.273031,14.994675,14.214431,15.022646,15.128099,0.0,0.0,4.0,0.0,0.0,0.0,0.0,0.0
3367,2023.0,1.0,24.0,9.0,15.313784,15.084585,15.448742,15.444964,15.043785,14.527071,15.082784,14.591708,14.949978,14.194276,15.219788,15.144661,15.056671,14.012929,15.111126,14.726123,15.038067,15.286189,4.0,0.0,4.0,0.0,4.0,0.0,0.0,0.0
3368,2023.0,1.0,24.0,9.0,15.361068,14.9807005,18.723646,21.241713,15.417834,15.048805,15.388148,15.043436,15.46216,15.129379,19.945683,23.075878,15.416396,14.957589,15.459353,15.153015,15.413099,15.774052,0.0,0.0,0.0,0.0,4.0,0.0,0.0,0.0
3369,2023.0,1.0,24.0,9.0,15.351459,14.820231,15.953213,15.449161,15.896213,15.811999,15.714988,15.489614,15.804618,15.632131,19.45682,22.119972,15.494465,15.086562,15.997054,15.8511,15.04067,15.215706,0.0,0.0,4.0,0.0,0.0,0.0,0.0,0.0
3370,2023.0,1.0,24.0,9.0,15.054581,14.806586,15.055642,14.846303,15.00578,14.651349,15.013795,14.650338,14.995528,14.795117,16.02691,15.310703,15.385092,14.978258,15.090101,14.743976,15.081273,15.421161,0.0,0.0,0.0,0.0,0.0,0.0,0.0,0.0
3371,2023.0,1.0,24.0,9.0,15.007372,14.862876,15.021328,14.952028,15.023751,14.826883,15.044,14.817915,15.040489,15.057627,15.050712,14.636667,15.280754,14.873536,15.023426,14.84383,15.027585,15.4061165,0.0,0.0,0.0,0.0,0.0,0.0,0.0,0.0
3372,2023.0,1.0,24.0,10.0,15.014336,14.988891,15.026303,15.088791,15.017284,14.918326,15.040235,14.890454,15.028925,15.161027,15.030796,14.858932,16.063053,16.441017,15.018408,14.943933,15.035228,15.482215,0.0,0.0,0.0,0.0,0.0,4.0,0.0,0.0
3373,2023.0,1.0,24.0,10.0,15.536045,16.04918,15.026624,15.18342,15.369162,15.644221,15.016461,14.95593,15.030743,15.251466,15.0323515,15.036934,15.766025,15.559787,15.019886,15.025394,15.034913,15.525828,0.0,4.0,0.0,0.0,0.0,4.0,0.0,0.0
3374,2023.0,1.0,24.0,10.0,14.95332,14.939384,15.027435,15.256712,14.96891,14.929552,15.344583,15.642566,15.030584,15.3148775,15.032218,15.157508,15.637464,15.468656,15.749806,16.455994,15.035008,15.55872,0.0,0.0,4.0,0.0,0.0,4.0,4.0,0.0
3375,2023.0,1.0,24.0,10.0,15.045804,15.164642,15.027927,15.313622,15.050131,15.109784,14.974878,14.993348,15.031095,15.367051,15.032141,15.242223,14.949257,14.31514,14.927812,14.821552,15.035176,15.583398,0.0,0.0,0.0,0.0,0.0,0.0,0.0,0.0
3376,2023.0,1.0,24.0,10.0,15.035684,15.177242,15.028572,15.359433,15.040193,15.108511,15.019255,15.074118,15.031331,15.405238,15.033346,15.311372,15.037668,14.559933,15.062785,15.13807,15.034719,15.601223,0.0,0.0,4.0,0.0,0.0,0.0,0.0,0.0
3377,2023.0,1.0,24.0,10.0,15.028116,15.238105,15.016657,15.347262,15.03558,15.166853,15.085954,15.271538,15.059656,15.490561,15.0590515,15.4129925,15.0336075,14.5987425,15.066646,15.164917,15.068445,15.68151,4.0,0.0,0.0,0.0,0.0,0.0,0.0,0.0
3378,2023.0,1.0,24.0,11.0,15.409223,15.987029,19.200727,22.536734,15.259637,15.607475,15.037571,15.18321,15.027286,15.443657,15.028686,15.37995,15.031499,14.667015,15.664061,16.325102,15.030146,15.613364,0.0,4.0,0.0,0.0,0.0,0.0,4.0,0.0
3379,2023.0,1.0,24.0,11.0,15.539415,16.146791,16.92867,17.549301,15.339483,15.726716,15.043677,15.2147665,15.031443,15.467831,15.031799,15.406699,14.999194,14.653015,15.460533,15.706869,15.035223,15.633365,4.0,4.0,0.0,0.0,0.0,0.0,4.0,0.0
3380,2023.0,1.0,24.0,11.0,15.372277,15.431521,19.939627,23.528296,15.55312,15.839808,15.582438,15.988118,15.030816,15.477996,15.011648,15.363006,15.245391,14.893787,15.47713,15.642721,15.034407,15.639208,0.0,4.0,0.0,0.0,4.0,0.0,0.0,0.0
3381,2023.0,1.0,24.0,11.0,15.029086,15.21357,16.4583,16.190937,14.967936,14.968502,14.980964,15.083087,15.030588,15.4865,19.32541,22.790096,15.052617,14.7246475,15.37201,15.613614,15.034079,15.644159,0.0,0.0,0.0,0.0,0.0,0.0,4.0,0.0
3382,2023.0,1.0,24.0,11.0,15.002379,15.1783495,15.05315,14.792736,15.050771,15.184782,15.033005,15.260872,15.030598,15.49413,16.61743,16.947826,15.001201,14.696237,14.981559,14.970784,15.03406,15.648492,0.0,0.0,0.0,0.0,0.0,0.0,0.0,0.0
3383,2023.0,1.0,24.0,11.0,15.008505,15.233827,15.018629,14.945538,15.0068445,15.104714,15.021684,15.292517,15.030209,15.49956,14.985403,14.9077425,15.8266,16.29921,15.044625,15.141666,15.033387,15.650584,0.0,4.0,0.0,0.0,0.0,4.0,0.0,0.0
3384,2023.0,1.0,24.0,12.0,15.042762,15.368939,15.023581,15.107033,15.047112,15.250791,15.023846,15.338306,15.030028,15.504169,15.036219,15.141575,14.972335,14.546926,15.034845,15.156548,15.033391,15.652843,0.0,0.0,0.0,0.0,0.0,0.0,0.0,0.0
3385,2023.0,1.0,24.0,12.0,18.973251,22.13148,15.024123,15.217058,19.819393,23.526144,19.622652,23.247723,15.030213,15.507714,15.026155,15.210236,18.758678,21.093697,19.513844,22.913647,15.033443,15.653398,0.0,4.0,0.0,0.0,0.0,0.0,0.0,0.0
3386,2023.0,1.0,24.0,12.0,19.728695,23.019814,15.025034,15.299318,19.881844,23.128912,20.609459,24.500801,15.029025,15.503907,15.0068865,15.217683,19.872663,22.77379,20.970339,24.994719,15.031903,15.644328,0.0,0.0,0.0,0.0,4.0,4.0,0.0,0.0
3387,2023.0,1.0,24.0,12.0,21.195778,25.219511,15.025839,15.361341,20.658974,24.058321,21.01251,24.776743,15.028784,15.497846,19.746449,23.362534,19.668758,22.034128,21.128353,24.78978,15.031452,15.632462,0.0,4.0,0.0,0.0,4.0,0.0,0.0,0.0
3388,2023.0,1.0,24.0,12.0,20.862396,24.215015,15.026267,15.40319,20.93848,24.204203,21.137783,24.652622,15.337273,16.106709,19.502565,22.427834,20.512465,23.200882,21.705296,25.455275,15.336495,16.229786,0.0,4.0,0.0,0.0,0.0,4.0,0.0,0.0
3389,2023.0,1.0,24.0,12.0,21.14754,24.452755,15.004094,15.370624,21.15209,24.299738,21.1158,24.362415,15.026685,15.468933,16.265858,15.866406,20.2662,22.50458,22.121733,25.866394,15.029258,15.59456,4.0,4.0,0.0,0.0,0.0,0.0,0.0,0.0
3390,2023.0,1.0,24.0,13.0,21.118795,24.18418,19.070534,22.371023,21.120243,24.022594,21.115557,24.185919,15.027106,15.463296,15.475977,15.456298,20.308464,22.372139,22.23006,25.765762,15.029753,15.585841,0.0,4.0,0.0,0.0,4.0,0.0,0.0,0.0
3391,2023.0,1.0,24.0,13.0,21.11344,24.042519,16.884203,17.566563,21.141428,23.910444,21.141798,24.108347,15.705887,16.453733,20.21891,23.542185,20.58575,22.70651,22.269003,25.616545,15.854725,16.825521,4.0,4.0,0.0,0.0,0.0,0.0,0.0,0.0
3392,2023.0,1.0,24.0,13.0,21.134388,23.96106,19.797121,23.173977,21.11521,23.74217,21.10996,23.94399,15.094606,15.364506,17.365047,17.737759,21.569408,24.315815,22.566557,25.873184,14.958482,15.2648735,0.0,4.0,0.0,0.0,0.0,0.0,0.0,0.0
3393,2023.0,1.0,24.0,13.0,21.13033,23.859015,16.690155,16.64301,21.136517,23.713736,21.108166,23.86231,15.063906,15.376122,15.513302,15.21576,21.936295,24.781685,21.853724,24.47697,15.051349,15.490995,0.0,0.0,0.0,0.0,0.0,0.0,4.0,0.0
3394,2023.0,1.0,24.0,13.0,21.099823,23.780489,15.006196,14.669316,21.128622,23.621355,21.106203,23.797092,15.017876,15.327507,15.078026,14.742414,21.248962,23.292952,21.669254,23.900805,15.0240555,15.466433,0.0,0.0,0.0,0.0,0.0,0.0,0.0,0.0
3395,2023.0,1.0,24.0,13.0,21.101873,23.762384,15.02179,14.94125,21.1265,23.554092,21.104488,23.744396,15.024852,15.366963,15.016477,14.835076,21.167248,23.088041,21.824522,24.259302,15.027002,15.490354,0.0,0.0,0.0,0.0,0.0,0.0,0.0,0.0
3396,2023.0,1.0,24.0,14.0,21.074005,23.666609,15.022031,15.102328,21.07009,23.431633,21.102228,23.699486,15.233126,15.755015,15.020954,14.965559,21.086306,22.993221,21.527515,23.839106,15.026675,15.5016165,0.0,4.0,0.0,4.0,0.0,0.0,0.0,0.0
3397,2023.0,1.0,24.0,14.0,18.078753,17.886179,15.021633,15.216674,18.624079,18.69942,18.550032,18.765182,19.924763,23.61208,15.018242,15.051203,19.656336,20.193129,19.388494,19.506767,15.290763,15.981717,0.0,4.0,0.0,0.0,0.0,4.0,0.0,4.0
3398,2023.0,1.0,24.0,14.0,16.462097,15.887006,15.0223465,15.301629,17.348515,17.169182,17.007187,16.791634,16.459732,16.410198,15.019067,15.120719,17.74806,17.006945,17.820509,17.551157,19.383999,22.986376,0.0,4.0,0.0,0.0,0.0,0.0,0.0,0.0
3399,2023.0,1.0,24.0,14.0,15.896177,15.298027,15.023158,15.365993,16.929398,16.757978,16.435438,16.163265,15.019623,14.883462,15.019633,15.174802,17.778744,17.66752,17.222284,16.921925,16.00704,15.901507,0.0,4.0,0.0,0.0,0.0,4.0,0.0,0.0
3400,2023.0,1.0,24.0,14.0,16.723402,17.24658,15.0236635,15.415432,16.643799,16.500986,16.05843,15.78512,15.021712,15.05559,15.0200405,15.221348,17.072334,16.364256,16.816393,16.521097,15.058569,15.17008,0.0,4.0,0.0,0.0,0.0,0.0,0.0,0.0
3401,2023.0,1.0,24.0,14.0,15.877007,15.524863,15.024562,15.451848,16.413462,16.298923,15.755971,15.489001,15.0215,15.168015,15.021029,15.25721,16.54708,15.779634,16.489481,16.206043,15.020259,15.238366,0.0,4.0,0.0,0.0,0.0,0.0,0.0,0.0
3402,2023.0,1.0,24.0,15.0,15.949451,16.099775,15.024773,15.479216,15.544968,14.870437,16.240334,16.625963,15.021979,15.252572,15.021502,15.286027,16.28809,15.537007,17.322983,18.037313,15.025704,15.344712,0.0,0.0,4.0,0.0,0.0,0.0,4.0,0.0
3403,2023.0,1.0,24.0,15.0,15.281937,14.8649,15.003236,15.4386,15.007735,14.272532,15.705739,15.589334,15.02263,15.316316,15.022013,15.310032,16.463331,16.111656,16.212908,15.7369995,15.025896,15.409012,4.0,0.0,0.0,0.0,0.0,0.0,0.0,0.0
3404,2023.0,1.0,24.0,15.0,15.012682,14.689307,19.18675,22.622293,15.022555,14.500129,14.989125,14.558515,15.023959,15.362496,15.022972,15.3309555,16.476799,16.186848,15.440469,14.810108,15.026693,15.462023,0.0,0.0,0.0,0.0,0.0,0.0,0.0,0.0
3405,2023.0,1.0,24.0,15.0,15.019221,14.838538,16.701557,17.231186,15.3680315,15.279274,15.029504,14.781715,15.024112,15.395376,15.022049,15.342003,16.363007,16.085463,15.143763,14.526769,15.027313,15.502664,0.0,4.0,0.0,0.0,0.0,0.0,0.0,0.0
3406,2023.0,1.0,24.0,15.0,15.809048,16.45948,14.991242,15.019345,15.459045,15.441513,15.643752,16.066927,15.204588,15.734396,15.023247,15.356981,16.25069,15.980877,15.001016,14.467182,15.027748,15.534733,0.0,4.0,4.0,4.0,0.0,0.0,0.0,0.0
3407,2023.0,1.0,24.0,15.0,14.98753,14.9111395,15.027305,15.240997,14.988738,14.708115,14.973526,14.827598,19.516542,23.166384,15.024085,15.374047,17.042719,17.587091,15.106498,14.847891,15.02831,15.561047,0.0,0.0,0.0,0.0,0.0,4.0,0.0,0.0
3408,2023.0,1.0,24.0,16.0,15.036387,15.084524,15.012766,15.284256,15.182715,15.153192,15.039315,15.031673,16.718113,17.084276,15.024776,15.391913,16.885454,17.019707,15.076007,14.852098,15.028987,15.584604,4.0,4.0,0.0,4.0,0.0,4.0,0.0,0.0
3409,2023.0,1.0,24.0,16.0,15.01688,15.099793,19.584074,23.355495,15.217058,15.2208185,15.059453,15.086332,19.897293,23.310835,15.025763,15.410051,15.970308,15.408357,15.3499155,15.105174,15.029694,15.605339,0.0,4.0,4.0,0.0,0.0,0.0,0.0,0.0
3410,2023.0,1.0,24.0,16.0,15.615163,16.289728,16.885048,17.46053,15.009891,14.93868,15.028272,15.106289,17.002724,17.324724,15.005591,15.366809,16.3506,16.430838,15.027823,14.819316,15.030432,15.623599,0.0,0.0,0.0,4.0,4.0,4.0,0.0,0.0
3411,2023.0,1.0,24.0,16.0,15.430415,15.741813,15.407256,15.661621,15.030959,15.033959,15.031876,15.150692,20.41444,23.843607,19.303246,22.75161,15.760999,15.177672,15.01575,14.932399,15.031045,15.640464,4.0,0.0,0.0,4.0,0.0,0.0,0.0,0.0
3412,2023.0,1.0,24.0,16.0,15.011261,15.132919,19.824251,23.383963,15.01541,15.006495,15.7515335,15.441951,20.06991,23.004303,16.753134,17.214895,15.311206,14.629565,16.30236,16.084204,15.032005,15.657669,0.0,4.0,0.0,0.0,0.0,0.0,0.0,0.0
3413,2023.0,1.0,24.0,16.0,15.112576,15.3435335,16.900412,17.115799,15.002715,15.024733,15.002991,15.162429,16.854214,16.595095,14.991593,14.915242,15.990859,16.072117,14.989527,14.941222,15.032482,15.673433,4.0,4.0,0.0,0.0,0.0,4.0,0.0,0.0
3414,2023.0,1.0,24.0,17.0,15.116012,15.347874,19.686424,22.833626,15.281027,15.246706,15.038229,15.281798,15.883472,15.839456,15.035636,15.16977,15.466255,14.891169,16.091898,15.868212,15.033019,15.688365,4.0,4.0,0.0,4.0,0.0,0.0,0.0,0.0
3415,2023.0,1.0,24.0,17.0,16.173557,17.206274,20.091825,23.15087,15.386455,15.34128,16.093306,17.04034,20.319725,23.595968,15.025851,15.24834,15.891871,15.981494,15.958896,16.549473,15.033552,15.702319,4.0,4.0,0.0,0.0,0.0,4.0,0.0,0.0
3416,2023.0,1.0,24.0,17.0,15.833175,16.169725,20.124212,22.9031,16.068604,16.741713,15.67485,16.125242,16.837545,16.634579,15.02775,15.324752,15.295693,14.680348,15.795628,15.8074,15.034254,15.715419,4.0,0.0,0.0,0.0,0.0,0.0,0.0,0.0
3417,2023.0,1.0,24.0,17.0,16.131344,16.919697,20.117615,22.678455,16.045786,16.660019,15.688714,16.097372,14.978827,14.425146,15.028336,15.373264,15.7674055,15.875893,15.536609,15.548468,15.034761,15.72709,4.0,0.0,0.0,0.0,0.0,4.0,0.0,0.0
3418,2023.0,1.0,24.0,17.0,15.575477,15.700453,20.116228,22.52517,16.057596,16.660597,15.436345,15.889028,15.032801,14.824239,15.029139,15.408371,15.939429,15.997073,15.5397625,15.582158,15.035325,15.738067,4.0,0.0,4.0,0.0,0.0,4.0,0.0,0.0
3419,2023.0,1.0,24.0,17.0,15.617122,15.739494,20.13124,22.45669,15.717692,16.153257,15.519559,15.99213,15.021193,15.006599,15.029871,15.43422,15.915328,15.962223,15.233143,14.982501,15.035675,15.747402,0.0,4.0,4.0,0.0,0.0,4.0,0.0,0.0
3420,2023.0,1.0,24.0,18.0,15.0634985,15.002967,17.528217,17.366976,15.262365,15.254594,14.997269,15.093564,15.025835,15.151697,15.030205,15.4538145,15.904941,15.943246,15.011337,14.987605,15.036109,15.755707,4.0,4.0,4.0,0.0,0.0,4.0,0.0,0.0
3421,2023.0,1.0,24.0,18.0,21.095224,25.68761,20.197048,22.866135,20.16388,23.974474,19.9841,23.848927,15.026764,15.251544,15.031855,15.474997,19.017126,21.261166,20.53379,24.434904,15.036659,15.76352,4.0,4.0,4.0,0.0,0.0,0.0,0.0,0.0
3422,2023.0,1.0,24.0,18.0,20.134777,23.400866,20.065485,22.387854,20.490244,23.997492,20.313005,23.862282,15.027292,15.326906,15.012053,15.432831,19.479351,21.868675,21.092953,25.077076,15.036634,15.767,4.0,4.0,4.0,0.0,4.0,0.0,0.0,0.0
3423,2023.0,1.0,24.0,18.0,20.218369,23.238928,20.136196,22.399704,20.722109,24.005863,20.552368,23.8754,15.162901,15.604163,19.196703,22.483007,19.630478,21.850842,22.082693,26.364311,15.036642,15.765031,0.0,4.0,4.0,4.0,0.0,0.0,4.0,0.0
3424,2023.0,1.0,24.0,18.0,20.356586,23.197723,17.271145,16.813238,20.931606,24.016401,20.767733,23.889673,19.510975,23.049656,16.710255,17.28048,19.770445,21.828579,20.910038,23.840483,15.042134,15.722339,0.0,4.0,4.0,0.0,4.0,0.0,0.0,4.0
3425,2023.0,1.0,24.0,18.0,21.168072,24.465229,16.517254,16.4665,20.85379,23.686445,21.143042,24.309351,16.039915,15.777336,19.696442,22.853033,21.495039,24.695082,21.189922,24.170113,19.6421,23.660513,4.0,0.0,4.0,0.0,0.0,4.0,0.0,4.0
3426,2023.0,1.0,24.0,19.0,21.777353,25.234741,20.170141,23.09745,21.342587,24.313005,21.233944,24.223701,15.088745,15.140277,16.92283,17.202547,20.883127,23.274464,21.392414,24.340408,19.338924,22.62586,0.0,4.0,4.0,0.0,0.0,4.0,0.0,0.0
3427,2023.0,1.0,24.0,19.0,20.986744,23.643194,17.998104,18.527884,21.079983,23.67694,21.102942,23.826656,15.017978,15.149211,15.117108,14.830312,20.688965,22.769825,22.498123,26.11941,15.768034,15.407043,4.0,4.0,4.0,0.0,0.0,0.0,0.0,0.0
3428,2023.0,1.0,24.0,19.0,21.36245,24.227423,20.175322,22.968971,21.405075,24.131289,21.646408,24.587732,15.029799,15.266718,15.0407295,15.025831,21.502792,24.066454,22.872658,26.575445,15.087731,15.184056,4.0,0.0,4.0,0.0,0.0,4.0,0.0,0.0
3429,2023.0,1.0,24.0,19.0,22.001673,25.207865,20.067114,22.457378,21.593637,24.35106,21.540516,24.316889,15.180871,15.600009,15.008397,15.096919,21.601192,24.065088,22.982254,26.564922,15.018055,15.1725645,4.0,0.0,0.0,4.0,4.0,4.0,0.0,4.0
3430,2023.0,1.0,24.0,19.0,21.677023,24.65842,20.129494,22.410122,21.684988,24.542246,21.358673,23.974224,18.747196,21.589697,19.220787,22.201168,20.964226,22.882986,21.811369,24.202192,19.89717,23.533587,0.0,4.0,0.0,0.0,0.0,0.0,4.0,4.0
3431,2023.0,1.0,24.0,19.0,21.121376,23.502626,17.21028,16.690882,21.1184,23.353525,21.11438,23.445284,15.139481,15.14335,16.575832,16.824463,20.785168,22.46803,21.56085,23.827269,20.034552,23.435606,0.0,4.0,0.0,0.0,0.0,0.0,0.0,4.0
3432,2023.0,1.0,24.0,20.0,21.105936,23.452148,16.490463,16.408222,21.110334,23.309824,21.098862,23.443216,15.123663,15.283531,14.972299,14.826867,21.115952,23.040863,20.997503,22.884169,20.144726,23.322363,4.0,4.0,0.0,0.0,0.0,0.0,0.0,0.0
3433,2023.0,1.0,24.0,20.0,21.588366,24.232529,20.167128,23.066708,21.356766,23.67698,21.33672,23.811836,15.014558,15.196081,15.041137,15.127516,22.067297,24.694958,21.46804,23.676512,16.48377,16.018005,0.0,4.0,0.0,0.0,0.0,0.0,4.0,0.0
3434,2023.0,1.0,24.0,20.0,21.035389,23.212198,17.961374,18.42004,21.059187,23.111183,21.015247,23.212774,15.031537,15.309605,15.028962,15.216335,21.766779,23.931093,20.98874,22.824522,14.988219,14.497989,4.0,0.0,0.0,0.0,0.0,4.0,0.0,0.0
3435,2023.0,1.0,24.0,20.0,21.994583,24.767681,20.173359,22.931242,22.008038,24.63088,22.160503,25.114393,15.029425,15.362087,15.031989,15.299714,21.320963,23.178078,22.178892,24.765806,15.050357,14.907242,4.0,4.0,0.0,0.0,0.0,0.0,4.0,0.0
3436,2023.0,1.0,24.0,20.0,22.21163,25.099901,20.059193,22.405651,22.277117,25.04938,23.032677,26.573975,15.030807,15.403663,15.032791,15.354157,21.254513,23.03359,22.952332,26.11389,15.029726,15.08186,4.0,4.0,4.0,0.0,0.0,0.0,4.0,0.0
3437,2023.0,1.0,24.0,20.0,21.914167,24.502234,20.11597,22.322628,22.501408,25.33147,22.841505,26.08293,15.029523,15.4296875,15.031599,15.389014,21.35172,23.176153,23.216372,26.425926,15.03129,15.23169,4.0,4.0,0.0,0.0,0.0,0.0,4.0,0.0
3438,2023.0,1.0,24.0,21.0,22.569418,25.565434,20.110718,22.182102,22.693136,25.545752,22.582844,25.453295,15.0560665,15.472119,15.031904,15.412865,22.252832,24.758493,22.40119,24.754528,15.030228,15.328645,4.0,4.0,4.0,4.0,0.0,0.0,4.0,0.0
3439,2023.0,1.0,24.0,21.0,22.087032,24.50466,20.127613,22.13764,22.153242,24.454437,22.366072,25.023285,19.671467,23.204393,15.011705,15.379011,21.897964,23.945219,21.821367,23.728233,15.313309,15.914474,0.0,0.0,0.0,0.0,4.0,0.0,4.0,4.0
3440,2023.0,1.0,24.0,21.0,20.921015,22.515144,17.323446,16.701748,20.954054,22.395718,20.972181,22.541761,16.00562,15.682117,19.454666,22.75678,20.951899,22.282148,21.216114,22.90049,20.291285,24.221922,0.0,0.0,0.0,0.0,0.0,0.0,0.0,4.0
3441,2023.0,1.0,24.0,21.0,21.11906,23.009579,16.669115,16.535467,21.115475,22.80215,21.08419,22.90642,15.105994,15.19542,16.597118,16.894634,21.092075,22.639772,21.110752,22.796488,19.90797,23.20762,4.0,4.0,4.0,0.0,0.0,0.0,0.0,0.0
3442,2023.0,1.0,24.0,21.0,22.209885,24.806437,20.233952,23.013882,21.16379,22.962885,21.166151,23.102808,15.305121,15.685185,15.110143,15.111297,21.636974,23.60595,21.183416,23.006485,16.88513,17.010128,0.0,4.0,4.0,4.0,4.0,4.0,0.0,4.0
3443,2023.0,1.0,24.0,21.0,21.090633,22.986784,17.764894,17.915354,21.123854,22.93676,21.103247,22.99466,20.050148,23.606853,19.769642,22.999372,20.963503,22.341219,21.113358,22.90324,20.121506,23.252829,0.0,0.0,4.0,4.0,0.0,4.0,0.0,0.0
3444,2023.0,1.0,24.0,22.0,21.121998,23.098114,16.16418,15.7768345,21.118612,22.940466,21.126812,23.066511,20.09287,23.347363,17.170591,17.672012,21.577185,23.45561,22.2547,24.922224,16.517756,16.077755,0.0,0.0,0.0,4.0,4.0,0.0,4.0,0.0
3445,2023.0,1.0,24.0,22.0,21.090746,23.02396,16.140509,16.066916,21.09534,22.877457,21.122747,23.050318,20.148964,23.10528,19.321981,21.832554,21.016008,22.36824,22.616905,25.478655,14.991537,14.515864,4.0,4.0,0.0,0.0,0.0,4.0,0.0,0.0
3446,2023.0,1.0,24.0,22.0,21.80722,24.208267,20.166313,23.276608,22.173882,24.60411,21.779547,24.088058,17.110136,16.967106,16.213211,15.671097,22.059978,24.16408,22.793516,25.636745,15.592289,15.983501,0.0,4.0,0.0,4.0,0.0,4.0,0.0,4.0
3447,2023.0,1.0,24.0,22.0,20.959555,22.66203,17.533564,17.707516,20.916183,22.38089,20.957441,22.668253,20.283165,23.108923,15.301648,15.099238,20.965725,22.160069,20.90525,22.19693,20.435925,24.085663,0.0,0.0,0.0,0.0,4.0,0.0,0.0,4.0
3448,2023.0,1.0,24.0,22.0,21.139334,23.063951,15.813315,15.386625,21.122751,22.816929,21.110521,23.03765,16.800322,16.222979,20.083927,23.233006,21.894594,23.931622,21.110596,22.762392,20.048756,23.079668,0.0,4.0,0.0,0.0,0.0,4.0,0.0,4.0
3449,2023.0,1.0,24.0,22.0,21.115261,23.021929,15.350998,14.830942,21.122307,22.857897,21.090504,23.032156,16.03658,16.153408,17.191946,17.402115,22.354553,24.563353,21.04724,22.70567,20.150658,23.008345,0.0,0.0,0.0,4.0,0.0,4.0,4.0,0.0
3450,2023.0,1.0,24.0,23.0,21.118883,23.025904,15.066464,14.524731,21.120892,22.857601,21.093353,23.056255,20.517124,23.816967,15.276298,14.881892,21.89342,23.669373,21.126698,22.902128,16.615448,15.994055,0.0,0.0,0.0,4.0,0.0,0.0,0.0,0.0
3451,2023.0,1.0,24.0,23.0,19.01677,19.04907,15.0129595,14.614818,19.049677,18.952805,18.848383,18.764452,16.668108,16.143381,15.067425,14.905795,19.571901,19.167452,18.317722,17.513466,14.977031,14.225016,0.0,0.0,0.0,0.0,4.0,4.0,0.0,0.0
3452,2023.0,1.0,24.0,23.0,17.725351,17.405855,15.016087,14.745399,17.687384,17.171461,17.434515,16.937065,14.984008,14.31833,15.003857,14.94811,17.880348,16.761753,16.862068,15.846417,15.034543,14.690394,0.0,0.0,0.0,0.0,4.0,0.0,0.0,0.0
3453,2023.0,1.0,24.0,23.0,17.963526,18.279566,15.017564,14.843501,17.118702,16.54507,16.880777,16.331806,15.0539465,14.720562,15.0397005,15.154176,17.183596,16.01834,16.819393,16.334076,15.024822,14.914556,0.0,0.0,0.0,0.0,0.0,0.0,0.0,0.0
3454,2023.0,1.0,24.0,23.0,17.200518,16.931274,15.018797,14.920717,16.742765,16.17371,16.512306,15.968782,15.31094,15.427388,15.032636,15.226954,16.782824,15.642981,16.648127,16.226414,15.028615,15.082604,0.0,0.0,0.0,4.0,0.0,0.0,0.0,0.0
3455,2023.0,1.0,24.0,23.0,16.045963,15.086777,15.019779,14.982503,16.431858,15.8714,16.207718,15.672655,15.339249,15.500614,15.034185,15.2911,17.020449,16.468113,16.374338,15.972403,15.029437,15.198568,0.0,0.0,0.0,4.0,0.0,0.0,0.0,0.0
3456,2023.0,1.0,25.0,0.0,15.472059,14.441172,15.021336,15.034257,16.149286,15.5818,15.9313,15.389354,14.988465,14.977636,15.035668,15.342918,17.009813,16.539923,16.105844,15.704117,15.142848,15.482095,0.0,0.0,0.0,0.0,0.0,0.0,0.0,4.0
3457,2023.0,1.0,25.0,0.0,15.786829,15.386997,15.021244,15.0748205,15.929212,15.382773,15.715982,15.193944,15.0637665,15.190985,15.018927,15.333334,16.834093,16.368437,15.8777485,15.480915,15.031456,15.300226,0.0,0.0,0.0,0.0,4.0,0.0,0.0,0.0
3458,2023.0,1.0,25.0,0.0,15.787613,15.454882,15.041909,15.152908,15.714862,15.166156,15.506823,14.982222,15.087579,15.284571,15.067644,15.480908,16.655256,16.187525,15.662267,15.262053,15.034839,15.311223,0.0,0.0,0.0,0.0,0.0,0.0,0.0,4.0
3459,2023.0,1.0,25.0,0.0,15.648516,15.333919,15.043345,15.1787405,15.538396,15.002746,15.334755,14.822085,15.0466585,15.268516,15.067581,15.481838,16.50309,16.040834,15.479461,15.085066,15.036229,15.343969,0.0,0.0,0.0,0.0,0.0,0.0,0.0,4.0
3460,2023.0,1.0,25.0,0.0,15.511847,15.210066,15.044971,15.206791,15.38064,14.857248,15.181085,14.679483,15.052282,15.345446,15.068541,15.498775,16.366932,15.909777,15.315902,14.926839,15.095213,15.50807,0.0,0.0,0.0,0.0,0.0,0.0,0.0,0.0
3461,2023.0,1.0,25.0,0.0,15.384281,15.09292,15.046203,15.231098,15.238125,14.726268,15.042404,14.551134,15.054754,15.386506,15.069863,15.512768,16.24449,15.792113,15.168291,14.784181,15.098079,15.502272,0.0,0.0,0.0,0.0,0.0,0.0,0.0,0.0
3462,2023.0,1.0,25.0,1.0,15.267086,14.985534,15.046826,15.252344,15.108431,14.607414,15.0048895,14.606671,15.05793,15.422775,15.070222,15.523124,16.133778,15.685907,15.034227,14.654762,15.059018,15.476116,0.0,0.0,0.0,0.0,0.0,0.0,0.0,0.0
3463,2023.0,1.0,25.0,1.0,15.1603985,14.889413,15.047843,15.272902,15.000749,14.520914,15.010717,14.708366,15.060737,15.453413,15.070513,15.532416,16.034208,15.591848,15.006666,14.7200575,15.061459,15.52541,0.0,0.0,0.0,0.0,0.0,0.0,0.0,0.0
3464,2023.0,1.0,25.0,1.0,15.062018,14.800973,15.046049,15.285117,15.007333,14.643216,15.015143,14.7840805,15.0615425,15.47586,15.044447,15.470914,15.9435425,15.506495,15.011644,14.8007,15.063949,15.556764,0.0,0.0,0.0,0.0,4.0,0.0,0.0,0.0
3465,2023.0,1.0,25.0,1.0,15.001391,14.778732,15.0467415,15.301448,15.011453,14.719656,15.01824,14.846952,15.063131,15.496741,15.071814,15.564241,15.860302,15.428381,15.016209,14.860971,15.064542,15.579874,0.0,0.0,0.0,0.0,0.0,0.0,0.0,0.0
3466,2023.0,1.0,25.0,1.0,15.006278,14.867768,15.047596,15.316314,15.015136,14.7860985,15.021362,14.901628,15.064135,15.51365,15.071106,15.5585375,15.783447,15.356515,15.018301,14.907422,15.065344,15.599888,0.0,0.0,0.0,0.0,0.0,0.0,0.0,0.0
3467,2023.0,1.0,25.0,1.0,15.009913,14.929008,15.048557,15.330578,15.01806,14.84206,15.023952,14.94894,15.015175,15.399982,15.071396,15.565111,15.712116,15.290047,15.021132,14.948968,15.00618,15.463257,0.0,0.0,0.0,4.0,0.0,0.0,0.0,4.0
3468,2023.0,1.0,25.0,2.0,15.012721,14.981526,15.048727,15.3425665,15.020496,14.890656,15.02553,14.989342,15.017263,15.442497,15.071303,15.569254,15.645585,15.228269,15.022867,14.982928,15.047863,15.549741,0.0,0.0,0.0,4.0,0.0,0.0,0.0,4.0
3469,2023.0,1.0,25.0,2.0,15.015861,15.028193,15.049836,15.355873,15.022442,14.933223,15.028063,15.027791,15.061204,15.500933,15.07145,15.573811,15.581645,15.167395,15.02554,15.0151205,15.106428,15.684201,0.0,0.0,0.0,4.0,0.0,0.0,0.0,0.0
3470,2023.0,1.0,25.0,2.0,15.017786,15.066873,15.050336,15.367137,15.024946,14.972945,15.029613,15.061008,15.106935,15.59675,15.045291,15.508268,15.520821,15.109587,15.026966,15.0415325,15.103527,15.647392,0.0,0.0,0.0,0.0,4.0,0.0,0.0,0.0
3471,2023.0,1.0,25.0,2.0,15.020646,15.103985,15.050651,15.377632,15.026464,15.00733,15.031372,15.092393,15.105084,15.560153,15.072694,15.598453,15.462987,15.054715,15.028446,15.066216,15.065826,15.606704,0.0,0.0,0.0,0.0,0.0,0.0,0.0,0.0
3472,2023.0,1.0,25.0,2.0,15.022193,15.135877,15.051028,15.38798,15.028501,15.040364,15.032781,15.120988,15.062039,15.509304,15.072092,15.590088,15.4078245,15.002463,15.030546,15.090216,15.067867,15.640688,0.0,0.0,0.0,0.0,0.0,0.0,0.0,0.0
3473,2023.0,1.0,25.0,2.0,15.011319,15.141437,15.023377,15.348204,15.014053,15.039193,15.337574,15.694473,14.99981,15.400422,15.031719,15.522809,15.355483,14.953437,15.014907,15.079573,15.03044,15.5890875,0.0,0.0,4.0,4.0,0.0,0.0,0.0,0.0
3474,2023.0,1.0,25.0,3.0,15.0135145,15.173096,15.027757,15.368919,15.016845,15.071721,14.964504,15.009721,15.063524,15.534024,15.037515,15.54089,15.303164,14.903072,15.017931,15.105219,15.036118,15.61772,0.0,0.0,0.0,0.0,0.0,0.0,0.0,0.0
3475,2023.0,1.0,25.0,3.0,15.0268345,15.226315,15.053267,15.43012,15.033362,15.131061,15.081221,15.240824,15.105792,15.598475,15.072969,15.615043,15.257614,14.863806,15.034849,15.159586,15.071045,15.700315,0.0,0.0,0.0,0.0,0.0,0.0,0.0,0.0
3476,2023.0,1.0,25.0,3.0,15.026604,15.244201,15.052725,15.430114,15.034172,15.150766,15.032395,15.158852,15.062904,15.534222,15.045533,15.535234,15.215124,14.827032,15.035629,15.173204,15.069392,15.696022,0.0,0.0,0.0,0.0,4.0,0.0,0.0,0.0
3477,2023.0,1.0,25.0,3.0,15.027531,15.266694,15.053279,15.440071,15.034439,15.172713,15.035201,15.207282,15.064069,15.569173,15.072605,15.624001,15.17424,14.791807,15.036626,15.191572,15.070854,15.70781,0.0,0.0,0.0,0.0,0.0,0.0,0.0,0.0
3478,2023.0,1.0,25.0,3.0,15.028718,15.287329,15.053531,15.448562,15.035842,15.195744,15.036625,15.232056,15.066132,15.588531,15.071934,15.614127,15.135045,14.758204,15.03809,15.209803,15.070446,15.71334,0.0,0.0,0.0,0.0,0.0,0.0,0.0,0.0
3479,2023.0,1.0,25.0,3.0,15.029135,15.30594,15.053622,15.457103,15.035603,15.213759,15.0376005,15.255054,15.065304,15.599872,15.071641,15.616207,15.097449,14.726138,15.037726,15.22392,15.009132,15.563769,0.0,0.0,0.0,0.0,0.0,0.0,0.0,4.0
3480,2023.0,1.0,25.0,4.0,15.030297,15.325305,15.053863,15.4659815,15.036281,15.233089,15.038437,15.275294,15.065848,15.61205,15.071135,15.616857,15.061264,14.695423,15.039071,15.241327,15.10788,15.7936945,0.0,0.0,0.0,0.0,0.0,0.0,0.0,0.0
3481,2023.0,1.0,25.0,4.0,15.031321,15.343184,15.054145,15.474711,15.036435,15.249733,15.039908,15.295114,15.067241,15.623551,15.070701,15.618038,15.025131,14.663417,15.039184,15.255161,15.045255,15.583241,0.0,0.0,0.0,0.0,0.0,0.0,0.0,4.0
3482,2023.0,1.0,25.0,4.0,15.031494,15.358696,15.0545845,15.483584,15.037487,15.267499,15.040594,15.311773,15.066882,15.630001,15.070529,15.61983,15.000584,14.652958,15.040458,15.271043,15.046243,15.605591,0.0,0.0,0.0,0.0,0.0,0.0,0.0,4.0
3483,2023.0,1.0,25.0,4.0,15.032181,15.374783,15.054912,15.491985,15.038742,15.284672,15.041442,15.32789,15.0672035,15.637263,15.04435,15.552409,15.003355,14.690182,15.040616,15.283985,15.103504,15.752137,0.0,0.0,0.0,0.0,4.0,0.0,0.0,0.0
3484,2023.0,1.0,25.0,4.0,15.033706,15.391662,15.055014,15.499736,15.039071,15.299314,15.042241,15.343098,15.06753,15.64357,15.045032,15.570092,15.003793,14.711766,15.041936,15.298936,15.101456,15.719486,0.0,0.0,0.0,0.0,4.0,0.0,0.0,0.0
3485,2023.0,1.0,25.0,4.0,15.034487,15.406247,15.055006,15.507056,15.03976,15.314388,15.042805,15.357297,15.017254,15.519196,15.07153,15.645891,15.0055065,14.734628,15.042238,15.311054,15.100054,15.710504,0.0,0.0,0.0,4.0,0.0,0.0,0.0,0.0
3486,2023.0,1.0,25.0,5.0,15.035515,15.420804,15.055425,15.515218,15.040736,15.329368,15.043568,15.371394,15.069568,15.684219,15.07082,15.635686,15.006087,14.752599,15.042358,15.322758,15.066058,15.6747875,0.0,0.0,0.0,0.0,0.0,0.0,0.0,0.0
3487,2023.0,1.0,25.0,5.0,15.036946,15.434747,15.056186,15.523655,15.041782,15.343743,15.04414,15.384469,15.068728,15.666731,15.070461,15.635561,15.007639,14.771197,15.043225,15.33539,15.068665,15.708986,0.0,0.0,0.0,0.0,0.0,0.0,0.0,0.0
3488,2023.0,1.0,25.0,5.0,15.03676,15.445862,15.056483,15.530841,15.042522,15.356965,15.044979,15.397621,15.06808,15.669037,15.070401,15.6352005,15.008525,14.786946,15.044829,15.3489065,15.069245,15.724351,0.0,0.0,0.0,0.0,0.0,0.0,0.0,0.0
3489,2023.0,1.0,25.0,5.0,15.038222,15.459804,15.056634,15.537738,15.043075,15.369431,15.045889,15.410282,15.068031,15.670366,15.070313,15.635317,15.0093775,14.801961,15.045134,15.359325,15.06931,15.736401,0.0,0.0,0.0,0.0,0.0,0.0,0.0,0.0
3490,2023.0,1.0,25.0,5.0,15.038651,15.470693,15.05698,15.544762,15.04386,15.38197,15.046438,15.42175,15.018707,15.544741,15.070151,15.635691,15.010852,14.817427,15.046091,15.371099,15.070108,15.747225,0.0,0.0,0.0,4.0,0.0,0.0,0.0,0.0
3491,2023.0,1.0,25.0,5.0,15.038782,15.480565,15.057717,15.552223,15.044466,15.393674,15.0473385,15.433599,15.058415,15.6112995,15.043919,15.567038,15.010763,14.829088,15.046588,15.381549,15.010493,15.601405,0.0,0.0,0.0,4.0,4.0,0.0,0.0,4.0
3492,2023.0,1.0,25.0,6.0,15.038989,15.491141,15.020843,15.46025,15.044865,15.404597,15.04743,15.443152,15.105127,15.706967,15.071237,15.654314,15.012185,14.843751,15.047467,15.392642,15.105743,15.826177,4.0,0.0,0.0,0.0,0.0,0.0,0.0,0.0
3493,2023.0,1.0,25.0,6.0,19.452587,23.102404,19.03911,22.371386,19.47634,23.02524,19.448395,23.011616,15.046146,15.571276,15.03187,15.575749,18.986637,21.594927,19.83717,23.701511,15.045114,15.673407,0.0,0.0,0.0,0.0,0.0,0.0,0.0,0.0
3494,2023.0,1.0,25.0,6.0,20.319063,24.107979,16.447416,16.80463,20.424862,24.172607,20.386433,24.14651,15.023453,15.487427,15.0358095,15.581065,19.736458,22.662624,20.66726,24.582066,14.999311,15.575561,0.0,0.0,0.0,4.0,0.0,0.0,0.0,4.0
3495,2023.0,1.0,25.0,6.0,20.831448,24.601955,15.009333,15.080658,20.951023,24.67421,20.904032,24.640837,18.837671,22.094725,15.03567,15.576873,20.200974,23.112694,21.166716,25.002645,18.912241,22.37664,0.0,0.0,0.0,0.0,0.0,0.0,0.0,0.0
3496,2023.0,1.0,25.0,6.0,21.146997,24.801355,15.028857,15.253932,21.147688,24.655708,21.154022,24.722359,15.119826,15.2598715,15.035711,15.574789,21.22434,24.543634,21.590164,25.329317,15.037037,15.218965,0.0,0.0,0.0,0.0,0.0,4.0,0.0,0.0
3497,2023.0,1.0,25.0,6.0,21.110298,24.458063,15.027394,15.33903,21.112926,24.318777,21.114342,24.377138,15.113263,15.417364,15.035751,15.573615,21.547453,24.79672,21.958593,25.698668,15.129855,15.523273,0.0,0.0,0.0,0.0,0.0,4.0,0.0,0.0
3498,2023.0,1.0,25.0,7.0,21.114958,24.275547,15.028809,15.398117,21.115297,24.130526,21.117943,24.194578,15.021978,15.336673,15.035793,15.573203,20.601168,22.818447,22.33512,26.061537,15.021543,15.414323,0.0,0.0,0.0,0.0,0.0,0.0,0.0,0.0
3499,2023.0,1.0,25.0,7.0,21.11211,24.128065,15.028969,15.438354,21.112345,23.980719,21.092772,23.986935,15.03308,15.420229,15.035771,15.5731325,20.56853,22.626553,21.442268,24.249512,15.229702,15.835723,0.0,0.0,4.0,0.0,0.0,0.0,4.0,4.0
3500,2023.0,1.0,25.0,7.0,21.086018,23.950935,15.029527,15.46867,21.087616,23.803318,21.117989,23.953388,15.054099,15.465056,15.015754,15.516398,21.14125,23.500471,21.896273,24.996317,20.08806,24.185284,0.0,4.0,0.0,4.0,4.0,4.0,0.0,4.0
3501,2023.0,1.0,25.0,7.0,21.089355,23.878633,15.029963,15.490987,21.09008,23.726788,21.11079,23.853348,20.40625,24.583727,19.548264,23.239649,20.919464,23.001595,22.006168,25.046644,20.068531,23.587198,0.0,4.0,0.0,4.0,4.0,0.0,0.0,4.0
3502,2023.0,1.0,25.0,7.0,21.14871,23.871479,15.478764,16.388968,21.153015,23.72343,21.154882,23.86808,19.906693,23.272923,19.801012,23.275698,21.401,23.730083,21.673168,24.289967,19.921291,23.008942,4.0,4.0,0.0,4.0,0.0,4.0,0.0,0.0
3503,2023.0,1.0,25.0,7.0,21.110659,23.700481,19.175037,22.53975,21.113607,23.548353,21.107056,23.709692,19.73623,22.59818,16.690022,16.900656,21.464064,23.705235,22.211933,25.084494,16.39871,15.986944,4.0,4.0,0.0,0.0,0.0,4.0,4.0,0.0
3504,2023.0,1.0,25.0,8.0,21.10881,23.623812,19.445917,22.53565,21.112251,23.470472,21.106157,23.65816,16.433027,15.989165,14.988494,14.750723,21.741758,24.07563,22.264717,25.097378,14.9851265,14.522185,4.0,4.0,0.0,0.0,0.0,4.0,0.0,0.0
3505,2023.0,1.0,25.0,8.0,18.50617,18.575857,20.013548,23.135809,18.517714,18.442251,18.46224,18.541029,14.990065,14.4583435,15.099386,15.128015,18.654453,18.050474,18.726158,18.22207,15.04747,14.907894,4.0,4.0,0.0,0.0,4.0,0.0,0.0,0.0
3506,2023.0,1.0,25.0,8.0,17.283783,17.190308,20.179054,23.075695,17.164768,16.806581,17.578932,17.830292,15.615018,15.964153,20.245262,23.786856,17.915735,17.672451,17.929499,17.982246,15.641005,16.241657,4.0,4.0,4.0,4.0,4.0,4.0,4.0,4.0
3507,2023.0,1.0,25.0,8.0,16.18468,15.492086,20.114573,22.74139,16.719597,16.360817,16.716629,16.444996,19.559702,22.56303,19.8079,22.742481,17.788378,17.610672,17.766712,17.886637,20.308678,24.195538,0.0,4.0,0.0,0.0,4.0,4.0,4.0,4.0
3508,2023.0,1.0,25.0,8.0,16.282276,16.16314,16.98066,16.573051,15.754888,14.847672,16.252094,15.94205,16.30431,15.969474,20.17017,23.044033,17.567516,17.417303,17.495827,17.648489,20.138115,23.429901,0.0,0.0,4.0,0.0,4.0,4.0,4.0,0.0
3509,2023.0,1.0,25.0,8.0,15.56344,14.91253,16.098488,16.04408,15.841682,15.449101,16.021923,15.734058,16.71309,16.382088,20.134926,22.713453,17.376478,17.247105,16.336329,15.700559,16.533735,16.175232,4.0,4.0,4.0,0.0,0.0,4.0,0.0,0.0
3510,2023.0,1.0,25.0,9.0,15.7831545,15.710628,20.160915,23.390617,15.184581,14.306899,15.820326,15.5488615,14.991316,14.759404,16.970005,16.458323,16.498394,15.75125,15.573219,14.813252,14.980151,14.497664,0.0,0.0,4.0,0.0,0.0,0.0,0.0,0.0
3511,2023.0,1.0,25.0,9.0,15.051345,14.511353,17.812006,18.40848,15.375625,15.024378,15.002975,14.308408,15.034127,15.038277,15.641312,15.175345,16.737957,16.59819,15.17469,14.414646,15.032376,14.893432,4.0,4.0,0.0,0.0,0.0,4.0,0.0,0.0
3512,2023.0,1.0,25.0,9.0,15.62565,14.737336,20.092934,23.036713,15.569496,15.212344,15.597866,15.326085,15.025964,15.154086,15.322213,14.902483,16.828514,16.73135,16.020994,16.281279,15.68126,16.327084,4.0,0.0,0.0,0.0,0.0,4.0,4.0,4.0
3513,2023.0,1.0,25.0,9.0,16.479307,16.187849,20.088003,22.71234,15.416311,15.162469,15.289569,15.03514,15.028068,15.250585,14.996415,14.630929,16.745535,16.655657,15.300065,14.711168,19.583754,22.982027,0.0,4.0,4.0,0.0,0.0,4.0,0.0,0.0
3514,2023.0,1.0,25.0,9.0,15.190333,15.013917,17.28294,17.109991,15.344828,15.115634,15.260966,15.046721,15.028393,15.316719,15.028741,14.896034,15.942923,15.218131,15.022536,14.619596,16.128489,15.818116,4.0,4.0,4.0,0.0,0.0,0.0,0.0,0.0
3515,2023.0,1.0,25.0,9.0,15.038188,14.865566,19.872698,22.426008,14.992426,14.620027,15.009378,14.730075,15.029298,15.365811,15.023924,15.0344305,15.4513445,14.621803,15.056129,14.805746,15.043816,14.919787,0.0,0.0,0.0,0.0,0.0,0.0,0.0,0.0
3516,2023.0,1.0,25.0,10.0,15.68995,16.221601,17.08151,16.715096,15.070702,14.846856,15.034378,14.87136,15.02974,15.404882,15.026575,15.136736,15.236521,14.411501,15.010825,14.832847,15.0250845,15.081337,0.0,4.0,0.0,0.0,0.0,0.0,0.0,0.0
3517,2023.0,1.0,25.0,10.0,15.207497,15.182393,16.133778,16.106468,15.024627,14.854088,15.03183,14.932304,15.029831,15.433161,15.02744,15.209016,15.088962,14.279162,15.014017,14.919705,15.028335,15.21739,4.0,0.0,0.0,0.0,0.0,0.0,0.0,0.0
3518,2023.0,1.0,25.0,10.0,15.876561,16.390148,20.179182,23.376184,15.000047,14.837196,15.4525175,15.79718,15.030567,15.457099,15.027635,15.260599,15.392577,15.0267725,15.013943,14.980511,15.02815,15.306183,4.0,4.0,4.0,0.0,0.0,0.0,0.0,0.0
3519,2023.0,1.0,25.0,10.0,15.394647,15.548441,20.068502,22.742609,16.025377,16.622313,15.45334,15.508211,15.030263,15.473212,15.02752,15.296326,15.47974,15.151703,15.866243,15.284508,15.028045,15.376576,4.0,0.0,0.0,0.0,0.0,0.0,0.0,0.0
3520,2023.0,1.0,25.0,10.0,16.06904,16.751564,20.121471,22.590776,15.573431,15.123044,15.5962105,15.644367,15.030098,15.484331,15.007101,15.268976,15.42317,15.100282,17.06669,17.291498,15.028407,15.423814,4.0,0.0,0.0,0.0,4.0,0.0,0.0,0.0
3521,2023.0,1.0,25.0,10.0,15.614617,15.766558,20.128931,22.448103,16.08403,16.582363,15.776278,15.933279,15.030161,15.4922905,19.630081,22.956375,16.219492,16.659842,16.15816,16.896673,15.02883,15.459109,0.0,0.0,0.0,0.0,0.0,4.0,4.0,0.0
3522,2023.0,1.0,25.0,11.0,15.2753105,15.391838,17.304813,16.919046,15.143724,14.955352,15.762845,15.747135,15.029917,15.498048,16.827612,17.19211,15.345716,14.7012205,14.956136,14.713194,15.0287485,15.483414,0.0,0.0,0.0,0.0,0.0,0.0,0.0,0.0
3523,2023.0,1.0,25.0,11.0,14.987862,14.943845,16.073929,15.6483345,15.018953,14.944623,14.974624,14.745502,15.029982,15.503721,14.935218,14.713361,15.010693,14.419066,15.062187,15.016289,15.029296,15.503624,0.0,0.0,0.0,0.0,0.0,0.0,0.0,0.0
3524,2023.0,1.0,25.0,11.0,15.032842,15.112423,15.7379265,15.340669,15.481364,15.898524,15.020816,14.972156,15.029913,15.50898,15.041942,15.069799,15.01237,14.485712,15.025143,15.003499,15.029381,15.519548,0.0,4.0,0.0,0.0,0.0,0.0,0.0,0.0
3525,2023.0,1.0,25.0,11.0,15.011432,15.162206,15.936314,15.995214,15.605002,16.047413,15.017148,15.061048,15.029949,15.514043,15.025085,15.137032,15.172025,14.8767605,15.01543,15.05073,15.029509,15.532415,4.0,4.0,0.0,0.0,0.0,0.0,0.0,0.0
3526,2023.0,1.0,25.0,11.0,15.64644,16.148907,20.12671,23.444841,15.775127,16.163637,15.371347,15.781707,15.030244,15.518903,15.02607,15.208604,15.180261,14.879816,15.412269,15.9068165,15.029728,15.543148,4.0,0.0,4.0,0.0,0.0,0.0,0.0,0.0
3527,2023.0,1.0,25.0,11.0,15.701774,16.197058,20.06193,22.835678,15.020923,14.962714,15.49855,15.952296,15.030031,15.521676,15.025518,15.255572,15.143303,14.846463,16.084103,15.838773,15.029945,15.551666,4.0,4.0,4.0,0.0,0.0,0.0,0.0,0.0
3528,2023.0,1.0,25.0,12.0,15.602822,16.252918,20.135254,22.692703,16.12135,16.952053,16.015812,16.806164,15.029981,15.523134,15.005286,15.23501,15.109115,14.815314,15.900441,16.509323,15.029843,15.557547,0.0,0.0,0.0,0.0,4.0,0.0,0.0,0.0
3529,2023.0,1.0,25.0,12.0,19.106422,22.199837,17.156841,16.776865,19.313774,22.328167,19.15764,22.139626,15.029732,15.522437,19.386839,22.532518,19.213661,21.822905,20.38965,24.220297,15.030115,15.562362,0.0,0.0,0.0,0.0,0.0,0.0,0.0,0.0
3530,2023.0,1.0,25.0,12.0,19.863476,23.073988,15.920157,15.515736,20.528849,23.963959,19.953186,23.085802,15.029402,15.518628,16.73113,17.067482,19.984564,22.908245,21.110062,24.948664,15.029337,15.559975,0.0,4.0,0.0,0.0,0.0,0.0,0.0,0.0
3531,2023.0,1.0,25.0,12.0,20.40793,23.671133,16.119535,16.166454,20.66349,23.836971,21.180607,24.914618,15.0287895,15.512146,14.987407,14.80842,20.541147,23.507595,21.483585,25.10688,15.029135,15.554457,4.0,0.0,0.0,0.0,0.0,0.0,0.0,0.0
3532,2023.0,1.0,25.0,12.0,21.399689,25.112474,20.118284,23.31904,20.960835,24.056047,21.459427,24.993086,15.028762,15.505388,15.034605,15.048497,20.923971,23.843502,22.194021,26.04609,15.028378,15.545268,0.0,0.0,0.0,0.0,0.0,0.0,0.0,0.0
3533,2023.0,1.0,25.0,12.0,21.056767,24.224287,17.55376,17.882263,21.104387,24.091698,21.021345,23.962742,15.027766,15.495702,15.021052,15.116915,21.239428,24.109676,21.0324,23.701393,15.027865,15.535521,0.0,4.0,4.0,0.0,0.0,0.0,0.0,0.0
3534,2023.0,1.0,25.0,13.0,21.114777,24.169851,15.822107,15.540939,21.086626,23.905523,21.100962,23.979414,15.02784,15.488541,15.02436,15.187686,21.540718,24.399899,21.120335,23.769924,15.027835,15.527224,0.0,4.0,4.0,0.0,0.0,0.0,0.0,0.0
3535,2023.0,1.0,25.0,13.0,21.105467,24.024612,15.880922,15.960771,21.11686,23.79665,21.117912,23.84966,15.027915,15.482664,15.023731,15.231872,21.626406,24.301624,22.712301,26.4324,15.02754,15.519651,4.0,4.0,4.0,0.0,0.0,0.0,0.0,0.0
3536,2023.0,1.0,25.0,13.0,21.67287,24.915545,20.134424,23.538204,21.457964,24.223875,21.426989,24.231947,15.027778,15.477318,15.024064,15.264958,21.521608,23.869892,22.300543,25.318953,15.02758,15.5136385,0.0,0.0,0.0,0.0,0.0,0.0,0.0,0.0
3537,2023.0,1.0,25.0,13.0,20.983479,23.508595,17.46893,17.842459,21.02994,23.346025,21.04029,23.430271,15.027264,15.470833,15.023518,15.286598,20.990458,22.86924,22.086359,24.794361,15.027357,15.5076885,0.0,4.0,4.0,0.0,0.0,0.0,0.0,0.0
3538,2023.0,1.0,25.0,13.0,21.144218,23.764452,15.727872,15.500774,21.138752,23.522154,21.140533,23.590588,15.026778,15.468219,15.024027,15.304432,22.113777,24.827442,22.013948,24.729248,15.027299,15.50312,0.0,0.0,0.0,0.0,0.0,0.0,0.0,0.0
3539,2023.0,1.0,25.0,13.0,21.119438,23.644497,15.307674,15.00722,21.120651,23.430668,21.123737,23.503548,15.026531,15.466539,15.024731,15.321213,22.370455,25.139866,22.094425,24.81102,15.027123,15.49974,0.0,0.0,0.0,0.0,0.0,0.0,0.0,0.0
3540,2023.0,1.0,25.0,14.0,21.095484,23.51835,15.061788,14.7563715,21.120884,23.38191,21.12404,23.457123,15.118645,15.610216,15.024792,15.334196,20.937857,22.455473,22.172672,24.883366,15.026362,15.498521,0.0,0.0,0.0,4.0,0.0,0.0,0.0,0.0
3541,2023.0,1.0,25.0,14.0,18.715384,18.911516,15.010797,14.831381,19.288914,19.848991,18.707891,18.829454,19.802496,23.490398,15.024983,15.345966,19.092201,18.989464,19.495735,19.542566,15.026271,15.49825,0.0,4.0,0.0,0.0,0.0,0.0,0.0,0.0
3542,2023.0,1.0,25.0,14.0,16.934158,16.411554,15.252799,15.388664,18.29046,18.66123,17.257889,17.006392,16.323246,16.26163,15.025389,15.357626,18.8701,19.230204,17.9638,17.67489,15.0266695,15.501381,4.0,4.0,0.0,0.0,0.0,4.0,0.0,0.0
3543,2023.0,1.0,25.0,14.0,16.209133,15.590908,19.831087,23.38671,16.817875,16.15164,16.705006,16.40459,15.039452,15.01348,15.025811,15.36831,18.092352,17.8503,17.372229,17.059038,15.027029,15.506553,0.0,0.0,0.0,0.0,0.0,0.0,0.0,0.0
3544,2023.0,1.0,25.0,14.0,15.820356,15.220635,17.557869,18.29671,16.648888,16.403276,17.033817,17.347244,15.021405,15.137826,15.025156,15.37438,17.133446,16.407297,16.961021,16.655985,15.027334,15.512484,4.0,4.0,4.0,0.0,0.0,0.0,0.0,0.0
3545,2023.0,1.0,25.0,14.0,16.691717,17.18807,19.468796,22.17849,16.602959,16.449669,16.427315,16.258398,15.025636,15.243664,15.026138,15.381643,17.455673,17.399237,16.627417,16.334328,15.028036,15.521045,0.0,4.0,0.0,0.0,0.0,4.0,0.0,0.0
3546,2023.0,1.0,25.0,15.0,15.919662,15.571096,16.806055,16.643534,16.422676,16.29259,15.498367,14.80946,15.024583,15.308626,15.025031,15.381714,16.799713,16.137886,16.345745,16.064495,15.0281315,15.528447,0.0,4.0,0.0,0.0,0.0,0.0,0.0,0.0
3547,2023.0,1.0,25.0,15.0,16.021967,16.15709,15.465282,15.157946,15.572797,14.863055,15.751755,15.618583,15.213618,15.691613,15.025957,15.387273,17.129995,17.125202,16.101063,15.828112,15.028447,15.536963,0.0,0.0,4.0,4.0,0.0,4.0,0.0,0.0
3548,2023.0,1.0,25.0,15.0,16.095333,16.283024,15.694867,15.8120365,15.794167,15.622883,15.162183,14.52502,19.007895,22.016758,15.026114,15.393395,16.542496,15.950229,15.893404,15.6336565,15.028553,15.544667,4.0,4.0,0.0,0.0,0.0,0.0,0.0,0.0
3549,2023.0,1.0,25.0,15.0,16.041666,16.250196,20.10072,23.622477,15.227989,14.569576,15.421181,15.309682,16.567238,16.87824,15.026506,15.400233,16.071058,15.376129,15.708613,15.458198,15.028699,15.5524025,0.0,0.0,4.0,4.0,0.0,0.0,0.0,0.0
3550,2023.0,1.0,25.0,15.0,15.2576,14.849249,17.712032,18.395761,15.494022,15.361019,14.992039,14.570429,19.916258,23.132225,15.026063,15.40438,15.855469,15.160179,15.545203,15.303723,15.256723,15.950882,4.0,4.0,0.0,0.0,0.0,0.0,0.0,4.0
3551,2023.0,1.0,25.0,15.0,15.591861,15.755532,19.900501,22.742,15.648257,15.610264,15.028082,14.750659,16.601534,16.463366,15.02699,15.409932,16.05288,15.720198,15.39935,15.165372,19.335384,22.971848,0.0,4.0,0.0,0.0,0.0,0.0,0.0,0.0
3552,2023.0,1.0,25.0,16.0,15.014791,14.720907,17.096571,16.93931,14.994737,14.548838,15.020863,14.813488,15.561492,15.616287,15.0257435,15.4082155,16.985294,17.506073,15.266277,15.036794,15.924395,15.801741,0.0,0.0,0.0,4.0,0.0,4.0,0.0,0.0
3553,2023.0,1.0,25.0,16.0,15.026214,14.844462,15.697508,15.392523,15.027783,14.721397,15.007579,14.877089,19.745941,22.780645,15.026627,15.412096,16.095129,15.534512,15.144394,14.919117,15.070732,15.241782,0.0,0.0,0.0,0.0,0.0,0.0,0.0,0.0
3554,2023.0,1.0,25.0,16.0,15.015529,14.893039,15.442361,15.158546,15.2758665,15.238435,15.560105,15.976422,16.549873,16.362722,15.02678,15.416782,15.565402,14.911122,15.03877,14.821851,15.02034,15.271422,0.0,4.0,4.0,0.0,0.0,0.0,0.0,0.0
3555,2023.0,1.0,25.0,16.0,15.784218,16.420383,15.678278,15.807326,15.351804,15.35996,15.129197,15.043994,15.201741,14.933702,15.006784,15.364974,16.257011,16.353352,15.004966,14.844163,15.432153,16.115095,4.0,4.0,0.0,0.0,4.0,4.0,0.0,4.0
3556,2023.0,1.0,25.0,16.0,15.347424,15.035811,20.085606,23.577251,15.326644,15.34242,15.850186,16.284683,14.998627,14.825495,19.219404,22.565458,16.484993,16.586182,15.2526865,14.998326,19.30258,22.712755,4.0,4.0,0.0,0.0,0.0,4.0,0.0,0.0
3557,2023.0,1.0,25.0,16.0,15.391649,15.620616,20.068703,23.0069,15.29491,15.316115,15.640234,15.775956,15.02398,15.041006,16.769663,17.214645,15.772176,15.226666,16.013535,16.728237,16.14178,16.070936,0.0,4.0,4.0,0.0,0.0,0.0,4.0,0.0
3558,2023.0,1.0,25.0,17.0,15.530812,15.811713,17.340067,17.406822,15.263021,15.288991,14.989224,14.827206,15.380316,15.816648,14.9861965,14.884305,16.20039,16.298977,14.984848,14.716833,15.032403,15.0489645,4.0,4.0,0.0,4.0,0.0,4.0,0.0,0.0
3559,2023.0,1.0,25.0,17.0,15.57372,15.721127,20.007917,22.801277,15.233917,15.266496,15.137762,15.1596985,19.367512,22.617609,15.034534,15.125083,15.657135,15.098476,15.94923,15.389484,15.024959,15.192915,0.0,4.0,4.0,0.0,0.0,0.0,0.0,0.0
3560,2023.0,1.0,25.0,17.0,15.5260105,15.797463,17.280037,17.132784,15.206359,15.245696,15.170012,15.224368,16.337076,16.22848,15.021964,15.188577,15.281203,14.658729,15.710004,16.122295,15.49051,16.16012,0.0,4.0,4.0,0.0,0.0,0.0,4.0,4.0
3561,2023.0,1.0,25.0,17.0,15.547805,15.835753,16.35164,16.45418,15.180197,15.225973,15.137189,15.198265,15.007845,14.801884,15.024667,15.255137,15.989303,16.109674,14.966176,14.750647,20.306034,24.419613,4.0,4.0,4.0,0.0,0.0,4.0,0.0,4.0
3562,2023.0,1.0,25.0,17.0,15.522262,15.817291,20.143959,23.25867,15.155655,15.207469,15.874624,16.389835,15.022639,15.014303,15.00437,15.246015,16.247343,16.375511,15.853875,15.313111,20.03565,23.400457,0.0,4.0,0.0,0.0,4.0,4.0,0.0,0.0
3563,2023.0,1.0,25.0,17.0,15.501378,15.804675,17.679455,18.049105,15.132563,15.1901045,15.367221,15.47622,15.021522,15.129686,19.71467,23.154314,15.545099,15.020122,14.994367,14.905191,16.584435,16.405266,0.0,4.0,4.0,0.0,0.0,0.0,0.0,0.0
3564,2023.0,1.0,25.0,18.0,14.979788,14.951983,16.061272,15.873869,15.110284,15.173523,15.209967,15.281836,15.02233,15.211822,16.965393,17.432238,15.170218,14.564139,15.01462,15.002332,14.978503,14.552977,0.0,4.0,4.0,0.0,0.0,0.0,0.0,0.0
3565,2023.0,1.0,25.0,18.0,20.28173,24.226696,15.634312,15.370456,19.432339,22.75024,19.492989,22.81382,15.022765,15.273749,15.152718,14.962255,19.256899,21.67602,20.448826,24.219116,15.043569,14.917607,0.0,0.0,0.0,0.0,0.0,0.0,0.0,0.0
3566,2023.0,1.0,25.0,18.0,20.167007,23.466555,15.854033,15.993156,20.499163,24.039742,20.528194,24.066687,15.022665,15.314605,15.026653,15.026013,20.882244,24.270687,21.067947,24.91772,15.01822,15.051301,4.0,4.0,4.0,0.0,0.0,4.0,0.0,0.0
3567,2023.0,1.0,25.0,18.0,21.22717,24.890358,20.15458,23.59458,21.16283,24.729647,21.165094,24.730494,15.25578,15.750342,15.0451975,15.164761,20.892586,23.813507,21.594315,25.323458,15.02245,15.1761,4.0,4.0,4.0,4.0,4.0,4.0,0.0,0.0
3568,2023.0,1.0,25.0,18.0,21.319267,24.701548,20.052668,22.868122,21.322435,24.64137,20.929039,24.017523,19.779314,23.58895,19.71543,23.00911,21.108273,23.8756,22.051863,25.82808,15.021349,15.25241,4.0,4.0,0.0,0.0,0.0,4.0,0.0,0.0
3569,2023.0,1.0,25.0,18.0,21.053595,23.967468,20.109146,22.646057,21.0854,23.937006,20.978813,23.824657,16.327312,16.264143,16.942617,17.33223,20.649076,22.789106,22.165813,25.654549,15.021713,15.304998,4.0,0.0,0.0,0.0,0.0,0.0,0.0,0.0
3570,2023.0,1.0,25.0,19.0,21.50807,24.58396,20.114763,22.44795,22.015669,25.330269,21.932411,25.264038,15.018568,14.891743,15.246902,15.041936,21.657791,24.372063,22.762953,26.442854,15.479318,16.177238,0.0,4.0,4.0,0.0,0.0,4.0,0.0,4.0
3571,2023.0,1.0,25.0,19.0,21.035156,23.56129,17.757875,17.7522,20.971128,23.268442,21.005386,23.432232,15.018841,15.04512,15.008083,14.896981,21.004227,22.986986,21.785301,24.443647,19.550943,23.103424,4.0,4.0,0.0,0.0,0.0,4.0,4.0,0.0
3572,2023.0,1.0,25.0,19.0,21.689425,24.587563,20.20436,22.779839,21.758005,24.542406,21.700787,24.51961,15.01969,15.138501,15.020148,15.045234,21.49981,23.79516,22.762104,26.019682,16.25634,16.143692,0.0,0.0,0.0,0.0,0.0,0.0,0.0,0.0
3573,2023.0,1.0,25.0,19.0,20.981062,23.22718,17.82783,17.87384,20.969458,23.042402,20.958643,23.147343,15.019443,15.1994915,15.019248,15.121995,21.023079,22.792784,20.901617,22.57551,15.0141945,14.901945,4.0,4.0,4.0,0.0,0.0,4.0,0.0,0.0
3574,2023.0,1.0,25.0,19.0,22.191378,25.192041,20.201015,22.807104,22.06983,24.7806,21.884613,24.751991,15.019705,15.242247,15.020111,15.178602,21.517958,23.601505,22.337017,25.039831,15.019867,15.073632,0.0,4.0,0.0,0.0,0.0,0.0,0.0,0.0
3575,2023.0,1.0,25.0,19.0,20.905151,22.871841,17.834679,17.89891,21.082148,23.164227,20.938309,22.94136,15.019299,15.270148,15.019759,15.216085,20.996424,22.578884,20.891647,22.49716,15.637195,16.333426,4.0,4.0,4.0,0.0,0.0,4.0,0.0,4.0
3576,2023.0,1.0,25.0,20.0,21.902782,24.584234,20.241762,22.875349,21.162195,23.313591,21.184883,23.447342,15.019956,15.291795,15.020374,15.244579,21.710995,23.876663,22.183817,24.759785,19.845554,23.471664,4.0,4.0,0.0,0.0,0.0,4.0,0.0,0.0
3577,2023.0,1.0,25.0,20.0,22.183308,24.961626,20.065096,22.280432,22.11281,24.81132,22.212008,25.052872,15.019824,15.305198,15.0204115,15.263191,21.800503,23.862785,22.197294,24.749979,17.085243,17.51644,0.0,4.0,4.0,0.0,0.0,0.0,0.0,4.0
3578,2023.0,1.0,25.0,20.0,20.932657,22.728956,17.532724,17.273855,21.083504,23.063555,20.91565,22.699986,15.28732,15.798,15.020012,15.273876,20.991936,22.368244,21.020765,22.762686,20.402433,23.805016,0.0,4.0,4.0,4.0,0.0,0.0,4.0,0.0
3579,2023.0,1.0,25.0,20.0,21.104889,23.174522,16.900703,17.00433,21.089378,23.0715,21.116837,23.130676,20.180376,24.013048,15.020799,15.284559,21.099895,22.603165,21.11306,22.987873,16.90962,16.755472,4.0,4.0,4.0,0.0,0.0,0.0,0.0,0.0
3580,2023.0,1.0,25.0,20.0,21.16173,23.339787,20.247374,23.068666,21.165138,23.232431,21.15958,23.228529,16.595415,16.550219,15.021139,15.292926,21.1284,22.705952,21.17957,23.12049,16.1947,16.547403,0.0,0.0,4.0,0.0,0.0,0.0,0.0,4.0
3581,2023.0,1.0,25.0,20.0,21.083815,23.207447,17.9133,18.204111,21.082333,23.028076,21.114502,23.15405,15.51791,15.681942,15.000649,15.248296,21.069813,22.610693,21.097113,22.944834,20.439985,23.773815,0.0,4.0,0.0,4.0,4.0,0.0,0.0,0.0
3582,2023.0,1.0,25.0,21.0,21.083588,23.219069,16.89349,17.08556,21.087194,23.022907,21.108145,23.126318,20.06636,23.34924,19.797081,23.212751,21.069555,22.621569,21.079487,22.939007,16.979616,16.796406,4.0,4.0,0.0,0.0,0.0,0.0,0.0,0.0
3583,2023.0,1.0,25.0,21.0,21.057043,23.148186,20.264343,23.189749,21.110224,23.072313,21.083593,23.03874,16.783312,16.668818,17.012999,17.449558,21.069416,22.624344,21.081524,22.95509,15.319873,14.7870455,4.0,0.0,4.0,0.0,0.0,0.0,0.0,0.0
3584,2023.0,1.0,25.0,21.0,21.724577,24.284437,20.053623,22.400717,22.349117,25.13504,22.074306,24.600061,15.357072,15.114892,15.588847,15.706114,21.754995,23.882755,21.97936,24.55764,15.176992,14.927604,4.0,0.0,4.0,0.0,4.0,0.0,0.0,0.0
3585,2023.0,1.0,25.0,21.0,22.152548,24.849163,20.098593,22.259254,20.919191,22.48171,20.915478,22.540255,15.091982,14.855517,20.18421,23.4861,21.719048,23.721205,20.920835,22.496893,15.042126,14.823704,4.0,4.0,0.0,0.0,0.0,0.0,0.0,0.0
3586,2023.0,1.0,25.0,21.0,20.949913,22.65498,20.08988,22.084488,21.132801,22.958284,21.133062,23.010775,15.009614,14.893594,17.347057,17.697517,20.999598,22.327888,21.187601,23.06863,15.014153,14.938507,4.0,0.0,0.0,0.0,0.0,0.0,0.0,0.0
3587,2023.0,1.0,25.0,21.0,21.094288,22.962019,20.088686,21.970663,21.098177,22.899218,21.076757,22.892513,15.6187105,16.165026,15.607486,15.381327,21.074324,22.509459,21.076233,22.863537,15.015813,15.04644,4.0,0.0,4.0,4.0,0.0,0.0,0.0,0.0
3588,2023.0,1.0,25.0,22.0,22.381958,25.194818,20.105288,21.93715,21.077963,22.905903,21.110422,22.986292,19.563345,22.628479,15.60677,15.702016,21.870705,23.997025,21.079292,22.878475,15.6580715,16.3223,0.0,0.0,0.0,0.0,4.0,0.0,0.0,4.0
3589,2023.0,1.0,25.0,22.0,21.607597,23.455334,17.786364,17.435162,21.521673,23.615816,21.677998,23.759834,16.561142,16.413269,20.31524,23.596922,21.31639,22.787346,21.597477,23.706009,19.999264,23.474762,0.0,0.0,0.0,0.0,0.0,0.0,0.0,0.0
3590,2023.0,1.0,25.0,22.0,20.920002,22.445148,17.250837,17.29639,20.94507,22.564169,20.926825,22.508322,14.983639,14.569465,17.525646,17.902256,20.982126,22.197695,20.918493,22.421005,16.580873,16.460558,4.0,0.0,4.0,0.0,0.0,0.0,0.0,0.0
3591,2023.0,1.0,25.0,22.0,21.219805,23.12969,20.259373,22.774345,21.185663,23.08785,21.197393,23.132147,15.021491,14.838092,16.062855,16.092138,21.142391,22.561073,21.211819,23.045343,14.980014,14.600239,0.0,0.0,0.0,0.0,4.0,0.0,0.0,0.0
3592,2023.0,1.0,25.0,22.0,21.16447,23.058775,18.10015,18.314644,21.172419,23.062603,21.159847,23.04273,16.043032,15.4836235,20.390772,23.51706,21.128496,22.555216,21.182426,23.003508,15.723554,16.233587,0.0,4.0,0.0,0.0,0.0,0.0,0.0,4.0
3593,2023.0,1.0,25.0,22.0,21.069286,22.85673,17.197605,17.34812,21.083115,22.918299,21.101377,22.911386,14.986164,14.9421,17.646105,17.96472,21.034906,22.362673,21.076359,22.799328,20.219864,23.668787,4.0,0.0,0.0,0.0,0.0,4.0,0.0,0.0
3594,2023.0,1.0,25.0,23.0,21.16694,23.07742,20.261951,22.913158,21.162617,23.031883,21.163006,23.067057,15.312768,15.638302,16.264925,16.288687,21.154778,22.617178,21.187796,23.024609,16.78965,16.657785,4.0,0.0,0.0,4.0,4.0,4.0,0.0,0.0
3595,2023.0,1.0,25.0,23.0,18.87005,18.66578,17.637444,17.497164,19.260134,19.319525,19.67399,20.194525,15.44704,15.79785,15.757772,15.552991,19.611523,19.613594,19.955357,20.602995,15.430014,15.221655,0.0,4.0,4.0,4.0,0.0,4.0,4.0,0.0
3596,2023.0,1.0,25.0,23.0,17.837234,17.229807,16.782524,16.365507,18.490377,18.275385,18.437988,18.218548,14.959351,14.960855,15.742006,15.737415,18.44535,17.720755,19.20182,19.393618,15.204328,14.992854,4.0,4.0,0.0,0.0,4.0,0.0,4.0,0.0
3597,2023.0,1.0,25.0,23.0,17.724092,17.521814,16.095425,15.349608,18.12777,17.932062,17.357407,16.623924,15.01052,15.081199,15.679871,15.708448,17.881765,17.11481,17.98314,17.43253,14.995077,14.809202,0.0,4.0,0.0,4.0,4.0,0.0,0.0,0.0
3598,2023.0,1.0,25.0,23.0,17.537006,17.398146,15.611264,14.799482,17.194874,16.44793,16.767878,15.969478,15.035279,15.175816,14.947404,14.571385,17.551695,16.790197,17.244904,16.584663,15.018292,14.981798,0.0,0.0,0.0,0.0,0.0,0.0,0.0,0.0
3599,2023.0,1.0,25.0,23.0,17.273937,17.13637,15.747842,15.358835,16.624496,15.793692,16.83695,16.466045,15.029747,15.182691,15.050687,14.886709,17.284315,16.52914,16.841913,16.173428,15.01745,15.064639,0.0,0.0,0.0,0.0,0.0,0.0,0.0,0.0
3600,2023.0,1.0,26.0,0.0,17.046473,16.911646,15.718824,15.3948965,16.323553,15.510263,16.736666,16.421087,15.017249,15.197643,15.01163,14.928487,17.435137,17.066349,17.62077,17.911211,15.016976,15.126949,0.0,0.0,0.0,0.0,0.0,0.0,4.0,0.0
3601,2023.0,1.0,26.0,0.0,16.850988,16.723215,15.58534,15.27164,16.463505,16.051346,16.54871,16.243168,15.019725,15.230184,15.018437,15.021701,17.419943,17.107409,16.88601,16.359644,15.017867,15.174824,0.0,0.0,0.0,0.0,0.0,0.0,0.0,0.0
3602,2023.0,1.0,26.0,0.0,16.67415,16.54182,15.443364,15.122914,16.447725,16.107971,16.360298,16.048016,15.020386,15.253012,15.002814,15.041831,17.291172,16.982683,16.289904,15.647255,15.018696,15.211591,0.0,0.0,0.0,0.0,4.0,0.0,0.0,0.0
3603,2023.0,1.0,26.0,0.0,16.517387,16.382578,15.316534,14.991553,16.305037,15.966949,16.195196,15.880359,15.037398,15.304256,15.0314865,15.165882,17.159567,16.845364,16.025946,15.384875,15.033607,15.2701845,0.0,0.0,0.0,0.0,0.0,0.0,0.0,0.0
3604,2023.0,1.0,26.0,0.0,16.381907,16.24933,15.211474,14.892135,16.174807,15.845306,16.057405,15.750666,15.016332,15.273729,14.998797,15.1136,17.041143,16.727165,16.18551,15.909281,15.016028,15.25302,0.0,0.0,0.0,0.0,4.0,0.0,0.0,0.0
3605,2023.0,1.0,26.0,0.0,16.262877,16.136078,15.116603,14.802971,16.056757,15.736529,15.934633,15.636584,15.022381,15.297163,15.0101385,15.165086,17.714626,18.097355,16.145523,15.876696,15.020938,15.280482,0.0,0.0,0.0,0.0,4.0,4.0,0.0,0.0
3606,2023.0,1.0,26.0,1.0,16.159348,16.041985,15.02489,14.71162,15.943435,15.626175,15.817378,15.521683,15.079402,15.392128,15.008561,15.185779,16.819267,16.175821,16.038399,15.7721,15.020624,15.294529,0.0,0.0,0.0,4.0,4.0,0.0,0.0,0.0
3607,2023.0,1.0,26.0,1.0,16.053984,15.930562,15.004585,14.751532,15.827708,15.502096,15.698447,15.393397,15.040626,15.334525,15.072969,15.311263,16.303888,15.566915,15.920328,15.64616,15.03926,15.344432,0.0,0.0,0.0,0.0,0.0,0.0,0.0,0.0
3608,2023.0,1.0,26.0,1.0,15.958481,15.833083,15.006766,14.80223,15.735742,15.418224,15.604808,15.307082,15.066257,15.380014,15.030719,15.207323,16.549961,16.22201,15.818778,15.546825,15.017464,15.309846,0.0,0.0,0.0,4.0,0.0,0.0,0.0,0.0
3609,2023.0,1.0,26.0,1.0,15.863502,15.732282,15.011018,14.856471,15.6392765,15.318425,15.507264,15.205415,15.070887,15.385696,15.039729,15.25417,16.56322,16.239096,15.71792,15.442044,15.044166,15.375548,0.0,0.0,0.0,0.0,0.0,0.0,0.0,0.0
3610,2023.0,1.0,26.0,1.0,15.7815695,15.650866,15.012928,14.892701,15.55341,15.2343235,15.420936,15.120067,15.073875,15.377027,15.016528,15.210078,16.491835,16.16607,15.625829,15.349018,15.044129,15.377431,0.0,0.0,0.0,0.0,4.0,0.0,0.0,0.0
3611,2023.0,1.0,26.0,1.0,15.70617,15.577146,15.01518,14.925709,15.472229,15.154517,15.339641,15.039381,15.044293,15.339297,15.043901,15.306135,16.4194,16.092108,15.538928,15.261131,15.044184,15.386551,0.0,0.0,0.0,0.0,0.0,0.0,0.0,0.0
3612,2023.0,1.0,26.0,2.0,15.634605,15.506398,15.017328,14.954543,15.394995,15.078303,15.262588,14.962602,15.04533,15.363447,15.045293,15.314556,16.349516,16.020697,15.456465,15.177637,15.045962,15.39802,0.0,0.0,0.0,0.0,0.0,0.0,0.0,0.0
3613,2023.0,1.0,26.0,2.0,15.566473,15.438896,15.018864,14.97941,15.321551,15.005966,15.189553,14.889952,15.0458765,15.375933,15.020638,15.259586,16.282644,15.952554,15.3780775,15.098433,15.046587,15.406615,0.0,0.0,0.0,0.0,4.0,0.0,0.0,0.0
3614,2023.0,1.0,26.0,2.0,15.502005,15.375547,15.020003,15.001405,15.251137,14.936357,15.1197605,14.820256,15.047033,15.388506,15.048368,15.354204,16.218391,15.88701,15.303115,15.022619,15.046274,15.413533,0.0,0.0,0.0,0.0,0.0,0.0,0.0,0.0
3615,2023.0,1.0,26.0,2.0,15.439206,15.312599,15.021881,15.023243,15.183275,14.869027,15.052677,14.753021,15.048432,15.399796,15.048878,15.353697,16.15643,15.823742,15.2310915,14.949718,15.047899,15.424251,0.0,0.0,0.0,0.0,0.0,0.0,0.0,0.0
3616,2023.0,1.0,26.0,2.0,15.378121,15.250945,15.02328,15.042623,15.117606,14.803643,15.000551,14.712514,15.049239,15.40881,15.049879,15.36306,16.096489,15.762481,15.161614,14.879343,15.048402,15.432014,0.0,0.0,0.0,0.0,0.0,0.0,0.0,0.0
3617,2023.0,1.0,26.0,2.0,15.318804,15.190913,15.024126,15.059939,15.053839,14.739936,15.004303,14.774304,15.049705,15.4166565,15.050249,15.369612,16.038324,15.702981,15.094347,14.811158,15.174317,15.644786,0.0,0.0,0.0,0.0,0.0,0.0,0.0,4.0
3618,2023.0,1.0,26.0,3.0,15.261699,15.133556,15.025173,15.076829,15.00061,14.694962,15.007076,14.814847,15.000681,15.296249,15.050881,15.376868,15.981701,15.645002,15.028969,14.744821,15.074269,15.433846,0.0,0.0,0.0,4.0,0.0,0.0,0.0,0.0
3619,2023.0,1.0,26.0,3.0,15.207971,15.081107,15.025939,15.092478,15.004512,14.756558,15.009117,14.850294,15.0842495,15.489784,15.051775,15.384421,15.928053,15.591563,15.002834,14.752729,15.075967,15.451526,0.0,0.0,0.0,0.0,0.0,0.0,0.0,0.0
3620,2023.0,1.0,26.0,3.0,15.170201,15.058678,15.027357,15.108908,15.006855,14.796195,15.010681,14.881287,15.049786,15.412019,15.0522,15.390845,15.87635,15.540062,15.005395,14.799397,15.046926,15.414828,0.0,0.0,0.0,0.0,0.0,0.0,0.0,0.0
3621,2023.0,1.0,26.0,3.0,15.12693,15.019802,15.028579,15.124295,15.008146,14.830446,15.013267,14.911693,15.001289,15.306949,15.05253,15.396919,15.82624,15.490154,15.007137,14.831331,15.04902,15.442546,0.0,0.0,0.0,4.0,0.0,0.0,0.0,0.0
3622,2023.0,1.0,26.0,3.0,15.079776,14.9733925,15.0291,15.137896,15.010176,14.862719,15.014553,14.937151,15.0842905,15.499678,15.026771,15.333352,15.77759,15.441714,15.010031,14.862329,15.049579,15.455379,0.0,0.0,0.0,0.0,4.0,0.0,0.0,0.0
3623,2023.0,1.0,26.0,3.0,15.026241,14.91425,15.028454,15.147957,15.012623,14.89294,15.015894,14.961404,15.03353,15.326624,15.054332,15.42474,15.730285,15.394624,15.012282,14.888345,15.050791,15.468384,0.0,0.0,0.0,4.0,0.0,0.0,0.0,0.0
3624,2023.0,1.0,26.0,4.0,15.001903,14.912775,15.029456,15.161132,15.013819,14.918507,15.016955,14.983657,15.083684,15.47243,15.027663,15.348028,15.684197,15.348748,15.013816,14.910861,15.051209,15.477894,0.0,0.0,0.0,0.0,4.0,0.0,0.0,0.0
3625,2023.0,1.0,26.0,4.0,15.003522,14.952808,15.029851,15.172411,15.015449,14.943743,15.01876,15.006504,15.081092,15.4395895,15.028572,15.368691,15.6410675,15.307689,15.014218,14.929824,15.05238,15.488058,0.0,0.0,0.0,0.0,4.0,0.0,0.0,0.0
3626,2023.0,1.0,26.0,4.0,15.006042,14.985429,15.030744,15.184659,15.01612,14.965762,15.019729,15.026617,15.048785,15.406238,15.055427,15.446517,15.599592,15.268258,15.016644,14.951873,15.119832,15.58774,0.0,0.0,0.0,0.0,0.0,0.0,0.0,4.0
3627,2023.0,1.0,26.0,4.0,15.008343,15.014764,15.031528,15.196437,15.017666,14.988674,15.020669,15.045937,15.051183,15.437502,15.055078,15.438692,15.559183,15.229879,15.016381,14.966965,15.020649,15.361048,0.0,0.0,0.0,0.0,0.0,0.0,0.0,4.0
3628,2023.0,1.0,26.0,4.0,15.008422,15.037516,15.032163,15.207884,15.018618,15.009308,15.021628,15.064613,15.051966,15.452624,15.028591,15.37111,15.519714,15.192425,15.01843,14.986856,15.081386,15.543611,0.0,0.0,0.0,0.0,4.0,0.0,0.0,0.0
3629,2023.0,1.0,26.0,4.0,15.011542,15.065047,15.033043,15.219562,15.020428,15.031051,15.0229225,15.08351,15.052841,15.466171,15.056297,15.4600315,15.4810915,15.1558,15.019859,15.003946,15.079518,15.507487,0.0,0.0,0.0,0.0,0.0,0.0,0.0,0.0
3630,2023.0,1.0,26.0,5.0,15.010952,15.084047,15.033276,15.229803,15.020681,15.048866,15.023345,15.100003,15.0542145,15.478418,15.055512,15.450271,15.443223,15.119915,15.019958,15.018233,15.051081,15.476958,0.0,0.0,0.0,0.0,0.0,0.0,0.0,0.0
3631,2023.0,1.0,26.0,5.0,15.012026,15.1063385,15.034156,15.2415085,15.022177,15.069101,15.023906,15.11613,15.0540495,15.486158,15.029395,15.384131,15.407819,15.088203,15.021841,15.036087,15.052287,15.501337,0.0,0.0,0.0,0.0,4.0,0.0,0.0,0.0
3632,2023.0,1.0,26.0,5.0,15.012395,15.125749,15.034526,15.251846,15.0228195,15.086834,15.024178,15.131084,15.054688,15.494921,15.056407,15.471948,15.373677,15.057716,15.022619,15.050666,15.05247,15.513251,0.0,0.0,0.0,0.0,0.0,0.0,0.0,0.0
3633,2023.0,1.0,26.0,5.0,15.007335,15.131981,15.016249,15.2286825,15.011091,15.080795,15.012273,15.123065,15.024507,15.447745,15.024491,15.408985,16.21225,16.681498,15.011556,15.043991,15.024433,15.473439,0.0,0.0,0.0,0.0,0.0,4.0,0.0,0.0
3634,2023.0,1.0,26.0,5.0,15.009147,15.151459,15.019007,15.245783,15.0128765,15.100893,15.014268,15.14214,15.028568,15.465045,15.029241,15.423722,15.708671,15.452894,15.013322,15.062608,15.083235,15.562927,0.0,0.0,0.0,0.0,0.0,0.0,0.0,4.0
3635,2023.0,1.0,26.0,5.0,15.008382,15.166437,15.018823,15.256252,15.013209,15.116617,15.01455,15.156716,15.028224,15.472031,15.012173,15.381038,15.057372,14.378993,15.013975,15.078095,15.020748,15.487718,0.0,0.0,0.0,0.0,4.0,0.0,0.0,0.0
3636,2023.0,1.0,26.0,6.0,15.009984,15.1843605,15.019261,15.26752,15.013696,15.132651,15.014824,15.170882,15.028206,15.478695,15.032217,15.44235,15.016361,14.477898,15.830659,16.612036,15.044142,15.515697,0.0,0.0,0.0,0.0,0.0,0.0,4.0,0.0
3637,2023.0,1.0,26.0,6.0,19.660856,23.159813,15.019649,15.278045,19.720625,23.230423,19.612638,23.031418,15.028873,15.485055,15.028719,15.438632,19.304506,21.777685,19.603834,22.8862,15.005984,15.400565,0.0,0.0,0.0,0.0,0.0,0.0,0.0,4.0
3638,2023.0,1.0,26.0,6.0,20.836695,24.734758,15.019945,15.287783,21.161171,25.214684,20.861717,24.740906,15.028228,15.483481,15.028925,15.439388,20.274296,23.286142,20.556438,24.058691,19.300406,22.858526,0.0,4.0,0.0,0.0,0.0,0.0,0.0,0.0
3639,2023.0,1.0,26.0,6.0,21.14124,24.806507,15.020279,15.297209,21.109358,24.63206,21.144482,24.766037,15.027978,15.478665,15.0288105,15.437897,21.289965,24.680248,20.994402,24.388271,15.904434,15.698081,0.0,0.0,0.0,0.0,0.0,4.0,0.0,0.0
3640,2023.0,1.0,26.0,6.0,21.108618,24.400082,15.020532,15.306136,21.08888,24.238007,21.110641,24.355097,15.027806,15.472498,15.028722,15.436015,20.362762,22.650755,21.884518,25.612206,15.405236,15.895908,0.0,4.0,0.0,0.0,0.0,0.0,0.0,4.0
3641,2023.0,1.0,26.0,6.0,21.10568,24.158165,15.020879,15.315015,21.125906,24.037987,21.110006,24.11509,14.998358,15.385713,15.028836,15.434683,21.166489,23.786983,22.269007,25.906168,19.417112,22.698612,0.0,0.0,0.0,4.0,0.0,4.0,0.0,0.0
3642,2023.0,1.0,26.0,7.0,21.103666,23.982424,15.021177,15.323414,21.12924,23.833334,21.10688,23.93568,19.64966,23.481804,15.013089,15.388719,21.382013,23.933973,22.665447,26.359783,16.20134,15.958676,0.0,0.0,0.0,0.0,4.0,4.0,0.0,0.0
3643,2023.0,1.0,26.0,7.0,21.100477,23.848257,15.021334,15.330908,21.126991,23.67062,21.104956,23.802895,16.514105,16.77618,19.748047,23.415401,21.070507,23.195177,22.550856,25.796392,15.025728,14.86899,0.0,0.0,0.0,0.0,4.0,0.0,0.0,0.0
3644,2023.0,1.0,26.0,7.0,22.173512,25.558365,16.191679,17.30862,22.317509,25.597197,22.18709,25.519363,16.10961,16.568556,20.069342,23.53037,21.243116,23.380777,22.721685,25.851406,16.562624,17.715277,0.0,0.0,0.0,0.0,0.0,0.0,0.0,0.0
3645,2023.0,1.0,26.0,7.0,20.926332,23.199696,15.059118,15.23938,20.92025,22.990005,20.928116,23.140415,15.011831,15.022223,17.082865,17.363703,21.088047,22.992664,20.879097,22.554453,15.356636,15.231868,0.0,0.0,0.0,0.0,0.0,0.0,0.0,0.0
3646,2023.0,1.0,26.0,7.0,21.11874,23.568628,15.039235,15.261773,21.123348,23.399794,21.12333,23.51484,15.382563,15.835317,15.371368,15.07486,21.079802,22.952206,21.12681,23.136019,15.033809,15.086718,0.0,0.0,0.0,4.0,0.0,0.0,0.0,0.0
3647,2023.0,1.0,26.0,7.0,21.090958,23.489918,15.017965,15.260272,21.090586,23.323843,21.09439,23.434443,19.465601,22.636068,15.363714,15.4228735,21.079964,22.925806,21.085938,23.09884,15.575027,16.206114,0.0,0.0,0.0,0.0,4.0,0.0,0.0,4.0
3648,2023.0,1.0,26.0,8.0,21.092007,23.464443,15.020844,15.29525,21.069405,23.246157,21.096617,23.413872,16.266111,16.062393,20.22574,23.8047,21.078897,22.897991,21.089533,23.125647,19.711466,23.228933,0.0,4.0,0.0,0.0,4.0,0.0,0.0,0.0
3649,2023.0,1.0,26.0,8.0,19.29666,19.961357,14.999126,15.252746,18.829807,18.964697,19.218687,19.75488,15.392228,15.573589,20.040363,23.018553,19.036486,18.944841,18.829662,18.788906,16.95953,17.330091,4.0,0.0,4.0,0.0,0.0,0.0,0.0,4.0
3650,2023.0,1.0,26.0,8.0,18.44136,19.009916,19.986282,23.809862,17.615788,17.422396,18.238997,18.608122,15.483612,15.878348,16.865204,16.593237,18.005295,17.68081,17.61095,17.325008,20.531017,24.0743,4.0,4.0,4.0,4.0,0.0,0.0,0.0,4.0
3651,2023.0,1.0,26.0,8.0,17.703606,17.826977,20.01288,23.318762,17.220339,17.02029,16.80679,16.149511,20.38583,24.093437,15.921413,15.923366,17.623692,17.285965,17.115181,16.812832,20.06662,22.997557,4.0,4.0,0.0,4.0,4.0,0.0,0.0,0.0
3652,2023.0,1.0,26.0,8.0,17.275333,17.356997,20.132578,23.116373,16.304203,15.559646,15.983589,15.1614895,20.560547,23.932972,20.449005,23.620045,17.342344,17.010685,16.760998,16.46639,16.841904,16.546629,4.0,0.0,0.0,4.0,4.0,0.0,0.0,0.0
3653,2023.0,1.0,26.0,8.0,17.045156,17.133461,20.668198,23.692144,16.43999,16.223694,15.599571,14.76966,20.842718,24.111858,20.06071,22.710413,17.106216,16.77902,16.463903,16.173315,15.273012,14.6578,4.0,4.0,0.0,0.0,0.0,0.0,0.0,0.0
3654,2023.0,1.0,26.0,9.0,16.865877,16.963694,20.013226,22.286535,15.790836,15.069873,15.70768,15.286217,17.820457,17.974018,17.078732,16.72882,16.91339,16.598528,16.220196,15.94345,15.109127,14.80646,4.0,0.0,0.0,4.0,0.0,0.0,0.0,0.0
3655,2023.0,1.0,26.0,9.0,16.718363,16.832129,20.1362,22.413187,15.999289,15.796217,16.405182,16.704685,20.44827,23.188652,15.811259,15.429175,16.744474,16.43771,17.101637,17.804691,15.914066,16.519373,0.0,4.0,4.0,4.0,0.0,0.0,4.0,4.0
3656,2023.0,1.0,26.0,9.0,16.600344,16.729214,17.738789,17.69902,15.4374075,14.75039,15.944955,15.762999,20.046606,22.374796,15.535495,15.195203,16.595842,16.291315,17.005056,17.333467,19.872656,23.21317,4.0,0.0,0.0,4.0,0.0,0.0,4.0,0.0
3657,2023.0,1.0,26.0,9.0,15.789495,15.313664,20.184462,22.746647,15.365862,14.545694,15.135828,14.451739,20.12823,22.425303,15.251533,14.919771,16.463852,16.161762,15.925149,15.433425,16.659054,16.508263,0.0,0.0,0.0,0.0,0.0,0.0,0.0,0.0
3658,2023.0,1.0,26.0,9.0,15.336721,14.779736,17.761354,17.78212,15.672872,15.525029,15.466002,15.326702,17.869604,17.956339,15.001856,14.700737,16.34783,16.048824,16.412275,16.76129,15.878509,16.124674,4.0,4.0,4.0,4.0,0.0,0.0,4.0,4.0
3659,2023.0,1.0,26.0,9.0,15.888114,15.991926,20.130695,22.716932,15.812581,15.750759,15.636975,15.593615,20.394865,22.979712,15.021485,14.8882475,17.026915,17.42463,15.684754,15.203605,20.103577,23.277958,0.0,4.0,4.0,0.0,0.0,4.0,0.0,0.0
3660,2023.0,1.0,26.0,10.0,16.090523,16.280046,17.710876,17.719603,15.768233,15.720865,15.60592,15.57577,17.871765,17.989515,15.017774,14.984667,16.541605,16.308372,15.1414995,14.568544,16.803926,16.620098,4.0,4.0,4.0,4.0,0.0,0.0,0.0,0.0
3661,2023.0,1.0,26.0,10.0,16.074265,16.278008,20.213411,22.89384,15.722615,15.694629,15.676716,15.572766,20.439898,23.037136,15.019265,15.06137,15.900715,15.293045,15.287426,14.67697,15.1030035,14.525809,4.0,4.0,0.0,0.0,0.0,0.0,0.0,0.0
3662,2023.0,1.0,26.0,10.0,16.060724,16.285511,20.05418,22.317656,15.682568,15.674756,16.036888,16.26282,17.416376,17.111385,15.019168,15.113453,16.45315,16.534992,15.368784,14.811193,15.052881,14.79414,4.0,4.0,0.0,0.0,0.0,4.0,0.0,0.0
3663,2023.0,1.0,26.0,10.0,15.291106,14.876027,20.121752,22.302334,15.646904,15.658393,15.965334,16.050322,16.565226,16.544668,15.008017,15.1147995,16.67991,16.777878,15.268663,15.014341,15.012475,14.9083605,0.0,4.0,4.0,4.0,4.0,4.0,0.0,0.0
3664,2023.0,1.0,26.0,10.0,15.001649,14.606952,17.826416,17.773226,15.61622,15.646647,15.0197,14.587744,20.287819,23.055868,19.626389,22.717335,16.711432,16.817877,16.270237,16.962847,15.018049,15.045702,4.0,4.0,0.0,0.0,0.0,4.0,4.0,0.0
3665,2023.0,1.0,26.0,10.0,15.59341,15.811077,20.2454,22.741016,15.590538,15.638523,15.486116,15.648843,17.800463,18.022486,17.408558,18.048738,16.741533,16.857063,15.385992,14.961043,15.62829,16.276749,4.0,4.0,0.0,4.0,4.0,4.0,0.0,4.0
3666,2023.0,1.0,26.0,11.0,15.824427,16.124004,20.10225,22.252035,15.6837,15.650335,15.722366,16.130436,21.0185,24.058575,20.251747,23.606995,16.769367,16.894993,15.984451,16.489616,19.84162,23.438028,4.0,0.0,4.0,0.0,4.0,4.0,4.0,0.0
3667,2023.0,1.0,26.0,11.0,15.484809,15.141706,20.114124,22.157536,15.766509,15.0433035,15.654946,15.805157,17.779524,17.613775,20.066347,22.804089,16.795242,16.930452,16.27154,16.737455,17.141718,17.603497,0.0,0.0,4.0,0.0,0.0,4.0,4.0,4.0
3668,2023.0,1.0,26.0,11.0,15.689194,15.954442,17.710194,17.467978,15.468366,15.527668,14.987778,14.750531,16.01981,15.42789,17.448088,17.456232,16.818317,16.9619,15.283983,14.86406,20.281055,23.754557,0.0,4.0,0.0,0.0,4.0,4.0,0.0,0.0
3669,2023.0,1.0,26.0,11.0,15.150451,14.860515,16.622541,16.321083,15.556911,15.669713,15.271831,15.348881,16.587088,16.949652,20.32889,23.032423,16.840944,16.993923,15.7679205,15.805406,17.56823,17.99776,0.0,4.0,4.0,4.0,0.0,4.0,0.0,4.0
3670,2023.0,1.0,26.0,11.0,15.019649,14.839324,16.314379,16.034578,15.54631,15.676265,14.990059,14.850186,20.34878,23.366482,17.42649,17.260738,16.864128,17.028263,14.989872,14.632599,20.341366,23.578306,0.0,4.0,0.0,0.0,0.0,4.0,0.0,0.0
3671,2023.0,1.0,26.0,11.0,15.528183,15.848898,16.493038,16.615108,14.989483,14.758332,15.024365,14.968283,17.858158,18.163408,16.068686,15.7724495,16.120941,15.625717,15.016941,14.768886,17.141823,17.017063,4.0,0.0,0.0,4.0,0.0,0.0,0.0,0.0
3672,2023.0,1.0,26.0,12.0,15.731221,16.117826,20.212837,23.272781,15.303075,15.416301,15.382698,15.724728,20.383692,23.17664,15.783329,15.50249,16.577108,16.75336,15.803215,16.024687,15.529493,15.015947,0.0,4.0,0.0,4.0,0.0,4.0,0.0,0.0
3673,2023.0,1.0,26.0,12.0,20.03068,23.616364,17.852215,18.265926,20.647655,24.69603,21.042955,25.548746,20.06348,22.368906,15.92544,16.00279,20.650606,23.69532,21.023163,24.947348,16.392677,17.078306,0.0,4.0,4.0,0.0,4.0,4.0,0.0,4.0
3674,2023.0,1.0,26.0,12.0,21.051733,24.842575,16.746935,16.975348,20.934008,24.570324,21.015368,24.830633,17.445002,17.175009,20.396435,23.53473,20.522179,23.08621,21.12468,24.750053,20.489676,24.022139,4.0,4.0,0.0,0.0,0.0,0.0,0.0,0.0
3675,2023.0,1.0,26.0,12.0,21.076197,24.435081,20.223003,23.264036,21.153748,24.502338,21.136297,24.545233,16.068958,15.470915,17.705526,18.066233,21.419987,24.299744,22.089321,26.00215,17.172062,17.109577,0.0,4.0,4.0,0.0,0.0,4.0,0.0,0.0
3676,2023.0,1.0,26.0,12.0,21.126122,24.208405,18.16543,18.8333,21.10345,24.078957,21.107658,24.155748,16.737314,17.152878,16.10007,15.913748,21.81209,24.674368,22.584814,26.467745,15.493302,14.998542,4.0,4.0,4.0,4.0,0.0,4.0,0.0,0.0
3677,2023.0,1.0,26.0,12.0,21.937233,25.291826,20.282919,23.013378,21.917873,25.190638,21.865452,25.170986,20.333399,23.298452,15.673762,15.409196,21.359125,23.580986,22.16475,25.378988,15.3294935,15.085727,4.0,4.0,4.0,0.0,0.0,0.0,0.0,0.0
3678,2023.0,1.0,26.0,13.0,22.165298,25.399845,20.046368,22.291615,20.957052,23.29185,20.969522,23.389797,17.93384,18.21653,15.422592,15.154768,21.583553,23.813223,21.024378,23.182083,16.249094,16.965689,4.0,4.0,4.0,4.0,0.0,0.0,0.0,4.0
3679,2023.0,1.0,26.0,13.0,20.943052,23.130598,20.096039,22.220087,21.138218,23.583536,21.11625,23.593224,20.408104,23.07888,15.675945,15.796387,21.055244,22.755774,21.109083,23.330812,20.303514,23.824608,4.0,0.0,4.0,4.0,4.0,0.0,0.0,0.0
3680,2023.0,1.0,26.0,13.0,22.188099,25.245724,20.67538,22.969398,21.788647,24.422928,21.393953,23.9185,20.692486,23.238604,20.361296,23.605682,21.945915,24.286884,22.368576,25.410805,17.63489,18.088444,0.0,4.0,0.0,0.0,0.0,0.0,0.0,4.0
3681,2023.0,1.0,26.0,13.0,20.921366,22.888294,18.60702,18.79468,20.92576,22.879435,20.999746,23.158031,18.098192,17.959358,17.941284,18.571028,20.954004,22.410437,20.894163,22.672522,20.336718,23.469254,4.0,4.0,4.0,0.0,4.0,0.0,0.0,0.0
3682,2023.0,1.0,26.0,13.0,21.184473,23.430058,20.249577,22.475796,21.18485,23.389027,21.171738,23.468632,16.451233,15.893526,20.313215,23.247332,21.143816,22.805183,21.214806,23.339672,17.257774,17.131641,4.0,4.0,4.0,0.0,0.0,0.0,0.0,0.0
3683,2023.0,1.0,26.0,13.0,21.102768,23.286568,20.06565,21.986925,21.108109,23.23748,21.088308,23.270006,16.275347,16.002821,17.870436,18.173462,21.034254,22.567009,21.079048,23.072733,15.746735,15.285789,0.0,0.0,4.0,0.0,0.0,4.0,0.0,0.0
3684,2023.0,1.0,26.0,14.0,21.10152,23.272568,17.877357,17.720749,21.105062,23.206404,21.089016,23.244297,16.927471,17.401365,16.758291,16.893633,21.061592,22.58799,21.082155,23.07561,15.594508,15.375433,0.0,0.0,4.0,4.0,4.0,4.0,0.0,0.0
3685,2023.0,1.0,26.0,14.0,19.194618,19.572466,17.305466,17.455692,19.128582,19.368893,19.021599,19.260757,21.086103,24.337675,20.44061,23.234892,18.990639,18.610067,18.982058,19.02846,15.465479,15.279271,4.0,4.0,4.0,0.0,0.0,0.0,0.0,0.0
3686,2023.0,1.0,26.0,14.0,18.278364,18.537771,20.25685,22.840145,18.084984,18.121624,17.962837,18.017414,17.952627,17.929033,17.593988,17.519241,17.963558,17.356148,17.838097,17.627022,15.288585,15.11159,0.0,4.0,4.0,0.0,0.0,0.0,0.0,0.0
3687,2023.0,1.0,26.0,14.0,17.300177,16.990501,18.490353,19.116585,17.098423,16.593239,16.977577,16.493013,16.270885,15.795902,15.997345,15.456066,17.597136,16.987654,17.379196,17.1465,16.097183,16.78241,4.0,0.0,0.0,0.0,0.0,0.0,0.0,4.0
3688,2023.0,1.0,26.0,14.0,16.825148,16.417494,20.233389,22.437773,17.27941,17.251192,16.484941,15.898107,16.143942,15.877384,15.906727,15.601464,17.66419,17.348694,17.111708,16.877775,20.384758,24.097883,4.0,4.0,0.0,0.0,0.0,0.0,0.0,4.0
3689,2023.0,1.0,26.0,14.0,17.255243,17.522385,20.067858,21.992144,17.280987,17.34992,16.146166,15.570554,16.00579,15.781628,15.798822,15.543281,17.592928,17.332798,16.84616,16.619629,20.05164,22.988138,0.0,4.0,0.0,0.0,0.0,0.0,0.0,0.0
3690,2023.0,1.0,26.0,15.0,17.309578,17.636723,18.207355,18.325186,16.473593,16.005285,16.883024,17.23884,15.820171,15.610901,15.621266,15.384822,17.443075,17.198025,16.621239,16.408064,17.788721,18.27573,4.0,0.0,4.0,0.0,0.0,0.0,0.0,4.0
3691,2023.0,1.0,26.0,15.0,17.217398,17.547255,20.240856,22.275885,16.058933,15.485486,16.13518,15.761693,15.674754,15.467474,15.894615,16.022493,17.320501,17.079443,16.451416,16.242138,20.396624,23.087095,0.0,0.0,0.0,0.0,4.0,0.0,0.0,0.0
3692,2023.0,1.0,26.0,15.0,16.426582,16.171854,18.011696,17.85568,16.488853,16.519619,16.265,16.334385,15.525047,15.326044,20.401285,23.55913,17.192356,16.958652,16.277155,16.076889,17.468575,17.3356,0.0,4.0,4.0,0.0,0.0,0.0,0.0,0.0
3693,2023.0,1.0,26.0,15.0,16.70409,16.996912,16.952929,16.710917,16.622215,16.747145,15.739001,15.3164015,15.387239,15.193672,17.790806,18.203253,17.884422,18.379467,17.214754,17.991943,16.04626,15.605761,0.0,4.0,0.0,0.0,0.0,4.0,4.0,0.0
3694,2023.0,1.0,26.0,15.0,16.804274,17.17798,17.159155,17.309162,15.908462,15.473515,15.40217,14.871875,15.28013,15.089017,16.908468,16.997229,17.025974,16.606287,16.20963,15.891119,15.898436,15.658551,4.0,0.0,0.0,0.0,4.0,0.0,0.0,0.0
3695,2023.0,1.0,26.0,15.0,16.052227,15.807532,20.253284,22.906403,15.545255,15.002067,15.939089,16.01823,15.179194,14.991347,20.382135,23.101707,16.638933,16.09457,15.755705,15.305924,15.740662,15.540556,0.0,0.0,4.0,0.0,0.0,0.0,0.0,0.0
3696,2023.0,1.0,26.0,16.0,15.64837,15.321913,18.17541,18.546583,15.347727,14.811138,16.136967,16.307077,15.076664,14.894525,17.966434,18.262129,16.482975,15.94493,15.554729,15.110731,15.530521,15.341964,0.0,0.0,4.0,0.0,0.0,0.0,0.0,0.0
3697,2023.0,1.0,26.0,16.0,15.494887,15.160536,17.527187,17.708668,15.471459,15.203467,15.44669,15.040493,14.99836,14.828716,16.83575,16.584078,16.632294,16.360222,16.757925,17.534622,15.369614,15.182432,4.0,0.0,0.0,0.0,0.0,0.0,4.0,0.0
3698,2023.0,1.0,26.0,16.0,15.623783,15.561345,20.244099,22.724567,15.480154,15.272544,15.039281,14.523855,15.696254,16.212692,16.415436,16.137827,16.659868,16.434072,15.945164,15.61828,16.165932,16.838724,0.0,0.0,0.0,4.0,0.0,0.0,0.0,4.0
3699,2023.0,1.0,26.0,16.0,15.636627,15.618582,18.210295,18.526516,16.126198,16.565197,15.011432,14.605806,20.167482,23.774075,16.115557,15.84327,16.593258,16.368155,15.380448,14.948424,20.153456,23.55455,0.0,4.0,0.0,0.0,0.0,0.0,0.0,0.0
3700,2023.0,1.0,26.0,16.0,15.576658,15.569739,17.31902,17.53386,16.411837,16.944162,15.823393,16.235025,17.045404,17.088356,15.876756,15.61392,16.519152,16.292076,15.191233,14.750387,17.074,17.069025,4.0,4.0,4.0,0.0,0.0,0.0,0.0,0.0
3701,2023.0,1.0,26.0,16.0,15.512989,15.502771,20.21482,22.743708,16.121977,16.33828,15.472299,15.460066,15.752959,15.218248,16.10406,16.198986,16.45477,16.224184,15.069141,14.627295,15.866869,15.371407,0.0,4.0,0.0,0.0,4.0,0.0,0.0,0.0
3702,2023.0,1.0,26.0,17.0,16.222816,16.893974,17.740831,17.622934,15.956943,16.114252,15.518177,15.662257,15.609515,15.335786,20.333796,23.28304,16.38727,16.154781,15.175746,14.962064,15.675528,15.424991,0.0,4.0,4.0,0.0,0.0,0.0,0.0,0.0
3703,2023.0,1.0,26.0,17.0,16.524288,17.25358,16.585926,16.327648,15.906472,16.056833,15.613362,15.784453,15.483276,15.256728,17.835508,18.194382,16.323956,16.090597,15.183544,14.993415,15.501047,15.289955,0.0,4.0,4.0,0.0,0.0,0.0,0.0,0.0
3704,2023.0,1.0,26.0,17.0,16.245436,16.645824,16.382088,16.124075,15.873488,16.021511,14.97955,14.697221,15.333823,15.114116,16.595892,16.322939,17.061584,17.529964,15.126118,14.936627,15.322865,15.113354,0.0,4.0,0.0,0.0,0.0,4.0,0.0,0.0
3705,2023.0,1.0,26.0,17.0,16.141308,16.517908,16.65206,16.817951,15.83967,15.985981,15.384903,15.519578,15.17932,14.966469,16.1938,15.907332,17.043589,17.230038,15.058923,14.86875,15.146663,14.94776,4.0,4.0,4.0,0.0,0.0,4.0,0.0,0.0
3706,2023.0,1.0,26.0,17.0,16.123049,16.494698,20.207485,23.1282,15.8107815,15.956099,15.4813795,15.651682,15.846114,16.329622,15.957022,15.674517,16.31758,15.859613,15.0025015,14.813063,15.01848,14.828885,4.0,4.0,4.0,4.0,0.0,0.0,0.0,0.0
3707,2023.0,1.0,26.0,17.0,16.104849,16.470715,20.045012,22.381895,15.778429,15.922449,15.489755,15.656672,20.220148,23.774788,15.727963,15.454331,15.936321,15.3941145,15.31234,15.084684,15.011946,14.93536,4.0,4.0,4.0,0.0,0.0,0.0,0.0,0.0
3708,2023.0,1.0,26.0,18.0,16.098246,16.46541,20.092718,22.216228,15.746083,15.888571,15.485724,15.649908,17.053299,17.036554,15.534658,15.270627,16.608437,16.782162,15.069587,14.887686,15.725495,16.346308,4.0,4.0,4.0,0.0,0.0,4.0,0.0,4.0
3709,2023.0,1.0,26.0,18.0,20.908453,24.757956,20.101954,22.077099,20.875854,24.855984,19.985409,23.536701,15.343286,14.814649,15.367633,15.109674,19.85067,22.279497,20.919376,24.86341,20.050041,23.659845,0.0,4.0,0.0,0.0,0.0,0.0,0.0,0.0
3710,2023.0,1.0,26.0,18.0,21.067978,24.493504,18.109518,18.118702,21.056591,24.5458,21.004065,24.722717,15.246056,14.989321,15.226706,14.979425,20.435951,22.951117,21.080696,24.729836,16.765762,16.70298,4.0,4.0,4.0,0.0,0.0,0.0,0.0,0.0
3711,2023.0,1.0,26.0,18.0,21.134974,24.240654,20.26003,22.521622,21.137026,24.264484,21.140955,24.473726,15.190185,14.971828,15.097952,14.854336,20.782806,23.221485,22.057976,25.994148,15.137566,14.651349,4.0,4.0,4.0,0.0,0.0,0.0,0.0,0.0
3712,2023.0,1.0,26.0,18.0,21.095633,23.899147,20.045204,21.903675,21.101915,23.897717,21.105268,24.069004,15.05905,14.847208,14.997048,14.775113,21.586954,24.375881,22.519331,26.382893,15.071746,14.848713,4.0,4.0,4.0,0.0,0.0,0.0,0.0,0.0
3713,2023.0,1.0,26.0,18.0,21.094074,23.709946,20.088146,21.869667,21.100298,23.685621,21.105055,23.838106,15.713052,16.182192,15.011322,14.8670025,21.125444,23.32431,22.708662,26.330801,16.045004,16.797075,4.0,4.0,4.0,4.0,0.0,0.0,0.0,4.0
3714,2023.0,1.0,26.0,19.0,21.09195,23.568113,20.082314,21.77796,21.097858,23.527578,21.102524,23.666346,20.245064,23.796656,15.009338,14.909008,21.084957,23.10796,22.010242,24.931969,20.114832,23.591022,4.0,4.0,4.0,0.0,0.0,0.0,0.0,0.0
3715,2023.0,1.0,26.0,19.0,21.089329,23.457733,20.081985,21.719883,21.095516,23.407408,21.099728,23.535719,16.948816,16.828709,15.010158,14.944516,21.047098,22.9144,20.967228,22.889061,16.861849,16.718555,4.0,4.0,4.0,0.0,0.0,4.0,0.0,0.0
3716,2023.0,1.0,26.0,19.0,21.085688,23.369282,20.080036,21.673471,21.091398,23.310698,21.09588,23.43285,15.252211,14.69566,15.011186,14.972058,21.100374,22.9245,21.106365,23.183052,15.244297,14.729529,4.0,4.0,4.0,0.0,0.0,0.0,0.0,0.0
3717,2023.0,1.0,26.0,19.0,21.111847,23.374107,20.097996,21.690207,21.115572,23.305925,21.119799,23.423363,15.215644,14.961915,15.01091,14.992213,21.606869,23.71873,22.232212,25.281582,15.181291,14.954722,0.0,0.0,0.0,0.0,0.0,0.0,0.0,0.0
3718,2023.0,1.0,26.0,19.0,21.079748,23.233526,17.960302,17.571548,21.109154,23.229242,21.11347,23.344973,15.169886,14.948609,15.011199,15.009643,21.030602,22.564945,22.244654,24.912926,15.101682,14.897653,0.0,0.0,0.0,0.0,0.0,0.0,0.0,0.0
3719,2023.0,1.0,26.0,19.0,21.084059,23.199549,17.518188,17.568459,21.10831,23.173159,21.088938,23.222805,15.0361805,14.818401,15.012116,15.027551,21.074045,22.656849,20.89753,22.450403,14.999372,14.842998,4.0,0.0,4.0,0.0,0.0,0.0,4.0,0.0
3720,2023.0,1.0,26.0,20.0,21.157045,23.31099,20.24861,22.553425,21.155214,23.253132,21.158365,23.321922,15.0084095,14.869281,15.127103,15.247434,21.133587,22.752605,21.219215,23.149805,15.012929,14.950558,0.0,4.0,4.0,0.0,4.0,4.0,0.0,0.0
3721,2023.0,1.0,26.0,20.0,21.08171,23.128235,18.554026,19.009745,21.06547,23.071037,21.115223,23.218962,15.010467,14.934229,20.092203,23.451912,21.066107,22.570251,22.634623,25.500557,15.011459,15.005584,4.0,4.0,0.0,0.0,0.0,4.0,0.0,0.0
3722,2023.0,1.0,26.0,20.0,22.152122,24.893847,20.27603,22.45789,21.959282,24.40933,22.083584,24.715403,15.010684,14.97891,17.370184,17.77244,21.825697,23.746584,21.984505,24.02481,15.728906,16.396341,0.0,4.0,4.0,0.0,0.0,4.0,0.0,4.0
3723,2023.0,1.0,26.0,20.0,20.918219,22.627352,17.892458,17.63151,21.072845,22.93396,20.918835,22.595448,15.535282,15.990468,15.986127,16.080666,21.076254,22.493277,21.086483,22.725534,19.98723,23.533913,0.0,4.0,4.0,4.0,4.0,0.0,0.0,0.0
3724,2023.0,1.0,26.0,20.0,21.179375,23.14786,17.284086,17.348824,21.160473,23.091444,21.191399,23.180702,20.564512,24.289816,20.38074,23.529305,21.126108,22.574308,21.324364,23.274555,16.649157,16.47922,4.0,4.0,0.0,0.0,0.0,0.0,0.0,0.0
3725,2023.0,1.0,26.0,20.0,21.159416,23.11258,20.25395,22.69937,21.161388,23.075136,21.158638,23.114567,16.999,16.910255,17.661306,17.975477,21.126339,22.554565,21.189812,23.044834,15.070268,14.568939,4.0,4.0,0.0,0.0,0.0,0.0,0.0,0.0
3726,2023.0,1.0,26.0,21.0,21.95464,24.34992,20.067095,22.045631,21.171076,23.093632,21.165304,23.098791,15.904892,15.980926,16.006718,15.752603,21.726141,23.53405,21.24687,23.156027,15.08044,14.860793,0.0,0.0,4.0,4.0,0.0,0.0,4.0,0.0
3727,2023.0,1.0,26.0,21.0,21.063358,22.850319,17.746796,17.42459,21.101881,22.931938,21.110401,23.002047,20.383444,23.547426,15.62604,15.355681,21.060883,22.416674,21.106432,22.880924,14.998811,14.838879,0.0,0.0,0.0,0.0,0.0,0.0,0.0,0.0
3728,2023.0,1.0,26.0,21.0,21.10306,22.955624,17.237835,17.288095,21.101772,22.90974,21.104588,22.979256,17.153048,16.967667,15.796335,15.875803,21.035442,22.364672,21.095427,22.83921,15.013976,14.955527,4.0,0.0,0.0,0.0,4.0,4.0,0.0,0.0
3729,2023.0,1.0,26.0,21.0,21.156834,23.038805,20.256094,22.721128,21.174728,23.067142,21.162907,23.133385,15.467168,14.859384,20.448526,23.681383,21.131344,22.530008,21.181425,22.991217,15.918965,15.347154,4.0,4.0,0.0,0.0,4.0,4.0,0.0,0.0
3730,2023.0,1.0,26.0,21.0,21.856543,24.24014,20.110617,22.142664,21.178509,23.110472,21.184153,23.172049,15.40284,15.126502,20.052746,22.664717,21.674006,23.450586,21.196724,23.04233,15.780473,16.163874,0.0,0.0,4.0,0.0,0.0,4.0,0.0,0.0
3731,2023.0,1.0,26.0,21.0,20.958752,22.536745,18.058325,17.99958,21.078487,22.847141,21.061966,22.940443,15.334549,15.099474,17.229565,16.927958,20.992006,22.135519,21.07707,22.812437,14.983349,14.909346,4.0,4.0,4.0,0.0,0.0,0.0,0.0,0.0
3732,2023.0,1.0,26.0,22.0,21.181763,23.011925,20.26224,22.470003,21.165905,23.01408,21.167812,23.129114,15.933305,16.370193,16.056408,15.727128,21.13906,22.436848,21.18741,23.037853,15.728022,16.382673,4.0,0.0,0.0,4.0,0.0,0.0,0.0,4.0
3733,2023.0,1.0,26.0,22.0,22.084873,24.416607,20.061062,21.86866,21.099012,22.851292,21.102549,22.960892,20.459175,23.895433,15.829702,15.526465,21.884237,23.609499,21.076286,22.812778,20.082306,23.517162,0.0,0.0,0.0,0.0,0.0,4.0,0.0,0.0
3734,2023.0,1.0,26.0,22.0,21.06254,22.71262,17.830235,17.46952,21.074799,22.7601,21.102587,22.928694,17.024172,16.85098,15.909317,15.889939,21.058573,22.208761,21.07624,22.810242,17.254128,17.595074,0.0,4.0,0.0,0.0,4.0,0.0,0.0,4.0
3735,2023.0,1.0,26.0,22.0,21.097374,22.801088,16.90626,16.549427,21.104021,22.822248,21.076986,22.900614,15.929288,15.855572,20.453241,23.561663,21.082874,22.267057,21.037857,22.702324,21.305122,25.042063,0.0,0.0,0.0,4.0,4.0,0.0,4.0,4.0
3736,2023.0,1.0,26.0,22.0,21.04334,22.729883,16.682354,16.354269,21.09793,22.790937,21.07919,22.910965,21.150951,24.685305,20.010202,22.515013,21.050571,22.186573,21.104395,22.822794,21.375061,24.781929,0.0,0.0,0.0,4.0,4.0,4.0,0.0,4.0
3737,2023.0,1.0,26.0,22.0,21.102861,22.856335,16.439789,16.09939,21.071941,22.77118,21.052773,22.838566,21.598196,25.14923,20.097809,22.431807,21.085997,22.280827,21.051592,22.657454,21.600136,24.896425,0.0,0.0,4.0,4.0,0.0,0.0,4.0,0.0
3738,2023.0,1.0,26.0,23.0,21.0919,22.820585,16.249783,15.916127,21.075771,22.794592,21.083174,22.91937,19.926317,21.82453,17.869184,17.952034,21.079819,22.262201,21.101423,22.76142,18.011494,17.715803,0.0,0.0,0.0,0.0,0.0,0.0,0.0,0.0
3739,2023.0,1.0,26.0,23.0,18.922739,18.652996,16.079552,15.747221,19.752993,20.240211,18.721766,18.346739,17.475662,17.061323,16.569397,16.283878,19.74718,19.671688,18.789904,18.298513,16.320904,15.71015,0.0,4.0,0.0,0.0,0.0,4.0,0.0,0.0
3740,2023.0,1.0,26.0,23.0,18.368628,18.149788,15.954861,15.620458,19.184942,19.48542,18.239506,17.952108,16.819,16.453466,16.212795,15.882743,18.622246,17.852215,17.86941,17.132063,16.204124,15.890722,0.0,4.0,4.0,0.0,0.0,0.0,0.0,0.0
3741,2023.0,1.0,26.0,23.0,18.107496,17.942118,15.842142,15.514284,17.856287,17.161201,17.411623,16.653296,16.572866,16.266489,15.976265,15.655176,18.159454,17.345005,17.816307,17.449146,16.031301,15.771536,0.0,0.0,0.0,0.0,0.0,0.0,0.0,0.0
3742,2023.0,1.0,26.0,23.0,17.83663,17.673275,15.73553,15.410008,17.17929,16.297478,16.895891,16.041445,16.30189,16.004126,15.7687235,15.452364,18.658651,18.556475,17.638645,17.331041,15.815877,15.5648575,0.0,0.0,0.0,0.0,0.0,4.0,0.0,0.0
3743,2023.0,1.0,26.0,23.0,17.611126,17.456326,15.639006,15.31915,16.854668,15.98835,17.021143,16.605623,16.073559,15.787636,15.902268,15.868292,17.981874,17.303507,17.416006,17.123627,15.624531,15.383651,0.0,0.0,0.0,0.0,4.0,0.0,0.0,0.0
3744,2023.0,1.0,27.0,0.0,18.15167,18.65202,15.549787,15.235814,17.71548,17.90163,16.941977,16.614597,15.873926,15.599701,15.88476,15.880622,18.348806,18.263845,17.213707,16.933651,16.206766,16.642069,0.0,4.0,0.0,0.0,4.0,4.0,0.0,4.0
3745,2023.0,1.0,27.0,0.0,18.253841,18.840677,15.465041,15.15492,17.46766,17.356907,16.773876,16.456652,16.305696,16.578459,15.51171,15.262798,18.401436,18.357965,17.02738,16.75435,15.579819,15.37629,0.0,4.0,0.0,4.0,0.0,4.0,0.0,0.0
3746,2023.0,1.0,27.0,0.0,17.148418,16.768982,15.38788,15.083335,16.61454,15.90238,16.618628,16.310947,15.792473,15.570417,15.2829685,15.0010395,17.654703,17.01754,16.862963,16.599453,14.984389,14.532135,0.0,0.0,0.0,0.0,0.0,0.0,0.0,0.0
3747,2023.0,1.0,27.0,0.0,16.482777,15.906294,15.303126,15.002177,16.136316,15.332993,16.44745,16.144989,15.419972,15.168865,15.111501,14.829072,17.18452,16.449291,16.685814,16.422243,15.4509945,15.572308,0.0,0.0,0.0,0.0,0.0,0.0,0.0,4.0
3748,2023.0,1.0,27.0,0.0,16.26666,15.684397,15.235228,14.938003,15.941094,15.143595,16.318094,16.020887,15.280785,15.031902,14.995856,14.730099,17.001844,16.26667,16.550566,16.288176,14.93356,14.661322,0.0,0.0,0.0,0.0,0.0,0.0,0.0,0.0
3749,2023.0,1.0,27.0,0.0,16.49224,16.334755,15.161668,14.868984,16.174221,15.810688,16.17841,15.887935,15.138537,14.889941,15.016621,14.85295,17.233862,16.903378,16.406925,16.147047,15.040004,14.932771,0.0,0.0,0.0,0.0,0.0,0.0,0.0,0.0
3750,2023.0,1.0,27.0,1.0,16.490604,16.373241,15.088082,14.795446,16.184896,15.873526,16.043915,15.752983,15.006889,14.756626,15.014251,14.918449,17.240913,16.929588,16.272821,16.01215,15.013156,14.9613085,0.0,0.0,0.0,0.0,0.0,0.0,0.0,0.0
3751,2023.0,1.0,27.0,1.0,16.390514,16.276073,15.02069,14.7297,16.084967,15.77808,15.92618,15.639425,15.008695,14.8676195,15.017719,14.966426,17.157537,16.8464,16.153337,15.8937235,15.016939,15.025121,0.0,0.0,0.0,0.0,0.0,0.0,0.0,0.0
3752,2023.0,1.0,27.0,1.0,16.290731,16.179173,15.002514,14.756101,15.98412,15.6813965,15.818223,15.535206,15.01163,14.922175,15.020519,15.003947,17.073336,16.762447,16.044031,15.78525,15.019662,15.067835,0.0,0.0,0.0,0.0,0.0,0.0,0.0,0.0
3753,2023.0,1.0,27.0,1.0,16.204498,16.10283,15.004973,14.800983,15.897087,15.606099,15.727095,15.455641,15.010162,14.956249,15.012239,15.01206,17.783165,18.175934,15.9487095,15.695786,15.012422,15.082202,0.0,0.0,0.0,0.0,0.0,4.0,0.0,0.0
3754,2023.0,1.0,27.0,1.0,16.110588,16.004032,15.0060005,14.83762,15.805745,15.514958,15.631984,15.360296,15.012282,14.993585,15.0153055,15.04017,17.626936,17.617083,15.853152,15.598203,15.0155,15.114002,0.0,0.0,0.0,0.0,0.0,4.0,0.0,0.0
3755,2023.0,1.0,27.0,1.0,16.027407,15.921828,15.386783,15.5769205,15.722615,15.434284,15.545976,15.27657,15.012645,15.021873,14.998559,15.018433,17.558784,17.56513,15.766024,15.5111685,15.014451,15.134209,4.0,0.0,0.0,0.0,4.0,4.0,0.0,0.0
3756,2023.0,1.0,27.0,2.0,15.953222,15.851962,15.085555,14.927204,15.646619,15.362669,15.467801,15.20265,15.012894,15.044186,15.019604,15.087042,16.82749,16.191414,15.686458,15.433853,15.375663,15.819744,0.0,0.0,0.0,0.0,0.0,0.0,0.0,4.0
3757,2023.0,1.0,27.0,2.0,15.885778,15.790978,15.01357,14.911425,15.569089,15.284129,15.389066,15.122132,15.013599,15.063964,15.01542,15.092351,16.42705,15.708814,15.606747,15.351536,14.949816,15.001345,0.0,0.0,0.0,0.0,0.0,0.0,0.0,0.0
3758,2023.0,1.0,27.0,2.0,15.826275,15.738102,15.013467,14.937987,15.492531,15.204485,15.31219,15.041513,15.025974,15.106491,15.030413,15.134345,16.261759,15.537485,15.530394,15.272354,15.054178,15.22913,0.0,0.0,0.0,0.0,0.0,0.0,0.0,0.0
3759,2023.0,1.0,27.0,2.0,15.759001,15.66859,15.007848,14.946748,15.426957,15.144008,15.246837,14.980468,15.278246,15.576156,15.014537,15.11101,16.544094,16.224731,15.46161,15.2050495,15.020124,15.1452055,0.0,0.0,0.0,4.0,0.0,0.0,0.0,0.0
3760,2023.0,1.0,27.0,2.0,15.688741,15.592298,15.00944,14.96917,15.358718,15.075022,15.178955,14.91121,14.950361,14.960142,15.017934,15.128561,16.58202,16.266172,15.39266,15.134418,15.016811,15.167896,0.0,0.0,0.0,0.0,0.0,0.0,0.0,0.0
3761,2023.0,1.0,27.0,2.0,15.624323,15.525522,15.009619,14.986784,15.295759,15.013993,15.116472,14.850048,15.225206,15.516239,15.018076,15.138725,16.532656,16.217308,15.32809,15.070074,15.018058,15.191553,0.0,0.0,0.0,4.0,0.0,0.0,0.0,0.0
3762,2023.0,1.0,27.0,3.0,15.56639,15.4695425,15.010395,15.004195,15.23207,14.949159,15.053423,14.785335,14.97631,15.00259,15.018627,15.1496315,16.4772,16.159948,15.263773,15.004075,15.019107,15.214801,0.0,0.0,0.0,0.0,0.0,0.0,0.0,0.0
3763,2023.0,1.0,27.0,3.0,15.524053,15.439454,15.0208645,15.040688,15.171432,14.888366,15.00078,14.738919,15.0574255,15.181373,15.009951,15.125444,16.42347,16.105764,15.202679,14.942583,15.035994,15.265313,0.0,0.0,0.0,0.0,4.0,0.0,0.0,0.0
3764,2023.0,1.0,27.0,3.0,15.4736,15.390238,15.020851,15.051425,15.115159,14.834019,15.003627,14.7956505,15.02736,15.120428,15.036567,15.207678,16.372257,16.054945,15.144772,14.885214,15.035499,15.272648,0.0,0.0,0.0,0.0,0.0,0.0,0.0,0.0
3765,2023.0,1.0,27.0,3.0,15.419222,15.3329935,15.022259,15.067096,15.060615,14.781234,15.006399,14.834253,15.029922,15.15796,15.03764,15.210856,16.32241,16.005495,15.088795,14.8297615,15.037721,15.288996,0.0,0.0,0.0,0.0,0.0,0.0,0.0,0.0
3766,2023.0,1.0,27.0,3.0,15.364468,15.274953,15.023215,15.08102,15.007515,14.729746,15.007934,14.866771,15.030438,15.172788,15.037921,15.218124,16.273897,15.95738,15.034529,14.776013,15.037443,15.298186,0.0,0.0,0.0,0.0,0.0,0.0,0.0,0.0
3767,2023.0,1.0,27.0,3.0,15.310283,15.21739,15.02352,15.093542,15.002832,14.770903,15.009788,14.896673,15.0323715,15.190316,15.03893,15.226208,16.226624,15.910497,15.001604,14.762006,15.038569,15.310234,0.0,0.0,0.0,0.0,0.0,0.0,0.0,0.0
3768,2023.0,1.0,27.0,4.0,15.265419,15.177719,15.010805,15.081778,15.004617,14.805632,15.006214,14.911901,15.01491,15.170626,15.017331,15.193768,16.18067,15.865101,15.006296,14.806091,15.302806,15.7915745,0.0,0.0,0.0,0.0,0.0,0.0,0.0,4.0
3769,2023.0,1.0,27.0,4.0,15.221187,15.136205,15.01324,15.099301,15.004912,14.836199,15.007801,14.93708,15.018966,15.191481,15.021222,15.209833,16.136118,15.821884,15.005487,14.831369,14.966147,15.115047,0.0,0.0,0.0,0.0,0.0,0.0,0.0,4.0
3770,2023.0,1.0,27.0,4.0,15.176958,15.095643,15.025158,15.135164,15.008714,14.87309,15.01412,14.971794,15.036034,15.236968,15.04096,15.256314,16.091774,15.777667,15.008527,14.864009,15.065239,15.358439,0.0,0.0,0.0,0.0,0.0,0.0,0.0,0.0
3771,2023.0,1.0,27.0,4.0,15.12883,15.042746,15.025865,15.14306,15.010494,14.899245,15.015532,14.991449,15.036936,15.242704,15.040913,15.2561655,16.049599,15.736288,15.009525,14.884461,15.064611,15.328106,0.0,0.0,0.0,0.0,0.0,0.0,0.0,0.0
3772,2023.0,1.0,27.0,4.0,15.086622,15.004076,15.026677,15.154341,15.011511,14.922925,15.016459,15.010907,15.037539,15.252126,15.041394,15.262806,16.00811,15.695601,15.010839,14.904988,15.037783,15.303853,0.0,0.0,0.0,0.0,0.0,0.0,0.0,0.0
3773,2023.0,1.0,27.0,4.0,15.040282,14.9548235,15.027244,15.164691,15.013428,14.947018,15.017505,15.029913,15.037808,15.260259,15.041554,15.268169,15.967468,15.65576,15.012554,14.924541,15.039773,15.331549,0.0,0.0,0.0,0.0,0.0,0.0,0.0,0.0
3774,2023.0,1.0,27.0,5.0,15.000873,14.920052,15.027696,15.17469,15.01444,14.967831,15.019168,15.049391,15.038536,15.269157,15.015748,15.204498,15.927528,15.616616,15.014135,14.942458,15.040773,15.346638,0.0,0.0,0.0,0.0,4.0,0.0,0.0,0.0
3775,2023.0,1.0,27.0,5.0,15.00191,14.961816,15.028585,15.185593,15.015385,14.98796,15.019745,15.066128,15.039227,15.277824,15.042851,15.29545,15.890699,15.582985,15.015143,14.958546,15.040822,15.358452,0.0,0.0,0.0,0.0,0.0,0.0,0.0,0.0
3776,2023.0,1.0,27.0,5.0,15.003692,14.9916725,15.028987,15.195425,15.016407,15.007492,15.020952,15.083935,15.03946,15.285397,15.0424595,15.28934,15.855425,15.550877,15.015431,14.972698,15.04284,15.372634,0.0,0.0,0.0,0.0,0.0,0.0,0.0,0.0
3777,2023.0,1.0,27.0,5.0,15.005416,15.019001,15.029373,15.205455,15.01725,15.026062,15.021144,15.098923,15.038801,15.291194,15.042832,15.295312,15.821236,15.519834,15.016722,14.988424,15.042648,15.380645,0.0,0.0,0.0,0.0,0.0,0.0,0.0,0.0
3778,2023.0,1.0,27.0,5.0,15.007802,15.045207,15.030171,15.216216,15.017957,15.043816,15.021133,15.112761,15.039005,15.298716,15.04264,15.29879,15.787983,15.48971,15.016734,15.000801,15.043799,15.391123,0.0,0.0,0.0,0.0,0.0,0.0,0.0,0.0
3779,2023.0,1.0,27.0,5.0,15.00412,15.056561,15.013395,15.19502,15.009135,15.042733,15.010293,15.105965,15.136057,15.460493,15.0183115,15.2600565,15.755554,15.46035,15.008519,14.997739,15.245167,15.749397,0.0,0.0,0.0,4.0,0.0,0.0,0.0,4.0
3780,2023.0,1.0,27.0,6.0,15.005237,15.078646,15.016998,15.212543,15.010753,15.062153,15.013107,15.124996,15.000808,15.236069,15.023148,15.276066,15.722764,15.429868,15.011552,15.015696,14.99541,15.273635,0.0,0.0,0.0,0.0,0.0,0.0,0.0,0.0
3781,2023.0,1.0,27.0,6.0,20.243586,24.228167,15.01664,15.222252,20.197742,24.10456,19.926569,23.556795,15.023193,15.291223,15.0069065,15.236322,19.900501,22.528273,20.499601,24.267355,15.00375,15.258745,0.0,0.0,0.0,0.0,4.0,0.0,0.0,4.0
3782,2023.0,1.0,27.0,6.0,20.848682,24.697685,15.016941,15.2316675,20.873617,24.695524,20.90121,24.763103,15.020445,15.291686,19.4915,22.964407,20.616865,23.580776,21.11821,24.976871,20.1571,24.19539,0.0,0.0,0.0,0.0,0.0,0.0,0.0,4.0
3783,2023.0,1.0,27.0,6.0,21.151237,24.746927,15.016418,15.23764,21.1538,24.692387,21.152199,24.721554,15.020474,15.291584,16.864414,17.247374,21.004623,23.852041,21.676153,25.427624,20.062807,23.433382,0.0,0.0,0.0,0.0,0.0,0.0,0.0,0.0
3784,2023.0,1.0,27.0,6.0,21.09749,24.299704,15.016788,15.244947,21.100403,24.236622,21.102901,24.28441,15.020034,15.287108,15.121271,14.869114,21.468481,24.35902,22.336355,26.20526,16.638498,16.426338,0.0,0.0,0.0,0.0,0.0,0.0,0.0,0.0
3785,2023.0,1.0,27.0,6.0,21.10106,24.071594,15.017137,15.253184,21.103329,23.999163,21.105747,24.054142,15.122017,15.446345,15.027269,14.957951,22.400175,25.692518,22.73043,26.535595,15.824914,15.939676,0.0,0.0,0.0,4.0,0.0,4.0,0.0,4.0
3786,2023.0,1.0,27.0,7.0,21.098503,23.896832,15.017333,15.261555,21.100416,23.816837,21.103168,23.878937,20.00731,23.65715,15.018163,15.035399,20.939844,22.815588,22.291063,25.323177,20.277557,23.506567,0.0,0.0,0.0,0.0,0.0,0.0,0.0,0.0
3787,2023.0,1.0,27.0,7.0,21.09552,23.76208,15.017535,15.269668,21.09808,23.679752,21.10055,23.745176,16.578115,16.497568,15.043167,15.138921,21.119062,23.053337,20.890247,22.776955,17.547253,17.888096,0.0,0.0,0.0,0.0,4.0,0.0,0.0,4.0
3788,2023.0,1.0,27.0,7.0,21.069397,23.593458,15.018169,15.277617,21.096155,23.574366,21.09914,23.643097,15.492613,15.591171,19.947205,23.301104,21.095936,22.909742,21.118187,23.255945,20.452938,23.539042,0.0,0.0,0.0,4.0,0.0,0.0,0.0,0.0
3789,2023.0,1.0,27.0,7.0,21.097689,23.59816,15.017268,15.278491,21.094313,23.490658,21.096323,23.556982,20.033913,23.243786,17.1696,17.581549,21.072975,22.833557,21.085464,23.190233,17.109032,16.862267,0.0,0.0,0.0,0.0,0.0,0.0,0.0,0.0
3790,2023.0,1.0,27.0,7.0,21.115435,23.5197,15.017655,15.281671,21.092806,23.423338,21.09527,23.490728,17.245152,17.48897,15.739106,15.826923,22.375244,25.082376,21.088394,23.184088,15.475563,14.867888,0.0,0.0,0.0,4.0,4.0,0.0,0.0,0.0
3791,2023.0,1.0,27.0,7.0,21.110737,23.42305,15.030188,15.310925,21.0896,23.364029,21.092667,23.435184,20.279726,23.357979,20.123661,23.45718,21.626974,23.637344,21.084415,23.15956,15.356088,15.085045,0.0,0.0,0.0,0.0,0.0,0.0,0.0,0.0
3792,2023.0,1.0,27.0,8.0,21.084347,23.3524,15.017968,15.29384,21.09037,23.32206,21.093061,23.394487,17.5415,17.734997,17.45303,17.822065,20.991222,22.39831,21.08659,23.14676,16.26621,16.961248,0.0,0.0,0.0,4.0,0.0,4.0,0.0,4.0
3793,2023.0,1.0,27.0,8.0,18.890467,19.11636,15.018141,15.296762,18.878544,19.038582,18.785564,18.927158,20.399578,23.318813,15.698918,15.460584,18.808937,18.24952,18.848461,18.823206,20.39386,23.945124,0.0,0.0,0.0,0.0,0.0,0.0,0.0,4.0
3794,2023.0,1.0,27.0,8.0,17.647404,17.565044,15.018299,15.301358,17.51583,17.264078,17.401316,17.155489,17.761095,17.951464,15.262385,14.97342,17.711473,16.930098,17.662462,17.399416,20.069681,22.917358,0.0,0.0,0.0,4.0,0.0,0.0,0.0,0.0
3795,2023.0,1.0,27.0,8.0,17.185753,17.06716,15.011868,15.268742,17.686525,17.972988,16.888693,16.59006,20.41592,23.193815,15.395584,15.455728,17.298138,16.51739,17.194983,16.9176,16.999666,16.733435,4.0,4.0,0.0,0.0,4.0,0.0,0.0,0.0
3796,2023.0,1.0,27.0,8.0,16.871809,16.749638,20.073141,23.965698,17.719963,18.105768,16.547264,16.2436,17.836397,17.984943,20.107683,23.51973,18.215002,18.5815,16.86019,16.58973,15.516074,14.936647,4.0,4.0,0.0,4.0,0.0,4.0,0.0,0.0
3797,2023.0,1.0,27.0,8.0,16.616945,16.496498,20.008581,23.303967,17.097813,17.018093,16.272387,15.9694805,20.417757,23.098879,17.438961,17.83775,18.050688,18.039448,16.585138,16.323908,15.056479,14.462039,0.0,4.0,0.0,0.0,0.0,4.0,0.0,0.0
3798,2023.0,1.0,27.0,9.0,17.163345,17.708986,16.813044,16.751984,16.743885,16.615076,16.75473,17.077587,17.413084,17.12963,15.6468525,15.404025,17.130865,16.507402,16.35034,16.097313,15.126008,14.8545265,0.0,4.0,4.0,0.0,0.0,0.0,0.0,0.0
3799,2023.0,1.0,27.0,9.0,17.355764,17.993723,15.421467,15.098001,16.581831,16.46759,16.936634,17.371784,15.8211155,15.16114,15.627085,15.69106,16.641472,15.929391,17.253647,17.990126,15.978523,16.626532,4.0,4.0,4.0,0.0,4.0,0.0,4.0,4.0
3800,2023.0,1.0,27.0,9.0,16.903875,17.124102,19.858923,22.965807,16.475185,16.375841,15.799678,15.2345,16.540396,16.895332,20.135212,23.418238,16.442675,15.729826,16.09537,15.605493,20.617281,24.443235,4.0,4.0,0.0,4.0,4.0,0.0,0.0,4.0
3801,2023.0,1.0,27.0,9.0,15.941142,15.4935875,20.116814,23.012463,16.365648,16.284132,15.86425,15.739319,20.498281,23.46593,20.046318,22.815928,16.637468,16.303568,16.529243,16.901073,20.611742,23.934847,4.0,4.0,4.0,0.0,4.0,0.0,4.0,0.0
3802,2023.0,1.0,27.0,9.0,16.235922,16.357363,20.131847,22.73792,16.268639,16.202015,15.988221,15.948291,17.397154,17.182991,20.131222,22.651403,17.43592,17.830688,15.837506,15.376609,17.80171,18.119316,0.0,4.0,4.0,0.0,0.0,4.0,0.0,4.0
3803,2023.0,1.0,27.0,9.0,16.393696,16.592817,17.322847,17.13676,16.184414,16.13173,15.936437,15.910252,15.695414,15.068908,17.309458,16.990154,17.337687,17.396294,16.385687,16.783571,20.385227,23.32989,0.0,4.0,4.0,0.0,0.0,4.0,4.0,4.0
3804,2023.0,1.0,27.0,10.0,16.351936,16.559355,16.067402,15.762093,16.110594,16.069735,15.1850395,14.5641165,15.567273,15.253394,16.110449,15.761352,17.23554,17.287668,16.636585,17.015303,20.035635,22.428387,0.0,4.0,0.0,0.0,0.0,4.0,4.0,4.0
3805,2023.0,1.0,27.0,10.0,15.5829315,15.170934,15.760494,15.474032,15.373233,14.762404,15.50765,15.433838,15.455237,15.1983185,15.848392,15.540357,17.232628,17.294563,15.635786,15.128941,20.119915,22.45976,0.0,0.0,4.0,0.0,0.0,4.0,0.0,0.0
3806,2023.0,1.0,27.0,10.0,15.93407,16.098476,15.956665,16.076815,15.669234,15.584785,15.69562,15.713198,16.040218,16.473238,15.974435,16.019352,17.231932,17.303642,15.16994,14.63505,17.39038,17.089066,4.0,4.0,4.0,4.0,4.0,4.0,0.0,0.0
3807,2023.0,1.0,27.0,10.0,16.092348,16.360775,20.188131,23.591406,15.813457,15.835833,15.6931095,15.729672,20.621199,24.312262,20.235882,23.426823,16.515743,15.963221,16.110493,16.540367,17.234375,17.38275,4.0,4.0,4.0,0.0,4.0,0.0,4.0,4.0
3808,2023.0,1.0,27.0,10.0,16.108065,16.392708,20.052296,22.823902,15.486696,14.892926,15.678319,15.729447,17.308863,17.25343,20.058432,22.647614,16.93285,17.026638,15.432247,14.977045,21.556831,25.109514,4.0,0.0,4.0,0.0,0.0,4.0,0.0,0.0
3809,2023.0,1.0,27.0,10.0,16.108154,16.40619,20.108269,22.621176,15.294311,14.625888,15.663974,15.728428,15.461349,14.89985,17.2815,17.02114,16.42206,15.901385,15.368175,14.826565,18.090614,17.985987,4.0,0.0,4.0,0.0,0.0,0.0,0.0,0.0
3810,2023.0,1.0,27.0,11.0,16.100548,16.41033,20.097017,22.391233,15.639615,15.65691,15.649282,15.727565,15.357289,15.083547,16.123861,15.814806,16.0407,15.435351,15.040608,14.557355,16.246672,15.679013,4.0,4.0,4.0,0.0,0.0,0.0,0.0,0.0
3811,2023.0,1.0,27.0,11.0,16.08793,16.408388,20.199165,22.430141,15.801956,15.894059,15.638043,15.734399,15.275626,15.039802,15.873201,15.56957,15.912593,15.30917,15.007853,14.635313,16.062523,15.807474,4.0,4.0,4.0,0.0,0.0,0.0,0.0,0.0
3812,2023.0,1.0,27.0,11.0,15.354057,15.0587435,20.097338,22.151005,15.789263,15.896882,15.040342,14.759916,15.146408,14.932103,15.674301,15.4020605,16.146105,15.867263,15.102646,14.899138,15.876142,15.649699,0.0,4.0,0.0,0.0,0.0,0.0,0.0,0.0
3813,2023.0,1.0,27.0,11.0,15.742564,16.032671,17.704742,17.505445,15.7715025,15.897339,15.024394,14.8110485,15.021851,14.817232,15.490936,15.232318,16.233059,15.998689,15.103885,14.916229,15.658159,15.440013,0.0,4.0,0.0,0.0,0.0,0.0,0.0,0.0
3814,2023.0,1.0,27.0,11.0,15.226726,14.954625,16.610039,16.348389,15.754375,15.898015,15.016323,14.8543215,15.710035,16.216373,15.33592,15.087579,17.013813,17.496302,15.058364,14.877278,15.469494,15.260253,0.0,4.0,0.0,4.0,0.0,4.0,0.0,0.0
3815,2023.0,1.0,27.0,11.0,15.005443,14.769325,16.294975,16.060986,15.739874,15.900732,15.3254385,15.459594,19.724186,22.96711,15.595956,15.701331,17.038517,17.253859,15.0153675,14.840826,15.315413,15.1207695,0.0,4.0,4.0,0.0,4.0,4.0,0.0,0.0
3816,2023.0,1.0,27.0,12.0,15.594968,15.94161,16.469395,16.639875,15.728165,15.905858,15.604566,15.703178,16.8302,16.80648,20.239145,23.390282,17.03022,17.23623,16.033792,16.796057,16.210686,16.943014,4.0,4.0,0.0,0.0,0.0,4.0,4.0,4.0
3817,2023.0,1.0,27.0,12.0,20.690853,24.611551,20.2259,23.361788,20.86322,24.881573,20.054329,23.619568,15.248406,14.749082,17.665112,18.080898,20.056349,22.498709,20.394516,24.065145,20.302021,23.836037,0.0,4.0,0.0,0.0,0.0,0.0,0.0,0.0
3818,2023.0,1.0,27.0,12.0,21.096287,24.751165,18.140882,18.850159,21.057882,24.597189,21.163801,25.036072,15.17254,14.930983,16.04675,15.886496,21.285448,24.27927,21.113213,24.742819,17.68657,18.170786,4.0,4.0,0.0,0.0,0.0,4.0,0.0,4.0
3819,2023.0,1.0,27.0,12.0,21.591349,25.146276,20.280792,23.068935,21.594679,25.057447,21.597271,25.277222,15.133038,14.928085,16.088331,16.220074,21.709074,24.625462,21.625494,25.155994,20.358166,23.486427,4.0,4.0,0.0,0.0,4.0,4.0,0.0,0.0
3820,2023.0,1.0,27.0,12.0,21.402143,24.467161,20.092287,22.432531,21.05621,23.796066,21.04954,23.982264,15.023584,14.825385,20.41767,23.501236,21.278074,23.515877,21.090822,23.873672,17.951765,18.36953,4.0,4.0,4.0,0.0,0.0,0.0,0.0,4.0
3821,2023.0,1.0,27.0,12.0,21.0301,23.611547,20.095757,22.256306,21.108984,23.713055,21.115343,23.949028,15.007101,14.880197,17.799044,18.146929,21.056875,22.951075,22.418835,25.861155,20.362291,23.219555,4.0,4.0,0.0,0.0,0.0,0.0,4.0,0.0
3822,2023.0,1.0,27.0,13.0,22.543163,26.121082,20.10438,22.161867,21.094023,23.545153,21.118963,23.771793,15.007712,14.934666,16.632229,16.769924,21.804678,24.147758,22.33731,25.370817,18.144325,18.554552,0.0,4.0,0.0,0.0,4.0,0.0,0.0,4.0
3823,2023.0,1.0,27.0,13.0,20.909883,23.015839,18.055876,18.124895,21.092957,23.4369,21.092783,23.565678,15.255454,15.07036,20.442984,23.290245,20.981031,22.54428,20.917086,22.72502,21.483612,24.772768,4.0,4.0,4.0,0.0,0.0,0.0,0.0,4.0
3824,2023.0,1.0,27.0,13.0,21.136328,23.465538,20.261503,22.654533,21.114258,23.41463,21.094517,23.469189,14.992472,14.89083,17.945587,18.236307,21.13276,22.826052,21.122921,23.129501,19.86126,21.652233,4.0,0.0,4.0,0.0,0.0,0.0,0.0,0.0
3825,2023.0,1.0,27.0,13.0,22.210405,25.237854,20.063488,22.091196,21.107517,23.329,21.115772,23.45328,15.010485,14.971989,16.455425,16.225395,21.725584,23.76733,22.19616,25.097544,17.610268,17.319057,0.0,0.0,0.0,0.0,0.0,4.0,0.0,0.0
3826,2023.0,1.0,27.0,13.0,20.93093,22.85931,17.782467,17.618359,21.106264,23.266096,21.085974,23.310394,15.008118,15.000937,16.091831,15.83878,20.960123,22.276411,20.922049,22.601593,16.4474,15.914071,0.0,0.0,4.0,0.0,0.0,0.0,0.0,0.0
3827,2023.0,1.0,27.0,13.0,21.10994,23.271097,16.73404,16.489294,21.0795,23.208961,21.087503,23.267439,15.009496,15.029741,15.870286,15.612117,21.097235,22.540573,21.10627,23.00623,16.025215,15.49066,0.0,0.0,4.0,0.0,0.0,0.0,0.0,0.0
3828,2023.0,1.0,27.0,14.0,21.050983,23.158548,16.443651,16.219131,21.08428,23.205835,21.087976,23.231333,15.590732,16.139936,15.700568,15.456608,21.076523,22.481993,21.072935,22.954365,16.032904,15.799922,0.0,0.0,4.0,4.0,0.0,0.0,0.0,0.0
3829,2023.0,1.0,27.0,14.0,18.663538,18.592022,16.639032,16.818699,19.516684,20.156384,18.582245,18.42965,20.264221,23.883242,15.552073,15.319731,20.13472,20.66398,19.06829,19.105755,16.879503,17.516117,4.0,4.0,0.0,0.0,0.0,4.0,0.0,4.0
3830,2023.0,1.0,27.0,14.0,18.040373,18.253956,20.235117,23.256227,18.66715,19.142208,17.75242,17.74722,17.02009,17.091717,15.412309,15.18218,18.639168,18.138575,17.966099,17.752857,20.359577,23.431921,0.0,4.0,4.0,0.0,0.0,0.0,0.0,0.0
3831,2023.0,1.0,27.0,14.0,17.897842,18.166191,18.258944,18.978304,17.97028,18.039095,17.546492,17.593012,15.313472,14.891471,15.292546,15.070343,18.683054,18.72124,17.51845,17.285524,17.437815,17.348776,4.0,4.0,4.0,0.0,0.0,4.0,0.0,0.0
3832,2023.0,1.0,27.0,14.0,17.737545,18.016487,20.240458,22.719099,17.02064,16.491215,16.720041,16.220232,15.236155,15.008358,15.201831,14.981436,17.931227,17.336237,17.259045,17.025766,16.35975,15.854581,4.0,0.0,0.0,0.0,0.0,0.0,0.0,0.0
3833,2023.0,1.0,27.0,14.0,16.843397,16.508253,20.068398,22.197235,16.449577,15.833102,16.871906,16.893627,15.164576,14.975809,15.107914,14.893146,17.468445,16.845839,17.001007,16.776474,16.207401,15.960654,0.0,0.0,4.0,0.0,0.0,0.0,0.0,0.0
3834,2023.0,1.0,27.0,15.0,16.36708,15.982437,18.060417,18.200397,16.146929,15.5423765,16.254078,15.785452,15.038257,14.859484,15.025251,14.81845,17.259815,16.655722,16.778273,16.56502,16.048693,15.841097,4.0,0.0,0.0,0.0,0.0,0.0,0.0,0.0
3835,2023.0,1.0,27.0,15.0,16.887362,17.140875,20.233341,22.403713,16.244751,15.949584,16.54864,16.570562,15.005274,14.884343,15.003958,14.838096,17.401466,17.104641,16.610107,16.40004,15.8821745,15.681041,0.0,0.0,4.0,0.0,0.0,0.0,0.0,0.0
3836,2023.0,1.0,27.0,15.0,17.01706,17.340332,18.198288,18.299637,16.204712,15.98239,16.648252,16.761038,15.010066,14.965068,15.006933,14.89398,17.39266,17.148973,16.436653,16.234234,16.671125,17.32977,4.0,0.0,4.0,0.0,0.0,0.0,0.0,4.0
3837,2023.0,1.0,27.0,15.0,16.247322,15.97114,20.202406,22.496954,16.060587,15.848086,16.55537,16.676468,15.010141,15.019939,15.007734,14.93715,17.284967,17.05028,16.27762,16.079884,20.293043,23.45931,0.0,0.0,4.0,0.0,0.0,0.0,0.0,0.0
3838,2023.0,1.0,27.0,15.0,15.821738,15.460809,17.839712,17.70054,15.920988,15.71209,15.80411,15.356845,15.011512,15.061723,15.00852,14.969848,17.995073,18.49758,16.135519,15.942538,17.308662,17.215681,0.0,0.0,0.0,0.0,0.0,4.0,0.0,0.0
3839,2023.0,1.0,27.0,15.0,15.630582,15.265637,17.17162,17.331448,15.794644,15.588026,15.360428,14.809313,15.491181,15.985014,15.00963,14.998384,17.159666,16.696764,16.00723,15.818178,15.845587,15.388657,4.0,0.0,0.0,4.0,0.0,0.0,0.0,0.0
3840,2023.0,1.0,27.0,16.0,15.770415,15.697224,20.243877,22.8816,16.406801,16.835855,15.865621,15.918416,20.036825,23.62041,15.0103855,15.022413,17.458954,17.60652,15.891165,15.706303,15.717251,15.486563,4.0,4.0,4.0,0.0,0.0,4.0,0.0,0.0
3841,2023.0,1.0,27.0,16.0,15.79732,15.777232,20.066101,22.238941,16.030693,15.996575,16.065258,16.20742,16.932037,17.00685,15.16996,15.331385,16.939657,16.48125,15.786299,15.60611,15.6169,15.42436,0.0,0.0,4.0,0.0,4.0,0.0,0.0,0.0
3842,2023.0,1.0,27.0,16.0,16.513401,17.189955,17.693205,17.51052,16.01992,16.125494,16.044538,16.191662,15.173414,14.731441,20.122454,23.484228,16.533686,15.981247,15.690066,15.514451,15.466767,15.283664,0.0,4.0,4.0,0.0,0.0,0.0,0.0,0.0
3843,2023.0,1.0,27.0,16.0,15.817229,15.656544,16.670404,16.427813,16.072851,16.207428,15.3405,14.906705,15.081119,14.859587,17.507566,18.027699,16.368748,15.807347,15.598168,15.42185,15.327391,15.151094,0.0,4.0,0.0,0.0,0.0,0.0,0.0,0.0
3844,2023.0,1.0,27.0,16.0,16.055141,16.379076,16.42778,16.205542,16.049734,16.185534,14.9979105,14.519748,14.99831,14.847352,16.11056,16.26904,17.397797,17.897604,15.511233,15.334799,15.198038,15.0244,0.0,4.0,0.0,0.0,4.0,4.0,0.0,0.0
3845,2023.0,1.0,27.0,16.0,16.229017,16.594542,16.19347,15.9718485,16.020939,16.156542,15.524356,15.59688,15.70971,15.992546,20.234608,23.23563,16.686705,16.22752,16.474678,17.217062,15.084269,14.9187565,0.0,4.0,4.0,0.0,0.0,0.0,4.0,0.0
3846,2023.0,1.0,27.0,17.0,16.240269,16.610321,15.995473,15.771025,15.318782,14.872056,15.736997,15.889467,15.013681,14.924568,17.740837,18.158522,16.227722,15.680713,15.627018,15.271903,14.997936,14.8554125,0.0,0.0,4.0,0.0,0.0,0.0,0.0,0.0
3847,2023.0,1.0,27.0,17.0,15.526621,15.277577,16.290012,16.46693,15.000426,14.523928,15.0096035,14.647968,15.02578,15.040139,16.10816,15.933607,16.083834,15.522444,15.096107,14.638616,15.847672,16.525433,4.0,0.0,0.0,0.0,0.0,0.0,0.0,4.0
3848,2023.0,1.0,27.0,17.0,15.1271715,14.762455,20.122097,23.220667,15.501768,15.545815,15.4056635,15.468489,15.012718,15.0763645,15.688745,15.459785,16.278662,16.02234,15.272157,14.77271,19.88003,23.22022,0.0,4.0,4.0,0.0,0.0,0.0,0.0,0.0
3849,2023.0,1.0,27.0,17.0,14.999093,14.652941,18.134665,18.82826,15.692753,15.803543,14.993183,14.70087,15.015614,15.126878,15.429676,15.194629,16.324226,16.088514,14.991395,14.572017,17.474148,17.934643,4.0,4.0,0.0,0.0,0.0,0.0,0.0,4.0
3850,2023.0,1.0,27.0,17.0,15.868316,15.309377,20.190058,22.857882,15.407184,14.925601,15.637196,14.925549,15.016036,15.161187,15.224396,14.984687,16.271626,16.03254,15.105665,14.903692,20.320143,23.557087,0.0,0.0,0.0,0.0,0.0,0.0,0.0,0.0
3851,2023.0,1.0,27.0,17.0,16.106857,16.786303,17.589643,17.474987,15.002422,14.611331,15.011043,14.799836,15.016572,15.18723,15.055256,14.821273,16.215912,15.972388,15.09551,14.895024,17.174572,17.027714,0.0,0.0,0.0,0.0,0.0,0.0,0.0,0.0
3852,2023.0,1.0,27.0,18.0,15.359625,15.124167,16.798433,16.926117,15.402591,15.425632,15.687505,16.13275,15.017063,15.207585,15.00838,14.863133,16.1608,15.913517,15.023884,14.822221,15.61003,15.0800905,4.0,4.0,4.0,0.0,0.0,0.0,0.0,0.0
3853,2023.0,1.0,27.0,18.0,20.473877,24.235613,20.215939,23.048018,20.382195,24.016949,19.483505,22.483952,15.018208,15.227606,15.014105,14.948405,20.964043,24.052643,20.47072,24.030071,15.496368,15.252573,4.0,4.0,0.0,0.0,0.0,4.0,0.0,0.0
3854,2023.0,1.0,27.0,18.0,20.65484,24.009758,20.052443,22.345604,21.020761,24.55036,20.955137,24.55461,15.017994,15.23853,15.013721,14.99996,21.037643,23.903095,21.407578,25.284386,15.38162,15.164203,4.0,4.0,4.0,0.0,0.0,4.0,0.0,0.0
3855,2023.0,1.0,27.0,18.0,21.107918,24.388336,20.093252,22.191574,21.136349,24.31619,21.109606,24.359627,15.018646,15.244443,15.134298,15.25476,20.842432,23.19888,22.149889,26.110186,15.20651,14.989472,4.0,0.0,4.0,0.0,4.0,0.0,0.0,0.0
3856,2023.0,1.0,27.0,18.0,21.073084,24.012772,20.092,22.02898,21.102427,23.90793,21.110552,24.029146,15.018103,15.243775,19.910545,23.10619,21.106005,23.39282,22.257534,25.694695,15.058488,14.839265,4.0,4.0,4.0,0.0,0.0,4.0,4.0,0.0
3857,2023.0,1.0,27.0,18.0,21.102882,23.827803,20.089426,21.907038,21.10431,23.688131,21.129787,23.853266,15.018111,15.245824,17.315937,17.698288,21.293106,23.523577,22.15185,25.400534,15.005726,14.854341,4.0,4.0,0.0,0.0,0.0,0.0,0.0,0.0
3858,2023.0,1.0,27.0,19.0,21.093094,23.638681,20.086912,21.816065,21.098164,23.515062,21.09569,23.595585,15.018506,15.247474,15.54882,15.299962,21.065248,22.941996,22.469454,25.692,15.012755,14.932551,4.0,4.0,4.0,0.0,0.0,0.0,0.0,0.0
3859,2023.0,1.0,27.0,19.0,21.197046,23.698244,20.174307,21.913712,21.203787,23.582996,21.210644,23.679237,15.0356245,15.281922,15.178036,14.884139,21.199839,23.08319,22.712593,25.903885,15.015881,14.993032,4.0,4.0,4.0,0.0,0.0,0.0,0.0,0.0
3860,2023.0,1.0,27.0,19.0,21.079903,23.378275,20.075523,21.672724,21.083673,23.259098,21.086723,23.34762,15.015583,15.242962,14.996815,14.739465,21.059607,22.76633,20.9057,22.536072,15.010259,15.011251,4.0,4.0,4.0,0.0,0.0,0.0,4.0,0.0
3861,2023.0,1.0,27.0,19.0,21.1181,23.40061,20.105627,21.712782,21.121244,23.281296,21.124855,23.372843,15.019609,15.253391,15.018042,14.882684,22.09197,24.545162,22.445913,25.17584,15.012255,15.043269,0.0,0.0,0.0,0.0,0.0,0.0,4.0,0.0
3862,2023.0,1.0,27.0,19.0,21.084513,23.249794,18.142073,17.904123,21.088913,23.13357,21.092916,23.228724,15.018971,15.255268,15.013737,14.946746,20.952326,22.354609,20.874556,22.332842,15.012689,15.066635,4.0,4.0,4.0,0.0,0.0,4.0,0.0,0.0
3863,2023.0,1.0,27.0,19.0,21.15767,23.347004,20.26023,22.283468,21.159542,23.225521,21.15956,23.314949,15.019587,15.260212,15.015684,15.003989,21.1459,22.729033,21.218693,23.077303,15.012957,15.085695,4.0,4.0,4.0,0.0,0.0,0.0,0.0,0.0
3864,2023.0,1.0,27.0,20.0,21.08735,23.164474,20.050858,21.72481,21.091772,23.04799,21.119743,23.213287,15.019566,15.263983,15.016081,15.0445795,21.089886,22.583189,22.88247,25.95117,15.014047,15.103257,4.0,4.0,0.0,0.0,0.0,0.0,0.0,0.0
3865,2023.0,1.0,27.0,20.0,21.112427,23.199076,20.09124,21.71899,21.090704,23.011885,21.113768,23.162582,15.019758,15.268009,15.016568,15.074842,21.299368,22.85552,23.019808,26.018887,15.014215,15.117348,4.0,4.0,0.0,0.0,0.0,0.0,0.0,0.0
3866,2023.0,1.0,27.0,20.0,21.10598,23.14968,20.085432,21.65112,21.08985,22.979696,21.11337,23.12678,15.020005,15.271971,15.01684,15.097285,21.381742,22.929022,22.32778,24.509136,15.014659,15.130294,4.0,4.0,0.0,0.0,0.0,4.0,0.0,0.0
3867,2023.0,1.0,27.0,20.0,21.076242,23.039572,20.101978,21.658783,21.112339,23.016697,21.08188,23.090712,15.30007,15.785208,15.017386,15.115462,21.068708,22.400282,21.07806,22.561281,15.014733,15.141735,0.0,0.0,0.0,4.0,0.0,4.0,0.0,0.0
3868,2023.0,1.0,27.0,20.0,21.085043,23.033627,17.852617,17.32256,21.10736,22.97533,21.063694,23.045311,19.404987,22.535542,15.017082,15.128756,21.095793,22.477911,21.091537,22.71822,15.01517,15.1524105,0.0,0.0,4.0,0.0,0.0,0.0,0.0,0.0
3869,2023.0,1.0,27.0,20.0,21.108248,23.076864,16.970036,16.546324,21.107218,22.94671,21.09169,23.128138,16.728857,16.930471,15.018208,15.144758,21.059036,22.374746,21.077055,22.75353,15.015408,15.162333,0.0,0.0,0.0,4.0,0.0,4.0,0.0,0.0
3870,2023.0,1.0,27.0,21.0,21.077192,22.968813,17.198488,17.223694,21.07818,22.920057,21.090326,23.04696,20.072979,23.206427,15.018616,15.158841,21.09357,22.45646,21.079042,22.797535,15.015682,15.171702,4.0,0.0,4.0,0.0,0.0,0.0,0.0,0.0
3871,2023.0,1.0,27.0,21.0,21.16073,23.114897,20.25859,22.745008,21.171085,23.101435,21.160318,23.14794,17.23233,17.372732,15.019269,15.171735,21.12438,22.485338,21.18828,23.040043,15.016146,15.180616,4.0,4.0,4.0,4.0,0.0,4.0,0.0,0.0
3872,2023.0,1.0,27.0,21.0,22.030874,24.655731,20.055986,22.030401,21.085903,22.958641,21.11508,23.043453,20.505249,23.647015,15.019341,15.181098,21.8707,23.723484,21.28629,23.2204,15.016662,15.188867,4.0,0.0,0.0,4.0,0.0,4.0,4.0,0.0
3873,2023.0,1.0,27.0,21.0,20.950863,22.543373,20.094013,21.914845,21.084812,22.880678,21.085522,22.93462,20.036236,22.574867,15.019496,15.18757,20.958675,22.032269,21.071135,22.757267,15.016791,15.195892,4.0,4.0,4.0,4.0,0.0,0.0,4.0,0.0
3874,2023.0,1.0,27.0,21.0,21.121508,22.921179,20.088165,21.776773,21.086319,22.847172,21.115026,22.989965,20.131456,22.553177,14.999325,15.142006,21.100574,22.337252,21.103626,22.829557,15.01715,15.202888,4.0,4.0,0.0,0.0,4.0,0.0,0.0,0.0
3875,2023.0,1.0,27.0,21.0,21.071556,22.802895,20.088228,21.688261,21.110352,22.885744,21.109201,22.953207,17.170145,16.689064,19.835735,23.17048,21.085043,22.311428,21.098736,22.79341,15.017344,15.209068,4.0,0.0,0.0,0.0,0.0,0.0,0.0,0.0
3876,2023.0,1.0,27.0,22.0,21.585743,23.560377,20.103672,21.665218,21.104862,22.844963,21.079628,22.927397,16.403324,16.302187,17.056347,17.393013,21.382456,22.735794,21.099098,22.769,15.017612,15.215055,0.0,0.0,0.0,4.0,0.0,4.0,0.0,0.0
3877,2023.0,1.0,27.0,22.0,20.95177,22.473438,17.855383,17.312338,21.10442,22.818382,21.05873,22.883345,20.419773,23.225834,15.289505,15.028313,21.056826,22.23027,21.098122,22.74634,15.017542,15.22058,0.0,0.0,4.0,0.0,0.0,0.0,0.0,0.0
3878,2023.0,1.0,27.0,22.0,21.116882,22.82647,16.9834,16.540648,21.074652,22.795496,21.087482,22.97493,17.213648,16.824173,14.996203,14.774842,21.088535,22.295649,21.073824,22.727968,15.313135,15.767283,0.0,0.0,0.0,0.0,0.0,0.0,0.0,4.0
3879,2023.0,1.0,27.0,22.0,21.042294,22.722172,16.768097,16.385078,21.053658,22.754341,21.110903,22.967102,15.539378,14.794228,15.021945,14.94356,21.084463,22.285282,21.03342,22.637585,20.380943,24.26126,0.0,4.0,0.0,0.0,0.0,0.0,4.0,0.0
3880,2023.0,1.0,27.0,22.0,21.080557,22.791128,16.512638,16.140722,21.082504,22.847958,21.106081,22.916243,16.126993,16.363169,15.017964,15.018472,21.05941,22.281176,21.10755,22.786934,16.526434,16.301172,0.0,0.0,0.0,4.0,0.0,0.0,0.0,0.0
3881,2023.0,1.0,27.0,22.0,21.101894,22.849981,16.289019,15.924578,21.10535,22.84121,21.077053,22.883947,20.482899,23.686153,15.003266,15.040985,21.06215,22.314796,21.095535,22.736708,14.992878,14.658727,0.0,0.0,0.0,0.0,4.0,0.0,0.0,0.0
3882,2023.0,1.0,27.0,23.0,21.555395,23.408812,16.097393,15.740354,21.535192,23.343006,21.496502,23.385231,17.035343,16.71053,20.256763,23.801851,21.383879,22.719791,21.682348,23.471992,15.695948,15.830947,0.0,0.0,0.0,0.0,4.0,0.0,0.0,0.0
3883,2023.0,1.0,27.0,23.0,19.411793,19.172438,15.929572,15.57032,19.866165,20.054197,19.269121,19.341549,15.349,14.65937,17.3434,17.790895,19.558424,19.39526,19.929438,19.974558,15.31159,15.123214,0.0,0.0,0.0,0.0,0.0,0.0,0.0,0.0
3884,2023.0,1.0,27.0,23.0,19.329273,19.704613,15.801217,15.433468,19.285164,19.486341,18.256199,17.91353,15.358802,15.025083,15.874843,15.578719,19.668287,19.99176,18.807354,18.472206,15.001408,14.823605,0.0,4.0,0.0,0.0,0.0,4.0,0.0,0.0
3885,2023.0,1.0,27.0,23.0,18.097155,17.477348,15.667192,15.300502,18.440676,18.162573,17.749945,17.388998,15.277491,15.010042,15.450945,15.142434,18.526903,17.812048,18.286463,17.959461,15.019765,14.987394,0.0,0.0,0.0,0.0,0.0,0.0,0.0,0.0
3886,2023.0,1.0,27.0,23.0,17.2366,16.455515,16.010632,16.050776,17.261251,16.329298,17.369087,16.999453,15.079187,14.809553,15.142158,14.829422,17.733067,16.860928,17.876017,17.552092,15.424442,15.830318,4.0,0.0,0.0,0.0,0.0,0.0,0.0,4.0
3887,2023.0,1.0,27.0,23.0,16.887506,16.09065,15.645955,15.352027,16.745747,15.709211,17.108948,16.728209,15.005276,14.806914,15.000924,14.753726,17.415874,16.521578,17.588295,17.262299,14.950965,14.959619,0.0,0.0,0.0,0.0,0.0,0.0,0.0,0.0
3888,2023.0,1.0,28.0,0.0,17.099909,16.842913,15.371096,15.000567,16.933949,16.454357,16.84663,16.46722,15.019962,14.938738,15.026637,14.932997,17.640862,17.252607,17.30124,16.982508,15.051046,15.193945,0.0,0.0,0.0,0.0,0.0,0.0,0.0,0.0
3889,2023.0,1.0,28.0,0.0,17.034735,16.825565,15.243634,14.864057,16.862192,16.443209,16.60896,16.224493,15.022602,15.031543,15.026102,15.038376,17.595976,17.2312,17.04451,16.729832,15.061158,15.232043,0.0,0.0,0.0,0.0,0.0,0.0,0.0,0.0
3890,2023.0,1.0,28.0,0.0,16.867996,16.669992,15.153727,14.7844515,16.684603,16.28264,16.422651,16.0547,15.284576,15.562535,15.019667,15.080107,17.4533,17.09483,16.825712,16.515589,15.011672,15.180987,0.0,0.0,0.0,4.0,0.0,0.0,0.0,0.0
3891,2023.0,1.0,28.0,0.0,16.70786,16.516136,15.068773,14.705111,16.513863,16.121826,16.252815,15.893124,14.946012,14.958545,15.023877,15.136914,17.314545,16.958876,16.628149,16.321783,15.024132,15.238742,0.0,0.0,0.0,0.0,0.0,0.0,0.0,0.0
3892,2023.0,1.0,28.0,0.0,16.559458,16.370012,15.000565,14.651591,16.354673,15.9663,16.096571,15.739383,15.032162,15.181327,15.037798,15.20887,17.186943,16.832579,16.45031,16.14519,15.038346,15.298209,0.0,0.0,0.0,0.0,0.0,0.0,0.0,0.0
3893,2023.0,1.0,28.0,0.0,16.426912,16.241686,15.005449,14.730475,16.216442,15.837219,15.961653,15.612323,15.032758,15.190924,15.039488,15.231738,17.073055,16.721746,16.293072,15.991578,15.039148,15.312705,0.0,0.0,0.0,0.0,0.0,0.0,0.0,0.0
3894,2023.0,1.0,28.0,1.0,16.309917,16.13282,15.00776,14.77918,16.091087,15.720463,15.839771,15.497751,15.034586,15.221435,15.042164,15.260596,16.96931,16.620865,16.151089,15.852929,15.039688,15.330714,0.0,0.0,0.0,0.0,0.0,0.0,0.0,0.0
3895,2023.0,1.0,28.0,1.0,16.207489,16.041729,15.006954,14.813109,15.979496,15.61995,15.731554,15.399143,15.017172,15.208196,15.020215,15.239009,16.875065,16.530125,16.023455,15.729943,15.2327385,15.687966,0.0,0.0,0.0,0.0,0.0,0.0,0.0,4.0
3896,2023.0,1.0,28.0,1.0,16.114506,15.96064,15.008045,14.848911,15.872614,15.519336,15.6282015,15.300544,15.128097,15.418268,15.025509,15.267512,16.786188,16.442831,15.904179,15.61253,14.999915,15.237867,0.0,0.0,0.0,4.0,0.0,0.0,0.0,0.0
3897,2023.0,1.0,28.0,1.0,16.02041,15.866761,15.014185,14.893711,15.769813,15.418989,15.52945,15.203353,15.070451,15.279235,15.046868,15.327165,16.703112,16.360493,15.792651,15.501558,15.071924,15.384776,0.0,0.0,0.0,0.0,0.0,0.0,0.0,0.0
3898,2023.0,1.0,28.0,1.0,15.947308,15.811535,15.008208,14.904871,15.684674,15.347289,16.202654,16.54958,15.033402,15.225703,15.021138,15.285702,16.630795,16.294056,15.695926,15.412257,15.015881,15.296812,0.0,0.0,4.0,0.0,0.0,0.0,0.0,0.0
3899,2023.0,1.0,28.0,1.0,15.865693,15.730756,15.0097685,14.932059,15.596747,15.26377,15.7876,15.608458,15.019953,15.232967,15.025677,15.30673,16.558428,16.222736,15.600122,15.31761,15.024558,15.338131,0.0,0.0,0.0,0.0,0.0,0.0,0.0,0.0
3900,2023.0,1.0,28.0,2.0,15.781144,15.642906,15.010191,14.954922,15.513124,15.183842,14.9694805,14.310234,15.022333,15.261177,15.025498,15.3174305,16.490261,16.155516,15.510075,15.228547,15.02404,15.356467,0.0,0.0,0.0,0.0,0.0,0.0,0.0,0.0
3901,2023.0,1.0,28.0,2.0,15.712348,15.583494,15.019876,14.996301,15.43202,15.104571,15.023735,14.528672,15.04217,15.320727,15.050061,15.376036,16.425919,16.092213,15.424491,15.1431875,15.047518,15.420012,0.0,0.0,0.0,0.0,0.0,0.0,0.0,0.0
3902,2023.0,1.0,28.0,2.0,15.656604,15.54213,15.009767,14.993237,15.363201,15.045191,15.13352,14.821748,15.019128,15.28773,15.004445,15.279075,16.369183,16.040022,15.348655,15.072154,15.020145,15.376724,0.0,0.0,0.0,0.0,4.0,0.0,0.0,0.0
3903,2023.0,1.0,28.0,2.0,15.59283,15.480569,15.022005,15.037775,15.293287,14.979671,15.110605,14.814818,15.04491,15.355682,15.0506115,15.403332,16.313786,15.987446,15.274966,15.000934,15.048978,15.4486065,0.0,0.0,0.0,0.0,0.0,0.0,0.0,0.0
3904,2023.0,1.0,28.0,2.0,15.527544,15.415164,15.022704,15.053002,15.228504,14.921345,15.048871,14.758479,15.045755,15.361337,15.050478,15.39559,16.262007,15.939275,15.205928,14.935431,15.0483,15.448557,0.0,0.0,0.0,0.0,0.0,0.0,0.0,0.0
3905,2023.0,1.0,28.0,2.0,15.463422,15.351005,15.023488,15.070868,15.166388,14.865411,15.00083,14.729172,15.045018,15.370414,15.050749,15.402477,16.21257,15.893404,15.140174,14.873154,15.048805,15.459226,0.0,0.0,0.0,0.0,0.0,0.0,0.0,0.0
3906,2023.0,1.0,28.0,3.0,15.410289,15.3071375,15.023939,15.087321,15.1065855,14.811542,15.004713,14.794003,15.045404,15.380808,15.05075,15.407302,16.16523,15.849589,15.077297,14.8137,15.048354,15.466459,0.0,0.0,0.0,0.0,0.0,0.0,0.0,0.0
3907,2023.0,1.0,28.0,3.0,15.34846,15.241548,15.025369,15.104987,15.043848,14.749514,15.0071535,14.83728,15.046649,15.391818,15.0510645,15.412775,16.115744,15.799631,15.013488,14.749821,15.049701,15.477069,0.0,0.0,0.0,0.0,0.0,0.0,0.0,0.0
3908,2023.0,1.0,28.0,3.0,15.288884,15.181667,15.026363,15.120876,15.001455,14.726444,15.009181,14.87562,15.046772,15.399995,15.051723,15.4189005,16.06631,15.749719,15.0034485,14.788964,15.050983,15.486716,0.0,0.0,0.0,0.0,0.0,0.0,0.0,0.0
3909,2023.0,1.0,28.0,3.0,15.231871,15.125222,15.026009,15.133119,15.004629,14.784274,15.011803,14.910908,15.04877,15.41187,15.052082,15.424498,16.017447,15.700362,15.006607,14.831158,15.051263,15.494192,0.0,0.0,0.0,0.0,0.0,0.0,0.0,0.0
3910,2023.0,1.0,28.0,3.0,15.175794,15.069132,15.02709,15.147604,15.007125,14.824821,15.013807,14.941683,15.0484,15.418425,15.052915,15.431257,15.969066,15.651463,15.009101,14.864897,15.051434,15.501702,0.0,0.0,0.0,0.0,0.0,0.0,0.0,0.0
3911,2023.0,1.0,28.0,3.0,15.1204815,15.013488,15.028262,15.161258,15.009389,14.861237,15.015619,14.969783,15.04978,15.429069,15.026985,15.367291,15.921053,15.602905,15.010454,14.893069,15.052408,15.510757,0.0,0.0,0.0,0.0,4.0,0.0,0.0,0.0
3912,2023.0,1.0,28.0,4.0,15.070991,14.968493,15.029107,15.173665,15.011392,14.89355,15.017378,14.995787,15.049801,15.4364605,15.054866,15.459957,15.873322,15.554605,15.012623,14.920427,15.052452,15.51777,0.0,0.0,0.0,0.0,0.0,0.0,0.0,0.0
3913,2023.0,1.0,28.0,4.0,15.013086,14.904285,15.030305,15.186447,15.01332,14.923038,15.018924,15.019791,15.051312,15.447132,15.028595,15.384769,15.8253975,15.505685,15.014606,14.945087,15.053952,15.527827,0.0,0.0,0.0,0.0,4.0,0.0,0.0,0.0
3914,2023.0,1.0,28.0,4.0,15.003387,14.935468,15.030908,15.197561,15.015112,14.950183,15.020253,15.042087,15.051023,15.453815,15.056263,15.477101,15.777477,15.456747,15.016184,14.967555,15.0536785,15.533972,0.0,0.0,0.0,0.0,0.0,0.0,0.0,0.0
3915,2023.0,1.0,28.0,4.0,15.004879,14.972913,15.032048,15.209641,15.016982,14.975779,15.021897,15.063949,15.052489,15.464505,15.056298,15.470841,15.729618,15.407857,15.017178,14.987816,15.054354,15.542528,0.0,0.0,0.0,0.0,0.0,0.0,0.0,0.0
3916,2023.0,1.0,28.0,4.0,15.004326,14.999244,15.015308,15.188991,15.009051,14.980382,15.010654,15.060213,15.02384,15.420787,15.025751,15.42177,15.683373,15.362083,15.891009,16.646091,15.024918,15.497115,0.0,0.0,0.0,0.0,0.0,0.0,4.0,0.0
3917,2023.0,1.0,28.0,4.0,15.005441,15.028334,15.018275,15.206112,15.497551,15.903718,15.012766,15.082732,15.02834,15.44015,15.030047,15.437749,15.635743,15.314278,14.937187,14.729068,15.028954,15.515184,0.0,4.0,0.0,0.0,0.0,0.0,0.0,0.0
3918,2023.0,1.0,28.0,5.0,15.006132,15.053943,15.018341,15.2167,14.977477,14.913681,15.013285,15.100397,15.027924,15.448886,15.029945,15.444348,15.587324,15.2637005,15.049147,14.991851,15.028995,15.524342,0.0,0.0,0.0,0.0,0.0,0.0,0.0,0.0
3919,2023.0,1.0,28.0,5.0,15.012151,15.0904,15.035866,15.262073,15.059686,15.091281,15.025341,15.141101,15.056313,15.513791,15.058784,15.507775,15.542559,15.221114,15.046423,15.006224,15.058345,15.590761,0.0,0.0,0.0,0.0,0.0,0.0,0.0,0.0
3920,2023.0,1.0,28.0,5.0,15.012138,15.109477,15.035772,15.265762,15.01935,15.020934,15.026635,15.154183,15.055393,15.510665,15.031851,15.433207,15.501901,15.18383,15.019092,14.997728,15.057721,15.5873,0.0,0.0,0.0,0.0,4.0,0.0,0.0,0.0
3921,2023.0,1.0,28.0,5.0,15.012973,15.131055,15.036541,15.276563,15.022316,15.06633,15.026842,15.168264,15.056145,15.519379,15.059897,15.526036,15.462002,15.147305,15.021033,15.042854,15.042341,15.526525,0.0,0.0,0.0,0.0,0.0,0.0,0.0,4.0
3922,2023.0,1.0,28.0,5.0,15.014778,15.15247,15.036348,15.284938,15.023053,15.0907,15.028031,15.183871,15.055993,15.524998,15.032564,15.447624,15.423171,15.111842,15.02381,15.074063,15.089808,15.645637,0.0,0.0,0.0,0.0,4.0,0.0,0.0,0.0
3923,2023.0,1.0,28.0,5.0,15.0152235,15.169543,15.036846,15.295146,15.024523,15.115442,15.028867,15.19833,15.055842,15.530941,15.060148,15.5389595,15.38546,15.077494,15.026466,15.103535,15.086955,15.606816,0.0,0.0,0.0,0.0,0.0,0.0,0.0,0.0
3924,2023.0,1.0,28.0,6.0,15.016905,15.18894,15.037534,15.305592,15.024865,15.135354,15.029006,15.211446,15.056388,15.537955,15.059336,15.529674,15.348869,15.044262,15.027345,15.12564,15.05579,15.569124,0.0,0.0,0.0,0.0,0.0,0.0,0.0,0.0
3925,2023.0,1.0,28.0,6.0,19.722685,23.308657,15.017869,15.279173,19.736551,23.26154,19.59768,23.039145,15.026086,15.488898,15.027329,15.476222,19.369793,21.871357,20.008745,23.740318,15.027434,15.537986,0.0,0.0,0.0,0.0,0.0,0.0,0.0,0.0
3926,2023.0,1.0,28.0,6.0,20.7958,24.670156,15.020825,15.29551,20.85892,24.703266,21.199799,25.33573,14.999633,15.416686,15.031223,15.487046,20.295637,23.28699,21.111357,25.121801,15.029962,15.551036,0.0,0.0,4.0,4.0,0.0,0.0,0.0,0.0
3927,2023.0,1.0,28.0,6.0,21.150272,24.825443,15.020991,15.305179,21.145542,24.72562,21.108501,24.683851,19.62658,23.409855,15.030727,15.486609,20.737156,23.669033,21.667013,25.58678,15.029329,15.549488,0.0,0.0,0.0,0.0,0.0,0.0,0.0,0.0
3928,2023.0,1.0,28.0,6.0,21.103344,24.388754,14.999032,15.251354,21.085098,24.242224,20.944103,24.024721,17.065426,17.770359,15.030818,15.48638,21.111122,23.999321,21.03665,24.069023,15.029295,15.545628,4.0,4.0,0.0,4.0,0.0,0.0,0.0,0.0
3929,2023.0,1.0,28.0,6.0,21.106703,24.15627,19.438389,22.901264,21.112995,24.078493,21.12301,24.093327,19.5682,22.760784,15.031422,15.486233,21.369566,24.185757,21.07908,23.905746,15.029309,15.541146,0.0,0.0,0.0,0.0,0.0,0.0,4.0,0.0
3930,2023.0,1.0,28.0,7.0,21.102926,23.97609,16.826727,17.236443,21.136332,23.886599,21.111979,23.91524,16.298666,15.988418,15.030086,15.478121,22.250957,25.46171,21.788698,24.957596,15.029277,15.53683,0.0,0.0,0.0,0.0,0.0,4.0,0.0,0.0
3931,2023.0,1.0,28.0,7.0,21.076773,23.777742,15.022411,14.854851,21.129683,23.70008,21.105013,23.788633,15.342885,15.319021,15.010567,15.418284,20.948078,22.906925,21.732414,24.590801,15.029211,15.533181,0.0,0.0,0.0,4.0,4.0,0.0,0.0,0.0
3932,2023.0,1.0,28.0,7.0,21.0799,23.692934,15.025097,15.014329,21.096647,23.565632,21.104103,23.700022,19.683578,22.653248,19.64654,23.264746,21.125927,23.145063,21.02209,23.196678,15.0293665,15.530845,0.0,0.0,0.0,0.0,4.0,0.0,0.0,0.0
3933,2023.0,1.0,28.0,7.0,21.105673,23.615808,15.017807,15.097008,21.075535,23.445429,21.078924,23.561293,16.447266,16.128536,19.776035,23.009907,21.075605,22.933828,21.105196,23.364004,15.234779,15.876403,0.0,4.0,4.0,0.0,4.0,4.0,0.0,4.0
3934,2023.0,1.0,28.0,7.0,21.100433,23.511496,15.067508,15.235575,21.078436,23.406904,21.105585,23.580082,15.095335,14.797047,19.955505,22.918676,21.081678,22.880178,21.093758,23.328493,19.234291,22.756214,4.0,4.0,0.0,0.0,0.0,4.0,0.0,0.0
3935,2023.0,1.0,28.0,7.0,21.7556,24.407053,20.042728,23.980246,21.735546,24.289015,21.683119,24.299833,15.010252,14.874814,16.668365,16.292295,21.596924,23.608492,22.205477,25.21041,16.461145,16.780045,4.0,4.0,4.0,0.0,0.0,4.0,0.0,4.0
3936,2023.0,1.0,28.0,8.0,20.949564,22.981413,19.732403,22.781261,20.936535,22.83871,20.974255,23.023401,15.456029,15.870697,15.323106,14.951717,21.864994,23.988588,21.704184,24.36746,19.653793,22.851921,4.0,4.0,0.0,4.0,0.0,4.0,0.0,0.0
3937,2023.0,1.0,28.0,8.0,18.792263,18.861458,20.049238,22.953455,18.740906,18.666508,18.669445,18.602999,19.573807,22.738012,15.058664,14.731312,19.038666,18.483124,18.695269,18.612885,16.274185,16.033562,0.0,4.0,4.0,0.0,0.0,0.0,0.0,0.0
3938,2023.0,1.0,28.0,8.0,17.746496,17.686464,17.232056,17.222406,17.558653,17.241404,17.452057,17.158749,16.32527,16.084156,15.171919,15.207364,18.331902,18.127062,18.55065,19.16994,15.497529,15.701209,4.0,4.0,4.0,0.0,4.0,4.0,4.0,4.0
3939,2023.0,1.0,28.0,8.0,17.447063,17.38517,20.060549,22.604752,16.570656,15.681735,17.106201,16.804363,15.732814,15.631225,19.701515,22.937538,18.220375,18.069172,17.090973,16.443552,19.734644,22.901863,0.0,0.0,4.0,4.0,0.0,4.0,0.0,0.0
3940,2023.0,1.0,28.0,8.0,17.179672,17.147867,17.292593,17.01541,15.925519,14.95967,16.154343,15.313234,20.18011,23.245382,17.406906,17.991434,18.004541,17.872944,16.204542,15.469031,16.39572,16.15571,0.0,0.0,0.0,0.0,4.0,4.0,0.0,0.0
3941,2023.0,1.0,28.0,8.0,16.951239,16.936369,15.90703,15.526175,15.54876,14.591229,15.540823,14.611931,16.827162,16.535559,20.197565,23.437197,17.813381,17.695358,15.796119,15.067757,15.947986,15.268404,0.0,0.0,0.0,0.0,0.0,4.0,0.0,0.0
3942,2023.0,1.0,28.0,9.0,16.053501,15.441619,15.5933485,15.231334,15.706541,15.223029,15.200341,14.276583,15.422016,15.114499,17.462833,17.775557,16.95595,16.237896,15.858573,15.524739,14.989654,14.899756,0.0,0.0,0.0,0.0,0.0,0.0,0.0,0.0
3943,2023.0,1.0,28.0,9.0,15.5145645,14.81105,15.29747,14.927396,15.703565,15.323661,15.405789,14.972787,15.130007,14.842693,15.668278,15.375325,16.403313,15.582213,15.790907,15.517157,15.032696,15.142229,0.0,0.0,0.0,0.0,0.0,0.0,0.0,0.0
3944,2023.0,1.0,28.0,9.0,15.24681,14.5520115,15.0482855,14.672193,15.542939,15.173952,15.395112,15.036136,15.010088,14.864377,15.171849,14.8338175,16.133114,15.315832,15.606109,15.326934,15.028374,15.242271,0.0,0.0,0.0,0.0,0.0,0.0,0.0,0.0
3945,2023.0,1.0,28.0,9.0,15.490716,15.26697,15.011548,14.785099,16.150658,16.4582,15.261655,14.922093,15.023627,15.030955,15.005428,14.80871,15.945394,15.154076,15.44293,15.174218,15.025584,15.312377,0.0,4.0,0.0,0.0,0.0,0.0,0.0,0.0
3946,2023.0,1.0,28.0,9.0,15.51821,15.36746,15.250184,15.345895,15.661345,15.437327,15.12386,14.793712,15.022056,15.125208,15.026992,15.000463,16.199484,15.843858,15.292745,15.0271635,15.027069,15.369185,4.0,0.0,0.0,0.0,0.0,0.0,0.0,0.0
3947,2023.0,1.0,28.0,9.0,15.413701,15.275417,19.697144,23.094633,15.003441,14.462917,15.358792,15.003362,15.022726,15.195158,15.016063,15.075786,16.236149,15.914645,16.260096,16.971045,15.027298,15.412743,0.0,0.0,0.0,0.0,4.0,0.0,4.0,0.0
3948,2023.0,1.0,28.0,10.0,15.304807,15.173822,17.262548,17.739494,15.294523,15.111264,15.071323,14.783527,15.265071,15.683348,19.676207,22.818884,16.159266,15.844622,16.26148,16.597025,15.027575,15.444678,0.0,4.0,0.0,4.0,0.0,0.0,4.0,0.0
3949,2023.0,1.0,28.0,10.0,15.2219095,15.112058,15.858564,16.036324,15.410632,15.305857,15.654802,16.001661,20.143421,23.905426,17.327177,17.943861,16.088446,15.783222,15.216136,14.707102,15.027442,15.467976,4.0,4.0,4.0,0.0,4.0,0.0,0.0,0.0
3950,2023.0,1.0,28.0,10.0,15.145163,15.047572,20.382551,24.039818,15.397312,15.319847,15.273674,15.16097,16.51561,16.400135,20.141361,23.466717,16.027315,15.731334,16.105219,15.471138,15.765995,16.595594,0.0,4.0,0.0,0.0,0.0,0.0,0.0,0.0
3951,2023.0,1.0,28.0,10.0,15.074476,14.989077,18.01813,18.803503,15.377185,15.323685,15.018538,14.867441,15.007109,14.764382,16.961178,16.804861,16.760622,17.171059,14.965959,14.636963,15.370619,15.423359,4.0,4.0,0.0,0.0,0.0,4.0,0.0,0.0
3952,2023.0,1.0,28.0,10.0,15.001324,14.926188,19.69428,22.341835,15.358328,15.328072,15.025582,14.927386,15.021285,14.975035,14.987749,14.344149,16.697935,16.76936,15.029359,14.825873,15.072528,15.417908,0.0,4.0,0.0,0.0,0.0,4.0,0.0,0.0
3953,2023.0,1.0,28.0,10.0,15.005438,14.992245,17.257257,17.274397,14.991126,14.748788,15.008677,14.965163,15.019589,15.084353,15.086042,14.760646,16.643347,16.716372,15.004688,14.852128,15.020296,15.382846,4.0,0.0,0.0,0.0,0.0,4.0,0.0,0.0
3954,2023.0,1.0,28.0,11.0,15.284472,15.214702,19.958214,22.761152,15.023375,14.875543,15.876566,15.503889,15.386535,15.842299,15.004459,14.799794,15.92495,15.338952,15.358866,15.21419,15.025881,15.432529,0.0,0.0,0.0,4.0,0.0,0.0,0.0,0.0
3955,2023.0,1.0,28.0,11.0,15.027836,15.0098095,17.268238,17.169376,15.023053,14.924641,14.994106,14.983159,19.530918,22.907795,15.199041,15.299174,15.558876,14.913502,14.99128,14.831945,15.025248,15.456846,0.0,0.0,0.0,0.0,4.0,0.0,0.0,0.0
3956,2023.0,1.0,28.0,11.0,15.007389,15.051353,15.86619,15.597764,15.579872,16.026722,15.015483,15.080165,16.407791,16.299839,19.89334,23.127958,16.287476,16.401423,15.939402,16.676334,15.025209,15.4739065,0.0,4.0,0.0,0.0,0.0,4.0,4.0,0.0
3957,2023.0,1.0,28.0,11.0,15.006298,15.09707,15.588204,15.331894,14.971953,14.864741,15.011892,15.114849,15.472203,15.571051,17.235798,17.667423,16.563808,16.69157,14.978959,14.756036,15.024985,15.484852,0.0,0.0,0.0,4.0,0.0,4.0,0.0,0.0
3958,2023.0,1.0,28.0,11.0,15.007891,15.138746,15.342546,15.089001,15.03442,15.028018,15.013053,15.151621,19.753742,22.836042,15.554705,15.375264,15.842155,15.2901745,15.041019,14.951746,15.024814,15.492189,0.0,0.0,0.0,0.0,0.0,0.0,0.0,0.0
3959,2023.0,1.0,28.0,11.0,15.640168,16.350035,15.136273,14.88741,15.022938,15.034849,15.01352,15.182749,16.65048,16.561646,15.14584,14.895558,16.349234,16.501163,15.015958,14.939809,15.024786,15.497673,0.0,0.0,0.0,0.0,0.0,4.0,0.0,0.0
3960,2023.0,1.0,28.0,12.0,15.163025,15.266485,14.999444,14.79691,15.009762,15.0636,15.014204,15.210214,14.97962,14.495189,15.004384,14.830139,15.796262,15.244895,15.019704,14.973147,15.024837,15.502169,0.0,0.0,0.0,0.0,0.0,0.0,0.0,0.0
3961,2023.0,1.0,28.0,12.0,19.389038,22.75091,15.012656,14.937807,19.993345,23.749529,19.764051,23.396278,15.032079,14.809777,15.016414,14.960724,19.523348,21.808582,20.37702,23.995348,15.024901,15.505234,0.0,0.0,0.0,0.0,0.0,0.0,0.0,0.0
3962,2023.0,1.0,28.0,12.0,20.21282,23.687487,15.013221,15.0248165,21.108065,25.111855,20.914856,24.90639,15.013811,14.91924,15.016768,15.037587,20.153902,22.701204,21.113209,24.947624,15.02407,15.500326,0.0,4.0,0.0,0.0,0.0,0.0,0.0,0.0
3963,2023.0,1.0,28.0,12.0,21.198393,25.01859,15.013696,15.09315,21.08815,24.593485,21.14153,24.826866,15.015639,15.023396,15.01561,15.092049,21.148378,24.128382,21.951218,25.952726,15.0231495,15.49078,0.0,4.0,0.0,0.0,0.0,0.0,0.0,0.0
3964,2023.0,1.0,28.0,12.0,21.074726,24.422022,15.015297,15.149495,21.131613,24.32426,21.095482,24.402414,15.016966,15.095611,15.0870905,15.256164,21.587286,24.566727,22.444574,26.395998,15.021765,15.47907,0.0,0.0,0.0,0.0,4.0,0.0,0.0,0.0
3965,2023.0,1.0,28.0,12.0,21.109316,24.248129,15.015145,15.191475,21.10568,23.99218,21.110844,24.199268,15.014702,15.140842,19.645937,22.778093,21.72033,24.513266,22.567865,26.265013,15.022989,15.472219,0.0,4.0,0.0,0.0,0.0,0.0,0.0,0.0
3966,2023.0,1.0,28.0,13.0,21.100779,24.05785,15.014889,15.221443,21.128405,23.868694,21.10439,24.015686,15.015961,15.177793,17.409754,18.085579,22.053421,24.88284,22.214176,25.305536,15.022717,15.463336,0.0,0.0,0.0,0.0,4.0,0.0,0.0,0.0
3967,2023.0,1.0,28.0,13.0,21.144472,24.018362,15.659503,16.171162,21.14673,23.7624,21.102074,23.883251,15.658816,16.13476,20.142508,23.414688,21.069416,22.941673,21.771574,24.609087,15.922401,16.865221,0.0,0.0,0.0,0.0,0.0,0.0,0.0,0.0
3968,2023.0,1.0,28.0,13.0,21.096785,23.825274,14.993894,15.137941,21.11857,23.595621,21.100454,23.782446,15.004441,15.113177,17.597454,18.004978,21.26194,23.279715,21.954437,24.992533,14.991087,15.211359,0.0,0.0,0.0,0.0,0.0,0.0,0.0,0.0
3969,2023.0,1.0,28.0,13.0,21.0943,23.744595,15.018371,15.228231,21.090546,23.50446,21.097816,23.70008,15.017961,15.176329,15.85311,15.608028,21.040842,22.77353,21.056839,23.15194,15.052407,15.386769,0.0,0.0,0.0,0.0,0.0,4.0,4.0,0.0
3970,2023.0,1.0,28.0,13.0,21.194454,23.870832,15.030121,15.288834,21.149754,23.55359,21.161993,23.73014,15.028695,15.230075,15.435938,15.143275,21.134748,22.883272,21.210098,23.444384,15.0362215,15.385399,0.0,4.0,4.0,0.0,0.0,4.0,0.0,0.0
3971,2023.0,1.0,28.0,13.0,21.054453,23.526434,15.014803,15.284554,21.087513,23.360626,21.11466,23.57032,15.013752,15.218081,15.226419,14.958189,21.084988,22.746424,22.728788,25.984953,15.018607,15.373954,0.0,4.0,0.0,0.0,0.0,0.0,0.0,0.0
3972,2023.0,1.0,28.0,14.0,21.145662,23.67251,15.083024,15.418159,21.22347,23.591833,21.232836,23.721277,15.031004,15.271701,15.021119,14.749102,21.174387,22.865078,23.028727,26.285917,15.039584,15.4326,4.0,0.0,0.0,0.0,0.0,0.0,0.0,0.0
3973,2023.0,1.0,28.0,14.0,18.379734,18.298525,19.770473,23.425985,18.53988,18.359703,18.82175,19.045511,15.013943,15.247904,15.013071,14.874308,18.959589,18.546574,19.873886,20.051682,15.017388,15.39671,4.0,0.0,0.0,0.0,0.0,0.0,0.0,0.0
3974,2023.0,1.0,28.0,14.0,16.888744,16.450706,20.049582,23.36594,16.943186,16.296467,17.368322,17.197844,15.017314,15.266781,15.242411,15.392147,18.208591,17.892063,18.230326,17.99385,15.022262,15.417938,4.0,0.0,0.0,0.0,4.0,0.0,0.0,0.0
3975,2023.0,1.0,28.0,14.0,16.39563,15.951106,20.14356,23.156034,17.460377,17.767578,16.854073,16.649603,15.600899,16.064306,20.002264,23.62839,17.989546,17.707512,17.65729,17.402159,15.791035,16.578362,0.0,4.0,0.0,0.0,0.0,0.0,0.0,0.0
3976,2023.0,1.0,28.0,14.0,16.7968,17.007528,17.194315,17.209528,17.652302,18.127314,17.20451,17.610191,14.996617,15.1523905,17.386124,17.937685,17.758846,17.489573,17.263357,17.013517,15.554998,15.688902,0.0,4.0,4.0,0.0,0.0,0.0,0.0,0.0
3977,2023.0,1.0,28.0,14.0,16.167568,15.852108,15.836056,15.650559,16.479336,16.016745,16.620657,16.545393,15.020563,15.236222,15.590709,15.447505,17.557251,17.296957,16.945621,16.704424,15.032476,15.277647,0.0,0.0,0.0,0.0,0.0,0.0,0.0,0.0
3978,2023.0,1.0,28.0,15.0,15.686313,15.285734,15.504472,15.309448,15.787222,15.159996,15.755074,15.2049465,15.017331,15.260581,15.189922,14.977748,17.379448,17.125088,16.673695,16.438866,15.020673,15.324045,0.0,0.0,0.0,0.0,0.0,0.0,0.0,0.0
3979,2023.0,1.0,28.0,15.0,16.21395,16.482267,15.2466,15.053314,16.204298,16.191046,15.354932,14.766707,15.018907,15.288181,15.380145,15.513914,17.226526,16.981031,17.549192,18.307667,15.022623,15.374659,0.0,4.0,0.0,0.0,4.0,0.0,4.0,0.0
3980,2023.0,1.0,28.0,15.0,15.656804,15.378143,15.030887,14.837019,16.329079,16.406897,15.427773,15.155925,15.40588,15.70593,19.961498,23.03278,17.088955,16.849834,16.531641,16.15411,15.418243,15.831811,0.0,4.0,0.0,0.0,0.0,0.0,0.0,0.0
3981,2023.0,1.0,28.0,15.0,15.249103,14.886482,15.012434,14.949708,15.588515,15.101468,15.410093,15.207056,15.590437,15.714747,17.538477,18.048014,16.965334,16.731775,15.857569,15.359935,15.5292635,15.666541,0.0,0.0,0.0,0.0,0.0,0.0,0.0,0.0
3982,2023.0,1.0,28.0,15.0,15.853531,16.175554,15.0125885,15.042921,15.140807,14.551283,15.288809,15.093712,15.499905,16.065046,16.136248,16.306675,16.852339,16.622786,15.590978,15.086932,15.036041,15.300754,0.0,0.0,0.0,4.0,4.0,0.0,0.0,0.0
3983,2023.0,1.0,28.0,15.0,16.045977,16.42069,15.594967,15.9241705,15.653221,15.67962,15.171229,14.98184,20.556181,24.62838,20.118494,23.2512,17.58727,18.112318,15.402093,14.910688,15.543008,16.0408,0.0,4.0,0.0,4.0,0.0,4.0,0.0,0.0
3984,2023.0,1.0,28.0,16.0,16.04851,16.435724,15.036498,15.108105,15.857502,15.981337,15.063732,14.876976,19.96186,23.042255,17.250925,17.270254,17.08035,16.9592,15.490055,15.260209,15.597658,16.33085,0.0,4.0,0.0,0.0,0.0,0.0,0.0,4.0
3985,2023.0,1.0,28.0,16.0,16.033152,16.422693,15.173892,15.431715,15.158194,14.703404,15.0011015,14.85042,16.891636,16.827145,15.78375,15.531504,16.415148,15.901025,15.481962,15.296022,19.747686,23.46226,4.0,0.0,0.0,0.0,4.0,0.0,0.0,0.0
3986,2023.0,1.0,28.0,16.0,15.280192,15.034819,20.491009,24.671751,15.82778,15.128121,15.323602,15.163303,16.048399,16.195667,20.247156,23.283754,16.986568,17.183073,15.390671,15.213281,16.395763,16.41969,4.0,0.0,0.0,4.0,0.0,4.0,0.0,0.0
3987,2023.0,1.0,28.0,16.0,15.643174,15.964455,19.92301,23.007698,15.600186,15.495668,15.403113,15.232779,20.45538,23.856998,17.246563,17.22534,17.185303,17.373627,15.296423,15.126764,14.992737,14.885192,4.0,0.0,0.0,4.0,0.0,4.0,0.0,0.0
3988,2023.0,1.0,28.0,16.0,15.857313,16.248198,20.127745,23.015205,16.196512,16.742292,15.061279,14.914444,20.037655,22.852688,15.784359,15.55899,16.396933,15.890092,15.20625,15.0426445,15.026376,15.133461,4.0,4.0,0.0,4.0,0.0,0.0,0.0,0.0
3989,2023.0,1.0,28.0,16.0,15.870097,16.270308,20.100765,22.694124,15.935966,16.1503,15.284515,15.08568,20.12572,22.784681,15.513279,15.291473,16.040962,15.49365,15.1208515,14.959164,15.022033,15.24235,4.0,4.0,0.0,0.0,0.0,0.0,0.0,0.0
3990,2023.0,1.0,28.0,17.0,15.476893,15.200507,20.101149,22.508179,15.425785,14.9567,15.376054,15.209916,17.815369,18.118767,15.282257,15.0677805,15.904201,15.35876,15.037302,14.876695,15.022728,15.333561,4.0,0.0,0.0,4.0,0.0,0.0,0.0,0.0
3991,2023.0,1.0,28.0,17.0,15.667968,16.003506,20.098688,22.367907,15.512358,15.597316,15.016077,14.902022,20.33538,23.175802,15.084684,14.875802,16.622341,16.81737,15.002953,14.882631,15.02322,15.395872,4.0,4.0,0.0,0.0,0.0,4.0,0.0,0.0
3992,2023.0,1.0,28.0,17.0,15.827578,16.21139,20.096859,22.263058,15.641238,15.793364,15.606344,16.101017,17.416407,17.268959,15.006527,14.884604,16.08944,15.605934,15.007514,14.937248,15.024148,15.441915,4.0,4.0,4.0,0.0,0.0,0.0,0.0,0.0
3993,2023.0,1.0,28.0,17.0,15.132394,14.925776,20.112394,22.229847,15.600842,15.754152,15.850936,16.411734,15.825473,15.277919,15.015441,14.992962,15.737513,15.200053,15.250676,15.058232,15.024797,15.4751215,0.0,4.0,4.0,0.0,0.0,0.0,0.0,0.0
3994,2023.0,1.0,28.0,17.0,15.470318,15.793823,17.940275,17.98842,15.552677,15.704226,15.513512,15.726753,15.623485,15.358352,15.014504,15.056551,15.62254,15.083274,16.01682,16.792013,15.024986,15.498473,4.0,4.0,4.0,0.0,0.0,0.0,4.0,0.0
3995,2023.0,1.0,28.0,17.0,15.279801,15.016175,20.213297,22.7001,15.506447,15.655593,15.340132,15.513924,15.45865,15.246003,15.016065,15.108839,15.831254,15.595478,15.44414,15.053469,15.025422,15.516523,0.0,4.0,4.0,0.0,0.0,0.0,0.0,0.0
3996,2023.0,1.0,28.0,18.0,15.477758,15.807481,17.91479,18.006744,14.986562,14.807387,14.993385,14.97653,15.233429,15.034429,15.016215,15.146755,15.887367,15.671914,15.016025,14.829242,15.347556,16.103241,4.0,0.0,0.0,0.0,0.0,0.0,0.0,4.0
3997,2023.0,1.0,28.0,18.0,20.265013,23.99195,20.232124,22.8208,20.299562,24.121685,20.177912,24.050146,15.024263,14.829002,15.017242,15.178263,20.880287,24.18207,20.04021,23.403498,19.19896,22.714933,4.0,4.0,4.0,0.0,0.0,4.0,0.0,0.0
3998,2023.0,1.0,28.0,18.0,20.892698,24.554117,20.051443,22.241352,20.803032,24.399748,20.236734,23.584242,15.016164,14.964277,15.017152,15.200594,20.754917,23.622986,20.694647,24.1746,15.965669,15.911619,4.0,4.0,0.0,0.0,0.0,4.0,0.0,0.0
3999,2023.0,1.0,28.0,18.0,21.128244,24.552776,20.098248,22.197067,21.151514,24.556059,21.18142,24.796686,15.014239,15.044574,15.017111,15.214637,20.734797,23.240814,21.726852,25.526087,15.407246,15.8799095,4.0,4.0,4.0,0.0,0.0,0.0,0.0,4.0
4000,2023.0,1.0,28.0,18.0,21.102064,24.198013,20.090973,22.091919,21.103626,24.125658,21.09893,24.270657,15.014713,15.10363,15.01697,15.222668,21.019857,23.471184,22.41666,26.366444,19.740486,23.325264,4.0,4.0,4.0,0.0,0.0,0.0,0.0,0.0
4001,2023.0,1.0,28.0,18.0,22.1158,25.735245,20.107595,22.074505,21.10549,23.895622,21.111063,24.043547,15.015117,15.145271,15.016816,15.228859,21.281092,23.698973,22.057772,25.215984,16.448221,16.402327,0.0,4.0,4.0,0.0,0.0,0.0,4.0,0.0
4002,2023.0,1.0,28.0,19.0,20.982418,23.502193,18.036951,18.038734,21.101665,23.719002,21.106125,23.854717,15.014808,15.173958,15.016654,15.233289,21.721952,24.20035,22.365198,25.720078,14.98772,14.79612,4.0,4.0,4.0,0.0,0.0,4.0,0.0,0.0
4003,2023.0,1.0,28.0,19.0,22.206228,25.459913,20.235023,22.602024,21.151884,23.692522,21.151363,23.81303,15.015646,15.197564,15.0172205,15.239712,21.991402,24.513632,22.061863,24.81821,15.023528,15.057504,0.0,4.0,4.0,0.0,0.0,4.0,0.0,0.0
4004,2023.0,1.0,28.0,19.0,20.913147,23.054455,18.020838,18.086924,21.096622,23.482159,21.101593,23.611485,15.404818,15.932229,15.017122,15.244794,20.95657,22.5467,20.921568,22.762854,15.019553,15.167473,4.0,4.0,4.0,4.0,0.0,0.0,0.0,0.0
4005,2023.0,1.0,28.0,19.0,21.905935,24.81254,20.227512,22.69563,21.964607,24.794737,21.886084,24.791851,20.529785,24.49249,14.998428,15.203407,21.676573,23.805943,22.054735,24.756983,15.020359,15.247509,0.0,4.0,4.0,4.0,4.0,0.0,0.0,0.0
4006,2023.0,1.0,28.0,19.0,20.969599,23.042162,17.667599,17.487331,20.945065,22.933668,20.948189,23.054316,20.031414,23.166304,19.756407,23.073637,21.019327,22.537619,20.907583,22.669441,15.543645,16.277433,0.0,0.0,4.0,4.0,0.0,0.0,0.0,4.0
4007,2023.0,1.0,28.0,19.0,21.126719,23.37225,16.950274,17.093302,21.108013,23.224686,21.11455,23.365305,20.129139,22.98792,17.40614,18.122662,21.349007,23.208628,21.108788,23.125587,19.6287,23.19486,4.0,4.0,4.0,0.0,4.0,4.0,0.0,0.0
4008,2023.0,1.0,28.0,20.0,21.956135,24.583437,20.940363,24.108887,21.94645,24.472845,21.779842,24.323303,17.643091,17.88615,20.220505,23.558088,21.56589,23.453083,21.925869,24.341358,16.983467,17.45768,0.0,4.0,4.0,4.0,0.0,0.0,0.0,4.0
4009,2023.0,1.0,28.0,20.0,21.103445,23.241259,18.074516,18.446701,21.102428,23.13832,20.938599,22.850243,20.470757,23.305294,17.565954,17.984426,21.198168,22.673092,21.576206,23.698843,20.513237,24.108538,0.0,0.0,0.0,4.0,0.0,4.0,0.0,4.0
4010,2023.0,1.0,28.0,20.0,21.07816,23.162546,16.617653,16.477411,21.083307,23.067337,21.108416,23.177383,20.062355,22.443535,15.882882,15.726534,21.02733,22.39062,20.907274,22.57551,20.06116,23.043314,0.0,4.0,4.0,0.0,0.0,0.0,0.0,0.0
4011,2023.0,1.0,28.0,20.0,21.082201,23.16183,16.184065,15.966759,21.086624,23.06173,21.11135,23.199434,17.359068,17.090437,15.855948,16.003956,21.061758,22.453522,21.062288,22.911543,16.926348,16.745882,0.0,4.0,0.0,0.0,4.0,4.0,4.0,0.0
4012,2023.0,1.0,28.0,20.0,21.161045,23.328295,15.918907,15.6909075,21.163242,23.219852,21.15465,23.252958,15.932158,15.349614,20.374716,23.623837,21.127857,22.593746,21.183193,23.153294,15.400949,14.895719,0.0,0.0,4.0,0.0,0.0,4.0,4.0,0.0
4013,2023.0,1.0,28.0,20.0,21.075783,23.12109,15.709925,15.477794,21.079828,23.012596,21.088509,23.107086,16.615719,17.085669,17.64739,18.08144,21.059278,22.456442,21.067244,22.914,15.956147,16.346327,0.0,4.0,4.0,4.0,0.0,4.0,4.0,4.0
4014,2023.0,1.0,28.0,21.0,21.10651,23.188194,16.002056,16.174751,21.108822,23.072674,21.1118,23.158651,20.399572,23.412592,15.964978,15.807255,21.088148,22.52727,21.10507,23.005726,20.42449,23.850624,4.0,0.0,0.0,0.0,0.0,0.0,0.0,0.0
4015,2023.0,1.0,28.0,21.0,21.154623,23.244928,20.234621,23.641018,21.15992,23.153364,21.1597,23.232763,17.799969,18.06268,15.94377,16.09984,21.124723,22.565958,21.17911,23.131527,16.98262,16.87935,4.0,0.0,0.0,4.0,4.0,4.0,0.0,0.0
4016,2023.0,1.0,28.0,21.0,21.99763,24.619774,20.136377,22.896214,22.281282,25.026695,22.208157,24.984364,20.843748,23.81014,20.382454,23.583117,21.76339,23.587828,22.615595,25.55308,15.296243,14.803451,0.0,0.0,0.0,0.0,0.0,4.0,0.0,0.0
4017,2023.0,1.0,28.0,21.0,20.927048,22.632273,17.711819,17.880877,20.932915,22.572886,20.93753,22.671453,18.1943,18.449425,17.239431,17.206316,21.048574,22.344746,20.895565,22.348743,15.163226,14.960275,4.0,0.0,0.0,4.0,0.0,4.0,0.0,0.0
4018,2023.0,1.0,28.0,21.0,22.338547,25.072647,20.233683,22.988678,21.204071,23.154926,21.186893,23.227444,20.444319,22.993715,15.388103,14.770046,21.968817,23.921938,21.215683,23.063675,15.045479,14.877618,4.0,4.0,0.0,0.0,0.0,0.0,0.0,0.0
4019,2023.0,1.0,28.0,21.0,21.814196,24.14045,20.062134,22.355656,22.109625,24.62693,22.02238,24.562454,17.576557,17.329323,15.291081,15.011945,21.777834,23.376488,22.353363,24.913681,15.012684,14.976154,0.0,0.0,0.0,0.0,0.0,4.0,0.0,0.0
4020,2023.0,1.0,28.0,22.0,21.003838,22.621542,17.570517,17.392479,21.034956,22.741583,21.028542,22.872646,16.085667,15.500239,15.646041,15.780373,20.948385,21.906517,20.988878,22.555391,15.015438,15.075084,0.0,4.0,4.0,0.0,4.0,4.0,4.0,0.0
4021,2023.0,1.0,28.0,22.0,21.202688,23.10744,16.484419,16.234844,21.16591,23.00619,21.171095,23.211058,15.971689,15.714112,20.35629,23.650705,21.149593,22.387245,21.195812,23.002905,15.474203,16.003452,0.0,4.0,0.0,0.0,0.0,0.0,0.0,4.0
4022,2023.0,1.0,28.0,22.0,21.07497,22.874893,16.22614,15.993089,21.102045,22.895683,21.104368,23.041447,16.484098,16.837551,17.870241,18.507545,21.075228,22.265308,21.090654,22.788626,20.448069,24.340431,0.0,0.0,0.0,4.0,4.0,0.0,0.0,0.0
4023,2023.0,1.0,28.0,22.0,21.073198,22.887608,15.982901,15.7472105,21.072987,22.807875,21.101381,23.004482,21.287294,24.908903,20.300133,23.311586,21.077467,22.282637,21.092365,22.783403,17.266369,17.680542,0.0,4.0,0.0,0.0,0.0,0.0,0.0,4.0
4024,2023.0,1.0,28.0,22.0,21.072481,22.890831,15.778518,15.539495,21.102491,22.877728,21.076296,22.975924,17.817139,17.753925,18.054867,18.601582,21.047518,22.209536,21.071705,22.771273,20.430481,23.77763,0.0,0.0,0.0,0.0,4.0,4.0,0.0,0.0
4025,2023.0,1.0,28.0,22.0,21.098463,22.960646,15.604414,15.363772,21.096348,22.850754,21.078844,22.988216,15.908431,15.339669,20.337313,23.13405,21.082054,22.304642,21.074038,22.790363,17.003181,16.850546,0.0,0.0,0.0,0.0,4.0,0.0,0.0,0.0
4026,2023.0,1.0,28.0,23.0,21.092138,22.938574,15.449542,15.201258,21.095627,22.83365,21.077635,22.986748,15.802305,15.564485,20.054632,22.338808,21.075626,22.28691,21.073015,22.7948,15.348698,14.839544,0.0,0.0,0.0,0.0,0.0,0.0,0.0,0.0
4027,2023.0,1.0,28.0,23.0,18.895994,18.721788,15.329017,15.087567,19.315514,19.450233,19.17533,19.336823,15.693637,15.488018,17.485031,17.216312,19.203966,18.688936,19.18273,19.161972,15.983664,16.430729,0.0,0.0,0.0,0.0,0.0,0.0,0.0,4.0
4028,2023.0,1.0,28.0,23.0,18.30807,18.163534,15.235655,14.992271,18.397835,18.142164,18.218409,17.980392,15.548975,15.350154,16.68997,16.33711,19.640762,19.994665,18.400967,18.148771,15.153967,14.728122,0.0,0.0,0.0,0.0,0.0,4.0,0.0,0.0
4029,2023.0,1.0,28.0,23.0,18.032187,17.938633,15.149203,14.908714,17.990236,17.705626,17.804712,17.540134,15.409181,15.217664,16.770517,16.752146,18.6117,18.01159,18.037777,17.787518,15.032041,14.789215,0.0,0.0,0.0,0.0,4.0,0.0,0.0,0.0
4030,2023.0,1.0,28.0,23.0,17.695055,17.592203,15.052363,14.809556,17.619953,17.319962,17.430183,17.150702,15.255605,15.0627365,16.666046,16.715755,17.92002,17.199081,17.688917,17.433485,15.024675,14.914163,0.0,0.0,0.0,0.0,4.0,0.0,0.0,0.0
4031,2023.0,1.0,28.0,23.0,17.41612,17.313162,15.002303,14.79427,17.31963,17.016165,17.127516,16.84487,15.116897,14.91973,16.459461,16.506413,17.635555,16.92415,17.40416,17.154394,15.012296,15.012084,0.0,0.0,0.0,0.0,4.0,0.0,0.0,0.0
4032,2023.0,1.0,29.0,0.0,17.204866,17.128027,15.006186,14.859845,17.096958,16.822845,16.903221,16.649717,14.996722,14.8168,15.625436,15.066348,17.798962,17.48808,17.180378,16.954666,15.014254,15.083388,0.0,0.0,0.0,0.0,0.0,0.0,0.0,0.0
4033,2023.0,1.0,29.0,0.0,16.996246,16.914902,15.007423,14.90826,16.875347,16.595772,16.679886,16.42102,15.015201,14.923352,15.030187,14.361964,17.783403,17.524235,16.965406,16.738628,15.017064,15.145062,0.0,0.0,0.0,0.0,0.0,0.0,0.0,0.0
4034,2023.0,1.0,29.0,0.0,16.832016,16.764938,15.007338,14.94695,16.701794,16.43766,16.504356,16.260988,15.008432,14.962682,15.119574,14.8247385,18.429583,18.857347,16.79218,16.579657,15.015426,15.183083,0.0,0.0,0.0,0.0,0.0,4.0,0.0,0.0
4035,2023.0,1.0,29.0,0.0,16.681555,16.620613,15.008282,14.981623,16.542395,16.284811,16.342556,16.105991,15.387161,15.709929,15.439031,15.484787,17.541426,16.97838,16.63359,16.428177,15.016676,15.216637,0.0,0.0,0.0,4.0,4.0,0.0,0.0,0.0
4036,2023.0,1.0,29.0,0.0,16.538874,16.473864,15.008568,15.009809,16.395485,16.138645,16.193537,15.957665,14.952894,14.882452,15.181638,14.9744425,17.027803,16.375315,16.483664,16.27296,15.017006,15.241147,0.0,0.0,0.0,0.0,0.0,0.0,0.0,0.0
4037,2023.0,1.0,29.0,0.0,16.403938,16.331276,15.017015,15.052486,16.258389,15.997612,16.054808,15.814822,15.019466,15.076436,15.004852,14.844576,16.84775,16.191254,16.346579,16.131233,15.031864,15.290692,0.0,0.0,0.0,0.0,0.0,0.0,0.0,0.0
4038,2023.0,1.0,29.0,1.0,16.310375,16.258728,15.008701,15.054692,16.153795,15.909558,15.948979,15.72512,15.3473835,15.680972,15.013046,14.935876,17.915468,18.379765,16.235252,16.028229,15.014831,15.268773,0.0,0.0,0.0,4.0,0.0,4.0,0.0,0.0
4039,2023.0,1.0,29.0,1.0,16.211666,16.161951,15.010237,15.077095,16.048786,15.808874,15.842128,15.62236,14.966567,14.934555,15.011969,14.985778,17.158232,16.610699,16.127037,15.92033,15.018407,15.288381,0.0,0.0,0.0,0.0,0.0,0.0,0.0,0.0
4040,2023.0,1.0,29.0,1.0,16.110107,16.053465,15.0200405,15.115026,15.943393,15.698474,15.735259,15.510279,15.044881,15.121614,15.019088,15.043619,16.662405,16.020105,16.022022,15.809548,15.0352,15.332522,0.0,0.0,0.0,0.0,0.0,0.0,0.0,0.0
4041,2023.0,1.0,29.0,1.0,16.037754,15.996403,15.02143,15.1302185,15.854831,15.614576,15.645751,15.424985,15.018583,15.076229,15.021383,15.07237,16.531452,15.897076,15.931468,15.719821,15.036536,15.338602,0.0,0.0,0.0,0.0,0.0,0.0,0.0,0.0
4042,2023.0,1.0,29.0,1.0,15.959673,15.91832,15.009873,15.12209,15.776914,15.545597,15.5672655,15.354811,15.012989,15.097272,15.012162,15.075709,16.797676,16.54234,15.850112,15.641621,15.015754,15.309555,0.0,0.0,0.0,0.0,0.0,0.0,0.0,0.0
4043,2023.0,1.0,29.0,1.0,15.880125,15.836104,15.022912,15.1628065,15.695435,15.463577,15.485391,15.271892,15.023934,15.140599,15.025164,15.12307,16.8316,16.575706,15.769825,15.559635,15.037829,15.363211,0.0,0.0,0.0,0.0,0.0,0.0,0.0,0.0
4044,2023.0,1.0,29.0,2.0,15.807678,15.762829,15.023149,15.1718025,15.623004,15.394797,15.412727,15.202343,15.0254135,15.154393,15.026922,15.137703,16.785282,16.52967,15.696835,15.487299,15.038028,15.364394,0.0,0.0,0.0,0.0,0.0,0.0,0.0,0.0
4045,2023.0,1.0,29.0,2.0,15.742317,15.700242,15.023947,15.184389,15.554248,15.328907,15.343812,15.135781,15.0258665,15.1671915,15.027767,15.152363,16.73676,16.481112,15.627902,15.418661,15.039254,15.373309,0.0,0.0,0.0,0.0,0.0,0.0,0.0,0.0
4046,2023.0,1.0,29.0,2.0,15.681683,15.642707,15.023447,15.192441,15.488901,15.266135,15.278409,15.072455,15.02702,15.179568,15.028663,15.165149,16.688887,16.433205,15.56264,15.353663,15.039205,15.378517,0.0,0.0,0.0,0.0,0.0,0.0,0.0,0.0
4047,2023.0,1.0,29.0,2.0,15.6258335,15.591225,15.024151,15.202558,15.426587,15.206133,15.216143,15.012015,15.02697,15.188099,15.029542,15.176555,16.64216,16.386436,15.500647,15.291908,15.038823,15.383298,0.0,0.0,0.0,0.0,0.0,0.0,0.0,0.0
4048,2023.0,1.0,29.0,2.0,15.567468,15.531316,15.0252495,15.212567,15.366936,15.148556,15.156644,14.954117,15.028088,15.198362,15.030218,15.186495,16.59663,16.340857,15.441532,15.233011,15.038963,15.38896,0.0,0.0,0.0,0.0,0.0,0.0,0.0,0.0
4049,2023.0,1.0,29.0,2.0,15.513054,15.478201,15.026041,15.221449,15.309629,15.093107,15.099592,14.898459,15.028802,15.206633,15.030659,15.195174,16.552242,16.296412,15.384955,15.176634,15.040017,15.396097,0.0,0.0,0.0,0.0,0.0,0.0,0.0,0.0
4050,2023.0,1.0,29.0,3.0,15.461963,15.429079,15.026283,15.228996,15.254396,15.039535,15.044713,14.844788,15.029336,15.214214,15.031454,15.203928,16.508913,16.25302,15.330623,15.122482,15.040931,15.4024315,0.0,0.0,0.0,0.0,0.0,0.0,0.0,0.0
4051,2023.0,1.0,29.0,3.0,15.413581,15.383108,15.027312,15.237903,15.199886,14.985389,15.00087,14.810535,15.031593,15.225636,15.032576,15.213256,16.465607,16.20871,15.277461,15.068688,15.040379,15.4057255,0.0,0.0,0.0,0.0,0.0,0.0,0.0,0.0
4052,2023.0,1.0,29.0,3.0,15.379641,15.363945,15.01215,15.217105,15.148516,14.936047,15.005387,14.860891,15.251593,15.623871,15.014571,15.1874075,16.423487,16.166294,15.226461,15.01781,15.01697,15.368822,0.0,0.0,0.0,4.0,0.0,0.0,0.0,0.0
4053,2023.0,1.0,29.0,3.0,15.333204,15.314281,15.015498,15.231309,15.096499,14.883919,15.004865,14.891612,14.971935,15.107099,15.018456,15.202915,16.380848,16.12231,15.17597,14.966565,15.02223,15.385482,0.0,0.0,0.0,0.0,0.0,0.0,0.0,0.0
4054,2023.0,1.0,29.0,3.0,15.28209,15.2574215,15.015031,15.237789,15.045815,14.833123,15.006147,14.921767,15.0249405,15.220738,15.01818,15.209794,16.338976,16.079407,15.126858,14.916896,15.259083,15.812498,0.0,0.0,0.0,0.0,0.0,0.0,0.0,4.0
4055,2023.0,1.0,29.0,3.0,15.230716,15.200627,15.015598,15.245717,14.996343,14.787407,15.006034,14.945757,15.016937,15.2199,15.001849,15.171013,16.297113,16.036064,15.077659,14.86596,14.976836,15.290794,0.0,0.0,0.0,0.0,4.0,0.0,0.0,0.0
4056,2023.0,1.0,29.0,4.0,15.181512,15.147755,15.030696,15.282368,15.003787,14.842126,15.011234,14.979881,15.033516,15.262099,15.036989,15.26975,16.255829,15.993804,15.02989,14.817713,15.066948,15.461554,0.0,0.0,0.0,0.0,0.0,0.0,0.0,0.0
4057,2023.0,1.0,29.0,4.0,15.136987,15.102984,15.030399,15.282174,15.005173,14.87246,15.0125475,15.000255,15.033929,15.26417,15.036463,15.26144,16.217009,15.955519,15.00121,14.8045845,15.064725,15.426475,0.0,0.0,0.0,0.0,0.0,0.0,0.0,0.0
4058,2023.0,1.0,29.0,4.0,15.094902,15.06157,15.030892,15.288811,15.006868,14.901592,15.013741,15.020542,15.033917,15.270183,15.036502,15.266204,16.178978,15.918021,15.003262,14.843227,15.040117,15.39863,0.0,0.0,0.0,0.0,0.0,0.0,0.0,0.0
4059,2023.0,1.0,29.0,4.0,15.054446,15.0221,15.031249,15.294682,15.008375,14.927296,15.0142565,15.038375,15.03468,15.277226,15.037213,15.271017,16.141653,15.881231,15.005558,14.869206,15.042017,15.420248,0.0,0.0,0.0,0.0,0.0,0.0,0.0,0.0
4060,2023.0,1.0,29.0,4.0,15.029865,15.013322,15.032059,15.301671,15.009754,14.950771,15.015451,15.056797,15.03594,15.284928,15.037009,15.274195,16.104965,15.845085,15.006158,14.889588,15.04316,15.43118,0.0,0.0,0.0,0.0,0.0,0.0,0.0,0.0
4061,2023.0,1.0,29.0,4.0,15.000283,14.991408,15.014718,15.276102,15.005775,14.9610815,15.007963,15.0573435,15.181626,15.537882,15.017171,15.242977,16.91221,17.408031,15.005114,14.9032755,15.019455,15.396357,0.0,0.0,0.0,4.0,0.0,4.0,0.0,0.0
4062,2023.0,1.0,29.0,5.0,15.003078,15.023799,15.051558,15.328906,15.006729,14.981042,15.009388,15.075632,15.24465,15.6168785,15.019986,15.25457,16.43155,16.2388,15.006215,14.9214,15.022906,15.412149,4.0,0.0,0.0,4.0,0.0,0.0,0.0,0.0
4063,2023.0,1.0,29.0,5.0,15.003619,15.047064,15.012873,15.285902,15.007529,14.99923,15.009693,15.090312,14.969623,15.099953,15.019702,15.259143,16.650877,16.803444,15.007057,14.937396,15.023013,15.419401,0.0,0.0,0.0,4.0,0.0,4.0,0.0,0.0
4064,2023.0,1.0,29.0,5.0,15.003331,15.06713,15.018198,15.304656,15.007573,15.015286,15.010151,15.104244,15.04229,15.261977,15.019918,15.264342,15.964097,15.384361,15.007036,14.9511175,15.022802,15.424962,0.0,0.0,0.0,0.0,0.0,0.0,0.0,0.0
4065,2023.0,1.0,29.0,5.0,15.006605,15.094126,15.034528,15.342754,15.015066,15.04663,15.0193405,15.135708,15.060617,15.300767,15.039354,15.306814,15.641346,15.029473,15.012028,14.974992,15.045187,15.473721,0.0,0.0,0.0,0.0,0.0,0.0,0.0,0.0
4066,2023.0,1.0,29.0,5.0,15.007092,15.111506,15.034215,15.341638,15.01618,15.061496,15.020001,15.1454115,15.059881,15.287332,15.0394125,15.304012,15.546411,14.943122,15.012733,14.985876,15.044666,15.469221,0.0,0.0,0.0,0.0,0.0,0.0,0.0,0.0
4067,2023.0,1.0,29.0,5.0,15.00481,15.122497,15.015631,15.313514,15.00794,15.059892,15.009829,15.137411,15.012794,15.226398,15.0173025,15.267858,15.8305645,15.596979,15.006831,14.985441,15.019201,15.427258,0.0,0.0,0.0,0.0,0.0,0.0,0.0,0.0
4068,2023.0,1.0,29.0,6.0,15.009989,15.149277,15.035765,15.35999,15.018058,15.095814,15.022418,15.174793,15.035024,15.291965,15.04016,15.317777,15.871979,15.61931,15.014795,15.013541,15.045859,15.484723,0.0,0.0,0.0,0.0,0.0,0.0,0.0,0.0
4069,2023.0,1.0,29.0,6.0,19.81283,23.420155,15.015829,15.324274,19.833303,23.380312,19.691605,23.155756,15.016989,15.265777,15.017755,15.274911,20.740519,23.846075,20.285082,23.861927,15.020426,15.434659,0.0,0.0,0.0,0.0,0.0,4.0,0.0,0.0
4070,2023.0,1.0,29.0,6.0,20.976238,24.940613,15.018913,15.336581,21.05797,24.998098,20.990372,24.938738,15.018908,15.27597,15.020685,15.282926,20.367252,22.942442,21.099121,24.908203,15.023123,15.437545,0.0,0.0,0.0,0.0,0.0,0.0,4.0,0.0
4071,2023.0,1.0,29.0,6.0,21.118074,24.705368,15.018506,15.341514,21.106518,24.580126,21.118227,24.678288,15.018237,15.274859,15.019697,15.281182,20.66694,23.129507,21.335728,24.833889,15.021694,15.427099,0.0,0.0,0.0,0.0,0.0,0.0,0.0,0.0
4072,2023.0,1.0,29.0,6.0,21.10189,24.339188,15.018866,15.347602,21.105412,24.239376,21.106873,24.320337,15.161937,15.516103,15.02026,15.281567,21.5826,24.42438,22.478662,26.394659,15.20687,15.735542,0.0,0.0,0.0,4.0,0.0,4.0,4.0,4.0
4073,2023.0,1.0,29.0,6.0,21.100975,24.103252,15.001121,15.298842,21.101465,23.99268,21.10524,24.081957,19.826075,23.561201,15.020229,15.280761,21.11497,23.327564,22.695494,26.401829,19.836922,23.741379,4.0,0.0,0.0,0.0,0.0,0.0,4.0,0.0
4074,2023.0,1.0,29.0,7.0,21.097525,23.926153,19.507065,23.029911,21.098848,23.812883,21.079592,23.841661,16.894178,17.220762,15.0205345,15.281171,21.24795,23.407026,20.90542,22.925482,16.314222,16.242203,0.0,0.0,4.0,0.0,0.0,4.0,4.0,0.0
4075,2023.0,1.0,29.0,7.0,21.095541,23.79413,17.262915,18.03101,21.0965,23.67692,21.104923,23.786776,16.000177,16.471455,14.99881,15.21825,21.10025,23.00503,21.095715,23.254576,15.595542,15.998219,4.0,0.0,0.0,4.0,4.0,0.0,4.0,4.0
4076,2023.0,1.0,29.0,7.0,21.067472,23.620974,20.004635,23.40215,21.093061,23.568752,21.12361,23.67267,19.832542,23.096378,19.9246,23.626745,21.093805,22.893913,22.395283,25.535633,20.544247,24.337795,0.0,0.0,0.0,0.0,4.0,0.0,0.0,4.0
4077,2023.0,1.0,29.0,7.0,21.143965,23.703548,16.917606,16.91778,21.142756,23.588366,21.136467,23.581059,16.69917,16.54004,20.047647,23.325985,21.108007,22.82701,22.118221,24.679907,20.337736,23.617523,0.0,0.0,0.0,0.0,4.0,4.0,4.0,0.0
4078,2023.0,1.0,29.0,7.0,22.392324,25.686903,15.745245,15.555103,22.060001,24.949581,22.196997,25.256031,15.87692,15.999186,20.134953,23.034603,22.007807,24.25899,21.837109,24.05346,17.61153,17.96708,0.0,4.0,0.0,4.0,0.0,4.0,4.0,4.0
4079,2023.0,1.0,29.0,7.0,20.909523,22.915882,15.2248,14.971708,21.028437,23.147755,20.916395,22.903555,20.3671,23.585157,17.129688,16.92928,21.023151,22.42548,21.109997,22.881292,20.488993,23.54141,0.0,4.0,0.0,0.0,0.0,4.0,0.0,4.0
4080,2023.0,1.0,29.0,8.0,21.106855,23.274542,15.50988,15.684006,21.098936,23.222132,21.093342,23.255285,17.10709,16.976526,16.229118,16.2716,21.078499,22.537987,21.09849,22.892595,20.067074,22.637257,4.0,4.0,4.0,0.0,4.0,4.0,0.0,0.0
4081,2023.0,1.0,29.0,8.0,19.064663,19.337233,20.177855,23.920433,18.971186,19.0942,19.365082,19.939087,16.142397,16.229267,20.423376,23.415733,19.534504,19.568918,19.46699,19.737295,17.18668,16.923248,4.0,4.0,4.0,4.0,0.0,4.0,4.0,0.0
4082,2023.0,1.0,29.0,8.0,17.407434,16.95829,20.045574,23.080576,17.87063,17.77016,17.994524,17.953459,20.314167,23.312584,18.019384,18.55859,18.169811,17.514505,17.90449,17.407045,15.771971,15.23662,4.0,4.0,4.0,0.0,4.0,0.0,0.0,0.0
4083,2023.0,1.0,29.0,8.0,17.45179,17.544432,20.114187,22.846365,17.510387,17.410505,17.48092,17.395836,17.213514,17.06016,20.303051,23.042559,18.346739,18.311932,18.116241,18.38895,15.302188,14.753912,4.0,4.0,4.0,0.0,4.0,4.0,4.0,0.0
4084,2023.0,1.0,29.0,8.0,17.423231,17.591002,20.118525,22.618757,17.261477,17.176992,16.547892,15.903996,15.878132,15.634182,20.06466,22.350061,17.642838,17.005243,17.244633,16.755686,15.261935,15.005852,0.0,4.0,0.0,0.0,0.0,0.0,0.0,0.0
4085,2023.0,1.0,29.0,8.0,16.564575,16.152103,17.419888,17.269352,17.06229,16.996502,15.996653,15.283785,15.609779,15.378763,17.44965,17.147093,17.154003,16.465452,16.582872,16.000113,15.149304,14.938859,0.0,4.0,0.0,0.0,0.0,0.0,0.0,0.0
4086,2023.0,1.0,29.0,9.0,16.146465,15.635441,17.00468,17.076899,16.248987,15.6069565,15.739289,15.022859,15.418289,15.186877,16.64603,16.256235,17.743845,17.772945,16.2869,15.692046,14.996542,14.803753,4.0,0.0,0.0,0.0,0.0,4.0,0.0,0.0
4087,2023.0,1.0,29.0,9.0,15.882416,15.381465,20.19231,22.92664,15.772405,15.065452,15.852501,15.506818,15.2249565,15.003874,16.36706,16.040012,17.185076,16.630999,16.038944,15.464002,15.016178,14.965809,0.0,0.0,0.0,0.0,0.0,0.0,0.0,0.0
4088,2023.0,1.0,29.0,9.0,16.010565,15.868668,17.957338,18.326117,15.5200615,14.818041,15.832404,15.566068,15.050927,14.836257,16.056799,15.75176,16.732876,16.087738,16.11081,15.83806,15.01471,15.048768,0.0,0.0,0.0,0.0,0.0,0.0,0.0,0.0
4089,2023.0,1.0,29.0,9.0,16.008038,15.935378,16.418793,16.228699,15.672049,15.332957,15.6947975,15.439133,15.009035,14.89129,15.785836,15.489416,17.338495,17.416355,16.074282,15.847272,15.015916,15.113475,0.0,0.0,0.0,0.0,0.0,4.0,0.0,0.0
4090,2023.0,1.0,29.0,9.0,15.895646,15.832649,15.946621,15.6813755,15.681402,15.411057,15.561454,15.311862,15.558775,16.003796,15.55409,15.267785,16.794481,16.24455,15.953357,15.735884,15.016319,15.159955,0.0,0.0,0.0,4.0,0.0,0.0,0.0,0.0
4091,2023.0,1.0,29.0,9.0,15.782522,15.7216835,15.663822,15.394059,15.582539,15.325581,15.441785,15.199083,20.205034,23.664639,15.35578,15.080942,17.196558,17.279732,15.832739,15.61707,15.016866,15.195157,0.0,0.0,0.0,0.0,0.0,4.0,0.0,0.0
4092,2023.0,1.0,29.0,10.0,15.67728,15.612441,15.436289,15.165927,15.479662,15.228452,15.331776,15.093855,16.907362,16.881098,15.179766,14.912549,16.66976,16.14643,15.720293,15.505345,15.017244,15.221528,0.0,0.0,0.0,0.0,0.0,0.0,0.0,0.0
4093,2023.0,1.0,29.0,10.0,15.586315,15.523267,15.242589,14.971986,15.384361,15.138592,15.232212,14.999281,15.135333,14.59204,15.024111,14.762678,16.267832,15.651558,15.61873,15.404468,15.017341,15.24167,0.0,0.0,0.0,0.0,0.0,0.0,0.0,0.0
4094,2023.0,1.0,29.0,10.0,15.508296,15.452406,15.57252,15.734465,15.301943,15.065811,15.147001,14.923461,15.063877,14.802781,15.011593,14.856901,16.953403,17.081955,15.531991,15.322361,15.017959,15.258119,4.0,0.0,0.0,0.0,0.0,4.0,0.0,0.0
4095,2023.0,1.0,29.0,10.0,15.446582,15.4076,19.902092,23.295467,15.226705,14.999319,15.810132,16.241413,14.998401,14.800998,15.01202,14.928838,16.456146,15.948307,15.453982,15.248684,15.018217,15.273099,0.0,0.0,4.0,0.0,0.0,0.0,0.0,0.0
4096,2023.0,1.0,29.0,10.0,16.178888,16.842325,17.759604,18.507837,15.156347,14.936559,15.455498,15.409246,15.013291,14.931928,15.011773,14.978604,16.095839,15.515269,15.382481,15.180433,15.018006,15.283747,4.0,0.0,0.0,0.0,0.0,0.0,0.0,0.0
4097,2023.0,1.0,29.0,10.0,15.773561,15.882297,20.214516,23.37723,15.091057,14.878442,15.635826,15.652067,15.012279,14.998414,15.01264,15.016484,15.973505,15.3928585,15.317474,15.118673,15.018323,15.293813,0.0,0.0,0.0,0.0,0.0,0.0,0.0,0.0
4098,2023.0,1.0,29.0,11.0,15.127621,14.826955,17.285383,17.26297,15.773215,16.215868,14.998193,14.701395,15.012667,15.047559,15.011937,15.040144,16.18846,15.91347,15.257832,15.06226,15.018358,15.302327,0.0,4.0,0.0,0.0,0.0,0.0,0.0,0.0
4099,2023.0,1.0,29.0,11.0,15.6545,15.98157,15.491944,14.885825,15.421963,15.374181,15.002969,14.808633,15.013368,15.084605,15.012801,15.061577,17.059788,17.530521,15.201568,15.007329,15.5333185,16.253458,0.0,0.0,0.0,0.0,0.0,4.0,0.0,4.0
4100,2023.0,1.0,29.0,11.0,15.182761,14.955558,15.391469,15.078874,15.479516,15.607083,15.005322,14.874533,15.013569,15.111551,15.013199,15.079343,16.312204,15.840215,15.149521,14.957657,19.387096,22.803467,0.0,4.0,0.0,0.0,0.0,0.0,0.0,0.0
4101,2023.0,1.0,29.0,11.0,15.583416,15.906149,15.325263,15.093056,15.575021,15.73663,15.006023,14.928333,15.013975,15.133142,15.013545,15.094569,15.906964,15.355411,15.100333,14.910295,16.265066,16.203434,0.0,4.0,0.0,0.0,0.0,0.0,0.0,0.0
4102,2023.0,1.0,29.0,11.0,15.115313,14.892618,15.656534,15.862513,14.972667,14.70187,15.007204,14.972275,15.014108,15.149717,15.013842,15.107658,15.80568,15.253253,15.052377,14.86209,14.991807,14.803899,4.0,0.0,0.0,0.0,0.0,0.0,0.0,0.0
4103,2023.0,1.0,29.0,11.0,15.641715,15.801717,19.992115,23.459757,15.357531,15.479208,15.701393,16.025394,15.014424,15.16324,15.0141735,15.118533,16.022266,15.76473,15.009874,14.823124,15.019194,15.007831,0.0,4.0,0.0,0.0,0.0,0.0,0.0,0.0
4104,2023.0,1.0,29.0,12.0,14.999904,14.809756,17.548037,18.11455,14.989084,14.795187,15.140119,15.074677,15.420843,15.9169445,15.074223,15.223465,16.093378,15.86087,15.002831,14.845571,15.015889,15.093989,0.0,0.0,0.0,4.0,4.0,0.0,0.0,0.0
4105,2023.0,1.0,29.0,12.0,20.268578,24.123238,15.839458,15.761436,19.619299,22.939287,20.152441,23.973644,19.89739,23.58404,19.693665,22.895662,20.080517,22.679821,20.534801,24.257038,15.016402,15.160658,0.0,0.0,0.0,0.0,0.0,0.0,0.0,0.0
4106,2023.0,1.0,29.0,12.0,21.018167,24.815836,15.436146,15.259065,20.368435,23.658869,21.125296,25.055784,16.690561,16.717878,17.128584,17.5734,20.82479,23.715555,21.358881,25.240688,15.016165,15.203532,0.0,0.0,4.0,0.0,0.0,0.0,0.0,0.0
4107,2023.0,1.0,29.0,12.0,21.072277,24.445278,15.219732,15.022701,21.18389,24.69835,21.10332,24.549633,15.796792,16.031696,15.473661,15.277008,21.280165,24.128782,22.758549,27.144417,15.633628,16.370918,0.0,0.0,0.0,4.0,0.0,0.0,4.0,4.0
4108,2023.0,1.0,29.0,12.0,21.126074,24.223728,15.069952,14.878073,21.090616,24.165165,21.128008,24.231192,20.140003,23.445879,15.160042,14.944844,22.083675,25.178675,22.417393,25.934801,19.814795,23.434023,0.0,0.0,0.0,0.0,0.0,4.0,4.0,0.0
4109,2023.0,1.0,29.0,12.0,21.08973,23.891525,15.003205,14.869507,21.07658,23.880747,21.120634,23.962162,17.108297,17.083767,14.997705,14.801337,20.944344,22.876608,22.596445,25.997555,17.215395,17.741499,0.0,4.0,0.0,0.0,0.0,0.0,0.0,4.0
4110,2023.0,1.0,29.0,13.0,21.11673,23.793192,15.347679,15.591589,21.076818,23.714762,21.072369,23.710802,16.203169,16.40167,15.013113,14.921392,22.324238,25.156958,20.923178,22.800858,20.317379,23.807247,4.0,4.0,4.0,4.0,0.0,4.0,0.0,0.0
4111,2023.0,1.0,29.0,13.0,21.393661,24.007576,20.04677,23.66158,21.384613,23.984295,21.451294,24.042505,20.409853,23.594158,15.01131,14.978933,21.751497,23.864666,21.656748,23.861677,17.051529,16.990969,0.0,0.0,4.0,0.0,0.0,0.0,0.0,0.0
4112,2023.0,1.0,29.0,13.0,20.995945,23.243216,17.740437,18.538307,20.984884,23.166252,21.087542,23.474813,17.296581,17.231443,15.010598,15.01724,21.03017,22.507452,20.89676,22.548147,15.457743,15.022904,4.0,4.0,4.0,0.0,0.0,0.0,0.0,0.0
4113,2023.0,1.0,29.0,13.0,21.973846,24.797613,20.290356,23.594788,21.124018,23.390543,21.090809,23.404045,15.979438,15.768941,15.011455,15.046064,21.813662,23.80047,21.099918,23.000053,15.315745,15.11591,4.0,0.0,4.0,0.0,0.0,0.0,0.0,0.0
4114,2023.0,1.0,29.0,13.0,21.89103,24.49037,20.059547,22.766907,22.260902,25.236368,22.176104,25.198687,15.7308855,15.529049,15.010622,15.062053,21.788036,23.630991,22.228985,24.849838,15.203112,15.030534,0.0,0.0,0.0,0.0,0.0,0.0,0.0,0.0
4115,2023.0,1.0,29.0,13.0,21.081821,23.19257,17.352695,17.3198,20.925417,22.737974,20.938892,22.877182,15.53667,15.344638,15.010301,15.072384,21.021132,22.337942,21.04821,22.838202,15.051407,14.888307,0.0,0.0,0.0,0.0,0.0,4.0,0.0,0.0
4116,2023.0,1.0,29.0,14.0,21.081135,23.219467,15.803898,15.294277,21.08143,23.075197,21.129263,23.25392,15.375109,15.18941,15.010833,15.0830765,21.087059,22.492838,21.080406,22.917032,15.006973,14.9241905,0.0,4.0,0.0,0.0,0.0,0.0,0.0,0.0
4117,2023.0,1.0,29.0,14.0,19.102386,19.43351,15.679263,15.439068,19.092329,19.306713,19.013906,19.21272,15.247004,15.075148,15.010854,15.0923195,19.164469,18.793158,19.111256,19.133734,15.009985,15.003886,0.0,0.0,0.0,0.0,0.0,0.0,0.0,0.0
4118,2023.0,1.0,29.0,14.0,17.931677,17.955885,15.576075,15.40528,17.510973,17.021683,18.406271,18.86202,15.920498,16.45192,15.011272,15.101953,18.947006,19.033915,18.042992,17.835136,15.011091,15.059117,0.0,0.0,4.0,4.0,0.0,4.0,0.0,0.0
4119,2023.0,1.0,29.0,14.0,17.479998,17.470499,15.405297,15.246654,17.55323,17.567074,17.667234,17.653442,20.302616,23.732656,15.011328,15.11039,18.216883,17.717688,17.623074,17.40674,15.01113,15.099106,0.0,4.0,0.0,0.0,0.0,0.0,0.0,0.0
4120,2023.0,1.0,29.0,14.0,17.17012,17.15316,15.251134,15.097307,17.54458,17.653494,16.771822,16.333826,17.186924,17.252176,15.011538,15.118728,18.48317,18.60272,17.322672,17.112907,15.01173,15.131058,0.0,4.0,0.0,0.0,0.0,4.0,0.0,0.0
4121,2023.0,1.0,29.0,14.0,16.924658,16.90927,15.1182375,14.968447,16.741215,16.310366,16.301538,15.808217,15.587028,15.205589,15.011689,15.1266575,17.905863,17.479904,18.158003,18.9164,15.012234,15.156501,0.0,0.0,0.0,0.0,0.0,0.0,4.0,0.0
4122,2023.0,1.0,29.0,15.0,16.721985,16.712833,15.00274,14.864511,16.264545,15.7582445,16.295242,16.07625,15.441364,15.241943,15.011858,15.134498,17.445688,16.930216,17.181574,16.854918,15.012422,15.176657,0.0,0.0,0.0,0.0,0.0,0.0,0.0,0.0
4123,2023.0,1.0,29.0,15.0,17.345818,18.046062,15.008231,14.9536,16.729715,16.841822,16.215914,16.054802,15.3499155,15.181538,15.012169,15.142337,17.220734,16.702456,16.549772,16.122576,15.0130005,15.194094,0.0,4.0,0.0,0.0,0.0,0.0,0.0,0.0
4124,2023.0,1.0,29.0,15.0,17.536713,18.283777,15.359437,15.665614,16.867363,17.05756,16.06416,15.913505,16.018301,16.563784,15.0123205,15.14951,17.320194,17.071775,16.308563,15.884958,15.013287,15.208475,4.0,4.0,0.0,4.0,0.0,0.0,0.0,0.0
4125,2023.0,1.0,29.0,15.0,16.587126,16.493498,20.04589,23.679428,16.819063,17.02426,16.649445,17.138597,20.028875,23.289183,15.1093445,15.324958,17.309952,17.10306,16.34188,16.138159,15.01351,15.220684,4.0,4.0,4.0,0.0,4.0,0.0,0.0,0.0
4126,2023.0,1.0,29.0,15.0,16.05099,15.8100815,20.044094,23.123184,16.106617,15.753693,16.886986,17.45803,17.709307,18.20188,19.96356,23.557644,17.227913,17.031752,16.303013,16.134863,16.110977,15.995061,0.0,0.0,4.0,4.0,0.0,0.0,0.0,0.0
4127,2023.0,1.0,29.0,15.0,16.59347,16.987726,17.267057,17.418678,15.698699,15.252153,16.616,16.914042,20.36953,23.46619,17.409412,17.990566,17.144676,16.955126,16.205275,16.046886,14.978886,15.118816,0.0,0.0,4.0,4.0,0.0,0.0,0.0,0.0
4128,2023.0,1.0,29.0,16.0,16.114054,15.979056,15.963982,15.850023,16.24472,16.421305,16.474945,16.746912,20.052366,22.538212,15.630959,15.506931,17.908361,18.47917,16.10699,15.95356,15.023199,15.234224,0.0,4.0,4.0,0.0,0.0,4.0,0.0,0.0
4129,2023.0,1.0,29.0,16.0,16.486097,16.89428,16.14762,16.417278,16.440517,16.685434,15.7605505,15.456915,17.505331,17.422865,15.286537,15.124041,17.86611,18.149588,16.016558,15.867397,15.01309,15.231276,4.0,4.0,0.0,0.0,0.0,4.0,0.0,0.0
4130,2023.0,1.0,29.0,16.0,15.999737,15.877521,20.256016,23.569181,15.768813,15.441324,15.3532095,14.942525,16.89863,17.09786,15.09894,14.927153,17.04859,16.65327,15.931421,15.784745,15.014768,15.247737,4.0,0.0,0.0,4.0,0.0,0.0,0.0,0.0
4131,2023.0,1.0,29.0,16.0,16.37906,16.79944,20.035576,22.715876,16.08074,16.250292,15.18624,14.767544,20.43461,23.234463,15.000698,14.873274,17.48274,17.732697,15.850149,15.702137,15.571496,16.292206,4.0,4.0,0.0,0.0,0.0,4.0,0.0,4.0
4132,2023.0,1.0,29.0,16.0,16.581034,17.050045,20.098913,22.562077,16.282036,16.52975,15.768368,15.9631,17.613716,17.555777,15.011021,14.969021,16.932009,16.529781,15.773392,15.624448,19.953459,23.736715,4.0,4.0,4.0,0.0,0.0,0.0,0.0,0.0
4133,2023.0,1.0,29.0,16.0,15.915497,15.79725,20.08816,22.348524,16.281057,16.529982,16.01097,16.286785,16.170244,15.730265,15.010677,15.019316,17.376093,17.624075,15.701109,15.551521,16.685766,16.787474,4.0,4.0,4.0,0.0,0.0,4.0,0.0,0.0
4134,2023.0,1.0,29.0,17.0,16.298086,16.73063,20.103695,22.255249,16.264832,16.51113,15.379358,15.098237,15.993918,15.772343,15.011305,15.056915,16.809397,16.380238,15.63209,15.480853,15.096824,14.788691,0.0,4.0,0.0,0.0,0.0,0.0,0.0,0.0
4135,2023.0,1.0,29.0,17.0,16.472628,16.930365,18.073862,18.239616,16.24094,16.480783,15.70105,15.90274,15.8561945,15.669707,15.01148,15.083925,16.478268,16.0085,15.566751,15.4137,15.016582,14.925271,4.0,4.0,4.0,0.0,0.0,0.0,0.0,0.0
4136,2023.0,1.0,29.0,17.0,16.469099,16.912798,20.234262,22.6959,16.212435,16.445063,15.889821,16.149813,15.67256,15.492199,15.012541,15.107244,16.352104,15.874542,15.503039,15.347219,15.012918,15.034678,0.0,4.0,4.0,0.0,0.0,0.0,0.0,0.0
4137,2023.0,1.0,29.0,17.0,15.791206,15.653289,18.08981,18.28175,16.182064,16.4075,15.892429,16.144894,15.507329,15.331887,15.012601,15.124292,16.505022,16.2786,15.442281,15.2837105,15.014684,15.112958,4.0,4.0,4.0,0.0,0.0,0.0,0.0,0.0
4138,2023.0,1.0,29.0,17.0,16.139263,16.525103,20.222206,22.70002,16.150517,16.368605,15.880325,16.123894,15.35888,15.185228,15.013481,15.139688,16.537884,16.332375,15.384056,15.222758,15.015159,15.165842,4.0,4.0,4.0,0.0,0.0,0.0,0.0,0.0
4139,2023.0,1.0,29.0,17.0,15.628922,15.45463,20.06063,22.170677,16.117744,16.327845,15.214574,14.8913555,16.030815,16.570713,15.090194,15.280979,17.28545,17.78568,15.327469,15.162732,15.0154705,15.205685,0.0,4.0,0.0,4.0,4.0,4.0,0.0,0.0
4140,2023.0,1.0,29.0,18.0,16.016888,16.389925,17.72236,17.555893,16.085957,16.288754,15.00857,14.730713,20.24542,23.738766,19.69981,22.847998,16.543499,16.124739,15.274334,15.10761,15.016046,15.23656,0.0,4.0,0.0,0.0,0.0,0.0,0.0,0.0
4141,2023.0,1.0,29.0,18.0,20.341309,23.770355,16.688837,16.46243,21.108137,25.0749,20.127316,23.718649,17.135616,17.12264,17.26704,17.759483,20.395449,22.979647,21.660315,26.001722,15.017178,15.261481,0.0,4.0,0.0,0.0,0.0,0.0,4.0,0.0
4142,2023.0,1.0,29.0,18.0,21.034956,24.483093,16.881544,17.072514,21.031155,24.314896,21.141432,24.934397,15.522696,15.056575,15.550802,15.402119,21.110964,23.953545,21.340736,24.950552,15.017068,15.275537,4.0,4.0,0.0,0.0,0.0,4.0,0.0,0.0
4143,2023.0,1.0,29.0,18.0,21.1366,24.233343,20.214354,23.060137,21.141996,24.12589,21.123838,24.435415,15.428338,15.204748,15.189468,14.99194,21.12034,23.609413,22.529606,26.509483,15.016528,15.279606,0.0,4.0,0.0,0.0,0.0,0.0,4.0,0.0
4144,2023.0,1.0,29.0,18.0,21.09073,23.863085,17.999014,18.384256,21.094732,23.755283,21.07789,24.020367,16.17979,16.709482,15.393475,15.544776,21.09596,23.285574,20.922516,23.257484,15.016591,15.279524,0.0,4.0,4.0,4.0,4.0,0.0,0.0,0.0
4145,2023.0,1.0,29.0,18.0,21.627277,24.415339,17.004982,17.256784,21.457357,24.094076,21.586931,24.551678,20.336056,23.71646,20.288654,23.668365,21.275955,23.34443,21.666466,24.260202,15.646531,16.150587,4.0,0.0,0.0,0.0,0.0,0.0,0.0,0.0
4146,2023.0,1.0,29.0,19.0,21.791588,24.444477,20.240414,23.11924,21.047304,23.261316,20.99756,23.347828,17.25736,17.186121,17.508015,17.93857,21.680279,23.846897,21.595377,24.168268,14.980476,15.084457,0.0,0.0,4.0,0.0,0.0,0.0,4.0,0.0
4147,2023.0,1.0,29.0,19.0,20.938843,22.922678,17.574818,17.537025,21.120968,23.317913,21.136648,23.531736,15.632305,15.127721,15.79547,15.6233225,20.9521,22.469423,22.35506,25.369734,15.0241785,15.210449,0.0,0.0,0.0,0.0,0.0,0.0,4.0,0.0
4148,2023.0,1.0,29.0,19.0,21.123909,23.274529,15.959469,15.36497,21.05672,23.143377,21.108019,23.384409,16.364717,16.849672,15.813697,15.943348,21.081652,22.707384,23.055922,26.306232,15.014712,15.214888,0.0,4.0,0.0,4.0,4.0,0.0,0.0,0.0
4149,2023.0,1.0,29.0,19.0,21.098125,23.193178,15.860687,15.542068,21.065464,23.134813,21.086487,23.248262,20.479536,23.742088,20.34312,23.528465,21.06601,22.650265,20.881681,22.256409,15.884486,16.565845,0.0,4.0,4.0,0.0,4.0,0.0,4.0,0.0
4150,2023.0,1.0,29.0,19.0,21.049124,23.086182,15.804791,15.555581,21.084562,23.101673,21.086748,23.18989,17.902401,18.181328,20.051392,22.740286,21.06506,22.623411,21.086952,22.726938,15.701016,15.736548,0.0,4.0,4.0,4.0,0.0,0.0,4.0,0.0
4151,2023.0,1.0,29.0,19.0,21.081713,23.111265,16.11786,16.274012,21.083126,23.045576,21.087593,23.144623,20.452831,23.180231,17.505287,17.523638,21.066359,22.603437,21.097982,22.815678,15.004367,15.008791,4.0,4.0,4.0,0.0,4.0,0.0,0.0,0.0
4152,2023.0,1.0,29.0,20.0,21.67428,24.10516,20.221987,23.518753,21.651424,23.982899,21.732037,24.115894,17.99582,18.190983,20.345137,23.013975,21.681576,23.506731,22.098175,24.36772,15.80905,16.299976,0.0,4.0,0.0,4.0,0.0,0.0,0.0,0.0
4153,2023.0,1.0,29.0,20.0,20.985067,22.774408,17.769146,18.206507,20.97198,22.647797,20.954975,22.710453,20.440706,22.94577,17.47927,17.299894,21.02588,22.42,20.887512,22.227974,15.832009,16.516523,0.0,4.0,0.0,4.0,0.0,4.0,0.0,4.0
4154,2023.0,1.0,29.0,20.0,21.11,23.021921,16.208466,16.053514,21.093258,22.886293,21.122992,23.044886,20.05869,22.136824,16.173094,15.886483,21.070343,22.527987,21.20113,22.899239,20.394144,24.284576,0.0,4.0,0.0,0.0,0.0,0.0,0.0,4.0
4155,2023.0,1.0,29.0,20.0,21.066933,22.905771,15.839832,15.600895,21.077135,22.845648,21.076431,22.987204,17.59109,17.251879,15.909806,15.64564,21.083742,22.503885,21.03019,22.588673,20.060888,23.151684,0.0,4.0,0.0,0.0,0.0,0.0,4.0,0.0
4156,2023.0,1.0,29.0,20.0,21.09965,22.982168,15.642854,15.394324,21.102707,22.902407,21.057434,22.944895,17.047056,17.093483,15.661467,15.405675,21.08129,22.459599,21.101624,22.762503,16.89614,16.711384,0.0,0.0,4.0,4.0,0.0,0.0,0.0,0.0
4157,2023.0,1.0,29.0,20.0,21.067324,22.884087,15.957213,16.11411,21.096674,22.869358,21.085745,23.031404,20.451912,22.955194,15.447423,15.19818,21.031376,22.350431,21.089745,22.73195,15.419774,14.924396,4.0,0.0,0.0,4.0,0.0,4.0,0.0,0.0
4158,2023.0,1.0,29.0,21.0,22.218826,24.752697,20.176025,23.54175,22.067928,24.34644,22.114408,24.636667,20.056087,22.100925,15.258693,15.011107,21.64829,23.390932,22.112238,24.406403,15.290745,15.0665655,0.0,0.0,0.0,0.0,0.0,4.0,0.0,0.0
4159,2023.0,1.0,29.0,21.0,20.901525,22.368378,17.993444,18.70652,21.062746,22.75016,20.915487,22.448092,17.627415,17.280788,15.1042795,14.867422,20.97951,22.10703,20.914545,22.21231,15.170153,14.976761,4.0,0.0,4.0,0.0,0.0,0.0,4.0,0.0
4160,2023.0,1.0,29.0,21.0,21.69114,23.797258,20.196636,23.017876,21.651154,23.767876,22.091408,24.402424,16.35537,15.737517,14.9986,14.795804,21.808317,23.470896,22.008259,24.077122,14.997943,14.827998,0.0,0.0,0.0,0.0,0.0,0.0,0.0,0.0
4161,2023.0,1.0,29.0,21.0,20.934687,22.38284,17.493185,17.395475,20.943762,22.42316,20.907572,22.312223,16.268457,15.972198,15.012243,14.895144,20.944654,21.912924,20.891848,22.07227,15.90851,16.669214,0.0,4.0,4.0,0.0,0.0,0.0,0.0,4.0
4162,2023.0,1.0,29.0,21.0,21.11322,22.809702,16.664732,16.80715,21.096184,22.79646,21.130686,22.829254,16.163498,15.91491,15.010915,14.9454565,21.071653,22.237265,21.114372,22.572556,20.112652,23.703995,4.0,0.0,0.0,0.0,0.0,0.0,0.0,0.0
4163,2023.0,1.0,29.0,21.0,21.761148,23.91506,20.239927,23.219715,21.162111,22.908438,21.160728,22.91417,15.975651,15.737659,15.1860075,15.308416,21.737171,23.334902,21.194798,22.80143,17.409641,17.844875,0.0,0.0,0.0,0.0,4.0,4.0,0.0,4.0
4164,2023.0,1.0,29.0,22.0,20.943644,22.386923,17.866034,18.19569,21.067974,22.68142,21.073862,22.792028,15.810374,15.581906,20.178951,23.552614,20.941822,21.862484,21.070057,22.588177,20.51044,23.766037,0.0,4.0,0.0,0.0,0.0,0.0,0.0,4.0
4165,2023.0,1.0,29.0,22.0,21.080122,22.685526,16.406733,16.23893,21.07272,22.68055,21.050863,22.75402,15.665594,15.444348,17.463291,17.9,21.060587,22.115042,21.069654,22.611933,20.030262,22.639008,0.0,4.0,4.0,0.0,0.0,4.0,0.0,4.0
4166,2023.0,1.0,29.0,22.0,21.091446,22.758627,16.030998,15.78777,21.09664,22.738258,21.08041,22.851944,15.532455,15.309093,15.7105665,15.499539,21.077627,22.190218,21.069605,22.625338,20.086283,22.512732,0.0,0.0,0.0,0.0,0.0,0.0,0.0,4.0
4167,2023.0,1.0,29.0,22.0,21.087456,22.76243,16.31152,16.497011,21.065674,22.642208,21.09694,22.845812,16.035128,16.36144,15.663577,15.684488,21.043493,22.107742,21.03013,22.52653,20.076025,22.323814,4.0,4.0,0.0,4.0,4.0,4.0,4.0,4.0
4168,2023.0,1.0,29.0,22.0,22.013325,24.26636,20.423786,23.680792,22.014023,24.19553,21.739954,23.728296,20.87736,24.34823,20.22901,23.302526,21.748337,23.311787,21.918013,23.96163,20.800303,23.218204,0.0,0.0,4.0,4.0,4.0,0.0,0.0,4.0
4169,2023.0,1.0,29.0,22.0,20.9259,22.351383,18.045128,18.482101,20.928684,22.234543,20.924196,22.302572,20.565739,23.344408,20.019386,22.711945,20.963736,21.868626,20.90827,22.12179,21.178692,23.873415,0.0,0.0,4.0,0.0,0.0,0.0,0.0,4.0
4170,2023.0,1.0,29.0,23.0,21.08986,22.74344,16.34386,16.179882,21.089916,22.631334,21.120872,22.740276,17.713839,17.49426,17.895977,18.313908,21.08405,22.130558,21.066975,22.43307,19.894878,21.480669,0.0,0.0,0.0,0.0,4.0,0.0,4.0,0.0
4171,2023.0,1.0,29.0,23.0,19.460703,19.654161,15.978193,15.740586,19.444004,19.51481,18.987623,18.659643,16.20598,15.648496,16.736898,16.793125,19.727478,19.568075,19.02271,18.567663,17.701292,17.33891,0.0,0.0,0.0,0.0,4.0,0.0,0.0,0.0
4172,2023.0,1.0,29.0,23.0,18.660854,18.541153,15.806702,15.5508995,18.5737,18.267538,17.936209,17.1693,16.161053,15.872263,16.164593,15.858144,19.158897,18.820627,18.192041,17.521044,16.786606,16.176497,0.0,0.0,0.0,0.0,4.0,0.0,0.0,0.0
4173,2023.0,1.0,29.0,23.0,18.314075,18.192444,15.672388,15.420197,18.204884,17.886799,17.905186,17.53459,16.68016,16.983978,15.5572,14.9477215,18.904322,18.57693,17.82324,17.17488,16.675056,16.37676,0.0,0.0,0.0,4.0,0.0,0.0,0.0,0.0
4174,2023.0,1.0,29.0,23.0,18.04765,17.932966,15.554739,15.30541,17.927267,17.614813,17.733335,17.43485,16.146833,15.92515,15.224389,14.5863085,18.692213,18.374657,17.839718,17.522018,16.465569,16.21274,0.0,0.0,0.0,0.0,0.0,0.0,0.0,0.0
4175,2023.0,1.0,29.0,23.0,17.823807,17.71637,15.448756,15.203414,17.693895,17.389032,17.510607,17.223492,15.884218,15.649086,15.631085,15.58456,18.508654,18.200537,17.705301,17.432316,16.235025,15.996114,0.0,0.0,0.0,0.0,4.0,0.0,0.0,0.0
4176,2023.0,1.0,30.0,0.0,17.625256,17.520657,15.350642,15.107452,17.486994,17.185635,17.306019,17.023277,15.743401,15.513567,15.413021,15.159123,18.34361,18.041029,17.525322,17.261696,16.025223,15.793232,0.0,0.0,0.0,0.0,0.0,0.0,0.0,0.0
4177,2023.0,1.0,30.0,0.0,17.447113,17.34328,15.2596035,15.016818,17.300196,16.998878,17.118095,16.83574,15.615283,15.387814,15.226467,14.967469,18.195019,17.896126,17.356663,17.09811,15.83699,15.609452,0.0,0.0,0.0,0.0,0.0,0.0,0.0,0.0
4178,2023.0,1.0,30.0,0.0,17.295591,17.200815,15.182262,14.945934,17.143044,16.852251,16.958649,16.686998,15.507359,15.287385,15.111481,14.861957,18.067421,17.777647,17.208284,16.959534,15.675921,15.458911,0.0,0.0,0.0,0.0,0.0,0.0,0.0,0.0
4179,2023.0,1.0,30.0,0.0,17.159521,17.073812,15.111346,14.881416,17.001627,16.720867,16.8143,16.55286,15.407278,15.18867,15.007562,14.766783,17.94873,17.660578,17.07376,16.8338,15.532112,15.324534,0.0,0.0,0.0,0.0,0.0,0.0,0.0,0.0
4180,2023.0,1.0,30.0,0.0,17.036123,16.958961,15.045996,14.822355,16.873476,16.602285,16.68295,16.431246,15.318174,15.103391,15.006455,14.859544,17.843027,17.559284,16.94918,16.712471,15.403165,15.204055,0.0,0.0,0.0,0.0,0.0,0.0,0.0,0.0
4181,2023.0,1.0,30.0,0.0,16.906446,16.83725,15.001475,14.807692,16.73843,16.476303,16.54426,16.301754,15.225192,15.01454,15.011258,14.926221,17.733318,17.45428,16.819933,16.587814,15.269452,15.078211,0.0,0.0,0.0,0.0,0.0,0.0,0.0,0.0
4182,2023.0,1.0,30.0,1.0,16.79839,16.745874,15.00533,14.867923,16.626888,16.383743,16.429296,16.206022,15.145555,14.94331,15.009694,14.959594,17.639854,17.370705,17.729675,18.407303,15.15511,14.973972,0.0,0.0,0.0,0.0,0.0,0.0,4.0,0.0
4183,2023.0,1.0,30.0,1.0,16.693628,16.648764,15.005426,14.9086075,16.518911,16.28407,16.31702,16.102486,15.070074,14.87176,15.011175,14.995688,17.551573,17.286863,16.844788,16.429886,15.047163,14.870075,0.0,0.0,0.0,0.0,0.0,0.0,0.0,0.0
4184,2023.0,1.0,30.0,1.0,16.59326,16.549812,15.006728,14.944209,16.415592,16.182665,16.209509,15.997013,14.999335,14.801428,15.012093,15.022668,17.46846,17.2039,16.31649,15.820063,15.003809,14.876139,0.0,0.0,0.0,0.0,0.0,0.0,0.0,0.0
4185,2023.0,1.0,30.0,1.0,16.510769,16.477667,15.006258,14.971088,16.330809,16.109486,16.12148,15.920702,15.007564,14.868319,15.011276,15.040672,17.39923,17.14078,16.163967,15.684238,15.623851,16.100634,0.0,0.0,0.0,0.0,0.0,0.0,0.0,4.0
4186,2023.0,1.0,30.0,1.0,16.428947,16.399132,15.007137,14.996567,16.246302,16.029243,16.034773,15.837759,15.006236,14.898342,15.012164,15.057986,17.332273,17.075615,16.306725,16.098108,15.938683,16.490469,0.0,0.0,0.0,0.0,0.0,0.0,0.0,4.0
4187,2023.0,1.0,30.0,1.0,16.356646,16.33306,15.007178,15.017248,16.17184,15.9622345,15.958904,15.768639,15.007169,14.925045,15.0119915,15.069855,17.27278,17.019598,16.296206,16.088419,15.739356,16.010805,0.0,0.0,0.0,0.0,0.0,0.0,0.0,4.0
4188,2023.0,1.0,30.0,2.0,16.288946,16.270391,15.007626,15.036712,16.105862,15.906214,15.892183,15.711349,15.0069065,14.945689,15.012347,15.081523,17.220373,16.972895,16.239172,16.036997,14.938003,14.712877,0.0,0.0,0.0,0.0,0.0,0.0,0.0,0.0
4189,2023.0,1.0,30.0,2.0,16.223732,16.20912,15.008181,15.054145,16.039272,15.843848,15.824477,15.6474495,15.007068,14.963042,15.040796,15.132508,17.168863,16.923779,16.17782,15.977523,15.038382,14.974568,0.0,0.0,0.0,0.0,4.0,0.0,0.0,0.0
4190,2023.0,1.0,30.0,2.0,16.163994,16.153368,15.01477,15.08299,15.977752,15.787167,15.761808,15.58929,15.011365,14.987477,15.022194,15.10994,17.121897,16.88003,16.120832,15.923345,15.02582,14.988608,0.0,0.0,0.0,0.0,0.0,0.0,0.0,0.0
4191,2023.0,1.0,30.0,2.0,16.116129,16.11744,15.007268,15.080215,15.925652,15.745479,15.708618,15.546264,15.006468,14.988276,15.011582,15.104223,17.080462,16.844252,16.07041,15.878715,15.585298,16.083569,0.0,0.0,0.0,0.0,0.0,0.0,0.0,4.0
4192,2023.0,1.0,30.0,2.0,16.06666,16.07405,15.008573,15.095858,15.872742,15.698569,15.654975,15.498078,15.00763,15.00189,15.012615,15.1136265,17.039455,16.806793,16.020798,15.832315,14.945439,14.816827,0.0,0.0,0.0,0.0,0.0,0.0,0.0,0.0
4193,2023.0,1.0,30.0,2.0,16.015821,16.026205,15.008581,15.108051,15.823307,15.655564,15.604939,15.454128,15.007527,15.01204,15.026668,15.1300535,17.001486,16.77304,17.017933,17.752588,15.0321045,15.039672,0.0,0.0,0.0,0.0,4.0,0.0,4.0,0.0
4194,2023.0,1.0,30.0,3.0,15.98015,16.005693,15.0088415,15.119836,15.776454,15.613818,15.556639,15.410985,15.007986,15.022186,15.0273695,15.136022,16.964867,16.739927,16.228565,15.90234,15.337942,15.622337,0.0,0.0,0.0,0.0,4.0,0.0,0.0,4.0
4195,2023.0,1.0,30.0,3.0,15.94204,15.972859,15.009323,15.130504,15.728505,15.567593,15.507564,15.363427,15.008089,15.030901,15.011914,15.131798,16.927416,16.703407,15.773111,15.365632,14.957263,14.900496,0.0,0.0,0.0,0.0,0.0,0.0,0.0,0.0
4196,2023.0,1.0,30.0,3.0,15.895983,15.926105,15.017612,15.156674,15.680517,15.520336,15.458883,15.3152,15.015954,15.054936,15.025321,15.16391,16.890818,16.667734,15.650252,15.241784,15.030647,15.09451,0.0,0.0,0.0,0.0,0.0,0.0,0.0,0.0
4197,2023.0,1.0,30.0,3.0,15.850224,15.878803,15.008154,15.145082,15.637532,15.481927,15.41553,15.2760515,15.006421,15.042113,15.010162,15.136549,16.856739,16.635965,15.798782,15.627613,15.004099,15.058416,0.0,0.0,0.0,0.0,0.0,0.0,0.0,0.0
4198,2023.0,1.0,30.0,3.0,15.806272,15.834903,15.0188265,15.175421,15.593139,15.439142,15.370816,15.23267,15.016863,15.071431,15.010864,15.125748,16.822588,16.60322,15.803554,15.625828,15.017909,15.1152315,0.0,0.0,0.0,0.0,4.0,0.0,0.0,0.0
4199,2023.0,1.0,30.0,3.0,15.764524,15.793503,15.01916,15.18013,15.551417,15.400301,15.328884,15.193323,15.016307,15.07295,15.026012,15.181246,16.7898,16.57225,15.766788,15.590698,15.018618,15.128804,0.0,0.0,0.0,0.0,0.0,0.0,0.0,0.0
4200,2023.0,1.0,30.0,4.0,15.727522,15.760461,15.008919,15.168523,15.513576,15.36784,15.290887,15.160397,15.008142,15.064923,15.011202,15.151812,16.758894,16.544308,15.729689,15.556693,15.49054,16.022337,0.0,0.0,0.0,0.0,0.0,0.0,0.0,4.0
4201,2023.0,1.0,30.0,4.0,15.699248,15.742285,15.01099,15.179931,15.468993,15.320559,15.246583,15.112916,15.0098715,15.07488,15.013855,15.160471,16.722424,16.504679,15.6876335,15.512014,14.944503,14.939267,0.0,0.0,0.0,0.0,0.0,0.0,0.0,0.0
4202,2023.0,1.0,30.0,4.0,15.655688,15.691532,15.021372,15.2072735,15.419439,15.263986,15.19755,15.0567,15.0184765,15.098302,15.02732,15.189774,16.682812,16.46021,15.642759,15.462601,15.037308,15.165272,0.0,0.0,0.0,0.0,0.0,0.0,0.0,0.0
4203,2023.0,1.0,30.0,4.0,15.610003,15.638463,15.021757,15.2102,15.373449,15.214296,15.15198,15.007191,15.020035,15.103635,15.027544,15.188577,16.644136,16.418056,15.599552,15.416477,15.020199,15.132439,0.0,0.0,0.0,0.0,0.0,0.0,0.0,0.0
4204,2023.0,1.0,30.0,4.0,15.563984,15.585314,15.022697,15.217062,15.327824,15.164886,15.106733,14.957958,15.02004,15.108548,15.027925,15.19194,16.604916,16.375315,15.55644,15.370406,15.022939,15.1645355,0.0,0.0,0.0,0.0,0.0,0.0,0.0,0.0
4205,2023.0,1.0,30.0,4.0,15.517998,15.532127,15.02336,15.222743,15.282555,15.115752,15.061864,14.90904,15.020422,15.114495,15.028825,15.196333,16.565228,16.332071,15.513409,15.324373,15.023487,15.179462,0.0,0.0,0.0,0.0,0.0,0.0,0.0,0.0
4206,2023.0,1.0,30.0,5.0,15.472006,15.478767,15.0244875,15.229296,15.237633,15.066892,15.017392,14.860451,15.021424,15.121539,15.029466,15.200436,16.525118,16.28837,15.4704485,15.278375,15.02569,15.196198,0.0,0.0,0.0,0.0,0.0,0.0,0.0,0.0
4207,2023.0,1.0,30.0,5.0,15.434076,15.44137,15.024689,15.233878,15.1951,15.0224085,15.001696,14.867391,15.022976,15.129521,15.003424,15.134362,16.486322,16.247622,15.429042,15.235357,15.025803,15.20636,0.0,0.0,0.0,0.0,4.0,0.0,0.0,0.0
4208,2023.0,1.0,30.0,5.0,15.394456,15.398083,15.025078,15.238929,15.1535,14.978808,15.003568,14.899139,15.022853,15.13403,15.004802,15.154922,16.447891,16.207224,15.388361,15.193047,15.026509,15.216998,0.0,0.0,0.0,0.0,4.0,0.0,0.0,0.0
4209,2023.0,1.0,30.0,5.0,15.363069,15.371355,15.02607,15.244987,15.112449,14.93571,15.004955,14.922932,15.0231695,15.139933,15.006068,15.164302,16.409567,16.166922,15.348125,15.151166,15.027427,15.2267685,0.0,0.0,0.0,0.0,4.0,0.0,0.0,0.0
4210,2023.0,1.0,30.0,5.0,15.327788,15.334029,15.012131,15.224101,15.075822,14.900912,15.003996,14.938392,15.011554,15.124818,15.016911,15.165935,16.373749,16.13153,16.36894,17.104553,15.409678,15.931746,0.0,0.0,0.0,0.0,4.0,0.0,4.0,4.0
4211,2023.0,1.0,30.0,5.0,15.290676,15.295047,15.014208,15.233701,15.036635,14.859268,15.004707,14.956752,15.0135355,15.135421,15.015809,15.152135,16.335617,16.091497,15.559582,15.203873,14.973881,15.095642,0.0,0.0,0.0,0.0,4.0,0.0,0.0,0.0
4212,2023.0,1.0,30.0,6.0,15.266394,15.277645,15.027864,15.265528,15.000375,14.822941,15.009775,14.983573,15.025738,15.165706,15.057402,15.242746,16.295052,16.046434,15.0786705,14.619286,15.048271,15.262139,0.0,0.0,0.0,0.0,0.0,0.0,0.0,0.0
4213,2023.0,1.0,30.0,6.0,20.594852,24.594952,15.012585,15.238764,20.47813,24.38751,20.371616,24.329662,15.012174,15.143093,14.997719,15.123987,20.408726,23.040197,20.759619,24.38549,15.020707,15.191594,0.0,0.0,0.0,0.0,4.0,0.0,0.0,0.0
4214,2023.0,1.0,30.0,6.0,21.063818,24.787617,15.015239,15.248621,21.066936,24.776218,21.08335,24.934677,15.013955,15.150043,19.741209,23.281172,21.14318,24.109509,21.574541,25.379238,15.014499,15.19829,0.0,0.0,0.0,0.0,0.0,0.0,0.0,0.0
4215,2023.0,1.0,30.0,6.0,21.102976,24.405678,15.014403,15.249392,21.10521,24.365267,21.106993,24.48575,15.013698,15.147968,17.38819,18.04224,21.577728,24.493773,22.343103,26.242308,15.0151615,15.20598,0.0,0.0,0.0,0.0,4.0,0.0,0.0,0.0
4216,2023.0,1.0,30.0,6.0,21.136114,24.166271,15.598994,16.053055,21.137877,24.10508,21.137451,24.216476,15.748215,16.22124,20.18395,23.511765,21.813004,24.438978,22.444902,25.937363,15.686776,15.346584,0.0,0.0,0.0,0.0,0.0,4.0,0.0,0.0
4217,2023.0,1.0,30.0,6.0,21.09321,23.865618,14.997491,15.125143,21.094929,23.78914,21.09897,23.907028,14.994599,15.016424,17.560791,17.928457,20.941885,22.725983,21.969957,24.88684,15.409999,15.901363,0.0,0.0,0.0,0.0,0.0,0.0,0.0,4.0
4218,2023.0,1.0,30.0,7.0,21.091087,23.70628,15.016132,15.189382,21.092506,23.617542,21.096754,23.734238,15.323042,15.655404,16.188807,16.23262,21.109428,22.932722,20.964237,22.852657,20.284697,24.286386,0.0,0.0,0.0,4.0,4.0,0.0,0.0,0.0
4219,2023.0,1.0,30.0,7.0,21.137552,23.664486,15.390496,15.967026,21.138199,23.565819,21.13774,23.671186,20.997995,25.117239,20.292873,23.441418,21.108599,22.828588,21.200817,23.276709,17.285515,17.731281,0.0,4.0,4.0,4.0,4.0,0.0,4.0,4.0
4220,2023.0,1.0,30.0,7.0,21.06669,23.43341,15.101276,15.373471,21.069698,23.336023,21.073734,23.447037,20.807497,24.23822,20.044157,22.601873,21.038969,22.631294,21.105562,23.049856,20.46143,23.96305,4.0,4.0,4.0,4.0,4.0,4.0,0.0,0.0
4221,2023.0,1.0,30.0,7.0,21.692219,24.203028,20.089602,23.918175,21.685724,24.083868,21.473139,23.925344,21.629072,25.280304,20.123524,22.48574,21.614672,23.402905,22.25308,24.83198,17.119709,16.97537,4.0,4.0,0.0,4.0,0.0,4.0,4.0,0.0
4222,2023.0,1.0,30.0,7.0,21.80224,24.41395,20.00825,23.209076,21.811367,24.312664,22.051954,24.779882,19.9174,21.869087,17.45932,17.161768,21.659283,23.36858,22.74324,25.623901,16.429245,16.772776,4.0,4.0,0.0,4.0,0.0,4.0,0.0,4.0
4223,2023.0,1.0,30.0,7.0,21.972584,24.4782,20.121222,23.000713,21.961985,24.344313,21.849808,24.24648,20.131372,22.199934,16.308828,15.959622,22.111866,24.249516,21.91213,23.98179,20.50923,23.703215,4.0,4.0,4.0,0.0,0.0,0.0,4.0,4.0
4224,2023.0,1.0,30.0,8.0,21.846931,24.041279,20.102678,22.670034,21.845789,23.922993,21.913378,24.206991,17.60681,17.246208,16.452936,16.495457,22.204397,24.27018,22.113455,24.166409,20.05984,22.657227,4.0,4.0,4.0,0.0,4.0,0.0,0.0,0.0
4225,2023.0,1.0,30.0,8.0,19.394459,19.606886,20.142418,22.552862,19.345211,19.390957,19.242352,18.995436,16.274073,15.639852,20.442095,23.270443,20.119772,20.133865,20.276772,20.486977,17.890299,18.206566,0.0,4.0,0.0,0.0,4.0,4.0,4.0,4.0
4226,2023.0,1.0,30.0,8.0,18.51383,18.616913,17.759655,17.801708,18.35152,18.209692,17.494816,16.784756,16.88225,17.218065,20.057354,22.368626,19.295914,19.234459,19.34359,19.54712,22.262537,26.118614,4.0,4.0,0.0,4.0,0.0,4.0,4.0,4.0
4227,2023.0,1.0,30.0,8.0,17.50518,17.030254,20.242172,22.869188,17.97882,17.834589,16.891197,16.128323,20.425785,23.170015,17.416298,17.07011,18.336832,17.658268,18.192572,17.660353,19.8526,21.679272,4.0,4.0,0.0,4.0,0.0,0.0,0.0,0.0
4228,2023.0,1.0,30.0,8.0,17.63044,17.70144,20.068499,22.295439,17.713354,17.581724,17.590471,17.828028,20.063822,22.30253,16.302416,15.942041,17.763538,17.018406,18.428555,18.660116,17.45549,17.088507,0.0,4.0,4.0,0.0,0.0,0.0,4.0,0.0
4229,2023.0,1.0,30.0,8.0,16.956766,16.501991,17.854065,17.886475,17.495543,17.375357,17.171766,16.993288,17.473337,17.140831,16.063246,15.740029,17.460112,16.723225,18.478903,18.736935,16.233875,15.648157,4.0,4.0,0.0,0.0,0.0,0.0,4.0,0.0
4230,2023.0,1.0,30.0,9.0,16.548958,15.99417,20.2235,22.45182,16.701271,16.028793,16.39958,15.719124,16.424295,15.728768,15.856147,15.532777,17.603144,17.220448,17.484636,16.971863,17.0893,17.61844,0.0,0.0,0.0,0.0,0.0,0.0,0.0,4.0
4231,2023.0,1.0,30.0,9.0,16.29043,15.7506485,18.061794,18.101173,16.884651,16.720352,15.974708,15.247701,16.29463,15.938711,15.649191,15.3466015,17.581997,17.267593,16.84704,16.23438,20.309074,23.115376,4.0,4.0,0.0,0.0,0.0,0.0,0.0,0.0
4232,2023.0,1.0,30.0,9.0,16.437986,16.267704,20.229763,22.634945,16.322355,15.686835,16.08393,15.716518,16.139,15.847306,15.459727,15.166181,17.455034,17.15689,17.577396,17.884432,17.407558,17.17691,0.0,0.0,0.0,0.0,0.0,0.0,4.0,0.0
4233,2023.0,1.0,30.0,9.0,16.43945,16.339342,17.72644,17.557024,15.890219,15.176441,16.080086,15.792359,15.921262,15.649562,15.29895,15.019725,18.070919,18.434622,16.90196,16.429441,15.9757595,15.43192,0.0,0.0,0.0,0.0,0.0,4.0,0.0,0.0
4234,2023.0,1.0,30.0,9.0,16.348232,16.25954,17.31535,17.348696,16.41632,16.312754,16.706873,17.06615,15.757293,15.493576,15.184255,14.912134,17.165052,16.586138,17.512022,17.854767,15.898681,15.610612,4.0,4.0,4.0,0.0,0.0,0.0,4.0,0.0
4235,2023.0,1.0,30.0,9.0,16.253271,16.173298,20.224638,22.708797,16.549908,16.547705,16.240364,16.137415,15.610155,15.357151,15.078262,14.814022,16.8027,16.142693,16.667568,16.170395,15.780511,15.541669,0.0,4.0,0.0,0.0,0.0,0.0,0.0,0.0
4236,2023.0,1.0,30.0,10.0,16.1446,16.064005,18.091467,18.33943,15.867404,15.306761,15.525692,14.960592,15.462837,15.221146,14.99976,14.7720175,16.653013,16.007847,16.171558,15.620202,15.597265,15.371847,0.0,0.0,0.0,0.0,0.0,0.0,0.0,0.0
4237,2023.0,1.0,30.0,10.0,16.051529,15.98013,16.699554,16.48131,16.207687,16.191856,15.219099,14.5987425,15.33446,15.104035,15.011009,14.858932,16.856564,16.549807,15.989096,15.448179,15.430858,15.21592,0.0,4.0,0.0,0.0,0.0,0.0,0.0,0.0
4238,2023.0,1.0,30.0,10.0,15.972395,15.912019,16.282856,16.014677,16.389355,16.4512,15.421066,15.150434,15.225785,15.006416,15.010109,14.904449,16.900143,16.630194,16.141642,15.901728,15.289841,15.085141,0.0,4.0,0.0,0.0,0.0,0.0,0.0,0.0
4239,2023.0,1.0,30.0,10.0,15.904581,15.858118,16.034742,15.782943,16.393932,16.477148,16.211325,16.651836,15.136378,14.931207,15.009565,14.939467,16.858677,16.600391,16.144327,15.9239235,15.174553,14.984381,0.0,4.0,4.0,0.0,0.0,0.0,0.0,0.0
4240,2023.0,1.0,30.0,10.0,16.642235,17.311506,15.829094,15.589356,16.389296,16.493122,15.85156,15.801168,15.054664,14.855845,15.20643,15.328521,17.5961,18.041185,16.085995,15.87637,15.072231,14.889158,0.0,4.0,0.0,0.0,4.0,4.0,0.0,0.0
4241,2023.0,1.0,30.0,10.0,16.170986,16.300386,15.690437,15.462032,15.718144,15.266278,15.291706,14.825958,14.998528,14.814669,19.951454,23.08387,17.519316,17.704742,16.033995,15.8326025,14.99848,14.829074,0.0,0.0,0.0,0.0,0.0,4.0,0.0,0.0
4242,2023.0,1.0,30.0,11.0,15.565259,15.303748,15.551399,15.33709,16.04866,16.113842,15.027464,14.516313,15.006934,14.878935,17.544792,18.034908,16.754215,16.272354,15.979183,15.786136,15.008258,14.907014,0.0,4.0,0.0,0.0,0.0,0.0,0.0,0.0
4243,2023.0,1.0,30.0,11.0,15.333455,15.02223,15.418833,15.207822,16.269161,16.430616,15.198152,14.979613,15.00619,14.912941,15.78351,15.57654,16.432291,15.897757,15.924345,15.734258,15.007195,14.948395,0.0,4.0,0.0,0.0,0.0,0.0,0.0,0.0
4244,2023.0,1.0,30.0,11.0,15.51756,15.489259,15.305198,15.102971,15.594275,15.171585,15.240882,15.06942,15.006535,14.940534,15.469219,15.25228,16.34491,15.819054,15.874886,15.6892395,15.007965,14.982249,0.0,0.0,0.0,0.0,0.0,0.0,0.0,0.0
4245,2023.0,1.0,30.0,11.0,15.575131,15.593838,15.201253,15.005724,15.978898,16.11537,15.200572,15.040547,15.006639,14.96174,15.302101,15.084951,16.551846,16.306671,15.828075,15.645934,15.008088,15.007668,0.0,4.0,0.0,0.0,0.0,0.0,0.0,0.0
4246,2023.0,1.0,30.0,11.0,15.543741,15.569627,15.100772,14.905244,16.187126,16.398243,15.149357,14.993074,15.01116,14.989602,15.161794,14.939624,16.616629,16.399282,15.783301,15.603117,15.013638,15.040955,0.0,4.0,0.0,0.0,0.0,0.0,0.0,0.0
4247,2023.0,1.0,30.0,11.0,15.508062,15.541123,15.024935,14.845364,16.20224,16.419697,15.105897,14.959651,15.006235,14.991455,15.062473,14.855352,17.390322,17.88005,15.745319,15.5708065,15.007468,15.042134,0.0,4.0,0.0,0.0,0.0,4.0,0.0,0.0
4248,2023.0,1.0,30.0,12.0,15.469074,15.505305,15.004453,14.880088,16.21084,16.439701,15.059558,14.918363,15.007744,15.006651,15.418602,15.615128,17.432894,17.677214,15.707116,15.5355215,15.0092535,15.059683,0.0,4.0,0.0,0.0,4.0,4.0,0.0,0.0
4249,2023.0,1.0,30.0,12.0,20.547632,24.383068,15.387193,15.646303,20.973648,24.71358,20.952003,25.194176,15.40684,15.42742,19.996387,23.132097,20.191486,22.491446,21.991125,26.036175,15.423495,15.515641,4.0,4.0,4.0,0.0,0.0,0.0,4.0,0.0
4250,2023.0,1.0,30.0,12.0,21.24152,24.974867,20.187033,23.857191,21.092121,24.347727,21.153881,24.859531,15.884504,15.961645,17.606817,18.091192,20.941116,23.461031,21.44511,24.638037,15.883799,15.971401,4.0,0.0,0.0,0.0,0.0,0.0,0.0,0.0
4251,2023.0,1.0,30.0,12.0,21.998775,25.866076,20.037905,23.015503,21.94484,25.369316,21.275747,24.592985,15.169334,15.02472,15.932889,15.773459,21.36519,23.873898,22.301172,25.782446,15.121822,14.989302,0.0,4.0,0.0,0.0,0.0,0.0,0.0,0.0
4252,2023.0,1.0,30.0,12.0,20.973986,23.684631,17.292995,17.38084,20.950348,23.298882,21.088833,23.935797,15.023197,14.862881,15.612543,15.408704,21.342564,23.644547,22.499302,25.722395,14.999615,14.893521,0.0,4.0,0.0,0.0,0.0,0.0,0.0,0.0
4253,2023.0,1.0,30.0,12.0,21.104208,23.784155,16.495113,16.753307,21.103935,23.45724,21.09528,23.775076,15.0056095,14.8956375,15.445544,15.23949,21.071287,22.942411,20.905434,22.674192,15.007779,14.960918,4.0,4.0,0.0,0.0,0.0,0.0,0.0,0.0
4254,2023.0,1.0,30.0,13.0,22.194334,25.408464,20.273825,23.403828,21.928724,24.613985,22.171015,25.366474,15.005512,14.932167,15.318052,15.114784,21.703985,23.890833,21.926598,24.475653,15.006919,14.993696,0.0,4.0,0.0,0.0,0.0,0.0,0.0,0.0
4255,2023.0,1.0,30.0,13.0,20.903332,23.011686,17.90169,18.395844,20.91806,22.762875,20.91153,23.024347,15.004996,14.95667,15.219382,15.024149,20.957005,22.399544,20.915575,22.494663,15.00696,15.017011,0.0,0.0,0.0,0.0,0.0,4.0,0.0,0.0
4256,2023.0,1.0,30.0,13.0,21.113617,23.41444,16.32804,16.238947,21.101452,23.088905,21.118847,23.417711,15.005929,14.977575,15.133016,14.942529,21.097012,22.635359,21.096615,22.87031,15.007361,15.035448,0.0,4.0,0.0,0.0,0.0,0.0,0.0,0.0
4257,2023.0,1.0,30.0,13.0,21.0742,23.311438,15.930104,15.773541,21.07172,23.007456,21.078987,23.311213,15.006442,14.994134,15.054817,14.868191,21.071218,22.52947,21.067034,22.811646,15.007806,15.050364,0.0,4.0,0.0,0.0,0.0,0.0,0.0,0.0
4258,2023.0,1.0,30.0,13.0,21.16291,23.454466,15.699622,15.535705,21.18825,23.233751,21.132763,23.35792,15.010922,15.017167,15.0009,14.833763,21.12116,22.609568,21.143633,22.95203,15.013287,15.073735,0.0,0.0,4.0,0.0,0.0,0.0,0.0,0.0
4259,2023.0,1.0,30.0,13.0,21.158947,23.389776,15.52504,15.367777,21.143515,23.048668,21.201683,23.44069,15.011522,15.0275955,15.004865,14.899049,21.118786,22.572172,21.140804,22.908907,15.01418,15.083084,0.0,4.0,0.0,0.0,0.0,0.0,0.0,0.0
4260,2023.0,1.0,30.0,14.0,21.156916,23.359219,15.377872,15.227157,21.18138,23.14032,21.195675,23.35212,15.011434,15.037258,15.007038,14.936829,21.066355,22.426437,21.07496,22.728268,15.0141535,15.091449,0.0,0.0,0.0,0.0,0.0,4.0,4.0,0.0
4261,2023.0,1.0,30.0,14.0,19.15755,19.494371,15.264762,15.13368,18.969656,18.862762,19.101181,19.326443,15.005949,15.036316,15.005905,14.961625,19.224194,18.893955,18.963724,18.703506,15.00702,15.086638,0.0,0.0,0.0,0.0,0.0,0.0,0.0,0.0
4262,2023.0,1.0,30.0,14.0,17.999054,18.031212,15.655319,15.96698,18.302912,18.386892,17.828522,17.70332,15.007525,15.050504,15.007411,14.991557,19.088417,19.2422,17.86669,17.3833,15.008547,15.100297,4.0,4.0,0.0,0.0,0.0,4.0,0.0,0.0
4263,2023.0,1.0,30.0,14.0,17.596977,17.614895,20.144117,23.650814,17.514235,17.103245,18.074219,18.532276,15.007924,15.062618,15.242754,15.448664,19.095848,19.283758,17.477531,17.01191,15.009268,15.11329,4.0,0.0,4.0,0.0,4.0,4.0,0.0,0.0
4264,2023.0,1.0,30.0,14.0,18.058702,18.735918,20.189365,23.133694,16.976955,16.486341,17.496576,17.504812,15.621492,15.901677,20.204838,23.6077,18.317638,17.924961,17.409025,17.175514,15.632739,15.976888,0.0,0.0,0.0,0.0,0.0,0.0,0.0,0.0
4265,2023.0,1.0,30.0,14.0,17.534687,17.714523,17.897175,18.33793,17.65148,18.03972,16.71499,16.34204,15.285045,15.239613,17.614763,18.196342,17.830193,17.338375,17.286985,17.093678,15.198307,15.15022,4.0,4.0,0.0,0.0,0.0,0.0,0.0,0.0
4266,2023.0,1.0,30.0,15.0,17.602615,18.005623,20.238407,22.820946,17.561821,17.803127,16.389162,15.953999,14.997871,14.889739,16.273832,16.097754,18.406631,18.598305,17.142963,16.960045,15.007205,14.977333,4.0,4.0,0.0,0.0,0.0,4.0,0.0,0.0
4267,2023.0,1.0,30.0,15.0,17.59002,18.027262,20.061098,22.293587,16.721262,16.36172,17.137438,17.599699,15.010128,14.982539,15.916371,15.721169,17.887403,17.508059,16.985588,16.811716,15.775525,16.491947,0.0,0.0,4.0,0.0,0.0,0.0,0.0,4.0
4268,2023.0,1.0,30.0,15.0,17.502567,17.947788,18.096743,18.376734,16.299467,15.859714,16.544771,16.336458,15.008076,15.022306,15.705416,15.519721,17.4766,17.015207,16.842146,16.676386,19.941364,23.502684,4.0,0.0,0.0,0.0,0.0,0.0,0.0,0.0
4269,2023.0,1.0,30.0,15.0,17.41861,17.867208,20.233746,22.738111,16.786219,16.939554,15.997318,15.6182995,15.008764,15.054747,15.536309,15.354654,17.289639,16.822887,16.712015,16.552717,16.90385,17.040236,4.0,4.0,0.0,0.0,0.0,0.0,0.0,0.0
4270,2023.0,1.0,30.0,15.0,16.674952,16.542902,20.042046,22.148027,16.299126,15.957027,15.77148,15.372482,15.0091095,15.079015,15.393474,15.218445,17.396479,17.176435,16.593704,16.438797,15.378142,15.090388,4.0,0.0,0.0,0.0,0.0,0.0,0.0,0.0
4271,2023.0,1.0,30.0,15.0,16.259438,16.041235,20.101337,22.146011,15.9392,15.523709,15.8460045,15.677179,15.009235,15.098054,15.27551,15.109529,18.22534,18.782673,17.589394,18.418869,15.202691,15.0575075,0.0,0.0,0.0,0.0,0.0,4.0,4.0,0.0
4272,2023.0,1.0,30.0,16.0,16.06683,15.840121,17.950935,17.932869,16.474625,16.65655,15.838448,15.718196,15.009726,15.114631,15.17536,15.019683,17.486822,17.150137,16.740192,16.492235,15.091449,14.968836,0.0,4.0,0.0,0.0,0.0,0.0,0.0,0.0
4273,2023.0,1.0,30.0,16.0,16.676626,17.106205,16.915253,16.777294,16.694075,16.96016,15.753507,15.638183,15.010491,15.129933,15.079563,14.92799,17.03401,16.593927,16.201727,15.845373,15.955218,16.719357,0.0,4.0,0.0,0.0,0.0,0.0,0.0,4.0
4274,2023.0,1.0,30.0,16.0,16.213144,16.114752,17.049984,17.301565,16.028522,15.723401,15.667642,15.5535555,15.490657,16.033169,14.998569,14.865747,17.678638,17.931915,17.08946,17.662878,20.019659,23.499449,4.0,0.0,0.0,4.0,0.0,4.0,4.0,0.0
4275,2023.0,1.0,30.0,16.0,16.588867,17.030403,20.262907,23.084393,16.33723,16.520393,15.587252,15.472111,20.38164,24.397781,15.008743,14.945383,17.904352,18.172485,17.414547,17.988216,17.629166,18.259914,4.0,4.0,0.0,4.0,0.0,4.0,4.0,4.0
4276,2023.0,1.0,30.0,16.0,16.774605,17.251322,20.044493,22.318586,16.535336,16.79183,15.5123825,15.396338,20.050571,23.19362,15.264451,15.4666815,17.917784,18.178509,16.47097,16.175207,20.35421,23.681704,4.0,4.0,0.0,0.0,4.0,4.0,0.0,0.0
4277,2023.0,1.0,30.0,16.0,16.77718,17.246902,20.562325,22.787113,16.531794,16.785471,15.443714,15.326138,17.084139,17.095835,20.270044,23.729948,17.175512,16.776371,16.005571,15.634459,17.274885,17.301098,4.0,4.0,0.0,0.0,0.0,0.0,0.0,0.0
4278,2023.0,1.0,30.0,17.0,16.770302,17.233421,19.935778,21.63371,16.512062,16.759933,15.381346,15.26132,15.629109,15.252033,17.577276,18.126879,16.808912,16.346445,16.900883,17.46294,15.769064,15.422606,0.0,4.0,0.0,0.0,0.0,0.0,4.0,0.0
4279,2023.0,1.0,30.0,17.0,16.744513,17.189028,17.934189,17.802307,16.481667,16.717245,16.054417,16.57143,16.219902,16.707544,15.868249,15.768465,16.665348,16.193447,16.22804,15.920611,15.549829,15.373409,0.0,4.0,4.0,4.0,0.0,0.0,0.0,0.0
4280,2023.0,1.0,30.0,17.0,16.039747,15.885311,17.702007,17.849865,15.783553,15.431892,15.647988,15.684107,20.09474,23.313612,15.55507,15.389159,16.557877,16.078344,15.873537,15.472212,15.415561,15.26408,4.0,0.0,0.0,0.0,0.0,0.0,0.0,0.0
4281,2023.0,1.0,30.0,17.0,16.383991,16.76001,20.235233,22.517277,15.380991,14.910254,15.730831,15.957932,17.236938,17.2799,15.344124,15.168289,17.557325,18.092838,15.701519,15.296023,15.235102,15.090578,4.0,0.0,4.0,0.0,0.0,4.0,0.0,0.0
4282,2023.0,1.0,30.0,17.0,16.555477,16.964798,20.051046,21.960567,15.9239,16.047617,15.836622,16.080055,15.609545,15.184945,15.172785,14.995803,16.857626,16.448189,15.557399,15.146507,15.067202,14.9240885,4.0,4.0,4.0,0.0,0.0,0.0,0.0,0.0
4283,2023.0,1.0,30.0,17.0,16.555616,16.961802,20.082602,21.904459,15.4534025,15.049099,15.837086,16.066137,16.239897,16.738636,15.028311,14.851254,16.418411,15.919628,15.666007,15.484564,15.005363,14.9389515,4.0,0.0,4.0,4.0,0.0,0.0,0.0,0.0
4284,2023.0,1.0,30.0,18.0,16.533106,16.922245,20.078485,21.814713,15.800339,15.901987,15.193912,14.86848,20.162912,23.398666,15.280723,15.428567,16.281975,15.770599,16.706757,17.451143,15.012906,15.0288515,4.0,4.0,0.0,0.0,4.0,0.0,4.0,0.0
4285,2023.0,1.0,30.0,18.0,21.012175,24.652184,20.078829,21.75495,20.872778,24.663406,19.854979,23.1891,17.127886,17.040134,20.012234,23.229218,20.765604,23.592474,20.663055,24.046423,15.012885,15.083758,4.0,4.0,0.0,0.0,0.0,0.0,0.0,0.0
4286,2023.0,1.0,30.0,18.0,21.051422,24.210499,20.094646,21.750196,21.054573,24.366055,20.573374,23.871977,15.524772,15.016217,17.417479,17.845776,21.681692,24.866758,21.133638,24.345852,15.013304,15.12376,0.0,4.0,0.0,0.0,0.0,4.0,0.0,0.0
4287,2023.0,1.0,30.0,18.0,21.120768,24.01498,18.02224,17.742733,21.104467,24.034737,21.158215,24.506697,15.423237,15.191167,15.755821,15.592788,21.807919,24.670574,21.99121,25.428816,15.013595,15.150167,0.0,4.0,0.0,0.0,0.0,4.0,0.0,0.0
4288,2023.0,1.0,30.0,18.0,21.083504,23.6788,17.56129,17.664728,21.095036,23.727278,21.09097,24.054089,15.336064,15.141238,15.76801,15.87512,20.998892,22.90315,22.044033,25.142504,15.013764,15.167391,4.0,4.0,0.0,0.0,4.0,4.0,4.0,0.0
4289,2023.0,1.0,30.0,18.0,21.148912,23.639793,20.248137,22.572905,21.147766,23.62878,21.147125,23.946957,16.012924,16.568779,20.451761,23.748846,21.128561,23.02692,21.00151,23.012209,15.766554,16.29547,0.0,4.0,0.0,4.0,4.0,0.0,0.0,0.0
4290,2023.0,1.0,30.0,19.0,21.08475,23.385494,18.570482,19.054863,21.114391,23.429068,21.094048,23.679966,21.523684,25.906351,20.036753,22.689356,21.088476,22.822407,21.121931,23.16979,15.731862,16.426752,4.0,0.0,0.0,4.0,4.0,0.0,0.0,4.0
4291,2023.0,1.0,30.0,19.0,22.314243,25.334694,20.241098,22.482773,21.197264,23.347013,21.069288,23.492558,20.613043,23.66046,20.124228,22.543585,21.616106,23.626984,21.096027,23.04818,19.835358,23.380455,0.0,4.0,4.0,0.0,0.0,0.0,0.0,0.0
4292,2023.0,1.0,30.0,19.0,20.908304,22.712536,18.15476,18.171059,21.028267,22.988285,21.071823,23.41009,17.436237,17.219807,17.70618,17.645344,20.991697,22.43551,21.039711,22.890638,17.17611,17.61063,4.0,0.0,4.0,0.0,4.0,0.0,4.0,4.0
4293,2023.0,1.0,30.0,19.0,21.190186,23.28187,20.26115,22.498453,21.165186,23.19113,21.161358,23.487167,15.825596,15.211944,20.390116,22.890167,21.232546,22.909044,22.56017,25.434132,21.491276,25.444565,4.0,4.0,0.0,0.0,4.0,0.0,0.0,4.0
4294,2023.0,1.0,30.0,19.0,21.07002,22.997826,20.043413,21.846174,21.08349,22.983566,21.10906,23.282629,16.558683,17.03088,20.063147,22.174503,21.03541,22.480017,23.171152,26.327415,21.754091,25.596043,4.0,4.0,0.0,4.0,0.0,4.0,0.0,4.0
4295,2023.0,1.0,30.0,19.0,21.076138,22.988901,20.103256,21.841854,21.108131,23.014477,21.10882,23.201725,20.25241,23.263927,17.4924,17.078892,21.09164,22.560282,22.02547,23.971123,19.898182,21.932486,0.0,0.0,0.0,0.0,0.0,0.0,0.0,4.0
4296,2023.0,1.0,30.0,20.0,21.102806,23.039333,17.903303,17.535028,21.102325,22.963808,21.081743,23.135653,17.243511,17.006227,16.444221,16.103811,21.084234,22.499582,21.078186,22.5387,20.136158,22.33221,0.0,0.0,0.0,0.0,0.0,0.0,0.0,0.0
4297,2023.0,1.0,30.0,20.0,21.097425,23.000149,16.988697,16.636402,21.077877,22.861008,21.060425,23.057678,16.40052,16.440659,16.213202,15.920717,21.084574,22.462337,21.073349,22.6207,17.453962,17.08264,0.0,4.0,4.0,4.0,0.0,0.0,0.0,0.0
4298,2023.0,1.0,30.0,20.0,21.07184,22.902859,17.19739,17.265606,21.0823,22.84483,21.088705,23.122261,20.429842,23.320322,15.939963,15.656939,21.061306,22.429832,21.035505,22.573908,16.083263,15.451758,4.0,4.0,0.0,0.0,0.0,0.0,4.0,0.0
4299,2023.0,1.0,30.0,20.0,21.164375,23.086435,20.25793,22.770374,21.165852,23.009335,21.156723,23.170988,17.30331,17.020706,15.689068,15.40498,21.13088,22.572577,21.193415,22.916134,16.590282,16.834389,4.0,0.0,4.0,0.0,0.0,0.0,0.0,4.0
4300,2023.0,1.0,30.0,20.0,21.163208,23.039984,20.051714,22.04303,21.10042,22.850603,21.087025,22.9839,16.079779,15.804387,15.472422,15.192324,21.159761,22.609526,21.053528,22.598461,20.47236,23.414963,4.0,0.0,4.0,0.0,0.0,4.0,4.0,0.0
4301,2023.0,1.0,30.0,20.0,22.03289,24.576372,20.107492,21.973158,21.100698,22.825941,21.086128,22.945648,15.844436,15.587327,15.282264,14.996781,22.061031,24.139282,21.062225,22.613297,17.897318,18.151176,0.0,0.0,4.0,0.0,0.0,0.0,4.0,4.0
4302,2023.0,1.0,30.0,21.0,20.938725,22.444386,18.088219,17.950712,21.073406,22.80163,21.085983,22.914734,15.616486,15.36761,15.119685,14.837111,20.96495,22.045033,21.100246,22.712355,20.459671,23.17297,4.0,0.0,4.0,0.0,0.0,0.0,0.0,0.0
4303,2023.0,1.0,30.0,21.0,22.385786,24.939314,20.240786,22.370298,21.164995,22.99895,21.161137,23.038578,16.174665,16.590746,14.997452,14.745234,21.85186,23.512117,21.188099,22.846867,17.343676,16.974327,0.0,0.0,4.0,4.0,0.0,4.0,4.0,0.0
4304,2023.0,1.0,30.0,21.0,20.901178,22.243696,17.784658,17.383137,21.07578,22.824022,21.10895,22.928288,20.357199,23.478237,15.013837,14.857511,20.942362,21.870304,21.100157,22.68627,15.852968,15.200512,0.0,0.0,0.0,0.0,0.0,0.0,0.0,0.0
4305,2023.0,1.0,30.0,21.0,21.099577,22.692371,17.212488,17.221224,21.075901,22.825605,21.079424,22.826748,17.078157,16.791447,15.012128,14.914004,21.066967,22.138275,21.053236,22.551647,15.790841,15.5100355,4.0,0.0,4.0,0.0,0.0,4.0,4.0,0.0
4306,2023.0,1.0,30.0,21.0,21.160875,22.86752,20.258417,22.718794,21.159443,22.990257,21.162952,22.996964,15.410153,14.732511,15.013494,14.961305,21.128025,22.285942,21.266502,22.998192,15.674968,15.430532,0.0,0.0,0.0,0.0,0.0,4.0,0.0,0.0
4307,2023.0,1.0,30.0,21.0,21.067474,22.67066,18.451752,18.888145,21.075268,22.814775,21.078506,22.789232,15.398746,15.096526,15.013658,14.994942,21.085363,22.230324,21.052364,22.525408,15.470152,15.225565,4.0,0.0,4.0,0.0,0.0,0.0,4.0,0.0
4308,2023.0,1.0,30.0,22.0,22.31851,24.754927,20.251762,22.467417,21.146189,22.950714,21.153088,22.945778,15.343165,15.075833,15.014554,15.021992,21.923033,23.619844,21.172468,22.786661,16.255106,16.868586,4.0,0.0,0.0,0.0,0.0,0.0,0.0,4.0
4309,2023.0,1.0,30.0,22.0,21.59112,23.376005,20.066305,21.903889,21.07207,22.794838,21.075531,22.755146,15.184358,14.921112,14.999396,15.002787,21.605066,22.926237,21.0879,22.602703,20.403715,23.680433,0.0,0.0,4.0,0.0,4.0,4.0,0.0,0.0
4310,2023.0,1.0,30.0,22.0,21.573483,23.056492,17.690952,17.219696,21.555092,23.528837,21.46893,23.361933,15.627559,15.881369,20.295067,23.817957,21.591036,22.809162,21.930006,23.775421,17.551687,17.75546,0.0,0.0,4.0,4.0,4.0,0.0,0.0,4.0
4311,2023.0,1.0,30.0,22.0,21.08172,22.510075,16.779375,16.374434,20.939457,22.393091,20.981977,22.46181,20.778273,24.4353,20.002344,22.964054,20.94678,21.722757,20.918886,22.079355,20.9339,24.1471,0.0,0.0,0.0,0.0,4.0,0.0,4.0,0.0
4312,2023.0,1.0,30.0,22.0,21.091448,22.58228,16.593246,16.236994,21.093403,22.732714,21.115963,22.742395,17.596933,17.843765,20.094969,22.762499,21.0625,21.991714,21.130123,22.560318,17.462849,17.13793,0.0,0.0,0.0,0.0,4.0,4.0,0.0,0.0
4313,2023.0,1.0,30.0,22.0,21.038118,22.537834,16.360407,15.999166,21.070028,22.701908,21.097462,22.706524,16.48716,16.773659,20.12219,22.4987,21.081678,22.08951,21.084167,22.487852,15.761185,15.0985985,0.0,0.0,0.0,4.0,0.0,0.0,0.0,0.0
4314,2023.0,1.0,30.0,23.0,21.07344,22.616213,16.169909,15.814026,21.073229,22.715145,21.072565,22.70863,20.41209,23.404081,17.304121,16.861792,21.077847,22.099794,21.090168,22.506361,15.701037,15.413076,0.0,0.0,0.0,4.0,0.0,0.0,0.0,0.0
4315,2023.0,1.0,30.0,23.0,19.461443,19.536444,15.999533,15.643509,19.315077,19.346453,19.28134,19.309908,17.187923,16.90588,16.166203,15.781421,19.195606,18.500917,19.346193,19.198694,15.59982,15.349282,0.0,0.0,0.0,0.0,0.0,0.0,0.0,0.0
4316,2023.0,1.0,30.0,23.0,18.169575,17.48482,15.873071,15.513466,18.408533,18.044106,18.364166,18.017334,15.932751,15.183853,16.27562,16.206831,18.904192,18.460072,18.621517,18.288439,15.439769,15.18836,0.0,0.0,0.0,0.0,4.0,0.0,0.0,0.0
4317,2023.0,1.0,30.0,23.0,17.629002,16.874659,15.755945,15.399122,18.017357,17.62452,17.953661,17.583591,15.54372,14.802004,15.9100895,15.629013,18.759144,18.389685,19.299393,19.891077,15.286285,15.036437,0.0,0.0,0.0,0.0,0.0,0.0,4.0,0.0
4318,2023.0,1.0,30.0,23.0,17.29461,16.55046,15.647486,15.291673,17.729084,17.3351,17.644758,17.274233,15.627299,15.281043,15.610995,15.293257,18.54396,18.185743,18.844084,18.953417,15.146251,14.895422,0.0,0.0,0.0,0.0,0.0,0.0,4.0,0.0
4319,2023.0,1.0,30.0,23.0,17.483248,17.215542,15.548426,15.196583,17.493319,17.1066,17.390467,17.028261,15.546404,15.2629,15.406992,15.08718,18.345982,17.987427,17.759314,17.112362,15.019656,14.770692,0.0,0.0,0.0,0.0,0.0,0.0,0.0,0.0
4320,2023.0,1.0,31.0,0.0,17.41937,17.228186,15.449033,15.094415,17.273891,16.880476,17.153408,16.78421,15.383529,15.105204,15.219494,14.891837,18.159218,17.793493,17.205715,16.44022,15.013538,14.855784,0.0,0.0,0.0,0.0,0.0,0.0,0.0,0.0
4321,2023.0,1.0,31.0,0.0,18.007349,18.49741,15.356677,15.013416,17.07314,16.700684,16.93647,16.58964,15.214397,14.941418,15.327297,15.259144,17.984125,17.631231,17.929132,18.125208,15.548977,15.936476,0.0,0.0,0.0,0.0,4.0,0.0,4.0,4.0
4322,2023.0,1.0,31.0,0.0,17.040852,16.594025,15.27814,14.938607,16.914515,16.546858,16.766403,16.424032,15.079963,14.806873,15.057299,14.788172,17.845797,17.4937,17.051006,16.38995,14.986177,14.888804,0.0,0.0,0.0,0.0,0.0,0.0,0.0,0.0
4323,2023.0,1.0,31.0,0.0,16.391788,15.742756,15.19212,14.856419,16.74304,16.380665,16.582548,16.245178,15.51973,15.760831,15.025765,14.901654,17.69682,17.345104,16.506472,15.808971,15.043815,15.048019,0.0,0.0,0.0,4.0,0.0,0.0,0.0,0.0
4324,2023.0,1.0,31.0,0.0,16.156267,15.507107,15.112564,14.78143,16.58936,16.234127,16.418726,16.088125,15.117126,14.885295,15.014234,14.946261,17.563951,17.214693,16.278965,15.594849,15.140703,15.223505,0.0,0.0,0.0,0.0,0.0,0.0,0.0,4.0
4325,2023.0,1.0,31.0,0.0,16.43533,16.24527,15.037554,14.709766,16.449184,16.09903,16.270489,15.944219,15.017564,14.91574,15.017521,15.001048,17.443779,17.09539,16.465797,16.168432,15.002587,15.000319,0.0,0.0,0.0,0.0,0.0,0.0,0.0,0.0
4326,2023.0,1.0,31.0,1.0,16.463896,16.316952,15.002043,14.709677,16.317497,15.967179,16.131907,15.804547,15.017821,14.981403,15.02652,15.060923,17.333733,16.984135,16.437712,16.141031,15.048665,15.114642,0.0,0.0,0.0,0.0,0.0,0.0,0.0,0.0
4327,2023.0,1.0,31.0,1.0,16.392977,16.262495,15.005865,14.765224,16.210506,15.873598,16.01978,15.7055235,15.343403,15.620497,15.014343,15.059768,17.240753,16.89663,16.336336,16.045017,15.007678,15.066871,0.0,0.0,0.0,4.0,0.0,0.0,0.0,0.0
4328,2023.0,1.0,31.0,1.0,16.308428,16.181108,15.006064,14.805979,16.106571,15.77601,15.911179,15.602629,14.954948,14.864541,15.017594,15.089446,17.152658,16.81015,16.233889,15.944936,15.01692,15.11523,0.0,0.0,0.0,0.0,0.0,0.0,0.0,0.0
4329,2023.0,1.0,31.0,1.0,16.221272,16.093271,15.009816,14.850592,16.005198,15.675431,15.806153,15.497911,15.004827,14.973891,15.006253,15.074847,17.070223,16.727762,16.134935,15.845616,15.0279255,15.163484,0.0,0.0,0.0,4.0,4.0,0.0,0.0,0.0
4330,2023.0,1.0,31.0,1.0,16.141857,16.016804,15.011847,14.882288,15.915887,15.592184,15.713998,15.4113035,15.051408,15.102469,15.033628,15.16567,16.996178,16.65584,16.044815,15.757833,15.029845,15.1809635,0.0,0.0,0.0,0.0,0.0,0.0,0.0,0.0
4331,2023.0,1.0,31.0,1.0,16.064316,15.940194,15.013532,14.910958,15.832327,15.514335,15.628157,15.330639,15.050853,15.092933,15.035259,15.168825,16.92717,16.588867,15.960302,15.675569,15.03108,15.198875,0.0,0.0,0.0,0.0,0.0,0.0,0.0,0.0
4332,2023.0,1.0,31.0,2.0,15.989067,15.865181,15.0146675,14.936084,15.753617,15.441013,15.547658,15.254991,15.024808,15.081276,15.035612,15.180785,16.862482,16.52615,15.880665,15.598107,15.031477,15.212901,0.0,0.0,0.0,0.0,0.0,0.0,0.0,0.0
4333,2023.0,1.0,31.0,2.0,15.92464,15.808984,15.015901,14.959734,15.680843,15.37509,15.473506,15.18713,15.027245,15.119495,15.036336,15.191507,16.803,16.470036,15.806601,15.5274315,15.032116,15.226491,0.0,0.0,0.0,0.0,0.0,0.0,0.0,0.0
4334,2023.0,1.0,31.0,2.0,15.859937,15.747177,15.017107,14.981758,15.612184,15.312979,15.4038315,15.1234455,15.028324,15.140783,15.036967,15.201383,16.747404,16.417757,15.736928,15.461087,15.03384,15.240941,0.0,0.0,0.0,0.0,0.0,0.0,0.0,0.0
4335,2023.0,1.0,31.0,2.0,15.799761,15.692552,15.017732,15.001456,15.546872,15.253946,15.33782,15.063157,15.030173,15.161703,15.03681,15.209109,16.695074,16.368713,15.671016,15.39846,15.034496,15.253976,0.0,0.0,0.0,0.0,0.0,0.0,0.0,0.0
4336,2023.0,1.0,31.0,2.0,15.743255,15.642153,15.019089,15.021726,15.484472,15.197578,15.274977,15.005799,15.031517,15.178248,15.037326,15.217812,16.645641,16.322542,15.608468,15.339167,15.035542,15.266781,0.0,0.0,0.0,0.0,0.0,0.0,0.0,0.0
4337,2023.0,1.0,31.0,2.0,15.6908,15.597192,15.019564,15.039216,15.424636,15.143548,15.214912,14.95101,15.032047,15.191326,15.037434,15.224988,16.598791,16.278934,15.548943,15.2828665,15.036101,15.277835,0.0,0.0,0.0,0.0,0.0,0.0,0.0,0.0
4338,2023.0,1.0,31.0,3.0,15.635061,15.542961,15.020943,15.057963,15.367075,15.091586,15.157308,14.898487,15.03239,15.202693,15.0383215,15.2337265,16.554235,16.237604,15.49213,15.229256,15.037244,15.289586,0.0,0.0,0.0,0.0,0.0,0.0,0.0,0.0
4339,2023.0,1.0,31.0,3.0,15.584157,15.497904,15.02152,15.074337,15.312914,15.044201,15.103237,14.850675,15.03255,15.212682,15.038786,15.241026,16.512972,16.20081,15.438826,15.180203,15.037925,15.299776,0.0,0.0,0.0,0.0,0.0,0.0,0.0,0.0
4340,2023.0,1.0,31.0,3.0,15.536557,15.456866,15.021922,15.090077,15.260946,14.998804,15.051485,14.804995,15.033601,15.223636,15.038698,15.247161,16.473923,16.166185,15.388086,15.133664,15.037131,15.306908,0.0,0.0,0.0,0.0,0.0,0.0,0.0,0.0
4341,2023.0,1.0,31.0,3.0,15.498356,15.432537,15.010175,15.082514,15.212301,14.958088,15.003118,14.7640295,15.205286,15.531636,15.017111,15.21495,16.437136,16.134302,15.340081,15.090447,15.017088,15.279702,0.0,0.0,0.0,4.0,0.0,0.0,0.0,0.0
4342,2023.0,1.0,31.0,3.0,15.462404,15.407743,15.012333,15.101896,15.163543,14.91533,15.004812,14.813416,14.983761,15.134128,15.02127,15.231073,16.40108,16.10234,15.293249,15.047642,15.020289,15.296219,0.0,0.0,0.0,0.0,0.0,0.0,0.0,0.0
4343,2023.0,1.0,31.0,3.0,15.417975,15.365699,15.023061,15.138461,15.115082,14.871589,15.004889,14.852999,15.0343685,15.254473,15.039547,15.274992,16.36638,16.071695,15.247685,15.005602,15.039669,15.344605,0.0,0.0,0.0,0.0,0.0,0.0,0.0,0.0
4344,2023.0,1.0,31.0,4.0,15.3709135,15.318919,15.023483,15.148119,15.069238,14.831655,15.006947,14.887239,15.206494,15.5541115,15.039344,15.273732,16.33323,16.042826,15.204125,14.966077,15.039164,15.344768,0.0,0.0,0.0,4.0,0.0,0.0,0.0,0.0
4345,2023.0,1.0,31.0,4.0,15.325711,15.27558,15.010997,15.136816,15.024097,14.791756,15.005172,14.90902,14.999666,15.158525,15.017119,15.239266,16.300005,16.012756,15.161175,14.926345,15.01709,15.312503,0.0,0.0,0.0,0.0,0.0,0.0,0.0,0.0
4346,2023.0,1.0,31.0,4.0,15.281044,15.232561,15.024855,15.177834,15.001837,14.795415,15.009997,14.946162,15.059277,15.283047,15.039796,15.291575,16.266096,15.981092,15.117694,14.884876,15.039238,15.366087,0.0,0.0,0.0,0.0,0.0,0.0,0.0,0.0
4347,2023.0,1.0,31.0,4.0,15.238502,15.192812,15.025657,15.186038,15.004021,14.837848,15.011462,14.97072,15.033589,15.237324,15.039694,15.289481,16.23309,15.95074,15.075472,14.845224,15.0398855,15.367618,0.0,0.0,0.0,0.0,0.0,0.0,0.0,0.0
4348,2023.0,1.0,31.0,4.0,15.202385,15.164991,15.026178,15.197394,15.00572,14.870401,15.012529,14.99386,15.0358305,15.265407,15.039806,15.294678,16.200388,15.920658,15.033946,14.80623,15.040304,15.375068,0.0,0.0,0.0,0.0,0.0,0.0,0.0,0.0
4349,2023.0,1.0,31.0,4.0,15.159745,15.12164,15.026648,15.20806,15.00742,14.900236,15.013353,15.015283,15.035856,15.276987,15.01353,15.2293415,16.168015,15.890873,15.000271,14.781701,15.040752,15.3820305,0.0,0.0,0.0,0.0,4.0,0.0,0.0,0.0
4350,2023.0,1.0,31.0,5.0,15.133116,15.111499,15.012028,15.191072,15.005461,14.918712,15.007265,15.021545,15.016381,15.253047,15.024209,15.282633,16.135977,15.86147,15.005615,14.823884,15.281334,15.81515,0.0,0.0,0.0,0.0,0.0,0.0,0.0,4.0
4351,2023.0,1.0,31.0,5.0,15.092726,15.068647,15.015507,15.208328,15.006156,14.942586,15.008782,15.04244,15.164822,15.520903,15.020187,15.28067,16.101294,15.826823,15.005179,14.84685,14.972628,15.247445,0.0,0.0,0.0,4.0,0.0,0.0,0.0,0.0
4352,2023.0,1.0,31.0,5.0,15.04932,15.022499,15.028681,15.245216,15.011658,14.976509,15.017035,15.077556,15.035077,15.268069,15.041907,15.329192,16.067072,15.793603,15.006888,14.874512,15.004848,15.275542,0.0,0.0,0.0,0.0,0.0,0.0,0.0,4.0
4353,2023.0,1.0,31.0,5.0,15.003589,14.971983,15.029274,15.250395,15.012706,14.995832,15.01822,15.092882,15.038133,15.319716,15.041927,15.32616,16.032393,15.759431,15.007685,14.893497,15.004318,15.28036,0.0,0.0,0.0,0.0,0.0,0.0,0.0,4.0
4354,2023.0,1.0,31.0,5.0,15.001997,15.007701,15.029587,15.259129,15.014064,15.016251,15.018621,15.107368,15.038307,15.3246,15.042069,15.330633,15.997174,15.724693,15.009855,14.914974,15.065099,15.443192,0.0,0.0,0.0,0.0,0.0,0.0,0.0,0.0
4355,2023.0,1.0,31.0,5.0,15.004106,15.037898,15.030413,15.268391,15.015278,15.035215,15.019101,15.121384,15.039387,15.335053,15.042365,15.335297,15.961611,15.6895895,15.0107,14.932104,15.063474,15.414873,0.0,0.0,0.0,0.0,0.0,0.0,0.0,0.0
4356,2023.0,1.0,31.0,6.0,15.006256,15.064245,15.031044,15.277032,15.016488,15.053463,15.020392,15.136588,15.136718,15.49794,15.04288,15.340865,15.925807,15.654226,15.011283,14.948432,15.062324,15.410217,0.0,0.0,0.0,4.0,0.0,0.0,0.0,0.0
4357,2023.0,1.0,31.0,6.0,20.277205,24.268085,15.014765,15.255052,20.238607,24.153149,19.950167,23.591787,19.91426,23.665184,15.019957,15.304794,20.973116,24.204685,20.584473,24.34118,15.017742,15.349834,0.0,0.0,0.0,4.0,0.0,4.0,0.0,0.0
4358,2023.0,1.0,31.0,6.0,20.852133,24.660532,15.017156,15.267948,20.878798,24.6568,20.893293,24.722244,20.052835,23.338585,15.02284,15.3155155,20.902107,23.848074,21.104218,24.868872,15.022487,15.371029,0.0,0.0,0.0,4.0,0.0,0.0,0.0,0.0
4359,2023.0,1.0,31.0,6.0,21.14014,24.692326,15.017025,15.274814,21.139019,24.630035,21.140835,24.68787,20.104733,23.023996,15.022392,15.317252,20.58179,22.892141,21.748396,25.544312,15.021173,15.371481,0.0,0.0,0.0,4.0,0.0,0.0,0.0,0.0
4360,2023.0,1.0,31.0,6.0,21.096733,24.267323,15.01743,15.28216,21.100145,24.20828,21.103449,24.281048,20.120575,22.783014,15.022586,15.319138,21.590576,24.368385,22.34105,26.14304,15.227807,15.730261,0.0,0.0,0.0,0.0,0.0,4.0,0.0,4.0
4361,2023.0,1.0,31.0,6.0,21.09966,24.03735,15.039602,15.305069,21.102562,23.972517,21.083838,23.991985,17.168232,16.89018,15.006919,15.275472,21.73806,24.297531,20.932503,23.315645,20.004406,23.95318,4.0,0.0,4.0,0.0,4.0,4.0,0.0,0.0
4362,2023.0,1.0,31.0,7.0,21.072695,23.796108,19.602959,23.149807,21.099342,23.791273,21.106136,23.889454,16.63454,16.914066,19.920904,23.632805,20.985603,22.759129,22.487572,25.854223,16.451797,16.376062,0.0,0.0,0.0,4.0,4.0,4.0,0.0,0.0
4363,2023.0,1.0,31.0,7.0,21.09968,23.748505,17.292934,18.015287,21.09686,23.655146,21.077036,23.684874,21.261446,24.977982,20.034594,23.332745,21.109474,22.93626,20.884266,22.839483,15.675711,16.069365,4.0,0.0,4.0,0.0,4.0,0.0,0.0,4.0
4364,2023.0,1.0,31.0,7.0,21.61052,24.441948,20.238249,23.739073,22.068499,25.119724,21.57101,24.377449,18.146652,18.38346,20.097631,23.03997,22.323034,24.965982,22.035048,24.855564,21.039146,25.081444,4.0,0.0,0.0,4.0,4.0,4.0,4.0,4.0
4365,2023.0,1.0,31.0,7.0,22.066475,25.039856,20.04874,22.918528,21.638115,24.244102,21.600073,24.27365,21.46858,24.838398,20.111147,22.716785,21.78411,23.748514,22.175714,24.824572,21.011312,24.706884,4.0,4.0,0.0,4.0,4.0,4.0,4.0,4.0
4366,2023.0,1.0,31.0,7.0,21.656593,24.24166,20.216833,22.945618,21.948435,24.785631,21.971153,24.802496,20.598257,23.272099,20.11593,22.489971,22.146414,24.356197,22.199974,24.852499,20.340036,23.219519,4.0,4.0,4.0,0.0,0.0,4.0,0.0,0.0
4367,2023.0,1.0,31.0,7.0,22.228949,25.067417,20.10101,22.493694,22.227297,24.977106,21.710936,24.19083,17.43607,17.06755,17.670017,17.595583,21.667692,23.294752,22.30826,24.874817,17.136494,16.863092,4.0,4.0,0.0,0.0,4.0,4.0,0.0,0.0
4368,2023.0,1.0,31.0,8.0,21.77352,24.21788,20.099548,22.335043,21.44442,23.634071,21.61213,24.099335,16.112427,15.475339,20.345741,22.828377,21.943907,23.881489,21.4322,23.363173,15.711163,15.157556,4.0,4.0,4.0,0.0,4.0,0.0,4.0,0.0
4369,2023.0,1.0,31.0,8.0,19.5335,19.809385,20.09604,22.210724,19.112968,19.19891,18.54809,18.238043,16.744448,17.114876,20.065672,22.234175,20.01736,20.059822,18.710905,18.267294,16.203255,16.492271,4.0,4.0,0.0,4.0,0.0,4.0,0.0,4.0
4370,2023.0,1.0,31.0,8.0,18.432737,18.572262,20.093515,22.116144,18.125021,18.035627,17.111254,16.441113,20.43558,23.309204,17.778656,17.67832,18.489328,17.836466,18.551422,18.810162,20.468237,23.709625,4.0,4.0,0.0,4.0,4.0,0.0,4.0,0.0
4371,2023.0,1.0,31.0,8.0,18.083014,18.245466,20.1523,22.16444,17.7617,17.686295,17.626453,17.902233,21.028624,24.024649,20.373127,22.778412,17.887,17.182108,17.648075,17.186281,17.146774,17.013042,4.0,4.0,4.0,4.0,0.0,0.0,0.0,0.0
4372,2023.0,1.0,31.0,8.0,17.835587,18.02638,20.106197,22.027826,17.50985,17.46326,16.77762,16.270657,19.94319,21.836182,18.049929,18.212954,18.340054,18.346289,16.938963,16.375278,15.576438,15.109223,0.0,4.0,0.0,0.0,0.0,4.0,0.0,0.0
4373,2023.0,1.0,31.0,8.0,16.956276,16.580027,17.824303,17.61797,17.307331,17.288147,16.104029,15.462685,17.593483,17.278967,16.672058,16.450474,18.437414,18.502548,16.569473,16.013,15.393607,15.154017,0.0,4.0,0.0,0.0,0.0,4.0,0.0,0.0
4374,2023.0,1.0,31.0,9.0,17.27944,17.464586,17.049728,16.712486,16.503521,15.923626,15.853987,15.213639,16.60561,15.97835,16.308895,16.035666,17.671055,17.13447,16.612469,16.33877,15.270001,15.068386,0.0,0.0,0.0,0.0,0.0,0.0,0.0,0.0
4375,2023.0,1.0,31.0,9.0,16.587822,16.228481,16.755116,16.467022,16.109247,15.460118,15.968185,15.661229,16.506681,16.18865,16.057993,15.788505,18.076658,18.15714,16.520634,16.29225,15.112592,14.923076,0.0,0.0,0.0,0.0,0.0,4.0,0.0,0.0
4376,2023.0,1.0,31.0,9.0,16.230751,15.802802,16.474573,16.197382,15.894199,15.264499,15.920889,15.683458,16.327885,16.06721,15.8502035,15.59048,17.379843,16.814272,16.384193,16.167913,14.997634,14.846907,0.0,0.0,0.0,0.0,0.0,0.0,0.0,0.0
4377,2023.0,1.0,31.0,9.0,16.781063,17.046114,16.66853,16.818909,15.997356,15.6988325,15.785157,15.562009,16.078781,15.836092,15.635657,15.388541,16.980156,16.389353,16.235548,16.029118,15.014985,14.98986,4.0,0.0,0.0,0.0,0.0,0.0,0.0,0.0
4378,2023.0,1.0,31.0,9.0,16.20876,15.917438,20.208122,23.14645,15.967,15.730306,15.65606,15.445614,15.85744,15.630061,15.445078,15.207656,16.814043,16.23884,16.102524,15.906641,15.013548,15.060753,4.0,0.0,0.0,0.0,0.0,0.0,0.0,0.0
4379,2023.0,1.0,31.0,9.0,15.799588,15.426173,20.049759,22.474129,15.8464985,15.621085,15.53194,15.326182,15.656201,15.4324,15.2734785,15.039293,16.977867,16.71402,15.97761,15.78455,15.015843,15.118121,0.0,0.0,0.0,0.0,0.0,0.0,0.0,0.0
4380,2023.0,1.0,31.0,10.0,16.39257,16.691113,17.58567,17.523132,15.737771,15.527184,15.429591,15.237595,15.49832,15.2922945,15.1430855,14.925722,16.985815,16.752829,15.872387,15.68571,15.0145035,15.155922,0.0,0.0,0.0,0.0,0.0,0.0,0.0,0.0
4381,2023.0,1.0,31.0,10.0,15.889965,15.645417,16.445452,16.228851,15.637963,15.439798,16.093294,16.576141,15.358367,15.164161,15.027806,14.822935,16.923203,16.697176,15.777436,15.597294,15.015118,15.186899,0.0,0.0,4.0,0.0,0.0,0.0,0.0,0.0
4382,2023.0,1.0,31.0,10.0,15.555696,15.255828,16.158792,15.950058,15.551346,15.366738,15.68473,15.653939,15.239818,15.057782,15.007677,14.879365,16.86178,16.6441,15.696235,15.523621,15.014712,15.2086735,0.0,0.0,0.0,0.0,0.0,0.0,0.0,0.0
4383,2023.0,1.0,31.0,10.0,15.434802,15.154037,15.930886,15.735889,15.474835,15.304241,15.803899,16.037506,15.13898,14.969558,15.263938,15.417618,17.589731,18.07543,15.626055,15.46158,15.014807,15.225826,0.0,0.0,4.0,0.0,4.0,4.0,0.0,0.0
4384,2023.0,1.0,31.0,10.0,15.575486,15.545918,16.206484,16.426403,15.406911,15.249856,15.238293,14.935545,15.052202,14.894389,19.885273,22.964937,17.629356,17.896572,16.61003,17.373573,15.014895,15.238803,4.0,0.0,0.0,0.0,0.0,4.0,4.0,0.0
4385,2023.0,1.0,31.0,10.0,15.625687,15.660694,20.20469,23.50665,16.081795,16.578356,15.269276,14.8405075,15.000849,14.87642,17.518042,18.009024,17.622501,17.888302,15.847348,15.585391,15.015083,15.252241,0.0,4.0,0.0,0.0,0.0,4.0,0.0,0.0
4386,2023.0,1.0,31.0,11.0,15.59005,15.641913,17.826548,18.372679,15.753205,15.787238,14.998002,14.680653,15.006748,14.939106,15.8694,15.757967,16.917656,16.539618,15.393746,15.05772,15.01478,15.262117,0.0,0.0,0.0,0.0,0.0,0.0,0.0,0.0
4387,2023.0,1.0,31.0,11.0,15.542296,15.601764,16.307178,16.293196,15.185377,14.865619,15.069105,14.922119,15.006803,14.975678,15.531216,15.3688755,16.586979,16.1528,16.372677,17.010048,15.014982,15.271355,0.0,0.0,0.0,0.0,0.0,0.0,4.0,0.0
4388,2023.0,1.0,31.0,11.0,15.494648,15.560499,15.915526,15.802595,14.9986105,14.670474,15.06814,14.96055,15.00708,15.004514,15.347156,15.180407,16.48658,16.059486,15.712577,15.450035,15.014796,15.278837,0.0,0.0,0.0,0.0,0.0,0.0,0.0,0.0
4389,2023.0,1.0,31.0,11.0,15.446998,15.516725,15.683456,15.544459,15.116344,14.987946,15.009612,14.909211,15.008235,15.028999,15.204516,15.036511,16.416225,16.001253,15.31881,15.000548,15.01488,15.286018,0.0,0.0,0.0,0.0,0.0,0.0,0.0,0.0
4390,2023.0,1.0,31.0,11.0,16.22046,17.014807,16.017345,16.311825,15.881164,16.443447,15.722245,16.303776,15.587172,16.127983,15.098811,14.943982,16.56865,16.374882,15.222498,14.918471,15.014849,15.291913,4.0,4.0,4.0,4.0,0.0,0.0,0.0,0.0
4391,2023.0,1.0,31.0,11.0,16.501966,17.309935,20.190908,23.506033,16.183624,16.802729,15.346765,15.402794,20.085089,23.732626,15.000981,14.859089,16.61532,16.451324,15.304101,15.160906,15.014769,15.296552,4.0,4.0,0.0,0.0,0.0,0.0,0.0,0.0
4392,2023.0,1.0,31.0,12.0,16.363111,16.956963,20.028316,22.736162,15.424749,15.307297,15.53601,15.910298,17.125729,17.32937,15.007895,14.928569,17.376429,17.909607,15.324676,15.205227,15.014758,15.300241,4.0,0.0,4.0,0.0,0.0,4.0,0.0,0.0
4393,2023.0,1.0,31.0,12.0,20.433048,24.013678,20.110508,22.616463,20.32373,24.05669,20.699013,24.699574,15.488561,15.176689,15.005879,14.962684,20.441864,23.067976,21.253517,25.271887,15.015244,15.302815,0.0,0.0,4.0,0.0,0.0,0.0,0.0,0.0
4394,2023.0,1.0,31.0,12.0,21.130802,24.735895,18.01777,18.372309,20.942142,24.546585,20.90744,24.508476,15.341302,15.180771,15.300998,15.538736,21.051281,23.745993,21.115408,24.617453,15.013828,15.295207,4.0,0.0,0.0,0.0,4.0,0.0,0.0,0.0
4395,2023.0,1.0,31.0,12.0,21.385612,24.75072,20.433027,23.131865,21.274672,24.63129,21.186337,24.565907,15.279729,15.142,20.223377,23.711468,21.97726,25.000868,22.295378,26.256662,15.549877,15.976371,0.0,0.0,0.0,0.0,0.0,4.0,0.0,0.0
4396,2023.0,1.0,31.0,12.0,21.046686,23.88919,18.196404,18.423164,21.01098,23.848585,21.101751,24.09788,15.187795,15.057047,17.622574,18.201056,20.96221,22.844074,22.82825,26.730385,15.317483,15.375676,0.0,4.0,0.0,0.0,0.0,4.0,0.0,0.0
4397,2023.0,1.0,31.0,12.0,21.07047,23.758997,16.76699,16.696875,21.08235,23.798485,21.095644,23.90438,15.109038,14.983591,15.941937,15.8565855,21.09632,22.981112,20.887894,22.961311,15.020276,15.148305,0.0,4.0,0.0,0.0,0.0,0.0,0.0,0.0
4398,2023.0,1.0,31.0,13.0,21.107935,23.706137,16.43126,16.337143,21.111502,23.700245,21.09379,23.765379,15.042111,14.92176,15.602197,15.460633,21.04676,22.745913,21.109987,23.338516,15.01059,15.165124,0.0,0.0,0.0,0.0,0.0,4.0,0.0,0.0
4399,2023.0,1.0,31.0,13.0,21.164545,23.662468,16.156958,16.033133,21.176254,23.649244,21.194088,23.84527,15.001242,14.901255,15.425175,15.26651,21.159214,22.899696,21.167532,23.373629,15.0205555,15.210428,0.0,4.0,0.0,0.0,0.0,0.0,0.0,0.0
4400,2023.0,1.0,31.0,13.0,21.09127,23.470232,16.45267,16.767263,21.093643,23.423468,21.075657,23.53595,15.780476,16.41492,15.312459,15.167568,21.150787,22.808731,21.066797,23.126982,15.00963,15.200467,4.0,0.0,0.0,4.0,0.0,0.0,0.0,0.0
4401,2023.0,1.0,31.0,13.0,21.86256,24.58043,20.221083,23.32141,21.832386,24.46681,21.928953,24.80599,20.238503,23.931568,15.206876,15.064853,21.926266,23.994392,21.867683,24.484335,15.012085,15.216074,0.0,4.0,0.0,0.0,0.0,0.0,0.0,0.0
4402,2023.0,1.0,31.0,13.0,21.064331,23.224201,17.972206,18.519955,21.09559,23.236614,20.919035,22.965418,17.69001,18.29647,15.121915,14.985077,20.956263,22.199753,20.9192,22.612217,15.011631,15.221786,0.0,0.0,0.0,4.0,0.0,4.0,0.0,0.0
4403,2023.0,1.0,31.0,13.0,21.073038,23.21504,16.921122,17.301088,21.096222,23.199299,21.111937,23.359037,20.334105,23.513622,15.0495825,14.917402,21.062553,22.410784,21.094955,22.973991,15.011523,15.226408,4.0,0.0,0.0,0.0,0.0,4.0,0.0,0.0
4404,2023.0,1.0,31.0,14.0,22.3538,25.328384,20.29504,23.285927,21.153307,23.29333,21.151308,23.43097,17.503036,17.576254,14.999854,14.887156,21.863579,23.750475,21.175245,23.131899,15.011738,15.230283,0.0,4.0,0.0,0.0,0.0,0.0,0.0,0.0
4405,2023.0,1.0,31.0,14.0,19.654533,19.928316,18.028841,18.518274,19.300848,19.703798,18.987398,19.256218,16.08793,15.799107,15.005137,14.93572,19.843407,19.71202,19.161736,19.240232,15.011449,15.232467,0.0,4.0,0.0,0.0,0.0,0.0,0.0,0.0
4406,2023.0,1.0,31.0,14.0,18.651934,19.06427,16.587694,16.566849,17.77336,17.469477,17.732283,17.667427,15.897758,15.733842,15.005226,14.966085,19.390005,19.589994,18.118961,17.953156,15.012191,15.237904,0.0,0.0,0.0,0.0,0.0,4.0,0.0,0.0
4407,2023.0,1.0,31.0,14.0,18.43995,18.877926,16.192879,16.087923,17.11648,16.695665,17.245811,17.11797,15.761255,15.612614,15.006774,14.994643,19.355925,19.596245,17.693104,17.494596,15.011977,15.242903,0.0,0.0,0.0,0.0,0.0,4.0,0.0,0.0
4408,2023.0,1.0,31.0,14.0,17.552734,17.417189,15.988777,15.8939295,17.490475,17.693495,16.950624,16.841188,15.622278,15.485663,15.006111,15.015503,18.468079,18.050066,17.420969,17.241959,15.012565,15.2497225,0.0,4.0,0.0,0.0,0.0,0.0,0.0,0.0
4409,2023.0,1.0,31.0,14.0,17.768469,18.196144,15.815514,15.721857,17.546143,17.823235,17.408136,17.923925,15.493573,15.361985,15.006838,15.036507,18.025106,17.57394,18.264948,19.051193,15.012818,15.256021,0.0,4.0,4.0,0.0,0.0,0.0,4.0,0.0
4410,2023.0,1.0,31.0,15.0,17.145004,17.04452,15.668556,15.576179,17.439405,17.729622,16.91707,16.96686,15.380061,15.252401,15.007376,15.053173,18.575607,18.814396,17.36363,17.135923,15.012852,15.261746,0.0,4.0,0.0,0.0,0.0,4.0,0.0,0.0
4411,2023.0,1.0,31.0,15.0,16.693567,16.507742,16.02252,16.34911,17.33701,17.634554,16.25088,15.968624,15.27845,15.153506,15.007932,15.068077,18.022236,17.676651,16.763634,16.426977,15.013619,15.268998,4.0,4.0,0.0,0.0,0.0,0.0,0.0,0.0
4412,2023.0,1.0,31.0,15.0,17.212818,17.667318,20.174309,23.477165,16.603159,16.35076,15.948968,15.632592,15.189548,15.068954,15.008505,15.080785,17.627615,17.214548,16.53371,16.199198,15.013553,15.274763,4.0,0.0,0.0,0.0,0.0,0.0,0.0,0.0
4413,2023.0,1.0,31.0,15.0,16.695045,16.61846,20.034868,22.753387,16.16619,15.811983,15.955134,15.826267,15.109328,14.990755,15.007939,15.086814,17.44328,17.024805,16.525152,16.359234,15.013908,15.281272,0.0,0.0,0.0,0.0,0.0,0.0,0.0,0.0
4414,2023.0,1.0,31.0,15.0,16.310802,16.152977,17.59819,17.77913,16.665394,16.908403,15.903122,15.809417,15.041194,14.928173,15.196348,15.434134,17.510523,17.29955,16.46132,16.319038,15.014153,15.28729,0.0,4.0,0.0,0.0,4.0,0.0,0.0,0.0
4415,2023.0,1.0,31.0,15.0,16.141916,15.985886,16.875315,17.203072,16.209057,15.977524,16.528217,17.074358,15.5784025,15.655174,20.130138,23.53401,17.500568,17.32809,16.360674,16.226562,15.577911,16.338833,4.0,0.0,4.0,0.0,0.0,0.0,0.0,4.0
4416,2023.0,1.0,31.0,16.0,16.213284,16.254683,20.321184,23.276312,16.523287,16.788956,16.152584,16.215809,15.717657,15.767097,17.547289,18.14356,18.240452,18.804016,16.263002,16.133965,20.02886,23.899023,4.0,4.0,0.0,0.0,0.0,4.0,0.0,0.0
4417,2023.0,1.0,31.0,16.0,16.98064,17.738554,20.033129,22.382181,16.711744,17.051153,15.596,15.343506,15.2074375,15.116684,15.815412,15.736815,17.539999,17.25719,16.171562,16.04536,16.82329,17.059015,4.0,4.0,0.0,0.0,0.0,0.0,0.0,0.0
4418,2023.0,1.0,31.0,16.0,17.011263,17.568739,20.085138,22.271463,16.699533,17.037157,15.358033,15.04968,15.87884,16.490107,15.887326,16.121353,17.904636,18.22744,16.085638,15.960569,15.236153,15.028218,4.0,4.0,0.0,4.0,4.0,4.0,0.0,0.0
4419,2023.0,1.0,31.0,16.0,16.282602,16.251265,20.143301,22.239145,16.67416,17.007208,15.421674,15.291499,20.614471,24.471104,20.248737,23.436178,18.082533,18.40009,16.00789,15.8858385,15.77823,16.028717,4.0,4.0,0.0,0.0,0.0,4.0,0.0,0.0
4420,2023.0,1.0,31.0,16.0,16.6394,17.136812,20.07513,21.98955,16.645767,16.973545,16.166552,16.717432,17.933203,18.550552,17.75915,18.257088,18.092667,18.40282,15.934256,15.814226,15.287664,15.24155,4.0,4.0,4.0,4.0,0.0,4.0,0.0,0.0
4421,2023.0,1.0,31.0,16.0,16.82042,17.345192,20.074192,21.903984,16.616219,16.938555,16.467329,17.083282,20.362415,23.479977,16.15807,16.05447,17.354782,17.009579,15.862056,15.739479,14.996167,14.957484,4.0,4.0,4.0,4.0,0.0,0.0,0.0,0.0
4422,2023.0,1.0,31.0,17.0,16.816832,17.325966,20.072882,21.838034,16.585066,16.901258,16.26585,16.627035,20.05043,22.557037,15.774813,15.619271,17.80559,18.120771,15.79172,15.6663685,15.0159645,15.092943,4.0,4.0,4.0,0.0,0.0,4.0,0.0,0.0
4423,2023.0,1.0,31.0,17.0,16.164213,16.10463,20.072845,21.787758,15.890247,15.625547,15.558369,15.358335,17.525892,17.47626,15.564749,15.406763,17.96581,18.255793,15.725024,15.59672,15.01337,15.150756,4.0,0.0,0.0,0.0,0.0,4.0,0.0,0.0
4424,2023.0,1.0,31.0,17.0,16.532368,17.0071,20.08989,21.794899,16.196852,16.428165,15.865472,16.145285,16.941063,17.184744,15.393259,15.233057,17.19947,16.805712,15.657431,15.523762,15.014918,15.198982,0.0,4.0,4.0,4.0,0.0,0.0,0.0,0.0
4425,2023.0,1.0,31.0,17.0,16.690971,17.174995,18.445719,18.59214,16.361198,16.638865,15.3988285,15.170671,20.335306,23.136055,15.251785,15.096562,16.8448,16.396502,15.594009,15.456703,15.015031,15.235157,4.0,4.0,0.0,0.0,0.0,0.0,0.0,0.0
4426,2023.0,1.0,31.0,17.0,16.02955,15.930959,20.244444,22.327599,16.343533,16.609074,15.003862,14.659334,17.629496,17.59482,15.118261,14.959789,16.694773,16.232647,15.53219,15.390511,15.611582,16.364428,0.0,4.0,0.0,0.0,0.0,0.0,0.0,4.0
4427,2023.0,1.0,31.0,17.0,16.374727,16.786804,18.390999,18.549114,15.677167,15.383478,15.562613,15.77598,16.187824,15.763554,14.999113,14.852924,16.57428,16.104502,15.472224,15.325951,19.938921,23.71992,4.0,0.0,4.0,0.0,0.0,0.0,0.0,0.0
4428,2023.0,1.0,31.0,18.0,16.5552,17.000637,20.250996,22.432812,15.958659,16.126245,15.79003,16.060915,15.998294,15.779433,15.011821,14.945598,16.72234,16.50281,15.413074,15.262476,16.652052,16.743486,0.0,4.0,4.0,0.0,0.0,0.0,0.0,0.0
4429,2023.0,1.0,31.0,18.0,21.253819,25.103872,18.289944,18.399403,21.130043,25.000555,20.78565,24.625416,15.85336,15.66474,15.009628,14.990871,21.758976,25.029305,21.290407,25.25533,14.981552,14.709793,4.0,4.0,4.0,0.0,0.0,4.0,0.0,0.0
4430,2023.0,1.0,31.0,18.0,21.046831,24.210653,20.253603,22.467619,21.040966,24.254221,20.807951,24.111897,16.497477,17.04996,15.010964,15.028918,21.218224,23.707476,21.190918,24.688875,15.951717,16.749638,4.0,4.0,0.0,4.0,0.0,4.0,0.0,4.0
4431,2023.0,1.0,31.0,18.0,21.09348,23.93333,20.042015,21.855583,21.105377,23.987732,21.16066,24.340635,20.349434,23.647753,15.011288,15.054718,21.026794,23.093756,22.372372,26.301025,20.185472,23.859959,4.0,4.0,0.0,0.0,0.0,4.0,0.0,0.0
4432,2023.0,1.0,31.0,18.0,21.086016,23.678995,20.08148,21.815628,21.115183,23.757557,21.11241,23.93907,17.264551,17.1551,15.011569,15.072619,21.07058,22.983578,22.8244,26.686504,16.831371,16.793598,4.0,0.0,0.0,0.0,0.0,4.0,0.0,0.0
4433,2023.0,1.0,31.0,18.0,21.108994,23.573238,20.076319,21.7262,21.109503,23.54947,21.069534,23.666431,15.722015,15.208444,15.133043,15.301748,22.026184,24.53942,20.899977,22.939678,15.187225,14.7518015,4.0,0.0,4.0,0.0,4.0,4.0,0.0,0.0
4434,2023.0,1.0,31.0,19.0,21.077456,23.36079,20.077116,21.66999,21.084545,23.334646,21.074684,23.554813,15.654027,15.420476,20.119541,23.539476,20.977179,22.4465,21.108833,23.294598,15.091195,14.887349,4.0,4.0,4.0,0.0,0.0,0.0,0.0,0.0
4435,2023.0,1.0,31.0,19.0,21.106434,23.34274,20.075266,21.618946,21.087223,23.234474,21.095617,23.456028,15.586246,15.385824,17.389847,17.842495,21.095592,22.626793,21.042782,23.07911,14.997694,14.865474,4.0,4.0,4.0,0.0,0.0,0.0,4.0,0.0
4436,2023.0,1.0,31.0,19.0,21.074245,23.181791,20.075089,21.580963,21.085331,23.150408,21.114605,23.407902,16.271399,16.814674,15.625672,15.432447,21.081377,22.547411,22.779917,26.052069,15.015664,15.000726,4.0,4.0,0.0,4.0,0.0,0.0,0.0,0.0
4437,2023.0,1.0,31.0,19.0,21.078611,23.132719,20.074856,21.551613,21.084019,23.08371,21.085089,23.24454,20.270927,23.553825,15.280159,15.057636,21.052925,22.430014,20.88678,22.46369,15.743184,16.440804,4.0,4.0,4.0,0.0,0.0,4.0,0.0,4.0
4438,2023.0,1.0,31.0,19.0,21.076735,23.081715,20.092194,21.577179,21.107138,23.095686,21.113003,23.254078,17.690577,17.973349,15.09388,14.869551,21.086369,22.486774,21.12129,22.933416,20.00817,23.62657,0.0,0.0,0.0,4.0,0.0,0.0,0.0,0.0
4439,2023.0,1.0,31.0,19.0,21.102066,23.110212,18.389448,18.27568,21.101068,23.033127,21.08218,23.115961,20.45418,23.277138,15.002055,14.83306,21.051298,22.367285,21.072271,22.864746,16.660757,16.548649,4.0,0.0,4.0,0.0,0.0,4.0,0.0,0.0
4440,2023.0,1.0,31.0,20.0,21.154377,23.152802,20.246458,22.119062,21.155933,23.0802,21.164623,23.255402,17.935736,18.129223,15.013626,14.932544,21.131887,22.526527,21.188505,23.105452,16.033321,16.438074,4.0,4.0,0.0,4.0,0.0,0.0,0.0,4.0
4441,2023.0,1.0,31.0,20.0,21.07466,22.958305,20.044289,21.595152,21.104877,22.962606,21.08057,23.025373,20.45215,23.02941,15.01228,14.984787,21.050478,22.318949,21.076687,22.878223,20.540005,24.043383,4.0,0.0,4.0,0.0,0.0,4.0,0.0,4.0
4442,2023.0,1.0,31.0,20.0,21.099201,22.9985,20.079687,21.592285,21.074627,22.851274,21.10928,23.06789,17.549734,17.243513,15.013222,15.025041,21.055672,22.314386,21.076727,22.872955,20.058353,22.884525,4.0,4.0,0.0,0.0,0.0,4.0,0.0,0.0
4443,2023.0,1.0,31.0,20.0,21.06776,22.886074,20.075031,21.534983,21.079672,22.83753,21.102915,23.02017,16.088419,15.463241,15.013475,15.053011,21.084492,22.375809,21.038263,22.761162,17.01181,16.739676,4.0,4.0,0.0,0.0,0.0,0.0,4.0,0.0
4444,2023.0,1.0,31.0,20.0,21.073282,22.876448,20.093082,21.550865,21.078644,22.814943,21.078232,22.98917,16.854534,17.31164,15.013936,15.073918,21.079216,22.342306,21.103937,22.87693,15.582533,15.040311,0.0,4.0,0.0,4.0,0.0,0.0,0.0,0.0
4445,2023.0,1.0,31.0,20.0,21.072508,22.857286,18.374596,18.212444,21.07849,22.795517,21.057133,22.934124,20.348394,23.084032,15.014169,15.089587,21.07943,22.320915,21.09268,22.815645,15.469986,15.22882,4.0,4.0,4.0,0.0,0.0,0.0,0.0,0.0
4446,2023.0,1.0,31.0,21.0,21.161863,23.017641,20.250637,22.109682,21.162535,22.945347,21.169119,23.182964,17.931318,18.083874,15.06809,15.19053,21.159575,22.487156,21.181513,22.959179,15.342318,15.132116,0.0,4.0,0.0,4.0,4.0,4.0,0.0,0.0
4447,2023.0,1.0,31.0,21.0,21.071241,22.816244,18.020893,17.633968,21.10194,22.823095,21.080948,22.931532,20.453814,22.970325,20.01125,23.38358,21.056746,22.255365,21.033619,22.647144,15.1512785,14.948364,0.0,0.0,4.0,4.0,0.0,4.0,4.0,0.0
4448,2023.0,1.0,31.0,21.0,21.096855,22.869194,17.103432,16.746094,21.096447,22.789488,21.106667,22.965736,20.057941,22.10999,17.270126,17.672142,21.05387,22.235409,21.102707,22.783808,14.995675,14.817276,0.0,0.0,0.0,0.0,0.0,4.0,0.0,0.0
4449,2023.0,1.0,31.0,21.0,21.064741,22.76312,16.907343,16.590405,21.071922,22.699669,21.101013,22.920216,17.554333,17.144484,15.517699,15.30535,21.083492,22.299543,21.091034,22.73265,15.81824,16.474085,0.0,4.0,0.0,0.0,0.0,0.0,0.0,4.0
4450,2023.0,1.0,31.0,21.0,21.096561,22.831055,16.676668,16.361528,21.101118,22.763319,21.101097,22.890886,17.000837,16.988804,15.5218935,15.582886,21.078056,22.267445,21.053188,22.605392,20.179888,23.611662,0.0,0.0,0.0,4.0,4.0,0.0,4.0,0.0
4451,2023.0,1.0,31.0,21.0,21.761784,23.731707,16.471987,16.15648,21.751616,23.638474,21.538559,23.574333,20.90209,23.535542,20.314196,23.593796,21.459618,22.812252,21.924522,23.87201,16.729158,16.532064,0.0,0.0,0.0,0.0,0.0,4.0,0.0,0.0
4452,2023.0,1.0,31.0,22.0,20.907162,22.269566,16.29888,15.981025,20.926935,22.267956,20.941874,22.486713,18.043047,17.776747,17.550598,17.919447,20.968771,21.91506,20.877937,22.071384,15.122171,14.591869,0.0,4.0,0.0,0.0,0.0,0.0,0.0,0.0
4453,2023.0,1.0,31.0,22.0,21.096052,22.726574,16.63544,16.742998,21.107452,22.71543,21.09817,22.84256,16.718626,16.429935,15.812367,15.565045,21.08936,22.173632,21.124187,22.602568,15.074512,14.848356,4.0,0.0,0.0,0.0,0.0,0.0,0.0,0.0
4454,2023.0,1.0,31.0,22.0,21.179499,22.921406,20.19629,23.00273,21.152641,22.794367,21.153713,22.97848,16.437212,16.156248,15.423873,15.148665,21.120716,22.242039,21.176039,22.766924,14.9962225,14.803056,4.0,0.0,0.0,0.0,0.0,0.0,0.0,0.0
4455,2023.0,1.0,31.0,22.0,22.145288,24.548573,20.059622,22.299036,22.125834,24.29878,22.12482,24.532246,16.183908,15.909569,15.177184,14.900216,21.800827,23.500439,22.241016,24.645842,15.01544,14.939672,0.0,4.0,0.0,0.0,0.0,0.0,0.0,0.0
4456,2023.0,1.0,31.0,22.0,20.903297,22.205898,17.575287,17.258234,21.051933,22.488066,21.031137,22.671085,15.975469,15.7105665,14.998346,14.74726,20.96305,21.889225,20.920338,22.114395,15.012779,15.004673,0.0,0.0,0.0,0.0,0.0,0.0,4.0,0.0
4457,2023.0,1.0,31.0,22.0,21.100494,22.637974,16.581116,16.235422,21.098959,22.59525,21.08335,22.802412,15.789793,15.526992,15.148515,15.14238,21.069963,22.15103,21.13055,22.587479,15.015616,15.059698,0.0,0.0,0.0,0.0,4.0,0.0,0.0,0.0
4458,2023.0,1.0,31.0,23.0,21.164566,22.816626,16.858446,16.934439,21.16682,22.788074,21.16135,22.976656,15.630915,15.369111,20.204575,23.518063,21.132364,22.307465,21.178045,22.704031,15.674065,16.025434,4.0,0.0,0.0,0.0,4.0,0.0,0.0,0.0
4459,2023.0,1.0,31.0,23.0,19.040289,18.746786,16.501263,16.287725,19.897459,20.350386,19.253082,19.313704,15.489837,15.232876,17.483028,17.892477,19.639605,19.449945,18.95059,18.423721,15.696181,16.159557,0.0,4.0,0.0,0.0,0.0,0.0,0.0,4.0
4460,2023.0,1.0,31.0,23.0,18.084923,17.4214,16.214577,15.897848,18.750196,18.485788,18.338554,18.022604,15.381671,15.123285,16.097109,15.801447,19.834911,20.163279,18.462498,18.092772,14.953556,14.905673,0.0,0.0,0.0,0.0,0.0,4.0,0.0,0.0
4461,2023.0,1.0,31.0,23.0,18.026623,17.789284,16.047289,15.732317,17.70189,16.915405,17.882988,17.560383,15.269769,15.015667,15.70632,15.406003,18.7202,18.020613,18.183651,17.867939,15.043602,15.114041,0.0,0.0,0.0,0.0,0.0,0.0,0.0,0.0
4462,2023.0,1.0,31.0,23.0,18.638195,19.14078,15.900246,15.583345,17.122381,16.256945,17.53435,17.205826,15.160859,14.906193,15.739108,15.714319,18.038357,17.248266,17.864563,17.558243,15.02356,15.102342,0.0,0.0,0.0,0.0,4.0,0.0,0.0,0.0
4463,2023.0,1.0,31.0,23.0,17.672266,17.263065,15.777672,15.465557,17.21086,16.76989,17.26301,16.944593,15.617224,15.847269,15.414139,15.176178,18.521196,18.424934,17.596676,17.30551,15.015139,15.130262,0.0,0.0,0.0,4.0,0.0,4.0,0.0,0.0
4464,2023.0,2.0,1.0,0.0,16.991941,16.40041,15.665273,15.354745,17.165216,16.810675,17.026667,16.710863,15.297744,15.099597,15.10085,14.824437,17.937788,17.266344,17.359365,17.074936,15.017011,15.166502,0.0,0.0,0.0,0.0,0.0,0.0,0.0,0.0
4465,2023.0,2.0,1.0,0.0,16.695103,16.089828,15.560508,15.249879,16.990545,16.64444,16.81854,16.502441,15.019475,14.768451,15.006163,14.813226,17.479403,16.725994,17.14976,16.868681,15.364123,15.83457,0.0,0.0,0.0,0.0,0.0,0.0,0.0,4.0
4466,2023.0,2.0,1.0,0.0,16.879656,16.680283,15.468038,15.165024,16.829924,16.497377,16.645458,16.341969,15.010362,14.844123,15.016261,14.9205065,17.267952,16.526175,17.98246,18.598305,14.966315,15.057742,0.0,0.0,0.0,0.0,0.0,0.0,4.0,0.0
4467,2023.0,2.0,1.0,0.0,16.881598,16.7431,15.379818,15.081383,16.6806,16.355742,16.486916,16.190546,15.00843,14.886602,15.015104,14.981532,17.46264,17.092337,16.969698,16.420395,15.03839,15.212274,0.0,0.0,0.0,0.0,0.0,0.0,0.0,0.0
4468,2023.0,2.0,1.0,0.0,16.76442,16.630093,15.292029,14.991275,16.535976,16.208233,16.334753,16.03446,15.00989,14.924663,15.017127,15.031902,17.485804,17.15137,16.348154,15.714291,15.014898,15.200166,0.0,0.0,0.0,0.0,0.0,0.0,0.0,0.0
4469,2023.0,2.0,1.0,0.0,16.651674,16.520803,15.212683,14.911862,16.408298,16.082445,16.201813,15.902587,15.015738,14.96689,15.026862,15.089407,17.397264,17.06305,16.131666,15.504829,15.034289,15.264863,0.0,0.0,0.0,0.0,0.0,0.0,0.0,0.0
4470,2023.0,2.0,1.0,1.0,16.547768,16.421082,15.144591,14.849631,16.29883,15.982851,16.088966,15.79896,15.009334,14.973747,14.997622,15.046631,17.311852,16.979832,16.309027,16.038027,15.014718,15.239365,0.0,0.0,0.0,0.0,4.0,0.0,0.0,0.0
4471,2023.0,2.0,1.0,1.0,16.46576,16.358381,15.082315,14.794195,16.20036,15.895614,15.98799,15.708564,15.011496,14.997547,15.022811,15.129794,18.007765,18.369,16.27959,16.005299,15.020208,15.265161,0.0,0.0,0.0,0.0,0.0,4.0,0.0,0.0
4472,2023.0,2.0,1.0,1.0,16.381752,16.2791,15.018589,14.73154,16.102037,15.799764,15.887109,15.609491,15.012109,15.015778,15.017424,15.13686,17.858337,17.829151,16.18718,15.914484,15.280034,15.750739,0.0,0.0,0.0,0.0,0.0,4.0,0.0,4.0
4473,2023.0,2.0,1.0,1.0,16.29863,16.198524,15.002852,14.755827,16.015215,15.719651,15.798254,15.526682,15.012217,15.031934,15.018646,15.1535015,17.06524,16.410917,16.096876,15.827438,14.993944,15.185835,0.0,0.0,0.0,0.0,0.0,0.0,0.0,0.0
4474,2023.0,2.0,1.0,1.0,16.211752,16.106802,15.005307,14.800513,15.928036,15.633471,15.709723,15.438357,15.01275,15.047105,15.01889,15.1661825,16.691622,15.979037,16.006643,15.736022,15.038872,15.281901,0.0,0.0,0.0,0.0,0.0,0.0,0.0,0.0
4475,2023.0,2.0,1.0,1.0,16.13331,16.028257,15.007271,14.840822,15.846332,15.55368,15.627494,15.357269,15.023417,15.082338,15.036735,15.214451,16.544054,15.83614,15.922879,15.652694,15.03596,15.299193,0.0,0.0,0.0,0.0,0.0,0.0,0.0,0.0
4476,2023.0,2.0,1.0,2.0,16.066366,15.968813,15.005861,14.864034,15.775144,15.490993,15.556278,15.2936535,15.011031,15.068159,15.016459,15.183096,16.81479,16.496677,15.846716,15.580296,15.01873,15.287944,0.0,0.0,0.0,0.0,0.0,0.0,0.0,0.0
4477,2023.0,2.0,1.0,2.0,15.995895,15.898029,15.010701,14.901936,15.70116,15.418625,15.482449,15.2207155,15.025148,15.10963,15.038525,15.238565,16.843727,16.521639,15.771306,15.50543,15.040893,15.350567,0.0,0.0,0.0,0.0,0.0,0.0,0.0,0.0
4478,2023.0,2.0,1.0,2.0,15.938415,15.850283,15.006402,14.914067,15.639909,15.36798,15.421444,15.169534,15.266342,15.55424,15.001341,15.160014,17.58488,17.96899,15.705212,15.445399,15.018672,15.317105,0.0,0.0,0.0,4.0,4.0,4.0,0.0,0.0
4479,2023.0,2.0,1.0,2.0,15.878612,15.793702,15.00763,14.937816,15.577242,15.310436,15.358626,15.11136,14.974398,15.004689,15.008699,15.188702,16.756117,16.137781,15.63932,15.382422,15.022105,15.336989,0.0,0.0,0.0,0.0,4.0,0.0,0.0,0.0
4480,2023.0,2.0,1.0,2.0,15.816746,15.730738,15.014814,14.973212,15.511044,15.243257,15.292576,15.043879,15.027141,15.144131,15.04071,15.282321,16.324734,15.642018,15.572102,15.313961,15.042505,15.38891,0.0,0.0,0.0,0.0,0.0,0.0,0.0,0.0
4481,2023.0,2.0,1.0,2.0,15.767982,15.692149,15.007461,14.974988,15.455322,15.195163,15.237344,14.995568,15.010807,15.111518,15.001112,15.191646,16.58519,16.283094,15.512747,15.258734,15.018609,15.349704,0.0,0.0,0.0,0.0,4.0,0.0,0.0,0.0
4482,2023.0,2.0,1.0,3.0,15.729667,15.669986,15.009209,14.996246,15.397247,15.140194,15.179967,14.940674,15.254119,15.569419,15.026773,15.265771,16.614302,16.304567,15.453212,15.200801,15.022486,15.367626,0.0,0.0,0.0,4.0,0.0,0.0,0.0,0.0
4483,2023.0,2.0,1.0,3.0,15.675481,15.612916,15.009415,15.013266,15.3412,15.087465,15.124659,14.887996,14.984207,15.03345,15.020286,15.260504,16.570126,16.26216,15.395725,15.14498,15.022633,15.376593,0.0,0.0,0.0,0.0,0.0,0.0,0.0,0.0
4484,2023.0,2.0,1.0,3.0,15.620851,15.557099,15.018721,15.049326,15.284663,15.032277,15.069148,14.8334465,15.053429,15.181795,15.042439,15.310934,16.525103,16.218525,15.339155,15.089437,15.045171,15.430646,0.0,0.0,0.0,0.0,0.0,0.0,0.0,0.0
4485,2023.0,2.0,1.0,3.0,15.565304,15.498606,15.019278,15.062752,15.231182,14.981831,15.01663,14.78344,15.027152,15.138167,15.042581,15.308844,16.48107,16.176212,15.284738,15.036735,15.044613,15.429034,0.0,0.0,0.0,0.0,0.0,0.0,0.0,0.0
4486,2023.0,2.0,1.0,3.0,15.519802,15.460174,15.009358,15.05837,15.180593,14.935794,15.002127,14.80403,15.01514,15.143353,15.018511,15.271182,16.438288,16.135721,15.23249,14.986974,15.2165,15.73026,0.0,0.0,0.0,0.0,0.0,0.0,0.0,4.0
4487,2023.0,2.0,1.0,3.0,15.4678,15.40546,15.011335,15.077026,15.1293125,14.887121,15.005081,14.845613,15.017851,15.1654625,15.023002,15.287099,16.395304,16.094166,15.180606,14.93661,14.988308,15.325634,0.0,0.0,0.0,0.0,0.0,0.0,0.0,0.0
4488,2023.0,2.0,1.0,4.0,15.417875,15.356075,15.022389,15.114596,15.077641,14.836593,15.00683,14.883557,15.032301,15.210782,15.043527,15.33508,16.352957,16.05314,15.129246,14.886262,15.069347,15.480307,0.0,0.0,0.0,0.0,0.0,0.0,0.0,0.0
4489,2023.0,2.0,1.0,4.0,15.369707,15.308726,15.022107,15.123256,15.027684,14.788513,15.008085,14.912363,15.034165,15.221539,15.043899,15.334197,16.311153,16.012445,15.079054,14.837238,15.231322,15.752852,0.0,0.0,0.0,0.0,0.0,0.0,0.0,4.0
4490,2023.0,2.0,1.0,4.0,15.325148,15.2678175,15.010707,15.114199,15.000238,14.783868,15.005808,14.930744,15.015152,15.197684,15.002653,15.249212,16.269876,15.972421,15.029435,14.7885895,15.001939,15.329923,0.0,0.0,0.0,0.0,4.0,0.0,0.0,0.0
4491,2023.0,2.0,1.0,4.0,15.2787695,15.222057,15.013308,15.131457,15.005171,14.829289,15.007453,14.9567795,15.194279,15.525282,15.028905,15.325415,16.227879,15.930812,14.999991,14.779469,15.043486,15.414923,0.0,0.0,0.0,4.0,0.0,0.0,0.0,0.0
4492,2023.0,2.0,1.0,4.0,15.243929,15.198721,15.024754,15.166959,15.00625,14.865796,15.012827,14.991281,15.249001,15.585851,15.045902,15.365444,16.18779,15.892348,15.004003,14.8237505,15.067962,15.462875,0.0,0.0,0.0,4.0,0.0,0.0,0.0,0.0
4493,2023.0,2.0,1.0,4.0,15.211184,15.17509,15.011831,15.150408,15.004906,14.887251,15.007203,14.99791,15.005713,15.154993,15.020379,15.318351,16.969368,17.408234,16.046377,16.810947,15.210628,15.714095,0.0,0.0,0.0,0.0,0.0,4.0,4.0,4.0
4494,2023.0,2.0,1.0,5.0,15.171875,15.137785,15.014196,15.16639,15.005682,14.912384,15.008495,15.019735,15.034424,15.215784,15.024134,15.331533,17.31605,17.809242,15.006838,14.717782,15.011822,15.353841,0.0,0.0,0.0,0.0,0.0,4.0,0.0,0.0
4495,2023.0,2.0,1.0,5.0,15.1298275,15.095683,15.014358,15.177361,15.006265,14.934873,15.009023,15.038995,15.031092,15.210197,15.023879,15.336295,16.261946,15.69903,15.042808,14.852723,15.003518,15.318787,0.0,0.0,0.0,0.0,0.0,0.0,0.0,4.0
4496,2023.0,2.0,1.0,5.0,15.083327,15.045177,15.027983,15.215191,15.012489,14.969435,15.018429,15.076209,15.035395,15.247221,15.047348,15.387311,15.796807,15.14918,15.025546,14.849585,15.070991,15.501841,0.0,0.0,0.0,0.0,0.0,0.0,0.0,0.0
4497,2023.0,2.0,1.0,5.0,15.043101,15.007499,15.013103,15.193837,15.006707,14.975664,15.533593,16.04485,15.01712,15.230886,15.020859,15.337717,15.6820755,15.043692,15.003772,14.855028,15.030207,15.409798,0.0,0.0,4.0,0.0,0.0,0.0,0.0,0.0
4498,2023.0,2.0,1.0,5.0,14.998692,14.964635,15.015891,15.209744,15.008352,14.998629,14.976378,14.975785,15.144582,15.464316,15.025106,15.351779,15.584916,14.951418,15.008042,14.897768,15.037148,15.4252,0.0,0.0,0.0,4.0,0.0,0.0,0.0,0.0
4499,2023.0,2.0,1.0,5.0,15.767837,16.442347,15.015979,15.2197275,15.008898,15.018356,15.034721,15.09694,15.003285,15.225079,15.024836,15.356593,15.836089,15.543936,15.977489,16.75306,15.023583,15.425402,0.0,0.0,0.0,0.0,0.0,0.0,4.0,0.0
4500,2023.0,2.0,1.0,6.0,15.32588,15.378903,15.016358,15.23005,15.00945,15.036368,15.02291,15.077785,15.023077,15.282407,15.025117,15.362313,16.72714,17.183456,16.042486,16.496677,15.149807,15.652584,0.0,0.0,0.0,0.0,0.0,4.0,4.0,4.0
4501,2023.0,2.0,1.0,6.0,19.767717,23.255402,15.016768,15.240095,20.231274,24.140835,19.987827,23.616154,15.10986,15.4301815,15.025446,15.3677635,19.574358,21.924599,20.159544,23.65014,19.881186,23.837841,0.0,0.0,0.0,4.0,0.0,0.0,0.0,0.0
4502,2023.0,2.0,1.0,6.0,20.872356,24.599236,15.017111,15.2496195,20.984009,24.841755,21.04212,24.944551,19.397522,22.812437,15.009571,15.32537,20.198015,22.650105,20.903282,24.424292,16.276884,16.18235,0.0,0.0,0.0,0.0,4.0,0.0,0.0,0.0
4503,2023.0,2.0,1.0,6.0,20.77271,24.007248,15.017514,15.258346,21.128778,24.604725,21.1241,24.613445,16.231857,16.081078,19.68469,23.388365,20.451967,22.787931,21.228212,24.584923,15.240293,15.397753,0.0,0.0,0.0,0.0,4.0,0.0,0.0,4.0
4504,2023.0,2.0,1.0,6.0,20.87624,23.83826,15.338442,15.569305,21.138426,24.250448,21.159763,24.33945,15.841071,16.13888,20.097378,23.563046,21.20101,23.799574,21.376009,24.457012,20.350924,24.051546,0.0,0.0,0.0,0.0,0.0,4.0,0.0,4.0
4505,2023.0,2.0,1.0,6.0,21.125738,24.077076,15.452181,15.547755,21.077822,23.905258,21.107105,24.032772,15.508695,15.776799,17.15518,17.459522,21.628077,24.239792,22.46336,26.071259,20.057983,23.23862,0.0,0.0,0.0,4.0,0.0,4.0,0.0,0.0
4506,2023.0,2.0,1.0,7.0,21.094599,23.847813,15.024087,15.137425,21.103872,23.790798,21.10262,23.855307,20.374004,24.032665,15.491096,15.226437,21.009165,22.902618,22.224064,25.278616,16.717493,16.480818,0.0,0.0,0.0,0.0,0.0,4.0,0.0,0.0
4507,2023.0,2.0,1.0,7.0,21.095583,23.72558,15.015743,15.172006,21.09776,23.65288,21.078188,23.664171,16.798445,16.663721,15.47061,15.539444,21.082434,22.933098,20.900429,22.81914,16.10997,16.396643,0.0,0.0,4.0,0.0,4.0,4.0,0.0,4.0
4508,2023.0,2.0,1.0,7.0,21.448196,23.990885,15.085929,15.319682,21.3719,23.862469,21.366055,23.939245,15.392311,14.798944,20.104937,23.502558,21.198439,23.012045,21.333347,23.442978,20.43873,23.759703,4.0,0.0,0.0,0.0,0.0,0.0,4.0,0.0
4509,2023.0,2.0,1.0,7.0,20.916824,23.064373,19.669922,23.197678,20.941736,23.055288,20.990337,23.19681,15.906303,16.364328,17.380455,17.749407,21.02482,22.613049,22.472195,25.455467,17.567675,17.89244,0.0,4.0,0.0,4.0,0.0,4.0,0.0,4.0
4510,2023.0,2.0,1.0,7.0,21.143244,23.476948,17.116734,17.62938,21.09095,23.3276,21.11143,23.354177,20.34352,23.88304,15.559735,15.294887,22.131767,24.478926,20.90203,22.537804,20.455006,23.543669,0.0,4.0,4.0,4.0,0.0,4.0,0.0,0.0
4511,2023.0,2.0,1.0,7.0,21.081459,23.281357,15.297724,15.126256,21.096031,23.260885,21.095669,23.2725,20.041739,22.84685,15.125225,14.826953,20.943043,22.233316,21.130104,23.016676,17.709875,18.000484,0.0,4.0,4.0,4.0,0.0,4.0,0.0,4.0
4512,2023.0,2.0,1.0,8.0,21.089163,23.253147,15.36145,15.504411,21.09381,23.196777,21.12055,23.298836,20.102108,22.66039,15.270262,15.328101,21.080807,22.51641,22.32387,25.0942,20.460136,23.399456,4.0,4.0,0.0,4.0,4.0,4.0,4.0,0.0
4513,2023.0,2.0,1.0,8.0,18.980377,19.173437,20.035196,23.73802,18.917404,18.980337,18.867792,18.91402,20.664618,23.31034,20.379488,23.876043,19.472706,19.426441,18.79829,18.371803,17.194487,16.928368,0.0,4.0,4.0,0.0,4.0,4.0,0.0,0.0
4514,2023.0,2.0,1.0,8.0,18.00544,18.08682,17.312511,17.811033,17.79597,17.63642,17.105333,16.418192,17.789225,17.529495,20.053589,23.000113,18.821148,18.749039,18.375721,18.576242,15.616492,15.044257,0.0,4.0,0.0,0.0,0.0,4.0,4.0,0.0
4515,2023.0,2.0,1.0,8.0,17.691471,17.790457,15.932484,16.150087,17.429678,17.275093,16.384794,15.601479,16.050894,15.40454,16.98101,16.7588,17.92524,17.281057,17.423433,16.890333,15.42343,15.131595,4.0,4.0,0.0,0.0,0.0,0.0,0.0,0.0
4516,2023.0,2.0,1.0,8.0,17.503113,17.615137,20.194181,23.620598,17.2288,17.089746,16.060038,15.27745,15.923878,15.573289,16.023443,15.621897,17.443188,16.686163,16.831875,16.176262,16.239456,16.845676,4.0,4.0,0.0,0.0,0.0,0.0,0.0,4.0
4517,2023.0,2.0,1.0,8.0,17.308277,17.443089,20.056664,22.9051,16.373375,15.697905,16.852396,17.101032,15.743212,15.456595,16.148932,16.163685,17.912907,17.865232,16.436922,15.796927,20.185503,23.541195,0.0,0.0,4.0,0.0,4.0,4.0,0.0,0.0
4518,2023.0,2.0,1.0,9.0,16.4504,16.002497,17.096838,16.933468,15.842466,15.086502,16.469296,16.297255,15.4925,15.224005,20.41175,23.428001,17.329294,16.722164,16.43179,16.112637,16.921911,16.75228,0.0,0.0,0.0,0.0,0.0,0.0,0.0,0.0
4519,2023.0,2.0,1.0,9.0,16.676893,16.783438,15.806015,15.50612,16.262848,16.119093,15.656598,15.017238,15.269367,15.013532,17.709503,18.009142,16.853363,16.165583,16.334497,16.06936,15.280397,14.759935,0.0,4.0,0.0,0.0,0.0,0.0,0.0,0.0
4520,2023.0,2.0,1.0,9.0,16.747995,16.945023,15.569513,15.274589,16.36565,16.332176,15.32977,14.623163,15.106591,14.8557625,16.790997,16.796286,17.467672,17.501053,16.186256,15.932807,15.188596,14.917557,0.0,4.0,0.0,0.0,4.0,4.0,0.0,0.0
4521,2023.0,2.0,1.0,9.0,15.990193,15.598788,15.371718,15.084021,16.312426,16.298513,15.478664,15.121447,15.332492,15.056392,20.267162,22.916626,16.818348,16.199953,16.04383,15.80245,16.035282,16.670742,0.0,4.0,0.0,0.0,0.0,0.0,0.0,4.0
4522,2023.0,2.0,1.0,9.0,16.31321,16.49611,15.169865,14.889646,16.248535,16.253784,15.483366,15.206597,14.994373,14.80235,17.798967,18.022911,16.43472,15.786983,15.893487,15.654617,20.185116,23.709476,0.0,4.0,0.0,0.0,0.0,0.0,0.0,0.0
4523,2023.0,2.0,1.0,9.0,15.763456,15.411906,15.461711,15.591648,16.18693,16.210024,15.374471,15.112223,15.019422,14.948493,16.293285,16.0517,16.293459,15.657398,15.758549,15.524337,16.88318,16.799389,4.0,4.0,0.0,0.0,0.0,0.0,0.0,0.0
4524,2023.0,2.0,1.0,10.0,15.36072,14.925167,20.028542,23.612238,15.460494,14.922114,15.263913,15.01016,15.013652,15.009596,15.825595,15.52252,16.485575,16.168495,15.639896,15.409951,15.235631,14.756178,0.0,0.0,0.0,0.0,0.0,0.0,0.0,0.0
4525,2023.0,2.0,1.0,10.0,15.208198,14.797287,17.470974,18.034296,15.058876,14.445018,15.167948,14.929245,15.014611,15.0644045,15.537183,15.247731,17.30492,17.711132,15.539783,15.319375,15.064893,14.815944,0.0,0.0,0.0,0.0,0.0,4.0,0.0,0.0
4526,2023.0,2.0,1.0,10.0,15.393409,15.302247,15.686874,15.566265,15.008456,14.502931,15.082873,14.859738,15.015078,15.1046295,15.720578,15.793668,16.55781,16.043585,15.451188,15.238151,15.00214,14.849295,0.0,0.0,0.0,0.0,4.0,0.0,0.0,0.0
4527,2023.0,2.0,1.0,10.0,15.434257,15.400858,15.275055,15.068642,15.870154,16.25069,15.006796,14.799811,15.378843,15.501126,20.168694,23.184559,16.973783,17.13309,15.376398,15.174987,15.418029,15.426026,0.0,4.0,0.0,0.0,0.0,4.0,0.0,0.0
4528,2023.0,2.0,1.0,10.0,16.176546,16.856373,15.070419,14.859797,15.321079,14.9939,15.005482,14.865542,15.67272,15.730618,17.676794,18.09095,16.506828,16.058895,15.311621,15.119938,15.813398,15.863735,0.0,0.0,0.0,0.0,0.0,0.0,0.0,0.0
4529,2023.0,2.0,1.0,10.0,15.755177,15.863159,15.005879,14.879305,15.0069275,14.676191,15.005781,14.917438,14.990879,14.931771,15.990867,15.779666,16.162714,15.643181,15.250914,15.06628,14.982632,14.871292,0.0,0.0,0.0,0.0,0.0,0.0,0.0,0.0
4530,2023.0,2.0,1.0,11.0,15.158688,14.90821,15.0111475,14.984141,15.529416,15.72312,15.006514,14.963668,15.018535,15.060908,15.600807,15.357595,16.066658,15.562209,15.19864,15.023757,15.023045,15.057025,0.0,4.0,0.0,0.0,0.0,0.0,0.0,0.0
4531,2023.0,2.0,1.0,11.0,15.746459,16.173796,15.011162,15.056414,14.9949045,14.7287655,15.0071,15.004376,15.013423,15.100929,15.381002,15.14601,16.268435,16.040173,15.14971,14.980245,15.014576,15.112674,0.0,0.0,0.0,0.0,0.0,0.0,0.0,0.0
4532,2023.0,2.0,1.0,11.0,15.980662,16.456678,15.018773,15.133813,15.0199,14.86671,15.012755,15.053946,15.02265,15.157728,15.200928,14.9687195,16.323397,16.113115,15.102405,14.93737,15.022652,15.185206,0.0,0.0,0.0,0.0,0.0,0.0,0.0,0.0
4533,2023.0,2.0,1.0,11.0,15.300252,15.163585,15.011384,15.16015,15.001538,14.879711,15.007552,15.071693,15.011834,15.155562,15.066899,14.852334,16.30247,16.098635,15.061621,14.902853,15.014003,15.20059,0.0,0.0,0.0,0.0,0.0,0.0,0.0,0.0
4534,2023.0,2.0,1.0,11.0,15.004164,14.830499,15.023104,15.2258625,15.005486,14.94713,15.014989,15.118124,15.025306,15.204009,15.004597,14.857782,16.280476,16.081987,15.021703,14.867763,15.027936,15.260941,0.0,0.0,0.0,0.0,0.0,0.0,0.0,0.0
4535,2023.0,2.0,1.0,11.0,15.66097,16.150919,15.011988,15.232477,15.005543,14.985419,15.008345,15.128172,15.012392,15.190548,15.010223,14.9393015,16.260725,16.068567,15.000314,14.865426,15.01359,15.25133,0.0,0.0,0.0,0.0,0.0,0.0,0.0,0.0
4536,2023.0,2.0,1.0,12.0,15.174496,15.07779,15.014115,15.265454,15.006449,15.024388,15.009837,15.155735,15.014184,15.207482,15.010163,14.994756,16.241411,16.054926,15.003745,14.898735,15.016165,15.275177,0.0,0.0,0.0,0.0,0.0,0.0,0.0,0.0
4537,2023.0,2.0,1.0,12.0,20.61315,24.66738,15.014283,15.290263,20.179268,24.025242,20.07728,23.964695,15.0144825,15.218742,15.010852,15.035986,20.243378,22.81882,20.56616,24.242958,15.016286,15.289866,0.0,0.0,0.0,0.0,0.0,0.0,0.0,0.0
4538,2023.0,2.0,1.0,12.0,21.003935,24.760666,15.014707,15.3120365,21.030033,24.947094,20.94098,24.923216,15.013911,15.224091,15.188836,15.392874,21.105747,24.154371,21.172691,24.971342,15.015882,15.298144,0.0,0.0,0.0,0.0,4.0,0.0,0.0,0.0
4539,2023.0,2.0,1.0,12.0,21.140053,24.580278,15.015224,15.328623,21.132557,24.649227,21.131008,24.755144,15.0138645,15.224692,19.81892,23.267328,21.343102,24.136381,22.030577,25.966017,15.0156145,15.299173,0.0,0.0,4.0,0.0,0.0,0.0,0.0,0.0
4540,2023.0,2.0,1.0,12.0,21.08818,24.146446,15.100882,15.4787445,21.098154,24.248892,21.104485,24.384892,15.013474,15.221507,17.445644,18.00118,21.754358,24.539171,22.61134,26.55657,15.015189,15.295125,4.0,0.0,0.0,0.0,0.0,0.0,0.0,0.0
4541,2023.0,2.0,1.0,12.0,21.117664,24.008911,19.733553,23.42315,21.099361,24.019682,21.123716,24.14697,15.013368,15.221737,15.705655,15.595113,22.257414,25.189428,22.244976,25.451986,15.015064,15.290422,0.0,0.0,0.0,0.0,0.0,0.0,0.0,0.0
4542,2023.0,2.0,1.0,13.0,21.109062,23.833347,17.488564,18.409563,21.096119,23.845045,21.117548,23.938505,15.012745,15.218692,15.355516,15.176366,21.916416,24.246061,21.894005,24.525625,15.015123,15.286362,4.0,0.0,0.0,0.0,0.0,0.0,0.0,0.0
4543,2023.0,2.0,1.0,13.0,22.001648,25.06727,20.170128,23.665197,21.97958,25.082481,21.936806,25.08834,15.013049,15.217908,15.603142,15.7938,21.399313,23.12915,22.020035,24.684711,15.015,15.285825,0.0,0.0,0.0,0.0,4.0,4.0,0.0,0.0
4544,2023.0,2.0,1.0,13.0,20.962374,23.189577,17.818674,18.615276,21.001234,23.27409,20.987337,23.351376,15.750699,16.300825,20.218554,23.66116,21.118284,22.724867,21.001513,22.852407,15.715788,16.306007,4.0,4.0,0.0,0.0,0.0,0.0,0.0,0.0
4545,2023.0,2.0,1.0,13.0,21.768507,24.446169,20.158949,23.265476,21.588642,24.299187,21.775501,24.499443,14.980288,15.049833,17.614065,18.081167,21.63507,23.462225,21.8806,24.232956,14.986018,15.135167,0.0,0.0,0.0,0.0,0.0,0.0,0.0,0.0
4546,2023.0,2.0,1.0,13.0,20.924551,22.966866,17.4747,17.700418,20.996643,23.098845,21.08265,23.446749,15.018941,15.154125,15.973111,15.84545,20.94924,22.221302,20.887106,22.493574,15.018516,15.226054,0.0,0.0,0.0,0.0,0.0,0.0,0.0,0.0
4547,2023.0,2.0,1.0,13.0,21.135208,23.40415,15.967502,15.852681,21.119204,23.313715,21.091574,23.447771,15.011822,15.163113,15.601908,15.407321,21.047558,22.440083,21.117313,23.006395,15.01401,15.239285,0.0,0.0,0.0,0.0,0.0,4.0,0.0,0.0
4548,2023.0,2.0,1.0,14.0,21.091984,23.31117,15.620113,15.480749,21.07828,23.240408,21.087856,23.422157,15.0138035,15.185354,15.399031,15.201977,21.081879,22.523848,21.072613,22.950449,15.015478,15.259196,0.0,0.0,0.0,0.0,0.0,0.0,0.0,0.0
4549,2023.0,2.0,1.0,14.0,19.038605,19.384066,15.391301,15.270494,19.497257,20.176535,18.870005,19.145395,15.012594,15.198032,15.253417,15.073899,19.210438,18.91665,19.88857,20.650314,15.014675,15.271255,0.0,4.0,0.0,0.0,0.0,0.0,4.0,0.0
4550,2023.0,2.0,1.0,14.0,17.84758,17.902235,15.186513,15.064548,18.004534,17.966507,17.526722,17.432604,15.013658,15.214165,15.117536,14.944109,19.009333,19.164522,19.080591,19.5421,15.565133,16.30634,0.0,0.0,0.0,0.0,0.0,4.0,4.0,4.0
4551,2023.0,2.0,1.0,14.0,17.39301,17.418497,15.017539,14.899159,17.095152,16.688465,17.031641,16.897295,15.014032,15.228033,14.999104,14.8443165,18.285162,17.855324,17.789734,17.396181,19.672443,23.2691,0.0,0.0,0.0,0.0,0.0,0.0,0.0,0.0
4552,2023.0,2.0,1.0,14.0,17.069658,17.089594,15.345693,15.639522,16.616484,16.165543,16.695496,16.557482,15.014344,15.240548,15.011089,14.945672,17.78926,17.294903,17.140226,16.708618,16.581875,16.705341,4.0,0.0,0.0,0.0,0.0,0.0,0.0,0.0
4553,2023.0,2.0,1.0,14.0,16.815458,16.842802,19.900759,23.5615,16.54064,16.322014,16.424543,16.288471,15.014829,15.2524395,15.009487,15.002341,17.54224,17.055912,16.8248,16.409622,15.071785,14.817255,0.0,0.0,0.0,0.0,0.0,0.0,0.0,0.0
4554,2023.0,2.0,1.0,15.0,16.611496,16.652063,17.666817,18.557657,16.417963,16.252329,16.197382,16.065784,15.014632,15.259632,15.009617,15.047689,17.572588,17.323353,16.56861,16.169884,15.022468,14.989401,4.0,0.0,0.0,0.0,0.0,0.0,0.0,0.0
4555,2023.0,2.0,1.0,15.0,16.421299,16.458927,20.261412,23.679289,16.239647,16.084042,16.002153,15.874378,15.015027,15.266507,15.011093,15.080083,17.521822,17.315039,17.632866,18.405989,15.01279,15.080542,4.0,0.0,0.0,0.0,0.0,0.0,4.0,0.0
4556,2023.0,2.0,1.0,15.0,16.26455,16.312082,20.041643,22.857615,16.076893,15.926393,15.832562,15.7087755,15.014944,15.270758,15.010512,15.098662,17.408659,17.211775,16.813833,16.562212,15.67294,16.394121,4.0,0.0,0.0,0.0,0.0,0.0,0.0,4.0
4557,2023.0,2.0,1.0,15.0,16.132051,16.187063,20.118277,22.759024,15.933908,15.78887,15.685869,15.566533,15.014995,15.274116,15.010602,15.111902,18.120323,18.663742,16.23785,15.88748,20.34686,24.330017,0.0,0.0,0.0,0.0,0.0,4.0,0.0,4.0
4558,2023.0,2.0,1.0,15.0,16.012068,16.072119,17.580381,17.703962,16.530487,17.021418,15.558151,15.44234,15.015053,15.278235,15.14739,15.366241,17.383408,17.061102,16.019407,15.666707,20.054356,23.274073,0.0,4.0,0.0,0.0,4.0,0.0,0.0,0.0
4559,2023.0,2.0,1.0,15.0,16.679579,17.422235,16.777895,17.072788,16.117561,16.123665,16.177534,16.702522,15.373457,15.938634,20.378065,24.0538,17.713417,17.990032,16.030062,15.851661,17.657703,18.274408,4.0,0.0,4.0,4.0,4.0,4.0,0.0,4.0
4560,2023.0,2.0,1.0,16.0,16.935957,17.730478,20.309328,23.368841,16.221493,16.49517,16.449888,17.058872,21.023746,25.581722,20.014961,23.088127,17.16199,16.80722,15.986664,15.837086,20.978115,24.62902,4.0,4.0,4.0,4.0,0.0,0.0,0.0,0.0
4561,2023.0,2.0,1.0,16.0,16.066868,16.053349,20.040972,22.531994,16.33544,16.662598,15.647405,15.511707,19.905426,22.931053,17.782211,18.391209,16.810534,16.397757,17.005419,17.846369,17.701923,17.84451,4.0,4.0,0.0,4.0,4.0,0.0,4.0,0.0
4562,2023.0,2.0,1.0,16.0,16.344385,16.85157,20.093996,22.435469,15.662921,15.422069,15.157127,14.852156,20.78826,24.086056,20.273438,23.194937,17.491549,17.796268,16.199661,15.991884,16.904512,17.402046,4.0,0.0,0.0,0.0,4.0,4.0,0.0,4.0
4563,2023.0,2.0,1.0,16.0,16.529314,17.080303,20.084488,22.275927,15.285562,14.944957,14.99896,14.696221,18.212128,18.719458,20.054247,22.455738,16.982904,16.649227,15.689261,15.382262,21.96957,26.244291,4.0,0.0,0.0,4.0,0.0,0.0,0.0,4.0
4564,2023.0,2.0,1.0,16.0,16.537422,17.089436,20.083237,22.170403,15.851862,16.122402,15.095502,14.951727,20.341885,23.191322,17.892181,18.068832,16.648266,16.25326,15.532814,15.222068,19.859625,22.08809,4.0,4.0,0.0,0.0,4.0,0.0,0.0,0.0
4565,2023.0,2.0,1.0,16.0,16.535166,17.084051,20.098787,22.137094,16.098484,16.457853,15.823174,16.368876,18.112078,18.571716,20.339798,22.818575,17.343718,17.664837,15.426371,15.121858,17.419298,17.346418,0.0,4.0,4.0,4.0,0.0,4.0,0.0,0.0
4566,2023.0,2.0,1.0,17.0,16.541695,17.097765,18.263166,18.53788,16.120625,16.487383,15.494221,15.564392,20.341017,23.101812,17.81528,17.825502,16.84444,16.5242,15.486968,15.339173,16.198923,15.861923,4.0,4.0,0.0,0.0,0.0,0.0,0.0,0.0
4567,2023.0,2.0,1.0,17.0,15.878964,15.865766,20.251196,22.634357,15.477252,15.289232,14.997181,14.825441,17.672794,17.688004,16.57208,16.378126,16.520636,16.139143,15.484218,15.356665,15.925998,15.742553,4.0,0.0,0.0,0.0,0.0,0.0,0.0,0.0
4568,2023.0,2.0,1.0,17.0,16.250093,16.78199,20.044418,22.064915,15.809109,16.120012,15.014099,14.914113,16.234646,15.864617,16.670523,16.841362,17.23391,17.576845,15.431571,15.305953,16.733465,17.48781,4.0,4.0,0.0,0.0,4.0,4.0,0.0,4.0
4569,2023.0,2.0,1.0,17.0,15.763778,15.752919,20.083218,22.043135,16.00458,16.37331,15.00321,14.946232,15.97587,15.776558,20.342571,23.123585,17.477953,17.822523,15.377021,15.252202,20.79742,24.392105,4.0,4.0,0.0,0.0,0.0,4.0,0.0,0.0
4570,2023.0,2.0,1.0,17.0,16.143356,16.670567,20.09367,22.00806,15.378751,15.197932,15.669925,16.232924,15.78742,15.620294,18.01271,18.372059,16.77525,16.459711,15.325182,15.200667,17.65279,17.802542,0.0,0.0,4.0,0.0,0.0,0.0,0.0,0.0
4571,2023.0,2.0,1.0,17.0,15.680126,15.674598,18.04235,18.030054,15.002955,14.723284,15.970443,16.600887,15.58381,15.428519,16.608028,16.498943,16.445333,16.063797,15.274875,15.149668,15.961061,15.636296,0.0,0.0,4.0,0.0,0.0,0.0,0.0,0.0
4572,2023.0,2.0,1.0,18.0,16.074713,16.615423,17.46482,17.70691,15.593799,15.906047,15.187665,15.06141,15.402374,15.2529545,16.211506,16.041567,16.339674,15.956544,15.22757,15.102902,15.701179,15.525809,4.0,4.0,0.0,0.0,0.0,0.0,0.0,0.0
4573,2023.0,2.0,1.0,18.0,20.776691,24.603788,20.2336,22.768568,19.835382,23.12153,20.627432,24.593372,16.091082,16.673103,16.40873,16.583984,20.731142,23.538385,20.802097,24.498337,15.559889,15.406451,0.0,0.0,4.0,4.0,4.0,0.0,0.0,0.0
4574,2023.0,2.0,1.0,18.0,21.055326,24.556667,18.48921,19.105886,21.177542,24.949327,21.050047,24.743511,21.459272,25.73984,20.403076,23.381262,21.76287,25.062033,21.64356,25.571562,15.381097,15.234412,4.0,4.0,4.0,4.0,0.0,4.0,0.0,0.0
4575,2023.0,2.0,1.0,18.0,21.134905,24.315887,20.286451,22.701845,21.117563,24.361052,21.139408,24.481838,19.879562,22.39166,18.194345,18.78679,21.196991,23.618898,22.378157,26.37367,15.228017,15.088151,4.0,4.0,0.0,0.0,4.0,0.0,0.0,0.0
4576,2023.0,2.0,1.0,18.0,21.13874,24.051779,20.105469,22.166729,21.14361,24.114109,21.133678,24.142109,17.295809,17.208061,20.30822,23.012672,21.088432,23.197826,21.896973,25.079693,16.158167,16.969524,4.0,0.0,4.0,0.0,4.0,0.0,4.0,4.0
4577,2023.0,2.0,1.0,18.0,21.086756,23.7537,20.081528,21.997675,21.08823,23.758408,21.0969,23.850468,16.005651,15.600752,20.056713,22.228567,21.088667,23.026253,21.352306,23.63307,20.364346,24.068008,4.0,4.0,4.0,0.0,0.0,0.0,0.0,0.0
4578,2023.0,2.0,1.0,19.0,21.108473,23.67585,20.092302,21.950956,21.113653,23.664711,21.116146,23.747988,15.844055,15.645494,17.759315,17.62072,21.735094,24.0536,22.786736,26.102106,17.085993,17.146646,0.0,0.0,0.0,0.0,0.0,4.0,0.0,0.0
4579,2023.0,2.0,1.0,19.0,21.101517,23.549702,18.045393,17.970703,21.082825,23.457914,21.109562,23.609371,15.715814,15.546542,16.720362,16.49205,20.95723,22.444122,21.984741,24.553982,15.569056,15.234982,0.0,4.0,0.0,0.0,0.0,4.0,0.0,0.0
4580,2023.0,2.0,1.0,19.0,21.075495,23.390177,17.511871,17.72576,21.109564,23.43501,21.084549,23.44396,15.546324,15.384138,16.46014,16.245985,21.095736,22.695354,20.954483,22.591137,15.419361,15.261068,4.0,0.0,4.0,0.0,0.0,0.0,0.0,0.0
4581,2023.0,2.0,1.0,19.0,21.15519,23.485733,20.237501,22.70818,21.150173,23.418768,21.159393,23.540274,15.398577,15.242243,16.221714,16.011412,21.12212,22.701103,21.373579,23.488594,16.34812,17.127901,0.0,4.0,0.0,0.0,0.0,0.0,0.0,4.0
4582,2023.0,2.0,1.0,19.0,21.102283,23.345486,18.252758,18.610687,21.082855,23.222387,21.08126,23.301668,15.270559,15.119514,16.019072,15.817591,21.049227,22.495115,21.036318,22.808182,20.334793,23.845966,0.0,4.0,4.0,0.0,0.0,4.0,4.0,0.0
4583,2023.0,2.0,1.0,19.0,21.071638,23.216455,17.399025,17.680695,21.10516,23.236866,21.085249,23.261387,15.15959,15.013267,15.846471,15.652229,21.053308,22.476542,21.06186,22.848358,17.173426,17.184292,4.0,0.0,4.0,0.0,0.0,4.0,4.0,0.0
4584,2023.0,2.0,1.0,20.0,21.101238,23.25778,20.240114,22.871866,21.075293,23.111006,21.083923,23.218456,15.898519,16.500938,15.688543,15.495742,21.081573,22.527521,21.09685,22.933567,16.632652,17.12931,0.0,4.0,4.0,4.0,0.0,0.0,0.0,4.0
4585,2023.0,2.0,1.0,20.0,21.06888,23.136713,18.109758,18.385962,21.079508,23.083082,21.106863,23.24769,20.316566,23.98629,15.555852,15.372665,21.075819,22.485952,21.088951,22.89434,20.376549,23.607779,4.0,4.0,0.0,0.0,0.0,0.0,0.0,0.0
4586,2023.0,2.0,1.0,20.0,21.163494,23.314852,20.262228,22.7902,21.160524,23.214338,21.15921,23.314331,17.131594,17.185596,15.861871,16.057747,21.127287,22.56117,21.194239,23.05376,17.34367,17.30224,4.0,4.0,0.0,0.0,4.0,0.0,4.0,0.0
4587,2023.0,2.0,1.0,20.0,21.090145,23.133707,20.03842,22.090816,21.09907,23.079712,21.073662,23.087893,15.52961,15.145294,20.403692,23.60641,21.05552,22.425339,21.092249,22.856918,15.890816,15.508412,4.0,0.0,4.0,0.0,0.0,0.0,0.0,0.0
4588,2023.0,2.0,1.0,20.0,21.06651,23.040455,20.081997,22.015688,21.071224,22.97537,21.104082,23.142641,15.42087,15.242985,17.781633,18.183958,21.059517,22.434702,21.086866,22.825994,15.742706,15.568814,4.0,4.0,0.0,0.0,0.0,0.0,0.0,0.0
4589,2023.0,2.0,1.0,20.0,21.096994,23.10017,20.07312,21.889135,21.074966,22.959202,21.071651,23.031725,15.34898,15.194257,16.235638,16.077282,21.05828,22.427567,21.0857,22.800676,15.621028,15.466769,4.0,4.0,4.0,0.0,0.0,0.0,0.0,0.0
4590,2023.0,2.0,1.0,21.0,21.178162,23.230043,20.151072,21.95435,21.185312,23.175762,21.191883,23.269459,15.229927,15.081134,15.897245,15.696772,21.118046,22.534681,21.142347,22.916693,15.467486,15.320089,4.0,0.0,0.0,0.0,0.0,0.0,0.0,0.0
4591,2023.0,2.0,1.0,21.0,21.033382,22.936878,20.080343,21.776821,21.079538,22.930437,21.082565,23.018728,15.913123,16.460669,16.16625,16.36092,21.05038,22.388199,21.022694,22.651556,15.340575,15.202502,0.0,0.0,0.0,4.0,4.0,0.0,4.0,0.0
4592,2023.0,2.0,1.0,21.0,21.073214,22.99172,18.07148,17.890678,21.09449,22.938046,21.078417,23.031181,20.253412,23.563013,20.377453,23.37421,21.058443,22.395914,21.096027,22.80022,15.221949,15.083533,0.0,0.0,0.0,0.0,4.0,0.0,0.0,0.0
4593,2023.0,2.0,1.0,21.0,21.093052,23.029055,17.166185,16.951908,21.047697,22.844097,21.078232,23.036097,17.215277,17.230688,20.029106,22.450462,21.057276,22.384228,21.083952,22.749382,15.117168,14.978249,0.0,4.0,0.0,0.0,4.0,0.0,0.0,0.0
4594,2023.0,2.0,1.0,21.0,21.060146,22.918962,17.390759,17.619537,21.055292,22.871,21.052246,22.964127,15.605047,15.200104,20.106598,22.313168,21.056562,22.37292,21.08363,22.723536,15.024489,14.883717,4.0,4.0,4.0,0.0,0.0,0.0,0.0,0.0
4595,2023.0,2.0,1.0,21.0,21.067532,22.91614,20.242996,22.761536,21.098656,22.942057,21.1028,23.043047,15.506517,15.320607,17.724478,17.5218,21.056767,22.363066,21.067614,22.701353,15.004715,14.914781,0.0,0.0,0.0,0.0,0.0,0.0,0.0,0.0
4596,2023.0,2.0,1.0,22.0,21.09254,22.971312,18.258759,18.605606,21.090637,22.893457,21.070076,22.92463,15.429344,15.271296,16.688522,16.43982,21.056486,22.352156,21.069414,22.706411,15.876888,16.60197,0.0,0.0,4.0,0.0,0.0,0.0,0.0,4.0
4597,2023.0,2.0,1.0,22.0,21.060966,22.869976,17.425165,17.689709,21.090765,22.864878,21.0997,22.978745,15.300966,15.148985,16.768524,16.818155,21.056149,22.34147,21.069008,22.70314,20.40801,24.179218,4.0,0.0,0.0,0.0,4.0,0.0,0.0,4.0
4598,2023.0,2.0,1.0,22.0,21.163387,23.06243,20.253202,22.81495,21.162962,23.024849,21.161163,23.074564,15.182127,15.026201,20.447214,23.101086,21.131533,22.482407,21.247103,23.028214,21.182182,24.838799,4.0,0.0,0.0,0.0,0.0,0.0,4.0,4.0
4599,2023.0,2.0,1.0,22.0,22.324148,24.949873,20.058966,22.13466,21.071667,22.844112,21.071917,22.907759,15.0800085,14.925038,18.090069,18.34319,21.930595,23.766035,21.091967,22.708658,19.899733,22.166735,0.0,0.0,0.0,0.0,0.0,0.0,0.0,4.0
4600,2023.0,2.0,1.0,22.0,20.901007,22.35982,18.187803,18.337305,21.07126,22.843145,21.074486,22.915167,14.997959,14.855033,17.033768,17.106236,21.021868,22.173378,21.081814,22.660814,20.126299,22.443768,4.0,0.0,0.0,0.0,4.0,0.0,0.0,0.0
4601,2023.0,2.0,1.0,22.0,21.980612,24.162256,20.251581,22.537565,21.164371,23.025667,21.182472,23.11017,15.365898,15.239693,20.449694,23.006285,21.826057,23.523235,21.18488,22.842243,18.206,18.55143,0.0,0.0,4.0,0.0,4.0,0.0,0.0,4.0
4602,2023.0,2.0,1.0,23.0,21.05514,22.714685,18.268896,18.409166,21.070288,22.828852,21.078156,22.916653,15.0504,14.902851,20.012615,22.057947,20.96912,21.938202,21.0647,22.61158,20.471695,22.969528,4.0,0.0,0.0,0.0,4.0,4.0,0.0,0.0
4603,2023.0,2.0,1.0,23.0,19.989557,20.695257,16.783607,16.299305,19.353365,19.528326,18.927643,18.75203,15.007,14.916123,17.746906,17.530537,20.335354,20.803192,20.184484,20.886507,17.74687,17.59493,0.0,0.0,0.0,0.0,0.0,4.0,4.0,0.0
4604,2023.0,2.0,1.0,23.0,18.4692,18.232864,16.278463,15.701345,18.263916,18.099586,17.649261,17.103144,15.007322,14.959067,16.766977,16.475864,19.01492,18.505611,19.450087,19.798918,16.449377,16.029753,0.0,0.0,0.0,0.0,4.0,0.0,4.0,0.0
4605,2023.0,2.0,1.0,23.0,17.72536,17.344477,16.317871,16.046497,17.834759,17.619465,17.49364,17.228018,15.008125,14.993638,16.259375,15.7428255,18.383177,17.791763,18.309692,17.90419,16.263216,16.059507,0.0,0.0,0.0,0.0,0.0,0.0,0.0,0.0
4606,2023.0,2.0,1.0,23.0,17.367273,16.977806,16.279644,16.079706,17.548676,17.324043,17.344046,17.133032,15.008764,15.020605,16.167727,15.911154,18.101667,17.514204,17.644577,17.136227,16.097227,15.92384,0.0,0.0,0.0,0.0,0.0,0.0,0.0,0.0
4607,2023.0,2.0,1.0,23.0,17.446928,17.407324,16.14406,15.951812,17.319963,17.09767,17.131058,16.926727,15.008552,15.041277,16.076727,15.859062,17.89019,17.318506,17.31976,16.82083,15.9039345,15.738427,0.0,0.0,0.0,0.0,0.0,0.0,0.0,0.0
4608,2023.0,2.0,2.0,0.0,17.351343,17.339794,16.02507,15.846157,17.138792,16.934387,16.95348,16.767056,15.387816,15.762789,15.936865,15.739193,18.005035,17.740974,17.093397,16.622198,16.519188,17.058899,0.0,0.0,0.0,4.0,0.0,0.0,0.0,4.0
4609,2023.0,2.0,2.0,0.0,17.225573,17.218817,15.926021,15.746796,16.994505,16.791185,16.810844,16.625452,14.975664,14.973266,15.815433,15.620306,17.9809,17.760815,17.160109,16.938066,15.9061365,15.794341,0.0,0.0,0.0,0.0,0.0,0.0,0.0,0.0
4610,2023.0,2.0,2.0,0.0,17.07987,17.07301,15.816585,15.636783,16.839012,16.636438,16.656446,16.471647,15.363399,15.7527895,15.682422,15.488628,17.870605,17.64296,17.098783,16.908672,16.061626,16.341612,0.0,0.0,0.0,4.0,0.0,0.0,0.0,4.0
4611,2023.0,2.0,2.0,0.0,16.972078,16.969315,15.734276,15.556883,16.72435,16.52691,16.54214,16.362309,14.968713,14.968974,15.578384,15.381987,17.781443,17.553698,16.987934,16.798908,15.396939,15.040626,0.0,0.0,0.0,0.0,0.0,0.0,0.0,0.0
4612,2023.0,2.0,2.0,0.0,16.84457,16.835226,15.634528,15.450233,16.588839,16.384823,16.40671,16.22019,15.036584,15.13538,15.457747,15.253294,17.67833,17.444496,16.855022,16.659773,15.034656,14.649405,0.0,0.0,0.0,0.0,0.0,0.0,0.0,0.0
4613,2023.0,2.0,2.0,0.0,16.744213,16.745571,15.557664,15.383147,16.483465,16.292696,16.300905,16.12768,15.364046,15.731985,15.361479,15.164911,17.59291,17.364075,16.743681,16.55492,15.868815,16.379522,0.0,0.0,0.0,4.0,0.0,0.0,0.0,4.0
4614,2023.0,2.0,2.0,1.0,16.656914,16.657785,15.487999,15.312612,16.390831,16.200603,16.207478,16.034855,14.969382,14.971194,15.2778,15.078284,17.51817,17.28673,16.648706,16.457815,15.157249,14.83631,0.0,0.0,0.0,0.0,0.0,0.0,0.0,0.0
4615,2023.0,2.0,2.0,1.0,16.564096,16.565302,15.914786,16.17769,16.292585,16.10413,16.108286,15.937429,15.029819,15.109436,15.18844,14.987769,17.439083,17.206308,16.547998,16.355776,15.028247,14.877396,4.0,0.0,0.0,0.0,0.0,0.0,0.0,0.0
4616,2023.0,2.0,2.0,1.0,16.477676,16.478971,15.630881,15.554619,16.200783,16.013596,16.01548,15.845883,15.008146,15.090266,15.104842,14.902927,17.364906,17.130892,16.454262,16.261028,15.011456,14.886841,0.0,0.0,0.0,0.0,0.0,0.0,0.0,0.0
4617,2023.0,2.0,2.0,1.0,16.400505,16.404673,15.397228,15.245243,16.118696,15.93565,15.93239,15.766982,15.325321,15.693718,15.02948,14.82904,17.297655,17.0646,16.369967,16.178286,15.648121,16.134659,0.0,0.0,0.0,4.0,0.0,0.0,0.0,4.0
4618,2023.0,2.0,2.0,1.0,16.333502,16.33628,15.301238,15.129358,16.047413,15.864026,15.860246,15.694387,14.957281,15.005055,15.00263,14.832552,17.238424,17.002892,16.297297,16.103378,15.63203,15.928687,0.0,0.0,0.0,0.0,0.0,0.0,0.0,4.0
4619,2023.0,2.0,2.0,1.0,16.265326,16.270033,15.230425,15.0595045,15.974919,15.794813,15.787264,15.624421,15.031559,15.150827,15.007482,14.882855,17.177595,16.942427,16.222656,16.029465,14.922866,14.734093,0.0,0.0,0.0,0.0,0.0,0.0,0.0,0.0
4620,2023.0,2.0,2.0,2.0,16.195185,16.196287,15.160082,14.983884,15.899533,15.716051,15.711335,15.544926,15.041202,15.16508,15.008824,14.92137,17.115782,16.877548,16.147772,15.951582,15.02735,15.003397,0.0,0.0,0.0,0.0,0.0,0.0,0.0,0.0
4621,2023.0,2.0,2.0,2.0,16.136862,16.142532,15.100141,14.924299,15.832805,15.650779,15.644128,15.479012,15.02165,15.14141,15.011078,14.948488,17.059153,16.82036,16.079494,15.883067,15.026839,14.996985,0.0,0.0,0.0,0.0,0.0,0.0,0.0,0.0
4622,2023.0,2.0,2.0,2.0,16.079124,16.08549,15.046273,14.873056,15.771552,15.592963,15.58245,15.420605,15.3161,15.703601,15.007581,14.959918,17.005812,16.767397,16.015524,15.819716,15.006449,14.998322,0.0,0.0,0.0,4.0,0.0,0.0,0.0,0.0
4623,2023.0,2.0,2.0,2.0,16.022789,16.028996,14.997916,14.832506,15.712194,15.535867,15.52268,15.362851,14.96179,15.023164,15.009316,14.98076,16.954182,16.715715,15.954482,15.7591915,15.010639,15.034743,0.0,0.0,0.0,0.0,0.0,0.0,0.0,0.0
4624,2023.0,2.0,2.0,2.0,15.965088,15.967841,15.003842,14.88574,15.650558,15.471666,15.460855,15.298313,15.0247755,15.186944,15.125821,15.209029,16.902164,16.66157,15.893489,15.696134,15.016634,15.071974,0.0,0.0,0.0,0.0,4.0,0.0,0.0,0.0
4625,2023.0,2.0,2.0,2.0,15.9114485,15.9128065,15.005247,14.916565,15.594351,15.416125,15.404695,15.242551,15.025382,15.182639,15.013053,14.973857,16.853481,16.612263,15.83647,15.63876,15.017442,15.088233,0.0,0.0,0.0,0.0,0.0,0.0,0.0,0.0
4626,2023.0,2.0,2.0,3.0,15.858779,15.858281,15.007451,14.946092,15.539979,15.362262,15.350451,15.188543,15.02588,15.195808,15.018239,15.038822,16.806164,16.564316,15.781447,15.583368,15.019251,15.106556,0.0,0.0,0.0,0.0,0.0,0.0,0.0,0.0
4627,2023.0,2.0,2.0,3.0,15.813463,15.817165,15.008835,14.970454,15.487682,15.310804,15.298385,15.137033,15.027846,15.207291,15.018426,15.043364,16.760443,16.518297,15.728501,15.530348,15.020449,15.121065,0.0,0.0,0.0,0.0,0.0,0.0,0.0,0.0
4628,2023.0,2.0,2.0,3.0,15.765547,15.76782,15.005845,14.98305,15.438645,15.264218,15.249618,15.090365,15.273036,15.659823,15.009251,15.038083,16.716684,16.474924,15.677967,15.480443,15.009274,15.111772,0.0,0.0,0.0,4.0,0.0,0.0,0.0,0.0
4629,2023.0,2.0,2.0,3.0,16.541029,17.268167,15.006608,15.002914,15.391665,15.220314,15.202978,15.046463,14.990074,15.10225,15.011768,15.053382,16.674921,16.434465,15.630043,15.434263,15.012236,15.128829,0.0,0.0,0.0,0.0,0.0,0.0,0.0,0.0
4630,2023.0,2.0,2.0,3.0,16.10184,16.20663,15.0070305,15.02056,15.343171,15.172195,15.154941,14.998461,15.03026,15.18617,15.011651,15.062686,16.632643,16.391743,15.58149,15.3855295,15.012785,15.141555,0.0,0.0,0.0,0.0,0.0,0.0,0.0,0.0
4631,2023.0,2.0,2.0,3.0,15.514893,15.258059,15.007484,15.037095,15.29566,15.124961,15.108027,14.951522,15.012772,15.17427,15.012106,15.072306,17.392376,17.865501,15.534236,15.338231,15.463844,15.983789,0.0,0.0,0.0,0.0,0.0,4.0,0.0,4.0
4632,2023.0,2.0,2.0,4.0,15.279131,14.962124,15.00796,15.052633,15.2492285,15.078182,15.062077,14.9050255,15.24175,15.60559,15.012657,15.082185,16.915205,16.729801,15.487623,15.29113,14.9578495,15.003344,0.0,0.0,0.0,4.0,0.0,0.0,0.0,0.0
4633,2023.0,2.0,2.0,4.0,15.475806,15.454715,15.008514,15.06745,15.203218,15.031459,15.016526,14.858561,14.975157,15.1069765,15.012981,15.091089,16.37353,15.847373,15.44175,15.244703,15.037951,15.166725,0.0,0.0,0.0,0.0,0.0,0.0,0.0,0.0
4634,2023.0,2.0,2.0,4.0,15.516638,15.518271,15.008694,15.081072,15.160103,14.990104,15.740727,16.255894,15.003206,15.141259,15.013279,15.0999,16.185276,15.649614,15.398693,15.203027,15.205116,15.457999,0.0,0.0,4.0,4.0,0.0,0.0,0.0,4.0
4635,2023.0,2.0,2.0,4.0,15.487039,15.494098,15.009164,15.094727,15.115813,14.9460125,15.340157,15.286411,15.032266,15.21906,15.013561,15.108329,16.378662,16.133995,15.3548765,15.159166,14.996547,15.082755,0.0,0.0,0.0,0.0,0.0,0.0,0.0,0.0
4636,2023.0,2.0,2.0,4.0,15.4624,15.480938,15.018741,15.126825,15.068893,14.896036,15.022311,14.840576,15.051299,15.257574,15.026719,15.142805,16.41272,16.169195,15.309813,15.112399,15.043348,15.19484,0.0,0.0,0.0,0.0,0.0,0.0,0.0,0.0
4637,2023.0,2.0,2.0,4.0,15.419859,15.433002,15.018117,15.133401,15.025945,14.853461,15.002343,14.882245,15.030885,15.23216,15.026758,15.146186,16.375666,16.132393,15.267133,15.069989,15.025167,15.17453,0.0,0.0,0.0,0.0,0.0,0.0,0.0,0.0
4638,2023.0,2.0,2.0,5.0,15.376115,15.385437,15.019102,15.145666,15.001306,14.845913,15.005395,14.927317,15.031116,15.252479,15.027843,15.155709,16.338028,16.094994,15.2247925,15.027892,15.025903,15.201172,0.0,0.0,0.0,0.0,0.0,0.0,0.0,0.0
4639,2023.0,2.0,2.0,5.0,15.333251,15.3398075,15.019986,15.156845,15.003241,14.883925,15.007226,14.960689,15.032289,15.266297,15.028063,15.163021,16.300951,16.0588,15.183354,14.987274,15.027742,15.22023,0.0,0.0,0.0,0.0,0.0,0.0,0.0,0.0
4640,2023.0,2.0,2.0,5.0,15.290322,15.293818,15.020451,15.16717,15.0049715,14.912252,15.00949,14.990483,15.032983,15.277653,15.028652,15.171434,16.26424,16.022959,15.142492,14.947224,15.028564,15.235084,0.0,0.0,0.0,0.0,0.0,0.0,0.0,0.0
4641,2023.0,2.0,2.0,5.0,15.255225,15.263443,15.010047,15.1574,15.00412,14.931466,15.005597,15.003483,15.015278,15.254677,15.013327,15.151055,16.228432,15.988572,15.102376,14.9081955,15.425483,15.974862,0.0,0.0,0.0,0.0,0.0,0.0,0.0,4.0
4642,2023.0,2.0,2.0,5.0,15.217823,15.226405,15.012107,15.1717415,15.004989,14.95441,15.007023,15.026504,15.018264,15.27033,15.015854,15.164731,16.192368,15.953681,15.062149,14.8690405,14.962978,15.0686865,0.0,0.0,0.0,0.0,0.0,0.0,0.0,0.0
4643,2023.0,2.0,2.0,5.0,15.178061,15.185207,15.023086,15.203694,15.009109,14.98385,15.013219,15.058622,15.035293,15.312987,15.004304,15.132443,16.155676,15.916948,15.021829,14.828983,15.049685,15.267806,0.0,0.0,0.0,0.0,4.0,0.0,0.0,0.0
4644,2023.0,2.0,2.0,6.0,15.144612,15.1556635,15.023439,15.20966,15.010568,15.003519,15.014265,15.075622,15.202488,15.6054125,15.03188,15.221312,16.120592,15.882701,15.001387,14.826379,15.028769,15.233188,0.0,0.0,0.0,4.0,0.0,0.0,0.0,0.0
4645,2023.0,2.0,2.0,6.0,20.217052,24.007736,15.011384,15.196165,20.068274,23.800173,20.017895,23.777882,19.195946,22.414034,15.014065,15.186126,20.041046,22.529566,20.470448,24.034086,15.015403,15.233073,0.0,0.0,0.0,0.0,0.0,0.0,0.0,0.0
4646,2023.0,2.0,2.0,6.0,21.099705,24.970789,15.013227,15.20874,21.087233,24.990532,21.031042,24.968609,16.339848,16.302599,15.017008,15.197454,20.99112,24.004257,21.144592,24.866968,15.016586,15.249068,0.0,0.0,0.0,0.0,0.0,0.0,0.0,0.0
4647,2023.0,2.0,2.0,6.0,21.09837,24.491816,15.01331,15.217334,21.103884,24.516838,21.116758,24.620981,15.027492,14.840217,15.016505,15.199395,21.433565,24.395842,22.10997,26.07033,15.016504,15.253349,0.0,0.0,0.0,0.0,0.0,0.0,0.0,0.0
4648,2023.0,2.0,2.0,6.0,21.088316,24.158792,15.148584,15.460663,21.091572,24.157562,21.092636,24.238052,15.028301,15.001288,15.0165,15.200878,21.818104,24.751343,22.627861,26.531961,15.015532,15.250601,4.0,0.0,0.0,0.0,0.0,0.0,0.0,0.0
4649,2023.0,2.0,2.0,6.0,21.096983,23.95694,19.516603,22.882511,21.078325,23.877254,21.104322,24.026611,15.012942,15.05648,15.017128,15.201997,21.461983,23.943928,22.312931,25.467255,15.015979,15.248342,0.0,4.0,0.0,0.0,0.0,0.0,0.0,0.0
4650,2023.0,2.0,2.0,7.0,21.092443,23.789862,17.152546,17.676403,21.10047,23.773237,21.099037,23.846664,15.015932,15.117439,15.015739,15.196786,21.084373,23.054794,21.101566,23.367746,15.015918,15.245015,0.0,0.0,0.0,0.0,0.0,0.0,0.0,0.0
4651,2023.0,2.0,2.0,7.0,21.064833,23.599474,15.406998,15.305436,21.092659,23.563498,21.096132,23.714624,15.016364,15.15632,15.016166,15.195332,21.071613,22.938082,21.04619,23.171804,15.590191,16.317284,0.0,4.0,0.0,0.0,0.0,0.0,4.0,4.0
4652,2023.0,2.0,2.0,7.0,21.094084,23.592857,15.065494,14.897462,21.117363,23.50539,21.095505,23.61618,15.016062,15.182757,15.015518,15.172837,21.072218,22.866959,21.111828,23.244856,19.752195,23.329811,0.0,0.0,0.0,0.0,4.0,0.0,0.0,0.0
4653,2023.0,2.0,2.0,7.0,21.084913,23.441277,15.343855,15.570074,21.110374,23.390415,21.093678,23.534918,15.016357,15.203026,19.906487,23.319277,21.070894,22.806324,21.06242,23.0488,16.509531,16.431877,4.0,0.0,0.0,0.0,0.0,0.0,4.0,0.0
4654,2023.0,2.0,2.0,7.0,21.083607,23.359291,19.877962,23.30259,21.059126,23.236553,21.09194,23.467112,15.016645,15.21798,17.370369,18.024311,21.068335,22.753769,21.069345,23.011734,14.977763,14.660973,0.0,4.0,0.0,0.0,4.0,0.0,4.0,0.0
4655,2023.0,2.0,2.0,7.0,21.109335,23.36875,17.431139,17.95989,21.092312,23.228851,21.091158,23.412981,15.380885,15.894675,20.301878,23.650904,21.040262,22.641182,21.10543,23.069078,15.9757595,16.745565,0.0,4.0,0.0,4.0,4.0,4.0,0.0,4.0
4656,2023.0,2.0,2.0,8.0,21.075588,23.22633,16.094498,16.37362,21.109406,23.224827,21.063305,23.293716,21.11856,25.480097,20.061136,22.792625,21.0714,22.695463,21.0947,23.00316,21.083649,25.30878,4.0,0.0,4.0,4.0,0.0,0.0,0.0,4.0
4657,2023.0,2.0,2.0,8.0,19.097378,19.389505,20.272688,23.702984,19.064543,19.228706,18.841806,19.022785,19.935839,22.914127,17.482538,17.516531,19.505787,19.594437,18.666203,18.301298,19.94536,22.738638,4.0,4.0,0.0,0.0,4.0,4.0,0.0,0.0
4658,2023.0,2.0,2.0,8.0,18.190674,18.385069,20.072945,22.879843,18.008368,17.966991,17.142689,16.579865,16.90004,16.74756,20.341581,23.040947,18.21123,17.654137,17.435335,16.860708,17.674786,18.070145,0.0,4.0,0.0,0.0,0.0,0.0,0.0,4.0
4659,2023.0,2.0,2.0,8.0,17.227678,16.85222,17.29396,17.259655,17.02901,16.44322,16.483425,15.8272085,15.417605,14.923363,17.739214,17.817463,17.628046,16.978743,17.258457,16.971607,20.461493,23.392715,0.0,0.0,0.0,0.0,4.0,0.0,0.0,0.0
4660,2023.0,2.0,2.0,8.0,17.36697,17.529274,15.678823,15.102503,16.440336,15.770144,16.464163,16.147125,16.045128,16.480696,20.424505,22.980495,17.315445,16.667881,18.138382,18.84138,17.32319,17.1566,0.0,0.0,0.0,4.0,4.0,0.0,4.0,0.0
4661,2023.0,2.0,2.0,8.0,17.40662,17.65507,15.999843,16.09377,16.801168,16.726187,16.368704,16.123884,21.072598,24.813953,20.040325,22.175524,17.40132,17.085615,17.088005,16.657904,16.724277,17.036087,4.0,4.0,0.0,4.0,4.0,0.0,0.0,4.0
4662,2023.0,2.0,2.0,9.0,16.593197,16.25029,20.188711,23.507536,16.891375,16.91327,16.181488,15.94607,21.086987,24.525846,20.100874,22.125433,17.37038,17.112272,16.404255,15.882227,21.06386,24.427744,0.0,4.0,0.0,0.0,4.0,0.0,0.0,0.0
4663,2023.0,2.0,2.0,9.0,16.86643,17.084078,17.981531,18.69238,16.798286,16.843416,16.731691,17.12761,17.630302,17.515343,20.105028,22.023281,18.061268,18.543066,17.188469,17.602427,18.219673,18.629313,4.0,4.0,4.0,0.0,0.0,4.0,4.0,4.0
4664,2023.0,2.0,2.0,9.0,16.291027,15.971527,20.100868,22.867039,16.710892,16.774948,16.967655,17.476072,15.959124,15.4389515,18.03532,17.947626,17.208263,16.723383,16.459461,16.025331,20.358341,23.114098,0.0,4.0,4.0,0.0,4.0,0.0,0.0,4.0
4665,2023.0,2.0,2.0,9.0,16.627241,16.882421,17.5056,17.49387,16.63462,16.71673,15.953639,15.552068,15.749512,15.484569,20.381138,22.576637,16.710512,16.145332,17.026379,17.482891,21.389015,24.629328,0.0,4.0,0.0,0.0,4.0,0.0,4.0,0.0
4666,2023.0,2.0,2.0,9.0,16.803415,17.143602,16.16652,15.949837,16.568817,16.66797,15.39701,14.842025,15.595355,15.381748,20.047672,21.906912,16.554459,15.99636,16.300165,15.895787,18.11456,18.003246,0.0,4.0,0.0,0.0,4.0,0.0,0.0,0.0
4667,2023.0,2.0,2.0,9.0,16.05191,15.771168,15.890311,15.671332,16.510654,16.625883,15.206675,14.651063,15.391346,15.190089,20.106531,21.924908,16.726786,16.468288,15.820599,15.36292,16.416113,15.919916,0.0,4.0,0.0,0.0,0.0,0.0,0.0,0.0
4668,2023.0,2.0,2.0,10.0,16.413103,16.709797,15.67138,15.457689,15.797369,15.356258,15.348412,15.082536,15.214411,15.0256405,17.879871,17.578987,16.756102,16.526205,16.72139,17.215534,16.173716,15.926785,0.0,0.0,0.0,0.0,0.0,0.0,4.0,0.0
4669,2023.0,2.0,2.0,10.0,16.56996,16.967167,15.999778,16.198149,15.470002,14.939761,15.378813,15.187259,15.090557,14.91182,17.183046,16.834183,17.48673,17.95104,15.962693,15.601547,16.014717,15.812239,4.0,0.0,0.0,0.0,0.0,4.0,0.0,0.0
4670,2023.0,2.0,2.0,10.0,16.592567,17.016636,20.121206,23.473627,16.037151,16.138504,15.329623,15.156498,15.769613,16.298166,16.95342,16.670305,17.448448,17.698336,16.724857,17.251877,15.829748,15.64696,4.0,4.0,0.0,4.0,0.0,4.0,4.0,0.0
4671,2023.0,2.0,2.0,10.0,16.61168,17.058598,20.056433,22.847546,16.275398,16.492357,16.010645,16.49828,20.306358,24.042286,16.661463,16.403742,17.4435,17.687357,17.06436,17.612087,15.639659,15.473646,0.0,4.0,4.0,0.0,0.0,4.0,4.0,0.0
4672,2023.0,2.0,2.0,10.0,15.95236,15.840023,17.45224,17.538675,15.627915,15.296956,16.32913,16.918333,17.11927,17.246181,16.418602,16.186811,17.505638,17.76608,16.140884,15.837267,15.474255,15.320998,0.0,0.0,4.0,0.0,0.0,4.0,0.0,0.0
4673,2023.0,2.0,2.0,10.0,15.639009,15.406846,16.546373,16.352123,15.32728,14.898951,16.098478,16.41523,15.857892,15.413096,16.250105,16.026712,17.560047,17.841171,15.793915,15.41188,15.354842,15.20702,0.0,0.0,4.0,0.0,0.0,4.0,0.0,0.0
4674,2023.0,2.0,2.0,11.0,15.53199,15.323125,16.30404,16.150967,15.225158,14.825273,15.374052,15.099211,15.771154,15.562908,16.109043,15.90863,17.606382,17.903242,15.674959,15.31692,16.243221,16.986597,0.0,0.0,0.0,0.0,0.0,4.0,0.0,4.0
4675,2023.0,2.0,2.0,11.0,15.445145,15.252688,16.082102,15.939325,15.346392,15.174939,15.079581,14.71516,15.639011,15.47443,15.977341,15.78836,16.89391,16.54446,15.576624,15.232388,20.050549,23.476122,0.0,0.0,0.0,0.0,0.0,0.0,0.0,0.0
4676,2023.0,2.0,2.0,11.0,15.566406,15.594406,15.8652315,15.731945,16.107595,16.632305,15.65496,15.913643,15.46631,15.313865,16.221144,16.378345,16.558043,16.145924,15.657056,15.497423,17.087685,17.189226,0.0,4.0,4.0,0.0,4.0,0.0,0.0,0.0
4677,2023.0,2.0,2.0,11.0,16.367352,17.12668,16.176422,16.445719,16.3564,16.977259,15.859375,16.225698,15.338442,15.1906185,20.196896,23.258757,16.466442,16.057947,16.778658,17.642778,16.013502,15.657595,4.0,4.0,4.0,0.0,0.0,0.0,4.0,0.0
4678,2023.0,2.0,2.0,11.0,15.795494,15.812031,20.24375,23.636675,15.578507,15.4456005,15.901553,16.275848,15.209815,15.070412,17.935831,18.367216,16.39695,16.001028,16.992949,17.656233,15.830112,15.655106,4.0,0.0,4.0,0.0,0.0,0.0,4.0,0.0
4679,2023.0,2.0,2.0,11.0,15.369324,15.254237,20.037495,22.749153,15.122378,14.826518,15.298583,15.140652,15.096109,14.962954,16.471888,16.351604,17.392502,17.972853,16.017311,15.794724,15.678207,15.532915,4.0,0.0,0.0,0.0,0.0,4.0,0.0,0.0
4680,2023.0,2.0,2.0,12.0,16.008368,16.54858,20.108583,22.604319,15.349928,15.000064,15.640372,15.973295,14.999234,14.880163,16.139864,15.970344,16.797188,16.534258,15.598501,15.306152,16.477865,17.193419,0.0,0.0,4.0,0.0,0.0,0.0,0.0,4.0
4681,2023.0,2.0,2.0,12.0,20.8779,24.758308,18.02318,18.377151,20.883667,24.880709,19.956707,23.294758,15.008293,14.9575615,15.960804,15.791848,21.178843,24.269047,21.110611,24.791351,20.290728,23.661314,4.0,4.0,0.0,0.0,0.0,4.0,0.0,0.0
4682,2023.0,2.0,2.0,12.0,21.116749,24.655518,20.236166,22.901354,21.016773,24.510935,20.981586,24.611975,15.006037,14.99411,15.825298,15.659743,20.993818,23.64249,21.062498,24.315773,17.335175,17.430254,0.0,0.0,0.0,0.0,0.0,0.0,0.0,0.0
4683,2023.0,2.0,2.0,12.0,21.106272,24.253403,18.149319,18.549421,21.102747,24.224226,21.113213,24.375488,15.006228,15.022237,15.716969,15.560747,22.028574,25.097473,22.09436,25.801727,15.89065,15.58805,4.0,4.0,4.0,0.0,0.0,4.0,4.0,0.0
4684,2023.0,2.0,2.0,12.0,21.734367,25.024145,20.24565,22.882292,21.143408,24.034119,21.137989,24.122324,15.644057,16.238245,15.624123,15.473363,21.827328,24.323189,22.092669,25.16305,15.729719,15.579987,0.0,0.0,4.0,4.0,0.0,4.0,4.0,0.0
4685,2023.0,2.0,2.0,12.0,20.954336,23.43137,18.19512,18.606588,21.105833,23.751951,21.091751,23.820015,20.296196,24.133461,15.547123,15.404807,20.952393,22.5686,20.894958,22.84367,15.634034,15.505968,4.0,0.0,4.0,0.0,0.0,4.0,0.0,0.0
4686,2023.0,2.0,2.0,13.0,21.168444,23.74068,20.301094,22.867596,21.14791,23.70242,21.15085,23.789274,17.17023,17.395521,15.479436,15.343157,21.138477,22.865944,21.202946,23.387505,15.51555,15.396471,4.0,4.0,4.0,0.0,0.0,4.0,0.0,0.0
4687,2023.0,2.0,2.0,13.0,21.071878,23.460606,20.023134,22.130823,21.082224,23.45174,21.083311,23.543514,15.574534,15.316826,15.873751,16.144184,21.047573,22.621523,21.04332,22.976954,15.411881,15.296954,4.0,4.0,4.0,0.0,4.0,4.0,4.0,0.0
4688,2023.0,2.0,2.0,13.0,21.150017,23.54671,20.147335,22.24826,21.149391,23.49757,21.106823,23.522047,15.416936,15.283822,20.239042,23.298983,21.124657,22.73984,21.311962,23.463171,15.327806,15.220961,4.0,4.0,0.0,0.0,0.0,0.0,4.0,0.0
4689,2023.0,2.0,2.0,13.0,21.07369,23.336823,20.08997,22.05543,21.078321,23.284986,21.07729,23.370464,16.168163,16.793144,17.867353,18.346453,21.04294,22.50482,21.05375,22.900309,15.253093,15.151163,0.0,4.0,4.0,4.0,0.0,4.0,4.0,0.0
4690,2023.0,2.0,2.0,13.0,21.072517,23.28874,18.391752,18.71366,21.10073,23.292915,21.104712,23.387558,20.304152,23.786324,16.397264,16.32769,21.076199,22.552507,21.091713,22.97005,15.188875,15.091727,4.0,0.0,0.0,0.0,0.0,0.0,0.0,0.0
4691,2023.0,2.0,2.0,13.0,21.161774,23.445341,20.246315,22.556618,21.154037,23.32959,21.153929,23.417942,17.37246,17.543266,16.081762,15.946262,21.126446,22.61431,21.181383,23.110722,15.132474,15.039737,0.0,4.0,4.0,0.0,0.0,0.0,0.0,0.0
4692,2023.0,2.0,2.0,14.0,21.089426,23.256933,18.413637,18.79503,21.074137,23.128798,21.078154,23.227674,15.874798,15.619186,15.91852,15.781623,21.069052,22.464558,21.082268,22.873682,15.082526,14.993905,4.0,4.0,4.0,0.0,0.0,0.0,0.0,0.0
4693,2023.0,2.0,2.0,14.0,18.929905,19.080149,20.24526,22.600853,18.886658,18.934467,18.794493,18.85096,16.468061,17.017052,15.801223,15.666611,20.249947,20.859785,19.031027,18.903763,15.038515,14.95447,4.0,0.0,0.0,4.0,0.0,4.0,0.0,0.0
4694,2023.0,2.0,2.0,14.0,17.953812,18.032774,20.039246,22.012602,18.232405,18.467087,18.108309,18.369366,20.33976,23.611769,15.699755,15.568721,19.610296,19.901312,18.139656,17.972698,14.998978,14.925036,4.0,4.0,4.0,0.0,0.0,4.0,0.0,0.0
4695,2023.0,2.0,2.0,14.0,17.617378,17.694477,20.075092,21.974455,18.089895,18.376919,17.95535,18.27291,17.540249,17.707224,15.613367,15.486869,18.62798,18.2534,17.810263,17.647924,15.004301,14.967808,4.0,4.0,4.0,0.0,0.0,0.0,0.0,0.0
4696,2023.0,2.0,2.0,14.0,17.338322,17.406107,20.08551,21.936676,17.894344,18.190256,17.746964,18.074636,16.066067,15.786245,15.536917,15.413124,18.147665,17.718504,17.53488,17.370466,15.004653,14.995152,0.0,4.0,4.0,0.0,0.0,0.0,0.0,0.0
4697,2023.0,2.0,2.0,14.0,17.12785,17.210056,18.185476,18.245855,17.742802,18.059258,17.586647,17.936235,15.878545,15.738031,15.4752035,15.359375,17.93972,17.532925,17.321875,17.174305,15.004798,15.016871,0.0,4.0,4.0,0.0,0.0,0.0,0.0,0.0
4698,2023.0,2.0,2.0,15.0,17.704863,18.462002,17.67187,17.986513,17.608807,17.936316,16.793259,16.587797,16.520613,17.085,15.414847,15.302838,18.768223,19.297424,17.13127,16.989388,15.005362,15.035294,4.0,4.0,0.0,4.0,0.0,4.0,0.0,0.0
4699,2023.0,2.0,2.0,15.0,17.20991,17.429808,20.233004,22.679127,17.498108,17.837423,17.015316,17.316916,20.269371,23.467152,15.357088,15.247466,18.099558,17.831797,16.96962,16.835499,15.005537,15.05046,0.0,4.0,4.0,0.0,0.0,0.0,0.0,0.0
4700,2023.0,2.0,2.0,15.0,17.324064,17.868593,18.351585,18.789679,17.403206,17.752441,16.485868,16.310976,17.55971,17.737785,15.304935,15.198688,17.640095,17.274088,16.827557,16.699072,15.00585,15.063602,0.0,4.0,0.0,0.0,0.0,0.0,0.0,0.0
4701,2023.0,2.0,2.0,15.0,16.737108,16.733118,17.56255,17.944782,17.320625,17.67778,16.067173,15.795652,16.113754,15.857991,15.256004,15.151976,18.262882,18.59842,16.701746,16.577202,15.798093,16.561237,4.0,4.0,0.0,0.0,0.0,4.0,0.0,4.0
4702,2023.0,2.0,2.0,15.0,16.426783,16.318283,20.274021,22.736176,17.262074,17.62682,15.912456,15.641192,15.964371,15.820349,15.215073,15.112613,18.409866,18.774094,16.607258,16.487532,19.813446,23.352633,4.0,4.0,0.0,0.0,0.0,4.0,0.0,0.0
4703,2023.0,2.0,2.0,15.0,16.992855,17.530243,20.030458,22.039974,17.201153,17.573854,15.933374,15.831524,15.835064,15.716685,15.594335,15.863026,17.700504,17.427475,16.50972,16.395554,17.578882,18.347782,4.0,4.0,0.0,0.0,4.0,0.0,0.0,4.0
4704,2023.0,2.0,2.0,16.0,17.19945,17.794113,20.149319,22.137959,17.146372,17.525667,15.900046,15.835678,15.687951,15.575629,20.38065,23.757889,17.345087,16.9972,16.419922,16.309563,20.81306,24.469484,4.0,4.0,0.0,0.0,0.0,0.0,0.0,0.0
4705,2023.0,2.0,2.0,16.0,16.548985,16.585945,20.084055,21.921818,17.096922,17.48074,15.81913,15.758473,15.559937,15.451855,17.786463,18.338705,17.216894,16.867022,17.434889,18.300688,18.298578,19.021635,0.0,4.0,0.0,0.0,0.0,0.0,4.0,4.0
4706,2023.0,2.0,2.0,16.0,16.893387,17.452223,18.526625,18.843697,17.053108,17.440393,16.469053,17.044952,15.450032,15.346658,16.214008,16.142025,17.121769,16.776396,16.667698,16.511385,20.346668,23.298082,4.0,4.0,4.0,0.0,0.0,0.0,0.0,0.0
4707,2023.0,2.0,2.0,16.0,16.414454,16.445448,20.230951,22.352587,17.013727,17.404123,16.758144,17.404844,15.352535,15.252056,15.899422,15.782031,17.214396,17.049303,16.18419,15.931223,17.641224,17.744232,4.0,4.0,4.0,0.0,0.0,0.0,0.0,0.0
4708,2023.0,2.0,2.0,16.0,16.04109,15.959645,20.053308,21.868708,16.977503,17.370487,16.60146,17.044325,15.2651415,15.167404,15.747175,15.62705,18.066713,18.681646,16.041555,15.780664,16.266748,15.987394,0.0,4.0,4.0,0.0,0.0,4.0,0.0,0.0
4709,2023.0,2.0,2.0,16.0,16.65595,17.218822,18.517889,18.823074,16.944328,17.338377,16.537012,16.961723,15.961087,16.54794,15.6343355,15.52024,17.405138,17.177425,17.194763,18.060665,16.03367,15.893747,4.0,4.0,4.0,4.0,0.0,0.0,4.0,0.0
4710,2023.0,2.0,2.0,17.0,16.166893,16.203938,20.22921,22.154621,16.917187,17.31139,15.916571,15.81543,20.26918,23.926535,15.552222,15.438435,17.88497,18.245407,17.34514,18.055923,15.903404,15.787156,0.0,4.0,0.0,0.0,0.0,4.0,4.0,0.0
4711,2023.0,2.0,2.0,17.0,16.570198,17.14472,18.636843,18.94906,16.886255,17.277351,16.218966,16.584513,17.315832,17.566118,15.466689,15.358697,18.099241,18.477352,17.385153,18.072624,16.690798,17.430613,4.0,4.0,4.0,0.0,0.0,4.0,4.0,4.0
4712,2023.0,2.0,2.0,17.0,16.072561,16.108023,20.224495,22.072197,16.859327,17.245996,16.357344,16.779564,16.143658,15.83975,15.815479,16.074537,18.115614,18.486998,17.449396,18.128702,20.336964,23.70025,0.0,4.0,4.0,0.0,4.0,4.0,4.0,0.0
4713,2023.0,2.0,2.0,17.0,15.745552,15.673799,18.640749,18.90071,16.831226,17.214077,16.371078,16.784481,15.946176,15.793635,20.358273,23.664602,17.391268,17.110456,16.523338,16.34015,17.40869,17.531801,4.0,4.0,4.0,0.0,0.0,0.0,0.0,0.0
4714,2023.0,2.0,2.0,17.0,15.639673,15.551671,20.23544,22.251883,16.803522,17.182356,16.379921,16.787195,15.797379,15.670294,17.822783,18.333967,17.03786,16.684229,16.071411,15.800839,15.983297,15.713817,0.0,4.0,4.0,0.0,0.0,0.0,0.0,0.0
4715,2023.0,2.0,2.0,17.0,16.529263,17.30062,18.60572,18.90432,16.775988,17.150873,15.769967,15.648414,15.640415,15.520694,16.64848,16.884228,17.695135,18.033405,15.916116,15.63767,15.790299,15.654178,4.0,4.0,0.0,0.0,4.0,4.0,0.0,0.0
4716,2023.0,2.0,2.0,18.0,15.941821,15.997335,20.231726,22.079807,16.751411,17.121845,15.452073,15.184776,15.523682,15.404896,20.40106,23.325697,17.874187,18.242983,16.886412,17.548038,15.688741,15.575226,0.0,4.0,0.0,0.0,0.0,4.0,4.0,0.0
4717,2023.0,2.0,2.0,18.0,21.208204,25.382206,18.344599,18.32718,20.99828,24.509771,20.631378,24.329496,15.405123,15.289214,18.3029,18.947268,20.841072,23.416965,21.308987,25.003523,15.543807,15.432442,0.0,0.0,0.0,0.0,4.0,0.0,0.0,0.0
4718,2023.0,2.0,2.0,18.0,21.036993,24.430271,17.430847,17.311575,21.032595,24.040834,21.063892,24.475393,15.300607,15.186912,20.282187,22.875113,21.340202,23.915857,21.83893,25.320545,16.465462,17.297071,0.0,4.0,4.0,0.0,0.0,0.0,0.0,4.0
4719,2023.0,2.0,2.0,18.0,21.0898,24.101337,17.61341,17.87848,21.09201,23.816168,21.095476,24.108683,16.033075,16.650185,17.881357,17.89937,21.382559,23.719551,22.063852,25.22033,20.345922,23.82552,4.0,4.0,4.0,4.0,0.0,0.0,0.0,0.0
4720,2023.0,2.0,2.0,18.0,21.139551,23.925362,20.24972,22.62385,21.144753,23.690125,21.14099,23.914787,20.336025,23.955023,16.705332,16.52792,21.122982,23.07869,21.094193,23.282825,17.300365,17.38258,0.0,4.0,4.0,0.0,0.0,0.0,4.0,0.0
4721,2023.0,2.0,2.0,18.0,21.07932,23.60872,18.722689,19.35582,21.080034,23.393845,21.086111,23.604744,17.761616,18.30872,16.451157,16.281904,21.035679,22.763556,21.080292,23.130644,15.880772,15.597137,4.0,4.0,4.0,4.0,0.0,4.0,4.0,0.0
4722,2023.0,2.0,2.0,19.0,21.639727,24.587955,20.257832,22.414837,21.144434,23.418957,21.142443,23.591682,20.281317,23.286219,16.237955,16.067274,21.419636,23.415913,22.541424,25.501286,15.725947,15.591274,0.0,0.0,0.0,0.0,0.0,4.0,0.0,0.0
4723,2023.0,2.0,2.0,19.0,21.097511,23.39975,18.487146,18.747894,21.07097,23.153927,21.10044,23.393614,17.559471,17.588705,16.456116,16.637012,21.079283,22.658964,20.878069,22.400028,15.623578,15.505848,4.0,4.0,0.0,0.0,4.0,0.0,0.0,0.0
4724,2023.0,2.0,2.0,19.0,21.251032,23.620861,20.319262,22.525097,21.16196,23.282015,21.15607,23.416243,16.126112,15.764843,20.448149,23.347206,21.266233,22.944511,21.214703,23.070303,15.502212,15.389639,4.0,0.0,0.0,0.0,0.0,4.0,0.0,0.0
4725,2023.0,2.0,2.0,19.0,21.090874,23.226473,20.034271,21.764843,21.091652,23.077112,21.05482,23.15959,15.979582,15.813129,18.295357,18.889791,21.077684,22.529879,21.07971,22.78345,15.394923,15.2806835,4.0,0.0,4.0,0.0,4.0,0.0,0.0,0.0
4726,2023.0,2.0,2.0,19.0,21.07271,23.169456,20.086603,21.76402,21.091217,23.02451,21.085318,23.21137,15.877246,15.736627,20.301846,22.904995,21.071854,22.471853,21.0304,22.668829,16.27489,17.022907,0.0,0.0,0.0,0.0,0.0,0.0,4.0,4.0
4727,2023.0,2.0,2.0,19.0,21.074059,23.148672,18.250008,18.161512,21.071678,22.978796,21.09695,23.16588,16.541492,17.123762,18.46395,18.989431,21.071331,22.431084,21.091894,22.796293,20.346851,23.852509,0.0,0.0,0.0,4.0,4.0,0.0,0.0,0.0
4728,2023.0,2.0,2.0,20.0,21.073082,23.122652,17.406378,17.2519,21.073336,22.969177,21.069767,23.037663,20.606604,23.982792,20.293465,22.628244,21.054838,22.396006,21.080885,22.747316,17.246252,17.270674,0.0,0.0,4.0,0.0,0.0,0.0,0.0,0.0
4729,2023.0,2.0,2.0,20.0,21.071648,23.095665,17.167042,17.02209,21.048183,22.885517,21.097788,23.072332,17.680515,17.756243,18.009434,17.940353,21.05608,22.390669,21.081203,22.720951,15.840047,15.546759,0.0,4.0,0.0,0.0,0.0,0.0,0.0,0.0
4730,2023.0,2.0,2.0,20.0,21.070192,23.069962,17.438946,17.72059,21.052204,22.884531,21.065186,22.952251,16.120018,15.76367,16.930962,16.731703,21.02492,22.300985,21.064518,22.692171,15.726242,15.599172,4.0,4.0,4.0,0.0,0.0,4.0,0.0,0.0
4731,2023.0,2.0,2.0,20.0,21.157515,23.22359,20.237694,22.698826,21.16219,23.077599,21.161678,23.13714,15.9900675,15.827104,16.688309,16.499279,21.131653,22.48031,21.185192,22.929588,15.633189,15.518212,4.0,0.0,0.0,0.0,0.0,4.0,0.0,0.0
4732,2023.0,2.0,2.0,20.0,21.390383,23.457863,20.049232,22.027084,21.08535,22.88158,21.08946,22.963669,16.723633,17.32324,16.472523,16.28781,21.233206,22.586025,21.027067,22.576857,15.517219,15.400883,0.0,0.0,0.0,4.0,0.0,0.0,4.0,0.0
4733,2023.0,2.0,2.0,20.0,20.917252,22.546358,18.063267,18.031548,21.061218,22.780565,21.047354,22.872908,20.27738,23.321693,16.302725,16.130682,20.981693,22.069431,21.088034,22.697384,15.41967,15.306035,0.0,4.0,4.0,0.0,0.0,0.0,0.0,0.0
4734,2023.0,2.0,2.0,21.0,21.115871,22.963568,17.609188,17.855398,21.065376,22.76656,21.072294,22.894814,17.556885,17.57552,16.154978,15.990513,21.07554,22.253565,21.077154,22.646214,15.335459,15.222875,4.0,4.0,4.0,0.0,0.0,0.0,0.0,0.0
4735,2023.0,2.0,2.0,21.0,21.077892,22.877773,20.247593,22.586746,21.088993,22.814438,21.068817,22.868008,16.913967,17.226973,16.019928,15.856646,21.020018,22.146011,21.038923,22.51636,15.26258,15.150166,4.0,0.0,4.0,4.0,0.0,4.0,4.0,0.0
4736,2023.0,2.0,2.0,21.0,21.05591,22.798496,20.053253,21.950567,21.058943,22.712614,21.093191,22.917753,20.461342,23.244799,15.902452,15.742509,21.042896,22.179058,21.084713,22.620249,15.198809,15.086374,0.0,4.0,0.0,0.0,0.0,4.0,0.0,0.0
4737,2023.0,2.0,2.0,21.0,21.059933,22.793644,18.10326,18.051506,21.088634,22.774797,21.087595,22.88378,17.713444,17.678722,15.805413,15.651855,21.06994,22.240616,21.075962,22.581707,15.142695,15.030122,0.0,0.0,0.0,0.0,0.0,0.0,0.0,0.0
4738,2023.0,2.0,2.0,21.0,21.085445,22.852219,16.903448,16.441208,21.081472,22.74058,21.086542,22.860077,16.589264,16.436857,15.712766,15.55556,21.03359,22.131165,21.075333,22.559662,15.091766,14.977851,0.0,0.0,0.0,0.0,0.0,4.0,0.0,0.0
4739,2023.0,2.0,2.0,21.0,21.077362,22.819832,16.85394,16.67299,21.062721,22.720102,21.066994,22.838375,16.344501,16.180458,15.628262,15.469812,21.070408,22.21244,21.059713,22.538923,15.047024,14.932537,0.0,0.0,0.0,0.0,0.0,0.0,0.0,0.0
4740,2023.0,2.0,2.0,22.0,21.156149,22.95254,16.736647,16.577145,21.089651,22.751328,21.098951,22.880156,16.15824,15.997005,15.550879,15.390918,21.126726,22.299015,21.124739,22.667305,15.007211,14.892532,0.0,4.0,4.0,0.0,0.0,0.0,0.0,0.0
4741,2023.0,2.0,2.0,22.0,21.050629,22.75916,17.070934,17.342022,21.082817,22.730894,21.086773,22.848827,16.012934,15.862444,15.485358,15.328876,21.026539,22.064726,21.014227,22.414513,15.743327,16.314135,4.0,0.0,0.0,0.0,0.0,4.0,4.0,4.0
4742,2023.0,2.0,2.0,22.0,21.065512,22.7999,20.28943,22.943398,21.081892,22.703257,21.086744,22.822786,16.522848,16.946747,15.420228,15.262523,21.069757,22.16448,21.085583,22.561502,20.393429,23.973673,4.0,0.0,0.0,4.0,0.0,0.0,0.0,0.0
4743,2023.0,2.0,2.0,22.0,21.216194,23.08596,20.044598,22.130459,21.062965,22.678795,21.066898,22.794502,20.44899,23.554094,15.36201,15.202214,21.13436,22.27978,21.073908,22.514004,17.14542,17.207819,0.0,0.0,0.0,0.0,0.0,0.0,0.0,0.0
4744,2023.0,2.0,2.0,22.0,21.068243,22.810598,17.96206,17.922178,21.065134,22.686733,21.044806,22.733189,17.820543,18.088362,15.313066,15.153531,21.033611,22.045506,21.074802,22.493578,15.658577,15.354799,0.0,0.0,4.0,0.0,0.0,4.0,0.0,0.0
4745,2023.0,2.0,2.0,22.0,21.051899,22.720558,17.026917,16.868227,21.038668,22.614529,21.074837,22.816704,16.495247,16.355133,15.57303,15.681352,21.069164,22.130754,21.058445,22.472057,15.550936,15.416478,0.0,4.0,0.0,0.0,4.0,0.0,0.0,0.0
4746,2023.0,2.0,2.0,23.0,21.057318,22.708305,16.821802,16.674099,21.08836,22.69771,21.087328,22.800665,16.206573,16.049374,20.329844,23.537012,21.062756,22.106033,21.060997,22.480194,16.281502,16.880177,0.0,0.0,0.0,0.0,4.0,0.0,0.0,4.0
4747,2023.0,2.0,2.0,23.0,19.19549,19.15342,17.089962,17.324648,19.180758,19.012432,19.086359,18.933882,16.629505,16.999317,18.054146,18.73081,19.511396,19.117556,20.327713,21.030857,16.54433,17.125135,4.0,0.0,0.0,4.0,4.0,0.0,4.0,4.0
4748,2023.0,2.0,2.0,23.0,18.351208,17.985294,17.185373,17.501616,18.57352,18.327875,18.454048,18.230627,16.173141,16.052567,17.041374,17.159246,19.182116,18.881212,18.911606,18.506388,15.689827,15.464417,4.0,0.0,0.0,0.0,4.0,0.0,0.0,0.0
4749,2023.0,2.0,2.0,23.0,18.693642,18.929995,16.462803,16.148125,18.312632,18.093609,18.181688,17.98851,15.701846,15.324336,16.326212,15.938918,19.033989,18.777792,18.315863,17.793652,15.305846,14.968559,0.0,0.0,0.0,0.0,0.0,0.0,0.0,0.0
4750,2023.0,2.0,2.0,23.0,17.98889,17.69555,16.512264,16.397816,18.069475,17.851505,17.926258,17.734276,16.083374,16.193962,16.196657,15.956892,18.853575,18.604366,18.006407,17.490839,15.144516,14.80073,4.0,0.0,0.0,4.0,4.0,0.0,0.0,0.0
4751,2023.0,2.0,2.0,23.0,17.601215,17.224104,16.064007,15.603974,17.858469,17.638145,17.704712,17.510174,15.61419,15.257044,15.807713,15.333037,18.689081,18.441723,18.011555,17.762043,15.210492,15.055668,0.0,0.0,0.0,0.0,0.0,0.0,0.0,0.0
4752,2023.0,2.0,3.0,0.0,17.376978,16.99693,15.812028,15.282069,17.669666,17.444696,17.50665,17.307104,15.356493,14.945162,15.8190975,15.581112,18.538576,18.290577,17.88602,17.662775,15.171752,15.026628,0.0,0.0,0.0,0.0,0.0,0.0,0.0,0.0
4753,2023.0,2.0,3.0,0.0,18.250095,18.840755,15.96085,15.71216,17.519236,17.308187,18.043411,18.464865,16.044815,16.380474,15.7618475,15.554535,18.415037,18.179102,17.73999,17.53215,15.816407,16.295277,0.0,0.0,4.0,4.0,0.0,0.0,0.0,4.0
4754,2023.0,2.0,3.0,0.0,17.530293,17.37658,15.983208,15.805224,17.375107,17.167667,17.559963,17.540588,15.680345,15.550228,15.665749,15.468202,18.292671,18.054255,17.59721,17.395494,15.128741,14.828591,0.0,0.0,0.0,0.0,0.0,0.0,0.0,0.0
4755,2023.0,2.0,3.0,0.0,17.08783,16.73962,16.415873,16.672842,17.241537,17.034504,16.889818,16.404093,15.824794,15.9371,15.56942,15.374472,18.179916,17.9388,17.462723,17.263206,15.019703,14.803225,4.0,0.0,0.0,4.0,0.0,0.0,0.0,0.0
4756,2023.0,2.0,3.0,0.0,16.876463,16.52792,16.145779,16.08183,17.10546,16.90327,16.565254,16.045643,15.367635,15.013385,15.466142,15.269532,18.065664,17.825705,17.322296,17.121384,15.011454,14.851935,0.0,0.0,0.0,0.0,0.0,0.0,0.0,0.0
4757,2023.0,2.0,3.0,0.0,17.03179,17.000978,15.887079,15.724607,16.976633,16.773365,16.69271,16.489391,15.066605,14.66394,15.683188,15.7614155,17.95799,17.71542,17.190851,16.987543,15.006902,14.898848,0.0,0.0,0.0,0.0,4.0,0.0,0.0,0.0
4758,2023.0,2.0,3.0,1.0,17.006578,16.992636,15.786194,15.616012,16.865046,16.665203,16.657612,16.47808,15.166629,14.995594,15.755456,15.845725,17.863363,17.621037,17.075344,16.8725,15.0068865,14.937349,0.0,0.0,0.0,0.0,4.0,0.0,0.0,0.0
4759,2023.0,2.0,3.0,1.0,16.927309,16.920206,15.717534,15.549943,16.767294,16.574076,16.566883,16.395763,15.155851,14.984666,15.44696,15.273457,17.779757,17.540016,16.973387,16.77361,15.006826,14.966843,0.0,0.0,0.0,0.0,0.0,0.0,0.0,0.0
4760,2023.0,2.0,3.0,1.0,16.843483,16.83651,15.651698,15.481944,16.67152,16.477533,16.470695,16.29898,15.101501,14.929906,15.254376,15.052839,17.699783,17.458437,16.87678,16.675694,15.009704,14.998203,0.0,0.0,0.0,0.0,0.0,0.0,0.0,0.0
4761,2023.0,2.0,3.0,1.0,16.770344,16.76873,15.597339,15.432353,16.59121,16.404352,16.388792,16.224066,15.049472,14.879542,15.481601,15.561693,17.63024,17.3914,16.792025,16.593468,15.006984,15.007868,0.0,0.0,0.0,0.0,4.0,0.0,0.0,0.0
4762,2023.0,2.0,3.0,1.0,16.700254,16.701836,15.5446205,15.381694,16.51434,16.331356,16.310293,16.149149,14.999484,14.830087,15.249797,15.064459,17.564854,17.327038,16.712671,16.51518,15.008413,15.025448,0.0,0.0,0.0,0.0,0.0,0.0,0.0,0.0
4763,2023.0,2.0,3.0,1.0,16.632677,16.635351,15.492669,15.329703,16.440228,16.258444,16.23457,16.074318,15.004212,14.883179,15.094808,14.895861,17.50284,17.264854,16.63823,16.440968,15.013936,15.051107,0.0,0.0,0.0,0.0,0.0,0.0,0.0,0.0
4764,2023.0,2.0,3.0,2.0,16.574055,16.582857,15.448871,15.291728,16.377518,16.203737,16.170465,16.018076,15.520929,15.871036,15.0205,14.827193,17.448395,17.213966,16.572128,16.378536,15.006997,15.046558,0.0,0.0,0.0,4.0,0.0,0.0,0.0,0.0
4765,2023.0,2.0,3.0,2.0,16.516497,16.528173,15.404435,15.250192,16.314983,16.145233,16.106485,15.957862,15.18697,15.058609,15.253577,15.319893,17.395563,17.16278,16.50824,16.316269,15.008768,15.0603,0.0,0.0,0.0,0.0,4.0,0.0,0.0,0.0
4766,2023.0,2.0,3.0,2.0,16.461967,16.476421,15.362587,15.211119,16.25609,16.09025,16.046494,15.901449,14.993572,14.864939,15.074699,14.911456,17.345856,17.114618,16.448524,16.258383,15.537482,16.05875,0.0,0.0,0.0,0.0,0.0,0.0,0.0,4.0
4767,2023.0,2.0,3.0,2.0,16.410208,16.427753,15.322617,15.1742935,16.200632,16.038969,15.99047,15.849074,15.007288,14.922368,15.006146,14.890318,17.299232,17.069971,16.392384,16.20424,14.97421,14.941991,0.0,0.0,0.0,0.0,0.0,0.0,0.0,0.0
4768,2023.0,2.0,3.0,2.0,16.359682,16.379333,15.2832155,15.137266,16.14672,15.988099,15.936033,15.797241,15.489282,15.848595,15.006612,14.918818,17.254372,17.026505,16.338263,16.151337,15.032112,15.079907,0.0,0.0,0.0,4.0,0.0,0.0,0.0,0.0
4769,2023.0,2.0,3.0,2.0,16.312008,16.333857,15.24541,15.1020355,16.095415,15.940147,15.8841915,15.748392,14.945301,14.748358,15.006716,14.940216,17.211803,16.985493,16.287058,16.10173,15.014099,15.054501,0.0,0.0,0.0,0.0,0.0,0.0,0.0,0.0
4770,2023.0,2.0,3.0,3.0,16.278374,16.314747,15.209209,15.0688925,16.046711,15.895362,16.580444,17.101315,15.02792,14.9528675,15.007063,14.957835,17.171606,16.947506,16.238745,16.055689,15.008827,15.066222,0.0,0.0,4.0,0.0,0.0,0.0,0.0,0.0
4771,2023.0,2.0,3.0,3.0,17.032198,17.769339,15.173798,15.036346,16.741491,17.24374,16.190758,16.167414,15.482788,15.832329,15.007271,14.972213,17.132868,16.9108,16.192024,16.010857,15.009777,15.083742,0.0,4.0,0.0,4.0,0.0,0.0,0.0,0.0
4772,2023.0,2.0,3.0,3.0,16.598883,16.72847,15.139382,15.004553,16.368446,16.346737,15.620396,15.241258,15.115626,14.9846525,15.144131,15.23413,17.096264,16.876112,16.147707,15.968268,15.010018,15.096871,0.0,0.0,0.0,0.0,4.0,0.0,0.0,0.0
4773,2023.0,2.0,3.0,3.0,16.05332,15.851914,15.105916,14.97342,15.786532,15.384325,15.409909,14.991258,15.264798,15.409094,14.976214,14.92062,17.060635,16.84222,16.104792,15.927016,15.010405,15.108323,0.0,0.0,0.0,4.0,0.0,0.0,0.0,0.0
4774,2023.0,2.0,3.0,3.0,15.844089,15.597405,15.072957,14.94264,15.573626,15.134141,15.578686,15.423866,14.951515,14.818499,15.014646,15.00882,17.02577,16.808977,16.06296,15.886729,15.010002,15.116867,0.0,0.0,0.0,0.0,0.0,0.0,0.0,0.0
4775,2023.0,2.0,3.0,3.0,16.009241,16.022234,15.041372,14.914093,15.740924,15.563864,15.6162615,15.493064,15.023713,14.974843,15.00732,15.007332,16.992476,16.778046,16.023052,15.849213,15.495941,16.032505,0.0,0.0,0.0,0.0,0.0,0.0,0.0,4.0
4776,2023.0,2.0,3.0,4.0,16.048996,16.092228,15.009813,14.885084,15.787652,15.649871,15.585454,15.468481,15.004682,14.969929,15.008616,15.019652,16.9597,16.747227,15.983768,15.811774,14.952982,14.965135,0.0,0.0,0.0,0.0,0.0,0.0,0.0,0.0
4777,2023.0,2.0,3.0,4.0,16.016472,16.062195,15.001273,14.900107,15.755328,15.622026,15.544241,15.427615,15.010963,15.007884,15.015491,15.04261,16.926655,16.715033,15.944164,15.772708,15.0338545,15.161813,0.0,0.0,0.0,0.0,0.0,0.0,0.0,0.0
4778,2023.0,2.0,3.0,4.0,15.977606,16.0237,15.003049,14.924963,15.717897,15.588665,15.50618,15.393269,15.007376,15.014349,15.007157,15.032604,16.89595,16.686789,15.907395,15.738395,15.330198,15.67923,0.0,0.0,0.0,0.0,0.0,0.0,0.0,4.0
4779,2023.0,2.0,3.0,4.0,15.9392,15.986944,15.0029745,14.944927,15.679844,15.554144,15.468417,15.358576,15.008018,15.029785,15.111024,15.227741,16.865791,16.659128,15.871332,15.704666,14.966339,14.990746,0.0,0.0,0.0,0.0,4.0,0.0,0.0,0.0
4780,2023.0,2.0,3.0,4.0,15.899655,15.94728,15.005319,14.969299,15.639327,15.514202,15.428515,15.318908,15.014383,15.056101,15.160137,15.286244,16.83487,16.629383,15.8344965,15.6687565,15.03358,15.153671,0.0,0.0,0.0,0.0,4.0,0.0,0.0,0.0
4781,2023.0,2.0,3.0,4.0,15.873581,15.933649,15.003504,14.980033,15.60337,15.482799,15.3931675,15.287684,15.419857,15.819093,15.170088,15.297506,16.806118,16.603514,15.80014,15.637176,15.006787,15.112246,0.0,0.0,0.0,4.0,4.0,0.0,0.0,0.0
4782,2023.0,2.0,3.0,5.0,15.840754,15.901877,15.004063,14.996193,15.566493,15.448871,15.356914,15.254018,14.968058,14.931579,14.996994,14.992145,16.777025,16.576593,15.765758,15.604954,15.012286,15.1426325,0.0,0.0,0.0,0.0,0.0,0.0,0.0,0.0
4783,2023.0,2.0,3.0,5.0,15.803441,15.863261,15.004599,15.011466,16.282928,16.827698,15.32046,15.219511,15.019764,15.064677,15.02192,15.046501,16.747768,16.549034,15.731462,15.57234,15.011773,15.156996,0.0,4.0,0.0,0.0,0.0,0.0,0.0,0.0
4784,2023.0,2.0,3.0,5.0,15.764149,15.821839,15.004978,15.025858,15.906441,15.906946,15.283345,15.183437,15.007343,15.058005,15.007754,15.040944,16.718395,16.52079,15.697404,15.539307,15.012242,15.170465,0.0,0.0,0.0,0.0,0.0,0.0,0.0,0.0
4785,2023.0,2.0,3.0,5.0,15.728981,15.788285,15.005347,15.039734,15.346011,14.985556,15.24604,15.146568,15.0098295,15.075375,15.010788,15.061851,16.688667,16.49184,15.663113,15.505649,15.012159,15.181081,0.0,0.0,0.0,0.0,0.0,0.0,0.0,0.0
4786,2023.0,2.0,3.0,5.0,15.702096,15.77014,15.010098,15.062812,15.15401,14.759727,15.208034,15.107833,15.017125,15.101567,15.018606,15.092372,16.65857,16.462198,15.628481,15.471289,15.023487,15.213484,0.0,0.0,0.0,0.0,0.0,0.0,0.0,0.0
4787,2023.0,2.0,3.0,5.0,15.67755,15.752517,15.0054,15.064225,15.331551,15.199834,15.173573,15.075703,15.008177,15.091507,15.008681,15.0818615,16.629658,16.434893,15.595162,15.439551,15.011195,15.195977,0.0,0.0,0.0,0.0,0.0,0.0,0.0,0.0
4788,2023.0,2.0,3.0,6.0,15.645532,15.719925,15.01173,15.08963,15.359836,15.247289,15.137243,15.039364,15.018975,15.12277,15.0819435,15.217139,16.599926,16.405994,15.561115,15.40618,15.025443,15.233256,0.0,0.0,0.0,0.0,4.0,0.0,0.0,0.0
4789,2023.0,2.0,3.0,6.0,20.483416,24.090359,15.352199,15.411145,20.516851,24.247196,20.326996,24.09984,15.389698,15.492017,19.911837,23.37128,20.469315,22.978544,20.957497,24.516993,15.452081,16.019003,0.0,0.0,0.0,0.0,4.0,0.0,0.0,4.0
4790,2023.0,2.0,3.0,6.0,21.080414,24.60733,15.754556,15.929783,21.05632,24.591751,21.081955,24.814098,15.774937,15.867583,20.002195,23.065033,21.275208,24.18856,21.717037,25.43863,21.023901,25.538412,0.0,0.0,0.0,0.0,4.0,0.0,0.0,4.0
4791,2023.0,2.0,3.0,6.0,21.092625,24.219501,15.091065,15.017448,21.098698,24.222246,21.099491,24.368483,15.039178,14.90708,20.101515,22.872896,21.669489,24.475468,22.581398,26.480158,20.828953,24.551743,0.0,0.0,0.0,0.0,0.0,0.0,0.0,0.0
4792,2023.0,2.0,3.0,6.0,21.088812,23.93635,15.002626,14.945855,21.090597,23.902893,21.094706,24.0384,15.470924,15.844604,17.744598,18.043785,20.988472,22.976715,21.878435,24.906322,17.31666,17.331123,0.0,0.0,0.0,4.0,0.0,0.0,0.0,0.0
4793,2023.0,2.0,3.0,6.0,21.086737,23.738565,15.006243,14.996893,21.088877,23.686996,21.092714,23.81103,20.2855,24.082586,16.383186,16.228487,21.079374,23.010246,20.975033,23.000622,16.517471,16.82354,0.0,0.0,0.0,0.0,0.0,0.0,0.0,4.0
4794,2023.0,2.0,3.0,7.0,21.08412,23.591265,15.00633,15.029263,21.08652,23.527964,21.090435,23.64546,17.353191,17.745975,15.985857,15.775092,21.067019,22.87141,21.054897,23.066841,20.37443,23.624054,0.0,0.0,0.0,0.0,0.0,0.0,4.0,0.0
4795,2023.0,2.0,3.0,7.0,21.082504,23.481108,15.006974,15.055991,21.084526,23.408356,21.088163,23.520855,16.500694,17.01953,15.738033,15.529073,21.037996,22.70831,21.062363,22.999096,17.963835,18.482134,0.0,0.0,0.0,4.0,0.0,4.0,4.0,4.0
4796,2023.0,2.0,3.0,7.0,21.080875,23.39559,15.007569,15.078083,21.082764,23.31561,21.086658,23.42577,20.306143,23.599617,15.971147,16.143574,21.069864,22.729374,21.059786,22.930376,20.361824,23.277584,0.0,0.0,0.0,0.0,4.0,0.0,4.0,4.0
4797,2023.0,2.0,3.0,7.0,21.07913,23.326538,15.00791,15.095641,21.081284,23.242203,21.085129,23.349533,17.297445,17.279186,20.283043,23.545986,21.081,22.660648,21.09683,22.978,20.956646,23.858469,0.0,0.0,0.0,0.0,0.0,0.0,0.0,0.0
4798,2023.0,2.0,3.0,7.0,21.078175,23.271915,15.287296,15.618458,21.079893,23.182543,21.059467,23.218998,15.764809,15.352777,17.777279,18.220568,21.07816,22.585363,21.049995,22.80509,18.699976,19.154432,4.0,0.0,4.0,0.0,0.0,0.0,4.0,4.0
4799,2023.0,2.0,3.0,7.0,21.683014,24.10793,20.180079,23.987268,21.711922,24.052643,21.86638,24.462494,15.633113,15.434272,16.567886,16.743334,21.55389,23.264984,21.87613,24.273932,20.326473,22.747267,4.0,0.0,0.0,0.0,4.0,0.0,0.0,4.0
4800,2023.0,2.0,3.0,8.0,21.830078,24.410683,20.004631,23.099823,21.83826,24.372133,21.68931,24.034842,15.534272,15.363202,20.326143,23.33486,21.783443,23.659424,21.98096,24.192635,21.298435,24.149275,4.0,0.0,4.0,0.0,0.0,0.0,4.0,0.0
4801,2023.0,2.0,3.0,8.0,19.714022,20.135191,20.10852,22.891695,19.645357,19.957745,19.58948,19.865437,15.395585,15.23528,17.924076,18.28669,19.585695,19.56001,19.605955,19.409534,18.45384,18.406952,4.0,0.0,4.0,0.0,0.0,0.0,0.0,0.0
4802,2023.0,2.0,3.0,8.0,18.627707,18.910004,20.090729,22.574188,18.203335,18.065075,17.849419,17.384256,15.272282,15.117109,16.4472,16.281757,18.764748,18.533718,18.158115,17.654816,17.698921,18.040342,4.0,0.0,0.0,0.0,0.0,0.0,0.0,4.0
4803,2023.0,2.0,3.0,8.0,17.701351,17.432972,20.106598,22.419043,17.710007,17.517044,17.181274,16.633059,15.164414,15.014733,16.480282,16.623573,18.453894,18.214094,18.664,19.036484,20.383787,22.74002,0.0,0.0,0.0,0.0,4.0,0.0,4.0,0.0
4804,2023.0,2.0,3.0,8.0,17.150206,16.808962,17.996466,18.20285,18.074642,18.46995,16.81515,16.269617,15.065696,14.915716,20.357525,23.335974,18.223166,17.987865,17.840368,17.436089,17.782152,17.61855,4.0,4.0,0.0,0.0,4.0,0.0,0.0,0.0
4805,2023.0,2.0,3.0,8.0,17.574848,17.864376,20.259052,22.824139,17.531162,17.459026,16.811394,16.554482,15.363105,15.185338,20.049997,22.398533,18.030903,17.800879,17.242022,16.768513,16.510822,16.086372,4.0,0.0,0.0,0.0,0.0,0.0,0.0,0.0
4806,2023.0,2.0,3.0,9.0,16.989153,16.756323,20.061245,22.218084,16.768381,16.291576,16.725885,16.52969,15.08895,14.947064,17.613632,17.466095,17.867004,17.64293,16.95379,16.483883,17.262281,17.880043,0.0,0.0,0.0,0.0,0.0,0.0,0.0,4.0
4807,2023.0,2.0,3.0,9.0,17.277037,17.595827,18.108273,18.318186,16.401438,15.877517,16.563978,16.37914,15.679012,16.151917,16.543049,16.302181,17.728146,17.512154,16.964539,16.736542,20.343664,23.14081,4.0,0.0,0.0,4.0,0.0,0.0,0.0,0.0
4808,2023.0,2.0,3.0,9.0,16.718548,16.504251,20.231852,22.670395,16.462233,16.21237,16.41487,16.23631,20.369034,23.96099,16.303293,16.07749,17.607256,17.397697,16.902449,16.714842,18.272171,18.754366,0.0,0.0,0.0,0.0,0.0,0.0,0.0,4.0
4809,2023.0,2.0,3.0,9.0,17.058392,17.40411,17.908276,17.929157,17.151958,17.583899,16.994848,17.443642,17.16558,17.278156,16.092236,15.881137,18.237865,18.683977,16.78019,16.603786,20.335953,22.88973,0.0,4.0,4.0,0.0,0.0,4.0,0.0,4.0
4810,2023.0,2.0,3.0,9.0,17.2345,17.650602,17.20594,17.450686,17.42341,17.97207,17.250359,17.802292,16.244398,16.492704,15.910245,15.705658,17.746023,17.580618,16.66212,16.490698,20.05778,22.171017,4.0,4.0,4.0,4.0,0.0,0.0,0.0,0.0
4811,2023.0,2.0,3.0,9.0,16.548206,16.393446,20.235155,22.91115,17.142698,17.40367,16.387814,16.155502,20.249014,23.215538,15.755816,15.559264,17.228489,16.792654,16.558657,16.390676,18.435131,18.876093,4.0,4.0,0.0,0.0,0.0,0.0,0.0,4.0
4812,2023.0,2.0,3.0,10.0,16.896723,17.284441,20.044893,22.2366,16.977835,17.192816,16.528563,16.699038,17.424803,17.466095,16.033636,16.205635,16.994171,16.520494,16.464613,16.299034,20.311432,22.618793,4.0,4.0,4.0,0.0,4.0,0.0,0.0,4.0
4813,2023.0,2.0,3.0,10.0,17.091608,17.548296,20.153646,22.284561,16.935621,17.165567,16.024755,15.701381,15.907094,15.532756,20.423271,23.524797,17.123693,16.899078,16.386114,16.22758,21.045635,23.637358,0.0,4.0,0.0,0.0,0.0,0.0,0.0,0.0
4814,2023.0,2.0,3.0,10.0,17.105515,17.578634,17.957966,17.942867,16.264086,15.951084,16.367018,16.558567,15.747256,15.557338,17.922295,18.363913,17.91374,18.391668,17.337803,18.08218,18.549728,18.52421,0.0,0.0,4.0,0.0,0.0,4.0,4.0,0.0
4815,2023.0,2.0,3.0,10.0,17.110558,17.59895,17.215345,17.027988,15.95594,15.548147,15.8753605,15.587842,16.448212,16.980688,17.145042,17.300097,17.178434,16.831207,17.448982,18.046118,17.399727,16.948278,0.0,0.0,0.0,4.0,4.0,0.0,4.0,0.0
4816,2023.0,2.0,3.0,10.0,17.107168,17.603212,16.97279,16.829964,16.525764,16.73259,15.621107,15.249049,20.389942,23.663124,20.269058,22.85309,16.918251,16.499556,17.520426,18.11717,17.00372,16.569452,0.0,4.0,0.0,0.0,0.0,0.0,4.0,0.0
4817,2023.0,2.0,3.0,10.0,16.474115,16.435871,16.70941,16.581984,16.770767,17.08512,16.212774,16.45983,17.667398,17.829248,18.22405,18.562614,17.626768,17.923662,17.61142,18.21767,16.869036,16.661812,0.0,4.0,4.0,0.0,0.0,4.0,4.0,0.0
4818,2023.0,2.0,3.0,11.0,16.169565,16.013563,16.990923,17.265423,16.127014,15.8829365,15.753961,15.527952,16.467373,16.089226,17.209509,17.034077,17.089539,16.768858,16.685106,16.43556,16.72868,16.562696,4.0,0.0,0.0,0.0,0.0,0.0,0.0,0.0
4819,2023.0,2.0,3.0,11.0,16.04944,15.900893,20.202757,23.015034,15.853128,15.524858,16.209362,16.499212,16.337612,16.148813,16.909744,16.715326,17.66859,17.993435,16.36697,16.044628,17.492434,18.166822,0.0,0.0,4.0,0.0,0.0,4.0,0.0,4.0
4820,2023.0,2.0,3.0,11.0,15.94742,15.809275,18.174017,18.686634,16.426334,16.712395,15.828261,15.665593,16.184792,16.037628,16.67045,16.490248,17.201773,16.915823,16.230795,15.921537,20.31269,22.95072,0.0,4.0,0.0,0.0,0.0,0.0,0.0,4.0
4821,2023.0,2.0,3.0,11.0,16.854246,17.618357,16.829548,16.82846,16.045399,15.880933,16.201265,16.542492,16.766333,17.30045,16.478128,16.307997,16.902185,16.554424,16.135893,15.841012,20.05281,22.201813,0.0,0.0,4.0,4.0,0.0,0.0,0.0,0.0
4822,2023.0,2.0,3.0,11.0,16.991764,17.60016,16.92144,17.241096,15.723102,15.465978,15.825659,15.719485,20.335392,23.422934,16.319155,16.159742,16.829895,16.489948,16.063839,15.784329,17.889004,17.86002,4.0,0.0,0.0,4.0,0.0,0.0,0.0,0.0
4823,2023.0,2.0,3.0,11.0,16.96679,17.56782,20.228188,23.128126,15.613794,15.36112,15.494461,15.271716,20.049831,22.505697,16.588964,16.794333,16.9537,16.795002,16.137959,16.005913,16.826069,16.536911,0.0,0.0,0.0,0.0,4.0,0.0,0.0,0.0
4824,2023.0,2.0,3.0,12.0,17.009327,17.62533,18.113226,18.619194,16.427507,16.978876,15.386074,15.162106,17.715273,17.763123,20.30515,23.23354,17.002602,16.876524,16.154888,16.048906,16.491829,16.193998,0.0,4.0,0.0,0.0,0.0,0.0,0.0,0.0
4825,2023.0,2.0,3.0,12.0,21.071667,24.638548,16.771769,16.789404,21.169207,25.008848,21.223173,25.472511,17.248116,17.600649,18.415588,19.083551,21.395676,24.428661,22.197573,26.418577,16.419329,16.273537,0.0,0.0,4.0,4.0,4.0,4.0,0.0,0.0
4826,2023.0,2.0,3.0,12.0,21.04883,24.11265,16.43377,16.383583,21.01562,24.133686,21.017818,24.44904,20.45758,23.281708,20.291187,22.823309,21.804287,24.767916,21.979597,25.631212,16.317053,16.18985,0.0,4.0,0.0,0.0,0.0,4.0,4.0,0.0
4827,2023.0,2.0,3.0,12.0,21.102314,23.896832,16.70394,17.043543,21.091879,23.913948,21.11763,24.202154,17.8957,17.972765,18.058336,18.163124,21.851866,24.385351,22.667715,26.29153,16.19474,16.07568,4.0,4.0,0.0,0.0,0.0,4.0,0.0,0.0
4828,2023.0,2.0,3.0,12.0,22.009409,25.24558,20.289284,23.304674,21.146837,23.791248,21.135777,23.925013,16.62061,16.329735,16.758059,16.42146,21.833351,24.05956,21.018095,23.006685,16.091936,15.980057,0.0,0.0,4.0,0.0,0.0,0.0,4.0,0.0
4829,2023.0,2.0,3.0,12.0,20.927334,23.08094,18.426582,19.239557,21.07189,23.439785,21.081982,23.615168,16.434189,16.282473,16.585186,16.398476,20.95149,22.354708,21.113691,23.118376,16.00528,15.900204,4.0,4.0,4.0,0.0,0.0,0.0,0.0,0.0
4830,2023.0,2.0,3.0,13.0,22.354448,25.434155,20.281807,22.922276,21.146704,23.460724,21.150938,23.629023,16.314522,16.187334,16.495907,16.34567,21.850668,23.89305,21.16716,23.141203,15.93137,15.832739,0.0,4.0,0.0,0.0,0.0,0.0,0.0,0.0
4831,2023.0,2.0,3.0,13.0,20.902412,22.722118,18.337553,18.834278,21.071562,23.214796,21.095116,23.406572,16.17853,16.062737,16.373442,16.23792,20.957651,22.19106,21.079494,22.89421,15.86818,15.776444,4.0,4.0,0.0,0.0,0.0,0.0,0.0,0.0
4832,2023.0,2.0,3.0,13.0,21.181236,23.27916,20.216246,22.721825,21.149303,23.29783,21.148018,23.42713,16.059978,15.951767,16.26097,16.132599,21.13797,22.56324,21.175447,23.052923,15.813445,15.728113,0.0,4.0,0.0,0.0,0.0,0.0,0.0,0.0
4833,2023.0,2.0,3.0,13.0,21.084131,23.095974,18.091547,18.326536,21.067785,23.07555,21.053104,23.180925,15.960377,15.860881,16.16613,16.048153,21.051409,22.386187,21.065718,22.79934,16.799623,17.644617,0.0,4.0,4.0,0.0,0.0,0.0,0.0,4.0
4834,2023.0,2.0,3.0,13.0,21.0564,23.003187,17.416351,17.796848,21.090578,23.09388,21.058762,23.16407,15.87482,15.782678,16.083723,15.973936,21.052406,22.380655,21.064898,22.770119,20.362242,23.585588,4.0,0.0,4.0,0.0,0.0,0.0,0.0,0.0
4835,2023.0,2.0,3.0,13.0,21.149729,23.17591,20.278872,22.881863,21.060028,22.970024,21.095213,23.201155,16.624586,17.272314,16.009254,15.904981,21.121357,22.507687,21.064043,22.74335,17.631788,17.775015,0.0,4.0,0.0,4.0,0.0,0.0,0.0,0.0
4836,2023.0,2.0,3.0,14.0,21.05891,22.97664,18.32508,18.8118,21.064072,22.945698,21.063234,23.070919,20.35836,23.597822,15.949107,15.852315,21.050663,22.351625,21.06309,22.718401,16.382673,16.191105,0.0,4.0,4.0,0.0,0.0,0.0,0.0,0.0
4837,2023.0,2.0,3.0,14.0,19.670794,20.30138,17.513025,17.939003,19.111244,19.205584,19.463228,19.97231,17.709003,17.93588,15.895783,15.804416,19.737095,19.811813,19.414751,19.525366,16.236284,16.14067,4.0,0.0,4.0,0.0,0.0,0.0,0.0,0.0
4838,2023.0,2.0,3.0,14.0,18.53635,18.493483,20.2825,22.871153,18.819483,19.08398,18.253998,18.074503,16.70427,16.467487,15.851941,15.7627735,19.186644,19.036041,18.724995,18.592422,16.1703,16.091366,0.0,4.0,0.0,0.0,0.0,0.0,0.0,0.0
4839,2023.0,2.0,3.0,14.0,17.972918,17.875822,18.146816,18.437725,18.701622,19.045267,17.641117,17.39149,17.262714,17.797693,15.809508,15.724962,19.678741,20.207901,18.367846,18.234726,16.078117,16.004932,0.0,4.0,0.0,4.0,0.0,4.0,0.0,0.0
4840,2023.0,2.0,3.0,14.0,17.715635,17.619505,17.529026,17.675142,17.931757,17.758696,18.010654,18.326056,20.328522,23.10591,15.776745,15.694988,19.081404,19.057854,18.142303,18.00994,16.00595,15.934576,4.0,0.0,4.0,0.0,0.0,0.0,0.0,0.0
4841,2023.0,2.0,3.0,14.0,17.47101,17.381866,20.232416,22.65177,18.083733,18.39083,17.45103,17.321724,17.941704,18.097155,16.15396,16.438934,19.22022,19.574636,17.924135,17.801771,15.929376,15.8618555,0.0,4.0,0.0,0.0,4.0,4.0,0.0,0.0
4842,2023.0,2.0,3.0,15.0,17.432573,17.518148,18.47578,18.957914,17.53289,17.385376,16.994213,16.78142,16.72203,16.52246,20.436745,23.532778,18.597416,18.367985,18.779434,19.591328,16.8219,17.61113,4.0,0.0,0.0,0.0,0.0,0.0,4.0,4.0
4843,2023.0,2.0,3.0,15.0,17.342285,17.46113,20.276583,22.588125,17.756113,18.087275,16.76909,16.553555,16.518448,16.403713,18.045113,18.552273,18.947344,19.306343,17.972857,17.835772,20.364948,23.534124,4.0,4.0,0.0,0.0,0.0,4.0,0.0,4.0
4844,2023.0,2.0,3.0,15.0,17.985426,18.78996,20.041862,21.957796,17.881039,18.291212,16.735258,16.664984,17.169407,17.760862,16.649645,16.602243,18.385204,18.141878,17.420166,17.169563,20.00952,22.434324,0.0,4.0,0.0,4.0,0.0,0.0,0.0,4.0
4845,2023.0,2.0,3.0,15.0,17.98913,18.623734,18.23607,18.385845,17.827377,18.244942,16.66139,16.61933,20.309788,23.108051,16.380266,16.294493,18.029964,17.72646,17.22026,16.968142,20.057562,22.260183,0.0,4.0,0.0,0.0,0.0,0.0,0.0,4.0
4846,2023.0,2.0,3.0,15.0,17.897297,18.512367,17.75584,18.120285,17.141666,17.019833,16.552734,16.514273,17.924631,18.087202,16.237593,16.144707,17.879942,17.572287,17.075127,16.826853,20.08369,22.15192,4.0,0.0,0.0,0.0,0.0,0.0,0.0,0.0
4847,2023.0,2.0,3.0,15.0,17.880087,18.503088,20.279608,22.634491,16.737722,16.512648,17.167181,17.754642,16.687506,16.474836,16.125277,16.029402,17.92423,17.776003,17.075966,16.955301,18.03655,18.069412,0.0,0.0,4.0,0.0,0.0,0.0,0.0,0.0
4848,2023.0,2.0,3.0,16.0,17.22954,17.31243,18.812836,19.538366,16.566828,16.335955,16.813683,16.940891,17.24084,17.779713,16.035606,15.942717,17.910887,17.790586,17.035189,16.93546,17.006746,16.783606,4.0,0.0,0.0,4.0,0.0,0.0,0.0,0.0
4849,2023.0,2.0,3.0,16.0,16.90143,16.85273,20.21759,22.253466,17.131886,17.487728,16.36776,16.204062,20.329084,23.10707,15.971094,15.877071,18.662294,19.268417,16.968096,16.872328,16.720552,16.470316,0.0,4.0,0.0,0.0,0.0,4.0,0.0,0.0
4850,2023.0,2.0,3.0,16.0,17.453732,18.026466,18.65547,19.069769,17.360182,17.801104,16.152538,15.954106,17.94313,18.086132,15.905775,15.816124,18.028164,17.841581,16.894527,16.80176,16.617897,16.495256,4.0,4.0,0.0,0.0,0.0,0.0,0.0,0.0
4851,2023.0,2.0,3.0,16.0,16.966743,17.040493,20.215696,22.101833,17.365002,17.805244,16.910759,17.479855,17.70793,18.044453,15.853711,15.763749,17.714638,17.406734,16.833055,16.741465,16.51754,16.415321,4.0,4.0,4.0,4.0,0.0,0.0,0.0,0.0
4852,2023.0,2.0,3.0,16.0,17.336363,17.927288,20.035315,21.66438,17.35433,17.791868,17.060814,17.540401,20.29663,22.630804,15.798903,15.71097,17.592915,17.284481,17.852757,18.724403,16.383526,16.288609,4.0,4.0,4.0,0.0,0.0,0.0,4.0,0.0
4853,2023.0,2.0,3.0,16.0,17.53887,18.163216,20.062174,21.660072,17.340918,17.775948,16.407717,16.350107,18.133123,18.193882,15.748567,15.662317,17.659843,17.514421,17.126768,17.00766,16.260153,16.169031,4.0,4.0,0.0,0.0,0.0,0.0,0.0,0.0
4854,2023.0,2.0,3.0,17.0,17.556005,18.174366,20.05752,21.607294,16.70646,16.604847,16.029074,15.839749,16.974873,16.698133,15.702535,15.617441,17.666317,17.548803,16.659136,16.430042,16.148874,16.058979,4.0,0.0,0.0,0.0,0.0,0.0,0.0,0.0
4855,2023.0,2.0,3.0,17.0,17.55704,18.163399,20.075333,21.622604,17.02106,17.399647,16.587229,16.989784,16.793829,16.652733,16.075228,16.35594,17.620611,17.507025,17.585312,18.281061,16.053036,15.966769,0.0,4.0,4.0,0.0,4.0,0.0,4.0,0.0
4856,2023.0,2.0,3.0,17.0,17.5569,18.158762,18.433197,18.447512,17.189318,17.615122,16.812874,17.263601,16.66378,16.546452,20.20718,23.187563,17.56959,17.45303,16.964266,16.814991,15.967109,15.88278,0.0,4.0,4.0,0.0,0.0,0.0,0.0,0.0
4857,2023.0,2.0,3.0,17.0,16.928482,16.985449,17.633621,17.566757,17.191883,17.613453,16.835255,17.279654,16.516403,16.405264,18.017656,18.540976,17.520966,17.402424,16.562403,16.328468,15.890926,15.80821,0.0,4.0,4.0,0.0,0.0,0.0,0.0,0.0
4858,2023.0,2.0,3.0,17.0,16.619003,16.546768,17.873182,18.193195,17.184416,17.600607,16.844505,17.283072,17.170803,17.737629,16.904762,16.803553,17.479387,17.35786,16.451994,16.205404,15.831008,15.747971,4.0,4.0,4.0,4.0,0.0,0.0,0.0,0.0
4859,2023.0,2.0,3.0,17.0,16.48703,16.403687,20.252754,22.440678,17.17392,17.585005,16.848656,17.281157,20.294508,23.096466,16.654518,16.524748,17.4404,17.31729,16.377079,16.129978,15.776925,15.695743,0.0,4.0,4.0,0.0,0.0,0.0,0.0,0.0
4860,2023.0,2.0,3.0,18.0,17.111279,17.664581,18.907177,19.576252,17.16051,17.566467,16.248102,16.159992,17.887756,17.998281,16.465893,16.339495,17.399511,17.274971,16.438135,16.324665,15.720995,15.640995,4.0,4.0,0.0,0.0,0.0,0.0,0.0,0.0
4861,2023.0,2.0,3.0,18.0,21.090405,24.448933,20.207901,22.063425,21.297794,24.733482,20.937027,24.434246,16.923325,16.588417,16.33897,16.208124,21.627245,24.414648,21.707987,25.220116,15.671627,15.5868,4.0,4.0,0.0,0.0,0.0,4.0,0.0,0.0
4862,2023.0,2.0,3.0,18.0,21.008547,23.80803,20.037804,21.620287,21.017254,23.745459,21.0312,24.074524,16.780579,16.62375,16.217615,16.091188,20.941587,22.973896,22.48812,26.131899,15.624205,15.538275,4.0,4.0,0.0,0.0,0.0,4.0,0.0,0.0
4863,2023.0,2.0,3.0,18.0,21.077908,23.636456,20.078403,21.642456,21.082735,23.57594,21.068571,23.802649,16.660645,16.526897,16.11446,15.991755,21.09632,23.040693,20.889551,22.913723,15.585084,15.498508,0.0,4.0,4.0,0.0,0.0,0.0,0.0,0.0
4864,2023.0,2.0,3.0,18.0,21.066717,23.408592,18.41471,18.39996,21.071665,23.348806,21.080297,23.575203,17.308126,17.881674,16.029694,15.912583,21.070267,22.796652,21.097586,23.175728,15.553271,15.466102,0.0,4.0,4.0,4.0,0.0,0.0,0.0,0.0
4865,2023.0,2.0,3.0,18.0,21.065477,23.26003,17.621508,17.531637,21.07043,23.198961,21.076204,23.3939,20.315092,22.982012,15.953793,15.839991,21.07034,22.654997,21.065102,22.99316,15.526368,15.438681,0.0,4.0,4.0,4.0,0.0,0.0,0.0,0.0
4866,2023.0,2.0,3.0,19.0,21.06116,23.143198,17.857674,18.190956,21.090944,23.148996,21.071758,23.259834,20.034801,22.120659,15.881558,15.767503,21.066278,22.541525,21.065346,22.902601,15.50217,15.413391,4.0,0.0,4.0,0.0,0.0,0.0,0.0,0.0
4867,2023.0,2.0,3.0,19.0,21.142384,23.221172,20.24902,22.429718,21.138447,23.135233,21.142282,23.30485,18.514359,18.927517,15.819784,15.708878,21.115454,22.587393,21.167065,23.033663,15.481337,15.392542,0.0,4.0,4.0,4.0,0.0,0.0,0.0,0.0
4868,2023.0,2.0,3.0,19.0,21.085758,23.057945,18.561865,18.92206,21.089708,22.987928,21.070808,23.085947,20.301172,22.458778,15.7648735,15.655869,21.053066,22.41753,21.06405,22.767998,15.461287,15.3716345,0.0,0.0,4.0,0.0,0.0,0.0,0.0,0.0
4869,2023.0,2.0,3.0,19.0,21.079268,22.985054,17.48268,17.457626,21.083195,22.917141,21.093838,23.091587,18.166119,18.09124,15.712533,15.600168,21.052198,22.380493,21.02509,22.618355,15.442591,15.352141,0.0,0.0,0.0,0.0,0.0,0.0,4.0,0.0
4870,2023.0,2.0,3.0,19.0,21.07739,22.930853,17.150095,17.055662,21.081404,22.864904,21.06125,22.954216,17.045347,16.674818,15.661072,15.54521,21.050804,22.348116,21.08478,22.707954,15.424341,15.332596,0.0,0.0,4.0,0.0,0.0,0.0,0.0,0.0
4871,2023.0,2.0,3.0,19.0,21.12934,23.01533,16.947165,16.836338,21.134016,22.953297,21.134623,23.050913,16.948664,16.790003,15.613284,15.494138,21.105234,22.42527,21.085281,22.612343,15.407181,15.314394,0.0,0.0,4.0,0.0,0.0,0.0,4.0,0.0
4872,2023.0,2.0,3.0,20.0,21.05402,22.852688,16.808146,16.713583,21.03205,22.719812,21.057173,22.863668,17.626486,18.188276,15.57347,15.455905,21.043833,22.280176,21.036236,22.497625,15.391671,15.29841,0.0,4.0,4.0,4.0,0.0,0.0,4.0,0.0
4873,2023.0,2.0,3.0,20.0,21.06391,22.859047,17.128508,17.427402,21.047245,22.7441,21.091568,22.923786,20.299356,22.712866,15.897207,16.09307,21.021212,22.198967,21.080395,22.587551,15.375873,15.281759,4.0,4.0,0.0,0.0,4.0,4.0,0.0,0.0
4874,2023.0,2.0,3.0,20.0,21.200191,23.097353,20.30268,22.958452,21.167131,22.960482,21.16083,23.03024,18.001692,17.921963,20.477318,23.687082,21.138384,22.442974,21.185286,22.764997,15.360179,15.264859,0.0,0.0,0.0,0.0,4.0,0.0,0.0,0.0
4875,2023.0,2.0,3.0,20.0,21.040352,22.764639,18.323486,18.725857,21.054338,22.675045,21.083887,22.842184,16.853203,16.4827,19.99575,22.486164,21.03393,22.167051,21.071297,22.503407,15.344746,15.24831,0.0,4.0,0.0,0.0,4.0,4.0,0.0,0.0
4876,2023.0,2.0,3.0,20.0,21.08288,22.829744,17.591595,17.962374,21.084084,22.726133,21.038315,22.73931,16.792458,16.63677,20.0978,22.333164,21.036375,22.144676,21.027771,22.364847,15.329077,15.231045,4.0,0.0,4.0,0.0,0.0,4.0,4.0,0.0
4877,2023.0,2.0,3.0,20.0,21.710745,23.78227,20.26504,22.629887,21.160763,22.849577,21.168821,22.986877,16.709194,16.566095,17.887342,17.82171,21.701515,23.220242,21.244764,22.785637,15.314796,15.216253,0.0,0.0,0.0,0.0,0.0,4.0,4.0,0.0
4878,2023.0,2.0,3.0,21.0,21.04657,22.622288,18.15922,18.228186,21.077879,22.654459,21.05705,22.71278,16.591305,16.45343,16.671326,16.25499,21.022427,22.015297,21.07667,22.459816,15.299949,15.200153,0.0,0.0,4.0,0.0,0.0,0.0,0.0,0.0
4879,2023.0,2.0,3.0,21.0,21.05161,22.608047,17.604034,17.892487,21.059696,22.630617,21.062994,22.705065,17.279596,17.850723,16.558762,16.347523,21.064526,22.096626,21.030088,22.321234,16.25818,17.019913,4.0,0.0,4.0,4.0,0.0,0.0,4.0,4.0
4880,2023.0,2.0,3.0,21.0,21.149998,22.821707,20.259386,22.55192,21.150116,22.813995,21.149992,22.880764,20.294659,22.946312,16.477236,16.304579,21.132515,22.20661,21.175068,22.627317,20.188622,23.50507,4.0,0.0,0.0,0.0,0.0,4.0,0.0,0.0
4881,2023.0,2.0,3.0,21.0,21.04662,22.580332,20.029867,21.843174,21.060968,22.63119,21.056208,22.648985,17.852102,17.78339,16.754227,16.952581,21.064892,22.085278,21.029251,22.287548,17.343067,17.392422,4.0,0.0,4.0,0.0,4.0,0.0,4.0,0.0
4882,2023.0,2.0,3.0,21.0,21.156397,22.812275,20.144482,21.920263,21.187565,22.86054,21.155527,22.830877,16.631725,16.230503,20.403986,23.057247,21.12111,22.1862,21.182384,22.611563,15.963205,15.659416,0.0,4.0,4.0,0.0,0.0,0.0,0.0,0.0
4883,2023.0,2.0,3.0,21.0,21.072323,22.628359,18.246784,18.152761,21.065538,22.631073,21.060427,22.622795,16.589455,16.408907,18.208687,18.5496,21.029768,21.9711,21.068104,22.362463,15.883258,15.752297,0.0,0.0,4.0,0.0,0.0,4.0,0.0,0.0
4884,2023.0,2.0,3.0,22.0,21.073462,22.61583,17.115683,16.646189,21.07881,22.612747,21.08552,22.678,16.552462,16.401035,17.280136,17.45728,21.064905,22.056473,21.068869,22.346369,16.78567,17.51415,0.0,0.0,0.0,0.0,4.0,0.0,0.0,4.0
4885,2023.0,2.0,3.0,22.0,21.054714,22.601467,17.502264,17.685593,21.07602,22.573647,21.05483,22.578215,16.45738,16.31596,20.356237,22.7134,21.058687,22.032578,21.028667,22.224056,21.664337,25.635553,4.0,0.0,4.0,0.0,0.0,0.0,4.0,4.0
4886,2023.0,2.0,3.0,22.0,21.181286,22.866053,20.242617,22.552156,21.032045,22.476717,21.083675,22.64002,17.02164,17.46566,18.318533,18.58594,21.130964,22.165838,21.035677,22.234913,19.866638,21.925121,0.0,4.0,0.0,4.0,0.0,0.0,4.0,4.0
4887,2023.0,2.0,3.0,22.0,21.029583,22.545324,18.48639,18.837292,21.06396,22.568186,21.077223,22.607683,20.406385,23.10846,17.422438,17.545965,21.042027,22.00691,21.0741,22.336985,20.089708,22.147104,0.0,0.0,0.0,4.0,4.0,0.0,0.0,4.0
4888,2023.0,2.0,3.0,22.0,21.061058,22.634563,17.39529,17.344963,21.075796,22.554195,21.077047,22.589016,20.1124,22.270485,20.406593,22.686228,21.013826,21.944117,21.026453,22.202068,20.329002,22.495907,0.0,0.0,0.0,0.0,4.0,4.0,4.0,0.0
4889,2023.0,2.0,3.0,22.0,21.071339,22.618298,17.106592,16.999443,21.073168,22.520523,21.057775,22.569614,17.902325,17.754936,20.041946,21.860071,21.033915,21.968666,21.073734,22.318985,17.958546,17.785568,0.0,0.0,0.0,0.0,0.0,4.0,0.0,0.0
4890,2023.0,2.0,3.0,23.0,21.069654,22.586658,16.945637,16.83391,21.054731,22.496653,21.05979,22.582378,16.85382,16.467043,18.362751,18.445162,21.031294,21.953676,21.064524,22.287214,16.91046,16.538332,0.0,0.0,0.0,0.0,4.0,4.0,0.0,0.0
4891,2023.0,2.0,3.0,23.0,19.717442,19.9997,16.813364,16.69812,19.67434,19.853899,19.605305,19.796787,16.7945,16.615707,17.4457,17.285553,19.626379,19.27515,20.246346,20.660921,17.30625,17.5742,0.0,0.0,0.0,0.0,4.0,0.0,4.0,4.0
4892,2023.0,2.0,3.0,23.0,19.08084,19.120502,16.714962,16.59275,19.608545,20.044998,18.862467,18.74274,17.359234,17.757301,16.915283,16.471079,19.058426,18.519238,19.159462,18.795486,17.424906,17.741617,0.0,4.0,0.0,4.0,0.0,0.0,0.0,4.0
4893,2023.0,2.0,3.0,23.0,18.792736,18.816048,16.624031,16.499542,18.938414,18.891846,18.536905,18.391747,16.896921,16.793367,16.597912,16.105778,18.81805,18.277624,18.641552,18.165585,16.696878,16.419594,0.0,0.0,0.0,0.0,0.0,0.0,0.0,0.0
4894,2023.0,2.0,3.0,23.0,18.574839,18.5953,16.540573,16.41361,18.195864,17.701138,18.294865,18.145763,17.021572,17.163654,16.655714,16.423637,18.623476,18.08637,18.351192,17.870352,17.086744,17.381763,0.0,0.0,0.0,4.0,0.0,0.0,0.0,4.0
4895,2023.0,2.0,3.0,23.0,18.394114,18.415539,16.4635,16.335691,17.854753,17.310923,18.094044,17.946024,17.051062,17.19384,16.615143,16.434053,18.745836,18.50244,18.126587,17.652746,16.43161,16.093357,0.0,0.0,0.0,4.0,0.0,0.0,0.0,0.0
4896,2023.0,2.0,4.0,0.0,18.23803,18.261408,16.392153,16.263916,17.936258,17.699024,17.920282,17.774746,16.493683,16.173414,16.510414,16.338417,18.715734,18.517742,19.230505,19.941793,16.12787,15.7524605,0.0,0.0,0.0,0.0,0.0,0.0,4.0,0.0
4897,2023.0,2.0,4.0,0.0,18.817879,19.472134,16.325663,16.197205,17.889029,17.721785,17.764683,17.620554,16.193066,15.784686,16.710629,16.80813,18.62389,18.434147,18.288172,17.953438,15.975685,15.602942,0.0,0.0,0.0,0.0,4.0,0.0,0.0,0.0
4898,2023.0,2.0,4.0,0.0,18.298168,18.437687,16.262684,16.133,17.765747,17.60148,17.622469,17.477413,16.042513,15.624625,16.447939,16.302877,18.526379,18.330679,17.831768,17.365705,16.060074,15.903713,0.0,0.0,0.0,0.0,0.0,0.0,0.0,0.0
4899,2023.0,2.0,4.0,0.0,17.670994,17.370708,16.204401,16.074202,17.649529,17.486677,17.49535,17.35128,16.17062,15.995598,16.276093,16.107878,18.43728,18.239494,17.646214,17.18233,16.036352,15.908957,0.0,0.0,0.0,0.0,0.0,0.0,0.0,0.0
4900,2023.0,2.0,4.0,0.0,17.420336,17.077251,16.147697,16.015392,17.538403,17.374054,17.37648,17.230434,16.166262,16.01353,16.494406,16.599419,18.35342,18.152246,17.489122,17.027264,15.961973,15.828317,0.0,0.0,0.0,0.0,4.0,0.0,0.0,0.0
4901,2023.0,2.0,4.0,0.0,17.611305,17.613005,16.09605,15.963785,17.439192,17.277187,17.271482,17.127645,16.11193,15.9585285,16.533504,16.651169,18.277569,18.075434,17.634722,17.456453,15.893027,15.758089,0.0,0.0,0.0,0.0,4.0,0.0,0.0,0.0
4902,2023.0,2.0,4.0,1.0,17.572733,17.594913,16.048435,15.917167,17.349154,17.191269,17.176956,17.037125,16.05789,15.904224,16.21475,16.06703,18.207924,18.005966,17.592228,17.419632,15.8294735,15.694378,0.0,0.0,0.0,0.0,0.0,0.0,0.0,0.0
4903,2023.0,2.0,4.0,1.0,17.49677,17.519005,15.999907,15.866232,17.26071,17.101837,17.084467,16.943356,16.00282,15.846326,16.373926,16.475502,18.1396,17.934694,17.515879,17.341362,15.767557,15.629708,0.0,0.0,0.0,0.0,4.0,0.0,0.0,0.0
4904,2023.0,2.0,4.0,1.0,17.42638,17.452137,15.956455,15.82376,17.183382,17.028854,17.003748,16.867018,15.952722,15.796304,15.81881,15.38352,18.078323,17.873919,17.442924,17.269474,16.44249,16.949387,0.0,0.0,0.0,0.0,0.0,0.0,0.0,4.0
4905,2023.0,2.0,4.0,1.0,17.355177,17.380821,15.912047,15.777872,17.107054,16.952774,16.924295,16.787632,15.902468,15.74406,15.544942,15.052692,18.017662,17.81129,17.369656,17.194685,15.92258,15.819249,0.0,0.0,0.0,0.0,0.0,0.0,0.0,0.0
4906,2023.0,2.0,4.0,1.0,17.284077,17.30604,15.866299,15.72853,17.03183,16.874289,16.846127,16.705902,15.852103,15.689833,15.712566,15.5129385,17.957493,17.746996,17.2971,17.118216,15.507947,15.1383095,0.0,0.0,0.0,0.0,0.0,0.0,0.0,0.0
4907,2023.0,2.0,4.0,1.0,17.217653,17.237356,15.821437,15.680443,16.961245,16.801222,16.772612,16.629786,15.804047,15.638782,15.706583,15.518742,17.900578,17.687014,17.228727,17.04725,15.3573065,14.970785,0.0,0.0,0.0,0.0,0.0,0.0,0.0,0.0
4908,2023.0,2.0,4.0,2.0,17.157455,17.17804,15.781362,15.640939,16.89877,16.741026,16.707346,16.56699,15.759205,15.592998,15.653142,15.464957,17.847706,17.633324,17.16506,16.983145,15.506524,15.367707,0.0,0.0,0.0,0.0,0.0,0.0,0.0,0.0
4909,2023.0,2.0,4.0,2.0,17.098091,17.11765,15.740073,15.597864,16.836067,16.677254,16.641657,16.500252,15.714634,15.546611,15.596376,15.405862,17.795603,17.579443,17.102867,16.919504,15.484521,15.335605,0.0,0.0,0.0,0.0,0.0,0.0,0.0,0.0
4910,2023.0,2.0,4.0,2.0,17.0428,17.062674,15.701772,15.559591,16.778423,16.620705,16.5813,16.441088,15.672363,15.5035305,15.542096,15.350913,17.746338,17.529486,17.044115,16.860329,15.44251,15.292732,0.0,0.0,0.0,0.0,0.0,0.0,0.0,0.0
4911,2023.0,2.0,4.0,2.0,16.992968,17.016283,15.667482,15.528361,16.72709,16.574228,16.52765,16.39253,16.219994,16.568241,15.7903595,15.860406,17.700981,17.485716,16.989922,16.808025,15.40283,15.254055,0.0,0.0,0.0,4.0,4.0,0.0,0.0,0.0
4912,2023.0,2.0,4.0,2.0,16.941898,16.965143,15.630949,15.491556,16.67386,16.521667,16.472157,16.337708,15.805416,15.660335,15.883637,15.983745,17.654837,17.438835,16.935425,16.753036,15.361848,15.212288,0.0,0.0,0.0,0.0,4.0,0.0,0.0,0.0
4913,2023.0,2.0,4.0,2.0,16.89271,16.915583,15.595399,15.45543,16.622368,16.470661,16.41872,16.284683,16.246096,16.592148,15.60464,15.448956,17.60997,17.393229,16.882685,16.699791,15.321921,15.171557,0.0,0.0,0.0,4.0,0.0,0.0,0.0,0.0
4914,2023.0,2.0,4.0,3.0,16.84333,16.863894,15.559199,15.417099,16.570635,16.417482,16.36523,16.22957,16.130705,16.21872,15.465094,15.272827,17.565056,17.346355,16.83025,16.645561,15.282006,15.129818,0.0,0.0,0.0,4.0,0.0,0.0,0.0,0.0
4915,2023.0,2.0,4.0,3.0,16.798738,16.819988,15.525845,15.3841505,16.523552,16.372149,16.316597,16.182686,15.558447,15.161021,15.400796,15.208472,17.523361,17.30487,16.78157,16.597424,15.244946,15.09279,0.0,0.0,0.0,0.0,0.0,0.0,0.0,0.0
4916,2023.0,2.0,4.0,3.0,16.75065,16.767965,15.488039,15.342307,16.472233,16.317127,16.26357,16.125818,15.316381,14.8618965,15.33961,15.1423645,17.47925,17.257675,16.73075,16.543804,15.206025,15.051197,0.0,0.0,0.0,0.0,0.0,0.0,0.0,0.0
4917,2023.0,2.0,4.0,3.0,16.711954,16.734396,15.456519,15.313172,16.429245,16.277748,16.219181,16.08516,15.214907,14.7709465,15.290539,15.096128,17.440329,17.220102,16.685392,16.500076,15.901059,16.390911,0.0,0.0,0.0,0.0,0.0,0.0,0.0,4.0
4918,2023.0,2.0,4.0,3.0,16.6813,16.715652,15.419898,15.273874,16.381199,16.227232,16.169771,16.033138,15.403804,15.239481,15.238311,15.040726,17.398394,17.175692,16.637161,16.44956,16.199068,16.78744,0.0,0.0,0.0,0.0,0.0,0.0,0.0,4.0
4919,2023.0,2.0,4.0,3.0,16.643475,16.680014,15.3873625,15.242715,16.338873,16.187214,16.12671,15.992213,15.398537,15.223419,15.193202,14.997385,17.360641,17.138983,16.593525,16.407352,15.298763,14.971118,0.0,0.0,0.0,0.0,0.0,0.0,0.0,0.0
4920,2023.0,2.0,4.0,4.0,16.601137,16.636019,15.351963,15.205755,16.293724,16.1408,16.081028,15.944961,15.361896,15.18464,15.146309,14.948752,17.320877,17.09767,16.547857,16.360332,15.744444,16.00587,0.0,0.0,0.0,0.0,0.0,0.0,0.0,4.0
4921,2023.0,2.0,4.0,4.0,16.560278,16.594677,15.317841,15.171271,16.250532,16.097687,16.03727,15.901096,15.326426,15.148755,15.102229,14.904309,17.282776,17.05916,16.504038,16.316347,15.157103,14.782492,0.0,0.0,0.0,0.0,0.0,0.0,0.0,0.0
4922,2023.0,2.0,4.0,4.0,16.519533,16.553177,15.283703,15.136595,16.945618,17.439034,15.993876,15.85734,15.290195,15.112013,15.059241,14.860678,17.24508,17.020872,16.460625,16.272448,15.006434,14.669673,0.0,4.0,0.0,0.0,0.0,0.0,0.0,0.0
4923,2023.0,2.0,4.0,4.0,16.475616,16.50871,15.246596,15.099268,16.582458,16.55826,16.69023,17.204897,15.250567,15.072191,15.300904,15.351356,17.205,16.98051,16.414778,16.22664,15.550018,15.759214,0.0,0.0,4.0,0.0,4.0,0.0,0.0,4.0
4924,2023.0,2.0,4.0,4.0,16.435652,16.467209,15.212832,15.0641985,15.995888,15.512758,16.234417,16.20637,15.215126,15.035665,15.093922,14.905009,17.169138,16.943613,16.37412,16.185095,14.965358,14.667293,0.0,0.0,0.0,0.0,0.0,0.0,0.0,0.0
4925,2023.0,2.0,4.0,4.0,16.39238,16.422897,15.176081,15.026708,15.735249,15.199653,15.6055975,15.146739,15.176438,14.996364,15.004701,14.845586,17.130129,16.903957,16.329762,16.140343,15.026545,14.840928,0.0,0.0,0.0,0.0,0.0,0.0,0.0,0.0
4926,2023.0,2.0,4.0,5.0,16.34973,16.37935,15.645269,15.936891,15.947417,15.737802,15.380847,14.875534,15.138313,14.957736,15.004731,14.869793,17.091352,16.864662,16.28553,16.09581,15.009458,14.834299,4.0,0.0,0.0,0.0,0.0,0.0,0.0,0.0
4927,2023.0,2.0,4.0,5.0,16.306698,16.334383,15.37683,15.301892,16.013885,15.852688,15.612163,15.432622,15.102002,14.921789,15.0054,14.889953,17.054155,16.827913,16.242634,16.05338,15.003449,14.861517,0.0,0.0,0.0,0.0,0.0,0.0,0.0,0.0
4928,2023.0,2.0,4.0,5.0,16.260427,16.283888,15.181179,15.048429,15.983578,15.828713,15.677965,15.535872,15.646476,15.975355,15.005595,14.906669,17.019121,16.794462,16.2021,16.014572,15.68079,16.168571,0.0,0.0,0.0,4.0,0.0,0.0,0.0,4.0
4929,2023.0,2.0,4.0,5.0,16.221235,16.245068,15.110748,14.966297,15.943888,15.791441,15.6572485,15.521793,15.332636,15.192431,15.183043,15.248256,16.984377,16.760895,16.161758,15.975319,14.967381,14.732163,0.0,0.0,0.0,0.0,4.0,0.0,0.0,0.0
4930,2023.0,2.0,4.0,5.0,16.183279,16.207767,15.066334,14.921069,15.903504,15.752946,15.624834,15.491453,15.124582,14.951942,14.989335,14.883868,16.950222,16.72788,17.157743,17.884712,15.390553,15.601305,0.0,0.0,0.0,0.0,0.0,0.0,4.0,4.0
4931,2023.0,2.0,4.0,5.0,16.14549,16.170538,15.026939,14.882206,15.864039,15.714599,15.590329,15.458125,15.063837,14.888552,15.013144,14.946605,16.916357,16.695,16.342766,15.980826,14.964506,14.764086,0.0,0.0,0.0,0.0,0.0,0.0,0.0,0.0
4932,2023.0,2.0,4.0,6.0,16.118477,16.154665,14.9999895,14.8662195,15.823757,15.674351,15.553798,15.421716,15.612728,15.961946,15.005552,14.946616,16.881996,16.660667,15.8775015,15.434426,15.02783,14.918931,0.0,0.0,0.0,4.0,0.0,0.0,0.0,0.0
4933,2023.0,2.0,4.0,6.0,20.963974,24.643684,15.002855,14.898314,20.857313,24.475077,20.70736,24.395498,19.812243,22.980452,15.007336,14.962262,20.746618,23.204834,20.97901,24.079943,15.012161,14.911862,0.0,0.0,0.0,0.0,0.0,0.0,0.0,0.0
4934,2023.0,2.0,4.0,6.0,21.014807,24.158335,15.002926,14.920242,21.013367,24.163923,21.014353,24.349422,17.078041,17.058054,15.007141,14.971927,21.556194,24.409567,22.264574,25.970804,15.004675,14.930706,0.0,0.0,0.0,0.0,0.0,0.0,0.0,0.0
4935,2023.0,2.0,4.0,6.0,21.090645,23.931585,15.0033655,14.940146,21.09456,23.922318,21.100096,24.096333,15.821159,15.651167,15.00723,14.979833,20.998762,23.066917,23.092312,26.971521,15.005425,14.9528055,0.0,0.0,0.0,0.0,0.0,0.0,0.0,0.0
4936,2023.0,2.0,4.0,6.0,21.079752,23.66017,15.003694,14.958156,21.059782,23.56647,21.087673,23.790464,15.659739,15.484384,15.007176,14.985889,21.075237,23.02009,20.877966,22.66671,15.005462,14.965882,0.0,4.0,0.0,0.0,0.0,0.0,0.0,0.0
4937,2023.0,2.0,4.0,6.0,21.075703,23.480259,15.00421,14.97524,21.084097,23.451935,21.083141,23.587513,15.536182,15.36219,15.007275,14.991377,21.06173,22.845924,21.111095,23.059147,15.005379,14.974864,0.0,0.0,0.0,0.0,0.0,0.0,0.0,0.0
4938,2023.0,2.0,4.0,7.0,21.07565,23.354681,15.411613,15.749734,21.099897,23.302546,21.083061,23.445341,15.440867,15.272911,15.0073395,14.996368,21.033556,22.660522,21.066408,22.90976,15.0048275,14.980966,4.0,0.0,0.0,0.0,0.0,4.0,0.0,0.0
4939,2023.0,2.0,4.0,7.0,21.657204,24.002611,19.96483,23.449793,21.510971,23.686369,21.621054,24.020573,15.360325,15.196143,15.22593,15.402122,21.370167,22.964172,21.605944,23.50394,15.840675,16.558256,0.0,0.0,0.0,0.0,4.0,4.0,0.0,4.0
4940,2023.0,2.0,4.0,7.0,21.370872,23.25194,17.852722,18.679386,21.398119,23.224342,21.343018,23.279951,15.292534,15.130064,20.10281,23.640959,21.398901,22.945192,21.595675,23.382322,20.721,24.623995,4.0,0.0,0.0,0.0,0.0,0.0,4.0,4.0
4941,2023.0,2.0,4.0,7.0,21.858387,24.28834,20.292027,23.49473,21.15879,23.023266,21.154701,23.179596,15.999702,16.513416,17.807676,18.541988,21.55112,23.149303,20.987602,22.331509,19.93703,22.683666,4.0,4.0,0.0,4.0,4.0,4.0,0.0,0.0
4942,2023.0,2.0,4.0,7.0,21.979149,24.36306,20.0687,22.653883,21.916431,24.272467,21.874523,24.286854,21.3066,25.409922,20.232132,23.32253,21.488056,22.906801,22.19151,24.572083,17.833735,18.275682,4.0,4.0,0.0,4.0,0.0,4.0,0.0,4.0
4943,2023.0,2.0,4.0,7.0,21.834358,23.948523,20.09527,22.430984,20.927454,22.38136,20.926432,22.546638,19.8903,22.30145,18.11255,18.712187,21.65919,23.110794,20.92686,22.104061,20.35854,23.173033,4.0,4.0,4.0,0.0,4.0,4.0,0.0,4.0
4944,2023.0,2.0,4.0,8.0,20.932764,22.361023,20.085176,22.217411,21.091389,22.721188,21.077868,22.880789,17.35474,17.158688,20.285053,22.935034,20.957928,21.82337,21.040554,22.377106,21.1502,24.119228,4.0,4.0,4.0,0.0,0.0,4.0,4.0,0.0
4945,2023.0,2.0,4.0,8.0,19.583569,19.88779,20.09984,22.119356,19.505413,19.682701,18.892365,18.694456,16.133217,15.669795,17.968998,18.103241,20.019878,20.110622,19.93096,20.26995,18.286726,18.248642,0.0,4.0,0.0,0.0,4.0,4.0,4.0,0.0
4946,2023.0,2.0,4.0,8.0,18.918339,19.15049,17.867786,17.734646,18.060715,17.553368,18.245705,18.244276,15.814339,15.345931,20.407984,22.773542,19.600315,19.670126,19.45093,19.782455,17.5257,17.868563,0.0,0.0,4.0,0.0,4.0,4.0,4.0,4.0
4947,2023.0,2.0,4.0,8.0,18.665968,18.923763,17.32648,17.526375,18.082047,18.035366,17.487469,17.003008,15.854361,15.648252,20.032402,21.969393,19.422901,19.509895,19.270409,19.620255,21.766476,25.106855,4.0,4.0,0.0,0.0,4.0,4.0,4.0,0.0
4948,2023.0,2.0,4.0,8.0,18.47252,18.750168,20.251318,22.815598,18.090294,18.132383,17.627457,17.632965,16.604536,17.133938,20.087084,21.913378,19.277899,19.379303,18.205553,17.771576,18.42125,18.38164,4.0,4.0,4.0,4.0,4.0,4.0,0.0,0.0
4949,2023.0,2.0,4.0,8.0,18.315975,18.611094,20.062265,22.16906,17.953745,18.015768,17.04992,16.589365,20.439823,23.572826,20.092865,21.81884,18.49068,18.01536,17.607409,17.109753,16.750776,16.32574,0.0,4.0,0.0,0.0,0.0,0.0,0.0,0.0
4950,2023.0,2.0,4.0,9.0,17.509043,17.228575,18.181108,18.369932,17.831106,17.909704,16.599682,16.056253,17.67749,17.690945,18.030157,17.77724,18.013489,17.4572,17.326517,16.836601,16.540771,16.341152,4.0,4.0,0.0,0.0,0.0,0.0,0.0,0.0
4951,2023.0,2.0,4.0,9.0,17.13203,16.75755,20.228228,22.305656,17.742195,17.831419,16.413704,15.869673,16.509249,16.022987,17.3896,17.095146,18.582922,18.704124,17.143114,16.662924,16.408195,16.245768,0.0,4.0,0.0,0.0,0.0,4.0,0.0,0.0
4952,2023.0,2.0,4.0,9.0,16.920835,16.566034,18.097427,18.034399,17.648212,17.750937,16.533115,16.295822,16.39214,16.169638,17.157944,16.925678,18.077917,17.638823,16.96475,16.499474,17.157238,17.838455,0.0,4.0,0.0,0.0,0.0,0.0,0.0,4.0
4953,2023.0,2.0,4.0,9.0,16.767292,16.420406,17.34865,17.121477,17.577135,17.68928,16.536407,16.369513,16.292465,16.11735,16.933245,16.708105,18.496346,18.63267,17.07696,16.869661,20.346563,23.321045,0.0,4.0,0.0,0.0,0.0,4.0,0.0,0.0
4954,2023.0,2.0,4.0,9.0,16.905462,16.86149,17.515713,17.720306,16.863192,16.433525,16.446665,16.289545,16.133202,15.969734,17.073523,17.187874,18.646025,18.805025,17.066683,16.894882,17.564758,17.511856,4.0,0.0,0.0,0.0,4.0,4.0,0.0,0.0
4955,2023.0,2.0,4.0,9.0,16.910395,16.925064,20.235458,22.663063,16.514336,15.979783,16.367117,16.213053,16.00926,15.847696,20.282364,22.823973,17.948715,17.510424,16.98852,16.820398,16.558126,16.111662,0.0,0.0,0.0,0.0,0.0,0.0,0.0,0.0
4956,2023.0,2.0,4.0,10.0,16.838339,16.866518,18.344128,18.723297,17.007093,17.06846,16.281298,16.132555,15.885308,15.731284,18.25725,18.550394,17.54922,17.03285,16.898457,16.732924,16.422699,16.218962,0.0,4.0,0.0,0.0,0.0,0.0,0.0,0.0
4957,2023.0,2.0,4.0,10.0,17.548632,18.267494,17.7947,18.045729,16.494085,16.08262,16.212286,16.068045,15.793808,15.64336,17.263245,17.055681,17.409624,16.891027,16.826237,16.662313,16.302032,16.136717,4.0,0.0,0.0,0.0,0.0,0.0,0.0,0.0
4958,2023.0,2.0,4.0,10.0,16.795963,16.707127,20.227066,22.525076,16.218073,15.728755,16.148878,16.012829,15.714181,15.570703,16.979162,16.758108,17.316133,16.812395,16.761528,16.602177,16.156523,16.003841,0.0,0.0,0.0,0.0,0.0,0.0,0.0,0.0
4959,2023.0,2.0,4.0,10.0,16.311852,16.062906,18.339308,18.58973,16.083155,15.610039,16.081938,15.95394,15.632096,15.4920435,16.744343,16.537632,17.488035,17.260145,16.695034,16.539959,16.008919,15.86547,4.0,0.0,0.0,0.0,0.0,0.0,0.0,0.0
4960,2023.0,2.0,4.0,10.0,16.187487,15.928962,20.230278,22.224916,16.247261,16.046574,16.026228,15.904485,15.571039,15.432968,16.583548,16.379086,18.273142,18.750315,16.641653,16.489504,15.9006605,15.761864,4.0,0.0,0.0,0.0,0.0,4.0,0.0,0.0
4961,2023.0,2.0,4.0,10.0,17.155876,17.86791,20.056091,21.780878,16.298695,16.164385,15.967671,15.853525,15.509217,15.375486,16.425602,16.2328,17.592335,17.2126,16.586668,16.438423,15.79059,15.658918,0.0,0.0,0.0,0.0,0.0,0.0,0.0,0.0
4962,2023.0,2.0,4.0,11.0,17.250452,17.745874,18.158026,18.074827,16.250734,16.129753,15.91248,15.805677,15.455578,15.326303,16.292011,16.111872,17.989397,18.225277,17.548117,18.294157,15.693303,15.567751,0.0,0.0,0.0,0.0,0.0,4.0,4.0,0.0
4963,2023.0,2.0,4.0,11.0,16.558907,16.468311,17.51812,17.3241,16.198856,16.081856,15.863294,15.759745,15.414034,15.285331,16.193336,16.016973,17.426888,17.044647,16.680384,16.418732,15.618136,15.494069,0.0,0.0,0.0,0.0,0.0,0.0,0.0,0.0
4964,2023.0,2.0,4.0,11.0,16.992464,17.421352,17.73621,17.969671,16.871756,17.391556,15.814696,15.714362,16.09097,16.58926,16.10031,15.928945,17.179243,16.719564,17.402433,17.963875,15.548367,15.426691,4.0,4.0,0.0,4.0,0.0,0.0,4.0,0.0
4965,2023.0,2.0,4.0,11.0,17.1168,17.589308,20.223576,22.4903,17.099821,17.694078,15.768329,15.671153,20.231516,23.658846,16.01394,15.845236,17.096283,16.639778,17.638535,18.21388,15.4857,15.366458,4.0,4.0,0.0,0.0,0.0,0.0,4.0,0.0
4966,2023.0,2.0,4.0,11.0,16.482994,16.396347,20.057457,21.935575,16.885838,17.198503,15.719215,15.625311,17.383566,17.502344,16.33307,16.528103,17.261969,17.052387,16.746716,16.46626,15.420282,15.302227,0.0,4.0,0.0,0.0,4.0,0.0,0.0,0.0
4967,2023.0,2.0,4.0,11.0,16.129793,15.936975,18.070625,17.988205,16.17598,15.9239855,15.672215,15.580928,15.921184,15.60401,20.405025,23.363647,18.070663,18.563398,16.324604,15.960978,15.359503,15.242228,0.0,0.0,0.0,0.0,0.0,4.0,0.0,0.0
4968,2023.0,2.0,4.0,12.0,16.73701,17.173927,16.882217,16.42619,15.79877,15.420746,15.628544,15.539126,15.806147,15.64015,18.354618,19.004093,17.422321,17.082281,17.247044,17.808397,15.304427,15.188136,0.0,0.0,0.0,0.0,4.0,0.0,4.0,0.0
4969,2023.0,2.0,4.0,12.0,21.287666,24.971437,16.848969,16.629812,20.824707,24.247074,20.958408,24.883434,15.758955,15.619222,20.380257,22.58049,21.179333,23.644978,21.847027,25.470963,15.260572,15.1444845,0.0,0.0,0.0,0.0,0.0,0.0,4.0,0.0
4970,2023.0,2.0,4.0,12.0,21.016455,23.939941,16.78375,16.642097,21.03967,24.067015,21.013662,24.351307,15.6759405,15.54283,18.389286,18.652384,21.775642,24.369265,22.044237,25.264847,15.219885,15.106313,0.0,0.0,0.0,0.0,0.0,4.0,0.0,0.0
4971,2023.0,2.0,4.0,12.0,21.106247,23.80435,16.617594,16.478718,21.06061,23.742311,21.094852,24.100176,15.601056,15.4709015,17.1803,17.002504,22.494764,25.349586,22.141916,24.960138,15.187995,15.076659,0.0,4.0,0.0,0.0,0.0,4.0,0.0,0.0
4972,2023.0,2.0,4.0,12.0,21.092394,23.54658,16.932106,17.198664,21.104517,23.576168,21.085829,23.805344,15.543107,15.41941,16.87255,16.686373,20.937983,22.263636,20.89157,22.52986,15.166036,15.05832,4.0,0.0,0.0,0.0,0.0,4.0,0.0,0.0
4973,2023.0,2.0,4.0,12.0,21.145985,23.47282,20.259777,23.081364,21.09488,23.367426,21.08492,23.611996,15.492741,15.372548,16.663157,16.471975,21.145315,22.629448,21.107958,22.891094,15.149029,15.044229,0.0,0.0,0.0,0.0,0.0,0.0,0.0,0.0
4974,2023.0,2.0,4.0,13.0,21.068693,23.203966,18.212145,18.684587,21.074223,23.226482,21.082663,23.469152,15.45266,15.336524,16.507954,16.326958,21.065685,22.404448,21.061031,22.763947,15.136007,15.034199,0.0,0.0,0.0,0.0,0.0,0.0,0.0,0.0
4975,2023.0,2.0,4.0,13.0,21.09152,23.18648,16.878386,16.816324,21.073362,23.14678,21.078676,23.358644,15.416119,15.300449,16.373867,16.193764,21.035849,22.273397,21.064108,22.734697,15.123603,15.022652,0.0,0.0,0.0,0.0,0.0,4.0,0.0,0.0
4976,2023.0,2.0,4.0,13.0,21.085905,23.104614,16.587406,16.488346,21.049248,23.017725,21.055632,23.214123,15.38492,15.270935,16.263887,16.091671,21.070635,22.323574,21.063644,22.70045,16.090395,16.857723,0.0,4.0,4.0,0.0,0.0,0.0,0.0,4.0
4977,2023.0,2.0,4.0,13.0,21.05919,22.976498,16.866655,17.155758,21.07731,23.048685,21.083055,23.23009,15.356422,15.243189,16.16489,15.996805,21.06424,22.271826,21.062937,22.669104,20.189768,23.638123,4.0,0.0,0.0,0.0,0.0,0.0,0.0,0.0
4978,2023.0,2.0,4.0,13.0,21.692305,23.949821,20.299948,23.13658,21.154745,23.106485,21.157429,23.288786,15.330666,15.217631,16.074966,15.907662,21.56742,23.108788,21.193106,22.90243,17.276402,17.36906,0.0,4.0,0.0,0.0,0.0,0.0,0.0,0.0
4979,2023.0,2.0,4.0,13.0,21.045948,22.821753,18.221943,18.702705,21.06686,22.874168,21.091644,23.086506,15.309244,15.196553,16.001991,15.838795,20.97258,21.952549,21.061234,22.610638,15.834611,15.529188,0.0,4.0,0.0,0.0,0.0,4.0,0.0,0.0
4980,2023.0,2.0,4.0,14.0,21.062199,22.844759,17.34426,17.711763,21.064732,22.829023,21.071005,23.029144,15.289444,15.176502,16.364994,16.582218,21.080664,22.18468,21.01994,22.481274,15.752849,15.622867,4.0,4.0,0.0,0.0,4.0,0.0,4.0,0.0
4981,2023.0,2.0,4.0,14.0,19.624403,20.07827,20.299856,22.889149,19.521442,19.838297,19.71916,20.387205,15.272663,15.16084,20.312792,23.094534,19.543924,19.220272,19.17283,18.938324,15.699649,15.5806675,4.0,4.0,4.0,0.0,0.0,0.0,0.0,0.0
4982,2023.0,2.0,4.0,14.0,18.336712,18.189137,20.043495,22.110577,18.121113,17.764383,18.437914,18.49042,15.255528,15.143837,18.119282,18.527756,18.75671,18.248285,18.215746,17.78455,15.616081,15.500742,0.0,0.0,0.0,0.0,0.0,0.0,0.0,0.0
4983,2023.0,2.0,4.0,14.0,17.74954,17.499962,18.016684,18.044382,18.165895,18.265316,18.176985,18.359695,15.23746,15.126033,16.775923,16.66442,18.724026,18.4674,17.852633,17.412113,15.5397215,15.42613,0.0,4.0,4.0,0.0,0.0,0.0,0.0,0.0
4984,2023.0,2.0,4.0,14.0,17.490238,17.227118,17.318718,17.165087,18.178732,18.363535,17.429644,17.084036,15.219896,15.108153,16.915401,17.082262,18.6627,18.451097,17.863323,17.647898,15.48207,15.368183,0.0,4.0,0.0,0.0,4.0,0.0,0.0,0.0
4985,2023.0,2.0,4.0,14.0,17.292082,17.041462,17.109333,16.989214,18.076609,18.27391,17.038458,16.614809,15.201063,15.089737,20.285315,22.897057,18.545404,18.34384,17.773046,17.594145,15.428972,15.31743,0.0,4.0,0.0,0.0,0.0,0.0,0.0,0.0
4986,2023.0,2.0,4.0,15.0,18.076965,18.73002,16.880175,16.76516,17.965673,18.175251,16.783867,16.370432,15.1789055,15.068147,18.273232,18.62781,18.417152,18.222479,17.629097,17.46008,15.372386,15.263178,0.0,4.0,0.0,0.0,0.0,0.0,0.0,0.0
4987,2023.0,2.0,4.0,15.0,17.394367,17.329306,16.719454,16.597174,17.882004,18.095268,16.848835,16.678165,15.156658,15.0455065,17.281525,17.105352,18.31694,18.124048,18.575535,19.353973,15.325323,15.216292,0.0,4.0,0.0,0.0,0.0,0.0,4.0,0.0
4988,2023.0,2.0,4.0,15.0,17.697903,18.085571,16.579369,16.458181,17.167288,16.836056,16.799662,16.684736,15.134013,15.022916,17.01288,16.813334,18.223265,18.034786,17.61787,17.352142,15.279944,15.172167,0.0,0.0,0.0,0.0,0.0,0.0,0.0,0.0
4989,2023.0,2.0,4.0,15.0,17.130348,17.009275,16.922989,17.206879,16.808102,16.369118,16.692244,16.581194,15.110724,14.999527,16.819372,16.618826,18.943504,19.481466,17.190826,16.788458,15.236465,15.129205,4.0,0.0,0.0,0.0,0.0,4.0,0.0,0.0
4990,2023.0,2.0,4.0,15.0,16.817863,16.590822,20.19638,22.998556,17.307858,17.45373,16.590883,16.483961,15.873851,16.456987,17.058418,17.2082,18.81788,19.08843,17.02738,16.628296,15.195868,15.09018,0.0,4.0,0.0,4.0,4.0,4.0,0.0,0.0
4991,2023.0,2.0,4.0,15.0,17.373526,17.780617,18.47029,19.17958,16.842478,16.523125,16.481894,16.378853,20.809778,24.761892,20.34195,22.892847,18.010939,17.618921,16.880404,16.48809,15.152323,15.047914,4.0,0.0,0.0,0.0,0.0,0.0,0.0,0.0
4992,2023.0,2.0,4.0,16.0,17.574736,18.036272,20.28839,22.738924,17.131392,17.297344,16.382166,16.280033,17.633778,17.868656,18.587229,19.140701,17.645498,17.184397,16.955387,16.771057,16.085135,16.844568,4.0,4.0,0.0,0.0,4.0,0.0,0.0,4.0
4993,2023.0,2.0,4.0,16.0,17.564655,18.019995,20.032187,21.980537,17.308805,17.55351,16.292976,16.191437,15.924849,15.631747,20.271904,22.477516,17.510563,17.046486,16.95417,16.803202,20.33566,23.903746,4.0,4.0,0.0,0.0,0.0,0.0,0.0,0.0
4994,2023.0,2.0,4.0,16.0,16.906143,16.802977,20.091276,21.94297,16.650515,16.344292,16.214481,16.112743,16.538204,17.068665,18.112621,18.01873,17.40761,16.947052,16.889156,16.745533,17.371086,17.528837,0.0,0.0,0.0,4.0,0.0,0.0,0.0,0.0
4995,2023.0,2.0,4.0,16.0,17.248877,17.668179,18.15052,18.101646,16.944267,17.11825,16.859192,17.382746,20.333706,23.50639,17.119503,16.910767,17.5588,17.343864,16.81917,16.679218,16.679855,17.136902,0.0,4.0,4.0,0.0,0.0,0.0,0.0,4.0
4996,2023.0,2.0,4.0,16.0,17.43138,17.893112,17.700062,17.944025,16.489622,16.183119,17.148302,17.741737,18.051466,18.553932,16.917406,16.72367,17.607105,17.435556,16.751959,16.614828,20.372444,23.563036,4.0,0.0,4.0,4.0,0.0,0.0,0.0,0.0
4997,2023.0,2.0,4.0,16.0,16.786793,16.686148,20.245386,22.550886,16.811008,16.990814,16.331915,16.142992,20.339745,23.084133,17.123705,17.282936,17.56457,17.392359,17.692318,18.439543,17.511162,17.564909,0.0,4.0,0.0,4.0,4.0,0.0,4.0,0.0
4998,2023.0,2.0,4.0,17.0,17.140034,17.559294,18.738605,19.34578,16.368837,16.06523,15.841986,15.477462,21.036745,23.808569,20.39967,22.86472,17.51379,17.341087,16.925434,16.658419,16.118288,15.791448,4.0,0.0,0.0,0.0,0.0,0.0,0.0,0.0
4999,2023.0,2.0,4.0,17.0,16.685272,16.587872,20.268839,22.394539,16.69846,16.878666,15.6716585,15.279147,18.929403,19.36659,18.322706,18.613821,17.463408,17.289217,16.446718,16.081661,15.952202,15.79031,0.0,4.0,0.0,4.0,0.0,0.0,0.0,0.0
5000,2023.0,2.0,4.0,17.0,17.04744,17.461998,18.19908,18.177359,16.909153,17.163511,16.258795,16.460989,20.299767,22.48544,17.12388,16.992306,18.163195,18.65196,16.30019,15.9255905,15.844311,15.710296,0.0,4.0,4.0,0.0,0.0,4.0,0.0,0.0
5001,2023.0,2.0,4.0,17.0,16.598671,16.495922,17.670122,17.903658,16.918098,17.170906,16.514524,16.794834,18.016848,17.899925,16.802214,16.62714,18.203913,18.474514,16.197924,15.823064,15.707919,15.579972,4.0,4.0,4.0,0.0,0.0,4.0,0.0,0.0
5002,2023.0,2.0,4.0,17.0,17.035004,17.431772,20.23319,22.52929,16.909466,17.157534,16.537868,16.815187,17.055328,16.56306,16.625538,16.435537,17.45504,17.05558,17.436789,18.254372,15.6058035,15.4792595,4.0,4.0,4.0,0.0,0.0,0.0,4.0,0.0
5003,2023.0,2.0,4.0,17.0,17.21947,17.652369,20.039406,21.878366,16.89704,17.139679,16.544886,16.815794,16.888586,16.655844,16.465155,16.280294,17.896357,18.129715,16.686716,16.410412,15.500233,15.377927,4.0,4.0,4.0,0.0,0.0,4.0,0.0,0.0
5004,2023.0,2.0,4.0,18.0,17.231289,17.66598,20.089052,21.830643,16.881643,17.118864,16.543941,16.808865,17.480114,17.963947,16.732182,16.9089,18.106977,18.344746,16.20133,15.832457,16.313496,16.99065,0.0,4.0,4.0,4.0,4.0,4.0,0.0,4.0
5005,2023.0,2.0,4.0,18.0,20.794834,23.816431,18.451618,18.55765,21.139864,24.581854,20.3901,23.47615,20.955744,23.870466,20.30697,22.914713,20.705242,22.882114,21.457628,24.937922,21.041128,24.886171,4.0,4.0,0.0,0.0,0.0,0.0,4.0,4.0
5006,2023.0,2.0,4.0,18.0,21.093863,23.923552,20.22593,22.187595,21.054024,23.908493,21.124863,24.290455,18.73173,19.1006,18.449358,18.991068,21.361557,23.704227,22.111473,25.517021,19.914211,22.376432,4.0,0.0,0.0,4.0,4.0,0.0,4.0,0.0
5007,2023.0,2.0,4.0,18.0,21.072145,23.55133,20.05238,21.692081,21.107424,23.666576,21.080376,23.795166,20.457073,22.757942,20.285984,22.660872,21.012424,22.76881,21.179173,23.551086,18.075195,18.548172,0.0,0.0,4.0,4.0,0.0,4.0,4.0,4.0
5008,2023.0,2.0,4.0,18.0,21.072035,23.345572,18.504211,18.60588,21.09699,23.4088,21.108177,23.610592,20.054993,21.845407,17.95993,17.820433,21.05773,22.688614,22.250721,25.045588,20.341904,22.993938,4.0,0.0,0.0,0.0,0.0,4.0,4.0,0.0
5009,2023.0,2.0,4.0,18.0,21.154554,23.384619,20.23895,22.168955,21.151342,23.392012,21.14424,23.479624,17.973558,17.730637,17.002363,16.79431,21.124086,22.715391,21.132158,23.045109,17.70763,17.593393,0.0,0.0,4.0,0.0,4.0,0.0,0.0,0.0
5010,2023.0,2.0,4.0,19.0,21.087914,23.138208,18.525333,18.636461,21.075388,23.142872,21.103624,23.284573,16.86193,16.364895,20.386868,22.714651,21.073011,22.511242,21.089733,22.868849,16.409626,15.98191,4.0,0.0,0.0,0.0,0.0,0.0,0.0,0.0
5011,2023.0,2.0,4.0,19.0,21.152052,23.163717,20.24116,22.204647,21.167604,23.236485,21.150381,23.258316,16.774618,16.553825,17.968212,17.822893,21.124208,22.536034,21.197136,22.986174,16.052948,15.625201,0.0,4.0,4.0,0.0,0.0,0.0,4.0,0.0
5012,2023.0,2.0,4.0,19.0,21.065098,22.929167,18.542599,18.683498,21.053335,22.953794,21.076298,23.03518,17.45624,17.967072,17.319242,17.436394,21.023582,22.290861,21.088938,22.742981,16.071642,15.895799,4.0,4.0,4.0,4.0,4.0,4.0,0.0,0.0
5013,2023.0,2.0,4.0,19.0,21.162981,23.099468,20.240616,22.211697,21.159807,23.085817,21.163177,23.172419,20.441317,23.085314,20.405958,22.67432,21.132858,22.476,21.181427,22.881874,16.009506,15.861552,0.0,4.0,0.0,0.0,0.0,0.0,0.0,0.0
5014,2023.0,2.0,4.0,19.0,21.057163,22.823423,18.53663,18.6737,21.068937,22.841843,21.068241,22.910997,17.838684,17.685966,18.387358,18.607456,21.039131,22.222658,21.079777,22.635225,15.887314,15.746582,4.0,4.0,4.0,0.0,0.0,4.0,0.0,0.0
5015,2023.0,2.0,4.0,19.0,21.1636,23.005497,20.240566,22.210611,21.16418,23.003958,21.165274,23.086313,17.320448,17.504854,17.211777,17.02524,21.132507,22.397459,21.183668,22.809216,16.725212,17.425537,0.0,0.0,0.0,4.0,0.0,0.0,0.0,4.0
5016,2023.0,2.0,4.0,20.0,21.060923,22.772484,18.223757,18.094551,21.062126,22.734457,21.066343,22.83139,20.42042,22.769722,16.899902,16.699238,21.067263,22.232061,21.061245,22.56637,20.357672,23.52055,0.0,4.0,4.0,4.0,0.0,0.0,0.0,0.0
5017,2023.0,2.0,4.0,20.0,21.08648,22.819641,17.32524,17.132723,21.06703,22.712395,21.095608,22.881952,20.047472,21.929052,16.705341,16.505737,21.037771,22.126852,21.024563,22.464258,18.07964,18.561525,0.0,4.0,0.0,0.0,0.0,4.0,4.0,4.0
5018,2023.0,2.0,4.0,20.0,21.054218,22.708023,17.12745,16.952234,21.06576,22.683783,21.0651,22.773148,17.910645,17.654049,16.543406,16.34694,21.042175,22.12009,21.087368,22.586454,20.43128,23.083624,0.0,4.0,4.0,0.0,0.0,4.0,0.0,0.0
5019,2023.0,2.0,4.0,20.0,21.059608,22.699856,17.377518,17.588593,21.065212,22.659857,21.094225,22.828342,16.799564,16.29453,16.401484,16.203981,21.071209,22.182629,21.076454,22.534216,17.676428,17.533154,4.0,4.0,0.0,0.0,0.0,0.0,0.0,0.0
5020,2023.0,2.0,4.0,20.0,21.167898,22.90175,20.247372,22.69237,21.08943,22.706684,21.063597,22.72409,17.549864,18.04405,16.272638,16.072212,21.140009,22.280573,21.077002,22.507654,16.37992,15.9423,4.0,0.0,4.0,4.0,0.0,4.0,0.0,0.0
5021,2023.0,2.0,4.0,20.0,21.081745,22.731428,20.054205,21.993835,21.083681,22.670094,21.093496,22.787144,20.309593,22.687529,16.159803,15.959013,21.068636,22.141006,21.020428,22.378412,16.297157,16.11179,0.0,0.0,0.0,0.0,0.0,0.0,4.0,0.0
5022,2023.0,2.0,4.0,21.0,21.078732,22.706356,18.312685,18.431894,21.058958,22.57805,21.062878,22.688309,18.428719,18.686895,16.065434,15.867284,21.035284,22.038654,21.086111,22.514341,16.209679,16.051521,4.0,4.0,4.0,4.0,0.0,4.0,0.0,0.0
5023,2023.0,2.0,4.0,21.0,21.159863,22.84744,20.245872,22.337746,21.165878,22.796087,21.165995,22.90145,20.385923,22.467691,16.359102,16.49164,21.146307,22.251787,21.18252,22.68308,16.067013,15.915071,4.0,0.0,0.0,4.0,4.0,4.0,0.0,0.0
5024,2023.0,2.0,4.0,21.0,21.058094,22.660717,20.052202,21.755075,21.08198,22.607605,21.062004,22.655838,20.594797,22.593561,20.44633,23.297308,21.06926,22.104486,21.075392,22.44347,15.937459,15.783096,0.0,0.0,4.0,4.0,0.0,0.0,0.0,0.0
5025,2023.0,2.0,4.0,21.0,21.060537,22.673456,18.1203,17.920803,21.061256,22.590986,21.09195,22.72296,19.93311,21.230082,18.096243,18.422876,21.064142,22.077425,21.057945,22.424328,16.773666,17.459877,0.0,0.0,0.0,4.0,0.0,0.0,0.0,4.0
5026,2023.0,2.0,4.0,21.0,21.060135,22.675024,17.310251,17.094727,21.063692,22.607197,21.061134,22.625284,20.1031,21.54202,16.748741,16.579638,21.034416,21.98415,21.060074,22.43484,20.35791,23.465643,0.0,0.0,4.0,0.0,0.0,4.0,0.0,0.0
5027,2023.0,2.0,4.0,21.0,21.033598,22.601877,17.56684,17.760557,21.038483,22.542366,21.06612,22.624098,18.206362,17.852758,16.46159,16.258516,21.03914,21.988503,21.059544,22.43556,17.453201,17.343584,4.0,4.0,4.0,0.0,0.0,4.0,0.0,0.0
5028,2023.0,2.0,4.0,22.0,21.21271,22.964579,20.243898,22.566208,21.176702,22.844574,21.167519,22.836271,17.161798,16.595337,16.29315,16.082102,21.151226,22.207952,21.205385,22.72584,17.051588,17.468603,0.0,0.0,0.0,0.0,0.0,4.0,0.0,4.0
5029,2023.0,2.0,4.0,22.0,21.084332,22.686306,18.42215,18.729454,21.058353,22.54141,21.08439,22.652689,17.401508,17.375998,16.166155,15.9606695,21.037813,21.972754,21.019648,22.320557,20.444876,23.171612,0.0,4.0,0.0,4.0,0.0,4.0,4.0,4.0
5030,2023.0,2.0,4.0,22.0,21.07593,22.640568,17.711489,17.976011,21.060854,22.520678,21.059399,22.567963,20.40755,22.504522,16.059715,15.857958,21.0677,22.045588,21.08364,22.447739,20.049915,22.232664,4.0,4.0,4.0,4.0,0.0,0.0,0.0,0.0
5031,2023.0,2.0,4.0,22.0,21.171263,22.78631,20.278912,22.558804,21.166992,22.73333,21.16811,22.7962,20.042673,21.70235,15.963733,15.763153,21.129707,22.154581,21.18516,22.623905,17.67439,17.450388,0.0,0.0,0.0,0.0,0.0,0.0,0.0,0.0
5032,2023.0,2.0,4.0,22.0,21.053493,22.533337,18.375029,18.544912,21.078821,22.533514,21.082312,22.610464,18.581068,18.726671,15.884634,15.688813,21.03173,21.924442,21.033272,22.267443,17.303543,17.536768,4.0,0.0,0.0,4.0,0.0,4.0,4.0,4.0
5033,2023.0,2.0,4.0,22.0,21.17998,22.777874,20.24922,22.399473,21.170115,22.678694,21.172798,22.821894,20.36284,22.178768,15.81337,15.619156,21.157133,22.172163,21.195242,22.609848,20.430948,22.898228,0.0,4.0,0.0,0.0,0.0,4.0,0.0,0.0
5034,2023.0,2.0,4.0,23.0,21.078583,22.58269,18.1414,18.045576,21.058062,22.442034,21.063711,22.6163,18.721354,18.884167,16.036898,16.093176,21.03521,21.92205,21.070616,22.342236,17.815092,17.637304,0.0,4.0,0.0,4.0,4.0,4.0,0.0,0.0
5035,2023.0,2.0,4.0,23.0,19.331448,19.221693,17.204199,17.024284,19.25187,19.008265,20.019892,20.597462,17.460508,17.048643,16.170746,16.267948,20.173939,20.26747,19.304726,18.93875,16.610146,16.194529,0.0,0.0,4.0,0.0,4.0,4.0,0.0,0.0
5036,2023.0,2.0,4.0,23.0,18.521814,18.091818,17.049177,16.882416,18.358927,17.73454,18.960606,18.870556,17.014675,16.499325,16.19432,16.299814,19.26126,18.738117,18.89513,18.639708,16.573683,16.381817,0.0,0.0,0.0,0.0,4.0,0.0,0.0,0.0
5037,2023.0,2.0,4.0,23.0,18.528807,18.440693,16.903631,16.739769,17.995358,17.363096,18.131735,17.586235,17.661644,17.969154,15.938893,15.784171,18.852829,18.24722,18.692636,18.478106,17.260601,17.796404,0.0,0.0,0.0,4.0,4.0,0.0,0.0,4.0
5038,2023.0,2.0,4.0,23.0,18.40903,18.382795,16.775236,16.614555,18.073742,17.79707,17.732548,17.14307,17.224895,17.072607,15.547957,15.131185,19.384672,19.464119,18.480225,18.276604,16.646864,16.531578,0.0,0.0,0.0,0.0,0.0,4.0,0.0,0.0
5039,2023.0,2.0,4.0,23.0,18.241533,18.224024,16.660707,16.503828,17.993948,17.789215,17.806673,17.560352,16.696026,16.248661,15.356606,14.898005,18.72785,18.194353,18.294493,18.099445,16.143969,15.766034,0.0,0.0,0.0,0.0,0.0,0.0,0.0,0.0
5040,2023.0,2.0,5.0,0.0,18.089758,18.077751,16.556705,16.403488,17.845352,17.650118,17.72695,17.549849,16.45231,15.982958,15.82331,15.895657,19.190321,19.308767,18.129581,17.94141,15.928251,15.535375,0.0,0.0,0.0,0.0,4.0,4.0,0.0,0.0
5041,2023.0,2.0,5.0,0.0,17.954853,17.950373,16.463707,16.315918,17.708574,17.521734,17.582577,17.416779,16.547068,16.337261,15.683771,15.528113,18.542057,18.030075,17.984663,17.804379,16.004917,15.838183,0.0,0.0,0.0,0.0,0.0,0.0,0.0,0.0
5042,2023.0,2.0,5.0,0.0,17.82285,17.815504,16.370893,16.219904,17.572021,17.381916,17.435507,17.265959,16.524652,16.357445,15.565057,15.389356,18.243649,17.683502,17.843166,17.655474,15.96575,15.81948,0.0,0.0,0.0,0.0,0.0,0.0,0.0,0.0
5043,2023.0,2.0,5.0,0.0,18.472666,19.142456,16.770838,17.040262,17.467033,17.294127,17.321846,17.170458,16.443798,16.278934,15.527282,15.35708,18.120344,17.583344,17.73075,17.552681,15.893904,15.754287,4.0,0.0,0.0,0.0,0.0,0.0,0.0,0.0
5044,2023.0,2.0,5.0,0.0,17.95064,18.084343,16.478752,16.456676,17.360987,17.194363,17.207397,17.062145,16.36394,16.200771,15.488741,15.32083,18.29029,18.050173,17.622797,17.446857,15.822094,15.684318,0.0,0.0,0.0,0.0,0.0,0.0,0.0,0.0
5045,2023.0,2.0,5.0,0.0,17.363297,17.082079,16.267797,16.14862,17.263123,17.102375,17.10206,16.962461,16.290945,16.129847,15.454137,15.288289,18.287792,18.07745,17.524563,17.350576,15.75528,15.619199,0.0,0.0,0.0,0.0,0.0,0.0,0.0,0.0
5046,2023.0,2.0,5.0,1.0,17.14722,16.839567,16.175884,16.049637,17.172726,17.017328,17.004953,16.87047,16.223652,16.064466,15.7270975,15.82955,18.227942,18.020409,17.43487,17.262651,15.693711,15.559172,0.0,0.0,0.0,0.0,4.0,0.0,0.0,0.0
5047,2023.0,2.0,5.0,1.0,17.308077,17.299267,16.102537,15.97526,17.085617,16.931677,16.911964,16.778837,16.158264,15.997937,15.503663,15.340963,18.165895,17.956911,17.350082,17.176949,15.634205,15.498432,0.0,0.0,0.0,0.0,0.0,0.0,0.0,0.0
5048,2023.0,2.0,5.0,1.0,17.281282,17.299469,16.03126,15.89776,16.99802,16.839914,16.818876,16.681143,16.093126,15.92889,15.408987,15.238857,18.102694,17.88973,17.267885,17.091145,15.57564,15.436523,0.0,0.0,0.0,0.0,0.0,0.0,0.0,0.0
5049,2023.0,2.0,5.0,1.0,17.216257,17.239508,15.975273,15.846417,16.926306,16.775105,16.742914,16.612381,16.036919,15.874727,15.370353,15.201251,18.047445,17.836042,17.196535,17.022327,16.252855,16.757519,0.0,0.0,0.0,0.0,0.0,0.0,0.0,4.0
5050,2023.0,2.0,5.0,1.0,17.14743,17.170668,15.916726,15.78634,16.85237,16.701298,16.664886,16.534317,15.979835,15.815989,15.330071,15.158855,17.991138,17.77786,17.12557,16.949993,15.737735,15.635421,0.0,0.0,0.0,0.0,0.0,0.0,0.0,0.0
5051,2023.0,2.0,5.0,1.0,17.079643,17.101768,15.860407,15.727849,16.781471,16.629616,16.590488,16.45885,16.509336,16.857288,15.291241,15.117397,17.936354,17.720684,17.057564,16.880018,15.36292,15.031046,0.0,0.0,0.0,4.0,0.0,0.0,0.0,0.0
5052,2023.0,2.0,5.0,2.0,17.015413,17.036858,15.807125,15.672897,16.71459,16.56245,16.52046,16.38835,16.082016,15.935359,15.253542,15.077475,17.883808,17.66617,16.993177,16.814157,15.21612,14.861572,0.0,0.0,0.0,0.0,0.0,0.0,0.0,0.0
5053,2023.0,2.0,5.0,2.0,16.950926,16.96828,15.752466,15.612935,16.647585,16.491913,16.450518,16.314894,15.922135,15.749136,15.497298,15.561142,17.829983,17.607592,16.929174,16.746397,16.081816,16.598763,0.0,0.0,0.0,0.0,4.0,0.0,0.0,4.0
5054,2023.0,2.0,5.0,2.0,16.885813,16.896921,15.696188,15.548813,16.579834,16.418129,16.380075,16.23835,16.413195,16.72589,15.303864,15.13853,17.77458,17.545885,16.864635,16.676506,15.391048,15.078617,0.0,0.0,0.0,4.0,0.0,0.0,0.0,0.0
5055,2023.0,2.0,5.0,2.0,16.821825,16.825989,15.64059,15.484703,16.513388,16.345001,16.311497,16.16287,15.749984,15.343972,15.181887,14.9858885,17.718874,17.483475,16.800741,16.60684,15.0987,14.705497,0.0,0.0,0.0,0.0,0.0,0.0,0.0,0.0
5056,2023.0,2.0,5.0,2.0,16.759413,16.756311,15.585627,15.421005,16.448349,16.272974,16.244457,16.088718,15.461863,14.987163,15.127936,14.924771,17.662945,17.42065,16.737507,16.537651,15.731572,15.986845,0.0,0.0,0.0,0.0,0.0,0.0,0.0,4.0
5057,2023.0,2.0,5.0,2.0,16.698978,16.689484,15.531982,15.359437,16.385605,16.20398,16.179827,16.0178,15.922294,15.948653,15.074501,14.864568,17.607523,17.358967,16.67562,16.470482,15.158595,14.774206,0.0,0.0,0.0,4.0,0.0,0.0,0.0,0.0
5058,2023.0,2.0,5.0,3.0,16.638618,16.621723,15.477883,15.29647,16.323154,16.134167,16.115726,15.946209,15.453265,14.972718,15.020762,14.803043,17.551088,17.295443,16.613289,16.401894,15.006022,14.650786,0.0,0.0,0.0,0.0,0.0,0.0,0.0,0.0
5059,2023.0,2.0,5.0,3.0,16.574095,16.550451,15.419382,15.2300205,16.256311,16.06072,16.047066,15.870929,15.771577,15.801346,15.003144,14.814145,17.489372,17.22703,16.545826,16.328934,15.087298,14.902418,0.0,0.0,0.0,4.0,0.0,0.0,0.0,0.0
5060,2023.0,2.0,5.0,3.0,16.51447,16.486498,15.362925,15.166295,16.192186,15.990755,15.981268,15.799308,15.374727,14.918462,15.005724,14.846204,17.428871,17.16064,16.480297,16.258524,15.796268,16.25073,0.0,0.0,0.0,0.0,0.0,0.0,0.0,4.0
5061,2023.0,2.0,5.0,3.0,16.468102,16.447626,15.307724,15.103846,16.13005,15.922723,15.918195,15.730076,15.656267,15.652196,15.0059805,14.868205,17.369328,17.095263,16.41628,16.189617,14.999183,14.686452,0.0,0.0,0.0,4.0,0.0,0.0,0.0,0.0
5062,2023.0,2.0,5.0,3.0,16.415405,16.388988,15.251469,15.038058,16.067156,15.8515835,15.85451,15.657935,15.250813,14.766137,15.173319,15.195007,17.308748,17.027012,16.351534,16.11794,15.03485,14.830048,0.0,0.0,0.0,0.0,4.0,0.0,0.0,0.0
5063,2023.0,2.0,5.0,3.0,16.357054,16.321459,15.195045,14.970724,16.004395,15.779431,15.791112,15.584946,14.987598,14.500801,14.958735,14.794083,17.24797,16.957619,16.287552,16.046608,15.010356,14.815927,0.0,0.0,0.0,0.0,0.0,0.0,0.0,0.0
5064,2023.0,2.0,5.0,4.0,16.304348,16.265287,15.145265,14.916325,15.948799,15.720611,15.734887,15.52545,15.735512,16.01453,15.019229,14.930425,17.192518,16.89849,16.22901,15.985172,15.004966,14.850222,0.0,0.0,0.0,4.0,0.0,0.0,0.0,0.0
5065,2023.0,2.0,5.0,4.0,16.251745,16.207794,15.094917,14.860097,16.61743,17.016867,15.678225,15.464194,15.473641,15.269529,15.006946,14.9213505,17.137548,16.839737,17.20267,17.863947,15.006421,14.885823,0.0,4.0,0.0,0.0,0.0,0.0,4.0,0.0
5066,2023.0,2.0,5.0,4.0,16.20083,16.152264,15.046285,14.806074,16.280596,16.194805,15.623492,15.405194,15.47712,15.412821,15.009666,14.939025,17.0846,16.78327,16.327734,15.849499,15.006951,14.912761,0.0,0.0,0.0,4.0,0.0,0.0,0.0,0.0
5067,2023.0,2.0,5.0,4.0,16.149462,16.094915,14.999237,14.757665,15.556678,14.946315,15.568474,15.34456,15.54752,15.492812,15.009992,14.950939,17.031006,16.725016,15.819583,15.254181,15.579311,16.007965,0.0,0.0,0.0,4.0,0.0,0.0,0.0,4.0
5068,2023.0,2.0,5.0,4.0,16.099676,16.04016,15.003623,14.795962,15.26625,14.582762,15.515762,15.286986,14.952599,14.499348,15.010696,14.962803,16.978373,16.668547,15.668655,15.09376,15.088408,14.8904915,0.0,0.0,0.0,0.0,0.0,0.0,0.0,0.0
5069,2023.0,2.0,5.0,4.0,16.043303,15.972496,15.004184,14.821485,15.532427,15.231112,15.462468,15.22768,15.324189,15.276247,15.011449,14.974233,16.925327,16.611109,15.879224,15.6253195,15.037232,14.958883,0.0,0.0,0.0,4.0,0.0,0.0,0.0,0.0
5070,2023.0,2.0,5.0,5.0,15.990961,15.914845,15.004775,14.843926,15.603812,15.341166,15.410672,15.171076,14.942288,14.547488,15.0116,14.984715,16.873117,16.555042,15.899441,15.633696,15.017274,14.934368,0.0,0.0,0.0,0.0,0.0,0.0,0.0,0.0
5071,2023.0,2.0,5.0,5.0,15.953234,15.883257,15.008888,14.872454,15.566269,15.301052,15.35602,15.1085205,15.028019,14.771397,15.035401,15.027419,16.819433,16.49594,15.849315,15.579201,15.014557,14.964945,0.0,0.0,0.0,0.0,4.0,0.0,0.0,0.0
5072,2023.0,2.0,5.0,5.0,15.903958,15.826786,15.010684,14.891389,15.518232,15.248524,15.304701,15.052392,15.002577,14.752375,15.023465,15.022198,16.767426,16.439976,15.796349,15.522852,15.01717,14.994016,0.0,0.0,0.0,0.0,0.0,0.0,0.0,0.0
5073,2023.0,2.0,5.0,5.0,15.852763,15.768998,15.012007,14.908979,15.468361,15.194083,15.253531,14.996346,15.006436,14.809098,15.025045,15.035967,16.715578,16.384176,15.742553,15.465694,15.018031,15.01447,0.0,0.0,0.0,0.0,0.0,0.0,0.0,0.0
5074,2023.0,2.0,5.0,5.0,15.80106,15.710608,15.0132065,14.925416,15.417726,15.138809,15.202422,14.940297,15.009316,14.842268,15.025644,15.043656,16.66394,16.328588,15.6885195,15.408303,15.020203,15.035152,0.0,0.0,0.0,0.0,0.0,0.0,0.0,0.0
5075,2023.0,2.0,5.0,5.0,15.752251,15.658244,15.0070915,14.926816,15.371572,15.092887,15.156211,14.893958,15.439833,15.668145,15.012578,15.027813,17.404427,17.77022,15.6374655,15.356949,15.010654,15.031053,0.0,0.0,0.0,4.0,0.0,4.0,0.0,0.0
5076,2023.0,2.0,5.0,6.0,15.699642,15.597936,15.008542,14.943137,15.320783,15.037188,15.105151,14.837832,14.999021,14.797575,14.999547,15.002696,16.929153,16.64338,15.58337,15.299487,15.013018,15.0496235,0.0,0.0,0.0,0.0,4.0,0.0,0.0,0.0
5077,2023.0,2.0,5.0,6.0,20.569988,24.114561,15.009336,14.956884,20.348139,23.813541,20.167936,23.675953,15.021618,14.895086,19.45029,22.33369,19.841639,21.682247,20.847637,24.191523,15.013098,15.062572,0.0,0.0,0.0,0.0,0.0,0.0,0.0,0.0
5078,2023.0,2.0,5.0,6.0,21.06252,24.41824,15.008634,14.962969,21.081945,24.523878,21.089975,24.715265,15.415897,15.653622,17.076246,17.394957,20.55054,22.749565,21.468117,24.948996,15.428164,15.843229,0.0,0.0,0.0,4.0,0.0,0.0,0.0,4.0
5079,2023.0,2.0,5.0,6.0,21.097279,24.070602,15.009382,14.971697,21.099686,24.101948,21.108429,24.267754,19.498049,22.533867,15.400285,15.087165,21.446074,24.030739,22.153746,25.694904,20.357916,24.295092,0.0,0.0,0.0,0.0,0.0,0.0,0.0,4.0
5080,2023.0,2.0,5.0,6.0,21.089907,23.779146,15.009814,14.981979,21.072058,23.725428,21.07597,23.865444,16.599892,16.324656,15.058034,14.716746,20.991394,22.912735,20.933535,23.154943,20.03041,23.061531,0.0,4.0,4.0,0.0,0.0,4.0,0.0,4.0
5081,2023.0,2.0,5.0,6.0,21.088503,23.584047,15.010499,14.994298,21.097315,23.587152,21.101372,23.716656,15.398863,15.078911,15.013198,14.785581,21.110601,22.95995,21.064047,23.228815,20.097477,22.79167,0.0,0.0,0.0,0.0,0.0,0.0,4.0,4.0
5082,2023.0,2.0,5.0,7.0,21.187727,23.623505,15.021502,15.0289,21.245636,23.645372,21.20503,23.737587,15.257739,14.942824,15.114643,15.062158,21.150002,22.835726,21.223047,23.403404,20.247755,22.804314,0.0,0.0,0.0,0.0,4.0,4.0,0.0,0.0
5083,2023.0,2.0,5.0,7.0,21.047245,23.234537,15.010587,15.016775,21.067822,23.20836,21.076427,23.374166,15.880964,16.239513,20.198103,23.483955,21.060574,22.569174,21.085806,23.00442,17.92277,18.061646,0.0,0.0,0.0,4.0,4.0,4.0,0.0,4.0
5084,2023.0,2.0,5.0,7.0,21.065145,23.202665,15.19286,15.3462925,21.065168,23.11174,21.068886,23.250217,20.102594,23.192743,20.005728,22.876457,21.067722,22.50537,21.065659,22.846302,22.229694,25.905796,4.0,4.0,4.0,0.0,4.0,4.0,4.0,4.0
5085,2023.0,2.0,5.0,7.0,22.423695,25.416208,19.694887,23.055126,21.967995,24.635155,21.966417,24.721989,17.381565,17.464922,20.142206,22.731926,21.967655,23.963074,22.318974,24.884054,20.696548,23.043741,0.0,4.0,0.0,4.0,0.0,4.0,4.0,4.0
5086,2023.0,2.0,5.0,7.0,20.914877,22.583214,17.236956,17.66713,20.944502,22.592676,21.00553,22.832561,20.359056,23.127773,17.168531,16.717209,20.948647,22.037012,21.670902,23.55177,19.980742,21.592422,0.0,4.0,0.0,0.0,0.0,4.0,4.0,4.0
5087,2023.0,2.0,5.0,7.0,21.101128,22.919846,15.514704,15.271601,21.10643,22.88103,21.071571,22.957563,17.252653,16.863312,16.367374,16.279022,21.076363,22.289951,20.95183,22.224524,20.119663,21.878084,0.0,4.0,4.0,0.0,4.0,4.0,0.0,0.0
5088,2023.0,2.0,5.0,8.0,21.104359,22.928083,15.608184,15.672008,21.085001,22.807219,21.093706,22.946312,15.61366,14.830376,20.463457,23.24732,21.060778,22.251614,21.075047,22.489618,17.607122,17.021809,4.0,4.0,4.0,0.0,4.0,4.0,4.0,0.0
5089,2023.0,2.0,5.0,8.0,19.205248,19.239178,20.080618,23.538254,19.084806,18.950956,18.509264,17.983208,16.382153,16.691103,20.053358,22.295065,19.554272,19.352303,19.553432,19.601854,16.330357,15.558409,0.0,4.0,0.0,4.0,4.0,4.0,4.0,0.0
5090,2023.0,2.0,5.0,8.0,18.26692,18.155468,17.472372,17.855574,17.399582,16.500547,16.999369,16.052376,21.254517,24.720718,20.112083,22.170296,18.927364,18.695614,18.035553,17.332283,16.764355,16.79094,0.0,0.0,0.0,4.0,4.0,4.0,0.0,4.0
5091,2023.0,2.0,5.0,8.0,17.942173,17.829954,16.174665,16.290493,16.682186,15.668188,16.442122,15.448183,21.044474,24.038445,20.117825,22.024513,18.703688,18.48055,18.257942,18.326845,20.994387,23.965734,4.0,0.0,0.0,0.0,0.0,4.0,4.0,0.0
5092,2023.0,2.0,5.0,8.0,17.70972,17.61156,20.151796,23.400948,16.297611,15.282794,17.281511,17.39854,17.673092,17.229578,17.497986,16.88753,17.837635,17.029531,17.40214,16.718634,17.697933,17.329418,0.0,0.0,4.0,0.0,0.0,0.0,0.0,0.0
5093,2023.0,2.0,5.0,8.0,17.516363,17.429321,17.653187,18.029783,16.470175,15.940388,16.943823,16.666685,16.032558,15.218516,16.449606,15.956993,17.280611,16.375902,16.725008,15.937073,16.023945,15.2859955,0.0,0.0,0.0,0.0,0.0,0.0,0.0,0.0
5094,2023.0,2.0,5.0,9.0,16.665222,15.961874,16.295517,15.934646,17.1951,17.402552,16.061756,15.153822,16.031816,15.604887,16.24989,15.81319,17.026007,16.10847,16.42227,15.620558,16.002247,15.622562,0.0,4.0,0.0,0.0,0.0,0.0,0.0,0.0
5095,2023.0,2.0,5.0,9.0,17.035236,16.932177,16.400276,16.408604,17.35125,17.666588,15.684608,14.716714,15.939292,15.588674,16.01669,15.602013,16.84442,15.950118,16.203905,15.425364,15.892037,15.575106,4.0,4.0,0.0,0.0,0.0,0.0,0.0,0.0
5096,2023.0,2.0,5.0,9.0,16.369858,15.732537,20.11982,23.08001,16.181932,15.438961,15.932207,15.443335,15.77314,15.444,15.810431,15.414643,17.123375,16.682842,16.402037,16.027014,15.721043,15.416079,0.0,0.0,0.0,0.0,0.0,0.0,0.0,0.0
5097,2023.0,2.0,5.0,9.0,15.921815,15.205066,17.794073,18.131916,15.540497,14.629752,16.694948,16.938644,15.584948,15.263353,15.597226,15.225322,17.177938,16.797924,16.407888,16.084003,15.536357,15.241804,0.0,0.0,4.0,0.0,0.0,0.0,0.0,0.0
5098,2023.0,2.0,5.0,9.0,15.748933,15.042463,16.503847,16.16054,16.063208,15.774341,16.209154,15.974489,15.446088,15.12748,15.443849,15.081799,17.107183,16.736437,16.311201,15.995996,15.396963,15.105297,0.0,4.0,0.0,0.0,0.0,0.0,0.0,0.0
5099,2023.0,2.0,5.0,9.0,16.82797,17.263536,16.136223,15.761343,16.188908,15.999241,15.470731,14.693917,15.322897,15.014235,15.303067,14.949731,17.033943,16.671925,16.213118,15.906556,15.273132,14.990408,0.0,4.0,0.0,0.0,0.0,0.0,0.0,0.0
5100,2023.0,2.0,5.0,10.0,16.713707,16.8598,15.882549,15.510249,15.484846,14.718518,15.875403,15.647578,15.211887,14.90916,15.176607,14.830284,16.96661,16.610743,16.121967,15.820897,15.16123,14.883714,0.0,0.0,4.0,0.0,0.0,0.0,0.0,0.0
5101,2023.0,2.0,5.0,10.0,15.878925,15.350823,15.691677,15.335318,15.189189,14.355727,15.307865,14.588885,15.118974,14.828405,15.070189,14.738187,16.9113,16.567526,16.04373,15.753835,15.066461,14.800058,0.0,0.0,0.0,0.0,0.0,0.0,0.0,0.0
5102,2023.0,2.0,5.0,10.0,15.58082,14.989549,15.534987,15.198066,15.064312,14.261449,15.017417,14.232154,15.039213,14.761345,14.999484,14.704039,16.864,16.532795,17.011633,17.646221,14.998608,14.760702,0.0,0.0,0.0,0.0,0.0,0.0,4.0,0.0
5103,2023.0,2.0,5.0,10.0,15.43568,14.87433,15.377017,15.061732,15.336118,14.948746,15.256068,14.882202,15.003669,14.7781515,15.011299,14.801454,16.816782,16.498383,16.088776,15.557578,15.009532,14.848395,0.0,0.0,0.0,0.0,0.0,0.0,0.0,0.0
5104,2023.0,2.0,5.0,10.0,15.718614,15.580817,15.733065,15.866876,15.452499,15.168502,15.3528385,15.080686,15.008595,14.841668,15.009793,14.852982,16.774427,16.467165,15.552744,14.951916,15.008637,14.89601,4.0,0.0,0.0,0.0,0.0,0.0,0.0,0.0
5105,2023.0,2.0,5.0,10.0,16.57025,17.175789,19.93414,23.200985,15.417086,15.156325,15.304964,15.056235,15.007757,14.8802595,15.009876,14.892978,16.739643,16.444664,15.417484,14.837559,15.008612,14.933723,0.0,0.0,0.0,0.0,0.0,0.0,0.0,0.0
5106,2023.0,2.0,5.0,11.0,15.858003,15.591826,17.58462,18.052113,15.36909,15.1250725,15.247424,15.015237,15.007368,14.90958,15.0090685,14.920344,16.710009,16.426382,15.618632,15.354658,15.008719,14.963664,0.0,0.0,0.0,0.0,0.0,0.0,0.0,0.0
5107,2023.0,2.0,5.0,11.0,15.313331,14.859123,16.366184,16.60915,15.3172455,15.0841675,15.18754,14.965674,15.008427,14.935275,15.010002,14.943887,16.681822,16.406553,15.68307,15.453991,15.010174,14.990233,4.0,0.0,0.0,0.0,0.0,0.0,0.0,0.0
5108,2023.0,2.0,5.0,11.0,15.184815,14.751901,20.129702,23.199093,15.271327,15.053104,15.135792,14.929102,15.007864,14.95327,15.009328,14.959033,17.430456,17.850569,15.6514435,15.432466,15.008765,15.007093,0.0,0.0,0.0,0.0,0.0,4.0,0.0,0.0
5109,2023.0,2.0,5.0,11.0,15.42567,15.339915,18.0867,18.76794,15.225543,15.018992,15.084279,14.889435,15.007654,14.968092,15.008488,14.968194,17.811504,18.324116,15.615201,15.404502,15.00921,15.0247755,4.0,0.0,0.0,0.0,0.0,4.0,0.0,0.0
5110,2023.0,2.0,5.0,11.0,16.30956,16.982296,20.165857,22.89505,15.182095,14.98667,15.035529,14.851999,15.007881,14.9811945,15.00893,14.977315,16.81912,16.3187,16.623096,17.337475,15.009427,15.039714,0.0,0.0,0.0,0.0,0.0,0.0,4.0,0.0
5111,2023.0,2.0,5.0,11.0,16.294226,16.679539,17.812065,17.982285,15.141159,14.956279,15.726551,16.196297,15.007591,14.990913,15.0079155,14.981344,16.375057,15.782371,15.81368,15.4367285,15.009414,15.0526905,4.0,0.0,4.0,0.0,0.0,0.0,0.0,0.0
5112,2023.0,2.0,5.0,12.0,15.538589,15.322767,20.173546,22.864744,15.101494,14.927096,15.3885145,15.367997,15.007726,15.000529,15.008254,14.9881115,17.089924,17.230223,16.412401,16.89787,15.009484,15.064245,0.0,0.0,0.0,0.0,0.0,4.0,4.0,0.0
5113,2023.0,2.0,5.0,12.0,21.012691,25.029373,17.855782,18.01,20.578703,24.505713,19.935738,23.403593,15.007809,15.009567,15.007899,14.993484,20.277924,22.609089,20.831121,24.324717,15.009961,15.075605,4.0,0.0,0.0,0.0,0.0,0.0,0.0,0.0
5114,2023.0,2.0,5.0,12.0,21.235182,24.763592,20.199831,22.861635,21.233877,25.000593,20.665724,24.127579,15.007659,15.016191,15.008227,14.999737,21.531351,24.431417,21.417652,24.763245,15.009643,15.083015,0.0,0.0,0.0,0.0,0.0,4.0,0.0,0.0
5115,2023.0,2.0,5.0,12.0,21.08576,24.115953,17.622446,17.541164,21.068317,24.251974,21.143135,24.522778,15.007238,15.018995,15.007595,15.002712,21.43821,23.90024,22.114271,25.564032,15.009528,15.086889,0.0,0.0,4.0,0.0,0.0,0.0,0.0,0.0
5116,2023.0,2.0,5.0,12.0,21.090399,23.837597,16.85804,17.06141,21.077642,23.954771,21.0739,24.072058,15.007261,15.021331,15.008009,15.007515,21.05556,22.941685,20.953175,23.174011,15.008941,15.087424,4.0,4.0,4.0,0.0,0.0,0.0,0.0,0.0
5117,2023.0,2.0,5.0,12.0,21.148506,23.78778,20.274752,23.0877,21.149876,23.913183,21.150023,23.981127,15.007099,15.023328,15.008082,15.011554,21.692516,23.86684,22.009424,24.86103,15.008771,15.088167,4.0,0.0,0.0,0.0,0.0,0.0,4.0,0.0
5118,2023.0,2.0,5.0,13.0,22.034044,25.131105,20.058355,22.375298,21.916224,24.992252,21.841944,24.947344,15.006978,15.025098,15.007401,15.011974,21.609772,23.488987,22.86331,26.173588,15.008884,15.089946,0.0,0.0,0.0,0.0,0.0,0.0,0.0,0.0
5119,2023.0,2.0,5.0,13.0,20.957895,23.056417,17.606384,17.491056,20.959991,23.078726,20.996885,23.26347,15.00654,15.0260315,15.006967,15.012008,21.066292,22.558638,22.072422,24.416828,15.008673,15.091331,0.0,4.0,0.0,0.0,0.0,0.0,0.0,0.0
5120,2023.0,2.0,5.0,13.0,21.098452,23.338558,16.525423,16.336533,21.126593,23.3579,21.102285,23.446775,15.006874,15.029934,15.007377,15.016225,21.030663,22.444506,20.908611,22.301147,15.008819,15.094383,0.0,0.0,0.0,0.0,0.0,4.0,0.0,0.0
5121,2023.0,2.0,5.0,13.0,21.077522,23.285875,16.769278,17.039354,21.098688,23.240393,21.060963,23.315334,15.007287,15.035069,15.00773,15.022297,21.083574,22.515285,21.10071,22.763123,15.008811,15.098058,4.0,0.0,4.0,0.0,0.0,0.0,0.0,0.0
5122,2023.0,2.0,5.0,13.0,21.870863,24.513735,20.242456,23.141697,21.156208,23.327105,21.112942,23.368084,15.007276,15.0401,15.008028,15.02869,21.9133,23.824568,21.06463,22.736124,15.0088215,15.102531,0.0,4.0,0.0,0.0,0.0,0.0,0.0,0.0
5123,2023.0,2.0,5.0,13.0,21.06689,23.176474,17.99653,18.420067,21.08409,23.126947,21.104382,23.295013,15.007018,15.0444975,15.007103,15.030968,20.946331,22.028559,21.071198,22.769678,15.008845,15.107465,0.0,4.0,0.0,0.0,0.0,0.0,0.0,0.0
5124,2023.0,2.0,5.0,14.0,21.07847,23.198597,16.995922,17.322695,21.102415,23.14445,21.079716,23.24356,15.007193,15.050146,15.007593,15.036813,21.074453,22.33077,21.068913,22.773863,15.009083,15.113023,4.0,0.0,0.0,0.0,0.0,0.0,0.0,0.0
5125,2023.0,2.0,5.0,14.0,19.131802,19.453003,20.251368,23.03717,19.23747,19.505781,18.987886,19.218054,15.007328,15.056408,15.00805,15.043481,19.665033,19.638557,19.260584,19.297577,15.009004,15.11871,4.0,4.0,0.0,0.0,0.0,0.0,0.0,0.0
5126,2023.0,2.0,5.0,14.0,17.99494,18.030834,20.050741,22.363958,17.631624,17.165174,17.71922,17.612316,15.007817,15.064302,15.007807,15.047802,18.886091,18.651222,18.252892,18.052387,15.009592,15.127887,0.0,0.0,0.0,0.0,0.0,0.0,0.0,0.0
5127,2023.0,2.0,5.0,14.0,18.315273,18.973541,17.677198,17.630573,16.979727,16.426685,17.256823,17.116209,15.007923,15.072911,15.007827,15.052567,18.587273,18.344946,17.853386,17.640371,15.01012,15.138987,0.0,0.0,0.0,0.0,0.0,0.0,0.0,0.0
5128,2023.0,2.0,5.0,14.0,18.361406,19.072247,16.582527,16.413046,16.60644,16.038692,16.913788,16.749868,15.008596,15.083647,15.00895,15.06222,18.355976,18.106985,17.552027,17.328445,15.010375,15.15061,0.0,0.0,0.0,0.0,0.0,0.0,0.0,0.0
5129,2023.0,2.0,5.0,14.0,17.273159,17.110758,16.33155,16.18892,17.365252,17.753067,16.670462,16.527386,15.008846,15.094045,15.185693,15.39335,18.182955,17.951775,17.328945,17.12595,15.010922,15.163147,0.0,4.0,0.0,0.0,4.0,0.0,0.0,0.0
5130,2023.0,2.0,5.0,15.0,16.648071,16.348017,16.552069,16.80535,16.68401,16.342403,16.45119,16.312649,15.009609,15.106737,19.777784,22.893917,18.024763,17.801132,17.127634,16.933317,15.011448,15.176047,4.0,0.0,0.0,0.0,0.0,0.0,0.0,0.0
5131,2023.0,2.0,5.0,15.0,17.111498,17.444273,20.272493,23.3304,16.784159,16.874882,16.97591,17.460184,15.010183,15.119404,17.445023,17.990883,18.682447,19.179586,16.948652,16.759798,15.0121155,15.189112,0.0,4.0,4.0,0.0,0.0,4.0,0.0,0.0
5132,2023.0,2.0,5.0,15.0,16.59457,16.427021,18.316896,19.090412,16.897018,17.068773,17.175745,17.743574,15.010342,15.130812,15.747581,15.637671,18.575705,18.78637,16.789307,16.605528,15.012595,15.20145,4.0,4.0,4.0,0.0,0.0,4.0,0.0,0.0
5133,2023.0,2.0,5.0,15.0,16.153856,15.870459,20.244665,22.914434,16.83505,17.01583,16.835651,17.096418,15.011141,15.143477,15.386944,15.210306,17.761381,17.349072,17.732433,18.517063,15.012941,15.212984,0.0,4.0,4.0,0.0,0.0,0.0,4.0,0.0
5134,2023.0,2.0,5.0,15.0,15.946046,15.647962,18.074163,18.3849,16.769144,16.955034,15.985423,15.6433525,15.011446,15.155026,15.203913,15.024974,17.320028,16.79956,16.836082,16.529018,15.013605,15.225022,4.0,4.0,0.0,0.0,0.0,0.0,0.0,0.0
5135,2023.0,2.0,5.0,15.0,16.860796,17.532482,20.207531,22.778122,16.706964,16.897497,15.540086,15.089074,15.012208,15.167623,15.061415,14.88235,17.126242,16.59659,16.247297,15.825624,15.013919,15.237121,4.0,4.0,0.0,0.0,0.0,0.0,0.0,0.0
5136,2023.0,2.0,5.0,16.0,16.2666,16.158669,20.05866,22.238916,16.648174,16.842733,15.347614,14.890966,15.4625635,16.013048,15.004761,14.887841,16.988901,16.464138,16.041405,15.6126995,15.014726,15.250366,0.0,4.0,0.0,4.0,0.0,0.0,0.0,0.0
5137,2023.0,2.0,5.0,16.0,16.50271,16.881733,18.063896,18.236807,15.934031,15.562603,15.20098,14.748239,19.919043,23.537867,15.010082,14.968759,17.97293,18.469954,15.894413,15.471139,15.015098,15.262843,4.0,0.0,0.0,0.0,0.0,4.0,0.0,0.0
5138,2023.0,2.0,5.0,16.0,16.670105,17.092253,20.239641,22.672056,16.206778,16.32461,15.328178,15.134993,17.386509,17.932877,15.010453,15.025362,18.02451,18.258268,15.988449,15.793912,15.015652,15.275487,4.0,4.0,0.0,4.0,0.0,4.0,0.0,0.0
5139,2023.0,2.0,5.0,16.0,16.67306,17.101383,20.044214,22.06983,15.719593,15.345025,16.095823,16.60197,20.345648,23.76072,15.011613,15.066532,17.191416,16.743141,15.994657,15.836873,15.580592,16.33009,4.0,0.0,4.0,4.0,0.0,0.0,0.0,4.0
5140,2023.0,2.0,5.0,16.0,15.986434,15.824881,20.086018,22.018335,15.333057,14.854391,16.397612,16.980886,20.057152,22.826859,15.011934,15.096203,16.81417,16.300842,15.926038,15.776506,19.87644,23.628214,4.0,0.0,4.0,0.0,0.0,0.0,0.0,0.0
5141,2023.0,2.0,5.0,16.0,16.33963,16.714958,20.096725,21.962776,15.174172,14.687882,16.134476,16.409254,17.255121,17.17515,15.012496,15.120203,17.472155,17.66882,15.84424,15.691881,17.231646,17.852865,0.0,0.0,4.0,0.0,0.0,4.0,0.0,4.0
5142,2023.0,2.0,5.0,17.0,16.533392,16.958616,18.25724,18.352646,16.06505,16.497595,16.008463,16.248896,15.815845,15.370172,15.012901,15.140457,17.697695,17.908775,15.76282,15.609772,20.401615,24.02779,4.0,4.0,4.0,0.0,0.0,4.0,0.0,4.0
5143,2023.0,2.0,5.0,17.0,16.525824,16.93853,20.24983,22.461027,16.164341,16.417505,15.340353,15.025471,15.625508,15.406551,15.01417,15.1606245,16.9486,16.488964,15.681375,15.523972,20.062061,23.00415,4.0,4.0,0.0,0.0,0.0,0.0,0.0,0.0
5144,2023.0,2.0,5.0,17.0,16.503147,16.90203,20.046358,21.895924,16.038227,16.232433,14.997424,14.625228,15.47331,15.292189,15.014753,15.177378,17.367466,17.549028,15.601413,15.439446,17.721004,18.196737,4.0,4.0,0.0,0.0,0.0,4.0,0.0,4.0
5145,2023.0,2.0,5.0,17.0,16.473982,16.858767,20.08501,21.872868,15.997617,16.172455,15.490495,15.618405,15.272857,15.097801,15.015313,15.190859,16.802757,16.320112,15.523729,15.35682,20.354654,23.434042,4.0,4.0,4.0,0.0,0.0,0.0,0.0,0.0
5146,2023.0,2.0,5.0,17.0,16.431969,16.794598,20.079988,21.79504,15.961035,16.120567,15.681421,15.867912,15.091251,14.918554,15.0157795,15.201484,16.425076,15.876589,15.448786,15.277252,17.29014,17.19604,4.0,4.0,4.0,0.0,0.0,0.0,0.0,0.0
5147,2023.0,2.0,5.0,17.0,15.69271,15.435364,20.080345,21.746025,15.226429,14.768276,15.674221,15.846129,15.003214,14.898201,15.016435,15.211212,16.27823,15.7161255,15.375121,15.197854,15.718397,15.234447,4.0,0.0,4.0,0.0,0.0,0.0,0.0,0.0
5148,2023.0,2.0,5.0,18.0,16.050106,16.346375,20.08048,21.70754,15.543084,15.595428,14.998645,14.710469,15.014572,15.0055275,15.016827,15.21903,17.33743,17.858664,15.304792,15.12357,15.233098,14.720256,4.0,4.0,0.0,0.0,0.0,4.0,0.0,0.0
5149,2023.0,2.0,5.0,18.0,20.27974,23.58353,20.097837,21.72463,20.798044,24.655848,19.881836,23.266615,15.013835,15.065156,15.017446,15.226655,20.16535,22.52471,20.993464,24.748991,16.2444,16.9612,0.0,4.0,0.0,0.0,0.0,0.0,0.0,4.0
5150,2023.0,2.0,5.0,18.0,20.996965,24.36553,18.265467,18.168472,20.809956,24.097277,20.621553,24.025543,15.014347,15.108241,15.017596,15.232198,20.75648,23.211246,21.042452,24.455147,20.289251,23.781826,4.0,0.0,0.0,0.0,0.0,0.0,0.0,0.0
5151,2023.0,2.0,5.0,18.0,21.143707,24.202635,20.250929,22.276915,21.172932,24.307152,21.194866,24.610481,15.455971,15.959413,14.998608,15.187502,21.078526,23.452587,22.05177,25.757002,16.947367,16.812857,4.0,4.0,4.0,4.0,4.0,0.0,0.0,0.0
5152,2023.0,2.0,5.0,18.0,21.321526,24.216274,20.065294,21.78316,21.097433,23.8476,21.119236,24.113205,20.165007,23.947102,19.735634,23.08068,21.921097,24.635225,22.108736,25.777018,15.28299,14.73841,0.0,4.0,0.0,0.0,0.0,4.0,0.0,0.0
5153,2023.0,2.0,5.0,18.0,21.049026,23.508455,18.19309,18.096834,21.123947,23.701967,21.126852,23.869495,16.716877,16.657948,17.04848,17.505625,20.988773,22.713484,22.381487,25.649523,15.187637,14.952164,4.0,0.0,0.0,0.0,0.0,4.0,4.0,0.0
5154,2023.0,2.0,5.0,19.0,22.228512,25.335663,20.242344,22.317389,21.145067,23.562977,21.147556,23.780672,15.675085,15.7872305,15.296812,15.087156,22.079369,24.465796,20.940603,22.880949,15.0880575,14.884343,0.0,4.0,0.0,4.0,0.0,4.0,0.0,0.0
5155,2023.0,2.0,5.0,19.0,20.91358,22.877787,17.848248,17.483362,21.096447,23.345394,21.095661,23.575016,20.174078,23.362343,14.999631,14.838945,21.017488,22.446554,21.137524,23.216429,15.004631,14.885875,0.0,4.0,0.0,0.0,0.0,4.0,0.0,0.0
5156,2023.0,2.0,5.0,19.0,21.132202,23.279179,17.27787,17.313456,21.118414,23.317303,21.070784,23.429998,16.901701,16.70179,15.021137,14.993962,21.137218,22.676262,21.100658,23.088308,15.015419,14.998071,4.0,0.0,4.0,0.0,0.0,0.0,0.0,0.0
5157,2023.0,2.0,5.0,19.0,21.14971,23.255863,20.251839,22.677597,21.151482,23.28784,21.157955,23.548481,15.9293,15.974069,15.018229,15.066023,21.12253,22.612726,21.181139,23.244946,15.01487,15.062147,4.0,4.0,4.0,4.0,0.0,0.0,0.0,0.0
5158,2023.0,2.0,5.0,19.0,21.16658,23.273731,20.055992,22.002726,21.116844,23.17675,21.125017,23.396769,20.34917,23.459816,15.019297,15.12164,21.12751,22.58917,22.117697,24.925255,15.015707,15.11121,4.0,0.0,0.0,0.0,0.0,0.0,0.0,0.0
5159,2023.0,2.0,5.0,19.0,22.266174,24.998383,20.109667,21.949131,21.673439,24.098242,21.49803,23.850607,17.043152,16.769962,15.019768,15.159294,21.8804,23.875322,22.281319,24.880854,15.617754,16.27302,0.0,4.0,0.0,0.0,0.0,0.0,0.0,4.0
5160,2023.0,2.0,5.0,20.0,21.070223,22.934624,17.71459,17.24146,21.121727,23.108797,20.986382,22.879692,15.698092,15.416247,15.019951,15.185634,20.971975,22.18551,20.90141,22.365576,19.722994,23.192976,0.0,0.0,4.0,0.0,0.0,0.0,0.0,0.0
5161,2023.0,2.0,5.0,20.0,21.084059,22.957684,16.772686,16.366083,21.084856,22.971706,21.108364,23.097626,16.27049,16.725512,15.021121,15.209071,21.075514,22.431976,21.10707,22.848495,16.371264,16.118347,0.0,4.0,4.0,4.0,0.0,0.0,0.0,0.0
5162,2023.0,2.0,5.0,20.0,21.108278,23.016281,17.011675,17.043463,21.090694,22.949348,21.116848,23.109013,20.260399,23.364271,15.021768,15.228098,21.064526,22.431051,22.341833,24.9278,14.997946,14.662558,4.0,4.0,0.0,0.0,0.0,0.0,0.0,0.0
5163,2023.0,2.0,5.0,20.0,21.154888,23.069277,20.26305,22.88371,21.164488,23.086567,21.159876,23.165041,16.961096,16.633696,15.02245,15.24391,21.146053,22.587084,21.677925,23.676983,15.01943,14.879628,4.0,0.0,0.0,0.0,0.0,4.0,0.0,0.0
5164,2023.0,2.0,5.0,20.0,21.978102,24.523018,20.072754,22.16708,22.205385,24.774584,22.176018,24.779509,15.206689,14.4671755,15.02271,15.255268,21.76916,23.663568,22.130962,24.297127,15.742693,16.361319,0.0,0.0,4.0,0.0,0.0,4.0,4.0,4.0
5165,2023.0,2.0,5.0,20.0,20.979862,22.59632,17.796492,17.569607,20.92748,22.397507,20.925722,22.497482,15.185006,14.854702,15.022752,15.262539,21.008204,22.169214,21.01029,22.371649,19.944567,23.260492,4.0,4.0,0.0,0.0,0.0,0.0,0.0,0.0
5166,2023.0,2.0,5.0,21.0,22.235226,24.73176,20.241718,22.526142,21.190329,22.963545,21.187414,23.045515,15.114948,14.82586,15.023753,15.271345,21.712769,23.425573,21.285248,22.980167,16.453096,16.128452,4.0,0.0,0.0,0.0,0.0,4.0,0.0,0.0
5167,2023.0,2.0,5.0,21.0,21.939043,23.996513,20.066082,21.94517,22.020094,24.417551,22.00299,24.378433,15.690779,16.075106,15.003661,15.227959,21.71134,23.194527,21.848486,23.88271,15.773767,15.983991,0.0,4.0,0.0,4.0,4.0,4.0,4.0,4.0
5168,2023.0,2.0,5.0,21.0,21.068684,22.610361,17.565197,17.007172,20.982483,22.435516,21.057447,22.817095,20.523281,24.130634,19.68544,22.999784,21.05392,22.119331,20.921253,22.152597,20.205847,23.45434,0.0,0.0,0.0,4.0,0.0,4.0,0.0,0.0
5169,2023.0,2.0,5.0,21.0,21.106081,22.754454,16.627596,16.16372,21.097038,22.674324,21.086369,22.911457,20.042393,22.871922,16.911419,17.266716,21.062223,22.165436,21.120245,22.60799,17.342186,17.545088,0.0,4.0,0.0,4.0,0.0,4.0,0.0,4.0
5170,2023.0,2.0,5.0,21.0,21.072859,22.689363,16.447205,16.04267,21.084242,22.66675,21.083,22.92495,20.134825,22.730469,15.107,14.830685,21.091503,22.259205,21.095432,22.590742,20.42627,23.505411,0.0,4.0,0.0,0.0,0.0,0.0,0.0,0.0
5171,2023.0,2.0,5.0,21.0,21.105125,22.786884,16.204353,15.801538,21.110613,22.74633,21.058748,22.867842,17.043112,16.538916,15.03559,14.978991,21.057045,22.172718,21.073761,22.613918,16.955292,16.544924,0.0,0.0,4.0,0.0,0.0,4.0,0.0,0.0
5172,2023.0,2.0,5.0,22.0,21.072788,22.703741,16.471333,16.488165,21.104782,22.729803,21.088585,22.957045,16.252657,16.125774,15.021236,15.050033,21.092386,22.265818,21.037672,22.556358,15.260018,14.522449,4.0,0.0,0.0,4.0,4.0,0.0,4.0,0.0
5173,2023.0,2.0,5.0,22.0,21.805939,23.924757,20.105537,22.912893,21.749933,23.765291,21.929264,24.23525,19.974726,22.482355,19.211302,22.04005,21.65201,23.172192,21.994947,24.16136,15.223923,14.907994,0.0,0.0,4.0,0.0,0.0,4.0,0.0,0.0
5174,2023.0,2.0,5.0,22.0,20.939583,22.334387,18.190216,18.70539,20.95344,22.379183,20.93644,22.421576,17.008318,16.55142,17.038984,17.526396,20.991837,21.964808,20.919481,22.172289,15.116174,14.831985,4.0,0.0,4.0,0.0,4.0,0.0,4.0,0.0
5175,2023.0,2.0,5.0,22.0,22.291016,24.683094,20.73756,23.507446,21.65587,23.622555,21.69182,23.649485,15.352412,14.524011,20.260721,23.423698,21.879831,23.514551,21.963087,23.868835,15.654206,16.035439,0.0,0.0,0.0,0.0,0.0,0.0,0.0,4.0
5176,2023.0,2.0,5.0,22.0,20.912695,22.197224,17.964048,17.66904,20.943005,22.33561,20.946848,22.35526,15.341408,14.963721,17.67597,18.158266,20.96771,21.839182,20.889727,22.015667,20.540094,24.24364,0.0,0.0,0.0,0.0,4.0,0.0,0.0,4.0
5177,2023.0,2.0,5.0,22.0,21.122662,22.673294,15.900264,14.879452,21.093782,22.698647,21.126965,22.739891,15.854968,16.043333,20.369524,23.312195,21.037455,22.05077,21.08124,22.427307,20.29196,23.366495,0.0,0.0,0.0,4.0,0.0,4.0,4.0,0.0
5178,2023.0,2.0,5.0,23.0,21.0403,22.578663,15.852422,15.234356,21.074547,22.697702,21.072855,22.702677,20.4603,23.805626,17.599386,17.79577,21.062946,22.114288,21.101763,22.539974,16.903719,16.479437,0.0,0.0,0.0,0.0,0.0,4.0,0.0,0.0
5179,2023.0,2.0,5.0,23.0,18.790411,18.313263,15.88275,15.428176,19.261145,19.24564,19.224558,19.207588,17.914165,18.514088,15.918905,15.606964,19.61382,19.346172,19.549374,19.542234,15.97509,15.879813,0.0,0.0,0.0,4.0,0.0,4.0,4.0,4.0
5180,2023.0,2.0,5.0,23.0,17.736618,16.844627,15.779722,15.352355,18.312475,17.884958,18.267763,17.858562,16.555447,16.32059,15.82337,15.733359,18.451006,17.50855,18.155287,17.326992,15.214144,14.568384,0.0,0.0,0.0,4.0,4.0,0.0,0.0,0.0
5181,2023.0,2.0,5.0,23.0,17.288183,16.392488,15.651132,15.233753,17.899193,17.444677,18.527994,18.699247,15.573256,14.80003,15.408307,15.094959,17.95666,16.966827,17.53182,16.649456,15.017342,14.523609,0.0,0.0,4.0,0.0,0.0,0.0,0.0,0.0
5182,2023.0,2.0,5.0,23.0,17.442099,17.106058,15.513494,15.10665,17.552017,17.110907,17.836823,17.525652,14.986512,14.224293,15.026721,14.689169,17.612076,16.65095,17.09581,16.24418,15.03055,14.740366,0.0,0.0,0.0,0.0,0.0,0.0,0.0,0.0
5183,2023.0,2.0,5.0,23.0,17.375692,17.131123,15.385929,14.98763,17.25937,16.828852,16.735336,15.782347,15.035118,14.544897,15.029373,14.900132,17.824003,17.384653,17.18491,16.802631,15.014478,14.864966,0.0,0.0,0.0,0.0,0.0,0.0,0.0,0.0
5184,2023.0,2.0,6.0,0.0,17.175098,16.948908,15.271086,14.881232,17.012129,16.592451,16.179646,15.162888,15.615189,15.84748,15.021173,14.998899,17.801184,17.416416,17.101933,16.783783,15.0180855,14.981837,0.0,0.0,0.0,4.0,0.0,0.0,0.0,0.0
5185,2023.0,2.0,6.0,0.0,16.993286,16.784958,15.165048,14.780783,16.797546,16.386711,16.3824,15.887339,15.227566,14.995495,15.02327,15.085322,17.64579,17.268991,17.905767,18.476234,15.018354,15.06331,0.0,0.0,0.0,0.0,0.0,0.0,4.0,0.0
5186,2023.0,2.0,6.0,0.0,16.825876,16.62459,15.064289,14.682183,16.6045,16.196632,16.397364,16.004366,15.026168,14.863174,15.024111,15.147522,17.490385,17.113369,17.689026,17.7954,15.019725,15.126631,0.0,0.0,0.0,0.0,0.0,0.0,4.0,0.0
5187,2023.0,2.0,6.0,0.0,16.671532,16.475698,15.000091,14.648391,16.440676,16.042885,16.253529,15.878155,15.03345,14.943103,15.0244055,15.193709,17.35365,16.980963,16.601187,15.922812,15.020138,15.174353,0.0,0.0,0.0,0.0,0.0,0.0,0.0,0.0
5188,2023.0,2.0,6.0,0.0,16.518822,16.316397,15.008126,14.727622,16.281832,15.882354,16.097504,15.721714,15.016247,14.993571,15.025796,15.231467,17.222042,16.845877,16.00725,15.2391405,15.303915,15.734262,0.0,0.0,0.0,0.0,0.0,0.0,0.0,4.0
5189,2023.0,2.0,6.0,0.0,16.392435,16.196905,15.007842,14.7778015,16.145678,15.7533655,15.961497,15.592096,15.020924,15.062222,15.025885,15.261102,17.1069,16.732265,15.748157,14.992514,14.965223,15.086128,0.0,0.0,0.0,0.0,0.0,0.0,0.0,0.0
5190,2023.0,2.0,6.0,1.0,16.278633,16.090536,15.009334,14.823397,16.02085,15.635544,15.836877,15.473751,15.22791,15.491858,15.027581,15.289248,17.00218,16.630035,15.548727,14.807142,15.049859,15.254033,0.0,0.0,0.0,4.0,0.0,0.0,0.0,0.0
5191,2023.0,2.0,6.0,1.0,16.164438,15.974469,15.0095005,14.859911,15.901885,15.519609,15.718461,15.357686,14.972258,15.040375,15.027557,15.309861,16.901718,16.528141,15.803765,15.503533,15.019612,15.242011,0.0,0.0,0.0,0.0,0.0,0.0,0.0,0.0
5192,2023.0,2.0,6.0,1.0,16.052208,15.856236,15.018012,14.910386,15.778785,15.388501,15.595874,15.226511,15.0364065,15.212344,15.052966,15.377739,16.80048,16.420021,15.785793,15.463223,15.041763,15.320543,0.0,0.0,0.0,0.0,0.0,0.0,0.0,0.0
5193,2023.0,2.0,6.0,1.0,15.949119,15.7502365,15.0199585,14.938222,15.669168,15.27789,15.486729,15.115632,15.038481,15.223156,15.053489,15.383201,16.707666,16.323626,15.683547,15.358143,15.043291,15.33813,0.0,0.0,0.0,0.0,0.0,0.0,0.0,0.0
5194,2023.0,2.0,6.0,1.0,15.851723,15.650814,15.021637,14.964809,15.565186,15.172469,15.383245,15.009992,15.041023,15.251425,15.055731,15.399631,16.61906,16.231361,15.581426,15.253244,15.04749,15.368416,0.0,0.0,0.0,0.0,0.0,0.0,0.0,0.0
5195,2023.0,2.0,6.0,1.0,15.758649,15.5552845,15.023847,14.990149,15.465889,15.071342,15.284536,14.90875,15.084675,15.326442,15.056746,15.411457,16.53407,16.142649,15.481986,15.150987,15.048095,15.386785,0.0,0.0,0.0,4.0,0.0,0.0,0.0,0.0
5196,2023.0,2.0,6.0,2.0,15.669983,15.464454,15.025477,15.012446,15.370587,14.973858,15.189918,14.811261,15.080204,15.310483,15.058165,15.423899,16.452156,16.056955,15.385535,15.051661,15.050387,15.407719,0.0,0.0,0.0,0.0,0.0,0.0,0.0,0.0
5197,2023.0,2.0,6.0,2.0,15.602203,15.41179,15.027013,15.033569,15.282728,14.8875065,15.102814,14.724974,15.081596,15.303675,15.059046,15.434832,16.37575,15.979575,15.29447,14.960187,15.052159,15.425742,0.0,0.0,0.0,0.0,0.0,0.0,0.0,0.0
5198,2023.0,2.0,6.0,2.0,15.531378,15.344938,15.028051,15.052799,15.198965,14.80493,15.0198965,14.642567,15.042648,15.261581,15.060163,15.445972,16.302717,15.90551,15.207057,14.8723,15.053077,15.441166,0.0,0.0,0.0,0.0,0.0,0.0,0.0,0.0
5199,2023.0,2.0,6.0,2.0,15.458299,15.272162,15.029723,15.072577,15.118221,14.725103,15.003659,14.686404,15.045136,15.302383,15.06093,15.45589,16.232243,15.833979,15.122549,14.787281,15.053125,15.454312,0.0,0.0,0.0,0.0,0.0,0.0,0.0,0.0
5200,2023.0,2.0,6.0,2.0,15.386621,15.200706,15.031213,15.091111,15.040046,14.647602,15.00756,14.746711,15.049116,15.330862,15.061624,15.465303,16.16401,15.764671,15.040634,14.704828,15.054571,15.469647,0.0,0.0,0.0,0.0,0.0,0.0,0.0,0.0
5201,2023.0,2.0,6.0,2.0,15.31674,15.1308975,15.032454,15.108609,15.0027,14.647053,15.010761,14.79501,15.050523,15.351354,15.062454,15.47457,16.097763,15.697328,15.002792,14.705208,15.056339,15.484455,0.0,0.0,0.0,0.0,0.0,0.0,0.0,0.0
5202,2023.0,2.0,6.0,3.0,15.241554,15.048693,15.033885,15.125996,15.005876,14.710964,15.013115,14.836406,15.051559,15.369186,15.063009,15.482859,16.033327,15.631799,15.0068245,14.767587,15.056453,15.495318,0.0,0.0,0.0,0.0,0.0,0.0,0.0,0.0
5203,2023.0,2.0,6.0,3.0,15.167805,14.969773,15.034733,15.141903,15.009274,14.75984,15.015269,14.873607,15.052263,15.384727,15.063894,15.491599,15.972637,15.572085,15.010542,14.810634,15.057456,15.507925,0.0,0.0,0.0,0.0,0.0,0.0,0.0,0.0
5204,2023.0,2.0,6.0,3.0,15.101048,14.903616,15.034204,15.1541195,15.011624,14.801819,15.017374,14.907681,15.05374,15.400465,15.064314,15.498965,15.914283,15.514687,15.012632,14.846452,15.058052,15.519029,0.0,0.0,0.0,0.0,0.0,0.0,0.0,0.0
5205,2023.0,2.0,6.0,3.0,15.051492,14.869194,15.034638,15.168081,15.014133,14.840206,15.018824,14.938108,15.054545,15.413554,15.0645895,15.505728,15.857789,15.459148,15.014894,14.878823,15.059274,15.530887,0.0,0.0,0.0,0.0,0.0,0.0,0.0,0.0
5206,2023.0,2.0,6.0,3.0,15.001088,14.8263645,15.035691,15.18266,15.015453,14.873118,15.0212145,14.968606,15.055706,15.426585,15.065357,15.513033,15.803005,15.405316,15.016361,14.906505,15.060101,15.541279,0.0,0.0,0.0,0.0,0.0,0.0,0.0,0.0
5207,2023.0,2.0,6.0,3.0,15.0052185,14.887995,15.036815,15.196855,15.017664,14.905664,15.022722,14.995502,15.056185,15.437333,15.065747,15.519002,15.74983,15.353105,15.0181265,14.932705,15.009966,15.415134,0.0,0.0,0.0,0.0,0.0,0.0,0.0,4.0
5208,2023.0,2.0,6.0,4.0,15.006368,14.926453,15.037347,15.209628,15.019398,14.9351015,15.024496,15.021654,15.057335,15.448943,15.066206,15.524823,15.698159,15.3024,15.020771,14.958608,15.099279,15.624304,0.0,0.0,0.0,0.0,0.0,0.0,0.0,0.0
5209,2023.0,2.0,6.0,4.0,15.008723,14.964653,15.038203,15.223069,15.020907,14.962731,15.0259075,15.04604,15.057157,15.457179,15.066011,15.529057,15.649188,15.255681,15.020718,14.977585,15.094744,15.568078,0.0,0.0,0.0,0.0,0.0,0.0,0.0,0.0
5210,2023.0,2.0,6.0,4.0,15.684963,16.257862,15.01837,15.198774,15.010807,14.966327,15.012536,15.041469,15.026196,15.410506,15.030169,15.470351,15.603855,15.214394,15.011835,14.979083,15.023354,15.468452,0.0,0.0,0.0,0.0,0.0,0.0,0.0,0.0
5211,2023.0,2.0,6.0,4.0,15.187471,15.12662,15.021439,15.218506,15.012954,14.994355,15.014923,15.067974,15.030329,15.429372,15.019262,15.443134,15.557574,15.169946,15.013846,15.001811,15.032619,15.508773,0.0,0.0,0.0,0.0,4.0,0.0,0.0,0.0
5212,2023.0,2.0,6.0,4.0,15.052828,15.047936,15.041081,15.270398,15.02563,15.0436735,15.029716,15.119269,15.059396,15.495959,15.068514,15.569416,15.511885,15.125116,15.025159,15.043419,15.061492,15.583102,0.0,0.0,0.0,0.0,0.0,0.0,0.0,0.0
5213,2023.0,2.0,6.0,4.0,15.05277,15.044835,15.041293,15.27577,15.026962,15.063675,15.029225,15.132273,15.00884,15.364104,15.06732,15.553594,15.469291,15.084737,15.026242,15.057046,15.061782,15.586333,0.0,0.0,0.0,4.0,0.0,0.0,0.0,0.0
5214,2023.0,2.0,6.0,5.0,15.011936,15.017556,15.005199,15.190331,15.027468,15.084492,15.030468,15.152097,15.011628,15.403,15.067517,15.556756,15.42769,15.045351,15.028342,15.0761385,15.063381,15.598928,4.0,0.0,0.0,4.0,0.0,0.0,0.0,0.0
5215,2023.0,2.0,6.0,5.0,15.015873,15.073696,15.044342,15.3232,15.029143,15.106944,15.031569,15.170117,15.053669,15.454753,15.067814,15.558019,15.386261,15.0052595,15.029688,15.093939,15.062857,15.605086,0.0,0.0,0.0,4.0,0.0,0.0,0.0,0.0
5216,2023.0,2.0,6.0,5.0,15.017447,15.108355,15.044215,15.317738,15.029998,15.126812,15.033062,15.188501,15.051266,15.423874,15.0675745,15.558954,15.345283,14.965603,15.030434,15.110031,15.063977,15.614617,0.0,0.0,0.0,4.0,0.0,0.0,0.0,0.0
5217,2023.0,2.0,6.0,5.0,15.019465,15.1411295,15.044936,15.32891,15.030919,15.146012,15.034079,15.205314,15.098905,15.539278,15.041333,15.491407,15.30472,14.926331,15.032002,15.127761,15.064536,15.622158,0.0,0.0,0.0,0.0,4.0,0.0,0.0,0.0
5218,2023.0,2.0,6.0,5.0,15.021249,15.168984,15.045648,15.338087,15.031963,15.16467,15.03471,15.220974,15.096609,15.502961,15.069029,15.580831,15.264344,14.887214,15.032241,15.1424675,15.065063,15.629647,0.0,0.0,0.0,0.0,0.0,0.0,0.0,0.0
5219,2023.0,2.0,6.0,5.0,15.0219755,15.192247,15.046071,15.347245,15.032975,15.182718,15.036112,15.237808,15.007348,15.331077,15.068773,15.572408,15.2240925,14.84819,15.033943,15.160253,15.004626,15.481408,0.0,0.0,0.0,4.0,0.0,0.0,0.0,4.0
5220,2023.0,2.0,6.0,6.0,15.023561,15.215562,15.046467,15.356599,15.033571,15.199128,15.036894,15.25264,15.100988,15.560296,15.068518,15.575211,15.183905,14.809198,15.03573,15.177654,15.103377,15.710968,0.0,0.0,0.0,0.0,0.0,0.0,0.0,0.0
5221,2023.0,2.0,6.0,6.0,19.497738,22.89807,15.022015,15.3217325,19.453627,22.763838,19.411583,22.73888,15.043427,15.420577,15.031581,15.512573,20.085201,23.097925,19.818964,23.436646,15.043696,15.558516,0.0,0.0,0.0,0.0,0.0,4.0,0.0,0.0
5222,2023.0,2.0,6.0,6.0,21.122862,25.227953,15.025605,15.339975,20.647213,24.371775,20.59206,24.33123,15.029609,15.427015,15.03618,15.526486,20.261087,23.17462,20.905937,24.803318,14.995962,15.459785,0.0,0.0,0.0,0.0,0.0,0.0,0.0,4.0
5223,2023.0,2.0,6.0,6.0,21.10633,24.729116,15.025587,15.349996,21.161285,24.818045,21.14021,24.840319,15.031143,15.447342,15.035555,15.527403,19.916119,22.149918,21.136246,24.725403,19.661623,23.48905,0.0,0.0,0.0,0.0,0.0,0.0,0.0,4.0
5224,2023.0,2.0,6.0,6.0,21.084047,24.29752,15.003635,15.297272,21.108059,24.356928,21.11061,24.425257,15.031126,15.457126,15.035677,15.528585,20.74734,23.33187,21.787802,25.530201,20.091455,23.697357,4.0,0.0,0.0,0.0,0.0,4.0,0.0,4.0
5225,2023.0,2.0,6.0,6.0,20.801903,23.583227,18.98199,22.123766,21.114193,24.12153,21.11652,24.189182,15.0021515,15.382784,15.036139,15.529122,20.894804,23.309427,21.949165,25.478683,19.927582,23.03441,0.0,0.0,0.0,4.0,0.0,4.0,0.0,0.0
5226,2023.0,2.0,6.0,7.0,20.972145,23.680996,16.52954,16.831135,21.110346,23.934519,21.112839,24.003292,19.504915,22.996231,15.019027,15.477337,20.534397,22.45763,22.260263,25.727163,16.329401,15.833923,0.0,0.0,0.0,0.0,4.0,0.0,0.0,0.0
5227,2023.0,2.0,6.0,7.0,21.114294,23.7671,14.996721,14.903032,21.108387,23.79623,21.111267,23.867723,16.950495,17.581593,19.150953,22.568155,20.816107,22.82548,22.03935,24.950489,15.634213,15.69184,0.0,0.0,0.0,4.0,0.0,0.0,4.0,4.0
5228,2023.0,2.0,6.0,7.0,21.11168,23.6402,15.026701,15.097984,21.10658,23.689285,21.109407,23.762451,20.165169,23.731382,16.674976,17.171585,20.969097,22.966894,22.074167,25.04731,19.985394,23.135468,0.0,0.0,0.0,4.0,4.0,0.0,0.0,0.0
5229,2023.0,2.0,6.0,7.0,21.135351,23.613485,15.02404,15.179185,21.081757,23.540272,21.08459,23.613558,19.761406,22.605055,19.39417,22.466167,21.627222,24.055716,21.000124,23.004,16.99786,17.07266,0.0,4.0,4.0,0.0,0.0,0.0,0.0,4.0
5230,2023.0,2.0,6.0,7.0,21.10378,23.453846,15.002893,15.174956,21.108574,23.55179,21.11123,23.623697,16.898895,16.80529,17.012423,17.447168,21.926497,24.366484,22.04797,24.835535,20.019463,22.962288,4.0,0.0,0.0,4.0,4.0,4.0,0.0,0.0
5231,2023.0,2.0,6.0,7.0,21.126987,23.465698,19.552883,23.15731,21.076982,23.415958,21.103651,23.552917,20.375864,23.376898,19.933947,23.098894,21.042437,22.723316,22.599789,25.749992,16.501554,15.9828,4.0,4.0,0.0,4.0,4.0,0.0,0.0,0.0
5232,2023.0,2.0,6.0,8.0,21.105694,23.34555,18.687407,21.147068,21.118052,23.38723,21.080734,23.441557,19.7378,22.156038,19.159546,21.477692,21.412184,23.31287,20.921082,22.661299,14.989058,14.419533,0.0,4.0,4.0,0.0,0.0,4.0,0.0,0.0
5233,2023.0,2.0,6.0,8.0,18.640266,18.584631,16.031427,15.776119,18.4883,18.271505,17.945469,17.372238,16.589676,15.972453,16.372423,15.953245,19.12349,18.846956,19.512163,20.046711,15.815562,16.307198,4.0,4.0,0.0,0.0,4.0,4.0,4.0,4.0
5234,2023.0,2.0,6.0,8.0,17.034143,16.113457,19.82011,22.32526,16.787704,15.6447735,16.505777,15.309212,16.074867,15.701497,20.113024,22.642202,18.439644,18.031342,18.510702,18.458567,19.381956,22.356987,4.0,0.0,0.0,4.0,4.0,4.0,4.0,0.0
5235,2023.0,2.0,6.0,8.0,16.959715,16.611874,20.229208,23.024721,16.59469,15.915561,15.811368,14.61082,20.555834,23.557981,20.081503,22.55698,18.124462,17.756872,17.971113,17.938944,16.163755,15.691892,4.0,4.0,0.0,0.0,0.0,4.0,4.0,0.0
5236,2023.0,2.0,6.0,8.0,16.829092,16.563892,20.107012,22.547644,15.798558,14.673487,15.842693,15.174436,17.492704,17.399439,17.098703,16.638554,17.844107,17.503592,16.664278,15.803002,15.037871,14.746037,4.0,0.0,0.0,4.0,4.0,4.0,0.0,0.0
5237,2023.0,2.0,6.0,8.0,16.573402,16.327017,20.23662,22.569351,15.202349,14.01105,15.769931,15.251196,20.79023,23.712227,20.162476,22.654163,16.851847,15.856944,16.92506,16.913057,16.171982,15.786766,0.0,0.0,0.0,4.0,0.0,0.0,4.0,0.0
5238,2023.0,2.0,6.0,9.0,15.641615,14.789026,17.223433,16.646477,15.008508,13.9720955,15.546325,15.05071,19.975378,22.20098,17.645636,17.719618,17.083735,16.752157,15.994071,15.148685,14.966026,14.934405,0.0,0.0,0.0,0.0,0.0,4.0,0.0,0.0
5239,2023.0,2.0,6.0,9.0,15.105045,14.185034,15.899619,15.328293,15.194422,14.602469,15.3310795,14.852118,16.9409,16.2873,15.940413,15.536314,16.450222,15.554818,15.319389,14.428208,15.039511,15.197008,0.0,0.0,0.0,0.0,0.0,0.0,0.0,0.0
5240,2023.0,2.0,6.0,9.0,15.617537,15.398009,15.581146,15.061847,15.198036,14.710239,15.142078,14.677562,15.312064,14.336463,15.404362,14.964604,15.918281,14.923531,14.99148,14.14226,15.026757,15.259136,0.0,0.0,0.0,0.0,0.0,0.0,0.0,0.0
5241,2023.0,2.0,6.0,9.0,15.749062,15.615831,15.735815,15.6409645,15.064329,14.603202,14.998683,14.576493,15.245051,14.765277,15.042093,14.612945,15.670737,14.694136,15.863476,15.993727,15.335098,15.885914,4.0,0.0,0.0,0.0,0.0,0.0,4.0,4.0
5242,2023.0,2.0,6.0,9.0,15.646099,15.348545,20.084648,23.373867,15.66894,15.869121,15.741076,15.808439,15.917975,16.230705,15.02827,14.836733,15.980264,15.516671,15.163326,14.472272,18.935469,22.021435,4.0,4.0,0.0,4.0,0.0,0.0,0.0,0.0
5243,2023.0,2.0,6.0,9.0,14.989532,14.418473,19.959711,22.676462,15.939276,16.26391,15.0197525,14.716777,19.913532,22.852638,15.024301,14.968604,16.069134,15.67481,15.453057,15.446985,15.736999,15.333949,0.0,4.0,0.0,0.0,0.0,0.0,0.0,0.0
5244,2023.0,2.0,6.0,10.0,15.026845,14.624203,17.071035,16.83033,14.980857,14.578334,15.533118,15.789486,16.558817,16.109201,15.024971,15.066095,15.994444,15.611293,15.020311,14.6672,15.103181,15.186714,4.0,0.0,4.0,0.0,0.0,0.0,0.0,0.0
5245,2023.0,2.0,6.0,10.0,15.056551,14.825948,19.683832,22.146229,15.036243,14.77565,15.436789,15.164907,14.985354,14.359801,15.025308,15.135972,15.924071,15.55462,15.370556,15.075084,15.015588,15.15667,0.0,0.0,0.0,0.0,0.0,0.0,0.0,0.0
5246,2023.0,2.0,6.0,10.0,15.023094,14.846315,17.281338,17.126898,15.0290785,14.827011,15.020565,14.809566,15.02709,14.701821,15.024832,15.185322,15.864156,15.508207,15.028431,14.730134,15.029058,15.273714,4.0,0.0,0.0,0.0,0.0,0.0,0.0,0.0
5247,2023.0,2.0,6.0,10.0,15.327058,15.162686,19.833008,22.44367,15.95599,15.5115795,15.010812,14.827938,15.016963,14.862593,15.025263,15.223397,15.8118725,15.468796,16.402771,16.079916,15.026737,15.338528,0.0,0.0,4.0,0.0,0.0,0.0,0.0,0.0
5248,2023.0,2.0,6.0,10.0,15.050765,14.938668,17.021357,16.664413,14.999841,14.86614,15.002847,14.875751,15.019806,14.990773,15.024326,15.248894,15.767618,15.437565,15.144806,14.907619,15.0270195,15.387457,0.0,0.0,4.0,0.0,0.0,0.0,0.0,0.0
5249,2023.0,2.0,6.0,10.0,15.008012,14.971713,16.187216,16.212046,15.508631,15.898645,15.037906,15.031099,15.020575,15.079647,15.004219,15.220015,15.72916,15.411212,15.020024,14.900632,15.027085,15.4228115,4.0,4.0,0.0,0.0,4.0,0.0,0.0,0.0
5250,2023.0,2.0,6.0,11.0,15.7388525,16.13555,20.062323,23.139322,15.385543,15.225697,15.855896,16.304148,15.020255,15.141816,19.375458,22.406631,15.697838,15.392491,15.68461,15.904964,15.027213,15.4488735,0.0,0.0,0.0,0.0,0.0,0.0,0.0,0.0
5251,2023.0,2.0,6.0,11.0,15.027364,15.026862,17.663965,18.061314,15.020549,14.943354,14.973395,14.864398,15.020121,15.187041,16.915024,17.315247,16.492481,16.930569,14.986418,14.835787,15.0268,15.467395,0.0,0.0,0.0,0.0,0.0,4.0,0.0,0.0
5252,2023.0,2.0,6.0,11.0,15.015317,15.080649,15.949267,15.720291,15.029863,15.011098,15.020808,15.052455,15.020229,15.2207155,15.150921,14.915823,16.04209,15.81254,15.016365,14.955327,15.026623,15.481575,0.0,0.0,0.0,0.0,0.0,0.0,0.0,0.0
5253,2023.0,2.0,6.0,11.0,15.009903,15.131392,15.484857,15.177536,15.012044,15.051092,15.014795,15.111208,15.020703,15.24871,15.024719,14.963916,16.235706,16.329105,15.011934,14.993609,15.026662,15.492392,0.0,0.0,0.0,0.0,0.0,4.0,0.0,0.0
5254,2023.0,2.0,6.0,11.0,15.010513,15.182682,15.233198,14.941357,15.456865,15.932562,15.01582,15.170114,15.020281,15.268639,15.087151,15.183092,15.607406,15.0155325,15.0118685,15.029778,15.025979,15.499371,0.0,4.0,0.0,0.0,4.0,0.0,0.0,0.0
5255,2023.0,2.0,6.0,11.0,15.570443,16.266703,15.029874,14.753856,14.97384,15.010396,15.016247,15.2163925,15.020073,15.28393,19.73555,22.84086,15.276995,14.63254,15.011866,15.057409,15.025862,15.505197,0.0,0.0,0.0,0.0,0.0,0.0,0.0,0.0
5256,2023.0,2.0,6.0,12.0,15.017399,15.221597,15.012217,14.873505,15.036851,15.169691,15.016196,15.250588,15.019723,15.295353,17.24294,17.69845,15.184981,14.553177,15.011989,15.079501,15.025583,15.509184,0.0,0.0,0.0,0.0,0.0,0.0,0.0,0.0
5257,2023.0,2.0,6.0,12.0,20.34552,24.512373,15.0124655,14.975633,20.27739,24.29496,20.03853,23.972065,15.020141,15.3062315,15.430892,15.224665,20.157402,23.187592,20.635952,24.615667,15.025602,15.511654,0.0,4.0,0.0,0.0,0.0,0.0,0.0,0.0
5258,2023.0,2.0,6.0,12.0,20.127245,23.527561,15.013625,15.057509,20.176746,23.52397,20.74243,24.627672,15.019505,15.3104925,15.005275,14.767261,20.536673,23.548471,21.095942,25.009613,15.024419,15.50514,0.0,0.0,0.0,0.0,0.0,0.0,0.0,0.0
5259,2023.0,2.0,6.0,12.0,21.059383,24.719263,15.014653,15.1235895,20.576288,23.80774,21.14734,24.895853,15.018935,15.309741,15.021948,14.934332,21.126936,24.175482,21.628796,25.439903,15.023747,15.494727,0.0,0.0,0.0,0.0,0.0,4.0,0.0,0.0
5260,2023.0,2.0,6.0,12.0,20.887392,24.085054,15.015247,15.1773,21.167665,24.56947,21.106432,24.479996,15.018373,15.305146,15.015008,15.014383,20.714268,23.088388,22.821247,27.107506,15.023082,15.482457,0.0,0.0,0.0,0.0,0.0,0.0,4.0,0.0
5261,2023.0,2.0,6.0,12.0,21.12188,24.269072,15.015734,15.221998,21.0987,24.183126,21.109882,24.255066,15.018044,15.299739,15.015935,15.081936,20.988716,23.351734,22.027603,25.337635,15.022527,15.47047,0.0,0.0,0.0,0.0,0.0,0.0,0.0,0.0
5262,2023.0,2.0,6.0,13.0,21.129938,24.076138,15.016229,15.260016,21.103441,24.016556,21.105238,24.078972,15.017589,15.294156,15.016203,15.129603,21.186674,23.483063,22.238396,25.467897,15.022057,15.459432,0.0,0.0,0.0,0.0,0.0,0.0,0.0,0.0
5263,2023.0,2.0,6.0,13.0,21.089788,23.90159,15.1042595,15.437154,21.09642,23.873795,21.099424,23.944544,15.016468,15.292185,15.01697,15.16376,21.053158,23.094772,22.686792,26.03639,15.021577,15.449622,4.0,0.0,0.0,0.0,0.0,0.0,0.0,0.0
5264,2023.0,2.0,6.0,13.0,21.099133,23.842617,19.586622,23.105677,21.100048,23.780958,21.10308,23.856436,15.016752,15.290882,15.016142,15.187252,21.077913,23.047983,20.905817,22.7415,15.021608,15.441799,0.0,0.0,0.0,0.0,0.0,0.0,0.0,0.0
5265,2023.0,2.0,6.0,13.0,21.071259,23.707222,17.13369,17.732067,21.09718,23.697119,21.100311,23.77638,15.0159645,15.286558,15.01482,15.197437,21.072266,22.960232,21.110954,23.205048,15.021034,15.433901,0.0,0.0,0.0,0.0,0.0,0.0,0.0,0.0
5266,2023.0,2.0,6.0,13.0,21.099205,23.736683,15.276815,15.182825,21.094751,23.629501,21.097954,23.711843,15.015875,15.284083,15.015493,15.20751,21.070356,22.894552,21.043427,23.065817,15.0204,15.429,0.0,0.0,0.0,0.0,0.0,0.0,4.0,0.0
5267,2023.0,2.0,6.0,13.0,21.085775,23.60567,14.99843,14.92845,21.090878,23.570871,21.094013,23.655697,15.015427,15.282495,15.015328,15.215732,21.067036,22.837543,21.111773,23.203085,15.019322,15.423934,0.0,0.0,0.0,0.0,0.0,0.0,0.0,0.0
5268,2023.0,2.0,6.0,14.0,21.181587,23.725653,15.016937,15.110509,21.150078,23.610779,21.195707,23.80641,15.031542,15.313191,15.029295,15.251262,21.141071,22.934118,21.19752,23.329834,15.03917,15.459202,0.0,4.0,0.0,0.0,0.0,0.0,0.0,0.0
5269,2023.0,2.0,6.0,14.0,18.949596,19.371641,15.01331,15.1755495,18.89222,19.197367,18.74668,19.036047,15.01277,15.276048,15.013017,15.224973,19.944572,20.54937,18.676802,18.433046,15.016033,15.41113,0.0,4.0,0.0,0.0,0.0,4.0,0.0,0.0
5270,2023.0,2.0,6.0,14.0,17.230469,16.937042,15.015413,15.244474,17.740625,17.819399,17.278309,17.167315,15.016031,15.2863,15.015708,15.2389765,19.047037,19.193598,17.632889,17.390623,15.020306,15.421476,0.0,4.0,0.0,0.0,0.0,4.0,0.0,0.0
5271,2023.0,2.0,6.0,14.0,16.570702,16.211693,15.015763,15.293923,17.393139,17.486954,16.760618,16.606775,15.015885,15.292236,15.015559,15.247945,18.00268,17.472433,17.269146,17.041769,15.446121,16.208046,0.0,4.0,0.0,0.0,0.0,0.0,0.0,4.0
5272,2023.0,2.0,6.0,14.0,16.21725,15.880702,15.09981,15.46802,17.158558,17.28359,16.41637,16.26687,15.016293,15.300989,15.015875,15.258387,18.256945,18.362137,16.963339,16.749142,19.374802,22.82436,4.0,4.0,0.0,0.0,0.0,4.0,0.0,0.0
5273,2023.0,2.0,6.0,14.0,15.948254,15.6378145,19.472519,23.002344,16.318905,15.908342,16.137547,15.992331,15.016693,15.310481,15.039182,15.291921,17.632235,17.159513,17.78185,18.535498,16.458212,16.605078,0.0,0.0,0.0,0.0,4.0,0.0,4.0,0.0
5274,2023.0,2.0,6.0,15.0,15.98561,15.962705,17.027,17.672365,15.804443,15.310983,15.904933,15.766421,15.016617,15.31878,19.82519,23.432922,17.175817,16.636007,16.823206,16.53184,14.980984,14.881881,0.0,0.0,0.0,0.0,0.0,0.0,0.0,0.0
5275,2023.0,2.0,6.0,15.0,16.704533,17.420223,15.326878,15.347861,16.238358,16.352655,15.707282,15.5727215,15.017096,15.328876,17.297846,17.941797,16.96475,16.434912,16.148676,15.726215,15.02477,15.122792,0.0,4.0,0.0,0.0,0.0,0.0,0.0,0.0
5276,2023.0,2.0,6.0,15.0,15.961968,15.873134,14.997544,14.9857645,15.715584,15.352137,15.534425,15.403037,15.017432,15.339511,15.859687,16.113388,17.06172,16.809246,15.87607,15.452611,15.017884,15.214641,0.0,0.0,0.0,0.0,4.0,0.0,0.0,0.0
5277,2023.0,2.0,6.0,15.0,16.180214,16.607666,15.652109,16.053507,15.997024,16.155241,16.119902,16.635653,15.540764,16.04703,20.04273,23.508684,17.050888,16.84781,15.683783,15.275663,15.611626,16.123144,0.0,4.0,4.0,0.0,0.0,0.0,0.0,0.0
5278,2023.0,2.0,6.0,15.0,16.344868,16.844866,15.021989,15.1232815,15.496252,15.173213,15.725852,15.781123,15.006383,15.2553835,17.492346,18.068262,16.958866,16.769304,15.721004,15.528203,14.998782,15.214762,0.0,0.0,0.0,0.0,0.0,0.0,0.0,0.0
5279,2023.0,2.0,6.0,15.0,15.614297,15.506569,15.020871,15.204749,15.815898,16.024443,15.771056,16.05056,15.019757,15.315417,15.719626,15.625695,16.862963,16.681017,15.681797,15.526371,15.024072,15.332255,0.0,4.0,4.0,0.0,0.0,0.0,0.0,0.0
5280,2023.0,2.0,6.0,16.0,15.213987,15.015347,15.013586,15.252619,15.297434,14.981145,15.141185,14.851372,15.018922,15.342399,15.297092,15.13185,17.634184,18.233635,15.580693,15.436562,15.020621,15.381687,0.0,0.0,0.0,0.0,0.0,4.0,0.0,0.0
5281,2023.0,2.0,6.0,16.0,15.033522,14.81745,15.015739,15.303995,14.997645,14.669967,15.022749,14.866405,15.020453,15.372763,15.044293,14.871493,17.56491,17.86446,15.470874,15.327731,15.022162,15.425878,0.0,0.0,0.0,0.0,0.0,4.0,0.0,0.0
5282,2023.0,2.0,6.0,16.0,15.950827,16.681595,15.015765,15.340873,15.013288,14.794469,15.433458,15.698872,15.020011,15.393981,15.015026,14.983841,16.737295,16.364944,16.578054,17.52241,15.022268,15.459319,0.0,0.0,4.0,0.0,0.0,0.0,4.0,0.0
5283,2023.0,2.0,6.0,16.0,15.380454,15.346883,15.016785,15.368946,15.742711,16.25318,14.993921,14.899721,15.020618,15.413573,15.199152,15.435692,17.148699,17.416546,15.694235,15.475602,15.022952,15.486749,0.0,4.0,0.0,0.0,4.0,4.0,0.0,0.0
5284,2023.0,2.0,6.0,16.0,15.649237,16.115505,15.065195,15.457486,15.796625,16.13901,15.601991,15.12929,15.279218,15.887497,19.73983,23.198515,17.350445,17.646097,15.107956,14.767218,15.023529,15.50948,4.0,4.0,0.0,4.0,0.0,4.0,0.0,0.0
5285,2023.0,2.0,6.0,16.0,15.844584,16.361097,20.034384,23.985838,15.686156,15.98443,15.3597,15.637806,19.998703,24.016806,17.458467,18.24576,17.346815,17.637539,15.3040495,14.918141,15.023973,15.529115,4.0,4.0,4.0,0.0,4.0,4.0,0.0,0.0
5286,2023.0,2.0,6.0,17.0,15.852956,16.36042,20.010319,23.346468,15.655973,15.94624,15.593847,15.817653,16.643505,16.853333,19.791943,22.779316,16.57202,16.189018,15.76375,15.83213,15.024568,15.546729,4.0,4.0,0.0,0.0,0.0,0.0,0.0,0.0
5287,2023.0,2.0,6.0,17.0,15.833493,16.317774,20.133438,23.193493,15.606354,15.86772,16.067553,16.67893,14.982212,14.863201,17.153532,17.234406,16.158361,15.683167,15.312392,15.182002,15.350806,16.141918,0.0,4.0,0.0,0.0,0.0,0.0,0.0,4.0
5288,2023.0,2.0,6.0,17.0,15.023973,14.963745,17.48154,17.791666,15.54236,15.771332,15.003378,14.870194,15.026198,15.118083,15.652918,15.458355,16.789015,17.013046,15.145719,14.996076,19.52824,23.311644,4.0,4.0,0.0,0.0,0.0,4.0,0.0,0.0
5289,2023.0,2.0,6.0,17.0,15.652266,15.200672,20.18773,23.273869,15.473471,15.6690855,15.578131,16.071367,15.021221,15.214082,15.324519,15.113427,16.208118,15.745044,15.00994,14.849038,16.197124,16.284485,4.0,4.0,4.0,0.0,0.0,0.0,0.0,0.0
5290,2023.0,2.0,6.0,17.0,15.622546,15.182606,20.071432,22.730656,15.40081,15.562859,15.170403,15.161515,15.022665,15.2937355,15.04566,14.824749,16.636618,16.83661,15.263493,15.052411,15.025695,15.12401,0.0,4.0,0.0,0.0,0.0,4.0,0.0,0.0
5291,2023.0,2.0,6.0,17.0,15.377204,15.716498,17.279222,17.174866,15.325473,15.4536295,15.110981,15.22883,15.023532,15.348004,15.208359,15.330008,16.018003,15.495027,14.991464,14.871241,15.0250225,15.273516,0.0,4.0,4.0,0.0,4.0,0.0,0.0,0.0
5292,2023.0,2.0,6.0,18.0,15.450527,15.782749,16.439848,16.576323,15.247106,15.3408375,15.113498,15.227882,15.024722,15.388172,19.841345,23.044369,15.603891,15.002573,15.014576,14.98106,15.026104,15.372113,4.0,4.0,4.0,0.0,0.0,0.0,0.0,0.0
5293,2023.0,2.0,6.0,18.0,20.340298,24.243107,20.193243,23.365793,19.674364,23.12394,19.563469,23.048105,15.025972,15.417581,17.156193,17.54713,19.741964,22.225864,20.654617,24.567818,15.027036,15.438807,0.0,0.0,0.0,0.0,0.0,0.0,0.0,0.0
5294,2023.0,2.0,6.0,18.0,20.660923,24.272892,17.978245,18.64375,20.552074,24.105028,19.978971,23.257208,15.02527,15.431357,15.415324,15.208028,20.554722,23.45614,21.0434,24.866693,15.343516,16.046638,4.0,4.0,0.0,0.0,0.0,0.0,0.0,4.0
5295,2023.0,2.0,6.0,18.0,21.142572,24.684605,20.215912,23.069777,21.059942,24.518398,20.388811,23.55237,15.025834,15.439329,14.99691,14.777572,20.973185,23.827301,21.416697,25.019453,19.264906,22.789463,4.0,4.0,0.0,0.0,0.0,0.0,0.0,0.0
5296,2023.0,2.0,6.0,18.0,21.446714,24.842237,20.057158,22.491583,21.41065,24.729534,21.46311,25.112246,15.025761,15.440543,15.024514,14.985426,21.325018,24.128725,21.918882,25.514416,16.560892,16.9679,4.0,4.0,0.0,0.0,0.0,0.0,0.0,4.0
5297,2023.0,2.0,6.0,18.0,21.833015,25.263893,20.128975,22.462814,21.380142,24.430061,21.913061,25.59746,15.025926,15.438753,15.019934,15.071313,21.65584,24.46244,22.501383,26.270351,20.366995,24.25155,0.0,0.0,0.0,0.0,0.0,0.0,0.0,4.0
5298,2023.0,2.0,6.0,19.0,21.019978,23.598589,17.339098,16.984041,21.084547,23.673767,21.009434,23.739265,15.025887,15.435373,15.021245,15.139272,21.760511,24.371286,22.510466,25.904926,20.06847,23.257391,0.0,4.0,0.0,0.0,0.0,0.0,0.0,0.0
5299,2023.0,2.0,6.0,19.0,21.114195,23.693127,16.611605,16.642378,21.1109,23.601439,21.118103,23.853237,15.026397,15.434803,15.02224,15.190157,20.960169,22.775953,21.931807,24.824514,16.633728,16.342123,4.0,4.0,0.0,0.0,0.0,4.0,0.0,0.0
5300,2023.0,2.0,6.0,19.0,21.557129,24.38569,20.228197,23.20395,21.540104,24.119478,21.461338,24.227554,15.026268,15.437182,15.002673,15.179058,22.020866,24.5851,21.841383,24.25195,14.983801,14.447895,0.0,4.0,0.0,0.0,4.0,4.0,0.0,0.0
5301,2023.0,2.0,6.0,19.0,21.028494,23.324465,18.039892,18.585701,20.98075,23.081594,20.978891,23.337416,15.0259695,15.438494,19.745525,23.063595,20.973124,22.540394,21.057928,23.093582,15.044505,14.828568,4.0,4.0,0.0,0.0,0.0,4.0,4.0,0.0
5302,2023.0,2.0,6.0,19.0,21.799438,24.464968,20.164669,22.820509,21.816021,24.344322,21.846834,24.65876,15.125318,15.5991,16.995676,17.390076,21.388325,23.228542,21.75215,24.264885,15.841322,16.551174,0.0,4.0,0.0,4.0,0.0,0.0,4.0,4.0
5303,2023.0,2.0,6.0,19.0,20.919233,22.909994,17.369665,17.120443,20.924597,22.771921,20.921713,23.02717,19.985466,23.750313,15.188177,14.952193,21.033083,22.560257,20.961113,22.770744,19.82563,23.291431,0.0,4.0,0.0,0.0,0.0,0.0,0.0,0.0
5304,2023.0,2.0,6.0,20.0,21.143263,23.381247,16.483053,16.516636,21.147022,23.242418,21.099062,23.380152,16.258062,16.091969,15.020793,14.939977,21.751284,23.815466,21.09179,23.021584,16.3722,16.10274,4.0,0.0,4.0,0.0,0.0,0.0,4.0,0.0
5305,2023.0,2.0,6.0,20.0,21.135344,23.334091,20.241367,23.28634,21.142162,23.202969,21.151209,23.508259,15.057518,15.034404,15.023397,15.063855,21.039803,22.516842,21.169935,23.213703,15.004511,14.716651,4.0,4.0,0.0,0.0,0.0,0.0,0.0,0.0
5306,2023.0,2.0,6.0,20.0,22.029129,24.843245,20.063969,22.551085,22.086414,24.78978,21.881918,24.659365,15.416896,15.8539505,15.023429,15.144986,22.044287,24.252392,22.607107,25.67727,15.025219,14.970248,4.0,0.0,0.0,4.0,0.0,0.0,0.0,0.0
5307,2023.0,2.0,6.0,20.0,21.97281,24.574003,20.112469,22.408045,22.287474,25.0727,22.48031,25.590702,20.207676,23.849325,15.023849,15.200852,21.668598,23.509394,22.0239,24.33388,15.639124,16.26969,4.0,0.0,4.0,4.0,0.0,4.0,4.0,4.0
5308,2023.0,2.0,6.0,20.0,22.011936,24.624905,20.121134,22.278269,22.07832,24.584442,22.344847,25.184042,19.74353,22.738949,15.024195,15.239302,21.680853,23.489105,22.344196,25.037762,19.343853,22.409134,0.0,0.0,4.0,0.0,0.0,0.0,0.0,0.0
5309,2023.0,2.0,6.0,20.0,20.988892,22.739122,17.384653,16.922283,20.957233,22.57786,20.976072,22.695148,16.398676,15.997847,15.024316,15.266717,21.041302,22.305464,21.506348,23.585403,16.02586,15.685288,0.0,4.0,0.0,0.0,0.0,0.0,0.0,0.0
5310,2023.0,2.0,6.0,21.0,21.12943,23.090767,16.75794,16.765434,21.08344,22.926052,21.113205,23.002846,14.980831,14.462981,15.025626,15.291824,21.069557,22.374317,21.126812,22.870266,15.0434065,14.901105,4.0,4.0,4.0,0.0,0.0,4.0,0.0,0.0
5311,2023.0,2.0,6.0,21.0,21.155386,23.147781,20.22549,23.028528,21.095552,22.949923,21.120396,23.065674,15.025171,14.821139,15.026085,15.311472,21.129797,22.517807,22.173687,24.845343,15.686784,16.2929,4.0,4.0,0.0,0.0,0.0,4.0,0.0,4.0
5312,2023.0,2.0,6.0,21.0,22.155664,24.86181,20.065763,22.378403,22.16425,24.775412,22.099916,24.726078,15.022072,14.988323,15.026297,15.326039,21.784721,23.665567,22.166267,24.491657,20.490885,24.2772,4.0,0.0,0.0,0.0,0.0,0.0,0.0,4.0
5313,2023.0,2.0,6.0,21.0,22.472176,25.307478,20.110298,22.261726,21.836327,24.112473,21.905584,24.210485,15.400355,15.816418,15.026453,15.335502,21.87172,23.62063,22.253437,24.660418,20.071005,23.194798,4.0,4.0,0.0,4.0,0.0,4.0,0.0,0.0
5314,2023.0,2.0,6.0,21.0,22.602802,25.414711,20.10318,22.110462,21.011492,22.577309,21.072598,22.914206,20.321629,23.962812,15.026531,15.341835,21.982319,23.904325,21.047283,22.680977,16.594635,16.184155,4.0,0.0,0.0,4.0,0.0,0.0,0.0,0.0
5315,2023.0,2.0,6.0,21.0,22.099194,24.312397,20.10234,22.011148,21.099218,22.779758,21.090593,23.013546,20.066301,23.185228,15.026802,15.346771,21.856365,23.54349,21.049404,22.730272,14.9834795,14.38709,4.0,4.0,0.0,0.0,0.0,0.0,4.0,0.0
5316,2023.0,2.0,6.0,22.0,22.067162,24.44071,20.118452,21.984734,22.413364,25.078358,22.255392,24.964985,16.6092,16.185848,15.027074,15.350688,22.191044,24.124952,22.717463,25.65965,15.538688,15.7287245,0.0,0.0,0.0,0.0,0.0,0.0,0.0,4.0
5317,2023.0,2.0,6.0,22.0,21.022402,22.685537,17.517244,16.950829,20.926153,22.340794,20.912395,22.536552,15.49524,15.247694,15.026854,15.353196,20.95899,21.90589,20.891188,22.263975,20.507755,24.109398,0.0,0.0,4.0,4.0,0.0,4.0,0.0,4.0
5318,2023.0,2.0,6.0,22.0,21.117659,22.914934,16.470766,15.987796,21.078487,22.737207,21.120892,23.040646,20.410877,23.673298,15.027902,15.360351,21.129417,22.309084,21.132637,22.795788,20.064072,23.014154,0.0,4.0,0.0,4.0,0.0,4.0,0.0,0.0
5319,2023.0,2.0,6.0,22.0,21.105005,22.909311,16.202703,15.775391,21.116346,22.840979,21.114677,23.00301,20.058989,22.81511,15.012499,15.32881,21.064053,22.22005,22.339493,24.857574,17.295498,17.369488,0.0,0.0,0.0,0.0,4.0,4.0,0.0,4.0
5320,2023.0,2.0,6.0,22.0,21.077219,22.919834,15.896376,15.47107,21.109615,22.825357,21.115618,22.981995,16.793999,16.29081,19.55991,22.87558,21.066502,22.251299,21.693846,23.641396,20.51713,23.586031,0.0,0.0,0.0,0.0,0.0,4.0,0.0,4.0
5321,2023.0,2.0,6.0,22.0,21.081293,22.968576,15.633145,15.203744,21.078745,22.818676,21.058407,22.88854,15.6012535,15.241223,16.732195,17.056606,21.096237,22.343616,20.936983,22.281607,20.071045,22.625765,0.0,0.0,4.0,0.0,0.0,0.0,0.0,0.0
5322,2023.0,2.0,6.0,23.0,21.081327,22.995766,15.40569,14.973594,21.082825,22.858524,21.091845,23.00046,15.960909,16.197908,14.978281,14.828936,21.091427,22.332676,21.099161,22.711042,16.902609,16.366812,0.0,0.0,0.0,4.0,0.0,0.0,0.0,0.0
5323,2023.0,2.0,6.0,23.0,19.118343,19.250193,15.209309,14.779148,19.604843,20.019897,18.416641,17.835318,15.424091,15.192316,15.039467,15.094871,18.870865,18.07054,19.0959,18.928633,15.368488,14.601952,0.0,4.0,0.0,0.0,0.0,0.0,0.0,0.0
5324,2023.0,2.0,6.0,23.0,17.91328,17.70337,15.035217,14.606304,18.112951,17.78244,16.809334,15.756844,15.051785,14.808098,15.010849,15.131653,18.2772,17.808453,17.99487,17.646101,15.273955,14.91959,0.0,0.0,0.0,4.0,4.0,0.0,0.0,0.0
5325,2023.0,2.0,6.0,23.0,17.430962,17.18045,15.010096,14.693245,16.851864,15.819925,16.770477,16.2308,15.043876,14.971506,15.033755,15.258161,18.108791,17.704378,18.57996,19.162392,15.118044,14.824442,0.0,0.0,0.0,0.0,0.0,0.0,4.0,0.0
5326,2023.0,2.0,6.0,23.0,17.100702,16.849297,15.011588,14.788072,16.211823,15.100965,16.662918,16.224123,15.039436,15.051195,15.029151,15.299296,17.851915,17.450384,17.20873,16.452436,15.008284,14.842212,0.0,0.0,0.0,0.0,0.0,0.0,0.0,0.0
5327,2023.0,2.0,6.0,23.0,16.81955,16.563242,15.013032,14.862909,16.397163,15.840917,16.411299,15.982351,15.021806,15.117388,15.030882,15.342126,18.38436,18.670506,16.352379,15.512279,15.434586,15.7941,0.0,0.0,0.0,0.0,0.0,4.0,0.0,4.0
5328,2023.0,2.0,7.0,0.0,16.598656,16.359062,15.190832,15.239654,16.376003,15.915153,16.186129,15.768036,15.025497,15.195714,15.031152,15.372426,17.329021,16.52623,15.993259,15.169035,14.959853,14.9478445,4.0,0.0,0.0,0.0,0.0,0.0,0.0,0.0
5329,2023.0,2.0,7.0,0.0,16.400425,16.165089,14.985021,14.894008,16.19083,15.7370205,15.971185,15.54732,15.026742,15.2505045,15.0319805,15.396719,16.631887,15.6847105,16.157799,15.801432,15.022395,15.106284,0.0,0.0,0.0,0.0,0.0,0.0,0.0,4.0
5330,2023.0,2.0,7.0,0.0,16.223166,15.993097,15.019008,15.008702,16.017153,15.573474,15.791965,15.376299,15.026923,15.291964,15.0323,15.41576,17.19127,16.991514,16.088678,15.744715,15.04644,15.224271,0.0,0.0,0.0,0.0,0.0,4.0,0.0,0.0
5331,2023.0,2.0,7.0,0.0,16.05273,15.817463,15.016395,15.0404215,15.852789,15.412377,15.6252775,15.211466,14.998149,15.252243,15.032917,15.431978,16.561132,15.695792,15.92405,15.582694,15.04063,15.244654,0.0,0.0,0.0,4.0,0.0,0.0,0.0,0.0
5332,2023.0,2.0,7.0,0.0,15.899781,15.662617,15.017528,15.073408,15.694371,15.249159,15.4664955,15.046746,15.038588,15.379012,15.033218,15.445355,16.09979,15.159834,15.755837,15.407872,15.004158,15.180655,0.0,0.0,0.0,0.0,0.0,0.0,0.0,4.0
5333,2023.0,2.0,7.0,0.0,15.754863,15.509145,15.035037,15.136042,15.550878,15.103662,15.323879,14.900936,15.054392,15.430717,15.065933,15.521372,15.887896,14.947794,15.60319,15.252209,15.0815325,15.393797,0.0,0.0,0.0,0.0,0.0,0.0,0.0,0.0
5334,2023.0,2.0,7.0,1.0,15.644361,15.414548,15.016815,15.119883,15.431692,14.996902,15.206155,14.794063,15.025263,15.38904,15.029562,15.456291,16.246609,15.838519,15.46973,15.123975,15.03441,15.296809,0.0,0.0,0.0,0.0,0.0,0.0,0.0,0.0
5335,2023.0,2.0,7.0,1.0,15.527069,15.294707,15.019807,15.147289,15.31369,14.882713,15.089788,14.68022,15.030639,15.414518,15.035468,15.478453,17.087006,17.389368,15.341848,14.9965725,15.026973,15.332785,0.0,0.0,0.0,0.0,0.0,4.0,0.0,0.0
5336,2023.0,2.0,7.0,1.0,15.42925,15.208098,15.020209,15.167193,15.202613,14.773976,14.999207,14.613038,15.031309,15.432114,15.035317,15.487183,16.07906,15.209989,15.221854,14.876641,15.029212,15.37811,0.0,0.0,0.0,0.0,0.0,0.0,0.0,0.0
5337,2023.0,2.0,7.0,1.0,15.329671,15.105601,15.041641,15.228024,15.085346,14.646415,15.007982,14.714078,15.06113,15.504359,15.070148,15.56354,15.524391,14.577891,15.09961,14.744928,15.055989,15.46506,0.0,0.0,0.0,0.0,0.0,0.0,0.0,0.0
5338,2023.0,2.0,7.0,1.0,15.241974,15.02437,15.018313,15.194522,14.997679,14.578595,15.008638,14.767068,15.027555,15.446835,15.014782,15.444524,15.909719,15.514596,14.99441,14.652674,15.026301,15.426846,0.0,0.0,0.0,0.0,4.0,0.0,0.0,0.0
5339,2023.0,2.0,7.0,1.0,15.146278,14.922582,15.042852,15.258939,15.006743,14.676189,15.015783,14.836574,15.064432,15.533056,15.072326,15.590429,15.9483385,15.524848,15.007948,14.757329,15.060567,15.51934,0.0,0.0,0.0,0.0,0.0,0.0,0.0,0.0
5340,2023.0,2.0,7.0,2.0,15.059777,14.835406,15.043215,15.264172,15.010537,14.737769,15.018335,14.881825,15.064027,15.531109,15.071614,15.575251,15.873528,15.448143,15.010819,14.808075,15.060988,15.527252,0.0,0.0,0.0,0.0,0.0,0.0,0.0,0.0
5341,2023.0,2.0,7.0,2.0,15.001894,14.800726,15.043972,15.2769985,15.01393,14.792328,15.021305,14.924728,15.064961,15.542571,15.072024,15.58098,15.806851,15.382355,15.014869,14.857965,15.001478,15.389925,0.0,0.0,0.0,0.0,0.0,0.0,0.0,4.0
5342,2023.0,2.0,7.0,2.0,15.006426,14.876315,15.044799,15.288984,15.016942,14.839607,15.0236225,14.961975,15.065124,15.551127,15.072681,15.585435,15.74258,15.31888,15.018291,14.898997,15.044476,15.478709,0.0,0.0,0.0,0.0,0.0,0.0,0.0,4.0
5343,2023.0,2.0,7.0,2.0,15.006101,14.916589,15.021267,15.257084,15.010229,14.8611555,15.012473,14.969378,15.000765,15.416838,15.032932,15.51927,15.681875,15.260947,15.876221,16.538578,15.054559,15.515933,0.0,0.0,0.0,4.0,0.0,0.0,4.0,0.0
5344,2023.0,2.0,7.0,2.0,15.008346,14.960584,15.024935,15.277009,15.012014,14.89855,15.014883,15.003303,15.041249,15.539772,15.038522,15.538833,15.619861,15.199842,14.935305,14.6438055,15.051379,15.502216,0.0,0.0,0.0,0.0,0.0,0.0,0.0,0.0
5345,2023.0,2.0,7.0,2.0,15.009255,14.998478,15.0248375,15.288532,15.013275,14.931763,15.015438,15.031365,15.033929,15.535951,15.03769,15.544634,15.557554,15.136235,15.06324,14.947436,15.050668,15.495768,0.0,0.0,0.0,0.0,0.0,0.0,0.0,0.0
5346,2023.0,2.0,7.0,3.0,15.016211,15.04658,15.049102,15.347488,15.02503,14.985841,15.031186,15.0892935,15.070392,15.615644,15.075166,15.62422,15.498616,15.07775,15.0551605,14.950635,15.062284,15.556108,0.0,0.0,0.0,0.0,0.0,0.0,0.0,0.0
5347,2023.0,2.0,7.0,3.0,15.018102,15.077138,15.049625,15.350303,15.026707,15.012276,15.032592,15.110691,15.069048,15.607796,15.04837,15.546295,15.440985,15.020068,15.020999,14.944544,15.063695,15.579701,0.0,0.0,0.0,0.0,4.0,0.0,0.0,0.0
5348,2023.0,2.0,7.0,3.0,15.020773,15.10851,15.050252,15.360244,15.028749,15.040673,15.033802,15.134225,15.070473,15.616711,15.049895,15.567622,15.383867,14.96291,15.024905,15.0028715,15.066531,15.604835,0.0,0.0,0.0,0.0,4.0,0.0,0.0,0.0
5349,2023.0,2.0,7.0,3.0,15.02228,15.135565,15.051107,15.369955,15.030274,15.066505,15.035715,15.157894,15.069928,15.620549,15.077029,15.645641,15.327678,14.90667,15.028079,15.040775,15.006966,15.467444,0.0,0.0,0.0,0.0,0.0,0.0,0.0,4.0
5350,2023.0,2.0,7.0,3.0,15.024743,15.163377,15.051815,15.379602,15.032103,15.091973,15.035337,15.174921,15.070709,15.62811,15.076747,15.637796,15.272418,14.851351,15.030617,15.073715,15.050139,15.555964,0.0,0.0,0.0,0.0,0.0,0.0,0.0,4.0
5351,2023.0,2.0,7.0,3.0,15.025691,15.186642,15.052613,15.389574,15.03349,15.115521,15.036528,15.194413,15.021789,15.5072565,15.077211,15.641186,15.218048,14.79691,15.03169,15.099892,15.108405,15.688584,0.0,0.0,0.0,4.0,0.0,0.0,0.0,0.0
5352,2023.0,2.0,7.0,4.0,15.02702,15.208796,15.053324,15.399286,15.035054,15.138596,15.0380125,15.213396,15.117995,15.711543,15.077345,15.643153,15.164516,14.7432995,15.0345125,15.129156,15.106359,15.652854,0.0,0.0,0.0,0.0,0.0,0.0,0.0,0.0
5353,2023.0,2.0,7.0,4.0,15.027799,15.229427,15.053855,15.408888,15.036153,15.160188,15.038812,15.230614,15.065059,15.521302,15.077473,15.646163,15.114892,14.696687,15.036088,15.153196,15.005853,15.454537,0.0,0.0,0.0,4.0,0.0,0.0,0.0,4.0
5354,2023.0,2.0,7.0,4.0,15.027454,15.247293,15.054498,15.418879,15.036377,15.179202,15.039845,15.247923,15.114624,15.660911,15.077424,15.649321,15.067139,14.651891,15.037761,15.176209,15.0517,15.566625,0.0,0.0,0.0,0.0,0.0,0.0,0.0,4.0
5355,2023.0,2.0,7.0,4.0,15.029063,15.268325,15.055046,15.428701,15.0376625,15.199708,15.040893,15.264671,15.112257,15.62479,15.077716,15.6535425,15.020616,14.608315,15.039268,15.197583,15.109327,15.702687,0.0,0.0,0.0,0.0,0.0,0.0,0.0,0.0
5356,2023.0,2.0,7.0,4.0,15.030717,15.28815,15.055504,15.438396,15.037697,15.21656,15.0421295,15.281555,15.066924,15.576776,15.077894,15.657587,15.002337,14.618151,15.039904,15.216283,15.10703,15.671238,0.0,0.0,0.0,0.0,0.0,0.0,0.0,0.0
5357,2023.0,2.0,7.0,4.0,15.031317,15.305392,15.055964,15.44812,15.038447,15.234496,15.04291,15.297209,15.069864,15.619762,15.077586,15.660821,15.003824,14.654963,15.042161,15.237512,15.1057625,15.663799,0.0,0.0,0.0,0.0,0.0,0.0,0.0,0.0
5358,2023.0,2.0,7.0,5.0,15.032222,15.322997,15.056482,15.457901,15.040016,15.253228,15.043868,15.313054,15.071453,15.6416445,15.077964,15.665541,15.0056925,14.683608,15.041936,15.252675,15.067129,15.62632,0.0,0.0,0.0,0.0,0.0,0.0,0.0,0.0
5359,2023.0,2.0,7.0,5.0,15.034071,15.341642,15.057512,15.468316,15.04092,15.269683,15.04459,15.327836,15.071956,15.658247,15.051755,15.599437,15.007817,14.709783,15.044435,15.273147,15.070345,15.668689,0.0,0.0,0.0,0.0,4.0,0.0,0.0,0.0
5360,2023.0,2.0,7.0,5.0,15.035133,15.357904,15.058237,15.477646,15.0422735,15.286621,15.045744,15.343055,15.074073,15.674892,15.079917,15.690671,15.008918,14.7313385,15.044693,15.287714,15.070615,15.688284,0.0,0.0,0.0,0.0,0.0,0.0,0.0,0.0
5361,2023.0,2.0,7.0,5.0,15.036592,15.374601,15.058699,15.486361,15.043485,15.3026,15.046997,15.357941,15.073879,15.684267,15.079466,15.682079,15.010286,14.751959,15.046605,15.30577,15.072441,15.7084465,0.0,0.0,0.0,0.0,0.0,0.0,0.0,0.0
5362,2023.0,2.0,7.0,5.0,15.037004,15.388697,15.05908,15.494973,15.0443,15.317406,15.047743,15.3715105,15.074826,15.694993,15.0534115,15.616033,15.01187,14.771557,15.047515,15.320931,15.073671,15.723702,0.0,0.0,0.0,0.0,4.0,0.0,0.0,0.0
5363,2023.0,2.0,7.0,5.0,15.037543,15.402955,15.060174,15.504666,15.045478,15.332587,15.049243,15.3862505,15.075499,15.703711,15.05458,15.634671,15.013367,14.789841,15.048587,15.336297,15.07459,15.736271,0.0,0.0,0.0,0.0,4.0,0.0,0.0,0.0
5364,2023.0,2.0,7.0,6.0,15.0388155,15.418231,15.060587,15.512616,15.046811,15.347589,15.050084,15.399161,15.076756,15.712883,15.081727,15.712095,15.015104,14.807777,15.049452,15.350951,15.0753975,15.747194,0.0,0.0,0.0,0.0,0.0,0.0,0.0,0.0
5365,2023.0,2.0,7.0,6.0,19.26075,22.665705,15.028166,15.462809,19.26641,22.570696,19.226109,22.547503,15.035151,15.644867,15.036261,15.6249485,19.717783,22.742245,19.606632,23.222572,15.034717,15.682714,0.0,0.0,0.0,0.0,0.0,4.0,0.0,0.0
5366,2023.0,2.0,7.0,6.0,20.302387,24.024897,15.032651,15.482555,20.38284,24.059618,20.329527,24.021158,15.039648,15.659472,15.026329,15.595236,19.841722,22.730713,20.619335,24.47957,15.003548,15.600834,0.0,0.0,0.0,0.0,4.0,0.0,0.0,4.0
5367,2023.0,2.0,7.0,6.0,20.679047,24.298183,15.032407,15.491321,20.776598,24.348833,20.713474,24.30197,15.039008,15.658575,18.758177,22.017155,19.349134,21.482046,21.028484,24.772612,20.014017,24.292479,0.0,0.0,0.0,0.0,0.0,0.0,0.0,4.0
5368,2023.0,2.0,7.0,6.0,20.894543,24.312338,15.03208,15.498034,21.003418,24.368881,20.932165,24.31416,15.009573,15.575803,16.047567,16.252075,20.134722,22.557781,21.149567,24.603382,19.778225,23.250126,0.0,0.0,0.0,4.0,0.0,4.0,0.0,4.0
5369,2023.0,2.0,7.0,6.0,21.13508,24.487625,15.032603,15.505981,21.12247,24.31925,21.134245,24.415144,19.207504,22.85754,15.063693,15.311153,19.871502,21.876692,22.453598,26.562523,20.162912,23.536753,0.0,0.0,0.0,0.0,4.0,0.0,4.0,4.0
5370,2023.0,2.0,7.0,7.0,21.114279,24.242828,15.032872,15.513325,21.116957,24.108183,21.118416,24.179201,16.585346,17.174486,19.348063,22.70289,19.922916,21.80845,21.208694,24.054577,19.981007,22.946148,0.0,0.0,0.0,4.0,4.0,0.0,0.0,0.0
5371,2023.0,2.0,7.0,7.0,21.133263,24.132284,15.249402,15.951,21.13748,24.001923,21.117155,24.025915,19.352684,22.578846,19.971209,23.441576,19.91377,21.662664,21.892637,25.065058,17.034576,17.036785,0.0,0.0,0.0,4.0,4.0,0.0,4.0,4.0
5372,2023.0,2.0,7.0,7.0,21.088375,23.911715,15.032129,15.513581,21.089987,23.776915,21.115261,23.907682,19.615057,22.665232,19.005999,21.368658,21.379528,24.158947,21.870552,24.852184,20.430208,23.55976,0.0,4.0,0.0,4.0,0.0,4.0,4.0,4.0
5373,2023.0,2.0,7.0,7.0,21.115269,23.901731,15.010553,15.456195,21.092709,23.700386,21.090212,23.750223,19.396826,21.966158,15.843424,15.142271,20.775785,22.834112,22.0583,25.002045,19.905796,22.513767,4.0,4.0,4.0,0.0,0.0,4.0,4.0,0.0
5374,2023.0,2.0,7.0,7.0,21.117382,23.750895,19.228964,22.66359,21.017595,23.452152,21.116434,23.755472,16.697174,16.543076,15.357702,15.215999,21.11522,23.304098,21.768463,24.402042,17.234673,17.193947,4.0,0.0,0.0,4.0,4.0,4.0,0.0,4.0
5375,2023.0,2.0,7.0,7.0,21.142567,23.704689,19.854185,23.367758,20.9426,23.292223,21.110472,23.687216,19.587925,22.304432,19.881062,22.979176,20.512245,22.195059,22.36585,25.402529,20.076347,22.916296,4.0,0.0,0.0,0.0,4.0,0.0,4.0,0.0
5376,2023.0,2.0,7.0,8.0,21.098381,23.55152,18.953491,21.3484,21.089525,23.427578,21.109013,23.634304,16.713362,16.57006,18.83213,21.006422,20.841305,22.690052,21.349821,23.526985,17.17192,17.14087,4.0,4.0,0.0,4.0,0.0,4.0,0.0,4.0
5377,2023.0,2.0,7.0,8.0,18.36015,18.249851,19.39446,21.815187,18.358685,18.121746,18.434265,18.459055,19.29429,21.614325,15.812812,15.071084,18.612663,18.335089,18.90276,18.831472,19.74467,22.209507,4.0,4.0,0.0,0.0,0.0,4.0,4.0,0.0
5378,2023.0,2.0,7.0,8.0,16.398525,15.519716,20.165968,22.979046,16.919556,16.370907,16.823442,16.389002,16.331316,15.768541,15.057753,14.698717,16.946503,15.942208,16.950796,16.057245,16.631943,16.082468,4.0,4.0,0.0,0.0,0.0,0.0,0.0,0.0
5379,2023.0,2.0,7.0,8.0,15.5915165,14.601358,20.11993,22.663698,16.425983,15.858535,16.19948,15.68095,15.302837,15.045914,15.029283,14.895042,16.25164,15.16778,16.02895,15.037742,14.941128,14.233993,4.0,4.0,0.0,4.0,0.0,0.0,0.0,0.0
5380,2023.0,2.0,7.0,8.0,15.92708,15.625437,20.1258,22.52649,16.114252,15.586686,15.823312,15.32571,19.39965,22.021004,15.033042,15.066296,16.70782,16.383375,15.544053,14.597973,15.03517,14.73973,0.0,4.0,0.0,0.0,0.0,4.0,0.0,0.0
5381,2023.0,2.0,7.0,8.0,15.220927,14.388338,16.940733,16.316143,15.171803,14.086927,15.499573,15.007896,16.259287,15.74732,15.032316,15.177443,16.780914,16.517912,15.144691,14.223336,15.024017,14.951298,0.0,0.0,0.0,0.0,0.0,4.0,0.0,0.0
5382,2023.0,2.0,7.0,9.0,15.028188,14.414213,15.620725,15.035954,15.048357,14.254487,15.220344,14.731135,15.023684,14.687224,15.034177,15.262617,15.8647995,14.916362,15.292982,14.879124,15.0295515,15.11675,0.0,0.0,0.0,0.0,0.0,0.0,0.0,0.0
5383,2023.0,2.0,7.0,9.0,15.028925,14.590971,15.266282,14.717545,15.031967,14.42922,14.990883,14.529879,15.037957,14.966715,15.035845,15.326247,15.342256,14.337019,15.220125,14.846896,15.03265,15.23331,0.0,0.0,0.0,0.0,0.0,0.0,0.0,0.0
5384,2023.0,2.0,7.0,9.0,15.007288,14.734617,14.994033,14.53744,15.010434,14.575274,15.020022,14.745507,15.313995,15.644099,15.03446,15.367691,15.114168,14.137332,15.034193,14.682467,15.030156,15.307936,0.0,0.0,0.0,4.0,0.0,0.0,0.0,0.0
5385,2023.0,2.0,7.0,9.0,15.00937,14.858279,15.0239105,14.81368,15.013581,14.72441,15.469599,15.700734,19.177343,22.069727,15.034844,15.402449,15.45818,15.027451,15.014529,14.800584,15.030942,15.369973,0.0,0.0,4.0,0.0,0.0,0.0,0.0,0.0
5386,2023.0,2.0,7.0,9.0,15.011417,14.962777,15.0807905,15.063319,15.485964,15.713748,15.64328,15.968205,15.88017,15.423879,15.035776,15.435533,15.530034,15.137174,15.016019,14.901495,15.031227,15.41922,4.0,4.0,4.0,0.0,0.0,0.0,0.0,0.0
5387,2023.0,2.0,7.0,9.0,15.83418,15.490379,19.780308,23.349857,15.352049,15.046735,14.981092,14.820259,15.096961,15.051618,15.035735,15.456808,16.264904,16.613922,16.167578,15.829273,15.031687,15.456898,0.0,0.0,0.0,0.0,0.0,4.0,0.0,0.0
5388,2023.0,2.0,7.0,10.0,14.992314,15.021452,17.311531,17.91252,15.033938,14.871035,15.046637,15.01614,15.018845,15.079023,15.034815,15.469241,16.044342,15.901853,14.976492,14.887423,15.032044,15.486139,4.0,0.0,0.0,0.0,0.0,4.0,0.0,0.0
5389,2023.0,2.0,7.0,10.0,15.763361,15.45443,20.037544,23.490366,15.2756815,14.983893,15.763503,16.121426,15.031761,15.2210865,15.035223,15.47983,15.9145775,15.790563,16.09645,15.772232,15.032215,15.509076,0.0,4.0,0.0,0.0,0.0,4.0,0.0,0.0
5390,2023.0,2.0,7.0,10.0,14.99502,15.112304,16.593027,16.275602,14.996944,14.799689,15.044348,15.01822,15.029563,15.29779,15.033898,15.483435,15.924058,15.815804,14.97948,14.96105,15.031996,15.526669,0.0,4.0,0.0,0.0,0.0,4.0,0.0,0.0
5391,2023.0,2.0,7.0,10.0,15.017887,15.216623,15.0277,14.567395,15.044197,14.998622,15.034753,15.097969,15.030628,15.36147,15.034415,15.489929,15.123399,14.311603,15.0274,15.111799,15.031887,15.541529,0.0,0.0,0.0,0.0,0.0,0.0,0.0,0.0
5392,2023.0,2.0,7.0,10.0,15.015899,15.262133,15.019407,14.805749,15.036564,15.0388775,15.018183,15.140873,15.030716,15.40723,15.033938,15.494149,15.669904,15.665283,15.017386,15.12909,15.031915,15.554089,0.0,0.0,0.0,0.0,0.0,4.0,0.0,0.0
5393,2023.0,2.0,7.0,10.0,15.03109,15.336807,15.026629,15.010542,15.07089,15.153622,15.036919,15.243162,15.05781,15.496374,15.066291,15.561352,15.846248,15.786612,15.033457,15.192684,15.063098,15.625873,0.0,0.0,0.0,0.0,0.0,4.0,0.0,0.0
5394,2023.0,2.0,7.0,11.0,15.015809,15.336074,15.022313,15.111356,15.011163,15.107526,15.284215,15.723296,15.02533,15.452004,15.026521,15.484057,15.862866,15.821176,15.0164,15.179066,15.025492,15.557265,0.0,0.0,4.0,0.0,0.0,4.0,0.0,0.0
5395,2023.0,2.0,7.0,11.0,15.017947,15.371843,15.024,15.208766,15.333349,15.758792,14.998382,15.191127,15.0313635,15.483819,15.033947,15.502688,15.893355,15.868869,15.020148,15.207839,15.032715,15.57975,0.0,4.0,0.0,0.0,0.0,4.0,0.0,0.0
5396,2023.0,2.0,7.0,11.0,15.018008,15.398099,15.00255,15.217986,14.952417,15.01089,15.043908,15.29662,15.030028,15.497069,15.031545,15.501395,15.926909,15.921604,15.018555,15.223575,15.030962,15.583691,4.0,4.0,0.0,0.0,0.0,4.0,0.0,0.0
5397,2023.0,2.0,7.0,11.0,15.012134,15.409277,19.341024,22.790653,15.043309,15.251062,15.013404,15.287625,15.030176,15.508549,15.031939,15.503516,15.169056,14.478972,15.012589,15.226897,15.198019,15.863305,0.0,0.0,0.0,0.0,0.0,0.0,0.0,4.0
5398,2023.0,2.0,7.0,11.0,15.018519,15.44216,16.868845,17.34605,15.003825,15.164086,15.022736,15.343746,15.029717,15.5158825,15.030398,15.499567,15.021795,14.472718,15.019359,15.254547,19.184256,22.73537,0.0,4.0,0.0,0.0,0.0,0.0,0.0,0.0
5399,2023.0,2.0,7.0,11.0,15.018759,15.461156,15.389643,15.580734,15.043542,15.297498,15.022205,15.371793,15.029354,15.521484,15.030373,15.497998,15.010683,14.511422,15.019275,15.266451,15.754192,15.540137,4.0,0.0,0.0,0.0,0.0,0.0,0.0,0.0
5400,2023.0,2.0,7.0,12.0,15.557927,16.202549,19.930817,23.655842,15.456514,15.807609,15.547706,16.085136,15.029325,15.526029,15.03002,15.495511,15.491978,15.234216,15.638483,16.130281,15.1003065,15.331746,0.0,0.0,0.0,0.0,0.0,0.0,0.0,0.0
5401,2023.0,2.0,7.0,12.0,19.900229,23.789227,17.141182,17.633734,19.26814,22.490816,19.931164,23.739681,15.02889,15.527129,15.02858,15.488872,20.63864,24.07479,21.351545,26.120287,15.018524,15.301997,0.0,0.0,0.0,0.0,0.0,4.0,4.0,0.0
5402,2023.0,2.0,7.0,12.0,20.672726,24.643566,15.222458,15.070277,21.18765,25.395908,20.77271,24.719046,15.027745,15.521534,15.028324,15.4826765,19.882347,22.444403,20.583885,24.097868,15.0272255,15.392133,0.0,4.0,0.0,0.0,0.0,0.0,0.0,0.0
5403,2023.0,2.0,7.0,12.0,21.073568,24.911798,15.014837,14.986497,21.067848,24.701315,21.127213,24.90237,15.026821,15.51299,15.027406,15.475308,20.1066,22.496641,21.00469,24.418915,15.026539,15.433147,0.0,4.0,0.0,0.0,0.0,0.0,0.0,0.0
5404,2023.0,2.0,7.0,12.0,21.0987,24.63336,15.023522,15.1498,21.12196,24.437733,21.097635,24.528694,15.025366,15.5020485,15.026338,15.468026,20.485344,22.90519,21.470673,24.903133,15.025225,15.455897,0.0,4.0,0.0,0.0,0.0,0.0,0.0,0.0
5405,2023.0,2.0,7.0,12.0,21.114784,24.434937,15.020165,15.247206,21.12041,24.181128,21.096294,24.28475,15.02582,15.494612,15.026557,15.463403,22.03438,25.391066,21.920301,25.435171,15.025235,15.470034,0.0,4.0,4.0,0.0,0.0,4.0,0.0,0.0
5406,2023.0,2.0,7.0,13.0,21.108557,24.25735,15.021682,15.326899,21.137278,24.049416,21.115955,24.185568,15.025591,15.486575,15.025795,15.4575405,21.711676,24.483683,22.73232,26.587902,15.024627,15.476705,0.0,0.0,0.0,0.0,0.0,4.0,0.0,0.0
5407,2023.0,2.0,7.0,13.0,21.104134,24.12605,15.000302,15.3195915,21.126345,23.886974,21.13412,24.047314,15.024406,15.477609,15.025276,15.452595,21.393845,23.723408,23.044855,26.870275,15.024358,15.480142,4.0,0.0,0.0,0.0,0.0,0.0,0.0,0.0
5408,2023.0,2.0,7.0,13.0,21.080723,23.966091,19.420948,22.926594,21.104195,23.714676,21.130554,23.911215,15.024658,15.4719095,15.025307,15.448204,21.044607,22.95374,21.89402,24.500277,15.024376,15.481978,0.0,4.0,0.0,0.0,0.0,4.0,0.0,0.0
5409,2023.0,2.0,7.0,13.0,21.107746,23.969261,16.916517,17.483583,21.105942,23.639269,21.101671,23.809235,15.023741,15.46325,15.023132,15.436603,21.242613,23.283213,22.06924,24.73798,15.023955,15.481449,0.0,4.0,0.0,0.0,0.0,0.0,0.0,0.0
5410,2023.0,2.0,7.0,13.0,21.123566,23.892069,15.0025,14.941452,21.125746,23.635904,21.102827,23.769728,15.022547,15.458063,15.023051,15.430076,21.717241,24.048025,21.0731,23.2008,15.023382,15.480256,0.0,0.0,0.0,0.0,0.0,0.0,0.0,0.0
5411,2023.0,2.0,7.0,13.0,21.115314,23.79479,15.031911,15.170518,21.115808,23.561642,21.098398,23.725054,15.02223,15.455205,15.022372,15.425957,21.889679,24.22708,21.09024,23.264046,15.023079,15.47933,0.0,0.0,0.0,0.0,0.0,0.0,0.0,0.0
5412,2023.0,2.0,7.0,14.0,21.09514,23.734974,15.01804,15.25897,21.094181,23.452856,21.100157,23.695213,15.219998,15.800756,15.002372,15.370212,20.979893,22.535225,21.706863,24.149757,15.022736,15.480539,0.0,4.0,0.0,4.0,4.0,0.0,0.0,0.0
5413,2023.0,2.0,7.0,14.0,18.656807,19.028803,15.020552,15.344304,18.818712,19.061901,18.605455,18.873945,19.898174,23.614918,19.447948,22.895367,19.237385,19.243816,19.518185,19.75129,15.022517,15.481175,0.0,4.0,0.0,0.0,0.0,0.0,0.0,0.0
5414,2023.0,2.0,7.0,14.0,17.994514,18.657925,15.015773,15.365994,17.6364,17.655937,17.11861,16.990759,16.618378,16.771078,17.2677,18.088947,19.046934,19.490526,17.837454,17.637362,15.022853,15.485545,4.0,4.0,0.0,0.0,4.0,4.0,0.0,0.0
5415,2023.0,2.0,7.0,14.0,17.180815,17.306774,19.428486,22.963894,16.60264,16.075563,16.574465,16.394165,15.559869,15.622613,20.036085,23.461432,18.661207,18.79411,17.255396,17.016846,15.798779,15.71542,0.0,0.0,0.0,0.0,0.0,4.0,0.0,0.0
5416,2023.0,2.0,7.0,14.0,16.241722,15.927204,17.043537,17.753252,16.657246,16.63816,16.920067,17.35712,15.19319,15.131186,17.497866,18.050993,17.631659,17.09934,16.873142,16.638968,15.017147,15.477283,0.0,4.0,4.0,0.0,0.0,0.0,0.0,0.0
5417,2023.0,2.0,7.0,14.0,16.517323,16.814545,15.208421,15.202456,16.662315,16.747326,16.310362,16.248055,15.018858,15.091044,15.648075,15.480153,17.08446,16.470894,16.56405,16.336119,15.0246725,15.502994,0.0,4.0,0.0,0.0,0.0,0.0,0.0,0.0
5418,2023.0,2.0,7.0,15.0,15.83659,15.562825,15.014695,15.121034,16.510336,16.623266,15.490922,15.008342,15.020116,15.197209,15.180343,14.944099,16.823027,16.22258,16.308098,16.091139,15.024046,15.512524,0.0,4.0,0.0,0.0,0.0,0.0,0.0,0.0
5419,2023.0,2.0,7.0,15.0,15.373394,15.036219,15.145554,15.471252,15.683798,15.220287,15.09216,14.568993,15.020229,15.273745,15.000759,14.845148,16.619066,16.034763,16.087246,15.879196,15.02452,15.524265,4.0,0.0,0.0,0.0,0.0,0.0,0.0,0.0
5420,2023.0,2.0,7.0,15.0,15.144391,14.8174515,19.8571,23.720905,15.911739,15.979674,15.140645,14.908859,15.020611,15.331388,15.020051,15.018307,17.586546,18.07067,15.8965,15.699141,15.024666,15.535145,4.0,4.0,0.0,0.0,0.0,4.0,0.0,0.0
5421,2023.0,2.0,7.0,15.0,15.245443,15.213472,19.956532,23.33776,16.034498,16.19919,15.102649,14.935678,15.021471,15.371933,15.017606,15.110988,17.608927,17.842995,15.724196,15.532179,15.025052,15.545946,4.0,4.0,0.0,0.0,0.0,4.0,0.0,0.0
5422,2023.0,2.0,7.0,15.0,16.028292,16.754139,20.131245,23.260077,15.968549,16.149399,16.010096,16.485897,15.021886,15.400524,15.018208,15.182064,17.502016,17.72972,16.71047,17.536175,15.025273,15.555893,0.0,4.0,0.0,0.0,0.0,4.0,4.0,0.0
5423,2023.0,2.0,7.0,15.0,15.996935,16.490736,17.123623,17.192406,15.900915,16.093622,15.241456,15.181385,15.022036,15.425398,15.017988,15.233577,17.469511,17.700584,15.792641,15.502608,15.025344,15.565238,0.0,4.0,0.0,0.0,0.0,4.0,0.0,0.0
5424,2023.0,2.0,7.0,16.0,15.866019,16.329643,15.362475,14.879717,15.138265,14.732459,14.997891,14.916066,15.022612,15.445093,15.010748,15.244963,17.437824,17.673193,15.177963,14.757995,15.0255,15.574568,0.0,0.0,0.0,0.0,4.0,4.0,0.0,0.0
5425,2023.0,2.0,7.0,16.0,15.131219,14.993469,15.167461,14.941798,15.024549,14.78658,15.011606,15.035915,15.023,15.462393,19.553202,22.72779,16.638687,16.205273,14.996452,14.611491,15.025826,15.584197,0.0,0.0,0.0,0.0,0.0,0.0,0.0,0.0
5426,2023.0,2.0,7.0,16.0,15.024588,15.041174,15.511295,15.763535,15.016002,14.863739,15.010642,15.102263,15.023725,15.479593,17.140343,17.733614,16.203388,15.680116,15.014831,14.750771,15.026286,15.594137,4.0,0.0,0.0,0.0,0.0,0.0,0.0,0.0
5427,2023.0,2.0,7.0,16.0,15.575519,15.200713,19.989597,23.661911,15.343672,15.53158,15.812388,15.593359,15.02414,15.495192,15.311047,15.207898,16.881971,17.120623,15.024561,14.86019,15.026539,15.603753,0.0,4.0,0.0,0.0,0.0,4.0,0.0,0.0
5428,2023.0,2.0,7.0,16.0,15.43201,15.881916,17.388397,18.025162,15.459918,15.69972,15.574792,16.153896,15.024299,15.508926,15.001871,14.943136,17.10718,17.367985,15.00339,14.89796,15.026757,15.613442,0.0,4.0,4.0,0.0,0.0,4.0,0.0,0.0
5429,2023.0,2.0,7.0,16.0,15.562061,16.044487,15.570837,15.550154,15.447222,15.692759,15.703761,16.31229,15.024643,15.522048,15.022219,15.114983,16.3095,15.870609,15.0085335,14.970446,15.027301,15.622974,0.0,4.0,4.0,0.0,0.0,0.0,0.0,0.0
5430,2023.0,2.0,7.0,17.0,15.557553,16.037334,15.114591,14.978352,15.424218,15.673001,15.389766,15.67063,15.187811,15.809572,15.021467,15.211834,15.927251,15.429886,15.010096,15.022972,15.027405,15.631923,0.0,4.0,4.0,4.0,0.0,0.0,0.0,0.0
5431,2023.0,2.0,7.0,17.0,15.532823,15.99833,15.338448,15.599559,14.989151,14.962086,14.992342,15.096729,19.025743,22.342522,15.022232,15.282541,15.770394,15.266824,15.926507,16.791058,15.028121,15.641931,4.0,0.0,0.0,0.0,0.0,0.0,4.0,0.0
5432,2023.0,2.0,7.0,17.0,15.508357,15.964487,20.134195,24.030449,15.185416,15.369797,15.0997505,15.323555,16.16294,16.248417,15.023364,15.342135,15.632015,15.121682,15.360838,15.029877,15.028715,15.651739,4.0,4.0,4.0,0.0,0.0,0.0,0.0,0.0
5433,2023.0,2.0,7.0,17.0,15.472454,15.912228,20.050581,23.279198,15.234856,15.438062,16.13619,17.069145,15.037761,15.145119,15.02393,15.381943,16.677488,17.240215,16.023066,15.611168,15.246279,16.031336,4.0,4.0,0.0,0.0,0.0,4.0,0.0,4.0
5434,2023.0,2.0,7.0,17.0,15.943837,16.654028,20.134415,23.079494,15.193094,15.379957,15.633006,15.4261055,15.023572,15.252536,15.024595,15.407695,16.7018,16.94209,16.07702,16.701204,19.36144,23.120852,0.0,4.0,0.0,0.0,0.0,4.0,0.0,0.0
5435,2023.0,2.0,7.0,17.0,15.56549,15.972772,17.124002,17.040094,15.011323,15.118226,15.038035,15.066634,15.025487,15.350646,15.024885,15.424126,15.808196,15.312228,14.984594,14.84729,15.93607,15.918151,0.0,0.0,0.0,0.0,0.0,0.0,0.0,0.0
5436,2023.0,2.0,7.0,18.0,15.467265,15.848094,15.762418,15.526556,15.054772,15.197477,15.012166,15.119582,15.221023,15.754986,15.026425,15.441492,16.25067,16.433922,15.878888,16.649689,15.219745,15.661841,0.0,4.0,0.0,4.0,0.0,4.0,4.0,4.0
5437,2023.0,2.0,7.0,18.0,19.944414,23.603813,15.438735,15.209878,19.169783,22.403631,20.533792,24.772911,18.911377,22.097292,15.027253,15.457029,19.164228,21.37584,20.72467,24.77422,19.169188,22.497288,0.0,0.0,4.0,0.0,0.0,0.0,4.0,0.0
5438,2023.0,2.0,7.0,18.0,20.660934,24.339943,15.619496,15.787967,20.453999,24.083921,20.778816,24.61422,15.94228,15.846013,15.0076065,15.412403,19.887936,22.32328,20.691349,24.169666,16.001474,15.892214,4.0,4.0,0.0,0.0,4.0,0.0,0.0,0.0
5439,2023.0,2.0,7.0,18.0,21.066404,24.666227,20.165766,23.84789,20.46976,23.709171,20.529388,23.762579,15.187402,15.339378,19.277601,22.791197,20.853619,23.70634,21.05079,24.446291,15.051562,15.14454,4.0,0.0,0.0,4.0,0.0,4.0,0.0,0.0
5440,2023.0,2.0,7.0,18.0,21.134752,24.440426,20.014389,23.019848,21.02767,24.310093,20.566984,23.525541,19.277533,22.316738,16.609322,17.03227,20.404406,22.615765,21.138641,24.267942,15.023469,15.243713,4.0,4.0,0.0,0.0,0.0,0.0,0.0,0.0
5441,2023.0,2.0,7.0,18.0,20.990908,23.95762,20.127499,22.886274,20.912754,23.831135,22.021465,25.818295,16.13263,15.957025,14.981458,14.956473,20.573425,22.704796,21.430994,24.510572,15.026841,15.351544,4.0,0.0,4.0,0.0,0.0,0.0,0.0,0.0
5442,2023.0,2.0,7.0,19.0,21.82843,25.211575,20.1073,22.610643,21.73896,25.028957,22.514977,26.395226,15.039468,14.9477825,15.0357275,15.185161,20.884422,23.085762,22.488407,26.17166,15.397804,16.086329,4.0,4.0,4.0,0.0,0.0,0.0,0.0,4.0
5443,2023.0,2.0,7.0,19.0,22.099592,25.47411,20.124842,22.494194,22.048822,25.33517,21.736122,24.784454,15.022137,15.08729,15.003679,15.192008,21.7538,24.495945,22.846994,26.552301,19.277052,22.724522,0.0,4.0,0.0,0.0,4.0,0.0,0.0,0.0
5444,2023.0,2.0,7.0,19.0,21.004519,23.390844,17.310732,16.981037,20.992668,23.278187,21.072733,23.485794,15.024444,15.202404,19.7346,23.082733,21.743504,24.206453,21.940548,24.815004,15.971215,15.790032,0.0,4.0,0.0,0.0,0.0,4.0,0.0,0.0
5445,2023.0,2.0,7.0,19.0,21.11202,23.556442,16.56367,16.609316,21.120352,23.483814,21.134718,23.567238,15.024935,15.279509,16.959671,17.385447,20.966726,22.672365,22.0855,24.894205,15.063622,15.152745,4.0,4.0,0.0,0.0,0.0,4.0,4.0,0.0
5446,2023.0,2.0,7.0,19.0,21.756681,24.610643,20.225462,23.25336,21.159168,23.532972,21.152937,23.59859,15.02551,15.334338,15.014975,14.852013,22.198479,24.81284,21.164696,23.270998,15.020412,15.213501,0.0,0.0,4.0,0.0,0.0,4.0,0.0,0.0
5447,2023.0,2.0,7.0,19.0,21.007734,23.215612,18.004747,18.567593,21.121922,23.407085,21.105032,23.52086,15.025842,15.372906,15.039055,15.076945,21.557474,23.499796,21.115412,23.187647,15.455754,16.12052,4.0,0.0,0.0,0.0,0.0,0.0,0.0,4.0
5448,2023.0,2.0,7.0,20.0,21.832417,24.458612,20.147385,22.86089,21.788279,24.309118,21.507427,24.056026,15.167355,15.646093,15.023705,15.160096,21.376673,23.069187,22.123228,24.99697,20.318731,24.42846,0.0,4.0,0.0,4.0,0.0,0.0,4.0,4.0
5449,2023.0,2.0,7.0,20.0,20.916716,22.866581,17.272537,16.998674,20.926846,22.791578,21.001026,23.101461,20.48528,24.599606,15.026004,15.240484,21.026096,22.47686,20.968807,22.759691,20.069471,23.445478,0.0,4.0,4.0,4.0,0.0,0.0,0.0,0.0
5450,2023.0,2.0,7.0,20.0,21.14415,23.363165,16.369438,16.402742,21.122036,23.191166,21.115858,23.310944,19.9596,23.267744,15.026875,15.296354,22.048977,24.281242,21.129368,23.11038,17.135778,17.399504,4.0,4.0,4.0,0.0,0.0,0.0,0.0,4.0
5451,2023.0,2.0,7.0,20.0,21.323,23.66102,20.24369,23.373657,21.161999,23.287613,21.162054,23.401392,16.97388,17.111261,15.027599,15.337582,21.461199,23.24298,22.194109,24.927177,20.293785,23.499838,4.0,0.0,0.0,4.0,0.0,4.0,0.0,0.0
5452,2023.0,2.0,7.0,20.0,22.329586,25.328587,20.064182,22.622173,21.907574,24.513222,22.231615,25.13618,20.4579,23.710398,15.027861,15.366297,21.589224,23.477472,21.89371,24.199923,16.74158,16.425137,4.0,0.0,4.0,4.0,0.0,0.0,0.0,0.0
5453,2023.0,2.0,7.0,20.0,22.172579,24.961887,20.13058,22.519602,22.252666,24.920029,22.193445,24.866592,20.067911,22.832947,15.027959,15.384826,21.72305,23.662962,22.391542,25.2152,14.987296,14.421327,0.0,4.0,4.0,0.0,0.0,0.0,0.0,0.0
5454,2023.0,2.0,7.0,21.0,20.965239,22.735348,17.571259,17.422636,20.9278,22.533611,20.948109,22.664398,17.391502,17.43638,15.007501,15.3467865,21.002047,22.29625,21.129257,22.91425,15.03157,14.806842,4.0,4.0,0.0,4.0,4.0,4.0,4.0,0.0
5455,2023.0,2.0,7.0,21.0,22.048218,24.540478,20.143755,22.70393,21.90884,24.13646,21.716484,24.004673,20.497057,23.423843,19.885857,23.468191,21.836199,23.689173,22.279516,24.855759,15.019839,14.988747,0.0,4.0,0.0,4.0,4.0,4.0,4.0,0.0
5456,2023.0,2.0,7.0,21.0,22.028164,24.407106,17.607773,17.472464,22.05958,24.574959,21.866814,24.209143,21.187984,24.458096,20.077244,23.509829,21.560379,23.177114,22.300161,24.754314,15.60412,16.225592,4.0,4.0,0.0,4.0,4.0,0.0,0.0,4.0
5457,2023.0,2.0,7.0,21.0,21.672113,23.674587,20.154284,22.731829,21.606306,23.715328,21.401346,23.363663,19.961687,22.020407,19.643007,22.353485,21.426008,22.911179,21.71321,23.666937,19.316309,22.393095,4.0,4.0,4.0,4.0,0.0,0.0,4.0,0.0
5458,2023.0,2.0,7.0,21.0,21.899431,24.118168,20.057331,22.266455,21.96016,24.252161,21.796452,24.162369,20.143652,22.323215,16.441824,15.957731,21.525074,23.078253,22.2927,24.613781,15.977959,15.629954,4.0,4.0,0.0,0.0,0.0,0.0,0.0,0.0
5459,2023.0,2.0,7.0,21.0,22.390865,24.985737,20.112146,22.199015,22.358274,24.875305,22.20661,24.74065,17.234938,16.669224,15.236801,14.835047,21.693726,23.467983,22.490305,24.928862,15.049534,14.938436,4.0,0.0,0.0,0.0,0.0,0.0,0.0,0.0
5460,2023.0,2.0,7.0,22.0,22.670567,25.41306,20.121359,22.114197,22.170208,24.393236,22.494839,25.063383,15.6534395,14.785808,15.416494,15.4288435,21.958473,23.965305,23.150726,26.020605,15.644417,16.231457,0.0,4.0,4.0,0.0,4.0,0.0,0.0,4.0
5461,2023.0,2.0,7.0,22.0,20.91756,22.315784,17.415077,16.85102,20.924452,22.19616,20.91238,22.280767,15.545974,15.140483,20.024342,23.100311,20.969582,22.08754,20.917553,22.036705,19.643095,22.824991,0.0,4.0,0.0,0.0,0.0,0.0,4.0,0.0
5462,2023.0,2.0,7.0,22.0,21.114616,22.810152,16.325508,15.827023,21.140448,22.750282,21.118217,22.77049,15.396995,15.06103,17.344408,17.652752,21.050243,22.31306,21.145508,22.650833,16.811749,16.974894,0.0,0.0,4.0,0.0,0.0,4.0,0.0,4.0
5463,2023.0,2.0,7.0,22.0,21.109524,22.886808,16.058098,15.613664,21.10749,22.74014,21.116287,22.844326,15.124259,14.80328,15.472923,15.167567,21.101345,22.43801,21.061024,22.539686,20.131565,23.330603,0.0,0.0,0.0,0.0,0.0,0.0,4.0,0.0
5464,2023.0,2.0,7.0,22.0,21.082693,22.847202,15.75331,15.311541,21.086998,22.709694,21.114216,22.86759,15.008053,14.812046,14.995029,14.698326,21.09409,22.418142,22.636171,25.355488,16.557676,16.150433,0.0,4.0,0.0,0.0,0.0,0.0,0.0,0.0
5465,2023.0,2.0,7.0,22.0,21.114557,22.953068,15.951431,15.91117,21.091738,22.74031,21.05851,22.814894,15.308752,15.517306,15.033402,14.956061,21.342968,22.808004,20.897928,22.16444,14.984942,14.47955,4.0,4.0,4.0,4.0,0.0,0.0,0.0,0.0
5466,2023.0,2.0,7.0,23.0,21.749561,23.94104,20.088615,23.251345,21.78261,23.847473,21.812933,24.078485,20.148209,23.615051,15.009715,15.028797,21.637749,23.27367,22.110016,24.23227,15.026867,14.834476,0.0,0.0,0.0,0.0,4.0,0.0,0.0,0.0
5467,2023.0,2.0,7.0,23.0,19.077171,18.716066,17.581177,17.88282,19.08827,18.578693,18.98674,18.466387,17.536182,18.153408,15.015306,15.131534,19.79644,19.660528,19.83826,19.789078,15.022141,14.999362,0.0,0.0,0.0,4.0,4.0,0.0,0.0,0.0
5468,2023.0,2.0,7.0,23.0,17.870707,17.577087,15.864127,15.534034,17.201908,16.118294,17.024006,15.962535,14.996925,14.505063,15.015832,15.2001095,18.63448,18.236681,18.310467,17.960823,15.024448,15.125673,0.0,0.0,0.0,0.0,4.0,0.0,0.0,0.0
5469,2023.0,2.0,7.0,23.0,17.491259,17.205126,15.403558,14.965497,17.122179,16.564291,16.95098,16.422411,15.081787,14.874884,15.0581255,15.293954,18.207785,17.783012,17.729084,17.340557,15.027275,15.218511,0.0,0.0,0.0,0.0,0.0,0.0,0.0,0.0
5470,2023.0,2.0,7.0,23.0,17.146708,16.86137,15.149987,14.700832,16.950472,16.453848,16.77253,16.305614,15.004959,14.848229,15.047668,15.279628,17.900356,17.481182,17.324791,16.942696,15.028782,15.287467,0.0,0.0,0.0,4.0,0.0,0.0,0.0,0.0
5471,2023.0,2.0,7.0,23.0,16.850756,16.565737,14.99621,14.598761,16.68011,16.194681,16.496794,16.040453,15.0236225,14.9822,15.027463,15.290543,17.63792,17.216324,16.994389,16.625875,15.028174,15.334145,0.0,0.0,0.0,4.0,0.0,0.0,0.0,0.0
5472,2023.0,2.0,8.0,0.0,16.621645,16.362686,15.330899,15.353856,16.440245,15.968873,16.254269,15.812272,15.050157,15.121159,15.032785,15.336618,17.416224,17.003271,16.715479,16.364544,15.029792,15.376022,4.0,0.0,0.0,0.0,0.0,0.0,0.0,0.0
5473,2023.0,2.0,8.0,0.0,16.413218,16.163315,14.965255,14.7181225,16.221457,15.755798,16.033142,15.595753,15.0409355,15.15157,15.031499,15.366846,17.214764,16.80131,16.45794,16.103144,15.028034,15.4035225,0.0,0.0,0.0,0.0,0.0,0.0,0.0,0.0
5474,2023.0,2.0,8.0,0.0,16.209541,15.950753,15.023896,14.935206,16.0153,15.543702,15.82616,15.382378,15.1095,15.336278,15.060503,15.448604,17.03163,16.613712,16.222946,15.862689,15.054015,15.480588,0.0,0.0,0.0,4.0,0.0,0.0,0.0,0.0
5475,2023.0,2.0,8.0,0.0,16.03448,15.77566,15.026955,14.988915,15.841362,15.3760605,15.651992,15.213485,15.079455,15.289522,15.061549,15.4579525,16.873,16.455671,16.020054,15.661468,15.048879,15.450183,0.0,0.0,0.0,0.0,0.0,0.0,0.0,4.0
5476,2023.0,2.0,8.0,0.0,15.875444,15.615951,15.030577,15.043497,15.684271,15.224653,15.495261,15.061293,15.082557,15.316768,15.06274,15.4742,16.729889,16.312796,15.837921,15.480545,15.092143,15.555312,0.0,0.0,0.0,0.0,0.0,0.0,0.0,0.0
5477,2023.0,2.0,8.0,0.0,15.7491665,15.507673,15.09403,15.176074,15.541088,15.086557,15.35292,14.922836,15.045051,15.292476,15.063663,15.486981,16.599874,16.182737,15.67301,15.316489,15.093649,15.535163,4.0,0.0,0.0,0.0,0.0,0.0,0.0,0.0
5478,2023.0,2.0,8.0,1.0,15.629488,15.395434,15.033806,15.105681,15.409294,14.959308,15.222287,14.795549,15.049652,15.348356,15.065587,15.501683,16.480824,16.063416,15.522397,15.1664505,15.058121,15.498391,0.0,0.0,0.0,0.0,0.0,0.0,0.0,0.0
5479,2023.0,2.0,8.0,1.0,15.51752,15.28948,15.036519,15.151867,15.290031,14.846942,15.104386,14.683358,15.051626,15.377824,15.066293,15.512193,16.373354,15.957793,15.385927,15.032349,15.060988,15.53595,0.0,0.0,0.0,0.0,0.0,0.0,0.0,0.0
5480,2023.0,2.0,8.0,1.0,15.413631,15.191161,15.038632,15.1787815,15.179726,14.742984,14.999843,14.588071,15.053306,15.403598,15.0669985,15.522376,16.274569,15.860676,15.260519,14.90909,15.000627,15.399648,0.0,0.0,0.0,0.0,0.0,0.0,0.0,4.0
5481,2023.0,2.0,8.0,1.0,15.316769,15.099394,15.039697,15.201864,15.076671,14.645787,15.006892,14.700245,15.056023,15.430082,15.067499,15.531487,16.182852,15.770499,15.14422,14.794777,15.100878,15.64154,0.0,0.0,0.0,0.0,0.0,0.0,0.0,0.0
5482,2023.0,2.0,8.0,1.0,15.225878,15.0131645,15.040708,15.222847,15.001422,14.596393,15.010394,14.766739,15.057553,15.449818,15.041881,15.470604,16.097147,15.686214,15.035647,14.688017,15.097689,15.591762,0.0,0.0,0.0,0.0,4.0,0.0,0.0,0.0
5483,2023.0,2.0,8.0,1.0,15.140092,14.93165,15.042217,15.243146,15.006953,14.691474,15.013672,14.825357,15.059381,15.468264,15.042813,15.493737,16.016642,15.6070595,15.0054655,14.726206,15.001023,15.400151,0.0,0.0,0.0,0.0,4.0,0.0,0.0,4.0
5484,2023.0,2.0,8.0,2.0,15.058701,14.8541765,15.041284,15.255733,15.0102825,14.753137,15.017202,14.876374,15.059629,15.481771,15.043884,15.506029,15.940647,15.532349,15.010019,14.797074,15.101047,15.655148,0.0,0.0,0.0,0.0,4.0,0.0,0.0,0.0
5485,2023.0,2.0,8.0,2.0,15.000477,14.81772,15.042389,15.2716,15.013303,14.807335,15.019342,14.918799,15.0605545,15.495686,15.118537,15.627573,15.866884,15.458134,15.012892,14.846372,15.040407,15.458426,0.0,0.0,0.0,0.0,0.0,0.0,0.0,4.0
5486,2023.0,2.0,8.0,2.0,15.005456,14.894183,15.043619,15.286204,15.016569,14.855341,15.02209,14.9583,15.011384,15.379283,15.067709,15.527188,15.795964,15.386766,15.0170555,14.892051,15.101317,15.641586,0.0,0.0,0.0,4.0,0.0,0.0,0.0,0.0
5487,2023.0,2.0,8.0,2.0,15.00853,14.94421,15.044788,15.299962,15.018811,14.896347,15.024356,14.993315,15.065005,15.552034,15.069501,15.557122,15.727801,15.318075,15.019174,14.927473,15.099693,15.610814,0.0,0.0,0.0,0.0,0.0,0.0,0.0,0.0
5488,2023.0,2.0,8.0,2.0,15.012276,14.99071,15.045774,15.312801,15.021581,14.93479,15.02657,15.02577,15.063274,15.537821,15.070143,15.566239,15.6620655,15.251802,15.021346,14.959747,15.06238,15.575869,0.0,0.0,0.0,0.0,0.0,0.0,0.0,0.0
5489,2023.0,2.0,8.0,2.0,15.013888,15.027869,15.046406,15.324535,15.023492,14.968362,15.027956,15.054429,15.064395,15.548909,15.071032,15.576138,15.59848,15.187652,15.02337,14.988609,15.06586,15.616156,0.0,0.0,0.0,0.0,0.0,0.0,0.0,0.0
5490,2023.0,2.0,8.0,3.0,15.016594,15.06416,15.047409,15.336658,15.025512,14.999925,15.029829,15.082455,15.064499,15.554799,15.071892,15.584349,15.536792,15.125373,15.025199,15.0148535,15.06712,15.636289,0.0,0.0,0.0,0.0,0.0,0.0,0.0,0.0
5491,2023.0,2.0,8.0,3.0,15.018588,15.095787,15.048243,15.347785,15.027284,15.028843,15.03207,15.109411,15.016356,15.435866,15.07252,15.591151,15.475389,15.061969,15.027623,15.040364,15.068172,15.653574,0.0,0.0,0.0,4.0,0.0,0.0,0.0,0.0
5492,2023.0,2.0,8.0,3.0,15.021198,15.126255,15.049408,15.359134,15.029237,15.056422,15.0334215,15.133133,15.110583,15.638231,15.073327,15.597719,15.414962,14.999536,15.02813,15.060528,15.069723,15.668877,0.0,0.0,0.0,0.0,0.0,0.0,0.0,0.0
5493,2023.0,2.0,8.0,3.0,15.023239,15.152848,15.050548,15.369972,15.031058,15.082211,15.035121,15.156553,15.106911,15.576363,15.0742,15.603865,15.355618,14.938166,15.030654,15.084123,15.070751,15.681088,0.0,0.0,0.0,0.0,0.0,0.0,0.0,0.0
5494,2023.0,2.0,8.0,3.0,15.024078,15.1766,15.051389,15.379948,15.03235,15.105743,15.035241,15.174722,15.06428,15.5243635,15.074774,15.609063,15.297255,14.877761,15.032674,15.104947,15.071966,15.692361,0.0,0.0,0.0,0.0,0.0,0.0,0.0,0.0
5495,2023.0,2.0,8.0,3.0,15.026529,15.202599,15.052436,15.390161,15.034357,15.129747,15.03628,15.193725,15.065909,15.556613,15.075402,15.614229,15.239772,14.818218,15.035507,15.128684,15.071785,15.699824,0.0,0.0,0.0,0.0,0.0,0.0,0.0,0.0
5496,2023.0,2.0,8.0,4.0,15.026548,15.221112,15.053356,15.399819,15.035639,15.151139,15.038156,15.213134,15.068088,15.575056,15.076079,15.619232,15.183081,14.759452,15.036181,15.146676,15.07377,15.71117,0.0,0.0,0.0,0.0,0.0,0.0,0.0,0.0
5497,2023.0,2.0,8.0,4.0,15.028049,15.242278,15.054215,15.409368,15.037219,15.172524,15.039659,15.230911,15.0695715,15.590229,15.076396,15.623515,15.128788,14.704739,15.038523,15.168088,15.073376,15.71675,0.0,0.0,0.0,0.0,0.0,0.0,0.0,0.0
5498,2023.0,2.0,8.0,4.0,15.029144,15.261379,15.055154,15.418989,15.037584,15.190107,15.04052,15.246904,15.069769,15.600869,15.07702,15.628475,15.075785,14.651288,15.038147,15.183147,15.074573,15.725745,0.0,0.0,0.0,0.0,0.0,0.0,0.0,0.0
5499,2023.0,2.0,8.0,4.0,15.031237,15.281508,15.056239,15.428749,15.03906,15.20949,15.041751,15.263291,15.071197,15.612809,15.051139,15.562951,15.023714,14.598759,15.041192,15.205189,15.074793,15.731937,0.0,0.0,0.0,0.0,4.0,0.0,0.0,0.0
5500,2023.0,2.0,8.0,4.0,15.031814,15.297612,15.056802,15.437238,15.039261,15.225044,15.042847,15.278743,15.072343,15.622725,15.078924,15.653456,15.002126,14.604253,15.042037,15.221298,15.074981,15.738156,0.0,0.0,0.0,0.0,0.0,0.0,0.0,0.0
5501,2023.0,2.0,8.0,4.0,15.034232,15.317156,15.057732,15.446494,15.041174,15.243624,15.044334,15.294589,15.022392,15.5009365,15.051986,15.574824,15.004818,14.644687,15.042736,15.237358,15.075466,15.744651,0.0,0.0,0.0,4.0,4.0,0.0,0.0,0.0
5502,2023.0,2.0,8.0,5.0,15.034784,15.331709,15.058566,15.455258,15.042106,15.2591715,15.045583,15.309387,15.074741,15.667949,15.053384,15.5952015,15.00698,14.6735735,15.0438595,15.253786,15.076185,15.75133,0.0,0.0,0.0,0.0,4.0,0.0,0.0,0.0
5503,2023.0,2.0,8.0,5.0,15.035426,15.346742,15.058889,15.463129,15.043581,15.2757225,15.046604,15.323581,15.02428,15.524579,15.080523,15.672178,15.008441,14.698579,15.04524,15.2702875,15.07713,15.758255,0.0,0.0,0.0,4.0,0.0,0.0,0.0,0.0
5504,2023.0,2.0,8.0,5.0,15.036558,15.36227,15.059402,15.471594,15.044422,15.290444,15.047303,15.337059,15.121106,15.728398,15.079748,15.662296,15.009792,14.721071,15.045967,15.285212,15.078196,15.765277,0.0,0.0,0.0,0.0,0.0,0.0,0.0,0.0
5505,2023.0,2.0,8.0,5.0,15.038158,15.378247,15.06033,15.480827,15.045433,15.305378,15.048247,15.350813,15.117863,15.661834,15.080183,15.664933,15.011666,14.742855,15.046806,15.300263,15.077612,15.76899,0.0,0.0,0.0,0.0,0.0,0.0,0.0,0.0
5506,2023.0,2.0,8.0,5.0,15.0389595,15.392274,15.060834,15.48918,15.046272,15.319551,15.049013,15.363962,15.070087,15.599505,15.080321,15.666166,15.01288,14.761831,15.047935,15.315617,15.078445,15.775998,0.0,0.0,0.0,0.0,0.0,0.0,0.0,0.0
5507,2023.0,2.0,8.0,5.0,15.018357,15.3674,15.027986,15.438318,15.021749,15.287635,15.022885,15.328527,15.034298,15.563873,15.020016,15.544888,15.007258,14.766303,15.54451,16.231657,15.034797,15.703648,0.0,0.0,0.0,0.0,4.0,0.0,4.0,0.0
5508,2023.0,2.0,8.0,6.0,15.021671,15.388109,15.032926,15.458802,15.097429,15.411928,15.027078,15.350844,15.038874,15.592659,15.046063,15.6213255,15.008939,14.785547,14.966558,15.092582,15.041019,15.725611,0.0,4.0,0.0,0.0,0.0,0.0,0.0,0.0
5509,2023.0,2.0,8.0,6.0,19.515932,23.120731,15.032681,15.467716,19.529108,23.033882,19.484655,22.99843,15.010121,15.527643,15.041712,15.618122,19.93203,23.107975,19.218454,22.461945,15.005559,15.636284,0.0,0.0,0.0,4.0,0.0,4.0,0.0,4.0
5510,2023.0,2.0,8.0,6.0,20.792925,24.861998,15.033167,15.476882,19.471672,22.444004,20.321238,24.013874,19.307005,23.009848,15.042076,15.620926,19.842226,22.731129,19.798946,23.01809,20.123396,24.533943,0.0,0.0,0.0,0.0,0.0,0.0,0.0,4.0
5511,2023.0,2.0,8.0,6.0,20.649218,24.155134,15.033327,15.484724,19.63959,22.344807,20.597542,24.051676,16.595804,17.151642,15.026249,15.57614,19.220879,21.212645,20.843054,24.461143,19.209816,22.341812,0.0,0.0,0.0,4.0,4.0,0.0,0.0,0.0
5512,2023.0,2.0,8.0,6.0,19.998844,22.702087,15.033827,15.492462,20.735474,24.05113,20.84916,24.200743,18.715624,21.491266,18.644943,21.82067,19.342314,21.21798,21.109016,24.532862,15.088141,14.930806,0.0,0.0,0.0,0.0,0.0,0.0,4.0,0.0
5513,2023.0,2.0,8.0,6.0,20.151258,22.730007,15.011359,15.434461,21.058754,24.298223,21.149065,24.436283,16.010927,15.862073,15.938679,16.08684,20.33416,22.78693,20.68027,23.451908,15.128086,15.25013,4.0,0.0,4.0,4.0,0.0,0.0,0.0,0.0
5514,2023.0,2.0,8.0,7.0,21.194176,24.469526,18.9413,22.202797,21.11368,24.172573,21.098059,24.129585,19.207708,21.967665,15.076031,15.338156,20.798094,23.421911,21.06456,23.96672,15.180313,15.497828,0.0,0.0,4.0,0.0,4.0,0.0,0.0,4.0
5515,2023.0,2.0,8.0,7.0,21.07949,24.042456,16.265575,16.495113,21.118437,24.011255,20.61653,23.12325,15.815978,15.212246,19.36538,22.711763,20.877796,23.356665,21.082617,23.810125,19.844265,23.397814,0.0,0.0,0.0,0.0,4.0,0.0,0.0,4.0
5516,2023.0,2.0,8.0,7.0,21.170307,24.100124,16.125105,16.805902,21.17091,23.971806,21.068832,23.759382,16.681465,17.717846,19.968658,23.400047,20.954449,23.327179,21.21939,23.955853,19.934328,23.257858,4.0,4.0,4.0,4.0,4.0,0.0,4.0,4.0
5517,2023.0,2.0,8.0,7.0,20.973557,23.62781,19.255754,22.37759,21.095161,23.726185,20.977865,23.505373,18.6425,21.106373,18.950146,21.271826,21.201332,23.638058,21.276268,23.938705,20.049635,23.146194,4.0,4.0,4.0,0.0,0.0,4.0,4.0,4.0
5518,2023.0,2.0,8.0,7.0,20.838926,23.261028,18.474451,20.635864,20.839245,23.142355,20.838133,23.135994,16.153051,15.970273,15.702636,14.895603,21.072668,23.272186,20.786968,22.975502,19.404957,21.77869,0.0,4.0,4.0,4.0,0.0,4.0,0.0,0.0
5519,2023.0,2.0,8.0,7.0,21.094864,23.632742,15.841935,15.391491,21.09684,23.505474,21.0927,23.508791,18.85989,21.165216,15.33134,15.156474,20.886559,22.788153,21.496422,24.02368,16.168842,15.452278,4.0,4.0,4.0,0.0,4.0,4.0,4.0,0.0
5520,2023.0,2.0,8.0,8.0,20.832998,23.149445,18.904844,21.417974,21.118797,23.459656,21.12153,23.488878,16.377954,16.175375,19.347286,22.06463,21.06563,23.047213,22.06779,25.00238,15.552429,15.461764,4.0,4.0,4.0,4.0,0.0,4.0,4.0,4.0
5521,2023.0,2.0,8.0,8.0,18.156004,17.966553,19.44085,21.995703,18.28528,17.964766,17.774752,17.046299,20.051704,23.003597,16.650465,16.698112,18.604902,18.242842,18.205412,17.489307,19.456553,22.121681,4.0,4.0,0.0,4.0,0.0,4.0,0.0,0.0
5522,2023.0,2.0,8.0,8.0,16.923052,16.556694,20.099794,22.884632,16.153223,14.951279,15.844826,14.588087,20.057032,22.872084,14.978256,14.650851,16.871347,15.764753,17.367044,17.230097,16.817127,16.788528,4.0,0.0,0.0,4.0,0.0,0.0,4.0,4.0
5523,2023.0,2.0,8.0,8.0,16.498295,16.138115,20.135963,22.692043,15.948005,15.194357,15.158885,13.866795,20.158588,22.839619,15.044881,15.008984,16.166847,14.997284,17.194757,17.121132,19.99567,22.97524,4.0,4.0,0.0,0.0,0.0,0.0,4.0,0.0
5524,2023.0,2.0,8.0,8.0,16.184616,15.839464,20.133982,22.508184,15.833246,15.187459,15.942323,15.813462,16.646273,15.9146805,15.014153,15.080781,15.766242,14.609537,15.970046,15.100423,16.346746,15.745222,4.0,4.0,4.0,0.0,4.0,0.0,0.0,0.0
5525,2023.0,2.0,8.0,8.0,15.92268,15.590625,20.149279,22.421827,15.583016,14.959273,16.294899,16.431046,14.979101,14.115433,19.938692,23.33053,16.270872,15.864469,15.145799,14.1498995,15.0237255,14.566737,0.0,4.0,4.0,0.0,4.0,4.0,0.0,0.0
5526,2023.0,2.0,8.0,9.0,14.998448,14.201554,16.895123,16.094387,15.349145,14.737228,14.996465,14.236999,15.679232,15.864753,19.551588,22.38665,15.626483,14.617552,15.028218,14.308132,15.52591,15.872987,0.0,4.0,0.0,4.0,4.0,0.0,0.0,0.0
5527,2023.0,2.0,8.0,9.0,15.039894,14.502476,15.611477,14.912353,15.006303,14.349241,15.052989,14.538592,19.61827,22.418648,19.609993,22.158003,15.093791,13.99635,15.031644,14.520668,15.030664,15.068221,0.0,0.0,0.0,0.0,0.0,0.0,0.0,0.0
5528,2023.0,2.0,8.0,9.0,15.028822,14.632791,15.315086,14.696338,15.039909,14.568964,15.036125,14.638145,16.666918,16.47194,16.25795,15.49241,15.013867,14.074085,15.012499,14.674984,15.033324,15.213684,0.0,0.0,0.0,4.0,0.0,0.0,0.0,0.0
5529,2023.0,2.0,8.0,9.0,15.008688,14.752549,15.449597,15.256415,15.003861,14.580603,15.014262,14.7459955,20.421473,23.725924,15.057544,14.485067,15.307997,14.831493,15.018225,14.818596,15.033496,15.313616,4.0,4.0,0.0,4.0,0.0,0.0,0.0,0.0
5530,2023.0,2.0,8.0,9.0,15.918817,15.468019,20.001907,23.357252,15.885247,15.270079,15.771233,15.15984,20.084951,22.912943,15.025871,14.741061,15.344212,14.892598,16.164392,15.763256,15.034214,15.38658,0.0,4.0,0.0,0.0,0.0,0.0,0.0,0.0
5531,2023.0,2.0,8.0,9.0,14.995587,14.876672,17.23937,17.47571,14.99804,14.686684,15.001133,14.882324,16.564522,15.9091625,15.032863,14.956692,15.258236,14.817645,14.964299,14.839212,15.034612,15.446822,0.0,4.0,0.0,0.0,0.0,0.0,0.0,0.0
5532,2023.0,2.0,8.0,10.0,15.018833,15.014215,15.286919,14.827423,15.050294,14.903361,15.022116,15.009921,14.979136,14.211276,15.032889,15.095772,15.183102,14.751913,15.736512,16.382175,15.034868,15.489932,0.0,0.0,0.0,0.0,0.0,0.0,4.0,0.0
5533,2023.0,2.0,8.0,10.0,15.014434,15.081171,15.010687,14.666051,15.0386915,14.940727,15.020566,15.076917,15.032276,14.655972,15.032888,15.193421,15.122753,14.706286,14.922306,14.745793,15.034716,15.522184,0.0,0.0,0.0,0.0,0.0,0.0,0.0,0.0
5534,2023.0,2.0,8.0,10.0,15.015762,15.146604,15.023063,14.874893,15.039702,14.991887,15.021233,15.136676,15.024194,14.872256,15.032605,15.262321,15.965917,16.365877,15.056005,15.07338,15.034644,15.547215,0.0,0.0,0.0,0.0,0.0,4.0,0.0,0.0
5535,2023.0,2.0,8.0,10.0,15.016051,15.201168,15.02255,15.007852,15.016591,15.033654,15.021577,15.1869135,15.027085,15.033275,15.032241,15.311171,14.981581,14.3803835,15.032813,15.062951,15.034526,15.566657,0.0,0.0,0.0,0.0,0.0,0.0,0.0,0.0
5536,2023.0,2.0,8.0,10.0,15.016914,15.248736,15.0052185,15.056798,15.02122,15.110491,15.022305,15.2310915,15.030095,15.1479845,15.032649,15.353802,15.047279,14.601659,15.018361,15.094866,15.033889,15.581007,4.0,0.0,0.0,0.0,0.0,0.0,0.0,0.0
5537,2023.0,2.0,8.0,10.0,15.010291,15.276163,19.607855,23.142006,15.013597,15.151123,15.015999,15.255963,15.025581,15.216671,15.031936,15.380871,15.008827,14.562339,15.012424,15.125566,15.033696,15.592833,0.0,0.0,0.0,0.0,0.0,0.0,0.0,0.0
5538,2023.0,2.0,8.0,11.0,15.017315,15.326508,16.973309,17.382168,15.020525,15.212285,15.022425,15.302451,15.027008,15.275588,15.030838,15.398172,15.042449,14.691375,15.019872,15.1738825,15.0334015,15.602348,0.0,0.0,0.0,0.0,0.0,0.0,0.0,0.0
5539,2023.0,2.0,8.0,11.0,15.017712,15.359512,14.9856825,14.756172,15.020989,15.253446,15.022927,15.332325,15.027463,15.322578,15.030917,15.412163,15.03336,14.698392,15.020537,15.205119,15.033097,15.609825,0.0,0.0,0.0,0.0,0.0,0.0,0.0,0.0
5540,2023.0,2.0,8.0,11.0,15.017968,15.389266,15.033967,15.032884,15.0217905,15.289963,15.023289,15.357793,15.027588,15.3573675,15.009305,15.3631525,15.005595,14.681891,15.020009,15.227508,15.032444,15.615373,0.0,0.0,0.0,0.0,4.0,0.0,0.0,0.0
5541,2023.0,2.0,8.0,11.0,15.018342,15.413984,15.020694,15.131366,15.021487,15.32006,15.023447,15.379823,15.027075,15.3824415,19.250416,22.63909,15.002177,14.705747,15.020585,15.248281,15.032757,15.6214075,0.0,0.0,0.0,0.0,0.0,0.0,0.0,0.0
5542,2023.0,2.0,8.0,11.0,15.308434,15.9566965,15.022699,15.224458,15.183549,15.621174,15.023435,15.398967,15.027357,15.403406,16.651861,17.008593,15.002664,14.729026,15.020432,15.265123,15.0323515,15.625544,0.0,4.0,0.0,0.0,0.0,0.0,0.0,0.0
5543,2023.0,2.0,8.0,11.0,14.9637985,15.321989,15.023869,15.293311,14.992561,15.297797,15.023781,15.417096,15.027096,15.418815,14.946749,14.85715,15.002711,14.747055,15.0205,15.27982,15.031676,15.628507,0.0,0.0,0.0,0.0,0.0,0.0,0.0,0.0
5544,2023.0,2.0,8.0,12.0,15.044586,15.476199,15.001968,15.282422,15.045636,15.393355,15.023915,15.4342985,15.026145,15.430376,15.045788,15.164862,15.002999,14.762981,15.020146,15.2926445,15.031113,15.631532,4.0,0.0,0.0,0.0,0.0,0.0,0.0,0.0
5545,2023.0,2.0,8.0,12.0,19.68688,23.416576,19.508158,23.179718,18.950079,22.080563,19.54316,23.201931,15.027169,15.442228,15.021818,15.20828,19.183529,21.857222,20.021132,23.959465,15.032047,15.635734,0.0,0.0,0.0,0.0,0.0,0.0,0.0,0.0
5546,2023.0,2.0,8.0,12.0,19.879686,23.275204,16.854958,17.360998,20.520224,24.395756,20.550514,24.4741,15.025767,15.442821,15.025198,15.27436,20.012287,23.06625,20.931498,24.984074,15.030612,15.629569,0.0,0.0,0.0,0.0,0.0,0.0,0.0,0.0
5547,2023.0,2.0,8.0,12.0,20.308212,23.652658,14.969881,14.904192,21.108366,24.97885,21.07696,24.95672,15.025665,15.441768,15.02536,15.313077,20.504307,23.529627,21.13415,24.853045,15.029328,15.61905,0.0,0.0,0.0,0.0,0.0,0.0,0.0,0.0
5548,2023.0,2.0,8.0,12.0,21.189621,24.929514,15.028025,15.170381,21.117823,24.62397,21.123802,24.680477,15.025199,15.438486,15.025112,15.338946,20.816547,23.730288,21.81174,25.668974,15.029419,15.6090765,0.0,0.0,0.0,0.0,0.0,0.0,0.0,0.0
5549,2023.0,2.0,8.0,12.0,21.087421,24.460438,15.023122,15.26719,21.106602,24.349642,21.10846,24.403439,15.02416,15.433077,15.024959,15.356761,21.24627,24.20563,22.328058,26.234505,15.028449,15.597,0.0,0.0,0.0,0.0,0.0,0.0,0.0,0.0
5550,2023.0,2.0,8.0,13.0,21.111454,24.319788,15.000775,15.278832,21.107897,24.169615,21.110943,24.230762,15.023893,15.428498,15.024342,15.367901,21.442204,24.282368,22.520155,26.251509,15.027837,15.585977,4.0,0.0,0.0,0.0,0.0,0.0,0.0,0.0
5551,2023.0,2.0,8.0,13.0,21.086233,24.115267,19.267618,22.641792,21.110422,24.038143,21.090889,24.04187,15.024487,15.426383,15.025098,15.37862,21.065374,23.42273,20.950445,23.292011,15.02835,15.579048,0.0,0.0,4.0,0.0,0.0,0.0,0.0,0.0
5552,2023.0,2.0,8.0,13.0,21.111435,24.085396,16.831106,17.346992,21.106726,23.925978,21.11426,24.01112,15.02364,15.421176,15.023027,15.376627,21.863195,24.703161,22.879986,26.656336,15.027573,15.570206,0.0,0.0,0.0,0.0,0.0,0.0,0.0,0.0
5553,2023.0,2.0,8.0,13.0,21.126766,23.986443,14.969064,14.888629,21.102728,23.836012,21.131577,23.914803,15.022601,15.419599,15.023364,15.379135,22.132305,24.99874,23.194782,26.972273,15.026879,15.563177,0.0,0.0,0.0,0.0,0.0,0.0,0.0,0.0
5554,2023.0,2.0,8.0,13.0,21.118979,23.874136,15.032683,15.180408,21.098995,23.76197,21.123478,23.801775,15.022562,15.420516,15.02303,15.382855,22.33061,25.18299,23.438908,27.192787,15.026539,15.558249,0.0,0.0,0.0,0.0,0.0,0.0,0.0,0.0
5555,2023.0,2.0,8.0,13.0,21.098501,23.804695,15.019089,15.267191,21.101233,23.710308,21.101473,23.732798,15.022655,15.422658,15.023327,15.389019,20.94911,22.580513,20.868587,22.51331,15.026846,15.556,0.0,0.0,0.0,0.0,0.0,0.0,0.0,0.0
5556,2023.0,2.0,8.0,14.0,21.07409,23.708637,15.0220995,15.353396,21.098507,23.658697,21.101927,23.70664,15.022875,15.426229,15.023395,15.395999,21.092564,22.898457,21.130724,23.16717,15.02693,15.554965,0.0,0.0,0.0,0.0,0.0,0.0,0.0,0.0
5557,2023.0,2.0,8.0,14.0,18.669558,19.035765,15.000663,15.347224,19.124939,19.804777,19.031204,19.678083,15.022662,15.430172,15.003263,15.348377,19.1357,19.141512,18.885038,18.920843,15.02643,15.554452,4.0,4.0,4.0,0.0,4.0,0.0,0.0,0.0
5558,2023.0,2.0,8.0,14.0,16.87655,16.522738,19.839779,23.652313,17.433884,17.350422,17.967665,18.456306,15.02334,15.437677,19.45659,22.919254,18.08776,17.813917,17.621658,17.378689,15.027145,15.559843,4.0,0.0,4.0,0.0,0.0,0.0,0.0,0.0
5559,2023.0,2.0,8.0,14.0,16.178493,15.754165,19.808174,23.091707,16.343607,15.768338,16.595818,16.144606,15.023317,15.444335,16.908169,17.423918,17.69025,17.401075,17.083956,16.82191,15.027307,15.567431,0.0,0.0,0.0,0.0,0.0,0.0,0.0,0.0
5560,2023.0,2.0,8.0,14.0,15.794131,15.384681,16.696709,16.769186,15.780939,15.152258,15.794507,15.198784,15.023551,15.451935,15.036595,14.922464,18.215294,18.657114,16.703142,16.450323,15.027777,15.578232,0.0,0.0,0.0,0.0,0.0,4.0,0.0,0.0
5561,2023.0,2.0,8.0,14.0,15.794308,15.704629,15.255657,15.072761,15.758528,15.45803,15.414494,14.8247795,15.024109,15.462001,15.034158,15.081787,17.584448,17.416859,16.387144,16.143429,15.027973,15.590001,0.0,0.0,0.0,0.0,0.0,0.0,0.0,0.0
5562,2023.0,2.0,8.0,15.0,15.683143,15.646121,14.996487,14.869101,16.396698,16.820107,15.431272,15.165635,15.024301,15.472533,15.075515,15.260863,16.81031,16.248888,16.121538,15.891134,15.028466,15.603152,0.0,4.0,0.0,0.0,4.0,0.0,0.0,0.0
5563,2023.0,2.0,8.0,15.0,15.512146,15.495528,15.219627,15.463831,15.882114,15.805593,15.341455,15.140082,15.025434,15.487875,19.649715,22.804321,16.459091,15.879293,15.894322,15.678869,15.028714,15.615879,4.0,0.0,0.0,0.0,0.0,0.0,0.0,0.0
5564,2023.0,2.0,8.0,15.0,16.150307,16.842453,19.952538,23.795813,15.823326,15.931867,15.172661,14.982945,15.025547,15.500375,17.156513,17.683023,16.536188,16.250547,15.692012,15.487395,15.028978,15.6282215,0.0,4.0,0.0,0.0,0.0,0.0,0.0,0.0
5565,2023.0,2.0,8.0,15.0,15.671821,15.823061,17.297142,18.0013,15.837234,15.996927,15.014745,14.832042,15.025574,15.511419,15.32793,15.198663,16.51577,16.284658,15.513753,15.319756,15.249753,16.017721,0.0,4.0,0.0,0.0,0.0,0.0,0.0,4.0
5566,2023.0,2.0,8.0,15.0,14.998159,14.844373,15.812871,16.15466,15.769175,15.944333,15.01154,14.950662,15.155597,15.732389,14.999215,14.913023,16.409084,16.191435,15.354601,15.169916,19.233309,22.909754,4.0,4.0,0.0,4.0,0.0,0.0,0.0,0.0
5567,2023.0,2.0,8.0,15.0,15.668138,15.22986,20.111637,23.694126,15.41227,15.017571,15.925824,15.640332,19.677988,23.51112,15.024023,15.104121,17.176802,17.754137,16.34046,17.165722,16.56643,17.164068,4.0,0.0,0.0,0.0,0.0,4.0,4.0,4.0
5568,2023.0,2.0,8.0,16.0,15.027897,15.0592,20.059824,23.159086,15.490976,15.626738,15.826978,16.27099,16.440105,16.591051,15.020019,15.197057,16.35775,15.972399,15.427661,15.133543,19.881165,23.58176,0.0,4.0,0.0,0.0,0.0,0.0,0.0,0.0
5569,2023.0,2.0,8.0,16.0,15.70096,16.425447,17.336687,17.619326,15.595391,15.796696,15.705896,16.245161,15.012698,15.036912,15.021862,15.264908,16.662806,16.888107,15.920898,16.47803,17.11812,17.707518,4.0,4.0,4.0,0.0,0.0,4.0,4.0,4.0
5570,2023.0,2.0,8.0,16.0,15.6661825,16.14928,20.147312,23.300085,15.543372,15.748506,15.8426895,16.424536,15.025254,15.218555,15.022801,15.314911,16.077229,15.639704,15.170975,14.845456,20.004217,23.460829,4.0,4.0,4.0,0.0,0.0,0.0,0.0,0.0
5571,2023.0,2.0,8.0,16.0,15.548052,16.002977,20.054487,22.787281,15.484747,15.69076,15.568932,15.775406,15.024638,15.315125,15.023294,15.3562,15.691559,15.192679,15.766147,16.330585,16.74064,16.745604,4.0,4.0,0.0,0.0,0.0,0.0,4.0,0.0
5572,2023.0,2.0,8.0,16.0,15.523127,15.980987,20.110895,22.68218,15.428287,15.634717,16.024353,16.639383,15.02491,15.389806,15.023784,15.384573,15.548083,15.048638,15.386589,15.011514,14.978192,14.655578,4.0,4.0,0.0,0.0,0.0,0.0,0.0,0.0
5573,2023.0,2.0,8.0,16.0,15.916188,16.593538,20.118135,22.561762,15.374491,15.5815115,15.558706,15.806661,15.0256195,15.441762,15.02416,15.404893,16.608374,17.196705,17.060152,17.162226,15.035098,15.033772,0.0,4.0,4.0,0.0,0.0,4.0,0.0,0.0
5574,2023.0,2.0,8.0,17.0,15.030604,15.087973,17.738464,17.873219,15.3240595,15.530801,14.988142,14.943575,15.025885,15.479026,15.024361,15.4206915,15.885755,15.488071,14.986268,14.731789,15.022532,15.193113,4.0,4.0,0.0,0.0,0.0,0.0,0.0,0.0
5575,2023.0,2.0,8.0,17.0,15.289209,15.671873,20.233442,23.00594,15.853073,16.400974,15.147508,15.320548,15.027372,15.5110655,15.025924,15.439264,15.392847,14.887519,15.98695,16.492624,15.517246,16.242493,4.0,0.0,4.0,0.0,0.0,0.0,0.0,4.0
5576,2023.0,2.0,8.0,17.0,15.403738,15.820636,20.073156,22.48138,15.949506,16.484652,15.156022,15.345637,15.027876,15.534937,15.026565,15.454236,15.241162,14.721852,15.142113,14.991939,19.62162,23.28819,0.0,0.0,4.0,0.0,0.0,0.0,0.0,0.0
5577,2023.0,2.0,8.0,17.0,15.358603,15.760984,17.682661,17.748781,15.476049,15.656266,15.018415,15.185595,15.028703,15.553699,15.026944,15.465136,15.410076,15.17406,15.015878,14.984133,16.20735,16.15524,4.0,4.0,0.0,0.0,0.0,0.0,0.0,0.0
5578,2023.0,2.0,8.0,17.0,15.87716,16.575165,20.232239,22.96892,15.301099,15.434073,15.342111,15.872751,15.029245,15.568704,15.008254,15.420721,16.257753,16.76598,15.4876,16.025312,15.451537,15.849567,4.0,4.0,0.0,0.0,4.0,4.0,0.0,4.0
5579,2023.0,2.0,8.0,17.0,15.308901,15.656719,20.073902,22.438194,15.191776,15.304525,15.333713,15.43515,15.030181,15.581929,19.400845,22.794397,16.231108,16.42736,16.146141,15.944211,19.615402,23.11177,0.0,4.0,4.0,0.0,0.0,4.0,0.0,0.0
5580,2023.0,2.0,8.0,18.0,15.283649,15.628409,17.713125,17.757122,15.095405,15.18991,15.066103,15.201035,15.044117,15.57744,16.710253,17.188389,16.148634,16.305975,14.977108,15.051426,16.935286,17.40817,4.0,4.0,4.0,4.0,0.0,4.0,0.0,4.0
5581,2023.0,2.0,8.0,18.0,19.810678,23.512774,20.192703,22.826424,19.163794,22.396454,19.099386,22.358595,19.317423,22.964462,14.978797,14.943815,18.9389,21.123085,20.063793,23.749485,19.65595,22.891228,4.0,0.0,0.0,0.0,0.0,0.0,0.0,0.0
5582,2023.0,2.0,8.0,18.0,19.661928,22.768185,20.074604,22.379196,19.5844,22.630411,19.99406,23.382853,15.887047,15.784422,15.039663,15.203334,19.344091,21.581636,20.551266,24.244192,16.370483,16.169683,0.0,0.0,4.0,0.0,0.0,0.0,0.0,0.0
5583,2023.0,2.0,8.0,18.0,20.794521,24.33884,17.339386,17.003729,20.725864,24.171722,20.228277,23.371357,15.094391,15.26133,15.02519,15.267733,19.85493,22.174662,21.157902,24.889675,14.992077,14.718334,0.0,4.0,0.0,4.0,0.0,0.0,0.0,0.0
5584,2023.0,2.0,8.0,18.0,20.843348,24.124952,16.624897,16.667036,20.85227,24.067636,20.719875,23.934252,20.28705,24.070658,15.0284815,15.335685,20.93402,23.793203,21.105156,24.433863,15.029121,15.034969,4.0,0.0,0.0,4.0,0.0,4.0,0.0,0.0
5585,2023.0,2.0,8.0,18.0,21.171528,24.42311,20.256203,23.243069,21.174093,24.333513,21.163624,24.490158,20.04132,23.348476,15.008598,15.327259,21.217438,23.991926,22.140324,25.984911,15.025445,15.181723,4.0,4.0,0.0,0.0,4.0,4.0,0.0,0.0
5586,2023.0,2.0,8.0,19.0,21.154383,24.207571,20.064816,22.520218,21.188398,24.15892,22.127739,25.893513,17.053825,17.218668,19.482796,22.807308,20.796213,23.046001,22.129417,25.469004,15.026854,15.287384,4.0,0.0,4.0,4.0,0.0,0.0,4.0,0.0
5587,2023.0,2.0,8.0,19.0,21.142689,24.0194,20.126976,22.441614,21.656776,24.76233,21.978956,25.430347,19.949902,22.818316,16.629047,16.966263,21.373774,23.881544,21.623621,24.599352,15.026952,15.357629,0.0,4.0,0.0,0.0,0.0,4.0,0.0,0.0
5588,2023.0,2.0,8.0,19.0,21.104694,23.79864,17.651522,17.528738,21.062569,23.55804,21.038685,23.560448,16.71852,16.419197,14.981263,14.902398,21.689886,24.243797,22.519932,25.877954,15.027277,15.40692,4.0,0.0,0.0,0.0,0.0,4.0,4.0,0.0
5589,2023.0,2.0,8.0,19.0,21.557615,24.481615,20.230848,22.813143,21.822916,24.675997,21.786581,24.684364,14.979976,14.401722,15.019867,15.109748,21.389153,23.590965,22.155916,25.054914,15.028103,15.443436,4.0,4.0,4.0,0.0,4.0,0.0,0.0,0.0
5590,2023.0,2.0,8.0,19.0,22.004011,25.089933,20.058657,22.244606,22.0176,24.878675,21.596687,24.272547,15.032325,14.80211,19.700994,22.991997,21.840145,24.241882,21.981682,24.734545,15.02814,15.468407,4.0,4.0,0.0,0.0,0.0,4.0,4.0,0.0
5591,2023.0,2.0,8.0,19.0,22.358522,25.568373,20.108667,22.196259,21.096952,23.21973,21.243301,23.637663,15.02093,14.984267,16.838179,17.147236,21.525602,23.592087,21.26825,23.415815,15.028604,15.487399,4.0,4.0,4.0,0.0,0.0,0.0,0.0,0.0
5592,2023.0,2.0,8.0,20.0,22.162786,25.128698,20.118559,22.13016,22.046911,24.889187,21.933886,24.801702,15.0250225,15.124568,14.989931,14.785245,21.634892,23.728514,22.530312,25.603193,15.029078,15.502249,0.0,0.0,0.0,0.0,0.0,0.0,0.0,0.0
5593,2023.0,2.0,8.0,20.0,20.971645,22.941631,17.464722,16.979689,20.968428,22.8702,20.989325,23.022455,15.025487,15.217554,15.041439,15.058069,21.044579,22.615988,20.924063,22.63931,15.029016,15.512706,0.0,4.0,4.0,0.0,0.0,0.0,0.0,0.0
5594,2023.0,2.0,8.0,20.0,21.114185,23.279198,16.81611,16.767008,21.11921,23.19177,21.145264,23.365267,15.026088,15.285052,15.025034,15.146529,21.083118,22.75195,22.18268,24.941235,15.228032,15.869409,4.0,4.0,0.0,0.0,0.0,0.0,4.0,4.0
5595,2023.0,2.0,8.0,20.0,21.73181,24.300753,20.241499,23.005999,21.163195,23.304878,21.15822,23.386375,15.027052,15.335132,15.028674,15.236413,22.04123,24.402287,22.32464,25.070484,20.31791,24.37387,0.0,0.0,0.0,0.0,0.0,0.0,0.0,4.0
5596,2023.0,2.0,8.0,20.0,20.987995,22.981428,18.128244,18.582388,21.120245,23.206692,21.070744,23.235771,15.027267,15.370303,15.028318,15.293633,21.015564,22.5346,20.902723,22.480446,19.942192,23.344088,4.0,0.0,4.0,0.0,0.0,0.0,4.0,0.0
5597,2023.0,2.0,8.0,20.0,22.193378,24.96834,20.168013,22.772505,21.814177,24.298996,21.865574,24.597296,15.027985,15.397531,15.029375,15.336931,21.9782,24.18813,22.220114,24.798841,16.284197,15.92915,0.0,0.0,0.0,0.0,0.0,0.0,0.0,0.0
5598,2023.0,2.0,8.0,21.0,20.907137,22.70235,17.575867,17.425976,20.943811,22.76052,20.968845,22.906,15.027915,15.416046,15.029275,15.36614,21.353882,22.954735,22.284351,24.832363,15.012462,14.728516,4.0,4.0,0.0,0.0,0.0,4.0,0.0,0.0
5599,2023.0,2.0,8.0,21.0,21.874592,24.395391,20.183949,22.793358,21.992569,24.538036,21.781292,24.271872,15.0288315,15.432558,15.030277,15.390275,21.87187,23.996428,22.846228,25.762514,15.026693,15.003632,4.0,0.0,0.0,0.0,0.0,0.0,0.0,0.0
5600,2023.0,2.0,8.0,21.0,22.640839,25.660053,20.054815,22.261738,22.288147,24.88222,22.589949,25.59062,15.0287075,15.443414,15.030193,15.405952,21.607306,23.382845,22.215197,24.40337,15.026708,15.155777,4.0,4.0,0.0,0.0,0.0,0.0,0.0,0.0
5601,2023.0,2.0,8.0,21.0,21.748405,24.075848,20.127693,22.24473,22.453749,25.144135,21.884754,24.2022,15.028733,15.450936,15.0301485,15.4156,21.830902,23.75025,22.194641,24.717934,15.457899,16.062609,0.0,0.0,0.0,0.0,0.0,0.0,0.0,4.0
5602,2023.0,2.0,8.0,21.0,20.967781,22.72048,17.69681,17.4478,20.930407,22.38642,21.090847,23.006882,15.064305,15.495421,15.030036,15.422115,20.982988,22.242008,20.916368,22.34906,19.58591,22.940968,4.0,4.0,0.0,4.0,0.0,0.0,0.0,0.0
5603,2023.0,2.0,8.0,21.0,21.639326,23.938389,20.236195,22.6619,21.194036,23.020264,21.166876,23.235205,19.882683,23.603998,15.030872,15.430646,21.926441,23.91507,21.21489,23.068485,16.017912,15.686803,4.0,0.0,0.0,0.0,0.0,0.0,0.0,0.0
5604,2023.0,2.0,8.0,22.0,22.079988,24.736938,20.07432,22.142216,22.253263,24.821133,21.979877,24.73789,16.10448,15.850447,15.0308275,15.436562,21.645277,23.315197,22.124403,24.568317,15.316172,15.544136,0.0,0.0,0.0,0.0,0.0,0.0,0.0,4.0
5605,2023.0,2.0,8.0,22.0,20.917204,22.573936,17.369577,16.838545,20.930365,22.481314,20.953104,22.753841,15.084606,15.133987,15.030651,15.440004,21.081148,22.456964,21.036732,22.747068,20.471607,24.25474,0.0,0.0,4.0,0.0,0.0,0.0,4.0,4.0
5606,2023.0,2.0,8.0,22.0,21.114246,23.015509,16.285854,15.8148985,21.087051,22.871483,21.112928,23.143631,15.170862,15.420917,15.015423,15.406952,21.071138,22.49092,21.120853,22.950771,20.0581,23.20321,0.0,4.0,0.0,4.0,4.0,0.0,0.0,0.0
5607,2023.0,2.0,8.0,22.0,21.113176,23.06166,16.479425,16.45145,21.089092,22.959042,21.119307,23.120657,19.981697,23.505093,19.325695,22.516642,21.070906,22.524652,22.65161,25.592514,16.524395,16.096825,4.0,0.0,0.0,0.0,0.0,0.0,0.0,0.0
5608,2023.0,2.0,8.0,22.0,21.906372,24.339056,20.220873,23.182087,21.159967,23.055609,21.160015,23.17262,16.352999,16.085518,16.583868,16.882996,21.724037,23.640245,22.53067,25.126667,15.618916,15.572079,0.0,4.0,0.0,0.0,0.0,0.0,0.0,4.0
5609,2023.0,2.0,8.0,22.0,20.926,22.552673,17.765863,18.012798,21.117905,22.972754,21.062916,22.99521,15.027256,14.824442,15.046709,14.99312,20.957363,22.225258,20.901615,22.24673,20.535666,24.048265,0.0,0.0,4.0,4.0,4.0,0.0,0.0,4.0
5610,2023.0,2.0,8.0,23.0,21.135801,23.0332,16.600536,16.6533,21.088436,22.876728,21.095818,23.103289,19.62197,22.711985,20.142632,23.603838,21.135878,22.621635,21.111326,22.788342,20.06402,22.953161,4.0,4.0,0.0,0.0,4.0,0.0,0.0,0.0
5611,2023.0,2.0,8.0,23.0,18.602024,18.194283,16.423159,16.48539,18.959887,18.795471,18.832281,18.695011,16.300177,15.987432,17.1488,17.51772,19.27516,19.061876,19.026075,18.857027,17.35498,17.470175,4.0,4.0,4.0,0.0,0.0,0.0,0.0,4.0
5612,2023.0,2.0,8.0,23.0,17.428587,16.565554,15.301939,14.431379,17.428574,16.402521,17.272018,16.27148,15.337295,14.931911,15.601005,15.225094,18.539423,18.10152,18.143873,17.74821,16.487692,16.393368,0.0,0.0,0.0,0.0,0.0,0.0,0.0,4.0
5613,2023.0,2.0,8.0,23.0,17.45218,17.115894,15.164906,14.47773,16.759634,15.603722,16.58794,15.46989,15.078357,14.725918,15.156693,14.742587,18.196714,17.753601,17.688698,17.283749,16.154707,16.069954,4.0,0.0,0.0,0.0,0.0,0.0,0.0,4.0
5614,2023.0,2.0,8.0,23.0,17.24248,16.969772,15.092831,14.474567,16.370712,15.24557,16.718363,16.151764,15.017213,14.858126,15.009639,14.755134,17.930548,17.505585,17.344551,16.9627,15.166614,14.461263,4.0,0.0,0.0,0.0,0.0,0.0,0.0,0.0
5615,2023.0,2.0,8.0,23.0,16.936964,16.672163,15.024499,14.521434,16.502731,15.934627,17.331188,17.514544,15.028925,15.05185,15.016964,14.961542,17.652308,17.2357,16.988684,16.61722,15.050099,14.726315,0.0,0.0,4.0,0.0,4.0,0.0,0.0,0.0
5616,2023.0,2.0,9.0,0.0,16.66037,16.398584,15.031412,14.640919,16.423603,15.946116,16.195942,15.341314,15.027274,15.166117,15.033312,15.135271,17.413033,17.009165,16.684536,16.329031,15.034439,14.889119,0.0,0.0,0.0,0.0,0.0,0.0,0.0,0.0
5617,2023.0,2.0,9.0,0.0,16.419338,16.16174,15.0107,14.723786,16.195312,15.720927,15.407096,14.349752,15.031005,15.256677,15.032464,15.224399,17.184114,16.766832,16.402222,16.042976,15.02631,15.035346,0.0,0.0,0.0,0.0,0.0,0.0,0.0,0.0
5618,2023.0,2.0,9.0,0.0,16.22609,15.987366,15.013063,14.821176,16.003807,15.551389,16.35601,16.47098,15.028029,15.31103,15.014417,15.245249,17.00299,16.597898,16.180622,15.843814,15.023866,15.1444235,0.0,0.0,4.0,0.0,4.0,0.0,0.0,0.0
5619,2023.0,2.0,9.0,0.0,16.038525,15.801545,15.014382,14.896094,15.820075,15.375566,15.533772,14.717644,15.030006,15.36103,15.036039,15.3460865,16.834085,16.430986,15.965778,15.624709,15.02637,15.232507,0.0,0.0,0.0,0.0,0.0,0.0,0.0,0.0
5620,2023.0,2.0,9.0,0.0,15.854809,15.604656,15.026044,14.981861,15.638152,15.184436,15.011344,14.154422,15.055715,15.44962,15.059827,15.437158,16.673178,16.261513,15.761788,15.409714,15.044687,15.33769,0.0,0.0,0.0,0.0,0.0,0.0,0.0,0.0
5621,2023.0,2.0,9.0,0.0,15.717216,15.48273,15.014723,15.000552,15.497619,15.060397,15.205214,14.74349,15.025072,15.410293,15.011543,15.352262,16.542797,16.137386,15.597038,15.252778,15.024007,15.334412,0.0,0.0,0.0,0.0,4.0,0.0,0.0,0.0
5622,2023.0,2.0,9.0,1.0,15.57651,15.338915,15.031299,15.076501,15.354197,14.916249,15.18305,14.76352,15.059746,15.502859,15.064149,15.502382,16.416977,16.009455,15.439428,15.092732,15.05122,15.429902,0.0,0.0,0.0,0.0,0.0,0.0,0.0,0.0
5623,2023.0,2.0,9.0,1.0,15.452941,15.2187805,15.033406,15.108327,15.2278385,14.795295,15.067731,14.65261,15.012672,15.387572,15.038432,15.432001,16.305035,15.898091,15.2990885,14.9536295,15.054373,15.457335,0.0,0.0,0.0,4.0,4.0,0.0,0.0,0.0
5624,2023.0,2.0,9.0,1.0,16.160326,16.652102,15.049191,15.138207,15.120273,14.702379,15.000391,14.63487,15.039185,15.495386,15.035844,15.467378,16.207626,15.807073,15.176796,14.839149,15.026895,15.431594,4.0,0.0,0.0,0.0,0.0,0.0,0.0,0.0
5625,2023.0,2.0,9.0,1.0,15.676677,15.583767,15.017032,15.129492,15.01016,14.595946,15.00921,14.731489,15.032862,15.501801,15.035077,15.480217,16.111,15.709813,15.056872,14.719549,15.031228,15.46425,0.0,0.0,0.0,0.0,0.0,0.0,0.0,0.0
5626,2023.0,2.0,9.0,1.0,14.955324,14.477193,15.020365,15.161153,15.009558,14.685105,15.010331,14.797588,15.033821,15.514815,15.0353155,15.490789,16.016993,15.6117325,15.0028305,14.718078,15.031343,15.484699,0.0,0.0,0.0,0.0,0.0,0.0,0.0,0.0
5627,2023.0,2.0,9.0,1.0,15.032755,14.733153,15.040719,15.223211,15.010469,14.758581,15.016309,14.868311,15.01711,15.461474,15.069597,15.566933,15.930243,15.524126,15.010337,14.806578,15.061564,15.563001,0.0,0.0,0.0,4.0,0.0,0.0,0.0,0.0
5628,2023.0,2.0,9.0,2.0,15.049914,14.849447,15.041685,15.236803,15.013885,14.817651,15.019362,14.917163,15.105829,15.649381,15.043394,15.493197,15.850845,15.44462,15.013884,14.858613,15.061861,15.568229,0.0,0.0,0.0,0.0,4.0,0.0,0.0,0.0
5629,2023.0,2.0,9.0,2.0,15.001662,14.825285,15.040714,15.249319,15.017365,14.869865,15.0221,14.961399,15.10311,15.595404,15.070983,15.5859785,15.777146,15.373256,15.017695,14.906237,15.0625105,15.582277,0.0,0.0,0.0,0.0,0.0,0.0,0.0,0.0
5630,2023.0,2.0,9.0,2.0,15.006766,14.909163,15.041527,15.264479,15.01974,14.914086,15.024524,15.000619,15.064166,15.548422,15.070461,15.579433,15.70775,15.30612,15.019317,14.9427,15.063788,15.595869,0.0,0.0,0.0,0.0,0.0,0.0,0.0,0.0
5631,2023.0,2.0,9.0,2.0,15.010236,14.965188,15.042287,15.278458,15.021298,14.952563,15.026037,15.034785,15.015994,15.4506235,15.070957,15.585775,15.641926,15.242503,15.022176,14.977796,15.064215,15.60704,0.0,0.0,0.0,4.0,0.0,0.0,0.0,0.0
5632,2023.0,2.0,9.0,2.0,15.013405,15.014138,15.043328,15.292505,15.023436,14.988931,15.027443,15.066246,15.106262,15.657588,15.070739,15.589175,15.579305,15.18205,15.02323,15.005355,15.065785,15.619956,0.0,0.0,0.0,0.0,0.0,0.0,0.0,0.0
5633,2023.0,2.0,9.0,2.0,15.015831,15.055754,15.044046,15.30537,15.025868,15.0229225,15.029419,15.096607,15.103048,15.607041,15.071233,15.594304,15.519575,15.124454,15.02508,15.032469,15.065922,15.629055,0.0,0.0,0.0,0.0,0.0,0.0,0.0,0.0
5634,2023.0,2.0,9.0,3.0,15.017628,15.091996,15.044892,15.3182,15.02732,15.052614,15.031197,15.124514,15.0646105,15.564578,15.071509,15.598693,15.462451,15.069434,15.027564,15.058297,15.005646,15.483553,0.0,0.0,0.0,0.0,0.0,0.0,0.0,4.0
5635,2023.0,2.0,9.0,3.0,15.019965,15.126282,15.045287,15.329895,15.028598,15.0804405,15.032203,15.149284,15.017652,15.470848,15.071482,15.60261,15.409291,15.019983,15.028557,15.079476,15.042953,15.560751,0.0,0.0,0.0,4.0,0.0,0.0,0.0,4.0
5636,2023.0,2.0,9.0,3.0,15.020753,15.155099,15.045707,15.341447,15.0296545,15.106347,15.033666,15.173775,15.058992,15.552407,15.0711975,15.60615,15.358738,14.973081,15.029768,15.100339,15.101127,15.694633,0.0,0.0,0.0,4.0,0.0,0.0,0.0,0.0
5637,2023.0,2.0,9.0,3.0,15.021694,15.182405,15.046749,15.35394,15.031251,15.132119,15.033768,15.193955,15.105551,15.65753,15.07128,15.6104765,15.310212,14.928161,15.03173,15.122667,15.098603,15.657863,0.0,0.0,0.0,0.0,0.0,0.0,0.0,0.0
5638,2023.0,2.0,9.0,3.0,15.024019,15.21069,15.046728,15.363992,15.032548,15.156046,15.034589,15.214034,15.102319,15.624404,15.044969,15.544668,15.263448,14.884961,15.033205,15.143318,15.06362,15.617871,0.0,0.0,0.0,0.0,4.0,0.0,0.0,0.0
5639,2023.0,2.0,9.0,3.0,15.024474,15.232668,15.0475,15.3756485,15.033586,15.178519,15.035385,15.23274,15.064571,15.5841875,15.07263,15.635468,15.218248,14.843285,15.033516,15.161032,15.005149,15.493479,0.0,0.0,0.0,0.0,0.0,0.0,0.0,4.0
5640,2023.0,2.0,9.0,4.0,15.473269,16.078362,15.022026,15.339912,15.015738,15.16438,15.017304,15.215761,15.031587,15.553857,15.031583,15.557089,15.175505,14.805065,15.016338,15.146168,15.060644,15.634981,0.0,0.0,0.0,0.0,0.0,0.0,0.0,0.0
5641,2023.0,2.0,9.0,4.0,14.944425,15.068757,15.026007,15.360308,15.018659,15.190298,15.020303,15.239539,15.035771,15.582585,15.037833,15.576437,15.132781,14.765835,15.020071,15.171435,15.049314,15.603715,0.0,0.0,0.0,0.0,0.0,0.0,0.0,0.0
5642,2023.0,2.0,9.0,4.0,15.065809,15.326881,15.0496235,15.418634,15.035837,15.244159,15.038728,15.29344,15.070105,15.666019,15.046398,15.579981,15.092109,14.729214,15.037355,15.22346,15.040558,15.542273,0.0,0.0,0.0,0.0,4.0,0.0,0.0,4.0
5643,2023.0,2.0,9.0,4.0,15.060972,15.288328,15.049438,15.420308,15.036172,15.255689,15.038924,15.302471,15.069298,15.664646,15.073034,15.657132,15.053489,14.694796,15.0381975,15.234852,15.10027,15.70657,0.0,0.0,0.0,0.0,0.0,0.0,0.0,0.0
5644,2023.0,2.0,9.0,4.0,15.024191,15.260018,15.050186,15.431087,15.036864,15.272387,15.0403385,15.319224,15.06959,15.674209,15.07249,15.64818,15.015633,14.661078,15.039388,15.251554,15.097389,15.675455,0.0,0.0,0.0,0.0,0.0,0.0,0.0,0.0
5645,2023.0,2.0,9.0,4.0,15.027796,15.305875,15.05068,15.440512,15.037989,15.288986,15.040652,15.332756,15.06919,15.68027,15.04545,15.579136,15.002088,14.673343,15.040275,15.266735,15.065336,15.646819,0.0,0.0,0.0,0.0,4.0,0.0,0.0,0.0
5646,2023.0,2.0,9.0,5.0,15.028536,15.330915,15.050926,15.449572,15.038966,15.304774,15.041807,15.348046,15.069566,15.687532,15.07297,15.667429,15.00292,14.703765,15.04053,15.280559,15.065986,15.677313,0.0,0.0,0.0,0.0,0.0,0.0,0.0,0.0
5647,2023.0,2.0,9.0,5.0,15.030114,15.355853,15.0509205,15.458388,15.03927,15.319072,15.042061,15.361168,15.021015,15.567367,15.071569,15.656061,15.005031,14.730053,15.041014,15.294772,15.067744,15.69705,0.0,0.0,0.0,4.0,0.0,0.0,0.0,0.0
5648,2023.0,2.0,9.0,5.0,15.030958,15.3762,15.051146,15.467791,15.039725,15.333541,15.042562,15.374944,15.071319,15.728751,15.071282,15.658238,15.00626,14.751852,15.041878,15.309307,15.067909,15.710459,0.0,0.0,0.0,0.0,0.0,0.0,0.0,0.0
5649,2023.0,2.0,9.0,5.0,15.031881,15.395106,15.051358,15.477126,15.0405,15.348298,15.042978,15.388203,15.07047,15.712643,15.071213,15.659448,15.007005,14.770793,15.041528,15.320862,15.068871,15.723134,0.0,0.0,0.0,0.0,0.0,0.0,0.0,0.0
5650,2023.0,2.0,9.0,5.0,15.033364,15.41377,15.0515785,15.486439,15.040837,15.361802,15.043572,15.401613,15.070172,15.716239,15.071009,15.66058,15.008064,14.788834,15.043216,15.336245,15.007636,15.575564,0.0,0.0,0.0,0.0,0.0,0.0,0.0,4.0
5651,2023.0,2.0,9.0,5.0,15.032905,15.427374,15.051493,15.495037,15.041417,15.37555,15.043906,15.41397,15.070028,15.717694,15.0703745,15.660913,15.008187,14.803558,15.042301,15.345425,15.102336,15.803218,0.0,0.0,0.0,0.0,0.0,0.0,0.0,0.0
5652,2023.0,2.0,9.0,6.0,15.034393,15.444519,15.051783,15.50436,15.042356,15.389616,15.044779,15.427234,15.069784,15.719161,15.07008,15.661996,15.009117,14.819074,15.043022,15.358115,15.038565,15.595077,0.0,0.0,0.0,0.0,0.0,0.0,0.0,4.0
5653,2023.0,2.0,9.0,6.0,19.648499,23.383368,15.024027,15.463537,19.643826,23.28324,19.616974,23.270433,15.002361,15.572841,15.015849,15.550846,19.133884,21.809496,20.02027,23.971022,18.991964,22.465948,0.0,0.0,0.0,4.0,4.0,0.0,0.0,0.0
5654,2023.0,2.0,9.0,6.0,20.40999,24.253199,15.027928,15.481904,20.49254,24.307602,20.456501,24.283363,19.394041,23.219402,19.057682,22.528053,19.806532,22.782686,20.72496,24.68151,15.102282,15.349679,0.0,0.0,0.0,0.0,0.0,0.0,0.0,0.0
5655,2023.0,2.0,9.0,6.0,20.832617,24.51556,15.026726,15.487385,20.916985,24.557983,20.874039,24.527742,15.802124,15.64362,16.322443,16.674524,20.190847,23.035912,21.127491,24.893478,15.131141,15.560364,0.0,0.0,0.0,0.0,0.0,0.0,0.0,0.0
5656,2023.0,2.0,9.0,6.0,21.129622,24.716919,15.027262,15.495591,21.120075,24.583231,21.12787,24.648733,15.126283,15.441571,15.025632,15.185409,20.718382,23.660072,21.810135,25.71826,15.019106,15.438193,0.0,0.0,0.0,0.0,0.0,0.0,0.0,0.0
5657,2023.0,2.0,9.0,6.0,21.102877,24.40735,15.027038,15.503217,21.106012,24.298058,21.107338,24.352438,15.017631,15.344641,15.035412,15.323953,21.061785,23.9802,22.20806,26.070992,15.058125,15.535239,0.0,0.0,0.0,0.0,0.0,0.0,0.0,4.0
5658,2023.0,2.0,9.0,7.0,21.112963,24.243496,15.005226,15.449151,21.113914,24.126467,21.116549,24.186779,15.032248,15.441798,15.014292,15.344929,21.219534,23.994165,22.368708,26.038847,19.754505,23.612968,4.0,0.0,0.0,0.0,4.0,0.0,0.0,4.0
5659,2023.0,2.0,9.0,7.0,21.108633,24.098206,19.16684,22.634577,21.10931,23.977402,21.11183,24.039782,15.085856,15.551753,19.70239,23.389494,21.429552,24.194365,22.595104,26.249512,20.08141,23.658936,0.0,0.0,0.0,4.0,4.0,0.0,0.0,4.0
5660,2023.0,2.0,9.0,7.0,21.083033,23.925344,16.81539,17.496458,21.107178,23.865353,21.109411,23.926958,20.238749,24.281618,19.944427,23.391016,21.067247,23.36507,22.525326,25.917543,20.143826,23.380865,4.0,0.0,0.0,4.0,0.0,0.0,0.0,4.0
5661,2023.0,2.0,9.0,7.0,21.108688,23.915842,19.873217,23.34721,21.10423,23.77434,21.106419,23.83508,19.476948,22.569237,17.204683,17.709587,21.469666,23.981405,22.651304,25.99313,20.10188,23.019392,4.0,0.0,0.0,0.0,4.0,0.0,0.0,4.0
5662,2023.0,2.0,9.0,7.0,21.133635,23.825407,19.430943,22.206068,21.139978,23.777512,21.140036,23.833534,16.137794,15.830119,19.128668,21.595877,21.43084,23.780308,22.169565,24.916876,20.13183,22.904516,0.0,0.0,0.0,0.0,0.0,0.0,0.0,0.0
5663,2023.0,2.0,9.0,7.0,21.129045,23.749489,16.407837,16.180536,21.10153,23.642773,21.103476,23.702316,15.325469,15.356973,16.713585,16.663397,21.811262,24.322458,21.511885,23.934607,16.93268,16.597996,0.0,0.0,0.0,4.0,4.0,0.0,0.0,0.0
5664,2023.0,2.0,9.0,8.0,21.240967,23.815453,15.198843,14.819858,21.43263,24.012444,21.30512,23.88081,19.629925,22.709133,20.225183,23.289442,21.62971,23.812883,22.189322,24.894295,15.317728,14.657754,4.0,0.0,0.0,0.0,4.0,4.0,0.0,0.0
5665,2023.0,2.0,9.0,8.0,18.363222,18.210049,19.39769,22.347828,19.103865,19.412958,18.882542,19.107807,16.37709,16.169104,20.058006,22.82546,18.995451,18.931107,19.550753,19.685566,17.048754,16.853596,0.0,0.0,0.0,0.0,4.0,0.0,0.0,0.0
5666,2023.0,2.0,9.0,8.0,17.100988,16.958479,16.95509,17.108166,17.314568,17.073168,17.825792,18.162254,15.401476,15.430997,20.124962,22.690138,17.510178,16.774162,17.790949,17.526731,15.353303,15.1618595,4.0,0.0,4.0,4.0,4.0,0.0,0.0,0.0
5667,2023.0,2.0,9.0,8.0,16.705893,16.581984,20.046696,23.304144,16.693254,16.373158,17.613823,18.006996,19.916138,23.123238,20.113258,22.47719,16.900938,16.114414,18.215866,18.849764,15.341688,15.092913,4.0,0.0,4.0,0.0,4.0,0.0,4.0,0.0
5668,2023.0,2.0,9.0,8.0,16.364807,16.246353,20.055944,22.902248,17.012512,17.304384,16.243742,15.616931,16.582031,16.411333,20.111067,22.333841,16.94443,16.56466,16.924713,16.38084,15.253938,15.015369,4.0,4.0,0.0,0.0,4.0,0.0,0.0,0.0
5669,2023.0,2.0,9.0,8.0,16.851862,17.415092,20.120724,22.752321,16.404966,16.217875,15.444015,14.654468,15.132199,14.869244,20.108324,22.22115,16.869389,16.562262,16.067745,15.414526,17.147306,17.403055,4.0,0.0,0.0,0.0,4.0,0.0,0.0,0.0
5670,2023.0,2.0,9.0,9.0,16.25839,16.275608,20.125858,22.588366,16.145382,16.01958,15.089214,14.304533,17.266117,17.463379,20.106087,22.131989,17.527708,17.986874,15.67674,15.032935,16.003746,16.648289,0.0,4.0,0.0,0.0,4.0,4.0,0.0,4.0
5671,2023.0,2.0,9.0,9.0,16.116642,16.270874,17.587584,17.570305,16.039845,15.952123,15.951066,16.216616,15.899524,16.358416,20.11928,22.103348,17.285166,17.337261,15.705522,15.401291,19.668896,23.019913,4.0,4.0,4.0,4.0,0.0,4.0,0.0,0.0
5672,2023.0,2.0,9.0,9.0,16.08249,16.277603,20.145428,22.835697,15.912595,15.844902,15.5636425,14.955713,20.383263,24.015787,17.510643,17.060602,16.377008,15.796156,15.62976,15.381173,17.073095,17.484245,0.0,4.0,0.0,4.0,0.0,0.0,0.0,4.0
5673,2023.0,2.0,9.0,9.0,15.277828,14.864151,17.676992,17.759146,15.800158,15.750687,15.006311,14.514821,20.071295,23.141556,16.374664,15.981733,15.908429,15.2381,16.590338,17.351967,20.327396,23.643677,4.0,4.0,0.0,0.0,0.0,0.0,4.0,0.0
5674,2023.0,2.0,9.0,9.0,15.831274,15.166504,20.143707,22.887434,15.428591,14.811897,15.646903,14.807611,16.802872,16.565351,16.456192,16.469456,16.538136,16.61585,15.561453,15.106845,16.850513,16.69303,0.0,0.0,0.0,0.0,4.0,4.0,0.0,0.0
5675,2023.0,2.0,9.0,9.0,15.616884,15.824424,17.630278,17.692005,15.473785,15.394057,15.932576,16.192429,15.158458,14.544645,20.386948,23.339533,16.015839,15.470896,15.797702,15.734466,15.678919,15.439693,4.0,4.0,0.0,0.0,0.0,0.0,0.0,0.0
5676,2023.0,2.0,9.0,10.0,15.697712,15.950499,20.092327,22.801743,15.560642,15.55699,15.869341,16.288034,15.779576,16.173618,17.709337,17.983225,16.413141,16.50339,15.277993,14.699169,15.422301,15.232682,0.0,4.0,4.0,4.0,0.0,4.0,0.0,0.0
5677,2023.0,2.0,9.0,10.0,15.683384,15.967641,17.422235,17.31951,15.513359,15.538867,15.369286,15.288699,20.317085,23.918661,16.140537,15.921383,16.618303,16.73656,14.999411,14.59592,14.995607,14.813533,0.0,4.0,0.0,4.0,0.0,4.0,0.0,0.0
5678,2023.0,2.0,9.0,10.0,15.668329,15.974389,16.037886,15.75793,15.469119,15.5216055,15.008563,14.84408,20.063866,23.028118,15.678139,15.400468,15.901875,15.377605,15.03633,14.81712,15.025591,15.04694,0.0,4.0,0.0,0.0,0.0,0.0,0.0,0.0
5679,2023.0,2.0,9.0,10.0,15.646524,15.966923,15.723428,15.460274,15.431733,15.510974,15.025659,14.959298,16.965422,16.793816,15.388057,15.116493,15.540392,14.9578495,14.999102,14.819686,15.020197,15.153947,0.0,4.0,0.0,0.0,0.0,0.0,0.0,0.0
5680,2023.0,2.0,9.0,10.0,15.631849,15.971874,15.943018,16.117117,15.400272,15.505295,15.010574,15.019178,15.360987,14.774741,15.159379,14.893957,15.40736,14.829404,15.011379,14.915343,15.022413,15.239419,4.0,4.0,0.0,0.0,0.0,0.0,0.0,0.0
5681,2023.0,2.0,9.0,10.0,15.627233,15.994292,20.084892,23.450207,15.374808,15.5052,15.714959,16.120186,15.201537,14.920204,14.997683,14.777072,15.332109,14.775236,15.231154,15.018328,15.021155,15.29944,4.0,4.0,0.0,0.0,0.0,0.0,0.0,0.0
5682,2023.0,2.0,9.0,11.0,15.68318,15.94498,20.052382,22.903997,16.047459,16.616869,15.293616,15.155316,15.057543,14.828598,15.265235,15.402478,15.565537,15.32028,15.320697,15.118976,15.021236,15.343678,4.0,0.0,0.0,0.0,4.0,0.0,0.0,0.0
5683,2023.0,2.0,9.0,11.0,15.692424,15.935645,20.285961,22.906788,15.451502,15.621358,15.230539,15.061314,15.576753,15.647617,20.239658,23.637085,15.653983,15.446131,15.382215,15.182803,15.545611,16.043869,4.0,4.0,0.0,0.0,0.0,0.0,0.0,0.0
5684,2023.0,2.0,9.0,11.0,15.546154,15.921532,20.010763,22.24965,15.430228,15.622382,15.0029125,15.001048,15.544562,15.533066,17.508158,17.996126,15.638188,15.437476,16.110008,16.877659,15.010491,15.202565,4.0,4.0,0.0,0.0,0.0,0.0,4.0,0.0
5685,2023.0,2.0,9.0,11.0,15.683783,16.113716,20.106955,22.320274,15.403806,15.615419,15.516532,16.043526,14.993254,14.917573,15.753326,15.595444,15.622388,15.427993,15.207482,14.889079,15.048203,15.336439,4.0,4.0,4.0,0.0,0.0,0.0,0.0,0.0
5686,2023.0,2.0,9.0,11.0,16.106401,16.821005,20.091326,22.202377,15.380674,15.611325,14.981557,15.062936,15.01976,15.075477,15.354284,15.127603,15.6086445,15.420266,15.036183,14.92617,15.017148,15.332548,4.0,4.0,0.0,0.0,0.0,0.0,0.0,0.0
5687,2023.0,2.0,9.0,11.0,15.607545,16.071516,20.108143,22.185465,14.981835,14.972445,15.036205,15.21824,15.536177,16.12087,15.151832,14.92625,15.596933,15.414675,15.014782,14.948343,15.0209,15.372732,0.0,0.0,0.0,4.0,0.0,0.0,0.0,0.0
5688,2023.0,2.0,9.0,12.0,15.69817,16.175959,18.071825,18.218885,15.209056,15.445559,15.023292,15.22828,19.704275,23.17543,15.012878,14.802352,15.587147,15.41114,15.008583,14.997521,15.489929,16.25203,4.0,4.0,0.0,0.0,0.0,0.0,0.0,4.0
5689,2023.0,2.0,9.0,12.0,20.410168,24.318304,20.232006,22.70395,20.37184,24.4384,19.987562,23.874962,16.670317,16.71506,15.012569,14.906436,20.75485,24.197166,20.60293,24.517256,19.583525,23.24239,0.0,4.0,0.0,0.0,0.0,4.0,0.0,0.0
5690,2023.0,2.0,9.0,12.0,20.973074,24.818422,17.729149,17.65791,20.787722,24.589443,20.829685,24.837898,14.988193,14.645269,15.009463,14.965966,21.05599,24.412048,21.112692,25.026047,16.342451,16.380846,0.0,4.0,0.0,0.0,0.0,4.0,0.0,0.0
5691,2023.0,2.0,9.0,12.0,21.148724,24.695635,16.508476,16.316114,20.85398,24.22878,21.153694,24.930984,15.02356,14.885415,15.010846,15.016656,20.61292,23.191145,21.743284,25.610048,15.773797,16.302113,0.0,0.0,0.0,0.0,0.0,0.0,0.0,4.0
5692,2023.0,2.0,9.0,12.0,21.122435,24.363604,16.20702,16.036978,21.128963,24.368738,21.10247,24.492336,15.0112705,14.974962,15.01064,15.051982,21.58577,24.59534,22.41393,26.405256,20.35084,24.186678,0.0,4.0,0.0,0.0,0.0,4.0,0.0,4.0
5693,2023.0,2.0,9.0,12.0,21.120134,24.144514,15.929665,15.764362,21.124844,24.126024,21.086124,24.20709,15.013045,15.056564,15.01085,15.0798,21.370441,23.939016,20.931993,23.44283,20.056221,23.173725,0.0,0.0,4.0,0.0,0.0,0.0,0.0,0.0
5694,2023.0,2.0,9.0,13.0,21.116888,23.980227,15.69422,15.534121,21.097551,23.869715,21.086296,24.041914,15.013075,15.112382,15.011072,15.102006,21.563652,24.069302,21.11391,23.698935,16.973007,16.916233,0.0,4.0,4.0,0.0,0.0,0.0,0.0,0.0
5695,2023.0,2.0,9.0,13.0,21.09389,23.856432,15.962154,16.213829,21.122263,23.803991,21.105915,23.914827,15.013438,15.153873,15.011483,15.119805,21.013876,22.893223,22.606647,26.092585,15.4950285,15.078954,4.0,0.0,4.0,0.0,0.0,4.0,0.0,0.0
5696,2023.0,2.0,9.0,13.0,21.678366,24.611374,20.228382,23.759779,21.11464,23.682993,21.123455,23.84614,15.013624,15.184668,15.011651,15.133681,21.523935,23.682112,22.533068,25.817726,16.102684,16.585068,4.0,0.0,0.0,0.0,0.0,0.0,0.0,4.0
5697,2023.0,2.0,9.0,13.0,22.00665,25.199158,20.043505,22.889599,22.040182,25.15686,22.33455,25.759432,15.0134535,15.207227,15.011529,15.143203,21.708452,23.941202,22.164278,25.275873,20.336466,23.862612,4.0,0.0,4.0,0.0,0.0,4.0,0.0,0.0
5698,2023.0,2.0,9.0,13.0,22.358995,25.671324,20.116554,22.73233,21.907928,24.644442,22.049347,24.958986,15.013799,15.222618,15.011304,15.1482,22.139048,24.568085,22.27312,25.114626,17.11274,17.12488,0.0,4.0,4.0,0.0,0.0,0.0,0.0,0.0
5699,2023.0,2.0,9.0,13.0,20.929571,22.994394,17.518179,17.52994,20.922016,22.909771,20.92773,22.955725,15.440829,16.023352,15.010845,15.150684,20.964874,22.355457,20.896824,22.608334,15.51529,15.127274,0.0,4.0,4.0,4.0,0.0,0.0,0.0,0.0
5700,2023.0,2.0,9.0,14.0,21.129478,23.442757,16.772749,17.032011,21.139366,23.374392,21.137936,23.427021,20.263058,24.070347,15.0116415,15.157505,21.198282,22.827745,21.710175,24.312674,15.334998,15.148911,4.0,0.0,0.0,0.0,0.0,4.0,0.0,0.0
5701,2023.0,2.0,9.0,14.0,18.674639,18.73462,20.234898,23.295057,19.110968,19.449593,19.022198,19.34699,16.940245,17.119902,15.01195,15.164908,19.080257,18.789225,19.008099,19.101906,15.20979,15.053138,0.0,4.0,4.0,0.0,0.0,0.0,0.0,0.0
5702,2023.0,2.0,9.0,14.0,18.315084,18.974724,17.893791,18.37891,18.041355,18.180233,17.937366,18.097546,15.181147,14.846982,15.011902,15.171964,18.048624,17.511522,17.859234,17.683964,15.044275,14.895984,0.0,4.0,4.0,0.0,0.0,0.0,0.0,0.0
5703,2023.0,2.0,9.0,14.0,17.95482,18.366709,16.375565,16.326683,17.672651,17.813087,16.909687,16.508802,15.025863,14.853074,15.0126,15.181167,17.652891,17.106007,17.367313,17.161285,15.009633,14.963137,0.0,4.0,0.0,0.0,0.0,0.0,0.0,0.0
5704,2023.0,2.0,9.0,14.0,17.620922,18.025766,15.9683485,15.855797,16.765411,16.36203,16.996176,17.12716,15.01006,14.95291,15.012894,15.190651,17.64485,17.380363,18.115984,18.88237,15.82348,16.588114,0.0,0.0,4.0,0.0,0.0,0.0,4.0,4.0
5705,2023.0,2.0,9.0,14.0,17.41771,17.836374,15.718113,15.599126,16.895853,17.005442,16.337198,15.991149,15.013111,15.049954,15.013335,15.201041,18.356098,18.863634,18.045765,18.587006,19.795265,23.278818,0.0,4.0,0.0,0.0,0.0,4.0,4.0,0.0
5706,2023.0,2.0,9.0,15.0,16.558973,16.387087,15.9826355,16.26552,16.945532,17.149487,15.827278,15.394868,15.550057,16.12594,15.013817,15.211996,18.266352,18.543797,16.912918,16.617168,17.378778,18.018633,4.0,4.0,0.0,4.0,0.0,4.0,0.0,4.0
5707,2023.0,2.0,9.0,15.0,16.067476,15.815949,20.125145,23.453917,16.171185,15.824715,15.5628195,15.133274,20.241718,24.08408,15.014444,15.222832,17.423925,17.076784,16.295841,15.896057,20.25522,23.632038,0.0,0.0,0.0,4.0,0.0,0.0,0.0,0.0
5708,2023.0,2.0,9.0,15.0,15.836499,15.592873,17.783484,18.411177,16.38584,16.539959,16.325409,16.78155,20.052217,23.214132,15.069685,15.3180895,16.947708,16.488129,16.014448,15.614992,17.208227,17.301882,0.0,4.0,4.0,0.0,4.0,0.0,0.0,0.0
5709,2023.0,2.0,9.0,15.0,15.654194,15.42,16.159948,16.177074,16.512465,16.75846,15.739806,15.51733,17.067308,17.116056,20.050663,23.568478,16.731962,16.266438,15.8078785,15.419547,15.623927,15.296123,0.0,4.0,0.0,0.0,0.0,0.0,0.0,0.0
5710,2023.0,2.0,9.0,15.0,15.726401,15.729321,16.196825,16.502892,16.451519,16.711262,15.215088,14.834436,15.5674925,15.210707,17.38915,18.036432,16.580748,16.12458,15.824878,15.639715,16.345158,17.034916,4.0,4.0,0.0,0.0,0.0,0.0,0.0,4.0
5711,2023.0,2.0,9.0,15.0,15.700419,15.745815,20.286177,23.638681,15.729755,15.422083,15.041817,14.645068,16.196272,16.698881,15.954206,15.794199,16.69919,16.483456,15.774156,15.624836,20.395826,24.012712,4.0,0.0,0.0,4.0,0.0,0.0,0.0,4.0
5712,2023.0,2.0,9.0,16.0,15.617117,15.676089,20.04896,22.761082,16.00085,16.197685,15.120131,14.949369,20.278399,23.69572,15.547189,15.363027,17.545244,18.126932,15.668702,15.529639,20.060242,22.977276,0.0,4.0,0.0,0.0,0.0,4.0,0.0,0.0
5713,2023.0,2.0,9.0,16.0,15.5349045,15.598894,17.802464,18.164753,16.172783,16.456966,15.859999,16.384953,17.74864,18.294418,15.303817,15.130703,17.546597,17.884201,15.562438,15.430408,17.200243,17.211393,4.0,4.0,4.0,4.0,0.0,4.0,0.0,0.0
5714,2023.0,2.0,9.0,16.0,15.459558,15.518016,20.22627,22.795221,15.479714,15.190869,15.454761,15.525922,20.407234,23.1902,15.140174,14.969145,17.495373,17.805431,15.473239,15.346284,16.118578,15.720295,0.0,0.0,0.0,0.0,0.0,4.0,0.0,0.0
5715,2023.0,2.0,9.0,16.0,16.18285,16.940792,17.774527,17.830122,15.777802,15.992971,14.993355,14.85172,17.509562,17.51554,14.997672,14.864791,16.7322,16.381664,15.379535,15.25915,15.640993,15.236272,0.0,4.0,0.0,0.0,0.0,0.0,0.0,0.0
5716,2023.0,2.0,9.0,16.0,16.48614,17.307013,16.528395,16.401587,15.276059,14.971925,15.430335,15.719192,15.979214,15.581836,15.015133,15.0045185,17.160894,17.469736,15.289119,15.17311,15.504629,15.3217535,0.0,0.0,4.0,0.0,0.0,4.0,0.0,0.0
5717,2023.0,2.0,9.0,16.0,15.597023,15.56765,16.226582,16.102201,15.001272,14.697067,14.983472,14.886794,15.738798,15.550901,15.01299,15.082356,17.34362,17.66051,15.19956,15.081129,15.338714,15.188668,0.0,0.0,0.0,0.0,0.0,4.0,0.0,0.0
5718,2023.0,2.0,9.0,17.0,15.112111,14.9296875,15.969842,15.842717,15.541685,15.793464,15.372884,15.669106,15.548959,15.398326,15.01521,15.144438,16.564028,16.192823,15.115711,14.999141,15.143415,15.009282,0.0,4.0,4.0,0.0,0.0,0.0,0.0,0.0
5719,2023.0,2.0,9.0,17.0,15.002198,14.856136,16.221012,16.496342,15.720692,16.018753,15.505621,15.828865,15.318933,15.168651,15.016138,15.190585,16.187092,15.752599,15.030568,14.907984,15.964417,16.724293,4.0,4.0,4.0,0.0,0.0,0.0,0.0,4.0
5720,2023.0,2.0,9.0,17.0,15.600022,16.041332,20.071436,23.298435,15.70354,15.984283,15.489266,15.792823,15.110462,14.963707,15.0172415,15.227365,16.02162,15.572401,15.3139305,15.143834,19.97939,23.453754,0.0,4.0,4.0,0.0,0.0,0.0,0.0,0.0
5721,2023.0,2.0,9.0,17.0,15.817354,16.3013,18.014193,18.772678,15.665212,15.92449,14.9834795,14.945575,15.002825,14.927179,15.017599,15.253937,15.883655,15.421857,15.051327,14.9231615,16.892994,16.934351,4.0,4.0,0.0,0.0,0.0,0.0,0.0,0.0
5722,2023.0,2.0,9.0,17.0,15.809938,16.267078,20.153242,22.981947,15.619242,15.856669,15.550176,15.782694,15.015444,15.055385,15.019054,15.2762165,16.896315,17.470985,15.276623,15.090627,15.195462,14.780726,0.0,4.0,0.0,0.0,0.0,4.0,0.0,0.0
5723,2023.0,2.0,9.0,17.0,15.79492,16.236183,17.797953,18.040174,15.569546,15.784859,15.39382,15.620922,15.464508,15.961274,15.0188465,15.2889595,16.172657,15.7757225,14.993481,14.871936,15.060992,14.873487,4.0,4.0,4.0,4.0,0.0,0.0,0.0,0.0
5724,2023.0,2.0,9.0,18.0,15.400061,15.186754,20.163776,22.923557,15.516374,15.709258,15.368736,15.580424,20.35522,24.362581,14.999913,15.249962,15.695154,15.189971,16.310196,16.142595,15.891566,16.606253,0.0,4.0,4.0,4.0,4.0,0.0,0.0,4.0
5725,2023.0,2.0,9.0,18.0,20.640316,24.718388,17.778482,17.923727,20.51609,24.476603,20.304144,24.178827,20.03629,23.185184,19.636194,23.040045,19.746346,22.278263,21.406069,26.022696,20.391571,24.250948,4.0,4.0,4.0,4.0,0.0,0.0,4.0,4.0
5726,2023.0,2.0,9.0,18.0,20.657999,24.156292,20.119886,22.758556,20.216492,23.40252,20.531515,24.019676,20.130024,23.012112,17.19034,17.868378,20.411085,23.229502,20.513496,23.803064,20.033964,23.081486,0.0,0.0,4.0,0.0,4.0,0.0,0.0,4.0
5727,2023.0,2.0,9.0,18.0,21.031736,24.379133,17.522184,17.385765,20.921276,24.192207,20.866747,24.162424,17.09063,16.887463,19.798183,22.944925,21.128275,24.118727,20.825039,23.959698,20.126371,22.962442,0.0,4.0,4.0,0.0,0.0,4.0,0.0,0.0
5728,2023.0,2.0,9.0,18.0,21.107677,24.196074,16.722994,16.864923,21.121407,24.204262,21.138237,24.311884,15.541636,14.962237,17.395082,17.81999,20.72383,23.038479,21.45999,24.713585,17.093687,16.881266,4.0,4.0,4.0,0.0,0.0,0.0,0.0,0.0
5729,2023.0,2.0,9.0,18.0,21.140966,24.035894,20.308802,23.211472,21.10581,23.916767,21.129534,24.056765,15.070103,14.470026,15.670779,15.464895,21.075686,23.451437,22.60825,26.478956,16.565733,16.868118,4.0,4.0,0.0,0.0,0.0,0.0,0.0,4.0
5730,2023.0,2.0,9.0,19.0,22.106493,25.489738,20.049177,22.373127,21.896706,25.01503,21.837305,24.989153,15.145943,14.8727255,15.225174,14.98088,21.250515,23.549974,22.109743,25.092726,20.357634,23.543617,4.0,4.0,4.0,0.0,0.0,0.0,0.0,0.0
5731,2023.0,2.0,9.0,19.0,21.774052,24.661585,20.101448,22.26776,20.975233,23.242447,20.989534,23.350803,15.027189,14.809719,15.397066,15.53082,21.947477,24.609911,21.832857,24.674297,17.149935,16.94332,4.0,0.0,0.0,0.0,4.0,0.0,4.0,0.0
5732,2023.0,2.0,9.0,19.0,21.307451,23.60945,20.494537,22.608664,21.391119,23.814503,21.49194,23.987455,15.683829,15.866934,20.241537,23.586266,22.031271,24.54197,21.39828,23.501434,15.535812,14.95351,4.0,0.0,4.0,0.0,0.0,0.0,0.0,0.0
5733,2023.0,2.0,9.0,19.0,21.79948,24.559124,19.952015,21.623306,20.99657,23.061096,21.007967,23.139069,15.330363,15.187124,17.446394,17.855934,21.654772,23.722563,21.027214,22.94751,15.419932,15.168283,0.0,4.0,4.0,0.0,0.0,0.0,0.0,0.0
5734,2023.0,2.0,9.0,19.0,21.00135,23.004642,17.690002,17.302223,21.133171,23.319904,21.141924,23.402632,15.014509,14.947264,15.656233,15.447491,20.975117,22.480673,22.269123,25.19542,16.33177,17.043095,0.0,0.0,0.0,0.0,0.0,0.0,4.0,4.0
5735,2023.0,2.0,9.0,19.0,21.126947,23.293818,17.177467,17.214445,21.1127,23.241396,21.115583,23.320099,15.016522,15.036724,15.234176,14.981176,21.139097,22.840008,22.868155,26.015844,20.272285,23.696854,4.0,0.0,0.0,0.0,0.0,0.0,0.0,0.0
5736,2023.0,2.0,9.0,20.0,21.156513,23.349516,20.25868,22.818642,21.159863,23.35319,21.15954,23.374561,15.017062,15.098895,14.995846,14.781619,21.13689,22.829084,22.022274,24.167194,16.894022,16.652618,4.0,0.0,0.0,0.0,0.0,4.0,0.0,0.0
5737,2023.0,2.0,9.0,20.0,22.149647,24.99751,20.075708,22.195353,21.993423,24.847363,21.947994,24.81683,15.411135,15.875985,15.169541,15.2485895,21.583147,23.573654,21.9374,24.201986,15.237361,14.6437845,0.0,0.0,0.0,4.0,4.0,4.0,0.0,0.0
5738,2023.0,2.0,9.0,20.0,20.93077,22.794312,17.5211,17.13812,20.965664,22.850512,20.977083,22.93859,20.522804,24.421673,20.104921,23.44014,20.967329,22.350338,20.967314,22.45095,16.249516,16.956121,0.0,0.0,0.0,4.0,0.0,4.0,0.0,4.0
5739,2023.0,2.0,9.0,20.0,21.1055,23.198236,16.485449,16.115543,21.10283,23.150957,21.080692,23.159239,20.061481,23.189285,17.335316,17.733322,21.078913,22.569729,21.058458,22.733824,20.269733,23.677048,0.0,0.0,4.0,0.0,0.0,4.0,4.0,0.0
5740,2023.0,2.0,9.0,20.0,21.080898,23.17563,16.259441,15.932094,21.060394,23.057428,21.092659,23.220877,17.302162,17.46931,15.525937,15.302739,21.066793,22.538086,21.111664,22.909597,17.525862,17.823225,0.0,4.0,0.0,4.0,0.0,4.0,0.0,4.0
5741,2023.0,2.0,9.0,20.0,21.083963,23.192709,16.006145,15.681429,21.0913,23.143831,21.117115,23.216026,20.411343,23.385654,15.111841,14.84609,21.096666,22.60431,22.855762,25.946842,20.454195,23.498169,0.0,0.0,0.0,0.0,0.0,0.0,0.0,0.0
5742,2023.0,2.0,9.0,21.0,21.057098,23.121353,15.784109,15.459677,21.112694,23.12512,21.112492,23.164541,17.13184,16.834122,15.012667,14.873517,21.091108,22.571774,21.908064,24.172836,17.105661,16.78836,0.0,0.0,0.0,0.0,0.0,0.0,0.0,0.0
5743,2023.0,2.0,9.0,21.0,21.062117,23.134508,15.58819,15.262095,21.084526,23.003769,21.084383,23.129519,15.422919,14.747782,15.020999,15.003062,21.090858,22.55014,20.96657,22.432646,16.49474,16.749996,0.0,4.0,0.0,0.0,0.0,0.0,0.0,4.0
5744,2023.0,2.0,9.0,21.0,21.113565,23.20533,15.888716,15.970898,21.113855,23.049387,21.087978,23.144629,16.153875,16.57862,15.020027,15.081025,21.333485,23.015837,21.055183,22.685816,20.312105,23.222849,4.0,0.0,0.0,4.0,0.0,0.0,4.0,0.0
5745,2023.0,2.0,9.0,21.0,21.962107,24.520346,20.220581,23.602768,21.107725,23.005903,21.086758,23.142326,20.299084,23.443058,15.020992,15.139999,21.820847,23.709814,21.109621,22.848421,17.099209,16.767044,4.0,0.0,0.0,0.0,0.0,0.0,0.0,0.0
5746,2023.0,2.0,9.0,21.0,22.168676,24.753914,20.066202,22.769707,21.769928,24.13012,21.99742,24.803095,16.98775,16.700075,15.000834,15.130565,21.722378,23.45443,22.628798,25.470907,15.499798,14.85926,0.0,4.0,0.0,0.0,4.0,0.0,0.0,0.0
5747,2023.0,2.0,9.0,21.0,20.93451,22.570646,17.160978,16.85859,20.944714,22.60292,20.976046,22.812634,15.262019,14.587347,19.799118,23.105389,21.070969,22.402113,20.896353,22.26113,15.4399185,15.171683,0.0,0.0,0.0,0.0,0.0,0.0,0.0,0.0
5748,2023.0,2.0,9.0,22.0,21.099833,22.984247,15.991504,15.6308565,21.129005,22.962147,21.075497,23.017933,15.205469,14.904441,17.090912,17.503586,21.066038,22.434547,21.102865,22.76943,16.2792,16.882116,0.0,0.0,4.0,0.0,0.0,0.0,0.0,4.0
5749,2023.0,2.0,9.0,22.0,21.051474,22.916754,16.250078,16.314342,21.104176,22.8982,21.08921,23.080654,15.109352,14.843231,15.28047,15.039794,21.03791,22.385954,21.038218,22.67061,20.15623,23.248692,4.0,0.0,0.0,0.0,0.0,4.0,4.0,0.0
5750,2023.0,2.0,9.0,22.0,21.162035,23.172634,20.202675,23.331957,21.054216,22.819649,21.114502,23.073236,15.004756,14.824888,15.005203,14.845291,21.127604,22.60561,22.741064,25.62974,16.798979,16.449926,4.0,4.0,0.0,0.0,0.0,0.0,0.0,0.0
5751,2023.0,2.0,9.0,22.0,21.952671,24.567148,20.072897,22.616547,21.83822,24.167707,22.17944,24.821577,15.369428,15.623111,15.024205,15.002998,21.755316,23.68062,21.92535,24.102205,15.948418,15.954602,0.0,4.0,0.0,4.0,0.0,4.0,0.0,4.0
5752,2023.0,2.0,9.0,22.0,20.992388,22.688421,17.160664,16.737034,20.943155,22.458387,20.93412,22.565203,20.387371,24.017471,15.021184,15.077246,21.015936,22.220716,20.990303,22.318453,20.432041,23.615044,0.0,0.0,0.0,0.0,0.0,0.0,0.0,0.0
5753,2023.0,2.0,9.0,22.0,21.11848,22.944616,16.009228,15.576276,21.12946,22.83974,21.10703,22.964855,17.163694,17.370789,15.023176,15.137673,21.098597,22.382038,21.089258,22.628925,16.939539,16.540564,0.0,0.0,0.0,0.0,0.0,0.0,0.0,0.0
5754,2023.0,2.0,9.0,23.0,21.074284,22.832191,15.786756,15.378274,21.103897,22.785,21.056303,22.874802,15.435539,15.140962,15.024774,15.182041,21.088926,22.353193,21.077637,22.67418,15.699372,15.416238,0.0,0.0,4.0,0.0,0.0,0.0,0.0,0.0
5755,2023.0,2.0,9.0,23.0,18.655542,18.23122,15.560653,15.16436,19.694233,20.10525,19.0219,19.028154,15.074153,14.774824,15.008579,15.174654,19.425907,19.198153,19.115368,18.951794,15.444723,15.155834,0.0,4.0,0.0,0.0,4.0,0.0,0.0,0.0
5756,2023.0,2.0,9.0,23.0,17.253185,16.4507,15.354984,14.956997,18.250519,17.948624,17.185738,16.264597,15.01569,14.861458,15.013434,15.213525,18.556683,18.169992,18.051907,17.714283,15.200499,14.913608,0.0,0.0,0.0,0.0,4.0,0.0,0.0,0.0
5757,2023.0,2.0,9.0,23.0,16.695992,15.849188,15.174191,14.77221,17.636358,17.193344,16.395142,15.338588,15.305277,15.517113,15.029687,15.278083,19.006372,19.337322,17.59054,17.236315,14.991115,14.727896,0.0,4.0,0.0,4.0,0.0,4.0,0.0,0.0
5758,2023.0,2.0,9.0,23.0,16.837452,16.504997,15.022745,14.624147,16.69964,15.719438,16.506704,15.9756975,14.973352,14.938209,15.025997,15.2873,17.863754,17.084103,18.309326,18.90331,15.019553,14.90503,0.0,0.0,0.0,0.0,0.0,0.0,4.0,0.0
5759,2023.0,2.0,9.0,23.0,16.787756,16.542328,15.010499,14.717131,16.812351,16.352972,16.460003,16.036043,15.050037,15.119437,15.027652,15.306556,17.911167,17.70687,17.944616,18.007149,15.464915,15.83067,0.0,4.0,0.0,0.0,0.0,4.0,4.0,4.0
5760,2023.0,2.0,10.0,0.0,17.377636,17.829578,15.010194,14.7946825,16.13293,15.156422,16.259083,15.85036,15.035783,15.117949,15.027942,15.320243,17.195795,16.357151,16.759262,16.044966,14.953021,14.885121,0.0,0.0,0.0,0.0,0.0,0.0,0.0,0.0
5761,2023.0,2.0,10.0,0.0,17.55539,18.08071,15.012603,14.86031,15.61561,14.542198,16.052416,15.637542,15.020619,15.145449,15.028228,15.332804,16.66948,15.738225,16.090923,15.269009,15.056977,15.119827,0.0,0.0,0.0,0.0,0.0,0.0,0.0,0.0
5762,2023.0,2.0,10.0,0.0,16.326267,15.762804,15.012324,14.908618,15.869791,15.32291,15.887698,15.488532,15.022628,15.189786,15.028784,15.34447,16.432745,15.522836,15.792006,14.9978075,15.029548,15.094417,0.0,0.0,0.0,0.0,0.0,0.0,0.0,0.0
5763,2023.0,2.0,10.0,0.0,15.600179,14.819197,15.013628,14.95143,15.926391,15.487352,15.723382,15.3224745,15.081861,15.316266,15.029426,15.355536,16.723331,16.31253,15.539265,14.748476,15.018667,15.129275,0.0,0.0,0.0,4.0,0.0,0.0,0.0,0.0
5764,2023.0,2.0,10.0,0.0,15.326996,14.531861,15.014381,14.986474,15.803215,15.374524,15.576812,15.176846,15.012038,15.226789,15.013262,15.320843,16.73674,16.337442,15.7683,15.428564,15.022244,15.176704,0.0,0.0,0.0,0.0,4.0,0.0,0.0,0.0
5765,2023.0,2.0,10.0,0.0,15.631327,15.339544,15.015035,15.016489,16.423395,16.654524,15.448517,15.054992,15.026586,15.279127,15.033884,15.385771,16.636938,16.24063,15.745256,15.405766,15.021979,15.209244,0.0,4.0,0.0,0.0,0.0,0.0,0.0,0.0
5766,2023.0,2.0,10.0,1.0,15.701461,15.4846945,15.015718,15.04287,15.952336,15.649527,15.32651,14.934798,15.025294,15.29498,15.0302,15.385953,16.53524,16.1378,15.62969,15.291891,15.022632,15.237042,0.0,0.0,0.0,0.0,0.0,0.0,0.0,0.0
5767,2023.0,2.0,10.0,1.0,16.431946,16.936497,15.01625,15.066234,15.00888,14.157743,15.213106,14.822789,14.997722,15.239704,15.015443,15.350504,16.438375,16.039066,15.51081,15.170891,15.023128,15.260278,0.0,0.0,0.0,4.0,4.0,0.0,0.0,0.0
5768,2023.0,2.0,10.0,1.0,15.501633,14.9611,15.01701,15.087637,15.0269785,14.319893,15.1082735,14.720314,15.0534725,15.343476,15.034982,15.4117775,17.154163,17.473206,15.397097,15.05663,15.023957,15.280997,0.0,0.0,0.0,0.0,0.0,4.0,0.0,0.0
5769,2023.0,2.0,10.0,1.0,14.995947,14.385357,15.054791,15.152394,15.143021,14.679339,15.009332,14.622717,15.043556,15.311769,15.015974,15.368216,16.173492,15.34472,15.293125,14.954823,15.024607,15.301755,4.0,0.0,0.0,0.0,4.0,0.0,0.0,0.0
5770,2023.0,2.0,10.0,1.0,15.017323,14.524405,15.014315,15.11527,15.146845,14.733006,15.676434,15.955942,15.024461,15.305027,15.035825,15.430421,15.631356,14.7325735,15.192495,14.852532,15.025541,15.320595,0.0,0.0,4.0,0.0,0.0,0.0,0.0,0.0
5771,2023.0,2.0,10.0,1.0,15.166753,14.928224,15.019288,15.143403,15.8229685,16.077736,15.265315,15.02628,15.028478,15.337169,15.016437,15.383442,15.467211,14.569437,15.096703,14.755956,15.025861,15.336645,0.0,4.0,0.0,0.0,4.0,0.0,0.0,0.0
5772,2023.0,2.0,10.0,2.0,15.173701,14.9659195,15.01924,15.158297,15.379999,15.089845,15.020602,14.733544,15.0286,15.356492,15.036544,15.445519,15.81381,15.40047,15.005841,14.6645155,15.123351,15.502988,0.0,0.0,0.0,0.0,0.0,0.0,0.0,4.0
5773,2023.0,2.0,10.0,2.0,15.938946,16.468092,15.0197935,15.172423,15.006388,14.568515,15.0291,14.779791,15.029123,15.373654,15.033005,15.443254,15.885165,15.479601,15.008937,14.740165,15.014575,15.3371315,0.0,0.0,0.0,0.0,0.0,0.0,0.0,0.0
5774,2023.0,2.0,10.0,2.0,15.481264,15.406052,15.020368,15.18567,15.028016,14.659961,15.007358,14.804762,14.99996,15.3069725,15.017839,15.404049,15.831031,15.42654,16.00861,16.67397,15.012536,15.287801,0.0,0.0,0.0,4.0,4.0,0.0,4.0,4.0
5775,2023.0,2.0,10.0,2.0,14.991875,14.688452,15.020781,15.197959,15.004822,14.694072,15.010887,14.86434,15.036323,15.413428,15.037268,15.464787,15.774842,15.370427,14.952453,14.542728,15.051495,15.3882475,0.0,0.0,0.0,0.0,0.0,0.0,0.0,0.0
5776,2023.0,2.0,10.0,2.0,15.027378,14.807682,15.021163,15.20992,15.009751,14.765067,15.01244,14.910965,14.999344,15.336888,15.016581,15.415163,15.716403,15.310337,15.064704,14.836015,15.043013,15.3664055,0.0,0.0,0.0,4.0,4.0,0.0,0.0,0.0
5777,2023.0,2.0,10.0,2.0,15.002298,14.836442,15.041597,15.261262,15.014069,14.828362,15.022057,14.970267,15.101688,15.5458355,15.068291,15.544835,15.660582,15.254635,15.042996,14.825726,15.052615,15.4183445,0.0,0.0,0.0,0.0,0.0,0.0,0.0,0.0
5778,2023.0,2.0,10.0,3.0,15.007735,14.909184,15.04214,15.265794,15.017004,14.875064,15.024418,15.004099,15.097671,15.484274,15.067156,15.527705,15.606062,15.200372,15.012659,14.834959,15.096233,15.483789,0.0,0.0,0.0,0.0,0.0,0.0,0.0,4.0
5779,2023.0,2.0,10.0,3.0,15.009256,14.957642,15.043035,15.276967,15.020091,14.917111,15.02666,15.036144,15.006929,15.306383,15.067887,15.532335,15.550472,15.1437,15.016388,14.8954525,15.091424,15.488712,0.0,0.0,0.0,4.0,0.0,0.0,0.0,0.0
5780,2023.0,2.0,10.0,3.0,15.007735,14.991034,15.019787,15.244351,15.011079,14.930039,15.420638,15.782476,15.031057,15.360433,15.029953,15.467609,15.495537,15.088185,15.012367,14.919577,15.00267,15.289286,0.0,0.0,4.0,4.0,0.0,0.0,0.0,4.0
5781,2023.0,2.0,10.0,3.0,15.009731,15.028703,15.02407,15.264068,15.013427,14.964953,14.950153,14.901367,15.056614,15.4309,15.03614,15.486211,15.440246,15.032346,15.014241,14.9562025,15.019587,15.329087,0.0,0.0,0.0,0.0,0.0,0.0,0.0,4.0
5782,2023.0,2.0,10.0,3.0,15.016718,15.075734,15.046369,15.318751,15.026432,15.020088,15.076095,15.156353,15.052507,15.381282,15.070382,15.558902,15.3844795,14.974474,15.02462,15.007987,15.035321,15.369891,0.0,0.0,0.0,4.0,0.0,0.0,0.0,4.0
5783,2023.0,2.0,10.0,3.0,15.009868,15.085712,15.021258,15.276575,15.013211,15.015489,15.00859,15.047083,15.05455,15.418503,15.031254,15.484386,15.332863,14.923494,15.789293,16.457365,15.052763,15.438109,0.0,0.0,0.0,0.0,0.0,0.0,4.0,0.0
5784,2023.0,2.0,10.0,4.0,15.011485,15.114748,15.025472,15.295475,15.015644,15.043459,15.018356,15.099065,15.052161,15.411635,15.021385,15.45808,15.278843,14.8684,14.9292345,14.73302,15.012784,15.332772,0.0,0.0,0.0,0.0,4.0,0.0,0.0,4.0
5785,2023.0,2.0,10.0,4.0,15.012493,15.140517,15.02535,15.305278,15.016422,15.066782,15.018125,15.1258135,15.029613,15.41062,15.024451,15.474535,15.226313,14.815404,15.0597105,15.02767,15.058155,15.457729,0.0,0.0,0.0,0.0,4.0,0.0,0.0,0.0
5786,2023.0,2.0,10.0,4.0,15.024501,15.188346,15.049852,15.3630905,15.032683,15.12115,15.035014,15.183385,15.062725,15.508588,15.073282,15.598302,15.176899,14.766915,15.060205,15.040266,15.095701,15.527826,0.0,0.0,0.0,0.0,0.0,0.0,0.0,0.0
5787,2023.0,2.0,10.0,4.0,15.024009,15.20353,15.049827,15.363959,15.033976,15.138956,15.036155,15.199771,15.06335,15.520944,15.04627,15.513308,15.128973,14.720066,15.026762,15.027183,15.0579,15.481577,0.0,0.0,0.0,0.0,4.0,0.0,0.0,0.0
5788,2023.0,2.0,10.0,4.0,15.025615,15.225448,15.050893,15.374458,15.035052,15.159544,15.037262,15.219345,15.064284,15.539496,15.073657,15.602295,15.08151,14.673685,15.029919,15.079043,15.060798,15.52321,0.0,0.0,0.0,0.0,0.0,0.0,0.0,0.0
5789,2023.0,2.0,10.0,4.0,15.026385,15.243867,15.051249,15.38289,15.035239,15.17722,15.038602,15.237862,15.065457,15.554706,15.073025,15.591815,15.034748,14.628001,15.033887,15.116392,15.001865,15.39066,0.0,0.0,0.0,0.0,0.0,0.0,0.0,4.0
5790,2023.0,2.0,10.0,5.0,15.027899,15.263254,15.051781,15.392291,15.036251,15.196114,15.039653,15.254912,15.016173,15.438373,15.073625,15.595579,15.000645,14.606094,15.035318,15.145206,15.102095,15.631961,0.0,0.0,0.0,4.0,0.0,0.0,0.0,0.0
5791,2023.0,2.0,10.0,5.0,15.029984,15.282638,15.052813,15.40259,15.037066,15.213311,15.041185,15.272241,15.06196,15.519754,15.073731,15.597472,15.003614,14.650545,15.037862,15.173044,15.099683,15.58203,0.0,0.0,0.0,4.0,0.0,0.0,0.0,0.0
5792,2023.0,2.0,10.0,5.0,15.031405,15.299816,15.053251,15.411532,15.038198,15.2305565,15.042111,15.28774,15.108972,15.617408,15.073703,15.600094,15.005252,14.677822,15.03786,15.193024,15.061639,15.541695,0.0,0.0,0.0,0.0,0.0,0.0,0.0,0.0
5793,2023.0,2.0,10.0,5.0,15.031396,15.314047,15.053939,15.421122,15.039527,15.247589,15.043376,15.3036,15.10668,15.581255,15.047788,15.534228,15.007456,14.704454,15.040888,15.217865,15.0634,15.575493,0.0,0.0,0.0,0.0,4.0,0.0,0.0,0.0
5794,2023.0,2.0,10.0,5.0,15.032961,15.331437,15.054821,15.430881,15.040192,15.26278,15.04397,15.317585,15.064381,15.533402,15.075427,15.624471,15.008868,14.726691,15.040714,15.234103,15.065615,15.596166,0.0,0.0,0.0,0.0,0.0,0.0,0.0,0.0
5795,2023.0,2.0,10.0,5.0,15.033723,15.346408,15.055424,15.43998,15.041538,15.27908,15.044813,15.331857,15.067065,15.571572,15.075068,15.61672,15.010596,14.748036,15.042584,15.254282,15.0056505,15.456639,0.0,0.0,0.0,0.0,0.0,0.0,0.0,4.0
5796,2023.0,2.0,10.0,6.0,15.034608,15.361531,15.055931,15.448982,15.042711,15.294388,15.045821,15.345889,15.068248,15.590428,15.049326,15.551998,15.011327,14.765979,15.043988,15.27209,15.048027,15.543752,0.0,0.0,0.0,0.0,4.0,0.0,0.0,4.0
5797,2023.0,2.0,10.0,6.0,19.425158,22.948856,15.026313,15.404174,19.428684,22.85266,19.38913,22.830395,15.032386,15.540206,18.835487,22.079685,18.91916,21.42002,19.790264,23.524958,18.693785,21.882416,0.0,0.0,0.0,0.0,0.0,0.0,0.0,0.0
5798,2023.0,2.0,10.0,6.0,20.191309,23.772066,15.029815,15.420571,20.270538,23.808876,20.220078,23.772491,15.036546,15.559978,16.139992,16.338772,19.574533,22.314474,20.511782,24.212034,15.003927,15.066682,0.0,0.0,0.0,0.0,0.0,0.0,0.0,0.0
5799,2023.0,2.0,10.0,6.0,20.876383,24.569925,15.029846,15.428927,20.96394,24.606142,20.906172,24.564074,15.035857,15.563623,15.063766,15.242555,20.165327,22.99779,21.181696,24.953438,15.134831,15.424058,0.0,0.0,0.0,0.0,0.0,0.0,0.0,0.0
5800,2023.0,2.0,10.0,6.0,21.165197,24.75297,15.059007,15.494828,21.277456,24.82177,21.209646,24.769106,15.072053,15.635406,15.058273,15.360128,20.457489,23.21451,21.277416,24.714344,15.050768,15.363521,0.0,0.0,0.0,0.0,0.0,0.0,0.0,0.0
5801,2023.0,2.0,10.0,6.0,21.107672,24.349676,15.025987,15.435393,21.094055,24.182014,21.106098,24.278831,15.030299,15.550095,15.0168,15.329487,20.84744,23.608604,22.014936,25.73574,15.030249,15.396197,0.0,0.0,0.0,0.0,4.0,0.0,0.0,0.0
5802,2023.0,2.0,10.0,7.0,21.115355,24.176483,15.031443,15.455512,21.118359,24.043547,21.120169,24.119518,15.036474,15.563162,19.446772,22.880215,21.721107,24.881306,22.307856,25.964031,15.03274,15.445556,0.0,0.0,0.0,0.0,4.0,4.0,0.0,0.0
5803,2023.0,2.0,10.0,7.0,21.241034,24.295103,16.338747,17.691948,21.323223,24.306547,21.312311,24.356653,15.902254,17.321692,19.944025,23.379961,21.271708,23.85062,21.562939,24.474129,15.978964,17.399612,4.0,4.0,4.0,0.0,0.0,0.0,0.0,0.0
5804,2023.0,2.0,10.0,7.0,21.110132,23.91895,19.566172,23.050133,21.115566,23.790518,21.118452,23.869879,15.037611,15.542417,16.787134,16.912674,20.714941,22.669102,22.647514,26.148802,15.035217,15.477217,4.0,0.0,0.0,0.0,0.0,0.0,0.0,0.0
5805,2023.0,2.0,10.0,7.0,22.170082,25.680458,20.076193,23.509125,22.285278,25.735123,22.203363,25.66965,15.035757,15.544528,15.419906,15.350524,20.813938,22.755949,22.936386,26.47961,15.033911,15.497511,0.0,0.0,0.0,0.0,4.0,0.0,0.0,0.0
5806,2023.0,2.0,10.0,7.0,20.966125,23.378462,16.98035,17.183832,20.948595,23.184317,20.963814,23.30196,14.998772,15.444204,19.830198,22.8117,21.09465,23.197279,20.890902,22.721474,15.03364,15.512263,0.0,0.0,0.0,4.0,0.0,4.0,0.0,0.0
5807,2023.0,2.0,10.0,7.0,21.123777,23.67876,15.17279,14.774379,21.102634,23.4608,21.128206,23.615599,19.620472,23.302229,17.073603,17.274755,20.999578,22.940031,21.23849,23.472303,15.034129,15.525275,0.0,4.0,0.0,0.0,0.0,0.0,4.0,0.0
5808,2023.0,2.0,10.0,8.0,21.076702,23.542986,15.2154455,15.13701,21.142416,23.472733,21.105602,23.548353,15.773973,15.379625,15.142324,14.716985,21.104836,23.023508,21.132357,23.279446,15.034312,15.535375,4.0,0.0,0.0,0.0,0.0,4.0,0.0,0.0
5809,2023.0,2.0,10.0,8.0,18.502497,18.610903,19.856697,23.395279,18.44405,18.209862,18.921156,19.30757,15.106609,15.278438,15.139161,15.065074,18.19207,17.387638,18.049862,17.348066,15.033812,15.544188,0.0,4.0,4.0,4.0,4.0,0.0,0.0,0.0
5810,2023.0,2.0,10.0,8.0,17.155132,16.922379,17.092684,17.443417,16.397137,15.317123,17.152285,16.80115,19.165182,22.173756,19.815762,22.977207,17.584242,17.21765,16.477364,15.53394,15.034579,15.55548,0.0,0.0,0.0,0.0,0.0,4.0,0.0,0.0
5811,2023.0,2.0,10.0,8.0,16.022375,15.184797,15.535065,15.555162,16.224295,15.588731,15.818601,14.762545,15.780728,15.351257,16.946524,17.180586,17.48322,17.19239,17.443537,17.951403,15.035013,15.5669985,4.0,4.0,0.0,0.0,0.0,4.0,4.0,0.0
5812,2023.0,2.0,10.0,8.0,15.360053,14.440175,19.763203,23.129772,15.469564,14.387502,15.127307,13.987644,15.506779,15.836819,14.990868,14.681582,16.546886,15.644068,16.217073,15.417515,15.036324,15.583123,0.0,0.0,0.0,4.0,0.0,0.0,0.0,0.0
5813,2023.0,2.0,10.0,8.0,15.75257,15.509034,16.667496,16.530308,15.55137,14.970746,15.216608,14.577495,19.250822,22.243965,15.0849495,15.041867,15.937228,14.943598,15.346759,14.470953,15.072159,15.618739,4.0,4.0,0.0,0.0,4.0,0.0,0.0,4.0
5814,2023.0,2.0,10.0,9.0,15.032078,14.336065,19.251444,21.955114,14.993525,14.124582,15.194209,14.700653,15.865904,15.398728,19.75344,22.92462,15.610565,14.618559,14.99217,14.178295,19.029976,22.302319,0.0,0.0,0.0,0.0,0.0,0.0,0.0,0.0
5815,2023.0,2.0,10.0,9.0,15.034196,14.5369215,16.68256,16.540447,15.232479,14.774729,15.758522,15.932715,15.065735,14.990817,16.899244,17.1422,16.749037,17.064781,16.270939,16.872955,15.058651,15.165449,4.0,4.0,4.0,4.0,0.0,4.0,4.0,0.0
5816,2023.0,2.0,10.0,9.0,15.082999,14.792359,19.22514,21.784597,15.278476,14.911753,15.269509,14.955727,19.960829,23.314583,14.9860935,14.6973915,16.590502,16.406065,15.222313,14.509192,15.13698,15.453824,0.0,4.0,0.0,4.0,0.0,4.0,0.0,0.0
5817,2023.0,2.0,10.0,9.0,15.000461,14.77378,16.725286,16.538849,15.194186,14.861561,15.031418,14.743869,20.087864,23.282166,15.042786,15.013578,15.647478,14.827993,15.056375,14.711102,15.018079,15.339844,4.0,4.0,0.0,4.0,0.0,0.0,0.0,0.0
5818,2023.0,2.0,10.0,9.0,15.681205,16.159996,19.950062,22.97691,15.112898,14.811178,15.35236,15.030598,20.149927,23.08872,15.008013,15.064327,16.040504,15.903673,15.840306,15.097605,15.227755,15.785626,4.0,4.0,4.0,0.0,4.0,4.0,0.0,4.0
5819,2023.0,2.0,10.0,9.0,15.442163,15.505292,20.012491,22.734964,15.041168,14.768886,15.087867,14.845043,16.702974,16.226414,19.682457,22.905897,15.477567,14.713131,15.95597,16.568249,20.072233,24.126087,0.0,4.0,4.0,0.0,0.0,0.0,4.0,4.0
5820,2023.0,2.0,10.0,10.0,15.233608,15.256962,16.8546,16.443794,15.034682,14.871926,15.000773,14.792824,14.979882,14.258235,16.847448,17.124542,15.909305,15.830936,15.863297,16.100397,19.513,22.662361,0.0,0.0,4.0,0.0,0.0,4.0,4.0,0.0
5821,2023.0,2.0,10.0,10.0,15.202638,15.263598,15.998276,15.94027,14.999226,14.828787,15.039781,14.973027,15.03549,14.703197,15.386526,15.3696165,15.346608,14.607086,14.942681,14.643421,16.013033,15.618287,4.0,4.0,0.0,0.0,4.0,0.0,0.0,0.0
5822,2023.0,2.0,10.0,10.0,15.177159,15.265731,20.19302,23.48702,15.767419,16.039934,15.751551,16.043049,15.543661,15.901049,19.878544,22.975315,15.263456,14.475711,15.490996,15.779506,15.399038,15.553734,4.0,4.0,4.0,4.0,0.0,0.0,4.0,4.0
5823,2023.0,2.0,10.0,10.0,15.820306,16.32683,20.048412,22.78373,15.829698,16.151741,15.815138,16.159426,19.443016,22.553078,17.35984,17.840027,15.526939,15.032966,15.507448,15.494121,19.749317,22.93519,0.0,0.0,0.0,0.0,4.0,0.0,0.0,0.0
5824,2023.0,2.0,10.0,10.0,15.225093,15.360561,16.96425,16.616306,15.015029,14.846201,15.0184355,14.887976,16.330647,16.070017,19.882496,22.675465,15.520752,15.182653,15.015194,14.846413,16.289349,15.994187,0.0,0.0,0.0,0.0,4.0,0.0,0.0,0.0
5825,2023.0,2.0,10.0,10.0,17.921635,20.012411,15.655232,15.24932,15.048329,14.963564,17.899702,19.883987,17.755766,19.669561,20.120491,22.898565,15.4800005,15.158784,18.161068,20.037323,17.833094,19.910446,0.0,4.0,0.0,0.0,0.0,0.0,0.0,0.0
5826,2023.0,2.0,10.0,11.0,14.972976,14.933996,15.84558,15.885714,15.016743,14.964369,15.004708,14.93216,15.107887,14.848458,17.015928,16.660082,16.237461,16.644566,16.256104,17.003195,15.966969,16.542133,4.0,4.0,0.0,0.0,0.0,4.0,4.0,4.0
5827,2023.0,2.0,10.0,11.0,15.172081,15.376689,20.16021,23.581795,15.854589,16.340023,15.76779,15.342129,15.024147,14.973515,16.109644,16.07873,15.425561,14.832624,16.026999,16.41948,20.342918,24.104345,4.0,0.0,0.0,0.0,4.0,0.0,4.0,4.0
5828,2023.0,2.0,10.0,11.0,15.933866,16.604755,20.06106,22.91009,15.108206,15.1223345,15.480894,15.9274,15.423567,15.858309,20.359224,23.456951,15.291247,14.636057,15.682867,15.720797,20.343573,23.63627,4.0,4.0,4.0,4.0,0.0,0.0,0.0,0.0
5829,2023.0,2.0,10.0,11.0,15.312303,15.594301,20.13336,22.766453,16.050072,16.773335,15.312272,15.218714,20.357405,24.377985,17.57235,17.861607,15.020216,14.381824,16.858606,16.733019,16.917292,16.728365,0.0,0.0,0.0,4.0,0.0,0.0,0.0,0.0
5830,2023.0,2.0,10.0,11.0,14.99321,15.0941,17.563185,17.618216,15.296382,15.409228,15.033681,15.090571,20.06815,23.29743,15.929411,15.696762,16.148407,16.658237,14.980706,14.715906,15.213993,14.641597,4.0,4.0,4.0,0.0,0.0,4.0,0.0,0.0
5831,2023.0,2.0,10.0,11.0,15.914823,16.628876,20.210978,23.023283,15.135754,15.232343,15.014883,15.108727,16.77049,16.600712,15.461394,15.157525,16.227976,16.413942,15.981391,15.468634,15.045668,14.762065,4.0,4.0,4.0,0.0,0.0,4.0,0.0,0.0
5832,2023.0,2.0,10.0,12.0,15.475595,15.851995,20.07203,22.505863,15.081622,15.203722,16.054617,16.917849,15.126208,14.542035,15.1674795,14.863316,16.186907,16.36363,15.328152,15.10205,15.015752,14.925801,0.0,4.0,0.0,0.0,0.0,4.0,0.0,0.0
5833,2023.0,2.0,10.0,12.0,19.549074,22.973267,17.643555,17.681263,19.586134,23.14626,19.702242,23.109413,15.049195,14.766664,14.998115,14.7518015,20.140812,23.212069,20.8121,24.751192,15.021128,15.086021,4.0,0.0,0.0,0.0,0.0,4.0,0.0,0.0
5834,2023.0,2.0,10.0,12.0,20.657946,24.468271,20.231153,22.973276,20.530605,24.27633,20.232054,23.62533,15.013431,14.893588,15.017456,14.912035,19.994518,22.586248,21.101793,24.91359,15.020394,15.188352,4.0,4.0,0.0,0.0,0.0,0.0,0.0,0.0
5835,2023.0,2.0,10.0,12.0,20.518604,23.798103,20.052876,22.389706,20.930235,24.4693,21.136442,24.831774,15.018102,15.028079,15.014763,14.994569,20.205801,22.601748,21.619986,25.361694,15.020281,15.264529,4.0,4.0,0.0,0.0,0.0,0.0,0.0,0.0
5836,2023.0,2.0,10.0,12.0,20.930328,24.2612,20.121052,22.395958,21.436958,25.01665,22.125671,26.227558,15.017774,15.115305,15.015326,15.057553,21.25393,24.1694,22.229998,26.109285,15.020791,15.311476,0.0,4.0,4.0,0.0,0.0,4.0,0.0,0.0
5837,2023.0,2.0,10.0,12.0,21.144424,24.436619,17.875774,17.979969,21.086323,24.099886,20.99141,23.93368,15.017553,15.177967,15.110457,15.271199,21.576666,24.418741,22.319263,25.860142,15.020655,15.340918,4.0,4.0,0.0,0.0,4.0,4.0,0.0,0.0
5838,2023.0,2.0,10.0,13.0,21.622679,25.020157,20.716295,23.530628,21.457075,24.476158,21.274582,24.270266,15.651376,16.116623,20.330822,23.958216,21.532682,24.034761,22.510004,25.93635,15.607823,16.16349,4.0,4.0,0.0,0.0,4.0,4.0,0.0,0.0
5839,2023.0,2.0,10.0,13.0,22.145634,25.665722,19.933187,21.9653,21.771765,24.834944,21.323734,24.25627,15.689609,16.082354,20.017773,23.100002,21.272655,23.428633,22.067984,24.846586,16.01516,16.87629,0.0,4.0,0.0,0.0,0.0,0.0,0.0,0.0
5840,2023.0,2.0,10.0,13.0,20.919355,23.419615,17.893637,18.004025,20.987797,23.352755,21.061499,23.674053,14.980165,15.020446,17.041641,16.977182,21.043976,22.907179,21.105658,23.332705,14.979171,15.083858,4.0,4.0,4.0,0.0,0.0,4.0,0.0,0.0
5841,2023.0,2.0,10.0,13.0,21.17785,23.88843,20.250599,22.811459,21.175444,23.710936,21.160616,23.84133,15.023459,15.176924,15.389845,14.813041,21.604376,23.832903,21.180256,23.498,15.034144,15.281957,4.0,0.0,4.0,0.0,0.0,0.0,0.0,0.0
5842,2023.0,2.0,10.0,13.0,21.414852,24.167994,20.049623,22.22799,21.090933,23.482157,21.1038,23.653112,15.427722,15.979671,15.258331,14.961486,21.79136,24.091648,22.014105,24.735294,15.554657,16.300125,4.0,4.0,4.0,4.0,0.0,0.0,0.0,4.0
5843,2023.0,2.0,10.0,13.0,21.014347,23.454922,20.09579,22.208237,21.096834,23.459602,21.099892,23.590704,20.105864,23.75394,15.178033,14.92918,21.024881,22.611092,20.891151,22.747597,19.645565,23.215942,4.0,4.0,4.0,0.0,0.0,0.0,0.0,0.0
5844,2023.0,2.0,10.0,14.0,21.078672,23.568523,20.088547,22.121515,21.094406,23.424313,21.098017,23.541363,16.832546,16.935335,15.020095,14.785913,21.076035,22.747175,21.116003,23.240099,16.499773,16.54948,4.0,4.0,4.0,0.0,0.0,0.0,0.0,0.0
5845,2023.0,2.0,10.0,14.0,18.406914,18.435656,20.088158,22.07022,18.912315,19.218933,18.780384,19.06145,14.993251,14.673521,15.013531,14.897162,19.896805,20.46609,18.881392,18.957054,14.980479,14.795597,4.0,4.0,4.0,0.0,0.0,4.0,0.0,0.0
5846,2023.0,2.0,10.0,14.0,17.640896,17.935192,20.08689,22.03042,17.777288,17.870737,16.99964,16.565788,15.026156,14.922877,15.011549,14.97307,18.318182,17.863201,17.644356,17.435877,15.77191,16.482939,4.0,4.0,0.0,0.0,0.0,0.0,0.0,4.0
5847,2023.0,2.0,10.0,14.0,17.468082,17.82629,20.0859,21.999504,17.404522,17.510517,16.965092,17.030613,15.01393,15.02678,15.012442,15.035838,17.601114,17.0275,17.145733,16.91732,19.989874,23.618877,4.0,4.0,4.0,0.0,0.0,0.0,0.0,0.0
5848,2023.0,2.0,10.0,14.0,17.240133,17.619701,20.084883,21.97395,16.500784,16.076632,16.919912,17.085579,15.016418,15.122604,15.1749735,15.383284,18.052668,18.183762,16.796741,16.576143,16.802916,16.914001,4.0,0.0,4.0,0.0,4.0,4.0,0.0,0.0
5849,2023.0,2.0,10.0,14.0,16.356916,16.153997,20.084208,21.9517,16.617395,16.701618,16.734787,16.927849,15.476483,16.051119,20.011116,23.34288,18.17696,18.384357,16.51254,16.303005,15.125182,14.792138,4.0,4.0,4.0,4.0,0.0,4.0,0.0,0.0
5850,2023.0,2.0,10.0,15.0,16.590572,16.96098,20.082043,21.924896,16.667274,16.852316,15.916249,15.559828,20.411102,24.46272,17.425924,17.960537,17.356236,16.92376,16.27074,16.071838,15.022405,14.939114,4.0,4.0,0.0,4.0,0.0,0.0,0.0,0.0
5851,2023.0,2.0,10.0,15.0,15.951455,15.757044,20.081486,21.902077,15.859567,15.468622,15.408363,14.953426,20.052864,23.294075,15.656405,15.5460415,16.880985,16.36655,16.056978,15.863408,15.017163,15.076402,4.0,0.0,0.0,0.0,0.0,0.0,0.0,0.0
5852,2023.0,2.0,10.0,15.0,15.509288,15.241177,20.098421,21.931637,15.397921,14.933394,15.162443,14.713774,17.485626,17.957499,15.254811,15.069221,17.462467,17.659039,15.873011,15.689067,15.018345,15.183972,0.0,0.0,0.0,4.0,0.0,4.0,0.0,0.0
5853,2023.0,2.0,10.0,15.0,15.303423,15.04385,18.3026,18.460907,15.862638,16.002716,15.936796,16.37451,20.376884,23.571579,15.034654,14.843721,17.661987,17.914928,16.824017,17.6375,15.01914,15.263832,4.0,4.0,4.0,4.0,0.0,4.0,4.0,0.0
5854,2023.0,2.0,10.0,15.0,16.16946,16.843315,20.237997,22.492907,16.03518,16.272163,15.9977255,16.307386,20.064043,22.74043,15.013625,14.941939,16.931173,16.56352,15.933527,15.671604,15.0201645,15.320899,0.0,4.0,4.0,0.0,0.0,0.0,0.0,0.0
5855,2023.0,2.0,10.0,15.0,15.609655,15.573051,18.234941,18.429451,15.322323,14.990538,15.1835575,14.880326,17.295269,17.227514,15.013,15.027296,16.488039,16.01517,15.337406,14.96116,15.020837,15.363032,4.0,0.0,0.0,0.0,0.0,0.0,0.0,0.0
5856,2023.0,2.0,10.0,16.0,15.083866,14.8619175,20.234434,22.613876,15.604307,15.779317,15.729039,15.868699,16.547707,16.739206,15.01432,15.096678,17.103886,17.340353,16.207035,16.780146,15.483748,16.246845,0.0,4.0,0.0,4.0,0.0,4.0,4.0,4.0
5857,2023.0,2.0,10.0,16.0,15.009037,14.870662,18.158552,18.355438,15.044742,14.792839,15.530298,15.753758,20.363638,23.415604,15.015089,15.146839,16.571184,16.181025,15.523027,15.241635,19.643576,23.332304,4.0,0.0,4.0,0.0,0.0,0.0,0.0,0.0
5858,2023.0,2.0,10.0,16.0,15.061613,15.070957,20.236914,22.68972,15.433149,15.625815,15.668624,15.960804,17.807358,18.242725,15.016019,15.185575,16.189804,15.728012,15.042789,14.682175,17.063457,17.716923,0.0,4.0,4.0,4.0,0.0,0.0,0.0,4.0
5859,2023.0,2.0,10.0,16.0,15.841288,16.577372,18.133911,18.350065,14.999399,14.834473,15.643777,15.942582,20.361572,23.343565,15.01615,15.213927,16.048197,15.5853405,16.0164,16.670805,20.24835,23.926094,4.0,0.0,4.0,0.0,0.0,0.0,4.0,0.0
5860,2023.0,2.0,10.0,16.0,15.220924,15.185812,20.220947,22.696142,15.363274,15.589967,15.671608,15.850547,17.43025,17.40825,15.016955,15.237624,16.174824,15.952629,15.338339,15.08541,16.915134,16.990086,0.0,4.0,0.0,0.0,0.0,0.0,0.0,0.0
5861,2023.0,2.0,10.0,16.0,15.017689,15.059672,17.817135,17.786617,15.523779,15.817463,15.457733,15.70019,15.840329,15.391298,15.016869,15.255222,16.205276,16.02517,15.007122,14.806421,15.212991,14.863444,0.0,4.0,4.0,0.0,0.0,0.0,0.0,0.0
5862,2023.0,2.0,10.0,17.0,15.492068,15.981478,17.09557,17.318712,15.523075,15.823029,15.576137,15.881381,16.382225,16.846184,15.0178995,15.273686,16.155138,15.983135,15.014645,14.896413,15.010528,14.86012,4.0,4.0,4.0,4.0,0.0,0.0,0.0,0.0
5863,2023.0,2.0,10.0,17.0,15.653926,16.16812,20.265537,22.95674,15.502358,15.798369,14.987754,14.913605,20.30673,23.574484,15.018609,15.28944,16.091236,15.9147415,15.014563,14.952123,15.019465,15.051653,4.0,4.0,0.0,4.0,0.0,0.0,0.0,0.0
5864,2023.0,2.0,10.0,17.0,15.774129,16.239641,20.042072,22.24737,15.474572,15.765008,15.283986,15.540554,20.034708,22.695902,15.018602,15.300054,16.84312,17.391373,15.951104,16.769217,15.019437,15.175023,4.0,4.0,4.0,4.0,0.0,4.0,4.0,0.0
5865,2023.0,2.0,10.0,17.0,15.742315,16.231728,20.090641,22.173943,14.983883,14.951137,14.982666,15.007376,20.119366,22.649761,14.9984865,15.256052,16.099693,15.72621,14.9849205,14.85604,15.019879,15.265968,4.0,0.0,0.0,0.0,4.0,0.0,0.0,0.0
5866,2023.0,2.0,10.0,17.0,15.759368,16.249153,20.083841,22.044453,15.241951,15.480528,15.02636,15.143892,17.414497,17.280684,19.67699,23.048254,16.508495,16.786848,15.039034,15.040507,15.021074,15.333394,4.0,4.0,0.0,0.0,0.0,4.0,0.0,0.0
5867,2023.0,2.0,10.0,17.0,15.744723,16.228376,20.099611,22.003222,15.333531,15.607549,15.192876,15.458432,15.982918,15.4974375,17.125582,17.664684,15.963522,15.569359,15.015062,15.033306,15.021865,15.38254,0.0,4.0,4.0,0.0,0.0,0.0,0.0,0.0
5868,2023.0,2.0,10.0,18.0,15.002134,14.993581,17.92247,17.771221,15.316346,15.585567,15.238023,15.516847,15.751118,15.498416,15.342137,15.227073,16.432627,16.704144,15.019678,15.069741,15.022458,15.418816,0.0,4.0,4.0,0.0,0.0,4.0,0.0,0.0
5869,2023.0,2.0,10.0,18.0,20.48319,24.582258,17.351137,17.512604,20.3367,24.333584,20.084536,23.831753,15.563135,15.3505335,14.994609,14.882051,19.54113,21.963718,20.495825,24.347477,15.023428,15.4461975,4.0,4.0,4.0,0.0,0.0,0.0,0.0,0.0
5870,2023.0,2.0,10.0,18.0,20.91678,24.744703,20.252,22.798,20.86941,24.669695,20.477936,24.033623,15.332655,15.128966,15.020601,15.055995,20.9026,23.993116,21.135983,25.102081,15.022594,15.458143,4.0,4.0,0.0,0.0,0.0,4.0,0.0,0.0
5871,2023.0,2.0,10.0,18.0,21.135307,24.678288,20.040266,22.125229,20.949945,24.36001,20.879112,24.31571,15.131587,14.932985,15.018978,15.1286745,21.330137,24.342207,21.096262,24.561611,15.022105,15.462407,4.0,0.0,0.0,0.0,0.0,4.0,0.0,0.0
5872,2023.0,2.0,10.0,18.0,21.300245,24.649506,20.104776,22.108566,21.129566,24.319725,21.138887,24.412588,14.996914,14.842468,15.017883,15.178037,21.10177,23.629,22.208923,26.171333,15.0223,15.463288,0.0,4.0,4.0,0.0,0.0,0.0,0.0,0.0
5873,2023.0,2.0,10.0,18.0,21.0697,23.978045,18.130783,18.198736,21.104206,24.021152,21.127922,24.153873,15.013657,14.974269,15.017673,15.211348,21.810759,24.595692,22.090359,25.484482,15.022601,15.461487,4.0,4.0,0.0,0.0,0.0,4.0,4.0,0.0
5874,2023.0,2.0,10.0,19.0,21.150673,23.984638,20.258558,22.570824,21.147837,23.929405,21.147015,24.005838,15.012609,15.040501,15.018381,15.237029,21.020216,22.97642,22.43042,25.864458,15.022341,15.457566,4.0,4.0,0.0,0.0,0.0,4.0,0.0,0.0
5875,2023.0,2.0,10.0,19.0,21.11961,23.823135,20.045408,21.968332,21.100433,23.69975,21.075762,23.752645,15.013382,15.091075,15.018233,15.254157,21.65004,24.020374,20.953306,23.046595,15.022492,15.454307,4.0,4.0,4.0,0.0,0.0,0.0,0.0,0.0
5876,2023.0,2.0,10.0,19.0,21.113491,23.714462,20.086529,21.94027,21.121662,23.657267,21.104893,23.693848,15.013608,15.127231,15.018308,15.265634,22.050743,24.509245,21.779053,24.344957,15.022362,15.450605,4.0,0.0,4.0,0.0,0.0,4.0,0.0,0.0
5877,2023.0,2.0,10.0,19.0,21.087065,23.565435,20.080313,21.855371,21.091272,23.491264,21.099052,23.595798,15.013947,15.154399,15.018274,15.272874,20.949183,22.431652,20.914953,22.83456,15.022295,15.447412,4.0,4.0,4.0,0.0,0.0,4.0,0.0,0.0
5878,2023.0,2.0,10.0,19.0,21.115246,23.582079,20.08014,21.803785,21.094751,23.431917,21.097807,23.524471,15.014314,15.175354,15.018294,15.277947,21.966282,24.263971,21.11052,23.258057,15.407567,16.152657,4.0,4.0,4.0,0.0,0.0,0.0,0.0,4.0
5879,2023.0,2.0,10.0,19.0,21.083282,23.446733,20.079264,21.76385,21.092709,23.374317,21.096264,23.464478,15.014589,15.191658,15.018258,15.281576,20.978941,22.397833,21.084997,23.217758,19.55722,23.206573,4.0,4.0,4.0,0.0,0.0,0.0,0.0,0.0
5880,2023.0,2.0,10.0,20.0,21.112757,23.483568,20.078592,21.732655,21.115072,23.39178,21.094446,23.411905,15.014665,15.204499,15.018326,15.2846,21.096884,22.646244,21.087252,23.219913,16.297853,16.294231,4.0,0.0,4.0,0.0,0.0,0.0,0.0,0.0
5881,2023.0,2.0,10.0,20.0,21.07971,23.358746,20.095121,21.755379,21.084085,23.266296,21.092716,23.366146,15.43137,15.987748,15.018412,15.287049,21.035587,22.543396,21.047607,23.106054,15.700702,16.242636,0.0,4.0,4.0,4.0,0.0,4.0,4.0,4.0
5882,2023.0,2.0,10.0,20.0,21.110687,23.407177,18.336134,18.34594,21.089281,23.241386,21.092337,23.328054,20.215124,23.87485,14.9980955,15.239252,21.063597,22.586359,21.073624,23.117609,20.052738,23.492529,4.0,4.0,4.0,0.0,4.0,4.0,4.0,0.0
5883,2023.0,2.0,10.0,20.0,21.155386,23.459435,20.248274,22.307331,21.1635,23.377409,21.15911,23.426035,16.823488,16.854275,19.877155,23.336763,21.130135,22.72506,21.183788,23.333363,16.708376,16.675816,4.0,0.0,4.0,0.0,0.0,0.0,0.0,0.0
5884,2023.0,2.0,10.0,20.0,21.103008,23.318066,20.060728,21.814304,21.081667,23.160063,21.089191,23.250607,14.999335,14.630201,17.134123,17.633009,21.083876,22.60917,21.099476,23.126293,16.014332,16.479313,0.0,4.0,4.0,0.0,0.0,0.0,0.0,4.0
5885,2023.0,2.0,10.0,20.0,21.08133,23.28746,18.296614,18.341757,21.086239,23.143919,21.11254,23.285954,15.025763,14.861474,15.3537,15.220127,21.08371,22.586609,22.019209,24.575756,20.234045,23.61447,4.0,4.0,0.0,0.0,0.0,0.0,0.0,0.0
5886,2023.0,2.0,10.0,21.0,21.157314,23.441633,20.242788,22.34035,21.160574,23.288095,21.155024,23.337023,15.010902,14.957019,14.995662,14.854498,21.139532,22.698381,21.000154,22.727077,16.86938,16.806835,4.0,0.0,0.0,0.0,0.0,4.0,0.0,0.0
5887,2023.0,2.0,10.0,21.0,21.081493,23.284508,20.03967,21.786219,21.101988,23.14214,21.08086,23.138556,15.015025,15.04488,15.021289,15.027178,21.089554,22.58975,21.103584,22.98695,16.257397,16.745012,4.0,0.0,4.0,0.0,0.0,0.0,0.0,4.0
5888,2023.0,2.0,10.0,21.0,21.056429,23.209103,20.08067,21.777998,21.10239,23.11702,21.085987,23.128983,15.013795,15.097731,15.0158,15.092146,21.052261,22.472223,21.077616,22.963545,20.457336,23.849031,4.0,0.0,4.0,0.0,0.0,4.0,0.0,4.0
5889,2023.0,2.0,10.0,21.0,21.086498,23.284842,20.074598,21.707949,21.054398,23.022877,21.083824,23.105965,15.014038,15.1370945,15.099079,15.292393,21.086287,22.542986,21.079496,22.979885,20.051641,22.88327,4.0,4.0,4.0,0.0,4.0,0.0,0.0,0.0
5890,2023.0,2.0,10.0,21.0,21.075457,23.19162,20.092829,21.716936,21.084549,23.052097,21.08364,23.087307,15.01432,15.165273,19.88173,23.172848,21.080055,22.508286,21.079197,22.982422,17.07782,16.91667,0.0,4.0,4.0,0.0,0.0,0.0,0.0,0.0
5891,2023.0,2.0,10.0,21.0,21.10307,23.231215,18.104357,17.874807,21.080149,23.021255,21.106628,23.132895,15.01427,15.185443,17.325058,17.844393,21.079771,22.486845,21.078667,22.978497,16.611149,17.026478,0.0,4.0,0.0,0.0,0.0,0.0,0.0,4.0
5892,2023.0,2.0,10.0,22.0,21.09665,23.184904,17.665659,17.808397,21.103985,23.06782,21.100998,23.097563,15.428062,15.966832,15.547156,15.425295,21.060265,22.467056,21.078102,22.970825,20.490719,23.652294,4.0,0.0,0.0,4.0,0.0,0.0,0.0,4.0
5893,2023.0,2.0,10.0,22.0,21.15533,23.253454,20.24271,22.518497,21.160246,23.1556,21.156628,23.16622,20.370653,24.174864,15.48405,15.598118,21.154043,22.64529,21.185509,23.17661,20.062096,22.690964,0.0,0.0,4.0,0.0,4.0,4.0,0.0,0.0
5894,2023.0,2.0,10.0,22.0,21.10007,23.136421,18.329174,18.584307,21.097666,23.00484,21.080317,22.995417,16.857683,16.911165,20.249008,23.57452,21.08513,22.49535,21.076752,22.945814,17.22945,17.042166,0.0,0.0,4.0,0.0,0.0,0.0,0.0,0.0
5895,2023.0,2.0,10.0,22.0,21.0939,23.099644,17.565804,17.798346,21.075256,22.982323,21.103416,23.04636,15.09204,14.682191,17.807611,18.502987,21.048246,22.377394,21.076586,22.934513,15.849421,15.395763,4.0,0.0,0.0,0.0,4.0,4.0,0.0,0.0
5896,2023.0,2.0,10.0,22.0,21.17536,23.263472,20.31789,22.832708,21.176632,23.175266,21.299194,23.400583,16.154003,15.481101,20.324486,23.46321,21.21061,22.704924,21.22598,23.195507,15.42765,14.978594,0.0,4.0,4.0,0.0,4.0,0.0,4.0,0.0
5897,2023.0,2.0,10.0,22.0,21.101072,23.103565,17.861778,17.749454,21.081682,23.009075,21.102308,23.0063,15.063729,14.92117,20.049236,22.5992,21.07596,22.410337,21.100243,22.92636,15.385597,15.192983,0.0,0.0,0.0,0.0,4.0,0.0,0.0,0.0
5898,2023.0,2.0,10.0,23.0,21.09215,23.062468,16.457552,15.890628,21.097975,22.996395,21.072647,22.912783,17.062778,17.134014,20.104628,22.451979,21.076218,22.391893,21.051481,22.76856,16.09159,16.661692,0.0,0.0,4.0,0.0,4.0,0.0,4.0,4.0
5899,2023.0,2.0,10.0,23.0,18.90566,18.852514,16.856987,16.965534,19.325237,19.53955,18.836176,18.6514,15.237276,15.147964,17.815289,17.880001,19.581018,19.535877,18.824022,18.513235,16.301542,16.873922,4.0,4.0,0.0,0.0,4.0,0.0,0.0,4.0
5900,2023.0,2.0,10.0,23.0,18.267508,18.187963,16.602987,16.497059,17.977425,17.406084,17.759188,17.135931,14.994866,14.900327,16.529282,15.954675,19.730782,20.16201,17.933172,17.371923,15.358911,15.085364,0.0,0.0,0.0,0.0,0.0,4.0,0.0,0.0
5901,2023.0,2.0,10.0,23.0,18.663265,19.262999,16.741844,16.9493,17.315876,16.681917,17.237408,16.61768,15.390598,15.740026,15.958427,15.368389,18.691637,18.1919,17.483929,16.944927,15.003597,14.814307,4.0,0.0,0.0,4.0,0.0,0.0,0.0,0.0
5902,2023.0,2.0,10.0,23.0,17.707626,17.483923,16.067928,15.638912,17.258015,16.958216,17.185623,16.905682,14.98069,14.982829,15.861833,15.5658045,18.04075,17.447374,17.136288,16.616726,15.020429,14.950506,0.0,0.0,0.0,0.0,0.0,0.0,0.0,0.0
5903,2023.0,2.0,10.0,23.0,17.006147,16.612574,15.578472,15.003569,17.12483,16.890516,17.047455,16.833319,15.031744,15.136835,15.733454,15.500197,17.74556,17.150524,17.122498,16.89,15.369721,15.6712,0.0,0.0,0.0,0.0,0.0,0.0,0.0,4.0
5904,2023.0,2.0,11.0,0.0,16.710434,16.326174,15.726146,15.483117,16.917896,16.696344,16.836096,16.634487,15.011496,15.140625,15.533091,15.316867,17.850464,17.59312,17.000671,16.797531,14.944931,14.889828,0.0,0.0,0.0,0.0,0.0,0.0,0.0,0.0
5905,2023.0,2.0,11.0,0.0,16.823263,16.786695,15.73735,15.5465975,16.725723,16.507872,16.639946,16.441832,15.015591,15.176994,15.343428,15.134085,17.793844,17.567738,16.828764,16.633913,15.033887,15.112753,0.0,0.0,0.0,0.0,0.0,0.0,0.0,0.0
5906,2023.0,2.0,11.0,0.0,16.74741,16.730457,15.656147,15.470549,16.554811,16.338778,16.46543,16.26887,15.02462,15.21693,15.173935,14.968411,17.668287,17.447744,16.668024,16.478188,15.018282,15.132342,0.0,0.0,0.0,0.0,0.0,0.0,0.0,0.0
5907,2023.0,2.0,11.0,0.0,16.618765,16.607315,15.575479,15.394892,16.409435,16.201218,16.316916,16.12801,15.025844,15.230751,15.029811,14.832892,17.550823,17.336237,16.526867,16.343987,15.022411,15.181933,0.0,0.0,0.0,0.0,0.0,0.0,0.0,0.0
5908,2023.0,2.0,11.0,0.0,16.499496,16.493628,15.500201,15.3243475,16.280315,16.079426,16.18499,16.003214,15.027011,15.243943,15.006718,14.914847,17.441706,17.226805,16.40074,16.223942,15.024024,15.209113,0.0,0.0,0.0,0.0,0.0,0.0,0.0,0.0
5909,2023.0,2.0,11.0,0.0,16.390291,16.38804,15.433205,15.264697,16.168371,15.978277,16.070688,15.899536,15.012582,15.226573,15.194173,15.334634,17.344751,17.133188,16.28932,16.119839,15.012436,15.207056,0.0,0.0,0.0,0.0,4.0,0.0,0.0,0.0
5910,2023.0,2.0,11.0,1.0,16.287588,16.286266,15.3685,15.203847,16.063498,15.879466,15.963828,15.7983465,15.251245,15.6724415,15.209369,15.335352,17.255764,17.045628,16.183277,16.012522,15.015949,15.230686,0.0,0.0,0.0,4.0,4.0,0.0,0.0,0.0
5911,2023.0,2.0,11.0,1.0,16.206194,16.217112,15.308693,15.147796,15.968327,15.790253,15.867091,15.707096,15.35304,15.785554,14.966305,14.964943,17.174938,16.966076,16.087416,15.918149,15.015238,15.243645,0.0,0.0,0.0,4.0,0.0,0.0,0.0,0.0
5912,2023.0,2.0,11.0,1.0,16.139893,16.165764,15.254121,15.098196,15.883184,15.712541,15.7807255,15.627807,15.119473,15.2829685,15.021211,15.101808,17.102554,16.89642,16.001953,15.835604,15.392592,15.955249,0.0,0.0,0.0,4.0,0.0,0.0,0.0,4.0
5913,2023.0,2.0,11.0,1.0,16.067549,16.095427,15.201489,15.04895,15.803057,15.637514,15.69982,15.551366,15.01923,15.201721,15.012103,15.113427,17.03456,16.829481,15.922205,15.756935,14.962503,15.100765,0.0,0.0,0.0,0.0,0.0,0.0,0.0,0.0
5914,2023.0,2.0,11.0,1.0,15.99532,16.021788,15.148608,14.996122,15.724874,15.560069,15.621009,15.4727335,15.045279,15.261197,15.023118,15.15811,16.97005,16.76444,15.8469095,15.680919,15.044082,15.291873,0.0,0.0,0.0,0.0,0.0,0.0,0.0,0.0
5915,2023.0,2.0,11.0,1.0,15.929184,15.955876,15.101608,14.952309,15.656078,15.496042,15.551723,15.407718,15.02889,15.196775,15.0239,15.169766,16.91197,16.707767,15.779233,15.614623,15.027545,15.260571,0.0,0.0,0.0,4.0,0.0,0.0,0.0,0.0
5916,2023.0,2.0,11.0,2.0,15.868049,15.896269,15.056975,14.910646,15.591802,15.436214,15.487018,15.346994,15.045491,15.271535,15.025023,15.184051,16.857635,16.654795,15.716305,15.55303,15.029363,15.287012,0.0,0.0,0.0,0.0,0.0,0.0,0.0,0.0
5917,2023.0,2.0,11.0,2.0,15.811629,15.842214,15.017798,14.877651,15.535339,15.3878145,15.430268,15.29788,15.01898,15.218099,15.012397,15.172561,16.808746,16.60942,15.659724,15.49997,15.414757,16.004484,0.0,0.0,0.0,0.0,0.0,0.0,0.0,4.0
5918,2023.0,2.0,11.0,2.0,15.759127,15.793355,15.001381,14.885328,15.480745,15.339124,15.375596,15.24849,15.01479,15.230641,15.014609,15.187847,17.55602,18.067196,15.606406,15.449488,14.967241,15.131696,0.0,0.0,0.0,0.0,0.0,4.0,0.0,0.0
5919,2023.0,2.0,11.0,2.0,15.709966,15.747257,15.003354,14.918486,15.428485,15.291118,15.322851,15.1997175,15.015728,15.246596,15.01466,15.197256,16.82159,16.423546,15.555517,15.40064,15.138277,15.461598,0.0,0.0,0.0,0.0,0.0,0.0,0.0,4.0
5920,2023.0,2.0,11.0,2.0,15.659671,15.695951,15.005284,14.949333,15.374058,15.235957,15.268234,15.143989,15.030628,15.288812,15.02855,15.23305,16.418873,15.934302,15.504302,15.348113,15.043895,15.2667265,0.0,0.0,0.0,0.0,0.0,0.0,0.0,0.0
5921,2023.0,2.0,11.0,2.0,15.619855,15.663385,15.003903,14.965964,15.327892,15.19519,15.222125,15.102775,15.012864,15.260532,15.012451,15.207028,16.611504,16.424248,15.459235,15.3053665,15.023062,15.264576,0.0,0.0,0.0,0.0,0.0,0.0,0.0,0.0
5922,2023.0,2.0,11.0,3.0,15.587198,15.6426325,15.007677,14.994394,15.280704,15.150116,15.175057,15.057429,15.031921,15.306522,15.003316,15.179028,16.625313,16.433136,15.415281,15.262456,15.045966,15.316423,0.0,0.0,0.0,0.0,4.0,0.0,0.0,0.0
5923,2023.0,2.0,11.0,3.0,15.555328,15.618363,15.004316,15.003247,15.238875,15.11378,15.133406,15.020807,15.013165,15.2732,15.019301,15.235939,16.58932,16.399662,15.374927,15.2246685,15.427255,16.02842,0.0,0.0,0.0,0.0,0.0,0.0,0.0,4.0
5924,2023.0,2.0,11.0,3.0,15.51506,15.576686,15.005553,15.021789,15.195396,15.072294,15.090409,14.97929,15.016657,15.285648,15.014711,15.233963,16.550802,16.362108,15.334555,15.185036,15.3139105,15.675166,0.0,0.0,0.0,0.0,0.0,0.0,0.0,4.0
5925,2023.0,2.0,11.0,3.0,15.475091,15.5360365,15.005414,15.036456,15.1542635,15.033872,15.0499,14.940895,15.24431,15.697846,15.015451,15.239595,16.513866,16.326502,15.296333,15.148115,15.271697,15.632788,0.0,0.0,0.0,4.0,0.0,0.0,0.0,4.0
5926,2023.0,2.0,11.0,3.0,15.435487,15.49496,15.00595,15.0515785,15.1145115,14.996719,15.010891,14.903954,14.972337,15.189645,15.015745,15.244144,16.478281,16.292242,15.259464,15.1124325,14.98549,15.169051,0.0,0.0,0.0,0.0,0.0,0.0,0.0,0.0
5927,2023.0,2.0,11.0,3.0,15.396832,15.455065,15.006447,15.065721,15.075896,14.960463,15.002443,14.923182,15.022746,15.297181,14.998846,15.201203,16.444,16.259378,15.22412,15.078455,15.19088,15.55705,0.0,0.0,0.0,0.0,4.0,0.0,0.0,4.0
5928,2023.0,2.0,11.0,4.0,15.361326,15.420966,15.006812,15.078883,15.038433,14.925367,15.004015,14.9529,15.015626,15.291417,15.020618,15.264424,16.410809,16.227594,15.189788,15.045293,14.9941225,15.206728,0.0,0.0,0.0,0.0,0.0,0.0,0.0,0.0
5929,2023.0,2.0,11.0,4.0,15.328322,15.390355,15.007296,15.091561,15.0011215,14.889403,15.003921,14.975847,15.239786,15.698057,15.01562,15.25821,16.37794,16.19543,15.155943,15.012022,15.028694,15.286946,0.0,0.0,0.0,4.0,0.0,0.0,0.0,0.0
5930,2023.0,2.0,11.0,4.0,15.309534,15.387004,15.007484,15.103242,15.003976,14.926937,15.004609,14.997731,14.98397,15.201434,15.0161495,15.261561,16.344688,16.161947,15.1214485,14.976802,15.0237665,15.28587,0.0,0.0,0.0,0.0,0.0,0.0,0.0,0.0
5931,2023.0,2.0,11.0,4.0,15.281963,15.360276,15.014415,15.127686,15.003429,14.952867,15.007382,15.023793,15.049248,15.331869,15.005107,15.224089,16.313017,16.131308,15.089342,14.946095,15.02995,15.321742,0.0,0.0,0.0,0.0,4.0,0.0,0.0,0.0
5932,2023.0,2.0,11.0,4.0,15.248511,15.324169,15.014237,15.13388,15.0054455,14.977437,15.008678,15.041812,15.03049,15.295925,15.006227,15.236908,16.281948,16.100805,15.057845,14.915133,15.031225,15.335367,0.0,0.0,0.0,0.0,4.0,0.0,0.0,0.0
5933,2023.0,2.0,11.0,4.0,15.215877,15.290515,15.007361,15.129663,15.670897,16.238377,15.00493,15.048946,15.2315645,15.665591,15.030728,15.280964,16.253172,16.074495,16.097801,16.899315,15.369455,15.95897,0.0,4.0,0.0,4.0,0.0,0.0,4.0,4.0
5934,2023.0,2.0,11.0,5.0,15.179048,15.249041,15.008668,15.141144,15.277971,15.291131,15.005865,15.065224,14.9826565,15.205233,15.010152,15.212519,16.22274,16.044134,16.359001,16.99712,15.532523,16.160805,0.0,0.0,0.0,0.0,4.0,0.0,4.0,4.0
5935,2023.0,2.0,11.0,5.0,15.145959,15.214644,15.008851,15.149879,15.003317,14.937855,15.006144,15.078894,15.030773,15.298341,15.03014,15.259511,16.192877,16.014679,15.390721,15.1121645,14.964713,15.142991,0.0,0.0,0.0,0.0,0.0,0.0,0.0,0.0
5936,2023.0,2.0,11.0,5.0,15.13074,15.213538,15.00901,15.158323,15.014839,14.981119,15.006629,15.091997,15.024444,15.282728,15.014385,15.244555,17.001253,17.574013,14.992099,14.681114,15.032998,15.302157,0.0,0.0,0.0,0.0,0.0,4.0,0.0,0.0
5937,2023.0,2.0,11.0,5.0,15.105953,15.189856,15.009433,15.166981,15.00381,14.993594,15.006996,15.104182,15.230816,15.663882,15.000805,15.214461,17.053974,17.380768,16.040823,16.734207,15.023732,15.295094,0.0,0.0,0.0,4.0,4.0,4.0,4.0,0.0
5938,2023.0,2.0,11.0,5.0,15.074724,15.154781,15.009607,15.174752,15.005377,15.021878,15.007371,15.1157675,15.329396,15.791106,15.019919,15.277935,17.04159,17.34885,15.339803,15.068398,15.02508,15.304701,0.0,0.0,0.0,4.0,0.0,4.0,0.0,0.0
5939,2023.0,2.0,11.0,5.0,15.041691,15.116554,15.009905,15.182553,15.005704,15.04305,15.0077,15.126814,15.107548,15.324102,15.016422,15.277103,16.290049,15.896212,15.000854,14.746719,15.015946,15.30931,0.0,0.0,0.0,4.0,0.0,0.0,0.0,0.0
5940,2023.0,2.0,11.0,6.0,15.008325,15.078202,15.019661,15.209295,15.010943,15.073143,15.014964,15.151879,15.048023,15.314089,15.006768,15.244437,15.959482,15.506625,15.012454,14.830725,15.032663,15.359383,0.0,0.0,0.0,0.0,4.0,0.0,0.0,0.0
5941,2023.0,2.0,11.0,6.0,20.215727,24.181616,15.009153,15.193899,20.172052,24.070427,19.893686,23.519152,15.009655,15.207741,19.470049,22.894426,19.924387,22.385202,20.643877,24.352098,15.353371,15.944619,0.0,0.0,0.0,4.0,0.0,0.0,0.0,4.0
5942,2023.0,2.0,11.0,6.0,21.00662,24.950089,15.010223,15.2011385,21.032593,24.95649,21.057198,25.023106,19.559021,23.089071,17.09264,17.64261,20.44214,23.06743,21.089466,24.76304,20.187828,24.254906,0.0,0.0,0.0,0.0,0.0,0.0,0.0,0.0
5943,2023.0,2.0,11.0,6.0,21.110481,24.649027,15.010303,15.205489,21.109873,24.59663,21.108168,24.625982,16.592772,16.716984,15.670331,15.828681,21.25859,24.181084,22.000008,25.899471,17.294968,17.913134,0.0,0.0,0.0,0.0,4.0,0.0,0.0,4.0
5944,2023.0,2.0,11.0,6.0,21.541965,24.949257,15.721097,15.46641,21.558924,24.913591,21.543394,24.933666,15.4633,15.209199,20.132805,23.641783,21.646872,24.512194,22.650063,26.606052,20.937674,24.846256,0.0,0.0,0.0,0.0,0.0,0.0,0.0,4.0
5945,2023.0,2.0,11.0,6.0,20.976166,23.73699,14.996131,15.143351,20.972534,23.658697,20.979406,23.720385,15.082823,14.942915,17.563374,18.095139,20.999056,23.102865,21.055758,23.448248,19.8965,22.548737,0.0,0.0,0.0,0.0,0.0,0.0,4.0,4.0
5946,2023.0,2.0,11.0,7.0,21.107517,23.861204,15.012227,15.191118,21.110577,23.790548,21.111698,23.84115,15.00607,14.948767,15.8021965,15.667661,21.082666,23.139708,21.136517,23.506413,20.134665,22.794823,0.0,0.0,0.0,0.0,0.0,0.0,0.0,0.0
5947,2023.0,2.0,11.0,7.0,21.08792,23.714386,15.010385,15.201114,21.089687,23.635366,21.091515,23.688066,15.013719,15.0470705,15.42932,15.257108,21.071354,23.015041,21.096563,23.325853,17.362171,17.262098,0.0,0.0,0.0,0.0,0.0,0.0,0.0,0.0
5948,2023.0,2.0,11.0,7.0,21.060593,23.557198,15.011363,15.214778,21.06387,23.476135,21.08999,23.596474,15.013962,15.103845,15.652414,15.878624,21.069195,22.93097,21.058144,23.140484,15.971827,15.545147,0.0,4.0,0.0,0.0,4.0,0.0,4.0,0.0
5949,2023.0,2.0,11.0,7.0,21.144716,23.661585,15.604951,16.059315,21.148972,23.59536,21.090502,23.525427,15.654681,16.056295,20.172314,23.587795,21.11436,22.956726,21.10422,23.196344,16.819296,17.557436,0.0,0.0,0.0,0.0,4.0,0.0,0.0,4.0
5950,2023.0,2.0,11.0,7.0,21.3734,23.774551,15.261866,15.217953,21.295954,23.617743,21.203176,23.575117,15.638806,16.201733,20.048382,22.91884,21.291729,23.075563,21.220564,23.254013,20.888716,24.476479,0.0,0.0,0.0,4.0,0.0,0.0,0.0,0.0
5951,2023.0,2.0,11.0,7.0,20.942581,23.00192,15.329129,15.665197,21.011263,23.070621,21.00083,23.167673,20.198273,23.997135,17.283974,17.274412,20.963072,22.460875,20.99653,22.797602,17.552374,17.549465,4.0,0.0,0.0,0.0,0.0,4.0,0.0,0.0
5952,2023.0,2.0,11.0,8.0,21.233717,23.464985,19.991695,23.61985,21.267405,23.364693,21.246248,23.48722,16.95248,17.058645,16.437407,16.596363,21.225677,22.81551,21.290503,23.21288,15.915925,15.50919,0.0,4.0,0.0,0.0,4.0,4.0,0.0,0.0
5953,2023.0,2.0,11.0,8.0,19.499578,19.97112,17.499954,18.158792,19.58323,19.976349,19.37484,19.735615,15.278688,14.945944,20.319757,23.380013,19.959684,20.201754,19.639977,19.82212,15.727654,15.541747,0.0,0.0,0.0,0.0,0.0,4.0,0.0,0.0
5954,2023.0,2.0,11.0,8.0,18.441887,18.763208,16.146671,16.503704,17.666714,17.227808,18.496494,18.97434,15.118991,14.953562,17.899412,18.331743,18.446783,17.963972,18.24034,18.080975,15.595453,15.449779,4.0,0.0,4.0,0.0,0.0,0.0,0.0,0.0
5955,2023.0,2.0,11.0,8.0,17.514275,17.251562,20.11956,23.43977,17.089642,16.522259,17.718477,17.681969,15.036142,14.899969,16.681974,16.478891,17.967987,17.39941,17.830435,17.633402,16.414036,17.128202,0.0,0.0,0.0,0.0,0.0,0.0,0.0,4.0
5956,2023.0,2.0,11.0,8.0,16.935762,16.602646,18.039282,18.901785,17.720562,18.084686,16.83106,16.37482,15.683049,16.238853,16.270866,16.06509,17.66753,17.11816,17.49712,17.31006,20.369488,23.81943,4.0,4.0,0.0,4.0,0.0,0.0,0.0,4.0
5957,2023.0,2.0,11.0,8.0,16.622211,16.294928,20.135622,23.04946,16.963911,16.59781,16.368666,15.858617,20.433138,24.130234,15.981838,15.776011,17.423317,16.889996,18.281397,19.045774,20.027748,22.744818,0.0,0.0,0.0,4.0,0.0,0.0,4.0,4.0
5958,2023.0,2.0,11.0,9.0,16.659094,16.62318,17.570282,17.730707,17.014683,17.08763,16.369629,16.142164,20.05057,23.052223,16.145412,16.2902,17.490103,17.242445,17.275284,16.94993,20.112791,22.664185,0.0,4.0,0.0,0.0,4.0,0.0,0.0,0.0
5959,2023.0,2.0,11.0,9.0,16.603334,16.62479,16.18971,16.079832,16.445677,16.046701,16.301888,16.138563,17.15234,17.135271,20.471863,23.587215,18.266077,18.794014,16.622622,16.203745,17.453281,17.344433,0.0,0.0,0.0,0.0,4.0,4.0,0.0,0.0
5960,2023.0,2.0,11.0,9.0,16.466015,16.494276,15.880044,15.743803,15.999908,15.50743,16.152266,15.996027,16.445473,16.703247,20.04087,22.55952,18.169556,18.402744,16.363747,15.943182,16.14268,15.742723,0.0,0.0,0.0,4.0,0.0,4.0,0.0,0.0
5961,2023.0,2.0,11.0,9.0,16.332426,16.35906,16.125732,16.38934,16.490137,16.604328,16.01762,15.869526,20.286804,23.271984,17.529428,17.467056,18.069431,18.301043,16.182646,15.778013,15.752202,15.356677,4.0,4.0,0.0,0.0,0.0,4.0,0.0,0.0
5962,2023.0,2.0,11.0,9.0,16.223715,16.258638,20.130228,23.472181,16.021675,15.6652975,16.61854,17.107866,17.440477,17.48523,16.389801,16.180246,18.046448,18.283047,16.239792,16.056696,16.653824,17.326445,0.0,0.0,4.0,0.0,0.0,4.0,0.0,4.0
5963,2023.0,2.0,11.0,9.0,16.134235,16.178816,17.784792,18.395874,16.329563,16.479538,16.249512,16.28935,16.60451,16.844122,16.517517,16.656097,17.292437,16.892025,16.220436,16.073454,20.358011,23.6136,0.0,4.0,0.0,4.0,4.0,0.0,0.0,0.0
5964,2023.0,2.0,11.0,10.0,16.047989,16.097603,16.205164,16.211794,15.8629055,15.532673,15.609057,15.256314,20.994259,24.342823,20.35735,23.326313,16.908325,16.444813,16.139015,16.000128,17.369656,17.378529,0.0,0.0,0.0,0.0,4.0,0.0,0.0,0.0
5965,2023.0,2.0,11.0,10.0,15.974501,16.029568,15.799169,15.701713,15.500295,15.082025,15.335609,14.929361,17.865894,17.963446,20.048887,22.411474,16.769142,16.313051,17.083982,17.850386,15.93988,15.594062,0.0,0.0,0.0,0.0,0.0,0.0,4.0,0.0
5966,2023.0,2.0,11.0,10.0,16.68333,17.423498,16.046104,16.329668,16.063395,16.25555,15.437961,15.262552,16.868212,17.105831,17.682863,17.63026,17.460155,17.719067,16.311304,16.062119,16.733065,17.413952,4.0,4.0,0.0,4.0,0.0,4.0,0.0,4.0
5967,2023.0,2.0,11.0,10.0,16.905418,17.706865,20.196358,23.534246,16.267609,16.571806,15.458665,15.340935,20.344082,23.272379,16.887476,16.633102,16.915413,16.565592,17.008457,17.590834,20.37209,23.648788,0.0,4.0,0.0,0.0,0.0,0.0,4.0,4.0
5968,2023.0,2.0,11.0,10.0,16.076607,16.073616,18.147404,19.02414,15.639399,15.378961,15.410983,15.303379,18.156876,18.633718,16.64438,16.435667,17.390059,17.679087,16.338457,16.081614,20.023733,22.581875,4.0,0.0,0.0,4.0,0.0,4.0,0.0,4.0
5969,2023.0,2.0,11.0,10.0,16.358128,16.84508,20.266117,23.19577,15.993195,16.239552,16.097488,16.641014,20.328972,22.992062,16.393435,16.190813,17.655277,17.980331,15.896776,15.564528,20.071146,22.42355,4.0,4.0,4.0,4.0,0.0,4.0,0.0,4.0
5970,2023.0,2.0,11.0,11.0,15.872432,15.810771,20.05052,22.4876,15.539955,15.272825,15.744812,15.786918,20.053679,22.250319,16.188042,15.99258,17.719433,18.052475,15.757496,15.424853,20.095697,22.323986,0.0,0.0,0.0,0.0,0.0,4.0,0.0,0.0
5971,2023.0,2.0,11.0,11.0,15.549668,15.409629,17.717606,17.821724,15.238581,14.906978,15.227249,14.960086,18.317795,18.730446,16.031849,15.852147,17.025063,16.710938,15.669487,15.347373,17.762266,17.701355,0.0,0.0,0.0,4.0,0.0,0.0,0.0,0.0
5972,2023.0,2.0,11.0,11.0,15.450147,15.302033,17.323164,17.570126,15.144589,14.814983,15.052152,14.734045,20.334305,22.462791,15.922892,15.749407,17.549253,17.849075,15.77112,15.62182,16.855019,16.459879,4.0,0.0,0.0,0.0,0.0,4.0,0.0,0.0
5973,2023.0,2.0,11.0,11.0,15.56662,15.615462,20.222973,22.888721,15.256766,15.126668,15.149901,15.025372,17.99868,17.945059,15.808481,15.642183,17.802294,18.153324,15.798082,15.677352,16.44412,16.059109,0.0,0.0,0.0,0.0,0.0,4.0,0.0,0.0
5974,2023.0,2.0,11.0,11.0,15.616503,15.713512,18.18395,18.670706,15.295404,15.213126,15.920783,16.486706,16.760605,16.384893,15.709477,15.551612,17.109266,16.818064,15.7685995,15.653436,16.329876,16.139444,0.0,0.0,4.0,0.0,0.0,0.0,0.0,0.0
5975,2023.0,2.0,11.0,11.0,15.591009,15.695199,17.544468,17.871637,16.017794,16.603186,15.342801,15.246345,17.378115,17.844118,15.640443,15.486148,16.833498,16.440678,15.737998,15.62454,16.215424,16.057577,4.0,4.0,0.0,4.0,0.0,0.0,0.0,0.0
5976,2023.0,2.0,11.0,12.0,15.556064,15.662083,20.205479,22.731436,16.260855,16.917303,15.721129,16.068651,20.300161,22.93581,15.578329,15.428681,16.741934,16.353996,15.709513,15.598001,17.02362,17.715961,0.0,4.0,4.0,0.0,0.0,0.0,0.0,4.0
5977,2023.0,2.0,11.0,12.0,20.972904,25.161537,17.941473,18.084566,20.333214,23.858196,20.249012,23.780384,17.853346,17.869202,15.515162,15.369703,20.890139,23.552595,21.464634,25.521547,20.353634,23.391071,0.0,0.0,0.0,0.0,0.0,0.0,0.0,0.0
5978,2023.0,2.0,11.0,12.0,21.015842,24.600634,16.774256,16.706787,21.13015,24.734373,21.069391,24.70749,16.5484,16.179039,15.458943,15.315819,21.58984,24.536552,21.012222,24.241377,17.622248,17.675825,0.0,0.0,0.0,0.0,0.0,0.0,0.0,0.0
5979,2023.0,2.0,11.0,12.0,21.10146,24.353325,16.937332,17.252977,21.11691,24.261513,21.129503,24.363422,16.387287,16.197023,15.410379,15.268979,21.765125,24.397997,22.483358,26.374302,16.292475,15.959498,4.0,0.0,0.0,0.0,0.0,4.0,0.0,0.0
5980,2023.0,2.0,11.0,12.0,21.13483,24.12478,20.312096,23.204548,21.135506,24.019493,21.137623,24.114058,16.28048,16.11708,15.3681135,15.2275715,21.022865,22.81719,21.001352,23.35941,17.185305,17.94355,4.0,4.0,0.0,0.0,0.0,4.0,0.0,4.0
5981,2023.0,2.0,11.0,12.0,21.09168,23.865906,20.033106,22.339758,21.112087,23.768976,21.091696,23.831514,16.13948,15.983131,15.335074,15.196096,21.093615,22.847986,21.103,23.403557,20.341145,23.22085,4.0,0.0,0.0,0.0,0.0,0.0,0.0,4.0
5982,2023.0,2.0,11.0,13.0,21.074774,23.639645,20.099287,22.284922,21.10151,23.586687,21.065947,23.623055,16.018805,15.868721,15.30926,15.173125,21.070557,22.697042,21.072569,23.222404,20.052628,22.356527,0.0,0.0,4.0,0.0,0.0,0.0,0.0,0.0
5983,2023.0,2.0,11.0,13.0,21.102541,23.591688,17.965101,18.052673,21.099995,23.461542,21.091658,23.592503,15.917068,15.773649,15.28762,15.154811,21.072208,22.618168,21.074188,23.13155,17.758503,17.717043,0.0,0.0,0.0,0.0,0.0,0.0,0.0,0.0
5984,2023.0,2.0,11.0,13.0,21.093962,23.476068,16.652184,16.31322,21.055214,23.295488,21.078287,23.42994,15.826515,15.687333,15.263879,15.133622,21.054945,22.548698,21.071451,23.052166,16.613358,16.26954,0.0,4.0,4.0,0.0,0.0,0.0,0.0,0.0
5985,2023.0,2.0,11.0,13.0,21.068136,23.3282,16.970346,17.264933,21.103628,23.32974,21.080233,23.350801,15.748158,15.614975,15.238888,15.111622,21.056124,22.519482,21.07065,22.99167,16.28913,15.9459305,4.0,0.0,4.0,0.0,0.0,0.0,0.0,0.0
5986,2023.0,2.0,11.0,13.0,21.158068,23.470661,20.25713,23.039679,21.155859,23.36771,21.156956,23.441006,15.678655,15.551281,15.21342,15.089082,21.12687,22.633614,21.18384,23.170145,16.262808,16.10513,0.0,0.0,4.0,0.0,0.0,0.0,0.0,0.0
5987,2023.0,2.0,11.0,13.0,21.090555,23.283075,18.50031,19.269547,21.075754,23.185799,21.101273,23.294872,16.429617,17.029081,15.192069,15.070391,21.054468,22.462492,21.068575,22.89685,17.209034,17.989126,4.0,0.0,0.0,4.0,0.0,0.0,0.0,4.0
5988,2023.0,2.0,11.0,14.0,21.970125,24.866484,20.27967,22.82592,21.156595,23.306015,21.146677,23.319105,20.353622,23.680359,15.172004,15.052789,21.705153,23.556494,21.17557,23.077156,20.340958,23.221931,0.0,4.0,4.0,0.0,0.0,0.0,0.0,4.0
5989,2023.0,2.0,11.0,14.0,20.075937,20.99039,18.32124,18.752356,18.878136,18.91164,18.816076,18.836496,17.580345,17.743895,15.155523,15.038266,19.706942,19.774984,20.103579,20.934658,20.050928,22.340984,4.0,0.0,0.0,0.0,0.0,0.0,4.0,0.0
5990,2023.0,2.0,11.0,14.0,18.333708,18.313007,20.236818,22.72753,18.223867,18.432686,18.14793,18.373917,16.884611,17.22732,15.137471,15.021497,18.94597,18.788593,18.534603,18.30242,17.79907,17.77941,0.0,4.0,4.0,4.0,0.0,0.0,0.0,0.0
5991,2023.0,2.0,11.0,14.0,18.259377,18.679867,18.036554,18.201366,17.465532,17.185678,17.385773,17.127726,20.387691,23.19736,15.119853,15.005104,18.653578,18.476233,18.772097,19.270304,16.687435,16.386387,0.0,0.0,0.0,0.0,0.0,0.0,4.0,0.0
5992,2023.0,2.0,11.0,14.0,18.238283,18.729849,16.913765,16.871471,16.93714,16.566448,17.507967,17.7337,18.31774,18.851505,15.100735,14.986888,18.450848,18.27541,17.976122,17.724289,16.349648,16.026129,0.0,0.0,4.0,4.0,0.0,0.0,0.0,0.0
5993,2023.0,2.0,11.0,14.0,18.12951,18.628616,16.675037,16.612926,17.377707,17.582062,16.909185,16.674028,20.35355,22.596668,15.082224,14.968688,18.31254,18.13794,18.520464,19.033485,16.33485,16.174349,0.0,4.0,0.0,0.0,0.0,0.0,4.0,0.0
5994,2023.0,2.0,11.0,15.0,18.008114,18.517433,16.456509,16.396173,17.503366,17.805391,16.45084,16.121784,18.033514,18.030516,15.457086,15.689087,18.171835,18.00432,18.722212,19.296665,16.255766,16.127111,0.0,4.0,0.0,0.0,4.0,0.0,4.0,0.0
5995,2023.0,2.0,11.0,15.0,17.242271,17.162315,16.302082,16.23576,17.444906,17.756235,16.943104,17.197783,17.09208,16.706167,20.007874,23.425222,18.857906,19.401928,17.751879,17.515102,16.15288,16.028809,0.0,4.0,4.0,0.0,0.0,4.0,0.0,0.0
5996,2023.0,2.0,11.0,15.0,16.794416,16.62462,16.145315,16.081676,16.725327,16.488892,17.113562,17.464159,16.901833,16.709019,17.757057,18.39191,19.114637,19.729288,17.199402,16.853407,16.039999,15.92133,0.0,0.0,4.0,0.0,0.0,4.0,0.0,0.0
5997,2023.0,2.0,11.0,15.0,16.616617,16.43986,16.496906,16.831892,17.054817,17.299511,17.082592,17.440664,16.760767,16.600334,16.493053,16.381123,18.15373,17.87343,16.994495,16.638172,15.95156,15.834171,4.0,4.0,4.0,0.0,0.0,0.0,0.0,0.0
5998,2023.0,2.0,11.0,15.0,17.208385,17.6758,20.22766,23.31319,16.511501,16.28589,17.038765,17.40094,16.5969,16.444294,16.216652,16.061165,17.76721,17.350206,16.845043,16.496222,16.826363,17.5596,4.0,0.0,4.0,0.0,0.0,0.0,0.0,4.0
5999,2023.0,2.0,11.0,15.0,17.416557,17.963894,20.025745,22.492584,16.798588,17.06192,16.360113,16.182528,16.42997,16.284262,16.021156,15.864149,18.36587,18.638885,16.699976,16.359722,20.361376,23.520592,4.0,4.0,0.0,0.0,0.0,4.0,0.0,0.0
6000,2023.0,2.0,11.0,16.0,17.403048,17.953743,20.099453,22.38144,16.329594,16.110985,16.63312,16.932236,16.283533,16.143074,15.8764715,15.723817,17.865475,17.562172,16.744843,16.584702,17.61833,17.725945,0.0,0.0,4.0,0.0,0.0,0.0,0.0,0.0
6001,2023.0,2.0,11.0,16.0,16.72397,16.710716,18.251347,18.624949,16.640432,16.913162,16.805187,17.176151,16.157682,16.02274,15.76352,15.618474,18.259403,18.545248,16.72505,16.59426,16.304363,16.032167,4.0,4.0,4.0,0.0,0.0,4.0,0.0,0.0
6002,2023.0,2.0,11.0,16.0,16.388672,16.244753,20.242619,22.460947,16.13919,15.934092,16.158709,15.983356,16.832335,17.379597,15.681148,15.537596,18.419384,18.759392,16.660078,16.535093,16.195438,16.049149,0.0,0.0,0.0,4.0,0.0,4.0,0.0,0.0
6003,2023.0,2.0,11.0,16.0,16.940956,17.420328,18.446836,18.794651,15.780196,15.465503,16.451704,16.752443,20.333767,23.33454,15.598038,15.46226,18.438683,18.774223,16.58477,16.463823,16.100214,15.980736,4.0,0.0,4.0,4.0,0.0,4.0,0.0,0.0
6004,2023.0,2.0,11.0,16.0,16.500137,16.477417,20.23984,22.53722,16.342453,16.620558,16.001503,15.82307,20.048195,22.403404,15.517573,15.38479,18.44783,18.780523,16.511904,16.393782,15.975633,15.861458,0.0,4.0,0.0,0.0,0.0,4.0,0.0,0.0
6005,2023.0,2.0,11.0,16.0,16.866201,17.370327,18.133001,18.23553,16.594713,16.96006,15.631094,15.338189,17.77337,17.767046,15.446151,15.318821,18.450233,18.780247,16.444279,16.32869,15.863039,15.75187,0.0,4.0,0.0,0.0,0.0,4.0,0.0,0.0
6006,2023.0,2.0,11.0,17.0,17.016954,17.573557,17.362864,17.247017,16.615059,16.981075,16.21941,16.533611,16.852228,16.453192,15.39071,15.265896,17.70013,17.369864,16.38714,16.272823,15.776696,15.66612,0.0,4.0,4.0,0.0,0.0,0.0,0.0,0.0
6007,2023.0,2.0,11.0,17.0,17.03623,17.585974,17.125153,17.03882,16.616568,16.979406,16.385317,16.76457,17.27149,17.501556,15.738252,15.968554,17.408842,16.993006,16.33312,16.221916,16.677408,17.440702,0.0,4.0,4.0,4.0,4.0,0.0,0.0,4.0
6008,2023.0,2.0,11.0,17.0,17.045502,17.58974,17.349358,17.651112,15.985074,15.804821,15.783913,15.624614,21.117954,24.143063,20.051062,23.334866,17.279547,16.86439,16.281713,16.17363,20.624756,24.072279,4.0,0.0,0.0,0.0,0.0,0.0,0.0,0.0
6009,2023.0,2.0,11.0,17.0,17.05564,17.599314,20.292849,22.869041,16.293705,16.58356,16.11517,16.430279,18.646563,18.825478,17.807055,18.369223,17.165024,16.755787,16.226717,16.121778,17.790293,17.97438,0.0,4.0,4.0,0.0,0.0,0.0,0.0,0.0
6010,2023.0,2.0,11.0,17.0,16.411398,16.395466,18.671377,19.399906,16.496801,16.854177,16.324978,16.694897,17.606295,17.866665,16.240822,16.17435,18.110968,18.665636,16.174013,16.071545,16.193422,15.892009,4.0,4.0,4.0,4.0,0.0,4.0,0.0,0.0
6011,2023.0,2.0,11.0,17.0,16.830454,17.318068,20.222218,22.351044,16.509754,16.866682,15.729796,15.569436,20.319893,22.711096,15.967345,15.835879,18.128315,18.490583,17.154623,17.95456,17.04517,17.74754,4.0,4.0,0.0,0.0,0.0,4.0,4.0,4.0
6012,2023.0,2.0,11.0,18.0,17.012495,17.545387,20.060354,21.900318,16.512962,16.866796,15.359335,15.066025,18.020557,17.98494,15.809109,15.679638,17.353249,17.039612,16.417767,16.215714,20.326132,23.298973,0.0,4.0,0.0,0.0,0.0,0.0,0.0,0.0
6013,2023.0,2.0,11.0,18.0,21.060886,24.544321,18.439346,18.675676,20.82153,24.343267,20.579214,24.260458,17.51883,17.776596,15.683852,15.559777,21.339987,24.13895,21.474525,25.159536,18.261538,18.849682,4.0,0.0,0.0,4.0,0.0,4.0,0.0,4.0
6014,2023.0,2.0,11.0,18.0,21.073423,24.092676,20.239021,22.358864,21.076328,24.261278,21.04669,24.4897,20.349026,22.734219,15.573603,15.449899,21.379118,23.905201,21.83142,25.29756,20.335293,22.999382,4.0,0.0,4.0,0.0,0.0,0.0,0.0,0.0
6015,2023.0,2.0,11.0,18.0,21.080101,23.766777,20.03701,21.792454,21.086859,23.885567,21.119055,24.194033,17.991077,17.912943,15.479445,15.358665,21.040077,22.994495,22.491552,26.045393,17.781605,17.745739,4.0,4.0,0.0,0.0,0.0,0.0,0.0,0.0
6016,2023.0,2.0,11.0,18.0,21.074394,23.54311,20.070776,21.75696,21.083035,23.625097,21.104656,23.860737,16.770247,16.364408,15.401024,15.283336,21.05356,22.811668,23.344122,27.131807,16.52702,16.165709,4.0,4.0,0.0,0.0,0.0,4.0,0.0,0.0
6017,2023.0,2.0,11.0,18.0,21.098398,23.459566,20.083298,21.726929,21.104446,23.507196,21.081505,23.58388,17.4773,18.01757,15.335092,15.221177,21.20435,22.979017,20.898998,22.498697,16.185026,15.817171,0.0,0.0,4.0,4.0,0.0,4.0,4.0,0.0
6018,2023.0,2.0,11.0,19.0,21.066256,23.260025,18.556532,18.729786,21.074091,23.291582,21.106905,23.504084,20.312927,22.806349,15.64263,15.8447075,21.04911,22.565159,21.085121,22.837685,16.18892,16.042406,4.0,4.0,0.0,0.0,4.0,4.0,4.0,0.0
6019,2023.0,2.0,11.0,19.0,21.094984,23.25106,20.234083,22.191708,21.077194,23.1984,21.09978,23.374588,17.900951,17.80016,20.456388,23.829367,21.07686,22.563974,21.0859,22.844597,16.127987,16.007383,4.0,4.0,0.0,0.0,4.0,0.0,0.0,0.0
6020,2023.0,2.0,11.0,19.0,21.061892,23.09491,20.051088,21.705673,21.098558,23.183369,21.077633,23.278389,16.683369,16.274294,20.02611,22.695045,21.070038,22.483505,21.081453,22.797232,16.013784,15.899381,0.0,0.0,0.0,0.0,0.0,0.0,0.0,0.0
6021,2023.0,2.0,11.0,19.0,21.066994,23.054195,18.23025,18.137915,21.09249,23.104445,21.055532,23.16847,16.615892,16.443693,17.531588,17.538609,21.069782,22.428741,21.080856,22.757895,15.915012,15.807988,0.0,0.0,4.0,0.0,0.0,0.0,0.0,0.0
6022,2023.0,2.0,11.0,19.0,21.065184,23.010843,17.863596,18.123997,21.091467,23.046532,21.08303,23.207447,16.552067,16.41578,16.431578,16.287138,21.068644,22.382761,21.079695,22.720955,16.783482,17.526905,4.0,0.0,0.0,0.0,0.0,0.0,0.0,4.0
6023,2023.0,2.0,11.0,19.0,21.064547,22.97618,20.249958,22.379145,21.046715,22.930943,21.0725,23.092812,16.423891,16.295444,16.225164,16.083422,21.02209,22.2696,21.063301,22.688805,20.34483,23.457426,4.0,4.0,4.0,0.0,0.0,4.0,0.0,4.0
6024,2023.0,2.0,11.0,20.0,21.089502,23.015192,20.048439,21.804214,21.097279,23.00346,21.073385,23.041073,16.304707,16.178795,16.046663,15.904693,21.074806,22.360268,21.064528,22.68406,20.009026,22.389557,0.0,0.0,4.0,0.0,0.0,0.0,0.0,4.0
6025,2023.0,2.0,11.0,20.0,21.083462,22.970158,18.485615,18.674559,21.063673,22.876125,21.09675,23.062893,16.99591,17.577354,15.91062,15.7787695,21.066349,22.30983,21.025488,22.56935,20.062521,22.220695,4.0,4.0,0.0,4.0,0.0,0.0,4.0,4.0
6026,2023.0,2.0,11.0,20.0,21.057222,22.867594,20.236517,22.247747,21.068708,22.855589,21.09075,23.007605,20.338161,23.244225,15.786852,15.6556425,21.037054,22.204533,21.087027,22.684677,20.054352,22.01456,4.0,4.0,0.0,0.0,0.0,4.0,0.0,4.0
6027,2023.0,2.0,11.0,20.0,21.06134,22.853714,20.035309,21.685736,21.067362,22.827272,21.090334,22.968102,18.220068,18.627005,15.679435,15.551241,21.071033,22.273985,21.037415,22.52526,20.052984,21.875216,4.0,4.0,0.0,4.0,0.0,0.0,4.0,4.0
6028,2023.0,2.0,11.0,20.0,21.086689,22.903713,20.085766,21.70023,21.066772,22.802803,21.069576,22.932514,20.391838,22.81985,15.585204,15.454427,21.065063,22.238794,21.084318,22.62414,20.050884,21.770134,0.0,4.0,0.0,0.0,0.0,0.0,0.0,4.0
6029,2023.0,2.0,11.0,20.0,21.054708,22.793982,18.584686,18.732458,21.090656,22.847652,21.071606,22.932829,17.937326,17.83149,15.505367,15.376329,21.06504,22.217249,21.075226,22.578941,20.084848,21.78618,4.0,0.0,0.0,0.0,0.0,0.0,0.0,0.0
6030,2023.0,2.0,11.0,21.0,21.15199,22.969868,20.22003,22.100513,21.060429,22.741846,21.070724,22.92345,16.698322,16.274042,15.431478,15.300513,21.122667,22.347326,21.075527,22.553787,18.082989,17.867311,4.0,4.0,0.0,0.0,0.0,0.0,0.0,0.0
6031,2023.0,2.0,11.0,21.0,21.08346,22.836851,20.04515,21.63532,21.06455,22.73122,21.069696,22.912127,16.651758,16.493864,15.364776,15.232951,21.04837,22.203318,21.03361,22.422031,17.037092,16.604614,0.0,4.0,0.0,0.0,0.0,0.0,4.0,0.0
6032,2023.0,2.0,11.0,21.0,21.052935,22.73737,18.257257,18.132156,21.088547,22.781565,21.069902,22.902637,16.578379,16.441902,15.312155,15.184237,21.0194,22.128103,21.081835,22.534027,16.696068,16.280024,0.0,0.0,0.0,0.0,0.0,4.0,0.0,0.0
6033,2023.0,2.0,11.0,21.0,21.058372,22.735558,17.929237,18.185694,21.057854,22.679659,21.069405,22.891565,17.253803,17.839874,15.261343,15.133921,21.070812,22.222244,21.033598,22.393568,16.697866,16.537756,4.0,4.0,0.0,4.0,0.0,0.0,4.0,0.0
6034,2023.0,2.0,11.0,21.0,21.151217,22.910975,20.239931,22.3136,21.149044,22.847036,21.165462,23.054522,20.268663,22.903782,15.214512,15.087652,21.116774,22.28664,21.177364,22.69922,16.617176,16.484835,0.0,4.0,4.0,0.0,0.0,0.0,0.0,0.0
6035,2023.0,2.0,11.0,21.0,21.082136,22.777424,18.582645,18.906311,21.061728,22.657324,21.073517,22.88203,17.818104,17.74612,15.174305,15.048619,21.032959,22.076431,21.07167,22.467997,16.479332,16.355011,0.0,4.0,0.0,0.0,0.0,4.0,0.0,0.0
6036,2023.0,2.0,11.0,22.0,21.075502,22.746063,17.952662,18.289637,21.061083,22.64436,21.086634,22.859337,17.346466,17.642332,15.136536,15.01053,21.037601,22.075626,21.071302,22.45002,16.354153,16.233774,4.0,4.0,0.0,4.0,0.0,4.0,0.0,0.0
6037,2023.0,2.0,11.0,22.0,21.248814,23.054667,20.249954,22.3594,21.151783,22.832346,21.141424,22.912987,20.374912,22.746376,15.403438,15.5406,21.249006,22.490023,21.168839,22.628342,16.249947,16.13767,0.0,0.0,4.0,0.0,4.0,4.0,0.0,0.0
6038,2023.0,2.0,11.0,22.0,21.05052,22.640818,18.491093,18.688705,21.077269,22.662508,21.08731,22.797228,17.94121,17.818098,20.434711,23.878332,21.032932,22.043495,21.011671,22.30107,16.910393,17.468603,4.0,0.0,0.0,0.0,4.0,4.0,4.0,4.0
6039,2023.0,2.0,11.0,22.0,21.167122,22.887125,20.242723,22.315346,21.162537,22.815372,21.161226,22.919432,16.719618,16.295565,20.006271,22.763187,21.134815,22.259434,21.24523,22.757074,21.81405,25.774328,0.0,0.0,0.0,0.0,0.0,0.0,4.0,0.0
6040,2023.0,2.0,11.0,22.0,21.07459,22.685114,18.242369,18.199312,21.05965,22.627926,21.062891,22.733185,16.67135,16.498102,17.788816,18.133389,21.030676,22.014032,21.077097,22.432844,18.877018,19.380877,0.0,0.0,0.0,0.0,0.0,4.0,0.0,4.0
6041,2023.0,2.0,11.0,22.0,21.074953,22.671953,17.33753,17.205866,21.06227,22.642618,21.041073,22.673182,16.616962,16.479643,16.53499,16.435825,21.065952,22.095509,21.069983,22.401363,20.384459,22.649385,0.0,0.0,4.0,0.0,0.0,0.0,0.0,4.0
6042,2023.0,2.0,11.0,23.0,21.054888,22.655817,17.133722,17.000694,21.060736,22.643362,21.089962,22.754635,16.487265,16.350945,16.202703,16.053524,21.058466,22.065466,21.06856,22.380692,20.033737,21.886415,0.0,0.0,0.0,0.0,0.0,0.0,0.0,0.0
6043,2023.0,2.0,11.0,23.0,19.62213,19.919624,16.96511,16.844849,19.555054,19.75421,19.151072,19.007164,16.378647,16.2478,16.33593,16.465384,19.570837,19.196045,19.328066,19.022326,18.630802,19.020277,0.0,0.0,0.0,0.0,4.0,0.0,0.0,4.0
6044,2023.0,2.0,11.0,23.0,18.933899,18.964836,16.833717,16.706692,18.773264,18.629078,18.212204,17.674452,16.291924,16.158,16.054354,15.934421,19.29099,19.040854,18.9085,18.689592,17.508966,17.171915,0.0,0.0,0.0,0.0,0.0,0.0,0.0,0.0
6045,2023.0,2.0,11.0,23.0,19.363285,20.028423,16.71511,16.588282,18.43841,18.267315,18.164892,17.948883,16.211004,16.076485,15.86157,15.720562,19.164812,18.961098,18.700212,18.515308,17.02832,16.598463,0.0,0.0,0.0,0.0,0.0,0.0,0.0,0.0
6046,2023.0,2.0,11.0,23.0,18.434935,18.286207,16.611654,16.487001,18.19901,18.031715,18.019018,17.866276,16.138186,16.004223,15.759597,15.623094,19.003683,18.810503,18.490139,18.315933,16.759747,16.335258,0.0,0.0,0.0,0.0,0.0,0.0,0.0,0.0
6047,2023.0,2.0,11.0,23.0,17.909864,17.569136,16.514875,16.39083,17.99461,17.828283,17.825136,17.677504,16.069124,15.934401,15.661707,15.520802,18.856178,18.667503,19.343918,20.100452,16.785463,16.605022,0.0,0.0,0.0,0.0,0.0,0.0,4.0,0.0
6048,2023.0,2.0,12.0,0.0,18.387703,18.677101,16.425564,16.301535,17.816511,17.650703,17.64935,17.5031,16.582361,16.953812,15.5746565,15.431674,18.722696,18.5371,19.158382,19.5819,16.70833,16.566698,0.0,0.0,0.0,4.0,0.0,0.0,4.0,0.0
6049,2023.0,2.0,12.0,0.0,17.754866,17.510162,16.346714,16.226337,17.664839,17.505032,17.496618,17.35702,16.176731,16.07419,15.498899,15.357429,18.602377,18.416609,18.147535,17.748209,16.590462,16.458366,0.0,0.0,0.0,0.0,0.0,0.0,0.0,0.0
6050,2023.0,2.0,12.0,0.0,17.422398,17.09139,16.273367,16.155613,17.527788,17.371773,17.357449,17.22205,15.992851,15.857147,15.718123,15.827316,19.229969,19.700584,17.752623,17.289585,17.25747,17.823164,0.0,0.0,0.0,0.0,4.0,4.0,0.0,4.0
6051,2023.0,2.0,12.0,0.0,17.257328,16.93424,16.206602,16.09234,18.102682,18.561262,17.23353,17.103848,15.927768,15.794676,15.503046,15.387042,18.365276,17.947083,17.555344,17.102558,16.68204,16.616611,0.0,4.0,0.0,0.0,0.0,0.0,0.0,0.0
6052,2023.0,2.0,12.0,0.0,17.420456,17.409298,16.143354,16.030874,17.651783,17.666403,17.118668,16.9916,15.865652,15.73232,15.363212,15.222834,18.012003,17.497349,17.392048,16.947216,16.933708,17.238668,0.0,0.0,0.0,0.0,0.0,0.0,0.0,4.0
6053,2023.0,2.0,12.0,0.0,17.410606,17.449532,16.085613,15.976276,17.029488,16.589365,17.01618,16.893991,15.811097,15.678579,15.302151,15.1634,17.878532,17.371998,17.507757,17.325817,16.263258,15.919835,0.0,0.0,0.0,0.0,0.0,0.0,0.0,0.0
6054,2023.0,2.0,12.0,1.0,17.334045,17.375504,16.028095,15.918593,16.759127,16.251955,16.916798,16.793943,15.758268,15.62419,15.242588,15.10193,18.07721,17.892063,17.478487,17.32232,15.979072,15.596075,0.0,0.0,0.0,0.0,0.0,0.0,0.0,0.0
6055,2023.0,2.0,12.0,1.0,17.259857,17.304401,15.975706,15.867986,16.951696,16.785559,16.828495,16.708979,15.710462,15.576295,15.190247,15.049567,18.05253,17.868023,17.399075,17.24356,15.850226,15.4744,0.0,0.0,0.0,0.0,0.0,0.0,0.0,0.0
6056,2023.0,2.0,12.0,1.0,17.188143,17.235191,15.925831,15.81967,16.924324,16.786278,16.746044,16.62969,15.665313,15.531037,15.141407,15.000671,17.99374,17.810661,17.320953,17.165737,15.98082,15.851657,0.0,0.0,0.0,0.0,0.0,0.0,0.0,0.0
6057,2023.0,2.0,12.0,1.0,17.123383,17.175884,15.880873,15.778751,16.859617,16.729574,16.672707,16.563236,15.624374,15.491836,15.097906,14.959282,18.691652,19.181952,17.249266,17.0972,15.949359,15.821416,0.0,0.0,0.0,0.0,0.0,4.0,0.0,0.0
6058,2023.0,2.0,12.0,1.0,17.059303,17.11403,15.83573,15.735229,16.792507,16.666084,16.600718,16.494385,15.583919,15.451528,15.055165,14.916703,17.874113,17.481274,17.179468,17.02806,15.892163,15.765195,0.0,0.0,0.0,0.0,0.0,0.0,0.0,0.0
6059,2023.0,2.0,12.0,1.0,16.99302,17.044,15.787375,15.683306,16.72092,16.59091,16.52602,16.415556,15.542143,15.406754,15.0109825,14.868861,17.554485,17.056482,17.109144,16.953733,15.831836,15.701176,0.0,0.0,0.0,0.0,0.0,0.0,0.0,0.0
6060,2023.0,2.0,12.0,2.0,16.936674,16.990728,15.747272,15.646198,16.660719,16.53545,16.464094,16.358305,15.505671,15.371026,15.293018,15.432566,17.454037,16.964512,17.047865,16.89376,15.778361,15.648757,0.0,0.0,0.0,0.0,4.0,0.0,0.0,0.0
6061,2023.0,2.0,12.0,2.0,16.88331,16.940628,15.708685,15.610364,16.60312,16.482243,16.405397,16.303766,15.471091,15.337582,15.056112,14.923386,17.664124,17.479435,16.99054,16.838144,15.7281475,15.599968,0.0,0.0,0.0,0.0,0.0,0.0,0.0,0.0
6062,2023.0,2.0,12.0,2.0,16.8325,16.892916,15.671767,15.575979,16.548286,16.43158,16.349901,16.252117,15.437992,15.305619,15.004411,14.898811,17.667175,17.487003,16.936556,16.785965,16.416655,16.939997,0.0,0.0,0.0,0.0,0.0,0.0,0.0,4.0
6063,2023.0,2.0,12.0,2.0,16.777685,16.840258,15.6313715,15.537532,16.489098,16.375517,16.290627,16.195417,15.402098,15.270518,15.004734,14.926868,17.625414,17.44688,16.878778,16.729378,15.981689,15.893075,0.0,0.0,0.0,0.0,0.0,0.0,0.0,0.0
6064,2023.0,2.0,12.0,2.0,16.722933,16.784689,15.590233,15.496014,16.430157,16.31651,16.231665,16.135939,15.366307,15.234124,15.00552,14.947523,17.581644,17.402672,16.822159,16.671833,15.508565,15.166261,0.0,0.0,0.0,0.0,0.0,0.0,0.0,0.0
6065,2023.0,2.0,12.0,2.0,16.675669,16.741108,15.554449,15.463478,16.37938,16.270437,16.180628,16.089382,15.334569,15.20418,15.0047455,14.960685,17.541513,17.36487,16.772406,16.624634,16.102692,16.432758,0.0,0.0,0.0,0.0,0.0,0.0,0.0,4.0
6066,2023.0,2.0,12.0,3.0,16.628695,16.695473,15.518329,15.428695,16.329075,16.222265,16.130384,16.040876,15.8853655,16.267002,15.0054035,14.973697,17.5013,17.325466,16.723846,16.57685,15.586484,15.258234,0.0,0.0,0.0,4.0,0.0,0.0,0.0,0.0
6067,2023.0,2.0,12.0,3.0,16.57969,16.642643,15.478607,15.385147,16.27567,16.16536,16.076988,15.9837,16.213839,16.684025,15.009309,14.992387,17.4591,17.280624,16.67434,16.52464,15.299622,14.954478,0.0,0.0,0.0,4.0,0.0,0.0,0.0,0.0
6068,2023.0,2.0,12.0,3.0,16.541523,16.609344,15.444357,15.351797,16.229404,16.121168,16.030476,15.939135,16.013401,16.179977,15.00489,14.990432,17.420462,17.242146,16.62943,16.480064,15.435109,15.322834,0.0,0.0,0.0,4.0,0.0,0.0,0.0,0.0
6069,2023.0,2.0,12.0,3.0,16.512815,16.592949,15.411109,15.319513,16.185171,16.079237,15.985917,15.896805,15.410457,15.085805,15.16976,15.301372,17.383463,17.205992,16.586912,16.438568,15.432767,15.305704,0.0,0.0,0.0,0.0,4.0,0.0,0.0,0.0
6070,2023.0,2.0,12.0,3.0,16.479403,16.55878,15.378321,15.283881,16.142397,16.034277,15.942811,15.851386,15.165373,14.780426,14.97338,14.93205,17.347837,17.168165,16.54689,16.396477,15.396582,15.267696,0.0,0.0,0.0,0.0,0.0,0.0,0.0,0.0
6071,2023.0,2.0,12.0,3.0,16.43989,16.517653,15.342789,15.246046,16.096825,15.98721,15.896919,15.803882,15.045799,14.660842,15.01306,15.040445,17.309982,17.129066,16.504515,16.353046,15.356517,15.226689,0.0,0.0,0.0,0.0,0.0,0.0,0.0,0.0
6072,2023.0,2.0,12.0,4.0,16.403803,16.483877,15.312513,15.218529,16.0576,15.95194,15.857441,15.768277,15.800208,16.190248,15.0042715,15.015056,17.275469,17.09633,16.465796,16.31631,15.319948,15.19198,0.0,0.0,0.0,4.0,0.0,0.0,0.0,0.0
6073,2023.0,2.0,12.0,4.0,16.365356,16.443668,15.279204,15.184207,16.015331,15.909333,15.814888,15.725275,15.532939,15.436274,15.007663,15.027764,17.238995,17.059084,16.425444,16.275284,16.017794,16.53911,0.0,0.0,0.0,0.0,0.0,0.0,0.0,4.0
6074,2023.0,2.0,12.0,4.0,16.328663,16.406536,15.247313,15.152145,15.9751625,15.86973,15.7750435,15.685619,15.0992365,14.757389,15.007359,15.032959,17.203897,17.023968,16.386805,16.236776,15.387958,15.089729,0.0,0.0,0.0,0.0,0.0,0.0,0.0,0.0
6075,2023.0,2.0,12.0,4.0,16.288784,16.363003,15.211954,15.112809,15.93168,15.822565,15.73189,15.638521,15.00689,14.724046,15.013892,15.05195,17.166702,16.984129,16.346296,16.193737,15.03718,14.68616,0.0,0.0,0.0,0.0,0.0,0.0,0.0,0.0
6076,2023.0,2.0,12.0,4.0,16.252542,16.326546,15.181786,15.083548,15.894101,15.786484,15.694347,15.602343,15.093169,14.948248,15.006277,15.041113,17.132898,16.95061,16.309351,16.157164,15.176007,15.060353,0.0,0.0,0.0,0.0,0.0,0.0,0.0,0.0
6077,2023.0,2.0,12.0,4.0,16.215292,16.28773,15.14916,15.048952,15.854434,15.745428,15.654612,15.561126,15.097683,14.957464,15.137311,15.286325,17.098293,16.915007,16.271927,16.118914,15.176884,15.044632,0.0,0.0,0.0,0.0,4.0,0.0,0.0,0.0
6078,2023.0,2.0,12.0,5.0,16.182491,16.253986,15.121216,15.020388,15.820169,15.711146,15.620278,15.526684,15.070799,14.930219,15.013897,15.032447,17.06764,16.883926,16.238884,16.08557,15.145887,15.013312,0.0,0.0,0.0,0.0,0.0,0.0,0.0,0.0
6079,2023.0,2.0,12.0,5.0,16.147226,16.218521,15.091338,14.990845,15.783566,15.675329,15.583601,15.49069,15.03856,14.898362,15.016039,15.076465,17.034966,16.851578,16.203508,16.050568,15.111489,14.9793,0.0,0.0,0.0,0.0,0.0,0.0,0.0,0.0
6080,2023.0,2.0,12.0,5.0,16.111704,16.182062,15.064741,14.967493,15.75067,15.646301,15.550657,15.461518,15.0085535,14.870677,15.006809,15.059796,17.00464,16.82347,16.17055,16.019846,15.806446,16.317364,0.0,0.0,0.0,0.0,0.0,0.0,0.0,4.0
6081,2023.0,2.0,12.0,5.0,16.071316,16.137495,15.035747,14.9389515,15.715536,15.612007,15.516039,15.427364,15.002235,14.885124,15.009268,15.069829,16.973087,16.792297,16.136604,15.986399,15.192876,14.8985,0.0,0.0,0.0,0.0,0.0,0.0,0.0,0.0
6082,2023.0,2.0,12.0,5.0,16.039852,16.109385,15.006543,14.909683,15.680321,15.577023,15.481339,15.392623,15.00306,14.904376,15.009148,15.074887,16.94166,16.760857,16.102814,15.952623,15.558149,15.835116,0.0,0.0,0.0,0.0,0.0,0.0,0.0,4.0
6083,2023.0,2.0,12.0,5.0,16.021032,16.1018,15.001835,14.925674,15.645968,15.543233,15.447723,15.359131,15.0029745,14.918738,15.0095,15.080452,16.910957,16.730299,16.06998,15.920152,15.080669,14.749849,0.0,0.0,0.0,0.0,0.0,0.0,0.0,0.0
6084,2023.0,2.0,12.0,6.0,15.989907,16.069914,15.002356,14.945763,15.612031,15.509871,15.414394,15.3261175,15.004009,14.932882,15.009522,15.085196,16.88089,16.700552,16.037731,15.888271,15.529809,15.807863,0.0,0.0,0.0,0.0,0.0,0.0,0.0,4.0
6085,2023.0,2.0,12.0,6.0,20.902401,24.550058,15.002789,14.963275,20.81538,24.593122,20.68637,24.508083,15.004053,14.943185,15.00976,15.089963,20.820574,23.375296,21.32603,24.850925,20.105595,23.547722,0.0,0.0,0.0,0.0,0.0,0.0,0.0,0.0
6086,2023.0,2.0,12.0,6.0,21.008108,24.20853,15.003139,14.978698,21.012915,24.333374,21.017649,24.481655,15.003619,14.948133,15.009781,15.093472,21.559893,24.454748,22.201027,25.95023,17.143936,17.170063,0.0,0.0,0.0,0.0,0.0,0.0,0.0,0.0
6087,2023.0,2.0,12.0,6.0,21.092926,24.010382,15.00361,14.992924,21.0966,24.074497,21.100008,24.20512,15.538978,15.958285,15.009827,15.095729,21.183659,23.479834,22.957848,26.797417,15.645172,15.281356,0.0,0.0,0.0,4.0,0.0,0.0,0.0,0.0
6088,2023.0,2.0,12.0,6.0,21.057095,23.673212,15.003876,15.005712,21.084818,23.766182,21.089027,23.890032,20.2158,23.89748,15.009799,15.097267,21.07378,23.047935,20.879766,22.741186,16.404509,16.986654,0.0,0.0,0.0,0.0,0.0,0.0,0.0,4.0
6089,2023.0,2.0,12.0,6.0,21.084991,23.577023,15.0041685,15.017438,21.083982,23.564709,21.087996,23.68288,17.463217,17.881172,15.083719,15.223136,21.064178,22.881083,21.103924,23.104523,20.387691,23.703253,0.0,0.0,0.0,0.0,4.0,0.0,0.0,4.0
6090,2023.0,2.0,12.0,7.0,21.200724,23.539011,15.381004,15.388301,21.225058,23.55972,21.218266,23.660183,15.919188,15.7974825,20.032585,23.623413,21.177347,22.887733,21.272871,23.179834,20.158045,22.745516,0.0,0.0,0.0,0.0,0.0,0.0,0.0,0.0
6091,2023.0,2.0,12.0,7.0,21.01706,23.087816,15.880643,16.098816,20.973516,23.006279,20.98348,23.132101,15.646438,15.504308,17.537054,18.159431,20.985764,22.460548,20.922068,22.482347,18.351112,18.82273,0.0,0.0,0.0,0.0,0.0,0.0,0.0,4.0
6092,2023.0,2.0,12.0,7.0,21.056147,23.113619,15.214031,15.168139,21.091295,23.184885,21.093985,23.289522,16.261122,16.776207,15.762446,15.667119,21.06759,22.58057,21.087893,22.802227,20.334204,22.882029,0.0,0.0,0.0,4.0,0.0,0.0,0.0,0.0
6093,2023.0,2.0,12.0,7.0,21.097895,23.147184,15.061231,14.971652,21.050455,23.035099,21.07775,23.203218,20.372662,23.729599,15.419168,15.268658,21.057522,22.522274,21.064693,22.738157,17.744873,17.595715,0.0,4.0,0.0,4.0,0.0,0.0,0.0,0.0
6094,2023.0,2.0,12.0,7.0,21.062431,22.998718,15.476273,15.810448,21.05588,23.008772,21.078285,23.158674,20.01807,22.576864,15.249641,15.094381,21.028234,22.413504,21.066355,22.721188,17.438307,17.860458,4.0,4.0,0.0,4.0,0.0,4.0,0.0,4.0
6095,2023.0,2.0,12.0,7.0,21.221304,23.16568,19.83529,23.153835,21.238129,23.134705,21.235676,23.276207,20.107811,22.463514,15.117081,14.962413,21.1967,22.55393,21.284016,22.934187,20.320541,22.888588,0.0,4.0,0.0,0.0,0.0,4.0,0.0,0.0
6096,2023.0,2.0,12.0,8.0,20.965975,22.647072,17.657734,18.314577,20.975315,22.641747,20.957493,22.75335,17.628916,17.46366,15.010637,14.858235,20.98178,22.152184,20.919933,22.255608,17.74308,17.588985,0.0,0.0,0.0,0.0,0.0,0.0,0.0,0.0
6097,2023.0,2.0,12.0,8.0,19.507204,19.87604,15.969442,15.968333,19.396835,19.607286,19.180552,19.382376,16.374462,15.917893,15.009497,14.928501,19.888075,20.035448,19.385641,19.379852,16.494654,16.073454,0.0,4.0,0.0,0.0,0.0,4.0,0.0,0.0
6098,2023.0,2.0,12.0,8.0,18.772293,19.035425,15.601922,15.505237,18.539803,18.57464,18.061926,17.946972,16.732174,16.903606,15.262294,15.443627,19.41435,19.515268,19.558167,20.290936,16.394789,16.21397,0.0,4.0,0.0,4.0,4.0,4.0,4.0,0.0
6099,2023.0,2.0,12.0,8.0,17.901234,17.590656,15.456331,15.341004,18.30841,18.342,17.7109,17.553923,20.93251,23.975452,20.09113,23.623837,19.27937,19.388058,18.345755,17.959051,16.30549,16.160116,0.0,4.0,0.0,4.0,4.0,4.0,0.0,0.0
6100,2023.0,2.0,12.0,8.0,17.361338,16.970415,15.330082,15.210617,18.096464,18.14375,17.413574,17.254644,22.222988,25.908138,20.036509,23.001818,19.135609,19.252337,17.619135,17.118612,16.15256,16.015326,0.0,4.0,0.0,4.0,0.0,4.0,0.0,0.0
6101,2023.0,2.0,12.0,8.0,17.786526,18.013456,15.227465,15.105238,17.920073,17.981445,17.859379,18.305132,19.897303,21.436426,17.241484,17.231686,18.345499,17.882181,17.319569,16.825363,16.0061,15.868023,0.0,4.0,4.0,0.0,0.0,0.0,0.0,0.0
6102,2023.0,2.0,12.0,9.0,17.910912,18.224737,15.138892,15.013327,17.769611,17.84133,18.008345,18.542976,17.897587,17.622686,16.024277,15.847179,18.611563,18.726877,17.091122,16.60696,15.874078,15.735715,0.0,4.0,4.0,0.0,0.0,4.0,0.0,0.0
6103,2023.0,2.0,12.0,9.0,17.857292,18.18083,15.554665,15.840147,17.668339,17.750044,17.02899,16.717457,17.0459,16.499334,16.217707,16.386612,17.951723,17.453993,17.19836,16.992043,15.776402,15.63636,4.0,4.0,0.0,0.0,4.0,0.0,0.0,0.0
6104,2023.0,2.0,12.0,9.0,17.791067,18.119808,19.920418,23.28015,17.57779,17.67305,16.513168,15.992811,17.736574,18.15821,20.168972,23.255669,17.627121,17.072495,17.161942,16.993723,16.58293,17.23025,0.0,4.0,0.0,4.0,0.0,0.0,0.0,4.0
6105,2023.0,2.0,12.0,9.0,17.047548,16.798037,17.710869,18.37851,16.844517,16.399035,16.92331,16.983637,20.303793,22.58556,17.870668,18.319407,17.455795,16.914469,17.056328,16.892332,20.380236,23.60746,0.0,0.0,4.0,0.0,0.0,0.0,0.0,4.0
6106,2023.0,2.0,12.0,9.0,17.3534,17.641785,16.052668,16.065582,16.409672,15.870912,16.43142,16.022364,17.937843,17.777784,16.341942,16.223927,18.088316,18.24715,16.951977,16.789705,20.051142,22.567448,0.0,0.0,0.0,0.0,0.0,4.0,0.0,0.0
6107,2023.0,2.0,12.0,9.0,17.518633,17.879896,15.673528,15.574438,16.897526,16.95018,16.035776,15.533929,16.69275,16.218575,15.97682,15.814078,18.29973,18.481329,16.857174,16.696379,18.192844,18.665037,0.0,4.0,0.0,0.0,0.0,4.0,0.0,4.0
6108,2023.0,2.0,12.0,10.0,17.501123,17.870821,15.981495,16.256475,17.051508,17.206541,16.57898,16.669695,17.386576,17.814274,15.80248,15.631105,18.309578,18.49251,17.793165,18.521147,20.390507,22.647083,4.0,4.0,4.0,4.0,0.0,4.0,4.0,0.0
6109,2023.0,2.0,12.0,10.0,17.476557,17.857592,20.220104,23.584333,16.39625,15.999098,16.145126,15.764911,20.307598,22.798416,15.637907,15.470986,17.629717,17.211647,17.931496,18.43371,17.896595,17.756824,4.0,0.0,0.0,0.0,0.0,0.0,4.0,0.0
6110,2023.0,2.0,12.0,10.0,16.766922,16.56021,20.04725,22.779148,16.027702,15.538496,16.483442,16.613316,17.867321,17.756231,15.502383,15.340548,18.036753,18.23463,16.963848,16.617905,17.556658,17.90626,0.0,0.0,4.0,0.0,0.0,4.0,0.0,4.0
6111,2023.0,2.0,12.0,10.0,16.389032,16.099602,17.500854,17.58632,15.891404,15.408345,16.702997,16.924295,17.301043,17.463894,15.397987,15.244411,18.23613,18.449305,16.522945,16.112661,20.33692,22.812008,0.0,0.0,4.0,4.0,0.0,4.0,0.0,0.0
6112,2023.0,2.0,12.0,10.0,16.977203,17.325838,16.024588,15.60913,16.058615,15.857122,16.718985,16.95439,20.40136,22.81449,15.309894,15.16189,18.261965,18.481667,16.380236,15.972491,17.879702,17.778027,0.0,0.0,4.0,0.0,0.0,4.0,0.0,0.0
6113,2023.0,2.0,12.0,10.0,16.5579,16.416582,15.890705,15.700635,16.84073,17.333357,16.062622,15.740583,17.950565,17.859573,15.23329,15.089289,18.288555,18.515936,16.283327,15.884459,17.546902,17.915714,0.0,4.0,0.0,0.0,0.0,4.0,0.0,4.0
6114,2023.0,2.0,12.0,11.0,16.996475,17.365984,15.842632,15.721889,16.213863,16.008642,15.759306,15.331567,16.991266,16.504833,15.178586,15.036041,18.311367,18.54671,16.433384,16.260763,20.320366,22.811129,0.0,0.0,0.0,0.0,0.0,4.0,0.0,0.0
6115,2023.0,2.0,12.0,11.0,16.551247,16.430386,15.7033825,15.591937,16.419788,16.612648,15.622234,15.199372,16.880754,16.648348,15.120484,14.978525,18.329317,18.566153,16.476555,16.331377,17.894157,17.810162,0.0,4.0,0.0,0.0,0.0,4.0,0.0,0.0
6116,2023.0,2.0,12.0,11.0,16.246292,15.996256,16.073988,16.376385,16.580097,16.847992,15.525784,15.105805,17.536217,18.014519,15.480974,15.691373,18.34312,18.581339,16.448603,16.30585,16.97357,16.518974,4.0,4.0,0.0,4.0,4.0,4.0,0.0,0.0
6117,2023.0,2.0,12.0,11.0,16.116707,15.861428,20.149914,23.414782,15.977032,15.701235,15.687817,15.519509,20.700865,23.294498,19.915922,23.213274,18.355938,18.594944,16.41656,16.274883,16.899557,16.681637,0.0,0.0,0.0,0.0,0.0,4.0,0.0,0.0
6118,2023.0,2.0,12.0,11.0,16.270737,16.2782,17.864668,18.487375,15.621207,15.221697,15.743611,15.631282,18.475384,18.518892,17.728996,18.31195,18.369041,18.60868,16.38136,16.24042,16.762545,16.584402,0.0,0.0,0.0,0.0,0.0,4.0,0.0,0.0
6119,2023.0,2.0,12.0,11.0,17.095879,17.851145,17.066652,17.385527,15.509822,15.095324,15.708703,15.602102,17.259226,16.743303,16.461601,16.29647,17.630325,17.212584,16.350206,16.208937,16.610903,16.434706,4.0,0.0,0.0,0.0,0.0,0.0,0.0,0.0
6120,2023.0,2.0,12.0,12.0,16.383623,16.33559,20.190115,23.053015,15.676854,15.507222,16.395409,16.92787,17.919765,18.316814,16.191381,15.98944,17.350248,16.848688,16.317713,16.1746,16.473783,16.303366,0.0,0.0,4.0,4.0,0.0,0.0,0.0,0.0
6121,2023.0,2.0,12.0,12.0,20.837511,24.28049,17.965258,18.322725,20.961273,24.747494,20.943033,24.583117,20.276478,22.374435,15.993015,15.793004,21.113901,23.437586,21.443117,25.026918,16.330458,16.160707,4.0,0.0,0.0,0.0,0.0,0.0,0.0,0.0
6122,2023.0,2.0,12.0,12.0,21.393427,24.684841,20.22193,22.944534,21.658447,25.292046,21.22429,24.49661,18.09361,17.92657,15.838152,15.637435,22.046041,24.78653,22.312054,26.046833,16.21089,16.044527,0.0,0.0,0.0,0.0,0.0,4.0,0.0,0.0
6123,2023.0,2.0,12.0,12.0,21.02437,23.688482,18.078598,18.412275,20.979347,23.67512,21.077793,23.867817,16.932552,16.440462,15.717778,15.523696,20.945549,22.516731,21.940718,25.00706,16.114073,15.952253,4.0,0.0,0.0,0.0,0.0,0.0,0.0,0.0
6124,2023.0,2.0,12.0,12.0,21.086266,23.606026,20.253822,22.876009,21.097963,23.673368,21.088123,23.678982,16.858576,16.620972,15.616124,15.424539,21.058876,22.581451,20.957384,22.883093,16.032736,15.875377,4.0,0.0,0.0,0.0,0.0,4.0,0.0,0.0
6125,2023.0,2.0,12.0,12.0,22.038437,25.088469,20.056341,22.226168,21.079935,23.467125,21.08427,23.51935,16.788473,16.58459,15.53031,15.342602,22.16756,24.404486,21.084494,23.026201,15.962778,15.809504,0.0,0.0,0.0,0.0,0.0,0.0,0.0,0.0
6126,2023.0,2.0,12.0,13.0,20.925491,22.88305,17.842049,17.817762,21.079887,23.341124,21.05941,23.339458,16.656105,16.461468,15.461975,15.280325,20.94395,22.044737,21.0663,22.901136,15.9015465,15.751969,0.0,0.0,4.0,0.0,0.0,0.0,0.0,0.0
6127,2023.0,2.0,12.0,13.0,21.126358,23.23582,16.81473,16.675497,21.073946,23.23494,21.084332,23.32913,16.533604,16.34097,15.398732,15.218711,21.08741,22.30695,21.063988,22.825878,15.846279,15.698954,0.0,0.0,0.0,0.0,0.0,0.0,0.0,0.0
6128,2023.0,2.0,12.0,13.0,21.178366,23.259933,16.536444,16.38901,21.120708,23.21746,21.200964,23.439322,16.430286,16.2428,15.342679,15.165368,21.100702,22.32948,21.138126,22.90633,15.798509,15.654591,0.0,4.0,0.0,0.0,0.0,0.0,0.0,0.0
6129,2023.0,2.0,12.0,13.0,21.131329,23.073683,16.30977,16.16589,21.18968,23.272596,21.153643,23.205532,16.341463,16.159964,15.293112,15.119668,21.100103,22.318068,21.133068,22.825603,15.756068,15.6155205,0.0,0.0,4.0,0.0,0.0,0.0,0.0,0.0
6130,2023.0,2.0,12.0,13.0,21.171762,23.156773,16.119703,15.979685,21.18203,23.158537,21.18883,23.258322,16.262283,16.086182,15.247495,15.077534,21.099146,22.305792,21.130112,22.779938,15.717068,15.579622,0.0,0.0,0.0,0.0,0.0,0.0,0.0,0.0
6131,2023.0,2.0,12.0,13.0,21.047749,22.865381,15.973556,15.852868,21.058641,22.92389,21.080906,23.00778,17.00572,17.559206,15.208332,15.044636,21.043503,22.19641,21.054127,22.614439,15.682192,15.548772,0.0,0.0,0.0,4.0,0.0,0.0,0.0,0.0
6132,2023.0,2.0,12.0,14.0,21.065218,22.880873,16.299097,16.583996,21.07309,22.937235,21.050186,22.932886,20.32057,23.134298,15.1690035,15.008507,21.049387,22.202133,21.062798,22.60907,15.648133,15.517615,4.0,0.0,4.0,4.0,0.0,0.0,0.0,0.0
6133,2023.0,2.0,12.0,14.0,19.543964,19.944399,20.255154,23.450333,19.809677,20.467377,18.878786,18.769299,20.047832,22.215902,15.131743,14.973375,19.785765,19.763916,19.452322,19.48975,15.616819,15.489391,0.0,4.0,0.0,0.0,0.0,0.0,0.0,0.0
6134,2023.0,2.0,12.0,14.0,18.824883,19.141598,18.28473,19.110542,18.54523,18.568651,18.242956,18.338808,17.851803,17.723244,15.101434,14.945837,19.859451,20.32492,18.571314,18.396994,15.583739,15.458514,4.0,0.0,4.0,0.0,0.0,4.0,0.0,0.0
6135,2023.0,2.0,12.0,14.0,17.98309,17.736473,20.215425,22.805191,18.349577,18.433731,17.504215,17.113266,16.97967,16.49519,15.079078,14.925329,18.913548,18.501646,18.28389,18.084866,15.552168,15.428316,0.0,4.0,0.0,0.0,0.0,0.0,0.0,0.0
6136,2023.0,2.0,12.0,14.0,17.474415,17.160181,18.133583,18.47344,17.583246,17.170694,16.97674,16.503466,16.65683,16.177715,15.056267,14.90581,19.080061,19.201227,19.074978,19.797016,15.517252,15.3950405,4.0,0.0,0.0,0.0,0.0,4.0,4.0,0.0
6137,2023.0,2.0,12.0,14.0,17.963211,18.268435,20.238731,22.5342,17.824217,17.880358,16.742905,16.267126,16.703587,16.470186,15.036464,14.887992,18.465717,18.020615,18.060822,17.746077,15.484447,15.363261,0.0,4.0,0.0,0.0,0.0,0.0,0.0,0.0
6138,2023.0,2.0,12.0,15.0,18.074772,18.45057,18.321302,18.606592,17.260693,16.86499,16.792479,16.604025,17.399637,17.865059,15.015214,14.869807,18.802025,18.948421,17.435104,16.995144,15.448853,15.329187,4.0,0.0,0.0,4.0,0.0,4.0,0.0,0.0
6139,2023.0,2.0,12.0,15.0,17.338509,17.134562,20.228365,22.321615,17.550734,17.62852,16.753252,16.62724,20.308079,22.831436,14.999895,14.860443,18.92872,19.119986,17.232504,16.781996,16.388393,17.13145,0.0,4.0,0.0,4.0,0.0,4.0,0.0,4.0
6140,2023.0,2.0,12.0,15.0,16.919855,16.635418,18.386005,18.590788,17.658901,17.826693,16.624891,16.50743,20.047766,22.020504,15.002147,14.881882,18.235922,17.832973,17.060804,16.61881,20.387327,23.803486,4.0,4.0,0.0,0.0,0.0,0.0,0.0,4.0
6141,2023.0,2.0,12.0,15.0,17.45705,17.802834,20.246075,22.463173,16.94105,16.565863,17.212173,17.718266,17.94553,17.76896,15.002619,14.898879,17.823994,17.319168,17.14044,16.935085,20.047993,22.688545,4.0,0.0,4.0,0.0,0.0,0.0,0.0,0.0
6142,2023.0,2.0,12.0,15.0,16.958248,16.775372,20.040018,21.875662,16.512781,16.039898,17.451935,18.02761,16.854784,16.395494,15.002839,14.913694,18.42702,18.605024,17.132053,16.963552,17.46941,17.397745,4.0,0.0,4.0,0.0,0.0,4.0,0.0,0.0
6143,2023.0,2.0,12.0,15.0,16.578835,16.302492,20.09359,21.884836,17.029818,17.169464,17.146263,17.408077,16.78171,16.562214,15.003028,14.925738,18.644737,18.849443,17.050196,16.88796,16.24857,15.86426,0.0,4.0,4.0,0.0,0.0,4.0,0.0,0.0
6144,2023.0,2.0,12.0,16.0,17.162886,17.522139,18.410828,18.560291,16.549818,16.18944,17.00967,17.253279,16.705029,16.521198,15.003231,14.934835,17.926302,17.496683,16.968159,16.811113,15.936358,15.543186,4.0,0.0,4.0,0.0,0.0,0.0,0.0,0.0
6145,2023.0,2.0,12.0,16.0,16.727016,16.586334,20.242832,22.352913,16.860765,16.993229,16.331537,16.032656,16.571571,16.396759,15.312874,15.52036,17.559301,17.060158,17.966404,18.767904,15.944019,15.76227,0.0,4.0,0.0,0.0,4.0,0.0,4.0,0.0
6146,2023.0,2.0,12.0,16.0,17.085531,17.463175,18.121927,18.056883,17.057682,17.272726,16.611048,16.788568,16.447554,16.279135,20.16466,23.45693,17.425701,16.925705,17.130678,16.845358,15.90147,15.7557125,0.0,4.0,4.0,0.0,0.0,0.0,0.0,0.0
6147,2023.0,2.0,12.0,16.0,16.637062,16.512094,17.589977,17.826786,17.05589,17.27743,16.794806,17.047054,16.337208,16.174173,17.699812,18.282946,17.3257,16.831348,16.606226,16.211843,15.80396,15.66669,4.0,4.0,4.0,0.0,0.0,0.0,0.0,0.0
6148,2023.0,2.0,12.0,16.0,17.073336,17.46105,20.274136,22.603043,17.041086,17.265787,16.79537,17.052048,17.014828,17.528036,16.390345,16.229464,18.336313,18.84818,16.46851,16.064594,16.683031,17.397158,4.0,4.0,4.0,4.0,0.0,4.0,0.0,4.0
6149,2023.0,2.0,12.0,16.0,17.264605,17.702965,20.036783,21.901762,16.37316,16.039038,16.171217,15.903775,20.319956,23.126701,16.051634,15.867595,18.414156,18.667025,16.363781,15.964615,20.303125,23.478384,4.0,0.0,0.0,4.0,0.0,4.0,0.0,0.0
6150,2023.0,2.0,12.0,17.0,17.278214,17.721386,20.074903,21.834692,16.679419,16.833008,16.464577,16.660648,20.049702,22.231478,15.8499975,15.668297,18.359028,18.587479,16.490385,16.31301,17.481592,17.511902,4.0,4.0,4.0,0.0,0.0,4.0,0.0,0.0
6151,2023.0,2.0,12.0,17.0,17.279984,17.720987,20.068865,21.72734,16.882095,17.114952,16.040676,15.778853,17.8186,17.681904,15.698681,15.523197,18.377304,18.602764,16.5242,16.37647,16.111614,15.762297,4.0,4.0,0.0,0.0,0.0,4.0,0.0,0.0
6152,2023.0,2.0,12.0,17.0,17.277468,17.716322,20.068584,21.659552,16.886295,17.12205,15.661177,15.262928,16.679016,16.233294,15.574226,15.405765,17.65379,17.230892,17.509623,18.268799,15.991137,15.823137,4.0,4.0,0.0,0.0,0.0,0.0,4.0,0.0
6153,2023.0,2.0,12.0,17.0,17.271126,17.70753,20.065552,21.604872,16.876144,17.110325,15.503165,15.0803,16.33841,15.860781,15.463736,15.297566,17.289804,16.792038,17.679987,18.218756,15.908557,15.765164,4.0,4.0,0.0,0.0,0.0,0.0,4.0,0.0
6154,2023.0,2.0,12.0,17.0,17.262913,17.69783,20.06736,21.57075,16.863972,17.09778,16.417355,16.91307,16.395557,16.187492,15.376093,15.220571,17.173286,16.684713,16.735249,16.41515,16.762796,17.487154,4.0,4.0,4.0,0.0,0.0,0.0,0.0,4.0
6155,2023.0,2.0,12.0,17.0,17.252726,17.68585,20.066502,21.539606,16.849031,17.082151,15.914878,15.692699,16.37074,16.206533,15.294892,15.145269,17.07842,16.594273,16.308111,15.918323,20.314068,23.470617,4.0,4.0,0.0,0.0,0.0,0.0,0.0,0.0
6156,2023.0,2.0,12.0,18.0,17.24146,17.672794,20.066072,21.515062,16.832445,17.065056,15.450428,15.059974,16.270836,16.116526,15.222049,15.077231,17.26169,17.047901,16.165623,15.770961,17.482607,17.499203,4.0,4.0,0.0,0.0,0.0,0.0,0.0,0.0
6157,2023.0,2.0,12.0,18.0,21.35073,24.815386,20.065842,21.494352,21.259686,24.851475,21.142561,25.086004,16.16847,16.015188,15.154499,15.011664,22.39857,25.758469,21.789797,25.449038,16.077192,15.684637,4.0,4.0,4.0,0.0,0.0,4.0,0.0,0.0
6158,2023.0,2.0,12.0,18.0,21.020456,23.742231,20.065569,21.47609,21.048025,23.924168,21.016768,24.199362,16.07938,15.928178,15.0891905,14.9416,20.920467,22.814726,22.371258,25.994585,15.979421,15.811761,4.0,0.0,4.0,0.0,0.0,4.0,0.0,0.0
6159,2023.0,2.0,12.0,18.0,21.082449,23.578524,20.06519,21.459494,21.107798,23.692732,21.121347,24.005962,16.768057,17.293133,15.030323,14.879979,21.076414,22.887444,23.278084,27.164305,15.91216,15.766378,4.0,0.0,0.0,4.0,0.0,4.0,0.0,0.0
6160,2023.0,2.0,12.0,18.0,21.097757,23.43109,20.065216,21.445213,21.075222,23.370958,21.104647,23.690153,20.31998,23.299416,15.000792,14.868806,21.079784,22.741724,22.038452,24.47002,15.799568,15.660497,4.0,4.0,0.0,0.0,0.0,0.0,4.0,0.0
6161,2023.0,2.0,12.0,18.0,21.066267,23.201904,20.0826,21.480686,21.102276,23.279566,21.104143,23.490198,18.101768,18.442015,15.004619,14.901736,21.075193,22.598827,22.177635,24.739655,15.6965475,15.555558,0.0,0.0,0.0,4.0,0.0,0.0,0.0,0.0
6162,2023.0,2.0,12.0,19.0,21.095522,23.173044,18.601248,18.609169,21.071096,23.074867,21.079718,23.340815,20.430553,22.88698,15.0042305,14.9202,21.073668,22.494614,20.931805,22.278625,16.571468,17.284859,4.0,4.0,0.0,0.0,0.0,0.0,0.0,4.0
6163,2023.0,2.0,12.0,19.0,21.154266,23.203789,20.235432,22.016655,21.161327,23.185244,21.157478,23.416002,17.840302,17.656334,15.005088,14.937901,21.124369,22.519667,21.206064,22.836376,20.354935,23.622778,0.0,0.0,0.0,0.0,0.0,0.0,0.0,0.0
6164,2023.0,2.0,12.0,19.0,21.08671,22.998163,18.571896,18.63311,21.067356,22.904202,21.078745,23.192024,16.574036,16.085203,15.005101,14.9512,21.052385,22.352728,21.060133,22.571453,17.356659,17.276775,4.0,4.0,0.0,0.0,0.0,0.0,0.0,0.0
6165,2023.0,2.0,12.0,19.0,21.185385,23.164001,20.239466,22.126503,21.159828,23.036818,21.15937,23.301268,16.54624,16.338789,15.005684,14.963492,21.130657,22.488127,21.19739,22.856882,15.970552,15.557765,0.0,4.0,0.0,0.0,0.0,0.0,0.0,0.0
6166,2023.0,2.0,12.0,19.0,21.092577,22.944248,18.213034,18.026947,21.069786,22.813276,21.07668,23.091234,16.496618,16.324368,15.005555,14.972406,21.053034,22.311451,21.024601,22.482477,15.932848,15.766904,0.0,4.0,0.0,0.0,0.0,0.0,4.0,0.0
6167,2023.0,2.0,12.0,19.0,21.05644,22.81246,17.82018,18.040588,21.068647,22.777504,21.051107,22.986357,16.366268,16.19859,15.26366,15.458756,21.052534,22.293028,21.088682,22.608938,15.881947,15.733271,4.0,4.0,4.0,0.0,4.0,0.0,0.0,0.0
6168,2023.0,2.0,12.0,20.0,21.156631,22.985071,20.260284,22.380157,21.161364,22.952597,21.171427,23.202272,16.250364,16.083248,20.268486,23.691587,21.16374,22.481234,21.178211,22.757874,15.775814,15.631958,0.0,0.0,4.0,0.0,4.0,4.0,0.0,0.0
6169,2023.0,2.0,12.0,20.0,21.061205,22.769579,18.829477,19.359491,21.08651,22.768639,21.075672,22.941942,16.147234,15.9812355,20.00978,22.905523,21.045183,22.197466,21.07719,22.525057,15.679236,15.535862,4.0,0.0,4.0,0.0,0.0,4.0,0.0,0.0
6170,2023.0,2.0,12.0,20.0,21.087217,22.821836,20.25707,22.208107,21.086416,22.739223,21.07226,22.886503,16.057653,15.892159,17.256056,17.197092,21.07218,22.239586,21.059551,22.500324,16.553566,17.259066,4.0,0.0,4.0,0.0,0.0,0.0,0.0,4.0
6171,2023.0,2.0,12.0,20.0,21.081095,22.78536,20.05423,21.665909,21.039858,22.643839,21.071566,22.84551,15.979203,15.814415,16.16231,15.997915,21.06665,22.195265,21.06143,22.50547,20.354681,23.61733,0.0,4.0,4.0,0.0,4.0,0.0,0.0,0.0
6172,2023.0,2.0,12.0,20.0,21.081053,22.762197,18.471031,18.51367,21.068409,22.669926,21.095001,22.877317,15.910533,15.746958,20.3995,23.334148,21.066385,22.166237,21.06074,22.501244,17.352846,17.261354,4.0,4.0,0.0,0.0,4.0,0.0,0.0,0.0
6173,2023.0,2.0,12.0,20.0,21.034666,22.669188,20.238337,22.121817,21.064325,22.640186,21.088774,22.828424,16.605722,17.110643,20.045742,22.433094,21.047634,22.141453,21.060614,22.495321,15.969716,15.557032,4.0,4.0,0.0,4.0,0.0,0.0,0.0,0.0
6174,2023.0,2.0,12.0,21.0,21.061792,22.697676,20.051691,21.606735,21.064167,22.621265,21.064022,22.728155,20.422453,23.43683,17.5635,17.392126,21.049442,22.149162,21.060154,22.48703,16.972078,17.732311,0.0,4.0,4.0,0.0,0.0,0.0,0.0,4.0
6175,2023.0,2.0,12.0,21.0,21.057844,22.669567,18.533543,18.584776,21.088535,22.6719,21.068487,22.715727,17.558987,17.470675,16.510492,16.289938,21.04911,22.148233,21.059975,22.47822,20.349718,23.352516,4.0,0.0,4.0,0.0,0.0,0.0,0.0,0.0
6176,2023.0,2.0,12.0,21.0,21.149166,22.83535,20.22624,22.046255,21.082863,22.63805,21.091974,22.763817,16.175543,15.709962,16.717407,16.879887,21.16523,22.359802,21.059744,22.468859,17.500391,17.384758,4.0,0.0,0.0,0.0,4.0,4.0,0.0,0.0
6177,2023.0,2.0,12.0,21.0,21.084045,22.706327,20.053297,21.5708,21.082932,22.61637,21.086704,22.730684,16.168173,15.969689,20.437414,23.175428,21.072023,22.155529,21.059378,22.459187,16.160183,15.726025,0.0,0.0,0.0,0.0,0.0,0.0,0.0,0.0
6178,2023.0,2.0,12.0,21.0,21.051817,22.604424,18.235018,18.00123,21.061129,22.595724,21.086489,22.707941,16.149225,15.975641,18.357721,18.907064,21.064451,22.110432,21.059189,22.449762,17.137062,17.879004,0.0,0.0,0.0,0.0,4.0,0.0,0.0,4.0
6179,2023.0,2.0,12.0,21.0,21.083813,22.675838,17.475353,17.248959,21.039024,22.542688,21.06468,22.686424,16.04857,15.875593,20.319426,22.793062,21.064747,22.086405,21.059042,22.440462,21.259245,24.760164,0.0,4.0,0.0,0.0,4.0,0.0,0.0,0.0
6180,2023.0,2.0,12.0,22.0,21.05112,22.575193,17.727612,17.910677,21.068464,22.630838,21.066643,22.697956,15.956881,15.783537,20.045282,22.018213,21.04594,22.065645,21.058786,22.431017,18.007372,17.914904,4.0,0.0,0.0,0.0,4.0,0.0,0.0,0.0
6181,2023.0,2.0,12.0,22.0,21.05688,22.577532,20.236006,22.404034,21.08418,22.618677,21.066257,22.69853,16.474073,16.82782,20.101341,21.955936,21.047966,22.077604,21.019434,22.316954,16.411062,15.94834,4.0,0.0,0.0,4.0,0.0,0.0,4.0,0.0
6182,2023.0,2.0,12.0,22.0,21.056362,22.568186,20.039248,21.743864,21.056776,22.512115,21.066149,22.69683,20.483156,23.501022,17.902245,17.601221,21.047771,22.080376,21.083622,22.438595,16.323221,16.1261,4.0,4.0,0.0,0.0,0.0,0.0,0.0,0.0
6183,2023.0,2.0,12.0,22.0,21.082039,22.627792,20.087399,21.688738,21.086752,22.570852,21.041601,22.625597,17.885582,18.114723,16.969616,16.69197,21.017918,22.002502,21.072712,22.385305,17.0525,17.609798,0.0,0.0,4.0,0.0,0.0,4.0,0.0,4.0
6184,2023.0,2.0,12.0,22.0,21.076464,22.598145,18.511074,18.532734,21.055857,22.468285,21.07119,22.705435,16.605768,16.440727,16.756187,16.51372,21.041574,22.019014,21.034094,22.254612,20.35479,23.192451,4.0,4.0,0.0,0.0,0.0,4.0,4.0,4.0
6185,2023.0,2.0,12.0,22.0,21.171478,22.752304,20.23984,22.083183,21.168283,22.698338,21.162756,22.837648,16.342024,16.155138,16.849722,16.9031,21.133556,22.200266,21.23979,22.653881,20.05331,22.277634,0.0,0.0,0.0,0.0,4.0,0.0,4.0,0.0
6186,2023.0,2.0,12.0,23.0,21.055182,22.5089,18.52042,18.535246,21.07991,22.501549,21.084352,22.64027,16.191643,16.004047,20.441267,23.016806,21.03372,21.955387,21.039824,22.24036,18.261621,18.557241,4.0,0.0,0.0,0.0,0.0,4.0,4.0,4.0
6187,2023.0,2.0,12.0,23.0,19.766125,20.036972,17.166275,16.584415,19.619951,19.726149,19.518429,19.64588,16.075617,15.892043,18.196829,18.468866,19.47096,18.973577,19.239357,18.820408,16.86883,16.485554,0.0,0.0,0.0,0.0,0.0,0.0,0.0,0.0
6188,2023.0,2.0,12.0,23.0,18.618977,18.18473,16.750187,16.05264,18.856018,18.631474,18.72052,18.511543,16.55882,16.870312,17.153524,16.914448,18.848236,18.158808,19.505138,19.770893,16.398767,15.902197,0.0,0.0,0.0,4.0,0.0,0.0,4.0,0.0
6189,2023.0,2.0,12.0,23.0,18.155415,17.659304,16.90024,16.575975,18.524687,18.280426,18.37976,18.153343,16.745598,17.106434,17.165512,17.183361,18.594545,17.917212,18.584654,18.066654,16.157331,15.664733,0.0,0.0,0.0,4.0,4.0,0.0,0.0,0.0
6190,2023.0,2.0,12.0,23.0,18.576399,18.696777,16.897804,16.67055,18.278917,18.03613,18.124958,17.90057,16.500893,16.582933,17.105906,17.174618,19.51744,19.899403,19.101482,19.385021,16.98718,17.434982,0.0,0.0,0.0,4.0,4.0,4.0,4.0,4.0
6191,2023.0,2.0,12.0,23.0,17.93988,17.560429,16.789097,16.569605,18.071257,17.830925,17.910172,17.688465,15.870587,15.460289,16.703379,16.532372,19.329641,19.385504,18.254368,17.75093,16.939453,17.163345,0.0,0.0,0.0,0.0,0.0,4.0,0.0,4.0
6192,2023.0,2.0,13.0,0.0,17.572254,17.102154,16.68037,16.462011,17.889326,17.649904,17.722307,17.50158,15.570332,15.077192,16.74051,16.788845,18.528252,17.968763,17.820257,17.24229,16.858189,17.069342,0.0,0.0,0.0,0.0,4.0,0.0,0.0,4.0
6193,2023.0,2.0,13.0,0.0,17.379618,16.917442,16.57983,16.36431,17.730883,17.495705,17.559301,17.342733,15.428598,14.934653,16.42191,16.241652,18.18333,17.541243,17.604027,17.03618,16.133236,15.73706,0.0,0.0,0.0,0.0,0.0,0.0,0.0,0.0
6194,2023.0,2.0,13.0,0.0,17.59058,17.513363,16.484268,16.269331,17.58517,17.351337,17.410135,17.194492,15.604504,15.399889,16.182365,15.955635,17.997063,17.35358,17.420063,16.86044,15.79127,15.317629,0.0,0.0,0.0,0.0,0.0,0.0,0.0,0.0
6195,2023.0,2.0,13.0,0.0,17.560247,17.522892,16.397478,16.185596,17.455961,17.22705,17.278107,17.067102,15.608825,15.421198,16.038458,15.813104,18.211473,17.934998,17.576712,17.340687,15.623078,15.15357,0.0,0.0,0.0,0.0,0.0,0.0,0.0,0.0
6196,2023.0,2.0,13.0,0.0,17.471174,17.437496,16.314646,16.103888,17.335411,17.108763,17.154835,16.945862,15.562466,15.375003,16.265265,16.353357,18.194715,17.94282,17.540104,17.331629,15.770732,15.587937,0.0,0.0,0.0,0.0,4.0,0.0,0.0,0.0
6197,2023.0,2.0,13.0,0.0,17.382584,17.350504,16.235981,16.025043,17.223625,16.997911,17.040215,16.832073,15.514542,15.326224,16.256119,16.316307,18.119549,17.867455,17.444662,17.228825,15.735198,15.558522,0.0,0.0,0.0,0.0,4.0,0.0,0.0,0.0
6198,2023.0,2.0,13.0,1.0,17.305481,17.282595,16.172121,15.970428,17.132149,16.918808,16.946377,16.750828,15.471216,15.285746,15.632777,15.158255,18.050947,17.803528,17.360197,17.149578,15.671322,15.498387,0.0,0.0,0.0,0.0,0.0,0.0,0.0,0.0
6199,2023.0,2.0,13.0,1.0,17.22284,17.198591,16.10203,15.898756,17.03513,16.820744,16.84686,16.650152,15.424938,15.237354,15.28035,14.695945,17.978563,17.728642,17.272816,17.059677,15.603106,15.427686,0.0,0.0,0.0,0.0,0.0,0.0,0.0,0.0
6200,2023.0,2.0,13.0,1.0,17.151781,17.133163,16.041649,15.84353,16.952957,16.745775,17.48578,17.93008,15.383844,15.1976595,15.742945,15.743584,17.915234,17.668043,17.196037,16.986216,15.542695,15.369542,0.0,0.0,4.0,0.0,4.0,0.0,0.0,0.0
6201,2023.0,2.0,13.0,1.0,17.080921,17.063782,15.980351,15.783771,17.593393,18.020731,17.03051,16.988228,15.910919,16.221855,15.590297,15.378709,17.852568,17.605192,17.120531,16.910772,15.483578,15.310021,0.0,4.0,0.0,4.0,0.0,0.0,0.0,0.0
6202,2023.0,2.0,13.0,1.0,17.013298,16.996763,15.92164,15.725892,17.780956,18.277208,16.382875,15.843619,16.143883,16.52255,15.445736,15.228025,17.79296,17.545036,17.049019,16.8389,16.15611,16.624086,0.0,4.0,0.0,4.0,0.0,0.0,0.0,4.0
6203,2023.0,2.0,13.0,1.0,16.951006,16.936113,15.866867,15.673015,16.854088,16.472546,16.136723,15.541325,15.341368,14.918106,15.376178,15.161765,17.737757,17.490427,16.983196,16.774025,16.419998,16.963669,0.0,0.0,0.0,0.0,0.0,0.0,0.0,4.0
6204,2023.0,2.0,13.0,2.0,16.890951,16.876501,15.813418,15.620477,16.399773,15.796948,16.338652,16.08004,15.035941,14.544026,15.5873,15.616193,17.684456,17.436918,16.92005,16.7109,15.493615,15.1119995,0.0,0.0,0.0,0.0,4.0,0.0,0.0,0.0
6205,2023.0,2.0,13.0,2.0,16.833473,16.819914,15.762615,15.571125,16.219913,15.5991125,16.380136,16.195368,15.006497,14.5813265,15.676152,15.741481,17.63354,17.386145,16.859663,16.650753,15.911039,16.115335,0.0,0.0,0.0,0.0,4.0,0.0,0.0,4.0
6206,2023.0,2.0,13.0,2.0,17.55177,18.225016,15.710618,15.522315,16.433088,16.16725,16.327482,16.149387,15.763224,16.103315,15.397963,15.226225,17.581036,17.335524,16.796963,16.58999,16.113552,16.329792,0.0,0.0,0.0,4.0,0.0,0.0,0.0,4.0
6207,2023.0,2.0,13.0,2.0,17.058498,17.159122,15.66614,15.479305,16.479248,16.281197,16.275541,16.099966,15.416043,15.270615,15.247006,15.038035,17.53579,17.290905,16.742908,16.536552,16.137774,16.356394,0.0,0.0,0.0,0.0,0.0,0.0,0.0,4.0
6208,2023.0,2.0,13.0,2.0,16.470692,16.1173,15.622641,15.438088,16.435877,16.244732,16.222717,16.04986,14.979378,14.590743,15.170838,14.959621,18.258226,18.696575,16.69038,16.485115,16.15019,16.368866,0.0,0.0,0.0,0.0,0.0,4.0,0.0,4.0
6209,2023.0,2.0,13.0,2.0,16.217796,15.821421,15.576497,15.394976,16.383034,16.195852,16.166489,15.996906,15.016974,14.7175,15.100365,14.89128,17.47343,16.95972,16.635431,16.432016,15.48464,15.112619,0.0,0.0,0.0,0.0,0.0,0.0,0.0,0.0
6210,2023.0,2.0,13.0,3.0,16.440031,16.381046,15.530227,15.350136,16.328348,16.143091,16.10999,15.942014,15.639756,15.947038,15.326129,15.369773,17.05991,16.472237,16.581362,16.378345,15.104765,14.662561,0.0,0.0,0.0,4.0,4.0,0.0,0.0,0.0
6211,2023.0,2.0,13.0,3.0,16.484701,16.474356,15.488985,15.308482,16.279234,16.09432,16.060009,15.89226,15.899577,16.28284,15.418915,15.490467,17.759172,17.885857,16.53419,16.330574,15.710835,15.913098,0.0,0.0,0.0,4.0,4.0,4.0,0.0,4.0
6212,2023.0,2.0,13.0,3.0,16.456049,16.449627,15.447696,15.266506,16.229534,16.044977,16.009943,15.842399,15.004861,14.677195,14.962824,14.704376,17.15324,16.604862,16.487217,16.283167,15.884354,16.103401,0.0,0.0,0.0,0.0,0.0,0.0,0.0,4.0
6213,2023.0,2.0,13.0,3.0,16.430943,16.438295,15.402982,15.221482,16.176266,15.99216,15.9567375,15.78941,15.305657,15.338846,15.028989,14.85428,17.640194,17.761648,17.461758,18.160202,15.9262,16.14077,0.0,0.0,0.0,4.0,0.0,4.0,4.0,4.0
6214,2023.0,2.0,13.0,3.0,16.395214,16.403595,15.358594,15.176198,16.124931,15.940084,15.904764,15.736914,14.970325,14.683686,15.226301,15.260847,17.11485,16.569077,16.613861,16.200787,15.281164,14.904887,0.0,0.0,0.0,0.0,4.0,0.0,0.0,0.0
6215,2023.0,2.0,13.0,3.0,16.350225,16.353941,15.310181,15.1214695,16.069601,15.878832,15.848751,15.6750555,15.023533,14.838198,15.343207,15.419216,16.780985,16.1774,16.10537,15.58829,15.007971,14.64868,0.0,0.0,0.0,0.0,4.0,0.0,0.0,0.0
6216,2023.0,2.0,13.0,4.0,16.309975,16.314545,15.270965,15.083975,16.022963,15.834737,15.802044,15.63077,14.9975605,14.80923,14.949664,14.73242,16.686337,16.087875,15.9770155,15.467636,15.014164,14.735573,0.0,0.0,0.0,0.0,0.0,0.0,0.0,0.0
6217,2023.0,2.0,13.0,4.0,16.262724,16.261404,15.2298765,15.042294,15.974526,15.786588,15.7539,15.582673,15.005883,14.8571205,15.030949,14.90124,16.959421,16.718435,16.181023,15.977618,15.038277,14.850835,0.0,0.0,0.0,0.0,0.0,0.0,0.0,0.0
6218,2023.0,2.0,13.0,4.0,16.21118,16.201902,15.18667,14.995706,15.92436,15.733788,15.704009,15.530009,15.006084,14.885966,15.008697,14.899321,17.004597,16.754766,16.205645,15.995408,15.009755,14.825514,0.0,0.0,0.0,0.0,0.0,0.0,0.0,0.0
6219,2023.0,2.0,13.0,4.0,16.16813,16.157726,15.146831,14.955337,15.877947,15.687482,15.657766,15.4837675,15.007482,14.906772,15.011688,14.938218,16.976065,16.725761,16.165792,15.955198,15.002693,14.857649,0.0,0.0,0.0,0.0,0.0,0.0,0.0,0.0
6220,2023.0,2.0,13.0,4.0,16.128748,16.119963,15.110934,14.922204,15.835767,15.64861,15.615711,15.4449215,15.480876,15.807698,15.14293,15.195991,16.94571,16.696503,16.124308,15.915138,15.005024,14.887182,0.0,0.0,0.0,4.0,4.0,0.0,0.0,0.0
6221,2023.0,2.0,13.0,4.0,16.08794,16.077974,15.07257,14.882998,15.791108,15.603839,15.571282,15.400222,15.093783,14.913337,14.978831,14.898156,16.912407,16.66275,16.080767,15.871307,15.005138,14.911048,0.0,0.0,0.0,0.0,0.0,0.0,0.0,0.0
6222,2023.0,2.0,13.0,5.0,16.04508,16.031462,15.031188,14.837501,15.74374,15.552987,15.524218,15.349592,15.03193,14.947789,15.016604,15.002755,16.876642,16.624994,16.035717,15.82427,15.00881,14.940384,0.0,0.0,0.0,0.0,0.0,0.0,0.0,0.0
6223,2023.0,2.0,13.0,5.0,16.008326,15.996905,15.000122,14.812058,15.700503,15.509862,15.481304,15.30666,15.007199,14.9098,15.0165205,15.005318,16.842066,16.590197,15.99289,15.781374,15.009781,14.956862,0.0,0.0,0.0,0.0,0.0,0.0,0.0,0.0
6224,2023.0,2.0,13.0,5.0,15.969447,15.957044,15.002779,14.849614,15.657905,15.467317,15.439079,15.264346,15.010845,14.949457,15.017638,15.021796,16.807215,16.55512,15.950535,15.738945,15.011742,14.974981,0.0,0.0,0.0,0.0,0.0,0.0,0.0,0.0
6225,2023.0,2.0,13.0,5.0,15.941061,15.93852,15.00312,14.869997,15.618828,15.431286,15.400392,15.228461,15.006279,14.954971,15.009104,15.016256,16.773588,16.522713,15.910305,15.700376,15.592247,16.07511,0.0,0.0,0.0,0.0,0.0,0.0,0.0,4.0
6226,2023.0,2.0,13.0,5.0,15.904897,15.901574,15.003733,14.891398,15.577615,15.390395,15.360134,15.1881075,15.008248,14.974326,15.011317,15.031194,16.738573,16.48775,15.869087,15.6594,15.097692,14.94979,0.0,0.0,0.0,0.0,0.0,0.0,0.0,0.0
6227,2023.0,2.0,13.0,5.0,15.863445,15.855948,15.007064,14.917752,15.532873,15.342108,15.316522,15.140748,15.014826,15.001822,15.020597,15.059982,16.701506,16.448738,15.825766,15.61395,15.034652,15.01221,0.0,0.0,0.0,0.0,0.0,0.0,0.0,0.0
6228,2023.0,2.0,13.0,6.0,15.823479,15.813133,15.007952,14.935003,15.491796,15.300892,15.276422,15.100242,15.015358,15.011394,15.057309,15.121436,16.666172,16.413183,15.784692,15.572803,15.032509,14.987436,0.0,0.0,0.0,0.0,4.0,0.0,0.0,0.0
6229,2023.0,2.0,13.0,6.0,20.757238,24.434172,15.005093,14.943014,20.578053,24.175283,20.39928,24.037685,15.007742,15.007329,19.638504,22.649748,20.496716,22.915697,21.106724,24.552767,15.005039,14.970723,0.0,0.0,0.0,0.0,0.0,0.0,0.0,0.0
6230,2023.0,2.0,13.0,6.0,21.030022,24.342676,15.004755,14.95161,21.043064,24.406384,21.069286,24.621841,15.009223,15.0187435,17.266317,17.698025,21.376696,24.24606,21.98473,25.674812,15.00896,14.999577,0.0,0.0,0.0,0.0,0.0,0.0,0.0,0.0
6231,2023.0,2.0,13.0,6.0,21.094019,24.066664,15.005334,14.961355,21.096163,24.07402,21.096905,24.217096,15.008675,15.022816,15.565185,15.342252,21.885767,24.785826,22.793331,26.644608,15.008364,15.011375,0.0,0.0,0.0,0.0,0.0,0.0,0.0,0.0
6232,2023.0,2.0,13.0,6.0,21.08469,23.780249,15.005832,14.972931,21.087847,23.76534,21.09261,23.904581,15.008819,15.0263,15.573545,15.605158,21.071667,23.039503,23.031748,26.622448,15.567306,16.067606,0.0,0.0,0.0,0.0,4.0,0.0,0.0,4.0
6233,2023.0,2.0,13.0,6.0,21.084465,23.593653,15.006584,14.985062,21.087307,23.559834,21.090899,23.689358,15.680373,15.990041,20.22115,23.332687,21.077091,22.910368,21.210152,23.201235,20.284086,24.03211,0.0,0.0,0.0,0.0,4.0,0.0,0.0,0.0
6234,2023.0,2.0,13.0,7.0,21.082485,23.454895,15.00605,14.990109,21.084929,23.406803,21.088709,23.529316,15.445895,15.284898,20.005808,22.725977,21.066303,22.78343,21.10547,22.967579,16.975817,16.903255,0.0,0.0,0.0,0.0,4.0,0.0,0.0,0.0
6235,2023.0,2.0,13.0,7.0,21.080553,23.351591,15.319542,15.570459,21.083092,23.292356,21.086903,23.408772,15.406469,15.219332,20.127296,22.6088,21.065865,22.701311,21.07088,22.874178,15.282863,14.800191,4.0,0.0,0.0,0.0,0.0,0.0,0.0,0.0
6236,2023.0,2.0,13.0,7.0,21.436193,23.677158,20.014357,23.55777,21.436691,23.602688,21.419817,23.692211,15.049447,14.848679,17.423626,17.15451,21.33786,22.957567,21.57296,23.428665,15.246617,15.04451,0.0,0.0,0.0,0.0,0.0,0.0,0.0,0.0
6237,2023.0,2.0,13.0,7.0,20.922218,22.775713,17.560696,18.139606,20.928904,22.707779,20.932997,22.827036,15.009152,14.881493,16.299246,15.993715,20.954544,22.262775,20.886314,22.27499,15.195108,15.00347,0.0,0.0,0.0,0.0,0.0,0.0,0.0,0.0
6238,2023.0,2.0,13.0,7.0,21.100754,23.127014,15.824407,15.733421,21.077658,22.97581,21.105215,23.158697,15.00856,14.92912,16.07302,15.800413,21.075384,22.49657,21.102858,22.739323,16.053362,16.72469,0.0,4.0,0.0,0.0,0.0,0.0,0.0,4.0
6239,2023.0,2.0,13.0,7.0,21.04708,22.988333,15.918666,16.125689,21.07975,22.98706,21.078892,23.086002,15.009354,14.966929,15.8375845,15.576503,21.030933,22.375946,21.06698,22.680836,20.321909,23.854773,4.0,0.0,0.0,0.0,0.0,4.0,0.0,4.0
6240,2023.0,2.0,13.0,8.0,21.602352,23.834764,20.192572,23.527172,21.97137,24.298668,21.708324,23.976784,15.009814,14.994725,15.623082,15.362877,21.571404,23.212355,21.786829,23.909687,20.057829,22.872364,0.0,0.0,0.0,0.0,0.0,0.0,0.0,0.0
6241,2023.0,2.0,13.0,8.0,18.898993,18.699942,18.034748,18.787949,19.830336,19.968786,19.212015,19.373783,15.009713,15.014549,15.450754,15.203108,19.711378,19.712612,19.878704,19.953228,17.800472,18.152245,4.0,4.0,0.0,0.0,0.0,4.0,0.0,4.0
6242,2023.0,2.0,13.0,8.0,18.241602,18.301947,20.045843,22.762068,17.85082,17.169878,17.971416,17.77241,15.010501,15.033131,15.294756,15.044669,19.122356,19.072824,18.557451,18.323698,20.451677,23.215391,0.0,0.0,0.0,0.0,0.0,4.0,0.0,0.0
6243,2023.0,2.0,13.0,8.0,17.438253,16.971676,17.731512,17.889523,17.791061,17.561817,17.495615,17.242748,15.01082,15.048402,15.159161,14.91305,18.262978,17.63573,18.097702,17.84025,17.447899,17.218405,4.0,4.0,0.0,0.0,0.0,0.0,0.0,0.0
6244,2023.0,2.0,13.0,8.0,16.887207,16.33298,20.16067,22.871162,17.11122,16.416723,17.181044,16.921377,15.011432,15.0628395,15.03415,14.786208,17.711145,16.988482,17.783182,17.529636,16.002697,15.457145,0.0,0.0,0.0,0.0,0.0,0.0,0.0,0.0
6245,2023.0,2.0,13.0,8.0,17.308708,17.378126,17.821941,17.948513,17.253607,17.052687,16.925583,16.666536,15.011751,15.07506,15.286471,15.35261,17.42508,16.702545,17.526363,17.279865,16.84389,17.436506,4.0,4.0,0.0,0.0,4.0,0.0,0.0,4.0
6246,2023.0,2.0,13.0,9.0,16.730614,16.283667,20.118994,22.684929,16.662329,15.988854,16.7093,16.451107,15.6443615,15.965502,20.314043,23.667364,17.211344,16.498177,17.307585,17.067299,20.642977,23.781672,0.0,0.0,0.0,0.0,4.0,0.0,0.0,0.0
6247,2023.0,2.0,13.0,9.0,16.30304,15.78343,17.56967,17.401602,16.208235,15.457448,16.532373,16.279797,15.280484,15.07988,20.002174,22.80926,18.232012,18.642788,17.123291,16.893518,18.192753,18.53252,0.0,0.0,0.0,0.0,4.0,4.0,0.0,4.0
6248,2023.0,2.0,13.0,9.0,16.851702,16.990057,16.367083,16.104055,16.679455,16.534525,17.0919,17.46405,15.258212,15.026276,20.128916,22.65856,17.463942,16.88416,16.95924,16.729004,21.399473,24.605444,0.0,4.0,4.0,0.0,0.0,0.0,0.0,0.0
6249,2023.0,2.0,13.0,9.0,16.354067,15.975617,16.153818,15.917852,16.85844,16.818066,17.335613,17.811066,14.994327,14.876942,17.418308,17.160717,16.959358,16.30561,16.818283,16.592707,18.074436,17.936098,0.0,4.0,4.0,0.0,0.0,0.0,0.0,0.0
6250,2023.0,2.0,13.0,9.0,15.974632,15.514279,16.4113,16.586716,16.828445,16.809967,16.93467,17.01298,15.013627,14.972417,15.909522,15.230098,17.620226,17.697964,16.696268,16.473854,16.37141,15.819943,4.0,4.0,4.0,0.0,0.0,4.0,0.0,0.0
6251,2023.0,2.0,13.0,9.0,15.82703,15.377266,20.191612,23.257261,16.789364,16.788836,16.061518,15.519653,15.010551,15.008548,15.853133,15.526134,17.82419,17.901114,16.593704,16.377346,16.21908,15.960569,4.0,4.0,0.0,0.0,0.0,4.0,0.0,0.0
6252,2023.0,2.0,13.0,10.0,16.056421,15.966701,20.058262,22.55662,16.072174,15.498214,15.624093,14.981198,15.010676,15.037486,15.799439,15.536633,17.127996,16.575815,16.50257,16.289742,16.08925,15.87712,0.0,0.0,0.0,0.0,0.0,0.0,0.0,0.0
6253,2023.0,2.0,13.0,10.0,16.137012,16.118376,17.798716,17.925955,15.701737,15.06332,15.459775,14.831704,15.010486,15.056236,15.650649,15.407572,16.782679,16.177477,16.425251,16.218504,16.85865,17.498945,4.0,0.0,0.0,0.0,0.0,0.0,0.0,4.0
6254,2023.0,2.0,13.0,10.0,16.864372,17.532228,20.20159,22.789927,16.245094,16.219257,15.665487,15.385118,15.505773,15.989363,15.925955,16.052979,17.452837,17.558285,16.356453,16.154581,20.36384,23.425714,0.0,4.0,0.0,4.0,4.0,4.0,0.0,4.0
6255,2023.0,2.0,13.0,10.0,17.155262,17.869953,17.964752,18.099771,15.818521,15.322345,15.742501,15.541501,21.005579,25.35726,20.446646,23.59249,17.00947,16.516394,17.320202,18.02411,20.839027,23.78539,4.0,0.0,0.0,4.0,4.0,0.0,4.0,0.0
6256,2023.0,2.0,13.0,10.0,16.861814,17.22695,20.18633,22.686296,16.170124,16.189264,15.698653,15.5113945,20.47216,23.684628,20.044865,22.557825,17.46846,17.609022,16.49031,16.101751,17.889593,17.749653,0.0,4.0,0.0,0.0,0.0,4.0,0.0,0.0
6257,2023.0,2.0,13.0,10.0,16.095718,15.872764,17.797195,17.742617,16.400963,16.516102,16.37182,16.825506,17.413136,17.374521,17.482256,17.311924,17.703892,17.853092,15.993533,15.513896,16.392464,15.896168,0.0,4.0,4.0,0.0,0.0,4.0,0.0,0.0
6258,2023.0,2.0,13.0,11.0,16.530436,16.838516,16.970045,16.711555,16.423412,16.55729,15.982398,15.98086,16.89945,16.96234,16.704863,16.374002,17.756098,17.913317,16.953157,17.421047,16.047901,15.523308,0.0,4.0,0.0,4.0,0.0,4.0,4.0,0.0
6259,2023.0,2.0,13.0,11.0,16.00187,15.798771,16.756048,16.554815,15.767197,15.342799,16.089918,16.22754,20.251858,23.019579,16.548965,16.273983,17.061962,16.580006,16.24172,15.871757,16.094296,15.843794,0.0,0.0,4.0,0.0,0.0,0.0,0.0,0.0
6260,2023.0,2.0,13.0,11.0,15.640571,15.327313,16.946554,17.146746,16.105566,16.191082,15.5233,15.130769,18.086363,18.441586,16.716656,16.787693,16.728874,16.180847,15.843797,15.394232,16.981186,17.620066,4.0,4.0,0.0,4.0,4.0,0.0,0.0,4.0
6261,2023.0,2.0,13.0,11.0,15.5433,15.232948,20.227345,23.03249,15.6200285,15.233766,15.236021,14.743503,21.633944,24.667215,20.214931,23.01538,16.644804,16.098795,15.757984,15.308072,20.870869,24.2165,0.0,0.0,0.0,0.0,0.0,0.0,0.0,0.0
6262,2023.0,2.0,13.0,11.0,15.753264,15.734471,18.127354,18.572174,15.29124,14.813275,15.824575,15.953976,18.60017,18.630686,18.068443,18.414888,16.585308,16.052198,15.697454,15.258585,17.908394,17.932175,0.0,0.0,4.0,0.0,0.0,0.0,0.0,0.0
6263,2023.0,2.0,13.0,11.0,16.59975,17.327507,17.038157,16.908768,15.907323,16.046768,16.043364,16.28615,17.193245,16.624262,17.010311,16.784845,17.650684,18.146801,15.876518,15.670683,16.708933,16.213,0.0,4.0,4.0,0.0,0.0,4.0,0.0,0.0
6264,2023.0,2.0,13.0,12.0,15.906303,15.832653,16.712505,16.543457,15.451537,15.115597,15.409856,15.076881,17.026115,16.729776,17.105358,17.18324,17.692142,17.969582,15.931411,15.763633,17.55877,18.151062,0.0,0.0,0.0,0.0,4.0,4.0,0.0,4.0
6265,2023.0,2.0,13.0,12.0,21.069899,24.928225,16.494669,16.328617,20.919039,24.69481,20.215351,23.531975,16.83327,16.587723,20.226946,22.791668,21.275045,24.135212,21.481771,25.307163,21.290636,24.55318,0.0,4.0,0.0,0.0,0.0,4.0,4.0,0.0
6266,2023.0,2.0,13.0,12.0,21.039585,24.303932,16.292088,16.13377,21.035683,24.311735,21.09331,24.541414,16.584723,16.352787,18.48955,19.032625,21.733246,24.491516,21.11267,24.17976,18.314386,18.309044,0.0,0.0,0.0,0.0,4.0,4.0,4.0,0.0
6267,2023.0,2.0,13.0,12.0,21.114271,24.062332,16.119368,15.966374,21.097254,23.991817,21.092447,24.134878,16.37354,16.151316,20.287376,22.570267,21.838768,24.368593,22.136848,25.534071,16.690271,16.223854,0.0,4.0,0.0,0.0,4.0,0.0,0.0,0.0
6268,2023.0,2.0,13.0,12.0,21.101236,23.774464,15.974406,15.826692,21.086931,23.691437,21.09036,23.863277,16.200836,15.988375,20.051456,21.878546,21.896017,24.141815,20.937616,23.032194,16.53999,16.314117,0.0,4.0,0.0,0.0,0.0,0.0,0.0,0.0
6269,2023.0,2.0,13.0,12.0,21.080221,23.588455,16.316803,16.577946,21.084532,23.492996,21.087912,23.673174,16.058527,15.855886,18.038597,17.860743,20.961168,22.304138,21.108192,23.202242,16.438868,16.241957,4.0,4.0,0.0,0.0,0.0,0.0,0.0,0.0
6270,2023.0,2.0,13.0,13.0,21.951925,24.840296,20.2235,23.46152,21.105164,23.41307,21.085949,23.536398,15.9381485,15.743819,17.132065,16.87165,21.975655,23.958508,21.083698,23.024687,16.292408,16.105686,0.0,0.0,0.0,0.0,0.0,0.0,0.0,0.0
6271,2023.0,2.0,13.0,13.0,20.910742,22.914217,17.937151,18.494255,21.097673,23.289335,21.084095,23.434774,15.839103,15.65418,16.918108,16.677662,20.945644,22.07022,21.068254,22.92735,16.16731,15.98926,0.0,0.0,0.0,0.0,0.0,0.0,0.0,0.0
6272,2023.0,2.0,13.0,13.0,21.080286,23.222813,16.439625,16.399824,21.09522,23.199987,21.08172,23.355818,15.751903,15.573604,16.720888,16.485085,21.071634,22.346571,21.067787,22.871517,16.059742,15.888411,0.0,0.0,0.0,0.0,0.0,0.0,0.0,0.0
6273,2023.0,2.0,13.0,13.0,21.095432,23.225437,16.593992,16.909813,21.074585,23.131596,21.057192,23.231033,16.503048,17.06755,16.558678,16.334162,21.050299,22.310762,21.0671,22.825628,15.96987,15.80745,4.0,0.0,4.0,4.0,0.0,0.0,0.0,0.0
6274,2023.0,2.0,13.0,13.0,21.153793,23.279057,20.270777,23.301111,21.16096,23.276884,21.164177,23.423626,20.347937,23.569178,16.417007,16.200209,21.131996,22.472626,21.186815,23.02861,16.911787,17.668114,4.0,0.0,0.0,4.0,0.0,0.0,0.0,4.0
6275,2023.0,2.0,13.0,13.0,22.13677,24.802917,20.044333,22.485466,22.098198,24.733358,22.480083,25.541142,20.047068,22.545643,16.296982,16.087471,21.87582,23.653757,21.987967,24.360992,20.355997,23.4311,0.0,0.0,0.0,0.0,0.0,0.0,0.0,0.0
6276,2023.0,2.0,13.0,14.0,21.020294,22.866144,18.05954,18.415335,21.029972,22.88622,20.910099,22.601212,17.639486,17.60847,16.592577,16.736006,20.944609,21.935513,21.052727,22.634977,17.6113,17.63041,4.0,0.0,4.0,0.0,4.0,0.0,0.0,0.0
6277,2023.0,2.0,13.0,14.0,19.528864,20.023903,20.239206,22.828476,19.76841,20.455519,18.855446,18.76949,16.424408,16.055578,20.394104,23.202232,19.768524,19.752354,19.41457,19.485332,16.331438,16.013033,0.0,4.0,0.0,0.0,0.0,0.0,0.0,0.0
6278,2023.0,2.0,13.0,14.0,18.164034,18.022112,18.266415,18.673885,18.493067,18.552181,17.668106,17.289078,16.104761,15.722734,18.15853,18.576202,19.119598,18.925526,18.496525,18.338251,16.212673,16.044937,4.0,0.0,0.0,0.0,0.0,0.0,0.0,0.0
6279,2023.0,2.0,13.0,14.0,17.678074,17.438318,20.241056,22.463022,17.70747,17.336702,18.234158,18.678976,16.127415,15.932626,17.115574,16.943283,18.891788,18.679373,18.190336,18.005356,16.147175,16.005968,4.0,0.0,4.0,0.0,0.0,0.0,0.0,0.0
6280,2023.0,2.0,13.0,14.0,17.345121,17.10839,20.035627,21.92168,17.931553,18.123093,18.110233,18.401703,16.075172,15.9174385,16.806906,16.611692,18.692757,18.48515,17.927757,17.745153,16.03958,15.904119,4.0,4.0,4.0,0.0,0.0,0.0,0.0,0.0
6281,2023.0,2.0,13.0,14.0,17.826836,18.253332,20.074308,21.904543,17.302807,16.997948,17.218204,16.943819,15.968884,15.822691,17.029654,17.198503,18.529245,18.33307,17.714933,17.54441,16.913752,17.648283,4.0,0.0,0.0,0.0,4.0,0.0,0.0,4.0
6282,2023.0,2.0,13.0,15.0,17.94716,18.45314,20.068438,21.824587,16.854877,16.482666,17.406733,17.636627,15.868244,15.72947,20.30362,22.78823,19.175226,19.693512,18.588564,19.365833,21.036613,24.533628,4.0,0.0,4.0,0.0,0.0,4.0,4.0,0.0
6283,2023.0,2.0,13.0,15.0,17.87162,18.379839,20.084316,21.816261,17.301422,17.51675,16.86696,16.625849,15.777224,15.643562,18.555641,19.150713,18.6923,18.645283,17.744902,17.53336,18.109606,18.29223,0.0,4.0,0.0,0.0,4.0,0.0,0.0,0.0
6284,2023.0,2.0,13.0,15.0,17.160505,17.12809,18.232513,18.22526,16.820986,16.57512,16.443419,16.11347,15.69644,15.568134,20.25791,22.5084,18.825212,19.09927,17.159231,16.819118,16.54098,16.267271,0.0,0.0,0.0,0.0,0.0,4.0,0.0,0.0
6285,2023.0,2.0,13.0,15.0,16.735233,16.599731,17.340647,17.24797,16.427025,16.090912,16.932522,17.193758,16.386518,16.936714,18.174732,18.189919,18.93093,19.242455,17.972586,18.537483,17.279076,17.96814,0.0,0.0,4.0,4.0,0.0,4.0,4.0,4.0
6286,2023.0,2.0,13.0,15.0,16.569735,16.424503,17.11312,17.021154,16.280333,15.943412,17.087296,17.450558,20.335497,23.725063,17.41913,17.20359,18.207428,17.89727,17.249437,17.03623,20.336523,23.227198,0.0,0.0,4.0,0.0,0.0,0.0,0.0,0.0
6287,2023.0,2.0,13.0,15.0,17.15101,17.638706,16.878942,16.792757,16.339504,16.204742,16.429123,16.237085,17.54104,17.73524,17.195662,17.013483,17.81701,17.418734,16.792164,16.478903,17.761793,17.838892,0.0,0.0,0.0,0.0,0.0,0.0,0.0,0.0
6288,2023.0,2.0,13.0,16.0,17.315311,17.874823,16.707735,16.614513,16.324913,16.237467,16.113867,15.80896,16.433714,16.096989,17.006252,16.824894,17.6813,17.278141,16.6488,16.32877,17.718834,18.193726,0.0,0.0,0.0,0.0,0.0,0.0,0.0,4.0
6289,2023.0,2.0,13.0,16.0,17.331451,17.89661,17.008757,17.31169,16.97074,17.515524,16.665281,16.955376,16.319687,16.146135,17.216825,17.37228,18.346554,18.63191,16.54068,16.225384,20.295904,22.774914,4.0,4.0,4.0,0.0,4.0,4.0,0.0,0.0
6290,2023.0,2.0,13.0,16.0,17.32587,17.882587,20.249414,23.079657,17.25731,17.891384,16.22532,16.031885,16.18653,16.045393,20.367458,22.80946,17.861605,17.560488,16.591614,16.442404,18.603622,19.189741,0.0,4.0,0.0,0.0,0.0,0.0,0.0,4.0
6291,2023.0,2.0,13.0,16.0,17.317652,17.876375,18.22687,18.751602,16.469824,16.365913,15.8648615,15.567812,16.784904,17.317589,18.324696,18.669662,17.510538,17.125694,16.579195,16.457136,20.30917,22.65247,0.0,0.0,0.0,4.0,0.0,0.0,0.0,0.0
6292,2023.0,2.0,13.0,16.0,16.649343,16.6405,17.354776,17.743198,16.655905,16.959938,15.72634,15.419069,20.333666,23.383923,17.123882,17.028866,17.378279,16.986803,16.513758,16.398195,18.689507,19.264784,4.0,4.0,0.0,0.0,0.0,0.0,0.0,4.0
6293,2023.0,2.0,13.0,16.0,16.985876,17.495874,20.290009,22.937864,16.192352,16.015938,16.548838,17.07501,17.677347,17.791225,16.786243,16.637314,17.487795,17.308237,16.443644,16.331608,20.273647,22.469278,4.0,0.0,4.0,0.0,0.0,0.0,0.0,4.0
6294,2023.0,2.0,13.0,17.0,16.493599,16.459993,20.04342,22.177378,16.531038,16.850677,16.928333,17.567148,16.276049,15.953973,16.58322,16.429358,17.512318,17.37052,16.37335,16.263405,20.02191,21.84462,0.0,4.0,4.0,0.0,0.0,0.0,0.0,4.0
6295,2023.0,2.0,13.0,17.0,16.86589,17.36869,17.980536,18.04209,16.694462,17.04663,16.13328,16.006573,16.112074,15.951512,16.807682,16.991055,17.460752,17.322449,16.304173,16.195042,20.053585,21.819328,0.0,4.0,0.0,0.0,4.0,0.0,0.0,4.0
6296,2023.0,2.0,13.0,17.0,17.031221,17.553759,17.136946,17.122156,16.056004,15.85245,16.32711,16.608103,15.998951,15.866095,20.398613,23.087639,17.394056,17.24828,16.233622,16.123817,21.114141,23.471447,4.0,0.0,4.0,0.0,0.0,0.0,0.0,0.0
6297,2023.0,2.0,13.0,17.0,16.376352,16.329138,20.266644,22.802011,15.658145,15.315687,16.499407,16.831621,15.850134,15.720978,18.204252,18.565487,17.32556,17.173372,16.15811,16.039576,18.178415,18.03828,4.0,0.0,4.0,0.0,0.0,0.0,0.0,0.0
6298,2023.0,2.0,13.0,17.0,16.73929,17.22454,20.0294,22.047367,16.206558,16.456337,15.832721,15.577926,16.50535,17.081404,16.895563,16.769848,18.033445,18.56593,16.082842,15.957629,17.078255,16.673481,4.0,4.0,0.0,4.0,0.0,4.0,0.0,0.0
6299,2023.0,2.0,13.0,17.0,16.23155,16.151852,20.077803,21.966259,16.415009,16.713186,15.454557,15.080338,20.26771,23.452927,16.557644,16.392853,18.043564,18.340996,17.04272,17.819479,17.550694,17.913603,4.0,4.0,0.0,0.0,0.0,4.0,4.0,4.0
6300,2023.0,2.0,13.0,18.0,16.589466,17.030157,20.088547,21.883093,16.418814,16.70288,15.290395,14.886811,17.467375,17.522062,16.756353,16.940872,17.252523,16.869007,16.259409,16.00027,20.334873,22.78295,0.0,4.0,0.0,0.0,4.0,0.0,0.0,0.0
6301,2023.0,2.0,13.0,18.0,21.301546,25.078568,18.058027,17.904194,21.211214,25.030392,20.532248,24.111303,15.959308,15.554403,20.40571,23.135393,21.881893,24.997387,21.441166,25.166534,17.834885,17.676092,0.0,4.0,0.0,0.0,0.0,4.0,0.0,0.0
6302,2023.0,2.0,13.0,18.0,21.04268,24.09543,17.163073,16.971437,21.026081,24.112385,21.074718,24.504692,15.83755,15.652756,18.143272,18.472673,21.73031,24.404274,21.662958,25.077295,17.551262,17.939777,0.0,4.0,0.0,0.0,0.0,4.0,0.0,4.0
6303,2023.0,2.0,13.0,18.0,21.112013,23.895334,17.369123,17.579174,21.099659,23.882444,21.072672,24.067545,15.759961,15.604025,17.156832,17.303215,21.824661,24.293562,20.9961,23.514,20.335587,22.817451,4.0,4.0,4.0,0.0,4.0,0.0,0.0,0.0
6304,2023.0,2.0,13.0,18.0,21.138458,23.697832,20.250196,22.751326,21.110617,23.666723,21.072208,23.796167,15.616146,15.452433,20.404623,22.926346,21.041183,22.65849,21.093159,23.49014,17.775972,17.568382,4.0,0.0,4.0,0.0,4.0,0.0,0.0,0.0
6305,2023.0,2.0,13.0,18.0,22.227268,25.300571,20.059923,22.08007,21.105295,23.468264,21.093266,23.604824,15.484997,15.315782,20.051357,22.054054,21.978523,24.180935,21.078688,23.302385,16.533672,16.04154,0.0,0.0,4.0,0.0,0.0,0.0,0.0,0.0
6306,2023.0,2.0,13.0,19.0,20.905964,22.816404,17.877504,17.708565,21.080412,23.259857,21.111736,23.494055,15.372716,15.199267,17.794662,17.515818,20.954723,22.233221,22.537113,25.613214,16.465416,16.253283,0.0,4.0,0.0,0.0,0.0,0.0,0.0,0.0
6307,2023.0,2.0,13.0,19.0,21.129347,23.221075,16.968689,16.706833,21.106083,23.228292,21.102856,23.349203,15.269776,15.089972,16.48073,15.831175,21.045412,22.39464,23.76096,27.545433,16.36762,16.178965,4.0,0.0,0.0,0.0,0.0,4.0,0.0,0.0
6308,2023.0,2.0,13.0,19.0,21.150873,23.206465,20.233036,22.633402,21.155724,23.243597,21.155418,23.355064,15.182145,15.001417,16.448486,16.151096,21.129448,22.522255,21.047367,22.534876,16.208199,16.020088,4.0,0.0,0.0,0.0,0.0,4.0,0.0,0.0
6309,2023.0,2.0,13.0,19.0,22.452703,25.373077,20.051048,22.004229,21.05238,22.996317,21.079788,23.173653,15.0993185,14.9145775,16.38008,16.135576,22.136889,24.221844,21.073103,22.63772,16.999825,17.64247,0.0,4.0,0.0,0.0,0.0,0.0,4.0,4.0
6310,2023.0,2.0,13.0,19.0,20.906908,22.493065,17.854612,17.628162,21.083342,22.99277,21.082262,23.148952,15.02711,14.839489,16.207516,15.973521,20.945547,21.970463,21.094124,22.722393,20.356417,23.285458,0.0,4.0,0.0,0.0,0.0,0.0,0.0,0.0
6311,2023.0,2.0,13.0,19.0,21.124672,22.970726,17.370188,17.493246,21.07885,22.935507,21.056992,23.051907,15.003271,14.849886,16.039623,15.797657,21.060673,22.192913,21.08843,22.704262,17.478388,17.261456,4.0,4.0,4.0,0.0,0.0,4.0,0.0,0.0
6312,2023.0,2.0,13.0,20.0,21.154379,23.015457,20.252806,22.702509,21.16035,23.058537,21.169735,23.257816,15.006191,14.88919,16.263147,16.345663,21.132113,22.342539,21.183681,22.879797,16.126745,15.599277,0.0,4.0,4.0,0.0,4.0,4.0,0.0,0.0
6313,2023.0,2.0,13.0,20.0,21.098215,22.918734,18.537207,19.05332,21.077858,22.857445,21.085085,23.01978,15.316729,15.1330185,20.471176,23.390305,21.049994,22.176353,21.068077,22.668362,16.11117,15.889629,4.0,4.0,4.0,0.0,4.0,4.0,0.0,0.0
6314,2023.0,2.0,13.0,20.0,21.160215,23.03192,20.282938,22.507847,21.165588,23.022526,21.159409,23.119625,15.439412,15.267462,20.046663,22.321379,21.133429,22.357592,21.190014,22.921535,16.045311,15.833277,4.0,0.0,4.0,0.0,0.0,0.0,0.0,0.0
6315,2023.0,2.0,13.0,20.0,21.065794,22.808086,20.043259,21.829514,21.096123,22.84959,21.08066,22.920023,15.082276,14.878981,17.523619,17.180777,21.074518,22.2227,21.069923,22.680676,15.905625,15.693257,4.0,0.0,4.0,0.0,0.0,0.0,0.0,0.0
6316,2023.0,2.0,13.0,20.0,21.09734,22.882013,20.08368,21.774216,21.096275,22.820652,21.104904,22.954767,15.002543,14.834805,16.964277,17.034285,21.074865,22.20725,21.070217,22.679867,16.73647,17.368422,4.0,0.0,0.0,0.0,4.0,0.0,0.0,4.0
6317,2023.0,2.0,13.0,20.0,21.150675,22.974257,20.142345,21.798092,21.16842,22.969969,21.151735,23.013802,15.258311,15.013312,20.348812,22.730959,21.124075,22.33315,21.177658,22.890104,21.516235,25.307224,4.0,4.0,0.0,0.0,0.0,0.0,0.0,4.0
6318,2023.0,2.0,13.0,21.0,21.042015,22.76729,20.094265,21.6441,21.07884,22.82217,21.09856,22.872135,14.99342,14.815544,18.42152,18.796627,21.055573,22.208605,21.031067,22.56123,19.871677,21.884645,0.0,0.0,0.0,0.0,4.0,0.0,4.0,4.0
6319,2023.0,2.0,13.0,21.0,21.099905,22.878004,17.997025,17.57336,21.09834,22.813683,21.073126,22.841927,16.127697,15.595314,20.390295,22.593288,21.055601,22.21655,21.098,22.6831,21.63701,24.75833,0.0,0.0,0.0,0.0,0.0,0.0,0.0,0.0
6320,2023.0,2.0,13.0,21.0,21.090628,22.83587,17.612083,17.641607,21.095297,22.771187,21.075623,22.85312,14.994167,14.850484,17.777294,17.396408,21.055737,22.220228,21.086823,22.625744,18.393488,18.120867,4.0,0.0,0.0,0.0,0.0,0.0,0.0,0.0
6321,2023.0,2.0,13.0,21.0,21.091537,22.816229,20.241606,22.398039,21.069714,22.741343,21.075388,22.853504,15.017911,14.938821,16.680182,16.235449,21.055847,22.220778,21.087658,22.59723,16.722641,16.0846,4.0,0.0,0.0,0.0,4.0,0.0,0.0,0.0
6322,2023.0,2.0,13.0,21.0,21.067423,22.796778,20.051508,21.784334,21.04841,22.688553,21.075607,22.85272,15.951203,15.33494,20.387688,22.752512,21.055807,22.218672,21.066301,22.57151,16.258307,15.613059,4.0,4.0,0.0,0.0,0.0,0.0,0.0,0.0
6323,2023.0,2.0,13.0,21.0,21.067335,22.81179,20.099579,21.74866,21.077618,22.77502,21.075293,22.84809,14.994044,14.913466,17.679295,17.28971,21.053505,22.210365,21.068861,22.583447,16.316723,16.03964,0.0,0.0,0.0,0.0,0.0,0.0,0.0,0.0
6324,2023.0,2.0,13.0,22.0,21.070202,22.826777,17.950851,17.533566,21.073662,22.694761,21.075325,22.842844,15.012666,14.97873,16.583973,16.235567,21.055803,22.21129,21.068596,22.58505,16.24716,16.006327,0.0,4.0,0.0,0.0,0.0,0.0,0.0,0.0
6325,2023.0,2.0,13.0,22.0,21.042702,22.75558,17.095276,16.724949,21.074572,22.663927,21.074625,22.83619,15.392069,15.710967,16.41855,16.093683,21.024908,22.126923,21.027925,22.477278,16.070572,15.818865,0.0,4.0,0.0,4.0,0.0,4.0,4.0,0.0
6326,2023.0,2.0,13.0,22.0,21.100052,22.845013,16.881702,16.546131,21.099648,22.70793,21.07514,22.83176,20.341259,23.917858,16.216442,15.90481,21.053896,22.14259,21.097681,22.606642,15.92155,15.6753235,0.0,0.0,0.0,4.0,0.0,4.0,0.0,0.0
6327,2023.0,2.0,13.0,22.0,21.089722,22.785213,16.644983,16.308496,21.06911,22.601648,21.07496,22.825836,20.023111,22.929699,16.02383,15.711836,21.080425,22.185871,21.04675,22.446638,15.785623,15.538356,0.0,4.0,0.0,4.0,0.0,0.0,4.0,0.0
6328,2023.0,2.0,13.0,22.0,21.064186,22.75038,16.429434,16.08247,21.073458,22.593693,21.073471,22.817719,20.12155,22.751709,16.16724,16.130516,21.0734,22.14234,21.095722,22.553843,15.663478,15.413396,0.0,4.0,0.0,0.0,4.0,0.0,0.0,0.0
6329,2023.0,2.0,13.0,22.0,21.164915,22.957018,16.265095,15.932203,21.166756,22.785444,21.160782,22.985722,17.172153,16.794655,20.327562,23.09021,21.128143,22.226997,21.1793,22.69848,15.561173,15.315098,0.0,0.0,0.0,0.0,0.0,0.0,0.0,0.0
6330,2023.0,2.0,13.0,23.0,21.067743,22.762836,16.112919,15.778651,21.06855,22.549908,21.07423,22.802486,15.706095,15.023271,18.182016,18.621777,21.051817,22.100018,21.086473,22.4904,16.212835,16.628885,0.0,4.0,0.0,0.0,4.0,0.0,0.0,4.0
6331,2023.0,2.0,13.0,23.0,19.397608,19.560745,15.978254,15.64345,18.909588,18.43817,19.268106,19.331154,15.648837,15.323816,16.600752,16.337095,19.683254,19.488255,19.39011,19.254753,15.821386,15.659776,0.0,0.0,0.0,0.0,0.0,0.0,0.0,0.0
6332,2023.0,2.0,13.0,23.0,18.585924,18.422613,15.870593,15.530012,17.818417,16.864107,18.341173,18.004858,15.585529,15.323617,16.525091,16.450867,19.124542,18.76196,18.683134,18.356585,15.21954,14.646353,0.0,0.0,0.0,0.0,4.0,0.0,0.0,0.0
6333,2023.0,2.0,13.0,23.0,18.24314,18.07328,15.772378,15.43367,17.380638,16.416681,17.960728,17.609821,15.427969,15.163756,16.474897,16.431099,18.87678,18.5241,18.34989,18.033295,15.725634,15.782166,0.0,0.0,0.0,0.0,4.0,0.0,0.0,4.0
6334,2023.0,2.0,13.0,23.0,17.976084,17.805914,15.678893,15.3397255,17.554806,17.10077,17.669243,17.317015,15.280786,15.014485,15.939179,15.4650545,18.65795,18.301895,18.071466,17.760756,15.831593,15.890157,0.0,0.0,0.0,0.0,4.0,0.0,0.0,4.0
6335,2023.0,2.0,13.0,23.0,17.75503,17.590075,15.592055,15.254273,17.464243,17.088093,17.429148,17.08211,15.147044,14.881547,15.35205,14.574548,18.469677,18.1154,17.834787,17.534037,15.136075,14.582371,0.0,0.0,0.0,0.0,0.0,0.0,0.0,0.0
6336,2023.0,2.0,14.0,0.0,17.545155,17.368452,15.500534,15.155435,17.272394,16.889204,17.200169,16.838879,15.015731,14.742204,15.015745,14.18006,18.290062,17.926092,17.606356,17.29108,15.012242,14.563609,0.0,0.0,0.0,0.0,0.0,0.0,0.0,0.0
6337,2023.0,2.0,14.0,0.0,18.118671,18.629482,15.419326,15.084817,17.092411,16.731367,17.000072,16.663074,15.457594,15.688165,15.221144,14.831725,18.866652,19.175209,17.395626,17.094864,15.016293,14.648421,0.0,0.0,0.0,4.0,0.0,4.0,0.0,0.0
6338,2023.0,2.0,14.0,0.0,17.606504,17.591183,15.335211,15.002794,16.91525,16.559734,16.806532,16.475182,15.109486,14.911321,15.540315,15.447711,17.868164,17.116829,17.19859,16.901405,15.022912,14.754235,0.0,0.0,0.0,0.0,4.0,0.0,0.0,0.0
6339,2023.0,2.0,14.0,0.0,16.696985,16.084736,15.25422,14.92136,16.751766,16.397182,16.630415,16.29957,15.021167,14.944281,15.3386,15.0445795,17.304745,16.481182,17.018394,16.71934,15.000664,14.763089,0.0,0.0,0.0,0.0,0.0,0.0,0.0,0.0
6340,2023.0,2.0,14.0,0.0,16.281775,15.596629,15.176215,14.841492,16.60164,16.245848,16.470484,16.137798,15.362109,15.629674,15.424848,15.362368,17.089775,16.263401,16.85471,16.552147,15.009121,14.827292,0.0,0.0,0.0,4.0,4.0,0.0,0.0,0.0
6341,2023.0,2.0,14.0,0.0,16.552696,16.344646,15.609466,15.715294,16.470987,16.120356,16.332787,16.004864,14.957231,14.840853,15.171112,14.868526,17.373627,17.00677,16.711893,16.411228,15.007636,14.863621,4.0,0.0,0.0,0.0,0.0,0.0,0.0,0.0
6342,2023.0,2.0,14.0,1.0,16.589478,16.435762,15.3028965,15.047874,16.349699,16.001965,16.205555,15.880028,15.039319,15.02118,14.993882,14.703659,17.397593,17.0418,16.58004,16.279356,15.008188,14.896286,0.0,0.0,0.0,0.0,0.0,0.0,0.0,0.0
6343,2023.0,2.0,14.0,1.0,16.498037,16.345789,15.055843,14.716103,16.230417,15.877966,16.080956,15.749975,15.022906,15.036128,15.01009,14.809476,17.312727,16.954576,16.454466,16.149408,15.014221,14.937952,0.0,0.0,0.0,0.0,0.0,0.0,0.0,0.0
6344,2023.0,2.0,14.0,1.0,16.4047,16.25462,15.001555,14.691256,16.127651,15.778815,15.974027,15.6463,15.025207,15.075789,15.013375,14.853773,17.230257,16.87211,16.342907,16.038494,15.016334,14.961592,0.0,0.0,0.0,0.0,0.0,0.0,0.0,0.0
6345,2023.0,2.0,14.0,1.0,16.315594,16.167511,15.006144,14.757667,16.031754,15.686146,15.874626,15.549737,15.027055,15.103083,15.016908,14.895946,17.151375,16.793188,16.239016,15.935106,15.0174,14.983117,0.0,0.0,0.0,0.0,0.0,0.0,0.0,0.0
6346,2023.0,2.0,14.0,1.0,16.230955,16.084564,15.008042,14.798653,15.941533,15.598793,15.781489,15.459047,15.028706,15.126274,15.084201,15.039301,17.076183,16.717901,16.141537,15.838027,15.019247,15.00446,0.0,0.0,0.0,0.0,4.0,0.0,0.0,0.0
6347,2023.0,2.0,14.0,1.0,16.150345,16.005331,15.010187,14.835195,15.856127,15.51592,15.693741,15.373356,15.030368,15.146192,15.019069,14.928633,17.004343,16.645912,16.049507,15.746311,15.019835,15.021765,0.0,0.0,0.0,0.0,0.0,0.0,0.0,0.0
6348,2023.0,2.0,14.0,2.0,16.070612,15.924016,15.012281,14.867088,15.774819,15.436839,15.610518,15.291876,15.031472,15.162776,15.022879,14.980703,16.935461,16.576838,15.96213,15.659178,15.020925,15.039495,0.0,0.0,0.0,0.0,0.0,0.0,0.0,0.0
6349,2023.0,2.0,14.0,2.0,16.006214,15.870784,15.01478,14.896378,15.694843,15.356628,15.529011,15.209655,15.0339365,15.18074,15.024555,14.998228,16.867455,16.506897,15.877231,15.572968,15.022324,15.056693,0.0,0.0,0.0,0.0,0.0,0.0,0.0,0.0
6350,2023.0,2.0,14.0,2.0,15.942743,15.812962,15.007987,14.904212,15.62189,15.287811,15.4548855,15.139169,15.179701,15.44644,14.996184,14.952984,16.80331,16.443026,15.797791,15.494801,15.445165,15.855539,0.0,0.0,0.0,4.0,4.0,0.0,0.0,4.0
6351,2023.0,2.0,14.0,2.0,15.873464,15.741803,15.272253,15.409001,15.547928,15.214156,15.380432,15.064395,14.989962,15.108782,15.020698,15.028637,16.739391,16.3779,15.719291,15.415585,14.946837,14.882476,4.0,0.0,0.0,0.0,0.0,0.0,0.0,0.0
6352,2023.0,2.0,14.0,2.0,15.799689,15.661227,14.9606085,14.836064,15.473723,15.13781,15.305893,14.987013,15.025033,15.194664,15.015628,15.033087,16.67533,16.310894,15.641341,15.335302,15.0453415,15.08368,0.0,0.0,0.0,0.0,0.0,0.0,0.0,0.0
6353,2023.0,2.0,14.0,2.0,15.72562,15.5794735,15.021063,14.988877,15.398002,15.056487,15.23002,14.90504,15.143109,15.411454,15.031205,15.077951,16.611338,16.242863,15.564025,15.254183,15.055861,15.104805,0.0,0.0,0.0,4.0,0.0,0.0,0.0,0.0
6354,2023.0,2.0,14.0,3.0,15.655386,15.503551,15.021727,14.99731,15.328139,14.985318,15.160158,14.833349,15.069934,15.233584,15.031657,15.083982,16.550604,16.180103,15.490701,15.179399,15.025203,15.073458,0.0,0.0,0.0,0.0,0.0,0.0,0.0,0.0
6355,2023.0,2.0,14.0,3.0,15.596963,15.450488,15.023201,15.01804,15.262627,14.921188,15.094726,14.768782,15.071853,15.248469,15.032838,15.097711,16.49306,16.122751,15.420969,15.110145,15.027275,15.111467,0.0,0.0,0.0,0.0,0.0,0.0,0.0,0.0
6356,2023.0,2.0,14.0,3.0,15.534492,15.38526,15.02398,15.03503,15.199145,14.858921,15.031462,14.706222,15.036817,15.205525,15.033994,15.110154,16.437176,16.067036,15.353374,15.042992,15.029141,15.133934,0.0,0.0,0.0,0.0,0.0,0.0,0.0,0.0
6357,2023.0,2.0,14.0,3.0,15.470529,15.317359,15.025694,15.053458,15.137054,14.797902,15.00232,14.708332,15.039547,15.241986,15.036058,15.125804,16.382425,16.01244,15.287333,14.977374,15.031256,15.155714,0.0,0.0,0.0,0.0,0.0,0.0,0.0,0.0
6358,2023.0,2.0,14.0,3.0,15.411392,15.258717,15.02642,15.069216,15.076144,14.737937,15.005488,14.761577,15.042006,15.263625,15.036905,15.138033,16.32865,15.958815,15.222631,14.913083,15.032684,15.175893,0.0,0.0,0.0,0.0,0.0,0.0,0.0,0.0
6359,2023.0,2.0,14.0,3.0,15.354691,15.203018,15.02722,15.084952,15.016267,14.678889,15.007983,14.801199,15.041991,15.27883,15.038213,15.151451,16.275745,15.9060545,15.15912,14.849971,15.034903,15.195862,0.0,0.0,0.0,0.0,0.0,0.0,0.0,0.0
6360,2023.0,2.0,14.0,4.0,15.298834,15.147734,15.028117,15.100529,15.003146,14.709633,15.0098,14.835926,15.043217,15.295098,15.0388775,15.163228,16.223616,15.8540535,15.096645,14.787864,15.036479,15.213124,0.0,0.0,0.0,0.0,0.0,0.0,0.0,0.0
6361,2023.0,2.0,14.0,4.0,15.243057,15.091724,15.029436,15.1165285,15.005509,14.75525,15.012156,14.868622,15.045513,15.311671,15.0135,15.106319,16.17182,15.802003,15.034816,14.726075,15.036453,15.226535,0.0,0.0,0.0,0.0,4.0,0.0,0.0,0.0
6362,2023.0,2.0,14.0,4.0,15.190966,15.042475,15.013153,15.099318,15.005654,14.786307,15.007315,14.883349,15.02005,15.276752,15.009317,15.122187,16.120762,15.750909,15.00029,14.717262,15.320933,15.751586,0.0,0.0,0.0,0.0,4.0,0.0,0.0,4.0
6363,2023.0,2.0,14.0,4.0,15.136179,14.986767,15.016823,15.119936,15.006924,14.819384,15.00919,14.911123,15.025808,15.30088,15.009929,15.138952,16.068584,15.697502,15.008468,14.770417,14.980571,15.090015,0.0,0.0,0.0,0.0,4.0,0.0,0.0,0.0
6364,2023.0,2.0,14.0,4.0,15.092091,14.952244,15.031461,15.162804,15.01176,14.860018,15.017033,14.951868,15.048253,15.358113,15.086594,15.275948,16.018902,15.648345,15.008301,14.806577,15.070546,15.273976,0.0,0.0,0.0,0.0,0.0,0.0,0.0,0.0
6365,2023.0,2.0,14.0,4.0,15.03263,14.883016,15.032214,15.1706085,15.013851,14.887862,15.018968,14.974293,15.04905,15.361695,15.041795,15.188952,15.969522,15.598697,15.009816,14.835196,15.036953,15.222284,0.0,0.0,0.0,0.0,0.0,0.0,0.0,0.0
6366,2023.0,2.0,14.0,5.0,15.001336,14.872902,15.032992,15.183109,15.015439,14.914386,15.020324,14.996854,15.049425,15.371402,15.0439415,15.221341,15.920298,15.549208,15.011934,14.863208,15.040132,15.2631645,0.0,0.0,0.0,0.0,0.0,0.0,0.0,0.0
6367,2023.0,2.0,14.0,5.0,15.004327,14.916807,15.015392,15.161956,15.008543,14.922554,15.009936,14.996093,15.022009,15.331025,15.019736,15.189598,15.873321,15.503836,15.007474,14.874958,15.280583,15.708327,0.0,0.0,0.0,0.0,0.0,0.0,0.0,4.0
6368,2023.0,2.0,14.0,5.0,15.004621,14.948951,15.018857,15.181367,15.0103445,14.94834,15.012204,15.020139,15.026917,15.352105,15.024741,15.214198,15.827415,15.460116,15.009869,14.900336,14.961099,15.067975,0.0,0.0,0.0,0.0,0.0,0.0,0.0,4.0
6369,2023.0,2.0,14.0,5.0,15.007831,14.98673,15.036063,15.227882,15.020329,14.9911995,15.024276,15.064265,15.051761,15.411761,15.020788,15.201997,15.781674,15.415648,15.017127,14.9372425,15.073767,15.340047,0.0,0.0,0.0,0.0,4.0,0.0,0.0,0.0
6370,2023.0,2.0,14.0,5.0,15.009122,15.013447,15.036039,15.2330885,15.020876,15.009301,15.025182,15.080268,15.052308,15.413571,15.048245,15.291961,15.737634,15.373255,15.017971,14.95439,15.073493,15.313511,0.0,0.0,0.0,0.0,0.0,0.0,0.0,0.0
6371,2023.0,2.0,14.0,5.0,15.006,15.030357,15.017216,15.209703,15.010696,15.008664,15.012108,15.072716,15.023831,15.370804,15.02145,15.244077,15.6951685,15.333758,15.890064,16.609142,15.034387,15.247237,0.0,0.0,0.0,0.0,0.0,0.0,4.0,0.0
6372,2023.0,2.0,14.0,6.0,15.007227,15.05553,15.020238,15.227847,15.012348,15.030827,15.014238,15.095118,14.99864,15.308905,15.025917,15.263539,15.651393,15.291779,14.936674,14.690834,15.0216255,15.26262,0.0,0.0,0.0,4.0,0.0,0.0,0.0,0.0
6373,2023.0,2.0,14.0,6.0,19.80493,23.427397,15.020311,15.239322,19.764608,23.307148,19.51474,22.810143,19.311247,22.760578,15.025868,15.272689,19.530571,21.88268,19.52491,22.463924,15.209997,15.6200905,0.0,0.0,0.0,0.0,0.0,0.0,0.0,4.0
6374,2023.0,2.0,14.0,6.0,20.662264,24.366583,15.020589,15.25036,20.69555,24.376562,20.667383,24.34002,16.493652,16.70848,15.025881,15.279816,20.394882,23.192266,20.357454,23.59712,19.879532,23.689608,0.0,0.0,0.0,0.0,0.0,0.0,0.0,0.0
6375,2023.0,2.0,14.0,6.0,21.159864,24.778072,15.020981,15.261237,21.16258,24.72058,21.162174,24.75772,14.983479,14.893854,15.010205,15.24041,20.935627,23.771305,21.691236,25.52748,16.21112,15.913921,0.0,0.0,0.0,0.0,4.0,0.0,0.0,0.0
6376,2023.0,2.0,14.0,6.0,21.100237,24.308928,15.021521,15.271868,21.103373,24.24389,21.106052,24.297466,15.032492,15.116726,19.783829,23.428139,21.31661,24.119135,22.191023,25.97795,15.04742,14.895079,0.0,0.0,0.0,0.0,4.0,0.0,0.0,0.0
6377,2023.0,2.0,14.0,6.0,21.10566,24.07945,15.021313,15.278526,21.108109,24.005112,21.110756,24.065306,16.04311,16.835007,20.050753,23.35086,21.631262,24.39833,22.586926,26.315126,15.47522,15.853194,0.0,0.0,0.0,0.0,4.0,0.0,0.0,4.0
6378,2023.0,2.0,14.0,7.0,21.102112,23.900976,15.021415,15.283859,21.104504,23.818966,21.107134,23.883604,15.678959,16.003963,20.11498,23.07515,21.712646,24.266151,22.169495,25.11857,19.672667,23.040382,0.0,0.0,0.0,0.0,0.0,0.0,4.0,0.0
6379,2023.0,2.0,14.0,7.0,21.075764,23.704575,15.021317,15.288431,21.102255,23.68156,21.104551,23.747988,15.019671,15.078554,17.366135,17.491354,20.995646,22.833485,22.156017,25.06711,16.915556,17.121006,0.0,0.0,0.0,0.0,0.0,0.0,0.0,4.0
6380,2023.0,2.0,14.0,7.0,21.103434,23.689064,15.021807,15.29529,21.10027,23.576153,21.103096,23.645462,15.307172,15.69182,16.162119,16.122597,21.236475,23.25725,21.686714,24.140478,20.53241,23.950418,0.0,0.0,0.0,4.0,4.0,0.0,0.0,4.0
6381,2023.0,2.0,14.0,7.0,21.29886,23.784822,15.453194,15.846131,21.382936,23.855429,21.463146,24.064966,20.478022,24.409903,20.301186,23.220894,21.780409,24.056929,21.84763,24.361712,20.087072,22.898067,0.0,0.0,0.0,4.0,0.0,4.0,0.0,0.0
6382,2023.0,2.0,14.0,7.0,21.05189,23.305624,15.22569,15.451553,20.965776,23.073557,20.984837,23.188194,19.806719,22.77433,17.848288,18.29064,21.941298,24.165438,21.05176,22.944468,16.820358,16.357862,4.0,4.0,0.0,0.0,4.0,0.0,0.0,0.0
6383,2023.0,2.0,14.0,7.0,21.359379,23.717237,19.989538,23.855915,21.455849,23.871275,21.631025,24.136786,16.485323,16.044065,19.866068,22.35088,21.925373,23.97218,21.873102,24.17205,15.232363,14.463625,4.0,4.0,0.0,0.0,0.0,4.0,0.0,0.0
6384,2023.0,2.0,14.0,8.0,21.748857,24.278313,20.037758,23.365492,21.719837,24.13803,21.881798,24.412277,14.986666,14.4123335,17.210945,16.940405,21.825329,23.651028,21.938656,24.195082,15.178133,14.841987,0.0,0.0,4.0,0.0,4.0,4.0,0.0,0.0
6385,2023.0,2.0,14.0,8.0,19.769884,20.395737,16.85974,16.79766,18.733385,18.30353,19.486807,19.697878,16.516058,16.143759,20.251581,22.867939,19.7095,19.504177,20.299198,20.892464,15.075831,14.796266,4.0,0.0,0.0,0.0,0.0,4.0,4.0,0.0
6386,2023.0,2.0,14.0,8.0,18.7008,19.194878,20.017221,23.107588,17.468756,17.033,17.085625,16.192703,15.18916,14.965726,17.149231,16.707344,18.746069,18.484785,17.893864,17.154634,15.757691,16.26791,4.0,4.0,0.0,0.0,0.0,4.0,0.0,4.0
6387,2023.0,2.0,14.0,8.0,17.7866,17.713814,20.059168,22.774433,17.151901,16.757055,16.190502,15.158138,15.434265,15.774763,16.188461,16.127455,18.465899,18.238012,16.885727,16.04679,20.511421,24.158129,4.0,4.0,0.0,4.0,4.0,4.0,0.0,4.0
6388,2023.0,2.0,14.0,8.0,17.292603,17.188957,20.124954,22.625048,16.86467,16.493816,16.973145,17.091164,19.589602,22.712732,20.466223,23.402134,17.533344,16.709753,16.389507,15.563683,20.330326,23.461306,4.0,4.0,4.0,0.0,4.0,0.0,0.0,0.0
6389,2023.0,2.0,14.0,8.0,17.03851,16.954777,20.112778,22.407965,16.624784,16.275534,16.579842,16.297726,16.283426,15.944172,20.057835,22.443253,17.716276,17.502405,16.424456,16.032106,16.891462,16.49562,4.0,4.0,0.0,0.0,4.0,4.0,0.0,0.0
6390,2023.0,2.0,14.0,9.0,16.83241,16.767767,20.128222,22.313484,16.422495,16.092882,16.24748,15.934553,16.677067,16.286049,20.134716,22.352987,17.043097,16.243536,16.327795,16.005579,15.220496,14.499536,0.0,4.0,4.0,0.0,0.0,0.0,0.0,0.0
6391,2023.0,2.0,14.0,9.0,16.667427,16.629433,17.65642,17.461197,16.258493,15.956268,16.109533,15.826753,15.043089,14.753139,17.294846,16.728184,17.322798,17.150848,16.126968,15.8254795,16.104921,16.628305,4.0,4.0,4.0,0.0,0.0,4.0,0.0,4.0
6392,2023.0,2.0,14.0,9.0,15.830889,15.186165,20.241055,22.44682,15.473978,14.615993,15.328033,14.4833145,15.025589,14.925934,16.943665,16.792795,16.684689,15.925021,15.9573765,15.654371,20.380875,23.937756,4.0,0.0,0.0,0.0,4.0,0.0,0.0,4.0
6393,2023.0,2.0,14.0,9.0,16.106169,16.054989,20.080843,22.052896,15.695927,15.36748,15.228983,14.263437,16.048685,15.649332,20.434137,22.829536,16.234266,15.401767,16.818247,17.431171,20.508404,23.650465,0.0,4.0,0.0,0.0,0.0,0.0,4.0,0.0
6394,2023.0,2.0,14.0,9.0,15.512784,14.927213,17.470839,17.001131,15.821951,15.597688,15.008562,14.2919855,14.977176,14.993702,18.015959,18.09018,16.041414,15.218081,16.755724,17.001057,17.104502,16.751766,0.0,4.0,0.0,0.0,0.0,0.0,4.0,0.0
6395,2023.0,2.0,14.0,9.0,15.068868,14.400983,16.36785,15.919976,14.997682,14.263888,15.1461115,14.7414665,15.030652,15.166318,16.555603,16.191452,16.344885,15.979927,16.648203,16.898113,15.414613,14.697857,0.0,0.0,0.0,0.0,0.0,0.0,4.0,0.0
6396,2023.0,2.0,14.0,10.0,15.657041,15.685361,16.063766,15.6605835,15.028689,14.468139,15.128832,14.781913,15.020563,15.19587,16.115656,15.732267,17.21726,17.60006,15.622541,14.989093,15.318837,14.980591,0.0,0.0,0.0,0.0,0.0,4.0,0.0,0.0
6397,2023.0,2.0,14.0,10.0,15.1327505,14.617622,16.2329,16.251871,15.017888,14.551367,15.033865,14.712263,15.277648,15.696852,15.825675,15.459918,16.337517,15.655914,16.255655,16.61241,15.202138,14.925972,4.0,0.0,0.0,4.0,0.0,0.0,4.0,0.0
6398,2023.0,2.0,14.0,10.0,15.655649,15.571455,20.088732,23.134974,15.038092,14.7099495,15.313203,14.976712,19.822733,23.198483,15.595227,15.246549,16.712973,16.723475,15.507302,14.948213,15.019064,14.76607,0.0,0.0,0.0,0.0,0.0,4.0,0.0,0.0
6399,2023.0,2.0,14.0,10.0,15.675043,15.82255,17.759304,18.178867,15.736485,16.090988,15.05109,14.797869,16.571358,16.495638,15.4113655,15.085998,16.23697,15.634233,16.10165,16.454973,15.830651,16.455923,0.0,4.0,0.0,0.0,0.0,0.0,4.0,4.0
6400,2023.0,2.0,14.0,10.0,15.019715,14.713088,16.45207,16.188711,15.3243885,15.234028,15.647211,16.037092,15.161692,14.483094,15.290847,14.982088,15.947409,15.255886,15.316593,14.813629,20.348608,24.156965,0.0,0.0,4.0,0.0,0.0,0.0,0.0,4.0
6401,2023.0,2.0,14.0,10.0,15.022962,14.80413,15.985978,15.688379,15.3007765,15.315434,15.267646,15.188055,15.094645,14.782132,15.1690035,14.879512,16.692827,16.783434,15.00787,14.571524,20.057121,23.097479,0.0,4.0,0.0,0.0,0.0,4.0,0.0,0.0
6402,2023.0,2.0,14.0,11.0,15.012683,14.851089,15.697819,15.416959,15.376175,15.4380245,15.013687,14.893961,14.997387,14.765898,15.06284,14.790467,16.959787,17.06177,15.01175,14.651111,16.912754,16.69808,0.0,4.0,0.0,0.0,0.0,4.0,0.0,0.0
6403,2023.0,2.0,14.0,11.0,15.863488,16.53749,15.465237,15.194865,14.98175,14.784547,15.023023,14.956972,15.0177355,14.937092,15.001322,14.77068,17.022717,17.136934,15.011459,14.702542,15.418229,14.843259,0.0,0.0,0.0,0.0,0.0,4.0,0.0,0.0
6404,2023.0,2.0,14.0,11.0,15.158163,14.955262,15.273891,15.017014,15.025115,14.92425,15.007912,14.992531,15.560245,16.046791,15.00867,14.845473,17.079592,17.204863,15.052475,14.847321,14.999959,14.44768,0.0,0.0,0.0,4.0,0.0,4.0,0.0,0.0
6405,2023.0,2.0,14.0,11.0,15.028838,14.988651,15.111176,14.867686,15.020097,14.953639,15.010375,15.049427,19.381996,22.495699,15.28084,15.398369,17.132738,17.272423,15.041327,14.848003,15.092263,14.844409,0.0,0.0,0.0,0.0,4.0,4.0,0.0,0.0
6406,2023.0,2.0,14.0,11.0,15.446778,15.796521,15.701704,15.801814,15.594719,16.082855,15.634578,15.948622,16.583054,16.537666,20.270094,23.635979,17.182356,17.336292,15.002175,14.813769,15.02715,14.807455,0.0,4.0,0.0,0.0,0.0,4.0,0.0,0.0
6407,2023.0,2.0,14.0,11.0,14.984216,14.944825,15.41844,15.391721,14.976376,14.899503,15.298144,15.320838,14.986244,14.568635,17.613607,18.108809,16.464695,15.961891,15.00362,14.849952,15.009711,14.890368,0.0,0.0,0.0,0.0,0.0,0.0,0.0,0.0
6408,2023.0,2.0,14.0,12.0,15.023926,15.071432,15.519724,15.778383,15.032942,15.052584,15.00817,15.032419,15.024126,14.815937,15.881857,15.687927,16.097647,15.504853,15.003225,14.872698,15.011441,14.967709,4.0,0.0,0.0,0.0,0.0,0.0,0.0,0.0
6409,2023.0,2.0,14.0,12.0,19.593697,23.050219,19.909111,23.44761,20.237627,24.081112,20.096134,23.935404,15.011152,14.907297,15.539552,15.288759,20.960209,23.887888,20.778055,24.707747,15.010925,15.021127,0.0,4.0,0.0,0.0,0.0,4.0,0.0,0.0
6410,2023.0,2.0,14.0,12.0,21.001839,25.016953,17.47299,18.090641,20.546503,24.07408,21.037218,25.026182,15.011959,14.987846,15.363778,15.111051,20.77225,23.3049,21.120712,24.905552,15.010892,15.05973,0.0,0.0,0.0,0.0,0.0,0.0,0.0,0.0
6411,2023.0,2.0,14.0,12.0,21.112852,24.731657,16.152534,16.484417,20.942883,24.330317,21.097944,24.642649,15.012026,15.04062,15.249204,15.003523,21.77029,24.712553,22.05482,26.062088,15.010455,15.084175,4.0,0.0,4.0,0.0,0.0,4.0,0.0,0.0
6412,2023.0,2.0,14.0,12.0,21.445238,24.890226,20.046251,23.290482,21.504457,24.902935,21.458717,24.881754,15.011588,15.07498,15.157242,14.918854,21.483515,23.873177,22.409899,26.206738,15.010224,15.099735,0.0,0.0,0.0,0.0,0.0,0.0,0.0,0.0
6413,2023.0,2.0,14.0,12.0,21.00366,23.9035,17.309097,17.494904,20.992325,23.778576,21.028059,23.877537,15.010933,15.09695,15.088123,14.858833,21.072903,22.9158,22.24767,25.432226,15.009754,15.109282,0.0,0.0,0.0,0.0,0.0,4.0,0.0,0.0
6414,2023.0,2.0,14.0,13.0,21.108759,23.977983,15.465923,15.012252,21.111843,23.879429,21.13264,23.923464,15.011089,15.113935,15.030819,14.809688,21.092611,22.859589,23.396091,27.28982,15.00985,15.117287,0.0,0.0,0.0,0.0,0.0,0.0,0.0,0.0
6415,2023.0,2.0,14.0,13.0,21.068241,23.776005,15.33447,15.133089,21.093256,23.7361,21.09385,23.76708,15.011019,15.126794,15.000911,14.805913,21.079855,22.74077,20.867685,22.568762,15.792004,16.595871,0.0,0.0,0.0,0.0,0.0,0.0,0.0,4.0
6416,2023.0,2.0,14.0,13.0,21.097275,23.777395,15.2534485,15.123456,21.09322,23.652695,21.096567,23.70538,15.010948,15.13678,15.004755,14.84882,21.07865,22.664616,21.115662,23.11285,20.153656,23.923351,0.0,0.0,0.0,0.0,0.0,0.0,0.0,0.0
6417,2023.0,2.0,14.0,13.0,21.109518,23.698135,15.099922,14.983829,21.091084,23.581959,21.093842,23.64384,15.01078,15.144834,15.004365,14.876302,21.765244,23.759893,21.074226,23.047161,16.899418,16.97587,0.0,0.0,0.0,0.0,0.0,0.0,0.0,0.0
6418,2023.0,2.0,14.0,13.0,21.105295,23.611246,15.000747,14.931888,21.06629,23.460346,21.06942,23.530134,15.010938,15.152223,15.351605,15.552253,21.017378,22.430351,21.077974,23.054169,15.300534,14.945231,0.0,4.0,4.0,0.0,4.0,4.0,0.0,0.0
6419,2023.0,2.0,14.0,13.0,21.084538,23.54635,15.348665,15.675252,21.069576,23.427956,21.072971,23.503677,15.923737,15.475963,20.156475,23.836245,21.052143,22.46816,21.07649,23.042536,15.179676,15.006775,4.0,4.0,4.0,0.0,0.0,4.0,0.0,0.0
6420,2023.0,2.0,14.0,14.0,21.61297,24.194994,20.050201,23.734062,21.4879,23.931831,21.468325,23.981058,15.003115,15.112877,17.542002,18.12095,21.453466,23.006197,21.690207,23.842382,15.110735,14.960084,0.0,0.0,0.0,0.0,0.0,0.0,0.0,0.0
6421,2023.0,2.0,14.0,14.0,20.035671,20.975864,17.85084,18.835825,19.153076,19.298693,19.44206,19.924006,15.011017,15.142031,15.905806,15.848706,20.277412,20.599987,19.257135,19.399405,15.99122,16.720282,4.0,0.0,4.0,0.0,0.0,4.0,0.0,4.0
6422,2023.0,2.0,14.0,14.0,18.832735,19.588919,20.026003,23.124231,18.03383,18.216202,17.501741,17.211578,15.010336,15.153009,15.993514,16.204195,19.506247,19.69518,18.107037,17.946589,20.242392,23.872381,0.0,4.0,0.0,0.0,4.0,4.0,0.0,0.0
6423,2023.0,2.0,14.0,14.0,17.623535,17.56544,17.73411,18.249226,17.180813,16.87167,16.795713,16.41196,16.164022,16.06751,20.20803,23.55584,18.622293,18.200003,17.654514,17.469017,17.158617,17.322718,4.0,0.0,0.0,0.0,0.0,0.0,0.0,0.0
6424,2023.0,2.0,14.0,14.0,16.919796,16.744837,20.175806,23.27632,16.613153,16.228874,17.107864,17.32748,15.756962,16.396566,17.77764,18.319866,18.885668,19.078117,17.349773,17.16938,15.612653,15.352916,0.0,0.0,4.0,4.0,0.0,4.0,0.0,0.0
6425,2023.0,2.0,14.0,14.0,17.309809,17.77431,17.621223,17.9355,16.991783,17.213236,17.173471,17.503387,20.277103,24.197504,16.619793,16.8909,18.28846,17.915918,17.103191,16.93222,15.402586,15.254993,0.0,4.0,4.0,0.0,4.0,0.0,0.0,0.0
6426,2023.0,2.0,14.0,15.0,17.414085,17.97054,16.2182,16.21116,16.45536,16.225706,17.06002,17.420033,17.111668,17.409794,20.276947,23.400646,17.857048,17.421225,16.895016,16.734127,15.281141,15.155641,0.0,0.0,4.0,0.0,0.0,0.0,0.0,0.0
6427,2023.0,2.0,14.0,15.0,16.674593,16.685183,15.885538,15.844664,16.014095,15.701706,16.301453,16.116388,16.154188,16.553713,17.666563,17.90118,17.664265,17.239468,16.714087,16.561745,15.148781,15.030861,0.0,0.0,0.0,4.0,0.0,0.0,0.0,0.0
6428,2023.0,2.0,14.0,15.0,17.025623,17.552145,16.16394,16.51341,16.528538,16.819784,15.926641,15.638749,20.24231,23.809944,16.476252,16.107183,17.537415,17.127064,16.577805,16.431686,15.049599,14.935765,4.0,4.0,0.0,0.0,0.0,0.0,0.0,0.0
6429,2023.0,2.0,14.0,15.0,16.484564,16.508417,20.156853,23.453213,16.058496,15.885804,16.413559,16.745007,17.29628,17.563864,16.27659,16.08099,17.602678,17.401678,17.5408,18.383722,15.003643,14.947435,0.0,0.0,4.0,0.0,0.0,0.0,4.0,0.0
6430,2023.0,2.0,14.0,15.0,16.062704,15.992956,17.873095,18.567139,15.66948,15.409311,15.934139,15.795003,15.708867,15.485956,16.134506,15.976783,18.393007,18.955065,16.754097,16.622522,15.009016,15.023558,0.0,0.0,0.0,0.0,0.0,4.0,0.0,0.0
6431,2023.0,2.0,14.0,15.0,15.875335,15.804498,16.254194,16.322687,15.508902,15.254768,15.53853,15.307266,15.4526005,15.324551,15.962292,15.814644,17.733562,17.51449,16.199364,15.935683,15.008885,15.075065,0.0,0.0,0.0,0.0,0.0,0.0,0.0,0.0
6432,2023.0,2.0,14.0,16.0,16.693893,17.489344,15.833747,15.812078,16.282152,16.842659,15.379304,15.156619,15.305424,15.198517,15.810282,15.672402,17.309118,16.978891,17.090908,17.783316,15.009874,15.119031,0.0,4.0,0.0,0.0,0.0,0.0,4.0,0.0
6433,2023.0,2.0,14.0,16.0,16.147955,16.25034,16.07603,16.453196,15.972153,16.088087,15.391447,15.3162565,15.14955,15.047616,15.672508,15.5410595,17.158442,16.82169,16.425484,16.278973,15.01044,15.155439,4.0,0.0,0.0,0.0,0.0,0.0,0.0,0.0
6434,2023.0,2.0,14.0,16.0,15.702116,15.672304,20.21142,23.620787,16.141441,16.568228,15.353154,15.310249,15.011122,14.913717,15.547299,15.421192,17.223843,17.063675,15.974812,15.737062,15.010887,15.186564,4.0,4.0,0.0,0.0,0.0,0.0,0.0,0.0
6435,2023.0,2.0,14.0,16.0,16.302591,16.929302,20.041277,22.872967,16.276623,16.753199,15.271144,15.234498,15.012195,15.018181,15.437259,15.316691,17.223314,17.096659,16.890402,17.60716,15.011415,15.21421,0.0,4.0,0.0,0.0,0.0,0.0,4.0,0.0
6436,2023.0,2.0,14.0,16.0,16.52907,17.19824,17.866362,18.40659,16.281374,16.759895,15.191559,15.159064,15.009522,15.07826,15.345243,15.234404,17.16763,17.049866,16.243614,16.121986,15.012044,15.239207,4.0,4.0,0.0,0.0,0.0,0.0,0.0,0.0
6437,2023.0,2.0,14.0,16.0,15.866626,15.949251,20.243055,23.197323,16.275288,16.754423,15.116843,15.087339,15.010641,15.131821,15.6814995,15.950544,17.939423,18.57309,15.792227,15.569168,15.012958,15.2637,4.0,4.0,0.0,0.0,4.0,4.0,0.0,0.0
6438,2023.0,2.0,14.0,17.0,16.248047,16.886261,20.041037,22.508482,16.26574,16.745197,15.047894,15.021107,16.15189,15.995877,20.114792,23.53252,17.283188,17.100416,15.635865,15.407943,15.824842,15.693376,4.0,4.0,0.0,0.0,0.0,0.0,0.0,0.0
6439,2023.0,2.0,14.0,17.0,16.433783,17.090134,20.10331,22.456018,16.236265,16.697887,15.729058,16.35358,14.991904,15.107029,17.741278,18.333773,17.652872,18.052216,15.512019,15.275192,14.989321,15.216408,0.0,4.0,4.0,0.0,0.0,4.0,0.0,0.0
6440,2023.0,2.0,14.0,17.0,16.422724,17.05835,18.156776,18.566362,16.197344,16.639593,15.371044,15.48656,15.021348,15.218753,16.120953,16.078772,17.85446,18.26769,15.530622,15.420461,15.01759,15.298652,4.0,4.0,0.0,0.0,0.0,4.0,0.0,0.0
6441,2023.0,2.0,14.0,17.0,15.7261505,15.755546,20.253012,22.860594,15.515995,15.388606,15.74277,16.074526,15.012642,15.23328,15.749708,15.634137,17.856203,18.248087,15.500704,15.407717,15.624694,16.441261,4.0,0.0,0.0,0.0,0.0,4.0,0.0,4.0
6442,2023.0,2.0,14.0,17.0,15.318124,15.223049,20.045229,22.242157,15.793594,16.13014,15.001089,14.922739,15.426718,16.025185,15.539023,15.411758,17.844624,18.215714,15.427186,15.334613,19.827507,23.53431,4.0,4.0,0.0,4.0,0.0,4.0,0.0,0.0
6443,2023.0,2.0,14.0,17.0,15.920825,16.466383,20.102768,22.23823,15.960694,16.34465,15.005829,15.001749,20.220247,24.243725,15.801061,16.048233,17.82399,18.174183,15.346484,15.246602,16.742016,16.95421,0.0,4.0,0.0,0.0,4.0,4.0,0.0,0.0
6444,2023.0,2.0,14.0,18.0,16.138264,16.70892,18.180395,18.43681,15.296159,15.11021,15.26608,15.176742,16.923319,17.176647,20.345213,23.68612,17.797195,18.126438,15.266508,15.159293,15.0942335,14.841074,4.0,0.0,0.0,0.0,0.0,4.0,0.0,0.0
6445,2023.0,2.0,14.0,18.0,20.98972,25.048807,20.24485,22.697351,20.248978,23.941902,20.625431,24.815283,15.147059,14.853501,17.980019,18.704685,21.207237,24.134136,21.173101,25.214838,15.942516,16.771217,0.0,0.0,0.0,0.0,4.0,4.0,0.0,4.0
6446,2023.0,2.0,14.0,18.0,21.052355,24.596529,18.151423,18.391388,21.12433,24.866201,21.065187,24.94905,16.192024,15.700274,20.226244,23.138924,21.702131,24.574348,21.638933,25.586658,20.227524,24.001598,4.0,4.0,0.0,0.0,0.0,4.0,0.0,0.0
6447,2023.0,2.0,14.0,18.0,21.368086,24.768003,20.23558,22.727926,21.125366,24.396753,21.132805,24.62468,15.006902,14.945279,17.55789,17.573433,22.2225,25.174828,22.36037,26.384811,16.911095,17.011322,0.0,4.0,0.0,0.0,0.0,4.0,0.0,0.0
6448,2023.0,2.0,14.0,18.0,21.046665,23.890186,17.849314,17.851477,21.099785,24.030655,21.101542,24.255806,15.024107,15.085335,16.234556,16.050455,20.99521,22.728514,22.820038,26.773052,15.242291,14.887885,0.0,4.0,0.0,0.0,0.0,0.0,0.0,0.0
6449,2023.0,2.0,14.0,18.0,21.093405,23.80336,16.654984,16.47853,21.114296,23.857845,21.09327,24.02733,15.014129,15.131524,15.9524,15.75764,21.10029,22.849134,23.214418,27.11651,15.078599,14.936499,0.0,0.0,0.0,0.0,0.0,0.0,0.0,0.0
6450,2023.0,2.0,14.0,19.0,21.113579,23.727701,16.828293,17.056492,21.113903,23.68893,21.076935,23.821127,15.015084,15.178462,15.73174,15.552307,22.013489,24.363491,20.87553,22.721266,15.000325,14.919059,4.0,0.0,4.0,0.0,0.0,0.0,0.0,0.0
6451,2023.0,2.0,14.0,19.0,21.10724,23.60577,20.269114,23.228456,21.111488,23.555555,21.101118,23.775501,15.015642,15.211462,15.521162,15.336364,21.972614,24.065338,21.117105,23.227098,15.795658,16.527756,4.0,0.0,0.0,0.0,0.0,0.0,0.0,4.0
6452,2023.0,2.0,14.0,19.0,22.098816,25.192682,20.048155,22.421345,21.08697,23.4525,21.095018,23.606674,15.016038,15.2347145,15.76959,15.963429,21.847342,23.699883,21.079279,23.150402,20.110434,23.799284,4.0,0.0,4.0,0.0,4.0,0.0,0.0,0.0
6453,2023.0,2.0,14.0,19.0,21.009836,23.178102,20.146301,22.387495,21.156649,23.542288,21.152962,23.620953,15.90606,16.616209,20.37869,23.643703,21.142456,22.549162,21.18108,23.34024,17.3771,17.872538,4.0,0.0,4.0,0.0,0.0,4.0,0.0,4.0
6454,2023.0,2.0,14.0,19.0,22.049463,24.850117,20.1022,22.154541,21.247988,23.680439,21.230337,23.694304,16.35469,17.02472,17.929924,18.556038,22.029402,24.07994,21.308636,23.578983,20.338709,23.716215,0.0,0.0,4.0,4.0,4.0,0.0,0.0,0.0
6455,2023.0,2.0,14.0,19.0,20.899702,22.752033,17.738108,17.50777,21.086048,23.313522,21.115759,23.410646,20.502449,24.41337,20.313093,23.251545,20.949593,22.06542,22.143864,25.036425,17.066378,16.944706,0.0,0.0,0.0,0.0,0.0,0.0,0.0,0.0
6456,2023.0,2.0,14.0,20.0,21.104685,23.157158,16.713701,16.450565,21.085844,23.278696,21.11032,23.3379,17.489595,17.89099,17.696945,17.792353,21.09366,22.381662,22.175959,24.673594,15.457864,14.977143,0.0,0.0,0.0,4.0,4.0,0.0,0.0,0.0
6457,2023.0,2.0,14.0,20.0,21.159338,23.286312,16.452229,16.2137,21.157679,23.39135,21.152609,23.351751,21.288702,24.956558,20.389359,22.950481,21.157393,22.543327,21.158438,23.028345,16.396875,17.147957,0.0,0.0,4.0,4.0,0.0,4.0,0.0,4.0
6458,2023.0,2.0,14.0,20.0,21.07418,23.078777,16.195555,15.951456,21.060387,23.149363,21.089834,23.185858,19.906317,22.287567,17.5949,17.393278,21.057652,22.33856,21.04396,22.808287,20.318922,23.747099,0.0,4.0,4.0,4.0,0.0,4.0,4.0,0.0
6459,2023.0,2.0,14.0,20.0,21.104607,23.141867,15.974443,15.724717,21.064665,23.137634,21.112581,23.216131,20.112713,22.494257,16.328646,16.052416,21.084318,22.40659,21.985964,24.416494,17.030333,16.897566,0.0,4.0,0.0,4.0,0.0,0.0,4.0,0.0
6460,2023.0,2.0,14.0,20.0,21.072727,23.03619,15.78307,15.529474,21.088541,23.117449,21.107256,23.170366,20.110796,22.364065,16.079153,15.830766,21.05023,22.306,21.08521,22.825956,15.422143,14.919349,0.0,4.0,0.0,0.0,0.0,4.0,0.0,0.0
6461,2023.0,2.0,14.0,20.0,21.077839,23.029375,16.083157,16.23166,21.108793,23.125906,21.107458,23.139326,17.446148,17.130552,16.217722,16.318863,21.084904,22.385881,21.0965,22.847338,16.371513,17.104275,4.0,0.0,0.0,0.0,4.0,0.0,0.0,4.0
6462,2023.0,2.0,14.0,21.0,21.312143,23.501438,20.29368,23.665874,21.244123,23.349224,21.290575,23.52729,16.009617,15.3808565,20.423779,23.421305,21.244745,22.688913,21.311058,23.266596,20.434736,23.911043,4.0,0.0,0.0,0.0,0.0,0.0,0.0,0.0
6463,2023.0,2.0,14.0,21.0,21.945349,24.375515,20.045498,22.657393,22.372038,25.158918,21.93282,24.472998,15.871379,15.592879,17.805613,18.10516,22.116083,24.11691,22.375612,25.224396,17.711052,18.084265,4.0,0.0,0.0,0.0,0.0,0.0,0.0,4.0
6464,2023.0,2.0,14.0,21.0,22.63629,25.62068,20.11712,22.487793,21.745132,23.902712,22.021765,24.737825,15.720189,15.486009,16.243214,16.00456,21.538372,22.947308,21.995913,24.211504,20.462955,23.46246,0.0,0.0,0.0,0.0,0.0,4.0,4.0,0.0
6465,2023.0,2.0,14.0,21.0,20.906292,22.424917,17.53693,17.317839,21.0548,22.759653,20.947702,22.672861,16.293541,16.781574,15.863981,15.610677,21.018148,22.036198,20.898127,22.149744,17.240131,17.007534,0.0,4.0,0.0,4.0,0.0,4.0,0.0,0.0
6466,2023.0,2.0,14.0,21.0,21.097322,22.838717,16.883762,16.980398,21.083298,22.891024,21.099535,23.021189,20.344734,23.534664,15.628694,15.376142,21.056358,22.147749,21.118925,22.659927,15.678091,15.109247,4.0,0.0,0.0,0.0,0.0,4.0,0.0,0.0
6467,2023.0,2.0,14.0,21.0,21.164839,23.023394,20.269495,23.074932,21.160084,23.00148,21.163069,23.172825,17.100925,16.895525,15.419921,15.15574,21.13445,22.342514,21.183846,22.826462,16.623407,17.31828,4.0,4.0,0.0,0.0,0.0,0.0,0.0,4.0
6468,2023.0,2.0,14.0,22.0,22.048155,24.398186,20.070435,22.344471,21.942587,24.201525,21.99435,24.487503,15.419333,14.800214,15.239325,14.972981,21.808517,23.484894,22.2081,24.65915,20.337097,23.564396,0.0,4.0,0.0,0.0,0.0,4.0,0.0,0.0
6469,2023.0,2.0,14.0,22.0,21.071428,22.779919,17.52209,17.249062,21.089827,22.78751,21.05737,22.909605,15.355973,15.081055,15.374356,15.357326,20.9568,21.860558,20.9073,22.199081,17.69602,17.970057,0.0,0.0,0.0,0.0,4.0,4.0,0.0,4.0
6470,2023.0,2.0,14.0,22.0,21.746798,23.752523,15.996683,15.222709,21.725784,23.669075,21.51336,23.644648,15.921589,16.261251,20.321447,23.602606,21.595318,22.907686,21.73671,23.653446,20.788218,23.7831,0.0,0.0,0.0,4.0,0.0,0.0,0.0,0.0
6471,2023.0,2.0,14.0,22.0,20.911127,22.34761,16.412113,16.413052,20.918337,22.282784,20.946058,22.60007,20.469034,23.891262,17.837038,18.412926,20.946766,21.792486,20.904697,22.156345,17.593403,17.356943,4.0,4.0,0.0,0.0,4.0,0.0,0.0,0.0
6472,2023.0,2.0,14.0,22.0,21.880932,24.081188,20.237463,23.192951,21.553787,23.433052,21.714542,23.783817,17.408758,17.617352,20.296406,23.262144,21.774569,23.196125,21.834814,23.717695,15.862399,15.246266,0.0,4.0,0.0,0.0,0.0,4.0,4.0,0.0
6473,2023.0,2.0,14.0,22.0,21.016827,22.634554,17.925718,18.273369,20.96042,22.33587,20.917091,22.452187,15.851645,15.629161,17.796919,18.053654,21.02003,21.931164,20.882473,22.011702,15.750637,15.483868,0.0,4.0,0.0,0.0,0.0,4.0,0.0,0.0
6474,2023.0,2.0,14.0,23.0,21.106497,22.82493,16.87441,17.048836,21.12235,22.716812,21.113369,22.901842,15.4891405,15.239908,16.237764,15.95922,21.086113,22.117615,21.129389,22.565495,15.619983,15.385717,4.0,0.0,0.0,0.0,0.0,0.0,0.0,0.0
6475,2023.0,2.0,14.0,23.0,18.904436,18.614695,16.305449,16.113972,18.881948,18.446672,19.223108,19.30979,15.828277,16.072578,15.865466,15.585084,19.236736,18.586521,18.937115,18.393377,15.425775,15.204681,0.0,0.0,0.0,4.0,0.0,0.0,0.0,0.0
6476,2023.0,2.0,14.0,23.0,18.361746,18.15433,15.493972,14.719927,17.760157,16.844263,18.252935,17.936749,15.953973,16.270264,15.967975,15.960049,19.270239,19.10352,18.448988,18.091125,15.272244,15.047389,0.0,0.0,0.0,4.0,4.0,4.0,0.0,0.0
6477,2023.0,2.0,14.0,23.0,18.089033,17.934294,15.131416,14.283596,17.764606,17.310354,17.83668,17.505587,14.95066,14.592823,15.632899,15.389822,18.525183,17.801584,18.180437,17.875858,15.843946,16.24756,0.0,0.0,0.0,0.0,0.0,0.0,0.0,4.0
6478,2023.0,2.0,14.0,23.0,17.757391,17.603077,15.3455305,14.961926,17.595907,17.229986,17.460436,17.125683,15.136206,15.08286,15.31642,15.030528,17.956417,17.14288,17.84552,17.54902,16.101313,16.57857,0.0,0.0,0.0,4.0,0.0,0.0,0.0,4.0
6479,2023.0,2.0,14.0,23.0,17.532656,17.383596,15.348874,15.036211,17.372494,17.01586,17.211517,16.88036,15.132993,15.071482,15.464051,15.440132,17.708607,16.90283,17.605732,17.319006,15.765954,15.887295,0.0,0.0,0.0,4.0,4.0,0.0,0.0,4.0
6480,2023.0,2.0,15.0,0.0,17.326227,17.184593,15.256145,14.952196,17.157784,16.809732,16.987597,16.664156,15.0090885,14.924474,15.155828,14.891373,17.945532,17.598284,17.385138,17.109175,15.64349,15.751342,0.0,0.0,0.0,0.0,0.0,0.0,0.0,4.0
6481,2023.0,2.0,15.0,0.0,17.114805,16.980371,15.147296,14.846655,16.936945,16.597408,16.759783,16.444502,15.030692,15.008149,15.000072,14.795395,17.898932,17.569647,17.155344,16.879549,14.921471,14.599198,0.0,0.0,0.0,0.0,0.0,0.0,0.0,0.0
6482,2023.0,2.0,15.0,0.0,16.924074,16.793558,15.041866,14.741911,16.736439,16.401487,16.553623,16.242796,15.027878,15.03312,15.114592,15.091216,18.526138,18.882719,16.94699,16.673145,15.242397,15.316517,0.0,0.0,0.0,0.0,4.0,4.0,0.0,4.0
6483,2023.0,2.0,15.0,0.0,17.517832,18.05896,15.003542,14.755796,16.560108,16.230268,17.087711,17.405935,15.01362,15.058223,14.990656,14.89948,17.550663,16.84205,16.76268,16.490887,14.980869,14.849105,0.0,0.0,4.0,0.0,0.0,0.0,0.0,0.0
6484,2023.0,2.0,15.0,0.0,17.706831,18.299685,15.007589,14.824213,16.397474,16.067448,16.593214,16.397137,15.016779,15.102065,15.019271,15.001454,17.016743,16.244226,16.592806,16.31807,15.033542,15.004454,0.0,0.0,0.0,0.0,0.0,0.0,0.0,0.0
6485,2023.0,2.0,15.0,0.0,16.561705,16.125963,15.00808,14.873296,16.254028,15.927572,15.758707,15.027599,15.016784,15.131011,15.003575,14.996242,16.8282,16.057913,16.442833,16.16852,15.025485,15.025864,0.0,0.0,0.0,0.0,4.0,0.0,0.0,0.0
6486,2023.0,2.0,15.0,1.0,15.908058,15.278246,15.009292,14.914849,16.116182,15.786074,15.346099,14.523637,15.018552,15.157699,15.021594,15.071178,17.107979,16.777718,16.300068,16.019678,15.014304,15.058893,0.0,0.0,0.0,0.0,0.0,0.0,0.0,0.0
6487,2023.0,2.0,15.0,1.0,15.68866,15.062739,15.010022,14.94942,15.994565,15.665857,15.611564,15.252358,15.018515,15.177944,15.016373,15.084463,17.119848,16.78245,16.17333,15.891442,15.016775,15.105206,0.0,0.0,0.0,0.0,0.0,0.0,0.0,0.0
6488,2023.0,2.0,15.0,1.0,15.978207,15.811568,15.010745,14.978971,15.881983,15.55434,15.641334,15.329151,15.018592,15.195435,15.001589,15.06487,17.040722,16.70151,16.056118,15.772746,15.016716,15.13724,0.0,0.0,0.0,0.0,4.0,0.0,0.0,0.0
6489,2023.0,2.0,15.0,1.0,16.007055,15.872366,15.011298,15.00422,15.780258,15.456442,16.311907,16.666956,15.019579,15.211671,15.022617,15.132914,16.96376,16.624588,15.949611,15.667363,15.017452,15.164161,0.0,0.0,4.0,0.0,0.0,0.0,0.0,0.0
6490,2023.0,2.0,15.0,1.0,15.928387,15.795046,15.011993,15.027017,15.680997,15.356745,15.891621,15.722835,15.019991,15.22554,15.01832,15.137473,16.88649,16.544485,15.846348,15.561705,15.017769,15.185623,0.0,0.0,0.0,0.0,0.0,0.0,0.0,0.0
6491,2023.0,2.0,15.0,1.0,15.849497,15.721586,15.0126505,15.047559,16.338408,16.671095,15.783797,15.65687,15.020686,15.238425,15.019958,15.153526,16.812754,16.468735,15.749991,15.464067,15.018972,15.205877,0.0,4.0,4.0,0.0,0.0,0.0,0.0,0.0
6492,2023.0,2.0,15.0,2.0,15.780622,15.660043,15.013216,15.066246,15.918144,15.72695,14.998388,14.335687,15.020978,15.249754,15.020351,15.165505,16.740976,16.394064,15.65806,15.369733,15.019209,15.2219925,0.0,0.0,0.0,0.0,0.0,0.0,0.0,0.0
6493,2023.0,2.0,15.0,2.0,15.698754,15.57239,15.013816,15.0836115,15.097587,14.317502,15.026147,14.489792,15.021528,15.260896,15.004892,15.133636,16.67257,16.32392,15.571201,15.28176,15.019779,15.2372675,0.0,0.0,0.0,0.0,4.0,0.0,0.0,0.0
6494,2023.0,2.0,15.0,2.0,15.615588,15.480574,15.028031,15.12773,15.017852,14.416849,15.026413,14.567757,15.086853,15.371507,15.040197,15.232348,16.603449,16.250195,15.48417,15.1897545,15.039387,15.292333,0.0,0.0,0.0,4.0,0.0,0.0,0.0,0.0
6495,2023.0,2.0,15.0,2.0,16.342365,16.907478,15.013003,15.109818,15.922091,16.205706,15.068507,14.735587,15.091612,15.3734255,15.018731,15.194533,16.543692,16.193205,15.4093275,15.11887,15.018502,15.261789,0.0,4.0,0.0,4.0,0.0,0.0,0.0,0.0
6496,2023.0,2.0,15.0,2.0,15.905559,15.885133,15.015428,15.128543,15.637317,15.460269,15.040598,14.730212,15.032047,15.272004,15.022762,15.21196,16.480947,16.12795,15.332248,15.039696,15.02203,15.282537,0.0,0.0,0.0,0.0,0.0,0.0,0.0,0.0
6497,2023.0,2.0,15.0,2.0,15.115064,14.540731,15.01583,15.142439,14.970339,14.405823,15.000945,14.720549,15.040488,15.277731,15.022953,15.221458,16.41929,16.063704,15.25671,14.961315,15.235901,15.670861,0.0,0.0,0.0,0.0,0.0,0.0,0.0,4.0
6498,2023.0,2.0,15.0,3.0,15.019913,14.572133,15.0162945,15.155143,15.026818,14.584333,15.006743,14.781735,15.03904,15.266645,15.023286,15.231037,16.357588,15.998701,15.182291,14.884198,14.981183,15.208227,0.0,0.0,0.0,0.0,0.0,0.0,0.0,0.0
6499,2023.0,2.0,15.0,3.0,15.241294,15.109711,15.016891,15.167447,15.054877,14.725022,15.006495,14.822942,15.021451,15.263569,15.023627,15.240318,16.303997,15.948496,15.117163,14.822838,15.048529,15.329569,0.0,0.0,0.0,0.0,0.0,0.0,0.0,0.0
6500,2023.0,2.0,15.0,3.0,15.258975,15.142814,15.032512,15.210762,15.009405,14.688421,15.011205,14.872567,15.044751,15.335782,15.04625,15.294704,16.25329,15.900341,15.054749,14.762511,15.072646,15.368378,0.0,0.0,0.0,0.0,0.0,0.0,0.0,0.0
6501,2023.0,2.0,15.0,3.0,15.213039,15.100461,15.03314,15.2168045,15.003283,14.741404,15.01317,14.9064,15.046481,15.348417,15.019935,15.22459,16.20465,15.854675,15.0009575,14.717203,15.041229,15.325136,0.0,0.0,0.0,0.0,4.0,0.0,0.0,0.0
6502,2023.0,2.0,15.0,3.0,15.16295,15.054282,15.0332365,15.226828,15.005894,14.79208,15.014846,14.937985,15.046848,15.362816,15.047587,15.318295,16.157627,15.81063,15.004708,14.778477,15.043778,15.357839,0.0,0.0,0.0,0.0,0.0,0.0,0.0,0.0
6503,2023.0,2.0,15.0,3.0,15.113329,15.008701,15.034226,15.238442,15.008375,14.835049,15.015994,14.966119,15.04773,15.375975,15.046821,15.312523,16.112144,15.768114,15.005864,14.81062,15.045311,15.375627,0.0,0.0,0.0,0.0,0.0,0.0,0.0,0.0
6504,2023.0,2.0,15.0,4.0,15.064647,14.963957,15.034551,15.248615,15.010882,14.87326,15.017837,14.993886,15.026195,15.312195,15.021012,15.250303,16.068085,15.727014,15.008769,14.84453,15.0456505,15.389955,0.0,0.0,0.0,4.0,4.0,0.0,0.0,0.0
6505,2023.0,2.0,15.0,4.0,15.01253,14.911094,15.035592,15.259934,15.012589,14.90594,15.018992,15.018271,15.083022,15.445166,15.048746,15.34209,16.021492,15.679567,15.010512,14.871426,15.046219,15.402911,0.0,0.0,0.0,0.0,0.0,0.0,0.0,0.0
6506,2023.0,2.0,15.0,4.0,15.003241,14.941128,15.035902,15.26941,15.014776,14.936791,15.020723,15.042529,15.046756,15.374983,15.04857,15.336036,15.974601,15.631838,15.0125,14.896718,15.047293,15.415539,0.0,0.0,0.0,0.0,0.0,0.0,0.0,0.0
6507,2023.0,2.0,15.0,4.0,15.006478,14.981403,15.036853,15.280245,15.016173,14.963656,15.0222025,15.064938,15.048903,15.402525,15.048893,15.34195,15.928008,15.584409,15.013371,14.917814,15.04866,15.427649,0.0,0.0,0.0,0.0,0.0,0.0,0.0,0.0
6508,2023.0,2.0,15.0,4.0,15.008463,15.013194,15.038112,15.291297,15.018056,14.989914,15.023791,15.086665,15.001152,15.287081,15.049486,15.347325,15.881761,15.537312,15.016356,14.942036,15.048908,15.436834,0.0,0.0,0.0,4.0,0.0,0.0,0.0,0.0
6509,2023.0,2.0,15.0,4.0,15.010743,15.042717,15.038697,15.300685,15.019818,15.014245,15.02505,15.106762,15.086708,15.484491,15.050243,15.353493,15.835713,15.490405,15.016466,14.95878,15.049878,15.447326,0.0,0.0,0.0,0.0,0.0,0.0,0.0,0.0
6510,2023.0,2.0,15.0,5.0,15.010213,15.065331,15.039155,15.309868,15.021273,15.036845,15.025611,15.124354,15.08393,15.434705,15.050984,15.359837,15.789885,15.443706,15.018535,14.979604,15.148252,15.607886,0.0,0.0,0.0,0.0,0.0,0.0,0.0,4.0
6511,2023.0,2.0,15.0,5.0,15.012243,15.092108,15.040279,15.3204,15.022435,15.057995,15.026275,15.14084,15.048573,15.393284,15.051057,15.365289,15.745867,15.400414,15.019476,14.996839,15.07985,15.466291,0.0,0.0,0.0,0.0,0.0,0.0,0.0,0.0
6512,2023.0,2.0,15.0,5.0,15.014296,15.116702,15.040542,15.328967,15.024,15.079259,15.027334,15.157518,15.001658,15.296105,15.025452,15.30258,15.7026,15.357851,15.020884,15.014878,15.080346,15.471531,0.0,0.0,0.0,4.0,4.0,0.0,0.0,0.0
6513,2023.0,2.0,15.0,5.0,15.015735,15.138772,15.041581,15.339111,15.025344,15.099286,15.02824,15.173239,15.0874605,15.497692,15.05331,15.395449,15.659748,15.315689,15.02195,15.031693,15.168134,15.626111,0.0,0.0,0.0,0.0,0.0,0.0,0.0,4.0
6514,2023.0,2.0,15.0,5.0,15.016619,15.158203,15.042114,15.348013,15.025934,15.117199,15.029368,15.188837,15.085506,15.453276,15.052941,15.389734,15.617248,15.273868,15.02347,15.049026,15.078974,15.454719,0.0,0.0,0.0,0.0,0.0,0.0,0.0,0.0
6515,2023.0,2.0,15.0,5.0,15.008558,15.159278,15.019752,15.316149,15.012528,15.108025,15.01434,15.174335,15.0202465,15.365351,15.024364,15.345111,15.576324,15.234865,15.844204,16.589642,15.038328,15.398568,0.0,0.0,0.0,0.0,0.0,0.0,4.0,0.0
6516,2023.0,2.0,15.0,6.0,15.010483,15.1796875,15.023107,15.333229,15.014864,15.128962,15.017068,15.194319,15.028858,15.405531,15.028335,15.361033,15.533843,15.193077,14.931509,14.776543,15.042387,15.408262,0.0,0.0,0.0,0.0,0.0,0.0,0.0,0.0
6517,2023.0,2.0,15.0,6.0,19.684898,23.237349,15.02296,15.342619,19.689808,23.18069,19.557312,22.964888,15.028449,15.421852,15.028174,15.367832,19.524748,21.96278,19.59916,22.663445,15.025738,15.409724,0.0,0.0,0.0,0.0,0.0,0.0,0.0,0.0
6518,2023.0,2.0,15.0,6.0,20.74867,24.580338,15.044901,15.395185,20.802826,24.593645,20.765797,24.615393,15.05559,15.484094,15.05494,15.42483,20.45186,23.401884,20.495089,23.92509,15.051587,15.480444,0.0,0.0,0.0,0.0,0.0,0.0,0.0,0.0
6519,2023.0,2.0,15.0,6.0,21.1398,24.816849,15.020107,15.352569,21.150835,24.748962,21.14264,24.797487,15.023552,15.421053,15.024017,15.364337,20.812885,23.639502,21.366957,25.050797,15.023223,15.429026,0.0,0.0,0.0,0.0,0.0,0.0,0.0,0.0
6520,2023.0,2.0,15.0,6.0,21.10237,24.398123,15.023986,15.369709,21.105448,24.309082,21.107643,24.382448,15.028162,15.431143,15.012428,15.330894,21.909124,25.223764,22.132107,25.969603,15.027292,15.440983,0.0,0.0,0.0,0.0,4.0,4.0,0.0,0.0
6521,2023.0,2.0,15.0,6.0,21.1078,24.170595,15.023819,15.37783,21.109144,24.072645,21.112436,24.152636,15.027326,15.428848,19.14072,22.43514,21.550842,24.304295,22.30613,25.95138,15.102587,15.549443,0.0,0.0,0.0,0.0,0.0,0.0,0.0,4.0
6522,2023.0,2.0,15.0,7.0,21.103895,23.992617,15.023428,15.383676,21.105577,23.888937,21.10871,23.971964,15.027398,15.428005,16.562347,16.859245,21.0634,23.153873,22.669567,26.259398,19.812145,23.701124,0.0,0.0,0.0,0.0,0.0,0.0,0.0,0.0
6523,2023.0,2.0,15.0,7.0,21.10189,23.862215,15.023878,15.3906555,21.103273,23.752121,21.106342,23.837276,15.027291,15.426802,15.229733,15.258093,21.107973,23.101328,22.326685,25.291187,16.176474,15.984629,0.0,0.0,0.0,0.0,4.0,0.0,0.0,0.0
6524,2023.0,2.0,15.0,7.0,21.075682,23.695858,15.024544,15.397925,21.101215,23.646389,21.10491,23.735022,15.027365,15.426225,19.993713,23.276533,21.078657,22.984425,20.890867,22.697412,15.054761,15.043485,0.0,0.0,0.0,0.0,0.0,0.0,4.0,0.0
6525,2023.0,2.0,15.0,7.0,21.103584,23.70099,15.023626,15.398463,21.099573,23.563292,21.102701,23.651981,15.027154,15.42811,17.379805,17.91413,21.052113,22.862427,21.15178,23.247875,15.019755,15.119084,0.0,0.0,0.0,0.0,4.0,4.0,0.0,0.0
6526,2023.0,2.0,15.0,7.0,21.417479,24.063745,15.683169,16.346125,21.806824,24.543901,21.766026,24.569176,15.728117,16.471043,20.200218,23.439066,22.104013,24.628763,21.785198,24.166431,15.665085,16.123709,0.0,0.0,0.0,0.0,0.0,4.0,0.0,0.0
6527,2023.0,2.0,15.0,7.0,21.02219,23.26527,15.142968,15.457838,20.923595,22.9642,20.928267,23.06618,15.078964,15.300253,17.448498,17.730415,20.960274,22.416685,20.912058,22.591784,15.01097,15.166606,0.0,0.0,0.0,0.0,0.0,4.0,4.0,0.0
6528,2023.0,2.0,15.0,8.0,21.107794,23.390497,15.060078,15.359377,21.097319,23.29482,21.123686,23.457644,15.078386,15.378643,15.628974,15.290433,21.117052,22.728992,21.141161,23.094978,15.026833,15.263018,0.0,4.0,0.0,0.0,0.0,0.0,0.0,0.0
6529,2023.0,2.0,15.0,8.0,18.761316,18.854055,14.998193,15.259466,19.26684,19.77516,19.17406,19.673603,15.019574,15.315655,15.1750145,14.825753,18.691221,18.04132,18.41318,17.855953,15.024155,15.306259,4.0,4.0,4.0,0.0,0.0,0.0,0.0,0.0
6530,2023.0,2.0,15.0,8.0,16.977253,16.34053,19.396868,22.967743,17.12697,16.36739,17.5141,17.287724,15.02787,15.364862,15.0073,14.780344,17.499037,16.61546,17.02169,16.24865,15.025253,15.3453455,0.0,0.0,0.0,0.0,0.0,0.0,0.0,0.0
6531,2023.0,2.0,15.0,8.0,16.2689,15.562346,16.843102,17.371017,16.175272,15.230603,16.310137,15.478717,15.139894,15.572449,15.095481,15.101502,18.320068,18.60669,16.863277,16.480116,15.025782,15.376044,0.0,0.0,0.0,4.0,4.0,4.0,0.0,0.0
6532,2023.0,2.0,15.0,8.0,15.873885,15.176537,15.424195,15.616354,16.429678,16.083536,15.677912,14.772175,19.753397,23.366016,20.21467,23.630371,17.3503,16.595942,17.744238,18.376858,15.319111,15.929603,4.0,4.0,0.0,0.0,4.0,0.0,4.0,4.0
6533,2023.0,2.0,15.0,8.0,16.00261,15.756358,20.282534,24.067324,15.784034,14.9655285,15.758805,15.304339,16.692434,16.925308,20.046404,23.04851,16.683865,15.852349,16.544868,15.926395,19.499033,22.907904,4.0,0.0,0.0,4.0,4.0,0.0,0.0,0.0
6534,2023.0,2.0,15.0,9.0,15.96568,15.802028,20.003023,23.03538,15.9681225,15.673199,15.712194,15.351402,19.842499,22.966516,20.129044,22.823812,16.41192,15.59046,15.780365,15.081675,16.001709,15.772559,4.0,4.0,0.0,0.0,4.0,0.0,0.0,0.0
6535,2023.0,2.0,15.0,9.0,15.808263,15.660941,20.150171,22.98796,15.385004,14.613536,15.535891,15.1932535,16.50704,16.258598,20.127851,22.558125,16.611732,16.217432,15.472926,14.788298,16.580635,16.449007,0.0,0.0,0.0,0.0,0.0,0.0,0.0,0.0
6536,2023.0,2.0,15.0,9.0,16.439516,16.986872,17.357765,17.364319,14.998216,14.222309,16.103653,16.412086,14.9889345,14.591699,17.488699,17.279797,16.636774,16.302946,16.810871,17.58574,14.984804,14.966076,4.0,0.0,4.0,0.0,4.0,0.0,4.0,0.0
6537,2023.0,2.0,15.0,9.0,15.962685,15.97386,20.153805,23.0524,15.820731,14.865469,15.637034,15.446354,16.264185,15.844455,20.299236,22.79696,16.53619,16.212095,15.822455,15.276846,16.013166,15.7566185,4.0,0.0,0.0,0.0,0.0,0.0,0.0,0.0
6538,2023.0,2.0,15.0,9.0,15.166961,14.677917,20.074585,22.607702,15.244967,14.909636,15.527341,15.428914,15.696461,16.116745,17.34437,16.979237,16.440453,16.125626,15.159024,14.54516,14.985374,15.135216,0.0,0.0,4.0,4.0,0.0,0.0,0.0,0.0
6539,2023.0,2.0,15.0,9.0,15.014705,14.63709,17.213041,16.939108,15.154158,14.844448,14.989616,14.553099,20.280684,24.038776,16.413118,16.370298,17.144716,17.538803,16.043571,16.405344,15.0312395,15.302094,0.0,0.0,0.0,4.0,4.0,4.0,4.0,0.0
6540,2023.0,2.0,15.0,10.0,15.122213,14.980344,15.963059,15.615164,15.786768,16.132675,15.281251,15.19921,20.053057,23.157133,20.436485,23.256447,16.28882,15.669575,16.356693,16.716204,15.848004,15.642778,0.0,4.0,4.0,0.0,0.0,0.0,4.0,0.0
6541,2023.0,2.0,15.0,10.0,15.133487,15.0507765,16.126566,16.214205,15.386526,15.248514,14.989646,14.704016,16.803823,16.588337,17.829226,18.065258,15.837445,15.171047,15.385543,14.881155,15.011079,15.336918,4.0,0.0,0.0,0.0,0.0,0.0,0.0,0.0
6542,2023.0,2.0,15.0,10.0,15.076847,15.014679,20.206259,23.514986,15.383152,15.398991,15.3946705,15.591549,15.216779,14.622818,16.27272,16.008114,15.737216,15.099528,15.767563,15.685857,15.025745,15.398403,4.0,4.0,0.0,0.0,0.0,0.0,0.0,0.0
6543,2023.0,2.0,15.0,10.0,15.026858,14.9914465,20.055634,22.783283,15.859073,16.08766,15.960634,16.381786,15.116939,14.824395,15.82798,15.5316,15.995996,15.712627,15.024982,14.536358,15.023748,15.418047,4.0,0.0,0.0,0.0,0.0,0.0,0.0,0.0
6544,2023.0,2.0,15.0,10.0,15.327526,15.273937,20.108587,22.620752,16.183401,16.430141,15.545393,15.55224,14.997377,14.805714,15.567757,15.290344,16.088753,15.846394,16.290989,15.772978,15.023359,15.433977,4.0,4.0,0.0,0.0,0.0,0.0,0.0,0.0
6545,2023.0,2.0,15.0,10.0,15.926846,16.67146,20.09752,22.424927,15.01011,14.651271,15.045254,14.88675,15.019075,14.988024,15.375883,15.119979,16.076283,15.848989,15.331234,15.147759,15.417301,16.157272,4.0,0.0,0.0,0.0,0.0,0.0,0.0,4.0
6546,2023.0,2.0,15.0,11.0,15.45177,15.5985565,20.112568,22.350632,16.060884,16.489204,15.635036,16.124779,15.01517,15.079005,15.223568,14.99052,16.065857,15.852741,15.169638,14.998563,19.29697,22.75146,0.0,0.0,4.0,0.0,0.0,0.0,0.0,0.0
6547,2023.0,2.0,15.0,11.0,15.578391,16.01105,17.963902,18.132133,15.209915,14.928078,15.258745,15.276133,15.016459,15.147789,15.098086,14.884181,16.056513,15.854852,15.095471,14.932925,16.275118,16.348785,4.0,0.0,0.0,0.0,0.0,0.0,0.0,0.0
6548,2023.0,2.0,15.0,11.0,14.995449,14.983892,20.216389,22.775558,15.038764,14.883201,15.393531,15.770785,15.43786,15.978646,15.417918,15.595757,16.048584,15.857987,15.033731,14.879913,14.995239,14.944367,4.0,0.0,0.0,4.0,4.0,0.0,0.0,0.0
6549,2023.0,2.0,15.0,11.0,15.659723,15.297099,20.759552,23.300879,15.809615,16.12277,15.645789,15.93699,20.276524,24.266012,20.282003,23.709173,16.04307,15.863377,15.4098015,15.288344,15.73869,16.17652,4.0,0.0,0.0,0.0,0.0,0.0,0.0,0.0
6550,2023.0,2.0,15.0,11.0,14.999383,15.067641,19.935932,21.783247,15.3047285,15.306605,15.721002,16.301952,16.934885,17.118128,17.627327,18.136736,16.844704,17.391804,15.134,15.011294,14.985026,15.043475,4.0,0.0,4.0,0.0,0.0,4.0,0.0,0.0
6551,2023.0,2.0,15.0,11.0,16.071749,16.889744,20.125618,22.1427,15.007514,14.93924,14.992043,14.96292,15.203569,14.908485,15.967244,15.858282,16.215412,15.91284,16.126759,16.963385,15.023362,15.212551,0.0,0.0,0.0,0.0,0.0,0.0,4.0,0.0
6552,2023.0,2.0,15.0,12.0,15.145501,15.289588,17.944023,17.936104,15.009431,15.023229,15.327986,15.666149,15.024604,14.85576,15.617912,15.455087,15.87944,15.501963,15.384459,15.195629,15.01693,15.270421,0.0,0.0,4.0,0.0,0.0,0.0,0.0,0.0
6553,2023.0,2.0,15.0,12.0,20.364737,24.482603,16.861189,16.73462,20.351757,24.391495,19.704582,23.139864,15.01043,14.963179,15.439491,15.273918,20.028543,22.673166,20.697834,24.521801,15.017749,15.316918,0.0,0.0,0.0,0.0,0.0,0.0,0.0,0.0
6554,2023.0,2.0,15.0,12.0,21.053333,25.098072,16.491564,16.362175,21.082819,25.065645,20.658363,24.331123,15.012935,15.052809,15.306136,15.144751,21.01517,24.175035,21.102484,24.817951,15.016601,15.340831,0.0,0.0,0.0,0.0,0.0,0.0,0.0,0.0
6555,2023.0,2.0,15.0,12.0,21.109173,24.742687,16.204243,16.090265,21.084183,24.578382,21.026083,24.569155,15.01166,15.107016,15.204136,15.053434,22.025908,25.534695,21.095917,24.365562,15.016469,15.353078,0.0,4.0,0.0,0.0,0.0,4.0,0.0,0.0
6556,2023.0,2.0,15.0,12.0,21.100239,24.421307,15.963444,15.863526,21.084087,24.269464,21.134144,24.44834,15.011414,15.144517,15.119362,14.978636,21.489582,24.1715,22.464931,26.418583,15.015948,15.35661,0.0,4.0,0.0,0.0,0.0,0.0,0.0,0.0
6557,2023.0,2.0,15.0,12.0,21.074986,24.14201,16.225502,16.542759,21.09869,24.04872,21.075365,24.094889,15.567919,16.213804,15.047754,14.916136,21.022684,23.06717,20.8992,23.272535,15.015549,15.356156,4.0,4.0,4.0,4.0,0.0,4.0,4.0,0.0
6558,2023.0,2.0,15.0,13.0,21.954517,25.368292,20.207644,23.61523,21.257236,24.080688,21.154581,24.11939,20.381544,24.436413,14.999702,14.889576,21.656788,24.015928,21.197239,23.753445,15.598263,16.427288,0.0,4.0,0.0,4.0,0.0,0.0,0.0,4.0
6559,2023.0,2.0,15.0,13.0,20.90611,23.371246,17.745184,18.328691,21.009974,23.501114,21.090107,23.82116,20.046106,23.231913,15.004966,14.939827,20.982832,22.674248,21.237574,23.723307,19.845991,23.601751,0.0,4.0,4.0,0.0,0.0,0.0,0.0,0.0
6560,2023.0,2.0,15.0,13.0,21.133337,23.782173,16.189087,16.227537,21.095911,23.592884,21.089981,23.714193,17.19351,17.353247,15.00464,14.969353,21.130507,22.908741,21.093851,23.343042,16.769993,17.012465,0.0,4.0,4.0,0.0,0.0,0.0,0.0,0.0
6561,2023.0,2.0,15.0,13.0,21.097273,23.651426,16.296833,16.676695,21.082342,23.501915,21.11057,23.692263,16.556877,16.998152,15.004926,14.993737,21.06035,22.740438,21.463364,23.867903,16.187231,16.890203,4.0,4.0,0.0,4.0,0.0,0.0,0.0,4.0
6562,2023.0,2.0,15.0,13.0,22.026041,25.01923,20.309097,23.681366,21.157518,23.598728,21.151865,23.687826,20.30333,23.655186,15.005101,15.012733,21.71758,23.897429,21.044739,23.043447,20.343132,24.068594,4.0,4.0,4.0,0.0,0.0,0.0,0.0,0.0
6563,2023.0,2.0,15.0,13.0,22.420364,25.723944,20.0269,22.73825,21.078823,23.394083,21.10629,23.560606,17.457413,17.674461,15.00441,15.023597,21.921495,24.03535,21.095026,23.14266,17.17744,17.407799,4.0,4.0,0.0,0.0,0.0,4.0,0.0,0.0
6564,2023.0,2.0,15.0,14.0,22.871695,26.371109,20.10422,22.65372,21.100676,23.41764,21.099045,23.4992,16.004957,15.818211,15.004277,15.031348,21.688602,23.50536,21.073532,23.092823,15.652473,15.491522,0.0,0.0,0.0,0.0,0.0,4.0,0.0,0.0
6565,2023.0,2.0,15.0,14.0,19.679544,20.077906,18.130352,18.667442,18.829653,19.024511,18.734648,18.92738,15.76059,15.65447,15.00395,15.036967,19.957067,19.973066,19.099808,19.283104,15.385834,15.292921,4.0,0.0,0.0,0.0,0.0,0.0,0.0,0.0
6566,2023.0,2.0,15.0,14.0,18.18453,18.343193,20.210602,22.938469,17.503168,17.336926,17.530293,17.534758,16.399197,17.006174,15.004572,15.04594,18.783457,18.47006,18.00767,17.913456,15.2274685,15.149797,0.0,0.0,0.0,4.0,0.0,0.0,0.0,0.0
6567,2023.0,2.0,15.0,14.0,18.427422,19.206383,17.933357,18.260319,17.848593,18.389915,17.794746,18.386961,20.342838,23.756577,15.004395,15.054341,18.403114,18.081642,18.617409,19.427404,16.063433,16.868036,0.0,4.0,4.0,0.0,0.0,0.0,4.0,4.0
6568,2023.0,2.0,15.0,14.0,18.26552,18.946894,16.68307,16.730873,17.798506,18.296093,17.217844,17.360403,18.050097,18.787264,15.004914,15.064758,18.91257,19.283413,17.733683,17.658054,20.411684,24.247408,0.0,4.0,0.0,4.0,0.0,4.0,0.0,4.0
6569,2023.0,2.0,15.0,14.0,17.387691,17.509117,16.8016,17.216475,17.607725,18.107763,17.240946,17.725264,20.333239,23.34752,15.005239,15.075666,18.300743,18.078943,17.100464,16.901663,20.048925,23.113111,4.0,4.0,4.0,0.0,0.0,0.0,0.0,0.0
6570,2023.0,2.0,15.0,15.0,17.599958,18.25899,20.299166,23.366068,16.850166,16.81634,16.66648,16.697958,17.753353,18.008429,15.005632,15.086414,17.907913,17.642403,16.826748,16.631727,17.990772,18.807331,4.0,0.0,0.0,0.0,0.0,0.0,0.0,4.0
6571,2023.0,2.0,15.0,15.0,17.02599,17.176407,20.042505,22.563826,17.068888,17.527534,16.203424,16.117794,16.39512,16.256498,15.005292,15.093008,17.741821,17.487963,16.628572,16.443703,20.347847,23.46294,0.0,4.0,0.0,0.0,0.0,0.0,0.0,0.0
6572,2023.0,2.0,15.0,15.0,16.577301,16.630476,18.161198,18.738655,16.5511,16.53644,15.97913,15.883731,16.848547,17.425629,15.005223,15.098777,17.711676,17.57895,16.534187,16.431494,17.606009,17.848372,4.0,0.0,0.0,4.0,0.0,0.0,0.0,0.0
6573,2023.0,2.0,15.0,15.0,17.100376,17.785645,20.290743,22.970816,16.824327,17.30708,15.889985,15.871539,20.339125,23.459717,15.005937,15.107188,17.645277,17.536865,16.426323,16.340107,16.241697,16.125563,4.0,4.0,0.0,0.0,0.0,0.0,0.0,0.0
6574,2023.0,2.0,15.0,15.0,17.2886,18.040241,20.047318,22.31168,16.99114,17.559341,15.790825,15.790818,17.726425,18.00509,15.00573,15.113151,17.551737,17.451118,17.411467,18.311365,15.838601,15.69837,0.0,4.0,0.0,0.0,0.0,0.0,4.0,0.0
6575,2023.0,2.0,15.0,15.0,16.62707,16.828852,18.010258,18.284351,16.967028,17.54319,15.679287,15.684226,16.367865,16.24716,15.005708,15.119394,17.46452,17.3699,16.715578,16.707455,16.612162,17.393047,0.0,4.0,0.0,0.0,0.0,0.0,0.0,4.0
6576,2023.0,2.0,15.0,16.0,16.951479,17.672455,16.928833,16.977789,16.313116,16.358906,15.578159,15.586301,16.06835,15.98333,15.006325,15.129248,17.384504,17.295198,16.226646,16.099865,20.367407,23.834286,0.0,0.0,0.0,0.0,0.0,0.0,0.0,0.0
6577,2023.0,2.0,15.0,16.0,16.460384,16.6577,17.038895,17.45209,15.906492,15.829688,15.487012,15.495821,15.878284,15.802261,15.006794,15.1406555,17.309032,17.22286,16.057878,15.921275,17.4575,17.753338,4.0,0.0,0.0,0.0,0.0,0.0,0.0,0.0
6578,2023.0,2.0,15.0,16.0,16.069603,16.149849,20.267673,23.170374,16.42716,16.936209,15.403634,15.412824,15.703877,15.630397,15.007452,15.152622,17.237652,17.153831,15.941619,15.806101,16.006943,15.88781,0.0,4.0,0.0,0.0,0.0,0.0,0.0,0.0
6579,2023.0,2.0,15.0,16.0,16.66481,17.38676,18.483007,19.350807,16.037384,16.097382,15.327675,15.337704,15.554447,15.4861555,15.216486,15.542064,17.171856,17.090782,15.90337,15.83039,15.700396,15.620834,4.0,0.0,0.0,0.0,4.0,0.0,0.0,0.0
6580,2023.0,2.0,15.0,16.0,16.823395,17.586359,20.235832,22.7057,16.41886,16.935528,15.265646,15.275586,15.443526,15.3761425,19.901176,23.523237,17.947678,18.61354,15.852368,15.790391,15.542603,15.471461,4.0,4.0,0.0,0.0,0.0,4.0,0.0,0.0
6581,2023.0,2.0,15.0,16.0,16.847353,17.60606,20.040749,22.162663,15.991096,16.044046,15.949998,16.614607,16.120396,16.756659,17.556114,18.279789,17.368456,17.289885,15.784766,15.726545,15.372588,15.308899,4.0,0.0,4.0,4.0,0.0,0.0,0.0,0.0
6582,2023.0,2.0,15.0,17.0,16.199976,16.380209,20.072447,22.11305,16.304283,16.829414,15.602424,15.76621,20.388943,24.043024,15.826379,15.848936,17.78488,18.300781,15.718211,15.662385,15.22079,15.161244,4.0,4.0,0.0,4.0,0.0,4.0,0.0,0.0
6583,2023.0,2.0,15.0,17.0,16.577724,17.299644,20.084076,22.066944,16.484617,17.052298,15.178445,15.138193,20.01904,22.849607,15.476396,15.426135,18.008066,18.545511,16.784765,17.734146,15.085965,15.028506,0.0,4.0,0.0,4.0,0.0,4.0,4.0,0.0
6584,2023.0,2.0,15.0,17.0,16.10863,16.28058,18.206305,18.404444,16.486938,17.045198,15.025718,14.950737,20.10363,22.723776,15.30847,15.252575,17.298367,17.174839,16.092186,16.074957,15.950446,16.76745,0.0,4.0,0.0,0.0,0.0,0.0,0.0,4.0
6585,2023.0,2.0,15.0,17.0,16.493368,17.20188,17.456297,17.657328,16.48034,17.029148,15.764324,16.409819,17.70367,17.879246,15.577574,15.867739,16.952394,16.738667,16.713732,17.532766,20.327765,24.190115,4.0,4.0,4.0,0.0,4.0,0.0,4.0,0.0
6586,2023.0,2.0,15.0,17.0,16.690277,17.418081,20.329111,22.951641,16.469393,17.008741,15.969295,16.553734,16.418503,16.212887,20.326262,23.833908,17.628065,18.114311,16.044647,15.997329,17.175272,17.490887,0.0,4.0,4.0,0.0,0.0,4.0,0.0,0.0
6587,2023.0,2.0,15.0,17.0,16.706112,17.422493,18.427666,18.955389,16.455725,16.985723,15.962483,16.52192,16.7508,17.161463,17.725594,18.38396,17.871439,18.379066,15.618571,15.473538,15.621264,15.490768,4.0,4.0,4.0,4.0,0.0,4.0,0.0,0.0
6588,2023.0,2.0,15.0,18.0,16.708878,17.411274,20.234411,22.451355,16.44073,16.961325,15.980489,16.529018,20.331331,23.420475,16.419968,16.341917,17.156332,16.998503,15.498004,15.337467,15.415551,15.330924,0.0,4.0,4.0,0.0,0.0,0.0,0.0,0.0
6589,2023.0,2.0,15.0,18.0,20.796392,24.474752,18.524801,18.965622,20.68202,24.287058,20.97426,25.088625,17.677319,17.866518,16.047132,15.951101,21.311216,24.373917,21.613277,25.917955,16.316006,17.185818,4.0,0.0,4.0,0.0,0.0,4.0,4.0,4.0
6590,2023.0,2.0,15.0,18.0,21.099636,24.503021,20.241533,22.5559,21.110659,24.542614,21.058226,24.66225,16.271374,16.042072,15.807005,15.704181,21.21611,23.89862,21.503675,25.209558,20.395287,24.087334,0.0,0.0,4.0,0.0,0.0,0.0,0.0,4.0
6591,2023.0,2.0,15.0,18.0,21.108932,24.185127,18.487959,18.92812,21.085789,24.096169,21.123623,24.401049,16.044785,15.930103,15.627346,15.532381,21.690542,24.426043,22.173372,25.92914,20.021633,22.917187,4.0,4.0,0.0,0.0,0.0,0.0,0.0,4.0
6592,2023.0,2.0,15.0,18.0,21.137669,23.981476,20.280403,22.58256,21.143703,23.957243,21.135695,24.123343,15.903513,15.807544,15.478723,15.385527,21.045784,23.002924,21.030445,23.531792,20.107037,22.808308,0.0,4.0,4.0,0.0,0.0,0.0,0.0,0.0
6593,2023.0,2.0,15.0,18.0,21.07836,23.69148,18.51408,18.942041,21.082579,23.653008,21.111141,23.889277,15.750828,15.661571,15.357799,15.271642,21.071096,22.943474,22.290567,25.7622,17.524397,17.605568,4.0,4.0,0.0,0.0,0.0,0.0,0.0,0.0
6594,2023.0,2.0,15.0,19.0,21.138186,23.688557,20.238739,22.538511,21.143314,23.65922,21.136927,23.788462,15.618323,15.532395,15.252018,15.167736,21.11288,22.939743,21.871714,24.672777,16.25643,16.021845,0.0,0.0,0.0,0.0,0.0,0.0,0.0,0.0
6595,2023.0,2.0,15.0,19.0,21.07365,23.464214,18.180012,18.341923,21.09673,23.457037,21.10221,23.601484,15.506802,15.425573,15.162005,15.083054,21.061941,22.767483,20.939253,22.798048,15.878746,15.638204,0.0,0.0,0.0,0.0,0.0,0.0,0.0,0.0
6596,2023.0,2.0,15.0,19.0,21.097383,23.456429,17.5731,17.93446,21.072054,23.303686,21.060963,23.442905,16.23116,16.882639,15.082184,15.006299,21.060776,22.710045,21.092958,23.101986,16.810108,17.635502,4.0,4.0,4.0,4.0,0.0,0.0,0.0,4.0
6597,2023.0,2.0,15.0,19.0,21.152668,23.48163,20.280886,22.767193,21.162035,23.438265,21.160645,23.596216,20.297787,23.777037,15.0088005,14.933931,21.149385,22.824654,21.22618,23.326305,20.32198,23.562716,0.0,0.0,4.0,0.0,0.0,4.0,4.0,0.0
6598,2023.0,2.0,15.0,19.0,21.0946,23.329271,18.653929,19.336395,21.092312,23.23956,21.103973,23.426264,17.892225,18.497494,15.006016,14.981162,21.07738,22.638657,21.09425,23.045137,17.44097,17.536552,4.0,0.0,0.0,4.0,0.0,0.0,0.0,0.0
6599,2023.0,2.0,15.0,19.0,21.16288,23.41588,20.278582,22.608912,21.160452,23.359016,21.157393,23.47069,20.353907,23.347654,15.005472,15.010246,21.129644,22.692488,21.181074,23.179798,16.063736,15.82371,0.0,0.0,0.0,4.0,0.0,0.0,0.0,0.0
6600,2023.0,2.0,15.0,20.0,21.062033,23.149548,18.121918,18.22224,21.076662,23.167997,21.07211,23.227398,20.049103,22.448254,15.005528,15.031404,21.069622,22.529032,21.083672,22.945246,16.919432,17.750305,0.0,0.0,4.0,0.0,0.0,0.0,0.0,4.0
6601,2023.0,2.0,15.0,20.0,21.06601,23.124456,17.520214,17.8516,21.07582,23.144781,21.099798,23.262049,18.24163,18.715113,15.006141,15.048886,21.026281,22.417168,21.069809,22.910955,20.359211,23.52986,4.0,0.0,0.0,4.0,0.0,4.0,0.0,4.0
6602,2023.0,2.0,15.0,20.0,21.161356,23.286806,20.287645,22.791246,21.175442,23.303503,21.159409,23.341106,20.380135,22.825405,15.267428,15.547368,21.134113,22.619991,21.188486,23.13545,20.023952,22.527142,0.0,4.0,0.0,4.0,4.0,0.0,0.0,4.0
6603,2023.0,2.0,15.0,20.0,21.592632,23.871914,18.321976,18.715689,21.548843,23.831854,21.757786,24.085873,20.594067,22.899471,20.292866,23.832191,21.627827,23.256046,21.68166,23.839445,20.81119,23.46621,0.0,0.0,0.0,4.0,0.0,0.0,0.0,0.0
6604,2023.0,2.0,15.0,20.0,20.926186,22.633095,17.557714,17.930897,20.937477,22.64006,20.918392,22.65445,19.925312,21.554441,17.61909,18.237555,20.94171,22.043486,20.907799,22.385174,18.417822,18.526323,4.0,4.0,4.0,4.0,0.0,0.0,0.0,0.0
6605,2023.0,2.0,15.0,20.0,21.190075,23.194122,20.297047,22.764631,21.184748,23.133383,21.199484,23.277094,20.10792,21.885609,15.912958,15.854806,21.151144,22.506811,21.222752,23.047218,16.787933,16.491028,4.0,4.0,0.0,0.0,0.0,0.0,0.0,0.0
6606,2023.0,2.0,15.0,21.0,21.078245,22.966312,20.028435,22.003412,21.08816,22.95065,21.063423,22.969702,18.115341,18.002117,15.582132,15.482044,21.051235,22.32589,21.064047,22.740646,16.349457,16.04497,4.0,0.0,4.0,0.0,0.0,0.0,0.0,0.0
6607,2023.0,2.0,15.0,21.0,21.05558,22.89166,20.072529,21.940378,21.061136,22.86112,21.070557,22.973337,17.023037,16.665373,15.428008,15.325916,21.053226,22.339497,21.028887,22.647133,17.268955,18.053692,4.0,4.0,4.0,0.0,0.0,0.0,4.0,4.0
6608,2023.0,2.0,15.0,21.0,21.086199,22.965443,20.08295,21.87225,21.090221,22.92392,21.093525,23.025324,16.633339,16.271255,15.311038,15.210358,21.0528,22.340525,21.087763,22.77003,20.325108,23.204815,0.0,0.0,0.0,0.0,0.0,0.0,0.0,0.0
6609,2023.0,2.0,15.0,21.0,21.054363,22.869371,18.53201,18.802498,21.059748,22.82389,21.087852,22.992756,16.555689,16.39004,15.215504,15.118058,21.052477,22.337101,21.077335,22.723244,17.653625,17.66474,4.0,4.0,0.0,0.0,0.0,0.0,0.0,0.0
6610,2023.0,2.0,15.0,21.0,21.059917,22.871733,20.236462,22.308704,21.089396,22.886791,21.088022,22.970997,17.246067,17.828907,15.130059,15.03202,21.05236,22.331078,21.077799,22.698284,16.366709,16.06933,4.0,0.0,0.0,4.0,0.0,0.0,0.0,0.0
6611,2023.0,2.0,15.0,21.0,21.059088,22.860464,20.036507,21.764212,21.083235,22.854101,21.046232,22.882877,20.33293,23.081264,15.054504,14.956751,21.022682,22.246267,21.063372,22.673092,16.20067,16.066816,4.0,0.0,4.0,0.0,0.0,4.0,0.0,0.0
6612,2023.0,2.0,15.0,22.0,21.0585,22.847626,20.085754,21.784407,21.08347,22.833487,21.077494,22.974339,17.78183,17.757385,14.9988365,14.91177,21.042004,22.255377,21.064756,22.672241,16.073357,15.957076,0.0,0.0,0.0,0.0,0.0,4.0,0.0,0.0
6613,2023.0,2.0,15.0,22.0,21.058098,22.833979,18.262396,18.225592,21.065636,22.812426,21.088873,22.960941,16.511002,16.169302,15.231742,15.382872,21.069124,22.305727,21.064116,22.663958,16.744207,17.36762,0.0,0.0,0.0,0.0,4.0,0.0,0.0,4.0
6614,2023.0,2.0,15.0,22.0,21.403429,23.296259,17.407059,17.299698,21.550943,23.457245,21.59992,23.672726,16.392206,16.234182,20.321898,23.805769,21.525425,22.882944,21.45188,23.204699,21.074366,24.501179,0.0,4.0,4.0,0.0,0.0,0.0,0.0,4.0
6615,2023.0,2.0,15.0,22.0,21.066235,22.788174,17.60186,17.88642,20.995296,22.584564,20.93114,22.444073,16.937828,17.375025,17.66059,18.23388,21.021198,22.096216,21.049786,22.55665,19.870726,21.994196,4.0,0.0,4.0,4.0,0.0,4.0,0.0,4.0
6616,2023.0,2.0,15.0,22.0,21.155996,22.963367,20.278969,22.640461,21.166643,22.91686,21.183636,22.988539,20.416887,23.249853,16.290197,16.474115,21.130167,22.332724,21.25998,22.95505,20.122988,22.309174,0.0,0.0,0.0,0.0,4.0,0.0,4.0,0.0
6617,2023.0,2.0,15.0,22.0,21.161957,22.962536,18.41452,18.759296,21.161572,22.892344,21.161238,22.92611,17.723711,17.707317,20.473537,23.605988,21.129776,22.320284,21.19489,22.827026,17.80317,17.678137,0.0,0.0,4.0,0.0,4.0,0.0,0.0,0.0
6618,2023.0,2.0,15.0,23.0,21.076387,22.777517,17.253538,17.189425,21.062632,22.713646,21.088787,22.796242,16.421371,16.071123,20.012945,22.537558,21.062065,22.17211,21.072664,22.559069,17.47017,17.832064,0.0,0.0,0.0,0.0,0.0,0.0,0.0,4.0
6619,2023.0,2.0,15.0,23.0,20.079224,20.855717,16.950842,16.845661,19.488667,19.705206,19.140957,19.055792,16.313248,16.146608,17.897486,18.208862,19.81942,19.800735,19.220978,18.984184,17.471428,17.830929,0.0,0.0,0.0,0.0,0.0,0.0,0.0,4.0
6620,2023.0,2.0,15.0,23.0,19.384684,19.7563,16.790209,16.670837,18.684296,18.556934,18.207811,17.74436,16.248775,16.115608,16.923521,16.77171,19.303234,19.104946,19.74446,20.445133,16.704668,16.467384,0.0,0.0,0.0,0.0,0.0,0.0,4.0,0.0
6621,2023.0,2.0,15.0,23.0,18.453558,18.241087,16.656637,16.537268,18.333431,18.17945,18.086885,17.882769,16.14422,16.017822,16.92476,17.02202,19.073002,18.875767,18.661245,18.356993,16.296368,15.963706,0.0,0.0,0.0,0.0,4.0,0.0,0.0,0.0
6622,2023.0,2.0,15.0,23.0,17.985504,17.675316,16.53618,16.41388,18.071266,17.910513,17.913439,17.766459,16.671747,17.102749,16.869804,17.025236,18.88088,18.684202,18.09678,17.653936,16.07321,15.732701,0.0,0.0,0.0,4.0,4.0,0.0,0.0,0.0
6623,2023.0,2.0,15.0,23.0,17.726223,17.424627,16.430672,16.309584,17.858873,17.70145,17.706045,17.565502,16.19936,16.10693,16.243238,15.934574,19.509142,20.027475,17.828512,17.394302,16.086906,15.935829,0.0,0.0,0.0,0.0,0.0,4.0,0.0,0.0
6624,2023.0,2.0,16.0,0.0,17.777246,17.748652,16.335175,16.21551,17.675165,17.52177,17.521677,17.385866,15.977196,15.851635,15.855491,15.443748,18.604223,18.226444,18.630545,19.109285,16.017786,15.895445,0.0,0.0,0.0,0.0,0.0,0.0,4.0,0.0
6625,2023.0,2.0,16.0,0.0,17.699953,17.721712,16.24624,16.127232,17.51151,17.360344,17.354973,17.221989,15.881929,15.758949,16.158968,16.220602,18.204142,17.718204,17.826258,17.497952,15.916225,15.799065,0.0,0.0,0.0,0.0,4.0,0.0,0.0,0.0
6626,2023.0,2.0,16.0,0.0,17.569496,17.59455,16.163065,16.044157,17.364183,17.214046,17.203754,17.072227,15.794706,15.672287,15.955594,15.834967,18.808308,19.018003,17.433582,17.01947,15.818993,15.703829,0.0,0.0,0.0,0.0,0.0,4.0,0.0,0.0
6627,2023.0,2.0,16.0,0.0,17.439047,17.45722,16.079424,15.953894,17.221481,17.062748,17.056952,16.916739,15.710507,15.579828,15.743849,15.58019,18.897345,19.11385,17.23622,16.816557,15.724315,15.605861,0.0,0.0,0.0,0.0,0.0,4.0,0.0,0.0
6628,2023.0,2.0,16.0,0.0,17.33596,17.364683,16.015337,15.897348,17.112247,16.966047,16.944296,16.817072,16.222178,16.602415,15.638314,15.487375,18.18361,17.783764,17.30912,17.125662,16.376123,16.905397,0.0,0.0,0.0,4.0,0.0,0.0,0.0,4.0
6629,2023.0,2.0,16.0,0.0,17.234037,17.264572,15.949151,15.831924,17.003567,16.859747,16.83218,16.707409,15.795919,15.690079,15.535632,15.387662,17.874598,17.3953,17.25803,17.102964,15.828968,15.741927,0.0,0.0,0.0,0.0,0.0,0.0,0.0,0.0
6630,2023.0,2.0,16.0,1.0,17.135973,17.163654,15.883893,15.764292,16.89919,16.753183,16.724821,16.597597,15.419124,15.086298,15.439201,15.289813,17.716162,17.22928,17.16441,17.011333,15.437374,15.129887,0.0,0.0,0.0,0.0,0.0,0.0,0.0,0.0
6631,2023.0,2.0,16.0,1.0,17.059155,17.098242,15.826157,15.708172,16.80794,16.665195,16.631044,16.506927,15.2714405,14.918087,15.355882,15.209898,17.879917,17.682112,17.072758,16.916765,15.284511,14.961216,0.0,0.0,0.0,0.0,0.0,0.0,0.0,0.0
6632,2023.0,2.0,16.0,1.0,16.993717,17.047503,15.774915,15.661734,16.728096,16.593046,16.548895,16.43251,15.371554,15.21556,15.2818575,15.138973,17.851612,17.66452,16.991964,16.839457,16.13669,16.684309,0.0,0.0,0.0,0.0,0.0,0.0,0.0,4.0
6633,2023.0,2.0,16.0,1.0,16.923304,16.980309,15.723134,15.611287,16.649382,16.516861,16.467825,16.353884,15.374984,15.241939,15.210086,15.066633,17.788729,17.60287,16.913666,16.760891,15.460628,15.205475,0.0,0.0,0.0,0.0,0.0,0.0,0.0,0.0
6634,2023.0,2.0,16.0,1.0,16.853987,16.911154,15.672834,15.561151,16.57454,16.442835,16.390886,16.27755,15.920966,16.305136,15.142727,14.997418,17.724968,17.537613,16.83963,16.685349,15.181213,14.858842,0.0,0.0,0.0,4.0,0.0,0.0,0.0,0.0
6635,2023.0,2.0,16.0,1.0,16.790356,16.848873,15.62588,15.515268,16.505875,16.37632,16.320183,16.208914,15.501453,15.387612,15.380445,15.494476,17.665197,17.477514,16.771925,16.617485,15.082899,14.763117,0.0,0.0,0.0,0.0,4.0,0.0,0.0,0.0
6636,2023.0,2.0,16.0,2.0,16.731892,16.792679,16.055292,16.35662,16.442795,16.316692,16.255037,16.147274,15.7108135,15.86103,15.162999,15.043951,17.610016,17.423216,17.729187,18.474184,15.178139,15.03936,4.0,0.0,0.0,4.0,0.0,0.0,4.0,0.0
6637,2023.0,2.0,16.0,2.0,16.675236,16.736578,15.805744,15.821261,16.381828,16.257227,16.191826,16.085665,15.2503395,14.9308815,15.031732,14.885929,17.556702,17.369555,16.826872,16.545492,15.175827,15.052279,0.0,0.0,0.0,0.0,0.0,0.0,0.0,0.0
6638,2023.0,2.0,16.0,2.0,16.616545,16.673399,15.587517,15.473151,16.318405,16.189217,16.125761,16.014977,15.03059,14.666565,15.001895,14.880059,17.50237,17.311129,16.470118,16.072393,15.132924,15.006347,0.0,0.0,0.0,0.0,0.0,0.0,0.0,0.0
6639,2023.0,2.0,16.0,2.0,16.56039,16.619051,15.517439,15.406007,16.258844,16.132938,16.063911,15.956548,15.159668,15.020548,15.007363,14.925637,17.449589,17.259117,16.340557,15.949295,15.088597,14.962215,0.0,0.0,0.0,0.0,0.0,0.0,0.0,0.0
6640,2023.0,2.0,16.0,2.0,16.507994,16.569328,15.464047,15.354881,16.202837,16.080574,16.006084,15.902363,15.164834,15.025897,15.0053005,14.9476795,17.400282,17.211315,16.45846,16.29267,15.782637,16.30742,0.0,0.0,0.0,0.0,0.0,0.0,0.0,4.0
6641,2023.0,2.0,16.0,2.0,16.456059,16.51746,15.414452,15.304961,16.147432,16.025898,15.949582,15.846206,15.127127,14.989039,15.006401,14.969845,17.351784,17.162382,16.464918,16.308023,15.354074,15.261529,0.0,0.0,0.0,0.0,0.0,0.0,0.0,0.0
6642,2023.0,2.0,16.0,3.0,16.406143,16.466965,15.368346,15.258213,16.094454,15.973056,15.895771,15.792188,15.086641,14.947741,15.006839,14.986558,17.305332,17.115181,16.416199,16.259787,15.641881,15.962043,0.0,0.0,0.0,0.0,0.0,0.0,0.0,4.0
6643,2023.0,2.0,16.0,3.0,16.360834,16.423384,15.32742,15.21909,16.046452,15.927524,15.847369,15.74582,15.049486,14.911394,15.006993,14.999884,17.262817,17.073841,16.367477,16.21234,15.0878105,14.775285,0.0,0.0,0.0,0.0,0.0,0.0,0.0,0.0
6644,2023.0,2.0,16.0,3.0,16.318253,16.3828,15.289578,15.183444,16.00152,15.885382,15.801994,15.702931,15.014976,14.8779335,15.007204,15.011231,17.222864,17.03534,17.35398,18.110378,15.553783,15.881716,0.0,0.0,0.0,0.0,0.0,0.0,4.0,4.0
6645,2023.0,2.0,16.0,3.0,16.27683,16.342648,15.253055,15.148469,15.958798,15.844279,15.758343,15.660853,15.001406,14.881743,15.007431,15.021122,17.184053,16.997322,16.569313,16.274487,15.004104,14.790047,0.0,0.0,0.0,0.0,0.0,0.0,0.0,0.0
6646,2023.0,2.0,16.0,3.0,16.233786,16.297606,15.214486,15.107797,15.913972,15.7973795,15.712447,15.61276,15.002858,14.906694,15.013595,15.04244,17.144623,16.956545,16.108295,15.720854,15.015811,14.910484,0.0,0.0,0.0,0.0,0.0,0.0,0.0,0.0
6647,2023.0,2.0,16.0,3.0,16.195585,16.260729,15.180905,15.075733,15.874034,15.759355,15.671794,15.573882,15.004073,14.923114,15.15094,15.297466,17.108976,16.921902,15.995923,15.614936,15.01552,14.90565,0.0,0.0,0.0,0.0,4.0,0.0,0.0,0.0
6648,2023.0,2.0,16.0,4.0,16.159082,16.225958,15.150015,15.047506,15.836332,15.724892,15.633746,15.538841,15.003708,14.933571,15.201371,15.347412,17.07511,16.889614,16.149008,16.007671,15.00313,14.91865,0.0,0.0,0.0,0.0,4.0,0.0,0.0,0.0
6649,2023.0,2.0,16.0,4.0,16.12166,16.187754,15.118341,15.016385,15.79784,15.687665,15.595025,15.501111,15.003676,14.944443,14.971233,14.950472,17.041027,16.855808,16.153227,16.000526,15.006209,14.949979,0.0,0.0,0.0,0.0,0.0,0.0,0.0,0.0
6650,2023.0,2.0,16.0,4.0,16.084957,16.150616,15.085844,14.983099,15.758803,15.648458,15.5557785,15.46151,15.007164,14.962982,15.014977,15.061921,17.0074,16.822186,16.116817,15.964318,15.007161,14.974938,0.0,0.0,0.0,0.0,0.0,0.0,0.0,0.0
6651,2023.0,2.0,16.0,4.0,16.0629,16.141808,15.057566,14.957834,15.724319,15.617586,15.521116,15.430298,15.500478,15.893283,15.006304,15.044678,16.976372,16.792997,16.080833,15.930208,15.00462,14.983298,0.0,0.0,0.0,4.0,0.0,0.0,0.0,0.0
6652,2023.0,2.0,16.0,4.0,16.033623,16.113108,15.027673,14.928679,15.68837,15.58292,15.485023,15.395316,15.137312,15.03578,15.009065,15.058527,16.944841,16.762117,16.04447,15.894634,15.62212,16.157055,0.0,0.0,0.0,0.0,0.0,0.0,0.0,4.0
6653,2023.0,2.0,16.0,4.0,16.001127,16.07995,14.999555,14.904268,15.652722,15.548092,15.449752,15.360407,15.52243,15.910441,15.008986,15.065269,16.913532,16.731087,16.008738,15.859338,15.160018,15.076777,0.0,0.0,0.0,4.0,0.0,0.0,0.0,0.0
6654,2023.0,2.0,16.0,5.0,15.967282,16.04358,15.002826,14.932662,15.616113,15.510723,15.413591,15.323177,15.536448,15.722516,15.009325,15.072027,16.881845,16.698816,15.97275,15.822626,15.015205,14.967909,0.0,0.0,0.0,4.0,0.0,0.0,0.0,0.0
6655,2023.0,2.0,16.0,5.0,15.935209,16.0103,15.002557,14.95066,15.5816765,15.477145,15.379506,15.2897005,14.945475,14.73847,15.009552,15.078238,16.851164,16.668028,15.938595,15.788773,15.427371,15.7535515,0.0,0.0,0.0,0.0,0.0,0.0,0.0,4.0
6656,2023.0,2.0,16.0,5.0,15.900486,15.972713,15.003095,14.9681835,15.545992,15.440871,15.344459,15.253682,15.026007,14.931534,15.009886,15.084152,16.819517,16.635386,15.903816,15.753261,14.947556,14.811043,0.0,0.0,0.0,0.0,0.0,0.0,0.0,0.0
6657,2023.0,2.0,16.0,5.0,15.865083,15.934183,15.00341,14.9836445,15.510586,15.404837,15.309707,15.218047,15.010909,14.924241,15.009792,15.088924,16.788204,16.603174,15.86966,15.718532,15.410795,15.731015,0.0,0.0,0.0,0.0,0.0,0.0,0.0,4.0
6658,2023.0,2.0,16.0,5.0,15.829584,15.895729,15.003863,14.998156,15.475482,15.369055,15.275499,15.182788,15.004922,14.944624,15.010112,15.094133,16.757116,16.571192,15.835885,15.684018,14.948934,14.813986,0.0,0.0,0.0,0.0,0.0,0.0,0.0,0.0
6659,2023.0,2.0,16.0,5.0,15.793454,15.856002,15.007873,15.019808,15.438147,15.328519,15.239086,15.143053,15.008191,14.976683,15.0196495,15.117464,16.725122,16.53718,15.801334,15.647551,15.024594,15.020908,0.0,0.0,0.0,0.0,0.0,0.0,0.0,0.0
6660,2023.0,2.0,16.0,6.0,15.766285,15.833595,15.003921,15.022407,15.4060135,15.29816,15.207555,15.113013,15.4792,15.872469,15.009119,15.099617,16.695824,16.508284,15.769739,15.616575,15.002062,14.988623,0.0,0.0,0.0,4.0,0.0,0.0,0.0,0.0
6661,2023.0,2.0,16.0,6.0,20.77353,24.483595,15.005107,15.035896,20.729006,24.578247,20.564917,24.453081,20.156271,23.834469,15.011059,15.107787,20.693136,23.28776,21.272427,24.917728,15.008324,15.02398,0.0,0.0,0.0,0.0,0.0,0.0,0.0,0.0
6662,2023.0,2.0,16.0,6.0,21.031076,24.390806,15.005184,15.046007,21.017542,24.465668,21.041979,24.667614,17.056606,17.133131,15.010771,15.110202,21.442595,24.378002,22.038073,25.821629,15.007036,15.036624,0.0,0.0,0.0,0.0,0.0,0.0,0.0,0.0
6663,2023.0,2.0,16.0,6.0,21.090506,24.118397,15.005625,15.056198,21.097116,24.181496,21.097715,24.318707,15.451067,15.07608,15.010947,15.111479,21.940882,24.898874,22.807535,26.709663,15.007253,15.044504,0.0,0.0,0.0,0.0,0.0,0.0,0.0,0.0
6664,2023.0,2.0,16.0,6.0,21.083996,23.839663,15.005884,15.065969,21.087627,23.862581,21.092266,23.99769,15.373387,15.20219,15.010861,15.11284,20.980803,22.877178,23.211964,26.976402,15.596523,16.154259,0.0,0.0,0.0,0.0,0.0,0.0,0.0,4.0
6665,2023.0,2.0,16.0,6.0,21.083704,23.653463,15.006354,15.075562,21.087381,23.65219,21.091839,23.78107,15.321399,15.169307,15.010916,15.113664,21.077032,22.935637,20.867414,22.528954,20.090631,23.729118,0.0,0.0,0.0,0.0,0.0,0.0,0.0,0.0
6666,2023.0,2.0,16.0,7.0,21.081598,23.514137,15.006683,15.084494,21.084972,23.494192,21.088997,23.617674,15.222306,15.06933,15.011007,15.114662,21.064705,22.806334,21.069927,22.894335,16.936634,16.955746,0.0,0.0,0.0,0.0,0.0,0.0,4.0,0.0
6667,2023.0,2.0,16.0,7.0,21.077934,23.4055,15.007092,15.093213,21.080536,23.37088,21.084652,23.491358,15.133609,14.978559,15.0111065,15.115778,21.06271,22.72125,21.053497,22.814774,15.411928,15.059305,0.0,0.0,0.0,0.0,0.0,0.0,4.0,0.0
6668,2023.0,2.0,16.0,7.0,21.078144,23.327227,15.287018,15.612187,21.08107,23.28186,21.085236,23.401066,15.830646,16.355793,15.140729,15.343074,21.062735,22.656345,21.094118,22.879107,15.328245,15.17184,4.0,0.0,0.0,4.0,4.0,0.0,0.0,0.0
6669,2023.0,2.0,16.0,7.0,21.154501,23.41691,19.87128,23.38674,21.154823,23.358614,21.154867,23.468534,21.018133,24.987598,20.10529,23.756851,21.124496,22.727802,21.176535,22.995874,16.30425,17.093945,0.0,0.0,0.0,4.0,4.0,0.0,0.0,4.0
6670,2023.0,2.0,16.0,7.0,21.075626,23.20427,17.446917,18.019636,21.05467,23.08065,21.082561,23.26144,21.264515,24.760365,20.015587,23.089682,21.060898,22.556055,21.084757,22.765757,20.54802,24.192503,0.0,4.0,0.0,4.0,0.0,0.0,0.0,0.0
6671,2023.0,2.0,16.0,7.0,21.04925,23.08803,16.165806,16.487577,21.058668,23.047535,21.081163,23.207188,19.91847,21.986845,17.776108,18.35896,21.060383,22.519333,21.084156,22.726524,17.295435,17.290834,4.0,4.0,0.0,4.0,4.0,0.0,0.0,0.0
6672,2023.0,2.0,16.0,8.0,21.732384,24.092497,20.227392,23.574509,21.994759,24.458366,21.494686,23.76226,21.091866,23.744118,20.228937,23.08631,21.578402,23.271784,21.798956,23.942709,16.63529,17.04856,0.0,0.0,4.0,0.0,0.0,4.0,0.0,4.0
6673,2023.0,2.0,16.0,8.0,19.463337,19.855896,17.804401,18.369738,19.899069,20.20278,19.144524,19.34487,18.49882,18.449091,17.578722,17.559855,19.703382,19.7128,19.906073,20.008474,20.473019,23.54599,0.0,4.0,0.0,0.0,0.0,0.0,0.0,0.0
6674,2023.0,2.0,16.0,8.0,17.991371,17.704578,16.222143,16.19867,17.986599,17.506899,17.605085,17.138685,16.832443,16.353031,16.65306,16.760292,18.497606,17.954575,19.598053,20.272013,17.435896,17.385038,0.0,0.0,0.0,0.0,4.0,0.0,4.0,0.0
6675,2023.0,2.0,16.0,8.0,18.199598,18.418211,15.878386,15.739558,17.428616,16.825663,17.110107,16.541874,16.676552,16.413166,20.323889,23.185633,18.115631,17.516712,18.376017,17.97631,17.268148,17.607553,0.0,0.0,0.0,0.0,0.0,0.0,0.0,4.0
6676,2023.0,2.0,16.0,8.0,17.533798,17.249624,15.660378,15.508037,17.73672,17.72411,17.078686,16.824753,16.510403,16.299301,17.98716,18.323866,18.14306,17.847347,17.640318,17.136778,20.415918,23.009844,0.0,4.0,0.0,0.0,0.0,0.0,0.0,4.0
6677,2023.0,2.0,16.0,8.0,17.768908,18.043346,15.497493,15.340616,17.131971,16.650108,16.967205,16.775724,17.050226,17.519182,16.907177,17.05697,18.875778,19.351755,18.351618,18.767475,20.02489,22.157465,0.0,0.0,0.0,4.0,4.0,4.0,4.0,4.0
6678,2023.0,2.0,16.0,9.0,17.157795,16.899536,15.836629,16.085255,17.34673,17.375933,16.783028,16.600958,20.985186,24.44077,20.300644,23.043264,18.72387,18.891384,17.588932,17.181425,21.191624,23.877905,4.0,4.0,0.0,4.0,4.0,4.0,0.0,4.0
6679,2023.0,2.0,16.0,9.0,16.736462,16.40751,20.201956,23.626122,17.452223,17.571342,17.328316,17.769255,21.424381,24.58237,20.054323,22.294552,18.584291,18.74803,17.066605,16.603096,20.916544,23.211332,0.0,4.0,4.0,0.0,0.0,4.0,0.0,4.0
6680,2023.0,2.0,16.0,9.0,17.272858,17.583132,18.071041,18.902325,17.385273,17.523052,16.933388,16.935213,18.42712,18.408981,17.691206,17.546595,17.862951,17.438278,16.846401,16.390594,19.919647,21.304585,4.0,4.0,0.0,0.0,0.0,0.0,0.0,4.0
6681,2023.0,2.0,16.0,9.0,17.460932,17.84774,20.14791,22.981503,16.671669,16.265379,16.248957,15.833761,16.790688,16.331131,16.630327,16.381151,17.442556,16.932055,18.001814,18.756481,20.075256,21.648796,0.0,0.0,0.0,0.0,0.0,0.0,4.0,4.0
6682,2023.0,2.0,16.0,9.0,17.451263,17.856592,17.947783,18.319384,16.263432,15.77081,15.942436,15.471937,16.579998,16.337446,16.382051,16.155949,17.265697,16.75668,18.138912,18.630512,20.086971,21.71422,4.0,0.0,0.0,0.0,0.0,0.0,4.0,0.0
6683,2023.0,2.0,16.0,9.0,16.72403,16.527592,20.202646,22.953817,16.092196,15.6062155,16.78,17.204535,16.439907,16.240524,16.563715,16.700432,17.92971,18.131207,18.091902,18.5792,18.072927,17.84392,0.0,0.0,4.0,0.0,4.0,4.0,4.0,0.0
6684,2023.0,2.0,16.0,10.0,17.075033,17.436306,17.710768,17.769735,16.939186,17.349186,16.283554,16.052477,16.261889,16.076157,20.40133,23.172726,18.157913,18.377903,17.148933,16.806063,17.004776,16.559818,0.0,4.0,0.0,0.0,0.0,4.0,0.0,0.0
6685,2023.0,2.0,16.0,10.0,16.626032,16.502357,16.94275,17.198734,16.463316,16.238491,15.801502,15.399016,16.106512,15.932737,18.055159,18.415976,17.452332,17.04096,16.685179,16.282541,16.601145,16.160513,4.0,0.0,0.0,0.0,0.0,0.0,0.0,0.0
6686,2023.0,2.0,16.0,10.0,16.327742,16.090796,20.293251,23.115942,16.070753,15.65251,16.360918,16.548664,15.995986,15.829882,16.949108,16.736916,17.971277,18.198881,16.541595,16.14494,16.580404,16.361439,0.0,0.0,4.0,0.0,0.0,4.0,0.0,0.0
6687,2023.0,2.0,16.0,10.0,16.174917,15.938275,18.153868,18.624258,16.59107,16.769335,16.614365,16.900604,15.885918,15.732436,16.600891,16.391342,17.460224,17.075611,16.428322,16.0487,16.47031,16.299194,0.0,4.0,4.0,0.0,0.0,0.0,0.0,0.0
6688,2023.0,2.0,16.0,10.0,17.086012,17.766724,17.492699,17.778376,16.122103,15.838745,15.983507,15.716719,15.804455,15.658923,16.409636,16.206802,17.198597,16.751474,17.637821,18.43965,16.337685,16.17995,4.0,0.0,0.0,0.0,0.0,0.0,4.0,0.0
6689,2023.0,2.0,16.0,10.0,17.120224,17.650984,20.236677,22.799297,16.545965,16.762062,16.394917,16.631128,15.730142,15.593182,16.656195,16.820406,17.892033,18.160429,16.78702,16.555914,17.154215,17.84391,4.0,4.0,4.0,0.0,4.0,4.0,0.0,4.0
6690,2023.0,2.0,16.0,11.0,17.082975,17.600958,20.044477,22.161518,16.78714,17.101002,15.96116,15.717165,16.437784,17.000622,20.415989,23.206335,18.14226,18.441303,16.321005,15.994737,21.300232,24.840004,4.0,4.0,0.0,4.0,0.0,4.0,0.0,0.0
6691,2023.0,2.0,16.0,11.0,16.452372,16.406353,20.095493,22.11102,16.157177,15.914167,16.32319,16.591688,20.358913,23.668495,18.109015,18.459902,18.183708,18.487148,17.26688,17.871338,18.231323,18.346489,0.0,0.0,4.0,0.0,0.0,4.0,4.0,0.0
6692,2023.0,2.0,16.0,11.0,16.838785,17.332903,18.356018,18.637524,16.501408,16.759312,16.556782,16.906763,18.031458,18.563341,16.794308,16.687794,18.21813,18.526417,16.660267,16.418568,17.562498,18.043058,4.0,4.0,4.0,4.0,0.0,4.0,0.0,4.0
6693,2023.0,2.0,16.0,11.0,16.331427,16.299332,20.242725,22.296772,16.681402,17.030403,16.584282,16.942438,20.42325,22.841515,16.912748,17.096325,17.507532,17.175703,16.36549,16.041485,20.33793,22.954449,0.0,4.0,4.0,0.0,4.0,0.0,0.0,0.0
6694,2023.0,2.0,16.0,11.0,16.00979,15.88278,18.488657,18.754694,16.091171,15.90589,15.989985,15.828172,17.926355,17.900606,20.408577,23.068085,17.173666,16.780634,16.253685,15.938365,17.849455,17.816652,4.0,0.0,0.0,0.0,0.0,0.0,0.0,0.0
6695,2023.0,2.0,16.0,11.0,16.649576,17.15938,20.237972,22.417048,16.434742,16.731844,15.626028,15.339769,16.681854,16.329899,18.474962,19.048342,17.855043,18.167751,16.17014,15.86351,16.67242,16.357624,0.0,4.0,0.0,0.0,4.0,4.0,0.0,0.0
6696,2023.0,2.0,16.0,12.0,16.266117,16.269655,18.15887,18.19549,16.02914,15.857669,15.4956875,15.200581,16.51486,16.331678,20.272692,22.622614,17.372086,17.06578,16.259247,16.117186,17.461824,18.142208,0.0,0.0,0.0,0.0,0.0,0.0,0.0,4.0
6697,2023.0,2.0,16.0,12.0,21.282715,25.213648,17.592846,17.875696,21.230217,25.115685,21.251274,25.38551,17.19104,17.743252,18.052958,18.038511,21.238194,23.894148,22.08767,25.98891,20.332705,23.013878,4.0,4.0,4.0,4.0,0.0,0.0,0.0,0.0
6698,2023.0,2.0,16.0,12.0,21.049503,24.184532,20.246624,22.694166,21.045835,24.156492,21.039389,24.316269,20.335701,23.083029,16.985014,16.803566,21.35201,23.796478,22.396315,26.029415,17.82257,17.80738,0.0,4.0,4.0,4.0,0.0,0.0,0.0,0.0
6699,2023.0,2.0,16.0,12.0,21.085077,23.882551,18.663658,19.327755,21.113503,23.917192,21.117706,24.0695,20.047956,22.213507,16.757467,16.589127,20.990322,22.867514,21.880888,24.677956,16.640665,16.322897,4.0,0.0,0.0,0.0,0.0,4.0,4.0,0.0
6700,2023.0,2.0,16.0,12.0,21.1496,23.783352,20.276686,22.552666,21.138577,23.685534,21.140957,23.834896,17.877048,17.813358,16.570135,16.406733,21.131279,22.95738,21.853004,24.271526,16.515162,16.367521,0.0,4.0,0.0,0.0,0.0,4.0,4.0,0.0
6701,2023.0,2.0,16.0,12.0,21.066118,23.419655,18.477373,18.830244,21.076218,23.377357,21.098993,23.552725,16.787237,16.446182,16.419907,16.2684,21.047241,22.650148,20.91063,22.399456,17.437836,18.218676,4.0,4.0,0.0,0.0,0.0,4.0,4.0,4.0
6702,2023.0,2.0,16.0,13.0,21.157377,23.496511,20.245296,22.506907,21.158022,23.4292,21.150244,23.528477,16.663845,16.500896,16.291466,16.145834,21.127409,22.724794,21.215483,23.017849,20.330929,23.074703,0.0,0.0,4.0,0.0,0.0,0.0,0.0,0.0
6703,2023.0,2.0,16.0,13.0,21.086327,23.255276,18.486847,18.847122,21.0658,23.122133,21.060595,23.267235,17.357307,17.922182,16.184607,16.049149,21.038448,22.440718,21.072645,22.698578,18.491716,19.077103,4.0,4.0,4.0,4.0,0.0,4.0,0.0,4.0
6704,2023.0,2.0,16.0,13.0,21.156803,23.31977,20.244507,22.497778,21.16308,23.260923,21.159145,23.371077,20.325443,22.939693,16.090837,15.960597,21.131271,22.58393,21.18663,22.892635,20.319702,22.72435,0.0,0.0,4.0,4.0,0.0,0.0,0.0,0.0
6705,2023.0,2.0,16.0,13.0,21.042528,23.038898,18.501068,18.864986,21.08589,23.041157,21.094637,23.188011,20.046202,22.10184,16.012411,15.8905,21.064234,22.392525,21.07312,22.6303,18.014397,17.980774,4.0,0.0,0.0,0.0,0.0,0.0,0.0,0.0
6706,2023.0,2.0,16.0,13.0,21.088976,23.097027,20.240976,22.461954,21.085098,22.987692,21.064745,23.049099,17.985603,17.926662,15.943439,15.826493,21.063616,22.345848,21.060007,22.60047,16.918955,16.626694,4.0,0.0,4.0,0.0,0.0,0.0,0.0,0.0
6707,2023.0,2.0,16.0,13.0,21.078255,23.029686,20.023777,21.846457,21.041832,22.871567,21.092625,23.079113,16.940857,16.618614,15.883145,15.770491,21.048494,22.304415,21.020092,22.484997,16.791073,16.662271,4.0,4.0,0.0,0.0,0.0,0.0,4.0,0.0
6708,2023.0,2.0,16.0,14.0,21.158682,23.141346,20.133514,21.937357,21.125776,22.993906,21.171453,23.184069,16.833736,16.69158,15.834025,15.725914,21.101816,22.391502,21.143866,22.737852,16.677032,16.558035,4.0,4.0,0.0,0.0,0.0,0.0,0.0,0.0
6709,2023.0,2.0,16.0,14.0,19.445133,19.819277,20.052584,21.703293,19.610643,20.03835,19.82281,20.536816,17.481417,18.021868,15.798612,15.699011,20.426085,21.034327,19.329704,19.184647,16.562733,16.460844,4.0,4.0,4.0,4.0,0.0,4.0,0.0,0.0
6710,2023.0,2.0,16.0,14.0,19.156483,19.89165,20.061995,21.671068,18.847776,19.145075,18.873156,19.22355,20.308792,22.825397,15.765278,15.670661,19.203028,18.92407,18.399315,18.071096,16.454567,16.359112,4.0,4.0,4.0,0.0,0.0,0.0,0.0,0.0
6711,2023.0,2.0,16.0,14.0,19.134018,19.907429,20.059456,21.627478,18.60739,18.915117,18.526342,18.861757,18.059729,18.11294,15.737283,15.647544,18.652128,18.273462,18.218946,18.0526,17.302662,18.047398,4.0,4.0,4.0,0.0,0.0,0.0,0.0,4.0
6712,2023.0,2.0,16.0,14.0,18.78077,19.335833,20.076069,21.644516,18.441557,18.768852,17.710863,17.523973,17.637417,17.997593,15.713175,15.627873,18.42393,18.051321,18.06624,17.928915,20.340199,23.142462,0.0,4.0,0.0,4.0,0.0,0.0,0.0,0.0
6713,2023.0,2.0,16.0,14.0,18.583422,19.134748,18.444021,18.49422,17.688208,17.495878,17.226843,16.95986,20.376421,22.68266,15.692478,15.611729,19.231487,19.763239,17.897942,17.77142,17.891754,17.981667,0.0,0.0,0.0,0.0,0.0,4.0,0.0,0.0
6714,2023.0,2.0,16.0,15.0,18.48077,19.042578,17.630638,17.587574,17.898478,18.191708,17.656193,17.973333,18.721506,19.229376,16.02791,16.257608,19.296564,19.67062,17.749317,17.630539,17.640917,18.208479,0.0,4.0,4.0,4.0,4.0,4.0,0.0,4.0
6715,2023.0,2.0,16.0,15.0,17.77977,17.795698,17.405142,17.35619,17.36036,17.198029,17.154205,17.032743,21.215921,23.472939,20.23762,23.474873,18.53887,18.275267,17.638742,17.523483,21.283882,24.370066,0.0,0.0,0.0,0.0,0.0,0.0,0.0,0.0
6716,2023.0,2.0,16.0,15.0,18.067463,18.601942,17.187756,17.143501,17.632435,17.953463,17.429604,17.78353,19.608149,20.131826,18.266495,19.022936,18.91719,19.257086,17.525663,17.4169,19.295856,19.969393,0.0,4.0,4.0,4.0,4.0,4.0,0.0,4.0
6717,2023.0,2.0,16.0,15.0,18.167065,18.7574,17.483683,17.822237,17.126274,16.986187,16.937683,16.833353,20.47551,22.021976,20.392185,22.742903,18.339417,18.094727,18.503853,19.345175,21.564838,24.040506,4.0,0.0,0.0,0.0,0.0,0.0,4.0,0.0
6718,2023.0,2.0,16.0,15.0,17.528265,17.586727,20.2863,22.74744,17.435741,17.780731,17.252407,17.626745,18.612104,18.509712,18.36642,18.71021,17.996256,17.683842,17.748262,17.60921,18.599144,18.586163,0.0,4.0,4.0,0.0,0.0,0.0,0.0,0.0
6719,2023.0,2.0,16.0,15.0,17.850945,18.414108,18.802767,19.536566,17.630875,18.05645,17.446423,17.890244,17.732027,17.433643,17.177776,17.088594,17.878372,17.56771,17.263517,17.02502,17.55837,17.308472,4.0,4.0,4.0,0.0,0.0,0.0,0.0,0.0
6720,2023.0,2.0,16.0,16.0,17.974539,18.590471,20.218357,22.227287,16.997646,16.880096,16.86021,16.79915,17.597475,17.435867,16.912527,16.783018,17.960733,17.813837,18.160395,18.821796,17.395882,17.260605,4.0,0.0,0.0,0.0,0.0,0.0,4.0,0.0
6721,2023.0,2.0,16.0,16.0,17.970663,18.577728,20.033848,21.72521,16.635296,16.416807,17.1689,17.577007,17.445759,17.314802,16.743748,16.621567,17.96734,17.84986,17.530106,17.363089,17.228077,17.117384,4.0,0.0,4.0,0.0,0.0,0.0,0.0,0.0
6722,2023.0,2.0,16.0,16.0,17.95936,18.560957,20.05945,21.681608,16.500982,16.279346,16.723253,16.648256,17.269848,17.146729,16.600264,16.48283,18.744665,19.37301,17.133045,16.898027,17.048893,16.94384,4.0,0.0,0.0,0.0,0.0,4.0,0.0,0.0
6723,2023.0,2.0,16.0,16.0,17.96046,18.572039,20.070658,21.650623,16.560478,16.501165,16.359169,16.158533,17.11071,16.98774,16.477493,16.361322,18.781824,19.19022,16.9975,16.754814,16.887594,16.780838,0.0,0.0,0.0,0.0,0.0,4.0,0.0,0.0
6724,2023.0,2.0,16.0,16.0,17.949337,18.5559,18.796568,19.135614,17.251314,17.831505,16.239738,16.046232,16.987926,16.87906,16.384853,16.281122,18.79032,19.20428,17.035824,16.925375,16.762539,16.667849,4.0,4.0,0.0,0.0,0.0,4.0,0.0,0.0
6725,2023.0,2.0,16.0,16.0,17.940111,18.545807,20.208157,21.88218,16.72048,16.701458,16.293917,16.234535,16.891104,16.784777,16.311848,16.209557,18.81985,19.232868,17.022974,16.932812,16.665182,16.572666,4.0,0.0,0.0,0.0,0.0,4.0,0.0,0.0
6726,2023.0,2.0,16.0,17.0,17.927492,18.529766,20.029491,21.473948,17.028337,17.473196,16.29133,16.262896,16.790346,16.687572,16.235355,16.136797,18.84924,19.261768,16.97631,16.888865,16.56346,16.473381,4.0,4.0,0.0,0.0,0.0,4.0,0.0,0.0
6727,2023.0,2.0,16.0,17.0,17.265083,17.30178,20.055384,21.487898,16.585224,16.514048,16.240997,16.217043,16.701817,16.60395,16.16778,16.07328,18.134676,17.895761,16.928352,16.840822,16.47423,16.38831,4.0,0.0,0.0,0.0,0.0,0.0,0.0,0.0
6728,2023.0,2.0,16.0,17.0,17.655977,18.257452,20.051773,21.452225,16.260674,16.07551,16.188673,16.166,16.620293,16.525156,16.106504,16.014565,17.810091,17.506058,16.88082,16.792645,16.392757,16.308878,4.0,0.0,0.0,0.0,0.0,0.0,0.0,0.0
6729,2023.0,2.0,16.0,17.0,17.800762,18.403051,20.051826,21.429838,16.851765,17.269157,16.888191,17.524027,16.548162,16.456303,16.052626,15.963616,17.694357,17.3886,16.836367,16.747997,16.320751,16.239614,4.0,4.0,4.0,0.0,0.0,0.0,0.0,0.0
6730,2023.0,2.0,16.0,17.0,17.805407,18.404652,20.100658,21.503218,17.088522,17.550823,17.165339,17.832773,16.479603,16.386532,16.001877,15.912658,17.606148,17.298489,16.792871,16.701902,16.252571,16.16971,4.0,4.0,4.0,0.0,0.0,0.0,0.0,0.0
6731,2023.0,2.0,16.0,17.0,17.81149,18.412193,20.044298,21.375114,17.122086,17.576046,16.439373,16.401852,16.426075,16.339529,15.962702,15.878598,18.527807,19.130217,16.757282,16.668299,16.199715,16.122997,4.0,4.0,0.0,0.0,0.0,4.0,0.0,0.0
6732,2023.0,2.0,16.0,18.0,17.822767,18.428608,20.069439,21.427168,17.146484,17.596664,16.038528,15.868029,17.157473,17.767904,16.343702,16.632044,18.658009,19.082983,16.722055,16.632408,16.14725,16.07181,0.0,4.0,0.0,4.0,4.0,4.0,0.0,0.0
6733,2023.0,2.0,16.0,18.0,21.34894,24.563982,18.898462,19.147373,21.25207,24.674366,20.873034,24.354641,21.440886,24.891861,20.294792,23.18988,21.322403,23.796965,22.06262,25.503017,16.096025,16.017502,4.0,4.0,0.0,0.0,0.0,4.0,4.0,0.0
6734,2023.0,2.0,16.0,18.0,21.01491,23.537077,20.218485,21.901321,21.014599,23.75634,21.005375,24.017035,18.713215,18.93984,18.09909,18.542032,21.047512,22.955856,22.425367,25.757969,16.050995,15.9708805,0.0,4.0,4.0,0.0,0.0,0.0,0.0,0.0
6735,2023.0,2.0,16.0,18.0,21.06846,23.396463,18.581413,18.612953,21.080233,23.57771,21.109173,23.860683,17.112598,16.870565,16.791561,16.74099,21.070654,22.778994,22.033033,24.777018,16.0152,15.9343,0.0,4.0,0.0,0.0,0.0,0.0,0.0,0.0
6736,2023.0,2.0,16.0,18.0,21.059431,23.209663,18.240133,18.559364,21.068893,23.342865,21.091734,23.569942,16.946531,16.823471,16.532072,16.436556,21.065203,22.606794,20.939821,22.510674,15.98636,15.904843,4.0,4.0,0.0,0.0,0.0,0.0,0.0,0.0
6737,2023.0,2.0,16.0,18.0,21.084013,23.15576,20.245323,22.144339,21.091446,23.253275,21.052292,23.324095,17.646309,18.240404,16.390898,16.284887,21.034655,22.409937,21.038025,22.64054,15.961861,15.87974,0.0,0.0,4.0,4.0,0.0,4.0,4.0,0.0
6738,2023.0,2.0,16.0,19.0,21.051462,22.974192,18.73502,19.05077,21.060564,23.053394,21.072752,23.227869,20.306736,22.697313,16.290318,16.185062,21.067135,22.412615,21.078907,22.692184,15.940096,15.857196,0.0,4.0,4.0,4.0,0.0,0.0,0.0,0.0
6739,2023.0,2.0,16.0,19.0,21.080898,22.980038,17.752527,17.710129,21.062565,22.970657,21.066246,23.116331,20.031897,21.888136,16.205082,16.098001,21.059238,22.32844,21.068268,22.616179,15.9197645,15.835494,0.0,4.0,4.0,0.0,0.0,0.0,0.0,0.0
6740,2023.0,2.0,16.0,19.0,21.074358,22.904034,17.918982,18.23852,21.062313,22.90246,21.067226,23.041029,18.15551,18.072144,16.134926,16.031603,21.060184,22.275269,21.069681,22.569588,15.901737,15.817029,4.0,4.0,4.0,0.0,0.0,0.0,0.0,0.0
6741,2023.0,2.0,16.0,19.0,21.073906,22.851435,20.262554,22.386381,21.08548,22.913446,21.090002,23.044117,17.195414,16.868074,16.067799,15.962988,21.01676,22.153309,21.0688,22.526178,15.88392,15.798044,0.0,0.0,0.0,0.0,0.0,4.0,0.0,0.0
6742,2023.0,2.0,16.0,19.0,21.058443,22.807844,18.36142,18.443258,21.079437,22.85009,21.05973,22.909006,17.105616,16.95388,16.012117,15.908664,21.035828,22.156042,21.055584,22.48953,15.866748,15.779712,0.0,0.0,4.0,0.0,0.0,4.0,0.0,0.0
6743,2023.0,2.0,16.0,19.0,21.121357,22.912636,17.667974,17.73725,21.117208,22.84613,21.167322,23.098429,17.023844,16.890491,15.955765,15.845203,21.067894,22.188654,21.047567,22.419455,15.849491,15.760712,4.0,4.0,0.0,0.0,0.0,4.0,4.0,0.0
6744,2023.0,2.0,16.0,20.0,21.163998,22.981213,20.241072,22.381916,21.165375,22.92048,21.149984,23.016623,17.699291,18.274363,15.910152,15.800795,21.130926,22.311283,21.19375,22.719316,15.83415,15.7447405,4.0,4.0,0.0,4.0,0.0,0.0,0.0,0.0
6745,2023.0,2.0,16.0,20.0,21.059227,22.754519,20.039831,21.752853,21.058119,22.678371,21.058647,22.779654,20.305676,22.656805,15.864738,15.7527895,21.02788,22.057138,21.066072,22.429615,15.81768,15.726748,0.0,4.0,4.0,0.0,0.0,4.0,0.0,0.0
6746,2023.0,2.0,16.0,20.0,21.057678,22.736698,18.324072,18.315992,21.081596,22.722727,21.086065,22.83017,18.116608,18.064444,15.826852,15.714058,21.032494,22.050165,21.027203,22.297626,15.801658,15.709283,0.0,0.0,0.0,0.0,0.0,4.0,4.0,0.0
6747,2023.0,2.0,16.0,20.0,21.057901,22.721231,18.002918,18.308008,21.075811,22.683836,21.080034,22.79138,17.046516,16.712833,16.159233,16.364115,21.031916,22.035131,21.073797,22.403,16.74792,17.50779,4.0,0.0,0.0,0.0,4.0,4.0,0.0,4.0
6748,2023.0,2.0,16.0,20.0,21.05418,22.70014,20.238508,22.244751,21.048206,22.583166,21.061188,22.759367,17.777512,18.332386,20.278963,23.136162,21.028917,22.016075,21.061556,22.356937,21.449936,25.15723,4.0,4.0,0.0,4.0,0.0,4.0,0.0,4.0
6749,2023.0,2.0,16.0,20.0,21.030521,22.61957,20.027082,21.625925,21.080448,22.648497,21.040113,22.691563,20.298292,22.542955,18.03428,18.43416,21.061432,22.086184,21.0654,22.343063,19.852903,21.87087,4.0,0.0,4.0,0.0,0.0,0.0,0.0,0.0
6750,2023.0,2.0,16.0,21.0,21.061584,22.693554,20.076609,21.60949,21.074354,22.614147,21.044508,22.69567,18.145378,18.050169,16.674286,16.564249,21.055998,22.053299,21.051779,22.322409,17.744522,17.636127,0.0,0.0,4.0,0.0,0.0,0.0,0.0,0.0
6751,2023.0,2.0,16.0,21.0,21.070597,22.66752,18.755394,18.96215,21.033325,22.524704,21.084936,22.757336,17.096905,16.740105,16.430162,16.300375,21.055923,22.03303,21.053196,22.324966,16.774485,16.458082,4.0,4.0,0.0,0.0,0.0,0.0,0.0,0.0
6752,2023.0,2.0,16.0,21.0,21.042456,22.558697,20.227575,21.996456,21.05638,22.546644,21.07717,22.707762,17.042324,16.87998,16.7194,16.9528,21.055445,22.014748,21.013334,22.215004,16.506332,16.188845,0.0,4.0,0.0,0.0,4.0,0.0,4.0,0.0
6753,2023.0,2.0,16.0,21.0,21.047335,22.548914,18.45194,18.390951,21.053099,22.523022,21.077347,22.6787,16.987999,16.850094,20.44464,23.17384,21.041155,21.998953,21.073326,22.340002,16.515095,16.381702,0.0,4.0,0.0,0.0,0.0,0.0,0.0,0.0
6754,2023.0,2.0,16.0,21.0,21.046473,22.532866,18.1146,18.38087,21.077879,22.576172,21.035223,22.582407,16.88355,16.751055,18.209776,18.566248,21.042713,22.0073,21.062902,22.294977,16.466036,16.3514,4.0,0.0,4.0,0.0,0.0,0.0,0.0,0.0
6755,2023.0,2.0,16.0,21.0,21.072746,22.5922,20.258583,22.182306,21.072123,22.543768,21.08341,22.670412,16.78974,16.660204,16.942406,16.824846,21.04235,22.00799,21.0633,22.27347,16.375322,16.26555,0.0,0.0,0.0,0.0,0.0,0.0,0.0,0.0
6756,2023.0,2.0,16.0,22.0,21.040405,22.489916,19.045717,19.611795,21.07205,22.523457,21.050198,22.560598,16.709541,16.5839,16.665398,16.525005,21.042143,22.006306,21.049683,22.253233,16.295628,16.189566,4.0,0.0,4.0,0.0,0.0,0.0,0.0,0.0
6757,2023.0,2.0,16.0,22.0,21.072779,22.562235,20.24403,22.016594,21.030516,22.435596,21.080885,22.625273,17.232395,17.629929,16.510473,16.362528,21.04225,22.002975,21.05116,22.256557,16.221628,16.111698,0.0,4.0,0.0,4.0,0.0,0.0,0.0,0.0
6758,2023.0,2.0,16.0,22.0,21.04007,22.46017,18.46573,18.415295,21.03765,22.461,21.074886,22.59409,20.397066,22.915245,16.705425,16.834581,21.012238,21.919916,21.050854,22.253145,16.156015,16.044065,0.0,4.0,0.0,0.0,4.0,4.0,0.0,0.0
6759,2023.0,2.0,16.0,22.0,21.04537,22.458601,17.673243,17.547173,21.07855,22.534954,21.07538,22.576315,18.241268,18.418085,20.451622,23.127266,21.031446,21.933167,21.050774,22.248089,16.098106,15.98393,0.0,0.0,0.0,0.0,0.0,4.0,0.0,0.0
6760,2023.0,2.0,16.0,22.0,21.071388,22.519575,17.488333,17.367146,21.046103,22.424198,21.057735,22.556541,17.202885,17.073557,18.241251,18.57031,21.029345,21.911804,21.050652,22.241796,16.046787,15.930703,0.0,4.0,0.0,0.0,0.0,4.0,0.0,0.0
6761,2023.0,2.0,16.0,22.0,21.08689,22.50152,17.299963,17.156107,21.141228,22.617292,21.118359,22.680332,16.9733,16.816357,17.283873,17.40742,21.10978,22.078499,21.102211,22.333847,15.999231,15.879579,0.0,0.0,0.0,0.0,4.0,0.0,0.0,0.0
6762,2023.0,2.0,16.0,23.0,21.06591,22.478868,17.172033,17.042543,21.036325,22.358946,21.051374,22.544258,16.855612,16.706957,20.385162,22.72092,21.018147,21.847895,21.043262,22.207293,15.959789,15.839541,0.0,4.0,0.0,0.0,0.0,4.0,0.0,0.0
6763,2023.0,2.0,16.0,23.0,19.49231,19.452036,17.051308,16.920671,19.387714,19.224773,19.604544,19.770548,16.754473,16.610264,18.383059,18.653969,19.68609,19.31368,19.743893,19.704996,15.924187,15.804905,0.0,0.0,0.0,0.0,0.0,0.0,0.0,0.0
6764,2023.0,2.0,16.0,23.0,18.77762,18.46465,16.965109,16.83154,18.583672,18.081682,19.539984,19.98581,16.680815,16.533968,17.471035,17.28696,19.159197,18.62339,20.2058,20.894634,15.896187,15.776503,0.0,0.0,4.0,0.0,0.0,0.0,4.0,0.0
6765,2023.0,2.0,16.0,23.0,19.474495,20.069345,16.88659,16.755424,18.25156,17.738447,18.92185,18.936893,16.613577,16.46763,17.217747,17.021019,18.941763,18.415295,19.11193,18.767376,15.868687,15.749246,0.0,0.0,0.0,0.0,0.0,0.0,0.0,0.0
6766,2023.0,2.0,16.0,23.0,19.277931,19.644787,16.812138,16.680868,18.297318,18.079811,18.176212,17.735426,16.550499,16.403208,17.026302,16.827852,19.03207,18.782763,18.601944,18.135008,15.840785,15.720645,0.0,0.0,0.0,0.0,0.0,0.0,0.0,0.0
6767,2023.0,2.0,16.0,23.0,18.47086,18.246843,16.745588,16.617859,18.203629,18.035353,17.854832,17.384226,16.494806,16.348598,16.877491,16.687038,18.97818,18.766432,18.37356,17.919687,15.814048,15.694181,0.0,0.0,0.0,0.0,0.0,0.0,0.0,0.0
6768,2023.0,2.0,17.0,0.0,18.116926,17.810745,16.679142,16.55057,18.057648,17.889496,17.934563,17.765205,16.44043,16.292267,16.740154,16.54922,18.874111,18.666256,18.425997,18.223856,15.786126,15.665075,0.0,0.0,0.0,0.0,0.0,0.0,0.0,0.0
6769,2023.0,2.0,17.0,0.0,17.935797,17.640799,16.619858,16.493673,17.926973,17.761732,17.834972,17.689741,16.392216,16.244852,16.623432,16.436785,18.778206,18.574951,18.337292,18.151497,15.760549,15.640194,0.0,0.0,0.0,0.0,0.0,0.0,0.0,0.0
6770,2023.0,2.0,17.0,0.0,18.059666,18.048172,16.571747,16.455101,17.82135,17.672455,17.72315,17.59501,16.351086,16.208038,16.846146,16.950617,18.694345,18.49727,18.233955,18.061764,16.459837,16.978016,0.0,0.0,0.0,0.0,4.0,0.0,0.0,4.0
6771,2023.0,2.0,17.0,0.0,18.776243,19.46884,16.522326,16.410095,17.716625,17.573729,17.611105,17.489012,16.310553,16.169046,16.589226,16.453531,18.613668,18.418484,18.131933,17.965979,15.98432,15.902833,0.0,0.0,0.0,0.0,0.0,0.0,0.0,0.0
6772,2023.0,2.0,17.0,0.0,18.033623,17.949644,16.476328,16.368488,17.621479,17.48471,17.508835,17.392656,16.8382,17.19232,16.423975,16.263115,18.540833,18.347904,18.038208,17.878,16.361443,16.698538,0.0,0.0,0.0,4.0,0.0,0.0,0.0,4.0
6773,2023.0,2.0,17.0,0.0,17.663134,17.42361,16.431946,16.327368,17.532269,17.399294,17.413006,17.300129,16.446918,16.323498,16.33804,16.179472,18.473175,18.281006,17.946615,17.78335,16.563704,16.95084,0.0,0.0,0.0,0.0,0.0,0.0,0.0,4.0
6774,2023.0,2.0,17.0,1.0,17.524586,17.28902,16.391191,16.29102,17.452774,17.32583,17.327929,17.220707,16.311256,16.173021,16.265272,16.11206,18.412981,18.223282,17.866816,17.706017,15.897252,15.637646,0.0,0.0,0.0,0.0,0.0,0.0,0.0,0.0
6775,2023.0,2.0,17.0,1.0,18.409832,19.08337,16.816092,17.122248,17.381084,17.26157,17.251307,17.151167,16.828836,17.184412,16.20034,16.04971,18.359112,18.173267,17.795584,17.638767,15.699303,15.421349,4.0,0.0,0.0,4.0,0.0,0.0,0.0,0.0
6776,2023.0,2.0,17.0,1.0,17.76691,17.712051,16.57214,16.59796,17.31405,17.200693,17.17944,17.085182,16.278296,16.005915,16.142311,15.994781,18.309216,18.126394,17.7295,17.575535,15.627457,15.357737,0.0,0.0,0.0,0.0,0.0,0.0,0.0,0.0
6777,2023.0,2.0,17.0,1.0,17.417309,17.2019,16.37436,16.28632,17.247152,17.135035,17.107426,17.013859,16.054398,15.732316,16.087238,15.939496,18.261028,18.078756,17.66577,17.511673,15.733246,15.632071,0.0,0.0,0.0,0.0,0.0,0.0,0.0,0.0
6778,2023.0,2.0,17.0,1.0,17.565985,17.617682,16.32483,16.243603,17.191708,17.08769,17.047676,16.962332,16.17318,16.042946,16.04228,15.899469,18.219805,18.041607,17.610884,17.460806,15.721137,15.614317,0.0,0.0,0.0,0.0,0.0,0.0,0.0,0.0
6779,2023.0,2.0,17.0,1.0,17.540369,17.609835,16.282892,16.20674,17.138254,17.040243,16.990074,16.910692,16.169365,16.04404,16.318304,16.458342,18.180761,18.005833,17.559319,17.412392,15.699273,15.594766,0.0,0.0,0.0,0.0,4.0,0.0,0.0,0.0
6780,2023.0,2.0,17.0,2.0,17.494144,17.571428,16.248446,16.179058,17.09042,17.000435,16.938684,16.86743,16.14599,16.024467,16.088604,15.971774,18.145626,17.97526,17.512993,17.370821,16.40173,16.937124,0.0,0.0,0.0,0.0,0.0,0.0,0.0,4.0
6781,2023.0,2.0,17.0,2.0,17.442225,17.519794,16.210947,16.141878,17.038017,16.94828,16.882824,16.811295,16.119493,15.99813,15.978639,15.843216,18.108168,17.937702,17.464676,17.32207,16.72819,17.378525,0.0,0.0,0.0,0.0,0.0,0.0,0.0,4.0
6782,2023.0,2.0,17.0,2.0,17.39869,17.482876,16.181343,16.118446,16.995634,16.913504,16.838245,16.774227,16.66199,17.038223,15.940758,15.810558,18.076332,17.909681,17.423458,17.285,15.927928,15.749416,0.0,0.0,0.0,4.0,0.0,0.0,0.0,0.0
6783,2023.0,2.0,17.0,2.0,17.352913,17.438965,16.149513,16.089,16.950748,16.87127,16.791204,16.729393,16.284729,16.19419,15.901965,15.773002,18.04353,17.878038,17.381508,17.244064,15.680502,15.436261,0.0,0.0,0.0,0.0,0.0,0.0,0.0,0.0
6784,2023.0,2.0,17.0,2.0,17.310957,17.400143,16.120012,16.062857,16.909304,16.833792,16.74767,16.689623,16.15731,16.04156,15.868214,15.741529,18.013136,17.849754,17.342834,17.207573,16.349909,16.768011,0.0,0.0,0.0,0.0,0.0,0.0,0.0,4.0
6785,2023.0,2.0,17.0,2.0,17.26995,17.36125,16.090967,16.036482,16.868828,16.79629,16.70508,16.649817,16.697008,17.08954,15.836456,15.711394,17.983482,17.821627,17.30535,17.17155,15.81684,15.616019,0.0,0.0,0.0,4.0,0.0,0.0,0.0,0.0
6786,2023.0,2.0,17.0,3.0,17.231007,17.324593,16.063074,16.01138,16.830282,16.760843,16.664646,16.61228,16.149338,15.916362,15.807242,15.683986,17.955173,17.795008,17.269787,17.137642,15.634258,15.400161,0.0,0.0,0.0,0.0,0.0,0.0,0.0,0.0
6787,2023.0,2.0,17.0,3.0,17.18965,17.281227,16.0319,15.978748,16.788712,16.717745,16.621046,16.566896,15.949273,15.668786,15.776652,15.651868,17.924906,17.763418,17.232847,17.099424,15.5669,15.332809,0.0,0.0,0.0,0.0,0.0,0.0,0.0,0.0
6788,2023.0,2.0,17.0,3.0,17.151703,17.243784,16.003286,15.9508705,16.75088,16.681063,16.581264,16.528255,16.052069,15.940918,15.748964,15.624423,17.896448,17.735025,17.198368,17.0652,15.654288,15.563047,0.0,0.0,0.0,0.0,0.0,0.0,0.0,0.0
6789,2023.0,2.0,17.0,3.0,17.114264,17.205986,15.9751215,15.923414,16.714104,16.645353,16.542524,16.490618,16.038158,15.923067,15.722402,15.598089,17.86852,17.707155,17.164867,17.031946,15.640063,15.543142,0.0,0.0,0.0,0.0,0.0,0.0,0.0,0.0
6790,2023.0,2.0,17.0,3.0,17.095041,17.203817,15.949858,15.901252,16.681046,16.616007,16.507753,16.459724,16.014006,15.900324,15.698506,15.576082,17.842487,17.682604,17.133734,17.002516,16.348366,16.897568,0.0,0.0,0.0,0.0,0.0,0.0,0.0,4.0
6791,2023.0,2.0,17.0,3.0,17.06306,17.171488,15.920181,15.869773,16.643484,16.576635,16.468489,16.418446,15.987254,15.872203,15.672148,15.548248,17.81404,17.652777,17.100483,16.968016,16.665346,17.326189,0.0,0.0,0.0,0.0,0.0,0.0,0.0,4.0
6792,2023.0,2.0,17.0,4.0,17.03275,17.143093,15.896044,15.848885,16.61252,16.549458,16.436598,16.39023,15.96423,15.850823,15.650078,15.528189,17.789045,17.629484,17.07116,16.940605,15.872886,15.713565,0.0,0.0,0.0,0.0,0.0,0.0,0.0,0.0
6793,2023.0,2.0,17.0,4.0,16.998255,17.106041,15.866923,15.817583,16.57643,16.511135,16.399628,16.350643,15.938965,15.824017,15.625089,15.501528,17.761204,17.6001,17.039207,16.90719,15.616918,15.376662,0.0,0.0,0.0,0.0,0.0,0.0,0.0,0.0
6794,2023.0,2.0,17.0,4.0,16.9667,17.074314,15.840793,15.791899,16.543959,16.47935,16.366259,16.317799,15.916125,15.801232,15.60256,15.479137,17.735348,17.57435,17.009604,16.877813,15.539987,15.304141,0.0,0.0,0.0,0.0,0.0,0.0,0.0,0.0
6795,2023.0,2.0,17.0,4.0,16.937532,17.04681,15.817584,15.771682,16.514925,16.453747,16.336252,16.291273,15.895509,15.782098,15.582337,15.460714,17.711418,17.552103,16.982231,16.85225,16.37433,16.949024,0.0,0.0,0.0,0.0,0.0,0.0,0.0,4.0
6796,2023.0,2.0,17.0,4.0,16.904585,17.011354,15.789529,15.741442,16.480923,16.417557,16.301146,16.253815,15.87275,15.757972,15.559357,15.436184,17.684664,17.523874,16.952301,16.820948,16.495728,16.962568,0.0,0.0,0.0,0.0,0.0,0.0,0.0,4.0
6797,2023.0,2.0,17.0,4.0,16.87618,16.984316,15.76659,15.721088,16.452675,16.392195,16.272387,16.227789,16.430271,16.822987,15.539944,15.418248,17.661055,17.50166,16.925764,16.795874,15.810005,15.617991,0.0,0.0,0.0,4.0,0.0,0.0,0.0,0.0
6798,2023.0,2.0,17.0,5.0,16.846355,16.953815,15.741515,15.696082,16.422344,16.362064,16.241661,16.197004,16.045788,15.964832,15.817182,15.954251,17.636257,17.476768,16.898312,16.768406,15.602245,15.364486,0.0,0.0,0.0,0.0,4.0,0.0,0.0,0.0
6799,2023.0,2.0,17.0,5.0,16.815493,16.920452,15.714615,15.666911,16.390324,16.328074,16.209127,16.16233,15.91742,15.801114,15.596014,15.468454,17.610138,17.449032,16.869883,16.738533,15.518077,15.278184,0.0,0.0,0.0,0.0,0.0,0.0,0.0,0.0
6800,2023.0,2.0,17.0,5.0,16.787296,16.892298,15.690268,15.642655,16.361172,16.299662,16.179424,16.133318,15.880784,15.765144,15.533245,15.408955,17.585594,17.424677,16.843267,16.71227,16.349222,16.918743,0.0,0.0,0.0,0.0,0.0,0.0,0.0,4.0
6801,2023.0,2.0,17.0,5.0,16.757322,16.860538,15.664111,15.614816,16.33031,16.267553,16.147978,16.100544,15.846805,15.72974,15.5041685,15.378785,17.559544,17.397495,16.815378,16.683413,15.735249,15.56151,0.0,0.0,0.0,0.0,0.0,0.0,0.0,0.0
6802,2023.0,2.0,17.0,5.0,16.727459,16.828835,15.637845,15.586849,16.299656,16.235563,16.116903,16.067991,16.393536,16.781038,15.475882,15.3490505,17.53323,17.369997,16.787453,16.654465,16.254915,16.673874,0.0,0.0,0.0,4.0,0.0,0.0,0.0,4.0
6803,2023.0,2.0,17.0,5.0,16.698189,16.797941,15.611774,15.559263,16.269455,16.204208,16.086355,16.036152,16.010372,15.933157,15.4494,15.321192,17.506857,17.342583,16.759684,16.625816,15.697214,15.492353,0.0,0.0,0.0,0.0,0.0,0.0,0.0,0.0
6804,2023.0,2.0,17.0,6.0,16.668102,16.764938,15.58442,15.529044,16.238096,16.170284,16.054703,16.001774,15.7173815,15.445524,15.422464,15.291844,17.479326,17.313046,16.731009,16.595343,15.491396,15.235353,0.0,0.0,0.0,0.0,0.0,0.0,0.0,0.0
6805,2023.0,2.0,17.0,6.0,21.172785,24.608242,15.560808,15.506156,21.059513,24.641642,21.002357,24.68051,16.220201,16.464376,15.39902,15.268895,21.352983,23.86656,21.963467,25.360428,16.185555,16.614592,0.0,0.0,0.0,4.0,0.0,0.0,0.0,4.0
6806,2023.0,2.0,17.0,6.0,21.007133,23.798468,15.53346,15.477954,21.011534,23.961996,21.012815,24.096182,20.359322,23.529058,15.660214,15.777985,20.97108,22.98596,22.319231,25.53544,20.383055,23.758293,0.0,0.0,0.0,0.0,4.0,0.0,0.0,0.0
6807,2023.0,2.0,17.0,6.0,21.081802,23.630358,15.507184,15.4501705,21.087618,23.738085,21.091719,23.864227,17.660255,17.723373,20.331282,23.714115,21.0715,22.943186,20.885525,22.684359,17.470284,17.530407,0.0,0.0,0.0,0.0,4.0,0.0,0.0,0.0
6808,2023.0,2.0,17.0,6.0,21.069016,23.390753,15.483564,15.42327,21.074154,23.459942,21.077497,23.57401,16.540916,16.413383,20.003296,22.62355,21.056515,22.736834,21.095436,22.970993,16.331758,16.222103,0.0,0.0,0.0,0.0,0.0,0.0,0.0,0.0
6809,2023.0,2.0,17.0,6.0,21.069704,23.241304,15.463211,15.400318,21.074665,23.284534,21.078123,23.391306,17.010035,17.435526,17.892147,18.206753,21.05657,22.607548,21.060518,22.796986,16.957169,17.558691,0.0,0.0,0.0,4.0,0.0,0.0,0.0,4.0
6810,2023.0,2.0,17.0,7.0,21.067839,23.126911,15.442663,15.377083,21.072546,23.151684,21.076042,23.253325,20.345448,23.14322,16.703365,16.586185,21.05474,22.50734,21.062742,22.718813,20.363379,23.349228,0.0,0.0,0.0,4.0,0.0,0.0,0.0,0.0
6811,2023.0,2.0,17.0,7.0,21.066109,23.039196,15.424001,15.357976,21.0708,23.05148,21.07394,23.148825,20.043688,22.19168,16.410555,16.252245,21.053375,22.431402,21.060942,22.65014,17.676031,17.683163,0.0,0.0,0.0,0.0,0.0,0.0,0.0,0.0
6812,2023.0,2.0,17.0,7.0,21.064524,22.97038,15.406146,15.340532,21.06927,22.973825,21.072628,23.069252,17.896622,17.806953,16.245117,16.086866,21.052204,22.37233,21.060017,22.596117,16.620897,16.494661,0.0,0.0,0.0,0.0,0.0,0.0,0.0,0.0
6813,2023.0,2.0,17.0,7.0,21.062899,22.915567,15.893831,16.271431,21.067278,22.910933,21.070642,23.00575,16.83461,16.473373,16.114727,15.958148,21.050686,22.32431,21.058296,22.550156,16.423128,16.294432,4.0,0.0,0.0,0.0,0.0,0.0,0.0,0.0
6814,2023.0,2.0,17.0,7.0,21.775059,23.944977,20.152496,23.499159,21.72183,23.834543,21.85248,24.109503,16.74504,16.571098,16.01076,15.860575,21.561966,23.153389,21.655397,23.45087,16.290306,16.169626,0.0,4.0,0.0,0.0,0.0,0.0,0.0,0.0
6815,2023.0,2.0,17.0,7.0,20.982998,22.585087,17.876244,18.480844,20.974266,22.529276,21.01563,22.728878,16.66943,16.521301,15.927367,15.783351,20.968855,21.97202,21.02681,22.347103,16.18139,16.065086,0.0,4.0,0.0,0.0,0.0,4.0,0.0,0.0
6816,2023.0,2.0,17.0,8.0,21.086432,22.766539,16.377026,16.400007,21.094675,22.758612,21.075113,22.840965,16.554554,16.413265,16.258347,16.470238,21.06451,22.193838,21.059748,22.407892,17.118912,17.925646,0.0,0.0,0.0,0.0,4.0,0.0,0.0,4.0
6817,2023.0,2.0,17.0,8.0,19.828312,20.301153,16.07963,16.030993,19.234499,19.159817,19.879354,20.503967,17.202345,17.725185,20.266674,23.26435,20.171646,20.420322,19.600695,19.592594,21.104841,24.507177,0.0,0.0,4.0,4.0,4.0,4.0,0.0,0.0
6818,2023.0,2.0,17.0,8.0,18.632586,18.515007,15.934962,15.870136,18.145708,17.766132,18.696812,18.734613,21.580048,25.062344,20.016071,22.397121,19.803408,20.011648,18.828094,18.665024,18.212093,18.316076,0.0,0.0,0.0,4.0,0.0,4.0,0.0,0.0
6819,2023.0,2.0,17.0,8.0,18.088915,17.874653,15.83771,15.768829,17.97635,17.796017,17.888536,17.560421,19.964237,21.838654,17.792366,17.803473,19.013275,18.640436,18.520365,18.346039,16.737654,16.487778,0.0,0.0,0.0,4.0,0.0,0.0,0.0,0.0
6820,2023.0,2.0,17.0,8.0,18.509472,18.898693,15.759398,15.68862,17.83969,17.704317,17.471642,17.091845,20.09216,21.903896,16.95772,16.908764,19.3046,19.52031,18.29913,18.12744,17.500547,18.201878,0.0,0.0,0.0,0.0,4.0,4.0,0.0,4.0
6821,2023.0,2.0,17.0,8.0,17.992542,17.901482,15.694502,15.6236315,17.661589,17.533731,17.444921,17.285126,18.725216,19.0834,20.302948,22.707993,18.729143,18.371012,19.150782,19.90026,21.270739,24.455196,0.0,0.0,0.0,4.0,0.0,0.0,4.0,0.0
6822,2023.0,2.0,17.0,9.0,17.584482,17.39939,15.641546,15.569159,18.18844,18.66127,17.369354,17.255453,20.261951,22.136913,18.278152,18.597239,18.326828,17.89953,19.194208,19.71701,19.090698,19.6796,0.0,4.0,0.0,4.0,0.0,0.0,4.0,4.0
6823,2023.0,2.0,17.0,9.0,18.098612,18.521345,15.597792,15.52729,17.809668,17.8614,17.931234,18.430117,20.05011,21.608839,17.061699,16.949808,18.912012,19.160803,18.203674,17.920628,20.265354,22.37821,0.0,0.0,4.0,0.0,0.0,4.0,0.0,4.0
6824,2023.0,2.0,17.0,9.0,17.65044,17.58979,15.560196,15.493026,17.210005,16.917608,17.550438,17.604063,18.875492,19.226027,16.76094,16.61252,19.111223,19.391714,17.736582,17.39045,20.054329,21.837307,0.0,0.0,0.0,4.0,0.0,4.0,0.0,0.0
6825,2023.0,2.0,17.0,9.0,17.99575,18.453447,15.526433,15.463307,16.944355,16.607616,16.97709,16.710842,20.25739,22.010847,16.583197,16.434107,19.118711,19.40714,18.56744,19.115555,18.137943,18.04245,0.0,0.0,0.0,0.0,0.0,4.0,4.0,0.0
6826,2023.0,2.0,17.0,9.0,17.54962,17.519882,15.495924,15.43714,17.708508,18.181269,17.4001,17.672245,18.971975,19.345375,16.445206,16.300776,18.418516,18.09716,17.935902,17.687988,17.186481,16.886608,0.0,4.0,4.0,4.0,0.0,0.0,0.0,0.0
6827,2023.0,2.0,17.0,9.0,17.974459,18.449957,15.940162,16.290287,17.980095,18.577492,16.97599,16.83626,20.216297,21.691101,16.35173,16.210049,18.89577,19.171883,17.611155,17.282091,17.804134,18.266392,4.0,4.0,0.0,4.0,0.0,4.0,0.0,4.0
6828,2023.0,2.0,17.0,10.0,18.155043,18.681519,20.274572,23.689228,17.23883,17.128897,16.62495,16.361359,20.053844,21.399183,16.255451,16.119375,19.094067,19.407055,17.464045,17.145432,20.29081,22.523663,4.0,0.0,0.0,0.0,0.0,4.0,0.0,4.0
6829,2023.0,2.0,17.0,10.0,18.173624,18.716778,20.031443,22.718597,17.464975,17.77732,16.66016,16.556007,18.483576,18.34016,16.17847,16.050629,18.406353,18.111616,17.506786,17.353645,20.014126,21.778667,0.0,4.0,0.0,0.0,0.0,0.0,0.0,4.0
6830,2023.0,2.0,17.0,10.0,17.562271,17.58146,17.74247,17.99524,17.654234,18.037144,16.67046,16.607323,18.317436,18.575302,16.121777,16.004396,18.077272,17.723242,17.498125,17.374163,20.080341,21.801596,0.0,4.0,0.0,4.0,0.0,0.0,0.0,0.0
6831,2023.0,2.0,17.0,10.0,17.911175,18.441011,16.643635,16.642406,17.681108,18.076902,16.625872,16.573793,20.236368,21.9508,16.073927,15.965493,17.96947,17.62392,17.447178,17.33337,18.26637,18.207777,0.0,4.0,0.0,4.0,0.0,0.0,0.0,0.0
6832,2023.0,2.0,17.0,10.0,18.095684,18.668911,16.866125,17.243685,17.695772,18.101562,16.578558,16.534384,20.014149,21.386145,16.031576,15.9306135,17.89655,17.565042,18.398619,19.173998,17.356682,17.087902,4.0,4.0,0.0,4.0,0.0,0.0,4.0,0.0
6833,2023.0,2.0,17.0,10.0,18.11804,18.698933,20.227903,23.080526,17.707714,18.123262,16.534254,16.498327,20.040432,21.353401,15.99561,15.901457,18.000526,17.844385,17.715096,17.557682,17.063377,16.796371,0.0,4.0,0.0,4.0,0.0,0.0,0.0,0.0
6834,2023.0,2.0,17.0,11.0,18.1468,18.744123,18.214289,18.774668,17.718584,18.14413,16.492222,16.464205,20.065033,21.36343,15.969673,15.881902,18.768312,19.295967,17.312603,17.073776,16.995157,16.865374,0.0,4.0,0.0,0.0,0.0,4.0,0.0,0.0
6835,2023.0,2.0,17.0,11.0,18.161236,18.764593,17.320646,17.74728,17.728172,18.16289,17.16538,17.767101,18.609371,18.51517,15.948033,15.865042,18.218763,18.019955,17.210407,16.972694,16.907598,16.80373,4.0,4.0,4.0,0.0,0.0,0.0,0.0,0.0
6836,2023.0,2.0,17.0,11.0,18.172575,18.783432,20.296474,23.010214,17.150204,17.092749,16.776646,16.90475,17.992857,17.67482,15.932677,15.853224,18.732847,19.117914,17.158302,16.929268,16.81684,16.72,0.0,0.0,0.0,0.0,0.0,4.0,0.0,0.0
6837,2023.0,2.0,17.0,11.0,17.5554,17.632019,18.119177,18.442667,16.802246,16.637167,16.35153,16.243914,17.855124,17.693071,15.921165,15.845586,18.979815,19.402426,17.222935,17.11481,16.720213,16.631,0.0,0.0,0.0,0.0,0.0,4.0,0.0,0.0
6838,2023.0,2.0,17.0,11.0,18.005783,18.61724,17.09313,16.91129,17.395393,17.835062,16.239204,16.103607,18.490948,19.01588,16.321028,16.603477,19.034565,19.46501,17.233168,17.145844,16.646818,16.560614,0.0,4.0,0.0,4.0,4.0,4.0,0.0,0.0
6839,2023.0,2.0,17.0,11.0,18.121561,18.767614,17.400063,17.740826,16.965956,16.94964,16.294563,16.270943,21.072378,23.46149,20.186916,23.205725,18.367035,18.177534,18.20717,18.998245,16.582676,16.5029,4.0,0.0,0.0,0.0,0.0,0.0,4.0,0.0
6840,2023.0,2.0,17.0,12.0,18.151625,18.80453,20.290255,22.846346,17.325966,17.782084,17.027382,17.661947,19.151472,19.276314,18.12216,18.620506,18.063595,17.803333,17.598183,17.507511,16.517363,16.443254,0.0,4.0,4.0,0.0,0.0,0.0,0.0,0.0
6841,2023.0,2.0,17.0,12.0,21.34012,24.347748,18.402637,18.889355,21.30376,24.5838,21.293644,24.912613,17.925632,17.670599,16.82353,16.795666,21.298815,23.502268,22.601742,26.201336,16.45726,16.384975,0.0,0.0,0.0,0.0,0.0,0.0,0.0,0.0
6842,2023.0,2.0,17.0,12.0,21.01265,23.370907,17.667992,18.115421,21.004436,23.5403,21.010174,23.832827,18.516245,19.057411,16.590038,16.51357,21.003067,22.711323,20.861797,22.783056,16.410557,16.341234,4.0,4.0,4.0,4.0,0.0,4.0,0.0,0.0
6843,2023.0,2.0,17.0,12.0,21.154633,23.433285,20.291006,22.778307,21.152008,23.549553,21.152554,23.80593,20.218874,21.91706,16.486118,16.403585,21.125694,22.762934,21.275572,23.368898,17.392649,18.237,0.0,4.0,0.0,0.0,0.0,0.0,4.0,4.0
6844,2023.0,2.0,17.0,12.0,21.051224,23.073439,18.268679,18.568253,21.059412,23.171192,21.06141,23.377462,19.169779,19.652058,16.419025,16.340384,21.027317,22.390493,21.071182,22.817343,20.330858,23.10293,0.0,4.0,4.0,4.0,0.0,4.0,0.0,0.0
6845,2023.0,2.0,17.0,12.0,21.050297,22.964748,17.508642,17.782223,21.058323,23.034307,21.064764,23.227133,20.20954,21.750433,16.36765,16.292835,21.060026,22.367218,21.064047,22.674934,17.997583,18.13644,4.0,4.0,4.0,0.0,0.0,0.0,0.0,0.0
6846,2023.0,2.0,17.0,13.0,21.175789,23.136793,20.257034,22.759554,21.16152,23.160328,21.155972,23.296095,18.691105,18.665632,16.324389,16.251865,21.155092,22.452585,21.183971,22.816088,16.958836,16.809387,0.0,0.0,4.0,0.0,0.0,4.0,0.0,0.0
6847,2023.0,2.0,17.0,13.0,21.072454,22.88554,18.568739,19.136444,21.048878,22.833515,21.059732,23.016705,17.913578,17.688011,16.292446,16.224335,21.026585,22.133183,21.051174,22.489588,16.83577,16.758505,4.0,4.0,4.0,0.0,0.0,4.0,0.0,0.0
6848,2023.0,2.0,17.0,13.0,21.182634,23.035465,20.280897,22.568056,21.177816,23.033941,21.163961,23.179625,17.797764,17.679121,16.26768,16.203058,21.171938,22.380095,21.216688,22.773678,16.77361,16.706736,0.0,4.0,0.0,0.0,0.0,4.0,0.0,0.0
6849,2023.0,2.0,17.0,13.0,21.07038,22.790213,18.698082,19.244028,21.050434,22.731426,21.075508,22.943571,17.714025,17.613295,16.25162,16.190485,21.023365,22.042974,21.049665,22.39622,16.707138,16.644768,4.0,4.0,0.0,0.0,0.0,4.0,0.0,0.0
6850,2023.0,2.0,17.0,13.0,21.037691,22.673033,20.265211,22.406199,21.049683,22.695162,21.050566,22.82838,17.614096,17.51952,16.240059,16.182318,21.052647,22.090918,21.049253,22.363878,16.653107,16.59486,4.0,4.0,4.0,0.0,0.0,0.0,0.0,0.0
6851,2023.0,2.0,17.0,13.0,21.041765,22.65984,20.024776,21.799511,21.046782,22.660652,21.078182,22.87028,17.527122,17.436245,16.233284,16.178715,21.04454,22.041983,21.046577,22.332157,16.60777,16.552406,0.0,4.0,0.0,0.0,0.0,0.0,0.0,0.0
6852,2023.0,2.0,17.0,14.0,21.041433,22.641775,18.425764,18.646235,21.047548,22.636784,21.07165,22.824678,17.459644,17.378258,16.620289,16.910868,21.01625,21.938934,21.047918,22.311718,16.572334,16.522423,0.0,4.0,0.0,0.0,4.0,4.0,0.0,0.0
6853,2023.0,2.0,17.0,14.0,20.051756,20.728899,18.026503,18.45653,19.93353,20.479279,19.514744,19.824947,17.39824,17.322971,20.321293,23.175386,19.880363,19.771486,19.794857,19.880089,16.540525,16.494488,4.0,4.0,0.0,0.0,0.0,0.0,0.0,0.0
6854,2023.0,2.0,17.0,14.0,19.599783,20.232372,20.265526,22.455452,18.793203,18.746292,19.224295,19.846827,18.08193,18.66469,18.56912,19.282051,19.309942,19.058434,19.113548,19.031124,16.510237,16.46732,0.0,0.0,4.0,4.0,4.0,0.0,0.0,0.0
6855,2023.0,2.0,17.0,14.0,19.452833,20.09635,18.614511,19.044498,18.287815,18.148588,19.048643,19.552347,20.267265,22.328041,20.275705,22.63008,19.105652,18.852453,18.8475,18.750751,16.481249,16.44086,0.0,0.0,4.0,0.0,4.0,0.0,0.0,0.0
6856,2023.0,2.0,17.0,14.0,19.34764,20.00293,18.035486,18.498058,18.683836,19.10149,18.299614,18.32008,18.519032,18.628197,20.033957,21.874346,19.079477,18.950527,18.666033,18.57212,16.454155,16.416151,4.0,4.0,0.0,0.0,0.0,0.0,0.0,0.0
6857,2023.0,2.0,17.0,14.0,19.264172,19.92905,20.268255,22.47722,18.214233,18.193707,17.84618,17.76467,17.68386,17.548597,18.404795,18.549969,19.790672,20.37515,18.520048,18.43127,16.428389,16.392649,0.0,0.0,0.0,0.0,0.0,4.0,0.0,0.0
6858,2023.0,2.0,17.0,15.0,18.603912,18.766338,18.817717,19.404259,18.478647,18.930527,17.627308,17.540949,17.567951,17.490055,17.85086,18.011026,19.218458,19.11512,18.39713,18.313633,16.403921,16.370132,4.0,4.0,0.0,0.0,4.0,0.0,0.0,0.0
6859,2023.0,2.0,17.0,15.0,18.953615,19.595797,20.213022,22.091349,18.592983,19.119596,17.578024,17.576645,17.51089,17.442513,20.262875,22.319923,18.914495,18.690521,18.30619,18.224499,16.381338,16.347204,4.0,4.0,0.0,0.0,0.0,0.0,0.0,0.0
6860,2023.0,2.0,17.0,15.0,19.062347,19.739977,20.026415,21.616682,17.985926,18.008663,17.490303,17.51014,17.437649,17.372484,18.519943,18.695707,18.78372,18.560024,18.213243,18.135551,16.35709,16.322884,4.0,0.0,0.0,0.0,0.0,0.0,0.0,0.0
6861,2023.0,2.0,17.0,15.0,19.016249,19.68933,20.06763,21.6386,18.293863,18.799215,17.378775,17.398327,17.368818,17.303665,17.63115,17.572037,18.797087,18.688665,18.125973,18.04871,16.332727,16.297604,0.0,4.0,0.0,0.0,0.0,0.0,0.0,0.0
6862,2023.0,2.0,17.0,15.0,18.376003,18.529581,18.640284,18.844694,17.852442,17.89175,17.978449,18.609924,17.311707,17.25015,17.794333,18.045338,18.767315,18.674683,18.052504,17.979677,16.310604,16.27592,0.0,0.0,4.0,0.0,4.0,0.0,0.0,0.0
6863,2023.0,2.0,17.0,15.0,18.06573,18.10775,18.054787,18.071323,17.555918,17.463549,17.56287,17.7318,17.266617,17.205801,20.266903,22.378904,18.718796,18.630085,17.993515,17.922161,16.290886,16.255909,0.0,0.0,0.0,0.0,0.0,0.0,0.0,0.0
6864,2023.0,2.0,17.0,16.0,17.91015,17.958086,18.230307,18.629667,17.403376,17.30258,17.790071,18.320234,17.218647,17.160177,18.686125,19.024757,18.665146,18.579845,18.977486,19.836956,16.269947,16.235317,4.0,0.0,4.0,0.0,0.0,0.0,4.0,0.0
6865,2023.0,2.0,17.0,16.0,18.5082,19.167704,20.242636,22.20782,17.399073,17.386799,17.903955,18.458406,17.92361,18.524769,17.920887,17.84277,18.618422,18.533766,18.222239,18.186201,16.250692,16.215433,4.0,0.0,4.0,4.0,0.0,0.0,0.0,0.0
6866,2023.0,2.0,17.0,16.0,18.69461,19.370182,20.020357,21.607815,18.055552,18.6728,17.919067,18.46342,20.273195,22.4643,17.659924,17.567062,19.358341,19.9825,17.80032,17.64748,16.230604,16.195074,4.0,4.0,4.0,0.0,0.0,4.0,0.0,0.0
6867,2023.0,2.0,17.0,16.0,18.706438,19.383875,20.066898,21.61454,17.72459,17.884247,17.348091,17.386326,18.9873,19.58529,17.48732,17.395523,18.795588,18.690294,17.689613,17.52438,16.211414,16.175636,0.0,0.0,0.0,4.0,0.0,0.0,0.0,0.0
6868,2023.0,2.0,17.0,16.0,18.095394,18.23677,18.966154,19.409224,17.284012,17.215452,17.006927,16.937963,20.245892,22.07219,17.354296,17.269138,18.442482,18.23191,17.618322,17.451227,16.192179,16.156244,4.0,0.0,0.0,0.0,0.0,0.0,0.0,0.0
6869,2023.0,2.0,17.0,16.0,17.746214,17.787575,20.210464,21.98274,17.11376,17.007805,16.876398,16.790518,18.600721,18.662651,17.633945,17.8991,18.342567,18.121655,17.645498,17.566286,16.172844,16.136744,0.0,0.0,0.0,0.0,4.0,0.0,0.0,0.0
6870,2023.0,2.0,17.0,17.0,17.611355,17.637527,18.653093,18.825367,17.829685,18.434769,17.461761,17.954952,17.774925,17.599318,20.272627,22.470928,18.393795,18.290638,17.639517,17.573875,16.153595,16.117252,0.0,4.0,4.0,0.0,0.0,0.0,0.0,0.0
6871,2023.0,2.0,17.0,17.0,18.235329,18.880194,18.301771,18.700241,18.001066,18.530867,17.694105,18.224323,17.645803,17.552034,18.642715,18.988039,18.399496,18.315641,18.663504,19.53976,16.134384,16.09729,4.0,4.0,4.0,0.0,0.0,0.0,4.0,0.0
6872,2023.0,2.0,17.0,17.0,18.399014,19.072279,20.241959,22.14535,17.406998,17.412935,17.131716,17.147284,17.572683,17.49224,17.857016,17.771885,19.159603,19.786713,17.89686,17.844727,16.116802,16.079025,4.0,0.0,0.0,0.0,0.0,4.0,0.0,0.0
6873,2023.0,2.0,17.0,17.0,17.79649,17.907322,20.020247,21.547123,17.737474,18.208397,16.799913,16.703287,18.224144,18.81104,17.602213,17.502268,18.564575,18.420029,17.48105,17.311289,16.095531,16.055143,4.0,4.0,0.0,4.0,0.0,0.0,0.0,0.0
6874,2023.0,2.0,17.0,17.0,17.483904,17.50353,20.066868,21.555368,17.91164,18.404577,16.681887,16.568073,20.25234,22.211058,17.436253,17.338055,18.227322,17.995249,17.384308,17.20274,16.073689,16.031229,0.0,4.0,0.0,0.0,0.0,0.0,0.0,0.0
6875,2023.0,2.0,17.0,17.0,18.089495,18.716707,18.968376,19.3559,17.927683,18.41157,16.711655,16.701189,18.50902,18.559868,17.306314,17.213827,18.885977,19.314648,17.321558,17.135897,16.051779,16.007034,4.0,4.0,0.0,0.0,0.0,4.0,0.0,0.0
6876,2023.0,2.0,17.0,18.0,18.25871,18.912374,20.20635,21.77432,17.351635,17.328547,17.419792,18.05588,18.529247,18.889221,17.210155,17.117062,19.076668,19.534178,18.454266,19.326387,16.03217,15.984991,0.0,0.0,4.0,4.0,0.0,4.0,4.0,0.0
6877,2023.0,2.0,17.0,18.0,21.301964,24.188093,18.709667,18.798962,21.291763,24.413734,21.2158,24.452518,20.23083,21.86511,17.113298,17.024813,21.466688,23.784487,22.123894,25.181662,16.010866,15.960632,0.0,4.0,0.0,0.0,0.0,0.0,4.0,0.0
6878,2023.0,2.0,17.0,18.0,21.002476,23.22589,18.414484,18.780481,21.007988,23.413944,21.007967,23.581451,19.194645,19.642128,17.024406,16.93761,21.035719,22.643433,21.010105,22.998343,16.943785,17.731895,4.0,4.0,4.0,4.0,0.0,0.0,0.0,4.0
6879,2023.0,2.0,17.0,18.0,21.159126,23.31034,20.224422,21.996168,21.156807,23.427794,21.156277,23.58279,20.205,21.68909,16.942682,16.855066,21.126657,22.63766,21.182737,23.11666,20.34185,23.379267,4.0,4.0,4.0,0.0,0.0,0.0,0.0,0.0
6880,2023.0,2.0,17.0,18.0,21.047213,22.92977,20.041054,21.509634,21.080074,23.100239,21.061283,23.19058,18.67885,18.592829,16.870838,16.782866,21.055408,22.357796,21.064163,22.71321,17.805433,17.945173,0.0,0.0,4.0,0.0,0.0,0.0,0.0,0.0
6881,2023.0,2.0,17.0,18.0,21.04701,22.820326,18.904924,19.225304,21.050783,22.883118,21.060778,23.047285,17.88488,17.59533,16.8109,16.725002,21.042631,22.256512,21.064054,22.593569,16.667927,16.491144,4.0,4.0,4.0,0.0,0.0,0.0,0.0,0.0
6882,2023.0,2.0,17.0,19.0,21.18563,23.01703,20.21055,21.89248,21.172998,23.028446,21.162603,23.16452,18.59952,19.172935,16.753647,16.666573,21.208426,22.5115,21.212448,22.823395,16.560982,16.48363,4.0,4.0,0.0,4.0,0.0,4.0,0.0,0.0
6883,2023.0,2.0,17.0,19.0,21.044065,22.667776,20.042292,21.450058,21.076641,22.777193,21.052292,22.837402,20.173578,21.726767,16.697899,16.60552,21.028881,22.086617,21.05142,22.443386,16.503355,16.434792,0.0,0.0,4.0,4.0,0.0,4.0,0.0,0.0
6884,2023.0,2.0,17.0,19.0,21.069921,22.689768,18.919014,19.202145,21.07104,22.702799,21.05693,22.785007,20.043024,21.329636,16.64958,16.555765,21.056892,22.117376,21.011858,22.29636,16.431084,16.360907,4.0,0.0,4.0,0.0,0.0,0.0,4.0,0.0
6885,2023.0,2.0,17.0,19.0,21.195602,22.875134,20.208393,21.843811,21.163176,22.83445,21.165236,22.9722,18.608763,18.45745,16.603703,16.506279,21.13167,22.223242,21.196882,22.646204,16.368599,16.296513,4.0,0.0,0.0,0.0,0.0,0.0,0.0,0.0
6886,2023.0,2.0,17.0,19.0,21.039759,22.528482,20.036922,21.40484,21.052776,22.598896,21.04651,22.67006,17.853722,17.521475,16.96098,17.212654,21.049582,22.021347,21.05615,22.319899,16.314629,16.239597,0.0,0.0,4.0,0.0,4.0,0.0,0.0,0.0
6887,2023.0,2.0,17.0,19.0,21.068272,22.578121,18.582752,18.546806,21.031933,22.520517,21.054682,22.651276,17.812956,17.667536,20.404718,22.901701,21.008444,21.915106,21.059843,22.28849,16.270645,16.195074,0.0,4.0,4.0,0.0,4.0,4.0,0.0,0.0
6888,2023.0,2.0,17.0,20.0,21.035845,22.465467,18.376484,18.693428,21.036098,22.518661,21.053133,22.619122,17.755405,17.633198,20.008865,21.937202,21.02696,21.92783,21.019304,22.149473,17.187197,17.958817,4.0,4.0,4.0,0.0,0.0,4.0,4.0,4.0
6889,2023.0,2.0,17.0,20.0,21.041042,22.457748,20.222776,21.954075,21.049917,22.506926,21.15468,22.814901,17.652918,17.536434,18.160515,18.117025,21.054714,21.983624,21.263481,22.621975,20.311932,23.127693,4.0,4.0,0.0,0.0,0.0,0.0,4.0,0.0
6890,2023.0,2.0,17.0,20.0,21.03993,22.440966,20.024689,21.413286,21.072334,22.540802,21.070772,22.614584,17.560686,17.447327,17.16194,16.822529,21.019384,21.870262,21.064632,22.232807,18.523804,19.147991,4.0,0.0,0.0,0.0,0.0,4.0,0.0,4.0
6891,2023.0,2.0,17.0,20.0,21.066399,22.49995,20.067747,21.422066,21.06665,22.497868,21.046183,22.519167,18.265522,18.853848,17.115173,16.962149,21.05447,21.94532,21.017408,22.092216,20.29802,22.627502,0.0,0.0,4.0,4.0,0.0,0.0,4.0,4.0
6892,2023.0,2.0,17.0,20.0,21.033758,22.395283,18.626024,18.592651,21.066442,22.469383,21.075335,22.578484,20.207943,22.043913,17.08687,16.966595,21.048388,21.912823,21.065172,22.204704,20.045443,21.910675,0.0,0.0,0.0,4.0,0.0,0.0,0.0,0.0
6893,2023.0,2.0,17.0,20.0,21.039068,22.392105,18.149805,18.192015,21.051039,22.444122,21.044195,22.475805,20.042067,21.492098,17.378435,17.59925,21.048494,21.894762,21.016388,22.062126,18.13596,18.057905,4.0,0.0,4.0,0.0,4.0,0.0,4.0,0.0
6894,2023.0,2.0,17.0,21.0,21.064703,22.451431,20.23264,22.006386,21.027708,22.376879,21.074476,22.54144,18.481825,18.3184,20.398031,22.648167,21.035631,21.878162,21.06445,22.176834,17.214691,16.933636,0.0,4.0,0.0,0.0,0.0,0.0,0.0,0.0
6895,2023.0,2.0,17.0,21.0,21.0325,22.350044,18.906313,19.201698,21.072212,22.457737,21.06812,22.509628,18.428705,18.729132,18.827473,19.358757,21.036777,21.883083,21.055378,22.14163,17.902695,18.466122,4.0,0.0,0.0,4.0,4.0,0.0,0.0,4.0
6896,2023.0,2.0,17.0,21.0,21.064957,22.423706,20.220743,21.925842,21.039238,22.34744,21.043407,22.422077,20.276005,21.841637,20.258568,22.213835,21.03666,21.882278,21.055859,22.125027,20.409128,22.738834,0.0,4.0,4.0,0.0,0.0,0.0,0.0,0.0
6897,2023.0,2.0,17.0,21.0,21.058178,22.393572,18.920958,19.197405,21.069963,22.412094,21.072796,22.488409,18.598854,18.44993,18.687164,18.877434,21.036423,21.87922,21.055523,22.108337,18.183748,18.129036,4.0,0.0,0.0,0.0,4.0,0.0,0.0,0.0
6898,2023.0,2.0,17.0,21.0,21.031948,22.305687,20.217224,21.868351,21.038637,22.311157,21.042086,22.391787,18.504871,18.804226,20.34788,22.05909,21.006403,21.797016,21.003447,21.9868,17.191708,16.904339,4.0,4.0,4.0,4.0,0.0,4.0,4.0,0.0
6899,2023.0,2.0,17.0,21.0,21.063992,22.381807,20.023794,21.34031,21.069235,22.379667,21.047361,22.39282,20.264177,21.770756,18.79798,18.932898,21.054277,21.889734,21.0645,22.125534,17.106255,16.983408,4.0,0.0,4.0,0.0,4.0,0.0,0.0,0.0
6900,2023.0,2.0,17.0,22.0,21.05739,22.355385,20.06658,21.351849,21.038061,22.281973,21.046743,22.383818,19.181856,19.498377,20.329268,21.904053,21.046917,21.851383,21.054127,22.089046,17.030785,16.924723,0.0,4.0,4.0,4.0,0.0,0.0,0.0,0.0
6901,2023.0,2.0,17.0,22.0,21.031055,22.26987,18.658484,18.588787,21.04348,22.283773,21.07146,22.444532,20.237465,21.578838,18.59052,18.463734,21.047192,21.832018,21.05491,22.074799,16.924414,16.82345,0.0,4.0,0.0,0.0,0.0,0.0,0.0,0.0
6902,2023.0,2.0,17.0,22.0,21.062822,22.347664,18.471909,18.752531,21.06785,22.344597,21.066021,22.419102,18.692524,18.499607,17.844025,17.674143,21.003922,21.736519,21.042513,22.05986,17.652689,18.288885,4.0,0.0,0.0,0.0,0.0,4.0,0.0,4.0
6903,2023.0,2.0,17.0,22.0,21.176434,22.564163,20.229006,21.881329,21.171358,22.537645,21.166025,22.604328,18.530289,18.7102,18.01611,18.155245,21.137648,22.009308,21.427975,22.806858,20.319973,22.783234,0.0,0.0,0.0,4.0,4.0,0.0,4.0,0.0
6904,2023.0,2.0,17.0,22.0,21.05697,22.310675,18.872526,19.105904,21.062037,22.301447,21.050117,22.385693,20.27566,21.676462,20.33341,22.091593,21.045681,21.80547,21.062252,22.07928,18.038855,17.983475,0.0,0.0,0.0,0.0,4.0,0.0,0.0,0.0
6905,2023.0,2.0,17.0,22.0,21.042625,22.300446,18.049791,18.006598,21.047026,22.289078,21.052172,22.396805,19.202967,19.4642,20.019985,21.41819,21.015963,21.71326,21.013128,21.939783,17.035479,16.760048,0.0,0.0,0.0,4.0,0.0,4.0,4.0,0.0
6906,2023.0,2.0,17.0,23.0,21.044529,22.313234,17.801876,17.719442,21.048798,22.300774,21.051737,22.398748,20.202263,21.431482,19.013252,19.347988,21.02066,21.719362,21.061605,22.059572,16.979105,16.861362,0.0,0.0,0.0,4.0,4.0,4.0,0.0,0.0
6907,2023.0,2.0,17.0,23.0,19.951735,20.219852,17.646101,17.559175,19.861872,20.02746,19.780996,19.9612,19.258741,19.521996,18.154036,18.065275,19.886637,19.567785,19.713736,19.456127,17.690151,18.26269,0.0,0.0,0.0,4.0,0.0,0.0,0.0,4.0
6908,2023.0,2.0,17.0,23.0,19.428596,19.490532,17.53874,17.446053,19.246078,19.143215,19.136553,19.047503,18.410555,18.096195,17.858814,17.69639,19.435505,18.975046,19.17138,18.762617,17.726105,18.143488,0.0,0.0,0.0,0.0,0.0,0.0,0.0,4.0
6909,2023.0,2.0,17.0,23.0,19.20131,19.25491,17.44388,17.352848,18.984426,18.865013,19.544535,20.039457,18.054588,17.666786,17.702305,17.539589,20.002283,20.220768,18.932615,18.531775,17.02681,16.817125,0.0,0.0,4.0,0.0,0.0,4.0,0.0,0.0
6910,2023.0,2.0,17.0,23.0,19.029299,19.0851,17.359453,17.270456,18.79203,18.674599,18.99437,19.036127,17.859447,17.473795,17.57421,17.4159,19.375385,18.989622,18.949652,18.764046,16.75444,16.481817,0.0,0.0,0.0,0.0,0.0,0.0,0.0,0.0
6911,2023.0,2.0,17.0,23.0,19.614775,20.317862,17.280798,17.193165,18.628426,18.51211,18.375057,18.031796,17.908306,17.72827,17.78155,17.907064,19.091125,18.649763,18.869328,18.71332,16.629782,16.355005,0.0,0.0,0.0,0.0,4.0,0.0,0.0,0.0
6912,2023.0,2.0,18.0,0.0,19.072,19.24441,17.209085,17.12336,18.487215,18.373693,18.099056,17.717978,17.866083,17.71805,17.508762,17.387392,19.718151,19.96329,18.757454,18.60764,16.69044,16.571398,0.0,0.0,0.0,0.0,0.0,4.0,0.0,0.0
6913,2023.0,2.0,18.0,0.0,18.537619,18.361713,17.143524,17.060196,18.363005,18.253286,18.15743,18.01636,17.78539,17.643913,17.337517,17.188684,19.116243,18.743238,18.653225,18.50808,16.671402,16.568663,0.0,0.0,0.0,0.0,0.0,0.0,0.0,0.0
6914,2023.0,2.0,18.0,0.0,18.313694,18.10295,17.081924,17.000166,18.250322,18.142826,18.104078,18.009268,17.706776,17.568262,17.24334,17.09506,18.86267,18.435429,18.556376,18.414042,17.355152,17.89831,0.0,0.0,0.0,0.0,0.0,0.0,0.0,4.0
6915,2023.0,2.0,18.0,0.0,18.409855,18.436426,17.02523,16.94584,18.14977,18.045889,18.004461,17.9156,17.634523,17.499174,17.16237,17.01713,18.753595,18.332367,18.467316,18.32517,16.689795,16.469841,0.0,0.0,0.0,0.0,0.0,0.0,0.0,0.0
6916,2023.0,2.0,18.0,0.0,18.383337,18.449461,16.971962,16.894783,18.057861,17.957312,17.910177,17.82496,17.565708,17.429209,17.089996,16.947361,18.874739,18.674425,19.35269,20.06406,16.457586,16.192959,0.0,0.0,0.0,0.0,0.0,0.0,4.0,0.0
6917,2023.0,2.0,18.0,0.0,18.311285,18.38167,16.92179,16.846672,17.973612,17.876066,17.822237,17.740309,17.503016,17.366644,17.02412,16.883787,18.876093,18.70466,18.484127,18.228865,16.377583,16.116459,0.0,0.0,0.0,0.0,0.0,0.0,0.0,0.0
6918,2023.0,2.0,18.0,1.0,18.240602,18.312683,16.873877,16.800138,17.895351,17.799606,17.73963,17.659828,17.444866,17.308037,16.960999,16.81803,19.555424,20.033943,18.152739,17.803894,16.452826,16.336348,0.0,0.0,0.0,0.0,0.0,4.0,0.0,0.0
6919,2023.0,2.0,18.0,1.0,18.173813,18.247255,16.82866,16.756317,17.822989,17.728952,17.66277,17.584951,17.978281,18.357418,16.904072,16.76061,19.51058,19.790756,18.031431,17.684963,16.450153,16.345966,0.0,0.0,0.0,4.0,0.0,4.0,0.0,0.0
6920,2023.0,2.0,18.0,1.0,18.113205,18.189238,16.78706,16.717176,17.757656,17.66694,17.593172,17.51901,17.56214,17.461208,16.853361,16.71097,18.798065,18.432535,18.118452,17.961048,17.150785,17.692453,0.0,0.0,0.0,0.0,0.0,0.0,0.0,4.0
6921,2023.0,2.0,18.0,1.0,18.056166,18.133976,16.74719,16.679253,17.696156,17.608034,17.52785,17.456425,17.402983,17.266712,16.806038,16.664248,18.578985,18.169191,18.101246,17.959873,16.65444,16.591522,0.0,0.0,0.0,0.0,0.0,0.0,0.0,0.0
6922,2023.0,2.0,18.0,1.0,17.999998,18.07714,16.707386,16.63957,17.635963,17.547922,17.464403,17.39284,17.341982,17.204144,16.76034,16.617392,18.48371,18.07557,18.04983,17.908115,16.34784,16.10082,0.0,0.0,0.0,0.0,0.0,0.0,0.0,0.0
6923,2023.0,2.0,18.0,1.0,17.949175,18.028196,16.67098,16.605032,17.581635,17.496187,17.407383,17.33831,17.290138,17.152924,16.719452,16.577185,18.63652,18.462097,18.000586,17.859459,16.2496,15.993906,0.0,0.0,0.0,0.0,0.0,0.0,0.0,0.0
6924,2023.0,2.0,18.0,2.0,17.9031,17.98607,16.637833,16.57549,17.532738,17.452255,17.35606,17.292036,17.246426,17.111588,16.682928,16.54306,19.369783,19.859293,17.955091,17.8163,16.326818,16.212917,0.0,0.0,0.0,0.0,0.0,4.0,0.0,0.0
6925,2023.0,2.0,18.0,2.0,17.857037,17.941416,16.60413,16.5434,17.484102,17.405815,17.304802,17.243053,17.769245,18.128786,16.646887,16.50756,18.65119,18.343025,17.910294,17.772049,16.327484,16.224136,0.0,0.0,0.0,4.0,0.0,0.0,0.0,0.0
6926,2023.0,2.0,18.0,2.0,17.812237,17.896692,16.570742,16.510643,17.43683,17.359362,17.254818,17.193966,17.37625,17.271822,16.611975,16.472328,18.394999,17.997463,17.866785,17.72815,16.301804,16.198324,0.0,0.0,0.0,0.0,0.0,0.0,0.0,0.0
6927,2023.0,2.0,18.0,2.0,17.770807,17.856468,16.539398,16.480822,17.392946,17.31757,17.20857,17.149876,17.073988,16.77847,16.579782,16.44077,18.317057,17.923513,17.826405,17.688437,17.007675,17.549322,0.0,0.0,0.0,0.0,0.0,0.0,0.0,4.0
6928,2023.0,2.0,18.0,2.0,17.730965,17.817873,16.509027,16.451962,17.35091,17.277617,17.164618,17.107937,16.949774,16.63065,16.834814,16.943289,18.450903,18.26115,18.77685,19.511925,16.532766,16.489403,0.0,0.0,0.0,0.0,4.0,0.0,4.0,0.0
6929,2023.0,2.0,18.0,2.0,17.692003,17.779882,16.479319,16.423422,17.310368,17.23865,17.122467,17.067213,17.038937,16.882862,16.650927,16.540741,18.468138,18.299828,17.953653,17.730839,16.238043,16.011978,0.0,0.0,0.0,0.0,0.0,0.0,0.0,0.0
6930,2023.0,2.0,18.0,3.0,17.65108,17.73678,16.447462,16.38953,17.267933,17.193909,17.078228,17.020468,17.05109,16.915518,16.544313,16.403427,18.438435,18.269424,17.652922,17.326008,16.13016,15.87977,0.0,0.0,0.0,0.0,0.0,0.0,0.0,0.0
6931,2023.0,2.0,18.0,3.0,17.611628,17.695257,16.415907,16.355553,17.227276,17.151447,17.035963,16.976433,17.020136,16.882303,16.50693,16.363735,18.40664,18.235182,17.559933,17.23292,16.221472,16.121737,0.0,0.0,0.0,0.0,0.0,0.0,0.0,0.0
6932,2023.0,2.0,18.0,3.0,17.573442,17.65559,16.385588,16.324148,17.188412,17.112185,16.995653,16.935799,16.988361,16.8489,16.471449,16.326862,18.374456,18.201197,17.669151,17.528172,16.205118,16.096601,0.0,0.0,0.0,0.0,0.0,0.0,0.0,0.0
6933,2023.0,2.0,18.0,3.0,17.534204,17.6131,16.3525,16.287043,17.147291,17.067743,16.953165,16.889935,16.954737,16.812305,16.435698,16.28757,18.34089,18.164547,17.650616,17.505527,16.17832,16.06721,0.0,0.0,0.0,0.0,0.0,0.0,0.0,0.0
6934,2023.0,2.0,18.0,3.0,18.276417,19.041643,16.324278,16.25949,17.11173,17.033678,16.916506,16.854858,16.923931,16.781311,16.69233,16.793682,18.309843,18.133085,17.615456,17.470255,16.874374,17.398115,0.0,0.0,0.0,0.0,4.0,0.0,0.0,4.0
6935,2023.0,2.0,18.0,3.0,17.800554,17.988638,16.293058,16.225533,17.073397,16.993221,16.877214,16.813349,17.460857,17.814634,16.496143,16.368702,18.276848,18.097603,17.577597,17.430325,16.399637,16.341166,0.0,0.0,0.0,4.0,0.0,0.0,0.0,0.0
6936,2023.0,2.0,18.0,4.0,17.360287,17.224142,16.26162,16.190634,17.035027,16.951986,16.838245,16.771296,17.070164,16.953962,16.391325,16.236591,18.243511,18.061268,17.538868,17.388973,16.09058,15.834352,0.0,0.0,0.0,0.0,0.0,0.0,0.0,0.0
6937,2023.0,2.0,18.0,4.0,17.221647,17.057358,16.231056,16.157316,16.998,16.912859,16.800657,16.731459,17.519424,17.884253,16.350998,16.194176,18.210876,18.02637,17.501186,17.349371,15.982946,15.70806,0.0,0.0,0.0,4.0,0.0,0.0,0.0,0.0
6938,2023.0,2.0,18.0,4.0,17.357052,17.405048,16.201147,16.12523,16.962086,16.875431,16.764034,16.693295,16.91745,16.619158,16.312536,16.1539,18.178778,17.992485,17.46458,17.311356,16.06322,15.93307,0.0,0.0,0.0,0.0,0.0,0.0,0.0,0.0
6939,2023.0,2.0,18.0,4.0,17.373602,17.45195,16.168932,16.088451,16.924013,16.833231,16.72507,16.650198,16.678457,16.314249,16.590744,16.705797,18.144926,17.95496,17.426672,17.270096,16.061766,15.937529,0.0,0.0,0.0,0.0,4.0,0.0,0.0,0.0
6940,2023.0,2.0,18.0,4.0,17.343067,17.420095,16.13944,16.05698,16.889101,16.796946,16.689383,16.613163,16.7901,16.621239,16.347708,16.188787,18.113245,17.92155,17.391356,17.233402,16.034647,15.908761,0.0,0.0,0.0,0.0,0.0,0.0,0.0,0.0
6941,2023.0,2.0,18.0,4.0,17.307987,17.381159,16.107107,16.01959,16.851559,16.755024,16.651154,16.57048,16.784056,16.622288,16.257534,16.087523,18.080112,17.88499,17.355028,17.194113,16.006117,15.877235,0.0,0.0,0.0,0.0,0.0,0.0,0.0,0.0
6942,2023.0,2.0,18.0,5.0,17.273449,17.344141,16.076897,15.986526,16.816366,16.717539,16.615347,16.532358,16.748373,16.58437,16.216547,16.044252,18.048334,17.850948,17.320234,17.15742,15.978502,15.847552,0.0,0.0,0.0,0.0,0.0,0.0,0.0,0.0
6943,2023.0,2.0,18.0,5.0,17.241524,17.312342,16.049723,15.959667,16.784277,16.686005,16.582603,16.50014,16.714699,16.55086,16.180038,16.008074,18.019278,17.82209,17.288095,17.125546,15.953458,15.822533,0.0,0.0,0.0,0.0,0.0,0.0,0.0,0.0
6944,2023.0,2.0,18.0,5.0,17.210163,17.281054,16.02313,15.93345,16.752947,16.655214,16.55062,16.468672,16.68235,16.518726,16.146997,15.975318,17.991234,17.794264,17.257116,17.094845,15.929583,15.798708,0.0,0.0,0.0,0.0,0.0,0.0,0.0,0.0
6945,2023.0,2.0,18.0,5.0,17.179186,17.250076,15.996801,15.907495,16.722075,16.62485,16.5191,16.437649,16.651424,16.48804,16.11598,15.944596,17.963966,17.76723,17.227047,17.065063,15.906668,15.775861,0.0,0.0,0.0,0.0,0.0,0.0,0.0,0.0
6946,2023.0,2.0,18.0,5.0,17.150099,17.22248,15.972749,15.88588,16.693647,16.59898,16.490086,16.411228,17.208353,17.561024,16.088406,15.918988,17.93858,17.743261,17.198898,17.038324,15.885501,15.755674,0.0,0.0,0.0,4.0,0.0,0.0,0.0,0.0
6947,2023.0,2.0,18.0,5.0,17.120266,17.1929,15.947226,15.8611145,17.392048,17.936386,16.459724,16.38178,17.437378,17.859386,16.060953,15.892171,17.913029,17.718304,17.170746,17.010832,15.864455,15.734983,0.0,4.0,0.0,4.0,0.0,0.0,0.0,0.0
6948,2023.0,2.0,18.0,6.0,17.090761,17.163,15.921502,15.835645,16.9707,17.000854,16.429163,16.351606,16.720617,16.414137,16.034346,15.865773,17.887877,17.693394,17.143192,16.98357,15.843808,15.714416,0.0,0.0,0.0,0.0,0.0,0.0,0.0,0.0
6949,2023.0,2.0,18.0,6.0,21.230894,24.483023,15.89708,15.812609,21.0996,24.269522,21.111164,24.593718,17.074339,17.231731,16.294186,16.37239,21.247568,23.466885,22.306925,25.624178,16.569693,17.100498,0.0,0.0,0.0,4.0,4.0,0.0,0.0,4.0
6950,2023.0,2.0,18.0,6.0,21.07624,23.70033,15.871385,15.788129,21.069393,23.69211,21.061745,23.935884,21.54633,24.814241,20.348743,23.28288,21.073044,22.940828,21.308594,23.67872,21.49168,25.281467,0.0,0.0,0.0,0.0,0.0,0.0,0.0,4.0
6951,2023.0,2.0,18.0,6.0,21.073437,23.392448,15.848639,15.765044,21.077494,23.404068,21.084724,23.622175,18.783855,18.84365,18.149073,18.51759,21.058764,22.684496,21.092936,23.006256,20.024963,22.327585,0.0,0.0,0.0,0.0,0.0,0.0,0.0,0.0
6952,2023.0,2.0,18.0,6.0,21.064259,23.175064,15.826656,15.743109,21.04582,23.118322,21.073238,23.360313,17.49843,17.331707,16.861973,16.726202,21.051691,22.508745,21.05681,22.772713,17.762064,17.673738,0.0,4.0,0.0,0.0,0.0,0.0,0.0,0.0
6953,2023.0,2.0,18.0,6.0,21.062927,23.033112,15.80428,15.72044,21.072586,23.052462,21.04735,23.123825,17.972343,18.392357,16.62328,16.449165,21.049273,22.386032,21.019392,22.552023,17.528643,17.905436,0.0,0.0,4.0,4.0,0.0,0.0,4.0,4.0
6954,2023.0,2.0,18.0,7.0,21.061785,22.931265,15.783166,15.700541,21.083052,22.9344,21.075651,23.084734,20.265343,22.317783,16.825056,16.928463,21.048624,22.297207,21.078278,22.589485,20.306906,22.6973,0.0,0.0,0.0,0.0,4.0,0.0,0.0,4.0
6955,2023.0,2.0,18.0,7.0,21.03443,22.782993,15.763115,15.682178,21.055208,22.758097,21.08567,22.980417,18.245169,18.094551,20.353464,22.997444,21.017887,22.151966,21.066849,22.481266,20.726822,23.019884,0.0,4.0,0.0,0.0,0.0,4.0,0.0,4.0
6956,2023.0,2.0,18.0,7.0,21.038767,22.741404,15.745721,15.665991,21.08314,22.761328,21.08169,22.878475,17.995638,18.240627,18.574396,19.118563,21.021748,22.117723,21.066477,22.413376,20.01924,21.609465,0.0,0.0,0.0,4.0,4.0,4.0,0.0,4.0
6957,2023.0,2.0,18.0,7.0,21.052523,22.700886,16.197968,16.525738,21.07602,22.687212,21.063744,22.802954,20.344078,22.22843,20.277073,22.489946,21.034342,22.083094,21.013002,22.25368,20.227522,21.922144,4.0,0.0,0.0,0.0,4.0,4.0,4.0,4.0
6958,2023.0,2.0,18.0,7.0,21.53167,23.375511,20.238848,23.41446,21.75707,23.670055,21.689865,23.688822,18.351103,18.179344,20.04569,21.7707,21.538076,22.818796,21.471632,23.13727,21.2675,23.54413,0.0,4.0,4.0,0.0,0.0,4.0,4.0,4.0
6959,2023.0,2.0,18.0,7.0,21.043158,22.544846,18.041943,18.590162,20.964624,22.279001,20.970411,22.442844,18.38394,18.878077,18.510164,18.613613,20.986258,21.833738,21.040237,22.238062,19.916603,20.955118,0.0,4.0,4.0,4.0,4.0,4.0,4.0,4.0
6960,2023.0,2.0,18.0,8.0,21.071634,22.582949,17.075592,17.442078,21.063623,22.476746,21.092505,22.681993,20.213776,21.922405,20.299831,22.1075,21.03378,21.920902,21.069063,22.299883,20.32133,21.777393,4.0,4.0,0.0,4.0,4.0,4.0,0.0,4.0
6961,2023.0,2.0,18.0,8.0,19.950548,20.383593,20.308643,23.107279,19.846333,20.139708,19.738356,20.02658,20.017633,21.35424,20.024,21.424665,20.314207,20.529482,19.480333,19.216202,20.029646,21.198013,0.0,4.0,4.0,4.0,4.0,4.0,0.0,4.0
6962,2023.0,2.0,18.0,8.0,19.4422,19.8378,18.535845,19.235703,19.222317,19.411766,19.082874,19.28784,20.069155,21.35611,20.075289,21.421932,20.025152,20.216908,19.640348,20.084587,20.033804,21.206991,4.0,4.0,4.0,0.0,0.0,4.0,4.0,4.0
6963,2023.0,2.0,18.0,8.0,19.280361,19.69181,20.288826,22.704666,19.013962,19.21175,18.271097,17.961071,18.544125,18.332083,18.48068,18.276003,19.297287,18.938457,19.767328,20.228695,20.069021,21.299482,0.0,4.0,0.0,0.0,0.0,0.0,4.0,0.0
6964,2023.0,2.0,18.0,8.0,19.155413,19.58166,18.173994,18.316864,18.868319,19.081968,17.792152,17.404018,17.752556,17.371725,17.786737,17.56959,19.5845,19.784687,19.714731,20.18588,18.532688,18.334648,0.0,4.0,0.0,0.0,0.0,4.0,4.0,0.0
6965,2023.0,2.0,18.0,8.0,18.451149,18.3462,17.406588,17.288912,18.152597,17.836405,17.593801,17.205454,17.725637,17.525433,17.641619,17.444696,18.968607,18.585365,18.76725,18.446344,17.905031,17.522984,0.0,0.0,0.0,0.0,0.0,0.0,0.0,0.0
6966,2023.0,2.0,18.0,9.0,18.810863,19.228445,17.2005,17.101772,17.80476,17.40664,17.652775,17.49708,17.658983,17.495342,17.497768,17.310226,18.68157,18.23949,18.382906,17.992233,17.633963,17.26094,0.0,0.0,0.0,0.0,0.0,0.0,0.0,0.0
6967,2023.0,2.0,18.0,9.0,18.215141,18.120533,17.025566,16.932646,17.6324,17.247704,17.599709,17.489786,17.560326,17.407202,17.372921,17.195856,18.556519,18.127674,18.200306,17.823055,17.607033,17.428036,0.0,0.0,0.0,0.0,0.0,0.0,0.0,0.0
6968,2023.0,2.0,18.0,9.0,17.91,17.727585,16.887098,16.800247,17.705114,17.549973,17.50369,17.404543,18.209963,18.71942,17.64287,17.808947,18.66253,18.457159,18.057684,17.69638,17.50557,17.35856,0.0,0.0,0.0,4.0,4.0,0.0,0.0,0.0
6969,2023.0,2.0,18.0,9.0,17.758385,17.581003,16.771173,16.691582,17.669731,17.563898,17.4135,17.32359,20.337957,22.367014,20.273123,22.402729,18.655369,18.488667,19.156355,19.909176,17.384432,17.249676,0.0,0.0,0.0,0.0,0.0,0.0,4.0,0.0
6970,2023.0,2.0,18.0,9.0,17.828276,17.868706,16.653448,16.580786,17.576632,17.481798,17.317186,17.235813,18.414871,18.339201,18.60697,18.851871,18.5938,18.433228,18.430094,18.202196,17.256481,17.132042,0.0,0.0,0.0,0.0,0.0,0.0,0.0,0.0
6971,2023.0,2.0,18.0,9.0,17.817366,17.901072,16.565832,16.48975,17.496744,17.403414,17.238667,17.158184,17.71143,17.338196,17.816126,17.639965,18.538395,18.378689,18.04532,17.701733,17.156055,17.032713,0.0,0.0,0.0,0.0,0.0,0.0,0.0,0.0
6972,2023.0,2.0,18.0,10.0,18.505032,19.25578,16.96029,17.29737,18.132715,18.667282,17.172749,17.102875,17.703896,17.528585,17.630598,17.466354,19.222023,19.718765,17.912613,17.587065,18.009285,18.728283,4.0,4.0,0.0,0.0,0.0,4.0,0.0,4.0
6973,2023.0,2.0,18.0,10.0,17.845282,17.876085,20.249985,23.003048,17.728394,17.81721,17.10978,17.046753,18.36339,18.866543,17.481361,17.321722,18.532034,18.26932,17.806187,17.49245,20.263947,22.518185,0.0,0.0,0.0,4.0,0.0,0.0,0.0,4.0
6974,2023.0,2.0,18.0,10.0,17.436941,17.345087,18.633202,19.408947,17.20496,16.978086,17.044586,16.98821,20.233751,22.037186,17.348034,17.199965,18.187418,17.845009,17.864489,17.71934,20.009325,21.733082,4.0,0.0,0.0,0.0,0.0,0.0,0.0,4.0
6975,2023.0,2.0,18.0,10.0,17.308523,17.201097,20.26883,22.669357,17.000746,16.732782,17.690104,18.255281,18.49242,18.423449,17.234377,17.092594,18.103516,17.762962,17.861353,17.74404,20.073364,21.703339,0.0,0.0,4.0,0.0,0.0,0.0,0.0,0.0
6976,2023.0,2.0,18.0,10.0,17.410955,17.491098,18.241934,18.449055,17.785545,18.308455,17.366182,17.468437,17.640688,17.344927,17.143091,17.011055,18.22133,18.06241,17.808804,17.69593,18.382275,18.310913,0.0,4.0,0.0,0.0,0.0,0.0,0.0,0.0
6977,2023.0,2.0,18.0,10.0,17.43393,17.555656,17.2656,16.977348,17.846651,18.256596,16.91055,16.688654,17.617727,17.473549,17.079319,16.951424,18.248713,18.114454,17.761087,17.649538,17.737703,17.426414,0.0,4.0,0.0,0.0,0.0,0.0,0.0,0.0
6978,2023.0,2.0,18.0,11.0,17.404501,17.532707,17.196604,17.10308,17.243282,17.123808,16.773851,16.541513,17.565046,17.444252,17.024391,16.905134,18.23261,18.102686,17.719753,17.612347,17.518175,17.222643,0.0,0.0,0.0,0.0,0.0,0.0,0.0,0.0
6979,2023.0,2.0,18.0,11.0,17.372078,17.504616,17.55949,17.920115,17.682646,18.05869,16.8528,16.788292,17.49019,17.376549,16.973045,16.85937,18.215523,18.088621,17.681534,17.576832,17.498552,17.36281,4.0,4.0,0.0,0.0,0.0,0.0,0.0,0.0
6980,2023.0,2.0,18.0,11.0,17.331728,17.460958,20.264503,22.669596,17.811352,18.232489,16.849022,16.81772,17.422203,17.314293,16.925892,16.81709,18.931807,19.459524,17.647041,17.545593,17.42078,17.310995,0.0,4.0,0.0,0.0,0.0,4.0,0.0,0.0
6981,2023.0,2.0,18.0,11.0,17.30388,17.446644,18.527796,18.99369,17.842155,18.264565,17.51336,18.106064,17.351694,17.249344,16.880388,16.776909,18.381428,18.17461,17.61166,17.513136,17.310188,17.209265,0.0,4.0,4.0,0.0,0.0,0.0,0.0,0.0
6982,2023.0,2.0,18.0,11.0,17.276384,17.423567,18.085777,18.470713,17.864899,18.292454,17.740997,18.396528,18.047632,18.609604,16.848701,16.748161,18.136333,17.83,17.58321,17.486618,17.225807,17.127785,4.0,4.0,4.0,4.0,0.0,0.0,0.0,0.0
6983,2023.0,2.0,18.0,11.0,17.245684,17.394243,20.240215,22.339388,17.298311,17.230072,17.040377,17.01338,20.26874,22.403278,16.820566,16.72375,18.839846,19.221643,17.558025,17.46436,18.071968,18.795008,4.0,0.0,0.0,0.0,0.0,4.0,0.0,4.0
6984,2023.0,2.0,18.0,12.0,17.213713,17.365002,20.043304,21.781178,17.624079,18.020554,16.65724,16.500042,18.40472,18.436296,17.196615,17.457947,19.10969,19.52221,17.53188,17.440966,20.274834,22.456865,0.0,4.0,0.0,0.0,4.0,4.0,0.0,0.0
6985,2023.0,2.0,18.0,12.0,21.331955,24.648783,18.374506,18.462769,21.359568,24.419756,21.314829,24.755262,17.500399,17.2495,20.303873,22.751236,21.228783,23.2427,21.57812,24.409964,18.27846,18.278818,0.0,4.0,4.0,0.0,4.0,0.0,0.0,0.0
6986,2023.0,2.0,18.0,12.0,21.017365,23.59777,17.410421,17.216433,21.03215,23.406775,21.027327,23.696175,17.444689,17.32289,20.012915,21.835949,21.035753,22.590097,22.135155,24.885212,17.378273,17.145975,0.0,0.0,0.0,0.0,0.0,0.0,0.0,0.0
6987,2023.0,2.0,18.0,12.0,21.083702,23.416515,17.272097,17.208141,21.084305,23.24993,21.090633,23.49389,17.41849,17.31439,18.346645,18.37367,21.05837,22.447956,21.196836,22.983257,17.303993,17.195305,0.0,0.0,0.0,0.0,0.0,0.0,0.0,0.0
6988,2023.0,2.0,18.0,12.0,21.03968,23.103355,17.16689,17.132215,21.04418,22.972786,21.048632,23.173784,17.358007,17.25513,17.426533,17.139658,21.03849,22.29567,21.057743,22.684479,17.250172,17.152048,0.0,4.0,4.0,0.0,0.0,0.0,0.0,0.0
6989,2023.0,2.0,18.0,12.0,21.052948,22.98951,17.043211,17.02119,21.080263,22.940266,21.085571,23.11783,17.310026,17.21197,17.368948,17.225948,21.042645,22.218538,21.05274,22.560923,18.17819,18.979715,0.0,0.0,0.0,0.0,0.0,0.0,0.0,4.0
6990,2023.0,2.0,18.0,13.0,21.07411,22.951893,16.927692,16.909966,21.046892,22.759947,21.07607,22.986973,17.267843,17.17299,17.323845,17.205948,21.0407,22.150244,21.050282,22.469444,20.26188,22.38896,0.0,4.0,0.0,0.0,0.0,0.0,0.0,0.0
6991,2023.0,2.0,18.0,13.0,21.06775,22.85895,16.826233,16.811676,21.075613,22.769287,21.062368,22.89971,17.231377,17.139624,17.247175,17.135876,21.039762,22.099173,21.049284,22.402113,18.347172,18.367405,0.0,0.0,0.0,0.0,0.0,0.0,0.0,0.0
6992,2023.0,2.0,18.0,13.0,21.064312,22.789127,16.732357,16.715786,21.040216,22.62386,21.034986,22.777676,17.198767,17.109123,17.173372,17.062668,21.037317,22.056246,21.045801,22.345303,17.473318,17.260109,0.0,4.0,4.0,0.0,0.0,0.0,0.0,0.0
6993,2023.0,2.0,18.0,13.0,21.113966,22.852798,16.652296,16.637133,21.13762,22.797834,21.148603,22.965672,17.17097,17.084211,17.111345,17.003489,21.079704,22.104948,21.100195,22.406822,17.40206,17.306854,0.0,0.0,0.0,0.0,0.0,0.0,0.0,0.0
6994,2023.0,2.0,18.0,13.0,21.110735,22.803942,16.58417,16.573568,21.092003,22.610073,21.141766,22.865456,17.146889,17.063126,17.059181,16.95567,21.02412,21.932833,21.095715,22.347975,17.336874,17.247896,0.0,4.0,0.0,0.0,0.0,4.0,0.0,0.0
6995,2023.0,2.0,18.0,13.0,21.064186,22.662468,16.523222,16.517017,21.130606,22.701553,21.119024,22.806185,17.125261,17.044304,17.013365,16.91391,21.094427,22.079596,21.09403,22.317204,17.265766,17.181637,0.0,0.0,0.0,0.0,0.0,0.0,0.0,0.0
6996,2023.0,2.0,18.0,14.0,21.127024,22.79212,16.468365,16.466387,21.08675,22.543154,21.11768,22.788675,17.105831,17.027542,16.972906,16.877254,21.0901,22.016586,21.09232,22.289162,17.203869,17.124144,0.0,4.0,0.0,0.0,0.0,0.0,0.0,0.0
6997,2023.0,2.0,18.0,14.0,19.570206,19.75383,16.42191,16.427185,20.006615,20.472315,20.127045,20.842289,17.087559,17.011194,16.938005,16.847034,20.125162,20.154095,19.879925,19.936647,18.072933,18.814514,0.0,4.0,4.0,0.0,0.0,0.0,0.0,4.0
6998,2023.0,2.0,18.0,14.0,18.898754,18.837194,16.378979,16.384672,19.010672,18.851862,19.17514,19.287504,17.069916,16.993538,16.906364,16.81543,19.724842,19.588976,19.376871,19.255228,20.285528,22.537468,0.0,0.0,0.0,0.0,0.0,0.0,0.0,0.0
6999,2023.0,2.0,18.0,14.0,18.736273,18.840277,16.334293,16.341726,19.118137,19.420927,19.073744,19.4363,17.049383,16.973328,16.872416,16.782612,20.277525,20.811728,19.116482,18.993492,18.332941,18.394558,0.0,4.0,4.0,0.0,0.0,4.0,0.0,0.0
7000,2023.0,2.0,18.0,14.0,18.604155,18.734283,16.296244,16.303656,19.14634,19.526566,19.024714,19.42641,17.029064,16.952639,16.842709,16.752708,19.52626,19.312784,18.949642,18.824562,17.669651,17.451626,0.0,4.0,4.0,0.0,0.0,0.0,0.0,0.0
7001,2023.0,2.0,18.0,14.0,18.454504,18.586222,16.259953,16.267954,18.434078,18.271702,18.343391,18.248047,17.007872,16.931084,16.813839,16.724003,19.178663,18.848837,18.807245,18.685102,17.59646,17.487955,0.0,0.0,0.0,0.0,0.0,0.0,0.0,0.0
7002,2023.0,2.0,18.0,15.0,18.32767,18.461725,16.226366,16.23536,18.771942,19.107492,17.986614,17.780977,17.743319,18.335709,17.175398,17.426544,19.03643,18.70908,18.687258,18.569633,17.508053,17.415098,0.0,4.0,0.0,4.0,4.0,0.0,0.0,0.0
7003,2023.0,2.0,18.0,15.0,18.214996,18.351656,16.195412,16.206064,18.236492,18.11872,17.793869,17.586224,20.647877,23.38013,20.264044,22.746197,19.080873,18.919453,18.58209,18.47005,17.419138,17.330627,0.0,0.0,0.0,0.0,0.0,0.0,0.0,0.0
7004,2023.0,2.0,18.0,15.0,18.106792,18.25225,16.164833,16.176085,17.851713,17.639774,17.766174,17.71032,18.32741,18.431263,18.512648,18.901867,19.051485,18.921438,18.473518,18.366394,17.32887,17.244385,0.0,0.0,0.0,0.0,0.0,0.0,0.0,0.0
7005,2023.0,2.0,18.0,15.0,18.770859,19.575127,16.617474,17.042753,17.709051,17.489527,17.706873,17.681734,17.611732,17.372826,17.68951,17.59516,18.98595,18.860535,18.389242,18.283169,17.259932,17.176079,4.0,0.0,0.0,0.0,0.0,0.0,0.0,0.0
7006,2023.0,2.0,18.0,15.0,18.91288,19.72963,20.268581,23.30309,17.741909,17.672453,17.6156,17.59601,17.558117,17.435946,17.504694,17.387877,18.921398,18.800474,18.313232,18.21143,17.198473,17.118034,4.0,0.0,0.0,0.0,0.0,0.0,0.0,0.0
7007,2023.0,2.0,18.0,15.0,18.121258,18.199915,20.023392,22.386688,18.41647,19.003069,17.515646,17.498465,17.488983,17.387314,17.368494,17.251278,18.854065,18.735529,18.233612,18.13431,17.134247,17.055838,0.0,4.0,0.0,0.0,0.0,0.0,0.0,0.0
7008,2023.0,2.0,18.0,16.0,18.434523,19.028046,18.06933,18.347523,18.651693,19.28934,17.42638,17.412931,18.126556,18.66896,17.271389,17.160908,19.570627,20.149551,18.163366,18.067564,17.077232,17.001627,0.0,4.0,0.0,4.0,0.0,4.0,0.0,0.0
7009,2023.0,2.0,18.0,16.0,18.548668,19.16824,17.34332,17.34073,18.495682,18.952024,17.355589,17.342384,20.275154,22.336958,17.205158,17.096598,18.897715,18.72334,18.107506,18.012691,17.956186,18.700666,0.0,4.0,0.0,0.0,0.0,0.0,0.0,4.0
7010,2023.0,2.0,18.0,16.0,18.555546,19.164383,17.117266,17.121351,17.849379,17.797071,17.282078,17.270962,19.019983,19.54368,17.136206,17.032156,19.271616,19.650297,18.049711,17.956957,20.281256,22.543625,0.0,0.0,0.0,4.0,0.0,4.0,0.0,0.0
7011,2023.0,2.0,18.0,16.0,18.570475,19.180325,17.386934,17.775183,17.47395,17.295776,17.21412,17.20347,20.240398,21.967701,17.071123,16.969913,18.794193,18.583965,17.994955,17.903784,18.301573,18.367018,4.0,0.0,0.0,0.0,0.0,0.0,0.0,0.0
7012,2023.0,2.0,18.0,16.0,18.572334,19.175533,20.282906,22.808483,17.321154,17.125196,17.15174,17.14152,19.169392,19.645697,17.010397,16.910254,18.492876,18.208374,17.943811,17.853943,17.398352,17.21134,4.0,0.0,0.0,4.0,0.0,0.0,0.0,0.0
7013,2023.0,2.0,18.0,16.0,18.583967,19.194483,20.018738,21.99225,17.888327,18.269785,17.800873,18.409597,20.17876,21.657158,16.958626,16.860428,18.398048,18.108046,17.895796,17.807064,17.291048,17.192907,4.0,4.0,4.0,4.0,0.0,0.0,0.0,0.0
7014,2023.0,2.0,18.0,17.0,18.586681,19.194216,20.061457,21.88445,17.527187,17.460201,17.454021,17.569307,20.040087,21.28834,17.319485,17.580639,18.485664,18.352312,17.850996,17.763268,18.161274,18.907753,4.0,0.0,0.0,0.0,4.0,0.0,0.0,4.0
7015,2023.0,2.0,18.0,17.0,18.57852,19.176426,20.054365,21.736336,17.864862,18.25818,17.003246,16.872398,19.264826,19.67776,20.279419,22.631214,18.504385,18.39314,17.806923,17.717999,20.351427,22.565926,4.0,4.0,0.0,4.0,4.0,0.0,0.0,0.0
7016,2023.0,2.0,18.0,17.0,18.580494,19.179924,20.053364,21.63587,18.055296,18.490078,17.50398,17.914047,20.151186,21.439367,20.01406,21.788897,19.205011,19.746035,17.763931,17.673676,18.33478,18.353338,4.0,4.0,4.0,4.0,0.0,4.0,0.0,0.0
7017,2023.0,2.0,18.0,17.0,18.576714,19.171783,20.051813,21.558006,18.075119,18.504147,17.144712,17.092075,20.042528,21.172434,18.351357,18.350677,18.63021,18.426859,17.722767,17.631083,17.451452,17.240265,4.0,4.0,0.0,0.0,0.0,0.0,0.0,0.0
7018,2023.0,2.0,18.0,17.0,18.570902,19.160852,20.05095,21.498625,18.084616,18.508162,16.822788,16.655125,18.746525,18.626728,17.807812,17.838148,18.29147,17.998985,17.68351,17.590399,17.346933,17.239798,4.0,4.0,0.0,0.0,4.0,0.0,0.0,0.0
7019,2023.0,2.0,18.0,17.0,18.556885,19.136076,20.067858,21.501122,18.087559,18.505835,16.709831,16.523708,18.036837,17.741741,20.369087,22.214811,18.198847,17.898748,17.646198,17.551682,17.273762,17.183092,0.0,4.0,0.0,0.0,0.0,0.0,0.0,0.0
7020,2023.0,2.0,18.0,18.0,18.554134,19.135862,18.92504,19.249508,18.08627,18.499441,17.492916,18.066412,17.94069,17.792809,18.569237,18.584913,18.294697,18.154839,17.610752,17.514862,17.182854,17.095766,4.0,4.0,4.0,0.0,0.0,0.0,0.0,0.0
7021,2023.0,2.0,18.0,18.0,21.316269,23.981417,20.212088,21.770657,21.339834,24.16187,21.314419,24.621742,17.869228,17.74567,17.982525,17.821524,21.454912,23.578934,22.720724,26.129137,17.110981,17.022293,0.0,4.0,0.0,0.0,0.0,0.0,0.0,0.0
7022,2023.0,2.0,18.0,18.0,21.006124,23.06033,18.66372,18.708515,21.011906,23.174858,21.030468,23.583818,17.757635,17.640696,17.825161,17.688438,20.963608,22.449759,21.201576,23.227657,17.042274,16.955318,0.0,4.0,0.0,0.0,0.0,4.0,0.0,0.0
7023,2023.0,2.0,18.0,18.0,21.054367,22.968325,18.359547,18.70039,21.085686,23.111061,21.088533,23.392166,18.430037,19.007053,17.661945,17.527666,21.042767,22.414364,21.088507,22.805866,16.982069,16.8931,4.0,0.0,0.0,4.0,0.0,4.0,0.0,0.0
7024,2023.0,2.0,18.0,18.0,21.072477,22.897568,20.225443,22.03345,21.048752,22.855768,21.161854,23.341934,20.202414,21.908514,17.52487,17.392443,21.029835,22.254826,21.268965,23.009148,17.842585,18.559875,4.0,4.0,4.0,4.0,0.0,4.0,4.0,4.0
7025,2023.0,2.0,18.0,18.0,21.040659,22.717167,20.02666,21.496494,21.05319,22.751621,21.085447,23.052174,20.04003,21.402927,17.813082,18.040205,21.05882,22.233242,21.07063,22.520676,20.30798,22.628437,4.0,4.0,0.0,0.0,4.0,0.0,0.0,0.0
7026,2023.0,2.0,18.0,19.0,21.044924,22.65753,20.052498,21.458729,21.051178,22.665174,21.07631,22.92013,19.144705,19.499208,20.275667,22.29066,21.022762,22.061783,21.020819,22.307766,18.18905,18.155098,4.0,4.0,0.0,4.0,0.0,4.0,4.0,0.0
7027,2023.0,2.0,18.0,19.0,21.043633,22.604225,20.06573,21.437323,21.050043,22.600245,21.07559,22.831396,20.205757,21.606403,18.682495,18.891005,21.056883,22.093422,21.067617,22.369623,17.260355,17.002554,0.0,4.0,0.0,0.0,0.0,0.0,0.0,0.0
7028,2023.0,2.0,18.0,19.0,21.069086,22.634373,18.934847,19.200294,21.048996,22.54917,21.035404,22.694448,18.698742,18.547682,17.787859,17.688694,21.020597,21.952637,21.058134,22.297321,17.217434,17.106764,4.0,4.0,4.0,0.0,0.0,4.0,0.0,0.0
7029,2023.0,2.0,18.0,19.0,21.164112,22.78516,20.207283,21.821384,21.191345,22.794537,21.174622,22.964891,17.9214,17.5848,17.569298,17.438734,21.134731,22.167236,21.202385,22.541279,17.178268,17.082245,4.0,4.0,0.0,0.0,0.0,0.0,0.0,0.0
7030,2023.0,2.0,18.0,19.0,21.061775,22.543663,20.016903,21.343573,21.04639,22.467022,21.046787,22.629704,17.891294,17.75305,17.432789,17.296604,21.016823,21.877258,21.056356,22.207518,17.100742,17.000513,4.0,4.0,4.0,0.0,0.0,4.0,0.0,0.0
7031,2023.0,2.0,18.0,19.0,21.056412,22.505703,20.127094,21.520502,21.09346,22.534971,21.105316,22.707422,17.818966,17.686132,17.33209,17.196865,21.09933,22.047241,21.09407,22.277246,17.035215,16.935028,0.0,4.0,4.0,0.0,0.0,0.0,0.0,0.0
7032,2023.0,2.0,18.0,20.0,21.065105,22.52413,18.9836,19.233229,21.064518,22.470823,21.068895,22.621834,18.476841,19.021479,17.25683,17.131817,21.042377,21.897587,21.039505,22.156267,16.981775,16.883505,4.0,0.0,0.0,4.0,0.0,0.0,0.0,0.0
7033,2023.0,2.0,18.0,20.0,21.034874,22.420666,20.215935,21.81102,21.041199,22.379862,21.071526,22.5977,20.226465,21.913502,17.179777,17.054537,21.048908,21.889835,21.006844,22.05546,16.931555,16.832718,0.0,4.0,0.0,0.0,0.0,0.0,4.0,0.0
7034,2023.0,2.0,18.0,20.0,21.039824,22.415356,18.958248,19.228445,21.045351,22.370827,21.045631,22.50006,19.112995,19.47328,17.111631,16.985186,21.035376,21.869167,21.064903,22.176449,17.812443,18.532795,4.0,4.0,4.0,4.0,0.0,0.0,0.0,4.0
7035,2023.0,2.0,18.0,20.0,21.039059,22.401325,20.218184,21.86437,21.06957,22.424109,21.050095,22.491299,20.251005,21.68447,17.048885,16.920382,21.036762,21.87236,21.05455,22.130915,20.309628,22.637146,0.0,0.0,4.0,0.0,0.0,0.0,0.0,0.0
7036,2023.0,2.0,18.0,20.0,21.038616,22.388233,18.934286,19.207855,21.063946,22.393059,21.073917,22.542786,19.239372,19.568268,16.994442,16.866787,21.006353,21.79112,21.055122,22.109278,18.867088,19.420097,4.0,0.0,0.0,4.0,0.0,4.0,0.0,4.0
7037,2023.0,2.0,18.0,20.0,21.170923,22.660133,20.215124,21.863356,21.168474,22.582907,21.16499,22.70386,20.223486,21.510624,16.943693,16.814322,21.191788,22.142693,21.243496,22.48972,20.268852,22.195805,4.0,0.0,0.0,0.0,0.0,4.0,0.0,0.0
7038,2023.0,2.0,18.0,21.0,21.03192,22.340874,20.043087,21.410788,21.023603,22.282766,21.067955,22.486517,18.723804,18.528893,16.897879,16.76789,21.021286,21.783794,21.04358,22.083256,19.073622,19.587416,0.0,4.0,0.0,0.0,0.0,4.0,0.0,4.0
7039,2023.0,2.0,18.0,21.0,21.064741,22.41567,18.585905,18.546412,21.055874,22.377802,21.028175,22.399164,17.969269,17.610723,16.85884,16.72941,21.021452,21.77403,21.04378,22.08172,20.189932,21.805649,0.0,0.0,4.0,0.0,0.0,4.0,0.0,4.0
7040,2023.0,2.0,18.0,21.0,21.030914,22.314304,18.38977,18.712492,21.064024,22.365284,21.060162,22.49143,17.941631,17.781202,16.820868,16.690277,21.021074,21.763948,21.003086,21.969423,20.043175,21.408735,4.0,0.0,0.0,0.0,0.0,4.0,4.0,0.0
7041,2023.0,2.0,18.0,21.0,21.064312,22.39364,20.237505,21.997917,21.06271,22.339634,21.068445,22.476957,17.882534,17.741224,16.785763,16.655037,21.021017,21.75496,21.063166,22.098984,18.490835,18.321056,0.0,0.0,0.0,0.0,0.0,4.0,0.0,0.0
7042,2023.0,2.0,18.0,21.0,21.031599,22.295906,18.827919,19.106853,21.022762,22.250582,21.066734,22.449228,18.53797,19.074425,16.754204,16.623283,21.051003,21.824419,21.052843,22.057531,17.719175,17.394852,0.0,4.0,0.0,4.0,0.0,0.0,0.0,0.0
7043,2023.0,2.0,18.0,21.0,21.036877,22.301058,18.378754,18.725235,21.069523,22.343946,21.051723,22.429281,20.206587,21.845888,16.72435,16.593016,21.04558,21.795803,21.053541,22.039612,17.477581,17.155329,4.0,0.0,0.0,0.0,0.0,0.0,0.0,0.0
7044,2023.0,2.0,18.0,22.0,21.036072,22.294348,20.240498,22.057219,21.03623,22.239288,21.028622,22.367134,18.5429,18.385506,16.694868,16.562576,21.015444,21.70121,21.041216,22.022076,17.4881,17.345959,0.0,4.0,4.0,0.0,0.0,4.0,0.0,0.0
7045,2023.0,2.0,18.0,22.0,21.06302,22.36225,18.845144,19.128363,21.067318,22.309992,21.058443,22.452768,17.73408,17.382435,16.668291,16.535002,21.050724,21.785114,21.00262,21.9191,17.440605,17.3179,4.0,0.0,0.0,0.0,0.0,0.0,4.0,0.0
7046,2023.0,2.0,18.0,22.0,21.03067,22.265438,20.221498,21.958158,21.03604,22.213104,21.067743,22.439173,18.380121,18.799831,16.94584,17.076176,21.045055,21.760717,21.062275,22.05133,17.34828,17.229471,4.0,4.0,0.0,4.0,4.0,0.0,0.0,0.0
7047,2023.0,2.0,18.0,22.0,21.036652,22.270573,20.025463,21.410244,21.066977,22.28615,21.066227,22.410873,20.375769,22.178963,20.437155,22.87829,21.01507,21.670355,21.012001,21.905695,17.264765,17.148413,4.0,0.0,0.0,0.0,4.0,4.0,4.0,0.0
7048,2023.0,2.0,18.0,22.0,21.062504,22.33618,20.051193,21.360014,21.0357,22.19089,21.050646,22.388084,18.525837,18.340769,19.994278,21.802776,21.050531,21.757841,21.020496,21.91603,17.94943,18.506128,4.0,4.0,0.0,0.0,4.0,0.0,4.0,4.0
7049,2023.0,2.0,18.0,22.0,21.057003,22.312206,20.064701,21.331156,21.066664,22.264982,21.05225,22.391836,17.705471,17.330055,20.063162,21.703682,21.044786,21.735767,21.060078,22.018398,20.253017,22.329453,0.0,0.0,0.0,0.0,0.0,0.0,0.0,4.0
7050,2023.0,2.0,18.0,23.0,21.057463,22.300287,18.636019,18.540176,21.060732,22.240707,21.05164,22.387465,17.709332,17.537392,18.619097,18.73943,21.0453,21.726503,21.05209,21.987751,20.041433,21.66141,0.0,0.0,0.0,0.0,0.0,0.0,0.0,0.0
7051,2023.0,2.0,18.0,23.0,20.510437,21.237135,18.437538,18.693205,19.625542,19.480204,19.779987,19.942402,17.688616,17.54419,17.802628,17.670652,20.193892,20.105474,20.55677,20.98033,18.331484,18.180698,4.0,0.0,0.0,0.0,0.0,0.0,4.0,0.0
7052,2023.0,2.0,18.0,23.0,19.431864,19.319265,18.106056,18.118505,19.196405,19.025997,19.141916,19.037762,17.616154,17.468817,17.9115,18.017445,19.841146,19.640327,19.524647,19.153694,17.711157,17.350286,0.0,0.0,0.0,0.0,4.0,0.0,0.0,0.0
7053,2023.0,2.0,18.0,23.0,18.924059,18.640778,17.804682,17.696968,19.000223,18.849525,18.85773,18.725183,17.541746,17.390825,17.590593,17.42746,19.674307,19.469517,19.097414,18.649479,17.692772,17.528034,0.0,0.0,0.0,0.0,0.0,0.0,0.0,0.0
7054,2023.0,2.0,18.0,23.0,18.688332,18.411085,17.653254,17.538847,18.820095,18.67583,18.660357,18.533514,17.476297,17.325378,17.413538,17.242363,19.54229,19.343817,18.879871,18.443785,18.378796,18.926296,0.0,0.0,0.0,0.0,0.0,0.0,0.0,4.0
7055,2023.0,2.0,18.0,23.0,18.76044,18.749445,17.527071,17.410784,18.660309,18.516865,18.489258,18.362988,17.41239,17.259926,17.613604,17.715508,19.423094,19.227312,18.917461,18.708637,17.59129,17.303467,0.0,0.0,0.0,0.0,4.0,0.0,0.0,0.0
7056,2023.0,2.0,19.0,0.0,18.694359,18.720098,17.404503,17.2752,18.505617,18.349932,18.326311,18.186714,17.347366,17.188805,17.650557,17.764353,19.307953,19.106386,18.844751,18.662876,17.24643,16.875708,0.0,0.0,0.0,0.0,4.0,0.0,0.0,0.0
7057,2023.0,2.0,19.0,0.0,18.596947,18.63569,17.319056,17.202686,18.393902,18.254128,18.209438,18.08611,17.860407,18.199974,17.131895,16.797625,19.21642,19.019789,18.745474,18.57662,18.076769,18.593657,0.0,0.0,0.0,4.0,0.0,0.0,0.0,4.0
7058,2023.0,2.0,19.0,0.0,18.499292,18.54178,17.233297,17.119577,18.28336,18.147715,18.094204,17.974752,17.47323,17.356874,16.844854,16.427439,19.1293,18.933441,18.646803,18.483404,17.373217,17.09209,0.0,0.0,0.0,0.0,0.0,0.0,0.0,0.0
7059,2023.0,2.0,19.0,0.0,18.404404,18.445267,17.150423,17.035105,18.177746,18.04076,17.984459,17.863214,17.298315,17.14201,16.941,16.752275,19.047323,18.849009,18.54721,18.37741,17.06781,16.716179,0.0,0.0,0.0,0.0,0.0,0.0,0.0,0.0
7060,2023.0,2.0,19.0,0.0,18.324915,18.371918,17.081299,16.97205,18.089905,17.960335,17.893143,17.779408,17.827051,18.189438,16.927504,16.763746,18.978197,18.783047,18.464064,18.297598,16.957644,16.616964,0.0,0.0,0.0,4.0,0.0,0.0,0.0,0.0
7061,2023.0,2.0,19.0,0.0,18.250454,18.301897,17.016167,16.911413,18.007805,17.883787,17.807697,17.699625,17.2108,16.893805,16.871548,16.707754,18.91442,18.7215,18.387644,18.223646,17.812212,18.340874,0.0,0.0,0.0,0.0,0.0,0.0,0.0,4.0
7062,2023.0,2.0,19.0,1.0,18.179825,18.233496,16.954184,16.852066,18.628418,19.119967,17.726881,17.622065,16.965702,16.597862,16.815546,16.652016,18.85461,18.662405,18.31602,18.152756,17.87391,18.244377,0.0,4.0,0.0,0.0,0.0,0.0,0.0,4.0
7063,2023.0,2.0,19.0,1.0,18.113297,18.168402,16.89551,16.79493,18.198698,18.224077,17.651789,17.548996,16.878841,16.513674,16.763342,16.59974,18.799074,18.606892,18.249866,18.086765,17.14022,16.842678,0.0,0.0,0.0,0.0,0.0,0.0,0.0,0.0
7064,2023.0,2.0,19.0,1.0,18.04842,18.102846,16.838179,16.7371,17.655916,17.27414,17.579569,17.476389,17.00638,16.845737,16.712996,16.547823,18.746119,18.55258,18.187202,18.022772,16.89296,16.55256,0.0,0.0,0.0,0.0,0.0,0.0,0.0,0.0
7065,2023.0,2.0,19.0,1.0,17.986261,18.039223,16.782124,16.678768,17.4664,17.049517,17.509844,17.404766,17.007538,16.853186,16.66491,16.497463,18.696045,18.500841,18.128296,17.962404,16.784426,16.444479,0.0,0.0,0.0,0.0,0.0,0.0,0.0,0.0
7066,2023.0,2.0,19.0,1.0,17.931463,17.98684,16.73445,16.634338,17.633417,17.495111,17.449526,17.348402,16.976313,16.822262,16.6228,16.456429,18.651064,18.456722,18.074926,17.910017,16.895248,16.755678,0.0,0.0,0.0,0.0,0.0,0.0,0.0,0.0
7067,2023.0,2.0,19.0,1.0,17.880428,17.938936,16.689302,16.592417,17.617828,17.501404,17.39281,17.295927,16.94499,16.791826,16.583473,16.4186,18.608986,18.41611,18.025066,17.861895,17.60443,18.110561,0.0,0.0,0.0,0.0,0.0,0.0,0.0,4.0
7068,2023.0,2.0,19.0,2.0,17.830082,17.889706,16.644419,16.54881,17.569258,17.456997,17.337084,17.242104,16.912754,16.759666,16.544802,16.38008,18.56772,18.375116,17.976408,17.813705,16.920061,16.649017,0.0,0.0,0.0,0.0,0.0,0.0,0.0,0.0
7069,2023.0,2.0,19.0,2.0,17.777493,17.833633,16.59641,16.49698,17.513897,17.398682,17.278782,17.180008,16.878626,16.72305,16.504444,16.336432,18.525166,18.329752,17.926762,17.761307,16.662949,16.32258,0.0,0.0,0.0,0.0,0.0,0.0,0.0,0.0
7070,2023.0,2.0,19.0,2.0,17.733582,17.792807,16.557919,16.462479,17.467072,17.35656,17.23108,17.136902,17.435247,17.796585,16.470678,16.304506,18.488443,18.294577,17.883484,17.719746,16.764572,16.615997,0.0,0.0,0.0,4.0,0.0,0.0,0.0,0.0
7071,2023.0,2.0,19.0,2.0,17.686123,17.74281,16.514257,16.416004,17.414978,17.302177,17.17823,17.081602,17.677446,18.118444,16.434029,16.265469,18.449604,18.253788,17.838455,17.67292,16.751392,16.610315,0.0,0.0,0.0,4.0,0.0,0.0,0.0,0.0
7072,2023.0,2.0,19.0,2.0,17.646578,17.706268,16.479095,16.384981,17.371778,17.263903,17.134657,17.042929,16.930426,16.61477,16.403051,16.236647,18.415728,18.221804,17.798801,17.635357,16.71435,16.575094,0.0,0.0,0.0,0.0,0.0,0.0,0.0,0.0
7073,2023.0,2.0,19.0,2.0,17.602238,17.658457,16.43766,16.34008,17.322243,17.211273,17.084803,16.989876,16.669382,16.284576,16.368187,16.198994,18.378664,18.182375,17.756199,17.590498,16.673782,16.532084,0.0,0.0,0.0,0.0,0.0,0.0,0.0,0.0
7074,2023.0,2.0,19.0,3.0,17.562893,17.619816,16.402445,16.306656,17.279474,17.170738,17.041855,16.949106,16.801851,16.640171,16.33746,16.168774,18.345173,18.149254,17.717455,17.552221,16.637114,16.495733,0.0,0.0,0.0,0.0,0.0,0.0,0.0,0.0
7075,2023.0,2.0,19.0,3.0,17.523832,17.58113,16.855528,17.187298,17.237127,17.129616,16.999374,16.907803,16.792751,16.63415,16.30692,16.138075,18.312077,18.11609,17.679518,17.514444,16.601545,16.460136,4.0,0.0,0.0,0.0,0.0,0.0,0.0,0.0
7076,2023.0,2.0,19.0,3.0,17.48396,17.540112,16.562477,16.557924,17.194035,17.085964,16.956173,16.86399,16.758022,16.598839,16.275854,16.105732,18.278461,18.081417,17.641275,17.47535,16.56601,16.42357,0.0,0.0,0.0,0.0,0.0,0.0,0.0,0.0
7077,2023.0,2.0,19.0,3.0,17.450577,17.511251,16.397459,16.309317,17.15225,17.043919,16.91432,16.821823,16.722963,16.562937,16.24581,16.074675,18.24558,18.047739,17.603989,17.437483,17.261217,17.76174,0.0,0.0,0.0,0.0,0.0,0.0,0.0,4.0
7078,2023.0,2.0,19.0,3.0,17.425035,17.494762,16.328346,16.224236,17.107546,16.99512,16.86974,16.77302,16.686022,16.522846,16.21369,16.039171,18.210989,18.010267,17.565226,17.396082,17.565386,18.17449,0.0,0.0,0.0,0.0,0.0,0.0,0.0,4.0
7079,2023.0,2.0,19.0,3.0,17.390303,17.459223,16.284203,16.181122,17.068512,16.956732,16.83128,16.734917,16.652592,16.489,16.18461,16.009645,18.17913,17.97796,17.529322,17.359863,17.412115,17.753592,0.0,0.0,0.0,0.0,0.0,0.0,0.0,4.0
7080,2023.0,2.0,19.0,4.0,17.353895,17.420614,16.240759,16.134617,17.027407,16.913342,16.791193,16.692152,16.61852,16.45313,16.154007,15.97692,18.14637,17.943516,17.492844,17.321972,17.428093,17.76015,0.0,0.0,0.0,0.0,0.0,0.0,0.0,4.0
7081,2023.0,2.0,19.0,4.0,17.320446,17.387655,16.204811,16.100914,16.991203,16.879091,16.756163,16.658579,16.587313,16.42241,16.12602,15.949383,18.115795,17.913267,17.458673,17.28834,16.71338,16.394485,0.0,0.0,0.0,0.0,0.0,0.0,0.0,0.0
7082,2023.0,2.0,19.0,4.0,17.28152,17.34368,16.162128,16.052204,16.948387,16.831087,16.714556,16.611519,16.552141,16.383415,16.093153,15.912223,18.081202,17.874954,17.420795,17.247097,16.450253,16.070768,0.0,0.0,0.0,0.0,0.0,0.0,0.0,0.0
7083,2023.0,2.0,19.0,4.0,17.245777,17.30579,16.124447,16.012526,16.90944,16.79046,16.676353,16.571487,16.519299,16.348886,16.062407,15.879532,18.048515,17.840553,17.384924,17.20979,16.34139,15.964463,0.0,0.0,0.0,0.0,0.0,0.0,0.0,0.0
7084,2023.0,2.0,19.0,4.0,17.212175,17.27192,16.090717,15.979931,16.873686,16.755827,16.640938,16.537163,17.074087,17.418692,16.033398,15.8504925,18.017326,17.809198,17.350594,17.175463,16.459368,16.29133,0.0,0.0,0.0,4.0,0.0,0.0,0.0,0.0
7085,2023.0,2.0,19.0,4.0,17.17464,17.229794,16.051283,15.935224,16.83261,16.710176,16.600002,16.491756,17.314533,17.73949,16.000341,15.813545,17.982952,17.771524,17.31343,17.135387,16.451109,16.29252,0.0,0.0,0.0,4.0,0.0,0.0,0.0,0.0
7086,2023.0,2.0,19.0,5.0,17.142683,17.197891,16.019306,15.904771,16.798073,16.67726,16.565516,16.458954,16.544725,16.191034,15.971417,15.785094,17.952038,17.740908,17.27966,17.10208,16.411343,16.253513,0.0,0.0,0.0,0.0,0.0,0.0,0.0,0.0
7087,2023.0,2.0,19.0,5.0,17.104507,17.153196,15.97923,15.857595,16.755915,16.628744,16.52346,16.410637,16.269093,15.838642,15.93637,15.744568,17.91589,17.699888,17.241156,17.059237,16.365692,16.202997,0.0,0.0,0.0,0.0,0.0,0.0,0.0,0.0
7088,2023.0,2.0,19.0,5.0,17.071573,17.119505,15.946702,15.825543,16.7207,16.594122,16.48833,16.37616,17.015413,17.35674,15.905761,15.713568,17.883486,17.666842,17.206264,17.023972,16.325058,16.16242,0.0,0.0,0.0,4.0,0.0,0.0,0.0,0.0
7089,2023.0,2.0,19.0,5.0,17.035477,17.079838,15.910441,15.785864,16.682049,16.552462,16.44978,16.33467,16.42038,16.051937,15.872109,15.676894,17.848621,17.629148,17.169182,16.984472,16.282808,16.117699,0.0,0.0,0.0,0.0,0.0,0.0,0.0,0.0
7090,2023.0,2.0,19.0,5.0,16.999176,17.039547,15.873984,15.7456255,16.643131,16.51019,16.410982,16.292574,16.160997,15.724341,15.837712,15.639206,17.813168,17.590607,17.131617,16.944237,16.968956,17.443235,0.0,0.0,0.0,0.0,0.0,0.0,0.0,4.0
7091,2023.0,2.0,19.0,5.0,16.962965,16.999763,15.83782,15.7059355,16.604536,16.468464,16.372654,16.251106,16.297216,16.088783,15.803081,15.601494,17.77761,17.552164,17.09404,16.904194,16.464405,16.341429,0.0,0.0,0.0,0.0,0.0,0.0,0.0,0.0
7092,2023.0,2.0,19.0,6.0,16.924538,16.955982,15.799686,15.66232,16.56409,16.422962,16.3327,16.206028,16.30516,16.1122,15.766445,15.560202,17.74039,17.51068,17.054941,16.86132,16.073347,15.682788,0.0,0.0,0.0,0.0,0.0,0.0,0.0,0.0
7093,2023.0,2.0,19.0,6.0,21.201084,24.510586,15.768951,15.633477,21.132719,24.475222,21.213072,24.795938,16.270617,16.078983,15.735706,15.531012,21.300957,23.648893,21.49747,24.469923,16.71053,16.991703,0.0,0.0,4.0,0.0,0.0,0.0,0.0,4.0
7094,2023.0,2.0,19.0,6.0,21.012846,23.644264,15.7341585,15.598844,21.011679,23.696398,21.019356,23.874592,16.231728,16.040071,15.987473,16.029696,21.020206,22.901453,22.437773,25.617388,20.379723,23.240349,0.0,0.0,0.0,0.0,4.0,0.0,0.0,0.0
7095,2023.0,2.0,19.0,6.0,21.149014,23.605984,15.700446,15.564821,21.14865,23.627172,21.146233,23.726885,16.197035,16.005573,20.482983,23.507456,21.120983,22.869692,21.756525,24.060911,17.718788,17.583635,0.0,0.0,0.0,0.0,4.0,0.0,0.0,0.0
7096,2023.0,2.0,19.0,6.0,21.067604,23.236217,15.672109,15.533793,21.07152,23.242516,21.093313,23.350916,16.166824,15.975687,20.00842,22.347889,21.055084,22.56968,20.924799,22.329607,16.771515,16.584234,0.0,0.0,0.0,0.0,0.0,0.0,0.0,0.0
7097,2023.0,2.0,19.0,6.0,21.067333,23.093575,15.646019,15.505143,21.070953,23.082033,21.072193,23.161085,16.139725,15.949069,18.035656,18.23678,21.02481,22.370731,21.038755,22.478746,16.647017,16.464352,0.0,0.0,0.0,0.0,0.0,4.0,4.0,0.0
7098,2023.0,2.0,19.0,7.0,21.03866,22.915142,15.618833,15.4754505,21.068066,22.960629,21.07196,23.051706,16.724075,17.07259,16.90759,16.696077,21.056839,22.37163,21.080147,22.51893,16.540094,16.357912,0.0,0.0,0.0,4.0,0.0,0.0,0.0,0.0
7099,2023.0,2.0,19.0,7.0,21.04382,22.855515,16.059792,16.319885,21.043457,22.806551,21.07143,22.969486,20.344053,23.18815,17.029392,17.142216,21.03858,22.214064,21.032274,22.334297,17.375841,18.011833,4.0,4.0,0.0,4.0,4.0,4.0,4.0,4.0
7100,2023.0,2.0,19.0,7.0,21.98396,24.263823,20.253279,23.490011,21.933985,24.14882,21.794796,24.037807,20.109175,22.282183,20.349714,22.875305,21.554857,22.989563,22.128542,24.086672,21.565191,25.024776,0.0,0.0,4.0,4.0,4.0,4.0,4.0,0.0
7101,2023.0,2.0,19.0,7.0,20.904892,22.263851,18.20027,18.899826,20.906185,22.231474,20.923012,22.407795,21.084896,23.659008,20.044016,21.967398,20.95443,21.810558,20.875082,21.754477,18.964083,19.347685,4.0,0.0,0.0,4.0,0.0,4.0,0.0,4.0
7102,2023.0,2.0,19.0,7.0,21.196009,22.858393,20.307793,23.057503,21.196917,22.780117,21.19074,22.912092,19.922129,21.260141,18.200388,18.16761,21.167715,22.229687,21.231216,22.498173,20.284935,22.29404,4.0,4.0,0.0,0.0,4.0,4.0,0.0,4.0
7103,2023.0,2.0,19.0,7.0,21.071672,22.591549,20.035297,22.173037,21.056738,22.483809,21.055988,22.590506,18.712658,18.846245,20.358627,22.332588,21.035273,21.951931,21.063486,22.171244,20.319284,22.21223,4.0,4.0,4.0,4.0,4.0,4.0,0.0,0.0
7104,2023.0,2.0,19.0,8.0,21.049555,22.508583,20.081165,22.028744,21.060064,22.475826,21.088871,22.65105,20.329113,21.984642,20.032532,21.596313,21.036726,21.943655,21.068142,22.181726,18.083786,17.750874,4.0,4.0,0.0,0.0,4.0,4.0,0.0,0.0
7105,2023.0,2.0,19.0,8.0,19.270296,19.116581,20.089628,21.893333,19.200817,18.929157,19.118265,18.847578,18.305853,17.977394,20.08781,21.558489,20.135023,20.200623,19.730846,19.637953,18.01611,18.294712,0.0,0.0,0.0,0.0,0.0,4.0,0.0,4.0
7106,2023.0,2.0,19.0,8.0,18.270603,17.863129,18.387188,18.485504,18.712885,18.654633,18.319084,18.087122,17.28407,16.738487,18.50601,18.386065,19.118729,18.587778,19.000769,18.77302,20.365097,22.287148,4.0,4.0,0.0,0.0,4.0,0.0,0.0,0.0
7107,2023.0,2.0,19.0,8.0,18.576208,18.739687,20.24102,22.267057,18.613182,18.600836,18.07153,17.859606,17.990955,18.380863,20.324232,21.967455,18.609604,17.97951,19.692793,20.343866,18.839092,19.155647,4.0,4.0,0.0,4.0,4.0,0.0,4.0,4.0
7108,2023.0,2.0,19.0,8.0,18.645962,18.88136,20.054884,21.729517,18.451616,18.447548,17.834007,17.621868,20.285845,22.239897,20.049988,21.400225,19.11166,19.152672,19.543283,19.855791,21.429163,24.10504,0.0,4.0,0.0,0.0,0.0,4.0,4.0,0.0
7109,2023.0,2.0,19.0,8.0,17.884705,17.551867,18.436922,18.497051,17.690468,17.154448,17.633831,17.420671,18.163794,17.878374,18.247433,17.85173,18.594662,18.08018,18.460848,17.973913,19.344534,19.66426,4.0,0.0,0.0,0.0,0.0,0.0,0.0,4.0
7110,2023.0,2.0,19.0,9.0,17.521996,17.085207,20.233023,21.965857,17.31132,16.669456,17.492258,17.274988,17.333986,16.73771,18.158346,18.154167,18.242176,17.618269,18.031197,17.463552,20.248156,21.499016,0.0,0.0,0.0,0.0,4.0,0.0,0.0,0.0
7111,2023.0,2.0,19.0,9.0,17.319864,16.899395,18.569424,18.607498,17.093628,16.466724,18.038254,18.42848,17.309824,17.01863,20.315496,21.873075,18.812616,18.870197,17.795269,17.24366,18.429909,18.055658,4.0,0.0,4.0,0.0,0.0,4.0,0.0,0.0
7112,2023.0,2.0,19.0,9.0,17.475758,17.38307,20.238455,22.097359,17.240234,16.949802,17.666416,17.63561,17.244106,17.008816,18.708675,18.737104,18.333477,17.830608,17.610218,17.07392,17.512379,16.98316,0.0,0.0,0.0,0.0,0.0,0.0,0.0,0.0
7113,2023.0,2.0,19.0,9.0,17.494762,17.45992,18.267889,18.105793,17.268524,17.053814,16.949175,16.454746,17.107315,16.88707,17.78051,17.54253,17.954948,17.374855,17.724894,17.47061,17.44253,17.182133,0.0,0.0,0.0,0.0,0.0,0.0,0.0,0.0
7114,2023.0,2.0,19.0,9.0,17.426607,17.400911,17.647795,17.380188,17.911951,18.336348,16.671234,16.100025,16.99978,16.78484,17.524397,17.256182,17.822794,17.238138,17.725569,17.517841,17.360529,17.144915,0.0,4.0,0.0,0.0,0.0,0.0,0.0,0.0
7115,2023.0,2.0,19.0,9.0,18.118053,18.7711,17.911726,18.086525,17.480558,17.45084,16.848782,16.59963,16.903679,16.696589,17.732052,17.801191,18.032757,17.759766,17.656067,17.451056,17.229355,17.025576,4.0,0.0,0.0,0.0,4.0,0.0,0.0,0.0
7116,2023.0,2.0,19.0,10.0,17.35463,17.193602,20.238138,22.32598,17.537148,17.618385,16.864616,16.681442,16.819748,16.61952,20.260897,22.243958,18.064514,17.82842,17.58953,17.388577,17.11158,16.91684,0.0,4.0,0.0,0.0,0.0,0.0,0.0,0.0
7117,2023.0,2.0,19.0,10.0,16.879988,16.568375,18.5585,18.837215,16.95058,16.519264,17.504677,17.94718,17.471655,17.928421,18.58791,18.723059,18.02982,17.801455,17.52128,17.32635,16.990458,16.80635,0.0,0.0,4.0,4.0,0.0,0.0,0.0,0.0
7118,2023.0,2.0,19.0,10.0,16.758137,16.438568,17.708044,17.553741,16.657856,16.13414,17.73208,18.267826,20.31467,22.807426,17.805195,17.562595,17.998579,17.775787,17.467453,17.277231,16.901064,16.72353,0.0,0.0,4.0,0.0,0.0,0.0,0.0,0.0
7119,2023.0,2.0,19.0,10.0,16.950415,16.921246,17.375437,17.197779,17.202574,17.280329,17.475416,17.703037,18.499895,18.819666,17.540335,17.2962,17.96549,17.749052,17.412485,17.228228,16.810503,16.641666,0.0,4.0,4.0,4.0,0.0,0.0,0.0,0.0
7120,2023.0,2.0,19.0,10.0,16.99898,17.024672,17.190039,17.009457,16.743961,16.370152,16.745155,16.379864,20.353676,22.150507,17.380476,17.13933,17.939192,17.728077,17.36866,17.189146,16.742905,16.579601,0.0,0.0,0.0,0.0,0.0,0.0,0.0,0.0
7121,2023.0,2.0,19.0,10.0,16.968033,16.996319,17.017424,16.848509,16.424936,15.963062,16.380627,15.926853,18.301594,18.093428,17.231913,17.003551,17.912666,17.7076,17.324062,17.15025,16.672964,16.514618,0.0,0.0,0.0,0.0,0.0,0.0,0.0,0.0
7122,2023.0,2.0,19.0,11.0,16.940268,16.973919,17.346148,17.574081,17.326496,17.768856,16.269167,15.821361,17.505732,16.990923,17.123972,16.901882,18.633663,19.092806,17.287909,17.118681,16.61963,16.465261,4.0,4.0,0.0,0.0,0.0,4.0,0.0,0.0
7123,2023.0,2.0,19.0,11.0,16.919397,16.9679,20.204355,22.667809,16.768408,16.548868,16.188957,15.75638,17.49803,17.242537,17.419096,17.548038,17.896639,17.521658,17.254229,17.089506,16.570944,16.421186,0.0,0.0,0.0,0.0,4.0,0.0,0.0,0.0
7124,2023.0,2.0,19.0,11.0,16.898195,16.960089,18.368422,18.731398,16.322737,15.927184,16.353653,16.178596,17.424269,17.219421,20.369774,22.534264,17.534782,17.068207,17.219168,17.05893,16.521204,16.375948,0.0,0.0,0.0,0.0,0.0,0.0,0.0,0.0
7125,2023.0,2.0,19.0,11.0,17.620909,18.349165,17.22188,17.159636,16.880356,17.06171,16.418974,16.303698,17.28826,17.095798,18.556166,18.782364,18.234488,18.454576,17.186642,17.030542,16.476809,16.335743,0.0,4.0,0.0,0.0,0.0,4.0,0.0,0.0
7126,2023.0,2.0,19.0,11.0,17.173397,17.356176,16.979053,16.85041,16.479559,16.227503,16.394249,16.290113,17.934628,18.40762,17.741005,17.532732,17.715502,17.320345,17.160212,17.007578,16.44173,16.302591,0.0,0.0,0.0,4.0,0.0,0.0,0.0,0.0
7127,2023.0,2.0,19.0,11.0,16.713696,16.552347,17.298645,17.558977,16.234352,15.860024,17.074415,17.59996,20.282442,22.40263,17.534935,17.315163,17.521763,17.064638,17.136312,16.987997,16.41028,16.274143,4.0,0.0,4.0,4.0,0.0,0.0,0.0,0.0
7128,2023.0,2.0,19.0,12.0,17.248447,17.683687,20.250164,22.784342,16.813848,17.031193,16.760004,16.814219,20.043161,21.67631,17.366299,17.148262,17.463509,17.012716,17.111628,16.967506,16.379074,16.245579,0.0,4.0,0.0,0.0,0.0,0.0,0.0,0.0
7129,2023.0,2.0,19.0,12.0,21.284018,24.566862,18.37949,18.783474,21.2086,24.51245,21.152065,24.628574,18.2628,18.067732,17.234415,17.023418,21.94477,24.753084,22.401346,25.90019,16.349367,16.216677,0.0,0.0,0.0,0.0,0.0,0.0,0.0,0.0
7130,2023.0,2.0,19.0,12.0,21.023256,23.613401,17.20323,17.15489,21.020224,23.658703,21.025162,23.82331,17.346552,16.900122,17.126633,16.919754,22.445858,25.230095,22.677402,25.904089,16.325499,16.193865,0.0,0.0,0.0,0.0,0.0,4.0,0.0,0.0
7131,2023.0,2.0,19.0,12.0,21.092903,23.460943,16.925987,16.832338,21.080444,23.490355,21.0834,23.622093,17.327679,17.111574,17.039812,16.840052,20.917316,22.20272,20.867826,22.402071,16.309547,16.180124,0.0,0.0,0.0,0.0,0.0,0.0,0.0,0.0
7132,2023.0,2.0,19.0,12.0,21.060999,23.236094,16.759706,16.655317,21.043177,23.202782,21.07076,23.386993,17.29731,17.112396,16.96253,16.765106,21.088827,22.423105,21.09986,22.760181,16.29889,16.171377,0.0,4.0,0.0,0.0,0.0,0.0,0.0,0.0
7133,2023.0,2.0,19.0,12.0,21.146484,23.271414,16.628138,16.520185,21.1474,23.221346,21.163746,23.4027,17.2058,17.027029,16.896233,16.701332,21.126383,22.383219,21.12285,22.704727,16.291634,16.16645,0.0,4.0,0.0,0.0,0.0,0.0,0.0,0.0
7134,2023.0,2.0,19.0,13.0,21.049906,23.003843,16.530125,16.434711,21.074211,22.987473,21.055534,23.094692,17.128313,16.957598,17.262877,17.44693,21.033524,22.163174,21.043423,22.49403,16.28606,16.163427,0.0,0.0,0.0,0.0,4.0,0.0,0.0,0.0
7135,2023.0,2.0,19.0,13.0,21.064943,22.970295,16.441807,16.354439,21.083044,22.912664,21.048256,22.982826,17.059576,16.895771,20.29366,22.601099,21.015314,22.070238,21.054987,22.464424,16.280115,16.15945,0.0,0.0,4.0,0.0,0.0,4.0,0.0,0.0
7136,2023.0,2.0,19.0,13.0,21.062338,22.916656,16.361382,16.276882,21.080326,22.83592,21.07402,22.99867,16.997501,16.837887,18.529757,18.816525,21.062607,22.131794,21.013979,22.314917,16.27378,16.155046,0.0,0.0,0.0,0.0,0.0,0.0,4.0,0.0
7137,2023.0,2.0,19.0,13.0,21.060444,22.87468,16.287317,16.20324,21.060696,22.77501,21.083181,22.93529,16.941954,16.785238,17.43176,17.261246,21.053265,22.067436,21.074493,22.41227,16.266968,16.150131,0.0,0.0,0.0,0.0,0.0,0.0,0.0,0.0
7138,2023.0,2.0,19.0,13.0,21.125458,22.965265,16.21975,16.135769,21.128752,22.881563,21.16449,23.022957,16.892944,16.739414,17.210207,17.013847,21.108778,22.133776,21.129047,22.466646,16.259739,16.144884,0.0,0.0,0.0,0.0,0.0,0.0,0.0,0.0
7139,2023.0,2.0,19.0,13.0,21.050997,22.791527,16.167614,16.093683,21.053106,22.709454,21.052723,22.789307,16.853004,16.705698,17.111246,16.928698,21.003273,21.903769,21.053768,22.283585,17.273949,18.074348,0.0,0.0,0.0,0.0,0.0,4.0,0.0,4.0
7140,2023.0,2.0,19.0,14.0,21.060759,22.790646,16.114368,16.04478,21.062761,22.712164,21.066776,22.803272,16.814474,16.670794,17.02132,16.842556,21.059843,22.011776,21.049603,22.273535,20.32102,23.086512,0.0,0.0,0.0,0.0,0.0,0.0,0.0,0.0
7141,2023.0,2.0,19.0,14.0,19.56813,19.905575,16.066916,16.003414,19.5474,19.787195,19.469587,19.721779,16.782461,16.644415,16.947706,16.775442,20.378466,20.648014,19.755102,19.77765,17.916164,17.953732,0.0,0.0,0.0,0.0,0.0,4.0,0.0,0.0
7142,2023.0,2.0,19.0,14.0,18.880623,18.953072,16.02874,15.970609,18.79028,18.705381,18.687876,18.619446,16.757559,16.624027,16.89499,16.727297,19.4805,19.072126,19.199564,19.02338,17.0928,16.773174,0.0,0.0,0.0,0.0,0.0,0.0,0.0,0.0
7143,2023.0,2.0,19.0,14.0,19.33243,20.048317,16.478447,16.849903,19.170109,19.673965,18.36479,18.280603,16.733059,16.604248,16.847126,16.685772,19.129704,18.66205,18.952854,18.775024,17.052402,16.8994,4.0,4.0,0.0,0.0,0.0,0.0,0.0,0.0
7144,2023.0,2.0,19.0,14.0,18.738201,18.957432,20.173563,23.196627,18.607718,18.673994,18.13349,18.05862,16.709621,16.585619,16.804445,16.649424,19.696373,19.90177,18.76941,18.602468,16.976648,16.849815,0.0,0.0,0.0,0.0,0.0,4.0,0.0,0.0
7145,2023.0,2.0,19.0,14.0,18.07021,17.969067,18.159647,18.768335,17.910692,17.626348,17.90579,17.840439,16.685223,16.565836,16.764227,16.616161,19.140303,18.767595,18.587275,18.430248,16.876902,16.757858,0.0,0.0,0.0,0.0,0.0,0.0,0.0,0.0
7146,2023.0,2.0,19.0,15.0,18.539541,19.032015,17.53327,17.930964,17.630545,17.293314,17.742294,17.67615,16.664516,16.548975,16.736275,16.593542,18.851233,18.423775,18.452929,18.299002,16.801924,16.685867,4.0,0.0,0.0,0.0,0.0,0.0,0.0,0.0
7147,2023.0,2.0,19.0,15.0,17.979311,17.972641,20.276363,22.793549,17.664873,17.540195,17.600412,17.543795,16.643658,16.531967,16.70885,16.57192,18.72991,18.321209,18.334797,18.190258,16.736057,16.62617,4.0,0.0,0.0,0.0,0.0,0.0,0.0,0.0
7148,2023.0,2.0,19.0,15.0,18.290005,18.801796,20.041847,22.079517,17.609299,17.535427,17.45197,17.402058,16.62053,16.512245,16.680101,16.548212,19.601875,20.119337,18.21191,18.074306,17.612764,18.346376,0.0,0.0,0.0,0.0,0.0,4.0,0.0,4.0
7149,2023.0,2.0,19.0,15.0,18.434887,18.989464,18.173105,18.323513,18.181965,18.71983,17.321787,17.277622,16.598629,16.494118,16.654644,16.528517,19.008228,18.764376,18.102037,17.970798,20.3028,22.828005,0.0,4.0,0.0,0.0,0.0,0.0,0.0,0.0
7150,2023.0,2.0,19.0,15.0,18.414206,18.973764,17.07728,16.874212,17.826628,17.936663,17.20823,17.168518,16.576902,16.47615,16.62848,16.507854,18.5888,18.233067,18.004705,17.8794,18.088955,18.157854,0.0,0.0,0.0,0.0,0.0,0.0,0.0,0.0
7151,2023.0,2.0,19.0,15.0,17.755684,17.76407,16.976656,16.90499,18.001932,18.363623,17.122416,17.08398,16.556568,16.459232,16.603361,16.487238,18.470503,18.110258,17.928305,17.80655,17.299473,17.025373,0.0,4.0,0.0,0.0,0.0,0.0,0.0,0.0
7152,2023.0,2.0,19.0,16.0,17.472305,17.39572,17.346151,17.713047,18.057865,18.463928,17.045591,17.0137,17.2906,17.863804,16.577318,16.466824,19.36643,19.90976,17.858929,17.744177,17.21479,17.080807,4.0,4.0,0.0,4.0,0.0,4.0,0.0,0.0
7153,2023.0,2.0,19.0,16.0,18.050787,18.599115,20.270359,22.815973,18.042715,18.450481,16.972393,16.943617,20.296545,22.966621,16.547804,16.44021,19.400776,19.794918,17.792616,17.682209,17.111626,17.001863,4.0,4.0,0.0,4.0,0.0,4.0,0.0,0.0
7154,2023.0,2.0,19.0,16.0,18.250904,18.844013,20.017405,22.017843,17.396627,17.263987,16.893026,16.866014,20.005491,21.99454,16.516853,16.411613,19.378937,19.753887,17.721382,17.614096,16.983793,16.878656,4.0,0.0,0.0,4.0,0.0,4.0,0.0,0.0
7155,2023.0,2.0,19.0,16.0,18.250399,18.842283,20.064848,21.922653,17.04071,16.813488,16.820656,16.796392,20.076872,21.89632,16.488678,16.387028,18.681091,18.416542,17.654552,17.551373,16.872866,16.773376,4.0,0.0,0.0,0.0,0.0,0.0,0.0,0.0
7156,2023.0,2.0,19.0,16.0,17.614538,17.659405,20.074928,21.82821,16.89282,16.658636,17.46482,18.064518,18.30038,18.286678,16.46203,16.364439,18.362463,18.03538,17.591759,17.492958,16.776497,16.683012,0.0,0.0,4.0,0.0,0.0,0.0,0.0,0.0
7157,2023.0,2.0,19.0,16.0,17.258945,17.211197,18.700615,19.07752,17.46076,17.811522,17.129084,17.254128,17.392214,17.131042,16.436104,16.34297,18.996595,19.336727,17.531548,17.436295,16.690598,16.60177,4.0,4.0,0.0,0.0,0.0,4.0,0.0,0.0
7158,2023.0,2.0,19.0,17.0,17.853033,18.414381,20.211336,21.998823,17.648623,18.081644,17.366123,17.77966,17.160496,16.873856,16.411758,16.322134,19.182213,19.571442,17.479925,17.387772,16.623938,16.53891,4.0,4.0,4.0,0.0,0.0,4.0,0.0,0.0
7159,2023.0,2.0,19.0,17.0,17.418325,17.456188,20.032211,21.565067,17.67031,18.090921,16.886534,16.804325,17.13243,16.99962,16.380293,16.290924,19.215137,19.591187,18.497149,19.360834,17.50149,18.26111,4.0,4.0,0.0,0.0,0.0,4.0,4.0,4.0
7160,2023.0,2.0,19.0,17.0,17.798498,18.365301,20.058119,21.560394,17.676378,18.086111,17.200468,17.584606,17.06529,16.95731,16.345123,16.25564,18.527014,18.273268,17.742386,17.591415,20.31472,22.961836,4.0,4.0,4.0,0.0,0.0,0.0,0.0,0.0
7161,2023.0,2.0,19.0,17.0,17.344763,17.383389,20.071905,21.559141,17.671722,18.070988,16.78126,16.68711,16.958254,16.855005,16.304121,16.208872,18.180548,17.841192,17.275595,17.019499,17.995392,18.069433,0.0,4.0,0.0,0.0,0.0,0.0,0.0,0.0
7162,2023.0,2.0,19.0,17.0,16.991482,16.919737,18.821291,19.107033,17.659794,18.048859,17.098429,17.463364,16.856953,16.757032,16.613478,16.818098,18.050255,17.701473,17.136091,16.866383,16.907026,16.675539,4.0,4.0,4.0,0.0,4.0,0.0,0.0,0.0
7163,2023.0,2.0,19.0,17.0,16.866735,16.767117,20.311087,22.017145,17.05447,16.929148,16.632717,16.522022,16.775421,16.67545,20.29102,23.154718,17.959066,17.605371,18.078901,18.714336,17.76306,18.484083,4.0,0.0,0.0,0.0,0.0,0.0,4.0,4.0
7164,2023.0,2.0,19.0,18.0,17.73237,18.496891,20.032738,21.412022,17.336313,17.652708,16.966259,17.318172,16.689587,16.59235,18.225475,18.626575,18.876617,19.445904,17.463854,17.259865,20.309223,22.758343,4.0,4.0,4.0,0.0,0.0,4.0,0.0,0.0
7165,2023.0,2.0,19.0,18.0,21.344593,24.56251,20.074451,21.474733,21.357637,24.557657,21.234688,24.602043,16.60091,16.494001,16.974913,16.88157,21.262012,23.43217,22.52072,25.751186,18.01793,17.996126,0.0,4.0,0.0,0.0,0.0,4.0,4.0,0.0
7166,2023.0,2.0,19.0,18.0,21.01872,23.523054,18.50713,18.443794,21.014454,23.472258,21.028952,23.727499,17.250793,17.779469,16.730436,16.608957,21.02255,22.676275,22.654333,25.914988,16.940744,16.636095,0.0,4.0,0.0,4.0,0.0,4.0,0.0,0.0
7167,2023.0,2.0,19.0,18.0,21.093721,23.425625,17.777891,17.673481,21.074957,23.31725,21.07726,23.491924,20.326876,22.960083,16.954712,17.132853,21.043194,22.524115,20.879362,22.422865,16.84949,16.719555,0.0,4.0,4.0,4.0,4.0,4.0,0.0,0.0
7168,2023.0,2.0,19.0,18.0,21.055216,23.14233,17.54614,17.446753,21.065428,23.110224,21.09419,23.33524,21.157635,23.86338,20.41421,22.978,21.038877,22.378374,21.103083,22.76187,16.772238,16.658016,0.0,4.0,0.0,0.0,0.0,4.0,0.0,0.0
7169,2023.0,2.0,19.0,18.0,21.05959,23.019619,17.777744,18.053555,21.06474,22.973883,21.064644,23.104618,19.210966,19.626732,18.612864,19.173925,21.037893,22.276176,21.06832,22.607912,16.65235,16.531105,4.0,4.0,4.0,4.0,4.0,4.0,0.0,0.0
7170,2023.0,2.0,19.0,19.0,21.058,22.920141,20.237095,22.45808,21.087654,22.938004,21.092648,23.070234,21.240755,23.66926,20.282007,22.465054,21.066385,22.275845,21.057116,22.546663,16.54558,16.419933,0.0,0.0,0.0,0.0,0.0,0.0,0.0,0.0
7171,2023.0,2.0,19.0,19.0,21.056557,22.844738,18.539524,18.87936,21.057035,22.775934,21.061527,22.902536,18.380909,18.190397,18.17117,18.07983,21.060392,22.197887,21.057777,22.513748,16.454521,16.327246,0.0,4.0,4.0,0.0,0.0,0.0,0.0,0.0
7172,2023.0,2.0,19.0,19.0,21.081713,22.856916,17.443918,17.354239,21.06026,22.723396,21.08994,22.915337,17.348637,16.9124,17.233904,17.053885,21.028732,22.065468,21.015757,22.375278,16.37289,16.241867,0.0,4.0,0.0,0.0,0.0,4.0,4.0,0.0
7173,2023.0,2.0,19.0,19.0,21.111446,22.827503,17.144121,16.996004,21.12108,22.789133,21.168715,23.005693,17.297878,17.123941,17.040014,16.855555,21.120975,22.236113,21.143778,22.618483,16.301105,16.167587,0.0,4.0,0.0,0.0,0.0,0.0,0.0,0.0
7174,2023.0,2.0,19.0,19.0,21.10881,22.778067,16.971478,16.820847,21.117603,22.725473,21.092545,22.795855,17.179611,17.012894,16.870369,16.68939,21.117456,22.167925,21.138432,22.525469,16.237902,16.102427,0.0,4.0,4.0,0.0,0.0,0.0,0.0,0.0
7175,2023.0,2.0,19.0,19.0,21.149202,22.853842,16.826422,16.674217,21.155949,22.79437,21.125881,22.83905,17.032248,16.865107,16.718822,16.533743,21.115845,22.135042,21.13638,22.486692,16.17974,16.042202,0.0,0.0,4.0,0.0,0.0,0.0,0.0,0.0
7176,2023.0,2.0,19.0,20.0,21.037811,22.589094,16.710726,16.568651,21.042603,22.524513,21.054203,22.673597,17.636595,18.122683,16.59262,16.414305,21.036215,21.997644,21.044628,22.322248,16.127472,15.98896,0.0,4.0,4.0,4.0,0.0,0.0,0.0,0.0
7177,2023.0,2.0,19.0,20.0,21.080812,22.67743,17.054182,17.306667,21.059519,22.53959,21.063654,22.670874,20.301933,22.615433,16.474731,16.296652,21.04515,22.021172,21.016846,22.240248,16.078215,15.938787,4.0,4.0,4.0,0.0,0.0,0.0,4.0,0.0
7178,2023.0,2.0,19.0,20.0,21.175158,22.824732,20.303995,22.94053,21.17599,22.756355,21.167465,22.877594,18.035515,17.871872,16.36545,16.1825,21.145157,22.222166,21.19767,22.605392,16.978563,17.675856,4.0,4.0,0.0,0.0,0.0,0.0,0.0,4.0
7179,2023.0,2.0,19.0,20.0,21.303083,23.062483,20.04214,22.07613,21.056856,22.499477,21.081114,22.677322,17.656708,17.871319,16.271738,16.086105,21.236301,22.399626,21.066956,22.31539,20.348555,23.243826,0.0,4.0,0.0,4.0,0.0,0.0,0.0,4.0
7180,2023.0,2.0,19.0,20.0,21.077585,22.614054,18.000093,17.92999,21.056904,22.486004,21.05656,22.584793,20.37199,22.494596,16.193249,16.007708,21.01391,21.929525,21.068035,22.295298,20.046583,22.271582,0.0,4.0,4.0,0.0,0.0,4.0,0.0,0.0
7181,2023.0,2.0,19.0,20.0,21.045765,22.514137,17.119959,16.957336,21.0816,22.540966,21.085863,22.646269,18.122694,17.919378,16.120556,15.93357,21.035458,21.94569,21.052446,22.275537,17.747982,17.565193,0.0,0.0,0.0,0.0,0.0,4.0,0.0,0.0
7182,2023.0,2.0,19.0,21.0,21.051188,22.514553,16.929115,16.766169,21.075092,22.508478,21.0791,22.613604,17.012697,16.54034,16.048723,15.857014,21.06344,22.001198,21.013216,22.174917,16.679853,16.267508,0.0,0.0,0.0,0.0,0.0,0.0,4.0,0.0
7183,2023.0,2.0,19.0,21.0,21.050976,22.506441,17.223145,17.459246,21.051498,22.4224,21.061316,22.598433,16.990122,16.77658,15.984396,15.791454,21.028278,21.888992,21.077463,22.308895,17.656553,18.386164,4.0,4.0,0.0,0.0,0.0,4.0,0.0,4.0
7184,2023.0,2.0,19.0,21.0,21.168114,22.75234,20.285091,22.795137,21.168695,22.66437,21.205307,22.87591,16.928196,16.735693,16.297636,16.428694,21.135847,22.109919,21.243137,22.591087,20.30009,22.724092,4.0,0.0,4.0,0.0,4.0,0.0,4.0,4.0
7185,2023.0,2.0,19.0,21.0,21.072342,22.543026,20.030355,21.962278,21.075638,22.459705,21.043282,22.555357,16.797827,16.60344,20.451029,23.325565,21.028019,21.85506,21.075298,22.265455,20.996681,23.545403,4.0,0.0,4.0,0.0,0.0,4.0,0.0,0.0
7186,2023.0,2.0,19.0,21.0,21.07109,22.525454,20.090908,21.882486,21.031662,22.376812,21.087597,22.626446,16.680016,16.483494,18.071054,18.3718,21.031012,21.853209,21.067356,22.23383,18.498032,18.335983,0.0,4.0,0.0,0.0,0.0,4.0,0.0,0.0
7187,2023.0,2.0,19.0,21.0,21.05427,22.517681,18.426355,18.51563,21.059416,22.410376,21.055187,22.509726,16.576403,16.37804,16.742538,16.560076,21.06373,21.930964,21.06807,22.21909,17.094864,16.615099,4.0,4.0,4.0,0.0,0.0,0.0,0.0,0.0
7188,2023.0,2.0,19.0,22.0,21.18229,22.786669,20.245142,22.234018,21.16833,22.633322,21.1688,22.735567,16.481722,16.27969,16.467665,16.242842,21.130997,22.048956,21.222599,22.54655,16.722141,16.232546,0.0,0.0,0.0,0.0,0.0,0.0,0.0,0.0
7189,2023.0,2.0,19.0,22.0,21.056667,22.538702,18.490383,18.58726,21.076063,22.428106,21.07991,22.534904,16.982286,17.292912,16.317099,16.091864,21.028582,21.809277,21.013533,22.106491,16.75605,16.54189,4.0,0.0,0.0,4.0,0.0,4.0,4.0,0.0
7190,2023.0,2.0,19.0,22.0,21.195738,22.80218,20.230043,22.193153,21.156305,22.5529,21.080683,22.519262,20.399939,23.012856,16.498192,16.533089,21.147558,22.044382,21.078098,22.246088,16.696909,16.509752,0.0,4.0,0.0,0.0,4.0,4.0,0.0,0.0
7191,2023.0,2.0,19.0,22.0,21.0612,22.554289,18.458618,18.509184,21.08138,22.41118,21.059732,22.504225,18.109457,18.232285,20.470877,23.19612,21.063396,21.888412,21.067352,22.20568,16.562517,16.370802,4.0,0.0,0.0,0.0,4.0,0.0,0.0,0.0
7192,2023.0,2.0,19.0,22.0,21.163786,22.719437,20.24408,22.186768,21.050854,22.319231,21.062199,22.522293,16.982027,16.77461,20.01448,22.115835,21.131422,22.012964,21.028608,22.084085,16.441334,16.248936,4.0,4.0,0.0,0.0,0.0,0.0,4.0,0.0
7193,2023.0,2.0,19.0,22.0,21.073082,22.507023,20.034363,21.578655,21.081741,22.394514,21.061829,22.528309,17.342361,17.647417,18.119694,18.21844,21.058722,21.854053,21.075954,22.201221,16.33559,16.142778,4.0,0.0,0.0,4.0,0.0,0.0,0.0,0.0
7194,2023.0,2.0,19.0,23.0,21.053795,22.486273,20.087395,21.580046,21.07583,22.371637,21.061968,22.531933,20.391308,22.793774,17.046259,16.80459,21.010612,21.76607,21.067442,22.17208,16.24157,16.047821,0.0,0.0,0.0,0.0,0.0,4.0,0.0,0.0
7195,2023.0,2.0,19.0,23.0,19.691721,19.881071,18.255255,17.990425,19.700237,19.76195,19.555683,19.645004,17.89954,17.672337,16.766798,16.520052,19.57547,19.034487,19.383049,18.927408,16.16056,15.969049,0.0,0.0,0.0,0.0,0.0,0.0,0.0,0.0
7196,2023.0,2.0,19.0,23.0,19.02311,18.940273,17.7254,17.430576,18.961462,18.695322,18.77437,18.52891,16.962639,16.366152,16.61242,16.358103,18.99998,18.288406,19.037148,18.739328,16.093565,15.898418,0.0,0.0,0.0,0.0,0.0,0.0,0.0,0.0
7197,2023.0,2.0,19.0,23.0,18.736061,18.642817,17.519522,17.256264,18.64455,18.359976,18.447525,18.18601,17.018467,16.753237,16.476938,16.218939,18.759478,18.055548,18.836283,18.563438,16.029549,15.832883,0.0,0.0,0.0,0.0,0.0,0.0,0.0,0.0
7198,2023.0,2.0,19.0,23.0,18.531519,18.455,17.326775,17.079891,18.423458,18.156244,18.218922,17.97607,16.920643,16.685328,16.365099,16.114185,19.69911,20.059746,18.641163,18.386703,15.971809,15.77729,0.0,0.0,0.0,0.0,0.0,4.0,0.0,0.0
7199,2023.0,2.0,19.0,23.0,18.341,18.262165,17.144234,16.89304,18.216864,17.946821,18.00662,17.761158,16.790174,16.560139,16.252752,15.999247,19.478065,19.471247,18.455132,18.202908,15.911717,15.715063,0.0,0.0,0.0,0.0,0.0,4.0,0.0,0.0
7200,2023.0,2.0,20.0,0.0,18.180283,18.105524,16.988993,16.740433,18.042675,17.777002,17.82777,17.587112,16.66809,16.43734,16.44279,16.441772,18.707895,18.11238,18.29324,18.047972,15.855448,15.658333,0.0,0.0,0.0,0.0,4.0,0.0,0.0,0.0
7201,2023.0,2.0,20.0,0.0,18.033276,17.958542,16.846773,16.596989,17.883343,17.617847,17.664415,17.424095,16.554758,16.322124,16.189709,15.958909,18.370012,17.694393,18.138685,17.887714,15.800397,15.602004,0.0,0.0,0.0,0.0,0.0,0.0,0.0,0.0
7202,2023.0,2.0,20.0,0.0,17.897676,17.820272,16.713976,16.458567,17.735352,17.466248,17.51324,17.269129,16.450022,16.214169,16.030085,15.771223,18.190224,17.514668,17.999207,17.745367,15.747054,15.546825,0.0,0.0,0.0,0.0,0.0,0.0,0.0,0.0
7203,2023.0,2.0,20.0,0.0,17.785946,17.7182,16.608835,16.364265,17.615248,17.35805,17.39101,17.15879,16.361122,16.129438,15.942428,15.68873,18.410494,18.104515,17.879755,17.630968,15.699077,15.500299,0.0,0.0,0.0,0.0,0.0,0.0,0.0,0.0
7204,2023.0,2.0,20.0,0.0,17.672697,17.603062,16.498367,16.249762,17.4917,17.232124,17.265516,17.030556,16.272976,16.03858,15.856267,15.599162,18.38723,18.095856,17.763533,17.512442,15.65003,15.449577,0.0,0.0,0.0,0.0,0.0,0.0,0.0,0.0
7205,2023.0,2.0,20.0,0.0,17.579193,17.518974,16.410667,16.172853,17.391352,17.143448,17.163702,16.94032,16.781635,17.064266,15.785582,15.533606,18.31689,18.029173,17.663568,17.417723,15.606227,15.407607,0.0,0.0,0.0,4.0,0.0,0.0,0.0,0.0
7206,2023.0,2.0,20.0,1.0,17.481133,17.417854,16.314949,16.07258,17.284388,17.033129,17.05514,16.828077,16.968443,17.305395,15.711475,15.455708,18.242134,17.951363,17.563295,17.314383,15.560308,15.359662,0.0,0.0,0.0,4.0,0.0,0.0,0.0,0.0
7207,2023.0,2.0,20.0,1.0,17.402287,17.348059,16.240635,16.008944,17.199238,16.959528,16.96881,16.753239,16.163805,15.722557,15.650964,15.400612,18.177784,17.891563,17.478447,17.235344,16.23136,16.658436,0.0,0.0,0.0,0.0,0.0,0.0,0.0,4.0
7208,2023.0,2.0,20.0,1.0,17.320835,17.26707,16.161982,15.931153,17.11043,16.872374,16.878939,16.66473,15.815084,15.280559,15.588113,15.337044,18.11187,17.824923,17.393202,17.149626,15.736112,15.562875,0.0,0.0,0.0,0.0,0.0,0.0,0.0,0.0
7209,2023.0,2.0,20.0,1.0,17.241299,17.185593,16.085224,15.852503,17.024187,16.784847,16.792002,16.576084,15.667753,15.127572,15.526661,15.273104,18.047653,17.758436,17.31119,17.065382,15.315097,14.864993,0.0,0.0,0.0,0.0,0.0,0.0,0.0,0.0
7210,2023.0,2.0,20.0,1.0,17.168905,17.114952,16.015997,15.78498,16.946232,16.70923,16.713474,16.499582,15.859905,15.627377,15.470381,15.216831,17.988632,17.699402,17.236084,16.99068,15.176055,14.718796,0.0,0.0,0.0,0.0,0.0,0.0,0.0,0.0
7211,2023.0,2.0,20.0,1.0,17.101946,17.051756,15.952728,15.725808,16.874794,16.642519,16.641335,16.432016,16.431852,16.712914,15.418161,15.166324,17.933737,17.646,17.166431,16.923124,15.337263,15.13464,0.0,0.0,0.0,4.0,0.0,0.0,0.0,0.0
7212,2023.0,2.0,20.0,2.0,17.035877,16.986832,15.889962,15.664338,16.80414,16.573706,16.569815,16.362234,16.0043,15.78444,15.366186,15.114228,17.879534,17.591663,17.098204,16.855116,15.33714,15.135968,0.0,0.0,0.0,0.0,0.0,0.0,0.0,0.0
7213,2023.0,2.0,20.0,2.0,16.97159,16.921968,15.828006,15.60152,16.734531,16.503716,16.4993,16.291128,15.850406,15.617064,15.31543,15.062691,17.827248,17.539078,17.032276,16.788773,15.301078,15.099532,0.0,0.0,0.0,0.0,0.0,0.0,0.0,0.0
7214,2023.0,2.0,20.0,2.0,16.91422,16.867882,15.774041,15.551651,16.672998,16.446516,16.437035,16.233036,15.788102,15.557072,15.270249,15.019814,17.779936,17.493954,16.972218,16.730967,15.2669935,15.066967,0.0,0.0,0.0,0.0,0.0,0.0,0.0,0.0
7215,2023.0,2.0,20.0,2.0,16.862272,16.822184,15.726432,15.511908,16.618082,16.399616,16.38153,16.185438,16.317015,16.603552,15.229672,14.983926,17.736774,17.454933,16.917173,16.68032,15.234235,15.037147,0.0,0.0,0.0,4.0,0.0,0.0,0.0,0.0
7216,2023.0,2.0,20.0,2.0,16.810087,16.7736,15.677766,15.467661,16.562454,16.34866,16.325336,16.133749,15.624605,15.15217,15.475911,15.480743,17.694141,17.414938,16.863153,16.629086,15.201277,15.006169,0.0,0.0,0.0,0.0,4.0,0.0,0.0,0.0
7217,2023.0,2.0,20.0,2.0,16.757698,16.722351,15.628902,15.420823,16.50647,16.294798,16.268867,16.079184,15.357965,14.843024,15.260803,15.0162,17.651628,17.373465,16.809431,16.576212,15.167844,14.973532,0.0,0.0,0.0,0.0,0.0,0.0,0.0,0.0
7218,2023.0,2.0,20.0,3.0,16.709879,16.678762,15.584952,15.381621,16.455677,16.249195,16.217787,16.033077,16.131887,16.422216,15.16771,14.927764,17.612846,17.337849,16.760374,16.530558,15.136871,14.9449835,0.0,0.0,0.0,4.0,0.0,0.0,0.0,0.0
7219,2023.0,2.0,20.0,3.0,16.660484,16.630695,15.539645,15.338246,16.40359,16.199203,16.165443,15.982614,15.784469,15.597911,15.123903,14.885711,17.573261,17.299248,16.710701,16.48185,15.831676,16.281397,0.0,0.0,0.0,0.0,0.0,0.0,0.0,4.0
7220,2023.0,2.0,20.0,3.0,16.614918,16.588638,15.49471,15.294521,16.352163,16.1491,16.11393,15.932156,15.363583,14.886982,15.080823,14.843184,17.534184,17.260767,16.661932,16.433626,16.123922,16.662493,0.0,0.0,0.0,0.0,0.0,0.0,0.0,4.0
7221,2023.0,2.0,20.0,3.0,16.582546,16.57163,15.453361,15.256815,16.30486,16.1057,16.06699,15.888707,15.212392,14.718721,15.04254,14.807447,17.49769,17.22664,16.616482,16.390812,15.226996,14.852256,0.0,0.0,0.0,0.0,0.0,0.0,0.0,0.0
7222,2023.0,2.0,20.0,3.0,16.54064,16.531422,15.408946,15.212104,16.254484,16.054922,16.01719,15.838067,15.395546,15.181632,15.002501,14.766788,17.459116,17.187714,16.56881,16.34255,15.005201,14.627701,0.0,0.0,0.0,0.0,0.0,0.0,0.0,0.0
7223,2023.0,2.0,20.0,3.0,16.496094,16.490429,15.365842,15.173395,16.205578,16.010548,15.968606,15.793733,15.413916,15.1974325,15.004632,14.805051,17.420677,17.151999,16.521303,16.298147,15.603621,15.841257,0.0,0.0,0.0,0.0,0.0,0.0,0.0,4.0
7224,2023.0,2.0,20.0,4.0,16.4501,16.445797,15.321675,15.131185,16.155767,15.962759,15.919388,15.746143,15.377028,15.1635275,15.004163,14.827137,17.381535,17.114145,16.473364,16.251595,15.1262045,14.745882,0.0,0.0,0.0,0.0,0.0,0.0,0.0,0.0
7225,2023.0,2.0,20.0,4.0,16.406199,16.404089,15.280218,15.092792,16.108616,15.918625,15.872586,15.702131,15.923197,16.227482,15.004642,14.847122,17.344376,17.079239,16.427588,16.207916,15.5339155,15.742854,0.0,0.0,0.0,4.0,0.0,0.0,0.0,4.0
7226,2023.0,2.0,20.0,4.0,16.365429,16.366142,15.241822,15.058335,16.06446,15.87843,15.829052,15.662184,15.583092,15.39725,15.00499,14.863855,17.309334,17.047047,16.38444,16.167559,15.073742,14.699134,0.0,0.0,0.0,0.0,0.0,0.0,0.0,0.0
7227,2023.0,2.0,20.0,4.0,16.323095,16.32379,15.201472,15.018452,16.01819,15.832528,15.783178,15.61649,15.37438,15.1646595,15.007721,14.8847885,17.273626,17.012283,16.340712,16.124428,15.016434,14.818005,0.0,0.0,0.0,0.0,0.0,0.0,0.0,0.0
7228,2023.0,2.0,20.0,4.0,16.284283,16.287676,15.165474,14.986068,15.976369,15.794301,15.741602,15.5783415,15.31692,15.110107,15.008359,14.896445,17.240713,16.982006,16.30032,16.086555,15.00947,14.826519,0.0,0.0,0.0,0.0,0.0,0.0,0.0,0.0
7229,2023.0,2.0,20.0,4.0,16.247944,16.255829,15.133135,14.959849,15.938296,15.762384,15.70369,15.546434,15.857107,16.168486,15.189336,15.239804,17.210188,16.955446,16.262695,16.052813,15.002838,14.849844,0.0,0.0,0.0,4.0,4.0,0.0,0.0,0.0
7230,2023.0,2.0,20.0,5.0,16.211311,16.221966,15.10007,14.930495,15.89916,15.727233,15.664851,15.511371,15.268773,14.847548,14.984834,14.852732,17.179623,16.92781,16.225426,16.018509,15.668631,16.131273,0.0,0.0,0.0,0.0,0.0,0.0,0.0,4.0
7231,2023.0,2.0,20.0,5.0,16.175608,16.189358,15.068028,14.90256,15.861121,15.693306,15.627609,15.477791,15.537906,15.608297,15.012776,14.921858,17.150206,16.901688,16.189388,15.985508,14.969884,14.724379,0.0,0.0,0.0,4.0,0.0,0.0,0.0,0.0
7232,2023.0,2.0,20.0,5.0,16.1406,16.156889,15.036778,14.87512,15.823761,15.659633,15.591023,15.444562,15.17013,14.76872,15.005049,14.919729,17.121632,16.876175,16.154264,15.953082,15.031945,14.896823,0.0,0.0,0.0,0.0,0.0,0.0,0.0,0.0
7233,2023.0,2.0,20.0,5.0,16.10529,16.123749,15.005649,14.84726,15.786597,15.625496,15.554496,15.4108305,15.001169,14.650738,15.181834,15.257879,17.093534,16.850826,16.119884,15.921091,15.00888,14.8762245,0.0,0.0,0.0,0.0,4.0,0.0,0.0,0.0
7234,2023.0,2.0,20.0,5.0,16.072617,16.095705,15.0019655,14.869537,15.752709,15.597126,15.521165,15.382709,15.098982,14.91191,14.979416,14.873286,17.06749,16.828897,16.088144,15.893449,15.667129,16.149538,0.0,0.0,0.0,0.0,0.0,0.0,0.0,4.0
7235,2023.0,2.0,20.0,5.0,16.037712,16.06276,15.003037,14.894648,15.716756,15.563825,15.486305,15.350089,15.10966,14.923605,15.17509,15.262072,17.040531,16.804554,16.05533,15.862784,15.749667,16.05168,0.0,0.0,0.0,0.0,4.0,0.0,0.0,4.0
7236,2023.0,2.0,20.0,6.0,16.00598,16.035559,15.00299,14.914806,15.684198,15.536584,15.455137,15.323609,15.080194,14.898583,14.97899,14.881897,17.015625,16.783703,16.025057,15.836437,14.966853,14.707442,0.0,0.0,0.0,0.0,0.0,0.0,0.0,0.0
7237,2023.0,2.0,20.0,6.0,20.897045,24.588634,15.003414,14.933936,20.770752,24.403912,20.629248,24.315123,15.641459,15.982653,15.012933,14.962154,20.870226,23.292936,21.488619,25.122505,15.025958,14.893898,0.0,0.0,0.0,4.0,0.0,0.0,4.0,0.0
7238,2023.0,2.0,20.0,6.0,21.016119,24.227978,15.003781,14.951082,21.014315,24.249603,21.017033,24.41557,20.287779,23.886192,15.006014,14.959689,21.474075,24.127432,21.52657,24.716974,15.010183,14.8927355,0.0,0.0,0.0,0.0,0.0,0.0,0.0,0.0
7239,2023.0,2.0,20.0,6.0,21.094236,23.994984,15.004115,14.96646,21.09874,23.999971,21.103563,24.153881,17.490623,17.804886,15.007233,14.969617,21.003498,22.969975,22.399118,25.833214,15.004182,14.913233,0.0,0.0,0.0,0.0,0.0,0.0,0.0,0.0
7240,2023.0,2.0,20.0,6.0,21.080887,23.709642,15.004557,14.981041,21.083721,23.691137,21.088503,23.8355,16.005075,15.823278,15.00712,14.975296,21.04439,22.844072,21.190083,23.253733,15.683834,16.216066,0.0,0.0,0.0,0.0,0.0,4.0,0.0,4.0
7241,2023.0,2.0,20.0,6.0,21.081438,23.530539,15.00488,14.994739,21.084238,23.49663,21.08902,23.635117,15.763355,15.577372,15.142609,15.227004,21.039375,22.700827,21.02629,22.837515,19.900484,23.285076,0.0,0.0,0.0,0.0,4.0,4.0,0.0,0.0
7242,2023.0,2.0,20.0,7.0,21.559975,23.986826,15.2339115,15.096666,21.452818,23.830202,21.262848,23.725441,15.635099,15.45126,20.196222,23.811377,21.281075,22.93951,21.384604,23.336723,16.917007,16.881363,0.0,0.0,0.0,0.0,4.0,0.0,0.0,0.0
7243,2023.0,2.0,20.0,7.0,20.912445,22.83318,15.000979,14.926209,20.938745,22.853025,21.000835,23.134651,15.535525,15.354604,19.999939,22.927029,20.981586,22.287685,20.926292,22.4325,16.644108,17.325062,0.0,0.0,0.0,0.0,4.0,4.0,0.0,4.0
7244,2023.0,2.0,20.0,7.0,21.12049,23.186506,15.005739,14.962648,21.097212,23.12475,21.092913,23.253582,15.451318,15.273174,20.106789,22.695883,21.056396,22.379683,21.087503,22.751549,20.845657,24.431221,0.0,0.0,0.0,0.0,4.0,4.0,0.0,0.0
7245,2023.0,2.0,20.0,7.0,21.061817,22.997131,15.379884,15.67653,21.049805,22.968536,21.055033,23.103546,15.380376,15.205691,20.103008,22.394455,21.047272,22.317188,21.027645,22.594112,18.153269,18.611963,4.0,4.0,4.0,0.0,0.0,4.0,4.0,4.0
7246,2023.0,2.0,20.0,7.0,21.51438,23.490368,20.070276,23.661978,21.423239,23.43533,21.475937,23.58491,15.318443,15.146207,17.939354,17.999508,21.457663,22.858526,21.518358,23.246572,20.359198,23.143124,0.0,4.0,0.0,0.0,4.0,0.0,4.0,4.0
7247,2023.0,2.0,20.0,7.0,21.061943,22.884905,17.545862,18.108002,20.928978,22.495611,21.082998,23.006533,16.020586,16.514166,20.280134,22.71136,20.949812,21.9413,20.894835,22.118164,21.054426,23.877728,0.0,4.0,0.0,4.0,0.0,4.0,0.0,4.0
7248,2023.0,2.0,20.0,8.0,21.090878,22.925028,16.294937,16.612534,21.09146,22.80948,21.095419,22.980587,20.448357,23.869743,17.81744,17.685127,21.057241,22.161707,21.066217,22.453749,19.890976,21.602592,4.0,4.0,0.0,0.0,0.0,4.0,4.0,4.0
7249,2023.0,2.0,20.0,8.0,19.536375,19.89509,20.162107,23.348825,19.461855,19.670084,19.718395,20.30396,17.338913,17.36663,16.676626,16.425945,19.994038,20.120075,19.122244,18.772907,20.121431,22.009773,0.0,4.0,4.0,0.0,0.0,4.0,0.0,0.0
7250,2023.0,2.0,20.0,8.0,18.161144,17.882807,17.864826,18.415682,18.01332,17.54087,18.43708,18.425781,16.528631,16.726063,16.818365,16.918308,19.552458,19.642864,19.097723,19.440647,17.914677,17.695887,0.0,0.0,0.0,4.0,4.0,4.0,4.0,0.0
7251,2023.0,2.0,20.0,8.0,17.678204,17.297838,16.619823,16.508505,17.504862,16.919085,17.608074,17.118462,20.533152,23.609821,20.361675,23.078022,19.430037,19.53078,19.123756,19.501575,17.048836,16.564726,0.0,0.0,0.0,0.0,4.0,4.0,4.0,0.0
7252,2023.0,2.0,20.0,8.0,18.07889,18.33485,16.674038,16.914797,17.843082,17.84597,17.111969,16.57242,17.582125,17.535706,20.034428,22.134277,19.306808,19.422235,18.093933,17.681295,16.63397,16.168093,4.0,4.0,0.0,0.0,4.0,4.0,0.0,0.0
7253,2023.0,2.0,20.0,8.0,17.483599,17.233557,20.238407,23.301815,17.279419,16.830032,17.099579,16.85153,16.892937,17.10628,20.10138,22.052732,18.53948,18.082851,18.527464,18.93371,17.489714,18.101084,0.0,0.0,0.0,4.0,0.0,0.0,4.0,4.0
7254,2023.0,2.0,20.0,9.0,17.042532,16.721148,17.966524,18.45389,17.497488,17.544344,17.017864,16.832829,20.437443,23.185783,17.930094,17.72441,18.073553,17.529129,17.767517,17.372593,20.33119,22.900759,0.0,4.0,0.0,0.0,0.0,0.0,0.0,4.0
7255,2023.0,2.0,20.0,9.0,16.839558,16.528376,16.52108,16.4695,16.979177,16.566435,16.86097,16.687677,17.738628,17.683107,16.972363,16.716343,17.860533,17.32152,17.257475,16.808197,20.059021,22.14806,0.0,0.0,0.0,0.0,0.0,0.0,0.0,0.0
7256,2023.0,2.0,20.0,9.0,16.932833,16.88804,16.145626,16.011639,17.251125,17.341738,16.717571,16.55164,17.360994,17.826817,16.738443,16.508045,17.71292,17.190842,17.049202,16.60989,17.804066,17.647202,0.0,4.0,0.0,4.0,0.0,0.0,0.0,0.0
7257,2023.0,2.0,20.0,9.0,16.923498,16.93423,16.438358,16.68754,17.375265,17.565136,16.611504,16.45067,20.325829,22.987354,16.561268,16.336338,17.855122,17.59411,16.917746,16.49169,16.955482,16.514475,4.0,4.0,0.0,0.0,0.0,0.0,0.0,0.0
7258,2023.0,2.0,20.0,9.0,16.842552,16.864769,20.223547,23.357494,17.357609,17.564257,16.50083,16.34965,17.801388,17.742521,16.37407,16.1583,17.877329,17.665323,16.994345,16.787106,17.47642,17.832872,4.0,4.0,0.0,0.0,0.0,0.0,0.0,4.0
7259,2023.0,2.0,20.0,9.0,16.76664,16.80164,20.052023,22.5873,17.33446,17.557755,16.399193,16.255768,16.520926,16.12219,16.210405,16.003252,17.817024,17.615791,16.988365,16.81704,20.340347,22.824667,0.0,4.0,0.0,0.0,0.0,0.0,0.0,0.0
7260,2023.0,2.0,20.0,10.0,16.69132,16.734198,17.987112,18.328749,16.667173,16.349747,16.30932,16.173393,16.382845,16.17004,16.0795,15.885065,18.486673,18.93947,16.920115,16.758404,17.905033,17.828354,4.0,0.0,0.0,0.0,0.0,4.0,0.0,0.0
7261,2023.0,2.0,20.0,10.0,16.629839,16.678656,20.237066,22.621368,17.03699,17.210138,16.240292,16.111,16.308348,16.132475,15.988702,15.800234,17.75404,17.40422,16.858303,16.70027,17.878742,18.23301,0.0,4.0,0.0,0.0,0.0,0.0,0.0,4.0
7262,2023.0,2.0,20.0,10.0,17.31273,18.023294,18.009531,18.097353,17.230993,17.499966,16.169724,16.049522,16.181831,16.020243,16.283344,16.443014,18.147959,18.400375,16.794514,16.641642,20.30274,22.53916,0.0,4.0,0.0,0.0,4.0,4.0,0.0,0.0
7263,2023.0,2.0,20.0,10.0,16.937033,17.132412,16.882988,16.78305,17.229605,17.515984,16.822792,17.336433,16.81777,17.328655,20.437378,23.365517,17.655817,17.29202,17.741278,18.477003,18.020803,17.918402,0.0,4.0,4.0,4.0,4.0,0.0,4.0,0.0
7264,2023.0,2.0,20.0,10.0,16.405544,16.29006,16.599955,16.49001,16.575624,16.316969,16.493195,16.54496,21.408327,25.09063,20.015898,22.355831,17.354052,16.939991,17.017925,16.775803,16.906025,16.54749,0.0,0.0,0.0,0.0,0.0,0.0,0.0,0.0
7265,2023.0,2.0,20.0,10.0,16.940067,17.4262,16.38661,16.276442,16.217001,15.869945,15.9615965,15.691179,18.388107,18.593126,18.061111,18.32365,17.272213,16.865091,16.58073,16.257019,16.74232,16.551394,0.0,0.0,0.0,0.0,0.0,0.0,0.0,0.0
7266,2023.0,2.0,20.0,11.0,16.476044,16.462774,16.70918,16.996725,16.104944,15.762342,15.788758,15.472581,17.082933,16.684647,17.172657,16.990904,18.244919,18.78334,16.478039,16.15325,16.634949,16.47405,4.0,0.0,0.0,0.0,0.0,4.0,0.0,0.0
7267,2023.0,2.0,20.0,11.0,16.228046,16.10514,20.258757,23.197382,16.21062,16.069805,15.889778,15.761856,16.937658,16.723742,16.910345,16.710966,18.297209,18.654922,16.571262,16.413435,16.508379,16.359995,4.0,0.0,0.0,0.0,0.0,4.0,0.0,0.0
7268,2023.0,2.0,20.0,11.0,16.121544,15.998705,20.023577,22.354881,16.234642,16.144371,15.917008,15.83615,16.781075,16.605637,16.70135,16.509764,17.562508,17.246996,16.595816,16.466948,16.377277,16.23794,4.0,0.0,0.0,0.0,0.0,0.0,0.0,0.0
7269,2023.0,2.0,20.0,11.0,16.24148,16.314043,20.079643,22.226786,16.189796,16.11228,15.87902,15.8101225,16.609457,16.448244,16.543434,16.364023,18.082235,18.422546,17.668077,18.523323,16.264484,16.134245,4.0,0.0,0.0,0.0,0.0,4.0,4.0,0.0
7270,2023.0,2.0,20.0,11.0,17.060572,17.860588,20.08692,22.095602,16.871376,17.439297,15.837629,15.777454,16.46597,16.31453,16.416922,16.247742,17.606346,17.328886,16.929163,16.756851,16.16717,16.044224,0.0,4.0,0.0,0.0,0.0,0.0,0.0,0.0
7271,2023.0,2.0,20.0,11.0,17.16365,17.79402,18.129032,18.229668,17.167145,17.796804,15.798625,15.746987,16.35097,16.210436,16.318321,16.16267,17.330238,16.994015,16.506966,16.24935,16.084368,15.968535,0.0,4.0,0.0,0.0,0.0,0.0,0.0,0.0
7272,2023.0,2.0,20.0,12.0,16.502674,16.547176,17.401419,17.299654,16.423307,16.341034,15.76515,15.720894,16.270586,16.136335,16.250286,16.102127,17.273548,16.941267,16.421724,16.16205,16.02265,15.9113865,0.0,0.0,0.0,0.0,0.0,0.0,0.0,0.0
7273,2023.0,2.0,20.0,12.0,21.025015,24.550606,17.152996,17.078733,21.189665,24.794472,20.92318,24.758614,16.199795,16.073145,16.189026,16.050018,21.466547,24.143093,21.711264,25.160557,15.966775,15.860475,0.0,4.0,0.0,0.0,0.0,0.0,0.0,0.0
7274,2023.0,2.0,20.0,12.0,21.024136,24.030863,16.89569,16.829918,21.010483,23.91485,20.989065,24.25082,16.129457,16.009542,16.12495,15.993412,21.862143,24.547562,22.42912,25.96886,15.913264,15.811713,0.0,4.0,4.0,0.0,0.0,0.0,0.0,0.0
7275,2023.0,2.0,20.0,12.0,21.085594,23.841244,16.684721,16.628328,21.106533,23.776056,21.100725,24.092209,16.072786,15.960254,16.070145,15.946001,20.938976,22.601137,22.126348,24.923872,15.8727255,15.7770605,0.0,0.0,0.0,0.0,0.0,0.0,0.0,0.0
7276,2023.0,2.0,20.0,12.0,21.076134,23.612696,16.963608,17.30943,21.066689,23.441212,21.076027,23.729002,16.027449,15.921494,16.023643,15.905896,21.069023,22.715586,20.892096,22.528675,15.842589,15.752439,4.0,4.0,4.0,0.0,0.0,0.0,0.0,0.0
7277,2023.0,2.0,20.0,12.0,21.151968,23.598936,20.31774,23.15718,21.152252,23.449852,21.152773,23.700342,15.990808,15.890773,15.984185,15.871817,21.12342,22.710896,21.215885,23.117506,15.819767,15.734924,4.0,4.0,0.0,0.0,0.0,0.0,0.0,0.0
7278,2023.0,2.0,20.0,13.0,21.681522,24.434286,20.024084,22.270283,21.063435,23.155968,21.088444,23.424477,15.962103,15.867622,15.9548235,15.847767,21.612602,23.475275,21.054981,22.74076,15.801858,15.721999,0.0,4.0,0.0,0.0,0.0,0.0,0.0,0.0
7279,2023.0,2.0,20.0,13.0,20.897173,22.748213,18.038277,18.25254,21.064827,23.070572,21.053034,23.251482,15.941263,15.851992,15.9340105,15.832691,20.936012,22.035204,21.06161,22.703037,15.786917,15.711172,0.0,4.0,4.0,0.0,0.0,0.0,0.0,0.0
7280,2023.0,2.0,20.0,13.0,21.115871,23.154469,17.018612,17.002535,21.061426,22.997755,21.094898,23.265331,15.921716,15.836476,15.913576,15.816201,21.071213,22.297823,21.058767,22.655699,15.773451,15.70098,0.0,4.0,0.0,0.0,0.0,0.0,0.0,0.0
7281,2023.0,2.0,20.0,13.0,21.136179,23.175964,16.745632,16.705675,21.124193,23.059902,21.136652,23.238544,15.904184,15.822591,15.893969,15.799988,21.09485,22.32356,21.121965,22.73783,15.762089,15.692924,0.0,4.0,4.0,0.0,0.0,0.0,0.0,0.0
7282,2023.0,2.0,20.0,13.0,21.03216,22.94184,16.579762,16.565392,21.051308,22.87549,21.081104,23.108425,15.889388,15.812187,16.275845,16.535786,21.04022,22.20112,21.010683,22.459606,16.787949,17.647858,0.0,4.0,0.0,0.0,4.0,0.0,4.0,4.0
7283,2023.0,2.0,20.0,13.0,21.084187,23.032259,16.884388,17.271507,21.083782,22.925406,21.084593,23.070024,15.875028,15.801474,20.273733,23.299116,21.045687,22.19747,21.075834,22.58139,21.078398,24.7332,4.0,0.0,0.0,0.0,0.0,0.0,0.0,0.0
7284,2023.0,2.0,20.0,14.0,21.159706,23.151764,20.320702,23.237104,21.160677,23.043585,21.160131,23.178831,15.861984,15.792089,18.113256,18.601728,21.20631,22.486511,21.188354,22.771755,18.165823,18.433905,4.0,0.0,0.0,0.0,0.0,4.0,0.0,0.0
7285,2023.0,2.0,20.0,14.0,19.268131,19.485962,20.035105,22.338158,19.272532,19.383936,19.340776,19.662561,15.849814,15.782232,16.808691,16.788183,20.527626,21.157393,19.437113,19.363579,16.703772,16.575886,0.0,0.0,0.0,0.0,0.0,4.0,0.0,0.0
7286,2023.0,2.0,20.0,14.0,19.138914,19.903095,18.074331,18.35638,19.024693,19.573507,18.28047,18.309875,15.83629,15.770898,16.553278,16.47086,20.102762,20.4953,18.71456,18.586742,16.497507,16.413986,0.0,4.0,0.0,0.0,0.0,4.0,0.0,0.0
7287,2023.0,2.0,20.0,14.0,18.366552,18.47182,17.298693,17.287817,18.298037,18.260197,18.631079,19.208786,15.823016,15.759318,16.450272,16.355572,19.243752,18.965366,18.490793,18.35752,16.406965,16.329275,0.0,0.0,4.0,0.0,0.0,0.0,0.0,0.0
7288,2023.0,2.0,20.0,14.0,17.929693,17.904842,17.05752,17.046812,17.831274,17.627272,18.045214,18.15289,15.808698,15.746699,16.375904,16.282873,18.916298,18.585861,18.309227,18.180481,16.320114,16.245123,0.0,0.0,0.0,0.0,0.0,0.0,0.0,0.0
7289,2023.0,2.0,20.0,14.0,18.427515,19.02889,16.870241,16.864363,17.604267,17.400286,17.536995,17.396715,15.793409,15.7333145,16.312708,16.223757,19.508303,19.86016,18.15719,18.036392,17.20924,17.992874,0.0,0.0,0.0,0.0,0.0,4.0,0.0,4.0
7290,2023.0,2.0,20.0,15.0,17.878063,18.000532,16.718483,16.716276,18.244972,18.78098,17.9425,18.349152,16.538393,17.150784,16.254646,16.169674,18.944519,18.759083,18.022331,17.908524,20.330248,23.309637,0.0,4.0,4.0,4.0,0.0,0.0,0.0,0.0
7291,2023.0,2.0,20.0,15.0,17.4584,17.472303,16.565273,16.567127,17.888456,18.023848,18.060589,18.542212,20.331285,23.560507,16.190931,16.10904,18.566969,18.287588,17.882872,17.775322,17.866877,18.070122,0.0,0.0,4.0,0.0,0.0,0.0,0.0,0.0
7292,2023.0,2.0,20.0,15.0,17.970713,18.585257,16.88493,17.281195,17.342535,17.216232,17.416004,17.409363,17.78563,18.072441,16.130615,16.050554,18.410425,18.127817,17.756853,17.653324,16.715176,16.58747,4.0,0.0,0.0,0.0,0.0,0.0,0.0,0.0
7293,2023.0,2.0,20.0,15.0,18.112642,18.783989,20.288853,23.194994,17.792898,18.19674,17.067871,16.929901,16.823357,16.640667,16.492508,16.772783,18.442387,18.29395,17.661959,17.560587,16.563646,16.47681,4.0,4.0,0.0,0.0,4.0,0.0,0.0,0.0
7294,2023.0,2.0,20.0,15.0,18.114588,18.785616,20.033543,22.340216,17.373575,17.341629,16.86971,16.727884,16.634819,16.53129,20.344398,23.328836,18.412762,18.290253,17.56455,17.46787,17.397326,18.161106,0.0,0.0,0.0,0.0,0.0,0.0,0.0,4.0
7295,2023.0,2.0,20.0,15.0,17.486992,17.623014,18.087715,18.373775,16.99979,16.857359,16.83111,16.796846,17.253447,17.819468,18.191298,18.685448,18.34366,18.22735,17.47453,17.380919,20.335321,23.123598,0.0,0.0,0.0,4.0,0.0,0.0,0.0,0.0
7296,2023.0,2.0,20.0,16.0,17.82437,18.471312,17.092403,17.131695,17.510061,17.93539,17.47658,18.082094,20.327372,23.041119,16.904509,16.886078,18.275438,18.162376,17.393719,17.303156,17.957336,18.13059,0.0,4.0,4.0,4.0,0.0,0.0,0.0,0.0
7297,2023.0,2.0,20.0,16.0,17.984015,18.651247,16.824846,16.829006,17.725592,18.223324,17.103233,17.228584,20.038216,22.174177,16.62289,16.54232,19.02446,19.643293,17.321007,17.232626,16.831974,16.680475,0.0,4.0,0.0,0.0,0.0,4.0,0.0,0.0
7298,2023.0,2.0,20.0,16.0,17.985226,18.648006,17.10239,17.495466,17.73435,18.232141,16.655523,16.566961,18.075941,18.182142,16.484283,16.399855,19.115625,19.58718,17.257786,17.173212,16.640354,16.553413,4.0,4.0,0.0,0.0,0.0,4.0,0.0,0.0
7299,2023.0,2.0,20.0,16.0,17.368046,17.495842,20.270824,23.025778,17.731798,18.228783,17.175213,17.63724,17.994295,18.379137,16.394644,16.30673,19.120638,19.576384,17.206635,17.124289,16.53988,16.461672,0.0,4.0,4.0,4.0,0.0,4.0,0.0,0.0
7300,2023.0,2.0,20.0,16.0,17.735407,18.389399,18.336456,18.894938,17.72579,18.221968,16.79918,16.808723,20.300262,22.474588,16.312143,16.22995,19.148668,19.603176,17.15454,17.075377,16.427721,16.354977,0.0,4.0,0.0,0.0,0.0,4.0,0.0,0.0
7301,2023.0,2.0,20.0,16.0,17.913496,18.589684,17.115814,17.218542,17.71833,18.21375,17.128342,17.608124,18.316725,18.419163,16.23851,16.160097,19.170382,19.623426,18.180162,19.05733,16.327229,16.257793,0.0,4.0,4.0,0.0,0.0,4.0,4.0,0.0
7302,2023.0,2.0,20.0,17.0,17.929354,18.602343,16.831192,16.839947,17.710953,18.205427,16.650558,16.640944,17.506746,17.256521,16.181673,16.104015,19.185646,19.638014,18.338482,19.094128,16.25292,16.183989,0.0,4.0,0.0,0.0,0.0,4.0,4.0,0.0
7303,2023.0,2.0,20.0,17.0,17.932564,18.597542,17.13869,17.537844,17.697805,18.18517,16.395248,16.276087,18.093493,18.614172,16.12712,16.050526,18.473965,18.2879,17.44536,17.338142,16.18496,16.117815,4.0,4.0,0.0,4.0,0.0,0.0,0.0,0.0
7304,2023.0,2.0,20.0,17.0,17.292149,17.397322,20.250568,22.975597,17.682543,18.162365,16.96612,17.42529,20.271889,22.429012,16.073637,15.996153,18.196962,17.913603,17.150581,16.946255,16.12256,16.056444,0.0,4.0,4.0,0.0,0.0,0.0,0.0,0.0
7305,2023.0,2.0,20.0,17.0,17.652924,18.283646,18.340832,18.893427,17.664152,18.136532,16.590065,16.580978,18.30696,18.382294,16.019888,15.943904,18.05974,17.772684,17.020107,16.810854,16.056324,15.991617,0.0,4.0,0.0,0.0,0.0,0.0,0.0,0.0
7306,2023.0,2.0,20.0,17.0,17.124998,17.213041,17.798206,18.210945,17.64555,18.109707,17.013472,17.487843,17.50064,17.22093,15.977723,15.900851,17.96251,17.671265,16.93084,16.716581,16.001919,15.936192,4.0,4.0,4.0,0.0,0.0,0.0,0.0,0.0
7307,2023.0,2.0,20.0,17.0,16.87155,16.858904,20.262686,22.593828,17.627073,18.084137,16.52425,16.50287,17.367239,17.222303,16.345531,16.628496,18.030792,17.891394,16.970255,16.868263,15.95227,15.888279,4.0,4.0,0.0,0.0,4.0,0.0,0.0,0.0
7308,2023.0,2.0,20.0,18.0,17.465889,18.073515,20.04314,21.968542,17.605968,18.055681,16.1759,16.03333,17.209824,17.091013,20.24736,23.296206,18.03014,17.917032,16.961536,16.876978,15.898908,15.835611,0.0,4.0,0.0,0.0,0.0,0.0,0.0,0.0
7309,2023.0,2.0,20.0,18.0,21.367414,24.732252,18.547316,18.942919,21.35855,24.587448,21.1409,24.810316,17.034525,16.918413,18.104794,18.59482,21.30134,23.66736,22.35246,26.017473,15.846233,15.780837,4.0,4.0,0.0,0.0,0.0,0.0,0.0,0.0
7310,2023.0,2.0,20.0,18.0,21.036642,23.694628,20.233856,22.370821,21.036766,23.58162,20.988825,23.948275,16.884647,16.76986,16.761192,16.708887,21.022999,22.926947,20.860401,23.068966,15.80058,15.734028,4.0,0.0,4.0,0.0,0.0,0.0,0.0,0.0
7311,2023.0,2.0,20.0,18.0,21.084503,23.517227,20.01618,21.76315,21.063204,23.349718,21.06495,23.754417,16.756617,16.641209,16.479862,16.37525,21.024927,22.693996,21.107538,23.30116,15.76041,15.689089,4.0,4.0,4.0,0.0,0.0,4.0,0.0,0.0
7312,2023.0,2.0,20.0,18.0,21.138575,23.384737,20.154678,21.939095,21.184462,23.41118,21.170637,23.67591,16.65181,16.538853,16.345459,16.233368,21.143955,22.763521,21.150621,23.167799,15.728389,15.65462,0.0,0.0,4.0,0.0,0.0,0.0,0.0,0.0
7313,2023.0,2.0,20.0,18.0,21.050802,23.104008,18.39276,18.447336,21.069624,23.053442,21.060015,23.296719,16.568438,16.463408,16.256824,16.154078,21.025015,22.377348,21.053392,22.863625,15.702502,15.627406,0.0,0.0,4.0,0.0,0.0,4.0,0.0,0.0
7314,2023.0,2.0,20.0,19.0,21.059114,23.028536,17.983145,18.316677,21.082806,22.98031,21.071028,23.190876,16.48669,16.382284,16.168814,16.064344,21.06707,22.39047,21.062714,22.783398,16.643423,17.42295,4.0,0.0,4.0,0.0,0.0,0.0,0.0,4.0
7315,2023.0,2.0,20.0,19.0,21.156233,23.152529,20.258286,22.386543,21.154968,23.078753,21.091894,23.153402,16.414785,16.311066,16.50539,16.764545,21.122313,22.426027,21.06024,22.702835,20.31932,23.532433,0.0,0.0,0.0,0.0,4.0,0.0,0.0,0.0
7316,2023.0,2.0,20.0,19.0,21.056005,22.893475,18.880184,19.490364,21.065218,22.856228,21.08564,23.05674,16.349915,16.246264,20.44722,23.31801,21.029957,22.163286,21.059593,22.64271,18.19914,18.825375,4.0,0.0,0.0,0.0,0.0,4.0,0.0,4.0
7317,2023.0,2.0,20.0,19.0,21.164917,23.085096,20.258162,22.262974,21.04008,22.75254,21.084703,22.983822,16.290667,16.186657,18.1292,18.515587,21.156372,22.379461,21.058813,22.594572,20.341526,23.059046,0.0,4.0,0.0,0.0,0.0,4.0,0.0,0.0
7318,2023.0,2.0,20.0,19.0,21.07518,22.858265,18.349998,18.391308,21.044462,22.737091,21.066935,22.922657,16.23446,16.126875,16.843,16.758512,21.0631,22.178738,21.058119,22.555552,18.499472,19.074242,0.0,4.0,0.0,0.0,0.0,0.0,0.0,4.0
7319,2023.0,2.0,20.0,19.0,21.049255,22.748465,17.881693,18.174309,21.084646,22.782455,21.068504,22.899115,16.18051,16.06937,16.569315,16.443836,21.058172,22.137245,21.057701,22.52368,20.319351,22.7188,4.0,0.0,0.0,0.0,0.0,0.0,0.0,0.0
7320,2023.0,2.0,20.0,20.0,21.0802,22.802277,20.270098,22.411453,21.076916,22.71925,21.067451,22.871893,16.128662,16.013395,16.40602,16.267872,21.058388,22.110336,21.057283,22.4968,18.657774,19.181494,4.0,0.0,0.0,0.0,0.0,0.0,0.0,4.0
7321,2023.0,2.0,20.0,20.0,21.048298,22.689476,20.03074,21.73925,21.052395,22.610703,21.066982,22.847418,16.833044,17.37798,16.283953,16.145287,21.043633,22.086817,21.056734,22.473623,20.307775,22.514511,4.0,4.0,0.0,4.0,0.0,0.0,0.0,0.0
7322,2023.0,2.0,20.0,20.0,21.053055,22.678768,20.065033,21.679909,21.056719,22.591553,21.066206,22.823784,20.335884,23.255205,16.184433,16.047455,21.015419,22.012022,21.056381,22.45347,18.758057,19.247698,4.0,4.0,0.0,4.0,0.0,4.0,0.0,4.0
7323,2023.0,2.0,20.0,20.0,21.05235,22.657272,20.059668,21.581173,21.055954,22.56736,21.065859,22.802296,20.043358,22.271368,16.098434,15.963065,21.034903,22.027136,21.056063,22.435043,20.25708,22.265848,4.0,4.0,0.0,0.0,0.0,4.0,0.0,4.0
7324,2023.0,2.0,20.0,20.0,21.07772,22.708424,20.059492,21.51679,21.055647,22.546448,21.065203,22.78115,17.828184,17.714296,16.017824,15.87576,21.032774,22.005733,21.055723,22.41805,20.020546,21.662561,4.0,4.0,0.0,0.0,0.0,4.0,0.0,4.0
7325,2023.0,2.0,20.0,20.0,21.044205,22.597895,20.057852,21.465467,21.080362,22.59561,21.06406,22.76002,16.740412,16.354052,16.35214,16.56445,21.063234,22.069109,21.014153,22.293966,20.083225,21.714632,4.0,0.0,0.0,0.0,4.0,0.0,4.0,0.0
7326,2023.0,2.0,20.0,21.0,21.174208,22.841055,20.152515,21.629957,21.166302,22.724445,21.160835,22.93515,16.690828,16.520664,20.31442,23.096094,21.125679,22.171305,21.189802,22.638437,18.89587,19.308184,0.0,4.0,0.0,0.0,0.0,0.0,0.0,4.0
7327,2023.0,2.0,20.0,21.0,21.076904,22.648258,18.438248,18.302235,21.079473,22.549839,21.038773,22.651281,16.637098,16.494728,18.364336,18.965878,21.027391,21.934494,21.06617,22.356213,20.22643,21.975645,0.0,0.0,4.0,0.0,4.0,4.0,0.0,4.0
7328,2023.0,2.0,20.0,21.0,21.044771,22.547419,18.148008,18.374132,21.073563,22.518435,21.068422,22.718832,17.321129,17.889341,20.314396,22.77772,21.062292,22.014717,21.02764,22.225483,21.278162,23.567318,4.0,0.0,0.0,4.0,4.0,0.0,4.0,0.0
7329,2023.0,2.0,20.0,21.0,21.050161,22.546661,20.22318,22.135582,21.073606,22.499437,21.07992,22.689295,21.347008,24.770859,20.048145,21.988043,21.026514,21.9099,21.074306,22.332605,18.399832,18.16663,4.0,0.0,0.0,4.0,0.0,4.0,0.0,0.0
7330,2023.0,2.0,20.0,21.0,21.075384,22.604738,20.035902,21.577082,21.055367,22.481285,21.077505,22.644522,19.919777,21.646244,18.273294,18.347122,21.06187,21.99305,21.06531,22.295088,17.399065,16.984385,4.0,0.0,0.0,4.0,4.0,0.0,0.0,0.0
7331,2023.0,2.0,20.0,21.0,21.043158,22.502163,20.078306,21.562616,21.057493,22.49352,21.059404,22.613386,20.919777,23.188467,20.398071,22.38924,21.055862,21.966633,21.065805,22.276688,17.063639,16.65303,0.0,0.0,0.0,4.0,0.0,0.0,0.0,0.0
7332,2023.0,2.0,20.0,22.0,21.074957,22.572214,18.400806,18.266249,21.056942,22.495272,21.06119,22.615492,19.92087,21.182251,18.233263,18.090391,21.056057,21.953,21.050741,22.257978,17.054575,16.879372,0.0,0.0,0.0,0.0,0.0,0.0,0.0,0.0
7333,2023.0,2.0,20.0,22.0,21.068613,22.541666,17.777195,17.663963,21.056877,22.494398,21.060953,22.611307,18.24278,17.960817,17.600857,17.667267,21.010538,21.862185,21.05247,22.264797,17.7883,18.369162,4.0,0.0,0.0,0.0,4.0,4.0,0.0,4.0
7334,2023.0,2.0,20.0,22.0,21.164309,22.716125,20.249733,22.1959,21.184326,22.746084,21.208395,22.881607,17.33386,16.870136,20.386742,22.452742,21.16962,22.168062,21.22438,22.60825,21.49955,24.83807,0.0,0.0,4.0,0.0,0.0,4.0,0.0,0.0
7335,2023.0,2.0,20.0,22.0,21.05153,22.507645,18.357327,18.291058,21.03122,22.412374,21.06472,22.607067,17.256783,17.046062,18.509848,18.69922,21.060093,21.955236,21.051334,22.254604,19.077385,19.498516,0.0,4.0,0.0,0.0,0.0,0.0,0.0,4.0
7336,2023.0,2.0,20.0,22.0,21.05398,22.52333,17.948336,18.173273,21.061544,22.493849,21.078064,22.589077,17.161655,16.986263,17.43973,17.28824,21.055483,21.930496,21.01223,22.1463,20.340157,22.220062,4.0,0.0,0.0,0.0,0.0,0.0,4.0,0.0
7337,2023.0,2.0,20.0,22.0,21.053673,22.528673,20.23203,22.286055,21.074017,22.475956,21.075567,22.550335,17.004261,16.83462,17.115068,16.921612,21.025568,21.838049,21.034332,22.166504,18.203203,17.986042,0.0,0.0,0.0,0.0,0.0,4.0,4.0,0.0
7338,2023.0,2.0,20.0,23.0,21.027273,22.458952,18.600557,18.881176,21.07185,22.439411,21.056986,22.524313,17.504566,17.907785,16.909767,16.719097,21.030386,21.843906,21.071491,22.253218,17.189093,16.765352,0.0,0.0,0.0,4.0,0.0,4.0,0.0,0.0
7339,2023.0,2.0,20.0,23.0,19.705647,19.959318,17.587587,17.504892,19.723158,19.860294,19.620033,19.773832,17.132866,17.05438,16.754328,16.571466,20.2968,20.433481,19.44947,19.114538,17.872974,18.350725,0.0,0.0,0.0,0.0,0.0,4.0,0.0,4.0
7340,2023.0,2.0,20.0,23.0,18.7568,18.445772,17.332405,17.187485,19.032745,18.873709,18.895605,18.750788,17.20512,17.323404,16.641047,16.460682,19.436655,18.971853,18.806858,18.299267,17.119019,16.78059,0.0,0.0,0.0,4.0,0.0,0.0,0.0,0.0
7341,2023.0,2.0,20.0,23.0,18.36062,17.990637,17.176205,17.024834,18.7245,18.536686,18.572786,18.401434,16.669245,16.309364,16.535694,16.358885,19.027813,18.460178,18.517496,18.013664,16.746998,16.3386,0.0,0.0,0.0,0.0,0.0,0.0,0.0,0.0
7342,2023.0,2.0,20.0,23.0,18.43172,18.378542,17.051235,16.905573,18.511337,18.332142,18.347656,18.186005,16.403915,15.993572,16.445639,16.276075,18.819569,18.262814,19.591417,20.28018,16.592073,16.196266,0.0,0.0,0.0,0.0,0.0,0.0,4.0,0.0
7343,2023.0,2.0,20.0,23.0,18.360516,18.368301,16.938013,16.794985,18.326933,18.15168,18.153282,17.996048,16.48123,16.288826,16.3571,16.18533,18.651794,18.106625,18.628654,18.276531,16.666243,16.488401,0.0,0.0,0.0,0.0,0.0,0.0,0.0,0.0
7344,2023.0,2.0,21.0,0.0,18.226639,18.237452,16.833103,16.689852,18.161983,17.986128,17.9794,17.821789,17.061014,17.421707,16.275166,16.101725,18.798088,18.554226,18.165976,17.690773,16.642237,16.501665,0.0,0.0,0.0,4.0,0.0,0.0,0.0,0.0
7345,2023.0,2.0,21.0,0.0,18.10577,18.120699,16.74023,16.599304,18.01955,17.847698,17.829714,17.676374,16.616777,16.47169,16.202309,16.02935,18.77486,18.56956,17.974861,17.507282,16.562183,16.417828,0.0,0.0,0.0,0.0,0.0,0.0,0.0,0.0
7346,2023.0,2.0,21.0,0.0,17.995884,18.014965,16.65587,16.51788,17.892403,17.725586,17.69658,17.548412,16.23814,15.869331,16.135483,15.9634695,18.689943,18.48261,17.81729,17.35966,17.218266,17.719572,0.0,0.0,0.0,0.0,0.0,0.0,0.0,4.0
7347,2023.0,2.0,21.0,0.0,17.894703,17.916788,16.577477,16.441511,17.776068,17.612938,17.57527,17.4307,16.066732,15.665049,16.072916,15.901176,18.60846,18.401234,17.92892,17.72715,16.677347,16.563011,0.0,0.0,0.0,0.0,0.0,0.0,0.0,0.0
7348,2023.0,2.0,21.0,0.0,17.797277,17.818066,16.501415,16.364037,17.665255,17.501106,17.460266,17.31425,16.203304,16.043411,16.012201,15.838345,18.530031,18.320623,17.895885,17.717693,16.261978,15.8995285,0.0,0.0,0.0,0.0,0.0,0.0,0.0,0.0
7349,2023.0,2.0,21.0,0.0,17.709076,17.73069,16.431192,16.293163,17.564878,17.40117,17.356205,17.210361,16.189295,16.032658,15.956208,15.781226,18.458382,18.248247,17.816236,17.637825,16.101885,15.721812,0.0,0.0,0.0,0.0,0.0,0.0,0.0,0.0
7350,2023.0,2.0,21.0,1.0,17.63146,17.657907,16.370949,16.237764,17.478529,17.321552,17.266527,17.12754,16.146074,15.990414,15.906347,15.733138,18.394049,18.185766,17.740244,17.563622,16.230337,16.086369,0.0,0.0,0.0,0.0,0.0,0.0,0.0,0.0
7351,2023.0,2.0,21.0,1.0,17.561756,17.595041,16.316105,16.189049,17.400553,17.251757,17.185368,17.05476,16.683044,17.03751,15.861113,15.691278,18.336067,18.131512,17.670204,17.497507,16.937614,17.43999,0.0,0.0,0.0,4.0,0.0,0.0,0.0,4.0
7352,2023.0,2.0,21.0,1.0,17.493547,17.529556,16.26185,16.137629,17.324253,17.179125,17.106146,16.979124,16.272541,16.13856,16.115013,16.205835,18.279612,18.076159,17.601852,17.430157,16.94796,17.271738,0.0,0.0,0.0,0.0,4.0,0.0,0.0,4.0
7353,2023.0,2.0,21.0,1.0,17.431324,17.470873,16.212025,16.091377,17.254572,17.11416,17.0344,16.911823,16.706755,17.06281,15.902961,15.752496,18.227657,18.026142,17.538832,17.3691,16.268456,15.96502,0.0,0.0,0.0,4.0,0.0,0.0,0.0,0.0
7354,2023.0,2.0,21.0,1.0,17.372864,17.415516,16.165096,16.047626,17.189184,17.053057,16.967522,16.848845,16.070051,15.725956,15.793823,15.6280155,18.178736,17.978994,17.479576,17.311619,16.011333,15.652203,0.0,0.0,0.0,0.0,0.0,0.0,0.0,0.0
7355,2023.0,2.0,21.0,1.0,17.317177,17.361996,16.120056,16.005089,17.126932,16.994114,16.90374,16.788134,15.819956,15.429271,16.041853,16.131617,18.132086,17.93355,17.423227,17.25638,16.64872,16.95466,0.0,0.0,0.0,0.0,4.0,0.0,0.0,4.0
7356,2023.0,2.0,21.0,2.0,17.264875,17.312551,16.07771,15.96574,17.068909,16.939991,16.844234,16.73238,15.733409,15.349267,15.839086,15.698336,18.088451,17.891634,17.370667,17.20552,16.085066,15.761533,0.0,0.0,0.0,0.0,0.0,0.0,0.0,0.0
7357,2023.0,2.0,21.0,2.0,17.21178,17.259268,16.034693,15.922894,17.010668,16.88215,16.784725,16.672974,15.891198,15.743839,15.724808,15.560557,18.0449,17.847668,17.318613,17.152828,15.863696,15.504259,0.0,0.0,0.0,0.0,0.0,0.0,0.0,0.0
7358,2023.0,2.0,21.0,2.0,17.162252,17.211,15.993751,15.882653,16.956095,16.828854,16.728859,16.618223,15.891643,15.74412,15.679783,15.515612,18.004234,17.80756,17.270248,17.105024,15.776765,15.422246,0.0,0.0,0.0,0.0,0.0,0.0,0.0,0.0
7359,2023.0,2.0,21.0,2.0,17.118391,17.171803,15.958704,15.852852,16.909023,16.788103,16.680466,16.576258,16.45306,16.825535,15.641869,15.481295,17.967682,17.774,17.226528,17.06432,15.910908,15.769142,0.0,0.0,0.0,4.0,0.0,0.0,0.0,0.0
7360,2023.0,2.0,21.0,2.0,17.073921,17.129131,15.921995,15.8182955,16.860666,16.742455,16.630623,16.52918,16.04762,15.928838,15.903972,16.004414,17.930975,17.73853,17.183067,17.022047,15.911678,15.776598,0.0,0.0,0.0,0.0,4.0,0.0,0.0,0.0
7361,2023.0,2.0,21.0,2.0,17.030756,17.086874,15.886065,15.783847,16.813568,16.697289,16.582165,16.482645,15.704466,15.353301,15.678965,15.519402,17.895218,17.703608,17.140945,16.980669,15.879344,15.744863,0.0,0.0,0.0,0.0,0.0,0.0,0.0,0.0
7362,2023.0,2.0,21.0,3.0,16.98795,17.043837,15.849691,15.747109,16.766384,16.6501,16.533825,16.43417,15.57382,15.200192,15.590844,15.430679,17.859922,17.66839,17.09972,16.939478,15.846066,15.711516,0.0,0.0,0.0,0.0,0.0,0.0,0.0,0.0
7363,2023.0,2.0,21.0,3.0,16.950287,17.01003,15.818915,15.720747,16.726206,16.615316,16.49277,16.398537,16.332607,16.722301,15.555701,15.399104,17.828362,17.639599,17.062675,16.905249,16.538988,17.044647,0.0,0.0,0.0,4.0,0.0,0.0,0.0,4.0
7364,2023.0,2.0,21.0,3.0,16.910336,16.970617,15.785278,15.68803,16.683393,16.573818,16.449163,16.356123,15.979359,15.881866,15.519272,15.363101,17.795528,17.60737,17.024588,16.86771,16.05006,15.964278,0.0,0.0,0.0,0.0,0.0,0.0,0.0,0.0
7365,2023.0,2.0,21.0,3.0,16.883373,16.955692,15.752172,15.655665,16.641636,16.533146,16.406897,16.31474,15.624375,15.281625,15.485558,15.329587,17.763367,17.575737,16.987469,16.831062,16.405012,16.708652,0.0,0.0,0.0,0.0,0.0,0.0,0.0,4.0
7366,2023.0,2.0,21.0,3.0,16.855783,16.934578,15.720265,15.625072,16.601698,16.494936,16.366642,16.276003,15.495587,15.130384,15.454144,15.299007,17.732365,17.545753,16.951832,16.79643,15.810715,15.495418,0.0,0.0,0.0,0.0,0.0,0.0,0.0,0.0
7367,2023.0,2.0,21.0,3.0,16.821054,16.900127,15.688553,15.59435,16.56238,16.456903,16.327118,16.237549,15.630713,15.475899,15.423902,15.269317,17.701715,17.515871,16.916773,16.762096,16.362766,16.686699,0.0,0.0,0.0,0.0,0.0,0.0,0.0,4.0
7368,2023.0,2.0,21.0,4.0,16.786264,16.86559,15.657509,15.564475,16.524189,16.420174,16.288712,16.200443,15.650858,15.510925,15.394992,15.241146,17.671772,17.486862,16.882662,16.728893,15.800794,15.498604,0.0,0.0,0.0,0.0,0.0,0.0,0.0,0.0
7369,2023.0,2.0,21.0,4.0,16.749428,16.826557,15.623778,15.528706,16.483404,16.377375,16.247738,16.157263,15.626242,15.485676,15.364859,15.209534,17.640417,17.454538,16.847332,16.692541,15.579214,15.230317,0.0,0.0,0.0,0.0,0.0,0.0,0.0,0.0
7370,2023.0,2.0,21.0,4.0,16.717463,16.796648,15.596177,15.504721,16.449394,16.34739,16.213432,16.12695,16.18264,16.552586,15.339486,15.186593,17.61276,17.429188,16.8159,16.663363,15.501531,15.161527,0.0,0.0,0.0,4.0,0.0,0.0,0.0,0.0
7371,2023.0,2.0,21.0,4.0,16.684504,16.764065,15.566709,15.476444,16.41362,16.313116,16.177155,16.092203,15.813647,15.7271385,15.313398,15.161372,17.584343,17.401825,16.783924,16.632414,16.400032,16.944773,0.0,0.0,0.0,0.0,0.0,0.0,0.0,4.0
7372,2023.0,2.0,21.0,4.0,16.650295,16.72819,15.535522,15.444289,16.376043,16.2746,16.13909,16.053164,15.445971,15.093661,15.286408,15.133651,17.55475,17.371735,16.75087,16.598757,16.45688,16.81397,0.0,0.0,0.0,0.0,0.0,0.0,0.0,4.0
7373,2023.0,2.0,21.0,4.0,16.619802,16.699299,15.508055,15.419155,16.342867,16.244152,16.105919,16.022535,15.333719,14.973033,15.26258,15.111569,17.52793,17.346798,16.720861,16.570614,15.753422,15.453649,0.0,0.0,0.0,0.0,0.0,0.0,0.0,0.0
7374,2023.0,2.0,21.0,5.0,16.586842,16.665459,15.478409,15.389379,16.307472,16.208675,16.07072,15.98701,15.480021,15.337652,15.5448,15.662131,17.499664,17.318619,16.689491,16.539236,15.523426,15.176905,0.0,0.0,0.0,0.0,4.0,0.0,0.0,0.0
7375,2023.0,2.0,21.0,5.0,16.554274,16.6323,15.449281,15.360197,16.272839,16.174227,16.036152,15.95251,15.493116,15.355603,15.323918,15.177697,17.471724,17.290796,16.658724,16.508608,15.431701,15.08805,0.0,0.0,0.0,0.0,0.0,0.0,0.0,0.0
7376,2023.0,2.0,21.0,5.0,16.522833,16.601196,15.421432,15.333125,16.239588,16.142235,16.002838,15.920413,15.472162,15.335333,15.244911,15.093675,17.44458,17.264544,16.628956,16.479792,16.32915,16.873243,0.0,0.0,0.0,0.0,0.0,0.0,0.0,4.0
7377,2023.0,2.0,21.0,5.0,16.490639,16.568296,15.39268,15.304094,16.205473,16.108154,15.968641,15.886208,15.449141,15.312262,15.213953,15.063245,17.416622,17.23665,16.5985,16.449427,15.663278,15.397143,0.0,0.0,0.0,0.0,0.0,0.0,0.0,0.0
7378,2023.0,2.0,21.0,5.0,16.456474,16.53115,15.360976,15.269112,16.168577,16.068138,15.931819,15.846149,15.423485,15.28494,15.181029,15.027785,17.38683,17.205112,16.56643,16.415709,15.393216,15.042747,0.0,0.0,0.0,0.0,0.0,0.0,0.0,0.0
7379,2023.0,2.0,21.0,5.0,16.425467,16.500006,15.3336315,15.242786,16.136263,16.037012,15.899478,15.814955,15.399642,15.261483,15.153204,15.000633,17.35927,17.178125,16.536604,16.386415,15.53045,15.40403,0.0,0.0,0.0,0.0,0.0,0.0,0.0,0.0
7380,2023.0,2.0,21.0,6.0,16.395462,16.470642,15.306624,15.216955,16.104591,16.006834,15.867599,15.784618,15.955927,16.327559,15.420353,15.5237875,17.332151,17.152037,16.507408,16.358257,15.517103,15.387789,0.0,0.0,0.0,4.0,4.0,0.0,0.0,0.0
7381,2023.0,2.0,21.0,6.0,21.13286,24.676254,15.280095,15.191741,21.089554,24.720121,20.965515,24.692371,20.552795,24.070717,19.958967,23.254005,21.14345,23.630434,21.602861,24.943144,16.23938,16.779623,0.0,0.0,0.0,4.0,0.0,0.0,0.0,4.0
7382,2023.0,2.0,21.0,6.0,20.98808,23.899717,15.254797,15.165944,20.975794,23.932722,20.994211,24.143929,19.9123,22.362429,17.723925,18.252687,21.16197,23.485561,22.475048,26.035925,20.332489,23.685041,0.0,0.0,0.0,4.0,0.0,0.0,0.0,0.0
7383,2023.0,2.0,21.0,6.0,21.088789,23.767576,15.230591,15.141221,21.094223,23.793312,21.096716,23.949852,20.11564,22.439375,16.135252,16.032753,21.06958,23.03354,20.883198,22.83446,17.399475,17.411997,0.0,0.0,0.0,0.0,0.0,0.0,0.0,0.0
7384,2023.0,2.0,21.0,6.0,21.073391,23.511793,15.207167,15.117484,21.05369,23.443573,21.058533,23.590416,17.744804,17.617031,15.853658,15.7022505,21.059837,22.82587,21.097134,23.107155,16.04562,15.697969,0.0,4.0,4.0,0.0,0.0,0.0,0.0,0.0
7385,2023.0,2.0,21.0,6.0,21.073076,23.351625,15.183521,15.093763,21.081179,23.346169,21.085482,23.482687,16.558762,16.125837,16.011602,16.11139,21.058031,22.684715,21.06319,22.920322,16.822716,17.421673,0.0,0.0,0.0,0.0,4.0,0.0,0.0,4.0
7386,2023.0,2.0,21.0,7.0,21.046032,23.16448,15.16054,15.0712595,21.094189,23.203257,21.098886,23.333576,16.480427,16.29195,20.275183,23.409018,21.05636,22.579052,21.065609,22.832445,21.050714,24.48758,0.0,0.0,0.0,0.0,4.0,0.0,0.0,0.0
7387,2023.0,2.0,21.0,7.0,21.075077,23.161991,15.139001,15.048154,21.089981,23.070704,21.093906,23.19216,17.209652,17.767109,20.014393,22.522543,21.0549,22.498562,21.063887,22.756641,18.577282,19.065649,0.0,0.0,0.0,4.0,0.0,0.0,0.0,4.0
7388,2023.0,2.0,21.0,7.0,21.08694,23.081388,15.598263,15.920618,21.068317,22.973413,21.072124,23.0885,20.33335,23.042284,17.929176,18.212101,21.024769,22.360813,21.062757,22.6972,20.333868,22.791494,4.0,0.0,0.0,4.0,0.0,4.0,0.0,4.0
7389,2023.0,2.0,21.0,7.0,21.772917,23.978378,20.17644,23.712246,21.600784,23.702885,21.723343,23.995014,20.05084,22.17299,17.11008,17.302856,21.46517,22.957832,21.625998,23.476488,20.053022,22.036312,0.0,4.0,0.0,0.0,4.0,4.0,4.0,0.0
7390,2023.0,2.0,21.0,7.0,21.066925,22.740715,17.999071,18.82321,21.074694,22.766035,21.12962,22.953615,18.368725,18.669779,20.343687,22.975187,21.129717,22.41811,21.098436,22.552473,18.576883,18.989677,4.0,0.0,4.0,4.0,4.0,4.0,0.0,4.0
7391,2023.0,2.0,21.0,7.0,21.269897,23.145264,20.298622,23.357538,21.172903,22.91336,21.202538,23.105844,21.804201,24.877232,20.048254,22.120527,21.212343,22.544384,21.185272,22.703579,21.192648,23.947742,4.0,4.0,4.0,0.0,0.0,4.0,0.0,4.0
7392,2023.0,2.0,21.0,8.0,21.794743,23.960918,20.035341,22.456747,21.060644,22.666653,21.066278,22.794744,18.81174,18.777014,18.133726,18.20312,21.738424,23.359346,21.071524,22.453053,20.0408,21.699066,4.0,4.0,4.0,0.0,4.0,4.0,0.0,0.0
7393,2023.0,2.0,21.0,8.0,19.733303,19.77488,20.14655,22.418575,19.578674,19.808641,19.46657,19.699121,17.18464,16.729452,20.369421,22.536137,20.434433,20.638884,20.409887,21.150978,18.79429,19.18217,4.0,4.0,4.0,0.0,0.0,4.0,4.0,4.0
7394,2023.0,2.0,21.0,8.0,18.330183,18.0054,20.093567,22.140446,18.807175,18.888187,18.050478,17.617538,17.03297,16.82151,18.030272,17.884554,19.771667,19.89193,18.88772,18.509407,20.28113,22.19017,0.0,4.0,0.0,0.0,0.0,4.0,0.0,0.0
7395,2023.0,2.0,21.0,8.0,17.871727,17.514578,17.959877,17.914297,18.546827,18.628017,17.45015,16.919096,17.656065,18.13549,17.035532,16.82978,19.614014,19.744268,18.156765,17.67611,18.86801,19.272268,0.0,4.0,0.0,4.0,0.0,4.0,0.0,4.0
7396,2023.0,2.0,21.0,8.0,18.335224,18.589993,17.345755,17.184631,17.77765,17.325563,17.856321,17.893284,20.30903,22.707588,17.252851,17.395412,19.5116,19.64534,18.893414,19.29546,20.303398,21.953833,4.0,0.0,4.0,0.0,4.0,4.0,4.0,0.0
7397,2023.0,2.0,21.0,8.0,18.425316,18.75467,20.249844,22.540377,17.287983,16.748295,17.309479,16.884958,17.94616,17.797901,20.401066,22.743027,18.743671,18.30163,18.158731,17.767517,18.967136,19.340237,4.0,0.0,0.0,0.0,0.0,0.0,0.0,4.0
7398,2023.0,2.0,21.0,9.0,17.661499,17.418238,20.03501,21.905838,17.705248,17.744482,16.866528,16.353813,16.759207,16.313852,18.336195,18.581251,18.270744,17.735418,17.630764,17.172407,20.258476,22.022858,4.0,4.0,0.0,0.0,0.0,0.0,0.0,0.0
7399,2023.0,2.0,21.0,9.0,17.22755,16.90495,20.093475,21.901333,17.205175,16.781511,17.33575,17.414028,16.698845,16.49436,17.156889,17.002851,18.049168,17.512293,17.4039,16.948854,18.24685,18.025743,0.0,0.0,4.0,0.0,0.0,0.0,0.0,0.0
7400,2023.0,2.0,21.0,9.0,17.750858,18.058594,18.431698,18.600588,17.47529,17.546967,16.862999,16.471796,17.384478,17.876308,16.849173,16.67183,18.65652,18.809454,17.235167,16.790085,17.230078,16.795483,4.0,4.0,0.0,4.0,0.0,4.0,0.0,0.0
7401,2023.0,2.0,21.0,9.0,17.199242,16.989157,20.235622,22.105865,16.951645,16.557129,16.548449,16.057634,20.322676,22.912107,16.688616,16.501465,18.083143,17.634949,17.353771,17.156689,16.93576,16.484827,0.0,0.0,0.0,0.0,0.0,0.0,0.0,0.0
7402,2023.0,2.0,21.0,9.0,16.836594,16.545208,18.259968,18.181574,16.579304,16.092676,16.383144,15.902855,17.892057,17.804909,16.541443,16.364552,17.731806,17.230915,17.359678,17.203053,17.872179,18.502707,0.0,0.0,0.0,0.0,0.0,0.0,0.0,4.0
7403,2023.0,2.0,21.0,9.0,17.446293,17.787613,18.034258,18.21619,16.449633,15.962701,17.262642,17.694935,16.9651,16.492964,16.435968,16.261385,17.623505,17.123512,17.292837,17.137316,20.29391,22.634909,4.0,0.0,4.0,0.0,0.0,0.0,0.0,0.0
7404,2023.0,2.0,21.0,10.0,17.011324,16.853247,20.218779,22.258364,17.330822,17.760601,17.03047,17.06318,16.897724,16.681587,16.322859,16.15191,18.617575,19.13044,17.215101,17.061802,18.675936,19.137589,0.0,4.0,0.0,0.0,0.0,4.0,0.0,4.0
7405,2023.0,2.0,21.0,10.0,16.658962,16.400858,18.862204,19.448462,17.728842,18.292297,17.062593,17.259823,16.811508,16.638165,16.22275,16.057018,17.96785,17.587214,18.14416,18.873703,20.270983,22.314081,4.0,4.0,4.0,0.0,0.0,0.0,4.0,4.0
7406,2023.0,2.0,21.0,10.0,17.248127,17.616344,20.254955,22.254414,16.892406,16.655521,17.13743,17.366858,16.669937,16.50403,16.132713,15.96776,17.540302,17.063034,17.346195,17.033606,20.052748,21.741867,0.0,0.0,4.0,0.0,0.0,0.0,0.0,0.0
7407,2023.0,2.0,21.0,10.0,16.831326,16.699986,18.231596,18.1786,16.376232,15.950649,17.133856,17.367598,16.545343,16.384605,16.057322,15.896066,17.424154,16.943186,17.90114,18.412968,18.129349,17.924183,0.0,0.0,4.0,0.0,0.0,0.0,4.0,0.0
7408,2023.0,2.0,21.0,10.0,16.54809,16.295744,17.55677,17.362505,16.21885,15.766721,16.457987,16.116512,16.454258,16.294853,16.002558,15.841968,17.616299,17.401411,17.140804,16.808065,17.382286,16.917665,0.0,0.0,0.0,0.0,0.0,0.0,0.0,0.0
7409,2023.0,2.0,21.0,10.0,17.187452,17.592758,17.343018,17.189747,16.122963,15.675833,16.16276,15.723275,16.372087,16.215982,15.951096,15.792309,18.420116,18.918718,16.839947,16.427486,17.997684,18.336039,0.0,0.0,0.0,0.0,0.0,4.0,0.0,4.0
7410,2023.0,2.0,21.0,11.0,16.695568,16.58952,17.133318,16.987772,16.298374,16.116074,16.729464,16.890673,16.300018,16.14764,15.903546,15.746668,17.655907,17.29199,16.72958,16.321072,20.280775,22.34765,0.0,0.0,4.0,0.0,0.0,0.0,0.0,0.0
7411,2023.0,2.0,21.0,11.0,16.340519,16.107069,16.923336,16.784252,16.360176,16.237633,16.330278,16.034466,16.224567,16.075619,15.852583,15.697606,17.278734,16.819065,16.633318,16.230965,18.85713,19.301733,0.0,0.0,0.0,0.0,0.0,0.0,0.0,4.0
7412,2023.0,2.0,21.0,11.0,16.23582,15.988893,16.771711,16.631403,16.327509,16.213596,16.042288,15.625532,16.16479,16.01695,15.810656,15.655749,17.199528,16.733568,16.778292,16.597445,20.303139,21.955736,0.0,0.0,0.0,0.0,0.0,0.0,0.0,0.0
7413,2023.0,2.0,21.0,11.0,16.421253,16.441887,16.615942,16.482752,17.000063,17.516876,15.909451,15.4914665,16.10304,15.957835,15.766625,15.613152,18.212442,18.73632,16.823814,16.676044,18.322197,18.120289,0.0,4.0,0.0,0.0,0.0,4.0,0.0,0.0
7414,2023.0,2.0,21.0,11.0,16.474007,16.548208,16.497402,16.36421,16.60792,16.653788,16.816061,17.299475,16.052866,15.908205,15.729681,15.575964,18.230867,18.521175,16.795305,16.649345,17.561525,17.08989,0.0,0.0,4.0,0.0,0.0,4.0,0.0,0.0
7415,2023.0,2.0,21.0,11.0,16.452705,16.531107,16.388065,16.25864,16.085257,15.724157,17.119772,17.716,16.005945,15.862357,15.694745,15.541247,17.486277,17.082602,16.761354,16.616173,17.504223,17.278902,0.0,0.0,4.0,0.0,0.0,0.0,0.0,0.0
7416,2023.0,2.0,21.0,12.0,16.424767,16.503843,16.28559,16.15489,15.898468,15.484108,16.870722,17.147688,15.9614935,15.817089,15.661271,15.5064335,17.257202,16.78278,16.728146,16.582773,17.37372,17.180239,0.0,0.0,4.0,0.0,0.0,0.0,0.0,0.0
7417,2023.0,2.0,21.0,12.0,21.103127,24.736137,16.66454,16.944427,21.028854,24.56202,20.907484,24.14441,15.92342,15.781287,15.63333,15.480284,21.130306,23.460302,21.517906,24.698177,17.227575,17.045492,4.0,0.0,0.0,0.0,0.0,0.0,0.0,0.0
7418,2023.0,2.0,21.0,12.0,21.890717,25.457502,20.302008,23.240873,21.05003,24.023876,21.06456,23.951437,15.883675,15.741768,16.030653,16.253918,21.480097,23.817408,22.265642,25.54075,17.07174,16.895401,0.0,4.0,0.0,0.0,4.0,0.0,0.0,0.0
7419,2023.0,2.0,21.0,12.0,20.925741,23.354261,18.122448,18.557741,21.093428,23.765642,21.10757,23.693802,16.661606,17.237768,20.271692,23.480888,20.994135,22.69218,22.137112,24.88384,16.940355,16.769283,0.0,0.0,0.0,4.0,0.0,0.0,4.0,0.0
7420,2023.0,2.0,21.0,12.0,21.098457,23.525913,16.796703,16.752813,21.073246,23.425293,21.075642,23.437828,20.358265,23.473387,18.234058,18.897863,21.063675,22.677452,20.89357,22.383005,16.83181,16.666342,0.0,4.0,0.0,0.0,4.0,0.0,0.0,0.0
7421,2023.0,2.0,21.0,12.0,21.088406,23.327835,16.503506,16.39785,21.097929,23.302032,21.077757,23.303299,17.614162,17.593988,20.301369,22.971304,21.053736,22.541521,21.102623,22.732037,16.739992,16.578997,0.0,0.0,0.0,0.0,0.0,0.0,0.0,0.0
7422,2023.0,2.0,21.0,13.0,21.061815,23.126177,16.345392,16.231583,21.06657,23.07929,21.075462,23.19643,16.305399,15.907873,18.508009,19.071444,21.023796,22.375917,21.071331,22.606194,16.661585,16.50506,0.0,4.0,0.0,0.0,4.0,4.0,0.0,0.0
7423,2023.0,2.0,21.0,13.0,21.158007,23.228275,16.687332,16.975063,21.161552,23.187084,21.159332,23.2864,16.285685,16.100636,20.290607,22.58294,21.131187,22.516289,21.200256,22.839169,17.615116,18.37674,4.0,0.0,0.0,0.0,0.0,0.0,0.0,4.0
7424,2023.0,2.0,21.0,13.0,21.932281,24.314713,20.302504,23.23566,21.157354,23.09551,21.160069,23.224318,17.09463,17.66361,18.062393,17.961279,21.574827,23.113821,21.203798,22.815668,20.318283,22.838512,0.0,0.0,0.0,4.0,0.0,4.0,0.0,0.0
7425,2023.0,2.0,21.0,13.0,21.040783,22.811804,18.468523,19.201551,21.085196,22.88509,21.07102,22.994938,20.339249,23.113924,17.07207,16.855896,21.043205,22.152233,21.057116,22.494207,17.936386,17.824862,4.0,0.0,0.0,0.0,0.0,0.0,0.0,0.0
7426,2023.0,2.0,21.0,13.0,22.070576,24.413677,20.283625,22.783567,21.174267,23.031015,21.15363,23.121174,17.816216,17.766762,16.89272,16.685629,21.721434,23.346172,21.192358,22.742916,16.84948,16.460583,0.0,4.0,0.0,0.0,0.0,0.0,0.0,0.0
7427,2023.0,2.0,21.0,13.0,21.027323,22.648018,18.022825,18.094849,21.071877,22.832619,21.045275,22.853733,17.324383,17.580902,16.738104,16.54007,20.964855,21.827158,21.055986,22.447744,16.830256,16.657202,0.0,0.0,4.0,4.0,0.0,4.0,0.0,0.0
7428,2023.0,2.0,21.0,14.0,21.059755,22.714766,16.95595,16.855352,21.059181,22.734983,21.073904,22.909817,20.401304,22.817305,16.997637,17.145533,21.042765,21.99488,21.055159,22.427273,16.803038,16.652004,0.0,4.0,0.0,0.0,4.0,4.0,0.0,0.0
7429,2023.0,2.0,21.0,14.0,19.2337,19.24107,16.73997,16.637817,19.596418,19.89696,19.032295,18.939463,18.560654,18.947838,20.35237,22.922653,19.599806,19.256105,20.45236,21.208946,16.723818,16.579662,0.0,4.0,0.0,4.0,0.0,0.0,4.0,0.0
7430,2023.0,2.0,21.0,14.0,18.200792,17.946575,16.567703,16.464401,18.848694,19.00971,17.859337,17.4472,20.351936,22.443378,18.343483,18.663206,18.862356,18.34714,19.018518,18.702257,16.64959,16.509205,0.0,4.0,0.0,0.0,0.0,0.0,0.0,0.0
7431,2023.0,2.0,21.0,14.0,17.808784,17.529165,16.881212,17.172651,18.606749,18.773407,17.709948,17.534954,18.185438,18.082537,17.135878,16.990604,18.58908,18.071054,18.320755,17.878235,16.58124,16.443563,4.0,4.0,0.0,0.0,0.0,0.0,0.0,0.0
7432,2023.0,2.0,21.0,14.0,17.86476,17.851334,20.29937,23.118011,18.474077,18.652237,17.604897,17.483122,18.036089,18.2022,16.88513,16.688448,18.685642,18.430117,18.072514,17.62282,16.52737,16.391296,4.0,4.0,0.0,4.0,0.0,0.0,0.0,0.0
7433,2023.0,2.0,21.0,14.0,17.80451,17.85449,20.024488,22.203821,18.338676,18.534824,17.424309,17.313145,20.31876,22.236765,16.736235,16.543772,19.44562,19.94352,17.864576,17.430103,17.412355,18.113195,4.0,4.0,0.0,0.0,0.0,4.0,0.0,4.0
7434,2023.0,2.0,21.0,15.0,17.66213,17.719978,20.075424,22.06591,17.594591,17.261692,17.25762,17.150797,18.819891,19.16733,17.020834,17.189848,19.388296,19.641993,17.90192,17.693146,20.333162,22.979183,4.0,0.0,0.0,4.0,4.0,4.0,0.0,0.0
7435,2023.0,2.0,21.0,15.0,18.275715,18.991085,20.14473,22.042511,17.155054,16.734804,17.113064,17.009369,20.554813,22.68056,20.349674,22.904783,18.572731,18.18568,18.909657,19.665945,17.90969,17.86331,4.0,0.0,0.0,0.0,0.0,0.0,4.0,0.0
7436,2023.0,2.0,21.0,15.0,17.609104,17.571524,20.082018,21.812853,16.954092,16.537066,16.988384,16.887386,18.345598,18.204992,18.355728,18.667536,18.1834,17.71984,18.09115,17.825367,16.810423,16.480768,0.0,0.0,0.0,0.0,0.0,0.0,0.0,0.0
7437,2023.0,2.0,21.0,15.0,17.10387,16.90934,18.2623,18.239105,16.800816,16.395134,16.878874,16.781437,17.33032,16.927576,17.17127,17.023275,18.03406,17.571741,17.55187,17.171734,16.740347,16.57287,0.0,0.0,0.0,0.0,0.0,0.0,0.0,0.0
7438,2023.0,2.0,21.0,15.0,16.946756,16.734177,18.100618,18.349203,16.923407,16.760786,17.523499,18.067083,17.275928,17.063866,16.937784,16.75075,17.938728,17.481806,17.393219,17.003593,16.697683,16.555447,4.0,0.0,4.0,0.0,0.0,0.0,0.0,0.0
7439,2023.0,2.0,21.0,15.0,17.068577,17.089857,20.209068,22.22266,16.917982,16.806904,17.703041,18.30685,17.191908,17.017305,16.820656,16.637123,18.083721,17.86378,17.286129,16.9055,17.56099,18.254148,4.0,0.0,4.0,0.0,0.0,0.0,0.0,4.0
7440,2023.0,2.0,21.0,16.0,17.845572,18.583254,20.05534,21.757755,17.55479,18.070154,16.890358,16.72866,17.052454,16.887589,16.699785,16.521696,18.11883,17.940916,17.373476,17.193302,20.30139,22.834583,0.0,4.0,0.0,0.0,0.0,0.0,0.0,0.0
7441,2023.0,2.0,21.0,16.0,17.245972,17.2391,18.591843,18.829868,17.83212,18.426678,16.411697,16.086111,17.656612,18.144436,16.594942,16.422573,18.864893,19.401085,17.379797,17.228664,17.974686,17.949057,4.0,4.0,0.0,4.0,0.0,4.0,0.0,0.0
7442,2023.0,2.0,21.0,16.0,16.871725,16.691807,20.22434,21.978634,17.603138,17.935703,16.950771,17.193445,20.305317,22.724653,16.921377,17.10609,18.813343,19.123247,17.329908,17.183498,17.144453,16.769892,4.0,4.0,4.0,0.0,4.0,4.0,0.0,0.0
7443,2023.0,2.0,21.0,16.0,17.43452,17.877666,20.035658,21.525288,16.848816,16.59236,17.177094,17.494629,18.050983,17.985977,20.37615,22.912657,18.047337,17.693735,17.269478,17.125666,17.040257,16.856218,4.0,0.0,4.0,0.0,0.0,0.0,0.0,0.0
7444,2023.0,2.0,21.0,16.0,17.654863,18.15034,20.062332,21.51976,17.143763,17.363874,16.586084,16.385555,16.931883,16.547602,18.323105,18.639246,18.479591,18.73256,17.20937,17.067274,16.938608,16.783033,4.0,4.0,0.0,0.0,0.0,4.0,0.0,0.0
7445,2023.0,2.0,21.0,16.0,17.664387,18.154327,20.058073,21.467407,17.33772,17.629414,16.89929,17.164412,17.633682,18.12413,17.140343,17.018023,17.964525,17.593515,17.151472,17.010427,16.806662,16.656158,4.0,4.0,4.0,4.0,0.0,0.0,0.0,0.0
7446,2023.0,2.0,21.0,17.0,17.657494,18.134836,20.075836,21.48407,17.339455,17.630552,16.46993,16.262096,20.293137,22.600376,16.853924,16.68193,18.41943,18.67448,18.171183,18.985281,16.6913,16.545609,0.0,4.0,0.0,0.0,0.0,4.0,4.0,0.0
7447,2023.0,2.0,21.0,17.0,17.659971,18.13983,18.440954,18.327261,17.328316,17.614843,16.104015,15.763074,18.10006,18.022226,16.696964,16.523094,17.91462,17.551367,18.31817,18.889353,17.526253,18.214386,0.0,4.0,0.0,0.0,0.0,0.0,4.0,4.0
7448,2023.0,2.0,21.0,17.0,17.657057,18.132385,18.341661,18.539251,17.314148,17.595669,15.97645,15.610814,17.241102,16.798548,16.597313,16.42434,17.647413,17.195944,17.375286,17.087751,20.316147,22.93954,4.0,4.0,0.0,0.0,0.0,0.0,0.0,4.0
7449,2023.0,2.0,21.0,17.0,17.641455,18.10351,20.201353,21.967379,17.297022,17.57398,16.10896,15.968471,17.155128,16.94196,16.489439,16.3197,18.310059,18.552153,17.974342,18.518536,20.047134,22.095293,4.0,4.0,0.0,0.0,0.0,4.0,4.0,0.0
7450,2023.0,2.0,21.0,17.0,16.998405,16.911858,20.04003,21.519625,16.634441,16.348722,16.15606,16.061329,17.058418,16.884108,16.388927,16.223196,17.818428,17.442379,17.308317,17.018064,17.94994,17.83073,4.0,0.0,0.0,0.0,0.0,0.0,0.0,0.0
7451,2023.0,2.0,21.0,17.0,16.611263,16.400667,20.061111,21.484724,16.959923,17.1727,16.119768,16.028406,16.91224,16.745775,16.29903,16.137125,18.281204,18.546812,16.872164,16.495968,16.929857,16.545954,4.0,4.0,0.0,0.0,0.0,4.0,0.0,0.0
7452,2023.0,2.0,21.0,18.0,17.223293,17.664572,20.05804,21.42659,17.141602,17.408068,16.827742,17.395979,17.558172,18.08748,16.642202,16.858736,18.477827,18.735342,16.726791,16.345177,16.627716,16.228544,4.0,4.0,4.0,4.0,4.0,4.0,0.0,0.0
7453,2023.0,2.0,21.0,18.0,21.326218,24.656038,20.165369,21.602686,21.257057,24.63414,21.177618,24.758507,21.261053,24.231903,20.353588,23.06606,21.945848,24.69546,22.427408,26.313124,16.658087,16.48801,4.0,4.0,0.0,4.0,0.0,4.0,4.0,0.0
7454,2023.0,2.0,21.0,18.0,21.015524,23.616846,20.056904,21.349794,21.023932,23.678835,21.01846,23.89184,19.888872,21.425314,18.173216,18.49047,20.932604,22.550339,22.316254,25.455282,16.617554,16.470478,4.0,4.0,4.0,0.0,0.0,4.0,0.0,0.0
7455,2023.0,2.0,21.0,18.0,21.075962,23.451036,20.057165,21.324572,21.082422,23.472155,21.112766,23.743225,18.623663,18.867107,16.901564,16.752457,21.064346,22.630388,21.94787,24.538229,17.53603,18.301281,4.0,4.0,0.0,4.0,0.0,4.0,0.0,4.0
7456,2023.0,2.0,21.0,18.0,21.066214,23.237438,20.074976,21.354483,21.096043,23.30041,21.073204,23.401638,20.308855,22.150911,16.638025,16.464174,21.043898,22.457806,20.95957,22.46758,20.324255,22.934376,0.0,0.0,4.0,0.0,0.0,4.0,0.0,0.0
7457,2023.0,2.0,21.0,18.0,21.064917,23.09613,18.776793,18.830244,21.06649,23.063837,21.076855,23.238415,18.253983,18.012888,16.497597,16.32704,21.073238,22.435156,21.075308,22.66593,17.827694,17.695358,4.0,4.0,4.0,0.0,0.0,0.0,0.0,0.0
7458,2023.0,2.0,21.0,19.0,21.063314,22.990856,20.227911,21.85171,21.069908,22.958242,21.074434,23.110138,17.188942,16.688057,16.796919,16.993578,21.03757,22.26229,21.020914,22.495508,16.68185,16.264385,0.0,4.0,4.0,0.0,4.0,4.0,4.0,0.0
7459,2023.0,2.0,21.0,19.0,21.088161,22.981798,18.719831,18.78309,21.092073,22.9379,21.07303,23.014894,17.153452,16.936258,20.444279,23.087341,21.071112,22.29007,21.08445,22.593454,17.701965,18.45748,4.0,0.0,4.0,0.0,0.0,0.0,0.0,4.0
7460,2023.0,2.0,21.0,19.0,21.15108,23.042301,20.224222,21.927784,21.06127,22.787523,21.070992,22.937634,17.093258,16.913433,18.487696,19.000122,21.121977,22.339289,21.072927,22.520168,20.299707,22.725964,0.0,4.0,4.0,0.0,4.0,0.0,0.0,0.0
7461,2023.0,2.0,21.0,19.0,21.080484,22.845343,18.680695,18.75104,21.065723,22.745022,21.093876,22.942677,17.74229,18.269077,20.28732,22.591005,21.064198,22.179453,21.073206,22.477768,17.8749,17.677996,4.0,4.0,0.0,4.0,0.0,0.0,0.0,0.0
7462,2023.0,2.0,21.0,19.0,21.16096,22.962624,20.235151,21.990349,21.064144,22.701868,21.063293,22.808632,20.305134,22.582489,17.988663,17.806183,21.135954,22.323723,21.0723,22.440372,16.7729,16.340048,0.0,4.0,4.0,0.0,0.0,0.0,0.0,0.0
7463,2023.0,2.0,21.0,19.0,21.033213,22.687166,18.372398,18.20763,21.063457,22.667376,21.067951,22.77881,18.017183,17.813797,16.719328,16.18966,21.047583,22.139675,21.016237,22.304758,16.767494,16.592999,0.0,4.0,4.0,0.0,0.0,0.0,4.0,0.0
7464,2023.0,2.0,21.0,20.0,21.059658,22.703949,18.0382,18.249687,21.087383,22.705578,21.06658,22.745426,16.890207,16.410343,16.690187,16.441307,21.017508,22.055367,21.081562,22.435863,17.66251,18.342192,4.0,0.0,4.0,0.0,0.0,4.0,0.0,4.0
7465,2023.0,2.0,21.0,20.0,21.056364,22.67219,20.247004,22.162155,21.081493,22.662256,21.090656,22.78577,17.693253,18.202316,17.063103,17.225107,21.069828,22.14433,21.030962,22.280874,20.307972,22.74462,4.0,0.0,0.0,4.0,4.0,0.0,4.0,0.0
7466,2023.0,2.0,21.0,20.0,21.055922,22.649866,20.051247,21.599451,21.08127,22.632778,21.084686,22.742744,20.438343,22.816423,20.416834,22.843277,21.061829,22.095295,21.078575,22.387852,17.870628,17.660006,0.0,0.0,0.0,0.0,4.0,0.0,0.0,0.0
7467,2023.0,2.0,21.0,20.0,21.082005,22.700068,18.562227,18.60387,21.060173,22.60615,21.084265,22.712088,18.011497,17.776829,20.042294,21.931524,21.061993,22.067919,21.069654,22.34839,16.758718,16.313738,4.0,0.0,0.0,0.0,0.0,0.0,0.0,0.0
7468,2023.0,2.0,21.0,20.0,21.049242,22.591316,20.225237,21.987911,21.037807,22.54701,21.063017,22.684961,16.890158,16.393866,17.949667,17.685526,21.04391,22.044172,21.069954,22.327988,16.761208,16.582876,4.0,4.0,0.0,0.0,0.0,0.0,0.0,0.0
7469,2023.0,2.0,21.0,20.0,21.053848,22.585241,20.034952,21.473158,21.041891,22.561487,21.064514,22.693434,16.926958,16.742975,17.158392,16.956236,21.014002,21.970888,21.067768,22.305428,16.713316,16.548399,0.0,4.0,0.0,0.0,0.0,4.0,0.0,0.0
7470,2023.0,2.0,21.0,21.0,21.054314,22.572977,18.62501,18.664064,21.086996,22.632181,21.06491,22.694378,16.877235,16.705154,16.992601,16.789036,21.068537,22.071438,21.052732,22.291433,16.609024,16.450981,4.0,0.0,0.0,0.0,0.0,0.0,0.0,0.0
7471,2023.0,2.0,21.0,21.0,21.151653,22.775808,20.22116,21.93864,21.143126,22.69176,21.149967,22.862131,17.497265,17.971104,16.81786,16.616264,21.129622,22.148777,21.189005,22.571232,17.446508,18.118763,0.0,4.0,0.0,4.0,0.0,4.0,0.0,4.0
7472,2023.0,2.0,21.0,21.0,21.073872,22.599504,18.67092,18.741863,21.0589,22.498514,21.064077,22.683199,20.37351,22.698427,16.672209,16.479546,21.03537,21.943968,21.053555,22.299408,20.332035,22.91683,4.0,4.0,0.0,4.0,0.0,4.0,0.0,0.0
7473,2023.0,2.0,21.0,21.0,21.073761,22.579529,20.233242,21.976246,21.083025,22.549149,21.06381,22.67615,20.046331,21.854404,16.541231,16.3465,21.034855,21.93331,21.05396,22.300743,17.811539,17.628532,4.0,0.0,0.0,0.0,0.0,4.0,0.0,0.0
7474,2023.0,2.0,21.0,21.0,21.027483,22.488068,20.049284,21.476181,21.052486,22.448301,21.063484,22.668167,18.571175,18.774113,16.42572,16.232574,21.064566,22.00181,21.053606,22.298374,16.66519,16.225428,0.0,4.0,0.0,4.0,0.0,0.0,0.0,0.0
7475,2023.0,2.0,21.0,21.0,21.081087,22.592564,18.31937,18.076307,21.082695,22.514874,21.063347,22.660793,20.365465,22.2132,16.32868,16.139582,21.029093,21.894981,21.053589,22.295021,16.671173,16.497543,0.0,0.0,0.0,0.0,0.0,4.0,0.0,0.0
7476,2023.0,2.0,21.0,22.0,21.045164,22.480133,17.62978,17.424486,21.051529,22.416775,21.06308,22.653326,18.768843,18.966473,16.241087,16.05383,21.03428,21.898195,21.05322,22.290203,16.634623,16.476156,0.0,4.0,0.0,4.0,0.0,4.0,0.0,0.0
7477,2023.0,2.0,21.0,22.0,21.05162,22.480036,17.460814,17.284695,21.082253,22.486946,21.038414,22.57761,20.350328,22.074514,16.444576,16.503775,21.063927,21.969042,21.05332,22.285252,16.528662,16.368698,0.0,0.0,4.0,0.0,4.0,0.0,0.0,0.0
7478,2023.0,2.0,21.0,22.0,21.050543,22.467428,17.715612,17.924145,21.076372,22.459774,21.043606,22.586222,18.248308,17.91882,20.46058,23.228756,21.02882,21.864784,21.053137,22.279171,17.194813,17.708586,4.0,0.0,4.0,0.0,0.0,4.0,0.0,4.0
7479,2023.0,2.0,21.0,22.0,21.169703,22.715515,20.276117,22.430323,21.051834,22.375912,21.088549,22.648943,17.194008,16.640558,18.39679,18.894056,21.13748,22.093674,21.053263,22.27332,20.35618,23.055197,0.0,4.0,0.0,0.0,4.0,0.0,0.0,0.0
7480,2023.0,2.0,21.0,22.0,21.07184,22.501902,18.851713,19.362123,21.081913,22.446964,21.08031,22.591755,17.188364,16.94675,20.321016,22.679834,21.058533,21.91856,21.053093,22.266577,17.708359,17.490677,4.0,0.0,0.0,0.0,0.0,0.0,0.0,0.0
7481,2023.0,2.0,21.0,22.0,21.181982,22.688818,20.26009,22.160442,21.175835,22.602385,21.163507,22.723587,17.784641,18.159796,18.313175,18.490618,21.132154,22.05191,21.221092,22.596046,17.307873,17.529118,0.0,4.0,0.0,4.0,0.0,0.0,0.0,4.0
7482,2023.0,2.0,21.0,23.0,21.05088,22.416588,18.236687,18.028795,21.081703,22.422388,21.058784,22.526987,20.339666,22.44294,17.453236,17.505407,21.040413,21.890587,21.05264,22.247927,20.430788,22.816856,0.0,0.0,0.0,4.0,4.0,0.0,0.0,0.0
7483,2023.0,2.0,21.0,23.0,19.33399,19.151628,17.404593,17.16829,19.285978,18.971643,19.570568,19.678825,18.023989,17.75298,17.071245,16.89416,20.616638,21.064936,20.525839,21.189707,18.536085,18.860739,0.0,0.0,0.0,0.0,0.0,4.0,4.0,4.0
7484,2023.0,2.0,21.0,23.0,18.548054,18.058777,17.268454,17.052727,18.802813,18.50888,18.826515,18.628233,17.167158,16.581465,16.823492,16.59733,19.404108,18.83221,19.12193,18.630585,17.357382,16.933594,0.0,0.0,0.0,0.0,0.0,0.0,0.0,0.0
7485,2023.0,2.0,21.0,23.0,18.183268,17.658314,17.114084,16.886522,18.576704,18.313496,18.474707,18.2303,16.87627,16.273312,16.65655,16.417088,18.890995,18.187538,18.521523,17.89342,16.876036,16.333244,0.0,0.0,0.0,0.0,0.0,0.0,0.0,0.0
7486,2023.0,2.0,21.0,23.0,18.344942,18.240643,16.987751,16.76243,18.358284,18.102627,18.238007,18.000694,17.002659,16.74422,16.529825,16.29562,18.66577,17.97556,18.24303,17.63069,16.635315,16.102715,0.0,0.0,0.0,0.0,0.0,0.0,0.0,0.0
7487,2023.0,2.0,21.0,23.0,18.253338,18.186956,16.869633,16.643385,18.164455,17.910475,18.031946,17.796223,16.949516,16.725677,16.40946,16.170885,18.851849,18.550346,18.348124,18.083742,16.747082,16.524326,0.0,0.0,0.0,0.0,0.0,0.0,0.0,0.0
7488,2023.0,2.0,22.0,0.0,18.107336,18.037264,16.753998,16.51956,17.982439,17.720592,17.841171,17.597002,16.837809,16.615345,16.295544,16.050081,18.803877,18.535957,18.256006,18.016445,16.685368,16.486553,0.0,0.0,0.0,0.0,0.0,0.0,0.0,0.0
7489,2023.0,2.0,22.0,0.0,17.987974,17.930601,16.665396,16.441553,17.842049,17.596169,17.694704,17.46701,17.323887,17.621178,16.50173,16.522367,18.69837,18.432314,18.130934,17.904694,16.583946,16.387259,0.0,0.0,0.0,4.0,4.0,0.0,0.0,0.0
7490,2023.0,2.0,22.0,0.0,18.624773,19.235287,16.578188,16.357994,17.7079,17.468445,18.263512,18.663147,16.858686,16.662891,16.551764,16.602701,18.596977,18.332834,18.004126,17.777588,16.486486,16.29139,0.0,0.0,4.0,0.0,4.0,0.0,0.0,0.0
7491,2023.0,2.0,22.0,0.0,18.094803,18.16692,16.495926,16.277008,17.58323,17.346825,17.769238,17.696348,16.650839,16.431448,16.53693,16.591032,18.501091,18.236961,17.885311,17.65875,16.394728,16.199368,0.0,0.0,0.0,0.0,4.0,0.0,0.0,0.0
7492,2023.0,2.0,22.0,0.0,17.43057,17.012373,16.420715,16.20402,17.470617,17.238684,17.070845,16.48365,16.5555,16.338554,15.912308,15.404135,19.154371,19.550707,17.777306,17.552114,16.311382,16.116753,0.0,0.0,0.0,0.0,0.0,4.0,0.0,0.0
7493,2023.0,2.0,22.0,0.0,17.166481,16.69697,16.350636,16.136187,17.367334,17.139706,16.776031,16.125202,16.467545,16.251686,15.579985,14.977325,18.242088,17.681261,17.677742,17.453993,16.234467,16.040644,0.0,0.0,0.0,0.0,0.0,0.0,0.0,0.0
7494,2023.0,2.0,22.0,1.0,17.4016,17.320633,16.281096,16.06587,17.267569,17.039562,16.998865,16.739918,16.384802,16.16641,15.762767,15.494545,17.88732,17.234001,17.581928,17.35591,16.159952,15.964004,0.0,0.0,0.0,0.0,0.0,0.0,0.0,0.0
7495,2023.0,2.0,22.0,1.0,17.394026,17.35078,16.21801,16.005445,17.17878,16.954634,16.989931,16.779552,16.311537,16.094076,16.084917,16.114437,17.75827,17.1121,17.49623,17.271486,16.09298,15.897776,0.0,0.0,0.0,0.0,4.0,0.0,0.0,0.0
7496,2023.0,2.0,22.0,1.0,17.33035,17.292536,16.159204,15.950049,17.09685,16.877604,16.916922,16.713758,16.831749,17.132618,15.845121,15.614404,18.007217,17.729033,17.417076,17.194397,16.030928,15.837126,0.0,0.0,0.0,4.0,0.0,0.0,0.0,0.0
7497,2023.0,2.0,22.0,1.0,17.264772,17.230093,16.102842,15.895906,17.018822,16.803143,16.842031,16.642778,16.385857,16.183184,15.725641,15.491018,18.019293,17.759127,17.341936,17.12041,15.971846,15.778727,0.0,0.0,0.0,0.0,0.0,0.0,0.0,0.0
7498,2023.0,2.0,22.0,1.0,17.199644,17.166582,16.048391,15.842787,16.944412,16.731081,16.768042,16.571299,15.920228,15.402028,15.66372,15.430037,17.970158,17.710768,17.27027,17.049135,15.915314,15.722274,0.0,0.0,0.0,0.0,0.0,0.0,0.0,0.0
7499,2023.0,2.0,22.0,1.0,17.135017,17.101469,15.993495,15.786574,16.871248,16.657206,16.694216,16.49678,15.721483,15.167889,15.602026,15.366625,17.91926,17.65914,17.201023,16.979042,15.860418,15.666398,0.0,0.0,0.0,0.0,0.0,0.0,0.0,0.0
7500,2023.0,2.0,22.0,2.0,17.07927,17.052044,15.948254,15.747848,16.810595,16.604675,16.63248,16.443275,15.922949,15.69004,15.550484,15.31983,17.872679,17.616173,17.139837,16.922003,16.543213,16.997858,0.0,0.0,0.0,0.0,0.0,0.0,0.0,4.0
7501,2023.0,2.0,22.0,2.0,17.021606,16.996622,15.900411,15.702106,16.748093,16.544981,16.568773,16.382343,16.520758,16.816477,15.497764,15.267984,17.824724,17.569098,17.0784,16.861532,16.024086,15.868109,0.0,0.0,0.0,4.0,0.0,0.0,0.0,0.0
7502,2023.0,2.0,22.0,2.0,16.96564,16.942005,15.853672,15.656879,16.68777,16.48671,16.507397,16.322865,16.106241,15.911176,15.745379,15.775615,17.777647,17.522493,17.018969,16.802582,15.576086,15.116851,0.0,0.0,0.0,0.0,4.0,0.0,0.0,0.0
7503,2023.0,2.0,22.0,2.0,16.911856,16.889105,15.808298,15.612633,16.629662,16.430283,16.448225,16.265242,15.65918,15.148443,15.510714,15.280838,17.73188,17.477064,16.96172,16.745678,15.40707,14.92785,0.0,0.0,0.0,0.0,0.0,0.0,0.0,0.0
7504,2023.0,2.0,22.0,2.0,16.859451,16.837118,15.764016,15.568907,16.573273,16.375046,16.390629,16.208729,15.482764,14.946868,15.406928,15.176784,17.687338,17.432682,16.906424,16.690554,15.607006,15.432546,0.0,0.0,0.0,0.0,0.0,0.0,0.0,0.0
7505,2023.0,2.0,22.0,2.0,16.811535,16.792917,15.723738,15.532229,16.52227,16.328594,16.338316,16.161068,15.68814,15.464439,15.357363,15.130498,17.646303,17.393993,16.855501,16.642254,16.325537,16.7835,0.0,0.0,0.0,0.0,0.0,0.0,0.0,4.0
7506,2023.0,2.0,22.0,3.0,16.760336,16.741076,15.680188,15.488295,16.46829,16.274405,16.283077,16.105528,15.711303,15.502273,15.625052,15.677117,17.603563,17.350666,16.802979,16.589027,16.260344,16.456585,0.0,0.0,0.0,0.0,4.0,0.0,0.0,4.0
7507,2023.0,2.0,22.0,3.0,16.713749,16.696981,15.640471,15.450977,16.41942,16.22869,16.233627,16.059032,16.254656,16.554184,15.387475,15.174858,17.563826,17.312193,16.754414,16.542093,15.578481,15.156444,0.0,0.0,0.0,4.0,0.0,0.0,0.0,0.0
7508,2023.0,2.0,22.0,3.0,16.667885,16.65297,15.598973,15.40913,16.368828,16.178291,16.182747,16.008017,15.846825,15.657568,15.570935,15.602985,17.523012,17.27081,16.704977,16.492252,15.317255,14.841451,0.0,0.0,0.0,0.0,4.0,0.0,0.0,0.0
7509,2023.0,2.0,22.0,3.0,16.635386,16.634176,15.5579195,15.367416,16.319038,16.128399,16.132473,15.957472,15.980649,15.976839,15.33426,15.107282,17.482874,17.229984,16.656572,16.44332,15.197949,14.721596,0.0,0.0,0.0,4.0,0.0,0.0,0.0,0.0
7510,2023.0,2.0,22.0,3.0,16.59552,16.59597,15.518683,15.32862,16.271513,16.082039,16.084217,15.910369,15.478958,14.9959955,15.230002,15.001533,17.444376,17.191706,16.610231,16.397451,15.389989,15.200884,0.0,0.0,0.0,0.0,0.0,0.0,0.0,0.0
7511,2023.0,2.0,22.0,3.0,16.552814,16.552933,15.479169,15.288987,16.22416,16.035114,16.035883,15.862545,15.863903,15.8717,15.177594,14.949213,17.406115,17.153223,16.56437,16.351568,15.394965,15.205742,0.0,0.0,0.0,4.0,0.0,0.0,0.0,0.0
7512,2023.0,2.0,22.0,4.0,16.510399,16.510424,15.440199,15.250338,16.178005,15.989741,15.988714,15.816248,15.36668,14.842114,15.1284895,14.900363,17.36877,17.115965,16.519728,16.307245,15.359229,15.169626,0.0,0.0,0.0,0.0,0.0,0.0,0.0,0.0
7513,2023.0,2.0,22.0,4.0,16.468214,16.468016,15.401041,15.211095,16.131771,15.943427,15.941392,15.768797,15.164071,14.63362,15.082232,14.853562,17.332478,17.080229,16.47591,16.263744,15.323498,15.134287,0.0,0.0,0.0,0.0,0.0,0.0,0.0,0.0
7514,2023.0,2.0,22.0,4.0,16.432497,16.437937,15.369743,15.186761,16.094128,15.912946,15.902839,15.737528,15.372378,15.143875,15.045482,14.822711,17.301563,17.05397,17.468306,18.1689,15.291508,15.106532,0.0,0.0,0.0,0.0,0.0,0.0,4.0,0.0
7515,2023.0,2.0,22.0,4.0,16.39419,16.402435,15.335801,15.156499,16.054186,15.876468,15.861726,15.699999,15.412339,15.210323,15.008209,14.788181,17.26973,17.024767,16.505869,16.101456,15.258386,15.075694,0.0,0.0,0.0,0.0,0.0,0.0,0.0,0.0
7516,2023.0,2.0,22.0,4.0,16.355982,16.366432,15.30187,15.125683,16.014725,15.839732,15.820865,15.662039,15.3843155,15.184144,15.00329,14.810134,17.23837,16.995579,16.160501,15.659706,15.953073,16.41378,0.0,0.0,0.0,0.0,0.0,0.0,0.0,4.0
7517,2023.0,2.0,22.0,4.0,17.109583,17.821632,15.265839,15.093389,15.972862,15.801374,15.778365,15.622828,15.352621,15.155253,15.242556,15.281722,17.205671,16.9657,16.040594,15.548824,15.550424,15.417629,0.0,0.0,0.0,0.0,4.0,0.0,0.0,0.0
7518,2023.0,2.0,22.0,5.0,16.612164,16.728619,15.23383,15.064258,15.935321,15.766719,15.740884,15.587817,15.32428,15.129078,15.00709,14.83987,17.176954,16.939285,16.236486,16.031952,15.124791,14.702071,0.0,0.0,0.0,0.0,0.0,0.0,0.0,0.0
7519,2023.0,2.0,22.0,5.0,15.98845,15.682878,15.197804,15.030101,15.893357,15.726632,15.698721,15.547321,15.292075,15.098364,15.013358,14.884122,17.145164,16.909046,16.27418,16.075827,15.002454,14.634057,0.0,0.0,0.0,0.0,0.0,0.0,0.0,0.0
7520,2023.0,2.0,22.0,5.0,15.748397,15.379269,15.160644,14.993385,15.850474,15.684264,15.65539,15.504429,15.258956,15.066028,15.00345,14.880068,17.11308,16.877907,16.23717,16.040342,15.118954,14.93863,0.0,0.0,0.0,0.0,0.0,0.0,0.0,0.0
7521,2023.0,2.0,22.0,5.0,15.996953,15.973706,15.126713,14.9625225,15.811246,15.648324,15.615662,15.467969,15.819124,16.148993,15.005383,14.896507,17.083036,16.850342,16.199717,16.005484,15.128387,14.953489,0.0,0.0,0.0,4.0,0.0,0.0,0.0,0.0
7522,2023.0,2.0,22.0,5.0,16.072739,16.088419,15.092201,14.929645,15.771396,15.610305,15.575292,15.429388,15.47504,15.30423,15.005394,14.907895,17.05262,16.821568,16.161655,15.969046,15.097965,14.925893,0.0,0.0,0.0,0.0,0.0,0.0,0.0,0.0
7523,2023.0,2.0,22.0,5.0,16.05368,16.074183,15.058616,14.897997,15.732584,15.573629,15.536037,15.392225,15.286427,15.101773,15.183641,15.247246,17.022844,16.79374,16.124403,15.933642,15.795601,16.27228,0.0,0.0,0.0,0.0,4.0,0.0,0.0,4.0
7524,2023.0,2.0,22.0,6.0,16.025873,16.047964,15.028556,14.869514,15.697692,15.540588,15.50096,15.358831,15.235757,15.050032,14.990607,14.883965,16.995703,16.768246,16.090849,15.901677,14.977802,14.720397,0.0,0.0,0.0,0.0,0.0,0.0,0.0,0.0
7525,2023.0,2.0,22.0,6.0,20.9786,24.729374,14.999798,14.847654,20.860956,24.568697,20.762232,24.534088,15.18975,15.003454,15.011947,14.9470625,20.941467,23.447165,21.429028,24.89084,15.029834,14.855956,0.0,0.0,0.0,0.0,0.0,0.0,0.0,0.0
7526,2023.0,2.0,22.0,6.0,21.010153,24.19599,15.002836,14.878754,20.989317,24.171274,21.009752,24.368126,15.148924,14.962268,15.172209,15.249344,22.084364,25.174175,22.163227,25.744514,15.482359,15.708118,0.0,4.0,0.0,0.0,4.0,4.0,0.0,4.0
7527,2023.0,2.0,22.0,6.0,21.688969,24.775023,15.683346,15.8756895,21.660042,24.742075,21.431633,24.579046,15.115889,14.930057,20.157972,23.443008,21.341597,23.373001,22.442636,25.894852,19.99111,23.338984,0.0,4.0,0.0,0.0,4.0,0.0,0.0,0.0
7528,2023.0,2.0,22.0,6.0,20.908615,23.226301,15.417581,15.391276,20.916122,23.168077,20.962486,23.467337,15.08936,14.904131,20.009024,22.900703,20.989084,22.59377,20.919668,22.801077,16.986958,16.889673,0.0,4.0,4.0,0.0,0.0,0.0,0.0,0.0
7529,2023.0,2.0,22.0,6.0,21.127317,23.488966,15.122191,14.981014,21.131819,23.436872,21.105143,23.596144,15.065388,14.880997,17.881008,18.405136,21.132801,22.755201,21.093409,23.053274,15.787572,15.60797,0.0,0.0,0.0,0.0,4.0,0.0,0.0,0.0
7530,2023.0,2.0,22.0,7.0,21.09412,23.292519,15.034897,14.874758,21.098188,23.231174,21.10685,23.4209,15.634394,15.9716835,20.31583,23.137793,21.028273,22.47007,22.268414,24.885485,16.400608,16.900057,0.0,0.0,0.0,4.0,4.0,4.0,0.0,4.0
7531,2023.0,2.0,22.0,7.0,21.049025,23.12696,15.461958,15.7140255,21.075823,23.060566,21.10376,23.282543,20.899565,24.707714,20.045298,22.259676,21.055426,22.443281,21.032045,22.708755,20.788692,24.340588,4.0,4.0,0.0,0.0,4.0,4.0,0.0,0.0
7532,2023.0,2.0,22.0,7.0,21.69664,23.990871,20.250612,23.895906,21.991909,24.426657,21.674797,24.039146,17.423769,17.394066,20.10841,22.160288,21.665419,23.301115,21.782768,23.979801,18.096817,18.489798,4.0,0.0,0.0,0.0,0.0,4.0,0.0,4.0
7533,2023.0,2.0,22.0,7.0,22.046127,24.536163,20.028313,22.88214,21.843718,24.067389,22.004072,24.567749,16.413057,16.55335,17.739264,17.434488,21.836542,23.634876,21.868883,23.925348,20.364489,23.121021,4.0,4.0,0.0,4.0,0.0,4.0,0.0,4.0
7534,2023.0,2.0,22.0,7.0,22.452341,25.18976,20.101871,22.643114,21.706512,23.679642,22.086191,24.606068,20.444092,23.421457,16.772394,16.483294,21.612396,23.061562,22.029829,24.051357,20.024118,22.178053,4.0,4.0,0.0,0.0,0.0,4.0,0.0,4.0
7535,2023.0,2.0,22.0,7.0,21.828087,23.85522,20.088566,22.354437,21.077309,22.614914,21.036882,22.818392,17.487001,17.33295,16.975792,17.083342,21.713202,23.133568,20.906096,21.984697,20.102358,22.16635,4.0,4.0,0.0,0.0,4.0,4.0,0.0,0.0
7536,2023.0,2.0,22.0,8.0,21.797531,23.889645,20.10378,22.212309,21.069607,22.63113,21.080265,22.919628,16.794899,16.945889,20.350414,22.968828,21.818886,23.230997,21.089355,22.446054,17.690191,17.37406,0.0,4.0,0.0,4.0,0.0,4.0,0.0,0.0
7537,2023.0,2.0,22.0,8.0,19.657867,19.903227,17.782242,17.62314,19.468481,19.582912,19.256073,19.42268,20.463581,23.177147,18.439095,18.925667,20.476885,20.538233,20.345333,21.02987,16.545122,16.040064,0.0,4.0,0.0,0.0,4.0,4.0,4.0,0.0
7538,2023.0,2.0,22.0,8.0,18.262474,17.869251,17.225481,17.400959,18.614496,18.566578,18.128904,17.97708,18.156176,18.422022,20.300545,22.619911,19.783268,19.790873,18.726288,18.255308,17.091122,17.387308,4.0,4.0,0.0,4.0,4.0,4.0,0.0,4.0
7539,2023.0,2.0,22.0,8.0,18.354408,18.502028,20.261513,22.90213,18.310854,18.268585,17.683823,17.483372,20.403276,22.809135,20.046331,21.907064,19.57667,19.600298,18.928091,19.232466,21.598461,24.945078,0.0,4.0,0.0,4.0,4.0,4.0,4.0,0.0
7540,2023.0,2.0,22.0,8.0,18.349754,18.570087,18.448795,19.042038,18.10064,18.077204,17.39354,17.188631,20.026375,21.934032,20.083277,21.811094,19.408146,19.447626,18.144253,17.707153,18.247965,18.1434,4.0,4.0,0.0,4.0,4.0,4.0,0.0,0.0
7541,2023.0,2.0,22.0,8.0,17.522835,17.167196,20.279118,22.685284,17.929636,17.924122,17.160057,16.95599,20.099201,21.944117,20.076672,21.67726,18.600578,18.062878,17.528223,16.99217,16.6284,16.154737,0.0,4.0,0.0,0.0,4.0,0.0,0.0,0.0
7542,2023.0,2.0,22.0,9.0,17.766253,17.959894,17.85973,17.740728,17.786821,17.79853,16.963589,16.763094,17.894497,17.588501,20.090391,21.62755,18.860546,18.910048,17.22989,16.693624,16.484266,16.262732,0.0,4.0,0.0,0.0,0.0,4.0,0.0,0.0
7543,2023.0,2.0,22.0,9.0,17.873201,18.14255,17.227419,17.401487,17.665665,17.692774,16.794594,16.5978,16.747215,16.204264,18.3814,18.267063,18.955372,19.035933,17.01801,16.494587,16.3693,16.188475,4.0,4.0,0.0,0.0,4.0,4.0,0.0,0.0
7544,2023.0,2.0,22.0,9.0,17.123861,16.798693,20.25315,22.847897,17.579681,17.618671,16.670237,16.474825,16.722153,16.4597,20.331314,21.929115,18.230667,17.71937,17.14232,16.90492,16.232643,16.058569,4.0,4.0,0.0,0.0,0.0,0.0,0.0,0.0
7545,2023.0,2.0,22.0,9.0,16.705229,16.306524,20.04416,22.115011,16.843172,16.33686,16.542343,16.353354,16.621788,16.413254,18.214996,17.866945,17.79456,17.201324,17.136423,16.94596,16.085142,15.919264,4.0,0.0,0.0,0.0,0.0,0.0,0.0,0.0
7546,2023.0,2.0,22.0,9.0,17.279663,17.549839,20.099152,22.043676,17.110704,17.123228,16.422928,16.237057,16.441328,16.24215,17.750063,17.817976,17.59682,17.001003,17.036749,16.848003,15.950285,15.7875395,0.0,4.0,0.0,0.0,4.0,0.0,0.0,0.0
7547,2023.0,2.0,22.0,9.0,16.7481,16.458757,18.233047,18.310495,16.58782,16.104158,16.318693,16.1392,17.03521,17.508238,20.350674,22.289629,17.46034,16.876947,16.938097,16.75247,15.833057,15.671406,4.0,0.0,0.0,4.0,0.0,0.0,0.0,0.0
7548,2023.0,2.0,22.0,10.0,16.38119,16.01633,20.235786,22.419708,16.884466,16.907879,16.224104,16.048635,20.334942,23.096352,18.473099,18.59202,17.650513,17.384783,16.846815,16.662712,15.729034,15.56894,0.0,4.0,0.0,4.0,0.0,0.0,0.0,0.0
7549,2023.0,2.0,22.0,10.0,16.243801,15.886815,18.329721,18.47675,17.063643,17.174812,16.860655,17.320457,20.05208,22.213764,17.382502,17.174358,17.698322,17.473774,17.774227,18.480566,16.533182,17.16069,4.0,4.0,4.0,0.0,0.0,0.0,4.0,4.0
7550,2023.0,2.0,22.0,10.0,16.436699,16.388506,20.25536,22.473398,17.05245,17.178259,16.510382,16.50686,17.72727,17.509644,17.033762,16.789742,17.647964,17.429539,16.935938,16.56447,20.36683,23.62184,0.0,4.0,0.0,0.0,0.0,0.0,0.0,0.0
7551,2023.0,2.0,22.0,10.0,16.49838,16.509022,18.043325,17.955189,16.374603,15.943648,15.857518,15.424344,17.26285,17.379337,16.808613,16.574064,17.594553,17.379631,16.444347,15.998546,17.412462,17.369137,0.0,0.0,0.0,4.0,0.0,0.0,0.0,0.0
7552,2023.0,2.0,22.0,10.0,16.460472,16.480822,17.764645,17.906773,16.060595,15.528774,15.627038,15.125846,20.342854,22.81513,16.661648,16.432465,17.550306,17.337698,16.317295,15.870273,16.38475,15.924459,4.0,0.0,0.0,0.0,0.0,0.0,0.0,0.0
7553,2023.0,2.0,22.0,10.0,17.176926,17.873034,20.22762,22.431505,15.912108,15.391761,15.789071,15.576334,18.414244,18.710522,16.507824,16.286299,17.50482,17.295511,16.218508,15.781098,16.285704,16.073116,0.0,0.0,0.0,4.0,0.0,0.0,0.0,0.0
7554,2023.0,2.0,22.0,11.0,16.801462,16.963757,18.414791,18.720814,16.078953,15.854818,15.846832,15.697198,20.337076,22.550077,16.373528,16.162613,17.462734,17.256413,16.369179,16.175238,16.182089,16.008825,0.0,0.0,0.0,0.0,0.0,0.0,0.0,0.0
7555,2023.0,2.0,22.0,11.0,16.193933,15.963964,17.247147,17.147366,16.13692,15.979961,15.804397,15.666388,18.004927,17.824677,16.256887,16.054115,17.42448,17.221443,16.411812,16.243607,16.041588,15.878405,0.0,0.0,0.0,0.0,0.0,0.0,0.0,0.0
7556,2023.0,2.0,22.0,11.0,16.766876,17.151602,16.927042,16.754269,16.095724,15.9506035,15.759352,15.626928,17.07964,16.538572,16.563704,16.711329,17.3929,17.192333,16.38231,16.218788,15.936029,15.776398,0.0,0.0,0.0,0.0,4.0,0.0,0.0,0.0
7557,2023.0,2.0,22.0,11.0,16.277714,16.153534,16.737492,16.568235,16.046995,15.909529,15.715961,15.590202,17.039501,16.777582,20.242453,23.064465,17.36423,17.167189,16.348576,16.188683,15.845226,15.692739,0.0,0.0,0.0,0.0,0.0,0.0,0.0,0.0
7558,2023.0,2.0,22.0,11.0,15.923682,15.668797,16.551685,16.389618,15.994941,15.864012,16.403152,16.922132,16.922144,16.71618,18.404589,18.984707,17.334684,17.141144,16.312544,16.155928,15.754867,15.608783,0.0,0.0,4.0,0.0,4.0,0.0,0.0,0.0
7559,2023.0,2.0,22.0,11.0,15.836723,15.58436,16.876848,17.11054,15.949995,15.824287,16.648077,17.24233,16.773924,16.577774,20.360226,22.437021,17.309574,17.118916,16.281218,16.127312,15.686417,15.543938,4.0,0.0,4.0,0.0,0.0,0.0,0.0,0.0
7560,2023.0,2.0,22.0,12.0,16.823511,17.534466,20.268612,23.108297,15.903081,15.78334,15.83948,15.631034,17.370838,17.853462,18.424652,18.624561,17.283506,17.09623,16.248182,16.097511,16.583496,17.301813,4.0,0.0,0.0,4.0,0.0,0.0,0.0,4.0
7561,2023.0,2.0,22.0,12.0,20.923857,24.384146,20.035683,22.245855,21.147648,25.035654,21.170794,25.1461,20.327219,22.934635,17.274914,17.071962,21.278223,23.955942,21.987484,25.832499,20.365984,23.662678,4.0,0.0,4.0,0.0,0.0,0.0,0.0,0.0
7562,2023.0,2.0,22.0,12.0,21.075754,24.1342,20.095736,22.131008,21.013144,24.158476,21.038067,24.270441,17.831045,17.710993,16.94489,16.71555,21.838491,24.634283,22.354675,25.982681,18.047195,18.583622,0.0,0.0,0.0,0.0,0.0,0.0,0.0,4.0
7563,2023.0,2.0,22.0,12.0,21.101833,23.831518,17.983658,17.909569,21.094616,23.929262,21.117289,24.01122,16.60123,16.144058,16.761961,16.543198,21.852814,24.316551,22.025835,25.074318,20.35491,23.15789,0.0,0.0,0.0,0.0,0.0,0.0,0.0,0.0
7564,2023.0,2.0,22.0,12.0,21.076965,23.57957,17.049412,16.891752,21.059006,23.579344,21.080894,23.641298,17.358318,17.856514,16.61211,16.401577,20.960356,22.46447,20.945124,22.798546,17.678345,17.59244,0.0,4.0,4.0,4.0,0.0,0.0,0.0,0.0
7565,2023.0,2.0,22.0,12.0,21.077318,23.435722,16.81982,16.673233,21.062511,23.409386,21.10729,23.521503,20.30791,22.81232,16.481327,16.277473,21.067942,22.590883,22.266567,25.121603,17.363997,17.805075,0.0,4.0,0.0,0.0,0.0,0.0,0.0,4.0
7566,2023.0,2.0,22.0,13.0,21.07501,23.323639,16.614658,16.469112,21.103415,23.342255,21.076048,23.299469,17.893904,17.767107,16.367056,16.16943,21.054422,22.491356,20.909784,22.41345,20.348446,22.99183,0.0,0.0,4.0,0.0,0.0,0.0,0.0,0.0
7567,2023.0,2.0,22.0,13.0,21.073734,23.239548,16.439617,16.294357,21.070234,23.131205,21.102886,23.269636,16.682049,16.229536,16.265444,16.072618,21.054382,22.433249,21.089375,22.763475,17.774637,17.659435,0.0,4.0,0.0,0.0,0.0,0.0,0.0,0.0
7568,2023.0,2.0,22.0,13.0,21.070911,23.171589,16.282475,16.13183,21.0971,23.112139,21.093718,23.169403,16.644089,16.444662,16.170994,15.978926,21.052254,22.382309,21.061085,22.690685,16.541239,16.118883,0.0,0.0,0.0,0.0,0.0,0.0,0.0,0.0
7569,2023.0,2.0,22.0,13.0,21.105997,23.155998,16.143957,15.987523,21.145529,23.093258,21.15723,23.257502,16.577038,16.39261,16.085506,15.893573,21.109148,22.450035,21.131964,22.805347,16.476343,16.30219,0.0,4.0,0.0,0.0,0.0,0.0,0.0,0.0
7570,2023.0,2.0,22.0,13.0,21.058437,23.002466,16.037039,15.891284,21.082483,22.94599,21.062067,23.046041,16.465946,16.289711,16.44621,16.642897,21.042519,22.286953,21.051468,22.623652,16.375086,16.210306,0.0,0.0,0.0,0.0,4.0,0.0,0.0,0.0
7571,2023.0,2.0,22.0,13.0,21.091303,23.036966,16.407408,16.673504,21.08968,22.912687,21.077183,23.052393,16.365065,16.196644,20.373913,23.148407,21.051754,22.27931,21.064451,22.630291,16.25269,16.097801,4.0,0.0,0.0,0.0,0.0,0.0,0.0,0.0
7572,2023.0,2.0,22.0,14.0,22.120592,24.656612,20.289997,23.39613,21.751421,23.976887,21.765032,24.111332,16.272787,16.10733,18.101465,18.43866,21.806845,23.460148,21.736034,23.722908,16.139791,15.989699,0.0,4.0,4.0,0.0,0.0,0.0,0.0,0.0
7573,2023.0,2.0,22.0,14.0,19.745344,19.86911,18.070898,18.592133,19.929068,20.236116,19.419159,19.679785,16.197693,16.03925,16.789043,16.642727,19.924456,19.929255,19.524277,19.54164,16.04717,15.905228,0.0,4.0,0.0,0.0,0.0,0.0,0.0,0.0
7574,2023.0,2.0,22.0,14.0,18.860662,18.830746,16.936605,16.832428,19.093042,19.12841,18.099066,17.617842,16.141811,15.98661,16.55693,16.363857,19.322554,19.088268,18.823385,18.613544,15.977861,15.839126,0.0,4.0,0.0,0.0,0.0,0.0,0.0,0.0
7575,2023.0,2.0,22.0,14.0,19.259975,19.898052,17.10866,17.36758,18.186588,17.702782,18.263048,18.303148,16.088095,15.937573,16.436008,16.244072,19.092743,18.859432,18.51941,18.310488,16.886961,17.618738,4.0,0.0,4.0,0.0,0.0,0.0,0.0,4.0
7576,2023.0,2.0,22.0,14.0,18.279327,18.110565,20.238745,22.963562,18.353706,18.360144,17.569975,17.153006,16.03609,15.889337,16.330908,16.142347,18.909077,18.68407,18.279203,18.079332,20.281174,23.355328,4.0,4.0,0.0,0.0,0.0,0.0,0.0,0.0
7577,2023.0,2.0,22.0,14.0,18.311218,18.608395,20.05346,22.252552,17.714703,17.271875,17.048277,16.549564,15.980134,15.836735,16.224192,16.04054,18.726933,18.511051,18.044254,17.854969,17.541187,17.525328,0.0,0.0,0.0,0.0,0.0,0.0,0.0,0.0
7578,2023.0,2.0,22.0,15.0,17.666578,17.442438,18.186424,18.428991,17.210089,16.686497,16.77315,16.279724,15.927579,15.785188,16.13452,15.957631,18.568836,18.360016,17.840122,17.657887,16.243061,15.892874,4.0,0.0,0.0,0.0,0.0,0.0,0.0,0.0
7579,2023.0,2.0,22.0,15.0,18.014988,18.325178,20.246386,22.358942,16.991098,16.468718,16.870813,16.662102,15.886093,15.744868,16.069845,15.895694,18.455416,18.251146,17.693747,17.516415,16.199179,16.026468,4.0,0.0,0.0,0.0,0.0,0.0,0.0,0.0
7580,2023.0,2.0,22.0,15.0,17.408827,17.170835,20.03723,21.801973,17.07536,16.858253,16.83857,16.696323,15.843616,15.704521,16.003685,15.835131,18.338758,18.141436,17.54294,17.372707,16.140133,16.00067,4.0,0.0,0.0,0.0,0.0,0.0,0.0,0.0
7581,2023.0,2.0,22.0,15.0,16.989676,16.681772,20.172417,21.980492,17.036076,16.871191,16.702879,16.561705,15.802884,15.664157,15.942364,15.775744,18.229239,18.031921,17.40185,17.230543,16.029154,15.890143,0.0,0.0,0.0,0.0,0.0,0.0,0.0,0.0
7582,2023.0,2.0,22.0,15.0,17.553778,17.908577,18.21983,18.133245,16.927544,16.781898,17.305962,17.804361,15.7704525,15.636562,15.897849,15.74051,18.934822,19.456123,17.29354,17.136723,16.89766,17.61727,0.0,0.0,4.0,0.0,0.0,4.0,0.0,4.0
7583,2023.0,2.0,22.0,15.0,17.694916,18.127228,17.585268,17.4009,16.832176,16.691874,16.874664,16.919502,15.742134,15.609997,16.250217,16.435894,19.132467,19.695444,17.204153,17.050943,20.3576,23.50943,0.0,0.0,0.0,0.0,4.0,4.0,0.0,0.0
7584,2023.0,2.0,22.0,16.0,17.680529,18.11109,17.775328,18.025461,17.441595,17.928535,16.24325,15.894381,15.712519,15.582769,20.404966,23.318882,18.16058,17.784046,17.113125,16.965734,17.537088,17.527134,4.0,4.0,0.0,0.0,0.0,0.0,0.0,0.0
7585,2023.0,2.0,22.0,16.0,17.012754,16.885921,20.240582,22.512026,17.707485,18.28389,16.668728,16.860859,16.4039,16.90627,18.342522,18.963707,17.709705,17.233345,17.028942,16.884686,16.24966,15.910482,0.0,4.0,4.0,4.0,4.0,0.0,0.0,0.0
7586,2023.0,2.0,22.0,16.0,16.626688,16.396814,18.424885,18.74222,17.43934,17.724194,16.889738,17.162897,21.172058,24.90379,20.29918,22.844234,18.354378,18.571058,18.033587,18.851448,16.15838,15.99562,0.0,4.0,4.0,0.0,0.0,4.0,4.0,0.0
7587,2023.0,2.0,22.0,16.0,17.206127,17.605974,17.743889,18.056803,17.29539,17.537724,16.24329,15.951183,18.13532,18.30513,18.29191,18.593939,18.588446,18.826372,17.199474,16.927706,17.050472,17.760271,4.0,4.0,0.0,0.0,0.0,4.0,0.0,4.0
7588,2023.0,2.0,22.0,16.0,17.37512,17.836636,20.282988,22.524977,17.260834,17.501879,15.943953,15.540514,16.832949,16.391495,17.34404,17.152693,18.614397,18.852564,17.852703,18.382284,20.34778,23.39055,4.0,4.0,0.0,0.0,0.0,4.0,4.0,0.0
7589,2023.0,2.0,22.0,16.0,17.401146,17.863472,20.029776,21.809248,17.23528,17.47984,15.811068,15.409963,16.695557,16.487082,17.032663,16.83087,18.633686,18.872305,17.176588,16.874487,17.61628,17.621483,4.0,4.0,0.0,0.0,0.0,4.0,0.0,0.0
7590,2023.0,2.0,22.0,17.0,16.750246,16.634043,20.070354,21.751703,17.211458,17.459312,16.699919,17.202175,16.586649,16.416088,16.824251,16.626966,18.647335,18.886553,16.72818,16.347342,16.333193,15.988454,4.0,4.0,4.0,0.0,0.0,4.0,0.0,0.0
7591,2023.0,2.0,22.0,17.0,17.13821,17.57196,20.063969,21.64577,16.51708,16.183939,16.184996,15.973073,16.439636,16.276587,16.657686,16.465174,18.652199,18.887886,16.5715,16.184025,16.226559,16.06268,4.0,0.0,0.0,0.0,0.0,4.0,0.0,0.0
7592,2023.0,2.0,22.0,17.0,16.640892,16.514519,20.081316,21.628286,16.852066,17.040718,16.44078,16.68684,16.310423,16.1521,16.516504,16.32937,17.90348,17.477812,16.458033,16.07157,16.147219,16.008625,0.0,4.0,4.0,0.0,0.0,0.0,0.0,0.0
7593,2023.0,2.0,22.0,17.0,16.287115,16.056633,18.615427,18.748777,17.02824,17.27412,16.001278,15.761295,16.200172,16.049368,16.397406,16.220478,17.556675,17.079603,16.575068,16.405754,16.033442,15.902456,4.0,4.0,0.0,0.0,0.0,0.0,0.0,0.0
7594,2023.0,2.0,22.0,17.0,16.91875,17.328346,20.213232,21.853891,17.025942,17.272867,15.6968155,15.307398,16.112974,15.965402,16.30243,16.12804,17.430693,16.947586,16.585878,16.443712,15.943024,15.814498,4.0,4.0,0.0,0.0,0.0,0.0,0.0,0.0
7595,2023.0,2.0,22.0,17.0,17.161732,17.62093,20.053797,21.499903,17.009758,17.254177,16.28031,16.515242,16.022202,15.8791065,16.201197,16.032495,17.321672,16.841167,16.539,16.39691,15.845598,15.720429,0.0,4.0,4.0,0.0,0.0,0.0,0.0,0.0
7596,2023.0,2.0,22.0,18.0,17.182554,17.635794,18.642288,18.74491,16.3367,16.013103,16.49242,16.770653,15.941749,15.805594,16.111399,15.9519205,18.312763,18.836697,16.487303,16.345615,15.755478,15.630447,4.0,0.0,4.0,0.0,0.0,4.0,0.0,0.0
7597,2023.0,2.0,22.0,18.0,21.33869,24.838396,20.226711,21.828417,21.25709,24.764925,21.183458,24.828707,15.868379,15.726068,16.03361,15.874156,21.717974,24.58642,22.2429,25.890694,15.679241,15.548686,4.0,4.0,4.0,0.0,0.0,4.0,4.0,0.0
7598,2023.0,2.0,22.0,18.0,21.018215,23.768566,20.055523,21.4567,21.01616,23.77767,21.038717,24.051237,15.795582,15.650953,15.946458,15.780099,20.961332,22.834019,22.59512,26.121178,15.605268,15.472746,0.0,4.0,0.0,0.0,0.0,0.0,4.0,0.0
7599,2023.0,2.0,22.0,18.0,21.082506,23.598372,18.320335,18.107882,21.088408,23.582855,21.091902,23.782742,15.731323,15.585071,15.867554,15.700144,21.061533,22.78243,20.881052,22.743235,15.541112,15.406997,0.0,4.0,4.0,0.0,0.0,4.0,0.0,0.0
7600,2023.0,2.0,22.0,18.0,21.07195,23.374378,18.02606,18.219889,21.07694,23.333555,21.106857,23.590078,15.672797,15.524096,15.794029,15.624209,21.078268,22.672472,23.054836,26.435024,16.451866,17.173296,4.0,4.0,0.0,0.0,0.0,0.0,0.0,4.0
7601,2023.0,2.0,22.0,18.0,21.096216,23.295744,20.228865,22.21845,21.09948,23.236635,21.100628,23.401258,16.383015,16.906033,15.7218485,15.547312,21.072788,22.536655,20.8677,22.26273,20.362019,23.710367,4.0,0.0,0.0,4.0,0.0,0.0,0.0,0.0
7602,2023.0,2.0,22.0,19.0,21.063852,23.098003,20.058727,21.699966,21.092752,23.099926,21.098782,23.265219,20.36266,23.639341,16.04413,16.206234,21.071625,22.440514,21.114788,22.73751,17.343006,17.291883,0.0,0.0,0.0,0.0,4.0,0.0,0.0,0.0
7603,2023.0,2.0,22.0,19.0,21.093185,23.091383,18.144367,17.913918,21.091846,23.00343,21.075855,23.161425,17.921213,18.28465,20.440712,23.500328,21.052284,22.366976,21.059668,22.636343,15.967963,15.5761,0.0,0.0,0.0,4.0,0.0,0.0,0.0,0.0
7604,2023.0,2.0,22.0,19.0,21.086468,23.006199,17.00608,16.425682,21.069138,22.927107,21.05327,23.04653,20.452785,23.092402,17.953789,18.325054,21.024395,22.262787,21.065739,22.643354,15.9212265,15.763917,0.0,0.0,4.0,4.0,0.0,4.0,0.0,0.0
7605,2023.0,2.0,22.0,19.0,21.085443,22.943153,17.460075,17.60925,21.070908,22.900118,21.05687,23.01705,20.044065,22.143978,16.5286,16.371658,21.046902,22.254053,21.025555,22.526367,15.860827,15.706521,4.0,0.0,4.0,0.0,0.0,4.0,4.0,0.0
7606,2023.0,2.0,22.0,19.0,21.161287,23.085194,20.234455,22.511562,21.045776,22.803545,21.077652,22.985657,18.288727,18.519354,16.235607,16.04063,21.134212,22.38959,21.089375,22.642632,16.702017,17.387074,4.0,4.0,4.0,4.0,0.0,4.0,0.0,4.0
7607,2023.0,2.0,22.0,19.0,21.040453,22.807487,20.03857,21.830227,21.050238,22.793795,21.098358,22.990646,20.400866,22.565784,16.45071,16.583307,21.0436,22.17381,21.078295,22.583256,20.364319,23.528843,4.0,4.0,0.0,0.0,4.0,4.0,0.0,0.0
7608,2023.0,2.0,22.0,20.0,21.164268,23.005976,20.154121,21.896519,21.16695,22.986038,21.160027,23.061895,17.925682,17.651691,20.454199,23.287962,21.139662,22.339361,21.186102,22.765247,18.025537,18.440823,0.0,0.0,0.0,0.0,0.0,4.0,0.0,4.0
7609,2023.0,2.0,22.0,20.0,21.087297,22.833626,18.46349,18.499504,21.086535,22.772749,21.067316,22.809958,16.704153,16.170376,18.061012,18.359148,21.072151,22.196335,21.060272,22.517284,20.440968,23.070498,4.0,0.0,4.0,0.0,0.0,0.0,0.0,4.0
7610,2023.0,2.0,22.0,20.0,21.055998,22.719349,20.24205,22.130495,21.08681,22.73178,21.095854,22.852623,16.66127,16.431345,16.693113,16.498966,21.066874,22.15756,21.023605,22.417065,20.052286,22.18135,4.0,0.0,0.0,0.0,0.0,0.0,4.0,0.0
7611,2023.0,2.0,22.0,20.0,21.061232,22.708279,20.052984,21.605953,21.064175,22.696035,21.089458,22.807356,17.38815,17.911207,16.389042,16.173452,21.066723,22.132372,21.087442,22.54223,17.67202,17.408592,0.0,0.0,0.0,4.0,0.0,0.0,0.0,0.0
7612,2023.0,2.0,22.0,20.0,21.086493,22.75986,18.490072,18.49432,21.042095,22.633186,21.067822,22.779896,20.321508,22.876612,16.22111,16.009304,21.066267,22.11024,21.076363,22.491215,17.478794,17.836592,4.0,4.0,0.0,0.0,0.0,0.0,0.0,4.0
7613,2023.0,2.0,22.0,20.0,21.146696,22.837729,20.234581,22.0788,21.159552,22.88994,21.154974,22.958807,17.748587,17.522366,16.076958,15.862286,21.123981,22.24536,21.173496,22.659521,20.403141,22.805885,0.0,0.0,0.0,0.0,0.0,0.0,0.0,0.0
7614,2023.0,2.0,22.0,21.0,21.085674,22.716755,18.533972,18.57624,21.086918,22.6927,21.044659,22.715672,16.475714,15.952609,15.954145,15.742583,21.04906,22.103313,21.058485,22.44051,17.771204,17.532557,4.0,0.0,4.0,0.0,0.0,0.0,0.0,0.0
7615,2023.0,2.0,22.0,21.0,21.164743,22.838133,20.244043,22.135448,21.16115,22.78559,21.197313,23.023577,16.457258,16.230598,15.842244,15.627776,21.136272,22.28292,21.206066,22.741108,16.538464,16.045141,0.0,4.0,4.0,0.0,0.0,0.0,0.0,0.0
7616,2023.0,2.0,22.0,21.0,21.085169,22.684809,18.509012,18.549215,21.089108,22.634514,21.09579,22.792807,16.403166,16.204517,15.744405,15.53137,21.048882,22.107178,21.060078,22.44638,17.507235,18.217407,4.0,0.0,0.0,0.0,0.0,0.0,0.0,4.0
7617,2023.0,2.0,22.0,21.0,21.166414,22.81438,20.245434,22.15884,21.163225,22.75952,21.158022,22.863129,16.264029,16.065649,15.653632,15.437624,21.135592,22.280138,21.205044,22.735743,20.325012,22.879078,0.0,0.0,4.0,0.0,0.0,0.0,0.0,4.0
7618,2023.0,2.0,22.0,21.0,21.058254,22.587627,18.49141,18.527212,21.036642,22.507906,21.092823,22.724174,16.139273,15.941689,15.939392,16.040552,21.048712,22.101719,21.060032,22.439112,20.060577,22.106737,4.0,4.0,0.0,0.0,4.0,0.0,0.0,0.0
7619,2023.0,2.0,22.0,21.0,21.253223,22.991816,20.312675,22.304628,21.25158,22.930048,21.256292,23.006794,16.027739,15.828644,20.43338,23.511244,21.19134,22.366089,21.364485,23.044907,17.707722,17.386448,0.0,0.0,4.0,0.0,0.0,4.0,0.0,0.0
7620,2023.0,2.0,22.0,22.0,21.078268,22.624575,18.181154,17.95208,21.056963,22.493254,21.091402,22.672567,15.929753,15.731079,17.90166,18.24682,21.053553,22.109173,21.059145,22.4217,17.542608,17.869968,0.0,4.0,0.0,0.0,0.0,0.0,0.0,4.0
7621,2023.0,2.0,22.0,22.0,21.079348,22.61416,17.312279,17.063068,21.088434,22.560946,21.086313,22.642582,15.84022,15.6395235,16.439068,16.250399,21.067825,22.094587,21.060114,22.420713,20.407722,22.735794,0.0,0.0,0.0,0.0,0.0,0.0,0.0,0.0
7622,2023.0,2.0,22.0,22.0,21.058184,22.601673,17.575998,17.736076,21.082436,22.53074,21.061693,22.555073,15.757819,15.554747,16.127874,15.899321,21.065943,22.05875,21.059929,22.41607,17.797628,17.50758,4.0,0.0,4.0,0.0,0.0,0.0,0.0,0.0
7623,2023.0,2.0,22.0,22.0,21.034744,22.55197,20.288065,22.504974,21.03556,22.44565,21.09172,22.623825,15.6817665,15.475623,15.946835,15.707083,21.046259,22.033447,21.059841,22.410774,16.575436,16.037514,4.0,4.0,0.0,0.0,0.0,0.0,0.0,0.0
7624,2023.0,2.0,22.0,22.0,21.49157,23.440022,20.052135,21.794374,21.091509,22.5513,21.061375,22.530735,16.213943,16.535374,15.805911,15.563203,21.414072,22.773483,21.05963,22.40452,17.359104,17.863543,0.0,0.0,4.0,4.0,0.0,0.0,0.0,4.0
7625,2023.0,2.0,22.0,22.0,21.098331,22.652863,17.9953,17.691332,21.057507,22.441454,21.092209,22.604069,20.454464,23.560022,15.691538,15.449924,21.0569,22.061684,21.02057,22.293612,20.32857,22.851284,0.0,4.0,0.0,4.0,0.0,0.0,4.0,0.0
7626,2023.0,2.0,22.0,23.0,21.050936,22.515415,17.183666,16.895565,21.088554,22.5083,21.086227,22.578634,20.020725,22.392021,15.874169,15.878298,21.017649,21.96511,21.086428,22.417744,17.676762,17.376678,0.0,0.0,0.0,4.0,4.0,4.0,0.0,0.0
7627,2023.0,2.0,22.0,23.0,19.176239,18.93939,17.46273,17.593798,19.147493,18.77383,20.003336,20.504791,17.461048,17.181633,15.68931,15.489104,19.372221,18.806967,19.961878,20.183903,17.173151,17.27677,4.0,0.0,4.0,0.0,0.0,0.0,4.0,4.0
7628,2023.0,2.0,22.0,23.0,18.330957,17.769588,17.530966,17.755066,18.631948,18.285378,18.495373,17.896513,16.505869,15.888543,15.530442,15.290639,18.740726,17.994122,18.801027,18.260862,17.188936,17.32152,4.0,0.0,0.0,0.0,0.0,0.0,0.0,4.0
7629,2023.0,2.0,22.0,23.0,17.962088,17.387083,16.659048,16.136242,18.408815,18.114693,17.825867,17.053457,16.779114,16.67054,15.443005,15.1998625,18.477835,17.739841,19.240095,19.470203,16.43934,15.977045,0.0,0.0,0.0,4.0,0.0,0.0,4.0,0.0
7630,2023.0,2.0,22.0,23.0,18.092928,17.927074,16.620335,16.26788,18.173117,17.885227,17.496347,16.734165,16.268406,15.761997,15.369573,15.126819,18.638987,18.287916,18.315361,17.73628,16.067785,15.532025,4.0,0.0,0.0,0.0,0.0,0.0,0.0,0.0
7631,2023.0,2.0,22.0,23.0,18.024754,17.930399,16.139723,15.450694,17.964235,17.675682,17.645662,17.314219,16.509394,16.447247,15.300304,15.056357,18.610329,18.325281,17.848354,17.204103,15.861376,15.323723,0.0,0.0,0.0,4.0,0.0,0.0,0.0,0.0
7632,2023.0,2.0,23.0,0.0,17.879343,17.791977,15.871871,15.130902,17.784464,17.501127,17.568232,17.303373,15.980556,15.460354,15.236983,14.993523,18.487383,18.198507,17.604624,16.974104,16.002565,15.775404,0.0,0.0,0.0,0.0,0.0,0.0,0.0,0.0
7633,2023.0,2.0,23.0,0.0,17.747845,17.670061,16.589424,16.662352,17.62925,17.356758,17.422617,17.17198,15.685936,15.117735,15.180383,14.9405985,18.376867,18.09276,17.406748,16.797281,15.965088,15.757939,4.0,0.0,0.0,0.0,0.0,0.0,0.0,0.0
7634,2023.0,2.0,23.0,0.0,17.61783,17.540405,16.85296,17.102234,17.479454,17.20718,17.275087,17.025387,15.847818,15.614972,15.124438,14.88478,18.269802,17.984388,17.576763,17.326336,15.877053,15.669917,4.0,0.0,0.0,0.0,0.0,0.0,0.0,0.0
7635,2023.0,2.0,23.0,0.0,17.510733,17.446394,16.069935,15.590634,17.357979,17.100796,17.152592,16.91808,15.813368,15.594028,15.077704,14.843367,18.180592,17.902754,17.51576,17.27652,15.799134,15.59822,0.0,0.0,0.0,0.0,0.0,0.0,0.0,0.0
7636,2023.0,2.0,23.0,0.0,17.400932,17.33746,15.641468,14.94681,17.234383,16.978382,17.026941,16.793474,15.734813,15.516626,15.347713,15.392965,18.091204,17.8127,17.412693,17.173994,15.71923,15.517684,0.0,0.0,0.0,0.0,4.0,0.0,0.0,0.0
7637,2023.0,2.0,23.0,0.0,17.308247,17.254326,15.883068,15.583491,17.130894,16.886028,16.92114,16.698805,16.24977,16.552284,15.129112,14.929891,18.014996,17.741852,17.318169,17.085043,15.649899,15.452814,0.0,0.0,0.0,4.0,0.0,0.0,0.0,0.0
7638,2023.0,2.0,23.0,1.0,17.220919,17.174019,15.925713,15.702659,17.033598,16.797083,16.82151,16.60741,16.431738,16.781025,15.305466,15.3316,18.69693,19.098135,17.227953,16.999073,16.305786,16.747414,0.0,0.0,0.0,4.0,4.0,4.0,0.0,4.0
7639,2023.0,2.0,23.0,1.0,17.138762,17.096708,15.878274,15.665048,16.942034,16.71181,16.727745,16.519764,15.635711,15.214249,15.399621,15.46219,17.800243,17.245665,17.142601,16.916525,15.799786,15.652579,0.0,0.0,0.0,0.0,4.0,0.0,0.0,0.0
7640,2023.0,2.0,23.0,1.0,17.058544,17.01733,15.823459,15.612559,16.852764,16.62448,16.636536,16.430109,15.277779,14.75514,15.118809,14.920058,17.464441,16.825033,17.059582,16.833084,16.051157,16.233871,0.0,0.0,0.0,0.0,0.0,0.0,0.0,4.0
7641,2023.0,2.0,23.0,1.0,16.98715,16.951405,15.77213,15.566221,16.773964,16.552458,16.556437,16.35638,15.145571,14.630984,14.996397,14.785733,17.352081,16.724606,16.985659,16.762589,15.396599,14.928852,0.0,0.0,0.0,0.0,0.0,0.0,0.0,0.0
7642,2023.0,2.0,23.0,1.0,16.910402,16.879974,15.715638,15.514648,16.689783,16.474792,16.470877,16.276957,15.919376,16.232656,15.007569,14.846729,17.575033,17.289352,16.907475,16.687803,15.100818,14.6458025,0.0,0.0,0.0,4.0,0.0,0.0,0.0,0.0
7643,2023.0,2.0,23.0,1.0,16.836184,16.807602,15.659323,15.460661,16.607973,16.395912,16.387424,16.196163,15.668106,15.503142,15.005494,14.870481,17.623383,17.362286,16.831831,16.61284,14.99523,14.55632,0.0,0.0,0.0,0.0,0.0,0.0,0.0,0.0
7644,2023.0,2.0,23.0,2.0,16.769985,16.746237,15.608287,15.414202,16.535278,16.329285,16.313013,16.1278,15.714427,15.735178,15.006024,14.892436,17.57816,17.32127,17.781176,18.461605,15.159213,14.965712,0.0,0.0,0.0,4.0,0.0,0.0,4.0,0.0
7645,2023.0,2.0,23.0,2.0,16.705523,16.683634,15.557485,15.365355,16.465517,16.262135,16.240835,16.058546,15.258565,14.834608,15.006281,14.909465,17.52885,17.273088,16.918243,16.489452,15.189585,15.005554,0.0,0.0,0.0,0.0,0.0,0.0,0.0,0.0
7646,2023.0,2.0,23.0,2.0,16.638172,16.612494,15.502688,15.306668,16.392778,16.185215,16.165695,15.9791765,15.004268,14.570134,15.010903,14.934022,17.477161,17.218767,16.407581,15.886935,15.14688,14.961719,0.0,0.0,0.0,0.0,0.0,0.0,0.0,0.0
7647,2023.0,2.0,23.0,2.0,16.580452,16.558046,15.457098,15.264578,16.331755,16.128845,16.103159,15.92127,15.146385,14.954501,15.005935,14.933688,17.43138,17.174482,16.271685,15.760815,15.105307,14.921333,0.0,0.0,0.0,0.0,0.0,0.0,0.0,0.0
7648,2023.0,2.0,23.0,2.0,16.526175,16.507774,15.413426,15.224434,16.273918,16.076038,16.044376,15.867315,15.14724,14.948088,15.007528,14.947333,17.388021,17.13328,16.450855,16.229103,15.799205,16.26532,0.0,0.0,0.0,0.0,0.0,0.0,0.0,4.0
7649,2023.0,2.0,23.0,2.0,16.469194,16.449732,15.366871,15.176941,16.213406,16.015097,15.98366,15.805608,15.102924,14.903806,15.007786,14.957341,17.343077,17.08742,16.476583,16.26142,16.173065,16.72595,0.0,0.0,0.0,0.0,0.0,0.0,0.0,4.0
7650,2023.0,2.0,23.0,3.0,16.419691,16.404558,15.3264885,15.140391,16.16105,15.967988,15.931777,15.758331,15.060976,14.864685,15.007776,14.966,17.30293,17.049845,16.43278,16.220728,15.256015,14.870043,0.0,0.0,0.0,0.0,0.0,0.0,0.0,0.0
7651,2023.0,2.0,23.0,3.0,16.364058,16.345247,15.279553,15.089446,16.101894,15.905099,15.873017,15.695369,15.014946,14.815902,15.014621,14.988524,17.25874,17.003025,16.380758,16.166258,15.0121,14.736746,0.0,0.0,0.0,0.0,0.0,0.0,0.0,0.0
7652,2023.0,2.0,23.0,3.0,16.314238,16.296072,15.237966,15.04828,16.049376,15.853871,15.820663,15.643994,15.001859,14.829526,15.015135,14.994158,17.218033,16.962402,16.331802,16.117603,15.016204,14.784716,0.0,0.0,0.0,0.0,0.0,0.0,0.0,0.0
7653,2023.0,2.0,23.0,3.0,16.275051,16.266678,15.197309,15.007969,15.998419,15.804091,15.769686,15.593984,15.004409,14.860142,15.016239,15.003392,17.1781,16.92254,16.283878,16.069967,15.009759,14.824189,0.0,0.0,0.0,0.0,0.0,0.0,0.0,0.0
7654,2023.0,2.0,23.0,3.0,16.239687,16.240877,15.157477,14.968411,15.948829,15.755571,15.72002,15.545215,15.005847,14.88094,15.016794,15.010827,17.138832,16.883327,16.237005,16.02336,15.002161,14.848167,0.0,0.0,0.0,0.0,0.0,0.0,0.0,0.0
7655,2023.0,2.0,23.0,3.0,16.193113,16.19038,15.121948,14.936645,15.9042635,15.715768,15.675425,15.505216,15.004237,14.892438,15.007975,15.001543,17.102068,16.848537,16.193272,15.982019,15.672594,16.139814,0.0,0.0,0.0,0.0,0.0,0.0,0.0,4.0
7656,2023.0,2.0,23.0,4.0,16.142406,16.135551,15.0838375,14.898929,15.857425,15.670045,15.629113,15.459574,15.005267,14.909135,15.010018,15.0128975,17.064075,16.81078,16.148552,15.937687,14.95939,14.702781,0.0,0.0,0.0,0.0,0.0,0.0,0.0,0.0
7657,2023.0,2.0,23.0,4.0,16.093512,16.082254,15.042192,14.853503,15.807146,15.616403,15.579458,15.406252,15.0091915,14.931528,15.018541,15.037243,17.024101,16.768581,16.102043,15.88899,15.024686,14.917729,0.0,0.0,0.0,0.0,0.0,0.0,0.0,0.0
7658,2023.0,2.0,23.0,4.0,16.048717,16.035973,15.004818,14.81609,15.761693,15.571573,15.534533,15.361677,15.010589,14.943913,15.018767,15.040493,16.986622,16.730997,16.058565,15.845616,15.004833,14.881816,0.0,0.0,0.0,0.0,0.0,0.0,0.0,0.0
7659,2023.0,2.0,23.0,4.0,16.013372,16.007957,15.002441,14.843574,15.720205,15.533742,15.493383,15.32389,15.462703,15.798972,15.009019,15.029414,16.951038,16.69683,16.017458,15.806215,15.006795,14.921431,0.0,0.0,0.0,4.0,0.0,0.0,0.0,0.0
7660,2023.0,2.0,23.0,4.0,15.973669,15.9678335,15.003051,14.868521,15.677122,15.49182,15.450625,15.282088,15.009013,14.899394,15.011079,15.040152,17.70334,18.152296,15.975973,15.765344,15.006907,14.945267,0.0,0.0,0.0,0.0,0.0,4.0,0.0,0.0
7661,2023.0,2.0,23.0,4.0,15.931628,15.923314,15.003489,14.890021,15.634192,15.448786,15.407605,15.239005,15.026438,14.975122,15.011209,15.046701,17.233921,17.030704,15.934324,15.723521,15.006854,14.964392,0.0,0.0,0.0,0.0,0.0,0.0,0.0,0.0
7662,2023.0,2.0,23.0,5.0,15.890614,15.880829,15.004278,14.909932,15.591247,15.405068,15.36461,15.195224,15.004178,14.951501,15.011369,15.053026,16.675777,16.11182,15.892782,15.681316,15.00769,14.981897,0.0,0.0,0.0,0.0,0.0,0.0,0.0,0.0
7663,2023.0,2.0,23.0,5.0,15.8603115,15.859492,15.007189,14.934118,15.547312,15.3592,15.321056,15.149617,15.013425,14.986059,15.021902,15.08011,16.46803,15.877681,15.851505,15.639081,15.014178,15.009904,0.0,0.0,0.0,0.0,0.0,0.0,0.0,0.0
7664,2023.0,2.0,23.0,5.0,15.832703,15.83977,15.004738,14.943046,15.508328,15.323034,15.282698,15.113698,15.435107,15.780819,15.010075,15.060936,16.705305,16.4498,15.813002,15.601834,15.006334,15.004786,0.0,0.0,0.0,4.0,0.0,0.0,0.0,0.0
7665,2023.0,2.0,23.0,5.0,15.796588,15.801997,15.005377,14.9590845,15.468178,15.28389,15.243285,15.074979,14.951738,14.80202,15.012731,15.072189,16.744617,16.488403,15.774437,15.56389,15.550267,16.035278,0.0,0.0,0.0,0.0,0.0,0.0,0.0,4.0
7666,2023.0,2.0,23.0,5.0,15.758021,15.761189,15.005727,14.973568,15.428331,15.244767,15.204688,15.036593,15.136251,15.18003,15.012602,15.077887,16.71482,16.459803,15.736172,15.526012,14.977043,14.903893,0.0,0.0,0.0,4.0,0.0,0.0,0.0,0.0
7667,2023.0,2.0,23.0,5.0,15.717569,15.716669,15.011943,15.000015,15.38542,15.1990185,15.163152,14.99197,15.030219,14.939937,15.024688,15.107627,16.679552,16.423063,15.696337,15.484583,15.035212,15.060874,0.0,0.0,0.0,0.0,0.0,0.0,0.0,0.0
7668,2023.0,2.0,23.0,6.0,15.680016,15.677649,15.00588,14.998919,15.34976,15.167349,15.128515,14.960865,15.02023,14.970422,15.011131,15.084826,16.647459,16.393059,16.71498,17.43444,15.013054,14.998292,0.0,0.0,0.0,0.0,0.0,0.0,4.0,0.0
7669,2023.0,2.0,23.0,6.0,20.807209,24.621284,15.007139,15.013627,20.635387,24.368862,20.451334,24.227484,15.007365,14.975605,15.013659,15.095445,20.61612,23.112146,20.763561,24.106632,15.009059,15.016921,0.0,0.0,0.0,0.0,0.0,0.0,0.0,0.0
7670,2023.0,2.0,23.0,6.0,21.011915,24.394068,15.007363,15.025495,21.020464,24.443583,21.048647,24.66915,15.009556,14.999178,15.00421,15.064896,21.359507,24.200583,21.65738,25.151428,15.009882,15.035495,0.0,0.0,0.0,0.0,4.0,0.0,0.0,0.0
7671,2023.0,2.0,23.0,6.0,21.101023,24.156809,15.008235,15.037076,21.104115,24.162285,21.10567,24.313032,15.009078,15.010387,19.890535,23.126432,21.719227,24.441294,22.149948,25.535252,15.009382,15.043998,0.0,0.0,0.0,0.0,0.0,0.0,0.0,0.0
7672,2023.0,2.0,23.0,6.0,21.088045,23.85594,15.007301,15.04006,21.091255,23.8376,21.095842,23.980263,15.385346,15.718115,17.326948,17.781307,20.983723,22.855244,21.939394,24.901579,15.525306,16.013718,0.0,0.0,0.0,4.0,0.0,0.0,0.0,4.0
7673,2023.0,2.0,23.0,6.0,21.08721,23.66171,15.007982,15.045927,21.090061,23.624975,21.094416,23.758064,20.26376,24.069677,15.570065,15.361,21.079828,22.910471,20.962774,22.856308,20.336554,24.242731,0.0,0.0,0.0,0.0,0.0,0.0,0.0,0.0
7674,2023.0,2.0,23.0,7.0,21.059761,23.448036,15.008404,15.053487,21.08757,23.467146,21.091604,23.593328,17.285606,17.610577,15.2189865,14.966874,21.067135,22.779367,21.055008,22.9547,17.416908,17.845224,0.0,0.0,0.0,0.0,0.0,0.0,4.0,4.0
7675,2023.0,2.0,23.0,7.0,21.06301,23.355366,15.008811,15.062575,21.085659,23.348606,21.08996,23.471022,15.678984,15.481533,15.037841,14.785965,21.038157,22.622452,21.102161,22.993423,20.40452,23.724985,0.0,0.0,0.0,0.0,0.0,4.0,0.0,4.0
7676,2023.0,2.0,23.0,7.0,21.1079,23.345196,15.009371,15.073037,21.083067,23.254927,21.087034,23.373425,15.367298,15.143937,15.011693,14.859894,21.070322,22.648964,21.09116,22.89986,20.04897,22.667694,0.0,0.0,0.0,0.0,0.0,0.0,0.0,0.0
7677,2023.0,2.0,23.0,7.0,21.099117,23.234415,15.009738,15.083504,21.058762,23.118214,21.086515,23.299809,16.035416,16.551039,15.012204,14.929122,21.055717,22.509556,21.091845,22.841215,17.210852,16.934483,0.0,4.0,0.0,4.0,0.0,4.0,0.0,0.0
7678,2023.0,2.0,23.0,7.0,21.09851,23.158804,15.01008,15.09366,21.086384,23.141777,21.085407,23.24,20.040075,23.251532,15.012499,14.977908,21.085821,22.525572,21.071705,22.789677,15.870329,15.32058,0.0,0.0,0.0,0.0,0.0,0.0,0.0,0.0
7679,2023.0,2.0,23.0,7.0,21.074661,23.094826,15.224572,15.488134,21.103628,23.082546,21.084572,23.192106,17.568949,17.865192,15.140671,15.244554,21.080517,22.459053,21.073448,22.777122,15.781708,15.524704,4.0,0.0,0.0,4.0,4.0,0.0,0.0,0.0
7680,2023.0,2.0,23.0,8.0,21.077374,23.079193,19.70369,23.146282,21.09988,23.004078,21.08163,23.147844,20.403841,23.335443,19.784245,23.14579,21.080074,22.41214,21.069382,22.752092,15.673377,15.446013,0.0,0.0,0.0,0.0,0.0,0.0,0.0,0.0
7681,2023.0,2.0,23.0,8.0,19.707273,20.399147,17.574816,18.368645,19.179783,19.305918,19.034975,19.187315,17.408382,17.241316,17.273735,17.705114,19.515675,19.404236,19.194965,19.132864,15.513085,15.300722,4.0,0.0,0.0,0.0,0.0,0.0,0.0,0.0
7682,2023.0,2.0,23.0,8.0,18.583555,18.602583,20.173576,23.241673,18.24313,17.976357,18.05565,17.808245,16.24018,15.61109,16.37619,16.453499,18.889761,18.557688,18.437836,18.144728,15.3969555,15.190218,0.0,0.0,0.0,0.0,4.0,0.0,0.0,0.0
7683,2023.0,2.0,23.0,8.0,18.256523,18.376778,17.720463,18.105555,17.773148,17.485966,18.25201,18.577467,16.114227,15.7958355,20.28166,23.298666,18.575089,18.251572,19.060629,19.680536,15.272522,15.073467,0.0,0.0,4.0,0.0,0.0,0.0,4.0,0.0
7684,2023.0,2.0,23.0,8.0,18.07797,18.23628,16.16302,16.013697,17.43556,17.146835,17.616718,17.47534,15.975844,15.71346,18.066662,18.605497,18.322596,18.008186,17.924288,17.41774,15.154786,14.954732,0.0,0.0,0.0,0.0,4.0,0.0,0.0,0.0
7685,2023.0,2.0,23.0,8.0,17.2558,16.835093,16.28242,16.443321,17.903576,18.213228,16.815172,16.181643,16.57037,16.98479,20.35299,22.785217,18.93145,19.322853,17.347998,16.719896,15.065589,14.864748,4.0,4.0,0.0,4.0,0.0,4.0,0.0,0.0
7686,2023.0,2.0,23.0,9.0,16.752928,16.254255,20.14941,23.316946,18.041307,18.45653,16.359438,15.673639,20.402004,23.444456,17.98919,18.155266,17.99227,17.405424,17.028225,16.416327,15.877179,16.472034,0.0,4.0,0.0,0.0,0.0,0.0,0.0,4.0
7687,2023.0,2.0,23.0,9.0,16.51167,16.025398,18.073923,18.771927,16.930384,16.41018,17.158747,17.453129,17.854757,18.131084,16.613686,16.357632,17.427542,16.756859,17.067385,16.762066,20.241959,23.795687,4.0,0.0,4.0,4.0,0.0,0.0,0.0,0.0
7688,2023.0,2.0,23.0,9.0,17.431559,17.974573,20.217047,22.98458,16.976181,16.883444,17.491774,17.944736,20.435,23.129725,16.18831,15.884771,17.216513,16.549911,17.010431,16.753437,17.027018,16.961807,0.0,4.0,4.0,4.0,0.0,0.0,0.0,0.0
7689,2023.0,2.0,23.0,9.0,16.769302,16.499977,17.57818,17.525867,17.069038,17.058174,17.092321,17.179592,20.057322,22.245213,16.308992,16.34784,17.376131,17.039991,17.948284,18.653769,15.481188,15.042825,0.0,4.0,4.0,0.0,4.0,0.0,4.0,0.0
7690,2023.0,2.0,23.0,9.0,16.22308,15.793853,16.28847,16.045593,16.349218,15.790086,16.207535,15.6807995,17.551216,17.2472,20.44017,23.335035,18.214918,18.658745,16.989744,16.540998,15.361272,15.128575,0.0,0.0,0.0,0.0,0.0,4.0,0.0,0.0
7691,2023.0,2.0,23.0,9.0,16.761152,16.960787,16.4772,16.625431,16.614664,16.557892,15.765082,15.141219,16.270504,15.683853,17.910126,18.203074,17.39215,16.859983,17.441702,17.82192,16.244774,16.897287,4.0,4.0,0.0,0.0,0.0,0.0,4.0,4.0
7692,2023.0,2.0,23.0,10.0,16.917248,17.198477,20.217094,23.295038,16.73532,16.771597,15.601204,14.976232,16.988874,17.352858,17.113808,17.149464,17.800709,17.861132,16.636133,16.168684,20.14484,23.509743,0.0,4.0,0.0,4.0,4.0,4.0,0.0,0.0
7693,2023.0,2.0,23.0,10.0,16.930826,17.224592,18.13587,18.764492,16.714613,16.761251,15.769657,15.467716,20.387093,23.177204,20.390709,22.945421,17.988943,18.07371,17.230692,17.634434,17.06738,16.973778,4.0,4.0,0.0,0.0,0.0,4.0,4.0,0.0
7694,2023.0,2.0,23.0,10.0,16.930437,17.231821,20.243805,22.920353,16.028017,15.514318,16.545462,16.949,18.098782,18.342985,18.021141,18.217997,17.984783,18.074286,16.544422,16.090544,15.544463,15.085752,0.0,0.0,4.0,4.0,0.0,4.0,0.0,0.0
7695,2023.0,2.0,23.0,10.0,16.91578,17.218067,17.962147,18.145123,16.334759,16.32677,16.845667,17.343155,20.406065,22.854145,17.025791,17.092306,17.982906,18.077202,17.153635,17.574387,15.436074,15.197433,4.0,4.0,4.0,0.0,4.0,4.0,4.0,0.0
7696,2023.0,2.0,23.0,10.0,16.905392,17.214855,20.227543,22.797876,15.866657,15.370974,15.945742,15.59355,17.714926,17.470842,20.407104,22.925919,17.981602,18.080683,16.468184,16.02888,15.359448,15.157796,4.0,0.0,0.0,0.0,0.0,4.0,0.0,0.0
7697,2023.0,2.0,23.0,10.0,16.901972,17.223429,20.044483,22.159487,16.204956,16.221128,16.098211,16.157358,16.351625,15.779776,18.097198,18.302504,17.288124,16.780773,16.02978,15.535473,15.236345,15.044575,4.0,4.0,4.0,0.0,0.0,0.0,0.0,0.0
7698,2023.0,2.0,23.0,11.0,16.889297,17.217398,20.09002,22.073402,15.736836,15.249878,15.578925,15.1128645,17.02499,17.420391,16.729893,16.474007,17.695982,17.813112,15.884176,15.39032,15.123684,14.93674,4.0,0.0,0.0,4.0,0.0,4.0,0.0,0.0
7699,2023.0,2.0,23.0,11.0,16.160969,15.873237,20.099579,21.988811,15.404126,14.842489,15.937749,16.001614,20.28466,22.958054,16.354076,16.06548,17.179298,16.684385,15.782488,15.298334,15.027614,14.846054,0.0,0.0,4.0,0.0,0.0,0.0,0.0,0.0
7700,2023.0,2.0,23.0,11.0,15.799225,15.436883,17.909739,17.713087,15.280206,14.723865,15.488628,15.060056,17.646036,17.477179,16.136269,15.85668,16.81112,16.236227,15.936684,15.70132,15.004962,14.87855,0.0,0.0,0.0,0.0,0.0,0.0,0.0,0.0
7701,2023.0,2.0,23.0,11.0,15.668155,15.31018,16.918823,16.66188,16.22249,16.617191,15.143944,14.624166,16.264029,15.728157,15.959995,15.688837,17.477116,17.60897,15.980634,15.772656,15.007372,14.927372,0.0,4.0,0.0,0.0,0.0,4.0,0.0,0.0
7702,2023.0,2.0,23.0,11.0,16.342712,16.668488,17.092815,17.252748,16.645271,17.166058,15.023818,14.508079,16.16001,15.875317,15.806168,15.541573,17.72534,17.875769,15.947359,15.744193,15.007393,14.959839,4.0,4.0,0.0,0.0,0.0,4.0,0.0,0.0
7703,2023.0,2.0,23.0,11.0,15.90435,15.698091,20.246334,22.922197,16.407448,16.620687,15.202972,14.965363,16.07173,15.828717,15.672893,15.414481,17.0271,16.529625,15.909907,15.710269,15.007566,14.984435,4.0,4.0,0.0,0.0,0.0,0.0,0.0,0.0
7704,2023.0,2.0,23.0,12.0,15.554102,15.2342005,20.045452,22.198624,16.296518,16.474121,15.272912,15.097056,15.928591,15.6961975,15.556489,15.303688,17.494312,17.65034,16.918652,17.643005,15.007939,15.0039,4.0,4.0,0.0,0.0,0.0,4.0,4.0,0.0
7705,2023.0,2.0,23.0,12.0,21.11685,25.022291,20.086866,22.083113,20.619862,24.029945,20.73425,24.64173,16.606396,17.098572,15.460635,15.215195,20.620647,22.94818,21.111477,24.600035,15.008292,15.019133,4.0,0.0,0.0,4.0,0.0,0.0,0.0,0.0
7706,2023.0,2.0,23.0,12.0,21.01717,24.216652,20.079775,21.938387,21.094284,24.317232,21.010927,24.484228,20.360144,23.504417,15.380412,15.141711,21.752443,24.547478,21.576818,24.798,15.007591,15.027411,4.0,0.0,4.0,0.0,0.0,4.0,0.0,0.0
7707,2023.0,2.0,23.0,12.0,21.096348,23.973433,20.078726,21.845638,21.11356,23.94607,21.109896,24.260855,17.447403,17.341211,15.315234,15.083932,21.52477,23.764706,22.372602,25.793554,15.007531,15.031137,4.0,0.0,0.0,0.0,0.0,0.0,0.0,0.0
7708,2023.0,2.0,23.0,12.0,21.08225,23.681656,20.076937,21.776888,21.061764,23.59438,21.092089,23.871843,16.018934,15.51631,15.261026,15.036534,20.990425,22.571983,22.841177,26.130983,15.007237,15.031301,4.0,4.0,4.0,0.0,0.0,4.0,0.0,0.0
7709,2023.0,2.0,23.0,12.0,21.081451,23.497389,20.093363,21.775232,21.11277,23.511337,21.09281,23.646566,16.795439,17.279182,15.215398,14.9978075,21.09062,22.672651,21.320036,23.343573,15.79393,16.507524,0.0,0.0,4.0,4.0,0.0,0.0,4.0,4.0
7710,2023.0,2.0,23.0,13.0,21.103764,23.428125,18.071758,17.867765,21.078392,23.276375,21.11304,23.543163,20.322195,23.180347,15.176183,14.965628,21.239552,22.873585,22.550636,25.41574,20.31316,24.070604,0.0,4.0,0.0,4.0,0.0,0.0,0.0,4.0
7711,2023.0,2.0,23.0,13.0,21.070402,23.236517,17.625923,17.798986,21.081383,23.175892,21.104937,23.399878,20.048025,22.287872,15.555296,15.717154,21.07468,22.46334,22.727728,25.311289,20.013527,22.938095,4.0,4.0,0.0,0.0,4.0,0.0,0.0,4.0
7712,2023.0,2.0,23.0,13.0,21.15961,23.355482,20.235535,22.544918,21.079422,23.09149,21.104342,23.298609,17.634516,17.392607,20.3339,23.576553,21.128376,22.54861,20.86529,21.968119,20.826017,23.89715,4.0,4.0,0.0,0.0,4.0,0.0,0.0,0.0
7713,2023.0,2.0,23.0,13.0,21.064934,23.079796,20.062778,21.979666,21.102053,23.091866,21.080397,23.212461,17.17773,17.313704,19.998625,22.6437,21.024569,22.298506,21.101065,22.55103,17.837727,17.739864,0.0,0.0,0.0,4.0,4.0,4.0,0.0,0.0
7714,2023.0,2.0,23.0,13.0,21.07266,23.04891,17.907122,17.705454,21.07156,22.955242,21.058231,23.112263,21.901018,25.189728,20.114891,22.482315,21.079603,22.379642,21.062742,22.537151,16.21636,15.739615,0.0,4.0,4.0,4.0,0.0,0.0,0.0,0.0
7715,2023.0,2.0,23.0,13.0,21.095793,23.072575,16.985615,16.747944,21.100142,22.988697,21.085693,23.159441,19.87052,21.428413,17.64859,17.45768,21.071188,22.318096,21.067144,22.57938,15.807916,15.330681,0.0,0.0,0.0,0.0,0.0,0.0,0.0,0.0
7716,2023.0,2.0,23.0,14.0,21.063906,22.948502,16.762804,16.549444,21.093494,22.935184,21.07697,23.052896,17.847507,17.513695,16.5864,16.310246,21.071012,22.280712,21.066206,22.594461,15.803675,15.58084,0.0,0.0,4.0,0.0,0.0,0.0,0.0,0.0
7717,2023.0,2.0,23.0,14.0,19.43399,19.797426,16.542072,16.332088,18.90573,18.710827,18.757309,18.590443,16.810232,16.268635,16.375605,16.119707,20.322933,20.818165,19.374592,19.34992,15.728298,15.537613,0.0,0.0,0.0,0.0,0.0,4.0,0.0,0.0
7718,2023.0,2.0,23.0,14.0,18.850384,19.064186,16.384455,16.17173,18.224594,17.953657,18.329367,18.291212,16.771633,16.480791,16.214323,15.959762,19.035877,18.503483,18.659004,18.400345,15.620529,15.435856,0.0,0.0,4.0,0.0,0.0,0.0,0.0,0.0
7719,2023.0,2.0,23.0,14.0,18.607958,18.842756,16.240595,16.031662,17.935408,17.70047,17.510557,16.987236,16.67449,16.434288,16.067406,15.818546,19.271374,19.290745,18.325628,18.063416,15.51509,15.336192,0.0,0.0,0.0,0.0,0.0,4.0,0.0,0.0
7720,2023.0,2.0,23.0,14.0,18.416868,18.667473,16.11189,15.90526,17.663107,17.429138,17.74005,17.754564,16.526243,16.294197,15.937302,15.692201,19.27788,19.339678,18.065943,17.808506,15.419311,15.244129,0.0,0.0,4.0,0.0,0.0,4.0,0.0,0.0
7721,2023.0,2.0,23.0,14.0,18.265602,18.535227,15.998958,15.799596,18.141699,18.529442,17.695148,17.776247,16.392355,16.169748,15.823475,15.586422,18.46522,17.908737,18.909996,19.604204,16.31867,17.023321,0.0,4.0,4.0,0.0,0.0,0.0,4.0,4.0
7722,2023.0,2.0,23.0,15.0,17.46233,17.161674,15.894743,15.700928,18.225866,18.71098,17.568783,17.665062,17.014614,17.455196,15.7190075,15.487883,18.09452,17.472246,17.825583,17.433617,20.077023,23.399227,0.0,4.0,4.0,4.0,0.0,0.0,0.0,0.0
7723,2023.0,2.0,23.0,15.0,17.684744,17.916204,16.246077,16.456964,17.77987,17.905607,16.790855,16.344664,20.324497,23.097923,15.995721,16.108372,17.869877,17.256247,17.178986,16.674643,17.107325,17.093254,4.0,4.0,0.0,4.0,4.0,0.0,0.0,0.0
7724,2023.0,2.0,23.0,15.0,17.783125,18.091743,20.174467,23.356014,16.886015,16.417818,16.9978,17.046242,20.95193,23.615875,20.35117,23.351177,17.981903,17.673002,16.927683,16.419943,15.675407,15.281277,0.0,0.0,4.0,0.0,0.0,0.0,0.0,0.0
7725,2023.0,2.0,23.0,15.0,17.03243,16.759813,17.913513,18.419151,17.095987,17.116337,16.45857,16.023565,18.422424,18.355312,17.904676,18.301107,17.977217,17.717665,16.988367,16.734125,15.554726,15.346457,0.0,4.0,0.0,0.0,0.0,0.0,0.0,0.0
7726,2023.0,2.0,23.0,15.0,16.679245,16.302977,16.733051,16.580046,16.51475,16.040068,16.110664,15.5683365,17.178734,16.588757,16.72807,16.486258,18.710407,19.188784,16.95804,16.743418,15.488146,15.308209,0.0,0.0,0.0,0.0,0.0,4.0,0.0,0.0
7727,2023.0,2.0,23.0,15.0,16.509768,16.138933,16.438889,16.244911,16.195929,15.635837,15.940587,15.404051,17.08078,16.770504,16.44303,16.179937,17.818481,17.35257,16.869442,16.662909,15.387499,15.214051,0.0,0.0,0.0,0.0,0.0,0.0,0.0,0.0
7728,2023.0,2.0,23.0,16.0,16.669502,16.605736,16.241528,16.040941,16.751747,16.817137,16.091963,15.856093,16.925642,16.66635,16.23816,15.974937,17.443213,16.854868,16.779322,16.576101,15.292195,15.120953,0.0,4.0,0.0,0.0,0.0,0.0,0.0,0.0
7729,2023.0,2.0,23.0,16.0,17.425692,18.08357,16.09316,15.89521,16.866049,17.000462,16.812017,17.26717,16.743336,16.498175,16.07941,15.825113,18.092304,18.206324,17.788702,18.562164,15.206544,15.040291,0.0,4.0,4.0,0.0,0.0,4.0,4.0,0.0
7730,2023.0,2.0,23.0,16.0,16.673433,16.533012,15.965656,15.770047,16.193132,15.761457,16.393194,16.392931,16.578417,16.342903,15.940103,15.693921,17.51274,17.019562,16.796795,16.452627,15.127495,14.965203,0.0,0.0,0.0,0.0,0.0,0.0,0.0,0.0
7731,2023.0,2.0,23.0,16.0,17.012794,17.332289,16.335993,16.562485,16.590029,16.670902,15.778406,15.312113,16.427973,16.19785,16.216503,16.32884,17.219748,16.641464,16.37736,15.897761,15.053088,14.892999,4.0,4.0,0.0,0.0,4.0,0.0,0.0,0.0
7732,2023.0,2.0,23.0,16.0,16.400438,16.150587,20.201914,23.377062,16.04138,15.616566,15.552859,15.039734,16.296652,16.075699,20.172169,23.165773,17.895872,18.026173,16.2329,15.758801,15.338812,15.153741,4.0,0.0,0.0,0.0,0.0,4.0,0.0,0.0
7733,2023.0,2.0,23.0,16.0,16.040184,15.70365,20.053328,22.588951,15.672187,15.145523,16.435553,16.855854,16.1586,15.946366,17.910955,18.269974,17.405031,16.925665,16.342955,16.116795,15.095537,14.953435,0.0,0.0,4.0,0.0,0.0,0.0,0.0,0.0
7734,2023.0,2.0,23.0,17.0,16.647331,16.95319,17.88776,18.098114,16.226412,16.297283,16.507387,16.72816,16.786442,17.244263,16.441647,16.253569,17.043575,16.490328,16.359291,16.171965,14.998383,14.87472,4.0,4.0,4.0,4.0,0.0,0.0,0.0,0.0
7735,2023.0,2.0,23.0,17.0,16.198832,15.977136,20.225702,22.804752,15.793672,15.3703985,15.7452545,15.372939,20.353914,23.324278,16.092436,15.857183,16.906336,16.34513,16.294765,16.109879,15.008639,14.94554,0.0,0.0,0.0,4.0,0.0,0.0,0.0,0.0
7736,2023.0,2.0,23.0,17.0,16.581526,16.89602,18.08445,18.286488,15.442773,14.917079,15.343408,14.845719,20.028027,22.282515,15.9014225,15.670879,17.094358,16.825592,16.222143,16.03705,15.0079,14.983509,4.0,0.0,0.0,4.0,0.0,0.0,0.0,0.0
7737,2023.0,2.0,23.0,17.0,16.78888,17.151169,20.232159,22.708685,16.345034,16.751019,15.183132,14.668408,20.10188,22.183483,15.744056,15.515792,17.149748,16.917614,16.151243,15.965609,15.008735,15.016439,0.0,4.0,0.0,0.0,0.0,0.0,0.0,0.0
7738,2023.0,2.0,23.0,17.0,16.809278,17.172585,17.8468,17.77588,15.834068,15.523533,15.358875,15.131,18.329552,18.549067,15.998604,16.118345,17.108374,16.878878,16.08328,15.897077,15.009327,15.043202,0.0,0.0,0.0,4.0,4.0,0.0,0.0,0.0
7739,2023.0,2.0,23.0,17.0,16.134071,15.903995,16.732553,16.532013,16.022345,16.113665,15.426474,15.2599745,21.165304,23.808817,20.406446,23.4763,17.05803,16.8281,16.017094,15.830344,16.157103,15.983804,0.0,4.0,0.0,4.0,0.0,0.0,0.0,0.0
7740,2023.0,2.0,23.0,18.0,15.748293,15.395999,16.496944,16.298584,16.203358,16.353296,16.124166,16.603968,19.893227,21.34755,17.855799,18.23391,17.007704,16.777308,15.95385,15.766634,14.991097,14.984238,0.0,4.0,4.0,0.0,0.0,0.0,0.0,0.0
7741,2023.0,2.0,23.0,18.0,21.12771,24.877623,16.738104,16.924252,21.02194,24.73836,20.687883,24.283514,17.876368,17.481993,16.3372,16.155855,20.991873,23.559784,21.398037,25.032122,15.02195,15.08256,4.0,4.0,0.0,0.0,0.0,0.0,0.0,0.0
7742,2023.0,2.0,23.0,18.0,21.178492,24.30844,20.245222,23.163202,21.053509,24.197577,20.944475,24.21285,16.770336,16.123365,15.966464,15.72658,21.408457,24.054058,21.170052,24.281221,15.009145,15.077531,0.0,4.0,0.0,0.0,0.0,0.0,0.0,0.0
7743,2023.0,2.0,23.0,18.0,21.04872,23.724522,18.30978,18.939476,21.103867,23.888136,21.157299,24.16743,16.704618,16.402035,15.754836,15.512329,21.060122,23.116959,22.488375,26.134003,15.011234,15.093364,4.0,4.0,0.0,0.0,0.0,4.0,0.0,0.0
7744,2023.0,2.0,23.0,18.0,21.148735,23.681442,20.297558,22.890017,21.142073,23.69,21.132307,23.85424,16.603043,16.343628,16.011257,16.139063,21.125992,23.063087,20.996151,23.15839,15.011201,15.101169,4.0,4.0,4.0,0.0,4.0,4.0,0.0,0.0
7745,2023.0,2.0,23.0,18.0,22.145699,25.108631,20.103764,22.233253,21.655819,24.306011,21.953678,24.969944,16.41129,16.157356,20.418093,23.492527,21.527235,23.557394,21.930813,24.742756,15.800397,16.293888,0.0,0.0,0.0,0.0,0.0,0.0,0.0,0.0
7746,2023.0,2.0,23.0,19.0,20.908865,22.76402,17.674412,17.38323,20.989594,22.974377,20.923393,22.964357,16.241695,15.993562,17.803146,18.114027,21.015171,22.477701,22.078438,24.55668,14.976431,14.941334,0.0,0.0,0.0,0.0,0.0,0.0,0.0,0.0
7747,2023.0,2.0,23.0,19.0,21.103804,23.105589,16.240692,15.474715,21.097,23.08633,21.134987,23.299477,16.092731,15.8506155,16.273846,16.044733,21.091274,22.545542,22.253235,24.851858,15.0184555,15.055298,0.0,4.0,0.0,0.0,0.0,0.0,0.0,0.0
7748,2023.0,2.0,23.0,19.0,21.075386,23.008707,16.206951,15.813041,21.083357,22.995382,21.055475,23.102251,15.953204,15.705408,15.919437,15.652276,21.081665,22.45967,20.900167,22.334799,15.010795,15.066967,0.0,4.0,4.0,0.0,0.0,0.0,0.0,0.0
7749,2023.0,2.0,23.0,19.0,21.077415,22.974722,16.666147,16.796644,21.107761,23.010496,21.066038,23.10322,15.824735,15.573337,15.697353,15.41989,21.058475,22.40651,21.103247,22.779774,15.012982,15.09115,4.0,0.0,4.0,0.0,0.0,0.0,0.0,0.0
7750,2023.0,2.0,23.0,19.0,21.160456,23.126795,20.197226,23.056795,21.154673,23.035965,21.160652,23.219753,15.713339,15.462713,15.902887,15.957854,21.127958,22.534208,21.185865,22.963057,15.012582,15.106014,0.0,4.0,4.0,0.0,4.0,0.0,0.0,0.0
7751,2023.0,2.0,23.0,19.0,21.310333,23.20059,18.240147,18.787096,21.311752,23.147034,21.28494,23.275808,15.609734,15.357758,20.41066,23.4959,21.317415,22.6884,21.5669,23.53172,15.7965555,16.288347,4.0,0.0,0.0,0.0,0.0,0.0,0.0,0.0
7752,2023.0,2.0,23.0,20.0,21.945461,24.11573,20.206085,22.655006,21.932493,24.028694,21.738583,23.872509,16.275694,16.691769,17.743479,18.016668,21.596897,23.169456,21.424194,23.101643,14.993683,15.000052,0.0,0.0,4.0,4.0,0.0,0.0,0.0,0.0
7753,2023.0,2.0,23.0,20.0,21.052101,22.739656,17.646149,17.375996,21.053768,22.676449,20.931858,22.455557,20.447094,23.638575,16.18803,15.933113,20.962181,21.991842,21.079685,22.608747,15.015882,15.076638,0.0,4.0,0.0,0.0,0.0,0.0,0.0,0.0
7754,2023.0,2.0,23.0,20.0,21.101894,22.85003,16.968395,17.024883,21.082787,22.72259,21.126253,22.867489,17.707525,17.845108,15.835713,15.545943,21.069294,22.248842,21.067469,22.618837,15.013296,15.098402,4.0,4.0,0.0,4.0,0.0,0.0,0.0,0.0
7755,2023.0,2.0,23.0,20.0,21.288628,23.212332,20.25704,22.931892,21.103834,22.773512,21.10047,22.820364,20.456966,23.117422,15.608055,15.306849,21.294239,22.726746,21.0719,22.648687,15.014245,15.121002,0.0,0.0,0.0,0.0,0.0,0.0,0.0,0.0
7756,2023.0,2.0,23.0,20.0,21.095453,22.798985,18.070581,18.330366,21.098917,22.745193,21.051334,22.753956,17.470285,17.08401,15.427831,15.129235,21.06357,22.269741,21.071686,22.657654,15.014621,15.137817,0.0,0.0,4.0,0.0,0.0,0.0,0.0,0.0
7757,2023.0,2.0,23.0,20.0,21.067335,22.779062,17.12885,17.272377,21.098846,22.72518,21.084427,22.872616,15.97713,15.24588,15.64948,15.677876,21.057701,22.26229,21.071642,22.660955,15.625596,16.291895,4.0,0.0,0.0,0.0,4.0,0.0,0.0,4.0
7758,2023.0,2.0,23.0,21.0,21.15255,22.969812,20.290787,22.996925,21.165314,22.876413,21.147718,22.937458,16.011866,15.694499,20.270977,23.333586,21.121286,22.389387,21.173113,22.86324,19.531967,22.637688,4.0,4.0,4.0,0.0,4.0,0.0,0.0,0.0
7759,2023.0,2.0,23.0,21.0,21.95834,24.295477,20.956383,23.664928,22.081175,24.368155,22.239277,24.749863,15.96421,15.672566,20.051916,22.631039,21.770807,23.429121,22.086813,24.404663,16.327385,16.029995,4.0,0.0,0.0,0.0,0.0,0.0,4.0,0.0
7760,2023.0,2.0,23.0,21.0,21.662333,23.644365,19.963804,21.644012,21.12578,22.713772,21.026655,22.499796,15.800021,15.507765,17.12458,16.656757,21.891424,23.571238,21.126766,22.61421,14.99395,14.618713,0.0,0.0,4.0,0.0,0.0,0.0,0.0,0.0
7761,2023.0,2.0,23.0,21.0,20.939074,22.263672,17.964706,17.718672,21.10385,22.656652,21.12989,22.745352,15.655158,15.361821,16.422209,16.382599,21.028677,22.085732,21.189093,22.73403,15.017127,14.830024,4.0,0.0,0.0,0.0,4.0,0.0,0.0,0.0
7762,2023.0,2.0,23.0,21.0,22.259039,24.56612,20.21784,22.311964,22.036245,24.179031,22.001303,24.134163,15.522323,15.224764,20.39762,23.090414,21.771286,23.331928,22.349445,24.567766,15.853089,15.266869,0.0,0.0,0.0,0.0,0.0,0.0,0.0,0.0
7763,2023.0,2.0,23.0,21.0,20.909935,22.12312,17.745909,17.288637,20.914326,22.185287,20.927357,22.255375,15.4051,15.106038,17.903147,18.055828,20.948965,21.836546,20.922844,22.030033,15.769695,16.3757,0.0,0.0,4.0,0.0,0.0,0.0,4.0,4.0
7764,2023.0,2.0,23.0,22.0,21.12459,22.628693,16.709492,16.271378,21.075386,22.55665,21.134047,22.706167,15.296041,14.9937105,16.417194,16.096401,21.072248,22.131624,21.209152,22.663166,19.83947,23.107124,0.0,4.0,0.0,0.0,0.0,0.0,0.0,0.0
7765,2023.0,2.0,23.0,22.0,21.089413,22.590254,16.512691,16.12108,21.073957,22.621117,21.097292,22.639782,15.201101,14.901889,16.019836,15.673061,21.055143,22.126877,21.086052,22.436583,16.38625,16.040447,0.0,0.0,0.0,0.0,0.0,0.0,0.0,0.0
7766,2023.0,2.0,23.0,22.0,21.09293,22.613325,16.781195,16.831736,21.075527,22.57033,21.071465,22.64691,15.114349,14.816425,15.751451,15.398177,21.057005,22.149042,21.09084,22.455788,15.595694,15.611584,4.0,4.0,0.0,0.0,0.0,0.0,0.0,4.0
7767,2023.0,2.0,23.0,22.0,21.859198,23.963266,20.20544,22.927568,21.1572,22.732864,21.15772,22.855242,15.039533,14.747124,15.841678,15.758146,21.546541,23.079111,21.179256,22.685003,19.956541,22.954737,0.0,0.0,0.0,0.0,4.0,0.0,0.0,0.0
7768,2023.0,2.0,23.0,22.0,21.0501,22.56911,17.963762,18.16255,21.09432,22.58501,21.046095,22.632301,15.387004,15.105184,20.405312,23.43891,21.056713,22.17097,21.065258,22.486422,16.739338,16.380697,0.0,0.0,4.0,0.0,0.0,0.0,0.0,0.0
7769,2023.0,2.0,23.0,22.0,21.069984,22.655842,16.560976,16.267937,21.096516,22.573025,21.079672,22.73905,15.098185,14.817049,17.988878,18.437778,21.056416,22.173334,21.069332,22.518562,16.321276,16.785845,0.0,0.0,0.0,0.0,4.0,0.0,0.0,4.0
7770,2023.0,2.0,23.0,23.0,21.166792,22.880045,16.210506,15.854816,21.166624,22.756866,21.163933,22.855227,15.569302,15.799217,20.321012,23.061096,21.13236,22.324554,21.192272,22.778065,20.523605,23.77247,0.0,0.0,0.0,4.0,0.0,0.0,0.0,0.0
7771,2023.0,2.0,23.0,23.0,19.412237,19.524502,16.000547,15.632671,19.398249,19.383348,18.77086,18.22579,15.266896,15.052268,17.902584,18.058971,19.613348,19.394766,19.30561,19.147234,17.64046,17.838947,0.0,0.0,0.0,0.0,0.0,0.0,0.0,4.0
7772,2023.0,2.0,23.0,23.0,19.330318,19.76345,15.854498,15.473017,18.523096,18.127855,18.198109,17.72689,15.036177,14.747987,16.754726,16.388498,19.04082,18.65337,18.585367,18.239565,16.07827,15.428649,0.0,0.0,0.0,0.0,0.0,0.0,0.0,0.0
7773,2023.0,2.0,23.0,23.0,18.576078,18.491344,15.722742,15.336766,18.820362,18.99708,18.635128,18.830784,15.500891,15.701827,16.71659,16.611769,18.786036,18.403183,18.239758,17.897663,16.240139,16.155302,0.0,4.0,4.0,4.0,4.0,0.0,0.0,4.0
7774,2023.0,2.0,23.0,23.0,17.565245,16.811213,15.602485,15.211989,18.136765,17.817715,17.958502,17.659195,14.935965,14.638159,16.296276,15.964921,18.562117,18.171339,17.955528,17.61861,15.488122,14.85117,0.0,0.0,0.0,0.0,0.0,0.0,0.0,0.0
7775,2023.0,2.0,23.0,23.0,17.742973,17.568928,15.955727,15.981276,17.059978,16.081306,16.88662,15.932623,15.021551,14.812134,16.225677,16.140087,18.338408,17.947172,17.67397,17.344366,14.9825535,14.362868,4.0,0.0,0.0,4.0,4.0,0.0,0.0,0.0
7776,2023.0,2.0,24.0,0.0,17.028131,16.28536,15.629138,15.3233385,16.516872,15.457711,16.344837,15.311668,15.028588,14.866232,15.842093,15.508545,18.886114,19.157658,17.41783,17.081411,15.03118,14.640091,0.0,0.0,0.0,0.0,0.0,4.0,0.0,0.0
7777,2023.0,2.0,24.0,0.0,16.558525,15.761014,15.349546,14.967193,16.741173,16.205349,17.289782,17.409454,14.997556,14.807223,15.515222,15.155357,18.363373,18.05228,17.198494,16.866604,15.008527,14.758769,0.0,0.0,4.0,4.0,0.0,0.0,0.0,0.0
7778,2023.0,2.0,24.0,0.0,16.303394,15.507308,15.219334,14.826551,16.786388,16.360256,16.987623,16.685623,15.034682,14.91434,15.589748,15.474605,17.499388,16.646292,16.999943,16.665947,15.015094,14.8797035,0.0,0.0,0.0,0.0,4.0,0.0,0.0,0.0
7779,2023.0,2.0,24.0,0.0,17.371746,17.759521,15.122243,14.733077,16.65856,16.249538,16.09938,15.208479,15.026605,14.910477,15.312986,14.989592,17.101665,16.203524,16.8302,16.501204,15.481246,15.833761,0.0,0.0,0.0,0.0,0.0,0.0,0.0,4.0
7780,2023.0,2.0,24.0,0.0,16.61921,16.06706,15.032908,14.645973,16.522776,16.120289,15.654844,14.676884,15.344909,15.542006,15.048962,14.692216,17.350672,16.91617,16.674097,16.345612,14.967588,14.877164,0.0,0.0,0.0,4.0,0.0,0.0,0.0,0.0
7781,2023.0,2.0,24.0,0.0,15.981443,15.222048,15.0037985,14.665487,16.392994,15.992672,15.959494,15.5038395,15.512478,15.755362,15.012832,14.755507,17.40054,17.007288,16.529871,16.19905,15.049498,15.066595,0.0,0.0,0.0,4.0,0.0,0.0,0.0,0.0
7782,2023.0,2.0,24.0,1.0,15.761566,14.99766,15.006771,14.725294,16.276316,15.881281,16.024513,15.642121,15.103919,14.905994,15.01414,14.830707,17.314425,16.923882,16.402115,16.072708,15.025363,15.015736,0.0,0.0,0.0,4.0,0.0,0.0,0.0,4.0
7783,2023.0,2.0,24.0,1.0,16.124136,15.88405,15.007459,14.770702,16.165707,15.7731695,15.938232,15.564705,15.037647,14.9521,15.014553,14.885431,17.224173,16.832277,16.282768,15.952387,15.036574,15.092727,0.0,0.0,0.0,0.0,0.0,0.0,0.0,0.0
7784,2023.0,2.0,24.0,1.0,16.209898,16.02766,15.012722,14.821419,16.053867,15.655706,15.833857,15.456062,15.055612,15.004714,15.029154,14.946747,17.13444,16.737766,16.16713,15.831498,15.059926,15.154682,0.0,0.0,0.0,0.0,4.0,0.0,0.0,0.0
7785,2023.0,2.0,24.0,1.0,16.141212,15.956217,15.008404,14.840805,15.961063,15.570424,15.744114,15.373283,15.024392,14.953654,15.01422,14.959091,17.055185,16.65963,16.066238,15.733166,15.381454,15.778289,0.0,0.0,0.0,0.0,0.0,0.0,0.0,4.0
7786,2023.0,2.0,24.0,1.0,16.061052,15.872143,15.010015,14.87226,15.8678255,15.478436,15.653233,15.28315,15.013898,14.979291,15.01693,14.991978,16.976738,16.5793,15.968008,15.633741,14.959134,14.966061,0.0,0.0,0.0,0.0,0.0,0.0,0.0,0.0
7787,2023.0,2.0,24.0,1.0,15.986602,15.799399,15.01095,14.898995,15.776865,15.386468,15.564251,15.192973,15.281744,15.509088,15.017908,15.015357,16.901262,16.501505,15.8735075,15.536977,15.007936,15.061284,0.0,0.0,0.0,4.0,0.0,0.0,0.0,4.0
7788,2023.0,2.0,24.0,2.0,15.913342,15.726707,15.011171,14.921891,15.691564,15.30183,15.480289,15.109127,14.948471,14.892615,15.018313,15.034036,16.828884,16.42695,15.784406,15.446725,15.044539,15.169569,0.0,0.0,0.0,0.0,0.0,0.0,0.0,0.0
7789,2023.0,2.0,24.0,2.0,15.841975,15.653264,15.022393,14.966996,15.609508,15.220152,15.399707,15.02875,15.029759,15.093891,15.008493,15.021856,16.761116,16.359295,15.700007,15.362183,15.066151,15.224748,0.0,0.0,0.0,0.0,4.0,0.0,0.0,0.0
7790,2023.0,2.0,24.0,2.0,15.771085,15.580863,15.023174,14.984095,15.533921,15.147698,15.325269,14.956975,15.030497,15.095157,15.03565,15.110595,16.6972,16.296106,15.620719,15.283918,15.034515,15.191916,0.0,0.0,0.0,0.0,0.0,0.0,0.0,0.0
7791,2023.0,2.0,24.0,2.0,15.706923,15.520478,15.01121,14.979012,15.463725,15.082904,15.256038,14.892574,15.015102,15.086338,15.014378,15.074012,16.63652,16.237045,15.545957,15.211362,15.284627,15.68283,0.0,0.0,0.0,0.0,0.0,0.0,0.0,4.0
7792,2023.0,2.0,24.0,2.0,15.647376,15.466621,15.01379,15.001904,15.393459,15.01518,15.18687,14.825242,15.020048,15.111116,15.004556,15.058981,16.57656,16.17739,15.472751,15.13886,14.9894085,15.110911,0.0,0.0,0.0,0.0,4.0,0.0,0.0,0.0
7793,2023.0,2.0,24.0,2.0,15.598096,15.429203,15.027287,15.047089,15.322836,14.944542,15.117702,14.755722,15.035844,15.158958,15.038991,15.157364,16.518322,16.119272,15.40112,15.067154,15.013422,15.147329,0.0,0.0,0.0,0.0,0.0,0.0,0.0,4.0
7794,2023.0,2.0,24.0,3.0,15.5401125,15.372444,15.027645,15.059218,15.25632,14.880265,15.052543,14.692237,15.035478,15.163026,15.040287,15.15673,16.462381,16.06398,15.33264,14.999571,15.014351,15.163756,0.0,0.0,0.0,0.0,0.0,0.0,0.0,4.0
7795,2023.0,2.0,24.0,3.0,15.480376,15.312282,15.028661,15.076184,15.194175,14.822859,15.000583,14.652787,15.036545,15.176453,15.040627,15.166999,16.4099,16.014135,15.267985,14.937555,15.072435,15.318286,0.0,0.0,0.0,0.0,0.0,0.0,0.0,0.0
7796,2023.0,2.0,24.0,3.0,15.419714,15.249795,15.029318,15.091817,15.134209,14.767441,15.004501,14.716724,15.037687,15.188287,15.041433,15.1770315,16.359444,15.966278,15.205783,14.877951,15.0737505,15.30591,0.0,0.0,0.0,0.0,0.0,0.0,0.0,0.0
7797,2023.0,2.0,24.0,3.0,15.359234,15.187255,15.030734,15.108826,15.075801,14.713425,15.006711,14.758751,15.038397,15.199124,15.041842,15.186434,16.310457,15.919874,15.145445,14.820185,15.073588,15.308242,0.0,0.0,0.0,0.0,0.0,0.0,0.0,0.0
7798,2023.0,2.0,24.0,3.0,15.303398,15.133399,15.031197,15.123494,15.018744,14.660618,15.009075,14.79777,15.038271,15.208255,15.043012,15.198013,16.262743,15.874727,15.086726,14.764017,15.040779,15.281016,0.0,0.0,0.0,0.0,0.0,0.0,0.0,0.0
7799,2023.0,2.0,24.0,3.0,15.250782,15.084155,15.032312,15.139463,15.001997,14.684803,15.010649,14.831491,15.040925,15.224214,15.043504,15.207841,16.21615,15.83068,15.02943,14.709231,15.043053,15.320867,0.0,0.0,0.0,0.0,0.0,0.0,0.0,0.0
7800,2023.0,2.0,24.0,4.0,15.218393,15.073871,15.014005,15.118593,15.005559,14.730847,15.006945,14.850778,15.017776,15.191893,15.019307,15.173637,16.170736,15.787952,15.000803,14.70871,15.219265,15.644375,0.0,0.0,0.0,0.0,0.0,0.0,0.0,4.0
7801,2023.0,2.0,24.0,4.0,15.174531,15.034197,15.01757,15.139573,15.006119,14.7675705,15.008834,14.8809595,15.022452,15.212869,15.024137,15.194321,16.125431,15.744858,15.007868,14.758024,15.006945,15.247403,0.0,0.0,0.0,0.0,0.0,0.0,0.0,0.0
7802,2023.0,2.0,24.0,4.0,15.1268835,14.989098,15.032893,15.184512,15.008788,14.808398,15.015377,14.921514,15.10267,15.348461,15.045231,15.247298,16.082964,15.706033,15.006363,14.790399,15.01894,15.241478,0.0,0.0,0.0,4.0,0.0,0.0,0.0,4.0
7803,2023.0,2.0,24.0,4.0,15.080544,14.946122,15.033091,15.191289,15.011132,14.840657,15.016926,14.945397,15.042063,15.254265,15.045465,15.248861,16.041363,15.667399,15.008685,14.82014,15.077257,15.404474,0.0,0.0,0.0,0.0,0.0,0.0,0.0,0.0
7804,2023.0,2.0,24.0,4.0,15.028027,14.890248,15.034191,15.204873,15.012548,14.869703,15.018337,14.969841,15.043411,15.280147,15.045514,15.256652,16.000574,15.629578,15.009843,14.844951,15.017318,15.231703,0.0,0.0,0.0,0.0,0.0,0.0,0.0,4.0
7805,2023.0,2.0,24.0,4.0,15.001025,14.885325,15.034935,15.216959,15.013848,14.8969345,15.019157,14.991978,15.042963,15.285585,15.046063,15.264661,15.960735,15.592695,15.012287,14.870464,15.018635,15.267594,0.0,0.0,0.0,0.0,0.0,0.0,0.0,4.0
7806,2023.0,2.0,24.0,5.0,15.00398,14.930601,15.035277,15.228369,15.015054,14.922651,15.020217,15.01394,15.043269,15.294094,15.046208,15.271694,15.921865,15.556779,15.0133505,14.891173,15.078652,15.431043,0.0,0.0,0.0,0.0,0.0,0.0,0.0,0.0
7807,2023.0,2.0,24.0,5.0,15.005764,14.963171,15.036155,15.240722,15.01685,14.948285,15.021712,15.036025,15.076679,15.333734,15.046755,15.279412,15.883054,15.520175,15.015043,14.9122305,15.076854,15.406697,0.0,0.0,0.0,4.0,0.0,0.0,0.0,0.0
7808,2023.0,2.0,24.0,5.0,15.008726,14.995474,15.036866,15.252359,15.018215,14.971894,15.023272,15.057609,15.079331,15.340314,15.04713,15.286636,15.844596,15.4839115,15.015603,14.929921,15.077562,15.408868,0.0,0.0,0.0,0.0,0.0,0.0,0.0,0.0
7809,2023.0,2.0,24.0,5.0,15.009336,15.021241,15.037187,15.263137,15.019444,14.994471,15.024026,15.076957,15.076898,15.315973,15.047449,15.293901,15.80651,15.447996,15.016395,14.947864,15.20809,15.655314,0.0,0.0,0.0,0.0,0.0,0.0,0.0,4.0
7810,2023.0,2.0,24.0,5.0,15.005921,15.036646,15.0169525,15.2368765,15.009739,14.994986,15.011166,15.069912,15.014777,15.230467,15.020873,15.253447,15.768512,15.41203,15.00953,14.950148,14.975713,15.205459,0.0,0.0,0.0,0.0,0.0,0.0,0.0,4.0
7811,2023.0,2.0,24.0,5.0,15.010798,15.07081,15.039282,15.294166,15.021836,15.040556,15.026106,15.119091,15.045416,15.317024,15.049408,15.320451,15.730441,15.376222,15.019175,14.987191,15.0816,15.479673,0.0,0.0,0.0,0.0,0.0,0.0,0.0,0.0
7812,2023.0,2.0,24.0,6.0,15.011951,15.092557,15.039381,15.29754,15.023237,15.058471,15.026295,15.130737,15.044679,15.322278,15.049143,15.318515,15.693207,15.341064,15.019561,14.999683,15.078842,15.440018,0.0,0.0,0.0,0.0,0.0,0.0,0.0,0.0
7813,2023.0,2.0,24.0,6.0,20.182817,24.12666,15.018521,15.270007,20.161196,24.018782,19.884474,23.471148,15.021709,15.294547,15.022755,15.278684,19.870693,22.446255,20.470688,24.193508,15.001176,15.272225,0.0,0.0,0.0,0.0,0.0,0.0,0.0,4.0
7814,2023.0,2.0,24.0,6.0,20.646362,24.343407,15.021539,15.28723,20.692293,24.350355,20.687086,24.364887,15.024379,15.311361,15.025939,15.292259,20.456396,23.25172,20.997025,24.73749,19.125626,22.452133,0.0,0.0,0.0,0.0,0.0,0.0,0.0,0.0
7815,2023.0,2.0,24.0,6.0,21.158113,24.782974,15.021419,15.297334,21.163696,24.707937,21.151922,24.711264,15.023856,15.315429,15.009739,15.251392,20.97775,23.788267,21.738325,25.554314,15.838496,15.534974,0.0,0.0,4.0,0.0,4.0,0.0,0.0,0.0
7816,2023.0,2.0,24.0,6.0,21.098385,24.318352,15.021841,15.307618,21.101112,24.230751,21.108946,24.307463,15.0236845,15.316014,19.497334,22.970392,21.400795,24.219595,22.25925,26.061892,15.059622,15.11412,0.0,0.0,0.0,0.0,0.0,0.0,0.0,0.0
7817,2023.0,2.0,24.0,6.0,21.105349,24.094114,15.021317,15.314153,21.107061,23.998138,21.10943,24.071436,15.023622,15.315246,16.793291,17.103035,21.71389,24.49395,22.645876,26.387255,15.01822,15.146083,0.0,0.0,0.0,0.0,0.0,0.0,0.0,0.0
7818,2023.0,2.0,24.0,7.0,21.097878,23.910412,15.021692,15.321898,21.099442,23.807882,21.10299,23.888233,15.023515,15.314338,14.951607,14.684827,21.943974,24.66425,22.918041,26.56731,15.026497,15.233254,0.0,0.0,0.0,0.0,0.0,0.0,0.0,0.0
7819,2023.0,2.0,24.0,7.0,21.097933,23.783886,15.0219555,15.330613,21.099365,23.675303,21.102827,23.759972,15.022788,15.315601,15.040622,15.00579,21.428946,23.663692,23.124788,26.676334,15.469724,16.106684,0.0,0.0,0.0,0.0,0.0,0.0,0.0,4.0
7820,2023.0,2.0,24.0,7.0,21.097246,23.687597,15.022039,15.339629,21.098446,23.57329,21.102028,23.662146,15.207103,15.639561,15.020691,15.064415,21.092533,22.923536,20.872494,22.530746,19.45262,22.873552,0.0,0.0,0.0,4.0,0.0,0.0,0.0,0.0
7821,2023.0,2.0,24.0,7.0,21.095797,23.610584,15.0222025,15.348843,21.096695,23.491982,21.099972,23.58265,20.07411,23.843346,15.022988,15.139203,21.075544,22.845367,21.12312,23.108953,16.095741,15.814977,0.0,0.0,0.0,0.0,0.0,0.0,0.0,0.0
7822,2023.0,2.0,24.0,7.0,21.093325,23.544338,15.022228,15.357438,21.09505,23.42711,21.09863,23.520294,16.37448,16.165106,15.02303,15.188931,21.075966,22.807606,21.084717,23.070055,15.040738,14.9333315,0.0,0.0,0.0,0.0,0.0,0.0,0.0,0.0
7823,2023.0,2.0,24.0,7.0,21.18998,23.676027,15.006425,15.309632,21.191452,23.55781,21.159395,23.558624,15.039137,14.871358,15.042052,15.265674,21.102837,22.796898,21.110485,23.098797,15.022865,15.069288,4.0,0.0,4.0,0.0,0.0,4.0,4.0,0.0
7824,2023.0,2.0,24.0,8.0,21.053165,23.347147,19.390694,22.831892,21.0789,23.293257,21.118446,23.414194,15.015741,14.96519,15.020825,15.243771,21.097103,22.740294,22.169794,24.98607,15.590872,16.219343,0.0,0.0,0.0,0.0,0.0,0.0,4.0,4.0
7825,2023.0,2.0,24.0,8.0,18.788809,19.008226,16.868517,17.337353,18.837982,18.964956,18.24429,17.840273,15.020439,15.076253,15.022807,15.263039,19.320784,19.243704,18.96997,18.551472,19.71693,23.233326,0.0,0.0,0.0,0.0,0.0,4.0,0.0,0.0
7826,2023.0,2.0,24.0,8.0,17.743752,17.790277,15.030506,14.911003,17.470798,17.195639,17.093264,16.743334,15.020136,15.146168,15.002821,15.220063,17.89429,17.138119,18.320408,18.484032,16.330238,16.13255,0.0,0.0,0.0,0.0,4.0,0.0,4.0,0.0
7827,2023.0,2.0,24.0,8.0,17.426418,17.492874,15.783695,15.392206,17.64737,17.924608,16.754175,16.442072,15.929046,15.667663,19.808105,23.42966,17.31445,16.51162,18.240252,18.454737,15.994826,15.395524,0.0,4.0,0.0,0.0,4.0,0.0,4.0,0.0
7828,2023.0,2.0,24.0,8.0,17.20966,17.315767,15.258788,15.492181,17.682665,18.064327,16.438147,16.138035,16.007044,16.781216,20.075602,23.424799,17.80408,17.731054,17.141634,16.599297,15.30478,15.073739,4.0,4.0,0.0,0.0,0.0,4.0,0.0,0.0
7829,2023.0,2.0,24.0,8.0,16.329218,15.85136,19.795143,23.33769,17.068779,16.997377,16.171988,15.881226,14.976727,15.035866,17.19819,17.470316,17.221268,16.590563,16.438265,15.796308,15.003003,14.968886,0.0,4.0,0.0,0.0,0.0,0.0,0.0,0.0
7830,2023.0,2.0,24.0,9.0,15.82491,15.284088,17.235802,17.796293,16.731276,16.629358,15.947084,15.6674185,15.028454,15.197131,15.610061,15.363732,17.538187,17.533304,16.084408,15.453734,15.022857,15.121866,0.0,4.0,0.0,0.0,0.0,4.0,0.0,0.0
7831,2023.0,2.0,24.0,9.0,15.577431,15.054347,15.367784,15.213702,15.897464,15.227699,16.500969,16.886536,15.338284,15.807155,15.608126,15.687894,17.667591,17.700619,15.833118,15.226977,15.556215,16.20093,0.0,0.0,4.0,4.0,4.0,4.0,0.0,4.0
7832,2023.0,2.0,24.0,9.0,16.56456,17.111296,15.335634,15.056775,16.224783,16.094063,15.986837,15.895621,20.549414,24.690174,20.151108,23.4873,16.931047,16.35347,17.091969,17.8142,19.433626,22.798012,0.0,4.0,0.0,4.0,4.0,0.0,4.0,0.0
7833,2023.0,2.0,24.0,9.0,16.563185,16.865616,15.322405,15.071441,16.34963,16.332178,15.896811,15.911039,20.216063,23.498533,20.058275,22.901487,16.50856,15.863082,16.198345,15.748572,16.962725,17.416521,0.0,4.0,4.0,0.0,0.0,0.0,0.0,4.0
7834,2023.0,2.0,24.0,9.0,16.407562,16.693085,15.400055,15.609232,16.284273,16.297464,15.235968,14.706341,16.94406,16.825714,17.369488,17.403173,17.135876,17.21443,15.588355,15.062632,20.248924,23.784023,4.0,4.0,0.0,0.0,4.0,4.0,0.0,0.0
7835,2023.0,2.0,24.0,9.0,15.641294,15.315284,20.15776,24.00539,16.220829,16.25979,15.893136,15.116875,15.296103,14.758766,20.383265,23.21463,16.642965,16.124475,15.385083,14.870626,17.456764,17.872992,4.0,4.0,0.0,0.0,4.0,0.0,0.0,4.0
7836,2023.0,2.0,24.0,10.0,16.001213,16.264124,20.053452,23.21685,15.489008,14.966848,14.995656,14.560299,15.13257,14.8720665,20.06437,22.501022,16.27046,15.685241,15.241514,14.746226,20.635462,24.154623,0.0,0.0,0.0,0.0,0.0,0.0,0.0,0.0
7837,2023.0,2.0,24.0,10.0,16.203257,16.554178,17.030691,17.044254,15.788962,15.803914,15.100102,14.856972,15.017943,14.811202,17.388113,17.160488,16.944637,17.086885,15.377034,15.155491,17.845753,18.286858,0.0,4.0,0.0,0.0,0.0,4.0,0.0,4.0
7838,2023.0,2.0,24.0,10.0,16.205206,16.578419,15.672062,15.480738,15.980319,16.097254,15.062307,14.867946,15.017004,14.966024,16.229225,15.9486885,16.479078,16.013035,15.397717,15.210533,20.31866,23.400755,0.0,4.0,0.0,0.0,0.0,0.0,0.0,0.0
7839,2023.0,2.0,24.0,10.0,16.18981,16.573761,15.375587,15.184063,15.975131,16.118782,14.999435,14.829814,15.558756,16.086704,15.949096,15.700481,16.136374,15.607816,16.39038,17.13834,17.238583,17.136105,0.0,4.0,0.0,4.0,0.0,0.0,4.0,0.0
7840,2023.0,2.0,24.0,10.0,15.485947,15.287709,15.141696,14.954904,15.961692,16.127897,15.006256,14.905288,19.534332,22.787031,16.080002,16.19183,16.02689,15.505863,16.577858,17.12126,15.661381,15.18341,0.0,4.0,0.0,0.0,4.0,0.0,4.0,0.0
7841,2023.0,2.0,24.0,10.0,15.861304,16.232466,15.314952,15.096388,15.271439,14.873031,15.639535,16.141115,16.685184,16.72035,20.425524,23.541399,16.227505,15.993071,15.587437,15.246055,15.4485235,15.224284,0.0,0.0,4.0,0.0,0.0,0.0,0.0,0.0
7842,2023.0,2.0,24.0,11.0,15.377954,15.224054,15.003068,14.892715,15.602085,15.732117,15.276482,15.297325,15.0074,14.656818,17.778973,18.192905,16.294092,16.09321,15.144091,14.746116,15.288164,15.111306,0.0,4.0,0.0,0.0,0.0,0.0,0.0,0.0
7843,2023.0,2.0,24.0,11.0,15.77496,16.1909,15.013977,15.022633,15.819319,16.04632,15.009598,14.9654875,15.02462,14.878987,16.167603,16.008781,16.271172,16.076885,16.108858,16.692211,16.122314,16.884588,0.0,4.0,0.0,0.0,0.0,0.0,4.0,4.0
7844,2023.0,2.0,24.0,11.0,15.979694,16.446198,15.01229,15.102187,15.83144,16.0749,15.018129,15.016372,15.652154,16.19481,15.75458,15.543404,16.243773,16.05437,15.442901,15.134344,19.818348,23.116793,0.0,4.0,0.0,4.0,0.0,0.0,0.0,0.0
7845,2023.0,2.0,24.0,11.0,15.322632,15.214659,15.209607,15.52424,15.1461525,14.810574,15.006546,15.041149,19.894289,23.370956,15.509428,15.3041,16.21683,16.031887,15.022344,14.654576,16.823393,16.842735,4.0,0.0,0.0,0.0,0.0,0.0,0.0,0.0
7846,2023.0,2.0,24.0,11.0,15.714479,16.163914,20.12373,24.12762,15.489315,15.682381,15.98348,15.7536125,16.901598,17.011644,15.746694,15.92508,16.190449,16.009832,15.280142,14.876462,15.274458,14.882671,4.0,4.0,0.0,0.0,4.0,0.0,0.0,0.0
7847,2023.0,2.0,24.0,11.0,15.9228525,16.421713,19.980185,23.2238,15.366267,15.01676,15.381589,15.344129,15.973856,16.243784,20.12223,23.460457,16.165989,15.989515,15.35634,14.971353,15.104143,14.919813,0.0,0.0,0.0,4.0,0.0,0.0,0.0,0.0
7848,2023.0,2.0,24.0,12.0,15.267684,15.1831455,17.3521,17.761868,15.0037155,14.76746,14.997474,14.985837,20.151129,23.54664,17.67031,18.158297,16.14366,15.971123,15.242618,15.092621,14.997384,14.866079,4.0,0.0,0.0,0.0,0.0,0.0,0.0,0.0
7849,2023.0,2.0,24.0,12.0,19.953192,23.545273,20.026915,23.139866,20.659067,24.656687,20.288942,24.27246,17.100407,17.147444,16.409622,16.612537,20.25839,22.97565,20.941038,24.763725,15.015261,15.015943,0.0,4.0,0.0,0.0,4.0,0.0,0.0,0.0
7850,2023.0,2.0,24.0,12.0,20.684048,24.28437,17.307962,17.444654,21.059689,24.733099,21.085354,25.05389,16.251932,16.52471,20.265535,23.428501,21.070292,24.168968,21.795547,25.884144,15.828323,16.322182,0.0,4.0,4.0,4.0,0.0,0.0,0.0,0.0
7851,2023.0,2.0,24.0,12.0,21.132048,24.643026,16.321884,16.613615,21.12997,24.427044,21.089848,24.594412,20.319132,23.653383,17.837439,18.262196,21.224905,24.06112,22.132824,25.913212,15.267831,15.248621,4.0,0.0,4.0,0.0,0.0,4.0,0.0,0.0
7852,2023.0,2.0,24.0,12.0,21.425428,24.794605,20.313677,23.639668,21.136467,24.128328,21.14143,24.362778,17.799755,18.266708,16.308193,16.183308,22.02101,25.072027,22.072947,25.285707,15.013198,15.059652,4.0,0.0,0.0,4.0,0.0,4.0,4.0,0.0
7853,2023.0,2.0,24.0,12.0,21.707846,24.985104,20.039726,22.739746,21.822962,25.058226,22.0425,25.603674,20.340847,23.361906,15.914381,15.7205515,21.530874,24.006533,22.387192,25.719524,15.012119,15.113496,4.0,0.0,4.0,0.0,0.0,0.0,0.0,0.0
7854,2023.0,2.0,24.0,13.0,22.324928,25.75419,20.100796,22.623356,20.95773,23.331423,20.971333,23.491735,17.492704,17.481974,15.697647,15.505222,21.915358,24.393003,22.156713,24.90069,15.728011,16.494795,4.0,4.0,0.0,0.0,0.0,4.0,4.0,4.0
7855,2023.0,2.0,24.0,13.0,21.650278,24.18758,20.090336,22.439713,21.085938,23.525604,21.109201,23.65479,15.997192,15.584892,15.539274,15.353271,21.48164,23.347178,21.080677,23.09553,19.945614,23.61534,4.0,4.0,4.0,0.0,0.0,4.0,0.0,0.0
7856,2023.0,2.0,24.0,13.0,22.207792,25.300714,20.105978,22.367708,21.087881,23.438824,21.112404,23.604694,16.647263,17.188156,15.408208,15.22884,22.279762,24.736908,22.99199,26.391027,16.7717,16.858343,0.0,4.0,0.0,4.0,0.0,0.0,0.0,0.0
7857,2023.0,2.0,24.0,13.0,20.916424,22.904224,18.050892,18.32086,21.108824,23.427322,21.08596,23.467102,20.33967,23.481949,15.300334,15.1297865,20.947676,22.2221,20.874815,22.435976,15.229088,14.911029,4.0,0.0,4.0,0.0,0.0,0.0,0.0,0.0
7858,2023.0,2.0,24.0,13.0,21.183435,23.443232,20.264038,22.876339,21.157427,23.460201,21.15923,23.562494,17.451614,17.456564,15.202127,15.035197,21.145176,22.639385,21.224401,23.20478,15.084048,14.935232,4.0,0.0,4.0,0.0,0.0,0.0,0.0,0.0
7859,2023.0,2.0,24.0,13.0,21.072506,23.22892,20.0369,22.241243,21.099106,23.28883,21.085371,23.372564,15.956067,15.55246,15.113699,14.949339,21.026648,22.418974,21.070309,22.930523,14.992909,14.872083,4.0,0.0,4.0,0.0,0.0,4.0,0.0,0.0
7860,2023.0,2.0,24.0,14.0,21.101389,23.30308,20.087914,22.22173,21.054756,23.17461,21.084494,23.335564,15.814408,15.630965,15.523653,15.795693,21.082262,22.538063,21.075666,22.954819,15.012853,14.995972,4.0,4.0,4.0,0.0,4.0,0.0,0.0,0.0
7861,2023.0,2.0,24.0,14.0,18.78295,18.841763,20.34101,22.43975,19.168112,19.519402,19.030989,19.36617,15.693836,15.531999,20.146355,23.340292,19.213564,18.928257,19.112444,19.179947,15.564283,15.772433,0.0,4.0,4.0,0.0,0.0,0.0,0.0,0.0
7862,2023.0,2.0,24.0,14.0,17.508278,17.271486,18.343477,18.458231,18.208866,18.388903,17.41281,17.07814,15.542536,15.39093,17.712723,18.24831,18.27673,17.776995,18.050104,17.882408,15.527597,15.554545,0.0,4.0,0.0,0.0,0.0,0.0,0.0,0.0
7863,2023.0,2.0,24.0,14.0,17.37441,17.361263,17.33923,17.163824,17.303085,16.913462,17.554419,17.704899,15.430145,15.281088,16.82899,17.004297,18.246117,17.987747,17.69347,17.49558,15.091541,14.979208,0.0,0.0,4.0,0.0,4.0,0.0,0.0,0.0
7864,2023.0,2.0,24.0,14.0,17.188074,17.216671,17.44889,17.68896,16.854015,16.397446,16.860556,16.544752,15.328901,15.186901,20.324371,23.087547,18.138504,17.926367,17.440125,17.252941,15.320663,15.17762,4.0,0.0,0.0,0.0,0.0,0.0,0.0,0.0
7865,2023.0,2.0,24.0,14.0,17.711143,18.423664,20.248886,22.83976,16.54125,16.103678,16.33698,15.937665,15.222584,15.08594,17.983955,18.348783,18.766111,19.28158,17.18913,17.01277,15.030282,14.936896,0.0,0.0,0.0,0.0,0.0,4.0,0.0,0.0
7866,2023.0,2.0,24.0,15.0,17.593246,18.111269,18.519577,19.222042,16.513208,16.319098,16.062555,15.671467,15.128107,14.996496,16.964487,17.172081,18.684074,18.973885,16.970013,16.800665,15.012876,15.021721,4.0,0.0,0.0,0.0,4.0,4.0,0.0,0.0
7867,2023.0,2.0,24.0,15.0,17.392998,17.882586,20.300446,22.787987,17.13432,17.61695,16.791494,17.266537,15.839345,16.41398,20.45365,23.169245,17.822565,17.456743,16.779741,16.61476,15.820343,16.603891,4.0,4.0,4.0,4.0,4.0,0.0,0.0,4.0
7868,2023.0,2.0,24.0,15.0,16.628561,16.547977,20.05846,22.146128,16.433338,16.191948,16.822226,17.162264,20.76106,24.742401,20.046875,22.245878,17.389442,16.939846,16.613598,16.45169,21.166613,25.621078,0.0,0.0,4.0,0.0,0.0,0.0,0.0,4.0
7869,2023.0,2.0,24.0,15.0,16.17777,15.992234,17.926172,17.949678,15.910076,15.52621,16.67584,16.98943,17.512796,17.747498,17.79574,17.71598,17.986519,18.22852,16.467464,16.308765,19.923887,22.820211,0.0,0.0,4.0,0.0,0.0,4.0,0.0,0.0
7870,2023.0,2.0,24.0,15.0,16.713947,17.164385,17.326817,17.581455,16.401718,16.611025,15.949068,15.690216,16.459682,16.773994,16.516193,16.06961,17.471754,17.120617,16.337854,16.182552,17.800276,18.412388,4.0,4.0,0.0,4.0,0.0,0.0,0.0,4.0
7871,2023.0,2.0,24.0,15.0,16.85245,17.369467,20.255249,22.896265,15.889212,15.617681,15.604237,15.23144,20.390623,23.660522,16.402096,16.148733,17.951338,18.206684,16.235771,16.08202,20.402525,23.182764,4.0,0.0,0.0,4.0,0.0,4.0,0.0,0.0
7872,2023.0,2.0,24.0,16.0,16.849796,17.370842,20.060322,22.252815,15.5193205,15.1463,16.13,16.367544,20.024082,22.565313,16.27142,16.059965,17.402185,17.042841,16.130205,15.9808035,17.53154,17.539875,0.0,0.0,4.0,4.0,0.0,0.0,0.0,0.0
7873,2023.0,2.0,24.0,16.0,16.834644,17.350653,18.166353,18.44229,15.576524,15.401695,15.662069,15.400745,20.080784,22.42132,16.467123,16.602499,17.017323,16.577711,16.029613,15.881889,16.13054,15.795014,4.0,0.0,0.0,4.0,4.0,0.0,0.0,0.0
7874,2023.0,2.0,24.0,16.0,16.12739,16.045351,20.308636,22.798027,15.574684,15.442683,15.281446,14.914131,20.930979,23.73485,20.385004,23.326193,17.665424,17.93239,15.935731,15.789264,15.863306,15.6791315,4.0,0.0,0.0,4.0,0.0,4.0,0.0,0.0
7875,2023.0,2.0,24.0,16.0,16.479227,16.937857,20.041632,22.058653,15.503303,15.375591,15.835517,16.069977,19.93378,21.69273,17.91537,18.275253,17.140928,16.772417,15.848276,15.702934,15.670959,15.510869,4.0,0.0,4.0,4.0,0.0,0.0,0.0,0.0
7876,2023.0,2.0,24.0,16.0,15.958373,15.849766,20.08135,22.006773,16.187687,16.72568,16.068851,16.38368,20.086113,21.942572,16.488874,16.342962,16.772957,16.324722,15.76544,15.62006,15.466957,15.310005,4.0,4.0,4.0,4.0,0.0,0.0,0.0,0.0
7877,2023.0,2.0,24.0,16.0,16.367956,16.838642,20.092516,21.955475,16.465221,17.063885,16.073563,16.384985,20.063938,21.854969,16.127699,15.931052,16.638779,16.183462,15.688939,15.54408,15.289794,15.135803,0.0,4.0,4.0,4.0,0.0,0.0,0.0,0.0
7878,2023.0,2.0,24.0,17.0,15.858079,15.758439,18.027935,17.938892,15.643742,15.4590845,16.060265,16.36623,20.065937,21.820984,16.309668,16.451946,16.767681,16.543608,15.619362,15.476695,15.139957,14.992519,0.0,0.0,4.0,4.0,4.0,0.0,0.0,0.0
7879,2023.0,2.0,24.0,17.0,16.229914,16.660278,17.048473,16.86575,15.136588,14.761003,15.364016,15.078083,21.073685,23.372774,20.43097,23.37604,17.632008,18.191477,15.550557,15.407711,15.386233,15.216167,0.0,0.0,0.0,0.0,4.0,4.0,0.0,0.0
7880,2023.0,2.0,24.0,17.0,15.777438,15.6877575,16.739714,16.553413,15.000509,14.63974,15.68164,15.892971,18.751913,18.679947,20.044527,22.428518,16.890907,16.527533,15.479138,15.329089,15.077872,14.94983,0.0,0.0,4.0,0.0,0.0,0.0,0.0,0.0
7881,2023.0,2.0,24.0,17.0,16.145517,16.568497,16.928276,17.125698,15.571431,15.772834,15.204686,14.896445,17.082397,16.581602,17.591805,17.45372,16.45432,15.990149,15.4129,15.261114,15.0062475,14.947415,4.0,4.0,0.0,0.0,0.0,0.0,0.0,0.0
7882,2023.0,2.0,24.0,17.0,16.339193,16.800821,20.251987,23.081482,15.804078,16.074787,15.54634,15.741407,16.794409,16.518925,16.50368,16.25482,16.323032,15.845873,15.349655,15.194571,15.011679,15.026082,0.0,4.0,4.0,0.0,0.0,0.0,0.0,0.0
7883,2023.0,2.0,24.0,17.0,16.34283,16.78878,18.09568,18.517242,15.820997,16.083004,15.757832,16.021412,16.577747,16.34404,16.25618,16.022858,16.470915,16.236557,15.28847,15.129908,15.011833,15.076507,0.0,4.0,4.0,0.0,0.0,0.0,0.0,0.0
7884,2023.0,2.0,24.0,18.0,16.336105,16.770086,17.138577,17.409334,15.816386,16.06672,15.758705,16.012152,16.324091,16.09746,16.028004,15.7957325,17.297901,17.791706,15.229068,15.066287,15.0128,15.11564,4.0,4.0,4.0,0.0,0.0,4.0,0.0,0.0
7885,2023.0,2.0,24.0,18.0,20.872717,24.534803,20.215418,22.96792,20.579885,24.252083,20.532478,24.218985,16.096548,15.872358,15.826277,15.592967,20.051977,22.374012,21.44415,25.605755,15.013367,15.144251,4.0,4.0,4.0,0.0,0.0,0.0,4.0,0.0
7886,2023.0,2.0,24.0,18.0,20.886606,24.083693,20.06109,22.327065,20.69288,23.93956,20.653217,23.92951,15.900187,15.678937,16.074522,16.217213,21.230333,24.068546,21.052923,24.470879,15.012967,15.160488,0.0,0.0,0.0,0.0,4.0,4.0,0.0,0.0
7887,2023.0,2.0,24.0,18.0,21.13714,24.188059,17.646627,17.481672,21.155712,24.336308,21.165558,24.416576,15.73929,15.525138,20.263697,23.238924,21.185186,23.633776,22.419096,26.360876,15.668765,16.101112,0.0,4.0,4.0,0.0,0.0,0.0,4.0,0.0
7888,2023.0,2.0,24.0,18.0,21.08393,23.803823,16.247572,15.642996,21.092968,23.90138,21.116583,24.026419,15.597953,15.387644,17.820704,18.156536,21.08593,23.190498,22.286608,25.715755,14.996536,15.051635,0.0,4.0,0.0,0.0,0.0,0.0,0.0,0.0
7889,2023.0,2.0,24.0,18.0,21.088915,23.633892,16.646397,16.755995,21.120014,23.754095,21.095043,23.743328,15.472513,15.264605,16.307236,16.106165,21.063654,22.945028,22.254341,25.260815,15.015265,15.1176605,4.0,0.0,4.0,0.0,0.0,4.0,0.0,0.0
7890,2023.0,2.0,24.0,19.0,21.11149,23.566427,20.239561,23.11134,21.089417,23.509472,21.097424,23.590761,15.361829,15.156604,15.941022,15.690871,21.769363,24.072578,20.917768,22.741314,15.012925,15.1352215,4.0,4.0,4.0,0.0,0.0,0.0,0.0,0.0
7891,2023.0,2.0,24.0,19.0,22.178532,25.297705,20.061361,22.38125,22.047417,25.029406,22.40314,25.67411,16.098082,16.63864,15.7169485,15.459753,21.70298,23.78794,22.204824,24.97726,15.013479,15.15215,0.0,0.0,4.0,4.0,0.0,4.0,4.0,0.0
7892,2023.0,2.0,24.0,19.0,20.946327,22.923302,17.601881,17.428127,20.940815,22.884644,20.914942,22.883463,20.343872,23.834208,15.558464,15.309592,21.013094,22.408905,20.883299,22.431383,15.640851,16.33397,0.0,4.0,0.0,0.0,0.0,0.0,4.0,4.0
7893,2023.0,2.0,24.0,19.0,21.095768,23.178835,16.541784,16.278814,21.130589,23.243309,21.13694,23.30451,17.147835,17.031637,15.819386,15.924594,21.062077,22.466133,21.213907,23.139372,20.400589,24.38714,0.0,0.0,0.0,0.0,4.0,4.0,0.0,4.0
7894,2023.0,2.0,24.0,19.0,21.077793,23.11977,16.298227,16.047268,21.079073,23.08043,21.081715,23.14187,16.329393,16.465176,20.466164,23.681274,21.057842,22.440107,21.092249,22.894762,20.420242,23.775215,0.0,4.0,4.0,4.0,4.0,4.0,0.0,0.0
7895,2023.0,2.0,24.0,19.0,21.105114,23.167795,16.539349,16.683668,21.11016,23.126064,21.0886,23.12331,21.588396,25.271019,20.046223,22.600006,21.087126,22.497835,21.058102,22.787825,17.083015,16.906769,4.0,0.0,4.0,4.0,0.0,0.0,4.0,0.0
7896,2023.0,2.0,24.0,20.0,21.155067,23.214643,20.264963,23.291653,21.07927,23.008505,21.086866,23.089941,19.892656,21.988297,17.322847,17.039783,21.126133,22.548023,21.064405,22.792982,15.492379,14.9787855,4.0,4.0,4.0,0.0,0.0,0.0,4.0,0.0
7897,2023.0,2.0,24.0,20.0,21.92807,24.390913,20.04577,22.418678,22.127337,24.649492,22.099062,24.736599,17.401617,17.0442,16.212599,15.895543,21.844585,23.65479,21.840729,24.121225,15.375209,15.138769,4.0,4.0,0.0,0.0,0.0,4.0,4.0,0.0
7898,2023.0,2.0,24.0,20.0,21.767586,24.24052,20.09431,22.241514,20.909575,22.469055,20.922344,22.5726,16.12966,15.497748,16.013533,15.718514,21.78181,23.453602,20.911083,22.31608,15.261973,15.052672,4.0,0.0,4.0,0.0,0.0,4.0,4.0,0.0
7899,2023.0,2.0,24.0,20.0,21.104597,23.020477,20.086277,22.043941,21.130474,22.936134,21.108484,22.964119,16.894085,17.32888,15.804344,15.514472,21.032948,22.180153,21.122437,22.793177,16.139282,16.86993,4.0,0.0,4.0,4.0,0.0,4.0,0.0,4.0
7900,2023.0,2.0,24.0,20.0,21.070429,22.918844,20.086002,21.9168,21.097153,22.873293,21.081734,22.91837,20.353775,23.049112,16.043695,16.126423,21.056976,22.2428,21.08995,22.73463,20.087528,23.492575,4.0,0.0,4.0,0.0,4.0,4.0,0.0,0.0
7901,2023.0,2.0,24.0,20.0,21.629803,23.820528,20.102053,21.869747,21.05198,22.806278,21.084562,22.919683,17.43573,17.115175,20.451946,23.500477,21.479355,22.957176,21.093489,22.736237,16.803892,16.591593,0.0,4.0,4.0,0.0,4.0,0.0,0.0,0.0
7902,2023.0,2.0,24.0,21.0,20.967178,22.60548,18.146322,18.025545,21.0813,22.910212,21.16225,23.06393,15.976358,15.328685,20.05012,22.468494,20.968374,21.989594,21.182041,22.903252,15.242053,14.695145,4.0,0.0,4.0,0.0,0.0,4.0,0.0,0.0
7903,2023.0,2.0,24.0,21.0,22.047043,24.371435,20.2504,22.366606,21.163048,23.034172,21.162752,23.050858,16.77326,17.203293,17.351192,16.980377,21.732838,23.345331,21.18856,22.943748,15.187939,14.940085,0.0,0.0,4.0,4.0,0.0,4.0,0.0,0.0
7904,2023.0,2.0,24.0,21.0,20.904116,22.338606,18.182281,18.131126,21.074986,22.805248,21.107239,22.943233,20.40869,23.212145,16.664719,16.650389,21.046288,22.122763,21.07452,22.727106,15.113767,14.894934,4.0,4.0,0.0,0.0,4.0,4.0,0.0,0.0
7905,2023.0,2.0,24.0,21.0,22.14222,24.425423,20.245684,22.421843,21.163052,22.960396,21.161873,23.033653,17.38845,17.052626,20.448198,23.081451,22.045282,23.847046,21.189362,22.964006,15.402887,15.2104225,0.0,4.0,0.0,0.0,0.0,0.0,0.0,0.0
7906,2023.0,2.0,24.0,21.0,20.89703,22.214485,18.155905,18.110323,21.10334,22.839998,21.077261,22.823978,15.921597,15.266215,18.008001,18.167227,20.942785,21.816986,21.073864,22.731405,15.024689,14.807868,4.0,0.0,4.0,0.0,0.0,0.0,0.0,0.0
7907,2023.0,2.0,24.0,21.0,22.086668,24.34314,20.24331,22.439386,21.413725,23.218237,21.266752,23.11129,15.900555,15.587002,16.584303,16.282797,21.65056,23.114342,21.498764,23.316547,15.017048,14.924746,0.0,0.0,0.0,0.0,0.0,4.0,4.0,0.0
7908,2023.0,2.0,24.0,22.0,20.91898,22.237562,18.13557,18.083282,20.97364,22.449474,21.004025,22.592922,15.840855,15.567602,16.196953,15.872884,20.984655,21.866314,20.902607,22.169523,15.010809,14.974231,4.0,0.0,4.0,0.0,0.0,0.0,4.0,0.0
7909,2023.0,2.0,24.0,22.0,21.193388,22.852005,20.264946,22.477512,21.183023,22.929022,21.179577,22.971106,15.683905,15.416963,16.276936,16.24034,21.142351,22.200693,21.21888,22.849916,15.516125,15.968327,4.0,0.0,0.0,0.0,4.0,4.0,0.0,4.0
7910,2023.0,2.0,24.0,22.0,21.925158,24.232231,20.1114,21.973495,21.164917,22.923805,21.161808,22.930273,15.5395155,15.2720585,20.475842,23.346592,21.995789,23.632929,21.195473,22.77966,20.640076,24.500166,0.0,0.0,0.0,0.0,4.0,0.0,4.0,0.0
7911,2023.0,2.0,24.0,22.0,20.978453,22.399342,18.075949,17.916437,21.049911,22.690826,21.049515,22.72416,15.413899,15.148488,20.02261,22.302832,20.941277,21.717249,21.05871,22.508064,16.851074,16.666016,4.0,4.0,4.0,0.0,0.0,0.0,4.0,0.0
7912,2023.0,2.0,24.0,22.0,21.970196,24.001312,20.24758,22.363483,21.170498,22.966784,21.17144,23.013214,15.894672,16.152468,18.119184,18.38896,21.843658,23.46204,21.19191,22.805073,15.088133,14.521368,0.0,0.0,0.0,4.0,4.0,0.0,0.0,0.0
7913,2023.0,2.0,24.0,22.0,21.045855,22.521902,18.125065,17.992922,21.09918,22.773872,21.102268,22.83273,20.460629,23.762394,20.408512,22.719894,20.977144,21.820938,21.050154,22.48312,15.863812,16.34038,4.0,0.0,0.0,0.0,4.0,0.0,4.0,4.0
7914,2023.0,2.0,24.0,23.0,21.731936,23.78353,20.24398,22.387016,21.157795,22.837364,21.161947,22.922009,17.510221,17.653854,20.05206,21.919357,21.562208,22.911997,21.205685,22.792183,21.765703,26.115177,0.0,4.0,0.0,0.0,4.0,0.0,4.0,4.0
7915,2023.0,2.0,24.0,23.0,19.874058,20.087955,17.884241,17.566446,18.843351,18.404594,19.280249,19.32551,16.069334,15.829092,17.8926,17.61974,20.095606,19.97426,18.861732,18.316431,17.556782,17.485899,0.0,0.0,0.0,0.0,4.0,0.0,0.0,0.0
7916,2023.0,2.0,24.0,23.0,18.899715,18.730328,17.164677,16.73845,17.753107,16.843754,18.364298,18.027153,15.8159685,15.546479,16.664669,15.807916,19.344837,18.956974,18.99816,19.127295,16.046309,15.39213,0.0,0.0,0.0,0.0,0.0,0.0,4.0,0.0
7917,2023.0,2.0,24.0,23.0,18.496017,18.31605,16.956493,16.59093,17.758848,17.28772,17.967924,17.612473,15.656512,15.383857,16.200806,15.321404,19.812128,20.11284,17.987467,17.311995,15.618553,14.97107,0.0,0.0,0.0,0.0,0.0,4.0,0.0,0.0
7918,2023.0,2.0,24.0,23.0,18.18502,18.005028,17.189602,17.234562,17.621992,17.242111,17.665121,17.308348,16.091454,16.32097,16.292995,15.842445,19.323505,19.157135,17.442537,16.70093,15.631282,15.323025,4.0,0.0,0.0,4.0,0.0,4.0,0.0,0.0
7919,2023.0,2.0,24.0,23.0,17.928831,17.752726,16.72161,16.434801,17.405344,17.033237,17.411863,17.059145,15.629412,15.388164,16.224646,15.857838,19.131575,19.005125,17.136684,16.40889,15.512388,15.250177,0.0,0.0,0.0,0.0,0.0,4.0,0.0,0.0
7920,2023.0,2.0,25.0,0.0,17.713383,17.546919,16.428251,16.076906,17.21391,16.851727,17.19682,16.854246,15.624367,15.5058775,16.05987,15.713472,18.316854,17.589333,16.885864,16.17835,15.35237,15.103934,0.0,0.0,0.0,4.0,0.0,0.0,0.0,0.0
7921,2023.0,2.0,25.0,0.0,17.516424,17.351633,16.247625,15.891086,17.033968,16.674673,16.998915,16.658735,15.049935,14.46119,15.893228,15.554108,17.878954,17.048544,17.026712,16.695704,15.2011,14.957919,0.0,0.0,0.0,0.0,0.0,0.0,0.0,0.0
7922,2023.0,2.0,25.0,0.0,17.331963,17.161005,16.082363,15.716097,16.861599,16.496662,16.811665,16.464663,15.019516,14.617798,15.72939,15.387832,17.629772,16.793896,16.954765,16.660555,15.05925,14.815771,0.0,0.0,0.0,0.0,0.0,0.0,0.0,0.0
7923,2023.0,2.0,25.0,0.0,17.158762,17.002369,15.93384,15.58236,16.700571,16.351307,16.637936,16.307285,15.053951,14.785076,15.574466,15.249462,17.8525,17.470602,16.806297,16.514637,15.005682,14.840715,0.0,0.0,0.0,0.0,0.0,0.0,0.0,0.0
7924,2023.0,2.0,25.0,0.0,16.9874,16.827536,15.78125,15.423412,16.537783,16.184994,16.463001,16.12808,15.00151,14.744116,15.413195,15.07936,17.829002,17.473475,16.653395,16.359026,15.012664,14.943428,0.0,0.0,0.0,0.0,0.0,0.0,0.0,0.0
7925,2023.0,2.0,25.0,0.0,16.84636,16.695608,15.659315,15.310893,16.404533,16.06202,16.320421,15.996104,15.01297,14.832771,15.593969,15.5437,17.713194,17.360584,16.518888,16.227879,15.012923,14.987896,0.0,0.0,0.0,0.0,4.0,0.0,0.0,0.0
7926,2023.0,2.0,25.0,1.0,16.720846,16.578688,15.549495,15.208581,16.28438,15.950866,16.19251,15.877338,15.452765,15.700897,15.3284235,15.031327,17.601412,17.252954,16.39756,16.110561,15.013458,15.031179,0.0,0.0,0.0,4.0,0.0,0.0,0.0,0.0
7927,2023.0,2.0,25.0,1.0,16.604206,16.465984,15.4460535,15.10851,16.17118,15.842358,16.072407,15.76173,15.071152,14.840805,15.117176,14.798759,17.496061,17.14865,16.283995,15.998103,15.014378,15.06581,0.0,0.0,0.0,0.0,0.0,0.0,0.0,0.0
7928,2023.0,2.0,25.0,1.0,16.497889,16.36327,15.351503,15.017367,16.067621,15.743272,15.962906,15.656513,15.4018,15.649977,14.9941635,14.688276,17.399544,17.052877,16.179943,15.895158,15.014772,15.092455,0.0,0.0,0.0,4.0,0.0,0.0,0.0,0.0
7929,2023.0,2.0,25.0,1.0,16.400639,16.26909,15.768453,15.877676,15.972024,15.651873,15.8621855,15.559803,14.938339,14.724062,15.012222,14.788785,17.31053,16.964396,16.083832,15.800061,15.015145,15.114372,4.0,0.0,0.0,0.0,0.0,0.0,0.0,0.0
7930,2023.0,2.0,25.0,1.0,16.310543,16.181967,15.445936,15.194031,15.883138,15.5668955,15.768936,15.470255,15.037287,14.93791,15.009794,14.833079,17.228445,16.883112,15.9944725,15.711641,15.015427,15.132596,0.0,0.0,0.0,0.0,0.0,0.0,0.0,0.0
7931,2023.0,2.0,25.0,1.0,16.217918,16.083462,15.1900835,14.857294,15.794215,15.475871,15.67609,15.374837,15.043714,14.964236,15.015092,14.886437,17.148937,16.80127,15.90775,15.622673,15.030076,15.177757,0.0,0.0,0.0,0.0,0.0,0.0,0.0,0.0
7932,2023.0,2.0,25.0,2.0,16.141973,16.013977,15.103353,14.779561,15.720329,15.409967,15.59932,15.305958,15.402115,15.665149,15.010057,14.900606,17.079819,16.735435,15.83136,15.54948,15.012996,15.154851,0.0,0.0,0.0,4.0,0.0,0.0,0.0,0.0
7933,2023.0,2.0,25.0,2.0,16.072071,15.950479,15.027007,14.706321,15.647562,15.341604,15.524038,15.234806,14.945914,14.809279,15.012179,14.93005,17.013214,16.670444,15.758135,15.478199,15.347082,15.783175,0.0,0.0,0.0,0.0,0.0,0.0,0.0,4.0
7934,2023.0,2.0,25.0,2.0,16.015633,15.90821,15.003284,14.725719,15.576386,15.272561,15.450945,15.163237,15.042959,15.00215,15.012736,14.952103,16.948534,16.605848,15.686938,15.407163,14.958503,15.037928,0.0,0.0,0.0,0.0,0.0,0.0,0.0,0.0
7935,2023.0,2.0,25.0,2.0,15.949742,15.841541,15.006465,14.783081,15.505582,15.20094,15.378617,15.089629,15.000117,14.904528,15.0226755,14.992417,16.885944,16.54246,15.617787,15.337113,15.057658,15.245754,0.0,0.0,0.0,4.0,0.0,0.0,0.0,0.0
7936,2023.0,2.0,25.0,2.0,15.886056,15.778527,15.00618,14.815765,15.444744,15.146456,15.316662,15.033618,15.035965,15.014614,15.011089,14.982682,16.829592,16.488766,15.555217,15.277477,15.370137,15.813584,0.0,0.0,0.0,0.0,0.0,0.0,0.0,4.0
7937,2023.0,2.0,25.0,2.0,15.821147,15.711958,15.0071535,14.850396,15.382823,15.087021,15.253977,14.972802,15.024694,15.001969,15.0053625,14.975543,16.773565,16.43358,15.493127,15.216174,14.975692,15.045924,0.0,0.0,0.0,0.0,4.0,0.0,0.0,0.0
7938,2023.0,2.0,25.0,3.0,15.757178,15.645289,15.012308,14.891223,15.319584,15.022762,15.190344,14.907755,15.022485,15.034036,15.027013,15.052172,16.718187,16.37762,15.431542,15.153882,15.057503,15.233606,0.0,0.0,0.0,0.0,0.0,0.0,0.0,0.0
7939,2023.0,2.0,25.0,3.0,15.693154,15.57626,15.014422,14.918144,15.258239,14.960441,15.128703,14.844718,15.023832,15.060158,15.0271845,15.052985,16.663208,16.320782,15.371031,15.091942,15.032871,15.197173,0.0,0.0,0.0,0.0,0.0,0.0,0.0,0.0
7940,2023.0,2.0,25.0,3.0,15.635699,15.520126,15.015786,14.942254,15.197629,14.898707,15.06785,14.782367,15.026266,15.083684,15.027991,15.06571,16.608557,16.264265,15.311144,15.030612,15.034652,15.232739,0.0,0.0,0.0,0.0,0.0,0.0,0.0,0.0
7941,2023.0,2.0,25.0,3.0,15.580654,15.465969,15.008731,14.947703,15.140217,14.842178,15.010237,14.725224,15.26982,15.543954,15.012862,15.0479,16.555431,16.210136,15.252968,14.971838,15.016929,15.217869,0.0,0.0,0.0,4.0,0.0,0.0,0.0,0.0
7942,2023.0,2.0,25.0,3.0,15.522218,15.403416,15.010502,14.970147,15.081475,14.781783,15.0043,14.763043,14.951665,14.954029,15.01797,15.067881,16.501537,16.153917,15.194624,14.911908,15.020439,15.24261,0.0,0.0,0.0,0.0,0.0,0.0,0.0,0.0
7943,2023.0,2.0,25.0,3.0,15.467975,15.349051,15.020982,15.010257,15.021864,14.718757,15.006069,14.806555,15.029669,15.137746,15.032187,15.108044,16.44797,16.097944,15.136188,14.851173,15.039721,15.297619,0.0,0.0,0.0,0.0,0.0,0.0,0.0,0.0
7944,2023.0,2.0,25.0,4.0,15.411277,15.287909,15.021668,15.024414,15.002284,14.732705,15.00792,14.83976,15.030111,15.133898,15.033406,15.113518,16.39536,16.043373,15.078973,14.7924,15.039538,15.302819,0.0,0.0,0.0,0.0,0.0,0.0,0.0,0.0
7945,2023.0,2.0,25.0,4.0,15.363033,15.244015,15.022774,15.041872,15.00441,14.776613,15.00944,14.869782,15.032258,15.1534395,15.034111,15.124613,16.34723,15.997381,15.025937,14.741372,15.041025,15.317,0.0,0.0,0.0,0.0,0.0,0.0,0.0,0.0
7946,2023.0,2.0,25.0,4.0,15.321233,15.209997,15.010613,15.033594,15.005209,14.806544,15.006513,14.887173,15.210627,15.481049,15.015481,15.100434,16.301386,15.953834,15.000282,14.741169,15.017946,15.284977,0.0,0.0,0.0,4.0,0.0,0.0,0.0,0.0
7947,2023.0,2.0,25.0,4.0,15.2758665,15.166045,15.012953,15.053641,15.006014,14.836495,15.007726,14.912885,14.998796,15.064946,15.020011,15.119775,16.255533,15.909213,15.006471,14.785064,15.0223055,15.304899,0.0,0.0,0.0,0.0,0.0,0.0,0.0,0.0
7948,2023.0,2.0,25.0,4.0,15.224342,15.110991,15.025604,15.094918,15.009936,14.872901,15.014623,14.950597,15.014266,15.076018,15.037036,15.164951,16.212795,15.869302,15.007097,14.817464,15.043349,15.357664,0.0,0.0,0.0,4.0,0.0,0.0,0.0,0.0
7949,2023.0,2.0,25.0,4.0,15.179555,15.068583,15.0258,15.10523,15.011364,14.897848,15.015143,14.969677,15.062744,15.200068,15.010694,15.097472,16.17118,15.829808,15.007513,14.839468,15.042535,15.356903,0.0,0.0,0.0,0.0,4.0,0.0,0.0,0.0
7950,2023.0,2.0,25.0,5.0,15.136197,15.027783,15.027241,15.121134,15.01311,14.923002,15.016432,14.991294,15.015274,15.055971,15.037051,15.185313,16.130564,15.791324,15.008974,14.862511,15.042901,15.365268,0.0,0.0,0.0,4.0,0.0,0.0,0.0,0.0
7951,2023.0,2.0,25.0,5.0,15.094886,14.990132,15.02647,15.131462,15.013882,14.944902,15.017359,15.011162,15.062502,15.2073,15.03838,15.188468,16.092402,15.756666,15.010884,14.883996,15.0437155,15.373457,0.0,0.0,0.0,0.0,0.0,0.0,0.0,0.0
7952,2023.0,2.0,25.0,5.0,15.068695,14.981715,15.027088,15.144861,15.014793,14.966394,15.018718,15.031408,15.062812,15.187588,15.038332,15.194909,16.055618,15.723356,15.01188,14.902274,15.044088,15.380667,0.0,0.0,0.0,0.0,0.0,0.0,0.0,0.0
7953,2023.0,2.0,25.0,5.0,15.037264,14.958018,15.012539,15.129869,15.007986,14.971609,15.00918,15.029958,15.236004,15.523533,15.016786,15.162836,16.019949,15.691266,15.00664,14.907197,15.230179,15.709044,0.0,0.0,0.0,4.0,0.0,0.0,0.0,4.0
7954,2023.0,2.0,25.0,5.0,14.997777,14.921904,15.015642,15.148714,15.009518,14.993465,15.011276,15.0512905,14.995375,15.074508,15.021123,15.179849,15.983489,15.657115,15.009676,14.92836,14.984461,15.269627,0.0,0.0,0.0,0.0,0.0,0.0,0.0,0.0
7955,2023.0,2.0,25.0,5.0,15.785872,16.43595,15.0155325,15.161097,15.009857,15.012556,15.011235,15.068203,15.037472,15.161438,15.020672,15.187437,15.95077,15.629795,15.008668,14.941867,15.041603,15.367372,0.0,0.0,0.0,0.0,0.0,0.0,0.0,0.0
7956,2023.0,2.0,25.0,6.0,15.343731,15.367922,15.015673,15.173055,15.010091,15.030495,15.011663,15.084801,15.01661,15.158705,15.020582,15.194963,15.917063,15.5992565,15.008826,14.956433,15.035144,15.34656,0.0,0.0,0.0,0.0,0.0,0.0,0.0,0.0
7957,2023.0,2.0,25.0,6.0,19.745226,23.171274,15.016191,15.18519,20.217022,24.111586,19.95444,23.571245,15.019827,15.190878,15.005214,15.157959,20.074272,22.66731,20.545155,24.294153,15.022229,15.343871,0.0,0.0,0.0,0.0,4.0,0.0,0.0,0.0
7958,2023.0,2.0,25.0,6.0,20.183544,23.402092,15.016569,15.195926,20.788698,24.512173,20.826778,24.589724,15.01958,15.2083235,19.46092,22.833956,20.69895,23.55276,21.100418,24.884735,15.022926,15.355624,0.0,0.0,0.0,0.0,0.0,0.0,0.0,0.0
7959,2023.0,2.0,25.0,6.0,21.176949,24.74751,15.016201,15.203125,21.157627,24.67833,21.155598,24.699047,15.01972,15.218799,17.120115,17.653593,21.157461,23.966166,21.725594,25.460533,15.022591,15.357512,0.0,0.0,0.0,0.0,4.0,0.0,0.0,0.0
7960,2023.0,2.0,25.0,6.0,21.436571,24.741964,15.5994,16.01213,21.44503,24.724037,21.431414,24.743542,15.628693,16.057896,20.132847,23.470459,21.478348,24.205908,22.333569,26.150612,15.200468,15.66065,0.0,0.0,0.0,0.0,0.0,0.0,0.0,4.0
7961,2023.0,2.0,25.0,6.0,21.010204,23.76845,14.991726,15.074059,20.992409,23.675327,21.01941,23.793488,15.006959,15.109596,17.435268,17.726212,21.72029,24.305521,22.416885,25.854628,20.07491,24.088509,0.0,4.0,0.0,0.0,0.0,4.0,0.0,0.0
7962,2023.0,2.0,25.0,7.0,21.084438,23.752552,15.019187,15.162115,21.117014,23.790813,21.09133,23.769129,15.020843,15.169501,15.995131,15.956895,20.955153,22.747202,20.897175,22.949482,16.935501,17.269373,0.0,0.0,4.0,0.0,4.0,4.0,4.0,4.0
7963,2023.0,2.0,25.0,7.0,21.074682,23.628752,15.016774,15.182834,21.073818,23.568106,21.081856,23.640326,16.00471,16.762486,20.460665,23.614939,21.117805,22.970661,21.147028,23.395247,21.145552,25.08315,0.0,4.0,4.0,0.0,4.0,0.0,0.0,4.0
7964,2023.0,2.0,25.0,7.0,21.099724,23.546738,15.073052,15.282503,21.10646,23.488575,21.10806,23.547798,15.563674,15.397188,20.01714,22.629848,21.067093,22.753843,22.331108,25.32981,20.564987,23.734497,4.0,4.0,4.0,0.0,4.0,4.0,0.0,0.0
7965,2023.0,2.0,25.0,7.0,21.09403,23.43873,19.674984,23.18542,21.099659,23.369272,21.10181,23.42755,16.803228,16.693274,20.121735,22.524075,21.071949,22.693644,20.924723,22.678488,17.744614,17.959839,0.0,4.0,4.0,0.0,4.0,4.0,0.0,4.0
7966,2023.0,2.0,25.0,7.0,21.092802,23.361248,17.071688,17.505812,21.098347,23.284698,21.124317,23.407097,15.343807,15.098139,20.103056,22.263983,21.09864,22.709185,22.253242,25.040264,21.946455,25.770033,0.0,4.0,0.0,0.0,4.0,0.0,4.0,4.0
7967,2023.0,2.0,25.0,7.0,21.091282,23.299501,15.737994,15.92173,21.096382,23.215828,21.093395,23.25335,15.256777,15.000943,20.10244,22.101398,21.063803,22.56864,21.056065,22.86019,21.14538,24.10645,4.0,4.0,4.0,0.0,4.0,4.0,0.0,0.0
7968,2023.0,2.0,25.0,8.0,22.199326,25.033175,20.185698,23.817656,22.181562,24.899614,22.153156,24.896118,16.862665,16.753336,20.100197,21.978813,21.738323,23.660149,21.972471,24.426147,18.367886,18.522348,4.0,4.0,4.0,0.0,4.0,4.0,4.0,4.0
7969,2023.0,2.0,25.0,8.0,19.563665,19.769695,20.05532,23.004953,19.522755,19.592485,19.028568,18.719315,15.741271,16.13312,20.113188,21.92658,19.769445,19.714458,19.119652,18.702154,21.693884,25.032118,4.0,4.0,0.0,4.0,0.0,4.0,0.0,0.0
7970,2023.0,2.0,25.0,8.0,18.160412,18.17627,20.133244,22.811901,17.969799,17.731895,17.047823,16.220165,20.387484,24.004152,17.907036,17.610636,18.879143,18.749725,17.466215,16.747244,18.049568,17.804123,0.0,4.0,0.0,0.0,4.0,4.0,0.0,0.0
7971,2023.0,2.0,25.0,8.0,17.114061,16.555902,17.488169,17.466183,17.545685,17.310738,16.426147,15.555907,17.28118,17.507238,20.37444,22.512367,18.646854,18.544943,17.917122,18.094603,16.176624,15.536556,4.0,4.0,0.0,4.0,0.0,4.0,4.0,0.0
7972,2023.0,2.0,25.0,8.0,17.22868,17.230019,20.213675,22.997852,17.260643,17.04898,16.44883,16.010767,20.506287,23.694891,17.914875,17.683798,18.450836,18.362608,17.092505,16.529787,15.936851,15.612074,4.0,4.0,0.0,4.0,4.0,4.0,0.0,0.0
7973,2023.0,2.0,25.0,8.0,17.23337,17.311415,20.07024,22.432358,16.377247,15.623579,16.351936,16.004333,21.058039,24.302505,20.394985,22.640512,17.596827,16.91265,16.409176,15.741261,15.7355,15.462457,0.0,0.0,0.0,4.0,4.0,0.0,0.0,0.0
7974,2023.0,2.0,25.0,9.0,16.387203,15.8753195,17.335743,17.00641,15.832368,14.998307,16.138432,15.805072,21.031261,23.909319,20.065552,21.958666,17.84554,17.766787,16.056654,15.390557,15.482516,15.222832,0.0,0.0,0.0,0.0,0.0,4.0,0.0,0.0
7975,2023.0,2.0,25.0,9.0,15.902016,15.313785,16.185322,15.818875,15.549991,14.730764,15.942759,15.619022,17.852663,17.564589,17.594368,17.101904,17.244724,16.59807,17.242752,17.907448,15.2596245,15.01089,0.0,0.0,0.0,0.0,0.0,0.0,4.0,0.0
7976,2023.0,2.0,25.0,9.0,15.704715,15.122434,15.963715,15.623729,16.486948,16.713123,15.798525,15.481369,16.506636,15.741211,16.892664,16.421507,17.640461,17.584675,16.197155,15.687997,15.098634,14.856145,0.0,4.0,0.0,0.0,0.0,4.0,0.0,0.0
7977,2023.0,2.0,25.0,9.0,15.923441,15.738619,15.742464,15.40599,16.33359,16.299374,15.662859,15.354935,16.380613,15.986685,16.685005,16.296843,16.952478,16.24638,15.705409,15.079342,15.000152,14.812579,0.0,4.0,0.0,0.0,0.0,0.0,0.0,0.0
7978,2023.0,2.0,25.0,9.0,15.940321,15.822635,15.51448,15.188736,15.456483,14.793102,15.52447,15.228299,16.150066,15.825889,16.770412,16.746904,16.558926,15.836188,15.487187,14.878447,15.015947,14.944725,0.0,0.0,0.0,0.0,4.0,0.0,0.0,0.0
7979,2023.0,2.0,25.0,9.0,15.837504,15.729157,15.315484,14.999262,15.055201,14.325052,15.399583,15.11484,15.8605385,15.559793,20.35391,22.860312,16.398003,15.688702,15.61358,15.320624,15.655304,15.920672,0.0,0.0,0.0,0.0,0.0,0.0,0.0,0.0
7980,2023.0,2.0,25.0,10.0,15.742788,15.651807,15.145307,14.834002,15.584457,15.476135,15.287567,15.011153,15.603655,15.316234,18.0279,18.209814,16.612087,16.259645,16.740208,17.486012,15.747236,16.333925,0.0,4.0,0.0,0.0,0.0,0.0,4.0,4.0
7981,2023.0,2.0,25.0,10.0,15.662363,15.578961,15.025599,14.715624,15.028236,14.523896,15.19952,14.928734,15.421761,15.140798,16.90742,16.557697,16.655178,16.356796,15.678741,15.222485,19.46813,22.72565,0.0,0.0,0.0,0.0,0.0,0.0,0.0,0.0
7982,2023.0,2.0,25.0,10.0,15.564792,15.4791765,15.008756,14.800566,15.022475,14.5981245,15.108577,14.845303,15.235407,14.965448,16.484785,16.116951,16.603586,16.310556,15.103371,14.549418,16.421616,16.278345,0.0,0.0,0.0,0.0,0.0,0.0,0.0,0.0
7983,2023.0,2.0,25.0,10.0,15.475929,15.393971,15.010193,14.886211,15.06309,14.7758255,15.021787,14.764402,15.873437,16.323334,16.178114,15.815967,16.547422,16.258207,15.001731,14.5010805,14.970173,14.565072,0.0,0.0,0.0,4.0,0.0,0.0,0.0,0.0
7984,2023.0,2.0,25.0,10.0,15.409263,15.343762,15.011022,14.953314,15.781031,16.172546,15.004691,14.80778,20.136383,23.568487,15.939239,15.589773,16.49561,16.210493,15.14769,14.889896,15.020165,14.83771,0.0,4.0,0.0,0.0,0.0,0.0,0.0,0.0
7985,2023.0,2.0,25.0,10.0,15.350531,15.296005,15.011829,15.007766,15.442165,15.371293,15.006498,14.867472,16.996614,16.90227,15.73526,15.395626,16.447763,16.165981,15.177419,14.948725,15.012236,14.939707,0.0,0.0,0.0,0.0,0.0,0.0,0.0,0.0
7986,2023.0,2.0,25.0,11.0,16.107609,16.779722,15.012643,15.053323,14.990217,14.707375,15.633557,16.087982,15.279001,14.690656,15.563564,15.234867,16.403101,16.12353,15.130372,14.905736,15.014671,15.022734,0.0,0.0,4.0,0.0,0.0,0.0,0.0,0.0
7987,2023.0,2.0,25.0,11.0,15.672155,15.756024,15.190914,15.409762,15.333073,15.39009,15.210021,15.13374,15.186061,14.878794,15.420377,15.105682,17.157085,17.586943,15.081725,14.862747,15.014698,15.077628,4.0,4.0,0.0,0.0,0.0,4.0,0.0,0.0
7988,2023.0,2.0,25.0,11.0,15.361663,14.978444,19.675783,23.190603,14.994161,14.774237,15.012649,14.929401,15.120339,14.859214,15.29451,14.98866,17.140675,17.275816,15.03613,14.821241,15.014782,15.117107,0.0,0.0,0.0,0.0,0.0,4.0,0.0,0.0
7989,2023.0,2.0,25.0,11.0,14.996972,14.701975,17.561697,18.374184,15.023294,14.880816,15.0207405,14.973735,14.997833,14.764751,15.18632,14.890788,16.337769,15.779555,14.9992075,14.796671,15.015001,15.146613,4.0,0.0,0.0,0.0,0.0,0.0,0.0,0.0
7990,2023.0,2.0,25.0,11.0,15.12012,15.051435,20.05525,23.284744,15.310724,15.122733,15.952708,15.638506,15.011994,14.879664,15.091987,14.803323,16.000353,15.388306,15.332973,15.090447,15.015468,15.172078,0.0,0.0,0.0,0.0,0.0,0.0,0.0,0.0
7991,2023.0,2.0,25.0,11.0,15.147979,15.131259,17.622738,18.12155,15.749601,16.223103,15.004051,14.971818,15.009981,14.939196,15.01586,14.736894,15.906318,15.300791,15.10751,14.913831,15.0154705,15.190748,0.0,4.0,0.0,0.0,0.0,0.0,0.0,0.0
7992,2023.0,2.0,25.0,12.0,15.094391,15.08559,15.897302,15.765036,14.985237,14.798401,15.014846,15.0431,15.010764,14.988495,15.005736,14.781068,16.14172,15.8479,16.135078,16.923615,15.015615,15.20613,0.0,0.0,0.0,0.0,0.0,0.0,4.0,0.0
7993,2023.0,2.0,25.0,12.0,20.278612,24.150835,15.455815,15.241703,19.665257,22.973434,20.129854,23.961216,15.011571,15.0253525,15.0062895,14.826063,21.113615,24.378742,20.214361,23.648483,15.016029,15.219087,0.0,0.0,0.0,0.0,0.0,4.0,0.0,0.0
7994,2023.0,2.0,25.0,12.0,21.07543,24.9703,15.686368,15.875527,20.955475,24.680992,21.009283,24.929243,15.011465,15.050668,15.299387,15.409276,20.635921,23.212988,21.106392,24.68934,15.015306,15.22506,4.0,4.0,0.0,0.0,4.0,0.0,0.0,0.0
7995,2023.0,2.0,25.0,12.0,21.57471,25.273281,20.043703,23.555872,21.2301,24.652134,21.257914,24.870356,15.011422,15.06701,20.059814,23.209352,20.836004,23.220308,21.476889,24.891914,15.015277,15.225204,0.0,4.0,0.0,0.0,0.0,0.0,0.0,0.0
7996,2023.0,2.0,25.0,12.0,20.998783,23.972837,17.500717,18.029581,21.087221,24.049898,21.079048,24.219557,15.01077,15.075684,17.54273,17.952965,21.648758,24.327913,22.139097,25.665077,15.014842,15.220296,0.0,4.0,0.0,0.0,0.0,4.0,0.0,0.0
7997,2023.0,2.0,25.0,12.0,21.133276,24.009071,15.7779255,15.673404,21.103613,23.850178,21.105604,24.051432,15.010754,15.082998,15.86877,15.63093,21.48075,23.7679,22.795942,26.516512,15.014784,15.215244,0.0,4.0,0.0,0.0,0.0,0.0,0.0,0.0
7998,2023.0,2.0,25.0,13.0,21.083652,23.726364,15.888108,16.143225,21.0958,23.668236,21.097267,23.876377,15.011034,15.089997,15.550384,15.278035,21.032381,22.772013,23.133934,26.79813,15.014351,15.21484,4.0,4.0,0.0,0.0,0.0,0.0,0.0,0.0
7999,2023.0,2.0,25.0,13.0,21.553621,24.334412,20.09478,23.430824,21.563301,24.258844,21.772924,24.75204,15.011142,15.096135,15.386004,15.116151,22.116398,24.57584,21.722977,23.819906,15.014354,15.21464,0.0,0.0,0.0,0.0,0.0,0.0,0.0,0.0
8000,2023.0,2.0,25.0,13.0,20.994267,23.26717,17.62952,18.145481,20.97299,23.111734,20.923851,23.177176,15.011015,15.099993,15.259947,14.994936,21.030264,22.514153,20.895254,22.468672,15.014144,15.214003,0.0,4.0,4.0,0.0,0.0,0.0,0.0,0.0
8001,2023.0,2.0,25.0,13.0,21.10409,23.478657,16.359081,16.637386,21.134258,23.399801,21.128775,23.576426,15.011097,15.104644,15.151868,14.888436,21.08481,22.620152,21.117767,22.986998,15.014496,15.215407,4.0,0.0,0.0,0.0,0.0,0.0,0.0,0.0
8002,2023.0,2.0,25.0,13.0,21.781544,24.392923,20.01653,23.122038,21.58496,23.956503,21.745998,24.376234,15.011796,15.110781,15.060057,14.803149,21.370214,22.966576,21.588827,23.763798,15.014511,15.217109,0.0,0.0,0.0,0.0,0.0,4.0,0.0,0.0
8003,2023.0,2.0,25.0,13.0,20.904287,22.891685,17.23699,17.256525,20.935738,22.790543,20.915396,22.943027,15.011306,15.113346,14.99983,14.770501,21.057495,22.450632,20.918104,22.51093,15.014223,15.217967,0.0,4.0,0.0,0.0,0.0,0.0,0.0,0.0
8004,2023.0,2.0,25.0,14.0,21.12065,23.351435,16.29873,16.536953,21.135609,23.20614,21.125067,23.378742,15.012138,15.119101,15.008974,14.840151,21.082724,22.475718,21.105785,22.929308,15.014733,15.221129,4.0,0.0,0.0,0.0,0.0,0.0,0.0,0.0
8005,2023.0,2.0,25.0,14.0,19.504225,20.22507,20.181108,23.351358,18.659828,18.449034,18.860622,19.027681,15.012146,15.1246395,15.007268,14.878851,19.093826,18.633343,19.082703,19.061787,15.014528,15.224145,0.0,0.0,0.0,0.0,0.0,0.0,0.0,0.0
8006,2023.0,2.0,25.0,14.0,18.078064,18.152304,17.721617,18.154528,17.551287,17.289217,17.51799,17.339518,15.012375,15.131699,15.007291,14.9107485,18.42513,18.07564,17.97803,17.72011,15.015415,15.231909,0.0,0.0,0.0,0.0,0.0,0.0,0.0,0.0
8007,2023.0,2.0,25.0,14.0,17.777838,18.001106,16.065414,15.911295,17.155365,16.886488,16.998339,16.760378,15.013402,15.141933,15.008536,14.940752,18.21187,17.890062,17.510212,17.22303,15.015677,15.240237,0.0,0.0,0.0,0.0,0.0,0.0,0.0,0.0
8008,2023.0,2.0,25.0,14.0,16.901539,16.541586,15.662756,15.456252,16.837854,16.57759,16.661526,16.429571,15.013747,15.151649,15.009349,14.965602,17.990755,17.681969,18.273474,18.959496,15.016365,15.25029,0.0,0.0,0.0,0.0,0.0,0.0,4.0,0.0
8009,2023.0,2.0,25.0,14.0,17.12508,17.353394,15.893534,16.09798,16.562609,16.300886,16.377455,16.143955,15.014005,15.161433,15.18935,15.315451,17.791027,17.486868,18.126316,18.498343,15.016781,15.259727,4.0,0.0,0.0,0.0,4.0,0.0,4.0,0.0
8010,2023.0,2.0,25.0,15.0,16.457651,16.127039,19.997068,23.3264,16.336403,16.081923,16.145304,15.918964,15.01447,15.17061,19.842422,22.894571,17.621586,17.325365,16.985113,16.52772,15.017247,15.268875,0.0,0.0,0.0,0.0,0.0,0.0,0.0,0.0
8011,2023.0,2.0,25.0,15.0,16.738205,16.97773,17.60675,18.135927,16.853592,17.226759,15.94659,15.724014,15.01461,15.178627,17.466187,17.914015,17.473253,17.184435,16.382921,15.844811,15.017402,15.277014,0.0,4.0,0.0,0.0,0.0,0.0,0.0,0.0
8012,2023.0,2.0,25.0,15.0,16.135689,15.817774,15.940121,15.848814,17.059782,17.542183,16.51927,16.951883,15.01481,15.18631,15.738486,15.528525,17.342682,17.059078,16.109581,15.57269,15.017593,15.28488,0.0,4.0,4.0,0.0,0.0,0.0,0.0,0.0
8013,2023.0,2.0,25.0,15.0,15.733401,15.353606,15.5232315,15.333455,16.02278,15.595235,16.077168,16.02978,15.015201,15.194506,15.7810135,15.870093,18.04907,18.50659,15.911539,15.389777,15.017786,15.291976,0.0,0.0,0.0,0.0,4.0,4.0,0.0,0.0
8014,2023.0,2.0,25.0,15.0,15.544929,15.168764,15.284046,15.074087,15.458197,14.887621,16.048777,16.162924,15.558364,15.91882,20.151415,23.11849,18.293514,18.783848,15.983272,15.715387,15.56286,16.025938,0.0,0.0,4.0,0.0,0.0,4.0,0.0,0.0
8015,2023.0,2.0,25.0,15.0,16.477016,17.08879,15.584414,15.775487,15.944474,15.97463,15.408636,14.976714,14.992724,15.023014,17.693642,18.081182,17.252934,16.76835,15.960384,15.732801,14.975026,15.093171,4.0,4.0,0.0,0.0,0.0,0.0,0.0,0.0
8016,2023.0,2.0,25.0,16.0,16.526247,16.919024,20.047932,23.582466,15.468949,15.012831,15.35444,14.788219,15.030909,15.156428,16.058163,15.853627,16.746006,16.155846,15.8640585,15.647039,15.030582,15.251778,0.0,0.0,0.0,0.0,0.0,0.0,0.0,0.0
8017,2023.0,2.0,25.0,16.0,16.41188,16.78124,17.539936,18.106209,15.78246,15.833368,15.704908,15.789125,15.013404,15.15632,15.660191,15.396099,16.57188,15.975252,15.762035,15.5488205,15.517893,16.183554,0.0,4.0,4.0,0.0,0.0,0.0,0.0,4.0
8018,2023.0,2.0,25.0,16.0,16.375965,16.737236,16.246328,16.524002,15.2934675,14.840023,15.8694935,16.02409,15.378998,15.85432,15.427702,15.156217,17.23446,17.344662,15.663926,15.45291,19.647703,23.241335,4.0,0.0,4.0,4.0,0.0,4.0,0.0,0.0
8019,2023.0,2.0,25.0,16.0,16.338203,16.691544,20.23351,23.528303,15.61664,15.669219,15.16581,14.732981,19.978518,23.681276,15.239781,14.965331,17.466778,17.603645,15.5711775,15.362413,16.407965,16.403852,4.0,4.0,0.0,0.0,0.0,4.0,0.0,0.0
8020,2023.0,2.0,25.0,16.0,16.315172,16.670614,20.0428,22.732931,15.813136,15.942076,15.470173,15.543508,16.801638,16.856731,15.083957,14.812361,16.771313,16.2808,15.483641,15.276578,14.980555,14.75616,4.0,4.0,4.0,0.0,0.0,0.0,0.0,0.0
8021,2023.0,2.0,25.0,16.0,16.284264,16.635082,20.107037,22.577862,15.804165,15.93266,15.333944,14.848689,14.983354,14.608008,15.373505,15.47649,17.1719,17.293516,15.400998,15.195589,15.023565,15.004705,4.0,4.0,0.0,0.0,4.0,4.0,0.0,0.0
8022,2023.0,2.0,25.0,17.0,16.251936,16.597971,20.591593,23.035822,15.749347,15.667538,15.475365,15.555192,15.76261,15.93112,20.29268,23.61553,17.355946,17.480978,15.319133,15.109956,15.697624,16.071423,4.0,0.0,4.0,0.0,0.0,4.0,0.0,0.0
8023,2023.0,2.0,25.0,17.0,16.222403,16.565983,19.944962,21.804014,15.796885,15.902619,14.998292,14.696972,15.980236,16.456945,17.544611,17.934813,17.359737,17.480478,15.242473,15.03388,14.982972,14.981545,4.0,4.0,0.0,4.0,0.0,4.0,0.0,0.0
8024,2023.0,2.0,25.0,17.0,16.191103,16.52993,20.129625,22.117378,15.801518,15.919849,16.539557,16.37363,20.266865,23.847845,15.826589,15.590642,16.620552,16.088808,16.22709,16.94726,15.030194,15.166551,0.0,4.0,0.0,4.0,0.0,0.0,4.0,0.0
8025,2023.0,2.0,25.0,17.0,16.17144,16.512121,18.06912,18.090015,15.766087,15.883624,15.573898,15.687864,20.036625,22.934715,15.461591,15.1954155,16.236094,15.635412,16.395151,16.889929,15.5813875,16.248665,4.0,4.0,4.0,4.0,0.0,0.0,4.0,4.0
8026,2023.0,2.0,25.0,17.0,15.456798,15.197038,20.23766,22.585197,15.728349,15.844344,14.991708,14.707071,20.100267,22.739483,15.249227,14.977568,16.087292,15.482981,15.37681,14.965173,19.795155,23.439007,0.0,4.0,0.0,4.0,0.0,0.0,0.0,0.0
8027,2023.0,2.0,25.0,17.0,15.804588,16.084538,18.048119,18.116276,15.690895,15.805612,15.026193,14.856457,20.089016,22.497108,15.081504,14.819791,15.975334,15.375561,14.998794,14.609091,16.446466,16.382607,4.0,4.0,0.0,4.0,0.0,0.0,0.0,0.0
8028,2023.0,2.0,25.0,18.0,15.304483,15.0424385,20.255825,22.695803,15.654162,15.767954,15.65062,16.104445,20.087496,22.337246,15.0036545,14.808649,17.053581,17.544998,15.014768,14.722912,15.740896,16.09962,4.0,4.0,4.0,4.0,0.0,4.0,0.0,4.0
8029,2023.0,2.0,25.0,18.0,20.084846,23.59689,20.051237,22.080444,20.73614,24.670933,19.728647,23.010199,20.085854,22.218307,15.013947,14.908464,19.926357,22.30735,20.37225,23.853838,20.033646,23.56709,4.0,4.0,0.0,4.0,0.0,0.0,0.0,0.0
8030,2023.0,2.0,25.0,18.0,20.52941,23.819855,20.112745,22.085854,20.93365,24.396841,20.358856,23.61537,20.112543,22.20216,15.012841,14.961694,20.390072,22.749292,21.173918,24.891827,16.648348,16.499062,0.0,4.0,0.0,0.0,0.0,0.0,0.0,0.0
8031,2023.0,2.0,25.0,18.0,21.153748,24.516079,17.988882,17.904732,21.135803,24.318375,21.181805,24.673834,18.059326,18.147362,15.013352,15.0017395,21.154276,23.760742,22.022705,25.892529,14.983073,14.536187,4.0,4.0,4.0,4.0,0.0,4.0,0.0,0.0
8032,2023.0,2.0,25.0,18.0,21.129932,24.136183,20.26033,22.576677,21.104303,23.945024,21.125944,24.210794,20.39192,22.770472,15.014577,15.034042,21.762793,24.514261,22.502857,26.310352,15.025754,14.839263,4.0,4.0,0.0,4.0,0.0,4.0,0.0,0.0
8033,2023.0,2.0,25.0,18.0,21.825653,25.033396,20.067034,22.023306,21.434244,24.306873,21.556986,24.624496,20.073805,22.143358,15.014953,15.057975,21.680954,24.037394,22.716043,26.349463,15.014976,14.966482,0.0,0.0,4.0,0.0,0.0,4.0,0.0,0.0
8034,2023.0,2.0,25.0,19.0,20.982012,23.320866,17.935781,17.8133,21.049597,23.413336,21.020847,23.483707,17.46324,17.02385,15.015298,15.076008,20.989471,22.636066,21.936626,24.777191,15.017887,15.067346,4.0,4.0,4.0,0.0,0.0,4.0,0.0,0.0
8035,2023.0,2.0,25.0,19.0,21.166979,23.594643,20.258215,22.570204,21.105686,23.416021,21.138693,23.62579,16.07155,15.345496,15.01613,15.093001,21.132809,22.849867,21.947023,24.519142,15.017882,15.133916,4.0,4.0,0.0,0.0,0.0,4.0,4.0,0.0
8036,2023.0,2.0,25.0,19.0,21.086456,23.360542,20.039986,21.949028,21.11897,23.376225,21.116741,23.490276,15.990832,15.665052,15.016725,15.107048,21.095886,22.733105,22.909649,26.069084,15.019856,15.184634,4.0,0.0,0.0,0.0,0.0,0.0,0.0,0.0
8037,2023.0,2.0,25.0,19.0,22.657553,26.000692,20.11307,21.986113,21.090914,23.227493,21.119972,23.419807,15.836501,15.541746,15.022561,15.112009,21.820179,23.937994,22.326435,24.72511,15.018833,15.217857,0.0,4.0,0.0,0.0,4.0,0.0,0.0,0.0
8038,2023.0,2.0,25.0,19.0,20.901712,22.71387,17.691238,17.266302,21.094646,23.178576,21.09151,23.354362,15.610897,15.330022,19.750202,22.983486,21.002207,22.354982,20.892689,22.207268,15.019483,15.244797,0.0,4.0,0.0,0.0,0.0,0.0,4.0,0.0
8039,2023.0,2.0,25.0,19.0,21.139595,23.220678,17.15279,17.159056,21.093067,23.12969,21.093586,23.340078,15.409061,15.138098,17.0722,17.410627,21.141647,22.648447,21.135635,22.818714,15.019837,15.264848,4.0,4.0,0.0,0.0,0.0,4.0,0.0,0.0
8040,2023.0,2.0,25.0,20.0,21.15551,23.246418,20.261497,22.793293,21.160116,23.225218,21.161074,23.454678,15.230406,14.966536,15.3638115,15.090957,21.131897,22.619251,21.182032,22.964794,15.020314,15.280756,4.0,4.0,0.0,0.0,0.0,0.0,0.0,0.0
8041,2023.0,2.0,25.0,20.0,21.943981,24.637722,20.057953,22.108055,21.091154,23.05183,21.09176,23.294054,15.06846,14.803576,14.997198,14.72045,21.81669,23.80978,21.101227,22.825436,15.470393,16.123642,4.0,4.0,0.0,0.0,0.0,4.0,0.0,4.0
8042,2023.0,2.0,25.0,20.0,20.970022,22.7261,20.09657,22.014503,21.11477,23.087858,21.09132,23.273308,15.005146,14.810508,15.021202,14.885098,20.977951,22.154846,21.078825,22.83491,19.613333,23.143497,4.0,0.0,0.0,0.0,0.0,4.0,0.0,0.0
8043,2023.0,2.0,25.0,20.0,21.097301,23.001362,20.090656,21.890768,21.084845,22.976263,21.066591,23.185078,15.012693,14.899569,15.015248,14.953847,21.071266,22.352776,21.081593,22.870834,16.84049,17.157042,4.0,4.0,4.0,0.0,0.0,4.0,0.0,4.0
8044,2023.0,2.0,25.0,20.0,22.25629,24.996748,20.107702,21.860485,21.113968,23.027922,21.071245,23.179867,15.012304,14.95347,15.016722,15.011988,22.047794,24.084837,21.081242,22.886805,20.249485,23.583498,0.0,0.0,4.0,0.0,0.0,0.0,0.0,0.0
8045,2023.0,2.0,25.0,20.0,20.918398,22.522701,18.032927,17.80786,21.083458,22.92047,21.121273,23.22773,15.013011,14.995203,15.016829,15.051867,20.95375,22.002935,22.212526,24.95932,16.723978,16.446436,4.0,4.0,0.0,0.0,0.0,4.0,0.0,0.0
8046,2023.0,2.0,25.0,21.0,22.257332,24.841507,20.239397,22.37529,21.165827,23.08314,21.157572,23.24293,15.488648,15.914762,15.017953,15.084694,21.802923,23.453163,21.98091,24.352575,14.987852,14.441367,0.0,0.0,0.0,4.0,0.0,4.0,0.0,0.0
8047,2023.0,2.0,25.0,21.0,20.910477,22.399374,17.713488,17.284414,21.082006,22.87163,21.112188,23.105833,20.391886,24.049755,15.017957,15.108956,20.94518,21.900085,22.103338,24.408268,15.051483,14.794044,0.0,4.0,0.0,0.0,0.0,4.0,0.0,0.0
8048,2023.0,2.0,25.0,21.0,21.103552,22.837963,16.637402,16.227858,21.111614,22.933203,21.083792,23.069338,16.733885,16.501938,15.018828,15.13084,21.073917,22.202747,20.912575,22.213839,15.916864,16.622637,0.0,0.0,0.0,0.0,0.0,4.0,0.0,4.0
8049,2023.0,2.0,25.0,21.0,21.075731,22.815657,16.865389,16.896055,21.105337,22.900513,21.062922,23.015753,14.981995,14.442752,15.019228,15.148771,21.087254,22.275024,21.06127,22.5841,19.954058,23.408352,4.0,0.0,4.0,0.0,0.0,0.0,4.0,0.0
8050,2023.0,2.0,25.0,21.0,21.166756,23.034853,20.24884,22.988573,21.162666,23.050703,21.167713,23.231222,15.066573,14.787354,15.019689,15.163872,21.127247,22.343348,21.19136,22.897718,17.156918,17.418312,0.0,0.0,4.0,0.0,0.0,4.0,0.0,4.0
8051,2023.0,2.0,25.0,21.0,21.099169,22.900263,18.244707,18.70645,21.0808,22.902649,21.093954,23.026997,15.003262,14.807118,15.019533,15.174954,21.088757,22.290253,21.057852,22.609776,20.421995,23.658897,4.0,0.0,4.0,0.0,0.0,0.0,4.0,0.0
8052,2023.0,2.0,25.0,22.0,22.130281,24.585892,20.26308,22.792765,21.152393,23.05517,21.151958,23.122551,15.015779,14.923543,15.020307,15.185867,21.817911,23.501554,22.50867,25.083036,16.91207,16.59324,0.0,0.0,0.0,0.0,0.0,0.0,0.0,0.0
8053,2023.0,2.0,25.0,22.0,20.920885,22.45102,17.787457,17.661432,21.055727,22.843725,21.084492,22.930403,15.014143,14.985127,15.004093,15.152705,20.954655,21.893705,20.886024,22.121729,15.218609,14.564913,4.0,4.0,4.0,0.0,4.0,4.0,0.0,0.0
8054,2023.0,2.0,25.0,22.0,21.843987,24.159607,20.19888,22.630413,21.735287,24.043242,21.936811,24.229494,15.015447,15.03507,19.78658,23.099985,21.67319,23.196936,22.493093,24.869728,15.1363535,14.845587,0.0,0.0,4.0,0.0,0.0,4.0,0.0,0.0
8055,2023.0,2.0,25.0,22.0,20.934254,22.456,17.575047,17.224936,20.97509,22.53644,20.919796,22.428797,15.0156975,15.070539,17.253344,17.794207,20.980932,21.909868,20.911673,22.08005,15.821597,16.280453,0.0,0.0,0.0,0.0,4.0,0.0,4.0,4.0
8056,2023.0,2.0,25.0,22.0,21.658348,23.692074,16.403948,15.998281,21.834072,23.869242,21.823637,23.896505,15.628194,15.939378,20.312355,23.473703,21.655115,23.023373,22.168003,24.159983,21.200607,25.159431,0.0,0.0,0.0,0.0,0.0,0.0,0.0,4.0
8057,2023.0,2.0,25.0,22.0,20.914057,22.34771,16.639715,16.65292,20.923931,22.335163,20.924147,22.336916,14.984765,14.959241,17.716824,18.177849,20.952192,21.793314,20.872416,21.937439,19.904892,22.561892,4.0,0.0,0.0,0.0,4.0,0.0,0.0,0.0
8058,2023.0,2.0,25.0,23.0,22.052568,24.25954,20.305882,23.224854,21.348436,23.252659,21.341753,23.267279,15.945612,16.529367,20.392702,23.294203,21.633305,22.971437,21.357239,22.985756,16.78165,16.32576,0.0,0.0,0.0,0.0,0.0,4.0,0.0,0.0
8059,2023.0,2.0,25.0,23.0,19.509102,19.240799,17.944456,18.217056,19.26418,19.267452,19.217367,19.222324,15.70279,15.638732,17.683002,17.887405,19.146355,18.391346,19.322178,19.139254,16.047253,15.997152,0.0,0.0,0.0,0.0,0.0,0.0,0.0,4.0
8060,2023.0,2.0,25.0,23.0,18.662611,18.370132,16.752863,16.391031,18.303581,17.894148,18.919172,19.115854,15.604704,15.810869,16.401562,16.021338,18.3462,17.382118,18.550772,18.176214,15.29772,14.698247,0.0,0.0,4.0,4.0,0.0,0.0,0.0,0.0
8061,2023.0,2.0,25.0,23.0,19.060732,19.475166,16.398434,15.99378,17.878841,17.442617,18.752352,19.017345,15.6801,15.942524,16.328594,16.216501,18.004658,17.057598,18.15903,17.792526,15.001363,14.478034,0.0,0.0,4.0,4.0,4.0,0.0,0.0,0.0
8062,2023.0,2.0,25.0,23.0,17.81778,17.198067,16.127817,15.733409,17.525005,17.106754,17.34314,16.548635,14.949462,14.733682,15.896438,15.594453,18.139267,17.674395,17.800583,17.458406,15.00756,14.732308,0.0,0.0,0.0,0.0,0.0,0.0,0.0,0.0
8063,2023.0,2.0,25.0,23.0,17.001804,16.213448,15.888869,15.486781,17.207344,16.78286,16.491987,15.503626,15.05527,15.010517,15.461951,15.10312,18.08872,17.703571,17.474909,17.133242,15.019808,14.885498,0.0,0.0,0.0,0.0,0.0,0.0,0.0,0.0
8064,2023.0,2.0,26.0,0.0,16.657482,15.892513,15.702644,15.310426,16.957386,16.547674,16.13621,15.169507,15.029695,15.016468,15.192893,14.846528,18.668282,18.969894,17.212093,16.888103,15.0174885,14.991134,0.0,0.0,0.0,0.0,0.0,4.0,0.0,0.0
8065,2023.0,2.0,26.0,0.0,16.837751,16.546162,15.541693,15.158623,16.742037,16.345184,16.320211,15.840486,15.249374,15.488772,14.996307,14.697663,17.70111,16.979464,16.983965,16.675425,15.018118,15.071132,0.0,0.0,0.0,4.0,0.0,0.0,0.0,0.0
8066,2023.0,2.0,26.0,0.0,16.831217,16.625385,15.395936,15.0167885,16.54749,16.156242,16.327301,15.949237,15.342617,15.619025,15.095053,15.023761,17.883635,17.757694,16.77169,16.46009,15.019275,15.132328,0.0,0.0,0.0,4.0,4.0,4.0,0.0,0.0
8067,2023.0,2.0,26.0,0.0,16.689247,16.498137,15.270538,14.898845,16.38054,15.999415,16.183083,15.822982,14.983661,15.008082,14.997488,14.909809,17.23855,16.476212,16.58754,16.281075,15.019785,15.178323,0.0,0.0,0.0,0.0,0.0,0.0,0.0,0.0
8068,2023.0,2.0,26.0,0.0,16.547165,16.363909,15.1542225,14.785829,16.22642,15.850016,16.033844,15.679523,15.045116,15.150019,15.008641,14.992601,16.797478,15.9641485,16.41924,16.113106,15.307199,15.742685,0.0,0.0,0.0,0.0,4.0,0.0,0.0,4.0
8069,2023.0,2.0,26.0,0.0,16.426247,16.256477,15.052595,14.6909075,16.091843,15.724493,15.901224,15.555499,15.002227,15.071317,15.024205,15.088747,16.600718,15.775927,16.27154,15.96901,14.959441,15.09832,0.0,0.0,0.0,4.0,0.0,0.0,0.0,0.0
8070,2023.0,2.0,26.0,1.0,17.098394,17.629467,15.45117,15.522466,15.97287,15.617622,15.783519,15.449319,15.042409,15.184243,15.020071,15.119644,16.885225,16.50815,16.141136,15.845525,15.044231,15.266952,4.0,0.0,0.0,0.0,0.0,0.0,0.0,0.0
8071,2023.0,2.0,26.0,1.0,16.607344,16.55979,15.15465,14.896872,15.857035,15.505982,15.668518,15.337964,15.034283,15.178484,15.005166,15.111656,16.931234,16.577393,16.016106,15.720729,15.033293,15.25095,0.0,0.0,0.0,0.0,4.0,0.0,0.0,0.0
8072,2023.0,2.0,26.0,1.0,15.762074,15.138555,15.007121,14.770759,15.7475,15.398849,15.559541,15.2307415,15.018888,15.189533,15.025969,15.187532,16.856836,16.503622,15.89902,15.603026,15.020344,15.260924,0.0,0.0,0.0,0.0,0.0,0.0,0.0,0.0
8073,2023.0,2.0,26.0,1.0,15.41012,14.729373,15.009569,14.830609,15.641224,15.290862,15.453872,15.122867,15.022826,15.226172,15.021645,15.198021,16.777369,16.42126,15.78704,15.48762,15.238003,15.681265,0.0,0.0,0.0,0.0,0.0,0.0,0.0,4.0
8074,2023.0,2.0,26.0,1.0,15.721288,15.51639,15.009176,14.873281,15.549356,15.205008,15.362765,15.037018,15.022006,15.248157,15.007247,15.17424,16.7046,16.349897,15.687933,15.390942,15.007154,15.231973,0.0,0.0,0.0,0.0,4.0,0.0,0.0,0.0
8075,2023.0,2.0,26.0,1.0,15.782943,15.627085,15.017629,14.929239,15.452793,15.104199,15.26727,14.936787,15.04295,15.309997,15.044199,15.28283,16.629545,16.27129,15.5880165,15.287032,15.014447,15.233566,0.0,0.0,0.0,0.0,0.0,0.0,0.0,4.0
8076,2023.0,2.0,26.0,2.0,15.72644,15.582111,15.01957,14.960454,15.367269,15.020833,15.182823,14.85382,15.07434,15.351454,15.045134,15.284872,16.560152,16.201347,15.496951,15.195946,15.073356,15.391442,0.0,0.0,0.0,4.0,0.0,0.0,0.0,0.0
8077,2023.0,2.0,26.0,2.0,15.654038,15.507664,15.021338,14.9900875,15.289478,14.948606,15.106109,14.78199,15.076292,15.3571005,15.045892,15.297461,16.495577,16.138706,15.412518,15.113684,15.073917,15.377557,0.0,0.0,0.0,0.0,0.0,0.0,0.0,0.0
8078,2023.0,2.0,26.0,2.0,15.582635,15.436631,15.010906,14.993107,15.218597,14.8854265,15.036228,14.719082,15.015947,15.271079,15.021029,15.263013,16.435148,16.081076,15.334197,15.03874,15.235523,15.687187,0.0,0.0,0.0,0.0,0.0,0.0,0.0,4.0
8079,2023.0,2.0,26.0,2.0,15.522511,15.386977,15.013253,15.020544,15.1483965,14.819823,15.001335,14.719649,15.026505,15.311697,15.026167,15.284834,16.376108,16.023558,15.258597,14.964965,15.004064,15.265793,0.0,0.0,0.0,0.0,0.0,0.0,0.0,0.0
8080,2023.0,2.0,26.0,2.0,15.452221,15.312266,15.024917,15.066847,15.0791855,14.753202,15.005741,14.783476,15.047005,15.369658,15.049004,15.341424,16.31952,15.968353,15.185774,14.893211,15.017086,15.269594,0.0,0.0,0.0,0.0,0.0,0.0,0.0,4.0
8081,2023.0,2.0,26.0,2.0,15.389815,15.252289,15.025938,15.084245,15.014595,14.693084,15.007978,14.827493,15.04727,15.373993,15.049047,15.341706,16.265951,15.916689,15.117264,14.826768,15.017473,15.288858,0.0,0.0,0.0,0.0,0.0,0.0,0.0,4.0
8082,2023.0,2.0,26.0,3.0,15.33074,15.196877,15.026865,15.103642,15.00281,14.733119,15.010319,14.867416,15.048905,15.386639,15.04948,15.349697,16.214554,15.867197,15.051851,14.763389,15.077538,15.454935,0.0,0.0,0.0,0.0,0.0,0.0,0.0,0.0
8083,2023.0,2.0,26.0,3.0,15.288541,15.173002,15.028223,15.122841,15.006241,14.784892,15.012407,14.902911,15.048575,15.393489,15.049603,15.355981,16.165804,15.820968,15.000959,14.7254925,15.075662,15.432299,0.0,0.0,0.0,0.0,0.0,0.0,0.0,0.0
8084,2023.0,2.0,26.0,3.0,15.241459,15.133256,15.028741,15.139638,15.007991,14.825173,15.014421,14.935394,15.048274,15.400416,15.049978,15.362695,16.119112,15.776788,15.004028,14.784603,15.0754795,15.433467,0.0,0.0,0.0,0.0,0.0,0.0,0.0,0.0
8085,2023.0,2.0,26.0,3.0,15.183813,15.072225,15.0300865,15.157651,15.010163,14.862513,15.01547,14.963679,15.0493965,15.409627,15.050494,15.369313,16.07417,15.73435,15.006996,14.820544,15.0470915,15.409209,0.0,0.0,0.0,0.0,0.0,0.0,0.0,0.0
8086,2023.0,2.0,26.0,3.0,15.124775,15.0100355,15.029157,15.169408,15.011554,14.894804,15.017405,14.992058,15.049845,15.416694,15.050544,15.374714,16.03078,15.693461,15.008439,14.850642,15.049065,15.442525,0.0,0.0,0.0,0.0,0.0,0.0,0.0,0.0
8087,2023.0,2.0,26.0,3.0,15.905124,16.527275,15.014255,15.155554,15.007315,14.912262,15.009258,14.998462,15.022497,15.374176,15.007246,15.286295,15.990273,15.656913,15.006395,14.868402,15.023096,15.412045,0.0,0.0,0.0,0.0,4.0,0.0,0.0,0.0
8088,2023.0,2.0,26.0,4.0,15.459123,15.461578,15.0167265,15.174653,15.008681,14.941019,15.010836,15.024319,15.026052,15.389378,15.030409,15.357722,15.949036,15.617811,15.007914,14.893591,15.125672,15.591886,0.0,0.0,0.0,0.0,0.0,0.0,0.0,4.0
8089,2023.0,2.0,26.0,4.0,14.980435,14.759401,15.017098,15.188497,15.009461,14.966635,15.011268,15.046213,14.995607,15.313639,15.02596,15.355363,15.906815,15.575428,15.009481,14.916432,15.152217,15.628552,0.0,0.0,0.0,4.0,0.0,0.0,0.0,4.0
8090,2023.0,2.0,26.0,4.0,15.032056,14.920758,15.032786,15.232145,15.018009,15.007594,15.022421,15.089205,15.053378,15.47572,15.052436,15.41202,15.865859,15.5353775,15.015938,14.9490385,15.079611,15.503891,0.0,0.0,0.0,0.0,0.0,0.0,0.0,0.0
8091,2023.0,2.0,26.0,4.0,15.000111,14.90271,15.033686,15.240059,15.019871,15.029762,15.023821,15.107315,15.002614,15.329506,15.052407,15.407023,15.826007,15.496411,15.01581,14.963185,15.079799,15.509565,0.0,0.0,0.0,4.0,0.0,0.0,0.0,0.0
8092,2023.0,2.0,26.0,4.0,15.005077,14.967495,15.034115,15.251141,15.020758,15.050763,15.02484,15.12657,15.085305,15.519245,15.052457,15.41019,15.786315,15.457597,15.017636,14.982776,15.078905,15.498775,0.0,0.0,0.0,0.0,0.0,0.0,0.0,0.0
8093,2023.0,2.0,26.0,4.0,15.006706,15.007796,15.035093,15.262881,15.021862,15.071418,15.024984,15.142211,15.082352,15.465747,15.052724,15.413535,15.746975,15.419119,15.018909,14.999704,15.049659,15.467941,0.0,0.0,0.0,0.0,0.0,0.0,0.0,0.0
8094,2023.0,2.0,26.0,5.0,15.008842,15.044797,15.035506,15.273187,15.023081,15.09151,15.025787,15.158733,15.049625,15.423663,15.0528,15.416873,15.707986,15.380978,15.019624,15.01525,15.051912,15.497796,0.0,0.0,0.0,0.0,0.0,0.0,0.0,0.0
8095,2023.0,2.0,26.0,5.0,15.010324,15.07567,15.036469,15.284489,15.024673,15.111562,15.027525,15.176203,15.051573,15.447804,15.053073,15.420872,15.668895,15.342293,15.021566,15.0328,15.052592,15.512472,0.0,0.0,0.0,0.0,0.0,0.0,0.0,0.0
8096,2023.0,2.0,26.0,5.0,15.011212,15.102375,15.037039,15.294623,15.025667,15.129574,15.028432,15.191228,15.052669,15.459359,15.053958,15.426195,15.629957,15.303746,15.022722,15.047909,15.053506,15.5260105,0.0,0.0,0.0,0.0,0.0,0.0,0.0,0.0
8097,2023.0,2.0,26.0,5.0,15.012755,15.127947,15.037734,15.304897,15.026263,15.145726,15.029326,15.205892,15.053045,15.468809,15.054054,15.429897,15.591175,15.26534,15.02457,15.065252,15.054937,15.538324,0.0,0.0,0.0,0.0,0.0,0.0,0.0,0.0
8098,2023.0,2.0,26.0,5.0,15.008032,15.137729,15.017568,15.277509,15.40853,15.858805,15.01403,15.190438,15.023432,15.423833,15.024114,15.381044,15.553341,15.22864,15.011624,15.054254,15.024216,15.491767,0.0,4.0,0.0,0.0,0.0,0.0,0.0,0.0
8099,2023.0,2.0,26.0,5.0,15.583888,16.22892,15.021063,15.294907,14.963014,15.014359,15.016827,15.2096815,15.028396,15.443155,15.028841,15.397152,15.515234,15.191283,15.014002,15.07277,15.029181,15.511788,0.0,0.0,0.0,0.0,0.0,0.0,0.0,0.0
8100,2023.0,2.0,26.0,6.0,15.804198,16.462975,15.040322,15.342855,15.064068,15.224602,15.032275,15.253761,15.0552435,15.502989,15.055803,15.455841,15.475914,15.151177,15.02738,15.113584,15.057278,15.575364,0.0,0.0,0.0,0.0,0.0,0.0,0.0,0.0
8101,2023.0,2.0,26.0,6.0,19.429262,22.63902,15.018665,15.306855,19.871405,23.465603,20.482496,24.56552,15.02463,15.445032,15.025087,15.397845,19.666542,22.274357,20.254599,24.157726,15.056066,15.533308,0.0,0.0,4.0,0.0,0.0,0.0,0.0,4.0
8102,2023.0,2.0,26.0,6.0,20.68853,24.336512,15.022094,15.322872,20.899504,24.75664,20.868904,24.703629,15.028472,15.454595,15.029232,15.4097805,21.090178,24.52093,21.15096,25.14351,19.85596,23.889524,0.0,0.0,0.0,0.0,0.0,4.0,0.0,0.0
8103,2023.0,2.0,26.0,6.0,20.669525,23.876575,15.022027,15.331097,21.146101,24.719536,21.156042,24.771423,14.998573,15.370773,15.028752,15.410603,20.9614,23.859102,21.695469,25.588957,16.068768,15.871932,0.0,0.0,0.0,4.0,0.0,0.0,0.0,0.0
8104,2023.0,2.0,26.0,6.0,20.984823,24.111872,15.022391,15.339661,21.107962,24.307083,21.109495,24.3549,19.757328,23.620201,15.028938,15.412213,21.11313,23.744904,22.150404,25.97262,15.070572,15.155486,0.0,0.0,0.0,0.0,0.0,4.0,0.0,0.0
8105,2023.0,2.0,26.0,6.0,21.14679,24.135538,15.022552,15.347267,21.109543,24.073542,21.112352,24.132896,17.085413,17.758497,15.029128,15.41394,20.901161,23.128284,22.527885,26.288548,15.019255,15.185023,0.0,0.0,0.0,4.0,0.0,0.0,0.0,0.0
8106,2023.0,2.0,26.0,7.0,21.0735,23.827055,15.000776,15.292129,21.106249,23.894169,21.1091,23.960846,20.159718,23.714739,15.029224,15.41582,20.976166,23.09638,22.719555,26.358772,15.234826,15.663757,4.0,0.0,0.0,4.0,0.0,0.0,0.0,4.0
8107,2023.0,2.0,26.0,7.0,21.081745,23.738533,19.338074,22.757029,21.081112,23.696358,21.10709,23.832537,20.06011,23.066568,15.009686,15.3609915,21.112022,23.1819,22.183477,25.165876,20.417994,24.642754,0.0,4.0,0.0,4.0,4.0,0.0,0.0,4.0
8108,2023.0,2.0,26.0,7.0,21.10684,23.652395,16.739386,17.127447,21.106703,23.670475,21.082052,23.667543,20.140028,22.928411,19.680939,23.30422,21.969381,24.514362,20.934313,22.840565,19.910048,23.173624,0.0,0.0,4.0,0.0,4.0,4.0,0.0,0.0
8109,2023.0,2.0,26.0,7.0,21.639101,24.463207,15.422527,15.578423,21.59192,24.34273,21.878286,25.034681,16.90287,16.475454,20.091059,23.569174,21.802696,23.98736,22.447836,25.477858,17.042973,17.256691,4.0,0.0,4.0,0.0,0.0,4.0,0.0,4.0
8110,2023.0,2.0,26.0,7.0,21.818996,24.464245,20.110083,23.904202,21.779562,24.347631,21.471058,23.964825,15.236516,14.445954,17.321604,17.79053,21.689404,23.572409,21.981215,24.411182,20.386324,23.606918,4.0,4.0,0.0,0.0,4.0,4.0,0.0,0.0
8111,2023.0,2.0,26.0,7.0,20.93009,22.88498,19.992947,23.095282,20.942997,22.843952,21.036299,23.16639,15.993093,16.384409,19.624416,22.315022,20.974009,22.331034,22.216694,25.087015,16.805374,16.455107,4.0,4.0,0.0,4.0,0.0,0.0,0.0,0.0
8112,2023.0,2.0,26.0,8.0,21.428947,23.698898,20.142431,22.99592,21.551224,23.734777,21.508278,23.769245,20.039679,23.082317,16.666489,16.28832,22.070362,24.320028,21.41853,23.197489,14.991927,14.364404,0.0,4.0,4.0,0.0,0.0,4.0,0.0,0.0
8113,2023.0,2.0,26.0,8.0,19.22925,19.36984,17.038002,16.768547,19.293535,19.289871,19.173006,19.177458,17.287922,17.419088,15.303227,14.902218,19.674896,19.567444,18.954096,18.84663,15.927324,16.47262,0.0,4.0,4.0,4.0,0.0,4.0,0.0,4.0
8114,2023.0,2.0,26.0,8.0,18.258259,18.12499,16.057173,15.545662,18.120806,17.72414,17.376772,16.465527,20.453848,23.25768,15.504688,15.493119,18.991123,18.74566,19.054173,19.602303,20.36008,24.044586,0.0,4.0,0.0,4.0,4.0,4.0,4.0,4.0
8115,2023.0,2.0,26.0,8.0,17.833986,17.74933,15.735683,15.353539,17.630632,17.27338,17.20288,16.807577,20.917612,23.759438,20.409792,23.76389,17.972548,17.130785,18.519085,18.634523,20.329956,23.465412,0.0,4.0,4.0,4.0,4.0,0.0,4.0,0.0
8116,2023.0,2.0,26.0,8.0,17.504932,17.449863,15.887146,15.919281,17.264114,16.938377,16.390476,15.534616,21.074217,23.826513,20.051342,22.843697,17.331114,16.433418,17.221571,16.592215,16.93841,16.606506,4.0,4.0,0.0,0.0,4.0,0.0,0.0,0.0
8117,2023.0,2.0,26.0,8.0,16.545885,15.907631,20.23766,23.643826,16.32208,15.4604845,15.768004,14.836775,17.840376,17.43248,20.141693,22.711643,16.977324,16.097212,16.44569,15.703015,15.248213,14.582449,0.0,0.0,0.0,0.0,0.0,0.0,0.0,0.0
8118,2023.0,2.0,26.0,9.0,15.975519,15.267572,17.703485,18.174803,15.730247,14.79137,15.415844,14.498678,16.039417,15.255454,17.132572,16.711432,16.702236,15.846532,16.028666,15.28967,15.096633,14.770509,0.0,0.0,0.0,0.0,0.0,0.0,0.0,0.0
8119,2023.0,2.0,26.0,9.0,15.727126,15.035073,16.20712,15.8735,15.4657955,14.543933,15.65156,15.2185135,15.964411,15.573953,16.26254,15.795844,16.949535,16.554665,15.777307,15.058955,14.996363,14.755481,0.0,0.0,0.0,0.0,0.0,0.0,0.0,0.0
8120,2023.0,2.0,26.0,9.0,16.718943,17.180185,15.742472,15.39897,15.658251,15.206745,15.637685,15.29295,16.54024,16.890184,15.990444,15.612142,16.954985,16.626635,15.898371,15.568766,15.02097,14.969801,0.0,0.0,0.0,4.0,0.0,0.0,0.0,0.0
8121,2023.0,2.0,26.0,9.0,16.631422,16.789661,15.896132,15.958113,15.67659,15.333102,15.496868,15.179433,20.051176,22.76979,15.66754,15.319493,16.84923,16.54457,15.872215,15.6061325,15.0193615,15.080641,4.0,0.0,0.0,0.0,0.0,0.0,0.0,0.0
8122,2023.0,2.0,26.0,9.0,15.711668,15.225701,20.055845,23.347374,15.551907,15.235558,15.355979,15.05638,17.12796,16.867788,15.381847,15.047376,17.502354,17.883854,16.85935,17.60156,15.02022,15.163563,0.0,0.0,0.0,0.0,0.0,4.0,4.0,0.0
8123,2023.0,2.0,26.0,9.0,16.041487,16.145426,17.887054,18.61005,15.427408,15.128766,15.229296,14.946643,15.507396,14.858321,15.152735,14.841773,17.375252,17.411026,15.838134,15.346825,15.020439,15.222273,4.0,0.0,0.0,0.0,0.0,4.0,0.0,0.0
8124,2023.0,2.0,26.0,10.0,16.220026,16.417704,19.859512,22.583767,15.314842,15.032358,15.115887,14.849207,15.398687,15.076214,14.998416,14.744796,17.274809,17.320301,15.225907,14.659221,15.020645,15.264917,0.0,0.0,0.0,0.0,0.0,4.0,0.0,0.0
8125,2023.0,2.0,26.0,10.0,15.489815,15.098151,17.468487,17.61242,15.213665,14.94708,15.753453,16.146564,15.306441,15.046683,15.231446,15.306925,16.57405,16.01663,16.134508,16.544842,15.020615,15.295645,4.0,0.0,4.0,0.0,4.0,0.0,4.0,0.0
8126,2023.0,2.0,26.0,10.0,15.095782,14.629364,20.074915,22.896587,15.122678,14.871312,15.370572,15.29121,15.133466,14.890744,20.037195,23.255924,16.174622,15.53256,15.457955,14.993442,15.020751,15.321178,0.0,0.0,0.0,0.0,0.0,0.0,0.0,0.0
8127,2023.0,2.0,26.0,10.0,15.003038,14.607663,17.40039,17.343918,15.040072,14.80353,15.363368,15.428539,14.997642,14.794543,17.430712,17.87324,16.028656,15.395281,14.998083,14.504061,15.020829,15.340551,0.0,0.0,4.0,0.0,0.0,0.0,0.0,0.0
8128,2023.0,2.0,26.0,10.0,15.200801,15.123448,16.015442,15.760775,15.0026455,14.814374,14.968403,14.752748,15.01645,14.928818,16.06975,16.198286,15.939624,15.325925,15.016498,14.632898,15.020531,15.3544855,0.0,0.0,0.0,0.0,4.0,0.0,0.0,0.0
8129,2023.0,2.0,26.0,10.0,15.228396,15.198492,15.744017,15.513155,15.281238,15.045845,15.625069,15.749362,15.72637,16.025026,20.160582,23.093958,16.17606,15.887559,16.245115,17.049429,15.851594,16.613705,0.0,0.0,0.0,0.0,0.0,0.0,4.0,0.0
8130,2023.0,2.0,26.0,11.0,15.189665,15.184172,15.5091,15.285001,15.76925,16.24628,14.996352,14.810464,15.008712,14.911575,17.97404,18.606503,16.27354,16.0436,16.434277,16.965616,15.636151,15.758848,0.0,4.0,0.0,0.0,4.0,0.0,4.0,0.0
8131,2023.0,2.0,26.0,11.0,15.125203,15.121786,15.307327,15.085526,15.371307,15.358863,16.02211,15.738104,16.23265,16.022959,20.13944,22.91569,16.256987,16.034203,15.405722,15.033588,16.031923,15.859479,0.0,0.0,0.0,0.0,0.0,0.0,0.0,0.0
8132,2023.0,2.0,26.0,11.0,15.065574,15.071232,15.134365,14.914596,15.000676,14.856794,15.127881,15.054568,15.008244,14.974466,17.44685,17.347057,16.227097,16.006693,14.994522,14.607332,14.981866,15.120498,0.0,0.0,0.0,0.0,0.0,0.0,0.0,0.0
8133,2023.0,2.0,26.0,11.0,15.010494,15.021057,14.998887,14.802879,15.020697,14.948787,15.01069,14.992688,15.540533,16.069946,16.09699,15.801676,17.087048,17.66969,15.013923,14.722664,15.024963,15.267741,0.0,0.0,0.0,4.0,0.0,4.0,0.0,0.0
8134,2023.0,2.0,26.0,11.0,15.004221,15.058602,15.010791,14.926384,15.00683,14.985147,15.558167,16.071741,19.981344,23.618227,15.811022,15.52487,16.299362,15.876082,15.010969,14.771449,15.018591,15.298119,0.0,0.0,4.0,0.0,0.0,0.0,0.0,0.0
8135,2023.0,2.0,26.0,11.0,15.00387,15.094573,15.010388,15.002143,15.009216,15.039286,15.7832575,16.350529,17.293095,17.743393,15.569158,15.288828,15.84782,15.308618,15.006737,14.820615,15.019467,15.329612,0.0,0.0,4.0,4.0,0.0,0.0,0.0,0.0
8136,2023.0,2.0,26.0,12.0,15.005301,15.126848,15.011655,15.065537,15.0097475,15.081153,14.975886,14.9421835,20.197426,23.47402,15.789056,15.888713,15.750979,15.213777,15.003941,14.861648,15.019525,15.35105,0.0,0.0,0.0,0.0,4.0,0.0,0.0,0.0
8137,2023.0,2.0,26.0,12.0,20.074215,24.002699,15.640856,15.3377905,20.061562,23.922647,19.514282,22.90634,17.117315,17.050964,20.27,23.505386,20.312754,23.12729,20.804644,24.807596,15.948439,16.827332,0.0,0.0,0.0,0.0,0.0,0.0,0.0,0.0
8138,2023.0,2.0,26.0,12.0,21.111395,25.206886,14.998622,15.079773,20.825287,24.713179,20.632996,24.337355,15.469632,14.944075,17.591187,18.011602,20.82362,23.795221,21.069613,24.839527,15.020737,15.202515,0.0,0.0,4.0,0.0,0.0,0.0,0.0,0.0
8139,2023.0,2.0,26.0,12.0,21.103384,24.71326,15.0145445,15.153032,21.169682,24.821789,20.820667,24.189121,15.343632,15.08627,15.918599,15.717563,21.3462,24.308798,21.102293,24.42356,15.046663,15.307534,0.0,0.0,0.0,0.0,0.0,0.0,0.0,0.0
8140,2023.0,2.0,26.0,12.0,21.07611,24.315939,15.013484,15.187232,21.07527,24.269648,21.093801,24.35516,15.236888,15.003138,15.546307,15.292198,21.768684,24.878317,21.784851,25.470554,15.015308,15.285463,0.0,4.0,0.0,0.0,0.0,4.0,0.0,0.0
8141,2023.0,2.0,26.0,12.0,21.139217,24.171993,15.150094,15.457307,21.108662,24.11801,21.124512,24.174969,15.084607,14.862555,15.33088,15.078677,21.371237,23.752821,22.553833,26.339754,15.018568,15.31101,4.0,0.0,0.0,0.0,0.0,0.0,0.0,0.0
8142,2023.0,2.0,26.0,13.0,21.733458,24.911663,20.090166,24.093254,21.731558,24.836565,21.797758,25.039265,15.001876,14.833961,15.1650505,14.912782,21.383953,23.50793,22.058363,24.999006,15.53317,16.26457,4.0,4.0,0.0,0.0,0.0,0.0,0.0,4.0
8143,2023.0,2.0,26.0,13.0,20.93366,23.334469,19.970564,23.239872,20.976967,23.376299,20.93829,23.404514,15.010612,14.927203,15.027505,14.7794485,21.028227,22.75255,20.899343,22.860085,19.797356,23.520046,0.0,0.0,0.0,0.0,0.0,0.0,0.0,0.0
8144,2023.0,2.0,26.0,13.0,21.137169,23.691887,16.897219,16.932564,21.133896,23.60405,21.119204,23.713285,15.009608,14.980722,15.008666,14.842334,22.023985,24.400229,21.111843,23.278349,17.098223,17.636198,0.0,0.0,0.0,0.0,0.0,0.0,0.0,4.0
8145,2023.0,2.0,26.0,13.0,21.107286,23.570818,15.535037,15.365344,21.088308,23.48477,21.09409,23.613464,15.010492,15.024994,15.009168,14.905775,21.756378,23.969385,21.081648,23.199017,20.284338,23.84715,0.0,0.0,0.0,0.0,0.0,0.0,0.0,0.0
8146,2023.0,2.0,26.0,13.0,21.108974,23.519712,15.27163,15.105348,21.092445,23.45984,21.072052,23.506237,15.010907,15.059397,15.009775,14.955944,21.411156,23.07296,21.08416,23.179844,16.967653,16.926777,0.0,0.0,4.0,0.0,0.0,4.0,0.0,0.0
8147,2023.0,2.0,26.0,13.0,21.086283,23.4686,15.047432,14.876243,21.090137,23.423332,21.07509,23.478613,15.590275,16.175156,15.010582,14.996673,21.061928,22.503183,21.08256,23.151909,15.302654,14.855695,0.0,0.0,4.0,4.0,0.0,0.0,0.0,0.0
8148,2023.0,2.0,26.0,14.0,21.063053,23.391132,15.010691,14.964182,21.0895,23.391987,21.119986,23.513647,20.132866,23.8695,15.010835,15.029204,21.083061,22.534687,22.256786,25.094551,15.133203,14.913761,0.0,0.0,0.0,0.0,0.0,0.0,0.0,0.0
8149,2023.0,2.0,26.0,14.0,18.891243,19.238636,15.012561,15.067258,18.897078,19.15663,18.432224,18.300678,16.944994,17.022535,15.011243,15.05694,19.099972,18.713537,19.029144,19.081387,15.000127,14.820768,0.0,0.0,0.0,0.0,0.0,0.0,0.0,0.0
8150,2023.0,2.0,26.0,14.0,17.28898,16.96566,15.220934,15.519856,17.527967,17.370026,16.878723,16.336683,15.208562,14.7770605,15.011996,15.08223,18.396803,18.083736,17.855883,17.62684,15.017217,14.979518,4.0,0.0,0.0,0.0,0.0,0.0,0.0,0.0
8151,2023.0,2.0,26.0,14.0,16.676083,16.289637,19.94293,23.612146,17.70787,18.100563,16.652716,16.39412,15.067953,14.833099,15.01275,15.10432,18.17002,17.886185,17.394747,17.150845,15.013996,15.066432,4.0,4.0,0.0,0.0,0.0,0.0,0.0,0.0
8152,2023.0,2.0,26.0,14.0,16.623096,16.544998,19.899961,23.044498,17.062595,16.963133,16.450838,16.252148,14.997604,14.814193,15.012321,15.115959,17.937212,17.660322,17.064447,16.821964,15.015501,15.139933,0.0,0.0,0.0,0.0,0.0,0.0,0.0,0.0
8153,2023.0,2.0,26.0,14.0,17.251532,17.894342,16.894888,16.93697,16.239023,15.734472,16.197392,16.010239,15.012846,14.939505,15.012248,15.124677,17.739569,17.472391,16.799242,16.566927,15.015955,15.195254,0.0,0.0,0.0,0.0,0.0,0.0,0.0,0.0
8154,2023.0,2.0,26.0,15.0,16.434895,16.262053,16.065275,16.30758,16.506632,16.54853,15.969922,15.786063,15.011136,15.006918,15.013087,15.136076,17.566393,17.305286,17.667738,18.417192,15.016835,15.237828,4.0,4.0,0.0,0.0,0.0,0.0,4.0,0.0
8155,2023.0,2.0,26.0,15.0,16.58017,16.90047,20.064201,23.419832,15.938034,15.493865,15.774091,15.594618,15.012475,15.063837,15.013677,15.147412,17.415709,17.16075,16.693953,16.347208,15.017229,15.270027,0.0,0.0,0.0,0.0,0.0,0.0,0.0,0.0
8156,2023.0,2.0,26.0,15.0,15.981754,15.758995,17.85689,18.623964,16.18254,16.245655,15.602479,15.42674,15.012559,15.105768,15.0134735,15.15613,18.097475,18.577337,16.043102,15.576243,15.017914,15.295938,4.0,4.0,0.0,0.0,0.0,4.0,0.0,0.0
8157,2023.0,2.0,26.0,15.0,16.299053,16.63176,19.948568,22.818068,15.653775,15.228941,15.451439,15.279003,15.013435,15.140962,15.014422,15.165981,18.34699,18.882444,15.790888,15.319992,15.018298,15.316552,0.0,0.0,0.0,0.0,0.0,4.0,0.0,0.0
8158,2023.0,2.0,26.0,15.0,15.749986,15.537925,17.291641,17.336575,15.238253,14.720135,15.3177805,15.149063,15.013934,15.1657915,15.013771,15.170767,17.298414,16.860239,15.834936,15.597654,15.018742,15.333884,0.0,0.0,0.0,0.0,0.0,0.0,0.0,0.0
8159,2023.0,2.0,26.0,15.0,16.12347,16.495821,15.905538,15.728855,15.050144,14.528979,15.196117,15.028501,15.014628,15.187165,15.014791,15.180027,16.768894,16.20888,15.7994175,15.598116,15.522095,16.276192,0.0,0.0,0.0,0.0,0.0,0.0,0.0,4.0
8160,2023.0,2.0,26.0,16.0,15.593399,15.4142065,15.610181,15.437844,15.914044,16.313915,15.09128,14.929014,15.015016,15.205277,15.015175,15.189986,16.59429,16.037127,15.69871,15.507286,20.182528,24.175768,0.0,4.0,0.0,0.0,0.0,0.0,0.0,4.0
8161,2023.0,2.0,26.0,16.0,15.192085,14.900902,15.845075,16.089928,15.620337,15.570695,14.998567,14.846232,15.015846,15.222634,15.015822,15.201289,16.457195,15.901647,15.593335,15.404236,20.05211,23.409801,4.0,0.0,0.0,0.0,0.0,0.0,0.0,0.0
8162,2023.0,2.0,26.0,16.0,15.023592,14.719529,20.009472,23.43678,15.691397,15.854967,15.270841,15.077734,15.373248,15.893465,15.016438,15.212323,17.460997,17.943207,15.497166,15.313506,17.435555,17.959856,0.0,4.0,0.0,4.0,0.0,4.0,0.0,4.0
8163,2023.0,2.0,26.0,16.0,15.970419,16.637056,17.800926,18.572369,15.770403,15.968272,15.007286,14.889312,20.353827,24.451202,15.016295,15.220769,16.779737,16.35048,15.405441,15.22469,20.389544,23.756346,4.0,4.0,0.0,4.0,0.0,0.0,0.0,4.0
8164,2023.0,2.0,26.0,16.0,16.062595,16.518864,20.101582,23.09863,15.461588,15.059441,16.057676,15.756133,20.056965,23.306253,15.009383,15.198474,17.117767,17.296757,15.319871,15.142034,20.06832,22.860302,0.0,0.0,0.0,0.0,4.0,4.0,0.0,0.0
8165,2023.0,2.0,26.0,16.0,15.29571,15.134969,17.644255,17.929037,14.996761,14.651123,15.1389265,15.093904,17.430468,17.824402,19.928596,23.367395,17.325935,17.521572,15.237136,15.060011,17.798088,18.253874,4.0,0.0,0.0,4.0,0.0,4.0,0.0,4.0
8166,2023.0,2.0,26.0,17.0,15.660737,16.036737,20.146935,23.089287,15.444482,15.571993,15.613268,16.117699,20.371176,23.578648,17.19323,17.69729,16.575886,16.102299,15.160983,14.988027,20.368008,23.365381,0.0,4.0,4.0,4.0,0.0,0.0,0.0,4.0
8167,2023.0,2.0,26.0,17.0,15.168625,14.992394,17.46623,17.515394,15.608614,15.800072,15.86417,16.42622,20.063976,22.69014,15.396989,15.226761,16.198748,15.653366,15.088684,14.917673,20.071882,22.609232,0.0,4.0,4.0,0.0,0.0,0.0,0.0,0.0
8168,2023.0,2.0,26.0,17.0,15.548316,15.90993,16.072866,15.885028,14.994073,14.765189,15.585234,15.832738,17.268112,17.11179,15.002269,14.806214,16.054537,15.50075,16.125965,16.934378,17.286924,17.116833,0.0,0.0,4.0,0.0,0.0,0.0,4.0,0.0
8169,2023.0,2.0,26.0,17.0,15.76001,16.173,16.214857,16.41161,15.326058,15.454946,14.985297,14.879966,16.505032,16.594263,15.212247,15.344496,15.941882,15.388918,15.278616,14.951958,15.833962,15.308843,4.0,4.0,0.0,4.0,4.0,0.0,0.0,0.0
8170,2023.0,2.0,26.0,17.0,15.768812,16.17068,20.165276,23.443405,15.456942,15.634591,15.226121,15.378206,20.305317,23.226398,19.796051,22.867767,16.128796,15.864713,15.475128,15.733586,15.341886,14.819211,4.0,4.0,4.0,0.0,0.0,0.0,0.0,0.0
8171,2023.0,2.0,26.0,17.0,15.775502,16.174969,20.051138,22.756632,15.964524,16.415468,16.013653,16.621092,17.28201,17.184198,17.353949,17.829538,16.98175,17.46524,15.801681,16.039618,15.271497,15.020873,4.0,0.0,0.0,0.0,0.0,4.0,0.0,0.0
8172,2023.0,2.0,26.0,18.0,15.77085,16.162865,20.121517,22.618769,15.840877,16.071796,15.919768,16.361702,16.377085,16.478186,15.559576,15.367856,16.98279,17.183645,15.3619795,15.238978,15.130943,14.919116,0.0,4.0,0.0,4.0,0.0,4.0,0.0,0.0
8173,2023.0,2.0,26.0,18.0,20.617184,24.511715,17.446262,17.290348,20.631268,24.49057,19.90727,23.237787,20.44389,23.465387,15.144975,14.9071455,20.733429,23.730736,20.963243,24.901234,15.001674,14.867917,0.0,4.0,0.0,0.0,0.0,4.0,0.0,0.0
8174,2023.0,2.0,26.0,18.0,21.08994,24.78326,16.244162,15.97601,21.040773,24.636112,21.189209,25.033964,17.23966,17.053066,15.003971,14.8484,20.598936,23.114195,21.474632,25.383183,15.016928,15.017684,0.0,4.0,4.0,0.0,0.0,0.0,0.0,0.0
8175,2023.0,2.0,26.0,18.0,21.101347,24.401525,15.921351,15.647879,21.121492,24.34747,21.097498,24.466948,15.931266,15.673891,15.196217,15.335993,21.196037,23.848269,22.115347,26.050161,15.017445,15.098072,0.0,4.0,0.0,0.0,4.0,4.0,0.0,0.0
8176,2023.0,2.0,26.0,18.0,21.139492,24.173548,16.111671,16.239128,21.141638,24.104696,21.137733,24.202602,16.436735,16.889042,20.198284,23.616005,21.746506,24.509748,22.529129,26.37147,15.661811,16.057453,4.0,0.0,4.0,4.0,4.0,4.0,0.0,0.0
8177,2023.0,2.0,26.0,18.0,21.270237,24.180271,20.17371,23.465166,21.279057,24.117796,21.509064,24.577557,20.193096,23.343163,19.883047,22.810068,21.305748,23.522787,21.996592,24.975845,15.832913,16.49328,0.0,0.0,4.0,0.0,0.0,0.0,4.0,4.0
8178,2023.0,2.0,26.0,19.0,21.052393,23.644878,17.666653,18.09536,21.082237,23.56989,21.06349,23.627523,17.543484,17.737226,16.771183,16.494316,21.071627,22.915873,22.052277,24.987211,19.640572,22.96528,0.0,4.0,0.0,4.0,0.0,4.0,0.0,0.0
8179,2023.0,2.0,26.0,19.0,21.128653,23.68662,16.440868,16.62695,21.105724,23.501791,21.11046,23.589462,20.433979,23.287437,15.532729,15.199458,22.237576,24.8666,22.286016,25.170506,16.47913,16.30031,4.0,4.0,4.0,0.0,0.0,4.0,0.0,0.0
8180,2023.0,2.0,26.0,19.0,21.595352,24.356007,20.191607,23.392365,21.941505,24.774593,21.883354,24.764277,17.253813,16.944345,15.279791,14.967132,21.810349,23.974575,22.1785,24.78802,14.982361,14.616844,0.0,4.0,4.0,0.0,0.0,0.0,0.0,0.0
8181,2023.0,2.0,26.0,19.0,21.01405,23.198542,17.686354,18.071487,20.950424,22.921425,20.966532,23.047497,15.596431,14.8924265,15.031172,14.729416,21.01239,22.416172,21.011786,22.7578,15.021797,14.889986,0.0,4.0,4.0,0.0,0.0,4.0,0.0,0.0
8182,2023.0,2.0,26.0,19.0,21.12893,23.405895,16.473587,16.634295,21.117315,23.229908,21.143982,23.396576,15.502998,15.16635,15.020486,14.890014,21.851469,23.922165,22.127338,24.889568,15.017167,15.004906,4.0,4.0,0.0,0.0,0.0,0.0,0.0,0.0
8183,2023.0,2.0,26.0,19.0,21.433235,23.83508,20.034325,22.975111,21.428036,23.716915,21.46891,23.802092,16.218767,16.665663,15.019215,14.989712,21.189636,22.638817,22.319519,24.947226,15.018728,15.093002,0.0,4.0,0.0,4.0,0.0,0.0,0.0,0.0
8184,2023.0,2.0,26.0,20.0,21.100132,23.276344,17.44218,17.474232,21.10464,23.16852,21.015465,23.001692,20.148859,23.155474,15.039575,15.091838,21.076748,22.465239,21.946604,24.289558,15.58101,16.204956,4.0,4.0,0.0,0.0,4.0,4.0,0.0,4.0
8185,2023.0,2.0,26.0,20.0,21.643028,23.990923,20.062078,22.840555,21.637024,23.864895,21.756947,24.136353,17.43417,17.516443,19.80541,23.062332,21.344677,22.884056,21.756668,23.639088,19.675495,22.990864,0.0,4.0,0.0,4.0,0.0,0.0,0.0,0.0
8186,2023.0,2.0,26.0,20.0,20.925596,22.74647,17.53781,17.518267,20.932163,22.642262,21.081165,23.155598,20.473,23.370567,17.294165,17.84112,21.02623,22.31734,20.903515,22.261145,16.218435,15.934823,4.0,4.0,0.0,4.0,4.0,0.0,4.0,0.0
8187,2023.0,2.0,26.0,20.0,21.875986,24.261003,20.22439,22.99598,21.633722,23.818527,21.79915,24.211622,20.667284,23.321695,20.188581,23.415682,21.435642,22.984016,22.004946,24.082678,15.682067,15.711564,0.0,0.0,4.0,4.0,0.0,0.0,4.0,0.0
8188,2023.0,2.0,26.0,20.0,20.913607,22.591879,17.66486,17.617659,20.98485,22.675402,21.029966,22.994589,19.968817,21.936188,17.479818,17.753094,20.971176,22.1764,21.06061,22.643175,15.899461,16.484499,4.0,0.0,4.0,0.0,0.0,4.0,0.0,4.0
8189,2023.0,2.0,26.0,20.0,21.8111,24.109613,20.126232,22.745459,21.865982,24.11208,22.02082,24.52256,17.291096,16.72458,15.713776,15.38782,21.652466,23.304794,22.175848,24.451778,20.511356,24.135418,0.0,0.0,4.0,0.0,0.0,4.0,0.0,4.0
8190,2023.0,2.0,26.0,21.0,20.921991,22.52813,17.629608,17.539194,20.932938,22.52116,20.91483,22.558023,16.608166,16.428625,15.264411,14.91923,20.95199,22.02865,20.885944,22.186176,20.069448,23.02261,4.0,0.0,4.0,4.0,0.0,4.0,0.0,0.0
8191,2023.0,2.0,26.0,21.0,22.03858,24.390593,20.205662,22.840586,21.756891,24.054663,21.906809,24.277807,20.422213,23.14006,14.996007,14.683002,21.8577,23.550768,22.409187,24.812147,17.391876,17.527864,4.0,0.0,4.0,0.0,0.0,4.0,0.0,4.0
8192,2023.0,2.0,26.0,21.0,22.30208,24.786638,20.072712,22.297604,21.98081,24.222403,22.159698,24.588713,17.207201,16.711485,15.024987,14.884339,21.697294,23.163671,21.829102,23.646006,20.507833,23.519064,0.0,0.0,0.0,0.0,0.0,4.0,4.0,4.0
8193,2023.0,2.0,26.0,21.0,20.919611,22.343313,17.320261,16.850782,21.030663,22.677534,20.931227,22.388885,16.03249,15.663501,15.076092,15.074917,21.097424,22.236153,21.121712,22.614933,20.07073,22.571192,0.0,4.0,4.0,0.0,4.0,0.0,0.0,0.0
8194,2023.0,2.0,26.0,21.0,21.102991,22.77513,16.196806,15.740312,21.092672,22.884304,21.115469,22.8211,16.605608,16.980106,19.946775,23.19374,21.088736,22.250929,21.099821,22.632162,17.658722,17.719542,0.0,0.0,4.0,4.0,0.0,0.0,0.0,4.0
8195,2023.0,2.0,26.0,21.0,21.108282,22.85723,15.935631,15.514304,21.113947,22.899075,21.091013,22.80747,20.438904,23.413782,17.146538,17.428528,21.089964,22.269976,21.102827,22.673182,20.46263,23.186562,0.0,0.0,4.0,4.0,0.0,0.0,0.0,0.0
8196,2023.0,2.0,26.0,22.0,21.10544,22.872332,15.656434,15.231141,21.110878,22.870117,21.118378,22.896318,20.072279,22.473766,15.695256,15.678721,21.063097,22.277845,21.206915,22.95183,17.159683,16.665796,0.0,0.0,0.0,0.0,4.0,0.0,0.0,0.0
8197,2023.0,2.0,26.0,22.0,21.494085,23.364727,15.416257,14.987862,21.482952,23.313126,21.475504,23.34277,17.077042,16.48559,20.278648,23.4495,21.370184,22.702606,21.581596,23.332535,16.291048,16.169271,0.0,0.0,0.0,0.0,0.0,4.0,0.0,4.0
8198,2023.0,2.0,26.0,22.0,21.034649,22.765486,15.684852,15.658276,21.064444,22.79018,20.972197,22.50145,15.563011,14.686733,17.67652,18.128119,20.950071,21.93288,21.406506,23.363644,20.4603,23.406496,4.0,0.0,0.0,0.0,4.0,4.0,0.0,0.0
8199,2023.0,2.0,26.0,22.0,21.862816,24.095533,20.107954,23.453712,21.721481,23.783993,21.760433,23.805014,16.217676,16.39048,20.420635,23.375786,21.635616,23.12746,21.890793,23.939133,17.021877,16.524006,0.0,0.0,0.0,4.0,4.0,0.0,0.0,0.0
8200,2023.0,2.0,26.0,22.0,21.750702,23.732586,17.47539,17.759052,21.990831,24.265633,21.828957,24.029245,21.165716,24.621792,20.079046,22.563019,21.880772,23.50175,22.246454,24.59046,16.61348,16.987064,0.0,0.0,4.0,0.0,0.0,0.0,0.0,4.0
8201,2023.0,2.0,26.0,22.0,21.12416,22.80411,15.74528,15.3992815,21.055931,22.717314,20.939295,22.429783,17.404898,16.996292,17.248571,16.879286,20.959267,21.810541,21.047464,22.585056,20.36496,23.278389,0.0,0.0,0.0,0.0,4.0,4.0,0.0,0.0
8202,2023.0,2.0,26.0,23.0,21.158195,22.899384,15.349616,14.91936,21.166243,22.973574,21.18656,22.9369,15.440411,14.563891,20.269888,22.79286,21.14499,22.253576,21.31718,23.171293,16.948065,16.43444,0.0,0.0,0.0,0.0,0.0,0.0,0.0,0.0
8203,2023.0,2.0,26.0,23.0,19.266062,19.339952,15.132478,14.691167,19.1449,19.115429,18.58902,17.961565,15.401733,14.970353,17.794214,17.906815,18.993948,18.149277,19.086872,18.896217,15.323903,14.546961,0.0,0.0,0.0,0.0,0.0,0.0,0.0,0.0
8204,2023.0,2.0,26.0,23.0,18.332191,18.032398,14.995671,14.559783,18.107492,17.611542,17.940712,17.393297,15.350272,14.998918,16.519592,16.074532,18.136705,17.050846,18.248835,17.832613,15.372018,15.015413,0.0,0.0,0.0,0.0,0.0,0.0,0.0,0.0
8205,2023.0,2.0,26.0,23.0,17.844204,17.547195,15.013126,14.707225,17.602142,17.098742,17.576315,17.079401,15.155385,14.80065,16.004728,15.545283,18.278036,17.784122,17.79411,17.394796,15.24351,14.92954,0.0,0.0,0.0,0.0,0.0,0.0,0.0,0.0
8206,2023.0,2.0,26.0,23.0,17.46765,17.171955,15.013191,14.793378,17.222681,16.717659,17.192694,16.70083,14.990883,14.675173,15.626178,15.182393,18.151697,17.707048,17.41763,17.026808,15.0169,14.695296,0.0,0.0,0.0,0.0,0.0,0.0,0.0,0.0
8207,2023.0,2.0,26.0,23.0,17.165249,16.879745,15.014359,14.863482,16.920368,16.42489,16.87428,16.392807,15.026718,14.852016,15.307705,14.87163,17.926563,17.496391,17.107784,16.730371,15.026359,14.882024,0.0,0.0,0.0,0.0,0.0,0.0,0.0,0.0
8208,2023.0,2.0,27.0,0.0,16.918802,16.65192,15.014603,14.92002,16.673283,16.196514,16.613438,16.152437,15.016097,14.914933,15.393047,15.283836,17.716858,17.289618,16.850584,16.49381,15.466082,15.814555,0.0,0.0,0.0,0.0,4.0,0.0,0.0,4.0
8209,2023.0,2.0,27.0,0.0,16.701286,16.446579,15.01513,14.966782,16.455004,15.990837,16.382996,15.935013,15.017243,14.977989,15.318974,15.209053,18.304197,18.573431,16.615107,16.259304,14.941664,14.850043,0.0,0.0,0.0,0.0,4.0,4.0,0.0,0.0
8210,2023.0,2.0,27.0,0.0,16.506096,16.256428,15.015698,15.00633,16.266623,15.816046,16.183613,15.749801,15.235212,15.424931,14.983057,14.775561,17.29826,16.488749,16.410124,16.062237,15.050403,15.101916,0.0,0.0,0.0,4.0,0.0,0.0,0.0,0.0
8211,2023.0,2.0,27.0,0.0,16.336054,16.096764,15.01673,15.041577,16.086355,15.635558,15.993374,15.559078,15.333637,15.556063,15.035296,14.977174,16.642885,15.689744,16.21768,15.865355,15.032155,15.098303,0.0,0.0,0.0,4.0,0.0,0.0,0.0,0.0
8212,2023.0,2.0,27.0,0.0,16.19274,15.965536,15.016794,15.070706,15.934829,15.494782,15.833658,15.409795,14.965304,14.920713,15.019047,15.017799,16.412117,15.471998,16.054495,15.706811,15.020501,15.133155,0.0,0.0,0.0,0.0,0.0,0.0,0.0,0.0
8213,2023.0,2.0,27.0,0.0,16.064999,15.851818,15.017604,15.098696,15.802605,15.377686,15.695259,15.286699,15.045758,15.084348,15.007753,15.042361,16.750147,16.334358,15.911896,15.572562,15.022104,15.180028,0.0,0.0,0.0,0.0,4.0,0.0,0.0,0.0
8214,2023.0,2.0,27.0,1.0,15.933766,15.719161,15.034667,15.157256,15.669221,15.245184,15.555962,15.147765,15.066812,15.136002,15.03937,15.16828,16.789286,16.385921,15.773962,15.433402,15.038116,15.248515,0.0,0.0,0.0,0.0,0.0,0.0,0.0,0.0
8215,2023.0,2.0,27.0,1.0,15.816369,15.604271,15.015465,15.137262,15.558615,15.147723,15.440637,15.045341,15.008782,15.069414,15.018109,15.144401,16.711086,16.312204,15.654826,15.320159,15.254116,15.655015,0.0,0.0,0.0,0.0,0.0,0.0,0.0,4.0
8216,2023.0,2.0,27.0,1.0,15.70961,15.503608,15.01948,15.164821,15.452844,15.050301,15.330632,14.943027,15.0253105,15.135619,15.026008,15.186172,16.632236,16.236277,15.543459,15.212053,14.982281,15.138272,0.0,0.0,0.0,0.0,0.0,0.0,0.0,0.0
8217,2023.0,2.0,27.0,1.0,15.60982,15.407695,15.037927,15.221079,15.351059,14.953091,15.225475,14.842142,15.037034,15.191677,15.045887,15.249389,16.557327,16.163946,15.439058,15.109661,15.073947,15.328089,0.0,0.0,0.0,0.0,0.0,0.0,0.0,0.0
8218,2023.0,2.0,27.0,1.0,15.518684,15.322503,15.038762,15.233225,15.258951,14.868673,15.130444,14.754344,15.038069,15.208832,15.046213,15.258575,16.48749,16.097343,15.343191,15.017215,15.039374,15.271767,0.0,0.0,0.0,0.0,0.0,0.0,0.0,0.0
8219,2023.0,2.0,27.0,1.0,15.435202,15.246591,15.037122,15.243583,15.172397,14.789372,15.041347,14.672038,15.039379,15.229488,15.021301,15.207178,16.421434,16.034447,15.253518,14.930842,15.044785,15.323371,0.0,0.0,0.0,0.0,4.0,0.0,0.0,0.0
8220,2023.0,2.0,27.0,2.0,15.36131,15.184161,15.037932,15.257991,15.090569,14.714398,15.002504,14.682084,15.040244,15.246143,15.048661,15.304254,16.358753,15.974852,15.169105,14.849628,15.045375,15.34498,0.0,0.0,0.0,0.0,0.0,0.0,0.0,0.0
8221,2023.0,2.0,27.0,2.0,15.283832,15.108639,15.038737,15.271209,15.013536,14.644545,15.007165,14.75788,15.04116,15.261475,15.049089,15.3054085,16.299652,15.919369,15.089765,14.773914,15.047344,15.368588,0.0,0.0,0.0,0.0,0.0,0.0,0.0,0.0
8222,2023.0,2.0,27.0,2.0,15.211479,15.041467,15.039387,15.28367,15.003416,14.700673,15.010254,14.812501,15.04267,15.276585,15.049643,15.317191,16.24344,15.866705,15.01463,14.702295,15.048023,15.386298,0.0,0.0,0.0,0.0,0.0,0.0,0.0,0.0
8223,2023.0,2.0,27.0,2.0,15.143862,14.979804,15.040008,15.29569,15.0068,14.759942,15.0124655,14.85951,15.077663,15.324927,15.050081,15.326706,16.189785,15.81656,15.003972,14.751562,15.047901,15.40082,0.0,0.0,0.0,4.0,0.0,0.0,0.0,0.0
8224,2023.0,2.0,27.0,2.0,15.079988,14.921987,15.040271,15.306677,15.0096445,14.809027,15.014331,14.900762,15.042676,15.294394,15.050712,15.336329,16.138441,15.768685,15.006988,14.799674,15.048648,15.41574,0.0,0.0,0.0,0.0,0.0,0.0,0.0,0.0
8225,2023.0,2.0,27.0,2.0,15.017796,14.864573,15.041182,15.318644,15.012105,14.852055,15.0164585,14.9386,15.045687,15.322281,15.0246725,15.274882,16.089197,15.722878,15.009308,14.8378525,15.049472,15.429265,0.0,0.0,0.0,0.0,4.0,0.0,0.0,0.0
8226,2023.0,2.0,27.0,3.0,15.001856,14.894945,15.041676,15.329234,15.013719,14.889243,15.018732,14.97342,15.046769,15.332257,15.026064,15.299433,16.041859,15.678938,15.01202,14.87216,15.051137,15.443413,0.0,0.0,0.0,0.0,4.0,0.0,0.0,0.0
8227,2023.0,2.0,27.0,3.0,15.005485,14.947273,15.042289,15.339585,15.015865,14.924237,15.020406,15.004266,15.047486,15.342182,15.053225,15.3813095,15.992928,15.630043,15.013592,14.900213,15.050915,15.452585,0.0,0.0,0.0,0.0,0.0,0.0,0.0,0.0
8228,2023.0,2.0,27.0,3.0,15.007957,14.987702,15.0432005,15.350135,15.018136,14.956508,15.022067,15.032955,15.046821,15.348938,15.053101,15.37674,15.944181,15.581346,15.015225,14.92598,15.0520115,15.464253,0.0,0.0,0.0,0.0,0.0,0.0,0.0,0.0
8229,2023.0,2.0,27.0,3.0,15.009365,15.022992,15.0439415,15.360022,15.019404,14.984585,15.023506,15.059499,15.047562,15.358825,15.053351,15.382323,15.896143,15.533338,15.017806,14.951579,15.052487,15.473817,0.0,0.0,0.0,0.0,0.0,0.0,0.0,0.0
8230,2023.0,2.0,27.0,3.0,15.011076,15.055608,15.044891,15.370066,15.021042,15.011811,15.025779,15.086168,15.048782,15.369162,15.054175,15.388226,15.848687,15.485892,15.01949,14.973552,15.052787,15.482893,0.0,0.0,0.0,0.0,0.0,0.0,0.0,0.0
8231,2023.0,2.0,27.0,3.0,15.014071,15.087833,15.045072,15.378306,15.022692,15.037425,15.026988,15.109171,15.04897,15.377246,15.054076,15.392684,15.80172,15.438915,15.019973,14.992323,15.053604,15.492809,0.0,0.0,0.0,0.0,0.0,0.0,0.0,0.0
8232,2023.0,2.0,27.0,4.0,15.015872,15.115172,15.046082,15.388163,15.024615,15.06223,15.028035,15.130988,15.04967,15.3866415,15.054941,15.399647,15.755172,15.39234,15.020993,15.011611,15.054734,15.502931,0.0,0.0,0.0,0.0,0.0,0.0,0.0,0.0
8233,2023.0,2.0,27.0,4.0,15.0176935,15.140939,15.046736,15.39676,15.025811,15.084335,15.029132,15.151387,15.00173,15.269573,15.02896,15.3356285,15.708397,15.344936,15.022364,15.030561,15.054579,15.510255,0.0,0.0,0.0,4.0,4.0,0.0,0.0,0.0
8234,2023.0,2.0,27.0,4.0,15.018358,15.162331,15.047497,15.405308,15.027408,15.106338,15.029811,15.169151,15.089256,15.467067,15.057084,15.428888,15.66164,15.297536,15.024574,15.050398,15.056795,15.522377,0.0,0.0,0.0,0.0,0.0,0.0,0.0,0.0
8235,2023.0,2.0,27.0,4.0,15.019302,15.183225,15.048507,15.414122,15.028907,15.127168,15.03078,15.18656,15.050841,15.3840475,15.056839,15.423093,15.615007,15.25024,15.025681,15.067211,15.05635,15.528383,0.0,0.0,0.0,0.0,0.0,0.0,0.0,0.0
8236,2023.0,2.0,27.0,4.0,15.020468,15.203203,15.048742,15.421283,15.029612,15.145566,15.032352,15.204283,15.002363,15.282943,15.057877,15.430918,15.568485,15.203035,15.028307,15.088275,15.057743,15.5387,0.0,0.0,0.0,4.0,0.0,0.0,0.0,0.0
8237,2023.0,2.0,27.0,4.0,15.022626,15.223918,15.049813,15.430149,15.030387,15.16303,15.033621,15.220472,15.090942,15.483983,15.058364,15.436263,15.522059,15.1559105,15.02926,15.104872,15.038156,15.470032,0.0,0.0,0.0,0.0,0.0,0.0,0.0,4.0
8238,2023.0,2.0,27.0,5.0,15.022607,15.239217,15.050464,15.437791,15.031233,15.1798315,15.03486,15.235883,15.088689,15.434214,15.058688,15.441881,15.475728,15.108865,15.030056,15.121314,15.093544,15.605173,0.0,0.0,0.0,0.0,0.0,0.0,0.0,0.0
8239,2023.0,2.0,27.0,5.0,15.025219,15.259813,15.0506,15.444657,15.032961,15.197925,15.035675,15.250157,15.050861,15.390731,15.058776,15.447574,15.431684,15.066256,15.031885,15.139491,15.031365,15.411775,0.0,0.0,0.0,0.0,0.0,0.0,0.0,4.0
8240,2023.0,2.0,27.0,5.0,15.026465,15.275456,15.051393,15.452972,15.033587,15.213146,15.036533,15.264191,15.05383,15.4247675,15.059334,15.454358,15.388626,15.02461,15.031719,15.153133,15.091428,15.587909,0.0,0.0,0.0,0.0,0.0,0.0,0.0,0.0
8241,2023.0,2.0,27.0,5.0,15.026943,15.28936,15.051672,15.46006,15.033917,15.227354,15.037175,15.277524,15.003977,15.310548,15.059955,15.461146,15.34621,14.983599,15.03336,15.170517,15.089319,15.55361,0.0,0.0,0.0,4.0,0.0,0.0,0.0,0.0
8242,2023.0,2.0,27.0,5.0,15.027246,15.303531,15.0518875,15.467119,15.034878,15.24239,15.038074,15.291211,15.092952,15.51642,15.060385,15.467423,15.304424,14.943218,15.035006,15.18694,15.059561,15.489478,0.0,0.0,0.0,0.0,0.0,0.0,0.0,4.0
8243,2023.0,2.0,27.0,5.0,15.027877,15.318092,15.052549,15.475078,15.035445,15.256135,15.038587,15.303609,15.090134,15.46692,15.060651,15.473397,15.263269,14.903468,15.035984,15.20164,15.092039,15.593458,0.0,0.0,0.0,0.0,0.0,0.0,0.0,0.0
8244,2023.0,2.0,27.0,6.0,15.029286,15.333622,15.052982,15.482276,15.036848,15.271249,15.039518,15.316741,15.05332,15.426033,15.060919,15.479236,15.222731,14.864334,15.035781,15.213839,15.090064,15.569265,0.0,0.0,0.0,0.0,0.0,0.0,0.0,0.0
8245,2023.0,2.0,27.0,6.0,19.712286,23.3898,15.02449,15.438578,19.709383,23.286148,19.674282,23.266867,15.026714,15.404484,15.028098,15.426478,20.3622,23.573978,20.113752,24.002491,15.024201,15.480899,0.0,0.0,0.0,0.0,0.0,4.0,0.0,0.0
8246,2023.0,2.0,27.0,6.0,20.519663,24.29554,15.028221,15.455664,20.601625,24.341654,20.553942,24.30752,15.029162,15.423548,15.031991,15.441005,20.297842,23.211708,20.87266,24.759747,15.021706,15.460928,0.0,0.0,0.0,0.0,0.0,0.0,0.0,4.0
8247,2023.0,2.0,27.0,6.0,21.098192,24.867767,15.027823,15.463521,21.158684,24.865574,21.131252,24.87001,15.028424,15.428553,15.031245,15.44331,20.03412,22.33436,21.143194,24.75826,19.07303,22.467337,0.0,0.0,0.0,0.0,0.0,0.0,0.0,0.0
8248,2023.0,2.0,27.0,6.0,21.111626,24.538176,15.028007,15.472022,21.107998,24.41173,21.110943,24.47636,14.999156,15.350131,15.015395,15.40045,20.297333,22.527058,21.917324,25.746862,15.725522,15.424411,0.0,0.0,0.0,4.0,4.0,0.0,0.0,0.0
8249,2023.0,2.0,27.0,6.0,21.112337,24.29479,15.006069,15.417105,21.114061,24.17738,21.116493,24.242447,20.23799,24.426529,19.581741,23.24378,21.212563,23.960114,22.558422,26.41764,15.104163,15.29121,4.0,0.0,0.0,4.0,4.0,0.0,4.0,0.0
8250,2023.0,2.0,27.0,7.0,21.59538,25.067232,19.441612,23.047867,21.417763,24.60649,21.686468,25.194342,20.05193,23.504278,20.082714,23.59547,21.195591,23.707338,21.649038,24.617523,15.270355,15.687048,4.0,0.0,4.0,4.0,4.0,0.0,4.0,4.0
8251,2023.0,2.0,27.0,7.0,21.281036,24.270933,19.865734,23.332571,21.351925,24.26178,21.267984,24.179483,20.148125,23.245504,20.104961,23.199999,21.79724,24.580256,22.13076,25.25288,20.29674,24.399664,4.0,0.0,0.0,4.0,4.0,4.0,4.0,4.0
8252,2023.0,2.0,27.0,7.0,20.503206,22.781303,19.166704,21.692036,21.048775,23.582172,21.061127,23.682165,20.102695,22.840975,19.592182,21.978725,20.931505,22.806602,21.726177,24.333134,19.60224,22.644997,4.0,4.0,4.0,4.0,4.0,4.0,4.0,4.0
8253,2023.0,2.0,27.0,7.0,20.292978,22.373976,18.827543,20.896503,21.08868,23.595741,20.360073,22.396332,19.619995,21.818552,19.559765,21.713634,20.96991,22.803017,20.99835,22.989023,19.848536,22.75448,0.0,4.0,0.0,0.0,4.0,4.0,4.0,4.0
8254,2023.0,2.0,27.0,7.0,21.014404,23.611881,16.232372,15.807102,20.565176,22.590775,20.886332,23.22381,16.774128,16.263115,19.757524,21.872013,21.070663,22.888025,21.09685,23.18865,20.097502,22.922832,0.0,0.0,4.0,0.0,4.0,4.0,4.0,4.0
8255,2023.0,2.0,27.0,7.0,21.059906,23.609158,15.702465,15.730791,21.165592,23.599655,21.111916,23.55308,16.106833,16.009737,19.953928,22.093195,21.068344,22.823519,21.509739,23.91368,20.09133,22.701202,4.0,4.0,4.0,4.0,0.0,4.0,0.0,4.0
8256,2023.0,2.0,27.0,8.0,21.108143,23.596174,19.610317,22.631918,21.097101,23.379726,21.106993,23.459486,19.812504,22.423552,17.18576,16.659313,21.629524,23.747435,22.524828,25.56733,20.094418,22.552979,0.0,4.0,4.0,0.0,0.0,4.0,4.0,4.0
8257,2023.0,2.0,27.0,8.0,18.676123,18.8574,17.639013,18.327574,18.662922,18.65773,18.140379,17.741814,17.39437,17.514114,16.00354,15.559912,19.391788,19.3304,18.935484,18.515432,20.090822,22.431103,4.0,4.0,0.0,4.0,0.0,4.0,0.0,4.0
8258,2023.0,2.0,27.0,8.0,17.511366,17.503351,19.965534,22.883411,17.399693,17.134422,17.091095,16.797018,20.351292,23.19226,15.7176895,15.331422,18.481802,18.331652,17.143353,16.388199,20.123512,22.43608,4.0,4.0,4.0,0.0,0.0,4.0,0.0,0.0
8259,2023.0,2.0,27.0,8.0,17.153059,17.166416,20.068092,22.754234,16.34121,15.522724,16.176304,15.374962,17.15581,16.845062,15.816827,15.8119545,18.229168,18.11143,17.560963,17.71386,17.243052,16.833807,4.0,0.0,0.0,0.0,4.0,4.0,4.0,0.0
8260,2023.0,2.0,27.0,8.0,16.903814,16.945017,20.241495,22.760267,15.709438,14.8149185,15.555365,14.68096,15.426853,14.711158,20.36569,23.498184,18.030035,17.940933,16.7168,16.13888,15.756212,15.068535,4.0,0.0,0.0,0.0,0.0,4.0,0.0,0.0
8261,2023.0,2.0,27.0,8.0,16.692635,16.752325,20.067335,22.331184,15.359335,14.481971,15.211372,14.353691,15.293562,14.937153,17.585543,17.875895,17.168968,16.484758,16.005491,15.319512,15.216329,14.52888,0.0,0.0,0.0,0.0,0.0,0.0,0.0,0.0
8262,2023.0,2.0,27.0,9.0,16.532782,16.625334,17.3392,17.027119,16.233562,16.435175,16.087753,16.306248,15.174257,14.8851185,15.891491,15.632465,16.620771,15.841133,15.634048,14.954133,15.176834,14.844373,0.0,4.0,4.0,0.0,0.0,0.0,0.0,0.0
8263,2023.0,2.0,27.0,9.0,15.70472,15.198287,16.86062,16.719381,15.405063,14.779145,15.688371,15.505756,14.999907,14.736253,15.509296,15.185487,16.392302,15.616831,15.74161,15.414463,15.072596,14.804717,4.0,0.0,0.0,0.0,0.0,0.0,0.0,0.0
8264,2023.0,2.0,27.0,9.0,15.2223425,14.646401,20.21464,22.944887,15.70396,15.431468,15.671248,15.455981,15.019319,14.921123,15.22237,14.901351,16.201483,15.452172,15.69318,15.4278965,15.01043,14.879385,4.0,0.0,0.0,0.0,0.0,0.0,0.0,0.0
8265,2023.0,2.0,27.0,9.0,15.34404,14.750579,20.08218,22.449722,15.52833,15.399452,15.711757,14.832083,15.016999,15.018526,15.421539,15.49058,16.409037,16.054087,15.5481,15.303216,15.018177,15.025634,0.0,4.0,0.0,0.0,4.0,0.0,0.0,0.0
8266,2023.0,2.0,27.0,9.0,15.645494,15.412115,17.324284,17.021341,15.644893,15.603611,15.092919,14.801661,15.593123,15.856583,20.270271,23.563946,16.459646,16.175459,15.406677,15.174147,15.616544,15.925146,0.0,4.0,0.0,0.0,0.0,0.0,0.0,0.0
8267,2023.0,2.0,27.0,9.0,16.457914,17.11106,16.130209,15.780156,15.601249,15.586452,14.999033,14.750679,15.005105,14.961032,17.502464,17.894358,17.149326,17.55198,15.276766,15.049184,14.990266,14.976084,0.0,4.0,0.0,0.0,0.0,4.0,0.0,0.0
8268,2023.0,2.0,27.0,10.0,15.517528,15.242059,15.835591,15.522275,14.98381,14.594416,15.010337,14.873259,15.036679,15.125377,15.738787,15.517757,16.30468,15.718579,15.158251,14.933959,15.036495,15.16936,0.0,0.0,0.0,0.0,0.0,0.0,0.0,0.0
8269,2023.0,2.0,27.0,10.0,14.986115,14.62967,15.53194,15.209853,15.032404,14.796321,15.011448,14.954229,15.015775,15.145551,15.292063,14.997763,15.836469,15.180907,15.048949,14.825627,15.018436,15.200586,0.0,0.0,0.0,0.0,0.0,0.0,0.0,0.0
8270,2023.0,2.0,27.0,10.0,15.021554,14.824364,15.300052,14.999618,15.020207,14.848335,15.546146,16.014608,15.019666,15.196591,15.056265,14.778657,15.7045355,15.061439,15.002265,14.826409,15.0207405,15.252808,0.0,0.0,4.0,0.0,0.0,0.0,0.0,0.0
8271,2023.0,2.0,27.0,10.0,15.024892,14.951181,15.585124,15.724176,15.008303,14.91288,14.984679,14.982794,15.019438,15.228559,15.013868,14.869415,15.96243,15.689703,15.008757,14.894898,15.020971,15.292918,4.0,0.0,0.0,0.0,0.0,0.0,0.0,0.0
8272,2023.0,2.0,27.0,10.0,15.319387,15.246801,19.92116,23.335352,15.726589,16.029907,15.713265,16.116661,15.019581,15.253079,15.015723,14.976329,16.01389,15.755596,15.224838,14.992457,15.021275,15.3231535,0.0,0.0,0.0,0.0,0.0,0.0,0.0,0.0
8273,2023.0,2.0,27.0,10.0,15.073817,15.064951,17.717903,18.459547,15.037372,14.968755,15.076472,15.047907,15.0199585,15.273964,15.016147,15.044366,16.770275,17.225292,14.993849,14.863079,15.021213,15.344947,4.0,0.0,0.0,0.0,0.0,4.0,0.0,0.0
8274,2023.0,2.0,27.0,11.0,15.335128,15.309734,20.194931,23.39191,15.971538,15.649432,15.463915,15.90507,15.020024,15.288648,15.016981,15.093291,16.001732,15.490366,16.36391,16.14057,15.021564,15.362884,0.0,0.0,4.0,0.0,0.0,0.0,0.0,0.0
8275,2023.0,2.0,27.0,11.0,15.055272,15.07065,17.205645,17.175303,15.004647,14.985355,14.970013,14.941424,15.019788,15.298757,15.0159855,15.123037,15.577847,14.9950285,15.123498,14.977222,15.02144,15.375669,0.0,0.0,0.0,0.0,0.0,0.0,0.0,0.0
8276,2023.0,2.0,27.0,11.0,15.007284,15.086281,15.331062,14.6855955,15.017758,15.076852,15.0358925,15.126403,15.019759,15.307035,15.016663,15.147751,15.481683,14.905962,15.020237,14.976854,15.0216255,15.38628,0.0,0.0,0.0,0.0,0.0,0.0,0.0,0.0
8277,2023.0,2.0,27.0,11.0,15.00898,15.150256,15.24905,14.946231,15.011911,15.116769,15.024599,15.141691,15.019355,15.313074,15.017163,15.166837,15.747327,15.514576,15.008683,14.994659,15.021952,15.394975,0.0,0.0,0.0,0.0,0.0,0.0,0.0,0.0
8278,2023.0,2.0,27.0,11.0,15.01366,15.211734,15.137085,14.885123,15.022779,15.183792,15.023638,15.198454,15.038224,15.35566,15.030754,15.210032,15.807642,15.579185,15.015716,15.041868,15.041448,15.43971,0.0,0.0,0.0,0.0,0.0,0.0,0.0,0.0
8279,2023.0,2.0,27.0,11.0,15.015978,15.251762,15.00229,14.801414,15.024564,15.216992,15.025484,15.242,15.037654,15.352929,15.030621,15.215058,15.789244,15.56606,15.015997,15.06058,15.041748,15.43846,0.0,0.0,0.0,0.0,0.0,0.0,0.0,0.0
8280,2023.0,2.0,27.0,12.0,15.017323,15.283581,15.012188,14.965775,15.026033,15.247164,15.026993,15.275844,15.038655,15.358707,15.031369,15.22563,15.770928,15.553004,15.017073,15.080243,15.041285,15.441002,0.0,0.0,0.0,0.0,0.0,0.0,0.0,0.0
8281,2023.0,2.0,27.0,12.0,19.815306,23.556665,15.011719,15.04298,19.832132,23.531454,19.721996,23.315735,15.017339,15.323101,15.02662,15.204154,20.750172,23.957157,20.232584,24.082006,15.019062,15.403869,0.0,0.0,0.0,0.0,4.0,4.0,0.0,0.0
8282,2023.0,2.0,27.0,12.0,21.151901,25.364786,15.013917,15.116769,21.144188,25.283985,20.930216,24.954704,15.018869,15.325869,19.910204,23.375713,20.387241,23.06774,21.127382,25.081175,15.020669,15.405378,0.0,4.0,0.0,0.0,0.0,0.0,0.0,0.0
8283,2023.0,2.0,27.0,12.0,21.106491,24.814533,15.013321,15.165409,21.109533,24.743923,21.118279,24.792782,15.018212,15.319318,17.217909,17.717926,20.666143,23.200066,21.878342,25.89815,15.019507,15.39591,0.0,0.0,4.0,0.0,0.0,0.0,0.0,0.0
8284,2023.0,2.0,27.0,12.0,20.985765,24.236567,15.014319,15.206727,21.028452,24.22348,21.109184,24.465511,15.017666,15.311486,15.419704,15.236844,20.853123,23.235575,22.15349,25.938114,15.019305,15.386028,0.0,0.0,0.0,0.0,0.0,0.0,0.0,0.0
8285,2023.0,2.0,27.0,12.0,21.10284,24.173191,15.014718,15.241737,21.124834,24.13298,21.130592,24.229425,15.017088,15.3036,15.076795,14.854921,21.83584,24.762999,22.764847,26.664352,15.018563,15.37513,0.0,0.0,0.0,0.0,0.0,0.0,0.0,0.0
8286,2023.0,2.0,27.0,13.0,21.121344,24.04785,15.015512,15.27339,21.095234,23.928497,21.120857,24.013062,15.375205,15.956083,15.011828,14.892383,22.171007,25.101385,23.12446,26.983738,15.018321,15.366157,0.0,0.0,0.0,4.0,0.0,0.0,0.0,0.0
8287,2023.0,2.0,27.0,13.0,21.116838,23.898352,15.015706,15.300139,21.099796,23.820963,21.099524,23.867983,19.846125,23.545218,15.012906,14.980249,22.247574,24.999847,21.766605,24.433714,15.0183,15.358201,0.0,0.0,0.0,0.0,0.0,0.0,0.0,0.0
8288,2023.0,2.0,27.0,13.0,21.068884,23.71773,15.016141,15.323357,21.097433,23.725636,21.100649,23.788084,16.721655,16.806282,15.012819,15.041052,20.95017,22.526264,21.1214,23.295061,15.017562,15.353117,0.0,0.0,0.0,0.0,0.0,0.0,0.0,0.0
8289,2023.0,2.0,27.0,13.0,21.095034,23.675337,15.016861,15.342345,21.070076,23.5814,21.096815,23.714628,14.96343,14.658827,15.01405,15.087847,21.08794,22.80414,21.683243,24.29112,15.017275,15.349636,0.0,4.0,0.0,0.0,0.0,0.0,0.0,0.0
8290,2023.0,2.0,27.0,13.0,21.115482,23.664782,15.017164,15.358335,21.075745,23.537329,21.097277,23.660076,15.02759,14.930347,15.013726,15.119677,22.04836,24.396084,20.893337,22.67991,15.017718,15.34836,0.0,4.0,0.0,0.0,0.0,0.0,0.0,0.0
8291,2023.0,2.0,27.0,13.0,21.10941,23.590425,15.017516,15.37225,21.11962,23.553986,21.095945,23.610949,15.011011,15.001389,15.014123,15.146949,21.790678,24.002888,21.111605,23.15118,15.017665,15.3469715,0.0,0.0,0.0,0.0,0.0,0.0,0.0,0.0
8292,2023.0,2.0,27.0,14.0,21.108215,23.535067,15.017794,15.384337,21.109911,23.461222,21.09464,23.568245,15.014005,15.079087,15.014408,15.167079,22.069971,24.222672,21.079237,23.099155,15.017659,15.346369,0.0,0.0,0.0,0.0,0.0,0.0,0.0,0.0
8293,2023.0,2.0,27.0,14.0,18.855583,19.199278,15.018085,15.394863,18.508451,18.4167,18.720854,18.97318,15.0137415,15.13067,15.014565,15.182805,20.566675,21.175045,18.951864,19.008806,15.017373,15.346156,0.0,0.0,0.0,0.0,0.0,4.0,0.0,0.0
8294,2023.0,2.0,27.0,14.0,17.557852,17.578878,15.018274,15.40402,17.302883,17.099098,17.301584,17.170135,15.0142975,15.17347,15.014975,15.196644,19.004675,18.844954,17.777708,17.559196,15.018024,15.350207,0.0,0.0,0.0,0.0,0.0,0.0,0.0,0.0
8295,2023.0,2.0,27.0,14.0,17.068834,17.047764,15.01851,15.412232,16.898352,16.687656,16.787136,16.606928,15.015593,15.205556,15.015292,15.208565,18.080013,17.483599,17.307268,17.066273,15.01833,15.355557,0.0,0.0,0.0,0.0,0.0,0.0,0.0,0.0
8296,2023.0,2.0,27.0,14.0,16.735115,16.711863,15.018777,15.419663,16.5746,16.365688,16.441912,16.260159,15.01567,15.228796,15.015576,15.218793,18.439684,18.547915,16.981237,16.746485,15.018697,15.361699,0.0,0.0,0.0,0.0,0.0,4.0,0.0,0.0
8297,2023.0,2.0,27.0,14.0,16.465939,16.44585,15.018914,15.426072,17.040075,17.478094,16.165,15.988476,15.016101,15.247801,15.015866,15.22805,17.73865,17.210714,16.716599,16.492218,15.01867,15.3675995,0.0,4.0,0.0,0.0,0.0,0.0,0.0,0.0
8298,2023.0,2.0,27.0,15.0,17.040041,17.728168,15.000195,15.375582,17.171696,17.70045,15.93064,15.75811,15.384559,15.938218,15.016075,15.23635,18.075598,18.209436,16.490654,16.27452,15.01919,15.374481,4.0,4.0,0.0,4.0,0.0,4.0,0.0,0.0
8299,2023.0,2.0,27.0,15.0,16.505825,16.643295,19.277868,22.676422,16.768019,16.976374,15.732532,15.566358,19.887003,23.576029,15.016728,15.244073,17.450083,16.969255,16.298546,16.092583,15.0192995,15.380662,0.0,4.0,0.0,0.0,0.0,0.0,0.0,0.0
8300,2023.0,2.0,27.0,15.0,15.800323,15.562564,17.042696,17.739462,16.533438,16.706224,15.558703,15.396329,16.856426,17.034283,15.028103,15.244132,17.01103,16.457577,16.128386,15.929157,15.020154,15.389896,0.0,4.0,0.0,0.0,4.0,0.0,0.0,0.0
8301,2023.0,2.0,27.0,15.0,16.218102,16.573376,15.6768465,16.036867,16.426062,16.60613,15.40679,15.248038,15.00078,14.689884,19.565903,23.003834,16.814604,16.26358,15.978484,15.785538,15.020251,15.397762,4.0,4.0,0.0,0.0,0.0,0.0,0.0,0.0
8302,2023.0,2.0,27.0,15.0,16.401653,16.842686,20.011305,23.586447,15.673344,15.287726,16.01123,16.497295,15.02603,14.9172535,17.035688,17.538637,16.924587,16.646051,15.845183,15.658013,15.020493,15.405868,0.0,0.0,4.0,0.0,0.0,0.0,0.0,0.0
8303,2023.0,2.0,27.0,15.0,15.695058,15.552871,17.493567,18.164814,15.928225,16.045372,15.622735,15.639558,15.012366,15.006911,15.368955,15.242656,16.92966,16.698545,15.725167,15.54325,15.020532,15.412808,0.0,4.0,0.0,0.0,0.0,0.0,0.0,0.0
8304,2023.0,2.0,27.0,16.0,15.258082,14.989296,16.079224,16.420916,16.089664,16.296299,14.97698,14.6712,15.016114,15.096542,14.989722,14.811689,16.84816,16.624693,15.614309,15.434642,15.483526,16.264742,4.0,4.0,0.0,0.0,0.0,0.0,0.0,4.0
8305,2023.0,2.0,27.0,16.0,15.0847845,14.812842,19.920904,23.065933,16.05355,16.26757,15.406064,15.229506,15.01543,15.156325,15.018897,14.9784565,16.767054,16.550257,15.518364,15.34531,19.413197,22.917263,4.0,4.0,0.0,0.0,0.0,0.0,0.0,0.0
8306,2023.0,2.0,27.0,16.0,15.206849,15.189139,20.039482,22.91341,15.337137,14.9747505,16.58956,17.259176,15.016275,15.1990595,15.012989,15.044247,16.689249,16.476189,15.428037,15.258824,16.377014,16.456831,4.0,0.0,4.0,0.0,0.0,0.0,0.0,0.0
8307,2023.0,2.0,27.0,16.0,16.024382,16.752478,20.11062,22.778671,15.293554,14.782376,16.289982,16.865726,15.392094,15.922572,15.014174,15.10111,16.617153,16.407934,15.343908,15.178014,14.985712,14.880532,4.0,0.0,4.0,4.0,0.0,0.0,0.0,0.0
8308,2023.0,2.0,27.0,16.0,16.034878,16.528536,20.098528,22.563055,15.306495,14.807851,15.963575,16.240688,20.18541,24.140137,15.014696,15.1371,16.549557,16.343658,15.264989,15.102299,15.0228615,15.103999,4.0,0.0,4.0,0.0,0.0,0.0,0.0,0.0
8309,2023.0,2.0,27.0,16.0,15.950837,16.419868,20.113895,22.467987,15.937922,16.39255,15.48001,15.104027,16.833931,16.967493,15.015138,15.163494,16.48591,16.283546,15.190556,15.031025,15.017921,15.194992,0.0,4.0,0.0,0.0,0.0,0.0,0.0,0.0
8310,2023.0,2.0,27.0,17.0,15.946464,16.412506,17.872896,18.047674,15.967725,16.242836,15.569285,15.748591,14.993443,14.674729,15.015253,15.183661,17.262539,17.812138,15.121017,14.964796,15.584341,16.313778,4.0,4.0,4.0,0.0,0.0,4.0,0.0,4.0
8311,2023.0,2.0,27.0,17.0,15.232773,15.083955,20.199259,22.851736,15.824407,16.056828,15.695499,15.938703,15.025607,14.916667,15.016346,15.203312,17.561537,18.141832,15.053012,14.897836,20.358086,24.465555,0.0,4.0,4.0,0.0,0.0,4.0,0.0,4.0
8312,2023.0,2.0,27.0,17.0,15.59382,15.993918,17.887882,18.09971,15.768145,15.9913025,14.998937,14.802274,15.592858,16.110228,15.016588,15.219498,16.551733,16.147472,14.998599,14.856494,20.060804,23.39009,4.0,4.0,0.0,4.0,0.0,0.0,0.0,0.0
8313,2023.0,2.0,27.0,17.0,15.434597,15.237668,20.198305,22.909481,15.72064,15.937717,15.330839,15.506638,20.307766,24.142311,15.017791,15.236273,16.078135,15.56613,15.303496,15.101528,16.801403,16.760336,0.0,4.0,4.0,4.0,0.0,0.0,0.0,0.0
8314,2023.0,2.0,27.0,17.0,15.631705,16.029757,17.851702,18.05024,15.007904,14.756624,15.469165,15.69989,20.058107,23.170391,15.017876,15.249713,15.929949,15.409016,15.043941,14.883689,15.251601,14.831599,4.0,0.0,4.0,0.0,0.0,0.0,0.0,0.0
8315,2023.0,2.0,27.0,17.0,15.121285,14.973194,20.237543,22.983423,15.354678,15.496808,15.411357,15.756298,16.969873,16.88859,15.018835,15.263585,16.641123,16.852886,15.826482,16.132038,15.012765,14.7574,4.0,4.0,0.0,0.0,0.0,4.0,0.0,0.0
8316,2023.0,2.0,27.0,18.0,15.510562,15.921917,20.046953,22.347427,15.502877,15.704829,15.264992,15.458396,15.399671,14.895601,15.019149,15.274048,16.883144,17.098763,15.073379,14.907394,15.018679,14.959855,4.0,4.0,4.0,0.0,0.0,4.0,0.0,0.0
8317,2023.0,2.0,27.0,18.0,19.73816,23.107676,20.116663,22.33634,20.574759,24.534206,19.689018,23.098759,16.063036,16.557072,15.019416,15.280745,20.65595,23.622618,20.726627,24.523602,15.01769,15.090548,0.0,4.0,0.0,4.0,0.0,4.0,0.0,0.0
8318,2023.0,2.0,27.0,18.0,20.890068,24.645933,17.581541,17.363783,20.834902,24.416342,20.30372,23.703135,20.090595,23.419538,15.019206,15.282976,20.50538,23.015121,21.085629,24.792898,15.019288,15.181416,0.0,4.0,0.0,0.0,0.0,0.0,0.0,0.0
8319,2023.0,2.0,27.0,18.0,21.14776,24.62464,16.454939,16.188135,20.9884,24.23347,21.154406,24.706673,16.933558,16.826632,15.020019,15.287267,21.435854,24.285734,22.063828,25.860456,15.019208,15.243818,0.0,0.0,4.0,0.0,0.0,4.0,4.0,0.0
8320,2023.0,2.0,27.0,18.0,21.097994,24.197754,16.140808,15.887908,21.112677,24.110258,21.094984,24.224552,15.262953,14.71136,15.02043,15.291093,21.802366,24.621737,22.542372,26.361767,15.019754,15.283116,0.0,4.0,4.0,0.0,0.0,4.0,4.0,0.0
8321,2023.0,2.0,27.0,18.0,21.126488,24.043076,15.8491125,15.595773,21.127096,23.918108,21.134134,24.065733,15.974859,16.448086,15.02083,15.294937,21.977148,24.642899,22.202505,25.426882,15.020299,15.308401,0.0,0.0,0.0,4.0,0.0,4.0,0.0,0.0
8322,2023.0,2.0,27.0,19.0,21.118835,23.854681,16.060732,16.204021,21.098398,23.66541,21.125439,23.860977,20.070631,23.337135,15.001021,15.25073,21.748762,24.059013,22.548298,25.81966,15.020638,15.325378,4.0,4.0,0.0,0.0,4.0,0.0,0.0,0.0
8323,2023.0,2.0,27.0,19.0,21.53842,24.40462,20.171577,23.50575,21.58487,24.352139,21.810751,24.798088,16.958017,16.801325,19.69021,23.057182,21.772022,23.97328,21.923338,24.355604,15.020833,15.338813,0.0,0.0,4.0,0.0,0.0,0.0,4.0,0.0
8324,2023.0,2.0,27.0,19.0,20.991476,23.338564,17.66784,18.126816,21.030537,23.249928,20.989592,23.244768,15.998266,16.077702,16.938427,17.371973,21.026386,22.531109,22.367844,25.096945,15.020732,15.34755,0.0,0.0,0.0,4.0,0.0,0.0,0.0,0.0
8325,2023.0,2.0,27.0,19.0,21.106737,23.494537,15.999336,15.8291025,21.101114,23.380383,21.113684,23.421707,20.335987,23.431036,15.195485,14.99782,21.076605,22.66495,21.076897,22.802807,15.021195,15.355384,0.0,0.0,4.0,0.0,0.0,0.0,0.0,0.0
8326,2023.0,2.0,27.0,19.0,21.090544,23.403332,15.567988,15.300973,21.067146,23.272818,21.121964,23.412374,17.090372,16.877966,15.015734,14.952872,21.070787,22.665012,22.89259,26.01928,15.431869,16.115828,0.0,4.0,0.0,0.0,0.0,0.0,0.0,4.0
8327,2023.0,2.0,27.0,19.0,21.11685,23.423075,15.324525,15.040923,21.09603,23.329994,21.118162,23.358143,16.531637,16.972685,15.021502,15.068041,22.031057,24.275427,21.845436,24.003845,19.56548,23.150269,0.0,0.0,0.0,4.0,0.0,0.0,0.0,0.0
8328,2023.0,2.0,27.0,20.0,21.110685,23.35995,15.601774,15.719381,21.116726,23.29141,21.090115,23.312243,20.365149,23.423508,15.02125,15.1386385,21.65156,23.442648,21.091143,22.809587,16.812202,17.18386,4.0,0.0,0.0,0.0,0.0,0.0,0.0,4.0
8329,2023.0,2.0,27.0,20.0,22.066767,24.764448,20.180817,23.780554,21.808323,24.461143,21.86478,24.592997,17.10884,16.8309,15.021842,15.189425,21.840109,23.748402,21.917713,24.32624,20.53603,24.166191,4.0,4.0,4.0,0.0,0.0,0.0,0.0,4.0
8330,2023.0,2.0,27.0,20.0,22.175213,25.021877,20.05209,22.952164,22.16896,24.8329,21.764326,24.190018,15.429102,14.758496,15.021773,15.222841,21.765827,23.526772,22.319048,24.837399,20.062037,23.035349,4.0,0.0,0.0,0.0,0.0,0.0,4.0,0.0
8331,2023.0,2.0,27.0,20.0,22.519657,25.505682,20.113478,22.709251,22.611546,25.510086,22.266357,25.001535,15.361391,15.057565,15.021781,15.24429,21.788244,23.711538,22.067078,24.181986,16.813732,16.502264,4.0,0.0,4.0,0.0,0.0,0.0,0.0,0.0
8332,2023.0,2.0,27.0,20.0,21.839283,24.23036,20.10263,22.444336,21.990408,24.275415,21.904268,24.483711,15.272475,15.014487,15.021692,15.257673,21.926828,23.795044,21.9406,23.91524,15.266729,14.655394,4.0,4.0,4.0,0.0,0.0,0.0,4.0,0.0
8333,2023.0,2.0,27.0,20.0,21.924582,24.282417,20.118036,22.318756,22.049374,24.311647,22.083027,24.487726,15.086995,14.839818,15.021708,15.266265,21.708517,23.372107,21.962458,23.796324,15.8324995,16.12432,0.0,4.0,4.0,0.0,0.0,0.0,0.0,4.0
8334,2023.0,2.0,27.0,21.0,20.92659,22.492128,17.765326,17.664604,20.928133,22.311604,21.079227,22.861254,15.747349,16.23989,15.021599,15.272361,20.964834,22.03279,21.103022,22.52881,20.540194,24.04619,4.0,0.0,4.0,4.0,0.0,0.0,0.0,4.0
8335,2023.0,2.0,27.0,21.0,21.703428,23.77363,20.199118,22.675966,21.855309,23.92529,21.98424,24.307003,20.387066,23.984676,15.022452,15.280468,21.576437,23.088089,22.088097,24.24038,20.062197,22.905937,0.0,0.0,4.0,0.0,0.0,0.0,0.0,0.0
8336,2023.0,2.0,27.0,21.0,21.095852,22.902805,17.506552,17.199694,20.930872,22.325266,20.918169,22.459276,17.294226,17.487045,15.022134,15.285466,21.051805,22.293661,20.908173,22.167513,17.569506,17.802794,0.0,0.0,0.0,4.0,0.0,0.0,0.0,4.0
8337,2023.0,2.0,27.0,21.0,21.07713,22.877893,16.276604,15.920329,21.099596,22.78338,21.13611,22.948078,20.299852,23.248741,15.002651,15.242934,21.0654,22.363773,21.302277,23.040976,20.412605,23.287561,0.0,0.0,0.0,0.0,4.0,0.0,4.0,0.0
8338,2023.0,2.0,27.0,21.0,21.106812,22.976036,16.019066,15.695713,21.077003,22.808674,21.080593,22.84142,17.09866,16.797325,19.736872,23.104073,21.064306,22.38867,21.06513,22.602846,17.784702,17.992731,0.0,0.0,4.0,0.0,0.0,0.0,4.0,4.0
8339,2023.0,2.0,27.0,21.0,21.101305,22.969345,15.75556,15.428822,21.079971,22.85682,21.113504,22.937592,15.388371,14.697886,17.21251,17.829845,21.064568,22.40533,21.104242,22.733438,20.461525,23.273197,0.0,0.0,0.0,0.0,4.0,0.0,0.0,0.0
8340,2023.0,2.0,27.0,22.0,21.662483,23.74511,15.9944515,16.066673,21.52246,23.561216,21.644304,23.568377,16.156439,16.572222,20.148449,23.47717,21.392143,22.842463,21.87244,23.81141,17.857561,18.042099,4.0,0.0,4.0,4.0,0.0,4.0,0.0,4.0
8341,2023.0,2.0,27.0,22.0,21.78375,23.869669,20.167353,23.45751,21.785639,23.807135,22.08207,24.417385,20.308977,23.42893,17.397654,17.712229,21.559708,23.213291,22.020773,23.915411,20.465437,23.185684,0.0,0.0,0.0,0.0,0.0,0.0,0.0,4.0
8342,2023.0,2.0,27.0,22.0,20.916414,22.428036,17.676105,18.090082,20.921913,22.348555,20.921646,22.356462,17.056513,16.782007,15.639325,15.390496,20.970673,22.034512,20.891882,22.001205,20.067896,22.358137,0.0,0.0,0.0,0.0,0.0,4.0,0.0,0.0
8343,2023.0,2.0,27.0,22.0,21.0757,22.824083,16.014635,15.799399,21.078684,22.723713,21.102728,22.82455,15.348429,14.665388,15.207686,14.922752,21.067797,22.240475,21.0996,22.551474,17.905104,18.037205,0.0,4.0,0.0,0.0,0.0,4.0,0.0,4.0
8344,2023.0,2.0,27.0,22.0,21.07869,22.915802,15.601315,15.29855,21.079037,22.797451,21.077456,22.837105,15.303501,14.994656,14.998679,14.781646,21.087067,22.303654,21.070538,22.57619,20.449053,23.01504,0.0,0.0,0.0,0.0,0.0,0.0,0.0,0.0
8345,2023.0,2.0,27.0,22.0,21.102194,22.946966,15.377752,15.068154,21.104473,22.819784,21.08024,22.881035,15.237224,14.981939,15.023009,14.963851,21.082655,22.287884,21.074139,22.635206,17.999098,18.131323,0.0,0.0,0.0,0.0,0.0,0.0,0.0,4.0
8346,2023.0,2.0,27.0,23.0,21.098785,22.926685,15.202699,14.895867,21.100471,22.789799,21.080055,22.904167,15.064037,14.8143215,15.019426,15.051015,21.082531,22.27872,21.073732,22.667377,20.448143,22.9849,0.0,0.0,0.0,0.0,0.0,0.0,0.0,4.0
8347,2023.0,2.0,27.0,23.0,19.239504,19.394054,15.050609,14.744241,19.288038,19.347088,19.149769,19.216204,15.008197,14.849719,15.004912,15.080856,19.546541,19.36202,19.206135,19.100225,17.404697,17.02565,0.0,0.0,0.0,0.0,4.0,0.0,0.0,0.0
8348,2023.0,2.0,27.0,23.0,18.104797,17.951939,15.00642,14.778056,18.087984,17.760983,17.911219,17.601223,15.397309,15.669356,15.025883,15.18208,19.53078,19.902,18.180737,17.880327,15.907637,15.235247,0.0,0.0,0.0,4.0,0.0,4.0,0.0,0.0
8349,2023.0,2.0,27.0,23.0,17.66609,17.491018,15.009952,14.86375,17.61248,17.241734,17.432343,17.082586,14.956045,14.855281,15.005514,15.169716,18.976187,18.798515,17.764425,17.457808,15.432184,14.755167,0.0,0.0,0.0,0.0,4.0,4.0,0.0,0.0
8350,2023.0,2.0,27.0,23.0,17.372957,17.213465,15.010659,14.9254265,17.295223,16.926592,17.10882,16.763056,15.028268,15.05664,15.026836,15.249458,18.68125,18.544678,17.45598,17.159882,16.218082,16.587397,0.0,0.0,0.0,0.0,0.0,4.0,0.0,4.0
8351,2023.0,2.0,27.0,23.0,17.113464,16.953278,15.011539,14.974695,17.029085,16.661959,16.837053,16.493189,15.014286,15.075257,15.023049,15.265897,18.524012,18.39529,17.192993,16.903755,15.45064,14.933182,0.0,0.0,0.0,0.0,0.0,4.0,0.0,0.0
8352,2023.0,2.0,28.0,0.0,16.887833,16.726398,15.0122795,15.014633,16.800615,16.43629,16.603544,16.26281,15.01726,15.115264,15.023913,15.284364,17.685968,16.947178,18.046522,18.723898,14.999837,14.561773,0.0,0.0,0.0,0.0,0.0,0.0,4.0,0.0
8353,2023.0,2.0,28.0,0.0,17.447989,17.94965,15.013118,15.0479145,16.601038,16.2393,16.399101,16.061554,15.017331,15.142429,15.008534,15.25541,17.173504,16.348442,16.889278,16.274714,15.026691,14.757303,0.0,0.0,0.0,0.0,4.0,0.0,0.0,0.0
8354,2023.0,2.0,28.0,0.0,16.941132,16.909744,15.013848,15.07574,16.419607,16.056868,16.213642,15.875145,15.018285,15.165701,15.028501,15.3222685,16.90575,16.070765,16.17722,15.471111,15.011061,14.854492,0.0,0.0,0.0,0.0,0.0,0.0,0.0,0.0
8355,2023.0,2.0,28.0,0.0,16.039799,15.418711,15.014422,15.099506,16.25761,15.89583,16.04897,15.711024,15.01903,15.186021,15.024947,15.324861,16.703878,15.872675,15.908721,15.199155,15.014897,14.953465,0.0,0.0,0.0,0.0,0.0,0.0,0.0,0.0
8356,2023.0,2.0,28.0,0.0,15.635158,14.946727,15.015221,15.120595,16.108002,15.745012,15.897883,15.558001,15.019884,15.204,15.025919,15.334648,16.99403,16.633953,16.102629,15.799189,15.016773,15.024391,0.0,0.0,0.0,0.0,0.0,0.0,0.0,0.0
8357,2023.0,2.0,28.0,0.0,15.916878,15.71334,15.015557,15.138766,15.974637,15.613552,15.763294,15.424488,15.019946,15.219377,15.025958,15.342375,17.007967,16.655815,16.079884,15.781817,15.016829,15.078158,0.0,0.0,0.0,0.0,0.0,0.0,0.0,0.0
8358,2023.0,2.0,28.0,1.0,15.938682,15.772239,15.031786,15.186929,15.844957,15.478194,15.63307,15.288209,15.039425,15.271837,15.051861,15.399877,16.91458,16.558441,15.96688,15.665123,15.02865,15.147313,0.0,0.0,0.0,0.0,0.0,0.0,0.0,0.0
8359,2023.0,2.0,28.0,1.0,15.8471775,15.68126,15.032471,15.19713,15.733746,15.370694,15.521385,15.179567,15.039712,15.276598,15.025319,15.328094,16.822992,16.466183,15.856476,15.554574,15.030494,15.177075,0.0,0.0,0.0,0.0,4.0,0.0,0.0,0.0
8360,2023.0,2.0,28.0,1.0,15.755371,15.591966,15.032386,15.207595,15.630803,15.270963,15.418168,15.078883,15.040176,15.288305,15.053573,15.420826,16.735645,16.378138,15.752044,15.449926,15.032333,15.206845,0.0,0.0,0.0,0.0,0.0,0.0,0.0,0.0
8361,2023.0,2.0,28.0,1.0,15.667479,15.505655,15.033008,15.218483,15.534469,15.177402,15.321799,14.984594,15.042205,15.301787,15.027503,15.346041,16.65256,16.29431,15.653471,15.351058,15.034751,15.233168,0.0,0.0,0.0,0.0,4.0,0.0,0.0,0.0
8362,2023.0,2.0,28.0,1.0,15.584582,15.4247,15.033822,15.228967,15.443717,15.089021,15.231249,14.895712,15.042851,15.3117895,15.028799,15.368359,16.573374,16.214342,15.560163,15.257385,15.036407,15.254968,0.0,0.0,0.0,0.0,4.0,0.0,0.0,0.0
8363,2023.0,2.0,28.0,1.0,15.516476,15.368815,15.015677,15.204757,15.360829,15.011239,15.148725,14.817501,15.01838,15.277656,15.052231,15.394188,16.49886,16.14021,15.4729805,15.17128,15.27749,15.707643,0.0,0.0,0.0,0.0,0.0,0.0,0.0,4.0
8364,2023.0,2.0,28.0,2.0,15.446266,15.303549,15.019562,15.2222,15.278951,14.930865,15.067469,14.736796,15.044709,15.311351,15.047024,15.359961,16.425869,16.066113,15.38824,15.085774,14.990366,15.1500225,0.0,0.0,0.0,4.0,0.0,0.0,0.0,0.0
8365,2023.0,2.0,28.0,2.0,15.382018,15.245063,15.037025,15.266827,15.200245,14.853124,15.000916,14.68117,15.046125,15.354521,15.053626,15.400226,16.356977,15.997354,15.307615,15.005148,15.069229,15.315536,0.0,0.0,0.0,0.0,0.0,0.0,0.0,0.0
8366,2023.0,2.0,28.0,2.0,15.316615,15.18079,15.015729,15.231376,15.130499,14.78943,15.006979,14.752794,15.020806,15.31802,15.007702,15.314606,16.293201,15.935619,15.233192,14.933149,15.301184,15.742575,0.0,0.0,0.0,0.0,4.0,0.0,0.0,4.0
8367,2023.0,2.0,28.0,2.0,15.246898,15.107136,15.020561,15.249724,15.061155,14.723173,15.006467,14.796727,15.025591,15.33739,15.018705,15.356161,16.23053,15.873571,15.1606455,14.861498,14.988136,15.157399,0.0,0.0,0.0,0.0,4.0,0.0,0.0,0.0
8368,2023.0,2.0,28.0,2.0,15.179614,15.037588,15.038544,15.294696,15.000659,14.6715,15.010642,14.8477545,15.050209,15.395803,15.058039,15.470026,16.169989,15.813431,15.089895,14.790825,15.072669,15.341041,0.0,0.0,0.0,0.0,0.0,0.0,0.0,0.0
8369,2023.0,2.0,28.0,2.0,15.117015,14.975356,15.038727,15.296249,15.00447,14.7397995,15.012564,14.8835125,15.0494,15.393098,15.057447,15.461619,16.112246,15.756687,15.022577,14.724618,15.040235,15.297712,0.0,0.0,0.0,0.0,0.0,0.0,0.0,0.0
8370,2023.0,2.0,28.0,3.0,15.886159,16.475388,15.018185,15.267044,15.005271,14.777887,15.007791,14.902374,15.022741,15.352848,15.026495,15.41285,16.058516,15.70607,15.003252,14.746207,15.225333,15.65414,0.0,0.0,0.0,0.0,0.0,0.0,0.0,4.0
8371,2023.0,2.0,28.0,3.0,15.446187,15.432143,15.021281,15.282358,15.006485,14.81697,15.009409,14.933425,14.9976635,15.289349,15.030719,15.428692,16.00258,15.649654,15.006432,14.791282,14.976631,15.156605,0.0,0.0,0.0,4.0,0.0,0.0,0.0,4.0
8372,2023.0,2.0,28.0,3.0,14.984566,14.7554,15.021031,15.290499,15.007939,14.852202,15.010272,14.960509,15.033982,15.399683,15.013502,15.3873625,15.946815,15.592178,15.007031,14.824822,15.056428,15.346481,0.0,0.0,0.0,0.0,4.0,0.0,0.0,0.0
8373,2023.0,2.0,28.0,3.0,15.037388,14.915588,15.041839,15.339525,15.01332,14.894363,15.019997,15.004939,15.053407,15.442813,15.060768,15.509548,15.893637,15.538828,15.011235,14.863724,15.077864,15.396974,0.0,0.0,0.0,0.0,0.0,0.0,0.0,0.0
8374,2023.0,2.0,28.0,3.0,15.001028,14.892047,15.042114,15.340534,15.015451,14.923512,15.021499,15.027018,15.0535,15.441907,15.060062,15.495309,15.842345,15.487415,15.013618,14.89077,15.07717,15.389752,0.0,0.0,0.0,0.0,0.0,0.0,0.0,0.0
8375,2023.0,2.0,28.0,3.0,15.005327,14.958437,15.042831,15.348683,15.016805,14.950169,15.022651,15.049529,15.053206,15.445699,15.034582,15.430424,15.791621,15.436575,15.015011,14.914587,15.2239,15.670873,0.0,0.0,0.0,0.0,4.0,0.0,0.0,4.0
8376,2023.0,2.0,28.0,4.0,15.008919,15.00357,15.043572,15.356276,15.018686,14.976424,15.023844,15.070758,15.054167,15.452365,15.0351715,15.447636,15.741669,15.3865,15.016051,14.936317,15.076856,15.373044,0.0,0.0,0.0,0.0,4.0,0.0,0.0,0.0
8377,2023.0,2.0,28.0,4.0,15.011937,15.04238,15.043695,15.363038,15.020356,15.000977,15.025332,15.092019,15.054226,15.457634,15.104588,15.561866,15.694467,15.341158,15.017535,14.957823,15.079355,15.417641,0.0,0.0,0.0,0.0,0.0,0.0,0.0,0.0
8378,2023.0,2.0,28.0,4.0,15.012607,15.07247,15.044373,15.37131,15.021252,15.023095,15.02626,15.1115885,15.0047865,15.3357725,15.032345,15.399407,15.648744,15.297269,15.019465,14.979024,15.046086,15.384995,0.0,0.0,0.0,4.0,4.0,0.0,0.0,0.0
8379,2023.0,2.0,28.0,4.0,15.014074,15.101479,15.044714,15.378824,15.022367,15.045031,15.026454,15.129083,15.043583,15.406133,15.061608,15.512433,15.604092,15.25444,15.019456,14.995457,15.049194,15.426312,0.0,0.0,0.0,4.0,0.0,0.0,0.0,0.0
8380,2023.0,2.0,28.0,4.0,15.016275,15.128607,15.045245,15.38695,15.023576,15.06632,15.02688,15.145943,15.090792,15.507723,15.03466,15.436931,15.560425,15.212591,15.021492,15.015789,15.051175,15.449621,0.0,0.0,0.0,0.0,4.0,0.0,0.0,0.0
8381,2023.0,2.0,28.0,4.0,15.015956,15.149743,15.045562,15.394661,15.024789,15.086946,15.028299,15.163954,15.088066,15.471834,15.036142,15.46123,15.517689,15.171666,15.022643,15.032927,15.05178,15.467398,0.0,0.0,0.0,0.0,4.0,0.0,0.0,0.0
8382,2023.0,2.0,28.0,5.0,15.018046,15.174109,15.046495,15.403626,15.0262985,15.107557,15.029609,15.1809,15.002807,15.303037,15.104754,15.575699,15.475872,15.131653,15.023685,15.049721,15.053369,15.4845085,0.0,0.0,0.0,4.0,0.0,0.0,0.0,0.0
8383,2023.0,2.0,28.0,5.0,15.019468,15.194682,15.046958,15.411444,15.027428,15.12661,15.030634,15.196794,15.091368,15.522706,15.101483,15.521709,15.434144,15.091065,15.025539,15.068191,15.053369,15.496136,0.0,0.0,0.0,0.0,0.0,0.0,0.0,0.0
8384,2023.0,2.0,28.0,5.0,15.020043,15.212792,15.047258,15.419112,15.027299,15.142247,15.031242,15.211491,15.088807,15.47743,15.058251,15.465439,15.392811,15.050865,15.025983,15.083672,15.05444,15.508935,0.0,0.0,0.0,0.0,0.0,0.0,0.0,0.0
8385,2023.0,2.0,28.0,5.0,15.021309,15.231604,15.047504,15.426722,15.028401,15.160042,15.032167,15.22652,15.053038,15.440792,15.060529,15.497457,15.351871,15.011042,15.027281,15.1008835,15.0829935,15.535904,0.0,0.0,0.0,0.0,0.0,0.0,0.0,4.0
8386,2023.0,2.0,28.0,5.0,15.022499,15.249111,15.048551,15.43587,15.029438,15.176878,15.032967,15.240644,15.004305,15.343633,15.035167,15.441721,15.311286,14.971555,15.028966,15.118375,15.087706,15.559415,0.0,0.0,0.0,4.0,4.0,0.0,0.0,0.0
8387,2023.0,2.0,28.0,5.0,15.023483,15.265316,15.0488205,15.443084,15.030113,15.192402,15.034056,15.255056,15.093045,15.55226,15.063317,15.540338,15.270925,14.932275,15.029166,15.132571,15.086512,15.538792,0.0,0.0,0.0,0.0,0.0,0.0,0.0,0.0
8388,2023.0,2.0,28.0,6.0,15.024104,15.280389,15.049407,15.451052,15.031327,15.208458,15.035093,15.268999,15.090427,15.5063305,15.036588,15.467657,15.2308035,14.893219,15.030984,15.150153,15.100085,15.552269,0.0,0.0,0.0,0.0,4.0,0.0,0.0,4.0
8389,2023.0,2.0,28.0,6.0,19.634163,23.24015,15.022926,15.41095,19.644756,23.15153,19.597134,23.122927,15.022464,15.415334,19.05251,22.386784,19.327616,21.882318,20.037806,23.846598,19.727262,23.54869,0.0,0.0,0.0,0.0,0.0,0.0,0.0,4.0
8390,2023.0,2.0,28.0,6.0,20.451532,24.144285,15.025858,15.424995,20.54593,24.202164,20.486616,24.158041,15.0301285,15.450329,16.422508,16.734869,20.017008,22.844587,20.811663,24.610144,20.11326,23.666754,0.0,0.0,0.0,0.0,0.0,0.0,0.0,4.0
8391,2023.0,2.0,28.0,6.0,21.163305,24.965117,15.025685,15.431879,21.189392,24.890162,21.188055,24.949324,14.998333,15.375374,14.98891,15.023676,20.623386,23.542597,21.462221,25.253748,20.099634,23.22337,0.0,0.0,0.0,4.0,0.0,0.0,0.0,4.0
8392,2023.0,2.0,28.0,6.0,21.102057,24.487417,15.025962,15.440311,21.104797,24.368528,21.105566,24.43063,19.630234,23.382912,15.037468,15.219425,21.006254,23.87934,22.045437,25.884363,20.13336,23.017979,0.0,0.0,0.0,0.0,0.0,0.0,0.0,0.0
8393,2023.0,2.0,28.0,6.0,21.11064,24.257616,15.026008,15.44807,21.111269,24.13292,21.091654,24.137514,16.60324,16.88005,15.012782,15.247927,21.252792,24.060865,21.5403,24.522568,16.808008,16.399107,0.0,0.0,4.0,0.0,4.0,0.0,0.0,0.0
8394,2023.0,2.0,28.0,7.0,21.10612,24.07238,15.026267,15.455955,21.084686,23.88268,21.114576,24.028145,15.422264,15.685224,19.415722,22.779762,21.500593,24.230604,22.166725,25.38362,15.972386,15.941665,0.0,4.0,0.0,4.0,0.0,0.0,4.0,4.0
8395,2023.0,2.0,28.0,7.0,21.080164,23.872122,15.025731,15.4606085,21.086565,23.757593,21.137693,23.879955,19.596876,22.78529,17.005669,17.583954,21.034056,23.204737,22.329594,25.498608,20.555763,23.878914,0.0,4.0,0.0,0.0,4.0,0.0,0.0,4.0
8396,2023.0,2.0,28.0,7.0,21.08199,23.780764,15.003994,15.40346,21.137167,23.718489,21.149961,23.760763,16.772469,16.930748,20.218931,23.743402,21.092117,23.219343,22.240725,24.982216,20.741186,23.769182,4.0,0.0,0.0,4.0,4.0,0.0,4.0,4.0
8397,2023.0,2.0,28.0,7.0,21.219563,23.943628,19.12241,22.522724,21.293186,23.892202,21.442787,24.294973,19.778727,22.738842,19.9618,22.895657,21.85798,24.420704,22.264528,24.998798,20.420042,23.16485,0.0,4.0,0.0,0.0,4.0,4.0,4.0,0.0
8398,2023.0,2.0,28.0,7.0,21.121124,23.64299,16.51829,16.926151,21.105131,23.4224,21.09993,23.55365,16.494278,16.179092,19.956709,22.553795,21.653772,23.947401,21.883036,24.557478,17.770542,17.917103,0.0,4.0,0.0,0.0,0.0,4.0,0.0,4.0
8399,2023.0,2.0,28.0,7.0,21.095427,23.495537,14.995629,14.992809,21.103111,23.352386,21.075844,23.450384,14.9851465,14.499182,17.22617,17.064844,21.007725,22.63752,21.13963,23.085617,20.439817,23.119839,0.0,4.0,4.0,0.0,4.0,4.0,0.0,0.0
8400,2023.0,2.0,28.0,8.0,21.155756,23.562551,15.09078,15.263887,21.157572,23.40893,21.16346,23.616283,15.732559,16.202963,20.35025,23.15242,21.133213,22.863983,21.17678,23.186478,17.23338,16.835855,4.0,4.0,0.0,4.0,4.0,4.0,0.0,0.0
8401,2023.0,2.0,28.0,8.0,18.755564,18.914186,20.011438,23.955328,18.76744,18.783972,18.63225,18.650406,20.57568,24.216208,20.07374,22.55465,19.215868,19.151033,18.452465,17.963034,15.681207,15.023833,4.0,4.0,4.0,4.0,0.0,4.0,0.0,0.0
8402,2023.0,2.0,28.0,8.0,17.662798,17.687365,19.813395,23.025627,16.92212,16.152168,16.74995,15.990601,20.022562,22.921642,17.405117,17.23696,17.732382,16.979555,18.50204,19.09915,15.531741,15.216954,4.0,0.0,0.0,0.0,4.0,0.0,4.0,0.0
8403,2023.0,2.0,28.0,8.0,17.315123,17.361069,19.9614,22.869642,16.842773,16.554031,16.686321,16.419987,16.836344,16.524618,20.31442,22.925167,17.89732,17.785343,18.167969,18.382868,16.332993,16.93378,0.0,4.0,4.0,0.0,4.0,4.0,4.0,4.0
8404,2023.0,2.0,28.0,8.0,17.062323,17.133148,17.202024,17.260183,16.130253,15.377345,16.633934,16.468847,15.238451,14.583619,20.071888,22.406036,17.926025,17.878475,16.930473,16.375908,20.087688,23.292452,4.0,0.0,4.0,0.0,0.0,4.0,0.0,0.0
8405,2023.0,2.0,28.0,8.0,16.158136,15.648799,20.135206,23.190355,15.578285,14.750552,15.778938,15.067886,15.102298,14.781388,17.260847,16.857317,17.092964,16.45198,16.208202,15.555788,16.939312,16.745354,4.0,0.0,0.0,0.0,0.0,0.0,0.0,0.0
8406,2023.0,2.0,28.0,9.0,16.383175,16.463621,20.072065,22.744081,15.279082,14.465607,15.9592285,15.782192,14.996444,14.767555,16.080704,15.716474,17.369184,17.352955,16.911234,17.213907,15.265556,14.683321,0.0,0.0,4.0,0.0,0.0,4.0,4.0,0.0
8407,2023.0,2.0,28.0,9.0,16.455076,16.612614,17.162945,16.964596,15.42712,15.018704,15.36132,14.69577,15.020865,14.972523,15.79199,15.469316,16.755417,16.145767,17.097322,17.411325,15.130953,14.84725,0.0,0.0,0.0,0.0,0.0,0.0,4.0,0.0
8408,2023.0,2.0,28.0,9.0,16.357496,16.53614,15.855178,15.538439,15.434157,15.117309,15.001149,14.354408,15.019596,15.0751,15.487745,15.174806,16.284018,15.584436,16.091007,15.5854025,14.998328,14.769456,0.0,0.0,0.0,0.0,0.0,0.0,0.0,0.0
8409,2023.0,2.0,28.0,9.0,15.526856,15.079733,15.989475,16.099531,15.308309,15.008197,15.019598,14.546344,15.380347,15.819663,15.222757,14.918426,16.073875,15.378634,15.504835,14.912607,15.019169,14.953148,4.0,0.0,0.0,4.0,0.0,0.0,0.0,0.0
8410,2023.0,2.0,28.0,9.0,15.094953,14.586227,20.029064,23.311892,15.182929,14.8952,15.038887,14.733349,20.33287,24.138475,14.99913,14.725488,16.271473,15.937343,15.247136,14.663001,15.01639,15.044711,0.0,0.0,0.0,4.0,0.0,0.0,0.0,0.0
8411,2023.0,2.0,28.0,9.0,15.006442,14.600913,17.478306,17.89015,15.0653305,14.786694,15.001101,14.759326,20.062534,23.251907,15.019178,14.899408,16.314999,16.029547,15.06369,14.494208,15.01744,15.116283,0.0,0.0,0.0,0.0,0.0,0.0,0.0,0.0
8412,2023.0,2.0,28.0,10.0,15.571535,15.7684765,15.721264,15.530845,15.001939,14.772374,15.009271,14.864588,16.798016,16.60561,15.016751,14.987919,17.048742,17.48379,15.210639,14.954534,15.018064,15.168137,0.0,0.0,0.0,0.0,0.0,4.0,0.0,0.0
8413,2023.0,2.0,28.0,10.0,15.00798,14.739708,15.273903,15.008999,15.008187,14.861,15.584701,16.010834,15.173016,14.57248,15.017689,15.056623,16.225767,15.66792,15.219312,14.991402,15.018341,15.206352,0.0,0.0,4.0,0.0,0.0,0.0,0.0,0.0
8414,2023.0,2.0,28.0,10.0,15.023992,14.865046,15.490331,15.638199,15.600386,16.028526,15.164944,15.099896,15.096222,14.800636,15.017724,15.104886,16.62421,16.75532,16.20701,16.927889,15.018393,15.23444,4.0,4.0,0.0,0.0,0.0,4.0,4.0,0.0
8415,2023.0,2.0,28.0,10.0,15.580843,15.6812,19.822542,23.239637,15.19018,15.12284,15.545562,15.692803,15.000391,14.811005,15.017879,15.139964,16.843746,16.974422,15.331996,14.928026,15.018709,15.259437,0.0,0.0,0.0,0.0,0.0,4.0,0.0,0.0
8416,2023.0,2.0,28.0,10.0,15.432087,15.515026,17.360373,17.884813,15.208362,15.301375,14.976849,14.846392,15.0176325,14.975375,15.017122,15.162728,16.15547,15.658441,15.01421,14.702547,15.018701,15.278443,0.0,4.0,0.0,0.0,0.0,0.0,0.0,0.0
8417,2023.0,2.0,28.0,10.0,15.137082,15.123196,15.503348,15.343315,14.993106,14.930372,15.0199375,15.018345,15.016624,15.067315,15.017598,15.181686,15.780239,15.196253,15.013861,14.770279,15.018634,15.293937,0.0,0.0,0.0,0.0,0.0,0.0,0.0,0.0
8418,2023.0,2.0,28.0,11.0,15.013199,14.995451,15.106353,14.888997,15.21426,15.365983,15.010849,15.0660715,15.4511595,15.944453,15.017412,15.196042,15.666365,15.094889,15.00429,14.820654,15.018836,15.307592,0.0,4.0,0.0,4.0,0.0,0.0,0.0,0.0
8419,2023.0,2.0,28.0,11.0,15.006436,15.064925,15.354572,15.549566,15.275636,15.449872,15.012359,15.121319,19.381214,22.55724,15.017829,15.209471,15.878024,15.604189,15.00589,14.87305,15.019156,15.319437,4.0,4.0,0.0,0.0,0.0,0.0,0.0,0.0
8420,2023.0,2.0,28.0,11.0,15.256538,15.236535,19.997562,23.717585,15.521686,15.70276,15.788552,15.48821,16.57462,16.570074,15.018144,15.220415,15.95297,15.720058,15.293773,15.081438,15.019255,15.329631,0.0,0.0,0.0,0.0,0.0,0.0,0.0,0.0
8421,2023.0,2.0,28.0,11.0,15.770673,16.48934,17.316236,17.884607,15.347916,15.530942,14.99328,15.117593,14.980564,14.641924,15.017862,15.229317,16.712816,17.181726,16.072968,16.820845,15.500192,16.216904,0.0,4.0,0.0,0.0,0.0,4.0,4.0,4.0
8422,2023.0,2.0,28.0,11.0,15.304023,15.444146,15.496152,15.422669,14.990516,14.948667,15.423271,15.955373,15.022913,14.900878,14.999096,15.182336,15.996695,15.557632,16.220587,16.76762,19.545593,23.129646,0.0,0.0,4.0,0.0,4.0,0.0,4.0,0.0
8423,2023.0,2.0,28.0,11.0,15.404959,15.810605,15.071901,14.900006,15.026464,15.073508,15.592102,16.1527,15.014498,15.004828,19.72791,22.99513,16.436035,16.660744,15.204856,14.85183,16.31519,16.307507,0.0,0.0,4.0,0.0,0.0,4.0,0.0,0.0
8424,2023.0,2.0,28.0,12.0,14.976848,15.047551,15.013526,14.97406,15.022156,15.102174,15.311171,15.568364,15.016247,15.093907,17.391157,18.097898,15.900585,15.442923,15.026785,14.835885,14.988639,14.818159,0.0,0.0,4.0,0.0,4.0,0.0,0.0,0.0
8425,2023.0,2.0,28.0,12.0,20.253773,24.281675,15.233971,15.484286,20.026512,23.887766,19.330267,22.621675,15.4940605,15.74404,20.068708,23.331633,19.628666,22.045609,20.280195,23.873293,15.746094,16.120245,4.0,0.0,0.0,0.0,0.0,0.0,0.0,0.0
8426,2023.0,2.0,28.0,12.0,20.185951,23.590773,20.03359,23.898724,20.764421,24.59803,20.070305,23.417873,16.304176,16.959446,17.554699,17.980377,20.047949,22.530125,20.679693,24.161848,15.201125,15.124412,4.0,0.0,0.0,4.0,0.0,0.0,0.0,0.0
8427,2023.0,2.0,28.0,12.0,20.67705,24.051722,19.922066,23.107967,21.133245,24.762959,21.08908,24.752394,20.243906,23.997925,15.811626,15.594706,21.01985,23.931473,21.152954,24.580294,15.02545,15.09286,0.0,4.0,4.0,0.0,0.0,0.0,0.0,0.0
8428,2023.0,2.0,28.0,12.0,21.156172,24.540142,17.220388,17.5275,21.107141,24.391855,21.120956,24.44024,16.925177,16.966911,15.397966,15.137234,22.112827,25.493525,21.627089,24.913054,15.01465,15.142297,4.0,0.0,0.0,0.0,0.0,4.0,0.0,0.0
8429,2023.0,2.0,28.0,12.0,21.508583,24.763445,20.062634,23.208033,21.50769,24.677736,21.488417,24.685913,15.152358,14.6718855,15.173048,14.915284,21.214172,23.514196,22.727095,26.619074,15.016588,15.192499,0.0,4.0,4.0,0.0,0.0,0.0,0.0,0.0
8430,2023.0,2.0,28.0,13.0,20.99507,23.69242,17.243553,17.315279,20.999022,23.602287,21.027418,23.725899,15.065159,14.827915,14.998195,14.770136,21.095694,23.149963,22.303354,25.408274,15.016085,15.222834,0.0,4.0,0.0,0.0,0.0,0.0,0.0,0.0
8431,2023.0,2.0,28.0,13.0,21.111763,23.812355,15.730118,15.542777,21.139124,23.776133,21.136106,23.825481,15.003718,14.861362,15.018379,14.917314,21.094168,23.027618,23.229916,26.942123,15.017124,15.246401,0.0,0.0,0.0,0.0,0.0,0.0,0.0,0.0
8432,2023.0,2.0,28.0,13.0,21.118029,23.757906,15.908217,16.134613,21.114979,23.627365,21.09595,23.697548,15.014186,14.98368,15.012714,14.988712,22.2911,25.053898,20.882217,22.59128,15.016276,15.261058,4.0,0.0,0.0,0.0,0.0,0.0,0.0,0.0
8433,2023.0,2.0,28.0,13.0,21.665285,24.526222,20.179184,23.59641,21.97167,24.835571,21.991064,25.03379,15.013356,15.055409,15.014119,15.051792,21.690706,23.855993,21.855799,24.215271,15.016825,15.273787,0.0,4.0,0.0,0.0,0.0,0.0,0.0,0.0
8434,2023.0,2.0,28.0,13.0,20.986036,23.264433,17.575323,18.072948,20.918213,22.930843,20.91816,23.108088,15.013454,15.108594,15.013146,15.092925,21.06894,22.65053,21.068977,23.006311,15.557329,16.285492,0.0,4.0,0.0,0.0,0.0,0.0,0.0,4.0
8435,2023.0,2.0,28.0,13.0,21.105017,23.519827,16.2916,16.585215,21.116594,23.322378,21.098558,23.463196,15.014431,15.147115,15.0996895,15.273996,21.075975,22.681889,21.085009,23.062431,20.381605,24.477587,4.0,4.0,4.0,0.0,4.0,0.0,0.0,4.0
8436,2023.0,2.0,28.0,14.0,21.87407,24.713154,20.098635,23.437258,21.89897,24.51095,21.874062,24.685902,15.014739,15.17501,19.67365,22.864178,21.768976,23.788986,21.839577,24.271055,20.055323,23.312445,0.0,4.0,0.0,0.0,0.0,0.0,0.0,0.0
8437,2023.0,2.0,28.0,14.0,19.441845,19.902842,17.643093,18.198818,19.178625,19.176046,19.039875,19.065975,15.014584,15.194516,17.14242,17.616398,19.829588,19.941338,19.589952,19.757534,16.896448,16.85096,0.0,0.0,0.0,0.0,0.0,0.0,0.0,0.0
8438,2023.0,2.0,28.0,14.0,17.777689,17.787575,15.966852,15.9093685,17.92301,17.911575,17.095884,16.548218,15.015548,15.213131,15.857842,16.02031,18.573586,18.306705,18.052181,17.822794,15.394035,14.977977,0.0,4.0,0.0,0.0,4.0,0.0,0.0,0.0
8439,2023.0,2.0,28.0,14.0,17.96957,18.576077,15.512898,15.355643,16.999521,16.480415,16.791698,16.51402,15.381853,15.603799,20.135303,23.202778,18.175789,17.8921,17.527225,17.278044,15.19896,14.981425,0.0,0.0,0.0,0.0,0.0,0.0,0.0,0.0
8440,2023.0,2.0,28.0,14.0,17.315945,17.429676,15.240827,15.054352,17.052637,17.027128,16.562094,16.342466,15.603184,15.6821165,17.639381,18.104198,17.898046,17.618818,18.219688,18.907019,15.049355,14.86243,0.0,4.0,0.0,0.0,0.0,0.0,4.0,0.0
8441,2023.0,2.0,28.0,14.0,17.266352,17.54877,15.5493765,15.75498,17.04303,17.108887,16.338371,16.119654,15.723521,16.217995,16.292427,16.051575,17.70842,17.431744,17.105198,16.721617,15.008327,14.914257,4.0,4.0,0.0,4.0,0.0,0.0,0.0,0.0
8442,2023.0,2.0,28.0,15.0,17.173534,17.494757,19.96929,23.50853,16.888151,16.969284,16.099012,15.88805,20.264961,23.837214,15.843618,15.566677,17.514635,17.2462,16.398716,15.899168,15.014721,15.032928,0.0,4.0,0.0,0.0,0.0,0.0,0.0,0.0
8443,2023.0,2.0,28.0,15.0,16.347015,16.085651,17.783377,18.643318,16.749172,16.847515,15.886338,15.681655,16.986876,17.066296,15.552312,15.286134,17.345797,17.086624,16.107368,15.611438,15.716658,16.431526,4.0,4.0,0.0,0.0,0.0,0.0,0.0,4.0
8444,2023.0,2.0,28.0,15.0,15.948913,15.582413,20.138746,23.061623,15.994455,15.538186,15.732821,15.530885,15.644197,15.135229,15.365905,15.101188,17.22226,16.9683,16.156502,15.901887,19.68834,23.195246,0.0,0.0,0.0,0.0,0.0,0.0,0.0,0.0
8445,2023.0,2.0,28.0,15.0,15.724584,15.379746,17.454573,17.549961,16.221708,16.273441,15.576051,15.383444,15.446246,15.177853,15.190389,14.943114,17.096533,16.851942,16.098103,15.886486,16.61403,16.659433,0.0,4.0,0.0,0.0,0.0,0.0,0.0,0.0
8446,2023.0,2.0,28.0,15.0,16.629108,17.259254,16.398392,16.16058,16.321417,16.47211,15.456005,15.266054,15.306338,15.081155,15.062692,14.822572,16.9981,16.757975,15.989236,15.786805,15.431166,14.986358,0.0,4.0,0.0,0.0,0.0,0.0,0.0,0.0
8447,2023.0,2.0,28.0,15.0,16.566952,17.0077,16.566463,16.76524,16.278465,16.44076,15.344321,15.160084,15.139208,14.92476,15.003744,14.824474,17.748508,18.269085,15.879227,15.683126,15.307708,15.077462,4.0,4.0,0.0,0.0,0.0,4.0,0.0,0.0
8448,2023.0,2.0,28.0,16.0,16.44714,16.86403,20.184412,23.272448,16.227695,16.402279,15.966218,16.431671,14.997453,14.825318,15.272594,15.42318,17.991953,18.530466,15.768217,15.580428,15.145065,14.9522505,4.0,4.0,4.0,0.0,4.0,4.0,0.0,0.0
8449,2023.0,2.0,28.0,16.0,15.689943,15.485584,20.067188,22.67304,15.506594,15.110814,16.236885,16.796082,16.243784,15.926646,20.312027,23.772114,16.969004,16.540241,16.77531,17.577093,15.33192,15.122232,0.0,0.0,4.0,0.0,4.0,0.0,4.0,0.0
8450,2023.0,2.0,28.0,16.0,15.294317,15.002986,17.436506,17.389658,15.091761,14.594806,15.968835,16.238941,15.430662,15.259954,20.018808,22.975561,17.274645,17.45193,15.905983,15.597934,15.372522,15.184361,0.0,0.0,4.0,0.0,0.0,4.0,0.0,0.0
8451,2023.0,2.0,28.0,16.0,15.136094,14.843196,16.68517,16.87324,15.622643,15.729978,15.823034,16.051065,15.702865,16.219902,17.5323,17.848825,17.468552,17.669325,16.428259,16.961124,14.993455,14.8807955,4.0,4.0,4.0,4.0,0.0,4.0,4.0,0.0
8452,2023.0,2.0,28.0,16.0,16.066954,16.730165,20.25058,23.295769,15.847973,16.047894,15.041515,14.7597275,20.370323,24.227608,16.059303,15.842251,16.717289,16.25951,16.728466,17.266584,15.017862,15.032354,4.0,4.0,0.0,4.0,0.0,0.0,4.0,0.0
8453,2023.0,2.0,28.0,16.0,16.159367,16.621593,20.050196,22.532639,15.849779,16.055763,15.429799,15.589097,20.057568,23.111763,15.653882,15.404436,16.336628,15.812132,15.755837,15.403327,15.014362,15.100757,4.0,4.0,4.0,0.0,0.0,0.0,0.0,0.0
8454,2023.0,2.0,28.0,17.0,15.399788,15.251584,20.097607,22.398975,15.158782,14.783775,15.6142025,15.845793,17.061401,16.998253,15.4264145,15.183735,16.19836,15.674332,15.291073,14.873207,15.015424,15.157556,4.0,0.0,4.0,0.0,0.0,0.0,0.0,0.0
8455,2023.0,2.0,28.0,17.0,15.769662,16.163788,20.089838,22.231205,15.479805,15.613796,15.609048,15.842576,15.556414,15.087115,15.239417,15.002751,16.905794,17.110289,16.21876,16.764372,15.016278,15.199372,4.0,4.0,4.0,0.0,0.0,4.0,4.0,0.0
8456,2023.0,2.0,28.0,17.0,15.24774,15.063582,20.088665,22.121742,14.979937,14.685464,15.589553,15.820992,15.375044,15.130385,15.079097,14.847493,17.150839,17.368376,16.557898,17.103432,15.016685,15.233754,4.0,0.0,4.0,0.0,0.0,4.0,4.0,0.0
8457,2023.0,2.0,28.0,17.0,15.256151,14.941778,20.10497,22.089365,15.022286,14.840326,15.568067,15.798,15.237731,15.028108,15.003078,14.833798,17.178097,17.390423,15.593033,15.243173,15.017086,15.259888,0.0,0.0,4.0,0.0,0.0,4.0,0.0,0.0
8458,2023.0,2.0,28.0,17.0,14.997426,14.797225,18.093615,18.155622,15.3864565,15.5511,14.990774,14.834123,15.867927,16.384071,15.011624,14.93287,17.193724,17.401821,15.122712,14.699915,15.017623,15.281404,4.0,4.0,0.0,4.0,0.0,4.0,0.0,0.0
8459,2023.0,2.0,28.0,17.0,15.893691,16.58134,20.229006,22.581264,15.530902,15.742879,15.427494,15.773579,19.901085,23.210848,15.012413,14.995164,16.433548,15.963834,15.8264265,15.866891,15.018163,15.299557,0.0,4.0,0.0,0.0,0.0,0.0,0.0,0.0
8460,2023.0,2.0,28.0,18.0,15.288798,15.173154,17.790201,17.654955,14.990095,14.8203745,15.017192,14.986795,16.917454,16.912937,15.012781,15.041495,16.06102,15.528478,15.050851,14.628036,15.0185175,15.314568,0.0,0.0,0.0,0.0,0.0,0.0,0.0,0.0
8461,2023.0,2.0,28.0,18.0,20.648645,24.698784,16.618996,16.375954,20.491531,24.404074,20.93243,25.337797,15.257434,14.766658,15.014073,15.07896,20.080908,22.516891,22.13895,26.75588,15.019039,15.327022,0.0,4.0,4.0,0.0,0.0,0.0,4.0,0.0
8462,2023.0,2.0,28.0,18.0,21.008976,24.7143,16.322021,16.090067,20.972319,24.630531,20.516176,23.949196,15.948996,16.440334,15.014491,15.106632,21.129469,24.114529,21.014791,24.370337,15.018632,15.332573,0.0,4.0,0.0,4.0,0.0,4.0,0.0,0.0
8463,2023.0,2.0,28.0,18.0,21.121485,24.488228,16.047295,15.811029,21.12959,24.436003,20.94624,24.274166,20.360262,23.91071,15.015063,15.128085,21.109753,23.68034,21.112675,24.12137,15.018808,15.332909,0.0,4.0,0.0,4.0,0.0,4.0,4.0,0.0
8464,2023.0,2.0,28.0,18.0,21.120539,24.163874,16.286734,16.45836,21.102919,24.0528,21.120813,24.286291,20.056822,22.883007,15.015612,15.144896,21.201447,23.59169,21.96244,25.354744,15.018662,15.328431,4.0,4.0,0.0,0.0,0.0,0.0,0.0,0.0
8465,2023.0,2.0,28.0,18.0,21.47939,24.505947,20.127169,23.263857,21.793959,24.91973,21.812449,25.157467,17.096598,16.879915,15.016084,15.158188,21.38687,23.681644,22.254763,25.52402,15.018763,15.323056,0.0,4.0,0.0,0.0,0.0,0.0,0.0,0.0
8466,2023.0,2.0,28.0,19.0,20.99439,23.494997,17.735022,18.1313,20.96096,23.26711,20.937284,23.416521,15.6106825,15.033661,15.0158615,15.166875,21.056627,22.911747,20.955559,22.982838,15.018494,15.31589,0.0,4.0,4.0,0.0,0.0,0.0,0.0,0.0
8467,2023.0,2.0,28.0,19.0,21.10543,23.600454,16.612888,16.841555,21.115004,23.479673,21.122454,23.72464,16.321041,16.773426,15.016564,15.176172,21.047426,22.814678,21.066332,23.155615,15.018293,15.313641,4.0,4.0,0.0,4.0,0.0,4.0,4.0,0.0
8468,2023.0,2.0,28.0,19.0,21.151812,23.606827,20.213594,23.307352,21.157495,23.50581,21.1488,23.638765,20.318056,23.537254,15.017037,15.183964,21.12672,22.902847,21.608168,24.17521,15.018358,15.312335,4.0,0.0,4.0,4.0,0.0,0.0,4.0,0.0
8469,2023.0,2.0,28.0,19.0,21.987213,24.95346,20.067232,22.602875,22.034935,24.898447,22.314514,25.498295,20.06334,22.668903,15.016892,15.188185,21.79219,23.982843,22.219654,24.926447,15.018681,15.311476,0.0,0.0,4.0,0.0,0.0,0.0,4.0,0.0
8470,2023.0,2.0,28.0,19.0,20.97267,23.02606,17.675951,17.73114,20.96583,22.8794,20.922543,22.88706,17.759972,17.941927,15.016422,15.188709,21.005003,22.444233,21.076696,22.971622,15.018111,15.30832,4.0,0.0,4.0,4.0,0.0,0.0,0.0,0.0
8471,2023.0,2.0,28.0,19.0,22.087421,24.894043,20.23777,22.910923,21.176022,23.31611,21.184181,23.39953,20.450214,23.098516,15.0170965,15.191513,21.805798,23.76743,21.182037,23.158745,15.499186,16.195745,4.0,4.0,4.0,0.0,0.0,0.0,0.0,4.0
8472,2023.0,2.0,28.0,20.0,21.764961,24.222805,20.047829,22.250303,21.065483,23.10955,21.114231,23.258718,17.474472,17.194061,15.016974,15.192316,21.8317,23.9336,22.693727,25.677036,19.703955,23.323757,4.0,4.0,0.0,0.0,0.0,0.0,0.0,0.0
8473,2023.0,2.0,28.0,20.0,22.670315,25.71715,20.114662,22.214853,22.237087,25.06988,22.181444,25.02377,15.942681,15.30788,15.016907,15.191378,21.859365,23.778055,21.976881,24.325563,16.362368,16.242214,0.0,0.0,0.0,0.0,0.0,0.0,0.0,0.0
8474,2023.0,2.0,28.0,20.0,20.9139,22.507599,17.950788,17.91976,20.927986,22.630161,20.939602,22.720783,15.8400345,15.534908,15.016464,15.188888,20.953083,22.125996,20.959433,22.416595,14.994688,14.76477,4.0,0.0,0.0,0.0,0.0,0.0,0.0,0.0
8475,2023.0,2.0,28.0,20.0,21.186928,23.10898,20.254742,22.645658,21.12868,23.040754,21.106352,23.120228,15.730149,15.472306,15.01712,15.190448,21.146969,22.56897,21.092384,22.766838,15.895717,16.645716,4.0,0.0,0.0,0.0,0.0,0.0,0.0,4.0
8476,2023.0,2.0,28.0,20.0,21.988684,24.395712,20.06586,22.079391,21.18068,23.170544,21.17461,23.27098,15.535895,15.288559,15.017049,15.191389,21.758692,23.566755,21.19987,23.031036,20.031872,23.588978,0.0,4.0,4.0,0.0,0.0,0.0,0.0,0.0
8477,2023.0,2.0,28.0,20.0,21.059118,22.85612,17.962797,17.908012,21.087559,23.02774,21.06678,23.073944,15.36486,15.126573,15.016826,15.191251,21.055216,22.381569,21.07722,22.811304,17.280619,17.66152,4.0,0.0,4.0,0.0,0.0,0.0,0.0,4.0
8478,2023.0,2.0,28.0,21.0,22.251284,24.909216,20.232513,22.571634,21.527046,23.60052,21.461872,23.56047,15.214322,14.981817,15.01746,15.1939,21.709488,23.482447,21.638689,23.57014,20.523518,23.849754,0.0,0.0,4.0,0.0,0.0,0.0,0.0,4.0
8479,2023.0,2.0,28.0,21.0,20.91889,22.496521,18.012392,18.00356,20.96567,22.613773,20.942818,22.650784,15.898655,16.394281,15.017026,15.194857,20.955645,22.101854,20.897905,22.31352,20.061274,22.78203,4.0,0.0,4.0,4.0,0.0,0.0,0.0,0.0
8480,2023.0,2.0,28.0,21.0,22.042202,24.38701,20.228258,22.613213,21.770926,23.985924,22.235668,24.862232,20.414322,23.922573,15.017822,15.198687,21.797491,23.555511,22.074804,24.418297,17.051992,16.752651,0.0,4.0,0.0,0.0,0.0,0.0,4.0,0.0
8481,2023.0,2.0,28.0,21.0,20.907278,22.385973,17.990326,17.983368,21.034336,22.756144,20.919777,22.471899,17.001408,16.840712,15.01731,15.199754,20.956781,22.018473,20.891485,22.158766,15.609012,15.033033,4.0,0.0,0.0,0.0,0.0,4.0,0.0,0.0
8482,2023.0,2.0,28.0,21.0,21.191698,23.016005,20.251472,22.658272,21.170261,23.014294,21.190262,23.050047,16.084044,16.175545,14.998328,15.154759,21.182821,22.5268,21.298532,23.021942,15.177853,14.602879,4.0,0.0,0.0,4.0,4.0,4.0,0.0,0.0
8483,2023.0,2.0,28.0,21.0,21.065458,22.839691,20.047804,22.018145,21.098902,22.856424,21.074642,22.88317,20.51739,23.687256,19.887375,23.267904,21.08409,22.337234,21.08746,22.618929,15.199803,14.94607,4.0,0.0,0.0,4.0,0.0,0.0,0.0,0.0
8484,2023.0,2.0,28.0,22.0,21.075068,22.903261,20.09216,21.954832,21.074602,22.843832,21.081121,22.931507,20.05204,22.572834,17.13833,17.547325,21.05045,22.237944,21.07118,22.637894,15.115168,14.894594,4.0,0.0,0.0,0.0,0.0,4.0,0.0,0.0
8485,2023.0,2.0,28.0,22.0,21.88528,24.257254,20.102196,21.88715,21.049917,22.79414,21.08007,22.949501,17.751043,17.853508,15.361004,15.132947,21.97062,23.819561,21.073027,22.671333,14.999408,14.83355,0.0,4.0,0.0,4.0,0.0,0.0,0.0,0.0
8486,2023.0,2.0,28.0,22.0,20.92193,22.486645,17.835966,17.47688,21.057505,22.826584,21.055832,22.893797,20.463697,23.047998,15.002206,14.769549,20.950418,21.900019,21.072577,22.68765,15.01339,14.9606495,0.0,4.0,4.0,4.0,0.0,4.0,0.0,0.0
8487,2023.0,2.0,28.0,22.0,21.123226,22.89807,16.877836,16.543747,21.1064,22.901554,21.08521,22.982988,20.026005,22.094885,15.020154,14.927829,21.098017,22.241865,21.072271,22.696003,15.56021,16.06096,0.0,0.0,0.0,4.0,0.0,0.0,0.0,4.0
8488,2023.0,2.0,28.0,22.0,21.063147,22.759817,16.636383,16.344715,21.09731,22.847649,21.104565,22.971285,20.112728,22.13048,15.068837,15.0973,21.075441,22.20579,21.172363,22.899788,20.25552,23.83868,0.0,0.0,0.0,0.0,4.0,0.0,0.0,0.0
8489,2023.0,2.0,28.0,22.0,21.071661,22.777258,16.834644,16.942595,21.09739,22.817408,21.10055,22.923542,17.602213,17.190004,20.299387,23.82453,21.077238,22.211205,21.032982,22.592203,16.758163,16.616528,4.0,0.0,0.0,0.0,4.0,0.0,4.0,0.0
8490,2023.0,2.0,28.0,23.0,21.096405,22.845871,20.259295,23.053782,21.071348,22.790144,21.074692,22.888514,16.269884,15.590244,20.00428,22.992283,21.054989,22.208418,21.06065,22.615005,15.775441,15.6702,4.0,0.0,0.0,0.0,4.0,0.0,4.0,0.0
8491,2023.0,2.0,28.0,23.0,18.94784,18.7228,17.58682,17.470533,19.29544,19.398134,19.214912,19.329895,16.76935,16.963682,17.426504,17.698648,19.622438,19.483063,18.843763,18.378822,15.448416,15.280432,0.0,0.0,0.0,4.0,0.0,0.0,0.0,0.0
8492,2023.0,2.0,28.0,23.0,18.654438,18.650656,16.277332,15.481074,19.04928,19.342335,18.269789,17.98858,16.331854,16.091015,16.257467,15.974421,19.80684,20.176607,17.95255,17.244164,15.9215555,16.366297,0.0,4.0,0.0,0.0,0.0,4.0,0.0,4.0
8493,2023.0,2.0,28.0,23.0,17.820015,17.3013,16.309599,15.901392,18.296307,18.107523,17.87771,17.585905,15.700188,15.121713,15.92695,15.639228,18.660074,18.011438,17.571266,16.88547,14.987701,14.683551,0.0,0.0,0.0,0.0,0.0,0.0,0.0,0.0
8494,2023.0,2.0,28.0,23.0,17.233896,16.637629,16.253773,15.954503,17.272734,16.527922,17.526073,17.238064,15.891599,15.789636,15.633955,15.3537445,17.973526,17.222301,17.22115,16.55493,15.044738,14.947367,0.0,0.0,0.0,4.0,0.0,0.0,0.0,0.0
8495,2023.0,2.0,28.0,23.0,16.912905,16.32647,16.069561,15.782385,16.759207,15.957217,17.233656,16.949423,15.963214,15.917811,15.390739,15.118513,18.477098,18.441422,17.272238,16.96686,15.020302,14.972982,0.0,0.0,0.0,4.0,0.0,4.0,0.0,0.0
8496,2023.0,3.0,1.0,0.0,17.060917,16.891312,15.901364,15.619491,16.87869,16.501005,16.98958,16.71174,15.341934,14.830871,15.186649,14.923691,18.568644,18.55364,17.186626,16.925833,15.01299,15.03395,0.0,0.0,0.0,0.0,0.0,4.0,0.0,0.0
8497,2023.0,3.0,1.0,0.0,17.028376,16.92068,16.231735,16.36816,16.841396,16.536804,16.781757,16.51101,14.988629,14.486634,15.000565,14.756696,17.79585,17.171371,17.022556,16.775446,15.014786,15.091308,4.0,0.0,0.0,0.0,0.0,0.0,0.0,0.0
8498,2023.0,3.0,1.0,0.0,16.890676,16.79193,15.886884,15.688878,16.691797,16.397753,16.598366,16.329779,15.021571,14.665248,15.018341,14.901093,17.336792,16.627205,16.861908,16.620552,15.015134,15.131859,0.0,0.0,0.0,0.0,0.0,0.0,0.0,0.0
8499,2023.0,3.0,1.0,0.0,16.756414,16.661924,15.606255,15.33907,16.54625,16.256866,16.438385,16.172977,15.034157,14.807491,15.015248,14.969893,17.122168,16.413177,16.717205,16.481113,15.420728,15.918069,0.0,0.0,0.0,0.0,0.0,0.0,0.0,4.0
8500,2023.0,3.0,1.0,0.0,16.633097,16.541351,15.4785385,15.210369,16.417784,16.136204,16.300896,16.042496,15.000095,14.806298,15.014966,15.025166,17.349115,17.034662,16.583927,16.345926,14.9458885,14.988155,0.0,0.0,0.0,0.0,0.0,0.0,0.0,0.0
8501,2023.0,3.0,1.0,0.0,16.509512,16.41113,15.367164,15.093368,16.291561,16.007406,16.1671,15.904902,15.007238,14.888194,15.023688,15.088302,17.369562,17.08206,16.457806,16.216242,15.051133,15.231238,0.0,0.0,0.0,0.0,0.0,0.0,0.0,0.0
8502,2023.0,3.0,1.0,1.0,16.412329,16.322756,15.277051,15.007523,16.184708,15.906612,16.054743,15.798056,15.01139,14.935142,15.025932,15.116843,17.291529,17.005234,16.348705,16.10885,15.025689,15.186091,0.0,0.0,0.0,0.0,0.0,0.0,0.0,0.0
8503,2023.0,3.0,1.0,1.0,16.320032,16.233814,15.194754,14.928464,16.08629,15.813137,15.951855,15.699589,15.013102,14.970719,15.027706,15.142173,17.212057,16.92642,16.248634,16.009794,15.029087,15.227178,0.0,0.0,0.0,0.0,0.0,0.0,0.0,0.0
8504,2023.0,3.0,1.0,1.0,16.241686,16.166176,15.124126,14.865796,16.000431,15.736926,15.8626375,15.619716,15.009159,14.9868145,14.997307,15.093521,17.139523,16.856958,16.159197,15.924084,15.370086,15.869904,0.0,0.0,0.0,0.0,4.0,0.0,0.0,4.0
8505,2023.0,3.0,1.0,1.0,16.16606,16.097837,15.053917,14.797902,15.915825,15.656183,15.775396,15.535576,15.010987,15.013391,15.022172,15.169828,17.069008,16.786724,16.073488,15.838806,14.972018,15.081128,0.0,0.0,0.0,0.0,0.0,0.0,0.0,0.0
8506,2023.0,3.0,1.0,1.0,16.100351,16.03896,15.001002,14.758707,15.832138,15.571505,15.689563,15.447981,15.019348,15.050713,15.0321865,15.202113,17.000927,16.71703,15.991362,15.755037,15.053579,15.272655,0.0,0.0,0.0,0.0,0.0,0.0,0.0,0.0
8507,2023.0,3.0,1.0,1.0,16.031652,15.9719925,15.005508,14.816603,15.761967,15.508961,15.61782,15.383303,15.355167,15.68401,14.998684,15.132933,16.940697,16.659254,15.918728,15.685268,15.008188,15.199366,0.0,0.0,0.0,4.0,4.0,0.0,0.0,0.0
8508,2023.0,3.0,1.0,2.0,15.963611,15.903369,15.005366,14.853984,15.69176,15.441723,15.546169,15.3139715,14.939953,14.884929,15.023195,15.205417,16.881279,16.599852,15.848172,15.615183,15.019104,15.241885,0.0,0.0,0.0,0.0,0.0,0.0,0.0,0.0
8509,2023.0,3.0,1.0,2.0,15.898838,15.838012,15.006104,14.886889,15.62533,15.378236,15.478757,15.248977,15.0236635,15.076049,15.001879,15.161625,16.825155,16.544228,15.781707,15.549539,15.351427,15.865668,0.0,0.0,0.0,0.0,4.0,0.0,0.0,4.0
8510,2023.0,3.0,1.0,2.0,15.83664,15.775052,15.006507,14.914666,15.562145,15.31776,15.415057,15.187335,15.332311,15.664675,15.023094,15.222859,16.771776,16.491495,15.718289,15.4865885,14.977111,15.132165,0.0,0.0,0.0,4.0,0.0,0.0,0.0,0.0
8511,2023.0,3.0,1.0,2.0,15.781956,15.724144,15.007257,14.939742,15.501734,15.259845,15.354332,15.128535,14.9609585,14.926745,15.002508,15.180051,16.720362,16.44042,15.657805,15.426709,15.03693,15.257577,0.0,0.0,0.0,0.0,4.0,0.0,0.0,0.0
8512,2023.0,3.0,1.0,2.0,15.742035,15.697775,15.013239,14.97429,15.440497,15.197641,15.293044,15.065871,15.048439,15.118708,15.011533,15.208628,16.669657,16.388918,15.598291,15.366168,15.058745,15.305683,0.0,0.0,0.0,0.0,4.0,0.0,0.0,0.0
8513,2023.0,3.0,1.0,2.0,15.688886,15.641421,15.014296,14.993271,15.384675,15.144039,15.237237,15.011784,15.021443,15.072445,15.070062,15.311312,16.622072,16.34184,15.542646,15.311166,15.034464,15.27841,0.0,0.0,0.0,0.0,0.0,0.0,0.0,0.0
8514,2023.0,3.0,1.0,3.0,15.634268,15.583524,15.007778,14.997208,15.333828,15.098257,15.186465,14.96555,15.013267,15.08672,15.012074,15.159254,16.577305,16.29894,15.490644,15.261415,15.342101,15.859739,0.0,0.0,0.0,0.0,4.0,0.0,0.0,4.0
8515,2023.0,3.0,1.0,3.0,15.584652,15.535786,15.009016,15.016436,15.282357,15.049263,15.135333,14.916239,15.013893,15.106667,15.0227995,15.173877,16.532833,16.255396,15.439268,15.211029,14.979987,15.157614,0.0,0.0,0.0,0.0,4.0,0.0,0.0,0.0
8516,2023.0,3.0,1.0,3.0,15.544213,15.501912,15.017694,15.050078,15.229857,14.99639,15.083455,14.863596,15.025844,15.146212,15.067653,15.273483,16.488985,16.211597,15.388376,15.15989,15.059936,15.334844,0.0,0.0,0.0,0.0,0.0,0.0,0.0,0.0
8517,2023.0,3.0,1.0,3.0,15.492914,15.444707,15.018329,15.062999,15.181538,14.9504175,15.035668,14.817692,15.027368,15.15642,15.0349655,15.222648,16.447508,16.171274,15.340406,15.11308,15.035444,15.297722,0.0,0.0,0.0,0.0,0.0,0.0,0.0,0.0
8518,2023.0,3.0,1.0,3.0,15.458957,15.423695,15.0197315,15.0790825,15.134505,14.905602,15.000221,14.794555,15.027052,15.165576,15.010559,15.183585,16.407034,16.131947,15.293831,15.067648,15.036696,15.3275385,0.0,0.0,0.0,0.0,4.0,0.0,0.0,0.0
8519,2023.0,3.0,1.0,3.0,15.422487,15.391974,15.020243,15.092429,15.088599,14.861792,15.003354,14.841572,15.028312,15.176967,15.038329,15.281338,16.367498,16.093546,15.248488,15.023434,15.038507,15.345044,0.0,0.0,0.0,0.0,0.0,0.0,0.0,0.0
8520,2023.0,3.0,1.0,4.0,15.383063,15.354158,15.020704,15.105573,15.043701,14.818878,15.004764,14.872074,15.029666,15.187988,15.038586,15.283522,16.328812,16.055986,15.204259,14.980319,15.038996,15.357648,0.0,0.0,0.0,0.0,0.0,0.0,0.0,0.0
8521,2023.0,3.0,1.0,4.0,15.334805,15.298533,15.009882,15.097072,14.997457,14.776116,15.004928,14.895484,15.013669,15.166892,15.017418,15.254029,16.288519,16.01447,15.158742,14.93364,15.301613,15.836802,0.0,0.0,0.0,0.0,0.0,0.0,0.0,4.0
8522,2023.0,3.0,1.0,4.0,15.284368,15.240834,15.012226,15.113865,15.004851,14.824391,15.00579,14.919685,15.016727,15.18201,15.021683,15.270705,16.246557,15.970342,15.111646,14.884417,14.981238,15.220114,0.0,0.0,0.0,0.0,0.0,0.0,0.0,0.0
8523,2023.0,3.0,1.0,4.0,15.2377,15.190574,15.012599,15.125181,15.004554,14.852562,15.00633,14.941412,15.238134,15.586866,15.021277,15.277179,16.205683,15.928168,15.066126,14.837826,15.03993,15.3331175,0.0,0.0,0.0,4.0,0.0,0.0,0.0,0.0
8524,2023.0,3.0,1.0,4.0,15.209036,15.1755085,15.013254,15.136387,15.005109,14.878778,15.006707,14.961407,14.974859,15.099286,15.021813,15.284476,16.164686,15.885587,15.020997,14.791588,15.0185175,15.318635,0.0,0.0,0.0,0.0,0.0,0.0,0.0,0.0
8525,2023.0,3.0,1.0,4.0,15.167893,15.12926,15.024762,15.169436,15.008584,14.910374,15.01349,14.994393,15.033866,15.236627,15.01589,15.260836,16.124311,15.844285,15.001729,14.795053,15.041114,15.383243,0.0,0.0,0.0,0.0,4.0,0.0,0.0,0.0
8526,2023.0,3.0,1.0,5.0,15.121978,15.076928,15.025298,15.174733,15.010436,14.932872,15.014421,15.010403,15.034179,15.234259,15.043447,15.344642,16.083832,15.802318,15.003496,14.828358,15.041329,15.388568,0.0,0.0,0.0,0.0,0.0,0.0,0.0,0.0
8527,2023.0,3.0,1.0,5.0,15.079272,15.031951,15.011668,15.158201,15.005891,14.941689,15.007109,15.011513,15.015355,15.209521,15.017611,15.29316,16.045351,15.764554,15.005314,14.850292,15.263481,15.78998,0.0,0.0,0.0,0.0,0.0,0.0,0.0,4.0
8528,2023.0,3.0,1.0,5.0,15.042614,14.999411,15.014831,15.17349,15.007278,14.962382,15.009148,15.0307255,15.018161,15.224225,15.023336,15.309151,16.006416,15.7254715,15.005396,14.8698225,14.991317,15.269671,0.0,0.0,0.0,0.0,0.0,0.0,0.0,0.0
8529,2023.0,3.0,1.0,5.0,14.997402,14.946951,15.027638,15.208662,15.013985,14.994594,15.017454,15.063393,15.035587,15.267836,15.044374,15.355459,15.969431,15.689646,15.008448,14.896461,15.068482,15.424815,0.0,0.0,0.0,0.0,0.0,0.0,0.0,0.0
8530,2023.0,3.0,1.0,5.0,15.000955,14.990899,15.028244,15.213253,15.01446,15.009229,15.018678,15.0770235,15.035779,15.269232,15.044144,15.35092,15.932684,15.653452,15.010195,14.913781,15.040489,15.376129,0.0,0.0,0.0,0.0,0.0,0.0,0.0,0.0
8531,2023.0,3.0,1.0,5.0,15.003923,15.017112,15.012626,15.192775,15.007258,15.010357,15.008334,15.070194,15.182887,15.527426,15.019204,15.310125,15.896062,15.617344,15.006451,14.920076,15.258936,15.784594,0.0,0.0,0.0,4.0,0.0,0.0,0.0,4.0
8532,2023.0,3.0,1.0,6.0,15.004527,15.038962,15.016034,15.208162,15.009029,15.028952,15.010837,15.087753,14.989342,15.184431,15.023955,15.3245945,15.858362,15.579219,15.007784,14.936716,14.992623,15.278602,0.0,0.0,0.0,0.0,0.0,0.0,0.0,0.0
8533,2023.0,3.0,1.0,6.0,20.136082,23.971537,15.015865,15.216391,20.083456,23.842943,19.826254,23.317791,15.143549,15.468123,15.007916,15.284038,19.895365,22.413738,20.440493,24.057142,15.00437,15.273956,0.0,0.0,0.0,4.0,4.0,0.0,0.0,4.0
8534,2023.0,3.0,1.0,6.0,20.809532,24.607792,15.016297,15.224201,20.831182,24.606737,20.873594,24.697458,19.246254,22.544405,19.382093,22.837063,21.13704,24.385122,21.088661,24.852015,20.061506,24.062672,0.0,0.0,0.0,0.0,0.0,4.0,0.0,4.0
8535,2023.0,3.0,1.0,6.0,21.130032,24.676804,15.071229,15.30774,21.140371,24.644411,21.135836,24.66213,16.151848,15.983059,16.78297,17.196383,21.06069,23.821543,21.505339,25.02067,19.978516,23.30345,4.0,0.0,0.0,0.0,0.0,0.0,0.0,0.0
8536,2023.0,3.0,1.0,6.0,21.071306,24.199123,19.66775,23.192654,21.097301,24.205399,21.099808,24.24802,15.023913,14.831225,15.019746,14.841691,20.921318,23.254778,22.416239,26.278343,16.593386,16.364862,0.0,0.0,0.0,0.0,0.0,0.0,0.0,0.0
8537,2023.0,3.0,1.0,6.0,21.105646,24.052301,17.086624,17.55049,21.103283,23.97054,21.10539,24.019846,15.015612,14.946834,15.031449,15.022846,21.044567,23.264305,22.67554,26.39734,15.732178,15.813257,0.0,0.0,0.0,0.0,0.0,0.0,0.0,4.0
8538,2023.0,3.0,1.0,7.0,21.099361,23.798456,15.28909,15.107267,21.0995,23.784166,21.079533,23.777952,15.016868,15.03324,15.003014,15.044639,21.589724,24.019499,20.908918,22.95801,20.329166,23.655348,0.0,0.0,4.0,0.0,4.0,0.0,4.0,0.0
8539,2023.0,3.0,1.0,7.0,21.12336,23.707617,15.00058,14.81624,21.097342,23.645716,21.104494,23.720407,15.449809,15.898523,19.92862,23.270521,22.248678,25.033264,21.140833,23.366842,16.83839,16.597862,0.0,0.0,0.0,4.0,0.0,0.0,0.0,0.0
8540,2023.0,3.0,1.0,7.0,21.09133,23.50272,15.259282,15.409251,21.095367,23.538206,21.125816,23.603628,20.199196,24.023903,17.417797,18.054512,20.951595,22.519901,22.314854,25.221556,16.508108,17.172295,4.0,0.0,0.0,0.0,4.0,4.0,4.0,4.0
8541,2023.0,3.0,1.0,7.0,21.583776,24.247032,20.113321,23.926174,22.048264,24.997162,21.534037,24.151617,17.119837,17.346527,20.28335,23.618797,22.226706,24.74731,22.457968,25.475916,21.014711,24.826273,4.0,0.0,0.0,4.0,4.0,4.0,0.0,4.0
8542,2023.0,3.0,1.0,7.0,21.520195,24.13126,19.726845,22.634169,21.271612,23.59578,21.493078,24.128304,20.432667,23.656433,20.035978,22.76127,21.260515,22.920918,21.433716,23.590324,20.298813,23.206211,4.0,4.0,0.0,4.0,4.0,4.0,0.0,0.0
8543,2023.0,3.0,1.0,7.0,21.125462,23.303986,19.691854,22.215664,21.093153,23.222786,21.077078,23.24772,20.034264,22.688284,20.039509,22.48874,22.008741,24.167576,21.123947,22.966936,16.96719,16.569534,0.0,4.0,4.0,4.0,0.0,4.0,0.0,0.0
8544,2023.0,3.0,1.0,8.0,21.082449,23.161802,16.90304,16.613495,21.095516,23.161366,21.07155,23.224281,20.13001,22.62225,17.162828,16.753313,20.956228,22.187384,21.040527,22.819572,16.476748,16.66667,0.0,4.0,4.0,0.0,0.0,4.0,4.0,4.0
8545,2023.0,3.0,1.0,8.0,19.022463,19.188698,15.748769,15.403127,18.896564,18.898489,18.784784,18.780622,17.244009,16.873922,15.977948,15.590423,19.465689,19.377705,18.510784,17.997551,20.465696,23.508795,0.0,4.0,4.0,0.0,0.0,4.0,0.0,0.0
8546,2023.0,3.0,1.0,8.0,17.35356,16.79188,15.5117235,15.197416,17.755396,17.52187,17.004955,16.246721,15.748868,15.051786,16.10406,16.10119,18.81963,18.692894,17.221498,16.501734,17.168451,16.90778,0.0,4.0,0.0,0.0,4.0,4.0,0.0,0.0
8547,2023.0,3.0,1.0,8.0,17.504076,17.457178,15.326542,15.010598,17.457228,17.21996,16.415695,15.539174,15.707419,15.350121,20.227234,23.25606,17.907108,17.16097,16.808823,16.082481,15.951819,15.272297,0.0,4.0,0.0,0.0,0.0,0.0,0.0,0.0
8548,2023.0,3.0,1.0,8.0,17.467966,17.521006,15.602916,15.6988535,17.207184,17.00199,16.033024,15.182664,15.590695,15.308681,17.718252,18.024015,17.340883,16.535631,16.812037,16.467295,16.763689,17.29262,4.0,4.0,0.0,0.0,0.0,0.0,0.0,4.0
8549,2023.0,3.0,1.0,8.0,17.319206,17.39081,20.11912,23.656494,17.038084,16.852802,16.192043,15.77136,15.416868,15.147013,16.414389,16.071953,17.089033,16.292059,16.714676,16.431683,20.276817,23.356695,4.0,4.0,0.0,0.0,0.0,0.0,0.0,0.0
8550,2023.0,3.0,1.0,9.0,16.460857,15.953271,20.066698,22.99242,16.20825,15.484643,16.159317,15.838941,15.223887,14.967188,16.36653,16.374117,16.858616,16.08705,17.600767,18.293524,17.159609,16.928165,0.0,0.0,0.0,0.0,4.0,0.0,4.0,0.0
8551,2023.0,3.0,1.0,9.0,16.703314,16.770761,17.358189,17.418173,15.708299,14.912541,15.98933,15.689111,15.82708,16.26256,20.410418,23.407064,17.03944,16.66879,16.535059,16.02064,15.588698,15.000202,4.0,0.0,0.0,4.0,4.0,0.0,0.0,0.0
8552,2023.0,3.0,1.0,9.0,16.110344,15.656868,20.106548,22.95769,16.164108,15.992056,15.82958,15.541202,20.743021,24.459778,20.071436,22.560204,17.895905,18.341501,15.873353,15.277458,15.4578905,15.168905,0.0,4.0,0.0,0.0,0.0,4.0,0.0,0.0
8553,2023.0,3.0,1.0,9.0,15.690682,15.172697,17.40606,17.330053,16.330618,16.272976,16.411938,16.764967,17.228535,17.177288,17.314936,17.012833,17.007841,16.428556,15.641353,15.057136,15.343982,15.108409,0.0,4.0,4.0,0.0,0.0,0.0,0.0,0.0
8554,2023.0,3.0,1.0,9.0,15.536662,15.031843,16.401089,15.980998,15.613804,14.9889145,16.622847,17.102926,15.807865,15.151297,16.489574,16.086672,17.40775,17.444124,15.499932,14.9328165,15.196822,14.972764,0.0,0.0,4.0,0.0,0.0,4.0,0.0,0.0
8555,2023.0,3.0,1.0,9.0,16.551481,17.108627,16.156853,15.857182,15.294681,14.603267,15.62273,15.185695,15.752233,15.424685,16.286585,15.955691,16.770802,16.17043,15.6633625,15.399705,15.059282,14.848258,0.0,0.0,0.0,0.0,0.0,0.0,0.0,0.0
8556,2023.0,3.0,1.0,10.0,15.848224,15.623418,15.927387,15.650285,15.145904,14.478652,15.854034,15.827813,15.628526,15.368637,16.047457,15.736284,16.472239,15.822532,15.670564,15.4510765,15.004083,14.8601675,0.0,0.0,4.0,0.0,0.0,0.0,0.0,0.0
8557,2023.0,3.0,1.0,10.0,15.320224,14.910908,15.6861105,15.418846,15.337635,15.025363,15.297625,14.756498,15.432964,15.187901,15.80234,15.506152,16.335636,15.701178,15.601279,15.388263,15.01356,14.965407,0.0,0.0,0.0,0.0,0.0,0.0,0.0,0.0
8558,2023.0,3.0,1.0,10.0,15.145976,14.726618,15.471542,15.204956,15.379818,15.137688,14.999194,14.469822,15.253659,15.014109,15.580566,15.289249,16.559597,16.275469,15.526841,15.316913,15.013796,15.027689,0.0,0.0,0.0,0.0,0.0,0.0,0.0,0.0
8559,2023.0,3.0,1.0,10.0,15.35815,15.270232,15.300629,15.047546,16.068043,16.502472,15.532446,15.57417,15.108172,14.881635,15.401271,15.126991,16.597378,16.341318,15.459977,15.2559,15.012912,15.072821,0.0,4.0,4.0,0.0,0.0,0.0,0.0,0.0
8560,2023.0,3.0,1.0,10.0,15.416553,15.384459,15.14894,14.903746,16.350935,16.86706,15.723809,15.841636,14.996701,14.800566,15.64658,15.735679,17.3455,17.799757,15.397657,15.197653,15.013291,15.107748,0.0,4.0,4.0,0.0,4.0,4.0,0.0,0.0
8561,2023.0,3.0,1.0,10.0,16.159899,16.82692,15.019792,14.784161,15.454191,15.120019,15.73271,15.865825,15.659343,15.801881,20.08671,23.046762,16.573395,16.08326,16.38745,17.111143,15.6273985,16.278133,0.0,0.0,4.0,0.0,0.0,0.0,4.0,4.0
8562,2023.0,3.0,1.0,11.0,15.7854805,15.917956,15.007767,14.859728,15.60416,15.675478,15.021285,14.670974,15.372418,15.266415,17.924553,18.542992,16.149303,15.574453,16.572048,17.078415,19.94662,23.591629,0.0,4.0,0.0,0.0,4.0,0.0,4.0,0.0
8563,2023.0,3.0,1.0,11.0,15.146675,14.864855,15.00843,14.927029,15.040173,14.670588,15.423571,15.508411,15.372445,15.168657,20.276018,23.240635,16.039515,15.466155,15.58401,15.200905,17.299776,17.811977,0.0,0.0,4.0,0.0,0.0,0.0,0.0,4.0
8564,2023.0,3.0,1.0,11.0,15.007205,14.769571,15.008765,14.979313,15.46198,15.544904,14.997939,14.718653,15.031679,14.845592,17.86063,18.164734,16.254627,15.981229,15.132878,14.675298,20.321932,23.73593,0.0,4.0,0.0,0.0,0.0,0.0,0.0,0.0
8565,2023.0,3.0,1.0,11.0,15.13518,15.105364,15.009602,15.022852,15.681679,15.849843,15.02172,14.827333,15.014065,14.936512,16.32599,16.081715,16.335466,16.103354,14.997447,14.552514,17.723598,18.190567,0.0,4.0,0.0,0.0,0.0,0.0,0.0,4.0
8566,2023.0,3.0,1.0,11.0,15.163444,15.170242,15.010342,15.060171,15.013049,14.711027,15.014516,14.856075,15.010005,14.98427,15.925974,15.639071,16.316393,16.089956,15.009453,14.643292,20.377647,23.48897,0.0,0.0,0.0,0.0,0.0,0.0,0.0,4.0
8567,2023.0,3.0,1.0,11.0,15.114883,15.119383,15.011268,15.093404,15.02434,14.806293,15.004379,14.892575,15.011935,15.028368,15.694271,15.41019,16.289291,16.065456,15.12352,14.936836,20.048294,22.592522,0.0,0.0,0.0,0.0,0.0,0.0,0.0,0.0
8568,2023.0,3.0,1.0,12.0,15.072098,15.082808,15.217441,15.492855,15.0134535,14.835947,15.005748,14.939103,15.011272,15.058186,15.518648,15.25336,16.263596,16.043722,15.131716,14.953053,17.321634,17.148396,4.0,0.0,0.0,0.0,0.0,0.0,0.0,0.0
8569,2023.0,3.0,1.0,12.0,21.006401,25.46618,19.769655,23.370413,20.970943,25.274832,20.203392,24.028793,15.0119505,15.082429,15.782675,15.895824,20.271088,22.863668,20.974367,24.95744,15.941497,15.425335,0.0,4.0,0.0,0.0,4.0,0.0,0.0,0.0
8570,2023.0,3.0,1.0,12.0,21.015228,24.818094,17.291758,17.86515,20.947363,24.512123,21.084587,24.970959,15.893621,15.453536,20.186537,23.478655,21.09501,24.08358,21.175474,24.85988,15.507586,14.991215,0.0,4.0,0.0,0.0,0.0,0.0,0.0,0.0
8571,2023.0,3.0,1.0,12.0,21.111786,24.493103,15.930365,16.229145,21.14477,24.429602,21.104248,24.527271,14.99745,15.038424,17.721685,18.144886,21.569122,24.532763,22.187792,26.148012,15.49424,15.247974,4.0,0.0,0.0,0.0,0.0,0.0,0.0,0.0
8572,2023.0,3.0,1.0,12.0,21.291513,24.45319,20.15952,23.60135,21.54112,24.6398,21.766165,25.15257,15.013792,15.090872,16.11323,15.93195,21.943462,24.863327,21.751816,24.729467,15.406101,15.191442,0.0,4.0,4.0,0.0,0.0,0.0,0.0,0.0
8573,2023.0,3.0,1.0,12.0,21.070185,23.835045,17.911093,18.701578,21.002163,23.506212,20.922455,23.486128,15.0101,15.093099,15.743416,15.494122,21.744535,24.109377,20.901897,23.096125,15.263696,15.059463,4.0,0.0,4.0,0.0,0.0,4.0,0.0,0.0
8574,2023.0,3.0,1.0,13.0,21.680618,24.674824,20.243134,23.301535,21.767883,24.641552,21.688238,24.659742,15.010959,15.10108,15.962602,16.07733,22.04977,24.759325,22.533539,25.781883,15.138698,14.942384,4.0,0.0,0.0,0.0,4.0,0.0,0.0,0.0
8575,2023.0,3.0,1.0,13.0,22.078169,25.14272,20.060974,22.63714,21.829367,24.617346,21.909119,24.833555,15.761997,16.217781,20.414946,23.525003,21.798794,23.944778,22.148037,25.172806,15.033181,14.844614,0.0,4.0,0.0,0.0,0.0,0.0,0.0,0.0
8576,2023.0,3.0,1.0,13.0,20.917868,23.02669,17.441635,17.399961,20.95641,22.909143,20.98451,23.089294,15.011745,14.9616,17.819904,18.197319,20.986965,22.384125,21.049828,22.97325,15.004665,14.875281,0.0,4.0,0.0,0.0,0.0,0.0,0.0,0.0
8577,2023.0,3.0,1.0,13.0,21.092394,23.370962,16.213959,15.997726,21.133373,23.267614,21.108187,23.355812,15.030944,15.06144,16.652746,16.797583,21.045605,22.501194,21.104422,23.077238,15.008977,14.937864,0.0,0.0,0.0,0.0,4.0,4.0,0.0,0.0
8578,2023.0,3.0,1.0,13.0,21.106256,23.378687,15.932699,15.738577,21.076132,23.108646,21.085756,23.308771,15.72597,16.085491,20.356277,23.108143,21.086468,22.572403,21.076603,23.013006,15.259883,15.080384,0.0,4.0,0.0,0.0,0.0,0.0,0.0,0.0
8579,2023.0,3.0,1.0,13.0,21.102587,23.330866,15.686245,15.490255,21.108862,23.169292,21.064379,23.23639,14.987094,14.92574,17.973051,18.283487,21.233658,22.708916,21.041096,22.900635,14.991636,14.893891,0.0,0.0,4.0,0.0,0.0,0.0,4.0,0.0
8580,2023.0,3.0,1.0,14.0,21.054346,23.220436,15.477351,15.276281,21.07634,23.057226,21.091913,23.300505,15.015851,15.026028,16.490269,16.265345,21.005339,22.294188,21.103128,23.007753,15.011483,14.981062,0.0,4.0,0.0,0.0,0.0,0.0,0.0,0.0
8581,2023.0,3.0,1.0,14.0,18.644257,18.594095,15.3093,15.114396,18.717154,18.547089,18.573006,18.41797,15.009636,15.0485525,16.127422,15.876146,20.141531,20.652014,18.755465,18.4553,15.008058,15.011864,0.0,0.0,0.0,0.0,0.0,4.0,0.0,0.0
8582,2023.0,3.0,1.0,14.0,17.322222,16.956371,15.15763,14.96293,17.313025,16.743166,17.762838,17.776155,15.0112295,15.079315,15.895815,15.641784,18.67373,18.167278,17.543987,17.007635,15.009663,15.046142,0.0,0.0,4.0,0.0,0.0,0.0,0.0,0.0
8583,2023.0,3.0,1.0,14.0,17.570894,17.81686,15.5105095,15.738287,16.777205,16.159403,16.915113,16.408865,15.011931,15.1035385,15.705993,15.453833,17.972342,17.33942,17.348387,17.068195,15.009993,15.073073,4.0,0.0,0.0,0.0,0.0,0.0,0.0,0.0
8584,2023.0,3.0,1.0,14.0,17.563395,17.866488,20.07918,23.720154,16.744505,16.445204,17.038218,17.052372,15.012164,15.122578,15.542966,15.294796,18.428188,18.486458,18.22262,18.92482,15.010915,15.097145,4.0,0.0,4.0,0.0,0.0,4.0,4.0,0.0
8585,2023.0,3.0,1.0,14.0,16.727165,16.447989,20.0569,23.094467,17.337168,17.718782,16.411278,15.948155,15.012444,15.13765,15.399667,15.155345,17.814589,17.287298,17.228542,16.852945,15.666492,16.339022,0.0,4.0,0.0,0.0,0.0,0.0,0.0,4.0
8586,2023.0,3.0,1.0,15.0,16.245092,15.88672,17.228586,17.29371,17.515295,18.00778,15.922506,15.372548,15.012651,15.149625,15.67439,15.779842,17.357752,16.758417,16.548618,16.055109,20.037853,23.716396,0.0,4.0,0.0,0.0,4.0,0.0,0.0,0.0
8587,2023.0,3.0,1.0,15.0,16.009619,15.654931,15.928303,15.758803,16.472326,16.076237,16.367283,16.415281,16.14378,15.977889,20.382309,23.615725,17.144037,16.547977,16.272459,15.777246,16.797323,16.818584,0.0,0.0,4.0,0.0,0.0,0.0,0.0,0.0
8588,2023.0,3.0,1.0,15.0,16.102571,16.035164,16.1098,16.322735,16.554426,16.589735,15.86112,15.429648,14.984815,15.046274,18.008171,18.663544,17.259735,16.956217,16.309294,16.060375,15.212122,14.828703,4.0,4.0,0.0,0.0,4.0,0.0,0.0,0.0
8589,2023.0,3.0,1.0,15.0,16.085316,16.069489,20.161072,23.49588,16.6667,16.783092,16.145521,16.221483,15.925559,15.674869,20.267254,23.165806,18.090113,18.578335,16.26749,16.058575,15.071025,14.867359,0.0,4.0,4.0,0.0,0.0,4.0,0.0,0.0
8590,2023.0,3.0,1.0,15.0,15.990993,15.989004,17.73305,18.271336,15.949994,15.50754,15.645544,15.2284975,14.980281,15.056676,17.935215,18.253271,18.016018,18.2004,16.15863,15.959363,14.998151,14.84317,0.0,0.0,0.0,0.0,0.0,4.0,0.0,0.0
8591,2023.0,3.0,1.0,15.0,16.69173,17.39565,16.118073,16.050125,16.237772,16.311865,15.96797,16.074535,15.020784,15.161078,16.441296,16.210909,17.19148,16.722012,16.049019,15.853883,15.012677,14.963542,0.0,4.0,4.0,0.0,0.0,0.0,0.0,0.0
8592,2023.0,3.0,1.0,16.0,15.973303,15.840049,15.703259,15.536093,16.389032,16.531254,15.459849,15.046352,15.432249,15.937183,16.06547,15.808378,16.794523,16.244349,15.950344,15.760525,15.01054,15.0262375,0.0,4.0,0.0,4.0,0.0,0.0,0.0,0.0
8593,2023.0,3.0,1.0,16.0,15.470455,15.178885,15.463807,15.276275,16.363556,16.515015,15.091704,14.589669,19.737492,23.247564,15.843414,15.592251,17.4195,17.568432,15.86096,15.6765,15.012063,15.075856,0.0,4.0,0.0,0.0,0.0,4.0,0.0,0.0
8594,2023.0,3.0,1.0,16.0,15.282917,14.962393,15.758225,15.973016,15.659338,15.237616,15.002961,14.5547085,16.769588,16.865723,16.05032,16.149,16.949888,16.51157,16.895758,17.706493,15.012408,15.111429,4.0,0.0,0.0,0.0,4.0,0.0,4.0,0.0
8595,2023.0,3.0,1.0,16.0,16.24843,16.908808,20.072464,23.552267,15.961165,16.044271,15.128124,14.906929,15.811789,16.037441,20.352036,23.348066,17.366693,17.54285,17.004375,17.5329,16.112007,15.952179,0.0,4.0,0.0,4.0,0.0,4.0,4.0,0.0
8596,2023.0,3.0,1.0,16.0,15.688276,15.567297,17.629776,18.215004,16.15833,16.32562,15.8946705,16.365196,20.503807,23.9772,17.858572,18.254534,17.567472,17.756556,15.981389,15.626564,15.849238,16.578417,0.0,4.0,4.0,4.0,0.0,4.0,0.0,4.0
8597,2023.0,3.0,1.0,16.0,15.968498,16.342272,16.393267,16.701794,16.15478,16.328735,15.566007,15.563291,20.050573,22.890163,16.682095,16.821297,17.58489,17.773632,15.513935,15.081836,20.04644,23.739403,4.0,4.0,0.0,0.0,4.0,4.0,0.0,0.0
8598,2023.0,3.0,1.0,17.0,16.177921,16.601244,20.305119,23.586788,15.466689,15.063692,15.635791,15.820703,17.172907,17.063326,20.302242,23.244095,17.597036,17.786314,15.353523,14.91883,17.39026,17.947145,4.0,0.0,4.0,0.0,0.0,4.0,0.0,4.0
8599,2023.0,3.0,1.0,17.0,16.202314,16.622082,20.054356,22.693165,15.78011,15.87743,15.416689,14.999265,15.719102,15.231106,17.94795,18.267052,17.600237,17.786472,15.23621,14.80363,20.33195,23.739658,0.0,4.0,0.0,0.0,0.0,4.0,0.0,0.0
8600,2023.0,3.0,1.0,17.0,16.210367,16.62579,17.442429,17.42075,15.984592,16.161795,15.576732,15.71502,16.316442,16.739565,16.493288,16.299381,16.84918,16.376783,15.360476,15.156526,17.16944,17.16089,0.0,4.0,4.0,4.0,0.0,0.0,0.0,0.0
8601,2023.0,3.0,1.0,17.0,16.208538,16.619724,16.205553,15.592159,15.984711,16.163977,15.688813,15.902271,20.114025,23.284452,16.172955,15.923446,16.539476,15.981246,16.422806,17.170135,15.977099,15.4860735,0.0,4.0,4.0,0.0,0.0,0.0,4.0,0.0
8602,2023.0,3.0,1.0,17.0,16.19942,16.600191,16.04648,15.742247,15.970718,16.147831,15.011904,14.7415495,17.18948,17.155807,15.942811,15.697967,17.19037,17.343424,15.626819,15.300113,15.772624,15.533217,0.0,4.0,0.0,0.0,0.0,4.0,0.0,0.0
8603,2023.0,3.0,1.0,17.0,15.496819,15.292231,16.394077,16.584995,15.952399,16.12686,15.425256,15.582308,15.603429,15.108418,15.741971,15.499922,17.421114,17.603659,15.130022,14.702685,15.580626,15.375469,4.0,4.0,4.0,0.0,0.0,4.0,0.0,0.0
8604,2023.0,3.0,1.0,18.0,15.193202,14.874457,20.098944,23.1701,15.933446,16.10596,15.676077,15.799321,15.527693,15.273339,15.597377,15.358374,16.679472,16.198357,15.00599,14.574983,15.401838,15.204682,0.0,4.0,0.0,0.0,0.0,0.0,0.0,0.0
8605,2023.0,3.0,1.0,18.0,20.104553,23.556187,17.821892,18.286243,20.20126,23.579231,19.911892,23.308405,15.411962,15.203071,15.448478,15.219652,20.393866,22.790995,20.683327,24.340153,15.212522,15.021692,0.0,0.0,0.0,0.0,0.0,0.0,0.0,0.0
8606,2023.0,3.0,1.0,18.0,20.630886,23.966614,16.248434,16.119003,21.101608,24.599512,20.94484,24.561804,16.064539,16.60225,15.3124695,15.089018,21.101719,23.794205,21.228846,24.910921,15.050909,14.866671,0.0,4.0,4.0,4.0,0.0,4.0,4.0,0.0
8607,2023.0,3.0,1.0,18.0,21.136984,24.444508,16.31665,16.51552,21.097816,24.135386,21.150759,24.459826,20.133335,23.467468,15.193213,14.976712,21.113113,23.469322,21.647291,25.144114,15.006492,14.904407,4.0,4.0,0.0,0.0,0.0,4.0,0.0,0.0
8608,2023.0,3.0,1.0,18.0,21.130148,24.097145,20.246834,23.505928,21.144798,23.948805,21.134995,24.100004,17.098978,17.041847,15.51326,15.678422,21.346394,23.621435,22.095726,25.525398,15.010943,14.981845,4.0,0.0,0.0,0.0,4.0,0.0,0.0,0.0
8609,2023.0,3.0,1.0,18.0,22.087141,25.492466,20.24071,22.938553,21.747871,24.758694,22.073427,25.379707,15.428519,14.905751,20.329279,23.638445,21.517849,23.710451,22.105219,25.159924,15.6985445,16.01444,0.0,0.0,4.0,0.0,0.0,0.0,0.0,0.0
8610,2023.0,3.0,1.0,19.0,20.971172,23.296799,17.882162,18.06785,21.000448,23.202946,21.086477,23.63804,16.166977,16.659231,17.65622,18.095306,21.617054,23.703846,20.925884,22.881748,16.06496,16.760376,4.0,4.0,0.0,4.0,0.0,0.0,4.0,4.0
8611,2023.0,3.0,1.0,19.0,22.126917,25.101906,20.182377,22.82491,22.144167,24.986103,21.665352,24.446083,20.350773,23.714573,15.984146,15.777425,21.690357,23.617817,22.329725,25.260826,20.052282,23.562765,0.0,4.0,0.0,4.0,0.0,0.0,0.0,0.0
8612,2023.0,3.0,1.0,19.0,20.910883,22.873684,17.904972,18.061272,20.916523,22.74156,21.005701,23.160429,20.058817,22.731365,15.6381035,15.411398,20.950954,22.276657,22.21338,24.777729,16.82937,16.74692,4.0,0.0,0.0,0.0,0.0,0.0,0.0,0.0
8613,2023.0,3.0,1.0,19.0,21.178053,23.392895,20.244387,22.873493,21.186594,23.268454,21.168629,23.462685,17.232447,17.0031,15.454765,15.22651,21.139519,22.673641,21.035017,22.640837,15.251326,14.780602,4.0,0.0,4.0,0.0,0.0,0.0,4.0,0.0
8614,2023.0,3.0,1.0,19.0,22.295815,25.232107,20.063002,22.256283,22.358917,25.19159,21.97369,24.918348,15.805903,15.235552,15.304403,15.080442,21.822567,23.797743,21.951166,24.270231,16.236723,16.98148,0.0,0.0,0.0,0.0,0.0,4.0,4.0,4.0
8615,2023.0,3.0,1.0,19.0,20.920742,22.713411,17.631155,17.434357,20.922672,22.58407,20.995152,22.950617,15.716419,15.456228,15.545394,15.638586,20.94698,22.118193,21.369183,23.217615,20.187513,23.550985,0.0,0.0,0.0,0.0,4.0,0.0,4.0,0.0
8616,2023.0,3.0,1.0,20.0,21.61439,23.731337,17.023848,17.16257,21.454075,23.398222,21.61944,23.910267,16.438023,16.945768,20.34543,23.610151,21.3565,22.763937,22.002928,24.106413,16.9954,16.845991,4.0,0.0,0.0,4.0,0.0,0.0,0.0,0.0
8617,2023.0,3.0,1.0,20.0,20.994658,22.73862,20.234308,22.970171,21.149864,23.078545,21.023687,22.912445,20.432669,23.595901,17.647429,18.02805,21.037178,22.225761,20.984938,22.38354,15.425585,14.932559,0.0,0.0,0.0,4.0,0.0,0.0,0.0,0.0
8618,2023.0,3.0,1.0,20.0,21.10046,22.979456,18.341475,18.940536,21.055607,22.89052,21.101883,23.105307,20.058855,22.607443,16.019037,15.8259115,21.06791,22.342115,21.080431,22.60699,16.407732,17.140625,4.0,4.0,0.0,0.0,0.0,0.0,4.0,4.0
8619,2023.0,3.0,1.0,20.0,21.876556,24.23999,20.287416,22.798498,21.60405,23.788727,21.67466,23.876055,17.290485,17.014414,15.668386,15.430165,21.745594,23.489676,21.910944,23.906223,20.321802,23.695475,4.0,4.0,4.0,0.0,0.0,0.0,0.0,0.0
8620,2023.0,3.0,1.0,20.0,21.89046,24.09736,20.064089,22.147463,21.793177,23.896412,21.777472,24.116375,15.89498,15.302791,15.469201,15.233523,21.678349,23.321655,22.095545,24.10146,17.095633,16.944511,0.0,4.0,0.0,0.0,0.0,0.0,0.0,0.0
8621,2023.0,3.0,1.0,20.0,21.093054,22.838991,17.986895,18.005733,21.104378,22.80846,20.986597,22.62786,16.635712,17.090776,15.317602,15.082086,20.966974,21.991247,20.895735,22.029793,15.531584,15.017744,4.0,0.0,0.0,4.0,0.0,4.0,0.0,0.0
8622,2023.0,3.0,1.0,21.0,21.797441,24.043468,20.203568,22.544882,21.545214,23.678278,21.846025,24.253231,20.353735,23.24799,15.572754,15.674983,21.919474,23.631964,21.886587,23.894018,15.45717,15.238595,0.0,4.0,0.0,0.0,4.0,0.0,0.0,0.0
8623,2023.0,3.0,1.0,21.0,21.017725,22.615263,17.71745,17.477583,21.174593,22.962036,21.179989,23.106886,17.334267,17.093714,20.356024,23.616125,21.003012,21.980457,21.177494,22.731546,15.370149,15.178603,0.0,0.0,4.0,0.0,0.0,0.0,0.0,0.0
8624,2023.0,3.0,1.0,21.0,21.112429,22.847471,17.05062,17.14599,21.095448,22.795607,21.08403,22.96528,15.792485,15.187013,17.668457,18.053335,21.092169,22.195642,21.07298,22.586826,15.2101145,15.015015,4.0,0.0,0.0,0.0,0.0,0.0,0.0,0.0
8625,2023.0,3.0,1.0,21.0,21.091,22.827171,20.25724,22.934563,21.097284,22.787594,21.080353,22.901484,15.740433,15.466072,16.00404,15.770878,21.05299,22.17902,21.070776,22.624655,15.06748,14.870453,0.0,0.0,4.0,0.0,0.0,0.0,0.0,0.0
8626,2023.0,3.0,1.0,21.0,21.070215,22.842623,18.38142,18.941292,21.071566,22.773909,21.10698,22.950138,15.662775,15.4267435,15.64167,15.383723,21.028036,22.148136,21.071312,22.651402,15.002889,14.858386,4.0,0.0,0.0,0.0,0.0,4.0,0.0,0.0
8627,2023.0,3.0,1.0,21.0,21.856363,24.129019,20.286907,22.714363,21.157227,22.964735,21.155857,23.023024,16.316296,16.816454,15.434764,15.168268,21.718359,23.325518,21.179993,22.883507,15.010715,14.937294,4.0,0.0,0.0,4.0,0.0,4.0,0.0,0.0
8628,2023.0,3.0,1.0,22.0,21.240019,22.916168,20.049767,22.024054,21.050016,22.740921,21.10205,22.891953,20.436663,23.713495,15.267832,15.000868,21.280521,22.431639,21.071447,22.672853,15.010243,14.982717,4.0,4.0,0.0,0.0,0.0,0.0,0.0,0.0
8629,2023.0,3.0,1.0,22.0,22.316662,24.85853,20.110258,22.010553,21.323696,23.317453,21.294168,23.309412,17.138144,16.911106,15.433332,15.430326,22.071856,23.836176,21.368563,23.270145,15.010743,15.01839,0.0,0.0,0.0,0.0,4.0,0.0,0.0,0.0
8630,2023.0,3.0,1.0,22.0,21.48708,23.240145,17.744053,17.371082,21.72799,23.684402,21.588335,23.623283,15.537819,14.9241905,20.342371,23.602406,21.358242,22.364101,21.685156,23.629635,15.708331,16.045439,0.0,4.0,4.0,0.0,0.0,4.0,0.0,0.0
8631,2023.0,3.0,1.0,22.0,20.981806,22.366207,17.238073,17.288586,20.917004,22.253569,20.929909,22.465963,15.519075,15.24264,17.64853,18.016508,20.970085,21.73563,21.060871,22.589056,14.98144,14.896472,4.0,4.0,0.0,0.0,0.0,0.0,0.0,0.0
8632,2023.0,3.0,1.0,22.0,21.222582,22.943264,20.258696,22.763535,21.196865,22.856398,21.191126,22.988642,15.483256,15.255896,15.970228,15.72769,21.145868,22.15021,21.191938,22.863016,15.0195875,15.016879,0.0,0.0,0.0,0.0,0.0,0.0,0.0,0.0
8633,2023.0,3.0,1.0,22.0,21.096132,22.735569,18.177715,18.443256,21.0894,22.64665,21.07025,22.72211,15.345485,15.120851,15.625061,15.365874,21.071283,22.035933,21.068913,22.620853,15.009999,15.035187,0.0,0.0,4.0,0.0,0.0,0.0,0.0,0.0
8634,2023.0,3.0,1.0,23.0,21.062311,22.664087,17.289612,17.470766,21.09298,22.652227,21.0784,22.737242,15.216957,14.994013,15.43231,15.172466,21.051115,22.06113,21.068865,22.624353,15.524265,16.028606,4.0,0.0,4.0,0.0,0.0,0.0,0.0,4.0
8635,2023.0,3.0,1.0,23.0,19.474707,19.639742,16.271025,15.652378,19.420103,19.485731,18.80864,18.417784,15.108197,14.889816,15.277732,15.023567,19.725086,19.557823,19.285597,19.195852,14.97703,14.970551,0.0,0.0,0.0,0.0,0.0,0.0,0.0,0.0
8636,2023.0,3.0,1.0,23.0,17.993992,17.444397,15.608785,14.813076,18.98502,19.290354,18.097433,17.88941,15.566469,15.837568,15.134405,14.878349,19.011736,18.70287,18.331627,18.067186,15.13534,15.287079,0.0,4.0,4.0,4.0,0.0,0.0,0.0,4.0
8637,2023.0,3.0,1.0,23.0,17.473196,16.826284,15.78081,15.384666,18.24497,18.027246,17.281897,16.548985,15.752666,16.085203,15.025272,14.764866,18.761583,18.440708,18.010202,17.728525,15.001422,15.048737,0.0,0.0,0.0,4.0,0.0,0.0,0.0,0.0
8638,2023.0,3.0,1.0,23.0,17.855404,17.865667,16.264906,16.372036,17.914774,17.711842,16.730074,15.930709,14.939114,14.665216,15.195296,15.181366,18.531017,18.218044,18.782707,19.44947,15.132621,15.28559,4.0,4.0,0.0,0.0,4.0,0.0,4.0,4.0
8639,2023.0,3.0,1.0,23.0,17.204319,16.686625,15.953993,15.768479,17.740297,17.554897,16.410305,15.615124,15.04007,14.906285,14.989482,14.828674,18.328331,18.021109,17.627048,17.0647,15.006015,15.06379,0.0,4.0,0.0,0.0,0.0,0.0,0.0,0.0
8640,2023.0,3.0,2.0,0.0,16.703032,16.091541,16.109213,16.242653,16.907145,16.153986,16.56498,16.193182,15.01889,14.899073,15.01901,14.9351015,18.144186,17.831646,16.906628,16.252254,15.028629,15.119006,4.0,0.0,0.0,0.0,0.0,0.0,0.0,0.0
8641,2023.0,3.0,2.0,0.0,16.448235,15.835177,15.323005,14.690229,16.42522,15.594749,16.552502,16.25494,15.008879,14.932211,15.010821,14.956987,17.982592,17.668983,16.618923,15.964211,15.104345,15.243336,0.0,0.0,0.0,0.0,0.0,0.0,0.0,4.0
8642,2023.0,3.0,2.0,0.0,16.661943,16.473589,15.01441,14.412579,16.160643,15.320557,16.411325,16.119131,15.011509,14.975779,15.013144,14.99055,18.605068,18.975,16.745008,16.446354,15.013728,15.100663,0.0,0.0,0.0,0.0,0.0,4.0,0.0,0.0
8643,2023.0,3.0,2.0,0.0,16.689922,16.567768,15.121512,14.757889,16.371122,15.953454,16.273874,15.984849,15.011681,15.006128,15.029349,15.034596,17.644556,16.957554,16.714458,16.443789,15.029414,15.140963,0.0,0.0,0.0,0.0,4.0,0.0,0.0,0.0
8644,2023.0,3.0,2.0,0.0,16.580538,16.45567,15.128503,14.816833,16.416737,16.082296,16.136198,15.838215,15.012883,15.032673,15.010964,15.029994,17.091827,16.308563,16.585958,16.310663,15.013928,15.143893,0.0,0.0,0.0,0.0,0.0,0.0,0.0,0.0
8645,2023.0,3.0,2.0,0.0,16.468967,16.339975,15.0441475,14.72886,16.309402,15.9748535,16.013113,15.710264,15.023564,15.075456,15.027,15.081941,16.897972,16.11061,16.458788,16.179432,15.029877,15.201387,0.0,0.0,0.0,0.0,0.0,0.0,0.0,0.0
8646,2023.0,3.0,2.0,1.0,16.36909,16.241634,15.000671,14.72058,16.207335,15.879721,15.90975,15.612603,15.01144,15.065781,14.99575,15.02369,17.186771,16.845682,16.34443,16.066343,15.013849,15.183988,0.0,0.0,0.0,0.0,4.0,0.0,0.0,0.0
8647,2023.0,3.0,2.0,1.0,16.270239,16.139315,15.006497,14.789982,16.101818,15.771528,15.805147,15.504125,15.0262165,15.112364,15.030103,15.12505,17.20975,16.874386,16.233387,15.951958,15.033512,15.240432,0.0,0.0,0.0,0.0,0.0,0.0,0.0,0.0
8648,2023.0,3.0,2.0,1.0,16.181122,16.049168,15.009012,14.834288,16.00892,15.681776,15.714131,15.415099,15.02649,15.120382,15.030365,15.122189,17.13678,16.800741,16.133364,15.851974,15.033676,15.246127,0.0,0.0,0.0,0.0,0.0,0.0,0.0,0.0
8649,2023.0,3.0,2.0,1.0,16.11185,15.99372,15.011327,14.872569,15.921663,15.597244,15.629121,15.331723,15.027938,15.135329,15.031643,15.135932,17.062038,16.72549,16.039812,15.758376,15.03519,15.260293,0.0,0.0,0.0,0.0,0.0,0.0,0.0,0.0
8650,2023.0,3.0,2.0,1.0,16.042416,15.928986,15.013788,14.905838,15.839201,15.51713,15.549138,15.253048,15.029826,15.149068,15.032057,15.14483,16.989828,16.652786,15.951791,15.670247,15.035803,15.270317,0.0,0.0,0.0,0.0,0.0,0.0,0.0,0.0
8651,2023.0,3.0,2.0,1.0,15.974853,15.864843,15.31834,15.490273,15.765386,15.449824,15.477825,15.187127,15.227355,15.514176,15.014971,15.123443,16.92298,16.587864,15.871002,15.591736,15.016808,15.246433,4.0,0.0,0.0,4.0,0.0,0.0,0.0,0.0
8652,2023.0,3.0,2.0,2.0,15.904196,15.791702,14.963644,14.836624,15.690648,15.376611,15.4057,15.115484,14.974399,15.044312,15.018611,15.140341,16.856075,16.519909,15.79207,15.5126295,15.296524,15.762203,0.0,0.0,0.0,0.0,0.0,0.0,0.0,4.0
8653,2023.0,3.0,2.0,2.0,15.830348,15.710315,15.017697,14.968764,15.615388,15.299064,15.333448,15.040024,15.02562,15.16194,15.019377,15.152303,16.789257,16.449923,15.71389,15.431396,14.968393,15.147869,0.0,0.0,0.0,0.0,0.0,0.0,0.0,0.0
8654,2023.0,3.0,2.0,2.0,15.759921,15.6344595,15.019639,14.993928,15.541067,15.221062,15.262262,14.964421,15.032715,15.186834,15.037975,15.198501,16.723776,16.381046,15.638045,15.352528,15.01003,15.211694,0.0,0.0,0.0,0.0,0.0,0.0,0.0,4.0
8655,2023.0,3.0,2.0,2.0,15.691376,15.560245,15.021056,15.014276,15.471435,15.150255,15.195725,14.895832,15.034136,15.198381,15.012067,15.133098,16.660892,16.315794,15.565605,15.278239,15.067877,15.340529,0.0,0.0,0.0,0.0,4.0,0.0,0.0,0.0
8656,2023.0,3.0,2.0,2.0,15.63028,15.499697,15.02222,15.032178,15.403728,15.081153,15.131096,14.828967,15.034973,15.208533,15.039237,15.2222185,16.59922,16.251728,15.495162,15.205914,15.068782,15.321121,0.0,0.0,0.0,0.0,0.0,0.0,0.0,0.0
8657,2023.0,3.0,2.0,2.0,15.5752325,15.4481,15.023388,15.048927,15.337637,15.013469,15.068006,14.763507,15.035887,15.218593,15.040931,15.225728,16.538593,16.188688,15.426357,15.135198,15.038807,15.289974,0.0,0.0,0.0,0.0,0.0,0.0,0.0,0.0
8658,2023.0,3.0,2.0,3.0,15.514069,15.381488,15.024926,15.065583,15.272947,14.947006,15.006213,14.699232,15.036465,15.227899,15.042088,15.235341,16.478848,16.126509,15.358932,15.065835,15.040524,15.319648,0.0,0.0,0.0,0.0,0.0,0.0,0.0,0.0
8659,2023.0,3.0,2.0,3.0,15.470626,15.350957,15.02565,15.080267,15.2150755,14.892795,15.003061,14.747903,15.038162,15.2406225,15.042353,15.243027,16.424189,16.073675,15.296486,15.005184,15.041669,15.336989,0.0,0.0,0.0,0.0,0.0,0.0,0.0,0.0
8660,2023.0,3.0,2.0,3.0,15.427079,15.3142605,15.011655,15.067424,15.161667,14.844658,15.005035,14.78442,15.017618,15.212513,15.00213,15.162225,16.37271,16.02475,15.237676,14.9490795,15.24722,15.709895,0.0,0.0,0.0,0.0,4.0,0.0,0.0,4.0
8661,2023.0,3.0,2.0,3.0,15.374811,15.259375,15.014384,15.086831,15.107911,14.794036,15.005645,14.81702,15.129092,15.408741,15.029362,15.241277,16.321854,15.975511,15.179725,14.89269,14.998099,15.234838,0.0,0.0,0.0,4.0,0.0,0.0,0.0,0.0
8662,2023.0,3.0,2.0,3.0,15.323355,15.206744,15.027993,15.128398,15.053927,14.741582,15.008878,14.854653,15.156475,15.440753,15.044796,15.283198,16.272116,15.9269495,15.122726,14.836655,15.073915,15.38703,0.0,0.0,0.0,4.0,0.0,0.0,0.0,0.0
8663,2023.0,3.0,2.0,3.0,15.271123,15.151554,15.027442,15.13493,15.002628,14.693331,15.01046,14.881768,15.072418,15.277242,15.044648,15.282708,16.224379,15.880999,15.06801,14.783681,15.0418625,15.335293,0.0,0.0,0.0,0.0,0.0,0.0,0.0,0.0
8664,2023.0,3.0,2.0,4.0,15.227639,15.113997,15.0282955,15.147959,15.002759,14.743876,15.012291,14.908538,15.0728,15.28397,15.044847,15.289037,16.177935,15.836335,15.014755,14.732148,15.044547,15.369717,0.0,0.0,0.0,0.0,0.0,0.0,0.0,0.0
8665,2023.0,3.0,2.0,4.0,15.179362,15.06411,15.028954,15.159711,15.005412,14.7827425,15.013916,14.93329,15.038236,15.241379,15.018713,15.225022,16.13359,15.79466,15.002256,14.758062,15.045107,15.384887,0.0,0.0,0.0,0.0,4.0,0.0,0.0,0.0
8666,2023.0,3.0,2.0,4.0,15.953827,16.561846,15.013746,15.142506,15.0047245,14.809088,15.007398,14.940401,15.0195875,15.2341,15.010339,15.228618,16.092354,15.757757,15.004815,14.79199,15.021179,15.354663,0.0,0.0,0.0,0.0,4.0,0.0,0.0,0.0
8667,2023.0,3.0,2.0,4.0,15.52038,15.518082,15.016251,15.159367,15.005663,14.83886,15.008796,14.963627,15.1048765,15.386001,15.027137,15.287299,16.050205,15.718095,15.005613,14.820678,15.024302,15.374826,0.0,0.0,0.0,4.0,0.0,0.0,0.0,0.0
8668,2023.0,3.0,2.0,4.0,14.971522,14.687587,15.016258,15.170613,15.006611,14.866153,15.009348,14.984095,15.0088005,15.240417,15.023639,15.28663,16.008307,15.677681,15.006154,14.845278,15.024329,15.386418,0.0,0.0,0.0,0.0,0.0,0.0,0.0,0.0
8669,2023.0,3.0,2.0,4.0,15.020694,14.8274555,15.016537,15.182162,15.006915,14.890726,15.54406,15.997302,15.041766,15.286673,15.024351,15.293268,15.968413,15.640658,15.007007,14.868506,15.024713,15.397207,0.0,0.0,4.0,0.0,0.0,0.0,0.0,0.0
8670,2023.0,3.0,2.0,5.0,15.052138,14.955378,15.016868,15.193557,15.007414,14.914107,14.982623,14.921243,15.037157,15.266527,15.024377,15.298366,15.929655,15.605008,15.00727,14.888569,15.02457,15.405629,0.0,0.0,0.0,0.0,0.0,0.0,0.0,0.0
8671,2023.0,3.0,2.0,5.0,15.026559,14.93886,15.033494,15.23708,15.014624,14.951226,15.055501,15.08302,15.04116,15.3011,15.048156,15.349905,15.887542,15.561729,15.013551,14.920993,15.049889,15.463518,0.0,0.0,0.0,0.0,0.0,0.0,0.0,0.0
8672,2023.0,3.0,2.0,5.0,15.000745,14.936422,15.033662,15.241288,15.0162115,14.971805,15.018189,15.017255,15.043432,15.321815,15.048054,15.346408,15.846425,15.520563,15.014906,14.937568,15.165914,15.648974,0.0,0.0,0.0,0.0,0.0,0.0,0.0,4.0
8673,2023.0,3.0,2.0,5.0,15.003853,14.982264,15.034515,15.251797,15.017188,14.991988,15.020898,15.059518,15.081978,15.378194,15.04854,15.35163,15.805129,15.479219,15.014764,14.952862,15.077404,15.461508,0.0,0.0,0.0,4.0,0.0,0.0,0.0,0.0
8674,2023.0,3.0,2.0,5.0,15.00684,15.016053,15.0353,15.261432,15.018345,15.011868,15.022291,15.083239,15.077709,15.375767,15.048978,15.356515,15.763849,15.437881,15.0168295,14.972168,15.018427,15.3189945,0.0,0.0,0.0,0.0,0.0,0.0,0.0,4.0
8675,2023.0,3.0,2.0,5.0,15.00845,15.043544,15.035936,15.270855,15.019308,15.030694,15.022696,15.102935,15.0769005,15.360481,15.04945,15.362077,15.7226,15.396563,15.018152,14.988812,15.079799,15.496187,0.0,0.0,0.0,0.0,0.0,0.0,0.0,0.0
8676,2023.0,3.0,2.0,6.0,15.009418,15.068368,15.036749,15.280624,15.021088,15.05061,15.0238,15.121843,15.043793,15.323464,15.049972,15.368053,15.681379,15.355263,15.018304,15.003143,15.078231,15.46532,0.0,0.0,0.0,0.0,0.0,0.0,0.0,0.0
8677,2023.0,3.0,2.0,6.0,20.213554,24.15952,15.017269,15.253823,20.180012,24.043331,19.902246,23.4948,15.022232,15.310452,15.02321,15.325602,19.850243,22.444822,20.484087,24.218388,15.020126,15.388843,0.0,0.0,0.0,0.0,0.0,0.0,0.0,0.0
8678,2023.0,3.0,2.0,6.0,20.785471,24.574932,15.020303,15.269688,20.827188,24.586987,20.81913,24.600422,15.024609,15.331495,15.02667,15.338559,20.521385,23.415253,21.070787,24.875528,15.026788,15.418501,0.0,0.0,0.0,0.0,0.0,0.0,0.0,0.0
8679,2023.0,3.0,2.0,6.0,21.1848,24.812563,15.020357,15.278634,21.179726,24.726027,21.181051,24.778109,15.024273,15.339093,15.009949,15.29575,20.951591,23.793077,21.750244,25.594393,15.026128,15.423676,0.0,0.0,0.0,0.0,4.0,0.0,0.0,0.0
8680,2023.0,3.0,2.0,6.0,21.09741,24.296022,15.020868,15.287795,21.100218,24.216015,21.10323,24.28434,15.021887,15.305736,19.665281,23.255564,21.360893,24.19323,22.259054,26.06733,15.025655,15.424327,0.0,0.0,0.0,4.0,4.0,0.0,0.0,0.0
8681,2023.0,3.0,2.0,6.0,21.105278,24.072895,15.020668,15.29263,21.106499,23.98347,21.132305,24.105175,19.591423,23.072563,20.021591,23.375952,21.373196,23.950235,22.240944,25.70056,15.363279,16.098963,0.0,0.0,0.0,0.0,0.0,0.0,0.0,0.0
8682,2023.0,3.0,2.0,7.0,21.076164,23.82458,15.020465,15.295709,21.080008,23.73582,21.105837,23.879976,17.080814,17.738512,17.071493,17.287529,21.033476,23.117918,22.736904,26.26834,15.025026,15.412902,0.0,4.0,0.0,4.0,0.0,4.0,0.0,0.0
8683,2023.0,3.0,2.0,7.0,21.079159,23.708187,14.998998,15.238282,21.082232,23.613628,21.103893,23.748362,19.771193,22.964893,15.806181,15.810788,21.062462,23.066647,21.981203,24.810425,15.323155,15.940286,4.0,4.0,0.0,0.0,4.0,4.0,0.0,4.0
8684,2023.0,3.0,2.0,7.0,21.129639,23.67797,19.81814,23.529871,21.133247,23.57681,21.101023,23.644838,16.499254,16.16306,20.4205,23.694878,21.225025,23.266851,21.843246,24.282072,19.185192,22.587063,4.0,0.0,0.0,0.0,4.0,0.0,0.0,0.0
8685,2023.0,3.0,2.0,7.0,21.138918,23.58183,20.039143,23.393381,21.122663,23.435133,21.1,23.56466,15.534585,15.484273,19.809921,22.400969,21.153452,23.011581,22.117088,24.632246,16.459991,16.723948,0.0,0.0,0.0,4.0,0.0,0.0,0.0,4.0
8686,2023.0,3.0,2.0,7.0,21.118689,23.452028,16.632015,16.403925,21.098097,23.27395,21.098803,23.497744,19.673801,22.478642,17.034767,16.798244,21.916306,24.206148,21.606344,24.0178,19.58611,22.607222,0.0,4.0,0.0,0.0,4.0,4.0,0.0,0.0
8687,2023.0,3.0,2.0,7.0,21.52896,24.031378,15.569196,15.184388,21.657099,23.978106,21.70048,24.273987,16.553398,16.183432,20.212683,22.890066,21.245836,22.810825,21.778425,23.914268,16.937634,17.154652,0.0,4.0,0.0,0.0,0.0,0.0,0.0,4.0
8688,2023.0,3.0,2.0,8.0,20.974428,22.963917,15.190869,14.847692,20.927916,22.693888,20.922375,22.913277,16.087927,16.483206,17.371065,17.208128,21.35144,22.94511,21.027716,22.832335,20.297287,23.538073,0.0,4.0,0.0,4.0,4.0,0.0,4.0,0.0
8689,2023.0,3.0,2.0,8.0,18.372858,18.00768,15.28118,14.880832,18.824862,18.71994,18.73715,18.78775,20.11915,23.20985,20.265152,22.93506,18.97069,18.324942,18.403362,17.837896,16.782578,16.479334,0.0,4.0,0.0,0.0,0.0,0.0,0.0,0.0
8690,2023.0,3.0,2.0,8.0,17.623089,17.520027,15.379749,15.451688,17.693876,17.366325,17.399017,17.080948,16.83677,16.546469,18.007616,18.425661,18.926828,19.194939,17.057013,16.276962,14.993739,14.408444,4.0,4.0,0.0,0.0,4.0,4.0,0.0,0.0
8691,2023.0,3.0,2.0,8.0,16.729082,16.080233,19.89752,23.384668,17.29266,16.974356,16.864155,16.494635,15.082345,14.363799,20.325579,23.07268,18.5332,18.366022,16.531815,15.755554,16.389748,16.052158,0.0,4.0,0.0,0.0,4.0,4.0,0.0,0.0
8692,2023.0,3.0,2.0,8.0,16.865717,16.785595,17.575207,18.241346,16.367645,15.51637,16.510674,16.141577,15.10773,14.778452,20.065754,22.32445,17.516176,16.767006,16.540031,16.16531,16.069204,16.646805,4.0,0.0,0.0,0.0,4.0,0.0,0.0,4.0
8693,2023.0,3.0,2.0,8.0,16.187895,15.590414,20.181156,23.41797,15.790528,14.863232,16.939537,17.197527,15.727074,16.137712,20.129215,22.266373,17.734201,17.594236,17.52462,18.182257,19.970636,23.374687,0.0,0.0,4.0,4.0,0.0,4.0,4.0,0.0
8694,2023.0,3.0,2.0,9.0,15.689891,15.026511,17.07382,16.941595,16.175924,15.864038,16.399242,16.174902,20.416882,23.956219,17.676105,17.400465,17.099648,16.38987,17.357567,17.596035,16.60086,16.37631,0.0,4.0,0.0,4.0,4.0,0.0,4.0,0.0
8695,2023.0,3.0,2.0,9.0,16.204994,16.218693,15.049008,14.312141,16.29371,16.101072,16.173738,15.99139,20.344946,23.419405,20.356632,22.693594,17.407705,17.325205,16.251057,15.696232,15.28915,14.646232,0.0,4.0,4.0,0.0,0.0,4.0,0.0,0.0
8696,2023.0,3.0,2.0,9.0,16.38123,16.497562,15.505881,15.47793,16.220562,16.06619,15.440861,14.724123,17.113613,16.847593,17.510784,17.111496,17.539425,17.498432,16.727083,17.021608,15.036961,14.767275,4.0,4.0,0.0,0.0,0.0,4.0,4.0,0.0
8697,2023.0,3.0,2.0,9.0,16.340864,16.481485,20.16966,23.692762,16.148558,16.027168,15.350355,14.521434,16.159126,16.121542,16.27814,15.8862505,16.800652,16.158964,16.001867,15.487385,15.013294,14.90633,4.0,4.0,0.0,4.0,0.0,0.0,0.0,0.0
8698,2023.0,3.0,2.0,9.0,15.577855,15.1202965,20.055,22.938375,16.08581,15.996531,15.834848,15.564898,20.336147,23.268957,16.020046,15.669403,16.374968,15.6563425,15.460744,14.861621,15.018914,15.039446,4.0,4.0,0.0,0.0,0.0,0.0,0.0,0.0
8699,2023.0,3.0,2.0,9.0,15.182579,14.660335,20.114943,22.724161,16.03195,15.974129,16.129156,16.447447,17.704733,17.92085,16.167807,16.196783,17.013714,17.025698,15.245211,14.654951,15.0184,15.123982,4.0,4.0,4.0,4.0,4.0,4.0,0.0,0.0
8700,2023.0,3.0,2.0,10.0,15.030637,14.530107,20.142828,22.559248,15.986566,15.959111,15.796899,15.682181,20.917755,23.981844,20.424171,23.388021,16.535543,15.954272,16.198391,16.593584,16.058235,15.8500395,4.0,4.0,0.0,0.0,0.0,0.0,4.0,0.0
8701,2023.0,3.0,2.0,10.0,16.066282,16.63637,20.11727,22.363758,15.268197,14.680666,15.722563,15.7210655,17.67013,17.50334,17.808376,18.081356,16.163118,15.5067625,16.553268,16.957666,14.98222,15.110963,0.0,0.0,4.0,0.0,0.0,0.0,4.0,0.0
8702,2023.0,3.0,2.0,10.0,16.13881,16.47398,17.842869,17.874859,15.568119,15.506225,15.743673,15.784058,15.905633,15.286755,16.286518,16.058882,16.032389,15.3805275,15.597717,15.126481,15.026405,15.245686,4.0,4.0,4.0,0.0,0.0,0.0,0.0,0.0
8703,2023.0,3.0,2.0,10.0,15.286694,14.949729,20.19961,22.7319,15.765681,15.807381,15.710931,15.77248,16.508072,16.871325,15.876862,15.577995,17.127663,17.578432,15.133318,14.606118,15.017938,15.25957,0.0,4.0,4.0,4.0,0.0,4.0,0.0,0.0
8704,2023.0,3.0,2.0,10.0,15.004649,14.679075,17.601513,17.460318,15.764122,15.830044,15.678403,15.7602415,20.224289,23.20951,15.630814,15.33394,17.19565,17.333424,16.077295,16.52291,15.019605,15.287247,0.0,4.0,4.0,0.0,0.0,4.0,4.0,0.0
8705,2023.0,3.0,2.0,10.0,15.010908,14.776581,16.327467,16.05211,15.7515335,15.836989,15.649272,15.751125,17.303156,17.148605,15.451484,15.163882,16.421638,15.908127,16.453066,16.919508,15.019283,15.304247,0.0,4.0,4.0,0.0,0.0,0.0,4.0,0.0
8706,2023.0,3.0,2.0,11.0,15.099255,15.0393505,16.476864,16.616665,15.015811,14.614516,14.991859,14.669969,15.716838,15.142366,15.296695,15.016213,16.060137,15.463396,15.500252,15.073959,15.019258,15.317924,4.0,0.0,0.0,0.0,0.0,0.0,0.0,0.0
8707,2023.0,3.0,2.0,11.0,15.097739,15.067007,20.201963,23.290989,15.415992,15.465737,15.45192,15.687798,16.361938,16.745659,15.16186,14.88767,15.944565,15.349353,15.050534,14.565121,15.019354,15.329666,4.0,4.0,0.0,4.0,0.0,0.0,0.0,0.0
8708,2023.0,3.0,2.0,11.0,15.854497,16.54301,20.068256,22.642626,15.608181,15.745104,15.341578,15.45588,20.349556,23.538988,15.046509,14.779583,16.16699,15.874337,15.28474,14.765961,15.019516,15.340021,0.0,4.0,4.0,4.0,0.0,0.0,0.0,0.0
8709,2023.0,3.0,2.0,11.0,15.854439,16.283398,17.67696,17.797367,14.996792,14.716601,15.458129,15.629872,20.033894,22.547882,15.003653,14.789694,16.261492,16.020218,14.993982,14.5603285,15.019665,15.3484125,4.0,0.0,4.0,4.0,0.0,0.0,0.0,0.0
8710,2023.0,3.0,2.0,11.0,15.437032,15.217042,20.191658,22.916174,15.359645,15.470049,15.828902,16.140026,20.115553,22.477879,15.00835,14.857128,16.251925,16.019321,15.104967,14.879562,15.0195,15.354925,0.0,4.0,0.0,0.0,0.0,0.0,0.0,0.0
8711,2023.0,3.0,2.0,11.0,15.6258745,15.988411,17.556871,17.496862,15.525917,15.708994,15.5721655,15.37847,18.056164,18.303812,15.007638,14.900584,16.231146,16.00308,15.12506,14.933263,15.019187,15.360118,0.0,4.0,0.0,4.0,0.0,0.0,0.0,0.0
8712,2023.0,3.0,2.0,12.0,15.801838,16.217627,16.715105,16.890306,15.538658,15.736908,15.016547,14.835894,20.31692,22.8736,15.008622,14.938583,17.055857,17.588821,15.077229,14.893264,15.497081,16.237783,4.0,4.0,0.0,0.0,0.0,4.0,0.0,4.0
8713,2023.0,3.0,2.0,12.0,19.664183,22.889791,20.195572,23.173012,20.429546,24.268997,20.237688,24.049713,18.1174,18.362345,15.009101,14.968821,20.55345,23.4474,20.881325,24.862953,19.417032,22.90175,0.0,4.0,0.0,4.0,0.0,4.0,0.0,0.0
8714,2023.0,3.0,2.0,12.0,21.042036,24.788927,18.127089,18.760345,20.585573,23.971636,21.098907,24.974388,20.313221,22.852325,15.008916,14.991226,20.603743,23.111872,21.469746,25.443348,16.927696,17.467659,4.0,0.0,4.0,0.0,0.0,0.0,0.0,4.0
8715,2023.0,3.0,2.0,12.0,21.465982,25.053476,20.285053,23.041267,21.07713,24.411617,21.521076,25.239204,17.61849,17.406618,15.009495,15.009579,21.629183,24.56039,22.128363,26.096317,20.250809,23.859884,4.0,0.0,0.0,0.0,0.0,4.0,0.0,0.0
8716,2023.0,3.0,2.0,12.0,21.257761,24.361973,20.062101,22.373066,21.642971,24.994446,21.169415,24.2337,16.961966,17.064034,15.008909,15.020019,21.667683,24.236383,22.128956,25.594185,16.921206,16.890667,0.0,4.0,0.0,4.0,0.0,4.0,0.0,0.0
8717,2023.0,3.0,2.0,12.0,21.08844,23.863672,17.854301,17.965834,21.013062,23.609478,21.086683,23.854599,20.41498,23.087864,15.008771,15.0281105,22.298262,25.112844,22.21863,25.393766,16.222029,16.636204,4.0,4.0,4.0,0.0,0.0,4.0,0.0,4.0
8718,2023.0,3.0,2.0,13.0,21.147615,23.822412,20.25079,22.855526,21.161297,23.75882,21.152174,23.83393,17.573427,17.3924,15.00936,15.037816,21.00551,22.585793,20.990152,23.081694,20.335035,23.810345,4.0,4.0,4.0,0.0,0.0,4.0,0.0,0.0
8719,2023.0,3.0,2.0,13.0,21.157616,23.75646,20.047705,22.226791,21.116491,23.575865,21.120838,23.674358,16.137497,15.59202,15.009219,15.044951,21.779655,23.82904,22.45171,25.612238,17.067867,17.007332,4.0,0.0,0.0,0.0,0.0,4.0,0.0,0.0
8720,2023.0,3.0,2.0,13.0,22.073301,25.253126,20.110315,22.223505,21.170656,23.594683,21.114197,23.568506,16.041702,15.780061,15.186898,15.373841,22.047989,24.320835,22.588524,25.462955,15.456795,15.00439,0.0,0.0,0.0,0.0,4.0,0.0,0.0,0.0
8721,2023.0,3.0,2.0,13.0,21.106537,23.300844,18.049028,18.15401,21.206509,23.49483,21.200779,23.580885,15.947999,15.721456,20.045198,23.321978,21.066282,22.356218,22.361736,25.147425,15.2929325,15.07091,4.0,0.0,0.0,0.0,0.0,0.0,4.0,0.0
8722,2023.0,3.0,2.0,13.0,20.967344,23.072016,20.262302,22.703634,20.992697,23.074217,21.024105,23.247833,15.784748,15.565719,17.525583,18.033577,20.999615,22.243694,21.01271,22.721336,15.170205,14.9758625,4.0,4.0,0.0,0.0,0.0,4.0,0.0,0.0
8723,2023.0,3.0,2.0,13.0,21.10051,23.324568,20.035835,22.069494,21.078691,23.246435,21.100222,23.394539,15.638005,15.423013,15.79653,15.652188,21.089977,22.458065,21.107145,22.933195,14.994459,14.814988,4.0,4.0,0.0,0.0,0.0,0.0,0.0,0.0
8724,2023.0,3.0,2.0,14.0,21.077553,23.268751,20.086918,22.052929,21.085033,23.213444,21.08555,23.356512,15.514001,15.3049345,15.427251,15.201645,21.044146,22.347338,21.09002,22.907822,15.018718,14.965055,4.0,4.0,0.0,0.0,0.0,4.0,0.0,0.0
8725,2023.0,3.0,2.0,14.0,19.147379,19.554495,20.082632,21.968288,19.083422,19.341404,18.885384,19.119553,15.413912,15.217605,15.675195,15.819192,19.178679,18.796217,19.94092,20.689957,15.00929,15.021556,4.0,4.0,0.0,0.0,4.0,0.0,4.0,0.0
8726,2023.0,3.0,2.0,14.0,17.555412,17.262535,20.713547,22.89651,17.432806,16.958263,17.556297,17.43089,15.318276,15.127109,20.380264,23.658997,18.963037,19.014202,18.18347,17.795113,16.291754,16.13592,4.0,0.0,0.0,0.0,0.0,4.0,0.0,0.0
8727,2023.0,3.0,2.0,14.0,17.607147,17.854874,19.951756,21.505022,16.744186,16.165737,17.750248,18.180662,15.231014,15.044739,17.728018,18.178507,18.961899,19.069582,17.330397,16.808805,14.992813,15.011553,0.0,0.0,4.0,0.0,0.0,4.0,0.0,0.0
8728,2023.0,3.0,2.0,14.0,16.900387,16.625278,17.996254,17.818628,16.381914,15.810993,17.149725,17.125416,15.151745,14.970359,16.10315,15.952606,18.837711,18.96417,16.92504,16.405697,15.025762,15.153448,0.0,0.0,0.0,0.0,0.0,4.0,0.0,0.0
8729,2023.0,3.0,2.0,14.0,16.380402,16.025814,17.523298,17.698677,17.12092,17.492805,16.304161,15.84838,15.077214,14.899533,16.124075,16.250292,18.72764,18.86871,16.629148,16.125385,15.012007,15.169365,4.0,4.0,0.0,0.0,4.0,4.0,0.0,0.0
8730,2023.0,3.0,2.0,15.0,16.128445,15.794866,20.222069,22.632694,16.42373,16.056404,16.571932,16.662579,15.007289,14.832995,20.221115,23.231619,18.635227,18.789793,16.62192,16.370003,15.642277,16.078493,4.0,0.0,4.0,0.0,0.0,4.0,0.0,0.0
8731,2023.0,3.0,2.0,15.0,16.985306,17.628012,20.065231,22.106775,15.847929,15.334078,16.675072,16.853382,15.006177,14.886972,17.74593,18.137672,18.552412,18.714678,16.534933,16.322994,15.002318,15.113662,0.0,0.0,4.0,0.0,0.0,4.0,0.0,0.0
8732,2023.0,3.0,2.0,15.0,16.989664,17.42762,17.874601,17.778423,16.306728,16.387726,15.930428,15.548788,15.005693,14.923721,16.576067,16.744947,18.480314,18.649319,17.483875,18.255983,15.016314,15.184971,0.0,4.0,0.0,0.0,4.0,4.0,4.0,0.0
8733,2023.0,3.0,2.0,15.0,16.12956,15.93062,16.525429,15.991818,16.481302,16.655586,15.485198,15.004962,15.246951,15.062692,20.430012,23.333998,17.686773,17.2118,16.581007,16.267876,16.018658,15.895805,0.0,4.0,0.0,0.0,0.0,0.0,0.0,0.0
8734,2023.0,3.0,2.0,15.0,15.691047,15.387839,16.371765,16.091938,16.444609,16.628891,15.9854555,16.107689,14.995216,14.880669,17.574463,17.56374,17.246904,16.687473,15.980206,15.545445,14.981624,15.130673,0.0,4.0,4.0,0.0,0.0,0.0,0.0,0.0
8735,2023.0,3.0,2.0,15.0,15.50837,15.2024355,16.262545,16.051826,16.39555,16.584946,15.483567,15.088534,15.010079,14.954113,15.9354725,15.398119,17.055754,16.49191,15.763143,15.318277,15.024294,15.254543,0.0,4.0,0.0,0.0,0.0,0.0,0.0,0.0
8736,2023.0,3.0,2.0,16.0,16.448496,17.126156,16.538347,16.74035,15.674515,15.286221,15.128119,14.664565,15.007527,14.986837,15.794547,15.502129,17.713913,17.869469,16.705727,17.230848,15.0151415,15.2617445,4.0,0.0,0.0,0.0,0.0,4.0,4.0,0.0
8737,2023.0,3.0,2.0,16.0,15.850766,15.744725,20.138052,23.117064,15.272455,14.788149,15.78377,15.755134,15.008539,15.019691,15.695736,15.449826,17.942232,18.139343,16.044168,15.714697,15.016838,15.28447,0.0,0.0,0.0,0.0,0.0,4.0,0.0,0.0
8738,2023.0,3.0,2.0,16.0,15.364991,15.110148,17.96261,18.442444,15.103075,14.613791,15.357145,15.189292,15.008992,15.046574,15.536295,15.303611,17.947893,18.147078,15.576993,15.1583,15.556965,16.29652,0.0,0.0,0.0,0.0,0.0,4.0,0.0,4.0
8739,2023.0,3.0,2.0,16.0,15.1953,14.919393,16.488401,16.404875,15.975334,16.394953,15.288789,15.136885,15.009935,15.068769,15.385673,15.1587305,17.93719,18.134607,15.407526,14.98172,19.7116,23.385603,0.0,4.0,0.0,0.0,0.0,4.0,0.0,0.0
8740,2023.0,3.0,2.0,16.0,15.33077,15.300746,16.549112,16.768848,16.08042,16.341839,15.200139,15.049889,15.50486,16.005821,15.248325,15.026018,17.188053,16.741224,16.63324,17.429504,17.124006,17.751707,4.0,4.0,0.0,4.0,0.0,0.0,4.0,4.0
8741,2023.0,3.0,2.0,16.0,16.156406,16.87656,20.189688,23.24155,16.000954,16.216398,15.129261,14.977289,20.094578,23.848492,15.138571,14.915178,17.64776,17.801046,16.730759,17.311256,20.375689,23.614975,0.0,4.0,0.0,0.0,0.0,4.0,4.0,0.0
8742,2023.0,3.0,2.0,17.0,16.187197,16.666035,18.235085,18.96628,15.977008,16.19024,15.794235,16.286934,16.966415,17.09711,15.423102,15.550481,17.103533,16.651134,15.727999,15.40827,17.742369,18.291842,4.0,4.0,4.0,0.0,4.0,0.0,0.0,4.0
8743,2023.0,3.0,2.0,17.0,16.132057,16.566746,20.224104,22.726313,15.951771,16.158815,16.030987,16.605932,16.370293,16.51601,20.187113,23.732525,17.573034,17.723343,15.3607855,14.92905,21.054377,24.17486,0.0,4.0,4.0,4.0,4.0,4.0,0.0,0.0
8744,2023.0,3.0,2.0,17.0,16.1347,16.565811,17.72521,17.637384,15.923581,16.123983,15.791333,16.058508,20.916935,24.50777,20.007082,22.86008,17.762186,17.943832,15.194546,14.76074,17.86218,17.859018,0.0,4.0,4.0,0.0,4.0,4.0,0.0,0.0
8745,2023.0,3.0,2.0,17.0,16.132214,16.555357,16.562038,16.345121,15.8939705,16.087725,15.00857,14.765191,17.637623,17.668621,20.124176,22.699606,17.005909,16.531483,15.065293,14.631399,16.005024,15.533575,0.0,4.0,0.0,0.0,0.0,0.0,0.0,0.0
8746,2023.0,3.0,2.0,17.0,15.445423,15.2745,16.761097,16.940437,15.188398,14.792719,15.37796,15.520759,15.830352,15.3562765,17.739273,17.81951,16.604952,16.045801,16.320555,17.12405,15.710357,15.465097,4.0,0.0,4.0,0.0,4.0,0.0,4.0,0.0
8747,2023.0,3.0,2.0,17.0,15.106789,14.788867,20.315903,23.300156,15.559661,15.650941,15.512532,15.720246,15.699483,15.438128,20.369976,22.641808,16.45864,15.888244,15.413386,15.114038,15.544903,15.336585,4.0,4.0,4.0,0.0,0.0,0.0,0.0,0.0
8748,2023.0,3.0,2.0,18.0,15.7132635,16.05532,20.045263,22.361118,15.752845,15.925985,15.521209,15.718973,15.565368,15.346923,17.74925,17.537548,16.333584,15.765005,15.978411,16.51528,15.319005,15.122607,4.0,4.0,4.0,0.0,0.0,0.0,4.0,0.0
8749,2023.0,3.0,2.0,18.0,20.129128,23.610884,20.091574,22.206333,20.905128,24.92116,20.031855,23.616903,15.3693,15.152242,16.546608,16.239449,21.326403,24.53268,20.514408,24.167871,15.103947,14.905254,4.0,4.0,0.0,0.0,0.0,4.0,0.0,0.0
8750,2023.0,3.0,2.0,18.0,21.148281,24.843956,20.084068,22.028765,21.032684,24.506468,20.941269,24.603148,15.199334,14.984781,16.250551,15.958138,20.790195,23.252699,21.065424,24.553799,15.003692,14.88421,4.0,4.0,4.0,0.0,0.0,0.0,0.0,0.0
8751,2023.0,3.0,2.0,18.0,21.091967,24.288597,20.083822,21.915474,21.112146,24.222307,21.043802,24.343021,15.906182,16.450024,15.982215,15.695389,21.104275,23.490484,21.116623,24.192444,15.014298,15.003774,4.0,4.0,0.0,4.0,0.0,0.0,0.0,0.0
8752,2023.0,3.0,2.0,18.0,21.098558,24.00435,20.100452,21.881002,21.124533,23.96653,21.12941,24.133017,20.310635,23.916237,15.758449,15.479742,21.9535,24.66873,22.447351,26.201847,15.013799,15.067994,0.0,0.0,4.0,4.0,0.0,4.0,0.0,0.0
8753,2023.0,3.0,2.0,18.0,21.119396,23.852966,18.203417,18.165419,21.095423,23.674212,21.124283,23.902107,20.060015,22.922415,15.567661,15.29755,21.768408,24.094608,22.19069,25.401396,15.014332,15.114153,4.0,4.0,0.0,0.0,0.0,0.0,0.0,0.0
8754,2023.0,3.0,2.0,19.0,21.14584,23.74442,20.255892,22.391106,21.151112,23.62995,21.148727,23.77525,17.093914,16.8625,15.395047,15.125784,21.73427,23.802141,22.266071,25.149263,15.014835,15.147146,4.0,4.0,0.0,0.0,0.0,0.0,0.0,0.0
8755,2023.0,3.0,2.0,19.0,21.107985,23.544851,20.063467,21.864557,21.094664,23.399778,21.06977,23.517803,15.625892,15.033781,15.244003,14.980896,22.085667,24.308159,21.084352,23.152517,15.628063,16.316715,0.0,4.0,4.0,0.0,0.0,0.0,0.0,4.0
8756,2023.0,3.0,2.0,19.0,21.085447,23.452917,17.847225,17.532621,21.093266,23.307798,21.101833,23.468842,15.543586,15.257621,15.117873,14.864352,20.958166,22.205334,21.085629,23.142105,19.77568,23.296179,0.0,4.0,4.0,0.0,0.0,0.0,0.0,0.0
8757,2023.0,3.0,2.0,19.0,21.062233,23.345333,16.898203,16.579008,21.091654,23.233444,21.11925,23.437551,15.466257,15.225341,14.999937,14.761001,21.076853,22.481203,22.531046,25.525785,16.533318,16.412891,0.0,4.0,0.0,0.0,0.0,0.0,0.0,0.0
8758,2023.0,3.0,2.0,19.0,21.087421,23.318651,16.61815,16.308218,21.087248,23.166832,21.109837,23.346682,15.299144,15.060592,15.014044,14.864181,21.061726,22.467304,23.70536,27.432005,14.958444,14.557151,0.0,4.0,0.0,0.0,0.0,0.0,0.0,0.0
8759,2023.0,3.0,2.0,19.0,21.085361,23.256014,16.372154,16.079079,21.08907,23.120392,21.113014,23.292406,15.993938,16.5082,15.009145,14.906295,21.03498,22.400322,22.479769,24.920986,15.037783,14.907715,0.0,4.0,0.0,4.0,0.0,4.0,0.0,0.0
8760,2023.0,3.0,2.0,20.0,21.084286,23.207003,16.607962,16.714533,21.111816,23.141426,21.086344,23.240046,20.084435,23.18998,15.011254,14.949728,21.090652,22.492365,20.881155,22.128473,15.010394,14.96261,4.0,0.0,0.0,0.0,0.0,0.0,0.0,0.0
8761,2023.0,3.0,2.0,20.0,21.962454,24.52533,20.237019,23.178162,21.154764,23.1659,21.161736,23.382086,17.009806,16.821358,15.011651,14.980649,21.886698,23.790615,21.285141,23.047377,15.014494,15.043715,0.0,4.0,0.0,0.0,0.0,0.0,4.0,0.0
8762,2023.0,3.0,2.0,20.0,21.098742,23.120611,18.207949,18.769018,21.110348,23.060802,21.063915,23.15381,15.363038,14.769961,15.011781,15.003731,21.01377,22.147326,21.062323,22.647469,15.01448,15.094707,4.0,0.0,4.0,0.0,0.0,4.0,4.0,0.0
8763,2023.0,3.0,2.0,20.0,21.156431,23.194796,20.30271,22.948076,21.155334,23.098978,21.162773,23.34352,15.330732,15.056743,15.012716,15.022998,21.146946,22.443716,21.195559,22.944603,15.014993,15.131998,4.0,4.0,4.0,0.0,0.0,0.0,4.0,0.0
8764,2023.0,3.0,2.0,20.0,22.00703,24.695099,20.04927,22.154287,21.159323,23.080193,21.160463,23.294043,15.281343,15.0440235,15.121765,15.22796,21.869152,23.566866,22.656988,25.389122,15.015339,15.15899,4.0,4.0,0.0,0.0,4.0,4.0,0.0,0.0
8765,2023.0,3.0,2.0,20.0,21.85336,24.283106,20.111206,22.098036,22.111647,24.673084,22.200356,24.90792,15.143917,14.912544,19.798483,22.97566,22.082136,24.001717,21.855047,23.677946,15.015661,15.178938,0.0,0.0,4.0,0.0,0.0,0.0,0.0,0.0
8766,2023.0,3.0,2.0,21.0,20.979671,22.615831,17.743734,17.42029,20.947687,22.510832,20.920027,22.562912,15.019755,14.787683,17.21709,17.588879,20.965265,21.908804,21.113218,22.609762,15.584929,16.25206,0.0,0.0,4.0,0.0,0.0,0.0,0.0,4.0
8767,2023.0,3.0,2.0,21.0,21.089012,22.877876,17.206547,17.261406,21.096504,22.804647,21.135708,23.027279,15.009757,14.859898,15.584499,15.3636465,21.06016,22.117031,21.175138,22.777868,19.873884,23.299212,4.0,4.0,0.0,0.0,0.0,4.0,0.0,0.0
8768,2023.0,3.0,2.0,21.0,21.165716,23.073559,20.257763,22.77022,21.165941,22.970795,21.158669,23.069008,15.632668,16.086885,15.240301,14.974134,21.132555,22.289886,21.191248,22.873056,16.49913,16.349468,4.0,0.0,0.0,4.0,0.0,4.0,0.0,0.0
8769,2023.0,3.0,2.0,21.0,21.166311,23.07453,20.052826,22.066263,21.09963,22.830933,21.104523,22.947393,20.434464,24.028225,15.053431,14.790562,21.137962,22.33302,21.073505,22.674242,14.9807,14.615286,4.0,0.0,0.0,0.0,0.0,0.0,0.0,0.0
8770,2023.0,3.0,2.0,21.0,21.095808,22.924276,20.090126,21.957743,21.074106,22.821321,21.078058,22.933796,16.903664,16.736294,15.008744,14.826685,21.077099,22.210436,21.073511,22.699253,15.019155,14.866182,4.0,0.0,0.0,0.0,0.0,0.0,0.0,0.0
8771,2023.0,3.0,2.0,21.0,21.071419,22.911716,20.081553,21.820301,21.051641,22.779716,21.081062,22.960852,16.017338,16.162426,15.0136175,14.902968,21.046366,22.127254,21.073156,22.712534,15.015513,14.968555,4.0,4.0,0.0,4.0,0.0,4.0,0.0,0.0
8772,2023.0,3.0,2.0,22.0,21.04895,22.86788,20.083216,21.73816,21.107077,22.875706,21.080622,22.971579,20.42357,23.565168,15.011592,14.947105,21.052273,22.141172,21.073198,22.719406,15.014368,15.042018,4.0,0.0,0.0,4.0,0.0,4.0,0.0,0.0
8773,2023.0,3.0,2.0,22.0,21.102978,22.962278,20.09884,21.721117,21.072357,22.759266,21.080265,22.97554,20.04461,22.605902,15.0120535,14.98183,21.08143,22.217607,21.033642,22.615814,15.014897,15.095004,0.0,4.0,0.0,0.0,0.0,0.0,4.0,0.0
8774,2023.0,3.0,2.0,22.0,21.09321,22.91354,17.920912,17.502777,21.07847,22.752813,21.055847,22.908237,17.201696,16.85997,15.01206,15.007018,21.075958,22.195534,21.06222,22.63997,15.014936,15.131889,0.0,4.0,4.0,0.0,0.0,0.0,4.0,0.0
8775,2023.0,3.0,2.0,22.0,21.066933,22.817762,17.524662,17.596117,21.101826,22.803308,21.085064,22.98866,16.407244,16.31715,15.013017,15.029929,21.075777,22.183664,21.097324,22.715513,15.015606,15.160127,4.0,0.0,0.0,4.0,0.0,0.0,0.0,0.0
8776,2023.0,3.0,2.0,22.0,21.16241,22.99571,20.239962,22.529663,21.157337,22.875937,21.157713,23.05908,20.4439,23.24085,15.01325,15.048031,21.131676,22.328773,21.192232,22.852734,15.015406,15.179724,0.0,4.0,4.0,4.0,0.0,0.0,4.0,0.0
8777,2023.0,3.0,2.0,22.0,21.07109,22.798801,18.594978,19.070944,21.1012,22.76723,21.081608,22.869799,20.049713,22.327007,15.017344,15.058006,21.026249,22.117397,21.0968,22.669586,15.382699,15.87513,4.0,0.0,4.0,0.0,4.0,4.0,0.0,4.0
8778,2023.0,3.0,2.0,23.0,21.999033,24.278435,20.271156,22.432934,21.946308,24.316477,21.76195,23.886513,17.37798,16.988544,19.978342,23.310158,21.73944,23.238352,21.785704,23.74692,20.40181,24.279545,0.0,0.0,0.0,0.0,0.0,4.0,4.0,0.0
8779,2023.0,3.0,2.0,23.0,19.592033,19.478073,17.911741,17.645866,19.70387,19.856949,19.35144,19.112251,16.38937,16.095392,17.555956,18.19447,19.33768,18.75915,19.006798,18.522232,17.272156,17.69624,0.0,0.0,0.0,0.0,4.0,0.0,0.0,4.0
8780,2023.0,3.0,2.0,23.0,18.976173,18.939112,17.197433,16.82582,18.623756,18.28774,18.61732,18.354334,16.197851,15.930651,16.402832,16.426785,18.549938,17.722288,18.076263,17.339651,16.374435,16.497534,0.0,0.0,4.0,0.0,4.0,0.0,0.0,4.0
8781,2023.0,3.0,2.0,23.0,18.04812,17.467876,17.440538,17.51803,18.221304,17.8832,17.710077,16.946253,16.006588,15.754988,15.9149,15.6946335,19.024513,18.908869,17.691711,16.984512,16.191597,16.33151,4.0,0.0,0.0,0.0,0.0,4.0,0.0,4.0
8782,2023.0,3.0,2.0,23.0,17.546328,16.905554,17.420244,17.585539,17.90924,17.574646,17.189789,16.357037,16.44439,16.742924,15.592378,15.321653,18.348637,17.675903,17.37484,16.68817,16.041224,16.186985,4.0,0.0,0.0,4.0,0.0,0.0,0.0,4.0
8783,2023.0,3.0,2.0,23.0,17.241867,16.618797,16.413021,15.75158,17.652092,17.325333,17.290442,16.89313,16.521742,16.827627,15.392522,15.121846,17.939856,17.179325,17.450762,17.124857,15.251015,14.812631,0.0,0.0,0.0,4.0,0.0,0.0,0.0,0.0
8784,2023.0,3.0,3.0,0.0,17.393042,17.191465,15.896431,15.063615,17.426865,17.10548,17.90613,18.218086,15.609372,15.127441,15.230219,14.965339,17.7093,16.952322,17.357693,17.088991,15.557026,15.666955,0.0,0.0,4.0,0.0,0.0,0.0,0.0,4.0
8785,2023.0,3.0,3.0,0.0,17.32874,17.199314,15.662195,14.832679,17.229038,16.913998,16.914616,16.321625,15.157259,14.5579605,15.089565,14.83087,17.899416,17.530931,17.197332,16.940031,14.958301,14.680565,0.0,0.0,0.0,0.0,0.0,0.0,0.0,0.0
8786,2023.0,3.0,3.0,0.0,17.147451,17.016891,15.879111,15.501308,17.014622,16.69868,16.247591,15.473949,15.003829,14.49852,15.27333,15.311322,17.906446,17.604424,17.013628,16.758509,15.042934,14.947093,0.0,0.0,0.0,0.0,4.0,0.0,0.0,0.0
8787,2023.0,3.0,3.0,0.0,16.988108,16.866957,15.890747,15.580821,16.834784,16.529053,16.399555,16.038486,15.701692,15.9812765,14.981644,14.823015,17.786047,17.482748,16.849258,16.596632,15.022496,14.981502,0.0,0.0,0.0,4.0,0.0,0.0,0.0,0.0
8788,2023.0,3.0,3.0,0.0,16.837173,16.716442,15.784448,15.485242,16.66824,16.364012,16.399115,16.11076,15.388082,15.196387,15.024099,14.970543,17.663069,17.35812,16.694822,16.440891,15.013555,15.039289,0.0,0.0,0.0,0.0,0.0,0.0,0.0,0.0
8789,2023.0,3.0,3.0,0.0,16.69567,16.569818,15.6652565,15.360721,16.512602,16.202343,16.269981,15.983031,15.348792,15.306618,15.0200615,15.015318,17.548346,17.238562,16.552362,16.293747,15.022787,15.11814,0.0,0.0,0.0,4.0,0.0,0.0,0.0,0.0
8790,2023.0,3.0,3.0,1.0,16.584576,16.470907,15.567914,15.271072,16.387403,16.086754,16.1528,15.874912,14.948416,14.649807,15.013464,15.033306,17.450073,17.142443,16.430141,16.174313,15.013775,15.132489,0.0,0.0,0.0,0.0,0.0,0.0,0.0,0.0
8791,2023.0,3.0,3.0,1.0,16.48346,16.379116,15.481949,15.19524,16.278137,15.989844,16.048737,15.782708,15.037619,14.882899,15.015148,15.064527,18.135008,18.519835,16.32298,16.073715,15.016524,15.168972,0.0,0.0,0.0,0.0,0.0,4.0,0.0,0.0
8792,2023.0,3.0,3.0,1.0,16.387495,16.288935,15.400049,15.119083,16.175373,15.893953,15.949736,15.690503,15.005401,14.887357,15.015338,15.087103,17.260843,16.63016,16.222597,15.976531,15.352045,15.811682,0.0,0.0,0.0,0.0,0.0,0.0,0.0,4.0
8793,2023.0,3.0,3.0,1.0,17.09816,17.707987,15.32297,15.0457,16.079323,15.802314,16.601353,16.997833,15.405339,15.685264,15.015785,15.105832,16.791086,16.094303,16.128344,15.883025,14.963022,15.063676,0.0,0.0,4.0,4.0,0.0,0.0,0.0,0.0
8794,2023.0,3.0,3.0,1.0,16.657219,16.69846,15.252093,14.97872,15.991085,15.718985,16.189974,16.068102,15.605973,15.931506,15.015988,15.120899,16.649586,15.956588,16.041851,15.797926,15.039856,15.227774,0.0,0.0,0.0,4.0,0.0,0.0,0.0,0.0
8795,2023.0,3.0,3.0,1.0,15.922259,15.467239,15.186573,14.917306,15.9094925,15.642719,15.448367,14.821035,14.928379,14.729398,15.016407,15.13403,16.912119,16.600554,15.962131,15.720027,15.0266695,15.206703,0.0,0.0,0.0,0.0,0.0,0.0,0.0,0.0
8796,2023.0,3.0,3.0,2.0,15.626536,15.121666,15.125593,14.860643,15.83381,15.572503,15.142493,14.459761,15.0387945,14.984226,15.016688,15.145301,17.74865,18.151808,15.888331,15.648513,15.016318,15.214977,0.0,0.0,0.0,0.0,0.0,4.0,0.0,0.0
8797,2023.0,3.0,3.0,2.0,15.853412,15.710882,15.066761,14.804432,15.761951,15.50424,15.366989,15.048317,15.021261,14.974495,15.00109,15.116061,16.911312,16.299547,15.818235,15.579703,15.315601,15.783993,0.0,0.0,0.0,0.0,4.0,0.0,0.0,4.0
8798,2023.0,3.0,3.0,2.0,16.721075,17.33593,15.009394,14.748416,15.692489,15.437044,15.453566,15.20857,15.358636,15.644394,15.021563,15.176324,16.477135,15.802853,15.75056,15.512174,14.986271,15.134289,0.0,0.0,0.0,4.0,0.0,0.0,0.0,0.0
8799,2023.0,3.0,3.0,2.0,15.958663,15.649241,15.0039835,14.786001,15.626447,15.373647,15.410158,15.174245,15.530643,15.85812,15.017546,15.176949,16.353645,15.679364,15.6864605,15.448742,15.036985,15.245752,0.0,0.0,0.0,4.0,0.0,0.0,0.0,0.0
8800,2023.0,3.0,3.0,2.0,15.428254,14.939484,15.0045805,14.822559,15.561251,15.309278,15.352668,15.117993,14.956114,14.825088,15.018334,15.185593,16.629753,16.33346,15.623661,15.385126,15.029512,15.238559,0.0,0.0,0.0,0.0,0.0,0.0,0.0,0.0
8801,2023.0,3.0,3.0,2.0,16.055147,16.243153,15.00516,14.853745,15.501081,15.252182,15.297021,15.064893,15.037464,15.031531,15.002592,15.149213,16.684422,16.39261,15.565296,15.327999,15.017727,15.246513,0.0,0.0,0.0,0.0,4.0,0.0,0.0,0.0
8802,2023.0,3.0,3.0,3.0,15.566054,15.178862,15.005847,14.881245,15.441847,15.194478,15.241387,15.010329,15.0233,15.023623,15.022861,15.20795,16.647516,16.356712,15.507874,15.270694,15.019845,15.273277,0.0,0.0,0.0,0.0,0.0,0.0,0.0,0.0
8803,2023.0,3.0,3.0,3.0,16.0287,16.252481,15.006355,14.905557,15.386437,15.142233,15.18891,14.960488,15.012042,15.043435,15.003019,15.165708,16.608479,16.319408,15.453752,15.218164,15.019931,15.291348,0.0,0.0,0.0,0.0,4.0,0.0,0.0,0.0
8804,2023.0,3.0,3.0,3.0,15.494969,15.113154,15.006812,14.927697,15.333532,15.092566,15.138595,14.912921,15.014415,15.077688,15.023001,15.227972,16.569698,16.282478,15.4019375,15.168047,15.019998,15.306201,0.0,0.0,0.0,0.0,0.0,0.0,0.0,0.0
8805,2023.0,3.0,3.0,3.0,15.13822,14.652706,15.012714,14.96057,15.278495,15.036721,15.086146,14.859462,15.025658,15.125684,15.011438,15.192841,16.52943,16.242376,15.349673,15.115243,15.038735,15.355987,0.0,0.0,0.0,0.0,4.0,0.0,0.0,0.0
8806,2023.0,3.0,3.0,3.0,15.416224,15.329117,15.006857,14.964996,15.231635,14.995636,15.041288,14.819731,15.012217,15.11404,15.006365,15.196085,16.492304,16.20816,15.302612,15.071282,15.017295,15.321854,0.0,0.0,0.0,0.0,4.0,0.0,0.0,0.0
8807,2023.0,3.0,3.0,3.0,15.482086,15.428536,15.0149765,14.999754,15.180836,14.945063,15.000086,14.785503,15.02731,15.161548,15.070711,15.313758,16.45341,16.170004,15.254375,15.023435,15.04087,15.379174,0.0,0.0,0.0,0.0,0.0,0.0,0.0,0.0
8808,2023.0,3.0,3.0,4.0,15.449741,15.398562,15.015873,15.015201,15.13383,14.900854,15.003191,14.833977,15.028876,15.171769,15.068551,15.2707615,16.416256,16.134665,15.208745,14.9795265,15.040537,15.379238,0.0,0.0,0.0,0.0,0.0,0.0,0.0,0.0
8809,2023.0,3.0,3.0,4.0,15.410022,15.360132,15.007819,15.014572,15.088815,14.85939,15.004277,14.861864,15.012124,15.152231,15.011804,15.190467,16.379538,16.099653,15.164497,14.937156,15.280927,15.812899,0.0,0.0,0.0,0.0,0.0,0.0,0.0,4.0
8810,2023.0,3.0,3.0,4.0,15.373146,15.32854,15.009966,15.033707,15.042966,14.815315,15.004867,14.889045,15.017141,15.17234,15.021698,15.226563,16.342272,16.063343,15.120321,14.894016,14.986788,15.247503,0.0,0.0,0.0,0.0,0.0,0.0,0.0,0.0
8811,2023.0,3.0,3.0,4.0,15.346489,15.31458,15.019425,15.06821,14.999958,14.775856,15.0084505,14.922186,15.031262,15.2126465,15.03811,15.273418,16.305285,16.027195,15.076446,14.8507,15.065376,15.405876,0.0,0.0,0.0,0.0,0.0,0.0,0.0,0.0
8812,2023.0,3.0,3.0,4.0,15.303749,15.267553,15.019525,15.078868,15.002613,14.82326,15.009674,14.94456,15.032809,15.219207,15.0387745,15.2781105,16.268967,15.992025,15.033787,14.809177,15.039354,15.360101,0.0,0.0,0.0,0.0,0.0,0.0,0.0,0.0
8813,2023.0,3.0,3.0,4.0,15.259068,15.219294,15.020205,15.093033,15.004942,14.855685,15.011134,14.967046,15.032983,15.227192,15.03917,15.286556,16.2329,15.9571,15.000674,14.785451,15.039927,15.384491,0.0,0.0,0.0,0.0,0.0,0.0,0.0,0.0
8814,2023.0,3.0,3.0,5.0,15.214308,15.171123,15.02105,15.106834,15.006535,14.884104,15.0121155,14.987167,15.03323,15.235172,15.0131645,15.223778,16.197105,15.922437,15.003829,14.827511,15.040906,15.397574,0.0,0.0,0.0,0.0,4.0,0.0,0.0,0.0
8815,2023.0,3.0,3.0,5.0,15.175532,15.134899,15.021033,15.117843,15.007793,14.909364,15.013621,15.007391,15.03442,15.244813,15.04103,15.316917,16.161003,15.8869,15.004897,14.85051,15.042175,15.409803,0.0,0.0,0.0,0.0,0.0,0.0,0.0,0.0
8816,2023.0,3.0,3.0,5.0,15.150917,15.125172,15.010263,15.108696,15.005251,14.924036,15.006892,15.010265,15.015,15.217084,15.000203,15.223223,16.12501,15.851581,15.004507,14.867719,15.255599,15.792393,0.0,0.0,0.0,0.0,4.0,0.0,0.0,4.0
8817,2023.0,3.0,3.0,5.0,15.1132145,15.084961,15.012629,15.124624,15.006501,14.9463005,15.008567,15.029589,15.018385,15.232711,15.027448,15.300536,16.087923,15.814361,15.0054865,14.887746,14.95514,15.191662,0.0,0.0,0.0,0.0,0.0,0.0,0.0,4.0
8818,2023.0,3.0,3.0,5.0,15.072505,15.04159,15.02349,15.1579,15.011892,14.977407,15.01712,15.0632305,15.035886,15.276313,15.015836,15.265198,16.052334,15.779884,15.009402,14.915014,15.010511,15.31539,0.0,0.0,0.0,0.0,4.0,0.0,0.0,4.0
8819,2023.0,3.0,3.0,5.0,15.030306,14.995648,15.02428,15.165331,15.013143,14.995418,15.017192,15.0748005,15.03561,15.277131,15.042965,15.348351,16.016644,15.744719,15.010617,14.930453,15.068855,15.46282,0.0,0.0,0.0,0.0,0.0,0.0,0.0,0.0
8820,2023.0,3.0,3.0,6.0,15.001397,14.9757595,15.024861,15.175632,15.014025,15.013306,15.01754,15.088868,15.037073,15.286921,15.042665,15.340219,15.980786,15.709375,15.012162,14.947624,15.067493,15.43594,0.0,0.0,0.0,0.0,0.0,0.0,0.0,0.0
8821,2023.0,3.0,3.0,6.0,20.3514,24.329668,15.012051,15.161295,20.279268,24.188412,19.99958,23.634285,15.164679,15.505983,15.019688,15.302497,20.123842,22.749367,20.60528,24.373169,14.995946,15.27218,0.0,0.0,0.0,4.0,0.0,0.0,0.0,4.0
8822,2023.0,3.0,3.0,6.0,21.031145,24.900347,15.014122,15.175334,21.03393,24.885654,21.07138,24.983633,20.32626,24.43974,15.022327,15.31037,20.904999,23.909708,21.144129,24.943352,19.507557,23.119566,0.0,0.0,0.0,4.0,0.0,0.0,0.0,0.0
8823,2023.0,3.0,3.0,6.0,21.114449,24.567186,15.014077,15.184088,21.11798,24.539434,21.117292,24.579489,20.000952,23.217154,15.021923,15.3100195,21.184937,24.018951,21.790379,25.598146,16.760777,17.148434,0.0,0.0,0.0,0.0,0.0,0.0,0.0,4.0
8824,2023.0,3.0,3.0,6.0,21.098345,24.208868,15.014333,15.192941,21.080051,24.109903,21.104992,24.229113,16.727516,16.502357,15.021877,15.30963,21.635334,24.490774,22.3363,25.995895,20.034357,23.509941,0.0,4.0,0.0,0.0,0.0,0.0,4.0,0.0
8825,2023.0,3.0,3.0,6.0,21.09738,23.98018,15.014714,15.201855,21.105211,23.946451,21.103073,23.9961,15.131807,14.50823,15.006188,15.264401,21.781836,24.434504,22.511526,25.881983,17.271845,17.611403,0.0,0.0,0.0,0.0,4.0,0.0,4.0,4.0
8826,2023.0,3.0,3.0,7.0,21.095108,23.812551,15.015131,15.210512,21.124443,23.758171,21.078096,23.76141,15.726159,16.028105,19.45755,22.837519,21.143612,23.146032,20.904192,22.860636,20.231188,23.499765,0.0,0.0,4.0,4.0,0.0,0.0,0.0,0.0
8827,2023.0,3.0,3.0,7.0,21.092869,23.68697,15.014742,15.215587,21.118698,23.58133,21.079504,23.64259,20.301682,23.876429,17.157566,17.804434,21.056982,22.877424,21.134457,23.278467,17.605692,17.956032,0.0,0.0,4.0,0.0,4.0,4.0,0.0,4.0
8828,2023.0,3.0,3.0,7.0,21.843412,24.705273,15.095797,15.349958,21.88585,24.626957,21.497292,24.155518,17.404476,17.657158,20.11883,23.530567,21.675436,23.794193,22.638784,25.835201,20.631426,23.919563,4.0,0.0,0.0,4.0,0.0,0.0,0.0,0.0
8829,2023.0,3.0,3.0,7.0,20.912727,23.020971,19.70594,23.24747,20.914686,22.89183,21.019083,23.210941,20.46389,23.575218,17.440773,17.827177,20.955887,22.423824,22.534698,25.32834,17.342598,17.150518,0.0,0.0,0.0,4.0,0.0,0.0,0.0,0.0
8830,2023.0,3.0,3.0,7.0,21.086657,23.33644,17.477415,18.262226,21.09241,23.22812,21.104586,23.298052,20.059954,22.600857,15.678445,15.450276,21.076365,22.6083,20.896725,22.405615,15.586368,14.993119,4.0,4.0,4.0,0.0,0.0,4.0,0.0,0.0
8831,2023.0,3.0,3.0,7.0,21.594332,24.089293,20.16713,23.523489,21.604511,23.986837,21.652683,24.080185,17.733883,17.87016,15.674629,15.772941,21.497677,23.244152,22.229265,24.725979,15.4366865,15.173416,0.0,4.0,0.0,4.0,4.0,0.0,0.0,0.0
8832,2023.0,3.0,3.0,8.0,21.101423,23.247763,17.534325,17.947756,21.07539,23.06411,20.96922,22.852499,21.435354,24.60404,20.296127,23.741203,20.993296,22.316343,21.067053,22.693024,15.2941475,15.067738,0.0,4.0,0.0,4.0,4.0,0.0,0.0,0.0
8833,2023.0,3.0,3.0,8.0,18.583279,18.376894,16.271553,16.488247,19.001919,19.064562,18.944653,19.055763,20.987097,23.593422,20.059978,22.860704,19.530287,19.501795,19.056864,18.973804,16.070335,16.726635,4.0,4.0,0.0,4.0,0.0,4.0,0.0,4.0
8834,2023.0,3.0,3.0,8.0,17.883846,17.931896,20.00354,23.102745,17.291842,16.596012,17.677448,17.44842,19.943731,21.621868,17.070591,16.800104,18.91345,18.855179,18.038435,17.773333,20.192814,23.693161,0.0,0.0,0.0,0.0,0.0,4.0,0.0,0.0
8835,2023.0,3.0,3.0,8.0,17.726034,17.828117,17.218615,17.212204,17.244976,17.020693,17.162024,16.88542,17.624846,17.203459,15.820475,15.498382,17.974726,17.299782,17.573923,17.300125,16.891403,16.773184,0.0,4.0,0.0,0.0,0.0,0.0,0.0,0.0
8836,2023.0,3.0,3.0,8.0,17.562115,17.675938,16.573004,16.544262,17.20883,17.076536,16.877432,16.58841,16.611582,15.87862,15.618733,15.328668,17.514065,16.755,18.36304,19.043482,16.559994,16.782606,4.0,4.0,0.0,0.0,0.0,0.0,4.0,4.0
8837,2023.0,3.0,3.0,8.0,17.405773,17.531506,20.171343,23.124939,17.06135,16.94832,16.637678,16.356806,17.305515,17.619926,15.825173,15.903767,17.26357,16.520815,17.12605,16.616234,20.277407,23.35544,0.0,4.0,0.0,4.0,4.0,0.0,0.0,0.0
8838,2023.0,3.0,3.0,9.0,16.55572,16.0967,18.09809,18.708143,16.249807,15.591679,16.394358,16.122183,20.951197,23.673243,20.406755,23.604244,18.229267,18.620895,17.431293,17.739122,17.16963,16.966223,4.0,0.0,0.0,0.0,4.0,4.0,4.0,0.0
8839,2023.0,3.0,3.0,9.0,16.80817,16.913242,20.207836,22.902859,16.441133,16.288729,16.89646,17.251808,18.026947,17.800802,20.043303,22.677126,17.4028,16.803679,16.686316,16.21049,15.590802,15.038981,0.0,4.0,4.0,0.0,4.0,0.0,0.0,0.0
8840,2023.0,3.0,3.0,9.0,16.916887,17.0983,17.48502,17.32209,16.542484,16.481562,16.410479,16.280931,16.295322,15.646852,20.126196,22.538273,17.62144,17.631208,16.097012,15.518955,16.422245,17.020609,0.0,4.0,0.0,0.0,0.0,4.0,0.0,4.0
8841,2023.0,3.0,3.0,9.0,16.843227,17.038046,16.649168,16.748474,15.799513,15.181523,15.598765,14.970228,16.892944,17.228233,17.677786,17.596828,17.768969,17.808397,16.896252,17.255777,20.327662,23.653276,4.0,0.0,0.0,4.0,4.0,4.0,4.0,0.0
8842,2023.0,3.0,3.0,9.0,16.77054,16.975784,20.234985,23.210476,15.358116,14.646414,15.219608,14.521983,21.043253,24.15378,20.388325,22.88817,17.028913,16.44959,16.239489,15.789042,17.700254,18.070963,0.0,0.0,0.0,0.0,4.0,0.0,0.0,4.0
8843,2023.0,3.0,3.0,9.0,16.000368,15.600125,18.162354,18.771788,15.862,15.7602625,15.385848,15.045778,17.84325,17.658247,20.050123,22.15274,17.39311,17.431488,15.707833,15.156187,20.901705,24.289623,4.0,4.0,0.0,0.0,4.0,4.0,0.0,0.0
8844,2023.0,3.0,3.0,10.0,16.325518,16.486649,20.230715,22.870726,16.062857,16.05925,15.435281,15.173693,16.116188,15.478788,20.117409,22.125612,16.857998,16.293861,15.490848,14.932977,18.140783,18.490904,0.0,4.0,0.0,0.0,0.0,0.0,0.0,4.0
8845,2023.0,3.0,3.0,10.0,16.501944,16.74148,17.885727,18.004826,15.375973,14.808538,15.360299,15.110868,15.985463,15.6584835,17.93119,17.785276,17.250402,17.303988,15.346657,14.797848,20.361311,23.16864,4.0,0.0,0.0,0.0,4.0,4.0,0.0,0.0
8846,2023.0,3.0,3.0,10.0,16.47675,16.723366,20.231792,22.833237,15.686664,15.633967,15.279071,15.034885,16.659967,17.072866,20.382933,22.610912,16.738533,16.189661,16.645594,17.395248,17.401335,17.168102,4.0,4.0,0.0,4.0,4.0,0.0,4.0,0.0
8847,2023.0,3.0,3.0,10.0,15.737516,15.377103,20.064993,22.247286,15.890423,15.930929,15.203216,14.963425,20.716068,23.967583,20.06366,21.961838,17.165102,17.248709,16.819613,17.258928,15.925489,15.361572,0.0,4.0,0.0,0.0,0.0,4.0,4.0,0.0
8848,2023.0,3.0,3.0,10.0,16.097042,16.303999,17.92543,17.96404,15.892764,15.947786,15.132351,14.897516,17.655193,17.534979,17.706596,17.325308,16.671238,16.147476,15.786908,15.338565,15.762561,15.474121,4.0,4.0,0.0,0.0,0.0,0.0,0.0,0.0
8849,2023.0,3.0,3.0,10.0,16.254488,16.54888,20.246746,22.411564,15.206016,14.687771,15.072465,14.841865,16.362047,15.691232,17.40564,17.345528,17.164236,17.243664,15.420216,14.8862915,16.599606,17.201057,4.0,0.0,0.0,0.0,4.0,4.0,0.0,4.0
8850,2023.0,3.0,3.0,11.0,16.261154,16.557571,20.100588,22.020344,15.846208,15.093124,15.758532,16.186905,16.23721,15.897536,20.343,22.524933,17.380838,17.485935,15.255026,14.724805,20.403316,23.673077,0.0,0.0,4.0,0.0,0.0,4.0,0.0,0.0
8851,2023.0,3.0,3.0,11.0,16.267233,16.576935,17.804201,17.546127,14.996134,14.549123,15.432715,15.3951235,16.106829,15.824941,18.221622,18.364622,17.405155,17.512909,15.132824,14.613358,17.28345,17.179508,0.0,0.0,0.0,0.0,0.0,4.0,0.0,0.0
8852,2023.0,3.0,3.0,11.0,15.548244,15.244064,16.794918,16.492477,15.8211775,16.21244,14.99341,14.742242,16.662893,17.056425,16.933926,16.664108,17.424807,17.535622,16.434214,17.196127,15.677994,15.136895,0.0,4.0,0.0,4.0,0.0,4.0,4.0,0.0
8853,2023.0,3.0,3.0,11.0,15.912317,16.160374,16.50672,16.227112,15.859065,16.030243,15.019369,14.836109,20.317276,23.359552,16.89344,16.916826,16.70981,16.18296,15.655951,15.280692,15.539272,15.273017,0.0,4.0,0.0,0.0,4.0,0.0,0.0,0.0
8854,2023.0,3.0,3.0,11.0,15.421148,15.130177,16.240301,15.965705,15.731485,15.855654,15.677096,16.122784,17.393448,17.23686,20.396347,23.008965,16.330378,15.720136,15.126565,14.642626,15.437121,15.208861,0.0,4.0,4.0,0.0,4.0,0.0,0.0,0.0
8855,2023.0,3.0,3.0,11.0,15.066811,14.684292,16.486845,16.622581,15.711181,15.837047,15.310463,15.262402,15.874399,15.29022,20.061033,22.196316,17.02515,17.152695,14.99613,14.527787,15.272517,15.052337,4.0,4.0,0.0,0.0,0.0,4.0,0.0,0.0
8856,2023.0,3.0,3.0,12.0,15.840975,15.95689,20.217985,23.2381,15.0130825,14.665666,15.434593,15.720535,15.801151,15.50469,17.620762,17.299078,16.51566,15.992924,15.862605,15.909928,16.146042,16.840736,4.0,0.0,0.0,0.0,0.0,0.0,0.0,4.0
8857,2023.0,3.0,3.0,12.0,20.867046,24.901682,20.046076,22.466335,20.039165,23.51121,19.899315,23.414595,15.729503,15.474206,16.599503,16.262907,20.401812,22.876957,21.466675,25.62355,20.287485,23.82616,4.0,0.0,0.0,0.0,0.0,0.0,0.0,0.0
8858,2023.0,3.0,3.0,12.0,21.147165,24.76409,20.095295,22.298012,20.536152,23.821909,21.1557,25.050714,16.413725,16.902079,16.382841,16.073414,20.637121,23.037811,21.693583,25.568188,17.02602,16.950394,4.0,0.0,4.0,4.0,0.0,0.0,0.0,0.0
8859,2023.0,3.0,3.0,12.0,21.9185,25.701153,20.103645,22.153505,21.179585,24.557014,21.104555,24.42534,20.290722,23.460135,16.163221,15.864269,21.640484,24.497608,22.355001,26.227667,15.423522,14.916686,0.0,0.0,4.0,0.0,0.0,0.0,0.0,0.0
8860,2023.0,3.0,3.0,12.0,20.98171,23.701132,17.769035,17.55864,21.066948,23.997162,21.128534,24.14844,17.33108,17.204653,15.983873,15.699846,21.231716,23.486977,22.377562,25.756111,15.338736,15.099635,0.0,4.0,0.0,0.0,0.0,4.0,0.0,0.0
8861,2023.0,3.0,3.0,12.0,21.081686,23.727919,16.729599,16.454338,21.076105,23.801907,21.092995,23.821993,15.779905,15.207132,15.822785,15.543545,21.074324,22.968668,23.071304,26.744696,15.271878,15.059526,0.0,4.0,4.0,0.0,0.0,4.0,0.0,0.0
8862,2023.0,3.0,3.0,13.0,21.089794,23.590818,16.939663,17.108816,21.098228,23.643282,21.12225,23.727707,15.753498,15.489648,16.10615,16.206663,21.06221,22.799843,23.36592,27.011345,15.151978,14.950668,4.0,4.0,0.0,0.0,4.0,4.0,0.0,0.0
8863,2023.0,3.0,3.0,13.0,21.154009,23.626558,20.213734,22.99223,21.15047,23.60279,21.151184,23.656834,16.519468,17.012312,20.379627,23.324482,21.74434,23.94061,21.969059,24.188168,15.049779,14.858604,0.0,4.0,0.0,4.0,4.0,4.0,4.0,0.0
8864,2023.0,3.0,3.0,13.0,21.07987,23.367292,18.309092,18.899408,21.091204,23.373144,21.089613,23.47979,20.680082,24.01964,20.043285,22.428402,20.981232,22.362198,20.897976,22.262146,15.427999,15.294251,4.0,4.0,0.0,0.0,0.0,4.0,0.0,0.0
8865,2023.0,3.0,3.0,13.0,22.060972,24.945118,20.267483,22.791376,22.027386,24.798687,22.067694,25.015465,17.622478,17.534481,17.518353,17.276098,21.8005,23.684021,22.191357,24.459393,15.099221,14.940854,0.0,4.0,0.0,0.0,0.0,4.0,0.0,0.0
8866,2023.0,3.0,3.0,13.0,20.933388,22.841234,18.077011,18.240849,20.921864,22.745981,20.920979,22.906528,15.986157,15.4462385,16.469582,16.168772,20.94469,22.098242,21.039768,22.567068,14.999112,14.861657,4.0,4.0,0.0,0.0,0.0,0.0,4.0,0.0
8867,2023.0,3.0,3.0,13.0,21.164398,23.27784,20.224377,22.666613,21.172697,23.238888,21.172155,23.405794,16.749245,17.227476,16.284399,16.00597,21.132254,22.457045,21.179777,22.911509,15.00752,14.928711,4.0,4.0,4.0,4.0,0.0,4.0,0.0,0.0
8868,2023.0,3.0,3.0,14.0,22.073017,24.69862,20.060057,22.114616,21.325186,23.351633,21.220774,23.395151,20.33435,23.266651,16.098991,15.829613,22.142628,24.214973,21.281548,22.887632,15.006609,14.964975,0.0,0.0,0.0,0.0,0.0,0.0,4.0,0.0
8869,2023.0,3.0,3.0,14.0,19.456808,19.514252,18.115274,18.224571,19.51482,19.749624,18.894835,18.770535,18.06062,18.378923,15.947178,15.6893,19.710884,19.383602,19.454815,19.194187,15.006943,14.992728,4.0,4.0,0.0,4.0,0.0,0.0,0.0,0.0
8870,2023.0,3.0,3.0,14.0,17.72966,17.31669,20.237371,22.567583,18.284678,18.27061,17.871973,17.849249,20.4361,22.954243,15.808991,15.553809,19.19979,19.193375,17.962885,17.38723,15.008059,15.017827,0.0,4.0,4.0,0.0,0.0,4.0,0.0,0.0
8871,2023.0,3.0,3.0,14.0,17.880733,18.045378,18.199026,18.355463,17.916384,17.90357,17.650148,17.679228,17.747372,17.573042,15.68896,15.441334,18.449501,17.866703,17.446934,16.858566,15.73678,16.40134,4.0,4.0,4.0,0.0,0.0,0.0,0.0,4.0
8872,2023.0,3.0,3.0,14.0,17.181097,16.827557,20.247784,22.310213,17.715769,17.7147,17.462402,17.504948,16.682959,16.084526,15.598557,15.351788,18.783415,18.788406,17.158928,16.577915,20.37759,24.290731,4.0,4.0,4.0,0.0,0.0,4.0,0.0,4.0
8873,2023.0,3.0,3.0,14.0,17.41095,17.62523,20.06293,21.854155,17.509914,17.52864,16.604988,16.092972,17.340252,17.726791,15.504643,15.263118,18.874449,18.947218,17.157068,16.873625,20.049114,23.109339,0.0,4.0,0.0,4.0,0.0,4.0,0.0,0.0
8874,2023.0,3.0,3.0,15.0,16.788736,16.469145,17.951597,17.747341,16.69103,16.171413,16.09875,15.514349,20.27087,22.731531,15.421366,15.186618,18.781279,18.868729,17.052862,16.813585,17.712557,18.191172,0.0,0.0,0.0,0.0,0.0,4.0,0.0,4.0
8875,2023.0,3.0,3.0,15.0,16.34249,15.944518,17.009876,16.770082,16.868193,16.845938,15.834082,15.254248,17.77099,17.590229,15.34296,15.112759,18.693474,18.791727,16.88169,16.654232,20.36093,23.39462,0.0,4.0,0.0,0.0,0.0,4.0,0.0,0.0
8876,2023.0,3.0,3.0,15.0,16.863176,17.107014,16.73718,16.518126,16.30858,15.811497,16.658054,17.026028,16.426666,15.888094,15.268396,15.041881,17.896852,17.364141,16.72082,16.500826,17.410368,17.32398,0.0,0.0,4.0,0.0,0.0,0.0,0.0,0.0
8877,2023.0,3.0,3.0,15.0,16.999744,17.332428,16.529291,16.305344,15.946571,15.348568,16.612574,16.814497,16.36828,16.073847,15.206122,14.981424,17.52104,16.893606,17.691257,18.447199,16.29575,15.7771845,0.0,0.0,4.0,0.0,0.0,0.0,4.0,0.0
8878,2023.0,3.0,3.0,15.0,16.27613,16.004902,16.797052,16.969948,15.763259,15.175588,16.480188,16.621487,17.02614,17.439363,15.147116,14.925864,17.3465,16.72508,16.669456,16.315323,17.124256,17.700693,4.0,0.0,4.0,4.0,0.0,0.0,0.0,4.0
8879,2023.0,3.0,3.0,15.0,16.688967,16.95954,20.238096,23.12709,15.905672,15.623809,15.762483,15.329938,20.332458,23.148561,15.089431,14.869438,17.205366,16.59336,16.210821,15.714473,20.35203,23.321838,0.0,0.0,0.0,0.0,0.0,0.0,0.0,0.0
8880,2023.0,3.0,3.0,16.0,16.876947,17.23069,18.362808,19.041012,16.640032,17.05816,16.047903,16.120872,17.64111,17.51958,15.425718,15.552645,17.363405,17.057209,17.071115,17.514692,17.467886,17.373308,4.0,4.0,4.0,0.0,4.0,0.0,4.0,0.0
8881,2023.0,3.0,3.0,16.0,16.853453,17.204834,20.657396,23.112463,16.867472,17.403255,16.186306,16.350538,17.276445,17.318932,19.99947,23.331644,18.204313,18.685745,16.318323,15.942626,16.379131,15.853537,4.0,4.0,4.0,4.0,0.0,4.0,0.0,0.0
8882,2023.0,3.0,3.0,16.0,16.829979,17.18917,19.910784,21.63123,15.943904,15.61442,15.503512,15.088042,20.392202,22.76446,17.639437,18.095552,18.138803,18.304693,15.8518305,15.38503,16.19467,15.926872,4.0,0.0,0.0,4.0,0.0,4.0,0.0,0.0
8883,2023.0,3.0,3.0,16.0,16.070972,15.789706,20.111305,21.921549,15.386818,14.859295,15.838136,15.945063,20.029375,21.953018,16.38265,16.534277,18.042967,18.183626,15.686371,15.212465,16.015083,15.78725,4.0,0.0,4.0,4.0,4.0,4.0,0.0,0.0
8884,2023.0,3.0,3.0,16.0,16.446966,16.740456,20.09143,21.815842,15.898126,15.962217,15.348863,14.934396,20.74248,23.092705,20.27363,23.089443,17.311363,16.813961,15.80619,15.575288,16.764557,17.396902,0.0,4.0,0.0,0.0,0.0,0.0,0.0,4.0
8885,2023.0,3.0,3.0,16.0,16.647308,17.003756,18.341984,18.380217,16.124714,16.277348,14.998954,14.510127,18.80487,19.02778,17.918713,18.268082,16.918974,16.340626,16.949646,17.747675,20.340887,23.500257,4.0,4.0,0.0,4.0,0.0,0.0,4.0,0.0
8886,2023.0,3.0,3.0,17.0,16.648045,17.008522,20.233139,22.270927,15.457944,15.03301,15.766999,15.754717,20.26967,22.235115,16.421272,16.224905,17.565884,17.691984,17.072922,17.586195,17.345963,17.263964,4.0,0.0,0.0,0.0,0.0,4.0,4.0,0.0
8887,2023.0,3.0,3.0,17.0,16.644754,17.008472,20.060377,21.790205,15.783043,15.859138,16.00516,16.44408,17.992132,17.708708,16.043612,15.793471,17.799759,17.949219,16.052546,15.6793995,16.775463,17.096691,0.0,4.0,4.0,0.0,0.0,4.0,0.0,4.0
8888,2023.0,3.0,3.0,17.0,15.921401,15.667358,18.011173,17.782084,15.996438,16.152472,16.35861,16.900867,16.767118,16.19141,15.833798,15.585689,17.078398,16.57956,15.582265,15.122997,20.37354,23.41581,0.0,4.0,4.0,0.0,0.0,0.0,0.0,0.0
8889,2023.0,3.0,3.0,17.0,16.276787,16.566309,17.109596,16.851692,16.003357,16.161303,16.082174,16.302229,16.643356,16.34333,15.67077,15.428459,16.707111,16.132498,16.496727,16.981083,17.439909,17.341526,0.0,4.0,4.0,0.0,0.0,0.0,4.0,0.0
8890,2023.0,3.0,3.0,17.0,16.432808,16.799192,16.892948,16.64805,15.992674,16.14884,15.970385,16.13505,16.543491,16.29334,15.547767,15.306588,17.397049,17.540918,16.759676,17.269035,16.329346,15.784971,0.0,4.0,4.0,0.0,0.0,4.0,4.0,0.0
8891,2023.0,3.0,3.0,17.0,15.71928,15.452447,17.141268,17.293226,15.297369,14.8617735,15.936471,16.098223,16.382809,16.146128,15.434722,15.201542,16.79716,16.288696,15.810355,15.42387,16.230616,15.960874,4.0,0.0,4.0,0.0,0.0,0.0,0.0,0.0
8892,2023.0,3.0,3.0,18.0,16.178162,16.464855,20.208878,22.803957,15.689014,15.75144,15.907467,16.067738,16.988562,17.42792,15.327726,15.099277,16.528568,15.948855,16.5413,17.016027,17.01518,17.629114,0.0,4.0,4.0,4.0,0.0,0.0,4.0,4.0
8893,2023.0,3.0,3.0,18.0,21.048431,24.872662,18.171282,18.495953,20.770058,24.514935,20.058348,23.33841,20.320105,23.159191,15.619689,15.751718,21.28277,24.17933,20.698719,24.020315,20.33994,23.301998,0.0,4.0,0.0,0.0,4.0,4.0,0.0,4.0
8894,2023.0,3.0,3.0,18.0,21.169216,24.453516,17.29453,17.524225,21.10851,24.498981,20.794985,24.134546,17.526262,17.321619,20.335659,23.569347,21.365349,24.018316,21.233803,24.423712,20.702085,23.43009,4.0,4.0,0.0,0.0,0.0,4.0,0.0,0.0
8895,2023.0,3.0,3.0,18.0,21.090078,23.963383,20.296572,22.865065,21.115189,24.101898,21.135181,24.299713,16.116705,15.5452795,17.941402,18.562609,21.618015,24.071398,21.30974,24.241884,17.953743,17.808428,4.0,4.0,0.0,0.0,4.0,4.0,0.0,0.0
8896,2023.0,3.0,3.0,18.0,21.763689,24.874657,20.05733,22.107227,21.144083,23.873379,21.136276,24.007278,16.9244,17.407652,20.270174,23.19367,21.74941,24.087845,21.165138,23.690056,16.32755,15.780798,0.0,4.0,4.0,4.0,0.0,0.0,0.0,0.0
8897,2023.0,3.0,3.0,18.0,20.979761,23.238382,18.093803,18.134548,21.094202,23.572098,21.101303,23.70306,20.335182,23.142195,17.911505,18.206673,20.990108,22.506197,21.161873,23.538958,15.881901,15.336622,4.0,4.0,4.0,0.0,0.0,4.0,0.0,0.0
8898,2023.0,3.0,3.0,19.0,21.166864,23.508009,20.259272,22.52105,21.15145,23.54007,21.149834,23.638292,17.55664,17.339298,16.449192,16.232382,21.134811,22.738482,21.18906,23.457552,16.942608,17.636644,4.0,4.0,4.0,0.0,0.0,0.0,4.0,4.0
8899,2023.0,3.0,3.0,19.0,21.079538,23.252613,20.041801,21.869198,21.089249,23.3038,21.092672,23.403276,16.91441,17.013838,16.487724,16.60891,21.080765,22.561428,21.108,23.203077,20.35401,23.360586,4.0,4.0,4.0,4.0,4.0,0.0,0.0,0.0
8900,2023.0,3.0,3.0,19.0,21.079905,23.190804,20.082973,21.812847,21.087465,23.215527,21.090666,23.308207,21.238403,24.275824,20.45095,23.304153,21.080912,22.506075,21.058903,22.989359,17.364046,17.153303,4.0,4.0,4.0,0.0,4.0,0.0,4.0,0.0
8901,2023.0,3.0,3.0,19.0,21.10304,23.20194,20.075562,21.702213,21.08571,23.144613,21.112484,23.297136,18.571577,18.78413,20.051834,22.338251,21.030066,22.382172,22.714092,25.807167,15.957765,15.4399185,4.0,4.0,0.0,4.0,0.0,4.0,0.0,0.0
8902,2023.0,3.0,3.0,19.0,21.096886,23.137585,20.074982,21.63188,21.108139,23.152554,21.106024,23.220036,20.409443,22.605686,17.524134,17.22802,21.086422,22.469614,20.884315,22.36365,15.900998,15.679779,4.0,0.0,0.0,0.0,0.0,0.0,0.0,0.0
8903,2023.0,3.0,3.0,19.0,21.070217,23.02045,20.09162,21.62893,21.077864,23.02192,21.081472,23.09991,18.392727,18.543446,16.492504,16.204535,21.048435,22.335657,21.121363,22.84894,15.820973,15.633254,0.0,4.0,4.0,4.0,0.0,4.0,0.0,0.0
8904,2023.0,3.0,3.0,20.0,21.100285,23.06734,18.419636,18.369516,21.08203,22.99177,21.109375,23.137167,20.394785,22.466478,16.305151,16.055368,21.082615,22.396013,21.030697,22.676832,16.619896,17.277777,4.0,4.0,0.0,4.0,0.0,0.0,4.0,4.0
8905,2023.0,3.0,3.0,20.0,21.14788,23.128963,20.239573,22.125963,21.15087,23.097502,21.149914,23.181747,20.056463,21.773533,16.084654,15.838818,21.118626,22.437717,21.370632,23.367794,20.373903,23.581038,4.0,4.0,0.0,0.0,0.0,0.0,0.0,4.0
8906,2023.0,3.0,3.0,20.0,21.067255,22.917011,20.043047,21.607689,21.079718,22.925184,21.054468,22.985022,18.44281,18.53653,15.89218,15.65296,21.046986,22.248882,21.088934,22.77557,20.058271,22.583685,4.0,4.0,4.0,4.0,0.0,4.0,0.0,0.0
8907,2023.0,3.0,3.0,20.0,21.072187,22.907587,20.095247,21.648922,21.07912,22.899216,21.110104,23.074183,20.379578,22.298609,15.729622,15.497399,21.080986,22.320139,21.09029,22.757372,17.344799,17.08517,0.0,4.0,0.0,4.0,0.0,0.0,0.0,0.0
8908,2023.0,3.0,3.0,20.0,21.070902,22.888058,18.409788,18.34777,21.078472,22.875072,21.100523,23.01987,20.02899,21.583485,15.587983,15.357273,21.0456,22.210001,21.070223,22.735785,16.053585,15.525547,4.0,4.0,0.0,4.0,0.0,4.0,0.0,0.0
8909,2023.0,3.0,3.0,20.0,21.161676,23.053223,20.244028,22.129509,21.161613,23.020191,21.161066,23.110857,20.066023,21.574219,15.456736,15.223975,21.133219,22.39165,21.189142,22.980104,16.671202,17.015923,4.0,4.0,0.0,4.0,0.0,0.0,0.0,4.0
8910,2023.0,3.0,3.0,21.0,21.095707,22.921494,20.059645,21.643688,21.077108,22.829004,21.076078,22.961359,20.089832,21.583702,15.339175,15.106496,21.074211,22.252775,21.071585,22.742403,20.47102,23.38502,0.0,4.0,0.0,0.0,0.0,0.0,0.0,0.0
8911,2023.0,3.0,3.0,21.0,21.090033,22.888414,18.05327,17.72986,21.101,22.877686,21.054344,22.906778,18.614578,18.66789,15.240849,15.012898,21.044731,22.158516,21.071487,22.739643,18.070858,18.41641,0.0,0.0,4.0,4.0,0.0,4.0,0.0,4.0
8912,2023.0,3.0,3.0,21.0,21.063862,22.796476,17.669355,17.760681,21.095175,22.842583,21.083155,22.989979,20.354889,22.08921,15.151331,14.925605,21.049162,22.16084,21.032675,22.630648,20.432585,22.999699,4.0,0.0,0.0,4.0,0.0,4.0,4.0,4.0
8913,2023.0,3.0,3.0,21.0,21.166,23.006962,20.242193,22.437477,21.09485,22.819105,21.076702,22.90613,20.02938,21.448296,15.459069,15.575459,21.131804,22.320255,21.059013,22.647688,20.025799,22.089108,0.0,0.0,4.0,4.0,4.0,4.0,4.0,4.0
8914,2023.0,3.0,3.0,21.0,21.058681,22.75397,18.360043,18.554888,21.042343,22.722193,21.07595,22.870644,20.785362,22.544329,20.439888,23.830685,21.075861,22.217,21.05124,22.609179,21.18477,23.799194,0.0,4.0,4.0,0.0,4.0,0.0,4.0,0.0
8915,2023.0,3.0,3.0,21.0,21.067299,22.763401,17.196829,17.00471,21.078493,22.83384,21.101488,22.913473,18.168049,17.712479,20.014181,22.740086,21.072296,22.194483,21.094307,22.704586,18.439392,18.20876,0.0,0.0,0.0,0.0,0.0,0.0,0.0,0.0
8916,2023.0,3.0,3.0,22.0,21.066278,22.753784,16.85581,16.610882,21.071194,22.757826,21.095541,22.87135,17.792624,17.785812,17.257956,17.062119,21.072168,22.178335,21.085732,22.660414,16.77064,16.199665,0.0,4.0,0.0,4.0,0.0,0.0,0.0,0.0
8917,2023.0,3.0,3.0,22.0,21.09277,22.817413,17.086823,17.22343,21.07367,22.736383,21.09612,22.84654,20.387066,22.293953,15.766307,15.148842,21.0219,22.086065,21.047493,22.53195,17.071398,17.18154,4.0,4.0,0.0,0.0,0.0,4.0,4.0,4.0
8918,2023.0,3.0,3.0,22.0,21.060753,22.717318,20.26035,22.885826,21.073244,22.714598,21.071913,22.824697,18.536644,18.581501,15.721516,15.428129,21.07975,22.201021,21.093561,22.63756,20.451607,22.97208,0.0,4.0,0.0,4.0,0.0,0.0,0.0,0.0
8919,2023.0,3.0,3.0,22.0,21.09295,22.78938,18.502516,19.06665,21.097721,22.763998,21.074484,22.841623,20.38052,22.233303,15.680598,15.440487,21.071606,22.163124,21.046284,22.497591,17.652296,17.361227,4.0,0.0,0.0,0.0,0.0,0.0,4.0,0.0
8920,2023.0,3.0,3.0,22.0,22.114706,24.424345,20.267124,22.559568,22.072575,24.31189,21.859455,24.170706,18.03473,17.616377,15.51966,15.273379,21.827623,23.447126,22.2155,24.371176,16.648724,16.414495,0.0,0.0,0.0,0.0,0.0,0.0,0.0,0.0
8921,2023.0,3.0,3.0,22.0,20.909657,22.236288,17.880928,17.658827,20.919704,22.214737,21.067379,22.778433,17.202604,16.912807,15.376917,15.132605,20.95941,21.838505,21.066475,22.468634,17.233269,17.739325,0.0,0.0,0.0,0.0,0.0,0.0,0.0,4.0
8922,2023.0,3.0,3.0,23.0,21.09025,22.681711,16.842083,16.547651,21.092968,22.642265,21.074732,22.807571,17.011936,16.752821,15.249185,15.003918,21.06464,22.098272,21.087101,22.51227,20.425518,23.077942,0.0,0.0,0.0,0.0,0.0,0.0,0.0,0.0
8923,2023.0,3.0,3.0,23.0,19.503696,19.685328,16.645895,16.375765,19.4451,19.525578,19.296791,19.405457,16.796368,16.55216,15.4129095,15.408716,19.747486,19.596579,19.40416,19.315256,17.555899,17.294607,0.0,0.0,0.0,0.0,4.0,0.0,0.0,0.0
8924,2023.0,3.0,3.0,23.0,19.446535,19.963474,16.478806,16.200926,18.564777,18.26153,18.38154,18.099094,16.626297,16.373814,15.479455,15.519666,19.200686,18.883074,18.69441,18.409649,16.52399,15.908205,0.0,0.0,0.0,0.0,4.0,0.0,0.0,0.0
8925,2023.0,3.0,3.0,23.0,18.83471,18.895517,16.331774,16.057863,18.189152,17.870277,18.00207,17.706594,16.474083,16.224344,15.171509,14.9620695,18.956951,18.649752,18.358047,18.083601,16.51349,16.242132,0.0,0.0,0.0,0.0,0.0,0.0,0.0,0.0
8926,2023.0,3.0,3.0,23.0,17.862524,17.31129,16.201593,15.93002,17.907393,17.592514,17.71588,17.425087,16.33645,16.08824,15.288784,15.292866,19.536137,19.941757,18.083109,17.819067,16.375559,16.1515,0.0,0.0,0.0,0.0,4.0,4.0,0.0,0.0
8927,2023.0,3.0,3.0,23.0,17.42509,16.812624,16.08382,15.815916,17.6716,17.363993,17.477047,17.193867,16.210384,15.964556,15.06174,14.861082,18.46035,17.82664,17.848442,17.595888,16.202091,15.990316,0.0,0.0,0.0,0.0,0.0,0.0,0.0,0.0
8928,2023.0,3.0,4.0,0.0,17.15188,16.544401,15.972497,15.704075,18.175386,18.496117,17.262033,16.978909,16.090015,15.842155,15.012807,14.866028,17.973213,17.2272,17.635408,17.386494,16.76099,17.185192,0.0,4.0,0.0,0.0,0.0,0.0,0.0,4.0
8929,2023.0,3.0,4.0,0.0,17.300938,17.113043,15.86216,15.602114,17.634779,17.457758,17.05263,16.78231,16.534008,16.785086,15.009461,14.908358,17.744774,17.022186,18.4157,19.04594,16.261934,16.11063,0.0,0.0,0.0,4.0,0.0,0.0,4.0,0.0
8930,2023.0,3.0,4.0,0.0,17.280722,17.166876,15.7618475,15.508596,16.800776,16.12594,16.866262,16.605452,16.753653,17.064547,15.010178,14.944376,17.921858,17.585154,17.389187,16.876276,15.605653,15.128328,0.0,0.0,0.0,4.0,0.0,0.0,0.0,0.0
8931,2023.0,3.0,4.0,0.0,17.160725,17.073492,15.67046,15.422123,16.389025,15.646572,16.699835,16.445295,15.901897,15.406941,15.010418,14.970923,17.933493,17.643238,16.76888,16.188232,15.270693,14.75663,0.0,0.0,0.0,0.0,0.0,0.0,0.0,0.0
8932,2023.0,3.0,4.0,0.0,17.036385,16.957958,15.587352,15.343223,16.575535,16.238728,16.55144,16.302076,16.021732,15.986196,15.01086,14.99192,17.833256,17.54784,16.53442,15.958595,15.384764,15.171575,0.0,0.0,0.0,4.0,0.0,0.0,0.0,0.0
8933,2023.0,3.0,4.0,0.0,16.913374,16.83496,15.513648,15.275381,16.590052,16.317915,16.42231,16.181034,15.553435,15.031968,15.010867,15.008105,17.737144,17.455412,16.678905,16.435804,15.364636,15.159069,0.0,0.0,0.0,0.0,0.0,0.0,0.0,0.0
8934,2023.0,3.0,4.0,1.0,16.79482,16.713684,15.441013,15.203453,16.48873,16.224298,16.298595,16.057383,15.227668,14.66639,15.019745,15.040002,17.646343,17.364353,16.654255,16.419758,15.27602,15.071297,0.0,0.0,0.0,0.0,0.0,0.0,0.0,0.0
8935,2023.0,3.0,4.0,1.0,16.698425,16.626093,15.381109,15.151731,16.392963,16.140274,16.197426,15.967638,15.423442,15.209236,15.008787,15.027028,17.569384,17.292469,16.56135,16.331846,15.195522,14.995207,0.0,0.0,0.0,0.0,0.0,0.0,0.0,0.0
8936,2023.0,3.0,4.0,1.0,16.605854,16.537582,15.320657,15.094222,16.297607,16.049614,16.098589,15.872787,15.426802,15.201893,15.020921,15.062192,17.49701,17.222301,16.469091,16.24166,15.119189,14.920766,0.0,0.0,0.0,0.0,0.0,0.0,0.0,0.0
8937,2023.0,3.0,4.0,1.0,16.529413,16.47404,15.270458,15.053334,16.217638,15.982832,16.016558,15.803666,15.958538,16.253536,15.055194,15.117327,17.434845,17.166515,16.388092,16.167366,15.052933,14.860358,0.0,0.0,0.0,4.0,4.0,0.0,0.0,0.0
8938,2023.0,3.0,4.0,1.0,17.26111,17.916517,15.225618,15.01336,16.147638,15.9199705,15.94522,15.738935,16.163677,16.511145,15.004151,15.040721,17.381926,17.116837,16.31971,16.102177,14.997825,14.814047,0.0,0.0,0.0,4.0,0.0,0.0,0.0,0.0
8939,2023.0,3.0,4.0,1.0,16.82476,16.906162,15.17723,14.969744,16.07257,15.851599,15.868834,15.668782,15.9113035,15.924446,15.013283,15.067486,17.326056,17.064125,16.246876,16.032333,15.006792,14.874427,0.0,0.0,0.0,4.0,0.0,0.0,0.0,0.0
8940,2023.0,3.0,4.0,2.0,16.119362,15.728997,15.130233,14.926653,16.000576,15.78506,15.795797,15.600734,15.257727,14.78257,15.011929,15.072413,17.272861,17.01364,16.177803,15.965708,15.005642,14.90574,0.0,0.0,0.0,0.0,0.0,0.0,0.0,0.0
8941,2023.0,3.0,4.0,2.0,15.852681,15.425122,15.083446,14.881834,15.931416,15.719719,15.72595,15.534295,14.99209,14.53586,15.012329,15.079879,17.221107,16.962885,16.112158,15.901499,15.620812,16.090126,0.0,0.0,0.0,0.0,0.0,0.0,0.0,4.0
8942,2023.0,3.0,4.0,2.0,16.065603,15.979288,15.03665,14.835996,15.864193,15.655051,15.658777,15.469011,15.013586,14.648995,15.012644,15.086782,17.170372,16.912537,16.048717,15.838704,15.148533,14.991641,0.0,0.0,0.0,0.0,0.0,0.0,0.0,0.0
8943,2023.0,3.0,4.0,2.0,16.123522,16.087563,15.000879,14.81003,15.79479,15.5828705,15.589617,15.396474,15.095046,14.8832035,15.024126,15.116092,17.119093,16.859264,15.985043,15.772685,15.028523,14.955889,0.0,0.0,0.0,0.0,0.0,0.0,0.0,0.0
8944,2023.0,3.0,4.0,2.0,16.088226,16.068087,15.003135,14.852527,15.733211,15.523614,15.528317,15.3370075,15.081298,14.86992,15.024073,15.117239,17.071815,16.812452,15.926663,15.714963,15.029637,14.964515,0.0,0.0,0.0,0.0,0.0,0.0,0.0,0.0
8945,2023.0,3.0,4.0,2.0,16.040842,16.025682,15.00516,14.882661,15.67405,15.466581,15.469425,15.279814,15.03636,14.825552,15.024974,15.125118,17.025785,16.766851,15.870374,15.659283,15.009749,14.963454,0.0,0.0,0.0,0.0,0.0,0.0,0.0,0.0
8946,2023.0,3.0,4.0,3.0,15.989411,15.9760475,15.006573,14.908716,15.617001,15.411482,15.412673,15.224613,15.000293,14.801272,15.026308,15.134296,16.980803,16.722265,15.8158455,15.605323,15.01258,15.001676,0.0,0.0,0.0,0.0,0.0,0.0,0.0,0.0
8947,2023.0,3.0,4.0,3.0,15.936092,15.922183,15.007668,14.931557,15.561566,15.357554,15.357595,15.170656,15.00422,14.84843,15.026933,15.141559,16.936611,16.678328,15.762751,15.552639,15.014253,15.025604,0.0,0.0,0.0,0.0,0.0,0.0,0.0,0.0
8948,2023.0,3.0,4.0,3.0,15.885238,15.872581,15.005013,14.944077,15.511514,15.312618,15.30789,15.125603,15.523358,15.843822,15.012442,15.121976,16.895065,16.638838,15.713057,15.50533,15.008576,15.032238,0.0,0.0,0.0,4.0,0.0,0.0,0.0,0.0
8949,2023.0,3.0,4.0,3.0,15.832441,15.817682,15.0060625,14.963815,15.4592,15.261448,15.255968,15.074387,15.146065,14.952491,15.015023,15.134878,16.852333,16.596203,15.662648,15.455208,15.010411,15.052909,0.0,0.0,0.0,0.0,0.0,0.0,0.0,0.0
8950,2023.0,3.0,4.0,3.0,15.778974,15.760291,15.012088,14.9934435,15.4045925,15.204249,15.202063,15.017659,15.005042,14.862697,15.002665,15.101453,16.808805,16.551195,15.61162,15.40261,15.018828,15.086123,0.0,0.0,0.0,0.0,4.0,0.0,0.0,0.0
8951,2023.0,3.0,4.0,3.0,15.7298565,15.710401,15.01286,15.008172,15.354832,15.155466,15.153011,14.9692,15.008228,14.901564,15.029027,15.182983,16.767725,16.510324,15.56364,15.354966,15.020261,15.098335,0.0,0.0,0.0,0.0,0.0,0.0,0.0,0.0
8952,2023.0,3.0,4.0,4.0,15.682276,15.662771,15.006722,15.01004,15.309664,15.114594,15.108512,14.928509,15.477619,15.801218,15.013303,15.153797,16.72899,16.473497,15.518572,15.31204,15.009949,15.090781,0.0,0.0,0.0,4.0,0.0,0.0,0.0,0.0
8953,2023.0,3.0,4.0,4.0,15.636431,15.617805,15.007806,15.026229,16.021553,16.492498,15.06252,14.88367,15.380175,15.413536,15.016101,15.165498,16.689617,16.434805,15.473296,15.267639,15.012254,15.10696,0.0,4.0,0.0,4.0,0.0,0.0,0.0,0.0
8954,2023.0,3.0,4.0,4.0,15.600917,15.5913315,15.008233,15.040293,15.642132,15.576347,15.016467,14.837659,15.302148,15.32353,15.015953,15.170981,16.6504,16.39551,15.428701,15.223062,15.012254,15.119472,0.0,0.0,0.0,4.0,0.0,0.0,0.0,0.0
8955,2023.0,3.0,4.0,4.0,15.566512,15.5612135,15.008664,15.053864,14.977961,14.530964,15.002102,14.850259,14.971137,14.782011,15.016309,15.177291,16.610792,16.35514,15.383618,15.176919,15.485086,16.006428,0.0,0.0,0.0,0.0,0.0,0.0,0.0,4.0
8956,2023.0,3.0,4.0,4.0,15.520631,15.511397,15.0090685,15.0669985,15.017943,14.670028,15.003663,14.883028,15.02648,14.917678,15.016459,15.18319,16.57157,16.315683,15.339128,15.132172,14.944661,14.956756,0.0,0.0,0.0,0.0,0.0,0.0,0.0,0.0
8957,2023.0,3.0,4.0,4.0,15.472802,15.45863,15.0188055,15.098973,15.103783,14.907678,15.005737,14.915136,15.033917,14.951544,15.03248,15.220426,16.532606,16.27624,15.295837,15.088991,15.045242,15.18205,0.0,0.0,0.0,0.0,0.0,0.0,0.0,0.0
8958,2023.0,3.0,4.0,5.0,15.430149,15.415435,15.008449,15.0880785,15.849726,16.327353,15.004444,14.9327345,15.004012,14.930422,15.014649,15.1890135,16.497005,16.242786,15.256095,15.051661,15.019411,15.113648,0.0,4.0,0.0,0.0,0.0,0.0,0.0,0.0
8959,2023.0,3.0,4.0,5.0,15.385044,15.368315,15.010462,15.102988,15.465696,15.396191,15.005353,14.9553,15.009984,14.970984,15.017561,15.200766,16.45868,16.203485,15.214095,15.008917,15.012711,15.128728,0.0,0.0,0.0,0.0,0.0,0.0,0.0,0.0
8960,2023.0,3.0,4.0,5.0,15.357813,15.353834,15.010523,15.113394,14.97368,14.654168,15.00634,14.976216,15.010634,14.994785,15.017398,15.206073,16.418648,16.160984,15.170134,14.962327,15.014536,15.152794,0.0,0.0,0.0,0.0,0.0,0.0,0.0,0.0
8961,2023.0,3.0,4.0,5.0,15.319686,15.314327,15.0207405,15.143871,15.026612,14.817717,15.011182,15.004824,15.017724,15.028921,15.034737,15.245386,16.379747,16.120981,15.127802,14.919446,15.026912,15.194945,0.0,0.0,0.0,0.0,0.0,0.0,0.0,0.0
8962,2023.0,3.0,4.0,5.0,15.275612,15.264642,15.021408,15.150924,15.000226,14.804598,15.012421,15.022289,15.017554,15.040689,15.034764,15.244379,16.34174,16.08211,15.08656,14.877585,15.028126,15.206444,0.0,0.0,0.0,0.0,0.0,0.0,0.0,0.0
8963,2023.0,3.0,4.0,5.0,15.230673,15.214515,15.022299,15.161092,15.003397,14.859828,15.013676,15.039887,15.018918,15.056458,15.008564,15.178816,16.303717,16.043226,15.045353,14.835756,15.029253,15.219598,0.0,0.0,0.0,0.0,4.0,0.0,0.0,0.0
8964,2023.0,3.0,4.0,6.0,15.188377,15.169757,15.010867,15.148165,15.004509,14.891744,15.007216,15.041509,15.336031,15.651938,15.021603,15.23532,17.094448,17.574072,15.005503,14.796368,15.01358,15.200679,0.0,0.0,0.0,4.0,0.0,4.0,0.0,0.0
8965,2023.0,3.0,4.0,6.0,20.214018,23.939743,15.01276,15.161014,20.084295,23.737392,19.971096,23.67272,19.917759,23.442526,15.018458,15.234201,20.990778,24.162973,20.45119,23.96852,15.380614,15.881504,0.0,0.0,0.0,0.0,0.0,4.0,0.0,4.0
8966,2023.0,3.0,4.0,6.0,21.098288,24.91333,15.012739,15.169267,21.100876,24.933817,21.009125,24.910822,17.21679,17.545935,15.018906,15.238217,20.680532,23.162537,21.144468,24.836712,20.236996,24.231146,0.0,0.0,0.0,0.0,0.0,0.0,0.0,0.0
8967,2023.0,3.0,4.0,6.0,21.099405,24.443464,15.01316,15.177986,21.102543,24.441862,21.119999,24.605999,15.572935,15.368828,15.018858,15.238985,20.97974,23.361618,22.109106,26.037252,17.206121,17.61548,0.0,0.0,0.0,0.0,0.0,0.0,0.0,4.0
8968,2023.0,3.0,4.0,6.0,21.097149,24.126621,15.013499,15.186483,21.100887,24.108421,21.103031,24.230612,15.267326,15.039786,15.018747,15.23847,21.255426,23.571997,22.612087,26.472399,20.290548,23.72492,0.0,0.0,0.0,0.0,0.0,0.0,0.0,0.0
8969,2023.0,3.0,4.0,6.0,21.094625,23.904684,15.013718,15.194702,21.097813,23.870922,21.101767,23.990053,15.70384,16.005465,15.003057,15.193257,21.051346,23.023718,22.237812,25.303225,16.983744,16.81819,0.0,0.0,0.0,4.0,4.0,0.0,0.0,0.0
8970,2023.0,3.0,4.0,7.0,21.092749,23.743185,15.01421,15.202735,21.095245,23.6973,21.076784,23.750175,20.31279,23.924685,19.682203,23.190466,21.07588,22.955868,20.892792,22.80232,16.128765,16.272339,0.0,0.0,4.0,0.0,0.0,0.0,0.0,4.0
8971,2023.0,3.0,4.0,7.0,21.089834,23.61971,15.01376,15.206643,21.093094,23.566687,21.078764,23.629448,17.003187,16.885544,17.268005,17.921804,21.043098,22.782764,21.113098,23.224518,20.522818,23.78594,0.0,0.0,4.0,0.0,4.0,4.0,0.0,4.0
8972,2023.0,3.0,4.0,7.0,21.151197,23.633087,15.413236,16.017467,21.154558,23.59205,21.157944,23.65669,15.297595,14.707322,20.242535,23.677063,21.126047,22.859243,22.04288,24.777866,21.081736,24.350212,0.0,0.0,0.0,0.0,4.0,0.0,4.0,4.0
8973,2023.0,3.0,4.0,7.0,21.064556,23.39417,15.03553,15.256465,21.063616,23.312927,21.147528,23.499958,15.262206,14.994591,20.052122,22.831533,21.058186,22.618988,21.03432,22.790733,20.946085,23.88445,0.0,4.0,4.0,0.0,4.0,4.0,4.0,4.0
8974,2023.0,3.0,4.0,7.0,21.089592,23.348526,15.109497,15.375423,21.069237,23.269167,21.09482,23.306267,15.22124,14.988856,20.128313,22.665329,21.063692,22.571247,21.131062,23.004519,21.716331,24.94463,4.0,4.0,4.0,0.0,0.0,4.0,0.0,0.0
8975,2023.0,3.0,4.0,7.0,21.110641,23.337221,19.610188,23.05077,21.09376,23.220636,21.116758,23.300232,15.089435,14.860077,17.57311,17.505753,21.090466,22.59524,22.877106,25.996546,18.23276,17.962412,0.0,4.0,0.0,0.0,4.0,0.0,0.0,0.0
8976,2023.0,3.0,4.0,8.0,21.151539,23.33769,17.445692,18.189096,21.15656,23.273746,21.153358,23.294827,15.391528,15.170013,20.387747,22.982191,21.123703,22.614084,20.975124,22.459345,16.49898,15.851225,4.0,4.0,4.0,0.0,4.0,0.0,0.0,0.0
8977,2023.0,3.0,4.0,8.0,19.078894,19.312582,20.167667,23.514935,19.00116,19.079964,18.480547,18.151138,15.066879,14.850469,20.052378,22.251488,19.571547,19.563164,19.524258,19.739305,15.977058,15.349581,0.0,4.0,0.0,0.0,4.0,4.0,4.0,0.0
8978,2023.0,3.0,4.0,8.0,18.130169,18.236198,17.597372,18.054415,17.300503,16.621109,16.975185,16.241837,15.291267,15.022508,20.104298,22.166887,18.95444,18.904505,18.055103,17.515934,15.943626,15.647126,0.0,0.0,0.0,0.0,4.0,4.0,0.0,0.0
8979,2023.0,3.0,4.0,8.0,17.820713,17.938763,15.879483,15.717124,16.598684,15.809765,16.426113,15.652905,15.377813,15.118619,20.095442,22.013958,18.749762,18.711021,18.269636,18.499022,15.821401,15.579974,0.0,0.0,0.0,0.0,4.0,4.0,4.0,0.0
8980,2023.0,3.0,4.0,8.0,17.594748,17.729612,15.451974,15.197355,16.914087,16.721401,17.18989,17.454735,15.773517,16.183949,20.109882,21.957024,18.578823,18.552013,17.410345,16.88728,15.622956,15.394442,0.0,4.0,4.0,4.0,0.0,4.0,0.0,0.0
8981,2023.0,3.0,4.0,8.0,17.413588,17.565083,15.222015,14.955654,16.963472,16.861479,16.795254,16.639996,20.305706,23.751938,17.987207,17.800554,18.438437,18.422882,17.77088,18.050032,15.442158,15.222844,0.0,4.0,0.0,0.0,4.0,4.0,4.0,0.0
8982,2023.0,3.0,4.0,9.0,16.573027,16.135338,15.514989,15.650928,16.183474,15.532891,16.609669,16.531094,16.99937,16.886988,20.368923,22.523478,17.633837,17.022665,16.992956,16.500334,15.281872,15.068195,4.0,0.0,4.0,0.0,0.0,0.0,0.0,0.0
8983,2023.0,3.0,4.0,9.0,16.085821,15.56091,20.173132,23.833363,15.706609,14.96416,15.880766,15.258964,15.29439,14.725857,17.723866,17.369257,17.1366,16.428637,16.38396,15.785876,15.141276,14.932399,4.0,0.0,0.0,0.0,0.0,0.0,0.0,0.0
8984,2023.0,3.0,4.0,9.0,15.844892,15.318674,19.996931,22.943157,15.473662,14.733181,15.416477,14.700642,15.222094,14.940386,16.987755,16.987331,17.699095,17.701479,17.166468,17.508116,15.015709,14.809339,0.0,0.0,0.0,0.0,4.0,4.0,4.0,0.0
8985,2023.0,3.0,4.0,9.0,15.656339,15.139011,17.007357,16.855135,15.652606,15.283049,15.202491,14.493066,15.167849,14.930294,20.331297,22.704058,17.861036,17.884323,16.484768,16.013048,15.26579,15.014671,0.0,0.0,0.0,0.0,0.0,4.0,0.0,0.0
8986,2023.0,3.0,4.0,9.0,15.84493,15.685142,15.776936,15.486438,15.695789,15.407946,15.382348,15.032072,15.038194,14.808687,18.091562,18.272678,17.139948,16.557894,15.944503,15.370995,14.992245,14.825104,0.0,0.0,0.0,0.0,0.0,0.0,0.0,0.0
8987,2023.0,3.0,4.0,9.0,15.886058,15.795062,15.533357,15.247268,15.607243,15.329644,15.429373,15.157838,15.008288,14.85875,16.669182,16.36985,16.698233,16.007448,15.70944,15.12345,15.014584,14.933108,0.0,0.0,0.0,0.0,0.0,0.0,0.0,0.0
8988,2023.0,3.0,4.0,10.0,15.807972,15.726233,15.322853,15.040073,16.265009,16.651165,15.348962,15.088639,15.01109,14.924969,16.258787,15.934685,17.339056,17.378246,15.857156,15.583465,15.010095,14.973547,0.0,4.0,0.0,0.0,0.0,4.0,0.0,0.0
8989,2023.0,3.0,4.0,10.0,15.726857,15.652135,15.1441765,14.864276,15.823936,15.67208,15.264002,15.011873,15.010593,14.96749,15.982931,15.660516,16.815151,16.220324,15.877874,15.64388,15.011157,15.012235,0.0,0.0,0.0,0.0,0.0,0.0,0.0,0.0
8990,2023.0,3.0,4.0,10.0,15.651088,15.582799,14.998087,14.735945,15.116505,14.494095,15.184508,14.940067,15.010981,14.999653,15.759037,15.439742,16.452751,15.788574,15.808454,15.577389,15.011491,15.040241,0.0,0.0,0.0,0.0,0.0,0.0,0.0,0.0
8991,2023.0,3.0,4.0,10.0,15.577621,15.512603,15.009043,14.869695,15.011513,14.510229,15.106591,14.865726,15.0183525,15.039698,15.565799,15.248748,16.311722,15.646325,15.734065,15.5045,15.019127,15.078702,0.0,0.0,0.0,0.0,0.0,0.0,0.0,0.0
8992,2023.0,3.0,4.0,10.0,15.518318,15.465626,15.009341,14.9341755,15.892815,16.265818,15.044092,14.817066,15.00937,15.034947,15.422641,15.126294,16.558468,16.241034,15.672494,15.450859,15.009711,15.072753,0.0,4.0,0.0,0.0,0.0,0.0,0.0,0.0
8993,2023.0,3.0,4.0,10.0,16.272259,16.943127,15.010937,14.996282,15.291597,14.890101,15.000441,14.800377,15.011329,15.051607,15.284329,14.994565,16.64434,16.373652,15.6134815,15.395511,15.0120125,15.090034,0.0,0.0,0.0,0.0,0.0,0.0,0.0,0.0
8994,2023.0,3.0,4.0,11.0,15.844985,15.926953,15.011571,15.044732,15.502652,15.545218,15.005336,14.859718,15.010901,15.060365,15.165638,14.882941,17.414402,17.857233,15.558912,15.344553,15.011685,15.099983,0.0,4.0,0.0,0.0,0.0,4.0,0.0,0.0
8995,2023.0,3.0,4.0,11.0,15.938255,16.2501,15.21404,15.448415,14.999002,14.617943,15.6539345,16.11414,15.011065,15.068232,15.06474,14.790835,16.628145,16.096144,15.507606,15.295358,15.012014,15.109068,4.0,0.0,4.0,0.0,0.0,0.0,0.0,0.0
8996,2023.0,3.0,4.0,11.0,15.33358,15.058549,19.669655,23.147768,15.015883,14.716924,15.27286,15.222304,15.011239,15.074436,14.999991,14.756375,16.207266,15.584475,15.459248,15.249504,15.011988,15.1160145,0.0,0.0,0.0,0.0,0.0,0.0,0.0,0.0
8997,2023.0,3.0,4.0,11.0,15.724914,16.00983,17.292313,17.849205,15.4014635,15.467734,15.013001,14.900345,15.011127,15.078608,15.007526,14.825646,16.911781,17.01055,15.415473,15.2093315,15.012029,15.122586,0.0,4.0,0.0,0.0,0.0,4.0,0.0,0.0
8998,2023.0,3.0,4.0,11.0,15.233259,14.958439,15.482763,15.374091,15.562285,15.685523,15.019456,14.939844,15.011103,15.082382,15.007326,14.866427,16.408241,15.844513,15.374043,15.170077,15.012262,15.130598,0.0,4.0,0.0,0.0,0.0,0.0,0.0,0.0
8999,2023.0,3.0,4.0,11.0,15.003143,14.745979,15.104313,14.900068,14.958715,14.641403,15.005932,14.960932,15.011466,15.08734,15.00816,14.900476,16.097193,15.480667,15.332696,15.128809,15.01257,15.137402,0.0,0.0,0.0,0.0,0.0,0.0,0.0,0.0
9000,2023.0,3.0,4.0,12.0,15.010591,14.82197,15.407207,15.6266165,15.023166,14.826556,15.610022,16.12741,15.011038,15.090935,15.008186,14.926609,16.00878,15.3961,15.294179,15.0918865,15.012534,15.143091,4.0,0.0,4.0,0.0,0.0,0.0,0.0,0.0
9001,2023.0,3.0,4.0,12.0,20.122463,23.785957,19.590958,22.759369,19.483717,22.605743,19.848206,23.268587,15.011634,15.095897,15.008684,14.947596,20.388765,22.966875,21.398113,25.564594,15.013038,15.148346,0.0,0.0,0.0,0.0,0.0,0.0,4.0,0.0
9002,2023.0,3.0,4.0,12.0,21.096346,24.916193,17.600414,18.327839,21.18226,25.077227,20.467464,23.82879,15.010813,15.095451,15.00758,14.956422,21.79339,25.172903,21.023125,24.400202,15.0118885,15.1447525,4.0,4.0,0.0,0.0,0.0,4.0,0.0,0.0
9003,2023.0,3.0,4.0,12.0,21.052114,24.386616,19.90252,22.869205,21.070877,24.371717,20.924664,24.23602,15.01061,15.0927105,15.008109,14.964496,21.076302,23.42404,21.121408,24.127363,15.011662,15.138797,0.0,4.0,0.0,0.0,0.0,4.0,0.0,0.0
9004,2023.0,3.0,4.0,12.0,21.123543,24.146238,17.113619,17.07577,21.10911,24.079014,21.142439,24.30986,15.009865,15.087215,15.0070305,14.9665575,21.366457,23.667353,22.003996,25.301622,15.011104,15.134389,0.0,4.0,0.0,0.0,0.0,0.0,0.0,0.0
9005,2023.0,3.0,4.0,12.0,21.115774,23.913145,15.751999,15.538195,21.122282,23.869709,21.073397,23.92605,15.009837,15.083642,15.007663,14.972387,21.727135,24.077581,20.95134,23.155361,15.010983,15.130569,0.0,0.0,4.0,0.0,0.0,0.0,0.0,0.0
9006,2023.0,3.0,4.0,13.0,21.111956,23.732878,15.511525,15.313292,21.092392,23.605202,21.10398,23.847057,15.009634,15.080954,15.007798,14.978665,21.96525,24.28219,21.09715,23.332607,15.010467,15.126863,0.0,4.0,0.0,0.0,0.0,0.0,0.0,0.0
9007,2023.0,3.0,4.0,13.0,21.109777,23.599401,15.297637,15.10178,21.11788,23.53935,21.120348,23.710516,15.009643,15.080041,15.007935,14.985677,21.81092,23.818064,22.449188,25.504322,15.010405,15.124997,0.0,0.0,0.0,0.0,0.0,0.0,0.0,0.0
9008,2023.0,3.0,4.0,13.0,21.085135,23.496738,15.117481,14.922612,21.086182,23.350798,21.115026,23.575525,15.009565,15.079995,15.008191,14.993309,20.94536,22.196695,22.377537,25.097754,15.010594,15.124656,0.0,4.0,0.0,0.0,0.0,0.0,0.0,0.0
9009,2023.0,3.0,4.0,13.0,21.086493,23.452747,14.999576,14.842211,21.113453,23.344227,21.089731,23.477678,15.009524,15.080946,15.008398,15.001089,21.073597,22.47524,20.891224,22.378368,15.010192,15.124287,0.0,0.0,0.0,0.0,0.0,0.0,0.0,0.0
9010,2023.0,3.0,4.0,13.0,21.083555,23.40713,15.011761,14.960885,21.079784,23.19237,21.090164,23.435484,15.009481,15.082616,15.008653,15.00906,21.058432,22.449778,21.11267,22.872927,15.009992,15.125016,0.0,4.0,0.0,0.0,0.0,0.0,0.0,0.0
9011,2023.0,3.0,4.0,13.0,21.128798,23.428755,15.014608,15.043375,21.17067,23.312864,21.18339,23.573475,15.018736,15.103431,15.015999,15.032277,21.1207,22.567003,21.145842,22.958967,15.020253,15.147087,0.0,4.0,0.0,0.0,0.0,0.0,0.0,0.0
9012,2023.0,3.0,4.0,14.0,21.205126,23.52365,15.017148,15.098811,21.20374,23.33406,21.178278,23.498714,15.01839,15.102351,15.016409,15.038009,21.118528,22.535963,21.145298,22.946304,15.020644,15.146547,0.0,0.0,0.0,0.0,0.0,0.0,0.0,0.0
9013,2023.0,3.0,4.0,14.0,19.182705,19.540487,15.010725,15.124427,18.72378,18.531923,19.390268,20.009075,15.509328,16.016586,15.008121,15.031193,19.553041,19.514435,19.209755,19.219208,15.008921,15.129448,0.0,0.0,4.0,4.0,0.0,0.0,0.0,0.0
9014,2023.0,3.0,4.0,14.0,17.566149,17.218412,15.0123625,15.161354,17.264814,16.659658,18.483335,18.96283,20.28895,23.994806,15.010085,15.044598,19.486134,19.907265,18.15274,17.921751,15.011216,15.140269,0.0,0.0,4.0,0.0,0.0,4.0,0.0,0.0
9015,2023.0,3.0,4.0,14.0,16.91191,16.472094,15.1859,15.496509,17.074068,16.77078,17.816364,17.922825,16.93179,16.982347,15.010228,15.054743,18.810259,18.64947,17.728039,17.478203,15.011487,15.148739,4.0,0.0,4.0,0.0,0.0,0.0,0.0,0.0
9016,2023.0,3.0,4.0,14.0,16.57673,16.150745,19.732563,23.251818,17.613867,17.989763,17.398727,17.45798,15.215756,14.758082,15.010925,15.065353,17.978556,17.373194,17.430403,17.185595,15.011964,15.158578,0.0,4.0,4.0,0.0,0.0,0.0,0.0,0.0
9017,2023.0,3.0,4.0,14.0,16.6367,16.54672,17.310732,17.926205,17.74984,18.236597,16.524704,16.035868,15.102038,14.862114,15.009938,15.069223,17.58412,16.938839,17.187305,16.950575,15.01234,15.168501,0.0,4.0,0.0,0.0,0.0,0.0,0.0,0.0
9018,2023.0,3.0,4.0,15.0,16.577194,16.550377,15.532413,15.48787,16.642906,16.208145,15.994626,15.414857,15.049129,14.850489,15.010757,15.076938,17.68287,17.362986,16.980377,16.751497,15.012575,15.178332,0.0,0.0,0.0,0.0,0.0,0.0,0.0,0.0
9019,2023.0,3.0,4.0,15.0,16.420403,16.396753,15.128502,14.972122,16.71994,16.746866,15.715363,15.131015,15.005066,14.874264,15.011324,15.085991,17.667643,17.402468,16.795826,16.569508,15.013092,15.188696,0.0,4.0,0.0,0.0,0.0,0.0,0.0,0.0
9020,2023.0,3.0,4.0,15.0,16.277603,16.258568,15.002187,14.902002,16.094894,15.579638,15.8226,15.569625,15.010452,14.955895,15.134282,15.31415,17.558823,17.30464,16.639412,16.42171,15.013368,15.198651,0.0,0.0,0.0,0.0,4.0,0.0,0.0,0.0
9021,2023.0,3.0,4.0,15.0,16.924818,17.589624,15.592817,15.794854,15.679886,15.092897,16.529217,16.971685,15.634718,15.862156,19.95284,23.437756,17.449848,17.2023,16.499613,16.289394,15.591513,15.984291,0.0,0.0,4.0,0.0,4.0,0.0,0.0,0.0
9022,2023.0,3.0,4.0,15.0,17.174517,17.90296,15.358423,15.392371,15.478324,14.890993,15.845061,15.525847,15.290663,15.213322,20.018257,23.101276,17.348732,17.106096,16.372229,16.167294,15.398849,15.280504,0.0,0.0,0.0,0.0,0.0,0.0,0.0,0.0
9023,2023.0,3.0,4.0,15.0,16.193775,16.02053,15.001735,14.980244,15.623664,15.346697,15.274163,14.755849,15.007002,14.953308,17.45677,17.785404,17.255922,17.016973,16.256475,16.055817,15.002854,15.021406,0.0,0.0,0.0,0.0,0.0,0.0,0.0,0.0
9024,2023.0,3.0,4.0,16.0,15.6304035,15.284384,15.012235,15.069971,16.409466,16.860483,15.054984,14.510234,15.011737,15.024831,15.969859,15.76166,17.16937,16.932888,16.149961,15.951995,15.015813,15.107245,0.0,4.0,0.0,0.0,0.0,0.0,0.0,0.0
9025,2023.0,3.0,4.0,16.0,15.43569,15.079447,15.011768,15.119571,15.710549,15.354555,15.97703,16.400326,15.012085,15.06761,15.597714,15.350379,17.093039,16.861708,16.056652,15.864262,15.014175,15.148508,0.0,0.0,4.0,0.0,0.0,0.0,0.0,0.0
9026,2023.0,3.0,4.0,16.0,15.303392,14.949522,15.012523,15.160033,15.185455,14.647289,15.709481,15.676521,15.012308,15.099106,15.375728,15.129249,17.871735,18.407255,15.969788,15.781216,15.014728,15.181676,0.0,0.0,0.0,0.0,0.0,4.0,0.0,0.0
9027,2023.0,3.0,4.0,16.0,15.488499,15.435192,15.183538,15.494963,15.72312,15.790921,15.021214,14.619693,15.012539,15.1227255,15.2042055,14.968555,17.772547,17.955902,17.017029,17.833578,15.014977,15.206058,4.0,4.0,0.0,0.0,0.0,4.0,4.0,0.0
9028,2023.0,3.0,4.0,16.0,16.336525,17.03345,19.521765,22.854301,15.957711,16.108906,15.500482,15.603116,15.013089,15.141797,15.056003,14.825819,16.936605,16.438694,16.114056,15.765601,15.015089,15.224425,0.0,4.0,4.0,0.0,0.0,0.0,0.0,0.0
9029,2023.0,3.0,4.0,16.0,16.323582,16.745142,17.535831,18.366451,15.973118,16.130442,15.019147,14.7079,15.012691,15.1532545,15.005503,14.843711,16.564743,15.995081,15.565099,15.107565,15.015765,15.242688,4.0,4.0,0.0,0.0,0.0,0.0,0.0,0.0
9030,2023.0,3.0,4.0,17.0,16.220526,16.60698,20.244234,23.673733,15.969247,16.12934,15.723095,15.072183,15.013326,15.163755,15.010458,14.92326,17.246962,17.399864,15.405332,14.941304,15.015814,15.255529,4.0,4.0,0.0,0.0,0.0,4.0,0.0,0.0
9031,2023.0,3.0,4.0,17.0,15.52635,15.315667,20.047567,22.8678,15.956729,16.11638,15.721998,15.799884,15.0133505,15.170849,15.009682,14.972983,16.732355,16.236963,15.2950325,14.832775,15.016094,15.2672415,4.0,4.0,0.0,0.0,0.0,0.0,0.0,0.0
9032,2023.0,3.0,4.0,17.0,15.915075,16.269878,20.108524,22.701275,15.939393,16.098146,15.904208,16.4026,15.013744,15.178956,15.203645,15.367353,16.380873,15.816606,15.451562,15.243461,15.016713,15.278292,4.0,4.0,4.0,0.0,4.0,0.0,0.0,0.0
9033,2023.0,3.0,4.0,17.0,16.100828,16.487144,20.114443,22.524014,15.920006,16.078135,15.528344,15.513587,15.013767,15.185514,19.901802,23.023563,16.265663,15.69958,15.496548,15.321466,15.016493,15.286339,0.0,4.0,0.0,0.0,0.0,0.0,0.0,0.0
9034,2023.0,3.0,4.0,17.0,15.42597,15.217995,17.835548,17.981777,15.899074,16.056263,14.9913645,14.722967,15.013946,15.192347,17.510117,18.021854,16.473618,16.208439,15.455449,15.280664,15.017048,15.295803,4.0,4.0,0.0,0.0,0.0,0.0,0.0,0.0
9035,2023.0,3.0,4.0,17.0,15.797634,16.133934,20.195955,22.828375,15.877246,16.033386,15.654886,15.023094,15.014714,15.201808,15.738734,15.565821,16.545528,16.323156,15.4032545,15.228075,15.017372,15.305204,0.0,4.0,0.0,0.0,0.0,0.0,0.0,0.0
9036,2023.0,3.0,4.0,18.0,16.003881,16.390808,17.913378,18.107132,15.854931,16.010078,15.761034,16.255148,15.015297,15.2123,15.367243,15.152615,16.512907,16.293636,15.350582,15.174855,15.017842,15.314768,4.0,4.0,4.0,0.0,0.0,0.0,0.0,0.0
9037,2023.0,3.0,4.0,18.0,20.672953,24.415073,20.18461,22.823257,20.791828,24.62756,19.72619,22.933828,15.016058,15.221107,15.166068,14.943818,20.552008,23.196129,21.009745,24.792065,15.018403,15.32269,0.0,4.0,0.0,0.0,0.0,0.0,0.0,0.0
9038,2023.0,3.0,4.0,18.0,20.896484,24.30072,17.602741,17.529013,21.065332,24.503204,20.625547,24.016975,15.398771,15.919623,15.003077,14.797285,21.114563,23.95801,21.059097,24.469582,15.017661,15.322279,0.0,4.0,0.0,4.0,0.0,0.0,0.0,0.0
9039,2023.0,3.0,4.0,18.0,21.127237,24.29323,16.78773,16.964184,21.108307,24.1532,21.16451,24.514032,20.194347,24.130209,15.013726,14.911295,21.710512,24.648745,22.332525,26.272705,15.017509,15.318391,4.0,4.0,4.0,0.0,0.0,0.0,0.0,0.0
9040,2023.0,3.0,4.0,18.0,21.115747,24.002638,20.273232,23.236076,21.099117,23.842567,21.098934,24.05076,17.240028,17.66378,15.228171,15.377035,22.085915,24.993258,22.478018,26.000265,15.53401,16.257345,4.0,4.0,4.0,4.0,4.0,0.0,0.0,4.0
9041,2023.0,3.0,4.0,18.0,22.003494,25.30661,20.053465,22.452759,22.021751,25.22733,21.682653,24.796677,20.40017,23.821487,20.023634,23.33967,21.918728,24.39507,21.910223,24.619383,19.549013,23.116375,4.0,4.0,4.0,4.0,0.0,0.0,0.0,0.0
9042,2023.0,3.0,4.0,19.0,21.799164,24.699673,20.097616,22.31926,21.366728,23.92504,21.18668,23.774494,20.031824,22.74731,17.58163,18.22887,21.536158,23.515257,22.017683,24.533064,16.939768,17.442034,4.0,4.0,0.0,4.0,4.0,4.0,0.0,4.0
9043,2023.0,3.0,4.0,19.0,20.98491,23.101904,20.090345,22.154377,21.105015,23.306957,21.103516,23.476772,20.974382,23.951893,20.20273,23.35302,21.072315,22.685978,20.892807,22.540245,20.90856,24.85085,4.0,4.0,4.0,4.0,0.0,0.0,0.0,4.0
9044,2023.0,3.0,4.0,19.0,22.382565,25.43527,20.105947,22.091707,21.085276,23.202335,21.11576,23.435677,19.914522,21.878153,17.250515,17.136915,21.941833,24.099953,22.157387,24.903671,19.952225,22.696262,0.0,4.0,0.0,4.0,0.0,4.0,0.0,0.0
9045,2023.0,3.0,4.0,19.0,20.903418,22.702087,17.760008,17.518677,21.087614,23.151423,21.087685,23.287888,20.103184,22.147608,15.513587,14.900615,20.950565,22.195621,20.918716,22.49675,17.011515,16.803205,0.0,4.0,4.0,4.0,0.0,4.0,0.0,0.0
9046,2023.0,3.0,4.0,19.0,21.133331,23.19485,17.175821,17.293901,21.08607,23.099813,21.1156,23.30612,20.10406,22.088797,15.426684,15.121243,21.13607,22.584599,22.440123,25.162243,16.549591,16.889524,4.0,4.0,0.0,0.0,0.0,0.0,4.0,4.0
9047,2023.0,3.0,4.0,19.0,21.152514,23.208494,20.259317,22.895586,21.163778,23.231264,21.154165,23.314026,17.641994,17.291937,15.795556,15.930666,21.125196,22.546625,21.08756,22.630302,20.498274,23.630642,4.0,0.0,4.0,0.0,4.0,0.0,4.0,4.0
9048,2023.0,3.0,4.0,20.0,22.056223,24.68178,20.071169,22.252932,22.278454,25.059603,22.08247,24.723494,17.054543,17.085861,20.451826,23.723007,21.997635,24.024212,22.541866,25.14051,21.215553,24.48582,0.0,0.0,4.0,4.0,4.0,0.0,0.0,4.0
9049,2023.0,3.0,4.0,20.0,20.92123,22.601044,17.908243,17.91103,20.926609,22.522905,21.07715,23.024706,21.6185,24.893063,20.037077,22.658792,20.95657,22.104307,20.88273,22.130949,20.86379,23.476868,4.0,4.0,4.0,4.0,4.0,0.0,0.0,4.0
9050,2023.0,3.0,4.0,20.0,21.180983,23.12753,20.254517,22.682537,21.103067,22.890368,21.110964,23.093884,21.36258,24.272415,20.12235,22.510006,21.145424,22.527748,21.080957,22.56604,21.764832,25.070076,4.0,4.0,0.0,4.0,0.0,0.0,4.0,0.0
9051,2023.0,3.0,4.0,20.0,21.098215,22.989826,20.045835,22.042385,21.077244,22.84412,21.103365,23.054203,19.902674,21.483992,17.451878,17.147144,21.029562,22.300488,21.09428,22.665459,18.293755,18.090395,4.0,4.0,0.0,4.0,0.0,4.0,0.0,0.0
9052,2023.0,3.0,4.0,20.0,21.068577,22.906584,20.090494,21.988777,21.104307,22.912899,21.078518,22.961683,20.102644,21.841606,16.359188,16.076736,21.057447,22.334705,21.089241,22.671635,16.509176,15.909176,4.0,0.0,4.0,4.0,0.0,4.0,0.0,0.0
9053,2023.0,3.0,4.0,20.0,21.097952,22.9792,20.10141,21.93007,21.098093,22.88556,21.083754,22.957438,20.09755,21.819439,16.111156,15.842701,21.082043,22.385326,21.089653,22.676,15.980462,15.3943,0.0,0.0,4.0,0.0,0.0,0.0,0.0,0.0
9054,2023.0,3.0,4.0,21.0,21.093554,22.956732,18.169569,18.1428,21.073618,22.8007,21.082977,22.943895,18.382864,18.46079,16.261404,16.350443,21.048891,22.27735,21.06921,22.67229,15.945902,15.695524,4.0,4.0,4.0,4.0,4.0,4.0,0.0,0.0
9055,2023.0,3.0,4.0,21.0,21.31075,23.356625,20.319872,22.562922,21.309196,23.260714,21.28945,23.344368,21.358974,24.28565,20.470938,23.465183,21.27146,22.709053,21.40612,23.365833,16.848297,17.559616,4.0,4.0,4.0,0.0,4.0,4.0,0.0,4.0
9056,2023.0,3.0,4.0,21.0,21.071507,22.86133,20.047304,21.853403,21.10097,22.845722,21.10565,22.97401,18.168402,17.849031,20.053251,22.451061,21.081915,22.329233,21.070316,22.695385,20.831203,24.288712,4.0,0.0,0.0,0.0,0.0,0.0,0.0,0.0
9057,2023.0,3.0,4.0,21.0,21.07183,22.855446,20.086868,21.827858,21.096174,22.820068,21.100111,22.940908,17.351833,17.358871,17.397482,17.085438,21.077042,22.299793,21.027937,22.590378,18.09067,18.440832,4.0,0.0,0.0,4.0,0.0,0.0,4.0,4.0
9058,2023.0,3.0,4.0,21.0,21.071602,22.847754,20.098549,21.795591,21.096079,22.802343,21.076084,22.851934,20.42853,22.70477,16.310507,16.005573,21.076946,22.280283,21.098846,22.73101,20.451452,23.17615,0.0,0.0,4.0,4.0,0.0,0.0,0.0,0.0
9059,2023.0,3.0,4.0,21.0,21.097094,22.907494,17.931147,17.596994,21.070723,22.784367,21.080072,22.845253,20.057814,21.932505,16.108145,15.840496,21.054907,22.26165,21.087296,22.67814,17.443846,17.180765,0.0,0.0,4.0,0.0,0.0,0.0,0.0,0.0
9060,2023.0,3.0,4.0,22.0,21.091604,22.877415,17.008028,16.688635,21.073816,22.806934,21.103895,22.899761,17.705408,17.299944,15.880378,15.622973,21.057312,22.279396,21.087967,22.652945,15.992241,15.423031,0.0,0.0,0.0,0.0,0.0,0.0,0.0,0.0
9061,2023.0,3.0,4.0,22.0,21.090292,22.857904,17.23661,17.377844,21.072699,22.812922,21.072222,22.80239,17.084549,16.986706,15.673051,15.416896,21.056532,22.284248,21.066128,22.62767,15.916338,15.687331,4.0,0.0,4.0,4.0,0.0,0.0,0.0,0.0
9062,2023.0,3.0,4.0,22.0,21.163195,23.034399,20.247381,22.796574,21.164038,22.99815,21.1672,23.000967,20.395563,22.805267,15.831821,15.876213,21.164722,22.48469,21.190382,22.88349,16.594984,17.106953,4.0,0.0,0.0,4.0,4.0,4.0,0.0,4.0
9063,2023.0,3.0,4.0,22.0,22.131834,24.60037,20.066584,22.141268,22.127544,24.535362,22.023075,24.313053,21.045815,23.6342,20.453218,23.632828,21.916489,23.656746,21.882376,24.076933,20.764593,24.049192,0.0,0.0,0.0,0.0,4.0,4.0,0.0,0.0
9064,2023.0,3.0,4.0,22.0,21.028482,22.707552,17.684494,17.383818,21.027077,22.636845,20.922901,22.33937,18.259447,17.966011,20.017868,22.580477,21.02095,22.068127,20.92565,22.193579,17.383108,17.17174,0.0,0.0,0.0,0.0,0.0,4.0,4.0,0.0
9065,2023.0,3.0,4.0,22.0,21.073797,22.824228,16.715857,16.403862,21.076927,22.75457,21.095715,22.764727,17.018696,16.747171,17.75232,17.938644,21.081945,22.20799,21.114267,22.602102,15.796893,15.247726,0.0,0.0,0.0,0.0,0.0,0.0,0.0,0.0
9066,2023.0,3.0,4.0,23.0,21.067019,22.82759,16.500147,16.208696,21.068838,22.748163,21.069595,22.759077,16.740591,16.480843,16.750486,16.783627,21.040545,22.096567,21.078808,22.529747,15.760777,15.552734,0.0,0.0,0.0,0.0,4.0,4.0,0.0,0.0
9067,2023.0,3.0,4.0,23.0,19.381908,19.604103,16.297522,16.024923,19.351664,19.45852,19.311861,19.419353,16.500809,16.267998,16.295073,16.099367,19.246105,18.679716,18.992615,18.519405,15.659244,15.468105,0.0,0.0,0.0,0.0,0.0,0.0,0.0,0.0
9068,2023.0,3.0,4.0,23.0,19.304422,19.852165,16.135883,15.855394,18.454643,18.163593,18.399172,18.124075,16.314615,16.07998,16.31377,16.340738,18.53081,17.746252,18.530174,18.21287,15.52684,15.338595,0.0,0.0,0.0,0.0,4.0,0.0,0.0,0.0
9069,2023.0,3.0,4.0,23.0,18.508228,18.496128,15.994914,15.720417,18.776379,19.074825,18.014048,17.729265,16.766346,17.084951,15.96896,15.762685,18.23914,17.472664,18.285501,18.011538,16.116293,16.559729,0.0,4.0,0.0,4.0,0.0,0.0,0.0,4.0
9070,2023.0,3.0,4.0,23.0,17.636827,17.097832,15.867089,15.59531,18.767054,19.152842,17.719381,17.437416,16.853073,17.179102,15.71526,15.469285,18.395853,18.04173,18.030993,17.768368,15.540028,15.362919,0.0,4.0,0.0,4.0,0.0,0.0,0.0,0.0
9071,2023.0,3.0,4.0,23.0,17.240696,16.655445,15.751508,15.484302,17.551834,16.935148,17.47518,17.200472,16.474062,16.461016,15.860132,15.882406,19.129305,19.540878,17.810015,17.558113,14.986974,14.57191,0.0,0.0,0.0,4.0,4.0,4.0,0.0,0.0
9072,2023.0,3.0,5.0,0.0,17.344965,17.171051,15.629218,15.366769,16.847336,16.071072,17.226261,16.959772,16.247967,16.206781,15.598588,15.402438,18.167534,17.548666,17.582525,17.340878,15.470845,15.612957,0.0,0.0,0.0,4.0,0.0,0.0,0.0,4.0
9073,2023.0,3.0,5.0,0.0,17.30165,17.200813,15.531651,15.267677,16.586016,15.796209,17.039217,16.769659,15.609319,15.085967,15.668871,15.67786,17.710476,16.980366,17.406822,17.165985,14.937466,14.660364,0.0,0.0,0.0,0.0,4.0,0.0,0.0,0.0
9074,2023.0,3.0,5.0,0.0,17.146374,17.051067,15.428017,15.165799,16.788301,16.44568,16.843645,16.577328,15.200341,14.610016,15.390471,15.164205,17.486603,16.76469,17.221619,16.979895,15.037437,14.90499,0.0,0.0,0.0,0.0,0.0,0.0,0.0,0.0
9075,2023.0,3.0,5.0,0.0,16.998943,16.90901,15.332971,15.073595,16.76882,16.479156,16.670338,16.408953,14.988575,14.414239,15.16678,14.922286,17.708889,17.403023,17.05469,16.814396,15.016142,14.908284,0.0,0.0,0.0,0.0,0.0,0.0,0.0,0.0
9076,2023.0,3.0,5.0,0.0,16.861576,16.773228,15.243609,14.984942,16.644066,16.361584,16.513283,16.253252,15.196972,14.966646,15.027596,14.778764,17.70563,17.420446,16.903517,16.662445,15.008998,14.948954,0.0,0.0,0.0,0.0,0.0,0.0,0.0,0.0
9077,2023.0,3.0,5.0,0.0,16.737114,16.649866,15.1600065,14.900766,16.51809,16.236692,16.371658,16.1116,15.195917,14.970031,15.006772,14.843123,17.611494,17.325903,16.767914,16.525993,15.013116,15.002522,0.0,0.0,0.0,0.0,0.0,0.0,0.0,0.0
9078,2023.0,3.0,5.0,1.0,16.627192,16.544016,15.085948,14.829674,16.40602,16.129715,16.24875,15.993648,15.122496,14.896811,15.01098,14.904251,17.518967,17.233803,16.647186,16.40637,15.016815,15.038238,0.0,0.0,0.0,0.0,0.0,0.0,0.0,0.0
9079,2023.0,3.0,5.0,1.0,16.532797,16.45924,15.021971,14.773202,16.309671,16.044462,16.144426,15.900834,15.637293,15.93185,15.009681,14.935656,17.436434,17.154922,16.541107,16.304943,15.009449,15.046515,0.0,0.0,0.0,4.0,0.0,0.0,0.0,0.0
9080,2023.0,3.0,5.0,1.0,16.439957,16.36817,15.003021,14.795943,16.213564,15.95134,16.041105,15.799983,15.2800865,15.089014,15.01141,14.970886,17.355654,17.073116,16.439667,16.203571,15.493292,15.972975,0.0,0.0,0.0,0.0,0.0,0.0,0.0,4.0
9081,2023.0,3.0,5.0,1.0,16.353733,16.28367,15.005306,14.842631,16.12413,15.864551,15.946246,15.707191,15.637388,15.945558,15.011699,14.9965315,17.280678,16.997484,16.345652,16.109201,14.949374,14.900482,0.0,0.0,0.0,4.0,0.0,0.0,0.0,0.0
9082,2023.0,3.0,5.0,1.0,16.273075,16.203558,15.005798,14.878134,16.041327,15.784892,15.859198,15.622902,14.93304,14.600224,15.01216,15.017649,17.211237,16.927958,16.258892,16.022844,15.03823,15.099642,0.0,0.0,0.0,0.0,0.0,0.0,0.0,0.0
9083,2023.0,3.0,5.0,1.0,16.191448,16.118612,15.006656,14.908992,15.959273,15.7014475,15.773408,15.535158,15.0461445,14.86984,15.012755,15.035499,17.143158,16.857016,16.174593,15.935621,15.020846,15.073984,0.0,0.0,0.0,0.0,0.0,0.0,0.0,0.0
9084,2023.0,3.0,5.0,2.0,16.12097,16.049578,15.011521,14.9459305,15.88252,15.624076,15.693599,15.454311,15.031207,14.867316,15.023428,15.071761,17.080074,16.7924,16.096792,15.856498,15.0218525,15.108443,0.0,0.0,0.0,0.0,0.0,0.0,0.0,0.0
9085,2023.0,3.0,5.0,2.0,16.051208,15.978498,15.013083,14.969547,15.812829,15.556989,15.62146,15.3843975,15.007091,14.876506,15.017756,15.054613,17.021778,16.734211,16.024843,15.784958,15.02262,15.129202,0.0,0.0,0.0,0.0,4.0,0.0,0.0,0.0
9086,2023.0,3.0,5.0,2.0,16.000551,15.943294,15.014897,14.9922695,15.746614,15.493108,15.553247,15.318122,15.011561,14.927328,15.000095,15.039067,16.96617,16.678679,15.95665,15.717125,15.024251,15.149156,0.0,0.0,0.0,0.0,4.0,0.0,0.0,0.0
9087,2023.0,3.0,5.0,2.0,15.95079,15.902346,15.007624,14.995111,15.689177,15.443632,15.494326,15.266858,15.008083,14.944658,15.002545,15.060583,16.916004,16.631855,16.937513,17.619959,15.404914,15.865015,0.0,0.0,0.0,0.0,4.0,0.0,4.0,4.0
9088,2023.0,3.0,5.0,2.0,15.89269,15.843597,15.009085,15.014953,15.629337,15.385261,15.432657,15.206415,15.00962,14.971916,15.035223,15.11216,16.864254,16.580154,16.026854,15.540126,14.974876,15.033664,0.0,0.0,0.0,0.0,0.0,0.0,0.0,0.0
9089,2023.0,3.0,5.0,2.0,15.828307,15.772041,15.01806,15.049454,15.565645,15.317101,15.3674135,15.136383,15.017203,15.009481,15.059683,15.141497,16.810709,16.523306,15.49301,14.914756,15.051268,15.211548,0.0,0.0,0.0,0.0,0.0,0.0,0.0,0.0
9090,2023.0,3.0,5.0,3.0,15.769273,15.709091,15.018858,15.062759,15.509116,15.261999,15.310089,15.0800705,15.017635,15.023654,15.026174,15.092807,16.76181,16.474396,15.350098,14.778834,15.049528,15.178265,0.0,0.0,0.0,0.0,0.0,0.0,0.0,0.0
9091,2023.0,3.0,5.0,3.0,15.716685,15.658333,15.009198,15.057612,15.456483,15.213385,15.257158,15.030604,15.009599,15.023,15.014427,15.096294,16.714857,16.42832,15.57695,15.3479805,15.009201,15.137294,0.0,0.0,0.0,0.0,0.0,0.0,0.0,0.0
9092,2023.0,3.0,5.0,3.0,15.660454,15.598291,15.0209675,15.095527,15.398805,15.153172,15.199378,14.969848,15.021399,15.062167,15.029776,15.14439,16.665756,16.377188,15.598041,15.358654,15.028447,15.199808,0.0,0.0,0.0,0.0,0.0,0.0,0.0,0.0
9093,2023.0,3.0,5.0,3.0,15.611836,15.552106,15.021512,15.105689,15.34542,15.1002865,15.146066,14.916588,15.021733,15.070295,15.03053,15.153147,16.619164,16.33002,15.549538,15.30978,15.029963,15.215662,0.0,0.0,0.0,0.0,0.0,0.0,0.0,0.0
9094,2023.0,3.0,5.0,3.0,15.56052,15.49826,15.02247,15.119074,15.293218,15.048436,15.094019,14.864476,15.023029,15.083994,15.031346,15.165265,16.573439,16.283728,15.498257,15.25821,15.031523,15.233007,0.0,0.0,0.0,0.0,0.0,0.0,0.0,0.0
9095,2023.0,3.0,5.0,3.0,15.514082,15.454098,15.022575,15.129678,15.242025,14.997469,15.043078,14.813366,15.023296,15.094,15.0328455,15.177268,16.52856,16.238285,15.447035,15.206713,15.033078,15.247809,0.0,0.0,0.0,0.0,0.0,0.0,0.0,0.0
9096,2023.0,3.0,5.0,4.0,15.464554,15.401635,15.023586,15.141669,15.191724,14.947282,15.000161,14.77685,15.025187,15.107495,15.033675,15.186912,16.484467,16.193634,15.396443,15.155848,15.033143,15.258362,0.0,0.0,0.0,0.0,0.0,0.0,0.0,0.0
9097,2023.0,3.0,5.0,4.0,15.417644,15.354606,15.010915,15.127705,15.141207,14.895768,15.005132,14.825533,15.3035345,15.625873,15.015083,15.161114,16.439701,16.146992,15.345478,15.103532,15.015594,15.236353,0.0,0.0,0.0,4.0,0.0,0.0,0.0,0.0
9098,2023.0,3.0,5.0,4.0,15.3722105,15.309227,15.013772,15.143237,15.089925,14.842748,15.004496,14.854021,14.965209,14.981904,15.019124,15.178098,16.394396,16.099697,15.294309,15.050985,15.018607,15.253105,0.0,0.0,0.0,0.0,0.0,0.0,0.0,0.0
9099,2023.0,3.0,5.0,4.0,15.325758,15.260835,15.013595,15.1524105,15.037574,14.787222,15.005217,14.881721,15.023468,15.117448,15.0027895,15.140609,16.347967,16.05039,15.242399,14.996987,15.33417,15.835337,0.0,0.0,0.0,0.0,4.0,0.0,0.0,4.0
9100,2023.0,3.0,5.0,4.0,15.290912,15.23444,15.014396,15.162588,14.9992695,14.760327,15.006125,14.906397,15.013926,15.114693,15.023337,15.205572,16.300406,15.999088,15.188158,14.9383745,14.967878,15.140898,0.0,0.0,0.0,0.0,0.0,0.0,0.0,0.0
9101,2023.0,3.0,5.0,4.0,15.240768,15.175903,15.028286,15.198478,15.00393,14.807416,15.011373,14.939321,15.02998,15.159515,15.038529,15.244165,16.25287,15.948601,15.135432,14.883907,15.065126,15.336525,0.0,0.0,0.0,0.0,0.0,0.0,0.0,0.0
9102,2023.0,3.0,5.0,5.0,15.185955,15.110026,15.012693,15.173929,15.00453,14.833307,15.006672,14.946901,15.257813,15.572284,15.016605,15.206326,16.206184,15.899464,15.08318,14.829232,15.02507,15.239736,0.0,0.0,0.0,4.0,0.0,0.0,0.0,0.0
9103,2023.0,3.0,5.0,5.0,15.142003,15.067686,15.016295,15.189328,15.005784,14.861068,15.008181,14.968239,14.987236,15.043962,15.021657,15.223902,16.160286,15.852865,15.031459,14.776809,15.020249,15.258349,0.0,0.0,0.0,0.0,0.0,0.0,0.0,0.0
9104,2023.0,3.0,5.0,5.0,15.104666,15.033756,15.031023,15.227443,15.00949,14.894126,15.015457,15.001912,15.060387,15.19123,15.041249,15.270881,16.11693,15.810254,15.000498,14.763267,15.037789,15.316012,0.0,0.0,0.0,0.0,0.0,0.0,0.0,0.0
9105,2023.0,3.0,5.0,5.0,15.057372,14.980603,15.013098,15.1982,15.0057125,14.905537,15.007546,15.000838,15.2777605,15.589514,15.017328,15.228732,16.074232,15.767926,15.005804,14.806218,15.017794,15.289155,0.0,0.0,0.0,4.0,0.0,0.0,0.0,0.0
9106,2023.0,3.0,5.0,5.0,15.020339,14.949633,15.017439,15.215028,15.007596,14.929204,15.009964,15.021766,14.985691,15.035373,15.022635,15.246749,16.030424,15.723428,15.004956,14.830346,15.02142,15.310532,0.0,0.0,0.0,0.0,0.0,0.0,0.0,0.0
9107,2023.0,3.0,5.0,5.0,15.002112,14.95173,15.032675,15.254122,15.014105,14.963043,15.018758,15.056496,15.0136795,15.078877,15.016345,15.224409,15.988907,15.6827965,15.007538,14.861334,15.041975,15.364713,0.0,0.0,0.0,4.0,4.0,0.0,0.0,0.0
9108,2023.0,3.0,5.0,6.0,15.004708,14.98601,15.033167,15.256873,15.01503,14.980397,15.02019,15.07116,15.060714,15.20533,15.043658,15.30936,15.947849,15.641953,15.009584,14.883316,15.042531,15.368187,0.0,0.0,0.0,0.0,0.0,0.0,0.0,0.0
9109,2023.0,3.0,5.0,6.0,20.113453,23.894604,15.015351,15.2321205,20.069355,23.773727,19.880249,23.448595,15.028684,15.13743,15.019305,15.261788,19.934769,22.40823,21.391224,25.653372,15.239263,15.71737,0.0,0.0,0.0,0.0,0.0,0.0,4.0,4.0
9110,2023.0,3.0,5.0,6.0,21.007946,24.877766,15.01794,15.24591,21.10228,24.966925,21.018982,24.91169,15.01655,15.148684,15.007189,15.229442,20.849129,23.815876,20.83902,24.222218,20.121342,24.154156,0.0,4.0,0.0,0.0,4.0,0.0,0.0,0.0
9111,2023.0,3.0,5.0,6.0,21.119688,24.589237,15.018065,15.2538185,21.109493,24.497543,21.126001,24.605095,15.018148,15.171285,19.9043,23.63023,21.263401,24.15437,21.383965,24.739862,16.94705,17.260468,0.0,0.0,0.0,0.0,4.0,0.0,0.0,4.0
9112,2023.0,3.0,5.0,6.0,21.099155,24.219223,15.031585,15.258782,21.134007,24.15105,21.104372,24.225166,15.187877,15.477183,20.040792,23.321234,21.515533,24.254833,21.786085,25.068836,20.087069,23.508692,4.0,0.0,0.0,4.0,0.0,0.0,0.0,0.0
9113,2023.0,3.0,5.0,6.0,21.09952,23.992083,19.593649,23.093967,21.103981,23.799736,21.1041,23.988989,20.327694,24.36256,17.205717,17.455986,21.814428,24.418047,22.33904,25.629253,16.71733,16.487339,0.0,4.0,0.0,4.0,0.0,4.0,4.0,0.0
9114,2023.0,3.0,5.0,7.0,21.072222,23.75372,17.350225,18.090836,21.128428,23.673523,21.101555,23.81319,20.035765,23.175758,15.928027,15.908537,21.056911,23.008112,21.952335,24.767887,14.987649,14.447771,4.0,0.0,0.0,4.0,4.0,4.0,4.0,0.0
9115,2023.0,3.0,5.0,7.0,21.914057,24.965631,20.254896,23.736988,21.502932,24.139557,21.896704,24.977062,20.386337,23.392902,20.452492,23.659775,21.266907,23.264235,21.969898,24.466719,16.052582,16.750666,4.0,0.0,0.0,0.0,4.0,0.0,0.0,4.0
9116,2023.0,3.0,5.0,7.0,22.024902,25.025696,19.760096,22.426397,21.979586,24.75213,21.981815,24.9672,17.630827,17.71874,20.04764,22.678074,21.266571,23.154884,22.082989,24.596798,19.62813,22.731071,0.0,4.0,0.0,4.0,4.0,0.0,0.0,0.0
9117,2023.0,3.0,5.0,7.0,20.998009,23.050867,17.087376,17.02216,21.079275,23.234867,20.971817,23.0719,21.167183,24.277555,20.117157,22.51037,21.08669,22.72656,20.937527,22.477884,17.118877,17.386452,4.0,0.0,0.0,4.0,4.0,0.0,4.0,4.0
9118,2023.0,3.0,5.0,7.0,21.80761,24.342218,20.122246,23.017654,21.742722,24.189573,21.86206,24.520458,21.004972,23.922043,20.1203,22.314375,21.469675,23.343782,21.80964,23.894876,21.113796,24.752132,4.0,4.0,0.0,0.0,0.0,4.0,4.0,4.0
9119,2023.0,3.0,5.0,7.0,22.100666,24.723206,20.043432,22.518728,22.059307,24.5916,21.94058,24.50008,18.147314,18.176699,17.651072,17.404871,21.92233,23.956882,22.263733,24.802393,19.97503,22.489553,4.0,4.0,0.0,4.0,4.0,4.0,0.0,0.0
9120,2023.0,3.0,5.0,8.0,21.97682,24.350527,20.129778,22.471746,21.929958,24.19765,21.630312,23.88643,20.941277,23.615913,20.287153,22.600187,21.80241,23.584898,21.883083,24.030716,17.008148,16.599298,0.0,4.0,4.0,0.0,0.0,4.0,4.0,0.0
9121,2023.0,3.0,5.0,8.0,19.650837,19.820225,17.71247,17.65536,19.548897,19.558422,19.01173,19.08952,17.89324,17.581614,17.761307,17.600414,19.885218,19.823496,19.8713,20.007174,16.504084,16.662777,4.0,4.0,0.0,0.0,4.0,4.0,4.0,4.0
9122,2023.0,3.0,5.0,8.0,18.692127,18.598347,20.218737,22.464455,18.480911,18.139894,18.102917,17.819872,16.549173,15.754295,20.36516,22.450163,19.248959,19.06083,18.303131,17.580832,20.66251,23.722845,4.0,4.0,4.0,0.0,4.0,4.0,0.0,0.0
9123,2023.0,3.0,5.0,8.0,18.261303,18.209358,20.074968,22.072926,18.012705,17.705738,17.02569,16.208282,16.407713,16.036026,20.054264,21.866041,18.257013,17.469183,18.493391,18.610683,17.962688,18.203846,0.0,4.0,0.0,0.0,4.0,0.0,4.0,4.0
9124,2023.0,3.0,5.0,8.0,17.919483,17.891016,17.531013,17.120552,17.659592,17.37959,16.361025,15.466098,16.222427,15.921283,20.118303,21.909407,17.640661,16.79598,18.485584,18.660599,20.8369,23.835932,0.0,4.0,0.0,0.0,0.0,0.0,4.0,0.0
9125,2023.0,3.0,5.0,8.0,16.973934,16.380219,16.466143,16.07056,17.380758,17.123932,15.984728,15.098169,15.953739,15.669208,17.653442,17.117273,17.3057,16.475195,17.393927,16.809109,17.504478,17.218065,0.0,4.0,0.0,0.0,0.0,0.0,0.0,0.0
9126,2023.0,3.0,5.0,9.0,17.252352,17.220709,16.231514,15.86466,16.520954,15.694026,16.180845,15.745043,15.749175,15.466778,16.963215,16.494814,17.0795,16.259584,16.802876,16.078588,16.243103,15.527359,0.0,0.0,0.0,0.0,0.0,0.0,0.0,0.0
9127,2023.0,3.0,5.0,9.0,16.52242,15.948785,15.994852,15.635399,16.083824,15.187718,16.142967,15.799749,15.5688305,15.297262,16.7388,16.356728,17.297098,16.909708,17.54721,17.77453,16.160093,15.823453,0.0,0.0,0.0,0.0,0.0,0.0,4.0,0.0
9128,2023.0,3.0,5.0,9.0,16.125118,15.477561,15.787386,15.434081,15.830277,14.9521885,16.005716,15.676088,15.410684,15.1477,16.837372,16.807823,17.29489,16.981228,16.65146,16.027716,15.97019,15.69478,0.0,0.0,0.0,0.0,4.0,0.0,0.0,0.0
9129,2023.0,3.0,5.0,9.0,15.900649,15.2658415,15.603092,15.257081,16.774319,16.97874,15.870573,15.551059,15.268573,15.013132,20.330416,22.780596,17.189749,16.880129,16.208132,15.527144,15.742996,15.481568,0.0,4.0,0.0,0.0,0.0,0.0,0.0,0.0
9130,2023.0,3.0,5.0,9.0,16.098747,15.894328,15.412608,15.074808,16.675335,16.584694,15.726399,15.4166355,15.120866,14.868573,18.03251,18.204256,17.07273,16.767616,15.954476,15.290806,15.508837,15.260266,0.0,4.0,0.0,0.0,0.0,0.0,0.0,0.0
9131,2023.0,3.0,5.0,9.0,16.109547,15.989312,15.756497,15.837857,15.795848,15.058521,15.611545,15.305241,15.006778,14.753994,16.901438,16.546116,17.757069,18.142168,15.772236,15.118349,15.334679,15.088712,4.0,0.0,0.0,0.0,0.0,4.0,0.0,0.0
9132,2023.0,3.0,5.0,10.0,16.013357,15.904026,20.110992,23.510216,15.430449,14.618347,16.23739,16.57871,15.011163,14.846573,16.540173,16.171255,16.785326,16.145819,15.948784,15.643065,15.181181,14.944661,4.0,0.0,4.0,0.0,0.0,0.0,0.0,0.0
9133,2023.0,3.0,5.0,10.0,15.898599,15.793839,20.04581,22.838808,15.936578,15.769213,15.792791,15.619215,15.010309,14.906895,16.224998,15.865585,16.292759,15.572394,15.970819,15.721133,15.02466,14.795049,0.0,4.0,0.0,0.0,0.0,0.0,0.0,0.0
9134,2023.0,3.0,5.0,10.0,15.808442,15.721717,17.158073,16.959438,16.095171,16.011276,15.015751,14.427312,15.010523,14.951205,15.980983,15.641088,16.15858,15.445692,15.882441,15.638985,15.01093,14.889006,0.0,4.0,0.0,0.0,0.0,0.0,0.0,0.0
9135,2023.0,3.0,5.0,10.0,16.519531,17.147203,15.925713,15.605196,16.06136,15.99607,15.023,14.555698,15.01094,14.984524,15.770516,15.439907,16.433784,16.106495,15.789354,15.549459,15.01212,14.961554,0.0,4.0,0.0,0.0,0.0,0.0,0.0,0.0
9136,2023.0,3.0,5.0,10.0,16.060783,16.111845,15.678239,15.375533,15.321983,14.666655,15.081895,14.78759,15.011243,15.009294,15.592569,15.273476,16.521687,16.236237,15.706366,15.470862,15.012382,15.012993,0.0,0.0,0.0,0.0,0.0,0.0,0.0,0.0
9137,2023.0,3.0,5.0,10.0,15.312059,14.86574,15.456014,15.159586,14.998024,14.33755,15.060525,14.802605,15.01143,15.028597,15.843768,15.888515,17.323435,17.784155,15.629117,15.395597,15.012596,15.051031,0.0,0.0,0.0,0.0,4.0,4.0,0.0,0.0
9138,2023.0,3.0,5.0,11.0,15.365212,14.831072,15.7404175,15.857691,15.522293,15.42724,15.361583,15.079616,15.592171,15.836423,20.198145,23.096058,16.48477,15.902569,15.563076,15.336642,15.607075,15.900847,4.0,4.0,0.0,0.0,0.0,0.0,0.0,0.0
9139,2023.0,3.0,5.0,11.0,15.416722,15.306814,20.0569,23.448875,15.728307,15.723125,15.114851,14.899319,14.995959,14.892608,17.754519,18.066015,16.030857,15.355608,15.501827,15.278655,14.986297,14.927039,0.0,4.0,0.0,0.0,0.0,0.0,0.0,0.0
9140,2023.0,3.0,5.0,11.0,15.45638,15.407656,17.589066,18.080837,15.02007,14.532124,14.999373,14.782346,15.021609,15.001853,16.204176,15.970754,15.919931,15.242011,15.444295,15.222989,15.02157,15.054753,0.0,0.0,0.0,0.0,0.0,0.0,0.0,0.0
9141,2023.0,3.0,5.0,11.0,15.391021,15.34793,15.853052,15.660761,15.024943,14.632135,15.00738,14.861217,15.009535,15.010042,15.824934,15.514788,16.223003,15.928775,15.389896,15.170083,15.011607,15.071725,0.0,0.0,0.0,0.0,0.0,0.0,0.0,0.0
9142,2023.0,3.0,5.0,11.0,15.321471,15.281704,15.467485,15.206702,15.01481,14.676825,15.0071125,14.911422,15.011962,15.037662,15.6149435,15.301544,16.320986,16.056133,15.339386,15.120535,15.696366,16.383755,0.0,0.0,0.0,0.0,0.0,0.0,0.0,4.0
9143,2023.0,3.0,5.0,11.0,15.25338,15.214645,15.256289,14.992532,15.023207,14.775296,15.007723,14.954092,15.011665,15.05447,15.460269,15.152971,17.150599,17.640484,15.293643,15.077677,19.528519,22.832588,0.0,0.0,0.0,0.0,0.0,4.0,0.0,0.0
9144,2023.0,3.0,5.0,12.0,15.185482,15.144655,15.088335,14.82613,15.731439,16.153086,15.008082,14.988798,15.01182,15.068432,15.327312,15.023953,16.344357,15.814239,15.249365,15.034252,16.450344,16.319437,0.0,4.0,0.0,0.0,0.0,0.0,0.0,0.0
9145,2023.0,3.0,5.0,12.0,20.44217,24.352186,15.0022545,14.795389,21.019169,25.078108,20.232813,24.105095,15.012042,15.079894,15.208463,14.905597,20.016766,22.332571,21.192722,25.198904,14.978187,14.561224,0.0,4.0,0.0,0.0,0.0,0.0,0.0,0.0
9146,2023.0,3.0,5.0,12.0,21.08022,24.880522,15.335595,15.507082,20.728172,23.985723,21.048586,24.938572,15.011724,15.086875,15.108228,14.811503,20.535671,23.008898,21.104837,24.619822,15.018672,14.800377,4.0,0.0,0.0,0.0,0.0,0.0,0.0,0.0
9147,2023.0,3.0,5.0,12.0,21.395742,24.904905,20.04024,23.741222,21.417992,24.709448,21.558954,25.202152,15.011716,15.089794,15.45507,15.543672,21.520042,24.411798,22.111992,25.883781,15.009319,14.883822,0.0,4.0,4.0,0.0,4.0,0.0,0.0,0.0
9148,2023.0,3.0,5.0,12.0,21.438171,24.531193,17.343632,17.832214,21.189129,23.970686,21.45705,24.604618,15.672348,16.021103,20.343782,23.624252,21.25547,23.533058,22.417776,25.924839,15.809081,16.146957,0.0,0.0,0.0,0.0,0.0,0.0,0.0,0.0
9149,2023.0,3.0,5.0,12.0,20.948416,23.505386,15.580258,15.436047,21.062235,23.53857,20.995613,23.577515,15.700533,16.179459,17.676075,18.087349,20.987986,22.854269,22.21583,25.174475,15.110005,14.940039,0.0,4.0,4.0,4.0,0.0,4.0,0.0,0.0
9150,2023.0,3.0,5.0,13.0,21.138832,23.752373,15.222919,14.996949,21.10223,23.480614,21.140871,23.737326,20.236073,23.95809,16.034739,15.816599,21.626764,23.84386,21.978643,24.47477,15.015202,14.94747,0.0,4.0,0.0,0.0,0.0,0.0,0.0,0.0
9151,2023.0,3.0,5.0,13.0,21.109404,23.574043,15.505787,15.679818,21.09457,23.36188,21.117643,23.57384,16.893345,16.812202,15.665606,15.372349,21.911821,24.165327,22.191013,25.024559,15.009466,14.988422,4.0,4.0,0.0,0.0,0.0,0.0,0.0,0.0
9152,2023.0,3.0,5.0,13.0,21.798088,24.584997,20.185946,23.886251,21.859406,24.531271,21.823753,24.812437,15.125288,14.520111,15.468528,15.161759,21.774927,23.678429,21.881989,24.191128,15.01059,15.029101,4.0,0.0,0.0,0.0,0.0,0.0,0.0,0.0
9153,2023.0,3.0,5.0,13.0,20.948961,23.033009,20.013384,22.97425,20.960686,22.85296,21.198027,23.43009,15.150594,14.84962,15.326351,15.021724,20.959526,22.186224,21.251587,22.870388,15.0107355,15.058406,0.0,0.0,0.0,0.0,0.0,4.0,0.0,0.0
9154,2023.0,3.0,5.0,13.0,21.103338,23.347721,17.07769,16.975819,21.128004,23.165241,21.001774,23.086956,15.079899,14.829991,15.619672,15.675837,21.101254,22.480528,20.927416,22.353912,15.011378,15.081217,0.0,0.0,0.0,0.0,4.0,0.0,0.0,0.0
9155,2023.0,3.0,5.0,13.0,21.145609,23.426825,16.262259,16.415983,21.146736,23.227877,21.162632,23.422188,15.4081955,15.196638,20.311571,23.608501,21.11529,22.491617,21.197464,22.973595,15.778475,16.253235,4.0,0.0,0.0,0.0,0.0,0.0,0.0,0.0
9156,2023.0,3.0,5.0,14.0,22.008133,24.7327,20.201073,23.465117,21.687744,24.14769,21.990282,24.671518,15.057162,14.83007,17.587662,17.948795,21.840136,23.648754,22.023739,24.40828,14.975051,14.932992,0.0,0.0,0.0,0.0,0.0,0.0,0.0,0.0
9157,2023.0,3.0,5.0,14.0,19.716753,20.12935,17.716509,18.175013,19.928885,20.555658,19.645382,19.9773,15.009714,14.864716,16.000303,15.798503,20.007555,20.032034,19.821985,19.906021,15.022425,15.068418,0.0,4.0,0.0,0.0,0.0,0.0,0.0,0.0
9158,2023.0,3.0,5.0,14.0,18.050478,18.012056,16.112564,15.99529,18.197828,18.041962,17.84759,17.64943,15.644494,16.124733,16.04202,16.113169,18.860096,18.548058,18.371452,18.09597,15.010964,15.081956,0.0,0.0,0.0,4.0,4.0,0.0,0.0,0.0
9159,2023.0,3.0,5.0,14.0,17.523142,17.436989,15.668453,15.448049,17.075005,16.367975,17.268196,17.010841,20.285282,23.774937,20.272858,23.184711,18.478323,18.147032,17.866413,17.57081,15.641903,16.28991,0.0,0.0,0.0,0.0,0.0,0.0,0.0,4.0
9160,2023.0,3.0,5.0,14.0,17.926891,18.488878,15.403539,15.154114,17.155985,16.956135,16.892725,16.626669,17.056566,17.021755,17.810118,18.144638,18.989794,19.360184,18.569876,19.211618,19.921669,23.499565,0.0,4.0,0.0,0.0,0.0,4.0,4.0,0.0
9161,2023.0,3.0,5.0,14.0,17.350668,17.412304,15.2107935,14.954207,16.501535,15.825794,17.299452,17.646326,15.23168,14.669073,16.21439,15.959302,18.696754,18.697618,17.442461,16.93263,16.634705,16.552282,0.0,0.0,4.0,0.0,0.0,4.0,0.0,0.0
9162,2023.0,3.0,5.0,15.0,16.52644,16.035568,15.565074,15.724527,16.078444,15.298273,16.703413,16.548372,15.183843,14.883918,15.874695,15.561438,17.76384,17.074284,16.833391,16.165709,15.398759,14.812888,4.0,0.0,0.0,0.0,0.0,0.0,0.0,0.0
9163,2023.0,3.0,5.0,15.0,16.166107,15.625952,20.079172,23.656347,16.22771,15.845685,15.935327,15.278235,15.119138,14.8677025,15.689319,15.378559,17.36564,16.610823,17.591017,17.857128,15.345507,15.057354,4.0,0.0,0.0,0.0,0.0,0.0,4.0,0.0
9164,2023.0,3.0,5.0,15.0,16.285145,16.132936,20.011978,22.94481,16.208725,15.913813,15.506025,14.78602,15.780805,16.248615,15.918954,15.981853,17.118082,16.371159,16.882042,16.383,15.217298,14.978234,0.0,0.0,0.0,4.0,4.0,0.0,0.0,0.0
9165,2023.0,3.0,5.0,15.0,17.030695,17.617329,17.342682,17.437355,16.062347,15.780964,15.639057,15.294502,19.833334,22.869602,20.207588,23.100517,18.124401,18.504976,16.295923,15.687965,15.034221,14.80635,4.0,0.0,0.0,0.0,0.0,4.0,0.0,0.0
9166,2023.0,3.0,5.0,15.0,16.86745,17.13015,20.19727,23.151457,15.918481,15.642154,16.385036,16.760275,16.886684,16.773417,17.752872,18.071064,18.073181,18.115742,16.011425,15.395416,15.012779,14.908576,4.0,0.0,4.0,0.0,0.0,4.0,0.0,0.0
9167,2023.0,3.0,5.0,15.0,16.663717,16.87778,20.06135,22.537844,16.535896,16.91886,16.651648,17.133034,15.951475,16.01926,16.182343,15.946003,17.205973,16.602596,16.129116,15.838559,15.013291,14.997515,0.0,4.0,4.0,4.0,0.0,0.0,0.0,0.0
9168,2023.0,3.0,5.0,16.0,15.878611,15.475019,17.375004,17.165989,16.778078,17.247337,15.614733,15.1477375,20.113985,22.994473,15.796291,15.505836,16.771513,16.076569,16.11927,15.869947,15.0137205,15.063867,0.0,4.0,0.0,0.0,0.0,0.0,0.0,0.0
9169,2023.0,3.0,5.0,16.0,16.212055,16.370064,16.67658,16.784412,16.360504,16.4064,15.003961,14.380448,17.178988,17.044611,15.568003,15.272156,16.574537,15.873984,16.02297,15.785328,15.014867,15.112969,4.0,4.0,0.0,0.0,0.0,0.0,0.0,0.0
9170,2023.0,3.0,5.0,16.0,16.38772,16.616179,20.242056,23.206413,16.148478,16.144093,15.517389,15.466893,15.825661,15.565287,15.805082,15.877737,16.43921,15.746944,15.922801,15.691835,15.015219,15.14949,4.0,4.0,4.0,0.0,4.0,0.0,0.0,0.0
9171,2023.0,3.0,5.0,16.0,15.654205,15.270809,20.097113,22.564531,16.086744,16.087612,15.391701,14.796659,16.340025,16.774002,20.378347,23.51364,16.675934,16.344826,15.828809,15.603386,16.07513,15.883513,0.0,4.0,0.0,4.0,0.0,0.0,0.0,0.0
9172,2023.0,3.0,5.0,16.0,16.01861,16.205572,17.720535,17.756151,15.358503,14.779072,15.003793,14.530993,20.27307,23.507555,17.721777,18.060604,17.587019,18.05833,15.741641,15.521344,14.980663,15.085198,4.0,0.0,0.0,0.0,0.0,4.0,0.0,0.0
9173,2023.0,3.0,5.0,16.0,15.489874,15.112138,20.24221,22.865635,15.839662,15.656706,15.44309,15.433455,17.168613,17.018782,16.124094,15.891522,17.48834,17.582514,15.658361,15.44134,15.548753,16.19112,4.0,0.0,4.0,0.0,0.0,4.0,0.0,4.0
9174,2023.0,3.0,5.0,17.0,15.117037,14.652015,20.050148,22.221575,15.729465,15.69002,15.02956,14.69165,15.512257,14.910125,15.73462,15.446813,17.390455,17.462755,15.579903,15.365153,19.619047,23.047874,4.0,4.0,0.0,0.0,0.0,4.0,0.0,0.0
9175,2023.0,3.0,5.0,17.0,15.754801,15.964914,20.098736,22.151136,15.876276,15.905001,15.024078,14.756008,15.402172,15.099886,15.93532,16.019152,16.68513,16.130354,15.506033,15.293296,16.479885,16.39055,4.0,4.0,0.0,0.0,4.0,0.0,0.0,0.0
9176,2023.0,3.0,5.0,17.0,15.271434,14.919459,20.089365,22.0199,15.173702,14.6207905,15.7288685,16.155254,15.321011,15.072139,20.41451,23.521667,16.284056,15.633908,15.435981,15.22487,15.706077,15.710916,4.0,0.0,4.0,0.0,0.0,0.0,0.0,0.0
9177,2023.0,3.0,5.0,17.0,15.686799,15.913977,20.08977,21.93822,15.486227,15.449167,14.998123,14.756513,15.162244,14.92701,18.018663,18.565123,16.128473,15.473109,15.369141,15.159754,15.079088,14.873616,4.0,4.0,0.0,0.0,4.0,0.0,0.0,0.0
9178,2023.0,3.0,5.0,17.0,15.185617,14.843795,20.152987,22.001099,15.684308,15.731051,15.443248,15.692996,15.809257,16.285007,20.289293,23.110147,16.844286,16.926632,15.305286,15.097558,15.33468,15.176355,4.0,4.0,0.0,4.0,0.0,4.0,0.0,0.0
9179,2023.0,3.0,5.0,17.0,15.604393,15.842375,20.104008,21.865757,15.678202,15.731338,15.016841,14.864541,20.311754,23.984339,17.417023,17.14655,16.374475,15.832235,15.24329,15.037078,14.9918785,14.905173,0.0,4.0,0.0,0.0,0.0,0.0,0.0,0.0
9180,2023.0,3.0,5.0,18.0,15.040806,14.782675,17.850557,17.5155,15.002991,14.601596,15.647592,16.10242,16.962128,16.884668,15.784788,15.071022,16.838102,16.954012,15.181869,14.975896,15.0197735,15.057155,0.0,0.0,4.0,0.0,0.0,4.0,0.0,0.0
9181,2023.0,3.0,5.0,18.0,19.883036,23.281736,17.32869,17.395342,20.587488,24.369967,20.95347,25.078196,15.201313,14.612526,15.725712,15.367068,20.751696,23.593674,20.913633,24.706158,15.01661,15.12225,4.0,4.0,4.0,0.0,0.0,4.0,0.0,0.0
9182,2023.0,3.0,5.0,18.0,21.090088,24.822369,20.25573,22.7273,21.059912,24.582846,20.979498,24.500309,15.990029,16.485418,15.673329,15.388752,20.739552,23.199223,21.090178,24.598946,15.633733,16.315287,4.0,4.0,4.0,4.0,0.0,0.0,4.0,4.0
9183,2023.0,3.0,5.0,18.0,21.243149,24.548964,20.056343,22.07894,21.108568,24.247652,21.130177,24.347345,20.121058,23.431889,15.505947,15.236644,20.975866,23.307709,22.254553,26.166859,19.762115,23.336926,4.0,0.0,4.0,0.0,0.0,0.0,4.0,0.0
9184,2023.0,3.0,5.0,18.0,21.059174,23.91303,20.092337,21.997858,21.108938,23.903965,21.128504,24.058802,16.958576,16.782274,15.3494625,15.091102,21.248663,23.51346,22.027054,25.322899,16.423552,16.291565,4.0,4.0,0.0,0.0,0.0,0.0,0.0,0.0
9185,2023.0,3.0,5.0,18.0,21.125956,23.849632,20.086742,21.886427,21.100204,23.666883,21.100985,23.766846,15.302204,14.6900835,15.213152,14.964482,21.907839,24.413633,22.171434,25.218964,14.982822,14.659935,4.0,4.0,4.0,0.0,0.0,4.0,0.0,0.0
9186,2023.0,3.0,5.0,19.0,21.088505,23.596916,20.086395,21.816376,21.098125,23.504604,21.12596,23.678892,16.121048,16.61707,15.093426,14.8538065,21.053139,22.702085,22.514023,25.615072,15.019137,14.905107,4.0,4.0,0.0,4.0,0.0,4.0,0.0,0.0
9187,2023.0,3.0,5.0,19.0,21.115858,23.553942,20.102827,21.812746,21.11917,23.446453,21.095339,23.479546,20.23986,23.529102,14.997891,14.77842,21.842422,24.039326,20.924236,22.618374,15.014231,15.004775,0.0,0.0,4.0,0.0,0.0,0.0,0.0,0.0
9188,2023.0,3.0,5.0,19.0,21.109009,23.445734,18.145613,18.00421,21.112425,23.336279,21.122328,23.463661,17.553009,17.768772,15.010808,14.866732,21.83129,23.82392,22.223217,25.069914,15.015294,15.080705,4.0,0.0,0.0,4.0,0.0,0.0,0.0,0.0
9189,2023.0,3.0,5.0,19.0,21.154356,23.459068,20.261154,22.373821,21.153185,23.321995,21.15262,23.432774,20.502975,23.43824,15.2481365,15.358769,21.494005,23.020565,21.037893,22.77443,15.015429,15.132616,4.0,4.0,4.0,4.0,4.0,0.0,0.0,0.0
9190,2023.0,3.0,5.0,19.0,22.075039,24.872122,20.45159,22.332787,21.587399,23.766893,21.555233,23.843914,20.382753,22.860308,20.255852,23.628265,21.718582,23.469479,21.60468,23.545551,15.634123,16.32834,0.0,4.0,4.0,0.0,0.0,4.0,0.0,4.0
9191,2023.0,3.0,5.0,19.0,20.898153,22.683893,18.599943,18.5822,20.922148,22.644451,20.939726,22.801523,17.714617,17.439398,17.520569,17.928696,21.06078,22.290752,21.173786,23.061243,19.818727,23.388134,4.0,0.0,0.0,0.0,0.0,0.0,0.0,0.0
9192,2023.0,3.0,5.0,20.0,21.189798,23.273409,20.251785,22.284184,21.1065,22.99673,21.108873,23.116144,16.043118,15.373372,15.78461,15.558214,21.13202,22.455294,21.081955,22.902945,16.483149,16.33307,0.0,4.0,4.0,0.0,0.0,0.0,0.0,0.0
9193,2023.0,3.0,5.0,20.0,21.1039,23.117329,18.197273,18.121984,21.107983,23.012775,21.112461,23.132677,15.940261,15.646134,15.433714,15.184015,21.115658,22.429317,22.033897,24.349737,14.978113,14.63121,4.0,0.0,0.0,0.0,0.0,0.0,0.0,0.0
9194,2023.0,3.0,5.0,20.0,22.180004,24.875992,20.24315,22.394608,21.161106,23.101112,21.160812,23.210115,15.824475,15.580387,15.235252,14.978727,21.80322,23.574352,21.183115,23.02773,15.020092,14.893834,0.0,0.0,0.0,0.0,0.0,0.0,4.0,0.0
9195,2023.0,3.0,5.0,20.0,20.914268,22.564468,17.834074,17.520233,21.1043,22.964523,21.108881,23.083735,15.617593,15.38592,15.074525,14.821378,20.946234,22.0299,21.108225,22.886627,15.014298,14.994997,0.0,0.0,0.0,0.0,0.0,0.0,0.0,0.0
9196,2023.0,3.0,5.0,20.0,21.074211,22.943932,16.784975,16.453674,21.077007,22.942558,21.057295,22.995584,16.256807,16.767578,15.313607,15.389815,21.04784,22.272917,21.056854,22.741465,15.015974,15.07472,0.0,0.0,4.0,4.0,4.0,4.0,4.0,0.0
9197,2023.0,3.0,5.0,20.0,21.164396,23.141619,16.999556,17.091484,21.16275,23.128407,21.167847,23.256374,20.924938,24.412853,20.283903,23.614199,21.132128,22.45519,21.186962,23.017405,15.687897,16.084314,4.0,0.0,0.0,4.0,4.0,0.0,0.0,0.0
9198,2023.0,3.0,5.0,21.0,21.163887,23.124308,20.313147,23.043701,21.172527,23.150957,21.164354,23.178375,20.78592,23.774658,20.035198,22.822165,21.131056,22.421032,21.192133,22.980978,15.763408,16.166185,4.0,0.0,4.0,0.0,4.0,4.0,4.0,0.0
9199,2023.0,3.0,5.0,21.0,21.935324,24.285282,20.068226,22.214756,21.857264,24.248056,21.941156,24.542536,17.570267,17.234516,20.114899,22.592054,22.05877,24.013586,22.798656,25.704126,15.787202,16.173203,0.0,4.0,4.0,0.0,4.0,0.0,0.0,0.0
9200,2023.0,3.0,5.0,21.0,21.094116,22.89618,17.845825,17.711802,20.93002,22.504713,20.996204,22.693838,16.654198,16.620426,20.115265,22.331207,20.9503,21.934864,20.875023,22.144756,15.8416195,16.497185,4.0,4.0,0.0,4.0,0.0,0.0,0.0,4.0
9201,2023.0,3.0,5.0,21.0,22.226828,24.776718,20.230959,22.558277,22.22681,24.725307,22.168053,24.678068,20.496033,23.237461,17.390852,16.907808,21.96924,23.724209,22.669632,25.270285,19.991146,23.365702,0.0,0.0,0.0,4.0,0.0,0.0,0.0,0.0
9202,2023.0,3.0,5.0,21.0,20.917452,22.44378,17.695862,17.356987,20.920572,22.334702,20.924915,22.41192,20.058506,22.269592,16.3218,15.942934,20.952158,21.900656,20.881796,22.075214,16.517452,16.274616,0.0,0.0,0.0,0.0,0.0,0.0,0.0,0.0
9203,2023.0,3.0,5.0,21.0,21.099152,22.87914,16.593504,16.21709,21.12664,22.774225,21.100956,22.853891,17.897419,17.902184,16.103731,15.777302,21.043215,22.135712,21.105984,22.625214,14.975625,14.5344,0.0,0.0,0.0,4.0,0.0,4.0,0.0,0.0
9204,2023.0,3.0,5.0,22.0,21.072006,22.865746,16.37443,16.024343,21.070028,22.725687,21.077873,22.859325,20.453396,22.855633,16.226154,16.254292,21.08756,22.246365,21.070004,22.61755,15.022257,14.835023,0.0,0.0,0.0,0.0,4.0,0.0,0.0,0.0
9205,2023.0,3.0,5.0,22.0,21.07478,22.89352,16.602453,16.64939,21.077246,22.775766,21.080929,22.896034,17.5039,17.032608,20.425306,23.35467,21.081095,22.227116,21.07472,22.665915,15.903722,15.313777,4.0,0.0,0.0,0.0,4.0,0.0,0.0,0.0
9206,2023.0,3.0,5.0,22.0,21.177425,23.092562,20.253567,23.134186,21.076305,22.794346,21.080359,22.910265,15.990344,15.207167,20.028616,22.448753,21.126467,22.30929,21.074276,22.688953,15.768928,16.123726,4.0,0.0,0.0,0.0,0.0,0.0,0.0,0.0
9207,2023.0,3.0,5.0,22.0,21.963156,24.398611,20.067616,22.347828,22.126968,24.505674,21.853998,24.194994,15.9648905,15.618401,17.985287,18.27275,21.902597,23.60535,22.35653,24.801523,14.986221,14.925308,0.0,0.0,4.0,0.0,4.0,0.0,0.0,0.0
9208,2023.0,3.0,5.0,22.0,20.913925,22.396992,17.700293,17.518293,21.031744,22.639189,20.931452,22.483116,16.510563,16.779161,20.423582,22.899591,21.032032,22.118715,21.027126,22.525265,15.801734,16.242306,4.0,0.0,0.0,4.0,0.0,0.0,0.0,0.0
9209,2023.0,3.0,5.0,22.0,22.207533,24.573774,20.208187,22.591553,21.87636,24.110683,22.121435,24.45496,20.483639,23.497435,17.967394,18.044735,21.68059,23.281494,21.861317,23.929033,15.586521,16.027813,0.0,0.0,0.0,0.0,0.0,0.0,4.0,4.0
9210,2023.0,3.0,5.0,23.0,20.90299,22.23851,17.610802,17.235342,20.934788,22.35151,20.917046,22.285645,17.175716,16.788021,16.565058,16.249533,20.95894,21.921026,21.02457,22.42191,20.457,24.248106,0.0,0.0,0.0,0.0,0.0,0.0,0.0,0.0
9211,2023.0,3.0,5.0,23.0,19.35201,19.428923,16.477295,16.061003,19.251152,19.226353,19.22624,19.193829,15.573445,14.83269,16.139416,15.796838,19.570856,19.331999,18.77435,18.140076,17.207361,17.473633,0.0,0.0,0.0,0.0,0.0,0.0,0.0,4.0
9212,2023.0,3.0,5.0,23.0,18.565262,18.357193,16.294588,15.900783,18.36281,17.966394,18.336317,17.956575,16.227808,16.402054,15.883842,15.529939,18.99592,18.604145,17.860416,17.007772,15.591224,14.9773445,0.0,0.0,0.0,4.0,0.0,0.0,0.0,0.0
9213,2023.0,3.0,5.0,23.0,18.150496,17.9026,16.087912,15.677626,17.927292,17.476797,17.884306,17.453934,16.391592,16.612362,15.654622,15.293811,18.703186,18.303501,17.888958,17.511633,15.004686,14.277402,0.0,0.0,0.0,4.0,0.0,0.0,0.0,0.0
9214,2023.0,3.0,5.0,23.0,18.6039,19.01956,15.924311,15.522304,17.6421,17.211653,17.582825,17.173943,15.388177,14.748514,15.467794,15.113495,18.479342,18.09915,17.685425,17.344221,15.036745,14.640173,0.0,0.0,0.0,0.0,0.0,0.0,0.0,0.0
9215,2023.0,3.0,5.0,23.0,17.946442,17.82171,15.736197,15.332955,17.338146,16.910526,17.259834,16.85442,15.336336,15.086718,15.258278,14.904378,18.233118,17.848812,18.480062,19.103373,15.689538,16.09369,0.0,0.0,0.0,4.0,0.0,0.0,4.0,4.0
9216,2023.0,3.0,6.0,0.0,16.998962,16.231699,15.59266,15.181652,17.116098,16.682785,17.024189,16.612951,14.963114,14.504883,15.0929165,14.732043,18.04585,17.654463,18.06362,18.147999,14.931838,14.683286,0.0,0.0,0.0,0.0,0.0,0.0,4.0,0.0
9217,2023.0,3.0,6.0,0.0,16.49713,15.680669,15.443651,15.036542,16.890987,16.465727,16.784275,16.38185,15.036644,14.7414255,15.206231,15.095017,17.854313,17.46602,16.903873,16.198872,15.052399,15.036084,0.0,0.0,0.0,0.0,4.0,0.0,0.0,0.0
9218,2023.0,3.0,6.0,0.0,16.733145,16.448391,15.806663,15.836922,16.682503,16.256983,16.562859,16.159855,15.480361,15.680583,14.969258,14.724865,17.676273,17.285158,16.284973,15.492581,15.030806,15.054456,4.0,0.0,0.0,4.0,0.0,0.0,0.0,0.0
9219,2023.0,3.0,6.0,0.0,16.720495,16.493053,15.440071,15.106231,16.501387,16.080168,16.3715,15.972498,15.203312,14.992615,15.024222,14.909104,17.519764,17.128666,15.984539,15.196293,15.018632,15.108177,0.0,0.0,0.0,4.0,0.0,0.0,0.0,0.0
9220,2023.0,3.0,6.0,0.0,16.567547,16.334211,15.145036,14.725887,16.327719,15.899251,16.189262,15.782052,15.047832,14.888668,15.024789,14.973827,17.372591,16.975063,15.746128,14.95945,15.034404,15.20157,0.0,0.0,0.0,0.0,0.0,0.0,0.0,0.0
9221,2023.0,3.0,6.0,0.0,16.443262,16.227192,15.029522,14.620589,16.190113,15.775116,16.04585,15.651974,15.028684,14.904213,15.016099,14.993869,17.249233,16.856167,15.998224,15.673142,15.290611,15.69926,0.0,0.0,0.0,0.0,0.0,0.0,0.0,4.0
9222,2023.0,3.0,6.0,1.0,16.312258,16.092693,15.006618,14.668983,16.054556,15.640582,15.905179,15.511397,15.033201,14.945658,15.020218,15.037489,17.130524,16.73515,15.979852,15.6480055,14.973693,15.0954685,0.0,0.0,0.0,0.0,0.0,0.0,0.0,0.0
9223,2023.0,3.0,6.0,1.0,16.190474,15.96924,15.009432,14.743175,15.928827,15.514714,15.775317,15.380795,15.022699,14.990244,15.008122,15.032206,17.021444,16.624344,15.870017,15.53725,15.073219,15.328842,0.0,0.0,0.0,0.0,4.0,0.0,0.0,0.0
9224,2023.0,3.0,6.0,1.0,16.08744,15.8744545,15.008935,14.786131,15.820601,15.414464,15.663949,15.276855,15.015811,15.01914,15.025707,15.10428,16.92367,16.527994,15.762762,15.432036,15.269679,15.680769,0.0,0.0,0.0,0.0,0.0,0.0,0.0,4.0
9225,2023.0,3.0,6.0,1.0,15.992027,15.785802,15.010128,14.829537,15.716283,15.313467,15.557021,15.172377,15.019619,15.0618925,15.019689,15.112382,16.830309,16.433825,15.658594,15.327735,14.981661,15.150713,0.0,0.0,0.0,0.0,0.0,0.0,0.0,0.0
9226,2023.0,3.0,6.0,1.0,15.910495,15.716192,15.018498,14.884558,15.614892,15.211641,15.453913,15.068423,15.031897,15.120212,15.014088,15.109391,16.742443,16.344862,15.558252,15.226127,15.075752,15.351619,0.0,0.0,0.0,0.0,4.0,0.0,0.0,0.0
9227,2023.0,3.0,6.0,1.0,15.824782,15.632404,15.019694,14.91367,15.522306,15.121878,15.35997,14.976692,15.033444,15.139863,15.041713,15.197508,16.660389,16.262495,15.463964,15.131942,15.043764,15.305487,0.0,0.0,0.0,0.0,0.0,0.0,0.0,0.0
9228,2023.0,3.0,6.0,2.0,15.737518,15.542163,15.010711,14.921511,15.437531,15.042648,15.274159,14.89579,15.016966,15.128982,15.018629,15.158907,16.58362,16.186544,15.375491,15.044982,15.1985855,15.608271,0.0,0.0,0.0,0.0,0.0,0.0,0.0,4.0
9229,2023.0,3.0,6.0,2.0,15.653184,15.455902,15.02352,14.973394,15.351513,14.956462,15.187589,14.808426,15.036834,15.18942,15.045004,15.226695,16.508614,16.11059,15.288608,14.957169,15.079184,15.358094,0.0,0.0,0.0,0.0,0.0,0.0,0.0,0.0
9230,2023.0,3.0,6.0,2.0,15.571206,15.370225,15.024989,14.994607,15.27186,14.879431,15.107727,14.730538,15.038059,15.2003975,15.045364,15.230128,16.438171,16.040333,15.20631,14.875377,15.022872,15.243617,0.0,0.0,0.0,0.0,0.0,0.0,0.0,4.0
9231,2023.0,3.0,6.0,2.0,15.498124,15.300291,15.02627,15.016855,15.195313,14.805224,15.031259,14.655755,15.039842,15.218346,15.046268,15.243062,16.370468,15.97279,15.127128,14.796661,15.08094,15.41726,0.0,0.0,0.0,0.0,0.0,0.0,0.0,0.0
9232,2023.0,3.0,6.0,2.0,15.428684,15.233404,15.027867,15.038277,15.121344,14.733344,15.002568,14.670844,15.040072,15.231215,15.021239,15.187085,16.30514,15.907599,15.050569,14.720541,15.082807,15.406297,0.0,0.0,0.0,0.0,4.0,0.0,0.0,0.0
9233,2023.0,3.0,6.0,2.0,15.365763,15.176905,15.029109,15.057856,15.049598,14.663463,15.006655,14.7330675,15.041624,15.246641,15.04894,15.2828865,16.241877,15.844458,15.0015135,14.695369,15.177226,15.590208,0.0,0.0,0.0,0.0,0.0,0.0,0.0,4.0
9234,2023.0,3.0,6.0,3.0,15.297633,15.106548,15.030103,15.076247,15.001624,14.637695,15.00923,14.778488,15.043638,15.262812,15.050092,15.284857,16.180407,15.783081,15.005997,14.761388,15.083798,15.413567,0.0,0.0,0.0,0.0,0.0,0.0,0.0,0.0
9235,2023.0,3.0,6.0,3.0,15.236013,15.049211,15.031438,15.094819,15.00524,14.703334,15.01149,14.819007,15.0658245,15.285478,15.050722,15.2958355,16.120947,15.724149,15.009163,14.801952,15.085535,15.44007,0.0,0.0,0.0,4.0,0.0,0.0,0.0,0.0
9236,2023.0,3.0,6.0,3.0,15.169989,14.979828,15.032198,15.11156,15.0079775,14.749137,15.013702,14.855603,15.044176,15.28621,15.051349,15.305797,16.062986,15.666695,15.011523,14.838052,15.049903,15.406182,0.0,0.0,0.0,0.0,0.0,0.0,0.0,0.0
9237,2023.0,3.0,6.0,3.0,15.107178,14.917188,15.0333805,15.128818,15.010015,14.789432,15.01553,14.888535,15.047704,15.311303,15.052092,15.316257,16.006239,15.610439,15.014088,14.870647,15.053598,15.450368,0.0,0.0,0.0,0.0,0.0,0.0,0.0,0.0
9238,2023.0,3.0,6.0,3.0,15.045185,14.85455,15.034857,15.146084,15.012969,14.827632,15.017563,14.919624,15.047874,15.320923,15.026333,15.256578,15.950529,15.555208,15.016335,14.899777,15.055363,15.474412,0.0,0.0,0.0,0.0,4.0,0.0,0.0,0.0
9239,2023.0,3.0,6.0,3.0,14.99941,14.823485,15.033474,15.1564,15.014359,14.859546,15.019365,14.948269,15.049518,15.334697,15.054729,15.354006,15.89572,15.500864,15.017491,14.924851,15.0557375,15.49334,0.0,0.0,0.0,0.0,0.0,0.0,0.0,0.0
9240,2023.0,3.0,6.0,4.0,15.004811,14.885354,15.034622,15.171897,15.016339,14.890691,15.021597,14.976302,15.050229,15.346068,15.028072,15.281673,15.84169,15.447284,15.019638,14.950633,15.057322,15.512045,0.0,0.0,0.0,0.0,4.0,0.0,0.0,0.0
9241,2023.0,3.0,6.0,4.0,15.006463,14.922978,15.035658,15.186004,15.018259,14.919758,15.022742,15.0008,15.049806,15.355589,15.056345,15.378907,15.78874,15.395133,15.020413,14.97218,15.057551,15.525879,0.0,0.0,0.0,0.0,0.0,0.0,0.0,0.0
9242,2023.0,3.0,6.0,4.0,15.009144,14.959768,15.036774,15.2001,15.019462,14.94597,15.024623,15.025992,15.051957,15.37049,15.056403,15.375867,15.736618,15.3438015,15.022638,14.99604,15.022465,15.432721,0.0,0.0,0.0,0.0,0.0,0.0,0.0,4.0
9243,2023.0,3.0,6.0,4.0,15.009804,14.989962,15.03753,15.213236,15.021607,14.972983,15.025543,15.048023,15.0525675,15.381504,15.056832,15.384721,15.685234,15.293203,15.024533,15.017823,15.096968,15.612084,0.0,0.0,0.0,0.0,0.0,0.0,0.0,0.0
9244,2023.0,3.0,6.0,4.0,15.012566,15.021568,15.038624,15.226891,15.023213,14.997621,15.027286,15.071169,15.003077,15.26387,15.05744,15.392777,15.634553,15.243306,15.025525,15.03726,15.034578,15.414272,0.0,0.0,0.0,4.0,0.0,0.0,0.0,4.0
9245,2023.0,3.0,6.0,4.0,15.014097,15.048129,15.039535,15.239794,15.024571,15.021022,15.028315,15.091919,15.046853,15.344327,15.05827,15.401619,15.584542,15.194077,15.027086,15.057441,15.096336,15.5954895,0.0,0.0,0.0,4.0,0.0,0.0,0.0,0.0
9246,2023.0,3.0,6.0,5.0,15.015992,15.075021,15.0401945,15.252052,15.025657,15.043191,15.03001,15.113575,15.093517,15.444749,15.05876,15.409849,15.535169,15.145482,15.028464,15.076487,15.094571,15.562443,0.0,0.0,0.0,0.0,0.0,0.0,0.0,0.0
9247,2023.0,3.0,6.0,5.0,15.015597,15.096241,15.04109,15.26469,15.026719,15.064801,15.0293455,15.129179,15.04246,15.28576,15.059287,15.418418,15.48739,15.099454,15.0296545,15.096149,15.058816,15.528349,0.0,0.0,0.0,4.0,0.0,0.0,0.0,0.0
9248,2023.0,3.0,6.0,5.0,15.017821,15.121558,15.041771,15.276721,15.028241,15.086812,15.030573,15.148396,15.091964,15.432781,15.033304,15.356738,15.440595,15.054399,15.031188,15.1158905,15.060476,15.56358,0.0,0.0,0.0,0.0,4.0,0.0,0.0,0.0
9249,2023.0,3.0,6.0,5.0,15.019779,15.14499,15.042723,15.289127,15.02943,15.107517,15.031598,15.166121,15.09057,15.40621,15.061369,15.451788,15.394604,15.010146,15.032325,15.134298,15.062196,15.58469,0.0,0.0,0.0,0.0,0.0,0.0,0.0,0.0
9250,2023.0,3.0,6.0,5.0,15.0206995,15.165164,15.04324,15.300504,15.029497,15.125311,15.032723,15.18365,15.0018835,15.242813,15.060574,15.44658,15.349382,14.966661,15.033717,15.152833,15.063543,15.602436,0.0,0.0,0.0,4.0,0.0,0.0,0.0,0.0
9251,2023.0,3.0,6.0,5.0,15.021338,15.18456,15.043963,15.312403,15.030849,15.145177,15.033709,15.2005,15.046827,15.352766,15.061633,15.455937,15.304906,14.92392,15.03469,15.170044,15.063465,15.614873,0.0,0.0,0.0,4.0,0.0,0.0,0.0,0.0
9252,2023.0,3.0,6.0,6.0,15.02356,15.205539,15.044737,15.324076,15.032196,15.164204,15.034974,15.217535,15.094323,15.466175,15.061843,15.461815,15.261145,14.881891,15.035664,15.18693,15.065392,15.629858,0.0,0.0,0.0,0.0,0.0,0.0,0.0,0.0
9253,2023.0,3.0,6.0,6.0,19.541975,22.968294,15.021017,15.291985,19.596457,23.03161,19.477404,22.826931,15.041982,15.355894,15.02845,15.408676,19.253778,21.663158,19.835297,23.480282,15.029907,15.575405,0.0,0.0,0.0,0.0,0.0,0.0,0.0,0.0
9254,2023.0,3.0,6.0,6.0,20.626692,24.398277,15.0463705,15.355909,20.648497,24.349022,20.628439,24.385132,15.092221,15.450578,15.036239,15.414225,20.150099,23.040592,20.880112,24.791822,15.005082,15.497721,0.0,0.0,0.0,0.0,4.0,0.0,0.0,4.0
9255,2023.0,3.0,6.0,6.0,21.057148,24.71577,14.998898,15.251121,21.103426,24.722013,21.059341,24.694445,15.01997,15.338676,19.104792,22.409094,20.529245,23.326569,21.146027,24.765413,18.835537,22.147886,4.0,0.0,0.0,0.0,0.0,0.0,0.0,0.0
9256,2023.0,3.0,6.0,6.0,21.129023,24.484238,19.197456,22.469742,21.124632,24.386776,21.13316,24.460691,15.030013,15.380778,16.445688,16.689203,20.787214,23.449717,21.631783,25.240173,15.047769,15.153613,0.0,0.0,0.0,0.0,0.0,0.0,0.0,0.0
9257,2023.0,3.0,6.0,6.0,21.107128,24.195469,16.63786,16.941162,21.110163,24.105635,21.089775,24.107096,15.028258,15.390638,15.000443,14.948347,21.247711,23.99481,22.286684,25.908241,15.111355,15.418601,0.0,0.0,4.0,0.0,0.0,0.0,4.0,0.0
9258,2023.0,3.0,6.0,7.0,21.082964,23.955421,14.995385,14.839636,21.108583,23.921139,21.116219,24.00528,15.028671,15.40057,15.018002,15.096417,21.068619,23.440601,21.958202,25.113317,15.020074,15.3340645,0.0,0.0,0.0,0.0,4.0,0.0,0.0,0.0
9259,2023.0,3.0,6.0,7.0,21.109493,23.90406,15.104177,15.183963,21.083384,23.718525,21.108875,23.860146,15.085892,15.477197,19.60857,22.745214,22.3491,25.506245,22.124514,25.206282,15.294656,15.881563,4.0,4.0,0.0,4.0,0.0,4.0,0.0,4.0
9260,2023.0,3.0,6.0,7.0,21.251198,23.973429,20.069855,23.94281,21.72842,24.517689,21.618906,24.514368,19.800932,23.504593,17.10427,17.584366,21.728868,24.146132,21.87007,24.529892,20.11775,24.177614,4.0,4.0,0.0,0.0,4.0,0.0,0.0,4.0
9261,2023.0,3.0,6.0,7.0,21.3945,24.004848,19.592634,22.512896,21.398397,23.918713,21.811901,24.602022,16.014729,15.688883,20.178324,23.51757,21.582663,23.71025,21.938534,24.468975,20.086573,23.544207,4.0,4.0,4.0,0.0,4.0,4.0,0.0,4.0
9262,2023.0,3.0,6.0,7.0,21.031372,23.303127,19.710224,22.368252,21.052948,23.258625,20.94398,23.013573,15.339885,15.606938,19.672379,22.266342,20.973309,22.579891,22.21439,24.94775,19.713263,22.575039,4.0,0.0,4.0,0.0,4.0,0.0,0.0,0.0
9263,2023.0,3.0,6.0,7.0,21.112017,23.4234,19.837864,22.314642,21.112938,23.303144,21.129541,23.357069,15.015071,15.090297,19.52243,21.74001,21.530775,23.506805,21.885675,24.194786,16.325674,15.839341,4.0,4.0,4.0,0.0,0.0,4.0,4.0,0.0
9264,2023.0,3.0,6.0,8.0,21.100101,23.36634,19.898735,22.214825,21.103764,23.24072,21.12834,23.345432,15.027407,15.200641,16.66137,16.073252,21.761246,23.814478,22.091982,24.576626,15.792343,15.938212,0.0,4.0,0.0,0.0,0.0,4.0,0.0,4.0
9265,2023.0,3.0,6.0,8.0,18.748638,18.834263,17.39299,17.242168,18.69734,18.598116,18.192884,17.691975,15.2232485,15.609352,15.554173,15.103971,19.479593,19.335766,18.838297,18.288134,20.494942,23.967337,4.0,4.0,0.0,4.0,0.0,4.0,0.0,4.0
9266,2023.0,3.0,6.0,8.0,16.937946,16.270239,20.199936,22.945488,17.454782,17.113668,16.50786,15.566085,20.51893,24.535442,15.745531,15.728942,17.82334,16.965128,18.193207,18.266245,20.069513,22.98377,4.0,4.0,0.0,4.0,4.0,0.0,4.0,0.0
9267,2023.0,3.0,6.0,8.0,16.211647,15.471353,20.093407,22.47261,16.392117,15.502082,16.377506,15.887839,20.008276,23.23233,20.44996,23.697586,17.17875,16.274532,17.165638,16.514269,17.399248,17.576387,4.0,0.0,0.0,0.0,4.0,0.0,0.0,4.0
9268,2023.0,3.0,6.0,8.0,16.576706,16.512903,20.157475,22.425247,16.455313,16.09891,16.233624,15.844611,16.540657,16.190649,20.052366,22.7168,17.630129,17.465897,17.417774,17.585068,20.744936,23.944546,4.0,4.0,0.0,0.0,4.0,4.0,4.0,0.0
9269,2023.0,3.0,6.0,8.0,16.626682,16.660929,20.12099,22.247536,16.454561,16.20674,15.977166,15.605948,15.691191,15.463911,20.137634,22.595144,17.717873,17.619293,16.544525,15.947439,17.164156,16.85047,0.0,4.0,0.0,0.0,0.0,4.0,0.0,0.0
9270,2023.0,3.0,6.0,9.0,16.497583,16.56372,17.453213,17.059364,16.300161,16.088696,15.746643,15.387574,15.222548,14.9550905,17.202301,16.750376,16.91583,16.22457,15.863207,15.171681,15.380376,14.722616,0.0,4.0,0.0,0.0,0.0,0.0,0.0,0.0
9271,2023.0,3.0,6.0,9.0,15.673242,15.12889,16.622263,16.087631,15.505092,14.729928,15.579405,15.227962,14.995052,14.776222,16.747292,16.607658,16.503761,15.709104,16.659826,16.930986,15.277239,14.944028,0.0,0.0,0.0,0.0,4.0,0.0,4.0,0.0
9272,2023.0,3.0,6.0,9.0,15.962837,16.010853,16.287533,15.888534,15.739735,15.512074,15.406427,15.071958,15.45347,15.863408,20.347223,22.93396,17.077002,17.021006,15.931702,15.397666,15.098832,14.828755,0.0,4.0,0.0,0.0,4.0,4.0,0.0,0.0
9273,2023.0,3.0,6.0,9.0,15.374367,14.888592,15.953013,15.577358,15.1810465,14.4709215,15.248867,14.926638,16.835684,16.988033,20.079374,22.326824,16.536175,15.893183,15.348028,14.725362,17.226593,17.475466,0.0,0.0,0.0,0.0,0.0,0.0,0.0,0.0
9274,2023.0,3.0,6.0,9.0,14.997154,14.493095,16.128782,16.16582,15.02158,14.464344,15.109875,14.7990265,14.986495,14.935099,17.330198,16.890636,16.098331,15.371125,15.080656,14.459245,15.19381,15.008767,4.0,0.0,0.0,0.0,0.0,0.0,0.0,0.0
9275,2023.0,3.0,6.0,9.0,15.758232,15.066251,20.179092,23.39905,15.403539,15.291316,15.732606,16.085308,15.037238,15.156414,16.18794,15.79242,15.919887,15.207739,15.207308,14.917647,15.026846,15.044216,0.0,4.0,4.0,0.0,0.0,0.0,0.0,0.0
9276,2023.0,3.0,6.0,10.0,15.226961,15.121525,17.681747,18.088524,14.988398,14.575108,16.011385,16.480686,15.019676,15.1959505,15.920836,15.575403,16.161144,15.83124,15.214734,14.977045,15.020496,15.141701,0.0,0.0,4.0,0.0,0.0,0.0,0.0,0.0
9277,2023.0,3.0,6.0,10.0,15.160267,15.079582,16.457787,16.627071,15.304561,15.257866,14.976986,14.678456,15.023087,15.254752,15.634815,15.303711,17.01535,17.432285,15.118302,14.884533,15.022251,15.222798,4.0,4.0,0.0,0.0,0.0,4.0,0.0,0.0
9278,2023.0,3.0,6.0,10.0,15.067566,14.993863,20.127153,23.256315,15.900145,16.138203,15.884005,16.206043,15.0226,15.291767,15.383853,15.063334,16.95217,17.042292,15.019617,14.790022,15.022463,15.2797365,0.0,0.0,0.0,0.0,0.0,4.0,0.0,0.0
9279,2023.0,3.0,6.0,10.0,14.999515,14.952756,17.976381,18.621965,15.240176,14.841315,15.032738,14.7981415,15.02293,15.322713,15.17454,14.871138,16.151684,15.5863085,15.007417,14.846306,15.022802,15.326974,4.0,0.0,0.0,0.0,0.0,0.0,0.0,0.0
9280,2023.0,3.0,6.0,10.0,15.309356,15.254471,20.034779,22.73593,15.627687,14.881166,16.036839,15.620316,15.023184,15.34563,14.997988,14.723626,15.768884,15.131852,15.65003,15.782499,15.023437,15.363126,0.0,0.0,0.0,0.0,0.0,0.0,0.0,0.0
9281,2023.0,3.0,6.0,10.0,15.04118,15.02584,17.644112,17.77471,15.002122,14.822801,15.034957,14.93444,15.227058,15.717062,15.25397,15.326816,15.6412735,15.01494,15.158036,14.96964,15.418175,16.103537,4.0,0.0,0.0,4.0,4.0,0.0,0.0,4.0
9282,2023.0,3.0,6.0,11.0,15.271499,15.209375,20.162952,22.947735,15.603818,16.035717,15.549623,15.991406,19.77766,23.554008,20.34905,23.797033,15.870142,15.572735,15.289833,15.043903,19.38589,22.88341,0.0,4.0,4.0,0.0,4.0,0.0,0.0,0.0
9283,2023.0,3.0,6.0,11.0,15.006336,15.021257,17.703964,17.812498,15.19909,15.148022,15.793904,16.312983,16.438816,16.429834,20.02001,22.939838,15.947523,15.69194,14.994526,14.819555,16.163212,16.08381,4.0,0.0,4.0,0.0,0.0,0.0,0.0,0.0
9284,2023.0,3.0,6.0,11.0,15.999602,15.821998,20.185114,22.940231,15.9685545,16.487574,15.806076,16.174505,15.007559,14.86838,17.452854,17.66503,15.921815,15.674916,16.13475,15.638197,15.020545,14.973008,0.0,0.0,0.0,0.0,0.0,0.0,0.0,0.0
9285,2023.0,3.0,6.0,11.0,15.09786,15.173035,17.808767,17.976969,14.980143,14.835876,16.0546,16.33135,15.021312,15.05398,16.030237,15.798684,15.891978,15.652265,14.991024,14.87098,15.689266,16.388247,4.0,0.0,4.0,0.0,0.0,0.0,0.0,4.0
9286,2023.0,3.0,6.0,11.0,15.672943,16.391455,20.23683,22.982351,15.814659,16.211931,15.477086,15.749117,15.020035,15.151541,15.633059,15.355543,15.86325,15.630189,15.74206,16.04448,19.685217,23.187296,4.0,0.0,0.0,0.0,0.0,0.0,0.0,0.0
9287,2023.0,3.0,6.0,11.0,15.209757,15.338365,20.06539,22.386068,15.325141,15.171443,16.013224,16.538002,15.019656,15.220783,15.3880415,15.117426,15.83808,15.611918,15.30376,15.095503,16.4739,16.446987,0.0,0.0,0.0,0.0,0.0,0.0,0.0,0.0
9288,2023.0,3.0,6.0,12.0,15.020228,15.180337,17.545212,17.398197,15.693574,16.20272,14.990829,14.830319,15.019922,15.268723,15.210389,14.957824,15.815824,15.596122,14.992199,14.853223,14.978306,14.72456,0.0,4.0,0.0,0.0,0.0,0.0,0.0,0.0
9289,2023.0,3.0,6.0,12.0,19.590439,23.176958,16.412132,16.177631,20.882757,25.02222,20.305517,24.20684,15.020256,15.302292,15.058779,14.818037,19.973576,22.673822,20.64169,24.464083,15.025587,15.004839,0.0,4.0,0.0,0.0,0.0,0.0,0.0,0.0
9290,2023.0,3.0,6.0,12.0,20.839891,24.84797,16.57127,16.757147,20.683502,24.132439,21.082024,25.007679,15.019707,15.322348,15.006112,14.841851,20.782389,23.854296,21.148714,24.99278,15.016695,15.110217,4.0,0.0,0.0,0.0,0.0,0.0,0.0,0.0
9291,2023.0,3.0,6.0,12.0,21.33053,25.215538,20.200459,23.278826,21.089006,24.457062,21.131874,24.658802,15.0193405,15.331038,15.010928,14.926471,21.230854,24.240213,21.969444,25.959126,15.018339,15.189576,0.0,0.0,0.0,0.0,0.0,0.0,0.0,0.0
9292,2023.0,3.0,6.0,12.0,21.068699,24.394787,17.773048,18.155245,21.103832,24.151194,21.0854,24.254278,15.018722,15.330958,15.009863,14.977984,21.521885,24.392809,20.983917,23.813457,15.017283,15.236941,0.0,4.0,4.0,0.0,0.0,0.0,0.0,0.0
9293,2023.0,3.0,6.0,12.0,21.08352,24.18122,16.710104,16.99145,21.125666,23.996023,21.086218,24.05666,15.01835,15.327559,15.010542,15.018537,21.015709,23.2277,21.111467,23.875843,15.017119,15.266876,4.0,0.0,4.0,0.0,0.0,0.0,0.0,0.0
9294,2023.0,3.0,6.0,13.0,21.74214,25.0989,20.177944,23.130165,21.507858,24.433884,21.423885,24.434937,15.017958,15.32223,15.010992,15.045882,21.87164,24.575092,22.530064,26.158827,15.017375,15.287932,0.0,0.0,0.0,0.0,0.0,0.0,0.0,0.0
9295,2023.0,3.0,6.0,13.0,20.984474,23.58493,17.466806,17.483988,20.989288,23.405344,21.053549,23.634312,15.017115,15.317176,15.010041,15.060983,22.081366,24.68296,21.931744,24.92746,15.016911,15.299943,0.0,4.0,0.0,0.0,0.0,0.0,0.0,0.0
9296,2023.0,3.0,6.0,13.0,21.105278,23.717781,15.815652,15.331225,21.108358,23.556904,21.125547,23.685894,15.016895,15.313079,15.0107565,15.07532,20.946182,22.516806,21.930302,24.624912,15.017049,15.308637,0.0,4.0,0.0,0.0,0.0,4.0,4.0,0.0
9297,2023.0,3.0,6.0,13.0,21.114145,23.684498,15.670008,15.422843,21.091223,23.456797,21.069416,23.523624,15.016934,15.31022,15.010884,15.086906,21.708755,23.859602,20.906708,22.681973,15.017058,15.314299,0.0,4.0,4.0,0.0,0.0,4.0,0.0,0.0
9298,2023.0,3.0,6.0,13.0,21.108591,23.609566,15.569013,15.386207,21.114784,23.466335,21.100113,23.574812,15.016742,15.307727,15.0110235,15.097103,21.988422,24.288876,21.124958,23.140686,15.016858,15.317737,0.0,0.0,0.0,0.0,0.0,0.0,0.0,0.0
9299,2023.0,3.0,6.0,13.0,21.088032,23.552244,15.398965,15.227821,21.108046,23.399523,21.114126,23.52867,15.016695,15.306428,15.011352,15.106994,20.972883,22.345043,22.916815,26.23208,15.016812,15.320718,0.0,0.0,0.0,0.0,0.0,0.0,0.0,0.0
9300,2023.0,3.0,6.0,14.0,21.088877,23.531927,15.237968,15.066914,21.08226,23.282627,21.109688,23.461412,15.016995,15.307074,15.011616,15.116602,21.093721,22.59039,23.778383,27.551733,15.016426,15.323006,0.0,4.0,0.0,0.0,0.0,0.0,0.0,0.0
9301,2023.0,3.0,6.0,14.0,18.84115,19.189735,15.103929,14.939812,18.57665,18.475088,18.81614,19.045296,15.016701,15.307597,15.0119295,15.12617,19.4242,19.402096,20.22651,20.457502,15.016864,15.32698,0.0,0.0,0.0,0.0,0.0,0.0,0.0,0.0
9302,2023.0,3.0,6.0,14.0,17.548325,17.562342,14.998279,14.856396,17.087923,16.554058,17.434317,17.2896,15.01742,15.3123455,15.012455,15.136617,18.51812,18.254587,18.374664,18.10795,15.521878,16.267288,0.0,0.0,0.0,0.0,0.0,0.0,0.0,4.0
9303,2023.0,3.0,6.0,14.0,17.085411,17.075407,15.008852,14.957786,16.850578,16.583742,16.941525,16.76962,15.0176325,15.317787,15.012973,15.147232,18.97006,19.414913,17.806791,17.552929,19.453487,22.94343,0.0,0.0,0.0,0.0,0.0,4.0,0.0,0.0
9304,2023.0,3.0,6.0,14.0,16.755077,16.736834,15.008703,15.018563,17.354479,17.760326,16.594347,16.4173,15.017905,15.324137,15.013372,15.15746,18.038996,17.596361,17.419256,17.174768,16.358513,16.392992,0.0,4.0,0.0,0.0,0.0,0.0,0.0,0.0
9305,2023.0,3.0,6.0,14.0,16.504301,16.498621,15.00964,15.068501,16.78145,16.687502,16.31044,16.130428,15.018141,15.330788,15.013702,15.167477,18.225962,18.378439,17.094353,16.854486,14.977886,14.804577,0.0,0.0,0.0,0.0,0.0,4.0,0.0,0.0
9306,2023.0,3.0,6.0,15.0,16.29441,16.29434,15.266511,15.577183,16.031803,15.560014,16.076952,15.90129,15.0185,15.337865,15.01451,15.179542,17.551413,17.063263,16.825453,16.596828,15.803238,16.53566,4.0,0.0,0.0,0.0,0.0,0.0,0.0,4.0
9307,2023.0,3.0,6.0,15.0,16.885666,17.568804,19.612041,22.964561,15.665449,15.151729,15.877849,15.706045,15.018935,15.34462,15.068534,15.271552,17.112297,16.564657,17.68515,18.434692,20.32016,24.18269,0.0,0.0,0.0,0.0,4.0,0.0,4.0,4.0
9308,2023.0,3.0,6.0,15.0,17.086136,17.832945,17.294493,17.862707,16.44344,16.834948,15.705619,15.5355,15.018708,15.34828,19.747435,23.196875,16.90384,16.357395,16.7239,16.397566,20.060196,23.225424,0.0,4.0,0.0,0.0,0.0,0.0,0.0,0.0
9309,2023.0,3.0,6.0,15.0,16.134512,16.044218,15.582202,15.522171,15.81461,15.478096,15.559024,15.389238,15.2946415,15.84816,17.289383,17.84483,16.999449,16.71915,17.13458,17.621239,16.957945,16.930101,0.0,0.0,0.0,4.0,0.0,0.0,4.0,0.0
9310,2023.0,3.0,6.0,15.0,15.67097,15.39113,15.73918,15.991977,15.385825,14.885396,15.450451,15.279001,19.682394,23.432112,15.918363,15.717592,16.989088,16.757223,16.299501,15.961802,15.831445,15.381708,4.0,0.0,0.0,0.0,0.0,0.0,0.0,0.0
9311,2023.0,3.0,6.0,15.0,15.43403,15.141391,20.186764,23.684605,15.181636,14.682665,15.336593,15.168334,16.987797,17.525171,15.517384,15.278986,16.90478,16.681969,15.779815,15.349582,15.364654,14.9179325,4.0,0.0,0.0,4.0,0.0,0.0,0.0,0.0
9312,2023.0,3.0,6.0,16.0,15.27557,14.990651,20.05031,22.952467,15.273104,15.031877,15.229507,15.063495,20.36284,24.043566,15.264631,15.025114,16.816828,16.598566,15.5699625,15.135486,15.239358,15.010307,0.0,0.0,0.0,4.0,0.0,0.0,0.0,0.0
9313,2023.0,3.0,6.0,16.0,15.395826,15.366782,17.287636,17.338755,16.019337,16.482847,15.876487,16.3636,20.05859,23.04493,15.087419,14.861672,16.73706,16.524965,15.418831,14.994176,15.090866,14.9009495,0.0,4.0,4.0,0.0,0.0,0.0,0.0,0.0
9314,2023.0,3.0,6.0,16.0,15.417487,15.437436,16.02153,15.865987,16.320967,16.890934,15.508339,15.517868,17.09324,17.053696,15.339335,15.47143,17.493505,18.028461,15.499595,15.292833,15.005374,14.911538,0.0,4.0,0.0,0.0,4.0,4.0,0.0,0.0
9315,2023.0,3.0,6.0,16.0,16.145065,16.862452,16.190763,16.42787,16.075195,16.365225,15.584649,15.814158,15.590969,15.157715,20.146526,23.474022,16.734472,16.351732,16.63239,17.467539,15.015294,15.039785,4.0,4.0,4.0,0.0,0.0,0.0,4.0,0.0
9316,2023.0,3.0,6.0,16.0,16.440022,17.21637,20.169216,23.50571,15.264186,14.925307,15.689508,15.959903,16.14996,16.616821,17.44252,17.914118,16.291735,15.810374,15.78821,15.511522,15.727456,16.461105,0.0,0.0,4.0,4.0,0.0,0.0,0.0,4.0
9317,2023.0,3.0,6.0,16.0,15.545435,15.4622345,18.004683,18.775625,15.007766,14.692401,15.009323,14.803858,20.182245,23.545925,15.774867,15.630978,16.164043,15.679982,15.247252,14.855604,20.405415,24.420856,4.0,0.0,0.0,0.0,0.0,0.0,0.0,4.0
9318,2023.0,3.0,6.0,17.0,15.827079,16.265505,20.182041,23.067207,15.509028,15.706355,15.719941,15.162804,17.113087,17.14912,15.380432,15.170336,17.17797,17.715006,16.19298,16.777948,20.028181,23.178534,0.0,4.0,0.0,0.0,0.0,4.0,4.0,4.0
9319,2023.0,3.0,6.0,17.0,15.345059,15.2458935,17.853786,18.182396,15.701935,15.962276,15.475649,15.714281,15.502969,15.0868435,15.174847,14.967629,17.271744,17.560856,16.554575,17.144648,20.123959,23.04753,4.0,4.0,4.0,0.0,0.0,4.0,4.0,0.0
9320,2023.0,3.0,6.0,17.0,15.721489,16.155828,20.245926,23.098135,15.706455,15.9630995,15.735101,15.924376,15.283305,15.054908,15.002391,14.805262,16.455727,16.044333,15.602823,15.298184,17.145884,17.061295,4.0,4.0,0.0,0.0,0.0,0.0,0.0,0.0
9321,2023.0,3.0,6.0,17.0,15.916275,16.38818,20.044834,22.403566,15.694423,15.944648,15.010208,14.837154,15.132009,14.933251,15.014539,14.92551,16.93057,17.19076,15.131772,14.736568,15.670792,15.216836,4.0,4.0,0.0,0.0,0.0,4.0,0.0,0.0
9322,2023.0,3.0,6.0,17.0,15.219697,15.07109,20.095257,22.31285,15.676888,15.920936,15.016736,14.916413,14.998519,14.857658,15.264807,15.468212,16.335062,15.883384,14.996037,14.626389,15.215423,14.7502775,4.0,4.0,0.0,0.0,4.0,0.0,0.0,0.0
9323,2023.0,3.0,6.0,17.0,15.208227,14.91981,20.207867,22.314024,15.403753,15.193561,15.421134,15.394173,15.438447,15.443685,20.056547,23.398567,16.00301,15.505463,15.467175,15.231191,15.164,14.947265,0.0,0.0,0.0,0.0,0.0,0.0,0.0,0.0
9324,2023.0,3.0,6.0,18.0,15.6374855,16.046436,18.025686,17.952526,16.2837,16.625275,16.547647,17.241114,15.87397,15.97316,17.493675,18.00675,15.884082,15.383866,16.22433,16.280003,16.024689,16.705982,0.0,4.0,4.0,0.0,0.0,0.0,0.0,4.0
9325,2023.0,3.0,6.0,18.0,19.835253,23.262592,17.126604,16.85232,20.319487,23.813072,21.185871,25.321173,15.181957,14.996267,16.51074,16.629929,20.605335,23.583267,21.396713,25.221704,20.136166,23.727758,0.0,0.0,4.0,0.0,4.0,0.0,0.0,0.0
9326,2023.0,3.0,6.0,18.0,21.133698,24.999136,16.769573,16.538286,20.898806,24.343094,21.051466,24.522255,15.375846,15.218877,20.357433,23.435545,21.014639,24.03499,21.829536,25.624582,17.47148,17.95133,0.0,0.0,4.0,0.0,0.0,0.0,0.0,4.0
9327,2023.0,3.0,6.0,18.0,21.096064,24.455734,16.890644,17.052382,21.137535,24.327494,21.11711,24.271667,14.99187,14.882629,17.70514,18.025028,21.450838,24.425117,22.52762,26.454794,20.356028,23.692232,4.0,4.0,4.0,0.0,0.0,0.0,0.0,0.0
9328,2023.0,3.0,6.0,18.0,21.13725,24.226107,20.254717,23.12129,21.140055,24.05541,21.141907,24.057343,15.017919,15.031939,16.522968,16.644417,21.644526,24.415691,22.549814,26.034397,17.142582,17.04059,0.0,0.0,4.0,0.0,4.0,0.0,0.0,0.0
9329,2023.0,3.0,6.0,18.0,21.097452,23.92745,18.240314,18.820137,21.09535,23.735762,21.101929,23.78554,15.953071,15.492903,20.475405,23.441202,21.248245,23.368124,22.005325,24.964432,15.560633,15.073872,4.0,4.0,4.0,0.0,4.0,0.0,0.0,0.0
9330,2023.0,3.0,6.0,19.0,21.749376,24.816992,20.18957,22.784943,21.808533,24.728186,21.46414,24.25053,15.693507,16.08148,20.055923,22.473866,21.60959,23.823584,22.276371,25.109955,15.406656,15.182156,0.0,4.0,0.0,0.0,0.0,4.0,0.0,0.0
9331,2023.0,3.0,6.0,19.0,20.967388,23.299326,17.646334,17.542042,20.955591,23.091684,21.047626,23.388847,15.00023,15.023051,17.414495,17.165468,20.953426,22.529781,22.142246,24.723898,15.275981,15.077839,0.0,4.0,0.0,0.0,0.0,4.0,4.0,0.0
9332,2023.0,3.0,6.0,19.0,21.1056,23.511116,16.443316,16.192038,21.109612,23.342487,21.099247,23.400484,15.480709,15.979856,16.280666,15.983757,21.077135,22.730259,20.890972,22.40169,15.096937,14.906226,0.0,4.0,4.0,4.0,0.0,4.0,0.0,0.0
9333,2023.0,3.0,6.0,19.0,21.08688,23.418512,16.175669,15.926535,21.112415,23.31716,21.11671,23.3982,20.364452,24.160753,16.016933,15.743625,21.063005,22.660788,23.070656,26.297535,15.001709,14.873327,0.0,0.0,0.0,0.0,0.0,4.0,0.0,0.0
9334,2023.0,3.0,6.0,19.0,21.08681,23.365747,15.938833,15.685757,21.10857,23.257566,21.11151,23.336058,17.278587,17.651125,15.761937,15.49641,21.092365,22.699188,21.929043,24.054682,15.897702,16.66724,0.0,0.0,0.0,4.0,0.0,0.0,4.0,4.0
9335,2023.0,3.0,6.0,19.0,21.08573,23.316446,16.204975,16.355675,21.083683,23.14216,21.063358,23.223162,20.5124,23.823456,15.539552,15.279038,21.057648,22.56997,20.919466,22.237087,20.40317,24.240187,4.0,4.0,4.0,4.0,0.0,4.0,0.0,4.0
9336,2023.0,3.0,6.0,20.0,21.15884,23.41931,20.25429,23.520308,21.164827,23.286804,21.166658,23.395496,20.057413,22.766804,15.341162,15.080337,21.130154,22.702766,22.132193,24.57779,20.060844,23.085854,4.0,0.0,0.0,0.0,0.0,0.0,0.0,0.0
9337,2023.0,3.0,6.0,20.0,22.236809,25.202337,20.046177,22.626455,21.965137,24.664381,22.219336,25.102093,17.664879,17.876678,15.173397,14.918927,21.891844,23.91841,21.959724,23.938944,16.941244,16.72864,4.0,4.0,0.0,4.0,0.0,4.0,0.0,0.0
9338,2023.0,3.0,6.0,20.0,22.277958,25.0397,20.099443,22.429405,20.987253,22.756277,20.927816,22.744879,20.459658,23.235165,15.465203,15.598406,21.781092,23.51573,21.083612,22.626997,15.497738,14.980207,4.0,0.0,0.0,0.0,4.0,4.0,0.0,0.0
9339,2023.0,3.0,6.0,20.0,21.95259,24.255886,20.646502,23.041113,21.927704,24.286663,21.786232,24.268892,17.895176,18.081722,20.336477,23.673454,22.240978,24.401184,22.206406,24.687246,15.389502,15.155581,0.0,4.0,4.0,4.0,0.0,0.0,0.0,0.0
9340,2023.0,3.0,6.0,20.0,21.092234,22.916979,18.431252,18.522596,21.073664,22.86111,20.935513,22.697037,20.456884,23.105633,17.567287,17.944265,20.944178,21.985966,20.904663,22.234547,15.279723,15.074782,4.0,4.0,0.0,0.0,0.0,0.0,0.0,0.0
9341,2023.0,3.0,6.0,20.0,21.15088,23.075953,20.25051,22.525082,21.083054,22.890177,21.129084,23.08658,17.467829,17.19161,15.878735,15.651447,21.13528,22.414543,21.82633,23.889545,15.110513,14.912405,4.0,4.0,0.0,0.0,0.0,0.0,4.0,0.0
9342,2023.0,3.0,6.0,21.0,21.074776,22.98704,20.049927,21.951496,21.081484,22.888819,21.07773,22.959148,15.933712,15.312557,15.506653,15.245863,21.057898,22.32248,20.89541,22.153675,16.020042,16.772076,4.0,4.0,4.0,0.0,0.0,0.0,0.0,4.0
9343,2023.0,3.0,6.0,21.0,21.077904,23.031319,20.090117,21.920034,21.105583,22.951565,21.109697,23.03535,15.81088,15.521921,15.3036585,15.045222,21.062195,22.368612,21.076748,22.55007,20.206976,23.776928,4.0,0.0,0.0,0.0,0.0,0.0,4.0,0.0
9344,2023.0,3.0,6.0,21.0,21.051693,22.982851,20.084003,21.832464,21.07556,22.85859,21.102724,23.006338,15.679949,15.432503,15.577251,15.705955,21.061844,22.389883,21.09497,22.656128,16.861012,16.716412,4.0,4.0,0.0,0.0,4.0,0.0,0.0,0.0
9345,2023.0,3.0,6.0,21.0,21.61011,23.770596,20.501968,22.301552,21.627455,23.63253,21.740908,23.947283,16.309336,16.817781,20.360836,23.655409,21.45556,22.932,21.66249,23.506008,15.244344,14.731133,4.0,0.0,0.0,4.0,0.0,0.0,4.0,0.0
9346,2023.0,3.0,6.0,21.0,20.925816,22.580948,20.074606,21.664507,20.925077,22.424742,20.915718,22.527372,20.444422,23.767954,17.573687,17.900345,21.051847,22.343996,20.895674,22.118767,16.227877,16.942772,4.0,0.0,0.0,0.0,0.0,0.0,0.0,4.0
9347,2023.0,3.0,6.0,21.0,21.090664,22.906109,20.081387,21.652826,21.121384,22.842361,21.107212,22.966242,17.109903,16.919725,15.915522,15.679397,21.03252,22.299238,21.114725,22.609552,20.308607,23.769062,4.0,0.0,0.0,0.0,0.0,4.0,0.0,0.0
9348,2023.0,3.0,6.0,22.0,21.071531,22.877752,20.097542,21.678762,21.045872,22.728998,21.075848,22.93351,15.483132,14.899123,15.985879,16.101204,21.086815,22.398317,21.046312,22.475334,17.606232,17.968338,0.0,4.0,0.0,0.0,4.0,0.0,4.0,4.0
9349,2023.0,3.0,6.0,22.0,21.073978,22.88622,18.272217,18.143997,21.081745,22.855833,21.055742,22.88795,15.416968,15.14958,20.464064,23.629822,21.049463,22.278666,21.096586,22.625778,20.96385,24.28373,4.0,0.0,4.0,0.0,4.0,4.0,0.0,0.0
9350,2023.0,3.0,6.0,22.0,21.167255,23.090853,20.258347,22.26662,21.164995,22.989393,21.170862,23.144503,15.343793,15.117215,20.051708,22.589024,21.132658,22.430798,21.186857,22.812204,18.044928,18.309858,0.0,0.0,0.0,0.0,0.0,4.0,0.0,4.0
9351,2023.0,3.0,6.0,22.0,21.06797,22.86055,17.968193,17.66582,21.096357,22.82403,21.102076,22.951038,15.827127,16.178392,17.533398,17.435396,21.083231,22.3359,21.088137,22.61078,20.46401,23.193718,0.0,0.0,0.0,4.0,4.0,0.0,0.0,4.0
9352,2023.0,3.0,6.0,22.0,21.099926,22.935966,16.967865,16.639442,21.071821,22.801926,21.09904,22.90452,20.884233,24.596508,20.361603,22.930681,21.078205,22.30678,21.06814,22.607077,21.031704,23.91764,0.0,0.0,0.0,0.0,0.0,0.0,0.0,0.0
9353,2023.0,3.0,6.0,22.0,21.092571,22.904793,16.723427,16.417385,21.07468,22.820143,21.073435,22.869123,18.105898,18.78714,18.230331,18.637724,21.078272,22.289146,21.07072,22.633003,17.935076,17.671942,0.0,0.0,0.0,4.0,4.0,0.0,0.0,0.0
9354,2023.0,3.0,6.0,23.0,21.06718,22.817106,16.938244,17.029524,21.074179,22.824553,21.076836,22.88126,20.510069,23.521566,20.4173,22.870262,21.056467,22.272879,21.031696,22.540932,17.0408,17.124804,4.0,0.0,0.0,4.0,4.0,0.0,4.0,4.0
9355,2023.0,3.0,6.0,23.0,18.878185,18.642267,16.553823,16.34654,19.266825,19.358425,19.217695,19.315928,17.299255,17.066717,18.041964,18.196836,20.210566,20.636974,18.838245,18.352612,16.248404,15.771743,0.0,0.0,0.0,0.0,0.0,4.0,0.0,0.0
9356,2023.0,3.0,6.0,23.0,17.88918,17.271023,16.253136,15.944609,18.35495,18.055243,18.292423,18.005695,16.112108,15.449129,16.972792,16.669287,18.874968,18.250288,18.973398,19.150549,15.754945,15.171055,0.0,0.0,0.0,0.0,0.0,0.0,4.0,0.0
9357,2023.0,3.0,6.0,23.0,17.87866,17.666813,16.087563,15.773908,17.954664,17.621748,17.884195,17.56751,16.293177,16.135185,16.610271,16.295555,19.020216,18.914705,17.976376,17.354397,15.460011,14.877232,0.0,0.0,0.0,4.0,0.0,4.0,0.0,0.0
9358,2023.0,3.0,6.0,23.0,17.726892,17.589962,15.947644,15.634415,17.665106,17.33247,17.585068,17.2696,15.684263,15.106141,16.328861,16.019968,18.301281,17.640856,18.46966,18.691935,16.29926,16.710724,0.0,0.0,0.0,0.0,0.0,0.0,4.0,4.0
9359,2023.0,3.0,6.0,23.0,17.51312,17.38277,15.821562,15.510021,17.422476,17.092682,18.03379,18.333529,15.281324,14.644802,16.400812,16.368994,17.851469,17.089306,17.538572,16.929945,15.75593,15.566292,0.0,0.0,4.0,0.0,4.0,0.0,0.0,0.0
9360,2023.0,3.0,7.0,0.0,17.31831,17.190462,15.705332,15.394804,17.20973,16.881725,17.419086,17.221708,15.37256,15.074972,16.05183,15.80423,17.596182,16.832905,17.058853,16.388565,15.143359,14.61046,0.0,0.0,0.0,0.0,0.0,0.0,0.0,0.0
9361,2023.0,3.0,7.0,0.0,17.145527,17.02376,15.601526,15.295553,17.024094,16.702082,16.5998,15.855654,15.319356,15.079989,15.774622,15.490598,17.79332,17.442495,16.803823,16.147291,15.00823,14.571729,0.0,0.0,0.0,0.0,0.0,0.0,0.0,0.0
9362,2023.0,3.0,7.0,0.0,16.959873,16.839405,15.489217,15.185497,16.82579,16.505413,16.162247,15.364328,15.170207,14.932101,15.553312,15.268359,17.7683,17.460182,16.557405,15.913094,15.060429,14.846606,0.0,0.0,0.0,0.0,0.0,0.0,0.0,0.0
9363,2023.0,3.0,7.0,0.0,16.833025,16.724953,15.408881,15.11447,16.690287,16.383312,16.384691,16.022745,15.055776,14.823691,15.409645,15.1391535,17.662941,17.361841,16.72551,16.442057,15.712466,16.142477,0.0,0.0,0.0,0.0,0.0,0.0,0.0,4.0
9364,2023.0,3.0,7.0,0.0,16.70774,16.607405,15.328326,15.040569,16.556757,16.258642,16.36772,16.082167,15.003405,14.827715,15.265116,14.992346,17.552832,17.255081,16.678053,16.424212,14.944526,14.699792,0.0,0.0,0.0,0.0,0.0,0.0,0.0,0.0
9365,2023.0,3.0,7.0,0.0,16.575497,16.480366,15.242077,14.959538,16.415983,16.124134,16.24789,15.972485,15.445181,15.738574,15.116142,14.845739,17.437372,17.141687,16.558151,16.307358,15.0417,14.968183,0.0,0.0,0.0,4.0,0.0,0.0,0.0,0.0
9366,2023.0,3.0,7.0,1.0,16.45683,16.367344,15.162128,14.884945,16.288862,16.003668,16.12829,15.860245,15.047011,14.86292,15.282798,15.275903,17.333284,17.04015,16.440683,16.192577,15.019137,14.96253,0.0,0.0,0.0,0.0,4.0,0.0,0.0,0.0
9367,2023.0,3.0,7.0,1.0,16.346968,16.260315,15.085842,14.81104,16.17163,15.890262,16.014557,15.750538,15.027495,15.016224,15.037298,14.796734,17.237011,16.943668,16.330034,16.082657,15.543578,15.999563,0.0,0.0,0.0,0.0,0.0,0.0,0.0,4.0
9368,2023.0,3.0,7.0,1.0,16.242256,16.15439,15.010566,14.734864,16.060102,15.778249,15.905164,15.640531,15.01056,15.023974,15.025572,14.917297,17.14653,16.850641,16.224638,15.9749775,15.412816,15.543821,0.0,0.0,0.0,0.0,0.0,0.0,0.0,4.0
9369,2023.0,3.0,7.0,1.0,16.150887,16.067087,15.005035,14.784954,15.96311,15.686564,15.809455,15.549607,15.014171,15.060166,15.009562,14.935098,17.066803,16.771805,16.130653,15.882464,14.956718,14.86,0.0,0.0,0.0,0.0,0.0,0.0,0.0,0.0
9370,2023.0,3.0,7.0,1.0,16.060598,15.974926,15.006795,14.836405,15.866026,15.587248,15.71325,15.451074,15.023675,15.104717,15.019402,14.996091,16.990038,16.692717,16.039616,15.789121,15.04251,15.076815,0.0,0.0,0.0,0.0,0.0,0.0,0.0,0.0
9371,2023.0,3.0,7.0,1.0,15.9767275,15.889548,15.008769,14.875,15.780237,15.50435,15.627889,15.368341,15.024653,15.119825,15.058057,15.078505,16.92097,16.623522,15.956972,15.706718,15.042324,15.074429,0.0,0.0,0.0,0.0,4.0,0.0,0.0,0.0
9372,2023.0,3.0,7.0,2.0,15.898373,15.811029,15.01084,14.909014,15.699692,15.426381,15.547587,15.2903385,15.026482,15.137636,15.022015,15.033201,16.856253,16.558615,15.879411,15.629332,15.020861,15.077313,0.0,0.0,0.0,0.0,0.0,0.0,0.0,0.0
9373,2023.0,3.0,7.0,2.0,15.828175,15.744298,15.012755,14.938566,15.621433,15.348285,15.469492,15.21213,15.027571,15.151015,15.0246525,15.067148,16.793726,16.494331,15.804808,15.553494,15.023956,15.118407,0.0,0.0,0.0,0.0,0.0,0.0,0.0,0.0
9374,2023.0,3.0,7.0,2.0,15.757001,15.670737,15.014753,14.965216,15.546361,15.273112,15.394567,15.136815,15.02811,15.162257,15.025685,15.08082,16.733727,16.432535,15.733317,15.480722,15.025042,15.141813,0.0,0.0,0.0,0.0,0.0,0.0,0.0,0.0
9375,2023.0,3.0,7.0,2.0,15.692191,15.607852,15.01631,14.988503,15.47433,15.200732,15.322713,15.064303,15.030138,15.175939,15.026962,15.095425,16.676031,16.373,15.664676,15.410751,15.026425,15.162987,0.0,0.0,0.0,0.0,0.0,0.0,0.0,0.0
9376,2023.0,3.0,7.0,2.0,15.626018,15.538413,15.017701,15.009715,15.404979,15.1308,15.253603,14.994283,15.030088,15.184114,15.028121,15.107893,16.620272,16.315361,15.59849,15.343191,15.027823,15.18072,0.0,0.0,0.0,0.0,0.0,0.0,0.0,0.0
9377,2023.0,3.0,7.0,2.0,15.565711,15.479355,15.019478,15.030088,15.337978,15.063006,15.186923,14.926459,15.031476,15.195326,15.029522,15.119918,16.566135,16.259312,15.534418,15.277705,15.02904,15.195899,0.0,0.0,0.0,0.0,0.0,0.0,0.0,0.0
9378,2023.0,3.0,7.0,3.0,15.508676,15.423637,15.009402,15.026387,15.276771,15.00453,15.1260605,14.86787,15.014348,15.172561,15.01457,15.102541,16.514915,16.207697,15.474038,15.217736,15.3915615,15.871717,0.0,0.0,0.0,0.0,0.0,0.0,0.0,4.0
9379,2023.0,3.0,7.0,3.0,15.447988,15.359151,15.011404,15.046222,15.212397,14.937558,15.062285,14.800915,15.017913,15.188884,15.017333,15.118818,16.461805,16.151222,15.412324,15.153349,14.95601,15.041686,0.0,0.0,0.0,0.0,0.0,0.0,0.0,0.0
9380,2023.0,3.0,7.0,3.0,15.38631,15.291809,15.023139,15.084775,15.145225,14.863722,14.9999895,14.735451,15.034194,15.229432,15.033948,15.161562,16.408054,16.092913,15.349806,15.086537,15.001072,15.11759,0.0,0.0,0.0,0.0,0.0,0.0,0.0,4.0
9381,2023.0,3.0,7.0,3.0,15.330905,15.235251,15.024258,15.096771,15.082975,14.798474,15.003707,14.795655,15.035844,15.235371,15.034652,15.165477,16.356304,16.03793,15.28991,15.024044,15.059457,15.261377,0.0,0.0,0.0,0.0,0.0,0.0,0.0,0.0
9382,2023.0,3.0,7.0,3.0,15.28632,15.198591,15.025701,15.111531,15.021927,14.734287,15.006912,14.8344345,15.037822,15.246129,15.035628,15.175268,16.304955,15.98332,15.230893,14.962394,15.061157,15.245537,0.0,0.0,0.0,0.0,0.0,0.0,0.0,0.0
9383,2023.0,3.0,7.0,3.0,15.227313,15.129095,15.026917,15.1249895,15.002547,14.749909,15.008539,14.866633,15.037703,15.252278,15.036699,15.1845455,16.253952,15.929025,15.172586,14.901404,15.032984,15.218957,0.0,0.0,0.0,0.0,0.0,0.0,0.0,0.0
9384,2023.0,3.0,7.0,4.0,15.1667385,15.059577,15.027884,15.137574,15.005712,14.795644,15.010715,14.896611,15.039027,15.26192,15.0379715,15.194229,16.203259,15.875025,15.114947,14.841077,15.036272,15.2518,0.0,0.0,0.0,0.0,0.0,0.0,0.0,0.0
9385,2023.0,3.0,7.0,4.0,15.1136675,15.004859,15.027262,15.145912,15.007321,14.828942,15.01281,14.923653,15.146892,15.444806,15.038666,15.202674,16.153584,15.822765,15.058576,14.782642,15.036625,15.267198,0.0,0.0,0.0,4.0,0.0,0.0,0.0,0.0
9386,2023.0,3.0,7.0,4.0,15.0678,14.961913,15.028667,15.158191,15.010027,14.861299,15.014905,14.948637,15.038591,15.246179,15.039372,15.210994,16.104439,15.77102,15.003047,14.725032,15.037623,15.282884,0.0,0.0,0.0,0.0,0.0,0.0,0.0,0.0
9387,2023.0,3.0,7.0,4.0,15.014551,14.901793,15.02976,15.168893,15.012019,14.889067,15.015891,14.969783,15.041184,15.287128,15.014279,15.150369,16.05567,15.719639,15.003307,14.774407,15.039434,15.297905,0.0,0.0,0.0,0.0,4.0,0.0,0.0,0.0
9388,2023.0,3.0,7.0,4.0,15.002472,14.922242,15.013277,15.1475525,15.006911,14.900048,15.008355,14.973006,15.017825,15.24995,15.025431,15.204403,16.007027,15.668171,15.005824,14.80211,15.28938,15.75297,0.0,0.0,0.0,0.0,0.0,0.0,0.0,4.0
9389,2023.0,3.0,7.0,4.0,15.003528,14.9554205,15.017244,15.165039,15.008664,14.924374,15.010445,14.99469,15.022987,15.2689295,15.021516,15.206244,15.9568615,15.614068,15.00592,14.826648,14.987617,15.169436,0.0,0.0,0.0,0.0,0.0,0.0,0.0,0.0
9390,2023.0,3.0,7.0,5.0,15.00674,14.991351,15.032952,15.206354,15.016441,14.961422,15.020577,15.033002,15.043425,15.318094,15.043713,15.257869,15.910212,15.566323,15.010098,14.859739,15.012323,15.185424,0.0,0.0,0.0,0.0,0.0,0.0,0.0,4.0
9391,2023.0,3.0,7.0,5.0,15.008488,15.016723,15.03313,15.209347,15.017778,14.979664,15.021892,15.047929,15.081591,15.359017,15.017491,15.186403,15.865608,15.521478,15.01099,14.878108,15.070433,15.3348255,0.0,0.0,0.0,4.0,4.0,0.0,0.0,0.0
9392,2023.0,3.0,7.0,5.0,15.009625,15.039444,15.034262,15.219401,15.01922,14.9994545,15.023094,15.064741,15.078183,15.351007,15.045439,15.279253,15.82175,15.477373,15.013751,14.90084,15.0120735,15.171207,0.0,0.0,0.0,0.0,0.0,0.0,0.0,4.0
9393,2023.0,3.0,7.0,5.0,15.011285,15.061701,15.034517,15.227126,15.020765,15.01853,15.024186,15.080675,15.076966,15.32877,15.044899,15.272277,15.778519,15.433896,15.013596,14.915776,15.013434,15.203813,0.0,0.0,0.0,0.0,0.0,0.0,0.0,4.0
9394,2023.0,3.0,7.0,5.0,15.012221,15.080755,15.035593,15.236916,15.021856,15.0361395,15.024758,15.095296,15.042823,15.286438,15.045534,15.278919,15.735909,15.391043,15.01568,14.935319,15.014329,15.213674,0.0,0.0,0.0,0.0,0.0,0.0,0.0,4.0
9395,2023.0,3.0,7.0,5.0,15.014178,15.10072,15.035839,15.244845,15.022754,15.052955,15.024327,15.107154,15.043462,15.312855,15.046189,15.284275,15.69379,15.348682,15.0163965,14.950476,15.0746975,15.377354,0.0,0.0,0.0,0.0,0.0,0.0,0.0,0.0
9396,2023.0,3.0,7.0,6.0,15.015794,15.119038,15.036409,15.253593,15.024066,15.070157,15.025765,15.122589,15.045802,15.330314,15.020031,15.219241,15.652168,15.306822,15.017697,14.966777,15.072696,15.349259,0.0,0.0,0.0,0.0,4.0,0.0,0.0,0.0
9397,2023.0,3.0,7.0,6.0,19.771122,23.349785,15.0175,15.226981,19.915697,23.610325,19.663504,23.09416,15.021476,15.296892,19.214598,22.42923,20.569715,23.656366,20.2565,23.814966,14.998794,15.1833,0.0,0.0,0.0,0.0,0.0,4.0,0.0,4.0
9398,2023.0,3.0,7.0,6.0,20.683653,24.396244,15.019628,15.238633,20.72101,24.417387,20.708742,24.396757,15.024195,15.309259,16.689648,16.94355,21.070662,24.262892,21.129757,24.944532,19.281555,22.616817,0.0,0.0,0.0,0.0,0.0,4.0,4.0,0.0
9399,2023.0,3.0,7.0,6.0,21.131165,24.711502,14.998893,15.185214,21.157633,24.707645,21.154938,24.728428,15.036623,15.302426,14.988429,14.746316,21.024643,23.730003,21.144106,24.46965,15.995732,15.672063,4.0,0.0,0.0,4.0,0.0,4.0,0.0,0.0
9400,2023.0,3.0,7.0,6.0,21.10681,24.34036,19.519226,22.978441,21.103468,24.240643,21.106215,24.2845,19.861256,23.679478,15.035353,14.969989,20.727951,22.923018,21.481941,24.695768,15.038181,14.951147,0.0,0.0,0.0,0.0,0.0,0.0,0.0,0.0
9401,2023.0,3.0,7.0,6.0,21.133831,24.094887,16.856365,17.202509,21.107195,23.999086,21.109446,24.050665,16.723682,16.937998,15.01911,15.025835,20.92931,23.05921,21.834362,24.983202,15.017828,15.034852,0.0,0.0,0.0,0.0,0.0,0.0,0.0,0.0
9402,2023.0,3.0,7.0,7.0,21.102884,23.802912,15.044519,14.81837,21.08104,23.749544,21.10631,23.871586,14.990185,14.769116,15.006463,15.051673,21.155203,23.281353,22.420126,25.663033,15.37076,15.774748,0.0,4.0,0.0,0.0,4.0,0.0,4.0,4.0
9403,2023.0,3.0,7.0,7.0,21.10532,23.6584,15.024649,14.934512,21.083105,23.624823,21.081537,23.67559,15.033824,14.999854,19.883902,23.189901,21.873217,24.360302,20.875021,22.728548,20.440756,24.535439,0.0,4.0,4.0,0.0,0.0,4.0,0.0,4.0
9404,2023.0,3.0,7.0,7.0,21.102474,23.542814,15.154831,15.260108,21.1347,23.586184,21.106445,23.647339,15.410759,15.794501,17.044752,17.35028,20.976793,22.58539,21.102821,23.125893,20.067966,23.269096,4.0,0.0,0.0,4.0,0.0,0.0,4.0,0.0
9405,2023.0,3.0,7.0,7.0,21.853668,24.622639,20.103296,23.967083,21.811468,24.475126,21.831581,24.666975,20.348555,24.031517,15.243605,14.911229,21.39078,23.24241,22.001148,24.503983,17.242128,17.408688,4.0,4.0,4.0,4.0,0.0,0.0,4.0,4.0
9406,2023.0,3.0,7.0,7.0,20.932745,22.931993,19.96697,23.065943,20.9441,22.862427,20.92446,22.929834,20.039764,23.065649,15.270889,15.293273,21.044065,22.562082,21.01661,22.735153,20.526781,23.678743,4.0,4.0,4.0,4.0,4.0,0.0,4.0,4.0
9407,2023.0,3.0,7.0,7.0,21.172104,23.38811,19.995552,22.773375,21.17291,23.285675,21.182566,23.399527,20.140036,22.911327,19.951647,23.124203,21.133493,22.745186,21.822292,24.096159,20.068989,22.66846,0.0,4.0,4.0,0.0,0.0,4.0,0.0,0.0
9408,2023.0,3.0,7.0,8.0,21.091688,23.204098,16.835505,16.439058,21.096697,23.100487,21.12279,23.25564,17.444618,17.42332,17.415846,17.895048,21.075678,22.587711,22.665934,25.502243,16.94653,16.457668,0.0,4.0,0.0,4.0,4.0,4.0,0.0,0.0
9409,2023.0,3.0,7.0,8.0,18.853374,18.891,15.6277075,15.207512,18.804518,18.681793,18.73149,18.604988,20.973486,24.149612,20.32008,23.515816,19.260607,19.072582,19.229136,18.72727,16.380465,16.44707,0.0,4.0,4.0,0.0,4.0,4.0,0.0,4.0
9410,2023.0,3.0,7.0,8.0,17.118477,16.425793,15.844442,15.860477,16.977612,16.065628,17.515968,17.168438,17.881693,17.904533,20.062252,22.645163,18.538042,18.320963,17.470036,16.6381,20.760729,23.947395,4.0,0.0,4.0,4.0,4.0,4.0,0.0,0.0
9411,2023.0,3.0,7.0,8.0,17.137007,16.992748,20.268293,23.748812,16.901281,16.474094,17.11462,16.771374,20.748566,23.586796,20.136368,22.514229,18.30102,18.109726,17.267551,16.847622,17.21513,16.83789,0.0,4.0,4.0,0.0,0.0,4.0,0.0,0.0
9412,2023.0,3.0,7.0,8.0,17.093206,17.028763,17.78878,18.406324,16.83252,16.496304,16.17423,15.282184,17.922468,17.930979,17.468466,17.170124,17.366186,16.541166,17.056719,16.70099,15.480737,14.759103,4.0,4.0,0.0,4.0,4.0,0.0,0.0,0.0
9413,2023.0,3.0,7.0,8.0,16.946678,16.892916,20.078228,22.687063,16.671951,16.353449,15.70405,14.706125,21.337208,24.11397,20.347721,22.502811,16.908216,15.996385,16.822445,16.479898,15.445341,15.079622,0.0,4.0,0.0,0.0,0.0,0.0,0.0,0.0
9414,2023.0,3.0,7.0,9.0,16.08217,15.432519,17.248507,16.92804,16.493319,16.19716,15.376835,14.409093,18.047138,17.662523,17.484337,16.953503,16.627802,15.735041,16.569176,16.240862,15.318447,15.015327,0.0,4.0,0.0,0.0,0.0,0.0,0.0,0.0
9415,2023.0,3.0,7.0,9.0,16.446417,16.380795,16.284813,15.734871,15.673376,14.793571,15.628396,15.148992,16.554361,15.641748,16.647367,16.116652,16.43776,15.56107,16.37882,16.057228,15.140765,14.848483,0.0,0.0,0.0,0.0,0.0,0.0,0.0,0.0
9416,2023.0,3.0,7.0,9.0,15.74611,15.111182,16.02929,15.596823,15.28769,14.330346,15.620581,15.239134,16.479256,16.026543,16.805801,16.704803,16.710983,16.29246,16.207464,15.897267,14.995611,14.7454195,0.0,0.0,0.0,0.0,4.0,0.0,0.0,0.0
9417,2023.0,3.0,7.0,9.0,16.071156,16.034016,15.739478,15.335095,15.749287,15.442126,15.489559,15.127034,16.260544,15.889301,20.346231,22.910364,16.755379,16.405294,16.036411,15.739846,15.767937,16.030071,0.0,4.0,0.0,0.0,4.0,0.0,0.0,0.0
9418,2023.0,3.0,7.0,9.0,15.4957905,14.918803,15.481247,15.08346,15.215783,14.423369,16.093529,16.383566,16.71323,17.030075,20.077353,22.258785,17.43698,17.778625,15.882103,15.594303,15.267974,14.982378,0.0,0.0,4.0,4.0,0.0,4.0,0.0,0.0
9419,2023.0,3.0,7.0,9.0,15.089558,14.440136,15.738536,15.753998,15.015851,14.331977,15.651055,15.438275,20.449749,23.424252,17.331753,16.797594,16.514332,15.797743,15.742297,15.457629,15.78446,16.332209,4.0,0.0,0.0,0.0,0.0,0.0,0.0,4.0
9420,2023.0,3.0,7.0,10.0,15.68891,15.722137,20.217686,23.672005,15.148805,14.748417,15.685971,15.43986,17.189796,16.832159,16.25805,15.812811,16.821363,16.756704,15.623501,15.346279,19.963629,23.416838,4.0,0.0,0.0,0.0,0.0,4.0,0.0,0.0
9421,2023.0,3.0,7.0,10.0,15.914197,16.035297,20.069574,22.857702,15.161088,14.82527,16.040829,16.140875,15.569166,14.809771,16.03212,15.631585,17.031075,17.000046,15.521276,15.2514925,16.599844,16.35355,0.0,0.0,0.0,0.0,0.0,4.0,0.0,0.0
9422,2023.0,3.0,7.0,10.0,15.184736,14.688537,17.10271,16.838568,15.084492,14.765937,15.807957,15.694431,15.507242,15.116848,15.787307,15.410334,16.33328,15.681596,16.482893,17.145452,14.979123,14.455943,0.0,0.0,0.0,0.0,0.0,0.0,4.0,0.0
9423,2023.0,3.0,7.0,10.0,15.016881,14.625263,16.330442,16.367752,15.752229,16.097225,15.348704,15.082645,15.446717,15.1246195,15.577739,15.215345,15.934627,15.185291,15.52772,14.98903,15.039361,14.762868,4.0,4.0,0.0,0.0,0.0,0.0,0.0,0.0
9424,2023.0,3.0,7.0,10.0,15.687325,14.992746,20.244678,23.383877,15.379814,15.242479,15.16107,14.878723,15.286641,14.97899,15.392703,15.037355,15.789821,15.040977,15.822975,15.669917,15.010038,14.856589,4.0,0.0,0.0,0.0,0.0,0.0,0.0,0.0
9425,2023.0,3.0,7.0,10.0,15.183305,15.068936,20.072737,22.638826,15.8436,16.018888,15.034587,14.758392,15.142884,14.849382,15.238415,14.893107,16.096573,15.753989,15.8031435,15.595405,15.013972,14.961449,0.0,0.0,0.0,0.0,0.0,0.0,0.0,0.0
9426,2023.0,3.0,7.0,11.0,15.149781,15.059472,17.561617,17.549791,15.549327,15.184389,15.674037,16.058119,15.020159,14.737066,15.116236,14.78446,16.212378,15.918436,15.5022135,15.2495775,15.013778,15.030349,4.0,0.0,4.0,0.0,0.0,0.0,0.0,0.0
9427,2023.0,3.0,7.0,11.0,15.084358,15.003505,20.176647,22.84325,15.057976,14.768543,15.289763,15.1925335,15.009196,14.8124485,15.0006895,14.680562,16.195398,15.906506,15.427038,15.183371,15.643255,16.254366,4.0,0.0,0.0,0.0,0.0,0.0,0.0,4.0
9428,2023.0,3.0,7.0,11.0,15.030427,14.964968,20.069351,22.364328,15.371301,15.092139,15.980722,16.41755,15.009026,14.873013,15.009836,14.767386,16.169884,15.882426,15.33788,15.095574,19.893963,23.455822,0.0,0.0,0.0,0.0,0.0,0.0,0.0,0.0
9429,2023.0,3.0,7.0,11.0,15.001841,14.970519,17.666521,17.563967,15.078117,14.85057,14.97632,14.709168,15.009734,14.919737,15.0074835,14.812825,16.14456,15.85755,15.255316,15.013538,16.530226,16.34626,4.0,0.0,0.0,0.0,0.0,0.0,0.0,0.0
9430,2023.0,3.0,7.0,11.0,15.730858,16.384083,20.241175,22.813366,15.87449,16.173426,15.865189,16.189247,15.010143,14.955637,15.277437,15.357083,16.120182,15.833608,15.179319,14.936044,14.976878,14.529688,4.0,0.0,0.0,0.0,4.0,0.0,0.0,0.0
9431,2023.0,3.0,7.0,11.0,15.310069,15.390015,20.408035,22.642654,15.091151,14.893086,15.412554,15.192684,15.647919,15.86058,20.224182,23.505066,16.098007,15.812153,15.1139145,14.87292,15.728324,15.792079,4.0,0.0,0.0,0.0,0.0,0.0,0.0,0.0
9432,2023.0,3.0,7.0,12.0,15.96473,16.540113,19.977087,21.808672,15.651161,16.073439,15.039882,14.835676,15.256884,15.107378,17.54354,17.919292,16.07734,15.791888,15.055243,14.81538,15.426084,15.289163,0.0,4.0,0.0,0.0,0.0,0.0,0.0,0.0
9433,2023.0,3.0,7.0,12.0,20.561031,24.418045,17.904934,17.789234,20.420437,24.200598,21.109106,25.56437,15.011647,14.903092,15.840859,15.574506,20.584036,23.56954,21.258867,25.481853,14.992618,14.792146,4.0,0.0,4.0,0.0,0.0,0.0,0.0,0.0
9434,2023.0,3.0,7.0,12.0,20.975313,24.629637,20.263859,22.616772,20.496197,23.814344,20.97429,24.69453,15.009846,14.942369,15.474981,15.13483,20.9439,23.933008,21.208223,24.948275,15.016147,14.934294,4.0,0.0,0.0,0.0,0.0,0.0,0.0,0.0
9435,2023.0,3.0,7.0,12.0,20.896502,24.069683,20.065939,22.059687,20.8094,23.922668,20.812569,23.939066,15.638467,16.153534,15.296926,14.952443,21.294731,24.121922,21.833967,25.495583,15.012006,14.989755,0.0,0.0,0.0,4.0,0.0,0.0,0.0,0.0
9436,2023.0,3.0,7.0,12.0,21.131035,24.201479,17.615372,17.265991,21.106104,24.155678,21.114632,24.183287,20.200872,23.884758,15.17558,14.838411,21.459614,24.136456,21.390059,24.431658,15.012481,15.0330515,0.0,4.0,0.0,0.0,0.0,0.0,0.0,0.0
9437,2023.0,3.0,7.0,12.0,21.118938,23.950031,16.584293,16.243267,21.103743,23.956686,21.10526,23.963743,16.86418,16.73481,15.477073,15.4990015,22.001453,24.802197,22.735897,26.501596,15.0123415,15.062458,0.0,0.0,0.0,0.0,4.0,0.0,0.0,0.0
9438,2023.0,3.0,7.0,13.0,21.14202,23.88436,16.303772,15.996566,21.14049,23.802725,21.145636,23.905048,15.11216,14.47183,20.273832,23.587326,21.063564,22.90135,22.100538,24.888596,15.81529,16.30959,0.0,4.0,0.0,0.0,0.0,0.0,0.0,0.0
9439,2023.0,3.0,7.0,13.0,21.095509,23.703022,16.02892,15.724332,21.12518,23.642624,21.099745,23.70697,15.147477,14.812595,17.536226,17.882566,21.082218,22.858208,21.101103,23.218428,15.872156,16.589546,0.0,0.0,0.0,0.0,0.0,0.0,0.0,4.0
9440,2023.0,3.0,7.0,13.0,21.093729,23.631155,15.793344,15.491026,21.118023,23.513792,21.098156,23.621119,15.07752,14.79043,15.885923,15.623219,21.068958,22.766716,21.082747,23.1482,20.032595,23.608517,0.0,0.0,0.0,0.0,0.0,0.0,0.0,0.0
9441,2023.0,3.0,7.0,13.0,21.092278,23.573017,15.590366,15.291927,21.09048,23.421186,21.09631,23.551348,15.000261,14.754377,15.531277,15.207971,21.068897,22.713406,21.083603,23.117054,17.309425,17.692816,0.0,0.0,0.0,0.0,0.0,0.0,0.0,4.0
9442,2023.0,3.0,7.0,13.0,21.091068,23.524775,15.413481,15.120073,21.092468,23.387817,21.095285,23.495195,15.009603,14.841491,15.346499,15.01726,21.03893,22.592274,21.082474,23.084337,20.52217,23.793438,0.0,0.0,0.0,0.0,0.0,4.0,0.0,4.0
9443,2023.0,3.0,7.0,13.0,21.089304,23.482279,15.253669,14.961636,21.090229,23.349485,21.09298,23.443937,15.009537,14.893012,15.201512,14.871234,21.042423,22.571363,21.081108,23.053867,20.050232,22.6996,0.0,0.0,0.0,0.0,0.0,4.0,0.0,0.0
9444,2023.0,3.0,7.0,14.0,21.088856,23.447542,15.120159,14.83849,21.089828,23.317875,21.092342,23.403015,15.009567,14.933109,15.085053,14.762422,21.063498,22.546299,21.0808,23.028097,17.132181,16.836351,0.0,0.0,0.0,0.0,0.0,4.0,0.0,0.0
9445,2023.0,3.0,7.0,14.0,18.83355,19.083406,15.000704,14.735741,19.356737,19.936386,18.79132,18.951315,15.009724,14.965421,14.998704,14.7025,18.911287,18.387468,18.979908,18.963884,15.732319,15.1384,0.0,4.0,0.0,0.0,0.0,0.0,0.0,0.0
9446,2023.0,3.0,7.0,14.0,17.564623,17.503393,15.380179,15.535438,17.780678,17.610014,17.406927,17.179409,15.010745,14.995172,15.009698,14.789917,18.617651,18.52615,17.833662,17.54011,15.298531,14.685904,4.0,0.0,0.0,0.0,0.0,4.0,0.0,0.0
9447,2023.0,3.0,7.0,14.0,17.8512,18.414259,19.936497,23.470642,17.355011,17.229057,16.902084,16.634115,15.011031,15.020629,15.008731,14.839719,17.861631,17.157047,17.38875,17.08012,15.308023,14.996222,0.0,4.0,0.0,0.0,0.0,0.0,0.0,0.0
9448,2023.0,3.0,7.0,14.0,17.214584,17.26374,17.73054,18.507843,17.140278,17.04811,16.559443,16.290518,15.011573,15.04334,15.239797,15.309075,17.35738,16.592583,17.077333,16.773304,15.235082,14.970904,4.0,4.0,0.0,0.0,4.0,0.0,0.0,0.0
9449,2023.0,3.0,7.0,14.0,16.30586,15.8611965,20.248848,23.48239,16.93786,16.866293,16.28245,16.017374,16.123268,15.793421,20.225231,23.70836,17.909302,17.866667,16.823866,16.528173,15.087044,14.834134,0.0,4.0,0.0,0.0,0.0,4.0,0.0,0.0
9450,2023.0,3.0,7.0,15.0,15.869168,15.376923,18.025438,18.710636,16.105452,15.479475,16.051737,15.791359,14.977287,14.966624,17.674776,18.317762,18.076794,18.094591,17.70033,18.382832,15.001731,14.807934,4.0,0.0,0.0,0.0,4.0,4.0,4.0,0.0
9451,2023.0,3.0,7.0,15.0,16.77228,17.33478,20.13241,22.884829,16.298359,16.185858,15.852233,15.595004,16.117954,15.782771,20.234943,23.360199,18.0269,18.053568,16.684477,16.22095,15.840106,16.482666,0.0,4.0,0.0,0.0,0.0,4.0,0.0,4.0
9452,2023.0,3.0,7.0,15.0,16.055124,15.772324,17.450523,17.355244,16.392012,16.364914,15.67977,15.425625,14.97659,14.971922,17.730125,18.03609,17.222404,16.589884,16.001379,15.402045,20.124702,23.707191,0.0,4.0,0.0,0.0,0.0,0.0,0.0,0.0
9453,2023.0,3.0,7.0,15.0,16.213675,16.416927,16.120937,15.852257,15.633203,15.037191,15.52953,15.277927,15.02216,15.09801,16.164795,15.911758,16.779972,16.065031,15.737247,15.132351,16.825844,16.740936,0.0,0.0,0.0,0.0,0.0,0.0,0.0,0.0
9454,2023.0,3.0,7.0,15.0,16.342127,16.608185,15.825621,15.549497,15.17396,14.474565,15.391646,15.139264,15.013221,15.109984,15.746803,15.423209,16.585455,15.8664665,15.852885,15.558674,15.149649,14.593448,0.0,0.0,0.0,0.0,0.0,0.0,0.0,0.0
9455,2023.0,3.0,7.0,15.0,16.30092,16.572567,15.591698,15.3221035,15.690103,15.619304,15.273926,15.028659,15.418377,15.882291,15.51531,15.196186,16.444576,15.738636,16.955793,17.690002,15.062446,14.781746,0.0,4.0,0.0,4.0,0.0,0.0,4.0,0.0
9456,2023.0,3.0,7.0,16.0,15.5293665,15.174646,15.858447,15.995192,15.878098,15.8964205,15.904721,16.310062,20.279995,24.19739,15.323931,15.008592,16.654226,16.29391,16.010065,15.567805,15.000359,14.795589,4.0,4.0,4.0,4.0,0.0,0.0,0.0,0.0
9457,2023.0,3.0,7.0,16.0,15.881731,16.100235,20.162945,23.584232,15.853735,15.883656,15.525673,15.459839,20.046707,23.18253,15.578869,15.638755,17.559269,18.014036,15.404645,14.844611,15.014265,14.931267,4.0,4.0,0.0,0.0,4.0,4.0,0.0,0.0
9458,2023.0,3.0,7.0,16.0,16.078175,16.370358,20.049541,22.830523,15.816271,15.85356,15.90504,16.105145,16.86954,16.679544,20.40736,23.84959,17.477945,17.58835,16.300137,16.704357,16.007227,15.4874935,4.0,4.0,0.0,0.0,4.0,4.0,4.0,0.0
9459,2023.0,3.0,7.0,16.0,16.069635,16.367369,20.106142,22.601543,15.778686,15.822345,15.665503,15.366182,15.301001,14.698701,20.046442,22.828106,17.378485,17.469984,15.6252775,15.167136,15.781622,16.465277,4.0,4.0,0.0,0.0,4.0,4.0,0.0,4.0
9460,2023.0,3.0,7.0,16.0,16.049738,16.351416,20.095863,22.351921,15.741919,15.791584,15.881509,16.292187,15.985692,16.38556,20.12382,22.614347,16.656584,16.116156,15.148882,14.608978,19.986795,23.600603,4.0,4.0,4.0,4.0,0.0,0.0,0.0,0.0
9461,2023.0,3.0,7.0,16.0,15.293115,14.959022,20.11095,22.235659,15.375656,14.793078,15.524352,15.46868,20.226883,23.584217,17.366356,17.049511,16.233301,15.584556,16.074394,16.5023,16.667597,16.599047,0.0,0.0,0.0,0.0,0.0,0.0,4.0,0.0
9462,2023.0,3.0,7.0,17.0,15.665908,15.907408,17.634043,17.374395,15.503429,15.498005,14.991007,14.693494,17.07066,16.970749,16.613626,16.61074,16.875673,16.943655,15.401509,14.953619,14.983702,14.558669,0.0,4.0,0.0,0.0,4.0,4.0,0.0,0.0
9463,2023.0,3.0,7.0,17.0,15.867127,16.171696,16.55674,16.254396,15.643832,15.705003,15.302747,15.342376,16.081255,16.137625,20.38745,23.174406,17.119522,17.226215,14.994497,14.540768,16.381382,16.091793,0.0,4.0,4.0,4.0,0.0,4.0,0.0,0.0
9464,2023.0,3.0,7.0,17.0,15.869063,16.179071,16.723383,16.836758,15.613324,15.678084,14.988348,14.784577,20.332497,23.504131,17.856222,18.099546,16.414888,15.8836565,15.015004,14.668491,15.166735,15.018427,4.0,4.0,0.0,0.0,0.0,0.0,0.0,0.0
9465,2023.0,3.0,7.0,17.0,15.045634,14.79296,20.27386,23.215912,15.5726795,15.638489,15.02574,14.913403,17.086044,16.948622,16.370304,16.124672,16.00694,15.376594,15.013077,14.731334,15.018439,15.006542,4.0,4.0,0.0,0.0,0.0,0.0,0.0,0.0
9466,2023.0,3.0,7.0,17.0,15.500817,15.7470455,20.053196,22.406363,15.531308,15.59819,15.981676,16.490196,16.12348,16.185669,16.3537,16.434877,16.672798,16.774343,15.023256,14.822198,15.694834,16.3719,4.0,4.0,0.0,4.0,4.0,4.0,0.0,4.0
9467,2023.0,3.0,7.0,17.0,15.72032,16.03362,20.099178,22.267427,14.985337,14.7041235,15.237713,15.154508,20.54121,23.734425,20.407003,23.375618,16.14899,15.590098,15.0023155,14.842329,19.87081,23.485863,4.0,0.0,0.0,0.0,0.0,0.0,0.0,0.0
9468,2023.0,3.0,7.0,18.0,15.727591,16.038036,20.090496,22.094471,15.259362,15.284555,15.655299,16.120214,17.213694,17.064072,17.81512,18.095886,15.771285,15.152167,15.007807,14.901736,16.471596,16.367968,4.0,4.0,4.0,0.0,0.0,0.0,0.0,0.0
9469,2023.0,3.0,7.0,18.0,20.07618,23.675104,20.107513,22.032831,20.628967,24.628256,21.101994,25.386822,15.842032,15.590956,16.263153,16.020317,20.945257,24.14183,20.852741,24.843239,14.978299,14.649965,0.0,4.0,4.0,0.0,0.0,4.0,0.0,0.0
9470,2023.0,3.0,7.0,18.0,21.02548,24.756329,17.712008,17.36602,20.919224,24.503185,20.590687,23.899096,15.540973,15.301261,16.240168,16.315968,20.427279,22.943699,21.13846,24.937658,15.924518,16.665628,0.0,4.0,0.0,0.0,4.0,0.0,0.0,4.0
9471,2023.0,3.0,7.0,18.0,21.118761,24.451485,17.158993,17.21729,21.142626,24.438265,21.183052,24.539186,16.110886,16.610765,20.434277,23.432863,21.309326,24.138233,21.814798,25.634321,20.90098,25.049643,4.0,4.0,4.0,4.0,0.0,4.0,0.0,4.0
9472,2023.0,3.0,7.0,18.0,21.103697,24.105803,20.261133,22.863678,21.10681,24.041115,21.124388,24.125448,20.350069,23.836676,17.7264,17.963654,21.563393,24.26788,22.250172,26.020195,19.975956,22.884563,0.0,4.0,0.0,4.0,0.0,4.0,0.0,0.0
9473,2023.0,3.0,7.0,18.0,21.12594,23.94743,18.3725,18.892178,21.107687,23.814045,21.105701,23.843225,20.040697,22.79738,16.52478,16.587643,21.310194,23.57231,22.233,25.533752,16.814518,16.525723,4.0,4.0,4.0,4.0,4.0,0.0,4.0,0.0
9474,2023.0,3.0,7.0,19.0,21.855307,24.975803,20.250572,22.720211,21.127663,23.705091,21.13012,23.748873,20.621716,23.503109,20.441036,23.328455,21.267118,23.329422,22.288895,25.464714,15.305977,14.698448,4.0,0.0,0.0,0.0,0.0,0.0,0.0,0.0
9475,2023.0,3.0,7.0,19.0,21.634577,24.363976,20.05741,22.089258,21.138798,23.579071,21.140284,23.64465,17.46252,17.137093,17.262217,16.949596,21.399097,23.409365,22.381542,25.388803,15.00489,14.540084,4.0,4.0,0.0,0.0,0.0,0.0,0.0,0.0
9476,2023.0,3.0,7.0,19.0,20.993116,23.138584,20.09576,22.00956,21.12423,23.470966,21.070524,23.447224,15.775626,15.071591,15.491001,14.704336,20.995033,22.621252,20.933533,22.707449,16.059313,16.786686,4.0,0.0,4.0,0.0,0.0,4.0,0.0,4.0
9477,2023.0,3.0,7.0,19.0,21.104925,23.337868,20.090422,21.897425,21.117466,23.377058,21.105995,23.42922,15.676173,15.379291,15.471971,15.12772,21.108778,22.81279,21.06991,23.028477,20.145227,23.638422,4.0,0.0,4.0,0.0,0.0,0.0,4.0,0.0
9478,2023.0,3.0,7.0,19.0,21.090097,23.284159,20.090425,21.827555,21.116695,23.309494,21.123602,23.416998,15.546778,15.300558,15.418217,15.12847,21.093872,22.734081,22.23427,25.154163,16.712317,16.472654,4.0,0.0,0.0,0.0,0.0,0.0,4.0,0.0
9479,2023.0,3.0,7.0,19.0,22.371187,25.421587,20.107122,21.824226,21.08694,23.25244,21.094814,23.282888,15.307928,15.060415,15.213718,14.928235,21.638105,23.627008,20.946325,22.657967,14.990537,14.468568,0.0,0.0,4.0,0.0,0.0,0.0,0.0,0.0
9480,2023.0,3.0,7.0,20.0,20.906181,22.713535,17.761131,17.296053,21.066217,23.18445,21.123232,23.315228,15.097331,14.854073,15.030043,14.751358,20.967958,22.37024,22.567484,25.54897,16.065382,16.796606,0.0,4.0,0.0,0.0,0.0,4.0,0.0,4.0
9481,2023.0,3.0,7.0,20.0,21.140314,23.22408,16.80579,16.40536,21.0704,23.185865,21.117386,23.261541,15.668488,16.093454,15.016307,14.863252,21.13237,22.699501,22.93575,26.017492,20.116823,23.567053,0.0,4.0,0.0,4.0,0.0,0.0,0.0,0.0
9482,2023.0,3.0,7.0,20.0,21.08051,23.086802,16.985199,17.017023,21.09898,23.174427,21.11732,23.222504,20.5414,24.224426,15.015823,14.947288,21.092237,22.595583,22.346394,24.686634,17.262892,17.488823,4.0,4.0,0.0,4.0,0.0,0.0,0.0,4.0
9483,2023.0,3.0,7.0,20.0,21.162333,23.242863,20.258871,22.945593,21.118898,23.180885,21.087606,23.187462,20.06569,23.000061,15.017643,15.014097,21.124872,22.62071,20.901674,22.219902,20.533466,23.78223,0.0,0.0,0.0,0.0,0.0,4.0,4.0,4.0
9484,2023.0,3.0,7.0,20.0,21.087595,23.079243,18.25388,18.697233,21.090002,23.055609,21.067057,23.134083,16.78397,16.344177,15.018184,15.062723,21.069714,22.495796,21.10253,22.723736,20.066664,22.732567,4.0,4.0,4.0,0.0,0.0,4.0,4.0,0.0
9485,2023.0,3.0,7.0,20.0,22.038408,24.66272,20.239832,22.729002,21.161596,23.16204,21.165157,23.334545,15.1800165,14.415274,15.001357,15.054663,21.676313,23.530312,21.189644,22.99525,17.59798,17.728645,4.0,4.0,4.0,0.0,4.0,0.0,0.0,4.0
9486,2023.0,3.0,7.0,21.0,21.996855,24.466228,20.078093,22.145922,21.978,24.542675,22.285917,25.171026,15.53201,15.476673,19.742304,22.999338,21.633669,23.372831,22.20958,24.633863,20.47001,23.299643,0.0,0.0,4.0,4.0,0.0,0.0,4.0,0.0
9487,2023.0,3.0,7.0,21.0,20.98326,22.641865,17.737644,17.465752,20.973711,22.632694,20.93135,22.629028,19.883121,22.776955,16.92815,17.186964,21.051973,22.282572,21.054003,22.67697,17.751762,17.847628,4.0,4.0,4.0,0.0,0.0,4.0,4.0,4.0
9488,2023.0,3.0,7.0,21.0,21.699305,23.911446,20.223948,22.522224,21.167007,23.022697,21.173082,23.11302,16.618534,16.175304,15.592542,15.593308,21.906134,23.71316,21.179222,22.986282,20.437048,23.15821,4.0,4.0,4.0,0.0,4.0,4.0,0.0,0.0
9489,2023.0,3.0,7.0,21.0,21.954123,24.308071,20.071514,22.001616,21.855164,24.239397,22.05488,24.60811,15.407657,15.082263,20.233854,23.4336,21.547626,23.06071,22.22241,24.633709,17.101505,16.567303,0.0,0.0,0.0,0.0,0.0,0.0,4.0,0.0
9490,2023.0,3.0,7.0,21.0,20.948711,22.499123,17.770578,17.430466,21.01163,22.62957,20.975597,22.604801,15.184672,14.853735,17.38499,17.617996,21.008278,22.063486,21.168762,22.906858,15.490926,14.689938,4.0,0.0,0.0,0.0,0.0,4.0,0.0,0.0
9491,2023.0,3.0,7.0,21.0,22.048122,24.306818,20.251865,22.48634,21.177187,22.970896,21.178974,23.009691,14.997558,14.729555,15.955501,15.912259,21.845999,23.470253,21.185421,22.955326,15.446133,15.100747,4.0,0.0,4.0,0.0,4.0,4.0,0.0,0.0
9492,2023.0,3.0,7.0,22.0,22.196331,24.69778,20.437174,22.467094,22.114756,24.502308,22.059853,24.527786,15.699803,15.871085,20.360552,23.442375,21.794994,23.492907,22.454664,25.122122,15.295067,14.9673395,0.0,0.0,0.0,0.0,0.0,0.0,0.0,0.0
9493,2023.0,3.0,7.0,22.0,20.95326,22.436266,17.77236,17.167797,20.911774,22.364986,20.981188,22.535675,14.975258,14.789687,17.491879,17.637392,20.98061,21.96809,21.028666,22.54862,15.045224,14.71618,0.0,4.0,0.0,0.0,0.0,4.0,0.0,0.0
9494,2023.0,3.0,7.0,22.0,21.134016,22.848259,16.598475,16.04349,21.12543,22.883211,21.10541,22.873978,15.034938,14.996558,16.04043,15.897119,21.507113,22.959915,21.11289,22.791183,15.021583,14.850946,0.0,0.0,0.0,0.0,4.0,4.0,0.0,0.0
9495,2023.0,3.0,7.0,22.0,21.075438,22.825775,16.781158,16.654062,21.114285,22.841364,21.160513,23.042202,15.608913,15.844778,20.169514,22.943222,20.9597,21.899036,21.17962,22.979464,15.676162,15.882696,4.0,0.0,0.0,0.0,0.0,0.0,0.0,0.0
9496,2023.0,3.0,7.0,22.0,21.934402,24.253773,20.249706,22.912476,21.162497,22.916283,21.166523,23.082582,15.381138,15.563468,17.7519,18.032993,21.783941,23.372223,21.219168,23.056684,14.965607,14.8081455,0.0,0.0,0.0,4.0,4.0,0.0,4.0,0.0
9497,2023.0,3.0,7.0,22.0,21.003412,22.623255,18.148542,18.447662,21.164034,22.96537,21.165924,23.097958,20.316126,23.905094,20.448338,23.236559,21.031145,22.009235,21.189112,22.990711,15.988644,16.55554,4.0,0.0,0.0,0.0,4.0,0.0,0.0,0.0
9498,2023.0,3.0,7.0,23.0,21.19345,23.069822,20.248022,22.783783,21.166935,22.995008,21.164864,23.102108,16.986145,17.052155,20.070364,22.351032,21.145502,22.334078,21.178398,22.942228,15.660327,15.458312,0.0,0.0,0.0,0.0,4.0,0.0,0.0,0.0
9499,2023.0,3.0,7.0,23.0,19.661854,20.133242,17.276487,16.673962,19.052134,18.949438,18.942463,18.835194,15.265766,14.909781,17.212658,16.659145,20.061852,20.281775,18.402805,17.587051,15.017081,14.898115,0.0,0.0,0.0,0.0,4.0,4.0,0.0,0.0
9500,2023.0,3.0,7.0,23.0,18.232958,18.010023,15.459435,14.221467,17.765562,17.272696,17.629637,17.153723,15.001472,14.738151,15.391047,14.290263,18.355724,17.389797,18.631536,19.108032,15.02259,15.018594,0.0,0.0,0.0,0.0,0.0,0.0,4.0,0.0
9501,2023.0,3.0,7.0,23.0,16.962584,16.029037,15.474552,14.742559,17.241877,16.694128,17.10845,16.584518,15.257294,15.371868,15.018026,14.12973,18.257702,17.837183,17.277542,16.383688,15.022453,15.09611,0.0,0.0,0.0,4.0,0.0,4.0,0.0,0.0
9502,2023.0,3.0,7.0,23.0,16.302618,15.275687,16.023634,15.8900175,16.887196,16.330017,16.74762,16.215597,14.966666,14.888586,15.055808,14.539643,18.19548,17.812973,16.374437,15.410367,15.024029,15.156725,4.0,0.0,0.0,0.0,0.0,4.0,0.0,0.0
9503,2023.0,3.0,7.0,23.0,16.540041,16.118574,16.108541,16.055645,16.60992,16.065678,16.465149,15.946345,15.05463,15.09972,15.003677,14.613018,17.302238,16.303099,15.988482,15.048862,15.024482,15.201643,4.0,0.0,0.0,0.0,0.0,0.0,0.0,0.0
9504,2023.0,3.0,8.0,0.0,16.518808,16.182571,14.992594,14.149674,16.367722,15.833576,16.219355,15.709919,15.041746,15.106123,15.024669,14.802925,16.765398,15.702994,16.159573,15.72215,15.024756,15.237169,0.0,0.0,0.0,0.0,0.0,0.0,0.0,0.0
9505,2023.0,3.0,8.0,0.0,16.34067,16.014977,15.050085,14.404378,16.141977,15.6043415,15.991482,15.477767,15.022753,15.1361,15.025581,14.912937,16.464142,15.397689,16.105547,15.700611,15.026324,15.26852,0.0,0.0,0.0,0.0,0.0,0.0,0.0,0.0
9506,2023.0,3.0,8.0,0.0,16.17039,15.852318,15.003374,14.464678,15.959369,15.437323,15.807907,15.308805,15.026119,15.189814,15.023108,14.987955,16.81178,16.33159,15.933775,15.537194,15.026135,15.291589,0.0,0.0,0.0,0.0,0.0,0.0,0.0,0.0
9507,2023.0,3.0,8.0,0.0,16.015139,15.704101,15.008591,14.598569,15.777834,15.251975,15.626157,15.122559,15.047258,15.272266,15.039214,15.088429,16.821774,16.350382,15.757282,15.357136,15.050037,15.360989,0.0,0.0,0.0,0.0,0.0,0.0,0.0,0.0
9508,2023.0,3.0,8.0,0.0,15.884007,15.586605,15.013903,14.691295,15.624994,15.107642,15.473459,14.977442,15.049033,15.293927,15.042332,15.130603,16.706402,16.237041,15.600687,15.20354,15.050395,15.369015,0.0,0.0,0.0,0.0,0.0,0.0,0.0,0.0
9509,2023.0,3.0,8.0,0.0,15.759132,15.468537,15.017775,14.76538,15.485988,14.9764385,15.334878,14.845727,15.049704,15.317237,15.045506,15.171222,16.59489,16.127638,15.456977,15.06253,15.052616,15.388649,0.0,0.0,0.0,0.0,0.0,0.0,0.0,0.0
9510,2023.0,3.0,8.0,1.0,15.6429205,15.358561,15.021983,14.82774,15.358081,14.855742,15.20773,14.72484,15.051812,15.34038,15.022052,15.139172,16.490429,16.025146,15.3241825,14.932192,15.055164,15.408905,0.0,0.0,0.0,0.0,4.0,0.0,0.0,0.0
9511,2023.0,3.0,8.0,1.0,15.540845,15.2681,15.02399,14.876875,15.245759,14.756279,15.096425,14.625399,15.053201,15.359066,15.050284,15.246508,16.397871,15.939528,15.20528,14.820004,15.056706,15.426582,0.0,0.0,0.0,0.0,0.0,0.0,0.0,0.0
9512,2023.0,3.0,8.0,1.0,15.447393,15.185573,15.026229,14.92054,15.142986,14.665671,15.000019,14.545111,15.006298,15.257181,15.052383,15.258641,16.313192,15.861531,15.096212,14.717368,15.056049,15.439618,0.0,0.0,0.0,4.0,0.0,0.0,0.0,0.0
9513,2023.0,3.0,8.0,1.0,15.355464,15.098891,15.028341,14.95903,15.047528,14.581808,15.006036,14.654162,15.0562315,15.419492,15.053166,15.279298,16.23469,15.78954,15.000646,14.633396,15.052621,15.4098015,0.0,0.0,0.0,0.0,0.0,0.0,0.0,4.0
9514,2023.0,3.0,8.0,1.0,15.267179,15.014943,15.029527,14.99204,15.002917,14.590352,15.010038,14.722965,15.057848,15.418791,15.054183,15.297078,16.161549,15.722754,15.006602,14.7364235,15.035855,15.36499,0.0,0.0,0.0,0.0,0.0,0.0,0.0,4.0
9515,2023.0,3.0,8.0,1.0,15.182086,14.933014,15.0309515,15.022941,15.007165,14.674129,15.013045,14.782091,15.057506,15.430149,15.054781,15.312702,16.093168,15.660624,15.009676,14.790219,15.09205,15.504335,0.0,0.0,0.0,0.0,0.0,0.0,0.0,0.0
9516,2023.0,3.0,8.0,2.0,15.1202135,14.893816,15.032127,15.051005,15.010288,14.735292,15.015661,14.8331,15.058586,15.442333,15.029548,15.259555,16.029013,15.602612,15.0143175,14.8427725,15.033011,15.33456,0.0,0.0,0.0,0.0,4.0,0.0,0.0,4.0
9517,2023.0,3.0,8.0,2.0,15.057681,14.844097,15.033231,15.077108,15.013452,14.789835,15.017573,14.877336,15.009579,15.325113,15.0565195,15.356504,15.96885,15.548712,15.01551,14.880667,15.09347,15.515283,0.0,0.0,0.0,4.0,0.0,0.0,0.0,0.0
9518,2023.0,3.0,8.0,2.0,15.000279,14.801629,15.034161,15.101409,15.015387,14.835996,15.019846,14.918433,15.097967,15.515803,15.057206,15.360546,15.912189,15.498229,15.018388,14.918303,15.091727,15.4881,0.0,0.0,0.0,0.0,0.0,0.0,0.0,0.0
9519,2023.0,3.0,8.0,2.0,15.004537,14.874482,15.035069,15.124629,15.017435,14.878261,15.0213375,14.954837,15.096897,15.472263,15.057291,15.371581,15.858686,15.450849,15.019988,14.948977,15.054361,15.454464,0.0,0.0,0.0,0.0,0.0,0.0,0.0,0.0
9520,2023.0,3.0,8.0,2.0,15.007376,14.923386,15.035978,15.146797,15.018925,14.915957,15.023121,14.989487,15.005403,15.293849,15.031363,15.311853,15.808059,15.40628,15.021616,14.977336,15.056666,15.494304,0.0,0.0,0.0,4.0,4.0,0.0,0.0,0.0
9521,2023.0,3.0,8.0,2.0,15.009519,14.966667,15.037011,15.168192,15.020569,14.951299,15.024504,15.021105,15.098115,15.522034,15.031872,15.336091,15.760045,15.364268,15.02375,15.004422,15.058159,15.517057,0.0,0.0,0.0,0.0,4.0,0.0,0.0,0.0
9522,2023.0,3.0,8.0,3.0,15.01205,15.006093,15.037753,15.188093,15.022412,14.984729,15.025879,15.0509815,15.0458975,15.348078,15.059282,15.4203415,15.714412,15.324582,15.024796,15.027342,15.059108,15.5359955,0.0,0.0,0.0,4.0,0.0,0.0,0.0,0.0
9523,2023.0,3.0,8.0,3.0,15.013886,15.04102,15.036644,15.202391,15.024,15.0153885,15.028065,15.080649,15.095581,15.498301,15.032129,15.345682,15.667054,15.279249,15.025733,15.04877,15.013389,15.423918,0.0,0.0,0.0,0.0,4.0,0.0,0.0,4.0
9524,2023.0,3.0,8.0,3.0,15.015957,15.073256,15.037766,15.220512,15.025876,15.04485,15.029388,15.106641,15.045442,15.3455305,15.033545,15.368951,15.620275,15.234521,15.026696,15.06893,15.037461,15.474091,0.0,0.0,0.0,4.0,4.0,0.0,0.0,4.0
9525,2023.0,3.0,8.0,3.0,15.0172205,15.1019945,15.038694,15.236662,15.027365,15.071922,15.030771,15.131501,15.095431,15.499221,15.105236,15.487079,15.574639,15.190931,15.028225,15.089154,15.096344,15.615868,0.0,0.0,0.0,0.0,0.0,0.0,0.0,0.0
9526,2023.0,3.0,8.0,3.0,15.019052,15.130005,15.039699,15.252445,15.02839,15.0969,15.031664,15.154423,15.044628,15.348334,15.101032,15.429767,15.530099,15.148425,15.031206,15.112144,15.093447,15.579838,0.0,0.0,0.0,4.0,0.0,0.0,0.0,0.0
9527,2023.0,3.0,8.0,3.0,15.019933,15.154855,15.040827,15.267826,15.029842,15.121707,15.032064,15.174975,15.094328,15.503818,15.055335,15.371357,15.486554,15.106899,15.032663,15.131264,15.025831,15.440655,0.0,0.0,0.0,0.0,0.0,0.0,0.0,4.0
9528,2023.0,3.0,8.0,4.0,15.022645,15.182274,15.041548,15.2819195,15.031537,15.145845,15.032883,15.194641,15.093669,15.483258,15.057685,15.406118,15.443912,15.066261,15.032799,15.147558,15.096556,15.629684,0.0,0.0,0.0,0.0,0.0,0.0,0.0,0.0
9529,2023.0,3.0,8.0,4.0,15.022224,15.202034,15.042182,15.295414,15.032657,15.167742,15.034181,15.2141285,15.055801,15.450631,15.058389,15.421331,15.401061,15.024387,15.03417,15.165949,15.093684,15.590668,0.0,0.0,0.0,0.0,0.0,0.0,0.0,0.0
9530,2023.0,3.0,8.0,4.0,15.011975,15.201486,15.0202465,15.267694,15.015519,15.154001,15.016798,15.198278,15.028411,15.435697,15.011677,15.33353,16.23641,16.648298,15.01674,15.148885,15.0245075,15.497564,0.0,0.0,0.0,0.0,4.0,4.0,0.0,0.0
9531,2023.0,3.0,8.0,4.0,15.01372,15.224836,15.023611,15.2880535,15.018345,15.178336,15.019902,15.221894,15.002747,15.387327,15.035551,15.412303,15.709194,15.375402,15.019268,15.17051,14.998048,15.443562,0.0,0.0,0.0,4.0,0.0,0.0,0.0,4.0
9532,2023.0,3.0,8.0,4.0,15.014651,15.2440195,15.02367,15.300645,15.01868,15.196348,15.020061,15.238268,15.00915,15.427011,15.015435,15.369757,14.955516,14.225265,15.020164,15.187789,15.058757,15.5824585,0.0,0.0,0.0,4.0,4.0,0.0,0.0,0.0
9533,2023.0,3.0,8.0,4.0,15.027719,15.287532,15.046301,15.357379,15.037075,15.250661,15.039555,15.292828,15.102274,15.6246805,15.037275,15.426843,15.017055,14.43572,15.039272,15.241155,15.097558,15.645063,0.0,0.0,0.0,0.0,4.0,0.0,0.0,0.0
9534,2023.0,3.0,8.0,5.0,15.013212,15.272505,15.020146,15.314169,15.016249,15.222456,15.017404,15.260605,15.039159,15.470499,15.056273,15.438363,15.181417,14.811115,15.017391,15.209243,14.984612,15.424624,0.0,0.0,0.0,0.0,0.0,0.0,0.0,4.0
9535,2023.0,3.0,8.0,5.0,15.0304,15.324559,15.047906,15.3818655,15.038814,15.284512,15.041498,15.324265,15.09964,15.579444,15.105172,15.5033,15.1889925,14.816441,15.041568,15.272946,15.040614,15.539189,0.0,0.0,0.0,0.0,0.0,0.0,0.0,4.0
9536,2023.0,3.0,8.0,5.0,15.031012,15.334653,15.048319,15.383605,15.03946,15.292385,15.041887,15.32985,15.060706,15.516331,15.059119,15.426969,15.148604,14.776936,15.041333,15.277677,15.039265,15.522215,0.0,0.0,0.0,0.0,0.0,0.0,0.0,4.0
9537,2023.0,3.0,8.0,5.0,15.032067,15.350934,15.049282,15.394698,15.040093,15.306707,15.042759,15.3434725,15.062648,15.551418,15.061287,15.46107,15.1062975,14.735559,15.043098,15.29342,15.099293,15.680083,0.0,0.0,0.0,0.0,0.0,0.0,0.0,0.0
9538,2023.0,3.0,8.0,5.0,15.032811,15.365551,15.049972,15.404277,15.041007,15.320649,15.043672,15.356347,15.014437,15.440423,15.062602,15.475865,15.064217,14.694386,15.0431795,15.304513,15.097536,15.647266,0.0,0.0,0.0,4.0,0.0,0.0,0.0,0.0
9539,2023.0,3.0,8.0,5.0,15.033259,15.379223,15.050301,15.413322,15.04231,15.3350525,15.044547,15.369089,15.103557,15.644836,15.063027,15.4877825,15.022677,14.653721,15.043345,15.316285,15.037043,15.487306,0.0,0.0,0.0,0.0,0.0,0.0,0.0,4.0
9540,2023.0,3.0,8.0,6.0,15.034564,15.393433,15.051117,15.423254,15.043312,15.348513,15.045429,15.381488,15.063554,15.561333,15.063928,15.498683,15.001837,14.652433,15.045487,15.331619,15.098649,15.670881,0.0,0.0,0.0,0.0,0.0,0.0,0.0,0.0
9541,2023.0,3.0,8.0,6.0,19.408115,22.914852,15.023868,15.382904,19.394802,22.810986,19.37121,22.799894,15.002064,15.447626,15.029809,15.445536,19.981184,23.084652,20.889036,25.391277,15.043704,15.550542,0.0,0.0,0.0,4.0,0.0,4.0,4.0,0.0
9542,2023.0,3.0,8.0,6.0,20.367067,24.122793,15.027789,15.401244,20.426702,24.147686,20.393057,24.125439,20.104313,24.278976,15.034201,15.462618,20.033989,22.939095,20.143955,23.4715,15.032663,15.560088,0.0,0.0,0.0,4.0,0.0,0.0,0.0,0.0
9543,2023.0,3.0,8.0,6.0,20.831722,24.500431,15.027533,15.409691,21.176888,24.994179,20.854773,24.4942,19.568565,22.75497,15.033741,15.466585,19.672384,21.882772,20.535929,23.760366,15.033794,15.577327,0.0,4.0,0.0,0.0,0.0,0.0,0.0,0.0
9544,2023.0,3.0,8.0,6.0,21.150658,24.717104,15.027772,15.418367,21.113808,24.521786,21.15306,24.673561,15.994323,15.52069,15.033831,15.469689,19.995094,22.182865,21.759235,25.519272,14.998349,15.487607,0.0,0.0,0.0,0.0,0.0,0.0,4.0,4.0
9545,2023.0,3.0,8.0,6.0,21.11124,24.37185,15.02818,15.427035,21.118752,24.273712,21.116087,24.333792,15.059599,14.856391,15.033936,15.471755,20.999868,23.767769,22.112467,25.772642,19.728334,23.734543,0.0,0.0,0.0,0.0,0.0,0.0,4.0,0.0
9546,2023.0,3.0,8.0,7.0,21.113375,24.187395,15.006475,15.372901,21.11473,24.07725,21.117651,24.146463,15.024169,15.004244,15.034023,15.473299,21.941526,25.152622,22.43765,26.036041,16.376225,16.539669,4.0,0.0,0.0,0.0,0.0,4.0,4.0,4.0
9547,2023.0,3.0,8.0,7.0,21.086748,23.978195,19.308107,22.77587,21.11222,23.930473,21.09261,23.938017,15.292976,15.648648,15.034611,15.474707,21.000917,23.153357,20.970196,23.23556,19.680103,22.951336,0.0,0.0,4.0,4.0,0.0,4.0,0.0,0.0
9548,2023.0,3.0,8.0,7.0,21.089682,23.884636,16.838894,17.386625,21.110157,23.817116,21.117346,23.901836,20.103045,23.797853,15.013171,15.410964,21.103561,23.216324,22.85702,26.474144,16.675976,16.815216,4.0,0.0,0.0,0.0,4.0,4.0,4.0,4.0
9549,2023.0,3.0,8.0,7.0,21.331459,24.10288,20.127527,23.7517,21.632738,24.425388,21.429417,24.24883,16.236467,15.865587,19.572933,23.202158,21.008492,22.989029,22.425852,25.436481,20.544168,24.151812,4.0,4.0,0.0,0.0,4.0,0.0,4.0,4.0
9550,2023.0,3.0,8.0,7.0,21.106981,23.636955,19.61111,22.416943,20.927462,23.170734,21.097422,23.636997,15.313561,15.416662,19.68938,22.988194,21.353205,23.472588,21.707804,24.10489,19.862085,22.758266,4.0,4.0,0.0,0.0,0.0,4.0,0.0,0.0
9551,2023.0,3.0,8.0,7.0,21.078218,23.53145,19.47565,21.865202,21.138388,23.514086,21.09599,23.575983,15.416406,15.758952,16.91923,17.251137,20.88685,22.554205,21.106033,23.070879,16.394772,15.880167,0.0,4.0,4.0,4.0,4.0,0.0,0.0,0.0
9552,2023.0,3.0,8.0,8.0,21.10249,23.505335,16.517502,15.996326,21.109053,23.39641,21.117897,23.528147,19.103132,21.958431,19.552065,22.131002,21.056396,22.830505,22.033085,24.728113,14.980574,14.400376,0.0,4.0,4.0,0.0,4.0,0.0,0.0,0.0
9553,2023.0,3.0,8.0,8.0,18.580359,18.62881,15.298873,14.801339,18.516476,18.382,17.964478,17.446478,16.461,16.495586,20.136808,23.012796,18.984873,18.776787,19.104725,19.039288,15.826468,16.34172,0.0,4.0,0.0,4.0,4.0,4.0,0.0,4.0
9554,2023.0,3.0,8.0,8.0,16.690798,15.965451,15.512582,15.470597,17.18418,16.782413,16.177074,15.180208,20.651352,24.19687,20.122108,22.681723,18.157028,17.909046,18.582565,19.116869,20.917442,24.796165,4.0,4.0,0.0,4.0,4.0,4.0,4.0,4.0
9555,2023.0,3.0,8.0,8.0,16.672773,16.507307,20.065565,23.568344,16.742523,16.346544,15.535999,14.496183,20.44368,23.622047,20.123041,22.471554,17.890125,17.67396,17.970268,18.04249,21.095741,24.803726,0.0,4.0,0.0,0.0,4.0,4.0,4.0,4.0
9556,2023.0,3.0,8.0,8.0,16.605185,16.523073,17.547989,18.10821,16.444237,16.076405,15.6078415,15.06282,16.813261,16.349865,20.118706,22.309443,17.674723,17.488213,16.581589,15.83205,20.903017,24.130966,4.0,4.0,0.0,0.0,4.0,4.0,0.0,0.0
9557,2023.0,3.0,8.0,8.0,15.676795,14.989505,20.16344,23.462078,15.526472,14.601637,15.534722,15.091111,15.43513,14.575311,20.116838,22.192057,16.729614,15.885503,16.89081,17.011557,17.169203,16.717861,0.0,0.0,0.0,0.0,4.0,0.0,4.0,0.0
9558,2023.0,3.0,8.0,9.0,15.126824,14.36393,16.823523,16.512444,15.67252,15.284138,15.323882,14.897434,15.100206,14.682177,20.129196,22.142832,16.997387,16.810152,16.043957,15.392128,15.395481,14.620758,0.0,4.0,0.0,0.0,0.0,4.0,0.0,0.0
9559,2023.0,3.0,8.0,9.0,15.011133,14.408893,14.990383,14.263489,15.015581,14.234902,15.124265,14.706441,15.004572,14.737182,17.280798,16.626461,17.097464,16.966478,15.349881,14.57867,15.189938,14.788827,0.0,0.0,0.0,0.0,0.0,4.0,0.0,0.0
9560,2023.0,3.0,8.0,9.0,15.961114,16.412962,15.019764,14.60279,15.320241,14.9999485,15.000904,14.644937,15.025899,14.965947,16.121838,15.602184,17.01509,16.898537,14.995957,14.255599,14.99505,14.679088,0.0,4.0,0.0,0.0,0.0,4.0,0.0,0.0
9561,2023.0,3.0,8.0,9.0,15.019855,14.632195,15.016588,14.78856,15.405582,15.170002,15.013433,14.790018,15.358981,15.717524,15.782736,15.303632,16.93744,16.832375,15.02477,14.494424,15.026863,14.944508,0.0,4.0,0.0,4.0,0.0,4.0,0.0,0.0
9562,2023.0,3.0,8.0,9.0,15.038083,14.794765,15.164197,15.195726,14.989611,14.554795,15.013541,14.884113,19.767487,23.082941,15.43551,14.985547,16.111193,15.343138,15.052024,14.721423,15.022675,15.08322,4.0,0.0,0.0,0.0,0.0,0.0,0.0,0.0
9563,2023.0,3.0,8.0,9.0,15.307802,15.365413,20.085451,23.876839,15.13506,14.918023,15.812623,15.338113,16.304764,16.030937,15.126024,14.684933,15.6544,14.825259,15.36023,15.025074,15.025599,15.187287,4.0,4.0,0.0,0.0,0.0,0.0,0.0,0.0
9564,2023.0,3.0,8.0,10.0,15.468075,15.784738,19.752846,22.714293,15.431185,15.610288,14.992696,14.932856,15.027403,14.79231,15.010707,14.7112665,15.462362,14.638902,15.0296,14.728222,15.025789,15.2592,0.0,0.0,0.0,0.0,0.0,0.0,0.0,0.0
9565,2023.0,3.0,8.0,10.0,15.028074,14.963931,16.497837,16.128311,15.069246,14.909837,15.018876,15.051091,15.023316,14.979654,15.021006,14.878723,15.323644,14.519456,15.017249,14.846863,15.026293,15.316494,0.0,4.0,0.0,0.0,0.0,0.0,0.0,0.0
9566,2023.0,3.0,8.0,10.0,15.008929,15.016488,15.727646,15.748743,15.025346,14.913057,15.017011,15.101678,15.026438,15.11035,15.021351,14.989831,15.634728,15.273738,15.012745,14.911439,15.027465,15.361642,4.0,0.0,0.0,0.0,0.0,0.0,0.0,0.0
9567,2023.0,3.0,8.0,10.0,15.673906,16.042799,19.916805,23.173843,15.011132,14.902153,15.332023,15.7185755,15.291413,15.685837,15.022662,15.06721,15.6926775,15.34817,15.659581,15.871066,15.027198,15.394105,0.0,4.0,4.0,4.0,0.0,0.0,0.0,0.0
9568,2023.0,3.0,8.0,10.0,15.845944,16.469488,17.327656,17.651325,15.0356865,15.03049,14.98104,15.091842,20.029543,23.867052,15.001688,15.070108,15.641563,15.304227,14.984699,14.822501,15.027412,15.4198885,0.0,0.0,0.0,0.0,4.0,0.0,0.0,0.0
9569,2023.0,3.0,8.0,10.0,15.444189,15.5038805,15.524846,15.246385,15.480886,15.60683,15.547794,15.808707,16.40443,16.20294,20.279175,23.87263,16.436893,16.861025,15.592611,15.722446,15.528677,16.077192,0.0,0.0,4.0,0.0,4.0,4.0,0.0,0.0
9570,2023.0,3.0,8.0,11.0,15.669674,15.914584,15.080217,14.727654,14.9625025,14.825019,14.961371,14.914277,15.254045,15.2288265,20.011955,23.118855,15.58265,14.944882,15.381889,15.216653,15.862859,16.573452,0.0,0.0,0.0,4.0,4.0,0.0,0.0,0.0
9571,2023.0,3.0,8.0,11.0,15.994144,16.534569,15.8136215,16.024437,16.153042,16.902311,16.321981,17.278908,20.633095,24.325706,20.148241,22.965567,16.003376,16.083326,15.969312,16.708563,15.458074,15.422273,0.0,0.0,0.0,4.0,0.0,4.0,4.0,0.0
9572,2023.0,3.0,8.0,11.0,15.417043,15.605565,15.349922,15.443348,15.858698,16.320873,14.959743,14.858755,20.023531,22.984861,16.993664,16.602818,15.476405,14.869744,14.95491,14.72066,15.05228,15.2478695,4.0,4.0,0.0,0.0,0.0,0.0,0.0,0.0
9573,2023.0,3.0,8.0,11.0,15.403432,15.61429,20.019735,23.687548,15.751806,16.19568,15.773645,15.366786,17.297144,17.4267,15.689124,15.261152,15.0819645,14.383765,15.782449,15.167453,15.022742,15.285993,0.0,4.0,0.0,4.0,0.0,0.0,0.0,0.0
9574,2023.0,3.0,8.0,11.0,14.987627,14.966349,17.257536,17.70621,14.966306,14.866611,14.99632,15.075416,20.397486,23.448116,15.4156685,15.025275,15.002144,14.345012,15.015208,14.976353,15.406061,16.0433,0.0,0.0,0.0,0.0,0.0,0.0,0.0,4.0
9575,2023.0,3.0,8.0,11.0,15.030691,15.123527,15.379659,15.146821,15.041816,15.090619,15.021061,15.194809,17.005053,16.713436,15.549055,15.525643,15.260521,14.935754,15.845368,16.603418,19.299397,22.760746,0.0,0.0,0.0,0.0,4.0,0.0,4.0,0.0
9576,2023.0,3.0,8.0,12.0,15.157968,15.380786,15.407151,15.495781,15.364888,15.355502,15.643125,15.346836,15.275305,14.577432,20.233116,23.525839,15.33729,15.037501,14.957761,14.846959,15.880901,15.627747,4.0,4.0,0.0,0.0,0.0,0.0,0.0,0.0
9577,2023.0,3.0,8.0,12.0,20.209358,24.224138,20.00568,23.617434,19.490126,22.855303,19.875015,23.674826,15.118737,14.75569,17.331219,17.605583,19.580057,22.291136,19.891592,23.28786,15.063221,15.097696,0.0,0.0,0.0,0.0,0.0,0.0,0.0,0.0
9578,2023.0,3.0,8.0,12.0,20.078106,23.429918,17.273441,17.71323,20.056446,23.323645,20.691088,24.55716,14.995996,14.713349,15.597309,15.305206,20.275839,23.244125,21.188768,25.157894,15.019163,15.150832,0.0,0.0,0.0,0.0,0.0,0.0,4.0,0.0
9579,2023.0,3.0,8.0,12.0,20.860641,24.3978,15.393407,15.145796,21.22017,24.983103,21.037638,24.741606,15.022414,14.922605,15.16182,14.808658,20.609459,23.456478,20.90243,24.202188,15.500645,16.129345,0.0,4.0,0.0,0.0,0.0,0.0,0.0,4.0
9580,2023.0,3.0,8.0,12.0,20.862139,24.06705,14.997901,14.729944,21.11092,24.364685,21.13399,24.55837,15.01868,15.027891,15.005156,14.747339,21.057392,23.911823,21.395908,24.717224,19.500774,22.952888,0.0,4.0,0.0,0.0,0.0,0.0,0.0,0.0
9581,2023.0,3.0,8.0,12.0,21.120441,24.273712,15.215407,15.301548,21.12185,24.11398,21.091732,24.21535,15.020883,15.10905,15.019938,14.904765,21.093214,23.695955,21.623562,24.795856,16.116123,15.85018,4.0,4.0,4.0,0.0,0.0,0.0,0.0,0.0
9582,2023.0,3.0,8.0,13.0,21.373728,24.397692,19.974918,23.683186,21.388086,24.290741,21.43709,24.565104,15.021059,15.164187,15.018773,14.996415,21.591368,24.375385,22.613766,26.354612,15.036696,14.920905,0.0,4.0,0.0,0.0,0.0,0.0,0.0,0.0
9583,2023.0,3.0,8.0,13.0,21.059086,23.74712,17.12891,17.517353,21.036753,23.553614,21.04273,23.71725,15.021327,15.20344,15.0198145,15.059669,21.61772,24.156534,22.314978,25.423008,15.020056,15.054711,0.0,4.0,0.0,0.0,0.0,0.0,0.0,0.0
9584,2023.0,3.0,8.0,13.0,21.136578,23.806667,15.218347,14.942726,21.144764,23.693016,21.146128,23.809464,15.022063,15.233423,15.020848,15.106435,22.66997,25.856716,23.158587,26.834972,15.024215,15.1665745,0.0,0.0,0.0,0.0,0.0,4.0,0.0,0.0
9585,2023.0,3.0,8.0,13.0,21.07344,23.637465,15.01137,14.847664,21.103151,23.509619,21.0791,23.623598,15.022299,15.255918,15.000772,15.090606,20.928864,22.55695,20.87753,22.615837,15.0232315,15.234686,0.0,4.0,4.0,0.0,4.0,0.0,4.0,0.0
9586,2023.0,3.0,8.0,13.0,21.133038,23.697723,15.019619,15.004731,21.10807,23.455532,21.111267,23.674353,15.022668,15.273537,19.863499,23.194616,21.564173,23.670334,21.152744,23.229986,15.453074,16.079882,0.0,4.0,0.0,0.0,0.0,0.0,0.0,4.0
9587,2023.0,3.0,8.0,13.0,21.122078,23.611853,15.01874,15.097698,21.129396,23.463741,21.131979,23.621841,15.022907,15.287597,16.985064,17.262505,21.695305,23.80686,22.552725,25.66138,19.555079,23.077602,0.0,0.0,0.0,0.0,0.0,0.0,0.0,0.0
9588,2023.0,3.0,8.0,14.0,21.070648,23.489594,15.047375,15.199346,21.123213,23.400038,21.127176,23.538914,15.223967,15.65315,15.236277,14.944705,21.010366,22.542938,22.557343,25.488361,16.111858,15.847485,4.0,0.0,0.0,4.0,0.0,0.0,0.0,0.0
9589,2023.0,3.0,8.0,14.0,18.133657,17.834278,19.823599,23.584139,18.239248,17.831654,18.581915,18.643343,20.088034,23.854872,15.007246,14.8104315,19.744282,20.13135,19.482407,19.478312,15.035641,14.920864,0.0,0.0,0.0,0.0,0.0,4.0,0.0,0.0
9590,2023.0,3.0,8.0,14.0,16.574404,15.919821,17.05269,17.514582,17.71979,17.916084,17.0932,16.778038,16.409128,16.222979,15.021246,14.961462,17.994919,17.234428,17.884483,17.54194,15.020053,15.055775,0.0,4.0,0.0,0.0,0.0,0.0,0.0,0.0
9591,2023.0,3.0,8.0,14.0,15.992605,15.291878,15.0140705,14.79174,17.669895,17.97017,16.511908,16.131977,15.019089,14.804415,15.021879,15.045523,17.997465,17.845053,17.261656,16.879627,15.024908,15.170652,0.0,4.0,0.0,0.0,0.0,4.0,0.0,0.0
9592,2023.0,3.0,8.0,14.0,16.037794,15.773931,15.03108,14.999974,16.303183,15.567538,16.138256,15.769463,15.021151,14.981324,15.022188,15.105977,17.197744,16.403877,16.853079,16.492289,15.02432,15.243289,0.0,0.0,0.0,0.0,0.0,0.0,0.0,0.0
9593,2023.0,3.0,8.0,14.0,15.9227495,15.722181,15.019162,15.090736,16.23353,15.9672165,15.8147545,15.439674,15.024035,15.097917,15.023156,15.152258,16.641401,15.776046,16.500183,16.141352,15.025416,15.2988,0.0,4.0,0.0,0.0,0.0,0.0,0.0,0.0
9594,2023.0,3.0,8.0,15.0,16.529287,17.060495,15.021336,15.176217,16.189566,15.976184,15.5548525,15.188741,15.023746,15.174142,15.023497,15.1864605,16.365402,15.516543,16.213537,15.870012,15.025873,15.339345,0.0,4.0,0.0,0.0,0.0,0.0,0.0,0.0
9595,2023.0,3.0,8.0,15.0,15.980415,15.9530735,15.022009,15.236739,16.029655,15.832699,15.330081,14.970493,15.023995,15.230263,15.0242815,15.217855,17.40468,17.744444,15.965121,15.633825,15.026147,15.370038,0.0,4.0,0.0,0.0,0.0,4.0,0.0,0.0
9596,2023.0,3.0,8.0,15.0,15.035538,14.533773,15.001011,15.21855,15.195858,14.416079,15.132103,14.775977,15.02465,15.272395,15.02472,15.240938,16.537949,15.815907,16.868816,17.542536,15.026511,15.394111,4.0,0.0,0.0,0.0,0.0,0.0,4.0,0.0
9597,2023.0,3.0,8.0,15.0,15.023025,14.664914,19.478788,23.027119,15.018495,14.413463,14.999146,14.688623,15.025333,15.304534,15.005121,15.20441,15.953916,15.138323,15.742782,15.144714,15.027645,15.418982,0.0,0.0,0.0,0.0,4.0,0.0,0.0,0.0
9598,2023.0,3.0,8.0,15.0,15.072259,14.886282,16.853294,17.247164,15.331361,15.122999,16.020422,15.561246,15.056187,15.389349,20.0004,23.715012,16.594162,16.540106,15.0531845,14.367482,15.021354,15.424343,0.0,4.0,0.0,0.0,4.0,4.0,0.0,0.0
9599,2023.0,3.0,8.0,15.0,15.351855,15.163266,15.297494,14.996694,15.3956585,15.241343,15.370902,15.080332,15.907671,16.758661,20.044123,23.316216,16.052086,15.36414,16.235855,15.520711,16.383251,17.749681,0.0,4.0,0.0,0.0,0.0,0.0,0.0,0.0
9600,2023.0,3.0,8.0,16.0,15.057358,14.919328,15.205176,15.292466,14.989566,14.620213,14.997319,14.800043,14.977208,15.157504,17.1271,17.30877,15.611085,14.821091,15.293727,15.006867,15.388258,15.379267,4.0,0.0,0.0,0.0,0.0,0.0,0.0,0.0
9601,2023.0,3.0,8.0,16.0,15.709529,16.268658,20.00852,23.757208,15.144233,14.980015,15.874327,15.419766,15.035645,15.318112,15.466252,15.083395,16.263514,16.214882,15.086906,14.794349,15.074691,15.383873,4.0,4.0,0.0,0.0,0.0,4.0,0.0,0.0
9602,2023.0,3.0,8.0,16.0,15.259214,15.26534,19.986057,23.123617,15.163957,15.032328,14.989905,14.89287,15.172848,15.577163,15.001489,14.618301,15.746991,15.062653,16.107618,16.843552,15.022176,15.350988,4.0,4.0,0.0,4.0,0.0,0.0,4.0,0.0
9603,2023.0,3.0,8.0,16.0,15.226448,15.370064,20.156683,23.065317,16.239769,16.917477,16.145897,16.885427,19.77912,23.529436,15.026462,14.846165,15.348749,14.577792,15.674819,15.614692,15.029051,15.408707,0.0,0.0,0.0,0.0,0.0,0.0,0.0,0.0
9604,2023.0,3.0,8.0,16.0,15.256711,15.417692,17.208155,17.108538,15.605497,15.597088,15.842879,16.278685,16.733484,16.937422,15.019721,14.959869,15.189918,14.415139,15.029065,14.734978,15.299282,15.914632,4.0,4.0,4.0,4.0,0.0,0.0,0.0,4.0
9605,2023.0,3.0,8.0,16.0,15.224772,15.382352,19.895527,22.6038,15.24877,15.136834,15.737672,16.149912,19.681898,22.625217,15.023192,15.052415,15.464453,15.078549,15.792095,15.134029,20.084637,24.094568,0.0,4.0,4.0,0.0,0.0,0.0,0.0,4.0
9606,2023.0,3.0,8.0,17.0,15.006988,15.056835,17.034407,16.706549,15.140235,15.0229,14.966747,14.837521,16.433626,16.102818,15.022945,15.113886,15.547811,15.20051,14.989856,14.811594,20.0534,23.477251,0.0,4.0,0.0,0.0,0.0,0.0,0.0,4.0
9607,2023.0,3.0,8.0,17.0,15.122336,15.281136,16.09097,16.112669,15.060726,14.943246,15.010104,14.9569,14.992815,14.56382,15.024543,15.163174,15.505527,15.159404,15.017625,14.933161,20.110048,23.200785,4.0,4.0,4.0,0.0,0.0,0.0,0.0,4.0
9608,2023.0,3.0,8.0,17.0,15.8018465,16.373684,20.127102,23.354565,15.357526,15.198263,15.276778,15.138279,15.618174,16.005758,15.024844,15.198563,16.27368,16.65488,15.812928,16.474907,20.10107,22.916466,0.0,4.0,4.0,4.0,0.0,4.0,4.0,4.0
9609,2023.0,3.0,8.0,17.0,15.294439,15.468635,17.734392,18.241442,15.101059,14.995506,15.020539,14.999684,19.386768,22.44954,15.024915,15.225282,16.18625,16.184258,15.781099,16.110792,20.132046,22.811653,4.0,4.0,0.0,0.0,0.0,4.0,4.0,0.0
9610,2023.0,3.0,8.0,17.0,15.199468,15.354946,20.292469,23.36881,15.354163,15.192575,15.289382,15.151323,16.745008,16.851028,15.025901,15.247213,15.3557415,14.678127,14.962346,14.761988,17.586039,17.729551,4.0,4.0,4.0,4.0,0.0,0.0,0.0,4.0
9611,2023.0,3.0,8.0,17.0,15.150693,15.3040905,20.064537,22.59645,15.087581,14.977822,15.367645,15.228612,20.503021,23.858274,15.025617,15.260312,15.255425,14.483826,16.012709,16.494576,20.327543,23.361763,4.0,4.0,4.0,4.0,0.0,0.0,0.0,0.0
9612,2023.0,3.0,8.0,18.0,16.240273,17.17848,20.136559,22.534868,15.347326,15.1968975,15.048129,14.943031,20.067516,22.87272,15.02585,15.270537,15.299009,14.590389,16.23071,16.878433,17.58938,17.740194,0.0,4.0,4.0,0.0,0.0,0.0,0.0,4.0
9613,2023.0,3.0,8.0,18.0,20.134268,23.739565,17.150923,16.65589,19.443935,22.644098,19.345007,22.559923,17.31316,17.297094,15.026005,15.2788515,19.869352,22.716599,20.105257,23.437729,20.32205,23.30144,0.0,0.0,0.0,4.0,0.0,0.0,0.0,0.0
9614,2023.0,3.0,8.0,18.0,20.735277,24.296434,15.936065,15.461502,20.545618,24.042418,19.98455,23.19094,20.394188,23.324202,15.026796,15.289058,20.326368,23.25838,21.178902,24.872786,16.96288,16.517649,0.0,4.0,0.0,0.0,0.0,0.0,4.0,0.0
9615,2023.0,3.0,8.0,18.0,20.681541,23.83575,15.635083,15.200379,21.029451,24.433138,20.883781,24.321198,16.948723,16.494698,15.006839,15.245749,21.146107,24.306074,21.133183,24.37387,15.274393,14.487546,0.0,4.0,4.0,0.0,4.0,4.0,0.0,0.0
9616,2023.0,3.0,8.0,18.0,21.17329,24.400768,15.327177,14.894499,20.955969,23.9801,21.149343,24.422222,15.193184,14.360811,19.597013,22.939703,21.008013,23.656742,21.517595,24.738022,15.160517,14.7794,0.0,0.0,4.0,0.0,0.0,4.0,0.0,0.0
9617,2023.0,3.0,8.0,18.0,21.13219,24.101744,15.067706,14.632662,21.144146,24.042173,21.12158,24.093246,15.166576,14.738131,16.726246,16.973068,21.32722,23.946617,22.528563,26.19354,14.9982395,14.6726675,0.0,4.0,4.0,0.0,0.0,4.0,4.0,0.0
9618,2023.0,3.0,8.0,19.0,21.107527,23.862179,15.344052,15.34179,21.113523,23.790335,21.120808,23.898619,14.992713,14.65307,15.319807,15.301741,21.573141,24.146233,22.1351,25.231537,15.024127,14.897159,4.0,4.0,4.0,0.0,4.0,4.0,0.0,0.0
9619,2023.0,3.0,8.0,19.0,21.541056,24.422482,20.081656,23.670637,21.260683,23.916231,21.206066,23.926132,15.608004,16.000937,19.763113,22.795866,21.097555,23.159039,22.177435,25.159674,15.019953,15.008538,4.0,0.0,0.0,4.0,0.0,0.0,0.0,0.0
9620,2023.0,3.0,8.0,19.0,21.097692,23.578785,19.87665,22.721579,21.086569,23.46846,21.103373,23.602125,20.449106,24.131805,16.986874,17.154337,21.645021,23.97353,22.127796,24.911377,15.021177,15.095757,4.0,4.0,4.0,4.0,0.0,4.0,0.0,0.0
9621,2023.0,3.0,8.0,19.0,21.11188,23.526154,20.050257,22.692953,21.113518,23.443249,21.139168,23.608517,20.043911,22.981335,15.250307,14.882927,21.82132,24.14233,22.993109,26.35181,15.527682,16.10293,0.0,4.0,0.0,4.0,0.0,4.0,0.0,4.0
9622,2023.0,3.0,8.0,19.0,21.127953,23.527174,17.239548,17.018618,21.132103,23.434938,21.107851,23.457325,20.13969,22.841213,15.0110035,14.773285,22.053667,24.408428,21.94023,24.213818,19.379038,22.58648,4.0,0.0,4.0,0.0,0.0,4.0,0.0,0.0
9623,2023.0,3.0,8.0,19.0,21.993258,24.838345,20.1839,22.980658,21.978447,24.700754,21.594624,24.211689,16.888422,16.336912,15.024402,14.950341,21.416277,23.127016,22.240648,24.9102,16.080221,15.6742115,4.0,4.0,0.0,0.0,0.0,0.0,4.0,0.0
9624,2023.0,3.0,8.0,20.0,22.11239,25.004374,20.074677,22.472616,21.852308,24.357365,22.140574,24.99429,16.059143,15.887014,15.024226,15.0448675,21.749825,23.73007,22.484653,25.240902,15.462072,15.637139,0.0,0.0,4.0,4.0,0.0,0.0,0.0,4.0
9625,2023.0,3.0,8.0,20.0,20.979153,22.894037,17.08841,16.559275,20.979443,22.774218,20.963303,22.865555,20.299013,23.257557,15.024202,15.109649,21.029667,22.391247,22.505228,25.100779,19.86654,23.025885,0.0,4.0,0.0,0.0,0.0,0.0,0.0,0.0
9626,2023.0,3.0,8.0,20.0,21.111916,23.192455,15.896635,15.39712,21.142082,23.145292,21.146996,23.254137,16.900766,16.419641,15.025278,15.159199,21.081596,22.571585,22.084364,24.14321,16.394665,15.971003,0.0,0.0,0.0,0.0,0.0,0.0,4.0,0.0
9627,2023.0,3.0,8.0,20.0,21.09487,23.17349,15.623625,15.17017,21.118153,23.100615,21.067968,23.139465,15.590748,15.195868,15.025771,15.196335,21.07594,22.60276,20.885544,22.115215,14.996776,14.552049,0.0,0.0,4.0,0.0,0.0,0.0,4.0,0.0
9628,2023.0,3.0,8.0,20.0,21.096363,23.17978,15.32674,14.872463,21.065603,23.029236,21.07948,23.200296,16.173704,16.5515,15.026417,15.225335,21.04729,22.551867,21.14664,22.79176,15.023621,14.829184,0.0,4.0,4.0,4.0,0.0,4.0,0.0,0.0
9629,2023.0,3.0,8.0,20.0,21.095964,23.17463,15.082067,14.636096,21.12858,23.145786,21.132252,23.285852,20.30477,23.432804,15.026692,15.247587,21.107664,22.65773,22.5574,25.26718,15.020187,14.966598,0.0,0.0,0.0,4.0,0.0,0.0,0.0,0.0
9630,2023.0,3.0,8.0,21.0,21.09469,23.160204,15.010309,14.689717,21.09273,23.029163,21.121918,23.230515,20.062786,22.713406,15.027154,15.265985,21.097929,22.605833,22.872747,25.719233,15.022106,15.06974,0.0,4.0,0.0,0.0,0.0,0.0,0.0,0.0
9631,2023.0,3.0,8.0,21.0,21.093882,23.145367,15.015238,14.823437,21.12327,23.089373,21.098896,23.135529,16.862316,16.29289,15.007063,15.230868,21.072388,22.579157,20.902704,22.185373,15.022103,15.140089,0.0,0.0,4.0,0.0,4.0,0.0,0.0,0.0
9632,2023.0,3.0,8.0,21.0,21.119146,23.200783,15.177144,15.207372,21.092813,22.987362,21.1272,23.189386,15.28252,14.417953,20.080938,23.656723,22.10691,24.559145,22.338522,24.97229,15.022296,15.191306,4.0,4.0,0.0,0.0,4.0,0.0,0.0,0.0
9633,2023.0,3.0,8.0,21.0,21.96632,24.629541,20.41092,24.358616,22.017586,24.575216,21.910078,24.49876,15.253177,14.835941,20.053913,23.330542,21.932184,23.935059,21.987736,24.186771,15.457062,16.033688,4.0,0.0,0.0,0.0,0.0,0.0,0.0,4.0
9634,2023.0,3.0,8.0,21.0,20.968302,22.75174,19.718803,22.49673,20.983969,22.65103,20.954098,22.74789,15.151041,14.7832985,17.050951,17.154482,20.946646,22.152092,20.923721,22.247381,19.556587,22.812817,0.0,0.0,4.0,0.0,0.0,0.0,0.0,0.0
9635,2023.0,3.0,8.0,21.0,21.132582,23.117777,16.620037,16.215773,21.101854,22.960215,21.087507,23.06297,14.999631,14.707653,15.440357,15.080409,21.145462,22.602663,21.102753,22.719894,16.077831,15.695017,0.0,0.0,4.0,0.0,0.0,0.0,0.0,0.0
9636,2023.0,3.0,8.0,22.0,21.109415,23.07625,15.861351,15.81189,21.061993,22.902924,21.125257,23.12864,15.018581,14.877211,14.996295,14.636521,21.068174,22.476038,22.275932,24.929222,15.04169,14.860441,4.0,4.0,0.0,0.0,0.0,0.0,0.0,0.0
9637,2023.0,3.0,8.0,22.0,21.745497,24.158792,20.160883,23.48543,21.863667,24.214615,22.023153,24.455772,15.018045,14.965139,15.028855,14.88191,21.595934,23.438612,21.859022,23.721563,15.018818,14.9764805,0.0,0.0,4.0,0.0,0.0,0.0,0.0,0.0
9638,2023.0,3.0,8.0,22.0,20.928957,22.600538,17.41206,17.648645,20.922213,22.482346,20.911415,22.507751,15.244748,15.44831,15.022606,14.989224,20.992994,22.268415,21.045113,22.55842,15.021993,15.084977,0.0,0.0,0.0,4.0,0.0,0.0,0.0,0.0
9639,2023.0,3.0,8.0,22.0,21.136126,23.060932,15.672734,15.328588,21.137789,22.925018,21.144089,23.005356,20.205399,23.801146,15.008822,15.03738,21.405668,22.948132,22.305159,24.792698,15.022135,15.155392,0.0,0.0,0.0,0.0,4.0,4.0,4.0,0.0
9640,2023.0,3.0,8.0,22.0,21.080547,22.93822,15.238035,14.820232,21.078812,22.866827,21.05871,22.888132,16.931408,17.043667,20.15111,23.61398,21.03468,22.338764,20.882027,22.09815,15.269091,15.658413,0.0,0.0,4.0,0.0,4.0,4.0,4.0,4.0
9641,2023.0,3.0,8.0,22.0,21.114965,23.028824,15.464241,15.4498205,21.086105,22.913095,21.125668,23.023731,15.871786,16.063437,20.02324,23.119734,21.101858,22.463938,22.816494,25.558723,20.307558,24.147236,4.0,0.0,0.0,4.0,4.0,0.0,0.0,0.0
9642,2023.0,3.0,8.0,23.0,21.61738,23.770597,20.067501,23.566898,21.602589,23.804773,21.588455,23.686327,19.892109,22.876156,20.118708,22.952515,21.398441,22.889072,22.086142,23.97214,16.882908,17.00569,0.0,0.0,0.0,0.0,0.0,0.0,0.0,4.0
9643,2023.0,3.0,8.0,23.0,18.97088,18.60511,17.390594,17.767582,19.442997,19.506037,19.427246,19.497221,16.560383,16.14214,17.416132,17.488066,19.056227,18.320454,19.409115,18.790586,15.523419,15.48697,0.0,0.0,0.0,0.0,0.0,0.0,0.0,4.0
9644,2023.0,3.0,8.0,23.0,18.175161,17.827183,15.927201,15.506965,18.897596,19.019707,18.164845,17.693727,15.73286,15.29946,16.513678,16.334105,18.589602,18.057407,18.61871,18.124643,15.33728,15.2912,0.0,4.0,0.0,0.0,4.0,0.0,0.0,4.0
9645,2023.0,3.0,8.0,23.0,17.810389,17.501944,15.548062,15.088601,18.668526,18.837515,18.393316,18.543655,15.507551,15.123707,15.939841,15.513013,18.379766,17.907959,18.237877,17.791195,14.987622,14.823077,0.0,4.0,4.0,0.0,0.0,0.0,0.0,0.0
9646,2023.0,3.0,8.0,23.0,17.41765,17.122864,15.257521,14.806112,17.780207,17.356968,17.601736,17.229725,15.848585,16.026806,15.794534,15.631242,18.09521,17.646133,17.823832,17.404203,15.043831,15.039365,0.0,4.0,0.0,4.0,4.0,0.0,0.0,0.0
9647,2023.0,3.0,8.0,23.0,17.848959,18.2328,15.008696,14.569908,16.638945,15.613279,16.470963,15.476587,15.347607,15.065978,15.3483715,14.964751,17.83683,17.400843,17.461311,17.05828,15.035723,15.095222,0.0,0.0,0.0,0.0,0.0,0.0,0.0,0.0
9648,2023.0,3.0,9.0,0.0,17.174831,16.981215,15.016681,14.734222,16.043982,14.948118,15.877,14.813165,14.992657,14.742399,14.99209,14.629819,17.60843,17.180014,17.148125,16.756868,15.02121,15.149982,0.0,0.0,0.0,0.0,0.0,0.0,0.0,0.0
9649,2023.0,3.0,9.0,0.0,16.183363,15.403167,15.014338,14.837069,15.714806,14.634237,16.05693,15.5205555,15.023274,14.925225,15.111542,14.988932,17.412458,16.995104,16.880102,16.502789,15.024262,15.215183,0.0,0.0,0.0,0.0,4.0,0.0,0.0,0.0
9650,2023.0,3.0,9.0,0.0,15.71992,14.893765,15.015963,14.921271,15.971788,15.431947,16.03463,15.587282,15.269599,15.471865,15.001991,14.918501,17.240513,16.832666,16.643797,16.276558,15.024788,15.260389,0.0,0.0,0.0,4.0,0.0,0.0,0.0,0.0
9651,2023.0,3.0,9.0,0.0,16.758408,17.13565,15.01642,14.98485,16.704248,16.875443,15.874249,15.447992,14.989928,14.951305,15.026672,15.050306,17.087145,16.682241,16.443624,16.093418,15.024822,15.294146,0.0,4.0,0.0,0.0,0.0,0.0,0.0,0.0
9652,2023.0,3.0,9.0,0.0,15.914907,15.295543,15.01728,15.036402,16.946095,17.23188,15.713471,15.297247,15.044089,15.089747,15.023387,15.104695,16.947647,16.545885,16.261463,15.921381,15.025143,15.320751,0.0,4.0,0.0,0.0,0.0,0.0,0.0,0.0
9653,2023.0,3.0,9.0,0.0,15.300615,14.536862,15.0179825,15.0783205,15.731347,14.919606,15.567438,15.160066,15.180726,15.38869,15.024608,15.151855,16.824886,16.426905,16.093828,15.753367,15.135884,15.528107,0.0,0.0,0.0,4.0,0.0,0.0,0.0,4.0
9654,2023.0,3.0,9.0,1.0,15.085567,14.325959,15.018688,15.113348,15.047003,14.035875,15.4275465,15.02047,14.978443,15.052682,15.025693,15.1877575,16.708984,16.309015,15.93519,15.590617,14.998836,15.30131,0.0,0.0,0.0,0.0,0.0,0.0,0.0,0.0
9655,2023.0,3.0,9.0,1.0,15.412182,15.154187,15.019014,15.142211,15.014595,14.176985,15.310552,14.914367,15.05099,15.196917,15.009415,15.171937,16.608852,16.21251,15.798024,15.456391,15.049587,15.386182,0.0,0.0,0.0,0.0,4.0,0.0,0.0,0.0
9656,2023.0,3.0,9.0,1.0,15.462326,15.250993,15.01174,15.127069,15.247145,14.792455,15.19805,14.807072,15.004777,15.0988655,15.03167,15.248576,16.515589,16.122078,15.672189,15.335049,15.041058,15.363008,4.0,0.0,0.0,4.0,0.0,0.0,0.0,0.0
9657,2023.0,3.0,9.0,1.0,15.386611,15.1821375,15.022838,15.198699,15.26232,14.851903,15.8664875,16.157393,15.016601,15.13346,15.010458,15.217883,16.432472,16.042976,15.560824,15.228968,15.024903,15.360964,0.0,0.0,4.0,4.0,4.0,0.0,0.0,0.0
9658,2023.0,3.0,9.0,1.0,15.306575,15.108969,15.020242,15.212772,15.18557,14.786878,15.437009,15.203427,15.045597,15.216986,15.030634,15.288218,16.352606,15.964679,15.453751,15.123633,15.027228,15.387094,0.0,0.0,0.0,0.0,0.0,0.0,0.0,0.0
9659,2023.0,3.0,9.0,1.0,15.221221,15.020934,15.041576,15.271804,15.094991,14.696678,15.312999,15.106126,15.076057,15.279352,15.052191,15.34235,16.275259,15.885975,15.350218,15.01795,15.1072445,15.52351,0.0,0.0,4.0,0.0,0.0,0.0,0.0,4.0
9660,2023.0,3.0,9.0,2.0,15.16552,14.988815,15.017085,15.234552,15.015805,14.625963,14.984198,14.582166,15.012564,15.1935215,15.02259,15.292391,16.207047,15.820831,15.258896,14.930356,15.03386,15.395866,0.0,0.0,0.0,0.0,0.0,0.0,0.0,0.0
9661,2023.0,3.0,9.0,2.0,15.099545,14.927189,15.041405,15.296849,15.004088,14.682006,15.045047,14.77302,15.044566,15.2921505,15.054172,15.366583,16.141539,15.757239,15.17146,14.844681,15.02659,15.340821,0.0,0.0,0.0,0.0,0.0,0.0,0.0,4.0
9662,2023.0,3.0,9.0,2.0,15.034772,14.867479,15.041258,15.299446,15.007355,14.742412,15.007535,14.759973,15.046085,15.306367,15.053762,15.363992,16.080772,15.699266,15.09024,14.766439,15.026715,15.35062,0.0,0.0,0.0,0.0,0.0,0.0,0.0,4.0
9663,2023.0,3.0,9.0,2.0,15.001291,14.866043,15.042242,15.311278,15.00984,14.79189,15.01215,14.83756,15.047401,15.327397,15.027786,15.302408,16.023098,15.644328,15.013506,14.692606,15.085975,15.50763,0.0,0.0,0.0,0.0,4.0,0.0,0.0,0.0
9664,2023.0,3.0,9.0,2.0,15.005609,14.925939,15.042824,15.3209,15.012359,14.835853,15.015332,14.890162,15.047937,15.342964,15.055548,15.395753,15.96818,15.592108,15.004025,14.744824,15.025614,15.329483,0.0,0.0,0.0,0.0,0.0,0.0,0.0,4.0
9665,2023.0,3.0,9.0,2.0,15.007903,14.967047,15.042978,15.329775,15.014283,14.874049,15.017318,14.933868,15.048307,15.356516,15.054917,15.390029,15.915708,15.542295,15.006937,14.792259,15.085249,15.5114765,0.0,0.0,0.0,0.0,0.0,0.0,0.0,0.0
9666,2023.0,3.0,9.0,3.0,15.010915,15.005706,15.04392,15.340171,15.016252,14.908982,15.019584,14.972651,15.049672,15.370475,15.055277,15.39704,15.865409,15.494623,15.009952,14.831769,15.083927,15.483669,0.0,0.0,0.0,0.0,0.0,0.0,0.0,0.0
9667,2023.0,3.0,9.0,3.0,15.00624,15.024777,15.020273,15.3061495,15.009309,14.922483,15.011075,14.985199,15.0229645,15.332559,15.025314,15.348942,16.684864,17.095373,15.007663,14.853369,15.121589,15.551206,0.0,0.0,0.0,0.0,0.0,4.0,0.0,4.0
9668,2023.0,3.0,9.0,3.0,15.007953,15.055673,15.023649,15.323511,15.010956,14.952294,15.012706,15.016775,15.026691,15.352194,15.029364,15.365391,16.174206,15.864985,15.958364,16.67175,14.9995575,15.321338,0.0,0.0,0.0,0.0,0.0,0.0,4.0,4.0
9669,2023.0,3.0,9.0,3.0,15.008531,15.081363,15.023469,15.33272,15.011189,14.976562,15.013149,15.043056,14.998031,15.283469,15.028998,15.372067,15.461427,14.681504,14.940718,14.619132,15.05235,15.463526,0.0,0.0,0.0,4.0,0.0,0.0,0.0,0.0
9670,2023.0,3.0,9.0,3.0,15.008909,15.105846,15.023636,15.342094,15.011985,15.000849,15.013985,15.068164,15.034385,15.395457,15.028739,15.378539,15.185532,14.377609,15.059404,14.906731,15.041614,15.442735,0.0,0.0,0.0,0.0,0.0,0.0,0.0,0.0
9671,2023.0,3.0,9.0,3.0,15.00942,15.128809,15.023946,15.351048,15.012304,15.023449,15.0141945,15.090226,14.994865,15.303384,15.012829,15.339826,15.548948,15.222469,15.015283,14.850994,15.044282,15.446534,0.0,0.0,0.0,4.0,4.0,0.0,0.0,0.0
9672,2023.0,3.0,9.0,4.0,15.018538,15.169291,15.046676,15.403974,15.025242,15.0720005,15.028591,15.140597,15.089964,15.499717,15.058136,15.458171,15.603506,15.251672,15.014126,14.904318,15.098581,15.546383,0.0,0.0,0.0,0.0,0.0,0.0,0.0,4.0
9673,2023.0,3.0,9.0,4.0,15.019317,15.18602,15.047141,15.404435,15.026194,15.089584,15.0290575,15.15537,15.085821,15.44174,15.057521,15.445475,15.561658,15.2111025,15.016801,14.945087,15.026518,15.3869,0.0,0.0,0.0,0.0,0.0,0.0,0.0,4.0
9674,2023.0,3.0,9.0,4.0,15.019847,15.204327,15.047649,15.411745,15.02737,15.110049,15.029699,15.172352,15.05051,15.397846,15.057934,15.450063,15.522664,15.173276,15.019076,14.978042,15.088042,15.569998,0.0,0.0,0.0,0.0,0.0,0.0,0.0,0.0
9675,2023.0,3.0,9.0,4.0,15.02165,15.224126,15.048127,15.4184885,15.027919,15.128227,15.030718,15.188933,15.052062,15.423954,15.057971,15.452382,15.483781,15.135541,15.020019,15.003804,15.086323,15.53864,0.0,0.0,0.0,0.0,0.0,0.0,0.0,0.0
9676,2023.0,3.0,9.0,4.0,15.022544,15.2409115,15.048656,15.425551,15.029578,15.148067,15.03157,15.204564,15.05208,15.435212,15.058028,15.455569,15.444985,15.0978775,15.021749,15.028233,15.085523,15.5342865,0.0,0.0,0.0,0.0,0.0,0.0,0.0,0.0
9677,2023.0,3.0,9.0,4.0,15.500288,16.137224,15.021993,15.384242,15.013513,15.13359,15.015178,15.187918,15.024138,15.395533,15.026059,15.402559,15.407215,15.06209,15.012176,15.027989,15.021979,15.449642,0.0,0.0,0.0,0.0,0.0,0.0,0.0,0.0
9678,2023.0,3.0,9.0,5.0,14.946276,15.072304,15.02597,15.401015,15.01639,15.155684,15.018262,15.2086735,15.028323,15.415013,15.030625,15.418654,15.367778,15.023013,15.014218,15.050362,15.051933,15.499949,0.0,0.0,0.0,0.0,0.0,0.0,0.0,4.0
9679,2023.0,3.0,9.0,5.0,15.061018,15.315816,15.050466,15.456901,15.03234,15.203261,15.035217,15.256293,15.05622,15.479421,15.033027,15.410887,15.329035,14.985102,15.027001,15.095408,15.090493,15.598305,0.0,0.0,0.0,0.0,4.0,0.0,0.0,0.0
9680,2023.0,3.0,9.0,5.0,15.056722,15.2754755,15.05066,15.455482,15.031801,15.210668,15.0356455,15.26355,15.055899,15.477144,15.060322,15.491911,15.291372,14.948343,15.029327,15.111146,15.088906,15.572292,0.0,0.0,0.0,0.0,0.0,0.0,0.0,0.0
9681,2023.0,3.0,9.0,5.0,15.022707,15.247595,15.0509405,15.461609,15.032979,15.225831,15.035998,15.275565,15.056255,15.484129,15.0596285,15.483141,15.253744,14.911622,15.029479,15.125268,15.055625,15.5349,0.0,0.0,0.0,0.0,0.0,0.0,0.0,0.0
9682,2023.0,3.0,9.0,5.0,15.02592,15.287469,15.051542,15.467863,15.03368,15.238777,15.036878,15.287996,15.055738,15.4883175,15.060209,15.487139,15.216455,14.875236,15.029973,15.139723,15.058369,15.565982,0.0,0.0,0.0,0.0,0.0,0.0,0.0,0.0
9683,2023.0,3.0,9.0,5.0,15.025908,15.30716,15.051652,15.47325,15.034505,15.251895,15.038025,15.3006735,15.056804,15.495802,15.034116,15.419322,15.179562,14.839238,15.031053,15.15472,15.058635,15.578853,0.0,0.0,0.0,0.0,4.0,0.0,0.0,0.0
9684,2023.0,3.0,9.0,6.0,15.027514,15.328473,15.052107,15.479394,15.035726,15.265402,15.038763,15.312148,15.00696,15.371996,15.061277,15.507404,15.14307,14.803639,15.032773,15.17031,15.060017,15.592497,0.0,0.0,0.0,4.0,0.0,0.0,0.0,0.0
9685,2023.0,3.0,9.0,6.0,19.53387,23.093775,15.023962,15.434896,19.54252,23.0069,19.506271,22.986124,19.422087,23.031893,15.027138,15.439925,19.219158,21.740995,19.96685,23.719584,15.01245,15.471977,0.0,0.0,0.0,0.0,0.0,0.0,0.0,4.0
9686,2023.0,3.0,9.0,6.0,20.489712,24.261845,15.027777,15.450228,20.57827,24.312496,20.530865,24.27854,16.43566,16.637436,15.01595,15.407166,20.028221,22.922258,20.900433,24.782612,20.31489,24.708447,0.0,0.0,0.0,0.0,4.0,0.0,0.0,4.0
9687,2023.0,3.0,9.0,6.0,20.958029,24.66912,15.027614,15.456198,21.061136,24.728924,21.006262,24.688597,15.349975,15.58436,19.224886,22.669043,20.451199,23.297018,21.133665,24.711142,19.708078,23.04088,0.0,0.0,0.0,4.0,0.0,0.0,0.0,0.0
9688,2023.0,3.0,9.0,6.0,21.143938,24.638216,15.027182,15.459742,21.13236,24.482536,21.14134,24.55935,19.262714,22.365007,16.464363,16.738613,20.760298,23.494871,21.767115,25.43413,16.095129,15.719485,0.0,0.0,0.0,0.0,0.0,0.0,0.0,0.0
9689,2023.0,3.0,9.0,6.0,21.107542,24.307066,15.005399,15.401567,21.110579,24.180908,21.111816,24.241373,16.092503,15.738009,15.0013275,14.960331,21.078135,23.78675,22.146667,25.766811,15.027313,14.799084,4.0,0.0,0.0,0.0,4.0,0.0,0.0,0.0
9690,2023.0,3.0,9.0,7.0,21.109753,24.126059,19.229527,22.687521,21.110172,23.993502,21.113007,24.059055,15.034537,14.870793,20.095171,23.54916,21.391438,24.12658,22.523773,26.173834,15.023985,15.012957,0.0,0.0,0.0,0.0,4.0,0.0,0.0,0.0
9691,2023.0,3.0,9.0,7.0,21.665445,25.01999,16.515076,16.855436,22.065062,25.615576,21.866732,25.181147,15.45234,15.826037,20.057268,23.265057,21.451284,24.071226,22.6939,26.199417,16.536171,16.460754,0.0,4.0,0.0,4.0,0.0,0.0,0.0,0.0
9692,2023.0,3.0,9.0,7.0,21.108944,23.88897,14.996295,14.974842,21.11739,23.776554,20.981045,23.458246,20.343058,24.003431,17.1158,17.256615,21.795732,24.497728,20.994701,23.044506,15.011114,15.099653,0.0,0.0,0.0,4.0,0.0,0.0,0.0,0.0
9693,2023.0,3.0,9.0,7.0,21.102152,23.789948,15.027048,15.168186,21.102242,23.659279,21.122232,23.690628,20.06853,23.160488,15.862166,15.843126,20.971903,22.842943,21.208363,23.500961,15.027481,15.224719,0.0,0.0,0.0,0.0,4.0,4.0,0.0,0.0
9694,2023.0,3.0,9.0,7.0,21.139395,23.77687,15.362141,15.932897,21.145447,23.67396,21.145073,23.690285,17.123362,17.122658,20.431013,23.68215,21.12789,23.131588,21.703623,24.447329,15.933523,16.722116,0.0,0.0,0.0,4.0,4.0,0.0,4.0,0.0
9695,2023.0,3.0,9.0,7.0,21.246347,23.95782,15.838041,16.524172,21.247942,23.819403,21.352459,24.061216,20.375357,23.460459,20.06241,22.808214,21.176723,23.113548,21.372612,23.78868,15.465426,16.037811,4.0,0.0,0.0,0.0,0.0,4.0,0.0,0.0
9696,2023.0,3.0,9.0,8.0,21.101095,23.54055,19.610706,23.091797,21.075375,23.403082,21.100824,23.512756,16.86432,16.45199,16.827126,16.32669,21.110176,22.927238,21.112778,23.217613,15.067472,15.333384,0.0,4.0,0.0,0.0,0.0,0.0,0.0,0.0
9697,2023.0,3.0,9.0,8.0,18.153618,17.84706,16.97114,17.418877,18.645756,18.733377,18.590326,18.66207,15.094835,14.320776,15.927447,15.81167,19.084059,18.948183,18.235184,17.653696,15.019785,15.302891,0.0,0.0,0.0,0.0,4.0,4.0,0.0,0.0
9698,2023.0,3.0,9.0,8.0,17.236055,17.119493,15.435162,15.128663,16.648916,15.773466,17.774212,18.025927,15.783053,16.087759,20.38404,23.399696,17.527426,16.6724,17.207462,16.813337,15.757245,15.510106,0.0,0.0,4.0,4.0,0.0,0.0,0.0,0.0
9699,2023.0,3.0,9.0,8.0,16.286734,15.605131,15.005656,14.862154,15.842578,14.841192,16.910934,16.630917,19.942242,22.99068,17.533636,17.714262,16.87668,15.955468,16.855782,16.497858,15.309357,15.896457,0.0,0.0,0.0,0.0,0.0,0.0,0.0,4.0
9700,2023.0,3.0,9.0,8.0,15.681659,14.933096,15.0230465,15.043391,16.640766,16.766882,15.796341,14.912687,16.647333,16.298613,16.185019,16.162546,17.323677,17.131739,17.601536,18.221851,20.438606,24.467957,0.0,4.0,0.0,0.0,4.0,4.0,4.0,4.0
9701,2023.0,3.0,9.0,8.0,16.10846,16.034948,15.03443,15.139026,16.2415,15.947621,15.219819,14.26116,15.370704,14.674055,20.40498,23.438211,16.645367,15.8404,16.352125,15.689175,20.02351,23.368898,4.0,0.0,0.0,0.0,0.0,0.0,0.0,0.0
9702,2023.0,3.0,9.0,9.0,15.454948,14.825064,19.676601,23.351374,15.972069,15.693884,16.1126,16.27619,15.052085,14.690464,17.80583,18.214708,16.958485,16.8121,15.569937,14.821402,16.432232,16.096378,0.0,4.0,4.0,0.0,4.0,4.0,0.0,0.0
9703,2023.0,3.0,9.0,9.0,15.735519,15.693834,16.875748,17.274906,15.17896,14.339672,16.468966,16.811483,15.011648,14.8105545,19.907843,22.382345,16.3586,15.623226,16.336447,16.555666,14.98198,14.556823,0.0,0.0,4.0,0.0,0.0,0.0,4.0,0.0
9704,2023.0,3.0,9.0,9.0,15.867612,15.915517,15.4496565,15.568752,15.027005,14.382078,15.250666,14.520867,15.450807,15.781394,17.075336,16.648178,16.713936,16.628994,15.549456,14.88615,15.029586,14.90943,4.0,0.0,0.0,4.0,0.0,4.0,0.0,0.0
9705,2023.0,3.0,9.0,9.0,15.795792,15.85397,20.093912,23.84625,15.54461,15.185307,15.3012905,15.030033,20.123241,23.64048,16.112226,16.021137,16.840322,16.765177,16.152617,16.47803,15.645582,16.248531,4.0,0.0,4.0,0.0,4.0,4.0,4.0,4.0
9706,2023.0,3.0,9.0,9.0,15.0000925,14.561782,19.767565,22.726477,15.593107,15.364316,14.988123,14.5137615,17.004093,17.117718,20.478329,23.476484,16.055073,15.330419,15.39428,14.816049,19.669092,23.118292,0.0,0.0,0.0,4.0,4.0,0.0,0.0,0.0
9707,2023.0,3.0,9.0,9.0,15.390844,15.424792,16.522743,16.175486,15.880777,16.165651,15.188078,14.980063,20.963509,24.515564,20.069725,22.54671,16.437416,16.368446,15.908046,16.19426,16.207384,15.913645,0.0,4.0,4.0,4.0,0.0,4.0,4.0,0.0
9708,2023.0,3.0,9.0,10.0,14.982723,14.695373,15.698592,15.689066,16.091372,16.475002,15.002037,14.701647,19.979008,22.563782,17.059725,16.541645,15.867198,15.161206,16.146898,16.425686,15.023275,14.82292,4.0,4.0,0.0,0.0,0.0,0.0,4.0,0.0
9709,2023.0,3.0,9.0,10.0,15.555281,15.581025,20.0147,23.376295,15.58698,15.485391,15.101189,14.9328165,16.87976,16.41276,15.84501,15.372417,15.444921,14.655362,15.180125,14.609821,15.023668,15.022992,0.0,4.0,4.0,0.0,0.0,0.0,0.0,0.0
9710,2023.0,3.0,9.0,10.0,15.433066,15.527157,17.667082,18.30109,15.328184,15.170625,15.098519,14.953559,15.316351,14.522908,15.577013,15.151718,16.107578,16.055521,15.034081,14.7040415,15.025324,15.151158,4.0,4.0,4.0,0.0,0.0,4.0,0.0,0.0
9711,2023.0,3.0,9.0,10.0,15.441793,15.549738,19.907667,22.783224,14.998479,14.698823,15.019756,14.898298,15.192937,14.773722,15.275604,14.8538265,16.338608,16.303986,15.057663,14.83203,15.02566,15.23746,4.0,0.0,0.0,0.0,0.0,4.0,0.0,0.0
9712,2023.0,3.0,9.0,10.0,15.398867,15.513449,20.063778,22.770618,15.093227,14.9319515,16.417953,17.383112,15.8653555,16.22178,15.003443,14.606492,16.351654,16.314823,16.539942,17.470354,15.026403,15.303644,0.0,4.0,0.0,4.0,0.0,4.0,0.0,0.0
9713,2023.0,3.0,9.0,10.0,14.986976,14.8602915,16.871553,16.43688,15.020594,14.869348,15.007766,14.836634,19.707088,22.722343,15.021724,14.796033,15.580404,14.8524275,15.007096,14.739626,15.026724,15.351705,0.0,0.0,0.0,0.0,0.0,0.0,0.0,0.0
9714,2023.0,3.0,9.0,11.0,15.029457,15.009403,15.605623,15.151323,15.020047,14.881768,15.014927,14.947998,16.624418,16.285675,15.140721,15.134918,16.03234,16.003757,15.016121,14.842626,15.027262,15.387469,0.0,4.0,0.0,0.0,4.0,4.0,0.0,0.0
9715,2023.0,3.0,9.0,11.0,15.165315,15.27712,15.784825,15.775082,15.033895,14.983142,15.430604,15.78762,15.289256,14.9213295,19.804825,22.899809,15.473382,14.764321,15.011486,14.899935,15.027809,15.41466,4.0,0.0,4.0,0.0,0.0,0.0,0.0,0.0
9716,2023.0,3.0,9.0,11.0,15.833313,16.324911,20.126966,23.530428,15.90019,16.333405,15.58768,15.996814,15.028449,14.6729965,17.093346,17.323969,15.078969,14.298358,15.9216385,15.304299,15.027859,15.434344,0.0,0.0,4.0,0.0,0.0,0.0,0.0,0.0
9717,2023.0,3.0,9.0,11.0,15.608066,15.806467,17.423119,17.777994,14.97176,14.80822,14.973283,14.92802,15.0221615,14.862509,15.386269,15.05759,15.816051,15.817159,15.000475,14.940049,15.284689,15.896665,0.0,0.0,0.0,0.0,0.0,4.0,0.0,4.0
9718,2023.0,3.0,9.0,11.0,14.986593,14.905614,15.608518,15.307655,15.449976,15.798217,15.041554,15.100884,15.522728,15.928914,14.993967,14.66223,16.061066,16.0478,15.016211,15.010067,19.047153,22.397217,0.0,4.0,0.0,4.0,0.0,4.0,0.0,0.0
9719,2023.0,3.0,9.0,11.0,15.032129,15.068749,15.117434,14.723092,14.989246,14.960176,15.032809,15.107943,20.091364,23.753878,15.024142,14.868961,16.084011,16.068142,15.014454,15.038356,15.656345,15.319393,0.0,0.0,0.0,0.0,0.0,4.0,0.0,0.0
9720,2023.0,3.0,9.0,12.0,15.027143,15.105545,15.011474,14.757856,15.010151,15.000642,15.015997,15.131119,17.0027,17.118122,15.020054,14.961809,16.108913,16.092487,15.015355,15.06573,15.09773,15.238209,0.0,4.0,0.0,4.0,0.0,4.0,0.0,0.0
9721,2023.0,3.0,9.0,12.0,19.914392,23.698452,15.198321,15.247409,19.164152,22.291632,20.579742,24.837955,19.877213,22.677284,15.021419,15.036198,19.9324,22.561743,20.191711,23.826431,15.017512,15.20448,4.0,0.0,4.0,0.0,0.0,4.0,0.0,0.0
9722,2023.0,3.0,9.0,12.0,20.607931,24.374039,20.077724,23.844477,20.32164,23.782597,20.648014,24.369484,16.694841,16.301752,15.021605,15.087628,19.791147,22.092789,20.967466,24.825258,15.026968,15.29925,4.0,4.0,0.0,0.0,0.0,0.0,0.0,0.0
9723,2023.0,3.0,9.0,12.0,21.117899,24.823755,19.968601,23.042456,20.865284,24.26247,20.421274,23.50883,14.987659,14.295139,15.021443,15.12186,20.112808,22.353884,21.168423,24.710447,15.025822,15.342925,4.0,4.0,0.0,0.0,0.0,0.0,0.0,0.0
9724,2023.0,3.0,9.0,12.0,21.527279,25.18988,20.140522,22.972952,21.280043,24.611286,20.738527,23.761202,15.045101,14.692434,15.021166,15.143068,21.076057,23.760506,21.94887,25.708515,15.025891,15.370313,4.0,4.0,0.0,0.0,0.0,4.0,0.0,0.0
9725,2023.0,3.0,9.0,12.0,21.909952,25.565815,20.128305,22.696575,21.667416,24.973722,21.821417,25.429363,15.005826,14.754026,15.000222,15.105463,21.41716,24.065546,23.0955,27.322454,15.025992,15.386621,0.0,4.0,0.0,0.0,4.0,4.0,4.0,0.0
9726,2023.0,3.0,9.0,13.0,20.978848,23.671503,17.386747,17.231993,21.062588,23.67952,20.9841,23.67948,15.017102,14.899356,19.694122,22.863506,21.050587,23.165127,20.868717,23.024513,15.025369,15.393988,4.0,0.0,4.0,0.0,0.0,4.0,0.0,0.0
9727,2023.0,3.0,9.0,13.0,21.927958,25.192175,20.207626,22.989607,21.816257,24.760841,21.915522,25.1425,15.016865,14.984612,16.981184,17.240278,21.229513,23.359617,22.067667,25.055859,15.025803,15.399347,4.0,4.0,0.0,0.0,0.0,0.0,0.0,0.0
9728,2023.0,3.0,9.0,13.0,22.24828,25.574638,20.056261,22.419333,22.012075,24.891872,21.52731,24.23983,15.017667,15.0465975,15.236996,14.923005,21.415104,23.557121,22.137774,24.939594,15.025382,15.399944,4.0,4.0,0.0,0.0,0.0,0.0,0.0,0.0
9729,2023.0,3.0,9.0,13.0,22.000036,24.982307,20.130875,22.406292,22.564358,25.761007,22.385344,25.635914,15.426027,15.849795,15.007787,14.783113,21.555174,23.677439,23.366856,27.04261,15.024805,15.402297,0.0,4.0,4.0,4.0,0.0,0.0,0.0,0.0
9730,2023.0,3.0,9.0,13.0,20.989561,23.08699,17.330763,16.923393,20.92152,22.723671,20.964067,22.99365,20.223152,23.778522,15.159824,15.188798,21.026102,22.668024,21.866003,24.098042,15.024798,15.403957,0.0,4.0,0.0,0.0,4.0,0.0,4.0,0.0
9731,2023.0,3.0,9.0,13.0,21.13672,23.413729,16.611158,16.597414,21.123598,23.167526,21.145916,23.368185,16.6235,16.364798,19.955784,23.144508,21.794094,24.003275,22.697615,25.618496,15.024879,15.406106,4.0,4.0,0.0,0.0,0.0,4.0,0.0,0.0
9732,2023.0,3.0,9.0,14.0,21.72564,24.328205,20.211882,23.134632,21.194744,23.342907,21.288023,23.681149,15.5611725,15.550683,17.453705,17.936123,21.59553,23.562431,21.194555,22.920237,15.024854,15.408544,0.0,0.0,4.0,4.0,4.0,0.0,4.0,0.0
9733,2023.0,3.0,9.0,14.0,19.715536,20.377575,18.021734,18.518457,18.849522,18.811634,19.184452,19.649837,20.88903,24.513262,20.38176,23.452608,19.492748,19.39414,19.303448,19.416029,15.991622,16.899591,4.0,4.0,4.0,4.0,0.0,4.0,4.0,0.0
9734,2023.0,3.0,9.0,14.0,17.450611,16.906029,20.170517,22.918451,17.659214,17.39461,17.695486,17.506943,19.978672,22.61684,17.548052,17.745909,17.896162,17.089994,17.648996,16.948298,14.968354,15.122643,0.0,4.0,4.0,0.0,0.0,0.0,0.0,0.0
9735,2023.0,3.0,9.0,14.0,17.273018,17.225397,17.333538,17.09612,17.246616,16.992317,17.132708,16.909752,16.970417,16.5884,15.889079,15.579265,17.274174,16.419819,17.861824,18.006617,15.349331,15.94542,0.0,4.0,4.0,0.0,0.0,0.0,4.0,4.0
9736,2023.0,3.0,9.0,14.0,16.494646,15.921023,16.363943,15.855914,16.362516,15.560153,16.23306,15.458868,15.807866,15.033282,15.522657,15.161309,16.991102,16.14819,17.871988,18.074812,20.066727,24.04108,0.0,0.0,0.0,0.0,0.0,0.0,4.0,4.0
9737,2023.0,3.0,9.0,14.0,16.673464,16.676025,16.509516,16.52424,15.776693,14.903498,15.641133,14.795091,15.684341,15.288731,15.252377,14.899788,17.111761,16.68617,16.782726,16.205439,19.768673,22.992853,4.0,0.0,0.0,0.0,0.0,0.0,0.0,0.0
9738,2023.0,3.0,9.0,15.0,16.710464,16.800823,20.162567,23.120344,15.451832,14.596761,16.020546,15.801878,15.51982,15.189456,15.023783,14.678513,17.068565,16.71338,16.097263,15.417572,17.044106,17.355944,0.0,0.0,4.0,0.0,0.0,0.0,0.0,4.0
9739,2023.0,3.0,9.0,15.0,15.870133,15.361412,17.716814,17.995989,16.331911,16.543365,15.427357,14.72017,15.287366,14.976259,15.019428,14.836198,17.741798,18.140919,16.818714,17.090422,20.4237,23.719091,0.0,4.0,0.0,0.0,0.0,4.0,4.0,0.0
9740,2023.0,3.0,9.0,15.0,16.139181,16.208118,16.121975,15.858863,16.690762,17.078321,15.671237,15.495801,15.077604,14.778548,15.0155945,14.93281,17.513046,17.50512,16.099041,15.576914,16.870329,16.624815,0.0,4.0,4.0,0.0,0.0,4.0,0.0,0.0
9741,2023.0,3.0,9.0,15.0,15.526215,15.03932,15.670882,15.333137,15.55073,14.927826,15.795757,15.711828,15.008338,14.816374,15.018113,15.009687,17.341633,17.339056,16.582739,16.901964,15.152513,14.544572,0.0,0.0,4.0,0.0,0.0,4.0,4.0,0.0
9742,2023.0,3.0,9.0,15.0,15.091275,14.525249,15.398374,15.053441,14.9940815,14.292474,15.7302265,15.662807,15.015931,14.937497,15.018602,15.064094,16.53274,15.864601,16.783888,17.106825,15.020012,14.730114,0.0,0.0,4.0,0.0,0.0,0.0,4.0,0.0
9743,2023.0,3.0,9.0,15.0,15.00715,14.547296,15.184655,14.845272,15.019065,14.487435,15.660673,15.607018,15.016041,15.013873,15.019092,15.105417,16.093628,15.359637,15.744436,15.173295,15.018127,14.912451,0.0,0.0,4.0,0.0,0.0,0.0,0.0,0.0
9744,2023.0,3.0,9.0,16.0,15.973924,16.521376,15.002826,14.682104,15.062005,14.713918,14.989709,14.527455,15.016939,15.072211,15.019481,15.137459,15.910185,15.188676,15.216688,14.615439,15.020161,15.058683,0.0,0.0,0.0,0.0,0.0,0.0,0.0,0.0
9745,2023.0,3.0,9.0,16.0,15.914385,16.136703,15.0145,14.826593,15.017099,14.7055235,15.031177,14.720773,15.425812,15.8757105,15.020267,15.163582,16.157389,15.829439,14.986487,14.396632,15.023863,15.16192,0.0,0.0,0.0,4.0,0.0,0.0,0.0,0.0
9746,2023.0,3.0,9.0,16.0,15.018355,14.697441,15.011943,14.913037,15.006226,14.775915,15.267945,15.220257,20.293251,24.212124,15.020298,15.184206,16.191643,15.894221,15.016956,14.573677,15.0222645,15.2299385,0.0,0.0,4.0,4.0,0.0,0.0,0.0,0.0
9747,2023.0,3.0,9.0,16.0,15.47967,15.670396,15.232273,15.385366,15.644016,16.039783,14.987781,14.7485695,20.058578,23.199461,15.020725,15.201716,16.127535,15.829559,15.077831,14.813096,15.022618,15.281433,4.0,4.0,0.0,0.0,0.0,0.0,0.0,0.0
9748,2023.0,3.0,9.0,16.0,15.645194,15.878949,19.768423,23.3073,15.219329,15.100548,15.184045,15.160028,16.77643,16.498047,15.021091,15.216086,16.059835,15.764597,15.044646,14.798152,15.023413,15.325703,0.0,0.0,4.0,0.0,0.0,0.0,0.0,0.0
9749,2023.0,3.0,9.0,16.0,15.648861,15.8942795,17.185305,17.6255,15.023472,14.900697,15.001626,14.865135,15.200004,14.549936,15.020978,15.227452,15.995891,15.701719,15.001589,14.793773,15.023643,15.357317,0.0,0.0,0.0,0.0,0.0,0.0,0.0,0.0
9750,2023.0,3.0,9.0,17.0,15.640072,15.890641,15.86106,16.06236,15.023962,14.934423,15.028489,14.962684,15.105585,14.782944,15.021779,15.23839,15.935151,15.641512,15.01005,14.862376,15.436581,16.132954,4.0,0.0,0.0,0.0,0.0,0.0,0.0,4.0
9751,2023.0,3.0,9.0,17.0,15.619338,15.86915,19.960608,23.20526,15.549206,15.966195,15.631487,15.844179,15.785076,16.20181,15.022576,15.248881,15.881448,15.591156,15.221374,14.953092,20.154594,24.14694,0.0,4.0,0.0,4.0,0.0,0.0,0.0,4.0
9752,2023.0,3.0,9.0,17.0,15.607187,15.865756,17.751722,18.387674,15.768144,16.243853,15.283817,15.208149,19.962492,23.303068,15.021327,15.249867,15.828923,15.539311,14.99403,14.829011,20.065798,23.45896,4.0,4.0,0.0,0.0,0.0,0.0,0.0,0.0
9753,2023.0,3.0,9.0,17.0,15.591745,15.853018,20.214117,23.240673,15.404439,15.4894495,15.966358,15.594626,16.744133,16.541857,15.022445,15.254742,15.779089,15.490101,16.386427,16.149061,17.181128,17.483006,4.0,4.0,0.0,0.0,0.0,0.0,0.0,4.0
9754,2023.0,3.0,9.0,17.0,15.57513,15.839242,20.067331,22.637299,15.219008,15.250146,15.665786,16.112116,14.9979315,14.425502,15.02177,15.253682,15.732294,15.444035,15.117532,14.925354,20.324139,23.69373,0.0,4.0,4.0,0.0,0.0,0.0,0.0,0.0
9755,2023.0,3.0,9.0,17.0,15.557191,15.824064,17.17934,16.878664,15.170082,15.199424,15.033818,15.01317,15.067815,14.765044,15.021158,15.254242,16.49024,16.915915,15.021074,14.947261,16.895721,16.663631,0.0,4.0,0.0,0.0,0.0,4.0,0.0,0.0
9756,2023.0,3.0,9.0,18.0,15.536056,15.802966,16.456207,16.528818,15.1379175,15.169978,15.078072,15.0995,15.71372,16.150316,15.02194,15.259806,16.015078,15.773788,15.009399,14.967997,15.229447,14.660298,4.0,4.0,4.0,4.0,0.0,0.0,0.0,0.0
9757,2023.0,3.0,9.0,18.0,20.260595,24.061928,20.204197,23.26354,19.315645,22.509129,19.296824,22.503944,19.50836,22.566668,15.0224085,15.266167,19.159615,21.23438,20.224533,23.798252,15.061764,14.763812,4.0,0.0,0.0,0.0,0.0,0.0,0.0,0.0
9758,2023.0,3.0,9.0,18.0,20.173744,23.373293,20.075039,22.629812,20.437162,23.913357,20.407446,23.893694,16.487928,16.218824,15.001845,15.217501,20.430353,23.220934,21.0259,24.83747,15.008158,14.859535,0.0,4.0,4.0,0.0,4.0,4.0,0.0,0.0
9759,2023.0,3.0,9.0,18.0,21.15935,24.68264,17.195679,16.866066,21.04127,24.493496,21.00264,24.466873,16.081774,16.519766,19.621635,22.954138,20.923601,23.699492,21.11315,24.52195,15.020036,15.024925,0.0,4.0,4.0,4.0,0.0,4.0,0.0,0.0
9760,2023.0,3.0,9.0,18.0,21.115978,24.266087,16.02218,15.6622925,21.118988,24.25205,21.063276,24.227474,20.360435,23.818361,16.882269,17.21906,21.323444,24.05991,21.104565,24.171793,15.01945,15.116453,0.0,4.0,0.0,4.0,0.0,4.0,0.0,0.0
9761,2023.0,3.0,9.0,18.0,21.103025,23.972727,16.234396,16.310703,21.111998,23.969519,21.126179,24.081188,20.065792,22.831438,15.166291,14.919192,21.028967,23.321898,21.939962,25.614576,15.020009,15.181027,4.0,4.0,0.0,0.0,0.0,0.0,0.0,0.0
9762,2023.0,3.0,9.0,19.0,21.14311,23.896105,20.192436,23.369064,21.132107,23.834793,21.136068,23.894876,16.979452,16.600313,15.018781,14.922299,21.157381,23.337584,22.285156,25.676838,15.527738,16.17106,4.0,0.0,0.0,0.0,0.0,0.0,4.0,4.0
9763,2023.0,3.0,9.0,19.0,21.91523,25.042213,20.05635,22.65383,21.448135,24.225306,22.01945,25.29074,15.459994,14.748869,15.089756,15.154543,21.156687,23.191198,21.84104,24.774254,20.346428,24.369898,4.0,0.0,0.0,0.0,4.0,0.0,0.0,4.0
9764,2023.0,3.0,9.0,19.0,21.60742,24.386227,20.109367,22.47918,21.525066,24.233017,22.249706,25.552359,15.39477,15.05583,19.582897,22.670677,21.912489,24.372559,21.989584,24.879145,19.87703,23.00466,4.0,0.0,0.0,0.0,0.0,4.0,0.0,0.0
9765,2023.0,3.0,9.0,19.0,21.650589,24.313683,20.115921,22.316193,22.314548,25.47095,22.363386,25.54465,15.294241,14.996966,16.900913,17.1601,21.394384,23.31436,22.11033,24.885828,16.530268,16.217361,0.0,0.0,0.0,0.0,0.0,0.0,0.0,0.0
9766,2023.0,3.0,9.0,19.0,21.004297,23.150194,17.473349,17.11778,20.92351,22.895498,20.925251,22.89226,15.9280615,16.37303,15.302096,15.041895,21.066334,22.665873,20.946024,22.757498,14.996518,14.445432,0.0,0.0,4.0,4.0,0.0,0.0,0.0,0.0
9767,2023.0,3.0,9.0,19.0,21.102274,23.369747,16.353556,15.974856,21.092846,23.241568,21.123213,23.352987,20.432058,23.930437,14.995793,14.768435,21.098904,22.705917,21.107046,23.120996,16.041391,16.719755,0.0,4.0,0.0,0.0,0.0,0.0,0.0,4.0
9768,2023.0,3.0,9.0,20.0,21.087914,23.344212,16.518867,16.568163,21.094402,23.274332,21.09445,23.240046,16.868572,16.594706,15.021291,14.948667,21.04242,22.595453,21.086143,23.097368,20.40505,24.061556,4.0,0.0,4.0,0.0,0.0,4.0,0.0,4.0
9769,2023.0,3.0,9.0,20.0,21.160686,23.464268,20.268875,23.305006,21.094238,23.194979,21.122168,23.283234,15.931721,15.947624,15.019033,15.028285,21.131641,22.758533,22.592424,25.61956,20.070807,22.99932,4.0,4.0,0.0,4.0,0.0,0.0,0.0,0.0
9770,2023.0,3.0,9.0,20.0,22.293903,25.31235,20.072641,22.533886,22.523102,25.556824,22.067442,24.835976,20.528555,23.763557,15.01973,15.08747,21.998543,24.160303,22.186676,24.899956,17.500341,17.715946,0.0,4.0,0.0,4.0,0.0,4.0,4.0,4.0
9771,2023.0,3.0,9.0,20.0,20.894875,22.701525,17.56446,17.458385,20.90448,22.584455,20.936253,22.782259,20.054598,22.64286,15.019411,15.126019,20.955969,22.21982,21.024376,22.75528,20.478241,23.452051,4.0,0.0,0.0,0.0,0.0,0.0,4.0,0.0
9772,2023.0,3.0,9.0,20.0,21.902128,24.430208,20.196424,22.792646,21.937668,24.342548,21.95121,24.542429,17.069124,16.637587,15.020338,15.15651,21.711275,23.544817,22.196167,24.715443,17.104778,16.740438,4.0,0.0,0.0,0.0,0.0,0.0,0.0,0.0
9773,2023.0,3.0,9.0,20.0,23.020636,26.304544,20.063158,22.269438,22.185673,24.628458,22.671583,25.591082,16.402025,16.387997,14.999599,15.126261,22.112862,24.202475,23.063265,25.978094,15.515389,14.854142,0.0,0.0,0.0,4.0,4.0,0.0,4.0,0.0
9774,2023.0,3.0,9.0,21.0,20.887459,22.409288,17.708527,17.565695,20.92179,22.446552,20.885902,22.443258,20.377169,23.170685,19.728981,22.949121,20.95466,22.088324,20.841131,22.033077,15.409094,15.0992565,4.0,0.0,0.0,0.0,0.0,0.0,0.0,0.0
9775,2023.0,3.0,9.0,21.0,22.315372,24.930923,20.25599,22.750095,21.207022,23.09853,21.207396,23.190113,17.253433,16.892897,17.02803,17.342104,21.717945,23.440802,21.232227,22.921904,15.272876,15.000764,4.0,4.0,0.0,0.0,0.0,4.0,0.0,0.0
9776,2023.0,3.0,9.0,21.0,21.791096,23.903202,20.050928,22.105276,21.06077,22.867466,21.081532,22.995289,16.027987,15.697482,15.262735,14.979555,21.763962,23.424513,21.055172,22.60047,15.064809,14.804162,4.0,4.0,0.0,0.0,0.0,4.0,4.0,0.0
9777,2023.0,3.0,9.0,21.0,21.062275,22.738256,20.099789,22.05284,21.114466,22.980337,21.086838,23.03946,15.777664,15.466956,15.003492,14.799231,21.081991,22.321772,21.10697,22.772858,15.009796,14.866227,4.0,0.0,0.0,0.0,0.0,0.0,0.0,0.0
9778,2023.0,3.0,9.0,21.0,22.068384,24.604555,20.109306,21.987007,21.080585,22.87633,21.061804,22.989555,15.540412,15.240703,15.02071,14.946932,21.855972,23.726675,21.05922,22.668327,15.015542,14.975712,0.0,4.0,4.0,0.0,0.0,4.0,4.0,0.0
9779,2023.0,3.0,9.0,21.0,20.959654,22.51079,17.638674,17.182625,21.11024,22.941172,21.090939,23.081709,16.164469,16.605944,15.017587,15.017733,20.963747,22.00191,21.105923,22.802095,15.703797,16.342155,0.0,0.0,0.0,4.0,0.0,4.0,0.0,4.0
9780,2023.0,3.0,9.0,22.0,21.11749,22.88517,16.636845,16.233381,21.103876,22.91028,21.111374,23.07215,20.518562,23.865599,15.018974,15.075194,21.06939,22.25277,21.094355,22.777233,20.03073,23.460459,0.0,0.0,0.0,4.0,0.0,4.0,0.0,0.0
9781,2023.0,3.0,9.0,22.0,21.046131,22.8016,16.833479,16.874752,21.077776,22.891691,21.106922,23.024035,20.063574,22.716576,15.003323,15.077037,21.058176,22.255363,21.787321,23.986166,17.104439,17.352701,4.0,0.0,0.0,0.0,4.0,4.0,0.0,4.0
9782,2023.0,3.0,9.0,22.0,21.569975,23.500858,20.511654,23.348389,21.574232,23.547869,21.555138,23.60061,17.073261,16.662401,20.251387,23.810905,21.459522,22.80045,21.70231,23.607162,20.476866,23.746998,0.0,0.0,0.0,0.0,4.0,4.0,0.0,0.0
9783,2023.0,3.0,9.0,22.0,20.908016,22.413876,18.350204,18.67224,20.915855,22.448256,20.918962,22.533945,15.639388,14.952686,20.018528,23.104837,20.94212,21.937756,20.880123,22.22111,17.591661,17.812695,0.0,0.0,0.0,0.0,0.0,0.0,0.0,4.0
9784,2023.0,3.0,9.0,22.0,21.122242,22.885986,17.071102,17.203054,21.10527,22.878004,21.107002,22.955692,15.593429,15.262235,17.278143,17.458876,21.09689,22.277777,21.10722,22.73857,20.50669,23.527496,4.0,0.0,0.0,0.0,0.0,0.0,0.0,4.0
9785,2023.0,3.0,9.0,22.0,21.832664,23.97377,20.259787,23.019835,21.164753,23.025154,21.164366,23.093922,16.162447,16.460104,15.772051,15.4884615,21.599411,23.06705,21.189997,22.942553,20.062044,22.545288,0.0,0.0,0.0,4.0,0.0,0.0,0.0,0.0
9786,2023.0,3.0,9.0,23.0,20.91991,22.4142,17.961891,18.211752,21.07787,22.862854,21.080408,22.935009,20.486858,23.73239,15.37094,15.067028,20.955875,21.961946,21.03719,22.628572,17.16755,16.792122,0.0,0.0,0.0,0.0,0.0,0.0,4.0,0.0
9787,2023.0,3.0,9.0,23.0,19.342312,19.483776,16.536556,16.296432,19.193192,19.254658,19.128828,19.198303,17.151314,16.926643,15.428163,15.396541,19.537481,19.329885,18.72351,18.21451,15.800472,15.203606,0.0,0.0,0.0,0.0,4.0,0.0,0.0,0.0
9788,2023.0,3.0,9.0,23.0,18.721243,18.697044,16.688744,16.804148,18.21663,17.845783,18.86254,19.153246,15.904124,15.194406,15.108877,14.845745,18.934338,18.550365,17.800583,17.046734,15.748719,15.455307,4.0,0.0,4.0,0.0,0.0,0.0,0.0,0.0
9789,2023.0,3.0,9.0,23.0,17.766493,17.181665,16.66825,16.838,17.834482,17.466707,18.036728,17.801613,15.895523,15.546562,15.007223,14.830836,19.447903,19.78898,18.44656,18.64353,15.595971,15.339891,4.0,0.0,0.0,0.0,0.0,4.0,4.0,0.0
9790,2023.0,3.0,9.0,23.0,17.897165,17.891453,15.681159,15.043339,18.182356,18.43018,17.02925,16.282305,16.373243,16.618229,15.018201,14.953178,18.3835,17.713678,17.629423,17.074522,15.384405,15.143571,0.0,4.0,0.0,4.0,0.0,0.0,0.0,0.0
9791,2023.0,3.0,9.0,23.0,17.17204,16.620373,15.092126,14.30091,17.56414,17.31267,16.49316,15.684195,15.922771,15.71965,15.017017,15.0219145,18.498245,18.43142,16.959862,16.29769,15.185322,14.951002,0.0,0.0,0.0,0.0,0.0,4.0,0.0,0.0
9792,2023.0,3.0,10.0,0.0,16.683664,16.08044,15.011519,14.355594,17.342596,17.174295,16.590345,16.198818,15.520304,15.259868,15.017958,15.075036,17.828884,17.159908,16.621689,15.965715,15.011895,14.784789,0.0,4.0,0.0,0.0,0.0,0.0,0.0,0.0
9793,2023.0,3.0,10.0,0.0,16.419518,15.82804,15.141688,14.772986,17.231237,17.090088,17.272408,17.598959,15.312116,15.050925,15.002301,15.074373,17.352798,16.6116,16.696346,16.378736,15.015321,14.921679,0.0,4.0,4.0,0.0,4.0,0.0,0.0,0.0
9794,2023.0,3.0,10.0,0.0,16.588148,16.392776,15.144103,14.835085,16.42502,15.709907,16.75305,16.551756,15.776815,16.070915,15.007004,15.115738,17.11247,16.374027,16.639719,16.362946,15.013385,14.993742,0.0,0.0,0.0,4.0,4.0,0.0,0.0,0.0
9795,2023.0,3.0,10.0,0.0,17.370024,17.929655,15.550522,15.679794,15.978225,15.196651,15.954625,15.26647,14.946995,14.569331,15.022756,15.17988,17.29791,16.93652,16.502096,16.23617,15.014473,15.051854,4.0,0.0,0.0,0.0,0.0,0.0,0.0,0.0
9796,2023.0,3.0,10.0,0.0,16.512396,16.139833,15.7240095,15.93322,16.464289,16.304285,15.595407,14.861102,15.041015,14.83647,15.018847,15.187706,17.313614,17.001465,16.36737,16.108904,15.014998,15.095309,4.0,4.0,0.0,0.0,0.0,0.0,0.0,0.0
9797,2023.0,3.0,10.0,0.0,15.9513645,15.426058,14.9697275,14.596912,16.621714,16.544968,15.78032,15.428605,15.486761,15.756245,15.019762,15.200524,17.216698,16.901283,16.237055,15.974761,15.406679,15.856708,0.0,4.0,0.0,4.0,0.0,0.0,0.0,4.0
9798,2023.0,3.0,10.0,1.0,15.74708,15.2150135,15.030334,14.780711,16.578127,16.512411,15.803452,15.511813,15.678644,15.984983,15.003712,15.170166,17.118876,16.80357,16.119524,15.857211,14.934363,14.958174,0.0,4.0,0.0,4.0,4.0,0.0,0.0,0.0
9799,2023.0,3.0,10.0,1.0,15.9688,15.808584,15.004297,14.804004,15.834743,15.176857,16.476564,16.861805,15.383057,15.368405,15.024279,15.230071,17.032444,16.720251,16.016241,15.757236,15.039809,15.176234,0.0,0.0,4.0,4.0,0.0,0.0,0.0,0.0
9800,2023.0,3.0,10.0,1.0,16.010057,15.899939,15.008031,14.866721,15.444935,14.713959,16.048702,15.905456,14.979381,14.80347,15.004335,15.188056,16.951344,16.640503,15.91997,15.662358,15.025019,15.157502,0.0,0.0,0.0,0.0,4.0,0.0,0.0,0.0
9801,2023.0,3.0,10.0,1.0,15.945217,15.843387,15.008371,14.910857,15.276581,14.550836,15.3149,14.681398,15.031284,14.952326,15.008829,15.207279,16.876518,16.567385,15.831521,15.575723,15.016002,15.171292,0.0,0.0,0.0,0.0,4.0,0.0,0.0,0.0
9802,2023.0,3.0,10.0,1.0,15.877525,15.784257,15.009098,14.947475,15.528995,15.197576,15.011068,14.325062,15.022969,14.968495,15.040981,15.254834,16.806133,16.497856,15.74812,15.4928,15.018205,15.198295,0.0,0.0,0.0,0.0,0.0,0.0,0.0,0.0
9803,2023.0,3.0,10.0,1.0,15.822786,15.74288,15.009583,14.978122,15.572288,15.28512,15.25494,14.95467,15.37922,15.682165,15.034243,15.229954,16.74135,16.434875,15.671885,15.418527,15.342811,15.815624,0.0,0.0,0.0,4.0,0.0,0.0,0.0,4.0
9804,2023.0,3.0,10.0,2.0,15.757495,15.678694,15.009917,15.003844,15.518429,15.242012,15.298396,15.037297,14.963015,14.897544,15.019011,15.22019,17.48198,17.892015,15.602052,15.351954,14.983922,15.106257,0.0,0.0,0.0,0.0,0.0,4.0,0.0,0.0
9805,2023.0,3.0,10.0,2.0,15.691423,15.611671,15.010455,15.026798,15.456335,15.186188,15.250251,14.999198,15.037937,15.060103,15.021339,15.238776,16.639135,16.035612,16.597178,17.285305,15.035912,15.22237,0.0,0.0,0.0,0.0,0.0,0.0,4.0,0.0
9806,2023.0,3.0,10.0,2.0,15.627822,15.547532,15.010852,15.047111,15.395744,15.130353,15.192663,14.946501,15.023368,15.044571,15.021227,15.249504,16.214554,15.555033,15.697341,15.221703,15.016282,15.215291,0.0,0.0,0.0,0.0,0.0,0.0,0.0,0.0
9807,2023.0,3.0,10.0,2.0,15.565525,15.483399,15.021491,15.087148,15.331638,15.065529,15.130679,14.883517,15.023419,15.081928,15.041791,15.300006,16.086382,15.42245,15.181585,14.624744,15.035889,15.278353,0.0,0.0,0.0,0.0,0.0,0.0,0.0,0.0
9808,2023.0,3.0,10.0,2.0,15.518484,15.446693,15.010022,15.078547,15.27724,15.018678,15.078455,14.837846,15.012834,15.083816,15.018089,15.258854,16.355602,16.06015,15.0498,14.50606,15.340741,15.839111,0.0,0.0,0.0,0.0,0.0,0.0,0.0,4.0
9809,2023.0,3.0,10.0,2.0,15.483495,15.428717,15.01228,15.098462,15.221791,14.967664,15.025648,14.788378,15.015286,15.109551,15.021891,15.274051,16.39758,16.103304,15.245082,15.006112,14.979458,15.139775,0.0,0.0,0.0,0.0,0.0,0.0,0.0,0.0
9810,2023.0,3.0,10.0,3.0,15.435048,15.380669,15.024109,15.136922,15.165561,14.912889,15.001538,14.792598,15.02848,15.153886,15.042544,15.320799,16.361637,16.069056,15.263694,15.022441,15.005799,15.175114,0.0,0.0,0.0,0.0,0.0,0.0,0.0,4.0
9811,2023.0,3.0,10.0,3.0,15.383007,15.325819,15.024808,15.147605,15.112059,14.86151,15.004382,14.838149,15.028555,15.161771,15.04284,15.319354,16.321665,16.029593,15.218263,14.97753,15.057892,15.322784,0.0,0.0,0.0,0.0,0.0,0.0,0.0,0.0
9812,2023.0,3.0,10.0,3.0,15.330157,15.269359,15.024596,15.157831,15.059796,14.811163,15.00664,14.872484,15.028935,15.173847,15.042784,15.322996,16.281172,15.989635,15.169425,14.929309,15.059276,15.314073,0.0,0.0,0.0,0.0,0.0,0.0,0.0,0.0
9813,2023.0,3.0,10.0,3.0,15.279946,15.217525,15.011586,15.14417,15.010448,14.765109,15.005405,14.894773,15.24132,15.566216,15.018474,15.2833605,16.241528,15.951086,15.1216,14.882724,15.012938,15.255607,0.0,0.0,0.0,4.0,0.0,0.0,0.0,0.0
9814,2023.0,3.0,10.0,3.0,15.23673,15.178604,15.0143175,15.160059,15.003448,14.796515,15.006267,14.920969,14.973817,15.070004,15.023037,15.297876,16.20055,15.909447,15.072254,14.832068,15.02148,15.292708,0.0,0.0,0.0,0.0,0.0,0.0,0.0,0.0
9815,2023.0,3.0,10.0,3.0,15.207414,15.162271,15.014386,15.170212,15.004737,14.832646,15.0071125,14.94506,15.219849,15.5449915,15.005938,15.255895,16.16106,15.870641,15.025405,14.786073,15.307307,15.825421,0.0,0.0,0.0,4.0,4.0,0.0,0.0,4.0
9816,2023.0,3.0,10.0,4.0,15.161747,15.111481,15.014657,15.17995,15.005419,14.863041,15.007891,14.966746,14.992678,15.0921955,15.027674,15.319931,16.121986,15.831848,15.000415,14.781345,14.979487,15.192409,0.0,0.0,0.0,0.0,0.0,0.0,0.0,0.0
9817,2023.0,3.0,10.0,4.0,15.113275,15.057213,15.0284395,15.216584,15.008339,14.896866,15.013851,14.998984,15.057332,15.222333,15.0452585,15.358011,16.081816,15.790418,15.004368,14.821555,15.063079,15.365698,0.0,0.0,0.0,0.0,0.0,0.0,0.0,0.0
9818,2023.0,3.0,10.0,4.0,15.061234,14.996287,15.02918,15.220616,15.010245,14.92192,15.015179,15.016677,15.031848,15.18215,15.019162,15.283144,16.040985,15.74762,15.005356,14.844597,15.038278,15.323235,0.0,0.0,0.0,0.0,4.0,0.0,0.0,0.0
9819,2023.0,3.0,10.0,4.0,15.0167055,14.951282,15.030068,15.229116,15.011499,14.944439,15.016916,15.0357485,15.033111,15.20954,15.0467,15.370562,15.999971,15.704634,15.007439,14.868314,15.040336,15.351381,0.0,0.0,0.0,0.0,0.0,0.0,0.0,0.0
9820,2023.0,3.0,10.0,4.0,15.001184,14.959573,15.013367,15.205522,15.006533,14.9526615,15.008602,15.034407,15.211559,15.534427,15.018749,15.312421,15.95886,15.661368,15.005816,14.880425,15.018089,15.322524,0.0,0.0,0.0,4.0,0.0,0.0,0.0,0.0
9821,2023.0,3.0,10.0,4.0,15.004081,14.993495,15.017271,15.221022,15.00817,14.973856,15.010563,15.053258,14.982682,15.124606,15.008224,15.2807455,15.91627,15.615608,15.006743,14.898274,15.022561,15.343483,0.0,0.0,0.0,0.0,4.0,0.0,0.0,0.0
9822,2023.0,3.0,10.0,5.0,15.003802,15.017151,15.017178,15.22828,15.009144,14.9927,15.010527,15.067521,15.024688,15.222305,15.028793,15.340503,15.875281,15.572656,15.007919,14.915226,15.246848,15.751174,0.0,0.0,0.0,0.0,0.0,0.0,0.0,4.0
9823,2023.0,3.0,10.0,5.0,15.005075,15.0406,15.01745,15.235799,15.009746,15.009571,15.011391,15.082396,15.019386,15.225196,15.0241165,15.333694,15.832333,15.525515,15.009265,14.931282,14.957638,15.1664915,0.0,0.0,0.0,0.0,0.0,0.0,0.0,4.0
9824,2023.0,3.0,10.0,5.0,15.008419,15.067762,15.034464,15.276386,15.019258,15.044607,15.022294,15.116486,15.038134,15.272775,15.04921,15.383959,15.79029,15.480843,15.014938,14.95702,15.070129,15.435084,0.0,0.0,0.0,0.0,0.0,0.0,0.0,0.0
9825,2023.0,3.0,10.0,5.0,15.011212,15.088042,15.035041,15.276992,15.01978,15.056225,15.022795,15.124141,15.039238,15.275303,15.0491495,15.375408,15.747299,15.433727,15.016238,14.968391,15.068386,15.395368,0.0,0.0,0.0,0.0,0.0,0.0,0.0,0.0
9826,2023.0,3.0,10.0,5.0,15.0116005,15.103903,15.035543,15.282938,15.021536,15.072472,15.0240965,15.136639,15.03946,15.281958,15.049354,15.376476,15.703138,15.3853855,15.016405,14.979993,15.043936,15.371872,0.0,0.0,0.0,0.0,0.0,0.0,0.0,0.0
9827,2023.0,3.0,10.0,5.0,15.012378,15.1193905,15.036602,15.2895,15.022055,15.085324,15.025514,15.148507,15.041038,15.291791,15.024269,15.310887,15.657344,15.335306,15.017548,14.994211,15.044401,15.393173,0.0,0.0,0.0,0.0,4.0,0.0,0.0,0.0
9828,2023.0,3.0,10.0,6.0,15.007147,15.121344,15.017027,15.25917,15.010816,15.075965,15.012266,15.13324,15.019237,15.258776,15.028444,15.35,16.483381,16.93977,15.009401,14.990022,15.021337,15.362707,0.0,0.0,0.0,0.0,0.0,4.0,0.0,0.0
9829,2023.0,3.0,10.0,6.0,19.823626,23.415592,15.020088,15.271942,19.823042,23.35604,19.695515,23.140574,15.084029,15.360922,15.026661,15.350397,19.725025,22.36811,20.277393,23.836039,15.166979,15.61915,0.0,0.0,0.0,4.0,0.0,0.0,0.0,4.0
9830,2023.0,3.0,10.0,6.0,20.846313,24.702118,15.020146,15.277906,20.899916,24.730534,20.854057,24.69174,19.937746,23.771519,15.026766,15.351159,19.950056,22.36242,21.137283,24.995579,19.998383,24.002367,0.0,0.0,0.0,0.0,0.0,0.0,0.0,0.0
9831,2023.0,3.0,10.0,6.0,21.152315,24.760775,15.020385,15.28367,21.14989,24.675226,21.155746,24.741434,16.781733,16.986494,15.026881,15.349879,20.268623,22.576012,21.78501,25.626753,16.216812,15.988705,0.0,0.0,0.0,0.0,0.0,0.0,0.0,0.0
9832,2023.0,3.0,10.0,6.0,21.100077,24.31331,15.020849,15.289538,21.103271,24.233517,21.105267,24.29589,15.100417,14.808809,15.026975,15.347604,21.240627,24.050001,22.273897,26.065874,15.035628,14.926098,0.0,0.0,0.0,0.0,0.0,0.0,0.0,0.0
9833,2023.0,3.0,10.0,6.0,21.102938,24.080051,15.021053,15.294806,21.105131,23.992144,21.107834,24.060408,15.425324,15.712512,15.026924,15.34456,21.555534,24.325085,22.62484,26.327944,15.020474,15.0370655,0.0,0.0,0.0,4.0,0.0,0.0,0.0,0.0
9834,2023.0,3.0,10.0,7.0,21.101961,23.904676,15.021455,15.300376,21.103762,23.810524,21.106718,23.884043,20.127121,23.558556,15.0271845,15.342286,21.715612,24.350296,22.81611,26.344873,15.021643,15.125419,0.0,0.0,0.0,0.0,0.0,0.0,0.0,0.0
9835,2023.0,3.0,10.0,7.0,21.099089,23.766489,15.021772,15.305174,21.101633,23.671177,21.104914,23.750195,16.636848,16.344055,15.006932,15.285688,21.005114,22.90056,22.008537,24.795204,15.525145,16.120977,0.0,0.0,0.0,0.0,4.0,0.0,0.0,4.0
9836,2023.0,3.0,10.0,7.0,21.097843,23.661728,15.022232,15.30975,21.099678,23.56274,21.103178,23.645773,14.983473,14.475246,19.681843,23.25609,21.594526,23.825157,22.122843,24.669802,19.391304,22.70497,0.0,0.0,0.0,0.0,4.0,0.0,0.0,0.0
9837,2023.0,3.0,10.0,7.0,22.092999,25.218641,15.739765,16.354189,22.145828,25.193054,22.096413,25.138762,15.918318,16.154362,20.099913,23.520145,21.805601,24.029034,21.894388,24.10847,16.050325,15.700342,4.0,0.0,4.0,0.0,0.0,0.0,0.0,0.0
9838,2023.0,3.0,10.0,7.0,20.914732,23.022911,19.609621,23.060463,20.917524,22.906487,20.91188,22.96415,15.752083,16.09783,17.315834,17.702005,20.960188,22.461449,20.901047,22.390484,15.034218,14.839423,0.0,0.0,0.0,4.0,4.0,0.0,4.0,0.0
9839,2023.0,3.0,10.0,7.0,21.091026,23.350916,16.896961,17.20903,21.119867,23.304193,21.100868,23.32262,20.406015,23.956537,19.761469,22.466599,21.090126,22.7279,21.102694,22.841045,15.018231,14.961534,0.0,0.0,4.0,0.0,0.0,0.0,4.0,0.0
9840,2023.0,3.0,10.0,8.0,21.068783,23.294996,15.053288,14.80196,21.090357,23.227146,21.126783,23.327093,16.736834,16.408102,16.79312,16.402708,21.07539,22.691923,22.757843,25.770422,15.616957,16.187258,0.0,0.0,0.0,0.0,0.0,0.0,0.0,4.0
9841,2023.0,3.0,10.0,8.0,18.275642,17.903221,15.027092,14.918249,18.813358,18.836206,18.234392,17.724998,14.979214,14.353694,15.810772,15.715488,19.106031,18.894045,19.802862,19.83143,19.84622,23.181189,0.0,0.0,0.0,0.0,4.0,0.0,4.0,0.0
9842,2023.0,3.0,10.0,8.0,16.782574,16.055677,15.663515,15.926646,18.09832,18.29623,16.606194,15.672832,15.735955,16.049078,20.464483,23.620773,18.106081,17.668814,17.753101,16.975925,16.319736,15.988792,0.0,4.0,0.0,4.0,4.0,0.0,0.0,0.0
9843,2023.0,3.0,10.0,8.0,16.251272,15.498118,15.17609,15.256379,17.924377,18.167818,16.471817,15.950993,19.978334,23.085636,20.055363,22.651379,18.52328,18.789804,16.939384,16.093718,16.881538,16.658659,4.0,4.0,0.0,0.0,4.0,4.0,0.0,0.0
9844,2023.0,3.0,10.0,8.0,17.122171,17.501398,20.12364,23.978043,16.552986,15.738646,16.320454,15.88185,16.64153,16.263374,20.140514,22.550331,18.587435,18.877518,17.5277,17.613853,15.14089,14.854843,4.0,0.0,0.0,0.0,0.0,4.0,4.0,0.0
9845,2023.0,3.0,10.0,8.0,16.906342,16.9227,19.736938,22.678324,15.772049,14.792468,16.064228,15.633966,15.3230295,14.932281,17.118393,16.55113,17.331205,16.568933,16.727652,16.055899,15.015918,14.893502,0.0,0.0,0.0,0.0,0.0,0.0,0.0,0.0
9846,2023.0,3.0,10.0,9.0,16.620687,16.60424,16.577568,16.258444,15.424278,14.441731,15.831925,15.404806,15.852783,16.156157,15.884214,15.358156,16.634504,15.740487,16.05796,15.273242,15.58839,16.088022,0.0,0.0,0.0,4.0,0.0,0.0,0.0,4.0
9847,2023.0,3.0,10.0,9.0,16.499788,16.48,16.066,15.872731,16.376507,16.480408,15.660467,15.2319145,19.596176,22.591873,15.638151,15.150977,16.374825,15.467101,15.762148,14.966557,19.396685,22.638552,4.0,4.0,0.0,0.0,0.0,0.0,0.0,0.0
9848,2023.0,3.0,10.0,9.0,15.660496,15.022623,20.234163,23.435667,16.051056,15.725749,15.481912,15.057856,16.46761,16.061176,15.742769,15.629005,16.560535,16.06842,16.99049,17.563433,16.10988,15.764262,4.0,0.0,0.0,0.0,4.0,0.0,4.0,0.0
9849,2023.0,3.0,10.0,9.0,15.957276,15.8990555,20.084415,22.72913,15.192203,14.316569,16.054537,16.27455,16.030909,16.318836,20.459877,23.616253,16.574514,16.145674,16.00831,15.334433,15.480653,15.608489,4.0,0.0,4.0,4.0,4.0,0.0,0.0,4.0
9850,2023.0,3.0,10.0,9.0,16.085905,16.09224,20.120426,22.526497,16.809303,16.262125,16.286428,16.602615,20.860832,24.380411,20.033539,22.647337,17.346106,17.71947,15.32344,14.547922,19.992228,23.248682,4.0,0.0,4.0,4.0,0.0,4.0,0.0,0.0
9851,2023.0,3.0,10.0,9.0,16.028786,16.03676,20.110403,22.31634,16.225176,16.428198,15.471294,14.676681,19.971226,22.467651,17.71722,17.92004,16.336376,15.548228,15.08073,14.3162985,16.479286,16.135317,4.0,4.0,0.0,4.0,4.0,0.0,0.0,0.0
9852,2023.0,3.0,10.0,10.0,15.2345295,14.604637,20.53471,22.75681,16.440079,16.738167,15.376567,15.078645,20.470816,23.020279,20.288221,22.713114,15.766243,14.889659,15.246185,14.836454,15.706128,15.793513,4.0,4.0,4.0,0.0,0.0,0.0,0.0,4.0
9853,2023.0,3.0,10.0,10.0,15.5815735,15.53225,19.985846,21.74308,15.255854,14.487093,15.994458,16.042345,17.449553,16.951593,17.461155,17.10282,15.586625,14.709377,15.270684,14.911371,20.561834,24.080187,0.0,0.0,0.0,0.0,4.0,0.0,0.0,4.0
9854,2023.0,3.0,10.0,10.0,15.004933,14.491614,17.374596,16.74293,15.035169,14.446903,15.849369,15.712237,16.420218,16.162514,20.382788,22.896662,15.8655815,15.410006,16.29963,16.932446,20.387579,23.441534,0.0,0.0,4.0,4.0,4.0,0.0,4.0,0.0
9855,2023.0,3.0,10.0,10.0,15.4334545,15.397366,16.304106,15.7311325,15.289427,15.003091,15.533588,15.29837,21.71471,25.335793,20.057892,22.164345,15.932741,15.508208,16.279589,16.491657,16.93949,16.48713,0.0,4.0,4.0,4.0,4.0,0.0,4.0,0.0
9856,2023.0,3.0,10.0,10.0,14.985192,14.571151,15.998724,15.467211,14.989676,14.506534,14.986206,14.4492035,20.855816,23.537373,20.133772,22.138678,15.867032,15.441696,15.1818285,14.48923,15.226447,14.405737,0.0,0.0,0.0,0.0,0.0,0.0,0.0,0.0
9857,2023.0,3.0,10.0,10.0,15.025465,14.719549,16.15115,16.024134,15.028821,14.656531,15.030851,14.635503,18.07759,17.943918,17.309366,16.594692,15.801779,15.376086,15.035652,14.58841,15.150658,14.705383,4.0,0.0,0.0,4.0,0.0,0.0,0.0,0.0
9858,2023.0,3.0,10.0,11.0,15.945288,16.219158,20.236439,23.321014,15.791531,15.893277,15.352886,15.352012,20.404425,22.769659,16.187593,15.6013775,15.740372,15.314272,15.617035,15.460578,14.995388,14.647493,4.0,0.0,0.0,0.0,0.0,0.0,0.0,0.0
9859,2023.0,3.0,10.0,11.0,15.348545,15.195758,20.07745,22.577093,15.455538,15.094377,15.973589,15.410355,17.333645,16.756588,16.32045,16.147444,15.68811,15.266681,16.035465,15.271181,15.022179,14.862109,0.0,0.0,0.0,0.0,4.0,0.0,0.0,0.0
9860,2023.0,3.0,10.0,11.0,15.89724,16.377892,17.385267,17.124615,15.777019,16.040266,15.004696,14.747713,16.936766,17.118906,20.423555,23.280823,15.641242,15.223572,15.134797,14.791973,15.624025,15.788107,4.0,4.0,0.0,4.0,4.0,0.0,0.0,0.0
9861,2023.0,3.0,10.0,11.0,15.455956,15.393461,20.208588,22.822744,15.3097725,15.079339,15.513396,15.772784,21.485607,24.886253,20.031841,22.371874,16.397717,16.693249,15.343979,14.94557,15.713497,15.583855,4.0,0.0,4.0,4.0,4.0,4.0,0.0,0.0
9862,2023.0,3.0,10.0,11.0,16.01807,16.401054,20.072048,22.269865,15.158674,14.953082,15.423395,15.136014,21.365772,24.347954,20.136776,22.302055,15.942179,15.580346,15.054332,14.708525,15.719189,16.186115,0.0,4.0,0.0,0.0,0.0,0.0,0.0,4.0
9863,2023.0,3.0,10.0,11.0,14.98727,14.651077,17.606676,17.345932,15.138793,14.950629,15.125503,14.934297,18.321299,18.194279,17.28306,16.624575,16.061037,15.959766,15.975642,16.556026,20.389746,24.164074,4.0,4.0,4.0,4.0,0.0,4.0,4.0,4.0
9864,2023.0,3.0,10.0,12.0,15.0205,14.813308,20.240843,22.69719,15.098884,14.919502,15.08604,14.903121,20.398363,22.586443,16.156584,15.588001,16.20057,16.117239,15.468133,15.1466465,20.070053,23.078465,4.0,4.0,4.0,0.0,0.0,4.0,0.0,0.0
9865,2023.0,3.0,10.0,12.0,21.2652,25.780457,20.073296,22.139671,20.352581,24.12463,19.63355,22.915617,17.999727,17.856829,15.913804,15.395451,19.396479,21.54126,20.454395,23.875317,16.699743,16.259192,0.0,4.0,0.0,4.0,0.0,0.0,0.0,0.0
9866,2023.0,3.0,10.0,12.0,20.982107,24.59804,17.397755,16.877531,20.319471,23.497847,20.662563,24.146433,20.410587,22.696373,15.661697,15.174103,19.908955,22.200354,20.995728,24.300533,15.135726,14.36198,0.0,0.0,4.0,0.0,0.0,0.0,0.0,0.0
9867,2023.0,3.0,10.0,12.0,20.886698,24.015625,16.305424,15.801367,20.712774,23.76064,21.162645,24.547333,18.010971,17.913006,15.449706,14.984539,20.283363,22.520702,21.704826,25.062927,15.138812,14.735498,0.0,0.0,4.0,4.0,0.0,0.0,0.0,0.0
9868,2023.0,3.0,10.0,12.0,21.140358,24.136671,16.034517,15.579057,21.161392,24.19556,21.113369,24.119642,20.409037,22.71109,15.270583,14.824911,21.270256,24.009033,21.100832,23.74336,14.9984455,14.662158,0.0,4.0,0.0,0.0,0.0,0.0,0.0,0.0
9869,2023.0,3.0,10.0,12.0,21.101273,23.829647,15.765751,15.329204,21.106783,23.822105,21.136616,23.916496,17.519161,16.99663,15.119892,14.692587,21.532915,24.158438,22.718605,26.384077,15.016421,14.824367,0.0,4.0,0.0,0.0,0.0,0.0,0.0,0.0
9870,2023.0,3.0,10.0,13.0,21.102312,23.669966,16.006292,15.992734,21.109243,23.6416,21.07813,23.66287,16.477652,16.055225,14.998335,14.6024885,21.021559,23.025318,20.88619,22.851532,15.012944,14.90772,4.0,4.0,4.0,0.0,0.0,0.0,0.0,0.0
9871,2023.0,3.0,10.0,13.0,21.95858,24.927586,20.184399,23.413412,21.591202,24.303774,21.541967,24.30302,16.246403,15.851957,15.012117,14.716641,21.739687,24.108875,22.702435,26.011553,15.790487,16.44264,0.0,0.0,0.0,0.0,0.0,0.0,0.0,4.0
9872,2023.0,3.0,10.0,13.0,20.952742,23.062668,17.579441,17.845724,21.007282,23.130053,21.04266,23.299973,16.015598,15.636995,15.009593,14.776597,22.03393,24.435993,21.670912,23.75926,19.919113,23.380327,0.0,4.0,0.0,0.0,0.0,0.0,0.0,0.0
9873,2023.0,3.0,10.0,13.0,21.11,23.325985,16.398117,16.495779,21.135548,23.34598,21.081678,23.349308,15.821675,15.456564,15.010584,14.828312,20.94649,22.3888,20.899899,22.463158,17.168552,17.422209,4.0,0.0,4.0,0.0,0.0,0.0,0.0,4.0
9874,2023.0,3.0,10.0,13.0,21.741848,24.367092,20.208576,23.35958,22.052519,24.7566,22.13929,25.088549,16.48394,16.866693,15.010969,14.868183,22.087961,24.38362,22.06312,24.38637,20.42169,23.617174,0.0,4.0,0.0,4.0,0.0,0.0,0.0,0.0
9875,2023.0,3.0,10.0,13.0,20.984932,22.940344,17.923227,18.434902,20.927511,22.694773,20.930534,22.838932,20.415216,23.44645,15.010604,14.897844,20.9456,22.253788,22.127644,24.53021,16.9652,16.635754,4.0,4.0,0.0,0.0,0.0,0.0,0.0,0.0
9876,2023.0,3.0,10.0,14.0,21.929478,24.528381,20.25413,23.049835,21.980186,24.489025,22.236162,24.971334,17.20685,16.846546,15.011468,14.923949,21.803991,23.701942,21.913406,24.254564,15.374109,14.709325,4.0,0.0,4.0,0.0,0.0,0.0,0.0,0.0
9877,2023.0,3.0,10.0,14.0,19.092155,18.921967,20.066904,22.395708,19.091948,18.807158,19.499575,19.537693,15.677868,14.96316,15.010992,14.939168,19.862204,19.831415,19.64123,19.643925,15.299063,14.954195,0.0,0.0,4.0,0.0,0.0,0.0,0.0,0.0
9878,2023.0,3.0,10.0,14.0,17.335995,16.730488,17.368025,17.031427,17.212786,16.39904,17.94813,17.739317,15.65823,15.268212,15.011003,14.952203,18.606459,18.225988,18.190811,17.86092,15.221265,14.928671,0.0,0.0,4.0,0.0,0.0,0.0,0.0,0.0
9879,2023.0,3.0,10.0,14.0,16.742481,16.100264,16.709478,16.746384,16.995142,16.552517,16.86674,16.104603,15.623681,15.292816,15.011837,14.967735,18.197079,17.793938,17.65488,17.296562,15.066296,14.786662,4.0,0.0,0.0,0.0,0.0,0.0,0.0,0.0
9880,2023.0,3.0,10.0,14.0,17.5339,17.98004,20.199198,23.044054,16.80902,16.446598,16.23729,15.420476,15.496121,15.180241,15.012307,14.982729,17.92522,17.533825,17.298025,16.951797,15.005469,14.808118,0.0,0.0,0.0,0.0,0.0,0.0,0.0,0.0
9881,2023.0,3.0,10.0,14.0,17.337864,17.485523,18.141106,18.662857,17.249283,17.519384,15.871442,15.071964,15.372228,15.06634,15.0121565,14.995299,17.704021,17.325724,17.00713,16.673498,15.012494,14.9098625,4.0,4.0,0.0,0.0,0.0,0.0,0.0,0.0
9882,2023.0,3.0,10.0,15.0,16.349964,15.85865,20.268295,22.882717,16.704842,16.495302,15.961763,15.563081,15.260119,14.961941,15.012918,15.008445,18.329735,18.690416,16.76279,16.441963,15.012339,14.977296,4.0,0.0,0.0,0.0,0.0,4.0,0.0,0.0
9883,2023.0,3.0,10.0,15.0,16.62993,16.74365,20.048826,22.207365,16.529211,16.413982,16.668472,17.012108,15.159439,14.868388,15.01254,15.016787,17.75335,17.477646,16.55088,16.239975,15.01337,15.03252,4.0,4.0,4.0,0.0,0.0,0.0,0.0,0.0
9884,2023.0,3.0,10.0,15.0,15.983641,15.510541,20.100195,22.145746,15.780231,15.102391,16.150826,15.9632845,15.070693,14.787605,15.012457,15.023781,16.986132,16.27118,16.36942,16.07035,15.014157,15.074408,4.0,0.0,0.0,0.0,0.0,0.0,0.0,0.0
9885,2023.0,3.0,10.0,15.0,16.356043,16.518864,20.108511,22.064295,15.345936,14.604207,16.079594,16.042728,14.997707,14.733952,15.012447,15.030637,16.662025,15.922216,16.209208,15.920523,15.01447,15.107257,0.0,0.0,4.0,0.0,0.0,0.0,0.0,0.0
9886,2023.0,3.0,10.0,15.0,16.492294,16.71258,17.983812,17.892294,15.144927,14.422265,16.071087,16.068123,15.007442,14.809518,15.012435,15.037645,16.840872,16.45876,16.070004,15.794201,15.014852,15.134163,4.0,0.0,4.0,0.0,0.0,0.0,0.0,0.0
9887,2023.0,3.0,10.0,15.0,15.727813,15.330227,20.257494,22.572092,15.3232,14.959264,15.333889,14.760486,15.006815,14.854395,15.013201,15.048207,16.883142,16.563242,15.942696,15.676412,15.015365,15.157175,4.0,0.0,0.0,0.0,0.0,0.0,0.0,0.0
9888,2023.0,3.0,10.0,16.0,16.112484,16.332506,20.047388,21.97512,15.367934,15.084624,15.654962,15.638877,15.00816,14.895827,15.013146,15.057915,16.81402,16.507656,15.825995,15.566857,15.015944,15.177659,4.0,0.0,4.0,0.0,0.0,0.0,0.0,0.0
9889,2023.0,3.0,10.0,16.0,15.526377,15.14154,20.111225,22.003187,15.286984,15.01577,15.510529,15.121948,15.008264,14.928791,15.013542,15.066892,16.736208,16.435682,16.8501,17.601904,15.016387,15.19543,0.0,0.0,0.0,0.0,0.0,0.0,4.0,0.0
9890,2023.0,3.0,10.0,16.0,15.902721,16.10106,18.04739,17.950695,15.936052,16.31296,15.865115,15.534468,15.009369,14.957304,15.01359,15.074772,16.660202,16.36396,15.884187,15.435387,15.016709,15.211018,4.0,4.0,0.0,0.0,0.0,0.0,0.0,0.0
9891,2023.0,3.0,10.0,16.0,15.366789,14.996189,20.26318,22.51484,15.565176,15.466216,15.667954,15.656178,15.01021,14.982294,15.070769,15.178068,17.427387,17.88623,16.3764,16.774694,15.017354,15.226701,4.0,0.0,4.0,0.0,4.0,4.0,4.0,0.0
9892,2023.0,3.0,10.0,16.0,15.756851,15.966961,20.067387,21.966661,15.003007,14.616724,15.414312,14.823275,15.0107565,15.004576,19.858406,23.0699,17.317736,17.406649,15.636668,15.148669,15.017777,15.241149,0.0,0.0,0.0,0.0,0.0,4.0,0.0,0.0
9893,2023.0,3.0,10.0,16.0,15.240472,14.884234,18.035532,17.9514,15.021168,14.722877,15.003867,14.536249,15.011499,15.024966,17.250721,17.636316,16.477968,15.894002,15.144076,14.576488,15.018886,15.259255,4.0,0.0,0.0,0.0,0.0,0.0,0.0,0.0
9894,2023.0,3.0,10.0,17.0,15.381092,15.072621,20.259676,22.504782,15.720179,16.11009,15.804093,16.178642,15.012284,15.044848,15.506501,15.265096,16.072361,15.401861,16.07238,16.480417,15.019228,15.274585,4.0,4.0,4.0,0.0,0.0,0.0,4.0,0.0
9895,2023.0,3.0,10.0,17.0,15.738405,15.529128,20.050001,21.90574,15.375809,15.297232,15.025255,14.714315,15.012773,15.062847,15.542897,15.617572,15.917727,15.244286,15.389405,14.909366,15.01961,15.2893,4.0,0.0,0.0,0.0,4.0,0.0,0.0,0.0
9896,2023.0,3.0,10.0,17.0,15.343572,15.261269,20.581512,22.489191,15.603871,15.5989485,15.643759,15.646742,15.63344,15.932151,20.330706,23.618456,16.15689,15.839248,15.734319,15.5867815,15.622603,16.128626,4.0,0.0,0.0,0.0,0.0,0.0,0.0,0.0
9897,2023.0,3.0,10.0,17.0,15.309435,15.25707,20.074705,21.716583,15.48641,15.523035,14.987551,14.652421,15.704124,16.15962,17.509575,17.838728,16.221113,15.938384,16.172625,16.550343,14.986368,15.145086,4.0,4.0,0.0,4.0,0.0,0.0,4.0,0.0
9898,2023.0,3.0,10.0,17.0,16.026049,16.676722,20.086412,21.697777,15.476774,15.517004,15.691282,16.08954,20.429272,24.265625,16.16092,16.225918,16.170351,15.890031,16.387445,16.794508,15.024387,15.264919,4.0,4.0,4.0,4.0,4.0,0.0,4.0,0.0
9899,2023.0,3.0,10.0,17.0,16.29379,16.974598,20.35862,22.214653,15.443226,15.481548,15.981376,16.462297,20.131462,23.163992,20.397364,23.461914,16.114006,15.834276,15.397093,14.90775,15.983567,16.822186,4.0,4.0,4.0,0.0,0.0,0.0,0.0,0.0
9900,2023.0,3.0,10.0,18.0,15.299068,15.033003,20.08237,21.622503,15.406679,15.443047,14.98801,14.734106,17.533607,17.743929,17.923729,18.415989,16.057056,15.777987,14.998911,14.546435,15.007861,15.120558,4.0,4.0,0.0,4.0,4.0,0.0,0.0,0.0
9901,2023.0,3.0,10.0,18.0,20.585814,24.538923,20.100964,21.652203,20.419914,24.254936,20.378014,24.211992,20.351496,23.291733,20.204027,22.810822,21.07356,24.372488,20.496126,24.099289,15.049589,15.27403,0.0,4.0,4.0,0.0,0.0,4.0,0.0,0.0
9902,2023.0,3.0,10.0,18.0,20.82453,24.298235,17.935593,17.488358,20.724577,24.136929,20.697702,24.120008,17.245605,16.967505,17.292421,16.983755,20.753035,23.43923,20.698992,23.985474,15.018548,15.273406,0.0,4.0,4.0,0.0,0.0,4.0,0.0,0.0
9903,2023.0,3.0,10.0,18.0,20.92041,24.088299,17.528336,17.561674,21.150774,24.454966,20.820326,23.949045,16.396149,16.412962,16.003073,15.659256,20.642622,22.939587,21.13407,24.378906,15.022008,15.313688,4.0,4.0,0.0,4.0,0.0,0.0,0.0,0.0
9904,2023.0,3.0,10.0,18.0,21.152672,24.179821,20.240417,22.51276,21.124546,24.068735,21.165613,24.21237,20.314842,23.098284,16.157972,16.208523,20.84224,23.038301,22.155737,25.829048,15.021806,15.333151,0.0,4.0,4.0,0.0,4.0,0.0,0.0,0.0
9905,2023.0,3.0,10.0,18.0,21.115793,23.871214,18.212765,18.359674,21.10797,23.80177,21.104465,23.84685,17.235645,16.927711,20.45669,23.496248,21.782892,24.453442,22.702484,26.4299,15.991988,16.889214,0.0,4.0,4.0,0.0,4.0,4.0,0.0,0.0
9906,2023.0,3.0,10.0,19.0,21.067461,23.639597,17.37577,17.482012,21.104324,23.625154,21.106886,23.677746,15.998553,15.706249,20.061012,22.545874,21.01509,22.870308,22.158539,24.994667,16.042797,16.845303,4.0,4.0,4.0,0.0,0.0,0.0,0.0,0.0
9907,2023.0,3.0,10.0,19.0,21.15704,23.699766,20.258713,22.734182,21.157066,23.620464,21.152988,23.640133,15.743923,15.467129,17.459536,17.27415,21.473719,23.569546,21.975185,24.857403,15.036716,15.094291,4.0,0.0,4.0,0.0,4.0,0.0,0.0,0.0
9908,2023.0,3.0,10.0,19.0,22.03249,24.976013,20.111273,22.158016,21.998701,24.837494,21.970234,24.84543,15.492698,15.218776,20.397396,22.99643,21.427313,23.326448,22.109241,24.775719,16.160427,17.049812,0.0,4.0,4.0,0.0,4.0,0.0,0.0,0.0
9909,2023.0,3.0,10.0,19.0,20.943693,22.963186,17.88314,17.677687,20.932087,22.844551,20.940742,22.917822,15.280605,15.011148,20.05196,22.212818,21.072277,22.686806,20.901356,22.581198,15.6909,16.004663,4.0,4.0,4.0,0.0,4.0,0.0,0.0,0.0
9910,2023.0,3.0,10.0,19.0,22.330956,25.275927,20.234186,22.468142,22.29986,25.1418,22.25686,25.124392,15.088668,14.811651,20.125921,22.1773,22.113348,24.450731,22.2636,24.882042,15.949457,16.57423,0.0,4.0,4.0,0.0,0.0,0.0,0.0,4.0
9911,2023.0,3.0,10.0,19.0,20.904959,22.670938,17.986204,17.821526,20.913538,22.606985,20.916784,22.668848,15.6727495,16.053682,17.424408,16.858284,20.940914,22.285355,21.062134,22.917688,20.365604,24.220137,4.0,4.0,4.0,4.0,0.0,0.0,0.0,4.0
9912,2023.0,3.0,10.0,20.0,21.874525,24.368391,20.214352,22.433895,21.873251,24.276823,22.17368,24.779903,20.41445,23.923746,16.355707,15.928166,21.660118,23.576527,22.18919,24.740187,20.042173,23.10948,0.0,0.0,4.0,0.0,0.0,4.0,0.0,4.0
9913,2023.0,3.0,10.0,20.0,20.942598,22.667147,17.652924,17.205446,20.968084,22.644714,20.913244,22.527765,17.25517,17.352657,16.101551,15.7249975,21.087934,22.53507,20.881752,22.420849,20.137335,22.989471,0.0,0.0,4.0,4.0,0.0,0.0,0.0,0.0
9914,2023.0,3.0,10.0,20.0,21.10636,23.017569,17.015947,16.959188,21.13311,22.994291,21.146786,23.049397,20.384499,23.364614,15.790067,15.423863,21.0957,22.53385,22.390104,25.133032,16.840992,16.402218,4.0,0.0,0.0,0.0,0.0,0.0,4.0,0.0
9915,2023.0,3.0,10.0,20.0,21.160166,23.13433,20.262793,22.819166,21.080862,22.95277,21.111649,22.989403,17.032349,16.611372,15.504103,15.137066,21.124731,22.556696,22.606491,25.352602,15.246086,14.505252,0.0,0.0,0.0,0.0,0.0,4.0,0.0,0.0
9916,2023.0,3.0,10.0,20.0,21.113674,23.055916,18.046001,18.201477,21.087362,22.997787,21.116096,22.9958,15.2938595,14.48604,15.261465,14.905714,21.09964,22.513363,22.277761,24.566647,15.019843,14.516446,0.0,0.0,0.0,0.0,0.0,0.0,0.0,0.0
9917,2023.0,3.0,10.0,20.0,21.082708,22.963087,16.629734,16.281498,21.086489,23.012066,21.084692,22.987225,16.109886,16.47674,15.042102,14.681593,21.09446,22.485237,20.90011,22.115204,16.007872,16.655441,0.0,0.0,0.0,4.0,0.0,0.0,4.0,4.0
9918,2023.0,3.0,10.0,21.0,21.088432,22.965158,16.655094,16.624647,21.086502,23.018162,21.064592,22.957962,20.227268,23.252893,15.017834,14.7970915,21.065754,22.392427,21.096338,22.607897,19.983742,23.317415,4.0,0.0,4.0,0.0,0.0,4.0,4.0,0.0
9919,2023.0,3.0,10.0,21.0,21.087143,22.950428,20.269466,23.093624,21.062199,22.950325,21.068954,22.988289,17.34879,17.295418,15.017763,14.8917675,21.070608,22.39384,21.109331,22.728495,16.465815,16.031372,4.0,4.0,4.0,4.0,0.0,4.0,0.0,0.0
9920,2023.0,3.0,10.0,21.0,22.159733,24.78185,20.060144,22.268593,22.03681,24.743198,22.46862,25.311726,20.421253,23.237669,15.018771,14.962154,21.999563,23.972296,22.620136,25.3349,14.987188,14.478356,4.0,0.0,4.0,0.0,0.0,4.0,0.0,0.0
9921,2023.0,3.0,10.0,21.0,22.497154,25.239437,20.106354,22.104029,21.11787,22.899466,21.167435,22.957657,17.063494,16.515253,15.019399,15.012115,22.01807,23.930756,21.285616,22.949526,15.961274,16.596512,4.0,0.0,0.0,0.0,0.0,0.0,0.0,4.0
9922,2023.0,3.0,10.0,21.0,22.304342,24.680164,20.098959,21.918865,21.10462,22.8349,21.142502,22.92141,15.336845,14.434512,14.9997635,14.999105,21.777405,23.329617,22.633072,25.215738,20.50231,24.07439,4.0,4.0,0.0,0.0,4.0,4.0,0.0,4.0
9923,2023.0,3.0,10.0,21.0,21.768148,23.613087,20.116428,21.848032,22.227034,24.793205,22.359491,24.934862,15.357419,14.948496,20.206415,23.67798,21.775497,23.19743,21.714556,23.56333,20.076296,22.995335,0.0,0.0,4.0,0.0,4.0,4.0,0.0,0.0
9924,2023.0,3.0,10.0,22.0,21.147305,22.801628,17.84206,17.377638,21.013376,22.52517,20.975754,22.432442,15.285007,14.918896,20.034552,23.06682,21.027887,21.936127,21.06164,22.431555,17.302885,17.318724,4.0,0.0,0.0,0.0,0.0,4.0,0.0,4.0
9925,2023.0,3.0,10.0,22.0,21.829731,24.056986,20.227776,22.290096,21.807236,23.989777,22.032635,24.228333,15.067927,14.703694,17.205181,17.246193,21.58854,23.004248,22.476536,24.913528,20.453978,23.407688,0.0,0.0,0.0,0.0,0.0,4.0,0.0,0.0
9926,2023.0,3.0,10.0,22.0,20.93364,22.418106,17.880816,17.492636,20.94145,22.393818,20.925915,22.31003,15.011254,14.763794,15.667472,15.275708,20.977156,21.871986,20.875309,22.048344,16.935343,16.404507,4.0,0.0,4.0,0.0,0.0,4.0,0.0,0.0
9927,2023.0,3.0,10.0,22.0,21.794334,23.931162,20.21261,22.338781,21.73766,23.777605,21.750317,23.79468,15.017006,14.873477,15.244784,14.818475,21.721283,23.152996,22.044228,24.252619,15.9731245,15.800237,0.0,4.0,4.0,0.0,0.0,4.0,0.0,4.0
9928,2023.0,3.0,10.0,22.0,20.917538,22.36266,17.498978,16.82669,20.928862,22.341812,20.935675,22.301102,15.29279,15.458472,14.99454,14.620942,21.090923,22.163685,20.910175,22.13021,20.435354,23.512615,0.0,0.0,0.0,4.0,0.0,0.0,4.0,0.0
9929,2023.0,3.0,10.0,22.0,21.139858,22.849415,16.41511,15.83387,21.138979,22.767765,21.11083,22.671673,20.370995,23.962502,15.025432,14.826972,21.129728,22.265558,21.097548,22.550703,17.41702,17.366581,0.0,0.0,4.0,0.0,0.0,0.0,4.0,4.0
9930,2023.0,3.0,10.0,23.0,21.102015,22.78048,16.228216,15.7086935,21.08337,22.636374,21.0908,22.656897,17.096207,17.195198,15.005149,14.883566,21.092087,22.202751,21.108416,22.637985,20.457314,23.357334,0.0,4.0,4.0,0.0,4.0,0.0,0.0,0.0
9931,2023.0,3.0,10.0,23.0,18.63776,18.06251,15.977952,15.466192,18.54659,17.814571,18.507292,17.756845,15.40946,15.0721855,15.010942,14.974462,19.460848,19.132517,18.571077,17.785513,16.971273,16.416376,0.0,0.0,0.0,0.0,4.0,0.0,0.0,0.0
9932,2023.0,3.0,10.0,23.0,17.806082,17.441998,15.75143,15.239137,16.975807,15.753556,16.938704,15.7321825,15.036098,14.666264,15.027671,15.076135,18.611475,18.145964,17.252525,16.279926,15.750551,15.375437,0.0,0.0,0.0,0.0,0.0,0.0,0.0,0.0
9933,2023.0,3.0,10.0,23.0,17.520601,17.19241,15.556588,15.0474205,16.976622,16.300592,16.368881,15.142443,15.382864,15.526205,15.00799,15.072594,18.25462,17.788237,16.734179,15.772858,15.465717,15.121164,0.0,0.0,0.0,4.0,4.0,0.0,0.0,0.0
9934,2023.0,3.0,10.0,23.0,17.224789,16.908445,15.389244,14.887083,16.889912,16.34696,16.531715,15.878837,14.953401,14.765509,15.02959,15.159752,18.732431,18.952208,16.846806,16.406284,15.171583,14.82801,0.0,0.0,0.0,0.0,0.0,4.0,0.0,0.0
9935,2023.0,3.0,10.0,23.0,16.962759,16.651525,15.239688,14.7428665,16.66985,16.151997,16.507278,15.994911,15.054448,15.010242,15.025103,15.176973,18.25283,17.924948,16.754059,16.374212,14.999771,14.7466,0.0,0.0,0.0,0.0,0.0,4.0,0.0,0.0
9936,2023.0,3.0,11.0,0.0,16.73652,16.432161,15.107122,14.616549,16.449818,15.943984,16.32735,15.842145,15.036238,15.012948,15.026261,15.199918,17.248451,16.299025,16.53545,16.1552,15.463081,15.7700205,0.0,0.0,0.0,0.0,0.0,0.0,0.0,4.0
9937,2023.0,3.0,11.0,0.0,16.54007,16.244352,15.495527,15.454069,16.250858,15.75402,16.135822,15.660982,15.018907,15.048627,15.026442,15.2177515,16.723944,15.706241,16.324602,15.947359,14.924382,14.792821,4.0,0.0,0.0,0.0,0.0,0.0,0.0,0.0
9938,2023.0,3.0,11.0,0.0,16.373352,16.09158,15.14481,14.743031,16.077515,15.593072,15.965311,15.502413,15.02217,15.105208,15.01047,15.193458,16.464117,15.460965,16.139914,15.768689,15.055375,15.103629,0.0,0.0,0.0,0.0,4.0,0.0,0.0,0.0
9939,2023.0,3.0,11.0,0.0,16.228277,15.963235,15.00707,14.654361,15.926455,15.458269,15.816118,15.368536,15.021999,15.143401,15.031013,15.258864,17.638775,17.938116,15.978953,15.617754,15.035899,15.108437,0.0,0.0,0.0,0.0,0.0,4.0,0.0,0.0
9940,2023.0,3.0,11.0,0.0,16.10823,15.864497,15.009591,14.727,15.7865925,15.329214,15.677092,15.239752,15.02265,15.17547,15.0274515,15.26599,16.715714,15.817723,15.82972,15.4736185,15.020618,15.147554,0.0,0.0,0.0,0.0,0.0,0.0,0.0,0.0
9941,2023.0,3.0,11.0,0.0,15.977177,15.731776,15.015769,14.797695,15.647905,15.189151,15.539424,15.100423,15.041612,15.240613,15.053578,15.329637,16.121109,15.156891,15.686135,15.32659,15.0389,15.240163,0.0,0.0,0.0,0.0,0.0,0.0,0.0,0.0
9942,2023.0,3.0,11.0,1.0,15.866202,15.630033,15.010095,14.825741,15.539668,15.099738,15.432137,15.010954,15.019624,15.213494,15.023685,15.278373,16.484015,16.071241,15.568145,15.219027,15.223767,15.596656,0.0,0.0,0.0,0.0,0.0,0.0,0.0,4.0
9943,2023.0,3.0,11.0,1.0,15.751213,15.513093,15.012336,14.868133,15.424278,14.986055,15.318055,14.897646,15.025506,15.243853,15.029055,15.299994,16.51997,16.1024,15.448952,15.098336,14.994532,15.165592,0.0,0.0,0.0,0.0,0.0,0.0,0.0,0.0
9944,2023.0,3.0,11.0,1.0,15.640302,15.397834,15.022766,14.9240265,15.314537,14.877266,15.209742,14.789516,15.046881,15.302789,15.05566,15.362156,16.440094,16.023148,15.337701,14.986765,15.08016,15.359727,0.0,0.0,0.0,0.0,0.0,0.0,0.0,0.0
9945,2023.0,3.0,11.0,1.0,15.557907,15.33303,15.024512,14.953087,15.214477,14.781666,15.111058,14.694401,15.0209875,15.232955,15.056431,15.364137,16.3626,15.946709,15.234475,14.8848715,15.045583,15.304342,0.0,0.0,0.0,4.0,0.0,0.0,0.0,0.0
9946,2023.0,3.0,11.0,1.0,15.475,15.256803,15.026724,14.982513,15.119806,14.691033,15.017695,14.604226,15.048791,15.343755,15.057306,15.374404,16.287668,15.872723,15.1368265,14.788431,15.04867,15.354757,0.0,0.0,0.0,0.0,0.0,0.0,0.0,0.0
9947,2023.0,3.0,11.0,1.0,15.385684,15.164225,15.027937,15.007519,15.02971,14.604596,15.004879,14.665762,15.0510645,15.348751,15.03168,15.314145,16.215227,15.801123,15.043796,14.696505,15.050989,15.384641,0.0,0.0,0.0,0.0,4.0,0.0,0.0,0.0
9948,2023.0,3.0,11.0,2.0,15.298213,15.073985,15.029659,15.031986,15.003381,14.637866,15.0082,14.730812,15.051503,15.361046,15.058792,15.406649,16.144997,15.7316265,15.003454,14.70254,15.051919,15.4092655,0.0,0.0,0.0,0.0,0.0,0.0,0.0,0.0
9949,2023.0,3.0,11.0,2.0,15.224655,15.00869,15.127946,15.214694,15.007337,14.7078085,15.011856,14.78585,15.052172,15.3731165,15.059211,15.407911,16.07987,15.670331,15.008268,14.773115,15.053176,15.432038,4.0,0.0,0.0,0.0,0.0,0.0,0.0,0.0
9950,2023.0,3.0,11.0,2.0,15.149604,14.934501,15.03047,15.048542,15.010713,14.762399,15.013921,14.83141,15.053009,15.386019,15.059803,15.418266,16.017445,15.611609,15.010359,14.817849,15.054622,15.4531765,0.0,0.0,0.0,0.0,0.0,0.0,0.0,0.0
9951,2023.0,3.0,11.0,2.0,15.078784,14.8672,15.032842,15.094702,15.013059,14.809053,15.015961,14.872547,15.053144,15.398046,15.060175,15.427805,15.956746,15.554533,15.012931,14.859852,15.055108,15.471055,0.0,0.0,0.0,0.0,0.0,0.0,0.0,0.0
9952,2023.0,3.0,11.0,2.0,15.010144,14.801197,15.033885,15.113061,15.01513,14.850497,15.01804,14.91004,15.054897,15.413885,15.034308,15.368578,15.8973875,15.498722,15.016523,14.898992,15.056146,15.489385,0.0,0.0,0.0,0.0,4.0,0.0,0.0,0.0
9953,2023.0,3.0,11.0,2.0,15.002154,14.851797,15.034763,15.1320095,15.016993,14.887866,15.020142,14.944619,15.055778,15.427899,15.062354,15.4664545,15.839093,15.443901,15.0177765,14.930152,15.057787,15.507988,0.0,0.0,0.0,0.0,0.0,0.0,0.0,0.0
9954,2023.0,3.0,11.0,3.0,15.004812,14.902796,15.0353365,15.149398,15.018916,14.922461,15.021717,14.975815,15.055716,15.440677,15.061932,15.465563,15.781662,15.389893,15.020167,14.962095,15.037544,15.445889,0.0,0.0,0.0,0.0,0.0,0.0,0.0,4.0
9955,2023.0,3.0,11.0,3.0,15.008163,14.946873,15.035198,15.163793,15.021887,14.956187,15.023815,15.005536,15.057082,15.456151,15.036711,15.408511,15.71796,15.322575,15.022264,14.990821,15.098247,15.594322,0.0,0.0,0.0,0.0,4.0,0.0,0.0,0.0
9956,2023.0,3.0,11.0,3.0,15.011264,14.985148,15.036598,15.180021,15.023377,14.984462,15.026232,15.033801,15.058953,15.471906,15.06561,15.50668,15.652539,15.25358,15.02512,15.019534,15.096773,15.5572405,0.0,0.0,0.0,0.0,0.0,0.0,0.0,0.0
9957,2023.0,3.0,11.0,3.0,15.012607,15.017407,15.038179,15.195354,15.0253725,15.012293,15.02795,15.059125,15.010088,15.356842,15.065785,15.505109,15.586822,15.184279,15.026415,15.043526,15.059469,15.518459,0.0,0.0,0.0,4.0,0.0,0.0,0.0,0.0
9958,2023.0,3.0,11.0,3.0,15.015339,15.049948,15.039569,15.209697,15.02793,15.039529,15.029723,15.08345,15.105656,15.566739,15.066934,15.516475,15.521052,15.114917,15.02876,15.069016,15.001229,15.400555,0.0,0.0,0.0,0.0,0.0,0.0,0.0,4.0
9959,2023.0,3.0,11.0,3.0,15.018453,15.080521,15.040711,15.223093,15.029032,15.062483,15.031785,15.106981,15.010715,15.346292,15.04201,15.457055,15.4553175,15.045577,15.029944,15.090933,15.045203,15.495745,0.0,0.0,0.0,4.0,4.0,0.0,0.0,4.0
9960,2023.0,3.0,11.0,4.0,15.020061,15.10621,15.042386,15.237018,15.030967,15.08634,15.033375,15.128354,15.060386,15.454455,15.0441265,15.483471,15.389659,14.976323,15.034078,15.1196785,15.105058,15.636434,0.0,0.0,0.0,4.0,4.0,0.0,0.0,0.0
9961,2023.0,3.0,11.0,4.0,15.021427,15.129799,15.0435295,15.249471,15.032515,15.10849,15.032835,15.144478,15.107459,15.554674,15.123836,15.612384,15.325889,14.910617,15.035126,15.140835,15.103421,15.605376,0.0,0.0,0.0,0.0,0.0,0.0,0.0,0.0
9962,2023.0,3.0,11.0,4.0,15.022974,15.153546,15.007576,15.163774,15.034265,15.1304865,15.034891,15.165283,15.106297,15.525035,15.067872,15.506194,15.263125,14.845933,15.036876,15.163523,15.103385,15.600822,4.0,0.0,0.0,0.0,0.0,0.0,0.0,0.0
9963,2023.0,3.0,11.0,4.0,15.0239315,15.174891,15.0471325,15.297685,15.035776,15.151221,15.035775,15.182318,15.061544,15.478175,15.070842,15.544209,15.201256,14.782162,15.038391,15.184785,15.003301,15.40838,0.0,0.0,0.0,0.0,0.0,0.0,0.0,4.0
9964,2023.0,3.0,11.0,4.0,15.025793,15.197006,15.047199,15.292675,15.036085,15.168506,15.037456,15.200605,15.064046,15.521372,15.07238,15.558498,15.140361,14.719405,15.039884,15.2052765,15.109449,15.679765,0.0,0.0,0.0,0.0,0.0,0.0,0.0,0.0
9965,2023.0,3.0,11.0,4.0,15.027035,15.21681,15.048138,15.304435,15.037874,15.188344,15.038957,15.217797,15.066433,15.546322,15.0732355,15.571324,15.080521,14.657691,15.042241,15.226569,15.106133,15.631943,0.0,0.0,0.0,0.0,0.0,0.0,0.0,0.0
9966,2023.0,3.0,11.0,5.0,15.013697,15.208547,15.0222645,15.26633,15.017834,15.167014,15.018707,15.194918,15.030966,15.4995775,15.033659,15.510315,15.022916,14.599377,15.62901,16.319113,15.026693,15.529753,0.0,0.0,0.0,0.0,0.0,0.0,4.0,0.0
9967,2023.0,3.0,11.0,5.0,15.016384,15.231427,15.02632,15.286027,15.021219,15.190655,15.022106,15.218001,15.036371,15.528797,15.039454,15.534587,15.002503,14.610703,14.952443,14.982237,15.00195,15.486457,0.0,0.0,0.0,0.0,0.0,0.0,0.0,4.0
9968,2023.0,3.0,11.0,5.0,15.030465,15.277545,15.05099,15.345932,15.041177,15.24692,15.042833,15.2750225,15.070754,15.611738,15.076352,15.617231,15.005679,14.65511,15.080402,15.270902,15.113389,15.735866,0.0,0.0,0.0,0.0,0.0,0.0,0.0,0.0
9969,2023.0,3.0,11.0,5.0,15.014944,15.260353,15.0229845,15.2987,15.01899,15.215484,15.019688,15.24099,15.0312605,15.54235,15.033833,15.538351,15.788884,16.163702,15.03487,15.167233,15.047417,15.577454,0.0,0.0,0.0,0.0,0.0,4.0,0.0,0.0
9970,2023.0,3.0,11.0,5.0,15.01749,15.281689,15.027504,15.319303,15.0227,15.238277,15.023684,15.264135,15.037402,15.566506,15.024357,15.514872,15.232008,14.851624,15.02218,15.192206,15.057561,15.592593,0.0,0.0,0.0,0.0,4.0,0.0,0.0,0.0
9971,2023.0,3.0,11.0,5.0,15.034063,15.3308325,15.052764,15.380169,15.044127,15.295958,15.045963,15.323125,15.073064,15.646462,15.051811,15.581033,15.044466,14.686132,15.04409,15.274984,15.009672,15.501249,0.0,0.0,0.0,0.0,4.0,0.0,0.0,4.0
9972,2023.0,3.0,11.0,6.0,15.034638,15.341255,15.052998,15.382122,15.044126,15.302564,15.046157,15.329132,15.072757,15.64174,15.078652,15.651979,15.045189,14.694543,15.045666,15.298017,15.113894,15.750417,0.0,0.0,0.0,0.0,0.0,0.0,0.0,0.0
9973,2023.0,3.0,11.0,6.0,19.637634,23.2656,15.024806,15.341383,19.611177,23.142374,19.594566,23.136803,15.0043,15.497424,15.03485,15.5681,19.191875,21.760056,19.97091,23.834803,15.04895,15.596149,0.0,0.0,0.0,4.0,0.0,0.0,0.0,0.0
9974,2023.0,3.0,11.0,6.0,20.489996,24.269909,15.02883,15.361155,20.539875,24.283981,20.515469,24.269451,19.473,23.263016,15.040522,15.582518,20.572575,23.94614,20.763636,24.687775,15.021641,15.506622,0.0,0.0,0.0,0.0,0.0,4.0,0.0,4.0
9975,2023.0,3.0,11.0,6.0,20.89793,24.540882,15.028554,15.371277,20.952427,24.551302,20.92027,24.529905,16.22158,16.362589,15.039685,15.581762,19.5849,21.744743,21.168928,24.92831,18.840948,22.147873,0.0,0.0,0.0,0.0,0.0,0.0,0.0,0.0
9976,2023.0,3.0,11.0,6.0,21.120314,24.570395,15.029006,15.382432,21.139292,24.531658,21.139416,24.571459,15.083478,15.238509,15.039742,15.582035,19.71504,21.73532,21.40265,24.977526,14.981592,15.030033,0.0,0.0,0.0,4.0,0.0,0.0,0.0,0.0
9977,2023.0,3.0,11.0,6.0,21.118162,24.333963,15.007129,15.330334,21.094614,24.16717,21.095907,24.211742,19.065466,22.048983,15.039697,15.582084,20.674532,23.17959,21.956894,25.630238,15.115636,15.450192,4.0,4.0,4.0,0.0,0.0,4.0,0.0,0.0
9978,2023.0,3.0,11.0,7.0,20.961466,23.826984,19.255814,22.644133,21.120897,24.056658,21.123,24.106302,15.145663,15.087918,15.040169,15.582515,20.34673,22.396378,22.439383,26.058935,15.024618,15.379456,0.0,0.0,0.0,0.0,0.0,0.0,4.0,0.0
9979,2023.0,3.0,11.0,7.0,21.140385,23.969847,16.514679,16.76353,21.113125,23.903631,21.115366,23.95744,15.529244,15.905447,15.038698,15.575486,20.477896,22.473068,21.649693,24.624847,15.191393,15.728075,0.0,0.0,0.0,4.0,0.0,0.0,0.0,4.0
9980,2023.0,3.0,11.0,7.0,21.077732,23.753666,15.00262,14.93395,21.088722,23.73101,21.113976,23.852087,19.918602,23.522865,15.039325,15.574334,21.132486,23.53868,21.873627,24.860449,19.982834,23.982334,0.0,4.0,0.0,4.0,0.0,4.0,0.0,4.0
9981,2023.0,3.0,11.0,7.0,21.087002,23.715475,15.008528,15.066327,21.149374,23.719963,21.109762,23.762947,20.088972,23.327982,15.03914,15.574568,21.093512,23.279762,22.034994,24.99414,20.077137,23.589626,4.0,0.0,0.0,4.0,0.0,4.0,0.0,4.0
9982,2023.0,3.0,11.0,7.0,21.290245,23.884295,19.880737,23.652952,21.283167,23.733326,21.370289,24.027962,20.124352,23.034927,15.039696,15.577174,21.43698,23.770666,22.362566,25.379889,20.002678,23.13463,4.0,4.0,0.0,4.0,0.0,4.0,4.0,0.0
9983,2023.0,3.0,11.0,7.0,21.110558,23.523434,19.092236,21.747824,21.115753,23.39653,21.098993,23.537056,20.14411,22.844233,15.038984,15.574933,21.342808,23.442484,20.885992,22.657848,16.250513,15.657936,0.0,4.0,4.0,0.0,0.0,4.0,4.0,0.0
9984,2023.0,3.0,11.0,8.0,21.118393,23.486456,16.156704,15.820524,21.14765,23.426655,21.100769,23.521275,16.700253,16.042765,15.038201,15.570747,21.68768,23.93629,21.121408,23.173815,15.018853,14.585593,4.0,0.0,4.0,0.0,0.0,4.0,4.0,0.0
9985,2023.0,3.0,11.0,8.0,18.488258,18.403486,19.73304,22.76835,18.474623,18.233906,18.279644,18.037718,14.982132,14.136023,15.018442,15.515375,19.074938,18.79634,18.826674,18.795095,15.244577,15.283822,4.0,4.0,4.0,0.0,4.0,4.0,4.0,4.0
9986,2023.0,3.0,11.0,8.0,17.251963,17.008968,20.08112,22.984552,17.090334,16.575998,16.879393,16.392456,15.763225,16.039806,19.601078,23.307104,18.04447,17.726616,17.89054,17.896708,19.711227,22.92487,4.0,4.0,4.0,4.0,4.0,4.0,4.0,0.0
9987,2023.0,3.0,11.0,8.0,16.862547,16.65281,20.44747,23.303984,16.638626,16.141808,16.450882,15.985765,20.581291,24.072788,20.100266,23.718912,17.766094,17.495697,16.637007,15.879819,16.10657,15.672483,4.0,4.0,4.0,4.0,4.0,4.0,0.0,0.0
9988,2023.0,3.0,11.0,8.0,16.58312,16.407217,20.069016,22.40283,15.639726,14.579999,16.157225,15.728765,20.020136,22.807047,19.584402,22.388168,16.797565,15.904715,15.800119,14.933584,15.052573,14.893656,4.0,0.0,4.0,0.0,0.0,0.0,0.0,0.0
9989,2023.0,3.0,11.0,8.0,16.362436,16.22349,20.12614,22.38263,15.072359,13.980362,15.246304,14.27028,17.190802,17.114052,16.17214,15.588725,16.218157,15.270652,15.362115,14.523588,15.025973,15.062483,4.0,0.0,0.0,4.0,0.0,0.0,0.0,0.0
9990,2023.0,3.0,11.0,9.0,16.18121,16.075659,20.133059,22.31198,16.90593,16.245842,16.836506,16.184565,20.257109,22.993122,15.043947,14.611933,15.901466,14.965305,15.027318,14.210822,15.029984,15.214788,0.0,0.0,0.0,0.0,0.0,0.0,0.0,0.0
9991,2023.0,3.0,11.0,9.0,15.319062,14.623854,17.206121,16.63746,15.528378,15.11728,14.995769,14.237699,16.976063,16.523048,15.023585,14.848939,15.685014,14.788188,15.173052,14.802939,15.029435,15.313371,0.0,0.0,0.0,0.0,0.0,0.0,0.0,0.0
9992,2023.0,3.0,11.0,9.0,15.010062,14.41401,16.026814,15.539404,15.294404,14.887451,15.062703,14.62323,15.132588,14.2644,15.030617,15.034885,15.9893,15.605025,15.160428,14.861958,15.030542,15.385112,0.0,0.0,0.0,0.0,0.0,0.0,0.0,0.0
9993,2023.0,3.0,11.0,9.0,15.02364,14.60674,16.218985,16.230343,15.103349,14.712035,14.998261,14.639415,15.084623,14.71395,15.030777,15.151396,16.02357,15.673894,15.01697,14.725719,15.305206,15.933711,4.0,0.0,0.0,0.0,0.0,0.0,0.0,4.0
9994,2023.0,3.0,11.0,9.0,15.066675,14.859509,20.059107,23.1274,15.314883,14.913025,15.780491,15.949355,14.998956,14.727677,15.027978,15.227522,16.738043,17.108284,15.948713,16.608221,19.051634,22.322136,0.0,0.0,0.0,0.0,0.0,4.0,4.0,0.0
9995,2023.0,3.0,11.0,9.0,15.020005,14.864923,17.545403,17.840437,15.001072,14.708729,15.017731,14.795794,15.022673,14.945935,15.006806,15.229493,15.811725,15.097025,14.959707,14.645246,15.810265,15.529419,0.0,0.0,0.0,0.0,4.0,0.0,0.0,0.0
9996,2023.0,3.0,11.0,10.0,15.007461,14.947172,15.826878,15.544207,15.014217,14.851567,15.018576,14.912503,15.020923,15.059823,19.479977,22.68972,15.312005,14.5386305,15.047699,14.926768,15.092326,15.23837,0.0,0.0,0.0,0.0,0.0,0.0,0.0,0.0
9997,2023.0,3.0,11.0,10.0,15.008942,15.030149,15.840177,15.897387,15.012668,14.941428,15.487051,15.869854,15.0216675,15.143442,16.777922,17.134417,15.1966305,14.449454,15.0212755,14.927089,15.017229,15.22674,4.0,0.0,4.0,0.0,0.0,0.0,0.0,0.0
9998,2023.0,3.0,11.0,10.0,15.906417,15.67299,20.103392,23.497711,15.873906,15.504093,15.679988,16.147205,15.021547,15.201017,14.989914,14.819111,15.530569,15.220206,15.767939,15.184474,15.028256,15.332312,0.0,0.0,4.0,0.0,0.0,0.0,0.0,0.0
9999,2023.0,3.0,11.0,10.0,14.996923,15.071273,17.443523,17.825542,15.577611,16.027777,14.9691725,14.919198,15.021248,15.24104,15.034763,15.053746,15.636389,15.357772,15.001378,14.971436,15.026228,15.39402,0.0,4.0,0.0,0.0,0.0,0.0,0.0,0.0
10000,2023.0,3.0,11.0,10.0,15.59791,16.266628,15.68213,15.459279,15.685118,16.177559,15.039784,15.116249,15.021169,15.269812,15.02053,15.122848,15.618548,15.350955,15.840938,16.59076,15.026321,15.435936,0.0,4.0,0.0,0.0,0.0,0.0,4.0,0.0
10001,2023.0,3.0,11.0,10.0,15.010372,15.168117,15.74443,15.880199,15.29592,15.405084,15.028882,15.137035,15.0212555,15.294041,15.022492,15.190839,15.604178,15.3475065,14.937359,14.788038,15.026161,15.465406,4.0,4.0,0.0,0.0,0.0,0.0,0.0,0.0
10002,2023.0,3.0,11.0,11.0,15.747026,16.306953,19.933308,23.287998,15.11164,15.193579,15.668924,16.10886,15.02118,15.311812,15.021783,15.2332535,15.591993,15.3461685,15.851419,16.273302,15.026092,15.487164,0.0,4.0,0.0,0.0,0.0,0.0,0.0,0.0
10003,2023.0,3.0,11.0,11.0,15.39127,15.295357,17.419178,17.87476,15.023618,15.127213,14.985631,15.065433,15.020626,15.324433,15.021172,15.262797,15.575398,15.331914,15.548901,15.252627,15.026214,15.50377,0.0,0.0,0.0,0.0,0.0,0.0,0.0,0.0
10004,2023.0,3.0,11.0,11.0,15.034342,15.177672,15.624466,15.439898,15.037037,15.15867,15.418414,15.94797,15.020772,15.336832,15.021264,15.284222,15.558815,15.318941,15.035562,14.902815,15.025914,15.515923,0.0,4.0,4.0,0.0,0.0,0.0,0.0,0.0
10005,2023.0,3.0,11.0,11.0,15.009601,15.2114105,15.2200365,14.979371,15.02443,15.168648,15.160365,15.326039,15.021379,15.348199,15.021697,15.30252,15.544533,15.308636,15.009432,14.947973,15.025953,15.525462,0.0,4.0,4.0,0.0,0.0,0.0,0.0,0.0
10006,2023.0,3.0,11.0,11.0,15.018454,15.296535,15.002267,14.781637,15.00912,15.175306,15.055092,15.294813,15.04087,15.39582,15.040848,15.354207,15.531518,15.299573,15.015319,15.0333,15.05089,15.581741,0.0,4.0,0.0,0.0,0.0,0.0,0.0,0.0
10007,2023.0,3.0,11.0,11.0,15.52625,16.277754,15.01597,14.967545,15.001087,15.192124,15.02639,15.2743,15.018104,15.356917,15.018144,15.317486,15.520154,15.292755,15.010788,15.062877,15.021463,15.527674,0.0,4.0,0.0,0.0,0.0,0.0,0.0,0.0
10008,2023.0,3.0,11.0,12.0,14.943385,15.147985,15.0143175,15.07017,15.002101,15.222375,15.030166,15.307918,15.021169,15.370648,15.021338,15.333753,15.509491,15.286481,15.012498,15.102173,15.025942,15.543168,0.0,4.0,0.0,0.0,0.0,0.0,0.0,0.0
10009,2023.0,3.0,11.0,12.0,19.540024,23.213022,15.015289,15.152337,19.474106,23.060785,19.851158,23.61504,15.0205765,15.376158,15.021021,15.3408,20.926088,24.566288,20.609665,24.930122,15.025756,15.547349,0.0,0.0,0.0,0.0,0.0,4.0,0.0,0.0
10010,2023.0,3.0,11.0,12.0,20.133121,23.721115,15.141288,15.434475,20.13621,23.683672,20.865492,24.901379,15.020541,15.380218,15.000447,15.287002,20.626432,23.736364,21.090061,25.118814,15.024653,15.54341,4.0,0.0,0.0,0.0,4.0,0.0,0.0,0.0
10011,2023.0,3.0,11.0,12.0,21.201334,25.178118,19.83579,23.669786,20.911303,24.581835,21.123783,24.916828,15.0201025,15.378805,19.517612,23.08977,20.383747,22.910547,21.401915,25.25126,15.360587,16.134302,0.0,4.0,0.0,0.0,0.0,0.0,0.0,4.0
10012,2023.0,3.0,11.0,12.0,20.829187,24.114912,17.443777,18.315704,21.146692,24.597845,21.120718,24.571281,15.019265,15.372277,16.921072,17.425467,21.126106,23.899862,21.951473,25.749361,19.389948,22.998943,4.0,4.0,0.0,0.0,0.0,4.0,0.0,0.0
10013,2023.0,3.0,11.0,12.0,21.15767,24.46054,19.71022,22.809525,21.108587,24.236933,21.087769,24.256622,15.0194435,15.366138,15.155053,14.95685,21.14117,23.661343,20.968044,23.69351,16.20273,16.235353,0.0,4.0,4.0,0.0,0.0,0.0,0.0,0.0
10014,2023.0,3.0,11.0,13.0,21.097244,24.119034,17.201323,17.499376,21.131973,24.098871,21.112799,24.161713,15.018647,15.357138,15.024876,14.963712,21.32892,23.760658,22.713968,26.61633,15.016107,15.029629,4.0,0.0,0.0,0.0,0.0,0.0,0.0,0.0
10015,2023.0,3.0,11.0,13.0,21.508495,24.665743,20.165985,23.474525,21.857298,25.075779,21.799866,25.070127,15.01857,15.350274,15.014573,15.033627,22.193224,25.07303,22.309021,25.46673,15.02084,15.166642,4.0,4.0,4.0,0.0,0.0,4.0,0.0,0.0
10016,2023.0,3.0,11.0,13.0,22.389284,26.043894,20.055946,22.879194,22.469309,26.000366,22.378576,25.931206,15.017778,15.345954,15.016278,15.097654,21.868057,24.291946,23.354795,27.209631,15.019976,15.2451515,0.0,4.0,4.0,0.0,0.0,0.0,0.0,0.0
10017,2023.0,3.0,11.0,13.0,20.933567,23.282305,17.510395,17.72805,20.948662,23.153526,20.963413,23.273201,15.017492,15.340829,15.015201,15.136133,20.982672,22.561668,21.969557,24.567368,15.019584,15.297284,4.0,0.0,0.0,0.0,0.0,4.0,0.0,0.0
10018,2023.0,3.0,11.0,13.0,21.824183,24.80392,20.229437,23.250793,22.070066,24.942223,21.836535,24.734709,15.017856,15.337987,15.01573,15.166775,21.921911,24.113094,22.221733,24.792961,15.019637,15.334567,4.0,4.0,0.0,0.0,0.0,4.0,0.0,0.0
10019,2023.0,3.0,11.0,13.0,22.027609,25.030878,20.065968,22.64829,22.172176,25.20106,22.047428,24.971977,15.369632,15.978464,15.015511,15.187808,21.743673,23.741932,22.262955,24.889881,15.019633,15.360853,0.0,0.0,0.0,4.0,0.0,4.0,0.0,0.0
10020,2023.0,3.0,11.0,14.0,20.96285,23.111198,17.679672,17.871592,20.930046,22.902184,20.938148,23.003231,20.16489,24.180147,15.015066,15.201178,21.082014,22.64022,21.049013,22.897,15.019585,15.379115,4.0,4.0,4.0,0.0,0.0,0.0,0.0,0.0
10021,2023.0,3.0,11.0,14.0,18.868542,19.208294,20.243092,23.104216,18.499083,18.360523,18.745008,18.941977,16.78453,16.927229,15.015572,15.2137,19.027147,18.69173,19.014647,19.06615,15.0195,15.393274,4.0,0.0,0.0,0.0,0.0,0.0,0.0,0.0
10022,2023.0,3.0,11.0,14.0,17.603167,17.634754,20.064377,22.512745,17.683796,17.721138,17.06198,16.586166,14.974377,14.685899,15.015568,15.223615,17.950235,17.33857,17.839283,17.610508,15.020127,15.408257,0.0,4.0,0.0,0.0,0.0,0.0,0.0,0.0
10023,2023.0,3.0,11.0,14.0,17.079485,17.075436,17.504616,17.456333,17.441656,17.536041,16.383877,15.850233,15.633967,16.117193,15.01536,15.230756,17.558899,16.948334,17.342205,17.098095,15.020479,15.422,0.0,4.0,0.0,4.0,0.0,0.0,0.0,0.0
10024,2023.0,3.0,11.0,14.0,17.478127,18.141457,16.776707,17.010828,17.182186,17.302277,16.26585,16.029469,19.97238,23.28423,15.015891,15.239897,18.396633,18.825926,16.988543,16.74865,15.0206995,15.434682,4.0,4.0,0.0,0.0,0.0,4.0,0.0,0.0
10025,2023.0,3.0,11.0,14.0,16.885435,17.042177,20.241844,23.311445,16.310265,15.8841715,16.09649,15.925057,17.420223,17.922459,15.016279,15.249416,17.559124,17.062313,16.701036,16.46941,15.020945,15.445874,0.0,0.0,0.0,4.0,0.0,0.0,0.0,0.0
10026,2023.0,3.0,11.0,15.0,16.089775,15.848266,17.82536,18.270212,16.464077,16.552069,16.590069,17.064909,20.359146,23.684725,15.0159855,15.257234,17.02685,16.46035,16.457232,16.234383,15.021409,15.456474,0.0,4.0,4.0,0.0,0.0,0.0,0.0,0.0
10027,2023.0,3.0,11.0,15.0,15.695915,15.399286,16.741982,17.064981,16.531973,16.711702,16.09663,16.10105,17.178255,17.220947,15.016552,15.266808,16.830732,16.274815,17.353085,18.120756,15.021981,15.469074,4.0,4.0,0.0,0.0,0.0,0.0,4.0,0.0
10028,2023.0,3.0,11.0,15.0,15.721864,15.680591,20.231348,23.29781,15.7559595,15.3716955,16.051493,16.25526,16.246807,16.463242,15.017187,15.276646,17.775724,18.252647,16.43054,16.141655,15.022391,15.480581,0.0,0.0,4.0,4.0,0.0,4.0,0.0,0.0
10029,2023.0,3.0,11.0,15.0,16.466845,17.173096,17.461943,17.546751,15.991149,16.119154,16.06141,16.307772,20.415598,23.710386,15.016507,15.282134,17.835545,18.10686,15.782304,15.350599,15.022689,15.491206,0.0,4.0,4.0,0.0,0.0,4.0,0.0,0.0
10030,2023.0,3.0,11.0,15.0,16.43756,16.94012,15.772422,15.322483,16.12812,16.345583,15.313637,14.982844,17.211592,17.249456,15.017299,15.291827,16.947926,16.498457,15.530161,15.09146,15.022994,15.501008,0.0,4.0,0.0,0.0,0.0,0.0,0.0,0.0
10031,2023.0,3.0,11.0,15.0,16.296467,16.762081,15.6006,15.380978,16.073036,16.30187,15.612875,15.822499,15.546716,15.1083355,15.017852,15.303533,16.52961,16.00335,15.35193,14.918292,15.023223,15.510955,0.0,4.0,4.0,0.0,0.0,0.0,0.0,0.0
10032,2023.0,3.0,11.0,16.0,15.498648,15.313546,15.476677,15.311506,15.312375,14.940556,15.007231,14.748011,15.338641,15.10776,15.018191,15.316369,17.204311,17.423702,15.412763,15.197643,15.023459,15.520758,0.0,0.0,0.0,0.0,0.0,4.0,0.0,0.0
10033,2023.0,3.0,11.0,16.0,15.881733,16.301807,15.291086,15.131233,15.001022,14.641847,15.025443,14.891964,15.178537,14.976882,15.019458,15.332404,16.614204,16.141285,15.380389,15.192241,15.02391,15.531378,0.0,0.0,0.0,0.0,0.0,0.0,0.0,0.0
10034,2023.0,3.0,11.0,16.0,15.298869,15.115304,15.615034,15.884838,15.51374,15.712519,15.015942,14.949145,14.994793,14.821898,14.999646,15.289297,16.26591,15.756138,15.290658,15.111636,15.024296,15.542026,4.0,4.0,0.0,0.0,4.0,0.0,0.0,0.0
10035,2023.0,3.0,11.0,16.0,15.26647,14.98171,20.062574,23.674818,15.318204,14.943319,15.619863,16.15543,15.017058,14.98579,19.59571,22.845848,16.13449,15.629109,15.199287,15.026586,15.024704,15.552654,4.0,0.0,4.0,0.0,0.0,0.0,0.0,0.0
10036,2023.0,3.0,11.0,16.0,15.334253,15.086033,20.042572,23.064331,15.82489,15.267113,15.590963,15.91241,15.563462,16.105032,17.092607,17.658237,16.28379,16.043072,16.347704,17.288927,15.024887,15.5620165,4.0,0.0,4.0,4.0,0.0,0.0,4.0,0.0
10037,2023.0,3.0,11.0,16.0,15.2181015,15.235124,20.104937,22.821993,15.538998,15.768773,15.47993,15.773449,20.204706,24.06258,15.242619,15.089069,16.311874,16.106197,15.450054,15.206988,15.025318,15.571287,4.0,4.0,4.0,0.0,0.0,0.0,0.0,0.0
10038,2023.0,3.0,11.0,17.0,15.971247,16.720726,20.110468,22.603315,15.570897,15.587916,15.452512,15.743609,16.89585,17.016077,15.014678,14.953859,16.256441,16.058062,15.250776,14.84085,15.025672,15.58013,0.0,0.0,4.0,0.0,0.0,0.0,0.0,0.0
10039,2023.0,3.0,11.0,17.0,15.957264,16.468414,17.512651,17.447788,15.948077,16.26316,14.98385,14.976341,15.117789,14.714915,15.017722,15.07643,17.045868,17.612938,15.000271,14.748237,15.025971,15.588664,0.0,4.0,0.0,0.0,0.0,4.0,0.0,0.0
10040,2023.0,3.0,11.0,17.0,15.840655,16.316359,16.787252,17.002981,15.704341,15.960882,15.225977,15.472635,15.022802,14.866006,15.090877,15.294825,16.27175,15.894156,15.016029,14.856782,15.026481,15.59761,4.0,4.0,4.0,0.0,4.0,0.0,0.0,0.0
10041,2023.0,3.0,11.0,17.0,15.806162,16.271425,20.185356,23.15501,15.630999,15.878226,15.301227,15.573401,15.6252775,16.148418,19.690117,22.873053,15.820448,15.336606,15.809114,16.138353,15.026891,15.605869,0.0,4.0,4.0,4.0,0.0,0.0,0.0,0.0
10042,2023.0,3.0,11.0,17.0,15.784656,16.249052,17.883425,18.32607,14.9907465,14.832185,14.991657,15.072545,20.338144,24.190544,17.19694,17.726625,15.678632,15.18258,15.075156,14.933575,15.027198,15.613168,0.0,0.0,0.0,4.0,0.0,0.0,0.0,0.0
10043,2023.0,3.0,11.0,17.0,15.759127,16.21652,16.805944,17.09397,15.285876,15.469928,15.156938,15.395121,20.057775,23.171494,15.409016,15.296502,16.70687,17.25067,16.056068,16.93034,15.027484,15.620592,4.0,4.0,4.0,0.0,0.0,4.0,4.0,0.0
10044,2023.0,3.0,11.0,18.0,15.73547,16.186007,20.197565,23.18003,15.389608,15.619224,15.198601,15.448712,16.957256,16.876373,14.994143,14.860677,16.025358,15.638972,15.487176,15.155241,15.028141,15.628742,4.0,4.0,4.0,0.0,0.0,0.0,0.0,0.0
10045,2023.0,3.0,11.0,18.0,20.58434,24.569326,20.049301,22.529327,19.870817,23.49963,20.313208,24.322634,15.362946,14.839681,15.024447,15.06249,19.877005,22.514658,20.409883,24.019396,15.268247,16.049753,4.0,0.0,4.0,0.0,0.0,0.0,0.0,4.0
10046,2023.0,3.0,11.0,18.0,20.781845,24.37902,20.116926,22.450539,20.565737,24.130354,20.517202,24.09844,16.036592,16.545895,15.018837,15.152104,19.949093,22.38628,20.60311,24.007172,20.048958,24.237385,0.0,4.0,4.0,4.0,0.0,0.0,0.0,4.0
10047,2023.0,3.0,11.0,18.0,21.150803,24.623281,17.512928,17.2986,21.068981,24.54174,21.003157,24.494541,19.960995,23.184801,15.021039,15.218307,21.508047,24.798649,21.1736,24.645327,19.840845,23.320162,0.0,4.0,4.0,0.0,0.0,4.0,0.0,0.0
10048,2023.0,3.0,11.0,18.0,21.099537,24.215542,16.840834,16.97094,21.109259,24.256548,21.119686,24.352585,16.889858,16.770498,15.021769,15.2638035,20.912664,23.376312,22.177944,26.051018,17.032385,17.48433,4.0,4.0,4.0,0.0,0.0,0.0,0.0,4.0
10049,2023.0,3.0,11.0,18.0,21.143019,24.085009,20.248203,23.149471,21.143223,24.070974,21.145178,24.164312,15.195622,14.627264,15.022571,15.297249,21.118826,23.511515,22.625982,26.496105,20.271677,23.812113,0.0,4.0,0.0,0.0,0.0,0.0,0.0,0.0
10050,2023.0,3.0,11.0,19.0,21.100502,23.840551,18.145252,18.700191,21.106543,23.812634,21.12728,23.936544,15.11382,14.831986,15.022742,15.319794,21.07149,23.210482,22.938194,26.745407,17.410952,17.804014,4.0,4.0,0.0,0.0,0.0,4.0,0.0,4.0
10051,2023.0,3.0,11.0,19.0,21.814116,24.864273,20.261723,22.908064,21.461248,24.26499,21.726273,24.719482,14.9969845,14.798331,15.023675,15.337265,21.238983,23.383081,22.24859,25.152359,20.39454,23.793837,4.0,0.0,4.0,0.0,0.0,0.0,0.0,4.0
10052,2023.0,3.0,11.0,19.0,21.669758,24.441206,20.044815,22.24521,21.281057,23.768192,20.961525,23.245937,15.019285,14.969993,15.02329,15.345627,21.390001,23.501793,21.3455,23.491755,20.064602,22.88653,4.0,4.0,4.0,0.0,0.0,0.0,0.0,0.0
10053,2023.0,3.0,11.0,19.0,21.019358,23.25274,20.101034,22.196476,20.98481,23.116396,21.141697,23.569061,15.510021,15.979849,15.023601,15.35113,22.11769,24.675789,22.049149,24.531757,16.918154,16.631903,4.0,4.0,0.0,4.0,0.0,0.0,0.0,0.0
10054,2023.0,3.0,11.0,19.0,21.100645,23.379045,20.093697,22.070118,21.136963,23.407116,21.094887,23.403488,20.399176,24.116821,15.023806,15.354202,20.945883,22.466753,21.086731,23.030703,15.365734,14.7653885,4.0,0.0,4.0,0.0,0.0,4.0,0.0,0.0
10055,2023.0,3.0,11.0,19.0,22.165989,25.214407,20.110453,22.0347,21.114388,23.322609,21.125305,23.438812,17.186028,17.434616,15.024044,15.356037,21.773434,23.945913,22.539478,25.508766,15.882813,16.184486,0.0,0.0,0.0,4.0,0.0,0.0,0.0,4.0
10056,2023.0,3.0,11.0,20.0,20.943562,22.899252,17.949736,17.810167,21.092176,23.219387,21.095198,23.316288,20.513624,23.80998,15.024096,15.357112,21.010607,22.485367,20.875877,22.502264,20.548368,24.07222,4.0,4.0,4.0,4.0,0.0,0.0,0.0,4.0
10057,2023.0,3.0,11.0,20.0,22.04843,24.837217,20.236397,22.542343,21.690023,24.235176,21.868107,24.584818,20.059704,22.75716,15.024859,15.360968,21.87205,23.912348,22.565182,25.47539,20.034342,22.869095,0.0,0.0,0.0,0.0,0.0,4.0,0.0,4.0
10058,2023.0,3.0,11.0,20.0,20.92856,22.75113,17.9344,17.843376,20.995453,22.884935,20.986938,22.946491,17.014454,16.65108,15.024559,15.362893,20.959206,22.250786,22.030699,24.302538,20.131538,22.833183,4.0,4.0,0.0,0.0,0.0,0.0,0.0,0.0
10059,2023.0,3.0,11.0,20.0,21.998987,24.519674,20.229015,22.624434,22.081408,24.675297,21.968529,24.542046,15.471456,14.77708,15.025477,15.367214,21.783436,23.705149,21.967316,24.043892,17.018585,16.653904,0.0,4.0,4.0,0.0,0.0,0.0,0.0,0.0
10060,2023.0,3.0,11.0,20.0,21.077381,23.037657,17.879568,17.788977,20.917194,22.572025,21.043741,22.9844,16.201965,16.6086,15.0250635,15.368435,20.959944,22.171427,21.052458,22.690102,15.493834,14.842721,4.0,4.0,4.0,4.0,0.0,4.0,0.0,0.0
10061,2023.0,3.0,11.0,20.0,21.99423,24.484278,20.211208,22.634783,22.05051,24.525963,21.940273,24.475065,20.483852,23.695934,15.025866,15.371676,21.867235,23.696682,22.324377,24.934746,14.995369,14.380508,0.0,0.0,0.0,4.0,0.0,4.0,4.0,0.0
10062,2023.0,3.0,11.0,21.0,20.9049,22.562696,17.548075,17.196383,20.923574,22.512678,20.930605,22.641151,20.066465,22.695478,15.025392,15.371648,20.937643,22.053764,20.875149,22.2407,15.090771,14.802163,0.0,0.0,4.0,0.0,0.0,0.0,0.0,0.0
10063,2023.0,3.0,11.0,21.0,21.13617,23.086754,16.371294,15.990219,21.108307,22.903063,21.139076,23.10708,17.047152,16.6399,15.026115,15.374357,21.136513,22.477188,21.211521,22.984453,15.976054,16.667068,0.0,4.0,0.0,0.0,0.0,4.0,0.0,4.0
10064,2023.0,3.0,11.0,21.0,21.10069,23.032907,16.131203,15.784148,21.086275,22.882904,21.109566,23.056274,15.527417,14.807023,15.0262,15.3763895,21.062654,22.35643,21.094664,22.788116,20.404379,24.13305,0.0,4.0,0.0,0.0,0.0,4.0,0.0,4.0
10065,2023.0,3.0,11.0,21.0,21.104536,23.04385,15.868052,15.515574,21.113325,22.96495,21.085077,23.056444,15.448756,15.107223,15.005963,15.328379,21.093895,22.451927,21.079683,22.82134,20.034294,22.96973,0.0,0.0,0.0,0.0,4.0,0.0,0.0,4.0
10066,2023.0,3.0,11.0,21.0,21.053022,22.970007,16.115871,16.170883,21.10745,22.94753,21.088192,23.086275,15.3225975,15.021217,19.49332,22.735897,21.088488,22.438297,21.081919,22.86103,20.131622,22.877722,4.0,0.0,0.0,0.0,0.0,0.0,0.0,0.0
10067,2023.0,3.0,11.0,21.0,21.68028,24.063663,20.172287,23.354887,21.685371,23.915903,21.869114,24.246185,15.110691,14.817401,16.767422,17.110985,21.53825,23.132545,21.950914,24.236313,16.991901,16.6093,0.0,4.0,4.0,0.0,0.0,0.0,0.0,0.0
10068,2023.0,3.0,11.0,22.0,20.994522,22.747679,17.655996,17.950762,20.995886,22.608658,20.910666,22.582867,15.00329,14.79044,14.9829035,14.825801,20.962997,22.118303,21.035345,22.715397,16.440228,16.625267,0.0,0.0,0.0,0.0,0.0,4.0,4.0,4.0
10069,2023.0,3.0,11.0,22.0,21.091183,22.936657,16.501587,16.620928,21.12074,22.877178,21.142693,23.046867,15.015567,14.9232645,15.034922,15.077996,21.075426,22.348911,21.196976,23.048563,20.470312,23.55276,4.0,0.0,0.0,0.0,0.0,4.0,0.0,0.0
10070,2023.0,3.0,11.0,22.0,22.06863,24.541376,20.22234,23.314508,21.315748,23.308014,21.42002,23.574394,15.340812,15.606982,15.007292,15.107998,21.712967,23.36333,21.448818,23.532305,17.631922,17.788124,0.0,4.0,4.0,4.0,4.0,4.0,0.0,4.0
10071,2023.0,3.0,11.0,22.0,20.913412,22.453299,17.693716,17.943539,21.086473,22.900053,21.11359,22.962847,20.532642,24.323853,19.830116,23.171497,21.08541,22.343487,21.096443,22.799906,20.474087,23.374615,0.0,0.0,0.0,4.0,0.0,0.0,0.0,0.0
10072,2023.0,3.0,11.0,22.0,21.130032,22.941925,16.593061,16.706186,21.108116,22.909233,21.107143,22.935558,20.056444,23.060883,17.229158,17.77984,21.086626,22.345245,21.261564,22.996084,17.770798,17.926193,4.0,0.0,0.0,0.0,4.0,0.0,0.0,4.0
10073,2023.0,3.0,11.0,22.0,21.142126,22.980406,20.227207,23.234133,21.148735,22.9638,21.145275,23.04976,16.787529,16.399815,19.940914,23.053358,21.11554,22.398127,21.031654,22.607643,20.426933,23.168066,4.0,0.0,0.0,0.0,0.0,0.0,0.0,0.0
10074,2023.0,3.0,11.0,23.0,22.083475,24.502033,20.071278,22.507362,21.987402,24.299604,22.114763,24.651276,15.820449,15.637233,17.567839,18.03912,21.880999,23.715097,22.352514,24.880861,17.23428,16.845942,0.0,0.0,0.0,4.0,4.0,0.0,4.0,0.0
10075,2023.0,3.0,11.0,23.0,18.82215,18.478271,17.351904,17.027946,19.299343,19.342726,20.202679,20.750158,15.156936,14.522281,15.731748,15.467497,19.49822,19.293335,19.533056,19.112957,16.044243,15.731199,0.0,0.0,4.0,0.0,0.0,0.0,0.0,0.0
10076,2023.0,3.0,11.0,23.0,17.749187,17.0042,16.534088,16.020168,18.275162,17.886087,18.643679,18.333267,15.024395,14.544478,15.282883,14.934495,18.832361,18.426283,18.18621,17.348673,15.790907,15.497125,0.0,0.0,0.0,0.0,0.0,0.0,0.0,0.0
10077,2023.0,3.0,11.0,23.0,17.659145,17.37837,16.272284,15.879492,17.755402,17.345757,17.418568,16.534584,15.016833,14.717326,15.303625,15.235422,19.271042,19.582941,17.580656,16.766619,15.518661,15.238671,0.0,0.0,0.0,0.0,4.0,4.0,0.0,0.0
10078,2023.0,3.0,11.0,23.0,17.470238,17.25912,15.9997225,15.617098,17.372824,16.957449,16.743324,15.789848,15.014822,14.854718,14.965121,14.764738,18.828888,18.676722,17.51879,17.117844,15.271173,14.995224,0.0,0.0,0.0,0.0,0.0,4.0,0.0,0.0
10079,2023.0,3.0,11.0,23.0,17.206524,17.011683,15.768577,15.394279,17.075632,16.671803,16.815054,16.34204,15.016172,14.951049,15.029339,15.018948,17.843554,17.094458,17.33335,16.981485,15.062989,14.798053,0.0,0.0,0.0,0.0,0.0,0.0,0.0,0.0
10080,2023.0,3.0,12.0,0.0,16.957977,16.759153,15.559577,15.178386,16.808437,16.399233,16.71619,16.320442,15.018249,15.023181,15.023117,15.090885,17.277529,16.421135,17.074034,16.729773,15.013139,14.869515,0.0,0.0,0.0,0.0,0.0,0.0,0.0,0.0
10081,2023.0,3.0,12.0,0.0,16.751154,16.557934,15.387437,15.007771,16.586687,16.182268,16.501774,16.11477,15.026865,15.095814,15.035598,15.18216,17.006302,16.164955,16.844446,16.511143,15.016906,14.987271,0.0,0.0,0.0,0.0,0.0,0.0,0.0,0.0
10082,2023.0,3.0,12.0,0.0,16.58709,16.415007,15.258102,14.899767,16.415133,16.037252,17.071857,17.3664,15.0155115,15.105709,15.020046,15.187085,17.224953,16.8246,16.656733,16.346949,15.455179,15.866233,0.0,0.0,4.0,0.0,0.0,0.0,0.0,4.0
10083,2023.0,3.0,12.0,0.0,16.432205,16.268393,15.134988,14.785401,16.253319,15.887585,16.550316,16.317575,15.1965885,15.464034,15.024155,15.227859,18.066006,18.464039,16.483286,16.185747,14.952656,14.930769,0.0,0.0,0.0,4.0,0.0,4.0,0.0,0.0
10084,2023.0,3.0,12.0,0.0,16.293013,16.134695,15.025605,14.683578,16.109297,15.753904,15.72885,14.982402,14.983621,15.08179,15.0237,15.2516365,17.10207,16.404118,16.328333,16.041147,15.04438,15.139539,0.0,0.0,0.0,0.0,0.0,0.0,0.0,0.0
10085,2023.0,3.0,12.0,0.0,16.162977,16.005112,15.005104,14.742006,15.967967,15.609906,15.320292,14.487025,15.033894,15.218903,15.043981,15.312247,16.553888,15.773968,16.177464,15.884344,15.05345,15.180678,0.0,0.0,0.0,0.0,0.0,0.0,0.0,0.0
10086,2023.0,3.0,12.0,1.0,16.067497,15.930469,15.007875,14.804202,15.857818,15.515815,15.581202,15.20817,15.014612,15.186335,15.020929,15.280804,16.807884,16.45851,16.052382,15.766823,15.011259,15.143038,0.0,0.0,0.0,0.0,0.0,0.0,0.0,0.0
10087,2023.0,3.0,12.0,1.0,15.968207,15.835673,15.01151,14.867355,15.749349,15.413571,15.609404,15.290699,15.036438,15.246688,15.047068,15.348113,16.825544,16.491306,15.935279,15.65229,15.032657,15.223859,0.0,0.0,0.0,0.0,0.0,0.0,0.0,0.0
10088,2023.0,3.0,12.0,1.0,15.87745,15.750495,15.014172,14.91208,15.656143,15.33199,15.527997,15.220396,15.036883,15.251908,15.020331,15.280994,16.756332,16.427979,15.832915,15.555711,15.033797,15.2433815,0.0,0.0,0.0,0.0,4.0,0.0,0.0,0.0
10089,2023.0,3.0,12.0,1.0,15.794305,15.673708,15.015731,14.949192,15.5709095,15.257811,15.445547,15.148593,15.160056,15.474148,15.0479555,15.375881,16.687895,16.365433,15.740158,15.468548,15.035381,15.266835,0.0,0.0,0.0,4.0,0.0,0.0,0.0,0.0
10090,2023.0,3.0,12.0,1.0,15.726576,15.620864,15.0171585,14.9813795,15.492364,15.189794,15.36804,15.081168,15.0605955,15.249988,15.047877,15.371508,16.624193,16.307505,15.655512,15.389332,15.036377,15.284519,0.0,0.0,0.0,0.0,0.0,0.0,0.0,0.0
10091,2023.0,3.0,12.0,1.0,15.657323,15.556801,15.018241,15.009365,15.419572,15.12704,15.295672,15.018371,15.062375,15.27747,15.047924,15.378567,16.565214,16.254175,15.577841,15.316947,15.035833,15.297163,0.0,0.0,0.0,0.0,0.0,0.0,0.0,0.0
10092,2023.0,3.0,12.0,2.0,15.597964,15.509427,15.019836,15.03568,15.351762,15.068815,15.228023,14.959824,15.035073,15.243401,15.047749,15.383198,16.51048,16.204973,15.506199,15.250461,15.038008,15.317358,0.0,0.0,0.0,0.0,0.0,0.0,0.0,0.0
10093,2023.0,3.0,12.0,2.0,15.538483,15.455921,15.019933,15.056812,15.289548,15.017052,15.165835,14.907599,15.035564,15.269418,15.04762,15.387956,16.460459,16.16134,15.440628,15.190785,15.038954,15.3310375,0.0,0.0,0.0,0.0,0.0,0.0,0.0,0.0
10094,2023.0,3.0,12.0,2.0,15.494697,15.431112,15.021383,15.079256,15.231446,14.968983,15.107699,14.859019,15.162551,15.5005455,15.0475025,15.392457,16.414099,16.121256,15.379944,15.135872,15.039611,15.343468,0.0,0.0,0.0,4.0,0.0,0.0,0.0,0.0
10095,2023.0,3.0,12.0,2.0,15.4480715,15.393381,15.009769,15.074898,15.178313,14.9270525,15.054476,14.816494,14.979562,15.128742,15.019955,15.348243,16.371336,16.085169,15.32409,15.086377,15.017626,15.314133,0.0,0.0,0.0,4.0,0.0,0.0,0.0,0.0
10096,2023.0,3.0,12.0,2.0,15.399203,15.349621,15.022782,15.12028,15.125152,14.881634,15.00126,14.770609,15.062127,15.339006,15.047601,15.410618,16.330242,16.04965,15.270539,15.037688,15.040423,15.37197,0.0,0.0,0.0,0.0,0.0,0.0,0.0,0.0
10097,2023.0,3.0,12.0,2.0,15.348924,15.301501,15.0230665,15.133499,15.076088,14.841536,15.003403,14.829476,15.060818,15.304338,15.04671,15.4048605,16.29218,16.017576,15.220832,14.993445,15.040426,15.374394,0.0,0.0,0.0,0.0,0.0,0.0,0.0,0.0
10098,2023.0,3.0,12.0,3.0,15.299471,15.254086,15.023503,15.149464,15.029419,14.803524,15.00535,14.869485,15.036529,15.283817,15.019877,15.338132,16.256252,15.987553,15.174,14.951987,15.040012,15.381995,0.0,0.0,0.0,0.0,4.0,0.0,0.0,0.0
10099,2023.0,3.0,12.0,3.0,15.261306,15.227817,15.0225525,15.161264,15.000255,14.797531,15.006736,14.904752,15.037284,15.307506,15.047253,15.427739,16.225784,15.966411,15.132813,14.919161,15.041018,15.3915825,0.0,0.0,0.0,0.0,0.0,0.0,0.0,0.0
10100,2023.0,3.0,12.0,3.0,15.227198,15.205327,15.022531,15.174574,15.003091,14.84688,15.007525,14.935355,15.037443,15.320595,15.045346,15.416463,16.198336,15.948134,15.095144,14.889711,15.039817,15.396181,0.0,0.0,0.0,0.0,0.0,0.0,0.0,0.0
10101,2023.0,3.0,12.0,3.0,15.1949005,15.1839905,15.022704,15.187541,15.004196,14.881087,15.008713,14.964226,15.037716,15.332158,15.044857,15.419053,16.17305,15.931881,15.060118,14.862764,15.039904,15.403613,0.0,0.0,0.0,0.0,0.0,0.0,0.0,0.0
10102,2023.0,3.0,12.0,3.0,15.164326,15.164121,15.022518,15.199308,15.005345,14.912756,15.009102,14.989302,15.036574,15.338983,15.017917,15.349792,16.149687,15.917412,15.027463,14.838055,15.038945,15.408167,0.0,0.0,0.0,0.0,4.0,0.0,0.0,0.0
10103,2023.0,3.0,12.0,3.0,15.136935,15.148847,15.01059,15.189072,15.004733,14.935863,15.005848,15.00431,15.016718,15.311526,15.025385,15.395102,16.128069,15.904595,14.996823,14.815159,15.301252,15.8835335,0.0,0.0,0.0,0.0,0.0,0.0,0.0,4.0
10104,2023.0,3.0,12.0,4.0,15.108899,15.130323,15.012848,15.205896,15.005495,14.961867,15.006678,15.027297,15.019618,15.326042,15.021475,15.390909,16.107616,15.892533,15.005918,14.861158,14.966707,15.263259,0.0,0.0,0.0,0.0,0.0,0.0,0.0,0.0
10105,2023.0,3.0,12.0,4.0,15.088094,15.125216,15.023892,15.240327,15.008571,14.992798,15.012439,15.060677,15.037448,15.369127,15.043623,15.436729,16.084091,15.872724,15.00275,14.880072,15.057615,15.445803,0.0,0.0,0.0,0.0,0.0,0.0,0.0,0.0
10106,2023.0,3.0,12.0,4.0,15.056919,15.095963,15.0105715,15.222566,15.005347,15.004797,15.006303,15.064744,15.015644,15.329639,15.0174465,15.384386,16.060078,15.852248,15.00403,14.8986435,15.3291855,15.927573,0.0,0.0,0.0,0.0,0.0,0.0,0.0,4.0
10107,2023.0,3.0,12.0,4.0,15.016806,15.052801,15.013497,15.238658,15.005981,15.025442,15.00796,15.085387,15.019313,15.342686,15.022328,15.395769,16.036425,15.83232,15.004015,14.914783,14.978964,15.263977,0.0,0.0,0.0,0.0,0.0,0.0,0.0,0.0
10108,2023.0,3.0,12.0,4.0,15.001726,15.057337,15.025523,15.272552,15.0113325,15.055884,15.014679,15.116566,15.037331,15.382612,15.042618,15.436156,16.012928,15.812049,15.006437,14.936557,15.062046,15.4050045,0.0,0.0,0.0,0.0,0.0,0.0,0.0,4.0
10109,2023.0,3.0,12.0,4.0,15.00206,15.085043,15.025364,15.276912,15.012798,15.073958,15.014723,15.128562,15.181031,15.625877,15.041849,15.428322,15.990455,15.793043,15.007473,14.950625,15.05377,15.419586,0.0,0.0,0.0,4.0,0.0,0.0,0.0,0.0
10110,2023.0,3.0,12.0,5.0,15.003893,15.1097,15.025307,15.284956,15.013045,15.089994,15.015569,15.14352,15.034044,15.335686,15.042187,15.428922,15.968374,15.774418,15.008465,14.9647,15.052659,15.418126,0.0,0.0,0.0,0.0,0.0,0.0,0.0,0.0
10111,2023.0,3.0,12.0,5.0,15.004065,15.129391,15.02625,15.29413,15.014174,15.106896,15.016608,15.157624,15.1795,15.627549,15.042136,15.42781,15.942659,15.7480545,15.009556,14.977744,15.0374365,15.405608,0.0,0.0,0.0,4.0,0.0,0.0,0.0,0.0
10112,2023.0,3.0,12.0,5.0,15.005903,15.149292,15.027029,15.302308,15.014703,15.121171,15.017569,15.17083,15.052506,15.35318,15.041661,15.426234,15.915824,15.720559,15.009953,14.988767,15.037841,15.421088,0.0,0.0,0.0,0.0,0.0,0.0,0.0,0.0
10113,2023.0,3.0,12.0,5.0,15.007904,15.167091,15.0275,15.30962,15.015385,15.134958,15.018329,15.183053,15.054562,15.382761,15.04192,15.426352,15.888634,15.692696,15.011431,15.001565,15.03932,15.431834,0.0,0.0,0.0,0.0,0.0,0.0,0.0,0.0
10114,2023.0,3.0,12.0,5.0,15.003959,15.172706,15.012141,15.288405,15.007852,15.132361,15.009234,15.176351,15.0130825,15.318606,15.017556,15.383207,15.861097,15.664327,15.005532,14.999425,15.3034525,15.910394,0.0,0.0,0.0,0.0,0.0,0.0,0.0,4.0
10115,2023.0,3.0,12.0,5.0,15.005178,15.188559,15.015777,15.302853,15.009811,15.147994,15.011253,15.1907,15.020737,15.345132,15.022443,15.394706,15.83231,15.634095,15.008115,15.013947,14.975822,15.285181,0.0,0.0,0.0,0.0,0.0,0.0,0.0,0.0
10116,2023.0,3.0,12.0,6.0,15.009658,15.211315,15.029876,15.338239,15.018786,15.178146,15.021398,15.221663,15.037284,15.38702,15.043076,15.436829,15.805225,15.607184,15.0135,15.035439,15.045276,15.394119,0.0,0.0,0.0,0.0,0.0,0.0,0.0,4.0
10117,2023.0,3.0,12.0,6.0,19.976097,23.779892,15.013294,15.309967,19.986439,23.740646,19.869678,23.525988,15.154719,15.58007,15.018844,15.387824,19.90226,22.55709,21.284986,25.88297,19.482111,23.065966,0.0,0.0,0.0,4.0,0.0,0.0,4.0,0.0
10118,2023.0,3.0,12.0,6.0,20.81731,24.700151,15.085015,15.428912,20.871172,24.72799,20.85854,24.731731,20.284737,24.447065,15.02181,15.393208,21.137291,24.499023,20.742363,24.209625,16.350758,16.383614,4.0,0.0,0.0,4.0,0.0,4.0,0.0,0.0
10119,2023.0,3.0,12.0,6.0,21.225887,24.91506,20.086567,24.001883,21.239292,24.850794,21.232319,24.879759,20.050938,23.400497,15.005839,15.344286,21.83897,25.29745,21.453522,25.03107,14.989735,14.873326,4.0,0.0,0.0,0.0,4.0,4.0,0.0,0.0
10120,2023.0,3.0,12.0,6.0,21.644112,25.285357,20.007109,23.301609,21.702961,25.29435,21.66741,25.281815,16.8421,16.803106,19.835402,23.636057,20.980877,23.379648,21.652729,24.966171,15.020091,15.072399,4.0,0.0,0.0,0.0,4.0,0.0,0.0,0.0
10121,2023.0,3.0,12.0,6.0,22.433598,26.362501,20.490234,23.725718,22.490734,26.362667,21.992418,25.581251,15.922843,16.034668,20.056181,23.459883,21.76826,24.538225,22.448996,26.101706,16.695904,16.764454,4.0,4.0,0.0,4.0,0.0,4.0,0.0,0.0
10122,2023.0,3.0,12.0,7.0,22.054518,25.333292,20.057323,22.651121,21.820574,24.933987,21.923847,25.057335,20.299173,23.464361,17.25358,17.627338,21.357807,23.553022,22.069761,25.275852,15.650348,16.187454,0.0,4.0,4.0,0.0,0.0,0.0,0.0,4.0
10123,2023.0,3.0,12.0,7.0,20.926092,23.18349,17.425594,17.42371,21.016869,23.308979,21.079916,23.603735,17.21279,17.218952,15.703715,15.550149,21.020857,22.814396,20.986197,23.071945,20.432869,24.469267,0.0,0.0,4.0,0.0,0.0,4.0,0.0,4.0
10124,2023.0,3.0,12.0,7.0,21.132885,23.574701,16.19991,16.040422,21.099152,23.401289,21.120106,23.609549,16.611238,17.138256,15.709856,15.868525,21.627525,23.687714,22.382587,25.53408,20.057016,23.23979,0.0,4.0,0.0,4.0,4.0,4.0,0.0,0.0
10125,2023.0,3.0,12.0,7.0,21.147081,23.53984,15.872681,15.710437,21.154474,23.462782,21.149023,23.569664,20.62999,24.03878,20.431904,23.82287,20.997665,22.554693,21.073143,23.029634,16.906525,16.818256,0.0,4.0,4.0,0.0,4.0,0.0,4.0,0.0
10126,2023.0,3.0,12.0,7.0,21.081081,23.366842,15.614161,15.447231,21.084915,23.277351,21.088627,23.38519,17.960361,18.35283,20.049274,22.878109,21.098137,22.737318,21.126198,23.147358,15.454561,15.05411,0.0,4.0,4.0,4.0,0.0,0.0,0.0,0.0
10127,2023.0,3.0,12.0,7.0,21.107077,23.402327,15.8783045,16.118738,21.085764,23.239683,21.112549,23.401628,20.425915,23.288502,17.246553,17.192434,21.082575,22.681864,21.051458,22.955622,15.073551,14.677763,4.0,4.0,0.0,0.0,0.0,0.0,4.0,0.0
10128,2023.0,3.0,12.0,8.0,22.025087,24.758947,20.232555,23.81253,21.084314,23.199558,21.106356,23.34101,17.483713,17.389874,15.96872,15.738023,21.604492,23.51347,21.061596,22.961441,15.072071,14.891884,4.0,4.0,0.0,0.0,0.0,4.0,4.0,0.0
10129,2023.0,3.0,12.0,8.0,19.793863,20.267014,20.05798,22.958843,19.118406,19.40004,18.599096,18.496586,16.727697,16.925392,15.674068,15.457302,19.486822,19.26685,18.700676,18.452454,15.940343,16.66434,0.0,4.0,0.0,4.0,0.0,0.0,0.0,4.0
10130,2023.0,3.0,12.0,8.0,17.844687,17.585823,17.348824,17.43774,18.116182,18.21573,17.4616,17.28775,20.47327,23.372076,15.835939,15.978366,18.192064,17.645119,17.493937,17.021599,20.271946,23.982975,0.0,4.0,0.0,0.0,4.0,0.0,0.0,0.0
10131,2023.0,3.0,12.0,8.0,17.871737,18.145182,16.089096,15.954494,17.78907,17.899065,17.080626,16.911371,17.528862,17.478941,20.405006,23.666637,18.544498,18.671717,18.060324,18.492508,17.582205,18.159468,0.0,4.0,0.0,0.0,0.0,4.0,4.0,4.0
10132,2023.0,3.0,12.0,8.0,17.83381,18.181047,15.796265,15.646858,17.565983,17.699736,16.770662,16.603903,16.287975,16.111698,17.960024,18.641548,18.620983,18.813904,18.210852,18.690924,20.378904,23.705563,0.0,4.0,0.0,0.0,4.0,4.0,4.0,4.0
10133,2023.0,3.0,12.0,8.0,17.67302,18.047703,15.577185,15.426244,16.743494,16.340988,17.22675,17.683516,15.990996,15.817155,20.270882,23.263456,18.518805,18.727665,17.156925,16.812178,20.766008,23.98209,0.0,0.0,4.0,0.0,4.0,4.0,0.0,0.0
10134,2023.0,3.0,12.0,9.0,17.541544,17.94373,15.400982,15.251255,16.248241,15.7641325,16.744701,16.747099,15.755598,15.588328,20.06127,22.531765,17.741585,17.359179,16.579008,16.167542,17.621235,17.60477,0.0,0.0,0.0,0.0,0.0,0.0,0.0,0.0
10135,2023.0,3.0,12.0,9.0,16.743927,16.569956,15.258153,15.113888,16.009314,15.540869,16.715122,16.922337,15.564912,15.407942,17.559122,17.511974,17.27807,16.809929,16.326921,15.927405,16.092554,15.742062,0.0,0.0,4.0,0.0,0.0,0.0,0.0,0.0
10136,2023.0,3.0,12.0,9.0,17.118666,17.505386,15.161836,15.021395,16.832,17.264788,16.06623,15.747684,15.4332695,15.282793,16.703588,16.443281,17.892298,18.130413,16.170263,15.786939,15.724467,15.351187,0.0,4.0,0.0,0.0,0.0,4.0,0.0,0.0
10137,2023.0,3.0,12.0,9.0,17.20618,17.684185,15.07571,14.9447,16.155313,15.899452,15.738571,15.334356,15.317532,15.177172,16.451612,16.232876,18.034773,18.320663,16.223152,16.04454,15.666372,15.489033,0.0,0.0,0.0,0.0,0.0,4.0,0.0,0.0
10138,2023.0,3.0,12.0,9.0,17.1712,17.66712,14.999991,14.8828125,15.770438,15.371471,15.588899,15.201354,15.217038,15.083864,16.205477,15.996538,17.299269,16.941341,16.182917,16.03981,15.54651,15.405303,0.0,0.0,0.0,0.0,0.0,0.0,0.0,0.0
10139,2023.0,3.0,12.0,9.0,16.438072,16.347998,15.423704,15.750056,15.607377,15.226151,15.661797,15.506726,15.116965,14.992541,15.968289,15.778141,16.943342,16.533262,16.09514,15.962123,15.380868,15.251701,4.0,0.0,0.0,0.0,0.0,0.0,0.0,0.0
10140,2023.0,3.0,12.0,10.0,16.864899,17.333014,19.863382,23.453806,15.699635,15.534514,15.640476,15.53208,15.046541,14.928498,15.806578,15.625674,16.832573,16.431087,16.025066,15.8995495,15.264054,15.143409,0.0,0.0,0.0,0.0,0.0,0.0,0.0,0.0
10141,2023.0,3.0,12.0,10.0,16.352774,16.311962,17.524872,18.243164,15.698778,15.586738,16.296194,16.841604,15.000466,14.911831,15.641733,15.474672,17.538689,17.860458,15.949435,15.828347,15.138773,15.025069,0.0,0.0,4.0,0.0,0.0,4.0,0.0,0.0
10142,2023.0,3.0,12.0,10.0,16.723726,17.25469,15.808398,15.85125,16.38308,16.94615,16.581549,17.211714,15.006158,14.966086,15.49646,15.335215,17.809525,18.173372,15.87996,15.760545,15.027585,14.916362,0.0,4.0,4.0,0.0,0.0,4.0,0.0,0.0
10143,2023.0,3.0,12.0,10.0,16.200504,16.175121,15.439261,15.388415,16.657892,17.28875,15.779531,15.660544,15.005458,14.994904,15.374877,15.22001,17.102358,16.803852,15.821088,15.703885,15.0054,14.956138,0.0,4.0,0.0,0.0,0.0,0.0,0.0,0.0
10144,2023.0,3.0,12.0,10.0,15.846175,15.741671,15.738033,16.09486,15.869111,15.754542,15.330686,15.077285,15.005865,15.017158,15.271385,15.121188,17.600594,17.96849,15.770615,15.655026,15.007041,15.008236,4.0,0.0,0.0,0.0,0.0,4.0,0.0,0.0
10145,2023.0,3.0,12.0,10.0,16.464933,17.018166,20.040916,23.474243,15.438449,15.192955,15.18536,14.931897,15.670926,16.282112,15.184087,15.03853,17.837036,18.230724,15.726668,15.613509,15.007251,15.044133,0.0,0.0,0.0,4.0,0.0,4.0,0.0,0.0
10146,2023.0,3.0,12.0,11.0,16.043192,16.081831,17.704052,18.38827,15.291114,15.037678,15.098438,14.860497,20.26842,24.08426,15.115532,14.975762,17.14986,16.897474,15.686626,15.575411,15.007348,15.070909,0.0,0.0,0.0,0.0,0.0,0.0,0.0,0.0
10147,2023.0,3.0,12.0,11.0,15.709315,15.655276,16.065409,16.137472,15.207653,14.965963,15.162692,15.074852,17.220547,17.504143,15.058449,14.924385,16.820545,16.486456,15.650439,15.54136,15.007881,15.092162,0.0,0.0,0.0,0.0,0.0,0.0,0.0,0.0
10148,2023.0,3.0,12.0,11.0,15.593266,15.534262,15.654066,15.614776,15.283415,15.198356,15.1715975,15.119923,15.586437,15.308692,15.006185,14.875774,16.72013,16.384169,15.616773,15.509086,15.007954,15.107954,0.0,0.0,0.0,0.0,0.0,0.0,0.0,0.0
10149,2023.0,3.0,12.0,11.0,15.66923,15.767858,15.937061,16.31202,16.053366,16.667217,15.130524,15.087873,15.431113,15.289163,15.004357,14.913518,17.479115,17.885012,15.587371,15.4822855,15.00786,15.119917,4.0,4.0,0.0,0.0,0.0,4.0,0.0,0.0
10150,2023.0,3.0,12.0,11.0,15.670619,15.79113,20.208391,23.673418,15.705715,15.810169,15.087447,15.051463,15.35404,15.233109,15.004161,14.939345,17.011778,16.797304,15.56119,15.458639,15.007877,15.129253,4.0,0.0,0.0,0.0,0.0,0.0,0.0,0.0
10151,2023.0,3.0,12.0,11.0,15.633189,15.76409,20.036394,22.893923,15.239991,15.083209,15.045562,15.014731,15.25877,15.142535,15.003481,14.954797,17.530615,17.96032,15.536358,15.435815,15.008247,15.13905,0.0,0.0,0.0,0.0,0.0,4.0,0.0,0.0
10152,2023.0,3.0,12.0,12.0,15.602501,15.744485,17.517345,17.763243,15.796355,16.22927,15.007394,14.982466,15.179903,15.069772,15.00314,14.965208,17.03637,16.839384,15.513619,15.415714,15.008081,15.146298,0.0,4.0,0.0,0.0,0.0,0.0,0.0,0.0
10153,2023.0,3.0,12.0,12.0,21.2403,25.669289,16.116692,15.934064,20.91447,24.87211,21.07641,25.624838,15.10827,14.99908,15.003792,14.976574,21.727167,25.01708,22.43757,27.14222,15.008656,15.153547,0.0,4.0,4.0,0.0,0.0,4.0,4.0,0.0
10154,2023.0,3.0,12.0,12.0,21.003162,24.569324,15.885849,15.811261,21.038889,24.511198,21.003736,24.776423,15.04829,14.941365,15.003881,14.9863,21.659052,24.551937,21.5219,25.040163,15.007888,15.153889,0.0,4.0,4.0,0.0,0.0,4.0,0.0,0.0
10155,2023.0,3.0,12.0,12.0,21.092533,24.307034,15.735599,15.6870985,21.115618,24.26684,21.103798,24.479952,14.999969,14.895237,15.004074,14.994836,21.812742,24.514223,22.336576,26.068293,15.007606,15.149671,0.0,0.0,4.0,0.0,0.0,0.0,0.0,0.0
10156,2023.0,3.0,12.0,12.0,21.10507,24.055552,15.578388,15.539021,21.10316,23.952408,21.090666,24.123188,15.004059,14.936287,15.004198,15.002473,22.588272,25.596714,22.214024,25.375967,15.007402,15.142524,0.0,0.0,4.0,0.0,0.0,4.0,0.0,0.0
10157,2023.0,3.0,12.0,12.0,21.09856,23.832817,15.437983,15.400762,21.101717,23.742083,21.111874,23.952797,15.002863,14.95461,15.325403,15.609484,21.929585,24.214314,23.52822,27.461252,15.007198,15.140321,0.0,0.0,0.0,0.0,4.0,4.0,0.0,0.0
10158,2023.0,3.0,12.0,13.0,21.330894,23.939653,15.320235,15.287139,21.400536,23.940086,21.308725,23.993711,15.316061,15.205061,19.917667,23.289633,21.426626,23.038448,21.67992,23.879324,15.584468,15.895537,0.0,0.0,0.0,0.0,0.0,4.0,0.0,0.0
10159,2023.0,3.0,12.0,13.0,20.963024,23.238503,15.221545,15.191346,20.93311,23.07323,20.998997,23.34952,15.098646,15.026454,17.63871,18.275648,21.072266,22.455614,20.92763,22.474594,15.580373,15.673613,0.0,0.0,0.0,0.0,0.0,0.0,0.0,0.0
10160,2023.0,3.0,12.0,13.0,21.096191,23.462341,15.135476,15.107033,21.103851,23.377737,21.097982,23.499262,15.016437,14.934689,15.969522,15.928749,21.066101,22.443974,21.091717,22.85945,15.035882,14.976079,0.0,0.0,0.0,0.0,0.0,0.0,0.0,0.0
10161,2023.0,3.0,12.0,13.0,21.161516,23.53981,15.057883,15.029132,21.163113,23.443266,21.173264,23.59049,15.002022,14.945171,15.640055,15.517516,21.12897,22.55633,21.137188,22.967976,15.005423,15.014085,0.0,0.0,0.0,0.0,0.0,0.0,0.0,0.0
10162,2023.0,3.0,12.0,13.0,21.156376,23.468554,15.000692,14.98341,21.158249,23.3736,21.168135,23.512587,15.002783,14.968989,15.496884,15.379132,21.106623,22.503511,21.136436,22.950382,15.00727,15.0428,0.0,0.0,0.0,0.0,0.0,0.0,0.0,0.0
10163,2023.0,3.0,12.0,13.0,21.153364,23.427149,15.004074,15.046856,21.155352,23.331575,21.164818,23.467587,15.003864,14.986026,15.393062,15.28158,21.106789,22.506096,21.135406,22.939352,15.00803,15.064723,0.0,0.0,0.0,0.0,0.0,0.0,0.0,0.0
10164,2023.0,3.0,12.0,14.0,21.061409,23.236393,15.004685,15.079491,21.062685,23.13882,21.066393,23.263254,15.002807,14.993759,15.772293,16.079432,21.045383,22.389431,21.055851,22.78657,15.005055,15.07149,0.0,0.0,0.0,0.0,4.0,0.0,0.0,0.0
10165,2023.0,3.0,12.0,14.0,19.191948,19.624493,15.2451,15.226187,19.194927,19.531809,19.072964,19.413094,15.298063,15.210966,20.163105,23.512247,19.675234,19.750574,19.320505,19.440334,15.2398,15.175317,0.0,0.0,0.0,0.0,0.0,0.0,0.0,0.0
10166,2023.0,3.0,12.0,14.0,18.12553,18.293064,15.009994,15.057377,18.045881,18.043144,17.882118,17.900751,15.089458,15.045484,17.808088,18.410528,18.939342,18.806295,18.368238,18.254545,14.994971,14.991319,0.0,0.0,0.0,0.0,0.0,0.0,0.0,0.0
10167,2023.0,3.0,12.0,14.0,17.716013,17.842607,15.006265,15.088531,18.313171,18.881311,17.427208,17.392391,15.010548,14.952084,16.213,16.170397,18.651947,18.497303,17.98025,17.839663,15.007389,15.044486,0.0,4.0,0.0,0.0,0.0,0.0,0.0,0.0
10168,2023.0,3.0,12.0,14.0,17.45128,17.581404,15.004774,15.117044,17.6962,17.748259,17.13556,17.102154,15.002678,14.970541,15.899193,15.7949295,18.458298,18.309103,17.725418,17.59143,15.005371,15.063726,0.0,0.0,0.0,0.0,0.0,0.0,0.0,0.0
10169,2023.0,3.0,12.0,14.0,17.23433,17.366325,15.398845,15.877324,17.080034,16.88804,16.896574,16.863857,15.003154,14.991476,15.740454,15.634932,18.296627,18.151749,17.51604,17.38667,15.006084,15.083187,4.0,0.0,0.0,0.0,0.0,0.0,0.0,0.0
10170,2023.0,3.0,12.0,15.0,17.057507,17.196184,19.813559,23.31847,17.478956,17.868465,16.70556,16.683498,15.003266,15.007007,15.626464,15.527017,18.164822,18.030243,17.346672,17.229336,15.00577,15.097172,0.0,4.0,0.0,0.0,0.0,0.0,0.0,0.0
10171,2023.0,3.0,12.0,15.0,16.91093,17.05949,17.612873,18.416683,17.62253,18.096725,16.536026,16.51713,15.003112,15.01793,15.533135,15.437841,18.0465,17.916296,17.196203,17.084044,15.006055,15.109432,0.0,4.0,0.0,0.0,0.0,0.0,0.0,0.0
10172,2023.0,3.0,12.0,15.0,16.776125,16.92483,16.324282,16.811996,16.907394,16.81028,16.386463,16.367632,15.003603,15.02809,15.452981,15.359982,17.940815,17.812855,17.063375,16.953758,15.006215,15.11941,4.0,0.0,0.0,0.0,0.0,0.0,0.0,0.0
10173,2023.0,3.0,12.0,15.0,16.656813,16.804708,20.163872,23.523561,16.53366,16.368637,16.260897,16.247692,15.003715,15.036115,15.383147,15.293572,17.850695,17.72841,16.95085,16.847925,15.006214,15.127648,0.0,0.0,0.0,0.0,0.0,0.0,0.0,0.0
10174,2023.0,3.0,12.0,15.0,17.310823,18.126541,17.846775,18.547222,16.362352,16.194218,16.872332,17.49508,15.0036335,15.0422125,15.325583,15.239737,17.7691,17.650127,16.849035,16.750141,15.006591,15.13544,0.0,0.0,4.0,0.0,0.0,0.0,0.0,0.0
10175,2023.0,3.0,12.0,15.0,17.55362,18.403772,16.701769,17.175531,17.07999,17.672071,17.12108,17.80584,15.003916,15.048091,15.274731,15.192174,17.695171,17.579,16.757309,16.661524,15.006757,15.141582,4.0,4.0,4.0,0.0,0.0,0.0,0.0,0.0
10176,2023.0,3.0,12.0,16.0,16.789011,16.935793,20.136703,23.182531,16.627577,16.647497,16.398252,16.425892,15.004015,15.05316,15.227639,15.148078,17.62976,17.517723,17.768522,18.646896,15.815659,16.666275,0.0,0.0,0.0,0.0,0.0,0.0,4.0,4.0
10177,2023.0,3.0,12.0,16.0,17.114122,17.793497,18.068556,18.743074,16.882168,17.33938,15.970591,15.86478,15.003931,15.057555,15.585196,15.855553,17.56657,17.455317,17.061129,16.989216,20.309507,24.25246,4.0,4.0,0.0,0.0,4.0,0.0,0.0,0.0
10178,2023.0,3.0,12.0,16.0,17.281319,17.974405,20.321894,23.256857,17.055943,17.56312,16.507816,16.985033,15.302652,15.253567,20.262352,23.786955,17.506298,17.395052,16.592197,16.404552,17.74226,18.583494,0.0,4.0,4.0,0.0,0.0,0.0,0.0,4.0
10179,2023.0,3.0,12.0,16.0,17.270613,17.945597,18.212593,18.822495,17.059513,17.561514,16.112299,16.105982,15.034594,15.001445,17.784782,18.406128,17.450504,17.339733,16.444996,16.24428,20.332428,23.705212,4.0,4.0,0.0,0.0,0.0,0.0,0.0,0.0
10180,2023.0,3.0,12.0,16.0,17.275213,17.953627,20.26914,22.972864,17.051882,17.547752,15.765178,15.643622,15.005695,15.007662,16.218176,16.211754,17.397438,17.286592,16.347277,16.14505,17.467531,17.716337,0.0,4.0,0.0,0.0,0.0,0.0,0.0,0.0
10181,2023.0,3.0,12.0,16.0,17.274693,17.948322,18.290253,18.846106,16.438532,16.413244,15.635771,15.49559,15.003992,15.026785,15.889853,15.805982,17.347534,17.236881,16.362581,16.25754,16.034748,15.868013,4.0,0.0,0.0,0.0,0.0,0.0,0.0,0.0
10182,2023.0,3.0,12.0,17.0,17.26335,17.926706,20.303154,22.90173,16.738113,17.175903,15.653265,15.61386,15.004864,15.045439,15.722721,15.623478,17.299412,17.188456,16.342134,16.251251,15.765008,15.662944,4.0,4.0,0.0,0.0,0.0,0.0,0.0,0.0
10183,2023.0,3.0,12.0,17.0,17.250216,17.905535,20.047056,22.22269,16.295906,16.248877,15.6373205,15.6181345,15.004889,15.058157,15.6033745,15.502948,18.095541,18.740232,16.29295,16.20426,16.590235,17.373608,0.0,0.0,0.0,0.0,0.0,4.0,0.0,4.0
10184,2023.0,3.0,12.0,17.0,16.600473,16.696938,18.313917,18.759003,15.944744,15.7848015,15.588465,15.571029,15.00514,15.068519,15.511102,15.415099,18.39433,19.067356,16.242819,16.155413,20.324862,23.730093,4.0,0.0,0.0,0.0,0.0,4.0,0.0,0.0
10185,2023.0,3.0,12.0,17.0,16.975409,17.62291,20.257034,22.732983,16.496965,16.918913,16.28069,16.909906,15.005514,15.077223,15.426941,15.331305,18.275974,18.747854,16.194147,16.10743,17.450876,17.680634,0.0,4.0,4.0,0.0,0.0,4.0,0.0,0.0
10186,2023.0,3.0,12.0,17.0,16.49235,16.585325,18.389874,18.86525,16.12376,16.080135,16.580736,17.256962,15.005535,15.083815,15.353467,15.261225,17.519054,17.324827,16.148226,16.062052,16.022327,15.83445,4.0,0.0,4.0,0.0,0.0,0.0,0.0,0.0
10187,2023.0,3.0,12.0,17.0,16.13386,16.127876,20.28856,22.729631,15.77992,15.612739,15.872444,15.860532,15.60477,16.209135,15.285206,15.193705,17.959406,18.374994,16.10381,16.018206,15.778187,15.667442,0.0,0.0,0.0,4.0,0.0,4.0,0.0,0.0
10188,2023.0,3.0,12.0,18.0,16.74292,17.36683,18.428123,18.88691,16.348345,16.76477,15.473516,15.327024,20.160313,23.919657,15.225623,15.137108,17.439272,17.236084,16.060547,15.975631,15.636545,15.542058,4.0,4.0,0.0,0.0,0.0,0.0,0.0,0.0
10189,2023.0,3.0,12.0,18.0,21.044289,24.671785,20.293808,22.68421,20.856407,24.421625,21.175726,25.37404,17.646515,18.341743,15.166767,15.07857,21.37523,24.250393,22.061647,26.267778,15.486956,15.392113,0.0,0.0,4.0,4.0,0.0,4.0,0.0,0.0
10190,2023.0,3.0,12.0,18.0,21.032032,24.11575,18.432386,18.84959,21.052992,24.210417,21.015495,24.41026,20.37515,23.696255,15.115136,15.02922,21.206234,23.683043,22.132805,25.863352,15.3613825,15.269746,4.0,4.0,4.0,4.0,0.0,0.0,0.0,0.0
10191,2023.0,3.0,12.0,18.0,21.146072,24.022905,20.249582,22.646914,21.144188,24.034252,21.142555,24.237398,20.048761,22.694805,15.066773,14.9813385,21.672928,24.181309,21.910105,25.136316,15.260536,15.1730585,0.0,0.0,4.0,0.0,0.0,0.0,0.0,0.0
10192,2023.0,3.0,12.0,18.0,21.092062,23.679117,18.100521,18.25295,21.074284,23.616718,21.106977,23.899231,17.543018,17.60616,15.023999,14.94053,20.964863,22.648771,22.149866,25.06556,15.17825,15.094646,0.0,4.0,0.0,0.0,0.0,4.0,0.0,0.0
10193,2023.0,3.0,12.0,18.0,21.091396,23.509106,17.014355,16.97039,21.100414,23.50602,21.07849,23.620573,16.283533,16.01058,15.000767,14.934132,21.058603,22.718824,20.89461,22.645628,15.109166,15.02883,0.0,0.0,4.0,0.0,0.0,4.0,0.0,0.0
10194,2023.0,3.0,12.0,19.0,21.043917,23.302696,16.70045,16.619915,21.063675,23.277922,21.100914,23.538843,16.076077,15.942146,15.005019,14.964907,21.044199,22.603415,21.107038,23.033262,15.048712,14.969691,0.0,4.0,0.0,0.0,0.0,4.0,0.0,0.0
10195,2023.0,3.0,12.0,19.0,21.14181,23.391285,16.464314,16.37156,21.150959,23.338516,21.162907,23.504404,15.915823,15.787291,15.005634,14.984994,21.14647,22.753336,21.145367,23.051311,14.997801,14.920957,0.0,4.0,4.0,0.0,0.0,0.0,0.0,0.0
10196,2023.0,3.0,12.0,19.0,21.055788,23.148268,16.77019,17.11032,21.059988,23.084496,21.08924,23.307453,16.593363,17.214193,15.003995,14.993045,21.031618,22.438694,21.059345,22.852196,15.00478,14.971629,4.0,4.0,0.0,4.0,0.0,4.0,0.0,0.0
10197,2023.0,3.0,12.0,19.0,22.12328,24.811602,20.26356,23.192484,21.161764,23.228271,21.156141,23.353853,20.348522,23.573334,15.005065,15.004929,21.855965,23.849606,21.190008,23.080484,15.0039,14.990463,0.0,4.0,4.0,4.0,0.0,0.0,0.0,0.0
10198,2023.0,3.0,12.0,19.0,20.89653,22.568941,18.06291,18.511118,21.092321,23.055275,21.0983,23.20159,20.022207,22.524641,15.004291,15.008686,20.952578,22.10366,21.067068,22.800632,15.0042715,15.006125,0.0,0.0,0.0,4.0,0.0,0.0,0.0,0.0
10199,2023.0,3.0,12.0,19.0,21.119148,23.020687,17.164015,17.547644,21.085346,22.9932,21.065935,23.070576,20.09924,22.42124,15.293606,15.551171,21.05142,22.280956,21.026327,22.666368,15.004961,15.018012,4.0,0.0,4.0,0.0,4.0,4.0,4.0,0.0
10200,2023.0,3.0,12.0,20.0,21.95805,24.260717,20.34904,23.085157,21.330854,23.238268,21.28396,23.356878,18.2882,18.696182,19.977762,23.154135,21.744694,23.37737,21.46235,23.254864,15.8692255,16.653547,0.0,4.0,0.0,4.0,0.0,0.0,4.0,4.0
10201,2023.0,3.0,12.0,20.0,21.021044,22.754845,18.453556,18.968525,20.942488,22.506817,20.969658,22.72339,20.379192,22.755245,17.605816,18.15019,21.028984,22.1763,20.900074,22.203302,20.417084,24.271832,0.0,4.0,4.0,0.0,0.0,4.0,0.0,4.0
10202,2023.0,3.0,12.0,20.0,21.062925,22.832432,17.413282,17.78048,21.0811,22.79022,21.08175,22.9377,18.46856,18.876186,15.949744,15.859397,21.04121,22.205368,21.100683,22.618952,20.016365,22.950665,4.0,4.0,4.0,4.0,0.0,4.0,0.0,4.0
10203,2023.0,3.0,12.0,20.0,21.838764,24.152975,20.290768,22.890821,21.574434,23.77747,21.886894,24.146135,20.36735,22.614193,16.064663,16.311651,21.602947,23.123526,21.624084,23.599855,20.108625,22.790377,0.0,4.0,4.0,4.0,4.0,4.0,4.0,0.0
10204,2023.0,3.0,12.0,20.0,21.018726,22.606972,18.238192,18.567076,21.17452,22.96016,21.12112,22.908157,21.077349,23.540308,20.433115,23.612862,21.126383,22.306675,21.203852,22.82312,17.450556,17.395407,4.0,4.0,4.0,0.0,0.0,4.0,0.0,0.0
10205,2023.0,3.0,12.0,20.0,21.198622,22.971819,20.257181,22.731535,21.085749,22.787716,21.07159,22.81064,19.205753,19.599934,18.095861,18.75249,21.15829,22.379135,21.072151,22.545149,16.218634,15.906128,0.0,0.0,4.0,4.0,4.0,4.0,0.0,0.0
10206,2023.0,3.0,12.0,21.0,21.179518,22.946133,18.285667,18.582336,21.165632,22.910236,21.168499,23.003092,20.459332,22.469765,20.348038,23.17322,21.136328,22.355328,21.190052,22.766262,16.87131,17.437113,4.0,4.0,4.0,4.0,4.0,0.0,0.0,4.0
10207,2023.0,3.0,12.0,21.0,21.181185,22.952036,20.2556,22.629478,21.172434,22.907389,21.16558,22.986652,21.112188,23.391893,20.051443,22.313263,21.131481,22.335672,21.287823,22.943932,21.281183,24.941933,4.0,4.0,4.0,0.0,0.0,0.0,4.0,0.0
10208,2023.0,3.0,12.0,21.0,21.080124,22.766361,20.04991,22.001274,21.08443,22.735256,21.088123,22.836573,18.268679,18.084925,18.052721,18.23113,21.062618,22.18544,21.081419,22.537008,18.019882,18.097061,0.0,0.0,0.0,0.0,4.0,0.0,0.0,0.0
10209,2023.0,3.0,12.0,21.0,21.16435,22.92588,18.35806,18.59098,21.164291,22.877306,21.16283,22.9489,17.186256,16.777832,20.379961,22.744892,21.151815,22.335182,21.189148,22.73549,17.36566,17.896498,4.0,0.0,4.0,0.0,0.0,4.0,0.0,4.0
10210,2023.0,3.0,12.0,21.0,21.164742,22.91307,20.250237,22.458996,21.171375,22.851793,21.169668,22.964643,17.009632,16.809885,18.215908,18.404638,21.137016,22.318027,21.190292,22.716347,20.359318,23.093922,0.0,4.0,0.0,0.0,4.0,0.0,0.0,4.0
10211,2023.0,3.0,12.0,21.0,21.032564,22.647762,18.447071,18.7096,21.08308,22.680252,21.056673,22.698774,16.849476,16.679081,20.416628,22.646324,21.031181,22.075562,21.057194,22.457159,21.271439,24.221962,4.0,0.0,4.0,0.0,4.0,4.0,0.0,4.0
10212,2023.0,3.0,12.0,22.0,21.184523,22.938814,20.249374,22.447363,21.173492,22.827353,21.1726,22.917332,16.654556,16.49203,20.044369,21.885399,21.137455,22.30316,21.210646,22.766718,20.86525,23.360561,0.0,4.0,4.0,0.0,0.0,0.0,0.0,4.0
10213,2023.0,3.0,12.0,22.0,21.05182,22.661999,18.496613,18.789717,21.081938,22.650385,21.084494,22.744026,16.48938,16.336737,18.034233,17.904766,21.05998,22.133179,21.058105,22.455574,19.907885,21.456854,4.0,0.0,0.0,0.0,0.0,0.0,0.0,0.0
10214,2023.0,3.0,12.0,22.0,21.078552,22.72815,20.244055,22.395555,21.076006,22.624685,21.07921,22.715986,16.347685,16.201523,17.105816,16.90173,21.060217,22.120659,21.058048,22.451958,18.000814,17.818607,4.0,0.0,0.0,0.0,0.0,0.0,0.0,0.0
10215,2023.0,3.0,12.0,22.0,21.07201,22.700989,20.046217,21.827696,21.059467,22.609324,21.078821,22.698496,16.224642,16.0836,17.194458,17.309526,21.045452,22.106327,21.057272,22.444565,17.807924,18.161804,0.0,0.0,0.0,0.0,4.0,0.0,0.0,4.0
10216,2023.0,3.0,12.0,22.0,21.07262,22.687437,18.168165,18.113537,21.061546,22.620237,21.062674,22.683239,16.12359,15.991666,20.408247,22.797012,21.047165,22.116396,21.057266,22.43759,21.573256,24.403273,0.0,0.0,0.0,0.0,4.0,0.0,0.0,0.0
10217,2023.0,3.0,12.0,22.0,21.030825,22.601254,17.316797,17.189215,21.060894,22.619926,21.03901,22.620827,16.677544,17.124844,20.024065,21.97111,21.046888,22.118769,21.01786,22.324957,18.792896,18.796072,0.0,0.0,4.0,4.0,0.0,0.0,4.0,0.0
10218,2023.0,3.0,12.0,23.0,21.053368,22.629158,17.092266,16.97374,21.06058,22.616642,21.068369,22.704126,20.444412,23.44099,18.255842,18.419601,21.046703,22.117962,21.077385,22.446884,17.171251,16.81738,0.0,0.0,0.0,0.0,0.0,0.0,0.0,0.0
10219,2023.0,3.0,12.0,23.0,19.3312,19.343058,17.34293,17.615229,19.572493,19.75626,19.22687,19.14474,17.955141,18.247084,17.226881,17.085993,19.84333,19.801126,20.160759,20.61735,16.939386,16.765743,4.0,0.0,0.0,0.0,0.0,0.0,4.0,0.0
10220,2023.0,3.0,12.0,23.0,18.566109,18.289736,16.983295,16.960901,18.823202,18.684898,18.35557,17.918354,17.021734,16.884066,16.944317,16.766373,19.358145,19.148188,19.056225,18.731709,17.58324,18.132984,0.0,0.0,0.0,0.0,0.0,0.0,0.0,4.0
10221,2023.0,3.0,12.0,23.0,18.250761,17.97656,16.723923,16.615557,18.508413,18.351772,18.25281,18.06127,17.40221,17.806158,17.076471,17.180967,19.15192,18.946472,18.558512,18.142756,16.947657,16.867016,0.0,0.0,0.0,4.0,4.0,0.0,0.0,0.0
10222,2023.0,3.0,12.0,23.0,18.257511,18.235994,16.595167,16.48432,18.279413,18.12675,18.091959,17.95135,17.484955,17.93311,16.764557,16.642487,19.769535,20.275497,18.284101,17.87621,16.484173,16.194664,0.0,0.0,0.0,4.0,0.0,4.0,0.0,0.0
10223,2023.0,3.0,12.0,23.0,18.153513,18.176226,16.489828,16.384127,18.090765,17.94553,17.907888,17.777658,16.71972,16.502281,16.540943,16.386585,18.905722,18.560564,18.267458,18.067553,16.276201,15.981847,0.0,0.0,0.0,0.0,0.0,0.0,0.0,0.0
10224,2023.0,3.0,13.0,0.0,18.01655,18.047626,16.395845,16.293373,17.924494,17.783134,17.741087,17.615665,16.34729,16.027946,16.726109,16.855057,19.3059,19.556084,18.165924,17.998787,16.27757,16.140034,0.0,0.0,0.0,0.0,4.0,4.0,0.0,0.0
10225,2023.0,3.0,13.0,0.0,17.907434,17.959826,16.314539,16.218615,17.782587,17.649614,17.5967,17.480322,16.186438,15.874828,16.446571,16.337576,18.657291,18.286295,18.03864,17.881979,16.995203,17.577147,0.0,0.0,0.0,0.0,0.0,0.0,0.0,4.0
10226,2023.0,3.0,13.0,0.0,17.80015,17.861563,16.241772,16.152323,17.656834,17.531881,17.468102,17.360123,16.21535,16.065008,16.261765,16.12414,18.376532,17.958775,17.921736,17.773151,16.281025,16.079819,0.0,0.0,0.0,0.0,0.0,0.0,0.0,0.0
10227,2023.0,3.0,13.0,0.0,17.692638,17.753433,16.16951,16.080366,17.534435,17.40771,17.342804,17.232937,16.176916,16.054052,16.15355,16.012209,18.240353,17.827637,17.809414,17.661495,15.985848,15.722491,0.0,0.0,0.0,0.0,0.0,0.0,0.0,0.0
10228,2023.0,3.0,13.0,0.0,18.370958,19.117016,16.114677,16.03735,17.441015,17.330227,17.246967,17.153324,16.113369,16.00149,16.07596,15.948043,18.337046,18.14142,17.71928,17.583035,16.01073,15.89259,0.0,0.0,0.0,0.0,0.0,0.0,0.0,0.0
10229,2023.0,3.0,13.0,0.0,17.846062,18.030611,16.059143,15.987701,17.34816,17.244099,17.151411,17.064585,16.050621,15.944133,16.001549,15.879105,18.319841,18.158587,17.632551,17.501429,15.96962,15.873053,0.0,0.0,0.0,0.0,0.0,0.0,0.0,0.0
10230,2023.0,3.0,13.0,1.0,17.37914,17.255896,16.007357,15.940956,17.262388,17.163656,17.062902,16.981459,15.993416,15.891054,16.27211,16.452284,18.257318,18.099031,17.551598,17.42131,15.90811,15.816395,0.0,0.0,0.0,0.0,4.0,0.0,0.0,0.0
10231,2023.0,3.0,13.0,1.0,17.226923,17.101458,15.961561,15.901822,17.187323,17.09697,16.985338,16.912437,15.943751,15.846933,16.015673,15.923952,18.94683,19.458576,17.481073,17.354906,15.852892,15.766712,0.0,0.0,0.0,0.0,0.0,4.0,0.0,0.0
10232,2023.0,3.0,13.0,1.0,17.304672,17.367342,15.918238,15.863638,17.11678,17.032522,16.91234,16.845623,15.896024,15.800497,15.882178,15.771132,18.222855,17.949675,17.415583,17.292019,15.799591,15.713816,0.0,0.0,0.0,0.0,0.0,0.0,0.0,0.0
10233,2023.0,3.0,13.0,1.0,17.285418,17.379848,15.874285,15.821021,17.046408,16.96248,16.839245,16.772787,15.850451,15.7544365,15.822251,15.711806,17.959019,17.602442,17.352444,17.228111,15.749514,15.662983,0.0,0.0,0.0,0.0,0.0,0.0,0.0,0.0
10234,2023.0,3.0,13.0,1.0,17.23202,17.332447,15.838036,15.791119,16.988136,16.91174,16.77868,16.719923,15.812535,15.719558,15.773836,15.669414,18.067917,17.91257,17.298328,17.177227,15.707649,15.6238785,0.0,0.0,0.0,0.0,0.0,0.0,0.0,0.0
10235,2023.0,3.0,13.0,1.0,17.181486,17.288153,15.803947,15.763007,16.93393,16.864748,16.722404,16.670961,16.368258,16.797445,16.029528,16.18872,18.045744,17.899084,17.249073,17.131533,15.670114,15.589335,0.0,0.0,0.0,4.0,4.0,0.0,0.0,0.0
10236,2023.0,3.0,13.0,2.0,17.13209,17.243008,15.770939,15.73454,16.88164,16.817577,16.66814,16.62181,15.956455,15.893433,15.805871,15.718134,18.004208,17.860764,17.20252,17.087297,15.63517,15.556398,0.0,0.0,0.0,0.0,0.0,0.0,0.0,0.0
10237,2023.0,3.0,13.0,2.0,17.083138,17.19517,15.737394,15.702545,16.829985,16.768026,16.614702,16.570414,15.820991,15.732691,16.04471,16.24482,17.961773,17.818478,17.157331,17.042316,15.601364,15.522611,0.0,0.0,0.0,0.0,4.0,0.0,0.0,0.0
10238,2023.0,3.0,13.0,2.0,17.036972,17.150509,15.705234,15.671856,16.781282,16.721622,16.56438,16.522345,15.775336,15.68741,15.785482,15.695831,17.921543,17.778685,17.114967,17.000488,15.569954,15.491452,0.0,0.0,0.0,0.0,0.0,0.0,0.0,0.0
10239,2023.0,3.0,13.0,2.0,16.991095,17.104168,15.672555,15.638612,16.732666,16.672752,16.514215,16.471777,15.734296,15.645304,15.682843,15.581624,17.882215,17.738577,17.073843,16.958824,15.539706,15.46061,0.0,0.0,0.0,0.0,0.0,0.0,0.0,0.0
10240,2023.0,3.0,13.0,2.0,16.95165,17.068563,15.645395,15.615281,16.691912,16.637247,16.472174,16.43505,15.701962,15.615065,15.642668,15.546265,17.847776,17.70639,17.037449,16.924593,16.247143,16.817535,0.0,0.0,0.0,0.0,0.0,0.0,0.0,4.0
10241,2023.0,3.0,13.0,2.0,16.91132,17.029282,15.616672,15.587795,16.64992,16.597044,16.428946,16.393518,15.670815,15.584057,15.896423,16.054607,17.813183,17.67217,17.001198,16.88877,15.751336,15.718558,0.0,0.0,0.0,0.0,4.0,0.0,0.0,0.0
10242,2023.0,3.0,13.0,3.0,16.871092,16.98773,15.588324,15.5599375,16.608898,16.5568,16.386972,16.352112,15.641686,15.554523,15.675132,15.584868,17.779444,17.638186,16.96597,16.853357,15.500127,15.328822,0.0,0.0,0.0,0.0,0.0,0.0,0.0,0.0
10243,2023.0,3.0,13.0,3.0,16.832506,16.948053,15.56033,15.531617,16.568642,16.5163,16.34589,16.310575,15.614457,15.5267515,15.587781,15.489014,17.746645,17.604748,16.932016,16.818998,15.416283,15.234375,0.0,0.0,0.0,0.0,0.0,0.0,0.0,0.0
10244,2023.0,3.0,13.0,3.0,17.536076,18.29876,15.537134,15.512039,16.534824,16.48708,16.311275,16.280567,15.5914345,15.505535,15.552689,15.456399,17.717707,17.578033,16.901875,16.790867,15.459857,15.375186,0.0,0.0,0.0,0.0,0.0,0.0,0.0,0.0
10245,2023.0,3.0,13.0,3.0,17.053295,17.247292,15.51216,15.488191,16.499226,16.452805,16.27468,16.245298,15.568717,15.483012,15.518322,15.422209,17.68825,17.548792,16.87133,16.76059,15.45242,15.375368,0.0,0.0,0.0,0.0,0.0,0.0,0.0,0.0
10246,2023.0,3.0,13.0,3.0,16.702755,16.659576,15.486901,15.4631,16.46367,16.417286,16.238075,16.20871,15.54748,15.461436,15.486883,15.390007,17.659296,17.5193,16.841288,16.730106,15.428017,15.350749,0.0,0.0,0.0,0.0,0.0,0.0,0.0,0.0
10247,2023.0,3.0,13.0,3.0,16.59545,16.538218,15.462476,15.439029,16.42972,16.383749,16.20312,16.174162,15.527892,15.441951,15.458522,15.361556,17.63178,17.491777,16.812914,16.70185,15.404953,15.327727,0.0,0.0,0.0,0.0,0.0,0.0,0.0,0.0
10248,2023.0,3.0,13.0,4.0,16.702602,16.821442,15.439537,15.417324,16.397852,16.353275,16.17032,16.142782,15.509372,15.42386,15.432954,15.336608,17.60542,17.46587,16.78592,16.675346,15.3833275,15.3065,0.0,0.0,0.0,0.0,0.0,0.0,0.0,0.0
10249,2023.0,3.0,13.0,4.0,17.41983,18.184008,15.907329,16.3132,16.369497,16.328793,16.141146,16.117573,15.492692,15.408705,15.410869,15.316867,17.58127,17.443703,16.761206,16.652466,15.364069,15.288767,4.0,0.0,0.0,0.0,0.0,0.0,0.0,0.0
10250,2023.0,3.0,13.0,4.0,16.805582,16.865551,15.639582,15.715754,16.339613,16.300262,16.110409,16.088207,15.47615,15.392651,15.388876,15.295512,17.556526,17.419493,16.73612,16.627941,15.344889,15.270055,0.0,0.0,0.0,0.0,0.0,0.0,0.0,0.0
10251,2023.0,3.0,13.0,4.0,16.567392,16.531956,15.467772,15.446735,16.308266,16.267931,16.078186,16.054953,15.460277,15.376451,15.367313,15.273253,17.531336,17.393517,16.710665,16.601896,15.32583,15.250571,0.0,0.0,0.0,0.0,0.0,0.0,0.0,0.0
10252,2023.0,3.0,13.0,4.0,16.644375,16.76029,15.431664,15.415421,16.28221,16.24539,16.051447,16.031796,15.446669,15.364222,15.349615,15.257581,17.50927,17.373312,16.688229,16.581179,16.033993,16.598772,0.0,0.0,0.0,0.0,0.0,0.0,0.0,4.0
10253,2023.0,3.0,13.0,4.0,16.636877,16.770264,15.398843,15.383207,16.254473,16.218697,16.02315,16.00447,15.432357,15.350376,15.331327,15.239882,17.486141,17.350628,16.66521,16.55862,15.557625,15.533444,0.0,0.0,0.0,0.0,0.0,0.0,0.0,0.0
10254,2023.0,3.0,13.0,5.0,16.605656,16.739311,15.3714,15.356787,16.227701,16.19306,15.996079,15.978386,15.418507,15.3370495,15.313988,15.223227,17.463566,17.328623,16.643005,16.536995,16.033478,16.498522,0.0,0.0,0.0,0.0,0.0,0.0,0.0,4.0
10255,2023.0,3.0,13.0,5.0,16.57541,16.709417,15.346134,15.332743,16.201437,16.16802,15.969683,15.953012,15.405038,15.324151,15.591054,15.755912,17.441475,17.307325,16.621378,16.516092,15.5039015,15.378598,0.0,0.0,0.0,0.0,4.0,0.0,0.0,0.0
10256,2023.0,3.0,13.0,5.0,16.546217,16.68053,15.322656,15.310363,16.17581,16.143559,15.944105,15.928352,15.392003,15.311682,15.725614,15.937034,17.419819,17.286478,16.600328,16.495766,16.092058,16.59549,0.0,0.0,0.0,0.0,4.0,0.0,0.0,4.0
10257,2023.0,3.0,13.0,5.0,16.518066,16.65265,15.300627,15.289287,16.150732,16.119608,15.919284,15.904359,15.379356,15.299598,15.459331,15.400225,17.39851,17.265978,16.579763,16.475924,15.5479555,15.427994,0.0,0.0,0.0,0.0,0.0,0.0,0.0,0.0
10258,2023.0,3.0,13.0,5.0,16.489452,16.622911,15.277909,15.265725,16.124386,16.09258,15.893352,15.877438,15.366458,15.286652,15.360215,15.269476,17.376497,17.24375,16.55881,16.454851,15.363198,15.192627,0.0,0.0,0.0,0.0,0.0,0.0,0.0,0.0
10259,2023.0,3.0,13.0,5.0,16.46333,16.59724,15.25759,15.246423,16.100266,16.069565,15.869463,15.854456,15.354512,15.275283,15.330704,15.240899,17.355799,17.22387,16.539112,16.435884,15.395374,15.319694,0.0,0.0,0.0,0.0,0.0,0.0,0.0,0.0
10260,2023.0,3.0,13.0,6.0,16.438515,16.573288,15.239027,15.230079,16.077862,16.049427,15.84706,15.834233,15.343291,15.265,15.613177,15.792996,17.336061,17.205568,16.52036,16.418337,15.373523,15.301974,0.0,0.0,0.0,0.0,4.0,0.0,0.0,0.0
10261,2023.0,3.0,13.0,6.0,21.12648,24.719303,15.219501,15.211424,21.042803,24.765326,20.94175,24.741459,15.33155,15.253465,20.023933,23.31895,21.141094,23.677485,21.68751,25.096178,15.345132,15.273216,0.0,0.0,0.0,0.0,0.0,0.0,0.0,0.0
10262,2023.0,3.0,13.0,6.0,21.007647,23.97767,15.199886,15.190428,21.011675,24.09559,21.013609,24.265085,15.322737,15.244058,17.794527,18.345299,21.03935,23.274244,22.526154,26.141697,15.317748,15.245453,0.0,0.0,0.0,0.0,0.0,0.0,0.0,0.0
10263,2023.0,3.0,13.0,6.0,21.082846,23.793287,15.18009,15.168428,21.085495,23.852322,21.090195,24.00911,15.317331,15.238511,16.254532,16.177895,21.067892,23.064247,22.414194,25.344568,15.297916,15.225406,0.0,0.0,0.0,0.0,0.0,0.0,0.0,0.0
10264,2023.0,3.0,13.0,6.0,21.073778,23.548187,15.162571,15.150627,21.077362,23.571484,21.082033,23.717005,15.3143,15.235597,16.341799,16.526468,21.059683,22.854094,20.8942,22.485073,16.035393,16.627449,0.0,0.0,0.0,0.0,4.0,0.0,4.0,4.0
10265,2023.0,3.0,13.0,6.0,21.048237,23.319084,15.144686,15.131696,21.076412,23.384285,21.081192,23.522142,15.311994,15.233257,20.332457,23.45797,21.05823,22.709917,21.072111,22.763521,21.148571,25.2769,0.0,0.0,0.0,0.0,4.0,0.0,4.0,0.0
10266,2023.0,3.0,13.0,7.0,21.076319,23.282825,15.609727,16.011425,21.074165,23.243868,21.054804,23.308311,15.310064,15.231291,20.018185,22.435816,21.027489,22.525288,21.038328,22.639616,18.29141,18.948387,4.0,0.0,4.0,0.0,0.0,4.0,4.0,4.0
10267,2023.0,3.0,13.0,7.0,21.924694,24.5648,20.282854,23.967562,21.781582,24.351622,21.618713,24.117035,16.078823,16.679777,18.305515,18.839243,21.760063,23.658474,21.950901,24.213215,20.357298,23.222284,4.0,0.0,4.0,4.0,4.0,4.0,0.0,4.0
10268,2023.0,3.0,13.0,7.0,21.016312,22.829039,19.999304,22.885498,20.937252,22.651712,20.930347,22.723822,20.41601,23.981108,20.292604,22.713608,21.10615,22.38638,20.907377,22.14923,20.137743,22.489662,4.0,4.0,4.0,4.0,4.0,4.0,0.0,4.0
10269,2023.0,3.0,13.0,7.0,22.167234,24.76846,20.10567,22.725466,22.122658,24.672249,22.028967,24.727255,20.037811,22.722614,20.031044,21.937593,21.9314,23.775887,22.29527,24.497929,21.561789,24.636108,0.0,4.0,0.0,0.0,4.0,4.0,4.0,0.0
10270,2023.0,3.0,13.0,7.0,20.897549,22.37754,18.073128,18.52061,20.907215,22.352129,20.95392,22.590023,17.599897,17.657627,20.068447,21.828627,21.017683,22.10248,20.944918,22.057129,18.778324,18.860884,4.0,4.0,0.0,0.0,4.0,0.0,4.0,0.0
10271,2023.0,3.0,13.0,7.0,21.211657,23.013453,20.309116,22.924215,21.207928,22.965511,21.18239,23.021627,16.464706,16.229431,20.061779,21.683292,21.135954,22.33555,21.219353,22.666286,18.172459,18.724327,4.0,4.0,4.0,0.0,4.0,0.0,0.0,4.0
10272,2023.0,3.0,13.0,8.0,21.047817,22.696781,20.04281,22.180948,21.052397,22.65333,21.08235,22.82882,16.328552,16.207428,20.075684,21.623705,21.027617,22.08915,21.062376,22.358402,20.297052,22.48881,0.0,4.0,0.0,0.0,0.0,4.0,0.0,0.0
10273,2023.0,3.0,13.0,8.0,19.850607,20.408945,18.365143,18.788288,19.755482,20.163925,19.68832,20.111843,16.996414,17.554468,18.399668,18.330471,20.234154,20.564407,19.464472,19.290098,18.15911,18.15158,4.0,4.0,4.0,4.0,0.0,4.0,0.0,0.0
10274,2023.0,3.0,13.0,8.0,19.441168,19.923992,20.237034,22.391193,18.66607,18.420267,18.571795,18.339296,20.34382,23.261654,18.187986,18.318184,20.00631,20.28678,18.834507,18.48076,18.254026,18.738089,0.0,0.0,0.0,4.0,4.0,4.0,0.0,4.0
10275,2023.0,3.0,13.0,8.0,19.229187,19.731733,18.541906,18.92739,18.107107,17.790607,18.001257,17.702883,20.041338,22.301655,20.24431,22.051498,19.194387,18.888205,18.651161,18.462164,20.279915,22.323727,4.0,0.0,0.0,0.0,4.0,0.0,0.0,0.0
10276,2023.0,3.0,13.0,8.0,18.448528,18.433725,20.250141,22.47693,18.45486,18.706156,17.855461,17.729364,17.892458,17.907217,20.050577,21.56129,18.742481,18.370771,18.469301,18.307138,18.22817,18.18771,0.0,4.0,0.0,0.0,0.0,0.0,0.0,0.0
10277,2023.0,3.0,13.0,8.0,18.662281,19.157986,18.27895,18.451372,18.540562,18.874054,17.700119,17.609495,16.861689,16.629501,18.710289,18.877522,19.274448,19.56863,19.305449,20.061522,17.250328,17.006027,0.0,4.0,0.0,0.0,4.0,4.0,4.0,0.0
10278,2023.0,3.0,13.0,9.0,18.711311,19.259104,17.528006,17.446323,18.476763,18.821411,17.55328,17.4655,16.740728,16.601147,20.296305,21.823172,18.696705,18.42201,18.416946,18.233135,17.107092,16.962673,0.0,4.0,0.0,0.0,0.0,0.0,0.0,0.0
10279,2023.0,3.0,13.0,9.0,18.02334,18.036884,17.683424,17.998388,17.77607,17.592411,18.089636,18.612757,16.626461,16.509735,18.570572,18.49471,18.334234,17.995096,17.899591,17.616783,16.961578,16.83983,4.0,0.0,4.0,0.0,0.0,0.0,0.0,0.0
10280,2023.0,3.0,13.0,9.0,18.38809,18.898935,20.228664,22.585512,18.100948,18.39095,17.64596,17.7317,16.52265,16.407917,17.9744,17.761059,18.210575,17.868736,17.743322,17.453907,16.834644,16.716957,4.0,4.0,0.0,0.0,0.0,0.0,0.0,0.0
10281,2023.0,3.0,13.0,9.0,17.879475,17.893711,20.031475,21.94402,17.605267,17.4269,17.102028,16.899889,16.41369,16.303867,17.734686,17.544884,18.255655,18.074562,18.804693,19.594374,16.702751,16.591064,4.0,0.0,0.0,0.0,0.0,0.0,4.0,0.0
10282,2023.0,3.0,13.0,9.0,17.495169,17.421368,20.081598,21.90467,17.231197,16.970716,16.86883,16.630814,16.317884,16.210657,17.511763,17.329283,18.238056,18.08264,18.079748,17.894394,16.586197,16.477884,0.0,0.0,0.0,0.0,0.0,0.0,0.0,0.0
10283,2023.0,3.0,13.0,9.0,17.332912,17.257385,18.318577,18.417809,17.07358,16.814316,17.592201,18.117022,16.237873,16.13401,17.334326,17.163399,18.177488,18.027594,17.62287,17.35765,16.48696,16.382229,0.0,0.0,4.0,0.0,0.0,0.0,0.0,0.0
10284,2023.0,3.0,13.0,10.0,17.382841,17.462324,17.65834,17.56463,17.837889,18.362057,17.208906,17.292912,16.180422,16.077112,17.209675,17.042004,18.125101,17.976566,17.491335,17.217197,16.413664,16.309883,0.0,4.0,0.0,0.0,0.0,0.0,0.0,0.0
10285,2023.0,3.0,13.0,10.0,17.351809,17.459932,17.416742,17.33255,18.062063,18.677229,17.491282,17.90849,16.128527,16.027708,17.096409,16.934671,18.07592,17.92954,17.532393,17.39303,16.348362,16.247341,0.0,4.0,4.0,0.0,0.0,0.0,0.0,0.0
10286,2023.0,3.0,13.0,10.0,17.292814,17.406902,17.220072,17.14427,17.3223,17.24331,16.961716,16.878345,16.861088,17.450853,16.999746,16.846365,18.846655,19.433992,17.504229,17.380344,16.29343,16.196709,0.0,0.0,0.0,4.0,0.0,4.0,0.0,0.0
10287,2023.0,3.0,13.0,10.0,17.236313,17.355211,17.05686,16.987808,17.665703,18.02493,16.69352,16.500242,20.324411,23.37502,16.911943,16.765888,18.151255,17.950478,17.457123,17.33802,16.244368,16.151518,0.0,4.0,0.0,0.0,0.0,0.0,0.0,0.0
10288,2023.0,3.0,13.0,10.0,17.177778,17.30026,17.340166,17.668243,17.25048,17.17361,16.562038,16.36797,17.821535,17.99354,16.820143,16.68104,17.807383,17.517635,17.405733,17.29007,16.193975,16.104536,4.0,0.0,0.0,0.0,0.0,0.0,0.0,0.0
10289,2023.0,3.0,13.0,10.0,17.881874,18.664104,20.250765,22.850306,16.9596,16.756315,16.603626,16.535168,16.915483,16.66616,16.748014,16.610338,17.73799,17.444502,17.364017,17.250324,16.155085,16.067528,0.0,0.0,0.0,0.0,0.0,0.0,0.0,0.0
10290,2023.0,3.0,13.0,11.0,17.503862,17.747042,18.364315,18.822184,17.490541,17.86774,17.306091,17.889944,16.759672,16.618443,16.678223,16.547169,17.81839,17.660378,17.320837,17.209637,16.115824,16.030785,0.0,4.0,4.0,0.0,0.0,0.0,0.0,0.0
10291,2023.0,3.0,13.0,11.0,17.099638,17.077133,17.41472,17.358961,17.662,18.113668,17.521423,18.163935,16.661537,16.533382,16.626036,16.495726,17.837856,17.70412,17.284668,17.173605,16.08499,16.000341,0.0,4.0,4.0,0.0,0.0,0.0,0.0,0.0
10292,2023.0,3.0,13.0,11.0,16.995884,16.982687,17.646889,17.996113,17.084087,17.016869,16.81889,16.78558,16.572361,16.454931,16.584053,16.460249,17.82194,17.691488,17.254482,17.14676,16.060766,15.979386,4.0,0.0,0.0,0.0,0.0,0.0,0.0,0.0
10293,2023.0,3.0,13.0,11.0,17.045359,17.16076,20.275396,22.656914,16.832293,16.662659,16.542746,16.397064,16.49553,16.383709,16.944817,17.176119,18.607906,19.19858,17.226473,17.12097,16.039606,15.96046,0.0,0.0,0.0,0.0,4.0,4.0,0.0,0.0
10294,2023.0,3.0,13.0,11.0,17.790272,18.58831,18.457523,18.85024,16.713442,16.544533,16.42633,16.282349,16.419693,16.313845,20.294273,22.91388,18.757946,19.21544,17.197239,17.093729,16.017822,15.940672,0.0,0.0,0.0,0.0,0.0,4.0,0.0,0.0
10295,2023.0,3.0,13.0,11.0,17.294271,17.428806,17.366598,17.388624,17.454716,18.02292,16.44933,16.410261,16.354664,16.25346,18.37136,18.72662,18.075129,17.895164,17.169651,17.06785,15.9978485,15.922504,0.0,4.0,0.0,0.0,0.0,0.0,0.0,0.0
10296,2023.0,3.0,13.0,12.0,17.01648,17.035574,17.116148,17.079924,17.7013,18.3475,16.439022,16.42409,16.30878,16.21021,17.503351,17.373373,18.627382,19.053143,17.146769,17.04617,15.981972,15.907957,0.0,4.0,0.0,0.0,0.0,4.0,0.0,0.0
10297,2023.0,3.0,13.0,12.0,21.302906,24.634918,16.976439,16.943491,21.230392,24.40814,21.158785,24.753311,17.059645,17.667473,17.308214,17.16332,21.179983,23.470787,22.470938,26.045057,15.968486,15.8972845,0.0,0.0,0.0,4.0,0.0,0.0,0.0,0.0
10298,2023.0,3.0,13.0,12.0,21.029264,23.661276,16.839485,16.814198,21.007515,23.522078,21.012117,23.913446,20.342873,23.218405,17.161228,17.02203,21.038277,22.866512,20.999662,23.167046,15.958156,15.8897505,0.0,4.0,0.0,0.0,0.0,0.0,0.0,0.0
10299,2023.0,3.0,13.0,12.0,21.08483,23.477674,16.720703,16.700977,21.07018,23.36386,21.062662,23.649754,17.961329,18.124956,17.048405,16.91623,21.03687,22.624155,21.059093,23.007648,15.954045,15.889058,0.0,4.0,4.0,0.0,0.0,4.0,4.0,0.0
10300,2023.0,3.0,13.0,12.0,21.06026,23.253536,16.615442,16.597696,21.055809,23.146648,21.075336,23.470024,16.841457,16.66296,16.955961,16.828234,21.062607,22.543465,21.069845,22.872477,15.955442,15.8941555,0.0,4.0,0.0,0.0,0.0,0.0,0.0,0.0
10301,2023.0,3.0,13.0,12.0,21.143957,23.27528,16.5239,16.508293,21.165289,23.234346,21.181133,23.471268,16.716047,16.614613,16.880354,16.757734,21.122175,22.529194,21.14358,22.856398,15.95979,15.902207,0.0,0.0,0.0,0.0,0.0,0.0,0.0,0.0
10302,2023.0,3.0,13.0,13.0,21.045673,22.998463,16.451405,16.445782,21.030516,22.848358,21.048147,23.112762,16.646215,16.553072,16.821424,16.707975,21.033722,22.293255,21.007067,22.465424,15.96555,15.911511,0.0,4.0,0.0,0.0,0.0,0.0,4.0,0.0
10303,2023.0,3.0,13.0,13.0,21.13142,23.0964,16.379702,16.37575,21.11177,22.933563,21.147795,23.223885,16.576077,16.486635,16.765451,16.654873,21.04486,22.234095,21.131048,22.67635,15.969696,15.916675,0.0,4.0,0.0,0.0,0.0,4.0,0.0,0.0
10304,2023.0,3.0,13.0,13.0,21.125296,23.004128,16.317253,16.317276,21.145561,22.944363,21.100517,23.009872,16.518105,16.432358,16.71722,16.610342,21.109089,22.33135,21.123842,22.558544,15.973162,15.921088,0.0,0.0,4.0,0.0,0.0,0.0,0.0,0.0
10305,2023.0,3.0,13.0,13.0,21.121786,22.955877,16.260843,16.264698,21.140434,22.868753,21.155275,23.092093,16.469395,16.38705,16.674444,16.57095,21.103823,22.252176,21.120049,22.502209,15.976461,15.925317,0.0,0.0,0.0,0.0,0.0,0.0,0.0,0.0
10306,2023.0,3.0,13.0,13.0,21.118408,22.913141,16.209665,16.217201,21.120043,22.806429,21.149385,23.00237,16.428333,16.349152,16.636305,16.53595,21.086515,22.196548,21.10319,22.44303,15.979438,15.92921,0.0,0.0,0.0,0.0,0.0,0.0,0.0,0.0
10307,2023.0,3.0,13.0,13.0,21.1163,22.87959,16.163008,16.174074,21.07722,22.676895,21.088398,22.833866,16.393354,16.317137,16.601963,16.50457,21.085068,22.174953,21.100958,22.418701,15.981913,15.932618,0.0,4.0,4.0,0.0,0.0,0.0,0.0,0.0
10308,2023.0,3.0,13.0,14.0,21.114027,22.8499,16.12029,16.13473,21.135012,22.795782,21.145483,22.951363,16.363249,16.289825,16.570786,16.476229,21.083704,22.152998,21.099857,22.39573,15.983906,15.935599,0.0,0.0,0.0,0.0,0.0,0.0,0.0,0.0
10309,2023.0,3.0,13.0,14.0,20.189178,21.024837,16.08389,16.104412,19.955362,20.456358,19.831871,20.35247,16.338129,16.268366,16.543728,16.453367,20.633518,21.244131,19.774124,19.82782,15.984434,15.936168,0.0,4.0,4.0,0.0,0.0,4.0,0.0,0.0
10310,2023.0,3.0,13.0,14.0,19.25908,19.486145,16.049631,16.070906,18.919733,18.777962,18.760506,18.645678,16.3169,16.24792,16.518532,16.4289,19.64823,19.448156,19.22758,19.087582,15.983981,15.935906,0.0,0.0,0.0,0.0,0.0,0.0,0.0,0.0
10311,2023.0,3.0,13.0,14.0,18.698105,18.681095,16.01694,16.039436,18.492687,18.273863,18.317074,18.130112,16.295998,16.228083,16.493729,16.405151,20.005085,20.356201,18.982018,18.83669,15.980928,15.932947,0.0,0.0,0.0,0.0,0.0,4.0,0.0,0.0
10312,2023.0,3.0,13.0,14.0,18.425703,18.397892,15.986616,16.010668,19.081396,19.613203,18.190088,18.139725,16.275362,16.208569,16.469711,16.382427,20.062353,20.4601,18.798225,18.659107,15.975014,15.927014,0.0,4.0,0.0,0.0,0.0,4.0,0.0,0.0
10313,2023.0,3.0,13.0,14.0,19.108461,19.875166,15.957595,15.9829035,19.016518,19.46804,18.03087,18.006433,16.254461,16.188486,16.445894,16.35967,19.32474,19.112404,18.643461,18.509943,15.966979,15.918823,0.0,4.0,0.0,0.0,0.0,0.0,0.0,0.0
10314,2023.0,3.0,13.0,15.0,18.444208,18.559393,16.405956,16.846035,18.29186,18.191591,18.564285,19.153675,16.23419,16.168991,16.42278,16.33764,19.019112,18.7213,19.54748,20.342514,15.95773,15.90943,4.0,0.0,4.0,0.0,0.0,0.0,4.0,0.0
10315,2023.0,3.0,13.0,15.0,18.7854,19.385645,20.209223,23.3668,18.609459,18.982174,18.06828,18.190765,16.214222,16.148933,16.399433,16.314232,19.606506,19.967434,18.70686,18.598345,15.94722,15.898104,0.0,4.0,0.0,0.0,0.0,4.0,0.0,0.0
10316,2023.0,3.0,13.0,15.0,18.28239,18.391682,18.098694,18.72758,18.116074,18.032846,17.551945,17.447742,16.194391,16.129084,16.37896,16.293997,19.10725,18.916876,18.220982,18.001974,15.934697,15.884733,0.0,0.0,0.0,0.0,0.0,0.0,0.0,0.0
10317,2023.0,3.0,13.0,15.0,18.674215,19.291737,17.489613,17.92944,17.800104,17.61662,18.032187,18.475864,16.946499,17.559664,16.364779,16.279818,18.818316,18.527578,18.075352,17.8449,16.89702,17.711744,4.0,0.0,4.0,4.0,0.0,0.0,0.0,4.0
10318,2023.0,3.0,13.0,15.0,18.11659,18.216839,20.262693,22.847124,17.648487,17.46758,18.135296,18.620605,20.30707,23.28533,16.350029,16.26574,18.6892,18.398874,18.069422,17.941187,20.310295,23.473135,0.0,0.0,4.0,0.0,0.0,0.0,0.0,0.0
10319,2023.0,3.0,13.0,15.0,18.45289,19.07602,18.372316,18.868443,17.620625,17.55819,17.539762,17.525639,17.939068,18.162836,16.33524,16.25176,19.476284,20.012386,19.056803,19.868494,17.766005,17.988173,0.0,0.0,0.0,0.0,0.0,4.0,4.0,0.0
10320,2023.0,3.0,13.0,16.0,17.939646,18.049904,17.88751,18.29945,18.26504,18.837929,17.246735,17.115278,17.781767,18.207006,16.322985,16.240084,18.841745,18.67304,18.25649,18.147915,16.915049,16.753202,4.0,4.0,0.0,4.0,0.0,0.0,0.0,0.0
10321,2023.0,3.0,13.0,16.0,18.375107,18.995846,20.262173,22.545092,17.845093,17.966087,17.780968,18.221012,20.297558,22.603966,16.308197,16.225775,19.302885,19.689363,17.929909,17.707575,16.772005,16.674376,4.0,0.0,4.0,4.0,0.0,4.0,0.0,0.0
10322,2023.0,3.0,13.0,16.0,17.871595,17.933918,20.022627,21.87354,18.046822,18.500443,17.965315,18.44675,20.037104,21.86851,16.291828,16.209343,18.77238,18.550932,17.789734,17.564047,16.642416,16.554428,4.0,4.0,4.0,0.0,0.0,0.0,0.0,0.0
10323,2023.0,3.0,13.0,16.0,18.262983,18.883354,20.060822,21.816236,18.161034,18.626589,17.375725,17.352182,18.270565,18.30331,16.276577,16.194876,19.21546,19.60624,17.789055,17.666975,16.528276,16.445726,4.0,4.0,0.0,0.0,0.0,4.0,0.0,0.0
10324,2023.0,3.0,13.0,16.0,17.808535,17.901165,20.054527,21.708456,18.166391,18.628183,17.697271,18.154951,17.369934,17.157804,16.261179,16.180021,18.707546,18.5056,18.819143,19.656862,16.431078,16.3506,4.0,4.0,4.0,0.0,0.0,0.0,4.0,0.0
10325,2023.0,3.0,13.0,16.0,18.188934,18.814766,20.071352,21.68519,17.578886,17.533953,17.257854,17.22523,17.193108,17.066874,16.245667,16.165083,18.390976,18.115139,18.107899,17.987213,17.305792,18.076204,0.0,0.0,0.0,0.0,0.0,0.0,0.0,4.0
10326,2023.0,3.0,13.0,17.0,18.352749,18.98345,18.818111,19.204712,17.887875,18.302767,16.924435,16.79582,17.805857,18.342245,16.23015,16.150766,18.278103,17.998362,17.682777,17.472017,20.30924,23.106937,4.0,4.0,0.0,4.0,0.0,0.0,0.0,0.0
10327,2023.0,3.0,13.0,17.0,17.733335,17.810177,20.252743,22.11766,17.471512,17.42495,16.791744,16.644527,20.294662,22.558254,16.209599,16.128752,19.128881,19.700909,18.56434,19.23717,18.591324,19.30828,0.0,0.0,0.0,4.0,0.0,4.0,4.0,4.0
10328,2023.0,3.0,13.0,17.0,18.104944,18.708208,18.85327,19.251766,17.78727,18.194386,17.527689,18.112381,20.041697,21.832308,16.18806,16.105913,18.560818,18.374027,17.956278,17.813622,20.295689,22.692678,4.0,4.0,4.0,0.0,0.0,0.0,0.0,0.0
10329,2023.0,3.0,13.0,17.0,18.28694,18.906307,20.251783,22.1064,17.961102,18.40349,17.217434,17.323086,18.278662,18.272125,16.574926,16.852655,18.195524,17.912437,17.56851,17.344336,18.115978,18.189327,4.0,4.0,0.0,0.0,4.0,0.0,0.0,0.0
10330,2023.0,3.0,13.0,17.0,17.665848,17.729813,20.026037,21.55057,17.385267,17.31892,16.772089,16.640945,17.3789,17.132166,20.43785,23.291862,18.852507,19.243265,17.444078,17.20971,17.062569,16.84567,4.0,0.0,0.0,0.0,4.0,4.0,0.0,0.0
10331,2023.0,3.0,13.0,17.0,18.041622,18.634146,20.055075,21.533297,17.032898,16.845474,16.605028,16.434065,17.218664,17.077774,20.011652,22.189554,18.363678,18.13436,18.544806,19.376793,16.88111,16.760717,4.0,0.0,0.0,0.0,0.0,0.0,4.0,0.0
10332,2023.0,3.0,13.0,18.0,18.211376,18.812643,20.050505,21.469559,17.567183,17.941872,17.365608,17.941862,17.103481,16.980324,18.227602,18.470179,18.06002,17.76308,17.858347,17.717278,16.763184,16.658943,4.0,4.0,4.0,0.0,0.0,0.0,0.0,0.0
10333,2023.0,3.0,13.0,18.0,21.33948,24.248028,20.068232,21.478144,21.36473,24.42998,21.351318,24.668795,17.770115,18.359703,17.244698,17.148525,21.297585,23.46884,22.702833,26.14443,16.632233,16.527807,0.0,4.0,4.0,4.0,0.0,0.0,4.0,0.0
10334,2023.0,3.0,13.0,18.0,21.012709,23.273394,18.890734,19.165977,21.011036,23.33967,21.015596,23.57069,20.284548,22.597593,17.376316,17.587997,20.992916,22.680182,20.839174,22.54514,16.523375,16.421518,4.0,4.0,4.0,4.0,4.0,4.0,0.0,0.0
10335,2023.0,3.0,13.0,18.0,21.059393,23.143452,20.223923,21.937225,21.06704,23.188354,21.073383,23.39382,20.14621,22.066113,20.383753,22.704458,21.072342,22.6379,21.107784,22.889166,16.434435,16.335495,0.0,4.0,4.0,0.0,0.0,0.0,0.0,0.0
10336,2023.0,3.0,13.0,18.0,21.051464,22.97527,18.5638,18.59262,21.081768,23.057945,21.063522,23.175621,18.207325,18.130772,18.444424,18.711142,21.030666,22.37755,21.062656,22.65781,16.359938,16.264103,0.0,0.0,4.0,0.0,0.0,4.0,0.0,0.0
10337,2023.0,3.0,13.0,18.0,21.050076,22.862972,18.240128,18.567194,21.074905,22.91079,21.085768,23.096554,18.045666,18.411503,17.365185,17.251417,21.063658,22.353384,21.054186,22.556707,16.294832,16.200468,4.0,0.0,0.0,4.0,0.0,0.0,0.0,0.0
10338,2023.0,3.0,13.0,19.0,21.049435,22.780455,20.25093,22.154684,21.050709,22.743496,21.079922,22.97459,20.275276,22.260942,17.100584,16.959148,21.057255,22.253443,21.05473,22.492237,16.239542,16.148157,0.0,4.0,0.0,4.0,0.0,0.0,0.0,0.0
10339,2023.0,3.0,13.0,19.0,21.04819,22.715277,19.040655,19.606955,21.078922,22.748796,21.079025,22.888178,20.042957,21.627155,16.935595,16.793371,21.056635,22.185593,21.053833,22.439705,16.187267,16.09372,4.0,0.0,0.0,0.0,0.0,0.0,0.0,0.0
10340,2023.0,3.0,13.0,19.0,21.189226,22.948,20.239403,22.009518,21.164845,22.86184,21.201195,23.077333,18.317991,18.174309,16.811165,16.66957,21.142736,22.330944,21.218609,22.729288,16.140865,16.046541,4.0,0.0,4.0,0.0,0.0,0.0,0.0,0.0
10341,2023.0,3.0,13.0,19.0,21.073019,22.689539,20.016413,21.452087,21.03012,22.551203,21.044786,22.732378,17.435875,17.090555,16.70305,16.56159,21.0432,22.104727,21.051731,22.357283,16.09869,16.002628,4.0,4.0,4.0,0.0,0.0,0.0,0.0,0.0
10342,2023.0,3.0,13.0,19.0,21.042063,22.572962,20.058012,21.457275,21.08034,22.63034,21.060476,22.717745,18.150927,18.701168,17.03523,17.268805,21.044638,22.089222,21.014675,22.234808,16.063051,15.967347,4.0,0.0,4.0,4.0,4.0,0.0,4.0,0.0
10343,2023.0,3.0,13.0,19.0,21.045185,22.552832,20.068169,21.43652,21.044945,22.5027,21.080244,22.737547,21.22697,23.787071,20.384218,22.833702,21.04308,22.068274,21.07056,22.338396,16.979263,17.724848,0.0,4.0,0.0,0.0,0.0,0.0,0.0,4.0
10344,2023.0,3.0,13.0,20.0,21.044123,22.528643,18.880577,19.092096,21.075434,22.556316,21.074472,22.68562,19.01752,19.03389,18.345486,18.619528,21.01315,21.974583,21.060461,22.284025,20.361298,23.346786,4.0,0.0,0.0,0.0,0.0,4.0,0.0,0.0
10345,2023.0,3.0,13.0,20.0,21.20048,22.821854,20.216568,21.843771,21.1668,22.711166,21.166372,22.832857,18.352001,18.642557,17.578613,17.768559,21.136667,22.209358,21.200274,22.533852,18.385075,18.972294,4.0,0.0,0.0,4.0,4.0,0.0,0.0,4.0
10346,2023.0,3.0,13.0,20.0,21.069654,22.557377,20.046017,21.414188,21.054058,22.487343,21.03372,22.54469,20.306608,22.026442,20.393904,22.564377,21.052786,22.008665,21.048138,22.22453,20.432367,23.022993,0.0,0.0,4.0,0.0,4.0,0.0,0.0,0.0
10347,2023.0,3.0,13.0,20.0,21.064486,22.52338,18.837418,19.010622,21.055843,22.488869,21.080116,22.62504,18.981804,19.299355,20.036772,21.733633,21.023348,21.906322,21.049767,22.223799,17.948889,17.869991,4.0,0.0,0.0,4.0,0.0,4.0,0.0,0.0
10348,2023.0,3.0,13.0,20.0,21.064198,22.501087,20.216555,21.855099,21.030462,22.41376,21.047085,22.510744,20.286493,21.883226,18.219297,18.057703,21.058067,21.98153,21.049364,22.21729,16.879232,16.576197,0.0,4.0,4.0,0.0,0.0,0.0,0.0,0.0
10349,2023.0,3.0,13.0,20.0,21.022917,22.407763,18.873812,19.08652,21.035389,22.42326,21.052832,22.50355,18.47103,18.278818,17.451996,17.259872,21.052261,21.950502,21.048948,22.209612,16.784052,16.64442,4.0,4.0,4.0,0.0,0.0,0.0,0.0,0.0
10350,2023.0,3.0,13.0,21.0,21.044416,22.431072,20.22707,21.909119,21.050085,22.420818,21.051992,22.487835,18.297762,18.556604,17.28254,17.101135,21.052555,21.933098,21.00933,22.09585,16.69892,16.574364,0.0,4.0,4.0,4.0,0.0,0.0,4.0,0.0
10351,2023.0,3.0,13.0,21.0,21.041704,22.413399,18.845823,19.051306,21.072859,22.462217,21.076818,22.544373,20.273924,21.917969,17.50767,17.67086,21.038843,21.916374,21.06901,22.219849,16.58718,16.467194,4.0,0.0,0.0,4.0,4.0,0.0,0.0,0.0
10352,2023.0,3.0,13.0,21.0,21.068316,22.474169,20.228788,21.93045,21.06733,22.425417,21.071264,22.515215,20.165344,21.641834,20.3952,22.542744,21.01019,21.844883,21.05858,22.175129,16.491037,16.374468,0.0,0.0,0.0,0.0,0.0,4.0,0.0,0.0
10353,2023.0,3.0,13.0,21.0,21.062195,22.443838,18.841396,19.048351,21.04228,22.333122,21.071005,22.496136,18.4303,18.196356,18.510681,18.709082,21.02821,21.864094,21.059101,22.154684,16.40927,16.296288,4.0,4.0,0.0,0.0,0.0,4.0,0.0,0.0
10354,2023.0,3.0,13.0,21.0,21.035994,22.355145,20.226486,21.910498,21.072151,22.39893,21.054998,22.479065,17.591265,17.183554,17.476883,17.325186,21.026205,21.84879,21.04613,22.13576,16.335506,16.220396,4.0,0.0,0.0,0.0,0.0,4.0,0.0,0.0
10355,2023.0,3.0,13.0,21.0,21.040867,22.358028,20.037157,21.414366,21.065096,22.368517,21.056553,22.488756,17.543793,17.362167,17.639824,17.844799,21.05676,21.917496,21.047102,22.139051,16.27,16.153662,0.0,0.0,0.0,0.0,4.0,0.0,0.0,0.0
10356,2023.0,3.0,13.0,22.0,21.067194,22.426014,18.479755,18.344927,21.050629,22.355047,21.031675,22.422194,17.458141,17.29339,20.36503,22.424562,21.020718,21.808907,21.047161,22.138157,16.215742,16.10099,0.0,0.0,4.0,0.0,4.0,4.0,0.0,0.0
10357,2023.0,3.0,13.0,22.0,21.034908,22.330338,17.81932,17.674913,21.052353,22.364895,21.036554,22.436676,17.32883,17.168901,20.034721,21.647135,21.056335,21.890287,21.046694,22.134706,16.948145,17.529251,0.0,0.0,4.0,0.0,0.0,0.0,0.0,4.0
10358,2023.0,3.0,13.0,22.0,21.06743,22.41068,18.094261,18.351751,21.026957,22.29687,21.0768,22.506598,17.21713,17.064135,18.262604,18.068901,21.050222,21.862322,21.04681,22.131285,20.34064,23.232029,4.0,4.0,0.0,0.0,0.0,0.0,0.0,0.0
10359,2023.0,3.0,13.0,22.0,21.061243,22.387716,20.25739,22.16354,21.057184,22.382397,21.068916,22.462427,17.116432,16.96632,17.52538,17.318344,21.020248,21.76983,21.046633,22.126629,18.356632,18.86029,4.0,0.0,0.0,0.0,0.0,4.0,0.0,4.0
10360,2023.0,3.0,13.0,22.0,21.061634,22.377693,20.042866,21.554655,21.067116,22.367672,21.069393,22.438902,17.028992,16.88259,17.3678,17.175821,21.055285,21.85451,21.006775,22.015179,20.3399,22.775307,0.0,0.0,0.0,0.0,0.0,0.0,4.0,0.0
10361,2023.0,3.0,13.0,22.0,21.046597,22.367476,18.421364,18.322508,21.065275,22.33764,21.02774,22.34829,17.542685,17.917467,17.216227,17.034515,21.04948,21.830599,21.067133,22.142834,18.615099,19.070326,0.0,0.0,4.0,4.0,0.0,0.0,0.0,4.0
10362,2023.0,3.0,13.0,23.0,21.04829,22.381006,17.727861,17.587765,21.04913,22.316305,21.076145,22.442669,20.378359,22.653883,17.084242,16.90807,21.049738,21.819468,21.056736,22.100285,20.320276,22.481657,0.0,0.0,0.0,0.0,0.0,0.0,0.0,0.0
10363,2023.0,3.0,13.0,23.0,19.854328,20.092361,17.55648,17.42836,19.80024,19.924482,19.439074,19.28381,18.413885,18.567303,16.968122,16.7975,20.09406,19.996996,19.606647,19.295742,18.140947,18.025606,0.0,0.0,0.0,0.0,0.0,0.0,0.0,0.0
10364,2023.0,3.0,13.0,23.0,19.28576,19.299381,17.41964,17.28324,19.151834,18.990479,18.647537,18.160007,17.69088,17.521832,17.21565,17.342445,19.702366,19.478212,19.278128,19.058132,17.364758,16.976582,0.0,0.0,0.0,0.0,4.0,0.0,0.0,0.0
10365,2023.0,3.0,13.0,23.0,19.05419,19.072714,17.305256,17.175247,18.89472,18.732347,18.622244,18.421633,17.507942,17.343044,16.943903,16.798515,19.533865,19.319353,19.105844,18.911028,18.077562,18.585379,0.0,0.0,0.0,0.0,0.0,0.0,0.0,4.0
10366,2023.0,3.0,13.0,23.0,18.866837,18.885777,17.200325,17.070988,18.691355,18.528633,18.496397,18.34854,17.98575,18.37292,17.102215,17.213839,19.38776,19.176971,18.931232,18.742613,17.477669,17.379509,0.0,0.0,0.0,4.0,4.0,0.0,0.0,0.0
10367,2023.0,3.0,13.0,23.0,18.709131,18.729328,17.10514,16.976847,18.520489,18.359108,18.33103,18.187172,17.48516,17.35405,17.157362,17.277124,19.260584,19.053415,18.778103,18.594034,16.984037,16.640074,0.0,0.0,0.0,0.0,4.0,0.0,0.0,0.0
10368,2023.0,3.0,14.0,0.0,18.57018,18.589867,17.017641,16.888912,18.36966,18.208069,18.180552,18.036818,17.034786,16.648909,16.83594,16.690947,19.146185,18.940884,18.64045,18.458921,16.76212,16.403915,0.0,0.0,0.0,0.0,0.0,0.0,0.0,0.0
10369,2023.0,3.0,14.0,0.0,18.444853,18.462313,16.934948,16.80318,18.233665,18.070114,18.042871,17.89729,16.846027,16.443333,17.004599,17.112255,19.041494,18.835907,18.515608,18.334772,16.806948,16.649954,0.0,0.0,0.0,0.0,4.0,0.0,0.0,0.0
10370,2023.0,3.0,14.0,0.0,18.338121,18.360722,16.862999,16.73358,18.118273,17.960756,17.92525,17.785906,16.931278,16.741558,16.501198,16.11499,19.68357,20.13341,18.407278,18.232176,16.740345,16.596676,0.0,0.0,0.0,0.0,0.0,4.0,0.0,0.0
10371,2023.0,3.0,14.0,0.0,18.237015,18.26059,16.792938,16.662746,18.009125,17.85298,17.813524,17.675709,16.91164,16.750006,16.55733,16.383299,18.851198,18.43375,18.30331,18.12629,16.654453,16.51482,0.0,0.0,0.0,0.0,4.0,0.0,0.0,0.0
10372,2023.0,3.0,14.0,0.0,18.141043,18.162182,16.724644,16.591396,17.905739,17.747427,17.70728,17.56743,17.434105,17.789103,16.30154,15.912942,18.53586,18.033949,18.20512,18.02465,16.569939,16.430212,0.0,0.0,0.0,4.0,0.0,0.0,0.0,0.0
10373,2023.0,3.0,14.0,0.0,18.054436,18.075096,16.661507,16.526693,17.812117,17.653795,17.611023,17.471264,16.980062,16.826513,16.345873,16.139458,18.408112,17.906382,18.11472,17.932531,16.488764,16.345207,0.0,0.0,0.0,0.0,0.0,0.0,0.0,0.0
10374,2023.0,3.0,14.0,1.0,17.974596,17.99503,16.602072,16.466257,17.725697,17.568071,17.52225,17.383234,16.818684,16.654009,16.63127,16.70108,18.558592,18.319098,18.031296,17.847927,17.148521,17.65092,0.0,0.0,0.0,0.0,4.0,0.0,0.0,4.0
10375,2023.0,3.0,14.0,1.0,17.897038,17.914284,16.542479,16.402395,17.641718,17.48146,17.436367,17.294615,16.738451,16.565859,16.406282,16.230854,18.549404,18.328194,17.95122,17.764212,16.601038,16.48076,0.0,0.0,0.0,0.0,0.0,0.0,0.0,0.0
10376,2023.0,3.0,14.0,1.0,17.81955,17.829645,16.481585,16.333462,17.558214,17.391071,17.35139,17.202454,16.662601,16.482487,16.279757,16.082754,18.487532,18.260523,17.872787,17.679527,16.202858,15.844425,0.0,0.0,0.0,0.0,0.0,0.0,0.0,0.0
10377,2023.0,3.0,14.0,1.0,17.752403,17.76198,16.42855,16.278265,17.486038,17.319063,17.27796,17.129103,16.59909,16.417011,16.513031,16.56898,18.429413,18.200083,17.803019,17.608349,16.803371,17.094297,0.0,0.0,0.0,0.0,4.0,0.0,0.0,4.0
10378,2023.0,3.0,14.0,1.0,17.685575,17.691587,16.374641,16.219467,17.414318,17.24418,17.204973,17.052853,16.537233,16.350992,16.595295,16.674788,18.37044,18.136938,17.734526,17.53636,16.204443,15.843788,0.0,0.0,0.0,0.0,4.0,0.0,0.0,0.0
10379,2023.0,3.0,14.0,1.0,17.619015,17.618818,16.320326,16.157791,17.343119,17.166996,17.132788,16.974442,16.476564,16.284164,16.29782,16.110394,18.311266,18.071648,17.666916,17.463219,15.963154,15.561567,0.0,0.0,0.0,0.0,0.0,0.0,0.0,0.0
10380,2023.0,3.0,14.0,2.0,17.559174,17.55692,16.27132,16.105112,17.279196,17.101486,17.067976,16.907946,16.421816,16.226683,16.167055,15.955689,18.256977,18.014519,17.605299,17.39951,16.845062,17.342667,0.0,0.0,0.0,0.0,0.0,0.0,0.0,4.0
10381,2023.0,3.0,14.0,2.0,17.497246,17.488604,16.219166,16.045189,17.213223,17.029346,17.001059,16.834816,16.365566,16.164164,16.375547,16.401934,18.200521,17.951593,17.542316,17.330896,16.121675,15.764146,0.0,0.0,0.0,0.0,4.0,0.0,0.0,0.0
10382,2023.0,3.0,14.0,2.0,17.436275,17.420721,16.166767,15.984448,17.148426,16.957804,16.935535,16.762438,16.310013,16.102093,16.14901,15.938366,18.144386,17.888716,18.484053,19.152363,15.827769,15.39679,0.0,0.0,0.0,0.0,0.0,0.0,4.0,0.0
10383,2023.0,3.0,14.0,2.0,17.377039,17.354769,16.115324,15.924825,17.085829,16.888605,16.872005,16.692368,16.2561,16.04195,16.011538,15.774152,18.089602,17.827488,17.528545,17.116413,15.711279,15.271517,0.0,0.0,0.0,0.0,0.0,0.0,0.0,0.0
10384,2023.0,3.0,14.0,2.0,17.314426,17.28079,16.059633,15.85643,17.019968,16.811111,16.80465,16.613596,16.200584,15.976703,15.938991,15.690222,18.032991,17.760946,17.163301,16.636467,15.863926,15.669742,0.0,0.0,0.0,0.0,0.0,0.0,0.0,0.0
10385,2023.0,3.0,14.0,2.0,17.255396,17.212862,16.005516,15.791043,16.957062,16.738562,16.740265,16.539778,16.14848,15.916868,15.872124,15.614108,17.97961,17.699661,17.028765,16.491484,15.84576,15.642072,0.0,0.0,0.0,0.0,0.0,0.0,0.0,0.0
10386,2023.0,3.0,14.0,3.0,17.200186,17.151588,15.956429,15.735606,16.899305,16.675684,16.68143,16.475975,16.09933,15.862119,15.812209,15.548529,17.92893,17.643112,17.221592,16.982721,15.801288,15.592102,0.0,0.0,0.0,0.0,0.0,0.0,0.0,0.0
10387,2023.0,3.0,14.0,3.0,17.150137,17.099783,15.911052,15.687335,16.845623,16.620121,16.62682,16.419407,16.054764,15.815822,15.757552,15.491503,17.883076,17.59562,17.20701,16.961863,15.759235,15.548496,0.0,0.0,0.0,0.0,0.0,0.0,0.0,0.0
10388,2023.0,3.0,14.0,3.0,17.103539,17.05269,15.869942,15.645855,16.796402,16.571129,16.576748,16.36954,16.013409,15.773786,15.708109,15.441443,17.840145,17.552048,17.164204,16.91841,15.718812,15.507348,0.0,0.0,0.0,0.0,0.0,0.0,0.0,0.0
10389,2023.0,3.0,14.0,3.0,17.058306,17.006907,15.829876,15.605369,16.748777,16.523596,16.528263,16.321148,15.973459,15.733142,15.660976,15.393671,17.798462,17.50971,17.120106,16.87374,15.679587,15.467407,0.0,0.0,0.0,0.0,0.0,0.0,0.0,0.0
10390,2023.0,3.0,14.0,3.0,17.023592,16.980988,15.790619,15.565633,16.702435,16.477232,16.481066,16.273943,15.9346485,15.693626,15.6157255,15.347761,17.7578,17.468384,17.07559,16.828712,15.64146,15.428569,0.0,0.0,0.0,0.0,0.0,0.0,0.0,0.0
10391,2023.0,3.0,14.0,3.0,16.991913,16.958263,15.752013,15.526488,16.657146,16.431824,16.434944,16.227726,15.896793,15.655061,15.572052,15.303413,17.718,17.427916,17.031652,16.784279,15.604378,15.390774,0.0,0.0,0.0,0.0,0.0,0.0,0.0,0.0
10392,2023.0,3.0,14.0,4.0,16.952524,16.918198,15.713952,15.487832,16.612755,16.387224,16.389748,16.182346,15.859755,15.617307,15.529725,15.2604,17.678944,17.388187,16.98835,16.740488,15.568213,15.353897,0.0,0.0,0.0,0.0,0.0,0.0,0.0,0.0
10393,2023.0,3.0,14.0,4.0,16.909296,16.87079,15.672717,15.442314,16.565832,16.336725,16.342081,16.13115,15.820902,15.575263,15.485687,15.212845,17.637978,17.34403,16.943443,16.692835,15.530573,15.313297,0.0,0.0,0.0,0.0,0.0,0.0,0.0,0.0
10394,2023.0,3.0,14.0,4.0,16.86835,16.828346,15.634796,15.403701,16.522388,16.293114,16.297976,16.086967,16.370256,16.639109,15.444315,15.170659,17.59873,17.303547,16.900213,16.648672,15.494485,15.275881,0.0,0.0,0.0,4.0,0.0,0.0,0.0,0.0
10395,2023.0,3.0,14.0,4.0,16.825275,16.78147,15.593714,15.358681,16.476236,16.243752,16.25118,16.036997,15.957037,15.730363,15.400851,15.124079,17.557888,17.259876,16.855633,16.60171,16.186972,16.609673,0.0,0.0,0.0,0.0,0.0,0.0,0.0,4.0
10396,2023.0,3.0,14.0,4.0,16.779915,16.729635,15.549853,15.308089,16.427483,16.188982,16.20198,15.981704,15.806091,15.549868,15.672325,15.668521,17.514984,17.212242,16.809124,16.550953,16.472286,16.980412,0.0,0.0,0.0,0.0,4.0,0.0,0.0,4.0
10397,2023.0,3.0,14.0,4.0,16.739492,16.687637,15.511284,15.267866,16.384222,16.144855,16.158846,15.93746,16.313866,16.546955,15.444777,15.179615,17.475609,17.171797,16.766201,16.507383,15.525183,15.072535,0.0,0.0,0.0,4.0,0.0,0.0,0.0,0.0
10398,2023.0,3.0,14.0,5.0,16.69605,16.639593,15.469781,15.221453,16.337921,16.094471,16.112997,15.887178,15.609532,15.069384,15.324697,15.036506,17.433758,17.126583,16.720894,16.459148,15.20424,14.673024,0.0,0.0,0.0,0.0,0.0,0.0,0.0,0.0
10399,2023.0,3.0,14.0,5.0,16.653074,16.592234,15.428034,15.174624,16.291399,16.043535,16.066612,15.836208,15.315985,14.709741,15.273233,14.981516,17.392422,17.082537,16.675966,16.411732,15.082482,14.546322,0.0,0.0,0.0,0.0,0.0,0.0,0.0,0.0
10400,2023.0,3.0,14.0,5.0,16.617239,16.558832,15.395333,15.145414,16.253876,16.009773,16.02882,15.802198,16.13441,16.380556,15.231063,14.943004,17.356989,17.04955,16.636759,16.374971,15.271013,15.018623,0.0,0.0,0.0,4.0,0.0,0.0,0.0,0.0
10401,2023.0,3.0,14.0,5.0,16.578005,16.518583,15.3588295,15.108312,16.21277,15.968283,15.98717,15.76026,15.79584,15.563837,15.187456,14.898871,17.319393,17.011686,16.595457,16.333443,15.295324,15.063021,0.0,0.0,0.0,0.0,0.0,0.0,0.0,0.0
10402,2023.0,3.0,14.0,5.0,16.538893,16.477884,15.322102,15.070467,16.171535,15.92614,15.945362,15.717609,15.335527,14.76811,15.144838,14.855385,17.281862,16.97357,16.554243,16.291685,15.262295,15.029595,0.0,0.0,0.0,0.0,0.0,0.0,0.0,0.0
10403,2023.0,3.0,14.0,5.0,16.499279,16.435972,15.284022,15.029739,16.12927,15.881605,15.902568,15.67256,15.153151,14.546532,15.10246,14.8112,17.24416,16.93476,16.512972,16.249458,15.226594,14.9927225,0.0,0.0,0.0,0.0,0.0,0.0,0.0,0.0
10404,2023.0,3.0,14.0,6.0,16.46271,16.400446,15.250756,14.998633,16.091698,15.846234,15.864562,15.636804,15.385942,15.114515,15.064604,14.775238,17.209183,16.901144,16.474226,16.212038,15.19204,14.959173,0.0,0.0,0.0,0.0,0.0,0.0,0.0,0.0
10405,2023.0,3.0,14.0,6.0,21.128977,24.619797,15.216077,14.96459,21.026379,24.512691,20.943357,24.53545,15.408418,15.145805,15.026315,14.737521,21.09872,23.494057,21.742016,25.062574,15.156342,14.923109,0.0,0.0,0.0,0.0,0.0,0.0,0.0,0.0
10406,2023.0,3.0,14.0,6.0,21.010788,23.842815,15.175921,14.922962,21.009209,23.889242,20.991026,24.000126,15.3780775,15.114868,15.000485,14.727003,21.697882,24.299068,21.075823,23.599306,15.887489,16.335743,0.0,0.0,4.0,0.0,0.0,0.0,0.0,4.0
10407,2023.0,3.0,14.0,6.0,21.087524,23.649784,15.136976,14.883278,21.09259,23.67509,21.101786,23.844398,15.930653,16.180563,15.004053,14.757148,20.974972,22.698511,21.71032,24.315971,20.391676,23.956594,0.0,0.0,0.0,4.0,0.0,0.0,4.0,4.0
10408,2023.0,3.0,14.0,6.0,21.0518,23.33122,15.57755,15.737545,21.057144,23.333574,21.084414,23.545313,20.368256,23.741045,15.003968,14.774789,21.074562,22.733658,21.083715,23.004747,20.020243,22.675165,4.0,4.0,0.0,0.0,0.0,0.0,0.0,4.0
10409,2023.0,3.0,14.0,6.0,21.599174,24.138163,20.173363,23.577858,21.587587,24.087908,21.7642,24.299948,18.095821,18.675531,15.004792,14.789883,21.465748,23.282593,22.039762,24.280079,20.079601,22.422455,0.0,0.0,0.0,4.0,0.0,0.0,0.0,4.0
10410,2023.0,3.0,14.0,7.0,20.976717,22.78536,17.952396,18.612757,20.947536,22.721996,21.073732,23.15479,20.333878,23.051083,15.207641,15.172773,20.966309,22.206526,20.878235,22.123724,20.068403,22.144556,4.0,4.0,0.0,0.0,4.0,4.0,4.0,4.0
10411,2023.0,3.0,14.0,7.0,21.618872,23.654537,20.702932,23.755838,21.599491,23.624037,21.738665,23.974657,17.497725,17.133991,20.298208,23.577036,21.455494,22.906761,21.894737,23.674995,20.595032,22.579636,4.0,0.0,0.0,0.0,0.0,0.0,0.0,4.0
10412,2023.0,3.0,14.0,7.0,21.840042,23.934982,19.919683,21.992407,21.009237,22.536253,20.991879,22.676271,17.293571,17.69371,17.839554,18.36268,21.869051,23.542152,20.982159,22.115402,20.028439,21.676214,4.0,4.0,0.0,4.0,4.0,4.0,0.0,4.0
10413,2023.0,3.0,14.0,7.0,21.169926,22.795187,20.115458,22.150078,21.094461,22.674303,21.105429,22.897665,21.601683,24.87063,20.323126,23.210756,20.936123,21.810326,21.113142,22.399317,21.123287,23.448225,4.0,4.0,0.0,4.0,0.0,0.0,0.0,0.0
10414,2023.0,3.0,14.0,7.0,22.061983,24.32952,20.099892,21.966667,21.07039,22.600317,21.046724,22.747393,19.872328,21.427475,17.856857,18.01479,21.612534,22.987274,21.057219,22.33657,18.52048,18.139395,0.0,4.0,4.0,4.0,0.0,4.0,0.0,0.0
10415,2023.0,3.0,14.0,7.0,20.92035,22.157818,17.770731,17.377872,21.072536,22.578373,21.05535,22.752546,20.129538,21.806889,16.798815,16.805529,20.964245,21.761726,21.024641,22.269808,16.971954,16.268778,0.0,4.0,4.0,0.0,4.0,0.0,4.0,0.0
10416,2023.0,3.0,14.0,8.0,21.112453,22.598457,17.295177,17.324,21.09634,22.620745,21.104012,22.807117,17.855816,17.316969,20.47424,23.10211,21.054153,21.948511,21.091518,22.414293,16.500801,15.799734,4.0,0.0,0.0,0.0,4.0,4.0,0.0,0.0
10417,2023.0,3.0,14.0,8.0,19.608942,19.697819,20.259222,22.662666,19.420675,19.354128,19.270824,19.211803,16.697884,15.955646,20.05569,22.116209,19.9118,19.776533,19.059208,18.490643,17.494658,18.003075,4.0,4.0,4.0,0.0,0.0,4.0,0.0,4.0
10418,2023.0,3.0,14.0,8.0,18.866468,18.855246,20.067442,21.998514,18.5415,18.294802,17.731375,16.970284,16.678728,16.302513,17.538328,17.051125,19.437426,19.296638,19.013336,19.153296,20.331076,22.759571,0.0,4.0,0.0,0.0,0.0,4.0,4.0,0.0
10419,2023.0,3.0,14.0,8.0,18.597122,18.595253,18.05918,17.948046,17.611298,16.819416,17.096016,16.239265,16.607159,16.291555,16.95472,16.877901,19.253614,19.120169,19.053005,19.204927,18.32815,18.523638,4.0,0.0,0.0,0.0,4.0,4.0,4.0,4.0
10420,2023.0,3.0,14.0,8.0,17.75492,17.167316,20.257727,22.17362,17.829157,17.514814,16.816181,15.952606,16.467052,16.160168,20.349833,22.804304,18.456392,17.735456,18.07511,17.463789,21.707125,24.416407,0.0,4.0,0.0,0.0,0.0,0.0,0.0,0.0
10421,2023.0,3.0,14.0,8.0,17.964092,17.930794,17.969936,17.593624,17.853775,17.625074,16.975243,16.542965,16.309116,16.012913,18.137918,18.22256,18.697128,18.560196,17.457691,16.753008,18.658241,18.34679,0.0,4.0,0.0,0.0,0.0,4.0,0.0,0.0
10422,2023.0,3.0,14.0,9.0,17.29653,16.719812,17.296421,16.858292,17.738195,17.516695,16.972544,16.624958,16.180904,15.879598,17.121363,16.742542,18.044588,17.321014,17.194183,16.478361,17.37926,16.623268,0.0,4.0,0.0,0.0,0.0,0.0,0.0,0.0
10423,2023.0,3.0,14.0,9.0,16.952797,16.309431,17.544544,17.567444,16.965487,16.181978,16.857624,16.51978,16.065086,15.766812,16.815971,16.43327,18.47122,18.370625,17.000412,16.299837,17.30352,16.92492,4.0,0.0,0.0,0.0,0.0,4.0,0.0,0.0
10424,2023.0,3.0,14.0,9.0,16.768497,16.137733,20.238008,22.471848,16.608671,15.755011,16.747223,16.417097,15.962816,15.667858,16.581133,16.20629,17.79794,17.049463,17.17718,16.832605,17.120813,16.801098,0.0,0.0,0.0,0.0,0.0,0.0,0.0,0.0
10425,2023.0,3.0,14.0,9.0,16.9757,16.748674,18.630192,19.065626,16.385845,15.547913,16.624702,16.303066,15.859332,15.569101,16.739735,16.710522,17.397907,16.622126,17.183573,16.881958,16.876127,16.57297,4.0,0.0,0.0,0.0,4.0,0.0,0.0,0.0
10426,2023.0,3.0,14.0,9.0,17.771082,18.296139,20.292547,22.296476,17.35961,17.57042,16.526983,16.209616,15.781935,15.492235,20.417305,22.932262,17.258867,16.486553,17.10172,16.805716,16.694008,16.39629,0.0,4.0,0.0,0.0,0.0,0.0,0.0,0.0
10427,2023.0,3.0,14.0,9.0,17.001638,16.641808,17.942207,17.573942,17.10412,16.90029,16.424856,16.114626,15.704407,15.419274,18.10773,18.229164,18.325905,18.670923,17.006605,16.71498,16.510324,16.223505,0.0,0.0,0.0,0.0,0.0,4.0,0.0,0.0
10428,2023.0,3.0,14.0,10.0,16.540447,15.972593,16.821423,15.922816,16.403364,15.675369,16.342728,16.036007,16.351559,16.684507,17.078796,16.710043,17.482885,16.82597,16.9299,16.63987,16.371971,16.089458,0.0,0.0,0.0,4.0,0.0,0.0,0.0,0.0
10429,2023.0,3.0,14.0,10.0,16.360418,15.789571,16.86721,16.386599,16.117693,15.327299,16.98301,17.309017,20.29147,23.428844,16.797096,16.42013,17.127182,16.373726,16.859938,16.575579,16.249023,15.976229,0.0,0.0,4.0,0.0,0.0,0.0,0.0,0.0
10430,2023.0,3.0,14.0,10.0,17.378445,17.88216,16.81383,16.453169,17.071117,17.320246,16.64128,16.524399,17.329288,17.092638,16.561802,16.199299,17.790956,17.749489,16.787859,16.509766,16.12619,15.863466,0.0,4.0,0.0,0.0,0.0,4.0,0.0,0.0
10431,2023.0,3.0,14.0,10.0,16.65019,16.31775,16.65827,16.312008,16.781036,16.661268,16.627338,16.554695,16.215424,15.513065,16.397047,16.041792,17.214043,16.531492,16.729116,16.455408,16.031988,15.775547,0.0,0.0,4.0,0.0,0.0,0.0,0.0,0.0
10432,2023.0,3.0,14.0,10.0,16.23934,15.710191,16.505064,16.16948,16.09134,15.413097,15.948415,15.307834,16.275019,15.921848,16.253174,15.909658,16.960274,16.232548,16.67372,16.404974,15.945421,15.696278,0.0,0.0,0.0,0.0,0.0,0.0,0.0,0.0
10433,2023.0,3.0,14.0,10.0,16.098528,15.568088,16.371904,16.046318,16.552746,16.434341,15.653223,14.932414,16.220982,15.927185,16.12996,15.797649,17.685738,17.694708,16.623346,16.359762,15.866843,15.621034,0.0,4.0,0.0,0.0,0.0,4.0,0.0,0.0
10434,2023.0,3.0,14.0,11.0,16.373898,16.232203,16.25146,15.936259,16.00205,15.368705,15.522876,14.812873,16.112648,15.831238,16.021046,15.698898,17.086714,16.422361,16.577127,16.318686,15.797045,15.556336,0.0,0.0,0.0,0.0,0.0,0.0,0.0,0.0
10435,2023.0,3.0,14.0,11.0,16.433065,16.359476,16.609436,16.708698,15.740945,15.036461,16.53109,16.853134,16.017796,15.748083,15.92884,15.619074,16.865313,16.169317,16.537436,16.286404,15.737639,15.504623,4.0,0.0,4.0,0.0,0.0,0.0,0.0,0.0
10436,2023.0,3.0,14.0,11.0,16.408611,16.349478,20.15153,22.972937,15.993132,15.66231,16.242744,16.16955,15.935125,15.674683,15.847294,15.546794,17.596323,17.627567,16.501858,16.258053,15.685635,15.459912,0.0,0.0,0.0,0.0,0.0,4.0,0.0,0.0
10437,2023.0,3.0,14.0,11.0,16.380907,16.337978,18.34776,18.962242,16.092747,15.847966,15.5773945,15.026434,15.8537,15.603417,15.769049,15.480475,17.180605,16.628487,16.466454,16.230108,15.633806,15.415857,4.0,0.0,0.0,0.0,0.0,0.0,0.0,0.0
10438,2023.0,3.0,14.0,11.0,17.123621,17.7693,20.240337,22.573072,16.064177,15.837173,15.360296,14.744068,15.795789,15.551711,15.715594,15.433589,16.91766,16.270042,16.438534,16.208912,15.594863,15.383363,0.0,0.0,0.0,0.0,0.0,0.0,0.0,0.0
10439,2023.0,3.0,14.0,11.0,17.410576,18.08405,18.28306,18.544762,16.744333,17.15991,16.332289,16.705761,15.739226,15.503606,15.664964,15.393152,16.821493,16.182135,17.430422,18.105326,16.451853,17.0341,0.0,4.0,4.0,0.0,0.0,0.0,4.0,4.0
10440,2023.0,3.0,14.0,12.0,16.485632,16.266655,17.744408,17.91045,16.98687,17.487288,15.727658,15.374841,15.699531,15.469757,15.630775,15.3658495,17.916277,18.345581,17.480753,17.92192,20.20635,23.370771,4.0,4.0,0.0,0.0,0.0,4.0,4.0,0.0
10441,2023.0,3.0,14.0,12.0,20.905142,24.221773,20.24687,22.478922,21.204283,24.664394,20.377335,23.675064,15.654708,15.427837,15.59147,15.330399,21.499407,24.293612,21.318544,24.581083,17.31229,17.176283,0.0,4.0,0.0,0.0,0.0,4.0,0.0,0.0
10442,2023.0,3.0,14.0,12.0,21.050064,23.947502,17.945396,17.762651,21.046806,23.871641,21.116566,24.393639,15.615988,15.392059,15.55711,15.299849,21.86763,24.445635,22.033543,25.230444,15.92167,15.413735,0.0,0.0,0.0,0.0,0.0,4.0,0.0,0.0
10443,2023.0,3.0,14.0,12.0,21.05961,23.633844,17.41199,17.565334,21.112114,23.653587,21.085365,23.932152,15.585777,15.364831,15.527516,15.273293,20.970413,22.542711,22.423635,25.409332,15.926807,15.685843,4.0,0.0,0.0,0.0,0.0,0.0,0.0,0.0
10444,2023.0,3.0,14.0,12.0,21.079218,23.42807,20.288559,22.65675,21.076805,23.326193,21.087751,23.673925,15.562836,15.344945,15.502516,15.250999,21.088064,22.614107,20.888117,22.420387,15.924829,15.70886,0.0,4.0,0.0,0.0,0.0,0.0,0.0,0.0
10445,2023.0,3.0,14.0,12.0,21.0739,23.252604,18.34835,18.622398,21.103373,23.233976,21.085102,23.487518,15.54569,15.33102,15.484592,15.236198,21.071993,22.456308,21.091064,22.778519,15.85657,15.646572,0.0,0.0,0.0,0.0,0.0,0.0,0.0,0.0
10446,2023.0,3.0,14.0,13.0,21.096071,23.197954,17.099863,16.920507,21.067966,23.023762,21.080444,23.349518,15.531054,15.319597,15.468413,15.223197,21.051086,22.35716,21.060314,22.67132,15.796033,15.589925,0.0,4.0,0.0,0.0,0.0,0.0,0.0,0.0
10447,2023.0,3.0,14.0,13.0,21.061743,23.018328,17.271803,17.499706,21.097578,23.014582,21.079014,23.250952,15.51536,15.304967,15.450218,15.206045,21.052225,22.3112,21.063074,22.635403,15.743267,15.539314,4.0,0.0,0.0,0.0,0.0,0.0,0.0,0.0
10448,2023.0,3.0,14.0,13.0,21.154844,23.137957,20.294336,22.798813,21.153582,23.054447,21.154198,23.327148,15.500209,15.291767,15.431739,15.189266,21.126984,22.421104,21.18553,22.843964,15.699576,15.500651,4.0,0.0,0.0,0.0,0.0,0.0,0.0,0.0
10449,2023.0,3.0,14.0,13.0,22.213596,24.938007,20.050896,22.036856,21.045727,22.803871,21.078634,23.11719,15.485541,15.278489,15.415554,15.173951,21.835716,23.61516,21.062243,22.564316,15.658508,15.462116,0.0,4.0,0.0,0.0,0.0,0.0,0.0,0.0
10450,2023.0,3.0,14.0,13.0,20.923935,22.46544,18.214418,18.311523,21.07348,22.80591,21.077738,23.070456,15.472825,15.267413,15.402557,15.163061,20.955185,21.898773,21.06196,22.539005,15.621637,15.427938,4.0,4.0,0.0,0.0,0.0,0.0,0.0,0.0
10451,2023.0,3.0,14.0,13.0,21.186272,22.978487,20.257572,22.469591,21.165834,22.971373,21.170755,23.20132,15.45891,15.255352,15.387771,15.150149,21.150469,22.304852,21.19813,22.78985,15.587886,15.3969,0.0,0.0,4.0,0.0,0.0,0.0,0.0,0.0
10452,2023.0,3.0,14.0,14.0,21.060223,22.727385,18.035872,17.911469,21.087606,22.775974,21.08072,23.012428,15.44443,15.242757,15.372762,15.13735,21.047098,22.09994,21.060488,22.492153,15.556585,15.368216,0.0,0.0,0.0,0.0,0.0,0.0,0.0,0.0
10453,2023.0,3.0,14.0,14.0,19.60087,19.932486,17.047615,16.844452,19.498386,19.673635,18.841732,18.659323,15.430942,15.233313,15.357658,15.126615,19.803501,19.709808,19.482895,19.44259,15.529734,15.34651,0.0,4.0,0.0,0.0,0.0,0.0,0.0,0.0
10454,2023.0,3.0,14.0,14.0,18.416082,18.051638,16.866314,16.675999,18.249628,17.685455,17.81725,17.227215,15.418261,15.224471,15.343234,15.116433,19.27533,18.972198,18.817976,18.546593,15.506936,15.327785,0.0,0.0,0.0,0.0,0.0,0.0,0.0,0.0
10455,2023.0,3.0,14.0,14.0,17.923481,17.491228,16.69273,16.499926,17.731226,17.085093,17.769249,17.532621,15.40287,15.212558,15.326706,15.103865,19.046144,18.735312,18.5133,18.231556,15.481341,15.305625,0.0,0.0,0.0,0.0,0.0,0.0,0.0,0.0
10456,2023.0,3.0,14.0,14.0,17.659704,17.267054,16.557804,16.381054,18.479458,18.807487,17.585043,17.395428,15.386065,15.200264,15.707762,15.837498,18.88483,18.593357,18.300688,18.040886,15.455581,15.284942,0.0,4.0,0.0,0.0,4.0,0.0,0.0,0.0
10457,2023.0,3.0,14.0,14.0,17.728287,17.651705,16.430191,16.260572,17.673992,17.272316,17.38326,17.20576,15.366447,15.184663,20.068567,23.185629,18.738468,18.45714,18.111778,17.862831,15.427227,15.26063,0.0,0.0,0.0,0.0,0.0,0.0,0.0,0.0
10458,2023.0,3.0,14.0,15.0,18.390701,19.028027,16.298952,16.13683,17.07842,16.536032,17.17597,17.00883,15.343809,15.166338,17.83645,18.287525,18.589195,18.31957,17.921131,17.684227,15.395495,15.233239,0.0,0.0,0.0,0.0,0.0,0.0,0.0,0.0
10459,2023.0,3.0,14.0,15.0,18.19102,18.560658,16.194674,16.02516,17.53577,17.563444,17.017239,16.844204,15.3145275,15.134313,16.648289,16.42341,18.468538,18.197922,18.827206,19.528763,15.358893,15.19413,0.0,4.0,0.0,0.0,0.0,0.0,4.0,0.0
10460,2023.0,3.0,14.0,15.0,17.403364,17.181044,16.094992,15.921196,16.972376,16.522251,16.869328,16.695543,15.2816925,15.098311,16.378546,16.117504,18.35401,18.08471,17.811138,17.44456,15.319004,15.151588,0.0,0.0,0.0,0.0,0.0,0.0,0.0,0.0
10461,2023.0,3.0,14.0,15.0,17.011185,16.648445,16.49411,16.74488,16.616991,16.047108,16.7307,16.550407,15.245534,15.057929,16.190134,15.918733,18.245083,17.9728,17.323551,16.79298,15.276185,15.104814,4.0,0.0,0.0,0.0,0.0,0.0,0.0,0.0
10462,2023.0,3.0,14.0,15.0,16.815287,16.446924,20.242771,23.216688,16.74256,16.468906,16.609964,16.431368,15.209139,15.019519,16.45221,16.537262,18.147774,17.878027,17.12607,16.59739,15.23451,15.061822,4.0,0.0,0.0,0.0,4.0,0.0,0.0,0.0
10463,2023.0,3.0,14.0,15.0,16.930782,16.86149,20.028646,22.35338,16.73571,16.522694,16.479265,16.299856,15.961847,16.470955,20.360388,23.200243,18.042337,17.773035,17.192955,16.91846,15.1871395,15.01231,4.0,0.0,0.0,4.0,0.0,0.0,0.0,0.0
10464,2023.0,3.0,14.0,16.0,17.696068,18.34687,20.086172,22.177305,16.628597,16.41971,16.359812,16.176888,20.344687,23.892605,17.944252,18.23343,17.943115,17.673607,18.235737,18.945738,15.13889,14.962204,4.0,0.0,0.0,0.0,0.0,0.0,4.0,0.0
10465,2023.0,3.0,14.0,16.0,17.612532,17.975784,20.075953,21.960796,16.527683,16.323608,16.257431,16.077698,17.249037,17.252373,16.57405,16.37779,18.659952,19.115004,17.354918,16.971308,15.095532,14.922423,4.0,0.0,0.0,0.0,0.0,4.0,0.0,0.0
10466,2023.0,3.0,14.0,16.0,17.481775,17.817993,20.074533,21.821606,17.173931,17.620247,16.166056,15.989976,15.69967,15.235605,16.241085,15.989148,18.167202,17.989624,16.78426,16.283648,15.0544195,14.885285,4.0,4.0,0.0,0.0,0.0,0.0,0.0,0.0
10467,2023.0,3.0,14.0,16.0,16.772112,16.521141,20.09035,21.770008,17.4307,17.945568,16.823025,17.299534,16.429815,16.898525,16.055323,15.803785,18.323854,18.465002,16.599072,16.099178,15.014916,14.85054,0.0,4.0,4.0,4.0,0.0,4.0,0.0,0.0
10468,2023.0,3.0,14.0,16.0,16.397686,16.062366,18.416306,18.469307,17.14036,17.33254,16.448824,16.431398,20.294085,23.38637,15.92094,15.680797,18.416954,18.556124,16.716621,16.472452,15.0018215,14.863567,4.0,4.0,0.0,4.0,0.0,4.0,0.0,0.0
10469,2023.0,3.0,14.0,16.0,16.990873,17.298885,20.245089,22.229149,16.984972,17.12852,16.484156,16.64151,20.051542,22.5185,15.80013,15.566302,18.419611,18.56101,16.73704,16.53336,15.003799,14.895985,4.0,4.0,4.0,0.0,0.0,4.0,0.0,0.0
10470,2023.0,3.0,14.0,17.0,17.217009,17.582644,20.05685,21.719551,16.944813,17.088804,16.562883,16.749327,17.506844,17.345804,15.6927395,15.467388,17.688715,17.192238,16.678478,16.485914,15.845608,16.50007,0.0,4.0,4.0,0.0,0.0,0.0,0.0,4.0
10471,2023.0,3.0,14.0,17.0,17.219746,17.575531,18.408413,18.454084,16.90447,17.039385,16.547821,16.72461,16.223093,15.726811,15.594316,15.373304,17.305687,16.732924,17.701006,18.481499,20.276438,23.934,4.0,4.0,4.0,0.0,0.0,0.0,4.0,0.0
10472,2023.0,3.0,14.0,17.0,17.203547,17.548208,20.24523,22.215832,16.859789,16.983677,15.884734,15.501924,16.877552,17.30332,15.495971,15.273576,17.148628,16.563536,16.813166,16.447586,17.675346,18.214504,4.0,4.0,0.0,4.0,0.0,0.0,0.0,4.0
10473,2023.0,3.0,14.0,17.0,17.173525,17.500256,20.05797,21.702772,16.813892,16.926794,15.480655,14.964483,20.338545,23.19901,15.402405,15.179551,17.024687,16.434523,16.26576,15.788119,20.354471,23.520824,0.0,4.0,0.0,0.0,0.0,0.0,0.0,0.0
10474,2023.0,3.0,14.0,17.0,17.152355,17.474937,18.384815,18.387665,16.766975,16.869139,16.013391,16.079418,17.564516,17.423128,15.318519,15.098482,18.04637,18.497683,16.090857,15.598268,17.344248,17.2566,4.0,4.0,4.0,0.0,0.0,4.0,0.0,0.0
10475,2023.0,3.0,14.0,17.0,17.126387,17.437426,20.234377,21.960419,16.722952,16.813812,15.545486,15.137989,17.179052,17.20845,15.246012,15.023876,17.982243,18.133202,15.976236,15.47712,16.238722,15.7106,4.0,4.0,0.0,4.0,0.0,4.0,0.0,0.0
10476,2023.0,3.0,14.0,18.0,16.415945,16.12801,20.043936,21.508791,16.674866,16.755165,15.8817,15.945288,20.39021,22.84736,15.1676655,14.946224,17.90302,18.012392,16.12923,15.893585,16.081234,15.820993,4.0,4.0,4.0,0.0,0.0,4.0,0.0,0.0
10477,2023.0,3.0,14.0,18.0,21.110126,24.543718,20.075644,21.51909,21.246618,24.817236,21.139587,25.049105,18.169657,18.358335,15.085953,14.85767,20.940426,23.181555,21.882797,25.619812,15.914352,15.687475,4.0,4.0,4.0,4.0,0.0,0.0,0.0,0.0
10478,2023.0,3.0,14.0,18.0,21.034397,23.864204,20.071495,21.471788,21.03201,23.856117,21.031939,24.202496,20.423859,22.73158,15.007092,14.773812,21.855795,24.522045,22.265917,25.823652,15.71426,15.494131,4.0,4.0,4.0,4.0,0.0,4.0,0.0,0.0
10479,2023.0,3.0,14.0,18.0,21.085194,23.600666,20.071764,21.441866,21.09635,23.629805,21.127678,23.99204,20.029577,21.89496,15.007882,14.829114,20.981384,22.6588,22.911684,26.584698,16.595757,17.321692,4.0,4.0,0.0,4.0,0.0,0.0,0.0,4.0
10480,2023.0,3.0,14.0,18.0,21.078571,23.363369,20.08947,21.466763,21.086155,23.372278,21.088947,23.613617,20.07473,21.847216,15.0061655,14.857842,21.095558,22.727911,21.325054,23.51148,20.263266,23.47302,0.0,4.0,4.0,4.0,0.0,0.0,0.0,0.0
10481,2023.0,3.0,14.0,18.0,21.0775,23.206507,18.11442,17.66328,21.085127,23.203243,21.09246,23.424986,20.09685,21.81262,15.007062,14.884391,21.08126,22.578568,21.063173,22.891253,17.141472,16.92061,0.0,4.0,4.0,0.0,0.0,0.0,4.0,0.0
10482,2023.0,3.0,14.0,19.0,21.101315,23.16091,17.792908,17.826939,21.107386,23.143946,21.113632,23.344685,17.82075,17.360601,15.008102,14.907817,21.059837,22.487982,22.965504,26.144646,15.645508,15.080986,4.0,0.0,0.0,0.0,0.0,0.0,0.0,0.0
10483,2023.0,3.0,14.0,19.0,21.069254,22.989193,20.240633,22.286602,21.076645,22.966433,21.107254,23.222212,16.602545,15.898499,15.008758,14.927793,21.06113,22.450434,21.924181,23.89866,16.675856,17.376717,0.0,4.0,0.0,0.0,0.0,0.0,0.0,4.0
10484,2023.0,3.0,14.0,19.0,21.073887,22.936249,18.730734,19.130526,21.080673,22.904127,21.08219,23.068123,17.359837,17.750633,15.008971,14.944058,21.060228,22.415846,21.070791,22.499443,20.372242,23.529171,4.0,4.0,4.0,4.0,0.0,0.0,4.0,4.0
10485,2023.0,3.0,14.0,19.0,22.014576,24.402128,20.26721,22.2196,21.160812,23.010246,21.160286,23.161737,20.324467,22.747498,15.009812,14.959236,21.911425,23.820408,21.19292,22.79365,20.063887,22.563374,0.0,4.0,4.0,4.0,0.0,4.0,0.0,0.0
10486,2023.0,3.0,14.0,19.0,21.049555,22.734493,17.964272,17.571238,21.102343,22.865925,21.083612,22.957113,20.064026,22.003372,15.009633,14.969939,20.94036,21.943962,21.087248,22.580614,17.260761,16.901361,0.0,0.0,4.0,0.0,0.0,0.0,0.0,0.0
10487,2023.0,3.0,14.0,19.0,21.072435,22.766386,17.053745,16.701431,21.072279,22.745552,21.107523,22.98394,17.646736,17.189726,15.010403,14.982554,21.063269,22.170225,21.087744,22.575369,16.923244,17.181181,0.0,4.0,0.0,0.0,0.0,4.0,0.0,4.0
10488,2023.0,3.0,14.0,20.0,21.095608,22.817541,16.879086,16.571505,21.077034,22.724989,21.077429,22.865526,17.158207,17.119577,15.011064,14.9951,21.08012,22.220387,21.066639,22.56508,20.466,23.21715,0.0,4.0,4.0,4.0,0.0,0.0,0.0,0.0
10489,2023.0,3.0,14.0,20.0,21.063946,22.714464,16.666374,16.36286,21.075785,22.6983,21.10601,22.911043,20.437145,22.748566,15.011468,15.006911,21.046518,22.121906,21.065767,22.579811,17.400076,17.057514,0.0,4.0,0.0,4.0,0.0,4.0,0.0,0.0
10490,2023.0,3.0,14.0,20.0,21.095314,22.77969,16.470497,16.160137,21.07448,22.674911,21.073257,22.796972,20.04043,21.892754,15.011926,15.01846,21.051208,22.125885,21.068546,22.595215,15.982758,15.363621,0.0,4.0,4.0,0.0,0.0,4.0,0.0,0.0
10491,2023.0,3.0,14.0,20.0,21.062185,22.674198,16.77437,16.871103,21.099428,22.72478,21.105036,22.858171,18.240623,18.249676,15.012344,15.0297,21.050735,22.119408,21.065199,22.591078,15.956419,15.693254,4.0,0.0,0.0,4.0,0.0,4.0,0.0,0.0
10492,2023.0,3.0,14.0,20.0,21.165138,22.867058,20.274149,23.05874,21.158838,22.80141,21.162493,22.950565,20.407848,22.446564,15.114211,15.218447,21.13295,22.277359,21.191744,22.843456,15.871327,15.644379,4.0,4.0,0.0,4.0,4.0,4.0,0.0,0.0
10493,2023.0,3.0,14.0,20.0,22.256681,24.686415,20.060593,22.219563,22.227356,24.53537,21.974276,24.298042,20.058784,21.740726,20.059114,23.406475,21.8421,23.494959,22.22358,24.630194,15.694355,15.464276,0.0,0.0,4.0,0.0,0.0,4.0,0.0,0.0
10494,2023.0,3.0,14.0,21.0,20.911514,22.18311,17.649082,17.324537,20.912773,22.121464,20.921482,22.294777,17.793837,17.294106,17.345486,17.744495,20.95994,21.812763,20.922604,22.105213,15.53955,15.311939,0.0,4.0,4.0,0.0,0.0,0.0,4.0,0.0
10495,2023.0,3.0,14.0,21.0,21.090425,22.576242,17.17349,17.239458,21.098625,22.527874,21.126944,22.750994,16.591692,15.864612,15.629693,15.400972,21.086805,22.086376,21.079704,22.428207,16.368376,16.996922,4.0,4.0,0.0,0.0,0.0,0.0,4.0,4.0
10496,2023.0,3.0,14.0,21.0,21.158438,22.756142,20.207788,22.663317,21.155102,22.662945,21.149519,22.784716,16.570078,16.23714,15.653418,15.71017,21.122768,22.164936,21.181126,22.670431,20.40841,23.586346,0.0,4.0,4.0,0.0,4.0,0.0,0.0,4.0
10497,2023.0,3.0,14.0,21.0,21.16099,22.746628,18.150795,18.328743,21.165909,22.69111,21.1694,22.84188,17.272293,17.690706,20.311506,23.48589,21.130276,22.161234,21.18597,22.6715,20.558834,23.390413,0.0,4.0,0.0,4.0,0.0,4.0,0.0,0.0
10498,2023.0,3.0,14.0,21.0,21.065973,22.55965,17.32244,17.448278,21.071583,22.502703,21.070759,22.613396,20.395067,22.890472,17.596127,17.908463,21.079208,22.081415,21.085257,22.45768,18.192158,18.40999,4.0,4.0,4.0,4.0,0.0,0.0,0.0,4.0
10499,2023.0,3.0,14.0,21.0,21.168755,22.785883,20.305113,22.764812,21.165775,22.690134,21.169926,22.824028,20.0624,22.052343,15.909415,15.627816,21.131258,22.162909,21.187109,22.651485,20.440804,22.931868,0.0,4.0,0.0,0.0,0.0,4.0,0.0,4.0
10500,2023.0,3.0,14.0,22.0,21.086279,22.609777,17.71501,17.396044,21.096657,22.564226,21.0955,22.6602,17.576618,17.07771,15.534051,15.233945,21.049519,21.998703,21.063658,22.434998,20.030901,22.039324,0.0,0.0,0.0,0.0,0.0,4.0,0.0,4.0
10501,2023.0,3.0,14.0,22.0,21.08618,22.600258,16.593332,16.102592,21.090578,22.540716,21.068804,22.647278,16.300632,15.540536,15.619329,15.5827465,21.07985,22.077936,21.066414,22.460358,20.110317,22.08079,4.0,0.0,0.0,0.0,4.0,0.0,0.0,0.0
10502,2023.0,3.0,14.0,22.0,21.743782,23.615911,20.330948,22.764894,21.870073,23.673655,21.78977,23.72986,16.971533,17.201214,20.156258,23.124277,21.748951,23.126919,21.766224,23.665003,18.215065,18.287575,0.0,0.0,0.0,4.0,0.0,0.0,0.0,4.0
10503,2023.0,3.0,14.0,22.0,21.014769,22.38177,17.93902,17.672874,21.058641,22.455862,21.004292,22.46156,20.405796,22.980318,17.616161,17.894772,20.947327,21.6781,20.916813,22.037256,20.408518,22.599838,0.0,0.0,4.0,0.0,0.0,0.0,0.0,0.0
10504,2023.0,3.0,14.0,22.0,21.095629,22.556942,16.696396,16.327734,21.06865,22.513748,21.082218,22.669632,17.502705,17.073399,15.9658,15.694641,21.064493,21.987782,21.087378,22.42906,18.293531,18.379988,0.0,0.0,0.0,0.0,0.0,0.0,0.0,4.0
10505,2023.0,3.0,14.0,22.0,21.085377,22.54163,16.963709,17.011087,21.067663,22.537025,21.098085,22.664381,16.07887,15.334987,15.871923,15.811313,21.051374,22.006617,21.02382,22.307308,20.414303,22.58812,4.0,0.0,0.0,0.0,4.0,0.0,4.0,4.0
10506,2023.0,3.0,14.0,23.0,21.170568,22.764824,20.260534,22.899818,21.06797,22.553406,21.095657,22.631968,16.11398,15.778709,20.460987,23.581495,21.183025,22.281452,21.056688,22.35786,20.894367,23.284641,0.0,0.0,0.0,0.0,4.0,4.0,4.0,4.0
10507,2023.0,3.0,14.0,23.0,19.516684,19.617016,18.129637,18.368284,19.428925,19.420277,19.391333,19.389744,16.072124,15.774511,17.704636,17.972784,19.204048,18.481695,18.935863,18.320475,18.213064,17.812054,0.0,0.0,0.0,0.0,0.0,0.0,0.0,0.0
10508,2023.0,3.0,14.0,23.0,18.759024,18.56427,17.05027,16.709866,18.574305,18.189085,18.516735,18.1446,15.933696,15.632383,16.438381,16.09209,19.261469,19.027449,18.08751,17.262186,17.0008,16.216465,0.0,0.0,0.0,0.0,0.0,4.0,0.0,0.0
10509,2023.0,3.0,14.0,23.0,18.416569,18.211721,16.737263,16.360172,18.208342,17.801018,18.135023,17.743067,15.799857,15.49911,16.41476,16.332413,18.522068,17.715227,17.70446,16.893314,16.549696,15.777349,0.0,0.0,0.0,0.0,4.0,0.0,0.0,0.0
10510,2023.0,3.0,14.0,23.0,18.14425,17.93286,16.5102,16.120785,17.925556,17.509996,17.836147,17.435587,15.671672,15.366449,15.993849,15.672206,18.063612,17.152868,17.387953,16.583729,16.604147,16.255865,0.0,0.0,0.0,0.0,0.0,0.0,0.0,0.0
10511,2023.0,3.0,14.0,23.0,17.924864,17.721727,16.336042,15.949212,17.698496,17.2912,17.595684,17.203804,15.5559845,15.252025,15.706324,15.363982,18.610199,18.421263,17.544922,17.174877,16.453682,16.148952,0.0,0.0,0.0,0.0,0.0,4.0,0.0,0.0
10512,2023.0,3.0,15.0,0.0,17.728268,17.528723,16.180737,15.793655,17.49475,17.091362,17.380095,16.992208,15.445442,15.140724,15.498256,15.158504,17.935738,17.137451,17.469002,17.150976,16.25474,15.9630995,0.0,0.0,0.0,0.0,0.0,0.0,0.0,0.0
10513,2023.0,3.0,15.0,0.0,17.541243,17.33384,16.032047,15.635281,17.300928,16.889708,17.174934,16.778843,15.335094,15.023667,15.310185,14.966642,17.539692,16.641277,17.300354,16.968664,16.058401,15.765955,0.0,0.0,0.0,0.0,0.0,0.0,0.0,0.0
10514,2023.0,3.0,15.0,0.0,17.38741,17.188894,15.910276,15.518923,17.141644,16.740131,17.006468,16.62077,15.238571,14.928835,15.148548,14.803817,17.342875,16.456354,17.151255,16.823437,16.608068,16.953772,0.0,0.0,0.0,0.0,0.0,0.0,0.0,4.0
10515,2023.0,3.0,15.0,0.0,17.240479,17.043814,15.792305,15.400362,16.989126,16.589989,16.845585,16.462397,15.71215,15.898395,14.995304,14.663308,17.629156,17.209915,17.007196,16.678791,15.969752,15.685006,0.0,0.0,0.0,4.0,0.0,0.0,0.0,0.0
10516,2023.0,3.0,15.0,0.0,17.083565,16.886122,15.664407,15.270534,16.825634,16.426714,16.672962,16.29012,15.350922,15.074195,15.019142,14.81272,17.65216,17.262934,16.852331,16.521835,15.225484,14.553765,0.0,0.0,0.0,0.0,0.0,0.0,0.0,0.0
10517,2023.0,3.0,15.0,0.0,16.941227,16.744055,15.546635,15.151197,16.676687,16.278582,16.515545,16.133776,15.664216,15.867275,15.014987,14.880033,17.548681,17.159487,16.709194,16.377169,15.001026,14.426507,0.0,0.0,0.0,4.0,0.0,0.0,0.0,0.0
10518,2023.0,3.0,15.0,1.0,16.810041,16.610464,15.436996,15.038188,16.539093,16.139626,16.37029,15.987546,15.405805,15.200481,15.028118,14.955021,17.44343,17.05138,16.576406,16.241869,15.12775,14.837448,0.0,0.0,0.0,4.0,4.0,0.0,0.0,0.0
10519,2023.0,3.0,15.0,1.0,16.712923,16.517662,15.356223,14.960424,16.436707,16.042728,16.262297,15.885479,14.969283,14.560161,14.9986515,14.936257,17.360733,16.970041,16.474033,16.141708,15.796105,16.140877,0.0,0.0,0.0,0.0,4.0,0.0,0.0,4.0
10520,2023.0,3.0,15.0,1.0,16.605377,16.411741,15.266983,14.872688,16.324055,15.932923,16.144182,15.77016,15.037252,14.758009,15.024207,15.032019,17.270063,16.87917,16.36232,16.029879,15.65458,15.628686,0.0,0.0,0.0,0.0,0.0,0.0,0.0,4.0
10521,2023.0,3.0,15.0,1.0,16.502548,16.308645,15.185225,14.79452,16.221323,15.835588,16.037104,15.668368,15.023411,14.779277,15.017571,15.04797,17.18626,16.797253,16.259287,15.929011,14.926399,14.49758,0.0,0.0,0.0,0.0,0.0,0.0,0.0,0.0
10522,2023.0,3.0,15.0,1.0,16.40137,16.203798,15.101082,14.70612,16.117302,15.728349,15.928877,15.556643,15.010548,14.827694,15.033394,15.103845,17.102985,16.711351,16.157911,15.824897,15.036968,14.818017,0.0,0.0,0.0,0.0,0.0,0.0,0.0,0.0
10523,2023.0,3.0,15.0,1.0,16.317009,16.125551,15.027996,14.635319,16.026257,15.64111,15.83439,15.465966,15.015259,14.886811,15.034139,15.11615,17.027596,16.636913,16.066122,15.734337,15.038548,14.837841,0.0,0.0,0.0,0.0,0.0,0.0,0.0,0.0
10524,2023.0,3.0,15.0,2.0,16.242384,16.060575,15.002053,14.650702,15.947071,15.572087,15.752365,15.394199,15.010633,14.910885,15.017018,15.100842,16.959368,16.572979,15.983427,15.656934,15.59225,15.945055,0.0,0.0,0.0,0.0,0.0,0.0,0.0,4.0
10525,2023.0,3.0,15.0,2.0,16.17508,16.005632,15.005627,14.704704,15.864372,15.491219,15.667451,15.310697,15.013032,14.947565,15.004971,15.08455,16.88962,16.502861,15.8997755,15.573228,14.933028,14.63693,0.0,0.0,0.0,0.0,4.0,0.0,0.0,0.0
10526,2023.0,3.0,15.0,2.0,16.096338,15.921671,15.0069275,14.746021,15.781036,15.405733,15.582537,15.223352,15.014521,14.976982,15.02692,15.153125,16.82033,16.431263,15.816602,15.487555,15.049623,14.931287,0.0,0.0,0.0,0.0,0.0,0.0,0.0,0.0
10527,2023.0,3.0,15.0,2.0,16.019613,15.841735,15.007559,14.780324,15.704192,15.330128,15.504244,15.145899,15.30893,15.545593,15.019715,15.151188,16.755037,16.365522,15.738681,15.409598,15.00415,14.907544,0.0,0.0,0.0,4.0,0.0,0.0,0.0,0.0
10528,2023.0,3.0,15.0,2.0,15.945528,15.76482,15.013424,14.824268,15.6272955,15.251701,15.426352,15.066442,15.410951,15.647301,15.042786,15.211274,16.691004,16.300465,15.662159,15.332109,15.020814,14.995684,0.0,0.0,0.0,4.0,0.0,0.0,0.0,0.0
10529,2023.0,3.0,15.0,2.0,15.879027,15.700296,15.0076275,14.835714,15.559293,15.18883,15.35744,15.0024,14.959853,14.847108,15.018762,15.171726,16.631088,16.242155,15.590685,15.26284,15.012611,15.007727,0.0,0.0,0.0,0.0,0.0,0.0,0.0,0.0
10530,2023.0,3.0,15.0,3.0,15.806769,15.623155,15.01637,14.879424,15.485149,15.111338,15.282617,14.924033,15.061429,15.070117,15.018658,15.168173,16.568647,16.17759,15.516782,15.186836,15.025665,15.068956,0.0,0.0,0.0,0.0,4.0,0.0,0.0,0.0
10531,2023.0,3.0,15.0,3.0,15.745831,15.566615,15.009018,14.883852,15.420916,15.052087,15.21796,14.86405,15.006874,14.989302,15.009938,15.168155,16.511015,16.121475,16.507183,17.111925,15.013829,15.066221,0.0,0.0,0.0,0.0,4.0,0.0,4.0,0.0
10532,2023.0,3.0,15.0,3.0,15.682847,15.505166,15.010821,14.907979,15.351842,14.980844,15.147806,14.791808,15.018585,15.045563,15.027945,15.230882,16.449795,16.058128,15.491105,14.818504,15.0173,15.096121,0.0,0.0,0.0,0.0,0.0,0.0,0.0,0.0
10533,2023.0,3.0,15.0,3.0,15.625236,15.449613,15.0216055,14.950048,15.275625,14.894562,15.070908,14.704854,15.030842,15.099144,15.049137,15.282416,16.38451,15.9861355,15.007025,14.3416195,15.032137,15.147893,0.0,0.0,0.0,0.0,0.0,0.0,0.0,0.0
10534,2023.0,3.0,15.0,3.0,15.561811,15.383385,15.023384,14.968449,15.207075,14.823511,15.002346,14.633515,15.032975,15.119333,15.049426,15.283995,16.324026,15.9232025,15.016664,14.478194,15.032857,15.161417,0.0,0.0,0.0,0.0,0.0,0.0,0.0,0.0
10535,2023.0,3.0,15.0,3.0,15.50098,15.322226,15.011054,14.961747,15.141497,14.757894,15.006068,14.695797,15.015932,15.10616,15.022078,15.24313,16.264868,15.862544,15.136727,14.793421,15.017143,15.150469,0.0,0.0,0.0,0.0,0.0,0.0,0.0,0.0
10536,2023.0,3.0,15.0,4.0,15.434887,15.249792,15.014178,14.984994,15.07398,14.687608,15.005884,14.735331,15.021369,15.134278,15.0277605,15.2646055,16.204678,15.799528,15.120185,14.778457,15.315469,15.7107935,0.0,0.0,0.0,0.0,0.0,0.0,0.0,4.0
10537,2023.0,3.0,15.0,4.0,15.366689,15.173492,15.014543,15.002426,15.00878,14.621298,15.007188,14.772785,15.021976,15.152116,15.027612,15.274788,16.146498,15.740208,15.057783,14.71568,14.983961,15.061673,0.0,0.0,0.0,0.0,0.0,0.0,0.0,0.0
10538,2023.0,3.0,15.0,4.0,15.299868,15.100499,15.02933,15.049062,15.003309,14.66973,15.011809,14.816084,15.040129,15.205498,15.054055,15.337923,16.088564,15.680577,15.000687,14.668002,15.071621,15.24125,0.0,0.0,0.0,0.0,0.0,0.0,0.0,0.0
10539,2023.0,3.0,15.0,4.0,15.237414,15.0354805,15.030219,15.061355,15.006403,14.715366,15.01428,14.847073,15.041964,15.21562,15.054583,15.3385315,16.031736,15.622618,15.004901,14.734196,15.037523,15.193313,0.0,0.0,0.0,0.0,0.0,0.0,0.0,0.0
10540,2023.0,3.0,15.0,4.0,15.177867,14.975092,15.031443,15.07796,15.009182,14.755073,15.016263,14.8762455,15.043361,15.23155,15.055267,15.348149,15.975303,15.565054,15.008457,14.773946,15.0409775,15.23855,0.0,0.0,0.0,0.0,0.0,0.0,0.0,0.0
10541,2023.0,3.0,15.0,4.0,15.118955,14.9148655,15.032733,15.094128,15.010999,14.789254,15.017623,14.902622,15.044285,15.245842,15.056321,15.358008,15.919255,15.507879,15.01119,14.8097725,15.042006,15.262338,0.0,0.0,0.0,0.0,0.0,0.0,0.0,0.0
10542,2023.0,3.0,15.0,5.0,15.060219,14.854457,15.0339985,15.1101,15.013118,14.821516,15.019478,14.928843,15.045572,15.260907,15.057103,15.367593,15.863565,15.451064,15.012654,14.839491,15.0438,15.286241,0.0,0.0,0.0,0.0,0.0,0.0,0.0,0.0
10543,2023.0,3.0,15.0,5.0,15.005668,14.801985,15.014886,15.088213,15.008411,14.836956,15.010127,14.931828,15.045547,15.241019,15.025184,15.3192005,15.808661,15.395482,15.008986,14.855432,15.216052,15.598944,0.0,0.0,0.0,4.0,0.0,0.0,0.0,4.0
10544,2023.0,3.0,15.0,5.0,15.005684,14.84899,15.019083,15.110691,15.010296,14.865788,15.012511,14.957917,15.024025,15.247402,15.014842,15.296841,15.751469,15.335382,15.011608,14.883679,15.009417,15.206996,0.0,0.0,0.0,0.0,4.0,0.0,0.0,0.0
10545,2023.0,3.0,15.0,5.0,15.004991,14.887598,15.036244,15.159363,15.01955,14.910345,15.024454,15.004086,15.050278,15.321684,15.060757,15.421646,15.698116,15.282729,15.01844,14.922843,15.083092,15.3530655,0.0,0.0,0.0,0.0,0.0,0.0,0.0,0.0
10546,2023.0,3.0,15.0,5.0,15.006891,14.922613,15.036833,15.166501,15.020826,14.932191,15.025434,15.021646,14.999727,15.19343,15.06104,15.4143,15.644602,15.228228,15.02086,14.944594,15.045824,15.298609,0.0,0.0,0.0,4.0,0.0,0.0,0.0,0.0
10547,2023.0,3.0,15.0,5.0,15.005901,14.946667,15.017637,15.143306,15.493087,15.825128,15.0127325,15.016031,15.056403,15.310537,15.027739,15.362628,15.592739,15.177089,15.010916,14.9443655,15.023162,15.292359,0.0,4.0,0.0,0.0,0.0,0.0,0.0,0.0
10548,2023.0,3.0,15.0,6.0,15.007213,14.975666,15.021008,15.163115,14.95622,14.809537,15.01516,15.040195,15.045801,15.277723,15.016912,15.337312,15.538154,15.120307,15.013613,14.969024,15.0266485,15.324061,0.0,0.0,0.0,0.0,4.0,0.0,0.0,0.0
10549,2023.0,3.0,15.0,6.0,20.092743,23.8827,15.02109,15.175551,19.222605,22.250568,19.979382,23.716803,15.024689,15.269127,19.119377,22.39052,19.640976,22.122576,20.305265,23.919287,15.027209,15.345646,0.0,0.0,0.0,0.0,0.0,0.0,0.0,0.0
10550,2023.0,3.0,15.0,6.0,21.134487,25.078772,15.020917,15.185362,20.360596,23.654587,21.138859,25.11989,15.027575,15.296645,16.456295,16.663523,21.044273,24.321056,21.554293,25.612156,15.102128,15.468487,0.0,4.0,4.0,0.0,0.0,4.0,4.0,4.0
10551,2023.0,3.0,15.0,6.0,21.109402,24.554647,14.999389,15.133428,20.930973,24.169973,21.093666,24.525595,14.998227,15.228798,15.0020485,14.920988,21.57147,24.814041,21.05274,24.250715,19.933117,23.864252,4.0,4.0,4.0,4.0,0.0,4.0,0.0,0.0
10552,2023.0,3.0,15.0,6.0,20.804384,23.671192,19.380861,22.699106,20.768295,23.55857,20.715292,23.532621,19.786095,23.388529,15.020008,15.074214,20.476034,22.509998,21.154816,24.09558,16.59441,16.669468,0.0,0.0,0.0,0.0,4.0,0.0,0.0,4.0
10553,2023.0,3.0,15.0,6.0,20.777897,23.387518,17.035728,17.54192,20.752045,23.281952,20.671719,23.222519,16.560102,16.692268,19.320827,22.304655,20.40306,22.19768,21.130716,23.7958,19.457794,22.336945,4.0,0.0,0.0,0.0,0.0,0.0,0.0,0.0
10554,2023.0,3.0,15.0,7.0,21.125412,23.847599,19.715471,22.737019,21.157776,23.862597,20.879908,23.373642,14.979052,14.789856,16.579071,16.737017,21.119146,23.29195,21.063284,23.511492,16.092432,15.580319,0.0,0.0,0.0,0.0,0.0,4.0,4.0,0.0
10555,2023.0,3.0,15.0,7.0,21.075207,23.631294,17.221518,17.44474,21.073702,23.543692,21.11829,23.708559,15.034047,15.0371475,14.979615,14.748077,21.083168,23.047035,22.700598,26.204996,15.46557,15.521395,0.0,4.0,0.0,0.0,0.0,4.0,4.0,4.0
10556,2023.0,3.0,15.0,7.0,21.137714,23.624407,15.88423,15.893097,21.083933,23.47124,21.10314,23.58554,15.30498,15.628362,15.039115,15.022302,21.069067,22.951393,21.369799,23.50295,19.751932,22.840357,4.0,4.0,0.0,4.0,0.0,0.0,0.0,0.0
10557,2023.0,3.0,15.0,7.0,21.27691,23.713886,20.026299,23.318901,21.48879,23.946117,21.645771,24.316254,19.071138,21.943142,15.007315,15.058797,21.074398,22.845875,22.416616,25.212,16.839273,16.872074,0.0,4.0,0.0,0.0,4.0,0.0,4.0,4.0
10558,2023.0,3.0,15.0,7.0,21.086416,23.29459,16.651857,16.213898,21.035074,23.083921,20.939333,23.016191,15.809589,15.274513,19.876514,23.191166,21.785175,23.975677,20.902014,22.499126,20.500048,23.796047,0.0,0.0,4.0,0.0,4.0,4.0,0.0,4.0
10559,2023.0,3.0,15.0,7.0,21.152407,23.41425,15.332746,14.975489,21.15655,23.248922,21.163677,23.454197,15.323202,15.43033,19.42154,22.146544,21.080952,22.610098,21.189056,23.08829,20.11918,22.90707,0.0,4.0,4.0,0.0,0.0,4.0,4.0,0.0
10560,2023.0,3.0,15.0,8.0,21.105108,23.255426,15.398941,15.305079,21.10501,23.099016,21.135374,23.330805,15.01261,14.961672,16.404314,16.021906,21.089529,22.602545,22.479591,25.350306,16.71226,16.116117,4.0,4.0,0.0,0.0,4.0,4.0,0.0,0.0
10561,2023.0,3.0,15.0,8.0,18.694168,18.592125,20.051462,23.515491,18.680798,18.423368,18.106642,17.463419,15.026135,15.090034,19.782003,22.478703,19.123953,18.808044,18.907555,18.301933,15.140867,14.306653,0.0,4.0,0.0,0.0,0.0,4.0,0.0,0.0
10562,2023.0,3.0,15.0,8.0,17.58281,17.355434,17.66485,18.276445,17.425533,16.92071,17.04766,16.52189,15.268453,15.6032,16.62937,16.172615,18.360828,18.04935,17.12537,16.217545,16.081686,16.57054,4.0,4.0,4.0,4.0,0.0,4.0,0.0,4.0
10563,2023.0,3.0,15.0,8.0,16.594448,15.776322,20.19824,23.100958,16.442902,15.381663,16.838821,16.379478,19.903355,23.411755,15.663673,15.16224,17.470158,16.572338,18.180164,18.708431,19.810524,22.897991,0.0,0.0,4.0,0.0,0.0,0.0,4.0,0.0
10564,2023.0,3.0,15.0,8.0,16.733107,16.515799,17.33604,17.198847,16.506056,15.9885235,15.923326,14.938371,16.352404,16.05353,15.848011,15.786474,16.87303,15.908663,16.971962,16.216206,16.579536,16.18402,4.0,4.0,0.0,0.0,4.0,0.0,0.0,0.0
10565,2023.0,3.0,15.0,8.0,16.73804,16.622704,20.256193,22.496555,15.828248,14.850978,16.111563,15.608385,15.667436,15.205855,20.289354,23.29188,16.607737,15.655438,16.311296,15.456961,15.330112,14.519785,0.0,0.0,4.0,0.0,0.0,0.0,0.0,0.0
10566,2023.0,3.0,15.0,9.0,15.892936,15.198509,17.354053,16.943441,15.313328,14.276244,15.498568,14.569601,15.330559,15.01354,17.565304,17.807438,16.378082,15.463267,15.936846,15.119957,15.270158,14.901631,0.0,0.0,0.0,0.0,0.0,0.0,0.0,0.0
10567,2023.0,3.0,15.0,9.0,15.481539,14.698459,16.420362,15.846229,15.085464,14.060339,15.102886,14.091481,15.055094,14.73974,16.202871,15.799185,16.697046,16.289246,15.673565,14.87354,15.148415,14.845755,0.0,0.0,0.0,0.0,0.0,0.0,0.0,0.0
10568,2023.0,3.0,15.0,9.0,15.267752,14.515305,16.153044,15.702916,15.345817,14.803679,15.009785,14.140869,15.013421,14.837951,15.824736,15.419788,17.487295,17.825264,15.866674,15.50795,14.996379,14.752895,0.0,0.0,0.0,0.0,0.0,4.0,0.0,0.0
10569,2023.0,3.0,15.0,9.0,15.521798,15.259139,15.838554,15.419962,15.407458,15.005073,15.9493475,16.152134,15.020695,14.979852,15.496819,15.112544,17.260614,17.145317,15.844648,15.54345,15.019482,14.942162,0.0,0.0,4.0,0.0,0.0,4.0,0.0,0.0
10570,2023.0,3.0,15.0,9.0,16.370874,16.903606,15.551156,15.142001,15.312771,14.942051,15.624803,15.38369,15.019846,15.06578,15.221023,14.846784,16.396116,15.654441,15.705501,15.413803,15.017983,15.034392,0.0,0.0,0.0,0.0,0.0,0.0,0.0,0.0
10571,2023.0,3.0,15.0,9.0,15.471018,15.017195,15.311643,14.914751,15.194033,14.838027,14.987469,14.443154,15.020065,15.126512,14.997238,14.656974,15.98468,15.169661,15.569929,15.286141,15.018685,15.1034,0.0,0.0,0.0,0.0,0.0,0.0,0.0,0.0
10572,2023.0,3.0,15.0,10.0,14.997937,14.508561,15.100822,14.709868,15.078499,14.732052,15.281578,15.102878,15.020545,15.170333,15.021335,14.839936,15.808937,14.993612,15.446205,15.166335,15.567394,16.17671,0.0,0.0,4.0,0.0,0.0,0.0,0.0,4.0
10573,2023.0,3.0,15.0,10.0,15.016775,14.660094,15.410531,15.453308,15.725194,16.04572,15.356395,15.23679,15.020131,15.200599,15.015639,14.927056,16.11802,15.740186,15.346344,15.079432,19.37931,22.572378,4.0,4.0,4.0,0.0,0.0,0.0,0.0,0.0
10574,2023.0,3.0,15.0,10.0,15.107836,14.959234,19.977644,23.465107,15.325892,15.157545,15.344597,15.261466,15.300262,15.7324295,15.017108,14.998165,17.021954,17.406164,15.258904,15.002549,16.320683,16.105686,0.0,0.0,4.0,4.0,0.0,4.0,0.0,0.0
10575,2023.0,3.0,15.0,10.0,15.115441,15.022462,17.660654,18.331593,15.2659,15.191798,14.991387,14.716473,20.089058,23.954727,15.016145,15.0439825,16.964495,16.99702,15.180522,14.9323845,14.996561,14.69056,4.0,4.0,0.0,0.0,0.0,4.0,0.0,0.0
10576,2023.0,3.0,15.0,10.0,15.061638,14.986893,20.2218,23.421978,15.787803,15.949075,15.787646,16.005806,16.60247,16.512833,15.016733,15.078693,16.169926,15.547492,15.109713,14.867799,15.01873,14.90333,0.0,0.0,0.0,0.0,0.0,0.0,0.0,0.0
10577,2023.0,3.0,15.0,10.0,15.001129,14.942822,17.147541,17.01896,15.549375,15.230192,15.472566,15.130921,14.986504,14.651321,15.015346,15.098273,15.812921,15.123132,15.0499935,14.817095,15.015114,15.008311,0.0,0.0,0.0,0.0,0.0,0.0,0.0,0.0
10578,2023.0,3.0,15.0,11.0,15.005514,15.006762,15.268041,14.534527,15.022297,14.744817,15.020593,14.825007,15.021197,14.888354,15.01588,15.116769,16.605234,16.732193,14.998453,14.77891,15.0162945,15.089524,0.0,0.0,0.0,0.0,0.0,4.0,0.0,0.0
10579,2023.0,3.0,15.0,11.0,15.735443,16.424389,15.213704,14.848112,15.006217,14.827795,15.008319,14.903223,15.0156145,14.989327,15.015899,15.131604,16.066317,15.4693,15.005214,14.832647,15.017134,15.146251,0.0,0.0,0.0,0.0,0.0,0.0,0.0,0.0
10580,2023.0,3.0,15.0,11.0,15.996261,16.708893,15.157262,14.880674,15.009149,14.91739,15.010712,14.985125,15.016728,15.068999,15.015897,15.14395,15.740036,15.095158,15.004965,14.864596,15.624826,16.325224,0.0,0.0,0.0,0.0,0.0,0.0,0.0,4.0
10581,2023.0,3.0,15.0,11.0,15.706086,16.075344,15.0012455,14.759255,15.009575,14.983413,15.011165,15.045733,15.016283,15.123134,15.015938,15.154573,15.657168,15.023371,15.005358,14.892142,19.5256,22.858202,0.0,0.0,0.0,0.0,0.0,0.0,0.0,0.0
10582,2023.0,3.0,15.0,11.0,14.981822,14.915332,15.012658,14.904445,15.010398,15.037525,15.011462,15.093373,15.016366,15.163727,15.015954,15.16387,15.933897,15.64314,15.006068,14.916266,16.466547,16.366848,0.0,0.0,0.0,0.0,0.0,0.0,0.0,0.0
10583,2023.0,3.0,15.0,11.0,15.026891,15.070673,15.300941,15.532057,15.0111885,15.082437,15.012473,15.13413,15.017012,15.197436,15.016104,15.173047,16.036217,15.777749,15.006075,14.936482,15.866021,16.269966,4.0,0.0,0.0,0.0,0.0,0.0,0.0,4.0
10584,2023.0,3.0,15.0,12.0,15.379733,15.756032,19.803188,23.368343,15.62159,15.952035,15.615852,15.98869,15.39032,15.903713,15.016122,15.180575,16.026962,15.775192,15.242233,15.028541,20.011131,23.376902,0.0,0.0,0.0,4.0,0.0,0.0,0.0,0.0
10585,2023.0,3.0,15.0,12.0,20.437471,24.406324,17.554659,18.319073,20.34397,24.190699,20.302467,24.16227,20.18691,24.132868,15.015614,15.18469,20.531916,23.545357,21.156143,25.411638,16.887426,16.810274,4.0,0.0,0.0,0.0,0.0,0.0,0.0,0.0
10586,2023.0,3.0,15.0,12.0,20.53694,24.054897,20.192327,23.543251,21.160917,25.080124,21.132843,25.085413,16.739428,16.758562,15.015653,15.18653,20.960993,24.006664,21.342957,25.243351,15.203998,14.688779,0.0,0.0,0.0,0.0,0.0,0.0,0.0,0.0
10587,2023.0,3.0,15.0,12.0,20.932697,24.340818,17.157019,17.184679,21.079782,24.47253,21.109093,24.602324,14.979419,14.609865,15.014358,15.181694,21.103802,23.85383,22.075773,26.054197,15.102539,14.832077,0.0,4.0,0.0,0.0,0.0,0.0,0.0,0.0
10588,2023.0,3.0,15.0,12.0,21.144398,24.393682,15.29756,14.73386,21.109743,24.262346,21.106142,24.306753,15.023966,14.858766,15.014458,15.18197,21.758696,24.705385,22.559088,26.47637,14.993561,14.784036,0.0,0.0,0.0,0.0,0.0,0.0,0.0,0.0
10589,2023.0,3.0,15.0,12.0,21.086891,24.085022,15.227328,14.986302,21.119198,24.029074,21.098845,24.090765,15.01454,14.947361,15.0145855,15.18415,22.108097,25.02949,22.970839,26.84106,15.018681,14.940375,0.0,0.0,0.0,0.0,0.0,0.0,0.0,0.0
10590,2023.0,3.0,15.0,13.0,21.101284,23.970522,15.1166,14.920745,21.098433,23.850538,21.082031,23.891825,15.012748,15.018906,15.0148325,15.188314,20.960707,22.735884,20.884253,22.877214,15.010447,15.001379,0.0,0.0,4.0,0.0,0.0,0.0,0.0,0.0
10591,2023.0,3.0,15.0,13.0,21.096062,23.852795,15.000511,14.863165,21.097378,23.741781,21.082287,23.787539,15.584536,16.152275,15.014952,15.193649,21.08394,22.917187,21.118565,23.338755,15.013015,15.064103,0.0,0.0,4.0,4.0,0.0,0.0,0.0,0.0
10592,2023.0,3.0,15.0,13.0,21.09537,23.768232,15.012376,14.997752,21.095991,23.655888,21.103376,23.705465,19.672243,23.084953,15.015121,15.20014,21.068558,22.829203,21.841248,24.32291,15.012972,15.10809,0.0,0.0,4.0,0.0,0.0,0.0,0.0,0.0
10593,2023.0,3.0,15.0,13.0,21.09286,23.697235,15.01206,15.079027,21.094242,23.585619,21.121511,23.668165,16.622904,16.611902,15.01566,15.2100115,21.068722,22.782053,22.08627,24.63383,15.748807,16.52931,0.0,0.0,0.0,0.0,0.0,0.0,0.0,4.0
10594,2023.0,3.0,15.0,13.0,21.091528,23.64051,15.013057,15.1437845,21.09276,23.528044,21.11496,23.577719,14.994659,14.604048,15.015692,15.21839,21.067448,22.739958,22.279388,25.016613,20.033936,23.753689,0.0,0.0,0.0,0.0,0.0,0.0,4.0,0.0
10595,2023.0,3.0,15.0,13.0,21.090374,23.594349,15.187608,15.505731,21.091223,23.478706,21.113121,23.510141,15.022341,14.8283615,15.01575,15.2268305,21.066483,22.704752,22.097715,24.449797,16.718637,16.720472,4.0,0.0,0.0,0.0,0.0,0.0,0.0,0.0
10596,2023.0,3.0,15.0,14.0,21.087122,23.551252,19.844643,23.495039,21.087719,23.432045,21.087973,23.450914,15.010882,14.923241,15.016344,15.234987,21.06364,22.670563,20.903065,22.336197,15.098235,14.690795,0.0,0.0,0.0,0.0,0.0,0.0,0.0,0.0
10597,2023.0,3.0,15.0,14.0,18.833672,19.191029,17.278759,17.89543,18.87272,19.14754,18.81151,19.069471,15.012351,15.00863,15.014973,15.234255,19.348783,19.346592,18.838213,18.526447,15.953357,16.621925,0.0,0.0,0.0,0.0,0.0,0.0,0.0,4.0
10598,2023.0,3.0,15.0,14.0,17.549797,17.582382,15.466786,15.419703,17.506308,17.369665,18.100716,18.563353,15.013264,15.072837,15.015854,15.2389765,18.44185,18.18591,17.937521,17.666122,20.137522,23.693378,0.0,0.0,4.0,0.0,0.0,0.0,0.0,0.0
10599,2023.0,3.0,15.0,14.0,17.063456,17.048613,15.070873,14.933986,16.983704,16.784615,17.308273,17.273993,15.013992,15.123781,15.016236,15.245747,18.106182,17.832731,17.552008,17.296814,16.91505,16.932001,0.0,0.0,0.0,0.0,0.0,0.0,0.0,0.0
10600,2023.0,3.0,15.0,14.0,16.73055,16.705757,15.011092,14.989507,16.63881,16.427927,16.380558,15.902645,15.014727,15.165368,15.016644,15.254343,17.865643,17.592302,17.214203,16.962893,15.332539,14.937198,0.0,0.0,0.0,0.0,0.0,0.0,0.0,0.0
10601,2023.0,3.0,15.0,14.0,16.46987,16.449665,15.013091,15.092401,16.369778,16.164253,15.926388,15.416875,15.015197,15.199437,15.016967,15.263795,18.504711,18.98954,16.935184,16.695581,15.154235,14.945409,0.0,0.0,0.0,0.0,0.0,4.0,0.0,0.0
10602,2023.0,3.0,15.0,15.0,16.252758,16.238564,15.221934,15.544092,16.141916,15.94116,15.912759,15.681917,15.015597,15.2292,15.017394,15.273882,17.913187,17.760876,16.694372,16.464272,15.017163,14.832654,4.0,0.0,0.0,0.0,0.0,0.0,0.0,0.0
10603,2023.0,3.0,15.0,15.0,16.078775,16.081665,19.654509,23.09456,15.947846,15.753864,16.543924,17.001957,15.016688,15.254131,15.018178,15.283674,17.23515,16.725204,16.4867,16.266956,15.014413,14.966291,0.0,0.0,4.0,0.0,0.0,0.0,0.0,0.0
10604,2023.0,3.0,15.0,15.0,15.92651,15.939174,17.286512,17.900919,15.775705,15.585973,16.117086,16.126722,15.016618,15.271588,15.016897,15.284513,17.71639,17.87628,16.301903,16.08974,15.777893,16.496632,0.0,0.0,0.0,0.0,0.0,4.0,0.0,4.0
10605,2023.0,3.0,15.0,15.0,16.559418,17.253033,15.476569,15.430475,15.624588,15.439024,15.412536,15.020656,15.017231,15.287808,15.017902,15.290563,17.208992,16.804398,16.13777,15.932105,20.395803,24.335833,0.0,0.0,0.0,0.0,0.0,0.0,0.0,4.0
10606,2023.0,3.0,15.0,15.0,16.08347,16.221071,15.072233,14.931034,15.48862,15.30549,15.077777,14.622292,15.017685,15.301993,15.018364,15.29824,16.777103,16.256567,15.989325,15.788246,20.053833,23.197157,0.0,0.0,0.0,0.0,0.0,0.0,0.0,0.0
10607,2023.0,3.0,15.0,15.0,15.458668,15.25034,15.010343,14.985722,15.370132,15.192948,15.1474285,14.933141,15.018125,15.315002,15.018809,15.307119,17.402296,17.595991,15.859441,15.666224,16.970804,16.92658,0.0,0.0,0.0,0.0,0.0,4.0,0.0,0.0
10608,2023.0,3.0,15.0,16.0,15.177002,14.9182205,15.013124,15.091343,15.261405,15.087595,15.139415,14.976467,15.321575,15.876223,15.019093,15.315993,16.869482,16.436562,16.866022,17.677986,15.510224,15.111556,0.0,0.0,0.0,4.0,0.0,0.0,4.0,0.0
10609,2023.0,3.0,15.0,16.0,16.077135,16.760868,15.013661,15.163955,15.164942,14.995524,15.052185,14.897641,20.22581,24.288752,15.019596,15.326114,17.303959,17.516773,15.993004,15.712488,15.089269,14.6722,0.0,0.0,0.0,4.0,0.0,4.0,0.0,0.0
10610,2023.0,3.0,15.0,16.0,15.490607,15.400009,15.014335,15.217824,15.076288,14.910188,15.718251,16.227959,20.045273,23.382502,15.019736,15.334725,16.748676,16.318558,15.431079,15.03151,16.0197,16.695015,0.0,0.0,4.0,0.0,0.0,0.0,0.0,4.0
10611,2023.0,3.0,15.0,16.0,15.774202,16.197958,15.144641,15.483935,15.737737,16.223629,15.341237,15.354741,16.863287,16.871168,15.01998,15.342729,16.388153,15.892936,15.245834,14.840933,20.029375,23.412113,4.0,4.0,0.0,0.0,0.0,0.0,0.0,0.0
10612,2023.0,3.0,15.0,16.0,15.28937,15.176099,20.11827,24.032784,15.392991,15.414173,15.4313965,15.676687,16.042444,16.267809,15.020644,15.349862,17.068022,17.29394,15.314997,15.111988,17.002995,17.04558,4.0,0.0,4.0,4.0,0.0,4.0,0.0,0.0
10613,2023.0,3.0,15.0,16.0,15.7848,16.03835,20.043022,23.317865,15.479362,15.715479,15.541165,15.824286,20.2493,23.778511,15.019532,15.347152,17.320293,17.579159,15.31292,15.142006,15.378841,14.999247,0.0,4.0,4.0,0.0,0.0,4.0,0.0,0.0
10614,2023.0,3.0,15.0,17.0,15.781572,16.227419,17.301857,17.648888,15.586112,15.85908,15.543218,15.827639,17.08304,17.140203,15.019135,15.342564,16.588566,16.179754,16.381618,17.222342,15.165533,14.958779,4.0,4.0,4.0,0.0,0.0,0.0,4.0,0.0
10615,2023.0,3.0,15.0,17.0,15.938434,16.412033,20.170628,23.401138,15.590299,15.862537,15.649016,15.85079,16.130259,16.357836,15.01997,15.343114,16.22372,15.735991,15.546278,15.283736,15.020273,14.840077,4.0,4.0,0.0,4.0,0.0,0.0,0.0,0.0
10616,2023.0,3.0,15.0,17.0,15.944998,16.422817,20.048937,22.785316,15.582559,15.852666,15.43851,15.674301,20.302347,23.627836,15.01985,15.343084,16.915918,17.155281,16.111467,16.697401,15.015509,14.977973,4.0,4.0,4.0,0.0,0.0,4.0,4.0,0.0
10617,2023.0,3.0,15.0,17.0,15.943644,16.419638,20.105364,22.64847,15.016939,14.906432,15.53694,15.810465,17.19663,17.214159,15.019797,15.340996,16.399107,15.986604,15.4027195,15.099635,15.013644,15.06788,4.0,0.0,4.0,0.0,0.0,0.0,0.0,0.0
10618,2023.0,3.0,15.0,17.0,15.933962,16.40731,20.094818,22.456795,15.024958,14.987114,15.516086,15.78823,16.578278,17.095274,15.019687,15.337341,16.046131,15.5563,14.992051,14.66274,15.015193,15.141328,4.0,0.0,4.0,4.0,0.0,0.0,0.0,0.0
10619,2023.0,3.0,15.0,17.0,15.922385,16.393555,20.094582,22.333344,15.017142,15.012637,15.490323,15.761227,20.328938,23.592484,15.019715,15.333945,15.933198,15.443149,15.013289,14.780433,15.015539,15.194179,4.0,0.0,4.0,4.0,0.0,0.0,0.0,0.0
10620,2023.0,3.0,15.0,18.0,15.910535,16.37891,20.092169,22.235973,15.605989,16.164417,15.462858,15.73145,20.058958,22.742165,15.019403,15.333217,16.111752,15.890103,15.011441,14.83178,15.016523,15.236439,4.0,4.0,4.0,0.0,0.0,0.0,0.0,0.0
10621,2023.0,3.0,15.0,18.0,19.681597,22.884447,20.091337,22.16191,20.076794,23.661661,20.084806,23.656538,17.229155,17.072628,15.019892,15.334866,20.10081,22.631306,20.481558,24.08666,15.017545,15.269381,4.0,4.0,4.0,0.0,0.0,0.0,0.0,0.0
10622,2023.0,3.0,15.0,18.0,21.14297,24.96778,20.089916,22.100512,20.997478,24.74585,20.553774,24.005867,15.765209,15.2442665,14.99917,15.281761,21.007675,24.020441,21.105574,24.8296,15.017105,15.287744,4.0,4.0,0.0,0.0,4.0,0.0,0.0,0.0
10623,2023.0,3.0,15.0,18.0,21.569128,25.27494,20.10673,22.098892,21.017723,24.36265,21.175732,24.67067,15.594932,15.345524,19.58161,22.929901,22.015635,25.39963,21.854084,25.662853,15.559021,16.294155,0.0,0.0,4.0,0.0,0.0,4.0,0.0,4.0
10624,2023.0,3.0,15.0,18.0,21.050255,24.005188,17.78725,17.613092,21.12815,24.201927,21.121964,24.248938,16.262426,16.772232,17.259785,17.975739,21.635862,24.262926,22.47779,26.345943,19.778854,23.4528,0.0,4.0,0.0,4.0,4.0,4.0,0.0,0.0
10625,2023.0,3.0,15.0,18.0,21.583666,24.633596,16.711327,16.47097,21.517702,24.53007,21.49585,24.539814,20.309748,23.69049,20.155954,23.597763,21.198751,23.249626,22.834106,26.654211,16.47627,16.443466,0.0,4.0,4.0,0.0,0.0,0.0,0.0,0.0
10626,2023.0,3.0,15.0,19.0,20.97435,23.430561,16.832483,16.997272,20.995527,23.452734,21.024313,23.574242,17.158188,17.091272,17.48933,17.927704,21.03546,22.83659,21.970734,24.903309,14.981766,14.730182,4.0,4.0,0.0,0.0,0.0,4.0,0.0,0.0
10627,2023.0,3.0,15.0,19.0,21.106684,23.610945,20.272285,23.204342,21.110811,23.576582,21.108253,23.617352,15.49154,14.976847,15.746126,15.571014,21.07058,22.829361,20.963736,22.92167,15.917305,16.689821,4.0,4.0,4.0,0.0,0.0,4.0,0.0,4.0
10628,2023.0,3.0,15.0,19.0,22.47927,25.857971,20.067495,22.469475,22.012886,25.032475,22.384007,25.68208,16.204603,16.71527,15.29425,15.067773,21.780027,24.010023,22.235348,25.286959,20.13557,23.784084,0.0,0.0,4.0,4.0,0.0,0.0,0.0,0.0
10629,2023.0,3.0,15.0,19.0,20.903172,22.920113,17.831264,17.956879,20.970667,23.047087,20.916992,22.952023,20.369764,23.762638,15.039661,14.818647,20.995232,22.488358,21.029238,22.922226,17.40085,17.881655,4.0,0.0,0.0,4.0,0.0,0.0,0.0,4.0
10630,2023.0,3.0,15.0,19.0,21.973816,24.753368,20.225254,22.836739,21.894932,24.564655,21.928263,24.653633,20.061764,22.768154,15.016961,14.944071,21.925312,23.990839,22.163002,25.038588,20.454115,23.730043,0.0,4.0,0.0,0.0,0.0,4.0,0.0,0.0
10631,2023.0,3.0,15.0,19.0,20.937895,22.87166,17.609165,17.478287,20.949825,22.826807,20.951025,22.87559,17.727453,17.966917,15.015369,15.04375,20.939995,22.182112,21.135244,23.014174,17.077393,16.932352,0.0,0.0,0.0,4.0,0.0,4.0,4.0,0.0
10632,2023.0,3.0,15.0,20.0,21.09904,23.189095,16.377308,16.127184,21.103884,23.124266,21.107353,23.246218,20.455585,23.193417,15.017786,15.115245,21.07527,22.47528,21.125645,23.023148,15.475871,14.986115,0.0,4.0,0.0,0.0,0.0,4.0,0.0,0.0
10633,2023.0,3.0,15.0,20.0,21.10481,23.222569,16.103952,15.867745,21.109058,23.152163,21.062672,23.166063,17.45218,17.230804,15.018115,15.164234,21.08665,22.525347,21.094551,22.957445,15.333982,15.114359,0.0,0.0,4.0,0.0,0.0,0.0,0.0,0.0
10634,2023.0,3.0,15.0,20.0,21.074064,23.131226,15.838673,15.590232,21.07974,23.060646,21.069761,23.197048,15.912676,15.333681,15.019432,15.201261,21.052385,22.430826,21.057047,22.844809,15.193911,14.995255,0.0,4.0,4.0,0.0,0.0,4.0,4.0,0.0
10635,2023.0,3.0,15.0,20.0,21.106506,23.204899,15.6318245,15.39332,21.085873,23.058617,21.116005,23.268383,15.7856655,15.513218,14.999017,15.1770935,21.087988,22.513937,21.186295,23.121717,15.016871,14.832025,0.0,4.0,0.0,0.0,4.0,0.0,0.0,0.0
10636,2023.0,3.0,15.0,20.0,21.100122,23.175505,15.916419,16.086071,21.084843,23.041779,21.107582,23.214092,15.649424,15.41766,19.9155,23.357944,21.082022,22.485224,21.095095,22.9193,15.922215,16.694874,4.0,4.0,0.0,0.0,0.0,0.0,0.0,4.0
10637,2023.0,3.0,15.0,20.0,21.866646,24.323826,20.23521,23.701845,21.084284,23.024338,21.106989,23.17664,15.445705,15.221671,17.114105,17.558783,21.827612,23.690208,21.095608,22.90048,20.125906,23.73547,4.0,4.0,0.0,0.0,0.0,0.0,0.0,0.0
10638,2023.0,3.0,15.0,21.0,21.952713,24.430084,20.060678,22.839418,22.073256,24.655499,21.719482,24.189507,16.09816,16.620026,15.702119,15.838234,21.8505,23.612984,22.349731,25.025219,16.791372,16.70063,0.0,4.0,4.0,4.0,4.0,0.0,4.0,0.0
10639,2023.0,3.0,15.0,21.0,21.495863,23.623991,17.54584,17.6598,21.365078,23.203651,21.313343,23.23228,20.725544,24.271902,20.325954,23.658852,21.4252,22.877653,21.337479,22.98476,15.164452,14.693131,4.0,4.0,4.0,0.0,0.0,0.0,0.0,0.0
10640,2023.0,3.0,15.0,21.0,21.94322,24.255453,20.236378,23.06475,21.054651,22.703588,21.156034,23.0847,17.371725,17.307632,17.485064,17.866877,21.681566,23.226286,21.07708,22.56478,15.096645,14.87337,4.0,4.0,4.0,0.0,0.0,4.0,0.0,0.0
10641,2023.0,3.0,15.0,21.0,21.81634,24.103277,20.06108,22.406895,22.204453,24.788143,21.923098,24.289982,16.30949,16.44127,15.739541,15.5274935,21.94531,23.581203,22.181196,24.653885,14.997201,14.8367815,0.0,0.0,4.0,4.0,0.0,0.0,0.0,0.0
10642,2023.0,3.0,15.0,21.0,20.973085,22.516806,17.82522,17.899807,20.93326,22.396883,21.098005,22.945633,20.52111,23.62225,15.328346,15.081894,20.946068,21.816463,20.92734,22.255209,15.0139675,14.97366,4.0,4.0,0.0,4.0,0.0,0.0,0.0,0.0
10643,2023.0,3.0,15.0,21.0,22.07716,24.52447,20.227665,22.795502,22.0806,24.33994,22.30211,24.935116,20.053112,22.534254,15.509578,15.635721,21.861906,23.5077,22.17223,24.362167,15.013005,15.040035,0.0,4.0,0.0,0.0,4.0,0.0,0.0,0.0
10644,2023.0,3.0,15.0,22.0,21.385809,22.922604,17.618382,17.446415,21.279413,22.69642,21.251501,22.806458,17.302212,17.005337,20.219374,23.459812,21.126392,22.067583,21.343079,22.823242,15.568883,15.807953,0.0,0.0,0.0,0.0,0.0,0.0,4.0,0.0
10645,2023.0,3.0,15.0,22.0,20.911665,22.301088,16.872606,16.991898,20.940794,22.280546,20.945156,22.466991,15.923278,15.337748,17.5217,17.929998,21.06124,22.13458,21.014856,22.38713,15.394249,15.306354,4.0,0.0,0.0,0.0,0.0,0.0,0.0,0.0
10646,2023.0,3.0,15.0,22.0,21.193909,22.956459,20.251839,23.087805,21.188543,22.85312,21.18883,23.048758,15.821155,15.538428,15.772353,15.556797,21.135956,22.347029,21.198248,22.797667,15.013359,14.992052,0.0,0.0,0.0,0.0,0.0,0.0,0.0,0.0
10647,2023.0,3.0,15.0,22.0,21.088272,22.794724,17.97364,18.3105,21.044443,22.632278,21.076405,22.877506,15.705834,15.462424,15.357561,15.106271,21.05757,22.229336,21.086842,22.596548,15.013925,15.060724,0.0,4.0,0.0,0.0,0.0,0.0,0.0,0.0
10648,2023.0,3.0,15.0,22.0,21.044426,22.759874,16.495874,16.293554,21.05593,22.714136,21.054617,22.848999,15.515701,15.278669,15.448007,15.482789,21.057848,22.256533,21.069347,22.611837,15.014745,15.1082535,0.0,4.0,4.0,0.0,4.0,0.0,0.0,0.0
10649,2023.0,3.0,15.0,22.0,21.163153,23.024633,16.570345,16.721172,21.159046,22.912893,21.059849,22.884989,15.987242,16.322372,20.165438,23.322245,21.12706,22.410957,21.071672,22.645977,15.6628895,16.058643,4.0,4.0,4.0,4.0,4.0,0.0,0.0,0.0
10650,2023.0,3.0,15.0,23.0,21.161263,23.017872,20.264164,23.311275,21.09887,22.802727,21.106575,22.964748,21.646736,25.793018,20.02101,22.856697,21.132786,22.42941,21.0327,22.559177,15.697878,16.03554,4.0,0.0,0.0,4.0,0.0,0.0,4.0,0.0
10651,2023.0,3.0,15.0,23.0,19.34865,19.56397,17.750944,17.965769,19.370499,19.452766,18.792557,18.502026,17.816399,17.848398,17.799177,18.259167,19.586468,19.454172,18.867605,18.432055,15.924579,16.441458,4.0,4.0,0.0,0.0,4.0,0.0,0.0,4.0
10652,2023.0,3.0,15.0,23.0,18.518839,18.414183,16.273945,15.626435,18.030825,17.330019,17.697542,16.96151,16.295898,15.683782,16.557499,16.320156,18.989363,18.661581,18.008423,17.349207,15.9029,16.422516,0.0,0.0,0.0,0.0,0.0,0.0,0.0,4.0
10653,2023.0,3.0,15.0,23.0,18.890097,19.42762,15.808052,15.079092,17.468689,16.685602,17.63488,17.275885,15.887847,15.272887,16.122705,15.824848,18.727276,18.402727,17.621052,16.974081,15.647196,15.893995,0.0,0.0,0.0,0.0,0.0,0.0,0.0,4.0
10654,2023.0,3.0,15.0,23.0,17.794773,17.415236,16.365648,16.408173,17.141872,16.382729,17.45842,17.174065,16.485397,16.703566,15.855401,15.567133,18.519117,18.207626,17.624754,17.30163,15.5495205,15.781191,4.0,0.0,0.0,4.0,0.0,0.0,0.0,4.0
10655,2023.0,3.0,15.0,23.0,17.23747,16.708435,16.542698,16.767403,17.23842,16.8672,17.227661,16.949749,16.035936,15.816345,15.632396,15.349373,18.333277,18.027645,17.492085,17.22011,15.507221,15.739899,4.0,0.0,0.0,0.0,0.0,0.0,0.0,4.0
10656,2023.0,3.0,16.0,0.0,17.702427,17.823767,15.671299,15.151694,17.148232,16.84972,17.028261,16.761108,15.465977,14.946387,15.447346,15.177155,18.174332,17.879284,18.381777,19.073082,15.474573,15.71082,0.0,0.0,0.0,0.0,0.0,0.0,4.0,4.0
10657,2023.0,3.0,16.0,0.0,17.05729,16.667482,15.242258,14.574071,16.988688,16.703257,16.84851,16.590052,15.187238,14.643218,15.283381,15.023615,18.031607,17.745121,17.268642,16.810701,14.965123,14.891519,0.0,0.0,0.0,0.0,0.0,0.0,0.0,0.0
10658,2023.0,3.0,16.0,0.0,16.604332,16.13319,15.028656,14.3695965,16.811598,16.535086,16.658762,16.40814,15.862919,16.139658,15.426749,15.451869,17.88333,17.603895,16.631721,16.085375,15.035028,15.0896,0.0,0.0,0.0,4.0,4.0,0.0,0.0,0.0
10659,2023.0,3.0,16.0,0.0,16.73899,16.625261,15.202954,14.898323,16.646595,16.373833,16.485233,16.23729,16.145117,16.493036,15.145814,14.935997,17.747805,17.471746,16.399872,15.855295,15.022096,15.104761,0.0,0.0,0.0,4.0,0.0,0.0,0.0,0.0
10660,2023.0,3.0,16.0,0.0,16.705627,16.629942,15.218344,14.969356,16.508442,16.248575,16.341501,16.105957,15.321595,14.914404,15.00297,14.867177,17.6301,17.356607,16.500027,16.23987,15.014087,15.136435,0.0,0.0,0.0,0.0,0.0,0.0,0.0,0.0
10661,2023.0,3.0,16.0,0.0,16.59489,16.527071,15.141604,14.903919,16.376797,16.120365,16.205235,15.972339,15.453018,15.502435,15.017029,14.968165,17.519547,17.245388,16.4837,16.260334,15.016046,15.172547,0.0,0.0,0.0,4.0,0.0,0.0,0.0,0.0
10662,2023.0,3.0,16.0,1.0,16.488152,16.426477,15.063251,14.833419,16.264246,16.016922,16.089317,15.865059,14.94285,14.602605,15.078831,15.134133,17.42532,17.154886,16.386833,16.164715,15.3936205,15.897573,0.0,0.0,0.0,0.0,4.0,0.0,0.0,4.0
10663,2023.0,3.0,16.0,1.0,16.388552,16.332872,14.998192,14.785487,16.161766,15.922016,15.984345,15.766738,15.032989,14.849671,14.997212,15.0198,17.340065,17.072565,16.290014,16.070795,14.956264,15.036478,0.0,0.0,0.0,0.0,0.0,0.0,0.0,0.0
10664,2023.0,3.0,16.0,1.0,16.29155,16.234901,15.005077,14.859729,16.066343,15.830895,15.887057,15.673047,15.005445,14.87541,15.0254345,15.100108,17.262838,16.997622,16.200472,15.982976,15.046649,15.253063,0.0,0.0,0.0,0.0,4.0,0.0,0.0,0.0
10665,2023.0,3.0,16.0,1.0,16.216864,16.17337,15.007261,14.904827,15.984056,15.757564,15.803451,15.597768,15.009737,14.938404,15.024704,15.129941,17.195269,16.93441,16.120964,15.907555,15.026145,15.213689,0.0,0.0,0.0,0.0,0.0,0.0,0.0,0.0
10666,2023.0,3.0,16.0,1.0,16.146896,16.112577,15.006015,14.93467,15.9124565,15.698207,15.730788,15.536767,15.008614,14.966987,14.99664,15.084729,17.13529,16.880255,16.05013,15.842656,15.3922825,15.917634,0.0,0.0,0.0,0.0,4.0,0.0,0.0,4.0
10667,2023.0,3.0,16.0,1.0,16.083946,16.061003,15.006678,14.966615,15.842842,15.636386,15.660535,15.473491,15.434963,15.7974,15.02007,15.156655,17.07859,16.827482,15.982957,15.779032,14.963986,15.073361,0.0,0.0,0.0,4.0,0.0,0.0,0.0,0.0
10668,2023.0,3.0,16.0,2.0,16.035236,16.029558,15.006913,14.993139,15.779075,15.580876,15.596486,15.417133,14.95234,14.875175,15.014783,15.158381,17.027168,16.780582,15.921562,15.721923,15.033273,15.228966,0.0,0.0,0.0,0.0,0.0,0.0,0.0,0.0
10669,2023.0,3.0,16.0,2.0,15.976064,15.972105,15.012998,15.029949,15.714858,15.519735,15.53203,15.355228,15.016073,15.0531,15.02929,15.197019,16.9771,16.73253,15.861857,15.66362,15.044482,15.258962,0.0,0.0,0.0,0.0,0.0,0.0,0.0,0.0
10670,2023.0,3.0,16.0,2.0,15.919689,15.918327,15.0141735,15.050357,15.658222,15.469798,15.475248,15.304617,15.015607,15.045594,15.028926,15.198551,16.932255,16.691471,15.808093,15.613333,15.0281,15.246725,0.0,0.0,0.0,0.0,0.0,0.0,0.0,0.0
10671,2023.0,3.0,16.0,2.0,15.865827,15.867219,15.014493,15.0687,15.604916,15.422882,15.421849,15.257111,15.017396,15.070234,15.028957,15.205201,16.890167,16.653107,15.7577,15.566343,15.030644,15.272781,0.0,0.0,0.0,0.0,0.0,0.0,0.0,0.0
10672,2023.0,3.0,16.0,2.0,15.814393,15.81828,15.015336,15.086648,15.55451,15.37858,15.371424,15.2123165,15.018498,15.084629,15.02915,15.211112,16.850508,16.617107,15.71026,15.52224,15.030822,15.28511,0.0,0.0,0.0,0.0,0.0,0.0,0.0,0.0
10673,2023.0,3.0,16.0,2.0,15.771224,15.783444,15.007565,15.086508,15.509002,15.341246,15.325965,15.174533,15.008742,15.07778,14.99666,15.143726,16.813896,16.585033,15.666609,15.483043,15.399903,15.9699135,0.0,0.0,0.0,0.0,4.0,0.0,0.0,4.0
10674,2023.0,3.0,16.0,3.0,15.73087,15.752217,15.0173645,15.12185,15.461168,15.296661,15.278585,15.129867,15.020464,15.112924,15.030495,15.239608,16.777193,16.550955,15.62297,15.44144,15.550569,16.145176,0.0,0.0,0.0,0.0,0.0,0.0,0.0,4.0
10675,2023.0,3.0,16.0,3.0,15.700057,15.733999,15.007701,15.114338,15.419338,15.261862,15.237524,15.095149,15.008746,15.096907,14.99572,15.155354,16.743874,16.521833,15.583302,15.40574,15.339848,15.672773,0.0,0.0,0.0,0.0,4.0,0.0,0.0,4.0
10676,2023.0,3.0,16.0,3.0,15.6607895,15.69651,15.00928,15.130344,15.378167,15.226171,15.197203,15.0596075,15.011549,15.111165,15.022018,15.228407,16.71144,16.492971,15.545031,15.3707285,14.9788,15.119481,0.0,0.0,0.0,0.0,0.0,0.0,0.0,0.0
10677,2023.0,3.0,16.0,3.0,15.6209345,15.658294,15.009872,15.143089,15.338703,15.192024,15.158534,15.025758,15.011263,15.118786,14.998863,15.175482,16.680592,16.465832,15.508684,15.337785,15.200843,15.5442,0.0,0.0,0.0,0.0,4.0,0.0,0.0,4.0
10678,2023.0,3.0,16.0,3.0,15.581343,15.619821,15.010065,15.154135,15.300692,15.159159,15.121341,14.993201,15.01163,15.126719,15.020943,15.237358,16.650938,16.439846,15.473741,15.306019,14.990822,15.168245,0.0,0.0,0.0,0.0,0.0,0.0,0.0,0.0
10679,2023.0,3.0,16.0,3.0,15.54228,15.581165,15.010444,15.164756,15.264077,15.127531,15.0854435,14.961889,15.012388,15.134777,15.015529,15.231716,16.622398,16.414934,15.440404,15.27599,15.198663,15.554669,0.0,0.0,0.0,0.0,0.0,0.0,0.0,4.0
10680,2023.0,3.0,16.0,4.0,15.509093,15.553583,15.010453,15.174206,15.228658,15.096949,15.050748,14.931612,15.011208,15.138948,15.015514,15.233937,16.594814,16.390944,15.408228,15.246914,14.991126,15.182049,0.0,0.0,0.0,0.0,0.0,0.0,0.0,0.0
10681,2023.0,3.0,16.0,4.0,15.474462,15.5205345,15.010766,15.183752,15.193942,15.066472,15.016669,14.901455,15.012285,15.14662,15.015894,15.236787,16.567621,16.366781,15.377011,15.218505,15.200439,15.568037,0.0,0.0,0.0,0.0,0.0,0.0,0.0,4.0
10682,2023.0,3.0,16.0,4.0,15.450054,15.507616,15.010853,15.192474,15.1606865,15.037923,15.00091,14.905267,15.332902,15.743893,15.015446,15.238255,16.541546,16.344223,15.347024,15.191553,14.995126,15.197847,0.0,0.0,0.0,4.0,0.0,0.0,0.0,0.0
10683,2023.0,3.0,16.0,4.0,15.429906,15.497089,15.0206995,15.220285,15.126123,15.005773,15.002953,14.938342,15.498137,15.950966,15.003947,15.199381,16.514996,16.319983,15.316915,15.163386,15.044109,15.311671,0.0,0.0,0.0,4.0,4.0,0.0,0.0,0.0
10684,2023.0,3.0,16.0,4.0,15.399245,15.4665365,15.0092325,15.203684,15.095932,14.981382,15.00295,14.958239,14.955004,14.961122,15.0189905,15.253255,16.490625,16.299416,15.289439,15.139507,15.011404,15.262093,0.0,0.0,0.0,0.0,0.0,0.0,0.0,0.0
10685,2023.0,3.0,16.0,4.0,15.365971,15.432263,15.021262,15.235917,15.062775,14.950172,15.005187,14.9849205,15.03573,15.1590185,15.030699,15.277326,16.465103,16.275997,15.260973,15.112727,15.030275,15.317578,0.0,0.0,0.0,0.0,0.0,0.0,0.0,0.0
10686,2023.0,3.0,16.0,5.0,15.33377,15.39922,15.021211,15.239105,15.032258,14.923402,15.006227,15.004471,15.019335,15.128421,15.03005,15.272659,16.441069,16.254885,15.23427,15.088627,15.030663,15.323445,0.0,0.0,0.0,0.0,0.0,0.0,0.0,0.0
10687,2023.0,3.0,16.0,5.0,15.310841,15.384866,15.009798,15.225233,15.003091,14.898506,15.004083,15.015863,15.381441,15.817645,15.013137,15.243652,16.417404,16.233974,15.208366,15.065292,15.013753,15.301112,0.0,0.0,0.0,4.0,0.0,0.0,0.0,0.0
10688,2023.0,3.0,16.0,5.0,15.291208,15.372086,15.011628,15.236397,15.002687,14.9261875,15.004471,15.032705,14.957827,14.98811,14.999582,15.205214,16.392622,16.210684,15.1812935,15.039182,15.015985,15.313675,0.0,0.0,0.0,0.0,4.0,0.0,0.0,0.0
10689,2023.0,3.0,16.0,5.0,15.260829,15.33999,15.011609,15.24301,15.003182,14.948997,15.005068,15.048622,15.147538,15.361796,15.003065,15.218085,16.368658,16.188879,15.155569,15.015552,15.016248,15.320382,0.0,0.0,0.0,4.0,4.0,0.0,0.0,0.0
10690,2023.0,3.0,16.0,5.0,15.232504,15.312121,15.022984,15.272039,15.004564,14.972848,15.00983,15.072812,15.032588,15.118609,15.030959,15.29704,16.345037,16.167229,15.1305685,14.992501,15.031752,15.355806,0.0,0.0,0.0,0.0,0.0,0.0,0.0,0.0
10691,2023.0,3.0,16.0,5.0,15.202268,15.279835,15.022921,15.274048,15.004819,14.990241,15.010215,15.0847025,15.036136,15.167306,15.003861,15.21523,16.322016,16.146273,15.106347,14.970139,15.031989,15.3552265,0.0,0.0,0.0,0.0,4.0,0.0,0.0,0.0
10692,2023.0,3.0,16.0,6.0,15.181553,15.267144,15.010313,15.257045,15.003673,15.002823,15.005349,15.086445,15.39272,15.839108,15.02926,15.272421,16.299557,16.126196,15.082588,14.948304,15.0137205,15.325829,0.0,0.0,0.0,4.0,0.0,0.0,0.0,0.0
10693,2023.0,3.0,16.0,6.0,20.40054,24.415081,15.012417,15.267513,20.28187,24.23267,19.98471,23.659666,19.657518,23.116394,15.023549,15.248585,20.317818,22.97318,20.699587,24.461145,15.017023,15.335381,0.0,0.0,0.0,0.0,0.0,0.0,0.0,0.0
10694,2023.0,3.0,16.0,6.0,21.098867,25.003723,15.012239,15.27262,21.10307,25.023563,21.145681,25.136253,16.72953,16.828232,15.0138445,15.237112,21.165274,24.227327,21.385555,25.17922,15.015756,15.329623,0.0,0.0,0.0,0.0,0.0,0.0,0.0,0.0
10695,2023.0,3.0,16.0,6.0,21.093332,24.514864,15.1655,15.546407,21.095936,24.50553,21.091585,24.546726,15.400781,15.2685795,14.998925,15.196202,22.203176,25.639963,22.210085,26.159073,15.391013,16.00592,4.0,0.0,0.0,0.0,4.0,4.0,0.0,4.0
10696,2023.0,3.0,16.0,6.0,21.095224,24.200619,19.624187,23.157356,21.097708,24.172033,21.100998,24.240372,15.838629,16.27504,19.652063,23.12067,21.79136,24.450697,22.331968,25.878597,20.354044,24.533028,0.0,0.0,0.0,4.0,0.0,4.0,0.0,4.0
10697,2023.0,3.0,16.0,6.0,21.092518,23.972784,17.215431,17.86028,21.09466,23.92878,21.097181,24.000557,20.365866,24.057533,17.176325,17.725988,21.066212,22.92978,22.254637,25.3762,20.048384,23.365677,0.0,0.0,0.0,4.0,0.0,0.0,0.0,0.0
10698,2023.0,3.0,16.0,7.0,21.089304,23.8041,15.52882,15.544649,21.091825,23.749763,21.094524,23.824247,20.049269,22.95136,15.48323,15.386997,21.064905,22.835985,20.901909,22.826542,16.931168,16.956682,0.0,0.0,0.0,0.0,0.0,0.0,0.0,0.0
10699,2023.0,3.0,16.0,7.0,21.086973,23.676416,15.164012,15.087607,21.089535,23.614834,21.092575,23.692244,17.25969,17.243284,15.549936,15.755461,21.055334,22.720325,21.067133,23.1096,16.473455,17.013876,0.0,0.0,0.0,0.0,4.0,4.0,4.0,4.0
10700,2023.0,3.0,16.0,7.0,21.932934,24.83387,15.339851,15.217432,21.777584,24.46789,21.912807,24.801208,15.888422,15.512372,20.208183,23.729877,21.582249,23.446535,22.050604,24.571646,21.181904,25.001852,0.0,0.0,0.0,0.0,0.0,4.0,0.0,4.0
10701,2023.0,3.0,16.0,7.0,20.900122,22.964914,15.040237,14.970807,21.07122,23.346174,20.908564,22.991213,15.722622,15.536838,17.579483,18.109837,20.944502,22.273493,20.878721,22.479939,19.870388,22.301588,0.0,0.0,0.0,0.0,0.0,4.0,0.0,0.0
10702,2023.0,3.0,16.0,7.0,21.114517,23.406977,15.010835,15.029832,21.085365,23.323265,21.11499,23.390944,15.604918,15.447902,15.883007,15.783807,21.066631,22.513847,21.119682,22.968693,17.299238,17.206512,0.0,0.0,0.0,0.0,0.0,4.0,0.0,0.0
10703,2023.0,3.0,16.0,7.0,21.09198,23.31074,15.009388,15.089768,21.056246,23.203796,21.079275,23.298464,15.4489355,15.296685,15.488249,15.317166,21.078838,22.545816,21.067858,22.887568,16.031569,15.657609,0.0,4.0,0.0,0.0,0.0,0.0,0.0,0.0
10704,2023.0,3.0,16.0,8.0,21.093159,23.26765,15.314026,15.70248,21.085304,23.248459,21.08276,23.28162,15.3171835,15.170759,15.280595,15.111249,21.073584,22.512459,21.034792,22.798016,15.846363,15.680002,4.0,0.0,0.0,0.0,0.0,0.0,4.0,0.0
10705,2023.0,3.0,16.0,8.0,19.119278,19.466396,20.019058,23.719168,19.545233,20.227417,19.48941,20.170572,15.999662,16.560326,15.131855,14.974666,19.834362,20.081837,18.867685,18.653984,15.683156,15.541496,4.0,4.0,4.0,4.0,0.0,4.0,0.0,0.0
10706,2023.0,3.0,16.0,8.0,17.996778,18.068073,20.041832,23.216194,17.824348,17.521374,18.663948,19.205887,20.344204,23.964813,15.000594,14.856538,19.318953,19.511747,17.762983,17.340982,16.469788,17.194977,0.0,0.0,4.0,0.0,0.0,4.0,0.0,4.0
10707,2023.0,3.0,16.0,8.0,18.302904,18.981457,17.485065,17.909801,17.068092,16.614643,18.096348,18.349268,17.734358,18.267113,15.010105,14.948389,18.484825,18.108412,18.356213,18.828815,20.361666,23.809963,4.0,0.0,4.0,4.0,0.0,0.0,4.0,0.0
10708,2023.0,3.0,16.0,8.0,17.70946,17.880959,20.233658,23.415804,17.392494,17.52111,17.112633,16.785488,20.448399,23.476238,15.29702,15.542507,17.956646,17.480476,17.569767,17.25815,17.29361,17.371874,4.0,4.0,0.0,4.0,4.0,0.0,0.0,0.0
10709,2023.0,3.0,16.0,8.0,17.672363,18.099598,20.086094,22.761696,17.468775,17.690304,16.570805,16.155388,20.874426,23.788902,20.272335,23.990942,18.470934,18.690384,17.00333,16.616802,15.831873,15.542273,4.0,4.0,0.0,0.0,4.0,4.0,0.0,0.0
10710,2023.0,3.0,16.0,9.0,17.664629,18.130276,20.15237,22.651072,17.36788,17.606775,16.985123,17.168207,18.176258,18.231815,20.038568,23.025059,17.935856,17.588718,17.782951,18.31627,15.62577,15.473902,4.0,4.0,4.0,0.0,0.0,0.0,4.0,0.0
10711,2023.0,3.0,16.0,9.0,17.583803,18.061754,20.084902,22.347885,17.275286,17.528452,16.460499,16.167664,17.258184,17.510883,17.30678,17.375868,18.278065,18.52977,17.080362,16.799704,15.493522,15.366127,4.0,4.0,0.0,4.0,0.0,4.0,0.0,0.0
10712,2023.0,3.0,16.0,9.0,16.81782,16.701239,20.083727,22.223963,17.19643,17.462938,16.045841,15.669801,20.418829,23.0308,16.063934,15.897919,17.69445,17.327936,16.592733,16.24273,15.347574,15.227844,4.0,4.0,0.0,0.0,0.0,0.0,0.0,0.0
10713,2023.0,3.0,16.0,9.0,17.140383,17.58285,20.081491,22.12856,17.128813,17.408094,16.555014,16.786722,18.330744,18.764668,15.811419,15.6444,18.09809,18.37059,16.401035,16.053614,16.192764,16.940325,4.0,4.0,4.0,4.0,0.0,4.0,0.0,4.0
10714,2023.0,3.0,16.0,9.0,17.309885,17.822933,20.096682,22.102402,17.071075,17.362347,16.755375,17.079123,20.325512,22.80893,15.6258135,15.464684,17.550928,17.200092,17.545372,18.365875,20.343903,23.96078,0.0,4.0,4.0,0.0,0.0,0.0,4.0,0.0
10715,2023.0,3.0,16.0,9.0,17.284575,17.798817,17.991344,18.01468,17.022472,17.324669,16.085482,15.850443,17.89749,17.86557,15.871007,16.06122,17.197727,16.793194,16.788565,16.568382,17.230148,17.367552,0.0,4.0,0.0,0.0,4.0,0.0,0.0,0.0
10716,2023.0,3.0,16.0,10.0,17.261099,17.778313,17.220293,17.062872,16.332657,16.077553,15.773166,15.434075,16.924269,16.511343,20.264536,23.642487,17.874971,18.171862,16.400616,16.06888,16.123878,15.801102,0.0,0.0,0.0,0.0,4.0,4.0,0.0,0.0
10717,2023.0,3.0,16.0,10.0,16.57045,16.516108,17.340042,17.616045,15.942005,15.594304,15.62788,15.298769,16.720615,16.511564,20.036879,22.710087,17.355604,17.009937,16.239904,15.916135,15.913172,15.753271,4.0,0.0,0.0,0.0,0.0,0.0,0.0,0.0
10718,2023.0,3.0,16.0,10.0,16.199356,16.058086,20.243242,22.90588,15.795582,15.45768,15.69848,15.562676,17.290398,17.784233,17.532455,17.570326,17.839134,18.160746,16.125278,15.814007,15.746252,15.6124,0.0,0.0,0.0,4.0,0.0,4.0,0.0,0.0
10719,2023.0,3.0,16.0,10.0,16.048119,15.905827,18.194113,18.641884,15.6875515,15.364218,15.702429,15.610732,20.336952,23.045135,16.768572,16.942406,17.331112,17.025513,16.183437,16.033432,15.580177,15.454714,0.0,0.0,0.0,0.0,4.0,0.0,0.0,0.0
10720,2023.0,3.0,16.0,10.0,16.685818,17.193172,16.87796,16.857046,15.769364,15.63262,15.644925,15.563114,17.829596,17.847559,20.404942,23.198212,17.013054,16.649893,16.183834,16.059893,15.441274,15.32162,0.0,0.0,0.0,0.0,0.0,0.0,0.0,0.0
10721,2023.0,3.0,16.0,10.0,16.289948,16.307146,16.485886,16.392723,16.513943,17.059597,16.321056,16.886097,16.566885,16.245079,18.095165,18.492296,16.920433,16.560747,16.13853,16.020971,15.326809,15.213131,0.0,4.0,4.0,0.0,0.0,0.0,0.0,0.0
10722,2023.0,3.0,16.0,11.0,16.013098,15.906815,16.296696,16.187672,16.098219,16.159376,16.55964,17.203163,16.445215,16.263031,17.00802,16.837725,17.047121,16.876677,16.096912,15.98158,15.244529,15.133238,0.0,0.0,4.0,0.0,0.0,0.0,0.0,0.0
10723,2023.0,3.0,16.0,11.0,15.912351,15.813358,16.147375,16.04555,16.386528,16.769665,15.798464,15.705154,16.338713,16.186174,17.092194,17.246096,17.06912,16.926722,16.060806,15.949159,15.176078,15.070898,0.0,4.0,0.0,0.0,4.0,0.0,0.0,0.0
10724,2023.0,3.0,16.0,11.0,15.992925,16.058607,16.482931,16.790304,16.501623,16.930107,15.488656,15.260999,16.217812,16.07557,20.21594,22.878975,17.051548,16.914467,16.029686,15.921454,15.11895,15.019174,4.0,4.0,0.0,0.0,0.0,0.0,0.0,0.0
10725,2023.0,3.0,16.0,11.0,16.799923,17.601341,20.239016,23.43797,16.537487,16.972113,15.362474,15.136977,16.090971,15.956137,18.424078,19.024488,17.029919,16.895985,15.999309,15.894015,15.062073,14.967273,0.0,4.0,0.0,0.0,4.0,0.0,0.0,0.0
10726,2023.0,3.0,16.0,11.0,16.913351,17.564995,17.940441,18.481956,15.956363,15.875703,15.991301,16.38894,16.743647,17.286476,20.29753,22.744574,17.01073,16.879314,15.972896,15.870031,15.012374,14.921064,0.0,0.0,4.0,4.0,0.0,0.0,0.0,0.0
10727,2023.0,3.0,16.0,11.0,16.233644,16.302774,16.966738,17.37388,16.301394,16.707035,15.643152,15.579218,20.360676,23.474922,18.341393,18.647894,16.993671,16.864681,15.949067,15.848472,15.002778,14.941578,4.0,4.0,0.0,0.0,4.0,0.0,0.0,0.0
10728,2023.0,3.0,16.0,12.0,15.899996,15.874364,20.28309,23.21941,15.901273,15.840087,16.034239,16.47607,17.715555,17.858543,20.248156,22.57984,16.978601,16.852045,15.928074,15.829821,15.339122,15.2343235,0.0,0.0,4.0,0.0,0.0,0.0,0.0,0.0
10729,2023.0,3.0,16.0,12.0,20.833273,24.574232,17.88551,18.175219,20.70909,24.38758,20.418818,23.923248,17.15115,17.544374,18.129665,18.203705,21.194008,24.162376,21.586765,25.596695,15.101137,15.028775,0.0,0.0,0.0,4.0,0.0,0.0,4.0,0.0
10730,2023.0,3.0,16.0,12.0,21.020575,24.326096,16.461618,16.273787,21.068539,24.425547,21.106552,24.600506,20.348072,23.100035,17.069773,16.924534,21.18892,23.870884,21.664467,25.3776,16.083055,16.952732,0.0,0.0,0.0,4.0,0.0,4.0,4.0,4.0
10731,2023.0,3.0,16.0,12.0,21.109373,24.11697,16.254759,16.167927,21.090683,24.080324,21.065025,24.109274,20.04229,22.208574,16.807968,16.654102,22.081076,25.097765,21.105507,23.859575,20.33898,24.074862,0.0,0.0,4.0,0.0,0.0,0.0,0.0,0.0
10732,2023.0,3.0,16.0,12.0,21.093233,23.814625,16.141508,16.090178,21.062714,23.745798,21.086956,23.864334,17.958302,17.983511,16.61658,16.466772,20.945309,22.69545,21.08727,23.536745,17.270775,17.499277,0.0,4.0,4.0,0.0,0.0,4.0,0.0,0.0
10733,2023.0,3.0,16.0,12.0,21.09029,23.618864,16.000132,15.952576,21.086935,23.633932,21.078959,23.648787,16.888624,16.608143,16.457085,16.309912,21.060745,22.782122,21.083721,23.320793,15.816646,15.61009,0.0,0.0,4.0,0.0,0.0,4.0,0.0,0.0
10734,2023.0,3.0,16.0,13.0,21.125492,23.534363,15.871205,15.821252,21.161362,23.573143,21.166744,23.658283,16.727777,16.580708,16.319271,16.173033,21.146946,22.854315,21.17781,23.332718,15.667799,15.570513,0.0,4.0,4.0,0.0,0.0,0.0,0.0,0.0
10735,2023.0,3.0,16.0,13.0,21.059687,23.31636,16.275734,16.678015,21.06,23.274446,21.062775,23.355589,16.601528,16.466867,16.627012,16.859838,21.028107,22.511595,21.054752,23.007668,15.578137,15.4874115,4.0,4.0,4.0,0.0,4.0,4.0,0.0,0.0
10736,2023.0,3.0,16.0,13.0,22.172714,25.04348,20.211246,23.431578,21.146929,23.363358,21.151545,23.470282,16.4707,16.344772,20.23839,23.135471,21.502523,23.2243,21.211266,23.225376,15.489061,15.404147,4.0,4.0,0.0,0.0,4.0,4.0,4.0,0.0
10737,2023.0,3.0,16.0,13.0,21.824911,24.2184,20.034575,22.659252,22.133068,24.856806,22.053297,24.797533,16.356754,16.236227,20.011816,22.324144,21.770626,23.55246,22.330353,25.007515,15.411678,15.330245,0.0,4.0,4.0,0.0,4.0,4.0,0.0,0.0
10738,2023.0,3.0,16.0,13.0,21.068935,22.97252,17.738876,17.963316,21.020605,22.901402,21.037031,23.020653,16.260883,16.146828,20.074768,22.14453,20.951876,22.015667,20.884441,22.283527,15.347128,15.269405,0.0,4.0,4.0,0.0,4.0,0.0,0.0,0.0
10739,2023.0,3.0,16.0,13.0,21.058283,22.963861,17.117706,17.529266,21.096937,23.05008,21.07298,23.070007,16.175598,16.064962,20.076147,21.951015,21.046667,22.210915,21.11101,22.743004,15.291532,15.216418,4.0,0.0,4.0,0.0,0.0,4.0,0.0,0.0
10740,2023.0,3.0,16.0,14.0,21.462013,23.772652,20.265089,23.069695,21.150963,23.130888,21.155977,23.232788,16.914253,17.530075,18.211447,18.21779,21.276913,22.686724,21.18033,22.903328,16.289602,17.1506,0.0,0.0,0.0,4.0,0.0,4.0,0.0,4.0
10741,2023.0,3.0,16.0,14.0,19.663527,20.272139,18.218739,18.755816,19.120653,19.204966,19.020525,19.10273,20.346632,23.340973,17.31479,17.174442,19.55832,19.392277,19.417356,19.503689,20.365255,23.967188,0.0,0.0,0.0,0.0,0.0,0.0,0.0,0.0
10742,2023.0,3.0,16.0,14.0,19.02056,19.576302,16.899147,16.95147,18.150295,18.100676,18.47539,18.812294,17.855438,18.030277,17.070312,16.931322,18.808725,18.464066,18.522932,18.404387,17.414896,17.662893,0.0,0.0,4.0,0.0,0.0,0.0,0.0,0.0
10743,2023.0,3.0,16.0,14.0,18.223204,18.243145,16.59045,16.560284,17.863052,17.791874,17.76209,17.609272,17.638817,18.013813,16.912333,16.773094,19.330118,19.649828,19.269989,20.057291,16.397686,16.204138,0.0,0.0,0.0,4.0,0.0,4.0,4.0,0.0
10744,2023.0,3.0,16.0,14.0,18.50642,19.039915,16.425184,16.394228,17.643467,17.578264,17.36408,17.135036,20.307959,22.726803,16.777212,16.646957,19.4292,19.8178,18.314457,18.181076,16.225704,16.119926,0.0,0.0,0.0,0.0,0.0,4.0,0.0,0.0
10745,2023.0,3.0,16.0,14.0,17.928549,17.98866,16.26574,16.240639,17.422075,17.36465,17.102707,16.890562,18.155287,18.25865,16.638247,16.517326,18.690165,18.476837,17.72085,17.471418,16.068396,15.980795,0.0,0.0,0.0,0.0,0.0,0.0,0.0,0.0
10746,2023.0,3.0,16.0,15.0,18.273216,18.846,16.152742,16.126806,17.26422,17.2063,17.781471,18.343426,17.306803,17.045767,16.535051,16.417076,19.122387,19.485462,17.51822,17.262957,15.945321,15.860441,0.0,0.0,4.0,0.0,0.0,4.0,0.0,0.0
10747,2023.0,3.0,16.0,15.0,17.665083,17.723104,16.049395,16.025347,17.119232,17.064629,17.31065,17.421114,17.157074,17.009888,16.438572,16.324083,18.506489,18.285635,17.480253,17.348125,15.838703,15.756771,0.0,0.0,0.0,0.0,0.0,0.0,0.0,0.0
10748,2023.0,3.0,16.0,15.0,18.068848,18.669928,15.957366,15.933877,16.990915,16.938126,16.839273,16.67666,17.012463,16.88556,16.351135,16.2387,18.21083,17.900877,17.391388,17.276865,15.748453,15.668701,0.0,0.0,0.0,0.0,0.0,0.0,0.0,0.0
10749,2023.0,3.0,16.0,15.0,17.48395,17.560625,15.875186,15.853824,17.605312,18.195961,17.330866,17.751116,16.87294,16.752604,16.271898,16.162596,18.854109,19.240765,17.28882,17.179512,15.670207,15.59364,0.0,4.0,4.0,0.0,0.0,4.0,0.0,0.0
10750,2023.0,3.0,16.0,15.0,17.905546,18.518614,16.290245,16.697924,17.126596,17.229557,16.81743,16.764507,16.749578,16.633297,16.198334,16.09101,18.997936,19.429853,17.192852,17.086424,15.600228,15.525738,4.0,0.0,0.0,0.0,0.0,4.0,0.0,0.0
10751,2023.0,3.0,16.0,15.0,17.342916,17.434618,20.21344,23.453743,16.70572,16.550322,16.521013,16.357716,16.643108,16.532642,16.131329,16.026499,18.298723,18.104092,17.10734,17.005579,15.539291,15.468248,4.0,0.0,0.0,0.0,0.0,0.0,0.0,0.0
10752,2023.0,3.0,16.0,16.0,16.96151,16.94754,20.030382,22.652494,16.48422,16.296408,16.348528,16.178171,16.532236,16.426014,16.06417,15.961449,17.93804,17.648972,17.016182,16.917288,16.464033,17.27385,0.0,0.0,0.0,0.0,0.0,0.0,0.0,4.0
10753,2023.0,3.0,16.0,16.0,17.532387,18.142931,18.123344,18.677612,16.481773,16.41772,17.06818,17.652655,17.186096,17.746525,16.010305,15.91363,17.811207,17.523441,16.935083,16.840673,20.322863,23.755692,4.0,0.0,4.0,4.0,0.0,0.0,0.0,0.0
10754,2023.0,3.0,16.0,16.0,17.740797,18.393864,20.275108,22.8954,16.449133,16.414164,16.74924,16.87531,20.325186,23.097857,15.961689,15.869106,17.722666,17.442041,16.862558,16.772028,17.518553,17.771385,0.0,0.0,0.0,0.0,0.0,0.0,0.0,0.0
10755,2023.0,3.0,16.0,16.0,17.76438,18.425444,18.121002,18.435053,17.100645,17.70072,16.959637,17.437592,17.999498,18.162828,16.309246,16.560312,17.781603,17.641163,16.797787,16.710817,16.165672,16.014503,0.0,4.0,4.0,0.0,4.0,0.0,0.0,0.0
10756,2023.0,3.0,16.0,16.0,17.77183,18.432703,17.689806,18.0536,17.324657,18.002077,17.0694,17.581856,17.127506,16.889048,20.27045,23.378235,18.589289,19.198406,16.746801,16.66259,16.011528,15.920418,4.0,4.0,4.0,0.0,0.0,4.0,0.0,0.0
10757,2023.0,3.0,16.0,16.0,17.77601,18.439816,20.264803,22.702997,17.23049,17.753637,17.089594,17.600462,16.958942,16.831587,18.0853,18.577168,18.721605,19.202248,16.695343,16.614958,15.909424,15.836563,0.0,4.0,4.0,0.0,0.0,4.0,0.0,0.0
10758,2023.0,3.0,16.0,17.0,17.785023,18.453651,18.4156,18.894413,17.204912,17.714417,16.507637,16.506027,17.573221,18.119184,16.761229,16.731447,18.008636,17.845488,16.64801,16.57091,15.80086,15.733017,0.0,4.0,0.0,4.0,0.0,0.0,0.0,0.0
10759,2023.0,3.0,16.0,17.0,17.781775,18.446653,17.909288,18.300587,17.210682,17.715443,16.216833,16.090012,20.315937,22.831932,16.536165,16.445715,17.749054,17.485483,16.607729,16.531488,15.722318,15.655001,4.0,4.0,0.0,4.0,0.0,0.0,0.0,0.0
10760,2023.0,3.0,16.0,17.0,17.769882,18.42338,20.22741,22.568796,17.214117,17.71396,16.075209,15.938804,20.041159,22.01525,16.400602,16.304811,17.640165,17.374334,16.565258,16.490414,16.608456,17.40162,4.0,4.0,0.0,0.0,0.0,0.0,0.0,4.0
10761,2023.0,3.0,16.0,17.0,17.76976,18.427149,20.03541,21.980537,17.214544,17.709822,16.670483,17.134762,18.157278,18.19362,16.292656,16.197556,17.557838,17.293085,16.524517,16.450619,20.36597,23.74371,4.0,4.0,4.0,0.0,0.0,0.0,0.0,0.0
10762,2023.0,3.0,16.0,17.0,17.130949,17.23581,20.065165,21.907143,17.212664,17.703547,16.907217,17.416025,17.191296,16.957624,16.204597,16.112038,17.622723,17.494093,16.486137,16.413342,17.571356,17.806583,4.0,4.0,4.0,0.0,0.0,0.0,0.0,0.0
10763,2023.0,3.0,16.0,17.0,16.759157,16.754604,20.076906,21.852928,17.208889,17.695377,16.302908,16.259699,17.02325,16.897293,16.129265,16.038652,17.632656,17.527115,16.449215,16.376774,16.223043,16.045164,0.0,4.0,0.0,0.0,0.0,0.0,0.0,0.0
10764,2023.0,3.0,16.0,18.0,17.353428,17.977625,18.665346,19.057146,17.204113,17.686646,15.986795,15.856442,16.906965,16.80108,16.06661,15.981235,17.599064,17.498173,16.415293,16.344528,16.999594,17.76037,4.0,4.0,0.0,0.0,0.0,0.0,0.0,4.0
10765,2023.0,3.0,16.0,18.0,21.251137,24.674528,20.22752,22.110014,21.186422,24.576426,21.004948,24.681221,17.601088,18.213575,16.015265,15.929973,21.693989,24.544966,21.766768,25.482975,20.362432,23.511751,0.0,0.0,0.0,4.0,0.0,0.0,0.0,4.0
10766,2023.0,3.0,16.0,18.0,21.007387,23.734661,18.431042,18.541656,21.00977,23.769703,20.99039,24.080854,20.313568,22.8042,15.962784,15.881388,20.94036,22.961124,20.902466,23.554607,20.0466,22.537283,0.0,4.0,4.0,0.0,0.0,0.0,0.0,0.0
10767,2023.0,3.0,16.0,18.0,21.072422,23.575188,17.966524,18.323183,21.104023,23.674494,21.11186,23.948229,18.099077,18.15778,15.912959,15.83402,21.07444,22.991453,22.686699,26.318792,17.71165,17.7778,4.0,0.0,0.0,0.0,0.0,0.0,0.0,0.0
10768,2023.0,3.0,16.0,18.0,21.087124,23.430117,20.263935,22.439966,21.064402,23.367258,21.092318,23.646711,17.006016,16.751696,15.865745,15.787357,21.055746,22.781136,20.873047,22.740189,16.603958,16.38457,4.0,4.0,0.0,0.0,0.0,0.0,0.0,0.0
10769,2023.0,3.0,16.0,18.0,21.05554,23.206373,20.045034,21.846272,21.068022,23.227558,21.091665,23.460207,16.88725,16.768692,15.825197,15.747728,21.054949,22.652697,21.10097,23.08929,17.286253,17.940002,0.0,4.0,0.0,0.0,0.0,0.0,0.0,4.0
10770,2023.0,3.0,16.0,19.0,21.059765,23.115028,18.612259,18.971153,21.065838,23.115458,21.07506,23.321125,16.806679,16.704828,15.790113,15.7120695,21.05346,22.554667,21.062881,22.927425,20.333307,23.13675,4.0,4.0,0.0,0.0,0.0,0.0,0.0,0.0
10771,2023.0,3.0,16.0,19.0,21.057869,23.036846,20.232922,22.281622,21.0644,23.029879,21.051624,23.172346,16.697994,16.598564,15.754374,15.673627,21.023348,22.404436,21.065817,22.862745,17.821339,17.893843,4.0,4.0,4.0,0.0,0.0,4.0,0.0,0.0
10772,2023.0,3.0,16.0,19.0,21.05678,22.97589,20.046219,21.77025,21.062586,22.960604,21.078705,23.184748,16.602112,16.50426,15.720391,15.637044,21.05616,22.440163,21.063519,22.800718,17.604803,18.239138,0.0,4.0,0.0,0.0,0.0,0.0,0.0,4.0
10773,2023.0,3.0,16.0,19.0,21.081701,22.997377,18.326252,18.381308,21.086143,22.972677,21.063398,23.05189,16.522,16.428156,15.69154,15.607233,21.03333,22.30586,21.063221,22.752626,20.318844,22.932108,0.0,0.0,4.0,0.0,0.0,4.0,0.0,0.0
10774,2023.0,3.0,16.0,19.0,21.04967,22.868055,17.939524,18.274294,21.055807,22.842148,21.089697,23.062513,16.449467,16.356947,15.662594,15.576317,21.036469,22.266155,21.062462,22.711311,18.582079,19.196812,4.0,4.0,0.0,0.0,0.0,4.0,0.0,4.0
10775,2023.0,3.0,16.0,19.0,21.081099,22.914755,20.269667,22.422657,21.08479,22.879995,21.083393,22.995441,16.384264,16.29242,15.633161,15.5440235,21.065014,22.30498,21.061556,22.675474,20.314837,22.681913,4.0,0.0,0.0,0.0,0.0,0.0,0.0,0.0
10776,2023.0,3.0,16.0,20.0,21.073908,22.86605,20.029453,21.766678,21.078238,22.828344,21.058622,22.880611,16.32661,16.23552,15.607121,15.515447,21.059328,22.254759,21.060822,22.644423,18.024717,18.003044,4.0,0.0,4.0,0.0,0.0,0.0,0.0,0.0
10777,2023.0,3.0,16.0,20.0,21.073416,22.83365,20.079998,21.765793,21.077673,22.792608,21.0625,22.855211,16.273184,16.179014,15.585448,15.492751,21.058924,22.220657,21.021027,22.51237,17.888597,18.471916,0.0,0.0,4.0,0.0,0.0,0.0,4.0,4.0
10778,2023.0,3.0,16.0,20.0,21.059114,22.805548,18.357914,18.380705,21.062103,22.761145,21.085989,22.893595,16.227465,16.133947,15.567502,15.474781,21.016127,22.114761,21.079523,22.618067,20.30655,22.669306,0.0,0.0,0.0,0.0,0.0,4.0,0.0,0.0
10779,2023.0,3.0,16.0,20.0,21.03434,22.730923,17.734562,17.80195,21.063473,22.756668,21.055647,22.78333,16.184984,16.09088,15.548163,15.454859,21.064709,22.206705,21.068913,22.559628,18.030682,17.997105,4.0,0.0,4.0,0.0,0.0,0.0,0.0,0.0
10780,2023.0,3.0,16.0,20.0,21.158157,22.967741,20.245464,22.403646,21.156534,22.932856,21.157673,22.98354,16.145697,16.05081,15.527421,15.432858,21.121525,22.2942,21.175549,22.73959,16.942877,16.661205,0.0,0.0,0.0,0.0,0.0,0.0,0.0,0.0
10781,2023.0,3.0,16.0,20.0,21.044771,22.691597,18.614195,18.964338,21.062029,22.730011,21.078726,22.798378,16.110247,16.015114,15.508283,15.413205,21.027533,22.063658,21.055862,22.493193,17.813692,18.596464,4.0,0.0,0.0,0.0,0.0,4.0,0.0,4.0
10782,2023.0,3.0,16.0,21.0,21.186592,22.957287,20.27236,22.328533,21.205627,22.98637,21.1643,22.945631,16.077232,15.981387,15.488871,15.392686,21.137259,22.290607,21.212233,22.797956,20.279308,22.678453,0.0,4.0,0.0,0.0,0.0,0.0,0.0,4.0
10783,2023.0,3.0,16.0,21.0,21.049063,22.663488,18.670528,18.998043,21.04134,22.647114,21.037764,22.679531,16.789375,17.34668,15.472949,15.376337,21.055937,22.107693,21.056042,22.47146,20.052711,22.014688,4.0,4.0,4.0,4.0,0.0,0.0,0.0,0.0
10784,2023.0,3.0,16.0,21.0,21.075525,22.721834,20.237654,22.237637,21.081049,22.709562,21.06917,22.767508,20.354656,23.356937,15.456995,15.359658,21.056345,22.091932,21.056282,22.461868,18.018103,17.926931,4.0,0.0,0.0,0.0,0.0,0.0,0.0,0.0
10785,2023.0,3.0,16.0,21.0,21.042824,22.615559,20.046673,21.707298,21.073303,22.660536,21.054014,22.683445,17.776094,17.831198,15.441749,15.343802,21.042755,22.076096,21.055653,22.44973,17.032854,16.73351,0.0,0.0,4.0,0.0,0.0,0.0,0.0,0.0
10786,2023.0,3.0,16.0,21.0,21.074654,22.683369,18.656612,18.920938,21.07347,22.631454,21.081936,22.73683,16.57882,16.31739,15.428686,15.330635,21.044043,22.082653,21.055433,22.437933,16.73652,16.436974,4.0,0.0,0.0,0.0,0.0,0.0,0.0,0.0
10787,2023.0,3.0,16.0,21.0,21.068228,22.651585,20.23361,22.164728,21.057245,22.605003,21.07604,22.701881,16.505655,16.38841,15.41479,15.316098,21.043839,22.082685,21.015724,22.320503,17.728619,18.516293,0.0,0.0,0.0,0.0,0.0,0.0,4.0,4.0
10788,2023.0,3.0,16.0,22.0,21.042168,22.56217,18.39504,18.423803,21.034184,22.53833,21.051332,22.611681,17.254868,17.862568,15.401326,15.302381,21.013805,22.0028,21.074945,22.439144,20.313705,22.806906,0.0,4.0,4.0,4.0,0.0,4.0,0.0,0.0
10789,2023.0,3.0,16.0,22.0,21.073257,22.633535,17.987856,18.306969,21.038628,22.549084,21.080229,22.674948,20.332777,23.035658,15.388402,15.290848,21.031784,22.01821,21.064236,22.390165,17.963276,17.922724,4.0,4.0,0.0,0.0,0.0,4.0,0.0,0.0
10790,2023.0,3.0,16.0,22.0,21.039934,22.53206,20.268665,22.361542,21.078053,22.616287,21.074062,22.64545,17.918474,17.927242,15.683295,15.85534,21.059456,22.077782,21.064491,22.365625,16.885687,16.602468,0.0,0.0,0.0,0.0,4.0,0.0,0.0,0.0
10791,2023.0,3.0,16.0,22.0,21.072496,22.60663,18.590338,18.898035,21.070265,22.571878,21.058838,22.629387,16.767687,16.480247,20.47783,23.80277,21.053886,22.045996,21.01212,22.237507,16.784586,16.667513,0.0,0.0,0.0,0.0,4.0,0.0,4.0,0.0
10792,2023.0,3.0,16.0,22.0,21.06524,22.579103,17.583765,17.560875,21.070072,22.54612,21.059967,22.634838,16.696243,16.575901,19.98781,22.562271,21.05362,22.027382,21.073,22.369392,17.538645,18.193802,0.0,0.0,0.0,0.0,4.0,0.0,0.0,4.0
10793,2023.0,3.0,16.0,22.0,21.065645,22.566471,17.311321,17.25372,21.054276,22.523453,21.059315,22.631062,16.64093,16.541658,20.083,22.412746,21.040365,22.011635,21.06189,22.32652,21.435383,24.659346,0.0,0.0,0.0,0.0,0.0,0.0,0.0,4.0
10794,2023.0,3.0,16.0,23.0,21.050943,22.553228,17.137093,17.073984,21.055862,22.528147,21.058607,22.623707,16.546907,16.450226,18.149254,18.430925,21.041454,22.01825,21.062357,22.307638,20.01944,21.914732,0.0,0.0,0.0,0.0,0.0,0.0,0.0,0.0
10795,2023.0,3.0,16.0,23.0,19.74833,20.060682,16.997963,16.934978,19.685263,19.895748,19.607721,19.83079,16.465082,16.37231,17.070906,17.003727,19.96981,19.958538,19.503115,19.295105,18.076666,18.00631,0.0,0.0,0.0,0.0,0.0,0.0,0.0,0.0
10796,2023.0,3.0,16.0,23.0,19.114971,19.175161,16.894321,16.823856,18.96022,18.842196,18.86074,18.758387,16.402288,16.30666,17.154688,17.34271,19.522507,19.34932,19.095917,18.925682,17.352123,17.03391,0.0,0.0,0.0,0.0,4.0,0.0,0.0,0.0
10797,2023.0,3.0,16.0,23.0,18.871574,18.949057,16.811335,16.749409,18.69607,18.590014,18.587374,18.49887,16.34897,16.257372,16.810251,16.73803,19.346172,19.188461,18.895279,18.749918,18.052254,18.610258,0.0,0.0,0.0,0.0,0.0,0.0,0.0,4.0
10798,2023.0,3.0,16.0,23.0,18.669264,18.749283,16.732286,16.672768,18.479626,18.37451,18.36205,18.27451,16.297825,16.207106,16.589386,16.478119,19.971691,20.519884,18.703314,18.565125,18.022058,18.452892,0.0,0.0,0.0,0.0,0.0,4.0,0.0,4.0
10799,2023.0,3.0,16.0,23.0,18.502472,18.58795,16.660982,16.605316,18.98217,19.47792,18.17769,18.095385,16.25111,16.161877,16.46535,16.357258,19.125904,18.831675,18.539797,18.409538,17.951368,18.368326,0.0,4.0,0.0,0.0,0.0,0.0,0.0,4.0
10800,2023.0,3.0,17.0,0.0,18.355246,18.442566,16.59418,16.540838,18.490982,18.547737,18.015297,17.93462,16.207266,16.118484,16.681957,16.860826,18.76326,18.369825,18.39371,18.267628,17.20843,17.01054,0.0,0.0,0.0,0.0,4.0,0.0,0.0,0.0
10801,2023.0,3.0,17.0,0.0,18.223282,18.310253,16.530367,16.477074,17.902332,17.569805,17.870005,17.788826,16.165241,16.075325,16.39599,16.306528,18.60888,18.217566,18.262817,18.138552,16.858334,16.581333,0.0,0.0,0.0,0.0,0.0,0.0,0.0,0.0
10802,2023.0,3.0,17.0,0.0,18.107885,18.197525,16.472113,16.419949,17.668604,17.31227,17.742596,17.66427,16.126385,16.036015,16.584158,16.78043,18.702988,18.540283,18.147501,18.026949,16.68388,16.40955,0.0,0.0,0.0,0.0,4.0,0.0,0.0,0.0
10803,2023.0,3.0,17.0,0.0,18.00355,18.095488,16.417757,16.366644,17.744085,17.623331,17.627226,17.551832,16.089733,15.998882,16.28959,16.200857,18.663557,18.522999,18.04311,17.925762,16.7047,16.59308,0.0,0.0,0.0,0.0,0.0,0.0,0.0,0.0
10804,2023.0,3.0,17.0,0.0,18.667192,19.43006,16.368515,16.319866,17.689547,17.600327,17.5252,17.455614,16.055927,15.965454,16.468386,16.647852,18.588099,18.44803,17.948278,17.832024,16.6442,16.549906,0.0,0.0,0.0,0.0,4.0,0.0,0.0,0.0
10805,2023.0,3.0,17.0,0.0,18.149008,18.354216,16.320719,16.272861,17.601082,17.516573,17.42886,17.36177,16.023153,15.932117,16.04114,15.793451,18.51477,18.374287,17.859962,17.743544,16.56371,16.473835,0.0,0.0,0.0,0.0,0.0,0.0,0.0,0.0
10806,2023.0,3.0,17.0,1.0,17.647388,17.511414,16.274267,16.225773,17.514042,17.429955,17.337784,17.270548,15.991618,15.899244,15.813593,15.517623,18.444712,18.30228,17.777128,17.658707,16.485577,16.396542,0.0,0.0,0.0,0.0,0.0,0.0,0.0,0.0
10807,2023.0,3.0,17.0,1.0,17.468136,17.307707,16.227057,16.175137,17.429157,17.342022,17.25023,17.179626,15.96003,15.865042,15.901572,15.79087,18.377722,18.231802,17.699549,17.577995,16.408873,16.314083,0.0,0.0,0.0,0.0,0.0,0.0,0.0,0.0
10808,2023.0,3.0,17.0,1.0,17.595177,17.677006,16.18599,16.135342,17.356415,17.272985,17.175375,17.10854,15.930464,15.8344965,15.874681,15.771,18.317633,18.17153,17.630312,17.508781,16.342272,16.24736,0.0,0.0,0.0,0.0,0.0,0.0,0.0,0.0
10809,2023.0,3.0,17.0,1.0,17.560625,17.655857,16.146727,16.097412,17.28889,17.209412,17.106003,17.04319,15.901821,15.805347,15.82489,15.718853,18.261784,18.11634,17.56673,17.446203,17.017614,17.573652,0.0,0.0,0.0,0.0,0.0,0.0,0.0,4.0
10810,2023.0,3.0,17.0,1.0,17.50191,17.598106,16.106907,16.056698,17.22235,17.14333,17.03783,16.975386,15.8724985,15.7743635,15.774279,15.666194,18.2067,18.059748,17.504873,17.383095,16.487658,16.4337,0.0,0.0,0.0,0.0,0.0,0.0,0.0,0.0
10811,2023.0,3.0,17.0,1.0,17.441433,17.534775,16.066574,16.013453,17.156868,17.075357,16.970999,16.905823,15.842543,15.741647,16.044939,16.21485,18.152344,18.002016,17.444605,17.319687,16.144096,15.891481,0.0,0.0,0.0,0.0,4.0,0.0,0.0,0.0
10812,2023.0,3.0,17.0,2.0,17.386787,17.480904,16.030449,15.9771385,17.098938,17.018953,16.91193,16.848158,15.81458,15.712503,15.788468,15.677551,18.10298,17.951994,17.390081,17.26474,16.017479,15.753938,0.0,0.0,0.0,0.0,0.0,0.0,0.0,0.0
10813,2023.0,3.0,17.0,2.0,17.337532,17.435116,15.998488,15.947676,17.046955,16.971296,16.858812,16.799269,15.789309,15.688299,15.982599,16.120136,18.058353,17.90937,17.34077,17.217487,16.860647,17.442131,0.0,0.0,0.0,0.0,4.0,0.0,0.0,4.0
10814,2023.0,3.0,17.0,2.0,17.289583,17.388979,15.967428,15.918269,16.99667,16.923658,16.807426,16.750372,15.764658,15.664068,15.779101,15.691662,18.015152,17.86693,17.2933,17.170723,16.214184,16.02284,0.0,0.0,0.0,0.0,0.0,0.0,0.0,0.0
10815,2023.0,3.0,17.0,2.0,17.243515,17.344048,15.937368,15.889475,16.94859,16.877588,16.758541,16.703217,15.740938,15.640568,15.662987,15.551885,17.973923,17.826084,17.248236,17.125956,16.71948,17.133112,0.0,0.0,0.0,0.0,0.0,0.0,0.0,4.0
10816,2023.0,3.0,17.0,2.0,17.1996,17.300438,15.908752,15.862654,16.903645,16.835337,16.71288,16.660017,15.718746,15.618998,15.619452,15.509898,17.935543,17.788754,17.206446,17.08516,16.151777,15.936618,0.0,0.0,0.0,0.0,0.0,0.0,0.0,0.0
10817,2023.0,3.0,17.0,2.0,17.155691,17.255165,15.879234,15.833286,16.858374,16.790272,16.66688,16.613962,15.6967,15.596619,15.897826,16.068947,17.897545,17.75017,17.16536,17.043419,15.934862,15.676367,0.0,0.0,0.0,0.0,4.0,0.0,0.0,0.0
10818,2023.0,3.0,17.0,3.0,17.1163,17.21721,15.852597,15.808822,16.817886,16.75288,16.625612,16.57568,15.676931,15.577759,15.652439,15.548528,17.863428,17.717516,17.128424,17.007854,15.855611,15.603964,0.0,0.0,0.0,0.0,0.0,0.0,0.0,0.0
10819,2023.0,3.0,17.0,3.0,17.076063,17.17604,15.82424,15.779988,16.775785,16.71058,16.58256,16.532295,15.656999,15.557624,15.563534,15.45265,17.829222,17.683022,17.09178,16.97096,15.949305,15.863258,0.0,0.0,0.0,0.0,0.0,0.0,0.0,0.0
10820,2023.0,3.0,17.0,3.0,17.039137,17.140146,15.799072,15.757054,16.738409,16.676302,16.544178,16.497034,15.638894,15.5403595,15.847961,16.020742,17.7981,17.653276,17.058249,16.938662,15.923626,15.827261,0.0,0.0,0.0,0.0,4.0,0.0,0.0,0.0
10821,2023.0,3.0,17.0,3.0,17.01355,17.12577,15.774708,15.735164,16.702845,16.644272,16.507654,16.464073,15.621904,15.524583,15.62231,15.539118,17.768946,17.626127,17.026936,16.909271,16.619139,17.166313,0.0,0.0,0.0,0.0,0.0,0.0,0.0,4.0
10822,2023.0,3.0,17.0,3.0,16.988932,17.108797,15.749498,15.710945,16.666504,16.609491,17.211412,17.81959,15.604818,15.507984,15.811916,15.957687,17.73971,17.597668,16.99571,16.87875,16.729471,17.190754,0.0,0.0,4.0,0.0,4.0,0.0,0.0,4.0
10823,2023.0,3.0,17.0,3.0,16.956797,17.077066,15.724753,15.687128,16.631247,16.575672,16.768408,16.84041,15.588344,15.492007,15.613292,15.532044,17.711536,17.570274,16.965696,16.849445,16.038738,15.836367,0.0,0.0,0.0,0.0,0.0,0.0,0.0,0.0
10824,2023.0,3.0,17.0,4.0,16.923933,17.04352,15.699697,15.66222,16.595943,16.540771,16.329592,16.07894,15.572016,15.475802,15.509142,15.402397,17.683653,17.54253,16.936096,16.819906,15.822672,15.573309,0.0,0.0,0.0,0.0,0.0,0.0,0.0,0.0
10825,2023.0,3.0,17.0,4.0,17.628763,18.392735,15.675058,15.637961,16.562204,16.508158,16.199677,15.928975,15.556048,15.459856,15.473614,15.367652,17.657015,17.516449,16.907913,16.79228,15.741349,15.495098,0.0,0.0,0.0,0.0,0.0,0.0,0.0,0.0
10826,2023.0,3.0,17.0,4.0,17.166115,17.377348,15.64939,15.61183,16.527912,16.473938,16.309862,16.227762,15.539955,15.443377,15.4397955,15.333431,17.630262,17.489635,16.879625,16.763945,16.593658,17.181503,0.0,0.0,0.0,0.0,0.0,0.0,0.0,4.0
10827,2023.0,3.0,17.0,4.0,16.751503,16.659433,15.622609,15.583484,16.492786,16.43749,16.326458,16.281174,15.523914,15.426414,15.716836,15.878733,17.603199,17.461624,16.85089,16.734264,16.695042,17.152866,0.0,0.0,0.0,0.0,4.0,0.0,0.0,4.0
10828,2023.0,3.0,17.0,4.0,16.62338,16.507244,15.5977955,15.558797,16.460423,16.405884,16.295958,16.25274,15.508701,15.411181,15.508316,15.425982,17.577753,17.43675,16.823986,16.70783,15.992573,15.783558,0.0,0.0,0.0,0.0,0.0,0.0,0.0,0.0
10829,2023.0,3.0,17.0,4.0,16.770594,16.877966,15.571002,15.529793,16.4259,16.369392,16.261105,16.216063,15.491913,15.393274,15.408023,15.297832,17.550726,17.408485,16.795765,16.678413,15.763705,15.498303,0.0,0.0,0.0,0.0,0.0,0.0,0.0,0.0
10830,2023.0,3.0,17.0,5.0,16.762691,16.874767,15.544644,15.5015955,16.39242,16.334517,16.226034,16.179659,15.475038,15.375595,15.373648,15.262219,17.524363,17.381454,16.76849,16.650578,15.673926,15.408737,0.0,0.0,0.0,0.0,0.0,0.0,0.0,0.0
10831,2023.0,3.0,17.0,5.0,16.733511,16.845089,15.52011,15.477065,16.361109,16.303564,16.192738,16.146883,15.45876,15.359301,15.34298,15.231692,17.499083,17.356476,16.742302,16.624645,15.775351,15.68388,0.0,0.0,0.0,0.0,0.0,0.0,0.0,0.0
10832,2023.0,3.0,17.0,5.0,16.70368,16.81485,15.495798,15.452784,16.330347,16.273136,16.15977,16.11446,15.442544,15.343067,15.315211,15.204002,17.474072,17.33176,16.716505,16.599096,15.754463,15.656616,0.0,0.0,0.0,0.0,0.0,0.0,0.0,0.0
10833,2023.0,3.0,17.0,5.0,16.67517,16.787733,15.4739895,15.433341,16.302597,16.248228,16.130032,16.087921,15.427316,15.328801,15.290908,15.181662,17.450695,17.31011,16.692297,16.576412,16.45223,16.998323,0.0,0.0,0.0,0.0,0.0,0.0,0.0,4.0
10834,2023.0,3.0,17.0,5.0,16.645012,16.75712,15.450036,15.409416,16.272772,16.218657,16.098295,16.056528,15.41113,15.312602,15.265983,15.1567135,17.426075,17.285772,16.667103,16.551443,15.80579,15.606613,0.0,0.0,0.0,0.0,0.0,0.0,0.0,0.0
10835,2023.0,3.0,17.0,5.0,16.613348,16.723127,15.423901,15.380962,16.240856,16.184452,16.064627,16.02044,15.393952,15.294421,15.240354,15.129336,17.400164,17.258696,16.640888,16.524178,15.576912,15.310494,0.0,0.0,0.0,0.0,0.0,0.0,0.0,0.0
10836,2023.0,3.0,17.0,6.0,16.586176,16.697504,15.402765,15.362215,16.214525,16.16089,16.036852,15.995628,15.378868,15.280365,15.219236,15.110024,17.377409,17.237728,16.617613,16.50247,16.43759,17.02096,0.0,0.0,0.0,0.0,0.0,0.0,0.0,4.0
10837,2023.0,3.0,17.0,6.0,21.180698,24.701704,15.379394,15.339017,21.083298,24.724129,21.040062,24.785254,15.362711,15.26425,15.196938,15.087739,21.339355,23.973692,21.962372,25.463982,20.295202,23.584028,0.0,0.0,0.0,0.0,0.0,0.0,0.0,0.0
10838,2023.0,3.0,17.0,6.0,21.006342,23.868086,15.353993,15.313711,21.010378,23.992384,21.011456,24.121891,15.349298,15.250491,15.173497,15.064376,20.974459,23.092424,22.279192,25.560621,17.50439,17.587307,0.0,0.0,0.0,0.0,0.0,0.0,0.0,0.0
10839,2023.0,3.0,17.0,6.0,21.083084,23.700567,15.328821,15.288371,21.086916,23.768463,21.091066,23.892447,15.339186,15.240647,15.152043,15.042935,21.071785,23.034178,20.885534,22.773638,16.211113,15.939376,0.0,0.0,0.0,0.0,0.0,0.0,0.0,0.0
10840,2023.0,3.0,17.0,6.0,21.063892,23.448334,15.302552,15.260261,21.066942,23.478643,21.070581,23.595074,15.330713,15.232199,15.131609,15.021509,21.05278,22.814533,21.100544,23.061193,16.143938,16.041357,0.0,0.0,0.0,0.0,0.0,0.0,0.0,0.0
10841,2023.0,3.0,17.0,6.0,21.158323,23.465862,15.277444,15.234014,21.167904,23.481718,21.1762,23.602945,15.323156,15.224923,15.113171,15.002821,21.127897,22.815603,21.140862,23.006046,16.084047,15.980507,0.0,0.0,0.0,0.0,0.0,0.0,0.0,0.0
10842,2023.0,3.0,17.0,7.0,21.052263,23.15436,15.255276,15.213201,21.029797,23.073841,21.057165,23.24911,15.315966,15.218111,15.410311,15.575576,21.014317,22.480524,21.049082,22.75585,16.007923,15.90654,0.0,4.0,0.0,0.0,4.0,4.0,0.0,0.0
10843,2023.0,3.0,17.0,7.0,21.157936,23.2829,15.233686,15.192499,21.162512,23.266508,21.157595,23.352274,15.308634,15.2113,20.052046,23.381468,21.129507,22.631414,21.186058,22.96187,15.942331,15.844033,0.0,0.0,0.0,0.0,0.0,0.0,0.0,0.0
10844,2023.0,3.0,17.0,7.0,21.065357,23.03283,15.214323,15.171651,21.085232,23.001667,21.071861,23.10332,15.301016,15.203916,17.75898,18.333265,21.064926,22.422375,21.059439,22.652252,15.885047,15.78746,0.0,0.0,0.0,0.0,0.0,0.0,0.0,0.0
10845,2023.0,3.0,17.0,7.0,21.039106,22.911955,15.195556,15.151624,21.082218,22.913967,21.07108,23.042099,15.293464,15.196561,16.17786,16.110655,21.064394,22.360125,21.059107,22.60886,16.80178,17.562151,0.0,0.0,0.0,0.0,0.0,0.0,0.0,4.0
10846,2023.0,3.0,17.0,7.0,21.069054,22.958057,15.657761,16.029785,21.063934,22.847513,21.07007,22.991524,15.286247,15.189616,16.262674,16.46535,21.048702,22.309513,21.058382,22.571375,20.291258,23.357248,4.0,0.0,0.0,0.0,4.0,0.0,0.0,0.0
10847,2023.0,3.0,17.0,7.0,21.690254,23.959814,20.149637,23.661707,21.81843,23.973782,21.571785,23.713491,16.058939,16.651144,20.361944,23.507725,21.569057,23.131878,21.631231,23.42911,17.575836,17.576662,0.0,4.0,0.0,4.0,4.0,0.0,0.0,0.0
10848,2023.0,3.0,17.0,8.0,20.944597,22.485418,17.716673,18.303896,20.934105,22.351795,21.035088,22.775215,21.070646,25.067234,20.035658,22.474592,21.034101,22.189642,20.90291,22.037874,16.35766,16.080357,0.0,4.0,4.0,0.0,0.0,0.0,0.0,0.0
10849,2023.0,3.0,17.0,8.0,20.08425,20.866833,16.186716,16.223503,19.650366,19.955866,19.380676,19.620098,17.894548,18.15389,17.758135,17.792412,19.796091,19.80725,19.57913,19.577497,16.280872,16.160835,0.0,4.0,0.0,0.0,0.0,0.0,0.0,0.0
10850,2023.0,3.0,17.0,8.0,19.459366,19.872608,16.426825,16.80115,19.166386,19.340008,18.933935,19.12172,17.35554,17.656784,17.011707,16.822893,19.293556,19.116283,20.046131,20.791367,16.239737,16.144073,4.0,4.0,4.0,4.0,0.0,0.0,4.0,0.0
10851,2023.0,3.0,17.0,8.0,19.217194,19.624325,20.211086,23.348476,18.963448,19.158697,18.14605,17.840586,20.326317,22.91417,16.829071,16.667505,19.854055,20.373098,19.816547,20.307093,16.169313,16.076181,0.0,4.0,0.0,0.0,0.0,4.0,4.0,0.0
10852,2023.0,3.0,17.0,8.0,18.427155,18.32989,18.029411,18.623896,18.776237,18.992666,17.620773,17.240717,17.945082,17.970926,16.631598,16.485027,19.6969,19.969244,18.73537,18.439392,16.09277,16.002625,0.0,4.0,0.0,0.0,0.0,4.0,0.0,0.0
10853,2023.0,3.0,17.0,8.0,18.725998,19.13089,17.345486,17.71937,18.655058,18.883223,18.065964,18.272831,17.015213,16.65607,16.498411,16.354988,18.91747,18.58355,18.295216,17.904804,16.93937,17.645512,4.0,4.0,4.0,0.0,0.0,0.0,0.0,4.0
10854,2023.0,3.0,17.0,9.0,18.743818,19.204346,20.265202,22.870026,18.550133,18.794622,18.134546,18.430603,16.918821,16.74881,16.381237,16.244291,18.558727,18.135592,18.076433,17.698092,20.310652,23.370483,4.0,4.0,4.0,0.0,0.0,0.0,0.0,0.0
10855,2023.0,3.0,17.0,9.0,18.665909,19.145262,20.044859,22.19605,18.44766,18.712206,17.434166,17.19554,16.788633,16.656467,16.265207,16.136,18.352066,17.937693,17.882935,17.523659,18.335032,18.980667,0.0,4.0,0.0,0.0,0.0,0.0,0.0,4.0
10856,2023.0,3.0,17.0,9.0,18.599915,19.093935,18.31773,18.694986,18.361956,18.64514,17.03275,16.713346,16.631933,16.511126,16.170563,16.050564,18.204607,17.806198,17.905304,17.74439,20.334223,22.910702,4.0,4.0,0.0,0.0,0.0,0.0,0.0,4.0
10857,2023.0,3.0,17.0,9.0,17.900686,17.852953,20.24714,22.62669,18.291466,18.592325,16.86378,16.552595,16.497284,16.382317,16.087574,15.972039,18.288317,18.10764,17.863337,17.734295,20.014862,22.018896,0.0,4.0,0.0,0.0,0.0,0.0,0.0,4.0
10858,2023.0,3.0,17.0,9.0,18.204111,18.68492,18.455185,18.876173,18.233683,18.551434,16.924973,16.815802,16.385746,16.277567,16.018732,15.909837,18.289701,18.14756,18.830694,19.650316,20.050123,21.90805,4.0,4.0,0.0,0.0,0.0,0.0,4.0,4.0
10859,2023.0,3.0,17.0,9.0,18.351387,18.883577,20.284845,22.556234,18.186783,18.520052,16.918398,16.855349,16.291817,16.18845,15.958971,15.853841,18.228704,18.094986,18.042915,17.846594,20.078274,21.861795,4.0,4.0,0.0,0.0,0.0,0.0,0.0,0.0
10860,2023.0,3.0,17.0,10.0,18.332708,18.874464,20.04432,21.9268,17.518967,17.321804,16.848778,16.79518,16.214153,16.115564,15.910752,15.809523,18.966349,19.55246,17.55986,17.275677,18.20607,18.15514,0.0,0.0,0.0,0.0,0.0,4.0,0.0,0.0
10861,2023.0,3.0,17.0,10.0,18.322113,18.877,18.214518,18.314463,17.142454,16.857481,16.778399,16.730436,16.15022,16.05629,16.262873,16.505959,19.017328,19.40376,17.417677,17.131721,17.268105,17.00002,0.0,0.0,0.0,0.0,4.0,4.0,0.0,0.0
10862,2023.0,3.0,17.0,10.0,18.305882,18.865326,17.554068,17.484442,17.013346,16.729427,16.72155,16.677816,16.10491,16.01366,20.316093,23.467026,18.295115,18.035587,17.335976,17.055647,17.00662,16.720697,0.0,0.0,0.0,0.0,4.0,0.0,0.0,0.0
10863,2023.0,3.0,17.0,10.0,18.27656,18.831408,17.74994,18.110271,17.606758,17.948921,16.66198,16.622534,16.05892,15.970668,20.006882,22.403515,17.969633,17.64059,17.409313,17.2861,16.944675,16.812363,4.0,4.0,0.0,0.0,0.0,0.0,0.0,0.0
10864,2023.0,3.0,17.0,10.0,18.27181,18.845324,20.264313,22.565033,17.815912,18.218416,16.60864,16.574438,16.793566,17.392847,18.156836,18.488108,18.644081,19.006645,17.413794,17.30919,16.848469,16.739103,4.0,4.0,0.0,4.0,4.0,4.0,0.0,0.0
10865,2023.0,3.0,17.0,10.0,18.265436,18.846056,20.107937,22.047312,17.837263,18.246584,17.279009,17.87923,21.680098,25.644423,20.307667,22.673628,18.907888,19.306845,17.377684,17.278309,16.729874,16.627253,4.0,4.0,4.0,0.0,0.0,4.0,0.0,0.0
10866,2023.0,3.0,17.0,11.0,18.26028,18.846739,20.063179,21.818663,17.25564,17.1659,16.948517,17.063473,18.56273,18.88449,18.228943,18.324894,18.246973,18.020102,18.409235,19.263842,16.62528,16.527828,4.0,0.0,0.0,0.0,0.0,0.0,4.0,0.0
10867,2023.0,3.0,17.0,11.0,17.612997,17.647589,20.074669,21.76123,16.88784,16.670317,17.152784,17.5865,16.895203,16.687231,17.215551,17.097929,17.925354,17.615902,17.684736,17.53777,16.532303,16.436928,0.0,0.0,4.0,0.0,0.0,0.0,0.0,0.0
10868,2023.0,3.0,17.0,11.0,17.960178,18.518812,18.719225,19.070997,17.420221,17.774084,17.295942,17.74369,17.436481,17.978807,16.995247,16.869751,17.823097,17.50905,17.252554,17.010733,16.451279,16.358488,4.0,4.0,4.0,4.0,0.0,0.0,0.0,0.0
10869,2023.0,3.0,17.0,11.0,18.078245,18.669155,20.213875,21.970404,17.006666,16.92566,16.717169,16.64646,20.314754,22.929035,16.86475,16.73392,18.539085,18.920952,17.146967,16.8932,16.38996,16.298386,4.0,0.0,0.0,0.0,0.0,4.0,0.0,0.0
10870,2023.0,3.0,17.0,11.0,18.092386,18.678827,20.05004,21.595396,17.34762,17.72509,17.059483,17.46834,18.573446,19.12797,17.136515,17.36698,18.083586,17.860897,17.071337,16.818748,16.326324,16.237614,0.0,4.0,4.0,4.0,4.0,0.0,0.0,0.0
10871,2023.0,3.0,17.0,11.0,18.102777,18.68789,18.436659,18.460886,17.55237,17.976608,17.255486,17.700943,20.587996,23.146414,20.380537,22.85925,17.777834,17.47332,18.228298,19.075344,17.226942,17.99059,0.0,4.0,4.0,0.0,0.0,0.0,4.0,4.0
10872,2023.0,3.0,17.0,12.0,18.117085,18.706095,17.667118,17.614763,17.58198,18.004116,16.677341,16.600649,18.760004,19.27235,18.683266,19.288143,18.4592,18.834824,18.508238,19.19391,20.345587,23.210539,0.0,4.0,0.0,4.0,4.0,4.0,4.0,0.0
10873,2023.0,3.0,17.0,12.0,21.319105,24.300365,17.430943,17.381252,21.348295,24.531256,21.144032,24.59269,20.284811,22.347862,20.264563,22.436615,22.20751,25.176678,22.00466,25.11982,17.843987,17.910929,0.0,4.0,0.0,0.0,4.0,4.0,0.0,0.0
10874,2023.0,3.0,17.0,12.0,21.006687,23.322704,17.681236,18.021683,21.012232,23.469257,21.004726,23.768488,18.290073,18.272873,20.043268,21.774986,20.924908,22.496864,20.882261,22.7346,16.725857,16.491302,4.0,4.0,4.0,0.0,0.0,4.0,0.0,0.0
10875,2023.0,3.0,17.0,12.0,21.086855,23.278057,20.24269,22.601772,21.070465,23.31563,21.078085,23.57539,17.269463,16.976965,18.306133,18.278465,21.056904,22.58216,21.096651,22.953531,16.632555,16.522564,0.0,4.0,4.0,0.0,0.0,4.0,0.0,0.0
10876,2023.0,3.0,17.0,12.0,21.04792,23.025883,18.823702,19.518593,21.084116,23.177319,21.06634,23.32999,17.926538,18.483063,17.327715,17.01025,21.06257,22.483448,21.064064,22.736912,16.581562,16.484947,4.0,0.0,4.0,4.0,0.0,0.0,0.0,0.0
10877,2023.0,3.0,17.0,12.0,21.147438,23.119225,20.252476,22.355429,21.138197,23.129839,21.144846,23.350975,20.282465,22.464466,17.199608,17.031357,21.114813,22.483181,21.171494,22.861101,16.5107,16.417772,0.0,4.0,0.0,0.0,0.0,0.0,0.0,0.0
10878,2023.0,3.0,17.0,13.0,21.075413,22.913885,18.70382,19.115847,21.056997,22.868307,21.057865,23.039858,18.268953,18.284172,17.49949,17.695847,21.056019,22.282854,21.015139,22.447948,16.452417,16.362652,4.0,4.0,4.0,0.0,4.0,0.0,4.0,0.0
10879,2023.0,3.0,17.0,13.0,21.069347,22.837357,20.22047,22.242752,21.079681,22.860476,21.061745,22.96395,17.992002,18.371893,20.243551,22.550743,21.054873,22.217897,21.03257,22.41566,16.403069,16.314669,4.0,0.0,4.0,4.0,0.0,0.0,4.0,0.0
10880,2023.0,3.0,17.0,13.0,21.042694,22.712614,20.044287,21.73052,21.048965,22.717821,21.059668,22.89582,20.300716,22.396378,18.469576,18.761282,21.042082,22.16657,21.068853,22.466633,17.387989,18.219896,0.0,4.0,4.0,0.0,0.0,0.0,0.0,4.0
10881,2023.0,3.0,17.0,13.0,21.072922,22.756163,18.723274,19.06669,21.053333,22.68119,21.058455,22.841671,18.333344,18.324831,17.434303,17.34664,21.013115,22.066519,21.060543,22.401342,20.33283,23.09083,4.0,4.0,4.0,0.0,0.0,4.0,0.0,0.0
10882,2023.0,3.0,17.0,13.0,21.04028,22.637053,20.229511,22.157001,21.076527,22.710545,21.057224,22.79611,17.331467,17.038277,17.586592,17.815311,21.02915,22.062496,21.060352,22.358637,17.932709,17.996758,0.0,0.0,4.0,0.0,4.0,4.0,0.0,0.0
10883,2023.0,3.0,17.0,13.0,21.045553,22.624731,18.44043,18.512068,21.070599,22.662033,21.056448,22.757952,17.22124,17.075745,20.306458,22.497458,21.056635,22.107904,21.02004,22.21584,17.799229,18.411377,0.0,0.0,4.0,0.0,4.0,0.0,4.0,4.0
10884,2023.0,3.0,17.0,14.0,21.044865,22.604618,17.601063,17.560678,21.070309,22.628506,21.07993,22.790724,17.144743,17.018656,20.034384,21.726738,21.051079,22.063828,21.066586,22.315432,21.222454,24.223185,0.0,0.0,0.0,0.0,0.0,0.0,0.0,4.0
10885,2023.0,3.0,17.0,14.0,19.462246,19.583975,17.843151,18.19097,20.151047,20.832712,19.754326,20.183514,17.043167,16.926073,18.371012,18.346865,19.770638,19.57501,19.570349,19.411734,20.03002,21.812485,4.0,4.0,4.0,0.0,0.0,0.0,0.0,0.0
10886,2023.0,3.0,17.0,14.0,19.253567,19.740238,20.269377,22.449566,19.42315,19.783392,18.506891,18.326283,16.954092,16.841473,17.421246,17.094255,19.848154,20.132677,18.800825,18.483616,18.24885,18.22347,4.0,4.0,0.0,0.0,0.0,4.0,0.0,0.0
10887,2023.0,3.0,17.0,14.0,19.237661,19.76141,20.036879,21.786154,18.510214,18.299963,17.972898,17.702532,16.877556,16.768044,17.32116,17.151632,19.255928,18.975906,18.678417,18.5186,17.371532,17.129139,0.0,0.0,0.0,0.0,0.0,0.0,0.0,0.0
10888,2023.0,3.0,17.0,14.0,19.138548,19.679596,18.72418,19.111803,18.694305,18.979494,17.717783,17.461329,17.558868,18.109852,17.264723,17.125347,18.879446,18.534355,18.566088,18.430456,17.999935,18.531815,4.0,4.0,0.0,4.0,0.0,0.0,0.0,4.0
10889,2023.0,3.0,17.0,14.0,19.08106,19.636267,20.209908,21.963276,18.764872,19.138578,17.720806,17.640059,20.299574,22.777468,17.186527,17.05067,18.741135,18.393446,19.490099,20.27898,20.293764,22.496294,4.0,4.0,0.0,4.0,0.0,0.0,4.0,0.0
10890,2023.0,3.0,17.0,15.0,19.02337,19.597233,20.027557,21.508621,18.70465,19.09387,17.644844,17.608002,20.03669,21.934942,17.100975,16.971767,18.794237,18.626568,18.73537,18.59051,18.305132,18.35356,4.0,4.0,0.0,0.0,0.0,0.0,0.0,0.0
10891,2023.0,3.0,17.0,15.0,18.36134,18.419205,20.051853,21.492538,18.030588,17.89873,17.519108,17.490639,18.265913,18.294252,17.427565,17.657799,18.780748,18.644024,18.225536,17.963331,17.363312,17.154585,4.0,0.0,0.0,0.0,4.0,0.0,0.0,0.0
10892,2023.0,3.0,17.0,15.0,17.957033,17.910507,20.047426,21.436583,18.29759,18.647583,17.404072,17.380804,17.373632,17.141197,20.271196,22.578049,18.717712,18.587927,19.053677,19.671846,18.156462,18.87135,4.0,4.0,0.0,0.0,4.0,0.0,4.0,4.0
10893,2023.0,3.0,17.0,15.0,18.501106,19.078142,20.064102,21.447294,18.462227,18.892687,17.30521,17.285906,17.13562,16.88915,20.034048,21.811298,18.656864,18.531488,18.460865,18.314972,21.445475,24.545391,0.0,4.0,0.0,0.0,0.0,0.0,0.0,0.0
10894,2023.0,3.0,17.0,15.0,18.082415,18.175625,19.005337,19.364836,18.450214,18.894098,17.922422,18.520763,17.113386,16.98686,18.408083,18.459047,18.603107,18.482231,19.04296,19.683496,18.899834,19.062199,4.0,4.0,4.0,0.0,0.0,0.0,4.0,0.0
10895,2023.0,3.0,17.0,15.0,18.507269,19.108433,20.19909,21.712399,18.434958,18.887049,18.13114,18.80186,17.079367,16.976274,18.233688,18.437239,18.56137,18.444029,18.348532,18.230194,17.968649,17.72822,0.0,4.0,4.0,0.0,4.0,0.0,0.0,0.0
10896,2023.0,3.0,17.0,16.0,18.662607,19.288843,18.738794,18.828041,18.41608,18.875269,18.013876,18.519049,17.01072,16.915754,20.212551,21.995972,18.518482,18.406,17.944653,17.723879,17.75203,17.625498,0.0,4.0,4.0,0.0,0.0,0.0,0.0,0.0
10897,2023.0,3.0,17.0,16.0,18.660103,19.293077,18.458544,18.831253,18.395794,18.859049,17.974014,18.466093,16.943178,16.8525,18.794928,19.04467,18.47711,18.367733,17.81965,17.593327,18.499977,19.199972,4.0,4.0,4.0,0.0,0.0,0.0,0.0,4.0
10898,2023.0,3.0,17.0,16.0,18.655293,19.285963,20.2187,21.972284,18.379372,18.84587,17.978418,18.472239,17.649792,18.232397,18.103588,17.9896,19.235851,19.840376,17.749336,17.526783,20.233133,22.18413,4.0,4.0,4.0,4.0,0.0,4.0,0.0,0.0
10899,2023.0,3.0,17.0,16.0,18.65846,19.299868,20.021605,21.452774,18.3628,18.832972,17.397158,17.389742,20.29628,22.702583,17.847736,17.721792,18.665926,18.527596,17.789639,17.681103,18.45131,18.507751,4.0,4.0,0.0,0.0,0.0,0.0,0.0,0.0
10900,2023.0,3.0,17.0,16.0,18.662323,19.306343,20.046577,21.424377,18.34769,18.821318,17.713488,18.174112,18.81595,19.418999,17.67789,17.55544,18.310951,18.066133,17.785154,17.69564,17.585596,17.398764,4.0,4.0,4.0,4.0,0.0,0.0,0.0,0.0
10901,2023.0,3.0,17.0,16.0,18.031588,18.13142,20.04272,21.36489,18.334055,18.811035,17.308233,17.30872,20.278303,22.317373,17.938902,18.171618,18.987915,19.424162,17.74585,17.661844,17.331394,17.128395,4.0,4.0,0.0,0.0,4.0,4.0,0.0,0.0
10902,2023.0,3.0,17.0,17.0,18.399586,19.036255,20.042366,21.327019,18.322392,18.802626,17.643429,18.117655,19.000284,19.554062,20.22031,22.20722,19.25828,19.732985,18.76332,19.625048,17.270222,17.167292,4.0,4.0,4.0,4.0,0.0,4.0,4.0,0.0
10903,2023.0,3.0,17.0,17.0,17.94996,18.06319,20.041624,21.296452,17.731659,17.715214,17.83135,18.341274,20.24568,22.0614,18.997202,19.525486,19.313658,19.783646,18.094486,18.020433,17.194689,17.109734,4.0,0.0,4.0,0.0,4.0,4.0,0.0,0.0
10904,2023.0,3.0,17.0,17.0,18.326452,18.96942,20.176022,21.555923,18.02275,18.45926,17.254688,17.249775,18.53211,18.565136,20.239576,21.966396,18.642122,18.484682,17.662907,17.479399,17.100634,17.021267,0.0,4.0,0.0,0.0,4.0,0.0,0.0,0.0
10905,2023.0,3.0,17.0,17.0,18.505804,19.160172,18.77328,18.83145,18.187857,18.66706,16.916216,16.803566,17.656952,17.454306,20.035522,21.409082,18.316616,18.073414,17.541649,17.3482,17.012993,16.937939,0.0,4.0,0.0,0.0,0.0,0.0,0.0,0.0
10906,2023.0,3.0,17.0,17.0,18.519918,19.168715,18.379469,18.550005,18.19044,18.66713,16.791763,16.663885,17.501965,17.39524,18.644596,18.632833,18.965975,19.391935,18.488264,19.199705,17.867197,18.624346,4.0,4.0,0.0,0.0,0.0,4.0,4.0,4.0
10907,2023.0,3.0,17.0,17.0,17.90859,18.01777,20.21348,21.894735,18.187218,18.661453,17.402695,17.863663,17.40963,17.32051,18.147348,18.012936,18.445694,18.292597,18.76132,19.49585,20.307669,22.77792,4.0,4.0,4.0,0.0,0.0,0.0,4.0,0.0
10908,2023.0,3.0,17.0,18.0,18.26845,18.892439,20.019207,21.37669,18.181751,18.653496,17.64678,18.153273,17.28786,17.20652,17.956606,17.841698,18.144392,17.908304,17.924873,17.82721,18.197035,18.314255,4.0,4.0,4.0,0.0,0.0,0.0,0.0,0.0
10909,2023.0,3.0,17.0,18.0,21.300951,24.089233,20.06281,21.400911,21.32043,24.118753,21.254656,24.389826,17.168915,17.087042,17.767372,17.653978,21.290754,23.451828,22.734497,26.16739,17.202202,17.018326,0.0,4.0,0.0,0.0,0.0,0.0,0.0,0.0
10910,2023.0,3.0,17.0,18.0,21.0283,23.228142,19.042194,19.367765,21.012184,23.185686,21.005596,23.472614,17.851133,18.469715,17.610926,17.50459,21.018389,22.749304,20.848951,22.555908,17.081182,16.99541,4.0,4.0,4.0,4.0,0.0,0.0,0.0,0.0
10911,2023.0,3.0,17.0,18.0,21.163311,23.265587,20.205256,21.780733,21.160942,23.262978,21.158514,23.507488,20.297384,22.6037,17.471348,17.364891,21.129204,22.775208,21.237886,23.118279,17.00933,16.934608,0.0,4.0,4.0,0.0,0.0,0.0,4.0,0.0
10912,2023.0,3.0,17.0,18.0,21.07242,22.958757,19.031351,19.359987,21.052864,22.893517,21.059576,23.125036,18.244787,18.28359,17.350779,17.249912,21.047125,22.470724,21.067799,22.674976,16.920588,16.848402,4.0,4.0,4.0,0.0,0.0,0.0,0.0,0.0
10913,2023.0,3.0,17.0,18.0,21.161592,23.03195,20.195261,21.777542,21.17576,23.031399,21.162891,23.220547,17.99413,18.40969,17.24065,17.139639,21.133211,22.543169,21.246881,22.907293,17.854767,18.690338,4.0,4.0,0.0,4.0,0.0,0.0,4.0,4.0
10914,2023.0,3.0,17.0,19.0,21.04005,22.687813,20.024485,21.32744,21.051027,22.697725,21.052576,22.87652,20.274263,22.319403,17.553322,17.818253,21.044983,22.290754,21.030737,22.400995,20.307064,22.734732,4.0,4.0,4.0,4.0,4.0,0.0,4.0,0.0
10915,2023.0,3.0,17.0,19.0,21.044468,22.642435,20.064642,21.354868,21.050385,22.635246,21.056768,22.810608,20.040201,21.65813,20.290373,22.510975,21.044306,22.234074,21.069292,22.456793,18.094141,18.082966,0.0,4.0,4.0,0.0,4.0,0.0,0.0,0.0
10916,2023.0,3.0,17.0,19.0,21.043175,22.598637,18.99592,19.232607,21.074268,22.653427,21.055218,22.749949,18.347702,18.247286,20.01806,21.664623,21.04364,22.189672,21.06095,22.392181,18.008905,18.554379,4.0,0.0,4.0,0.0,4.0,0.0,0.0,4.0
10917,2023.0,3.0,17.0,19.0,21.168133,22.83451,20.213934,21.759243,21.190447,22.821218,21.166927,22.945162,17.486448,17.185959,20.071976,21.577343,21.145145,22.358679,21.197432,22.623978,20.384163,22.634636,0.0,4.0,0.0,0.0,0.0,0.0,0.0,0.0
10918,2023.0,3.0,17.0,19.0,21.036705,22.515667,19.01058,19.27727,21.073036,22.568417,21.047972,22.640207,17.407204,17.279821,18.481302,18.372526,21.042387,22.122898,21.060085,22.311327,18.241932,18.192091,4.0,0.0,4.0,0.0,0.0,0.0,0.0,0.0
10919,2023.0,3.0,17.0,19.0,21.202961,22.825954,20.199675,21.745962,21.165588,22.721954,21.185595,22.882687,17.328323,17.22252,18.191402,18.403269,21.1485,22.312984,21.231346,22.650444,17.291218,17.019678,4.0,0.0,4.0,0.0,4.0,0.0,0.0,0.0
10920,2023.0,3.0,17.0,20.0,21.167223,22.751047,20.178848,21.594322,21.164904,22.68971,21.185022,22.85151,18.010345,18.622849,20.267153,22.004477,21.148125,22.290451,21.22841,22.632568,18.234264,19.039433,4.0,0.0,4.0,4.0,4.0,0.0,0.0,4.0
10921,2023.0,3.0,17.0,20.0,21.03605,22.4439,20.064724,21.30761,21.051773,22.467056,21.051487,22.55772,20.289747,22.43415,20.025139,21.365326,21.041307,22.05812,21.04865,22.261414,20.215624,22.230553,0.0,0.0,4.0,0.0,4.0,0.0,0.0,4.0
10922,2023.0,3.0,17.0,20.0,21.067892,22.51239,18.985477,19.166533,21.02891,22.40176,21.076235,22.605198,18.243294,18.15885,20.06852,21.33929,21.011578,21.966978,21.048986,22.255623,20.049227,21.709183,4.0,4.0,0.0,0.0,0.0,4.0,0.0,0.0
10923,2023.0,3.0,17.0,20.0,21.205374,22.748768,20.216133,21.718271,21.237585,22.821772,21.189608,22.786776,17.262121,16.9385,18.563768,18.359755,21.229528,22.39942,21.233276,22.616652,19.002981,19.496569,0.0,4.0,4.0,0.0,0.0,4.0,0.0,4.0
10924,2023.0,3.0,17.0,20.0,21.06726,22.475657,18.998398,19.211283,21.047894,22.406954,21.075562,22.555166,17.218784,17.083052,17.935152,17.75933,21.028492,21.96182,21.04801,22.232899,20.235018,21.950706,4.0,4.0,0.0,0.0,0.0,4.0,0.0,0.0
10925,2023.0,3.0,17.0,20.0,21.167225,22.661041,20.202375,21.711027,21.168861,22.647104,21.191612,22.747757,17.16441,17.044302,17.777458,17.620192,21.174475,22.23259,21.23434,22.598581,19.126785,19.598263,4.0,0.0,4.0,0.0,0.0,4.0,0.0,4.0
10926,2023.0,3.0,17.0,21.0,21.035013,22.35952,20.025272,21.249294,21.065762,22.41364,21.050045,22.447184,17.060638,16.940044,17.607094,17.454159,21.056952,21.993206,21.047644,22.212833,20.181513,21.724712,4.0,0.0,4.0,0.0,0.0,0.0,0.0,4.0
10927,2023.0,3.0,17.0,21.0,21.078165,22.438305,20.095089,21.31877,21.130058,22.51408,21.097178,22.527212,16.964975,16.840864,17.45311,17.297531,21.104212,22.05746,21.096886,22.301914,20.13025,21.516949,4.0,0.0,4.0,0.0,0.0,0.0,0.0,0.0
10928,2023.0,3.0,17.0,21.0,21.061317,22.418663,20.056618,21.214994,21.041002,22.34935,21.04289,22.408703,16.89005,16.76946,17.339148,17.196993,21.045715,21.920364,21.001799,22.077154,18.479729,18.277025,0.0,0.0,4.0,0.0,0.0,0.0,4.0,0.0
10929,2023.0,3.0,17.0,21.0,21.035013,22.33673,18.999355,19.139347,21.027826,22.310957,21.050001,22.415453,17.539743,18.05378,17.224775,17.07998,21.021845,21.838772,21.069273,22.218752,17.663288,17.31169,4.0,4.0,4.0,4.0,0.0,4.0,0.0,0.0
10930,2023.0,3.0,17.0,21.0,21.040035,22.341726,20.211363,21.659111,21.072538,22.396698,21.074133,22.475216,20.302835,22.681107,17.489494,17.663157,21.05632,21.921257,21.057888,22.17371,18.321045,18.797892,0.0,0.0,0.0,4.0,4.0,0.0,0.0,4.0
10931,2023.0,3.0,17.0,21.0,21.039259,22.334742,18.97375,19.122343,21.064655,22.35939,21.068764,22.44914,20.137964,22.048073,20.390978,22.518219,21.050583,21.896698,21.019009,22.049004,21.381886,23.890482,4.0,0.0,0.0,0.0,0.0,0.0,4.0,0.0
10932,2023.0,3.0,17.0,22.0,21.065722,22.40059,20.21929,21.726128,21.06518,22.341269,21.043411,22.362501,18.727818,19.064877,18.568203,18.77426,21.050991,21.885159,21.066303,22.164135,19.19,19.63425,0.0,0.0,4.0,4.0,0.0,0.0,0.0,4.0
10933,2023.0,3.0,17.0,22.0,21.03355,22.302359,18.96745,19.135832,21.048529,22.32423,21.04847,22.363176,20.33055,22.144262,17.87305,17.995314,21.00685,21.795624,21.057667,22.132822,20.180126,21.667608,4.0,0.0,4.0,0.0,4.0,4.0,0.0,4.0
10934,2023.0,3.0,17.0,22.0,21.0659,22.377747,20.21997,21.748085,21.050697,22.335863,21.048029,22.354687,18.349112,18.162699,20.36378,22.260557,21.057756,21.905361,21.058395,22.11998,20.048483,21.335546,0.0,0.0,4.0,0.0,4.0,0.0,0.0,0.0
10935,2023.0,3.0,17.0,22.0,21.059734,22.351524,18.60582,18.472391,21.050285,22.338087,21.047707,22.345694,18.00626,18.157475,20.018456,21.504395,21.020363,21.797031,21.044779,22.106613,18.455141,18.198208,0.0,0.0,4.0,4.0,0.0,4.0,0.0,0.0
10936,2023.0,3.0,17.0,22.0,21.060446,22.339571,17.948372,17.807768,21.05037,22.338303,21.072968,22.406898,20.3663,22.196602,18.929996,19.256498,21.02595,21.803408,21.046337,22.116274,18.44865,18.758423,0.0,0.0,0.0,0.0,4.0,4.0,0.0,4.0
10937,2023.0,3.0,17.0,22.0,21.205147,22.647564,17.80917,17.687948,21.19895,22.633614,21.167498,22.580898,18.34877,18.151546,20.262796,21.827906,21.136744,22.039137,21.24119,22.508831,20.329653,21.963387,0.0,0.0,0.0,0.0,4.0,0.0,0.0,0.0
10938,2023.0,3.0,17.0,23.0,21.019228,22.261808,17.654676,17.530169,21.024696,22.258768,21.042278,22.29246,17.627796,17.467323,20.02912,21.246536,21.050467,21.850645,21.045576,22.11292,18.432777,18.191658,0.0,4.0,4.0,0.0,4.0,0.0,0.0,0.0
10939,2023.0,3.0,17.0,23.0,19.577251,19.516102,17.521353,17.395317,19.79244,19.92842,19.458443,19.282843,18.093235,18.48543,18.485023,18.21681,19.785686,19.4106,19.844736,19.804136,17.596043,17.224676,0.0,0.0,0.0,4.0,0.0,0.0,0.0,0.0
10940,2023.0,3.0,17.0,23.0,18.914318,18.59425,17.423992,17.293018,18.830732,18.364061,18.684048,18.18544,17.596504,17.473217,18.080177,17.82069,19.578508,19.344738,19.354929,19.178356,17.599339,17.437029,0.0,0.0,0.0,0.0,4.0,0.0,0.0,0.0
10941,2023.0,3.0,17.0,23.0,18.64163,18.322378,17.336473,17.207922,19.106596,19.156748,18.664207,18.45873,17.15175,16.79604,17.967382,17.754257,19.477383,19.28507,20.139715,20.869219,17.521935,17.381165,0.0,4.0,0.0,0.0,4.0,0.0,4.0,0.0
10942,2023.0,3.0,17.0,23.0,18.720417,18.694166,17.25617,17.129347,18.507086,18.104395,18.550333,18.405592,16.936647,16.54957,17.532541,17.081944,19.337885,19.14797,19.07805,18.743235,17.413511,17.275084,0.0,0.0,0.0,0.0,0.0,0.0,0.0,0.0
10943,2023.0,3.0,17.0,23.0,18.66202,18.689901,17.179827,17.053795,18.143543,17.64512,18.385647,18.244976,17.633097,18.015526,17.508419,17.277563,19.210089,19.019081,18.61523,18.17511,17.310345,17.17125,0.0,0.0,0.0,4.0,0.0,0.0,0.0,0.0
10944,2023.0,3.0,18.0,0.0,18.547638,18.581545,17.109852,16.986355,18.935476,19.334568,18.239302,18.103657,17.23719,17.136265,17.462507,17.284405,19.097424,18.90766,18.41124,17.98083,17.217113,17.079067,0.0,4.0,0.0,0.0,0.0,0.0,0.0,0.0
10945,2023.0,3.0,18.0,0.0,18.439793,18.476816,17.04397,16.922758,18.287165,18.027542,18.105778,17.973816,16.82178,16.476034,17.351656,17.17589,18.995428,18.806093,18.474754,18.286541,17.849848,18.345152,0.0,0.0,0.0,0.0,0.0,0.0,0.0,4.0
10946,2023.0,3.0,18.0,0.0,18.339437,18.378736,16.981928,16.86267,17.852793,17.391088,17.98426,17.855059,16.64288,16.269308,17.244932,17.069294,18.903011,18.713633,18.41701,18.253454,17.310741,17.202751,0.0,0.0,0.0,0.0,0.0,0.0,0.0,0.0
10947,2023.0,3.0,18.0,0.0,18.243902,18.28263,16.92149,16.802237,17.665909,17.18957,17.87036,17.740458,16.760298,16.619137,17.463774,17.566442,18.81728,18.626028,18.31535,18.150747,16.900213,16.554096,0.0,0.0,0.0,0.0,4.0,0.0,0.0,0.0
10948,2023.0,3.0,18.0,0.0,18.162668,18.208418,16.869558,16.755487,17.81548,17.630764,17.774847,17.653381,16.730297,16.586603,17.499668,17.616426,19.48714,19.962286,18.22472,18.064291,17.508568,17.831978,0.0,0.0,0.0,0.0,4.0,4.0,0.0,4.0
10949,2023.0,3.0,18.0,0.0,18.084703,18.134228,16.818775,16.707554,17.808088,17.67417,17.68374,17.566866,16.677374,16.534992,17.199331,17.071955,18.672064,18.281628,18.138187,17.97963,16.918718,16.602833,0.0,0.0,0.0,0.0,0.0,0.0,0.0,0.0
10950,2023.0,3.0,18.0,1.0,18.010862,18.062618,16.769842,16.660477,17.739206,17.611391,17.598135,17.484137,16.626318,16.484402,17.027489,16.860422,19.155025,19.383646,18.056917,17.898935,16.684038,16.339859,0.0,0.0,0.0,0.0,0.0,4.0,0.0,0.0
10951,2023.0,3.0,18.0,1.0,17.941513,17.995138,16.722517,16.614607,17.66905,17.54438,17.51799,17.406643,16.577463,16.435774,16.935848,16.766157,18.53999,18.122078,17.981432,17.823895,16.584553,16.245794,0.0,0.0,0.0,0.0,0.0,0.0,0.0,0.0
10952,2023.0,3.0,18.0,1.0,17.876228,17.931633,16.676811,16.570435,17.60105,17.479343,17.442768,17.334278,16.531307,16.389948,17.146088,17.225424,18.30016,17.840134,17.911226,17.754372,17.466757,18.014847,0.0,0.0,0.0,0.0,4.0,0.0,0.0,4.0
10953,2023.0,3.0,18.0,1.0,17.81411,17.870955,16.632416,16.52725,17.535559,17.41624,17.371624,17.265408,16.487234,16.345978,16.915253,16.76485,18.199896,17.745064,17.845089,17.688587,16.775932,16.495026,0.0,0.0,0.0,0.0,0.0,0.0,0.0,0.0
10954,2023.0,3.0,18.0,1.0,17.754215,17.81165,16.589056,16.48447,17.472178,17.354416,17.30405,17.199028,16.444778,16.30318,16.777088,16.60622,18.36671,18.17181,17.782145,17.625378,17.264282,17.59341,0.0,0.0,0.0,0.0,0.0,0.0,0.0,4.0
10955,2023.0,3.0,18.0,1.0,17.693974,17.748865,16.543692,16.436481,17.40766,17.28745,17.235968,17.127935,16.402357,16.25865,16.706932,16.533106,18.364868,18.176184,17.720451,17.561356,17.429016,17.768547,0.0,0.0,0.0,0.0,0.0,0.0,0.0,4.0
10956,2023.0,3.0,18.0,2.0,17.643978,17.703989,16.506903,16.40465,17.355133,17.241697,17.181126,17.079834,16.366076,16.224867,16.648954,16.48028,18.325441,18.140373,17.667223,17.511436,16.726217,16.411737,0.0,0.0,0.0,0.0,0.0,0.0,0.0,0.0
10957,2023.0,3.0,18.0,2.0,17.590586,17.649979,16.465702,16.362938,17.298721,17.185492,17.122509,17.021143,16.327627,16.185335,16.589703,16.41984,18.283154,18.09708,17.612413,17.45574,17.245972,17.56705,0.0,0.0,0.0,0.0,0.0,0.0,0.0,4.0
10958,2023.0,3.0,18.0,2.0,17.53939,17.598566,16.425295,16.3222,17.244606,17.131908,17.066359,16.965387,16.290298,16.147247,16.533945,16.36351,18.241104,18.054377,17.55994,17.402874,16.654013,16.337414,0.0,0.0,0.0,0.0,0.0,0.0,0.0,0.0
10959,2023.0,3.0,18.0,2.0,17.48565,17.540386,16.381207,16.273424,17.187365,17.070179,17.007084,16.901346,16.251154,16.104784,16.476398,16.301027,18.19707,18.006886,17.506157,17.345705,16.416712,16.059204,0.0,0.0,0.0,0.0,0.0,0.0,0.0,0.0
10960,2023.0,3.0,18.0,2.0,17.43723,17.491337,16.34169,16.233189,17.136251,17.019096,16.954077,16.848381,16.214912,16.067556,16.424963,16.248764,18.15624,17.96511,17.456497,17.29538,16.31723,15.963105,0.0,0.0,0.0,0.0,0.0,0.0,0.0,0.0
10961,2023.0,3.0,18.0,2.0,17.391094,17.445488,16.304405,16.196802,17.088257,16.972723,16.904152,16.800259,16.179897,16.03225,16.376625,16.200895,18.116898,17.925545,17.408821,17.247717,16.451984,16.321587,0.0,0.0,0.0,0.0,0.0,0.0,0.0,0.0
10962,2023.0,3.0,18.0,3.0,17.346605,17.401712,16.267498,16.160578,17.041573,16.927555,16.855522,16.753376,16.73588,17.107702,16.330019,16.15493,18.07858,17.887321,17.362736,17.202066,16.42668,16.284506,0.0,0.0,0.0,4.0,0.0,0.0,0.0,0.0
10963,2023.0,3.0,18.0,3.0,17.30226,17.356886,16.230106,16.122845,16.994905,16.88118,16.807005,16.705296,16.330938,16.216755,16.283693,16.108234,18.040241,17.848476,17.316954,17.156044,17.11736,17.62243,0.0,0.0,0.0,0.0,0.0,0.0,0.0,4.0
10964,2023.0,3.0,18.0,3.0,17.25923,17.31331,16.193327,16.085768,16.949446,16.836031,16.76001,16.658657,16.183266,16.034435,16.238728,16.06299,18.00262,17.810438,17.272243,17.111193,16.405172,16.106138,0.0,0.0,0.0,0.0,0.0,0.0,0.0,0.0
10965,2023.0,3.0,18.0,3.0,17.222916,17.28235,16.154224,16.0436,16.901888,16.78562,16.711176,16.606836,16.13022,15.9782095,16.511646,16.613554,17.963459,17.768744,17.22611,17.062603,16.149538,15.790994,0.0,0.0,0.0,0.0,4.0,0.0,0.0,0.0
10966,2023.0,3.0,18.0,3.0,17.192526,17.260777,16.11875,16.008171,16.85872,16.743092,16.666876,16.563202,16.08494,15.932924,16.257406,16.079714,17.927155,17.732239,17.183287,17.019823,16.276386,16.138603,0.0,0.0,0.0,0.0,0.0,0.0,0.0,0.0
10967,2023.0,3.0,18.0,3.0,17.152977,17.21925,16.0804,15.966372,16.812841,16.694326,16.619785,16.513203,16.041542,15.887071,16.159864,15.97744,17.889475,17.692497,17.139349,16.974073,16.251328,16.10294,0.0,0.0,0.0,0.0,0.0,0.0,0.0,0.0
10968,2023.0,3.0,18.0,4.0,17.113804,17.178984,16.04472,15.929728,16.770086,16.651134,16.575928,16.46896,16.001785,15.846533,16.111546,15.928529,17.853462,17.655704,17.09727,16.931433,16.209267,16.060202,0.0,0.0,0.0,0.0,0.0,0.0,0.0,0.0
10969,2023.0,3.0,18.0,4.0,17.075584,17.140017,16.01018,15.89526,16.728872,16.610353,16.533646,16.427164,15.964359,15.809033,16.065523,15.8826885,17.818636,17.620869,17.056486,16.890759,16.169083,16.020021,0.0,0.0,0.0,0.0,0.0,0.0,0.0,0.0
10970,2023.0,3.0,18.0,4.0,17.03775,17.101616,15.975973,15.861137,16.688374,16.570236,16.492128,16.386084,15.928341,15.772951,16.02235,15.839633,17.784424,17.58665,17.01648,16.850863,16.129702,15.980665,0.0,0.0,0.0,0.0,0.0,0.0,0.0,0.0
10971,2023.0,3.0,18.0,4.0,17.002003,17.06707,15.94475,15.83273,16.651203,16.536154,16.454056,16.35122,16.485188,16.850685,15.983195,15.803003,17.752232,17.55597,16.97865,16.814653,16.092896,15.945454,0.0,0.0,0.0,4.0,0.0,0.0,0.0,0.0
10972,2023.0,3.0,18.0,4.0,16.964912,17.029396,15.911064,15.799089,16.611813,16.497042,16.413748,16.311243,16.072409,15.945255,15.94306,15.762919,17.719042,17.522781,16.939949,16.776062,16.05546,15.908023,0.0,0.0,0.0,0.0,0.0,0.0,0.0,0.0
10973,2023.0,3.0,18.0,4.0,16.928719,16.992891,15.877888,15.766212,16.573174,16.45897,16.374268,16.27238,15.72905,15.36975,15.904387,15.72463,17.686514,17.490509,16.902056,16.738556,16.752855,17.253609,0.0,0.0,0.0,0.0,0.0,0.0,0.0,4.0
10974,2023.0,3.0,18.0,5.0,16.890863,16.952925,15.842886,15.729549,16.532822,16.417063,16.33327,16.22976,15.591766,15.211114,16.184431,16.28394,17.652977,17.455856,16.863155,16.698574,17.05042,17.65604,0.0,0.0,0.0,0.0,4.0,0.0,0.0,4.0
10975,2023.0,3.0,18.0,5.0,16.85767,16.922369,15.813332,15.70348,17.228195,17.7556,16.298607,16.198606,15.732893,15.573605,15.959363,15.803623,17.623682,17.429256,16.828651,16.666842,16.164625,15.868792,0.0,4.0,0.0,0.0,0.0,0.0,0.0,0.0
10976,2023.0,3.0,18.0,5.0,16.822515,16.887691,15.782482,15.674061,16.79538,16.803022,16.262684,16.1638,15.747074,15.596194,15.851397,15.673635,17.59385,17.400541,16.79363,16.632835,15.88588,15.527706,0.0,0.0,0.0,0.0,0.0,0.0,0.0,0.0
10977,2023.0,3.0,18.0,5.0,16.787405,16.852709,15.7516165,15.644303,16.27816,15.881667,16.226631,16.128653,15.718378,15.567371,16.118973,16.211424,17.564898,17.372524,16.75981,16.599842,15.786575,15.433492,0.0,0.0,0.0,0.0,4.0,0.0,0.0,0.0
10978,2023.0,3.0,18.0,5.0,16.754166,16.821041,15.722433,15.617569,16.125174,15.705347,16.192217,16.096792,16.272923,16.633486,15.896574,15.739582,17.537683,17.34729,16.727854,16.569866,15.70775,15.358937,0.0,0.0,0.0,4.0,0.0,0.0,0.0,0.0
10979,2023.0,3.0,18.0,5.0,16.719398,16.785786,15.6916065,15.587053,16.325994,16.195616,16.155737,16.060629,16.52598,16.974308,15.793532,15.619018,17.509537,17.319727,16.69467,16.53712,15.836904,15.687951,0.0,0.0,0.0,4.0,0.0,0.0,0.0,0.0
10980,2023.0,3.0,18.0,6.0,16.68848,16.757282,15.663945,15.562564,16.335571,16.22729,16.12265,16.03106,15.772685,15.454994,15.7557335,15.584986,17.48381,17.296509,16.66397,16.508957,15.837921,15.69594,0.0,0.0,0.0,0.0,0.0,0.0,0.0,0.0
10981,2023.0,3.0,18.0,6.0,21.190128,24.606121,15.637222,15.539884,21.09984,24.613642,21.04295,24.67993,15.533546,15.172905,15.720531,15.553467,21.39629,23.920908,21.95536,25.383831,15.815005,15.67696,0.0,0.0,0.0,0.0,0.0,0.0,0.0,0.0
10982,2023.0,3.0,18.0,6.0,21.005356,23.766735,15.608932,15.515863,21.009289,23.869144,21.010744,24.02766,16.060781,16.249166,15.686192,15.522847,20.939884,22.884365,22.133032,25.420923,15.789217,15.654189,0.0,0.0,0.0,4.0,0.0,4.0,4.0,0.0
10983,2023.0,3.0,18.0,6.0,21.081884,23.610268,15.581437,15.492578,21.085493,23.661182,21.090582,23.812107,20.366886,23.422825,15.656536,15.4970255,21.075264,22.937366,20.901325,22.738651,16.520365,17.054955,0.0,0.0,0.0,0.0,0.0,0.0,0.0,4.0
10984,2023.0,3.0,18.0,6.0,21.044783,23.3089,15.5549,15.469874,21.073763,23.39913,21.055359,23.475311,17.605282,17.632267,15.920147,16.01467,21.07247,22.724293,21.103035,22.983267,20.386951,23.607733,0.0,0.0,4.0,0.0,4.0,0.0,0.0,0.0
10985,2023.0,3.0,18.0,6.0,21.04896,23.17683,16.005747,16.337416,21.072878,23.231087,21.082127,23.378391,16.475235,16.337658,20.323435,23.510141,21.069426,22.567978,21.036766,22.703205,17.531397,17.500969,4.0,0.0,0.0,0.0,0.0,0.0,4.0,0.0
10986,2023.0,3.0,18.0,7.0,21.8441,24.406794,20.260513,23.60458,21.707155,24.1035,22.148563,24.924715,16.324793,16.18903,17.973684,18.40517,21.676752,23.533861,21.983185,24.175888,17.027035,17.343166,0.0,4.0,0.0,0.0,0.0,0.0,4.0,4.0
10987,2023.0,3.0,18.0,7.0,20.926908,22.577293,18.226576,19.048683,20.926495,22.574907,20.909979,22.59633,16.218552,16.086784,16.952463,17.15683,20.962046,22.086853,20.894276,22.080421,20.371943,23.103184,4.0,4.0,0.0,0.0,4.0,4.0,4.0,4.0
10988,2023.0,3.0,18.0,7.0,21.83718,24.149935,20.265383,23.08493,21.17531,23.035486,21.184471,23.123829,16.888508,17.427351,20.321903,23.013134,21.930183,23.691313,21.243475,22.782042,20.923992,23.616077,0.0,0.0,4.0,4.0,0.0,0.0,4.0,4.0
10989,2023.0,3.0,18.0,7.0,20.925486,22.382893,17.831781,17.96815,21.077988,22.790833,21.070978,22.904587,20.3534,23.240526,18.219511,18.54685,20.944637,21.83484,21.035172,22.36435,20.039783,21.826548,0.0,0.0,0.0,4.0,0.0,4.0,4.0,4.0
10990,2023.0,3.0,18.0,7.0,21.076855,22.699451,16.843336,16.8748,21.055471,22.683012,21.085646,22.877016,20.008793,22.16674,16.965563,16.825602,21.052711,22.064323,21.077944,22.47025,20.080711,21.79626,4.0,4.0,0.0,4.0,0.0,4.0,0.0,0.0
10991,2023.0,3.0,18.0,7.0,21.151123,22.851843,20.21396,22.917257,21.150595,22.842653,21.143297,22.928682,20.061956,22.004045,16.708939,16.55696,21.138435,22.24178,21.17139,22.636503,18.14098,17.952421,4.0,4.0,4.0,4.0,0.0,4.0,0.0,0.0
10992,2023.0,3.0,18.0,8.0,21.944696,24.157928,20.043041,22.237215,21.058214,22.631207,21.062416,22.73475,20.081984,21.87872,16.973057,17.191383,21.942688,23.582592,21.06828,22.404568,17.181782,16.803366,0.0,4.0,4.0,0.0,4.0,4.0,0.0,0.0
10993,2023.0,3.0,18.0,8.0,20.380375,20.876465,17.910877,17.923416,19.684875,19.979927,19.112804,19.004578,18.687492,19.016413,20.354168,22.998072,20.690674,20.949272,19.359102,19.100937,17.779985,18.204514,0.0,4.0,0.0,4.0,0.0,4.0,0.0,4.0
10994,2023.0,3.0,18.0,8.0,18.798473,18.613121,16.97211,16.87952,18.98016,19.147821,17.990458,17.585184,20.312628,22.1707,18.282776,18.601759,19.353872,18.927092,18.716671,18.5369,20.297379,22.479267,0.0,4.0,0.0,4.0,0.0,0.0,0.0,4.0
10995,2023.0,3.0,18.0,8.0,18.205341,17.921743,17.234533,17.557001,18.741896,18.911419,18.256369,18.41266,20.019125,21.53203,17.450449,17.645056,19.619497,19.81115,18.488869,18.32237,20.010942,21.71349,4.0,4.0,4.0,4.0,4.0,4.0,0.0,4.0
10996,2023.0,3.0,18.0,8.0,18.617563,18.956097,20.282751,22.878992,18.581991,18.770138,17.661854,17.334616,20.435316,22.051882,20.298294,22.635893,19.68124,19.887493,18.284754,18.128988,20.762194,22.93033,4.0,4.0,0.0,4.0,0.0,4.0,0.0,0.0
10997,2023.0,3.0,18.0,8.0,18.050657,17.883532,20.043495,22.116459,18.449831,18.651993,17.885057,18.053196,20.040241,21.37174,18.37516,18.563482,19.609241,19.824411,19.143011,19.912214,18.705606,18.630106,0.0,4.0,4.0,0.0,4.0,4.0,4.0,0.0
10998,2023.0,3.0,18.0,9.0,18.340227,18.71341,18.007252,18.016356,17.715633,17.388449,17.366375,17.064983,18.38535,18.168924,20.391714,22.405682,19.54776,19.770105,18.258865,17.986229,17.51077,17.157389,0.0,0.0,0.0,0.0,4.0,4.0,0.0,0.0
10999,2023.0,3.0,18.0,9.0,17.792294,17.637749,16.836382,16.473675,17.286253,16.873255,16.967184,16.580885,17.483515,17.079176,20.0346,21.644196,18.795784,18.408026,17.70168,17.335493,17.149103,16.78096,0.0,0.0,0.0,0.0,0.0,0.0,0.0,0.0
11000,2023.0,3.0,18.0,9.0,17.43346,17.22451,16.74374,16.58976,17.101982,16.702871,16.801762,16.427889,17.16866,16.772306,18.274742,18.130566,19.166718,19.396198,17.516811,17.157946,17.113592,16.946394,0.0,0.0,0.0,0.0,0.0,4.0,0.0,0.0
11001,2023.0,3.0,18.0,9.0,17.294811,17.088984,17.179365,17.505995,16.979067,16.592312,16.917463,16.781136,17.190737,17.00808,17.728682,17.505688,19.290543,19.561657,17.402155,17.050795,17.044342,16.908714,4.0,0.0,0.0,0.0,0.0,4.0,0.0,0.0
11002,2023.0,3.0,18.0,9.0,17.407907,17.436525,20.26619,22.901377,17.80272,18.272839,17.610796,18.139147,17.117556,16.970556,17.569733,17.3819,19.297728,19.577736,18.564562,19.362013,16.942171,16.817818,0.0,4.0,4.0,0.0,0.0,4.0,4.0,0.0
11003,2023.0,3.0,18.0,9.0,17.40137,17.468456,18.361603,18.837688,17.552553,17.625769,17.276249,17.356468,16.995481,16.860464,17.380573,17.209211,18.598341,18.268852,17.845943,17.630415,16.832476,16.715252,0.0,0.0,0.0,0.0,0.0,0.0,0.0,0.0
11004,2023.0,3.0,18.0,10.0,17.336739,17.409624,17.365185,17.297522,17.019001,16.705479,16.754042,16.461777,16.899319,16.765476,17.245935,17.074677,18.312397,17.89876,17.475494,17.143255,16.748728,16.63222,0.0,0.0,0.0,0.0,0.0,0.0,0.0,0.0
11005,2023.0,3.0,18.0,10.0,17.273016,17.353004,17.10987,17.029749,16.841358,16.513327,17.282887,17.58659,16.814756,16.687786,17.132929,16.97203,18.981989,19.273548,17.350742,17.027369,16.675898,16.56477,0.0,0.0,4.0,0.0,0.0,4.0,0.0,0.0
11006,2023.0,3.0,18.0,10.0,17.216036,17.304865,16.927326,16.848143,16.932306,16.81293,17.426355,17.8015,16.737982,16.614174,17.031513,16.875597,18.405693,18.085785,17.253048,16.935762,16.610052,16.501394,0.0,0.0,4.0,0.0,0.0,0.0,0.0,0.0
11007,2023.0,3.0,18.0,10.0,17.173012,17.278515,17.2675,17.614597,16.921865,16.844513,17.437279,17.814638,16.668318,16.546198,16.940092,16.78717,18.162848,17.768276,17.345915,17.206825,16.550802,16.44344,4.0,0.0,4.0,0.0,0.0,0.0,0.0,0.0
11008,2023.0,3.0,18.0,10.0,17.87324,18.642508,20.25723,22.847738,16.867292,16.797981,17.441341,17.82148,16.60875,16.490078,16.861511,16.712896,18.07451,17.686193,17.339558,17.219427,16.500664,16.396399,0.0,0.0,4.0,0.0,0.0,0.0,0.0,0.0
11009,2023.0,3.0,18.0,10.0,17.494844,17.734692,18.389652,18.869999,16.805279,16.74155,16.845877,16.71933,16.547972,16.432178,17.161707,17.348808,18.994179,19.52823,17.298977,17.182787,16.448317,16.346048,0.0,0.0,0.0,0.0,4.0,4.0,0.0,0.0
11010,2023.0,3.0,18.0,11.0,17.03799,16.963964,17.435598,17.410954,16.753294,16.693195,16.5388,16.279953,16.503595,16.388668,20.307922,22.802385,19.041548,19.41404,17.261211,17.146458,16.407831,16.30612,0.0,0.0,0.0,0.0,0.0,4.0,0.0,0.0
11011,2023.0,3.0,18.0,11.0,16.844477,16.748995,17.11013,17.054394,16.699606,16.644808,17.076784,17.408485,16.45788,16.346119,18.466848,18.80957,19.03801,19.393942,17.22111,17.108757,16.36628,16.266973,0.0,0.0,4.0,0.0,0.0,4.0,0.0,0.0
11012,2023.0,3.0,18.0,11.0,16.952116,17.04929,17.407707,17.754189,16.65429,16.602459,16.630907,16.502405,16.421272,16.31056,17.609196,17.46682,19.084255,19.445177,17.18717,17.075829,16.332823,16.234293,4.0,0.0,0.0,0.0,0.0,4.0,0.0,0.0
11013,2023.0,3.0,18.0,11.0,17.71049,18.501854,20.262192,22.770172,16.612787,16.566084,17.06555,17.424913,16.388002,16.280058,17.405127,17.244368,19.12247,19.486586,17.156061,17.04726,16.302923,16.206833,0.0,0.0,4.0,0.0,0.0,4.0,0.0,0.0
11014,2023.0,3.0,18.0,11.0,17.166014,17.24183,18.190989,18.407272,16.568861,16.526617,16.67208,16.576443,16.355015,16.249634,17.251074,17.096422,19.160349,19.528147,17.123438,17.016714,16.272184,16.178114,0.0,0.0,0.0,0.0,0.0,4.0,0.0,0.0
11015,2023.0,3.0,18.0,11.0,16.852123,16.788692,17.192543,16.901314,17.271671,17.882402,16.390427,16.167318,16.330755,16.22666,17.15281,16.99947,19.191309,19.56387,17.096117,16.99043,16.24765,16.154533,0.0,4.0,0.0,0.0,0.0,4.0,0.0,0.0
11016,2023.0,3.0,18.0,12.0,17.50091,18.095072,17.10951,17.003633,16.84617,16.946346,16.28286,16.058964,16.30894,16.206688,17.06998,16.922108,18.490515,18.224827,17.071367,16.967167,16.225302,16.133575,0.0,0.0,0.0,0.0,0.0,0.0,0.0,0.0
11017,2023.0,3.0,18.0,12.0,21.193632,24.417461,17.006876,16.951698,21.090265,24.427042,21.120962,24.637465,16.288462,16.18663,16.997808,16.853518,21.946106,24.199997,22.46274,26.07757,16.204063,16.112268,0.0,0.0,0.0,0.0,0.0,0.0,0.0,0.0
11018,2023.0,3.0,18.0,12.0,21.028233,23.659794,16.85533,16.80763,21.02687,23.777609,20.989122,23.831,16.270786,16.168821,16.92288,16.781712,21.272528,22.73929,20.856398,22.917189,16.18466,16.092564,0.0,0.0,4.0,0.0,0.0,0.0,4.0,0.0
11019,2023.0,3.0,18.0,12.0,21.088343,23.495813,16.718727,16.672718,21.078924,23.57121,21.066256,23.653807,16.258444,16.156696,17.250984,17.457039,20.93775,22.02523,21.116507,23.184856,16.172235,16.08044,0.0,0.0,4.0,0.0,4.0,4.0,0.0,0.0
11020,2023.0,3.0,18.0,12.0,21.06453,23.284573,17.06448,17.421879,21.07053,23.345314,21.07038,23.41527,16.250275,16.148773,20.293142,22.679497,21.03814,22.154911,21.065401,22.886583,16.166016,16.074701,4.0,0.0,4.0,0.0,4.0,4.0,0.0,0.0
11021,2023.0,3.0,18.0,12.0,21.15769,23.353418,20.312222,23.040485,21.155441,23.367826,21.156694,23.435352,16.244736,16.14346,20.029106,21.81621,21.133444,22.307434,21.18066,22.970272,16.163364,16.072598,4.0,0.0,0.0,0.0,0.0,0.0,0.0,0.0
11022,2023.0,3.0,18.0,13.0,21.063784,23.076857,20.03443,22.160982,21.067438,23.082033,21.059586,23.091919,16.2421,16.140995,18.321808,18.295792,21.05033,22.084494,21.053843,22.62685,16.162584,16.072351,0.0,0.0,4.0,0.0,0.0,0.0,0.0,0.0
11023,2023.0,3.0,18.0,13.0,21.03718,22.940044,18.125856,18.277067,21.042227,22.932291,21.063211,23.007772,16.241266,16.140354,17.56656,17.413057,21.049616,22.038279,21.054344,22.559792,16.1626,16.07273,0.0,4.0,4.0,0.0,0.0,0.0,0.0,0.0
11024,2023.0,3.0,18.0,13.0,21.040161,22.902222,16.997324,16.753374,21.044708,22.881016,21.084627,23.001028,16.240545,16.13982,17.83196,18.040342,21.047873,21.998604,21.051502,22.500576,16.162985,16.073496,0.0,4.0,0.0,0.0,4.0,0.0,0.0,0.0
11025,2023.0,3.0,18.0,13.0,21.07921,22.938173,16.892086,16.814543,21.082886,22.903233,21.079006,22.930008,16.239618,16.139118,20.2536,22.28467,21.036205,21.969048,21.052015,22.457256,16.163258,16.074127,0.0,0.0,0.0,0.0,0.0,0.0,0.0,0.0
11026,2023.0,3.0,18.0,13.0,21.070961,22.869122,16.81247,16.773764,21.074657,22.82588,21.078001,22.877735,16.238304,16.138037,18.667158,18.934326,21.03709,21.962132,21.051222,22.419662,16.163265,16.07455,0.0,0.0,0.0,0.0,0.0,0.0,0.0,0.0
11027,2023.0,3.0,18.0,13.0,21.06954,22.822903,16.687838,16.648249,21.072897,22.772642,21.061451,22.832264,16.236612,16.136587,17.68839,17.551874,21.035858,21.950596,21.00903,22.279472,16.162968,16.074701,0.0,0.0,0.0,0.0,0.0,0.0,4.0,0.0
11028,2023.0,3.0,18.0,14.0,21.139236,22.9174,16.574492,16.530605,21.122644,22.850216,21.12927,22.946424,16.234684,16.134962,17.462826,17.301826,21.02117,21.884974,21.12343,22.502666,16.162373,16.074593,0.0,0.0,0.0,0.0,0.0,4.0,0.0,0.0
11029,2023.0,3.0,18.0,14.0,19.649935,20.030346,16.952047,17.320105,19.586634,19.868206,19.513292,19.806786,16.2337,16.135275,17.729454,17.907661,19.846035,19.639305,19.567345,19.441013,16.162395,16.075857,4.0,0.0,0.0,0.0,4.0,0.0,0.0,0.0
11030,2023.0,3.0,18.0,14.0,18.979406,19.110708,20.312643,23.149223,18.83911,18.80683,18.738564,18.721172,17.01254,17.605354,20.237823,22.356743,19.367876,18.96997,18.940456,18.59601,16.162556,16.0773,4.0,0.0,0.0,4.0,0.0,0.0,0.0,0.0
11031,2023.0,3.0,18.0,14.0,18.643745,18.772518,20.031761,22.231153,18.469387,18.419327,18.356491,18.324863,20.338665,23.197039,18.64355,18.922356,19.149092,18.75548,18.632725,18.293707,17.119263,17.885092,0.0,0.0,0.0,0.0,0.0,0.0,0.0,4.0
11032,2023.0,3.0,18.0,14.0,19.116425,19.87614,18.127611,18.3356,18.204044,18.15223,18.080166,18.047106,18.522865,19.134611,17.698662,17.601393,19.178526,18.982607,18.568169,18.398165,20.349672,23.25276,0.0,0.0,0.0,4.0,0.0,0.0,0.0,0.0
11033,2023.0,3.0,18.0,14.0,18.606665,18.854986,17.032389,16.866018,17.993132,17.942963,17.861656,17.82937,20.301691,22.632288,17.48233,17.348223,19.916147,20.446278,18.47125,18.328703,18.583525,19.299034,0.0,0.0,0.0,0.0,0.0,4.0,0.0,4.0
11034,2023.0,3.0,18.0,15.0,17.996202,17.955442,17.338379,17.680359,18.505072,19.057556,17.681437,17.651102,18.255735,18.343498,17.372387,17.236227,19.285955,19.076557,19.38417,20.173243,20.298264,22.680742,4.0,4.0,0.0,0.0,0.0,0.0,4.0,0.0
11035,2023.0,3.0,18.0,15.0,17.728575,17.657986,20.27966,22.786905,18.112574,18.236359,18.225271,18.805372,17.214285,16.972162,17.280773,17.141748,18.853277,18.509615,18.634539,18.49182,18.169668,18.246563,4.0,0.0,4.0,0.0,0.0,0.0,0.0,0.0
11036,2023.0,3.0,18.0,15.0,18.323685,18.911516,20.016542,21.98316,18.194637,18.580406,17.803875,17.901829,17.083218,16.947744,17.205357,17.0653,18.703327,18.347544,18.105648,17.819225,17.141027,16.913687,4.0,4.0,0.0,0.0,0.0,0.0,0.0,0.0
11037,2023.0,3.0,18.0,15.0,17.824007,17.855648,20.07919,21.937334,17.600992,17.445406,17.260277,17.077831,17.008322,16.886488,17.143955,17.004688,18.79079,18.621124,17.929316,17.637001,16.881638,16.635971,0.0,0.0,0.0,0.0,0.0,0.0,0.0,0.0
11038,2023.0,3.0,18.0,15.0,17.478218,17.428524,18.674658,19.087954,17.259512,17.036022,17.034239,16.826368,16.920464,16.804161,17.094593,16.959692,18.795715,18.649632,17.815338,17.529026,16.84922,16.723162,4.0,0.0,0.0,0.0,0.0,0.0,0.0,0.0
11039,2023.0,3.0,18.0,15.0,17.359253,17.306099,20.211445,22.063274,17.129944,16.900179,17.790863,18.360264,16.85552,16.73914,17.056087,16.92164,18.756346,18.61493,17.868958,17.723534,16.804987,16.696743,0.0,0.0,4.0,0.0,0.0,0.0,0.0,0.0
11040,2023.0,3.0,18.0,16.0,18.181711,18.961634,18.515108,18.658804,17.171968,17.101763,17.337782,17.308834,16.788046,16.675297,17.393803,17.592806,19.48758,20.046625,17.858892,17.736746,16.729477,16.625837,0.0,0.0,0.0,0.0,4.0,4.0,0.0,0.0
11041,2023.0,3.0,18.0,16.0,17.612572,17.731415,18.3174,18.658743,17.157494,17.123419,16.991402,16.80372,16.737448,16.62588,20.251091,22.615799,18.823826,18.63962,17.810753,17.693249,16.671083,16.56864,4.0,0.0,0.0,0.0,0.0,0.0,0.0,0.0
11042,2023.0,3.0,18.0,16.0,17.202652,17.17911,20.236624,22.120646,17.802555,18.392487,17.514809,17.909683,16.68296,16.574434,18.541206,18.875494,18.441502,18.12486,17.75451,17.640314,16.608494,16.509657,4.0,4.0,4.0,0.0,0.0,0.0,0.0,0.0
11043,2023.0,3.0,18.0,16.0,17.838762,18.468111,20.043606,21.631388,17.45469,17.565727,17.728184,18.183416,16.631851,16.525404,17.515905,17.416859,19.121067,19.494589,17.699839,17.587692,16.550098,16.453245,0.0,0.0,4.0,0.0,0.0,4.0,0.0,0.0
11044,2023.0,3.0,18.0,16.0,17.425356,17.518394,18.822641,19.191536,16.984634,16.834507,17.740967,18.196712,16.587269,16.48475,17.31834,17.197641,19.381607,19.795109,17.648985,17.540365,16.49891,16.405653,4.0,0.0,4.0,0.0,0.0,4.0,0.0,0.0
11045,2023.0,3.0,18.0,16.0,17.893116,18.507563,20.210678,21.877531,17.5008,17.892849,17.15246,17.100883,17.318516,17.897734,17.240479,17.116991,19.43141,19.846169,17.604368,17.498476,17.407917,18.15975,4.0,4.0,0.0,4.0,0.0,4.0,0.0,4.0
11046,2023.0,3.0,18.0,17.0,18.081268,18.711012,20.028627,21.448969,17.141922,17.091072,17.472929,17.895454,20.313332,22.958942,17.161348,17.04157,19.46798,19.880915,17.55714,17.454967,20.321447,23.026098,4.0,0.0,4.0,0.0,0.0,4.0,0.0,0.0
11047,2023.0,3.0,18.0,17.0,17.471464,17.553474,20.051668,21.44734,17.476484,17.885614,17.057203,17.005293,18.627335,19.219946,17.48871,17.72497,18.787485,18.577986,17.508404,17.408236,18.015856,18.143034,4.0,4.0,0.0,4.0,4.0,0.0,0.0,0.0
11048,2023.0,3.0,18.0,17.0,17.129686,17.107956,20.04822,21.403975,17.67095,18.121784,16.708265,16.538603,20.392776,22.714449,20.360489,22.55676,18.433365,18.11595,17.460323,17.361908,16.910023,16.690285,4.0,4.0,0.0,0.0,0.0,0.0,0.0,0.0
11049,2023.0,3.0,18.0,17.0,17.741598,18.3452,20.047562,21.371523,17.691505,18.136179,17.259659,17.664087,18.834845,19.364475,18.608398,18.912851,18.305698,17.979914,17.413774,17.317158,16.77772,16.66546,4.0,4.0,4.0,4.0,0.0,0.0,0.0,0.0
11050,2023.0,3.0,18.0,17.0,17.960047,18.576258,20.047255,21.345211,17.110176,17.041939,16.891085,16.82868,20.279045,22.265179,17.597904,17.507448,18.985886,19.34628,17.368778,17.273972,16.70934,16.616398,4.0,0.0,0.0,0.0,0.0,4.0,0.0,0.0
11051,2023.0,3.0,18.0,17.0,17.981295,18.583338,20.047081,21.324226,17.425665,17.816628,16.556835,16.377085,18.388998,18.39651,17.756294,17.984041,18.525553,18.298826,17.323988,17.23095,16.617352,16.528788,4.0,4.0,0.0,0.0,4.0,0.0,0.0,0.0
11052,2023.0,3.0,18.0,18.0,18.010483,18.614716,20.047018,21.30631,17.609936,18.04171,17.12154,17.51886,17.410255,17.137808,20.328815,22.348969,18.204502,17.887323,17.279997,17.188648,16.531908,16.445715,4.0,4.0,4.0,0.0,0.0,0.0,0.0,0.0
11053,2023.0,3.0,18.0,18.0,21.350065,24.415995,20.064205,21.337496,21.365814,24.555403,21.361961,24.750847,17.270054,17.135944,18.649368,18.89868,21.30518,23.369081,23.035753,27.039995,16.452608,16.366201,0.0,4.0,4.0,0.0,0.0,0.0,0.0,0.0
11054,2023.0,3.0,18.0,18.0,21.013247,23.40021,18.664883,18.639534,21.012674,23.45864,21.033045,23.67501,17.167002,17.051455,17.695183,17.609848,21.017105,22.650015,21.78517,24.362665,16.386345,16.301744,0.0,4.0,0.0,0.0,0.0,0.0,4.0,0.0
11055,2023.0,3.0,18.0,18.0,21.059053,23.25556,18.1939,18.255613,21.066254,23.295784,21.06409,23.419256,17.033932,16.918507,17.435778,17.30404,21.01854,22.454144,21.017776,22.780615,16.329067,16.24564,4.0,4.0,4.0,0.0,0.0,4.0,4.0,0.0
11056,2023.0,3.0,18.0,18.0,21.055836,23.08684,20.224474,21.980043,21.086025,23.167965,21.066872,23.222813,16.925917,16.81888,17.291042,17.164993,21.06521,22.419155,21.049702,22.71981,16.282366,16.203352,4.0,0.0,4.0,0.0,0.0,0.0,4.0,0.0
11057,2023.0,3.0,18.0,18.0,21.05073,22.960764,20.01042,21.41235,21.049555,22.93842,21.05954,23.06676,16.823095,16.715769,17.158962,17.0292,21.022821,22.206505,21.03245,22.58449,16.236912,16.15854,4.0,4.0,4.0,0.0,0.0,4.0,4.0,0.0
11058,2023.0,3.0,18.0,19.0,21.051908,22.876715,20.055904,21.41669,21.058983,22.858126,21.061707,22.966875,16.737928,16.6346,17.491053,17.754969,21.031506,22.149971,21.075846,22.620245,16.19174,16.107742,4.0,4.0,4.0,0.0,4.0,4.0,0.0,0.0
11059,2023.0,3.0,18.0,19.0,21.164871,23.053328,20.176825,21.601547,21.166418,22.997719,21.163742,23.108952,16.663584,16.565163,20.353949,22.560087,21.133741,22.317171,21.186007,22.7711,17.099653,17.855495,4.0,4.0,0.0,0.0,0.0,0.0,0.0,4.0
11060,2023.0,3.0,18.0,19.0,21.045282,22.734135,20.066149,21.348429,21.056284,22.716024,21.079054,22.867342,16.594425,16.497663,18.526155,18.76984,21.054268,22.104973,21.065918,22.470407,20.340206,23.237637,0.0,4.0,0.0,0.0,0.0,0.0,0.0,0.0
11061,2023.0,3.0,18.0,19.0,21.050577,22.703003,18.60547,18.517168,21.080387,22.736752,21.078693,22.80844,16.52777,16.42506,17.518526,17.41708,21.054302,22.064247,21.026411,22.31986,18.442387,19.03557,0.0,0.0,0.0,0.0,0.0,0.0,4.0,4.0
11062,2023.0,3.0,18.0,19.0,21.04933,22.667723,17.95024,17.840847,21.07449,22.67983,21.06144,22.758938,16.466541,16.360853,17.283613,17.157454,21.02414,21.953577,21.072828,22.412868,20.313587,22.70946,0.0,0.0,0.0,0.0,0.0,4.0,0.0,4.0
11063,2023.0,3.0,18.0,19.0,21.07599,22.711035,18.207594,18.508879,21.049082,22.570623,21.037907,22.674572,17.165287,17.723425,17.132368,16.999239,21.0288,21.945862,21.063578,22.364374,20.044044,21.952087,4.0,4.0,4.0,4.0,0.0,4.0,0.0,0.0
11064,2023.0,3.0,18.0,20.0,21.043222,22.59469,20.216536,22.1209,21.054176,22.553501,21.084076,22.740067,20.315632,23.025171,17.00879,16.869507,21.0585,22.00955,21.064526,22.338484,18.036747,17.906994,0.0,4.0,0.0,0.0,0.0,0.0,0.0,0.0
11065,2023.0,3.0,18.0,20.0,21.04817,22.581263,18.722149,19.013594,21.053144,22.529686,21.051208,22.616413,17.903967,17.883865,16.903053,16.764664,21.023104,21.899515,21.011114,22.208073,18.012918,18.515137,0.0,4.0,4.0,0.0,0.0,4.0,4.0,4.0
11066,2023.0,3.0,18.0,20.0,21.047213,22.560349,17.790504,17.748148,21.052755,22.509607,21.081259,22.668522,17.446121,17.727453,16.811008,16.672295,21.02832,21.899849,21.073368,22.339827,20.266205,22.367664,0.0,4.0,0.0,4.0,0.0,4.0,0.0,4.0
11067,2023.0,3.0,18.0,20.0,21.073427,22.61442,17.951752,18.243992,21.077137,22.559628,21.074707,22.62704,20.405418,22.695778,16.726631,16.587088,21.057745,21.968502,21.023153,22.190325,20.049635,21.772346,4.0,0.0,0.0,4.0,0.0,0.0,4.0,0.0
11068,2023.0,3.0,18.0,20.0,21.066998,22.576752,20.269121,22.323631,21.04655,22.45636,21.074715,22.601156,20.038832,21.840124,17.026604,17.215153,21.022474,21.863031,21.03142,22.195848,18.879574,19.341637,0.0,4.0,0.0,0.0,4.0,4.0,4.0,4.0
11069,2023.0,3.0,18.0,20.0,21.19084,22.781698,18.639977,18.872955,21.170563,22.7075,21.214231,22.872316,18.105938,17.93342,20.433723,22.894506,21.176725,22.164934,21.201702,22.555367,21.346607,23.866312,4.0,0.0,4.0,0.0,0.0,4.0,0.0,0.0
11070,2023.0,3.0,18.0,21.0,21.197712,22.778055,20.236956,22.1558,21.070204,22.484343,21.038591,22.524134,17.140219,16.756323,18.388386,18.665312,21.137934,22.095722,21.06183,22.253868,18.367239,18.191584,0.0,0.0,4.0,0.0,0.0,0.0,0.0,0.0
11071,2023.0,3.0,18.0,21.0,21.04467,22.459547,18.7196,18.951544,21.045776,22.398256,21.080513,22.597727,17.09196,16.933275,17.280779,17.163303,21.021795,21.829643,21.022959,22.132322,18.323812,18.782751,4.0,4.0,0.0,0.0,0.0,4.0,4.0,4.0
11072,2023.0,3.0,18.0,21.0,21.071367,22.526587,20.221855,22.037663,21.050463,22.397575,21.072727,22.554588,17.02843,16.899717,17.038357,16.887228,21.0272,21.836975,21.070002,22.247774,20.264536,22.149744,4.0,4.0,0.0,0.0,0.0,4.0,0.0,0.0
11073,2023.0,3.0,18.0,21.0,21.039091,22.42882,20.027271,21.477453,21.074812,22.457243,21.07295,22.530764,17.637388,18.15513,16.897848,16.744053,21.026615,21.832384,21.061304,22.216404,18.261269,18.084108,4.0,0.0,0.0,4.0,0.0,4.0,0.0,0.0
11074,2023.0,3.0,18.0,21.0,21.044754,22.432182,20.056656,21.429081,21.044365,22.362558,21.055246,22.510004,20.31178,22.634636,16.78942,16.635315,21.056837,21.906319,21.061853,22.202631,17.300589,16.931238,4.0,4.0,0.0,4.0,0.0,0.0,0.0,0.0
11075,2023.0,3.0,18.0,21.0,21.071085,22.495632,20.068995,21.397078,21.075468,22.434917,21.05719,22.520256,20.032516,21.820662,17.096018,17.292572,21.050724,21.879267,21.060888,22.187042,17.244938,17.106766,0.0,0.0,0.0,0.0,4.0,0.0,0.0,0.0
11076,2023.0,3.0,18.0,22.0,21.03803,22.395412,18.826181,18.938595,21.06874,22.408237,21.057177,22.522427,18.681206,18.982533,20.387978,22.767889,21.051601,21.866543,21.04723,22.175343,18.140343,18.90161,4.0,0.0,0.0,4.0,0.0,0.0,0.0,4.0
11077,2023.0,3.0,18.0,22.0,21.044086,22.398539,20.222828,21.810474,21.044245,22.32573,21.056776,22.51886,20.31456,22.122274,18.381664,18.621117,21.051563,21.853748,21.009335,22.079672,20.24076,22.34015,4.0,4.0,0.0,4.0,0.0,0.0,4.0,4.0
11078,2023.0,3.0,18.0,22.0,21.069962,22.461422,20.017172,21.289642,21.04834,22.327152,21.055456,22.51106,20.031702,21.49564,17.270945,17.126858,21.004517,21.760733,21.072662,22.217922,20.004307,21.645044,4.0,4.0,0.0,0.0,0.0,4.0,0.0,4.0
11079,2023.0,3.0,18.0,22.0,21.063932,22.433361,20.0752,21.350542,21.073912,22.391314,21.056576,22.506552,18.813427,19.021978,17.038332,16.871553,21.059166,21.877157,21.059809,22.172794,20.08181,21.668308,0.0,0.0,0.0,4.0,0.0,0.0,0.0,0.0
11080,2023.0,3.0,18.0,22.0,21.064886,22.419724,18.534094,18.346945,21.068596,22.367712,21.056257,22.499325,20.326555,21.952913,16.898127,16.729609,21.051199,21.845343,21.021791,22.052355,18.239265,17.999973,0.0,0.0,0.0,0.0,0.0,0.0,4.0,0.0
11081,2023.0,3.0,18.0,22.0,21.04804,22.404411,17.892591,17.724167,21.06909,22.35494,21.056404,22.493374,18.917677,19.123705,17.071716,17.150616,21.051962,21.833103,21.06917,22.169344,17.332937,16.922625,0.0,0.0,0.0,4.0,4.0,0.0,0.0,0.0
11082,2023.0,3.0,18.0,23.0,21.049955,22.418158,18.15876,18.394688,21.050842,22.341986,21.05649,22.487717,20.396893,22.050922,20.41556,22.774519,21.036373,21.821589,21.060663,22.139498,17.039755,16.6269,4.0,0.0,0.0,0.0,0.0,0.0,0.0,0.0
11083,2023.0,3.0,18.0,23.0,20.368807,21.087095,17.844793,17.825966,19.769255,19.897562,19.66879,19.818254,18.957905,19.16706,18.429758,18.684967,20.06758,19.97168,19.530825,19.189518,17.068146,16.891556,0.0,0.0,0.0,4.0,0.0,0.0,0.0,0.0
11084,2023.0,3.0,18.0,23.0,19.184135,18.99213,17.564404,17.430305,19.112715,18.9628,18.979288,18.844053,17.982185,17.597975,17.880785,17.981676,19.680864,19.471706,19.195955,18.971241,17.032734,16.89608,0.0,0.0,0.0,0.0,4.0,0.0,0.0,0.0
11085,2023.0,3.0,18.0,23.0,18.65111,18.294756,17.410385,17.262018,18.81867,18.644411,19.36736,19.81528,18.146057,18.200415,17.492271,17.3292,19.504183,19.298779,19.025646,18.837603,16.934464,16.793585,0.0,0.0,4.0,4.0,0.0,0.0,0.0,0.0
11086,2023.0,3.0,18.0,23.0,19.110611,19.385347,17.294897,17.147993,18.607107,18.43549,18.794096,18.782686,18.140142,18.23735,17.254929,17.073435,19.354229,19.148537,18.842579,18.6637,16.845098,16.705,0.0,0.0,0.0,4.0,0.0,0.0,0.0,0.0
11087,2023.0,3.0,18.0,23.0,18.473581,18.222687,17.194378,17.051638,18.43128,18.265827,18.114227,17.66886,17.515888,17.154022,17.117758,16.94301,19.226074,19.02336,19.713963,20.46063,16.763794,16.625801,0.0,0.0,0.0,0.0,0.0,0.0,4.0,0.0
11088,2023.0,3.0,19.0,0.0,18.146772,17.821037,17.103601,16.965014,18.277983,18.118229,17.798025,17.301739,17.746395,17.814629,16.996872,16.823,19.1125,18.91231,18.683681,18.348969,16.689054,16.552828,0.0,0.0,0.0,4.0,0.0,0.0,0.0,0.0
11089,2023.0,3.0,19.0,0.0,17.966002,17.637722,17.014563,16.874136,18.134811,17.97312,17.896229,17.698103,17.80203,17.91361,16.885809,16.708008,19.005125,18.80148,18.235895,17.785254,17.348825,17.857307,0.0,0.0,0.0,4.0,0.0,0.0,0.0,4.0
11090,2023.0,3.0,19.0,0.0,18.11086,18.081947,16.932472,16.791323,18.007166,17.846119,17.84516,17.697733,17.196678,16.827444,16.786734,16.607092,18.908617,18.70325,18.048235,17.600529,16.806585,16.692917,0.0,0.0,0.0,0.0,0.0,0.0,0.0,0.0
11091,2023.0,3.0,19.0,0.0,18.0849,18.097872,16.854939,16.71226,17.88945,17.728024,17.734787,17.589607,17.492233,17.587307,16.994305,17.072216,18.819252,18.611374,17.89008,17.445272,16.408297,16.061783,0.0,0.0,0.0,4.0,4.0,0.0,0.0,0.0
11092,2023.0,3.0,19.0,0.0,18.002052,18.01782,16.783527,16.640732,17.783045,17.623344,17.630486,17.487213,17.542702,17.649214,16.736868,16.567066,18.737955,18.528923,18.002768,17.810244,17.002657,17.304756,0.0,0.0,0.0,4.0,0.0,0.0,0.0,4.0
11093,2023.0,3.0,19.0,0.0,17.919893,17.936504,16.716146,16.572762,17.68421,17.525728,17.531952,17.389874,16.963861,16.59477,16.880209,16.94525,18.662106,18.451609,17.96549,17.787285,16.407171,16.05719,0.0,0.0,0.0,0.0,4.0,0.0,0.0,0.0
11094,2023.0,3.0,19.0,1.0,17.837893,17.852097,16.649887,16.503313,17.58906,17.428236,17.436552,17.291939,16.663456,16.216404,16.61998,16.431938,18.588854,18.374557,17.884617,17.703672,16.172487,15.794863,0.0,0.0,0.0,0.0,0.0,0.0,0.0,0.0
11095,2023.0,3.0,19.0,1.0,17.758179,17.768547,16.584547,16.43249,17.497883,17.33236,17.344563,17.1951,16.506306,16.053064,16.484758,16.288578,18.519108,18.300255,17.804167,17.619307,16.067202,15.688105,0.0,0.0,0.0,0.0,0.0,0.0,0.0,0.0
11096,2023.0,3.0,19.0,1.0,17.691353,17.707432,16.532074,16.384985,17.424286,17.26629,17.269873,17.128046,16.631248,16.428358,16.699863,16.755592,18.459558,18.242725,17.732996,17.550844,16.966408,17.491043,0.0,0.0,0.0,0.0,4.0,0.0,0.0,4.0
11097,2023.0,3.0,19.0,1.0,18.373817,19.050663,16.47566,16.327173,17.347828,17.189545,17.90378,18.384872,16.624071,16.447588,16.47252,16.299614,18.399126,18.179964,17.660965,17.477036,16.263813,15.940554,0.0,0.0,4.0,0.0,0.0,0.0,0.0,0.0
11098,2023.0,3.0,19.0,1.0,17.87449,17.991598,16.420704,16.269917,17.274511,17.114855,17.449152,17.429495,16.560253,16.382278,16.32965,16.131454,18.341051,18.118904,17.591482,17.405031,16.739964,17.021187,0.0,0.0,0.0,0.0,0.0,0.0,0.0,4.0
11099,2023.0,3.0,19.0,1.0,17.316467,17.016085,16.367636,16.214655,17.20496,17.044003,16.875786,16.42295,16.49674,16.316269,16.258816,16.057985,18.285927,18.060976,17.5253,17.336523,16.898247,17.180624,0.0,0.0,0.0,0.0,0.0,0.0,0.0,4.0
11100,2023.0,3.0,19.0,2.0,17.123917,16.790688,16.317371,16.163565,17.140175,16.979464,16.668293,16.173313,16.43644,16.25487,16.48292,16.530989,18.234222,18.007675,17.463224,17.27347,16.198301,15.830973,0.0,0.0,0.0,0.0,4.0,0.0,0.0,0.0
11101,2023.0,3.0,19.0,2.0,17.299728,17.255903,16.269226,16.115078,17.07874,16.918634,17.562263,17.988379,16.379072,16.196943,16.268026,16.088837,18.185266,17.957977,17.404366,17.214268,16.689665,16.935852,0.0,0.0,4.0,0.0,0.0,0.0,0.0,4.0
11102,2023.0,3.0,19.0,2.0,17.323019,17.330097,16.22238,16.067337,17.019365,16.859179,16.92801,16.628838,16.323784,16.140514,16.420359,16.462646,18.137943,17.909472,17.34759,17.156578,16.85994,17.131748,0.0,0.0,0.0,0.0,4.0,0.0,0.0,4.0
11103,2023.0,3.0,19.0,2.0,17.276922,17.28576,16.17677,16.020731,16.962181,16.80175,16.548357,16.060122,16.271032,16.086586,16.202705,16.016142,18.092422,17.862751,17.293077,17.101131,16.15677,15.780486,0.0,0.0,0.0,0.0,0.0,0.0,0.0,0.0
11104,2023.0,3.0,19.0,2.0,17.224098,17.229189,16.128202,15.966843,16.902601,16.737337,16.39991,15.887352,16.217905,16.029394,16.069004,15.8566475,18.046196,17.812912,17.238194,17.04281,15.903367,15.485385,0.0,0.0,0.0,0.0,0.0,0.0,0.0,0.0
11105,2023.0,3.0,19.0,2.0,17.176683,17.183681,16.08785,15.928642,16.852509,16.690199,16.619938,16.430113,16.171974,15.984431,16.011751,15.801465,18.005598,17.772902,17.189413,16.9949,15.797468,15.386273,0.0,0.0,0.0,0.0,0.0,0.0,0.0,0.0
11106,2023.0,3.0,19.0,3.0,17.12662,17.13199,16.044188,15.883103,16.799791,16.636147,16.63662,16.482859,16.125566,15.936405,15.954741,15.742439,17.96427,17.730007,17.14022,16.944387,15.952432,15.790403,0.0,0.0,0.0,0.0,0.0,0.0,0.0,0.0
11107,2023.0,3.0,19.0,3.0,17.078287,17.082834,16.001904,15.839687,16.749252,16.585054,16.594578,16.44204,16.08147,15.891232,16.221235,16.287188,17.92447,17.689022,17.092957,16.89626,15.932836,15.761599,0.0,0.0,0.0,0.0,4.0,0.0,0.0,0.0
11108,2023.0,3.0,19.0,3.0,17.032816,17.038366,15.962349,15.800952,16.702097,16.53947,16.550726,16.400162,16.61824,16.93551,16.294718,16.364952,17.886997,17.651752,17.048422,16.85234,16.623398,17.097544,0.0,0.0,0.0,4.0,4.0,0.0,0.0,4.0
11109,2023.0,3.0,19.0,3.0,16.996977,17.012054,15.922124,15.759685,16.654299,16.49141,16.504284,16.353788,16.228802,16.080423,16.028566,15.857882,17.84934,17.613276,17.003937,16.80739,15.884925,15.524393,0.0,0.0,0.0,0.0,0.0,0.0,0.0,0.0
11110,2023.0,3.0,19.0,3.0,16.959112,16.97696,15.877815,15.709356,16.602474,16.434225,16.453217,16.297491,16.06026,15.864281,15.879338,15.658908,17.809546,17.569794,16.957453,16.757442,15.613102,15.186643,0.0,0.0,0.0,0.0,0.0,0.0,0.0,0.0
11111,2023.0,3.0,19.0,3.0,16.917274,16.934547,15.839858,15.671578,16.557543,16.390018,16.40815,16.253239,16.006079,15.810365,15.818999,15.599203,17.773531,17.533297,16.915041,16.7148,15.77549,15.607816,0.0,0.0,0.0,0.0,0.0,0.0,0.0,0.0
11112,2023.0,3.0,19.0,4.0,16.876429,16.894066,15.802341,15.634551,16.513859,16.34744,16.363792,16.210226,16.535042,16.846912,15.767306,15.548486,17.738739,17.498613,16.874216,16.67445,16.489378,16.958605,0.0,0.0,0.0,4.0,0.0,0.0,0.0,4.0
11113,2023.0,3.0,19.0,4.0,17.605537,18.299604,15.762516,15.592717,16.468334,16.300438,16.317493,16.162615,15.8694725,15.445175,15.717317,15.496816,17.702631,17.460882,16.832344,16.631365,15.747589,15.376504,0.0,0.0,0.0,0.0,0.0,0.0,0.0,0.0
11114,2023.0,3.0,19.0,4.0,17.116592,17.2288,15.721739,15.54895,16.422272,16.25187,16.270754,16.113417,15.598808,15.11162,15.668562,15.445509,17.665901,17.42187,16.789934,16.587044,15.47986,15.045057,0.0,0.0,0.0,0.0,0.0,0.0,0.0,0.0
11115,2023.0,3.0,19.0,4.0,16.551378,16.223059,15.680457,15.504167,16.376099,16.202616,16.223694,16.0634,15.770223,15.551948,15.620748,15.394656,17.628828,17.382137,16.747164,16.54195,15.380515,14.942869,0.0,0.0,0.0,0.0,0.0,0.0,0.0,0.0
11116,2023.0,3.0,19.0,4.0,16.36916,16.003841,15.640641,15.462259,16.331825,16.156715,16.178276,16.016596,16.353878,16.649435,15.863814,15.885821,18.355862,18.787092,16.705463,16.499048,15.539421,15.34387,0.0,0.0,0.0,4.0,4.0,4.0,0.0,0.0
11117,2023.0,3.0,19.0,4.0,16.583542,16.532372,15.600362,15.419055,16.287258,16.109678,16.13232,15.968462,16.588148,16.957275,15.652233,15.433923,17.829239,17.647915,16.663034,16.454817,15.552427,15.367196,0.0,0.0,0.0,4.0,0.0,0.0,0.0,0.0
11118,2023.0,3.0,19.0,5.0,16.622055,16.617823,15.560842,15.376603,16.24349,16.06354,16.087185,15.921198,15.776105,15.332697,15.822407,15.834884,17.35269,16.80818,16.620667,16.410809,16.23335,16.675385,0.0,0.0,0.0,0.0,4.0,0.0,0.0,4.0
11119,2023.0,3.0,19.0,5.0,16.591059,16.587929,15.523268,15.337802,16.92831,17.38264,16.044239,15.877578,15.477813,14.966661,15.616417,15.40003,17.170687,16.581892,17.603273,18.295008,15.764932,15.637297,0.0,4.0,0.0,0.0,0.0,0.0,4.0,0.0
11120,2023.0,3.0,19.0,5.0,16.555037,16.551476,15.486723,15.300411,16.52461,16.493258,16.00273,15.835489,15.368449,14.859578,15.774514,15.781374,17.379547,17.095936,16.660686,16.267717,15.350013,14.933354,0.0,0.0,0.0,0.0,4.0,0.0,0.0,0.0
11121,2023.0,3.0,19.0,5.0,16.515474,16.510319,15.449275,15.261035,15.916864,15.39143,15.960489,15.791452,15.556004,15.329011,15.554613,15.321448,17.416206,17.159628,16.313766,15.81386,15.184799,14.732904,0.0,0.0,0.0,0.0,0.0,0.0,0.0,0.0
11122,2023.0,3.0,19.0,5.0,16.47485,16.467646,15.411712,15.221137,15.715148,15.136157,15.918122,15.747045,15.576475,15.364586,15.442573,15.203116,17.383207,17.126392,16.200354,15.699918,15.364862,15.184556,0.0,0.0,0.0,0.0,0.0,0.0,0.0,0.0
11123,2023.0,3.0,19.0,5.0,16.436485,16.429369,15.376675,15.186169,15.964779,15.735951,15.878308,15.707683,15.543052,15.331338,15.696593,15.72501,17.350033,17.093231,16.396992,16.187366,15.356589,15.165624,0.0,0.0,0.0,0.0,4.0,0.0,0.0,0.0
11124,2023.0,3.0,19.0,6.0,16.395746,16.386023,15.33842,15.144571,15.996837,15.807395,15.835524,15.662043,15.505465,15.291859,15.784027,15.834386,17.31368,17.055151,16.394707,16.179998,15.322559,15.129876,0.0,0.0,0.0,0.0,4.0,0.0,0.0,0.0
11125,2023.0,3.0,19.0,6.0,21.105303,24.676573,15.30556,15.113178,20.986553,24.556108,20.916178,24.558586,15.468851,15.255501,19.755405,22.333881,21.136362,23.550365,21.573872,24.906532,15.288815,15.095827,0.0,0.0,0.0,0.0,0.0,0.0,0.0,0.0
11126,2023.0,3.0,19.0,6.0,21.015163,23.947239,15.269528,15.072132,21.013374,24.007202,21.01471,24.134083,16.013618,16.313812,17.503038,17.616312,21.808681,24.484295,22.400885,25.930208,16.005074,16.478188,0.0,0.0,0.0,4.0,4.0,0.0,0.0,4.0
11127,2023.0,3.0,19.0,6.0,21.086731,23.738016,15.709989,15.920288,21.091942,23.775389,21.096273,23.895329,21.354738,25.275904,20.387474,22.985016,20.959667,22.654003,21.793718,24.472834,20.936548,24.791214,4.0,0.0,0.0,4.0,0.0,0.0,0.0,0.0
11128,2023.0,3.0,19.0,6.0,22.128433,25.200459,20.280018,23.724459,22.097645,25.148808,22.024761,25.134659,19.873835,22.075962,18.077608,18.308796,21.483322,23.38254,21.84918,24.152945,18.068659,18.460379,4.0,0.0,0.0,0.0,0.0,4.0,4.0,4.0
11129,2023.0,3.0,19.0,6.0,21.697668,24.180288,20.016085,22.712303,21.018497,23.049599,21.134247,23.386766,17.936554,18.067013,16.698853,16.448229,21.661959,23.43667,21.15421,22.807327,20.360508,23.171654,0.0,0.0,0.0,4.0,0.0,0.0,0.0,4.0
11130,2023.0,3.0,19.0,7.0,20.9375,22.696518,17.348713,17.215618,21.102392,23.131306,21.103323,23.22783,20.410393,22.750607,16.37802,16.10755,21.075783,22.374344,21.109928,22.678532,20.022682,22.184324,0.0,0.0,0.0,4.0,0.0,0.0,0.0,4.0
11131,2023.0,3.0,19.0,7.0,21.085978,22.915007,15.832201,15.162648,21.071445,23.000523,21.075008,23.097075,20.017065,21.828524,16.599463,16.695066,21.073942,22.306992,21.040642,22.47886,20.10138,22.140137,0.0,0.0,0.0,4.0,4.0,0.0,4.0,0.0
11132,2023.0,3.0,19.0,7.0,21.066307,22.829062,15.844829,15.515989,21.05064,22.882803,21.077871,23.041594,21.000906,23.198025,20.375158,23.018745,21.02351,22.17916,21.090815,22.581173,17.685572,17.318775,0.0,4.0,0.0,4.0,0.0,4.0,0.0,0.0
11133,2023.0,3.0,19.0,7.0,21.06702,22.789598,16.320496,16.476519,21.053968,22.848207,21.076124,22.987156,19.897388,21.134323,18.057322,18.285074,21.05072,22.188057,21.042414,22.427263,17.474167,17.734228,4.0,4.0,0.0,0.0,0.0,4.0,4.0,4.0
11134,2023.0,3.0,19.0,7.0,21.162228,22.945475,20.259293,23.402647,21.161873,22.983063,21.173605,23.121574,18.571642,18.591564,17.05611,17.117004,21.1319,22.334736,21.220778,22.764366,20.415482,22.731892,4.0,4.0,4.0,4.0,4.0,0.0,4.0,4.0
11135,2023.0,3.0,19.0,7.0,21.970531,24.305128,20.042183,22.473448,22.033669,24.29633,21.909193,24.298979,21.471712,23.92437,20.443342,22.931133,22.231272,24.176506,22.296644,24.53353,21.47452,24.307196,4.0,4.0,4.0,0.0,0.0,0.0,0.0,0.0
11136,2023.0,3.0,19.0,8.0,21.659538,23.532684,20.108381,22.30059,22.04084,24.170456,21.835068,23.957579,18.724092,18.401525,18.166735,18.329546,21.775723,23.154392,22.03761,23.797617,19.10642,19.352932,0.0,4.0,4.0,0.0,0.0,0.0,4.0,4.0
11137,2023.0,3.0,19.0,8.0,20.070889,20.309196,18.039762,18.092003,19.615217,19.668669,19.391823,19.111313,17.91225,17.860254,16.912241,16.673286,20.87583,21.33779,20.218607,20.415663,20.357779,22.19928,4.0,4.0,0.0,4.0,0.0,4.0,4.0,0.0
11138,2023.0,3.0,19.0,8.0,19.08324,19.172503,20.231724,22.554174,18.698956,18.57885,17.852608,17.155716,20.378832,22.186174,16.987768,17.06612,19.245203,18.613106,18.82037,18.29193,18.046583,17.691027,0.0,4.0,0.0,0.0,4.0,0.0,0.0,0.0
11139,2023.0,3.0,19.0,8.0,18.147816,17.69305,17.84898,17.65444,18.400822,18.292587,17.337658,16.610317,18.121645,17.7385,20.438932,22.907095,19.309412,19.248226,18.119083,17.494947,17.801645,18.011219,0.0,4.0,0.0,0.0,4.0,4.0,0.0,4.0
11140,2023.0,3.0,19.0,8.0,17.6138,17.094355,16.801268,16.5407,18.197691,18.11485,17.38827,17.049442,16.984491,16.36945,20.03483,21.942398,19.35712,19.347702,17.753218,17.135382,22.098894,25.303917,0.0,4.0,0.0,0.0,4.0,4.0,0.0,0.0
11141,2023.0,3.0,19.0,8.0,18.03656,18.142992,16.605766,16.370554,17.402859,16.797928,18.024351,18.371914,16.942379,16.637783,20.099457,21.855015,18.597761,18.024471,17.494104,16.897459,18.768375,18.588387,0.0,0.0,4.0,0.0,0.0,0.0,0.0,0.0
11142,2023.0,3.0,19.0,9.0,17.46192,17.060205,16.412142,16.180742,16.926191,16.245575,17.564499,17.450935,16.877308,16.631138,17.973808,17.613586,18.129751,17.471434,17.57657,17.293573,17.15421,16.620613,0.0,0.0,0.0,0.0,0.0,0.0,0.0,0.0
11143,2023.0,3.0,19.0,9.0,17.118153,16.634792,16.280413,16.047537,17.435598,17.378712,16.855263,16.253708,16.757032,16.522049,17.776226,17.75429,17.94458,17.286188,17.548273,17.316814,17.0858,16.820425,0.0,4.0,0.0,0.0,4.0,0.0,0.0,0.0
11144,2023.0,3.0,19.0,9.0,16.960052,16.511543,16.167051,15.945474,16.8806,16.351702,16.579485,15.950884,16.641827,16.419098,20.26059,22.191378,18.136494,17.82,17.453205,17.235693,16.969791,16.749056,0.0,0.0,0.0,0.0,0.0,0.0,0.0,0.0
11145,2023.0,3.0,19.0,9.0,17.120031,17.011642,16.048407,15.8368,16.497196,15.891512,16.711811,16.424074,16.522373,16.30946,18.527494,18.639362,18.173868,17.919485,17.347086,17.138987,16.794186,16.58812,0.0,0.0,0.0,0.0,0.0,0.0,0.0,0.0
11146,2023.0,3.0,19.0,9.0,17.130793,17.09143,15.957855,15.746338,16.35639,15.757369,16.719494,16.50843,16.428898,16.2166,17.65728,17.346964,18.113577,17.86636,17.259523,17.053099,16.656246,16.449535,0.0,0.0,0.0,0.0,0.0,0.0,0.0,0.0
11147,2023.0,3.0,19.0,9.0,17.058844,17.032091,15.881183,15.680777,16.581316,16.337389,16.640377,16.443396,16.350142,16.146353,17.3962,17.097292,18.051668,17.812084,17.183018,16.98433,16.538746,16.342451,0.0,0.0,0.0,0.0,0.0,0.0,0.0,0.0
11148,2023.0,3.0,19.0,10.0,16.987747,16.971098,15.811101,15.619916,16.588837,16.39496,16.563011,16.376892,16.27985,16.082327,17.599148,17.67049,17.996216,17.762896,17.113104,16.920229,16.434998,16.246046,0.0,0.0,0.0,0.0,4.0,0.0,0.0,0.0
11149,2023.0,3.0,19.0,10.0,16.923807,16.9218,15.749679,15.571087,16.537716,16.35925,16.492104,16.320032,16.219862,16.031408,20.229292,22.403425,17.948767,17.724386,17.05232,16.868101,16.346275,16.16817,0.0,0.0,0.0,0.0,0.0,0.0,0.0,0.0
11150,2023.0,3.0,19.0,10.0,16.865696,16.88532,15.683811,15.515486,16.474798,16.30841,16.41529,16.254534,16.156721,15.975502,18.434698,18.625204,18.633955,19.06912,16.988308,16.810658,16.252596,16.082747,0.0,0.0,0.0,0.0,0.0,4.0,0.0,0.0
11151,2023.0,3.0,19.0,10.0,16.809072,16.837673,15.633589,15.472442,16.420927,16.26386,17.07702,17.557865,16.108356,15.931995,17.58392,17.34361,17.85365,17.430435,16.937223,16.764294,16.182009,16.017075,0.0,0.0,4.0,0.0,0.0,0.0,0.0,0.0
11152,2023.0,3.0,19.0,10.0,16.75355,16.790798,16.070354,16.338825,16.368204,16.22087,16.654163,16.663185,16.064217,15.893324,17.330902,17.076397,18.35025,18.533323,16.889704,16.72186,16.117712,15.958592,4.0,0.0,0.0,0.0,0.0,4.0,0.0,0.0
11153,2023.0,3.0,19.0,10.0,17.466436,18.182978,20.109804,23.396158,17.03678,17.52593,16.129215,15.747511,16.025879,15.860545,17.151995,16.904062,17.792826,17.371828,16.847378,16.685019,16.062574,15.909738,0.0,4.0,0.0,0.0,0.0,0.0,0.0,0.0
11154,2023.0,3.0,19.0,11.0,17.071047,17.242477,17.881908,18.46775,17.33768,17.907503,15.88536,15.462974,15.988944,15.829171,16.987942,16.754793,18.253119,18.449265,16.804337,16.647076,16.005566,15.858593,0.0,4.0,0.0,0.0,0.0,4.0,0.0,0.0
11155,2023.0,3.0,19.0,11.0,16.540676,16.33246,16.693125,16.609928,16.499418,16.270409,16.034311,15.862533,15.960358,15.802706,16.875025,16.646132,18.454012,18.69742,16.767948,16.612558,15.95908,15.813977,0.0,0.0,0.0,0.0,0.0,4.0,0.0,0.0
11156,2023.0,3.0,19.0,11.0,16.36365,16.132847,16.411592,16.286352,16.11394,15.707686,16.061497,15.94592,15.933008,15.777763,16.774279,16.5527,17.764957,17.35131,16.733376,16.580149,15.915314,15.772588,0.0,0.0,0.0,0.0,0.0,0.0,0.0,0.0
11157,2023.0,3.0,19.0,11.0,16.515947,16.543528,16.23635,16.112299,15.973922,15.563767,16.022936,15.916192,15.906997,15.753973,16.685646,16.470629,18.327337,18.550035,16.700603,16.549534,15.875497,15.735057,0.0,0.0,0.0,0.0,0.0,4.0,0.0,0.0
11158,2023.0,3.0,19.0,11.0,16.529978,16.602175,16.097153,15.969826,16.146147,16.013548,15.978672,15.876383,15.8808155,15.7288475,16.601425,16.388813,18.509802,18.77586,16.667534,16.517353,15.837086,15.697438,0.0,0.0,0.0,0.0,0.0,4.0,0.0,0.0
11159,2023.0,3.0,19.0,11.0,16.490948,16.570238,15.99373,15.878104,16.1414,16.034573,15.937721,15.843201,15.857911,15.709038,16.532366,16.32909,17.811123,17.420576,16.637901,16.491001,15.804284,15.668303,0.0,0.0,0.0,0.0,0.0,0.0,0.0,0.0
11160,2023.0,3.0,19.0,12.0,17.240725,18.021654,15.898849,15.788465,16.102177,16.003025,15.895656,15.806698,15.835149,15.688329,16.466164,16.268135,18.361303,18.596571,16.608082,16.463259,15.772315,15.638534,0.0,0.0,0.0,0.0,0.0,4.0,0.0,0.0
11161,2023.0,3.0,19.0,12.0,20.926964,24.216488,15.815165,15.710594,21.017357,24.64537,20.95328,24.682144,15.813346,15.668116,16.405516,16.212095,21.094078,23.319885,22.226759,26.133902,15.741576,15.609169,0.0,0.0,0.0,0.0,0.0,0.0,4.0,0.0
11162,2023.0,3.0,19.0,12.0,21.023035,23.89319,15.726295,15.62697,21.009716,24.050959,21.010595,24.192919,15.794467,15.650674,16.341623,16.152243,21.51426,23.660995,21.87395,24.913574,15.712142,15.581233,0.0,0.0,0.0,0.0,0.0,0.0,0.0,0.0
11163,2023.0,3.0,19.0,12.0,21.1042,23.747568,16.128937,16.454075,21.09053,23.84064,21.094784,23.974428,15.780594,15.638892,16.284945,16.099155,22.13122,24.35962,22.371988,25.348824,15.690176,15.5614805,4.0,0.0,0.0,0.0,0.0,4.0,0.0,0.0
11164,2023.0,3.0,19.0,12.0,21.99041,24.944828,20.191942,23.42551,21.867744,24.86743,22.022074,25.146593,15.770603,15.631414,16.650036,16.83236,21.726439,23.532305,21.665716,23.81691,15.675255,15.549456,0.0,0.0,0.0,0.0,4.0,0.0,0.0,0.0
11165,2023.0,3.0,19.0,12.0,20.916567,22.866806,17.897808,18.435415,20.931656,22.979446,21.074156,23.448744,15.765307,15.628296,20.315048,23.120869,20.952944,22.003975,20.932028,22.362246,15.664104,15.540805,0.0,0.0,0.0,0.0,0.0,0.0,0.0,0.0
11166,2023.0,3.0,19.0,13.0,21.066319,23.112936,16.868986,17.253756,21.096178,23.226385,21.07992,23.346046,15.76087,15.626369,18.265009,18.641962,21.072763,22.20807,21.078403,22.649363,15.655294,15.534585,4.0,0.0,0.0,0.0,0.0,0.0,0.0,0.0
11167,2023.0,3.0,19.0,13.0,21.871561,24.417229,20.301329,23.28347,21.14858,23.263477,21.150127,23.400925,15.756487,15.623979,17.012716,16.872423,21.546545,22.97027,21.182858,22.841785,15.647578,15.528974,0.0,0.0,0.0,0.0,0.0,0.0,0.0,0.0
11168,2023.0,3.0,19.0,13.0,21.08035,22.99192,18.090519,18.543062,21.072245,23.054571,21.076088,23.186588,15.752956,15.622042,16.760487,16.575068,20.996515,21.968727,21.059305,22.572788,15.640293,15.523576,4.0,0.0,0.0,0.0,0.0,4.0,0.0,0.0
11169,2023.0,3.0,19.0,13.0,22.027805,24.43996,20.243822,22.943214,21.180006,23.205702,21.160372,23.303436,15.749203,15.620191,16.649836,16.463007,21.829073,23.350166,21.204231,22.842173,15.633365,15.5185175,0.0,4.0,0.0,0.0,0.0,0.0,0.0,0.0
11170,2023.0,3.0,19.0,13.0,21.06162,22.836851,18.20918,18.621914,21.074274,22.977373,21.073626,23.086044,15.745912,15.618506,16.565153,16.383673,20.943672,21.707201,21.0573,22.524618,15.626513,15.513489,4.0,0.0,0.0,0.0,0.0,0.0,0.0,0.0
11171,2023.0,3.0,19.0,13.0,21.830458,24.198837,20.286325,22.806543,21.160595,23.084486,21.1619,23.228636,15.74186,15.616386,16.492666,16.3141,21.748564,23.14693,21.208168,22.809072,15.619599,15.50845,0.0,0.0,0.0,0.0,0.0,0.0,0.0,0.0
11172,2023.0,3.0,19.0,14.0,20.933475,22.48858,18.046627,18.188038,21.082104,22.875206,21.071686,23.017271,15.738407,15.614697,16.434057,16.260828,21.030499,21.891443,21.055975,22.484388,15.612472,15.503221,0.0,0.0,0.0,0.0,0.0,0.0,0.0,0.0
11173,2023.0,3.0,19.0,14.0,19.481867,19.799099,16.931372,16.877104,19.423185,19.681019,19.288168,19.568718,15.733562,15.611947,16.38278,16.214718,20.028536,20.004929,19.580835,19.632273,15.605172,15.497962,0.0,0.0,0.0,0.0,0.0,0.0,0.0,0.0
11174,2023.0,3.0,19.0,14.0,18.778242,18.840843,16.702738,16.625107,18.577461,18.464344,18.40321,18.311964,15.727265,15.607388,16.34058,16.174347,19.567896,19.353132,18.934402,18.73937,15.597488,15.491946,0.0,0.0,0.0,0.0,0.0,0.0,0.0,0.0
11175,2023.0,3.0,19.0,14.0,18.45816,18.514029,16.530834,16.450994,18.236563,18.105923,18.049232,17.943392,15.718356,15.600121,16.299812,16.136929,19.364456,19.147993,18.655663,18.458155,15.587137,15.483204,0.0,0.0,0.0,0.0,0.0,0.0,0.0,0.0
11176,2023.0,3.0,19.0,14.0,18.210913,18.266888,16.381973,16.29971,17.981077,17.847702,17.782145,17.674116,15.706964,15.590109,16.260178,16.099886,19.203304,18.990562,18.44134,18.248333,15.57393,15.471284,0.0,0.0,0.0,0.0,0.0,0.0,0.0,0.0
11177,2023.0,3.0,19.0,14.0,18.024733,18.102236,16.26874,16.201912,18.506536,19.024004,17.586067,17.502192,15.694916,15.58033,16.22549,16.071447,19.075415,18.878168,18.273588,18.098364,15.5598545,15.459363,0.0,4.0,0.0,0.0,0.0,0.0,0.0,0.0
11178,2023.0,3.0,19.0,15.0,17.85118,17.933876,16.15795,16.094515,17.949192,17.984499,17.402235,17.323544,15.681258,15.568313,16.189613,16.038961,18.955315,18.764317,18.119522,17.951338,15.544063,15.445031,0.0,0.0,0.0,0.0,0.0,0.0,0.0,0.0
11179,2023.0,3.0,19.0,15.0,17.699099,17.786634,16.059072,15.999014,18.036215,18.297869,17.241947,17.16858,15.66638,15.554511,16.154512,16.00654,19.63912,20.164173,17.983864,17.822271,15.527154,15.429076,0.0,4.0,0.0,0.0,0.0,4.0,0.0,0.0
11180,2023.0,3.0,19.0,15.0,17.564661,17.657055,15.970238,15.91359,17.397665,17.152067,17.100145,17.032072,15.650834,15.540068,16.120398,15.97498,18.84507,18.552645,18.9209,19.706095,15.509689,15.412603,0.0,0.0,0.0,0.0,0.0,0.0,4.0,0.0
11181,2023.0,3.0,19.0,15.0,17.443968,17.540213,15.889596,15.835865,17.060312,16.719913,17.678951,18.232578,15.634828,15.525186,16.087173,15.9441185,18.486244,18.05959,18.01157,17.80978,15.491868,15.395779,0.0,0.0,4.0,0.0,0.0,0.0,0.0,0.0
11182,2023.0,3.0,19.0,15.0,17.333931,17.432384,15.815481,15.763676,17.587713,17.853743,17.204967,17.28241,16.409674,17.00141,16.054533,15.913476,18.347677,17.920702,17.595425,17.247597,15.473878,15.378702,0.0,4.0,0.0,4.0,0.0,0.0,0.0,0.0
11183,2023.0,3.0,19.0,15.0,17.985634,18.745447,16.216993,16.573385,17.072405,16.86939,17.373234,17.709442,20.2938,23.624048,16.023445,15.885318,19.245928,19.74945,17.439117,17.096132,15.456542,15.362929,4.0,0.0,4.0,0.0,0.0,4.0,0.0,0.0
11184,2023.0,3.0,19.0,16.0,17.562687,17.79249,20.188318,23.387104,17.37833,17.661314,17.451466,17.829605,18.101149,18.724697,15.989367,15.853948,19.343437,19.683023,18.327908,18.900023,15.437682,15.345831,0.0,4.0,4.0,4.0,0.0,4.0,4.0,0.0
11185,2023.0,3.0,19.0,16.0,17.011248,16.945549,18.29695,19.171764,16.927937,16.733904,17.418325,17.798054,20.338537,23.126842,15.960149,15.827015,19.286875,19.610262,17.719929,17.509262,15.417719,15.32683,4.0,0.0,4.0,0.0,0.0,4.0,0.0,0.0
11186,2023.0,3.0,19.0,16.0,17.51393,18.040852,20.29872,23.133942,16.571262,16.277842,16.787466,16.656216,17.890419,17.98743,15.9312315,15.800226,18.577301,18.281857,17.279114,16.967888,15.397072,15.307243,4.0,0.0,0.0,0.0,0.0,0.0,0.0,0.0
11187,2023.0,3.0,19.0,16.0,17.716883,18.280767,20.019438,22.277603,16.42614,16.121975,16.374138,16.107471,16.611967,16.297735,15.904294,15.774858,18.191675,17.787466,17.113754,16.790304,15.3742285,15.284817,4.0,0.0,0.0,0.0,0.0,0.0,0.0,0.0
11188,2023.0,3.0,19.0,16.0,17.0686,17.061499,20.076834,22.17834,17.25045,17.787306,16.920311,17.26255,16.48435,16.330727,15.880911,15.755061,18.058456,17.658585,17.171324,17.019728,15.351786,15.26432,4.0,4.0,4.0,0.0,0.0,0.0,0.0,0.0
11189,2023.0,3.0,19.0,16.0,17.465237,18.020882,20.068296,22.01531,17.363785,17.760841,17.120092,17.51039,16.391083,16.25906,15.858075,15.735173,17.956758,17.560463,17.16214,17.034292,15.328545,15.242284,4.0,4.0,4.0,0.0,0.0,0.0,0.0,0.0
11190,2023.0,3.0,19.0,17.0,16.953943,16.933498,20.084688,21.955355,16.667326,16.490541,16.496796,16.343334,16.275423,16.149336,15.83592,15.715986,18.081636,17.901907,17.105616,16.983469,15.305988,15.221298,0.0,0.0,0.0,0.0,0.0,0.0,0.0,0.0
11191,2023.0,3.0,19.0,17.0,17.344692,17.87286,18.513031,18.83983,16.325838,16.05459,16.155485,15.912308,16.175467,16.057165,15.815073,15.699463,18.103313,17.952494,17.04698,16.929752,15.283397,15.200948,4.0,0.0,0.0,0.0,0.0,0.0,0.0,0.0
11192,2023.0,3.0,19.0,17.0,16.839487,16.849314,20.21696,22.14143,16.891537,17.199594,16.720915,17.060595,16.100664,15.98481,15.7950325,15.682259,18.86803,19.441853,16.99503,16.880672,15.261803,15.181013,4.0,4.0,4.0,0.0,0.0,4.0,0.0,0.0
11193,2023.0,3.0,19.0,17.0,16.50224,16.406778,20.037668,21.708508,17.135614,17.51961,16.333277,16.201242,16.802862,17.382977,15.772669,15.662987,18.908644,19.270355,16.941221,16.83014,16.229,17.028564,4.0,4.0,0.0,4.0,0.0,4.0,0.0,4.0
11194,2023.0,3.0,19.0,17.0,17.127495,17.666645,20.084003,21.758057,17.161083,17.544607,16.682709,17.040764,20.285545,23.290876,15.75015,15.643449,18.87766,19.220966,17.979347,18.83875,20.201653,23.636583,0.0,4.0,4.0,0.0,0.0,4.0,4.0,0.0
11195,2023.0,3.0,19.0,17.0,17.378065,17.953688,18.326143,18.345295,17.172812,17.55441,16.275347,16.153555,17.749819,17.882088,16.119303,16.356554,18.184834,17.896822,18.175766,18.835218,18.001854,18.735392,0.0,4.0,0.0,0.0,4.0,0.0,4.0,4.0
11196,2023.0,3.0,19.0,18.0,17.406946,17.971684,18.141575,18.416788,17.177479,17.55768,15.995967,15.745281,16.76178,16.434795,20.264547,23.46909,18.67256,18.969807,17.245806,17.046099,21.31457,24.436373,4.0,4.0,0.0,0.0,0.0,4.0,0.0,0.0
11197,2023.0,3.0,19.0,18.0,21.359764,24.820274,20.225368,22.279364,21.348394,24.787603,21.081354,24.727736,17.441055,18.013939,17.994564,18.466246,21.763765,24.280193,22.019337,25.353043,18.92186,19.542833,0.0,4.0,0.0,4.0,0.0,0.0,0.0,4.0
11198,2023.0,3.0,19.0,18.0,21.015839,23.721008,18.560678,18.89722,21.01597,23.69207,20.98799,23.976152,20.320059,22.907925,16.619598,16.558323,20.951069,22.470371,20.881111,23.044195,20.294775,22.637041,0.0,4.0,4.0,0.0,0.0,4.0,0.0,4.0
11199,2023.0,3.0,19.0,18.0,21.075386,23.553495,17.937086,18.294235,21.081545,23.522488,21.095196,23.853052,18.466274,18.927664,16.346981,16.234114,21.081718,22.589308,21.107126,23.23676,20.057665,22.043304,4.0,4.0,0.0,4.0,0.0,0.0,0.0,0.0
11200,2023.0,3.0,19.0,18.0,21.065546,23.338152,20.27159,22.449245,21.094082,23.360361,21.073147,23.517168,20.311335,22.62123,16.198267,16.072607,21.06206,22.428482,21.061213,22.9892,17.941761,17.853468,4.0,0.0,4.0,0.0,0.0,0.0,0.0,0.0
11201,2023.0,3.0,19.0,18.0,21.0643,23.19472,20.030594,21.786608,21.088417,23.195705,21.075075,23.335627,18.605572,19.01008,16.090635,15.964202,21.062668,22.339146,21.064987,22.880716,16.861311,16.511843,4.0,0.0,4.0,4.0,0.0,0.0,0.0,0.0
11202,2023.0,3.0,19.0,19.0,21.06258,23.086319,20.067543,21.74014,21.06317,23.011478,21.072794,23.198992,20.298338,22.406366,16.003046,15.8776865,21.01721,22.19196,21.06314,22.790373,16.505167,16.151613,4.0,4.0,4.0,4.0,0.0,4.0,0.0,0.0
11203,2023.0,3.0,19.0,19.0,21.057796,22.996593,20.05889,21.641764,21.063631,22.930967,21.067818,23.092112,20.036028,21.744875,15.925698,15.79997,21.03718,22.178503,21.019297,22.611197,16.479168,16.338713,4.0,4.0,4.0,0.0,0.0,4.0,4.0,0.0
11204,2023.0,3.0,19.0,19.0,21.08584,23.00713,20.079832,21.638176,21.08948,22.938,21.094519,23.088474,18.115011,17.942255,15.860856,15.735636,21.035461,22.13597,21.045605,22.593046,16.37724,16.250132,0.0,0.0,0.0,0.0,0.0,4.0,4.0,0.0
11205,2023.0,3.0,19.0,19.0,21.079098,22.93531,18.334549,18.248556,21.058695,22.800972,21.08777,23.009241,17.83223,18.069376,16.163204,16.35181,21.06483,22.18158,21.08008,22.637909,16.244043,16.12291,0.0,4.0,0.0,4.0,4.0,0.0,0.0,0.0
11206,2023.0,3.0,19.0,19.0,21.053013,22.815287,17.980263,18.236185,21.0879,22.836216,21.063278,22.886847,21.263847,24.049597,20.448078,23.4756,21.029716,22.05917,21.072239,22.572252,16.12592,16.00918,4.0,0.0,4.0,0.0,0.0,4.0,0.0,0.0
11207,2023.0,3.0,19.0,19.0,21.056847,22.787237,20.262775,22.333529,21.05696,22.715296,21.091234,22.9206,19.070908,19.424435,18.02177,18.4286,21.06458,22.126322,21.07213,22.529005,16.023708,15.911262,0.0,4.0,0.0,4.0,0.0,0.0,0.0,0.0
11208,2023.0,3.0,19.0,20.0,21.082191,22.827682,18.584507,18.891993,21.086554,22.76385,21.08505,22.868921,20.296976,22.058943,16.649475,16.5493,21.05863,22.088472,21.0715,22.491789,15.934227,15.825022,0.0,0.0,0.0,4.0,0.0,0.0,0.0,0.0
11209,2023.0,3.0,19.0,20.0,21.074923,22.780489,17.482689,17.382315,21.053772,22.649323,21.040344,22.764355,20.04473,21.545406,16.36412,16.218172,21.05825,22.064787,21.055235,22.458971,15.849797,15.735968,0.0,4.0,4.0,0.0,0.0,0.0,0.0,0.0
11210,2023.0,3.0,19.0,20.0,21.076479,22.75216,17.620718,17.88131,21.060959,22.640667,21.067898,22.782438,18.231133,17.986118,16.21568,16.072388,21.042877,22.045805,21.018854,22.353155,15.777596,15.663845,4.0,4.0,4.0,0.0,0.0,0.0,4.0,0.0
11211,2023.0,3.0,19.0,20.0,21.032125,22.653591,20.23692,22.564901,21.084824,22.687988,21.089,22.816944,17.980717,18.172125,16.088589,15.939579,21.044664,22.053255,21.080181,22.473911,16.669313,17.403067,4.0,0.0,0.0,4.0,0.0,0.0,0.0,4.0
11212,2023.0,3.0,19.0,20.0,21.08349,22.74742,20.052896,21.930382,21.079346,22.65238,21.083849,22.776495,20.366602,22.277014,15.980578,15.825657,21.014662,21.97516,21.030516,22.318676,20.37551,23.566565,0.0,0.0,0.0,0.0,0.0,4.0,4.0,4.0
11213,2023.0,3.0,19.0,20.0,21.07477,22.701424,18.099382,18.011145,21.079472,22.628271,21.059132,22.678984,18.76429,19.028875,15.891872,15.736746,21.065882,22.069265,21.078295,22.423761,20.048126,22.515575,0.0,0.0,4.0,4.0,0.0,0.0,0.0,0.0
11214,2023.0,3.0,19.0,21.0,21.075167,22.676819,16.929398,16.452581,21.059841,22.605234,21.088234,22.735767,20.32616,22.084133,15.811779,15.65424,21.02858,21.949541,21.069384,22.38259,17.563911,17.431131,0.0,0.0,0.0,4.0,0.0,4.0,0.0,0.0
11215,2023.0,3.0,19.0,21.0,21.029654,22.579563,16.864681,16.649626,21.037037,22.54578,21.057169,22.631927,20.019094,21.441692,16.116373,16.285807,21.064028,22.024738,21.029959,22.254837,17.38571,17.867884,0.0,4.0,4.0,4.0,4.0,0.0,4.0,4.0
11216,2023.0,3.0,19.0,21.0,21.181328,22.8573,16.80434,16.647402,21.1797,22.85653,21.168625,22.857695,20.946352,22.973898,20.34319,23.277237,21.157497,22.173792,21.19675,22.605556,21.449482,24.577166,0.0,0.0,0.0,0.0,0.0,4.0,0.0,0.0
11217,2023.0,3.0,19.0,21.0,21.078112,22.648777,16.66907,16.515652,21.079912,22.610975,21.055716,22.587296,18.885122,18.691992,18.003288,18.403492,21.03302,21.912643,21.068165,22.327902,18.416729,18.390165,0.0,0.0,4.0,0.0,0.0,4.0,0.0,0.0
11218,2023.0,3.0,19.0,21.0,21.072903,22.617395,16.538626,16.38025,21.052212,22.50456,21.08656,22.652288,18.296432,18.439941,16.585506,16.443066,21.063082,21.984863,21.068665,22.312424,17.773705,18.220272,0.0,4.0,0.0,4.0,0.0,0.0,0.0,4.0
11219,2023.0,3.0,19.0,21.0,21.047068,22.527187,16.429445,16.27408,21.057985,22.496304,21.055647,22.553183,20.331924,21.992933,16.306433,16.140484,21.027708,21.880768,21.052738,22.296936,20.375546,22.658638,0.0,4.0,4.0,0.0,0.0,4.0,0.0,0.0
11220,2023.0,3.0,19.0,22.0,21.05192,22.525652,16.790052,17.03397,21.082123,22.548222,21.060772,22.551413,18.31742,18.033855,16.53457,16.707687,21.032972,21.885756,21.054585,22.307644,17.907978,17.724009,4.0,0.0,4.0,0.0,4.0,4.0,0.0,0.0
11221,2023.0,3.0,19.0,22.0,21.677036,23.515097,20.274755,23.070425,21.147568,22.639982,21.150846,22.721413,17.273838,16.755863,20.441711,23.245054,21.723211,23.00792,21.18803,22.577045,17.518486,17.777975,0.0,4.0,4.0,0.0,4.0,4.0,0.0,4.0
11222,2023.0,3.0,19.0,22.0,21.01131,22.354103,18.184042,18.564962,21.081839,22.511728,21.084625,22.594105,17.870764,18.210258,20.039509,22.241411,20.978584,21.680496,21.053978,22.304583,21.978794,25.32843,0.0,0.0,0.0,4.0,0.0,4.0,0.0,0.0
11223,2023.0,3.0,19.0,22.0,21.082243,22.529732,16.905596,16.813574,21.076002,22.4832,21.053843,22.494347,20.341965,22.364708,17.75782,17.581623,21.067513,21.895693,21.053995,22.303047,18.66826,18.600468,0.0,0.0,4.0,0.0,0.0,0.0,0.0,0.0
11224,2023.0,3.0,19.0,22.0,21.044167,22.434103,17.07592,17.313599,21.076311,22.467323,21.059464,22.49357,18.633469,18.826134,17.120407,17.167767,21.055912,21.874292,21.054037,22.299826,17.038061,16.583109,4.0,0.0,4.0,4.0,4.0,0.0,0.0,0.0
11225,2023.0,3.0,19.0,22.0,21.17087,22.707747,20.329937,22.994305,21.183659,22.70721,21.169561,22.724276,20.605177,22.711475,20.43205,22.817524,21.133106,22.02587,21.319736,22.800058,17.722588,18.262407,4.0,0.0,0.0,0.0,0.0,0.0,4.0,4.0
11226,2023.0,3.0,19.0,23.0,21.07066,22.496687,20.029612,22.048103,21.058136,22.465307,21.078121,22.523325,18.739628,18.897934,18.29246,18.50322,21.026484,21.78793,21.0771,22.306461,20.31697,22.687624,4.0,0.0,0.0,4.0,0.0,4.0,0.0,0.0
11227,2023.0,3.0,19.0,23.0,19.376936,19.243248,17.945433,17.851406,19.646582,19.765627,19.244123,18.997076,17.506704,17.089489,17.107798,16.942253,19.643024,19.167288,19.359978,18.982447,17.905245,17.725336,0.0,0.0,0.0,0.0,0.0,0.0,0.0,0.0
11228,2023.0,3.0,19.0,23.0,18.958103,18.880518,16.923498,16.31555,18.899128,18.683409,18.727,18.482588,17.067295,16.533672,17.172476,17.252779,19.085752,18.441961,18.66824,18.097391,17.028252,16.53833,0.0,0.0,0.0,0.0,4.0,0.0,0.0,0.0
11229,2023.0,3.0,19.0,23.0,18.740013,18.690027,16.977777,16.72426,18.594997,18.368359,18.484564,18.270517,17.139109,16.908339,16.798494,16.590298,18.856033,18.225891,18.679804,18.431398,17.00971,16.801422,0.0,0.0,0.0,0.0,0.0,0.0,0.0,0.0
11230,2023.0,3.0,19.0,23.0,18.526833,18.478085,16.885826,16.686333,18.361073,18.133232,18.249197,18.036259,17.0662,16.867804,16.586386,16.37258,19.020578,18.75696,18.540146,18.319044,16.87478,16.691963,0.0,0.0,0.0,0.0,0.0,0.0,0.0,0.0
11231,2023.0,3.0,19.0,23.0,18.343353,18.295446,16.745419,16.54599,18.162468,17.933638,18.045578,17.831879,16.948019,16.754263,16.44775,16.235569,18.955135,18.715086,18.375092,18.160004,16.722996,16.54532,0.0,0.0,0.0,0.0,0.0,0.0,0.0,0.0
11232,2023.0,3.0,20.0,0.0,18.186186,18.14378,16.625046,16.430073,17.996017,17.773537,17.87274,17.665665,16.836592,16.643654,16.32881,16.12276,18.844524,18.603624,18.22742,18.019762,16.589703,16.41881,0.0,0.0,0.0,0.0,0.0,0.0,0.0,0.0
11233,2023.0,3.0,20.0,0.0,18.046545,18.00952,16.516499,16.32533,17.848234,17.631443,17.71857,17.517467,16.733986,16.542465,16.220795,16.015476,18.741724,18.502195,18.09373,17.892525,16.470469,16.305351,0.0,0.0,0.0,0.0,0.0,0.0,0.0,0.0
11234,2023.0,3.0,20.0,0.0,17.920795,17.888687,16.41831,16.23075,17.715523,17.504074,17.579618,17.384132,16.64001,16.449762,16.123098,15.919331,18.64688,18.408655,17.96847,17.765844,16.35996,16.193968,0.0,0.0,0.0,0.0,0.0,0.0,0.0,0.0
11235,2023.0,3.0,20.0,0.0,17.806782,17.779173,16.328856,16.144724,17.595406,17.388971,17.453611,17.263395,16.553713,16.36461,16.034266,15.831856,18.559856,18.32283,17.856133,17.655054,16.260979,16.095968,0.0,0.0,0.0,0.0,0.0,0.0,0.0,0.0
11236,2023.0,3.0,20.0,0.0,17.702576,17.679113,16.246746,16.065891,17.485762,17.28405,17.338444,17.153183,16.474163,16.286093,15.952841,15.751633,18.479712,18.24379,17.753725,17.55404,16.171213,16.007076,0.0,0.0,0.0,0.0,0.0,0.0,0.0,0.0
11237,2023.0,3.0,20.0,0.0,17.606815,17.587158,16.17097,15.99323,17.38511,17.187826,17.232645,17.052025,16.400562,16.213425,15.87789,15.6777525,18.405685,18.170778,17.659729,17.461315,16.089281,15.925926,0.0,0.0,0.0,0.0,0.0,0.0,0.0,0.0
11238,2023.0,3.0,20.0,1.0,17.518354,17.502186,16.100685,15.925885,17.29222,17.099077,17.134968,16.95868,16.332201,16.145914,15.808585,15.609408,18.33702,18.103052,17.573038,17.375786,16.014128,15.851476,0.0,0.0,0.0,0.0,0.0,0.0,0.0,0.0
11239,2023.0,3.0,20.0,1.0,17.437832,17.426447,16.037374,15.867519,17.208347,17.021349,17.046822,16.87701,16.269053,16.08413,16.063702,16.146015,18.27333,18.0405,17.493147,17.297403,15.945395,15.783908,0.0,0.0,0.0,0.0,4.0,0.0,0.0,0.0
11240,2023.0,3.0,20.0,1.0,17.363691,17.357738,15.978375,15.813266,17.130762,16.950077,16.965378,16.80218,16.210758,16.027975,16.125448,16.213253,18.214527,17.983656,17.419891,17.226727,16.613604,17.09927,0.0,0.0,0.0,0.0,4.0,0.0,0.0,4.0
11241,2023.0,3.0,20.0,1.0,17.290863,17.286644,15.920286,15.75647,17.05452,16.876148,16.8857,16.72477,16.153725,15.970728,15.843137,15.685491,18.157003,17.925789,17.34887,17.155663,16.08326,15.956203,0.0,0.0,0.0,0.0,0.0,0.0,0.0,0.0
11242,2023.0,3.0,20.0,1.0,17.219107,17.213287,15.863021,15.697711,16.979675,16.800285,16.807919,16.645647,16.097986,15.912815,15.693941,15.496312,18.100748,17.867275,17.280008,17.084614,15.659844,15.264533,0.0,0.0,0.0,0.0,0.0,0.0,0.0,0.0
11243,2023.0,3.0,20.0,1.0,17.152708,17.146778,15.8089485,15.642677,16.909756,16.730156,16.735264,16.572598,16.046175,15.859845,15.621564,15.420767,18.048344,17.81364,17.216251,17.01996,15.505146,15.095017,0.0,0.0,0.0,0.0,0.0,0.0,0.0,0.0
11244,2023.0,3.0,20.0,2.0,17.096298,17.096773,15.764557,15.604773,16.851553,16.679895,16.674583,16.520164,16.001356,15.818321,15.850117,15.898872,18.002686,17.771078,17.160343,16.967703,16.399748,16.899864,0.0,0.0,0.0,0.0,4.0,0.0,0.0,4.0
11245,2023.0,3.0,20.0,2.0,17.040947,17.04587,15.715451,15.55514,16.788422,16.616472,16.608778,16.453993,15.954124,15.76959,15.624182,15.42896,17.95465,17.72149,17.102287,16.908085,16.42324,16.708067,0.0,0.0,0.0,0.0,0.0,0.0,0.0,4.0
11246,2023.0,3.0,20.0,2.0,16.999338,17.0181,15.671512,15.513455,16.731817,16.562992,16.550333,16.398508,15.911466,15.727877,15.518471,15.32101,17.911045,17.678776,17.049706,16.856707,15.73573,15.393081,0.0,0.0,0.0,0.0,0.0,0.0,0.0,0.0
11247,2023.0,3.0,20.0,2.0,16.949713,16.97031,15.627716,15.470375,16.675867,16.508194,16.492828,16.341887,16.45642,16.788776,15.463722,15.266118,17.867907,17.635311,16.998064,16.804888,15.472414,15.069258,0.0,0.0,0.0,4.0,0.0,0.0,0.0,0.0
11248,2023.0,3.0,20.0,2.0,16.90072,16.922527,15.586109,15.43026,16.623016,16.457375,16.438305,16.289333,16.673634,17.066067,15.413548,15.216465,17.8269,17.594656,16.949203,16.756603,16.107906,16.369871,0.0,0.0,0.0,4.0,0.0,0.0,0.0,4.0
11249,2023.0,3.0,20.0,2.0,16.853743,16.876436,15.545977,15.391562,16.572247,16.408579,16.385777,16.238804,15.888277,15.495595,15.367552,15.17092,17.787281,17.555454,16.902275,16.710325,15.547727,15.184496,0.0,0.0,0.0,0.0,0.0,0.0,0.0,0.0
11250,2023.0,3.0,20.0,3.0,16.804214,16.823483,15.502541,15.345012,16.518208,16.351385,16.32995,16.17964,15.593616,15.127174,15.320356,15.120287,17.745876,17.511559,16.853878,16.659502,15.315028,14.908082,0.0,0.0,0.0,0.0,0.0,0.0,0.0,0.0
11251,2023.0,3.0,20.0,3.0,16.761137,16.782597,15.466514,15.312333,16.47263,16.309523,16.282688,16.136196,15.767096,15.579066,15.280901,15.082866,17.709484,17.476744,16.810877,16.618088,15.468845,15.309614,0.0,0.0,0.0,0.0,0.0,0.0,0.0,0.0
11252,2023.0,3.0,20.0,3.0,16.718014,16.740782,15.430011,15.27757,16.42705,16.265936,16.235228,16.090858,15.761372,15.57689,15.560658,15.642791,17.673552,17.441685,16.768763,16.57688,15.453592,15.291333,0.0,0.0,0.0,0.0,4.0,0.0,0.0,0.0
11253,2023.0,3.0,20.0,3.0,16.67729,16.702572,15.395868,15.246349,16.384317,16.226599,16.190783,16.049955,16.312408,16.646078,15.322666,15.132279,17.639408,17.409328,16.728853,16.538843,15.417101,15.256452,0.0,0.0,0.0,4.0,0.0,0.0,0.0,0.0
11254,2023.0,3.0,20.0,3.0,16.636353,16.662586,15.361501,15.213352,16.34126,16.185278,16.14618,16.007093,15.898184,15.740891,15.225349,15.029505,17.605091,17.375845,16.68905,16.49989,15.379678,15.219677,0.0,0.0,0.0,0.0,0.0,0.0,0.0,0.0
11255,2023.0,3.0,20.0,3.0,16.596958,16.624228,15.328231,15.181716,16.299665,16.145697,16.103148,15.966096,16.078262,16.147675,15.18627,14.992609,17.57172,17.343561,16.65053,16.462494,16.073698,16.559238,0.0,0.0,0.0,4.0,0.0,0.0,0.0,4.0
11256,2023.0,3.0,20.0,4.0,16.557856,16.5854,15.294911,15.149409,16.2583,16.105526,16.06052,15.9246,15.565877,15.127122,15.147217,14.954111,17.538431,17.310837,16.612322,16.424835,16.361979,16.939823,0.0,0.0,0.0,0.0,0.0,0.0,0.0,4.0
11257,2023.0,3.0,20.0,4.0,16.521143,16.550415,15.263609,15.120506,16.219501,16.069391,16.020952,15.887497,15.382241,14.938564,15.112352,14.920989,17.506845,17.280933,16.576157,16.39039,15.478315,15.157794,0.0,0.0,0.0,0.0,0.0,0.0,0.0,0.0
11258,2023.0,3.0,20.0,4.0,16.483976,16.514198,15.232131,15.090718,16.18071,16.032295,15.981596,15.849585,15.535278,15.332983,15.367247,15.426661,18.241386,18.698477,16.540087,16.355276,15.189041,14.799377,0.0,0.0,0.0,0.0,4.0,4.0,0.0,0.0
11259,2023.0,3.0,20.0,4.0,16.447523,16.478947,15.201471,15.061809,16.143053,15.996408,15.94311,15.812815,15.559028,15.380918,15.171573,14.998074,17.722174,17.572546,16.505009,16.321304,15.089049,14.704537,0.0,0.0,0.0,0.0,0.0,0.0,0.0,0.0
11260,2023.0,3.0,20.0,4.0,16.41067,16.44213,15.170672,15.03174,16.105213,15.959211,15.904094,15.774504,15.529076,15.351987,15.069106,14.878902,17.264381,16.763653,16.469904,16.28653,15.008823,14.628578,0.0,0.0,0.0,0.0,0.0,0.0,0.0,0.0
11261,2023.0,3.0,20.0,4.0,16.376791,16.410591,15.142339,15.006144,16.07038,15.927369,15.867963,15.741568,15.499157,15.324167,15.318485,15.376068,17.122509,16.604095,17.465548,18.19031,15.148211,14.978334,0.0,0.0,0.0,0.0,4.0,0.0,4.0,0.0
11262,2023.0,3.0,20.0,5.0,16.342108,16.37701,15.113398,14.9788685,16.034958,15.893654,15.831075,15.706591,15.46831,15.294513,15.132566,14.970595,18.135876,18.629358,16.56762,16.247032,15.166406,15.012994,0.0,0.0,0.0,0.0,0.0,4.0,0.0,0.0
11263,2023.0,3.0,20.0,5.0,16.308064,16.344172,15.085178,14.952386,16.000454,15.860855,15.795044,15.672457,15.438308,15.265802,15.023224,14.837409,17.38131,16.974401,16.24389,15.820616,15.850667,16.323023,0.0,0.0,0.0,0.0,0.0,0.0,0.0,4.0
11264,2023.0,3.0,20.0,5.0,16.274353,16.311255,15.057124,14.925846,15.966265,15.828043,15.7595215,15.638369,15.408873,15.237351,15.000169,14.828757,17.082397,16.566063,16.145864,15.725631,15.374052,15.264311,0.0,0.0,0.0,0.0,0.0,0.0,0.0,0.0
11265,2023.0,3.0,20.0,5.0,16.237246,16.274134,15.025855,14.895432,15.9282255,15.790711,15.720469,15.599876,15.376817,15.205921,15.005209,14.863381,16.985746,16.472965,16.309168,16.141178,14.963256,14.67984,0.0,0.0,0.0,0.0,0.0,0.0,0.0,0.0
11266,2023.0,3.0,20.0,5.0,16.202026,16.24017,14.998943,14.874708,15.89202,15.756547,15.683364,15.564627,15.346311,15.176557,15.003675,14.8790455,17.212914,17.007864,16.319576,16.142864,15.026814,14.834418,0.0,0.0,0.0,0.0,0.0,0.0,0.0,0.0
11267,2023.0,3.0,20.0,5.0,16.169006,16.209703,15.480887,15.801993,15.857993,15.725762,15.648618,15.533181,15.3183155,15.151145,15.004371,14.89571,17.238173,17.023802,16.287628,16.113476,15.028852,14.877402,4.0,0.0,0.0,0.0,0.0,0.0,0.0,0.0
11268,2023.0,3.0,20.0,6.0,16.135517,16.177485,15.221803,15.1795225,15.823599,15.693313,15.613462,15.499936,15.290587,15.124851,15.004327,14.907693,17.212814,17.000786,16.253265,16.080667,15.013438,14.866396,0.0,0.0,0.0,0.0,0.0,0.0,0.0,0.0
11269,2023.0,3.0,20.0,6.0,20.986292,24.683367,15.025469,14.921669,20.877913,24.531723,20.78152,24.514362,15.264148,15.100311,15.203868,15.287297,21.092567,23.560133,21.53242,24.94117,15.000848,14.868373,0.0,0.0,0.0,0.0,4.0,0.0,0.0,0.0
11270,2023.0,3.0,20.0,6.0,21.365154,24.642847,15.318626,15.174068,21.339144,24.625343,21.27692,24.691553,15.240055,15.077454,20.153326,23.673735,21.776278,24.530733,22.34044,25.949762,15.39636,15.281175,0.0,0.0,0.0,0.0,0.0,0.0,0.0,0.0
11271,2023.0,3.0,20.0,6.0,20.980139,23.633438,15.11365,15.024456,20.989923,23.648663,21.01507,23.847744,15.809229,16.164982,17.63356,18.16787,21.004889,22.841148,22.115536,24.991543,15.133302,14.99411,0.0,0.0,0.0,4.0,0.0,0.0,0.0,0.0
11272,2023.0,3.0,20.0,6.0,21.093735,23.635763,15.024514,14.911713,21.09551,23.612995,21.074215,23.686192,20.342834,23.882109,16.281507,16.417547,21.073341,22.811592,21.050879,23.040474,15.064372,14.921456,0.0,0.0,4.0,0.0,4.0,0.0,4.0,0.0
11273,2023.0,3.0,20.0,6.0,21.076082,23.440142,15.001618,14.908647,21.079058,23.404602,21.088701,23.554104,17.595934,17.909376,20.262474,23.342663,21.058537,22.658388,21.055405,22.910995,15.034152,14.893602,0.0,0.0,0.0,0.0,0.0,0.0,4.0,0.0
11274,2023.0,3.0,20.0,7.0,21.05083,23.25325,15.002893,14.936347,21.055126,23.208986,21.103115,23.405006,16.19313,16.049305,18.131178,18.742613,21.02936,22.489296,21.387287,23.473587,15.009657,14.871695,0.0,4.0,0.0,0.0,4.0,4.0,4.0,0.0
11275,2023.0,3.0,20.0,7.0,21.079243,23.24615,15.417527,15.727122,21.081509,23.188013,21.098581,23.265358,16.693546,17.183975,20.29725,23.065155,21.061516,22.508451,21.08848,22.817507,15.972984,16.711088,4.0,0.0,0.0,4.0,0.0,0.0,0.0,4.0
11276,2023.0,3.0,20.0,7.0,21.4975,23.768084,20.106405,23.70143,21.710018,23.945562,21.391146,23.5557,20.366158,23.40107,18.328701,18.862629,21.483,23.044186,21.541567,23.338547,20.415201,24.115564,0.0,0.0,4.0,4.0,4.0,4.0,4.0,4.0
11277,2023.0,3.0,20.0,7.0,21.039059,22.859064,17.864723,18.672905,21.046091,22.76362,21.148252,23.204681,21.321707,24.543509,20.299421,22.818676,21.07816,22.261772,21.175697,22.766212,21.525564,25.36563,4.0,4.0,0.0,0.0,0.0,4.0,4.0,4.0
11278,2023.0,3.0,20.0,7.0,21.915028,24.21783,20.263636,23.424494,21.905537,24.095854,21.805637,24.338097,18.76308,19.121284,18.109348,18.23397,21.762978,23.423592,21.867432,23.975237,19.886635,22.008049,0.0,4.0,0.0,4.0,4.0,0.0,0.0,4.0
11279,2023.0,3.0,20.0,7.0,20.908709,22.400734,17.779541,18.118895,20.915926,22.313892,20.98462,22.656704,21.386023,24.074446,20.251326,22.590227,20.956753,21.878271,20.92896,22.132343,21.475756,24.529852,4.0,4.0,4.0,4.0,0.0,4.0,0.0,0.0
11280,2023.0,3.0,20.0,8.0,21.664856,23.714052,20.204414,23.081028,21.633636,23.55942,21.979197,24.254416,19.884295,21.29825,18.175562,18.280241,21.675035,23.102417,21.999533,24.043728,18.532087,18.488949,0.0,4.0,0.0,0.0,4.0,4.0,0.0,0.0
11281,2023.0,3.0,20.0,8.0,20.154829,20.591919,17.955341,18.28666,20.068989,20.35241,20.076187,20.383432,18.615808,18.840897,20.420435,22.591375,20.525797,20.713688,19.872112,19.665348,16.920263,16.523092,4.0,4.0,4.0,4.0,4.0,4.0,0.0,0.0
11282,2023.0,3.0,20.0,8.0,19.16263,19.461596,20.27422,22.943392,18.979996,19.057325,18.847216,18.947521,20.4689,22.438465,20.044579,21.82153,19.208374,18.750954,18.823112,18.613487,16.482773,16.071112,0.0,4.0,4.0,4.0,0.0,0.0,0.0,0.0
11283,2023.0,3.0,20.0,8.0,18.894222,19.208992,18.162247,18.500238,18.059511,17.614891,18.53368,18.647085,20.054274,21.607239,18.318779,18.360243,19.405918,19.516815,19.518856,20.219221,17.366983,18.017965,4.0,0.0,4.0,0.0,4.0,4.0,4.0,4.0
11284,2023.0,3.0,20.0,8.0,18.702114,19.0321,20.259567,22.806446,17.516838,16.994333,18.316639,18.45242,18.167429,17.920832,20.342905,22.313536,19.465054,19.620535,18.49651,18.143848,20.708508,23.781967,4.0,0.0,4.0,0.0,4.0,4.0,0.0,0.0
11285,2023.0,3.0,20.0,8.0,18.559544,18.91512,20.054039,22.158953,17.895054,17.956938,17.515747,17.125675,17.159958,16.704544,20.051546,21.714787,18.720026,18.306383,17.838736,17.398806,17.743568,17.661968,0.0,4.0,0.0,0.0,0.0,0.0,0.0,0.0
11286,2023.0,3.0,20.0,9.0,18.439613,18.814253,17.929762,17.930185,17.371208,16.980999,17.0368,16.567902,17.044437,16.821955,18.137922,17.935312,18.272427,17.77619,17.56956,17.13571,16.52685,16.176897,0.0,0.0,0.0,0.0,0.0,0.0,0.0,0.0
11287,2023.0,3.0,20.0,9.0,17.67518,17.46832,17.208591,17.03475,17.029049,16.548277,16.840643,16.375698,16.956142,16.7787,17.541903,17.277687,18.097641,17.599714,18.440365,18.93494,16.448112,16.276169,0.0,0.0,0.0,0.0,0.0,0.0,4.0,0.0
11288,2023.0,3.0,20.0,9.0,18.049805,18.397789,16.978224,16.840317,16.858921,16.395216,17.656734,18.092676,16.821434,16.65768,17.36119,17.147802,17.971926,17.490238,17.662905,17.336777,16.350569,16.212566,0.0,0.0,4.0,0.0,0.0,0.0,0.0,0.0
11289,2023.0,3.0,20.0,9.0,17.436726,17.257837,17.224949,17.494867,16.97062,16.775099,17.617376,17.908018,16.69766,16.541636,17.157297,16.95603,18.11204,17.892845,17.317677,16.918863,16.227785,16.09776,4.0,0.0,4.0,0.0,0.0,0.0,0.0,0.0
11290,2023.0,3.0,20.0,9.0,17.13394,16.887009,20.222347,22.885223,17.654356,18.130507,16.877518,16.578543,16.58731,16.439861,16.979864,16.787352,18.908342,19.444748,17.172665,16.787968,16.120447,15.998433,0.0,4.0,0.0,0.0,0.0,4.0,0.0,0.0
11291,2023.0,3.0,20.0,9.0,16.956623,16.716448,18.550474,19.266233,17.314795,17.363796,16.485226,16.099983,16.47307,16.334644,16.800896,16.623613,18.890472,19.167114,17.234468,17.059456,16.00857,15.893877,4.0,0.0,0.0,0.0,0.0,4.0,0.0,0.0
11292,2023.0,3.0,20.0,10.0,17.07559,17.083185,20.222706,22.448519,16.77221,16.435837,16.351263,15.9709015,16.387772,16.253283,16.671701,16.49753,18.857136,19.114098,17.218288,17.078342,15.925669,15.814724,0.0,0.0,0.0,0.0,0.0,4.0,0.0,0.0
11293,2023.0,3.0,20.0,10.0,17.088142,17.152319,18.12173,18.196066,17.182217,17.390038,16.445677,16.292849,16.300646,16.17349,16.542156,16.381325,18.870518,19.137594,17.147804,17.012884,15.839816,15.734642,0.0,4.0,0.0,0.0,0.0,4.0,0.0,0.0
11294,2023.0,3.0,20.0,10.0,17.024975,17.097359,17.355404,17.21408,16.681421,16.408737,16.450949,16.351852,16.233698,16.109463,16.446274,16.289957,18.143904,17.77009,17.085117,16.951735,15.773741,15.670739,0.0,0.0,0.0,0.0,0.0,0.0,0.0,0.0
11295,2023.0,3.0,20.0,10.0,16.958605,17.03683,17.582384,17.874596,17.129316,17.388584,16.394007,16.30415,16.17259,16.052748,16.35825,16.20895,17.885273,17.45741,17.02609,16.895386,15.712128,15.609644,4.0,4.0,0.0,0.0,0.0,0.0,0.0,0.0
11296,2023.0,3.0,20.0,10.0,16.898472,16.983177,20.235056,22.693825,16.62532,16.395477,17.057714,17.604229,16.11813,16.001194,16.27969,16.13648,17.780342,17.364222,16.973585,16.84662,15.660073,15.560895,0.0,0.0,4.0,0.0,0.0,0.0,0.0,0.0
11297,2023.0,3.0,20.0,10.0,16.834686,16.92545,18.37125,18.794952,16.294193,15.969816,17.342089,17.954456,16.062117,15.949079,16.199379,16.064081,17.687035,17.283531,17.92224,18.682508,15.606771,15.510722,0.0,0.0,4.0,0.0,0.0,0.0,4.0,0.0
11298,2023.0,3.0,20.0,11.0,16.782,16.876814,17.422068,17.364212,16.198807,15.875146,16.558517,16.431173,16.019497,15.908357,16.529507,16.737356,18.64267,19.18798,17.086363,16.877106,15.566746,15.472309,0.0,0.0,0.0,0.0,4.0,4.0,0.0,0.0
11299,2023.0,3.0,20.0,11.0,16.732126,16.831596,17.120396,17.032564,16.316914,16.191519,16.884312,17.192646,15.980998,15.873249,20.195328,23.03713,17.95463,17.687256,16.780638,16.476952,15.531285,15.439844,0.0,0.0,4.0,0.0,0.0,0.0,0.0,0.0
11300,2023.0,3.0,20.0,11.0,16.688824,16.799734,16.88236,16.79906,16.351744,16.274162,16.465445,16.327518,15.941512,15.837503,18.164976,18.588024,18.348967,18.6696,16.675074,16.379784,15.495727,15.407629,0.0,0.0,0.0,0.0,0.0,4.0,0.0,0.0
11301,2023.0,3.0,20.0,11.0,16.645813,16.75897,16.713875,16.61855,16.318176,16.248508,16.157583,15.879848,15.909007,15.806141,17.135595,16.977747,18.538868,18.897612,16.604937,16.31543,15.467093,15.3802,0.0,0.0,0.0,0.0,0.0,4.0,0.0,0.0
11302,2023.0,3.0,20.0,11.0,16.60931,16.729448,16.587967,16.508102,16.282366,16.220758,16.056738,15.795216,15.881905,15.783693,16.93403,16.78541,18.60031,18.960476,17.797134,18.640486,16.343266,17.051304,0.0,0.0,0.0,0.0,0.0,4.0,4.0,4.0
11303,2023.0,3.0,20.0,11.0,17.337208,18.131645,16.471258,16.396582,16.246515,16.19019,16.139856,16.051907,15.856443,15.761276,16.776894,16.630936,17.93262,17.665749,17.000053,16.852768,20.346077,23.8632,0.0,0.0,0.0,0.0,0.0,0.0,0.0,0.0
11304,2023.0,3.0,20.0,12.0,16.96296,17.207426,16.350796,16.284174,16.208605,16.157831,16.156017,16.109035,15.831472,15.739696,16.636547,16.498283,17.626446,17.288301,16.575476,16.326523,17.4637,17.661583,0.0,0.0,0.0,0.0,0.0,0.0,0.0,0.0
11305,2023.0,3.0,20.0,12.0,21.156788,24.63152,16.260258,16.197037,21.126377,24.824043,21.115814,24.852465,15.812922,15.723749,16.53686,16.401245,22.08451,24.893843,22.061214,25.709625,16.457848,16.19265,0.0,0.0,0.0,0.0,0.0,4.0,0.0,0.0
11306,2023.0,3.0,20.0,12.0,21.025991,23.87673,16.16513,16.108976,21.006472,24.00998,21.008099,24.064857,15.796626,15.7106695,16.438679,16.309557,21.7854,24.233435,22.17562,25.420195,16.305552,16.184801,0.0,0.0,0.0,0.0,0.0,0.0,0.0,0.0
11307,2023.0,3.0,20.0,12.0,21.079958,23.689383,16.07961,16.0302,21.064438,23.73781,21.089746,23.862211,15.786161,15.703776,16.355516,16.232567,20.964775,22.479641,21.286072,23.601067,16.19398,16.088373,0.0,4.0,0.0,0.0,0.0,0.0,0.0,0.0
11308,2023.0,3.0,20.0,12.0,21.065468,23.462786,15.999444,15.952322,21.050253,23.470184,21.070375,23.583128,15.779941,15.699763,16.282766,16.161966,21.074007,22.555717,21.092697,23.046055,16.08338,15.981974,0.0,4.0,0.0,0.0,0.0,0.0,0.0,0.0
11309,2023.0,3.0,20.0,12.0,21.157955,23.489273,15.929704,15.886962,21.193449,23.56202,21.173424,23.598913,15.777487,15.700002,16.223627,16.10688,21.107374,22.521317,21.140417,23.018322,16.002245,15.907727,0.0,0.0,0.0,0.0,0.0,0.0,0.0,0.0
11310,2023.0,3.0,20.0,13.0,21.049547,23.180746,15.871869,15.838197,21.036953,23.092539,21.053904,23.251146,15.777515,15.70258,16.17662,16.066332,21.007023,22.247463,21.044306,22.743551,15.940608,15.852683,0.0,4.0,0.0,0.0,0.0,4.0,0.0,0.0
11311,2023.0,3.0,20.0,13.0,21.144497,23.288128,15.81693,15.789079,21.134016,23.178585,21.157133,23.360893,15.780091,15.708531,16.135618,16.030186,21.06936,22.30368,21.12829,22.834797,15.891551,15.810471,0.0,4.0,0.0,0.0,0.0,4.0,0.0,0.0
11312,2023.0,3.0,20.0,13.0,21.094397,23.074669,15.769638,15.749482,21.125332,23.055937,21.149612,23.244883,15.784197,15.715799,16.102753,16.002897,21.114424,22.351604,21.121613,22.738226,15.853986,15.779058,0.0,4.0,0.0,0.0,0.0,0.0,0.0,0.0
11313,2023.0,3.0,20.0,13.0,21.155886,23.171907,15.726912,15.714205,21.120007,22.98832,21.144886,23.182407,15.789464,15.724062,16.075306,15.980601,21.109196,22.277231,21.117954,22.684734,15.823978,15.75456,0.0,4.0,0.0,0.0,0.0,0.0,0.0,0.0
11314,2023.0,3.0,20.0,13.0,21.062923,22.937958,15.691129,15.688574,21.05008,22.822031,21.035667,22.925169,16.622143,17.295761,16.053759,15.965225,21.046839,22.128876,21.047998,22.524439,15.800758,15.736905,0.0,4.0,4.0,4.0,0.0,0.0,0.0,0.0
11315,2023.0,3.0,20.0,13.0,21.048353,22.849815,15.656131,15.660537,21.081505,22.8695,21.074429,22.997055,20.321331,23.498165,16.034145,15.950221,21.04166,22.111261,21.055708,22.511583,15.781352,15.7221775,0.0,0.0,0.0,0.0,0.0,0.0,0.0,0.0
11316,2023.0,3.0,20.0,14.0,21.076391,22.89694,15.624277,15.634843,21.07393,22.818508,21.07948,22.954594,17.78421,18.008911,16.017065,15.937585,21.041563,22.101013,21.053844,22.482914,15.765593,15.710685,0.0,0.0,0.0,0.0,0.0,0.0,0.0,0.0
11317,2023.0,3.0,20.0,14.0,19.355307,19.565027,15.592226,15.605719,19.313229,19.411575,19.210089,19.329012,16.565891,16.42115,16.385891,16.645397,19.963543,20.016624,19.63362,19.727045,15.750347,15.697397,0.0,0.0,0.0,0.0,4.0,0.0,0.0,0.0
11318,2023.0,3.0,20.0,14.0,18.610977,18.55117,15.564009,15.579013,18.667797,18.609303,18.530396,18.49311,16.465904,16.375265,20.277733,23.341463,19.508657,19.37201,19.039467,18.917496,15.737196,15.6852865,0.0,0.0,0.0,0.0,0.0,0.0,0.0,0.0
11319,2023.0,3.0,20.0,14.0,18.391132,18.482111,16.0074,16.43107,19.018154,19.556097,18.203392,18.18502,16.404339,16.328636,18.174429,18.700247,19.285078,19.14683,18.731321,18.606825,15.72095,15.670338,4.0,4.0,0.0,0.0,0.0,0.0,0.0,0.0
11320,2023.0,3.0,20.0,14.0,18.971132,19.739466,20.280676,23.761658,18.339064,18.30648,17.972685,17.948854,16.343374,16.26841,17.151646,17.063059,19.14233,19.004408,18.538088,18.413273,15.7046385,15.654783,4.0,0.0,0.0,0.0,0.0,0.0,0.0,0.0
11321,2023.0,3.0,20.0,14.0,18.30324,18.397833,20.009708,22.714884,17.776205,17.579054,18.444376,19.037483,16.279993,16.207079,16.88701,16.775887,19.000114,18.86743,18.349096,18.230448,15.685728,15.636556,4.0,0.0,4.0,0.0,0.0,0.0,0.0,0.0
11322,2023.0,3.0,20.0,15.0,17.787197,17.750881,20.072542,22.502544,17.510256,17.28887,18.566216,19.20548,16.222414,16.1489,16.736034,16.620401,18.869879,18.735468,18.178947,18.058556,15.666478,15.617056,4.0,0.0,4.0,0.0,0.0,0.0,0.0,0.0
11323,2023.0,3.0,20.0,15.0,17.598352,17.579227,20.083963,22.307478,18.203722,18.770308,17.749918,17.716326,16.968433,17.60034,16.637547,16.531454,18.76804,18.642899,18.045958,17.93701,15.650467,15.602723,0.0,4.0,0.0,4.0,0.0,0.0,0.0,0.0
11324,2023.0,3.0,20.0,15.0,17.580769,17.697403,18.130566,18.389467,17.715553,17.71087,17.282011,17.13828,20.322641,23.266094,16.558413,16.460217,18.676605,18.55632,17.928194,17.825575,15.634342,15.587736,0.0,0.0,0.0,0.0,0.0,0.0,0.0,0.0
11325,2023.0,3.0,20.0,15.0,18.261303,19.05114,17.574783,18.001305,17.918638,18.332705,17.077488,16.923134,18.466982,19.139854,16.489986,16.397375,18.595463,18.479572,17.824043,17.725748,15.618358,15.572602,4.0,4.0,0.0,4.0,0.0,0.0,0.0,0.0
11326,2023.0,3.0,20.0,15.0,18.279564,18.952383,20.28253,22.809072,18.033827,18.516193,16.960064,16.810717,20.35675,22.499798,16.845724,17.115458,19.322897,19.918056,17.745174,17.649818,16.573296,17.387182,0.0,4.0,0.0,0.0,4.0,4.0,0.0,4.0
11327,2023.0,3.0,20.0,15.0,18.247559,18.91183,18.394972,18.874043,17.432465,17.401638,17.668125,18.260195,18.283316,18.389757,20.323288,23.094595,18.876556,18.881012,17.66527,17.57453,21.131523,25.010344,0.0,0.0,4.0,0.0,0.0,0.0,0.0,0.0
11328,2023.0,3.0,20.0,16.0,17.639889,17.771866,17.226402,17.30361,17.734041,18.167166,17.354036,17.495813,17.257854,17.076723,18.346437,18.800575,18.42263,18.191118,17.591629,17.504797,18.087168,18.439697,0.0,4.0,0.0,0.0,0.0,0.0,0.0,0.0
11329,2023.0,3.0,20.0,16.0,17.34506,17.355764,17.413803,17.822105,17.867556,18.359755,16.947731,16.832596,17.865355,18.42268,17.41279,17.32881,18.274145,18.008152,17.530031,17.442913,17.85804,18.476686,4.0,4.0,0.0,4.0,0.0,0.0,0.0,4.0
11330,2023.0,3.0,20.0,16.0,17.212112,17.208778,20.278215,22.867462,17.286137,17.26875,16.787777,16.643047,20.290987,22.621325,17.185083,17.072672,18.95379,19.36495,17.47297,17.387447,20.30871,22.827356,0.0,0.0,0.0,0.0,0.0,4.0,0.0,0.0
11331,2023.0,3.0,20.0,16.0,17.825335,18.450132,18.511963,19.082535,16.921503,16.775743,16.78851,16.755762,18.796942,19.378294,17.01536,16.906473,18.491661,18.315252,17.41263,17.32847,18.060225,18.19453,4.0,0.0,0.0,4.0,0.0,0.0,0.0,0.0
11332,2023.0,3.0,20.0,16.0,17.985498,18.644276,20.227093,22.363243,17.467005,17.880173,17.47333,18.086681,20.296267,22.129738,16.90148,16.789837,18.235518,17.957052,17.361456,17.277504,17.224842,17.010317,4.0,4.0,4.0,0.0,0.0,0.0,0.0,0.0
11333,2023.0,3.0,20.0,16.0,18.006302,18.6492,20.031889,21.833786,17.101234,17.068317,16.999403,16.999346,18.971144,19.482742,16.790487,16.683195,18.887367,19.28448,17.308626,17.225769,17.925688,18.635262,4.0,0.0,0.0,4.0,0.0,4.0,0.0,4.0
11334,2023.0,3.0,20.0,17.0,18.039553,18.68308,20.079195,21.839369,17.425447,17.847807,16.595802,16.453749,20.2533,22.09012,16.693027,16.588795,19.12795,19.558117,17.257921,17.175482,20.308893,22.7178,0.0,4.0,0.0,0.0,0.0,4.0,0.0,0.0
11335,2023.0,3.0,20.0,17.0,18.054842,18.692703,18.398136,18.537792,17.61609,18.081032,16.463263,16.300035,18.465862,18.478624,16.611538,16.51279,19.165247,19.589449,17.211327,17.129566,18.799894,19.487337,0.0,4.0,0.0,0.0,0.0,4.0,0.0,4.0
11336,2023.0,3.0,20.0,17.0,18.062336,18.694744,18.19064,18.52447,17.633677,18.093458,17.23821,17.825863,17.736723,17.452717,16.550476,16.453657,19.187574,19.606203,17.172684,17.091007,20.26801,22.275454,4.0,4.0,4.0,0.0,0.0,4.0,0.0,0.0
11337,2023.0,3.0,20.0,17.0,18.065723,18.69143,20.236214,22.230406,17.05367,17.00275,17.578058,18.239624,17.5648,17.421463,16.484413,16.389585,19.207546,19.620146,17.133268,17.05245,18.995476,19.638035,4.0,0.0,4.0,0.0,0.0,4.0,0.0,4.0
11338,2023.0,3.0,20.0,17.0,18.060938,18.67722,20.030787,21.693554,17.368114,17.775307,16.867237,16.838797,17.414808,17.295292,16.833342,17.10028,18.516117,18.303959,17.094873,17.014313,20.249586,22.209589,4.0,4.0,0.0,0.0,4.0,0.0,0.0,0.0
11339,2023.0,3.0,20.0,17.0,17.43921,17.514748,20.059156,21.662607,17.55368,18.00274,17.143394,17.568388,17.254076,17.140184,20.414936,23.107208,18.932005,19.308205,17.05879,16.978472,18.305872,18.307852,4.0,4.0,4.0,0.0,0.0,4.0,0.0,0.0
11340,2023.0,3.0,20.0,18.0,17.797142,18.39249,20.053741,21.58631,17.569921,18.013632,17.335169,17.794733,17.1147,17.00529,18.326878,18.727074,19.1349,19.53706,17.023886,16.941736,17.337145,17.09928,4.0,4.0,4.0,0.0,0.0,4.0,0.0,0.0
11341,2023.0,3.0,20.0,18.0,21.34794,24.470417,20.0712,21.585058,21.3464,24.561872,21.226383,24.516754,16.990725,16.880756,17.143064,17.080301,21.269896,23.30625,22.264791,25.730232,17.003412,16.735933,0.0,4.0,0.0,0.0,0.0,4.0,0.0,0.0
11342,2023.0,3.0,20.0,18.0,21.036747,23.512896,18.825655,19.1363,21.013453,23.503588,21.028751,23.688784,16.887356,16.780388,16.8895,16.78831,21.045107,22.640736,21.95607,24.755667,16.930157,16.805294,4.0,4.0,0.0,0.0,0.0,0.0,0.0,0.0
11343,2023.0,3.0,20.0,18.0,21.059872,23.29417,20.223919,22.041498,21.072296,23.347797,21.072783,23.462517,16.798977,16.693903,16.752935,16.64211,21.06223,22.502874,21.077728,23.076675,16.835356,16.726954,0.0,4.0,4.0,0.0,0.0,0.0,0.0,0.0
11344,2023.0,3.0,20.0,18.0,21.056717,23.122946,18.812752,19.145697,21.062449,23.140968,21.066517,23.252642,16.722841,16.620544,16.650879,16.54183,21.058254,22.369637,21.059752,22.885845,16.71789,16.614344,4.0,4.0,4.0,0.0,0.0,0.0,0.0,0.0
11345,2023.0,3.0,20.0,18.0,21.08079,23.073223,20.21929,22.086756,21.061443,23.003828,21.089045,23.176447,16.654863,16.553802,16.561947,16.451227,21.057192,22.275034,21.060146,22.771893,16.61575,16.51602,0.0,4.0,0.0,0.0,0.0,0.0,0.0,0.0
11346,2023.0,3.0,20.0,19.0,21.04858,22.897007,18.776361,19.102205,21.05971,22.89957,21.082647,23.054556,16.594698,16.4953,16.485651,16.376738,21.0435,22.203562,21.0587,22.68219,17.54261,18.354116,4.0,4.0,0.0,0.0,0.0,0.0,0.0,4.0
11347,2023.0,3.0,20.0,19.0,21.052738,22.839504,20.22613,22.107475,21.058044,22.819136,21.057293,22.900421,16.542557,16.446232,16.41882,16.311333,21.044107,22.168762,21.057465,22.61281,20.323917,22.974367,4.0,4.0,4.0,0.0,0.0,0.0,0.0,0.0
11348,2023.0,3.0,20.0,19.0,21.051151,22.786057,20.046259,21.619566,21.081089,22.823242,21.06055,22.845846,17.309032,17.939144,16.77921,17.04357,21.01371,22.06082,21.056267,22.557577,17.942263,17.96045,0.0,0.0,4.0,4.0,4.0,4.0,0.0,0.0
11349,2023.0,3.0,20.0,19.0,21.076216,22.813883,18.728416,18.984818,21.050333,22.687666,21.083502,22.862553,20.415552,23.181152,20.44897,23.129925,21.030724,22.05417,21.055399,22.513,17.806227,18.39234,4.0,4.0,0.0,0.0,4.0,4.0,0.0,4.0
11350,2023.0,3.0,20.0,19.0,21.043581,22.687283,20.228642,22.071539,21.054733,22.655596,21.07722,22.802578,17.9731,17.988266,20.029556,22.084858,21.028484,22.020252,21.054533,22.475737,21.900318,25.377443,0.0,4.0,0.0,0.0,0.0,4.0,0.0,0.0
11351,2023.0,3.0,20.0,19.0,21.048569,22.666471,18.491056,18.53733,21.077908,22.687817,21.0762,22.75809,17.611284,17.986143,18.086807,18.077505,21.057907,22.072975,21.053791,22.443905,18.895578,19.008106,0.0,0.0,0.0,4.0,0.0,0.0,0.0,0.0
11352,2023.0,3.0,20.0,20.0,21.047417,22.639189,18.109726,18.428911,21.072046,22.641539,21.0603,22.72076,20.371708,22.627192,17.228464,17.098701,21.052282,22.032215,21.053205,22.416546,17.370914,17.087524,4.0,0.0,0.0,4.0,0.0,0.0,0.0,0.0
11353,2023.0,3.0,20.0,20.0,21.046469,22.613663,20.26059,22.25771,21.047102,22.541592,21.061872,22.71411,20.038626,21.806406,17.466991,17.697563,21.052145,22.006155,21.013506,22.287268,17.195787,17.06906,0.0,4.0,0.0,0.0,4.0,0.0,4.0,0.0
11354,2023.0,3.0,20.0,20.0,21.046242,22.590385,18.664818,18.969465,21.076313,22.59805,21.036707,22.633627,18.78307,19.168562,20.321478,22.619553,21.021654,21.90533,21.071976,22.395939,17.081587,16.971424,0.0,0.0,4.0,4.0,0.0,4.0,0.0,0.0
11355,2023.0,3.0,20.0,20.0,21.071707,22.64102,17.694464,17.673508,21.070015,22.561434,21.065712,22.704071,20.28505,22.044472,18.490108,18.767183,21.056486,21.983583,21.061434,22.340065,16.946898,16.841833,0.0,0.0,0.0,4.0,0.0,0.0,0.0,0.0
11356,2023.0,3.0,20.0,20.0,21.065403,22.601913,17.407238,17.33776,21.054787,22.53863,21.07509,22.678698,20.043554,21.508627,17.785816,17.99395,21.020622,21.87702,21.022156,22.204025,17.841784,18.644222,0.0,0.0,0.0,0.0,4.0,4.0,4.0,4.0
11357,2023.0,3.0,20.0,20.0,21.065315,22.576574,17.678852,17.99239,21.031551,22.472027,21.048403,22.571161,18.391575,18.23056,20.293653,22.401068,21.025888,21.881056,21.068995,22.308172,20.849895,23.812975,4.0,4.0,4.0,0.0,0.0,4.0,0.0,0.0
11358,2023.0,3.0,20.0,21.0,21.03843,22.482014,20.273464,22.525045,21.076307,22.551609,21.077438,22.623873,17.522211,17.167307,18.297783,18.264439,21.02537,21.873926,21.060091,22.267567,18.067537,18.02407,4.0,0.0,0.0,0.0,0.0,4.0,0.0,0.0
11359,2023.0,3.0,20.0,21.0,21.07071,22.554462,20.011723,21.74922,21.067005,22.506306,21.044645,22.514708,17.453226,17.303543,17.176529,16.79715,21.055954,21.94581,21.018612,22.136766,17.034826,16.743664,4.0,0.0,4.0,0.0,0.0,0.0,4.0,0.0
11360,2023.0,3.0,20.0,21.0,21.037388,22.453472,20.059626,21.672985,21.05295,22.48454,21.051912,22.512959,18.158195,18.734945,17.529724,17.724335,21.049578,21.916422,21.027763,22.14463,16.966879,16.847023,4.0,0.0,4.0,4.0,4.0,0.0,4.0,0.0
11361,2023.0,3.0,20.0,21.0,21.043293,22.456062,20.053726,21.547726,21.054718,22.487173,21.076153,22.568098,20.343155,22.423925,20.297789,22.452566,21.019896,21.822567,21.06688,22.24253,16.89795,16.79254,4.0,0.0,0.0,0.0,0.0,4.0,0.0,0.0
11362,2023.0,3.0,20.0,21.0,21.04184,22.44547,20.070335,21.512983,21.054146,22.48192,21.07039,22.53741,18.866543,19.242699,18.845863,19.328127,21.024574,21.826395,21.058727,22.208115,16.797844,16.695814,0.0,0.0,0.0,4.0,4.0,4.0,0.0,0.0
11363,2023.0,3.0,20.0,21.0,21.068571,22.509197,18.8098,19.008705,21.053888,22.475307,21.070637,22.518827,20.312443,22.063932,20.275972,22.16155,21.024029,21.820475,21.059061,22.189651,17.727419,18.538284,4.0,0.0,0.0,0.0,0.0,4.0,0.0,4.0
11364,2023.0,3.0,20.0,22.0,21.035902,22.407413,20.22501,21.932661,21.053606,22.4673,21.0294,22.430288,18.995628,19.338339,18.374313,18.265732,21.054253,21.893661,21.01882,22.064945,20.3127,22.80288,0.0,0.0,4.0,4.0,0.0,0.0,4.0,0.0
11365,2023.0,3.0,20.0,22.0,21.041569,22.40807,18.536032,18.51207,21.05328,22.45825,21.061172,22.523046,20.28443,21.884165,17.332277,16.935541,21.0187,21.789095,21.02613,22.074291,18.00302,17.950933,0.0,0.0,0.0,0.0,0.0,4.0,4.0,0.0
11366,2023.0,3.0,20.0,22.0,21.067389,22.469604,17.76709,17.666483,21.028164,22.37988,21.046207,22.442541,18.49749,18.32692,17.25793,17.057356,21.054333,21.872852,21.025356,22.069246,16.961008,16.661367,0.0,4.0,4.0,0.0,0.0,0.0,4.0,0.0
11367,2023.0,3.0,20.0,22.0,21.060932,22.440872,17.565248,17.46141,21.058897,22.457563,21.075085,22.50154,18.231602,18.419504,17.199118,17.03639,21.04783,21.845749,21.066525,22.173033,16.912218,16.793024,0.0,0.0,0.0,4.0,0.0,0.0,0.0,0.0
11368,2023.0,3.0,20.0,22.0,21.06218,22.42732,17.39817,17.300697,21.06804,22.43567,21.068949,22.470198,20.311016,21.962446,17.399944,17.522827,21.048876,21.834192,21.05717,22.138445,16.85185,16.741322,0.0,0.0,0.0,4.0,4.0,0.0,0.0,0.0
11369,2023.0,3.0,20.0,22.0,21.04664,22.410656,17.69691,17.98594,21.06618,22.400894,21.069334,22.452755,20.149605,21.595783,20.3989,22.57431,21.034935,21.821651,21.05761,22.121628,17.588385,18.221302,4.0,0.0,0.0,0.0,4.0,0.0,0.0,4.0
11370,2023.0,3.0,20.0,23.0,21.25707,22.817942,20.275442,22.49458,21.04998,22.37542,21.052582,22.433828,18.452808,18.221651,20.015938,21.705893,21.164537,22.088552,21.05725,22.104809,20.324926,22.832426,0.0,0.0,0.0,0.0,0.0,0.0,0.0,0.0
11371,2023.0,3.0,20.0,23.0,20.076576,20.513021,18.622374,18.98849,19.782196,19.94387,19.72722,19.896076,18.213013,18.326176,18.537779,18.683205,20.10225,20.0363,19.87971,19.849785,18.020788,17.979118,0.0,0.0,0.0,4.0,0.0,0.0,0.0,0.0
11372,2023.0,3.0,20.0,23.0,19.080042,18.86035,17.794079,17.711483,19.13043,19.008184,19.059532,18.950504,17.695745,17.371307,17.855942,17.682627,19.716635,19.519281,19.386581,19.208834,17.980446,18.292656,0.0,0.0,0.0,0.0,0.0,0.0,0.0,4.0
11373,2023.0,3.0,20.0,23.0,18.676104,18.386147,17.552082,17.435062,19.532938,19.988642,18.76939,18.64013,17.973091,18.099546,17.641363,17.45666,19.545315,19.347897,19.153233,18.974379,18.0344,18.376238,0.0,4.0,0.0,4.0,0.0,0.0,0.0,4.0
11374,2023.0,3.0,20.0,23.0,18.44875,18.165142,17.848381,18.1267,18.943481,18.91357,18.556318,18.427607,17.482458,17.159605,17.480124,17.298697,19.405651,19.212166,18.968851,18.79482,17.994753,18.34129,4.0,0.0,0.0,0.0,0.0,0.0,0.0,4.0
11375,2023.0,3.0,20.0,23.0,18.532747,18.525335,17.475876,17.443108,18.303627,17.876123,18.375328,18.245882,17.784563,17.915771,17.343592,17.164328,19.282589,19.091314,18.809597,18.638567,17.262445,16.9929,0.0,0.0,0.0,4.0,0.0,0.0,0.0,0.0
11376,2023.0,3.0,21.0,0.0,18.471146,18.503912,17.234623,17.11953,18.024584,17.55761,18.21928,18.09096,17.26733,16.896849,17.224438,17.0485,19.173697,18.985044,18.670567,18.503237,16.926683,16.580109,0.0,0.0,0.0,0.0,0.0,0.0,0.0,0.0
11377,2023.0,3.0,21.0,0.0,18.359753,18.3913,17.111357,16.985994,18.137434,17.967363,18.074879,17.942263,17.01007,16.608627,17.1135,16.93621,19.072037,18.882164,18.542301,18.37421,16.753403,16.399815,0.0,0.0,0.0,0.0,0.0,0.0,0.0,0.0
11378,2023.0,3.0,21.0,0.0,18.259611,18.293623,17.013836,16.889366,18.066961,17.919933,17.9511,17.821053,17.114885,16.9478,17.017517,16.843424,18.980455,18.787958,18.430748,18.266003,16.830835,16.686283,0.0,0.0,0.0,0.0,0.0,0.0,0.0,0.0
11379,2023.0,3.0,21.0,0.0,18.167995,18.205832,16.929857,16.808474,17.969152,17.827837,17.841091,17.71596,17.081709,16.931103,17.268373,17.39628,18.899105,18.707167,18.330908,18.170572,16.78639,16.65496,0.0,0.0,0.0,0.0,4.0,0.0,0.0,0.0
11380,2023.0,3.0,21.0,0.0,18.082636,18.12321,17.335848,17.638756,17.875721,17.738005,17.739735,17.618076,17.018948,16.872833,17.306963,17.43188,18.824104,18.632126,18.236246,18.074177,16.719948,16.592928,4.0,0.0,0.0,0.0,4.0,0.0,0.0,0.0
11381,2023.0,3.0,21.0,0.0,18.00262,18.044556,17.023989,17.014563,17.787024,17.651266,17.645582,17.525652,16.952314,16.802574,16.99245,16.85776,18.754059,18.56109,18.149502,17.98672,16.652075,16.522337,0.0,0.0,0.0,0.0,0.0,0.0,0.0,0.0
11382,2023.0,3.0,21.0,1.0,17.927181,17.969053,17.313908,17.640274,17.703466,17.568298,17.557726,17.438158,16.889889,16.738235,16.831903,16.664787,18.688377,18.493658,18.068918,17.904657,16.5887,16.457087,4.0,0.0,0.0,0.0,0.0,0.0,0.0,0.0
11383,2023.0,3.0,21.0,1.0,18.607609,19.31012,16.7412,16.503088,17.630836,17.501354,17.481625,17.36776,16.83572,16.686142,16.749685,16.585608,18.631271,18.438908,18.981552,19.68745,16.533764,16.403957,0.0,0.0,0.0,0.0,0.0,0.0,4.0,0.0
11384,2023.0,3.0,21.0,1.0,18.139917,18.313862,16.409725,16.006617,17.561785,17.43574,17.409176,17.29879,16.784655,16.635803,16.677227,16.511288,18.577261,18.385855,18.086979,17.789667,17.18978,17.682339,0.0,0.0,0.0,0.0,0.0,0.0,0.0,4.0
11385,2023.0,3.0,21.0,1.0,17.612562,17.398052,16.273914,15.85241,17.496176,17.371698,17.34029,17.231483,16.736635,16.587412,16.612175,16.4453,18.526003,18.334393,17.74379,17.345984,16.695698,16.603382,0.0,0.0,0.0,0.0,0.0,0.0,0.0,0.0
11386,2023.0,3.0,21.0,1.0,17.426804,17.173792,16.456758,16.313427,17.433153,17.308796,17.274542,17.165636,16.690979,16.540686,16.551765,16.383188,18.4772,18.284655,17.620808,17.223076,16.330135,16.011108,0.0,0.0,0.0,0.0,0.0,0.0,0.0,0.0
11387,2023.0,3.0,21.0,1.0,17.588282,17.60157,16.464338,16.351093,17.378578,17.259418,17.217936,17.114174,16.650824,16.502552,16.500305,16.334631,18.434277,18.243994,17.743536,17.570465,16.959835,17.299774,0.0,0.0,0.0,0.0,0.0,0.0,0.0,4.0
11388,2023.0,3.0,21.0,2.0,17.598267,17.650118,16.429691,16.32239,17.324772,17.208479,17.162304,17.061237,17.183374,17.536884,16.450651,16.285877,18.392366,18.202972,17.73485,17.575588,16.395388,16.10236,0.0,0.0,0.0,4.0,0.0,0.0,0.0,0.0
11389,2023.0,3.0,21.0,2.0,17.55571,17.609722,16.389816,16.283867,17.272026,17.156693,17.10797,17.007652,16.782808,16.658476,16.402676,16.237131,18.351006,18.160887,17.68777,17.528368,16.182146,15.851864,0.0,0.0,0.0,0.0,0.0,0.0,0.0,0.0
11390,2023.0,3.0,21.0,2.0,17.50957,17.562069,16.346952,16.239325,17.218977,17.101786,17.053192,16.950848,16.639252,16.48755,16.35549,16.187231,18.310097,18.117985,17.639338,17.4781,16.097565,15.767846,0.0,0.0,0.0,0.0,0.0,0.0,0.0,0.0
11391,2023.0,3.0,21.0,2.0,17.467066,17.521233,16.309715,16.204945,17.173063,17.058954,17.005606,16.906445,16.589165,16.438541,16.633282,16.746035,18.273287,18.081709,17.594442,17.433893,16.22761,16.09992,0.0,0.0,0.0,0.0,4.0,0.0,0.0,0.0
11392,2023.0,3.0,21.0,2.0,17.426105,17.482315,16.273472,16.171198,17.129026,17.017803,16.959911,16.863766,17.133337,17.501574,16.391672,16.233805,18.238247,18.04747,17.551767,17.392292,16.218342,16.087088,0.0,0.0,0.0,4.0,0.0,0.0,0.0,0.0
11393,2023.0,3.0,21.0,2.0,17.385565,17.442791,16.237663,16.136774,17.08569,16.976254,16.915112,16.820768,16.51727,16.19661,16.292686,16.125877,18.203945,18.013443,17.510212,17.35126,16.912706,17.419512,0.0,0.0,0.0,0.0,0.0,0.0,0.0,4.0
11394,2023.0,3.0,21.0,3.0,17.345482,17.40262,16.202053,16.10165,17.042887,16.934156,16.871082,16.777353,16.285254,15.912845,16.2504,16.084208,18.170088,17.97918,17.469463,17.310247,16.423574,16.336096,0.0,0.0,0.0,0.0,0.0,0.0,0.0,0.0
11395,2023.0,3.0,21.0,3.0,17.305794,17.36236,16.166765,16.066343,17.000822,16.892092,16.82802,16.73407,16.423332,16.271566,16.527578,16.640417,18.137314,17.946096,17.430021,17.270412,16.077951,15.763621,0.0,0.0,0.0,0.0,4.0,0.0,0.0,0.0
11396,2023.0,3.0,21.0,3.0,17.269564,17.328129,16.135027,16.037003,16.962831,16.856722,16.789192,16.69774,16.41919,16.269564,16.281767,16.118721,18.107313,17.917452,17.39388,17.235662,15.969102,15.648694,0.0,0.0,0.0,0.0,0.0,0.0,0.0,0.0
11397,2023.0,3.0,21.0,3.0,17.241575,17.309332,16.102848,16.005579,16.924368,16.819176,16.749811,16.659164,16.389635,16.240528,16.19311,16.026905,18.077253,17.887814,17.35799,17.200157,16.091856,15.966595,0.0,0.0,0.0,0.0,0.0,0.0,0.0,0.0
11398,2023.0,3.0,21.0,3.0,17.217514,17.295517,16.070904,15.97385,16.886492,16.781736,16.710873,16.620619,16.359423,16.210451,16.153,15.987063,18.04789,17.858822,17.323189,17.165747,16.082554,15.951714,0.0,0.0,0.0,0.0,0.0,0.0,0.0,0.0
11399,2023.0,3.0,21.0,3.0,17.186296,17.265377,16.040783,15.945191,16.850718,16.747553,16.674042,16.585392,16.330223,16.18198,16.115906,15.950984,18.019659,17.831478,17.2898,17.133234,16.056479,15.926195,0.0,0.0,0.0,0.0,0.0,0.0,0.0,0.0
11400,2023.0,3.0,21.0,4.0,17.15444,17.234203,16.011215,15.917047,16.815763,16.714111,16.638067,16.55094,16.301947,16.154434,16.081896,15.917906,17.992004,17.804705,17.257265,17.101564,16.03047,15.9007635,0.0,0.0,0.0,0.0,0.0,0.0,0.0,0.0
11401,2023.0,3.0,21.0,4.0,17.12241,17.202372,15.981669,15.888381,16.781046,16.680344,16.602383,16.51622,16.274092,16.126865,16.049208,15.885642,17.964298,17.777319,17.225025,17.069721,16.004179,15.874688,0.0,0.0,0.0,0.0,0.0,0.0,0.0,0.0
11402,2023.0,3.0,21.0,4.0,17.090393,17.16978,15.952496,15.860033,16.746893,16.647074,16.567303,16.48204,16.246935,16.099995,16.01794,15.854781,17.936895,17.750237,17.19333,17.03842,15.9784,15.849126,0.0,0.0,0.0,0.0,0.0,0.0,0.0,0.0
11403,2023.0,3.0,21.0,4.0,17.060331,17.140917,15.925989,15.836562,16.715565,16.61885,16.535152,16.453068,16.810438,17.182983,16.288424,16.387411,17.911003,17.725857,17.163353,17.01001,15.954173,15.826139,0.0,0.0,0.0,4.0,4.0,0.0,0.0,0.0
11404,2023.0,3.0,21.0,4.0,17.029331,17.109703,15.897758,15.808978,16.682486,16.586536,16.50128,16.419943,16.40822,16.294003,16.077785,15.93026,17.884233,17.699402,17.132708,16.979736,15.929477,15.801649,0.0,0.0,0.0,0.0,0.0,0.0,0.0,0.0
11405,2023.0,3.0,21.0,4.0,16.999426,17.080011,15.870549,15.782698,16.650352,16.555597,16.468525,16.388323,16.277912,16.133545,16.277525,16.367481,17.85806,17.673893,17.102877,16.950653,16.62954,17.140375,0.0,0.0,0.0,0.0,4.0,0.0,0.0,4.0
11406,2023.0,3.0,21.0,5.0,16.96919,17.04937,15.843127,15.755529,16.617952,16.523632,16.435717,16.3558,16.81412,17.17758,16.075783,15.9347515,17.831608,17.647596,17.072893,16.920862,16.147814,16.068916,0.0,0.0,0.0,4.0,0.0,0.0,0.0,0.0
11407,2023.0,3.0,21.0,5.0,16.938307,17.017086,15.814842,15.726165,16.584843,16.489792,16.402514,16.321642,16.216349,15.909932,15.974539,15.812801,17.804329,17.619467,17.042402,16.889715,15.826364,15.535273,0.0,0.0,0.0,0.0,0.0,0.0,0.0,0.0
11408,2023.0,3.0,21.0,5.0,16.906927,16.983719,15.785595,15.6951,16.551003,16.454475,16.368565,16.286057,15.987787,15.623583,15.934361,15.7714615,17.776278,17.590094,17.011322,16.85752,16.460318,16.813786,0.0,0.0,0.0,0.0,0.0,0.0,0.0,4.0
11409,2023.0,3.0,21.0,5.0,16.875536,16.950565,15.756352,15.664283,16.517479,16.419662,16.334867,16.250965,16.504398,16.664677,15.896025,15.731834,17.748165,17.560812,16.980347,16.825586,15.899931,15.613564,0.0,0.0,0.0,4.0,0.0,0.0,0.0,0.0
11410,2023.0,3.0,21.0,5.0,16.843967,16.917173,16.217089,16.55069,16.48409,16.38495,16.301363,16.216019,16.06232,15.720943,16.153542,16.242504,17.719833,17.531298,16.949291,16.793564,15.706691,15.383885,4.0,0.0,0.0,0.0,4.0,0.0,0.0,0.0
11411,2023.0,3.0,21.0,5.0,16.812284,16.883335,15.931468,15.925423,16.450506,16.349707,16.267563,16.180504,15.882137,15.510285,15.942333,15.788653,17.691074,17.501114,16.917912,16.760965,15.63117,15.30785,0.0,0.0,0.0,0.0,0.0,0.0,0.0,0.0
11412,2023.0,3.0,21.0,6.0,16.781286,16.851004,15.773593,15.685852,16.417896,16.31628,16.234634,16.146759,16.630444,17.008062,15.848075,15.6791725,17.662785,17.47203,16.887102,16.729584,15.747641,15.604574,0.0,0.0,0.0,4.0,0.0,0.0,0.0,0.0
11413,2023.0,3.0,21.0,6.0,21.215912,24.587414,15.71706,15.619338,21.121971,24.600801,21.080229,24.669544,20.310635,23.30427,16.096283,16.175306,21.563585,24.080332,22.181572,25.615267,15.756213,15.620809,0.0,0.0,0.0,0.0,4.0,0.0,0.0,0.0
11414,2023.0,3.0,21.0,6.0,21.006615,23.703682,15.673897,15.574541,21.011026,23.820194,21.012476,23.953936,17.689194,17.65607,20.33574,23.405819,20.947638,22.778982,22.008,25.078815,15.731446,15.595353,0.0,0.0,0.0,0.0,0.0,0.0,0.0,0.0
11415,2023.0,3.0,21.0,6.0,21.080128,23.543863,15.638119,15.536173,21.084583,23.608992,21.065903,23.67132,17.006294,17.119406,18.296911,18.914473,21.070553,22.80444,20.94562,22.750343,16.46681,17.001347,0.0,0.0,4.0,4.0,4.0,0.0,0.0,4.0
11416,2023.0,3.0,21.0,6.0,21.148891,23.456875,16.07877,16.384403,21.147179,23.495567,21.15138,23.617496,21.62525,24.915247,20.303366,22.881454,21.120995,22.744234,21.197128,23.114437,21.506407,25.525146,4.0,0.0,0.0,0.0,0.0,0.0,0.0,0.0
11417,2023.0,3.0,21.0,6.0,21.748947,24.34701,20.266161,23.538792,21.707357,24.268555,22.073507,24.85507,18.577864,18.587568,18.245266,18.512505,21.740788,23.588772,22.134924,24.410631,18.607761,19.126616,0.0,0.0,0.0,0.0,0.0,4.0,0.0,4.0
11418,2023.0,3.0,21.0,7.0,20.943644,22.664934,17.964018,18.49672,20.944714,22.691038,20.914347,22.618898,17.912914,18.316587,17.357271,17.45841,20.964666,22.06991,20.874233,22.072914,20.33706,22.837164,0.0,0.0,4.0,4.0,4.0,4.0,0.0,4.0
11419,2023.0,3.0,21.0,7.0,21.097288,22.905094,16.948042,17.286053,21.085178,22.917511,21.117334,22.979395,20.86447,23.335373,20.340624,22.717844,21.056309,22.203138,21.052399,22.40566,20.878103,23.401094,4.0,0.0,0.0,4.0,0.0,4.0,4.0,4.0
11420,2023.0,3.0,21.0,7.0,21.032238,22.735498,20.324688,23.195002,21.064447,22.827911,21.081831,22.850248,19.990118,21.535494,18.35276,18.565376,21.065731,22.202238,21.076122,22.454443,20.075544,21.833078,4.0,0.0,0.0,4.0,0.0,0.0,0.0,0.0
11421,2023.0,3.0,21.0,7.0,21.805426,24.001972,20.043287,22.284235,21.041414,22.721527,21.065994,22.804272,20.084951,21.606617,17.213306,17.03943,21.824013,23.428385,21.030167,22.30339,18.791512,19.19975,0.0,4.0,0.0,0.0,0.0,4.0,4.0,4.0
11422,2023.0,3.0,21.0,7.0,20.92471,22.2939,17.860575,17.856174,21.045109,22.699549,21.06716,22.78784,18.849169,19.085402,17.322432,17.461971,20.948023,21.742964,21.07677,22.40169,20.280777,22.197287,0.0,4.0,0.0,4.0,4.0,4.0,0.0,0.0
11423,2023.0,3.0,21.0,7.0,21.073185,22.602297,16.613419,16.202042,21.062098,22.673065,21.066038,22.76663,20.427038,22.188694,20.329826,22.676899,21.047934,21.960337,21.06735,22.354826,18.167374,17.943577,0.0,4.0,0.0,0.0,0.0,4.0,0.0,0.0
11424,2023.0,3.0,21.0,8.0,21.049086,22.557535,16.520424,16.324474,21.058758,22.62167,21.040777,22.678246,18.937721,19.175611,18.68482,19.157265,21.031649,21.936066,21.067558,22.328075,17.1545,16.735569,0.0,4.0,4.0,4.0,4.0,4.0,0.0,0.0
11425,2023.0,3.0,21.0,8.0,19.306694,19.24284,16.469456,16.333317,19.667608,19.92002,19.4232,19.591055,20.427101,22.132032,20.29463,22.294851,20.221048,20.381336,19.666883,19.636293,17.06749,16.872034,0.0,4.0,0.0,4.0,4.0,4.0,0.0,0.0
11426,2023.0,3.0,21.0,8.0,18.33078,18.019663,16.347874,16.216364,18.956747,19.07197,18.129734,17.70505,20.047153,21.354544,20.045082,21.634424,19.890665,20.029268,19.926382,20.643509,16.975256,16.815985,0.0,4.0,0.0,0.0,0.0,4.0,4.0,0.0
11427,2023.0,3.0,21.0,8.0,18.6712,18.95087,16.24178,16.113537,18.739157,18.8667,17.643364,17.167952,18.404734,18.139574,18.520113,18.54956,19.780354,19.933487,19.743067,20.16072,17.764977,18.437603,0.0,4.0,0.0,0.0,4.0,4.0,4.0,4.0
11428,2023.0,3.0,21.0,8.0,18.745867,19.114962,16.627892,16.897821,18.618689,18.757961,17.68378,17.473372,17.725718,17.244995,20.300426,21.83323,19.708588,19.869791,18.723608,18.34517,20.304722,22.765217,4.0,4.0,0.0,0.0,4.0,4.0,0.0,0.0
11429,2023.0,3.0,21.0,8.0,18.012175,17.816832,20.298153,23.253765,17.875477,17.49441,18.306093,18.761446,18.389091,18.813646,20.047913,21.36529,18.980886,18.575836,18.18833,17.752821,17.951153,17.845196,0.0,0.0,4.0,4.0,0.0,0.0,0.0,0.0
11430,2023.0,3.0,21.0,9.0,18.306507,18.648098,18.475838,19.22003,17.434105,16.971521,18.500818,19.04106,20.21223,21.870607,18.696512,18.687672,18.548208,18.058975,17.946964,17.517647,16.883223,16.538338,4.0,0.0,4.0,4.0,4.0,0.0,0.0,0.0
11431,2023.0,3.0,21.0,9.0,18.451288,18.860916,20.281975,22.797312,17.231064,16.778633,17.6211,17.39798,20.050453,21.432531,20.30613,21.86152,19.119963,19.313747,17.770903,17.357075,16.805872,16.637154,4.0,0.0,0.0,0.0,0.0,4.0,0.0,0.0
11432,2023.0,3.0,21.0,9.0,18.432997,18.864506,20.032589,22.024755,17.315063,17.11702,17.082403,16.695475,18.986511,19.254852,18.467125,18.259089,18.618204,18.230057,17.82919,17.632559,16.740562,16.601454,4.0,0.0,0.0,4.0,0.0,0.0,0.0,0.0
11433,2023.0,3.0,21.0,9.0,17.731966,17.589943,20.088425,21.96321,17.312376,17.1723,16.876831,16.481497,20.274584,21.774696,17.701836,17.477875,19.018806,19.243515,17.81076,17.649567,16.638449,16.507519,0.0,0.0,0.0,0.0,0.0,4.0,0.0,0.0
11434,2023.0,3.0,21.0,9.0,17.36759,17.152117,18.50698,18.774645,17.230316,17.102737,16.963066,16.797888,18.528439,18.331247,17.536966,17.33939,18.49736,18.118801,17.733221,17.581488,16.545635,16.419895,4.0,0.0,0.0,0.0,0.0,0.0,0.0,0.0
11435,2023.0,3.0,21.0,9.0,17.24846,17.037914,20.230907,22.08911,17.159288,17.038397,16.965044,16.854006,17.83996,17.397623,17.401052,17.205603,18.993921,19.225767,17.665691,17.518705,16.47778,16.355408,4.0,0.0,0.0,0.0,0.0,4.0,0.0,0.0
11436,2023.0,3.0,21.0,10.0,17.13362,16.925219,20.039888,21.631813,17.080618,16.963676,16.895763,16.791586,17.768835,17.562231,17.253183,17.061714,19.200579,19.46066,17.59148,17.444227,16.405512,16.284782,0.0,0.0,0.0,0.0,0.0,4.0,0.0,0.0
11437,2023.0,3.0,21.0,10.0,18.011555,18.69209,18.337662,18.313053,17.017958,16.914385,16.834034,16.743444,17.656199,17.479315,17.141125,16.968864,19.223572,19.494053,18.514067,19.239923,16.349222,16.236628,0.0,0.0,0.0,0.0,0.0,4.0,4.0,0.0
11438,2023.0,3.0,21.0,10.0,17.427237,17.42623,17.754726,17.614834,16.965662,16.870106,16.781002,16.698782,17.540709,17.375204,17.059864,16.895033,18.532877,18.18893,17.683067,17.453402,16.305891,16.197323,0.0,0.0,0.0,0.0,0.0,0.0,0.0,0.0
11439,2023.0,3.0,21.0,10.0,17.090263,16.922304,17.525059,17.3987,16.913534,16.823334,16.726967,16.650274,17.427023,17.26513,16.9807,16.819761,18.271334,17.855406,17.371449,17.043432,16.265615,16.16003,0.0,0.0,0.0,0.0,0.0,0.0,0.0,0.0
11440,2023.0,3.0,21.0,10.0,17.219217,17.28569,17.34193,17.235834,16.869986,16.78999,16.681845,16.615467,17.338428,17.18871,16.918537,16.7684,18.184046,17.78716,17.285694,16.973356,16.233372,16.13329,0.0,0.0,0.0,0.0,0.0,0.0,0.0,0.0
11441,2023.0,3.0,21.0,10.0,17.198818,17.283995,17.176851,17.075302,16.826468,16.75409,16.637064,16.578129,17.256348,17.113895,16.859344,16.715612,18.114273,17.732632,17.394806,17.271166,16.204365,16.10884,0.0,0.0,0.0,0.0,0.0,0.0,0.0,0.0
11442,2023.0,3.0,21.0,11.0,17.161524,17.257006,17.053825,16.976683,17.506409,18.072792,16.599335,16.551746,17.190649,17.061316,16.812346,16.680101,19.052055,19.594896,17.383123,17.26739,16.180668,16.091213,0.0,4.0,0.0,0.0,0.0,4.0,0.0,0.0
11443,2023.0,3.0,21.0,11.0,17.119318,17.21828,16.928932,16.856152,17.101984,17.188688,16.557121,16.513472,17.123625,16.99703,16.762106,16.631805,18.379967,18.12795,17.352146,17.239397,16.1556,16.067556,0.0,0.0,0.0,0.0,0.0,0.0,0.0,0.0
11444,2023.0,3.0,21.0,11.0,17.076555,17.176931,16.81286,16.740173,16.667974,16.436474,16.514517,16.472727,17.060299,16.933825,16.713226,16.582396,18.112686,17.752354,17.31852,17.205885,16.131367,16.043856,0.0,0.0,0.0,0.0,0.0,0.0,0.0,0.0
11445,2023.0,3.0,21.0,11.0,17.03773,17.141527,16.714668,16.648617,17.252268,17.625668,16.47585,16.43794,17.00571,16.88224,16.670673,16.54182,18.041496,17.687275,17.287195,17.175987,16.108675,16.021479,0.0,4.0,0.0,0.0,0.0,0.0,0.0,0.0
11446,2023.0,3.0,21.0,11.0,17.007027,17.120592,16.619576,16.553577,17.409843,17.83076,16.43653,16.400017,16.953012,16.829323,16.628815,16.49923,18.173296,18.014801,17.255697,17.144207,16.086412,15.998756,0.0,4.0,0.0,0.0,0.0,0.0,0.0,0.0
11447,2023.0,3.0,21.0,11.0,16.98258,17.108534,17.01888,17.377844,16.82928,16.71657,16.401922,16.369795,16.908478,16.788286,16.593426,16.466568,18.177557,18.030907,17.22807,17.118364,16.067196,15.980729,4.0,0.0,0.0,0.0,0.0,0.0,0.0,0.0
11448,2023.0,3.0,21.0,12.0,16.944492,17.066391,20.251648,22.987633,16.588522,16.375483,16.367924,16.339169,16.86653,16.748474,16.559443,16.433865,18.949171,19.51699,17.201433,17.093029,16.048817,15.963232,0.0,0.0,0.0,0.0,0.0,4.0,0.0,0.0
11449,2023.0,3.0,21.0,12.0,21.275335,24.741915,18.31273,18.803745,21.290611,24.711756,21.196585,24.869368,16.825556,16.711369,16.530483,16.409426,21.224546,23.349028,22.791569,26.607203,16.031088,15.948047,0.0,4.0,0.0,0.0,0.0,0.0,0.0,0.0
11450,2023.0,3.0,21.0,12.0,20.989609,23.670664,17.538872,17.955687,21.028381,23.703829,20.991472,23.884768,16.791842,16.681961,16.507067,16.390785,21.039902,22.687727,20.847029,22.820927,16.018612,15.938459,4.0,0.0,4.0,0.0,0.0,0.0,0.0,0.0
11451,2023.0,3.0,21.0,12.0,21.155014,23.715937,20.295687,22.800222,21.092257,23.49997,21.06721,23.683052,16.766039,16.66077,16.487906,16.376198,21.127285,22.641468,21.099134,23.086866,16.012875,15.936321,4.0,0.0,4.0,0.0,0.0,4.0,0.0,0.0
11452,2023.0,3.0,21.0,12.0,21.047773,23.255196,20.026001,22.010479,21.038555,23.18232,21.08918,23.487282,16.74759,16.64674,16.475866,16.368519,21.058847,22.38294,21.049658,22.819624,16.012814,15.940127,0.0,4.0,0.0,0.0,0.0,0.0,0.0,0.0
11453,2023.0,3.0,21.0,12.0,21.05629,23.116364,18.540598,18.958563,21.062832,23.069017,21.061228,23.228441,16.735199,16.639446,16.46976,16.367413,21.05364,22.263199,21.057272,22.705877,16.015583,15.946472,4.0,4.0,4.0,0.0,0.0,0.0,0.0,0.0
11454,2023.0,3.0,21.0,13.0,21.07898,23.072147,20.267881,22.380981,21.081987,23.013842,21.087803,23.172049,16.725267,16.633976,16.4651,16.367697,21.052195,22.17843,21.054863,22.605621,16.020237,15.954777,4.0,0.0,0.0,0.0,0.0,0.0,0.0,0.0
11455,2023.0,3.0,21.0,13.0,21.06838,22.96495,20.02499,21.75491,21.071993,22.905184,21.076357,23.050545,16.715652,16.626684,16.46151,16.366423,21.037783,22.10894,21.050817,22.525162,16.024378,15.961072,0.0,0.0,0.0,0.0,0.0,0.0,0.0,0.0
11456,2023.0,3.0,21.0,13.0,21.04586,22.832666,18.375772,18.495237,21.050617,22.773148,21.079855,22.979753,16.707712,16.621353,16.459284,16.366573,21.040625,22.079525,21.053003,22.472366,16.027699,15.965936,0.0,4.0,0.0,0.0,0.0,0.0,0.0,0.0
11457,2023.0,3.0,21.0,13.0,21.074392,22.862097,17.548485,17.521757,21.051397,22.725988,21.061993,22.909618,16.699863,16.6154,16.455622,16.36501,21.037992,22.045769,21.049366,22.420155,16.031313,15.971355,0.0,4.0,0.0,0.0,0.0,0.0,0.0,0.0
11458,2023.0,3.0,21.0,13.0,21.137835,22.934784,17.307756,17.271303,21.144646,22.891266,21.13401,23.014168,16.692608,16.610056,16.450485,16.361582,21.080112,22.101074,21.10511,22.487514,16.034538,15.976122,0.0,0.0,0.0,0.0,0.0,0.0,0.0,0.0
11459,2023.0,3.0,21.0,13.0,21.0164,22.665594,17.634777,18.05073,21.056704,22.673435,21.026617,22.7545,16.685978,16.605354,16.444822,16.357695,21.031572,21.984327,21.03966,22.32836,16.03759,15.980572,4.0,0.0,4.0,0.0,0.0,0.0,0.0,0.0
11460,2023.0,3.0,21.0,14.0,21.170841,22.96236,20.273718,22.643614,21.070848,22.669514,21.069761,22.8415,16.679932,16.601261,16.439342,16.354061,21.251066,22.388136,21.049927,22.323658,16.040583,15.984838,4.0,0.0,0.0,0.0,0.0,4.0,0.0,0.0
11461,2023.0,3.0,21.0,14.0,19.971218,20.59059,20.036018,21.93096,19.62466,19.887003,19.284515,19.37459,16.674896,16.597553,16.436544,16.352201,20.703064,21.303434,19.760727,19.820698,16.04303,15.988153,0.0,0.0,0.0,0.0,0.0,4.0,0.0,0.0
11462,2023.0,3.0,21.0,14.0,18.881578,18.947815,18.351616,18.540127,19.375328,19.940485,18.271389,18.10404,16.669455,16.593464,16.435144,16.352161,19.702908,19.500418,19.064697,18.955578,16.042229,15.988173,0.0,4.0,0.0,0.0,0.0,0.0,0.0,0.0
11463,2023.0,3.0,21.0,14.0,18.449251,18.380884,17.70231,17.66902,19.359222,19.964598,18.123781,18.077612,16.66339,16.588291,16.43433,16.352772,19.301521,18.95304,18.830006,18.691177,16.038744,15.985126,0.0,4.0,0.0,0.0,0.0,0.0,0.0,0.0
11464,2023.0,3.0,21.0,14.0,18.954092,19.526566,17.508104,17.49555,18.527266,18.468605,17.970325,17.949255,16.656065,16.582283,16.825312,17.090273,19.14838,18.817083,18.679052,18.552399,16.033873,15.980852,0.0,0.0,0.0,0.0,4.0,0.0,0.0,0.0
11465,2023.0,3.0,21.0,14.0,18.400757,18.49144,17.340038,17.333017,18.108814,17.908817,17.816275,17.802298,16.647293,16.574596,20.269037,22.993513,19.756893,20.090746,19.566622,20.351004,16.027842,15.975347,0.0,0.0,0.0,0.0,0.0,4.0,4.0,0.0
11466,2023.0,3.0,21.0,15.0,17.983858,17.968504,17.624887,18.008158,18.50748,18.866266,17.655354,17.647112,16.636488,16.564844,18.371645,18.802586,19.278124,19.07171,18.81841,18.696947,16.020622,15.968698,4.0,4.0,0.0,0.0,0.0,0.0,0.0,0.0
11467,2023.0,3.0,21.0,15.0,18.54424,19.142923,20.267406,22.622663,18.618328,19.065266,18.232544,18.830812,16.626108,16.555683,17.478973,17.385874,18.99918,18.698551,18.429863,18.184835,16.013626,15.9626045,4.0,4.0,4.0,0.0,0.0,0.0,0.0,0.0
11468,2023.0,3.0,21.0,15.0,18.719538,19.35894,20.013855,21.854984,18.584358,19.040743,17.809893,17.915443,16.61633,16.547192,17.254663,17.143589,18.862167,18.566519,18.243988,18.002665,16.00665,15.95664,4.0,4.0,0.0,0.0,0.0,0.0,0.0,0.0
11469,2023.0,3.0,21.0,15.0,18.697588,19.335798,20.073214,21.818348,17.92344,17.846308,17.342058,17.244545,16.608288,16.540897,17.132032,17.024096,19.694027,20.259754,18.220003,18.097683,15.999635,15.950879,0.0,0.0,0.0,0.0,0.0,4.0,0.0,0.0
11470,2023.0,3.0,21.0,15.0,18.068333,18.182226,18.50435,18.689222,18.220743,18.633259,17.810171,18.26751,16.60139,16.535908,17.045025,16.944252,19.140045,18.986706,18.16409,18.060446,15.992336,15.94489,0.0,4.0,4.0,0.0,0.0,0.0,0.0,0.0
11471,2023.0,3.0,21.0,15.0,17.774303,17.783438,17.897688,17.885609,17.75657,17.731016,17.353678,17.345522,16.595148,16.531511,16.986189,16.888597,18.844341,18.57078,18.095139,17.995817,15.985415,15.939196,0.0,0.0,0.0,0.0,0.0,0.0,0.0,0.0
11472,2023.0,3.0,21.0,16.0,17.650372,17.664827,17.693655,17.692694,17.48497,17.350376,17.108624,17.010094,16.587828,16.526283,16.93458,16.843052,19.503578,19.913588,18.03009,17.9359,15.978876,15.934238,0.0,0.0,0.0,0.0,0.0,4.0,0.0,0.0
11473,2023.0,3.0,21.0,16.0,18.266495,18.90803,17.521896,17.523167,17.359783,17.218454,17.000643,16.897993,16.57698,16.515364,16.885324,16.796791,18.962624,18.796785,17.968992,17.877443,16.938414,17.75296,0.0,0.0,0.0,0.0,0.0,0.0,0.0,4.0
11474,2023.0,3.0,21.0,16.0,18.406256,19.074821,17.378698,17.380545,17.367508,17.33177,17.716133,18.326391,16.564245,16.502325,17.215279,17.45848,18.717949,18.456326,17.910923,17.821356,20.287704,23.40503,0.0,0.0,4.0,0.0,4.0,0.0,0.0,0.0
11475,2023.0,3.0,21.0,16.0,18.437222,19.10765,17.68002,18.070602,17.331795,17.320166,17.39729,17.536077,16.549957,16.487919,20.309391,22.787931,18.610704,18.347893,17.850325,17.763035,17.790527,18.017715,4.0,0.0,0.0,0.0,0.0,0.0,0.0,0.0
11476,2023.0,3.0,21.0,16.0,18.456383,19.124006,20.281942,22.609385,17.963072,18.565874,16.972208,16.904284,16.535393,16.473454,18.49919,18.866297,18.653257,18.517595,17.793194,17.707584,16.653172,16.55792,0.0,4.0,0.0,0.0,0.0,0.0,0.0,0.0
11477,2023.0,3.0,21.0,16.0,17.851276,17.986032,18.61257,19.072058,18.231977,18.892727,17.488518,17.97221,16.521505,16.460047,17.455046,17.420086,18.64855,18.534895,17.74052,17.656603,16.490465,16.426151,0.0,4.0,4.0,0.0,0.0,0.0,0.0,0.0
11478,2023.0,3.0,21.0,17.0,18.287884,18.940214,17.79262,17.820963,18.123688,18.634691,17.063377,17.0799,16.508545,16.447697,17.256557,17.166006,18.60961,18.500166,18.762146,19.626646,16.421932,16.361057,0.0,4.0,0.0,0.0,0.0,0.0,4.0,0.0
11479,2023.0,3.0,21.0,17.0,18.391005,19.056866,17.996294,18.37884,17.50909,17.498146,16.816195,16.716576,16.493452,16.432766,17.529644,17.764366,19.354078,19.951952,17.970852,17.89404,16.356363,16.29673,4.0,0.0,0.0,0.0,4.0,4.0,0.0,0.0
11480,2023.0,3.0,21.0,17.0,17.772226,17.88822,20.321018,22.499428,17.22113,17.08631,17.39901,17.875467,17.242203,17.85838,20.279211,22.558252,18.69843,18.556126,17.666521,17.470413,16.298706,16.240158,4.0,0.0,4.0,4.0,0.0,0.0,0.0,0.0
11481,2023.0,3.0,21.0,17.0,18.1527,18.802494,20.019066,21.688988,17.077293,16.930891,17.6245,18.134665,20.321163,23.011745,18.56833,18.884628,19.10609,19.53252,17.554241,17.35508,16.238308,16.18182,4.0,0.0,4.0,4.0,0.0,4.0,0.0,0.0
11482,2023.0,3.0,21.0,17.0,17.673838,17.75775,20.052402,21.620699,17.675701,18.13517,17.651218,18.153711,20.031666,22.080141,17.555376,17.488684,19.330347,19.773651,17.574764,17.478987,16.18267,16.126486,4.0,4.0,4.0,0.0,0.0,4.0,0.0,0.0
11483,2023.0,3.0,21.0,17.0,18.086327,18.729092,20.047298,21.518211,17.877466,18.359898,17.670738,18.16667,18.174004,18.243338,17.324453,17.229355,19.37288,19.808264,17.557928,17.474928,16.135223,16.081356,4.0,4.0,4.0,0.0,0.0,4.0,0.0,0.0
11484,2023.0,3.0,21.0,18.0,17.623104,17.709091,20.046831,21.451086,17.903332,18.38,17.683435,18.173609,17.975592,18.410774,17.18528,17.086283,18.684263,18.478485,17.514967,17.43508,16.091404,16.038403,4.0,4.0,4.0,4.0,0.0,0.0,0.0,0.0
11485,2023.0,3.0,21.0,18.0,21.286913,24.318659,20.046562,21.400942,21.296206,24.252617,21.288088,24.4115,20.277348,22.380316,17.077106,16.978935,21.238047,23.097544,21.492294,24.367243,17.07155,17.93081,4.0,4.0,4.0,4.0,0.0,0.0,0.0,4.0
11486,2023.0,3.0,21.0,18.0,21.00616,23.360077,20.046242,21.361599,21.011795,23.324759,21.013422,23.48267,20.01128,21.633589,16.981249,16.882986,21.002842,22.470098,20.975264,23.066711,20.351189,23.357203,4.0,4.0,4.0,4.0,0.0,4.0,4.0,4.0
11487,2023.0,3.0,21.0,18.0,21.082119,23.271172,20.06358,21.379293,21.087091,23.245205,21.067533,23.327929,20.071014,21.621006,16.896532,16.797787,21.063288,22.441887,21.043459,22.928083,20.02591,22.346085,0.0,0.0,4.0,0.0,0.0,0.0,4.0,0.0
11488,2023.0,3.0,21.0,18.0,21.0449,22.999557,18.99904,19.290272,21.05146,22.978668,21.06086,23.132053,18.449451,18.381298,17.211313,17.453955,21.024727,22.221199,21.07321,22.827375,17.876133,17.914293,4.0,4.0,4.0,0.0,4.0,4.0,0.0,0.0
11489,2023.0,3.0,21.0,18.0,21.162792,23.132801,20.214752,21.821821,21.167917,23.088484,21.162529,23.20429,17.591051,17.301697,20.389185,22.793877,21.163927,22.415539,21.184864,22.909027,17.822557,18.451061,0.0,4.0,4.0,0.0,0.0,4.0,0.0,4.0
11490,2023.0,3.0,21.0,19.0,21.068499,22.848377,18.659618,18.692636,21.078047,22.833963,21.082237,22.96097,17.476023,17.339355,18.464012,18.774183,21.057068,22.154282,21.06415,22.557743,20.319216,22.744339,0.0,0.0,0.0,0.0,0.0,0.0,0.0,0.0
11491,2023.0,3.0,21.0,19.0,21.068445,22.77706,17.929382,17.871004,21.047922,22.680658,21.051973,22.800268,17.381279,17.265278,17.405243,17.329432,21.02209,22.011887,21.0634,22.476719,18.068224,18.075241,0.0,4.0,4.0,0.0,0.0,4.0,0.0,0.0
11492,2023.0,3.0,21.0,19.0,21.052824,22.71721,18.199293,18.556084,21.051409,22.634014,21.080757,22.817171,17.251389,17.135462,17.15823,17.042791,21.026327,21.98565,21.049612,22.411545,17.014706,16.759653,4.0,4.0,0.0,0.0,0.0,4.0,0.0,0.0
11493,2023.0,3.0,21.0,19.0,21.029198,22.62393,20.23431,22.124367,21.051182,22.591059,21.050156,22.685524,17.927172,18.514217,17.425743,17.663498,21.05611,22.035803,21.01276,22.278076,16.895554,16.78357,4.0,4.0,4.0,4.0,4.0,0.0,4.0,0.0
11494,2023.0,3.0,21.0,19.0,21.047277,22.615793,20.040743,21.570728,21.050745,22.5552,21.05525,22.658455,20.379553,22.64971,20.323818,22.629389,21.020864,21.915398,21.07084,22.38025,16.797867,16.698473,0.0,4.0,4.0,0.0,0.0,4.0,0.0,0.0
11495,2023.0,3.0,21.0,19.0,21.044598,22.577488,18.805265,19.062996,21.050316,22.524324,21.07878,22.69329,18.249859,18.19116,18.791592,19.306173,21.026066,21.906874,21.060606,22.320826,17.69055,18.497295,4.0,4.0,0.0,0.0,4.0,4.0,0.0,4.0
11496,2023.0,3.0,21.0,20.0,21.04457,22.550005,20.22506,21.963419,21.074806,22.56595,21.048578,22.579947,17.255344,16.932524,20.260138,22.219688,21.055609,21.96843,21.061274,22.28801,20.316975,22.861374,0.0,0.0,4.0,0.0,4.0,0.0,0.0,0.0
11497,2023.0,3.0,21.0,20.0,21.044008,22.526463,18.525938,18.496452,21.068913,22.524649,21.077944,22.632526,17.200764,17.055674,20.043049,21.576443,21.050127,21.934757,21.0485,22.258495,17.947098,17.900093,0.0,0.0,0.0,0.0,0.0,0.0,0.0,0.0
11498,2023.0,3.0,21.0,20.0,21.070099,22.57862,18.217638,18.50188,21.06884,22.497587,21.046967,22.524368,17.153954,17.03208,18.385256,18.244703,21.020185,21.836815,21.04961,22.2532,17.83687,18.397676,4.0,0.0,4.0,0.0,0.0,4.0,0.0,4.0
11499,2023.0,3.0,21.0,20.0,21.0378,22.470604,20.254175,22.110308,21.053116,22.472937,21.052162,22.516346,17.854877,18.445246,17.437105,17.033323,21.024881,21.8382,21.049326,22.24405,20.318094,22.646124,0.0,0.0,4.0,4.0,0.0,4.0,0.0,0.0
11500,2023.0,3.0,21.0,20.0,21.043062,22.464855,19.101192,19.661852,21.029907,22.406696,21.076025,22.567844,20.296286,22.548368,17.356195,17.154858,21.054548,21.908962,21.04895,22.234198,18.778212,19.312223,4.0,4.0,0.0,0.0,0.0,0.0,0.0,4.0
11501,2023.0,3.0,21.0,20.0,21.202965,22.77089,20.227606,21.907385,21.232914,22.815405,21.19013,22.756638,18.180685,18.098583,17.29631,17.13541,21.186333,22.138283,21.362434,22.824724,20.289768,22.347628,4.0,4.0,4.0,0.0,0.0,4.0,4.0,0.0
11502,2023.0,3.0,21.0,21.0,21.041525,22.430534,20.044367,21.43647,21.073627,22.481112,21.075302,22.5285,17.929237,18.25596,17.175064,17.021202,21.054205,21.88084,21.06762,22.229177,18.214111,18.10739,0.0,0.0,0.0,4.0,0.0,0.0,0.0,0.0
11503,2023.0,3.0,21.0,21.0,21.041563,22.420036,18.529747,18.455187,21.041796,22.371529,21.044918,22.43237,20.349405,22.345182,17.06612,16.918648,21.0487,21.855959,21.058195,22.187689,18.165628,18.677597,0.0,4.0,4.0,0.0,0.0,0.0,0.0,4.0
11504,2023.0,3.0,21.0,21.0,21.041376,22.407053,17.85796,17.743307,21.04722,22.36515,21.050343,22.433357,18.870436,19.230375,17.351883,17.543783,21.01881,21.764904,21.058876,22.167765,20.284952,22.33064,0.0,4.0,4.0,4.0,4.0,4.0,0.0,0.0
11505,2023.0,3.0,21.0,21.0,21.040833,22.394678,17.67445,17.569233,21.071459,22.419083,21.074453,22.491676,20.395098,22.215956,20.387068,22.606518,21.023722,21.772078,21.046036,22.14833,18.203152,18.066027,0.0,0.0,0.0,0.0,4.0,4.0,0.0,0.0
11506,2023.0,3.0,21.0,21.0,21.040335,22.381907,17.951456,18.228407,21.065985,22.389107,21.06891,22.46393,18.418665,18.244019,20.01678,21.744713,21.02329,21.768888,21.047537,22.151653,17.237719,16.907253,4.0,0.0,0.0,0.0,0.0,4.0,0.0,0.0
11507,2023.0,3.0,21.0,21.0,21.066883,22.443592,20.260683,22.266575,21.066122,22.371151,21.069046,22.44782,17.496103,17.117111,18.217548,18.067741,21.053701,21.844343,21.047115,22.14869,17.155308,17.007372,4.0,0.0,0.0,0.0,0.0,0.0,0.0,0.0
11508,2023.0,3.0,21.0,22.0,21.03495,22.343323,20.02235,21.56475,21.050224,22.354473,21.028313,22.364134,17.445099,17.271421,17.241055,16.822878,21.04826,21.819468,21.046984,22.144606,18.066051,18.829943,4.0,0.0,4.0,0.0,0.0,0.0,0.0,4.0
11509,2023.0,3.0,21.0,22.0,21.067274,22.419405,20.055613,21.486263,21.0522,22.364702,21.035522,22.392752,17.376673,17.223713,17.19496,16.986492,21.04862,21.806168,21.0469,22.139477,20.277388,22.488194,4.0,0.0,4.0,0.0,0.0,0.0,0.0,0.0
11510,2023.0,3.0,21.0,22.0,21.034618,22.321081,20.068153,21.428164,21.051928,22.36606,21.075603,22.46967,17.912098,18.343962,17.49229,17.612192,21.004797,21.714676,21.046768,22.133636,18.109215,17.988592,0.0,0.0,0.0,4.0,4.0,4.0,0.0,0.0
11511,2023.0,3.0,21.0,22.0,21.067173,22.398975,18.51019,18.367184,21.051868,22.364862,21.043491,22.36368,20.409248,22.606203,20.382605,22.46826,21.05539,21.823307,21.046751,22.127697,17.110756,16.76861,0.0,0.0,4.0,4.0,4.0,0.0,0.0,0.0
11512,2023.0,3.0,21.0,22.0,21.0605,22.37194,18.323824,18.583065,21.051582,22.361235,21.074387,22.430021,20.038664,21.618856,20.011356,21.623203,21.047815,21.792557,21.006184,22.013412,17.052385,16.903206,4.0,0.0,0.0,0.0,0.0,0.0,4.0,0.0
11513,2023.0,3.0,21.0,22.0,21.168173,22.573305,20.208359,21.952337,21.194683,22.64299,21.166147,22.59582,18.28555,18.067682,18.534855,18.612513,21.13747,21.95801,21.206434,22.419367,16.976954,16.838692,4.0,0.0,0.0,0.0,0.0,0.0,0.0,0.0
11514,2023.0,3.0,21.0,23.0,21.045256,22.34134,20.03624,21.445086,21.05136,22.34599,21.067732,22.37952,17.399029,16.979889,17.688456,17.509722,21.034245,21.76452,21.056023,22.090235,16.86237,16.72285,0.0,0.0,0.0,0.0,0.0,0.0,0.0,0.0
11515,2023.0,3.0,21.0,23.0,19.862827,20.088726,18.485132,18.369278,19.774008,19.896658,19.751238,19.875486,17.367239,17.162008,17.4529,17.264748,20.10561,19.992489,19.596468,19.274387,16.772614,16.642748,0.0,0.0,0.0,0.0,0.0,0.0,0.0,0.0
11516,2023.0,3.0,21.0,23.0,19.30499,19.318169,17.71665,17.236757,19.127306,18.96826,19.089922,18.945015,17.951685,18.337057,17.314695,17.119411,20.496603,20.954878,19.264925,19.032234,16.696547,16.560682,0.0,0.0,0.0,4.0,0.0,4.0,0.0,0.0
11517,2023.0,3.0,21.0,23.0,19.060587,19.06931,17.713558,17.491114,18.857857,18.685356,18.804132,18.649626,17.487003,17.362482,17.202143,17.012423,19.57072,19.14193,19.096514,18.893238,16.628286,16.492817,0.0,0.0,0.0,0.0,0.0,0.0,0.0,0.0
11518,2023.0,3.0,21.0,23.0,19.601364,20.2547,17.641008,17.482819,18.652208,18.476566,18.58165,18.424545,17.883524,18.271906,17.418724,17.511497,19.922935,20.066895,18.91941,18.720615,16.563887,16.426905,0.0,0.0,0.0,4.0,4.0,4.0,0.0,0.0
11519,2023.0,3.0,21.0,23.0,19.657557,20.331797,17.513872,17.361528,18.484528,18.312786,18.399578,18.247013,17.187988,16.840967,17.149975,16.983755,19.967073,20.112154,18.767582,18.575544,16.504955,16.367964,0.0,0.0,0.0,0.0,0.0,4.0,0.0,0.0
11520,2023.0,3.0,22.0,0.0,18.731989,18.597239,17.396582,17.245604,18.336815,18.167198,18.239147,18.08902,16.880997,16.477701,17.291965,17.3792,19.269564,18.841137,18.630924,18.443413,16.449303,16.3116,0.0,0.0,0.0,0.0,4.0,0.0,0.0,0.0
11521,2023.0,3.0,22.0,0.0,19.021318,19.357834,17.28791,17.13582,18.202854,18.032665,18.09381,17.943121,17.360844,17.493189,17.020256,16.83963,18.941118,18.422846,18.505756,18.319738,16.39602,16.256481,0.0,0.0,0.0,4.0,0.0,0.0,0.0,0.0
11522,2023.0,3.0,22.0,0.0,18.395994,18.200703,17.192272,17.042242,18.085728,17.918959,17.967299,17.820168,16.873234,16.486677,16.869762,16.683186,18.783829,18.268698,18.395224,18.213297,16.347212,16.207155,0.0,0.0,0.0,0.0,0.0,0.0,0.0,0.0
11523,2023.0,3.0,22.0,0.0,18.06583,17.760868,17.099386,16.946365,17.97321,17.804169,17.846317,17.696486,16.657335,16.255331,16.782312,16.589693,18.931063,18.695906,18.286432,18.097647,16.299234,16.156729,0.0,0.0,0.0,0.0,0.0,0.0,0.0,0.0
11524,2023.0,3.0,22.0,0.0,17.910303,17.611301,17.017748,16.866257,17.874624,17.708237,17.74076,17.593513,16.779505,16.602753,16.706192,16.513145,18.893623,18.668535,18.19185,18.002987,16.255371,16.112024,0.0,0.0,0.0,0.0,0.0,0.0,0.0,0.0
11525,2023.0,3.0,22.0,0.0,18.054457,18.03413,16.94487,16.797693,17.786932,17.62607,17.647118,17.505554,17.344011,17.689531,16.639418,16.44802,18.82484,18.601414,18.107136,17.920221,16.214808,16.071661,0.0,0.0,0.0,4.0,0.0,0.0,0.0,0.0
11526,2023.0,3.0,22.0,1.0,18.03086,18.043577,16.87412,16.728106,17.70259,17.543726,17.557234,17.417608,16.911215,16.75271,16.575264,16.383192,18.756008,18.531818,18.026667,17.83942,16.1751,16.031054,0.0,0.0,0.0,0.0,0.0,0.0,0.0,0.0
11527,2023.0,3.0,22.0,1.0,17.964792,17.983114,16.811132,16.669333,17.627192,17.47327,17.47691,17.342194,16.761395,16.591246,16.518229,16.328234,18.693407,18.471184,17.954405,17.76933,16.86932,17.370728,0.0,0.0,0.0,0.0,0.0,0.0,0.0,4.0
11528,2023.0,3.0,22.0,1.0,17.900167,17.92309,16.753166,16.615986,17.557789,17.409012,17.403236,17.27356,17.266146,17.59267,16.466076,16.278433,18.635723,18.415674,18.873375,19.559729,17.149096,17.727245,0.0,0.0,0.0,4.0,0.0,0.0,4.0,4.0
11529,2023.0,3.0,22.0,1.0,17.837774,17.864445,16.698666,16.565495,17.4929,17.348408,17.334745,17.209099,16.6744,16.347239,16.700794,16.75959,18.581793,18.363499,17.983091,17.66639,16.32576,16.065353,0.0,0.0,0.0,0.0,4.0,0.0,0.0,0.0
11530,2023.0,3.0,22.0,1.0,17.77655,17.804287,16.645576,16.514164,17.430033,17.287197,17.268543,17.144196,16.42384,16.04288,16.48252,16.298384,18.52987,18.311584,17.658758,17.255524,16.053848,15.730076,0.0,0.0,0.0,0.0,0.0,0.0,0.0,0.0
11531,2023.0,3.0,22.0,1.0,17.72201,17.754473,16.59894,16.472424,17.374401,17.236967,17.210142,17.091082,17.148075,17.510546,16.385883,16.202515,18.484058,18.26856,17.55096,17.157728,15.968608,15.653716,0.0,0.0,0.0,4.0,0.0,0.0,0.0,0.0
11532,2023.0,3.0,22.0,2.0,17.668863,17.70453,16.553585,16.43067,17.32025,17.186794,17.153378,17.038136,16.784325,16.66855,16.339308,16.158281,18.440218,18.22651,17.656288,17.465857,16.830479,17.365803,0.0,0.0,0.0,0.0,0.0,0.0,0.0,4.0
11533,2023.0,3.0,22.0,2.0,17.61769,17.655378,16.509428,16.389023,17.267735,17.137175,17.098555,16.986012,16.438745,16.104435,16.580961,16.64795,19.132368,19.572573,17.647676,17.471596,16.186504,15.935352,0.0,0.0,0.0,0.0,4.0,4.0,0.0,0.0
11534,2023.0,3.0,22.0,2.0,17.568096,17.606926,16.466503,16.347797,17.216978,17.088394,17.04581,16.934982,16.895943,17.056738,16.691872,16.795258,19.37526,19.894611,17.601894,17.42663,16.694849,17.048573,0.0,0.0,0.0,4.0,4.0,4.0,0.0,4.0
11535,2023.0,3.0,22.0,2.0,17.521753,17.562645,16.426563,16.310196,17.169727,17.043892,16.996733,16.888508,16.453505,16.121412,16.71961,16.830093,18.47322,18.091738,17.557325,17.383501,16.14258,15.872557,0.0,0.0,0.0,0.0,4.0,0.0,0.0,0.0
11536,2023.0,3.0,22.0,2.0,17.475988,17.517328,16.387249,16.271753,17.123096,16.998425,16.948463,16.841167,16.259628,15.896195,16.209877,15.836598,18.187727,17.71947,17.5125,17.33895,15.929932,15.618752,0.0,0.0,0.0,0.0,0.0,0.0,0.0,0.0
11537,2023.0,3.0,22.0,2.0,17.431002,17.47234,16.348707,16.233513,17.077377,16.953325,16.901293,16.794357,16.38377,16.221796,16.335104,16.216555,18.089695,17.624493,17.468935,17.295387,15.8526325,15.544505,0.0,0.0,0.0,0.0,4.0,0.0,0.0,0.0
11538,2023.0,3.0,22.0,3.0,17.388622,17.431591,16.31234,16.198969,17.034399,16.912485,16.85691,16.751997,16.375704,16.215742,16.062368,15.687201,18.260126,18.049656,17.42782,17.255278,15.960374,15.827509,0.0,0.0,0.0,0.0,0.0,0.0,0.0,0.0
11539,2023.0,3.0,22.0,3.0,17.349005,17.395082,16.278416,16.16851,16.994343,16.876266,16.81555,16.71446,16.345694,16.187717,16.124693,15.92752,18.251757,18.041674,17.389252,17.21886,16.67919,17.188292,0.0,0.0,0.0,0.0,0.0,0.0,0.0,4.0
11540,2023.0,3.0,22.0,3.0,17.308855,17.35621,16.243534,16.13548,16.953709,16.83756,16.773663,16.67441,16.891575,17.241013,16.131807,15.955628,18.216911,18.008877,17.350727,17.18123,16.18181,16.088196,0.0,0.0,0.0,4.0,0.0,0.0,0.0,0.0
11541,2023.0,3.0,22.0,3.0,17.27707,17.332582,16.207869,16.100046,16.912537,16.796541,16.73144,16.632126,17.133913,17.564398,16.097069,15.921612,18.180576,17.972242,17.312248,17.142511,15.864233,15.571949,0.0,0.0,0.0,4.0,0.0,0.0,0.0,0.0
11542,2023.0,3.0,22.0,3.0,17.251646,17.318033,16.176432,16.072,16.87599,16.763601,16.694002,16.598232,16.413103,16.11493,16.065157,15.892158,18.147068,17.940948,17.277346,17.109806,15.766989,15.473037,0.0,0.0,0.0,0.0,0.0,0.0,0.0,0.0
11543,2023.0,3.0,22.0,3.0,17.219616,17.28801,16.144161,16.041454,16.838629,16.728067,16.655611,16.561634,16.174728,15.824044,16.03268,15.860797,18.113338,17.90819,17.24227,17.075745,16.621756,17.16412,0.0,0.0,0.0,0.0,0.0,0.0,0.0,4.0
11544,2023.0,3.0,22.0,4.0,17.185717,17.254898,16.112328,16.011168,16.801928,16.692947,16.617935,16.525486,16.092451,15.746105,16.001368,15.830401,18.080431,17.876112,17.207968,17.042301,15.991056,15.761508,0.0,0.0,0.0,0.0,0.0,0.0,0.0,0.0
11545,2023.0,3.0,22.0,4.0,17.15116,17.220572,16.080437,15.980206,16.76542,16.657352,16.580715,16.489014,16.198057,16.028263,16.263182,16.346243,18.04806,17.844147,17.17409,17.00884,16.507164,16.877632,0.0,0.0,0.0,0.0,4.0,0.0,0.0,4.0
11546,2023.0,3.0,22.0,4.0,17.117172,17.187235,16.049416,15.950323,16.729942,16.623087,16.544722,16.454044,16.207098,16.052528,16.061283,15.9052725,18.016897,17.813705,17.141329,16.976807,15.945268,15.681854,0.0,0.0,0.0,0.0,0.0,0.0,0.0,0.0
11547,2023.0,3.0,22.0,4.0,17.083548,17.154154,16.01909,15.92099,16.695099,16.589396,16.509619,16.419838,16.179789,16.026367,16.259935,16.343182,17.986597,17.784128,17.109354,16.945555,16.503355,16.872862,0.0,0.0,0.0,0.0,4.0,0.0,0.0,4.0
11548,2023.0,3.0,22.0,4.0,17.050053,17.120798,15.989018,15.891579,16.660503,16.55561,16.474878,16.38565,16.738071,17.10091,16.04834,15.88864,17.95686,17.754892,17.07788,16.914577,16.692095,17.084936,0.0,0.0,0.0,4.0,0.0,0.0,0.0,4.0
11549,2023.0,3.0,22.0,4.0,17.01755,17.088205,15.960113,15.863777,16.627113,16.523563,16.44169,16.353443,16.34114,16.224651,16.248373,16.332573,17.92831,17.72729,17.047573,16.88521,16.006962,15.743122,0.0,0.0,0.0,0.0,4.0,0.0,0.0,0.0
11550,2023.0,3.0,22.0,5.0,16.985142,17.055243,15.930726,15.8345175,16.593193,16.489927,16.408089,16.319777,16.201132,16.048092,16.026052,15.859913,17.899681,17.698877,17.017172,16.855017,15.794468,15.492626,0.0,0.0,0.0,0.0,0.0,0.0,0.0,0.0
11551,2023.0,3.0,22.0,5.0,16.955267,17.02698,15.903988,15.810096,16.562046,16.46136,16.37704,16.2911,16.15961,16.008852,15.940712,15.773075,18.628624,19.102127,16.989077,16.828852,15.712513,15.418224,0.0,0.0,0.0,0.0,0.0,4.0,0.0,0.0
11552,2023.0,3.0,22.0,5.0,16.924786,16.997065,15.876766,15.784376,16.530563,16.431383,16.345215,16.260773,16.1223,15.972522,15.903844,15.738062,18.108997,17.975231,16.96089,16.801826,15.79434,15.653198,0.0,0.0,0.0,0.0,0.0,0.0,0.0,0.0
11553,2023.0,3.0,22.0,5.0,16.893732,16.965542,15.848773,15.756908,16.498608,16.399776,16.312494,16.228514,16.088877,15.939157,15.868147,15.702575,17.733883,17.323765,16.93258,16.774012,15.790312,15.66037,0.0,0.0,0.0,0.0,0.0,0.0,0.0,0.0
11554,2023.0,3.0,22.0,5.0,16.863901,16.93615,15.821218,15.730089,16.467422,16.369291,16.280481,16.197292,16.05863,15.909694,15.83647,15.671646,17.618828,17.194195,16.905224,16.747612,15.759536,15.630382,0.0,0.0,0.0,0.0,0.0,0.0,0.0,0.0
11555,2023.0,3.0,22.0,5.0,16.834919,16.90822,15.795921,15.7075615,16.438375,16.342867,16.25079,16.170286,16.031351,15.884222,15.808249,15.645658,17.780159,17.587822,16.878979,16.72301,15.730075,15.602464,0.0,0.0,0.0,0.0,0.0,0.0,0.0,0.0
11556,2023.0,3.0,22.0,6.0,16.805513,16.879307,15.768904,15.681306,16.407763,16.313038,16.219622,16.139872,16.004593,15.858285,15.780384,15.618625,17.775803,17.57655,16.852499,16.697477,15.700833,15.573947,0.0,0.0,0.0,0.0,0.0,0.0,0.0,0.0
11557,2023.0,3.0,22.0,6.0,21.215633,24.573103,15.74578,15.662559,21.11502,24.600489,21.072226,24.67187,15.981094,15.837661,15.756519,15.598267,21.636393,24.11601,22.04623,25.39181,16.422482,16.960012,0.0,0.0,0.0,0.0,0.0,0.0,0.0,4.0
11558,2023.0,3.0,22.0,6.0,21.007082,23.695507,16.189196,16.51582,21.011251,23.833158,21.012608,23.970287,15.9587345,15.816438,15.729895,15.573322,20.944265,22.68548,21.960522,25.025225,20.396458,23.684824,4.0,0.0,0.0,0.0,0.0,0.0,0.0,4.0
11559,2023.0,3.0,22.0,6.0,21.902338,24.895239,20.282063,23.512688,21.807123,24.939392,22.128708,25.41591,15.940906,15.800309,15.706083,15.550891,21.597097,23.566608,21.833447,24.318138,20.040321,22.53259,0.0,0.0,0.0,0.0,0.0,4.0,0.0,0.0
11560,2023.0,3.0,22.0,6.0,20.919315,22.887033,18.291069,19.065159,20.974422,23.072655,20.908064,22.989237,16.512087,16.885426,15.691025,15.537367,20.945677,22.18514,20.913815,22.4175,18.290974,18.795248,4.0,0.0,0.0,4.0,0.0,0.0,0.0,4.0
11561,2023.0,3.0,22.0,6.0,21.181564,23.311481,20.302473,23.03278,21.169634,23.324396,21.187359,23.406818,20.375788,23.433958,15.984354,16.09966,21.150272,22.483376,21.211157,22.949797,20.331993,22.787916,4.0,0.0,4.0,4.0,4.0,4.0,0.0,0.0
11562,2023.0,3.0,22.0,7.0,21.19502,23.237686,20.047052,22.218594,21.067844,23.015118,21.074469,23.107471,21.150383,24.106636,20.330854,23.4732,21.13606,22.40328,21.056929,22.583597,17.931952,17.834997,0.0,0.0,0.0,0.0,0.0,0.0,0.0,0.0
11563,2023.0,3.0,22.0,7.0,21.068954,22.944605,17.963737,18.003998,21.068289,22.936865,21.087654,23.024265,18.999891,19.436789,18.012339,18.421589,21.02994,22.112514,21.020216,22.438253,16.831907,16.49404,0.0,0.0,0.0,4.0,0.0,4.0,4.0,0.0
11564,2023.0,3.0,22.0,7.0,21.051214,22.809177,16.79379,16.47218,21.066586,22.87126,21.083988,22.933744,20.285286,22.298885,16.64735,16.519728,21.063982,22.159775,21.078346,22.526712,17.739477,18.484129,0.0,0.0,0.0,4.0,0.0,0.0,0.0,4.0
11565,2023.0,3.0,22.0,7.0,21.053446,22.757719,16.672266,16.525808,21.065434,22.819206,21.042187,22.79918,20.020233,21.602306,16.402943,16.250048,21.057463,22.10762,21.06732,22.45551,20.28936,22.698656,0.0,0.0,4.0,4.0,0.0,0.0,0.0,4.0
11566,2023.0,3.0,22.0,7.0,21.077444,22.781836,16.588781,16.482527,21.06222,22.77279,21.047071,22.784624,20.047768,21.533966,16.286314,16.129633,21.024893,21.992668,21.065252,22.410082,20.035715,21.96442,0.0,0.0,4.0,4.0,0.0,4.0,0.0,0.0
11567,2023.0,3.0,22.0,7.0,21.071533,22.727491,16.92886,17.233711,21.039103,22.673473,21.086966,22.830105,20.074293,21.518665,16.205061,16.058128,21.031914,21.988913,21.05356,22.377113,17.99532,17.859686,4.0,4.0,0.0,0.0,0.0,4.0,0.0,0.0
11568,2023.0,3.0,22.0,8.0,21.166407,22.86227,20.314583,23.112135,21.206429,22.985651,21.16455,22.92095,18.945614,19.239994,16.130804,15.986583,21.156424,22.22353,21.217888,22.693054,17.031895,16.693918,0.0,4.0,4.0,4.0,0.0,4.0,0.0,0.0
11569,2023.0,3.0,22.0,8.0,19.853317,20.309698,18.264568,18.723896,19.696173,20.02541,19.185152,19.113682,20.252872,21.798845,16.42609,16.58986,20.277441,20.509531,20.491789,21.224962,17.854666,18.516035,0.0,4.0,0.0,4.0,4.0,4.0,4.0,4.0
11570,2023.0,3.0,22.0,8.0,19.310635,19.715641,17.027525,17.029774,18.423952,18.112984,18.737814,18.924076,20.965828,22.84397,20.474558,23.326666,19.972414,20.176779,19.981966,20.441803,21.633268,24.80613,0.0,0.0,4.0,4.0,4.0,4.0,4.0,0.0
11571,2023.0,3.0,22.0,8.0,19.142551,19.566744,17.170334,17.489346,18.52873,18.682642,18.05308,17.761515,19.986176,21.089418,19.997944,22.18172,19.198877,18.82032,18.905956,18.593815,18.848394,18.909046,4.0,4.0,0.0,0.0,4.0,0.0,0.0,0.0
11572,2023.0,3.0,22.0,8.0,19.014353,19.452068,20.31115,22.956398,17.964397,17.660398,17.582558,17.210106,18.516699,18.2819,20.092808,22.070652,19.510685,19.727425,18.352873,17.9686,17.346766,17.046326,4.0,0.0,0.0,0.0,0.0,4.0,0.0,0.0
11573,2023.0,3.0,22.0,8.0,18.251629,18.12743,20.023138,22.061752,18.194563,18.379593,17.348984,16.981215,17.711967,17.323215,18.111853,18.036003,19.633884,19.875217,18.100788,17.72137,17.14833,16.989584,4.0,4.0,0.0,0.0,0.0,4.0,0.0,0.0
11574,2023.0,3.0,22.0,9.0,18.544693,18.969698,20.086267,21.988983,18.316532,18.581228,18.097591,18.581148,17.598312,17.40117,17.244488,17.069605,18.889132,18.514696,17.915777,17.547535,17.017561,16.882635,0.0,4.0,4.0,0.0,0.0,0.0,0.0,0.0
11575,2023.0,3.0,22.0,9.0,18.663406,19.138542,18.224098,18.266157,18.2673,18.544931,17.772373,17.828636,17.48743,17.324694,17.058157,16.892721,19.270744,19.511734,17.941748,17.761986,16.875732,16.749706,0.0,4.0,0.0,0.0,0.0,4.0,0.0,0.0
11576,2023.0,3.0,22.0,9.0,17.99686,17.929018,17.58343,17.459894,18.225485,18.511547,17.248394,16.955853,17.367985,17.21263,16.934944,16.772337,19.394842,19.6679,18.961517,19.751158,16.771536,16.64855,0.0,4.0,0.0,0.0,0.0,4.0,4.0,0.0
11577,2023.0,3.0,22.0,9.0,17.674667,17.500355,17.379847,17.282871,18.185852,18.480907,17.024765,16.693974,17.25501,17.10765,16.825855,16.670778,19.400785,19.675657,18.061739,17.834267,16.678421,16.561049,0.0,4.0,0.0,0.0,0.0,4.0,0.0,0.0
11578,2023.0,3.0,22.0,9.0,17.519363,17.342915,17.19158,17.095423,17.491879,17.220003,17.09548,16.971647,17.153587,17.01044,16.72909,16.578037,19.407055,19.686201,17.698631,17.35869,16.595469,16.481115,0.0,0.0,0.0,0.0,0.0,4.0,0.0,0.0
11579,2023.0,3.0,22.0,9.0,17.611189,17.651537,17.041119,16.94968,17.890945,18.14323,17.065626,16.981216,17.064735,16.927319,16.645048,16.499636,18.687983,18.335806,17.573952,17.240484,16.523224,16.413116,0.0,4.0,0.0,0.0,0.0,0.0,0.0,0.0
11580,2023.0,3.0,22.0,10.0,17.5891,17.666204,17.38339,17.707886,17.344255,17.095877,16.995735,16.917948,16.985104,16.85139,16.570269,16.428452,18.427544,18.016241,17.646969,17.49178,16.458776,16.351341,4.0,0.0,0.0,0.0,0.0,0.0,0.0,0.0
11581,2023.0,3.0,22.0,10.0,17.529186,17.615597,20.279415,22.780998,17.085358,16.767832,16.932278,16.863302,16.918173,16.790884,16.50786,16.37189,18.323706,17.925413,17.632889,17.502226,16.405258,16.303202,0.0,0.0,0.0,0.0,0.0,0.0,0.0,0.0
11582,2023.0,3.0,22.0,10.0,17.457802,17.546684,18.76101,19.4663,17.627468,17.904964,16.865284,16.804832,16.851936,16.730814,16.449192,16.320236,18.990122,19.278282,17.584887,17.461454,16.3516,16.254036,4.0,4.0,0.0,0.0,0.0,4.0,0.0,0.0
11583,2023.0,3.0,22.0,10.0,17.405142,17.501827,20.207537,22.238789,17.806768,18.179039,16.811476,16.757374,16.804552,16.68654,16.411898,16.28599,18.47619,18.191359,17.544039,17.42463,16.312359,16.217428,4.0,4.0,0.0,0.0,0.0,0.0,0.0,0.0
11584,2023.0,3.0,22.0,10.0,17.360922,17.4738,20.051456,21.781359,17.202656,17.034756,16.754591,16.707361,16.756859,16.642593,16.375288,16.253996,18.17982,17.823349,17.501953,17.38598,16.272923,16.180643,0.0,0.0,0.0,0.0,0.0,0.0,0.0,0.0
11585,2023.0,3.0,22.0,10.0,17.312286,17.433315,18.356686,18.42297,16.893288,16.648558,16.703419,16.664042,16.717495,16.60762,16.730612,16.948664,18.106266,17.756353,17.465033,17.352882,16.239922,16.150694,0.0,0.0,0.0,0.0,4.0,0.0,0.0,0.0
11586,2023.0,3.0,22.0,11.0,17.270016,17.395262,17.557255,17.273819,16.792696,16.545416,16.661562,16.628126,17.43855,17.991655,20.309519,23.106411,18.234941,18.063404,17.436247,17.32635,16.215946,16.128256,0.0,0.0,0.0,4.0,0.0,0.0,0.0,0.0
11587,2023.0,3.0,22.0,11.0,17.221952,17.348843,17.41114,17.311832,16.87125,16.79002,17.333979,17.93171,20.30265,22.813107,18.305613,18.703457,18.282764,18.14327,17.40799,17.301,16.193161,16.107996,0.0,0.0,4.0,0.0,0.0,0.0,0.0,0.0
11588,2023.0,3.0,22.0,11.0,17.194017,17.333784,17.292137,17.242817,16.889875,16.848425,17.00625,17.117785,18.16931,18.252886,17.506796,17.75496,18.271633,18.138636,17.383184,17.278542,16.174768,16.091574,0.0,0.0,0.0,0.0,4.0,0.0,0.0,0.0
11589,2023.0,3.0,22.0,11.0,17.918232,18.723377,17.168303,17.125463,16.858463,16.82684,16.625593,16.483696,17.399103,17.121826,20.296045,22.640928,18.257896,18.127832,18.434067,19.281012,16.163263,16.08158,0.0,0.0,0.0,0.0,4.0,0.0,4.0,0.0
11590,2023.0,3.0,22.0,11.0,17.535976,17.78072,17.03953,17.005194,16.820858,16.796148,16.473528,16.313328,17.306927,17.160221,20.030996,21.814451,18.243818,18.116396,17.756525,17.634521,16.152502,16.072586,0.0,0.0,0.0,0.0,0.0,0.0,0.0,0.0
11591,2023.0,3.0,22.0,11.0,17.127672,17.17029,16.927494,16.899391,16.784895,16.7666,16.523888,16.490452,17.238352,17.114233,18.358091,18.391066,18.231354,18.10642,17.361103,17.143353,16.143475,16.06521,0.0,0.0,0.0,0.0,0.0,0.0,0.0,0.0
11592,2023.0,3.0,22.0,12.0,17.008745,17.018417,17.332514,17.731709,16.753952,16.740746,16.53081,16.528519,17.16739,17.046564,17.778389,17.611738,18.221579,18.098743,17.283682,17.059103,16.137112,16.060225,4.0,0.0,0.0,0.0,0.0,0.0,0.0,0.0
11593,2023.0,3.0,22.0,12.0,21.246555,24.551876,20.273367,22.841066,21.261517,24.696136,21.149937,24.677094,17.105528,16.988667,17.626522,17.471071,21.275015,23.433496,22.626942,26.08805,16.13078,16.054811,0.0,4.0,0.0,0.0,0.0,0.0,0.0,0.0
11594,2023.0,3.0,22.0,12.0,21.008936,23.62166,18.45902,18.941166,20.994972,23.667091,20.990067,23.802704,17.04657,16.93372,17.475065,17.328863,21.019115,22.735785,20.840254,22.665667,16.126534,16.051376,0.0,4.0,4.0,0.0,0.0,0.0,0.0,0.0
11595,2023.0,3.0,22.0,12.0,21.069279,23.455687,17.798744,18.2575,21.067904,23.46794,21.060019,23.60563,16.998922,16.889116,17.348223,17.203896,21.018251,22.500862,21.10342,22.976414,16.127626,16.054314,4.0,4.0,4.0,0.0,0.0,4.0,0.0,0.0
11596,2023.0,3.0,22.0,12.0,21.158096,23.423212,20.273586,22.618626,21.147991,23.417513,21.144846,23.528255,16.963787,16.859232,17.652227,17.870682,21.141773,22.57938,21.175695,22.970055,16.132975,16.06172,0.0,0.0,4.0,0.0,4.0,4.0,0.0,0.0
11597,2023.0,3.0,22.0,12.0,21.066893,23.129604,18.345558,18.578888,21.052193,23.04163,21.085104,23.25566,16.935886,16.835512,20.245966,22.431719,21.05519,22.30154,21.052845,22.605843,16.14085,16.072134,0.0,4.0,0.0,0.0,0.0,0.0,0.0,0.0
11598,2023.0,3.0,22.0,13.0,21.0453,22.950846,17.275015,17.176945,21.055193,22.933708,21.054224,23.048393,16.91371,16.817595,18.62252,18.935425,21.048704,22.192743,21.051086,22.516273,16.149494,16.083284,0.0,4.0,4.0,0.0,0.0,0.0,0.0,0.0
11599,2023.0,3.0,22.0,13.0,21.073132,22.945309,17.129456,17.114393,21.051052,22.84277,21.055868,22.961952,16.894243,16.800997,17.624146,17.512568,21.046076,22.114462,21.048143,22.444826,16.1579,16.093742,0.0,4.0,4.0,0.0,0.0,0.0,0.0,0.0
11600,2023.0,3.0,22.0,13.0,21.095236,22.885313,17.023537,17.019804,21.146227,22.982615,21.15409,23.103277,16.877674,16.78715,17.422327,17.295422,21.079493,22.13466,21.103413,22.494036,16.16583,16.103489,0.0,0.0,0.0,0.0,0.0,0.0,0.0,0.0
11601,2023.0,3.0,22.0,13.0,21.038605,22.740822,16.924873,16.936666,21.034678,22.682411,21.062508,22.859571,16.864656,16.777514,17.330198,17.214897,21.03223,22.01161,21.040335,22.32997,17.204466,18.066647,0.0,4.0,0.0,0.0,0.0,0.0,0.0,4.0
11602,2023.0,3.0,22.0,13.0,21.043985,22.718504,16.828625,16.84449,21.050007,22.67515,21.049196,22.768208,16.852703,16.768177,17.247124,17.134619,21.036573,21.995077,21.04773,22.313028,20.328562,23.218172,0.0,4.0,4.0,0.0,0.0,0.0,0.0,0.0
11603,2023.0,3.0,22.0,13.0,21.068645,22.75985,17.2038,17.62215,21.046944,22.638975,21.075644,22.807201,16.841915,16.760065,17.177319,17.06814,21.005741,21.894127,21.046114,22.283516,17.962326,18.14504,4.0,4.0,0.0,0.0,0.0,4.0,0.0,0.0
11604,2023.0,3.0,22.0,14.0,21.195818,22.965158,20.304274,22.964163,21.195522,22.910616,21.16331,22.950132,16.831766,16.75287,17.116547,17.010113,21.147264,22.169794,21.236803,22.643177,16.905216,16.78081,4.0,4.0,0.0,0.0,0.0,0.0,0.0,0.0
11605,2023.0,3.0,22.0,14.0,19.517921,19.737276,20.028887,22.101603,19.949902,20.482779,19.564827,19.860003,16.820816,16.74298,17.46619,17.71516,19.962072,19.852583,19.843737,19.92312,16.767588,16.690344,0.0,4.0,0.0,0.0,4.0,0.0,0.0,0.0
11606,2023.0,3.0,22.0,14.0,18.69533,18.72817,18.280052,18.52886,18.815481,18.755362,18.654654,18.70241,16.807415,16.730612,20.276731,22.584005,19.395836,19.121912,19.17608,19.078154,16.702301,16.632448,0.0,0.0,0.0,0.0,0.0,0.0,0.0,0.0
11607,2023.0,3.0,22.0,14.0,19.073318,19.683826,17.85654,18.288452,18.30713,18.15085,18.972776,19.56653,16.791172,16.71536,18.57967,18.935854,19.31724,19.161629,19.911697,20.68685,16.634018,16.56599,4.0,0.0,4.0,0.0,0.0,0.0,4.0,0.0
11608,2023.0,3.0,22.0,14.0,18.533293,18.664713,20.275408,22.563976,18.098864,17.934267,18.456928,18.601368,16.774227,16.699125,17.803604,17.708761,20.02008,20.571346,19.079878,18.9948,16.584038,16.516356,0.0,0.0,0.0,0.0,0.0,4.0,0.0,0.0
11609,2023.0,3.0,22.0,14.0,18.818674,19.455786,18.933811,19.66875,17.910994,17.75672,18.537357,19.001333,16.75564,16.6816,17.584965,17.477001,20.095549,20.546253,19.530045,20.173769,16.530981,16.465443,4.0,0.0,4.0,0.0,0.0,4.0,4.0,0.0
11610,2023.0,3.0,22.0,15.0,18.891434,19.547995,20.231194,22.099506,18.573446,19.13266,18.001791,18.010185,16.738585,16.665226,17.471514,17.357452,19.38918,19.231144,18.807863,18.71285,16.489851,16.425013,0.0,4.0,0.0,0.0,0.0,0.0,0.0,0.0
11611,2023.0,3.0,22.0,15.0,18.868288,19.530628,18.608624,18.837198,18.235863,18.378693,17.600534,17.499443,16.7206,16.647703,17.372272,17.263294,19.747719,20.134554,18.363966,18.158945,16.445484,16.381912,0.0,0.0,0.0,0.0,0.0,4.0,0.0,0.0
11612,2023.0,3.0,22.0,15.0,18.23162,18.357353,17.827791,17.699741,18.457388,18.908941,17.4441,17.32495,16.703907,16.630985,17.299837,17.191238,19.891594,20.337618,18.220247,18.002764,17.373388,18.166468,0.0,4.0,0.0,0.0,0.0,4.0,0.0,4.0
11613,2023.0,3.0,22.0,15.0,17.94324,17.976576,17.672892,17.64456,17.947432,17.953371,18.125792,18.719015,16.686712,16.614222,17.233315,17.127901,19.220818,19.062273,18.117754,17.903597,20.318998,23.15697,0.0,0.0,4.0,0.0,0.0,0.0,0.0,0.0
11614,2023.0,3.0,22.0,15.0,17.781292,17.8117,17.517065,17.519238,18.217224,18.662294,18.24928,18.772156,16.666658,16.594545,17.162441,17.060205,18.87286,18.61497,18.109053,17.992859,18.006855,18.208239,0.0,4.0,4.0,0.0,0.0,0.0,0.0,0.0
11615,2023.0,3.0,22.0,15.0,17.675453,17.70412,17.836088,18.234318,18.332672,18.832209,17.617594,17.610386,17.414328,18.021631,17.103954,17.001783,18.75746,18.487923,18.068804,17.966944,17.213984,17.04888,4.0,4.0,0.0,4.0,0.0,0.0,0.0,0.0
11616,2023.0,3.0,22.0,16.0,18.443743,19.242027,20.249426,22.461998,17.756031,17.75821,17.333418,17.223309,20.294838,22.928204,17.048586,16.948072,19.42705,19.828957,19.05234,19.88059,17.078615,16.980984,4.0,0.0,0.0,0.0,0.0,4.0,4.0,0.0
11617,2023.0,3.0,22.0,16.0,18.572838,19.254297,20.033741,21.81052,18.052412,18.502577,17.843678,18.305187,18.70565,19.344532,16.992144,16.893404,19.670977,20.116852,18.379568,18.299961,16.953386,16.868282,0.0,4.0,4.0,4.0,0.0,4.0,0.0,0.0
11618,2023.0,3.0,22.0,16.0,18.534292,19.198446,18.463825,18.650547,17.642801,17.641489,17.453289,17.460852,20.292923,22.465424,16.943365,16.847883,19.010023,18.842035,18.931593,19.616938,16.836178,16.754148,0.0,0.0,0.0,0.0,0.0,0.0,4.0,0.0
11619,2023.0,3.0,22.0,16.0,18.53846,19.195723,18.11204,18.51202,17.953894,18.403633,17.769741,18.24244,18.3972,18.501423,16.89699,16.803764,19.417494,19.813858,18.305038,18.204803,16.737814,16.658222,4.0,4.0,4.0,0.0,0.0,4.0,0.0,0.0
11620,2023.0,3.0,22.0,16.0,18.541761,19.194822,20.256052,22.306444,18.087425,18.58457,17.309711,17.316624,17.679712,17.457811,16.856457,16.763287,19.578413,20.023743,18.98752,19.65582,16.667175,16.588879,4.0,4.0,0.0,0.0,0.0,4.0,4.0,0.0
11621,2023.0,3.0,22.0,16.0,18.537699,19.18177,20.036198,21.697884,18.104914,18.594818,16.973309,16.86734,17.527758,17.405613,16.81567,16.723867,18.908257,18.723846,18.342968,18.219284,16.595287,16.51972,0.0,4.0,0.0,0.0,0.0,0.0,0.0,0.0
11622,2023.0,3.0,22.0,17.0,17.927345,18.045456,18.518589,18.670998,18.115902,18.601456,16.855316,16.73702,17.41196,17.307161,16.779606,16.690393,18.59865,18.334904,17.942396,17.736078,16.531218,16.45844,0.0,4.0,0.0,0.0,0.0,0.0,0.0,0.0
11623,2023.0,3.0,22.0,17.0,17.642414,17.650145,18.210644,18.393684,17.519836,17.486237,16.888498,16.871666,17.311525,17.207752,16.748741,16.65978,19.26698,19.677505,17.813293,17.593147,16.480127,16.407509,4.0,0.0,0.0,0.0,0.0,4.0,0.0,0.0
11624,2023.0,3.0,22.0,17.0,18.232904,18.855698,20.216932,22.086466,17.24172,17.093105,17.581923,18.207752,17.221617,17.121902,16.71694,16.628613,18.732141,18.555843,17.72643,17.507124,16.433428,16.362902,0.0,0.0,4.0,0.0,0.0,0.0,0.0,0.0
11625,2023.0,3.0,22.0,17.0,18.414923,19.04836,18.59894,18.766918,17.763437,18.181948,17.858372,18.521795,17.130276,17.034975,16.682774,16.595947,19.174435,19.57253,17.749216,17.638443,16.385206,16.316381,0.0,4.0,4.0,0.0,0.0,4.0,0.0,0.0
11626,2023.0,3.0,22.0,17.0,18.42071,19.045998,18.439383,18.79954,17.924046,18.402225,17.74735,18.24798,17.060476,16.965874,17.045832,17.303307,18.623573,18.422283,17.729113,17.634596,16.345848,16.277353,4.0,4.0,4.0,0.0,4.0,0.0,0.0,0.0
11627,2023.0,3.0,22.0,17.0,17.807533,17.89767,20.22146,22.004168,17.9418,18.411362,17.132713,17.104332,17.750984,18.326662,20.253847,22.818434,18.404871,18.123678,17.685057,17.593811,16.309826,16.243128,4.0,4.0,0.0,4.0,0.0,0.0,0.0,0.0
11628,2023.0,3.0,22.0,18.0,17.472122,17.472572,20.02406,21.48332,17.954687,18.418169,17.466131,17.919756,20.304367,22.64574,18.406898,18.770184,19.073463,19.471031,17.635937,17.546778,16.271069,16.206104,4.0,4.0,4.0,0.0,0.0,4.0,0.0,0.0
11629,2023.0,3.0,22.0,18.0,21.333918,24.357126,20.049522,21.450174,21.352568,24.322657,21.369518,24.601162,18.246748,18.29979,17.310335,17.245451,21.240183,23.173075,21.54851,24.389233,16.231483,16.165865,4.0,4.0,4.0,0.0,0.0,0.0,0.0,0.0
11630,2023.0,3.0,22.0,18.0,20.997005,23.296904,20.045223,21.382874,21.004303,23.277802,21.003584,23.474707,17.25651,17.018906,17.08358,16.981106,21.032183,22.513336,21.00105,23.06635,16.196888,16.13117,4.0,4.0,4.0,0.0,0.0,0.0,0.0,0.0
11631,2023.0,3.0,22.0,18.0,21.054733,23.163029,20.063248,21.389893,21.06167,23.151598,21.091398,23.397497,17.170218,17.061436,17.407145,17.691826,21.025833,22.316296,21.021324,22.835094,16.167622,16.10311,0.0,4.0,0.0,0.0,4.0,4.0,4.0,0.0
11632,2023.0,3.0,22.0,18.0,21.155811,23.200108,18.980753,19.256226,21.153069,23.167948,21.149557,23.322815,17.104368,17.005293,20.28695,22.644949,21.129616,22.429876,21.183926,23.001307,16.142109,16.079544,4.0,4.0,0.0,0.0,0.0,0.0,0.0,0.0
11633,2023.0,3.0,22.0,18.0,21.17418,23.118584,20.217127,21.826727,21.162638,23.08351,21.159573,23.202032,17.015345,16.918364,18.486168,18.773338,21.130377,22.341547,21.184446,22.863081,17.065525,17.842983,0.0,0.0,0.0,0.0,0.0,0.0,0.0,4.0
11634,2023.0,3.0,22.0,19.0,21.04718,22.777798,18.982992,19.287048,21.0725,22.806341,21.063244,22.931728,16.937544,16.843555,17.463184,17.388191,21.051914,22.116726,21.062878,22.516182,20.354748,23.30996,4.0,0.0,0.0,0.0,0.0,0.0,0.0,0.0
11635,2023.0,3.0,22.0,19.0,21.166533,22.973549,20.204483,21.826267,21.163769,22.915472,21.168978,23.0827,16.869036,16.777534,17.219263,17.107561,21.15087,22.288607,21.317577,22.9469,17.813152,17.893496,4.0,0.0,0.0,0.0,0.0,0.0,4.0,0.0
11636,2023.0,3.0,22.0,19.0,21.038536,22.641005,20.022331,21.350609,21.055943,22.66721,21.06185,22.817507,16.807882,16.71812,17.074697,16.95889,21.040012,22.041435,21.069815,22.416159,17.613337,18.220362,4.0,0.0,0.0,0.0,0.0,0.0,0.0,4.0
11637,2023.0,3.0,22.0,19.0,21.044933,22.615826,20.066252,21.384764,21.033333,22.57568,21.061932,22.7788,16.750948,16.65745,17.376585,17.623875,21.039953,22.023079,21.059729,22.350544,20.322443,22.849756,0.0,4.0,0.0,0.0,4.0,0.0,0.0,0.0
11638,2023.0,3.0,22.0,19.0,21.043777,22.58391,18.962135,19.196249,21.062311,22.634844,21.036678,22.675873,16.699358,16.604399,20.327297,22.666975,21.039717,22.00647,21.020834,22.207443,18.00205,17.994677,4.0,0.0,4.0,0.0,0.0,0.0,4.0,0.0
11639,2023.0,3.0,22.0,19.0,21.06979,22.630148,20.218382,21.803787,21.045382,22.532234,21.04079,22.660833,16.653336,16.556805,18.477396,18.7419,21.039597,21.992138,21.067377,22.305714,16.95737,16.716125,0.0,4.0,4.0,0.0,0.0,0.0,0.0,0.0
11640,2023.0,3.0,22.0,20.0,21.063738,22.58931,18.981411,19.25442,21.073458,22.574392,21.054102,22.640594,16.611713,16.514172,17.453218,17.363121,21.009336,21.901056,21.058432,22.261595,16.853743,16.748331,4.0,0.0,4.0,0.0,0.0,4.0,0.0,0.0
11641,2023.0,3.0,22.0,20.0,21.201372,22.818918,20.205036,21.79658,21.193897,22.763855,21.186516,22.870712,16.571524,16.470982,17.213009,17.090767,21.136786,22.147776,21.204966,22.529917,16.769981,16.67689,4.0,4.0,4.0,0.0,0.0,0.0,0.0,0.0
11642,2023.0,3.0,22.0,20.0,21.039997,22.477974,20.036701,21.363642,21.045534,22.442991,21.04926,22.566345,16.53322,16.429075,17.501343,17.759935,21.047363,21.939907,21.00369,22.100628,16.662344,16.5692,0.0,4.0,4.0,0.0,4.0,0.0,4.0,0.0
11643,2023.0,3.0,22.0,20.0,21.042002,22.468536,18.916985,19.12465,21.047361,22.427807,21.051672,22.546206,16.50019,16.394583,20.372334,22.543634,21.019611,21.841955,21.06803,22.237686,16.571186,16.47731,4.0,4.0,4.0,0.0,4.0,4.0,0.0,0.0
11644,2023.0,3.0,22.0,20.0,21.205194,22.783445,20.207922,21.768293,21.169361,22.675045,21.168919,22.777987,17.220686,17.777351,20.03384,21.724606,21.137064,22.084106,21.206312,22.493404,16.489069,16.392628,4.0,0.0,0.0,4.0,0.0,0.0,0.0,0.0
11645,2023.0,3.0,22.0,20.0,21.067625,22.510672,20.02503,21.291973,21.04122,22.375713,21.069845,22.5511,20.332273,22.97131,18.274763,18.14394,21.048635,21.886873,21.057848,22.171972,16.41853,16.320099,4.0,4.0,0.0,4.0,0.0,0.0,0.0,0.0
11646,2023.0,3.0,22.0,21.0,21.061602,22.478996,20.048447,21.270218,21.0466,22.373016,21.06966,22.527544,20.024714,22.00526,17.546583,17.389242,21.017736,21.791283,21.045973,22.154982,16.3551,16.252977,4.0,4.0,0.0,0.0,0.0,4.0,0.0,0.0
11647,2023.0,3.0,22.0,21.0,21.035517,22.387678,20.063543,21.26953,21.071379,22.430216,21.030388,22.43962,18.06337,17.958084,17.38333,17.222334,21.054276,21.876669,21.047474,22.158308,17.236189,17.960999,0.0,0.0,4.0,0.0,0.0,0.0,0.0,4.0
11648,2023.0,3.0,22.0,21.0,21.040869,22.387564,18.990793,19.157995,21.06597,22.40166,21.077312,22.530588,17.119833,16.792002,17.236834,17.07979,21.048616,21.85148,21.007504,22.04928,20.345207,23.125092,4.0,0.0,0.0,0.0,0.0,0.0,4.0,0.0
11649,2023.0,3.0,22.0,21.0,21.208246,22.714968,20.21576,21.704517,21.169838,22.591667,21.166359,22.686468,17.064457,16.910437,17.107492,16.94892,21.137531,22.016418,21.296019,22.608847,17.837946,17.81343,0.0,0.0,0.0,0.0,0.0,0.0,4.0,0.0
11650,2023.0,3.0,22.0,21.0,21.039879,22.366575,18.975498,19.16193,21.050442,22.36415,21.0694,22.469692,17.007114,16.87111,16.996538,16.841558,21.035774,21.824879,21.064257,22.154934,16.744135,16.470125,4.0,0.0,0.0,0.0,0.0,0.0,0.0,0.0
11651,2023.0,3.0,22.0,21.0,21.067196,22.434772,20.220243,21.765873,21.027708,22.305721,21.054184,22.453924,16.9062,16.771317,16.895468,16.739046,21.037731,21.836864,21.057467,22.124716,16.664618,16.536306,0.0,4.0,0.0,0.0,0.0,0.0,0.0,0.0
11652,2023.0,3.0,22.0,22.0,21.061584,22.40957,18.621931,18.534748,21.057636,22.393536,21.056067,22.464108,17.535875,18.03267,16.80505,16.647022,21.00736,21.76215,21.017925,22.001778,16.59836,16.477331,0.0,0.0,0.0,4.0,0.0,4.0,4.0,0.0
11653,2023.0,3.0,22.0,22.0,21.061558,22.394829,17.9295,17.799858,21.067163,22.38096,21.03083,22.397099,20.318565,22.734968,16.725323,16.568289,21.055925,21.862434,21.065386,22.119614,16.507898,16.388363,0.0,0.0,4.0,0.0,0.0,0.0,0.0,0.0
11654,2023.0,3.0,22.0,22.0,21.020018,22.306944,17.757156,17.639605,21.04018,22.283909,21.060942,22.483088,18.580734,18.937323,16.940784,17.033236,21.018393,21.751242,21.056416,22.089766,16.43031,16.311865,0.0,4.0,0.0,4.0,4.0,4.0,0.0,0.0
11655,2023.0,3.0,22.0,22.0,21.0683,22.4076,17.59372,17.477053,21.070377,22.350845,21.070562,22.469418,20.66512,22.97358,20.44223,22.891626,21.054214,21.834757,21.056995,22.07822,16.363377,16.245636,0.0,0.0,0.0,4.0,4.0,0.0,0.0,0.0
11656,2023.0,3.0,22.0,22.0,21.059425,22.371489,17.92979,18.226103,21.038286,22.251965,21.06796,22.438042,20.034683,21.593515,19.990023,21.821358,21.047857,21.80836,21.044098,22.065567,16.304602,16.186918,4.0,4.0,0.0,0.0,4.0,0.0,0.0,0.0
11657,2023.0,3.0,22.0,22.0,21.165976,22.56911,20.257101,22.273043,21.06973,22.326311,21.027813,22.347822,18.820328,19.082962,20.05276,21.7153,21.186352,22.054981,21.045792,22.075045,16.25505,16.139175,0.0,0.0,4.0,4.0,4.0,4.0,0.0,0.0
11658,2023.0,3.0,22.0,23.0,21.045158,22.339346,18.667236,18.916218,21.038359,22.231926,21.05988,22.440231,20.309666,21.97829,20.059004,21.532606,21.022478,21.721382,21.005684,21.970375,16.97291,17.53437,0.0,4.0,0.0,0.0,4.0,4.0,4.0,4.0
11659,2023.0,3.0,22.0,23.0,20.435186,21.148474,17.738707,17.667452,19.539833,19.386417,19.44542,19.317837,18.461678,18.297064,18.383959,18.199324,20.471561,20.665096,19.59936,19.302269,16.573505,16.506292,0.0,0.0,0.0,0.0,0.0,4.0,0.0,0.0
11660,2023.0,3.0,22.0,23.0,19.590776,19.712822,17.53416,17.411486,18.80846,18.346256,18.680752,18.241083,17.962458,17.757727,17.942972,17.73394,19.649961,19.232737,19.043571,18.603537,16.222311,15.966189,0.0,0.0,0.0,0.0,4.0,0.0,0.0,0.0
11661,2023.0,3.0,22.0,23.0,19.62864,19.987675,17.413273,17.28501,18.778698,18.58007,18.638235,18.460684,17.790281,17.608065,17.510767,17.063078,19.292803,18.797188,18.790806,18.356138,16.096766,15.825052,0.0,0.0,0.0,0.0,0.0,0.0,0.0,0.0
11662,2023.0,3.0,22.0,23.0,18.890928,18.690956,17.315165,17.190817,18.647604,18.48683,18.497658,18.358288,17.627941,17.457216,17.463154,17.223967,19.109533,18.62509,18.80561,18.594292,16.16477,16.041807,0.0,0.0,0.0,0.0,0.0,0.0,0.0,0.0
11663,2023.0,3.0,22.0,23.0,18.546015,18.276554,17.224302,17.100431,18.49047,18.334085,18.333393,18.1984,17.484253,17.317986,17.385292,17.188099,19.195051,18.955992,18.716478,18.534693,16.881262,17.410416,0.0,0.0,0.0,0.0,0.0,0.0,0.0,4.0
11664,2023.0,3.0,23.0,0.0,18.360004,18.098513,17.142746,17.020943,18.35074,18.19904,18.188086,18.057705,17.35938,17.198887,17.266075,17.078947,19.152872,18.948738,18.59744,18.423243,16.219591,15.975913,0.0,0.0,0.0,0.0,0.0,0.0,0.0,0.0
11665,2023.0,3.0,23.0,0.0,18.445786,18.43409,17.064383,16.941177,18.220644,18.069323,18.053528,17.923244,17.871973,18.268688,17.150614,16.965916,19.060467,18.85488,18.482368,18.310247,16.751165,17.14168,0.0,0.0,0.0,4.0,0.0,0.0,0.0,4.0
11666,2023.0,3.0,23.0,0.0,18.393644,18.416227,16.99164,16.867575,18.10328,17.953362,17.932425,17.803335,17.382982,17.26001,17.044807,16.862663,18.972364,18.765265,18.374176,18.199934,16.181402,15.919426,0.0,0.0,0.0,0.0,0.0,0.0,0.0,0.0
11667,2023.0,3.0,23.0,0.0,18.295704,18.31709,16.920673,16.79305,17.99173,17.83916,17.817585,17.685478,17.154125,16.989492,17.280123,17.393047,18.887693,18.676445,18.272034,18.093912,15.969785,15.680541,0.0,0.0,0.0,0.0,4.0,0.0,0.0,0.0
11668,2023.0,3.0,23.0,0.0,18.199942,18.217335,16.851637,16.718351,17.886505,17.729088,17.709282,17.571978,17.046204,16.878643,17.30211,17.404514,18.808338,18.592524,18.177088,17.995018,16.056808,15.936271,0.0,0.0,0.0,0.0,4.0,0.0,0.0,0.0
11669,2023.0,3.0,23.0,0.0,18.11908,18.1425,16.796219,16.66703,17.801142,17.65144,17.621515,17.491982,16.959068,16.798594,16.985708,16.835938,18.739748,18.525723,18.09432,17.914762,16.754904,17.27037,0.0,0.0,0.0,0.0,0.0,0.0,0.0,4.0
11670,2023.0,3.0,23.0,1.0,18.03775,18.061329,16.738667,16.60811,17.71528,17.566195,17.533491,17.404324,16.873512,16.708685,16.816336,16.632097,18.672266,18.456419,18.013592,17.83283,16.080338,15.817285,0.0,0.0,0.0,0.0,0.0,0.0,0.0,0.0
11671,2023.0,3.0,23.0,1.0,17.961468,17.985434,16.684643,16.55391,17.635172,17.486837,17.451508,17.322662,16.796953,16.630688,17.05689,17.168121,18.610071,18.393568,17.938383,17.756945,15.854555,15.552722,0.0,0.0,0.0,0.0,4.0,0.0,0.0,0.0
11672,2023.0,3.0,23.0,1.0,17.889856,17.913763,16.632776,16.501104,17.559622,17.410978,17.374079,17.244541,16.727743,16.560236,17.08857,17.18569,18.552435,18.335361,17.868528,17.686573,15.774922,15.474398,0.0,0.0,0.0,0.0,4.0,0.0,0.0,0.0
11673,2023.0,3.0,23.0,1.0,17.828974,17.859234,16.590168,16.464031,17.496805,17.355925,17.309711,17.18784,16.669065,16.505451,16.57357,16.210848,18.502394,18.288797,17.807058,17.628761,15.872667,15.738507,0.0,0.0,0.0,0.0,0.0,0.0,0.0,0.0
11674,2023.0,3.0,23.0,1.0,17.768072,17.800798,16.54618,16.421846,17.433485,17.29564,17.244755,17.125727,17.20033,17.554653,16.325237,15.9009495,18.453629,18.241175,17.74731,17.570211,15.865678,15.73364,0.0,0.0,0.0,4.0,0.0,0.0,0.0,0.0
11675,2023.0,3.0,23.0,1.0,17.710468,17.745338,16.503584,16.381142,17.373558,17.238548,17.183119,17.06682,16.766481,16.622387,16.420809,16.208895,18.408827,18.197514,17.691965,17.516052,15.836987,15.705157,0.0,0.0,0.0,0.0,0.0,0.0,0.0,0.0
11676,2023.0,3.0,23.0,2.0,17.652954,17.686657,16.459017,16.335415,17.312994,17.176973,17.120646,17.003174,16.615187,16.450485,16.42177,16.23633,18.36557,18.153696,17.638468,17.461895,15.808714,15.676217,0.0,0.0,0.0,0.0,0.0,0.0,0.0,0.0
11677,2023.0,3.0,23.0,2.0,17.59925,17.632992,16.417175,16.293797,17.25754,17.122795,17.063559,16.947409,16.554491,16.389677,16.690977,16.784271,18.324528,18.11191,17.588047,17.411041,15.7804365,15.646567,0.0,0.0,0.0,0.0,4.0,0.0,0.0,0.0
11678,2023.0,3.0,23.0,2.0,17.54812,17.582907,16.376326,16.253273,17.204466,17.071375,17.009052,16.894566,16.499937,16.33566,16.442213,16.265402,18.285034,18.07233,17.53984,17.363214,16.484486,16.995766,0.0,0.0,0.0,0.0,0.0,0.0,0.0,4.0
11679,2023.0,3.0,23.0,2.0,17.49621,17.52957,16.334278,16.20916,17.150658,17.016504,16.954119,16.838375,16.448158,16.282055,16.62017,16.68549,18.244598,18.030306,17.491005,17.313105,15.984145,15.88387,0.0,0.0,0.0,0.0,4.0,0.0,0.0,0.0
11680,2023.0,3.0,23.0,2.0,17.445246,17.476505,16.29264,16.164957,17.09806,16.962234,16.900757,16.783041,16.986427,17.335258,16.384283,16.19811,18.204092,17.987854,17.442509,17.262932,15.659318,15.355443,0.0,0.0,0.0,4.0,0.0,0.0,0.0,0.0
11681,2023.0,3.0,23.0,2.0,17.396837,17.426836,16.252676,16.123148,17.047966,16.911339,16.850044,16.73127,16.566868,16.426794,16.270502,16.077322,18.164335,17.946772,17.395267,17.214706,16.294563,16.638153,0.0,0.0,0.0,0.0,0.0,0.0,0.0,4.0
11682,2023.0,3.0,23.0,3.0,17.349817,17.37822,16.213171,16.081682,16.999102,16.861437,16.800535,16.680532,16.215803,15.849499,16.213308,16.019747,18.12451,17.905514,17.348354,17.166683,15.731793,15.4317045,0.0,0.0,0.0,0.0,0.0,0.0,0.0,0.0
11683,2023.0,3.0,23.0,3.0,17.30208,17.327034,16.172117,16.036745,16.949102,16.80793,16.74989,16.626104,16.055677,15.648983,16.154036,15.956272,18.083744,17.862278,17.30065,17.116598,15.524777,15.186115,0.0,0.0,0.0,0.0,0.0,0.0,0.0,0.0
11684,2023.0,3.0,23.0,3.0,17.26216,17.290346,16.139349,16.00763,16.908463,16.771606,16.708578,16.589073,16.8019,17.159023,16.10658,15.912464,18.048296,17.828897,17.258701,17.076916,15.631642,15.478199,0.0,0.0,0.0,4.0,0.0,0.0,0.0,0.0
11685,2023.0,3.0,23.0,3.0,17.225374,17.25881,16.10356,15.971758,16.865105,16.728508,16.664284,16.545029,16.430666,16.294983,16.057772,15.863207,18.011375,17.791676,17.215477,17.03348,15.629565,15.484891,0.0,0.0,0.0,0.0,0.0,0.0,0.0,0.0
11686,2023.0,3.0,23.0,3.0,17.198648,17.24325,16.067749,15.935184,16.822111,16.685015,16.620304,16.500532,16.63501,16.754408,16.010754,15.815069,17.974848,17.754393,17.172886,16.990185,15.59685,15.451067,0.0,0.0,0.0,4.0,0.0,0.0,0.0,0.0
11687,2023.0,3.0,23.0,3.0,17.162924,17.208662,16.034391,15.902915,17.51266,18.017889,16.579489,16.461319,16.133085,15.748722,16.257479,16.31347,17.940737,17.721092,17.133106,16.9514,15.566081,15.420655,0.0,4.0,0.0,0.0,4.0,0.0,0.0,0.0
11688,2023.0,3.0,23.0,4.0,17.125473,17.170525,16.000305,15.868527,17.071735,17.05543,16.538115,16.419947,15.935009,15.526987,16.044493,15.860094,17.906546,17.686665,17.093502,16.911636,16.26727,16.767614,0.0,0.0,0.0,0.0,0.0,0.0,0.0,4.0
11689,2023.0,3.0,23.0,4.0,17.086685,17.129753,15.965201,15.831472,16.56855,16.162563,16.496367,16.376604,16.064827,15.873745,15.936995,15.738726,17.871887,17.650383,17.054115,16.87093,15.765666,15.658022,0.0,0.0,0.0,0.0,0.0,0.0,0.0,0.0
11690,2023.0,3.0,23.0,4.0,17.045427,17.084448,15.92769,15.789838,16.382593,15.922624,16.452906,16.329212,16.068546,15.889392,15.88776,15.686673,17.835667,17.611143,17.013395,16.827517,15.411988,15.070884,0.0,0.0,0.0,0.0,0.0,0.0,0.0,0.0
11691,2023.0,3.0,23.0,4.0,17.00619,17.043049,15.89187,15.751717,16.585512,16.420296,16.411623,16.285957,16.030684,15.849806,15.840494,15.637606,17.80031,17.573988,16.973566,16.786224,15.296237,14.945731,0.0,0.0,0.0,0.0,0.0,0.0,0.0,0.0
11692,2023.0,3.0,23.0,4.0,16.967072,17.001612,15.856004,15.713535,16.588196,16.440529,16.37039,16.242828,15.991658,15.808978,15.795208,15.590393,17.764528,17.536383,16.933325,16.744482,15.427036,15.2832365,0.0,0.0,0.0,0.0,0.0,0.0,0.0,0.0
11693,2023.0,3.0,23.0,4.0,16.92984,16.963724,15.821957,15.678993,16.554548,16.407877,16.33115,16.203629,16.531908,16.856403,15.752622,15.547741,17.729698,17.50101,16.894136,16.705084,16.144209,16.63526,0.0,0.0,0.0,4.0,0.0,0.0,0.0,4.0
11694,2023.0,3.0,23.0,5.0,16.89156,16.923367,15.786513,15.641633,16.516586,16.368883,16.290833,16.16181,16.755424,17.147112,15.709275,15.502932,17.693651,17.463516,16.853851,16.663687,15.450482,15.142539,0.0,0.0,0.0,4.0,0.0,0.0,0.0,0.0
11695,2023.0,3.0,23.0,5.0,16.854063,16.883703,15.751356,15.604661,16.477322,16.328505,16.25112,16.120537,15.991476,15.617771,15.666444,15.458673,17.657482,17.426008,16.8135,16.62226,15.212078,14.849973,0.0,0.0,0.0,0.0,0.0,0.0,0.0,0.0
11696,2023.0,3.0,23.0,5.0,16.816608,16.843622,15.716071,15.567261,16.437454,16.287022,16.211262,16.078835,15.715492,15.277866,15.623883,15.414293,17.62101,17.387875,16.772902,16.580227,15.881385,16.184948,0.0,0.0,0.0,0.0,0.0,0.0,0.0,4.0
11697,2023.0,3.0,23.0,5.0,16.776888,16.799425,15.677851,15.524089,16.394762,16.239922,16.168846,16.031845,15.608641,15.166955,15.579541,15.365791,17.583004,17.346653,16.730947,16.535383,16.066833,16.376648,0.0,0.0,0.0,0.0,0.0,0.0,0.0,4.0
11698,2023.0,3.0,23.0,5.0,16.742205,16.76572,15.646378,15.494497,16.35881,16.20611,16.133574,15.998396,15.757772,15.552422,15.541627,15.329616,17.549133,17.313662,16.693062,16.498558,15.382605,15.035763,0.0,0.0,0.0,0.0,0.0,0.0,0.0,0.0
11699,2023.0,3.0,23.0,5.0,16.701635,16.720568,15.607826,15.450785,16.316183,16.158741,16.091862,15.951683,15.767802,15.573752,15.498228,15.281904,17.51113,17.272274,16.651228,16.453653,15.15887,14.775518,0.0,0.0,0.0,0.0,0.0,0.0,0.0,0.0
11700,2023.0,3.0,23.0,6.0,16.66405,16.6813,15.572695,15.413986,16.276978,16.118196,16.053268,15.911591,15.731132,15.535785,15.458202,15.240599,17.475262,17.23517,16.611504,16.412937,15.067712,14.686959,0.0,0.0,0.0,0.0,0.0,0.0,0.0,0.0
11701,2023.0,3.0,23.0,6.0,21.1742,24.639969,15.543886,15.389843,21.082579,24.574606,21.015337,24.625198,15.697701,15.505224,15.423966,15.210463,21.35157,23.803984,21.8964,25.28865,15.208496,15.047515,0.0,0.0,0.0,0.0,0.0,0.0,0.0,0.0
11702,2023.0,3.0,23.0,6.0,21.011086,23.794724,15.509381,15.356568,21.009544,23.859198,21.010862,24.02028,16.253468,16.58421,15.384831,15.172565,20.970404,22.92347,22.507324,25.929749,15.227348,15.06235,0.0,0.0,0.0,4.0,0.0,0.0,0.0,0.0
11703,2023.0,3.0,23.0,6.0,21.082703,23.606813,15.47592,15.3245325,21.088018,23.6501,21.093012,23.802782,20.322634,23.509434,15.348664,15.138035,21.072422,22.887491,20.879038,22.694874,15.192482,15.028957,0.0,0.0,0.0,0.0,0.0,0.0,0.0,0.0
11704,2023.0,3.0,23.0,6.0,21.071648,23.36496,15.44314,15.2926655,21.076124,23.383602,21.080706,23.525955,18.297981,18.972725,15.314919,15.10561,21.030098,22.613115,21.09801,22.998108,15.922749,16.430864,0.0,0.0,0.0,4.0,0.0,4.0,0.0,4.0
11705,2023.0,3.0,23.0,6.0,21.07109,23.210169,15.411044,15.261521,21.075396,23.212788,21.080015,23.348484,20.328333,22.949148,15.572075,15.613784,21.062574,22.578054,21.063725,22.825678,20.394209,24.019358,0.0,0.0,0.0,0.0,4.0,0.0,0.0,0.0
11706,2023.0,3.0,23.0,7.0,21.154879,23.266499,15.380123,15.231322,21.154776,23.249023,21.15415,23.368338,17.741404,17.553024,20.416136,23.64552,21.120848,22.546837,21.183403,22.983137,17.159103,17.092651,0.0,0.0,0.0,0.0,0.0,4.0,0.0,0.0
11707,2023.0,3.0,23.0,7.0,21.067652,23.008886,15.356653,15.208223,21.07158,22.990759,21.075687,23.11342,17.245268,17.420599,17.823757,18.234173,21.045277,22.307316,21.06422,22.679619,16.660404,17.071196,0.0,0.0,0.0,4.0,0.0,4.0,0.0,4.0
11708,2023.0,3.0,23.0,7.0,21.06648,22.944359,15.33494,15.188251,21.070139,22.918465,21.07426,23.036352,20.410627,22.815125,16.309969,16.13566,21.072948,22.315344,21.063177,22.626854,20.385567,23.48345,0.0,0.0,0.0,4.0,0.0,0.0,0.0,0.0
11709,2023.0,3.0,23.0,7.0,21.039196,22.821198,15.790619,16.060226,21.0447,22.79488,21.07273,22.975689,20.045713,21.939562,16.032358,15.826066,21.066544,22.243036,21.061983,22.58322,17.480259,17.376938,4.0,4.0,0.0,0.0,0.0,0.0,0.0,0.0
11710,2023.0,3.0,23.0,7.0,21.920269,24.217836,20.297674,23.760517,21.86789,24.083822,21.864681,24.275547,17.910341,17.644882,16.28463,16.413424,21.795149,23.353214,21.743103,23.677279,17.066578,17.46293,4.0,4.0,0.0,0.0,4.0,0.0,0.0,4.0
11711,2023.0,3.0,23.0,7.0,21.83636,23.890568,20.015404,22.721563,20.910482,22.259848,20.93349,22.48343,17.598495,17.761827,20.371464,23.396338,21.759426,23.227486,20.905846,22.047117,21.761957,25.232603,0.0,4.0,0.0,4.0,4.0,0.0,0.0,4.0
11712,2023.0,3.0,23.0,8.0,20.930485,22.217087,17.751156,17.983206,21.088223,22.615854,21.089918,22.806005,21.963669,25.155416,20.038475,22.33393,20.956295,21.732416,21.083073,22.42568,20.827108,23.283495,4.0,4.0,0.0,0.0,0.0,0.0,0.0,4.0
11713,2023.0,3.0,23.0,8.0,19.279812,19.151072,20.236223,22.956245,19.646708,19.845919,19.384157,19.52259,18.897686,18.863123,17.717997,17.562351,19.886557,19.764683,19.571548,19.522736,20.104673,21.92295,0.0,4.0,0.0,0.0,0.0,0.0,0.0,0.0
11714,2023.0,3.0,23.0,8.0,19.016521,19.270107,17.847307,17.932455,18.91835,18.998802,18.375217,18.25234,17.566378,17.378622,17.147942,17.254082,20.073853,20.517752,18.781286,18.588976,18.012384,17.805931,0.0,4.0,0.0,0.0,4.0,4.0,0.0,0.0
11715,2023.0,3.0,23.0,8.0,18.97383,19.296837,17.469908,17.69217,18.115377,17.675858,18.063768,17.903687,17.344233,17.154486,20.341305,22.802572,19.129982,18.691326,18.523083,18.320631,18.108723,18.44561,4.0,0.0,0.0,0.0,4.0,0.0,0.0,4.0
11716,2023.0,3.0,23.0,8.0,18.17653,17.947378,20.280878,22.726591,17.624678,17.12352,18.497404,18.94697,17.147757,16.967918,20.04296,21.94642,18.594906,18.07363,18.301037,18.110989,21.108406,23.614862,0.0,0.0,4.0,0.0,0.0,0.0,0.0,4.0
11717,2023.0,3.0,23.0,8.0,18.42279,18.739878,18.356895,18.741291,18.03796,18.131483,18.630253,19.164324,17.720114,18.197687,18.324547,18.414862,18.398163,17.892893,19.153048,19.895943,19.90087,21.271189,0.0,4.0,4.0,4.0,4.0,0.0,4.0,0.0
11718,2023.0,3.0,23.0,9.0,18.542688,18.950315,17.151964,17.113823,18.17441,18.369757,17.716967,17.49454,20.3667,22.691044,20.327415,22.282526,18.50044,18.259083,18.262043,17.965467,18.146414,17.926882,0.0,4.0,0.0,4.0,4.0,0.0,0.0,0.0
11719,2023.0,3.0,23.0,9.0,17.802862,17.630104,16.797607,16.690807,18.12223,18.342094,17.821331,18.019934,20.043901,21.809996,20.043608,21.666199,19.310574,19.839869,18.73018,19.251833,17.242832,16.857876,0.0,4.0,4.0,0.0,0.0,4.0,4.0,0.0
11720,2023.0,3.0,23.0,9.0,18.128944,18.515047,17.057798,17.34205,18.070164,18.311192,17.271816,16.980566,18.7294,19.070301,18.533445,18.615177,19.270288,19.535315,18.016829,17.719107,17.804296,18.211576,4.0,4.0,0.0,4.0,4.0,4.0,0.0,4.0
11721,2023.0,3.0,23.0,9.0,17.608536,17.52066,20.28682,22.995604,18.03429,18.2942,17.636372,17.844095,20.29999,21.974874,20.302822,21.870726,18.567339,18.224794,17.668678,17.289604,20.308928,22.588104,0.0,4.0,4.0,0.0,4.0,0.0,0.0,0.0
11722,2023.0,3.0,23.0,9.0,17.963964,18.40963,18.257996,18.678305,17.996489,18.276937,17.166634,16.91308,18.953297,19.289371,20.045631,21.39409,18.96077,19.210272,17.504007,17.139263,18.090605,18.017925,0.0,4.0,0.0,4.0,0.0,4.0,0.0,0.0
11723,2023.0,3.0,23.0,9.0,18.150717,18.660482,17.01523,16.98778,17.963577,18.263697,17.47728,17.729544,20.22371,21.863638,18.738377,18.805523,18.448511,18.108961,17.38169,17.032246,17.915388,18.36864,0.0,4.0,4.0,4.0,4.0,0.0,0.0,4.0
11724,2023.0,3.0,23.0,10.0,18.153944,18.670296,17.159115,17.463276,17.301914,17.072245,17.669132,18.011026,20.048174,21.43872,20.30205,21.88247,18.126219,17.726084,17.439465,17.261147,20.323261,22.578444,4.0,0.0,4.0,0.0,0.0,0.0,0.0,0.0
11725,2023.0,3.0,23.0,10.0,18.154505,18.684599,20.259792,22.986221,17.608995,17.882162,17.67797,18.040499,19.031218,19.380217,18.763643,18.89299,18.793036,19.08481,17.434711,17.285992,18.152468,18.12609,0.0,4.0,4.0,4.0,0.0,4.0,0.0,0.0
11726,2023.0,3.0,23.0,10.0,18.153477,18.696537,18.581669,19.312336,17.80361,18.166365,17.03651,16.862532,20.231773,21.810814,17.868694,17.71525,18.341093,18.050077,17.382826,17.244545,17.126436,16.848656,4.0,4.0,0.0,0.0,0.0,0.0,0.0,0.0
11727,2023.0,3.0,23.0,10.0,18.165346,18.730106,20.280987,22.654905,17.176006,17.006992,16.689594,16.435255,19.119326,19.504925,17.955212,18.113947,18.045471,17.692265,17.330076,17.199448,17.893373,18.563236,4.0,0.0,0.0,4.0,4.0,0.0,0.0,4.0
11728,2023.0,3.0,23.0,10.0,17.532667,17.561878,20.04419,21.982864,16.834934,16.587484,16.569551,16.327105,20.189848,21.685467,20.241127,22.221779,18.742306,19.089865,17.281096,17.157255,20.31154,22.656176,0.0,0.0,0.0,4.0,0.0,4.0,0.0,0.0
11729,2023.0,3.0,23.0,10.0,17.181067,17.12351,18.22265,18.34956,16.718653,16.4833,16.623785,16.536259,20.046267,21.346525,18.63757,18.860102,19.019468,19.406439,17.236797,17.119225,18.144676,18.17959,0.0,0.0,0.0,0.0,0.0,4.0,0.0,0.0
11730,2023.0,3.0,23.0,11.0,17.77156,18.342148,17.770077,18.12056,17.488789,18.033133,17.338612,17.914272,18.587965,18.4907,17.677212,17.547491,19.091866,19.489737,17.197044,17.084976,17.132046,16.903273,4.0,4.0,4.0,0.0,0.0,4.0,0.0,0.0
11731,2023.0,3.0,23.0,11.0,17.942308,18.568747,20.274395,22.59261,17.58184,18.058163,16.945612,17.062084,18.649904,18.918436,17.457802,17.295654,19.141745,19.545248,18.236902,19.080313,17.007166,16.867577,0.0,4.0,0.0,4.0,0.0,4.0,4.0,0.0
11732,2023.0,3.0,23.0,11.0,17.970097,18.589754,18.513609,18.937143,16.969862,16.923048,17.163866,17.610117,20.197884,21.72064,17.3198,17.16663,19.191612,19.59901,17.561491,17.452276,16.893473,16.773788,0.0,0.0,4.0,0.0,0.0,4.0,0.0,0.0
11733,2023.0,3.0,23.0,11.0,18.001804,18.632063,17.84112,18.24641,16.636782,16.47568,17.330189,17.812237,18.638016,18.583809,17.200344,17.050941,18.531054,18.324213,17.13736,16.918695,16.769596,16.654793,4.0,0.0,4.0,0.0,0.0,0.0,0.0,0.0
11734,2023.0,3.0,23.0,11.0,18.018223,18.651094,20.269241,22.580442,17.216496,17.636072,16.761803,16.73662,18.678228,18.962936,17.114904,16.964237,18.26933,17.954681,17.044884,16.81821,16.681095,16.567997,0.0,4.0,0.0,4.0,0.0,0.0,0.0,0.0
11735,2023.0,3.0,23.0,11.0,17.404186,17.502913,18.624994,19.11378,16.868946,16.845137,17.106766,17.563875,20.193172,21.696766,17.032461,16.88852,18.16812,17.85721,17.083052,16.958769,16.590733,16.48248,4.0,0.0,4.0,0.0,0.0,0.0,0.0,0.0
11736,2023.0,3.0,23.0,12.0,17.782158,18.412962,20.237877,22.449171,16.55212,16.422384,17.307491,17.81152,18.666933,18.623512,16.9566,16.81555,18.100424,17.79809,17.084377,16.975645,16.509956,16.405434,0.0,0.0,4.0,0.0,0.0,0.0,0.0,0.0
11737,2023.0,3.0,23.0,12.0,21.28546,24.41254,18.648102,19.112225,21.273052,24.778368,21.188726,24.50761,18.727291,19.24533,16.888855,16.750673,21.936079,24.5031,22.372675,25.912193,16.43548,16.330637,4.0,4.0,0.0,4.0,0.0,4.0,0.0,0.0
11738,2023.0,3.0,23.0,12.0,21.081926,23.624224,20.269032,22.39912,21.028555,23.795658,21.029156,23.759312,20.20134,21.774963,16.826788,16.689121,21.06747,22.729132,21.954178,24.758106,16.374317,16.271301,0.0,0.0,0.0,0.0,0.0,4.0,0.0,0.0
11739,2023.0,3.0,23.0,12.0,21.089256,23.412521,18.408169,18.600468,21.070473,23.5242,21.096493,23.599718,19.203344,19.649216,16.775272,16.641092,21.03835,22.478384,21.08428,23.095846,16.324347,16.224312,0.0,4.0,0.0,4.0,0.0,4.0,0.0,0.0
11740,2023.0,3.0,23.0,12.0,21.075241,23.217262,17.896545,18.276365,21.087423,23.355993,21.072313,23.377193,20.18407,21.681799,17.117004,17.325722,21.05996,22.405708,21.058954,22.889286,16.282084,16.18532,4.0,0.0,0.0,0.0,4.0,0.0,0.0,0.0
11741,2023.0,3.0,23.0,12.0,21.155052,23.23834,20.269041,22.502798,21.14983,23.304558,21.16205,23.412506,18.649982,18.577276,20.333445,22.803444,21.126339,22.432053,21.249414,23.128593,16.245224,16.151426,0.0,4.0,4.0,0.0,0.0,0.0,4.0,0.0
11742,2023.0,3.0,23.0,13.0,21.07835,23.019253,18.876564,19.550596,21.060472,23.013147,21.052456,23.102905,17.854261,17.574942,18.411177,18.751417,21.052288,22.2007,21.036436,22.599699,16.21271,16.12146,4.0,4.0,4.0,0.0,0.0,0.0,4.0,0.0
11743,2023.0,3.0,23.0,13.0,21.071373,22.94132,20.256296,22.314295,21.058186,22.928944,21.087187,23.10251,17.741158,17.584646,17.323263,17.226662,21.011408,22.05976,21.07221,22.630083,16.187197,16.101255,4.0,4.0,0.0,0.0,0.0,4.0,0.0,0.0
11744,2023.0,3.0,23.0,13.0,21.033485,22.818615,20.02568,21.71628,21.05639,22.864697,21.078876,23.014734,18.437479,18.998156,17.109093,16.985012,21.025938,22.043673,21.063198,22.549911,17.199448,18.043444,4.0,4.0,0.0,4.0,0.0,4.0,0.0,4.0
11745,2023.0,3.0,23.0,13.0,21.050426,22.81102,20.07445,21.734663,21.054968,22.814093,21.053898,22.889238,20.198421,21.907286,17.021233,16.900393,21.023302,22.004818,21.023762,22.392889,20.330694,23.226261,0.0,4.0,4.0,4.0,0.0,4.0,4.0,0.0
11746,2023.0,3.0,23.0,13.0,21.046898,22.773863,18.492569,18.633469,21.053556,22.77245,21.0571,22.855743,20.038874,21.431162,16.956135,16.841417,21.05227,22.05321,21.029675,22.372587,17.905432,18.052578,0.0,4.0,4.0,0.0,0.0,0.0,4.0,0.0
11747,2023.0,3.0,23.0,13.0,21.046164,22.747612,17.682537,17.684843,21.05228,22.737755,21.05556,22.822052,18.623219,18.581604,16.90227,16.792904,21.0462,22.008884,21.067368,22.450165,16.818743,16.664665,0.0,4.0,4.0,0.0,0.0,0.0,0.0,0.0
11748,2023.0,3.0,23.0,14.0,21.044348,22.723604,17.905895,18.32241,21.050413,22.707264,21.079142,22.862787,17.879923,17.636408,16.853724,16.747496,21.045065,21.979055,21.057535,22.399645,16.68324,16.596474,4.0,4.0,0.0,0.0,0.0,0.0,0.0,0.0
11749,2023.0,3.0,23.0,14.0,19.945871,20.5979,20.25706,22.46702,19.837523,20.358345,19.773182,20.302523,17.772913,17.636265,17.21086,17.458454,20.074463,20.10396,19.560833,19.493773,16.612684,16.53335,4.0,4.0,4.0,0.0,4.0,0.0,0.0,0.0
11750,2023.0,3.0,23.0,14.0,18.840752,18.922796,20.099789,21.951838,19.23573,19.663897,19.134483,19.577417,18.426159,18.959133,20.3273,22.7597,20.29487,20.833523,18.78031,18.538084,16.538235,16.461193,4.0,4.0,4.0,4.0,0.0,4.0,0.0,0.0
11751,2023.0,3.0,23.0,14.0,18.341911,18.335413,20.055325,21.72997,19.040787,19.476362,18.370264,18.3446,20.232903,21.992002,18.508772,18.852398,19.588781,19.416218,18.588915,18.444372,16.473122,16.398127,4.0,4.0,0.0,0.0,0.0,0.0,0.0,0.0
11752,2023.0,3.0,23.0,14.0,18.788904,19.387579,20.06735,21.679657,18.902063,19.35041,18.513006,18.936619,18.628004,18.660255,17.84938,18.112251,19.867199,20.229328,18.440327,18.312565,16.415352,16.342237,0.0,4.0,4.0,0.0,4.0,4.0,0.0,0.0
11753,2023.0,3.0,23.0,14.0,18.311178,18.441687,18.867765,19.290699,18.790714,19.25073,17.995333,17.986208,17.826117,17.626595,20.265497,22.396893,20.029562,20.447046,18.290686,18.16909,16.36391,16.292542,4.0,4.0,0.0,0.0,0.0,4.0,0.0,0.0
11754,2023.0,3.0,23.0,15.0,18.604649,19.237883,20.222466,22.093792,18.089962,18.032484,18.218252,18.66842,17.69473,17.568651,18.608765,18.89746,19.342402,19.1688,19.194271,19.996502,16.317497,16.248295,0.0,0.0,4.0,0.0,0.0,0.0,4.0,0.0
11755,2023.0,3.0,23.0,15.0,18.725555,19.38837,18.913363,19.38341,18.325714,18.737507,18.319412,18.816433,17.6087,17.495657,18.027342,18.278715,19.695635,20.06907,18.489445,18.406025,16.2739,16.205,4.0,4.0,4.0,0.0,4.0,4.0,0.0,0.0
11756,2023.0,3.0,23.0,15.0,18.698805,19.355825,20.213469,21.925495,18.422754,18.90761,17.698423,17.694752,17.527393,17.414852,20.268501,22.245104,19.836288,20.267282,18.107765,17.887846,17.196236,17.976933,0.0,4.0,0.0,0.0,0.0,4.0,0.0,4.0
11757,2023.0,3.0,23.0,15.0,18.055243,18.187021,18.662235,18.83363,17.770977,17.720922,17.301844,17.188505,17.442518,17.333923,19.022734,19.540493,19.163336,18.989199,17.92775,17.705431,20.335283,23.219767,0.0,0.0,0.0,0.0,4.0,0.0,0.0,0.0
11758,2023.0,3.0,23.0,15.0,17.670639,17.693033,17.854078,17.865328,17.396904,17.249578,17.12492,16.99638,17.362999,17.256258,20.244835,21.975447,18.80971,18.535591,17.889467,17.763391,17.928635,18.103132,0.0,0.0,0.0,0.0,0.0,0.0,0.0,0.0
11759,2023.0,3.0,23.0,15.0,18.207619,18.828081,18.035215,18.40599,17.904882,18.325644,17.09898,17.067438,17.290186,17.185392,18.655949,18.709064,19.416485,19.793566,17.829975,17.719276,17.71866,18.3604,4.0,4.0,0.0,0.0,0.0,4.0,0.0,4.0
11760,2023.0,3.0,23.0,16.0,17.729336,17.857777,20.253263,22.337719,18.061523,18.558601,17.05352,17.0415,17.23165,17.127447,18.066486,17.909578,18.903889,18.731367,17.759462,17.652197,20.312473,22.876583,0.0,4.0,0.0,0.0,0.0,0.0,0.0,0.0
11761,2023.0,3.0,23.0,16.0,18.104338,18.749863,19.02257,19.701975,17.46727,17.442394,17.683863,18.290474,17.170494,17.068615,18.226957,18.4016,19.32365,19.71195,17.68424,17.579994,18.77439,19.50093,4.0,0.0,4.0,0.0,4.0,4.0,0.0,4.0
11762,2023.0,3.0,23.0,16.0,18.229958,18.895464,20.208002,21.989298,17.172585,17.02144,17.263374,17.389616,17.11905,17.01717,20.21693,21.9766,19.491905,19.928223,17.621004,17.517847,20.286682,22.343712,0.0,0.0,0.0,0.0,4.0,4.0,0.0,0.0
11763,2023.0,3.0,23.0,16.0,18.247667,18.906311,18.575289,18.705824,17.696035,18.116074,16.826044,16.725332,17.066174,16.966358,20.038803,21.440989,19.531689,19.959894,17.555365,17.454556,18.310001,18.358168,0.0,4.0,0.0,0.0,0.0,4.0,0.0,0.0
11764,2023.0,3.0,23.0,16.0,18.2648,18.918,18.205584,18.570154,17.907495,18.388779,17.344954,17.794825,17.015821,16.917332,18.911573,19.135849,18.861778,18.672808,17.493448,17.39415,17.356314,17.162899,4.0,4.0,4.0,0.0,4.0,0.0,0.0,0.0
11765,2023.0,3.0,23.0,16.0,18.266516,18.9116,20.25364,22.23135,17.331186,17.30639,16.924147,16.914665,16.973001,16.874622,20.266863,21.634571,18.587416,18.289593,17.441814,17.343369,17.197454,17.074621,0.0,0.0,0.0,0.0,0.0,0.0,0.0,0.0
11766,2023.0,3.0,23.0,17.0,17.63559,17.73274,19.072317,19.720766,16.97181,16.822952,17.279974,17.736506,16.929226,16.832678,18.76164,18.71834,18.46444,18.164192,17.387365,17.290655,17.053312,16.947706,4.0,0.0,4.0,0.0,0.0,0.0,0.0,0.0
11767,2023.0,3.0,23.0,17.0,17.345703,17.328178,20.19965,21.898651,16.843063,16.66833,16.840622,16.82494,16.88985,16.792416,18.240215,18.061575,18.37728,18.07278,17.338442,17.241322,16.930256,16.825842,0.0,0.0,0.0,0.0,0.0,0.0,0.0,0.0
11768,2023.0,3.0,23.0,17.0,17.904696,18.493858,18.928158,19.302013,17.580622,18.14848,16.514982,16.373484,17.587873,18.143858,18.038567,17.881306,18.438309,18.278887,17.286287,17.189346,16.801727,16.701218,4.0,4.0,0.0,4.0,0.0,0.0,0.0,0.0
11769,2023.0,3.0,23.0,17.0,17.41814,17.496466,20.202644,21.797485,17.659166,18.142412,17.100752,17.52857,20.297083,22.77416,17.872652,17.710726,19.230282,19.808586,17.240313,17.142744,16.704056,16.603819,0.0,4.0,4.0,0.0,0.0,4.0,0.0,0.0
11770,2023.0,3.0,23.0,17.0,17.809486,18.413626,18.660225,18.730885,17.034664,16.98016,17.338621,17.808136,18.193722,18.273708,17.710081,17.557505,18.61974,18.422365,17.192236,17.094803,17.54287,18.27845,0.0,0.0,4.0,0.0,0.0,0.0,0.0,4.0
11771,2023.0,3.0,23.0,17.0,17.321396,17.402063,18.089985,18.008114,17.418228,17.806282,17.36443,17.823338,17.423346,17.145138,17.587841,17.436232,18.3202,17.9958,17.14978,17.051668,20.329466,23.038671,0.0,4.0,4.0,0.0,0.0,0.0,0.0,0.0
11772,2023.0,3.0,23.0,18.0,16.993235,16.961876,18.28405,18.596851,17.008062,16.933361,17.381598,17.829758,18.049614,18.547226,17.828465,18.004383,18.200174,17.86945,17.105272,17.007313,18.646704,19.318302,4.0,0.0,4.0,4.0,4.0,0.0,0.0,4.0
11773,2023.0,3.0,23.0,18.0,21.320168,24.620972,20.216364,22.108982,21.292585,24.554647,21.329535,24.662981,20.279537,22.384653,20.266718,22.253895,21.397362,23.539919,22.595419,26.36054,20.253084,22.286572,0.0,4.0,4.0,0.0,4.0,4.0,0.0,4.0
11774,2023.0,3.0,23.0,18.0,21.02888,23.606478,19.04134,19.609056,21.032463,23.601145,21.014292,23.61667,18.307203,18.26074,20.019732,21.548275,21.03753,22.667501,20.854008,22.93733,20.050045,21.77395,4.0,0.0,4.0,0.0,0.0,0.0,0.0,0.0
11775,2023.0,3.0,23.0,18.0,21.061228,23.354897,20.245106,22.02058,21.068224,23.350658,21.076061,23.449312,18.082624,18.423746,18.417444,18.297678,21.06302,22.516733,21.099796,23.18437,18.221891,18.138685,0.0,4.0,4.0,4.0,0.0,0.0,0.0,0.0
11776,2023.0,3.0,23.0,18.0,21.082134,23.220448,18.854145,19.143269,21.06308,23.139622,21.066,23.230917,20.262543,22.171507,17.525389,17.152815,21.028717,22.28534,21.058516,22.928421,17.305899,17.000463,4.0,4.0,4.0,4.0,0.0,4.0,0.0,0.0
11777,2023.0,3.0,23.0,18.0,21.0757,23.064846,20.226725,21.998625,21.061823,22.99626,21.065197,23.087843,20.012272,21.474705,17.45288,17.261219,21.061844,22.271976,21.02366,22.704483,17.008766,16.697683,0.0,4.0,4.0,4.0,0.0,0.0,4.0,0.0
11778,2023.0,3.0,23.0,19.0,21.049314,22.886301,18.8322,19.099281,21.084385,22.956564,21.087667,23.046934,20.070784,21.474297,17.770908,17.941936,21.05537,22.179092,21.079645,22.731611,16.9795,16.835829,4.0,0.0,0.0,0.0,4.0,0.0,0.0,0.0
11779,2023.0,3.0,23.0,19.0,21.078684,22.889988,20.215685,21.974154,21.078194,22.859318,21.081455,22.948868,18.45883,18.265734,20.354868,22.29168,21.055016,22.116852,21.068794,22.62075,16.90214,16.775242,0.0,0.0,0.0,0.0,0.0,0.0,0.0,0.0
11780,2023.0,3.0,23.0,19.0,21.046045,22.743303,18.827179,19.080591,21.077496,22.789959,21.056314,22.810658,18.349728,18.610653,18.65551,18.840498,21.011574,21.990402,21.068798,22.550007,16.791407,16.668997,4.0,0.0,4.0,4.0,0.0,4.0,0.0,0.0
11781,2023.0,3.0,23.0,19.0,21.051117,22.70899,20.225983,21.967272,21.060875,22.733496,21.060394,22.769558,20.259892,21.945784,17.709581,17.564909,21.03077,21.991173,21.055096,22.491924,16.693174,16.573627,4.0,0.0,4.0,0.0,0.0,4.0,0.0,0.0
11782,2023.0,3.0,23.0,19.0,21.049694,22.670717,20.027348,21.428385,21.037706,22.644249,21.083849,22.797167,18.470959,18.29083,17.456131,17.283035,21.058372,22.036581,21.05608,22.465546,16.607174,16.489626,4.0,4.0,0.0,0.0,0.0,0.0,0.0,0.0
11783,2023.0,3.0,23.0,19.0,21.075178,22.711365,20.052893,21.392471,21.04105,22.635386,21.075815,22.743866,17.563465,17.161922,17.29989,17.119719,21.051453,21.99048,21.054056,22.436756,16.529099,16.41057,4.0,4.0,0.0,0.0,0.0,0.0,0.0,0.0
11784,2023.0,3.0,23.0,20.0,21.043182,22.595377,20.050926,21.33076,21.081955,22.68962,21.053726,22.646938,18.32142,18.845852,17.18546,17.010244,21.053339,21.965364,21.055027,22.41589,16.464006,16.348276,4.0,0.0,4.0,4.0,0.0,0.0,0.0,0.0
11785,2023.0,3.0,23.0,20.0,21.07521,22.655546,20.050943,21.289955,21.074163,22.632257,21.058239,22.633253,20.247019,22.032383,17.082132,16.907658,21.03917,21.939943,21.054634,22.394653,17.332035,18.036808,4.0,0.0,4.0,0.0,0.0,0.0,0.0,4.0
11786,2023.0,3.0,23.0,20.0,21.068666,22.615246,20.050686,21.25872,21.049665,22.528292,21.082174,22.680582,18.946388,19.2365,16.990023,16.814623,21.010815,21.862623,21.054243,22.375242,20.341022,23.03405,4.0,4.0,0.0,4.0,0.0,4.0,0.0,0.0
11787,2023.0,3.0,23.0,20.0,21.04264,22.51851,20.050508,21.234161,21.079056,22.581745,21.07647,22.64393,20.304865,21.868025,16.908539,16.732563,21.059536,21.954735,21.054173,22.35771,18.529234,19.04026,4.0,0.0,0.0,0.0,0.0,0.0,0.0,4.0
11788,2023.0,3.0,23.0,20.0,21.073692,22.583384,20.05026,21.213717,21.072975,22.543379,21.076664,22.619545,18.478971,18.238827,16.834978,16.65796,21.052198,21.914082,21.053701,22.340729,20.319984,22.591867,4.0,0.0,0.0,0.0,0.0,0.0,0.0,0.0
11789,2023.0,3.0,23.0,20.0,21.067614,22.550894,20.050192,21.196793,21.056778,22.519655,21.034834,22.527346,17.581333,17.14052,16.766266,16.58453,21.052746,21.89263,21.05353,22.325418,18.060314,17.91931,4.0,0.0,4.0,0.0,0.0,0.0,0.0,0.0
11790,2023.0,3.0,23.0,21.0,21.053339,22.53316,20.050158,21.182281,21.03372,22.454351,21.066977,22.618633,18.341993,18.83639,16.702953,16.517715,21.038387,21.872944,21.053286,22.31079,17.021591,16.653584,4.0,4.0,0.0,4.0,0.0,0.0,0.0,0.0
11791,2023.0,3.0,23.0,21.0,21.054184,22.538544,20.0498,21.169382,21.063301,22.535784,21.077347,22.604387,20.243961,21.974339,16.6498,16.466137,21.039846,21.878633,21.052858,22.296976,16.94736,16.772026,4.0,0.0,0.0,0.0,0.0,0.0,0.0,0.0
11792,2023.0,3.0,23.0,21.0,21.027195,22.46416,20.04945,21.157953,21.04896,22.449453,21.05045,22.504984,18.386883,18.149584,16.60306,16.420681,21.03949,21.877892,21.052492,22.284222,16.876205,16.722,4.0,4.0,4.0,0.0,0.0,0.0,0.0,0.0
11793,2023.0,3.0,23.0,21.0,21.074913,22.550978,20.067026,21.19804,21.076988,22.501188,21.08029,22.568178,18.247704,18.490345,16.560606,16.379208,21.008818,21.796299,21.05163,22.2713,16.764366,16.614946,0.0,0.0,0.0,4.0,0.0,4.0,0.0,0.0
11794,2023.0,3.0,23.0,21.0,21.039478,22.435907,18.95486,19.036423,21.070797,22.464466,21.04917,22.468994,20.296835,21.913746,16.879625,17.00871,21.058369,21.891266,21.05163,22.260635,16.670893,16.528704,4.0,0.0,4.0,4.0,4.0,0.0,0.0,0.0
11795,2023.0,3.0,23.0,21.0,21.071625,22.503454,20.220957,21.676899,21.0709,22.44296,21.054598,22.468971,20.161692,21.579397,20.447659,22.933296,21.05087,21.852497,21.051435,22.25013,16.588196,16.449993,0.0,0.0,4.0,0.0,4.0,0.0,0.0,0.0
11796,2023.0,3.0,23.0,22.0,21.06496,22.470629,18.593975,18.418133,21.053658,22.42313,21.078316,22.525387,18.441301,18.14516,19.996153,21.839264,21.020796,21.754814,21.051008,22.239752,16.51468,16.376255,0.0,0.0,0.0,0.0,4.0,4.0,0.0,0.0
11797,2023.0,3.0,23.0,22.0,21.035936,22.376497,17.926064,17.75152,21.028755,22.359982,21.070765,22.49404,17.624191,17.166407,20.066576,21.698025,21.056532,21.837902,21.04927,22.227585,16.449083,16.310596,0.0,4.0,0.0,0.0,4.0,0.0,0.0,0.0
11798,2023.0,3.0,23.0,22.0,21.071758,22.459482,18.243929,18.509733,21.052116,22.38093,21.07214,22.479729,17.629683,17.427004,20.070461,21.52356,21.01799,21.729101,21.049818,22.219543,16.393873,16.257317,4.0,4.0,0.0,0.0,0.0,4.0,0.0,0.0
11799,2023.0,3.0,23.0,22.0,21.064022,22.432583,20.21947,22.050535,21.07392,22.427168,21.055273,22.464146,18.212528,18.604761,18.35971,18.096462,21.055414,21.818037,21.049961,22.21113,17.096655,17.627794,0.0,0.0,0.0,4.0,0.0,0.0,0.0,4.0
11800,2023.0,3.0,23.0,22.0,21.022537,22.348085,18.741405,18.96514,21.068623,22.396202,21.032385,22.407122,20.225948,21.998835,17.667887,17.432287,21.049337,21.793756,21.049517,22.202105,20.366516,23.11371,0.0,0.0,4.0,4.0,0.0,0.0,0.0,4.0
11801,2023.0,3.0,23.0,22.0,21.071756,22.450203,17.82918,17.717293,21.04275,22.306597,21.062164,22.494738,20.041033,21.432934,17.522268,17.310198,21.01868,21.70309,21.048845,22.19302,20.003727,22.024292,0.0,4.0,0.0,0.0,0.0,4.0,0.0,4.0
11802,2023.0,3.0,23.0,23.0,21.0628,22.414713,18.029057,18.274769,21.073278,22.37713,21.072754,22.48086,18.403646,18.134645,17.370113,17.171032,21.054493,21.792341,21.048855,22.18558,20.083704,21.951311,4.0,0.0,0.0,0.0,0.0,0.0,0.0,0.0
11803,2023.0,3.0,23.0,23.0,19.538229,19.476685,17.729893,17.711357,19.463144,19.277437,19.380594,19.210964,17.5895,17.15853,17.232166,17.038357,19.824635,19.420385,19.77048,19.718979,18.090134,17.92186,0.0,0.0,0.0,0.0,0.0,0.0,0.0,0.0
11804,2023.0,3.0,23.0,23.0,19.149748,19.122965,17.94112,18.226473,18.99045,18.781796,18.884462,18.691248,17.61516,17.406946,17.464458,17.565779,19.33351,18.775414,19.241396,19.028316,17.360453,16.944748,4.0,0.0,0.0,0.0,4.0,0.0,0.0,0.0
11805,2023.0,3.0,23.0,23.0,18.956081,18.955872,17.292719,16.986132,18.777359,18.595865,18.663668,18.49941,17.556116,17.374409,17.181019,17.012306,19.411299,19.142164,19.009373,18.806019,17.322748,17.12876,0.0,0.0,0.0,0.0,0.0,0.0,0.0,0.0
11806,2023.0,3.0,23.0,23.0,18.759848,18.753313,16.901161,16.409529,18.56346,18.374392,18.442305,18.270386,17.45747,17.27735,17.00801,16.812494,19.3471,19.117033,18.809761,18.603865,17.20613,17.036865,0.0,0.0,0.0,0.0,0.0,0.0,0.0,0.0
11807,2023.0,3.0,23.0,23.0,18.60781,18.611391,17.03136,16.821918,18.397871,18.219696,18.27139,18.110718,17.999083,18.382978,16.923382,16.734331,19.23997,19.019758,18.652176,18.45772,17.080236,16.92123,0.0,0.0,0.0,4.0,0.0,0.0,0.0,0.0
11808,2023.0,3.0,24.0,0.0,18.46797,18.473892,17.02895,16.876223,18.244808,18.06914,18.11356,17.955418,17.516703,17.366692,16.84247,16.655653,19.13592,18.919683,18.508183,18.318535,16.963474,16.808641,0.0,0.0,0.0,0.0,0.0,0.0,0.0,0.0
11809,2023.0,3.0,24.0,0.0,18.342398,18.348822,16.959604,16.809517,18.107365,17.933002,17.972036,17.815231,17.313316,17.136269,16.764442,16.573257,19.760006,20.18581,18.378304,18.191734,17.639608,18.182215,0.0,0.0,0.0,0.0,0.0,4.0,0.0,4.0
11810,2023.0,3.0,24.0,0.0,18.22895,18.235693,16.889761,16.739017,17.983034,17.80966,17.844152,17.688337,17.782333,18.094896,16.69186,16.498222,18.92191,18.478624,18.260235,18.07623,17.062147,16.963224,0.0,0.0,0.0,4.0,0.0,0.0,0.0,0.0
11811,2023.0,3.0,24.0,0.0,18.123753,18.128666,16.821348,16.668373,17.867798,17.693157,17.725819,17.568607,17.105242,16.704384,16.622215,16.424997,18.589396,18.05479,18.150274,17.966639,17.342823,17.634237,0.0,0.0,0.0,0.0,0.0,0.0,0.0,4.0
11812,2023.0,3.0,24.0,0.0,18.028185,18.032188,16.756805,16.602022,17.762796,17.58795,17.618332,17.4607,16.818714,16.366848,16.556328,16.356133,18.456158,17.921618,18.045584,17.85624,16.682514,16.32287,0.0,0.0,0.0,0.0,0.0,0.0,0.0,0.0
11813,2023.0,3.0,24.0,0.0,17.940147,17.943869,16.6958,16.539667,17.666517,17.492216,17.52011,17.362736,16.69709,16.246262,16.493681,16.291,19.409142,19.861233,17.950895,17.759787,16.41304,16.01901,0.0,0.0,0.0,0.0,0.0,4.0,0.0,0.0
11814,2023.0,3.0,24.0,1.0,17.857365,17.860077,17.097918,17.339556,17.576342,17.401533,17.427954,17.269926,16.819136,16.597284,16.432825,16.227057,18.627441,18.18504,17.862328,17.66885,16.284426,15.891262,4.0,0.0,0.0,0.0,0.0,0.0,0.0,0.0
11815,2023.0,3.0,24.0,1.0,17.780478,17.782648,16.818207,16.760668,17.492987,17.318134,17.342236,17.18416,16.826193,16.632965,16.375362,16.167583,18.303967,17.763523,17.779833,17.584461,16.388556,16.210508,0.0,0.0,0.0,0.0,0.0,0.0,0.0,0.0
11816,2023.0,3.0,24.0,1.0,17.708828,17.710312,16.62632,16.470758,17.415342,17.240326,17.262234,17.10396,16.775661,16.581736,16.639467,16.709093,18.19111,17.652857,17.703302,17.50622,16.367182,16.200785,0.0,0.0,0.0,0.0,4.0,0.0,0.0,0.0
11817,2023.0,3.0,24.0,1.0,17.646685,17.652529,16.557114,16.400425,17.348076,17.17849,17.193153,17.040318,16.727112,16.534737,16.397629,16.202333,18.374504,18.12072,17.635777,17.441002,17.045326,17.526499,0.0,0.0,0.0,0.0,0.0,0.0,0.0,4.0
11818,2023.0,3.0,24.0,1.0,17.585447,17.59261,16.49947,16.3428,17.281761,17.114265,17.12546,16.974455,17.256454,17.57168,16.28238,16.07328,18.380512,18.144817,17.570377,17.375599,16.517403,16.38462,0.0,0.0,0.0,4.0,0.0,0.0,0.0,0.0
11819,2023.0,3.0,24.0,1.0,17.527002,17.534569,16.447716,16.291039,17.21858,17.0524,17.061222,16.91121,16.834846,16.658175,16.229448,16.020046,18.334862,18.098953,17.508432,17.31319,16.137728,15.772848,0.0,0.0,0.0,0.0,0.0,0.0,0.0,0.0
11820,2023.0,3.0,24.0,2.0,17.470425,17.47684,16.398052,16.240196,17.157173,16.990671,16.998695,16.848112,16.686647,16.490393,16.496332,16.564451,18.288254,18.050905,17.449022,17.252424,15.987411,15.601771,0.0,0.0,0.0,0.0,4.0,0.0,0.0,0.0
11821,2023.0,3.0,24.0,2.0,17.41858,17.426058,16.353065,16.196112,17.10108,16.936646,16.941408,16.792831,16.627823,16.432137,16.24421,16.0343,18.243517,18.006107,17.39422,17.197912,16.111528,15.945183,0.0,0.0,0.0,0.0,0.0,0.0,0.0,0.0
11822,2023.0,3.0,24.0,2.0,17.366282,17.372463,16.307625,16.14911,17.044737,16.879711,16.883776,16.734531,16.57188,16.374569,16.460972,16.526287,18.198435,17.95952,17.340176,17.142603,16.092934,15.923731,0.0,0.0,0.0,0.0,4.0,0.0,0.0,0.0
11823,2023.0,3.0,24.0,2.0,17.318884,17.326962,16.266792,16.109823,16.99393,16.831703,16.83185,16.685394,16.523619,16.327318,16.211708,16.005157,18.156576,17.918377,17.290442,17.09396,16.78308,17.26008,0.0,0.0,0.0,0.0,0.0,0.0,0.0,4.0
11824,2023.0,3.0,24.0,2.0,18.034525,18.713957,16.22555,16.068378,16.943115,16.781698,16.78015,16.634354,16.476625,16.27997,16.098282,15.883254,18.114588,17.875998,18.251894,18.946993,16.282793,16.163414,0.0,0.0,0.0,0.0,0.0,0.0,4.0,0.0
11825,2023.0,3.0,24.0,2.0,17.563677,17.688803,16.184896,16.027317,16.893791,16.732698,16.72999,16.584393,16.431759,16.234522,16.33042,16.359703,18.073362,17.834198,17.339308,16.990023,15.90755,15.547025,0.0,0.0,0.0,0.0,4.0,0.0,0.0,0.0
11826,2023.0,3.0,24.0,3.0,17.018105,16.724497,16.143532,15.984051,16.84441,16.68179,16.679493,16.53236,16.97519,17.292862,16.108358,15.892732,18.031803,17.790802,17.008406,16.563768,15.757694,15.370102,0.0,0.0,0.0,4.0,0.0,0.0,0.0,0.0
11827,2023.0,3.0,24.0,3.0,16.847578,16.523401,16.104652,15.944786,16.797846,16.635517,16.631884,16.485025,16.551933,16.371925,16.300503,16.341381,17.99235,17.751017,16.898214,16.456427,15.884796,15.712948,0.0,0.0,0.0,0.0,4.0,0.0,0.0,0.0
11828,2023.0,3.0,24.0,3.0,17.033358,16.991915,16.067257,15.907641,17.483877,17.963737,16.58604,16.44023,16.409962,16.20978,16.390085,16.45476,18.709032,19.14016,17.040867,16.83664,15.876447,15.704625,0.0,4.0,0.0,0.0,4.0,4.0,0.0,0.0
11829,2023.0,3.0,24.0,3.0,17.068275,17.077843,16.029783,15.869382,17.04127,17.003834,16.540274,16.39433,16.353552,16.153078,16.146973,15.957911,18.174248,17.98829,17.037155,16.83801,15.8383,15.6654215,0.0,0.0,0.0,0.0,4.0,0.0,0.0,0.0
11830,2023.0,3.0,24.0,3.0,17.045225,17.06495,15.992906,15.831505,16.503372,16.044178,16.495405,16.349089,16.301332,16.1001,16.036543,15.817668,17.735495,17.225344,16.995605,16.795647,15.800795,15.627251,0.0,0.0,0.0,0.0,4.0,0.0,0.0,0.0
11831,2023.0,3.0,24.0,3.0,17.008959,17.029074,15.956966,15.795351,16.32231,15.823009,16.45205,16.306131,16.25442,16.053146,15.711143,15.250657,17.582806,17.049183,16.954617,16.754847,16.495163,16.967085,0.0,0.0,0.0,0.0,0.0,0.0,0.0,4.0
11832,2023.0,3.0,24.0,4.0,16.968378,16.986475,15.918866,15.755034,16.537151,16.350353,16.407097,16.259169,16.207897,16.00468,15.521743,15.013053,17.79426,17.56331,16.911158,16.70999,16.785625,17.35265,0.0,0.0,0.0,0.0,0.0,0.0,0.0,4.0
11833,2023.0,3.0,24.0,4.0,16.931131,16.950983,15.884487,15.722596,16.542791,16.37718,16.367281,16.221481,16.166853,15.9653425,15.679447,15.429089,17.785233,17.5418,16.870712,16.671146,15.89127,15.550686,0.0,0.0,0.0,0.0,0.0,0.0,0.0,0.0
11834,2023.0,3.0,24.0,4.0,16.890142,16.908115,15.846325,15.682956,16.507591,16.343578,16.324127,16.17662,16.123802,15.920737,16.017216,16.062815,17.748745,17.504446,16.827562,16.626715,15.603369,15.198289,0.0,0.0,0.0,0.0,4.0,0.0,0.0,0.0
11835,2023.0,3.0,24.0,4.0,16.850748,16.868187,15.809769,15.646086,16.468788,16.3051,16.282637,16.134928,16.08308,15.879743,15.779151,15.551855,17.713661,17.469109,16.785957,16.584974,15.499095,15.097519,0.0,0.0,0.0,0.0,0.0,0.0,0.0,0.0
11836,2023.0,3.0,24.0,4.0,16.812723,16.830788,15.774996,15.61212,16.429829,16.267635,16.242754,16.096275,16.610014,16.902475,15.975765,16.000546,17.678736,17.435007,16.74582,16.545835,16.401335,16.904274,0.0,0.0,0.0,4.0,4.0,0.0,0.0,4.0
11837,2023.0,3.0,24.0,4.0,16.773691,16.79097,15.739222,15.575739,16.389235,16.227024,16.201792,16.055058,16.232645,16.072721,16.082413,16.143538,17.64275,17.398779,16.704857,16.504736,15.700009,15.35799,0.0,0.0,0.0,0.0,4.0,0.0,0.0,0.0
11838,2023.0,3.0,24.0,5.0,16.733698,16.748669,15.702602,15.537039,16.347229,16.18351,16.160084,16.01149,16.069256,15.863999,15.798858,15.599749,17.605743,17.360487,16.66305,16.46168,15.43159,15.0261,0.0,0.0,0.0,0.0,0.0,0.0,0.0,0.0
11839,2023.0,3.0,24.0,5.0,16.695446,16.709743,15.667692,15.501457,16.306978,16.14334,16.120258,15.971483,16.015034,15.81023,15.678088,15.457098,17.569965,17.324537,16.622765,16.421442,16.09259,16.35639,0.0,0.0,0.0,0.0,0.0,0.0,0.0,4.0
11840,2023.0,3.0,24.0,5.0,16.65628,16.669212,15.631707,15.464162,16.265945,16.10159,16.079576,15.929916,15.96409,15.758687,15.613999,15.389686,17.53362,17.2875,16.581997,16.380194,15.520134,15.13906,0.0,0.0,0.0,0.0,0.0,0.0,0.0,0.0
11841,2023.0,3.0,24.0,5.0,16.613815,16.622183,15.591402,15.418668,16.221096,16.052092,16.035126,15.88067,15.914002,15.704679,15.555367,15.325741,17.494923,17.24572,16.538961,16.334324,15.306252,14.892921,0.0,0.0,0.0,0.0,0.0,0.0,0.0,0.0
11842,2023.0,3.0,24.0,5.0,16.575148,16.582783,15.556078,15.383493,16.181284,16.012644,15.995466,15.841309,15.869728,15.660484,15.5063305,15.277199,17.459059,17.209618,16.498678,16.293928,15.462862,15.296014,0.0,0.0,0.0,0.0,0.0,0.0,0.0,0.0
11843,2023.0,3.0,24.0,5.0,16.536976,16.544397,15.520548,15.3480425,16.141665,15.973445,15.955753,15.802054,16.41482,16.72268,15.758054,15.78901,17.423637,17.174288,16.458939,16.254482,15.440097,15.258098,0.0,0.0,0.0,4.0,4.0,0.0,0.0,0.0
11844,2023.0,3.0,24.0,6.0,16.496967,16.502098,15.482965,15.308409,16.100027,15.9301195,15.914009,15.758638,16.631386,17.003937,15.51707,15.281639,17.38683,17.136175,16.417822,16.212248,15.399678,15.215822,0.0,0.0,0.0,4.0,0.0,0.0,0.0,0.0
11845,2023.0,3.0,24.0,6.0,21.1515,24.707193,15.449795,15.277251,21.05281,24.637335,20.995106,24.676409,20.257595,23.227036,15.422849,15.193213,21.293528,23.772911,21.78159,25.25087,15.362314,15.1796,0.0,0.0,0.0,0.0,0.0,0.0,0.0,0.0
11846,2023.0,3.0,24.0,6.0,21.014032,23.893806,15.41334,15.241753,21.013115,23.968542,21.014444,24.104315,17.53913,17.411686,15.371791,15.145099,21.375776,23.795832,22.324316,25.75449,15.323442,15.141383,0.0,0.0,0.0,0.0,0.0,0.0,0.0,0.0
11847,2023.0,3.0,24.0,6.0,21.07911,23.68094,15.374688,15.201527,21.084627,23.733572,21.088932,23.863361,16.799332,16.843779,15.320507,15.09257,21.070576,22.921137,20.733047,22.573645,15.289868,15.108192,0.0,0.0,0.0,4.0,0.0,0.0,0.0,0.0
11848,2023.0,3.0,24.0,6.0,21.05171,23.380222,15.3413725,15.171425,21.080835,23.473658,21.08487,23.595873,20.415884,22.967667,15.279055,15.054769,21.064528,22.737871,21.118172,23.165976,16.012207,16.49543,0.0,0.0,0.0,0.0,0.0,0.0,0.0,4.0
11849,2023.0,3.0,24.0,6.0,21.078665,23.298775,15.306585,15.137213,21.078363,23.29293,21.082418,23.410381,18.257845,18.485077,15.238735,15.015547,21.058834,22.595808,21.06518,22.9365,20.3967,23.938383,0.0,0.0,0.0,4.0,0.0,0.0,0.0,0.0
11850,2023.0,3.0,24.0,7.0,21.091728,23.169207,15.272212,15.103553,21.07654,23.162159,21.056684,23.20977,20.393248,22.633524,15.20178,14.979789,21.028648,22.420797,21.069801,22.85087,17.21723,17.134949,0.0,0.0,4.0,4.0,0.0,4.0,0.0,0.0
11851,2023.0,3.0,24.0,7.0,21.084688,23.042446,15.239146,15.071933,21.072659,23.0606,21.082783,23.189272,20.03471,21.809069,15.16849,14.948348,21.060837,22.437866,21.065426,22.769733,15.817089,15.395356,0.0,0.0,0.0,0.0,0.0,0.0,0.0,0.0
11852,2023.0,3.0,24.0,7.0,21.040506,22.888777,15.687564,15.938299,21.07332,22.989336,21.076927,23.104263,17.943506,17.624279,15.14135,14.925378,21.07242,22.366709,21.06644,22.713598,16.828783,17.569613,4.0,0.0,0.0,0.0,0.0,0.0,0.0,4.0
11853,2023.0,3.0,24.0,7.0,21.972713,24.245548,20.203445,23.649277,21.819202,24.027834,21.568432,23.765388,17.182173,16.936262,15.51124,15.642462,21.87594,23.570354,21.82604,23.961246,20.36388,23.452202,0.0,0.0,4.0,0.0,4.0,0.0,0.0,0.0
11854,2023.0,3.0,24.0,7.0,21.150995,22.948748,17.987309,18.70176,21.12407,22.916992,21.13719,23.016245,17.787922,18.25804,20.251328,23.638144,21.03991,22.073929,21.064388,22.471292,17.421585,17.262,4.0,0.0,0.0,4.0,0.0,0.0,0.0,0.0
11855,2023.0,3.0,24.0,7.0,21.836624,24.062021,20.290508,23.2652,21.781607,24.01364,21.789288,24.124638,20.306353,22.521694,17.708181,18.093903,21.711042,23.27506,21.793537,23.697979,16.139305,15.721834,0.0,0.0,0.0,4.0,0.0,0.0,0.0,0.0
11856,2023.0,3.0,24.0,8.0,20.927862,22.321802,17.9962,18.403498,20.938211,22.38877,20.978483,22.515482,20.053125,21.79319,16.181787,15.992848,20.957132,21.82293,21.036304,22.361998,16.094835,15.906165,0.0,0.0,0.0,0.0,0.0,0.0,0.0,0.0
11857,2023.0,3.0,24.0,8.0,19.17913,19.047855,17.027025,17.313189,19.395576,19.503973,19.856512,20.409988,18.046684,17.76599,15.935355,15.730113,19.812037,19.686409,19.509323,19.45078,16.041105,15.875536,4.0,0.0,4.0,0.0,0.0,0.0,0.0,0.0
11858,2023.0,3.0,24.0,8.0,18.719152,18.643476,20.2944,23.02701,18.634655,18.446499,18.811317,18.748886,17.273586,16.734509,16.224937,16.350515,20.103947,20.511675,18.891575,18.657902,15.963765,15.804927,4.0,0.0,0.0,0.0,4.0,4.0,0.0,0.0
11859,2023.0,3.0,24.0,8.0,18.454376,18.42939,20.046526,22.24297,18.900192,19.286463,17.88176,17.400648,17.977821,18.387928,20.401787,23.297709,19.163187,18.681055,18.553047,18.329803,15.879958,15.729851,0.0,4.0,0.0,4.0,0.0,0.0,0.0,0.0
11860,2023.0,3.0,24.0,8.0,18.912249,19.534586,17.837173,17.803148,18.32378,18.257046,17.39474,16.875183,20.294497,22.3161,18.29458,18.877811,18.596083,18.031902,18.288895,18.076185,15.805189,15.662552,0.0,0.0,0.0,0.0,4.0,0.0,0.0,0.0
11861,2023.0,3.0,24.0,8.0,18.116783,17.981441,17.306635,17.552578,18.189943,18.284082,17.391424,17.16844,18.175383,17.969152,20.3009,22.846869,18.375204,17.82548,19.109694,19.825573,15.740489,15.604427,4.0,4.0,0.0,0.0,4.0,0.0,4.0,0.0
11862,2023.0,3.0,24.0,9.0,17.525774,17.238201,20.274885,22.820879,18.151743,18.29899,17.314096,17.158436,17.128773,16.677397,20.049784,22.042795,18.477991,18.210669,19.094606,19.553005,15.68518,15.555572,0.0,4.0,0.0,0.0,0.0,0.0,4.0,0.0
11863,2023.0,3.0,24.0,9.0,17.287678,17.005634,18.30233,18.69744,18.06209,18.232597,17.158087,17.01499,17.059868,16.825302,18.25082,18.34729,18.47305,18.250906,18.066935,17.717815,16.530876,17.191349,0.0,4.0,0.0,0.0,4.0,0.0,0.0,4.0
11864,2023.0,3.0,24.0,9.0,17.384207,17.352356,17.751726,18.025486,17.998821,18.188395,17.036512,16.89785,17.007353,16.811672,20.346195,22.183855,18.403337,18.188168,17.670317,17.235937,21.542686,25.68521,4.0,4.0,0.0,0.0,0.0,0.0,0.0,4.0
11865,2023.0,3.0,24.0,9.0,18.120197,18.807934,20.242268,22.593721,17.932804,18.143826,16.912203,16.78083,16.893414,16.706535,18.537102,18.610508,18.323275,18.112978,17.467342,17.047714,19.87536,22.105583,4.0,4.0,0.0,0.0,4.0,0.0,0.0,4.0
11866,2023.0,3.0,24.0,9.0,18.35395,19.092596,20.0403,21.956568,17.237589,16.916775,17.510664,18.006115,16.78558,16.603342,20.336042,22.183546,18.250443,18.043234,17.314934,16.911146,21.154837,24.182714,4.0,0.0,4.0,0.0,0.0,0.0,0.0,4.0
11867,2023.0,3.0,24.0,9.0,18.109436,18.599468,20.07077,21.866034,17.519285,17.70327,17.137821,17.169333,16.692951,16.515474,18.572433,18.70995,18.186892,17.982944,18.453033,19.204927,19.910267,21.586782,4.0,4.0,0.0,0.0,0.0,0.0,4.0,0.0
11868,2023.0,3.0,24.0,10.0,17.997639,18.47528,20.064829,21.751871,17.691372,17.96393,17.235126,17.515669,16.613636,16.440815,17.540352,17.341345,18.92641,19.437626,17.726948,17.47411,17.994019,17.861448,4.0,4.0,4.0,0.0,0.0,4.0,0.0,0.0
11869,2023.0,3.0,24.0,10.0,17.967527,18.454878,20.06358,21.678267,17.684124,17.978573,16.712238,16.497156,17.318722,17.835571,17.62944,17.761057,19.223166,19.776865,18.268692,18.833355,17.903381,18.336432,4.0,4.0,0.0,4.0,4.0,4.0,4.0,4.0
11870,2023.0,3.0,24.0,10.0,17.963257,18.475996,20.079525,21.67237,17.671034,17.983944,17.055487,17.34365,20.349358,22.970552,20.326777,22.423399,19.049925,19.35605,18.557232,19.134188,20.423231,22.780516,0.0,4.0,4.0,0.0,0.0,4.0,4.0,4.0
11871,2023.0,3.0,24.0,10.0,17.956354,18.48248,18.371136,18.35818,17.65984,17.990492,17.263063,17.628227,18.027075,18.037508,18.489193,18.706272,19.024858,19.327929,17.67684,17.43568,20.05104,21.893265,0.0,4.0,4.0,0.0,0.0,4.0,0.0,0.0
11872,2023.0,3.0,24.0,10.0,17.318115,17.313606,17.98162,18.256842,17.00941,16.802298,16.671082,16.518854,16.92593,16.615938,17.452032,17.312141,18.351479,18.04286,18.267359,18.847353,18.106869,18.035576,4.0,0.0,0.0,0.0,0.0,0.0,4.0,0.0
11873,2023.0,3.0,24.0,10.0,17.736534,18.250986,20.227982,22.347101,16.718132,16.42096,17.069519,17.397299,16.871798,16.690903,17.210707,17.024073,18.087852,17.691387,18.500263,19.124874,17.36259,17.020859,4.0,0.0,4.0,0.0,0.0,0.0,4.0,0.0
11874,2023.0,3.0,24.0,11.0,17.899311,18.458265,20.033188,21.767902,17.280802,17.602331,16.661474,16.541708,16.825155,16.672516,17.048258,16.866709,18.76698,19.077957,17.621023,17.409222,17.029236,16.698353,4.0,4.0,0.0,0.0,0.0,4.0,0.0,0.0
11875,2023.0,3.0,24.0,11.0,17.250494,17.260572,20.06198,21.713758,17.502728,17.905336,17.016298,17.399508,16.745213,16.599384,16.921001,16.74435,18.298758,18.016375,18.254519,18.882547,16.932257,16.754349,4.0,4.0,4.0,0.0,0.0,0.0,4.0,0.0
11876,2023.0,3.0,24.0,11.0,17.642372,18.216257,20.074627,21.681973,16.899254,16.773798,17.202507,17.636042,17.448149,17.99275,16.819193,16.648827,18.780993,19.120558,17.597984,17.406315,16.81525,16.66314,0.0,0.0,4.0,4.0,0.0,4.0,0.0,0.0
11877,2023.0,3.0,24.0,11.0,17.810272,18.408981,18.429567,18.480026,17.237215,17.60486,16.6288,16.558996,20.290539,22.772356,16.738855,16.577492,18.305807,18.056295,17.20524,16.934917,16.684084,16.542776,0.0,4.0,0.0,4.0,0.0,0.0,0.0,0.0
11878,2023.0,3.0,24.0,11.0,17.836678,18.44874,17.613508,17.555809,16.83857,16.759972,16.28247,16.104641,20.038671,21.962791,16.668186,16.512766,18.00427,17.670135,18.120855,18.770607,16.567337,16.43271,0.0,0.0,0.0,0.0,0.0,0.0,4.0,0.0
11879,2023.0,3.0,24.0,11.0,17.219105,17.292856,17.351624,17.295202,16.508394,16.325954,16.161034,15.982933,18.201866,18.202806,16.605804,16.456486,17.92246,17.591095,17.537134,17.394758,17.410295,18.117786,0.0,0.0,0.0,0.0,0.0,0.0,0.0,4.0
11880,2023.0,3.0,24.0,12.0,17.659752,18.257397,17.180367,17.124027,17.086391,17.490072,16.209694,16.156414,17.49393,17.19187,16.940424,17.129007,18.02349,17.844597,17.230724,16.974768,20.330938,23.118265,0.0,4.0,0.0,0.0,4.0,0.0,0.0,0.0
11881,2023.0,3.0,24.0,12.0,21.257694,24.425505,17.003962,16.954636,21.306372,24.685251,21.11722,24.805134,17.354097,17.180235,20.335413,22.924677,22.00199,24.59495,22.302462,25.654955,18.570625,19.236752,0.0,4.0,0.0,0.0,0.0,4.0,0.0,4.0
11882,2023.0,3.0,24.0,12.0,21.031235,23.604969,17.303736,17.650753,21.012642,23.670492,21.012886,24.038662,17.23727,17.080688,18.594501,19.198345,20.994667,22.68465,22.047564,24.798693,20.31541,22.708414,4.0,4.0,0.0,0.0,4.0,0.0,0.0,0.0
11883,2023.0,3.0,24.0,12.0,21.151709,23.595356,20.29555,22.86843,21.075935,23.501669,21.066446,23.770105,17.111147,16.959488,20.278593,22.525442,21.12606,22.734972,21.064877,22.96184,18.793322,19.42921,4.0,4.0,4.0,0.0,0.0,0.0,0.0,4.0
11884,2023.0,3.0,24.0,12.0,21.06621,23.277475,20.020432,22.025074,21.065128,23.281334,21.059021,23.52288,17.006561,16.861246,18.503023,18.773132,21.028255,22.368418,21.022806,22.723707,20.28635,22.435055,4.0,4.0,4.0,0.0,0.0,4.0,4.0,0.0
11885,2023.0,3.0,24.0,12.0,21.06778,23.175888,20.080936,21.968601,21.06379,23.137566,21.07102,23.35939,16.919355,16.780352,17.447905,17.317488,21.061337,22.350975,21.038954,22.6502,18.238869,18.25611,0.0,4.0,4.0,0.0,0.0,0.0,4.0,0.0
11886,2023.0,3.0,24.0,13.0,21.065744,23.095701,18.324633,18.46515,21.08553,23.09622,21.066986,23.218966,16.84547,16.713242,17.573664,17.754158,21.054258,22.25458,21.074211,22.672663,17.24279,16.994545,0.0,0.0,4.0,0.0,4.0,0.0,0.0,0.0
11887,2023.0,3.0,24.0,13.0,21.064613,23.035538,17.449774,17.427189,21.079018,22.999317,21.08927,23.1842,16.780508,16.654299,20.324337,22.511808,21.023943,22.11397,21.065603,22.589739,18.077045,18.841599,0.0,0.0,0.0,0.0,0.0,4.0,0.0,4.0
11888,2023.0,3.0,24.0,13.0,21.037964,22.918404,17.198513,17.161411,21.053732,22.863892,21.0823,23.089146,16.722883,16.602385,18.517794,18.79804,21.027737,22.082937,21.065132,22.53554,20.240599,22.41915,0.0,4.0,0.0,0.0,0.0,4.0,0.0,4.0
11889,2023.0,3.0,24.0,13.0,21.068502,22.96866,17.003458,16.957642,21.08158,22.891758,21.054764,22.950977,16.670265,16.553673,17.476313,17.359941,21.05643,22.128798,21.06291,22.48888,20.03952,21.843775,0.0,0.0,4.0,0.0,0.0,0.0,0.0,0.0
11890,2023.0,3.0,24.0,13.0,21.047983,22.855139,16.855768,16.819359,21.050636,22.769548,21.060574,22.915668,17.411158,17.99799,17.235727,17.103569,21.020718,22.007,21.05323,22.454863,18.235077,18.218609,0.0,4.0,4.0,4.0,0.0,4.0,0.0,0.0
11891,2023.0,3.0,24.0,13.0,21.050611,22.8255,17.181314,17.545147,21.0552,22.749378,21.059101,22.877611,20.30896,22.875732,17.086576,16.951637,21.055273,22.075079,21.01488,22.336346,17.33481,17.09492,4.0,4.0,4.0,0.0,0.0,0.0,4.0,0.0
11892,2023.0,3.0,24.0,14.0,21.183987,23.064306,20.307783,22.969059,21.181253,22.978033,21.167742,23.085234,18.65748,19.215162,16.9685,16.833887,21.176691,22.2753,21.201365,22.711943,17.063793,16.824945,4.0,4.0,0.0,4.0,0.0,4.0,0.0,0.0
11893,2023.0,3.0,24.0,14.0,19.31658,19.469137,20.034262,22.126083,19.77884,20.254902,19.68668,20.177097,20.297327,22.457003,16.87186,16.739227,20.421686,20.795225,19.496029,19.39161,16.994781,16.8648,0.0,4.0,4.0,0.0,0.0,4.0,0.0,0.0
11894,2023.0,3.0,24.0,14.0,18.393206,18.34053,18.508398,18.975538,19.131298,19.498793,18.992912,19.384129,18.893036,19.416603,16.79259,16.664291,19.440474,19.13937,18.670736,18.384974,16.906673,16.795252,4.0,4.0,4.0,4.0,0.0,0.0,0.0,0.0
11895,2023.0,3.0,24.0,14.0,18.808748,19.334995,20.228815,22.2547,18.344538,18.180264,18.19265,18.050413,20.274881,21.961918,16.73224,16.603432,19.101988,18.732367,18.53848,18.369562,17.748928,18.467434,4.0,0.0,0.0,0.0,0.0,0.0,0.0,4.0
11896,2023.0,3.0,24.0,14.0,18.260382,18.297705,20.030453,21.729427,17.855356,17.607681,17.690773,17.466413,18.497564,18.477222,17.074305,17.305819,18.91914,18.561377,18.38548,18.239887,20.300085,22.744799,4.0,0.0,0.0,0.0,4.0,0.0,0.0,0.0
11897,2023.0,3.0,24.0,14.0,18.526299,19.081049,20.059113,21.692976,17.601013,17.352245,17.428724,17.203262,17.592318,17.330595,20.34411,22.871037,18.920225,18.72893,19.248104,20.02514,18.108744,18.165026,4.0,0.0,0.0,0.0,4.0,0.0,4.0,0.0
11898,2023.0,3.0,24.0,15.0,17.991161,18.035492,20.053728,21.612684,18.255423,18.776052,17.366003,17.285414,17.429764,17.277788,20.013119,21.893772,18.865534,18.701305,18.458595,18.29991,17.975737,18.548101,4.0,4.0,0.0,0.0,4.0,0.0,0.0,4.0
11899,2023.0,3.0,24.0,15.0,18.287945,18.843782,20.053965,21.557934,17.716576,17.634,17.263773,17.205431,17.307713,17.168333,20.076872,21.786324,18.765318,18.601452,17.92999,17.655798,21.745852,24.95046,4.0,0.0,0.0,0.0,0.0,0.0,0.0,0.0
11900,2023.0,3.0,24.0,15.0,18.404278,18.985775,20.070942,21.561249,17.889654,18.22047,17.83207,18.384655,17.913372,18.430595,18.369287,18.3268,18.66693,18.499796,17.713938,17.420773,19.063034,19.243856,0.0,4.0,4.0,4.0,0.0,0.0,0.0,0.0
11901,2023.0,3.0,24.0,15.0,17.73189,17.760708,18.512907,18.538572,17.373688,17.205112,17.44541,17.53894,20.298166,22.502384,17.569124,17.400051,18.576216,18.405277,17.694477,17.53023,17.498539,17.21958,0.0,0.0,0.0,0.0,0.0,0.0,0.0,0.0
11902,2023.0,3.0,24.0,15.0,17.322346,17.228117,18.169813,18.467009,17.65374,17.955256,17.545662,17.902327,18.805227,19.263647,17.356977,17.179873,18.491356,18.316397,17.635876,17.486609,18.1688,18.818644,4.0,4.0,4.0,4.0,0.0,0.0,0.0,4.0
11903,2023.0,3.0,24.0,15.0,17.159931,17.03326,20.220917,22.218828,17.767977,18.13303,17.602163,17.988647,20.26085,21.921782,17.204254,17.01319,19.211002,19.74,17.552952,17.401806,20.283316,22.466354,0.0,4.0,4.0,4.0,0.0,4.0,0.0,0.0
11904,2023.0,3.0,24.0,16.0,17.209435,17.25464,18.628557,18.938505,17.742043,18.091719,17.572058,17.943037,20.050716,21.50337,17.053337,16.86423,18.5398,18.254713,17.461868,17.308754,18.18213,18.137766,0.0,4.0,4.0,0.0,0.0,0.0,0.0,0.0
11905,2023.0,3.0,24.0,16.0,17.950005,18.686323,18.06523,18.403137,17.730473,18.090267,16.938496,16.784048,18.420078,18.285408,16.927452,16.748436,18.139696,17.758848,17.385101,17.239166,17.188486,16.895704,4.0,4.0,0.0,0.0,0.0,0.0,0.0,0.0
11906,2023.0,3.0,24.0,16.0,17.33092,17.37902,20.259432,22.34114,17.725664,18.098106,16.638184,16.371904,17.744991,17.365585,16.837133,16.665016,18.040836,17.661871,17.327055,17.188492,17.08902,16.920895,0.0,4.0,0.0,0.0,0.0,0.0,0.0,0.0
11907,2023.0,3.0,24.0,16.0,16.929699,16.849228,18.696154,19.059925,17.718052,18.100842,17.178656,17.509975,18.338127,18.77556,16.750137,16.59195,18.940397,19.462824,17.268923,17.13863,16.983486,16.845663,4.0,4.0,4.0,4.0,0.0,4.0,0.0,0.0
11908,2023.0,3.0,24.0,16.0,16.832901,16.745867,20.211115,21.980392,17.711807,18.10482,16.756096,16.6618,20.224905,22.024498,16.685099,16.534698,18.298363,18.06176,18.292679,19.120214,16.87777,16.749146,4.0,4.0,0.0,4.0,0.0,0.0,4.0,0.0
11909,2023.0,3.0,24.0,16.0,17.716465,18.495382,20.046543,21.574358,17.7071,18.110415,17.111607,17.503628,20.043995,21.521858,16.618423,16.478378,17.943356,17.611828,18.510342,19.171799,16.764416,16.645132,0.0,4.0,4.0,0.0,0.0,0.0,4.0,0.0
11910,2023.0,3.0,24.0,17.0,17.22232,17.304413,18.483015,18.517513,17.702986,18.11508,17.30629,17.743141,18.459837,18.366594,16.94142,17.14381,17.867727,17.541233,18.556438,19.216599,16.665155,16.554571,0.0,4.0,4.0,0.0,4.0,0.0,4.0,0.0
11911,2023.0,3.0,24.0,17.0,16.90739,16.840809,17.917398,17.819834,17.09871,17.001917,16.721376,16.637575,17.804432,17.45778,20.314228,22.957853,18.785238,19.34284,18.608862,19.261362,16.586876,16.47673,0.0,0.0,0.0,0.0,4.0,4.0,4.0,0.0
11912,2023.0,3.0,24.0,17.0,17.523027,18.098923,17.669561,17.59072,17.395102,17.758364,17.05527,17.450457,17.66827,17.481386,19.999376,21.967262,18.20574,17.959269,17.693104,17.497961,16.502687,16.393904,0.0,4.0,4.0,0.0,4.0,0.0,0.0,0.0
11913,2023.0,3.0,24.0,17.0,17.083706,17.116188,17.896284,18.207476,16.947058,16.829205,16.614334,16.508799,17.535774,17.374079,20.067009,21.827082,18.637419,19.001661,18.300747,18.940516,17.394457,18.148401,4.0,0.0,0.0,0.0,4.0,4.0,4.0,4.0
11914,2023.0,3.0,24.0,17.0,16.755686,16.686508,20.218018,22.372631,16.594282,16.358337,16.963598,17.342854,18.122766,18.62276,20.072197,21.663277,18.850277,19.218075,17.615698,17.423193,20.69145,23.781954,0.0,0.0,4.0,4.0,0.0,4.0,0.0,0.0
11915,2023.0,3.0,24.0,17.0,16.643661,16.563648,18.588087,18.944868,16.44616,16.188356,17.156487,17.57207,20.284922,22.304577,18.67153,18.81852,18.891726,19.251913,17.187147,16.906338,18.59943,19.232193,0.0,0.0,4.0,0.0,4.0,4.0,0.0,4.0
11916,2023.0,3.0,24.0,18.0,16.72237,16.792795,18.003138,18.35847,17.23216,17.76239,17.175335,17.583876,18.335203,18.271206,20.289639,22.016876,18.920424,19.273535,17.035366,16.745358,20.983078,23.992296,4.0,4.0,4.0,0.0,0.0,4.0,0.0,0.0
11917,2023.0,3.0,24.0,18.0,21.29626,24.878866,20.26269,22.374125,21.272274,24.588562,21.35396,24.8174,17.341639,16.987675,18.42712,18.316856,21.967012,24.507679,22.568588,26.283075,18.081512,18.034975,4.0,0.0,4.0,0.0,0.0,4.0,0.0,0.0
11918,2023.0,3.0,24.0,18.0,20.983927,23.73803,20.040943,21.73189,21.005522,23.590122,21.031233,23.753174,17.24832,17.071245,17.607342,17.4216,21.04027,22.672394,22.714092,26.009806,17.991995,18.530436,0.0,4.0,0.0,0.0,0.0,0.0,0.0,4.0
11919,2023.0,3.0,24.0,18.0,21.100536,23.643217,18.320974,18.298136,21.078066,23.432735,21.10068,23.585798,17.937248,18.459873,17.40062,17.217846,21.038828,22.476946,20.863586,22.446878,20.303814,22.533962,0.0,4.0,0.0,4.0,0.0,4.0,0.0,0.0
11920,2023.0,3.0,24.0,18.0,21.083136,23.376015,17.286684,16.922493,21.067694,23.208694,21.06663,23.28772,20.294382,22.470423,17.215845,17.034351,21.068117,22.433582,21.058216,22.724924,18.106928,18.011356,0.0,4.0,4.0,0.0,0.0,0.0,4.0,0.0
11921,2023.0,3.0,24.0,18.0,21.057846,23.141985,17.630148,17.8466,21.090889,23.128313,21.070662,23.149292,18.734795,19.094618,17.052444,16.871754,21.061907,22.325132,21.078848,22.708075,17.064508,16.715618,4.0,0.0,4.0,4.0,0.0,0.0,0.0,0.0
11922,2023.0,3.0,24.0,19.0,21.086763,23.103607,20.242287,22.473003,21.060383,22.935844,21.068754,23.039635,20.292677,22.204111,16.903797,16.719057,21.03205,22.173998,21.072393,22.620544,16.958832,16.79031,4.0,4.0,4.0,0.0,0.0,4.0,0.0,0.0
11923,2023.0,3.0,24.0,19.0,21.079525,22.998049,20.031351,21.780458,21.064316,22.862425,21.067558,22.957901,18.30542,18.12639,17.188566,17.369972,21.065655,22.210798,21.071882,22.558416,16.864412,16.714067,4.0,4.0,4.0,0.0,4.0,0.0,0.0,0.0
11924,2023.0,3.0,24.0,19.0,21.06293,22.924994,20.080568,21.723429,21.06267,22.79728,21.066372,22.893795,17.31018,16.88559,20.420183,22.78099,21.029963,22.075428,21.057459,22.507603,16.736233,16.589933,0.0,4.0,4.0,0.0,0.0,4.0,0.0,0.0
11925,2023.0,3.0,24.0,19.0,21.064344,22.89268,18.32014,18.226566,21.086346,22.81385,21.06534,22.84053,17.251451,17.044981,18.39054,18.619675,21.064657,22.133253,21.058544,22.487959,17.634953,18.396408,0.0,0.0,4.0,0.0,0.0,0.0,0.0,4.0
11926,2023.0,3.0,24.0,19.0,21.063839,22.860712,17.985563,18.214872,21.080427,22.754843,21.064552,22.796217,17.961107,18.471617,17.285667,17.132694,21.058695,22.088806,21.057983,22.467148,20.32177,22.858328,4.0,0.0,4.0,4.0,0.0,0.0,0.0,0.0
11927,2023.0,3.0,24.0,19.0,21.036802,22.761414,20.21748,22.23238,21.080215,22.713572,21.063635,22.758224,20.277822,22.365505,17.006992,16.813473,21.029043,21.983685,21.057676,22.44863,17.890118,17.768648,4.0,0.0,4.0,0.0,0.0,4.0,0.0,0.0
11928,2023.0,3.0,24.0,20.0,21.06722,22.823723,20.051971,21.698278,21.061974,22.677408,21.063173,22.726585,18.165956,17.974655,17.250391,17.415634,21.033695,21.978125,21.057308,22.431522,16.793055,16.42073,0.0,0.0,4.0,0.0,4.0,4.0,0.0,0.0
11929,2023.0,3.0,24.0,20.0,21.05134,22.718369,18.243176,18.094484,21.039267,22.606466,21.087461,22.767557,17.13936,16.704683,20.415924,22.728632,21.032951,21.964233,21.057003,22.415936,17.764969,18.513687,0.0,4.0,0.0,0.0,0.0,4.0,0.0,4.0
11930,2023.0,3.0,24.0,20.0,21.08085,22.761297,17.614666,17.506899,21.068336,22.680853,21.081244,22.723886,17.107683,16.898,18.387255,18.58243,21.062952,22.030449,21.05676,22.401482,20.311642,22.71324,4.0,0.0,0.0,0.0,0.0,0.0,0.0,0.0
11931,2023.0,3.0,24.0,20.0,21.172092,22.891344,20.2584,22.321905,21.164854,22.82783,21.164322,22.860645,17.852974,18.378092,17.271809,17.085213,21.132141,22.14828,21.213163,22.701365,17.937815,17.778143,0.0,0.0,0.0,4.0,0.0,0.0,0.0,0.0
11932,2023.0,3.0,24.0,20.0,21.053331,22.627491,18.57868,18.767702,21.07762,22.615173,21.037897,22.597496,20.271914,22.431108,17.006931,16.805355,21.027388,21.899721,21.016436,22.264982,16.862226,16.469854,4.0,0.0,4.0,4.0,0.0,4.0,4.0,0.0
11933,2023.0,3.0,24.0,20.0,21.16923,22.86011,20.242504,22.203669,21.1754,22.817636,21.177174,22.905046,20.021902,21.658096,16.84318,16.637331,21.16716,22.17223,21.19976,22.629736,16.808681,16.628895,0.0,0.0,0.0,4.0,0.0,4.0,0.0,0.0
11934,2023.0,3.0,24.0,21.0,21.046606,22.568884,18.291983,18.193455,21.061241,22.585474,21.057093,22.606962,20.079283,21.607237,16.713518,16.513348,21.061546,21.969078,21.027782,22.227478,16.742437,16.582754,0.0,0.0,4.0,0.0,0.0,0.0,4.0,0.0
11935,2023.0,3.0,24.0,21.0,21.078455,22.636566,17.434103,17.258867,21.036383,22.51365,21.085352,22.661655,18.837156,19.044115,16.60214,16.406212,21.02665,21.86685,21.036339,22.23045,17.55611,18.219936,0.0,4.0,0.0,4.0,0.0,4.0,4.0,4.0
11936,2023.0,3.0,24.0,21.0,21.046026,22.531946,17.693703,17.915552,21.04121,22.524223,21.079336,22.62665,20.277182,21.84311,16.498207,16.29885,21.062048,21.95051,21.07484,22.324064,20.329117,22.84306,4.0,4.0,0.0,4.0,0.0,0.0,0.0,0.0
11937,2023.0,3.0,24.0,21.0,21.154825,22.756308,20.268322,22.454855,21.153805,22.713078,21.149633,22.72679,20.047981,21.352709,16.402758,16.200714,21.120514,22.053232,21.21855,22.565018,18.55543,18.980944,0.0,4.0,4.0,0.0,0.0,0.0,4.0,4.0
11938,2023.0,3.0,24.0,21.0,21.07093,22.568718,18.520174,18.793133,21.080593,22.556728,21.059088,22.5304,18.35981,18.028702,16.322805,16.122116,21.056267,21.90921,21.074577,22.28869,20.378223,22.498455,0.0,0.0,4.0,0.0,0.0,0.0,0.0,0.0
11939,2023.0,3.0,24.0,21.0,21.071598,22.55431,17.445518,17.334858,21.075521,22.519482,21.083256,22.587692,17.47573,16.973425,16.251001,16.050358,21.040642,21.897331,21.066273,22.256466,18.75151,19.13864,0.0,0.0,0.0,0.0,0.0,0.0,0.0,4.0
11940,2023.0,3.0,24.0,22.0,21.05426,22.540434,17.140493,16.973879,21.07557,22.49552,21.077988,22.560686,17.433537,17.188414,16.543549,16.653631,21.012419,21.833107,21.066658,22.241203,20.308327,22.165384,0.0,0.0,0.0,0.0,4.0,4.0,0.0,4.0
11941,2023.0,3.0,24.0,22.0,21.02995,22.483767,16.963923,16.792591,21.056725,22.474112,21.07792,22.543335,17.35971,17.15032,20.460749,23.181082,21.032692,21.857624,21.051544,22.226208,20.91844,23.012482,0.0,0.0,0.0,0.0,0.0,4.0,0.0,4.0
11942,2023.0,3.0,24.0,22.0,21.061548,22.579514,16.827715,16.655905,21.058802,22.484846,21.058624,22.52445,17.222425,17.02292,18.174501,18.439037,21.030313,21.843151,21.013546,22.130484,20.02169,21.360167,0.0,0.0,0.0,0.0,0.0,4.0,4.0,0.0
11943,2023.0,3.0,24.0,22.0,21.07254,22.570248,17.169386,17.394833,21.058231,22.485859,21.060835,22.537886,17.737747,18.113314,16.935688,16.762598,21.03027,21.834995,21.07545,22.26538,18.272013,17.959875,4.0,0.0,0.0,4.0,0.0,4.0,0.0,0.0
11944,2023.0,3.0,24.0,22.0,21.165117,22.73138,20.30593,22.852844,21.183512,22.735773,21.180103,22.78169,20.36007,22.510397,16.674236,16.467453,21.170862,22.10884,21.193851,22.483812,17.386864,16.930696,0.0,0.0,0.0,0.0,0.0,4.0,0.0,0.0
11945,2023.0,3.0,24.0,22.0,21.052608,22.516954,18.367271,18.70725,21.057453,22.478104,21.060183,22.541746,18.401394,18.474657,16.534704,16.331354,21.059475,21.893072,21.064907,22.205435,17.312727,17.10277,0.0,0.0,0.0,0.0,0.0,0.0,0.0,0.0
11946,2023.0,3.0,24.0,23.0,21.054276,22.526915,17.659513,17.964722,21.056435,22.474106,21.059355,22.542816,17.455828,17.266106,16.421518,16.215681,21.052958,21.865599,21.048975,22.18974,17.199339,17.00944,4.0,0.0,0.0,0.0,0.0,0.0,0.0,0.0
11947,2023.0,3.0,24.0,23.0,19.693449,19.917885,17.215515,17.183718,19.64072,19.753841,19.576984,19.698853,17.24413,17.055922,16.331766,16.132923,19.700293,19.255571,19.714546,19.632475,17.81232,18.31181,0.0,0.0,0.0,0.0,0.0,0.0,0.0,4.0
11948,2023.0,3.0,24.0,23.0,19.039326,19.003363,16.917645,16.754623,18.90566,18.691782,18.821587,18.623709,17.117477,16.921104,16.256054,16.052708,19.167387,18.561666,19.16184,18.922441,18.000963,18.54194,0.0,0.0,0.0,0.0,0.0,0.0,0.0,4.0
11949,2023.0,3.0,24.0,23.0,18.773733,18.74463,16.780516,16.614252,18.618643,18.404327,18.5229,18.327578,17.013996,16.821775,16.189493,15.988726,19.239632,18.938238,18.91308,18.687534,17.030142,16.67119,0.0,0.0,0.0,0.0,0.0,0.0,0.0,0.0
11950,2023.0,3.0,24.0,23.0,18.55856,18.530386,17.132298,17.366943,18.391304,18.176674,18.966545,19.36857,16.916939,16.724358,16.124493,15.923193,19.172606,18.921434,19.72831,20.420368,16.666725,16.248695,4.0,0.0,4.0,0.0,0.0,0.0,4.0,0.0
11951,2023.0,3.0,24.0,23.0,18.379776,18.35592,16.838099,16.803303,18.203117,17.992607,18.445887,18.423126,16.828354,16.63655,16.063608,15.862575,19.050901,18.809135,18.660456,18.272768,16.508081,16.098055,0.0,0.0,0.0,0.0,0.0,0.0,0.0,0.0
11952,2023.0,3.0,25.0,0.0,18.217896,18.192125,16.288496,15.832193,18.03309,17.820507,17.728334,17.225231,16.743313,16.549149,16.003885,15.800822,18.927237,18.67992,18.182089,17.680304,16.589716,16.400951,0.0,0.0,0.0,0.0,0.0,0.0,0.0,0.0
11953,2023.0,3.0,25.0,0.0,18.078398,18.055492,16.071056,15.565262,17.886154,17.676628,17.431078,16.890436,17.253012,17.574873,15.9481535,15.744397,18.81728,18.569592,17.972788,17.479568,16.54737,16.372864,0.0,0.0,0.0,4.0,0.0,0.0,0.0,0.0
11954,2023.0,3.0,25.0,0.0,17.952631,17.932076,16.232372,16.010164,17.753353,17.546892,17.541725,17.309458,16.794184,16.605469,15.894454,15.689927,18.716566,18.468489,18.049686,17.817148,16.470367,16.295952,0.0,0.0,0.0,0.0,0.0,0.0,0.0,0.0
11955,2023.0,3.0,25.0,0.0,18.594349,19.241432,16.244528,16.074045,17.634245,17.432587,17.487272,17.301636,16.626314,16.429552,15.843536,15.638968,18.625153,18.377872,17.988102,17.783321,16.396427,16.222399,0.0,0.0,0.0,0.0,0.0,0.0,0.0,0.0
11956,2023.0,3.0,25.0,0.0,18.058607,18.155268,16.191303,16.024733,17.522514,17.322834,17.379066,17.198069,16.547792,16.351295,15.793547,15.587806,18.539087,18.290718,17.879866,17.670403,16.324684,16.149593,0.0,0.0,0.0,0.0,0.0,0.0,0.0,0.0
11957,2023.0,3.0,25.0,0.0,17.475658,17.16121,16.134981,15.968792,17.419207,17.221169,17.274275,17.095276,16.474749,16.277124,16.043297,16.09533,18.459272,18.2097,17.77767,17.566986,16.256912,16.080648,0.0,0.0,0.0,0.0,4.0,0.0,0.0,0.0
11958,2023.0,3.0,25.0,1.0,17.25594,16.910347,16.079443,15.913001,17.323107,17.126213,17.175043,16.997286,16.40837,16.20934,15.809957,15.600005,18.38473,18.133778,17.682209,17.470438,16.192795,16.01524,0.0,0.0,0.0,0.0,0.0,0.0,0.0,0.0
11959,2023.0,3.0,25.0,1.0,17.432594,17.402636,16.02695,15.86074,17.234257,17.03901,17.0828,16.906572,16.34699,16.147465,15.710525,15.500412,18.315836,18.064474,17.593967,17.381937,16.132938,15.954891,0.0,0.0,0.0,0.0,0.0,0.0,0.0,0.0
11960,2023.0,3.0,25.0,1.0,17.394726,17.380152,15.975999,15.809395,17.150621,16.956247,16.995668,16.820137,16.289377,16.089348,15.660917,15.450284,18.251371,17.999622,17.511843,17.299683,16.076502,15.898057,0.0,0.0,0.0,0.0,0.0,0.0,0.0,0.0
11961,2023.0,3.0,25.0,1.0,17.33062,17.322197,15.93251,15.771123,17.07959,16.893576,16.921574,16.754576,16.82486,17.143581,15.915386,15.966849,18.194372,17.945929,17.438856,17.23051,16.025854,15.849964,0.0,0.0,0.0,4.0,4.0,0.0,0.0,0.0
11962,2023.0,3.0,25.0,1.0,17.26439,17.258322,15.88719,15.727152,17.0078,16.82472,16.846687,16.682533,16.391428,16.208687,15.694033,15.49482,18.138155,17.890293,17.367655,17.160116,15.975659,15.800149,0.0,0.0,0.0,0.0,0.0,0.0,0.0,0.0
11963,2023.0,3.0,25.0,1.0,17.200205,17.196016,15.843635,15.684703,16.93974,16.759346,16.775808,16.614202,16.828323,17.14665,15.59025,15.382472,18.084848,17.837532,17.300468,17.09369,15.927675,15.752535,0.0,0.0,0.0,4.0,0.0,0.0,0.0,0.0
11964,2023.0,3.0,25.0,2.0,17.139534,17.137793,15.802083,15.644888,16.87597,16.699041,16.709429,16.551208,16.165775,15.766937,15.544668,15.338282,18.034811,17.788702,17.237652,17.032417,15.882263,15.708091,0.0,0.0,0.0,0.0,0.0,0.0,0.0,0.0
11965,2023.0,3.0,25.0,2.0,17.078745,17.076561,15.759144,15.601195,16.812288,16.635805,16.64322,16.485338,16.50453,16.58653,15.499158,15.2915745,17.984728,17.737528,17.175606,16.969551,16.566418,17.035254,0.0,0.0,0.0,4.0,0.0,0.0,0.0,4.0
11966,2023.0,3.0,25.0,2.0,17.020075,17.017635,15.716749,15.557981,16.751036,16.574999,16.579754,16.422165,16.025162,15.594189,15.748676,15.793526,17.93631,17.68817,17.116096,16.909458,16.050203,15.907833,0.0,0.0,0.0,0.0,4.0,0.0,0.0,0.0
11967,2023.0,3.0,25.0,2.0,16.96187,16.957617,15.674085,15.513337,16.690573,16.513475,16.517452,16.358498,15.818644,15.372069,15.525632,15.31652,17.888355,17.638357,17.057627,16.849365,15.677477,15.299902,0.0,0.0,0.0,0.0,0.0,0.0,0.0,0.0
11968,2023.0,3.0,25.0,2.0,16.908112,16.90505,15.634544,15.474012,16.635025,16.459757,16.460392,16.303066,16.568108,16.8957,15.43078,15.219173,17.84364,17.59383,17.003283,16.795712,16.28839,16.557587,0.0,0.0,0.0,4.0,0.0,0.0,0.0,4.0
11969,2023.0,3.0,25.0,2.0,16.854101,16.85053,15.59417,15.432554,16.579407,16.404148,16.403257,16.245747,16.814182,17.190762,15.383613,15.171177,17.798758,17.547955,16.949154,16.740925,15.718948,15.352076,0.0,0.0,0.0,4.0,0.0,0.0,0.0,0.0
11970,2023.0,3.0,25.0,3.0,16.802166,16.797905,15.554504,15.391954,16.525621,16.350492,16.348108,16.19053,16.031027,15.636166,15.3384495,15.125113,17.754988,17.503374,16.896675,16.687996,15.505252,15.111307,0.0,0.0,0.0,0.0,0.0,0.0,0.0,0.0
11971,2023.0,3.0,25.0,3.0,16.751776,16.746693,15.516023,15.353307,16.473171,16.29811,16.294071,16.136358,15.748213,15.292858,15.29624,15.0823765,17.71275,17.460997,16.84563,16.636637,15.636708,15.466123,0.0,0.0,0.0,0.0,0.0,0.0,0.0,0.0
11972,2023.0,3.0,25.0,3.0,16.704983,16.701347,15.479948,15.318499,16.424282,16.250902,16.24347,16.08736,15.646857,15.198938,15.25814,15.04535,17.673641,17.42317,16.798237,16.590515,15.612555,15.433006,0.0,0.0,0.0,0.0,0.0,0.0,0.0,0.0
11973,2023.0,3.0,25.0,3.0,16.678648,16.696003,15.448883,15.293076,16.381927,16.215248,16.199627,16.05034,16.405577,16.735868,15.51386,15.555093,17.638575,17.392057,16.755352,16.551718,15.575715,15.399752,0.0,0.0,0.0,4.0,4.0,0.0,0.0,0.0
11974,2023.0,3.0,25.0,3.0,16.640297,16.661871,15.415337,15.261822,16.336985,16.172977,16.153204,16.00651,16.036844,15.876464,15.310255,15.111105,17.602627,17.35781,16.711676,16.509659,16.267376,16.736681,0.0,0.0,0.0,0.0,0.0,0.0,0.0,4.0
11975,2023.0,3.0,25.0,3.0,16.599718,16.623348,15.382806,15.2315855,16.293419,16.132223,16.108528,15.964448,15.671747,15.27114,15.504998,15.552,17.568054,17.325127,16.66967,16.46949,15.760633,15.626582,0.0,0.0,0.0,0.0,4.0,0.0,0.0,0.0
11976,2023.0,3.0,25.0,4.0,16.558632,16.583237,15.350136,15.200442,16.249979,16.090597,16.064293,15.921719,15.526862,15.101983,15.28102,15.071723,17.533981,17.292356,16.628313,16.429293,15.40293,15.039281,0.0,0.0,0.0,0.0,0.0,0.0,0.0,0.0
11977,2023.0,3.0,25.0,4.0,16.518547,16.544853,15.318626,15.171076,16.20813,16.051165,16.021744,15.881311,15.677414,15.490435,15.193634,14.990027,17.50155,17.261904,16.588799,16.391592,15.281115,14.910786,0.0,0.0,0.0,0.0,0.0,0.0,0.0,0.0
11978,2023.0,3.0,25.0,4.0,16.47985,16.508772,15.288244,15.143652,16.168093,16.014376,15.980814,15.843513,15.6708765,15.481413,15.156089,14.9556465,17.470558,17.233376,16.550959,16.356089,15.412794,15.25531,0.0,0.0,0.0,0.0,0.0,0.0,0.0,0.0
11979,2023.0,3.0,25.0,4.0,16.442928,16.475458,15.259175,15.118611,16.130117,15.980852,15.941772,15.8089485,16.226757,16.556274,15.121146,14.924421,17.441042,17.207043,16.514883,16.323147,15.39727,15.231745,0.0,0.0,0.0,4.0,0.0,0.0,0.0,0.0
11980,2023.0,3.0,25.0,4.0,16.40561,16.440403,15.229384,15.0917635,16.0916,15.945425,15.902121,15.7723875,15.815825,15.655508,15.08824,14.893951,17.41142,17.17984,16.4788,16.28934,15.365362,15.20159,0.0,0.0,0.0,0.0,0.0,0.0,0.0,0.0
11981,2023.0,3.0,25.0,4.0,16.367308,16.402313,15.197807,15.060952,16.051374,15.905827,15.860721,15.731528,15.678701,15.493926,15.055625,14.862198,17.381197,17.150848,16.442219,16.25377,15.333021,15.170159,0.0,0.0,0.0,0.0,0.0,0.0,0.0,0.0
11982,2023.0,3.0,25.0,5.0,16.3316,16.36881,15.16865,15.034683,16.014194,15.871644,15.822481,15.696275,15.630984,15.448831,15.026292,14.835409,17.352644,17.124702,16.407564,16.221378,15.301948,15.141191,0.0,0.0,0.0,0.0,0.0,0.0,0.0,0.0
11983,2023.0,3.0,25.0,5.0,16.29784,16.33879,15.142021,15.013147,15.979957,15.842664,15.787285,15.666376,15.589993,15.4121275,15.305549,15.385615,17.32575,17.10137,16.374762,16.192003,15.272723,15.115225,0.0,0.0,0.0,0.0,4.0,0.0,0.0,0.0
11984,2023.0,3.0,25.0,5.0,16.26402,16.308197,15.114914,14.990019,15.945365,15.812192,15.75181,15.634991,15.552981,15.378417,15.093781,14.922415,17.29908,17.077875,16.342396,16.162714,15.974463,16.464483,0.0,0.0,0.0,0.0,0.0,0.0,0.0,4.0
11985,2023.0,3.0,25.0,5.0,16.230017,16.276716,15.087796,14.96615,15.910657,15.780796,15.7165,15.602822,15.517852,15.345907,15.295265,15.367199,17.272434,17.053926,16.310158,16.132992,15.477832,15.3696,0.0,0.0,0.0,0.0,4.0,0.0,0.0,0.0
11986,2023.0,3.0,25.0,5.0,16.196186,16.24504,15.06092,14.942247,15.87627,15.749383,15.681826,15.570849,16.071676,16.418333,15.413157,15.524546,17.246088,17.03008,16.278355,16.10348,15.862564,16.170496,0.0,0.0,0.0,4.0,4.0,0.0,0.0,4.0
11987,2023.0,3.0,25.0,5.0,16.16335,16.214611,15.034918,14.919298,15.842745,15.719065,15.648339,15.540217,15.662216,15.522373,15.132159,14.975183,17.22038,17.007053,16.247396,16.075016,16.034601,16.388472,0.0,0.0,0.0,0.0,0.0,0.0,0.0,4.0
11988,2023.0,3.0,25.0,6.0,16.93081,17.688408,15.009799,14.897534,15.810255,15.690187,15.616229,15.51128,15.529471,15.365192,15.028395,14.855666,17.969168,18.447615,16.217396,16.047855,15.363613,15.075837,0.0,0.0,0.0,0.0,0.0,4.0,0.0,0.0
11989,2023.0,3.0,25.0,6.0,21.035402,24.634523,15.001212,14.906367,20.922329,24.63973,20.834162,24.623886,16.077848,16.439123,15.000195,14.842557,21.508219,24.422047,21.55761,25.025333,15.146727,14.821139,0.0,0.0,0.0,4.0,0.0,4.0,0.0,0.0
11990,2023.0,3.0,25.0,6.0,21.039785,24.096308,15.002403,14.930653,21.013615,24.195627,21.014988,24.33671,20.389408,23.74813,15.00435,14.876637,21.343704,23.69662,22.290031,25.903551,15.051782,14.731954,0.0,0.0,0.0,4.0,0.0,0.0,0.0,0.0
11991,2023.0,3.0,25.0,6.0,21.105251,23.859343,15.002765,14.949794,21.095036,23.951836,21.099348,24.085993,20.032146,22.56502,15.003792,14.893629,21.83848,24.276852,22.535477,25.848875,15.160727,15.023044,0.0,0.0,0.0,0.0,0.0,0.0,0.0,0.0
11992,2023.0,3.0,25.0,6.0,21.076805,23.588484,15.003058,14.966549,21.08302,23.656595,21.08739,23.784142,17.530102,17.408846,15.003968,14.907172,20.985834,22.493235,20.87639,22.602549,15.930198,16.456987,0.0,0.0,0.0,0.0,0.0,0.0,0.0,4.0
11993,2023.0,3.0,25.0,6.0,21.078415,23.438488,15.003473,14.982019,21.082191,23.465052,21.063496,23.524378,16.568417,16.377766,15.004021,14.917577,21.067186,22.579048,21.102043,22.984426,20.393515,24.037365,0.0,0.0,4.0,0.0,0.0,0.0,0.0,0.0
11994,2023.0,3.0,25.0,7.0,21.076143,23.322449,15.003827,14.996362,21.079819,23.322487,21.088634,23.456808,16.385159,16.203522,15.221487,15.330263,21.05649,22.492493,21.065935,22.850508,17.818327,18.356363,0.0,0.0,0.0,0.0,4.0,0.0,0.0,4.0
11995,2023.0,3.0,25.0,7.0,21.459648,23.850203,15.27198,15.164461,21.451914,23.80568,21.638899,24.078934,16.233994,16.059496,20.167295,23.706312,21.442257,22.957483,21.672382,23.751644,20.795696,23.997974,0.0,0.0,0.0,0.0,0.0,4.0,0.0,0.0
11996,2023.0,3.0,25.0,7.0,20.948166,22.820257,15.485837,15.803006,20.954817,22.79283,20.92536,22.75957,16.910427,17.45204,17.61659,18.13429,21.022179,22.229101,20.914602,22.274036,18.529518,19.044455,4.0,0.0,0.0,4.0,0.0,0.0,4.0,4.0
11997,2023.0,3.0,25.0,7.0,21.816595,24.153763,20.252876,23.952002,21.81318,24.091902,21.788311,24.10578,20.350903,23.283321,16.353905,16.555552,21.615416,23.26121,21.89708,23.831484,20.339165,22.871632,4.0,0.0,0.0,4.0,4.0,0.0,0.0,4.0
11998,2023.0,3.0,25.0,7.0,22.162167,24.72394,20.016575,22.981508,21.955864,24.423792,21.933187,24.383535,21.109045,24.01956,20.325209,23.45441,21.739258,23.278244,22.330067,24.632769,21.030256,23.594557,0.0,0.0,4.0,0.0,0.0,4.0,4.0,4.0
11999,2023.0,3.0,25.0,7.0,20.996319,22.700432,17.353674,17.4885,20.93532,22.478178,20.923962,22.495596,18.879807,19.255737,18.160398,18.771887,20.950838,21.809305,20.899178,21.937778,19.87856,21.395308,0.0,0.0,4.0,4.0,4.0,0.0,4.0,4.0
12000,2023.0,3.0,25.0,8.0,21.05288,22.836773,16.334368,16.367111,21.06595,22.752518,21.119581,22.912634,21.474447,24.136976,20.272314,22.977901,21.076418,22.094007,21.111572,22.447844,20.912186,23.095867,4.0,4.0,0.0,4.0,0.0,0.0,0.0,4.0
12001,2023.0,3.0,25.0,8.0,19.055637,19.014439,20.162836,23.226534,19.86339,20.46251,19.486816,19.742332,19.87586,21.19872,18.34993,18.867626,20.167912,20.335102,19.298975,18.990198,20.025942,21.519781,0.0,4.0,4.0,0.0,4.0,4.0,0.0,0.0
12002,2023.0,3.0,25.0,8.0,17.989046,17.710655,17.59086,17.75056,18.310503,17.970734,18.066624,17.682966,18.10807,17.836845,20.328266,22.736439,19.781992,19.92352,19.327877,19.718208,18.144129,17.904976,0.0,0.0,0.0,0.0,4.0,4.0,4.0,0.0
12003,2023.0,3.0,25.0,8.0,18.326189,18.666069,16.279472,16.17483,17.580742,17.083586,17.451801,16.968824,17.176634,16.71804,20.033022,21.949986,19.636599,19.78984,19.389769,19.810604,17.157791,16.738052,0.0,0.0,0.0,0.0,4.0,4.0,4.0,0.0
12004,2023.0,3.0,25.0,8.0,17.671144,17.45601,16.517282,16.80954,17.934624,18.029707,17.137304,16.665789,17.052149,16.81528,20.07904,21.871548,18.853647,18.430292,18.349577,17.969475,16.795929,16.383669,4.0,4.0,0.0,0.0,4.0,0.0,0.0,0.0
12005,2023.0,3.0,25.0,8.0,17.950659,18.297436,20.233149,23.254929,18.00527,18.177347,17.133533,16.919321,16.921824,16.721336,20.087173,21.777653,18.389822,17.883314,17.799866,17.364153,16.727467,16.519808,4.0,4.0,0.0,0.0,0.0,0.0,0.0,0.0
12006,2023.0,3.0,25.0,9.0,17.377274,17.195028,20.04484,22.5088,17.910757,18.098589,17.758114,18.212902,16.756865,16.566788,18.422472,18.468666,18.163622,17.655838,17.540012,17.107353,16.615726,16.442284,0.0,4.0,4.0,0.0,4.0,0.0,0.0,0.0
12007,2023.0,3.0,25.0,9.0,16.970947,16.71358,17.679546,17.718904,17.820288,18.020346,17.963726,18.510374,17.353767,17.825008,20.332737,22.223295,18.239567,17.976355,17.348305,16.926067,16.463903,16.297361,0.0,4.0,4.0,4.0,0.0,0.0,0.0,0.0
12008,2023.0,3.0,25.0,9.0,17.524952,17.911655,16.600128,16.471739,17.74091,17.952307,17.67586,17.964746,20.326853,22.916796,18.20275,18.05478,18.224453,18.000534,17.38325,17.16489,16.326567,16.164064,0.0,4.0,4.0,0.0,0.0,0.0,0.0,0.0
12009,2023.0,3.0,25.0,9.0,17.034872,16.896576,16.802156,17.06008,17.032703,16.701748,17.503588,17.755568,17.913054,17.853537,17.608532,17.686546,18.140017,17.921991,17.346493,17.158087,17.150955,17.827164,4.0,0.0,4.0,0.0,4.0,0.0,0.0,4.0
12010,2023.0,3.0,25.0,9.0,16.739834,16.505949,20.241335,23.201668,17.371738,17.526722,16.796305,16.490408,17.71094,17.88833,20.249792,22.475414,18.066767,17.848736,17.26666,17.08277,20.68634,23.963251,0.0,4.0,0.0,4.0,0.0,0.0,0.0,0.0
12011,2023.0,3.0,25.0,9.0,16.6037,16.386309,18.046211,18.509996,16.882574,16.567122,16.402813,16.01125,20.342712,22.506714,18.65625,19.091854,17.991558,17.775295,17.177616,16.996958,17.705153,17.69149,0.0,0.0,0.0,0.0,4.0,0.0,0.0,0.0
12012,2023.0,3.0,25.0,10.0,17.456251,18.117355,17.107533,17.43872,17.180285,17.3642,16.240923,15.85234,18.081928,17.954285,20.268002,22.32806,17.922112,17.70624,17.094162,16.914976,16.484234,16.151714,4.0,4.0,0.0,0.0,4.0,0.0,0.0,0.0
12013,2023.0,3.0,25.0,10.0,16.935467,16.904522,20.297188,23.077831,16.71941,16.433025,16.32126,16.144785,17.182804,16.980116,20.052698,21.717253,18.67328,19.186691,17.025843,16.85465,16.356398,16.17009,4.0,0.0,0.0,0.0,0.0,4.0,0.0,0.0
12014,2023.0,3.0,25.0,10.0,16.517502,16.363409,20.030643,22.241486,17.059805,17.28702,16.33092,16.20566,16.98409,16.790949,18.194572,18.020746,18.226772,18.123577,16.968378,16.805393,16.279604,16.121233,4.0,4.0,0.0,0.0,0.0,0.0,0.0,0.0
12015,2023.0,3.0,25.0,10.0,16.387905,16.233372,20.09605,22.182673,16.603514,16.339066,17.016598,17.558073,16.827293,16.642414,17.36719,17.129616,18.50185,18.80249,16.918327,16.76237,16.1796,16.030792,0.0,0.0,4.0,0.0,0.0,4.0,0.0,0.0
12016,2023.0,3.0,25.0,10.0,16.492247,16.532404,18.044657,18.106808,16.297623,15.975335,16.66177,16.721315,16.705122,16.53238,17.160923,16.942211,17.94201,17.617094,16.875578,16.72702,16.09515,15.955542,0.0,0.0,0.0,0.0,0.0,0.0,0.0,0.0
12017,2023.0,3.0,25.0,10.0,16.509413,16.592855,17.303331,17.157959,16.199644,15.884501,16.920269,17.289663,16.618761,16.45044,17.018963,16.804295,17.698511,17.291342,16.840794,16.697102,16.034239,15.898825,0.0,0.0,4.0,0.0,0.0,0.0,0.0,0.0
12018,2023.0,3.0,25.0,11.0,17.2702,18.06179,17.523254,17.810888,16.303604,16.17976,16.370066,16.22917,16.547503,16.389978,16.901241,16.702974,17.62996,17.237373,16.81084,16.673607,15.983909,15.856702,4.0,0.0,0.0,0.0,0.0,0.0,0.0,0.0
12019,2023.0,3.0,25.0,11.0,16.798727,17.028418,20.238783,22.744392,16.307499,16.22429,16.783258,17.12444,16.483242,16.331108,16.794031,16.602613,17.753658,17.548517,17.865576,18.693539,15.938518,15.815644,0.0,0.0,4.0,0.0,0.0,0.0,4.0,0.0
12020,2023.0,3.0,25.0,11.0,17.046068,17.632263,18.334087,18.763834,16.984476,17.538664,16.37929,16.271088,16.417187,16.270477,16.683918,16.502625,17.793623,17.620459,17.158852,16.99488,15.891833,15.772651,0.0,4.0,0.0,0.0,0.0,0.0,0.0,0.0
12021,2023.0,3.0,25.0,11.0,17.172567,17.779114,17.819555,18.152094,16.578337,16.651188,16.796328,17.175365,16.368828,16.224487,16.997446,17.16143,18.599915,19.170929,16.825869,16.534733,15.856773,15.73947,4.0,0.0,4.0,0.0,4.0,4.0,0.0,0.0
12022,2023.0,3.0,25.0,11.0,16.573647,16.626244,20.221943,22.571228,16.187727,15.988799,16.927656,17.359983,16.32658,16.186388,20.21335,22.828615,17.910889,17.687492,16.731056,16.444996,15.825824,15.711712,0.0,0.0,4.0,0.0,0.0,0.0,0.0,0.0
12023,2023.0,3.0,25.0,11.0,16.267792,16.23708,18.468307,18.8953,16.709492,17.082056,16.351019,16.271439,16.283304,16.147688,18.289751,18.639288,17.562967,17.227549,16.784311,16.631376,15.794432,15.683543,4.0,4.0,0.0,0.0,0.0,0.0,0.0,0.0
12024,2023.0,3.0,25.0,12.0,16.18484,16.151535,20.236498,22.31501,16.301842,16.235277,16.072948,15.874364,16.250198,16.117655,17.377993,17.213194,17.5027,17.16354,16.785969,16.654762,15.770091,15.661832,0.0,0.0,0.0,0.0,0.0,0.0,0.0,0.0
12025,2023.0,3.0,25.0,12.0,21.296513,25.202976,18.296593,18.413546,20.989721,24.544958,20.988886,24.546179,16.213089,16.082405,17.118872,16.941706,21.338322,23.884258,21.958828,25.413122,15.741452,15.634039,0.0,0.0,0.0,0.0,0.0,4.0,0.0,0.0
12026,2023.0,3.0,25.0,12.0,21.029236,24.121067,17.308521,17.251911,21.005367,24.022139,21.006304,24.047195,16.17887,16.049698,16.953938,16.775846,21.693884,24.183626,22.236868,25.7002,15.71595,15.609547,0.0,0.0,0.0,0.0,0.0,0.0,4.0,0.0
12027,2023.0,3.0,25.0,12.0,21.075432,23.825138,17.49029,17.823587,21.06674,23.762785,21.091988,23.86857,16.151136,16.024515,16.826818,16.65315,20.975687,22.58476,21.204676,23.36603,15.697055,15.592839,4.0,4.0,0.0,0.0,0.0,0.0,0.0,0.0
12028,2023.0,3.0,25.0,12.0,21.136097,23.722046,20.242249,22.759487,21.140081,23.691345,21.13288,23.701387,16.1287,16.00494,16.720232,16.550007,21.19153,22.830975,21.190184,23.167469,15.683516,15.581866,0.0,0.0,4.0,0.0,0.0,4.0,0.0,0.0
12029,2023.0,3.0,25.0,12.0,21.086784,23.448366,18.665083,19.364634,21.09095,23.393068,21.060705,23.399294,16.1107,15.989794,16.632315,16.468395,21.065275,22.474936,21.070097,22.810364,15.673192,15.574087,4.0,0.0,4.0,0.0,0.0,0.0,0.0,0.0
12030,2023.0,3.0,25.0,13.0,21.446663,23.935984,20.276896,22.578375,21.15357,23.375729,21.156178,23.450588,16.095213,15.977121,16.5567,16.396566,21.415325,22.999119,21.18766,22.978735,15.66503,15.5684595,0.0,0.0,4.0,0.0,0.0,0.0,0.0,0.0
12031,2023.0,3.0,25.0,13.0,21.075306,23.243126,18.546726,18.9745,21.070765,23.13091,21.092596,23.23844,16.083107,15.968551,16.495985,16.342915,21.063036,22.31577,21.059769,22.664396,15.65897,15.565528,4.0,0.0,0.0,0.0,0.0,0.0,0.0,0.0
12032,2023.0,3.0,25.0,13.0,21.159952,23.353073,20.24219,22.496054,21.161224,23.249878,21.157852,23.287096,16.072554,15.9613285,16.44284,16.294626,21.132622,22.417175,21.199402,22.899574,15.654155,15.563661,0.0,0.0,0.0,0.0,0.0,0.0,0.0,0.0
12033,2023.0,3.0,25.0,13.0,21.0686,23.119843,18.263464,18.433245,21.069466,23.014189,21.060955,23.007835,16.06342,15.955249,16.397749,16.255642,21.045406,22.207325,21.057552,22.57532,15.650054,15.562202,0.0,0.0,4.0,0.0,0.0,0.0,0.0,0.0
12034,2023.0,3.0,25.0,13.0,21.065481,23.075016,17.242605,17.19699,21.066523,22.968355,21.088028,23.035732,16.054728,15.949087,16.355341,16.21621,21.043432,22.176228,21.055506,22.541452,15.646681,15.56123,0.0,0.0,0.0,0.0,0.0,0.0,0.0,0.0
12035,2023.0,3.0,25.0,13.0,21.066872,23.044172,17.005266,16.969212,21.067831,22.936218,21.081856,22.981289,16.047302,15.944311,16.320484,16.187351,21.043905,22.153173,21.056316,22.516407,16.686686,17.53592,0.0,0.0,0.0,0.0,0.0,0.0,0.0,4.0
12036,2023.0,3.0,25.0,14.0,21.065588,23.01278,16.80893,16.773638,21.06661,22.904123,21.067955,22.943981,16.040468,15.939651,16.28742,16.15799,21.043053,22.130337,21.016413,22.386505,20.331656,23.576056,0.0,0.0,0.0,0.0,0.0,0.0,4.0,0.0
12037,2023.0,3.0,25.0,14.0,19.411184,19.808884,17.099283,17.458971,19.41158,19.69949,19.36088,19.65219,16.034058,15.934815,16.257273,16.130743,19.919418,19.949198,19.388626,19.271154,17.66628,17.854939,4.0,0.0,0.0,0.0,0.0,0.0,0.0,0.0
12038,2023.0,3.0,25.0,14.0,18.67237,18.794296,20.29781,23.05572,18.610611,18.56314,18.546562,18.514887,16.028538,15.930547,16.232765,16.107822,19.447506,19.271505,18.736238,18.40184,16.758356,16.5413,0.0,0.0,0.0,0.0,0.0,0.0,0.0,0.0
12039,2023.0,3.0,25.0,14.0,18.292517,18.397429,18.32373,18.846598,18.216694,18.151657,18.141518,18.0973,16.02232,15.925411,16.211414,16.088995,19.222137,19.044174,18.409582,18.082582,17.527552,18.237776,0.0,0.0,0.0,0.0,0.0,0.0,0.0,4.0
12040,2023.0,3.0,25.0,14.0,18.068232,18.168856,17.343601,17.352951,17.984203,17.912935,17.89802,17.84772,16.015787,15.919835,16.19643,16.075962,19.843863,20.347458,18.346737,18.165188,20.313559,22.993992,0.0,0.0,0.0,0.0,0.0,4.0,0.0,4.0
12041,2023.0,3.0,25.0,14.0,18.628262,19.420437,17.00613,16.98002,17.75752,17.689476,17.660126,17.612558,16.006582,15.911714,16.178541,16.060595,19.331745,19.270176,18.221739,18.06599,20.04197,22.176872,0.0,0.0,0.0,0.0,0.0,0.0,0.0,0.0
12042,2023.0,3.0,25.0,15.0,18.109379,18.363983,16.798882,16.775595,17.569382,17.509413,17.463783,17.423588,15.995822,15.902575,16.158583,16.04372,18.813763,18.501734,18.075346,17.931309,18.014748,18.066141,0.0,0.0,0.0,0.0,0.0,0.0,0.0,0.0
12043,2023.0,3.0,25.0,15.0,17.596977,17.556307,17.14175,17.536243,17.427238,17.36193,17.316984,17.270046,15.981419,15.887098,16.134848,16.019197,18.606524,18.253973,17.955807,17.811342,17.242315,16.979362,4.0,0.0,0.0,0.0,0.0,0.0,0.0,0.0
12044,2023.0,3.0,25.0,15.0,17.387169,17.334726,20.283648,23.012869,17.304462,17.245537,17.190351,17.148949,15.964979,15.870426,16.109179,15.993715,18.646397,18.457169,17.849548,17.71195,16.98336,16.725464,4.0,0.0,0.0,0.0,0.0,0.0,0.0,0.0
12045,2023.0,3.0,25.0,15.0,17.360796,17.4561,20.022333,22.184128,17.169207,17.108286,17.050482,17.00633,15.945223,15.849629,16.524942,16.80207,18.609499,18.446484,17.733541,17.596315,16.868109,16.725956,0.0,0.0,0.0,0.0,4.0,0.0,0.0,0.0
12046,2023.0,3.0,25.0,15.0,18.03871,18.817291,18.399694,18.834879,17.057064,17.003206,16.934927,16.89755,16.690939,17.270826,20.281939,23.136532,18.530882,18.3754,18.689476,19.49606,16.740923,16.616497,4.0,0.0,0.0,4.0,4.0,0.0,4.0,0.0
12047,2023.0,3.0,25.0,15.0,17.462246,17.555561,20.24289,22.549788,16.953245,16.90039,16.828743,16.79129,20.360458,23.480366,20.012463,22.247345,18.451706,18.298445,17.962711,17.832073,17.54987,18.269144,4.0,0.0,0.0,0.0,0.0,0.0,0.0,4.0
12048,2023.0,3.0,25.0,16.0,17.036274,17.014214,20.045631,21.951078,16.860657,16.808939,17.449335,18.03588,17.814455,18.009424,18.214275,18.500183,19.169308,19.726646,17.471424,17.216555,20.319689,22.921597,0.0,0.0,4.0,0.0,0.0,4.0,0.0,4.0
12049,2023.0,3.0,25.0,16.0,16.891733,16.860567,18.271782,18.412554,16.779493,16.730806,17.710571,18.357811,16.58498,16.390604,17.169231,17.058256,18.555683,18.359896,17.31038,17.04832,20.012968,22.034807,0.0,0.0,4.0,0.0,0.0,0.0,0.0,4.0
12050,2023.0,3.0,25.0,16.0,17.711391,18.506828,17.83929,18.211668,17.43201,18.022367,17.567242,18.036592,16.434498,16.314222,16.90663,16.769363,18.159807,17.845848,17.32866,17.193724,20.081936,22.007425,4.0,4.0,4.0,0.0,0.0,0.0,0.0,0.0
12051,2023.0,3.0,25.0,16.0,17.193924,17.297003,20.257626,22.500698,17.083776,17.200249,17.511646,17.969358,16.362085,16.256413,17.16531,17.381351,18.805305,19.168179,17.304941,17.189272,18.167736,18.179146,4.0,0.0,4.0,0.0,4.0,4.0,0.0,0.0
12052,2023.0,3.0,25.0,16.0,17.526287,18.149408,20.0264,21.842155,17.274021,17.702866,16.905416,16.849138,16.28003,16.178936,20.242962,22.814316,18.34394,18.127066,17.247755,17.138414,17.211285,16.977041,4.0,4.0,0.0,0.0,0.0,0.0,0.0,0.0
12053,2023.0,3.0,25.0,16.0,17.081757,17.17643,20.078928,21.830984,17.42028,17.884233,17.216633,17.633661,16.208431,16.11158,18.326452,18.686005,18.791784,19.170534,17.190422,17.085417,16.897333,16.64936,0.0,4.0,4.0,0.0,0.0,4.0,0.0,0.0
12054,2023.0,3.0,25.0,17.0,16.751183,16.753426,18.397858,18.514109,17.440638,17.904688,16.802572,16.757912,16.146442,16.054243,17.562008,17.812004,19.023188,19.441177,17.137012,17.035997,16.809923,16.680372,0.0,4.0,0.0,0.0,4.0,4.0,0.0,0.0
12055,2023.0,3.0,25.0,17.0,17.375498,17.99663,17.990095,18.093813,16.851316,16.802158,16.510208,16.332602,16.09742,16.006691,20.295115,22.645617,19.056646,19.47084,17.090403,16.991198,16.72321,16.61321,4.0,0.0,0.0,0.0,0.0,4.0,0.0,0.0
12056,2023.0,3.0,25.0,17.0,17.59249,18.22871,20.226757,22.221996,16.486807,16.310617,16.365547,16.17639,16.81988,17.416887,18.25043,18.3432,18.367989,18.15307,17.04036,16.943462,16.604652,16.50241,4.0,0.0,0.0,4.0,0.0,0.0,0.0,0.0
12057,2023.0,3.0,25.0,17.0,16.979624,17.056438,20.027395,21.672966,16.344578,16.148554,17.12489,17.704138,20.353241,23.412739,17.08841,16.795813,18.02311,17.714878,16.991158,16.896109,16.493011,16.395243,4.0,0.0,4.0,0.0,0.0,0.0,0.0,0.0
12058,2023.0,3.0,25.0,17.0,16.651945,16.639256,20.075981,21.68777,16.252943,16.054169,16.682236,16.651571,17.819687,17.997238,16.946503,16.791239,17.89961,17.584852,16.943432,16.850212,17.339117,18.08378,0.0,0.0,0.0,0.0,0.0,0.0,0.0,4.0
12059,2023.0,3.0,25.0,17.0,16.537802,16.512928,18.46513,18.532207,17.037987,17.609457,16.955755,17.372316,16.587683,16.38483,17.245834,17.450844,18.577726,18.946857,16.896992,16.805574,20.340382,23.139845,0.0,4.0,4.0,0.0,4.0,4.0,0.0,0.0
12060,2023.0,3.0,25.0,18.0,17.37004,18.158428,18.107801,18.44395,17.388184,18.041307,17.146864,17.600779,16.43349,16.320269,20.385616,22.786764,18.106876,17.879648,16.852541,16.76326,17.883545,17.97252,4.0,4.0,4.0,0.0,0.0,0.0,0.0,0.0
12061,2023.0,3.0,25.0,18.0,21.187239,24.559528,20.24528,22.254696,21.291813,24.733677,21.293709,24.756348,16.347624,16.249218,18.417809,18.736431,21.647408,24.08707,22.540985,26.47496,16.727005,16.48913,4.0,4.0,4.0,0.0,0.0,0.0,0.0,0.0
12062,2023.0,3.0,25.0,18.0,21.010925,23.751308,20.02754,21.660707,21.038172,23.80033,21.035484,23.817959,16.252272,16.158316,17.302368,17.221882,20.943672,22.622051,21.948177,25.142363,16.594604,16.483673,4.0,0.0,0.0,0.0,0.0,4.0,0.0,0.0
12063,2023.0,3.0,25.0,18.0,21.073326,23.580366,20.058502,21.619244,21.097303,23.605667,21.099339,23.637415,16.170923,16.081932,17.017157,16.897877,21.08318,22.721308,20.95816,22.933815,17.531364,18.349594,4.0,0.0,0.0,0.0,0.0,0.0,0.0,4.0
12064,2023.0,3.0,25.0,18.0,21.063412,23.362474,20.053885,21.540504,21.063637,23.303967,21.065184,23.338491,16.927061,17.578949,16.850391,16.731604,21.032688,22.456549,21.078896,23.027847,20.326267,23.024723,4.0,4.0,4.0,4.0,0.0,4.0,0.0,0.0
12065,2023.0,3.0,25.0,18.0,21.087244,23.287142,20.053862,21.490746,21.066957,23.160822,21.068512,23.197945,20.33594,23.338064,16.722364,16.609612,21.06683,22.443121,21.06195,22.88153,18.567846,19.187078,4.0,4.0,4.0,0.0,0.0,0.0,0.0,4.0
12066,2023.0,3.0,25.0,19.0,21.079952,23.160393,20.053307,21.4525,21.064548,23.04703,21.090195,23.152695,17.762333,17.854277,16.612835,16.506113,21.030722,22.271955,21.024176,22.694048,20.314596,22.668173,4.0,4.0,0.0,0.0,0.0,4.0,4.0,0.0
12067,2023.0,3.0,25.0,19.0,21.07949,23.071415,20.053455,21.423098,21.087662,23.02794,21.060225,22.986378,16.528648,16.275728,16.930035,17.193388,21.035494,22.226786,21.081509,22.752356,18.7489,19.316366,4.0,0.0,4.0,0.0,4.0,4.0,0.0,4.0
12068,2023.0,3.0,25.0,19.0,21.161343,23.196558,20.175955,21.642775,21.159252,23.098322,21.165398,23.149614,16.423002,16.312403,20.44135,23.054813,21.154562,22.423128,21.18401,22.887842,21.644073,24.608446,4.0,0.0,0.0,0.0,0.0,4.0,0.0,0.0
12069,2023.0,3.0,25.0,19.0,21.064314,22.965265,20.052704,21.3685,21.05693,22.812428,21.057844,22.854654,16.350729,16.2531,18.283283,18.607996,21.063757,22.222336,21.071283,22.60259,18.247683,18.154121,4.0,4.0,4.0,0.0,0.0,0.0,0.0,0.0
12070,2023.0,3.0,25.0,19.0,21.062773,22.93297,20.052818,21.34844,21.060461,22.776485,21.087576,22.889029,16.24048,16.133486,17.08552,16.977467,21.057959,22.174925,21.056273,22.55509,17.170122,16.8276,4.0,4.0,0.0,0.0,0.0,0.0,0.0,0.0
12071,2023.0,3.0,25.0,19.0,21.086424,22.92146,20.104824,21.429716,21.16135,22.959211,21.163618,22.989218,16.143347,16.031172,16.809557,16.666096,21.118097,22.25707,21.120085,22.658022,17.058046,16.925247,4.0,0.0,0.0,0.0,0.0,0.0,0.0,0.0
12072,2023.0,3.0,25.0,20.0,21.078276,22.882967,20.046503,21.29834,21.067726,22.728964,21.052269,22.76918,16.835865,17.40721,17.047316,17.244267,21.007065,22.02157,21.048857,22.497551,16.92175,16.797201,4.0,0.0,0.0,4.0,4.0,4.0,0.0,0.0
12073,2023.0,3.0,25.0,20.0,21.050907,22.767628,20.072731,21.353334,21.080948,22.725018,21.043274,22.728096,21.295906,24.730486,20.3864,22.84041,21.036598,22.060526,21.019918,22.399677,17.775175,18.557568,0.0,0.0,4.0,4.0,0.0,4.0,4.0,4.0
12074,2023.0,3.0,25.0,20.0,21.081085,22.815844,18.527203,18.377449,21.060802,22.692593,21.063322,22.729525,19.874924,21.78384,18.321627,18.602736,21.063334,22.117966,21.079535,22.513994,20.288284,22.714973,0.0,0.0,4.0,4.0,0.0,0.0,0.0,4.0
12075,2023.0,3.0,25.0,20.0,21.073708,22.767895,17.50916,17.019932,21.062555,22.694763,21.084743,22.761814,20.093424,21.994623,17.134878,17.002634,21.057463,22.08523,21.067617,22.459135,20.006647,21.893673,0.0,0.0,0.0,4.0,0.0,0.0,0.0,4.0
12076,2023.0,3.0,25.0,20.0,21.072355,22.735601,17.486292,17.31018,21.060781,22.686493,21.051489,22.64658,20.045153,21.74908,16.86441,16.710115,21.057072,22.065641,21.067583,22.431133,20.045435,21.783169,0.0,0.0,4.0,4.0,0.0,0.0,0.0,4.0
12077,2023.0,3.0,25.0,20.0,21.073698,22.712513,17.36673,17.21326,21.12457,22.80104,21.117197,22.751919,20.162983,21.887516,16.690792,16.532742,21.087751,22.136478,21.112556,22.519342,20.158903,21.898794,0.0,0.0,4.0,0.0,0.0,0.0,0.0,0.0
12078,2023.0,3.0,25.0,21.0,21.049442,22.645369,17.220577,17.087389,21.052784,22.646757,21.075481,22.6681,18.20348,18.00233,16.562128,16.415722,21.039186,22.044882,21.048267,22.389036,18.194468,17.991245,0.0,0.0,0.0,0.0,0.0,0.0,0.0,0.0
12079,2023.0,3.0,25.0,21.0,21.078451,22.704859,17.551346,17.839535,21.06215,22.657843,21.078741,22.655184,17.927631,18.180431,16.435087,16.28447,21.044638,22.059103,21.05658,22.403086,17.21528,16.822113,4.0,0.0,0.0,4.0,0.0,0.0,0.0,0.0
12080,2023.0,3.0,25.0,21.0,21.046057,22.598948,20.236187,22.580221,21.03606,22.577738,21.053461,22.567406,20.357916,22.335005,16.327303,16.176533,21.014187,21.980064,21.055187,22.395294,17.852695,18.309214,4.0,4.0,4.0,4.0,0.0,4.0,0.0,4.0
12081,2023.0,3.0,25.0,21.0,21.077652,22.665665,20.030663,21.853666,21.041018,22.584333,21.083187,22.635403,20.047949,21.679977,16.613943,16.797293,21.034584,21.9965,21.015926,22.283464,20.28452,22.416433,4.0,4.0,0.0,0.0,4.0,4.0,4.0,4.0
12082,2023.0,3.0,25.0,21.0,21.071161,22.632593,20.082104,21.773718,21.083223,22.647514,21.077124,22.607012,18.137579,17.897066,20.45386,23.202896,21.062273,22.052994,21.077354,22.406282,21.047604,23.380322,0.0,0.0,0.0,0.0,0.0,0.0,0.0,0.0
12083,2023.0,3.0,25.0,21.0,21.071554,22.615,18.280098,18.177149,21.075245,22.595924,21.058542,22.588062,17.154448,16.723501,18.197248,18.532745,21.056986,22.019306,21.027355,22.252817,18.846169,18.757612,0.0,0.0,0.0,0.0,0.0,0.0,4.0,0.0
12084,2023.0,3.0,25.0,22.0,21.053802,22.598375,17.986195,18.256065,21.049942,22.496277,21.035702,22.530455,17.090525,16.914454,16.92803,16.793032,21.056755,21.999012,21.075724,22.362263,18.392149,18.837576,4.0,4.0,4.0,0.0,0.0,0.0,0.0,4.0
12085,2023.0,3.0,25.0,22.0,21.03012,22.54127,20.252398,22.260374,21.055449,22.488775,21.084314,22.618929,16.986782,16.835325,16.661055,16.500778,21.011333,21.90482,21.066448,22.323172,20.277191,22.037493,4.0,4.0,0.0,0.0,0.0,4.0,0.0,4.0
12086,2023.0,3.0,25.0,22.0,21.07952,22.635605,20.046051,21.663713,21.079868,22.542225,21.075695,22.576073,17.502052,17.956041,16.811783,16.919846,21.064344,22.012861,21.066765,22.303885,20.050379,21.56408,0.0,0.0,0.0,4.0,4.0,0.0,0.0,0.0
12087,2023.0,3.0,25.0,22.0,21.070889,22.595901,18.235727,18.065971,21.074568,22.51207,21.076803,22.555626,20.420515,22.87841,20.374529,22.88828,21.05651,21.97742,21.027325,22.18128,18.88556,19.200167,0.0,0.0,0.0,0.0,4.0,0.0,4.0,4.0
12088,2023.0,3.0,25.0,22.0,21.044748,22.5027,17.163502,16.656803,21.049934,22.424753,21.057367,22.534222,18.42752,18.700186,20.014872,22.030739,21.027214,21.884092,21.074635,22.298347,21.387403,23.797476,0.0,4.0,0.0,4.0,0.0,4.0,0.0,4.0
12089,2023.0,3.0,25.0,22.0,21.076675,22.573727,17.133724,16.899323,21.079893,22.492876,21.059284,22.543512,20.389833,22.478788,18.231955,18.381779,21.032097,21.88904,21.026484,22.162903,19.903105,20.948397,0.0,0.0,0.0,4.0,0.0,4.0,4.0,4.0
12090,2023.0,3.0,25.0,23.0,21.069418,22.542185,17.09385,16.922764,21.073107,22.464052,21.05863,22.543633,20.03349,21.704475,17.208529,17.033981,21.062576,21.964014,21.076027,22.28473,20.077274,21.293406,0.0,0.0,0.0,0.0,0.0,0.0,0.0,4.0
12091,2023.0,3.0,25.0,23.0,19.71009,19.948336,16.965757,16.803782,19.681223,19.814245,19.602093,19.748474,18.093937,17.83806,16.940603,16.764427,19.628721,19.19773,19.388828,19.031477,18.380877,18.066753,0.0,0.0,0.0,0.0,0.0,0.0,0.0,0.0
12092,2023.0,3.0,25.0,23.0,19.059082,19.042326,16.857563,16.689604,18.958076,18.778992,18.861004,18.692352,17.307552,16.793032,17.099726,17.201818,19.82483,19.90477,18.716488,18.183062,18.447155,18.618368,0.0,0.0,0.0,0.0,4.0,4.0,0.0,4.0
12093,2023.0,3.0,25.0,23.0,18.771046,18.74384,16.758183,16.590652,18.643534,18.445108,18.54532,18.3589,17.295937,17.07015,16.774307,16.606934,19.09274,18.541832,18.410547,17.88565,17.672012,17.221022,0.0,0.0,0.0,0.0,0.0,0.0,0.0,0.0
12094,2023.0,3.0,25.0,23.0,18.538275,18.499533,16.661552,16.488073,18.39494,18.18291,18.295382,18.095747,17.178648,16.993786,16.559446,16.36301,18.728407,18.125736,18.469736,18.260412,17.25844,16.761955,0.0,0.0,0.0,0.0,0.0,0.0,0.0,0.0
12095,2023.0,3.0,25.0,23.0,18.346764,18.305124,16.572445,16.395052,18.18939,17.972628,18.089302,17.885159,17.018139,16.836914,16.432152,16.231697,18.530684,17.931822,18.34902,18.156368,17.021742,16.530828,0.0,0.0,0.0,0.0,0.0,0.0,0.0,0.0
12096,2023.0,3.0,26.0,0.0,18.188776,18.154547,16.49604,16.3221,18.021751,17.814014,17.921005,17.726131,16.871992,16.690771,16.321398,16.123243,18.724669,18.496775,18.198826,18.00439,17.12172,16.93903,0.0,0.0,0.0,0.0,0.0,0.0,0.0,0.0
12097,2023.0,3.0,26.0,0.0,18.041937,18.00827,16.42056,16.24622,17.863897,17.655842,17.762245,17.567268,16.73616,16.553312,16.216656,16.016546,18.661606,18.434618,18.057732,17.862343,17.02995,16.855482,0.0,0.0,0.0,0.0,0.0,0.0,0.0,0.0
12098,2023.0,3.0,26.0,0.0,17.922781,17.902637,16.359026,16.193502,17.737734,17.545372,17.635056,17.456049,16.622398,16.447409,16.129505,15.936621,18.570807,18.349585,17.93602,17.747757,17.649534,18.129562,0.0,0.0,0.0,0.0,0.0,0.0,0.0,4.0
12099,2023.0,3.0,26.0,0.0,17.80789,17.792995,16.296423,16.134361,17.615292,17.428795,17.511534,17.338528,16.514126,16.341196,16.04468,15.85351,18.48156,18.262053,17.820612,17.63458,16.808323,16.416538,0.0,0.0,0.0,0.0,0.0,0.0,0.0,0.0
12100,2023.0,3.0,26.0,0.0,17.710154,17.70767,16.729675,17.001467,17.498823,17.313347,17.39404,17.222034,16.411484,16.23673,15.963184,15.770525,18.394716,18.173763,17.710821,17.523106,16.462885,16.015789,4.0,0.0,0.0,0.0,0.0,0.0,0.0,0.0
12101,2023.0,3.0,26.0,0.0,17.62261,17.630396,16.430986,16.388939,17.39551,17.21466,17.289463,17.12218,16.320564,16.147053,16.18488,16.248857,18.316637,18.096735,17.612837,17.426506,17.069864,17.300947,0.0,0.0,0.0,0.0,4.0,0.0,0.0,4.0
12102,2023.0,3.0,26.0,1.0,17.534431,17.545784,16.232328,16.090145,17.299719,17.12296,17.192259,17.029156,16.236914,16.064339,15.952395,15.77842,18.243984,18.024897,17.522182,17.336937,16.448736,16.029757,0.0,0.0,0.0,0.0,0.0,0.0,0.0,0.0
12103,2023.0,3.0,26.0,1.0,17.444794,17.452349,16.14081,15.980437,17.203287,17.022978,17.094522,16.92776,16.1542,15.976973,16.13143,16.216423,18.171213,17.947756,17.432734,17.243132,16.188297,15.748585,0.0,0.0,0.0,0.0,4.0,0.0,0.0,0.0
12104,2023.0,3.0,26.0,1.0,17.36586,17.375374,16.077805,15.917636,17.118832,16.941206,17.008694,16.844666,16.081173,15.903918,15.856388,15.66093,18.106207,17.882298,17.352987,17.163462,16.33411,16.171165,0.0,0.0,0.0,0.0,0.0,0.0,0.0,0.0
12105,2023.0,3.0,26.0,1.0,17.28582,17.291664,16.015245,15.849691,17.032637,16.850891,16.920815,16.752659,16.00857,15.827319,15.731435,15.529711,18.04121,17.813475,17.274305,17.081356,16.288816,16.114662,0.0,0.0,0.0,0.0,0.0,0.0,0.0,0.0
12106,2023.0,3.0,26.0,1.0,17.218342,17.22913,15.965215,15.803734,16.96157,16.78644,16.848211,16.686865,16.526417,16.85719,15.961757,16.018705,17.984549,17.758541,17.205166,17.014534,16.957531,17.433365,0.0,0.0,0.0,4.0,4.0,0.0,0.0,4.0
12107,2023.0,3.0,26.0,1.0,17.149967,17.16095,15.913083,15.750908,16.888992,16.714794,16.774168,16.613747,16.111647,15.968653,16.04225,16.12689,17.927668,17.700596,17.136627,16.945415,16.164183,15.771254,0.0,0.0,0.0,0.0,4.0,0.0,0.0,0.0
12108,2023.0,3.0,26.0,2.0,17.083164,17.092447,15.861785,15.697357,16.817972,16.642797,16.702019,16.54042,15.925939,15.74307,15.472881,15.025181,17.871536,17.642149,17.06945,16.87623,15.873326,15.432471,0.0,0.0,0.0,0.0,0.0,0.0,0.0,0.0
12109,2023.0,3.0,26.0,2.0,17.021439,17.031345,15.814511,15.650077,16.752384,16.578539,16.63525,16.474865,16.43445,16.76171,15.19725,14.682071,17.819221,17.589537,17.006721,16.813435,16.512808,16.745668,0.0,0.0,0.0,4.0,0.0,0.0,0.0,4.0
12110,2023.0,3.0,26.0,2.0,16.963219,16.974356,15.769388,15.606014,16.69078,16.51908,16.572203,16.414,15.735459,15.3111,15.358606,15.129365,17.769632,17.540295,16.947367,16.75469,15.922215,15.506806,0.0,0.0,0.0,0.0,0.0,0.0,0.0,0.0
12111,2023.0,3.0,26.0,2.0,16.903591,16.912035,15.72182,15.556447,16.62762,16.453953,16.507418,16.3472,15.451751,14.979655,15.702715,15.77861,17.71906,17.487368,16.88725,16.692186,15.687318,15.247757,0.0,0.0,0.0,0.0,4.0,0.0,0.0,0.0
12112,2023.0,3.0,26.0,2.0,16.851942,16.863958,15.680723,15.518556,16.573284,16.404074,16.451534,16.295933,15.9340725,15.986067,15.471789,15.290126,17.674463,17.444784,16.83402,16.641354,16.53832,16.968231,0.0,0.0,0.0,4.0,0.0,0.0,0.0,4.0
12113,2023.0,3.0,26.0,2.0,16.798735,16.81122,15.638202,15.476368,16.51763,16.34949,16.394352,16.239838,15.475758,15.024891,15.350624,15.147072,17.629137,17.399303,16.780252,16.587603,15.835516,15.444759,0.0,0.0,0.0,0.0,0.0,0.0,0.0,0.0
12114,2023.0,3.0,26.0,3.0,16.742945,16.751541,15.592197,15.426331,16.458801,16.286757,16.334108,16.175484,15.262306,14.795676,15.293969,15.086542,17.582277,17.349483,16.725178,16.529602,15.563869,15.1242075,0.0,0.0,0.0,0.0,0.0,0.0,0.0,0.0
12115,2023.0,3.0,26.0,3.0,16.698345,16.713058,15.557223,15.397771,16.412975,16.248375,16.286972,16.135935,15.440476,15.248194,15.249344,15.047535,17.543755,17.315193,17.703815,18.41627,16.409986,16.834429,0.0,0.0,0.0,0.0,0.0,0.0,4.0,4.0
12116,2023.0,3.0,26.0,3.0,16.651165,16.668139,15.51944,15.36258,16.364729,16.202936,16.237032,16.088942,15.457257,15.278334,15.204548,15.0043545,17.504263,17.277317,16.754116,16.382013,15.732603,15.361209,0.0,0.0,0.0,0.0,0.0,0.0,0.0,0.0
12117,2023.0,3.0,26.0,3.0,16.603935,16.621696,15.481273,15.325821,16.316767,16.156185,16.18726,16.040472,16.00771,16.347258,15.160953,14.961242,17.465027,17.23869,16.414244,15.954133,15.45851,15.028117,0.0,0.0,0.0,4.0,0.0,0.0,0.0,0.0
12118,2023.0,3.0,26.0,3.0,16.559702,16.579672,15.445137,15.29234,16.271496,16.113796,16.140324,15.996517,15.599574,15.451597,15.120941,14.923169,17.428183,17.203665,16.301039,15.843305,16.065002,16.256138,0.0,0.0,0.0,0.0,0.0,0.0,0.0,4.0
12119,2023.0,3.0,26.0,3.0,16.516397,16.53799,15.409309,15.258751,16.226627,16.07144,16.094017,15.952707,15.204797,14.783113,15.082414,14.886244,17.392141,17.16916,16.452108,16.243633,15.514207,15.100347,0.0,0.0,0.0,0.0,0.0,0.0,0.0,0.0
12120,2023.0,3.0,26.0,4.0,16.473915,16.49706,15.37399,15.225622,16.182554,16.029844,16.048864,15.909886,15.056219,14.617601,15.045528,14.850965,17.357096,17.13566,16.464132,16.277622,16.026066,16.221685,0.0,0.0,0.0,0.0,0.0,0.0,0.0,4.0
12121,2023.0,3.0,26.0,4.0,16.430624,16.4541,15.337616,15.18996,16.137999,15.986297,16.003294,15.865216,15.203415,15.001705,15.008947,14.81486,17.321865,17.100908,16.429405,16.244753,15.471177,15.060912,0.0,0.0,0.0,0.0,0.0,0.0,0.0,0.0
12122,2023.0,3.0,26.0,4.0,16.384375,16.405092,15.297604,15.146975,16.090267,15.935748,15.954512,15.813435,15.227529,15.051119,15.002136,14.835178,17.285105,17.06268,16.388483,16.20261,15.271156,14.847365,0.0,0.0,0.0,0.0,0.0,0.0,0.0,0.0
12123,2023.0,3.0,26.0,4.0,16.33869,16.360596,15.25915,15.11052,16.043976,15.891716,15.906997,15.768221,15.198327,15.022818,15.004655,14.86009,17.248001,17.026693,16.344889,16.160233,15.41707,15.242502,0.0,0.0,0.0,0.0,0.0,0.0,0.0,0.0
12124,2023.0,3.0,26.0,4.0,16.291885,16.312843,15.217975,15.067899,15.995501,15.842185,15.85718,15.717341,15.162338,14.986689,15.005314,14.882419,17.210258,16.988771,16.300255,16.115509,15.431525,15.262831,0.0,0.0,0.0,0.0,0.0,0.0,0.0,0.0
12125,2023.0,3.0,26.0,4.0,16.251997,16.277729,15.182752,15.036384,15.953305,15.804126,15.813846,15.678255,15.12807,14.954812,15.216607,15.288169,17.175755,16.956614,16.258907,16.076675,16.128859,16.610804,0.0,0.0,0.0,0.0,4.0,0.0,0.0,4.0
12126,2023.0,3.0,26.0,5.0,16.22618,16.265688,15.148762,15.002518,15.913056,15.764466,15.772729,15.63763,15.095905,14.9229965,14.996242,14.8732815,17.143423,16.924706,16.220694,16.039045,15.372,15.002273,0.0,0.0,0.0,0.0,0.0,0.0,0.0,0.0
12127,2023.0,3.0,26.0,5.0,16.190254,16.231792,15.111124,14.964806,15.868636,15.7202835,15.7274065,15.592459,15.0599375,14.887193,15.012758,14.932517,17.107714,16.889143,16.178432,15.997011,15.724768,15.932678,0.0,0.0,0.0,0.0,0.0,0.0,0.0,4.0
12128,2023.0,3.0,26.0,5.0,16.149578,16.19106,15.073839,14.927454,15.824878,15.676824,15.683197,15.548282,15.024328,14.8518505,15.004659,14.929347,17.072397,16.854115,16.136751,15.955737,15.279504,14.901506,0.0,0.0,0.0,0.0,0.0,0.0,0.0,0.0
12129,2023.0,3.0,26.0,5.0,16.1069,16.146181,15.0352545,14.886993,15.779896,15.630186,15.63755,15.500856,14.999698,14.838081,15.188974,15.282481,17.03646,16.81732,16.094463,15.912484,14.981657,14.580311,0.0,0.0,0.0,0.0,4.0,0.0,0.0,0.0
12130,2023.0,3.0,26.0,5.0,16.066465,16.10538,14.998236,14.851642,15.737493,15.588042,15.594323,15.457787,15.004701,14.869308,14.952484,14.838401,17.001955,16.782877,16.05416,15.872507,15.020359,14.711014,0.0,0.0,0.0,0.0,0.0,0.0,0.0,0.0
12131,2023.0,3.0,26.0,5.0,16.027855,16.06769,15.003193,14.888128,15.697214,15.549504,15.553142,15.418408,15.5462055,15.907023,15.014158,14.965678,16.969114,16.751347,16.015749,15.83554,15.097538,14.921969,0.0,0.0,0.0,4.0,0.0,0.0,0.0,0.0
12132,2023.0,3.0,26.0,6.0,15.989413,16.02912,15.002954,14.910045,15.65657,15.509736,15.511637,15.377789,15.825013,16.233948,15.006192,14.962597,16.936213,16.71919,15.977408,15.798077,15.836554,16.314526,0.0,0.0,0.0,4.0,0.0,0.0,0.0,4.0
12133,2023.0,3.0,26.0,6.0,20.895164,24.609364,15.00349,14.930652,20.735397,24.37618,20.61631,24.289743,19.748653,22.898327,15.007519,14.97528,20.746012,23.188297,21.247377,24.708338,20.008537,23.294828,0.0,0.0,0.0,0.0,0.0,0.0,0.0,0.0
12134,2023.0,3.0,26.0,6.0,21.015242,24.24971,15.003807,14.948372,21.021063,24.292757,21.038683,24.44239,16.960043,16.894117,15.007461,14.983341,21.57562,24.417877,22.13913,25.84349,17.660807,18.088728,0.0,0.0,0.0,0.0,0.0,0.0,0.0,4.0
12135,2023.0,3.0,26.0,6.0,21.09445,24.018406,15.004256,14.964823,21.09776,24.025412,21.09914,24.12904,15.473346,15.013005,15.007629,14.989759,21.384115,23.817404,22.439516,25.820692,20.373451,23.439274,0.0,0.0,0.0,0.0,0.0,0.0,0.0,0.0
12136,2023.0,3.0,26.0,6.0,21.082201,23.736616,15.004795,14.980553,21.085333,23.720255,21.088661,23.81982,15.466828,15.279187,15.007662,14.994657,21.075418,22.989408,20.888624,22.775213,18.024933,18.397017,0.0,0.0,0.0,0.0,0.0,0.0,4.0,4.0
12137,2023.0,3.0,26.0,6.0,21.056921,23.48954,15.005163,14.995135,21.084322,23.522018,21.087523,23.616259,15.436537,15.258615,15.131884,15.2238865,21.063747,22.821676,21.088537,23.043842,20.36113,23.05003,0.0,0.0,0.0,0.0,4.0,0.0,4.0,4.0
12138,2023.0,3.0,26.0,7.0,21.084517,23.440716,15.005676,15.008701,21.08204,23.374968,21.085241,23.465303,15.339521,15.163266,20.242002,23.924858,21.062744,22.711079,21.09322,22.986938,20.805014,23.264467,0.0,0.0,0.0,0.0,4.0,0.0,0.0,4.0
12139,2023.0,3.0,26.0,7.0,21.098646,23.330404,15.359114,15.67157,21.079798,23.263702,21.082485,23.347246,16.03175,16.539362,19.994402,22.93685,21.192867,22.891344,21.087542,22.89074,21.47725,24.103098,4.0,0.0,0.0,4.0,4.0,0.0,0.0,4.0
12140,2023.0,3.0,26.0,7.0,21.093784,23.21687,19.685242,23.001375,21.051937,23.107395,21.054583,23.185009,20.696041,24.333586,20.109009,22.713762,21.061125,22.558857,21.083895,22.812838,20.795956,22.80087,0.0,4.0,4.0,4.0,4.0,0.0,0.0,0.0
12141,2023.0,3.0,26.0,7.0,21.046825,23.066278,17.352352,17.846064,21.058544,23.062027,21.084747,23.200218,21.545162,25.21138,20.08869,22.356693,21.029516,22.426193,21.085365,22.758179,19.123602,19.388622,0.0,4.0,0.0,4.0,4.0,4.0,0.0,4.0
12142,2023.0,3.0,26.0,7.0,21.100204,23.11885,15.766398,15.696669,21.07946,23.012875,21.100924,23.131304,21.394583,24.400908,20.10263,22.169506,21.06318,22.477549,21.066353,22.709106,21.601397,24.257004,0.0,4.0,0.0,0.0,0.0,0.0,0.0,0.0
12143,2023.0,3.0,26.0,7.0,21.064358,22.96872,15.931034,16.187534,21.075294,22.937416,21.07275,22.980154,18.345987,18.196135,18.026585,18.000303,21.076372,22.428978,21.067968,22.696705,18.875402,18.657267,4.0,4.0,4.0,0.0,4.0,0.0,0.0,0.0
12144,2023.0,3.0,26.0,8.0,21.918669,24.296432,20.224932,23.610563,21.84609,24.024458,21.88434,24.223629,17.429968,17.524424,20.380732,22.609398,21.626343,23.177567,21.948019,24.008707,17.297367,16.727045,0.0,4.0,0.0,4.0,0.0,4.0,0.0,0.0
12145,2023.0,3.0,26.0,8.0,19.91071,20.242327,18.056404,18.83277,19.566523,19.47441,19.40945,19.300766,20.391657,22.698147,17.85624,17.633707,19.92624,20.011522,19.494839,19.49077,17.126278,16.860064,4.0,0.0,0.0,4.0,0.0,4.0,0.0,0.0
12146,2023.0,3.0,26.0,8.0,18.143642,17.76292,20.268599,23.169304,17.8252,17.216301,18.099323,17.882593,20.054995,21.952166,16.77565,16.502647,19.400105,19.443075,19.498053,20.175055,17.900557,18.503363,4.0,0.0,0.0,0.0,0.0,4.0,4.0,4.0
12147,2023.0,3.0,26.0,8.0,17.519974,17.065214,20.04141,22.400036,17.270844,16.606693,17.728098,17.510298,18.376993,18.565535,16.539156,16.287016,18.572805,18.045404,18.294502,17.84034,20.309507,22.61082,4.0,0.0,0.0,4.0,0.0,0.0,0.0,0.0
12148,2023.0,3.0,26.0,8.0,17.91255,18.094343,20.094053,22.282528,17.993092,18.302935,17.426773,17.208818,20.373056,22.471851,16.719534,16.833529,18.812084,18.867765,17.563177,17.018826,18.55007,18.89945,4.0,4.0,0.0,0.0,4.0,4.0,0.0,4.0
12149,2023.0,3.0,26.0,8.0,17.987822,18.24357,20.151268,22.254456,17.861282,17.926067,17.177198,16.960588,18.489573,18.68175,20.467913,23.169596,18.208391,17.694427,17.247974,16.706312,22.136126,25.388998,0.0,4.0,0.0,4.0,4.0,0.0,0.0,0.0
12150,2023.0,3.0,26.0,9.0,17.201275,16.875694,17.789564,17.600714,16.968824,16.446806,16.971188,16.75536,21.981358,25.087896,20.048107,22.180206,18.520134,18.604658,17.28757,17.03137,18.785172,18.646538,0.0,0.0,0.0,0.0,0.0,4.0,0.0,0.0
12151,2023.0,3.0,26.0,9.0,16.75942,16.35237,16.787762,16.553614,17.183802,17.16078,16.795397,16.581482,18.825914,18.72307,17.712393,17.463366,18.641174,18.744925,17.235308,17.022675,17.156284,16.655409,0.0,4.0,0.0,0.0,0.0,4.0,0.0,0.0
12152,2023.0,3.0,26.0,9.0,16.583103,16.171083,16.5694,16.342707,17.271017,17.337555,16.663223,16.446127,17.49872,16.860226,17.424606,17.45085,18.611202,18.717829,17.124695,16.9174,17.05683,16.80415,0.0,4.0,0.0,0.0,4.0,4.0,0.0,0.0
12153,2023.0,3.0,26.0,9.0,17.524923,18.109041,16.83284,17.009104,17.226233,17.304327,16.5472,16.338593,17.383463,17.063753,20.244461,22.563995,18.58082,18.69274,17.018232,16.818779,16.916555,16.69999,4.0,4.0,0.0,0.0,0.0,4.0,0.0,0.0
12154,2023.0,3.0,26.0,9.0,16.919004,16.739437,20.214607,23.050087,16.518078,16.041208,16.423815,16.220663,17.18125,16.920534,18.236498,18.400343,18.548864,18.665693,17.90699,18.59104,16.72214,16.51678,0.0,0.0,0.0,0.0,0.0,4.0,4.0,0.0
12155,2023.0,3.0,26.0,9.0,16.39686,16.051546,18.058453,18.468977,16.115997,15.549941,16.31059,16.111883,17.657568,18.056982,17.05471,16.855478,18.520285,18.641394,17.043625,16.657116,16.54387,16.344229,0.0,0.0,0.0,4.0,0.0,4.0,0.0,0.0
12156,2023.0,3.0,26.0,10.0,16.97046,17.249775,16.9527,16.782375,15.970229,15.404452,16.222027,16.026218,20.313742,22.72214,16.753328,16.500946,18.499567,18.623894,17.684223,18.116798,16.412806,16.21555,0.0,0.0,0.0,0.0,0.0,4.0,4.0,0.0
12157,2023.0,3.0,26.0,10.0,16.485794,16.229286,17.009544,17.193724,16.128862,15.861652,16.851048,17.291084,18.394299,18.652992,16.518402,16.268696,18.477743,18.605654,17.95255,18.39411,16.278927,16.089243,4.0,0.0,4.0,4.0,0.0,4.0,4.0,0.0
12158,2023.0,3.0,26.0,10.0,16.935179,17.22426,20.257408,23.028162,16.160048,15.959599,16.437912,16.428633,20.340033,22.269604,16.35658,16.10457,18.460823,18.59136,17.001837,16.6006,16.176428,15.990507,4.0,0.0,0.0,0.0,0.0,4.0,0.0,0.0
12159,2023.0,3.0,26.0,10.0,17.145334,17.509928,20.059734,22.297794,16.103516,15.9124155,15.782359,15.336547,18.041784,17.779493,16.195902,15.953229,18.443827,18.57739,16.529339,16.059532,16.070429,15.890774,0.0,0.0,0.0,0.0,0.0,4.0,0.0,0.0
12160,2023.0,3.0,26.0,10.0,16.444746,16.20386,17.752268,17.659348,16.763649,17.209938,15.506814,14.998875,16.869461,16.334366,16.444117,16.547009,18.42954,18.567867,16.354984,15.884163,16.926725,17.59549,0.0,4.0,0.0,0.0,4.0,4.0,0.0,4.0
12161,2023.0,3.0,26.0,10.0,16.134167,15.786903,16.657513,16.049625,16.371935,16.369947,15.677681,15.444834,16.825367,16.543482,20.301735,23.234882,18.420162,18.561852,16.245056,15.778619,21.391817,25.087412,0.0,0.0,0.0,0.0,0.0,4.0,0.0,4.0
12162,2023.0,3.0,26.0,11.0,16.738077,17.048454,17.003653,17.108278,16.415758,16.56369,15.739374,15.567924,16.731752,16.50358,18.310904,18.8559,17.685398,17.195082,16.381195,16.161926,19.871912,21.904106,4.0,4.0,0.0,0.0,4.0,0.0,0.0,0.0
12163,2023.0,3.0,26.0,11.0,16.972057,17.356358,20.232662,22.882671,16.513594,16.694345,16.435375,16.91503,16.566347,16.347929,20.273483,22.76474,18.095877,18.236149,16.417294,16.233986,17.609608,17.375704,0.0,4.0,4.0,0.0,0.0,4.0,0.0,0.0
12164,2023.0,3.0,26.0,11.0,16.317217,16.126326,18.182766,18.564306,15.864966,15.475952,16.110014,16.113222,16.417332,16.206224,18.223562,18.45799,18.29538,18.457703,16.373453,16.19253,16.549524,16.086195,0.0,0.0,0.0,0.0,0.0,4.0,0.0,0.0
12165,2023.0,3.0,26.0,11.0,16.00032,15.678492,17.125217,16.95392,15.571623,15.075186,16.254202,16.437878,16.308018,16.098557,17.25177,16.996584,17.564268,17.07152,16.329473,16.149492,16.276669,15.792671,0.0,0.0,4.0,0.0,0.0,0.0,0.0,0.0
12166,2023.0,3.0,26.0,11.0,15.875522,15.556321,17.258875,17.446272,15.463847,14.975395,15.652648,15.289615,16.210955,16.00743,16.975916,16.708403,17.296844,16.741703,16.288277,16.110662,17.296772,17.911589,4.0,0.0,0.0,0.0,0.0,0.0,0.0,4.0
12167,2023.0,3.0,26.0,11.0,16.854244,17.518288,20.206114,22.77531,15.637423,15.418769,15.369958,14.903363,16.12339,15.923055,16.769815,16.501587,17.185125,16.634512,16.249561,16.073822,20.297562,23.026272,0.0,0.0,0.0,0.0,0.0,0.0,0.0,0.0
12168,2023.0,3.0,26.0,12.0,16.950203,17.400324,18.52562,19.161505,16.42916,16.9089,15.957525,16.107128,16.035658,15.839878,16.58186,16.325184,17.875557,18.032066,16.21015,16.036716,18.371124,18.832224,4.0,4.0,4.0,0.0,0.0,4.0,0.0,4.0
12169,2023.0,3.0,26.0,12.0,21.294308,24.927343,20.236534,22.403334,21.287998,25.225914,20.46999,23.944767,15.969051,15.773435,16.449799,16.192385,20.88053,23.196524,21.54741,25.153261,20.385485,22.479122,4.0,4.0,0.0,0.0,0.0,0.0,0.0,0.0
12170,2023.0,3.0,26.0,12.0,21.021366,23.933018,20.06401,21.919638,21.046385,24.180922,21.094799,24.432384,15.907495,15.715099,16.320015,16.070623,22.01901,24.762241,22.576414,26.523653,17.990574,17.778559,0.0,0.0,4.0,0.0,0.0,4.0,0.0,0.0
12171,2023.0,3.0,26.0,12.0,21.089,23.752504,18.30912,18.431816,21.093428,23.86186,21.11383,24.049114,15.858126,15.669319,16.21379,15.973387,20.943666,22.496626,21.934055,24.956131,16.847542,16.356068,4.0,4.0,0.0,0.0,0.0,4.0,0.0,0.0
12172,2023.0,3.0,26.0,12.0,21.148417,23.675596,20.253101,22.42466,21.14383,23.69776,21.141735,23.813068,15.8173485,15.630924,16.541376,16.674786,21.186028,22.84259,21.959429,24.644587,16.767147,16.528053,0.0,4.0,0.0,0.0,4.0,0.0,0.0,0.0
12173,2023.0,3.0,26.0,12.0,21.070433,23.342266,18.033875,17.91406,21.10572,23.451593,21.083813,23.534767,15.783672,15.599696,20.45413,23.202168,21.069199,22.482964,20.920132,22.528534,16.686361,16.4736,0.0,0.0,0.0,0.0,0.0,0.0,0.0,0.0
12174,2023.0,3.0,26.0,13.0,21.09887,23.306534,17.041033,16.847937,21.098494,23.296196,21.060862,23.350187,15.754828,15.572975,18.161922,18.465553,21.040241,22.312958,21.048483,22.720875,16.556973,16.352375,0.0,0.0,4.0,0.0,0.0,4.0,4.0,0.0
12175,2023.0,3.0,26.0,13.0,21.089115,23.199099,17.307898,17.562237,21.069855,23.114492,21.061802,23.267689,15.728287,15.546821,16.838478,16.62498,21.042295,22.253006,21.088228,22.76516,16.444069,16.242752,4.0,4.0,4.0,0.0,0.0,4.0,0.0,0.0
12176,2023.0,3.0,26.0,13.0,21.152134,23.254509,20.245049,22.809858,21.15795,23.231129,21.1544,23.348492,15.705738,15.525786,16.567898,16.325785,21.12816,22.392576,21.177113,22.884678,16.353792,16.160223,4.0,0.0,4.0,0.0,0.0,0.0,0.0,0.0
12177,2023.0,3.0,26.0,13.0,21.90571,24.534178,20.055918,22.130096,21.092705,23.03421,21.077427,23.116713,15.685145,15.505966,16.414059,16.167072,21.868513,23.522501,21.0392,22.529287,16.274006,16.084429,0.0,0.0,4.0,0.0,0.0,0.0,4.0,0.0
12178,2023.0,3.0,26.0,13.0,20.933504,22.6361,17.920258,17.844261,21.048216,22.912912,21.10054,23.12284,15.668741,15.490555,16.309267,16.068483,20.942854,21.783018,21.08467,22.614244,16.206072,16.020494,0.0,4.0,0.0,0.0,0.0,4.0,0.0,0.0
12179,2023.0,3.0,26.0,13.0,21.072582,22.937218,17.46297,17.72317,21.073595,22.912474,21.092558,23.054398,15.653101,15.475466,16.218016,15.9781685,21.086596,22.10026,21.073774,22.556873,16.146143,15.962825,4.0,4.0,0.0,0.0,0.0,0.0,0.0,0.0
12180,2023.0,3.0,26.0,14.0,21.162886,23.09894,20.249884,22.736094,21.16141,23.050749,21.16075,23.145761,15.639466,15.46292,16.142866,15.90786,21.129889,22.184969,21.226406,22.801802,16.096725,15.917924,0.0,4.0,0.0,0.0,0.0,0.0,4.0,0.0
12181,2023.0,3.0,26.0,14.0,19.536348,19.950954,18.621555,19.253435,18.962997,18.825447,19.241924,19.453674,15.626891,15.450215,16.461817,16.565176,19.568407,19.17155,19.184052,18.880455,16.05243,15.876441,4.0,0.0,0.0,0.0,4.0,0.0,0.0,0.0
12182,2023.0,3.0,26.0,14.0,18.992289,19.276001,20.23365,22.334702,17.976595,17.434078,18.346169,18.199562,15.616655,15.439213,20.28536,23.217413,19.254696,18.930046,18.435047,17.894363,16.017332,15.842068,0.0,0.0,0.0,0.0,0.0,0.0,0.0,0.0
12183,2023.0,3.0,26.0,14.0,18.079714,17.82781,18.422503,18.631754,17.498833,16.949234,18.566372,18.990751,15.604572,15.42663,18.075333,18.420345,19.861448,20.255848,18.051167,17.518423,15.978872,15.804815,4.0,0.0,4.0,0.0,0.0,4.0,0.0,0.0
12184,2023.0,3.0,26.0,14.0,17.629519,17.288054,20.238045,22.162426,17.506887,17.245752,18.580877,19.093508,15.591943,15.413042,17.049404,16.812874,19.667543,19.81629,18.052372,17.76663,15.944784,15.770744,0.0,0.0,4.0,0.0,0.0,4.0,0.0,0.0
12185,2023.0,3.0,26.0,14.0,17.32506,16.99013,18.231857,18.155767,17.393913,17.201204,18.131435,18.342232,15.576107,15.396921,16.781694,16.53116,19.492023,19.61471,17.946266,17.703447,15.907542,15.734315,0.0,0.0,4.0,0.0,0.0,4.0,0.0,0.0
12186,2023.0,3.0,26.0,15.0,17.120737,16.789848,17.544151,17.327896,17.234257,17.045677,17.248781,16.836267,15.558924,15.379412,16.641502,16.384975,19.431631,19.557844,17.805882,17.569454,15.873617,15.700478,0.0,0.0,0.0,0.0,0.0,4.0,0.0,0.0
12187,2023.0,3.0,26.0,15.0,17.215343,17.16603,17.309996,17.128521,17.080564,16.89641,16.845816,16.348146,15.537725,15.357275,16.527287,16.272522,18.651329,18.13636,17.66812,17.437273,15.837829,15.664598,0.0,0.0,0.0,0.0,0.0,0.0,0.0,0.0
12188,2023.0,3.0,26.0,15.0,17.163092,17.159504,17.083435,16.903158,17.667803,18.121109,17.320093,17.431978,15.513281,15.332159,16.42619,16.173742,19.077026,19.17451,17.543161,17.316685,15.800574,15.6274,0.0,4.0,4.0,0.0,0.0,4.0,0.0,0.0
12189,2023.0,3.0,26.0,15.0,17.05752,17.058834,16.893324,16.714045,17.174528,17.153835,17.388504,17.576254,15.486611,15.305397,16.333239,16.08421,19.172523,19.315489,17.428234,17.206617,16.73998,17.434784,0.0,0.0,4.0,0.0,0.0,4.0,0.0,4.0
12190,2023.0,3.0,26.0,15.0,17.713728,18.381756,16.72826,16.551302,16.581678,16.150682,16.684977,16.316364,15.458335,15.277553,16.246649,16.001457,19.142944,19.289879,18.3897,19.120003,20.240417,23.333023,0.0,0.0,0.0,0.0,0.0,4.0,4.0,0.0
12191,2023.0,3.0,26.0,15.0,17.957027,18.682505,17.00965,17.228067,16.2738,15.789502,16.949596,17.073492,15.427205,15.247084,16.153868,15.913251,19.10484,19.255556,17.535912,17.212404,18.150862,18.688128,4.0,0.0,4.0,0.0,0.0,4.0,0.0,4.0
12192,2023.0,3.0,26.0,16.0,17.673166,18.099339,20.266975,23.004187,16.38933,16.157019,16.411442,16.049902,15.398249,15.218378,16.075335,15.834302,18.32256,17.811968,17.09088,16.619923,20.372677,22.743366,4.0,0.0,0.0,0.0,0.0,0.0,0.0,0.0
12193,2023.0,3.0,26.0,16.0,17.533699,17.932032,20.035282,22.162737,17.115164,17.563139,16.032333,15.569108,15.367105,15.186981,15.993125,15.754308,17.927864,17.352015,16.884798,16.412563,17.847532,17.71984,4.0,4.0,0.0,0.0,0.0,0.0,0.0,0.0
12194,2023.0,3.0,26.0,16.0,17.490398,17.886808,20.095541,22.059952,17.398104,17.940437,15.875472,15.4041195,15.335834,15.155432,15.917485,15.680366,17.769323,17.192686,18.04434,18.765547,16.647785,16.216839,0.0,4.0,0.0,0.0,0.0,0.0,4.0,0.0
12195,2023.0,3.0,26.0,16.0,17.450464,17.843655,18.0156,17.910097,16.543182,16.28527,16.004217,15.786278,15.304983,15.124686,15.850757,15.617133,18.410194,18.520107,17.273354,16.942484,16.512848,16.27572,0.0,0.0,0.0,0.0,0.0,4.0,0.0,0.0
12196,2023.0,3.0,26.0,16.0,16.74904,16.559708,17.797176,17.951967,16.78697,16.908228,16.024923,15.861391,15.275876,15.095058,15.795093,15.5622,17.854216,17.371622,17.894785,18.346317,17.378843,18.017427,4.0,4.0,0.0,0.0,0.0,0.0,4.0,4.0
12197,2023.0,3.0,26.0,16.0,17.157867,17.49335,20.227713,22.417223,16.875154,17.057339,16.697264,17.171251,16.029776,16.541286,15.738233,15.506476,17.574715,17.004124,17.103691,16.736961,20.320253,23.061707,0.0,4.0,4.0,4.0,0.0,0.0,0.0,0.0
12198,2023.0,3.0,26.0,17.0,17.309225,17.69082,18.422487,18.698345,16.852697,17.030684,16.988161,17.5305,20.28305,23.723673,16.066442,16.176622,17.439262,16.866875,16.63488,16.170881,18.366652,18.825462,0.0,4.0,4.0,0.0,4.0,0.0,0.0,4.0
12199,2023.0,3.0,26.0,17.0,17.29234,17.6735,17.271296,17.147203,16.826292,17.001482,16.12769,15.845774,17.293463,17.303179,20.483438,23.526608,17.604591,17.308693,16.465446,15.993446,21.609833,24.878826,0.0,4.0,0.0,0.0,4.0,0.0,0.0,0.0
12200,2023.0,3.0,26.0,17.0,17.26504,17.638636,16.909056,16.71838,16.79798,16.970207,15.625851,15.166407,15.786879,15.35383,20.000296,22.351809,18.459723,18.931356,16.343805,15.8741665,19.095753,19.50457,0.0,4.0,0.0,0.0,4.0,4.0,0.0,4.0
12201,2023.0,3.0,26.0,17.0,16.579535,16.380724,17.138876,17.325052,16.769207,16.938147,15.4561825,14.969318,16.470184,16.912518,20.107735,22.233385,17.71101,17.262686,17.582388,18.334991,21.959373,25.15138,4.0,4.0,0.0,4.0,0.0,0.0,4.0,0.0
12202,2023.0,3.0,26.0,17.0,16.19105,15.882537,20.26022,22.870584,16.74109,16.90614,15.617292,15.389831,20.337675,23.457909,17.798521,17.555351,17.259365,16.700563,17.772274,18.25963,19.434002,19.826101,4.0,4.0,0.0,0.0,0.0,0.0,4.0,4.0
12203,2023.0,3.0,26.0,17.0,16.776735,17.10162,20.054964,22.115637,16.713018,16.874157,16.412731,16.878168,17.47695,17.418634,16.822905,16.526495,17.911655,18.046196,16.773249,16.387865,20.268366,22.073114,0.0,4.0,4.0,0.0,0.0,4.0,0.0,0.0
12204,2023.0,3.0,26.0,18.0,16.99925,17.373722,18.202877,18.321804,16.684921,16.842167,16.430605,16.665043,16.02577,15.557067,16.624952,16.353867,17.418364,16.93023,16.31687,15.851962,18.836437,19.17265,4.0,4.0,4.0,0.0,0.0,0.0,0.0,4.0
12205,2023.0,3.0,26.0,18.0,21.302443,24.848125,20.250597,22.244244,21.21428,24.810251,21.138517,24.909801,15.983369,15.737502,16.459469,16.186249,21.157566,23.48256,21.738243,25.207008,20.249117,21.83489,0.0,4.0,4.0,0.0,0.0,0.0,0.0,4.0
12206,2023.0,3.0,26.0,18.0,21.02305,23.827238,18.408398,18.47917,21.030676,23.908129,21.051226,24.162762,15.910519,15.696323,16.681242,16.76243,21.936195,24.561262,21.948542,25.12629,20.066853,21.56256,4.0,4.0,0.0,0.0,4.0,4.0,0.0,0.0
12207,2023.0,3.0,26.0,18.0,21.149427,23.78076,20.251125,22.312069,21.14946,23.805275,21.139103,23.923517,15.772539,15.56436,20.448954,23.114883,21.717577,23.738379,22.140175,24.943705,18.080593,17.7138,0.0,0.0,4.0,0.0,0.0,4.0,0.0,0.0
12208,2023.0,3.0,26.0,18.0,21.096441,23.454754,18.083496,17.889906,21.078987,23.400703,21.087992,23.555891,15.652627,15.452008,18.120201,18.369606,20.946402,22.21769,20.884827,22.554348,17.049915,16.480457,0.0,4.0,4.0,0.0,0.0,4.0,0.0,0.0
12209,2023.0,3.0,26.0,18.0,21.09566,23.296535,17.596746,17.748514,21.082544,23.239422,21.085905,23.368404,16.372957,16.91273,17.145313,17.240574,21.094471,22.466469,21.102364,22.933886,16.673565,16.107235,4.0,4.0,4.0,4.0,4.0,0.0,0.0,0.0
12210,2023.0,3.0,26.0,19.0,21.326525,23.666756,20.326208,22.659557,21.245295,23.443819,21.2083,23.499264,20.781828,24.310692,20.362896,22.755354,21.181784,22.579996,22.129883,24.52878,16.710873,16.456823,4.0,4.0,0.0,0.0,0.0,0.0,0.0,0.0
12211,2023.0,3.0,26.0,19.0,21.07432,23.05874,20.042667,21.827068,21.078362,23.014938,21.077267,23.11102,18.09937,18.423876,18.184792,18.36435,21.044188,22.234064,21.038774,22.638115,16.640034,16.42087,4.0,4.0,4.0,4.0,0.0,4.0,0.0,0.0
12212,2023.0,3.0,26.0,19.0,21.096478,23.053736,20.076645,21.732025,21.10174,23.011389,21.081505,23.044132,20.45203,23.107632,16.903158,16.662273,21.078056,22.288555,21.072186,22.691385,16.490244,16.281017,4.0,0.0,4.0,0.0,0.0,0.0,0.0,0.0
12213,2023.0,3.0,26.0,19.0,21.06414,22.909096,20.088757,21.66301,21.071272,22.871014,21.104052,23.050432,17.597252,17.367207,16.971745,17.070095,21.042564,22.166336,21.167656,22.86788,16.35429,16.152908,0.0,4.0,0.0,0.0,4.0,4.0,0.0,0.0
12214,2023.0,3.0,26.0,19.0,21.09499,22.945316,18.398474,18.324875,21.075731,22.835104,21.074116,22.920076,16.185041,15.620837,20.43977,22.952183,21.047487,22.15629,21.028921,22.548334,16.225191,16.018333,4.0,4.0,4.0,0.0,0.0,4.0,4.0,0.0
12215,2023.0,3.0,26.0,19.0,21.15921,23.033587,20.248566,22.138721,21.165817,22.997688,21.165941,23.08329,16.13059,15.877686,18.157639,18.331669,21.13358,22.32999,21.19323,22.860916,16.110945,15.904546,0.0,0.0,0.0,0.0,0.0,0.0,0.0,0.0
12216,2023.0,3.0,26.0,20.0,21.088297,22.855873,18.13528,17.863127,21.092882,22.813004,21.071932,22.837166,16.056923,15.842809,16.88197,16.653095,21.071003,22.179605,21.043478,22.494003,16.009747,15.803452,0.0,0.0,4.0,0.0,0.0,0.0,4.0,0.0
12217,2023.0,3.0,26.0,20.0,21.066172,22.827196,17.232317,16.942434,21.09273,22.780275,21.07706,22.821678,15.895513,15.680732,16.54898,16.294582,21.04147,22.082108,21.091,22.59273,16.872967,17.512877,0.0,0.0,4.0,0.0,0.0,4.0,0.0,4.0
12218,2023.0,3.0,26.0,20.0,21.042526,22.766384,17.473495,17.59617,21.068623,22.750898,21.100533,22.865747,15.751058,15.537974,16.332535,16.080082,21.076048,22.160164,21.081848,22.547255,20.27328,23.161074,4.0,0.0,0.0,0.0,0.0,0.0,0.0,0.0
12219,2023.0,3.0,26.0,20.0,21.047285,22.782984,20.248875,22.571945,21.046858,22.694723,21.094687,22.82755,15.621817,15.407251,16.145372,15.883851,21.07038,22.131933,21.082312,22.52317,17.457428,17.220663,4.0,4.0,0.0,0.0,0.0,0.0,0.0,0.0
12220,2023.0,3.0,26.0,20.0,21.068525,22.78564,20.039429,21.860535,21.076132,22.77895,21.094372,22.802015,15.507648,15.291367,15.982943,15.719278,21.040102,22.037598,21.062193,22.499722,17.068974,17.366241,4.0,0.0,0.0,0.0,0.0,4.0,0.0,4.0
12221,2023.0,3.0,26.0,20.0,21.091919,22.822802,20.096045,21.806942,21.093939,22.763357,21.04609,22.712357,15.411396,15.197309,15.849367,15.589431,21.04553,22.042948,21.064808,22.511723,20.417116,22.998228,0.0,0.0,4.0,0.0,0.0,4.0,0.0,0.0
12222,2023.0,3.0,26.0,21.0,21.086607,22.781488,18.320415,18.259394,21.09081,22.718348,21.078232,22.812202,16.07501,16.521074,16.093771,16.149286,21.074934,22.114634,21.025677,22.409035,17.628885,17.33855,4.0,0.0,0.0,4.0,4.0,0.0,4.0,0.0
12223,2023.0,3.0,26.0,21.0,21.336582,23.235104,20.305685,22.331408,21.351086,23.255562,21.31029,23.21299,21.793816,25.884996,20.476871,23.471067,21.220612,22.3913,21.348345,23.051205,16.335302,15.774931,0.0,0.0,4.0,4.0,4.0,0.0,0.0,0.0
12224,2023.0,3.0,26.0,21.0,21.063654,22.66158,18.023914,17.689594,21.068726,22.689322,21.097757,22.772058,21.399187,24.707262,20.043303,22.361502,21.039793,21.993607,21.079824,22.479006,16.331255,16.095264,0.0,0.0,0.0,4.0,0.0,4.0,0.0,0.0
12225,2023.0,3.0,26.0,21.0,21.063633,22.64703,17.116823,16.796404,21.044428,22.624886,21.068089,22.668266,19.91539,21.743526,17.771467,17.667526,21.045021,22.001919,21.081419,22.45963,16.26314,16.038721,0.0,4.0,4.0,0.0,4.0,4.0,0.0,0.0
12226,2023.0,3.0,26.0,21.0,21.08966,22.705296,16.947151,16.663519,21.074018,22.708624,21.098345,22.731096,17.573273,17.154854,20.44745,22.72889,21.074606,22.076885,21.061337,22.439804,17.066042,17.68284,0.0,0.0,0.0,0.0,4.0,0.0,0.0,4.0
12227,2023.0,3.0,26.0,21.0,21.057758,22.604618,17.199612,17.306046,21.067902,22.625435,21.067337,22.62944,16.36163,15.718065,20.046629,21.864742,21.06947,22.054325,21.024614,22.349962,21.151798,24.532833,4.0,4.0,4.0,0.0,0.0,0.0,4.0,0.0
12228,2023.0,3.0,26.0,22.0,21.167345,22.814499,20.260225,22.764406,21.163006,22.783552,21.164387,22.809208,17.142302,17.58781,17.74654,17.294842,21.13701,22.159424,21.196018,22.694973,17.901316,17.680624,0.0,4.0,4.0,4.0,0.0,4.0,0.0,0.0
12229,2023.0,3.0,26.0,22.0,21.062712,22.595106,18.564672,19.081085,21.093931,22.638088,21.071478,22.609777,20.398773,22.986935,17.166988,17.093903,21.044382,21.969675,21.079626,22.435392,16.343317,15.785449,4.0,0.0,4.0,0.0,4.0,4.0,0.0,0.0
12230,2023.0,3.0,26.0,22.0,21.167572,22.797035,20.278,22.516836,21.162746,22.751223,21.164812,22.788363,17.544016,17.206106,20.428,22.687141,21.142084,22.164597,21.187094,22.630388,16.307278,16.068054,0.0,0.0,4.0,0.0,0.0,4.0,0.0,0.0
12231,2023.0,3.0,26.0,22.0,21.08846,22.647293,17.904812,17.636522,21.088524,22.578945,21.095861,22.658384,16.151484,15.519358,18.538382,18.878313,21.073988,22.041922,21.020962,22.292526,16.225218,15.994867,0.0,0.0,0.0,0.0,4.0,0.0,4.0,0.0
12232,2023.0,3.0,26.0,22.0,21.056953,22.553047,16.477465,15.711847,21.063646,22.560806,21.091003,22.634338,16.13764,15.857698,20.305172,22.423033,21.069036,22.021135,21.051172,22.337294,16.832603,17.275333,0.0,0.0,0.0,0.0,4.0,0.0,4.0,4.0
12233,2023.0,3.0,26.0,22.0,21.089142,22.63164,16.951649,16.955215,21.066717,22.583933,21.091045,22.618792,16.069693,15.825961,20.037998,21.775053,21.06933,22.011148,21.08734,22.429132,20.597862,23.594305,4.0,0.0,0.0,0.0,0.0,0.0,0.0,4.0
12234,2023.0,3.0,26.0,23.0,21.160135,22.74416,20.264711,22.807627,21.168238,22.79667,21.166052,22.802834,15.903579,15.662968,18.247044,18.231436,21.137291,22.181086,21.186716,22.612083,20.054388,22.29274,0.0,0.0,0.0,0.0,0.0,0.0,0.0,0.0
12235,2023.0,3.0,26.0,23.0,19.095032,18.80452,18.564573,19.10609,19.46139,19.51715,19.432331,19.4877,16.307926,16.55341,17.206041,16.929398,19.792946,19.61052,19.09096,18.562553,17.524357,17.171356,4.0,0.0,0.0,4.0,0.0,0.0,0.0,0.0
12236,2023.0,3.0,26.0,23.0,18.190533,17.549807,16.913677,16.233814,18.637058,18.336428,18.601667,18.313282,15.903904,15.724698,16.906067,16.603035,19.290377,18.968208,18.303879,17.58442,16.614475,15.982088,0.0,0.0,0.0,0.0,0.0,0.0,0.0,0.0
12237,2023.0,3.0,26.0,23.0,17.781446,17.11557,16.29527,15.408936,18.261534,17.920061,18.21571,17.889551,16.232481,16.504038,16.673376,16.36666,19.050087,18.728115,18.32003,17.992743,16.63349,16.35368,0.0,0.0,0.0,4.0,0.0,0.0,0.0,0.0
12238,2023.0,3.0,26.0,23.0,17.93363,17.72141,16.471613,16.038086,18.000183,17.663923,17.942823,17.622509,15.449237,14.926693,16.760393,16.69884,18.845352,18.519089,18.166386,17.88489,16.511078,16.274147,0.0,0.0,0.0,0.0,4.0,0.0,0.0,0.0
12239,2023.0,3.0,26.0,23.0,17.857697,17.72032,16.462965,16.134687,17.773464,17.437857,17.705465,17.386024,15.062115,14.452324,16.444092,16.17559,18.664358,18.336035,18.938637,19.51955,17.049316,17.43086,0.0,0.0,0.0,0.0,0.0,0.0,4.0,4.0
12240,2023.0,3.0,27.0,0.0,17.697765,17.566523,16.339298,16.017591,17.576784,17.244026,17.499443,17.183067,15.010395,14.503569,16.478638,16.41441,18.504103,18.175257,17.764841,17.174992,16.111607,15.556927,0.0,0.0,0.0,0.0,4.0,0.0,0.0,0.0
12241,2023.0,3.0,27.0,0.0,17.5108,17.373669,16.191032,15.863025,17.360937,17.020424,17.273136,16.948513,15.150475,14.916114,16.471582,16.444706,18.329828,17.994179,17.089384,16.407425,15.561523,14.950936,0.0,0.0,0.0,0.0,4.0,0.0,0.0,0.0
12242,2023.0,3.0,27.0,0.0,17.384766,17.258568,16.09145,15.770871,17.219057,16.89052,17.12495,16.812647,15.103543,14.853792,15.740763,15.09991,18.210005,17.880085,16.886219,16.221605,16.48532,16.891413,0.0,0.0,0.0,0.0,0.0,0.0,0.0,4.0
12243,2023.0,3.0,27.0,0.0,17.255991,17.133526,15.989016,15.670497,17.075777,16.751678,16.975513,16.667582,15.028932,14.777465,15.308048,14.554001,18.090725,17.761002,17.057274,16.75345,15.656475,15.11371,0.0,0.0,0.0,0.0,0.0,0.0,0.0,0.0
12244,2023.0,3.0,27.0,0.0,17.135155,17.012686,15.891448,15.572369,16.942364,16.618912,16.836763,16.529167,15.003248,14.788658,15.8041725,15.723372,17.979431,17.647017,17.021978,16.740572,15.281303,14.680542,0.0,0.0,0.0,0.0,4.0,0.0,0.0,0.0
12245,2023.0,3.0,27.0,0.0,17.783491,18.344324,15.790626,15.474646,16.805933,16.487808,16.694742,16.392479,15.007863,14.843906,15.988955,15.961107,17.865864,17.534771,16.906778,16.627085,15.84857,15.908998,0.0,0.0,0.0,0.0,4.0,0.0,0.0,4.0
12246,2023.0,3.0,27.0,1.0,17.298176,17.289337,16.18097,16.28868,16.67748,16.36112,16.561481,16.26069,15.007933,14.879719,15.653949,15.378421,17.759203,17.427208,16.792658,16.512716,15.332769,14.788264,4.0,0.0,0.0,0.0,0.0,0.0,0.0,0.0
12247,2023.0,3.0,27.0,1.0,16.490786,15.942271,15.875274,15.64584,16.561165,16.247583,16.440582,16.142525,15.008861,14.910326,15.419124,15.11357,17.662014,17.329895,16.685364,16.405666,14.986108,14.4419775,0.0,0.0,0.0,0.0,0.0,0.0,0.0,0.0
12248,2023.0,3.0,27.0,1.0,16.148302,15.542961,16.116734,16.244467,16.45325,16.141403,16.328184,16.031994,15.009285,14.935556,15.283291,14.97289,17.57166,17.238781,16.584114,16.304136,15.1381645,14.865271,4.0,0.0,0.0,0.0,0.0,0.0,0.0,0.0
12249,2023.0,3.0,27.0,1.0,16.4223,16.254736,15.773373,15.537185,16.354322,16.045015,16.225126,15.931646,15.010075,14.957833,15.172412,14.861745,17.488195,17.155096,16.489779,16.210052,15.1502695,14.896081,0.0,0.0,0.0,0.0,0.0,0.0,0.0,0.0
12250,2023.0,3.0,27.0,1.0,16.478928,16.361343,15.01173,14.307423,16.262665,15.956511,16.129635,15.839433,15.010363,14.976588,15.071652,14.760955,17.410604,17.077868,16.401302,16.12241,15.090882,14.83943,0.0,0.0,0.0,0.0,0.0,0.0,0.0,0.0
12251,2023.0,3.0,27.0,1.0,16.413967,16.298046,15.020067,14.439236,16.16862,15.857598,16.03181,15.736664,15.018949,15.011864,15.002181,14.714897,17.332857,16.996023,16.312553,16.029612,15.020152,14.765366,0.0,0.0,0.0,0.0,0.0,0.0,0.0,0.0
12252,2023.0,3.0,27.0,2.0,16.350075,16.242266,15.160231,14.792483,16.094223,15.793123,15.954481,15.6696615,15.009829,15.006042,15.009221,14.786616,17.267534,16.93513,17.271482,17.905113,15.003484,14.791339,0.0,0.0,0.0,0.0,0.0,0.0,4.0,0.0
12253,2023.0,3.0,27.0,2.0,16.292177,16.194221,15.191322,14.874795,16.015903,15.715158,15.872427,15.588457,15.012505,15.025398,15.008616,14.827315,17.199821,16.866205,16.316353,15.748755,15.006258,14.834418,0.0,0.0,0.0,0.0,0.0,0.0,0.0,0.0
12254,2023.0,3.0,27.0,2.0,16.217293,16.111515,15.130489,14.811977,15.9315815,15.622387,15.784471,15.492059,15.02305,15.060594,15.013546,14.875012,17.129137,16.78906,15.757613,15.1054,15.00919,14.874971,0.0,0.0,0.0,0.0,0.0,0.0,0.0,0.0
12255,2023.0,3.0,27.0,2.0,16.14887,16.040575,15.067151,14.74747,15.85742,15.547969,15.707832,15.415186,15.024102,15.070047,15.015809,14.903137,17.065517,16.72384,15.59359,14.943833,15.011864,14.903723,0.0,0.0,0.0,0.0,0.0,0.0,0.0,0.0
12256,2023.0,3.0,27.0,2.0,16.082664,15.972593,15.007499,14.689239,15.787904,15.480784,15.636678,15.346212,15.011477,15.058237,15.009981,14.912715,17.004976,16.662764,15.817258,15.524129,15.007255,14.914977,0.0,0.0,0.0,0.0,0.0,0.0,0.0,0.0
12257,2023.0,3.0,27.0,2.0,16.018475,15.9073515,15.004347,14.734292,15.720379,15.415257,15.567815,15.279074,15.0147705,15.076087,15.012197,14.937235,16.94651,16.604086,15.844117,15.555387,15.5532465,15.959357,0.0,0.0,0.0,0.0,0.0,0.0,0.0,4.0
12258,2023.0,3.0,27.0,3.0,15.953178,15.838801,15.004939,14.772801,15.652615,15.347291,15.499395,15.209953,15.015058,15.087507,15.012682,14.956095,16.888382,16.544704,15.795195,15.508161,14.97506,14.815866,0.0,0.0,0.0,0.0,0.0,0.0,0.0,0.0
12259,2023.0,3.0,27.0,3.0,15.8852005,15.763741,15.008175,14.814064,15.580933,15.269743,15.42735,15.13169,15.028136,15.12463,15.023177,14.99474,16.828884,16.481232,15.731603,15.441254,15.04481,15.006076,0.0,0.0,0.0,0.0,0.0,0.0,0.0,0.0
12260,2023.0,3.0,27.0,3.0,15.821788,15.696193,15.010604,14.845279,15.516326,15.204799,15.362487,15.066138,15.028497,15.130003,15.024059,15.006354,16.77354,16.424786,15.669443,15.378348,15.042629,14.971385,0.0,0.0,0.0,0.0,0.0,0.0,0.0,0.0
12261,2023.0,3.0,27.0,3.0,15.767786,15.646908,15.006556,14.860305,15.457673,15.150253,15.303582,15.010974,15.013991,15.113893,15.012427,14.998512,16.721256,16.373646,15.610086,15.320817,15.53801,15.937611,0.0,0.0,0.0,0.0,0.0,0.0,0.0,4.0
12262,2023.0,3.0,27.0,3.0,15.708849,15.585632,15.008119,14.886312,15.394842,15.085916,15.24104,14.946398,15.210043,15.479844,14.999107,14.978546,16.66673,16.317472,15.548025,15.257349,15.349992,15.375824,0.0,0.0,0.0,4.0,4.0,0.0,0.0,4.0
12263,2023.0,3.0,27.0,3.0,15.651196,15.525689,15.008766,14.9086485,15.332359,15.021251,15.179236,14.881859,14.970254,15.03489,15.021755,15.047509,16.612385,16.261057,15.485898,15.193454,14.972852,14.827191,0.0,0.0,0.0,0.0,0.0,0.0,0.0,0.0
12264,2023.0,3.0,27.0,4.0,15.592868,15.463815,15.0168915,14.945715,15.269871,14.955663,15.11738,14.81656,15.034724,15.197737,15.029729,15.074193,16.55841,16.205076,15.424094,15.12992,15.048321,15.029902,0.0,0.0,0.0,0.0,0.0,0.0,0.0,0.0
12265,2023.0,3.0,27.0,4.0,15.538409,15.4091425,15.018226,14.964324,15.211062,14.896729,15.059099,14.757791,15.033802,15.182316,15.030335,15.083515,16.506363,16.152536,15.364103,15.069721,15.046887,15.013177,0.0,0.0,0.0,0.0,0.0,0.0,0.0,0.0
12266,2023.0,3.0,27.0,4.0,15.48539,15.356352,15.019957,14.984672,15.153213,14.83867,15.001748,14.699895,15.034341,15.197215,15.031743,15.09653,16.45485,16.10052,15.304747,15.010143,15.019607,15.009195,0.0,0.0,0.0,0.0,0.0,0.0,0.0,0.0
12267,2023.0,3.0,27.0,4.0,15.435251,15.308478,15.020559,15.00189,15.096057,14.781229,15.003626,14.756204,15.036964,15.212148,15.032595,15.107887,16.403763,16.048925,15.245871,14.951039,15.023592,15.056983,0.0,0.0,0.0,0.0,0.0,0.0,0.0,0.0
12268,2023.0,3.0,27.0,4.0,15.380356,15.24982,15.022372,15.0211935,15.039507,14.724325,15.005993,14.794551,15.038605,15.225004,15.034429,15.122705,16.353075,15.997729,15.187446,14.892383,15.025406,15.085041,0.0,0.0,0.0,0.0,0.0,0.0,0.0,0.0
12269,2023.0,3.0,27.0,4.0,15.327495,15.1961155,15.023471,15.038235,15.00093,14.701776,15.008293,14.829445,15.157106,15.431565,15.035693,15.135431,16.302757,15.946893,15.12943,14.834112,15.0270405,15.11037,0.0,0.0,0.0,4.0,0.0,0.0,0.0,0.0
12270,2023.0,3.0,27.0,5.0,15.27707,15.146153,15.024349,15.054556,15.004197,14.754419,15.010374,14.860584,15.070521,15.239187,15.036768,15.148152,16.252802,15.89643,15.071841,14.77629,15.029779,15.1362,0.0,0.0,0.0,0.0,0.0,0.0,0.0,0.0
12271,2023.0,3.0,27.0,5.0,15.22733,15.096678,15.025254,15.070728,15.006332,14.790877,15.012162,14.888915,15.023234,15.126354,15.038027,15.161325,16.204554,15.849029,15.015845,14.721234,15.031173,15.156835,0.0,0.0,0.0,4.0,0.0,0.0,0.0,0.0
12272,2023.0,3.0,27.0,5.0,15.178618,15.048684,15.026528,15.087323,15.008444,14.824641,15.013038,14.913774,15.070856,15.266415,15.03867,15.173114,16.157114,15.802423,15.002062,14.746815,15.032793,15.176581,0.0,0.0,0.0,0.0,0.0,0.0,0.0,0.0
12273,2023.0,3.0,27.0,5.0,15.129551,14.999423,15.027394,15.102672,15.010317,14.855053,15.014512,14.938698,15.072435,15.24993,15.012889,15.114946,16.110186,15.756326,15.005139,14.787796,15.033004,15.1923,0.0,0.0,0.0,0.0,4.0,0.0,0.0,0.0
12274,2023.0,3.0,27.0,5.0,15.081278,14.951699,15.02863,15.1185465,15.011611,14.882292,15.016695,14.96364,15.037557,15.218116,15.039826,15.205376,16.0637,15.710669,15.008176,14.820671,15.0345335,15.210133,0.0,0.0,0.0,0.0,0.0,0.0,0.0,0.0
12275,2023.0,3.0,27.0,5.0,15.03318,14.903946,15.028243,15.130172,15.013217,14.908675,15.017898,14.985529,15.039589,15.256298,15.041553,15.213758,16.017616,15.66541,15.009103,14.846584,15.035001,15.224792,0.0,0.0,0.0,0.0,0.0,0.0,0.0,0.0
12276,2023.0,3.0,27.0,6.0,15.000267,14.886342,15.028611,15.143426,15.015079,14.934154,15.019271,15.007264,15.042553,15.282029,15.042126,15.224276,15.971899,15.620518,15.011043,14.872798,15.036593,15.241378,0.0,0.0,0.0,0.0,0.0,0.0,0.0,0.0
12277,2023.0,3.0,27.0,6.0,20.342403,24.236452,15.01434,15.129268,20.260208,24.081692,20.21089,24.060524,15.085189,15.348813,15.020063,15.193599,20.104439,22.653584,21.452545,25.76355,15.292766,15.709058,0.0,0.0,0.0,4.0,0.0,0.0,4.0,4.0
12278,2023.0,3.0,27.0,6.0,20.991293,24.765059,15.016832,15.1470375,20.986303,24.741184,20.931496,24.720032,19.913557,23.722937,15.023301,15.210326,20.841661,23.73732,20.816162,24.198704,20.41018,24.566298,0.0,0.0,0.0,0.0,0.0,0.0,0.0,4.0
12279,2023.0,3.0,27.0,6.0,21.124811,24.527065,15.016982,15.1589155,21.130367,24.50483,21.142464,24.603745,16.804117,17.041779,15.023213,15.217756,21.241072,24.053852,21.25629,24.51567,20.036493,23.23526,0.0,0.0,0.0,0.0,0.0,0.0,0.0,4.0
12280,2023.0,3.0,27.0,6.0,21.097155,24.148829,15.049444,15.20694,21.078205,24.047169,21.101454,24.18192,14.999122,14.756618,15.02339,15.224094,21.61559,24.40294,21.672102,24.880136,20.10399,22.96106,4.0,4.0,0.0,0.0,0.0,0.0,0.0,4.0
12281,2023.0,3.0,27.0,6.0,21.101011,23.932829,19.428022,22.743673,21.108313,23.895683,21.106443,23.955761,15.291292,15.4984455,15.008415,15.184735,21.653639,24.19203,22.582985,26.242617,20.124414,22.740778,0.0,0.0,0.0,4.0,4.0,0.0,0.0,0.0
12282,2023.0,3.0,27.0,7.0,21.098524,23.768034,16.88194,17.212904,21.100508,23.710571,21.103603,23.779818,19.996895,23.419811,19.258072,22.421263,21.84867,24.34281,22.647924,26.033316,16.981665,16.478346,0.0,0.0,0.0,0.0,0.0,0.0,0.0,0.0
12283,2023.0,3.0,27.0,7.0,21.095173,23.641563,15.16898,14.892227,21.09857,23.579264,21.100988,23.648212,16.500364,16.208714,17.028883,17.553368,20.992838,22.652494,21.135586,23.210463,15.484374,14.714924,0.0,0.0,0.0,0.0,4.0,0.0,0.0,0.0
12284,2023.0,3.0,27.0,7.0,21.068897,23.480661,15.014419,14.837286,21.096455,23.478203,21.099434,23.550346,15.447839,15.39115,20.257854,23.659157,21.056313,22.722404,21.114027,23.172785,15.449508,15.114515,0.0,0.0,0.0,4.0,4.0,4.0,0.0,0.0
12285,2023.0,3.0,27.0,7.0,22.484034,25.838732,15.218168,15.313696,21.980396,24.796247,21.912443,24.749998,20.756893,24.335825,20.05933,22.84139,21.835114,24.057236,22.007795,24.65811,16.385826,17.029055,4.0,4.0,4.0,4.0,4.0,4.0,4.0,4.0
12286,2023.0,3.0,27.0,7.0,21.51527,24.047663,19.84235,23.43384,21.773836,24.644455,21.572342,24.303503,20.39799,23.514544,20.13396,22.660467,21.261517,22.92296,21.409775,23.520472,20.763271,24.54511,0.0,0.0,4.0,0.0,0.0,0.0,4.0,4.0
12287,2023.0,3.0,27.0,7.0,21.145285,23.276674,17.20364,17.657248,21.101128,23.170452,21.137344,23.351358,16.885454,16.447832,17.13368,16.656546,21.971138,24.172092,22.472534,25.253977,20.072294,22.774067,0.0,4.0,0.0,0.0,0.0,4.0,0.0,0.0
12288,2023.0,3.0,27.0,8.0,21.106844,23.174896,15.84955,16.01079,21.119951,23.17096,21.116764,23.243752,15.322388,14.551381,15.941114,15.515256,20.990261,22.208483,22.196402,24.613598,16.985592,16.555113,4.0,0.0,0.0,0.0,0.0,4.0,0.0,0.0
12289,2023.0,3.0,27.0,8.0,18.51748,18.192486,20.097656,23.59609,18.899275,18.842922,18.819004,18.766485,15.272596,14.907706,15.711025,15.341249,19.480165,19.336578,19.205196,18.723492,15.557732,14.880198,0.0,4.0,4.0,0.0,0.0,4.0,0.0,0.0
12290,2023.0,3.0,27.0,8.0,18.289307,18.735308,17.760294,18.46966,17.128143,16.311216,17.023462,16.225685,15.973351,16.360302,15.851753,15.846636,18.857946,18.694592,18.594019,18.693571,15.50008,15.177993,4.0,0.0,0.0,4.0,4.0,4.0,4.0,0.0
12291,2023.0,3.0,27.0,8.0,17.827848,17.902824,20.087364,22.829086,17.219156,16.878191,17.111118,16.797476,19.85467,22.956366,20.20447,23.33566,18.699549,18.570045,18.510996,18.660526,15.427801,15.168175,0.0,4.0,4.0,0.0,0.0,4.0,4.0,0.0
12292,2023.0,3.0,27.0,8.0,16.764038,16.225025,17.306007,17.143982,17.183601,16.966835,17.06688,16.877274,17.366798,17.586395,17.694456,18.018036,18.544935,18.449867,17.433935,16.854412,16.232674,16.84617,0.0,4.0,4.0,4.0,0.0,4.0,0.0,4.0
12293,2023.0,3.0,27.0,8.0,16.320374,15.696476,16.309355,15.8622,16.388004,15.644709,16.918648,16.766485,20.437761,23.19871,16.803585,16.808205,18.448927,18.379717,17.901743,18.107454,19.884562,23.047707,0.0,0.0,4.0,4.0,4.0,4.0,4.0,0.0
12294,2023.0,3.0,27.0,9.0,16.783878,16.838087,16.019882,15.707214,15.87701,15.072252,16.75822,16.647203,20.111841,22.501055,20.40052,23.141321,17.665562,17.020515,17.120426,16.591383,17.469452,17.809278,0.0,0.0,4.0,0.0,4.0,0.0,0.0,4.0
12295,2023.0,3.0,27.0,9.0,16.200438,15.740964,16.208359,16.315916,16.308483,16.12947,16.619598,16.541676,17.339895,17.000568,20.070532,22.346806,17.17766,16.439451,16.484617,15.848951,20.721699,23.842878,4.0,4.0,4.0,0.0,0.0,0.0,0.0,0.0
12296,2023.0,3.0,27.0,9.0,15.772329,15.253047,20.242117,23.508982,15.785268,15.146651,16.507454,16.45914,15.928148,15.2721405,17.734192,17.615896,16.957266,16.227007,16.18594,15.557986,17.523258,17.380617,4.0,0.0,4.0,0.0,4.0,0.0,0.0,0.0
12297,2023.0,3.0,27.0,9.0,15.576297,15.079507,20.086195,22.758926,16.065536,15.962028,15.745056,15.147466,15.819546,15.491277,20.370928,22.742205,17.611862,17.61485,15.984266,15.377964,15.847445,15.292368,0.0,4.0,0.0,0.0,0.0,4.0,0.0,0.0
12298,2023.0,3.0,27.0,9.0,16.55988,17.126245,17.350317,17.231728,15.562191,14.987779,15.306489,14.63447,15.71942,15.450204,17.708271,17.452654,17.858997,17.924162,16.116224,15.82434,16.670677,17.245102,0.0,0.0,0.0,0.0,0.0,4.0,0.0,4.0
12299,2023.0,3.0,27.0,9.0,16.51408,16.869255,16.935896,17.010105,15.943081,15.890804,15.1445055,14.489619,15.579917,15.321825,16.882938,16.482668,17.888449,17.970884,16.123665,15.884108,20.317604,23.501335,4.0,4.0,0.0,0.0,0.0,4.0,0.0,0.0
12300,2023.0,3.0,27.0,10.0,15.661368,15.350003,20.211275,22.984165,16.135506,16.198446,15.001265,14.383948,15.426203,15.178782,16.664896,16.326345,17.213768,16.69766,16.051817,15.823684,17.909359,18.333504,0.0,4.0,0.0,0.0,0.0,0.0,0.0,4.0
12301,2023.0,3.0,27.0,10.0,15.274313,14.881593,18.305246,18.96606,16.118605,16.208176,15.190538,14.902235,15.290882,15.051176,16.415148,16.096186,16.816536,16.18902,15.975556,15.753167,20.34481,23.212727,4.0,4.0,0.0,0.0,0.0,0.0,0.0,0.0
12302,2023.0,3.0,27.0,10.0,15.901358,16.189547,20.243814,22.82429,16.091953,16.203247,15.246904,15.037133,15.175077,14.940119,16.608662,16.651728,16.673643,16.041655,17.016752,17.78415,17.498775,17.366829,4.0,4.0,0.0,0.0,4.0,0.0,4.0,0.0
12303,2023.0,3.0,27.0,10.0,15.436972,15.190039,20.065502,22.271502,16.067945,16.199884,15.18756,14.995653,15.0787735,14.848201,20.394142,23.148611,17.401342,17.49939,16.165857,15.8177395,16.062632,15.549665,0.0,4.0,0.0,0.0,0.0,4.0,0.0,0.0
12304,2023.0,3.0,27.0,10.0,15.850422,16.186068,17.678673,17.560522,15.373311,14.942762,15.860513,16.324657,14.999271,14.7798,18.336958,18.888086,16.9615,16.45391,16.687273,17.147448,15.91064,15.635542,0.0,0.0,4.0,0.0,4.0,0.0,4.0,0.0
12305,2023.0,3.0,27.0,10.0,16.090647,16.508968,17.041069,17.214025,14.99901,14.50641,16.179132,16.749065,15.719982,16.188753,20.240587,22.78139,16.637228,16.04434,16.036661,15.675096,16.77191,17.394672,4.0,0.0,4.0,4.0,0.0,0.0,0.0,4.0
12306,2023.0,3.0,27.0,11.0,15.421493,15.250527,20.21686,22.977,15.787056,15.799884,15.303198,15.034533,20.247017,23.87255,18.155151,18.398485,16.553192,15.963384,15.583067,15.1066065,20.318548,23.426346,0.0,0.0,0.0,0.0,0.0,0.0,0.0,0.0
12307,2023.0,3.0,27.0,11.0,15.813313,16.204176,18.065338,18.489641,15.000599,14.584627,15.011861,14.769751,17.164064,17.252495,16.87253,16.640205,16.78846,16.490208,15.446726,14.968378,18.04967,18.546257,0.0,0.0,0.0,0.0,0.0,0.0,0.0,4.0
12308,2023.0,3.0,27.0,11.0,15.346216,15.206201,16.631939,16.536188,15.133952,14.92716,15.013836,14.835789,15.509321,15.046793,16.523373,16.233816,16.892353,16.636005,16.537792,17.110014,20.31353,23.1513,0.0,0.0,0.0,0.0,0.0,0.0,4.0,0.0
12309,2023.0,3.0,27.0,11.0,15.737352,16.145405,16.653969,16.873241,15.118567,14.970393,15.411199,15.610646,15.378019,15.100298,16.705425,16.740467,16.890076,16.635798,15.937197,15.634939,17.576431,17.508156,4.0,0.0,4.0,0.0,4.0,0.0,0.0,0.0
12310,2023.0,3.0,27.0,11.0,15.90857,16.387512,20.235266,23.280308,15.058719,14.915933,15.4480295,15.789067,15.337332,15.091627,20.229473,22.983446,17.714918,18.208403,15.574444,15.115077,17.434723,17.715654,4.0,0.0,0.0,0.0,0.0,4.0,0.0,4.0
12311,2023.0,3.0,27.0,11.0,15.951998,16.43845,20.060755,22.553288,15.408762,15.281594,15.6572485,15.102192,15.243059,15.002906,18.384565,18.934593,17.057695,16.69365,15.432876,14.970648,20.311657,22.900927,0.0,0.0,0.0,0.0,4.0,0.0,0.0,0.0
12312,2023.0,3.0,27.0,12.0,15.309919,15.226126,17.56451,17.526525,15.879312,16.426096,14.997869,14.928805,15.154863,14.9179535,20.24218,22.666447,16.61865,16.082302,16.42912,16.930399,17.699987,17.579363,0.0,4.0,0.0,0.0,0.0,0.0,4.0,0.0
12313,2023.0,3.0,27.0,12.0,20.175009,23.913538,16.1181,15.625856,21.191198,25.473526,20.547388,24.667929,15.899704,16.397158,17.90505,17.797956,20.759779,23.277586,21.214336,25.09928,17.304089,17.639475,0.0,4.0,0.0,4.0,0.0,0.0,0.0,4.0
12314,2023.0,3.0,27.0,12.0,21.142159,25.00458,16.449945,16.614037,20.876911,24.31224,21.074322,24.954927,20.291544,23.98232,17.189089,17.233465,21.721756,24.744864,21.551157,25.032907,20.316721,23.017132,4.0,0.0,0.0,0.0,4.0,0.0,0.0,0.0
12315,2023.0,3.0,27.0,12.0,21.525465,25.150116,20.233839,23.34024,21.163864,24.435339,21.130184,24.599426,17.121864,17.185915,20.34744,22.752914,22.142277,25.093094,22.16702,25.673754,18.334948,18.804712,0.0,0.0,0.0,0.0,0.0,0.0,0.0,4.0
12316,2023.0,3.0,27.0,12.0,21.042833,23.990057,17.928158,18.427444,21.090755,23.978378,21.100693,24.230179,15.513665,15.064785,18.295437,18.567661,21.779938,24.03034,21.747757,24.527552,20.298141,22.81911,0.0,4.0,0.0,0.0,0.0,0.0,4.0,0.0
12317,2023.0,3.0,27.0,12.0,21.121254,23.948559,16.430717,16.372074,21.119532,23.84976,21.098522,24.010262,15.41386,15.161847,17.041336,16.820059,21.80725,23.985771,22.424921,25.328384,17.776659,17.662437,0.0,0.0,0.0,0.0,0.0,4.0,0.0,0.0
12318,2023.0,3.0,27.0,13.0,21.079685,23.703362,16.01891,15.866353,21.107609,23.674934,21.092955,23.845121,15.369316,15.143793,16.674147,16.387547,21.037868,22.511362,21.625006,23.99296,16.47818,15.992053,0.0,0.0,0.0,0.0,0.0,0.0,0.0,0.0
12319,2023.0,3.0,27.0,13.0,21.112186,23.680565,16.269884,16.523579,21.065264,23.496866,21.07158,23.668844,15.273758,15.056899,16.47986,16.199507,21.802843,23.768465,20.90261,22.460255,16.348368,16.098146,4.0,4.0,4.0,0.0,0.0,4.0,4.0,0.0
12320,2023.0,3.0,27.0,13.0,21.880037,24.82529,20.20864,23.51273,21.157373,23.5821,21.159504,23.78115,15.1797905,14.965928,16.724806,16.8099,21.978228,23.903912,21.21421,23.12102,16.230457,16.005186,0.0,4.0,0.0,0.0,4.0,0.0,0.0,0.0
12321,2023.0,3.0,27.0,13.0,20.929379,23.0351,18.060003,18.81045,21.086796,23.36612,21.112185,23.573935,15.097595,14.888912,20.39366,23.0862,21.066603,22.338085,22.500944,25.218376,16.06674,15.848175,4.0,4.0,0.0,0.0,0.0,0.0,0.0,0.0
12322,2023.0,3.0,27.0,13.0,22.034168,24.815643,20.22754,23.081713,21.999197,24.794338,21.851927,24.672714,15.022513,14.81913,18.401468,18.964281,21.721073,23.425028,22.214184,24.554152,15.922138,15.710968,0.0,0.0,4.0,0.0,4.0,0.0,0.0,0.0
12323,2023.0,3.0,27.0,13.0,20.903814,22.799765,17.908306,18.208284,20.926916,22.823252,20.93588,22.93944,15.965537,16.354736,20.250034,22.6785,20.958378,22.030962,20.88414,22.226147,15.797318,15.592646,4.0,0.0,4.0,0.0,4.0,0.0,0.0,0.0
12324,2023.0,3.0,27.0,14.0,21.189356,23.399424,20.244413,23.008173,21.179806,23.308693,21.183815,23.443954,15.158852,14.983585,20.057634,22.01286,21.193213,22.526905,21.271494,23.055157,16.73449,17.472422,4.0,4.0,0.0,0.0,0.0,4.0,4.0,4.0
12325,2023.0,3.0,27.0,14.0,19.266155,19.712666,20.057283,22.363592,19.202045,19.502073,18.644693,18.545275,15.022495,14.839081,17.93327,17.74085,19.969046,20.16085,18.991606,18.721594,20.359081,23.556742,0.0,4.0,0.0,0.0,0.0,4.0,0.0,0.0
12326,2023.0,3.0,27.0,14.0,18.385923,18.736988,17.745653,17.759445,18.210096,18.328812,17.213728,16.749039,15.73446,16.243023,17.371195,17.425474,18.788303,18.277193,18.856554,19.217436,17.480022,17.492062,0.0,4.0,0.0,4.0,4.0,0.0,4.0,0.0
12327,2023.0,3.0,27.0,14.0,18.141426,18.501232,17.391449,17.592735,17.944273,18.066282,17.071228,16.848074,20.278172,24.01866,20.28186,22.616299,18.35322,17.75401,17.87357,17.419413,17.319092,17.668463,4.0,4.0,0.0,0.0,0.0,0.0,0.0,4.0
12328,2023.0,3.0,27.0,14.0,17.247833,17.04998,20.247616,22.824549,17.07775,16.68115,16.881573,16.729116,17.182047,17.349035,18.348951,18.600916,18.102077,17.522217,17.285933,16.792482,20.391184,23.002705,4.0,0.0,0.0,0.0,0.0,0.0,0.0,0.0
12329,2023.0,3.0,27.0,14.0,16.710209,16.436674,20.047964,22.192137,17.20631,17.314354,16.62907,16.486706,15.543824,15.182682,17.14578,16.945547,17.90344,17.343283,17.017813,16.543024,17.745655,17.706276,4.0,4.0,0.0,0.0,0.0,0.0,0.0,0.0
12330,2023.0,3.0,27.0,15.0,16.42661,16.157768,20.099352,22.160904,17.263056,17.469366,16.400692,16.258394,15.395211,15.194228,16.805042,16.563705,18.00878,17.737305,16.79666,16.336811,16.43544,16.028204,0.0,4.0,0.0,0.0,0.0,0.0,0.0,0.0
12331,2023.0,3.0,27.0,15.0,16.960073,17.357878,18.265324,18.52256,16.498823,16.160818,16.212234,16.079796,15.321007,15.142437,16.620272,16.386686,17.98391,17.748621,17.914528,18.651052,16.281942,16.069073,4.0,0.0,0.0,0.0,0.0,0.0,4.0,0.0
12332,2023.0,3.0,27.0,15.0,17.081812,17.568409,20.243515,22.367786,16.109625,15.664151,16.06833,15.936261,15.23296,15.057277,16.489418,16.253008,18.706005,19.198181,17.042608,16.798357,16.174212,15.988113,0.0,0.0,0.0,0.0,0.0,4.0,0.0,0.0
12333,2023.0,3.0,27.0,15.0,17.029282,17.508694,18.404188,18.670904,16.57178,16.732174,15.919265,15.794249,15.135703,14.965905,16.736916,16.842693,17.983871,17.641848,16.454536,16.053022,16.022375,15.844446,4.0,4.0,0.0,0.0,4.0,0.0,0.0,0.0
12334,2023.0,3.0,27.0,15.0,16.992743,17.479698,20.228102,22.230984,16.034416,15.72345,16.533976,17.04945,15.060109,14.891844,20.246626,23.03414,17.577774,17.067945,16.275244,15.859701,16.866535,17.545574,4.0,0.0,4.0,0.0,4.0,0.0,0.0,4.0
12335,2023.0,3.0,27.0,15.0,16.281681,16.19901,20.04517,21.80269,16.326126,16.51634,16.145134,16.198301,15.386323,15.213508,20.048864,22.230661,17.400782,16.889881,16.132545,15.724448,21.152542,24.79936,4.0,4.0,0.0,0.0,0.0,0.0,0.0,0.0
12336,2023.0,3.0,27.0,16.0,16.598282,17.05126,20.076756,21.814602,16.507051,16.784052,16.19297,16.462656,15.112937,14.973738,17.858198,17.752045,17.521961,17.26662,16.203695,15.998221,17.98801,18.108982,4.0,4.0,4.0,0.0,0.0,0.0,0.0,0.0
12337,2023.0,3.0,27.0,16.0,16.761894,17.27013,20.071718,21.76581,15.8195,15.527658,15.599366,15.325205,14.997927,14.864363,16.890339,16.66641,17.547606,17.33822,17.31271,18.128656,16.35698,15.996103,4.0,0.0,0.0,0.0,0.0,0.0,4.0,0.0
12338,2023.0,3.0,27.0,16.0,16.061264,15.98023,20.071493,21.735655,15.429278,15.040392,15.220765,14.849784,15.007868,14.937219,16.686117,16.464542,17.492672,17.292963,16.52012,16.291708,16.15179,15.952891,4.0,0.0,0.0,0.0,0.0,0.0,0.0,0.0
12339,2023.0,3.0,27.0,16.0,15.663851,15.4810295,20.070524,21.710308,15.999168,16.239288,15.074211,14.701307,15.006596,14.976269,16.512001,16.295103,18.27534,18.838652,15.98284,15.615142,16.028625,15.855771,4.0,4.0,0.0,0.0,0.0,4.0,0.0,0.0
12340,2023.0,3.0,27.0,16.0,16.283958,16.774426,20.069931,21.689812,16.221533,16.538946,15.183511,15.03639,15.679434,16.277025,16.363804,16.15189,18.269627,18.580057,15.818159,15.444201,15.882623,15.717488,4.0,4.0,0.0,4.0,0.0,4.0,0.0,0.0
12341,2023.0,3.0,27.0,16.0,15.809538,15.744562,20.069447,21.672434,16.235146,16.560793,15.94597,16.49343,20.112478,23.768776,16.239098,16.036234,17.488546,17.13964,15.714065,15.346953,15.753241,15.595489,4.0,4.0,4.0,0.0,0.0,0.0,0.0,0.0
12342,2023.0,3.0,27.0,17.0,15.460601,15.302087,20.068886,21.656689,16.231632,16.5627,15.618748,15.694701,17.135004,17.35067,16.126818,15.930276,17.108967,16.656185,15.808918,15.631237,16.603373,17.305906,4.0,4.0,0.0,0.0,0.0,0.0,0.0,4.0
12343,2023.0,3.0,27.0,17.0,15.333079,15.165851,20.085993,21.69173,16.219799,16.552326,15.741011,16.062733,15.464457,15.137014,16.02645,15.836061,16.97493,16.515001,15.829459,15.682898,20.362585,23.674437,0.0,4.0,4.0,0.0,0.0,0.0,0.0,0.0
12344,2023.0,3.0,27.0,17.0,16.257639,17.008614,18.243755,18.154915,15.533131,15.28574,15.2457,15.069279,15.287498,15.108338,15.937757,15.75588,16.882067,16.425795,16.908497,17.764563,17.451168,17.53452,0.0,0.0,0.0,0.0,0.0,0.0,4.0,0.0
12345,2023.0,3.0,27.0,17.0,15.640984,15.6550255,17.695312,17.540806,15.916025,16.161179,15.638607,15.919761,15.219379,15.069825,15.866424,15.689772,17.047031,16.831917,16.015757,15.821704,16.375715,15.979727,4.0,4.0,4.0,0.0,0.0,0.0,0.0,0.0
12346,2023.0,3.0,27.0,17.0,16.053776,16.557009,20.237473,22.260271,16.071503,16.409641,15.796784,16.157228,15.120643,14.978288,15.794954,15.623531,17.085833,16.917494,15.632748,15.284179,16.258205,16.059345,4.0,4.0,4.0,0.0,0.0,0.0,0.0,0.0
12347,2023.0,3.0,27.0,17.0,15.554453,15.48296,20.050648,21.77666,16.075407,16.411915,15.81705,16.1739,15.013064,14.875427,15.717967,15.551606,17.056643,16.89576,15.489805,15.137139,16.112984,15.94956,0.0,4.0,4.0,0.0,0.0,0.0,0.0,0.0
12348,2023.0,3.0,27.0,18.0,15.965469,16.460194,18.461926,18.64678,16.070333,16.405884,15.200729,15.019257,15.008607,14.952022,15.64946,15.491628,17.019117,16.863914,16.478607,17.090498,15.944076,15.793769,4.0,4.0,0.0,0.0,0.0,0.0,4.0,0.0
12349,2023.0,3.0,27.0,18.0,20.07233,23.417044,20.22324,22.2666,20.844004,24.630096,19.931337,23.416414,15.008564,15.007406,15.573965,15.414581,21.080662,23.902428,20.7954,24.311075,15.782302,15.629638,4.0,4.0,0.0,0.0,0.0,0.0,0.0,0.0
12350,2023.0,3.0,27.0,18.0,21.153452,24.819138,20.037876,21.758032,21.03645,24.42374,21.072052,24.833523,15.00911,15.050038,15.497697,15.337052,21.61735,24.592297,21.273155,24.626831,15.642091,15.490561,4.0,4.0,4.0,0.0,0.0,0.0,0.0,0.0
12351,2023.0,3.0,27.0,18.0,21.1013,24.31093,20.073534,21.743706,21.099962,24.149359,21.087685,24.373343,15.010311,15.084512,15.425227,15.264389,22.151821,25.171719,22.193747,25.793777,15.52369,15.374768,4.0,4.0,4.0,0.0,0.0,0.0,0.0,0.0
12352,2023.0,3.0,27.0,18.0,21.087076,23.97122,20.069931,21.680058,21.116117,23.92381,21.10073,24.074772,15.010228,15.109114,15.359056,15.201966,20.95212,22.705427,21.685543,24.489262,15.425331,15.284028,4.0,0.0,4.0,0.0,0.0,4.0,4.0,0.0
12353,2023.0,3.0,27.0,18.0,21.112347,23.838327,20.087849,21.689503,21.109682,23.709536,21.119354,23.905779,15.010745,15.129384,15.29172,15.135995,21.957123,24.380459,22.86255,26.302767,15.333772,15.196235,0.0,0.0,0.0,0.0,0.0,0.0,0.0,0.0
12354,2023.0,3.0,27.0,19.0,21.080904,23.605307,18.481232,18.560589,21.085047,23.491518,21.090273,23.662199,15.011218,15.146211,15.227825,15.075611,20.95537,22.37672,21.366507,23.526358,15.251206,15.118159,4.0,4.0,4.0,0.0,0.0,4.0,0.0,0.0
12355,2023.0,3.0,27.0,19.0,21.152395,23.637104,20.239037,22.196884,21.088324,23.387995,21.116909,23.610533,15.012109,15.1612625,15.156951,15.001793,21.141096,22.721306,21.969387,24.451195,15.171231,15.038918,4.0,4.0,0.0,0.0,0.0,0.0,4.0,0.0
12356,2023.0,3.0,27.0,19.0,21.082819,23.410542,20.042736,21.681108,21.086718,23.2998,21.110516,23.497286,15.012567,15.17353,15.077163,14.908587,21.077173,22.545986,22.545706,25.300745,16.150614,16.962137,4.0,4.0,0.0,0.0,0.0,0.0,0.0,4.0
12357,2023.0,3.0,27.0,19.0,21.10726,23.409094,20.094244,21.72121,21.085913,23.22955,21.109978,23.41375,15.013169,15.18407,14.998732,14.829633,21.079025,22.50971,21.99075,24.32356,20.29719,23.87665,0.0,4.0,0.0,0.0,0.0,0.0,4.0,0.0
12358,2023.0,3.0,27.0,19.0,21.101433,23.333239,18.089432,17.82913,21.108997,23.235992,21.085175,23.34217,15.440183,15.982706,15.303405,15.441166,21.05881,22.475101,20.901834,22.292927,17.06292,17.007975,0.0,0.0,0.0,4.0,4.0,0.0,0.0,0.0
12359,2023.0,3.0,27.0,19.0,21.637947,23.92684,17.673164,17.806376,21.636305,23.904297,21.63798,24.024843,20.450626,24.276104,20.301939,23.68693,21.3971,23.013014,21.771816,23.628119,15.519078,15.078691,4.0,0.0,0.0,0.0,0.0,0.0,0.0,0.0
12360,2023.0,3.0,27.0,20.0,21.065516,23.090872,20.239538,22.460274,20.929556,22.63992,21.045017,23.136742,16.88231,16.896708,17.591475,18.031437,20.96865,22.199966,21.081934,22.687439,15.445758,15.258521,4.0,4.0,4.0,0.0,0.0,0.0,0.0,0.0
12361,2023.0,3.0,27.0,20.0,21.10607,23.166481,20.044933,21.83688,21.106052,22.99267,21.093271,23.24495,14.988738,14.579152,15.895379,15.70417,21.071297,22.425673,21.092693,22.733301,15.361189,15.177154,4.0,4.0,0.0,0.0,0.0,0.0,0.0,0.0
12362,2023.0,3.0,27.0,20.0,21.098698,23.123468,20.098341,21.814602,21.079975,22.934147,21.109766,23.213112,15.0293665,14.851972,15.931023,16.033354,21.059566,22.410275,21.068262,22.735727,16.183687,16.845562,0.0,4.0,0.0,0.0,4.0,0.0,0.0,4.0
12363,2023.0,3.0,27.0,20.0,21.097504,23.09291,17.933193,17.567204,21.080364,22.92113,21.081068,23.085356,15.301191,15.117493,20.404236,23.532211,21.028612,22.332138,21.071516,22.771385,20.407543,23.923782,0.0,4.0,4.0,0.0,0.0,4.0,0.0,0.0
12364,2023.0,3.0,27.0,20.0,21.04977,23.00038,17.514023,17.575382,21.082397,22.908983,21.111326,23.124731,15.67536,16.145449,17.756598,18.09892,21.088127,22.432802,21.036818,22.693491,17.713684,18.081163,4.0,4.0,0.0,4.0,0.0,0.0,4.0,4.0
12365,2023.0,3.0,27.0,20.0,21.107813,23.09848,20.2457,22.504356,21.08228,22.888964,21.105717,23.072254,20.447514,24.032074,16.140823,15.900108,21.080172,22.38082,21.873436,24.379025,20.461733,23.415333,4.0,4.0,0.0,4.0,0.0,0.0,0.0,0.0
12366,2023.0,3.0,27.0,21.0,21.071905,22.971296,20.051205,21.858913,21.082191,22.868458,21.055464,22.967905,20.057161,22.99555,15.754098,15.481747,21.080944,22.351768,21.095432,22.766293,17.285217,17.016811,4.0,4.0,4.0,0.0,0.0,0.0,0.0,0.0
12367,2023.0,3.0,27.0,21.0,21.101538,23.021706,20.101639,21.815752,21.081894,22.848085,21.114231,23.05975,17.466272,17.63932,15.91369,15.973008,21.055792,22.321205,21.054773,22.638954,15.77797,15.1867,0.0,4.0,0.0,4.0,4.0,0.0,4.0,0.0
12368,2023.0,3.0,27.0,21.0,21.095732,22.98118,18.183302,18.008818,21.079163,22.823397,21.078348,22.932858,20.786457,23.830618,20.401318,23.494293,21.028252,22.258099,21.098352,22.743126,15.719169,15.466888,4.0,4.0,4.0,0.0,0.0,4.0,0.0,0.0
12369,2023.0,3.0,27.0,21.0,21.148788,23.039995,20.250107,22.25539,21.081629,22.810808,21.110395,22.989708,17.972105,18.128368,17.717947,17.992739,21.129608,22.445902,21.092836,22.71597,15.616791,15.382891,0.0,4.0,0.0,4.0,0.0,0.0,0.0,0.0
12370,2023.0,3.0,27.0,21.0,21.102411,22.945143,18.237297,18.115803,21.105772,22.859154,21.104485,22.949,20.44832,23.105911,16.4784,16.526289,21.080482,22.314114,21.054808,22.595156,16.392633,17.004833,4.0,0.0,0.0,0.0,4.0,0.0,4.0,4.0
12371,2023.0,3.0,27.0,21.0,21.938309,24.21812,20.24636,22.286669,21.156874,22.918318,21.170927,23.090141,17.87244,17.945896,20.46802,23.359722,21.936466,23.723833,21.194738,22.867592,20.595118,23.890211,0.0,4.0,4.0,4.0,4.0,0.0,4.0,0.0
12372,2023.0,3.0,27.0,22.0,20.912815,22.3748,18.168306,17.996765,21.105577,22.814083,21.112453,22.948395,21.799053,25.23256,20.059093,22.374609,20.957153,21.931217,21.359865,23.082548,17.156223,16.863707,4.0,0.0,0.0,4.0,0.0,4.0,0.0,0.0
12373,2023.0,3.0,27.0,22.0,21.093874,22.747559,20.252407,22.294931,21.099855,22.781523,21.102999,22.89577,19.894606,21.690664,17.571705,17.329088,21.101448,22.24628,21.098475,22.69254,15.531758,14.905739,4.0,0.0,0.0,4.0,4.0,0.0,0.0,0.0
12374,2023.0,3.0,27.0,22.0,22.226276,24.61928,20.112055,21.82465,21.157797,22.85856,21.162172,23.04099,21.30108,24.026663,20.390778,22.82705,21.883776,23.527376,21.186455,22.820517,15.513077,15.242223,0.0,4.0,0.0,0.0,4.0,0.0,4.0,0.0
12375,2023.0,3.0,27.0,22.0,20.90453,22.232805,18.14236,17.900394,21.10481,22.756819,21.07965,22.88559,18.640514,18.628132,20.047544,22.039122,20.948648,21.796598,21.100355,22.66071,15.432564,15.175359,4.0,0.0,0.0,4.0,4.0,4.0,0.0,0.0
12376,2023.0,3.0,27.0,22.0,22.413881,24.872517,20.248669,22.21163,21.161406,22.853863,21.163757,23.059153,21.792871,24.844994,20.118727,22.00329,22.028711,23.71622,21.181728,22.807371,16.021843,16.43208,0.0,0.0,0.0,0.0,0.0,0.0,0.0,4.0
12377,2023.0,3.0,27.0,22.0,20.901205,22.152544,17.926008,17.494705,21.071949,22.711756,21.079248,22.887802,18.742338,18.746151,18.392933,18.585327,20.945871,21.732403,21.092604,22.610043,20.493586,23.915604,0.0,0.0,0.0,4.0,4.0,0.0,0.0,0.0
12378,2023.0,3.0,27.0,23.0,21.12204,22.658487,17.404516,17.367016,21.075727,22.740057,21.078985,22.882458,20.536999,22.726238,20.384195,22.454208,21.093788,22.07374,21.070179,22.595913,17.512669,17.693695,4.0,0.0,0.0,0.0,0.0,0.0,0.0,4.0
12379,2023.0,3.0,27.0,23.0,19.484648,19.596855,17.040245,16.749872,19.761494,20.206024,19.654896,20.117275,18.20681,18.15196,18.481167,18.728983,19.70012,19.464468,19.235992,19.090187,15.707885,15.158393,0.0,4.0,4.0,4.0,4.0,0.0,0.0,0.0
12380,2023.0,3.0,27.0,23.0,18.669048,18.466528,16.712765,16.321674,18.554726,18.252275,18.41922,18.132969,16.826025,16.058622,17.363523,17.033205,19.12328,18.73203,18.484606,18.140667,15.235794,14.58916,0.0,0.0,0.0,0.0,0.0,0.0,0.0,0.0
12381,2023.0,3.0,27.0,23.0,18.28929,18.0749,16.522955,16.130749,17.518993,16.608286,17.381102,16.493433,16.265312,15.462262,16.913008,16.53104,18.849245,18.469831,18.129007,17.793772,14.993292,14.372476,0.0,0.0,0.0,0.0,0.0,0.0,0.0,0.0
12382,2023.0,3.0,27.0,23.0,17.953539,17.75108,16.79845,16.814028,16.92736,15.968845,16.784359,15.85059,16.843172,16.99326,16.552107,16.181555,18.583242,18.219479,17.798649,17.480204,15.1226635,14.835928,4.0,0.0,0.0,4.0,0.0,0.0,0.0,0.0
12383,2023.0,3.0,27.0,23.0,17.716757,17.514467,16.412354,16.114494,17.106573,16.628674,16.95426,16.497353,16.35546,16.047485,16.301958,15.934523,18.382694,18.014975,17.55775,17.2445,15.083607,14.823678,0.0,0.0,0.0,0.0,0.0,0.0,0.0,0.0
12384,2023.0,3.0,28.0,0.0,17.50494,17.309814,16.637587,16.687235,17.040104,16.650276,16.881872,16.51274,15.622735,14.912586,16.08188,15.725692,18.201477,17.836388,17.340534,17.036392,14.996744,14.7617035,4.0,0.0,0.0,0.0,0.0,0.0,0.0,0.0
12385,2023.0,3.0,28.0,0.0,18.04014,18.512144,15.778848,15.013863,16.859015,16.484795,16.696386,16.3432,15.782306,15.564634,15.863114,15.524019,18.020285,17.6623,17.119034,16.817244,15.011996,14.868239,0.0,0.0,0.0,4.0,0.0,0.0,0.0,0.0
12386,2023.0,3.0,28.0,0.0,18.197847,18.749973,15.201404,14.264124,16.67476,16.301863,16.508337,16.156464,15.265106,14.619474,15.977416,15.925368,17.849394,17.488659,16.911253,16.60651,15.0116415,14.925162,0.0,0.0,0.0,0.0,4.0,0.0,0.0,0.0
12387,2023.0,3.0,28.0,0.0,17.026838,16.555384,15.434957,14.943909,16.515705,16.152088,16.34651,16.003878,15.001688,14.456786,15.669547,15.3771,17.704653,17.347963,16.735598,16.436357,15.0118475,14.969833,0.0,0.0,0.0,0.0,0.0,0.0,0.0,0.0
12388,2023.0,3.0,28.0,0.0,16.345194,15.679636,15.534769,15.15439,16.365904,16.004831,16.194326,15.854044,15.063475,14.755506,15.376884,15.044671,18.328575,18.644749,16.572733,16.27248,15.012653,15.006262,0.0,0.0,0.0,0.0,0.0,4.0,0.0,0.0
12389,2023.0,3.0,28.0,0.0,16.067184,15.379389,15.45867,15.087341,16.225256,15.861357,16.051115,15.707925,15.00109,14.708446,15.510018,15.443096,18.577276,18.945957,16.422058,16.117044,15.014077,15.037326,0.0,0.0,0.0,0.0,4.0,4.0,0.0,0.0
12390,2023.0,3.0,28.0,1.0,16.31485,16.069721,15.378784,15.016378,16.11131,15.759008,15.934966,15.6035385,15.439046,15.63564,15.243332,14.94731,17.412807,16.680683,16.296572,15.998744,15.013543,15.059763,0.0,0.0,0.0,4.0,0.0,0.0,0.0,0.0
12391,2023.0,3.0,28.0,1.0,16.373781,16.20782,15.296123,14.936233,15.998303,15.648631,15.819956,15.490961,15.080923,14.83454,14.990327,14.672961,16.863596,16.052881,16.17429,15.875647,15.014745,15.082313,0.0,0.0,0.0,0.0,0.0,0.0,0.0,0.0
12392,2023.0,3.0,28.0,1.0,16.291254,16.13556,15.220532,14.865726,15.897241,15.553628,15.717556,15.394261,15.386069,15.621156,15.016317,14.80097,16.684399,15.881366,16.065092,15.768578,15.015032,15.1006565,0.0,0.0,0.0,4.0,0.0,0.0,0.0,0.0
12393,2023.0,3.0,28.0,1.0,16.200577,16.04918,15.148042,14.7971115,15.80185,15.462919,15.621504,15.302395,15.17636,15.058954,15.012203,14.851465,16.543402,15.7503,15.963351,15.668031,15.015741,15.117542,0.0,0.0,0.0,4.0,0.0,0.0,0.0,0.0
12394,2023.0,3.0,28.0,1.0,16.113546,15.9658575,15.08009,14.733765,15.71365,15.380443,15.533116,15.219114,15.014467,14.912425,15.013255,14.899144,16.857723,16.511179,15.8696165,15.576328,15.015311,15.13161,0.0,0.0,0.0,0.0,0.0,0.0,0.0,0.0
12395,2023.0,3.0,28.0,1.0,16.04173,15.907441,15.011166,14.665007,15.62618,15.293709,15.44568,15.131886,15.049172,15.014363,15.020794,14.953761,16.89151,16.538528,15.779678,15.486054,15.029662,15.174001,0.0,0.0,0.0,0.0,0.0,0.0,0.0,0.0
12396,2023.0,3.0,28.0,2.0,15.967654,15.837977,15.003262,14.712061,15.547983,15.22074,15.367673,15.058574,15.020106,14.9955435,15.02241,14.979962,16.837246,16.48595,15.697455,15.405984,15.030584,15.181634,0.0,0.0,0.0,0.0,0.0,0.0,0.0,0.0
12397,2023.0,3.0,28.0,2.0,15.894018,15.766863,15.005922,14.760268,15.474405,15.1526,15.294422,14.990233,15.023434,15.047314,15.017238,14.97876,16.78202,16.432858,15.6201725,15.3311,15.032145,15.195391,0.0,0.0,0.0,0.0,4.0,0.0,0.0,0.0
12398,2023.0,3.0,28.0,2.0,15.823686,15.699511,15.007992,14.799833,15.404413,15.087727,15.224925,14.925315,15.02512,15.075958,15.026009,15.036148,16.728264,16.381239,15.547012,15.260282,15.0324335,15.2053995,0.0,0.0,0.0,0.0,0.0,0.0,0.0,0.0
12399,2023.0,3.0,28.0,2.0,15.755176,15.6326685,15.010426,14.835721,15.337451,15.0255995,15.158591,14.863279,15.027585,15.10319,15.026635,15.047843,16.676317,16.331419,15.477414,15.192979,15.033832,15.219271,0.0,0.0,0.0,0.0,0.0,0.0,0.0,0.0
12400,2023.0,3.0,28.0,2.0,15.688467,15.566989,15.01208,14.866557,15.273129,14.9658575,15.094995,14.803735,15.028321,15.122652,15.028176,15.065428,16.626163,16.283373,15.410944,15.128766,15.034352,15.230572,0.0,0.0,0.0,0.0,0.0,0.0,0.0,0.0
12401,2023.0,3.0,28.0,2.0,15.627726,15.511034,15.006992,14.880572,15.216686,14.919276,15.039251,14.757233,15.014277,15.112912,15.013807,15.051508,16.580532,16.24269,16.406403,17.05911,15.322882,15.758453,0.0,0.0,0.0,0.0,0.0,0.0,4.0,4.0
12402,2023.0,3.0,28.0,3.0,15.566077,15.451885,15.00832,14.907274,15.157827,14.864206,15.000441,14.740894,15.199077,15.461872,15.000951,15.031355,16.533705,16.19815,15.490842,14.964316,15.455676,15.923851,0.0,0.0,0.0,4.0,4.0,0.0,0.0,4.0
12403,2023.0,3.0,28.0,3.0,15.509082,15.398559,15.008837,14.930455,15.099668,14.808798,15.005195,14.79331,14.974093,15.050839,15.022129,15.0959215,16.48772,16.153803,14.980626,14.421563,14.967028,15.050321,0.0,0.0,0.0,0.0,0.0,0.0,0.0,0.0
12404,2023.0,3.0,28.0,3.0,15.455774,15.349407,15.009431,14.9525795,15.044762,14.758221,15.005538,14.831011,15.197416,15.486727,15.01597,15.095671,16.44477,16.113789,15.020399,14.574431,15.042153,15.206399,0.0,0.0,0.0,4.0,0.0,0.0,0.0,0.0
12405,2023.0,3.0,28.0,3.0,15.408284,15.310007,15.0095825,14.972515,14.997985,14.724949,15.006575,14.865318,14.95624,14.992852,15.018069,15.108591,16.402817,16.074228,15.127732,14.866912,14.990896,15.091242,0.0,0.0,0.0,4.0,0.0,0.0,0.0,4.0
12406,2023.0,3.0,28.0,3.0,15.352754,15.253071,15.019071,15.011999,15.003403,14.783084,15.010123,14.9045315,15.061551,15.235523,15.034133,15.152027,16.36341,16.03881,15.110768,14.845471,15.059972,15.279024,0.0,0.0,0.0,0.0,0.0,0.0,0.0,0.0
12407,2023.0,3.0,28.0,3.0,15.318587,15.237914,15.020131,15.028835,15.005423,14.821515,15.011654,14.9324,15.058449,15.194911,15.0342,15.154666,16.325228,16.004078,15.060976,14.799011,15.060757,15.266057,0.0,0.0,0.0,0.0,0.0,0.0,0.0,0.0
12408,2023.0,3.0,28.0,4.0,15.2688,15.185732,15.020316,15.045929,15.007676,14.857415,15.013151,14.959534,15.031745,15.176146,15.034891,15.164494,16.287958,15.97025,15.010073,14.751478,15.034953,15.247926,0.0,0.0,0.0,0.0,0.0,0.0,0.0,0.0
12409,2023.0,3.0,28.0,4.0,15.222134,15.143063,15.010049,15.042661,15.005569,14.879593,15.007673,14.970534,15.20398,15.508379,14.99886,15.091118,16.25262,15.939272,15.004629,14.786433,15.0174885,15.24301,0.0,0.0,0.0,4.0,4.0,0.0,0.0,0.0
12410,2023.0,3.0,28.0,4.0,15.189598,15.127906,15.01225,15.063593,15.00723,14.909372,15.009069,14.995493,14.999106,15.115641,15.008649,15.124597,16.21748,15.907702,15.005275,14.818546,15.020947,15.269804,0.0,0.0,0.0,0.0,4.0,0.0,0.0,0.0
12411,2023.0,3.0,28.0,4.0,15.1515045,15.094496,15.023148,15.102618,15.011666,14.945525,15.016957,15.034171,15.0602455,15.243019,15.035554,15.204037,16.184618,15.879506,15.006419,14.851102,15.038875,15.323551,0.0,0.0,0.0,0.0,0.0,0.0,0.0,0.0
12412,2023.0,3.0,28.0,4.0,15.1128025,15.061738,15.010312,15.090447,15.007002,14.956781,15.008063,15.034132,15.22888,15.551207,15.015384,15.169544,16.152704,15.851855,15.005704,14.869059,15.015893,15.288839,0.0,0.0,0.0,4.0,0.0,0.0,0.0,0.0
12413,2023.0,3.0,28.0,4.0,15.066458,15.012914,15.013232,15.111423,15.008649,14.981832,15.01049,15.058205,14.995417,15.118648,15.019718,15.185064,16.120571,15.823278,15.007081,14.891811,15.021585,15.31226,0.0,0.0,0.0,0.0,0.0,0.0,0.0,0.0
12414,2023.0,3.0,28.0,5.0,15.018808,14.962702,15.013594,15.126382,15.009004,15.0035,15.01107,15.078025,15.03675,15.205149,15.01904,15.190553,16.089935,15.796762,15.007044,14.910535,15.290901,15.807359,0.0,0.0,0.0,0.0,0.0,0.0,0.0,4.0
12415,2023.0,3.0,28.0,5.0,15.00135,14.971041,15.013886,15.14053,15.0095215,15.02441,15.011312,15.096105,15.017416,15.201957,15.019366,15.197786,16.059307,15.7694435,15.008225,14.929821,14.982843,15.21162,0.0,0.0,0.0,0.0,0.0,0.0,0.0,0.0
12416,2023.0,3.0,28.0,5.0,15.002882,15.00909,15.025478,15.177751,15.017482,15.060876,15.020964,15.132936,15.035526,15.264618,15.037436,15.240129,16.03023,15.7448225,15.01271,14.957124,15.063142,15.3763685,0.0,0.0,0.0,0.0,0.0,0.0,0.0,0.0
12417,2023.0,3.0,28.0,5.0,15.003626,15.035093,15.011836,15.160839,15.008593,15.059027,15.009801,15.123518,15.015688,15.239989,15.015591,15.20119,16.001276,15.719409,15.006614,14.957464,15.322411,15.844705,0.0,0.0,0.0,0.0,0.0,0.0,0.0,4.0
12418,2023.0,3.0,28.0,5.0,15.003741,15.060287,15.01485,15.17901,15.010661,15.080565,15.0126505,15.143631,15.020368,15.264585,15.020216,15.216896,15.971631,15.692724,15.00998,14.977808,14.977731,15.194658,0.0,0.0,0.0,0.0,0.0,0.0,0.0,0.0
12419,2023.0,3.0,28.0,5.0,15.005133,15.085241,15.121185,15.370335,15.010773,15.0978,15.012626,15.157954,15.020073,15.277554,15.019534,15.222475,16.797611,17.288105,15.008716,14.98967,15.001573,15.221876,4.0,0.0,0.0,0.0,0.0,4.0,0.0,4.0
12420,2023.0,3.0,28.0,6.0,15.005574,15.105983,14.998191,15.159924,15.010942,15.113276,15.012856,15.171786,15.020098,15.288504,15.019381,15.228115,16.30867,16.095938,15.009388,15.0039835,15.002829,15.240477,0.0,0.0,0.0,0.0,0.0,0.0,0.0,4.0
12421,2023.0,3.0,28.0,6.0,20.168537,24.112734,15.0173025,15.214071,19.96678,23.657461,19.837156,23.437569,15.020459,15.298313,15.019768,15.23434,20.459951,23.209047,20.45313,24.165499,19.411375,22.87714,0.0,0.0,0.0,0.0,0.0,4.0,0.0,0.0
12422,2023.0,3.0,28.0,6.0,20.943327,24.874468,15.015136,15.221547,21.008966,24.938822,20.972412,24.918747,15.1244755,15.472169,15.003746,15.192334,20.440987,22.964025,21.087105,24.878805,16.837671,17.247671,0.0,0.0,0.0,4.0,4.0,0.0,4.0,4.0
12423,2023.0,3.0,28.0,6.0,21.131096,24.721663,15.015802,15.232624,21.127111,24.653257,21.131311,24.718616,19.851595,23.670727,19.500471,22.955715,20.60611,22.9429,21.144018,24.53788,19.975235,23.410536,0.0,0.0,0.0,0.0,0.0,0.0,0.0,0.0
12424,2023.0,3.0,28.0,6.0,21.101002,24.325352,15.015257,15.23871,21.104513,24.270868,21.107544,24.335697,16.820955,17.151133,17.163952,17.782837,20.878092,23.122078,21.526518,24.780024,16.67551,16.54048,0.0,0.0,0.0,0.0,4.0,0.0,0.0,0.0
12425,2023.0,3.0,28.0,6.0,21.588102,24.813501,15.588226,16.024952,21.603163,24.769226,21.57528,24.789597,15.168845,14.962097,20.144894,23.523785,21.777056,24.50844,22.049786,25.403725,15.841321,16.005373,0.0,0.0,0.0,0.0,0.0,0.0,0.0,4.0
12426,2023.0,3.0,28.0,7.0,20.968456,23.569466,15.254712,15.531282,20.965622,23.490644,20.97649,23.57966,15.014731,14.942383,17.742105,18.330412,21.10301,23.112019,21.878576,25.086216,20.538744,24.037794,4.0,0.0,0.0,0.0,4.0,0.0,0.0,4.0
12427,2023.0,3.0,28.0,7.0,21.165674,23.852234,19.757353,23.28568,21.16724,23.778608,21.165455,23.857536,15.773465,16.163773,20.296024,23.418467,21.1313,23.076149,21.187353,23.601892,21.13021,24.65679,0.0,4.0,0.0,0.0,4.0,0.0,0.0,4.0
12428,2023.0,3.0,28.0,7.0,21.071875,23.593697,17.180504,17.672564,21.075354,23.518682,21.096073,23.634491,15.380937,15.165932,20.067781,22.605604,21.044624,22.812489,21.088305,23.347006,21.38804,24.802942,0.0,4.0,0.0,0.0,0.0,4.0,0.0,0.0
12429,2023.0,3.0,28.0,7.0,21.09563,23.538591,15.406035,15.261529,21.100647,23.458525,21.096407,23.5655,15.595966,16.050083,17.29958,17.045303,21.099329,22.84626,21.089539,23.30006,17.790556,17.580946,0.0,4.0,0.0,4.0,0.0,0.0,0.0,0.0
12430,2023.0,3.0,28.0,7.0,21.090702,23.451078,15.506491,15.690062,21.095196,23.364485,21.07161,23.44126,20.433743,24.123848,16.099604,15.771722,21.089855,22.749895,21.08793,23.253557,16.06891,15.484632,4.0,4.0,4.0,4.0,0.0,0.0,0.0,0.0
12431,2023.0,3.0,28.0,7.0,21.84737,24.628557,20.177132,23.90618,22.185293,25.040949,21.780704,24.610981,20.032703,22.994425,15.813497,15.505208,21.765219,23.729744,22.157957,24.897354,16.893482,17.54297,4.0,4.0,4.0,4.0,0.0,4.0,0.0,4.0
12432,2023.0,3.0,28.0,8.0,21.815907,24.286646,20.062502,23.11745,21.800735,24.103168,21.87391,24.530643,20.10161,22.780577,15.550358,15.252847,21.849476,23.785563,21.82125,24.125269,20.362938,23.42276,0.0,4.0,4.0,4.0,0.0,4.0,4.0,4.0
12433,2023.0,3.0,28.0,8.0,19.093502,19.350822,17.37804,17.583803,19.064285,19.166805,19.328213,19.48963,20.115814,22.585264,15.734764,15.7977085,19.621368,19.65794,19.504347,19.774904,20.03851,22.492163,4.0,4.0,4.0,0.0,4.0,4.0,4.0,4.0
12434,2023.0,3.0,28.0,8.0,18.169226,18.32136,20.244232,23.338493,17.393126,16.767694,17.951017,17.875662,17.87306,18.062607,20.379126,23.583052,18.25658,17.612692,17.822918,17.278423,20.94485,23.735844,4.0,0.0,4.0,4.0,0.0,0.0,0.0,4.0
12435,2023.0,3.0,28.0,8.0,17.839256,18.006296,20.065495,22.639019,17.330786,17.184202,16.916489,16.298462,20.420885,23.046227,17.900063,18.469175,18.442616,18.423246,18.076826,18.363064,19.896849,21.722525,0.0,4.0,0.0,0.0,4.0,4.0,4.0,4.0
12436,2023.0,3.0,28.0,8.0,16.9229,16.523754,17.34078,17.188461,16.62915,16.018959,16.296448,15.602832,17.516949,17.289188,20.310144,23.235249,18.488276,18.52791,17.244255,16.792246,21.369564,24.170753,0.0,0.0,0.0,0.0,0.0,4.0,0.0,0.0
12437,2023.0,3.0,28.0,8.0,17.103897,17.260612,16.143038,15.886661,16.769644,16.67126,16.641575,16.551477,16.008923,15.440353,18.122448,18.646442,17.685965,17.141344,17.59832,17.946968,18.426407,18.268984,0.0,4.0,4.0,0.0,4.0,0.0,4.0,0.0
12438,2023.0,3.0,28.0,9.0,16.444242,16.080961,16.368763,16.518337,16.15168,15.584611,16.702885,16.717327,15.903008,15.597303,20.356068,22.685665,18.043592,18.075912,17.682543,18.062803,17.083288,16.460724,4.0,0.0,4.0,0.0,4.0,4.0,4.0,0.0
12439,2023.0,3.0,28.0,9.0,16.721874,16.924839,20.159124,23.292112,15.689748,15.040721,16.603535,16.637379,15.749599,15.503592,20.072716,22.12091,18.148514,18.229168,16.703955,16.296577,17.394304,17.580633,0.0,0.0,4.0,0.0,0.0,4.0,0.0,4.0
12440,2023.0,3.0,28.0,9.0,16.853048,17.139261,17.797997,18.265978,16.162048,16.126532,16.507868,16.559559,16.292658,16.733109,17.92608,17.856062,18.082619,18.175968,16.108332,15.596283,20.395294,22.84784,0.0,4.0,4.0,4.0,4.0,4.0,0.0,4.0
12441,2023.0,3.0,28.0,9.0,16.790726,17.09023,16.64959,16.90564,16.334723,16.402164,15.758119,15.250764,20.831009,24.484545,20.38387,22.672052,17.331125,16.823801,15.839601,15.328147,21.247147,24.106945,4.0,4.0,0.0,0.0,4.0,0.0,0.0,0.0
12442,2023.0,3.0,28.0,9.0,16.738205,17.056591,20.226772,23.376528,15.628025,15.137291,16.0254,16.033897,17.558731,17.550606,20.062412,22.016317,17.674843,17.78122,16.726545,17.17396,18.872114,19.210915,0.0,0.0,4.0,0.0,0.0,4.0,4.0,4.0
12443,2023.0,3.0,28.0,9.0,16.687395,17.019281,17.8354,18.301378,15.91922,15.94427,16.188715,16.28833,15.733821,15.239439,18.011026,17.94008,17.136526,16.65733,16.03679,15.6289835,20.318151,22.554527,0.0,4.0,4.0,0.0,4.0,0.0,0.0,0.0
12444,2023.0,3.0,28.0,10.0,15.924219,15.645863,16.71342,16.977037,16.104174,16.22386,15.489424,15.025647,16.331284,16.748945,20.37883,22.582611,17.511297,17.64247,15.567171,15.103387,17.78156,17.523268,4.0,4.0,0.0,4.0,4.0,4.0,0.0,0.0
12445,2023.0,3.0,28.0,10.0,16.27166,16.567982,20.167006,23.141674,15.420308,14.976525,15.796784,15.851973,20.445467,23.705961,20.060844,21.939423,16.982552,16.510729,16.479097,16.972319,16.498327,15.9800005,4.0,0.0,4.0,0.0,0.0,0.0,4.0,0.0
12446,2023.0,3.0,28.0,10.0,16.471138,16.849167,20.061083,22.565247,15.73887,15.813714,15.314924,14.875509,17.479967,17.465075,18.082706,18.011873,17.393799,17.553263,15.816836,15.448304,16.31636,16.051714,0.0,4.0,0.0,0.0,4.0,4.0,0.0,0.0
12447,2023.0,3.0,28.0,10.0,15.755051,15.526936,17.786057,17.942268,15.948335,16.117702,14.998827,14.528325,16.517069,16.663933,20.37558,22.518776,17.59403,17.769577,15.375192,14.946022,16.14717,15.9237,4.0,4.0,0.0,4.0,0.0,4.0,0.0,0.0
12448,2023.0,3.0,28.0,10.0,15.374404,15.059227,20.249008,22.923578,15.280204,14.881584,15.555657,15.663303,20.469631,23.44157,18.579536,18.978277,16.880356,16.417553,15.2319565,14.806622,15.942548,15.738218,4.0,0.0,4.0,0.0,4.0,0.0,0.0,0.0
12449,2023.0,3.0,28.0,10.0,15.992544,16.337934,20.060797,22.298105,15.614412,15.734513,15.446739,15.015522,17.446495,17.364807,20.278599,22.46796,16.520245,15.995641,16.486673,17.298233,15.760426,15.566766,0.0,4.0,0.0,0.0,0.0,0.0,4.0,0.0
12450,2023.0,3.0,28.0,11.0,15.534276,15.343056,17.699303,17.612482,15.156703,14.780513,14.99663,14.612222,16.19503,15.98644,18.318485,18.487465,17.196278,17.386011,15.722088,15.426862,15.597533,15.4097185,0.0,0.0,0.0,0.0,0.0,4.0,0.0,0.0
12451,2023.0,3.0,28.0,11.0,15.186954,14.903364,16.605135,16.393414,15.525216,15.680243,15.063017,14.856026,15.919853,15.711637,17.09699,16.874496,16.690094,16.238037,16.310781,16.887121,16.437275,17.127377,0.0,4.0,0.0,0.0,0.0,0.0,4.0,4.0
12452,2023.0,3.0,28.0,11.0,15.842842,16.220829,16.812212,16.992125,15.010507,14.770152,15.792915,16.271202,15.738596,15.532021,17.136257,17.198008,16.436556,15.919648,15.511615,15.195792,20.106083,23.385326,4.0,0.0,4.0,0.0,4.0,0.0,0.0,0.0
12453,2023.0,3.0,28.0,11.0,15.416125,15.274109,20.21468,23.108152,15.432727,15.609973,15.201949,14.958226,15.552592,15.351938,20.381655,22.810257,17.135828,17.346094,15.090932,14.703546,17.12053,17.079594,0.0,4.0,0.0,0.0,0.0,4.0,0.0,0.0
12454,2023.0,3.0,28.0,11.0,15.823273,16.230991,18.295202,18.979635,15.00021,14.794121,15.021382,14.8666525,15.389893,15.195601,18.216028,18.446945,17.391678,17.623386,16.120216,16.744394,15.669037,15.237903,4.0,0.0,0.0,0.0,0.0,4.0,4.0,0.0
12455,2023.0,3.0,28.0,11.0,15.370372,15.249997,20.287441,22.917282,15.406157,15.602399,15.410308,15.6213045,15.248815,15.058039,16.889536,16.652342,17.432714,17.664646,15.479019,15.1862,15.548132,15.327916,4.0,4.0,4.0,0.0,0.0,4.0,0.0,0.0
12456,2023.0,3.0,28.0,12.0,15.767777,16.189247,20.059597,22.24527,15.602651,15.867102,15.702086,15.880145,15.126885,14.940108,16.508287,16.238237,17.466257,17.699108,15.043095,14.668283,15.468674,15.282526,0.0,4.0,0.0,0.0,0.0,4.0,0.0,0.0
12457,2023.0,3.0,28.0,12.0,20.852821,24.835918,17.725586,17.623503,20.722837,24.712553,20.843668,24.95769,15.017792,14.83076,16.285788,16.021954,20.459095,22.918541,20.889013,24.755713,16.377537,17.124487,0.0,4.0,4.0,0.0,0.0,0.0,0.0,4.0
12458,2023.0,3.0,28.0,12.0,21.046612,24.592937,17.098993,17.26923,20.955244,24.512878,20.57464,23.897146,15.007454,14.888329,16.098276,15.838057,20.864933,23.303778,21.138697,24.75086,20.3929,23.876606,4.0,4.0,0.0,0.0,0.0,0.0,4.0,4.0
12459,2023.0,3.0,28.0,12.0,21.13143,24.365305,20.26022,22.99063,21.148355,24.413544,21.195292,24.56241,15.007133,14.933193,15.929034,15.667156,21.91007,24.788523,21.589449,25.042358,20.056662,22.791319,4.0,4.0,4.0,0.0,0.0,4.0,0.0,0.0
12460,2023.0,3.0,28.0,12.0,22.022083,25.554464,20.06551,22.312454,21.930614,25.401905,21.481836,24.717396,15.635608,16.145065,16.204363,16.31524,21.51969,23.755106,22.123035,25.588926,17.273315,17.117968,0.0,4.0,0.0,4.0,4.0,0.0,0.0,0.0
12461,2023.0,3.0,28.0,12.0,20.971714,23.452803,17.6453,17.486046,20.989662,23.479046,21.062017,23.722492,20.536644,24.43472,20.43792,23.391817,21.73975,23.931286,22.217003,25.340143,16.918667,17.296911,0.0,0.0,0.0,0.0,0.0,0.0,0.0,4.0
12462,2023.0,3.0,28.0,13.0,21.101715,23.579576,17.034182,17.178818,21.107004,23.560919,21.078321,23.629465,17.190428,17.238108,17.914543,18.215422,20.994823,22.469833,20.914997,22.8731,20.375929,23.307463,4.0,4.0,4.0,0.0,0.0,0.0,0.0,4.0
12463,2023.0,3.0,28.0,13.0,21.154808,23.61596,20.257225,23.005001,21.114685,23.491524,21.121387,23.60552,16.16799,16.376987,16.810516,16.905603,21.830622,23.90237,22.471346,25.585888,20.058746,22.409286,0.0,0.0,0.0,4.0,4.0,0.0,0.0,0.0
12464,2023.0,3.0,28.0,13.0,21.105352,23.437588,18.316525,18.876942,21.109715,23.392904,21.088764,23.421017,20.649776,23.91635,20.465452,23.166834,20.950739,22.246552,20.89307,22.595879,17.457937,17.196203,4.0,0.0,4.0,0.0,4.0,0.0,0.0,0.0
12465,2023.0,3.0,28.0,13.0,22.060032,24.943409,20.295761,22.803438,21.156776,23.41297,21.160845,23.506207,17.404467,17.304537,20.05142,22.19811,21.707392,23.532324,22.157375,24.748888,16.199326,15.676291,4.0,0.0,0.0,0.0,0.0,4.0,0.0,0.0
12466,2023.0,3.0,28.0,13.0,21.848637,24.365181,20.059736,22.124111,21.084702,23.251139,21.085741,23.26999,16.013296,15.773992,17.636024,17.329376,21.859062,23.666227,21.063723,22.900713,16.083097,15.826869,0.0,0.0,4.0,0.0,0.0,4.0,0.0,0.0
12467,2023.0,3.0,28.0,13.0,21.082556,23.145676,17.748266,17.552847,21.086876,23.23349,21.090374,23.229986,15.762001,15.527739,16.623247,16.294603,21.030954,22.242792,21.082138,22.94916,15.956365,15.727748,0.0,0.0,4.0,0.0,0.0,4.0,0.0,0.0
12468,2023.0,3.0,28.0,14.0,21.08129,23.167583,17.201683,17.349596,21.08471,23.206272,21.087944,23.185696,15.552068,15.316331,16.39965,16.089468,21.087664,22.386408,21.07895,22.943535,15.774077,15.548259,4.0,0.0,4.0,0.0,0.0,0.0,0.0,0.0
12469,2023.0,3.0,28.0,14.0,19.080784,19.338005,20.250717,22.855791,18.993814,19.171154,18.560661,18.33985,15.394153,15.175752,16.189636,15.898735,19.764372,19.816374,19.03882,19.015427,15.63184,15.424752,4.0,0.0,0.0,0.0,0.0,4.0,0.0,0.0
12470,2023.0,3.0,28.0,14.0,17.891403,17.829487,20.060219,22.1941,17.67515,17.437336,17.752623,17.70638,15.251519,15.038638,15.997232,15.713232,19.206715,19.21972,17.931208,17.667051,15.499091,15.2983,0.0,0.0,4.0,0.0,0.0,4.0,0.0,0.0
12471,2023.0,3.0,28.0,14.0,17.468897,17.402733,17.742056,17.577545,17.21493,16.95531,17.547136,17.550716,15.134328,14.933516,15.8456135,15.579782,18.359884,17.815355,18.558498,19.224802,15.385775,15.195992,0.0,0.0,4.0,0.0,0.0,0.0,4.0,0.0
12472,2023.0,3.0,28.0,14.0,17.22296,17.15378,16.988811,16.674162,16.95636,16.68899,16.728954,16.195196,15.044839,14.849553,15.732886,15.475195,17.90537,17.247343,17.409292,16.980953,15.292166,15.101633,0.0,0.0,0.0,0.0,0.0,0.0,0.0,0.0
12473,2023.0,3.0,28.0,14.0,17.007307,16.942036,16.743147,16.472973,16.733768,16.470024,16.982077,16.9696,15.002281,14.846234,15.626398,15.376283,17.650032,16.994078,16.844257,16.289387,15.205372,15.015803,0.0,0.0,4.0,0.0,0.0,0.0,0.0,0.0
12474,2023.0,3.0,28.0,15.0,16.79773,16.745518,16.928614,17.070406,16.51644,16.26648,16.346352,15.838671,15.008952,14.9136305,15.52138,15.281094,18.561459,18.96872,16.550575,16.018305,15.122711,14.937591,4.0,0.0,0.0,0.0,0.0,4.0,0.0,0.0
12475,2023.0,3.0,28.0,15.0,16.613026,16.56895,20.230087,22.9803,17.035608,17.415266,15.881616,15.306065,15.008047,14.950466,15.835332,15.96052,18.498781,18.607718,16.56536,16.29896,15.049259,14.867953,4.0,4.0,0.0,0.0,4.0,4.0,0.0,0.0
12476,2023.0,3.0,28.0,15.0,16.453724,16.416689,20.092829,22.354292,16.569069,16.470734,15.65171,15.089518,15.580666,16.048563,20.32733,23.386946,18.361141,18.46998,16.50194,16.279278,15.35381,15.138403,4.0,0.0,0.0,4.0,0.0,4.0,0.0,0.0
12477,2023.0,3.0,28.0,15.0,17.094929,17.745554,20.086939,22.119131,16.543835,16.628153,15.749463,15.478211,20.440748,24.092916,17.79556,18.131983,17.635191,17.149158,16.375689,16.165407,15.113581,14.946869,4.0,4.0,0.0,0.0,0.0,0.0,0.0,0.0
12478,2023.0,3.0,28.0,15.0,17.332626,18.04241,20.079285,21.955544,16.584307,16.718533,15.74742,15.541562,17.070507,17.117369,16.286451,16.07874,17.992458,18.116238,16.256163,16.053713,15.913958,16.53404,4.0,4.0,0.0,0.0,0.0,4.0,0.0,4.0
12479,2023.0,3.0,28.0,15.0,17.043604,17.4565,20.095455,21.89995,15.884039,15.463181,15.654195,15.461812,15.4246235,15.00426,15.975383,15.73281,17.468987,17.009499,16.149668,15.9538145,20.29342,23.89772,0.0,0.0,0.0,0.0,0.0,0.0,0.0,0.0
12480,2023.0,3.0,28.0,16.0,16.912134,17.30775,18.018507,17.850786,15.489743,14.983508,15.562842,15.378488,15.300692,15.070769,15.814939,15.578132,17.079014,16.540226,16.054773,15.865482,17.123827,17.146246,0.0,0.0,0.0,0.0,0.0,0.0,0.0,0.0
12481,2023.0,3.0,28.0,16.0,16.19181,15.997017,17.32486,17.0398,16.066582,16.1845,16.242413,16.721113,15.249267,15.0545025,15.712314,15.4776325,17.744064,17.915106,15.977367,15.790966,15.981705,15.526475,0.0,4.0,4.0,0.0,0.0,4.0,0.0,0.0
12482,2023.0,3.0,28.0,16.0,15.869328,15.56904,17.072708,16.833378,15.541632,15.156406,15.802361,15.797558,15.158132,14.972047,16.011023,16.124525,17.142014,16.667976,16.944574,17.676184,15.888929,15.6532135,0.0,0.0,0.0,0.0,4.0,0.0,4.0,0.0
12483,2023.0,3.0,28.0,16.0,15.713848,15.41078,16.828833,16.59823,15.258674,14.774847,15.263188,14.858668,15.073156,14.892376,20.202642,23.13101,16.878786,16.343138,16.026033,15.717906,15.759013,15.560135,0.0,0.0,0.0,0.0,0.0,0.0,0.0,0.0
12484,2023.0,3.0,28.0,16.0,15.588064,15.299524,17.039707,17.205875,16.114092,16.529352,15.00399,14.559496,14.998695,14.843292,18.12956,18.711645,17.554161,17.73006,15.550515,15.152878,15.593939,15.403953,4.0,4.0,0.0,0.0,4.0,4.0,0.0,0.0
12485,2023.0,3.0,28.0,16.0,16.523077,17.185358,20.319258,23.076088,15.623733,15.375197,15.883575,16.324406,15.312661,15.132923,20.27067,22.974464,17.795156,17.994257,15.421269,15.020296,16.41837,17.094273,4.0,0.0,4.0,0.0,0.0,4.0,0.0,4.0
12486,2023.0,3.0,28.0,17.0,15.971011,15.874805,20.040958,22.17309,15.836377,16.009132,15.631363,15.626278,15.028899,14.872906,18.044476,18.286879,17.081793,16.63144,15.529449,15.331501,20.394218,23.810196,4.0,4.0,0.0,0.0,0.0,0.0,0.0,4.0
12487,2023.0,3.0,28.0,17.0,16.277678,16.706749,20.081964,22.039595,16.0223,16.260101,15.755412,15.988128,15.011815,14.934602,16.701447,16.488815,16.729572,16.212618,15.55048,15.373402,20.05027,22.731623,4.0,4.0,4.0,0.0,0.0,0.0,0.0,0.0
12488,2023.0,3.0,28.0,17.0,16.430853,16.861814,20.075903,21.88623,16.033691,16.271786,15.865248,16.118279,15.0077305,14.967802,16.3495,16.100193,16.61159,16.09605,16.55128,17.293697,17.34166,17.22676,4.0,4.0,4.0,0.0,0.0,0.0,4.0,0.0
12489,2023.0,3.0,28.0,17.0,16.447958,16.88247,20.09252,21.836096,15.350096,14.99629,15.194885,14.851324,15.008781,14.99983,16.133339,15.882242,16.775341,16.518145,15.772013,15.46079,16.057278,15.627869,0.0,0.0,0.0,0.0,0.0,0.0,0.0,0.0
12490,2023.0,3.0,28.0,17.0,16.458378,16.89229,18.368292,18.441502,15.693832,15.854037,15.011858,14.717594,15.008998,15.022798,15.970092,15.727732,16.818682,16.59093,15.321555,14.932898,16.915257,17.593697,4.0,4.0,0.0,0.0,0.0,0.0,0.0,4.0
12491,2023.0,3.0,28.0,17.0,15.780124,15.625181,20.248322,22.326904,15.91237,16.149927,15.511321,15.699998,15.009436,15.041421,15.825121,15.586278,17.551834,18.011427,15.190929,14.794855,20.356209,23.42758,0.0,4.0,4.0,0.0,0.0,4.0,0.0,0.0
12492,2023.0,3.0,28.0,18.0,16.151318,16.54412,18.08417,17.95393,15.926198,16.16453,15.722281,15.975041,15.00962,15.056599,15.701093,15.47063,16.851562,16.433168,15.302188,15.106683,17.443192,17.375034,0.0,4.0,4.0,0.0,0.0,0.0,0.0,0.0
12493,2023.0,3.0,28.0,18.0,21.025433,24.817709,17.521273,17.68203,20.166122,23.517096,20.109009,23.6217,15.010372,15.069811,15.589956,15.364823,21.253561,24.24856,21.118078,24.931915,16.97441,17.36475,4.0,0.0,0.0,0.0,0.0,4.0,0.0,4.0
12494,2023.0,3.0,28.0,18.0,21.054543,24.336575,20.257017,22.642914,21.155298,24.710955,20.815304,24.305073,15.539443,16.063044,15.4873085,15.264613,21.468302,24.272219,21.067755,24.43815,20.373137,23.318657,0.0,4.0,0.0,4.0,0.0,4.0,0.0,0.0
12495,2023.0,3.0,28.0,18.0,21.123158,24.117413,18.291855,18.569931,21.107677,24.192753,21.077429,24.334766,20.386457,24.321342,15.400707,15.185087,21.927881,24.751722,21.473433,24.80582,17.502495,17.373331,0.0,0.0,0.0,4.0,0.0,4.0,4.0,0.0
12496,2023.0,3.0,28.0,18.0,21.081173,23.756973,17.501348,17.74002,21.092453,23.837914,21.091614,24.021257,20.047146,23.087078,15.323328,15.112457,20.98161,22.73699,21.112474,23.781424,16.128809,15.661392,4.0,4.0,4.0,0.0,0.0,4.0,0.0,0.0
12497,2023.0,3.0,28.0,18.0,21.14826,23.709627,20.244598,22.740404,21.147678,23.739326,21.146824,23.928587,17.607546,17.955954,15.253019,15.046386,21.131126,22.91991,21.162012,23.628017,17.038137,17.725163,0.0,4.0,4.0,4.0,0.0,0.0,4.0,4.0
12498,2023.0,3.0,28.0,19.0,21.082304,23.443556,18.543283,19.108665,21.113472,23.536036,21.097097,23.638372,20.479145,23.363655,15.187233,14.979855,21.052616,22.634846,21.07029,23.281637,20.352219,23.303335,4.0,0.0,4.0,4.0,0.0,4.0,4.0,0.0
12499,2023.0,3.0,28.0,19.0,21.1545,23.486816,20.283031,22.557627,21.149597,23.471598,21.152483,23.612944,20.029247,22.350277,15.127535,14.920923,21.12684,22.706314,21.179117,23.407633,17.483795,17.340109,4.0,4.0,4.0,4.0,0.0,4.0,0.0,0.0
12500,2023.0,3.0,28.0,19.0,21.102983,23.320366,20.056845,21.92614,21.085953,23.254988,21.11293,23.447117,20.110184,22.322493,15.076706,14.8717785,21.083721,22.576147,22.843103,26.170769,16.134327,15.672445,0.0,4.0,0.0,0.0,0.0,0.0,0.0,0.0
12501,2023.0,3.0,28.0,19.0,21.096174,23.237356,17.953377,17.771591,21.083761,23.183044,21.082863,23.284225,17.634008,17.402576,15.403615,15.521003,21.04869,22.432886,20.88254,22.448645,16.041471,15.825128,0.0,4.0,4.0,0.0,4.0,4.0,0.0,0.0
12502,2023.0,3.0,28.0,19.0,21.833128,24.269596,17.486528,17.648773,21.80332,24.216972,21.755878,24.24412,16.344069,15.822192,20.352764,23.685694,21.647533,23.290516,22.143656,24.452662,15.952698,15.7637615,4.0,0.0,0.0,0.0,0.0,4.0,0.0,0.0
12503,2023.0,3.0,28.0,19.0,21.040007,22.924644,20.251125,22.65589,21.02573,22.832565,20.985674,22.866934,16.201311,15.946451,17.673914,18.085531,21.013412,22.174158,20.906208,22.306955,15.815393,15.635647,0.0,4.0,0.0,0.0,0.0,0.0,4.0,0.0
12504,2023.0,3.0,28.0,20.0,21.074188,23.005032,18.300753,18.591885,21.1016,22.98209,21.124023,23.134125,16.070305,15.855109,16.088137,15.923808,21.090729,22.336859,21.129276,22.809317,16.728365,17.479645,0.0,4.0,0.0,0.0,0.0,0.0,0.0,4.0
12505,2023.0,3.0,28.0,20.0,21.096462,23.05225,17.079649,16.944742,21.098879,22.990675,21.076408,23.065104,15.881821,15.677525,15.786159,15.584041,21.071615,22.295599,21.083145,22.729397,20.342428,23.529531,0.0,0.0,0.0,0.0,0.0,0.0,0.0,0.0
12506,2023.0,3.0,28.0,20.0,21.090797,23.018274,17.16957,17.36418,21.096193,22.96687,21.08138,23.081383,15.717043,15.521184,15.62135,15.416363,21.025679,22.214016,21.087936,22.736217,17.356035,17.242603,4.0,0.0,0.0,0.0,0.0,4.0,0.0,0.0
12507,2023.0,3.0,28.0,20.0,21.161192,23.134573,20.262619,22.912418,21.162209,23.077309,21.1641,23.244642,16.401836,16.948626,15.491742,15.285785,21.136024,22.438932,21.244356,23.0479,15.969499,15.53272,0.0,0.0,0.0,4.0,0.0,0.0,4.0,0.0
12508,2023.0,3.0,28.0,20.0,21.069952,22.967043,18.185057,18.517399,21.049015,22.850746,21.079536,23.067024,20.415339,23.644543,15.388874,15.189209,21.042093,22.212519,21.095497,22.756433,15.899635,15.701342,0.0,4.0,0.0,0.0,0.0,4.0,0.0,0.0
12509,2023.0,3.0,28.0,20.0,21.046087,22.902622,16.905634,16.781912,21.05645,22.878916,21.07918,23.057894,17.322544,17.25087,15.298242,15.098528,21.077007,22.29078,21.046385,22.613533,15.831739,15.658372,0.0,4.0,0.0,0.0,0.0,0.0,4.0,0.0
12510,2023.0,3.0,28.0,21.0,21.077785,22.987555,16.549812,16.350286,21.101263,22.950745,21.07793,23.045143,16.610624,16.85086,15.21383,15.012693,21.07011,22.259106,21.09388,22.723156,15.7079115,15.538242,0.0,0.0,0.0,4.0,0.0,0.0,0.0,0.0
12511,2023.0,3.0,28.0,21.0,21.089838,22.967665,16.820759,17.02462,21.067736,22.832464,21.053974,22.967182,20.35413,23.158468,15.145176,14.949529,21.070835,22.24329,21.083672,22.683914,15.603057,15.4380245,4.0,4.0,4.0,0.0,0.0,0.0,0.0,0.0
12512,2023.0,3.0,28.0,21.0,21.15986,23.071184,20.3209,23.136963,21.16345,23.000738,21.179062,23.211739,17.514652,17.39323,15.080655,14.88627,21.132633,22.387226,21.185532,22.866964,15.50911,15.346572,4.0,4.0,4.0,0.0,0.0,0.0,0.0,0.0
12513,2023.0,3.0,28.0,21.0,22.006926,24.53276,20.048805,22.246668,21.171534,22.99559,21.171234,23.145105,16.059351,15.57649,15.027475,14.835267,21.836443,23.612791,21.203018,22.913605,15.428146,15.268292,0.0,4.0,4.0,0.0,0.0,0.0,0.0,0.0
12514,2023.0,3.0,28.0,21.0,20.927893,22.462826,17.749226,17.603117,21.095093,22.843737,21.074987,22.918064,16.777948,17.269693,15.00052,14.826728,20.965956,21.931458,21.06753,22.645699,15.357268,15.199698,0.0,0.0,4.0,4.0,0.0,4.0,0.0,0.0
12515,2023.0,3.0,28.0,21.0,21.086332,22.78846,16.450712,15.908319,21.089342,22.81056,21.098862,22.957691,20.391006,23.25728,15.004405,14.860907,21.057207,22.1215,21.028446,22.541367,15.29509,15.139967,0.0,0.0,0.0,0.0,0.0,4.0,4.0,0.0
12516,2023.0,3.0,28.0,22.0,21.085636,22.811312,16.39376,16.12967,21.089075,22.788668,21.092915,22.917093,17.518253,17.38139,15.004253,14.88231,21.071112,22.173223,21.091204,22.666008,15.240029,15.087241,0.0,0.0,0.0,0.0,0.0,0.0,0.0,0.0
12517,2023.0,3.0,28.0,22.0,21.056862,22.725712,16.82858,17.057827,21.04276,22.699188,21.092398,22.889904,16.106884,15.631485,15.004704,14.900789,21.037224,22.079367,21.07972,22.61509,15.966771,16.506285,4.0,4.0,0.0,0.0,0.0,4.0,0.0,4.0
12518,2023.0,3.0,28.0,22.0,21.922802,24.15229,20.2111,22.94184,21.151066,22.89002,21.148771,23.020842,16.02864,15.809872,15.005174,14.915579,21.718176,23.229189,21.167854,22.765696,20.338228,23.691397,0.0,4.0,0.0,0.0,0.0,0.0,0.0,0.0
12519,2023.0,3.0,28.0,22.0,20.917645,22.312864,18.416946,19.031713,21.06695,22.70191,21.07282,22.871353,15.952624,15.7673855,15.004605,14.9237995,20.951822,21.800571,21.062925,22.564648,17.157707,17.084667,4.0,4.0,0.0,0.0,0.0,0.0,0.0,0.0
12520,2023.0,3.0,28.0,22.0,21.191149,22.895737,20.288553,22.77666,21.168163,22.908247,21.186203,23.079044,16.465757,16.871016,15.005269,14.932551,21.147057,22.215445,21.196024,22.834124,15.719261,15.334836,4.0,0.0,4.0,4.0,0.0,0.0,0.0,0.0
12521,2023.0,3.0,28.0,22.0,21.840899,24.027239,20.056356,22.067522,21.085756,22.721148,21.052725,22.812046,20.451729,23.585993,15.19765,15.293574,21.585571,22.972906,21.063885,22.565554,16.478603,17.038761,0.0,0.0,4.0,0.0,4.0,0.0,0.0,4.0
12522,2023.0,3.0,28.0,23.0,21.156803,22.844776,18.181578,18.278147,21.159132,22.829813,21.162008,22.991167,17.749432,17.97554,20.407608,23.930796,21.067215,22.017477,21.191914,22.818972,21.287477,25.013807,4.0,4.0,4.0,0.0,4.0,0.0,0.0,4.0
12523,2023.0,3.0,28.0,23.0,20.080849,20.785389,16.803041,16.314304,19.544481,19.719152,18.958479,18.756836,16.98448,17.330524,17.872795,18.577646,20.4831,20.94108,20.245518,20.94348,18.007378,18.06892,0.0,4.0,0.0,4.0,4.0,4.0,4.0,0.0
12524,2023.0,3.0,28.0,23.0,19.093554,19.183554,16.391125,15.7962265,18.322136,17.77139,17.971918,17.371729,16.206758,15.863198,16.510866,16.382578,19.27186,18.749704,18.78359,18.346924,16.69307,16.23246,0.0,0.0,0.0,0.0,0.0,0.0,0.0,0.0
12525,2023.0,3.0,28.0,23.0,18.243347,17.851143,16.972178,17.116999,17.786175,17.136137,17.55853,16.937872,16.36686,16.422401,16.465149,16.534557,18.750977,18.112083,18.1664,17.610117,16.318691,15.850968,4.0,0.0,0.0,4.0,4.0,0.0,0.0,0.0
12526,2023.0,3.0,28.0,23.0,17.843239,17.408863,16.717947,16.64546,17.480595,16.841497,17.602365,17.331303,15.853039,15.461189,16.116026,15.962111,19.275396,19.340448,17.85198,17.307371,16.296465,16.081285,0.0,0.0,0.0,0.0,0.0,4.0,0.0,0.0
12527,2023.0,3.0,28.0,23.0,17.914923,17.823019,16.926416,17.160156,17.564028,17.271086,17.489494,17.282024,16.140884,16.210228,15.868107,15.668921,18.57947,18.022074,17.873825,17.618486,16.185095,16.006413,4.0,0.0,0.0,4.0,0.0,0.0,0.0,0.0
12528,2023.0,3.0,29.0,0.0,17.82066,17.785925,16.263723,15.894467,17.484238,17.258648,17.320269,17.121925,15.664515,15.289905,15.7153845,15.515098,18.23735,17.63605,17.765436,17.552128,16.044617,15.875668,0.0,0.0,0.0,0.0,0.0,0.0,0.0,0.0
12529,2023.0,3.0,29.0,0.0,17.668228,17.637371,15.852681,15.296991,17.334038,17.114193,17.160357,16.964333,15.981136,16.074934,15.590758,15.392971,18.051138,17.455788,17.611345,17.405447,15.914244,15.749253,0.0,0.0,0.0,4.0,0.0,0.0,0.0,0.0
12530,2023.0,3.0,29.0,0.0,17.530802,17.506231,15.984196,15.726937,17.196428,16.98365,17.01839,16.828867,15.50151,15.1290455,15.484512,15.292924,18.198141,17.918264,17.470171,17.272486,16.578222,17.111681,0.0,0.0,0.0,0.0,0.0,0.0,0.0,4.0
12531,2023.0,3.0,29.0,0.0,17.402752,17.381855,15.991304,15.804947,17.067198,16.858809,16.887033,16.701239,15.23159,14.799795,15.387055,15.199543,18.177916,17.946682,17.338444,17.146023,15.983275,15.865514,0.0,0.0,0.0,0.0,0.0,0.0,0.0,0.0
12532,2023.0,3.0,29.0,0.0,17.281849,17.26082,15.916239,15.733618,16.945156,16.737411,16.763666,16.577892,15.340072,15.151781,15.295602,15.109279,18.081686,17.846306,17.212147,17.016367,15.487905,15.085696,0.0,0.0,0.0,0.0,0.0,0.0,0.0,0.0
12533,2023.0,3.0,29.0,0.0,17.168985,17.146288,15.838097,15.652912,16.830227,16.620472,16.64764,16.45935,15.3157015,15.144319,15.2048645,15.009803,17.987772,17.749228,17.09603,16.897463,15.292747,14.876244,0.0,0.0,0.0,0.0,0.0,0.0,0.0,0.0
12534,2023.0,3.0,29.0,1.0,17.072542,17.055883,15.771134,15.591016,16.733353,16.531082,16.549625,16.36862,15.252468,15.082141,15.129461,14.9366255,17.90405,17.667412,16.99377,16.79739,15.410191,15.245002,0.0,0.0,0.0,0.0,0.0,0.0,0.0,0.0
12535,2023.0,3.0,29.0,1.0,16.981922,16.969198,15.706387,15.529208,16.640812,16.442541,16.455652,16.278425,15.190638,15.021385,15.059017,14.86716,17.825617,17.590494,16.899021,16.704134,15.369105,15.208541,0.0,0.0,0.0,0.0,0.0,0.0,0.0,0.0
12536,2023.0,3.0,29.0,1.0,16.906944,16.906315,15.654207,15.488032,16.565468,16.380995,16.37902,16.215578,15.137334,14.973977,14.998775,14.819257,18.512106,18.95441,17.840452,18.554901,15.308284,15.153465,0.0,0.0,0.0,0.0,0.0,4.0,4.0,0.0
12537,2023.0,3.0,29.0,1.0,16.822916,16.82869,15.59367,15.433804,16.481169,16.30373,16.29203,16.136072,15.078079,14.917839,15.00752,14.882361,17.747772,17.288742,16.98474,16.623135,15.239207,15.087514,0.0,0.0,0.0,0.0,0.0,0.0,0.0,0.0
12538,2023.0,3.0,29.0,1.0,16.7397,16.745592,15.532754,15.374178,16.39746,16.220734,16.205618,16.050426,15.019905,14.859135,15.006995,14.915479,17.320644,16.784426,16.476954,16.03148,15.171265,15.018685,0.0,0.0,0.0,0.0,0.0,0.0,0.0,0.0
12539,2023.0,3.0,29.0,1.0,16.66639,16.675636,15.478049,15.322316,16.322529,16.149273,16.128864,15.976929,15.001793,14.873186,15.009353,14.948994,17.198486,16.669844,16.327625,15.8895035,15.111551,14.960407,0.0,0.0,0.0,0.0,0.0,0.0,0.0,0.0
12540,2023.0,3.0,29.0,2.0,16.605024,16.623747,15.433708,15.287123,16.260517,16.098513,16.810673,17.322662,15.004835,14.906102,15.006152,14.959412,17.391537,17.15928,16.45911,16.271006,15.060746,14.914535,0.0,0.0,4.0,0.0,0.0,0.0,0.0,0.0
12541,2023.0,3.0,29.0,2.0,16.543276,16.565964,15.388073,15.245696,16.197596,16.040651,16.409893,16.386906,15.004869,14.928821,15.007369,14.977812,17.426336,17.21058,16.466932,16.29035,15.747931,16.253479,0.0,0.0,0.0,0.0,0.0,0.0,0.0,4.0
12542,2023.0,3.0,29.0,2.0,16.486204,16.513086,15.345601,15.207539,16.139303,15.987521,15.809123,15.406539,15.005126,14.947407,15.007402,14.991011,17.384743,17.172632,16.413828,16.240814,15.3133335,15.198953,0.0,0.0,0.0,0.0,0.0,0.0,0.0,0.0
12543,2023.0,3.0,29.0,2.0,16.429302,16.456732,15.302378,15.165241,16.080715,15.929922,15.564465,15.109382,15.008689,14.9713125,15.01328,15.015018,17.34023,17.129034,16.357706,16.184898,15.010533,14.801039,0.0,0.0,0.0,0.0,0.0,0.0,0.0,0.0
12544,2023.0,3.0,29.0,2.0,16.381824,16.415892,15.267393,15.137167,16.032602,15.890033,15.74489,15.578089,15.4792595,15.861614,15.006272,15.008858,17.301048,17.094284,16.308537,16.140099,15.014531,14.8787985,0.0,0.0,0.0,4.0,0.0,0.0,0.0,0.0
12545,2023.0,3.0,29.0,2.0,16.334637,16.372063,15.231576,15.105214,15.9838505,15.845883,15.789135,15.66458,15.092652,14.96598,15.133187,15.24852,17.262117,17.058092,16.260416,16.094362,15.002602,14.897322,0.0,0.0,0.0,0.0,4.0,0.0,0.0,0.0
12546,2023.0,3.0,29.0,3.0,16.287264,16.32545,15.195036,15.069787,15.934409,15.797863,15.751037,15.632072,15.009046,14.978607,15.203242,15.336586,17.223341,17.020384,16.213427,16.048191,15.005008,14.936036,0.0,0.0,0.0,0.0,4.0,0.0,0.0,0.0
12547,2023.0,3.0,29.0,3.0,16.244997,16.287144,15.163624,15.042937,15.891275,15.760287,15.709001,15.595269,15.003899,14.974914,14.963111,14.924099,17.18817,16.98835,16.17092,16.0086,15.005025,14.954464,0.0,0.0,0.0,0.0,0.0,0.0,0.0,0.0
12548,2023.0,3.0,29.0,3.0,16.202518,16.246859,15.130635,15.012029,15.847152,15.718747,15.664866,15.553508,15.010299,15.0057955,15.015891,15.062608,17.153357,16.955612,16.129387,15.968859,15.008595,14.982432,0.0,0.0,0.0,0.0,0.0,0.0,0.0,0.0
12549,2023.0,3.0,29.0,3.0,16.166067,16.216993,15.101975,14.988862,15.808531,15.686573,15.625921,15.520789,15.459081,15.85328,15.004862,15.03117,17.121628,16.927767,16.091541,15.934684,15.004999,14.9881315,0.0,0.0,0.0,4.0,0.0,0.0,0.0,0.0
12550,2023.0,3.0,29.0,3.0,16.129295,16.183857,15.070929,14.959844,15.7673855,15.647737,15.584295,15.481216,15.44213,15.6304,15.009336,15.048275,17.08885,16.896704,16.053028,15.89754,15.006318,15.004166,0.0,0.0,0.0,4.0,0.0,0.0,0.0,0.0
12551,2023.0,3.0,29.0,3.0,16.095123,16.154537,15.042365,14.934901,15.7295475,15.614162,15.546008,15.446959,14.939243,14.802658,15.008461,15.053634,17.058212,16.86894,16.01725,15.864442,15.005954,15.014851,0.0,0.0,0.0,0.0,0.0,0.0,0.0,0.0
12552,2023.0,3.0,29.0,4.0,16.07498,16.149994,15.012117,14.9058485,15.690157,15.576169,15.506167,15.408242,15.025202,15.011247,15.016066,15.075806,17.027193,16.83952,15.981418,15.829892,15.011713,15.037983,0.0,0.0,0.0,0.0,0.0,0.0,0.0,0.0
12553,2023.0,3.0,29.0,4.0,16.043127,16.11953,15.001172,14.91377,15.65325,15.542102,15.468931,15.373599,15.00786,14.984172,15.122661,15.26969,16.997355,16.811638,15.947186,15.7974415,15.012066,15.045525,0.0,0.0,0.0,0.0,4.0,0.0,0.0,0.0
12554,2023.0,3.0,29.0,4.0,16.010279,16.088793,15.002284,14.9369545,15.6195135,15.51342,15.435029,15.344441,15.007457,15.010098,14.991386,15.026451,16.969107,16.786383,15.915069,15.768316,15.595186,16.147081,0.0,0.0,0.0,0.0,0.0,0.0,0.0,4.0
12555,2023.0,3.0,29.0,4.0,15.975726,16.054827,15.002675,14.956469,15.5846195,15.481414,15.400462,15.312261,15.007028,15.026426,15.012184,15.0776005,16.940514,16.75989,15.882847,15.738044,15.102506,15.023994,0.0,0.0,0.0,0.0,0.0,0.0,0.0,0.0
12556,2023.0,3.0,29.0,4.0,15.940106,16.018343,15.0047655,14.979078,15.547617,15.444383,15.363826,15.275257,15.012765,15.052556,15.017538,15.095774,16.911133,16.731203,15.849789,15.705283,15.024921,15.056166,0.0,0.0,0.0,0.0,0.0,0.0,0.0,0.0
12557,2023.0,3.0,29.0,4.0,15.90647,15.98489,15.002939,14.989171,15.515609,15.416608,15.332036,15.247353,15.005947,15.048018,15.007973,15.082442,16.884293,16.706972,15.819723,15.677765,15.424989,15.783467,0.0,0.0,0.0,0.0,0.0,0.0,0.0,4.0
12558,2023.0,3.0,29.0,5.0,15.872559,15.951188,15.003728,15.005149,15.482976,15.386774,15.29987,15.217557,15.008291,15.061654,15.009863,15.091928,16.857388,16.682201,15.789821,15.649788,14.9507065,14.862478,0.0,0.0,0.0,0.0,0.0,0.0,0.0,0.0
12559,2023.0,3.0,29.0,5.0,15.838477,15.916549,15.007024,15.026302,15.448796,15.353191,15.266156,15.184173,15.014995,15.083499,15.018402,15.114237,16.830137,16.656218,15.759558,15.620441,15.024895,15.0588455,0.0,0.0,0.0,0.0,0.0,0.0,0.0,0.0
12560,2023.0,3.0,29.0,5.0,15.806069,15.884182,15.008013,15.039782,15.417409,15.324488,15.235099,15.155532,15.014574,15.086972,15.109551,15.274179,16.804493,16.632782,15.731123,15.5939665,15.01065,15.036133,0.0,0.0,0.0,0.0,4.0,0.0,0.0,0.0
12561,2023.0,3.0,29.0,5.0,15.774816,15.853922,15.008487,15.052155,15.386625,15.29633,15.2046175,15.127423,15.0150385,15.0942955,15.016533,15.08876,16.779305,16.609785,15.70336,15.568146,15.011894,15.065184,0.0,0.0,0.0,0.0,0.0,0.0,0.0,0.0
12562,2023.0,3.0,29.0,5.0,15.74387,15.823412,15.008649,15.063621,15.356537,15.268797,15.174777,15.099909,15.01595,15.101402,15.018494,15.1230345,16.754633,16.587278,15.676322,15.543031,15.013725,15.082117,0.0,0.0,0.0,0.0,0.0,0.0,0.0,0.0
12563,2023.0,3.0,29.0,5.0,15.718482,15.803871,15.009254,15.075708,15.326724,15.241525,15.145191,15.072664,15.016423,15.107245,15.018577,15.125499,16.730305,16.565117,15.649745,15.51836,15.0148945,15.096859,0.0,0.0,0.0,0.0,0.0,0.0,0.0,0.0
12564,2023.0,3.0,29.0,6.0,15.690544,15.776973,15.010069,15.087734,15.297507,15.214781,15.116192,15.045942,15.016239,15.1116085,15.106546,15.281351,16.706434,16.543388,15.6238,15.494305,15.014491,15.1064205,0.0,0.0,0.0,0.0,4.0,0.0,0.0,0.0
12565,2023.0,3.0,29.0,6.0,20.56926,24.208122,15.005214,15.087154,20.498758,24.283636,20.34925,24.170341,15.007685,15.1006365,19.619051,22.972971,20.59674,23.140175,21.053156,24.644659,15.007965,15.103087,0.0,0.0,0.0,0.0,0.0,0.0,0.0,0.0
12566,2023.0,3.0,29.0,6.0,21.060896,24.542967,15.0055685,15.094729,21.051132,24.647717,21.073154,24.831251,15.402464,15.834957,17.596466,18.368778,21.457552,24.432852,21.95122,25.80052,15.008509,15.109539,0.0,0.0,0.0,4.0,4.0,0.0,0.0,0.0
12567,2023.0,3.0,29.0,6.0,21.1351,24.28654,15.743207,16.187593,21.13543,24.354506,21.131626,24.469753,20.486132,24.511488,20.247374,23.552181,21.703484,24.519203,22.410883,26.071806,15.924458,15.64956,0.0,0.0,0.0,0.0,0.0,4.0,0.0,0.0
12568,2023.0,3.0,29.0,6.0,21.085339,23.912893,15.087754,15.085497,21.08951,23.953148,21.093607,24.074106,17.505686,18.002598,17.778574,18.273773,20.997402,22.941818,22.004095,25.08107,15.703333,16.297514,0.0,0.0,0.0,0.0,0.0,0.0,0.0,4.0
12569,2023.0,3.0,29.0,6.0,21.083717,23.717087,15.004918,15.019152,21.087864,23.73312,21.091686,23.847164,15.808255,15.724755,16.219166,16.134335,21.091146,22.958149,20.953768,22.908981,20.35823,24.297909,0.0,0.0,0.0,0.0,0.0,0.0,0.0,0.0
12570,2023.0,3.0,29.0,7.0,21.081505,23.572708,15.005413,15.049371,21.085342,23.570255,21.088797,23.67874,15.490924,15.368693,15.835783,15.679254,21.077904,22.802149,21.09125,23.125597,17.017143,17.138584,0.0,0.0,0.0,0.0,0.0,0.0,0.0,0.0
12571,2023.0,3.0,29.0,7.0,21.077343,23.460602,15.006329,15.0745325,21.080791,23.443356,21.084347,23.548935,15.334193,15.209364,15.6177,15.454975,21.05855,22.69763,21.070093,23.029179,15.474008,15.187539,0.0,0.0,0.0,0.0,0.0,0.0,0.0,0.0
12572,2023.0,3.0,29.0,7.0,21.05102,23.30854,15.006521,15.094282,21.07906,23.348585,21.082779,23.453335,15.217603,15.094124,15.931487,16.196539,21.030424,22.567898,21.071014,22.981691,15.356959,15.239804,0.0,0.0,0.0,0.0,4.0,4.0,0.0,0.0
12573,2023.0,3.0,29.0,7.0,21.082027,23.331678,15.006764,15.109951,21.056377,23.211111,21.083847,23.381176,15.965971,16.595982,20.186966,23.443441,21.080992,22.615873,21.071568,22.937803,15.273512,15.165062,0.0,4.0,0.0,4.0,0.0,0.0,0.0,0.0
12574,2023.0,3.0,29.0,7.0,21.093096,23.266281,15.006437,15.119822,21.083534,23.23065,21.082119,23.317232,20.374247,24.022121,17.74921,18.224216,21.043669,22.462254,21.070612,22.896984,15.173827,15.069102,0.0,0.0,0.0,4.0,0.0,4.0,0.0,0.0
12575,2023.0,3.0,29.0,7.0,21.063389,23.119337,15.006879,15.128507,21.095438,23.167349,21.056688,23.198322,20.041933,22.881205,16.176985,16.071627,21.077156,22.504822,21.069298,22.859753,15.089658,14.987234,0.0,0.0,4.0,0.0,0.0,0.0,0.0,0.0
12576,2023.0,3.0,29.0,8.0,21.068007,23.07905,15.007157,15.13624,21.068563,23.027994,21.085089,23.238647,17.324415,17.300915,16.25406,16.461882,21.070713,22.448715,21.068966,22.827812,15.018954,14.91662,0.0,4.0,0.0,0.0,4.0,0.0,0.0,0.0
12577,2023.0,3.0,29.0,8.0,19.449272,19.936695,15.299838,15.678985,18.884638,18.82382,18.759771,18.711035,16.015724,15.669531,20.323172,23.492422,19.300623,19.011774,19.26449,19.32665,15.340369,15.20504,4.0,0.0,0.0,0.0,0.0,0.0,0.0,0.0
12578,2023.0,3.0,29.0,8.0,18.69433,19.091606,20.032843,23.741228,17.614727,17.197094,17.442814,17.047804,15.871357,15.701439,17.892488,18.343704,18.687557,18.46269,18.303892,18.150421,16.006594,16.712725,0.0,0.0,0.0,0.0,0.0,0.0,0.0,4.0
12579,2023.0,3.0,29.0,8.0,17.791285,17.6285,17.576738,18.31114,17.41059,17.214746,17.23459,17.061718,15.77145,15.634544,16.784513,17.011398,18.501373,18.30371,17.927862,17.755627,20.329645,24.005512,0.0,0.0,0.0,0.0,4.0,0.0,0.0,0.0
12580,2023.0,3.0,29.0,8.0,17.980316,18.35883,16.260494,16.664179,17.252146,17.108547,17.070665,16.948812,15.636814,15.507881,20.366009,23.293777,18.310589,18.120596,18.715027,19.476027,17.786259,18.428568,4.0,0.0,0.0,0.0,4.0,0.0,4.0,4.0
12581,2023.0,3.0,29.0,8.0,17.370102,17.234072,20.243673,23.64188,17.048449,16.912876,16.864058,16.74842,16.303005,16.873407,20.046505,22.36416,18.146145,17.961897,17.782267,17.51387,21.105394,24.781199,0.0,0.0,0.0,4.0,0.0,0.0,0.0,0.0
12582,2023.0,3.0,29.0,9.0,16.934908,16.728325,18.103958,18.968037,16.869076,16.738386,17.392141,17.896702,20.32459,23.69198,18.047922,18.264706,18.80864,19.347078,17.179,16.814531,18.45692,19.089334,4.0,0.0,4.0,0.0,4.0,4.0,0.0,4.0
12583,2023.0,3.0,29.0,9.0,17.46598,17.902702,20.24777,23.20905,17.424774,17.919249,16.96996,17.017794,17.931843,18.473455,20.29037,22.747005,18.051838,17.737165,16.949455,16.588072,21.387308,24.86981,0.0,4.0,0.0,4.0,0.0,0.0,0.0,0.0
12584,2023.0,3.0,29.0,9.0,16.982628,16.91764,17.732641,17.974895,17.6606,18.257048,17.01895,17.306484,20.307434,23.19125,17.967548,17.988365,17.594955,17.188227,16.964842,16.792692,18.240782,18.361275,0.0,4.0,4.0,0.0,0.0,0.0,0.0,0.0
12585,2023.0,3.0,29.0,9.0,16.604841,16.45049,16.868126,17.21126,17.419096,17.780708,16.441916,16.214254,17.71363,17.789295,16.855923,16.694473,18.22212,18.507467,18.005056,18.823744,16.647879,16.360613,4.0,4.0,0.0,0.0,0.0,4.0,4.0,0.0
12586,2023.0,3.0,29.0,9.0,16.471497,16.313461,20.290318,23.264301,17.310953,17.638142,16.134335,15.807729,17.395805,17.658117,17.037876,17.221199,17.673128,17.36708,17.115414,16.921284,17.394714,18.071218,0.0,4.0,0.0,4.0,4.0,0.0,0.0,4.0
12587,2023.0,3.0,29.0,9.0,16.54951,16.592558,18.341011,19.093212,16.616238,16.394169,15.986343,15.672682,20.343126,22.992989,20.336403,22.954498,18.12827,18.452251,16.619896,16.320871,21.375683,24.818789,4.0,0.0,0.0,0.0,4.0,4.0,0.0,0.0
12588,2023.0,3.0,29.0,10.0,16.55989,16.649393,20.282894,22.972456,16.23124,15.919182,16.78645,17.30547,17.851599,17.871807,20.044052,22.126247,18.361477,18.713285,17.531906,18.159397,18.354492,18.494072,0.0,0.0,4.0,0.0,0.0,4.0,4.0,0.0
12589,2023.0,3.0,29.0,10.0,16.501982,16.600065,18.234266,18.694166,16.771065,17.058195,16.332884,16.239056,16.608744,16.30703,17.982916,17.966072,18.402107,18.758535,16.917614,16.716528,17.637733,18.154175,4.0,4.0,0.0,0.0,0.0,4.0,0.0,4.0
12590,2023.0,3.0,29.0,10.0,16.445099,16.54344,20.244476,22.560757,16.300163,16.119017,16.662601,16.991104,16.477821,16.31245,17.274584,17.063383,17.702122,17.424658,17.652744,18.286768,20.329283,22.948503,4.0,0.0,4.0,0.0,0.0,0.0,4.0,0.0
12591,2023.0,3.0,29.0,10.0,16.387295,16.493372,20.057322,22.0698,15.97236,15.696243,16.851738,17.256035,16.347147,16.21388,17.032782,16.85057,17.364908,17.014881,17.97176,18.626675,17.873047,17.913275,0.0,0.0,4.0,0.0,0.0,0.0,4.0,0.0
12592,2023.0,3.0,29.0,10.0,16.338835,16.452494,18.374262,18.732847,15.866715,15.593436,16.236244,16.11011,16.94293,17.482397,16.809687,16.643375,18.035103,18.380665,18.034416,18.692255,17.547617,18.052584,4.0,0.0,0.0,4.0,0.0,4.0,4.0,4.0
12593,2023.0,3.0,29.0,10.0,16.291752,16.406132,20.234962,22.32721,15.957826,15.850533,15.932338,15.682062,20.343828,23.35344,17.060139,17.253069,18.239666,18.636433,17.110178,16.927628,20.334316,22.983774,4.0,0.0,0.0,4.0,4.0,4.0,0.0,0.0
12594,2023.0,3.0,29.0,11.0,16.249079,16.370768,20.120054,22.012629,16.706535,17.276157,16.492792,16.848742,21.195457,24.272453,20.40447,22.956154,18.30089,18.698647,16.663235,16.394367,17.869322,17.907194,4.0,4.0,4.0,0.0,0.0,4.0,0.0,0.0
12595,2023.0,3.0,29.0,11.0,16.21337,16.339796,20.070002,21.843092,16.39173,16.493416,16.126986,16.039938,18.546179,18.735666,18.58836,19.175646,18.354435,18.75662,16.516693,16.248451,16.689768,16.436417,4.0,0.0,0.0,0.0,4.0,4.0,0.0,0.0
12596,2023.0,3.0,29.0,11.0,16.178732,16.30917,20.08219,21.831005,15.910712,15.73249,16.477613,16.873451,16.938904,16.642437,20.279673,22.573782,18.3998,18.807339,16.422497,16.16392,16.487213,16.351522,0.0,0.0,4.0,0.0,0.0,4.0,0.0,0.0
12597,2023.0,3.0,29.0,11.0,16.922039,17.737045,18.296831,18.371328,16.430807,16.81934,16.083126,16.01725,16.552032,16.249317,18.192495,18.250238,18.439653,18.852552,16.348425,16.100264,16.346588,16.233028,0.0,4.0,0.0,0.0,0.0,4.0,0.0,0.0
12598,2023.0,3.0,29.0,11.0,16.46064,16.709791,18.06936,18.361973,16.637585,17.10739,15.805562,15.608681,16.516298,16.36249,17.256323,16.882809,17.72413,17.485281,16.416279,16.299282,16.225588,16.116108,4.0,4.0,0.0,0.0,0.0,0.0,0.0,0.0
12599,2023.0,3.0,29.0,11.0,16.837833,17.486034,20.218315,22.335196,16.078285,16.027819,16.40325,16.812733,16.427765,16.304913,17.152134,16.954681,17.476986,17.162191,16.414707,16.317863,17.068218,17.809511,4.0,0.0,4.0,0.0,0.0,0.0,0.0,4.0
12600,2023.0,3.0,29.0,12.0,16.360147,16.45492,20.03808,21.826738,15.75531,15.590709,16.658789,17.140242,16.300058,16.187876,17.017864,16.860008,17.369246,17.062859,16.383202,16.291931,20.339315,23.349474,4.0,0.0,4.0,0.0,0.0,0.0,0.0,0.0
12601,2023.0,3.0,29.0,12.0,21.125008,24.961079,20.065271,21.792147,20.961657,24.747633,20.948088,24.517765,16.176014,16.064463,16.84115,16.689627,21.874956,24.779839,21.54841,25.248672,18.363382,19.044424,4.0,0.0,0.0,0.0,0.0,4.0,0.0,4.0
12602,2023.0,3.0,29.0,12.0,21.007013,24.138895,20.07844,21.77282,20.995485,24.196465,21.040339,24.142368,16.069498,15.960653,16.688679,16.542162,21.37096,23.610983,22.370148,26.170303,20.331667,22.93679,0.0,4.0,4.0,0.0,0.0,0.0,0.0,4.0
12603,2023.0,3.0,29.0,12.0,21.084007,23.92228,18.658304,18.986006,21.114513,24.029306,21.08723,23.881802,15.982662,15.878018,16.952873,17.155869,20.980541,22.680464,20.892326,23.10684,20.017408,22.076944,4.0,0.0,4.0,0.0,4.0,4.0,0.0,4.0
12604,2023.0,3.0,29.0,12.0,21.146456,23.82111,20.316542,22.40397,21.137558,23.775564,21.149527,23.78411,16.739628,17.378176,20.414349,23.020273,21.132349,22.857271,22.183023,25.004541,21.237862,24.167244,4.0,4.0,0.0,4.0,0.0,0.0,0.0,0.0
12605,2023.0,3.0,29.0,12.0,21.089865,23.528362,20.033854,21.714703,21.099005,23.520144,21.071009,23.430433,20.356386,23.50347,18.293346,18.625288,21.03759,22.532167,21.040218,22.989916,19.20242,19.78806,4.0,0.0,4.0,0.0,0.0,4.0,0.0,4.0
12606,2023.0,3.0,29.0,13.0,21.062893,23.323265,20.063334,21.697098,21.091385,23.359165,21.07417,23.309807,18.206617,18.7762,17.07885,16.962103,21.070894,22.533577,21.071507,22.959936,20.25978,22.217073,4.0,0.0,4.0,4.0,0.0,0.0,0.0,0.0
12607,2023.0,3.0,29.0,13.0,21.06549,23.234138,20.058529,21.638012,21.050856,23.17956,21.094713,23.275536,20.3324,22.977732,16.807121,16.666412,21.034348,22.370691,21.06563,22.875044,18.243195,18.191982,4.0,4.0,0.0,0.0,0.0,4.0,0.0,0.0
12608,2023.0,3.0,29.0,13.0,21.062696,23.157034,20.075449,21.651272,21.070345,23.12921,21.064281,23.118933,17.965523,18.03269,16.670511,16.537323,21.038002,22.328041,21.06471,22.813396,17.235546,16.955,0.0,4.0,4.0,0.0,0.0,4.0,0.0,0.0
12609,2023.0,3.0,29.0,13.0,21.086746,23.166674,18.761515,19.086172,21.089817,23.120348,21.06787,23.070341,17.530573,17.932417,16.567053,16.444931,21.035944,22.283907,21.063257,22.760494,16.921677,16.651096,4.0,0.0,4.0,4.0,0.0,4.0,0.0,0.0
12610,2023.0,3.0,29.0,13.0,21.079735,23.099176,20.225796,22.119732,21.059341,22.98196,21.089884,23.089735,20.325968,22.783796,16.477951,16.361761,21.034796,22.248081,21.023708,22.612692,16.849257,16.721321,4.0,4.0,0.0,4.0,0.0,4.0,4.0,0.0
12611,2023.0,3.0,29.0,13.0,21.05056,22.976208,20.042103,21.667572,21.061964,22.94374,21.081972,23.032778,20.030565,21.973255,16.401447,16.29086,21.063251,22.29354,21.040258,22.597273,16.744785,16.63354,0.0,4.0,0.0,0.0,0.0,0.0,4.0,0.0
12612,2023.0,3.0,29.0,14.0,21.08218,23.023836,18.749249,19.109589,21.08527,22.973206,21.082636,22.997437,18.692764,19.185,16.343565,16.243086,21.056786,22.246223,21.037434,22.555618,16.629469,16.531464,4.0,0.0,0.0,4.0,0.0,0.0,4.0,0.0
12613,2023.0,3.0,29.0,14.0,19.19552,19.36681,20.225779,22.14858,19.172512,19.269018,19.33686,19.637848,20.263788,22.281448,16.289436,16.192926,19.627804,19.470367,20.089375,20.702496,16.52882,16.439795,4.0,0.0,0.0,4.0,0.0,0.0,4.0,0.0
12614,2023.0,3.0,29.0,14.0,18.876986,19.425617,20.046799,21.688412,18.691416,19.029575,18.935375,19.520452,20.046787,21.72845,16.240822,16.147964,19.657421,19.990751,18.80421,18.61443,16.439194,16.355156,0.0,4.0,4.0,0.0,0.0,4.0,0.0,0.0
12615,2023.0,3.0,29.0,14.0,18.220762,18.277533,18.453482,18.569351,18.609518,19.000189,18.864418,19.48466,18.32456,18.316584,16.20067,16.112612,19.041548,18.81082,18.230803,17.96104,17.303951,18.060764,0.0,4.0,4.0,0.0,0.0,0.0,0.0,4.0
12616,2023.0,3.0,29.0,14.0,17.839235,17.78661,17.841581,17.789349,17.884201,17.753408,18.003939,17.959177,17.620062,17.352823,16.171108,16.086088,18.710516,18.388708,18.001043,17.728422,20.340345,23.227291,0.0,0.0,0.0,0.0,0.0,0.0,0.0,0.0
12617,2023.0,3.0,29.0,14.0,17.598778,17.554686,17.57129,17.539757,17.430187,17.219381,17.439764,17.262478,17.424093,17.280935,16.139227,16.058193,18.525164,18.214203,17.807085,17.551144,17.910563,18.06354,0.0,0.0,0.0,0.0,0.0,0.0,0.0,0.0
12618,2023.0,3.0,29.0,15.0,17.5801,17.677242,17.374556,17.339445,17.920006,18.295168,17.221357,17.028776,17.283634,17.161518,16.111635,16.033066,19.343752,19.90074,17.78172,17.64831,17.080357,16.879763,0.0,4.0,0.0,0.0,0.0,4.0,0.0,0.0
12619,2023.0,3.0,29.0,15.0,17.497925,17.625101,17.663218,18.029882,18.026669,18.489216,17.905464,18.478098,17.139053,17.026848,16.085587,16.010569,18.66044,18.483421,17.70362,17.593304,17.892183,18.62577,4.0,4.0,4.0,0.0,0.0,0.0,0.0,4.0
12620,2023.0,3.0,29.0,15.0,17.392923,17.521477,20.255178,22.596258,17.375511,17.305593,17.339334,17.342817,17.01473,16.910294,16.061543,15.989767,18.359188,18.08018,17.612402,17.510477,20.287138,22.752043,4.0,0.0,0.0,0.0,0.0,0.0,0.0,0.0
12621,2023.0,3.0,29.0,15.0,18.048782,18.854881,20.037563,21.932323,16.99836,16.839983,16.896528,16.768593,17.639029,18.207476,16.039368,15.970756,18.227596,17.956514,17.515388,17.420908,18.802025,19.50839,0.0,0.0,0.0,4.0,0.0,0.0,0.0,4.0
12622,2023.0,3.0,29.0,15.0,18.284332,19.129362,18.348234,18.542395,16.846203,16.691263,16.732964,16.59807,20.311295,22.774641,16.022108,15.957272,18.253765,18.11758,17.427208,17.338047,20.28431,22.479708,0.0,0.0,0.0,0.0,0.0,0.0,0.0,0.0
12623,2023.0,3.0,29.0,15.0,17.54078,17.706015,17.932316,18.330778,16.832941,16.787418,16.720316,16.689476,18.206837,18.35172,16.005743,15.944408,18.235237,18.125296,18.415686,19.278423,18.268501,18.357597,4.0,0.0,0.0,0.0,0.0,0.0,4.0,0.0
12624,2023.0,3.0,29.0,16.0,17.212864,17.247368,20.266758,22.473251,16.795557,16.776876,16.685339,16.679312,18.110998,18.512878,15.991605,15.933047,18.188189,18.085135,18.569021,19.331202,18.3952,18.952837,4.0,0.0,0.0,4.0,0.0,0.0,4.0,4.0
12625,2023.0,3.0,29.0,16.0,17.059107,17.086895,20.03911,21.838116,16.724874,16.711962,16.617102,16.615849,20.279873,22.337194,15.977106,15.91922,18.133604,18.033924,17.673962,17.596638,20.255795,22.239231,0.0,0.0,0.0,0.0,0.0,0.0,0.0,0.0
12626,2023.0,3.0,29.0,16.0,16.962881,17.000498,18.41823,18.607758,17.368292,17.98114,16.550743,16.55167,18.408579,18.49838,15.964626,15.907772,18.08221,17.984974,17.269632,17.099901,18.3806,18.448534,0.0,4.0,0.0,0.0,0.0,0.0,0.0,0.0
12627,2023.0,3.0,29.0,16.0,17.771616,18.597845,18.062786,18.265287,16.961819,17.104174,16.498068,16.499512,17.662636,17.433308,15.955042,15.898772,18.040474,17.944277,17.15935,16.980896,17.666515,17.45193,4.0,0.0,0.0,0.0,0.0,0.0,0.0,0.0
12628,2023.0,3.0,29.0,16.0,17.844688,18.568348,20.223455,22.225693,16.609827,16.526213,16.44883,16.452894,17.51758,17.389423,15.944512,15.888995,18.802341,19.425373,17.08778,16.91314,18.411842,19.102312,4.0,0.0,0.0,0.0,0.0,4.0,0.0,4.0
12629,2023.0,3.0,29.0,16.0,17.196823,17.34594,20.024254,21.669146,16.457964,16.351448,16.397608,16.403912,17.367203,17.26109,15.932747,15.877764,18.240234,18.128643,17.101662,17.013283,20.241041,22.223839,4.0,0.0,0.0,0.0,0.0,0.0,0.0,0.0
12630,2023.0,3.0,29.0,17.0,17.608374,18.301073,20.054152,21.630222,17.184278,17.79478,17.073744,17.714334,17.213202,17.113773,15.922512,15.868246,17.895193,17.681028,17.08457,17.009678,18.38805,18.456291,4.0,4.0,4.0,0.0,0.0,0.0,0.0,0.0
12631,2023.0,3.0,29.0,17.0,17.14395,17.272898,20.049118,21.553963,17.3741,17.9252,17.368454,18.058737,17.07983,16.98327,15.913841,15.859865,17.803192,17.58015,17.043589,16.971039,17.441683,17.23667,4.0,4.0,4.0,0.0,0.0,0.0,0.0,0.0
12632,2023.0,3.0,29.0,17.0,16.83978,16.892853,20.049171,21.506319,17.372171,17.911434,17.298546,17.854345,16.969322,16.878664,16.324883,16.640139,18.686087,19.320604,17.004635,16.934175,17.2708,17.1634,4.0,4.0,4.0,0.0,4.0,4.0,0.0,0.0
12633,2023.0,3.0,29.0,17.0,16.739784,16.789213,20.066158,21.517271,17.396051,17.931503,17.28737,17.8298,16.873425,16.787653,20.27802,23.176966,18.857393,19.3671,16.969015,16.900328,17.147572,17.057095,0.0,4.0,4.0,0.0,0.0,4.0,0.0,0.0
12634,2023.0,3.0,29.0,17.0,17.547644,18.375292,18.645466,18.760489,16.821917,16.845678,16.711998,16.73993,16.789772,16.708588,18.16376,18.675306,18.16267,18.029907,16.936237,16.868935,17.020203,16.935822,0.0,0.0,0.0,0.0,0.0,0.0,0.0,0.0
12635,2023.0,3.0,29.0,17.0,16.999313,17.167276,18.543629,18.902227,17.2332,17.734879,16.433584,16.338125,16.725447,16.64613,17.540558,17.80876,17.916805,17.684202,16.90861,16.842043,16.924673,16.841928,4.0,4.0,0.0,0.0,4.0,0.0,0.0,0.0
12636,2023.0,3.0,29.0,18.0,16.746284,16.802174,20.206299,21.924461,17.357838,17.894487,16.32896,16.227352,17.428791,18.026642,20.281408,22.66047,17.835165,17.602413,16.882698,16.817785,16.839354,16.761814,4.0,4.0,0.0,4.0,0.0,0.0,0.0,0.0
12637,2023.0,3.0,29.0,18.0,21.253681,24.80146,20.02584,21.46393,21.271559,24.66765,21.180906,24.808176,20.313705,22.887932,18.448479,18.783184,21.874193,24.606556,22.489061,26.266973,16.747574,16.67068,4.0,0.0,0.0,4.0,0.0,0.0,4.0,0.0
12638,2023.0,3.0,29.0,18.0,20.987234,23.773384,20.049025,21.446175,21.027325,23.742699,21.008932,23.940935,20.038395,22.029316,17.34295,17.27091,20.94282,22.720577,21.060219,23.559092,16.667707,16.592709,4.0,0.0,0.0,0.0,0.0,0.0,0.0,0.0
12639,2023.0,3.0,29.0,18.0,21.095785,23.675346,20.045668,21.395514,21.0941,23.576132,21.086145,23.757229,18.75429,19.287333,17.069212,16.965467,21.039484,22.700216,21.050827,23.20477,16.601923,16.529621,4.0,0.0,0.0,4.0,0.0,4.0,4.0,0.0
12640,2023.0,3.0,29.0,18.0,21.078272,23.415483,20.063332,21.412912,21.046545,23.282743,21.051428,23.444817,20.28182,22.287249,16.92029,16.818455,21.065813,22.613718,21.079216,23.07901,16.546772,16.47734,0.0,4.0,4.0,0.0,0.0,0.0,0.0,0.0
12641,2023.0,3.0,29.0,18.0,21.077854,23.254116,18.682394,18.740175,21.065044,23.167578,21.07868,23.364834,18.404703,18.429663,16.804556,16.71002,21.059078,22.47899,21.070707,22.904211,16.499369,16.432781,0.0,4.0,0.0,0.0,0.0,0.0,0.0,0.0
12642,2023.0,3.0,29.0,19.0,21.035156,23.058254,17.78956,17.55913,21.083347,23.113386,21.057714,23.163908,17.449097,17.206697,16.700815,16.607124,21.056389,22.382692,21.066837,22.77824,16.456879,16.391985,0.0,0.0,4.0,0.0,0.0,0.0,0.0,0.0
12643,2023.0,3.0,29.0,19.0,21.055635,23.00679,18.130413,18.471518,21.05363,22.945335,21.06262,23.072126,17.32216,17.208082,16.613005,16.52415,21.016018,22.235786,21.056808,22.687275,16.420053,16.357477,4.0,4.0,4.0,0.0,0.0,4.0,0.0,0.0
12644,2023.0,3.0,29.0,19.0,21.078169,23.003971,20.234343,22.179733,21.082684,22.955797,21.085508,23.06047,18.003866,18.602327,16.944387,17.22014,21.032822,22.216661,21.057665,22.632063,16.386744,16.326075,0.0,0.0,0.0,4.0,4.0,4.0,0.0,0.0
12645,2023.0,3.0,29.0,19.0,21.160294,23.107248,18.717236,19.036657,21.16074,23.053123,21.16026,23.143324,21.379541,24.27697,20.439024,23.044842,21.13467,22.398703,21.20574,22.88202,16.355595,16.295647,0.0,0.0,0.0,0.0,0.0,0.0,0.0,0.0
12646,2023.0,3.0,29.0,19.0,21.07079,22.873213,17.799847,17.810083,21.050901,22.762707,21.078135,22.919943,19.002056,19.148808,18.352377,18.734016,21.054184,22.194498,21.055328,22.53884,16.32443,16.26124,0.0,4.0,0.0,0.0,0.0,0.0,0.0,0.0
12647,2023.0,3.0,29.0,19.0,21.031864,22.757381,17.535248,17.499628,21.05504,22.73591,21.063833,22.871412,17.618189,17.367731,17.20711,17.159714,21.024351,22.082594,21.054869,22.506365,17.24801,18.028677,0.0,4.0,0.0,0.0,0.0,4.0,0.0,4.0
12648,2023.0,3.0,29.0,20.0,21.05041,22.756786,17.370728,17.329851,21.053951,22.704618,21.064856,22.851252,17.444237,17.318825,17.329958,17.575718,21.058764,22.149021,21.054264,22.47737,20.314259,23.098122,0.0,4.0,0.0,0.0,4.0,0.0,0.0,0.0
12649,2023.0,3.0,29.0,20.0,21.073755,22.79381,17.235582,17.192919,21.053276,22.677366,21.063744,22.82647,18.117622,18.703053,20.333506,22.76165,21.052706,22.110868,21.053694,22.451534,17.898045,17.951027,0.0,4.0,0.0,4.0,0.0,0.0,0.0,0.0
12650,2023.0,3.0,29.0,20.0,21.067892,22.74987,17.57443,17.923386,21.052513,22.652117,21.062868,22.80213,20.28089,22.350557,18.728374,19.29872,21.02303,22.01037,21.053123,22.42813,16.847492,16.65721,4.0,4.0,0.0,0.0,4.0,4.0,0.0,0.0
12651,2023.0,3.0,29.0,20.0,21.187805,22.940334,20.287828,22.634037,21.051819,22.628614,21.062365,22.780119,18.32884,18.29372,20.273117,22.356146,21.137995,22.246712,21.052628,22.406761,16.755838,16.669657,0.0,4.0,0.0,0.0,0.0,0.0,0.0,0.0
12652,2023.0,3.0,29.0,20.0,21.07176,22.703133,18.57988,18.992043,21.05123,22.606619,21.061731,22.759323,17.391045,17.124372,18.373034,18.409697,21.02145,21.974075,21.051968,22.386684,16.693857,16.616978,0.0,4.0,0.0,0.0,0.0,4.0,0.0,0.0
12653,2023.0,3.0,29.0,20.0,21.064846,22.667696,17.51484,17.5045,21.075504,22.654072,21.035183,22.669893,17.311192,17.19222,17.47219,17.348503,21.057379,22.054703,21.050783,22.36692,16.616167,16.539732,0.0,0.0,4.0,0.0,0.0,0.0,0.0,0.0
12654,2023.0,3.0,29.0,21.0,21.064472,22.64677,17.770891,18.161287,21.068075,22.615265,21.065647,22.739918,17.230316,17.120422,17.27186,17.143505,21.049896,22.023247,21.049755,22.349365,16.550718,16.47504,4.0,0.0,0.0,0.0,0.0,0.0,0.0,0.0
12655,2023.0,3.0,29.0,21.0,21.16507,22.853619,20.263493,22.502449,21.153559,22.761452,21.153133,22.87152,17.134089,17.033438,17.120337,17.000116,21.124065,22.154613,21.203514,22.640856,16.497934,16.424831,0.0,0.0,0.0,0.0,0.0,0.0,0.0,0.0
12656,2023.0,3.0,29.0,21.0,21.053457,22.626799,18.38196,18.545677,21.054836,22.567282,21.046888,22.604553,17.046766,16.950378,17.377386,17.599415,21.038685,21.989542,21.049713,22.31478,16.45028,16.37761,0.0,0.0,4.0,0.0,4.0,0.0,0.0,0.0
12657,2023.0,3.0,29.0,21.0,21.05321,22.623585,17.295343,17.085438,21.056465,22.569519,21.076462,22.66192,16.97203,16.879354,20.329119,22.677166,21.040056,21.99426,21.049858,22.302471,16.409655,16.337511,0.0,0.0,0.0,0.0,0.0,0.0,0.0,0.0
12658,2023.0,3.0,29.0,21.0,21.026632,22.545923,17.18896,17.106125,21.055788,22.563568,21.0698,22.624891,17.69264,18.30172,18.497948,18.803122,21.009764,21.914194,21.049263,22.288992,16.374844,16.303434,0.0,0.0,0.0,4.0,0.0,4.0,0.0,0.0
12659,2023.0,3.0,29.0,21.0,21.05805,22.627281,17.134726,17.08936,21.05536,22.555813,21.056406,22.603094,20.303148,22.682905,17.442352,17.361736,21.055798,22.007328,21.04885,22.276028,16.344677,16.273848,0.0,0.0,0.0,0.0,0.0,0.0,0.0,0.0
12660,2023.0,3.0,29.0,22.0,21.063824,22.60439,17.037819,16.99687,21.055065,22.546917,21.057829,22.604511,18.198057,18.22067,17.190882,17.081778,21.048534,21.971676,21.048517,22.26345,16.318348,16.24809,0.0,0.0,0.0,0.0,0.0,0.0,0.0,0.0
12661,2023.0,3.0,29.0,22.0,21.032974,22.496492,16.941128,16.893938,21.053564,22.535048,21.0562,22.597496,17.199514,16.946047,17.039537,16.91994,21.047771,21.951492,21.047117,22.249224,16.29299,16.220943,0.0,0.0,0.0,0.0,0.0,0.0,0.0,0.0
12662,2023.0,3.0,29.0,22.0,21.068716,22.571003,17.35106,17.734295,21.054155,22.526016,21.056894,22.592447,17.141804,17.029453,16.9291,16.814695,21.006733,21.856989,21.04775,22.23875,16.270735,16.197924,4.0,0.0,0.0,0.0,0.0,4.0,0.0,0.0
12663,2023.0,3.0,29.0,22.0,21.149471,22.712532,20.267738,22.755518,21.05411,22.515535,21.056885,22.585196,17.73546,18.21184,16.832127,16.719702,21.127163,22.102993,21.04752,22.227089,16.250471,16.176958,0.0,0.0,0.0,4.0,0.0,0.0,0.0,0.0
12664,2023.0,3.0,29.0,22.0,21.034922,22.443895,18.480145,18.908138,21.05389,22.504528,21.0567,22.576805,20.288605,22.545837,16.750473,16.640263,21.04753,21.923193,21.047297,22.21575,16.231323,16.1565,0.0,0.0,0.0,0.0,0.0,0.0,0.0,0.0
12665,2023.0,3.0,29.0,22.0,21.039932,22.444477,17.833174,18.233526,21.053593,22.493464,21.0566,22.567953,18.247906,18.236568,16.995874,17.16334,21.048096,21.907976,21.04715,22.204838,16.973173,17.570768,4.0,0.0,0.0,0.0,4.0,0.0,0.0,4.0
12666,2023.0,3.0,29.0,23.0,21.205597,22.768347,20.281988,22.543127,21.028427,22.4134,21.0563,22.557358,17.267555,16.991478,20.352213,22.90198,21.158842,22.137918,21.046747,22.193836,21.771269,25.644695,0.0,4.0,0.0,0.0,4.0,0.0,0.0,0.0
12667,2023.0,3.0,29.0,23.0,19.581125,19.65768,18.37607,18.543673,19.71446,19.916788,19.671146,19.885098,17.197338,17.062212,18.40611,18.746689,20.739109,21.293728,19.822977,19.829487,19.145807,19.80605,0.0,0.0,0.0,0.0,0.0,4.0,0.0,4.0
12668,2023.0,3.0,29.0,23.0,18.929905,18.765352,17.501665,17.229353,18.82938,18.523348,18.997238,18.934566,17.779549,18.215027,17.554255,17.43556,19.722996,19.41271,19.321545,19.17184,17.754253,17.569618,0.0,0.0,0.0,4.0,0.0,0.0,0.0,0.0
12669,2023.0,3.0,29.0,23.0,18.651663,18.482826,17.440493,17.338768,18.470755,18.116762,18.711088,18.628788,17.337917,17.266216,17.676498,17.822742,19.333076,18.92933,19.091722,18.94062,17.334368,17.066916,0.0,0.0,0.0,0.0,4.0,0.0,0.0,0.0
12670,2023.0,3.0,29.0,23.0,18.670889,18.73294,17.348768,17.282808,18.471882,18.347906,18.493984,18.4047,16.986156,16.721395,17.685966,17.865908,19.146313,18.745205,18.907444,18.756266,17.10629,16.835346,0.0,0.0,0.0,0.0,4.0,0.0,0.0,0.0
12671,2023.0,3.0,29.0,23.0,18.564749,18.648842,17.24633,17.190557,18.358423,18.262272,18.331337,18.255928,16.869036,16.60964,17.170313,16.926695,19.981522,20.49305,18.763815,18.625734,17.863375,18.426863,0.0,0.0,0.0,0.0,0.0,4.0,0.0,4.0
12672,2023.0,3.0,30.0,0.0,18.443449,18.532763,17.150845,17.097223,18.227655,18.137648,18.869532,19.400316,17.532368,17.954924,16.90085,16.592905,19.24231,18.964338,18.632364,18.499619,17.926159,18.396584,0.0,0.0,4.0,4.0,0.0,0.0,0.0,4.0
12673,2023.0,3.0,30.0,0.0,18.33136,18.422342,17.064564,17.011374,18.106955,18.019178,18.376318,18.435747,17.144485,17.079205,16.92404,16.769247,18.916946,18.542498,18.514496,18.38483,17.910824,18.364529,0.0,0.0,0.0,0.0,0.0,0.0,0.0,4.0
12674,2023.0,3.0,30.0,0.0,18.23156,18.325792,16.988098,16.936914,17.999207,17.915514,17.877954,17.62499,16.832739,16.59341,17.212757,17.36695,18.787226,18.417334,18.410532,18.285248,17.169003,16.971636,0.0,0.0,0.0,0.0,4.0,0.0,0.0,0.0
12675,2023.0,3.0,30.0,0.0,18.140789,18.2378,16.918768,16.869349,17.901184,17.82115,17.660736,17.373335,17.297813,17.557482,16.978657,16.890991,19.657768,20.192015,18.316656,18.195084,16.889286,16.642288,0.0,0.0,0.0,4.0,0.0,4.0,0.0,0.0
12676,2023.0,3.0,30.0,0.0,18.057705,18.156916,16.85549,16.807364,17.811432,17.734417,17.707014,17.605814,16.872911,16.655807,16.829306,16.712574,18.942192,18.676107,18.231148,18.112497,16.760082,16.516106,0.0,0.0,0.0,0.0,0.0,0.0,0.0,0.0
12677,2023.0,3.0,30.0,0.0,17.981962,18.082996,16.797573,16.750729,17.729534,17.655302,17.668892,17.605892,16.676386,16.419436,16.761477,16.647114,18.648603,18.28768,18.153265,18.037218,17.559593,18.135307,0.0,0.0,0.0,0.0,0.0,0.0,0.0,4.0
12678,2023.0,3.0,30.0,1.0,17.912176,18.014994,16.744032,16.698523,17.654205,17.582664,17.59105,17.532553,16.736212,16.615473,17.01472,17.177794,18.54194,18.183033,18.079687,17.96206,16.918308,16.751543,0.0,0.0,0.0,0.0,4.0,0.0,0.0,0.0
12679,2023.0,3.0,30.0,1.0,17.844765,17.94665,16.692259,16.645908,17.58183,17.510122,17.51389,17.455132,16.734003,16.635649,16.764011,16.656296,18.646217,18.485207,18.010578,17.890667,16.64718,16.405743,0.0,0.0,0.0,0.0,0.0,0.0,0.0,0.0
12680,2023.0,3.0,30.0,1.0,17.781519,17.882025,16.64273,16.594206,17.513266,17.440182,17.440042,17.379559,16.694954,16.592054,16.648365,16.530943,18.62821,18.480064,17.947004,17.825144,16.547405,16.306578,0.0,0.0,0.0,0.0,0.0,0.0,0.0,0.0
12681,2023.0,3.0,30.0,1.0,17.729366,17.835316,16.603437,16.560112,17.457882,17.392033,17.380083,17.327297,16.661465,16.560244,16.59805,16.487078,18.582163,18.436985,18.881746,19.63575,16.596004,16.48687,0.0,0.0,0.0,0.0,0.0,0.0,4.0,0.0
12682,2023.0,3.0,30.0,1.0,17.676382,17.783192,16.562244,16.51973,17.401394,17.33724,17.318462,17.267578,16.627817,16.525993,16.54602,16.433252,18.534466,18.388872,18.053288,17.858688,16.580936,16.490889,0.0,0.0,0.0,0.0,0.0,0.0,0.0,0.0
12683,2023.0,3.0,30.0,1.0,17.622414,17.725779,16.518976,16.473024,17.343597,17.275902,17.255077,17.200481,16.593847,16.489138,16.4958,16.378433,18.485548,18.336311,17.744719,17.447742,16.534763,16.441183,0.0,0.0,0.0,0.0,0.0,0.0,0.0,0.0
12684,2023.0,3.0,30.0,2.0,17.576475,17.681486,16.483269,16.4395,17.295303,17.230597,17.202232,17.150988,16.564516,16.459791,16.773605,16.937243,18.44297,18.29398,17.647943,17.356537,16.493435,16.39992,0.0,0.0,0.0,0.0,4.0,0.0,0.0,0.0
12685,2023.0,3.0,30.0,2.0,17.52974,17.633055,16.445007,16.398901,17.245012,17.178734,17.147697,17.094828,16.534681,16.427816,16.865366,17.050064,18.40011,18.248789,17.73605,17.616226,16.452656,16.357082,0.0,0.0,0.0,0.0,4.0,0.0,0.0,0.0
12686,2023.0,3.0,30.0,2.0,17.4877,17.591944,16.412073,16.367212,17.200768,17.136936,17.100166,17.0499,16.507435,16.4,16.560379,16.455996,18.361015,18.209452,17.705706,17.580877,16.415998,16.320131,0.0,0.0,0.0,0.0,0.0,0.0,0.0,0.0
12687,2023.0,3.0,30.0,2.0,17.446377,17.550447,16.378887,16.333559,17.156868,17.09371,17.053246,17.003635,16.480675,16.372156,16.454334,16.334316,18.322895,18.170433,17.663696,17.538465,17.114338,17.665174,0.0,0.0,0.0,0.0,0.0,0.0,0.0,4.0
12688,2023.0,3.0,30.0,2.0,17.40566,17.508492,16.345701,16.299026,17.113634,17.04993,17.007225,16.956966,16.454157,16.343975,16.696556,16.829163,18.285353,18.131195,17.621511,17.49488,16.611486,16.558804,0.0,0.0,0.0,0.0,4.0,0.0,0.0,0.0
12689,2023.0,3.0,30.0,2.0,17.365349,17.465853,16.312523,16.26364,17.071005,17.005667,16.96213,16.910023,16.42781,16.315434,16.464706,16.345497,18.248304,18.091736,17.579716,17.450949,16.319817,16.092997,0.0,0.0,0.0,0.0,0.0,0.0,0.0,0.0
12690,2023.0,3.0,30.0,3.0,17.32642,17.424648,16.280226,16.229057,17.029837,16.96285,16.918724,16.86479,16.402163,16.28769,16.688097,16.838884,18.212463,18.053638,17.539621,17.408903,16.215425,15.9724245,0.0,0.0,0.0,0.0,4.0,0.0,0.0,0.0
12691,2023.0,3.0,30.0,3.0,17.289219,17.385248,16.24906,16.195992,16.990658,16.922731,16.877413,16.822536,16.377094,16.260643,16.432365,16.30853,18.178072,18.017565,17.501394,17.369265,16.285467,16.177647,0.0,0.0,0.0,0.0,0.0,0.0,0.0,0.0
12692,2023.0,3.0,30.0,3.0,17.250704,17.342518,16.21506,16.156805,16.94908,16.876875,16.83357,16.774294,16.350597,16.23072,16.332964,16.196856,18.142345,17.978354,17.46242,17.327208,16.271036,16.163198,0.0,0.0,0.0,0.0,0.0,0.0,0.0,0.0
12693,2023.0,3.0,30.0,3.0,17.224852,17.324337,16.186584,16.128471,16.913702,16.84255,16.796278,16.73823,16.326488,16.205639,16.287962,16.15265,18.109982,17.945555,17.427004,17.29153,16.97385,17.512169,0.0,0.0,0.0,0.0,0.0,0.0,0.0,4.0
12694,2023.0,3.0,30.0,3.0,17.200563,17.305292,16.155254,16.094246,16.875975,16.802639,16.756676,16.696413,16.300797,16.177479,16.242302,16.104292,18.076035,17.9093,17.390486,17.252983,16.474155,16.410425,0.0,0.0,0.0,0.0,0.0,0.0,0.0,0.0
12695,2023.0,3.0,30.0,3.0,17.166304,17.266798,16.12242,16.056847,16.837162,16.759811,16.716196,16.65174,16.273932,16.147139,16.19789,16.055258,18.040995,17.870703,17.353266,17.212534,16.163252,15.902892,0.0,0.0,0.0,0.0,0.0,0.0,0.0,0.0
12696,2023.0,3.0,30.0,4.0,17.132881,17.229958,16.089968,16.020048,16.799393,16.718431,16.67684,16.608667,16.247343,16.117527,16.155975,16.00955,18.006674,17.833426,17.317125,17.173832,16.054426,15.777486,0.0,0.0,0.0,0.0,0.0,0.0,0.0,0.0
12697,2023.0,3.0,30.0,4.0,17.102116,17.198215,16.061588,15.991249,16.765694,16.684671,16.6415,16.573288,16.222916,16.092388,16.118652,15.971618,17.974894,17.80111,17.28349,17.139765,16.153301,16.04353,0.0,0.0,0.0,0.0,0.0,0.0,0.0,0.0
12698,2023.0,3.0,30.0,4.0,17.07329,17.169683,16.036114,15.9676,16.735142,16.656258,16.609337,16.543455,16.78896,17.176825,16.085346,15.939747,17.945284,17.772343,17.252077,17.109158,16.135263,16.017635,0.0,0.0,0.0,4.0,0.0,0.0,0.0,0.0
12699,2023.0,3.0,30.0,4.0,17.043694,17.139017,16.00883,15.939855,16.702993,16.623932,16.575508,16.509525,16.388159,16.288269,16.051613,15.905345,17.915003,17.74153,17.220284,17.076925,16.106852,15.988627,0.0,0.0,0.0,0.0,0.0,0.0,0.0,0.0
12700,2023.0,3.0,30.0,4.0,17.013466,17.106361,15.979672,15.907982,16.669174,16.587692,16.539982,16.471535,16.258238,16.124163,16.01748,15.868688,17.884043,17.70873,17.18809,17.043121,16.077774,15.957786,0.0,0.0,0.0,0.0,0.0,0.0,0.0,0.0
12701,2023.0,3.0,30.0,4.0,16.985088,17.077068,15.952934,15.880717,16.637987,16.556252,16.507269,16.438625,16.218664,16.084162,15.986584,15.837218,17.855007,17.679214,17.157787,17.012426,16.050396,15.929845,0.0,0.0,0.0,0.0,0.0,0.0,0.0,0.0
12702,2023.0,3.0,30.0,5.0,16.95816,17.05055,15.928778,15.858427,16.609585,16.529951,16.477537,16.411144,16.186071,16.05298,15.958835,15.810872,17.828012,17.65323,17.129465,16.985062,16.757563,17.284286,0.0,0.0,0.0,0.0,0.0,0.0,0.0,4.0
12703,2023.0,3.0,30.0,5.0,16.930391,17.02234,15.9031725,15.833047,16.579887,16.500652,16.446608,16.38057,16.156294,16.023075,16.224373,16.331255,17.800703,17.626133,17.100956,16.956768,16.264944,16.193727,0.0,0.0,0.0,0.0,4.0,0.0,0.0,0.0
12704,2023.0,3.0,30.0,5.0,16.901855,16.992302,15.876933,15.805913,16.549492,16.469448,16.415249,16.34821,16.127829,15.9936905,15.999762,15.845481,17.773077,17.597887,17.072197,16.92742,15.954293,15.681001,0.0,0.0,0.0,0.0,0.0,0.0,0.0,0.0
12705,2023.0,3.0,30.0,5.0,16.874434,16.96427,15.851275,15.779459,16.51976,16.439213,16.384706,16.31699,16.101427,15.966923,15.931148,15.7809515,17.746262,17.570917,17.044313,16.899448,15.856569,15.576011,0.0,0.0,0.0,0.0,0.0,0.0,0.0,0.0
12706,2023.0,3.0,30.0,5.0,16.847527,16.937061,15.826745,15.75516,16.49121,16.411097,16.355238,16.287905,16.076494,15.942134,15.898171,15.748346,17.720139,17.545095,17.017061,16.872484,15.965079,15.856617,0.0,0.0,0.0,0.0,0.0,0.0,0.0,0.0
12707,2023.0,3.0,30.0,5.0,16.821806,16.912077,15.8041725,15.734769,16.464775,16.386976,16.3278,16.262882,16.642147,17.026983,15.86863,15.720886,17.69534,17.521708,16.991024,16.847729,15.948855,15.828895,0.0,0.0,0.0,4.0,0.0,0.0,0.0,0.0
12708,2023.0,3.0,30.0,6.0,16.795202,16.885105,15.779763,15.710613,16.436644,16.35923,16.298584,16.234089,16.241524,16.1408,15.839514,15.691914,17.669619,17.496286,16.964174,16.821161,15.923836,15.803758,0.0,0.0,0.0,0.0,0.0,0.0,0.0,0.0
12709,2023.0,3.0,30.0,6.0,21.223219,24.609535,15.756166,15.687992,21.243797,24.824604,21.103706,24.689991,16.11441,15.982403,15.812263,15.665564,21.500631,23.977587,22.253305,25.691498,16.649336,17.193586,0.0,4.0,0.0,0.0,0.0,0.0,0.0,4.0
12710,2023.0,3.0,30.0,6.0,21.006445,23.711622,15.729987,15.662231,21.017067,23.844,21.011824,23.931498,16.071312,15.938641,15.783204,15.636936,20.950253,22.799646,22.12816,24.980446,20.380991,23.521143,0.0,0.0,0.0,0.0,0.0,0.0,0.0,0.0
12711,2023.0,3.0,30.0,6.0,21.079567,23.55212,16.175905,16.51747,21.100813,23.619179,21.08703,23.714224,16.040714,15.908436,15.756597,15.610747,21.069748,22.8159,20.884256,22.530354,18.253456,18.806837,4.0,0.0,0.0,0.0,0.0,0.0,0.0,4.0
12712,2023.0,3.0,30.0,6.0,22.04744,24.866428,20.279789,23.530275,22.061703,24.90023,21.933939,24.790276,16.01697,15.8852005,16.038872,16.160444,21.708883,23.672075,22.12532,24.454016,20.341179,22.900475,0.0,0.0,0.0,0.0,4.0,0.0,0.0,4.0
12713,2023.0,3.0,30.0,6.0,20.901108,22.689342,17.953964,18.450562,20.920568,22.710943,20.916197,22.814026,16.000261,15.869001,20.3328,23.44449,21.046036,22.441652,20.876991,22.11825,21.052746,23.704224,0.0,0.0,0.0,0.0,4.0,0.0,0.0,0.0
12714,2023.0,3.0,30.0,7.0,21.093367,23.022358,16.570562,16.566956,21.09288,22.990091,21.09691,23.096502,15.985611,15.855199,20.00913,22.392353,21.05148,22.37397,21.090088,22.532768,18.617445,18.57731,0.0,0.0,0.0,0.0,0.0,0.0,0.0,0.0
12715,2023.0,3.0,30.0,7.0,21.034826,22.839981,16.31201,16.249538,21.063614,22.875141,21.066187,22.968481,15.973092,15.84438,18.06474,18.32203,21.02034,22.233986,21.052198,22.439228,17.24333,16.888372,0.0,0.0,0.0,0.0,0.0,4.0,0.0,0.0
12716,2023.0,3.0,30.0,7.0,21.069077,22.89263,16.17586,16.097221,21.064737,22.82915,21.067305,22.916376,15.961818,15.834595,16.963888,16.813713,21.053944,22.280418,21.014303,22.315779,17.111748,16.955997,0.0,0.0,0.0,0.0,0.0,0.0,4.0,0.0
12717,2023.0,3.0,30.0,7.0,21.075134,22.840229,16.082827,16.00341,21.062605,22.78467,21.06541,22.868952,15.951914,15.826294,17.142714,17.353724,21.059948,22.225687,21.075594,22.42686,16.991169,16.843975,0.0,0.0,0.0,0.0,4.0,0.0,0.0,0.0
12718,2023.0,3.0,30.0,7.0,21.073858,22.786617,16.47691,16.806183,21.063341,22.750685,21.066393,22.833313,15.943513,15.819887,20.29804,22.788353,21.059124,22.171202,21.064535,22.3658,17.85956,18.617355,4.0,0.0,0.0,0.0,0.0,0.0,0.0,4.0
12719,2023.0,3.0,30.0,7.0,21.931519,24.133202,20.301853,23.389688,21.614317,23.607443,21.745516,23.878757,15.935919,15.814042,18.311588,18.587702,21.531832,22.927935,21.847681,23.583221,20.30822,22.691772,0.0,0.0,0.0,0.0,0.0,0.0,4.0,0.0
12720,2023.0,3.0,30.0,8.0,20.898829,22.21115,18.10041,18.613718,21.045906,22.601849,21.035357,22.643639,15.932097,15.81163,17.159517,17.030884,21.029606,22.03056,20.977919,22.018412,18.025208,17.935045,0.0,0.0,0.0,0.0,0.0,0.0,0.0,0.0
12721,2023.0,3.0,30.0,8.0,19.352083,19.34433,16.779171,16.80443,19.564388,19.757483,19.498201,19.698734,15.930555,15.814094,17.277617,17.447708,19.903112,19.867847,19.51086,19.241169,17.892332,18.359804,0.0,0.0,0.0,0.0,4.0,0.0,0.0,4.0
12722,2023.0,3.0,30.0,8.0,18.669735,18.438396,16.525986,16.467886,18.842289,18.739162,18.758266,18.668362,15.929875,15.81748,20.31299,22.751875,19.452065,19.254932,19.885014,20.312193,21.87791,25.244852,0.0,0.0,0.0,0.0,0.0,0.0,4.0,0.0
12723,2023.0,3.0,30.0,8.0,18.544836,18.56471,16.830902,17.162085,19.13939,19.600367,18.38514,18.284546,16.629726,17.13396,18.42131,18.716627,19.98483,20.474304,19.100815,18.79299,18.948147,19.033367,4.0,4.0,0.0,4.0,0.0,4.0,0.0,0.0
12724,2023.0,3.0,30.0,8.0,18.412733,18.471401,20.325413,23.225754,19.204105,19.75761,18.839453,19.324593,20.363302,23.48801,17.551949,17.385162,19.83028,20.10248,18.670372,18.277266,18.719507,19.121386,4.0,4.0,4.0,4.0,0.0,4.0,0.0,4.0
12725,2023.0,3.0,30.0,8.0,18.234358,18.311037,20.01965,22.23956,18.312979,18.151941,18.959637,19.523743,20.009634,22.30624,17.676924,17.85071,19.0097,18.664413,19.406513,19.905264,20.216984,21.817472,4.0,0.0,4.0,4.0,4.0,0.0,4.0,0.0
12726,2023.0,3.0,30.0,9.0,18.80628,19.531567,20.0891,22.143103,17.749853,17.428308,18.646954,18.982525,20.1657,22.29246,20.300478,22.41944,19.377544,19.647259,18.722929,18.458414,18.466011,18.337173,0.0,0.0,4.0,4.0,0.0,4.0,0.0,0.0
12727,2023.0,3.0,30.0,9.0,18.350546,18.559006,18.164679,18.27194,17.504679,17.170237,17.845848,17.627731,20.076807,21.907537,18.578875,18.82258,19.53872,19.835688,19.229168,19.758564,18.460474,18.909536,0.0,0.0,0.0,0.0,0.0,4.0,4.0,4.0
12728,2023.0,3.0,30.0,9.0,18.451729,18.955486,17.691572,18.026514,17.529364,17.390785,17.424526,17.118063,18.216873,18.161167,17.943298,18.150345,19.528645,19.832687,19.463291,20.013376,20.245152,22.022608,4.0,0.0,0.0,0.0,4.0,4.0,4.0,0.0
12729,2023.0,3.0,30.0,9.0,17.906406,17.90041,20.277977,22.616098,18.188656,18.699339,17.907434,18.181746,17.967836,18.281536,20.29093,22.287407,19.522112,19.833223,19.478699,20.034563,18.425133,18.330214,0.0,4.0,4.0,4.0,0.0,4.0,4.0,0.0
12730,2023.0,3.0,30.0,9.0,17.538086,17.4376,18.815117,19.494755,17.846138,17.927504,17.4641,17.275055,20.304394,22.385881,18.940535,19.417591,19.518404,19.836132,19.489136,20.050316,18.411505,18.877592,4.0,0.0,0.0,0.0,4.0,4.0,4.0,4.0
12731,2023.0,3.0,30.0,9.0,17.380165,17.267742,20.260744,22.388369,17.950207,18.277912,17.114063,16.839258,18.313906,18.28352,20.247917,22.006378,19.51646,19.8407,18.582607,18.351835,20.210169,21.961098,0.0,4.0,0.0,0.0,4.0,4.0,0.0,4.0
12732,2023.0,3.0,30.0,10.0,17.455177,17.527792,18.327896,18.438362,18.053669,18.425074,16.979647,16.707504,18.011848,18.323477,20.025106,21.397718,19.516436,19.846605,19.113686,19.67431,20.045685,21.52244,0.0,4.0,0.0,4.0,4.0,4.0,4.0,0.0
12733,2023.0,3.0,30.0,10.0,17.45933,17.569002,17.838156,18.172003,18.05907,18.441189,17.75128,18.269506,20.301907,22.345661,20.068928,21.384365,19.519985,19.8583,18.458378,18.24677,19.17434,19.705967,4.0,4.0,4.0,0.0,0.0,4.0,0.0,4.0
12734,2023.0,3.0,30.0,10.0,18.159166,18.935596,20.277767,22.505884,18.058697,18.450756,17.477476,17.564722,18.370607,18.363514,18.593504,18.470709,18.827747,18.562542,19.023417,19.607416,20.202559,21.77836,0.0,4.0,0.0,0.0,0.0,0.0,4.0,0.0
12735,2023.0,3.0,30.0,10.0,18.232466,18.844656,18.587114,18.992489,17.431536,17.291706,17.64976,18.032232,17.40583,17.13555,17.920586,17.745167,18.479143,18.134527,19.303062,19.910204,18.560534,18.488136,0.0,0.0,4.0,0.0,0.0,0.0,4.0,0.0
12736,2023.0,3.0,30.0,10.0,17.579802,17.628353,17.740211,17.71425,17.82274,18.170101,17.760345,18.190992,17.317442,17.163242,17.769377,17.602825,18.371437,18.026892,18.418104,18.215157,17.930187,17.627316,0.0,4.0,4.0,0.0,0.0,0.0,0.0,0.0
12737,2023.0,3.0,30.0,10.0,17.315947,17.269009,17.47057,17.416367,17.363619,17.271688,17.784481,18.220222,17.238907,17.110756,18.014486,18.186543,19.072691,19.429388,18.092962,17.80123,17.832417,17.674715,0.0,0.0,4.0,0.0,4.0,4.0,0.0,0.0
12738,2023.0,3.0,30.0,11.0,17.211033,17.169767,17.291338,17.242516,17.093061,16.885979,17.211409,17.147488,17.1458,17.025665,20.223146,22.122744,19.257244,19.654833,17.96321,17.679462,17.714548,17.582272,0.0,0.0,0.0,0.0,4.0,4.0,0.0,0.0
12739,2023.0,3.0,30.0,11.0,17.267996,17.377966,17.121824,17.07898,17.665274,18.072527,16.868462,16.693733,17.048193,16.93448,20.035955,21.518187,19.327501,19.735126,17.861156,17.591383,17.572075,17.448078,0.0,4.0,0.0,0.0,0.0,4.0,0.0,0.0
12740,2023.0,3.0,30.0,11.0,17.27147,17.41696,17.435701,17.7922,17.294565,17.253298,16.761585,16.59356,16.968431,16.862411,18.565195,18.539185,18.685736,18.487,17.905241,17.769793,18.36562,19.059103,4.0,0.0,0.0,0.0,0.0,0.0,0.0,4.0
12741,2023.0,3.0,30.0,11.0,17.232437,17.38091,20.286861,22.767082,17.702734,18.123568,16.816998,16.773771,16.914394,16.811684,18.453926,18.62652,18.444042,18.150154,17.900091,17.787745,20.209108,22.156546,4.0,4.0,0.0,0.0,4.0,0.0,0.0,4.0
12742,2023.0,3.0,30.0,11.0,17.953857,18.782127,20.120224,22.160763,17.909143,18.396696,16.823,16.811771,17.621288,18.195435,20.201918,21.782583,18.360346,18.075808,18.920797,19.752203,20.211224,21.941715,0.0,4.0,0.0,4.0,0.0,0.0,4.0,4.0
12743,2023.0,3.0,30.0,11.0,17.46595,17.629007,18.344505,18.560482,17.942616,18.442371,16.788805,16.786581,20.299038,22.690092,19.210783,19.664408,18.310644,18.039474,18.26805,18.17997,20.06326,21.519361,0.0,4.0,0.0,4.0,4.0,0.0,0.0,0.0
12744,2023.0,3.0,30.0,12.0,17.126373,17.199512,17.37253,17.272522,17.970257,18.482063,16.753902,16.758356,20.176924,22.157942,20.209328,21.659994,18.392363,18.251244,17.858269,17.662605,19.33391,19.963444,0.0,4.0,0.0,0.0,0.0,0.0,0.0,4.0
12745,2023.0,3.0,30.0,12.0,21.258844,24.53673,17.199043,17.174114,21.332947,24.321325,21.226025,24.673239,18.35547,18.41973,18.823854,18.833834,22.212023,24.815744,22.599865,25.666636,20.170074,21.645699,0.0,4.0,0.0,0.0,0.0,0.0,0.0,0.0
12746,2023.0,3.0,30.0,12.0,21.007858,23.596127,17.093393,17.093904,21.01041,23.329872,21.009478,23.731419,18.233812,18.676018,18.154383,18.028225,20.92817,22.30099,20.841442,22.343903,18.70923,18.707457,0.0,4.0,0.0,4.0,0.0,0.0,0.0,0.0
12747,2023.0,3.0,30.0,12.0,21.04706,23.37724,17.429367,17.830326,21.062284,23.19635,21.078243,23.54832,20.271389,22.21374,17.98114,17.84982,21.06311,22.420498,21.04887,22.576355,18.889452,19.491537,4.0,4.0,0.0,0.0,0.0,0.0,4.0,4.0
12748,2023.0,3.0,30.0,12.0,21.153175,23.390097,20.297756,22.814209,21.156408,23.224026,21.150015,23.479567,18.546825,18.627512,17.850735,17.718828,21.132572,22.446695,21.191772,22.770515,20.135235,21.580502,0.0,4.0,0.0,0.0,0.0,0.0,0.0,4.0
12749,2023.0,3.0,30.0,12.0,21.0745,23.11306,18.512636,19.011591,21.051477,22.896969,21.042818,23.096443,17.688198,17.503784,17.75201,17.627014,21.039017,22.172438,21.05335,22.394281,20.040874,21.310692,0.0,4.0,4.0,0.0,0.0,0.0,0.0,0.0
12750,2023.0,3.0,30.0,13.0,21.067886,22.99728,17.42446,17.514816,21.04986,22.81067,21.04588,23.001804,17.553793,17.441769,17.671566,17.552633,21.037706,22.106527,21.052471,22.31977,18.749454,18.73983,0.0,4.0,4.0,0.0,0.0,0.0,0.0,0.0
12751,2023.0,3.0,30.0,13.0,21.063757,22.911648,17.137175,17.156471,21.071762,22.810629,21.051905,22.920368,17.471384,17.36769,17.596714,17.478283,21.035076,22.053032,21.040972,22.25697,18.074072,17.873035,0.0,0.0,4.0,0.0,0.0,0.0,0.0,0.0
12752,2023.0,3.0,30.0,13.0,21.05611,22.85508,17.471445,17.906658,21.041458,22.675514,21.07634,22.918436,17.389748,17.293705,17.537117,17.42555,21.035912,22.016562,21.04373,22.228935,18.813902,19.457775,4.0,4.0,0.0,0.0,0.0,0.0,0.0,4.0
12753,2023.0,3.0,30.0,13.0,21.174587,23.05691,20.279379,22.768925,21.194098,22.941399,21.16095,23.027412,17.317997,17.226385,17.48193,17.373857,21.16059,22.235739,21.241844,22.597853,20.136303,21.593107,4.0,4.0,0.0,0.0,0.0,0.0,0.0,4.0
12754,2023.0,3.0,30.0,13.0,21.026054,22.710838,20.018042,21.98527,21.04186,22.60458,21.066406,22.787739,17.256462,17.167194,17.43506,17.329466,21.0326,21.95327,21.038637,22.166965,20.033737,21.291,0.0,4.0,0.0,0.0,0.0,0.0,0.0,0.0
12755,2023.0,3.0,30.0,13.0,21.043001,22.707672,18.383257,18.662941,21.068737,22.650928,21.057783,22.748857,17.208876,17.125498,17.779055,18.011219,21.033892,21.934763,21.002373,22.04684,18.775671,18.77282,0.0,0.0,0.0,0.0,4.0,0.0,4.0,0.0
12756,2023.0,3.0,30.0,14.0,21.066504,22.747955,17.446999,17.430674,21.03774,22.542116,21.033848,22.66169,17.166292,17.08664,20.262184,22.308477,21.033346,21.916761,21.056437,22.16215,18.127792,17.951498,0.0,4.0,4.0,0.0,0.0,0.0,0.0,0.0
12757,2023.0,3.0,30.0,14.0,19.565147,19.838306,17.251749,17.274586,20.029299,20.591291,19.588268,19.901562,17.129734,17.054375,18.759762,19.079268,20.156181,20.21412,19.832779,19.78486,17.935759,17.765821,0.0,4.0,0.0,0.0,0.0,0.0,0.0,0.0
12758,2023.0,3.0,30.0,14.0,18.914564,18.950832,17.153254,17.186125,19.653376,20.115183,18.760075,18.659258,17.10104,17.027964,18.078154,17.996782,20.538588,21.107857,19.326008,19.095537,17.90392,17.806183,0.0,4.0,0.0,0.0,0.0,4.0,0.0,0.0
12759,2023.0,3.0,30.0,14.0,18.76402,18.915518,17.054173,17.090563,18.895601,18.842466,19.094042,19.544521,17.073185,17.003275,17.919025,17.819252,19.80387,19.675102,19.212517,19.084286,17.842361,17.757666,0.0,0.0,4.0,0.0,0.0,0.0,0.0,0.0
12760,2023.0,3.0,30.0,14.0,18.604336,18.775085,17.440228,17.891626,18.526072,18.397104,18.530403,18.546806,17.045883,16.97845,17.813675,17.713007,20.217138,20.633844,19.087826,18.975077,17.773209,17.692614,4.0,0.0,0.0,0.0,0.0,4.0,0.0,0.0
12761,2023.0,3.0,30.0,14.0,18.455437,18.632446,20.279305,22.813955,18.970022,19.406591,18.188824,18.10681,17.020266,16.955519,17.733053,17.634672,19.651384,19.534174,18.968164,18.863243,17.71037,17.634506,4.0,4.0,0.0,0.0,0.0,0.0,0.0,0.0
12762,2023.0,3.0,30.0,15.0,18.288555,18.456861,20.02383,22.017101,18.469055,18.441706,17.962862,17.878616,16.99376,16.930788,17.655458,17.559528,19.287716,19.062328,18.842543,18.741335,17.642488,17.569195,0.0,0.0,0.0,0.0,0.0,0.0,0.0,0.0
12763,2023.0,3.0,30.0,15.0,18.150087,18.32068,18.404888,18.71762,18.747463,19.213545,17.873793,17.874971,16.96964,16.907894,17.96169,18.191753,19.876694,20.296911,18.734177,18.637985,17.581385,17.510696,0.0,4.0,0.0,0.0,4.0,4.0,0.0,0.0
12764,2023.0,3.0,30.0,15.0,18.79018,19.609838,17.748339,17.796469,18.290163,18.345345,17.787458,17.804981,16.949373,16.88766,20.215275,22.148928,20.061552,20.554745,18.652035,18.55691,18.45221,19.198,0.0,0.0,0.0,0.0,4.0,4.0,0.0,4.0
12765,2023.0,3.0,30.0,15.0,19.00682,19.854614,17.506432,17.55019,17.913177,17.846035,18.366507,18.990917,17.67246,18.26808,20.027489,21.50437,19.413376,19.30552,19.594505,20.415789,20.22048,22.082708,0.0,0.0,4.0,4.0,0.0,0.0,4.0,0.0
12766,2023.0,3.0,30.0,15.0,18.27728,18.468237,17.325699,17.364914,18.401733,18.88417,18.00259,18.172016,20.289341,22.636215,18.723392,18.814526,19.807009,20.24442,19.836203,20.568129,19.326914,20.044138,0.0,4.0,0.0,4.0,0.0,4.0,4.0,4.0
12767,2023.0,3.0,30.0,15.0,18.591543,19.29571,17.636341,18.065828,18.028378,18.079573,18.223087,18.762157,20.030798,21.829966,18.079292,18.00169,19.327494,19.209389,18.95986,18.890575,20.176926,21.73287,4.0,0.0,4.0,0.0,0.0,0.0,0.0,0.0
12768,2023.0,3.0,30.0,16.0,18.141941,18.335361,20.269812,22.63014,17.692194,17.633205,17.780783,17.848593,18.451351,18.57141,17.91606,17.82152,19.014986,18.8055,18.546162,18.377848,18.746439,18.804459,4.0,0.0,0.0,0.0,0.0,0.0,0.0,0.0
12769,2023.0,3.0,30.0,16.0,18.522917,19.25056,20.027819,21.900158,18.226631,18.737673,17.432835,17.384909,17.650017,17.51234,17.80277,17.704006,19.658983,20.117626,18.396223,18.214746,18.907219,19.52684,0.0,4.0,0.0,0.0,0.0,4.0,0.0,4.0
12770,2023.0,3.0,30.0,16.0,18.05469,18.238735,18.46875,18.74007,18.422405,18.9676,17.302956,17.24187,17.442999,17.290934,17.71753,17.622173,19.200703,19.088602,18.299915,18.118904,20.175085,21.678854,0.0,4.0,0.0,0.0,0.0,0.0,0.0,0.0
12771,2023.0,3.0,30.0,16.0,17.718805,17.806398,17.560236,17.530033,17.866484,17.916311,17.987078,18.607868,17.381624,17.291002,17.64169,17.548145,18.890326,18.677547,18.299212,18.198753,18.770275,18.811207,0.0,0.0,4.0,0.0,0.0,0.0,0.0,0.0
12772,2023.0,3.0,30.0,16.0,18.336866,19.04302,17.871738,18.279984,18.251041,18.753798,17.506016,17.569765,17.32883,17.247967,17.58177,17.487581,18.794369,18.567898,18.272095,18.183973,18.232658,18.046629,4.0,4.0,0.0,0.0,0.0,0.0,0.0,0.0
12773,2023.0,3.0,30.0,16.0,17.849682,18.025335,20.24681,22.435446,18.36128,18.898268,17.237581,17.174301,17.266464,17.18879,17.525442,17.432665,19.620247,20.20317,18.22821,18.143173,19.020857,19.709135,4.0,4.0,0.0,0.0,0.0,4.0,0.0,4.0
12774,2023.0,3.0,30.0,17.0,17.54633,17.632582,20.030645,21.792728,18.369478,18.897738,17.809418,18.334188,17.966345,18.570885,17.467274,17.375574,19.089735,18.961926,18.179695,18.095976,20.112038,21.453465,0.0,4.0,4.0,4.0,0.0,0.0,0.0,4.0
12775,2023.0,3.0,30.0,17.0,17.442259,17.509542,18.507633,18.727713,18.37447,18.895882,17.428905,17.470367,20.272425,22.454102,17.416895,17.327955,18.76146,18.541052,19.17873,20.02508,20.042122,21.245289,0.0,4.0,0.0,0.0,0.0,0.0,4.0,0.0
12776,2023.0,3.0,30.0,17.0,17.461105,17.611986,18.020351,18.300812,17.801006,17.824194,17.110176,17.041243,18.441734,18.578026,17.368105,17.280626,19.397112,19.824987,19.435696,20.16247,18.801308,18.784534,4.0,0.0,0.0,0.0,0.0,4.0,4.0,0.0
12777,2023.0,3.0,30.0,17.0,17.460407,17.63572,20.220346,22.268497,18.16528,18.626606,17.684322,18.177874,17.750479,17.557518,17.32474,17.23642,18.894453,18.761541,18.576881,18.492664,18.301807,18.09138,4.0,4.0,4.0,0.0,0.0,0.0,0.0,0.0
12778,2023.0,3.0,30.0,17.0,17.424948,17.597017,20.01675,21.656998,18.331083,18.834772,17.915379,18.446894,17.610373,17.503675,17.278585,17.190844,19.371317,19.833305,18.167849,17.974884,18.062843,17.845125,4.0,4.0,4.0,0.0,0.0,4.0,0.0,0.0
12779,2023.0,3.0,30.0,17.0,17.38261,17.548418,20.067366,21.643883,18.329721,18.826977,17.341835,17.344843,18.262135,18.840431,17.236336,17.150087,19.575916,20.040108,18.040518,17.840094,17.995184,17.883118,0.0,4.0,0.0,4.0,0.0,4.0,0.0,0.0
12780,2023.0,3.0,30.0,18.0,17.356264,17.530266,18.934074,19.356642,18.3251,18.816143,17.031948,16.941065,20.227451,22.125525,17.197897,17.114376,19.62048,20.0756,17.956081,17.755545,18.808466,19.510475,4.0,4.0,0.0,4.0,0.0,4.0,0.0,4.0
12781,2023.0,3.0,30.0,18.0,21.326868,24.5531,20.243725,21.992874,21.32766,24.047173,21.269562,24.4802,20.038313,21.567675,17.157442,17.074192,21.27884,23.007668,22.413181,25.36379,20.177637,21.748428,0.0,4.0,0.0,0.0,0.0,4.0,0.0,0.0
12782,2023.0,3.0,30.0,18.0,20.993658,23.463554,18.992315,19.410452,21.011124,23.111965,21.007223,23.511143,18.530842,18.522646,17.120386,17.039017,21.039785,22.36348,20.958609,22.623848,19.398016,20.008812,4.0,4.0,0.0,0.0,0.0,0.0,4.0,4.0
12783,2023.0,3.0,30.0,18.0,21.157831,23.495092,20.229616,21.933334,21.164732,23.209387,21.166258,23.526537,17.74677,17.517147,17.08387,17.003174,21.13045,22.40957,21.19248,22.912668,20.161842,21.545473,4.0,4.0,4.0,0.0,0.0,0.0,0.0,0.0
12784,2023.0,3.0,30.0,18.0,21.048086,23.077839,20.037455,21.46585,21.048765,22.830702,21.04413,23.095928,17.63804,17.527584,17.04944,16.969938,21.018375,22.06702,21.015669,22.38482,19.467047,20.024467,0.0,4.0,4.0,0.0,0.0,4.0,4.0,4.0
12785,2023.0,3.0,30.0,18.0,21.048243,22.942122,18.636814,18.718208,21.073309,22.795315,21.080738,23.036318,17.55641,17.46171,17.018503,16.941479,21.052624,22.090296,21.063978,22.413284,20.145037,21.40861,0.0,0.0,0.0,0.0,0.0,0.0,0.0,0.0
12786,2023.0,3.0,30.0,19.0,21.072342,22.90968,17.949945,17.939253,21.042423,22.631395,21.07241,22.905157,17.453081,17.362885,16.983332,16.902672,21.046474,22.022776,21.05443,22.316866,18.79303,18.696554,0.0,4.0,0.0,0.0,0.0,0.0,0.0,0.0
12787,2023.0,3.0,30.0,19.0,21.062778,22.809486,17.720348,17.688583,21.045017,22.577509,21.068876,22.811249,17.35751,17.26631,16.943823,16.857273,21.044878,21.976488,21.052103,22.25199,18.109638,17.850315,0.0,4.0,0.0,0.0,0.0,0.0,0.0,0.0
12788,2023.0,3.0,30.0,19.0,21.066532,22.750233,18.004616,18.371485,21.045992,22.53359,21.058624,22.748571,18.05719,18.662567,16.908596,16.820261,21.005833,21.86692,21.044065,22.208057,19.01429,19.771816,4.0,4.0,0.0,4.0,0.0,4.0,0.0,4.0
12789,2023.0,3.0,30.0,19.0,21.06482,22.693293,20.239729,22.268549,21.045225,22.495028,21.058859,22.71213,20.261196,22.329147,16.871372,16.778545,21.05242,21.952665,21.044533,22.184599,20.1427,21.534883,4.0,4.0,0.0,0.0,0.0,0.0,0.0,0.0
12790,2023.0,3.0,30.0,19.0,21.051428,22.64774,20.03673,21.666365,21.044813,22.46324,21.058039,22.678827,18.376638,18.361187,16.837162,16.740013,21.015478,21.832947,21.044107,22.163034,19.424332,19.947853,0.0,4.0,0.0,0.0,0.0,4.0,0.0,4.0
12791,2023.0,3.0,30.0,19.0,21.052536,22.630003,18.47999,18.544928,21.044394,22.435774,21.05747,22.650217,18.196878,18.581738,16.807201,16.707176,21.051151,21.907625,21.043938,22.144915,20.15625,21.427147,0.0,4.0,0.0,4.0,0.0,0.0,0.0,0.0
12792,2023.0,3.0,30.0,20.0,21.052176,22.610235,17.556332,17.320326,21.069147,22.480965,21.032347,22.556854,20.276583,22.158709,16.77633,16.672804,21.045504,21.875242,21.043726,22.128883,18.751102,18.599463,0.0,0.0,4.0,0.0,0.0,0.0,0.0,0.0
12793,2023.0,3.0,30.0,20.0,21.051306,22.590961,17.44475,17.35421,21.03849,22.373577,21.061796,22.620146,18.469048,18.403809,16.745655,16.639986,21.015594,21.779179,21.043318,22.114532,18.976774,19.496868,0.0,4.0,0.0,0.0,0.0,4.0,0.0,4.0
12794,2023.0,3.0,30.0,20.0,21.050797,22.573439,17.368097,17.314722,21.068853,22.434898,21.069262,22.588568,17.590973,17.307388,16.715126,16.607037,21.050964,21.861666,21.04291,22.101583,20.126175,21.376219,0.0,0.0,0.0,0.0,0.0,0.0,0.0,4.0
12795,2023.0,3.0,30.0,20.0,21.02238,22.483614,17.242899,17.187813,21.035843,22.328716,21.04089,22.476479,17.534016,17.41341,17.069916,17.296656,21.044464,21.83434,21.042568,22.089699,20.002094,21.034857,0.0,4.0,4.0,0.0,4.0,0.0,0.0,4.0
12796,2023.0,3.0,30.0,20.0,21.068878,22.563251,17.13749,17.08646,21.043072,22.328571,21.072638,22.533474,17.467363,17.359669,20.387817,22.781511,21.04546,21.82244,21.042557,22.07919,20.933447,22.537632,0.0,4.0,0.0,0.0,0.0,0.0,0.0,0.0
12797,2023.0,3.0,30.0,20.0,21.060831,22.517935,17.042774,16.988628,21.042294,22.315582,21.066107,22.493275,17.367874,17.259525,18.47131,18.786486,21.033503,21.809917,21.002558,21.96215,19.737602,20.1869,0.0,4.0,0.0,0.0,0.0,0.0,4.0,4.0
12798,2023.0,3.0,30.0,21.0,21.060888,22.492994,16.956776,16.897879,21.067396,22.373974,21.051725,22.468307,17.275906,17.165005,17.384415,17.270588,21.004078,21.737932,21.061903,22.086628,20.084976,21.009916,0.0,0.0,0.0,0.0,0.0,4.0,0.0,4.0
12799,2023.0,3.0,30.0,21.0,21.047277,22.471443,16.883535,16.825129,21.03612,22.275053,21.053469,22.469532,17.932312,18.471104,17.18604,17.062101,21.052074,21.839417,21.010597,21.93378,20.046164,20.943424,0.0,4.0,0.0,4.0,0.0,0.0,4.0,0.0
12800,2023.0,3.0,30.0,21.0,21.048975,22.474026,17.274961,17.614372,21.067144,22.345957,21.053053,22.464525,20.286264,22.423431,17.08252,16.95942,21.014503,21.729094,21.059809,22.048786,18.845577,18.614416,4.0,0.0,0.0,0.0,0.0,4.0,0.0,0.0
12801,2023.0,3.0,30.0,21.0,21.197065,22.766186,20.303423,22.837172,21.172413,22.541492,21.193115,22.7394,18.858053,19.273329,16.993176,16.867361,21.145927,22.004438,21.220682,22.353151,19.130661,19.601553,0.0,0.0,0.0,4.0,0.0,0.0,0.0,4.0
12802,2023.0,3.0,30.0,21.0,21.021332,22.385544,18.786823,19.47672,21.035866,22.231512,21.027445,22.379175,20.278032,21.996197,16.921797,16.79688,21.014004,21.706184,21.050888,21.99202,20.100359,21.177156,4.0,4.0,4.0,4.0,0.0,4.0,0.0,4.0
12803,2023.0,3.0,30.0,21.0,21.053288,22.469643,20.262833,22.417673,21.06632,22.306305,21.057796,22.459995,20.039505,21.430723,16.858974,16.732454,21.050222,21.794147,21.050964,21.97926,20.044466,21.026035,0.0,0.0,0.0,0.0,0.0,0.0,0.0,0.0
12804,2023.0,3.0,30.0,22.0,21.060562,22.450138,18.354778,18.450838,21.060335,22.283634,21.066349,22.441874,18.488707,18.322596,16.806486,16.68083,21.044252,21.770626,21.03931,21.967752,19.544682,19.970732,0.0,0.0,0.0,0.0,0.0,0.0,0.0,4.0
12805,2023.0,3.0,30.0,22.0,21.059473,22.420996,17.239725,16.945265,21.046345,22.273037,21.064754,22.41125,17.692434,17.348516,17.056198,17.189217,21.044651,21.760305,21.040827,21.976257,20.136213,21.184744,0.0,0.0,0.0,0.0,4.0,0.0,0.0,0.0
12806,2023.0,3.0,30.0,22.0,21.019041,22.328436,17.16311,17.044636,21.02312,22.215313,21.050135,22.389132,17.64021,17.485193,20.380022,22.715569,21.032349,21.750996,21.04061,21.978119,18.812883,18.563595,0.0,4.0,0.0,0.0,4.0,0.0,0.0,0.0
12807,2023.0,3.0,30.0,22.0,21.067764,22.42582,17.112303,17.031097,21.053738,22.30612,21.051521,22.391926,17.570946,17.436565,19.988317,21.76542,21.033682,21.762053,21.04054,21.978083,18.15241,17.78926,0.0,0.0,0.0,0.0,4.0,0.0,0.0,0.0
12808,2023.0,3.0,30.0,22.0,21.119144,22.50182,16.999943,16.908718,21.122517,22.408587,21.060698,22.379026,17.454193,17.320093,20.134802,21.827969,21.067657,21.83304,21.081516,22.055777,18.14701,18.002016,0.0,0.0,4.0,0.0,0.0,0.0,0.0,0.0
12809,2023.0,3.0,30.0,22.0,21.037268,22.352276,16.91614,16.831879,21.027994,22.17649,21.067863,22.391365,17.356037,17.224586,18.650007,18.787313,21.029902,21.758116,21.035137,21.959229,18.069782,17.9329,0.0,4.0,0.0,0.0,0.0,0.0,0.0,0.0
12810,2023.0,3.0,30.0,23.0,21.047806,22.380949,16.82507,16.730793,21.068842,22.267454,21.06341,22.35985,17.256609,17.119032,17.76296,17.592228,21.034296,21.768845,21.041092,21.96977,17.954828,17.812025,0.0,0.0,0.0,0.0,0.0,0.0,0.0,0.0
12811,2023.0,3.0,30.0,23.0,19.876171,20.134245,16.755804,16.66515,19.60798,19.452255,19.804682,19.953686,17.179005,17.0455,17.542858,17.38489,20.150148,20.06849,20.84701,21.552744,17.858292,17.721275,0.0,0.0,0.0,0.0,0.0,0.0,4.0,0.0
12812,2023.0,3.0,30.0,23.0,20.031246,20.702438,16.697021,16.60278,19.856497,20.27623,19.170738,19.05919,17.114895,16.977934,17.406939,17.242771,19.795004,19.600262,20.495304,20.896788,17.778954,17.638557,0.0,4.0,0.0,0.0,0.0,0.0,4.0,0.0
12813,2023.0,3.0,30.0,23.0,19.14355,19.046947,16.642445,16.547857,19.002485,18.684345,18.894123,18.767334,17.055288,16.917183,17.292665,17.131378,19.637701,19.445528,19.50262,19.13031,17.704762,17.563566,0.0,0.0,0.0,0.0,0.0,0.0,0.0,0.0
12814,2023.0,3.0,30.0,23.0,18.659212,18.391575,17.069136,17.39073,18.52418,18.052082,18.6814,18.549961,16.998487,16.85774,17.18944,17.027899,19.502438,19.31041,19.089575,18.645435,18.36705,18.870743,4.0,0.0,0.0,0.0,0.0,0.0,0.0,4.0
12815,2023.0,3.0,30.0,23.0,18.431417,18.159721,16.787193,16.800428,18.305532,17.833902,18.505238,18.374176,16.945353,16.802843,17.093819,16.927118,19.382965,19.187618,18.87506,18.43702,17.824514,17.706339,0.0,0.0,0.0,0.0,0.0,0.0,0.0,0.0
12816,2023.0,3.0,31.0,0.0,18.53845,18.555944,16.58904,16.49314,18.417427,18.24272,18.344915,18.207771,16.893,16.746845,17.00528,16.833246,19.272882,19.072102,18.695297,18.259157,17.43213,17.083115,0.0,0.0,0.0,0.0,0.0,0.0,0.0,0.0
12817,2023.0,3.0,31.0,0.0,18.464441,18.502375,16.52438,16.427258,18.348133,18.20074,18.216974,18.08954,16.849022,16.704824,16.933876,16.76581,19.182955,18.98651,18.77897,18.582195,18.04763,18.362001,0.0,0.0,0.0,0.0,0.0,0.0,0.0,4.0
12818,2023.0,3.0,31.0,0.0,18.36559,18.408731,16.47236,16.376293,18.24738,18.106735,18.09749,17.974243,16.80762,16.66398,16.867802,16.700937,19.82305,20.272032,18.735353,18.567669,17.461227,17.130499,0.0,0.0,0.0,0.0,0.0,4.0,0.0,0.0
12819,2023.0,3.0,31.0,0.0,18.272144,18.318851,16.426805,16.332165,18.150972,18.014666,17.98907,17.86956,16.768564,16.625458,17.09452,17.177303,19.0249,18.633844,18.647625,18.47906,17.978567,18.27495,0.0,0.0,0.0,0.0,4.0,0.0,0.0,4.0
12820,2023.0,3.0,31.0,0.0,18.184141,18.23317,16.384598,16.291039,18.059958,17.926697,17.88918,17.772268,17.304344,17.664001,16.880674,16.740993,18.730396,18.263222,18.563128,18.394855,17.412754,17.085043,0.0,0.0,0.0,4.0,0.0,0.0,0.0,0.0
12821,2023.0,3.0,31.0,0.0,18.852268,19.564014,16.345503,16.253132,17.975683,17.845694,17.79806,17.68404,16.91859,16.810112,16.756474,16.591936,18.618834,18.15632,18.48465,18.317238,17.189207,16.83286,0.0,0.0,0.0,0.0,0.0,0.0,0.0,0.0
12822,2023.0,3.0,31.0,1.0,18.338278,18.48838,16.308247,16.216805,17.896498,17.769196,17.71317,17.601492,17.345991,17.712503,16.992569,17.083513,18.769493,18.558306,18.41115,18.244156,17.09501,16.7424,0.0,0.0,0.0,4.0,4.0,0.0,0.0,0.0
12823,2023.0,3.0,31.0,1.0,17.840336,17.642263,16.272642,16.18197,17.822733,17.698326,17.634491,17.525543,16.735815,16.424423,17.08622,17.215748,18.768198,18.575312,18.342764,18.17637,17.206322,17.049574,0.0,0.0,0.0,0.0,4.0,0.0,0.0,0.0
12824,2023.0,3.0,31.0,1.0,17.64511,17.407415,16.23718,16.14568,17.750854,17.6266,17.558119,17.449026,16.500559,16.14224,16.777275,16.624693,18.719795,18.526556,18.27665,18.10892,17.202097,17.055374,0.0,0.0,0.0,0.0,0.0,0.0,0.0,0.0
12825,2023.0,3.0,31.0,1.0,17.808163,17.846937,16.20328,16.11116,17.683834,17.560205,17.487207,17.378494,16.416899,16.060316,16.660398,16.492588,18.671995,18.478037,18.215128,18.046772,17.161957,17.01458,0.0,0.0,0.0,0.0,0.0,0.0,0.0,0.0
12826,2023.0,3.0,31.0,1.0,17.784798,17.839188,16.172857,16.082912,17.62517,17.506756,17.425266,17.321863,16.5379,16.37567,16.604445,16.439459,18.628002,18.436089,19.141048,19.841074,17.123888,16.978056,0.0,0.0,0.0,0.0,0.0,0.0,4.0,0.0
12827,2023.0,3.0,31.0,1.0,17.732574,17.789766,16.141237,16.051672,17.566597,17.449862,17.363281,17.261581,16.553131,16.408522,16.552032,16.386898,18.583876,18.392027,18.25475,17.949924,17.0846,16.938786,0.0,0.0,0.0,0.0,0.0,0.0,0.0,0.0
12828,2023.0,3.0,31.0,2.0,17.676388,17.731705,16.10816,16.016861,17.507645,17.388916,17.300705,17.196941,16.522831,16.376987,16.821234,16.933817,18.539307,18.345337,17.931877,17.532457,17.044413,16.896696,0.0,0.0,0.0,0.0,4.0,0.0,0.0,0.0
12829,2023.0,3.0,31.0,2.0,17.626299,17.684551,16.079603,15.990292,17.456512,17.341213,17.246634,17.146389,16.49395,16.349058,16.566797,16.40328,18.499865,18.307205,17.826653,17.43513,17.008282,16.861687,0.0,0.0,0.0,0.0,0.0,0.0,0.0,0.0
12830,2023.0,3.0,31.0,2.0,17.576183,17.635132,16.050827,15.96217,17.405516,17.291544,17.193146,17.094042,16.464325,16.319536,16.473064,16.305695,18.461079,18.268547,17.964647,17.804516,16.972511,16.826035,0.0,0.0,0.0,0.0,0.0,0.0,0.0,0.0
12831,2023.0,3.0,31.0,2.0,17.529034,17.589663,16.02334,15.935996,17.357521,17.245874,17.143068,17.046137,16.436054,16.291843,16.748163,16.862677,18.424557,18.232758,17.943027,17.777224,16.93853,16.7927,0.0,0.0,0.0,0.0,4.0,0.0,0.0,0.0
12832,2023.0,3.0,31.0,2.0,17.484438,17.54736,15.997059,15.911598,17.312342,17.203829,17.096022,17.002144,16.40917,16.265984,16.495836,16.335657,18.390089,18.199553,17.902424,17.737947,16.90623,16.761515,0.0,0.0,0.0,0.0,0.0,0.0,0.0,0.0
12833,2023.0,3.0,31.0,2.0,17.43876,17.501213,15.969149,15.883224,17.26559,17.156775,17.047443,16.953033,16.381952,16.238478,16.403597,16.237328,18.355402,18.16452,17.860533,17.695753,16.8737,16.728731,0.0,0.0,0.0,0.0,0.0,0.0,0.0,0.0
12834,2023.0,3.0,31.0,3.0,17.39952,17.466333,15.945738,15.863495,17.226343,17.1231,17.006685,16.91793,16.358145,16.216885,16.364525,16.20244,18.324972,18.136782,18.816093,19.531326,16.844818,16.702232,0.0,0.0,0.0,0.0,0.0,0.0,4.0,0.0
12835,2023.0,3.0,31.0,3.0,17.356277,17.422094,15.918792,15.836429,17.18297,17.079372,16.961353,16.872204,16.332645,16.19104,16.323616,16.160576,18.292559,18.103922,18.870935,19.388227,16.814093,16.671078,0.0,0.0,0.0,0.0,0.0,0.0,4.0,0.0
12836,2023.0,3.0,31.0,3.0,17.316732,17.383831,15.893654,15.812612,17.143648,17.041636,16.919722,16.832432,16.309038,16.168203,16.60793,16.726593,18.26252,18.074816,18.95584,19.48241,16.785479,16.643278,0.0,0.0,0.0,0.0,4.0,0.0,4.0,0.0
12837,2023.0,3.0,31.0,3.0,17.2858,17.361568,15.870322,15.791935,17.107855,17.009247,16.881475,16.798086,16.287067,16.14801,16.384987,16.250904,18.234552,18.049015,18.067749,17.755161,16.75871,16.618462,0.0,0.0,0.0,0.0,0.0,0.0,0.0,0.0
12838,2023.0,3.0,31.0,3.0,17.260855,17.346842,15.843722,15.764148,17.067886,16.967468,16.838942,16.753824,16.263245,16.123554,16.279093,16.117395,18.204348,18.018013,17.763554,17.373093,16.729914,16.58895,0.0,0.0,0.0,0.0,0.0,0.0,0.0,0.0
12839,2023.0,3.0,31.0,3.0,17.226631,17.313173,15.819705,15.741307,17.031637,16.93274,16.80078,16.71729,16.241323,16.10241,16.242262,16.081743,18.176477,17.991068,17.64871,17.266455,16.703196,16.563046,0.0,0.0,0.0,0.0,0.0,0.0,0.0,0.0
12840,2023.0,3.0,31.0,4.0,17.192818,17.280132,15.7968,15.720516,16.996975,16.90081,16.764685,16.68396,16.220257,16.082493,16.52827,16.650373,18.149645,17.9656,17.55973,17.18617,16.677382,16.538414,0.0,0.0,0.0,0.0,4.0,0.0,0.0,0.0
12841,2023.0,3.0,31.0,4.0,17.160563,17.249773,15.77456,15.70065,16.96336,16.870466,16.73002,16.652489,16.781132,17.155233,16.622957,16.764633,18.123917,17.941778,17.683104,17.514837,16.652617,16.515368,0.0,0.0,0.0,4.0,4.0,0.0,0.0,0.0
12842,2023.0,3.0,31.0,4.0,17.127096,17.216167,15.751347,15.67808,16.928091,16.836233,16.694021,16.617256,17.034512,17.492752,16.326473,16.181894,18.097357,17.915775,17.680119,17.522762,16.627106,16.49034,0.0,0.0,0.0,4.0,0.0,0.0,0.0,0.0
12843,2023.0,3.0,31.0,4.0,17.096458,17.186964,15.729825,15.658276,16.895226,16.805992,16.660645,16.586296,16.327715,16.060118,16.232635,16.078163,18.072304,17.892452,17.644444,17.489077,16.60308,16.467787,0.0,0.0,0.0,0.0,0.0,0.0,0.0,0.0
12844,2023.0,3.0,31.0,4.0,17.065334,17.155968,15.707454,15.636705,16.861578,16.773476,16.626421,16.553036,16.707037,16.919586,16.19052,16.03654,18.046827,17.867682,17.606886,17.45212,16.578638,16.443949,0.0,0.0,0.0,4.0,0.0,0.0,0.0,0.0
12845,2023.0,3.0,31.0,4.0,17.0353,17.12677,15.685646,15.616318,16.829308,16.74306,16.593548,16.521925,16.246727,15.952722,16.154078,16.001448,18.022297,17.844372,17.570477,17.41704,16.555103,16.421495,0.0,0.0,0.0,0.0,0.0,0.0,0.0,0.0
12846,2023.0,3.0,31.0,5.0,17.003853,17.094315,15.661878,15.59197,16.794966,16.707909,16.55854,16.485985,16.064716,15.737871,16.119188,15.965516,17.996778,17.818682,17.53339,17.379478,16.530764,16.39702,0.0,0.0,0.0,0.0,0.0,0.0,0.0,0.0
12847,2023.0,3.0,31.0,5.0,16.974361,17.065596,15.64058,15.572555,16.764305,16.679586,16.527292,16.457031,16.184443,16.04868,16.089529,15.93769,17.97323,17.796597,17.499413,17.347036,16.508099,16.375536,0.0,0.0,0.0,0.0,0.0,0.0,0.0,0.0
12848,2023.0,3.0,31.0,5.0,16.944132,17.035404,15.6175995,15.549754,16.73214,16.64774,16.494522,16.424501,16.180197,16.047388,16.060265,15.908773,17.949198,17.773222,17.465652,17.313908,16.485094,16.35306,0.0,0.0,0.0,0.0,0.0,0.0,0.0,0.0
12849,2023.0,3.0,31.0,5.0,16.915838,17.00868,15.597228,15.532055,16.703356,16.622213,16.465235,16.398457,16.74664,17.135868,16.334705,16.447065,17.926735,17.752773,17.434391,17.284853,16.463467,16.33311,0.0,0.0,0.0,4.0,4.0,0.0,0.0,0.0
12850,2023.0,3.0,31.0,5.0,16.887226,16.980772,15.575845,15.511947,16.67349,16.594017,16.434908,16.369734,16.356773,16.27429,16.134935,16.013348,18.67022,19.179867,17.403234,17.255104,16.44151,16.312254,0.0,0.0,0.0,0.0,0.0,4.0,0.0,0.0
12851,2023.0,3.0,31.0,5.0,16.859018,16.952858,15.554497,15.491405,17.381561,17.951097,16.404638,16.340515,16.056684,15.772135,16.33142,16.436695,18.156244,18.061247,17.372465,17.225327,16.419455,16.291006,0.0,4.0,0.0,0.0,4.0,0.0,0.0,0.0
12852,2023.0,3.0,31.0,6.0,16.83121,16.925303,15.533386,15.471071,17.587574,18.184538,16.374823,16.311712,16.53516,16.748407,16.134357,16.015213,17.790998,17.42443,17.342741,17.19659,17.124632,17.638172,0.0,4.0,0.0,4.0,0.0,0.0,0.0,4.0
12853,2023.0,3.0,31.0,6.0,21.238894,24.620918,15.512524,15.450938,21.289738,24.515232,21.135609,24.699251,20.310186,23.233868,16.324503,16.42977,21.610773,24.029396,22.45496,25.74073,20.340923,23.15356,0.0,4.0,0.0,0.0,4.0,0.0,0.0,0.0
12854,2023.0,3.0,31.0,6.0,21.067703,23.818775,15.490456,15.429074,21.08304,23.677345,21.061493,23.986746,17.790953,17.805477,20.324474,23.318146,21.002886,22.761566,21.925236,24.33416,17.838882,17.792858,0.0,0.0,0.0,0.0,0.0,0.0,0.0,0.0
12855,2023.0,3.0,31.0,6.0,21.078472,23.535624,15.470623,15.408284,21.093235,23.388521,21.085104,23.672058,16.771166,16.63642,18.13304,18.523396,21.066452,22.682653,21.04422,22.731901,16.776552,16.471235,0.0,0.0,0.0,0.0,0.0,0.0,0.0,0.0
12856,2023.0,3.0,31.0,6.0,21.067413,23.310024,15.451149,15.388051,21.082829,23.155674,21.073423,23.409355,16.638714,16.50435,17.16214,17.320307,21.020767,22.424557,21.019463,22.533237,17.58683,18.19398,0.0,0.0,0.0,0.0,4.0,4.0,4.0,4.0
12857,2023.0,3.0,31.0,6.0,21.066708,23.16673,15.43242,15.369071,21.065323,23.002153,21.07306,23.240944,16.542307,16.410429,20.27886,22.802734,21.039404,22.332647,21.075563,22.563469,21.731833,25.09426,0.0,0.0,0.0,0.0,0.0,4.0,0.0,0.0
12858,2023.0,3.0,31.0,7.0,21.064993,23.059782,15.415167,15.350748,21.065748,22.91259,21.070496,23.112713,16.462828,16.332495,18.333572,18.635994,21.064846,22.308691,21.064491,22.45438,19.341227,19.830673,0.0,0.0,0.0,0.0,0.0,0.0,0.0,4.0
12859,2023.0,3.0,31.0,7.0,21.06365,22.979681,15.877831,16.229242,21.064081,22.840067,21.069132,23.017086,16.396626,16.267841,17.547316,17.74445,21.029165,22.14144,21.064302,22.385597,20.264559,22.11066,4.0,0.0,0.0,0.0,4.0,4.0,0.0,0.0
12860,2023.0,3.0,31.0,7.0,21.886505,24.330038,20.318668,23.807081,21.965786,24.183716,21.859669,24.137217,17.09489,17.634169,20.32705,22.613459,21.681448,23.162994,21.897242,23.732502,18.307657,18.126951,4.0,0.0,0.0,4.0,4.0,4.0,0.0,0.0
12861,2023.0,3.0,31.0,7.0,21.802357,23.978483,20.031975,22.726994,21.728693,23.621717,21.830105,24.006145,20.341154,23.111994,20.024752,21.763975,21.770798,23.130045,21.984632,23.63956,17.406275,17.045288,0.0,4.0,0.0,0.0,4.0,0.0,0.0,0.0
12862,2023.0,3.0,31.0,7.0,20.933985,22.345457,17.600426,17.70351,20.985958,22.316713,20.942888,22.345116,17.862974,17.828615,20.08004,21.68438,20.960585,21.641605,20.909483,21.674896,17.352491,17.19305,0.0,4.0,0.0,0.0,0.0,4.0,0.0,0.0
12863,2023.0,3.0,31.0,7.0,21.077356,22.674393,16.53728,16.465143,21.086548,22.548254,21.081373,22.665709,16.709291,16.371037,18.606518,18.687298,21.072092,21.9233,21.075567,22.089937,18.279383,19.03146,0.0,0.0,0.0,0.0,4.0,0.0,0.0,4.0
12864,2023.0,3.0,31.0,8.0,21.055124,22.649794,16.34652,16.2693,21.070797,22.512344,21.035324,22.572575,16.673992,16.520395,20.26296,22.040535,21.050764,21.896173,21.043694,22.075256,20.372192,22.510845,0.0,0.0,4.0,0.0,0.0,0.0,0.0,0.0
12865,2023.0,3.0,31.0,8.0,19.634209,19.92981,16.199703,16.119648,19.85534,20.145325,20.02804,20.651937,16.648151,16.520624,18.403593,18.269987,19.757954,19.420977,19.851904,19.81373,18.954725,19.436752,0.0,4.0,4.0,0.0,0.0,0.0,0.0,4.0
12866,2023.0,3.0,31.0,8.0,19.68642,20.360641,16.106428,16.021898,19.384726,19.536434,19.322021,19.53219,16.587315,16.46459,18.202997,18.29312,20.266075,20.707348,20.3452,21.043839,20.274694,21.839123,0.0,4.0,4.0,0.0,4.0,4.0,4.0,0.0
12867,2023.0,3.0,31.0,8.0,19.663239,20.374237,16.01147,15.929128,19.154535,19.325047,18.376984,18.042755,16.516832,16.395128,20.262074,21.938126,19.483398,19.108294,19.342068,19.029161,19.175465,19.61342,0.0,4.0,0.0,0.0,4.0,0.0,0.0,4.0
12868,2023.0,3.0,31.0,8.0,19.235935,19.669323,15.927521,15.844759,18.974216,19.158789,17.857065,17.438618,16.451906,16.331646,20.045261,21.407507,18.956509,18.49218,18.703308,18.293793,20.518456,22.355219,0.0,4.0,0.0,0.0,0.0,0.0,0.0,0.0
12869,2023.0,3.0,31.0,8.0,18.393612,18.2862,15.856411,15.773953,18.830683,19.02882,17.592857,17.177727,16.394941,16.276321,18.4436,18.245092,18.742851,18.28222,18.439453,18.032234,18.5117,18.323433,0.0,4.0,0.0,0.0,0.0,0.0,0.0,0.0
12870,2023.0,3.0,31.0,9.0,18.708693,19.10114,16.28279,16.61348,18.734943,18.941908,18.374235,18.826698,16.351795,16.233387,17.958668,17.718071,19.639725,20.136173,18.48799,18.29823,17.88057,17.49365,4.0,4.0,4.0,0.0,0.0,4.0,0.0,0.0
12871,2023.0,3.0,31.0,9.0,18.11739,18.020466,20.263453,23.470732,18.651503,18.872145,17.75461,17.577675,16.312551,16.195944,18.191166,18.330116,19.570974,19.839628,18.43508,18.2812,18.746628,19.37524,4.0,4.0,0.0,0.0,4.0,4.0,0.0,4.0
12872,2023.0,3.0,31.0,9.0,17.69631,17.501492,20.018553,22.513971,18.567726,18.801893,17.243053,16.890125,16.272816,16.158127,20.264442,21.972925,19.493233,19.745707,18.33139,18.186573,20.190845,21.759912,4.0,4.0,0.0,0.0,4.0,4.0,0.0,0.0
12873,2023.0,3.0,31.0,9.0,17.516743,17.326466,20.079622,22.324163,18.495577,18.741364,17.049206,16.680834,16.954367,17.469965,20.04207,21.399946,18.781796,18.416283,18.231924,18.093077,18.474638,18.296274,4.0,4.0,0.0,4.0,0.0,0.0,0.0,0.0
12874,2023.0,3.0,31.0,9.0,17.596502,17.62904,20.068462,22.08953,18.434309,18.691055,17.140137,16.993925,20.344013,23.198395,18.767714,18.818346,18.435526,18.017889,18.142605,18.008558,17.660494,17.31928,4.0,4.0,0.0,0.0,4.0,0.0,0.0,0.0
12875,2023.0,3.0,31.0,9.0,18.354017,19.097662,20.084118,21.983152,18.38155,18.648815,17.860178,18.383791,17.86077,17.88686,20.30238,21.819212,18.309181,17.896002,18.060757,17.92704,17.590937,17.429203,0.0,4.0,4.0,0.0,0.0,0.0,0.0,0.0
12876,2023.0,3.0,31.0,10.0,18.354906,18.881905,18.502943,18.812819,17.705523,17.435898,17.528927,17.600002,16.727531,16.455994,18.577385,18.419086,18.216274,17.812485,17.98777,17.855925,18.433067,19.111956,4.0,0.0,0.0,0.0,0.0,0.0,0.0,4.0
12877,2023.0,3.0,31.0,10.0,17.661184,17.613892,20.23286,22.144323,17.395735,17.033276,17.034853,16.752653,16.694399,16.556055,18.08665,17.87063,18.361246,18.178457,18.912823,19.648333,20.204008,22.071468,4.0,0.0,0.0,0.0,0.0,0.0,4.0,4.0
12878,2023.0,3.0,31.0,10.0,17.295876,17.153221,20.034367,21.659994,17.922874,18.162296,16.807001,16.488657,16.655085,16.543,17.934055,17.754831,19.138968,19.648493,18.16433,17.91067,20.044304,21.565062,4.0,4.0,0.0,0.0,0.0,4.0,0.0,0.0
12879,2023.0,3.0,31.0,10.0,17.173054,17.041271,20.080486,21.700226,18.124771,18.443373,16.895952,16.778507,16.582586,16.477688,18.14417,18.318178,18.511251,18.222897,18.756922,19.33648,18.412052,18.275324,0.0,4.0,0.0,0.0,4.0,0.0,4.0,0.0
12880,2023.0,3.0,31.0,10.0,17.279915,17.353441,18.684055,18.94787,18.13338,18.464968,16.918362,16.84559,16.518148,16.418144,20.26644,22.039927,18.161276,17.798885,19.060297,19.63834,17.634506,17.325592,4.0,4.0,0.0,0.0,0.0,0.0,4.0,0.0
12881,2023.0,3.0,31.0,10.0,17.304567,17.419064,20.232819,22.140402,17.494047,17.282888,16.874317,16.810707,16.462805,16.366676,18.783379,18.9436,18.071539,17.7117,19.135784,19.715794,17.39591,17.082554,4.0,0.0,0.0,0.0,0.0,0.0,4.0,0.0
12882,2023.0,3.0,31.0,11.0,17.256054,17.371103,20.018393,21.59356,17.136486,16.82531,16.82436,16.764072,16.413115,16.317234,17.91503,17.770374,18.225475,18.087769,19.202444,19.788849,17.418818,17.289818,4.0,0.0,0.0,0.0,0.0,0.0,4.0,0.0
12883,2023.0,3.0,31.0,11.0,17.20705,17.323732,20.079748,21.653797,17.716862,18.021318,17.514738,18.105812,16.374516,16.28316,18.096855,18.298965,18.997126,19.533613,18.305794,18.064966,17.369759,17.256506,0.0,4.0,4.0,0.0,4.0,4.0,0.0,0.0
12884,2023.0,3.0,31.0,11.0,17.170698,17.300146,18.755463,19.036121,17.944052,18.317547,17.794975,18.429409,16.34072,16.252436,20.240868,22.037615,19.103712,19.476418,17.903234,17.604721,17.293257,17.18827,4.0,4.0,4.0,0.0,0.0,4.0,0.0,0.0
12885,2023.0,3.0,31.0,11.0,17.903784,18.71387,20.23118,22.096624,17.972557,18.351831,17.65094,18.078053,16.311058,16.225208,18.780556,18.961727,19.125036,19.490187,17.764065,17.465887,17.221739,17.121994,0.0,4.0,4.0,0.0,0.0,4.0,0.0,0.0
12886,2023.0,3.0,31.0,11.0,17.522161,17.771305,18.485191,18.568748,17.986202,18.370533,17.008686,16.909931,16.98687,17.516134,17.954208,17.86237,18.463854,18.20444,17.673271,17.383242,17.159533,17.06419,0.0,4.0,0.0,4.0,0.0,0.0,0.0,0.0
12887,2023.0,3.0,31.0,11.0,17.10987,17.080366,18.309347,18.611511,17.993141,18.38305,16.720297,16.494652,20.346718,23.272284,17.764128,17.635332,18.2243,17.886883,17.609982,17.327812,17.112911,17.020882,4.0,4.0,0.0,0.0,0.0,0.0,0.0,0.0
12888,2023.0,3.0,31.0,12.0,16.936752,16.876673,20.214739,22.119535,17.999125,18.394306,17.280159,17.650362,17.924099,18.051033,17.621952,17.491322,18.134241,17.804092,17.699558,17.576323,17.065239,16.977415,0.0,4.0,4.0,0.0,0.0,0.0,0.0,0.0
12889,2023.0,3.0,31.0,12.0,21.287579,24.608139,18.69149,19.022366,21.330158,24.212887,21.362589,24.628578,16.793108,16.577847,17.891752,18.100096,21.984915,24.462004,22.399807,25.990894,17.020096,16.933455,0.0,0.0,4.0,0.0,4.0,0.0,0.0,0.0
12890,2023.0,3.0,31.0,12.0,21.0061,23.601076,17.740326,17.750257,21.02747,23.259872,21.032495,23.578188,16.70458,16.602083,20.27701,22.232687,20.935421,22.396618,21.148981,23.24971,16.984838,16.899933,0.0,0.0,0.0,0.0,0.0,0.0,0.0,0.0
12891,2023.0,3.0,31.0,12.0,21.073181,23.450254,17.431215,17.392796,21.082638,23.133783,21.0668,23.345436,16.665966,16.577488,18.746744,18.970348,21.06321,22.490206,21.057293,22.822182,16.957495,16.874063,0.0,0.0,4.0,0.0,0.0,0.0,0.0,0.0
12892,2023.0,3.0,31.0,12.0,21.033556,23.166283,17.733063,18.123323,21.045244,22.881056,21.057848,23.140232,16.606314,16.5196,17.876232,17.77826,21.03959,22.323952,21.00835,22.532763,16.93558,16.853798,4.0,4.0,4.0,0.0,0.0,0.0,4.0,0.0
12893,2023.0,3.0,31.0,12.0,21.161366,23.287037,20.274817,22.572128,21.164375,23.027222,21.16147,23.23193,16.560265,16.477583,17.673773,17.553883,21.13658,22.427557,21.193987,22.795664,16.918756,16.839514,0.0,0.0,0.0,0.0,0.0,0.0,0.0,0.0
12894,2023.0,3.0,31.0,13.0,21.071321,22.99263,18.64079,19.080677,21.070087,22.752089,21.052439,22.89076,16.523056,16.44284,17.54906,17.427694,21.040699,22.16527,21.0572,22.416336,16.904474,16.82715,4.0,0.0,4.0,0.0,0.0,0.0,0.0,0.0
12895,2023.0,3.0,31.0,13.0,21.172487,23.092348,20.238966,22.37113,21.056091,22.686926,21.056395,22.826769,16.493574,16.415575,17.459343,17.33911,21.148401,22.328651,21.057003,22.338419,16.893,16.817778,0.0,0.0,4.0,0.0,0.0,0.0,0.0,0.0
12896,2023.0,3.0,31.0,13.0,21.074173,22.853186,18.394445,18.55063,21.05675,22.655523,21.07882,22.8364,16.470484,16.394735,17.386805,17.271475,21.038607,22.064901,21.04513,22.27609,16.88375,16.81059,0.0,0.0,0.0,0.0,0.0,0.0,0.0,0.0
12897,2023.0,3.0,31.0,13.0,21.038357,22.713837,17.487982,17.461605,21.053972,22.622862,21.07009,22.77074,16.451239,16.37669,17.321655,17.20653,21.037004,22.029314,21.04386,22.241018,16.87602,16.804728,0.0,0.0,0.0,0.0,0.0,0.0,0.0,0.0
12898,2023.0,3.0,31.0,13.0,21.136782,22.896416,17.274809,17.235975,21.113235,22.711155,21.10385,22.763367,16.436392,16.363306,17.266354,17.152878,21.025055,21.949663,21.093025,22.305492,16.869154,16.798895,0.0,0.0,4.0,0.0,0.0,4.0,0.0,0.0
12899,2023.0,3.0,31.0,13.0,21.087894,22.70577,17.116838,17.08159,21.06835,22.555683,21.100563,22.720415,16.425238,16.353401,17.219969,17.109125,21.095993,22.083017,21.090294,22.259718,16.863825,16.794397,0.0,4.0,4.0,0.0,0.0,0.0,0.0,0.0
12900,2023.0,3.0,31.0,14.0,21.129852,22.80873,16.984934,16.953825,21.130981,22.68236,21.13885,22.79833,16.417044,16.34607,17.179932,17.071165,21.091377,22.015436,21.088846,22.234076,16.860014,16.791142,0.0,0.0,0.0,0.0,0.0,0.0,0.0,0.0
12901,2023.0,3.0,31.0,14.0,19.51355,19.665117,17.33989,17.720413,20.014175,20.459044,19.430403,19.483248,16.411823,16.341639,17.148516,17.044287,20.12663,20.149233,19.918009,19.95979,16.85757,16.789003,4.0,4.0,0.0,0.0,0.0,0.0,0.0,0.0
12902,2023.0,3.0,31.0,14.0,19.505033,20.005482,20.293087,22.871737,19.604528,19.93573,18.656961,18.414026,16.409338,16.339022,17.525948,17.777102,19.73606,19.596907,19.442926,19.31789,16.856089,16.78732,0.0,4.0,0.0,0.0,4.0,0.0,0.0,0.0
12903,2023.0,3.0,31.0,14.0,19.478651,20.036398,18.754713,19.487082,19.418207,19.77081,18.459711,18.394436,16.407848,16.337246,20.315445,22.507046,19.547493,19.406555,19.197754,19.07041,16.8532,16.78401,4.0,4.0,0.0,0.0,0.0,0.0,0.0,0.0
12904,2023.0,3.0,31.0,14.0,18.729296,18.768274,20.268095,22.469404,19.271654,19.639322,18.282629,18.25299,17.180128,17.7938,18.667345,18.958033,19.405386,19.266062,19.01379,18.888075,16.848703,16.778873,4.0,4.0,0.0,4.0,0.0,0.0,0.0,0.0
12905,2023.0,3.0,31.0,14.0,18.980341,19.54394,20.021654,21.777357,18.550224,18.405449,18.089092,18.06448,20.335043,23.062614,17.742443,17.663494,19.289345,19.152716,18.865763,18.743174,16.8425,16.772194,4.0,0.0,0.0,4.0,0.0,0.0,0.0,0.0
12906,2023.0,3.0,31.0,15.0,18.43891,18.486452,20.07285,21.756157,18.790644,19.139704,18.631847,19.233341,20.004082,22.014101,17.556692,17.44225,19.986345,20.568926,18.73977,18.619448,16.83439,16.763924,0.0,4.0,4.0,4.0,0.0,4.0,0.0,0.0
12907,2023.0,3.0,31.0,15.0,18.05549,18.025532,18.491459,18.620167,18.27829,18.147131,18.20343,18.328934,20.074863,21.909725,17.47232,17.356413,19.325256,19.12857,18.631329,18.513712,16.822557,16.749863,0.0,0.0,0.0,0.0,0.0,0.0,0.0,0.0
12908,2023.0,3.0,31.0,15.0,17.871883,17.825861,17.546606,17.379107,17.890934,17.664383,17.652494,17.49789,18.324049,18.347902,17.396147,17.281612,18.909113,18.60052,18.529089,18.414143,16.80345,16.730244,0.0,0.0,0.0,0.0,0.0,0.0,0.0,0.0
12909,2023.0,3.0,31.0,15.0,17.918062,18.02608,17.438047,17.380808,18.416824,18.767738,17.4404,17.23365,17.619982,17.35783,17.322155,17.21205,19.534655,19.900444,18.437754,18.327156,16.773565,16.703531,0.0,4.0,0.0,0.0,0.0,4.0,0.0,0.0
12910,2023.0,3.0,31.0,15.0,17.879984,18.011778,17.802437,18.181301,18.536198,18.947737,17.470734,17.416908,17.373945,17.108189,17.249584,17.145027,18.946781,18.704718,18.351519,18.246506,16.7418,16.674576,4.0,4.0,0.0,0.0,0.0,0.0,0.0,0.0
12911,2023.0,3.0,31.0,15.0,17.813005,17.945759,20.263807,22.5103,18.526814,18.93389,17.429182,17.403656,17.325224,17.19829,17.181194,17.080019,18.696676,18.38297,18.273518,18.17363,17.653437,18.424698,0.0,4.0,0.0,0.0,0.0,0.0,0.0,4.0
12912,2023.0,3.0,31.0,16.0,17.730515,17.855618,18.618166,19.039022,18.506433,18.908998,17.348202,17.324686,17.229717,17.129965,17.113293,17.016619,18.571987,18.258646,18.192984,18.096735,20.304216,22.81068,0.0,4.0,0.0,0.0,0.0,0.0,0.0,0.0
12913,2023.0,3.0,31.0,16.0,17.666883,17.801065,17.595642,17.636465,18.478615,18.874155,17.26968,17.244154,17.842361,18.39881,17.048916,16.953745,18.638042,18.492973,18.117777,18.023079,18.12502,18.188864,0.0,4.0,0.0,4.0,0.0,0.0,0.0,0.0
12914,2023.0,3.0,31.0,16.0,18.353308,19.135859,17.793634,18.1536,17.856514,17.73179,17.91137,18.498716,20.291212,22.603079,16.994173,16.898123,19.418995,20.007017,18.055786,17.961075,17.400028,17.16026,4.0,0.0,4.0,0.0,0.0,4.0,0.0,0.0
12915,2023.0,3.0,31.0,16.0,17.960499,18.20059,20.26332,22.468073,18.136211,18.462894,18.172098,18.804676,18.229845,18.267267,16.932787,16.830853,19.460659,19.843672,17.986795,17.88613,17.29269,17.181612,4.0,4.0,4.0,0.0,0.0,4.0,0.0,0.0
12916,2023.0,3.0,31.0,16.0,17.45782,17.41195,20.019808,21.752703,17.678196,17.519133,17.998398,18.41375,17.212753,16.954098,16.876514,16.77013,18.696293,18.413826,17.921509,17.816751,17.19926,17.103792,4.0,0.0,4.0,0.0,0.0,0.0,0.0,0.0
12917,2023.0,3.0,31.0,16.0,17.268742,17.18146,20.05774,21.675486,18.010977,18.33775,17.328283,17.204727,17.87958,18.437572,16.827812,16.718187,18.388268,18.053707,17.862228,17.754784,17.096085,17.003134,4.0,4.0,0.0,4.0,0.0,0.0,0.0,0.0
12918,2023.0,3.0,31.0,17.0,17.353106,17.437727,20.052217,21.559084,18.173138,18.537745,17.639647,17.987633,20.273563,22.439127,17.15081,17.357733,19.03916,19.380447,18.787848,19.541973,17.006168,16.91447,4.0,4.0,4.0,4.0,4.0,4.0,4.0,0.0
12919,2023.0,3.0,31.0,17.0,17.385334,17.506975,20.069439,21.530523,18.174713,18.53339,17.20883,17.077929,20.157797,21.96555,20.396172,22.776184,19.259338,19.60359,19.01507,19.627611,16.92833,16.837265,0.0,4.0,0.0,4.0,4.0,4.0,4.0,0.0
12920,2023.0,3.0,31.0,17.0,18.101383,18.88204,18.510443,18.47595,18.167316,18.519438,17.532448,17.869934,20.073847,21.647198,20.01134,21.814,18.570185,18.274557,18.124315,17.906408,16.85756,16.762774,0.0,4.0,4.0,0.0,0.0,0.0,0.0,0.0
12921,2023.0,3.0,31.0,17.0,17.530851,17.566708,17.577032,17.26399,18.155405,18.501125,17.121548,16.986713,18.967836,19.358839,18.256882,18.190138,18.255898,17.900927,17.721603,17.427738,17.664978,18.332865,0.0,4.0,0.0,4.0,0.0,0.0,0.0,4.0
12922,2023.0,3.0,31.0,17.0,17.926315,18.435093,17.978117,18.23226,18.1409,18.480223,17.514046,17.831463,20.241745,21.753412,17.515913,17.123367,18.160212,17.796932,17.604021,17.298786,20.311598,22.826109,4.0,4.0,4.0,0.0,0.0,0.0,0.0,0.0
12923,2023.0,3.0,31.0,17.0,18.117548,18.658323,20.258615,22.232233,18.12325,18.456366,17.69529,18.055794,19.126911,19.487053,17.466589,17.279863,18.078075,17.712679,17.511904,17.205395,18.758148,19.350021,4.0,4.0,4.0,4.0,0.0,0.0,0.0,4.0
12924,2023.0,3.0,31.0,18.0,17.48594,17.457485,20.025288,21.576609,18.103905,18.430828,17.701923,18.055471,20.18875,21.651903,17.406084,17.250853,19.025385,19.593735,17.604908,17.468666,20.290163,22.380196,4.0,4.0,4.0,4.0,0.0,4.0,0.0,0.0
12925,2023.0,3.0,31.0,18.0,21.264944,24.2922,20.055637,21.514788,21.299519,24.01648,21.33162,24.353231,20.047852,21.317362,17.291733,17.13963,21.571842,23.923363,21.55421,24.250456,18.248083,18.156668,4.0,0.0,4.0,0.0,0.0,4.0,0.0,0.0
12926,2023.0,3.0,31.0,18.0,21.024258,23.38886,20.068563,21.47179,21.00712,23.08202,21.013767,23.346111,18.517164,18.314919,17.602095,17.814526,21.047613,22.611603,21.002949,22.946007,17.310593,16.987513,0.0,4.0,4.0,0.0,4.0,0.0,0.0,0.0
12927,2023.0,3.0,31.0,18.0,21.067123,23.234076,18.828823,19.008446,21.06367,22.972048,21.07041,23.201868,17.695816,17.30301,20.280775,22.423666,21.06164,22.44546,21.062546,22.829306,17.25751,17.118122,4.0,4.0,4.0,0.0,0.0,0.0,0.0,0.0
12928,2023.0,3.0,31.0,18.0,21.060425,23.059774,20.224585,21.87459,21.079102,22.871334,21.08491,23.073547,17.62729,17.447657,18.581688,18.782001,21.05777,22.297974,21.053398,22.64838,18.199959,18.970142,4.0,0.0,0.0,0.0,0.0,0.0,0.0,4.0
12929,2023.0,3.0,31.0,18.0,21.059977,22.946146,20.027632,21.36654,21.049248,22.6794,21.055128,22.862877,18.331778,18.87859,17.982584,18.158493,21.042532,22.193352,21.052912,22.531286,20.26535,22.362429,4.0,4.0,4.0,4.0,4.0,0.0,0.0,0.0
12930,2023.0,3.0,31.0,19.0,21.03282,22.789946,20.053375,21.345657,21.053232,22.60763,21.083035,22.842804,20.253473,22.102335,20.355507,22.206194,21.043089,22.13702,21.012842,22.339651,18.191822,18.047815,4.0,4.0,0.0,0.0,0.0,0.0,4.0,0.0
12931,2023.0,3.0,31.0,19.0,21.036695,22.741209,20.06667,21.336058,21.051575,22.544992,21.076069,22.75147,18.362026,18.196653,18.993174,19.396986,21.042166,22.090803,21.032248,22.298742,18.210546,18.70351,0.0,4.0,0.0,0.0,4.0,0.0,4.0,4.0
12932,2023.0,3.0,31.0,19.0,21.07695,22.76771,18.894184,19.026228,21.050724,22.497055,21.075567,22.688705,17.437466,17.048178,20.252335,21.895475,21.041498,22.054527,21.068584,22.342728,20.366262,22.399488,4.0,4.0,0.0,0.0,0.0,0.0,0.0,0.0
12933,2023.0,3.0,31.0,19.0,21.068775,22.691027,20.223614,21.784279,21.074848,22.527227,21.057764,22.63671,17.410755,17.238335,18.498987,18.296963,21.041,22.025661,21.060417,22.273886,18.301683,18.14158,0.0,0.0,0.0,0.0,0.0,0.0,0.0,0.0
12934,2023.0,3.0,31.0,19.0,21.068687,22.642017,18.59109,18.49881,21.068933,22.478348,21.034883,22.55365,17.364967,17.217855,17.790087,17.589054,21.040485,22.001978,21.060343,22.230093,18.33049,18.80434,0.0,0.0,4.0,0.0,0.0,0.0,0.0,4.0
12935,2023.0,3.0,31.0,19.0,21.04136,22.529394,18.324867,18.577496,21.068758,22.44568,21.063932,22.6202,17.260637,17.118418,17.662197,17.483772,21.010334,21.904839,21.019928,22.087545,20.257187,22.088545,4.0,0.0,0.0,0.0,0.0,4.0,4.0,0.0
12936,2023.0,3.0,31.0,20.0,21.19644,22.81477,20.232187,21.956694,21.241798,22.77795,21.166853,22.776407,17.966433,18.541048,17.514729,17.3377,21.136818,22.140587,21.207254,22.471048,19.062246,19.500677,4.0,4.0,0.0,4.0,0.0,0.0,0.0,4.0
12937,2023.0,3.0,31.0,20.0,21.045126,22.487434,20.027956,21.4023,21.074577,22.429054,21.072,22.545517,20.2865,22.430283,17.38611,17.211143,21.051418,21.933355,21.057652,22.14457,20.231413,21.861568,4.0,0.0,0.0,0.0,0.0,0.0,0.0,0.0
12938,2023.0,3.0,31.0,20.0,21.044584,22.470175,20.07145,21.409374,21.066793,22.389103,21.055096,22.51445,18.19829,18.046484,17.27757,17.105913,21.051823,21.906313,21.058556,22.125648,18.435837,18.220186,0.0,0.0,0.0,0.0,0.0,0.0,0.0,0.0
12939,2023.0,3.0,31.0,20.0,21.044401,22.454222,18.860596,18.998325,21.042137,22.298836,21.056986,22.514854,17.95411,18.212914,17.186022,17.019505,21.037039,21.88227,21.044622,22.106142,18.508833,18.947796,4.0,4.0,0.0,4.0,0.0,0.0,0.0,4.0
12940,2023.0,3.0,31.0,20.0,21.044022,22.438635,20.225191,21.816841,21.072065,22.36556,21.056496,22.508162,20.342228,22.203842,17.097464,16.925545,21.008623,21.807154,21.04633,22.110907,20.23281,21.891336,0.0,0.0,0.0,4.0,0.0,4.0,0.0,0.0
12941,2023.0,3.0,31.0,20.0,21.069971,22.494255,18.552649,18.437368,21.040878,22.267645,21.056112,22.500088,20.039255,21.505028,17.019455,16.848286,21.057814,21.901722,21.045944,22.108393,18.419842,18.196085,0.0,4.0,0.0,0.0,0.0,0.0,0.0,0.0
12942,2023.0,3.0,31.0,21.0,21.064045,22.46028,17.84055,17.69383,21.071695,22.3391,21.056017,22.49204,18.344248,18.096853,16.948706,16.776737,21.020397,21.784796,21.006117,21.99785,17.564194,17.169516,0.0,0.0,0.0,0.0,0.0,4.0,4.0,0.0
12943,2023.0,3.0,31.0,21.0,21.064283,22.439863,18.116219,18.372068,21.04034,22.242655,21.055962,22.484169,18.220982,18.438107,17.23833,17.37297,21.025852,21.784328,21.067293,22.12553,18.535053,19.25359,4.0,4.0,0.0,4.0,4.0,4.0,0.0,4.0
12944,2023.0,3.0,31.0,21.0,21.048141,22.420914,20.247126,22.12107,21.045973,22.2457,21.055683,22.474775,20.294657,21.92297,20.395548,22.629488,21.055439,21.852476,21.016865,21.974146,21.198566,23.535255,4.0,4.0,0.0,4.0,0.0,0.0,4.0,4.0
12945,2023.0,3.0,31.0,21.0,21.04973,22.427921,20.026308,21.478971,21.070532,22.307112,21.05496,22.462513,20.012726,21.282652,18.773968,19.203712,21.050169,21.82383,21.065445,22.087267,19.951326,21.10723,4.0,0.0,0.0,4.0,4.0,0.0,0.0,4.0
12946,2023.0,3.0,31.0,21.0,21.049475,22.426823,20.073294,21.457558,21.065105,22.28241,21.054796,22.450891,20.07092,21.3104,20.286158,22.177538,21.050312,21.807314,21.016548,21.9446,20.293114,21.705023,0.0,0.0,0.0,0.0,0.0,0.0,4.0,4.0
12947,2023.0,3.0,31.0,21.0,21.04909,22.423712,18.490091,18.328466,21.065384,22.268599,21.054298,22.438578,18.494547,18.192802,18.648777,18.765974,21.035284,21.79225,21.065002,22.061506,20.063517,21.208807,0.0,0.0,0.0,0.0,0.0,0.0,0.0,0.0
12948,2023.0,3.0,31.0,22.0,21.049152,22.420124,17.831173,17.660456,21.048008,22.255144,21.054142,22.427914,17.669977,17.203146,17.741411,17.569704,21.036974,21.80301,21.05612,22.02864,18.54662,18.23882,0.0,0.0,0.0,0.0,0.0,0.0,0.0,0.0
12949,2023.0,3.0,31.0,22.0,21.049303,22.416348,17.664877,17.51057,21.050097,22.270515,21.05385,22.419024,18.3059,18.675592,17.502203,17.3074,21.036762,21.806324,21.05657,22.014385,17.782307,17.344059,0.0,0.0,0.0,4.0,0.0,0.0,0.0,0.0
12950,2023.0,3.0,31.0,22.0,21.048864,22.411627,17.50357,17.353504,21.049734,22.275946,21.053926,22.412355,20.27304,21.937847,17.352758,17.159576,21.00644,21.728788,21.056126,22.000328,18.293983,18.548328,0.0,0.0,0.0,0.0,0.0,4.0,0.0,4.0
12951,2023.0,3.0,31.0,22.0,21.048283,22.404696,17.362223,17.213106,21.049591,22.27826,21.053667,22.40554,18.39985,18.148495,17.231794,17.04175,21.05675,21.826721,21.04195,21.988707,20.300913,21.904202,0.0,0.0,0.0,0.0,0.0,0.0,0.0,0.0
12952,2023.0,3.0,31.0,22.0,21.04833,22.399334,17.240099,17.092703,21.049427,22.27813,21.053223,22.397884,17.494284,17.040817,17.128696,16.942776,21.049105,21.789068,21.043863,22.0012,18.450212,18.19191,0.0,0.0,0.0,0.0,0.0,0.0,0.0,0.0
12953,2023.0,3.0,31.0,22.0,21.021317,22.321596,17.131924,16.98537,21.049267,22.27642,21.053102,22.391228,17.498308,17.294939,17.330746,17.400095,21.01887,21.692102,21.043251,22.004751,18.687523,19.262196,0.0,0.0,0.0,0.0,4.0,4.0,0.0,4.0
12954,2023.0,3.0,31.0,23.0,21.053633,22.408852,17.03942,16.896534,21.049118,22.27358,21.052967,22.384644,18.102028,18.49583,20.388838,22.522818,21.054266,21.775566,21.043303,22.006794,20.30525,21.964169,0.0,0.0,0.0,4.0,4.0,0.0,0.0,0.0
12955,2023.0,3.0,31.0,23.0,19.527407,19.446898,16.95778,16.814436,19.835188,19.940426,19.746105,19.86842,17.708355,17.588627,18.547136,18.743124,19.824986,19.401072,20.7807,21.461267,18.466627,18.217346,0.0,0.0,0.0,0.0,0.0,0.0,4.0,0.0
12956,2023.0,3.0,31.0,23.0,18.844318,18.496738,16.895023,16.749363,19.222391,19.064539,19.100676,18.95461,17.221647,16.81001,17.765684,17.569475,19.346119,18.779747,19.523499,19.124031,17.84325,17.398582,0.0,0.0,0.0,0.0,0.0,0.0,0.0,0.0
12957,2023.0,3.0,31.0,23.0,18.861326,18.809301,16.835089,16.689129,18.95264,18.77066,18.81797,18.649351,17.008776,16.565542,17.877132,17.940304,19.430725,19.15764,19.019827,18.51382,18.623095,19.102919,0.0,0.0,0.0,0.0,4.0,0.0,0.0,4.0
12958,2023.0,3.0,31.0,23.0,19.505758,20.157368,16.778233,16.631811,19.4447,19.866774,18.608894,18.437738,17.119488,16.916647,17.56208,17.38314,19.379961,19.152302,18.776266,18.273857,18.550724,18.816406,0.0,4.0,0.0,0.0,0.0,0.0,0.0,4.0
12959,2023.0,3.0,31.0,23.0,18.677233,18.527357,16.725649,16.580624,19.524704,20.013083,18.439125,18.272423,17.11128,16.937614,17.672691,17.735662,19.276066,19.057611,19.87085,20.54984,17.800901,17.460669,0.0,4.0,0.0,0.0,4.0,0.0,4.0,0.0
12960,2023.0,4.0,1.0,0.0,18.233456,17.903908,17.13261,17.384838,18.604378,18.293015,18.288397,18.123068,17.05219,16.879951,17.401152,17.23401,19.176184,18.961285,18.92072,18.54678,18.174147,18.385672,4.0,0.0,0.0,0.0,0.0,0.0,0.0,4.0
12961,2023.0,4.0,1.0,0.0,18.035526,17.693285,16.882658,16.858362,18.112947,17.581018,18.154818,17.988708,16.991335,16.817799,17.208838,17.002909,19.07854,18.858135,18.493845,18.00769,17.542242,17.139921,0.0,0.0,0.0,0.0,0.0,0.0,0.0,0.0
12962,2023.0,4.0,1.0,0.0,18.219196,18.202316,16.687082,16.539848,17.895906,17.33746,18.037811,17.863869,16.930996,16.754303,17.103325,16.893753,18.988317,18.76354,18.312819,17.824768,17.248009,16.804722,0.0,0.0,0.0,0.0,0.0,0.0,0.0,0.0
12963,2023.0,4.0,1.0,0.0,18.18165,18.178122,16.627703,16.470846,18.08985,17.876549,17.938293,17.76359,16.876137,16.698751,17.015789,16.809162,18.909153,18.684,18.444149,18.238516,17.10778,16.670794,0.0,0.0,0.0,0.0,0.0,0.0,0.0,0.0
12964,2023.0,4.0,1.0,0.0,18.111256,18.108019,16.582556,16.422974,18.053612,17.862436,17.846178,17.671616,16.824257,16.646156,17.25399,17.32577,18.835995,18.610392,18.399643,18.2079,17.239656,17.059387,0.0,0.0,0.0,0.0,4.0,0.0,0.0,0.0
12965,2023.0,4.0,1.0,0.0,18.043037,18.041225,16.542929,16.382593,17.979649,17.791992,17.762125,17.590076,16.77598,16.597952,16.975418,16.773254,18.769226,18.544168,18.318909,18.124035,17.207031,17.034237,0.0,0.0,0.0,0.0,0.0,0.0,0.0,0.0
12966,2023.0,4.0,1.0,1.0,17.976376,17.97561,16.504992,16.343851,17.905994,17.720402,17.682878,17.51265,17.318857,17.658766,16.853271,16.645702,18.706749,18.481758,18.241983,18.047348,17.144903,16.972862,0.0,0.0,0.0,4.0,0.0,0.0,0.0,0.0
12967,2023.0,4.0,1.0,1.0,17.908037,17.90331,16.464478,16.298897,17.828638,17.638865,17.602043,17.42721,17.54085,17.947361,16.778149,16.56575,18.644855,18.416363,18.16564,17.967611,17.079865,16.904501,0.0,0.0,0.0,4.0,0.0,0.0,0.0,0.0
12968,2023.0,4.0,1.0,1.0,17.851946,17.851871,16.43182,16.268984,17.765831,17.583027,17.537123,17.369455,16.74576,16.360298,16.717903,16.510004,18.592707,18.366974,18.100355,17.905697,17.023476,16.8509,0.0,0.0,0.0,0.0,0.0,0.0,0.0,0.0
12969,2023.0,4.0,1.0,1.0,17.789257,17.784023,16.392378,16.2248,17.694334,17.506344,17.463604,17.290546,16.451096,15.992369,16.65317,16.439589,18.536777,18.306799,18.031572,17.83263,16.963501,16.786741,0.0,0.0,0.0,0.0,0.0,0.0,0.0,0.0
12970,2023.0,4.0,1.0,1.0,17.734943,17.730877,16.358725,16.191807,17.633974,17.448845,17.401747,17.231611,16.613653,16.423336,16.598642,16.38583,18.487797,18.257923,17.97097,17.772406,16.910782,16.73415,0.0,0.0,0.0,0.0,0.0,0.0,0.0,0.0
12971,2023.0,4.0,1.0,1.0,17.67997,17.674547,16.322601,16.153389,17.572367,17.385818,17.338724,17.167131,16.60436,16.41815,16.54459,16.329554,18.439434,18.20783,17.91191,17.711931,16.859259,16.681057,0.0,0.0,0.0,0.0,0.0,0.0,0.0,0.0
12972,2023.0,4.0,1.0,2.0,17.629377,17.624895,16.289907,16.121355,17.51722,17.33313,17.282393,17.113312,16.56452,16.378046,16.814503,16.879713,18.394735,18.163107,17.857237,17.657494,16.81172,16.63353,0.0,0.0,0.0,0.0,4.0,0.0,0.0,0.0
12973,2023.0,4.0,1.0,2.0,17.581604,17.578886,16.258373,16.090906,17.464788,17.283363,17.2289,17.062479,16.525318,16.339445,16.56368,16.355997,18.352776,18.12198,17.80597,17.60727,16.767225,16.589802,0.0,0.0,0.0,0.0,0.0,0.0,0.0,0.0
12974,2023.0,4.0,1.0,2.0,17.532791,17.528732,16.22501,16.055756,17.410751,17.227972,17.173922,17.006012,16.485218,16.297956,16.461264,16.244993,18.31062,18.07862,17.755026,17.555243,16.722961,16.544344,0.0,0.0,0.0,0.0,0.0,0.0,0.0,0.0
12975,2023.0,4.0,1.0,2.0,17.487717,17.484303,16.194227,16.025288,17.361515,17.180155,17.123865,16.957321,16.447987,16.260763,16.41129,16.195415,18.27135,18.039557,17.707537,17.5081,16.681849,16.503374,0.0,0.0,0.0,0.0,0.0,0.0,0.0,0.0
12976,2023.0,4.0,1.0,2.0,17.446888,17.446774,16.16652,16.00061,17.317642,17.141184,17.079273,16.91766,16.993061,17.31603,16.367794,16.155325,18.235395,18.005753,17.66395,17.466892,17.376223,17.845964,0.0,0.0,0.0,4.0,0.0,0.0,0.0,4.0
12977,2023.0,4.0,1.0,2.0,17.404627,17.40478,16.136515,15.970901,17.271717,17.096365,17.03274,16.872135,16.59642,16.441988,16.324598,16.112206,18.198664,17.96916,17.619915,17.423113,16.867014,16.730135,0.0,0.0,0.0,0.0,0.0,0.0,0.0,0.0
12978,2023.0,4.0,1.0,3.0,17.361954,17.360329,16.105406,15.938586,17.225204,17.048874,16.985859,16.824083,16.448927,16.261175,16.28194,16.06802,18.1617,17.931093,17.575933,17.378038,16.46286,16.049376,0.0,0.0,0.0,0.0,0.0,0.0,0.0,0.0
12979,2023.0,4.0,1.0,3.0,17.320938,17.318153,16.074287,15.905953,17.179972,17.002628,16.940292,16.777382,16.39876,16.209919,16.241343,16.026102,18.125778,17.894217,17.533556,17.334919,16.322859,15.893544,0.0,0.0,0.0,0.0,0.0,0.0,0.0,0.0
12980,2023.0,4.0,1.0,3.0,17.282236,17.279865,16.0458,15.878421,17.138613,16.963106,16.898447,16.737387,16.355116,16.166939,16.522678,16.587938,18.091742,17.860485,17.493303,17.295113,16.491236,16.318647,0.0,0.0,0.0,0.0,4.0,0.0,0.0,0.0
12981,2023.0,4.0,1.0,3.0,17.254978,17.263788,16.017115,15.850079,17.097692,16.923391,16.856936,16.697144,16.31581,16.127903,16.273863,16.057482,18.058289,17.827238,17.453987,17.25619,16.483904,16.305483,0.0,0.0,0.0,0.0,0.0,0.0,0.0,0.0
12982,2023.0,4.0,1.0,3.0,17.227985,17.24429,15.988789,15.821956,17.057621,16.88444,16.816433,16.65775,16.278843,16.091269,16.185871,15.970648,18.025457,17.794697,17.415586,17.2183,17.184511,17.65244,0.0,0.0,0.0,0.0,0.0,0.0,0.0,4.0
12983,2023.0,4.0,1.0,3.0,17.192822,17.20886,15.959863,15.792527,17.01739,16.844303,16.775972,16.61729,16.242943,16.054932,16.145063,15.930544,17.99246,17.761343,17.377201,17.179718,16.681534,16.54485,0.0,0.0,0.0,0.0,0.0,0.0,0.0,0.0
12984,2023.0,4.0,1.0,4.0,17.155666,17.169432,15.92953,15.760294,16.976105,16.801283,16.734684,16.5741,16.207151,16.01748,16.10298,15.886548,17.95875,17.72614,17.338263,17.139387,16.278952,15.861666,0.0,0.0,0.0,0.0,0.0,0.0,0.0,0.0
12985,2023.0,4.0,1.0,4.0,17.119978,17.132692,15.899668,15.728967,16.936153,16.760263,16.69471,16.532942,16.173346,15.982919,16.064314,15.84683,17.92631,17.693106,17.30085,17.101536,16.141727,15.709111,0.0,0.0,0.0,0.0,0.0,0.0,0.0,0.0
12986,2023.0,4.0,1.0,4.0,17.085873,17.09872,15.872359,15.702639,16.899397,16.72504,16.657736,16.497498,16.141787,15.951901,16.34759,16.410774,17.895426,17.662788,17.265068,17.066378,16.314718,16.141117,0.0,0.0,0.0,0.0,4.0,0.0,0.0,0.0
12987,2023.0,4.0,1.0,4.0,17.052135,17.0652,15.844803,15.67549,16.862745,16.6894,16.620743,16.461567,16.11098,15.9215145,16.101246,15.883967,17.864883,17.632732,17.229843,17.031744,16.309645,16.129648,0.0,0.0,0.0,0.0,0.0,0.0,0.0,0.0
12988,2023.0,4.0,1.0,4.0,17.018742,17.03203,15.817536,15.648509,16.82659,16.654213,16.584381,16.426157,16.080929,15.8919525,16.015104,15.798424,17.834742,17.603165,17.195198,16.997807,17.012444,17.478918,0.0,0.0,0.0,0.0,0.0,0.0,0.0,4.0
12989,2023.0,4.0,1.0,4.0,16.985344,16.998549,15.790086,15.621119,16.790613,16.618847,16.548378,16.390678,16.051292,15.862619,16.260944,16.291185,17.80472,17.57355,18.168287,18.859482,16.286636,15.924632,0.0,0.0,0.0,0.0,4.0,0.0,4.0,0.0
12990,2023.0,4.0,1.0,5.0,16.951801,16.964468,15.762385,15.593095,16.75481,16.583065,16.5126,16.35484,16.580551,16.879766,16.3764,16.447615,17.774622,17.543528,17.257414,16.89407,16.025434,15.59557,0.0,0.0,0.0,4.0,4.0,0.0,0.0,0.0
12991,2023.0,4.0,1.0,5.0,16.918976,16.931316,15.735551,15.566227,16.719933,16.548407,16.47755,16.320024,16.217785,16.069654,16.100876,15.913088,17.74506,17.514345,16.93041,16.465874,16.682222,16.9113,0.0,0.0,0.0,0.0,0.0,0.0,0.0,4.0
12992,2023.0,4.0,1.0,5.0,16.885746,16.896576,15.708323,15.538034,16.684273,16.511927,16.44193,16.283485,16.068888,15.878736,16.296696,16.359434,17.715166,17.484106,16.82548,16.360262,16.88215,17.13695,0.0,0.0,0.0,0.0,4.0,0.0,0.0,4.0
12993,2023.0,4.0,1.0,5.0,16.856035,16.868559,15.684066,15.515674,16.652206,16.482504,16.41049,16.254347,16.026806,15.839275,15.769982,15.287411,17.687841,17.458694,16.998238,16.791216,16.200356,15.802811,0.0,0.0,0.0,0.0,0.0,0.0,0.0,0.0
12994,2023.0,4.0,1.0,5.0,16.824648,16.837097,15.658334,15.490309,16.618431,16.449503,16.377687,16.221912,16.566055,16.886982,15.535524,15.007142,17.65949,17.430973,17.014694,16.819977,16.730968,16.963789,0.0,0.0,0.0,4.0,0.0,0.0,0.0,4.0
12995,2023.0,4.0,1.0,5.0,16.793991,16.806726,15.6326065,15.465491,16.585361,16.417593,16.345303,16.190475,15.916191,15.51032,16.035284,16.058704,17.631685,17.404114,16.985796,16.792013,16.158798,15.7632675,0.0,0.0,0.0,0.0,4.0,0.0,0.0,0.0
12996,2023.0,4.0,1.0,6.0,16.76333,16.775856,15.60631,15.439853,16.5522,16.385113,16.31262,16.158367,16.268803,16.335155,15.90672,15.711339,17.60378,17.37684,16.954977,16.761827,16.691877,16.925379,0.0,0.0,0.0,4.0,0.0,0.0,0.0,4.0
12997,2023.0,4.0,1.0,6.0,21.192965,24.594217,15.580365,15.414521,21.153921,24.49997,21.099407,24.583391,20.266256,23.196136,15.807298,15.595095,21.463644,23.921185,22.160912,25.503355,20.32995,23.179852,0.0,0.0,0.0,0.0,0.0,0.0,0.0,0.0
12998,2023.0,4.0,1.0,6.0,21.012444,23.721388,15.55203,15.386095,21.011108,23.675014,21.012177,23.840977,17.635582,17.537863,15.766413,15.555514,20.960989,22.817226,22.07246,24.939625,17.69358,17.554937,0.0,0.0,0.0,0.0,0.0,0.0,0.0,0.0
12999,2023.0,4.0,1.0,6.0,21.080349,23.530006,15.523685,15.357489,21.082502,23.472727,21.064646,23.565754,17.171886,17.489946,15.727652,15.5170145,21.07045,22.806921,20.898592,22.549997,16.498245,16.062578,0.0,0.0,4.0,4.0,0.0,0.0,0.0,0.0
13000,2023.0,4.0,1.0,6.0,21.069588,23.292404,15.495772,15.329294,21.071428,23.221268,21.080864,23.381931,20.328985,22.93558,15.69246,15.48199,21.05559,22.61148,21.087513,22.807896,17.32275,17.86236,0.0,0.0,0.0,0.0,0.0,0.0,0.0,4.0
13001,2023.0,4.0,1.0,6.0,21.068554,23.138542,15.468331,15.301512,21.07062,23.059504,21.096115,23.202265,17.80548,17.628273,15.659836,15.449635,21.026035,22.413568,21.05864,22.656778,20.334856,22.909018,0.0,0.0,0.0,0.0,0.0,4.0,0.0,4.0
13002,2023.0,4.0,1.0,7.0,21.064623,23.021852,15.439878,15.271613,21.066345,22.93555,21.063614,22.969824,16.565464,16.05288,15.627973,15.416972,21.057867,22.413363,21.058899,22.584251,20.035286,22.002327,0.0,0.0,4.0,0.0,0.0,0.0,0.0,0.0
13003,2023.0,4.0,1.0,7.0,21.065725,22.942196,15.414832,15.248508,21.067263,22.849749,21.094719,22.943169,17.362795,17.835102,15.965387,16.071922,21.0696,22.331345,21.059004,22.526297,18.594318,18.944416,0.0,0.0,0.0,4.0,4.0,0.0,0.0,4.0
13004,2023.0,4.0,1.0,7.0,21.162287,23.072956,15.390071,15.224353,21.188023,23.006048,21.15919,22.987127,21.395891,24.447287,20.368969,23.542276,21.126684,22.367226,21.201696,22.766088,20.97293,23.378023,0.0,4.0,0.0,4.0,4.0,0.0,0.0,4.0
13005,2023.0,4.0,1.0,7.0,21.062874,22.822021,15.846058,16.093386,21.069578,22.738138,21.065506,22.770468,20.955778,23.516094,20.035494,22.42178,21.018148,22.106586,21.056831,22.435625,21.169838,23.376215,4.0,0.0,0.0,0.0,0.0,4.0,0.0,0.0
13006,2023.0,4.0,1.0,7.0,21.726593,23.896482,20.302656,23.703735,21.722916,23.718016,21.717741,23.83035,18.388508,18.158306,17.628607,17.439735,21.803835,23.34751,21.850367,23.71651,18.284317,17.951532,4.0,4.0,0.0,0.0,0.0,0.0,0.0,0.0
13007,2023.0,4.0,1.0,7.0,21.75962,23.876528,20.014639,22.654142,21.049152,22.481024,21.058779,22.64977,17.099426,16.556652,16.68205,16.435547,21.676487,22.956646,20.898972,21.892586,17.312683,16.798447,0.0,4.0,0.0,0.0,0.0,4.0,0.0,0.0
13008,2023.0,4.0,1.0,8.0,20.929129,22.282864,17.801517,18.01792,21.060642,22.478966,21.066063,22.659601,17.045969,16.79525,16.55672,16.33327,21.031445,21.857998,21.04082,22.183117,16.991703,16.482586,4.0,4.0,0.0,0.0,0.0,0.0,4.0,0.0
13009,2023.0,4.0,1.0,8.0,20.115555,20.776789,20.234865,22.880836,19.190296,18.903522,19.956667,20.49668,16.98553,16.778105,16.824034,16.961414,19.576359,19.095425,19.325567,18.926178,17.037024,16.803934,0.0,0.0,4.0,0.0,4.0,0.0,0.0,0.0
13010,2023.0,4.0,1.0,8.0,19.09675,19.195879,18.067034,18.260641,18.716827,18.657276,18.80198,18.752966,16.846405,16.648237,20.363256,23.028091,18.828962,18.20354,18.448868,17.90192,17.9296,18.566935,4.0,4.0,0.0,0.0,4.0,0.0,0.0,4.0
13011,2023.0,4.0,1.0,8.0,18.197784,17.827879,20.267511,22.750814,18.005325,17.457764,17.867908,17.325542,16.716543,16.522114,20.043463,22.058369,18.855053,18.54966,18.104815,17.554077,21.966618,25.362219,4.0,0.0,0.0,0.0,0.0,0.0,0.0,0.0
13012,2023.0,4.0,1.0,8.0,17.75096,17.325901,20.05186,22.043613,18.175652,18.114967,18.05685,18.017914,16.602327,16.41178,18.145077,18.13032,18.799927,18.546825,19.191555,19.863342,18.833643,18.753101,0.0,4.0,4.0,0.0,4.0,0.0,4.0,0.0
13013,2023.0,4.0,1.0,8.0,18.574257,19.13155,18.19991,18.285858,18.251627,18.268663,17.493061,16.983822,17.193184,17.60713,20.36639,22.41109,18.663658,18.420877,19.22444,19.58917,18.157057,18.453423,4.0,4.0,0.0,4.0,4.0,0.0,4.0,4.0
13014,2023.0,4.0,1.0,9.0,18.50628,18.803043,20.241808,22.44022,18.16504,18.193113,17.729252,17.714027,21.50022,24.699337,20.04785,21.696247,18.535133,18.296637,18.177956,17.722813,21.356163,23.684965,0.0,4.0,4.0,4.0,0.0,0.0,0.0,4.0
13015,2023.0,4.0,1.0,9.0,18.329376,18.606123,18.353401,18.492233,18.081015,18.115715,17.851387,17.908821,19.99351,21.805328,18.358252,18.275091,18.421492,18.186214,18.689703,19.06755,19.989851,21.34291,4.0,4.0,4.0,4.0,4.0,0.0,4.0,0.0
13016,2023.0,4.0,1.0,9.0,18.261858,18.541157,20.254732,22.422398,17.37025,16.859953,17.796679,17.860306,20.178658,21.958555,20.344734,22.149628,18.31759,18.079094,17.975903,17.531433,18.210854,17.862732,0.0,0.0,4.0,4.0,4.0,0.0,0.0,0.0
13017,2023.0,4.0,1.0,9.0,18.20527,18.487917,18.044374,17.878908,16.962915,16.36166,17.739836,17.807083,20.080835,21.632011,20.048756,21.520414,18.225328,17.986235,18.516665,18.90467,17.3218,16.81578,0.0,0.0,4.0,0.0,0.0,0.0,4.0,0.0
13018,2023.0,4.0,1.0,9.0,17.478191,17.174847,17.085491,16.85378,17.460615,17.442013,17.686722,17.757555,18.170282,17.84836,18.18124,17.824286,18.143076,17.903526,17.820078,17.38048,17.007423,16.49598,0.0,4.0,4.0,0.0,0.0,0.0,0.0,0.0
13019,2023.0,4.0,1.0,9.0,17.15327,16.750025,17.381502,17.557192,16.952698,16.451878,17.64372,17.716913,18.09096,18.115425,17.665737,17.32011,18.077225,17.835213,18.497976,18.895533,17.083145,16.834158,4.0,0.0,4.0,4.0,0.0,0.0,4.0,0.0
13020,2023.0,4.0,1.0,10.0,17.7287,17.957842,20.240389,22.673063,17.35149,17.345638,16.955658,16.473043,20.258776,22.060923,17.514936,17.220905,18.756039,19.17071,17.711632,17.281885,17.03326,16.824806,0.0,4.0,0.0,0.0,0.0,4.0,0.0,0.0
13021,2023.0,4.0,1.0,10.0,17.931314,18.235909,18.651995,19.227217,16.905212,16.427172,17.250902,17.269567,18.229635,17.939411,17.302568,17.029497,18.327778,18.159233,17.269321,16.777395,17.845648,18.467432,4.0,0.0,4.0,0.0,0.0,0.0,0.0,4.0
13022,2023.0,4.0,1.0,10.0,17.92795,18.234726,20.21572,22.21928,17.302595,17.319323,17.392668,17.503199,17.427235,16.847883,17.148287,16.87874,17.821337,17.292953,17.139177,16.648514,20.300407,22.637028,4.0,4.0,4.0,0.0,0.0,0.0,0.0,0.0
13023,2023.0,4.0,1.0,10.0,17.238163,16.963469,20.046593,21.713293,16.856592,16.40013,17.397064,17.516853,17.37756,17.09421,16.990715,16.734112,18.378454,18.514923,17.033651,16.55512,17.983095,17.788567,4.0,0.0,4.0,0.0,0.0,4.0,0.0,0.0
13024,2023.0,4.0,1.0,10.0,17.629652,17.929848,20.087776,21.693836,17.21317,17.279081,16.721476,16.26689,17.285862,17.051807,16.852545,16.605478,17.873327,17.382395,17.191097,16.971544,16.912552,16.455612,0.0,4.0,0.0,0.0,0.0,0.0,0.0,0.0
13025,2023.0,4.0,1.0,10.0,17.815063,18.164333,18.525526,18.59335,17.407274,17.53807,17.06671,17.13495,17.135311,16.91765,16.739706,16.505743,17.564566,17.033056,17.227304,17.03298,16.889135,16.666393,4.0,4.0,4.0,0.0,0.0,0.0,0.0,0.0
13026,2023.0,4.0,1.0,11.0,17.170998,16.961664,20.234291,21.917652,16.77423,16.355377,16.572468,16.1649,17.020483,16.808735,16.656706,16.427784,17.472296,16.94099,17.195469,17.007317,17.785213,18.422783,0.0,0.0,0.0,0.0,0.0,0.0,0.0,4.0
13027,2023.0,4.0,1.0,11.0,16.79328,16.46806,18.654041,18.737772,17.107655,17.184574,16.241175,15.740458,17.635956,18.079252,16.570097,16.349035,17.665134,17.407312,17.152075,16.96577,20.295227,22.610592,4.0,4.0,0.0,4.0,0.0,0.0,0.0,0.0
13028,2023.0,4.0,1.0,11.0,17.390314,17.703613,20.220123,22.004461,17.321321,17.476702,16.820633,16.918377,20.294012,22.607344,16.892021,17.030165,17.733238,17.51227,17.10868,16.923626,18.002132,17.829815,4.0,4.0,4.0,0.0,4.0,0.0,0.0,0.0
13029,2023.0,4.0,1.0,11.0,16.988476,16.807392,20.125051,21.696543,16.689348,16.28844,16.414923,16.023796,18.006407,17.814383,20.44702,22.959501,17.713066,17.495955,17.067623,16.88364,16.938927,16.502228,0.0,0.0,0.0,0.0,0.0,0.0,0.0,0.0
13030,2023.0,4.0,1.0,11.0,16.643837,16.349792,18.597153,18.658886,16.344688,15.849413,16.09994,15.617958,16.899342,16.422161,18.321539,18.567102,17.685633,17.469921,18.028688,18.726131,16.89274,16.670643,4.0,0.0,0.0,0.0,0.0,0.0,4.0,0.0
13031,2023.0,4.0,1.0,11.0,17.271713,17.606863,20.22905,21.827642,16.925913,17.021915,16.269808,16.04498,16.91352,16.66245,17.39987,17.157986,17.660517,17.445402,18.102535,18.603945,16.852654,16.663742,0.0,4.0,0.0,0.0,0.0,0.0,4.0,0.0
13032,2023.0,4.0,1.0,12.0,16.867687,16.696945,18.412462,18.225063,16.522736,16.13727,17.055595,17.514175,16.884665,16.675476,17.141464,16.895393,17.634127,17.420156,17.18447,16.830212,16.75706,16.574942,0.0,0.0,4.0,0.0,0.0,0.0,0.0,0.0
13033,2023.0,4.0,1.0,12.0,21.179916,24.36056,18.279573,18.3981,21.103188,24.253923,21.261307,24.65446,16.800453,16.595856,16.99586,16.748463,21.627863,24.208092,22.493708,25.943935,16.6781,16.496016,4.0,0.0,4.0,0.0,0.0,0.0,4.0,0.0
13034,2023.0,4.0,1.0,12.0,21.028404,23.58856,20.22333,21.992764,20.98581,23.532858,21.041567,23.74082,16.70669,16.506334,16.859596,16.615711,22.053333,24.664923,22.560055,25.651241,16.600079,16.421774,0.0,4.0,0.0,0.0,0.0,0.0,0.0,0.0
13035,2023.0,4.0,1.0,12.0,21.076508,23.41496,18.668201,18.849844,21.1076,23.44625,21.103615,23.52809,16.625586,16.43023,16.747225,16.5119,20.943508,22.396053,21.956757,24.115957,16.533985,16.359673,0.0,0.0,0.0,0.0,0.0,0.0,0.0,0.0
13036,2023.0,4.0,1.0,12.0,21.064917,23.212786,17.656736,17.477097,21.058931,23.101133,21.088486,23.270954,16.554766,16.361864,16.648016,16.41561,21.071405,22.531914,21.081072,22.606508,16.477137,16.30551,0.0,4.0,0.0,0.0,0.0,0.0,0.0,0.0
13037,2023.0,4.0,1.0,12.0,21.150545,23.237247,17.32869,17.103037,21.187674,23.201788,21.121098,23.16572,16.493866,16.303753,16.559597,16.329033,21.114904,22.509937,21.123367,22.634392,16.428957,16.2605,0.0,0.0,4.0,0.0,0.0,0.0,0.0,0.0
13038,2023.0,4.0,1.0,13.0,21.024742,22.888601,17.636898,17.864365,21.041988,22.78252,21.061056,22.944637,16.44356,16.258284,16.488571,16.266512,21.041487,22.300442,21.046778,22.451754,16.388575,16.22385,4.0,4.0,4.0,0.0,0.0,0.0,0.0,0.0
13039,2023.0,4.0,1.0,13.0,21.14534,23.032816,20.223427,22.476254,21.149197,22.93318,21.143436,23.022505,16.40053,16.2217,16.42558,16.211235,21.117563,22.396269,21.174603,22.676157,16.354734,16.195879,0.0,0.0,4.0,0.0,0.0,0.0,0.0,0.0
13040,2023.0,4.0,1.0,13.0,21.08338,22.858711,18.776127,19.33123,21.081148,22.730024,21.090652,22.869247,16.363241,16.189396,16.371418,16.163929,21.048357,22.211594,21.05571,22.408518,16.323889,16.16755,4.0,0.0,0.0,0.0,0.0,0.0,0.0,0.0
13041,2023.0,4.0,1.0,13.0,21.051786,22.719154,20.264462,22.261208,21.037666,22.609121,21.084375,22.801054,16.330862,16.161385,16.324272,16.121809,21.047709,22.17426,21.055414,22.385105,16.297338,16.144588,4.0,4.0,0.0,0.0,0.0,0.0,0.0,0.0
13042,2023.0,4.0,1.0,13.0,21.054707,22.685463,20.033115,21.637201,21.061216,22.608276,21.055527,22.679766,16.302532,16.136492,16.284286,16.085876,21.045164,22.13906,21.012653,22.252653,16.273674,16.123915,0.0,4.0,4.0,0.0,0.0,0.0,4.0,0.0
13043,2023.0,4.0,1.0,13.0,21.080454,22.726004,18.241068,18.091818,21.082804,22.635532,21.088196,22.732737,16.279856,16.118912,16.254515,16.06333,21.046124,22.114826,21.07727,22.371,16.25384,16.108223,0.0,0.0,0.0,0.0,0.0,0.0,0.0,0.0
13044,2023.0,4.0,1.0,14.0,21.148428,22.820374,17.465363,17.272133,21.152887,22.731058,21.160465,22.836517,16.256884,16.098833,16.222862,16.034744,21.09291,22.181404,21.13325,22.43684,16.234573,16.091818,0.0,0.0,0.0,0.0,0.0,0.0,0.0,0.0
13045,2023.0,4.0,1.0,14.0,19.836819,20.228647,17.725159,17.942684,20.110878,20.684677,20.02147,20.60674,16.236052,16.0813,16.194698,16.011562,19.887054,19.83035,19.434755,19.127245,16.21685,16.07675,4.0,4.0,4.0,0.0,0.0,0.0,0.0,0.0
13046,2023.0,4.0,1.0,14.0,18.746614,18.478468,20.27545,22.433733,18.77477,18.382015,19.25797,19.401394,16.21577,16.062183,16.166887,15.984863,19.401411,19.157316,20.024181,20.661652,16.19994,16.061092,4.0,0.0,4.0,0.0,0.0,0.0,4.0,0.0
13047,2023.0,4.0,1.0,14.0,18.18447,17.84088,20.026482,21.700575,18.071924,17.539026,18.24274,17.8106,16.192942,16.040602,16.139244,15.95888,19.165405,18.920858,19.932663,20.319143,16.179363,16.04178,4.0,0.0,0.0,0.0,0.0,0.0,4.0,0.0
13048,2023.0,4.0,1.0,14.0,17.896276,17.57011,20.08236,21.674927,18.415915,18.46376,18.372564,18.452904,16.169592,16.018621,16.114454,15.93623,18.984789,18.74687,18.841663,18.44197,16.156853,16.020573,0.0,4.0,4.0,0.0,0.0,0.0,0.0,0.0
13049,2023.0,4.0,1.0,14.0,17.937332,17.887081,18.326496,18.203491,18.486366,18.609446,17.777256,17.389736,16.146736,15.997021,16.092972,15.91705,18.837101,18.60668,18.294088,17.829737,16.134241,15.999212,0.0,4.0,0.0,0.0,0.0,0.0,0.0,0.0
13050,2023.0,4.0,1.0,15.0,18.642477,19.306108,18.225405,18.40997,18.415302,18.549566,17.407864,16.924166,16.12616,15.976508,16.07541,15.900369,18.729832,18.501337,18.073519,17.60359,16.113747,15.979317,4.0,4.0,0.0,0.0,0.0,0.0,0.0,0.0
13051,2023.0,4.0,1.0,15.0,17.878086,17.769697,20.209272,22.065392,17.717848,17.32486,17.21829,16.74964,16.107885,15.959644,16.059107,15.886099,18.637026,18.415726,17.913797,17.458715,17.044996,17.753695,0.0,0.0,0.0,0.0,0.0,0.0,0.0,4.0
13052,2023.0,4.0,1.0,15.0,18.082691,18.441517,18.998697,19.52002,17.306932,16.832392,17.287277,17.082338,16.843864,17.361776,16.429077,16.594809,18.543413,18.328611,17.974176,17.747873,20.328098,23.20342,4.0,0.0,0.0,4.0,4.0,0.0,0.0,0.0
13053,2023.0,4.0,1.0,15.0,18.235878,18.648674,20.24352,22.002388,17.12455,16.655752,17.967958,18.43133,21.593142,25.33146,20.457645,23.27048,19.253332,19.754274,18.992916,19.726759,17.750025,17.713638,4.0,0.0,4.0,0.0,0.0,4.0,4.0,0.0
13054,2023.0,4.0,1.0,15.0,18.229155,18.648537,20.04868,21.500738,17.227472,17.010832,17.604055,17.615839,18.536278,18.688108,18.192265,18.53085,18.790457,18.684465,18.179737,17.882957,16.5989,16.269997,0.0,0.0,0.0,0.0,0.0,0.0,0.0,0.0
13055,2023.0,4.0,1.0,15.0,18.217384,18.642944,18.416986,18.292622,17.93885,18.387463,16.994976,16.642298,16.883476,16.531893,16.967106,16.848797,18.963999,19.184631,17.659996,17.258492,16.53677,16.363056,0.0,4.0,0.0,0.0,0.0,4.0,0.0,0.0
13056,2023.0,4.0,1.0,16.0,18.207088,18.63778,17.900139,17.700624,18.16075,18.706312,17.459614,17.645458,16.801353,16.599092,16.754185,16.572908,19.059921,19.299728,18.547869,19.053696,17.461607,18.161116,0.0,4.0,4.0,0.0,0.0,4.0,4.0,4.0
13057,2023.0,4.0,1.0,16.0,17.548925,17.425013,18.15639,18.370749,17.350473,17.13133,16.999384,16.744703,16.74835,16.573761,16.645231,16.453934,18.361593,17.971043,17.82067,17.513647,20.319408,23.010881,4.0,0.0,0.0,0.0,0.0,0.0,0.0,0.0
13058,2023.0,4.0,1.0,16.0,17.877562,18.263765,20.210512,22.100878,16.854649,16.448221,17.300135,17.493948,16.64563,16.474031,16.54154,16.34744,18.767876,18.972965,17.397827,17.000584,17.873707,17.836784,0.0,0.0,4.0,0.0,0.0,4.0,0.0,0.0
13059,2023.0,4.0,1.0,16.0,18.027214,18.438704,19.00135,19.529446,17.348429,17.497602,17.47826,17.72524,17.292439,17.776842,16.45246,16.259956,18.25586,17.857166,17.25604,16.848846,16.73627,16.38684,4.0,4.0,4.0,4.0,0.0,0.0,0.0,0.0
13060,2023.0,4.0,1.0,16.0,18.030836,18.446733,20.195787,21.803009,17.51889,17.74879,16.884918,16.616854,20.311481,22.964327,16.38557,16.190367,17.975039,17.483196,17.367706,17.161903,16.689741,16.496376,4.0,4.0,0.0,0.0,0.0,0.0,0.0,0.0
13061,2023.0,4.0,1.0,16.0,18.025026,18.437561,20.037235,21.386097,17.534216,17.756964,16.504316,16.10141,17.901539,17.847345,16.31521,16.121414,17.846098,17.352066,17.388184,17.212284,17.562551,18.225048,4.0,4.0,0.0,0.0,0.0,0.0,0.0,4.0
13062,2023.0,4.0,1.0,17.0,17.373964,17.231707,20.058233,21.35744,17.534689,17.751766,17.033703,17.202267,16.70808,16.300705,16.24994,16.056948,17.98849,17.739527,17.340866,17.169363,20.32631,22.871315,4.0,4.0,4.0,0.0,0.0,0.0,0.0,0.0
13063,2023.0,4.0,1.0,17.0,17.70528,18.069311,20.072676,21.350191,17.5281,17.741291,17.26346,17.498287,16.642166,16.425655,16.600092,16.768225,18.029701,17.820372,17.28703,17.117336,17.917252,17.835827,0.0,4.0,4.0,0.0,4.0,0.0,0.0,0.0
13064,2023.0,4.0,1.0,17.0,17.883076,18.288382,18.471552,18.24303,17.517336,17.726912,17.282051,17.5132,16.603367,16.418991,20.419888,23.163654,18.78686,19.296473,17.23427,17.06587,16.78939,16.406294,0.0,4.0,4.0,0.0,0.0,4.0,0.0,0.0
13065,2023.0,4.0,1.0,17.0,17.254799,17.112728,18.240797,18.408142,17.504236,17.709965,16.688837,16.403965,17.25442,17.73155,18.48952,19.04712,18.07172,17.694494,17.183214,17.016008,16.699123,16.498083,4.0,4.0,0.0,4.0,4.0,0.0,0.0,0.0
13066,2023.0,4.0,1.0,17.0,17.663893,18.01412,20.241558,21.984386,17.489801,17.691597,16.375713,15.942456,20.36699,23.062233,20.364464,22.362803,17.735205,17.231167,17.138084,16.971659,16.641764,16.468884,4.0,4.0,0.0,0.0,0.0,0.0,0.0,0.0
13067,2023.0,4.0,1.0,17.0,17.202562,17.04853,20.048286,21.448343,17.473148,17.671316,16.223381,15.775587,18.40377,18.7743,18.492643,18.656162,17.609337,17.10534,17.090122,16.925241,17.472855,18.136042,0.0,4.0,0.0,4.0,0.0,0.0,0.0,4.0
13068,2023.0,4.0,1.0,18.0,17.55551,17.91321,18.724863,18.79136,17.45506,17.649591,16.369429,16.167648,20.315773,22.550491,17.418173,17.224411,17.764656,17.51606,18.043978,18.760412,20.332806,22.94297,4.0,4.0,0.0,4.0,0.0,0.0,4.0,0.0
13069,2023.0,4.0,1.0,18.0,21.369291,24.450518,20.227402,21.853222,21.25483,24.371708,21.319174,24.886438,20.048355,21.80875,17.096424,16.859995,21.302862,23.685184,21.39832,24.361345,18.500607,18.959711,4.0,0.0,4.0,0.0,0.0,0.0,0.0,4.0
13070,2023.0,4.0,1.0,18.0,21.015,23.364916,20.047777,21.377062,21.017595,23.42127,20.998083,23.722775,18.051825,17.804646,17.30895,17.435728,21.0255,22.928146,21.005419,23.154076,20.320406,22.590662,0.0,4.0,4.0,0.0,4.0,0.0,4.0,0.0
13071,2023.0,4.0,1.0,18.0,21.07008,23.216745,18.391901,18.124907,21.07756,23.24536,21.109539,23.585066,17.02359,16.52932,20.386854,22.670486,21.06176,22.766665,22.170649,24.928036,17.98213,17.782425,0.0,4.0,0.0,0.0,0.0,0.0,4.0,0.0
13072,2023.0,4.0,1.0,18.0,21.086489,23.09449,17.730185,17.492693,21.091627,23.095047,21.067627,23.22896,16.969612,16.732533,18.403399,18.604647,21.055288,22.58946,20.893564,22.33567,16.886486,16.438656,0.0,0.0,4.0,0.0,0.0,0.0,0.0,0.0
13073,2023.0,4.0,1.0,18.0,21.051178,22.877483,18.052292,18.264513,21.082867,22.934374,21.069145,23.05991,16.896317,16.690996,17.26768,17.073256,21.052027,22.465954,21.106295,22.67712,16.847326,16.653973,4.0,0.0,4.0,0.0,0.0,0.0,0.0,0.0
13074,2023.0,4.0,1.0,19.0,21.084831,22.871948,20.221176,22.13532,21.060331,22.762705,21.06946,22.93675,16.764898,16.571768,16.979088,16.758001,21.052639,22.380455,21.071404,22.54226,16.767527,16.589224,4.0,4.0,4.0,0.0,0.0,0.0,0.0,0.0
13075,2023.0,4.0,1.0,19.0,21.077398,22.783928,20.032982,21.526949,21.063492,22.69459,21.067633,22.842924,17.455214,17.992977,16.78485,16.559797,21.021917,22.236874,21.073675,22.49125,16.643362,16.471159,4.0,4.0,4.0,4.0,0.0,4.0,0.0,0.0
13076,2023.0,4.0,1.0,19.0,21.05118,22.654064,20.061201,21.442204,21.06217,22.63609,21.06672,22.772652,20.309746,22.78487,17.050898,17.190996,21.072783,22.281347,21.056696,22.444237,16.535618,16.37001,4.0,4.0,4.0,0.0,4.0,0.0,0.0,0.0
13077,2023.0,4.0,1.0,19.0,21.172798,22.856926,20.154945,21.550451,21.165562,22.798717,21.166042,22.936094,17.876324,17.67716,20.432281,22.863937,21.136301,22.327648,21.292551,22.873476,16.436817,16.269392,0.0,4.0,0.0,0.0,0.0,4.0,4.0,0.0
13078,2023.0,4.0,1.0,19.0,21.080105,22.656076,18.424301,18.154732,21.060095,22.548347,21.083567,22.718386,16.699188,16.219418,18.6043,19.061222,21.06915,22.167196,21.041174,22.325974,16.35052,16.183468,0.0,4.0,0.0,0.0,4.0,0.0,4.0,0.0
13079,2023.0,4.0,1.0,19.0,21.04834,22.542545,18.19358,18.328087,21.08458,22.586306,21.059057,22.60787,17.493713,17.984268,20.300493,22.413456,21.063148,22.115456,21.078302,22.403172,17.221695,17.894583,4.0,0.0,4.0,4.0,0.0,0.0,0.0,4.0
13080,2023.0,4.0,1.0,20.0,21.053408,22.531433,20.22418,22.00295,21.053795,22.4736,21.08764,22.653511,20.31376,22.666348,18.055008,17.801035,21.063005,22.081911,21.070242,22.356731,20.34577,23.059204,0.0,4.0,0.0,4.0,0.0,0.0,0.0,4.0
13081,2023.0,4.0,1.0,20.0,21.078758,22.582832,18.707075,18.872393,21.058737,22.460749,21.081278,22.609118,20.050371,21.872084,17.196934,16.938896,21.015375,21.975525,21.030958,22.223345,20.01598,22.045322,0.0,4.0,0.0,0.0,4.0,4.0,4.0,4.0
13082,2023.0,4.0,1.0,20.0,21.163115,22.727398,17.767391,17.60173,21.168974,22.681416,21.20429,22.84754,17.973394,17.674986,20.391256,22.529198,21.137325,22.211887,21.197607,22.569105,21.549383,24.384426,0.0,0.0,4.0,0.0,0.0,0.0,0.0,0.0
13083,2023.0,4.0,1.0,20.0,21.073015,22.521399,17.4767,17.259682,21.076609,22.471006,21.087606,22.595016,16.940622,16.424809,18.088938,17.871845,21.060968,22.030348,21.068335,22.286835,18.807777,18.677225,0.0,0.0,0.0,0.0,0.0,0.0,0.0,0.0
13084,2023.0,4.0,1.0,20.0,21.053497,22.501953,17.292635,17.063616,21.076527,22.449577,21.07862,22.54844,16.931925,16.70054,17.149082,16.899984,21.030993,21.930042,21.028683,22.161991,17.26512,16.770407,0.0,0.0,0.0,0.0,0.0,4.0,4.0,0.0
13085,2023.0,4.0,1.0,20.0,21.055983,22.515696,17.628302,17.820553,21.055971,22.429472,21.059263,22.526299,16.866749,16.65897,16.989964,16.754147,21.066216,22.008654,21.076939,22.27884,16.874653,16.37168,4.0,0.0,0.0,0.0,0.0,0.0,0.0,0.0
13086,2023.0,4.0,1.0,21.0,21.182209,22.77239,20.235323,22.437454,21.183153,22.693249,21.176939,22.768652,16.743246,16.545103,17.229784,17.354105,21.153538,22.148306,21.18935,22.489178,16.911028,16.690382,0.0,0.0,0.0,0.0,4.0,4.0,0.0,0.0
13087,2023.0,4.0,1.0,21.0,21.055262,22.51544,18.798637,19.287928,21.05795,22.44309,21.036598,22.467836,17.417591,17.925287,20.416351,22.718025,21.035236,21.901094,21.067997,22.227825,16.851196,16.65966,4.0,0.0,4.0,4.0,0.0,4.0,0.0,0.0
13088,2023.0,4.0,1.0,21.0,21.163153,22.729738,20.254225,22.136944,21.033316,22.375217,21.041662,22.483103,20.311522,22.793993,18.349527,18.50481,21.127728,22.09868,21.051725,22.214754,16.723473,16.538267,4.0,4.0,4.0,4.0,0.0,0.0,0.0,0.0
13089,2023.0,4.0,1.0,21.0,21.053064,22.503666,20.038391,21.527899,21.064112,22.45976,21.086998,22.554617,20.038984,21.939205,17.210974,16.988913,21.058477,21.94359,21.05335,22.227293,16.606586,16.423214,0.0,0.0,0.0,0.0,0.0,0.0,0.0,0.0
13090,2023.0,4.0,1.0,21.0,21.054781,22.500069,18.26502,17.998072,21.077642,22.442785,21.05344,22.436775,18.483763,18.673796,17.324596,17.419117,21.059858,21.930815,21.053236,22.23152,16.506626,16.324776,0.0,0.0,4.0,4.0,4.0,0.0,0.0,0.0
13091,2023.0,4.0,1.0,21.0,21.054562,22.492914,17.549004,17.286009,21.050308,22.335972,21.08424,22.496748,20.607048,22.753914,20.41086,22.639725,21.04209,21.917143,21.053192,22.232399,16.414343,16.231514,0.0,4.0,0.0,0.0,0.0,0.0,0.0,0.0
13092,2023.0,4.0,1.0,22.0,21.054005,22.484177,17.394838,17.154886,21.080448,22.395561,21.077702,22.460821,18.145601,17.841753,18.40256,18.556988,21.014063,21.854649,21.053236,22.231054,16.333626,16.150734,0.0,0.0,0.0,0.0,0.0,4.0,0.0,0.0
13093,2023.0,4.0,1.0,22.0,21.026403,22.402811,17.221458,16.973932,21.07339,22.360542,21.077324,22.4399,17.025274,16.461868,17.268206,17.036053,21.067572,21.959278,21.011559,22.118725,16.26051,16.076029,0.0,0.0,0.0,0.0,0.0,0.0,4.0,0.0
13094,2023.0,4.0,1.0,22.0,21.059723,22.489775,17.081425,16.83828,21.053959,22.343548,21.057074,22.423956,17.664732,17.982542,17.314365,17.349016,21.058956,21.920485,21.077703,22.250313,16.961079,17.455303,0.0,0.0,0.0,4.0,4.0,0.0,0.0,4.0
13095,2023.0,4.0,1.0,22.0,21.164392,22.654572,16.95741,16.715992,21.188025,22.622246,21.182964,22.68792,20.410042,22.597658,20.394772,22.57639,21.131548,22.047043,21.188883,22.44652,20.43803,23.196941,0.0,0.0,0.0,0.0,4.0,0.0,0.0,0.0
13096,2023.0,4.0,1.0,22.0,21.069798,22.429028,16.850008,16.60704,21.055756,22.359102,21.058445,22.439177,18.007097,17.706518,20.006369,21.698603,21.04107,21.884657,21.06703,22.177044,17.642624,17.426052,0.0,0.0,0.0,0.0,4.0,0.0,0.0,0.0
13097,2023.0,4.0,1.0,22.0,21.05035,22.403296,17.240294,17.41926,21.030384,22.291418,21.033325,22.37032,17.502712,17.50264,20.092722,21.666334,21.04304,21.90041,21.049904,22.159105,16.432035,15.955642,4.0,4.0,4.0,4.0,0.0,0.0,0.0,0.0
13098,2023.0,4.0,1.0,23.0,21.188992,22.686525,20.24708,22.700123,21.19125,22.638674,21.186062,22.700752,20.395823,22.43599,18.122244,17.730925,21.1492,22.119267,21.226627,22.520458,16.449785,16.238417,0.0,0.0,0.0,4.0,0.0,0.0,0.0,0.0
13099,2023.0,4.0,1.0,23.0,19.75625,19.92315,18.398827,18.697327,19.301256,18.96325,19.234192,18.908346,18.091166,17.815218,17.657469,17.602362,19.944668,19.795872,20.573181,21.209679,16.430906,16.242134,0.0,0.0,0.0,0.0,4.0,0.0,4.0,0.0
13100,2023.0,4.0,1.0,23.0,19.1458,19.075481,17.490654,17.28546,19.073637,18.906452,18.360588,17.67118,17.793476,17.697273,17.396318,17.159914,19.502987,19.21586,19.196257,18.69656,16.355417,16.167065,0.0,4.0,0.0,4.0,0.0,0.0,0.0,0.0
13101,2023.0,4.0,1.0,23.0,18.867664,18.778786,17.241392,16.992884,18.350222,17.702911,18.371498,18.040306,17.197803,16.667276,17.147617,16.877777,19.304989,19.019403,18.621208,18.004448,16.279982,16.09151,0.0,0.0,0.0,0.0,0.0,0.0,0.0,0.0
13102,2023.0,4.0,1.0,23.0,18.653957,18.557331,17.075775,16.817242,17.931913,17.194153,18.254314,17.987156,16.823488,16.228409,17.338696,17.376976,19.136627,18.850492,18.33233,17.716026,16.208685,16.017826,0.0,0.0,0.0,0.0,4.0,0.0,0.0,0.0
13103,2023.0,4.0,1.0,23.0,18.492697,18.410223,16.9607,16.711521,18.083353,17.735847,18.092272,17.841555,17.536608,17.791843,17.314064,17.339844,19.00352,18.730742,18.42064,18.130888,16.14712,15.959432,0.0,0.0,0.0,4.0,4.0,0.0,0.0,0.0
13104,2023.0,4.0,2.0,0.0,18.341206,18.260721,16.853817,16.604841,18.749037,19.096756,17.935488,17.687635,17.13146,16.925518,16.95993,16.742697,18.87733,18.60864,18.349962,18.10573,16.086409,15.89825,0.0,4.0,0.0,0.0,0.0,0.0,0.0,0.0
13105,2023.0,4.0,2.0,0.0,18.21003,18.134735,16.762161,16.515936,17.859966,17.34502,17.797108,17.555346,16.609816,16.090572,17.065565,17.085857,18.762554,18.493145,18.224955,17.99107,16.739166,17.174265,0.0,0.0,0.0,0.0,4.0,0.0,0.0,4.0
13106,2023.0,4.0,2.0,0.0,18.088068,18.013859,16.676662,16.430508,17.40585,16.718216,17.667767,17.42759,16.362707,15.806129,17.077387,17.106611,18.657131,18.386484,18.102055,17.872116,16.233082,16.064278,0.0,0.0,0.0,0.0,4.0,0.0,0.0,0.0
13107,2023.0,4.0,2.0,0.0,18.72737,19.315145,16.600435,16.356253,17.224901,16.54014,17.552698,17.316515,16.50291,16.239004,16.437,15.920536,18.563437,18.293806,17.985508,17.753973,15.816675,15.390086,0.0,0.0,0.0,0.0,0.0,0.0,0.0,0.0
13108,2023.0,4.0,2.0,0.0,18.204561,18.253468,16.529068,16.285898,17.434925,17.116667,17.445751,17.211967,16.50687,16.290138,16.08123,15.459313,18.476583,18.206816,17.877926,17.646263,15.646673,15.189628,0.0,0.0,0.0,0.0,0.0,0.0,0.0,0.0
13109,2023.0,4.0,2.0,0.0,17.551697,17.115347,16.461954,16.219936,17.446224,17.19141,17.346397,17.11494,16.435968,16.21671,16.232468,15.929519,18.396568,18.126516,17.778576,17.546814,15.803236,15.603865,0.0,0.0,0.0,0.0,0.0,0.0,0.0,0.0
13110,2023.0,4.0,2.0,1.0,17.303041,16.819637,16.394068,16.14899,17.370815,17.117346,17.248333,17.013828,16.36276,16.14011,16.250607,16.001354,18.319798,18.046713,17.683655,17.448915,15.804841,15.613192,0.0,0.0,0.0,0.0,0.0,0.0,0.0,0.0
13111,2023.0,4.0,2.0,1.0,17.542858,17.4442,16.33945,16.100994,17.302595,17.057156,17.168419,16.942614,16.299456,16.08012,16.1837,15.934082,18.254534,17.984858,17.6019,17.370932,15.768631,15.578376,0.0,0.0,0.0,0.0,0.0,0.0,0.0,0.0
13112,2023.0,4.0,2.0,1.0,17.538094,17.47623,16.28563,16.050962,17.233784,16.993662,17.091192,16.870625,16.238754,16.021374,16.11713,15.869793,18.192717,17.925106,17.524897,17.296421,16.46048,16.914022,0.0,0.0,0.0,0.0,0.0,0.0,0.0,4.0
13113,2023.0,4.0,2.0,1.0,17.478733,17.421608,16.23329,16.000875,17.166336,16.929533,17.017159,16.799612,16.180393,15.96365,16.052414,15.806057,18.133602,17.866735,17.451408,17.22389,15.954264,15.79453,0.0,0.0,0.0,0.0,0.0,0.0,0.0,0.0
13114,2023.0,4.0,2.0,1.0,17.414856,17.357754,16.18111,15.948489,17.099169,16.86265,16.944727,16.72686,16.123505,15.90541,15.988788,15.74089,18.076109,17.808039,17.38016,17.151384,15.531417,15.0866585,0.0,0.0,0.0,0.0,0.0,0.0,0.0,0.0
13115,2023.0,4.0,2.0,1.0,17.353228,17.297115,16.13154,15.89903,17.035742,16.80009,16.876953,16.659554,16.070738,15.8523035,15.929493,15.681047,18.022753,17.754498,17.314112,17.085367,15.388621,14.9295,0.0,0.0,0.0,0.0,0.0,0.0,0.0,0.0
13116,2023.0,4.0,2.0,2.0,17.296568,17.243969,16.08778,15.859214,16.979076,16.748238,16.816593,16.60405,16.022738,15.806022,15.876291,15.630372,17.973991,17.707493,17.253351,17.02656,15.575337,15.393248,0.0,0.0,0.0,0.0,0.0,0.0,0.0,0.0
13117,2023.0,4.0,2.0,2.0,17.239103,17.186823,16.041618,15.812725,16.92067,16.690166,16.75446,16.542103,15.975019,15.757757,15.822706,15.576023,17.925535,17.658604,17.193602,16.966606,15.570603,15.380617,0.0,0.0,0.0,0.0,0.0,0.0,0.0,0.0
13118,2023.0,4.0,2.0,2.0,17.186285,17.136713,16.000484,15.774821,16.868143,16.641605,16.698816,16.49052,15.931147,15.715198,16.091263,16.124855,17.880737,17.615139,17.138083,16.912626,15.541084,15.351589,0.0,0.0,0.0,0.0,4.0,0.0,0.0,0.0
13119,2023.0,4.0,2.0,2.0,17.135206,17.08799,15.959982,15.736546,16.81691,16.593391,16.644814,16.439528,15.888961,15.674082,15.839649,15.596081,17.837585,17.573107,17.084837,16.86077,15.510649,15.321676,0.0,0.0,0.0,0.0,0.0,0.0,0.0,0.0
13120,2023.0,4.0,2.0,2.0,17.082531,17.034142,15.917157,15.692029,16.763433,16.53877,16.58875,16.382034,15.84609,15.6299925,15.735043,15.489091,17.793724,17.528145,17.031271,16.806246,15.478182,15.288325,0.0,0.0,0.0,0.0,0.0,0.0,0.0,0.0
13121,2023.0,4.0,2.0,2.0,17.037043,16.99292,15.881508,15.66089,16.718197,16.498966,16.54152,16.340307,16.384104,16.675508,15.686872,15.445092,17.75484,17.491869,16.983345,16.761265,16.17716,16.631786,0.0,0.0,0.0,4.0,0.0,0.0,0.0,4.0
13122,2023.0,4.0,2.0,3.0,16.989841,16.946459,15.843165,15.62349,16.670588,16.452803,16.492023,16.292088,16.610228,16.967123,15.637782,15.396521,17.714962,17.45235,16.93469,16.713135,15.67972,15.527845,0.0,0.0,0.0,4.0,0.0,0.0,0.0,0.0
13123,2023.0,4.0,2.0,3.0,16.94476,16.902039,15.805907,15.587313,16.62463,16.408457,16.44459,16.24604,15.796752,15.3400955,15.592139,15.351512,17.676239,17.414108,16.887714,16.666903,15.28675,14.868319,0.0,0.0,0.0,0.0,0.0,0.0,0.0,0.0
13124,2023.0,4.0,2.0,3.0,16.896954,16.850714,15.764959,15.543088,16.575062,16.355751,16.393482,16.191471,15.490724,14.960642,15.544393,15.300416,17.635431,17.370872,16.838795,16.615585,15.126015,14.670508,0.0,0.0,0.0,0.0,0.0,0.0,0.0,0.0
13125,2023.0,4.0,2.0,3.0,16.863342,16.82723,15.72995,15.51023,16.532215,16.315409,16.34917,16.14967,15.693171,15.474336,15.503122,15.260572,17.598618,17.334864,16.794376,16.572153,15.314861,15.133738,0.0,0.0,0.0,0.0,0.0,0.0,0.0,0.0
13126,2023.0,4.0,2.0,3.0,16.831057,16.80419,15.6923,15.471595,16.487255,16.269798,16.30253,16.102358,15.692417,15.476343,15.46103,15.217579,17.561157,17.296782,16.749699,16.52708,15.312637,15.122465,0.0,0.0,0.0,0.0,0.0,0.0,0.0,0.0
13127,2023.0,4.0,2.0,3.0,16.791718,16.76517,15.656614,15.436432,16.444593,16.227942,16.25833,16.058989,15.655536,15.439421,15.421241,15.17803,17.524973,17.260687,16.706564,16.484226,15.285589,15.095275,0.0,0.0,0.0,0.0,0.0,0.0,0.0,0.0
13128,2023.0,4.0,2.0,4.0,16.75185,16.725279,15.6213875,15.401672,16.402714,16.186789,16.215046,16.016434,15.617729,15.401629,15.382559,15.139577,17.48938,17.22518,16.664299,16.442236,15.257333,15.066923,0.0,0.0,0.0,0.0,0.0,0.0,0.0,0.0
13129,2023.0,4.0,2.0,4.0,16.713688,16.688425,15.588686,15.371488,16.363537,16.150278,16.174627,15.978707,15.581344,15.366555,15.66337,15.700284,17.45548,17.192543,16.623892,16.403172,15.229097,15.0395565,0.0,0.0,0.0,0.0,4.0,0.0,0.0,0.0
13130,2023.0,4.0,2.0,4.0,16.676071,16.65212,15.55602,15.340602,16.32462,16.113417,16.134602,15.94071,15.545868,15.332237,15.417113,15.170333,17.422117,17.16032,16.58432,16.364872,15.20097,15.012263,0.0,0.0,0.0,0.0,0.0,0.0,0.0,0.0
13131,2023.0,4.0,2.0,4.0,16.63653,16.61142,15.520991,15.30419,16.283245,16.070944,16.09224,15.89708,15.509413,15.295041,15.32725,15.08541,17.387527,17.125164,16.543724,16.323814,15.171677,14.982499,0.0,0.0,0.0,0.0,0.0,0.0,0.0,0.0
13132,2023.0,4.0,2.0,4.0,16.599161,16.57454,15.488459,15.272498,16.244627,16.033417,16.052752,15.8586,15.475149,15.261365,15.286668,15.045753,17.35451,17.092754,16.5049,16.285698,15.143497,14.954746,0.0,0.0,0.0,0.0,0.0,0.0,0.0,0.0
13133,2023.0,4.0,2.0,4.0,16.562141,16.537876,15.456136,15.241044,16.206543,15.996377,16.0138,15.820637,15.441734,15.228538,15.246939,15.006879,17.321909,17.060764,16.4667,16.248196,15.115588,14.927269,0.0,0.0,0.0,0.0,0.0,0.0,0.0,0.0
13134,2023.0,4.0,2.0,5.0,16.525505,16.50156,15.424026,15.209803,16.168936,15.959768,15.97534,15.783138,15.409068,15.196457,15.209653,14.970366,17.289673,17.029135,16.42905,16.21124,15.087931,14.900046,0.0,0.0,0.0,0.0,0.0,0.0,0.0,0.0
13135,2023.0,4.0,2.0,5.0,16.491941,16.470984,15.3954315,15.185358,16.135101,15.930226,15.9407625,15.752876,15.379234,15.169375,15.176499,14.940805,17.259901,17.00212,16.394018,16.179012,15.79044,16.247047,0.0,0.0,0.0,0.0,0.0,0.0,0.0,4.0
13136,2023.0,4.0,2.0,5.0,16.456537,16.436275,15.856599,16.076393,16.098999,15.895541,15.904031,15.717445,15.924062,16.220026,15.142319,14.907801,17.228943,16.972267,16.357903,16.143997,15.29928,15.15558,4.0,0.0,0.0,4.0,0.0,0.0,0.0,0.0
13137,2023.0,4.0,2.0,5.0,16.42135,16.401333,15.574706,15.465633,16.062983,15.860546,15.867634,15.681857,15.52697,15.340596,15.108979,14.875315,17.198048,16.94223,16.321901,16.108759,14.9787,14.668318,0.0,0.0,0.0,0.0,0.0,0.0,0.0,0.0
13138,2023.0,4.0,2.0,5.0,16.384113,16.364874,15.367396,15.176619,16.024572,15.823691,15.828726,15.644386,15.925135,16.23514,15.3709345,15.397683,17.165016,16.91049,16.283445,16.07155,15.015429,14.78019,0.0,0.0,0.0,4.0,4.0,0.0,0.0,0.0
13139,2023.0,4.0,2.0,5.0,16.348375,16.329937,15.302874,15.100581,15.987186,15.788175,15.790987,15.60838,15.304668,14.85336,15.221369,15.025659,17.132698,16.879753,16.246101,16.035912,15.016481,14.828176,0.0,0.0,0.0,0.0,0.0,0.0,0.0,0.0
13140,2023.0,4.0,2.0,6.0,16.31445,16.294376,15.265761,15.060065,15.951643,15.751887,15.755174,15.571647,15.041868,14.538189,15.424275,15.471665,17.10214,16.848885,16.211065,16.00043,14.998291,14.819768,0.0,0.0,0.0,0.0,4.0,0.0,0.0,0.0
13141,2023.0,4.0,2.0,6.0,21.131418,24.717356,15.233318,15.030679,20.99056,24.549963,20.865257,24.488724,15.554409,15.26688,20.073742,23.068323,20.922464,23.334818,21.417479,24.790575,15.574739,15.600228,0.0,0.0,0.0,0.0,0.0,0.0,0.0,0.0
13142,2023.0,4.0,2.0,6.0,20.976803,23.882843,15.204825,14.999909,20.98651,23.957764,21.003353,24.139074,15.879935,15.771669,17.732765,18.16795,21.667196,24.403608,22.270855,25.850298,16.46304,17.069252,0.0,0.0,0.0,0.0,0.0,0.0,0.0,4.0
13143,2023.0,4.0,2.0,6.0,21.069447,23.696571,15.177549,14.971372,21.097305,23.789104,21.099415,23.921358,15.505248,15.300873,16.122925,15.9259615,20.983631,22.85178,21.96825,24.802408,20.377832,23.927631,0.0,0.0,0.0,0.0,0.0,0.0,0.0,0.0
13144,2023.0,4.0,2.0,6.0,21.081772,23.511488,15.149942,14.943401,21.080488,23.495022,21.084352,23.618738,15.418554,15.211553,16.101582,16.111008,21.045828,22.778904,20.90916,22.66685,17.734617,18.156654,0.0,0.0,0.0,0.0,4.0,4.0,4.0,4.0
13145,2023.0,4.0,2.0,6.0,21.097935,23.337255,15.122255,14.915809,21.080185,23.311527,21.084118,23.427277,15.362217,15.1566925,20.438532,23.406462,21.038107,22.637913,21.080921,22.889263,20.993198,24.387564,0.0,0.0,0.0,0.0,0.0,4.0,4.0,0.0
13146,2023.0,4.0,2.0,7.0,21.067974,23.111897,15.098646,14.890308,21.077755,23.173517,21.057434,23.215643,15.900197,16.210297,17.937927,18.278435,21.05661,22.541922,21.053062,22.74792,17.819942,17.717667,0.0,0.0,4.0,4.0,0.0,4.0,4.0,0.0
13147,2023.0,4.0,2.0,7.0,21.071373,23.015884,15.0752945,14.866208,21.076035,23.070303,21.060614,23.123322,20.502834,23.9062,16.83134,16.939896,21.081463,22.511538,21.05433,22.681124,16.194706,15.690032,0.0,0.0,4.0,4.0,4.0,0.0,4.0,0.0
13148,2023.0,4.0,2.0,7.0,21.068596,22.931927,15.051908,14.842571,21.050508,22.924213,21.081797,23.047266,20.083557,22.719465,20.363281,23.130762,21.045954,22.339842,21.091259,22.725191,16.09755,15.869482,0.0,4.0,4.0,0.0,4.0,4.0,0.0,0.0
13149,2023.0,4.0,2.0,7.0,21.067085,22.867668,15.03015,14.819908,21.054054,22.877369,21.07693,22.95076,17.366991,17.131578,20.051785,22.205431,21.049774,22.29061,21.043907,22.548512,16.01263,15.812427,0.0,4.0,4.0,0.0,0.0,4.0,4.0,0.0
13150,2023.0,4.0,2.0,7.0,21.09204,22.888405,15.009404,14.798283,21.075033,22.832117,21.099936,22.948465,16.083023,15.538798,17.683357,17.416767,21.077702,22.319977,21.08977,22.62778,15.870715,15.678528,0.0,4.0,0.0,0.0,0.0,0.0,0.0,0.0
13151,2023.0,4.0,2.0,7.0,21.059456,22.760115,15.474894,15.686347,21.070738,22.759827,21.09359,22.877335,16.063532,15.809581,16.702423,16.400478,21.071558,22.262642,21.08026,22.56798,16.78431,17.523611,4.0,4.0,0.0,0.0,0.0,0.0,0.0,4.0
13152,2023.0,4.0,2.0,8.0,21.676378,23.765478,20.162617,23.65649,21.83035,23.820616,21.690878,23.88551,16.827293,17.324467,16.50076,16.220112,21.873697,23.496712,21.824932,23.621439,20.351097,23.460638,4.0,4.0,0.0,4.0,0.0,0.0,0.0,4.0
13153,2023.0,4.0,2.0,8.0,19.951498,20.207033,20.026947,22.810442,19.157661,18.877144,20.12591,20.683079,20.353247,23.259417,16.711252,16.795094,20.292486,20.328691,19.15521,18.731298,20.055847,22.492205,4.0,0.0,4.0,4.0,4.0,0.0,0.0,0.0
13154,2023.0,4.0,2.0,8.0,18.31913,17.90031,20.116423,22.613504,18.46361,18.34438,19.252544,19.664598,20.101389,22.375298,20.36556,23.095503,19.217272,18.947136,18.444384,18.161518,17.472088,17.235508,0.0,4.0,4.0,4.0,4.0,0.0,0.0,0.0
13155,2023.0,4.0,2.0,8.0,18.418379,18.527414,17.5511,17.41148,17.69796,17.091223,18.057007,17.61128,21.086802,23.683174,20.047829,22.13383,19.657228,20.055685,19.22609,19.875708,16.26873,15.782123,0.0,0.0,0.0,4.0,0.0,4.0,4.0,0.0
13156,2023.0,4.0,2.0,8.0,18.434477,18.61789,16.459785,16.215229,17.177526,16.489002,17.289097,16.642733,20.03824,21.724571,17.752016,17.473417,18.692556,18.137735,18.1787,17.7186,15.931213,15.43238,0.0,0.0,0.0,4.0,0.0,0.0,0.0,0.0
13157,2023.0,4.0,2.0,8.0,17.608322,17.19815,16.24517,16.012058,16.901085,16.2152,16.924124,16.256168,20.064676,21.668076,17.189678,17.217402,18.867334,18.894958,17.494566,16.927818,15.967166,15.729388,0.0,0.0,0.0,4.0,4.0,4.0,0.0,0.0
13158,2023.0,4.0,2.0,9.0,17.16873,16.699234,16.056612,15.825507,17.73194,18.012781,17.011988,16.690472,20.676294,22.838037,20.358015,22.597717,18.287464,17.74705,18.246273,18.583275,16.877953,17.521906,0.0,4.0,0.0,0.0,0.0,0.0,4.0,4.0
13159,2023.0,4.0,2.0,9.0,16.960108,16.503176,15.901706,15.668966,17.433952,17.306124,16.990692,16.7433,18.086098,17.736538,18.311178,18.493677,18.602053,18.641853,17.54388,17.071268,20.36162,23.39165,0.0,0.0,0.0,0.0,0.0,4.0,0.0,0.0
13160,2023.0,4.0,2.0,9.0,17.111027,16.983406,15.773065,15.540707,16.723845,16.154587,17.56434,17.937592,16.99787,16.41167,17.454187,17.538397,18.745977,18.821535,18.074968,18.44247,18.133686,18.568184,0.0,0.0,4.0,0.0,4.0,4.0,4.0,4.0
13161,2023.0,4.0,2.0,9.0,17.116228,17.048025,15.684308,15.451077,17.1298,17.079393,17.13425,17.072416,16.958004,16.641243,20.331842,22.626997,18.051575,17.535797,17.296408,16.849426,21.606207,24.70173,0.0,4.0,0.0,0.0,0.0,0.0,0.0,0.0
13162,2023.0,4.0,2.0,9.0,17.037601,16.984165,15.592952,15.36428,16.65921,16.141512,16.43308,15.910161,16.851912,16.593853,18.345314,18.527632,17.641392,17.034567,16.834013,16.32097,18.971409,19.360607,0.0,0.0,0.0,0.0,0.0,0.0,0.0,4.0
13163,2023.0,4.0,2.0,9.0,17.71722,18.326427,15.525124,15.296911,16.350855,15.736292,16.17605,15.576776,16.704647,16.456362,17.403465,17.118431,17.491903,16.87802,16.690908,16.176256,20.310787,22.052603,0.0,0.0,0.0,0.0,0.0,0.0,0.0,0.0
13164,2023.0,4.0,2.0,10.0,17.324766,17.424833,15.919351,16.098845,16.497105,16.196665,16.334454,16.041502,16.541422,16.303448,17.058056,16.762142,17.668064,17.358418,16.569372,16.06473,18.780125,19.10456,4.0,0.0,0.0,0.0,0.0,0.0,0.0,4.0
13165,2023.0,4.0,2.0,10.0,17.433935,17.710411,20.175482,23.558632,16.525826,16.29931,16.371912,16.149931,17.178053,17.612349,16.848463,16.547876,17.710623,17.45848,16.727991,16.481844,20.261942,21.917492,4.0,0.0,0.0,4.0,0.0,0.0,0.0,4.0
13166,2023.0,4.0,2.0,10.0,16.813791,16.52772,20.051104,22.749056,17.177004,17.58291,16.3202,16.108683,20.334665,23.01872,16.658197,16.37042,17.671648,17.429705,16.769985,16.565268,20.031971,21.522263,0.0,4.0,0.0,0.0,0.0,0.0,0.0,4.0
13167,2023.0,4.0,2.0,10.0,17.176825,17.441202,17.498865,17.489447,16.854261,16.818851,16.262217,16.05789,17.767101,17.628643,16.504972,16.232489,17.627335,17.391743,16.728209,16.5329,20.088259,21.631643,0.0,0.0,0.0,0.0,0.0,0.0,0.0,0.0
13168,2023.0,4.0,2.0,10.0,17.384748,17.722427,16.371191,16.17984,16.870731,16.972982,16.20572,16.00806,17.181665,17.290388,16.375381,16.114172,17.585506,17.355047,16.679052,16.488876,18.136513,17.846746,0.0,4.0,0.0,4.0,0.0,0.0,0.0,0.0
13169,2023.0,4.0,2.0,10.0,16.732843,16.505705,16.641178,16.838896,16.27449,15.846944,16.1579,15.9661455,20.34291,22.845081,16.280294,16.02581,18.35756,18.851828,16.63757,16.451029,17.338764,16.78868,4.0,0.0,0.0,0.0,0.0,4.0,0.0,0.0
13170,2023.0,4.0,2.0,11.0,17.092075,17.393297,20.275026,23.184244,15.928086,15.404791,16.106337,15.921966,17.901443,17.749804,16.181948,15.935593,17.620169,17.19138,16.594542,16.412086,16.948656,16.41229,4.0,0.0,0.0,0.0,0.0,0.0,0.0,0.0
13171,2023.0,4.0,2.0,11.0,17.30061,17.666582,20.047237,22.369055,16.52165,16.618921,16.799911,17.274841,16.638088,16.125753,16.09658,15.855894,17.190731,16.651743,16.552626,16.372267,16.915245,16.649988,0.0,4.0,4.0,0.0,0.0,0.0,0.0,0.0
13172,2023.0,4.0,2.0,11.0,16.669994,16.483728,18.02046,18.220407,16.762348,16.933098,16.45991,16.451994,16.576387,16.31027,16.029182,15.796895,17.09091,16.552624,16.5149,16.337324,16.815498,16.592741,4.0,4.0,0.0,0.0,0.0,0.0,0.0,0.0
13173,2023.0,4.0,2.0,11.0,17.091219,17.4103,20.246796,22.458582,16.13677,15.7503805,15.9075575,15.478612,16.53924,16.318378,15.980188,15.751804,18.13458,18.613962,16.483284,16.307579,16.68796,16.475964,4.0,0.0,0.0,0.0,0.0,4.0,0.0,0.0
13174,2023.0,4.0,2.0,11.0,17.285034,17.669369,20.058203,21.93974,15.79709,15.313749,15.655106,15.175741,16.432304,16.221893,15.930369,15.707836,17.515696,17.103325,16.450445,16.276941,16.548994,16.346405,0.0,0.0,0.0,0.0,0.0,0.0,0.0,0.0
13175,2023.0,4.0,2.0,11.0,16.656124,16.494728,17.983982,17.86099,15.689356,15.209252,15.805311,15.587373,16.331482,16.128168,15.887513,15.670721,17.122149,16.612093,16.419449,16.247961,16.424732,16.229628,0.0,0.0,0.0,0.0,0.0,0.0,0.0,0.0
13176,2023.0,4.0,2.0,12.0,16.336525,16.037395,17.310059,17.072586,15.900195,15.707424,15.851864,15.69688,16.256489,16.053646,16.279724,16.439564,17.037533,16.519318,16.392197,16.221085,16.328384,16.13415,0.0,0.0,0.0,0.0,4.0,0.0,0.0,0.0
13177,2023.0,4.0,2.0,12.0,21.001839,24.274446,17.084206,16.893076,20.989712,24.621046,21.165096,25.036425,16.191614,15.994879,20.206213,23.158827,21.306423,23.88277,22.001492,25.781645,16.24565,16.05794,0.0,0.0,4.0,0.0,0.0,0.0,0.0,0.0
13178,2023.0,4.0,2.0,12.0,20.987516,23.760944,16.828161,16.647184,21.011463,24.056633,21.000294,24.110682,16.124746,15.932271,18.07455,18.454859,20.964981,23.033901,20.968626,23.574368,16.163849,15.981148,0.0,0.0,4.0,0.0,0.0,0.0,0.0,0.0
13179,2023.0,4.0,2.0,12.0,21.085213,23.615673,17.064692,17.280613,21.092527,23.82964,21.098179,23.87797,16.069813,15.88125,16.750732,16.615793,21.073011,22.978598,22.45597,25.79863,17.12187,17.859034,4.0,0.0,4.0,0.0,0.0,0.0,0.0,4.0
13180,2023.0,4.0,2.0,12.0,21.070389,23.3668,20.25942,22.98627,21.079601,23.545729,21.105082,23.628399,16.025925,15.840687,16.463535,16.247677,21.057365,22.750566,21.953,24.555492,20.346191,23.198845,0.0,0.0,0.0,0.0,0.0,0.0,0.0,4.0
13181,2023.0,4.0,2.0,12.0,21.069378,23.213274,18.197138,18.598206,21.078667,23.36343,21.098871,23.414087,15.991273,15.809912,16.328585,16.107857,21.05604,22.603401,20.919935,22.472029,20.047844,22.250557,0.0,0.0,0.0,0.0,0.0,0.0,0.0,0.0
13182,2023.0,4.0,2.0,13.0,21.09245,23.169044,16.906502,16.830338,21.076366,23.22821,21.096403,23.261913,15.962377,15.784636,16.24518,16.027885,21.05382,22.491247,21.045479,22.657854,17.800282,17.652887,0.0,0.0,0.0,0.0,0.0,0.0,4.0,0.0
13183,2023.0,4.0,2.0,13.0,21.083424,23.06404,16.556828,16.40162,21.072563,23.123688,21.072454,23.144764,15.935416,15.759242,16.172335,15.954954,21.050686,22.403944,21.084381,22.700577,16.715612,16.27964,0.0,0.0,0.0,0.0,0.0,0.0,0.0,0.0
13184,2023.0,4.0,2.0,13.0,21.082918,22.993687,16.370617,16.212967,21.07111,23.046179,21.049984,23.024263,15.911037,15.736643,16.544575,16.713234,21.049553,22.339096,21.072886,22.62106,16.679104,16.483341,0.0,0.0,4.0,0.0,4.0,0.0,0.0,0.0
13185,2023.0,4.0,2.0,13.0,21.03958,22.86921,16.229958,16.081795,21.047749,22.920996,21.098988,23.061295,15.889893,15.718515,20.348284,23.113544,21.049818,22.290083,21.07448,22.573223,17.611387,18.32148,0.0,4.0,0.0,0.0,4.0,0.0,0.0,4.0
13186,2023.0,4.0,2.0,13.0,21.08973,22.939857,16.108248,15.960816,21.075626,22.953913,21.08922,22.976377,15.869415,15.699964,20.041164,22.240019,21.04885,22.24887,21.058163,22.528868,21.752377,25.279291,0.0,0.0,0.0,0.0,0.0,0.0,0.0,0.0
13187,2023.0,4.0,2.0,13.0,21.080368,22.879635,16.005417,15.859519,21.063505,22.834179,21.06938,22.919838,15.850747,15.683231,17.8863,17.788391,21.0479,22.214762,21.059303,22.515617,18.61012,18.625626,0.0,4.0,0.0,0.0,0.0,0.0,0.0,0.0
13188,2023.0,4.0,2.0,14.0,21.05359,22.771765,15.912969,15.767282,21.064753,22.784302,21.07055,22.902378,15.833349,15.667276,16.955729,16.727293,21.046896,22.18547,21.057945,22.496397,17.029947,16.605255,0.0,4.0,0.0,0.0,0.0,0.0,0.0,0.0
13189,2023.0,4.0,2.0,14.0,19.146593,19.123817,15.836527,15.697863,19.070189,18.950655,19.331268,19.546438,16.578094,17.08319,16.796919,16.575932,20.471292,21.02694,19.54164,19.562683,16.900585,16.682674,0.0,0.0,0.0,4.0,0.0,4.0,0.0,0.0
13190,2023.0,4.0,2.0,14.0,18.32263,18.004135,15.77644,15.641431,18.76999,18.81225,18.486055,18.355993,20.343061,23.485271,16.687687,16.46558,19.603832,19.495146,18.897293,18.682352,16.838608,16.654596,0.0,4.0,0.0,4.0,0.0,0.0,0.0,0.0
13191,2023.0,4.0,2.0,14.0,18.644873,18.965809,15.713225,15.583234,18.651932,18.771898,18.058418,17.904907,20.009914,22.338718,16.57398,16.355486,18.83957,18.318443,18.557867,18.334435,16.721674,16.544693,0.0,4.0,0.0,4.0,0.0,0.0,0.0,0.0
13192,2023.0,4.0,2.0,14.0,18.655043,19.028122,16.137508,16.431469,17.827223,17.418575,18.457232,18.920252,20.091574,22.196077,16.866999,16.995697,18.511257,17.972609,18.312786,18.096561,16.613655,16.442354,4.0,0.0,4.0,0.0,4.0,0.0,0.0,0.0
13193,2023.0,4.0,2.0,14.0,18.539341,18.930264,20.126898,23.244318,18.01171,18.1104,17.952961,17.974298,18.514118,18.888952,20.229279,22.84319,18.579258,18.302526,18.116064,17.909063,16.518873,16.35284,0.0,4.0,0.0,4.0,0.0,0.0,0.0,0.0
13194,2023.0,4.0,2.0,15.0,18.446966,18.85949,18.002064,18.581722,18.098305,18.28658,17.870298,18.061972,20.309942,22.406725,18.545965,19.134573,19.34125,19.807863,17.949297,17.748905,16.434084,16.272312,0.0,4.0,4.0,0.0,4.0,4.0,0.0,0.0
13195,2023.0,4.0,2.0,15.0,17.734041,17.60784,16.962479,17.321608,18.016638,18.219097,17.22198,16.904165,18.139656,18.045515,20.274387,22.536757,18.633833,18.284637,17.805424,17.609917,16.35721,16.197592,4.0,4.0,0.0,0.0,4.0,0.0,0.0,0.0
13196,2023.0,4.0,2.0,15.0,17.99973,18.376034,20.261587,23.114138,17.937267,18.149565,16.799269,16.388836,17.017797,16.608442,20.046646,21.815321,18.156454,17.673956,17.679773,17.48884,16.28712,16.129688,0.0,4.0,0.0,0.0,0.0,0.0,0.0,0.0
13197,2023.0,4.0,2.0,15.0,17.50155,17.392502,18.186817,18.687937,17.235144,16.90956,16.610239,16.200651,17.636358,18.062408,18.194548,18.069874,17.995934,17.507761,17.569036,17.382536,16.223188,16.068235,0.0,0.0,0.0,4.0,0.0,0.0,0.0,0.0
13198,2023.0,4.0,2.0,15.0,17.88183,18.2679,17.543776,17.84103,17.562292,17.709612,16.707165,16.523956,20.306993,22.661526,17.340893,16.818996,18.936457,19.402643,17.482718,17.299383,16.17092,16.017681,4.0,4.0,0.0,0.0,0.0,4.0,0.0,0.0
13199,2023.0,4.0,2.0,15.0,18.026918,18.467957,20.239367,22.713593,17.718834,17.955069,17.416208,17.907377,18.092808,18.042963,17.2477,16.963081,19.042564,19.323275,17.394138,17.215948,16.1162,15.965944,4.0,4.0,4.0,0.0,0.0,4.0,0.0,0.0
13200,2023.0,4.0,2.0,16.0,18.007288,18.45976,20.051098,22.088177,17.684622,17.93047,17.686848,18.259335,16.93376,16.52991,17.156593,16.91363,18.26024,17.880363,17.310886,17.135752,16.064037,15.915659,0.0,4.0,4.0,0.0,0.0,0.0,0.0,0.0
13201,2023.0,4.0,2.0,16.0,17.97004,18.416212,18.339342,18.614769,17.641533,17.889328,16.873009,16.6921,16.825123,16.602259,17.010347,16.780521,17.90553,17.443901,17.234882,17.06288,16.015434,15.868612,4.0,4.0,0.0,0.0,0.0,0.0,0.0,0.0
13202,2023.0,4.0,2.0,16.0,17.938217,18.38128,20.22699,22.226606,17.603285,17.850817,17.131256,17.340536,16.76296,16.570978,16.896214,16.6662,18.552172,18.762543,17.170414,16.999542,15.972934,15.826488,4.0,4.0,4.0,0.0,0.0,4.0,0.0,0.0
13203,2023.0,4.0,2.0,16.0,17.91436,18.364758,20.054483,21.778023,17.562784,17.810377,16.620504,16.329885,16.64569,16.460398,16.776974,16.553032,18.079763,17.703724,18.184128,18.975985,16.891584,17.600834,0.0,4.0,0.0,0.0,0.0,0.0,4.0,4.0
13204,2023.0,4.0,2.0,16.0,17.244469,17.140192,18.508017,18.714134,17.5252,17.772156,16.933231,17.137728,16.534521,16.354073,16.670597,16.453993,18.499613,18.713728,17.39242,17.14174,20.329317,23.34793,4.0,4.0,4.0,0.0,0.0,4.0,0.0,0.0
13205,2023.0,4.0,2.0,16.0,17.569334,17.978256,20.236008,22.252016,17.48996,17.735785,16.505991,16.248924,16.431532,16.253393,16.570135,16.356047,18.7282,18.985893,17.910229,18.441517,18.320875,18.914238,4.0,4.0,0.0,0.0,0.0,4.0,4.0,4.0
13206,2023.0,4.0,2.0,17.0,17.098139,17.000828,20.036871,21.702913,17.457348,17.701542,16.822645,17.037334,16.33859,16.16321,16.47747,16.266922,18.755796,19.010235,18.221416,18.776428,20.330704,22.899881,4.0,4.0,4.0,0.0,0.0,4.0,4.0,0.0
13207,2023.0,4.0,2.0,17.0,16.717144,16.499952,20.06912,21.67091,17.424181,17.66379,17.015753,17.292107,17.01653,17.51702,16.393538,16.186266,18.76447,19.011911,17.324455,17.04073,18.561308,19.097216,4.0,4.0,4.0,4.0,0.0,4.0,0.0,4.0
13208,2023.0,4.0,2.0,17.0,16.562643,16.327736,20.08173,21.64422,17.39087,17.625473,16.391422,16.12113,20.340631,23.173483,16.316315,16.111876,18.765253,19.005735,16.861406,16.47382,20.296452,22.556454,0.0,4.0,0.0,0.0,0.0,4.0,0.0,4.0
13209,2023.0,4.0,2.0,17.0,16.693275,16.689077,18.29665,18.17713,16.714699,16.387997,16.700228,16.897856,17.805376,17.800085,16.246092,16.046526,18.76064,18.994413,16.695654,16.297272,20.054754,21.919167,0.0,0.0,4.0,0.0,0.0,4.0,0.0,0.0
13210,2023.0,4.0,2.0,17.0,16.727633,16.762573,17.46735,17.29049,17.006824,17.157055,16.900496,17.16345,17.224943,17.437214,16.176859,15.980733,18.034138,17.63437,16.579912,16.181374,18.013803,17.86288,0.0,4.0,4.0,4.0,0.0,0.0,0.0,0.0
13211,2023.0,4.0,2.0,17.0,17.445837,18.146318,17.694452,17.900898,16.501076,16.169796,16.30691,16.0499,20.338688,22.90282,16.114208,15.919758,17.7178,17.21375,17.78814,18.563614,17.208605,16.758137,4.0,0.0,0.0,0.0,0.0,0.0,4.0,0.0
13212,2023.0,4.0,2.0,18.0,16.820429,16.731215,20.22523,22.475277,16.828415,16.976385,16.605305,16.796238,17.926064,17.855854,16.044336,15.8513775,17.564434,17.058493,17.056154,16.78223,16.83688,16.386988,0.0,4.0,4.0,0.0,0.0,0.0,0.0,0.0
13213,2023.0,4.0,2.0,18.0,21.197153,24.6244,18.433878,18.738338,21.284452,24.729074,21.307596,24.845503,16.657969,16.207811,15.976901,15.786611,22.187168,25.026598,22.829802,26.755768,16.7882,16.569757,0.0,4.0,4.0,0.0,0.0,4.0,4.0,0.0
13214,2023.0,4.0,2.0,18.0,21.008133,23.71494,17.72358,17.99236,21.024673,23.69732,21.018442,23.791334,17.360489,17.841164,15.912615,15.724091,20.919928,22.569197,22.229847,25.48794,17.686003,18.388578,4.0,4.0,4.0,4.0,0.0,0.0,0.0,4.0
13215,2023.0,4.0,2.0,18.0,21.150314,23.68522,20.279747,22.572086,21.14664,23.603668,21.152248,23.745949,20.322676,22.84376,15.848781,15.66045,21.793568,23.903168,22.50844,25.524544,20.306303,22.766024,0.0,4.0,0.0,0.0,0.0,0.0,0.0,4.0
13216,2023.0,4.0,2.0,18.0,21.06371,23.26981,18.363977,18.548237,21.074316,23.2323,21.074131,23.340485,17.86413,17.721819,15.790974,15.6060505,20.967491,22.235386,20.897976,22.421572,20.055643,22.026115,4.0,4.0,4.0,0.0,0.0,0.0,0.0,0.0
13217,2023.0,4.0,2.0,18.0,21.152967,23.296095,20.247599,22.409134,21.152292,23.230253,21.156391,23.362787,16.605,16.114367,16.155092,16.34373,21.139036,22.537964,21.717731,23.630178,17.881493,17.65373,4.0,4.0,0.0,0.0,4.0,0.0,0.0,0.0
13218,2023.0,4.0,2.0,19.0,21.14849,23.178066,20.108152,21.921911,21.148954,23.106379,21.144062,23.195808,16.553652,16.327827,20.392202,23.34918,21.123154,22.466812,21.14327,22.787277,16.80311,16.323948,0.0,4.0,4.0,0.0,0.0,0.0,0.0,0.0
13219,2023.0,4.0,2.0,19.0,21.065746,22.931414,18.381323,18.443453,21.070719,22.861856,21.075125,22.967497,16.494198,16.29684,17.99349,18.357252,21.052908,22.294191,21.069506,22.627897,17.427889,17.79253,4.0,4.0,4.0,0.0,0.0,0.0,0.0,4.0
13220,2023.0,4.0,2.0,19.0,21.162106,23.080597,20.246279,22.25204,21.158865,22.970026,21.162838,23.092484,16.356075,16.158897,16.562958,16.371405,21.130667,22.423748,21.190346,22.856575,20.336992,22.76983,0.0,4.0,0.0,0.0,0.0,0.0,0.0,0.0
13221,2023.0,4.0,2.0,19.0,21.085073,22.867119,18.12664,17.928207,21.093714,22.800749,21.068062,22.820957,17.02344,17.530207,16.263582,16.046349,21.022762,22.166134,21.025408,22.482141,17.83444,17.594046,0.0,0.0,4.0,4.0,0.0,4.0,4.0,0.0
13222,2023.0,4.0,2.0,19.0,21.085337,22.81828,17.63478,17.760223,21.063963,22.671007,21.098028,22.854105,20.338118,23.135927,16.100256,15.875955,21.076965,22.244255,21.09032,22.597763,17.568668,17.881926,4.0,4.0,0.0,4.0,0.0,0.0,0.0,4.0
13223,2023.0,4.0,2.0,19.0,21.161983,22.970915,20.242859,22.470324,21.161879,22.828089,21.160324,22.935219,20.056248,22.210794,16.337317,16.431787,21.126736,22.300144,21.18281,22.74401,20.402895,22.682943,0.0,4.0,0.0,0.0,4.0,0.0,0.0,0.0
13224,2023.0,4.0,2.0,20.0,21.039236,22.695164,18.680668,19.143661,21.068233,22.606182,21.092108,22.756866,17.645592,17.308872,20.434393,23.277348,21.040289,22.072084,21.080345,22.501854,17.818295,17.490986,4.0,4.0,0.0,0.0,0.0,4.0,0.0,0.0
13225,2023.0,4.0,2.0,20.0,21.163929,22.897858,20.26982,22.28492,21.166637,22.794994,21.187773,22.942036,16.441217,15.831058,18.00219,18.264267,21.137974,22.248428,21.196915,22.745398,16.622578,16.056288,4.0,0.0,4.0,0.0,0.0,4.0,0.0,0.0
13226,2023.0,4.0,2.0,20.0,21.062365,22.660088,20.040224,21.64397,21.062155,22.535086,21.05091,22.672997,17.259108,17.704855,16.604958,16.374077,21.074074,22.120876,21.062737,22.475355,17.626207,18.280214,4.0,4.0,4.0,4.0,0.0,0.0,0.0,4.0
13227,2023.0,4.0,2.0,20.0,21.089,22.706795,20.0769,21.59422,21.067705,22.525469,21.074297,22.677454,20.307175,22.802671,16.290651,16.031277,21.069132,22.0892,21.062876,22.47499,20.302788,22.677595,4.0,4.0,4.0,0.0,0.0,0.0,0.0,4.0
13228,2023.0,4.0,2.0,20.0,21.082802,22.664225,20.088793,21.547638,21.091719,22.57488,21.09552,22.707018,17.704916,17.391262,16.113808,15.853359,21.069366,22.069555,21.02374,22.366531,20.061132,21.957891,0.0,0.0,0.0,0.0,0.0,0.0,4.0,0.0
13229,2023.0,4.0,2.0,20.0,21.083435,22.637403,18.44662,18.319624,21.086313,22.541243,21.065609,22.595518,16.390223,15.766348,15.970932,15.7082205,21.04828,22.05205,21.090164,22.491405,17.781834,17.38896,4.0,0.0,4.0,0.0,0.0,0.0,0.0,0.0
13230,2023.0,4.0,2.0,21.0,21.199585,22.873913,20.239546,22.023815,21.15616,22.640076,21.160894,22.763647,16.404179,16.123632,16.221432,16.286648,21.183226,22.317368,21.180704,22.640259,17.614212,17.846212,0.0,4.0,4.0,0.0,4.0,4.0,0.0,4.0
13231,2023.0,4.0,2.0,21.0,21.0915,22.643446,18.098974,17.706924,21.06641,22.444393,21.09514,22.629797,16.364614,16.116556,20.435738,23.322334,21.046753,22.01389,21.079681,22.407328,21.486216,24.312742,0.0,4.0,0.0,0.0,0.0,4.0,0.0,0.0
13232,2023.0,4.0,2.0,21.0,21.082176,22.601568,17.234394,16.876009,21.091158,22.50192,21.089148,22.5921,16.221947,15.97456,17.972647,18.234707,21.074543,22.07103,21.059452,22.384645,19.005825,19.218891,0.0,0.0,0.0,0.0,0.0,0.0,0.0,4.0
13233,2023.0,4.0,2.0,21.0,21.083113,22.58203,17.064625,16.745203,21.06101,22.405191,21.064978,22.500261,16.090338,15.841572,16.542944,16.299355,21.069551,22.03828,21.061934,22.397373,20.36407,22.223396,0.0,4.0,4.0,0.0,0.0,0.0,0.0,0.0
13234,2023.0,4.0,2.0,21.0,21.0334,22.49177,16.854,16.532763,21.091665,22.474215,21.094662,22.563826,15.972572,15.722034,16.21831,15.93751,21.069965,22.01889,21.06155,22.399601,18.680046,18.838392,0.0,0.0,0.0,0.0,0.0,0.0,0.0,4.0
13235,2023.0,4.0,2.0,21.0,21.091887,22.602875,16.665625,16.340343,21.08588,22.446283,21.089243,22.534937,16.603327,16.997768,16.023104,15.735967,21.047573,22.001593,21.061607,22.39955,20.333158,22.110626,0.0,0.0,0.0,4.0,0.0,0.0,0.0,4.0
13236,2023.0,4.0,2.0,22.0,21.083118,22.560514,16.500376,16.171732,21.061422,22.361925,21.063713,22.518103,20.443987,23.405237,15.863798,15.573989,21.020376,21.94451,21.061588,22.39727,20.059828,21.561995,0.0,4.0,0.0,0.0,0.0,4.0,0.0,0.0
13237,2023.0,4.0,2.0,22.0,21.05608,22.465229,16.357773,16.029423,21.091318,22.432678,21.042028,22.474306,17.87737,17.986824,15.727504,15.43829,21.077843,22.050592,21.06141,22.393372,18.630024,18.699781,0.0,0.0,4.0,4.0,0.0,0.0,0.0,4.0
13238,2023.0,4.0,2.0,22.0,21.088058,22.535707,16.23269,15.905852,21.085392,22.40804,21.071938,22.570799,20.453728,22.936478,15.607352,15.31844,21.06952,22.007828,21.061201,22.38875,20.36395,22.114801,0.0,0.0,0.0,0.0,0.0,0.0,0.0,0.0
13239,2023.0,4.0,2.0,22.0,21.054728,22.433105,16.121468,15.796173,21.059761,22.395948,21.09221,22.564348,17.64965,17.275269,15.499836,15.211575,21.069992,21.987688,21.061152,22.384045,18.688807,18.764872,0.0,0.0,0.0,0.0,0.0,0.0,0.0,4.0
13240,2023.0,4.0,2.0,22.0,21.087515,22.509373,16.02101,15.69752,21.038078,22.355492,21.08929,22.524773,16.656809,16.362799,15.402388,15.114364,21.046915,21.97045,21.060905,22.378891,20.363691,22.112377,0.0,4.0,0.0,0.0,0.0,0.0,0.0,0.0
13241,2023.0,4.0,2.0,22.0,21.081257,22.484886,15.92941,15.607841,21.067959,22.454441,21.06267,22.49808,16.49628,16.222204,15.313459,15.025746,21.019653,21.91486,21.060837,22.373915,18.035969,17.539614,0.0,0.0,0.0,0.0,0.0,4.0,0.0,0.0
13242,2023.0,4.0,2.0,23.0,21.080976,22.473246,15.841629,15.518415,21.088081,22.449465,21.066038,22.519175,16.304426,16.028564,15.537033,15.515996,21.07837,22.023891,21.060495,22.368355,16.89008,16.183043,0.0,0.0,0.0,0.0,4.0,0.0,0.0,0.0
13243,2023.0,4.0,2.0,23.0,19.638098,19.741404,15.765264,15.444824,19.075466,18.563192,19.970823,20.402082,16.148699,15.88152,15.347083,15.100126,19.341661,18.66493,19.494038,19.35213,16.900213,16.57564,0.0,0.0,4.0,0.0,0.0,0.0,0.0,0.0
13244,2023.0,4.0,2.0,23.0,18.936304,18.769331,15.696488,15.37208,18.588928,18.146288,18.874573,18.614565,16.026825,15.754271,15.191981,14.900541,18.655964,17.775661,18.853565,18.537006,16.8431,16.576845,0.0,0.0,0.0,0.0,0.0,0.0,0.0,0.0
13245,2023.0,4.0,2.0,23.0,18.614162,18.4341,15.631039,15.305241,18.37583,17.989359,17.87661,17.005722,15.913567,15.640012,15.392491,15.3404875,18.817225,18.393555,19.578718,20.175756,16.694447,16.426502,0.0,0.0,0.0,0.0,4.0,0.0,4.0,0.0
13246,2023.0,4.0,2.0,23.0,18.368357,18.189901,15.568348,15.241066,18.805307,19.003391,17.39263,16.441936,15.809278,15.534497,15.468706,15.453458,18.76447,18.415783,18.294706,17.65238,16.553946,16.285452,0.0,4.0,0.0,0.0,4.0,0.0,0.0,0.0
13247,2023.0,4.0,2.0,23.0,18.153864,17.97252,15.506294,15.175726,18.228884,17.957624,17.580824,17.121252,16.274612,16.49135,15.181557,14.919126,18.609995,18.258947,17.697329,16.927044,16.418522,16.146784,0.0,0.0,0.0,4.0,0.0,0.0,0.0,0.0
13248,2023.0,4.0,3.0,0.0,17.968893,17.788252,15.447292,15.11413,17.349262,16.456106,17.532774,17.164886,15.867083,15.639599,15.020683,14.717183,18.464378,18.111517,17.41962,16.655737,16.29366,16.020235,0.0,0.0,0.0,0.0,0.0,0.0,0.0,0.0
13249,2023.0,4.0,3.0,0.0,17.80543,17.62695,15.392768,15.059852,16.96252,15.993498,17.380756,17.020842,16.22131,16.446522,15.007256,14.757351,18.331165,17.978014,17.597815,17.25272,16.90686,17.275902,0.0,0.0,0.0,4.0,0.0,0.0,0.0,4.0
13250,2023.0,4.0,3.0,0.0,17.640377,17.469046,15.337068,15.006648,17.190733,16.717316,17.21626,16.865232,15.474573,14.871827,15.00795,14.803088,18.1946,17.845295,17.563574,17.257734,16.455397,16.246382,0.0,0.0,0.0,0.0,0.0,0.0,0.0,0.0
13251,2023.0,4.0,3.0,0.0,17.485514,17.314491,15.281399,14.951048,17.227396,16.846739,17.058664,16.708857,15.583464,15.427407,15.008571,14.837421,18.06571,17.715214,17.421387,17.11895,15.74682,15.118691,0.0,0.0,0.0,4.0,0.0,0.0,0.0,0.0
13252,2023.0,4.0,3.0,0.0,17.35077,17.183329,15.229462,14.90021,17.111338,16.742102,16.919157,16.573713,15.111626,14.470619,15.009238,14.864491,17.95158,17.601961,17.282198,16.981419,15.424186,14.767892,0.0,0.0,0.0,0.0,0.0,0.0,0.0,0.0
13253,2023.0,4.0,3.0,0.0,17.231655,17.07041,15.180887,14.853973,16.994995,16.633747,16.795498,16.457376,15.018135,14.53417,15.11366,15.073927,17.850557,17.50406,17.157223,16.860226,16.370972,16.749287,0.0,0.0,0.0,0.0,4.0,0.0,0.0,4.0
13254,2023.0,4.0,3.0,1.0,17.120502,16.962421,15.13305,14.806949,16.884298,16.52709,16.680567,16.345798,15.103025,14.798278,14.9880705,14.851092,17.75619,17.410221,17.040709,16.744452,15.652409,15.046692,0.0,0.0,0.0,0.0,0.0,0.0,0.0,0.0
13255,2023.0,4.0,3.0,1.0,17.000814,16.827875,15.071973,14.731837,16.763176,16.390804,16.555958,16.20527,15.100399,14.810513,15.018501,14.9377165,17.656483,17.297953,16.920975,16.612343,15.152046,14.483358,0.0,0.0,0.0,0.0,0.0,0.0,0.0,0.0
13256,2023.0,4.0,3.0,1.0,16.901628,16.729158,15.019048,14.674481,16.663502,16.29277,16.45355,16.104506,15.037108,14.7436695,15.008552,14.923102,17.569948,17.2085,16.817303,16.506973,15.386316,15.111007,0.0,0.0,0.0,0.0,0.0,0.0,0.0,0.0
13257,2023.0,4.0,3.0,1.0,16.796776,16.612984,15.002712,14.687298,16.55611,16.173384,16.34336,15.982032,15.003018,14.737053,15.021781,14.963797,17.480673,17.109371,16.712505,16.393282,15.395971,15.104738,0.0,0.0,0.0,0.0,0.0,0.0,0.0,0.0
13258,2023.0,4.0,3.0,1.0,17.492117,17.99847,15.004214,14.718029,16.468449,16.08911,16.25348,15.895495,15.006573,14.781258,15.034119,14.979622,17.40274,17.02996,16.620966,16.30189,15.329305,15.0367,0.0,0.0,0.0,0.0,4.0,0.0,0.0,0.0
13259,2023.0,4.0,3.0,1.0,17.021198,16.933819,15.0051155,14.7443,16.37505,15.988842,16.15797,15.792878,15.006948,14.811457,15.010838,14.961615,17.32167,16.941406,16.527147,16.201736,15.254969,14.956084,0.0,0.0,0.0,0.0,0.0,0.0,0.0,0.0
13260,2023.0,4.0,3.0,2.0,16.164541,15.467636,15.005927,14.767013,16.285934,15.893784,16.067087,15.695861,15.008217,14.838568,14.999026,14.94191,17.243406,16.856699,16.437227,16.106476,15.181161,14.876796,0.0,0.0,0.0,0.0,4.0,0.0,0.0,0.0
13261,2023.0,4.0,3.0,2.0,15.786321,14.999504,15.011324,14.798291,16.196482,15.795077,15.976086,15.595372,15.01356,14.873788,15.028122,15.029158,17.166096,16.772373,16.348024,16.010143,15.106901,14.796114,0.0,0.0,0.0,0.0,0.0,0.0,0.0,0.0
13262,2023.0,4.0,3.0,2.0,16.156935,15.894456,15.006533,14.804015,16.125202,15.72863,15.9035225,15.527415,15.00852,14.880241,15.011989,14.998277,17.09952,16.706406,16.271141,15.934891,15.042102,14.732204,0.0,0.0,0.0,0.0,0.0,0.0,0.0,0.0
13263,2023.0,4.0,3.0,2.0,16.259272,16.05804,15.007958,14.823211,16.051847,15.654792,15.828937,15.452098,15.01095,14.903136,15.016911,15.017105,17.032299,16.637226,16.194345,15.856752,15.70331,16.032913,0.0,0.0,0.0,0.0,0.0,0.0,0.0,4.0
13264,2023.0,4.0,3.0,2.0,16.222338,16.030132,15.008507,14.839572,15.979885,15.581338,15.756461,15.377566,15.011028,14.919888,15.000601,14.986194,16.966139,16.568365,16.119047,15.779449,15.251462,14.953965,0.0,0.0,0.0,0.0,4.0,0.0,0.0,0.0
13265,2023.0,4.0,3.0,2.0,16.157417,15.958336,15.008963,14.85494,15.906539,15.5030775,15.683021,15.298764,15.012054,14.937102,15.023008,15.050583,16.899673,16.49732,16.04321,15.699096,15.315495,15.242819,0.0,0.0,0.0,0.0,0.0,0.0,0.0,4.0
13266,2023.0,4.0,3.0,3.0,16.095781,15.894873,15.009535,14.869777,16.584467,16.832607,15.618391,15.235527,15.012263,14.951846,15.016481,15.04615,16.839277,16.43698,15.974413,15.631061,14.97033,14.624185,0.0,4.0,0.0,0.0,0.0,0.0,0.0,0.0
13267,2023.0,4.0,3.0,3.0,16.028719,15.82123,15.010127,14.884248,16.204025,15.944993,15.551366,15.166255,15.297836,15.491659,15.018469,15.05784,16.778378,16.374054,15.905166,15.560019,15.030912,14.775616,0.0,0.0,0.0,4.0,0.0,0.0,0.0,0.0
13268,2023.0,4.0,3.0,3.0,15.965057,15.753465,15.010626,14.898027,15.338413,14.42212,15.48662,15.10016,15.433714,15.646725,15.01883,15.066366,16.719334,16.31366,15.83807,15.491998,15.021811,14.782154,0.0,0.0,0.0,4.0,0.0,0.0,0.0,0.0
13269,2023.0,4.0,3.0,3.0,15.903126,15.687832,15.011374,14.91183,14.986899,14.027747,15.42051,15.030113,14.953599,14.786965,15.019336,15.075233,16.658295,16.248606,15.768254,15.417784,15.007652,14.807487,0.0,0.0,0.0,0.0,0.0,0.0,0.0,0.0
13270,2023.0,4.0,3.0,3.0,15.850282,15.638881,15.011745,14.924863,15.331201,14.827203,15.357425,14.965045,15.043109,14.96501,15.020034,15.08585,16.600058,16.18907,15.702442,15.351949,15.010627,14.853569,0.0,0.0,0.0,0.0,0.0,0.0,0.0,0.0
13271,2023.0,4.0,3.0,3.0,15.793618,15.57931,15.012116,14.937517,15.447952,15.023776,15.296415,14.90298,15.029989,14.944742,15.020774,15.095821,16.54379,16.132011,15.638701,15.287844,15.532488,15.8646345,0.0,0.0,0.0,0.0,0.0,0.0,0.0,4.0
13272,2023.0,4.0,3.0,4.0,15.738222,15.525531,15.012825,14.950706,15.426256,15.012912,15.236261,14.840991,15.012792,14.95531,15.021091,15.105371,16.48743,16.074394,15.574743,15.222993,14.966015,14.752693,0.0,0.0,0.0,0.0,0.0,0.0,0.0,0.0
13273,2023.0,4.0,3.0,4.0,15.695653,15.492497,15.025981,14.989586,15.378588,14.96834,15.17906,14.784187,15.025904,15.017704,15.040952,15.15429,16.4345,16.023098,15.513148,15.162385,15.052785,14.976656,0.0,0.0,0.0,0.0,0.0,0.0,0.0,0.0
13274,2023.0,4.0,3.0,4.0,15.643475,15.4393215,15.010932,14.97039,15.334292,14.931414,15.131246,14.743386,15.263865,15.471043,15.017191,15.114981,16.388048,15.981835,15.458311,15.112563,15.09673,15.002127,0.0,0.0,0.0,4.0,0.0,0.0,0.0,4.0
13275,2023.0,4.0,3.0,4.0,15.591269,15.386953,15.014168,14.9894705,15.288585,14.891466,15.083247,14.700544,14.954697,14.904643,15.022958,15.13629,16.342112,15.93999,15.404244,15.062434,15.015413,14.895569,0.0,0.0,0.0,0.0,0.0,0.0,0.0,0.0
13276,2023.0,4.0,3.0,4.0,15.541295,15.338433,15.027796,15.030176,15.241564,14.848613,15.034877,14.655941,15.03067,15.090223,15.042626,15.186179,16.29742,15.89928,15.350857,15.012403,15.05292,14.987257,0.0,0.0,0.0,0.0,0.0,0.0,0.0,0.0
13277,2023.0,4.0,3.0,4.0,15.498239,15.302957,15.012403,15.010275,15.959634,16.240873,14.99934,14.637233,15.013258,15.059838,15.01922,15.146765,16.256666,15.865031,15.30195,14.970096,15.005841,14.934244,0.0,4.0,0.0,0.0,0.0,0.0,0.0,0.0
13278,2023.0,4.0,3.0,5.0,15.453652,15.263196,15.014653,15.027909,15.584304,15.340117,15.004031,14.684503,15.018372,15.087181,15.022908,15.164296,16.215042,15.827482,15.252155,14.924043,15.015266,14.987096,0.0,0.0,0.0,0.0,0.0,0.0,0.0,0.0
13279,2023.0,4.0,3.0,5.0,15.409749,15.223664,15.014684,15.040747,14.964274,14.358724,15.004592,14.71829,15.018254,15.10226,15.022673,15.17335,16.172787,15.787717,15.201049,14.874607,15.463832,15.8540535,0.0,0.0,0.0,0.0,0.0,0.0,0.0,4.0
13280,2023.0,4.0,3.0,5.0,15.36662,15.184924,15.015048,15.054135,15.024052,14.522254,15.004864,14.747977,15.018254,15.115987,15.007052,15.137995,16.964527,17.327326,15.152237,14.829956,14.964174,14.849754,0.0,0.0,0.0,0.0,4.0,4.0,0.0,0.0
13281,2023.0,4.0,3.0,5.0,15.325413,15.149728,15.015241,15.066828,15.067634,14.68214,15.005556,14.775754,15.018401,15.128965,15.026681,15.201949,16.477877,16.152166,15.104648,14.78675,15.018529,14.960566,0.0,0.0,0.0,0.0,0.0,0.0,0.0,4.0
13282,2023.0,4.0,3.0,5.0,15.292932,15.128212,15.015731,15.07963,15.053342,14.689609,15.005997,14.801348,15.019116,15.142155,15.023044,15.204502,15.76163,14.94592,15.057077,14.742164,15.005305,14.955941,0.0,0.0,0.0,0.0,0.0,0.0,0.0,4.0
13283,2023.0,4.0,3.0,5.0,15.246601,15.080763,15.030811,15.121712,15.000411,14.638915,15.011264,14.837089,15.0359955,15.187363,15.045803,15.256919,15.487141,14.640942,15.00828,14.694836,15.059151,15.112849,0.0,0.0,0.0,0.0,0.0,0.0,0.0,0.0
13284,2023.0,4.0,3.0,6.0,15.2019415,15.037405,15.013897,15.097513,15.004678,14.695119,15.006529,14.847306,15.016999,15.159116,15.00428,15.166026,15.861226,15.513046,15.003672,14.728537,15.0240345,15.037816,0.0,0.0,0.0,0.0,4.0,0.0,0.0,0.0
13285,2023.0,4.0,3.0,6.0,20.11034,23.63074,15.0171795,15.114926,20.008894,23.43776,19.891472,23.368408,15.020777,15.177737,19.376318,22.63601,19.784002,22.093903,20.292437,23.660162,15.032054,15.060266,0.0,0.0,0.0,0.0,4.0,0.0,0.0,0.0
13286,2023.0,4.0,3.0,6.0,20.709248,24.137774,16.187151,17.118042,20.717463,24.128529,20.57171,24.009926,16.567585,17.878696,20.091923,23.409594,21.087133,24.15376,21.609135,25.542212,16.589611,17.855642,0.0,0.0,0.0,0.0,4.0,4.0,4.0,0.0
13287,2023.0,4.0,3.0,6.0,21.122072,24.413332,15.802992,15.842931,21.193756,24.488499,21.04655,24.350504,15.380914,15.629376,20.10709,23.020931,20.233284,22.208426,21.067595,24.038132,15.235842,15.040579,0.0,4.0,0.0,4.0,0.0,0.0,4.0,0.0
13288,2023.0,4.0,3.0,6.0,21.092125,24.027245,15.005281,14.875808,21.07683,23.91508,21.09596,24.091293,20.28008,24.146095,17.387224,17.481972,21.294207,23.787941,21.60178,24.645906,15.036059,15.005428,0.0,4.0,0.0,4.0,0.0,4.0,0.0,0.0
13289,2023.0,4.0,3.0,6.0,21.073132,23.744959,15.017052,14.971218,21.114496,23.692085,21.081785,23.799358,20.039011,23.083591,15.84552,15.464669,21.042831,23.064547,21.038933,23.365389,15.013308,15.015096,0.0,4.0,4.0,4.0,0.0,4.0,0.0,0.0
13290,2023.0,4.0,3.0,7.0,21.099876,23.659145,15.016453,15.019539,21.13009,23.532433,21.106316,23.69724,20.114948,22.828773,15.71131,15.586045,21.191229,23.179453,22.79234,26.189468,15.016929,15.05849,0.0,0.0,0.0,4.0,4.0,4.0,4.0,0.0
13291,2023.0,4.0,3.0,7.0,21.660706,24.291567,15.098091,15.189593,21.453686,23.850576,21.672014,24.299797,20.493353,23.138163,20.345776,23.435484,21.531395,23.509243,21.40173,23.295143,15.659519,15.98697,4.0,0.0,4.0,0.0,0.0,4.0,0.0,0.0
13292,2023.0,4.0,3.0,7.0,21.161896,23.21428,19.848366,23.483448,21.215273,23.206623,21.094206,23.103487,17.40785,16.935766,17.539244,17.763601,21.484901,23.322535,22.449816,25.116999,14.985419,14.94338,0.0,0.0,0.0,0.0,0.0,0.0,0.0,0.0
13293,2023.0,4.0,3.0,7.0,21.037893,23.005135,17.240948,17.711153,20.983665,22.817959,21.063776,23.066261,15.6789,14.832095,15.837613,15.5108795,21.71582,23.480148,22.077215,24.176123,15.641464,16.223383,0.0,4.0,0.0,0.0,0.0,4.0,4.0,4.0
13294,2023.0,4.0,3.0,7.0,21.12014,23.140682,15.79801,15.93352,21.078264,23.01643,21.126213,23.153605,16.442549,16.774467,15.4181,15.060868,20.94478,22.102217,21.966293,24.108149,19.765148,23.164967,4.0,4.0,0.0,4.0,0.0,4.0,0.0,0.0
13295,2023.0,4.0,3.0,7.0,21.493692,23.689388,20.225628,23.682732,21.908844,24.18755,21.685768,24.066343,20.368303,23.301521,15.155179,14.800435,21.61264,23.262726,21.845827,23.632729,17.067188,17.31161,4.0,4.0,4.0,0.0,0.0,0.0,0.0,4.0
13296,2023.0,4.0,3.0,8.0,21.751928,24.173922,20.050068,22.849443,22.109482,24.505924,21.656342,23.907053,17.12869,16.736044,14.998353,14.697849,21.763777,23.372107,22.098658,23.982859,20.383095,23.587526,4.0,4.0,4.0,0.0,0.0,4.0,0.0,0.0
13297,2023.0,4.0,3.0,8.0,19.503231,19.621332,20.13517,22.706697,19.123793,19.028885,18.905006,18.487036,15.511973,14.778235,15.014931,14.840742,19.453321,18.876585,20.05372,20.053173,17.585548,17.832499,0.0,4.0,0.0,0.0,0.0,0.0,0.0,4.0
13298,2023.0,4.0,3.0,8.0,17.640385,17.03421,17.574417,17.552828,17.441267,16.6206,17.165503,16.303553,15.48957,15.13655,15.183052,15.223088,18.872656,18.675478,18.623138,18.32104,20.465017,23.417875,4.0,0.0,0.0,0.0,4.0,4.0,0.0,0.0
13299,2023.0,4.0,3.0,8.0,17.681408,17.63765,20.157398,22.831472,17.41972,17.100819,16.595392,15.719887,16.230669,16.64825,20.186213,23.502394,18.102205,17.348244,19.103018,19.691166,17.23674,16.952923,0.0,4.0,0.0,4.0,0.0,0.0,4.0,0.0
13300,2023.0,4.0,3.0,8.0,17.67406,17.740166,17.472486,17.308256,17.409012,17.212715,17.384754,17.594576,20.440128,23.730194,17.513992,17.948845,17.588057,16.799059,18.775381,18.992022,15.716425,15.132795,0.0,4.0,4.0,0.0,0.0,0.0,4.0,0.0
13301,2023.0,4.0,3.0,8.0,16.844984,16.36136,16.169882,15.875073,16.615753,15.912891,16.60243,16.008156,17.671146,17.939508,15.787413,15.594257,17.34188,16.588558,17.626432,17.104853,16.586401,17.16692,0.0,0.0,0.0,4.0,0.0,0.0,0.0,4.0
13302,2023.0,4.0,3.0,9.0,17.188816,17.26984,16.408875,16.530615,16.909468,16.72605,16.091156,15.34888,20.406317,22.981297,15.475158,15.219865,17.551804,17.1917,18.11152,18.374327,20.283817,23.484793,4.0,4.0,0.0,0.0,0.0,0.0,4.0,0.0
13303,2023.0,4.0,3.0,9.0,17.306509,17.497658,20.210989,23.321777,16.368649,15.746191,15.84229,15.140305,18.063435,18.289045,15.691986,15.802152,17.582767,17.301422,17.36763,16.903923,17.85702,18.27382,4.0,0.0,0.0,4.0,4.0,0.0,0.0,4.0
13304,2023.0,4.0,3.0,9.0,17.246346,17.478615,20.089811,22.6774,15.941932,15.260629,15.984811,15.6580305,21.169024,24.01107,20.373201,23.61258,18.311485,18.782217,17.797413,18.14197,20.941614,24.189323,0.0,0.0,0.0,0.0,0.0,4.0,4.0,0.0
13305,2023.0,4.0,3.0,9.0,17.191917,17.457558,17.46527,17.38625,15.755892,15.105741,16.005331,15.767148,18.23882,18.159359,17.995592,18.663034,17.486113,16.996977,17.034933,16.58284,18.431177,18.87079,0.0,0.0,0.0,0.0,4.0,0.0,0.0,4.0
13306,2023.0,4.0,3.0,9.0,17.151735,17.440382,17.071247,17.180727,16.680885,17.0108,15.926801,15.708657,17.612545,17.605974,20.367014,22.94948,17.10371,16.49919,16.625101,16.092323,21.672346,24.699791,4.0,4.0,0.0,4.0,0.0,0.0,0.0,0.0
13307,2023.0,4.0,3.0,9.0,16.42092,16.137539,20.260504,22.989925,17.103931,17.618229,15.836987,15.63376,20.373049,22.559385,17.623384,17.50604,16.970236,16.390804,16.419996,15.914142,18.545351,18.517124,4.0,4.0,0.0,0.0,0.0,0.0,0.0,0.0
13308,2023.0,4.0,3.0,10.0,16.774626,17.07097,20.066793,22.337654,16.805216,17.002573,15.751909,15.562631,17.904016,17.726414,16.091578,15.51857,17.989494,18.460354,16.268887,15.79055,16.782808,16.325918,0.0,4.0,0.0,0.0,0.0,4.0,0.0,0.0
13309,2023.0,4.0,3.0,10.0,16.965631,17.344534,18.026026,18.236866,16.657652,16.830688,15.671439,15.494974,16.6151,16.11633,15.969979,15.6635275,17.3677,16.973072,16.371277,16.140825,16.508657,16.26833,4.0,4.0,0.0,0.0,0.0,0.0,0.0,0.0
13310,2023.0,4.0,3.0,10.0,16.263517,16.053684,20.215807,22.45688,15.973053,15.595498,16.338444,16.813456,16.528687,16.260815,15.931236,15.691007,17.02682,16.505873,17.470585,18.256565,16.353146,16.149967,0.0,0.0,4.0,0.0,0.0,0.0,4.0,0.0
13311,2023.0,4.0,3.0,10.0,15.895307,15.614172,17.97418,17.970886,15.595742,15.135961,16.007421,16.035023,16.412067,16.198097,15.8067255,15.58771,17.702486,17.894583,16.668036,16.39535,16.148417,15.960704,0.0,0.0,0.0,0.0,0.0,4.0,0.0,0.0
13312,2023.0,4.0,3.0,10.0,16.546446,16.94915,17.593824,17.78057,15.476313,15.028958,15.4573,15.085254,16.268242,16.063921,15.712288,15.500606,17.93942,18.215017,16.258821,15.845648,15.998459,15.815407,4.0,0.0,0.0,0.0,0.0,4.0,0.0,0.0
13313,2023.0,4.0,3.0,10.0,16.72017,17.204866,20.221222,22.641035,16.092712,16.27669,15.260163,14.858869,16.135202,15.942482,15.626205,15.424497,17.26295,16.903526,17.184422,17.717968,15.86715,15.695354,0.0,4.0,0.0,0.0,0.0,0.0,4.0,0.0
13314,2023.0,4.0,3.0,11.0,16.762726,17.267385,18.599548,19.265335,15.698933,15.41719,16.10523,16.58473,16.00069,15.819424,15.538923,15.348794,17.715971,17.964724,16.583916,16.328339,15.733046,15.571029,4.0,0.0,4.0,0.0,0.0,4.0,0.0,0.0
13315,2023.0,4.0,3.0,11.0,16.77428,17.282515,20.21917,22.375774,16.124224,16.345144,15.55733,15.40638,15.899113,15.719177,15.8902645,16.067265,17.192696,16.862358,16.232826,15.853961,16.594395,17.286604,4.0,4.0,0.0,0.0,4.0,0.0,0.0,4.0
13316,2023.0,4.0,3.0,11.0,16.119608,16.067163,20.118782,22.068699,15.691026,15.430134,15.105026,14.781134,15.793044,15.617667,20.271494,23.509594,17.663727,17.937147,16.07871,15.701253,20.840961,24.432302,4.0,0.0,0.0,0.0,0.0,4.0,0.0,0.0
13317,2023.0,4.0,3.0,11.0,16.48597,16.970015,20.07734,21.903881,16.048433,16.300201,14.999957,14.687969,15.697107,15.525179,17.80763,18.305115,17.202608,16.88139,15.970992,15.600456,17.773344,17.915112,4.0,4.0,0.0,0.0,0.0,0.0,0.0,0.0
13318,2023.0,4.0,3.0,11.0,16.682186,17.214592,20.07221,21.836086,15.587942,15.321069,15.111077,14.978964,15.612098,15.441865,16.265759,16.136435,16.874342,16.445782,16.064566,15.881108,17.103338,17.603544,4.0,0.0,0.0,0.0,0.0,0.0,0.0,4.0
13319,2023.0,4.0,3.0,11.0,16.690233,17.219313,20.072054,21.794134,15.977174,16.246698,15.133794,15.0343275,15.5407095,15.374933,15.954994,15.7734785,16.787588,16.357592,16.076998,15.915964,20.314093,23.226765,4.0,4.0,0.0,0.0,0.0,0.0,0.0,0.0
13320,2023.0,4.0,3.0,12.0,16.706291,17.248497,20.071104,21.76102,15.579157,15.3861685,15.101686,15.009312,15.477091,15.314126,15.811766,15.624863,16.942923,16.725052,16.038582,15.88329,17.670832,17.73515,4.0,0.0,0.0,0.0,0.0,0.0,0.0,0.0
13321,2023.0,4.0,3.0,12.0,21.288568,25.174797,20.070345,21.734999,21.111828,25.198008,20.732283,24.875566,15.420225,15.258873,16.12897,16.316624,22.176687,25.651157,21.525227,25.38411,16.289738,15.927426,4.0,4.0,0.0,0.0,4.0,4.0,0.0,0.0
13322,2023.0,4.0,3.0,12.0,21.042702,24.227785,20.069616,21.712297,21.037014,24.42255,21.040234,24.75795,15.374882,15.2158575,20.373692,23.562609,21.331068,23.828304,22.163038,25.986155,16.113283,15.919967,4.0,0.0,0.0,0.0,4.0,0.0,0.0,0.0
13323,2023.0,4.0,3.0,12.0,21.110046,24.028757,20.085232,21.735691,21.09425,24.090567,21.102364,24.42079,15.3386965,15.18253,20.035337,22.553947,21.772814,24.316927,22.888548,26.802362,16.00341,15.827251,0.0,4.0,0.0,0.0,0.0,0.0,0.0,0.0
13324,2023.0,4.0,3.0,12.0,21.09964,23.778652,18.246462,18.195091,21.109285,23.854933,21.09376,24.09681,15.310252,15.158128,17.704035,17.735508,21.932444,24.25439,22.059856,24.784603,15.875586,15.709694,0.0,0.0,0.0,0.0,0.0,0.0,0.0,0.0
13325,2023.0,4.0,3.0,12.0,21.097986,23.611614,17.347012,17.210966,21.102468,23.639036,21.092188,23.879633,15.284502,15.135288,16.623358,16.443121,20.93561,22.321018,21.069328,23.050432,15.766414,15.605819,0.0,0.0,0.0,0.0,0.0,0.0,0.0,0.0
13326,2023.0,4.0,3.0,13.0,21.074594,23.47945,17.033808,16.88651,21.070879,23.41144,21.084526,23.710886,15.260611,15.113323,16.3893,16.187405,21.072266,22.557238,21.069515,22.996532,15.673638,15.515801,0.0,4.0,0.0,0.0,0.0,0.0,0.0,0.0
13327,2023.0,4.0,3.0,13.0,21.05302,23.348991,17.288734,17.593063,21.078953,23.322765,21.062635,23.534613,15.240577,15.096586,16.22965,16.033535,21.050371,22.475548,21.068577,22.94422,15.599809,15.448521,4.0,4.0,4.0,0.0,0.0,0.0,0.0,0.0
13328,2023.0,4.0,3.0,13.0,21.15854,23.495888,20.238466,22.866287,21.15423,23.39375,21.155035,23.635506,15.223039,15.0824175,16.099218,15.90899,21.162912,22.648195,21.182892,23.128204,15.538472,15.394389,4.0,4.0,4.0,0.0,0.0,4.0,0.0,0.0
13329,2023.0,4.0,3.0,13.0,21.062021,23.216583,20.052193,22.201128,21.098692,23.236526,21.08299,23.390364,15.2072935,15.06935,15.986374,15.798649,21.069666,22.424595,21.067005,22.85503,15.484263,15.344746,0.0,0.0,4.0,0.0,0.0,0.0,0.0,0.0
13330,2023.0,4.0,3.0,13.0,21.069424,23.185688,17.992008,18.066927,21.092289,23.167624,21.079128,23.30946,15.194362,15.05926,15.89889,15.718062,21.063622,22.366556,21.06629,22.820765,15.43817,15.30316,0.0,0.0,4.0,0.0,0.0,0.0,0.0,0.0
13331,2023.0,4.0,3.0,13.0,21.067364,23.143208,16.741402,16.396309,21.090517,23.116123,21.07693,23.247059,15.182646,15.050019,15.822035,15.6445055,21.062471,22.32477,21.064604,22.78807,15.397996,15.266601,0.0,0.0,4.0,0.0,0.0,0.0,0.0,0.0
13332,2023.0,4.0,3.0,14.0,21.174597,23.342115,16.621712,16.498238,21.11013,23.114378,21.191261,23.441622,15.171869,15.04141,15.752005,15.575219,21.099947,22.388311,21.132854,22.890507,15.363237,15.235058,0.0,4.0,0.0,0.0,0.0,0.0,0.0,0.0
13333,2023.0,4.0,3.0,14.0,19.04594,19.192091,16.938183,17.233591,19.428844,19.850204,18.89073,18.952421,15.161736,15.032788,15.69825,15.529686,19.798117,19.862223,19.406427,19.523031,15.334871,15.210951,4.0,4.0,0.0,0.0,0.0,0.0,0.0,0.0
13334,2023.0,4.0,3.0,14.0,18.80162,19.199537,20.265486,23.144747,18.780012,19.001717,17.83329,17.476719,15.151738,15.023237,16.067333,16.264446,19.224972,19.025156,18.660019,18.48112,15.310074,15.187462,4.0,4.0,0.0,0.0,4.0,0.0,0.0,0.0
13335,2023.0,4.0,3.0,14.0,18.676802,19.146818,20.047945,22.35055,17.867361,17.581177,18.246424,18.713722,15.140829,15.012759,20.329157,23.438742,18.946846,18.73725,18.278328,18.090061,15.281878,15.160813,0.0,0.0,4.0,0.0,0.0,0.0,0.0,0.0
13336,2023.0,4.0,3.0,14.0,18.47352,18.962872,18.250935,18.649298,17.95035,18.145695,17.550247,17.41674,15.129469,15.002011,17.970991,18.504248,18.744263,18.5375,17.998575,17.811684,15.253107,15.133163,4.0,4.0,0.0,0.0,0.0,0.0,0.0,0.0
13337,2023.0,4.0,3.0,14.0,17.706593,17.656366,20.24053,22.455894,17.97001,18.257261,17.686888,17.935175,15.118634,14.991566,16.820442,16.667347,18.607111,18.400822,17.811232,17.625212,15.227475,15.108152,0.0,4.0,4.0,0.0,0.0,0.0,0.0,0.0
13338,2023.0,4.0,3.0,15.0,17.904049,18.36146,18.208763,18.340405,17.853342,18.156431,17.075506,16.857567,15.105575,14.97925,16.892797,17.044914,18.468945,18.269588,17.625368,17.447176,16.177917,16.925964,0.0,4.0,0.0,0.0,4.0,0.0,0.0,4.0
13339,2023.0,4.0,3.0,15.0,17.961027,18.486326,17.868006,18.139095,17.134295,16.89853,16.69135,16.372128,15.093038,14.967419,20.226387,22.968384,18.365564,18.168652,17.487017,17.311691,20.35338,23.992832,4.0,0.0,0.0,0.0,0.0,0.0,0.0,0.0
13340,2023.0,4.0,3.0,15.0,17.249113,17.225832,20.22225,22.448172,17.362917,17.617004,17.143656,17.4237,15.079366,14.954843,18.19383,18.605085,18.258516,18.067482,17.34565,17.177706,17.404547,17.64481,4.0,4.0,4.0,0.0,0.0,0.0,0.0,0.0
13341,2023.0,4.0,3.0,15.0,17.565449,18.091618,20.053535,21.939123,16.835438,16.599737,16.631819,16.421993,15.065052,14.941495,16.86971,16.731392,18.976936,19.522985,17.216576,17.052073,15.928203,15.695977,0.0,0.0,0.0,0.0,0.0,4.0,0.0,0.0
13342,2023.0,4.0,3.0,15.0,17.680706,18.232992,18.199253,18.270308,17.13338,17.411526,16.93332,17.240604,15.8304,16.394812,16.56484,16.394024,18.313421,18.078335,18.177795,18.9715,16.715033,17.427837,0.0,4.0,4.0,4.0,0.0,0.0,4.0,4.0
13343,2023.0,4.0,3.0,15.0,17.003834,16.99423,17.703167,17.717865,17.26739,17.63932,17.068054,17.466927,20.241796,23.913427,16.43627,16.260658,17.947298,17.549961,17.338385,17.19123,20.361687,23.652021,4.0,4.0,4.0,0.0,0.0,0.0,0.0,4.0
13344,2023.0,4.0,3.0,16.0,17.352518,17.891272,20.247244,22.414164,17.255573,17.634907,16.427473,16.288269,17.36741,17.665716,16.30804,16.134739,18.564266,18.851479,16.818968,16.521135,20.04679,22.647139,4.0,4.0,0.0,0.0,0.0,4.0,0.0,0.0
13345,2023.0,4.0,3.0,16.0,17.518097,18.094765,20.030905,21.809679,17.231583,17.61308,16.724442,17.06345,16.552818,16.953234,16.19223,16.020397,18.041018,17.712479,16.6552,16.344402,17.62587,17.710487,4.0,4.0,4.0,4.0,0.0,0.0,0.0,0.0
13346,2023.0,4.0,3.0,16.0,16.858109,16.872507,20.084011,21.819319,17.202858,17.585497,16.909733,17.31688,20.335918,23.574919,16.09189,15.922269,17.70738,17.311766,16.549177,16.239647,16.430239,16.167902,0.0,4.0,4.0,0.0,0.0,0.0,0.0,0.0
13347,2023.0,4.0,3.0,16.0,16.479546,16.389708,18.314915,18.351698,16.530666,16.358164,16.90511,17.310816,17.587952,17.792269,16.006178,15.841819,17.59791,17.204075,17.701399,18.5138,16.981382,17.484621,0.0,0.0,4.0,0.0,0.0,0.0,4.0,4.0
13348,2023.0,4.0,3.0,16.0,16.350246,16.244322,18.100689,18.354897,16.888346,17.18695,16.891565,17.2947,16.5028,16.189308,15.939928,15.777989,18.511932,19.030539,16.918339,16.7821,20.321651,23.37216,4.0,4.0,4.0,0.0,0.0,4.0,0.0,0.0
13349,2023.0,4.0,3.0,16.0,16.242945,16.133913,20.20636,22.230894,17.07702,17.459492,16.87568,17.27651,16.293291,16.11928,15.86544,15.706831,17.958097,17.727781,16.435677,16.153658,18.31192,19.00126,4.0,4.0,4.0,0.0,0.0,0.0,0.0,4.0
13350,2023.0,4.0,3.0,17.0,16.31933,16.38078,20.03875,21.740026,17.065,17.447813,16.85924,17.25771,16.135561,15.984093,15.792887,15.638042,18.306944,18.624012,16.301208,16.006134,20.311237,22.995049,4.0,4.0,4.0,0.0,0.0,4.0,0.0,0.0
13351,2023.0,4.0,3.0,17.0,17.114624,17.894485,20.081705,21.74176,17.040482,17.417404,16.23433,16.107748,15.970012,15.822958,15.724061,15.572205,17.804138,17.537254,16.212906,15.916427,17.833755,17.904476,0.0,4.0,0.0,0.0,0.0,0.0,0.0,0.0
13352,2023.0,4.0,3.0,17.0,17.189114,17.784609,18.339954,18.335703,17.013939,17.384605,16.51996,16.849728,15.8279085,15.685664,15.659591,15.512525,17.44575,17.071218,17.38897,18.222973,17.454737,17.943205,0.0,4.0,4.0,0.0,0.0,0.0,4.0,4.0
13353,2023.0,4.0,3.0,17.0,17.15595,17.719004,17.86638,17.81782,16.989447,17.35354,16.652693,17.041174,15.722968,15.583088,15.603133,15.458978,18.101076,18.40191,16.588318,16.441427,20.341026,23.057188,4.0,4.0,4.0,0.0,0.0,4.0,0.0,0.0
13354,2023.0,4.0,3.0,17.0,16.505291,16.494862,20.23475,22.228573,16.34234,16.16646,16.65845,17.037159,16.393114,16.947252,15.5384,15.397053,18.359558,18.714924,17.167051,17.814625,17.827774,17.879343,0.0,0.0,4.0,4.0,0.0,4.0,4.0,0.0
13355,2023.0,4.0,3.0,17.0,16.13868,16.020653,18.635914,18.9206,16.629627,16.915981,16.6566,17.027866,20.328625,23.67339,15.474765,15.338145,17.654543,17.36288,16.528755,16.341652,17.444458,17.918028,4.0,4.0,4.0,0.0,0.0,0.0,0.0,4.0
13356,2023.0,4.0,3.0,18.0,16.004866,15.869471,20.232117,22.230827,16.185848,15.995617,16.648417,17.012278,17.499786,17.663694,15.409479,15.2751,17.285833,16.899204,16.10223,15.812577,20.344032,23.03335,4.0,0.0,4.0,0.0,0.0,0.0,0.0,0.0
13357,2023.0,4.0,3.0,18.0,21.275265,25.170446,20.05138,21.721527,21.23465,25.007557,21.274572,25.004482,15.995442,15.664263,15.341783,15.206776,21.30713,23.91745,22.605967,26.907759,17.78051,17.767916,0.0,4.0,4.0,0.0,0.0,0.0,4.0,0.0
13358,2023.0,4.0,3.0,18.0,21.013695,24.082083,18.556187,18.738335,21.037283,24.063942,21.041004,24.070517,16.636219,17.18929,15.68089,15.898563,21.948965,24.734638,22.395592,26.061867,16.500036,16.140757,4.0,0.0,0.0,4.0,4.0,4.0,4.0,0.0
13359,2023.0,4.0,3.0,18.0,21.145214,23.988018,20.236761,22.193653,21.143875,23.898714,21.146385,23.939222,20.806248,24.240694,20.454603,23.817215,21.734865,24.025358,22.293617,25.43942,16.331171,16.159689,0.0,0.0,0.0,0.0,4.0,0.0,0.0,0.0
13360,2023.0,4.0,3.0,18.0,21.070372,23.56454,18.548914,18.705872,21.075798,23.488253,21.078873,23.547289,17.788994,17.859331,20.01329,22.714033,20.994429,22.50905,20.915947,22.757189,16.197924,16.045984,4.0,4.0,4.0,0.0,0.0,0.0,0.0,0.0
13361,2023.0,4.0,3.0,18.0,21.152348,23.570694,20.240059,22.22117,21.154585,23.488342,21.150946,23.524881,16.151419,15.7508335,17.445501,17.417837,21.132458,22.702606,21.19971,23.246292,16.032127,15.885944,0.0,0.0,4.0,0.0,0.0,0.0,0.0,0.0
13362,2023.0,4.0,3.0,19.0,21.067526,23.248705,18.237888,18.136292,21.07256,23.172098,21.080553,23.260685,15.9951105,15.805506,16.047104,15.601047,21.05591,22.515755,21.08498,22.946278,16.91419,17.691584,0.0,4.0,4.0,0.0,0.0,0.0,0.0,4.0
13363,2023.0,4.0,3.0,19.0,21.072363,23.16301,17.315613,17.122496,21.077198,23.084812,21.10388,23.232576,15.885711,15.722048,15.916163,15.68385,21.029701,22.41587,21.070992,22.893488,20.356945,23.48094,0.0,4.0,0.0,0.0,0.0,4.0,0.0,0.0
13364,2023.0,4.0,3.0,19.0,21.096786,23.156723,17.53037,17.721855,21.100138,23.073826,21.098022,23.140015,15.721591,15.55797,15.825745,15.633826,21.081629,22.483412,21.072292,22.869326,17.427425,17.341175,4.0,0.0,0.0,0.0,0.0,0.0,0.0,0.0
13365,2023.0,4.0,3.0,19.0,21.091248,23.079199,20.244041,22.580523,21.094803,22.995613,21.074284,23.006954,16.396366,16.96415,15.659513,15.463708,21.074406,22.419666,21.071892,22.843231,16.029716,15.591343,4.0,0.0,4.0,4.0,0.0,0.0,0.0,0.0
13366,2023.0,4.0,3.0,19.0,21.065742,22.952158,20.042265,21.881514,21.095072,22.938227,21.103254,23.034119,20.338928,23.677916,15.50199,15.300944,21.04602,22.303911,21.068579,22.813053,15.940341,15.74443,4.0,0.0,0.0,0.0,0.0,4.0,0.0,0.0
13367,2023.0,4.0,3.0,19.0,21.09615,22.987892,20.07696,21.765753,21.047747,22.821247,21.097881,22.976776,17.249083,17.14496,15.362652,15.156752,21.051111,22.287792,21.071802,22.798895,16.876831,17.616335,4.0,4.0,0.0,0.0,0.0,4.0,0.0,4.0
13368,2023.0,4.0,3.0,20.0,21.064917,22.862955,20.089888,21.681402,21.055414,22.830647,21.074894,22.935705,15.678051,15.145107,15.230548,15.008189,21.080696,22.34199,21.033264,22.674532,20.349129,23.449083,0.0,4.0,0.0,0.0,0.0,0.0,4.0,0.0
13369,2023.0,4.0,3.0,20.0,21.070297,22.843182,18.385786,18.30643,21.102678,22.887531,21.077248,22.934118,15.619013,15.373069,15.11632,14.889368,21.07578,22.302874,21.098465,22.782396,17.324558,17.124811,4.0,0.0,0.0,0.0,0.0,0.0,0.0,0.0
13370,2023.0,4.0,3.0,20.0,21.161217,22.999489,20.247927,22.142614,21.1592,22.951153,21.163115,23.095686,15.5626545,15.351115,15.000625,14.772505,21.127628,22.380238,21.180231,22.90193,15.887618,15.353364,0.0,0.0,0.0,0.0,0.0,0.0,0.0,0.0
13371,2023.0,4.0,3.0,20.0,21.095684,22.861465,18.07444,17.743061,21.094954,22.778097,21.076683,22.909063,15.4151125,15.194969,15.279622,15.356536,21.025522,22.176636,21.088478,22.67789,15.840582,15.605291,0.0,0.0,0.0,0.0,4.0,4.0,0.0,0.0
13372,2023.0,4.0,3.0,20.0,21.585148,23.451664,17.153004,16.81214,21.538984,23.297337,21.505114,23.395687,15.277016,15.050352,20.272879,23.596216,21.429817,22.742588,21.639597,23.339466,15.759915,15.537703,0.0,0.0,0.0,0.0,0.0,0.0,0.0,0.0
13373,2023.0,4.0,3.0,20.0,20.915285,22.300303,17.397608,17.463148,21.001373,22.517286,21.0463,22.761572,15.154823,14.922345,17.571058,17.968546,20.959196,21.912497,21.017498,22.466238,16.556555,17.17315,4.0,4.0,0.0,0.0,0.0,0.0,0.0,4.0
13374,2023.0,4.0,3.0,21.0,21.193602,22.898365,20.2499,22.568485,21.058376,22.65472,21.07967,22.829782,15.809187,16.244734,15.836652,15.580288,21.141321,22.266481,21.03735,22.500109,20.39112,23.589128,4.0,4.0,0.0,4.0,0.0,4.0,4.0,4.0
13375,2023.0,4.0,3.0,21.0,21.060635,22.61587,20.048208,21.85053,21.102318,22.723475,21.050692,22.749268,20.529028,24.058165,15.855506,15.9014225,21.080603,22.168653,21.098385,22.627457,20.060896,22.56194,4.0,0.0,4.0,4.0,4.0,0.0,0.0,0.0
13376,2023.0,4.0,3.0,21.0,21.164907,22.84207,20.147001,21.851332,21.158316,22.80043,21.16846,23.002207,20.709867,23.795616,20.387413,23.494339,21.124445,22.232964,21.181786,22.770582,17.919308,18.11514,4.0,0.0,0.0,4.0,0.0,4.0,0.0,4.0
13377,2023.0,4.0,3.0,21.0,21.089043,22.676207,20.094557,21.625193,21.094988,22.641844,21.10123,22.80032,19.969309,22.166647,17.6716,17.921837,21.052752,22.088963,21.088951,22.560127,20.44394,22.953428,0.0,0.0,0.0,0.0,0.0,4.0,0.0,4.0
13378,2023.0,4.0,3.0,21.0,21.089687,22.661856,18.290232,18.051071,21.067768,22.614742,21.098057,22.744547,17.846895,17.874783,16.069326,15.796549,21.08255,22.165419,21.067013,22.541826,20.062122,22.123734,4.0,0.0,0.0,4.0,0.0,0.0,0.0,0.0
13379,2023.0,4.0,3.0,21.0,21.165178,22.848188,20.254282,22.089403,21.165993,22.823742,21.162247,22.88914,20.449707,22.880411,16.078234,16.094492,21.126503,22.223671,21.191229,22.803305,17.48114,17.008959,0.0,0.0,0.0,0.0,4.0,4.0,0.0,0.0
13380,2023.0,4.0,3.0,22.0,21.063803,22.66079,17.958492,17.444283,21.06764,22.630178,21.071314,22.710714,17.511919,17.060347,20.41349,23.405367,21.081757,22.146418,21.06552,22.555742,16.19532,15.485659,0.0,0.0,0.0,0.0,0.0,0.0,0.0,0.0
13381,2023.0,4.0,3.0,22.0,21.04124,22.609201,17.518137,17.458912,21.070993,22.640356,21.073767,22.71906,16.013693,15.254155,17.763802,18.00165,21.07806,22.128252,21.06986,22.570255,15.777389,15.072814,4.0,0.0,0.0,0.0,0.0,0.0,0.0,0.0
13382,2023.0,4.0,3.0,22.0,21.179882,22.900385,20.239906,22.358534,21.153254,22.802885,21.153313,22.876862,16.63089,16.85789,16.160229,15.848822,21.119604,22.19986,21.175846,22.782698,16.687107,17.107548,0.0,0.0,0.0,4.0,0.0,0.0,0.0,4.0
13383,2023.0,4.0,3.0,22.0,21.09916,22.710442,18.363344,18.460262,21.04574,22.56294,21.073631,22.712673,20.468409,23.301334,15.771076,15.442249,21.053774,22.105782,21.030321,22.461351,20.462051,23.368168,0.0,4.0,0.0,0.0,0.0,0.0,4.0,4.0
13384,2023.0,4.0,3.0,22.0,21.089365,22.654789,17.167307,16.837715,21.075687,22.643461,21.073391,22.70709,17.290813,16.886528,15.532291,15.203606,21.027174,22.05861,21.100615,22.590073,20.064375,22.377811,0.0,0.0,0.0,0.0,0.0,4.0,0.0,0.0
13385,2023.0,4.0,3.0,22.0,21.090246,22.626266,16.80092,16.40635,21.09855,22.626013,21.073166,22.70051,15.721691,14.961417,15.328605,15.000463,21.086983,22.170954,21.08907,22.533745,17.297216,16.813793,0.0,0.0,0.0,0.0,0.0,0.0,0.0,0.0
13386,2023.0,4.0,3.0,23.0,21.062588,22.602354,16.56496,16.151716,21.093801,22.571644,21.072653,22.693897,15.747993,15.424233,15.450606,15.384722,21.07779,22.128307,21.088907,22.506153,16.772388,16.761412,0.0,0.0,0.0,0.0,4.0,0.0,0.0,4.0
13387,2023.0,4.0,3.0,23.0,19.452358,19.533978,16.388973,15.982897,19.423203,19.386099,19.29494,19.27996,15.668684,15.367296,15.18212,14.895773,19.139439,18.390451,19.342728,19.171827,16.026941,15.4079275,0.0,0.0,0.0,0.0,0.0,0.0,0.0,0.0
13388,2023.0,4.0,3.0,23.0,18.654339,18.411392,16.24671,15.829481,18.531956,18.092497,18.371002,17.95151,15.515613,15.207931,14.9918585,14.69538,18.898142,18.453995,18.618464,18.25501,15.563794,14.835828,0.0,0.0,0.0,0.0,0.0,0.0,0.0,0.0
13389,2023.0,4.0,3.0,23.0,18.253242,18.00892,16.103672,15.68797,18.09477,17.644192,17.927088,17.499498,15.349685,15.043458,15.137017,15.066218,18.73709,18.341139,18.223848,17.872435,15.684157,15.379766,0.0,0.0,0.0,0.0,4.0,0.0,0.0,0.0
13390,2023.0,4.0,3.0,23.0,17.98962,17.731562,15.983735,15.558397,17.813665,17.344608,17.638624,17.19371,15.21376,14.900052,15.014563,14.855068,18.521935,18.115767,17.94328,17.58906,15.601498,15.302689,0.0,0.0,0.0,0.0,0.0,0.0,0.0,0.0
13391,2023.0,4.0,3.0,23.0,17.735422,17.48163,15.862207,15.437168,17.544975,17.08094,17.36563,16.926641,15.072083,14.75813,15.038816,14.982835,18.2971,17.892813,17.664604,17.312262,15.4512825,15.152272,0.0,0.0,0.0,0.0,4.0,0.0,0.0,0.0
13392,2023.0,4.0,4.0,0.0,17.555506,17.306814,15.767044,15.342077,17.354965,16.896,17.171917,16.738466,15.003257,14.727758,15.025022,14.994966,18.129822,17.725452,17.457348,17.105968,15.329519,15.029393,0.0,0.0,0.0,0.0,0.0,0.0,0.0,0.0
13393,2023.0,4.0,4.0,0.0,17.379564,17.153053,15.676122,15.264668,17.168858,16.73435,16.98348,16.574812,15.012456,14.827079,15.014933,15.006643,17.963423,17.572199,17.251163,16.91508,15.933071,16.283894,0.0,0.0,0.0,0.0,0.0,0.0,0.0,4.0
13394,2023.0,4.0,4.0,0.0,17.19733,16.964561,15.575344,15.159223,16.973568,16.53133,16.78668,16.369825,15.014926,14.897129,15.029536,15.064092,17.796865,17.400352,17.046879,16.704573,16.205868,16.618479,0.0,0.0,0.0,0.0,0.0,0.0,0.0,4.0
13395,2023.0,4.0,4.0,0.0,17.060007,16.847128,15.499299,15.096085,16.828657,16.409153,16.641432,16.246763,15.011035,14.926325,15.014928,15.051611,17.664942,17.280745,16.883955,16.555992,15.168931,14.585969,0.0,0.0,0.0,0.0,0.0,0.0,0.0,0.0
13396,2023.0,4.0,4.0,0.0,16.920937,16.709137,15.418493,15.016598,16.681656,16.26487,16.493769,16.101318,15.01355,14.967409,15.018915,15.077896,17.534815,17.149948,16.724836,16.395924,15.302895,15.249611,0.0,0.0,0.0,0.0,0.0,0.0,0.0,4.0
13397,2023.0,4.0,4.0,0.0,16.790861,16.577072,15.343633,14.943773,16.54996,16.137472,16.36166,15.972899,15.014482,14.998558,15.018793,15.093836,17.418167,17.034092,16.582045,16.253736,14.949532,14.600194,0.0,0.0,0.0,0.0,0.0,0.0,0.0,0.0
13398,2023.0,4.0,4.0,1.0,16.6793,16.472202,15.2696085,14.8680105,16.424774,16.011415,16.236012,15.845878,15.025372,15.047961,15.035203,15.142438,17.309399,16.923847,16.449549,16.119692,15.038608,14.853049,0.0,0.0,0.0,0.0,0.0,0.0,0.0,0.0
13399,2023.0,4.0,4.0,1.0,16.573044,16.364592,15.2021,14.801459,16.315369,15.907431,16.126291,15.741102,15.27786,15.525841,14.998248,15.072237,17.21082,16.825548,16.329939,16.000994,15.018854,14.833629,0.0,0.0,0.0,4.0,4.0,0.0,0.0,0.0
13400,2023.0,4.0,4.0,1.0,16.470509,16.26028,15.13323,14.729919,16.208567,15.801335,16.01923,15.63421,14.945249,14.913828,15.012079,15.114787,17.115622,16.728022,16.215927,15.885598,15.012413,14.886726,0.0,0.0,0.0,0.0,4.0,0.0,0.0,0.0
13401,2023.0,4.0,4.0,1.0,16.378922,16.171736,15.0691805,14.665804,16.111406,15.708189,15.922117,15.540647,15.02596,15.088118,15.024706,15.163718,17.028782,16.641973,16.111847,15.783239,15.51814,15.887238,0.0,0.0,0.0,0.0,0.0,0.0,0.0,4.0
13402,2023.0,4.0,4.0,1.0,16.286623,16.077187,15.003019,14.595542,16.01431,15.609563,15.825625,15.441861,15.016173,15.089472,15.021079,15.166141,16.942745,16.552818,16.009405,15.678153,15.305036,15.274301,0.0,0.0,0.0,0.0,0.0,0.0,0.0,4.0
13403,2023.0,4.0,4.0,1.0,16.213232,16.015331,15.006165,14.652126,15.920937,15.513646,15.733018,15.345862,15.199103,15.437521,15.0053215,15.135836,16.86021,16.466738,15.911379,15.5769825,14.9875345,14.852852,0.0,0.0,0.0,4.0,4.0,0.0,0.0,0.0
13404,2023.0,4.0,4.0,2.0,16.13719,15.939294,15.004855,14.686195,15.838951,15.436445,15.65166,15.268556,15.005343,15.048829,15.027194,15.198758,17.56346,17.862484,16.867317,17.454748,15.03886,14.9859295,0.0,0.0,0.0,0.0,0.0,4.0,4.0,0.0
13405,2023.0,4.0,4.0,2.0,16.052454,15.846907,15.006024,14.719753,15.756416,15.35263,15.568521,15.184177,15.040627,15.113114,15.023392,15.20204,17.088636,16.751144,15.833813,15.1444845,15.028588,14.98756,0.0,0.0,0.0,0.0,0.0,0.0,0.0,0.0
13406,2023.0,4.0,4.0,2.0,15.968092,15.754024,15.007029,14.749204,15.673689,15.265615,15.485202,15.09647,15.01584,15.101002,15.024264,15.211972,16.308062,15.442207,15.242723,14.481149,15.013774,15.009802,0.0,0.0,0.0,0.0,0.0,0.0,0.0,0.0
13407,2023.0,4.0,4.0,2.0,15.886516,15.664166,15.013723,14.7893095,15.589024,15.173501,15.40104,15.004425,15.035991,15.169901,15.047623,15.266323,15.989223,15.081697,15.0485935,14.279108,15.026898,15.078685,0.0,0.0,0.0,0.0,0.0,0.0,0.0,0.0
13408,2023.0,4.0,4.0,2.0,15.818889,15.600227,15.007626,14.797143,15.517208,15.106209,15.3305235,14.93741,15.137319,15.350975,15.021409,15.220363,16.345201,15.947062,15.302465,14.934211,15.0148535,15.07883,0.0,0.0,0.0,4.0,0.0,0.0,0.0,0.0
13409,2023.0,4.0,4.0,2.0,16.554338,17.042294,15.009394,14.821737,15.442902,15.031603,15.257682,14.863428,15.159763,15.378417,15.026241,15.2392025,16.399752,15.994028,15.356485,15.009775,15.32474,15.67538,0.0,0.0,0.0,4.0,0.0,0.0,0.0,4.0
13410,2023.0,4.0,4.0,3.0,16.100769,15.988642,15.009978,14.842511,15.368343,14.954656,15.185016,14.787493,15.022677,15.140055,15.010459,15.203968,16.341402,15.933071,15.3038645,14.959108,15.468922,15.854202,0.0,0.0,0.0,0.0,4.0,0.0,0.0,4.0
13411,2023.0,4.0,4.0,3.0,15.251445,14.522606,15.010779,14.862545,15.297943,14.884324,15.116724,14.718327,15.042875,15.174456,15.030612,15.269534,16.283504,15.874462,15.237337,14.892614,14.98114,14.977072,0.0,0.0,0.0,0.0,0.0,0.0,0.0,0.0
13412,2023.0,4.0,4.0,3.0,15.008173,14.3074,15.021398,14.902599,15.222934,14.802768,15.0439825,14.63851,15.078252,15.238287,15.053388,15.323585,16.222166,15.80886,15.1650505,14.815993,15.0101385,15.048116,0.0,0.0,0.0,0.0,0.0,0.0,0.0,4.0
13413,2023.0,4.0,4.0,3.0,15.336869,15.075235,15.0103655,14.895639,15.159375,14.742822,14.999077,14.614304,15.124253,15.326784,15.02336,15.270581,16.166315,15.753942,15.098647,14.751049,15.04407,15.143872,0.0,0.0,0.0,4.0,0.0,0.0,0.0,0.0
13414,2023.0,4.0,4.0,3.0,15.401793,15.174309,15.023989,14.940886,15.0893135,14.668414,15.004921,14.676027,15.1111355,15.315713,15.055058,15.342676,16.107016,15.69169,15.028814,14.678507,15.069167,15.202115,0.0,0.0,0.0,4.0,0.0,0.0,0.0,0.0
13415,2023.0,4.0,4.0,3.0,15.358288,15.13387,15.011365,14.929587,15.026329,14.607215,15.0060425,14.711182,15.030566,15.19055,15.023272,15.285038,16.050959,15.635443,15.00228,14.688028,15.334533,15.711962,0.0,0.0,0.0,0.0,0.0,0.0,0.0,4.0
13416,2023.0,4.0,4.0,4.0,15.31635,15.102472,15.014179,14.951054,15.002448,14.619013,15.007097,14.7463255,15.04603,15.217322,15.030282,15.307832,15.992746,15.574461,15.008393,14.739471,14.9826565,15.047001,0.0,0.0,0.0,0.0,0.0,0.0,0.0,0.0
13417,2023.0,4.0,4.0,4.0,15.261739,15.046697,15.028534,14.996501,15.00607,14.673676,15.012768,14.790873,15.086092,15.294821,15.057435,15.370976,15.938272,15.520878,15.00962,14.78096,15.073632,15.246802,0.0,0.0,0.0,0.0,0.0,0.0,0.0,0.0
13418,2023.0,4.0,4.0,4.0,15.206782,14.991599,15.028831,15.007408,15.007903,14.712277,15.014534,14.8194895,15.045255,15.24308,15.057373,15.368757,15.884645,15.467202,15.012144,14.812924,15.039844,15.206016,0.0,0.0,0.0,0.0,0.0,0.0,0.0,0.0
13419,2023.0,4.0,4.0,4.0,15.151948,14.936818,15.03001,15.023899,15.010731,14.749909,15.016396,14.848218,15.046829,15.286556,15.058337,15.377649,15.831351,15.413864,15.012931,14.839919,15.042413,15.25485,0.0,0.0,0.0,0.0,0.0,0.0,0.0,0.0
13420,2023.0,4.0,4.0,4.0,15.101088,14.889715,15.014165,15.008131,15.007002,14.769665,15.554151,15.8697815,15.008708,15.203628,15.026653,15.327701,15.780069,15.364026,15.008746,14.85397,15.021221,15.240516,0.0,0.0,4.0,4.0,0.0,0.0,0.0,0.0
13421,2023.0,4.0,4.0,4.0,15.047594,14.836728,15.016659,15.028315,15.580821,15.8667,14.986188,14.792139,15.034099,15.310877,15.031253,15.34691,15.728286,15.313135,15.010903,14.881014,15.02495,15.2725725,0.0,4.0,0.0,0.0,0.0,0.0,0.0,0.0
13422,2023.0,4.0,4.0,5.0,14.998958,14.795144,15.016856,15.043266,15.10593,14.8197365,15.043405,14.899012,14.998057,15.24138,15.031298,15.356149,15.676284,15.260338,15.011105,14.902469,15.025243,15.29402,0.0,0.0,0.0,4.0,0.0,0.0,0.0,0.0
13423,2023.0,4.0,4.0,5.0,15.004645,14.849709,15.034821,15.093906,15.003737,14.744372,15.063139,14.933737,15.096458,15.4476595,15.061416,15.424298,15.625957,15.211157,15.020088,14.943152,15.164651,15.546399,0.0,4.0,0.0,0.0,0.0,0.0,0.0,4.0
13424,2023.0,4.0,4.0,5.0,15.004248,14.878344,15.015298,15.067137,15.035006,14.8369465,15.005425,14.867836,15.04003,15.30533,15.027365,15.362729,16.445162,16.809227,15.010413,14.940133,14.993039,15.191263,0.0,0.0,0.0,0.0,0.0,4.0,0.0,4.0
13425,2023.0,4.0,4.0,5.0,15.007463,14.917426,15.036465,15.124725,15.060686,14.892152,15.021843,14.942915,15.093437,15.401187,15.03575,15.371945,16.777151,17.164373,15.023767,14.988132,15.087091,15.4214115,0.0,0.0,0.0,0.0,4.0,4.0,0.0,0.0
13426,2023.0,4.0,4.0,5.0,15.005393,14.937381,15.015693,15.09388,15.004264,14.829938,15.011506,14.9490185,15.018685,15.289504,15.033075,15.394908,16.279446,16.086073,15.011513,14.978713,15.036489,15.301971,0.0,0.0,0.0,0.0,0.0,4.0,0.0,0.0
13427,2023.0,4.0,4.0,5.0,15.67694,16.219831,15.019372,15.114518,15.012091,14.885444,15.013779,14.981775,15.030018,15.342766,15.032526,15.4029875,15.376606,14.505333,15.01474,15.003597,15.009358,15.222457,0.0,0.0,0.0,0.0,0.0,0.0,0.0,4.0
13428,2023.0,4.0,4.0,6.0,15.176619,15.0813,15.019315,15.127328,15.012002,14.918992,15.014112,15.007411,15.029158,15.364777,15.016883,15.366377,14.9946575,14.113847,15.01483,15.021579,15.051498,15.344133,0.0,0.0,0.0,0.0,4.0,0.0,0.0,0.0
13429,2023.0,4.0,4.0,6.0,19.050823,21.971014,15.019797,15.140775,19.758295,23.212196,19.693708,23.17834,15.000443,15.304987,18.821146,21.894693,19.784306,22.397121,19.938297,23.332863,15.008453,15.237346,0.0,0.0,0.0,4.0,0.0,4.0,0.0,4.0
13430,2023.0,4.0,4.0,6.0,19.604422,22.452799,15.019471,15.15072,20.48921,23.95032,20.867464,24.657469,19.939167,23.850065,16.587914,17.015959,19.377338,21.437029,20.673103,24.287693,18.843084,21.91527,0.0,0.0,4.0,4.0,4.0,0.0,0.0,0.0
13431,2023.0,4.0,4.0,6.0,20.701077,24.028313,15.020063,15.161372,20.860369,24.159904,20.858051,24.194283,19.330622,22.255165,19.301628,22.322756,19.551836,21.451351,21.070284,24.548523,16.272602,16.387373,0.0,0.0,0.0,0.0,0.0,0.0,0.0,4.0
13432,2023.0,4.0,4.0,6.0,21.130825,24.403652,15.019575,15.169313,21.140795,24.300463,20.40966,23.000746,15.954647,15.441347,16.750399,16.93987,19.849018,21.71101,21.123327,24.275537,20.137032,23.493872,0.0,0.0,0.0,0.0,0.0,0.0,0.0,4.0
13433,2023.0,4.0,4.0,6.0,21.080374,24.032343,14.998769,15.118522,21.080164,23.900322,20.991425,23.78552,15.051067,14.757913,14.996533,14.701157,21.16636,23.87455,21.104864,23.982193,20.07851,23.15696,4.0,4.0,0.0,0.0,0.0,4.0,0.0,0.0
13434,2023.0,4.0,4.0,7.0,21.139654,23.919823,19.60642,23.166103,21.085468,23.730606,21.107916,23.829336,15.020757,14.908945,15.030693,14.947227,21.30168,23.827862,22.421436,26.089678,17.173237,17.213713,0.0,4.0,0.0,0.0,4.0,4.0,0.0,4.0
13435,2023.0,4.0,4.0,7.0,21.127153,23.716595,16.95429,17.31516,21.139774,23.660658,21.104387,23.6916,15.024632,15.051327,19.976206,23.258558,20.738543,22.622707,22.44535,25.847445,20.185677,23.044857,0.0,0.0,0.0,0.0,4.0,0.0,0.0,0.0
13436,2023.0,4.0,4.0,7.0,21.366478,23.97995,15.112837,14.838037,21.791067,24.572847,22.022678,25.12797,16.517351,16.443733,20.062386,23.218649,21.52999,23.850538,22.715199,26.086643,16.814415,16.355677,0.0,4.0,0.0,0.0,0.0,4.0,0.0,0.0
13437,2023.0,4.0,4.0,7.0,21.024725,23.29531,15.020107,14.8924675,20.99366,23.01869,20.94559,23.086313,14.998977,15.036894,16.61387,16.197105,21.022818,22.77754,20.897888,22.712399,15.152728,14.39518,0.0,4.0,0.0,0.0,0.0,4.0,0.0,0.0
13438,2023.0,4.0,4.0,7.0,21.108227,23.386667,15.1746,15.265567,21.116293,23.214819,21.117897,23.41418,15.319695,15.712623,14.988592,14.343865,21.085817,22.822601,21.118496,23.19492,16.185684,16.8194,4.0,4.0,0.0,4.0,0.0,4.0,0.0,4.0
13439,2023.0,4.0,4.0,7.0,21.094278,23.305883,19.669283,23.114195,21.096636,23.13642,21.092056,23.342926,19.8982,23.413008,15.360805,15.358895,21.074947,22.736383,21.084929,23.140558,19.917837,23.052816,0.0,4.0,0.0,0.0,4.0,4.0,0.0,0.0
13440,2023.0,4.0,4.0,8.0,21.385998,23.592978,17.11434,17.517637,21.391628,23.43501,21.405453,23.678436,16.376406,16.129555,20.158924,23.312944,21.20487,22.876009,21.507915,23.63343,16.655006,16.297026,0.0,4.0,0.0,0.0,0.0,0.0,0.0,0.0
13441,2023.0,4.0,4.0,8.0,19.33313,19.519037,15.34576,15.147007,19.320164,19.335932,19.365532,19.622398,15.33786,15.341128,17.481808,17.870344,18.893023,18.347345,19.517908,19.623388,15.10109,14.478577,0.0,4.0,0.0,4.0,0.0,0.0,0.0,0.0
13442,2023.0,4.0,4.0,8.0,18.378544,18.325378,15.033213,14.743742,18.259777,17.945984,18.012732,17.70101,19.61397,22.665524,16.096617,15.791338,17.948774,17.095062,19.303757,19.875801,15.122043,14.83188,0.0,4.0,0.0,0.0,0.0,0.0,4.0,0.0
13443,2023.0,4.0,4.0,8.0,18.000187,18.021357,15.310552,15.437535,17.222227,16.440859,18.09885,18.373093,16.550829,16.386953,15.67506,15.372228,18.767714,19.086515,17.90842,17.347424,15.061095,14.84351,4.0,0.0,4.0,0.0,0.0,4.0,0.0,0.0
13444,2023.0,4.0,4.0,8.0,17.108438,16.600628,19.92512,23.53624,17.37602,17.123499,17.40641,17.233557,15.357978,14.733405,15.850579,15.919228,18.535168,18.54655,18.22541,18.446663,15.003697,14.859001,0.0,4.0,0.0,0.0,4.0,4.0,4.0,0.0
13445,2023.0,4.0,4.0,8.0,17.28532,17.383108,17.640657,18.429333,17.371225,17.267342,16.454767,15.807245,15.276479,14.991259,20.389454,23.56899,17.637987,17.079895,17.347178,16.820387,16.347334,16.136194,4.0,4.0,0.0,0.0,0.0,0.0,0.0,0.0
13446,2023.0,4.0,4.0,9.0,17.346046,17.568863,19.894625,22.87977,17.21432,17.175959,15.986161,15.313381,15.96337,16.440779,17.71218,18.13323,17.164318,16.530914,17.741058,18.077702,16.025127,16.720514,0.0,4.0,0.0,4.0,0.0,0.0,4.0,4.0
13447,2023.0,4.0,4.0,9.0,17.231672,17.494656,17.230293,17.308002,17.069065,17.072226,16.784016,17.108057,20.292181,23.647654,16.04394,15.84916,17.73524,17.81581,17.007105,16.61046,20.14277,23.774355,0.0,4.0,4.0,0.0,0.0,4.0,0.0,0.0
13448,2023.0,4.0,4.0,9.0,17.129164,17.424223,16.251925,16.466537,16.290678,15.765354,17.120209,17.626125,17.141445,17.169403,16.032316,16.125551,17.25502,16.793907,16.403378,15.896365,16.91088,16.939186,4.0,0.0,4.0,0.0,4.0,0.0,0.0,0.0
13449,2023.0,4.0,4.0,9.0,16.350811,16.054564,20.309967,23.614498,15.909739,15.302028,16.75538,16.934874,15.847942,15.31236,20.22346,23.502337,17.71738,17.849857,16.171852,15.66566,15.694624,15.224241,4.0,0.0,4.0,0.0,0.0,4.0,0.0,0.0
13450,2023.0,4.0,4.0,9.0,16.663944,16.953926,20.056198,22.743206,16.390287,16.417282,16.54153,16.690096,15.680587,15.41207,17.711508,18.151897,17.227198,16.806995,15.990564,15.509295,15.524663,15.293908,0.0,4.0,4.0,0.0,0.0,0.0,0.0,0.0
13451,2023.0,4.0,4.0,9.0,16.819147,17.197111,17.72014,18.003548,15.905653,15.478157,16.465773,16.639887,15.540699,15.320884,16.153395,16.022966,17.615429,17.78771,16.065065,15.829746,16.344196,17.007774,4.0,0.0,4.0,0.0,0.0,4.0,0.0,4.0
13452,2023.0,4.0,4.0,10.0,16.80553,17.219656,20.178373,22.70783,16.280794,16.373972,15.754384,15.378375,16.175734,16.655525,15.831145,15.60714,17.055159,16.643757,16.048454,15.85492,20.239944,23.688116,0.0,4.0,0.0,4.0,0.0,0.0,0.0,0.0
13453,2023.0,4.0,4.0,10.0,16.071543,15.897489,17.745407,17.801165,16.463926,16.668205,15.344077,14.886794,20.348404,23.839985,15.629562,15.407507,16.70556,16.209663,15.968674,15.784131,17.198385,17.279842,0.0,4.0,0.0,0.0,0.0,0.0,0.0,0.0
13454,2023.0,4.0,4.0,10.0,15.670839,15.416385,16.462553,16.318144,15.7761545,15.431491,15.175923,14.733041,17.30525,17.41448,15.478016,15.259834,17.394333,17.60677,15.887583,15.707942,15.640696,15.277427,0.0,0.0,0.0,0.0,0.0,4.0,0.0,0.0
13455,2023.0,4.0,4.0,10.0,16.307325,16.735796,16.17456,16.014486,16.163347,16.344118,15.793461,16.001406,16.065884,15.594949,15.375228,15.155977,17.652391,17.95422,15.822307,15.64482,15.50503,15.292203,0.0,4.0,4.0,0.0,0.0,4.0,0.0,0.0
13456,2023.0,4.0,4.0,10.0,16.466913,16.974371,15.9535475,15.800596,15.611894,15.298098,15.280118,14.991262,16.7184,17.14504,15.287289,15.072952,16.962986,16.607304,15.762802,15.589059,15.396832,15.212371,0.0,0.0,0.0,4.0,0.0,0.0,0.0,0.0
13457,2023.0,4.0,4.0,10.0,15.803434,15.732911,16.229828,16.486704,16.018265,16.224407,15.714432,15.948571,20.29977,23.436232,15.212789,15.002603,16.701801,16.240877,15.709254,15.53887,15.273044,15.09604,4.0,4.0,4.0,4.0,0.0,0.0,0.0,0.0
13458,2023.0,4.0,4.0,11.0,15.426217,15.248934,20.145527,23.443357,15.565306,15.298713,15.2754135,15.030462,20.059565,22.612291,15.134271,14.927096,17.413382,17.674053,15.654796,15.487588,15.145279,14.974413,0.0,0.0,0.0,0.0,0.0,4.0,0.0,0.0
13459,2023.0,4.0,4.0,11.0,15.298462,15.127809,17.793974,18.391909,15.907876,16.162785,15.001772,14.741714,17.568184,17.579926,15.06797,14.863806,17.738241,18.078411,15.60389,15.438173,15.029017,14.857791,0.0,4.0,0.0,0.0,0.0,4.0,0.0,0.0
13460,2023.0,4.0,4.0,11.0,15.971959,16.47715,16.223705,16.239935,15.45561,15.220188,15.559243,15.863103,16.244617,15.852783,15.01229,14.81051,17.816816,18.16517,16.69402,17.538792,15.006264,14.900973,0.0,0.0,4.0,0.0,0.0,4.0,4.0,0.0
13461,2023.0,4.0,4.0,11.0,15.5669985,15.561835,16.269213,16.590908,15.819686,16.110884,15.793533,16.180704,16.025217,15.788417,15.003659,14.83551,17.054224,16.680914,15.961027,15.788815,15.007371,14.954694,4.0,4.0,4.0,0.0,0.0,0.0,0.0,0.0
13462,2023.0,4.0,4.0,11.0,15.221718,15.104888,20.226192,23.508646,15.40518,15.230113,15.194822,15.052292,15.88381,15.674389,15.003918,14.860129,17.540163,17.816141,15.47641,15.161808,15.850244,16.580448,4.0,0.0,0.0,0.0,0.0,4.0,0.0,4.0
13463,2023.0,4.0,4.0,11.0,15.101495,14.982869,20.033422,22.724325,15.051924,14.765924,15.534617,15.888564,16.505468,16.994207,15.003189,14.872642,17.039179,16.681808,15.344593,15.018521,20.171165,23.850863,4.0,0.0,4.0,4.0,0.0,0.0,0.0,0.0
13464,2023.0,4.0,4.0,12.0,16.013721,16.788145,20.094175,22.582586,15.63437,15.960957,15.752321,16.172806,20.295708,23.570103,15.002967,14.879016,17.547478,17.84177,15.277243,14.956304,17.131374,17.353243,4.0,4.0,4.0,0.0,0.0,4.0,0.0,0.0
13465,2023.0,4.0,4.0,12.0,20.26206,23.917208,20.0833,22.383636,20.293766,23.93427,20.112558,23.681778,17.47559,17.602327,15.002731,14.881043,21.182482,24.154497,21.445438,25.606611,15.509814,15.202797,4.0,0.0,0.0,0.0,0.0,4.0,0.0,0.0
13466,2023.0,4.0,4.0,12.0,20.902195,24.521074,20.081703,22.255362,20.94536,24.529957,20.836391,24.440706,16.00303,15.648406,15.002112,14.878551,21.030241,23.424498,21.004202,24.35309,15.323466,15.139313,4.0,0.0,0.0,0.0,0.0,4.0,0.0,0.0
13467,2023.0,4.0,4.0,12.0,21.136932,24.511406,20.096682,22.207855,21.096077,24.359589,21.153345,24.566105,16.665224,17.191368,15.001763,14.874027,21.731339,24.383133,22.483734,26.522566,15.241359,15.070576,0.0,4.0,0.0,4.0,0.0,0.0,0.0,0.0
13468,2023.0,4.0,4.0,12.0,21.088057,24.148401,17.922686,17.97012,21.114563,24.09602,21.091448,24.166273,20.304783,23.455154,15.001283,14.868268,20.970457,22.713438,22.274763,25.564575,15.144553,14.977698,0.0,0.0,0.0,0.0,0.0,4.0,0.0,0.0
13469,2023.0,4.0,4.0,12.0,21.06727,23.90102,17.056402,17.119078,21.106817,23.856955,21.096613,23.98204,18.11037,18.684721,15.001571,14.865541,21.057016,22.752842,20.888845,22.916424,15.067564,14.904835,4.0,0.0,0.0,4.0,0.0,4.0,0.0,0.0
13470,2023.0,4.0,4.0,13.0,21.924345,25.183191,20.242579,22.96552,21.145555,23.754389,21.15042,23.948618,20.294706,23.096273,15.397496,15.607179,22.048857,24.341085,21.207155,23.490036,15.006034,14.847522,0.0,4.0,0.0,0.0,4.0,0.0,0.0,0.0
13471,2023.0,4.0,4.0,13.0,20.95555,23.301931,17.868868,18.055185,21.08316,23.512518,21.091417,23.722818,17.790077,17.878242,20.32535,23.864452,20.94277,22.220442,21.034155,23.0562,15.43015,15.333899,0.0,4.0,0.0,0.0,0.0,0.0,4.0,0.0
13472,2023.0,4.0,4.0,13.0,21.116076,23.56327,17.094107,17.438164,21.080698,23.421516,21.089237,23.634731,16.457586,16.12457,17.715849,18.36498,21.08139,22.470526,21.094557,23.131796,15.119196,14.980485,4.0,4.0,0.0,0.0,0.0,0.0,0.0,0.0
13473,2023.0,4.0,4.0,13.0,21.155022,23.619322,20.305984,23.14677,21.15667,23.506216,21.156727,23.702845,16.270628,16.068827,16.039122,15.929932,21.140343,22.540134,21.17808,23.23477,15.017064,14.86869,4.0,4.0,0.0,0.0,0.0,4.0,0.0,0.0
13474,2023.0,4.0,4.0,13.0,21.700579,24.46801,20.049528,22.379385,21.076784,23.290186,21.083984,23.50201,16.160645,15.974813,15.712729,15.527958,21.856071,23.82262,21.07881,22.978598,15.003159,14.888458,0.0,4.0,0.0,0.0,0.0,0.0,0.0,0.0
13475,2023.0,4.0,4.0,13.0,20.932938,22.960426,18.189777,18.624895,21.0992,23.30882,21.085304,23.462267,16.033434,15.851754,15.610682,15.4245405,20.967594,22.063513,21.067955,22.938265,15.003765,14.917267,4.0,0.0,0.0,0.0,0.0,0.0,0.0,0.0
13476,2023.0,4.0,4.0,14.0,21.18225,23.480165,20.247778,22.83159,21.09284,23.252146,21.083946,23.422287,16.753128,17.31192,15.533845,15.345712,21.140543,22.414818,21.068504,22.916689,15.004048,14.938104,0.0,0.0,0.0,4.0,0.0,0.0,0.0,0.0
13477,2023.0,4.0,4.0,14.0,19.417482,20.042665,18.31741,18.811543,18.89564,19.003075,19.454643,20.232817,20.309507,23.416632,15.869885,16.02981,19.844097,19.931322,19.268442,19.429718,15.004208,14.954028,4.0,0.0,4.0,0.0,4.0,0.0,0.0,0.0
13478,2023.0,4.0,4.0,14.0,18.612728,19.149889,20.287468,22.801052,18.467829,18.998621,18.013187,18.129278,17.71589,17.905428,20.364828,23.618916,19.109747,18.931316,18.233469,18.084461,15.273128,15.126207,0.0,4.0,0.0,0.0,0.0,0.0,0.0,0.0
13479,2023.0,4.0,4.0,14.0,18.357565,18.917917,18.404951,18.902122,18.206236,18.586594,17.161783,16.95,16.368252,16.10768,17.935392,18.542847,19.584724,20.065393,17.823622,17.639032,15.027828,14.911755,4.0,4.0,0.0,0.0,0.0,4.0,0.0,0.0
13480,2023.0,4.0,4.0,14.0,18.206556,18.780642,20.23318,22.443361,17.362617,17.175447,17.470171,17.788166,16.220455,16.033113,16.709312,16.554277,19.49138,19.823282,17.604078,17.41307,15.007696,14.949411,4.0,0.0,4.0,0.0,0.0,4.0,0.0,0.0
13481,2023.0,4.0,4.0,14.0,18.037731,18.618883,20.055079,22.003508,16.84204,16.565323,16.868795,16.707691,16.116394,15.946491,16.36103,16.164337,18.593409,18.215218,17.3899,17.203678,15.004996,14.972997,0.0,0.0,0.0,0.0,0.0,0.0,0.0,0.0
13482,2023.0,4.0,4.0,15.0,17.256723,17.295025,18.471481,18.884026,17.256939,17.576632,16.416853,16.19119,15.999825,15.835723,16.182009,15.987626,18.974985,19.236536,17.206285,17.027832,15.005978,14.99768,4.0,4.0,0.0,0.0,0.0,4.0,0.0,0.0
13483,2023.0,4.0,4.0,15.0,17.501461,18.070522,20.22188,22.503944,16.746239,16.602688,16.183794,15.961071,16.671972,17.198168,16.042196,15.846576,19.18466,19.527622,17.044456,16.870344,15.006247,15.017787,0.0,0.0,0.0,4.0,0.0,4.0,0.0,0.0
13484,2023.0,4.0,4.0,15.0,17.611183,18.24195,18.203543,18.414131,17.007631,17.361515,16.862038,17.417847,20.309788,23.47103,15.928087,15.738327,19.17708,19.532263,16.90247,16.733006,15.006777,15.036448,0.0,4.0,4.0,0.0,0.0,4.0,0.0,0.0
13485,2023.0,4.0,4.0,15.0,16.905582,16.982656,17.558414,17.926914,16.5173,16.398205,16.970098,17.463808,17.726477,17.974365,15.829611,15.64533,18.388296,18.071886,16.776756,16.61225,15.006938,15.0529,4.0,0.0,4.0,0.0,0.0,0.0,0.0,0.0
13486,2023.0,4.0,4.0,15.0,16.473516,16.436077,20.2875,22.803108,16.125628,15.910864,16.879974,17.362635,16.354298,16.120888,15.738408,15.557398,18.776438,19.075958,16.663862,16.50456,15.00732,15.068765,4.0,0.0,4.0,0.0,0.0,4.0,0.0,0.0
13487,2023.0,4.0,4.0,15.0,17.038813,17.653551,20.029234,22.083685,16.672344,17.07556,16.83982,17.32583,16.925625,17.468409,15.658651,15.482691,19.008976,19.393627,16.56001,16.404911,15.007873,15.084394,4.0,4.0,4.0,4.0,0.0,4.0,0.0,0.0
13488,2023.0,4.0,4.0,16.0,17.227028,17.88696,20.072031,22.03584,16.879234,17.356892,16.192709,16.157188,20.283527,23.248854,15.59019,15.421874,18.24103,17.94847,16.46745,16.31918,15.008087,15.099394,4.0,4.0,0.0,4.0,0.0,0.0,0.0,0.0
13489,2023.0,4.0,4.0,16.0,17.227137,17.891619,20.064957,21.930893,16.228834,16.14607,15.776926,15.61452,20.045681,22.441446,15.525394,15.362783,17.870789,17.504835,16.37895,16.23435,15.008514,15.1156225,4.0,0.0,0.0,0.0,0.0,0.0,0.0,0.0
13490,2023.0,4.0,4.0,16.0,17.224457,17.893044,20.06507,21.86552,16.55645,16.975157,15.613119,15.445387,17.841442,17.96452,15.883809,16.096066,17.746029,17.389156,16.298346,16.160448,15.009263,15.132947,4.0,4.0,0.0,0.0,4.0,0.0,0.0,0.0
13491,2023.0,4.0,4.0,16.0,16.564064,16.67345,20.081444,21.861862,16.748922,17.237617,15.498001,15.33394,16.662933,16.41152,20.375994,23.685432,17.641005,17.292624,16.221155,16.088457,16.307098,16.225605,0.0,4.0,0.0,0.0,0.0,0.0,0.0,0.0
13492,2023.0,4.0,4.0,16.0,16.905645,17.538849,18.632645,19.021175,16.755337,17.2469,15.508741,15.453426,16.304964,16.028778,17.882881,18.491808,17.696884,17.506842,17.264465,18.128586,15.009545,15.095846,4.0,4.0,0.0,0.0,0.0,0.0,4.0,0.0
13493,2023.0,4.0,4.0,16.0,17.084764,17.758692,20.222406,22.308275,16.751453,17.24393,15.484703,15.454151,16.20235,16.043715,16.30994,16.240759,18.504885,19.076525,16.589626,16.532902,15.02046,15.158626,4.0,4.0,0.0,0.0,0.0,4.0,0.0,0.0
13494,2023.0,4.0,4.0,17.0,16.410078,16.492887,20.0342,21.809593,16.74474,17.23768,16.190722,16.836609,16.089659,15.953218,15.961127,15.831757,18.640228,19.118265,16.088127,15.873356,15.009314,15.166498,4.0,4.0,4.0,0.0,0.0,4.0,0.0,0.0
13495,2023.0,4.0,4.0,17.0,16.044846,16.03186,20.06538,21.796164,16.731104,17.21899,15.787809,15.8796425,15.954078,15.82389,15.804701,15.673407,18.61893,19.08121,15.929561,15.702829,15.011417,15.195273,4.0,4.0,0.0,0.0,0.0,4.0,0.0,0.0
13496,2023.0,4.0,4.0,17.0,16.672247,17.321533,20.061237,21.737612,16.71468,17.197678,15.345958,15.220261,15.829734,15.705817,15.677508,15.550487,17.816746,17.559465,15.8288355,15.604406,15.796324,16.68978,4.0,4.0,0.0,0.0,0.0,0.0,0.0,4.0
13497,2023.0,4.0,4.0,17.0,16.87486,17.53757,20.06157,21.701836,16.697155,17.175493,15.1831,15.026207,15.718038,15.601029,15.56659,15.445443,18.252083,18.623734,15.842515,15.722067,20.294155,24.292213,4.0,4.0,0.0,0.0,0.0,4.0,0.0,4.0
13498,2023.0,4.0,4.0,17.0,16.899456,17.561234,20.061016,21.672487,16.67876,17.1517,15.094547,14.929416,15.613586,15.500384,15.897639,16.163885,18.496618,18.945967,15.81726,15.7147045,20.04257,23.30607,4.0,4.0,0.0,0.0,4.0,4.0,0.0,0.0
13499,2023.0,4.0,4.0,17.0,16.902212,17.552677,20.06117,21.64871,16.661287,17.129768,15.136541,15.079649,15.52123,15.415302,20.160154,23.397148,18.510948,18.955177,15.761154,15.665428,17.788866,18.570322,4.0,4.0,0.0,0.0,0.0,4.0,0.0,4.0
13500,2023.0,4.0,4.0,18.0,16.250454,16.3318,20.05982,21.622026,16.643406,17.106998,15.889731,16.509857,15.434162,15.3339815,17.762814,18.335985,18.506462,18.944414,15.701184,15.609894,20.314695,23.540144,4.0,4.0,4.0,0.0,0.0,4.0,0.0,0.0
13501,2023.0,4.0,4.0,18.0,21.266218,25.311733,20.060083,21.600668,21.273405,25.114784,20.728943,24.688955,16.1887,16.83925,16.207758,16.17865,21.387209,24.012056,21.473375,25.59428,17.426624,17.603312,4.0,4.0,0.0,4.0,0.0,0.0,0.0,0.0
13502,2023.0,4.0,4.0,18.0,21.038572,24.320547,20.0778,21.631641,21.040104,24.182964,21.070284,24.663876,20.347054,23.910725,15.851227,15.752475,21.710201,24.209213,21.90617,25.840061,15.936457,15.697481,0.0,0.0,4.0,0.0,0.0,0.0,0.0,0.0
13503,2023.0,4.0,4.0,18.0,21.085222,24.025558,18.700752,18.95632,21.09052,23.923344,21.119146,24.342665,17.395185,17.606382,15.662995,15.5609255,20.961601,22.611973,22.686535,26.746397,15.521906,15.257265,4.0,4.0,0.0,0.0,0.0,4.0,0.0,0.0
13504,2023.0,4.0,4.0,18.0,21.102638,23.832258,20.229343,22.144863,21.082724,23.674227,21.108627,24.022568,15.879337,15.613566,15.514206,15.409426,22.117699,24.54339,21.915028,25.054527,15.407271,15.284422,0.0,4.0,0.0,0.0,0.0,0.0,0.0,0.0
13505,2023.0,4.0,4.0,18.0,21.096699,23.641914,18.339712,18.355562,21.081203,23.503386,21.107159,23.805939,16.52529,17.12474,15.384483,15.284352,20.945227,22.275604,22.158113,25.08608,15.271829,15.167497,0.0,4.0,0.0,4.0,0.0,0.0,0.0,0.0
13506,2023.0,4.0,4.0,19.0,21.09533,23.505861,17.851824,18.128277,21.079271,23.374294,21.063835,23.580835,20.336105,23.592628,15.266216,15.168765,21.085974,22.531841,20.899023,22.721756,15.117556,15.020207,4.0,4.0,4.0,0.0,0.0,0.0,0.0,0.0
13507,2023.0,4.0,4.0,19.0,21.05222,23.331215,20.233334,22.454521,21.078205,23.275326,21.092537,23.566662,17.979977,18.505022,15.149218,15.047157,21.053684,22.469822,21.104689,23.141298,14.997696,14.928688,4.0,4.0,0.0,4.0,0.0,0.0,0.0,0.0
13508,2023.0,4.0,4.0,19.0,21.07541,23.290342,20.040327,21.85271,21.077278,23.196281,21.104982,23.477356,20.334148,23.174799,15.040352,14.935184,21.057154,22.471403,21.49279,23.884033,15.932323,16.791712,4.0,4.0,0.0,4.0,0.0,0.0,4.0,4.0
13509,2023.0,4.0,4.0,19.0,21.097198,23.28425,20.070797,21.780817,21.076653,23.131372,21.10228,23.381918,20.054838,22.366344,15.005086,14.947095,21.027868,22.38617,21.956095,24.613857,20.401056,24.305109,4.0,4.0,0.0,0.0,0.0,4.0,0.0,4.0
13510,2023.0,4.0,4.0,19.0,21.091408,23.209396,20.067076,21.684563,21.076088,23.076382,21.058064,23.240288,18.174032,18.520891,15.008732,14.999427,21.049402,22.393934,21.059908,22.944159,20.055878,23.15015,4.0,4.0,4.0,4.0,0.0,4.0,4.0,0.0
13511,2023.0,4.0,4.0,19.0,21.091969,23.154537,20.067755,21.62219,21.075764,23.028915,21.10853,23.288612,20.413767,22.824066,15.009005,15.032288,21.076887,22.439363,21.49645,23.664196,17.036129,16.985338,4.0,4.0,0.0,0.0,0.0,0.0,0.0,0.0
13512,2023.0,4.0,4.0,20.0,21.046194,23.03428,20.085258,21.622677,21.075521,22.98736,21.0762,23.145332,18.314396,18.616577,15.009731,15.05725,21.043037,22.32122,21.097433,22.995804,15.618053,15.246176,0.0,4.0,4.0,4.0,0.0,4.0,0.0,0.0
13513,2023.0,4.0,4.0,20.0,21.098715,23.10909,18.181173,17.935337,21.075178,22.950396,21.105593,23.177168,20.40468,22.704576,15.010188,15.0760975,21.077803,22.38785,21.090052,22.941448,16.235239,16.74435,0.0,4.0,0.0,4.0,0.0,0.0,0.0,4.0
13514,2023.0,4.0,4.0,20.0,21.063862,22.976093,17.356956,17.117231,21.099236,22.984192,21.075706,23.054848,20.058676,22.004156,15.011086,15.093431,21.043118,22.274492,21.052553,22.805626,20.512836,23.897291,0.0,0.0,4.0,0.0,0.0,4.0,4.0,4.0
13515,2023.0,4.0,4.0,20.0,21.06962,22.954338,17.118797,16.901012,21.09383,22.936573,21.080406,23.027958,18.32634,18.534126,15.011915,15.108684,21.07825,22.3473,21.097996,22.901243,20.025673,22.723541,0.0,0.0,4.0,4.0,0.0,0.0,0.0,4.0
13516,2023.0,4.0,4.0,20.0,21.069105,22.925518,17.322039,17.487127,21.094149,22.902483,21.103754,23.06077,20.397377,22.564123,15.012631,15.121805,21.072891,22.314112,21.089739,22.857286,20.083174,22.5773,4.0,0.0,0.0,0.0,0.0,0.0,0.0,4.0
13517,2023.0,4.0,4.0,20.0,21.16424,23.108444,20.254774,22.749552,21.16228,23.052032,21.160156,23.137318,17.84612,17.560661,15.013247,15.132868,21.128307,22.40383,21.18216,23.014917,20.073957,22.37675,0.0,0.0,0.0,0.0,0.0,0.0,0.0,4.0
13518,2023.0,4.0,4.0,21.0,21.063438,22.855423,18.230291,18.484419,21.049866,22.807604,21.098589,22.978031,17.266832,17.352144,15.013504,15.141153,21.054094,22.273731,21.071632,22.803429,20.107224,22.333998,0.0,4.0,0.0,4.0,0.0,0.0,0.0,0.0
13519,2023.0,4.0,4.0,21.0,21.069265,22.845827,17.426506,17.627153,21.05472,22.820326,21.075277,22.947042,20.433567,22.81045,15.014253,15.149546,21.056526,22.288282,21.074057,22.810814,18.198341,18.514027,4.0,4.0,0.0,4.0,0.0,0.0,0.0,4.0
13520,2023.0,4.0,4.0,21.0,21.165033,23.036108,20.293314,22.722816,21.167484,23.017218,21.164688,23.128683,20.055994,22.003483,15.015005,15.156979,21.165522,22.492382,21.187958,23.03606,20.4146,22.839443,4.0,0.0,0.0,0.0,0.0,4.0,0.0,4.0
13521,2023.0,4.0,4.0,21.0,22.239725,24.785215,20.057203,21.98446,21.093487,22.825455,21.053019,22.88041,18.24474,18.352602,15.014815,15.159983,21.83701,23.605637,21.073315,22.79809,20.067963,22.15904,0.0,0.0,4.0,4.0,0.0,4.0,0.0,0.0
13522,2023.0,4.0,4.0,21.0,20.913013,22.32874,17.796925,17.470184,21.094372,22.790977,21.082397,22.956827,20.40789,22.554838,15.014951,15.162199,20.95497,21.897171,21.073595,22.791548,18.2295,18.492336,0.0,0.0,0.0,0.0,0.0,4.0,0.0,4.0
13523,2023.0,4.0,4.0,21.0,21.091362,22.758152,16.467978,15.722722,21.045494,22.691872,21.101395,22.93623,18.347061,18.44044,15.015814,15.167422,21.091469,22.205256,21.073391,22.78245,20.410482,22.750347,0.0,4.0,0.0,4.0,0.0,0.0,0.0,4.0
13524,2023.0,4.0,4.0,22.0,21.03999,22.675398,16.447508,16.052015,21.102747,22.787706,21.09836,22.884426,20.39927,22.488205,15.016477,15.173516,21.072836,22.16701,21.073309,22.772434,20.068031,22.080603,0.0,0.0,0.0,4.0,0.0,0.0,0.0,0.0
13525,2023.0,4.0,4.0,22.0,21.096825,22.790724,16.419933,16.115854,21.092972,22.736637,21.07312,22.847115,20.060175,21.809662,15.000918,15.140579,21.07456,22.165167,21.072964,22.761774,17.553213,17.160017,0.0,0.0,0.0,0.0,4.0,0.0,0.0,0.0
13526,2023.0,4.0,4.0,22.0,21.087128,22.752335,16.267172,15.972084,21.06905,22.710896,21.076418,22.856863,17.765774,17.314342,19.936129,23.331947,21.052946,22.157864,21.072674,22.751137,17.061375,17.143225,0.0,0.0,0.0,0.0,0.0,0.0,0.0,4.0
13527,2023.0,4.0,4.0,22.0,21.061703,22.665493,16.126108,15.829825,21.04727,22.657455,21.075386,22.852163,16.554295,15.882553,17.442492,18.090826,21.055418,22.183979,21.072527,22.740759,20.460516,23.039648,0.0,4.0,0.0,0.0,4.0,0.0,0.0,4.0
13528,2023.0,4.0,4.0,22.0,21.166649,22.887299,16.464167,16.567846,21.169647,22.930414,21.163784,23.021706,16.498663,16.189543,20.289606,23.59981,21.132883,22.351732,21.237316,23.033985,20.729311,23.321285,4.0,0.0,0.0,0.0,4.0,0.0,4.0,4.0
13529,2023.0,4.0,4.0,22.0,22.112337,24.374601,20.235233,23.20868,21.16238,22.862463,21.163183,23.007727,16.388855,16.127665,20.023275,22.737211,21.76353,23.335932,21.18986,22.919193,21.17375,23.665838,0.0,0.0,0.0,0.0,4.0,4.0,0.0,4.0
13530,2023.0,4.0,4.0,23.0,20.912962,22.24788,17.940283,18.23692,21.09198,22.682507,21.073786,22.816086,16.190243,15.942131,20.130844,22.628107,20.940489,21.790909,21.088314,22.678938,21.108286,23.609838,0.0,0.0,0.0,0.0,0.0,0.0,0.0,4.0
13531,2023.0,4.0,4.0,23.0,19.442694,19.564438,16.53698,16.318096,19.401197,19.45624,19.274494,19.354338,16.00892,15.764873,17.609707,17.534935,19.890522,19.811838,18.872322,18.396587,18.370419,18.06742,0.0,0.0,0.0,0.0,4.0,4.0,0.0,0.0
13532,2023.0,4.0,4.0,23.0,18.71432,18.569618,16.266205,15.966249,18.525547,18.198845,18.363297,18.049826,15.867769,15.620075,16.537825,16.049433,18.840992,18.09966,18.36278,18.025063,17.900942,17.870684,0.0,0.0,0.0,0.0,4.0,0.0,0.0,4.0
13533,2023.0,4.0,4.0,23.0,18.356266,18.19317,16.119188,15.808192,18.139664,17.780846,17.972002,17.627161,15.734025,15.484723,15.872321,15.122273,18.379332,17.577261,18.104252,17.810057,17.731438,17.777454,0.0,0.0,0.0,0.0,0.0,0.0,0.0,4.0
13534,2023.0,4.0,4.0,23.0,18.07871,17.909937,15.990719,15.673058,17.850582,17.483667,17.678755,17.325785,15.609381,15.356388,15.865681,15.510996,18.09763,17.299654,17.831137,17.541449,17.4909,17.548368,0.0,0.0,0.0,0.0,0.0,0.0,0.0,4.0
13535,2023.0,4.0,4.0,23.0,17.863117,17.71129,15.887346,15.575633,17.627981,17.277985,17.453962,17.118029,15.501199,15.253005,15.730789,15.427779,18.278898,17.905283,17.608074,17.337597,16.600994,16.06496,0.0,0.0,0.0,0.0,0.0,0.0,0.0,0.0
13536,2023.0,4.0,5.0,0.0,17.653406,17.495365,15.780898,15.463417,17.411085,17.054214,17.23513,16.892212,15.391095,15.137913,15.880091,15.893709,18.222971,17.896114,17.392164,17.121122,16.075243,15.428707,0.0,0.0,0.0,0.0,4.0,0.0,0.0,0.0
13537,2023.0,4.0,5.0,0.0,17.482443,17.335028,15.693086,15.380723,17.23471,16.888924,17.0568,16.72517,15.295961,15.045976,15.507113,15.252129,18.092218,17.770657,17.204908,16.935041,15.786939,15.16188,0.0,0.0,0.0,0.0,0.0,0.0,0.0,0.0
13538,2023.0,4.0,5.0,0.0,17.327833,17.188686,15.611535,15.303363,17.07499,16.738026,16.894756,16.572296,15.7909,16.0566,15.271967,15.004199,17.967869,17.649939,17.03763,16.772,15.882118,15.608992,0.0,0.0,0.0,4.0,0.0,0.0,0.0,0.0
13539,2023.0,4.0,5.0,0.0,17.18802,17.056532,15.535651,15.231702,16.930372,16.60185,16.747503,16.433945,15.339998,15.105251,15.104318,14.833741,17.85232,17.537964,16.886715,16.625317,16.570995,17.029285,0.0,0.0,0.0,0.0,0.0,0.0,0.0,4.0
13540,2023.0,4.0,5.0,0.0,17.060137,16.934912,15.464021,15.16386,16.797714,16.47646,16.612223,16.306273,15.142023,14.895543,14.999293,14.7728405,17.74495,17.433224,16.748646,16.490593,15.619615,15.106398,0.0,0.0,0.0,0.0,0.0,0.0,0.0,0.0
13541,2023.0,4.0,5.0,0.0,16.92156,16.798704,15.384825,15.086577,16.653843,16.336079,16.465593,16.163368,15.630248,15.902051,15.017623,14.906392,17.628902,17.317383,16.600626,16.342564,15.073677,14.512417,0.0,0.0,0.0,4.0,0.0,0.0,0.0,0.0
13542,2023.0,4.0,5.0,1.0,16.79908,16.681456,15.312611,15.017869,16.525917,16.214602,16.334835,16.039421,14.92788,14.572394,15.01475,14.9713,17.524658,17.215664,16.468813,16.213892,15.623625,15.735396,0.0,0.0,0.0,0.0,0.0,0.0,0.0,4.0
13543,2023.0,4.0,5.0,1.0,16.685406,16.570473,15.243174,14.949591,16.407423,16.099575,16.213911,15.92208,15.039713,14.842186,15.0158,15.024925,17.427305,17.118496,16.347181,16.092897,15.084507,14.585083,0.0,0.0,0.0,0.0,0.0,0.0,0.0,0.0
13544,2023.0,4.0,5.0,1.0,16.577961,16.462435,15.174244,14.878255,16.293783,15.984223,16.097668,15.804229,15.017163,14.837944,15.017091,15.066296,17.334555,17.022964,16.231934,15.974314,15.038111,14.775101,0.0,0.0,0.0,0.0,0.0,0.0,0.0,0.0
13545,2023.0,4.0,5.0,1.0,16.478212,16.362568,15.11525,14.823043,16.19819,15.896268,15.999774,15.714233,15.463066,15.730429,15.016319,15.094624,17.254374,16.945995,16.132822,15.879201,15.700591,16.11452,0.0,0.0,0.0,4.0,0.0,0.0,0.0,4.0
13546,2023.0,4.0,5.0,1.0,16.387705,16.273508,15.056741,14.765366,16.105701,15.807014,15.905601,15.623127,15.095024,14.897721,15.017341,15.120312,17.177046,16.869102,16.038002,15.784975,14.946274,14.625947,0.0,0.0,0.0,0.0,0.0,0.0,0.0,0.0
13547,2023.0,4.0,5.0,1.0,16.30123,16.18623,14.998556,14.709873,16.016048,15.717203,15.81442,15.531488,15.035436,14.940942,15.001433,15.1007185,17.101671,16.791485,15.94697,15.692142,15.292489,15.39483,0.0,0.0,0.0,0.0,4.0,0.0,0.0,4.0
13548,2023.0,4.0,5.0,2.0,16.237425,16.139248,15.004778,14.762294,15.93417,15.637588,15.73138,15.450322,15.021189,14.934482,15.0230665,15.171335,17.031956,16.721441,15.86327,15.60845,14.958711,14.760524,0.0,0.0,0.0,0.0,0.0,0.0,0.0,0.0
13549,2023.0,4.0,5.0,2.0,16.162096,16.059916,15.004976,14.79575,15.854657,15.558106,15.650936,15.369844,15.009532,14.955668,15.018675,15.177769,16.965021,16.653448,15.78296,15.527099,15.256701,15.369777,0.0,0.0,0.0,0.0,0.0,0.0,0.0,4.0
13550,2023.0,4.0,5.0,2.0,16.088448,15.984459,15.005527,14.824909,15.780376,15.485274,15.575805,15.295763,15.01338,14.994994,15.002983,15.147008,16.90118,16.58885,15.707277,15.451115,14.961157,14.830725,0.0,0.0,0.0,0.0,4.0,0.0,0.0,0.0
13551,2023.0,4.0,5.0,2.0,16.017374,15.911377,15.009549,14.860163,15.706806,15.410508,15.5017395,15.220468,15.021062,15.040626,15.012107,15.182789,16.839586,16.52634,15.633985,15.376737,15.041683,15.031468,0.0,0.0,0.0,0.0,4.0,0.0,0.0,0.0
13552,2023.0,4.0,5.0,2.0,15.951924,15.846757,15.006003,14.872372,15.643221,15.352914,15.437652,15.162098,15.010967,15.038093,15.022688,15.2258005,16.783117,16.471884,15.567296,15.31278,15.527536,15.964817,0.0,0.0,0.0,0.0,0.0,0.0,0.0,4.0
13553,2023.0,4.0,5.0,2.0,15.885668,15.779135,15.007273,14.895097,15.577261,15.287779,15.371577,15.096335,15.013885,15.06289,15.020394,15.229854,16.72562,16.413738,15.500127,15.245231,14.944903,14.817406,0.0,0.0,0.0,0.0,0.0,0.0,0.0,0.0
13554,2023.0,4.0,5.0,3.0,15.819316,15.708514,15.013701,14.928111,15.50869,15.215274,15.303227,15.023845,15.024658,15.102261,15.041294,15.278919,16.667809,16.353367,15.432528,15.174866,15.046398,15.089603,0.0,0.0,0.0,0.0,0.0,0.0,0.0,0.0
13555,2023.0,4.0,5.0,3.0,15.767027,15.664143,15.00717,14.93078,15.453733,15.168208,15.248356,14.976453,15.27462,15.568796,15.01821,15.238647,16.618391,16.30835,15.374054,15.1209755,15.490213,15.930088,0.0,0.0,0.0,4.0,0.0,0.0,0.0,4.0
13556,2023.0,4.0,5.0,3.0,15.71343,15.613262,15.00856,14.95063,15.39739,15.115465,15.192395,14.923536,14.964351,14.984241,15.021989,15.254874,16.56863,16.26055,15.3156185,15.064459,14.953278,14.881372,0.0,0.0,0.0,0.0,0.0,0.0,0.0,0.0
13557,2023.0,4.0,5.0,3.0,15.668503,15.578506,15.016628,14.984033,15.339058,15.056917,15.134672,14.865338,15.028063,15.148459,15.042376,15.303595,16.518812,16.211218,15.256874,15.005648,15.048605,15.132128,0.0,0.0,0.0,0.0,0.0,0.0,0.0,0.0
13558,2023.0,4.0,5.0,3.0,15.629655,15.551416,15.00832,14.981184,15.290676,15.01674,15.086666,14.825102,15.245719,15.536921,15.003374,15.218847,16.474907,16.172375,16.271423,16.964996,15.0078,15.07617,0.0,0.0,0.0,4.0,4.0,0.0,4.0,0.0
13559,2023.0,4.0,5.0,3.0,15.580889,15.503016,15.009922,14.999466,15.239888,14.968928,15.035418,14.776902,14.997515,15.046226,15.010342,15.245734,16.429144,16.128796,15.361054,14.870207,15.017255,15.130342,0.0,0.0,0.0,0.0,4.0,0.0,0.0,0.0
13560,2023.0,4.0,5.0,4.0,15.526991,15.445614,15.010161,15.014328,15.187933,14.917761,14.999971,14.7587185,15.005814,15.057708,15.0099945,15.257296,16.382723,16.082981,15.0076,14.5884285,15.42166,15.906661,0.0,0.0,0.0,4.0,4.0,0.0,0.0,4.0
13561,2023.0,4.0,5.0,4.0,15.478655,15.398772,15.010726,15.0295105,15.13818,14.870416,15.004329,14.804619,15.036106,15.142927,15.044826,15.314272,16.338087,16.039894,15.015403,14.665222,14.963493,15.009613,0.0,0.0,0.0,0.0,0.0,0.0,0.0,0.0
13562,2023.0,4.0,5.0,4.0,16.245203,16.88406,15.010833,15.043389,15.090511,14.826718,15.004545,14.836961,14.999676,15.059436,15.038913,15.283577,16.295637,16.000502,15.042073,14.791534,15.038302,15.174663,0.0,0.0,0.0,4.0,0.0,0.0,0.0,0.0
13563,2023.0,4.0,5.0,4.0,15.808457,15.834055,15.011316,15.057673,15.04199,14.780579,15.005252,14.866714,15.0378275,15.160353,15.020762,15.272669,16.252773,15.9593115,15.017866,14.777956,15.038226,15.15317,0.0,0.0,0.0,0.0,0.0,0.0,0.0,4.0
13564,2023.0,4.0,5.0,4.0,15.0779505,14.600138,15.011623,15.071387,14.998667,14.746004,15.005821,14.8934145,15.029566,15.149107,15.023423,15.295735,16.209383,15.916582,15.00305,14.798145,15.032136,15.19175,0.0,0.0,0.0,0.0,0.0,0.0,0.0,0.0
13565,2023.0,4.0,5.0,4.0,15.618365,15.798642,15.0120735,15.085176,15.003899,14.793158,15.00648,14.918296,15.01571,15.15585,15.023511,15.310355,16.167582,15.876975,15.005378,14.837887,15.031007,15.206514,0.0,0.0,0.0,0.0,0.0,0.0,0.0,0.0
13566,2023.0,4.0,5.0,5.0,15.850001,16.081594,15.012469,15.098004,15.004273,14.825216,15.00698,14.9413395,15.0183,15.18505,15.023798,15.323176,16.12658,15.838051,16.029194,16.799181,15.353379,15.826857,0.0,0.0,0.0,0.0,0.0,0.0,4.0,4.0
13567,2023.0,4.0,5.0,5.0,15.179943,14.809277,15.012943,15.110462,15.004803,14.853192,15.007646,14.963046,15.018558,15.206665,15.0241375,15.334291,16.084288,15.795814,14.981954,14.690025,14.983005,15.112808,0.0,0.0,0.0,0.0,0.0,0.0,0.0,0.0
13568,2023.0,4.0,5.0,5.0,15.017842,14.723414,15.013496,15.122553,15.006064,14.879995,15.008664,14.984371,15.019263,15.225488,15.024224,15.343716,16.039268,15.748722,15.059175,14.900514,15.040468,15.24592,0.0,0.0,0.0,0.0,0.0,0.0,0.0,0.0
13569,2023.0,4.0,5.0,5.0,15.012837,14.768227,15.013816,15.13375,15.006195,14.902929,15.008855,15.003262,15.156592,15.474133,15.024752,15.35279,16.852482,17.329617,15.0122795,14.845364,15.030562,15.238258,0.0,0.0,0.0,4.0,0.0,4.0,0.0,0.0
13570,2023.0,4.0,5.0,5.0,15.103982,15.017011,15.126298,15.334475,15.006813,14.925137,15.009493,15.022259,14.999936,15.203638,15.025021,15.360717,16.349844,16.117529,15.020312,14.885242,15.3257065,15.808179,4.0,0.0,0.0,0.0,0.0,0.0,0.0,4.0
13571,2023.0,4.0,5.0,5.0,15.106532,15.037786,14.996505,15.1091795,15.007554,14.946349,15.009958,15.040005,15.023501,15.268965,15.0091915,15.322291,15.694589,15.033499,15.007,14.904803,14.985796,15.156088,0.0,0.0,0.0,0.0,4.0,0.0,0.0,0.0
13572,2023.0,4.0,5.0,6.0,15.875446,16.523142,15.01734,15.166023,15.008105,14.966485,15.010525,15.0572405,15.020532,15.276313,15.013191,15.340394,15.468763,14.801555,15.9627,16.741405,15.003502,15.182733,0.0,0.0,0.0,0.0,4.0,0.0,4.0,4.0
13573,2023.0,4.0,5.0,6.0,19.349934,22.311207,15.015377,15.172992,19.872625,23.462095,19.802896,23.425325,15.021414,15.288036,19.32804,22.729076,20.645306,23.661604,19.648155,22.854965,19.811092,23.487185,0.0,0.0,0.0,0.0,4.0,4.0,0.0,4.0
13574,2023.0,4.0,5.0,6.0,19.890385,22.817848,15.81656,16.458384,20.474398,23.966879,20.38173,23.892948,16.187717,17.259624,20.106674,23.606876,19.862673,22.043112,20.945236,24.594563,20.297504,23.851418,0.0,0.0,0.0,0.0,4.0,0.0,4.0,4.0
13575,2023.0,4.0,5.0,6.0,20.1832,22.954,15.003666,15.037853,21.154945,24.66943,20.724808,24.030113,15.002539,15.085745,19.588223,22.252602,19.981539,21.951057,20.607796,23.557007,20.064398,23.035109,0.0,4.0,0.0,0.0,0.0,0.0,0.0,0.0
13576,2023.0,4.0,5.0,6.0,21.1452,24.387354,15.0240345,15.119536,21.075861,24.1509,21.13771,24.412085,15.173,15.453778,16.599245,16.251997,20.44511,22.502558,21.204464,24.232206,17.457586,17.69448,0.0,4.0,0.0,4.0,0.0,0.0,0.0,4.0
13577,2023.0,4.0,5.0,6.0,21.084902,24.00373,15.014287,15.130442,21.11502,23.921715,21.099909,24.062592,20.4614,24.429646,15.422253,15.076975,21.62465,24.414352,21.90466,25.19417,20.394245,23.496927,0.0,4.0,0.0,4.0,0.0,0.0,0.0,4.0
13578,2023.0,4.0,5.0,7.0,21.097668,23.842012,15.016025,15.158446,21.105291,23.686523,21.103,23.875172,20.038952,23.211187,15.171362,14.856762,21.28625,23.62508,22.74479,26.400661,20.066393,22.610973,0.0,4.0,0.0,0.0,0.0,0.0,0.0,0.0
13579,2023.0,4.0,5.0,7.0,21.093643,23.698421,15.016069,15.1796665,21.10306,23.52458,21.100176,23.728554,16.708647,16.410673,15.002237,14.787614,21.115984,23.151253,21.435268,23.963371,17.779835,17.99122,0.0,4.0,0.0,0.0,0.0,0.0,0.0,4.0
13580,2023.0,4.0,5.0,7.0,21.092108,23.595446,15.016615,15.198594,21.100023,23.401264,21.098454,23.61966,15.097875,14.438547,15.1521,15.219484,21.047895,22.903158,21.117224,23.305214,20.463015,23.175552,0.0,4.0,0.0,0.0,4.0,4.0,0.0,4.0
13581,2023.0,4.0,5.0,7.0,21.065777,23.450193,15.017102,15.214704,21.097383,23.306581,21.096292,23.532835,15.137488,14.849065,20.093872,23.438515,21.10405,22.918335,21.08589,23.22463,20.069496,22.37933,0.0,4.0,0.0,0.0,0.0,0.0,0.0,0.0
13582,2023.0,4.0,5.0,7.0,21.094328,23.474636,15.071624,15.302626,21.095104,23.232296,21.07064,23.396687,14.999264,14.777643,17.32268,17.755991,21.065092,22.730106,21.088146,23.203737,17.995508,18.222626,4.0,4.0,4.0,0.0,0.0,4.0,0.0,4.0
13583,2023.0,4.0,5.0,7.0,21.112474,23.415407,19.690603,23.233074,21.116924,23.238693,21.097836,23.421635,15.610494,16.061808,15.497948,15.2680435,22.145748,24.520622,21.086287,23.172438,20.43788,22.965204,0.0,0.0,0.0,4.0,0.0,4.0,0.0,4.0
13584,2023.0,4.0,5.0,8.0,21.083055,23.266647,17.157276,17.689354,21.086128,23.107685,21.093824,23.298983,20.494926,24.250973,15.504274,15.593062,20.942593,22.23256,21.085123,23.14195,20.06866,22.232056,0.0,4.0,4.0,4.0,4.0,4.0,0.0,0.0
13585,2023.0,4.0,5.0,8.0,18.514917,18.319946,15.354286,15.207868,18.99676,19.071554,18.400522,18.101084,20.342577,23.480843,20.410059,23.821375,19.497135,19.491884,18.892885,18.89746,18.156645,18.410444,0.0,4.0,0.0,0.0,4.0,4.0,0.0,4.0
13586,2023.0,4.0,5.0,8.0,17.13357,16.614218,15.443684,15.614694,17.92454,17.799963,16.868616,16.158909,17.701115,17.967018,20.05304,22.894773,18.918156,18.897593,17.736761,17.500525,21.6038,24.808308,4.0,4.0,0.0,4.0,0.0,4.0,0.0,0.0
13587,2023.0,4.0,5.0,8.0,17.37346,17.470917,19.926846,23.47659,16.943785,16.287401,17.019917,16.873795,20.349415,23.154799,17.116339,16.92242,18.733667,18.750767,17.294302,17.046047,18.741787,19.070894,0.0,0.0,4.0,0.0,0.0,4.0,0.0,4.0
13588,2023.0,4.0,5.0,8.0,16.724184,16.32329,17.724613,18.555965,17.044193,16.908924,17.034664,17.001236,17.92064,18.204105,15.875279,15.587326,18.591381,18.641705,16.988625,16.749622,20.393038,22.65157,4.0,4.0,4.0,4.0,0.0,4.0,0.0,0.0
13589,2023.0,4.0,5.0,8.0,16.971138,17.14347,20.110312,23.202803,17.08346,17.060303,16.234509,15.668384,20.407774,23.102814,16.052773,16.152802,17.793325,17.263502,16.7452,16.51866,18.415865,18.750563,4.0,4.0,0.0,0.0,4.0,0.0,0.0,4.0
13590,2023.0,4.0,5.0,9.0,17.089306,17.359695,20.081335,22.801058,16.30918,15.757143,15.754162,15.118646,18.050385,18.323793,20.294134,23.488312,17.301119,16.67553,16.543575,16.327955,21.208578,24.076185,0.0,0.0,0.0,4.0,0.0,0.0,0.0,4.0
13591,2023.0,4.0,5.0,9.0,16.323353,16.012873,17.343966,17.305859,15.846262,15.223575,15.532446,14.918956,20.37289,22.977524,18.04422,18.672928,17.081152,16.46616,16.373596,16.167702,19.903292,21.56504,0.0,0.0,0.0,4.0,4.0,0.0,0.0,0.0
13592,2023.0,4.0,5.0,9.0,16.64108,16.903028,16.562311,16.75852,15.633256,15.03403,15.656256,15.3636,21.24088,24.214998,20.287733,23.169474,17.730782,17.845938,17.328407,18.1062,17.75457,17.462282,4.0,0.0,0.0,0.0,0.0,4.0,4.0,0.0
13593,2023.0,4.0,5.0,9.0,16.818539,17.173973,20.256159,23.411398,15.75913,15.475779,16.40376,16.82962,18.315012,18.261885,17.557392,17.498465,17.27713,16.84072,16.426064,16.099424,16.630077,16.124756,4.0,0.0,4.0,0.0,0.0,0.0,0.0,0.0
13594,2023.0,4.0,5.0,9.0,16.06588,15.802133,20.062927,22.656376,15.775368,15.568795,16.701239,17.254278,16.593544,16.071754,15.950175,15.379867,16.889896,16.351091,15.845028,15.405378,16.207846,15.7003565,0.0,0.0,4.0,0.0,0.0,0.0,0.0,0.0
13595,2023.0,4.0,5.0,9.0,15.690299,15.370303,17.499638,17.509378,16.418652,16.868866,15.781131,15.491413,16.372078,16.102468,15.81263,15.503754,16.756187,16.22558,15.671257,15.240469,16.164135,15.915694,0.0,4.0,0.0,0.0,0.0,0.0,0.0,0.0
13596,2023.0,4.0,5.0,10.0,15.561317,15.256765,16.304623,15.768568,15.989787,15.987969,15.341964,14.875436,16.24798,16.024084,15.77384,15.530149,17.783834,18.275673,16.658934,17.198517,17.032818,17.675123,0.0,0.0,0.0,0.0,0.0,4.0,4.0,4.0
13597,2023.0,4.0,5.0,10.0,16.221056,16.599724,16.660017,16.80538,15.440584,15.048585,15.185502,14.73401,16.836123,17.28977,15.664119,15.438066,17.095253,16.757284,15.956961,15.6835985,20.276163,23.251345,4.0,0.0,0.0,4.0,0.0,0.0,0.0,0.0
13598,2023.0,4.0,5.0,10.0,16.501356,16.994047,20.238811,23.241945,15.194449,14.772577,15.066032,14.643967,20.340393,23.317587,15.537951,15.32159,17.485893,17.737207,15.540953,15.173982,17.562443,17.570639,0.0,0.0,0.0,0.0,0.0,4.0,0.0,0.0
13599,2023.0,4.0,5.0,10.0,16.54129,17.054302,17.975683,18.486471,15.298847,15.110583,15.9275,16.396364,18.151564,18.62754,15.822445,15.958924,17.772635,18.08502,15.432027,15.069384,16.20602,15.836358,0.0,0.0,4.0,4.0,4.0,4.0,0.0,0.0
13600,2023.0,4.0,5.0,10.0,16.553383,17.076746,16.799746,16.711563,16.059002,16.577814,15.596023,15.654381,21.479404,24.428732,20.17154,23.595781,17.095795,16.766035,15.378641,15.029762,16.099134,15.88991,0.0,4.0,0.0,0.0,0.0,0.0,0.0,0.0
13601,2023.0,4.0,5.0,10.0,16.580002,17.126345,16.825602,17.098392,16.156029,16.542759,15.751807,16.077843,18.669619,18.809217,17.766848,18.311954,16.769869,16.35053,15.489,15.31352,15.992424,15.818647,4.0,4.0,4.0,0.0,0.0,0.0,0.0,0.0
13602,2023.0,4.0,5.0,11.0,15.934954,15.925704,20.245943,23.251312,16.130625,16.50578,15.886414,16.280329,17.31934,16.860153,16.537563,16.361475,16.701317,16.285685,15.518655,15.373486,15.8770685,15.710984,4.0,4.0,4.0,0.0,0.0,0.0,0.0,0.0
13603,2023.0,4.0,5.0,11.0,16.323015,16.870861,20.03774,22.482647,15.47241,15.277643,15.927025,16.329714,17.033754,16.785864,16.192034,15.9849825,16.654005,16.247206,15.500761,15.359519,15.749815,15.587828,4.0,0.0,4.0,0.0,0.0,0.0,0.0,0.0
13604,2023.0,4.0,5.0,11.0,15.840412,15.847304,20.103125,22.40721,15.129742,14.85025,15.9511,16.36177,17.567665,18.023445,16.40891,16.566069,17.660343,18.21904,15.475311,15.336311,15.639192,15.4828,0.0,0.0,4.0,4.0,4.0,4.0,0.0,0.0
13605,2023.0,4.0,5.0,11.0,16.237206,16.793379,17.836794,17.909529,15.709791,16.043491,15.968388,16.387857,21.283787,24.536224,20.298584,23.251162,17.86533,18.28721,15.448508,15.311263,15.54202,15.389549,0.0,4.0,4.0,0.0,0.0,4.0,0.0,0.0
13606,2023.0,4.0,5.0,11.0,16.456713,17.06682,16.509743,16.187323,15.354377,15.243583,15.360767,15.256717,18.518726,18.68409,18.019571,18.50349,17.149496,16.911915,15.4227,15.287101,16.429134,17.141285,0.0,0.0,0.0,0.0,0.0,0.0,0.0,4.0
13607,2023.0,4.0,5.0,11.0,15.829735,15.878592,16.369286,16.204048,15.778533,16.146276,15.050365,14.810425,17.28632,16.878164,16.89667,16.736963,17.658459,17.984365,15.400716,15.266615,20.33748,23.825342,0.0,4.0,0.0,0.0,0.0,4.0,0.0,0.0
13608,2023.0,4.0,5.0,12.0,15.470333,15.407362,16.226963,16.12301,16.003262,16.446123,15.621004,15.99616,17.02203,16.788933,16.921312,17.057325,17.1461,16.85361,15.378261,15.246229,17.437092,17.638027,0.0,4.0,4.0,0.0,4.0,0.0,0.0,0.0
13609,2023.0,4.0,5.0,12.0,20.33126,23.952211,16.534554,16.838852,20.075623,23.43503,20.571575,24.421085,16.84682,16.63792,20.22581,22.972963,20.904,23.391253,21.254656,25.304817,16.341333,16.00458,4.0,0.0,4.0,0.0,0.0,0.0,0.0,0.0
13610,2023.0,4.0,5.0,12.0,21.099533,24.759874,20.256466,23.44384,21.14964,24.81692,21.084206,24.76254,16.64131,16.441217,18.156324,18.56502,21.11553,23.573288,21.994122,26.168419,17.18056,17.922117,4.0,4.0,4.0,0.0,0.0,0.0,0.0,4.0
13611,2023.0,4.0,5.0,12.0,21.933554,25.767239,20.05035,22.63148,21.523897,25.020756,21.858671,25.638552,16.468502,16.276377,16.806545,16.665031,22.089212,24.966982,22.307257,26.101519,20.310858,23.302011,0.0,0.0,4.0,0.0,0.0,0.0,0.0,0.0
13612,2023.0,4.0,5.0,12.0,20.957556,23.71247,17.738287,17.940197,21.021679,23.786783,20.993593,23.783594,16.33056,16.147802,16.475002,16.2866,20.945011,22.646343,22.309141,25.594994,17.663448,17.76761,0.0,4.0,0.0,0.0,0.0,0.0,0.0,0.0
13613,2023.0,4.0,5.0,12.0,21.079777,23.788776,16.400934,16.170835,21.117554,23.807074,21.09958,23.79911,16.214666,16.0404,16.312807,16.12744,21.074606,22.804068,20.888012,22.897982,16.371359,16.086914,0.0,0.0,4.0,0.0,0.0,0.0,0.0,0.0
13614,2023.0,4.0,5.0,13.0,21.088234,23.717524,16.176548,16.067438,21.077316,23.566183,21.107515,23.703957,16.114632,15.948571,16.178495,15.998266,21.02739,22.610655,22.164099,25.00129,16.189337,16.028643,0.0,4.0,0.0,0.0,0.0,4.0,0.0,0.0
13615,2023.0,4.0,5.0,13.0,21.098335,23.619959,16.03653,15.965797,21.081213,23.469679,21.102245,23.58994,16.833858,17.392792,16.457405,16.62806,21.074556,22.640688,21.053621,23.06125,16.080545,15.935281,0.0,4.0,0.0,4.0,4.0,0.0,0.0,0.0
13616,2023.0,4.0,5.0,13.0,21.070057,23.45402,15.86816,15.802072,21.078474,23.38417,21.1006,23.50415,21.60187,25.599113,20.39733,23.33792,21.06616,22.555035,21.514048,23.785452,15.956248,15.8164015,0.0,4.0,0.0,0.0,0.0,0.0,0.0,0.0
13617,2023.0,4.0,5.0,13.0,21.0977,23.460928,15.723724,15.657646,21.100285,23.38156,21.082779,23.432419,18.418533,18.721363,18.083838,18.571903,21.065577,22.499567,20.928778,22.64125,15.849725,15.715995,0.0,0.0,0.0,0.0,0.0,0.0,0.0,0.0
13618,2023.0,4.0,5.0,13.0,21.089684,23.385853,15.595586,15.527202,21.093082,23.307978,21.083298,23.398375,16.642454,16.359295,16.6535,16.53465,21.05126,22.45357,21.091213,22.977112,15.756481,15.627418,0.0,0.0,0.0,0.0,0.0,0.0,0.0,0.0
13619,2023.0,4.0,5.0,13.0,21.063858,23.26673,15.997595,16.379654,21.068047,23.189116,21.05803,23.298605,16.43655,16.280565,16.339628,16.180477,21.052206,22.437765,21.06808,22.930323,15.6752,15.551089,4.0,4.0,4.0,0.0,0.0,0.0,0.0,0.0
13620,2023.0,4.0,5.0,14.0,21.45434,24.033937,20.176867,23.689732,21.147512,23.311241,21.062979,23.286541,16.326895,16.186459,16.598104,16.807125,21.325182,22.967756,21.070265,22.926582,15.606873,15.490935,4.0,4.0,4.0,0.0,4.0,0.0,0.0,0.0
13621,2023.0,4.0,5.0,14.0,18.954775,19.160208,20.044264,22.907871,19.37181,19.868917,18.772907,18.87574,16.977924,17.529594,20.289797,23.268478,20.345987,21.011024,19.242937,19.398912,15.544771,15.434947,0.0,4.0,0.0,4.0,0.0,4.0,0.0,0.0
13622,2023.0,4.0,5.0,14.0,18.450138,18.963379,17.924372,18.480982,17.890606,17.703974,18.107927,18.425373,20.34814,23.27037,18.094648,18.579838,19.025286,18.727194,18.213806,18.092464,15.485057,15.379894,4.0,0.0,4.0,0.0,0.0,0.0,0.0,0.0
13623,2023.0,4.0,5.0,14.0,17.721224,17.738564,20.282146,23.106535,17.914452,18.191927,17.347094,17.175135,17.865158,18.029789,17.12066,17.393686,18.467113,18.076948,17.798927,17.64934,16.401466,17.163544,0.0,4.0,0.0,0.0,4.0,0.0,0.0,4.0
13624,2023.0,4.0,5.0,14.0,17.179525,17.087744,17.90864,18.186527,17.286982,17.101984,16.814669,16.55639,16.588766,16.352251,20.29602,23.063957,18.242514,17.861803,17.518946,17.369804,20.656101,24.330957,0.0,0.0,0.0,0.0,0.0,0.0,0.0,0.0
13625,2023.0,4.0,5.0,14.0,16.900183,16.808924,16.644745,16.632114,16.798685,16.525665,16.539673,16.28272,17.14381,17.661854,17.96631,18.17704,19.030087,19.545568,17.293463,17.150236,17.651781,17.913502,0.0,0.0,0.0,4.0,0.0,4.0,0.0,0.0
13626,2023.0,4.0,5.0,15.0,16.88056,16.944508,16.387321,16.33749,16.59169,16.315617,16.507711,16.398298,20.315659,23.13707,16.918716,16.59884,19.059013,19.481747,17.132507,16.992832,17.43098,17.971716,0.0,0.0,0.0,0.0,0.0,4.0,0.0,4.0
13627,2023.0,4.0,5.0,15.0,16.774021,16.86222,16.63357,16.980364,17.264545,17.775234,16.407207,16.334484,17.906439,18.06654,16.716242,16.532463,18.985125,19.391104,16.96722,16.83451,20.29001,23.078028,4.0,4.0,0.0,0.0,0.0,4.0,0.0,0.0
13628,2023.0,4.0,5.0,15.0,16.652275,16.757347,20.294662,23.382973,17.345503,17.787167,16.988333,17.552092,16.637285,16.39209,16.565105,16.406658,18.187614,17.912706,16.818693,16.690979,17.7881,17.918806,0.0,4.0,4.0,0.0,0.0,0.0,0.0,0.0
13629,2023.0,4.0,5.0,15.0,16.532515,16.641117,18.090584,18.69248,17.235626,17.659262,16.602076,16.71482,17.185469,17.701015,16.405428,16.256422,18.571066,18.90425,16.687971,16.564522,16.545008,16.328926,0.0,4.0,0.0,4.0,0.0,4.0,0.0,0.0
13630,2023.0,4.0,5.0,15.0,17.209427,17.993225,17.383013,17.75435,16.54054,16.402973,16.796585,17.191921,20.33579,23.149342,16.290995,16.144325,18.020882,17.803434,17.682257,18.5334,17.310942,18.017477,4.0,0.0,4.0,0.0,0.0,0.0,4.0,4.0
13631,2023.0,4.0,5.0,15.0,17.462103,18.29568,20.240313,22.978159,16.82145,17.174517,16.901237,17.353916,18.430775,19.021152,16.169394,16.026638,17.650589,17.324938,16.935751,16.827105,20.324596,23.162964,4.0,4.0,4.0,4.0,0.0,0.0,0.0,0.0
13632,2023.0,4.0,5.0,16.0,17.30169,17.949366,20.039164,22.297054,16.344372,16.209183,16.876238,17.330763,20.313553,22.788565,16.05842,15.9198475,17.51081,17.177788,16.41948,16.183887,17.801472,17.929852,4.0,0.0,4.0,0.0,0.0,0.0,0.0,0.0
13633,2023.0,4.0,5.0,16.0,16.582323,16.654266,20.093489,22.235914,16.65765,17.016693,16.235767,16.165527,18.051918,18.132294,15.961494,15.826503,17.410192,17.078075,16.243168,15.994938,16.556412,16.330462,0.0,4.0,0.0,0.0,0.0,0.0,0.0,0.0
13634,2023.0,4.0,5.0,16.0,16.18622,16.138115,18.370186,18.77881,16.195333,16.061468,15.820448,15.611232,16.86038,16.588392,15.877771,15.748253,17.484478,17.316633,16.124052,15.87563,16.325665,16.1922,4.0,0.0,0.0,0.0,0.0,0.0,0.0,0.0
13635,2023.0,4.0,5.0,16.0,16.793001,17.374384,20.235916,22.377634,16.585262,16.936594,16.36452,16.73605,16.708557,16.545359,15.810602,15.681657,18.304455,18.899063,16.154741,16.026154,16.199875,16.080109,4.0,4.0,4.0,0.0,0.0,4.0,0.0,0.0
13636,2023.0,4.0,5.0,16.0,16.325064,16.35096,20.037762,21.883282,16.786201,17.216595,16.586515,17.031189,16.56692,16.42683,15.739239,15.612783,18.396248,18.824022,16.131657,16.022455,16.048504,15.931887,4.0,4.0,4.0,0.0,0.0,4.0,0.0,0.0
13637,2023.0,4.0,5.0,16.0,15.986096,15.92554,20.07147,21.876724,16.779547,17.207033,16.588253,17.028633,16.405611,16.271725,15.673938,15.550541,17.630075,17.38203,16.071775,15.9664955,15.914807,15.802293,4.0,4.0,4.0,0.0,0.0,0.0,0.0,0.0
13638,2023.0,4.0,5.0,17.0,15.850413,15.773432,20.083424,21.858948,16.108227,15.963727,16.578012,17.01301,16.260872,16.129677,15.613703,15.492529,17.289871,16.956398,16.010567,15.906845,15.796348,15.68613,0.0,0.0,4.0,0.0,0.0,0.0,0.0,0.0
13639,2023.0,4.0,5.0,17.0,16.696985,17.460518,18.556421,18.868713,15.746677,15.505349,16.56508,16.99587,16.13893,16.014921,15.561054,15.4449215,17.95214,18.309412,15.953421,15.852823,15.695113,15.590256,4.0,0.0,4.0,0.0,0.0,4.0,0.0,0.0
13640,2023.0,4.0,5.0,17.0,16.11712,16.195425,20.2214,22.129837,16.308802,16.652555,15.937628,15.838002,16.818312,17.379196,15.515653,15.400975,18.156,18.569977,15.903375,15.804214,15.616055,15.513272,0.0,4.0,0.0,4.0,0.0,4.0,0.0,0.0
13641,2023.0,4.0,5.0,17.0,16.465446,17.056988,18.632256,18.949757,16.545298,16.963554,16.237934,16.60939,20.350904,23.419167,15.467927,15.357411,18.2043,18.610115,15.851662,15.754744,16.503065,17.263435,4.0,4.0,4.0,0.0,0.0,4.0,0.0,4.0
13642,2023.0,4.0,5.0,17.0,16.68929,17.306713,20.236298,22.327051,16.561,16.97582,15.796603,15.683561,17.726627,17.8593,15.4182625,15.309318,18.237957,18.637562,15.8023,15.707092,20.367178,23.787695,0.0,4.0,0.0,0.0,0.0,4.0,0.0,0.0
13643,2023.0,4.0,5.0,17.0,16.072906,16.11733,18.565697,18.90272,16.562729,16.97257,16.12613,16.493967,16.410007,16.138477,15.371429,15.265596,17.527138,17.278051,16.878643,17.781977,17.469055,17.63974,4.0,4.0,4.0,0.0,0.0,0.0,4.0,0.0
13644,2023.0,4.0,5.0,18.0,16.536884,17.105995,20.230833,22.15773,15.947187,15.827998,15.659517,15.552351,16.296167,16.144762,15.331609,15.226548,18.021143,18.363562,16.036049,15.926892,16.433842,16.145449,0.0,0.0,0.0,0.0,0.0,4.0,0.0,0.0
13645,2023.0,4.0,5.0,18.0,21.210272,25.056154,18.300627,18.322859,20.687532,24.245598,20.479063,24.087006,17.00226,17.588179,15.289638,15.186588,21.661015,24.546474,21.249718,25.046337,16.235151,16.093151,0.0,0.0,0.0,4.0,0.0,4.0,0.0,0.0
13646,2023.0,4.0,5.0,18.0,21.040693,24.243755,17.790834,18.080824,21.058046,24.3441,21.087782,24.582712,20.346779,23.276436,15.2468,15.144621,21.574043,24.006727,21.759354,25.527967,16.07573,15.948729,4.0,0.0,0.0,0.0,0.0,0.0,0.0,0.0
13647,2023.0,4.0,5.0,18.0,21.085451,23.965683,20.271172,22.525251,21.111004,24.039837,21.071085,24.128246,17.742685,17.790533,15.204704,15.102254,21.005575,22.755554,21.00851,23.742058,15.921105,15.799604,4.0,0.0,4.0,0.0,0.0,0.0,0.0,0.0
13648,2023.0,4.0,5.0,18.0,21.102303,23.779945,20.034603,21.86675,21.060366,23.68308,21.09452,23.92802,16.437504,16.10879,15.167916,15.066012,22.045437,24.42271,21.05642,23.567396,15.797097,15.681251,4.0,4.0,0.0,0.0,0.0,0.0,4.0,0.0
13649,2023.0,4.0,5.0,18.0,21.095953,23.592352,20.087831,21.866446,21.0891,23.593565,21.106209,23.72579,17.130415,17.700546,15.135333,15.034761,20.94658,22.26382,22.684738,26.22133,15.694545,15.5844555,0.0,0.0,0.0,4.0,0.0,4.0,0.0,0.0
13650,2023.0,4.0,5.0,19.0,21.094252,23.456863,18.19492,18.151886,21.099857,23.45213,21.10208,23.554607,20.335659,23.118013,15.10277,14.999651,21.088816,22.530188,21.904648,24.603985,15.606162,15.500459,0.0,0.0,0.0,0.0,0.0,0.0,0.0,0.0
13651,2023.0,4.0,5.0,19.0,21.050009,23.282259,17.45502,17.415783,21.072647,23.257965,21.081867,23.429087,17.79224,17.789404,15.068495,14.963412,21.067348,22.447838,20.978714,22.727448,15.529575,15.4281225,4.0,4.0,0.0,0.0,0.0,0.0,0.0,0.0
13652,2023.0,4.0,5.0,19.0,21.159473,23.415712,20.259813,22.544348,21.157566,23.339638,21.158865,23.513086,16.504534,16.142359,15.4277315,15.664412,21.12824,22.53396,21.201988,23.18715,15.461933,15.364062,4.0,4.0,0.0,0.0,4.0,0.0,0.0,0.0
13653,2023.0,4.0,5.0,19.0,21.09204,23.233423,20.045906,21.907864,21.07113,23.096281,21.054438,23.226465,16.40206,16.243095,20.363438,23.795767,21.049751,22.374996,21.027674,22.804558,15.401306,15.306148,0.0,4.0,4.0,0.0,0.0,0.0,4.0,0.0
13654,2023.0,4.0,5.0,19.0,21.063112,23.100882,18.423311,18.63819,21.097105,23.112732,21.084942,23.263895,16.325047,16.191551,17.735025,18.288338,21.024626,22.301609,21.094574,22.933437,15.343516,15.24573,4.0,0.0,0.0,0.0,0.0,4.0,0.0,0.0
13655,2023.0,4.0,5.0,19.0,21.067635,23.066679,20.241726,22.339115,21.090822,23.046774,21.097275,23.207306,17.013643,17.612106,16.121956,16.030077,21.074287,22.386234,21.083252,22.87332,15.290722,15.191482,4.0,0.0,0.0,4.0,0.0,0.0,0.0,0.0
13656,2023.0,4.0,5.0,20.0,21.091917,23.097248,20.052214,21.79886,21.066221,22.932346,21.09438,23.138426,20.343027,23.210691,15.8045225,15.674669,21.066668,22.337528,21.083616,22.838028,15.242852,15.142173,0.0,4.0,0.0,4.0,0.0,0.0,0.0,0.0
13657,2023.0,4.0,5.0,20.0,21.059774,22.97431,18.158587,18.064566,21.07004,22.90613,21.074701,23.085875,20.02182,22.210663,16.060114,16.281765,21.037256,22.231998,21.082512,22.80334,16.17475,16.937944,0.0,4.0,0.0,4.0,4.0,4.0,0.0,4.0
13658,2023.0,4.0,5.0,20.0,21.164843,23.171835,17.309484,17.159412,21.16555,23.087173,21.163359,23.244335,20.988815,23.477053,20.4784,23.661589,21.133886,22.4271,21.189045,23.017658,20.64477,24.388653,0.0,0.0,0.0,4.0,4.0,0.0,0.0,0.0
13659,2023.0,4.0,5.0,20.0,21.05753,22.902475,17.53316,17.783016,21.086967,22.895674,21.074236,23.04138,20.969856,23.248707,20.03761,22.556625,21.06521,22.265577,21.067759,22.765562,17.414333,17.47312,4.0,0.0,0.0,0.0,0.0,0.0,0.0,0.0
13660,2023.0,4.0,5.0,20.0,21.166275,23.11418,20.28593,22.658728,21.162153,23.016018,21.178835,23.209745,18.70547,18.986794,17.870817,18.060627,21.143242,22.383854,21.250874,23.09673,15.899125,15.601008,0.0,0.0,4.0,4.0,4.0,4.0,4.0,0.0
13661,2023.0,4.0,5.0,20.0,21.161161,23.054651,18.392403,18.703646,21.163212,23.02624,21.168028,23.188808,21.407412,23.837286,20.423811,22.865438,21.134449,22.371761,21.192616,22.968292,15.792103,15.666944,0.0,0.0,0.0,0.0,0.0,0.0,0.0,0.0
13662,2023.0,4.0,5.0,21.0,21.086645,22.90144,17.236074,17.146824,21.068886,22.83541,21.090914,22.97509,18.297146,18.104225,17.942461,17.914486,21.034452,22.135677,21.078743,22.706686,15.716832,15.607645,0.0,0.0,0.0,0.0,0.0,4.0,0.0,0.0
13663,2023.0,4.0,5.0,21.0,21.052982,22.792294,17.407604,17.688944,21.042656,22.760378,21.062353,22.856417,17.150969,16.691715,17.214785,17.405416,21.039455,22.138819,21.078585,22.678225,15.605781,15.492704,4.0,4.0,4.0,0.0,4.0,4.0,0.0,0.0
13664,2023.0,4.0,5.0,21.0,21.147112,22.96494,20.228168,22.702112,21.148216,22.93153,21.146645,22.994753,17.043959,16.845675,20.345373,22.734287,21.12121,22.312826,21.16982,22.865671,15.5143585,15.403512,4.0,4.0,4.0,0.0,0.0,0.0,0.0,0.0
13665,2023.0,4.0,5.0,21.0,21.085014,22.844381,20.051178,22.037273,21.088509,22.800257,21.091825,22.877344,16.917866,16.749657,18.52561,19.045092,21.063309,22.17775,21.064648,22.649788,15.433084,15.321409,0.0,0.0,0.0,0.0,4.0,0.0,0.0,0.0
13666,2023.0,4.0,5.0,21.0,21.164177,22.96516,18.312536,18.475973,21.158924,22.892584,21.15835,22.964554,17.527122,18.06661,20.314117,22.578276,21.147987,22.312126,21.26418,23.017054,15.362849,15.250249,4.0,4.0,4.0,4.0,0.0,4.0,4.0,0.0
13667,2023.0,4.0,5.0,21.0,21.167936,22.975119,20.250435,22.4075,21.166203,22.882866,21.168076,22.980148,20.31813,22.802605,17.994432,17.866697,21.153585,22.313196,21.194891,22.86921,16.271456,17.01817,0.0,4.0,0.0,0.0,0.0,4.0,0.0,4.0
13668,2023.0,4.0,5.0,22.0,21.078157,22.774336,18.467516,18.67073,21.062456,22.655275,21.085293,22.789297,18.438158,18.772045,17.336504,17.462997,21.067368,22.149622,21.07616,22.600496,20.351686,23.837257,4.0,4.0,0.0,4.0,4.0,0.0,0.0,0.0
13669,2023.0,4.0,5.0,22.0,21.163027,22.92516,20.246506,22.347897,21.168287,22.87067,21.16335,22.923092,20.566332,22.935368,20.411427,22.730703,21.130625,22.261223,21.187056,22.796865,17.25051,17.238897,0.0,0.0,0.0,0.0,0.0,0.0,0.0,0.0
13670,2023.0,4.0,5.0,22.0,21.05956,22.732893,18.194063,18.127571,21.080906,22.672518,21.040462,22.673433,18.05941,17.88838,18.336714,18.585863,21.032284,22.02997,21.060326,22.54926,15.857872,15.535936,0.0,0.0,4.0,0.0,0.0,4.0,0.0,0.0
13671,2023.0,4.0,5.0,22.0,21.061695,22.744194,17.25439,17.078653,21.054737,22.581768,21.073738,22.771717,16.887434,16.431398,17.437397,17.553255,21.067759,22.114254,21.061867,22.553934,15.783348,15.653764,0.0,4.0,0.0,0.0,4.0,0.0,0.0,0.0
13672,2023.0,4.0,5.0,22.0,21.207306,23.018423,17.502686,17.727612,21.172712,22.805046,21.164154,22.916786,16.822735,16.621206,20.393074,22.673023,21.13057,22.226925,21.201088,22.82975,16.525913,17.136526,4.0,4.0,0.0,0.0,4.0,0.0,0.0,4.0
13673,2023.0,4.0,5.0,22.0,21.157658,22.940691,20.235353,22.615498,21.155485,22.77587,21.149721,22.855988,16.741392,16.57283,20.046438,21.897596,21.120575,22.19148,21.249548,22.890966,21.522142,25.530275,0.0,0.0,0.0,0.0,0.0,0.0,4.0,4.0
13674,2023.0,4.0,5.0,23.0,21.078793,22.742609,18.399626,18.730278,21.078932,22.604536,21.063105,22.692848,16.601063,16.440716,17.992037,17.792831,21.044428,22.058031,21.083603,22.55299,19.872324,22.06904,0.0,0.0,0.0,0.0,0.0,0.0,0.0,4.0
13675,2023.0,4.0,5.0,23.0,19.237757,19.186396,17.253761,17.161366,19.2224,19.033432,19.467646,19.635452,16.478714,16.326305,17.102253,16.876923,19.865664,19.804054,19.201973,18.91134,18.173946,18.613651,0.0,0.0,0.0,0.0,0.0,0.0,0.0,4.0
13676,2023.0,4.0,5.0,23.0,19.46179,20.055223,16.98252,16.815407,18.648891,18.406853,18.663902,18.494993,16.386189,16.235142,16.923912,16.717918,19.379364,19.153292,18.450893,17.946194,16.987085,16.673239,0.0,0.0,0.0,0.0,0.0,0.0,0.0,0.0
13677,2023.0,4.0,5.0,23.0,18.52932,18.343786,16.830603,16.660164,18.401041,18.193851,18.32329,18.13718,16.301178,16.15472,16.75125,16.554672,19.166965,18.945684,19.419827,20.107355,16.51306,16.114532,0.0,0.0,0.0,0.0,0.0,0.0,4.0,0.0
13678,2023.0,4.0,5.0,23.0,18.677557,18.91743,16.701187,16.530815,18.164068,17.960424,18.068113,17.882648,16.219559,16.070278,16.595222,16.404512,18.990828,18.7748,18.388927,18.041563,16.24234,15.843411,0.0,0.0,0.0,0.0,0.0,0.0,0.0,0.0
13679,2023.0,4.0,5.0,23.0,17.988714,17.703505,16.586044,16.414663,17.959217,17.755331,17.851406,17.665487,16.143938,15.993211,16.452671,16.265074,18.83633,18.623253,17.866135,17.389961,16.24981,16.069006,0.0,0.0,0.0,0.0,0.0,0.0,0.0,0.0
13680,2023.0,4.0,6.0,0.0,17.620262,17.257122,16.482943,16.311308,17.780262,17.577282,17.66383,17.478746,16.662865,17.028547,16.651026,16.753826,18.699846,18.489626,17.624496,17.153463,16.166832,16.018087,0.0,0.0,0.0,4.0,4.0,0.0,0.0,0.0
13681,2023.0,4.0,6.0,0.0,17.422392,17.067501,16.391617,16.221794,17.624386,17.425673,17.501324,17.320505,16.21625,16.070717,16.347864,16.18361,18.579697,18.374023,17.429533,16.97016,16.051754,15.909888,0.0,0.0,0.0,0.0,0.0,0.0,0.0,0.0
13682,2023.0,4.0,6.0,0.0,17.555899,17.509804,16.308731,16.140715,17.484688,17.290287,17.3564,17.179737,16.641727,17.005838,16.167788,15.988867,18.46871,18.26216,17.509579,17.307661,15.94528,15.808064,0.0,0.0,0.0,4.0,0.0,0.0,0.0,0.0
13683,2023.0,4.0,6.0,0.0,17.513363,17.508879,16.23402,16.069067,17.360565,17.172258,17.227955,17.057283,15.97223,15.612168,16.064007,15.889684,18.370085,18.165234,17.450743,17.278444,15.84994,15.717887,0.0,0.0,0.0,0.0,0.0,0.0,0.0,0.0
13684,2023.0,4.0,6.0,0.0,17.418758,17.417933,16.16271,15.998481,17.244284,17.058119,17.10764,16.938932,16.306652,16.436045,15.968008,15.795398,18.277746,18.071861,17.350302,17.183544,15.761184,15.631112,0.0,0.0,0.0,4.0,0.0,0.0,0.0,0.0
13685,2023.0,4.0,6.0,0.0,17.329372,17.332495,16.098215,15.936513,17.140856,16.959408,17.000563,16.83655,15.822511,15.433539,15.881756,15.70887,18.195166,17.9902,17.251799,17.085438,15.67847,15.545473,0.0,0.0,0.0,0.0,0.0,0.0,0.0,0.0
13686,2023.0,4.0,6.0,1.0,17.244423,17.250326,16.0375,15.877628,17.045137,16.867193,16.901423,16.740873,15.611005,15.207871,15.802713,15.630051,18.118626,17.91384,17.159166,16.993137,16.33676,16.849987,0.0,0.0,0.0,0.0,0.0,0.0,0.0,4.0
13687,2023.0,4.0,6.0,1.0,17.165522,17.174562,15.981325,15.823956,16.957666,16.783684,16.810904,16.654211,15.740068,15.562737,15.730718,15.558876,18.048536,17.844477,17.073885,16.908657,15.799098,15.697765,0.0,0.0,0.0,0.0,0.0,0.0,0.0,0.0
13688,2023.0,4.0,6.0,1.0,17.091894,17.104021,15.928838,15.774048,16.877075,16.706944,16.727734,16.574688,16.327269,16.682007,15.957766,16.04123,17.983799,17.780497,16.9951,16.830696,15.419686,15.100151,0.0,0.0,0.0,4.0,4.0,0.0,0.0,0.0
13689,2023.0,4.0,6.0,1.0,17.022684,17.036903,15.879168,15.726336,16.801687,16.634552,16.649954,16.499712,15.918114,15.783421,15.72415,15.564411,17.923172,17.720148,16.92158,16.757442,15.262264,14.918219,0.0,0.0,0.0,0.0,0.0,0.0,0.0,0.0
13690,2023.0,4.0,6.0,1.0,16.958149,16.97396,15.832381,15.6811,16.731195,16.566645,16.57712,16.429327,16.133068,16.26917,15.601988,15.430805,17.866428,17.663551,16.853102,16.6891,15.367347,15.227816,0.0,0.0,0.0,4.0,0.0,0.0,0.0,0.0
13691,2023.0,4.0,6.0,1.0,16.899378,16.9182,15.789304,15.640775,16.666975,16.506613,16.510582,16.366995,15.650129,15.302386,15.84087,15.931367,17.814413,17.612894,16.790567,16.62806,15.351441,15.218876,0.0,0.0,0.0,0.0,4.0,0.0,0.0,0.0
13692,2023.0,4.0,6.0,2.0,16.843817,16.86511,15.748116,15.601977,16.60635,16.449604,16.44776,16.307777,15.447312,15.061059,15.613781,15.463291,17.765242,17.564838,16.731825,16.570536,16.041172,16.55617,0.0,0.0,0.0,0.0,0.0,0.0,0.0,4.0
13693,2023.0,4.0,6.0,2.0,16.787249,16.807198,15.705239,15.557725,16.5445,16.386475,16.383942,16.242352,15.350092,14.959758,15.489213,15.317737,17.716125,17.514208,16.673811,16.510908,16.06471,16.409374,0.0,0.0,0.0,0.0,0.0,0.0,0.0,4.0
13694,2023.0,4.0,6.0,2.0,16.738008,16.761372,15.669052,15.525248,16.492226,16.33907,16.330505,16.193523,15.511902,15.359605,15.435725,15.266955,17.672806,17.472744,16.622463,16.461382,16.110388,16.455912,0.0,0.0,0.0,0.0,0.0,0.0,0.0,4.0
13695,2023.0,4.0,6.0,2.0,16.69211,16.719902,15.63453,15.494749,16.443441,16.295599,16.280972,16.148956,15.515412,15.36551,15.3876505,15.22228,17.632515,17.435127,16.575035,16.41676,15.407944,15.104299,0.0,0.0,0.0,0.0,0.0,0.0,0.0,0.0
13696,2023.0,4.0,6.0,2.0,16.64529,16.674175,15.598715,15.460361,16.393759,16.247723,16.230516,16.099945,16.0773,16.446407,15.340917,15.175667,17.5918,17.39479,16.527613,16.369625,15.166025,14.824133,0.0,0.0,0.0,4.0,0.0,0.0,0.0,0.0
13697,2023.0,4.0,6.0,2.0,16.601456,16.631964,15.564631,15.428151,16.34698,16.203375,16.182697,16.054409,15.671568,15.548015,15.597027,15.692773,17.553305,17.357224,16.483059,16.325974,15.06724,14.730536,0.0,0.0,0.0,0.0,4.0,0.0,0.0,0.0
13698,2023.0,4.0,6.0,3.0,16.559042,16.59026,15.531298,15.396073,16.301544,16.159658,16.135962,16.009348,15.536364,15.387863,15.365245,15.199587,17.515877,17.320318,16.440079,16.283453,15.18354,15.047681,0.0,0.0,0.0,0.0,0.0,0.0,0.0,0.0
13699,2023.0,4.0,6.0,3.0,16.517853,16.54935,15.498336,15.363419,16.256845,16.115541,16.089842,15.963726,15.49065,15.341946,15.272664,15.107605,17.479572,17.284348,16.398708,16.242344,15.175353,15.045444,0.0,0.0,0.0,0.0,0.0,0.0,0.0,0.0
13700,2023.0,4.0,6.0,3.0,16.47988,16.51338,15.46837,15.335831,16.216225,16.077787,16.04787,15.924625,15.451578,15.304291,15.231178,15.067903,17.445786,17.252121,16.36025,16.205326,15.140513,15.011663,0.0,0.0,0.0,0.0,0.0,0.0,0.0,0.0
13701,2023.0,4.0,6.0,3.0,16.452375,16.497025,15.4391165,15.308937,16.177101,16.041403,16.007412,15.886917,15.417292,15.2713175,15.192,15.030414,17.413143,17.221025,16.32335,16.169846,15.106289,14.978528,0.0,0.0,0.0,0.0,0.0,0.0,0.0,0.0
13702,2023.0,4.0,6.0,3.0,16.42778,16.483427,15.410519,15.282654,16.139309,16.006231,15.96831,15.850451,15.385528,15.240854,15.156287,14.996295,17.38151,17.190926,16.287836,16.135733,15.073205,14.946573,0.0,0.0,0.0,0.0,0.0,0.0,0.0,0.0
13703,2023.0,4.0,6.0,3.0,16.395823,16.452974,15.382533,15.256927,16.102715,15.972147,15.930441,15.815107,15.355831,15.21244,15.122778,14.964361,17.350779,17.161716,16.25357,16.102852,15.041757,14.91626,0.0,0.0,0.0,0.0,0.0,0.0,0.0,0.0
13704,2023.0,4.0,6.0,4.0,16.363728,16.422308,15.355114,15.231708,16.067202,15.939043,15.893692,15.780782,15.327686,15.185567,15.091195,14.934324,17.320774,17.13322,16.22039,16.071037,15.011812,14.887451,0.0,0.0,0.0,0.0,0.0,0.0,0.0,0.0
13705,2023.0,4.0,6.0,4.0,16.334143,16.39609,15.330624,15.211756,16.03542,15.912305,15.860795,15.753044,15.302357,15.163038,15.063203,14.909881,18.06575,18.569534,16.189642,16.04314,15.00106,14.893565,0.0,0.0,0.0,0.0,0.0,4.0,0.0,0.0
13706,2023.0,4.0,6.0,4.0,16.300293,16.363335,15.301599,15.184819,15.998878,15.877745,15.822509,15.716966,15.273755,15.135691,15.03106,14.879304,17.617945,17.498617,16.15515,16.009945,15.003269,14.918029,0.0,0.0,0.0,0.0,0.0,0.0,0.0,0.0
13707,2023.0,4.0,6.0,4.0,16.26633,16.328876,15.272478,15.156977,15.962651,15.842631,15.784574,15.680258,15.245819,15.108434,14.997794,14.8488655,17.129847,16.702475,16.121286,15.976819,15.00353,14.934276,0.0,0.0,0.0,0.0,0.0,0.0,0.0,0.0
13708,2023.0,4.0,6.0,4.0,16.232965,16.295229,15.243056,15.127732,15.926388,15.806501,15.746941,15.642694,15.218852,15.081793,15.002268,14.88193,16.955425,16.508453,16.08847,15.94446,15.004334,14.950952,0.0,0.0,0.0,0.0,0.0,0.0,0.0,0.0
13709,2023.0,4.0,6.0,4.0,16.20196,16.265497,15.217188,15.104844,15.893979,15.777245,15.713625,15.612464,15.194427,15.059036,15.002608,14.8939,17.146957,16.974619,16.05806,15.91574,15.003608,14.95882,0.0,0.0,0.0,0.0,0.0,0.0,0.0,0.0
13710,2023.0,4.0,6.0,5.0,16.172638,16.238396,15.1923065,15.083155,15.863058,15.749862,15.681931,15.584244,15.171496,15.0382395,15.003121,14.907817,17.947502,18.463503,16.029297,15.889295,15.003864,14.969306,0.0,0.0,0.0,0.0,0.0,4.0,0.0,0.0
13711,2023.0,4.0,6.0,5.0,16.143206,16.209877,15.167074,15.059993,15.832214,15.721022,15.649916,15.5543375,15.14875,15.016926,15.003396,14.919375,17.25943,16.904652,16.000624,15.862133,15.004173,14.978779,0.0,0.0,0.0,0.0,0.0,0.0,0.0,0.0
13712,2023.0,4.0,6.0,5.0,16.11254,16.178217,15.140065,15.032611,15.79949,15.687665,15.616097,15.519807,15.125462,14.993672,15.00575,14.93487,16.899685,16.463528,15.971271,15.832744,15.007338,14.993983,0.0,0.0,0.0,0.0,0.0,0.0,0.0,0.0
13713,2023.0,4.0,6.0,5.0,16.088371,16.159061,15.117937,15.014471,15.771999,15.664422,15.588023,15.495905,15.68786,16.070232,15.003249,14.936941,16.821466,16.396627,15.945258,15.8093,15.003914,14.993579,0.0,0.0,0.0,4.0,0.0,0.0,0.0,0.0
13714,2023.0,4.0,6.0,5.0,16.062096,16.133705,15.094185,14.992364,15.742516,15.636762,15.558196,15.467665,15.36748,15.26537,15.004177,14.946646,17.000286,16.822128,15.918546,15.783792,15.00487,15.002819,0.0,0.0,0.0,0.0,0.0,0.0,0.0,0.0
13715,2023.0,4.0,6.0,5.0,16.036097,16.108883,15.071413,14.97175,15.714236,15.610887,15.529685,15.441356,15.187946,15.065033,15.004286,14.954006,17.82184,18.348904,15.892917,15.759857,15.00522,15.010195,0.0,0.0,0.0,0.0,0.0,4.0,0.0,0.0
13716,2023.0,4.0,6.0,6.0,16.010073,16.0835,15.048823,14.951016,15.68666,15.585136,15.501473,15.414993,15.140142,15.015418,15.00436,14.960916,17.144716,16.808094,15.8676,15.736006,15.005299,15.0168,0.0,0.0,0.0,0.0,0.0,0.0,0.0,0.0
13717,2023.0,4.0,6.0,6.0,20.97585,24.669436,15.026415,14.9303,20.893345,24.690771,20.811947,24.682755,15.106584,14.982376,15.197029,15.322854,20.820711,23.276524,21.399433,25.04042,15.626934,16.191133,0.0,0.0,0.0,0.0,4.0,0.0,0.0,4.0
13718,2023.0,4.0,6.0,6.0,21.526937,24.879585,15.004576,14.909664,21.311771,24.693426,21.257345,24.751774,15.082512,14.958812,20.16229,23.743275,21.142775,23.588564,22.128183,25.891968,20.603935,24.6241,0.0,0.0,0.0,0.0,0.0,0.0,0.0,0.0
13719,2023.0,4.0,6.0,6.0,20.926022,23.543257,15.000909,14.918892,20.999895,23.766283,21.021488,23.938314,15.066275,14.943829,17.852312,18.619568,21.01908,23.06648,22.19224,25.548721,17.283285,17.444742,0.0,0.0,0.0,0.0,4.0,4.0,0.0,0.0
13720,2023.0,4.0,6.0,6.0,21.119364,23.685984,15.001582,14.931297,21.072102,23.633135,21.096365,23.813437,15.659014,16.07274,20.302008,23.442564,21.1307,23.062653,20.910807,22.934753,15.6286125,15.332922,0.0,4.0,0.0,4.0,4.0,4.0,0.0,0.0
13721,2023.0,4.0,6.0,6.0,21.09132,23.453959,15.001564,14.939077,21.084803,23.49731,21.083723,23.593956,20.816778,24.801317,20.028244,22.53274,21.080814,22.817175,21.095766,23.19443,15.50478,15.377499,0.0,0.0,0.0,0.0,0.0,0.0,0.0,0.0
13722,2023.0,4.0,6.0,7.0,21.073666,23.321379,15.001408,14.944312,21.074625,23.284145,21.082716,23.449308,17.573765,17.749403,17.915472,18.20598,21.074139,22.676195,21.07022,23.053541,16.264725,16.890863,0.0,4.0,0.0,0.0,0.0,0.0,0.0,4.0
13723,2023.0,4.0,6.0,7.0,21.073996,23.243801,15.001757,14.950486,21.09842,23.226532,21.057138,23.272284,15.885107,15.568592,17.07645,17.284163,21.072458,22.575542,21.071571,22.982285,20.365927,23.850246,0.0,0.0,4.0,0.0,4.0,0.0,0.0,0.0
13724,2023.0,4.0,6.0,7.0,21.07239,23.179052,15.439416,15.771893,21.091091,23.11319,21.083593,23.265265,15.776132,15.632519,20.355898,23.06466,21.025839,22.42206,21.031786,22.816456,17.283175,17.311829,4.0,0.0,0.0,0.0,4.0,4.0,4.0,0.0
13725,2023.0,4.0,6.0,7.0,21.763382,24.135403,20.133469,23.750618,21.770475,23.971857,21.870783,24.323906,15.725543,15.604997,20.048712,22.205587,21.391665,22.935127,21.689304,23.772478,15.870944,15.559145,0.0,0.0,0.0,0.0,0.0,4.0,4.0,0.0
13726,2023.0,4.0,6.0,7.0,20.913157,22.601515,17.687561,18.343575,21.060474,22.897789,20.91315,22.595499,16.38093,16.915014,17.863337,17.798756,20.958025,22.080765,20.896044,22.25736,16.807173,17.6034,0.0,0.0,0.0,4.0,0.0,4.0,4.0,4.0
13727,2023.0,4.0,6.0,7.0,21.100485,23.01411,16.054873,16.072939,21.047379,22.838959,21.07377,22.921389,20.3414,23.609503,16.631357,16.200571,21.08235,22.340029,21.07141,22.613407,20.364023,23.566431,0.0,4.0,4.0,0.0,0.0,0.0,4.0,0.0
13728,2023.0,4.0,6.0,8.0,21.054144,22.870165,15.723048,15.647947,21.074408,22.902365,21.05009,22.883686,17.512503,17.578133,16.876404,17.000763,21.063911,22.283648,21.081392,22.66144,17.46811,17.484875,0.0,0.0,4.0,0.0,4.0,0.0,0.0,0.0
13729,2023.0,4.0,6.0,8.0,19.605795,20.07076,15.568459,15.477164,19.515657,19.83784,18.95937,18.873785,16.132944,15.828356,20.352594,23.010683,20.063278,20.315163,19.155884,18.945036,16.154722,15.871777,0.0,4.0,0.0,0.0,4.0,4.0,0.0,0.0
13730,2023.0,4.0,6.0,8.0,18.93157,19.322199,15.948392,16.272512,18.721159,18.895813,18.40336,18.558792,16.805538,17.350536,20.042072,22.133358,18.938766,18.52703,18.158144,17.75375,16.017147,15.887179,4.0,4.0,4.0,4.0,0.0,0.0,0.0,0.0
13731,2023.0,4.0,6.0,8.0,18.057138,17.892672,20.235792,23.624775,18.477175,18.664923,18.299963,18.512688,20.309206,23.275154,18.205284,18.378916,18.460606,17.999495,17.787619,17.387918,15.919327,15.814317,4.0,4.0,4.0,0.0,4.0,0.0,0.0,0.0
13732,2023.0,4.0,6.0,8.0,18.262102,18.638214,20.03729,22.752844,18.306541,18.513908,18.139688,18.373613,17.68615,17.736122,20.282837,22.527443,18.986246,19.215101,17.727953,17.542746,15.798882,15.700795,0.0,4.0,4.0,0.0,4.0,4.0,0.0,0.0
13733,2023.0,4.0,6.0,8.0,17.711617,17.615074,17.885307,18.275106,18.170969,18.396887,18.007774,18.259727,17.08579,17.405851,20.034359,21.842264,19.136475,19.402273,17.621159,17.472965,15.692675,15.599396,4.0,4.0,4.0,4.0,4.0,4.0,0.0,0.0
13734,2023.0,4.0,6.0,9.0,17.984058,18.408766,20.262156,23.031479,18.060905,18.303913,17.899681,18.167967,20.424995,23.123344,20.087189,21.806652,19.097187,19.37425,17.472954,17.336176,15.601989,15.513067,4.0,4.0,4.0,0.0,0.0,4.0,0.0,0.0
13735,2023.0,4.0,6.0,9.0,18.104845,18.585003,20.05037,22.313433,17.967611,18.223503,17.167969,16.89424,17.86807,17.905935,18.49709,18.622057,18.348864,18.008797,17.336317,17.20583,15.523424,15.437707,0.0,4.0,0.0,0.0,4.0,0.0,0.0,0.0
13736,2023.0,4.0,6.0,9.0,17.424017,17.360052,17.86987,17.93111,17.253374,16.970999,16.743664,16.382238,16.61184,16.30928,20.267197,22.222107,18.722095,18.996264,18.284754,19.108345,15.454061,15.370663,0.0,0.0,0.0,0.0,0.0,4.0,4.0,0.0
13737,2023.0,4.0,6.0,9.0,17.731201,18.182896,17.3023,17.60204,17.51142,17.718477,16.55841,16.200027,16.457125,16.304342,18.282154,18.220402,18.179085,17.852896,17.465452,17.255827,15.391834,15.308611,4.0,4.0,0.0,0.0,0.0,0.0,0.0,0.0
13738,2023.0,4.0,6.0,9.0,17.194885,17.144787,20.301052,22.907576,17.63258,17.929008,17.122898,17.365713,17.138103,17.687616,18.004305,18.136278,18.659325,18.942299,17.068981,16.746922,16.247807,16.958496,4.0,4.0,4.0,4.0,4.0,4.0,0.0,4.0
13739,2023.0,4.0,6.0,9.0,16.823132,16.667915,20.031021,22.10829,16.974566,16.723978,17.339502,17.668499,20.316187,23.095554,20.27538,22.17973,18.849863,19.162859,16.898643,16.583544,20.413267,23.953428,4.0,0.0,4.0,0.0,0.0,4.0,0.0,4.0
13740,2023.0,4.0,6.0,10.0,17.4178,17.898916,20.091808,22.070236,17.279058,17.520546,16.715622,16.511112,17.847002,17.907244,18.89352,19.345907,18.851559,19.16871,16.770622,16.463747,20.044104,22.78094,0.0,4.0,0.0,0.0,4.0,4.0,0.0,0.0
13741,2023.0,4.0,6.0,10.0,17.643446,18.176579,18.097569,18.119736,16.826664,16.589985,16.345459,16.032907,17.306063,17.629093,20.251831,22.108751,18.852379,19.171804,16.825186,16.684477,17.476059,17.508173,0.0,0.0,0.0,4.0,4.0,4.0,0.0,0.0
13742,2023.0,4.0,6.0,10.0,17.65355,18.179794,16.918413,16.580772,16.475277,16.143185,16.202581,15.881366,20.339497,22.941305,20.051239,21.577452,18.852648,19.17429,16.82022,16.705883,16.296608,16.041685,0.0,0.0,0.0,0.0,0.0,4.0,0.0,0.0
13743,2023.0,4.0,6.0,10.0,17.027023,17.010746,17.210314,17.443003,17.0253,17.28196,17.015049,17.517399,17.974062,18.010519,18.344389,18.212315,18.135334,17.830364,17.8539,18.710615,15.983709,15.709417,4.0,4.0,4.0,0.0,0.0,0.0,4.0,0.0
13744,2023.0,4.0,6.0,10.0,16.71929,16.569069,20.245327,22.858932,17.214407,17.563068,16.487886,16.373287,17.052324,16.693552,17.531277,17.063684,18.613253,18.906063,17.94032,18.604017,15.971007,15.839713,4.0,4.0,0.0,0.0,0.0,4.0,4.0,0.0
13745,2023.0,4.0,6.0,10.0,16.575823,16.426296,20.031769,22.110167,17.244694,17.592808,16.058317,15.774658,16.902233,16.730717,17.409958,17.183424,18.812672,19.142311,16.98833,16.771997,15.902488,15.798006,4.0,4.0,0.0,0.0,0.0,4.0,0.0,0.0
13746,2023.0,4.0,6.0,11.0,17.232452,17.744905,20.071348,21.991484,17.260433,17.6091,15.931454,15.631795,16.7671,16.624735,17.286976,17.102,18.823032,19.154387,17.659111,18.315844,15.800393,15.701881,4.0,4.0,0.0,0.0,0.0,4.0,4.0,0.0
13747,2023.0,4.0,6.0,11.0,17.454395,17.99524,20.064732,21.8482,17.271172,17.623201,16.037912,15.92324,17.38706,17.9388,17.113474,16.93947,18.833397,19.167734,16.985052,16.773058,15.708582,15.613533,4.0,4.0,0.0,4.0,0.0,4.0,0.0,0.0
13748,2023.0,4.0,6.0,11.0,17.491365,18.03781,20.06415,21.756168,16.658127,16.4798,16.069546,15.992382,20.287945,22.869568,16.964224,16.80057,18.844063,19.181208,17.640806,18.28653,15.630436,15.539002,4.0,0.0,0.0,0.0,0.0,4.0,4.0,0.0
13749,2023.0,4.0,6.0,11.0,17.516552,18.062447,20.079977,21.735357,16.981825,17.281124,16.768394,17.336855,17.97912,18.022274,16.834394,16.67758,18.135971,17.84638,17.972076,18.629747,16.531464,17.30105,0.0,4.0,4.0,0.0,0.0,0.0,4.0,4.0
13750,2023.0,4.0,6.0,11.0,16.907969,16.914015,18.334732,18.340708,17.18937,17.556046,16.442266,16.517754,16.808641,16.515327,17.105408,17.288588,17.784363,17.416458,17.083784,16.893167,20.370796,23.764477,0.0,4.0,0.0,0.0,4.0,0.0,0.0,0.0
13751,2023.0,4.0,6.0,11.0,17.275837,17.801126,17.483105,17.387579,17.214693,17.586655,15.956336,15.742794,16.674955,16.521418,20.39826,22.862038,17.66091,17.292595,16.664698,16.393173,17.484333,17.624407,0.0,4.0,0.0,0.0,0.0,0.0,0.0,0.0
13752,2023.0,4.0,6.0,12.0,16.823586,16.827219,17.660994,17.947489,17.22718,17.602066,15.784776,15.530437,16.592505,16.46635,18.4179,18.755434,17.575935,17.215115,16.536469,16.262104,17.097548,17.696926,4.0,4.0,0.0,0.0,0.0,0.0,0.0,4.0
13753,2023.0,4.0,6.0,12.0,21.29296,24.776445,20.22816,22.557964,21.302797,24.658033,21.062761,24.842134,16.498516,16.373955,17.506947,17.34947,21.269533,23.708168,22.610956,26.487265,20.343819,23.3584,4.0,4.0,0.0,0.0,0.0,0.0,4.0,0.0
13754,2023.0,4.0,6.0,12.0,21.012321,23.756044,20.032518,21.906351,21.015211,23.658573,20.989428,24.080116,16.400501,16.28075,17.226696,17.058716,21.021862,23.015495,20.82676,23.059206,18.334362,18.98531,4.0,4.0,4.0,0.0,0.0,0.0,0.0,4.0
13755,2023.0,4.0,6.0,12.0,21.099266,23.641727,20.082436,21.86137,21.079336,23.489485,21.073862,23.864197,16.31801,16.202566,17.051163,16.887533,21.061197,22.854826,21.085876,23.277498,20.333927,22.945429,0.0,4.0,4.0,0.0,0.0,0.0,4.0,4.0
13756,2023.0,4.0,6.0,12.0,21.083986,23.401352,18.604332,18.896273,21.068218,23.26513,21.07735,23.585344,16.251545,16.140732,16.920336,16.766287,21.053925,22.669361,21.082237,23.10841,20.050781,22.168718,4.0,4.0,4.0,0.0,0.0,0.0,0.0,0.0
13757,2023.0,4.0,6.0,12.0,21.058086,23.181698,20.233173,22.231112,21.09054,23.18313,21.096731,23.443995,16.195787,16.088127,17.221102,17.434496,21.052315,22.541145,21.077148,22.950455,17.915863,17.880505,4.0,0.0,0.0,0.0,4.0,0.0,0.0,0.0
13758,2023.0,4.0,6.0,13.0,21.061386,23.084278,20.032087,21.679873,21.083443,23.055824,21.066156,23.215849,16.149616,16.044657,20.39029,22.777126,21.05042,22.44342,21.07511,22.832457,16.865982,16.569967,4.0,0.0,4.0,0.0,0.0,0.0,0.0,0.0
13759,2023.0,4.0,6.0,13.0,21.059,23.003859,20.061258,21.641657,21.05787,22.898897,21.06883,23.114738,16.935688,17.566671,18.444935,18.74041,21.048937,22.367834,21.07309,22.740402,16.562853,16.272156,4.0,4.0,4.0,4.0,0.0,0.0,0.0,0.0
13760,2023.0,4.0,6.0,13.0,21.082819,23.011427,20.073765,21.615238,21.06095,22.84331,21.090578,23.096682,20.329006,23.269464,17.738766,17.967848,21.047619,22.307486,21.020746,22.564497,17.549997,18.33283,0.0,4.0,0.0,0.0,4.0,0.0,4.0,4.0
13761,2023.0,4.0,6.0,13.0,21.075764,22.94189,18.41913,18.39379,21.059038,22.791952,21.083942,23.014214,17.823574,17.901604,20.309814,22.458735,21.046486,22.258379,21.040432,22.549286,20.52912,23.37236,0.0,4.0,0.0,0.0,0.0,0.0,4.0,0.0
13762,2023.0,4.0,6.0,13.0,21.07542,22.893421,18.081264,18.370192,21.057798,22.75062,21.082253,22.952274,17.377048,17.771746,18.585358,18.845165,21.045452,22.21768,21.07568,22.605446,17.931927,17.962528,4.0,4.0,0.0,4.0,0.0,0.0,0.0,0.0
13763,2023.0,4.0,6.0,13.0,21.06006,22.85099,20.21924,22.237514,21.056564,22.715626,21.04203,22.834675,20.317253,22.810705,17.558271,17.42938,21.044546,22.183275,21.02822,22.439894,16.816748,16.55849,4.0,4.0,4.0,4.0,0.0,0.0,4.0,0.0
13764,2023.0,4.0,6.0,14.0,21.03356,22.762907,20.0405,21.716087,21.080038,22.753092,21.047834,22.832739,20.025053,21.956112,17.298195,17.14083,21.042828,22.151834,21.074965,22.528784,16.69257,16.570648,0.0,0.0,4.0,0.0,0.0,0.0,0.0,0.0
13765,2023.0,4.0,6.0,14.0,19.291325,19.416582,18.400133,18.460575,19.769318,20.181202,19.616217,20.050863,18.154821,18.141083,17.172508,17.023857,20.554201,21.158667,19.391716,19.257755,16.605782,16.497458,0.0,4.0,4.0,0.0,0.0,4.0,0.0,0.0
13766,2023.0,4.0,6.0,14.0,18.537615,18.382828,18.01789,18.07506,18.653315,18.379826,18.464447,18.213768,17.421797,17.109509,17.089571,16.941671,19.701838,19.632498,18.720228,18.365206,16.523897,16.417984,4.0,0.0,0.0,0.0,0.0,0.0,0.0,0.0
13767,2023.0,4.0,6.0,14.0,18.928133,19.38062,20.226177,22.149273,18.211414,17.87398,18.010082,17.69823,17.336252,17.170898,17.015575,16.87147,19.881796,20.15305,18.442415,18.098328,16.449528,16.348646,0.0,0.0,0.0,0.0,0.0,4.0,0.0,0.0
13768,2023.0,4.0,6.0,14.0,18.363022,18.348307,18.497047,18.614525,18.559519,18.799278,18.351881,18.622356,17.222355,17.086424,16.940512,16.802195,19.937618,20.262579,18.350939,18.175114,16.371826,16.274918,0.0,4.0,4.0,0.0,0.0,4.0,0.0,0.0
13769,2023.0,4.0,6.0,14.0,17.98859,17.860073,18.289875,18.587786,18.625679,18.96033,17.780338,17.596851,17.111197,16.978529,16.886892,16.75027,19.898941,20.232697,18.245207,18.094872,17.277851,18.038013,4.0,4.0,0.0,0.0,0.0,4.0,0.0,4.0
13770,2023.0,4.0,6.0,15.0,17.803926,17.69136,20.200031,22.093214,18.558714,18.908186,17.442112,17.179138,17.011297,16.88386,16.837486,16.703733,19.861319,20.204506,18.118483,17.976984,20.31512,23.161512,4.0,4.0,0.0,0.0,0.0,4.0,0.0,4.0
13771,2023.0,4.0,6.0,15.0,17.806414,17.879175,20.029566,21.595268,18.485037,18.849188,17.242296,16.990957,17.680668,18.241407,16.786812,16.656624,19.11819,18.849289,17.98631,17.850922,20.005415,22.171886,4.0,4.0,0.0,4.0,0.0,0.0,0.0,4.0
13772,2023.0,4.0,6.0,15.0,17.741236,17.846024,20.0714,21.597706,18.421093,18.799707,17.23084,17.138987,20.299147,22.659903,16.744701,16.618633,18.74378,18.401058,17.872723,17.744576,20.082527,22.100616,0.0,4.0,0.0,0.0,0.0,0.0,0.0,0.0
13773,2023.0,4.0,6.0,15.0,17.640299,17.752998,18.557673,18.629604,18.36618,18.757736,17.175695,17.1199,18.788681,19.341496,16.71025,16.588358,19.331654,19.650717,17.773752,17.650827,18.143286,18.18108,0.0,4.0,0.0,4.0,0.0,4.0,0.0,0.0
13774,2023.0,4.0,6.0,15.0,18.304268,19.07011,18.223001,18.320587,18.329222,18.731846,17.0961,17.046728,20.263987,22.014698,16.686085,16.567167,19.520555,19.915905,17.700876,17.58158,17.417736,17.169554,4.0,4.0,0.0,4.0,0.0,4.0,0.0,0.0
13775,2023.0,4.0,6.0,15.0,17.898785,18.136354,20.218039,22.02753,18.29099,18.705738,17.71541,18.291424,20.018185,21.493332,17.065018,17.307411,18.854649,18.640707,17.626278,17.512598,17.120253,16.875784,0.0,4.0,4.0,4.0,4.0,0.0,0.0,0.0
13776,2023.0,4.0,6.0,16.0,18.113949,18.717934,18.883518,19.253458,18.25777,18.68352,17.362125,17.473564,20.16623,21.71505,20.381744,22.847918,18.511206,18.205473,18.617777,19.450003,17.018473,16.886965,4.0,4.0,0.0,0.0,0.0,0.0,4.0,0.0
13777,2023.0,4.0,6.0,16.0,17.63052,17.71529,20.219545,22.020454,18.221867,18.647884,17.544413,17.977482,18.54561,18.51175,18.75796,19.369171,18.387815,18.075838,17.92915,17.827475,16.909634,16.797209,4.0,4.0,4.0,0.0,4.0,0.0,0.0,0.0
13778,2023.0,4.0,6.0,16.0,17.987984,18.580334,20.025051,21.49335,18.187542,18.614061,17.677547,18.138079,17.705433,17.438444,20.260773,22.348549,18.299866,17.989918,17.467257,17.245308,17.728008,18.454601,4.0,4.0,4.0,0.0,0.0,0.0,0.0,4.0
13779,2023.0,4.0,6.0,16.0,17.54265,17.621536,20.050406,21.458061,18.15633,18.583223,17.686434,18.143995,17.413559,17.13254,18.628878,18.902994,19.17186,19.730156,17.327026,17.09389,20.303717,22.791718,4.0,4.0,4.0,0.0,0.0,4.0,0.0,0.0
13780,2023.0,4.0,6.0,16.0,17.912556,18.505783,20.064232,21.4425,18.128147,18.554916,17.101158,17.05019,17.350718,17.201427,18.037708,18.27905,18.635633,18.460686,17.238344,17.006754,18.119555,18.2257,0.0,4.0,0.0,0.0,4.0,0.0,0.0,0.0
13781,2023.0,4.0,6.0,16.0,18.108429,18.732508,18.635807,18.66095,18.1021,18.528605,17.412962,17.824018,17.268507,17.144297,20.23701,22.224522,18.258247,17.967592,17.2752,17.157236,17.0764,16.87949,0.0,4.0,4.0,0.0,0.0,0.0,0.0,0.0
13782,2023.0,4.0,6.0,17.0,18.129822,18.749788,17.942722,17.889591,18.077152,18.50226,17.006815,16.956757,17.888704,18.41661,18.472095,18.530466,18.146725,17.847794,17.269316,17.169855,16.904047,16.78916,0.0,4.0,0.0,4.0,0.0,0.0,0.0,0.0
13783,2023.0,4.0,6.0,17.0,18.137257,18.74976,18.196777,18.51515,18.051945,18.471083,17.391428,17.787745,20.27359,22.511042,17.842892,17.68522,18.226986,18.075504,18.302214,19.157528,17.744396,18.46816,4.0,4.0,4.0,4.0,0.0,0.0,4.0,4.0
13784,2023.0,4.0,6.0,17.0,17.499195,17.54768,20.246973,22.151031,18.024532,18.437708,17.573153,18.01564,20.013115,21.719942,17.649078,17.50311,18.239826,18.113781,17.603642,17.490059,20.291359,22.727962,0.0,4.0,4.0,4.0,0.0,0.0,0.0,4.0
13785,2023.0,4.0,6.0,17.0,17.865578,18.441763,19.104542,19.720594,17.997618,18.404718,17.578667,18.013712,20.072575,21.680382,17.474934,17.335041,18.201603,18.079123,17.154598,16.930857,20.012072,21.913923,4.0,4.0,4.0,0.0,0.0,0.0,0.0,4.0
13786,2023.0,4.0,6.0,17.0,18.050728,18.64826,20.23785,21.998901,17.971006,18.371962,17.578686,18.006277,18.424448,18.378738,17.325977,17.185493,18.158627,18.037046,17.027052,16.790293,20.078787,21.894533,0.0,4.0,4.0,0.0,0.0,0.0,0.0,0.0
13787,2023.0,4.0,6.0,17.0,18.063389,18.652128,18.905104,19.24162,17.944643,18.339481,17.575409,17.995726,17.552408,17.270393,17.201586,17.066866,18.116812,17.995995,16.943289,16.703754,18.245794,18.231367,4.0,4.0,4.0,0.0,0.0,0.0,0.0,0.0
13788,2023.0,4.0,6.0,18.0,17.438837,17.47666,20.205065,21.76065,17.921022,18.30933,16.976465,16.88127,17.304306,16.99275,17.108006,16.972786,18.07957,17.95892,17.005281,16.88994,18.395163,18.867981,4.0,4.0,0.0,0.0,0.0,0.0,0.0,4.0
13789,2023.0,4.0,6.0,18.0,21.317297,24.476007,20.045605,21.38807,21.337307,24.26525,21.281837,24.611807,17.270182,17.122313,17.00864,16.875927,21.278543,23.568129,21.528982,24.739046,20.217329,22.058321,0.0,4.0,4.0,0.0,0.0,0.0,0.0,4.0
13790,2023.0,4.0,6.0,18.0,21.031872,23.513477,18.912605,19.148073,21.036257,23.34098,21.03266,23.660046,17.192732,17.065374,17.30569,17.515715,20.99623,22.798302,22.772436,26.42088,20.015682,21.550037,4.0,0.0,0.0,0.0,4.0,4.0,0.0,4.0
13791,2023.0,4.0,6.0,18.0,21.15421,23.467852,20.209158,21.811663,21.156256,23.322159,21.153805,23.571968,17.077557,16.954166,20.3637,22.66607,21.126368,22.83591,20.868975,22.641132,21.150932,23.296959,4.0,4.0,4.0,0.0,0.0,0.0,0.0,0.0
13792,2023.0,4.0,6.0,18.0,21.055876,23.091227,20.043934,21.388283,21.059114,22.963657,21.088312,23.250898,16.974243,16.85392,18.49555,18.778137,21.061623,22.5305,21.095892,22.958744,18.599512,18.507153,0.0,4.0,0.0,0.0,0.0,0.0,0.0,0.0
13793,2023.0,4.0,6.0,18.0,21.080553,23.036478,18.904741,19.119394,21.058197,22.847599,21.082771,23.090801,16.884562,16.76885,17.451134,17.360907,21.031937,22.328218,21.019707,22.679356,17.612408,17.285782,4.0,4.0,0.0,0.0,0.0,4.0,4.0,0.0
13794,2023.0,4.0,6.0,19.0,21.160107,23.098701,20.211403,21.799246,21.16964,22.985636,21.16024,23.117743,16.802534,16.689678,17.194733,17.061377,21.130964,22.460943,21.189642,22.951687,17.278355,16.948456,4.0,4.0,4.0,0.0,0.0,0.0,0.0,0.0
13795,2023.0,4.0,6.0,19.0,21.04709,22.776495,20.043766,21.37119,21.055408,22.68858,21.061045,22.839996,17.540865,18.156042,17.03837,16.89845,21.058165,22.243551,21.069225,22.630867,17.23256,17.087166,0.0,4.0,4.0,4.0,0.0,0.0,0.0,0.0
13796,2023.0,4.0,6.0,19.0,21.078203,22.804886,18.87688,19.050014,21.080027,22.705553,21.060492,22.78203,20.29871,22.763426,16.92179,16.784855,21.058596,22.190063,21.07037,22.571955,17.131008,17.002914,4.0,0.0,4.0,4.0,0.0,0.0,0.0,0.0
13797,2023.0,4.0,6.0,19.0,21.04563,22.671482,20.220798,21.82329,21.074394,22.645685,21.060053,22.735462,20.045004,21.94437,16.813625,16.673428,21.044134,22.146599,21.056416,22.521753,16.99243,16.867592,0.0,0.0,4.0,0.0,0.0,0.0,0.0,0.0
13798,2023.0,4.0,6.0,19.0,21.077106,22.717478,18.877926,19.056879,21.04978,22.535686,21.084204,22.76449,18.090887,17.953062,16.718037,16.579187,21.045467,22.134165,21.018839,22.398397,16.868307,16.745716,4.0,4.0,0.0,0.0,0.0,0.0,4.0,0.0
13799,2023.0,4.0,6.0,19.0,21.044682,22.597498,20.220613,21.84026,21.05443,22.515762,21.07875,22.714563,17.853012,18.127737,16.623003,16.472706,21.045189,22.11974,21.078817,22.507673,16.757847,16.63675,4.0,4.0,0.0,4.0,0.0,0.0,0.0,0.0
13800,2023.0,4.0,6.0,20.0,21.076744,22.654844,20.028864,21.331509,21.078787,22.55955,21.079018,22.680027,20.374231,22.392685,16.53485,16.378477,21.045086,22.106522,21.068567,22.450808,16.658764,16.538504,4.0,0.0,0.0,0.0,0.0,0.0,0.0,0.0
13801,2023.0,4.0,6.0,20.0,21.070019,22.611736,20.07261,21.355993,21.073404,22.521173,21.06088,22.648848,18.213509,18.046753,16.457397,16.296776,21.045057,22.09433,21.069323,22.420261,17.496784,18.195442,0.0,0.0,0.0,0.0,0.0,0.0,0.0,4.0
13802,2023.0,4.0,6.0,20.0,21.070465,22.585325,18.848251,18.933443,21.073647,22.495668,21.062817,22.649147,17.163523,16.745998,16.388926,16.2259,21.044806,22.082598,21.05446,22.392405,20.328896,22.90462,4.0,0.0,0.0,0.0,0.0,0.0,0.0,0.0
13803,2023.0,4.0,6.0,20.0,21.053566,22.562151,20.223238,21.782337,21.055414,22.472029,21.062136,22.640108,17.117992,16.931908,16.321627,16.152897,21.044859,22.072271,21.056242,22.392124,17.88293,17.766357,0.0,0.0,0.0,0.0,0.0,0.0,0.0,0.0
13804,2023.0,4.0,6.0,20.0,21.055536,22.568455,18.833252,18.928885,21.057558,22.47949,21.061987,22.630352,17.831427,18.36102,16.617163,16.754988,21.014954,21.98472,21.055738,22.385305,16.765583,16.387234,4.0,0.0,0.0,4.0,4.0,4.0,0.0,0.0
13805,2023.0,4.0,6.0,20.0,21.055286,22.56557,20.22382,21.811932,21.057266,22.477505,21.062151,22.620186,21.676695,24.788538,20.452408,23.141798,21.02002,21.994781,21.055754,22.378103,17.755997,18.514408,4.0,0.0,0.0,0.0,0.0,4.0,0.0,4.0
13806,2023.0,4.0,6.0,21.0,21.054796,22.558102,20.046667,21.341198,21.057182,22.472712,21.036732,22.53753,18.868425,18.81828,18.209055,18.480715,21.035933,21.993322,21.055637,22.369944,20.283442,22.633135,0.0,0.0,4.0,0.0,0.0,4.0,0.0,4.0
13807,2023.0,4.0,6.0,21.0,21.028223,22.47805,18.455666,18.215158,21.056911,22.465832,21.066172,22.60819,18.013285,18.183435,16.98331,16.823137,21.033915,21.965145,21.055462,22.361528,20.053673,21.927353,0.0,0.0,0.0,4.0,0.0,4.0,0.0,0.0
13808,2023.0,4.0,6.0,21.0,21.03364,22.487345,18.248768,18.411884,21.05677,22.45821,21.05482,22.5152,20.365864,22.22929,17.087145,17.201077,21.06401,22.023848,21.055384,22.35317,17.97687,17.734797,4.0,0.0,4.0,0.0,4.0,0.0,0.0,0.0
13809,2023.0,4.0,6.0,21.0,21.07718,22.555475,20.246115,21.972055,21.056618,22.45013,21.082813,22.557768,18.216942,17.939249,20.428782,22.824348,21.058596,21.987614,21.055252,22.344868,17.93084,18.333124,0.0,0.0,0.0,0.0,4.0,0.0,0.0,4.0
13810,2023.0,4.0,6.0,21.0,21.069319,22.50542,18.750223,18.901068,21.05644,22.441616,21.076857,22.513481,17.172726,16.677084,20.039457,21.88208,21.058777,21.966095,21.015673,22.231096,22.212107,25.491858,0.0,0.0,0.0,0.0,0.0,0.0,4.0,0.0
13811,2023.0,4.0,6.0,21.0,21.070074,22.47892,18.270107,18.485466,21.03133,22.363655,21.076372,22.482538,17.93915,18.414654,18.287745,18.27142,21.058674,21.94785,21.078896,22.354858,18.949793,18.853413,4.0,4.0,0.0,4.0,4.0,0.0,0.0,0.0
13812,2023.0,4.0,6.0,22.0,21.18836,22.729357,20.219942,22.016312,21.186335,22.691006,21.183365,22.711418,21.573906,24.501194,20.396095,22.278868,21.230404,22.292412,21.189575,22.547651,17.354753,16.880993,4.0,0.0,0.0,0.0,0.0,4.0,0.0,0.0
13813,2023.0,4.0,6.0,22.0,21.052927,22.458939,20.035164,21.43578,21.075157,22.417204,21.058655,22.464846,18.827623,18.686323,18.214212,17.93861,21.035248,21.881588,21.029129,22.172102,17.238922,17.032915,4.0,0.0,0.0,0.0,0.0,4.0,4.0,0.0
13814,2023.0,4.0,6.0,22.0,21.052996,22.46028,20.057743,21.350283,21.072355,22.376799,21.05857,22.468365,17.306244,16.772434,17.358522,17.121582,21.064034,21.948677,21.036934,22.178308,17.125051,16.939085,4.0,0.0,0.0,0.0,0.0,0.0,4.0,0.0
13815,2023.0,4.0,6.0,22.0,21.052208,22.459177,20.071432,21.305801,21.051607,22.34838,21.058142,22.469254,17.270794,17.054262,17.536112,17.619606,21.026102,21.838728,21.076632,22.278923,16.95549,16.765549,0.0,0.0,0.0,0.0,4.0,4.0,0.0,0.0
13816,2023.0,4.0,6.0,22.0,21.02666,22.387163,18.417711,18.073435,21.055809,22.361073,21.059164,22.470125,17.177412,16.97293,20.35174,22.395626,21.03458,21.84895,21.067892,22.24481,17.562157,18.041492,0.0,0.0,0.0,0.0,0.0,4.0,0.0,4.0
13817,2023.0,4.0,6.0,22.0,21.058971,22.475687,17.779081,17.49245,21.055405,22.361137,21.058884,22.46565,17.6067,17.910885,18.739037,19.090887,21.033953,21.8423,21.069262,22.23104,20.319796,22.701616,0.0,0.0,0.0,4.0,4.0,4.0,0.0,4.0
13818,2023.0,4.0,6.0,23.0,21.072744,22.460054,18.074554,18.203638,21.055456,22.359678,21.058853,22.45939,20.388699,22.562748,20.344309,22.188572,21.034266,21.837534,21.069124,22.21622,20.28283,22.36825,4.0,0.0,0.0,4.0,0.0,4.0,0.0,0.0
13819,2023.0,4.0,6.0,23.0,19.377668,19.177011,17.734833,17.582155,19.701685,19.759901,19.622066,19.695448,17.99918,17.738028,18.830732,19.147987,19.568617,19.047392,19.699938,19.603691,17.948593,17.652662,0.0,0.0,0.0,0.0,4.0,0.0,0.0,0.0
13820,2023.0,4.0,6.0,23.0,18.998367,18.880505,17.454231,17.195175,18.985773,18.719341,18.878696,18.62448,17.118053,16.526194,18.195044,18.222725,18.985472,18.292995,19.129202,18.876799,17.170408,16.626987,0.0,0.0,0.0,0.0,4.0,0.0,0.0,0.0
13821,2023.0,4.0,6.0,23.0,18.808481,18.725018,17.31964,17.062435,19.3814,19.703993,18.588135,18.332043,16.862125,16.285694,17.391521,16.839785,18.752945,18.079268,18.867584,18.629452,17.189,16.949299,0.0,4.0,0.0,0.0,0.0,0.0,0.0,0.0
13822,2023.0,4.0,6.0,23.0,18.615171,18.536987,17.202667,16.946407,18.786358,18.634674,18.361027,18.107332,17.567673,17.841038,16.909937,16.246126,19.31473,19.329304,18.648043,18.418053,17.08924,16.893003,0.0,0.0,0.0,4.0,0.0,4.0,0.0,0.0
13823,2023.0,4.0,6.0,23.0,18.446894,18.37111,17.096352,16.841267,18.022135,17.364668,18.167793,17.91617,17.15885,16.964172,16.983217,16.655874,18.654947,18.034044,18.457687,18.233965,16.943989,16.746277,0.0,0.0,0.0,0.0,0.0,0.0,0.0,0.0
13824,2023.0,4.0,7.0,0.0,18.298414,18.224854,16.998837,16.745382,17.684603,16.968527,17.998735,17.749737,16.634628,16.129198,17.268143,17.29267,18.349827,17.6994,18.283249,18.054718,17.540728,17.985971,0.0,0.0,0.0,0.0,4.0,0.0,0.0,4.0
13825,2023.0,4.0,7.0,0.0,18.168827,18.100815,16.911825,16.663061,17.858261,17.527264,17.85196,17.609304,16.391802,15.850696,17.273193,17.303766,18.199959,17.563232,18.132187,17.90665,16.95705,16.790106,0.0,0.0,0.0,0.0,4.0,0.0,0.0,0.0
13826,2023.0,4.0,7.0,0.0,18.05146,17.988895,16.832117,16.58795,17.841257,17.585,17.72053,17.483788,17.139116,17.433561,16.926165,16.721975,18.401808,18.111483,17.996447,17.773794,16.459318,16.008831,0.0,0.0,0.0,4.0,0.0,0.0,0.0,0.0
13827,2023.0,4.0,7.0,0.0,17.942791,17.883738,16.757164,16.516243,17.738949,17.490913,17.599562,17.36667,16.755445,16.564157,17.00979,17.020466,18.40142,18.141953,17.871727,17.650043,16.232029,15.75165,0.0,0.0,0.0,0.0,4.0,0.0,0.0,0.0
13828,2023.0,4.0,7.0,0.0,17.84252,17.78572,16.686396,16.447964,17.637222,17.39297,17.487526,17.257557,16.27209,15.772676,16.72415,16.502264,18.331123,18.072552,17.757328,17.53586,16.369535,16.176085,0.0,0.0,0.0,0.0,0.0,0.0,0.0,0.0
13829,2023.0,4.0,7.0,0.0,17.74805,17.69141,16.617384,16.378849,17.537786,17.293972,17.380993,17.150894,16.070427,15.5437,16.543808,16.29489,18.262505,18.00355,17.651577,17.429396,16.327694,16.13349,0.0,0.0,0.0,0.0,0.0,0.0,0.0,0.0
13830,2023.0,4.0,7.0,1.0,17.67076,17.625166,16.562014,16.333647,17.457212,17.226486,17.29567,17.079176,16.84933,17.159811,16.44519,16.207457,18.203146,17.950129,17.56236,17.347826,16.975954,17.416473,0.0,0.0,0.0,4.0,0.0,0.0,0.0,4.0
13831,2023.0,4.0,7.0,1.0,17.590258,17.546618,16.501797,16.27562,17.372398,17.14456,17.206594,16.992857,16.481337,16.301113,16.348621,16.11088,18.142128,17.889343,17.473202,17.258923,16.451355,16.291508,0.0,0.0,0.0,0.0,0.0,0.0,0.0,0.0
13832,2023.0,4.0,7.0,1.0,17.513836,17.470844,16.443056,16.217974,17.291275,17.065008,17.122053,16.909664,16.02203,15.535158,16.565838,16.59401,18.083776,17.83063,17.389326,17.174604,15.996927,15.549209,0.0,0.0,0.0,0.0,4.0,0.0,0.0,0.0
13833,2023.0,4.0,7.0,1.0,17.443459,17.402786,16.388071,16.16529,17.21632,16.993238,17.044228,16.83494,15.847704,15.342489,16.291903,16.05186,18.0297,17.777298,17.312294,17.09863,15.826884,15.368738,0.0,0.0,0.0,0.0,0.0,0.0,0.0,0.0
13834,2023.0,4.0,7.0,1.0,17.374807,17.334764,16.334097,16.112165,17.143713,16.922104,16.968882,16.76101,16.043966,15.848224,16.478987,16.519173,17.977636,17.725151,17.238892,17.025223,15.996451,15.823561,0.0,0.0,0.0,0.0,4.0,0.0,0.0,0.0
13835,2023.0,4.0,7.0,1.0,17.31199,17.275417,16.28448,16.065771,17.077553,16.860245,16.900194,16.696762,16.030794,15.825657,16.198828,15.96133,17.929712,17.678745,17.171598,16.95992,15.967466,15.780534,0.0,0.0,0.0,0.0,0.0,0.0,0.0,0.0
13836,2023.0,4.0,7.0,2.0,17.24788,17.210392,16.232183,16.012062,17.00939,16.791101,16.82959,16.62509,15.985065,15.778778,16.069294,15.830306,17.88161,17.629725,17.105003,16.892382,15.916019,15.727766,0.0,0.0,0.0,0.0,0.0,0.0,0.0,0.0
13837,2023.0,4.0,7.0,2.0,17.188818,17.152681,16.184057,15.965332,16.947197,16.731068,16.765291,16.563007,15.941179,15.735289,15.997224,15.759286,17.8368,17.585365,17.043201,16.83132,15.867649,15.679788,0.0,0.0,0.0,0.0,0.0,0.0,0.0,0.0
13838,2023.0,4.0,7.0,2.0,17.132006,17.09708,16.137014,15.91964,16.887388,16.67324,16.703505,16.503275,15.8974285,15.691974,15.930094,15.69312,17.793644,17.542643,16.984127,16.772947,15.820163,15.632714,0.0,0.0,0.0,0.0,0.0,0.0,0.0,0.0
13839,2023.0,4.0,7.0,2.0,17.080925,17.050762,16.095144,15.883162,16.834202,16.626354,16.64863,16.45491,16.43416,16.737778,16.164696,16.18612,17.754154,17.505793,16.930086,16.722221,16.50653,16.965973,0.0,0.0,0.0,4.0,4.0,0.0,0.0,4.0
13840,2023.0,4.0,7.0,2.0,17.027998,16.998585,16.050331,15.839434,16.778467,16.572191,16.591389,16.399202,16.03282,15.857248,15.9395485,15.721073,17.713707,17.465696,16.875515,16.668211,15.99409,15.846255,0.0,0.0,0.0,0.0,0.0,0.0,0.0,0.0
13841,2023.0,4.0,7.0,2.0,16.975685,16.945522,16.00565,15.794516,16.723211,16.5171,16.535065,16.342838,15.877362,15.6733675,16.119606,16.153408,17.673565,17.425127,16.82183,16.614115,15.565526,15.128002,0.0,0.0,0.0,0.0,4.0,0.0,0.0,0.0
13842,2023.0,4.0,7.0,3.0,16.927149,16.898563,15.963996,15.754639,16.671942,16.468302,16.482918,16.293049,15.823189,15.621104,15.88111,15.663902,17.63588,17.388504,16.771685,16.56541,16.167774,16.384907,0.0,0.0,0.0,0.0,0.0,0.0,0.0,4.0
13843,2023.0,4.0,7.0,3.0,16.8766,16.846401,15.919902,15.708888,16.61881,16.414236,16.428968,16.238089,15.770303,15.566893,15.753565,15.520646,18.359318,18.789509,16.720507,16.513184,15.581259,15.148991,0.0,0.0,0.0,0.0,0.0,4.0,0.0,0.0
13844,2023.0,4.0,7.0,3.0,17.605312,18.258566,15.874904,15.6613655,16.56573,16.35928,16.375063,16.182281,15.720632,15.515206,15.69021,15.455695,17.830814,17.64662,16.669416,16.460571,15.354969,14.895444,0.0,0.0,0.0,0.0,0.0,0.0,0.0,0.0
13845,2023.0,4.0,7.0,3.0,17.119791,17.202858,15.829989,15.613894,16.5136,16.305113,16.321766,16.127117,16.242922,16.534658,15.629291,15.392759,17.335669,16.774965,16.618834,16.40843,15.256484,14.797173,0.0,0.0,0.0,4.0,0.0,0.0,0.0,0.0
13846,2023.0,4.0,7.0,3.0,16.539593,16.168596,15.785294,15.566598,16.462225,16.25166,16.26901,16.072535,15.8513775,15.676802,15.859691,15.870389,17.951057,18.06286,16.568638,16.356644,15.4292755,15.230548,0.0,0.0,0.0,0.0,4.0,4.0,0.0,0.0
13847,2023.0,4.0,7.0,3.0,16.328037,15.900402,15.740962,15.519556,16.411472,16.198805,16.216885,16.018536,15.958479,15.948229,15.644428,15.420795,17.319323,16.747717,16.518702,16.30509,15.440437,15.248006,0.0,0.0,0.0,4.0,0.0,0.0,0.0,0.0
13848,2023.0,4.0,7.0,4.0,16.575018,16.50083,15.69644,15.471377,16.360687,16.14498,16.164867,15.96362,15.464126,14.98422,15.515779,15.271082,17.074997,16.453833,16.468351,16.252417,15.402259,15.206969,0.0,0.0,0.0,0.0,0.0,0.0,0.0,0.0
13849,2023.0,4.0,7.0,4.0,16.608906,16.577452,15.651771,15.422765,16.31,16.090921,16.113169,15.908519,15.225508,14.688176,15.453186,15.205174,16.975069,16.353903,16.418608,16.200714,15.363126,15.166028,0.0,0.0,0.0,0.0,0.0,0.0,0.0,0.0
13850,2023.0,4.0,7.0,4.0,16.576143,16.547203,15.615709,15.390956,16.26808,16.053623,16.070635,15.870638,16.023672,16.324854,15.40137,15.15804,17.226048,16.945168,16.374378,16.159267,15.326793,15.131932,0.0,0.0,0.0,4.0,0.0,0.0,0.0,0.0
13851,2023.0,4.0,7.0,4.0,16.536886,16.507696,15.575475,15.350353,16.222214,16.007633,16.024237,15.82403,15.678283,15.49877,15.34772,15.103762,17.263746,17.002333,16.327799,16.112309,15.287726,15.092419,0.0,0.0,0.0,0.0,0.0,0.0,0.0,0.0
13852,2023.0,4.0,7.0,4.0,16.494682,16.46348,15.534165,15.307103,16.175543,15.9592,15.977003,15.77498,15.801039,15.802668,15.294627,15.048589,17.231575,16.970028,16.280865,16.063969,15.247811,15.051125,0.0,0.0,0.0,4.0,0.0,0.0,0.0,0.0
13853,2023.0,4.0,7.0,4.0,17.245043,17.909626,15.4973955,15.272492,16.133886,15.920015,16.680553,17.134546,15.306567,14.838075,15.247854,15.004221,17.20051,16.940207,16.237782,16.022669,15.211038,15.015788,0.0,0.0,4.0,0.0,0.0,0.0,0.0,0.0
13854,2023.0,4.0,7.0,5.0,16.749718,16.824928,15.458782,15.233822,16.090555,15.876801,16.2357,16.162653,15.070057,14.544847,15.200347,14.956731,17.166418,16.906145,16.193623,15.978579,15.173435,14.97811,0.0,0.0,0.0,0.0,0.0,0.0,0.0,0.0
13855,2023.0,4.0,7.0,5.0,16.143911,15.738278,15.419291,15.193182,16.046646,15.831858,15.618537,15.049538,15.001023,14.513608,15.153267,14.908598,17.131128,16.869968,16.149162,15.93333,15.135985,14.939826,0.0,0.0,0.0,0.0,0.0,0.0,0.0,0.0
13856,2023.0,4.0,7.0,5.0,15.898305,15.4510355,15.375182,15.147104,15.998213,15.781547,15.357757,14.736483,15.201277,14.998152,15.419004,15.451807,17.091719,16.829412,16.10053,15.883545,15.094506,14.897183,0.0,0.0,0.0,0.0,4.0,0.0,0.0,0.0
13857,2023.0,4.0,7.0,5.0,16.177874,16.106262,15.338233,15.1102495,15.957405,15.741062,15.631176,15.381512,15.197384,14.980451,15.163691,14.90977,17.056942,16.794722,16.058529,15.84183,15.058177,14.860941,0.0,0.0,0.0,0.0,0.0,0.0,0.0,0.0
13858,2023.0,4.0,7.0,5.0,16.212774,16.17529,15.297625,15.066205,15.912934,15.693634,15.673719,15.467314,15.160848,14.941823,15.06449,14.815173,17.019518,16.755596,16.014334,15.796113,15.019357,14.82051,0.0,0.0,0.0,0.0,0.0,0.0,0.0,0.0
13859,2023.0,4.0,7.0,5.0,16.183916,16.145754,15.259893,15.027694,15.871293,15.651475,15.643888,15.437359,15.124634,14.9051285,15.014739,14.76524,16.983139,16.71879,15.97157,15.753108,15.001927,14.8215,0.0,0.0,0.0,0.0,0.0,0.0,0.0,0.0
13860,2023.0,4.0,7.0,6.0,16.149418,16.112707,15.222323,14.993293,15.829698,15.61304,15.6088505,15.405128,15.6642275,15.954764,15.003522,14.79053,16.945475,16.682894,15.927238,15.710855,15.686104,16.137455,0.0,0.0,0.0,4.0,0.0,0.0,0.0,4.0
13861,2023.0,4.0,7.0,6.0,20.995935,24.614037,15.181715,14.952193,20.874992,24.44025,20.738878,24.353905,20.28751,23.811705,15.005318,14.823522,20.777744,23.190302,21.240723,24.695147,20.211605,23.802006,0.0,0.0,0.0,4.0,0.0,0.0,0.0,0.0
13862,2023.0,4.0,7.0,6.0,21.01547,24.071869,15.141062,14.9096365,21.01443,24.097797,21.019176,24.256687,20.046864,22.792776,15.0054865,14.846988,21.564154,24.345964,22.087688,25.75805,17.529861,17.894945,0.0,0.0,0.0,0.0,0.0,0.0,0.0,4.0
13863,2023.0,4.0,7.0,6.0,21.091959,23.849043,15.101429,14.86804,21.096863,23.859005,21.100813,23.998388,17.704496,17.868742,15.006023,14.866144,20.978085,22.938696,22.54285,26.020199,20.361925,23.496529,0.0,0.0,0.0,4.0,0.0,4.0,0.0,0.0
13864,2023.0,4.0,7.0,6.0,21.080414,23.576464,15.062295,14.826996,21.083864,23.563896,21.087757,23.692392,20.4291,23.065268,15.006351,14.881578,21.052332,22.898909,20.888346,22.774162,17.276093,17.047905,0.0,0.0,0.0,0.0,0.0,4.0,4.0,0.0
13865,2023.0,4.0,7.0,6.0,21.079165,23.398458,15.501961,15.678404,21.08302,23.373863,21.087057,23.495996,18.053192,18.183247,15.006803,14.894737,21.092459,22.815989,21.132584,23.153637,15.820905,15.262927,4.0,0.0,0.0,4.0,0.0,0.0,0.0,0.0
13866,2023.0,4.0,7.0,7.0,21.598455,24.152138,20.129765,23.563192,21.595343,24.097889,21.779415,24.316414,20.415827,22.81902,15.158126,15.182476,21.470665,23.294743,21.996618,24.319576,15.8021145,15.565505,0.0,0.0,0.0,0.0,4.0,4.0,0.0,0.0
13867,2023.0,4.0,7.0,7.0,21.376295,23.324015,17.626348,18.065397,21.372698,23.27197,21.62842,23.873247,18.233032,18.360628,20.266487,23.622124,21.31498,22.731615,21.555052,23.167482,16.705507,17.342445,0.0,0.0,0.0,4.0,0.0,0.0,0.0,4.0
13868,2023.0,4.0,7.0,7.0,21.064781,22.958054,16.446358,16.67008,21.042126,22.838282,20.912046,22.635,20.397453,22.634918,17.588427,18.017345,20.981392,22.13258,20.896633,22.175232,20.375898,23.499699,4.0,4.0,0.0,0.0,0.0,0.0,0.0,4.0
13869,2023.0,4.0,7.0,7.0,21.827715,24.247154,20.270378,23.354301,21.759832,23.978292,21.733604,24.00138,17.819204,17.487345,15.904075,15.68732,21.938238,23.718817,21.892744,23.98846,20.057314,22.49947,0.0,4.0,4.0,0.0,0.0,0.0,0.0,0.0
13870,2023.0,4.0,7.0,7.0,20.932806,22.513397,17.929562,18.344055,20.923023,22.371777,20.929646,22.521654,16.525898,15.91039,15.614109,15.374602,20.946997,21.929352,21.051434,22.51093,17.413496,17.131788,0.0,4.0,0.0,0.0,0.0,0.0,0.0,0.0
13871,2023.0,4.0,7.0,7.0,21.100283,22.891945,16.86828,17.106913,21.10057,22.722322,21.101738,22.830032,16.512278,16.252504,15.480635,15.243094,21.074266,22.224913,21.06919,22.573786,16.167608,15.623788,4.0,4.0,4.0,0.0,0.0,0.0,0.0,0.0
13872,2023.0,4.0,7.0,8.0,21.844603,23.91758,20.097807,22.735458,21.844246,23.788832,21.760998,23.755236,16.433886,16.204973,15.38373,15.15584,21.60308,23.070267,21.559923,23.353935,15.848088,15.321721,0.0,4.0,4.0,0.0,0.0,4.0,0.0,0.0
13873,2023.0,4.0,7.0,8.0,19.682693,19.949366,17.953903,18.16213,19.635645,19.735924,19.986279,20.16799,16.294285,16.083426,15.31188,15.094475,20.34944,20.440428,20.006287,20.09465,15.921401,15.688393,4.0,4.0,4.0,0.0,0.0,4.0,0.0,0.0
13874,2023.0,4.0,7.0,8.0,19.064447,19.18633,20.214731,22.497478,18.921734,18.807234,19.014336,18.90063,16.960958,17.43279,15.27374,15.063286,19.13396,18.48728,19.043566,18.792582,15.916043,15.735169,0.0,4.0,4.0,4.0,0.0,0.0,0.0,0.0
13875,2023.0,4.0,7.0,8.0,18.140354,17.743958,18.189695,18.332325,18.61016,18.536936,18.646585,18.587582,20.414515,23.204798,15.599642,15.711065,19.345915,19.322622,18.60552,18.358625,16.788296,17.466654,4.0,4.0,4.0,0.0,4.0,4.0,0.0,4.0
13876,2023.0,4.0,7.0,8.0,18.295786,18.453398,20.334146,22.759571,18.379696,18.343002,18.371372,18.352814,17.648645,17.498201,20.395435,23.641891,18.703447,18.125101,18.28202,18.043404,20.863554,24.25412,4.0,4.0,4.0,0.0,0.0,0.0,0.0,0.0
13877,2023.0,4.0,7.0,8.0,17.665543,17.322983,20.05641,21.990538,17.573591,17.027376,17.535894,17.006683,17.05061,17.190779,18.080332,18.73481,18.252005,17.620348,19.061039,19.749102,17.848322,17.836666,0.0,0.0,0.0,4.0,4.0,0.0,4.0,0.0
13878,2023.0,4.0,7.0,9.0,17.21231,16.808311,18.221052,18.309618,17.754417,17.7145,17.698204,17.678045,21.326004,24.394993,20.32421,23.115637,18.04886,17.434916,18.078749,17.690811,16.302149,15.891791,4.0,4.0,4.0,0.0,0.0,0.0,0.0,0.0
13879,2023.0,4.0,7.0,9.0,17.725346,17.970953,20.221657,22.406794,17.853432,17.916056,17.142744,16.669579,18.32605,18.286537,18.367523,18.92159,18.196604,17.90154,17.441126,16.947266,16.189524,15.985881,0.0,4.0,0.0,0.0,4.0,0.0,0.0,0.0
13880,2023.0,4.0,7.0,9.0,17.905733,18.243673,18.341938,18.504995,17.78507,17.879093,16.717997,16.177685,17.49976,17.643059,20.285646,22.70054,19.016153,19.486588,17.206566,16.718876,16.124842,15.955536,4.0,4.0,0.0,4.0,0.0,4.0,0.0,0.0
13881,2023.0,4.0,7.0,9.0,17.194221,16.957397,20.250063,22.449356,17.080177,16.647116,16.52539,16.004576,20.37671,22.638142,17.945503,17.838615,18.973284,19.17156,17.285435,17.051186,16.970047,17.65182,4.0,0.0,0.0,4.0,0.0,4.0,0.0,4.0
13882,2023.0,4.0,7.0,9.0,17.543701,17.870556,20.052807,21.870777,16.677847,16.169584,16.646626,16.419073,20.049513,21.884083,16.880316,16.639559,18.227468,17.825468,17.280378,17.08743,20.359047,23.361952,0.0,0.0,0.0,0.0,0.0,0.0,0.0,0.0
13883,2023.0,4.0,7.0,9.0,17.051678,16.862795,18.102697,18.018774,17.191465,17.288967,16.665348,16.506918,18.615479,18.923601,16.700943,16.47657,17.84632,17.340965,18.275278,19.041706,17.642366,17.639833,0.0,4.0,0.0,4.0,0.0,0.0,4.0,0.0
13884,2023.0,4.0,7.0,10.0,17.490791,17.84912,17.467325,17.269764,17.362833,17.574339,16.599758,16.45677,20.318733,22.071579,16.96344,17.072346,18.504656,18.682909,18.315426,18.869297,16.680721,16.270971,0.0,4.0,0.0,0.0,4.0,4.0,4.0,0.0
13885,2023.0,4.0,7.0,10.0,17.692688,18.131794,17.67158,17.912012,17.378002,17.61092,16.52196,16.392096,18.298805,18.129162,20.374142,22.8982,18.793451,19.045341,17.3713,17.088892,16.559404,16.352133,4.0,4.0,0.0,0.0,4.0,4.0,0.0,0.0
13886,2023.0,4.0,7.0,10.0,17.010664,16.870699,20.23206,22.557117,17.383476,17.638021,17.16787,17.676697,17.253101,16.809032,20.043743,22.057781,18.858713,19.128036,16.932346,16.547756,16.454308,16.278494,0.0,4.0,4.0,0.0,0.0,4.0,0.0,0.0
13887,2023.0,4.0,7.0,10.0,17.389479,17.813797,18.444933,18.828571,16.737532,16.452852,16.836311,16.892202,17.146849,16.90978,18.04727,17.977749,18.910526,19.194675,16.799671,16.414953,16.328321,16.160645,0.0,0.0,0.0,0.0,0.0,4.0,0.0,0.0
13888,2023.0,4.0,7.0,10.0,16.891129,16.82478,17.977102,18.281475,17.152283,17.391895,17.019371,17.313942,17.086449,16.886423,17.399448,17.145193,18.952312,19.245483,16.734274,16.358683,16.240244,16.074396,4.0,4.0,4.0,0.0,0.0,4.0,0.0,0.0
13889,2023.0,4.0,7.0,10.0,16.626406,16.457565,20.215197,22.361868,16.643776,16.405807,16.4716,16.275652,16.987038,16.796335,17.25506,17.025145,18.9937,19.295666,16.857407,16.666222,16.168587,16.008982,0.0,0.0,0.0,0.0,0.0,4.0,0.0,0.0
13890,2023.0,4.0,7.0,11.0,16.503155,16.349407,18.254427,18.339655,16.991692,17.257051,16.806349,17.099928,16.881214,16.697397,17.09319,16.87485,19.039593,19.35107,16.899702,16.73801,16.097433,15.942522,0.0,4.0,4.0,0.0,0.0,4.0,0.0,0.0
13891,2023.0,4.0,7.0,11.0,17.40846,18.151138,17.538973,17.41242,17.17151,17.53304,16.363388,16.217253,16.805216,16.62052,16.985971,16.765862,19.076477,19.392338,16.88253,16.723967,17.012676,17.716269,0.0,4.0,0.0,0.0,0.0,4.0,0.0,4.0
13892,2023.0,4.0,7.0,11.0,16.81506,16.863197,17.327139,17.230896,17.20055,17.571033,16.772905,17.093618,17.4799,17.9519,17.271141,17.383326,19.111662,19.430786,16.85915,16.700672,20.305155,23.318567,0.0,4.0,4.0,4.0,4.0,4.0,0.0,0.0
13893,2023.0,4.0,7.0,11.0,16.405546,16.314695,17.547552,17.846647,16.604223,16.452322,16.988335,17.383125,20.378378,22.950098,20.323048,22.623829,18.37033,18.003792,16.834236,16.675844,17.748896,17.862774,4.0,0.0,4.0,4.0,0.0,0.0,0.0,0.0
13894,2023.0,4.0,7.0,11.0,17.049482,17.605019,20.245129,22.687853,16.25381,15.993516,17.018534,17.4233,20.045137,21.972265,18.48795,18.817438,18.051477,17.619135,16.809643,16.651396,16.490004,16.188128,0.0,0.0,4.0,0.0,0.0,0.0,0.0,0.0
13895,2023.0,4.0,7.0,11.0,17.315205,17.919144,18.446926,18.889475,16.131702,15.870537,16.436583,16.33476,18.194834,18.188648,17.356892,17.195423,17.97306,17.548847,16.785456,16.627813,16.360407,16.178095,0.0,0.0,0.0,0.0,0.0,0.0,0.0,0.0
13896,2023.0,4.0,7.0,12.0,17.36735,17.980343,18.00117,18.373363,16.06276,15.811261,16.12652,15.882725,17.398252,16.99421,17.124132,16.906689,17.921906,17.505217,16.762604,16.604904,16.311968,16.147337,4.0,0.0,0.0,0.0,0.0,0.0,0.0,0.0
13897,2023.0,4.0,7.0,12.0,21.293896,24.765366,20.22637,22.40172,21.218266,24.931057,21.179895,24.813532,17.175247,16.780115,17.027803,16.814976,21.899431,24.452194,22.426228,26.236998,16.241955,16.081606,4.0,4.0,4.0,0.0,0.0,4.0,0.0,0.0
13898,2023.0,4.0,7.0,12.0,21.035341,23.845953,20.047216,21.857452,20.99221,23.936905,21.029827,23.994883,17.963406,18.467224,17.334894,17.489212,21.97866,24.321913,22.514688,25.944973,16.165127,16.006674,0.0,4.0,0.0,4.0,4.0,0.0,0.0,0.0
13899,2023.0,4.0,7.0,12.0,21.13926,23.744148,18.578304,18.89395,21.142206,23.85335,21.141668,23.865974,20.370497,22.569435,20.31053,22.582771,21.021444,22.35394,22.027473,24.566214,16.101246,15.946218,4.0,4.0,0.0,4.0,0.0,0.0,0.0,0.0
13900,2023.0,4.0,7.0,12.0,21.150694,23.587467,20.234758,22.286575,21.070248,23.456415,21.09138,23.528296,20.045061,21.706367,18.504566,18.827997,21.138298,22.481318,20.89175,22.41018,16.048344,15.896879,0.0,4.0,0.0,0.0,0.0,0.0,0.0,0.0
13901,2023.0,4.0,7.0,12.0,21.05775,23.237898,18.686586,19.061216,21.069239,23.279875,21.074995,23.361525,18.361553,18.310547,17.417133,17.282969,21.01114,22.151682,21.049826,22.664953,16.004368,15.856847,4.0,4.0,0.0,0.0,0.0,4.0,4.0,0.0
13902,2023.0,4.0,7.0,13.0,21.086723,23.214346,20.229439,22.253662,21.06663,23.148819,21.051704,23.197426,17.429535,17.07241,17.141224,16.947224,21.059917,22.20624,21.075293,22.692287,15.966774,15.823107,4.0,4.0,4.0,0.0,0.0,0.0,0.0,0.0
13903,2023.0,4.0,7.0,13.0,21.053751,23.050629,20.02924,21.694035,21.064487,23.051245,21.054823,23.134848,17.317415,17.116117,17.417904,17.582512,21.021751,22.058489,21.067728,22.625784,16.973179,17.76256,4.0,4.0,4.0,0.0,4.0,4.0,0.0,4.0
13904,2023.0,4.0,7.0,13.0,21.084248,23.073849,20.076937,21.705181,21.062782,22.976576,21.06781,23.078478,17.24552,17.064737,20.331568,22.523495,21.056149,22.110548,21.066994,22.578823,20.340487,23.372572,0.0,4.0,4.0,0.0,4.0,0.0,0.0,0.0
13905,2023.0,4.0,7.0,13.0,21.076672,23.010378,18.74236,19.0522,21.061163,22.917467,21.063892,23.007357,17.14075,16.966166,20.03447,21.777859,21.019747,21.983397,21.054558,22.538181,17.759762,17.878756,4.0,4.0,4.0,0.0,0.0,4.0,0.0,0.0
13906,2023.0,4.0,7.0,13.0,21.07639,22.968622,20.223976,22.102734,21.059776,22.869783,21.086912,23.02136,17.049677,16.879454,18.3636,18.362486,21.024433,21.971107,21.055157,22.52156,17.496187,18.092258,4.0,4.0,0.0,0.0,0.0,4.0,0.0,4.0
13907,2023.0,4.0,7.0,13.0,21.036041,22.862322,20.02892,21.591116,21.058449,22.830278,21.056429,22.894943,16.971731,16.806149,17.75095,17.719942,21.023127,21.951134,21.054308,22.502577,20.288946,22.949438,4.0,4.0,4.0,0.0,4.0,4.0,0.0,0.0
13908,2023.0,4.0,7.0,14.0,21.055208,22.870546,20.056372,21.571526,21.057356,22.79708,21.084864,22.936222,16.904993,16.74409,20.34127,22.239553,21.022522,21.934694,21.014948,22.380934,18.617584,19.288773,4.0,4.0,0.0,0.0,0.0,4.0,4.0,4.0
13909,2023.0,4.0,7.0,14.0,19.76926,20.381863,20.051517,21.511086,19.228577,19.29287,19.165808,19.219732,16.847996,16.69249,18.519617,18.563816,19.83,19.657755,19.409138,19.312723,20.282377,22.65962,4.0,0.0,0.0,0.0,0.0,0.0,0.0,0.0
13910,2023.0,4.0,7.0,14.0,19.17084,19.717669,20.069,21.523682,18.777567,19.079208,18.696218,19.012781,16.795427,16.64379,17.63938,17.473177,19.182705,18.80177,18.543188,18.22549,18.128408,18.213762,0.0,4.0,4.0,0.0,0.0,0.0,0.0,0.0
13911,2023.0,4.0,7.0,14.0,18.977142,19.536306,18.901903,19.23887,18.709162,19.067297,18.014437,17.858696,16.74641,16.598644,17.819944,17.968666,19.68169,19.94097,18.2124,17.880228,17.063272,16.839409,4.0,4.0,0.0,0.0,4.0,4.0,0.0,0.0
13912,2023.0,4.0,7.0,14.0,18.860416,19.424839,20.210047,21.811844,17.982779,17.816664,18.273857,18.586725,16.705563,16.5603,20.233677,22.261778,19.842731,20.183268,18.03197,17.703993,16.808685,16.54958,0.0,0.0,4.0,0.0,0.0,4.0,0.0,0.0
13913,2023.0,4.0,7.0,14.0,18.741323,19.318895,18.654043,18.74464,17.525454,17.27349,17.72926,17.592392,16.662746,16.521708,18.696815,18.995317,19.843517,20.19152,17.992607,17.811434,16.734894,16.587831,0.0,0.0,0.0,0.0,0.0,4.0,0.0,0.0
13914,2023.0,4.0,7.0,15.0,18.013918,18.032833,18.511814,18.835007,18.02645,18.371971,18.054949,18.414185,16.625425,16.486795,17.918127,17.768097,19.838768,20.192713,17.918346,17.760166,16.659075,16.527674,4.0,4.0,4.0,0.0,0.0,4.0,0.0,0.0
13915,2023.0,4.0,7.0,15.0,17.670666,17.599611,20.198082,21.966894,18.118582,18.536861,18.113144,18.541262,16.589767,16.455082,17.695457,17.51902,19.082178,18.78086,17.818975,17.66957,16.567997,16.442823,0.0,4.0,4.0,0.0,0.0,0.0,0.0,0.0
13916,2023.0,4.0,7.0,15.0,17.451563,17.37959,18.802101,19.143007,18.082344,18.508816,18.054115,18.489716,16.551676,16.42079,17.523314,17.351395,18.72631,18.361895,17.711784,17.56855,16.470552,16.349783,0.0,4.0,4.0,0.0,0.0,0.0,0.0,0.0
13917,2023.0,4.0,7.0,15.0,17.315573,17.249804,18.503498,18.866442,17.403574,17.27317,17.389273,17.293531,16.5181,16.38973,17.407654,17.235537,19.383291,19.706635,17.626375,17.485653,16.396439,16.276743,4.0,0.0,0.0,0.0,0.0,4.0,0.0,0.0
13918,2023.0,4.0,7.0,15.0,17.345442,17.435211,20.200167,21.994717,17.767925,18.129223,17.067665,16.87001,16.485548,16.360592,17.305624,17.138027,19.568048,19.965631,18.610796,19.419651,16.329323,16.214205,0.0,4.0,0.0,0.0,0.0,4.0,4.0,0.0
13919,2023.0,4.0,7.0,15.0,17.295921,17.411787,18.588484,18.726841,17.310009,17.21097,16.885363,16.68975,16.450933,16.329538,17.575998,17.742483,18.851631,18.587503,17.932476,17.845642,17.21134,17.944939,0.0,0.0,0.0,0.0,4.0,0.0,0.0,4.0
13920,2023.0,4.0,7.0,16.0,17.233324,17.364904,17.97241,17.916454,17.008638,16.80551,16.76929,16.579433,16.420555,16.302,20.230536,22.441008,18.582006,18.236956,17.539394,17.285828,20.341413,23.290447,0.0,0.0,0.0,0.0,0.0,0.0,0.0,0.0
13921,2023.0,4.0,7.0,16.0,17.16161,17.301708,17.733963,17.695396,17.530754,17.913918,17.49533,18.060938,17.141365,17.690672,18.61119,18.956514,19.22483,19.555489,17.369734,17.113495,17.90053,18.099094,0.0,4.0,4.0,4.0,0.0,4.0,0.0,0.0
13922,2023.0,4.0,7.0,16.0,17.097397,17.238604,17.558046,17.513912,17.09004,17.038387,17.742271,18.406239,20.329544,23.137047,17.808325,17.690845,19.440557,19.869516,17.267616,17.014685,17.015766,16.793125,0.0,0.0,4.0,4.0,0.0,4.0,0.0,0.0
13923,2023.0,4.0,7.0,16.0,17.811655,18.642061,17.842127,18.19881,17.428335,17.856472,17.616512,18.108595,20.032713,22.17628,17.920872,18.106812,19.487253,19.920467,17.283463,17.14763,16.819439,16.68725,4.0,4.0,4.0,0.0,4.0,4.0,0.0,0.0
13924,2023.0,4.0,7.0,16.0,17.262802,17.390957,20.21621,22.420174,17.614443,18.08977,17.573019,18.053068,18.099213,18.189095,20.270855,22.198235,18.75081,18.511257,17.255816,17.137774,16.682753,16.565578,0.0,4.0,4.0,0.0,0.0,0.0,0.0,0.0
13925,2023.0,4.0,7.0,16.0,17.58689,18.217104,18.63325,19.06433,17.632233,18.108473,17.570717,18.050432,17.807493,18.192541,18.710352,19.014418,19.165312,19.514385,17.198938,17.086843,16.553823,16.442284,0.0,4.0,4.0,4.0,0.0,4.0,0.0,0.0
13926,2023.0,4.0,7.0,17.0,17.091114,17.198229,18.257967,18.6328,17.636389,18.11308,17.56879,18.049068,20.260101,22.565521,17.952152,17.836206,18.60537,18.375076,17.147905,17.039446,17.407598,18.138697,4.0,4.0,4.0,0.0,0.0,0.0,0.0,4.0
13927,2023.0,4.0,7.0,17.0,17.504963,18.152712,20.223434,22.209484,17.633703,18.107096,16.96326,16.92575,18.256401,18.371336,17.67004,17.522701,19.054562,19.420164,17.09339,16.988098,20.33112,23.07571,0.0,4.0,0.0,0.0,0.0,4.0,0.0,0.0
13928,2023.0,4.0,7.0,17.0,17.083416,17.20057,18.820255,19.252142,17.627453,18.097328,17.26703,17.695473,17.901108,18.285389,17.487513,17.343054,18.610796,18.431065,17.04065,16.938175,17.987951,18.153442,4.0,4.0,4.0,4.0,0.0,0.0,0.0,0.0
13929,2023.0,4.0,7.0,17.0,17.54669,18.178831,20.215025,21.955704,17.029037,16.989275,16.808386,16.77798,20.299685,22.51713,17.363405,17.217524,19.093687,19.462982,16.994911,16.894823,17.126024,16.897743,0.0,0.0,0.0,0.0,0.0,4.0,0.0,0.0
13930,2023.0,4.0,7.0,17.0,17.098682,17.195677,18.923876,19.307667,17.325369,17.740677,17.134459,17.56509,18.328392,18.421093,17.242271,17.106123,19.319838,19.752808,18.03092,18.898348,16.922684,16.796106,4.0,4.0,4.0,0.0,0.0,4.0,4.0,0.0
13931,2023.0,4.0,7.0,17.0,17.552965,18.167654,20.194778,21.781898,17.460978,17.930761,17.285252,17.766058,17.52905,17.252405,17.145592,17.011497,18.636053,18.450485,18.200361,18.96646,16.790321,16.679434,4.0,4.0,4.0,0.0,0.0,0.0,4.0,0.0
13932,2023.0,4.0,7.0,18.0,17.753664,18.39954,20.044851,21.435432,17.475445,17.938395,17.310003,17.78283,17.359682,17.216196,17.04407,16.916666,18.26983,17.967966,17.283379,17.17662,16.644503,16.540201,0.0,4.0,4.0,0.0,0.0,0.0,0.0,0.0
13933,2023.0,4.0,7.0,18.0,21.297693,24.537922,18.930243,19.236061,21.279312,24.51586,21.26011,24.598242,17.219063,17.096058,16.95067,16.830248,21.239458,23.22495,22.674213,26.434841,16.513653,16.411854,4.0,4.0,4.0,0.0,0.0,0.0,4.0,0.0
13934,2023.0,4.0,7.0,18.0,21.119705,23.80798,20.207111,21.865633,21.11867,23.792624,21.11707,23.892994,17.866615,18.46029,17.273989,17.521173,21.12069,22.822256,20.833885,22.893932,16.403376,16.305511,4.0,4.0,4.0,4.0,4.0,4.0,4.0,0.0
13935,2023.0,4.0,7.0,18.0,21.092888,23.510084,20.027214,21.403595,21.073929,23.421618,21.100563,23.585215,20.40381,22.770702,20.376661,22.739157,21.06735,22.552767,21.123583,23.267767,16.311993,16.219501,4.0,4.0,0.0,4.0,4.0,0.0,0.0,0.0
13936,2023.0,4.0,7.0,18.0,21.053816,23.229153,20.050098,21.383028,21.063726,23.212187,21.061813,23.28678,20.014013,21.747786,20.02972,21.856615,21.027826,22.32656,21.06972,22.996546,17.274382,18.121317,4.0,4.0,4.0,4.0,0.0,4.0,0.0,4.0
13937,2023.0,4.0,7.0,18.0,21.05827,23.109394,20.04668,21.33017,21.063175,23.074926,21.090004,23.218477,20.07582,21.72886,18.252203,18.227304,21.061998,22.32805,21.07483,22.884008,20.318043,23.189243,4.0,4.0,0.0,0.0,0.0,0.0,0.0,0.0
13938,2023.0,4.0,7.0,19.0,21.081968,23.079784,20.064816,21.34733,21.085459,23.03653,21.058907,23.026482,18.34108,18.268843,17.850878,18.080511,21.026308,22.170006,21.034645,22.686283,18.480558,19.148085,0.0,0.0,4.0,0.0,4.0,4.0,4.0,4.0
13939,2023.0,4.0,7.0,19.0,21.050194,22.917885,18.945246,19.150614,21.079828,22.93957,21.06374,22.953949,17.399645,17.079277,20.266378,22.303732,21.061415,22.21357,21.04156,22.639746,20.311739,22.786207,4.0,0.0,4.0,0.0,4.0,0.0,4.0,0.0
13940,2023.0,4.0,7.0,19.0,21.055422,22.869995,20.216455,21.793646,21.079693,22.868925,21.062286,22.886158,17.074291,16.729082,20.027098,21.603403,21.055983,22.160244,21.040741,22.593487,17.96217,17.936361,0.0,0.0,4.0,0.0,4.0,0.0,4.0,0.0
13941,2023.0,4.0,7.0,19.0,21.054579,22.822435,18.895721,19.087612,21.054855,22.742798,21.062119,22.832315,17.05192,16.902554,20.076683,21.563776,21.056738,22.127028,21.079786,22.661674,16.830858,16.529388,4.0,4.0,4.0,0.0,0.0,0.0,0.0,0.0
13942,2023.0,4.0,7.0,19.0,21.054651,22.78389,20.218456,21.832367,21.059711,22.710701,21.06189,22.787174,16.975471,16.847982,18.377321,18.19382,21.042656,22.099443,21.072092,22.60546,16.516167,16.197357,4.0,4.0,4.0,0.0,0.0,0.0,0.0,0.0
13943,2023.0,4.0,7.0,19.0,21.055052,22.749704,20.044754,21.381187,21.059097,22.675146,21.086332,22.816675,17.654806,18.251287,17.357384,16.892506,21.014395,22.021389,21.072653,22.569353,16.504576,16.376822,0.0,4.0,0.0,4.0,0.0,4.0,0.0,0.0
13944,2023.0,4.0,7.0,20.0,21.05459,22.718155,18.80959,18.923391,21.059416,22.645235,21.081442,22.76741,20.285034,22.639734,17.262102,17.037495,21.06515,22.113867,21.072855,22.537703,16.42858,16.314743,4.0,4.0,0.0,4.0,0.0,0.0,0.0,0.0
13945,2023.0,4.0,7.0,20.0,21.054424,22.688126,20.221111,21.81313,21.059242,22.617506,21.081758,22.732697,20.048296,21.901604,17.181946,17.004677,21.05811,22.071907,21.057922,22.510618,17.329294,18.129654,4.0,4.0,0.0,0.0,0.0,0.0,0.0,4.0
13946,2023.0,4.0,7.0,20.0,21.080053,22.731766,20.047543,21.365532,21.083857,22.660456,21.038094,22.632742,18.60407,18.889723,17.02034,16.848148,21.058922,22.049812,21.059723,22.511023,20.327194,23.124958,0.0,0.0,4.0,4.0,0.0,0.0,0.0,0.0
13947,2023.0,4.0,7.0,20.0,21.074678,22.68895,18.773304,18.834703,21.078568,22.619892,21.064264,22.649763,20.359873,22.253647,16.87175,16.704859,21.042707,22.0301,21.05941,22.50468,17.694185,17.604752,4.0,0.0,4.0,0.0,0.0,0.0,0.0,0.0
13948,2023.0,4.0,7.0,20.0,21.074636,22.657946,20.223303,21.803774,21.054203,22.523775,21.085997,22.686237,18.200436,17.968996,16.726717,16.5474,21.044724,22.039402,21.0595,22.49752,16.484474,16.117102,4.0,4.0,0.0,0.0,0.0,0.0,0.0,0.0
13949,2023.0,4.0,7.0,20.0,21.073936,22.629274,20.042006,21.341366,21.084463,22.583464,21.08041,22.646803,17.102358,16.613497,16.988796,17.15057,21.044275,22.03985,21.05875,22.487541,16.427534,16.285814,0.0,0.0,0.0,0.0,4.0,0.0,0.0,0.0
13950,2023.0,4.0,7.0,21.0,21.02975,22.53662,18.3945,18.112885,21.078482,22.548683,21.05718,22.554777,17.061665,16.851639,20.374935,22.800112,21.044926,22.039679,21.059387,22.479351,16.33352,16.184546,0.0,0.0,4.0,0.0,0.0,0.0,0.0,0.0
13951,2023.0,4.0,7.0,21.0,21.056547,22.564573,17.735287,17.492615,21.058594,22.527317,21.06192,22.545961,17.766699,18.282299,18.316967,18.564089,21.045109,22.03707,21.02035,22.365286,17.146713,17.828852,0.0,0.0,4.0,4.0,0.0,0.0,4.0,4.0
13952,2023.0,4.0,7.0,21.0,21.079908,22.612526,17.578125,17.364212,21.061071,22.538471,21.08644,22.597801,20.303164,22.56259,17.121881,16.947222,21.045176,22.033253,21.044598,22.38066,20.348154,23.187449,0.0,0.0,0.0,0.0,0.0,0.0,4.0,0.0
13953,2023.0,4.0,7.0,21.0,21.074656,22.577978,17.389534,17.170422,21.060652,22.538097,21.081177,22.56515,18.511786,18.731356,17.18279,17.276415,21.045189,22.028685,21.08137,22.45905,18.273567,18.684397,0.0,0.0,0.0,4.0,4.0,0.0,0.0,4.0
13954,2023.0,4.0,7.0,21.0,21.075361,22.555853,17.22093,16.994465,21.060692,22.53502,21.081985,22.544418,20.478523,22.546312,20.421497,22.752474,21.04535,22.023977,21.07386,22.415955,20.585217,23.155787,0.0,0.0,0.0,0.0,4.0,0.0,0.0,0.0
13955,2023.0,4.0,7.0,21.0,21.055103,22.533075,17.075825,16.840746,21.060598,22.529196,21.059412,22.520456,18.630709,18.783583,20.045198,21.854425,21.0156,21.941063,21.074585,22.391352,17.78502,17.525097,0.0,0.0,0.0,4.0,0.0,4.0,0.0,0.0
13956,2023.0,4.0,7.0,22.0,21.057352,22.545633,17.399372,17.546915,21.06059,22.52197,21.06231,22.534975,20.355627,22.168392,17.929787,17.584677,21.020712,21.954857,21.074432,22.368835,16.574549,16.075897,4.0,0.0,0.0,0.0,0.0,4.0,0.0,0.0
13957,2023.0,4.0,7.0,22.0,21.179113,22.791103,20.250195,22.584465,21.176191,22.745352,21.175648,22.766155,18.656717,18.742563,17.116947,16.841602,21.135885,22.16702,21.21102,22.659842,17.360912,17.884932,0.0,0.0,0.0,4.0,0.0,0.0,0.0,4.0
13958,2023.0,4.0,7.0,22.0,21.056793,22.541876,18.431662,18.683912,21.06002,22.501873,21.061981,22.537003,20.364634,22.111883,16.974298,16.725136,21.062185,21.982983,21.058144,22.358274,20.33613,22.866222,0.0,0.0,0.0,0.0,0.0,0.0,0.0,4.0
13959,2023.0,4.0,7.0,22.0,21.05651,22.538828,17.31366,17.133299,21.060282,22.495005,21.062162,22.536188,18.173443,17.787426,16.783855,16.535458,21.062826,21.956758,21.058292,22.363827,20.055464,22.047184,0.0,0.0,0.0,0.0,0.0,0.0,0.0,0.0
13960,2023.0,4.0,7.0,22.0,21.057432,22.535948,17.027534,16.780338,21.060165,22.487204,21.062025,22.532553,18.05572,18.364277,16.612019,16.361982,21.06274,21.93482,21.058365,22.365744,17.746557,17.407799,0.0,0.0,0.0,4.0,0.0,0.0,0.0,0.0
13961,2023.0,4.0,7.0,22.0,21.056831,22.531176,16.867327,16.608126,21.060068,22.47931,21.062193,22.528831,20.319374,22.215143,16.744738,16.739388,21.04264,21.917654,21.058342,22.365276,16.63153,16.081156,0.0,0.0,0.0,0.0,4.0,0.0,0.0,0.0
13962,2023.0,4.0,7.0,23.0,21.05648,22.525087,16.73793,16.473068,21.035198,22.402771,21.062485,22.525045,18.028238,17.621243,20.451193,22.995789,21.045115,21.935635,21.058414,22.363445,17.44148,17.951712,0.0,4.0,0.0,0.0,0.0,0.0,0.0,4.0
13963,2023.0,4.0,7.0,23.0,20.189629,20.828028,16.630503,16.361973,19.571424,19.623604,19.543617,19.60526,16.91678,16.299711,18.238384,18.457674,19.898779,19.741007,19.548319,19.457296,16.64355,16.169436,0.0,0.0,0.0,0.0,0.0,0.0,0.0,0.0
13964,2023.0,4.0,7.0,23.0,19.193802,19.165758,16.54973,16.275284,18.350286,17.604038,18.772856,18.505621,16.982996,16.697025,17.57104,17.58636,19.441095,19.150936,18.933458,18.675985,16.197079,15.644213,0.0,0.0,0.0,0.0,4.0,0.0,0.0,0.0
13965,2023.0,4.0,7.0,23.0,18.317339,17.750422,16.474009,16.197624,17.857985,17.023815,18.441586,18.15048,16.922483,16.676554,17.157698,16.92121,19.228674,18.933784,18.644064,18.389603,15.995457,15.449338,0.0,0.0,0.0,0.0,0.0,0.0,0.0,0.0
13966,2023.0,4.0,7.0,23.0,17.919682,17.29775,16.401617,16.122177,18.030762,17.661608,18.191414,17.895021,16.790384,16.54354,17.17235,17.15955,19.045843,18.746908,18.40454,18.152437,16.151072,15.936018,0.0,0.0,0.0,0.0,4.0,0.0,0.0,0.0
13967,2023.0,4.0,7.0,23.0,18.123175,17.96033,16.33409,16.053823,17.945702,17.631853,17.985624,17.691853,16.66642,16.419384,17.123793,17.131847,18.888636,18.589495,18.197018,17.9422,16.097239,15.884001,0.0,0.0,0.0,0.0,4.0,0.0,0.0,0.0
13968,2023.0,4.0,8.0,0.0,18.053123,17.937065,16.271719,15.992691,17.801306,17.49716,17.810663,17.524755,17.12146,17.374624,16.378841,15.771416,18.75124,18.455248,18.018848,17.768597,16.007118,15.795358,0.0,0.0,0.0,4.0,0.0,0.0,0.0,0.0
13969,2023.0,4.0,8.0,0.0,17.922531,17.809793,16.208925,15.928137,17.659372,17.356491,17.647755,17.362293,16.65361,16.417152,15.949018,15.227807,18.622257,18.324242,17.853495,17.601694,15.9175005,15.70386,0.0,0.0,0.0,0.0,0.0,0.0,0.0,0.0
13970,2023.0,4.0,8.0,0.0,17.798532,17.687328,16.148073,15.8661375,17.527922,17.226852,17.500923,17.217024,16.440903,16.190868,16.117126,15.781571,18.50519,18.20586,17.704292,17.451834,16.561253,16.98929,0.0,0.0,0.0,0.0,0.0,0.0,0.0,4.0
13971,2023.0,4.0,8.0,0.0,17.68191,17.571737,16.088512,15.805643,17.406178,17.106583,17.36662,17.08415,16.333403,16.083944,16.117704,15.832492,19.146206,19.51271,17.567877,17.314655,16.007538,15.808851,0.0,0.0,0.0,0.0,0.0,4.0,0.0,0.0
13972,2023.0,4.0,8.0,0.0,17.571827,17.461266,16.029947,15.745475,17.292028,16.99261,17.241966,16.959484,16.231237,15.979668,16.021358,15.73681,18.840137,18.7826,17.441244,17.186226,16.20134,16.296417,0.0,0.0,0.0,0.0,0.0,4.0,0.0,4.0
13973,2023.0,4.0,8.0,0.0,17.470936,17.361805,15.9741745,15.689064,17.187822,16.890285,17.128695,16.848207,16.13933,15.887054,15.926212,15.641352,18.76721,18.716516,17.325714,17.070742,15.574041,15.076006,0.0,0.0,0.0,0.0,0.0,4.0,0.0,0.0
13974,2023.0,4.0,8.0,1.0,17.375898,17.267574,15.919609,15.633551,17.089928,16.793653,17.02264,16.74354,16.621296,16.865416,15.834236,15.548653,18.043243,17.37969,17.21769,16.962364,15.292896,14.745721,0.0,0.0,0.0,4.0,0.0,0.0,0.0,0.0
13975,2023.0,4.0,8.0,1.0,17.285913,17.1775,15.866321,15.579137,16.997244,16.701458,16.922333,16.643827,16.18382,15.944081,15.746135,15.459017,18.50986,18.48024,17.115755,16.859201,15.147128,14.598151,0.0,0.0,0.0,0.0,0.0,4.0,0.0,0.0
13976,2023.0,4.0,8.0,1.0,17.20307,17.096292,15.81566,15.52861,16.9116,16.618279,16.829786,16.554037,16.201292,16.078655,15.946355,15.902854,18.564772,18.50175,17.021793,16.765898,16.10527,16.548624,0.0,0.0,0.0,4.0,4.0,4.0,0.0,4.0
13977,2023.0,4.0,8.0,1.0,17.1233,17.016623,15.765303,15.477406,16.829123,16.53665,16.740788,16.466087,16.216194,16.110617,15.737035,15.491438,17.855042,17.197147,16.931694,16.675083,15.323812,14.824569,0.0,0.0,0.0,4.0,0.0,0.0,0.0,0.0
13978,2023.0,4.0,8.0,1.0,17.040548,16.926922,15.710538,15.416015,16.743038,16.44359,16.648556,16.366318,16.186893,16.077541,15.566934,15.270427,17.516125,16.757383,16.840855,16.57814,14.999936,14.445063,0.0,0.0,0.0,4.0,0.0,0.0,0.0,0.0
13979,2023.0,4.0,8.0,1.0,16.966368,16.85959,15.662611,15.372869,16.666676,16.375881,16.56709,16.293993,15.618133,15.043226,15.477508,15.188705,17.35902,16.619505,16.755526,16.497866,15.874538,16.2404,0.0,0.0,0.0,0.0,0.0,0.0,0.0,4.0
13980,2023.0,4.0,8.0,2.0,16.897886,16.790386,15.615512,15.324347,16.595798,16.305027,16.492025,16.218744,15.909053,15.775661,15.683796,15.635918,17.236198,16.49992,16.67942,16.420591,15.130632,14.61632,0.0,0.0,0.0,4.0,4.0,0.0,0.0,0.0
13981,2023.0,4.0,8.0,2.0,16.830791,16.723825,15.569593,15.278716,16.52676,16.237333,16.419378,16.147013,15.440066,14.846981,15.76724,15.763457,17.542913,17.228802,16.605232,16.345736,15.023968,14.6128645,0.0,0.0,0.0,0.0,4.0,0.0,0.0,0.0
13982,2023.0,4.0,8.0,2.0,16.757673,16.649265,15.518817,15.226111,16.451452,16.160519,16.340206,16.065807,15.126029,14.494013,15.772583,15.771869,17.585531,17.270807,16.526299,16.265392,15.016733,14.67606,0.0,0.0,0.0,0.0,4.0,0.0,0.0,0.0
13983,2023.0,4.0,8.0,2.0,16.695745,16.594458,15.477126,15.190197,16.389221,16.1066,16.274956,16.00895,15.348803,15.085891,15.101623,14.478705,17.536085,17.22537,16.45714,16.20106,15.054411,14.816219,0.0,0.0,0.0,0.0,0.0,0.0,0.0,0.0
13984,2023.0,4.0,8.0,2.0,16.634354,16.530886,15.433324,15.143863,16.327057,16.042051,16.209866,15.941052,15.367844,15.108154,15.018083,14.541857,17.486128,17.173613,16.392391,16.133951,15.028734,14.798994,0.0,0.0,0.0,0.0,0.0,0.0,0.0,0.0
13985,2023.0,4.0,8.0,2.0,16.572807,16.47142,15.389026,15.101284,16.265022,15.982646,16.144741,15.878511,15.321164,15.062516,15.122936,14.830419,17.434174,17.122864,16.326414,16.069263,15.002255,14.795628,0.0,0.0,0.0,0.0,0.0,0.0,0.0,0.0
13986,2023.0,4.0,8.0,3.0,16.513233,16.413742,15.345012,15.059031,16.204939,15.925092,16.081663,15.817956,15.273527,15.015997,15.099242,14.808539,17.383331,17.073202,16.262737,16.00685,15.005149,14.840482,0.0,0.0,0.0,0.0,0.0,0.0,0.0,0.0
13987,2023.0,4.0,8.0,3.0,16.453169,16.352783,15.298497,15.01108,16.144176,15.863889,16.018105,15.753961,15.223807,14.965662,15.036642,14.745609,17.332327,17.02165,16.20007,15.943858,15.006409,14.867911,0.0,0.0,0.0,0.0,0.0,0.0,0.0,0.0
13988,2023.0,4.0,8.0,3.0,16.394184,16.292807,15.251682,14.962782,16.084469,15.803649,15.955815,15.691128,15.173733,14.914984,15.002128,14.739128,17.282043,16.970812,16.138927,15.882386,15.0083885,14.894379,0.0,0.0,0.0,0.0,0.0,0.0,0.0,0.0
13989,2023.0,4.0,8.0,3.0,16.356382,16.273819,15.209119,14.922729,16.030338,15.753185,15.899482,15.638578,15.713783,15.97346,15.006791,14.786818,17.234858,16.92535,16.081614,15.827094,15.006124,14.907673,0.0,0.0,0.0,4.0,0.0,0.0,0.0,0.0
13990,2023.0,4.0,8.0,3.0,16.307537,16.225254,15.163083,14.875074,15.973184,15.695301,15.840172,15.578446,15.381417,15.157125,15.00672,14.816846,17.18607,16.875937,16.023134,15.768187,15.007576,14.929103,0.0,0.0,0.0,0.0,0.0,0.0,0.0,0.0
13991,2023.0,4.0,8.0,3.0,16.251217,16.164093,15.113227,14.819453,15.912685,15.629722,15.777667,15.51064,15.151332,14.888434,15.010504,14.852545,17.135567,16.822617,15.963373,15.705767,15.012936,14.958326,0.0,0.0,0.0,0.0,0.0,0.0,0.0,0.0
13992,2023.0,4.0,8.0,4.0,16.202456,16.118027,15.07234,14.781578,16.608082,16.98246,15.725692,15.462791,15.0769005,14.818889,15.006894,14.862891,17.09055,16.779911,15.909684,15.654713,15.007345,14.960357,0.0,4.0,0.0,0.0,0.0,0.0,0.0,0.0
13993,2023.0,4.0,8.0,4.0,16.149153,16.062492,15.026434,14.73323,16.228626,16.07895,15.669042,15.4043,15.012302,14.752325,15.008898,14.885711,17.042904,16.731157,15.853867,15.597973,15.009318,14.979354,0.0,0.0,0.0,0.0,0.0,0.0,0.0,0.0
13994,2023.0,4.0,8.0,4.0,16.096233,16.007452,15.000642,14.723657,15.444883,14.715702,15.613245,15.346709,15.005023,14.786805,15.124084,15.112633,16.995085,16.68225,15.798417,15.541871,15.009903,14.994717,0.0,0.0,0.0,0.0,4.0,0.0,0.0,0.0
13995,2023.0,4.0,8.0,4.0,16.044147,15.953724,15.003657,14.758944,15.1203,14.31522,15.558794,15.290869,15.005404,14.819193,14.9848585,14.86135,17.737793,18.128895,15.743193,15.486361,15.010261,15.009484,0.0,0.0,0.0,0.0,0.0,4.0,0.0,0.0
13996,2023.0,4.0,8.0,4.0,15.992576,15.900035,15.003982,14.7846575,15.414893,15.033073,15.505298,15.236212,15.006384,14.847367,15.0147915,14.938822,16.839184,16.155054,15.687977,15.431084,15.010681,15.024066,0.0,0.0,0.0,0.0,0.0,0.0,0.0,0.0
13997,2023.0,4.0,8.0,4.0,15.930634,15.826302,15.004846,14.8086195,15.549325,15.254107,15.450291,15.177844,15.466701,15.733764,15.010468,14.9474125,16.372013,15.614532,15.630914,15.37213,15.484634,15.922314,0.0,0.0,0.0,4.0,0.0,0.0,0.0,4.0
13998,2023.0,4.0,8.0,5.0,15.878619,15.772611,15.005461,14.829979,15.520185,15.229931,15.3977375,15.123134,14.986395,14.782827,15.012012,14.965899,16.238956,15.479058,15.575046,15.31552,14.949084,14.871723,0.0,0.0,0.0,0.0,0.0,0.0,0.0,0.0
13999,2023.0,4.0,8.0,5.0,15.843628,15.751979,15.005897,14.849618,15.478522,15.19152,16.089525,16.462608,15.04094,14.89725,15.044017,15.03011,17.316236,17.652678,15.521993,15.264578,15.072699,15.117432,0.0,0.0,4.0,4.0,4.0,4.0,0.0,4.0
14000,2023.0,4.0,8.0,5.0,15.803236,15.713293,15.006328,14.868016,15.434659,15.149178,15.739146,15.603624,15.020791,14.883147,15.006699,14.982551,16.584265,15.894677,15.468637,15.212062,15.126924,15.185952,0.0,0.0,0.0,0.0,0.0,0.0,0.0,4.0
14001,2023.0,4.0,8.0,5.0,15.75406,15.66032,15.345404,15.512265,15.389003,15.103735,14.968964,14.3616705,15.024211,14.897876,15.014584,15.012168,16.14699,15.396477,15.414747,15.157707,15.011046,15.010773,4.0,0.0,0.0,0.0,0.0,0.0,0.0,0.0
14002,2023.0,4.0,8.0,5.0,16.510895,17.123152,15.481289,15.674132,15.344886,15.061904,15.429393,15.290663,15.416494,15.666337,15.013542,15.022279,16.807787,16.747314,15.363748,15.108261,15.028865,15.0557995,4.0,0.0,4.0,4.0,0.0,4.0,0.0,0.0
14003,2023.0,4.0,8.0,5.0,16.067993,16.065014,14.966334,14.7359,15.300191,15.018463,14.979568,14.448661,14.986424,14.829678,15.013917,15.03356,16.318428,15.624408,15.313197,15.058597,15.026142,15.057207,0.0,0.0,0.0,0.0,0.0,0.0,0.0,0.0
14004,2023.0,4.0,8.0,6.0,15.325413,14.80388,15.032518,14.875514,15.255786,14.975852,15.022189,14.588607,15.011145,14.885952,15.014385,15.044355,16.008114,15.273759,16.326012,17.007702,15.461339,15.902106,0.0,0.0,0.0,4.0,0.0,0.0,4.0,4.0
14005,2023.0,4.0,8.0,6.0,19.951975,23.037739,15.342093,15.486637,20.444042,24.052221,20.381447,23.993124,19.462074,22.345694,15.014612,15.054057,19.724838,21.659424,20.198967,23.413376,19.46583,22.702675,4.0,0.0,0.0,0.0,0.0,0.0,0.0,0.0
14006,2023.0,4.0,8.0,6.0,21.52659,25.182966,20.12722,23.6638,21.173357,24.698267,21.149227,24.720531,16.971424,17.105034,15.014987,15.061928,21.065979,23.834494,21.654827,25.358433,16.332058,16.063274,4.0,0.0,0.0,4.0,0.0,0.0,4.0,0.0
14007,2023.0,4.0,8.0,6.0,21.534071,24.693018,20.039627,22.905684,21.753193,25.228909,21.70386,25.209988,20.313711,23.314695,15.013978,15.061458,22.035545,25.109987,21.489393,24.581478,14.986269,14.578625,4.0,0.0,0.0,0.0,0.0,4.0,0.0,0.0
14008,2023.0,4.0,8.0,6.0,22.154188,25.434923,20.130667,22.703041,22.05469,25.350975,22.272408,25.82577,17.56048,17.648674,14.998452,15.021093,21.882835,24.444094,22.014673,25.155523,15.016381,14.796117,0.0,4.0,0.0,4.0,4.0,4.0,0.0,0.0
14009,2023.0,4.0,8.0,6.0,20.946882,23.029242,17.224997,16.846424,20.93482,23.094456,20.932442,23.170408,20.496449,23.296999,20.034279,23.37015,21.012321,22.647633,20.984621,23.050653,15.010386,14.884357,0.0,4.0,0.0,4.0,0.0,0.0,0.0,0.0
14010,2023.0,4.0,8.0,7.0,21.130878,23.320314,16.563425,16.59332,21.118103,23.3145,21.08856,23.375122,20.056004,22.310162,17.326477,17.720436,22.11114,24.450735,21.097559,23.20977,15.011736,14.953798,4.0,4.0,4.0,0.0,0.0,4.0,0.0,0.0
14011,2023.0,4.0,8.0,7.0,21.822962,24.355345,20.235626,23.171694,21.367191,23.706509,21.432974,24.000395,17.895235,17.916733,15.568609,15.303013,21.71909,23.447323,21.690268,24.346912,15.011651,14.999923,0.0,4.0,4.0,4.0,0.0,4.0,0.0,0.0
14012,2023.0,4.0,8.0,7.0,20.944592,22.683905,17.877432,18.184832,21.08963,23.057255,21.12252,23.273788,20.447926,22.833931,15.2359705,14.95254,20.951565,22.042097,22.248856,25.052837,15.011769,15.032859,0.0,4.0,0.0,0.0,0.0,4.0,4.0,0.0
14013,2023.0,4.0,8.0,7.0,21.0974,22.972109,16.376667,16.153854,21.088106,22.99,21.08672,23.099987,17.590937,17.180561,15.071027,14.793161,21.071474,22.292276,21.010542,22.71077,15.011915,15.056346,0.0,4.0,4.0,0.0,0.0,4.0,4.0,0.0
14014,2023.0,4.0,8.0,7.0,21.076838,22.91718,16.438488,16.543016,21.110527,23.001644,21.11495,23.114834,16.131979,15.400063,15.004182,14.788609,21.056116,22.25979,22.87287,25.952097,15.011779,15.07269,4.0,0.0,0.0,0.0,0.0,4.0,0.0,0.0
14015,2023.0,4.0,8.0,7.0,21.690119,23.965187,20.227034,23.306671,21.079603,22.87296,21.107866,23.049122,16.12672,15.814436,15.261757,15.341919,21.656939,23.28625,20.879135,22.218765,15.01161,15.08422,0.0,4.0,0.0,0.0,4.0,4.0,0.0,0.0
14016,2023.0,4.0,8.0,8.0,21.466982,23.22358,17.535437,17.555204,21.528967,23.444464,21.497263,23.497229,16.068571,15.8095,20.264908,23.603903,21.34958,22.48383,21.74805,23.542675,15.637958,15.954712,4.0,0.0,0.0,0.0,0.0,0.0,0.0,0.0
14017,2023.0,4.0,8.0,8.0,19.840403,20.011923,20.145151,22.874628,19.27439,18.982855,19.659899,19.885256,15.905217,15.663733,17.564222,17.9857,20.15669,20.116526,19.59087,19.239323,15.166061,15.025629,0.0,0.0,0.0,0.0,0.0,4.0,0.0,0.0
14018,2023.0,4.0,8.0,8.0,18.010027,17.459778,17.799576,17.886951,17.524147,16.722174,18.126812,17.913654,15.762246,15.5329685,15.857456,15.638568,19.398106,19.292025,19.360348,19.97355,15.025499,15.018566,4.0,0.0,0.0,0.0,0.0,4.0,4.0,0.0
14019,2023.0,4.0,8.0,8.0,17.325418,16.695417,20.232847,22.86962,17.396175,16.994667,17.596737,17.327885,15.636849,15.415548,15.518002,15.265931,19.205027,19.131683,18.124556,17.568827,15.008437,15.024867,4.0,0.0,0.0,0.0,0.0,4.0,0.0,0.0
14020,2023.0,4.0,8.0,8.0,16.948616,16.327213,20.048555,22.2134,17.27674,16.96434,17.24489,16.965612,15.525993,15.308387,15.348669,15.0958395,19.05238,19.00459,17.288567,16.613012,15.011378,15.057876,0.0,0.0,0.0,0.0,0.0,4.0,0.0,0.0
14021,2023.0,4.0,8.0,8.0,17.078508,16.892223,17.619984,17.37177,17.063334,16.777992,16.990059,16.73452,15.439919,15.233085,15.236679,14.997925,18.225258,17.572443,16.958212,16.318018,15.010796,15.0770235,0.0,0.0,0.0,0.0,0.0,0.0,0.0,0.0
14022,2023.0,4.0,8.0,9.0,17.045336,16.941298,16.598326,16.322998,16.850277,16.56557,16.752947,16.495012,15.358981,15.153511,15.137191,14.90014,17.735685,16.99594,16.694223,16.066956,15.01116,15.092296,0.0,0.0,0.0,0.0,0.0,0.0,0.0,0.0
14023,2023.0,4.0,8.0,9.0,16.906353,16.829683,16.371548,16.136799,16.690998,16.43383,16.579239,16.34892,15.300817,15.107392,15.068074,14.845879,18.348354,18.358301,16.825224,16.555763,15.010453,15.101662,0.0,0.0,0.0,0.0,0.0,4.0,0.0,0.0
14024,2023.0,4.0,8.0,9.0,16.771763,16.712149,16.151175,15.931176,16.5473,16.30766,16.423203,16.209602,15.251364,15.066068,15.426362,15.578267,17.84781,17.297691,16.81415,16.594744,15.010088,15.108976,0.0,0.0,0.0,0.0,4.0,0.0,0.0,0.0
14025,2023.0,4.0,8.0,9.0,16.667828,16.638779,15.972392,15.77062,16.426193,16.206854,16.292889,16.09892,15.212293,15.035098,20.112568,23.232214,17.4821,16.864935,16.719294,16.517231,15.667134,16.035105,0.0,0.0,0.0,0.0,0.0,0.0,0.0,0.0
14026,2023.0,4.0,8.0,9.0,16.576427,16.570223,15.825398,15.635517,16.318785,16.116766,16.180567,16.001745,15.180839,15.010217,17.740942,18.26036,18.113415,18.200172,16.625658,16.434156,15.005887,14.968281,0.0,0.0,0.0,0.0,0.0,4.0,0.0,0.0
14027,2023.0,4.0,8.0,9.0,16.487713,16.496536,15.702266,15.524439,16.224459,16.038399,16.082462,15.917984,15.156718,14.991653,16.11546,15.984069,18.392998,18.556818,16.543688,16.360254,15.824291,16.582922,0.0,0.0,0.0,0.0,0.0,4.0,0.0,4.0
14028,2023.0,4.0,8.0,10.0,16.420233,16.443535,15.619141,15.453871,16.873852,17.331692,16.009666,15.859627,15.1429405,14.982588,15.850873,15.6500635,17.720797,17.270567,16.485016,16.308638,19.724089,23.186878,0.0,4.0,0.0,0.0,0.0,0.0,0.0,0.0
14029,2023.0,4.0,8.0,10.0,16.349522,16.38712,15.530678,15.381351,16.544867,16.568914,16.659271,17.156187,15.131139,14.974482,15.70718,15.505356,17.382742,16.85569,16.42716,16.257322,16.764332,16.857826,0.0,0.0,4.0,0.0,0.0,0.0,0.0,0.0
14030,2023.0,4.0,8.0,10.0,16.2908,16.339293,15.46233,15.32365,15.961128,15.552769,16.229248,16.243984,15.125737,14.971476,15.626828,15.423879,17.302288,16.78161,16.38395,16.21764,15.687822,15.290366,0.0,0.0,0.0,0.0,0.0,0.0,0.0,0.0
14031,2023.0,4.0,8.0,10.0,16.236622,16.297556,15.400311,15.275671,16.485838,16.68584,15.7127905,15.352328,15.124144,14.97213,15.567214,15.36939,17.260887,16.759388,16.347244,16.185266,15.62818,15.436344,0.0,4.0,0.0,0.0,0.0,0.0,0.0,0.0
14032,2023.0,4.0,8.0,10.0,16.186764,16.25938,15.344907,15.233528,15.961214,15.657456,15.537825,15.156843,15.126251,14.976026,15.522897,15.329391,17.482906,17.250498,16.316662,16.158287,15.532296,15.368758,0.0,0.0,0.0,0.0,0.0,0.0,0.0,0.0
14033,2023.0,4.0,8.0,10.0,16.138742,16.220968,15.292556,15.1923895,15.712722,15.335437,15.697704,15.584714,15.131496,14.983138,15.487736,15.297095,17.553652,17.362436,16.290014,16.13407,15.427326,15.266152,0.0,0.0,0.0,0.0,0.0,0.0,0.0,0.0
14034,2023.0,4.0,8.0,11.0,16.096981,16.191124,15.756788,16.115631,15.634273,15.287788,15.692154,15.610861,15.138618,14.991557,15.463736,15.277983,17.558996,17.373566,16.268724,16.116356,15.347077,15.1934395,4.0,0.0,0.0,0.0,0.0,0.0,0.0,0.0
14035,2023.0,4.0,8.0,11.0,16.839254,17.63038,19.976686,23.314348,15.7575865,15.62468,15.6527605,15.583181,15.145545,14.997633,15.443761,15.259417,17.558327,17.374191,16.248272,16.096956,15.278988,15.129433,0.0,0.0,0.0,0.0,0.0,0.0,0.0,0.0
14036,2023.0,4.0,8.0,11.0,17.13843,17.96498,17.810747,18.517056,15.79304,15.71308,15.605529,15.544804,15.155488,15.006539,15.4287405,15.245433,18.36533,18.906628,16.226679,16.075827,15.2083645,15.061424,0.0,0.0,0.0,0.0,0.0,4.0,0.0,0.0
14037,2023.0,4.0,8.0,11.0,16.318375,16.357138,16.52083,16.507462,15.758513,15.690214,15.564146,15.510338,15.168644,15.019289,15.428496,15.245532,18.443703,18.858034,16.210136,16.05919,15.160547,15.01349,0.0,0.0,0.0,0.0,0.0,4.0,0.0,0.0
14038,2023.0,4.0,8.0,11.0,16.000877,15.920952,16.21548,16.158594,15.718384,15.65787,16.284424,16.905298,15.182631,15.033214,15.430599,15.249248,17.672031,17.333965,16.195412,16.04486,15.119286,14.973789,0.0,0.0,4.0,0.0,0.0,0.0,0.0,0.0
14039,2023.0,4.0,8.0,11.0,15.893686,15.823111,16.027096,15.972085,15.68018,15.626576,15.834211,15.917913,15.195843,15.046478,15.847421,16.03071,17.46498,17.056013,16.182587,16.032497,15.085707,14.941467,0.0,0.0,0.0,0.0,4.0,0.0,0.0,0.0
14040,2023.0,4.0,8.0,12.0,15.82224,15.768216,15.891391,15.844438,15.6442175,15.59822,15.458696,15.290378,15.207817,15.058226,20.100098,23.424694,17.424414,17.026674,16.171555,16.02233,15.058725,14.916444,0.0,0.0,0.0,0.0,0.0,0.0,0.0,0.0
14041,2023.0,4.0,8.0,12.0,21.105415,25.114754,15.759869,15.717562,21.008007,25.02523,20.600584,24.345861,15.21902,15.068313,17.916025,18.525589,21.479044,24.014208,21.499168,25.2206,15.028997,14.886398,0.0,0.0,0.0,0.0,0.0,0.0,0.0,0.0
14042,2023.0,4.0,8.0,12.0,21.006617,24.331106,15.645053,15.603536,21.006746,24.381893,21.052088,24.569002,15.231236,15.079032,16.392212,16.29331,22.095592,24.8149,22.296333,26.087946,15.006124,14.86328,0.0,0.0,0.0,0.0,0.0,0.0,0.0,0.0
14043,2023.0,4.0,8.0,12.0,21.070005,24.063131,15.550523,15.513272,21.096958,24.146534,21.07329,24.17371,15.246635,15.093561,16.120216,15.945462,20.949686,22.46889,20.893547,23.161774,15.00073,14.864822,0.0,0.0,4.0,0.0,0.0,4.0,0.0,0.0
14044,2023.0,4.0,8.0,12.0,21.076788,23.803225,15.467627,15.433789,21.061142,23.780968,21.10856,23.955753,15.265266,15.112248,16.025211,15.840016,21.083563,22.611433,22.130524,25.254618,15.000429,14.8672,0.0,4.0,0.0,0.0,0.0,0.0,0.0,0.0
14045,2023.0,4.0,8.0,12.0,21.09716,23.674921,15.3952265,15.365343,21.087193,23.662106,21.098972,23.722425,15.284233,15.132075,15.961935,15.77428,21.056568,22.4447,22.08021,24.762907,15.000313,14.867748,0.0,0.0,0.0,0.0,0.0,0.0,0.0,0.0
14046,2023.0,4.0,8.0,13.0,21.089767,23.5198,15.33122,15.30561,21.094774,23.505117,21.096918,23.562967,15.301605,15.151151,15.912743,15.725439,21.057194,22.359898,20.912737,22.466566,14.999623,14.867483,0.0,0.0,0.0,0.0,0.0,0.0,0.0,0.0
14047,2023.0,4.0,8.0,13.0,21.084171,23.403175,15.269197,15.243067,21.086422,23.362463,21.075293,23.435179,15.315776,15.167266,15.868311,15.679704,21.04114,22.287119,21.093555,22.820616,14.998854,14.86794,0.0,0.0,0.0,0.0,0.0,0.0,0.0,0.0
14048,2023.0,4.0,8.0,13.0,21.112497,23.367779,15.214327,15.189376,21.120043,23.323118,21.128122,23.435823,15.325838,15.179331,15.830005,15.642663,21.040632,22.223272,21.125116,22.853092,15.000923,14.8764105,0.0,4.0,4.0,0.0,0.0,4.0,0.0,0.0
14049,2023.0,4.0,8.0,13.0,21.173056,23.43713,15.166456,15.144891,21.17805,23.372892,21.185606,23.47989,15.332672,15.188609,15.796178,15.612184,21.060501,22.22214,21.123165,22.817642,15.000644,14.879056,0.0,0.0,0.0,0.0,0.0,4.0,0.0,0.0
14050,2023.0,4.0,8.0,13.0,21.167473,23.345314,15.122711,15.104466,21.17102,23.270689,21.178577,23.379047,15.336768,15.195694,15.764437,15.584499,21.108126,22.305294,21.056139,22.62598,15.001307,14.886203,0.0,0.0,0.0,0.0,0.0,0.0,4.0,0.0
14051,2023.0,4.0,8.0,13.0,21.057562,23.131624,15.601376,16.041342,21.034355,22.981977,21.037794,23.084248,15.337989,15.200189,15.735673,15.561921,21.015408,22.071749,21.075274,22.687359,15.000867,14.891311,4.0,4.0,4.0,0.0,0.0,4.0,0.0,0.0
14052,2023.0,4.0,8.0,14.0,21.45296,23.641813,19.946207,23.387453,21.603025,23.723568,21.532848,23.81702,15.337194,15.203402,15.706954,15.538696,21.435244,22.753824,21.616837,23.512077,15.000905,14.898909,0.0,0.0,4.0,0.0,0.0,0.0,0.0,0.0
14053,2023.0,4.0,8.0,14.0,19.268618,19.522394,17.774246,18.559006,19.629778,20.144531,19.882994,20.44753,15.334992,15.204069,15.683746,15.519667,20.132236,20.098131,20.5833,21.228636,15.001123,14.906898,0.0,4.0,4.0,0.0,0.0,0.0,4.0,0.0
14054,2023.0,4.0,8.0,14.0,18.102583,18.06197,16.13796,16.254967,18.84129,19.214252,18.804424,19.196556,15.327579,15.199725,15.659604,15.500031,19.175308,18.80914,18.895525,18.615463,15.001456,14.917315,0.0,4.0,4.0,0.0,0.0,0.0,0.0,0.0
14055,2023.0,4.0,8.0,14.0,17.683817,17.614687,15.777552,15.794744,17.949446,17.77469,17.903568,17.775679,15.315376,15.190383,15.632567,15.477189,19.620674,19.90342,18.275578,17.932325,15.001888,14.930055,0.0,0.0,0.0,0.0,0.0,4.0,0.0,0.0
14056,2023.0,4.0,8.0,14.0,17.571655,17.670095,16.085037,16.500181,17.438242,17.187136,18.021358,18.385757,16.09332,16.672905,15.603468,15.452326,18.99726,18.663298,19.006907,19.577312,15.002735,14.944877,4.0,0.0,4.0,4.0,0.0,0.0,4.0,0.0
14057,2023.0,4.0,8.0,14.0,18.171339,18.950132,20.14443,23.472345,17.831093,18.15642,18.039562,18.467611,20.249107,23.804354,15.573595,15.426159,19.378183,19.669218,18.235928,17.990047,15.002761,14.95796,0.0,4.0,4.0,0.0,0.0,4.0,0.0,0.0
14058,2023.0,4.0,8.0,15.0,17.550377,17.666834,17.922443,18.637684,17.326794,17.196747,17.92158,18.358215,17.509043,17.856152,15.5493555,15.405554,18.81842,18.51558,17.735685,17.42564,15.92656,16.711609,0.0,0.0,4.0,0.0,0.0,0.0,0.0,4.0
14059,2023.0,4.0,8.0,15.0,17.867205,18.45065,17.137695,17.566917,17.6538,17.996275,17.838346,18.279692,16.414648,16.190277,15.928318,16.13378,19.273575,19.565218,17.559338,17.252981,20.398628,24.314451,4.0,4.0,4.0,0.0,4.0,4.0,0.0,4.0
14060,2023.0,4.0,8.0,15.0,17.984169,18.615343,20.315779,23.204708,17.798927,18.231482,17.154814,17.089973,16.206497,16.064579,20.191761,23.478786,18.73256,18.437405,17.398876,17.10518,20.730238,24.1816,4.0,4.0,0.0,0.0,0.0,0.0,0.0,0.0
14061,2023.0,4.0,8.0,15.0,17.945673,18.586391,20.027061,22.362003,17.75427,18.197874,17.392515,17.798777,16.078926,15.949804,18.19895,19.02733,18.384542,18.03019,18.456688,19.250204,17.883125,18.20957,4.0,4.0,4.0,0.0,4.0,0.0,4.0,0.0
14062,2023.0,4.0,8.0,15.0,17.27516,17.374182,20.077335,22.270517,17.708355,18.159142,17.527006,17.992525,15.961756,15.835973,20.30317,23.140785,18.259563,17.911789,17.801725,17.714886,16.271334,16.077312,4.0,4.0,4.0,0.0,4.0,0.0,0.0,0.0
14063,2023.0,4.0,8.0,15.0,16.870388,16.860138,20.084435,22.159986,17.012299,16.89946,16.881659,16.82135,15.864444,15.7413645,20.022612,22.224508,18.945147,19.30975,17.273884,17.023687,15.893149,15.678312,0.0,0.0,0.0,0.0,4.0,4.0,0.0,0.0
14064,2023.0,4.0,8.0,16.0,17.435276,18.05477,18.45376,18.90313,17.31622,17.706173,17.176079,17.601288,15.785315,15.667944,20.08496,22.112299,19.201777,19.63054,18.127028,18.781723,16.760221,17.49977,4.0,4.0,4.0,0.0,0.0,4.0,4.0,4.0
14065,2023.0,4.0,8.0,16.0,17.640755,18.3034,20.240763,22.584547,16.861362,16.775328,16.735727,16.696754,16.49872,17.077755,18.192524,18.297308,18.472298,18.228912,17.542908,17.441359,20.328611,23.6478,0.0,0.0,0.0,4.0,0.0,0.0,0.0,0.0
14066,2023.0,4.0,8.0,16.0,17.646706,18.30781,18.232838,18.482588,17.178,17.577156,17.040745,17.472652,20.306273,23.628277,17.080921,16.813559,18.887703,19.240067,17.094614,16.862318,18.205992,19.021832,0.0,4.0,4.0,0.0,0.0,4.0,0.0,4.0
14067,2023.0,4.0,8.0,16.0,17.648554,18.307875,17.15858,17.16774,16.764866,16.709341,16.618553,16.584646,17.666317,17.963652,16.85679,16.685999,18.375402,18.13124,16.933605,16.689785,20.338129,23.26363,0.0,0.0,0.0,0.0,0.0,0.0,0.0,0.0
14068,2023.0,4.0,8.0,16.0,17.644018,18.299513,17.302408,17.67045,17.083002,17.496191,16.259178,16.108137,17.030178,17.49214,16.718023,16.572588,18.810593,19.16636,16.830006,16.58907,18.43995,19.213938,4.0,4.0,0.0,4.0,0.0,4.0,0.0,4.0
14069,2023.0,4.0,8.0,16.0,17.63683,18.287262,20.297434,22.961948,17.236168,17.720636,16.139069,15.969532,20.343998,23.303638,16.58883,16.443388,18.241928,18.008057,16.860556,16.73045,20.267075,22.692522,0.0,4.0,0.0,0.0,0.0,0.0,0.0,4.0
14070,2023.0,4.0,8.0,17.0,17.641125,18.296976,18.667946,19.46282,17.255276,17.735777,16.892302,17.47633,18.398493,19.073517,16.839611,17.038918,18.69079,19.057356,16.842152,16.731627,20.028593,22.098032,4.0,4.0,4.0,4.0,4.0,4.0,0.0,4.0
14071,2023.0,4.0,8.0,17.0,17.63337,18.281883,20.272404,22.673365,16.664883,16.62779,17.06562,17.569805,20.558825,23.390823,20.35253,23.09741,18.971518,19.428822,17.883705,18.75119,20.776686,23.220753,0.0,0.0,4.0,0.0,0.0,4.0,4.0,4.0
14072,2023.0,4.0,8.0,17.0,17.632174,18.279856,18.52779,19.031858,16.97148,17.389252,17.038477,17.522417,18.042505,18.202047,18.23684,18.704,19.006369,19.454313,17.197605,17.120668,20.043562,21.894413,4.0,4.0,4.0,0.0,0.0,4.0,0.0,0.0
14073,2023.0,4.0,8.0,17.0,17.621048,18.259104,20.2335,22.550709,16.562613,16.517893,17.05215,17.530222,16.822783,16.597221,16.93462,16.867527,19.01796,19.459211,16.723259,16.50899,18.117035,18.158514,4.0,0.0,4.0,0.0,0.0,4.0,0.0,0.0
14074,2023.0,4.0,8.0,17.0,17.606514,18.234854,20.047684,21.993729,16.20135,16.021803,17.059982,17.53287,16.59027,16.457417,17.025377,17.26677,18.292547,18.08393,16.578243,16.348228,17.029478,16.762714,0.0,0.0,4.0,0.0,4.0,0.0,0.0,0.0
14075,2023.0,4.0,8.0,17.0,16.968374,17.052734,18.195385,18.317753,16.75575,17.154985,17.06281,17.530636,16.447964,16.334068,20.196945,22.882652,17.935616,17.628948,16.489714,16.260656,17.551758,18.082394,0.0,4.0,4.0,0.0,0.0,0.0,0.0,4.0
14076,2023.0,4.0,8.0,18.0,17.322098,17.927748,17.713762,18.062805,17.001575,17.464811,17.063725,17.52651,16.29836,16.19023,18.52097,19.200247,17.793713,17.476551,16.528381,16.414228,20.302322,22.93721,4.0,4.0,4.0,0.0,4.0,0.0,0.0,0.0
14077,2023.0,4.0,8.0,18.0,21.34287,24.815044,20.306974,22.698002,21.300186,24.87701,21.09507,24.471403,16.160772,16.051323,20.282001,22.67272,21.692032,24.252277,21.619896,25.176123,18.561274,19.224903,0.0,4.0,0.0,0.0,0.0,0.0,0.0,4.0
14078,2023.0,4.0,8.0,18.0,21.016024,23.761438,18.794727,19.500519,21.014526,23.845854,21.030817,23.89053,16.048231,15.943278,18.173733,18.289042,20.950518,22.734167,22.505789,26.213997,20.31106,22.752193,4.0,4.0,0.0,0.0,0.0,0.0,0.0,0.0
14079,2023.0,4.0,8.0,18.0,21.152107,23.774862,20.264648,22.456514,21.148085,23.790806,21.145142,23.787746,15.953844,15.852779,17.29852,17.319466,21.132631,22.911835,21.013348,23.202654,18.005146,18.053144,0.0,4.0,4.0,0.0,4.0,0.0,0.0,0.0
14080,2023.0,4.0,8.0,18.0,21.145535,23.566109,18.252617,18.362833,21.146027,23.565006,21.151167,23.605892,15.872677,15.776753,20.379734,22.72195,21.147724,22.788286,21.204342,23.424496,16.840649,16.573431,0.0,4.0,0.0,0.0,0.0,4.0,0.0,0.0
14081,2023.0,4.0,8.0,18.0,21.059008,23.232374,17.05468,16.785486,21.0694,23.251991,21.089466,23.326288,16.6133,17.244875,18.1631,18.26259,21.06947,22.531563,21.063953,23.023745,17.462988,18.050272,0.0,4.0,0.0,4.0,0.0,0.0,0.0,4.0
14082,2023.0,4.0,8.0,19.0,21.087727,23.209358,17.349699,17.626041,21.091318,23.197155,21.08838,23.208214,20.359993,23.604671,17.106396,16.99818,21.032536,22.351286,21.066578,22.939205,20.334291,22.979492,4.0,0.0,0.0,0.0,0.0,4.0,0.0,0.0
14083,2023.0,4.0,8.0,19.0,21.055117,23.043186,20.253408,22.772379,21.085127,23.087992,21.047073,23.049913,17.625685,17.773754,17.268219,17.50559,21.066717,22.377863,21.065144,22.866362,17.891098,17.924658,4.0,0.0,4.0,0.0,4.0,0.0,0.0,0.0
14084,2023.0,4.0,8.0,19.0,21.06005,22.992342,20.03166,22.03312,21.060444,22.94194,21.077213,23.085552,16.255154,15.983225,20.334408,22.834011,21.06076,22.311785,21.064285,22.80915,16.690268,16.405228,4.0,4.0,0.0,0.0,0.0,0.0,0.0,0.0
14085,2023.0,4.0,8.0,19.0,21.05894,22.94262,20.068542,21.91847,21.064388,22.892141,21.063211,22.963556,16.129421,16.005795,18.343422,18.673798,21.060928,22.267729,21.063486,22.76239,16.529734,16.402308,4.0,4.0,4.0,0.0,0.0,0.0,0.0,0.0
14086,2023.0,4.0,8.0,19.0,21.05885,22.902071,20.062841,21.779552,21.063162,22.843122,21.065992,22.91538,16.057646,15.950668,17.16346,17.075827,21.04616,22.23056,21.062859,22.72338,17.431183,18.234764,4.0,4.0,4.0,0.0,0.0,0.0,0.0,4.0
14087,2023.0,4.0,8.0,19.0,21.084063,22.93721,20.080425,21.737972,21.062902,22.802675,21.089706,22.938162,15.950436,15.8458805,16.833794,16.696524,21.04767,22.222898,21.023989,22.587263,20.297932,23.043186,0.0,4.0,0.0,0.0,0.0,0.0,4.0,0.0
14088,2023.0,4.0,8.0,20.0,21.078491,22.888046,18.602488,18.814697,21.086897,22.833826,21.059698,22.81609,15.854175,15.749901,16.636248,16.49489,21.017895,22.134438,21.083971,22.686815,17.749275,17.729315,4.0,0.0,4.0,0.0,0.0,4.0,0.0,0.0
14089,2023.0,4.0,8.0,20.0,21.05242,22.782476,20.224451,22.149105,21.05685,22.716862,21.064837,22.794193,15.768861,15.664345,16.478113,16.33346,21.067793,22.219687,21.073528,22.622297,16.51848,16.189987,4.0,4.0,4.0,0.0,0.0,0.0,0.0,0.0
14090,2023.0,4.0,8.0,20.0,21.056433,22.766846,20.044823,21.67034,21.086615,22.765743,21.063334,22.76501,15.691384,15.585147,16.781197,17.029182,21.029198,22.092722,21.073133,22.583355,16.413965,16.282936,0.0,0.0,4.0,0.0,4.0,4.0,0.0,0.0
14091,2023.0,4.0,8.0,20.0,21.170994,22.975727,18.550802,18.69918,21.161085,22.883347,21.166513,22.965961,16.435568,17.049406,20.376816,23.0209,21.155197,22.325045,21.20137,22.836603,16.31209,16.191387,4.0,0.0,0.0,4.0,0.0,4.0,0.0,0.0
14092,2023.0,4.0,8.0,20.0,21.082346,22.793943,20.23454,22.14369,21.080446,22.68972,21.082613,22.766182,20.367533,23.676538,18.184221,18.511639,21.065472,22.144327,21.02098,22.437202,16.17878,16.060204,4.0,0.0,0.0,4.0,0.0,0.0,4.0,0.0
14093,2023.0,4.0,8.0,20.0,21.075998,22.754158,20.04779,21.637178,21.060999,22.661953,21.057877,22.670105,20.040493,22.574923,17.2826,17.4876,21.060345,22.11144,21.083536,22.55894,16.059565,15.940355,0.0,0.0,4.0,0.0,4.0,0.0,0.0,0.0
14094,2023.0,4.0,8.0,21.0,21.050568,22.656796,18.546392,18.6489,21.03895,22.599596,21.088257,22.730886,17.539585,17.433739,20.39296,22.789368,21.03129,22.014383,21.033628,22.40166,15.958745,15.842127,4.0,4.0,0.0,0.0,4.0,4.0,4.0,0.0
14095,2023.0,4.0,8.0,21.0,21.175869,22.889685,20.237778,22.124348,21.176592,22.896008,21.162264,22.83693,17.071537,17.336908,20.029388,21.921774,21.157635,22.257963,21.194988,22.732374,16.823914,17.553394,0.0,0.0,4.0,4.0,4.0,4.0,0.0,4.0
14096,2023.0,4.0,8.0,21.0,21.054401,22.628654,18.264236,18.117252,21.081264,22.656216,21.087013,22.685238,20.454012,23.077494,20.091755,21.850273,21.035036,22.001675,21.07154,22.457886,22.015783,26.248295,0.0,0.0,0.0,0.0,0.0,4.0,0.0,4.0
14097,2023.0,4.0,8.0,21.0,21.053915,22.613354,17.401203,17.207748,21.079147,22.616468,21.08073,22.650507,17.795858,17.703955,18.382109,18.398792,21.065378,22.073536,21.072374,22.436747,19.856617,21.848728,0.0,0.0,0.0,0.0,4.0,0.0,0.0,4.0
14098,2023.0,4.0,8.0,21.0,21.054033,22.59886,17.214321,17.040516,21.059202,22.586332,21.056385,22.560482,16.483326,16.056448,20.343904,22.257124,21.060055,22.046238,21.071735,22.415115,21.404703,24.379744,0.0,0.0,4.0,0.0,0.0,0.0,0.0,0.0
14099,2023.0,4.0,8.0,21.0,21.079954,22.657625,17.023506,16.846197,21.061384,22.591402,21.08527,22.622055,16.39956,16.213396,18.182243,17.9874,21.060268,22.030718,21.05554,22.396507,19.09639,19.524097,0.0,0.0,0.0,0.0,0.0,0.0,0.0,4.0
14100,2023.0,4.0,8.0,22.0,21.074274,22.627098,16.857452,16.676825,21.060858,22.587091,21.07966,22.591394,17.1204,17.67333,17.63948,17.752668,21.05999,22.016077,21.0573,22.404882,20.349642,22.30476,0.0,0.0,0.0,4.0,4.0,0.0,0.0,0.0
14101,2023.0,4.0,8.0,22.0,21.07437,22.607796,16.714817,16.532833,21.06053,22.580702,21.059706,22.572329,20.339,23.126455,20.375874,22.43033,21.012894,21.925867,21.017733,22.299501,18.055084,17.815989,0.0,0.0,0.0,0.0,4.0,4.0,4.0,0.0
14102,2023.0,4.0,8.0,22.0,21.073544,22.58735,16.593767,16.410107,21.060234,22.572432,21.061886,22.585001,18.1825,18.493416,20.035107,21.673222,21.067043,22.038942,21.080822,22.427547,16.944584,16.492125,0.0,0.0,0.0,4.0,4.0,0.0,0.0,0.0
14103,2023.0,4.0,8.0,22.0,21.054901,22.570244,16.488739,16.304058,21.059866,22.563307,21.061485,22.587551,20.421862,22.80764,20.088314,21.64511,21.05922,22.005943,21.069963,22.380194,16.592478,16.143267,0.0,0.0,0.0,0.0,0.0,0.0,0.0,0.0
14104,2023.0,4.0,8.0,22.0,21.030163,22.50971,16.857014,17.070023,21.05954,22.553837,21.036621,22.519064,17.893845,17.737848,18.460432,18.399633,21.059692,21.991499,21.07064,22.358397,16.610294,16.43016,4.0,0.0,4.0,0.0,4.0,0.0,0.0,0.0
14105,2023.0,4.0,8.0,22.0,21.184772,22.848204,20.256285,23.047802,21.059322,22.544315,21.066626,22.602642,17.568651,17.972794,20.335674,22.106945,21.14774,22.189278,21.053654,22.337723,16.538681,16.38741,0.0,0.0,0.0,4.0,0.0,0.0,0.0,0.0
14106,2023.0,4.0,8.0,23.0,21.07474,22.58631,18.21729,18.61823,21.059025,22.53451,21.081093,22.586489,20.37107,22.752537,18.618746,18.745506,21.043648,21.99013,21.055672,22.34678,17.221792,17.810194,0.0,0.0,0.0,0.0,0.0,0.0,0.0,4.0
14107,2023.0,4.0,8.0,23.0,19.322977,19.198818,16.96032,16.866482,19.610325,19.745487,19.214638,18.977352,17.902962,17.7572,17.611824,17.443548,19.924301,19.84649,19.623661,19.594688,16.707752,16.624338,0.0,0.0,0.0,0.0,0.0,0.0,0.0,0.0
14108,2023.0,4.0,8.0,23.0,18.888626,18.810514,16.701736,16.519299,18.845434,18.631708,18.686258,18.44218,16.940138,16.41758,17.32542,17.113491,19.459045,19.225103,19.020119,18.807043,16.154085,15.751256,0.0,0.0,0.0,0.0,0.0,0.0,0.0,0.0
14109,2023.0,4.0,8.0,23.0,18.668737,18.612305,16.576265,16.386463,18.536018,18.303104,18.442717,18.223387,16.94293,16.732794,17.125708,16.912739,19.255259,19.02398,18.743855,18.532413,15.945515,15.531877,0.0,0.0,0.0,0.0,0.0,0.0,0.0,0.0
14110,2023.0,4.0,8.0,23.0,18.464172,18.413462,16.472944,16.283878,18.311111,18.082075,18.216675,18.003445,16.809473,16.625128,16.959307,16.752594,19.088543,18.86453,18.525213,18.322159,16.068949,15.921935,0.0,0.0,0.0,0.0,0.0,0.0,0.0,0.0
14111,2023.0,4.0,8.0,23.0,18.289234,18.243172,16.382883,16.195068,18.122341,17.89774,18.02354,17.81559,16.65808,16.482487,17.16325,17.275375,18.943474,18.725992,18.338274,18.142979,16.021841,15.875368,0.0,0.0,0.0,0.0,4.0,0.0,0.0,0.0
14112,2023.0,4.0,9.0,0.0,18.13041,18.08395,16.298115,16.108345,17.95249,17.726612,17.847738,17.638863,16.517769,16.345453,17.124853,17.211803,18.805101,18.579947,18.170938,17.979448,15.94973,15.802094,0.0,0.0,0.0,0.0,4.0,0.0,0.0,0.0
14113,2023.0,4.0,9.0,0.0,17.999123,17.962917,16.228472,16.044334,17.81454,17.600706,17.704607,17.508343,16.3995,16.237616,16.759848,16.58575,18.690075,18.469173,18.025455,17.838236,15.883431,15.737088,0.0,0.0,0.0,0.0,0.0,0.0,0.0,0.0
14114,2023.0,4.0,9.0,0.0,17.867708,17.827742,16.154509,15.965763,17.674875,17.456284,17.55948,17.358284,16.27826,16.107489,16.556252,16.348814,18.578485,18.353203,17.886007,17.694658,15.816542,15.667076,0.0,0.0,0.0,0.0,0.0,0.0,0.0,0.0
14115,2023.0,4.0,9.0,0.0,17.753853,17.716322,16.090155,15.901914,17.555386,17.340027,17.43513,17.237255,16.174795,16.00377,16.432783,16.22566,18.480553,18.254978,17.763397,17.572243,15.755929,15.605549,0.0,0.0,0.0,0.0,0.0,0.0,0.0,0.0
14116,2023.0,4.0,9.0,0.0,17.656466,17.628119,16.03463,15.85193,17.453707,17.248962,17.329172,17.142313,16.673536,17.023823,16.331024,16.130573,18.39516,18.173378,17.656069,17.469475,15.701569,15.552731,0.0,0.0,0.0,4.0,0.0,0.0,0.0,0.0
14117,2023.0,4.0,9.0,0.0,17.55437,17.521626,15.972591,15.785409,17.345589,17.135927,17.216406,17.024368,16.852692,17.263674,16.22689,16.0199,18.308678,18.082203,17.549158,17.35801,15.64578,15.493546,0.0,0.0,0.0,4.0,0.0,0.0,0.0,0.0
14118,2023.0,4.0,9.0,1.0,17.470396,17.443516,15.922162,15.739051,17.257647,17.055708,17.124638,16.940601,16.559074,16.63633,16.141361,15.938472,18.235146,18.010826,17.457363,17.268906,15.597045,15.445512,0.0,0.0,0.0,4.0,0.0,0.0,0.0,0.0
14119,2023.0,4.0,9.0,1.0,17.392265,17.37002,15.870199,15.686734,17.170776,16.970716,17.034018,16.851936,15.927237,15.514965,16.05838,15.855021,18.164164,17.938965,17.36976,17.181013,15.549078,15.396264,0.0,0.0,0.0,0.0,0.0,0.0,0.0,0.0
14120,2023.0,4.0,9.0,1.0,17.328754,17.319448,15.819643,15.635198,17.088554,16.88945,16.948282,16.767185,15.650235,15.180658,15.980082,15.775624,18.097004,17.870485,17.287321,17.097815,16.23396,16.724945,0.0,0.0,0.0,0.0,0.0,0.0,0.0,4.0
14121,2023.0,4.0,9.0,1.0,17.258938,17.250525,15.770272,15.584265,17.010342,16.811169,16.866901,16.685654,15.500145,15.025164,15.905576,15.69923,18.032917,17.804462,17.20906,17.01808,15.720966,15.597446,0.0,0.0,0.0,0.0,0.0,0.0,0.0,0.0
14122,2023.0,4.0,9.0,1.0,17.186539,17.174276,15.719965,15.529901,16.93301,16.730196,16.78674,16.601528,15.676005,15.495174,15.831917,15.620657,17.969683,17.737032,17.132492,16.937551,15.292219,14.882272,0.0,0.0,0.0,0.0,0.0,0.0,0.0,0.0
14123,2023.0,4.0,9.0,1.0,17.122507,17.111958,15.675406,15.48561,16.86545,16.664896,16.716736,16.533747,16.247618,16.584635,15.766861,15.556018,17.913029,17.68014,17.06382,16.869247,15.150157,14.7321825,0.0,0.0,0.0,4.0,0.0,0.0,0.0,0.0
14124,2023.0,4.0,9.0,2.0,17.059025,17.04749,15.6301985,15.438602,16.798481,16.597353,16.647137,16.46356,15.815689,15.651986,15.702244,15.489434,17.85686,17.621977,16.99632,16.800205,15.307838,15.143332,0.0,0.0,0.0,0.0,0.0,0.0,0.0,0.0
14125,2023.0,4.0,9.0,2.0,17.776636,18.44913,15.589477,15.3992815,16.737812,16.539413,16.583803,16.403042,15.402171,14.964664,15.643058,15.431232,17.805305,17.571087,16.93408,16.73898,15.308473,15.146273,0.0,0.0,0.0,0.0,0.0,0.0,0.0,0.0
14126,2023.0,4.0,9.0,2.0,17.281248,17.384338,15.550177,15.361136,16.679659,16.483227,16.523054,16.344282,15.219832,14.747898,15.586312,15.374752,17.755728,17.52158,16.87417,16.679333,15.272216,15.109434,0.0,0.0,0.0,0.0,0.0,0.0,0.0,0.0
14127,2023.0,4.0,9.0,2.0,16.675293,16.308176,15.511444,15.322944,16.623247,16.42781,16.464176,16.286356,15.392315,15.198991,15.531556,15.31947,17.70785,17.473146,16.81623,16.620914,15.236151,15.072821,0.0,0.0,0.0,0.0,0.0,0.0,0.0,0.0
14128,2023.0,4.0,9.0,2.0,16.467306,16.055496,15.471232,15.280818,16.566164,16.368734,16.404646,16.22465,15.402477,15.21965,15.477132,15.262269,17.66047,17.42379,16.759333,16.562117,15.1991415,15.034286,0.0,0.0,0.0,0.0,0.0,0.0,0.0,0.0
14129,2023.0,4.0,9.0,2.0,16.722153,16.678032,15.437417,15.250508,16.517792,16.324984,16.354258,16.178988,15.365285,15.18401,15.430678,15.218584,17.618477,17.383577,16.708572,16.513332,15.165696,15.001991,0.0,0.0,0.0,0.0,0.0,0.0,0.0,0.0
14130,2023.0,4.0,9.0,3.0,16.740719,16.731169,15.4028425,15.217769,16.469378,16.279226,16.303875,16.131273,15.327153,15.146804,15.385218,15.174492,17.577345,17.343454,16.659302,16.46533,15.863534,16.345398,0.0,0.0,0.0,0.0,0.0,0.0,0.0,4.0
14131,2023.0,4.0,9.0,3.0,16.700096,16.69051,15.364786,15.1773405,16.417664,16.225266,16.250353,16.075308,15.285827,15.103135,15.655991,15.722018,17.534132,17.297783,16.608278,16.412025,16.161987,16.738867,0.0,0.0,0.0,0.0,4.0,0.0,0.0,4.0
14132,2023.0,4.0,9.0,3.0,16.659119,16.651707,15.331102,15.1451,16.37213,16.18239,16.203789,16.031185,15.2486,15.066978,15.432085,15.247269,17.495268,17.25998,16.56232,16.367613,15.246493,14.890578,0.0,0.0,0.0,0.0,0.0,0.0,0.0,0.0
14133,2023.0,4.0,9.0,3.0,16.613434,16.604685,15.294971,15.107236,16.323898,16.132957,16.154827,15.980596,15.20942,15.02624,15.309103,15.095224,17.454416,17.217508,16.514462,16.318361,15.688737,15.922275,0.0,0.0,0.0,0.0,0.0,0.0,0.0,4.0
14134,2023.0,4.0,9.0,3.0,16.565285,16.552485,15.256259,15.06392,16.273449,16.078098,16.103554,15.9245405,15.169163,14.982722,15.2547035,15.036262,17.412378,17.172169,16.465792,16.266665,15.841624,16.082287,0.0,0.0,0.0,0.0,0.0,0.0,0.0,4.0
14135,2023.0,4.0,9.0,3.0,16.524094,16.513771,15.224716,15.034846,16.23177,16.039906,16.061388,15.885632,15.134061,14.949064,15.20984,14.994238,17.375357,17.13656,16.422508,16.225136,15.140312,14.734064,0.0,0.0,0.0,0.0,0.0,0.0,0.0,0.0
14136,2023.0,4.0,9.0,4.0,16.476463,16.461588,15.186159,14.991502,16.182825,15.986255,16.011837,15.83103,15.094563,14.906124,15.160048,14.939763,17.333763,17.091467,16.374876,16.174265,15.007955,14.672107,0.0,0.0,0.0,0.0,0.0,0.0,0.0,0.0
14137,2023.0,4.0,9.0,4.0,16.434483,16.424217,15.154066,14.964524,16.140547,15.949727,15.968681,15.793545,15.645507,15.976908,15.11565,14.900284,17.295797,17.057266,16.33008,16.133078,15.011241,14.741334,0.0,0.0,0.0,4.0,0.0,0.0,0.0,0.0
14138,2023.0,4.0,9.0,4.0,16.392384,16.383759,15.120907,14.933633,16.097237,15.908955,15.924183,15.751566,15.301754,15.136325,15.071181,14.857898,17.257656,17.021027,16.285437,16.09028,15.037164,14.860743,0.0,0.0,0.0,0.0,0.0,0.0,0.0,0.0
14139,2023.0,4.0,9.0,4.0,16.353796,16.344395,15.089805,14.902268,16.056948,15.868315,15.882598,15.7095585,15.15625,14.970429,15.0314455,14.8175125,17.222603,16.986088,16.244864,16.049656,15.012628,14.843245,0.0,0.0,0.0,0.0,0.0,0.0,0.0,0.0
14140,2023.0,4.0,9.0,4.0,16.317444,16.309761,15.060985,14.8757515,16.01947,15.833337,15.84387,15.673351,15.100206,14.916317,15.000153,14.793152,17.189327,16.954666,16.206192,16.012697,15.002563,14.862252,0.0,0.0,0.0,0.0,0.0,0.0,0.0,0.0
14141,2023.0,4.0,9.0,4.0,16.278128,16.272074,15.029754,14.846796,15.979263,15.7955475,15.802346,15.634255,15.046905,14.864915,15.003459,14.835688,17.153759,16.921022,16.16483,15.973116,15.004124,14.895,0.0,0.0,0.0,0.0,0.0,0.0,0.0,0.0
14142,2023.0,4.0,9.0,5.0,16.241549,16.239225,15.001397,14.82303,15.942594,15.76391,15.764527,15.601527,15.591459,15.932469,15.003738,14.85296,17.120352,16.891006,16.12585,15.937394,15.004446,14.914534,0.0,0.0,0.0,4.0,0.0,0.0,0.0,0.0
14143,2023.0,4.0,9.0,5.0,16.205555,16.20588,15.464224,15.716365,15.905697,15.730703,15.72653,15.567187,14.970486,14.68579,15.004567,14.872896,17.86987,18.340652,16.087585,15.901947,15.638171,16.124935,4.0,0.0,0.0,0.0,0.0,4.0,0.0,4.0
14144,2023.0,4.0,9.0,5.0,16.170265,16.172472,15.239238,15.163514,15.869751,15.697474,15.689627,15.53289,15.031035,14.859832,15.004697,14.888535,17.411629,17.243664,16.049934,15.866382,15.196197,15.074063,0.0,0.0,0.0,0.0,0.0,0.0,0.0,0.0
14145,2023.0,4.0,9.0,5.0,16.142984,16.154549,15.533567,15.821924,15.834588,15.664981,15.653586,15.499396,14.999425,14.843221,15.005141,14.902788,16.86613,16.343435,16.013268,15.831675,15.009205,14.893406,4.0,0.0,0.0,0.0,0.0,0.0,0.0,0.0
14146,2023.0,4.0,9.0,5.0,16.12342,16.147707,15.243647,15.162914,15.800111,15.6335945,15.618486,15.4672,15.005285,14.885495,15.0054455,14.915118,16.669617,16.131332,15.977983,15.79872,15.407317,15.652441,0.0,0.0,0.0,0.0,0.0,0.0,0.0,4.0
14147,2023.0,4.0,9.0,5.0,16.892218,17.623133,15.167529,15.0910845,15.766482,15.6035795,15.58481,15.436739,15.004446,14.907364,15.005429,14.925617,16.889944,16.66579,15.944084,15.76746,14.9638815,14.784839,4.0,0.0,0.0,0.0,0.0,0.0,0.0,0.0
14148,2023.0,4.0,9.0,6.0,17.162853,17.887903,15.177431,15.109247,16.484848,16.98422,15.551169,15.405831,15.004927,14.926336,15.005712,14.93567,17.735285,18.224257,15.910822,15.736506,15.379705,15.616095,4.0,4.0,0.0,0.0,0.0,4.0,0.0,4.0
14149,2023.0,4.0,9.0,6.0,21.064905,24.495861,19.255135,22.201954,20.67611,24.013767,21.021473,24.980467,15.495602,15.860704,15.0061655,14.944555,21.032095,23.733257,21.125057,24.537313,19.691807,22.934198,0.0,0.0,4.0,4.0,0.0,4.0,0.0,0.0
14150,2023.0,4.0,9.0,6.0,21.027191,23.94322,16.847307,16.897953,21.078123,24.181225,21.020754,24.348822,20.217106,23.894299,15.005618,14.949052,21.10557,23.444561,22.208618,26.02246,17.398561,17.864225,0.0,0.0,0.0,0.0,0.0,0.0,4.0,4.0
14151,2023.0,4.0,9.0,6.0,21.089735,23.732016,15.549068,15.38466,21.111008,23.840324,21.102858,24.021984,17.067587,17.092396,15.160569,15.2364645,21.047995,23.024635,22.292706,25.478874,20.359728,23.627384,0.0,0.0,4.0,0.0,4.0,4.0,4.0,0.0
14152,2023.0,4.0,9.0,6.0,21.142523,23.60888,15.893952,16.144323,21.137861,23.645569,21.138601,23.782438,16.0094,16.057875,20.396112,23.926155,21.11688,22.954067,21.10129,23.161354,17.870005,18.278942,4.0,4.0,4.0,4.0,4.0,4.0,4.0,4.0
14153,2023.0,4.0,9.0,6.0,21.721909,24.357103,20.210016,23.56519,21.758675,24.36298,21.866894,24.678041,21.220024,24.8499,19.996536,22.86646,21.515472,23.450304,22.101984,24.664106,21.086988,24.504782,0.0,4.0,4.0,4.0,4.0,0.0,0.0,0.0
14154,2023.0,4.0,9.0,7.0,20.941586,22.82328,18.015326,18.722446,21.047697,23.075514,20.927877,22.865852,20.988691,24.060665,20.09549,22.679483,20.973558,22.328442,20.89515,22.418049,17.807165,17.688835,4.0,4.0,4.0,4.0,0.0,4.0,0.0,0.0
14155,2023.0,4.0,9.0,7.0,21.76716,24.218548,20.275278,23.154137,21.863968,24.260227,22.044655,24.597763,19.933952,21.835901,18.156532,18.633276,21.875925,23.802631,21.85541,24.003654,17.174437,17.53748,4.0,4.0,4.0,4.0,4.0,0.0,4.0,4.0
14156,2023.0,4.0,9.0,7.0,21.858047,24.18853,20.038595,22.35693,21.062237,22.873276,20.908192,22.526386,21.11754,23.773996,20.299906,22.792187,21.521406,23.026205,20.897047,22.198019,21.631407,25.164362,4.0,4.0,4.0,0.0,4.0,4.0,0.0,4.0
14157,2023.0,4.0,9.0,7.0,21.610212,23.586845,20.109205,22.281322,21.072798,22.85074,21.12728,22.976847,18.385769,18.19067,20.056353,22.054909,21.617918,23.074976,21.106722,22.6392,21.11396,23.700878,0.0,4.0,0.0,0.0,0.0,4.0,0.0,0.0
14158,2023.0,4.0,9.0,7.0,20.941225,22.357327,17.766144,17.621126,21.072721,22.814064,21.090815,22.884926,17.556389,17.634901,17.794695,17.532125,20.958988,21.848509,21.07958,22.58789,17.724829,17.427576,0.0,4.0,0.0,4.0,0.0,4.0,0.0,0.0
14159,2023.0,4.0,9.0,7.0,21.107416,22.762053,17.188383,17.357885,21.096136,22.846376,21.069801,22.799187,20.412832,22.61367,16.840103,16.56481,21.05517,22.082003,21.025423,22.478834,16.606428,16.095259,4.0,0.0,4.0,0.0,0.0,4.0,4.0,0.0
14160,2023.0,4.0,9.0,8.0,21.16049,22.869528,20.260647,22.917494,21.156982,22.914328,21.167576,22.996483,17.909868,17.659056,16.62511,16.373238,21.135046,22.280788,21.19546,22.828096,16.224953,15.720243,0.0,4.0,0.0,0.0,0.0,0.0,0.0,0.0
14161,2023.0,4.0,9.0,8.0,19.617586,19.91789,18.174505,18.548988,18.972284,18.724518,19.404165,19.563442,16.65802,16.133032,16.418306,16.181831,19.407595,18.957365,19.077616,18.723886,16.230574,16.001745,0.0,0.0,4.0,0.0,0.0,0.0,0.0,0.0
14162,2023.0,4.0,9.0,8.0,18.4123,17.995924,17.107483,16.931541,17.970587,17.302847,18.736109,18.694939,16.632648,16.370634,16.279398,16.044758,18.741238,18.070635,18.274446,17.684532,16.177235,15.993235,0.0,0.0,4.0,0.0,0.0,0.0,0.0,0.0
14163,2023.0,4.0,9.0,8.0,17.920046,17.447504,16.776636,16.566757,17.56894,16.894787,17.833223,17.265371,16.547228,16.334053,16.15623,15.9284725,19.236933,19.262804,17.928429,17.351925,16.064642,15.889795,0.0,0.0,0.0,0.0,0.0,4.0,0.0,0.0
14164,2023.0,4.0,9.0,8.0,17.626242,17.172804,16.54997,16.341711,17.628504,17.319088,17.364168,16.730192,16.412777,16.2091,16.049627,15.82701,18.510744,17.897375,17.949669,17.676142,15.960801,15.790974,0.0,0.0,0.0,0.0,0.0,0.0,0.0,0.0
14165,2023.0,4.0,9.0,8.0,17.737474,17.652514,16.361237,16.149977,17.52923,17.291222,17.07688,16.452147,16.284327,16.081516,16.3741,16.525414,18.17603,17.539328,17.839159,17.60746,15.862418,15.693228,0.0,0.0,0.0,0.0,4.0,0.0,0.0,0.0
14166,2023.0,4.0,9.0,9.0,17.640535,17.599333,16.214216,16.015093,17.372078,17.150965,17.173986,16.89445,16.177519,15.982621,20.213993,23.07627,18.020924,17.407633,17.693066,17.475414,15.780085,15.616424,0.0,0.0,0.0,0.0,0.0,0.0,0.0,0.0
14167,2023.0,4.0,9.0,9.0,17.484663,17.463497,16.0627,15.873193,17.892008,18.288797,17.12177,16.922993,16.065325,15.8774,18.05672,18.434074,18.959429,19.37837,17.534992,17.327324,15.694489,15.536009,0.0,4.0,0.0,0.0,0.0,4.0,0.0,0.0
14168,2023.0,4.0,9.0,9.0,17.363415,17.349682,16.432669,16.66029,17.388536,17.310139,17.717901,18.162668,15.984758,15.798667,16.971266,16.748646,18.894415,19.064014,17.41818,17.213985,15.632094,15.475224,4.0,0.0,4.0,0.0,0.0,4.0,0.0,0.0
14169,2023.0,4.0,9.0,9.0,17.247383,17.242002,20.136482,23.199436,16.785126,16.305614,17.249687,17.24849,15.914896,15.733665,16.715652,16.46882,18.852854,19.01821,17.315588,17.119165,15.578342,15.425364,0.0,0.0,0.0,0.0,0.0,4.0,0.0,0.0
14170,2023.0,4.0,9.0,9.0,17.126131,17.131155,17.98168,18.496977,16.480556,15.964536,17.217142,17.365864,15.845736,15.669123,16.525303,16.286602,18.859085,19.037405,18.27767,19.033457,15.524222,15.374225,0.0,0.0,4.0,0.0,0.0,4.0,4.0,0.0
14171,2023.0,4.0,9.0,9.0,17.043749,17.06166,16.840061,16.728266,16.615694,16.378824,16.596933,16.22668,15.797972,15.623038,16.409836,16.173618,18.165182,17.73881,17.342808,17.043747,15.4852495,15.33633,0.0,0.0,0.0,0.0,0.0,0.0,0.0,0.0
14172,2023.0,4.0,9.0,10.0,16.95443,16.974941,16.516989,16.337988,16.622318,16.452345,16.27328,15.796377,15.753234,15.577906,16.30676,16.068811,17.837418,17.287746,16.924395,16.469496,15.448856,15.299346,0.0,0.0,0.0,0.0,0.0,0.0,0.0,0.0
14173,2023.0,4.0,9.0,10.0,16.889805,16.929365,16.359442,16.214758,16.566404,16.41646,16.412498,16.22127,15.7251835,15.559042,16.241022,16.021263,17.74631,17.22779,16.817387,16.391926,16.406406,17.133684,0.0,0.0,0.0,0.0,0.0,0.0,0.0,4.0
14174,2023.0,4.0,9.0,10.0,16.819195,16.864975,16.223377,16.091763,16.508472,16.373928,16.419867,16.297527,15.701303,15.541565,16.181738,15.972611,17.679253,17.183933,16.73627,16.33174,20.334835,23.762672,0.0,0.0,0.0,0.0,0.0,0.0,0.0,4.0
14175,2023.0,4.0,9.0,10.0,16.74696,16.802618,16.55763,16.8452,17.168686,17.681152,17.08245,17.610409,15.678881,15.525103,16.123098,15.924116,18.670687,19.161522,16.854603,16.658024,20.04127,22.707937,4.0,4.0,4.0,0.0,0.0,4.0,0.0,0.0
14176,2023.0,4.0,9.0,10.0,16.703,16.78436,20.275719,23.279015,16.839193,16.897093,16.529623,16.378757,15.661918,15.51334,16.075075,15.884033,18.122255,17.83142,16.890594,16.72661,17.562866,17.592115,4.0,0.0,0.0,0.0,0.0,0.0,0.0,0.0
14177,2023.0,4.0,9.0,10.0,16.65276,16.746405,20.034527,22.422253,16.286175,16.002495,16.803476,17.130373,15.65088,15.507098,16.041147,15.857253,18.529625,18.824345,16.86601,16.71157,16.391047,16.080729,0.0,0.0,4.0,0.0,0.0,4.0,0.0,0.0
14178,2023.0,4.0,9.0,11.0,17.371395,18.147364,18.171864,18.578716,16.1019,15.803796,16.988554,17.36412,15.644599,15.506115,16.020445,15.845423,18.065077,17.784746,16.837336,16.689882,16.116854,15.805571,4.0,0.0,4.0,0.0,0.0,0.0,0.0,0.0
14179,2023.0,4.0,9.0,11.0,16.91965,17.156027,20.246384,22.544268,16.931183,17.451408,16.411947,16.28064,15.638921,15.501667,16.006956,15.834932,18.580378,18.864416,16.809553,16.663916,17.087193,17.767185,0.0,4.0,0.0,0.0,0.0,4.0,0.0,4.0
14180,2023.0,4.0,9.0,11.0,16.434208,16.395842,18.171074,18.325533,16.509989,16.422358,16.064356,15.823873,15.630656,15.494812,15.990425,15.8221245,18.078768,17.75614,16.779024,16.635427,20.335552,23.242786,0.0,0.0,0.0,0.0,0.0,0.0,0.0,0.0
14181,2023.0,4.0,9.0,11.0,16.273464,16.206787,17.111681,17.070446,16.102133,15.868871,16.632183,16.984482,15.620729,15.48663,15.971828,15.807068,17.783861,17.392792,16.748636,16.60733,17.81081,17.936985,0.0,0.0,4.0,0.0,0.0,0.0,0.0,0.0
14182,2023.0,4.0,9.0,11.0,16.383106,16.491743,16.86754,16.798288,15.995159,15.748005,16.834307,17.266096,15.610894,15.478482,15.955179,15.793043,17.717018,17.33002,16.721102,16.58118,16.857084,16.530392,0.0,0.0,4.0,0.0,0.0,0.0,0.0,0.0
14183,2023.0,4.0,9.0,11.0,16.38592,16.51657,16.701416,16.642544,16.084719,15.997246,16.879597,17.315716,15.60139,15.471463,16.33235,16.51715,17.84438,17.640808,16.695963,16.559446,17.687193,18.35187,0.0,0.0,4.0,0.0,4.0,0.0,0.0,4.0
14184,2023.0,4.0,9.0,12.0,16.353088,16.482979,16.555197,16.501286,16.096088,16.046675,16.917522,17.36202,15.592344,15.464515,20.189547,23.259073,17.875824,17.705471,16.671589,16.537575,21.394028,24.717188,0.0,0.0,4.0,0.0,0.0,0.0,0.0,0.0
14185,2023.0,4.0,9.0,12.0,21.233208,25.109713,16.408321,16.361721,21.182356,25.026424,21.159533,24.667423,15.584722,15.460073,18.09371,18.602978,22.12621,25.024668,21.966011,25.511944,18.683092,18.90877,0.0,0.0,0.0,0.0,0.0,0.0,0.0,0.0
14186,2023.0,4.0,9.0,12.0,21.008322,24.10288,16.278214,16.23518,21.006037,24.084797,21.024303,23.923977,15.581279,15.45957,16.736689,16.645714,22.059168,24.581066,22.055979,25.171432,17.048132,16.77968,0.0,0.0,0.0,0.0,0.0,0.0,0.0,0.0
14187,2023.0,4.0,9.0,12.0,21.086182,23.90366,16.170065,16.134363,21.066513,23.810715,21.10241,23.75583,15.583381,15.464912,16.497343,16.355904,20.943588,22.340773,22.156214,24.909689,16.837019,16.684338,0.0,4.0,0.0,0.0,0.0,0.0,0.0,0.0
14188,2023.0,4.0,9.0,12.0,21.074158,23.644857,16.0745,16.044302,21.058035,23.54911,21.051882,23.446383,15.590328,15.47531,16.407274,16.26203,21.064007,22.48372,21.00498,22.7897,17.733992,18.505379,0.0,4.0,4.0,0.0,0.0,0.0,4.0,4.0
14189,2023.0,4.0,9.0,12.0,21.074192,23.480291,15.992619,15.969912,21.093985,23.441982,21.071564,23.326181,15.599386,15.487922,16.34476,16.201809,21.044079,22.36378,21.08213,22.868052,20.302975,22.826868,0.0,0.0,4.0,0.0,0.0,0.0,0.0,0.0
14190,2023.0,4.0,9.0,13.0,21.046936,23.289188,15.919953,15.904105,21.060942,23.212627,21.089964,23.26817,15.609187,15.501694,16.688883,16.893707,21.015238,22.225578,21.06764,22.75272,18.08142,18.19171,0.0,4.0,0.0,0.0,4.0,4.0,0.0,0.0
14191,2023.0,4.0,9.0,13.0,21.074982,23.28219,16.326508,16.72495,21.087881,23.181446,21.0835,23.164766,15.617639,15.513283,20.28721,23.133398,21.05877,22.268929,21.067171,22.681713,16.994234,16.771597,4.0,0.0,0.0,0.0,0.0,0.0,0.0,0.0
14192,2023.0,4.0,9.0,13.0,21.149757,23.339897,20.31521,23.57793,21.156553,23.235594,21.158026,23.242193,15.625162,15.524212,18.247177,18.720722,21.152584,22.385214,21.203566,22.918627,16.822346,16.689825,4.0,0.0,0.0,0.0,0.0,4.0,0.0,0.0
14193,2023.0,4.0,9.0,13.0,22.043564,24.874832,20.02933,22.583084,21.078856,23.012064,21.067625,23.02819,15.633168,15.535603,16.998974,16.932886,21.830431,23.53257,21.055391,22.586313,16.723871,16.604504,0.0,0.0,0.0,0.0,0.0,0.0,0.0,0.0
14194,2023.0,4.0,9.0,13.0,20.942163,22.703741,17.922604,18.251907,21.065212,22.956844,21.068478,23.002337,15.642143,15.54791,16.752117,16.62979,20.955639,21.820934,21.054913,22.558722,16.619642,16.506252,0.0,0.0,0.0,0.0,0.0,0.0,0.0,0.0
14195,2023.0,4.0,9.0,13.0,21.086622,23.002478,17.338995,17.81918,21.0641,22.928162,21.065636,22.973122,15.650768,15.5606165,16.649559,16.520857,21.064198,22.046043,21.052696,22.530546,16.529922,16.419727,4.0,0.0,0.0,0.0,0.0,0.0,0.0,0.0
14196,2023.0,4.0,9.0,14.0,21.440624,23.484985,20.276573,22.98557,21.064823,22.904682,21.042727,22.886904,15.657942,15.570555,16.580807,16.457987,21.340258,22.460604,21.053442,22.509293,16.460407,16.358269,0.0,0.0,4.0,0.0,0.0,0.0,0.0,0.0
14197,2023.0,4.0,9.0,14.0,19.482805,19.769648,18.183853,18.58836,19.94908,20.71149,19.882917,20.647858,15.666116,15.580704,16.526125,16.40684,20.82809,21.500164,19.651154,19.78875,17.349049,18.093538,0.0,4.0,4.0,0.0,0.0,4.0,0.0,4.0
14198,2023.0,4.0,9.0,14.0,19.324688,19.9026,17.191853,17.11081,19.517046,20.155697,19.259132,19.72492,15.674144,15.590878,16.49483,16.377666,20.475872,20.893635,19.030437,18.907818,20.32478,23.156998,0.0,4.0,4.0,0.0,0.0,4.0,0.0,0.0
14199,2023.0,4.0,9.0,14.0,19.236923,19.867577,16.938087,16.932846,18.587631,18.58987,18.374012,18.331316,15.681135,15.599865,16.460718,16.347872,19.60769,19.377197,18.714672,18.583387,18.032515,18.267153,0.0,0.0,0.0,0.0,0.0,0.0,0.0,0.0
14200,2023.0,4.0,9.0,14.0,19.102022,19.742058,17.27259,17.706333,18.091972,17.930002,18.628584,19.080832,15.685323,15.606179,16.433495,16.322437,19.278717,18.971773,18.523586,18.386106,17.194963,17.0245,4.0,0.0,4.0,0.0,0.0,0.0,0.0,0.0
14201,2023.0,4.0,9.0,14.0,19.002356,19.669903,20.235376,22.900377,17.859432,17.712255,18.626589,19.136387,15.687433,15.61021,16.813211,17.062735,19.870575,20.235859,18.371727,18.244423,17.041233,16.930634,0.0,0.0,4.0,0.0,4.0,4.0,0.0,0.0
14202,2023.0,4.0,9.0,15.0,18.903173,19.591259,18.344557,18.884323,17.648869,17.52086,17.956678,17.989614,16.464447,17.073534,20.301485,23.095963,19.335514,19.132713,18.21694,18.096882,16.902212,16.803278,0.0,0.0,0.0,4.0,0.0,0.0,0.0,0.0
14203,2023.0,4.0,9.0,15.0,18.19748,18.362513,17.13513,17.235723,17.549026,17.512106,18.162857,18.645563,20.367352,23.680098,18.335087,18.835432,19.719198,20.106924,18.078255,17.961493,16.774351,16.67814,0.0,0.0,4.0,0.0,0.0,4.0,0.0,0.0
14204,2023.0,4.0,9.0,15.0,17.77209,17.844482,17.275124,17.700397,18.129734,18.719664,18.26669,18.803799,18.345984,19.158308,17.123018,17.088125,19.934622,20.405312,17.956404,17.842638,16.666508,16.57241,4.0,4.0,4.0,4.0,0.0,4.0,0.0,0.0
14205,2023.0,4.0,9.0,15.0,18.312643,18.987589,20.298552,23.00823,17.70989,17.873245,17.651583,17.694742,20.346144,22.753668,17.3011,17.553398,19.195812,19.01372,17.864681,17.75274,17.531096,18.274485,0.0,0.0,0.0,0.0,4.0,0.0,0.0,4.0
14206,2023.0,4.0,9.0,15.0,18.47692,19.188324,18.511341,19.150166,17.240124,17.178062,17.2502,17.180193,18.161022,18.393297,20.269375,22.727074,18.84153,18.583261,18.829357,19.66382,20.446342,23.194014,4.0,0.0,0.0,0.0,4.0,0.0,4.0,4.0
14207,2023.0,4.0,9.0,15.0,18.458477,19.170841,20.285398,22.69839,17.71411,18.198776,17.0729,16.988123,17.755718,18.248634,20.033958,21.978819,19.466616,19.879955,19.109812,19.896492,21.0495,23.74722,0.0,4.0,0.0,4.0,0.0,4.0,4.0,0.0
14208,2023.0,4.0,9.0,16.0,18.438643,19.151115,18.67171,19.284615,17.931082,18.485535,16.95322,16.870108,20.28004,22.75071,18.367674,18.556168,19.721094,20.219032,18.220543,18.196636,18.259861,18.410444,4.0,4.0,0.0,0.0,0.0,4.0,0.0,0.0
14209,2023.0,4.0,9.0,16.0,18.41217,19.117088,20.264452,22.4822,17.359196,17.412369,16.918749,16.90498,18.745344,19.434223,17.388117,17.210701,19.74679,20.248121,18.750444,19.465933,17.288387,17.137482,4.0,0.0,0.0,4.0,0.0,4.0,4.0,0.0
14210,2023.0,4.0,9.0,16.0,18.387667,19.088139,20.022678,21.841717,17.65842,18.159681,16.86505,16.866114,20.271935,22.4925,17.18809,17.063957,18.999596,18.834549,18.121552,18.087357,17.886765,18.505087,4.0,4.0,0.0,0.0,0.0,0.0,0.0,4.0
14211,2023.0,4.0,9.0,16.0,17.759125,17.929964,20.058283,21.802727,17.25231,17.299654,16.793339,16.796099,18.329268,18.507889,17.080774,16.970186,18.651943,18.40277,17.678207,17.511833,20.284777,22.674007,4.0,0.0,0.0,0.0,0.0,0.0,0.0,0.0
14212,2023.0,4.0,9.0,16.0,18.098259,18.7858,20.052504,21.713453,17.567793,18.069744,16.72611,16.729109,17.29,17.14259,16.96587,16.859158,19.285433,19.705791,18.53278,19.251476,18.911077,19.680529,4.0,4.0,0.0,0.0,0.0,4.0,4.0,4.0
14213,2023.0,4.0,9.0,16.0,18.250168,18.951138,20.052168,21.654675,17.755499,18.302227,16.664354,16.667528,17.04672,16.943602,16.864822,16.76152,19.543741,20.044056,17.951794,17.909027,20.262764,22.394665,4.0,4.0,0.0,0.0,0.0,4.0,0.0,0.0
14214,2023.0,4.0,9.0,17.0,18.243828,18.939518,20.05125,21.6078,17.772058,18.31468,16.607899,16.611044,16.895327,16.802067,16.77604,16.676733,18.881,18.77087,17.53166,17.368587,19.03685,19.777073,4.0,4.0,0.0,0.0,0.0,0.0,0.0,4.0
14215,2023.0,4.0,9.0,17.0,18.239397,18.929426,20.050735,21.570377,17.189808,17.222567,17.274395,17.906376,16.753775,16.663801,16.695904,16.599628,18.516106,18.281649,17.384476,17.207453,20.239376,22.220013,4.0,0.0,4.0,0.0,0.0,0.0,0.0,0.0
14216,2023.0,4.0,9.0,17.0,17.600428,17.743536,20.050207,21.539124,17.495281,17.982126,17.56789,18.253014,16.631098,16.544046,16.62329,16.530048,19.133738,19.559303,18.311733,19.038189,19.1022,19.816797,4.0,4.0,4.0,0.0,0.0,4.0,4.0,4.0
14217,2023.0,4.0,9.0,17.0,17.952284,18.617119,20.067305,21.561655,17.67516,18.201246,17.496952,18.048979,16.523561,16.439592,16.557144,16.46684,18.679438,18.54908,17.736908,17.68014,20.226538,22.114159,0.0,4.0,4.0,0.0,0.0,0.0,0.0,0.0
14218,2023.0,4.0,9.0,17.0,18.107227,18.780735,18.932505,19.342531,17.685621,18.204245,16.884628,16.909737,17.180227,17.76202,16.498001,16.41217,18.345726,18.107399,17.330254,17.160492,18.433964,18.512012,4.0,4.0,0.0,4.0,0.0,0.0,0.0,0.0
14219,2023.0,4.0,9.0,17.0,17.479065,17.601479,20.194464,21.81022,17.686876,18.198515,17.273207,17.753008,20.31529,23.165453,16.44787,16.363033,18.23631,17.983566,17.212032,17.027533,17.722685,17.510056,4.0,4.0,4.0,0.0,0.0,0.0,0.0,0.0
14220,2023.0,4.0,9.0,18.0,17.12458,17.146431,20.047518,21.493294,17.09567,17.095722,17.45734,17.976213,17.999802,18.228977,16.394243,16.312313,19.080025,19.673805,17.122898,16.937601,18.267786,18.818466,0.0,0.0,4.0,0.0,0.0,4.0,0.0,4.0
14221,2023.0,4.0,9.0,18.0,21.337341,24.649363,18.91926,19.285498,21.304054,24.662096,21.344997,24.71293,16.80878,16.63934,16.342587,16.262745,21.20012,23.238625,21.56672,24.716858,20.226006,22.183765,4.0,4.0,4.0,0.0,0.0,0.0,0.0,4.0
14222,2023.0,4.0,9.0,18.0,21.117739,23.80133,20.209726,21.95423,21.118631,23.848186,21.118097,23.853771,16.625944,16.528236,16.291162,16.210808,21.113646,22.814636,21.169754,23.658558,20.0463,21.709784,4.0,0.0,4.0,0.0,0.0,0.0,4.0,0.0
14223,2023.0,4.0,9.0,18.0,21.084505,23.450994,20.028685,21.49652,21.067114,23.41885,21.074135,23.481085,16.527977,16.440521,16.242062,16.1624,21.060465,22.532309,21.088545,23.228086,18.352154,18.342005,4.0,4.0,4.0,0.0,0.0,0.0,0.0,0.0
14224,2023.0,4.0,9.0,18.0,21.072382,23.239395,20.070143,21.53416,21.058777,23.202353,21.061035,23.264439,16.419771,16.333393,16.19428,16.115145,21.043446,22.398666,21.066284,22.98397,17.464775,17.216393,0.0,4.0,4.0,0.0,0.0,0.0,0.0,0.0
14225,2023.0,4.0,9.0,18.0,21.062954,23.110704,18.899574,19.226109,21.061089,23.064106,21.087452,23.19638,16.330639,16.251196,16.151415,16.076435,21.04597,22.329453,21.070675,22.845179,17.181774,16.937126,4.0,4.0,0.0,0.0,0.0,0.0,0.0,0.0
14226,2023.0,4.0,9.0,19.0,21.062923,23.029896,20.205029,21.925692,21.083563,23.023449,21.057184,23.009336,16.247292,16.169954,16.105082,16.030685,21.045153,22.273445,21.0691,22.734835,17.115353,17.003042,4.0,0.0,4.0,0.0,0.0,0.0,0.0,0.0
14227,2023.0,4.0,9.0,19.0,21.059095,22.96087,20.018272,21.45288,21.04855,22.850185,21.083736,23.003242,16.17114,16.094475,16.058243,15.9835,21.043036,22.228376,21.053995,22.647417,17.015045,16.91429,4.0,4.0,0.0,0.0,0.0,0.0,0.0,0.0
14228,2023.0,4.0,9.0,19.0,21.128067,23.040401,20.13277,21.636028,21.156876,23.019775,21.12119,22.973211,16.105234,16.030828,16.015495,15.941216,21.092243,22.288666,21.120737,22.725763,16.896366,16.801594,0.0,0.0,4.0,0.0,0.0,0.0,0.0,0.0
14229,2023.0,4.0,9.0,19.0,21.05119,22.84863,18.91412,19.202051,21.064487,22.773111,21.07541,22.865156,16.050375,15.981554,15.976865,15.901825,21.038273,22.155416,21.048428,22.544447,16.79589,16.710014,4.0,0.0,0.0,0.0,0.0,0.0,0.0,0.0
14230,2023.0,4.0,9.0,19.0,21.06057,22.836298,20.214607,21.908129,21.076471,22.752207,21.168552,22.990112,15.9943695,15.926026,15.932224,15.852074,21.01449,22.070456,21.205606,22.829557,16.69863,16.614918,4.0,0.0,4.0,0.0,0.0,4.0,0.0,0.0
14231,2023.0,4.0,9.0,19.0,21.058502,22.80485,20.044891,21.481216,21.059134,22.708162,21.082119,22.801416,16.715313,17.328508,15.889546,15.805027,21.030817,22.070673,21.054789,22.498571,16.613167,16.53144,0.0,0.0,0.0,4.0,0.0,4.0,0.0,0.0
14232,2023.0,4.0,9.0,20.0,21.058363,22.779465,18.839405,19.089844,21.06097,22.697683,21.05199,22.691093,20.323467,23.410873,15.852123,15.7653675,21.058954,22.121346,21.016466,22.374378,16.538027,16.45931,4.0,0.0,4.0,0.0,0.0,0.0,4.0,0.0
14233,2023.0,4.0,9.0,20.0,21.057476,22.75392,20.2221,21.950108,21.060268,22.68085,21.08183,22.746584,18.232134,18.787727,15.813917,15.722769,21.053919,22.08274,21.035423,22.379099,16.463749,16.378864,0.0,0.0,0.0,4.0,0.0,0.0,4.0,0.0
14234,2023.0,4.0,9.0,20.0,21.03108,22.659918,18.528955,18.528316,21.035255,22.595943,21.075655,22.708138,20.328783,22.930914,15.778147,15.684271,21.024267,21.980963,21.033144,22.351265,16.396824,16.30922,0.0,4.0,0.0,0.0,0.0,4.0,4.0,0.0
14235,2023.0,4.0,9.0,20.0,21.035725,22.655413,18.179686,18.473446,21.064638,22.664091,21.075985,22.683933,17.959875,17.984325,15.742597,15.645464,21.029144,21.97902,21.0726,22.436522,16.336443,16.246294,4.0,0.0,0.0,0.0,0.0,4.0,0.0,0.0
14236,2023.0,4.0,9.0,20.0,21.049494,22.642008,20.250032,22.14455,21.074244,22.636337,21.059853,22.66043,17.514034,17.881737,15.706582,15.605036,21.058764,22.046488,21.064291,22.39125,16.281153,16.188423,4.0,0.0,0.0,4.0,0.0,0.0,0.0,0.0
14237,2023.0,4.0,9.0,20.0,21.073772,22.678415,20.028353,21.539581,21.047771,22.527267,21.037172,22.596289,20.385077,22.784363,16.062542,16.296543,21.053566,22.017292,21.064724,22.36459,16.230127,16.134829,4.0,4.0,4.0,0.0,4.0,0.0,0.0,0.0
14238,2023.0,4.0,9.0,21.0,21.067915,22.631746,20.074995,21.540472,21.05269,22.512505,21.066622,22.676325,18.55583,18.973957,20.441517,23.53933,21.054003,22.00026,21.06444,22.33962,16.182669,16.084658,0.0,4.0,0.0,4.0,0.0,0.0,0.0,0.0
14239,2023.0,4.0,9.0,21.0,21.067848,22.600784,18.80068,18.993973,21.051683,22.491177,21.076517,22.655186,20.346378,22.47963,18.01967,18.471395,21.01007,21.906208,21.011717,22.212286,17.087887,17.829498,4.0,4.0,0.0,0.0,0.0,4.0,4.0,4.0
14240,2023.0,4.0,9.0,21.0,21.066944,22.572071,20.222025,21.909515,21.07633,22.542156,21.07447,22.617777,18.145666,18.06286,16.62052,16.525467,21.060404,22.011536,21.073294,22.345352,20.351168,23.219511,4.0,0.0,0.0,0.0,0.0,0.0,0.0,4.0
14241,2023.0,4.0,9.0,21.0,21.050945,22.54826,20.039074,21.436802,21.06956,22.506432,21.05682,22.58698,17.820967,18.170834,16.7552,16.985834,21.052177,21.977451,21.061752,22.301966,20.027561,22.225222,0.0,0.0,0.0,4.0,4.0,0.0,0.0,0.0
14242,2023.0,4.0,9.0,21.0,21.053564,22.554453,18.791826,18.946857,21.070768,22.486975,21.161654,22.793337,21.579016,24.388302,20.37452,23.02748,21.053476,21.963917,21.238194,22.608236,17.842882,17.740417,4.0,0.0,0.0,0.0,0.0,0.0,4.0,0.0
14243,2023.0,4.0,9.0,21.0,21.052362,22.547792,20.2249,21.897171,21.029018,22.397608,21.05833,22.577343,18.983547,19.047783,18.475769,19.06132,21.009384,21.872066,21.03043,22.179842,16.83703,16.526669,0.0,4.0,0.0,0.0,4.0,4.0,4.0,0.0
14244,2023.0,4.0,9.0,22.0,21.184755,22.806717,18.824348,18.999805,21.170034,22.67636,21.178398,22.81066,17.372677,17.009794,20.318249,22.658512,21.172823,22.187147,21.26939,22.654861,16.581184,16.267088,4.0,0.0,0.0,0.0,0.0,4.0,4.0,0.0
14245,2023.0,4.0,9.0,22.0,21.052053,22.532349,20.214384,21.879097,21.043888,22.380667,21.057865,22.55841,17.847807,18.265535,18.081516,18.046762,21.057558,21.96314,21.069365,22.27068,17.421608,18.031208,4.0,4.0,0.0,4.0,0.0,0.0,0.0,4.0
14246,2023.0,4.0,9.0,22.0,21.052294,22.527891,20.044577,21.41887,21.07499,22.449297,21.058008,22.550879,20.2985,22.488941,17.064932,16.903906,21.022852,21.860704,21.062126,22.242085,20.333334,22.884085,0.0,0.0,0.0,0.0,0.0,4.0,0.0,4.0
14247,2023.0,4.0,9.0,22.0,21.025375,22.44864,18.493004,18.366308,21.068848,22.420053,21.057623,22.541372,18.12802,18.016752,16.87351,16.725504,21.058313,21.944323,21.062353,22.226685,20.045485,22.030798,0.0,0.0,0.0,0.0,0.0,0.0,0.0,0.0
14248,2023.0,4.0,9.0,22.0,21.057268,22.532352,17.817156,17.667627,21.069195,22.404324,21.05733,22.531847,17.042307,16.669655,16.70194,16.55807,21.05253,21.918966,21.062075,22.211489,17.97552,17.833683,0.0,0.0,0.0,0.0,0.0,0.0,0.0,0.0
14249,2023.0,4.0,9.0,22.0,21.066965,22.514122,17.630865,17.492992,21.05196,22.388603,21.057133,22.523026,17.610044,18.025114,16.873276,17.013409,21.052792,21.906574,21.048347,22.198254,16.995186,16.65005,0.0,0.0,0.0,4.0,4.0,0.0,0.0,0.0
14250,2023.0,4.0,9.0,23.0,21.065632,22.482357,17.453922,17.316822,21.054224,22.401804,21.057344,22.51543,21.511488,24.396883,20.38507,22.916672,21.038279,21.895247,21.050041,22.208082,17.735653,18.319553,0.0,0.0,0.0,0.0,0.0,0.0,0.0,4.0
14251,2023.0,4.0,9.0,23.0,19.798414,20.05342,17.30495,17.166325,19.737934,19.88041,19.653332,19.81158,18.244146,18.173395,18.294506,18.62561,20.024427,19.956898,19.763887,19.73786,17.0664,16.803093,0.0,0.0,0.0,0.0,0.0,0.0,0.0,0.0
14252,2023.0,4.0,9.0,23.0,19.195333,19.21204,17.19961,17.055618,19.056267,18.900856,18.94777,18.80772,17.348146,16.932705,17.336176,17.17891,19.60962,19.408777,19.230904,19.049492,17.442245,17.764774,0.0,0.0,0.0,0.0,0.0,0.0,0.0,4.0
14253,2023.0,4.0,9.0,23.0,18.937016,18.946684,17.105717,16.964281,18.76995,18.598688,18.655718,18.502232,17.296286,17.10574,17.4083,17.517878,20.195421,20.689953,18.985674,18.809427,16.805618,16.493658,0.0,0.0,0.0,0.0,4.0,4.0,0.0,0.0
14254,2023.0,4.0,9.0,23.0,18.734417,18.740736,17.017727,16.875614,18.551466,18.375462,18.430952,18.272917,17.176825,17.021746,17.370293,17.50508,19.925867,20.0908,18.782288,18.607454,16.524925,16.187256,0.0,0.0,0.0,0.0,4.0,4.0,0.0,0.0
14255,2023.0,4.0,9.0,23.0,18.573694,18.587675,16.941076,16.803278,18.378696,18.210497,18.253328,18.10349,17.038261,16.893976,17.287792,17.428972,19.173203,18.756645,18.6165,18.45166,17.148159,17.487566,0.0,0.0,0.0,0.0,4.0,0.0,0.0,4.0
14256,2023.0,4.0,10.0,0.0,18.431469,18.449896,16.869295,16.734295,18.225832,18.06227,18.09628,17.95127,16.911081,16.773373,16.705631,16.380537,18.847528,18.363522,18.468676,18.3106,16.553312,16.254421,0.0,0.0,0.0,0.0,0.0,0.0,0.0,0.0
14257,2023.0,4.0,10.0,0.0,18.304089,18.325575,16.802246,16.669664,18.08892,17.92875,17.956144,17.814384,17.424545,17.848125,16.673729,16.525475,18.673777,18.19305,18.335672,18.18237,16.310167,15.9900055,0.0,0.0,0.0,4.0,4.0,0.0,0.0,0.0
14258,2023.0,4.0,10.0,0.0,18.188509,18.211432,16.738794,16.607952,17.96444,17.806175,17.828806,17.688786,17.556896,18.0014,16.332624,15.946482,18.804552,18.600052,18.209972,18.05159,16.201466,15.887904,0.0,0.0,0.0,4.0,0.0,0.0,0.0,0.0
14259,2023.0,4.0,10.0,0.0,18.089716,18.119333,16.682436,16.55658,17.857409,17.707056,17.719206,17.58713,16.742174,16.43528,16.663408,16.753784,18.76752,18.582235,18.10324,17.948761,16.285385,16.15516,0.0,0.0,0.0,0.0,4.0,0.0,0.0,0.0
14260,2023.0,4.0,10.0,0.0,17.994492,18.024843,16.626102,16.501867,17.754011,17.605299,17.613085,17.482595,16.429132,16.068151,16.441776,16.287273,18.689434,18.504711,18.001934,17.846457,16.264305,16.144426,0.0,0.0,0.0,0.0,0.0,0.0,0.0,0.0
14261,2023.0,4.0,10.0,0.0,17.910753,17.945757,16.575504,16.455101,17.663467,17.520407,17.520184,17.395332,16.906567,17.091387,16.310108,16.168215,18.617233,18.43451,17.91275,17.759605,16.213682,16.095184,0.0,0.0,0.0,4.0,0.0,0.0,0.0,0.0
14262,2023.0,4.0,10.0,1.0,17.832918,17.871964,16.527382,16.410454,17.57968,17.441542,17.434187,17.314215,16.415709,16.090929,16.230114,16.086853,18.549578,18.368515,17.830662,17.679413,16.165138,16.047771,0.0,0.0,0.0,0.0,0.0,0.0,0.0,0.0
14263,2023.0,4.0,10.0,1.0,17.761946,17.805752,16.483356,16.371473,17.503227,17.370806,17.355549,17.241198,16.811357,17.010576,16.157103,16.016172,18.488182,18.30988,17.755846,17.607183,16.120129,16.004961,0.0,0.0,0.0,4.0,0.0,0.0,0.0,0.0
14264,2023.0,4.0,10.0,1.0,17.69797,17.747837,16.443314,16.337584,17.43449,17.309212,17.28475,17.177486,16.33473,16.02829,16.388397,16.50629,18.433151,18.258682,17.68856,17.543633,16.079336,15.967115,0.0,0.0,0.0,0.0,4.0,0.0,0.0,0.0
14265,2023.0,4.0,10.0,1.0,17.63766,17.692259,16.405066,16.304653,17.369766,17.250284,17.218067,17.116472,16.7412,16.958662,16.480568,16.638166,18.381853,18.210379,17.625704,17.483507,16.04097,15.931105,0.0,0.0,0.0,4.0,4.0,0.0,0.0,0.0
14266,2023.0,4.0,10.0,1.0,17.582346,17.64249,16.36982,16.275034,17.310581,17.19772,17.15721,17.06207,16.271965,15.983419,16.18372,16.077574,18.335316,18.167543,17.568449,17.42981,16.005896,15.898903,0.0,0.0,0.0,0.0,0.0,0.0,0.0,0.0
14267,2023.0,4.0,10.0,1.0,17.53043,17.595697,16.336466,16.246996,17.255136,17.148476,17.100285,17.01114,16.080473,15.779719,16.053833,15.927494,18.292192,18.127953,17.515198,17.379915,16.698193,17.23315,0.0,0.0,0.0,0.0,0.0,0.0,0.0,4.0
14268,2023.0,4.0,10.0,2.0,17.480795,17.550486,16.30414,16.2196,17.202522,17.101212,17.046337,16.96229,16.166162,16.040154,15.995635,15.871985,18.25175,18.090553,17.465073,17.332554,16.208303,16.148607,0.0,0.0,0.0,0.0,0.0,0.0,0.0,0.0
14269,2023.0,4.0,10.0,2.0,17.429628,17.499638,16.269176,16.185732,17.148783,17.048407,16.991442,16.908003,16.154732,16.041311,15.941507,15.816941,18.210936,18.049623,17.415169,17.282356,15.894963,15.645403,0.0,0.0,0.0,0.0,0.0,0.0,0.0,0.0
14270,2023.0,4.0,10.0,2.0,17.383787,17.457375,16.237038,16.156858,17.100779,17.004728,16.94238,16.86312,16.703903,17.111761,16.195742,16.334341,18.174105,18.014845,17.370062,17.23944,15.801507,15.554237,0.0,0.0,0.0,4.0,4.0,0.0,0.0,0.0
14271,2023.0,4.0,10.0,2.0,17.33845,17.413769,16.204575,16.126247,17.05317,16.959557,16.893562,16.816618,16.28611,16.202946,15.970482,15.859475,18.137995,17.979734,17.325987,17.196392,15.882959,15.784927,0.0,0.0,0.0,0.0,0.0,0.0,0.0,0.0
14272,2023.0,4.0,10.0,2.0,17.29358,17.368818,16.17198,16.094154,17.005981,16.913124,16.8451,16.76877,15.97932,15.70741,15.867282,15.744915,18.102531,17.944359,17.282867,17.153286,15.870656,15.770452,0.0,0.0,0.0,0.0,0.0,0.0,0.0,0.0
14273,2023.0,4.0,10.0,2.0,17.25106,17.326933,16.140032,16.062632,16.960737,16.868677,16.79858,16.722925,15.868338,15.586316,15.822753,15.700693,18.06878,17.911037,17.241962,17.112848,15.841101,15.740979,0.0,0.0,0.0,0.0,0.0,0.0,0.0,0.0
14274,2023.0,4.0,10.0,3.0,17.213385,17.29346,16.112627,16.039679,16.92197,16.835472,16.758698,16.688652,15.957197,15.837933,15.785025,15.666966,18.038607,17.883678,17.205112,17.078962,16.540403,17.082151,0.0,0.0,0.0,0.0,0.0,0.0,0.0,4.0
14275,2023.0,4.0,10.0,3.0,17.172783,17.25305,16.081863,16.009415,16.880102,16.794415,16.71576,16.6464,15.957325,15.849196,15.7470665,15.628792,18.006756,17.851849,17.166843,17.04077,16.054577,16.00369,0.0,0.0,0.0,0.0,0.0,0.0,0.0,0.0
14276,2023.0,4.0,10.0,3.0,17.131643,17.210445,16.049934,15.976445,16.837692,16.751017,16.672482,16.601902,15.92436,15.815156,15.710085,15.590356,17.974617,17.818745,17.128592,17.001556,15.747917,15.50545,0.0,0.0,0.0,0.0,0.0,0.0,0.0,0.0
14277,2023.0,4.0,10.0,3.0,17.092573,17.170847,16.018614,15.944227,16.796867,16.709602,16.630808,16.559465,15.892531,15.78274,15.675734,15.555159,17.943705,17.787401,17.092024,16.964699,15.651539,15.403515,0.0,0.0,0.0,0.0,0.0,0.0,0.0,0.0
14278,2023.0,4.0,10.0,3.0,17.07245,17.167503,15.99196,15.920896,16.761791,16.678625,16.594872,16.527657,15.863915,15.756165,15.646377,15.528326,17.915787,17.761457,17.058819,16.933651,16.507042,17.092216,0.0,0.0,0.0,0.0,0.0,0.0,0.0,4.0
14279,2023.0,4.0,10.0,3.0,17.764174,18.49172,15.96275,15.891941,16.724264,16.641668,16.556433,16.489717,16.402536,16.792118,15.903379,16.033892,17.886597,17.732355,17.024534,16.899536,15.884178,15.704782,0.0,0.0,0.0,4.0,4.0,0.0,0.0,0.0
14280,2023.0,4.0,10.0,4.0,17.298187,17.472513,15.933721,15.862692,16.687202,16.604668,16.518736,16.451881,16.02895,15.960883,15.710093,15.610382,17.85772,17.70326,16.990692,16.86552,16.40292,16.821915,0.0,0.0,0.0,0.0,0.0,0.0,0.0,4.0
14281,2023.0,4.0,10.0,4.0,16.904482,16.796797,15.904223,15.831729,16.649998,16.566479,16.481136,16.413082,16.466002,16.866745,15.612724,15.492233,17.828457,17.672731,16.956749,16.830566,15.838919,15.620245,0.0,0.0,0.0,4.0,0.0,0.0,0.0,0.0
14282,2023.0,4.0,10.0,4.0,16.756964,16.607216,15.874644,15.800579,16.613232,16.528677,16.444077,16.374784,15.898244,15.663269,15.577015,15.455748,17.79919,17.642237,16.923191,16.79608,15.640146,15.3824005,0.0,0.0,0.0,0.0,0.0,0.0,0.0,0.0
14283,2023.0,4.0,10.0,4.0,16.88365,16.938927,15.844898,15.769027,16.576702,16.490799,16.407072,16.336346,15.677235,15.387443,15.83247,15.96106,18.530426,19.049698,16.889822,16.761564,15.562481,15.3039255,0.0,0.0,0.0,0.0,4.0,4.0,0.0,0.0
14284,2023.0,4.0,10.0,4.0,16.899876,16.986895,15.815474,15.737902,16.540943,16.453775,16.370577,16.298628,15.599728,15.309099,15.63984,15.541097,18.02423,17.9498,16.856976,16.727703,16.417622,16.992062,0.0,0.0,0.0,0.0,0.0,0.0,0.0,4.0
14285,2023.0,4.0,10.0,4.0,16.868458,16.953749,15.786161,15.706649,16.505623,16.416904,16.334488,16.261017,15.692878,15.560673,15.534422,15.407818,17.641777,17.28349,16.824347,16.693895,15.789338,15.595933,0.0,0.0,0.0,0.0,0.0,0.0,0.0,0.0
14286,2023.0,4.0,10.0,5.0,16.834595,16.917576,15.756761,15.675185,16.470589,16.38012,16.298874,16.223583,15.70323,15.586095,15.497237,15.36936,18.296713,18.612179,16.791918,16.660131,15.545917,15.277427,0.0,0.0,0.0,0.0,0.0,4.0,0.0,0.0
14287,2023.0,4.0,10.0,5.0,16.801876,16.884314,16.212421,16.55105,16.437788,16.347412,16.265406,16.190193,15.677085,15.560359,15.753222,15.876421,17.709297,17.376266,16.761246,16.629532,15.47124,15.204739,4.0,0.0,0.0,0.0,4.0,0.0,0.0,0.0
14288,2023.0,4.0,10.0,5.0,16.769407,16.850904,15.933875,15.937119,16.40564,16.315145,16.232397,16.157122,15.649852,15.532862,15.8777075,16.046328,17.494326,17.096628,16.730742,16.598827,15.5623045,15.450369,0.0,0.0,0.0,0.0,4.0,0.0,0.0,0.0
14289,2023.0,4.0,10.0,5.0,16.738392,16.819994,15.781223,15.707976,16.374977,16.285402,16.20107,16.126694,15.622785,15.506287,15.599699,15.49965,17.42096,17.028044,16.700785,16.569435,16.283699,16.815386,0.0,0.0,0.0,0.0,0.0,0.0,0.0,4.0
14290,2023.0,4.0,10.0,5.0,16.707577,16.789097,15.728886,15.647476,16.344498,16.255644,16.170313,16.09646,16.159166,16.535042,15.485092,15.356965,17.564144,17.382011,17.69422,18.465113,16.393806,16.835663,0.0,0.0,0.0,4.0,0.0,0.0,4.0,4.0
14291,2023.0,4.0,10.0,5.0,16.677238,16.758444,16.164999,16.493734,16.314417,16.2259,16.140215,16.066437,16.417946,16.887001,15.7282715,15.846342,18.374475,18.907774,16.859982,16.648191,16.449188,16.87571,4.0,0.0,0.0,4.0,4.0,4.0,0.0,4.0
14292,2023.0,4.0,10.0,6.0,16.648144,16.728983,15.913401,15.939468,16.285294,16.196888,16.110998,16.037159,16.321922,16.59968,15.8486595,16.014866,17.643757,17.357464,17.625416,18.249302,16.508844,16.93394,0.0,0.0,0.0,4.0,4.0,0.0,4.0,4.0
14293,2023.0,4.0,10.0,6.0,21.182018,24.60907,16.20449,16.538769,21.093,24.629091,21.02568,24.649942,20.24774,23.380417,20.031166,23.131372,21.112688,23.413885,21.370632,24.603783,20.321527,23.532072,4.0,0.0,0.0,0.0,4.0,0.0,0.0,0.0
14294,2023.0,4.0,10.0,6.0,21.738766,24.836634,20.20288,23.30964,21.766481,25.034649,21.69123,25.048672,17.615644,17.692163,20.01592,22.579473,21.628477,23.968159,22.254873,25.467592,18.16049,18.727552,4.0,4.0,4.0,0.0,4.0,4.0,4.0,4.0
14295,2023.0,4.0,10.0,6.0,22.03816,25.100145,20.01662,22.47946,21.000456,23.390228,20.992622,23.497007,16.825521,17.023508,20.099838,22.383171,21.63837,23.63933,21.040648,23.015253,21.776571,25.451548,4.0,0.0,0.0,4.0,0.0,4.0,4.0,4.0
14296,2023.0,4.0,10.0,6.0,22.474827,25.6565,20.097643,22.336857,21.088898,23.31256,21.089918,23.420847,20.335302,23.137331,18.127989,18.298025,22.219643,24.557146,21.109293,23.015291,19.861551,21.655981,0.0,4.0,4.0,0.0,4.0,0.0,0.0,0.0
14297,2023.0,4.0,10.0,6.0,20.904657,22.61497,18.233295,18.505348,21.066252,23.106018,21.093388,23.272589,17.816143,17.812939,20.33365,22.63949,20.940441,22.064043,21.073124,22.822475,17.842026,17.689632,4.0,4.0,0.0,0.0,0.0,0.0,0.0,0.0
14298,2023.0,4.0,10.0,7.0,21.189768,23.135008,20.25284,22.591116,21.156708,23.166485,21.150822,23.234852,16.760214,16.618467,18.39068,18.643105,21.160948,22.447704,21.182291,22.943436,16.878859,16.527563,4.0,4.0,4.0,0.0,0.0,4.0,0.0,0.0
14299,2023.0,4.0,10.0,7.0,21.053865,22.820925,20.030495,21.908964,21.063768,22.887001,21.091438,23.0362,17.392,17.97925,17.231096,17.09207,21.06515,22.241673,21.072727,22.645254,16.762867,16.604595,4.0,4.0,0.0,4.0,0.0,0.0,0.0,0.0
14300,2023.0,4.0,10.0,7.0,21.056576,22.790512,20.07029,21.832737,21.062775,22.814997,21.084953,22.94619,20.311043,22.897345,17.30889,17.491089,21.06104,22.199783,21.020061,22.481953,16.649343,16.511353,4.0,4.0,0.0,4.0,4.0,0.0,4.0,0.0
14301,2023.0,4.0,10.0,7.0,21.054976,22.753819,20.080986,21.760519,21.061361,22.756044,21.043068,22.816065,20.124361,22.238102,20.332863,22.742865,21.060661,22.16948,21.081112,22.58441,16.506197,16.37472,0.0,4.0,4.0,0.0,4.0,0.0,0.0,0.0
14302,2023.0,4.0,10.0,7.0,21.054216,22.721533,18.560741,18.740156,21.060106,22.707645,21.090359,22.87278,17.936924,17.805494,20.028442,21.88539,21.016056,22.06531,21.069942,22.51878,16.38455,16.259285,4.0,4.0,0.0,0.0,4.0,4.0,0.0,0.0
14303,2023.0,4.0,10.0,7.0,21.172522,22.932083,20.233036,22.191246,21.16503,22.879128,21.156885,22.938984,16.882128,16.50427,20.087135,21.815157,21.13468,22.297382,21.184374,22.709585,16.281706,16.161957,0.0,4.0,4.0,0.0,0.0,0.0,0.0,0.0
14304,2023.0,4.0,10.0,8.0,21.052284,22.665037,18.3162,18.295149,21.05773,22.628912,21.086018,22.77879,16.790176,16.614729,18.20113,18.051111,21.058327,22.116482,21.055319,22.443056,16.194187,16.079544,0.0,4.0,0.0,0.0,0.0,0.0,0.0,0.0
14305,2023.0,4.0,10.0,8.0,19.798672,20.242813,17.854439,18.1053,19.222038,19.112873,19.172123,19.0782,16.710587,16.567812,17.730133,17.852468,19.59539,19.285387,19.572952,19.583181,16.121338,16.013506,4.0,0.0,0.0,0.0,4.0,0.0,0.0,0.0
14306,2023.0,4.0,10.0,8.0,18.72055,18.507553,20.267647,22.40698,18.363098,17.901684,18.287828,17.84318,16.606808,16.468542,20.28039,22.377918,19.279757,19.03424,19.959906,20.659082,16.062305,15.951576,0.0,0.0,0.0,0.0,0.0,0.0,4.0,0.0
14307,2023.0,4.0,10.0,8.0,18.18749,17.91847,18.57473,18.901848,17.950579,17.482088,18.113495,17.919786,16.494951,16.364548,18.52741,18.740541,19.886005,20.359066,19.800991,20.259983,16.000404,15.890995,0.0,0.0,0.0,0.0,0.0,4.0,4.0,0.0
14308,2023.0,4.0,10.0,8.0,17.946674,17.67683,18.152826,18.422672,18.659262,19.052317,18.655384,19.109201,16.40983,16.281654,17.700083,17.518387,19.019527,18.651308,18.75306,18.412735,15.950126,15.840282,4.0,4.0,4.0,0.0,0.0,0.0,0.0,0.0
14309,2023.0,4.0,10.0,8.0,17.755537,17.498066,20.218477,22.232391,18.538801,18.77387,18.149368,18.175386,16.330544,16.20622,17.4331,17.235977,18.621328,18.151426,18.302544,17.886356,15.903125,15.794012,0.0,4.0,0.0,0.0,0.0,0.0,0.0,0.0
14310,2023.0,4.0,10.0,9.0,18.543364,19.182728,18.307915,18.31792,17.730438,17.397655,17.455965,17.109129,16.247847,16.12515,17.207212,17.02206,18.421223,17.962175,18.029768,17.625694,15.854057,15.745806,0.0,0.0,0.0,0.0,0.0,0.0,0.0,0.0
14311,2023.0,4.0,10.0,9.0,17.874264,17.806835,17.384712,16.948105,18.054634,18.203289,17.179966,16.77201,16.184729,16.06126,17.432072,17.581324,18.51347,18.290382,17.847012,17.45083,15.814279,15.705714,0.0,4.0,0.0,0.0,4.0,0.0,0.0,0.0
14312,2023.0,4.0,10.0,9.0,18.194368,18.584997,17.773119,17.952374,18.139057,18.369122,17.243216,17.065392,16.126999,16.004951,20.262833,22.54088,18.486519,18.305262,17.884148,17.693295,15.7769375,15.669207,4.0,4.0,0.0,0.0,0.0,0.0,0.0,0.0
14313,2023.0,4.0,10.0,9.0,17.690166,17.585396,20.235987,22.372957,17.463263,17.155148,17.209597,17.083736,16.06676,15.945929,18.725756,19.210476,19.186808,19.717894,17.83156,17.675474,16.62986,17.306215,0.0,0.0,0.0,0.0,4.0,4.0,0.0,4.0
14314,2023.0,4.0,10.0,9.0,18.012604,18.427078,18.86149,19.430912,17.07936,16.682117,17.105864,16.9877,16.01183,15.892199,20.25662,22.289211,19.155453,19.436268,17.724638,17.577066,20.436726,23.711973,4.0,0.0,0.0,0.0,0.0,4.0,0.0,0.0
14315,2023.0,4.0,10.0,9.0,18.180605,18.647314,20.25987,22.216442,16.921614,16.525341,17.008745,16.892918,15.962566,15.84352,18.253267,18.159891,18.374237,18.016552,17.621946,17.479498,17.605629,17.684706,0.0,0.0,0.0,0.0,0.0,0.0,0.0,0.0
14316,2023.0,4.0,10.0,10.0,18.174067,18.64419,18.385628,18.393469,17.721724,18.16276,16.922062,16.808947,15.919953,15.801935,17.484747,17.378805,18.031351,17.620247,17.529175,17.390717,16.365522,16.121466,0.0,4.0,0.0,0.0,4.0,0.0,0.0,0.0
14317,2023.0,4.0,10.0,10.0,17.530264,17.45602,17.740416,17.572712,17.18899,17.026003,16.856886,16.747408,15.889074,15.772813,20.36091,22.402412,17.925583,17.517534,17.454693,17.31551,16.28238,16.150425,0.0,0.0,0.0,0.0,4.0,0.0,0.0,0.0
14318,2023.0,4.0,10.0,10.0,17.149433,16.962994,17.515486,17.374218,17.44739,17.724136,16.789246,16.6837,15.85639,15.742366,20.018452,21.620756,18.050917,17.868021,17.377625,17.239939,16.206179,16.094755,0.0,4.0,0.0,0.0,4.0,0.0,0.0,0.0
14319,2023.0,4.0,10.0,10.0,17.004215,16.812458,17.296457,17.144617,17.618448,17.938099,16.724806,16.620293,15.824939,15.71233,20.130667,21.673294,18.059473,17.892862,17.3073,17.17013,16.108276,15.999222,0.0,4.0,0.0,0.0,4.0,0.0,0.0,0.0
14320,2023.0,4.0,10.0,10.0,17.900808,18.614685,17.150446,17.0218,17.020369,16.807377,17.393686,17.927742,15.798775,15.690443,20.06368,21.44936,18.01751,17.856836,17.250362,17.11968,16.031267,15.929802,0.0,0.0,4.0,0.0,0.0,0.0,0.0,0.0
14321,2023.0,4.0,10.0,10.0,17.389215,17.39076,17.014603,16.890474,16.682291,16.366095,17.059263,17.11536,15.773851,15.668072,18.447002,18.276163,17.973911,17.816734,17.195448,17.067757,15.961469,15.86292,0.0,0.0,0.0,0.0,0.0,0.0,0.0,0.0
14322,2023.0,4.0,10.0,11.0,17.06356,16.923737,17.38259,17.66409,16.574919,16.250387,17.288408,17.61407,15.753937,15.650013,17.928783,17.701317,18.692493,19.20989,17.150002,17.023886,15.911052,15.813186,4.0,0.0,4.0,0.0,0.0,4.0,0.0,0.0
14323,2023.0,4.0,10.0,11.0,16.954012,16.817623,20.244135,22.716734,16.685743,16.550623,16.780684,16.626305,15.7352295,15.633452,17.752893,17.561924,18.704098,19.062328,17.107792,16.984282,15.8665905,15.77127,4.0,0.0,0.0,0.0,0.0,4.0,0.0,0.0
14324,2023.0,4.0,10.0,11.0,17.82212,18.555845,20.04003,21.974733,16.716562,16.624813,16.438105,16.165695,15.716278,15.616406,17.536123,17.357613,17.989916,17.69422,17.063593,16.942225,15.820145,15.726968,0.0,0.0,0.0,0.0,0.0,0.0,0.0,0.0
14325,2023.0,4.0,10.0,11.0,17.313572,17.33799,18.224142,18.2767,17.390684,17.92729,16.32375,16.045347,16.405733,16.92396,17.353523,17.188847,17.707346,17.364445,17.022575,16.903461,15.778577,15.687469,0.0,4.0,0.0,4.0,0.0,0.0,0.0,0.0
14326,2023.0,4.0,10.0,11.0,17.00334,16.896225,17.605185,17.476593,17.623936,18.22815,16.424889,16.31458,20.333055,23.640827,17.226292,17.067535,18.408848,18.755945,17.99108,18.756155,15.746868,15.656998,0.0,4.0,0.0,0.0,0.0,4.0,4.0,0.0
14327,2023.0,4.0,10.0,11.0,16.874767,16.759407,17.843184,18.124084,17.492931,17.888803,17.171953,17.726969,17.648327,17.828224,17.094276,16.946669,18.668642,19.033772,17.318575,17.144104,15.714598,15.626901,4.0,4.0,4.0,0.0,0.0,4.0,0.0,0.0
14328,2023.0,4.0,10.0,12.0,16.976973,17.03761,20.227581,22.410646,16.880053,16.74869,17.408554,18.024223,16.669891,16.391638,16.990944,16.846031,18.725552,19.092464,17.017832,16.748203,15.68964,15.60338,0.0,0.0,4.0,0.0,0.0,4.0,0.0,0.0
14329,2023.0,4.0,10.0,12.0,21.309507,24.706787,18.563654,18.906494,21.24187,24.579165,21.25728,24.622757,16.547394,16.41434,16.887945,16.753643,21.297003,23.635035,22.000637,25.30718,15.664895,15.580731,0.0,0.0,0.0,0.0,0.0,0.0,0.0,0.0
14330,2023.0,4.0,10.0,12.0,21.00592,23.630625,17.527714,17.489826,21.018353,23.62551,21.025112,23.69889,16.451927,16.338617,16.79483,16.666649,21.01085,22.745007,22.62578,25.948492,15.647673,15.565438,0.0,0.0,0.0,0.0,0.0,4.0,0.0,0.0
14331,2023.0,4.0,10.0,12.0,21.071455,23.466415,17.251417,17.167269,21.050165,23.3754,21.09332,23.52455,16.34786,16.241367,16.713106,16.590448,21.071453,22.682528,21.56046,23.933443,15.636963,15.557416,0.0,4.0,0.0,0.0,0.0,0.0,0.0,0.0
14332,2023.0,4.0,10.0,12.0,21.038193,23.183844,17.577799,17.918644,21.06369,23.177206,21.068462,23.291801,16.26779,16.169476,16.643818,16.528637,21.060637,22.509218,21.121754,22.923014,15.630589,15.553834,4.0,4.0,0.0,0.0,0.0,0.0,0.0,0.0
14333,2023.0,4.0,10.0,12.0,21.180035,23.337114,20.278835,22.622791,21.158049,23.231249,21.156883,23.337244,16.204899,16.114285,16.581823,16.47003,21.125021,22.525253,21.182388,22.956663,15.627366,15.553359,0.0,0.0,0.0,0.0,0.0,0.0,0.0,0.0
14334,2023.0,4.0,10.0,13.0,21.080824,23.034227,18.849976,19.509266,21.053932,22.886095,21.069223,23.062874,16.155508,16.070189,16.531958,16.42415,21.045975,22.303032,21.01992,22.529314,15.627912,15.556585,4.0,4.0,0.0,0.0,0.0,0.0,4.0,0.0
14335,2023.0,4.0,10.0,13.0,21.072786,22.92583,20.249651,22.277193,21.057568,22.81098,21.068018,22.987423,16.116467,16.035204,16.490505,16.38524,21.046192,22.252563,21.036467,22.492155,15.630806,15.56193,4.0,4.0,0.0,0.0,0.0,0.0,4.0,0.0
14336,2023.0,4.0,10.0,13.0,21.068485,22.846788,20.027224,21.674511,21.05294,22.740194,21.064167,22.923244,16.084599,16.00625,16.456108,16.352907,21.043303,22.205511,21.072224,22.539043,15.635023,15.568723,0.0,4.0,0.0,0.0,0.0,0.0,0.0,0.0
14337,2023.0,4.0,10.0,13.0,21.057655,22.794748,18.722706,19.039396,21.054379,22.69386,21.065933,22.88062,16.059986,15.984635,16.43079,16.332417,21.01468,22.09583,21.063189,22.469574,15.639167,15.574927,4.0,4.0,0.0,0.0,0.0,4.0,0.0,0.0
14338,2023.0,4.0,10.0,13.0,21.031738,22.696342,20.225767,22.110447,21.077297,22.718548,21.064543,22.840061,16.038189,15.965023,16.785719,17.02149,21.0599,22.161636,21.063065,22.425413,15.643716,15.581712,0.0,0.0,0.0,0.0,4.0,0.0,0.0,0.0
14339,2023.0,4.0,10.0,13.0,21.048552,22.687756,18.791649,19.116678,21.070972,22.66609,21.063707,22.806324,16.021215,15.950477,20.451683,23.099327,21.022383,22.02806,21.022594,22.281324,15.648745,15.588901,4.0,0.0,0.0,0.0,0.0,4.0,4.0,0.0
14340,2023.0,4.0,10.0,14.0,21.071909,22.723207,20.26159,22.095316,21.04562,22.561317,21.038115,22.70748,16.008255,15.939842,18.341526,18.700768,21.027008,22.011938,21.029123,22.273428,15.654609,15.596833,0.0,4.0,4.0,0.0,0.0,4.0,4.0,0.0
14341,2023.0,4.0,10.0,14.0,19.962069,20.532442,18.590347,18.691868,19.869495,20.28453,19.980742,20.658634,15.999145,15.932517,17.563225,17.797361,20.367836,20.723745,20.31337,20.880888,15.66078,15.604294,0.0,4.0,4.0,0.0,4.0,4.0,4.0,0.0
14342,2023.0,4.0,10.0,14.0,19.592773,20.084593,17.983858,17.903429,19.43001,19.721718,18.815485,18.694786,15.994467,15.92922,20.317568,22.595325,19.50748,19.226412,20.127972,20.68066,15.667098,15.6121645,0.0,4.0,0.0,0.0,0.0,0.0,4.0,0.0
14343,2023.0,4.0,10.0,14.0,19.406334,19.909704,17.761143,17.70291,18.629913,18.42667,18.177946,17.927803,15.989517,15.926001,18.550997,18.85422,19.078321,18.728199,19.147219,18.943144,15.671909,15.618477,0.0,0.0,0.0,0.0,0.0,0.0,0.0,0.0
14344,2023.0,4.0,10.0,14.0,18.665577,18.633799,18.049385,18.380283,18.229446,17.9287,18.58238,18.894186,15.983968,15.919639,18.124197,18.328497,19.663303,19.983332,19.696785,20.260231,15.674648,15.622755,4.0,0.0,4.0,0.0,4.0,4.0,4.0,0.0
14345,2023.0,4.0,10.0,14.0,18.321228,18.22278,20.242016,22.258184,18.666178,18.938639,18.040705,17.914532,15.979,15.914308,20.24487,22.108734,19.778597,20.138098,18.898617,18.712698,15.676935,15.62639,0.0,4.0,0.0,0.0,0.0,4.0,0.0,0.0
14346,2023.0,4.0,10.0,15.0,18.796183,19.313696,19.050243,19.684164,18.17683,18.009037,17.628443,17.408583,15.974928,15.90966,19.037422,19.519135,19.085546,18.847256,18.406122,18.129631,15.677347,15.625631,4.0,0.0,0.0,0.0,4.0,0.0,0.0,0.0
14347,2023.0,4.0,10.0,15.0,18.890524,19.460674,20.204947,21.902716,18.507277,18.8107,17.473015,17.24978,15.973919,15.908509,20.261242,21.737406,19.543938,19.879473,19.22495,19.817778,15.678099,15.625879,4.0,4.0,0.0,0.0,0.0,4.0,4.0,0.0
14348,2023.0,4.0,10.0,15.0,18.846888,19.413052,20.029335,21.440807,18.03446,17.890844,17.468102,17.389885,15.974809,15.909393,18.965616,19.175245,19.043787,18.818699,18.606234,18.443373,15.679732,15.627095,4.0,0.0,0.0,0.0,4.0,0.0,0.0,0.0
14349,2023.0,4.0,10.0,15.0,18.831068,19.416739,20.047691,21.399412,17.66588,17.44205,17.417242,17.371447,16.755432,17.378063,20.280628,21.771738,18.700106,18.397297,18.172363,17.92488,15.681932,15.628962,4.0,0.0,0.0,4.0,0.0,0.0,0.0,0.0
14350,2023.0,4.0,10.0,15.0,18.810524,19.404276,20.043503,21.33396,18.170483,18.52113,17.32978,17.291052,20.355675,23.433727,18.712088,18.679522,18.578087,18.276766,19.008474,19.638279,15.68432,15.631256,4.0,4.0,0.0,0.0,0.0,0.0,4.0,0.0
14351,2023.0,4.0,10.0,15.0,18.792799,19.393356,20.060501,21.339739,17.76001,17.658619,17.947855,18.525803,17.89762,18.124052,17.994482,17.850628,19.415493,19.961306,18.416199,18.28082,16.64941,17.45028,0.0,0.0,4.0,0.0,0.0,4.0,0.0,4.0
14352,2023.0,4.0,10.0,16.0,18.774021,19.376493,18.764246,18.822952,17.435532,17.25089,17.594618,17.698854,16.741386,16.609833,18.17974,18.35938,18.88689,18.721087,18.009565,17.787283,20.370518,23.665808,0.0,0.0,0.0,0.0,4.0,0.0,0.0,0.0
14353,2023.0,4.0,10.0,16.0,18.144321,18.220316,18.53484,18.866192,18.123049,18.657896,17.807262,18.257082,17.340586,17.910994,20.269196,21.985958,18.522102,18.253538,18.868193,19.523853,18.329058,19.10775,4.0,4.0,4.0,4.0,4.0,0.0,4.0,4.0
14354,2023.0,4.0,10.0,16.0,18.492489,19.092896,20.206623,21.84426,18.275177,18.745176,17.36035,17.32315,20.310387,22.932976,20.037071,21.421104,18.412025,18.137533,18.276665,18.152287,20.312384,22.986937,4.0,4.0,0.0,0.0,0.0,0.0,0.0,4.0
14355,2023.0,4.0,10.0,16.0,18.037693,18.125784,20.020882,21.353952,17.66472,17.627562,17.03814,16.90288,18.113703,18.278368,18.63127,18.593943,19.256157,19.820415,17.879757,17.668465,20.045252,22.202374,4.0,0.0,0.0,0.0,0.0,4.0,0.0,0.0
14356,2023.0,4.0,10.0,16.0,17.691141,17.681932,20.044373,21.323862,17.970642,18.382875,16.92855,16.78299,17.730503,18.182348,17.965788,17.830702,19.418457,19.867163,17.749966,17.534689,18.037313,18.13458,4.0,4.0,0.0,4.0,0.0,4.0,0.0,0.0
14357,2023.0,4.0,10.0,16.0,17.572763,17.562208,20.05837,21.314554,17.574144,17.53892,16.955835,16.91078,20.297285,22.644764,17.790606,17.658115,18.719091,18.53974,17.75989,17.645594,17.050938,16.878975,0.0,0.0,0.0,0.0,0.0,0.0,0.0,0.0
14358,2023.0,4.0,10.0,17.0,17.617544,17.731815,19.112185,19.440327,17.898355,18.318453,16.949179,16.92606,18.260067,18.386211,17.65281,17.528717,18.40631,18.148249,17.737825,17.640041,16.77311,16.596256,4.0,4.0,0.0,0.0,0.0,0.0,0.0,0.0
14359,2023.0,4.0,10.0,17.0,18.353876,19.145166,20.161913,21.48386,18.03431,18.49807,17.621916,18.221418,17.581692,17.465353,17.549906,17.422813,18.310583,18.040392,17.690468,17.593817,16.708942,16.606785,4.0,4.0,4.0,0.0,0.0,0.0,0.0,0.0
14360,2023.0,4.0,10.0,17.0,17.822664,17.917097,20.04177,21.220985,18.050808,18.50277,17.899109,18.536373,17.347588,17.233606,17.440035,17.314241,18.363283,18.221268,17.636889,17.540007,17.56286,18.319574,0.0,4.0,4.0,0.0,0.0,0.0,0.0,4.0
14361,2023.0,4.0,10.0,17.0,18.15477,18.751001,19.120956,19.411373,18.06033,18.503595,17.801275,18.279272,17.164822,17.054457,17.34299,17.220917,18.361668,18.236908,17.585804,17.488865,20.300514,22.927612,4.0,4.0,4.0,0.0,0.0,0.0,0.0,0.0
14362,2023.0,4.0,10.0,17.0,18.342829,18.954243,20.1706,21.579496,18.061697,18.496706,17.769905,18.225304,17.76138,18.310629,17.251326,17.128193,18.321285,18.198086,17.536888,17.439661,18.025787,18.153889,4.0,4.0,4.0,4.0,0.0,0.0,0.0,0.0
14363,2023.0,4.0,10.0,17.0,18.360615,18.9563,20.041355,21.257929,18.057827,18.48481,17.18986,17.132433,20.30145,22.65586,17.166822,17.044065,19.073336,19.662676,17.490047,17.392591,16.930183,16.737776,0.0,4.0,0.0,0.0,0.0,4.0,0.0,0.0
14364,2023.0,4.0,10.0,18.0,18.370436,18.951853,19.083782,19.35599,18.051075,18.4702,16.84579,16.674984,18.224056,18.303848,17.092346,16.972696,18.476112,18.2938,18.504953,19.348421,17.688574,18.405561,4.0,4.0,0.0,0.0,0.0,0.0,4.0,4.0
14365,2023.0,4.0,10.0,18.0,21.305016,24.07385,20.165861,21.457857,21.331509,24.17594,21.20673,24.404902,18.152878,18.518112,17.4367,17.674871,21.43615,23.589853,22.238981,25.573744,20.30609,22.891289,4.0,4.0,0.0,4.0,4.0,0.0,0.0,0.0
14366,2023.0,4.0,10.0,18.0,21.005539,23.139843,20.04317,21.18598,21.013279,23.205662,20.987623,23.496471,20.290018,22.278887,20.365568,22.577744,21.00446,22.555496,20.879633,22.692802,17.98024,18.01738,0.0,4.0,4.0,0.0,4.0,4.0,0.0,0.0
14367,2023.0,4.0,10.0,18.0,21.056269,23.028696,18.739145,18.65587,21.088018,23.140402,21.097023,23.413881,18.347485,18.300714,20.001045,21.670225,21.038956,22.442232,21.096539,22.908422,16.906073,16.663784,0.0,0.0,0.0,0.0,4.0,4.0,0.0,0.0
14368,2023.0,4.0,10.0,18.0,21.073458,22.93799,18.61172,18.905466,21.049002,22.87769,21.077684,23.16032,18.120193,18.48417,20.074047,21.60221,21.062006,22.377287,21.012308,22.584333,16.77849,16.65873,4.0,4.0,0.0,4.0,0.0,0.0,4.0,0.0
14369,2023.0,4.0,10.0,18.0,21.16063,23.00225,20.194159,21.702642,21.169394,23.002142,21.160656,23.202827,20.265417,22.199425,18.454016,18.327742,21.129221,22.409315,21.190598,22.857006,16.68342,16.572428,4.0,4.0,0.0,4.0,0.0,0.0,0.0,0.0
14370,2023.0,4.0,10.0,19.0,21.067392,22.728552,20.040958,21.291529,21.077806,22.749146,21.065365,22.91735,20.01421,21.521503,17.748186,17.574432,21.055729,22.1833,21.064096,22.514027,17.588556,18.38855,0.0,0.0,0.0,4.0,0.0,0.0,0.0,4.0
14371,2023.0,4.0,10.0,19.0,21.027151,22.591345,18.655764,18.562468,21.072351,22.667294,21.064487,22.845512,20.074339,21.539757,17.581255,17.41325,21.04284,22.12472,21.065151,22.449282,20.310865,22.889078,0.0,0.0,0.0,0.0,0.0,0.0,0.0,4.0
14372,2023.0,4.0,10.0,19.0,21.073963,22.648918,17.795063,17.417877,21.047394,22.540596,21.063393,22.787197,18.407505,18.239687,17.802141,17.965567,21.014174,22.021837,21.05234,22.39558,20.01464,21.991848,0.0,4.0,0.0,0.0,4.0,4.0,0.0,4.0
14373,2023.0,4.0,10.0,19.0,21.03916,22.514143,18.165236,18.364162,21.051792,22.508469,21.062567,22.739237,18.241112,18.50531,20.352608,22.269733,21.031754,22.017204,21.014156,22.267141,20.187193,22.125124,4.0,4.0,0.0,4.0,0.0,4.0,4.0,4.0
14374,2023.0,4.0,10.0,19.0,21.044909,22.49323,20.22281,22.017307,21.075815,22.542677,21.037016,22.62967,20.30018,22.002245,18.924055,19.325253,21.059683,22.0619,21.073208,22.375074,20.077105,21.78016,0.0,0.0,4.0,4.0,4.0,0.0,0.0,0.0
14375,2023.0,4.0,10.0,19.0,21.043999,22.464594,19.098942,19.585052,21.045567,22.428759,21.06615,22.679514,20.045158,21.46315,20.253973,22.001024,21.024733,21.941116,21.063074,22.318972,18.90076,19.356358,4.0,4.0,0.0,0.0,0.0,4.0,0.0,4.0
14376,2023.0,4.0,10.0,20.0,21.04366,22.440634,20.237545,21.847202,21.07585,22.483486,21.05165,22.57008,18.365433,18.13618,18.70178,18.752132,21.029995,21.932186,21.063913,22.28899,20.218826,21.982927,0.0,0.0,4.0,0.0,4.0,4.0,0.0,4.0
14377,2023.0,4.0,10.0,20.0,21.070251,22.492697,18.869951,19.002293,21.044872,22.3753,21.07952,22.602438,18.206278,18.426014,20.314108,21.936087,21.059483,21.993309,21.05023,22.261597,20.177135,21.822176,4.0,4.0,0.0,4.0,0.0,0.0,0.0,0.0
14378,2023.0,4.0,10.0,20.0,21.038078,22.383928,20.221968,21.781693,21.075468,22.436785,21.07333,22.549957,20.339325,22.06884,18.445915,18.216572,21.054396,21.959526,21.051682,22.259645,18.99052,19.405952,4.0,0.0,0.0,0.0,0.0,0.0,0.0,4.0
14379,2023.0,4.0,10.0,20.0,21.043392,22.377033,20.025072,21.246925,21.069496,22.402544,21.073753,22.516312,18.367926,18.146677,18.09663,18.224161,21.054665,21.938549,21.051502,22.252743,20.241776,21.938173,4.0,0.0,0.0,0.0,4.0,0.0,0.0,0.0
14380,2023.0,4.0,10.0,20.0,21.069735,22.434858,20.051432,21.21101,21.052958,22.38217,21.031315,22.417807,17.389751,16.942997,20.332993,22.016832,21.039911,21.919413,21.051338,22.244938,18.305803,18.066063,4.0,0.0,4.0,0.0,0.0,0.0,0.0,0.0
14381,2023.0,4.0,10.0,20.0,21.037636,22.332384,20.065199,21.192293,21.029879,22.32,21.038437,22.43615,17.338703,17.126139,19.016537,19.34099,21.04157,21.925865,21.051369,22.236963,18.284286,18.687918,0.0,4.0,4.0,0.0,4.0,0.0,0.0,4.0
14382,2023.0,4.0,10.0,21.0,21.169407,22.604214,18.928453,18.94474,21.19075,22.666473,21.168856,22.68221,17.267332,17.080408,20.260046,21.834173,21.152225,22.146769,21.226501,22.578814,20.300325,22.156588,4.0,0.0,0.0,0.0,0.0,0.0,0.0,4.0
14383,2023.0,4.0,10.0,21.0,21.037676,22.302313,20.219946,21.616842,21.071268,22.384995,21.072063,22.453886,17.13448,16.951439,18.718704,18.664093,21.041145,21.919394,21.050537,22.213898,20.05184,21.55202,0.0,0.0,0.0,0.0,4.0,0.0,0.0,0.0
14384,2023.0,4.0,10.0,21.0,21.043356,22.307285,18.600473,18.357246,21.069633,22.352766,21.047821,22.358812,17.016285,16.83708,20.299326,21.797878,21.04128,21.917036,21.050797,22.207888,18.962082,19.313143,0.0,0.0,4.0,0.0,4.0,0.0,0.0,4.0
14385,2023.0,4.0,10.0,21.0,21.069729,22.374043,18.39221,18.540308,21.026697,22.259588,21.052523,22.351004,16.911406,16.734936,20.042799,21.245794,21.041368,21.913578,21.050583,22.200838,20.247799,21.802467,4.0,4.0,4.0,0.0,0.0,0.0,0.0,4.0
14386,2023.0,4.0,10.0,21.0,21.201939,22.605719,20.189249,21.754648,21.237827,22.69206,21.189499,22.61098,17.548542,18.015783,18.423862,18.046112,21.2329,22.274271,21.34855,22.763111,20.052843,21.418726,4.0,4.0,4.0,4.0,0.0,4.0,4.0,0.0
14387,2023.0,4.0,10.0,21.0,21.042875,22.276186,20.049427,21.317377,21.07605,22.352762,21.076471,22.388002,20.352362,22.636591,18.208136,18.285343,21.045902,21.917196,21.07219,22.202736,18.309162,17.998396,0.0,0.0,0.0,4.0,4.0,0.0,0.0,0.0
14388,2023.0,4.0,10.0,22.0,21.1698,22.542807,18.472763,18.188532,21.165878,22.506462,21.166384,22.55186,20.152906,22.029795,20.308075,21.841835,21.133213,22.055622,21.194027,22.423367,17.423311,16.952057,0.0,0.0,0.0,0.0,4.0,0.0,0.0,0.0
14389,2023.0,4.0,10.0,22.0,21.063465,22.313158,18.303343,18.429697,21.069305,22.287613,21.071789,22.344019,18.583767,18.749043,20.046885,21.266653,21.025063,21.791937,21.06318,22.137001,17.114006,16.642511,4.0,0.0,0.0,4.0,0.0,4.0,0.0,0.0
14390,2023.0,4.0,10.0,22.0,21.16754,22.506853,20.218945,21.869482,21.195107,22.557638,21.191402,22.607082,20.36442,22.158213,18.389664,17.9819,21.135597,22.019184,21.23204,22.488413,17.96557,18.483122,0.0,0.0,0.0,0.0,0.0,0.0,0.0,4.0
14391,2023.0,4.0,10.0,22.0,21.046444,22.283112,18.801012,18.93102,21.052895,22.277822,21.055588,22.344028,18.258394,17.958805,17.758083,17.449465,21.054928,21.837374,21.049864,22.124903,20.283304,22.372263,0.0,0.0,0.0,0.0,0.0,0.0,0.0,0.0
14392,2023.0,4.0,10.0,22.0,21.049303,22.3009,17.926947,17.737795,21.053186,22.283056,21.055725,22.351717,17.503937,17.258757,17.628548,17.354355,21.055687,21.823015,21.05041,22.129526,18.070635,17.800142,0.0,0.0,0.0,0.0,0.0,0.0,0.0,0.0
14393,2023.0,4.0,10.0,22.0,21.049408,22.30834,17.643948,17.39447,21.053125,22.284046,21.055904,22.355417,17.33781,17.102528,17.448486,17.173412,21.038902,21.808908,21.050251,22.129791,17.848198,18.078278,0.0,0.0,0.0,0.0,0.0,0.0,0.0,4.0
14394,2023.0,4.0,10.0,23.0,21.022757,22.240469,17.479181,17.225243,21.053408,22.283375,21.056263,22.356827,17.171955,16.942303,17.291567,17.02107,21.041204,21.823803,21.050463,22.12878,20.35542,22.324041,0.0,0.0,0.0,0.0,0.0,0.0,0.0,0.0
14395,2023.0,4.0,10.0,23.0,19.806139,19.94647,17.341347,17.085848,19.749796,19.78022,19.687016,19.72845,17.62804,17.931322,17.152596,16.887049,19.9941,19.817656,19.747839,19.622057,18.150053,17.877052,0.0,0.0,0.0,4.0,0.0,0.0,0.0,0.0
14396,2023.0,4.0,10.0,23.0,18.85276,18.394852,17.239464,16.979948,19.077568,18.811548,18.992249,18.737726,17.15118,16.935122,17.046011,16.780659,19.573524,19.270403,19.217134,18.94614,17.644403,17.386213,0.0,0.0,0.0,0.0,0.0,0.0,0.0,0.0
14397,2023.0,4.0,10.0,23.0,18.469303,17.95582,17.142893,16.880608,18.782312,18.48677,18.685434,18.403053,16.9308,16.701689,16.939144,16.6658,19.380665,19.076374,18.962559,18.688164,17.473202,17.23881,0.0,0.0,0.0,0.0,0.0,0.0,0.0,0.0
14398,2023.0,4.0,10.0,23.0,18.615385,18.48656,17.061018,16.802246,18.579317,18.291721,18.47238,18.198927,16.825106,16.595102,16.848324,16.576948,19.227516,18.93284,18.766665,18.503338,17.305763,17.081287,0.0,0.0,0.0,0.0,0.0,0.0,0.0,0.0
14399,2023.0,4.0,10.0,23.0,18.535664,18.445019,16.98487,16.729881,18.408096,18.128727,18.292765,18.028286,17.29747,17.566868,16.764,16.49518,19.094131,18.808826,18.59895,18.346668,17.93857,18.411406,0.0,0.0,0.0,4.0,0.0,0.0,0.0,4.0
14400,2023.0,4.0,11.0,0.0,18.413153,18.327774,16.911707,16.658176,18.253904,17.977987,18.131311,17.870598,16.583755,16.09813,16.967083,16.944103,18.966679,18.678268,18.446981,18.201221,17.321913,17.145714,0.0,0.0,0.0,0.0,4.0,0.0,0.0,0.0
14401,2023.0,4.0,11.0,0.0,18.295454,18.210327,16.841934,16.588598,18.112642,17.836521,17.983835,17.722755,16.275177,15.745229,16.73633,16.489058,18.850836,18.560404,18.303194,18.053085,16.769495,16.275154,0.0,0.0,0.0,0.0,0.0,0.0,0.0,0.0
14402,2023.0,4.0,11.0,0.0,18.192648,18.114079,16.780834,16.53175,17.992893,17.724352,17.859056,17.605682,16.423714,16.172577,16.60244,16.337864,18.751692,18.464968,18.180374,17.934483,17.306646,17.470434,0.0,0.0,0.0,0.0,0.0,0.0,0.0,4.0
14403,2023.0,4.0,11.0,0.0,18.095757,18.021715,16.722025,16.476019,17.881893,17.618587,17.743427,17.495346,16.419018,16.192518,16.522177,16.256994,18.659916,18.375284,18.06713,17.823626,16.678896,16.202848,0.0,0.0,0.0,0.0,0.0,0.0,0.0,0.0
14404,2023.0,4.0,11.0,0.0,18.00387,17.93208,16.664814,16.420557,17.777777,17.51728,17.635138,17.38977,16.945406,17.234047,16.450562,16.18549,18.574068,18.289759,17.9614,17.718195,16.409061,15.91619,0.0,0.0,0.0,4.0,0.0,0.0,0.0,0.0
14405,2023.0,4.0,11.0,0.0,17.921995,17.855478,16.612492,16.372044,17.68545,17.43138,17.539019,17.300228,16.530983,16.33795,16.38723,16.124903,18.497734,18.216536,17.867353,17.627726,17.29184,17.733814,0.0,0.0,0.0,0.0,0.0,0.0,0.0,4.0
14406,2023.0,4.0,11.0,1.0,17.84389,17.780216,16.561163,16.323065,17.597513,17.347359,17.44744,17.212635,16.907845,17.17147,16.326283,16.06519,18.42536,18.14546,17.778324,17.540121,16.547888,16.127588,0.0,0.0,0.0,4.0,0.0,0.0,0.0,0.0
14407,2023.0,4.0,11.0,1.0,17.76827,17.704842,16.509485,16.271294,17.512985,17.26417,17.359798,17.12628,16.226368,15.753835,16.266403,16.00436,18.355698,18.074865,17.693356,17.454496,16.226439,15.743041,0.0,0.0,0.0,0.0,0.0,0.0,0.0,0.0
14408,2023.0,4.0,11.0,1.0,17.696564,17.633188,16.458763,16.220034,18.136967,18.505163,17.276836,17.044418,15.937997,15.419996,16.208397,15.945321,19.02569,19.398104,18.607513,19.244701,16.10017,15.620288,0.0,4.0,0.0,0.0,0.0,4.0,4.0,0.0
14409,2023.0,4.0,11.0,1.0,17.628382,17.565365,16.409613,16.170574,17.72158,17.640404,17.198563,16.967665,16.397833,16.383375,16.43307,16.410963,18.503551,18.289585,17.631187,17.184528,16.23671,16.006632,0.0,0.0,0.0,4.0,4.0,0.0,0.0,0.0
14410,2023.0,4.0,11.0,1.0,17.56072,17.495718,16.359882,16.11865,17.063574,16.460148,17.121378,16.889297,16.53444,16.548136,16.213997,15.951373,17.97936,17.385464,17.25957,16.720272,16.23222,16.018074,0.0,0.0,0.0,4.0,0.0,0.0,0.0,0.0
14411,2023.0,4.0,11.0,1.0,17.497854,17.432549,16.31291,16.070654,16.832457,16.178736,17.049852,16.81841,15.989001,15.515689,16.097809,15.829074,17.7891,17.162575,17.122108,16.58634,16.176722,15.961641,0.0,0.0,0.0,0.0,0.0,0.0,0.0,0.0
14412,2023.0,4.0,11.0,2.0,17.43723,17.371391,16.266827,16.02351,17.056145,16.754648,16.981434,16.750427,16.359568,16.36976,16.039024,15.769901,18.003614,17.70665,17.291397,17.045591,16.121206,15.905219,0.0,0.0,0.0,4.0,0.0,0.0,0.0,0.0
14413,2023.0,4.0,11.0,2.0,17.378313,17.311935,16.221281,15.976941,17.076174,16.824919,16.915606,16.684889,15.880607,15.391077,15.981502,15.71139,18.005283,17.717146,17.273312,17.029106,16.065985,15.849113,0.0,0.0,0.0,0.0,0.0,0.0,0.0,0.0
14414,2023.0,4.0,11.0,2.0,17.317596,17.247011,16.172499,15.923303,17.021029,16.768986,16.847597,16.612547,15.649028,15.114472,15.923406,15.648879,17.954088,17.66248,17.213097,16.965689,16.009716,15.789645,0.0,0.0,0.0,0.0,0.0,0.0,0.0,0.0
14415,2023.0,4.0,11.0,2.0,17.263111,17.193302,16.129868,15.881543,16.967157,16.717358,16.788256,16.555454,15.845142,15.616629,16.188057,16.191511,17.90629,17.614527,17.15589,16.908617,15.957867,15.737783,0.0,0.0,0.0,0.0,4.0,0.0,0.0,0.0
14416,2023.0,4.0,11.0,2.0,17.210716,17.142702,16.088087,15.840813,16.913382,16.666248,16.7314,16.501186,15.832856,15.597069,15.945265,15.68172,17.859346,17.568302,17.099844,16.853752,16.635706,17.058077,0.0,0.0,0.0,0.0,0.0,0.0,0.0,4.0
14417,2023.0,4.0,11.0,2.0,17.153185,17.080595,16.040571,15.787832,16.853207,16.601484,16.66897,16.433685,15.785718,15.546236,15.823125,15.5443125,17.808783,17.514069,17.040148,16.79064,16.913242,17.426147,0.0,0.0,0.0,0.0,0.0,0.0,0.0,4.0
14418,2023.0,4.0,11.0,3.0,17.105082,17.036074,16.002214,15.752846,16.803564,16.556768,16.618465,16.387875,15.743567,15.506222,15.771067,15.496083,17.7648,17.472277,16.987524,16.740696,15.965766,15.531187,0.0,0.0,0.0,0.0,0.0,0.0,0.0,0.0
14419,2023.0,4.0,11.0,3.0,17.05328,16.983068,16.443678,16.614687,16.749647,16.502348,16.563965,16.332438,16.272789,16.538525,15.71598,15.43986,17.718485,17.424917,16.932478,16.684763,16.392563,16.552872,4.0,0.0,0.0,4.0,0.0,0.0,0.0,4.0
14420,2023.0,4.0,11.0,3.0,17.003065,16.931932,16.156118,16.005713,16.697134,16.449652,16.510939,16.278938,15.856916,15.62979,15.66427,15.387318,17.673428,17.37915,16.8789,16.630665,16.524473,16.685362,0.0,0.0,0.0,0.0,0.0,0.0,0.0,4.0
14421,2023.0,4.0,11.0,3.0,16.967064,16.90794,15.9807415,15.7397,16.646484,16.399672,16.46006,16.228409,15.711554,15.470741,15.615349,15.338526,17.629879,17.33561,16.827085,16.579123,15.850421,15.40212,0.0,0.0,0.0,0.0,0.0,0.0,0.0,0.0
14422,2023.0,4.0,11.0,3.0,16.925241,16.868128,15.903174,15.64465,16.59215,16.341425,16.405598,16.1697,15.650352,15.4067955,15.564033,15.283649,17.584326,17.287378,16.773321,16.52283,15.567782,15.054064,0.0,0.0,0.0,0.0,0.0,0.0,0.0,0.0
14423,2023.0,4.0,11.0,3.0,16.879725,16.821953,15.8507805,15.591949,16.542494,16.291868,16.355555,16.119638,15.595611,15.351944,15.516823,15.236215,17.541656,17.244398,16.722687,16.472105,15.442898,14.934951,0.0,0.0,0.0,0.0,0.0,0.0,0.0,0.0
14424,2023.0,4.0,11.0,4.0,16.835047,16.777496,15.804824,15.547707,16.495163,16.246279,16.307514,16.073404,15.546168,15.303279,15.471624,15.192033,17.500317,17.203533,16.673494,16.423565,15.631698,15.4189005,0.0,0.0,0.0,0.0,0.0,0.0,0.0,0.0
14425,2023.0,4.0,11.0,4.0,16.791769,16.73575,15.761252,15.506232,16.449194,16.202742,16.260654,16.029133,15.4997835,15.258577,15.427981,15.150254,17.460388,17.164974,16.62599,16.377737,16.337395,16.753458,0.0,0.0,0.0,0.0,0.0,0.0,0.0,4.0
14426,2023.0,4.0,11.0,4.0,16.747229,16.691204,15.717282,15.462576,16.402168,16.156454,16.212883,15.982135,15.453785,15.212942,15.383578,15.106337,17.419855,17.124775,16.577948,16.330269,15.560486,15.108222,0.0,0.0,0.0,0.0,0.0,0.0,0.0,0.0
14427,2023.0,4.0,11.0,4.0,16.698772,16.638613,15.669053,15.409565,16.350752,16.100855,16.160955,15.925887,15.405471,15.161503,15.335673,15.054926,17.37665,17.078882,16.52716,16.276855,15.278397,14.771011,0.0,0.0,0.0,0.0,0.0,0.0,0.0,0.0
14428,2023.0,4.0,11.0,4.0,16.655256,16.595583,15.627933,15.370103,16.305704,16.057537,16.115353,15.88204,15.362076,15.118953,15.292901,15.013359,17.337101,17.040018,16.48023,16.230751,15.466166,15.255091,0.0,0.0,0.0,0.0,0.0,0.0,0.0,0.0
14429,2023.0,4.0,11.0,4.0,16.609932,16.548712,15.583668,15.323781,16.257837,16.008123,16.066685,15.831905,15.317772,15.073722,15.248253,14.96755,17.296404,16.9985,16.432339,16.182262,15.439004,15.210468,0.0,0.0,0.0,0.0,0.0,0.0,0.0,0.0
14430,2023.0,4.0,11.0,5.0,16.569374,16.51114,15.546079,15.290466,16.216215,15.970859,16.024351,15.7940855,15.277895,15.03678,15.208557,14.931399,17.259275,16.963966,17.415274,18.072575,16.103247,16.49877,0.0,0.0,0.0,0.0,0.0,0.0,4.0,4.0
14431,2023.0,4.0,11.0,5.0,16.527168,16.470114,15.506445,15.252641,16.172848,15.929328,15.980197,15.751846,15.237286,14.997737,15.167555,14.89222,17.221533,16.927902,16.451546,16.00613,15.362465,14.925241,0.0,0.0,0.0,0.0,0.0,0.0,0.0,0.0
14432,2023.0,4.0,11.0,5.0,16.484636,16.427845,15.466768,15.214025,16.12951,15.886774,15.936044,15.708533,15.781431,16.05637,15.126538,14.852158,17.183662,16.890932,16.103355,15.56643,15.078511,14.582079,0.0,0.0,0.0,4.0,0.0,0.0,0.0,0.0
14433,2023.0,4.0,11.0,5.0,16.443884,16.388412,15.428743,15.178077,16.087648,15.846913,15.893434,15.667981,15.363432,15.14114,15.08721,14.814798,17.147158,16.856203,15.990675,15.461066,15.250851,15.031867,0.0,0.0,0.0,0.0,0.0,0.0,0.0,0.0
14434,2023.0,4.0,11.0,5.0,17.193596,17.834282,15.39176,15.143716,16.046484,15.808492,15.851618,15.628942,15.222865,14.986413,15.048979,14.779082,17.111546,16.822836,16.175756,15.932531,15.243801,15.024475,0.0,0.0,0.0,0.0,0.0,0.0,0.0,0.0
14435,2023.0,4.0,11.0,5.0,16.694557,16.743355,15.354526,15.1085,16.74919,17.165503,15.8095255,15.588925,15.17042,14.936382,15.010739,14.742794,17.076015,16.789076,16.180855,15.9419365,15.92117,16.336098,0.0,4.0,0.0,0.0,0.0,0.0,0.0,4.0
14436,2023.0,4.0,11.0,6.0,16.860762,17.107721,15.317823,15.074109,16.324675,16.238003,15.768299,15.549961,15.122267,14.890172,15.002858,14.761145,17.041494,16.756527,17.1767,17.8507,15.897155,16.09743,0.0,0.0,0.0,0.0,0.0,0.0,4.0,4.0
14437,2023.0,4.0,11.0,6.0,21.208614,24.555649,15.278186,15.037101,20.61035,23.770687,20.908588,24.553066,15.653692,15.93243,15.234761,15.220729,20.973925,23.425026,21.816628,25.444475,20.336954,23.780788,0.0,0.0,0.0,4.0,4.0,0.0,4.0,4.0
14438,2023.0,4.0,11.0,6.0,21.173641,23.951263,15.715061,15.887352,21.111782,24.086845,21.41208,24.663536,20.720884,24.434488,20.309723,23.604769,21.580576,24.268543,22.310472,25.727402,20.302393,23.067623,4.0,0.0,4.0,4.0,0.0,0.0,4.0,0.0
14439,2023.0,4.0,11.0,6.0,22.011438,24.957733,20.250687,23.627234,21.986069,25.119959,21.746725,24.803747,19.922697,22.444613,17.859104,18.433388,21.491297,23.733349,21.98017,24.62475,17.552813,17.353844,4.0,0.0,4.0,0.0,4.0,4.0,0.0,0.0
14440,2023.0,4.0,11.0,6.0,21.847832,24.507622,20.016788,22.678534,21.012861,23.167542,21.000612,23.194761,17.738958,17.888588,20.281208,23.224052,21.908606,24.148235,21.045227,22.81681,16.83294,16.945412,0.0,0.0,4.0,4.0,0.0,0.0,4.0,4.0
14441,2023.0,4.0,11.0,6.0,20.972937,22.716518,17.66034,17.757807,21.079811,23.159445,21.103657,23.243237,20.432526,23.015837,18.154556,18.616287,20.942057,22.220514,21.119118,22.909143,20.482138,23.20684,4.0,4.0,4.0,0.0,4.0,4.0,0.0,0.0
14442,2023.0,4.0,11.0,7.0,22.081821,24.50587,20.247322,22.910294,21.159796,23.232714,21.241793,23.421314,18.109777,18.242157,20.312668,22.90827,21.868494,23.720587,21.316309,23.234716,18.155432,18.41619,4.0,4.0,0.0,4.0,4.0,4.0,0.0,4.0
14443,2023.0,4.0,11.0,7.0,21.140213,22.89844,20.038897,22.153172,21.07994,22.957262,21.0989,23.03595,20.436155,22.770424,20.019102,22.051586,21.113054,22.400583,21.086193,22.708466,20.575293,23.122631,4.0,4.0,0.0,0.0,4.0,0.0,0.0,4.0
14444,2023.0,4.0,11.0,7.0,22.02156,24.400879,20.104116,22.072163,21.098825,22.932575,21.072777,22.890173,18.306343,18.46012,20.106665,21.994854,21.860659,23.639702,21.027643,22.554073,21.93176,25.27879,0.0,0.0,4.0,4.0,0.0,4.0,4.0,0.0
14445,2023.0,4.0,11.0,7.0,20.925037,22.319588,17.86668,17.62374,21.09214,22.85095,21.099735,22.90985,20.411232,22.580147,17.86514,17.514685,20.9518,21.893026,21.09324,22.668137,18.552994,18.3592,0.0,0.0,0.0,0.0,0.0,0.0,0.0,0.0
14446,2023.0,4.0,11.0,7.0,21.07811,22.634212,16.931662,16.663387,21.090832,22.794285,21.09288,22.851067,17.905174,17.612253,17.343773,17.362259,21.082949,22.163593,21.08083,22.60163,16.94383,16.395855,0.0,0.0,0.0,0.0,4.0,0.0,0.0,0.0
14447,2023.0,4.0,11.0,7.0,21.058884,22.613867,16.721052,16.483486,21.043016,22.681412,21.070337,22.814156,16.655416,16.08733,20.406559,22.591202,21.067068,22.126553,21.080545,22.563593,16.81427,16.566967,0.0,4.0,0.0,0.0,4.0,0.0,0.0,0.0
14448,2023.0,4.0,11.0,8.0,21.087297,22.69984,17.003633,17.195997,21.049894,22.696056,21.07178,22.815996,16.611176,16.356651,20.04582,21.795147,21.048792,22.11618,21.060816,22.526602,16.688873,16.471313,4.0,4.0,0.0,0.0,0.0,0.0,0.0,0.0
14449,2023.0,4.0,11.0,8.0,19.150335,18.985497,20.228004,22.928463,18.980135,18.72066,19.316408,19.443233,16.531237,16.31176,17.969114,17.649683,19.769459,19.66851,19.431969,19.388681,16.523964,16.327215,0.0,0.0,0.0,0.0,0.0,0.0,0.0,0.0
14450,2023.0,4.0,11.0,8.0,18.066463,17.641272,18.485386,19.11867,18.413122,18.36477,18.24543,18.075125,16.387623,16.18084,17.119377,16.818249,19.849472,20.263235,18.567106,18.349161,16.377207,16.18953,4.0,4.0,0.0,0.0,0.0,4.0,0.0,0.0
14451,2023.0,4.0,11.0,8.0,18.06042,17.941244,20.223154,22.404636,17.701836,17.175097,17.903402,17.686802,16.283295,16.080769,16.97495,16.70243,19.55036,19.648123,18.284288,18.048763,16.272533,16.08967,0.0,0.0,0.0,0.0,0.0,4.0,0.0,0.0
14452,2023.0,4.0,11.0,8.0,17.962612,17.923868,18.035273,17.959135,17.215742,16.622759,18.31223,18.703197,16.177065,15.983501,16.802034,16.54748,18.708504,18.232214,18.044252,17.818937,16.165428,15.990162,0.0,0.0,4.0,0.0,0.0,0.0,0.0,0.0
14453,2023.0,4.0,11.0,8.0,18.559772,19.194004,17.29963,17.053545,17.010513,16.428858,17.793228,17.750584,16.099525,15.909017,16.680964,16.43072,19.097149,19.191332,17.875832,17.653044,16.08523,15.912764,0.0,0.0,0.0,0.0,0.0,4.0,0.0,0.0
14454,2023.0,4.0,11.0,9.0,17.726545,17.568518,17.090508,16.890781,17.130463,16.860596,17.124472,16.65455,16.031439,15.846844,16.574335,16.333994,18.46687,17.97771,17.729578,17.516048,16.014606,15.847599,0.0,0.0,0.0,0.0,0.0,0.0,0.0,0.0
14455,2023.0,4.0,11.0,9.0,17.26278,16.916882,16.876017,16.67542,17.10191,16.90061,16.811491,16.287025,15.970305,15.787907,16.477533,16.240198,18.14445,17.573814,17.597738,17.385916,15.950401,15.785209,0.0,0.0,0.0,0.0,0.0,0.0,0.0,0.0
14456,2023.0,4.0,11.0,9.0,17.088491,16.766485,16.7125,16.523863,17.002893,16.815252,16.943445,16.746183,15.919584,15.742192,16.397486,16.168118,18.017517,17.465899,17.48739,17.283222,15.896311,15.735683,0.0,0.0,0.0,0.0,0.0,0.0,0.0,0.0
14457,2023.0,4.0,11.0,9.0,17.983093,18.622728,17.03994,17.269653,16.913244,16.742737,16.879368,16.719557,15.877514,15.706654,16.331795,16.113132,18.98506,19.43539,17.394957,17.201988,15.850818,15.696393,4.0,0.0,0.0,0.0,0.0,4.0,0.0,0.0
14458,2023.0,4.0,11.0,9.0,17.312767,17.23178,20.250677,22.96846,16.824684,16.66595,17.490961,17.964672,15.83905,15.671844,16.270517,16.056795,18.278454,17.917942,17.3093,17.122383,15.808764,15.65787,4.0,0.0,4.0,0.0,0.0,0.0,0.0,0.0
14459,2023.0,4.0,11.0,9.0,16.82571,16.59465,20.029953,22.157442,17.460938,17.954653,17.097223,17.10168,15.800506,15.636622,16.209375,16.00106,17.84852,17.366226,17.22086,17.038965,15.766419,15.618553,4.0,4.0,0.0,0.0,0.0,0.0,0.0,0.0
14460,2023.0,4.0,11.0,10.0,16.68286,16.464987,20.09111,22.065285,17.067112,17.07257,16.489992,16.145006,15.7682,15.607453,16.160698,15.957613,17.739164,17.26095,17.14339,16.965948,15.729147,15.584024,0.0,0.0,0.0,0.0,0.0,0.0,0.0,0.0
14461,2023.0,4.0,11.0,10.0,16.79825,16.810484,18.416964,18.677877,16.511246,16.191906,16.251131,15.886465,15.742119,15.58481,16.124607,15.927619,18.700338,19.176342,17.076809,16.904728,15.697042,15.554928,4.0,0.0,0.0,0.0,0.0,4.0,0.0,0.0
14462,2023.0,4.0,11.0,10.0,17.576298,18.309862,20.235989,22.195772,16.994715,17.221872,17.078487,17.563675,15.723617,15.568476,16.10202,15.908543,18.06834,17.775837,17.025295,16.856256,15.672189,15.531965,0.0,4.0,4.0,0.0,0.0,0.0,0.0,0.0
14463,2023.0,4.0,11.0,10.0,17.6168,18.148968,18.308748,18.332832,16.58243,16.348173,16.61302,16.469486,15.706039,15.553921,16.08021,15.89199,17.687738,17.267052,16.973412,16.808632,15.64788,15.51022,0.0,0.0,0.0,0.0,0.0,0.0,0.0,0.0
14464,2023.0,4.0,11.0,10.0,16.928242,16.878286,17.615662,17.469343,17.014912,17.297514,16.255106,15.950328,15.694245,15.544488,16.06646,15.881954,18.411646,18.694717,16.931871,16.769705,15.62915,15.493395,0.0,4.0,0.0,0.0,0.0,4.0,0.0,0.0
14465,2023.0,4.0,11.0,10.0,17.403381,17.917484,17.387323,17.27495,16.53006,16.342594,16.129637,15.832477,16.473015,17.024714,16.053251,15.873285,17.909039,17.607347,16.893515,16.735168,15.61168,15.478588,0.0,0.0,0.0,4.0,0.0,0.0,0.0,0.0
14466,2023.0,4.0,11.0,11.0,16.881544,16.881735,17.18139,17.080858,16.27174,15.986824,16.209293,16.095821,20.259974,23.474064,16.039982,15.864606,17.69527,17.298702,16.8584,16.704338,15.595048,15.464992,0.0,0.0,0.0,0.0,0.0,0.0,0.0,0.0
14467,2023.0,4.0,11.0,11.0,16.550066,16.461515,17.42287,17.718304,16.150211,15.869414,16.213734,16.143501,17.665709,17.853064,16.021658,15.848677,17.619677,17.223188,16.818857,16.66713,16.543753,17.273386,4.0,0.0,0.0,0.0,0.0,0.0,0.0,4.0
14468,2023.0,4.0,11.0,11.0,17.187477,17.733103,20.293636,22.78089,16.231434,16.11716,16.16411,16.101707,16.640965,16.308712,16.003908,15.832272,17.753191,17.538395,16.783657,16.633432,20.350473,23.74319,0.0,0.0,0.0,0.0,0.0,0.0,0.0,0.0
14469,2023.0,4.0,11.0,11.0,17.423775,18.00725,18.433172,18.865084,16.965364,17.521194,16.83127,17.405764,16.49502,16.299854,15.987467,15.818287,17.803953,17.620476,16.746037,16.598312,17.560036,17.74723,0.0,4.0,4.0,0.0,0.0,0.0,0.0,0.0
14470,2023.0,4.0,11.0,11.0,16.791836,16.800894,17.485666,17.425377,16.548746,16.612337,16.399654,16.464577,16.411701,16.238688,15.975479,15.808604,17.793161,17.615448,16.712587,16.566322,16.56403,16.266417,0.0,0.0,0.0,0.0,0.0,0.0,0.0,0.0
14471,2023.0,4.0,11.0,11.0,16.546503,16.474915,17.205488,17.12165,16.850176,17.248526,16.013334,15.817994,17.093596,17.612291,16.36334,16.549942,18.60131,19.16765,16.68127,16.537626,16.447008,16.274515,0.0,4.0,0.0,4.0,4.0,4.0,0.0,0.0
14472,2023.0,4.0,11.0,12.0,17.17517,17.743263,17.013231,16.934584,16.961115,17.393047,15.880076,15.662929,21.262783,24.753807,20.165342,23.18117,17.93767,17.739079,17.744238,18.573162,16.334755,16.182505,0.0,4.0,0.0,0.0,0.0,0.0,4.0,0.0
14473,2023.0,4.0,11.0,12.0,21.274271,24.736486,17.28904,17.61039,21.180761,24.661253,21.172888,25.051376,18.515497,18.777243,18.08211,18.553627,22.09407,24.912973,22.530561,26.42999,16.207514,16.058064,4.0,0.0,0.0,0.0,0.0,4.0,4.0,0.0
14474,2023.0,4.0,11.0,12.0,21.067041,23.887968,20.30399,22.888678,21.055153,23.920172,21.045067,24.211086,16.841343,16.553621,16.745754,16.642593,21.717237,24.07771,21.867016,24.782679,16.104706,15.960107,0.0,4.0,0.0,0.0,0.0,0.0,4.0,0.0
14475,2023.0,4.0,11.0,12.0,21.09466,23.648258,18.7008,19.41576,21.105719,23.714245,21.09275,23.932459,16.65257,16.481749,16.498665,16.343405,20.957817,22.450277,20.925415,22.736652,16.025887,15.887022,4.0,0.0,0.0,0.0,0.0,0.0,4.0,0.0
14476,2023.0,4.0,11.0,12.0,21.148357,23.585123,20.273867,22.551556,21.142078,23.54723,21.144855,23.79018,16.570824,16.418388,16.827345,17.03815,21.133959,22.660482,21.202007,23.192942,15.964616,15.831432,0.0,4.0,0.0,0.0,4.0,0.0,0.0,0.0
14477,2023.0,4.0,11.0,12.0,21.070894,23.305962,18.24715,18.384645,21.068878,23.245798,21.079208,23.485495,16.4695,16.322645,20.271286,23.064291,21.016457,22.322254,21.069883,22.824171,15.9155445,15.787688,0.0,4.0,0.0,0.0,0.0,4.0,0.0,0.0
14478,2023.0,4.0,11.0,13.0,21.069174,23.213375,17.26021,17.218678,21.066074,23.130543,21.077082,23.356966,16.384607,16.242458,18.261131,18.678745,21.0636,22.353825,21.032736,22.642181,15.875676,15.753075,0.0,4.0,0.0,0.0,0.0,0.0,4.0,0.0
14479,2023.0,4.0,11.0,13.0,21.066422,23.140718,17.519327,17.89851,21.062685,23.041538,21.04904,23.190687,16.309546,16.167599,16.99007,16.84437,21.023788,22.189125,21.077435,22.701654,15.839844,15.719228,4.0,4.0,4.0,0.0,0.0,4.0,0.0,0.0
14480,2023.0,4.0,11.0,13.0,21.184055,23.303846,20.282482,22.745892,21.160501,23.172235,21.17337,23.372862,16.24839,16.11014,16.7632,16.605871,21.16334,22.42201,21.185246,22.865246,15.809879,15.692479,0.0,4.0,4.0,0.0,0.0,4.0,0.0,0.0
14481,2023.0,4.0,11.0,13.0,21.04519,22.986982,18.445427,18.881918,21.085339,22.986368,21.067299,23.08013,16.194786,16.058496,16.653166,16.49377,21.058008,22.190022,21.067072,22.581116,15.782489,15.667036,0.0,0.0,4.0,0.0,0.0,0.0,0.0,0.0
14482,2023.0,4.0,11.0,13.0,21.082756,23.028278,17.260727,17.245829,21.07788,22.924337,21.08825,23.083342,16.147285,16.012068,16.56485,16.402708,21.021383,22.062998,21.06535,22.542252,15.7575245,15.643684,0.0,0.0,0.0,0.0,0.0,4.0,0.0,0.0
14483,2023.0,4.0,11.0,13.0,21.073587,22.96394,17.46601,17.854038,21.052393,22.8141,21.080688,23.017576,16.104614,15.971434,16.49028,16.32932,21.0573,22.13147,21.053738,22.512068,15.734032,15.622176,4.0,4.0,0.0,0.0,0.0,0.0,0.0,0.0
14484,2023.0,4.0,11.0,14.0,21.151781,23.080936,20.246708,22.717525,21.058285,22.79692,21.08197,22.97561,16.06681,15.938311,16.425636,16.269028,21.123976,22.239428,21.056072,22.506407,15.712181,15.604027,0.0,4.0,0.0,0.0,0.0,0.0,0.0,0.0
14485,2023.0,4.0,11.0,14.0,19.280796,19.451828,18.227612,18.47812,19.688082,20.147974,19.353437,19.644548,16.029325,15.903506,16.36654,16.212582,19.75851,19.58838,20.432585,21.257662,15.688211,15.582153,0.0,4.0,0.0,0.0,0.0,0.0,4.0,0.0
14486,2023.0,4.0,11.0,14.0,19.400072,20.09913,17.251497,17.016174,18.555918,18.33516,19.176289,19.708704,15.996488,15.872394,16.321278,16.168732,19.394634,19.178844,19.07241,18.80811,16.636211,17.393217,0.0,0.0,4.0,0.0,0.0,0.0,0.0,4.0
14487,2023.0,4.0,11.0,14.0,19.17002,19.71988,17.111925,17.00751,18.711212,18.953522,18.505548,18.590572,15.961284,15.839642,16.659105,16.845259,19.240284,19.0438,18.547617,18.189922,20.308113,23.614965,0.0,4.0,0.0,0.0,4.0,0.0,0.0,0.0
14488,2023.0,4.0,11.0,14.0,18.918015,19.45036,16.97379,16.910585,18.093533,17.88927,18.402384,18.7341,15.920788,15.801659,20.36582,23.11746,19.06454,18.874575,18.249691,17.90656,17.585955,17.771492,0.0,0.0,4.0,0.0,0.0,0.0,0.0,0.0
14489,2023.0,4.0,11.0,14.0,18.77764,19.321032,16.81081,16.748026,18.256367,18.528273,17.758162,17.62172,15.87955,15.762576,18.21552,18.648983,18.908411,18.722712,18.003841,17.670778,16.304558,16.121778,0.0,4.0,0.0,0.0,0.0,0.0,0.0,0.0
14490,2023.0,4.0,11.0,15.0,18.682678,19.227201,16.69373,16.625153,17.68114,17.488707,18.027662,18.336414,15.842478,15.726825,17.231441,17.105038,18.793165,18.60884,19.025337,19.776398,16.16721,16.041496,0.0,0.0,4.0,0.0,0.0,0.0,4.0,0.0
14491,2023.0,4.0,11.0,15.0,17.958372,17.953564,16.586433,16.514723,17.325598,17.027561,17.465258,17.3226,15.80405,15.687909,17.362738,17.52881,18.684654,18.501707,18.172346,18.005737,16.080347,15.964782,0.0,0.0,0.0,0.0,4.0,0.0,0.0,0.0
14492,2023.0,4.0,11.0,15.0,18.29597,18.791796,16.490126,16.415375,17.808788,18.082224,17.104555,16.837606,15.765585,15.648551,20.244406,22.693275,19.364645,19.879562,17.743784,17.42581,15.988135,15.873,0.0,4.0,0.0,0.0,0.0,4.0,0.0,0.0
14493,2023.0,4.0,11.0,15.0,18.37899,18.909636,16.390059,16.312895,17.961554,18.31253,17.554216,17.85751,15.724216,15.606343,18.373123,18.70994,19.397974,19.75937,17.525957,17.20287,15.892665,15.778307,0.0,4.0,4.0,0.0,0.0,4.0,0.0,0.0
14494,2023.0,4.0,11.0,15.0,17.66779,17.625965,16.785425,17.113754,17.92155,18.269835,17.04547,16.881895,16.473549,17.04986,17.460205,17.296223,19.351892,19.692867,17.379799,17.053104,15.818334,15.701349,4.0,4.0,0.0,4.0,0.0,4.0,0.0,0.0
14495,2023.0,4.0,11.0,15.0,18.059105,18.547874,20.253,23.10413,17.239319,17.03688,17.408695,17.713755,20.32113,23.604668,17.584978,17.73422,18.62053,18.334173,18.468676,19.238699,15.749999,15.633899,4.0,0.0,4.0,4.0,4.0,0.0,4.0,0.0
14496,2023.0,4.0,11.0,16.0,17.538578,17.507013,20.034422,22.28394,16.840117,16.533312,16.944202,16.781137,20.09307,22.670654,20.275599,22.52722,18.21845,17.824467,17.757593,17.575438,15.677152,15.561435,0.0,0.0,0.0,4.0,0.0,0.0,0.0,0.0
14497,2023.0,4.0,11.0,16.0,17.140392,17.008633,18.299501,18.673113,16.66364,16.340956,17.224827,17.524183,20.09493,22.367151,18.72731,19.243229,18.051582,17.644415,17.23468,16.92196,15.607121,15.490807,4.0,0.0,4.0,0.0,4.0,0.0,0.0,0.0
14498,2023.0,4.0,11.0,16.0,17.68942,18.168413,20.247902,22.573383,17.419453,17.89308,17.38067,17.729843,17.86937,17.850815,20.272064,22.311417,17.925156,17.512342,17.042894,16.712696,15.541295,15.4238615,4.0,4.0,4.0,0.0,0.0,0.0,0.0,0.0
14499,2023.0,4.0,11.0,16.0,17.875069,18.38762,20.031193,21.894508,17.527235,17.883926,16.740784,16.547483,16.73069,16.397253,18.275108,18.213638,18.007843,17.785604,16.907812,16.572538,15.480196,15.362103,4.0,4.0,0.0,0.0,0.0,0.0,0.0,0.0
14500,2023.0,4.0,11.0,16.0,17.206974,17.140984,20.084862,21.854282,17.43498,17.752825,17.046919,17.33611,16.552277,16.359056,17.329382,17.120358,18.832533,19.377018,16.952698,16.775797,15.421241,15.301559,0.0,4.0,4.0,0.0,0.0,4.0,0.0,0.0
14501,2023.0,4.0,11.0,16.0,16.83253,16.659065,18.561907,18.797737,17.402283,17.707237,17.19488,17.514482,16.425642,16.254486,17.097815,16.888649,18.139788,17.836342,16.932467,16.774015,15.367065,15.247131,4.0,4.0,4.0,0.0,0.0,0.0,0.0,0.0
14502,2023.0,4.0,11.0,17.0,17.417192,17.852327,20.223757,22.018154,17.372627,17.665411,17.18092,17.489307,16.301197,16.13002,16.936527,16.720081,18.564083,18.8057,16.872957,16.716585,15.3204565,15.1988735,0.0,4.0,4.0,0.0,0.0,4.0,0.0,0.0
14503,2023.0,4.0,11.0,17.0,17.626934,18.106045,18.681044,18.894392,16.7001,16.42854,16.539047,16.3064,16.16971,16.003645,17.150085,17.268684,18.039524,17.68113,16.804874,16.649452,16.245445,16.985357,4.0,0.0,0.0,0.0,4.0,0.0,0.0,4.0
14504,2023.0,4.0,11.0,17.0,17.629015,18.096647,20.217678,21.886415,17.063898,17.262894,16.218466,15.854151,16.068132,15.900932,20.299566,22.7708,18.518616,18.74997,16.743965,16.587831,20.461376,24.089447,4.0,4.0,0.0,0.0,0.0,4.0,0.0,0.0
14505,2023.0,4.0,11.0,17.0,17.626497,18.089434,20.036701,21.462397,17.24419,17.513132,16.747744,16.968105,16.733038,17.249487,18.327648,18.573034,18.71111,18.966158,16.679855,16.523975,18.030312,18.682196,4.0,4.0,4.0,4.0,0.0,4.0,0.0,4.0
14506,2023.0,4.0,11.0,17.0,17.615646,18.070055,20.063322,21.465666,16.58167,16.285166,16.325974,16.061829,20.361177,23.44063,17.125967,16.92982,18.709166,18.954926,16.617435,16.460861,20.36207,23.373808,4.0,0.0,0.0,0.0,0.0,4.0,0.0,0.0
14507,2023.0,4.0,11.0,17.0,16.963388,16.857868,20.07711,21.46898,16.889523,17.075539,16.660074,16.87774,17.628536,17.647305,16.819881,16.594006,18.700802,18.937147,16.557161,16.39985,17.58622,17.597462,0.0,4.0,4.0,0.0,0.0,4.0,0.0,0.0
14508,2023.0,4.0,11.0,18.0,16.5822,16.35915,18.403,18.233053,17.080164,17.330389,16.85699,17.127161,16.285954,15.917254,16.649696,16.428282,17.975334,17.577717,16.499313,16.340885,16.26158,15.923637,0.0,4.0,4.0,0.0,0.0,0.0,0.0,0.0
14509,2023.0,4.0,11.0,18.0,21.328424,24.776152,18.287504,18.419607,21.311275,24.708227,21.026506,24.339838,16.206488,15.995253,16.526754,16.303696,21.30652,23.514975,21.517548,25.043528,17.173143,17.90179,4.0,4.0,0.0,0.0,0.0,0.0,0.0,4.0
14510,2023.0,4.0,11.0,18.0,21.034798,23.728636,20.223803,22.008993,21.021769,23.664968,21.016577,23.796238,16.121767,15.932534,16.394445,16.17118,21.772247,24.07785,22.380243,26.0469,20.347805,23.260023,0.0,4.0,4.0,0.0,0.0,0.0,0.0,0.0
14511,2023.0,4.0,11.0,18.0,21.098454,23.538359,18.646574,18.825508,21.08497,23.474058,21.112679,23.666182,16.79924,17.324469,16.277279,16.058428,20.955523,22.337515,21.979994,24.973999,17.579601,17.501982,0.0,4.0,0.0,4.0,0.0,4.0,0.0,0.0
14512,2023.0,4.0,11.0,18.0,21.06332,23.236372,18.079966,18.295464,21.07449,23.238468,21.096554,23.401627,20.35712,23.38431,16.171984,15.954739,21.056112,22.4239,20.931183,22.716135,17.228277,17.668343,4.0,4.0,0.0,0.0,0.0,4.0,4.0,4.0
14513,2023.0,4.0,11.0,18.0,21.066969,23.098486,20.234058,22.249165,21.073427,23.083195,21.076939,23.235233,17.570206,17.489855,16.071802,15.852504,21.072891,22.390366,21.108736,22.976873,20.358023,23.111822,0.0,4.0,0.0,0.0,0.0,0.0,0.0,0.0
14514,2023.0,4.0,11.0,19.0,21.090712,23.060139,18.498348,18.617777,21.095604,23.03287,21.053726,23.073133,16.965523,17.180147,16.376522,16.50321,21.038733,22.231089,21.04278,22.722754,17.662886,17.5296,4.0,0.0,4.0,4.0,4.0,4.0,4.0,0.0
14515,2023.0,4.0,11.0,19.0,21.154863,23.08439,20.324514,22.35074,21.154284,23.039448,21.165268,23.245464,21.37462,24.555864,20.458307,23.307613,21.137655,22.379957,21.189306,22.9731,17.340069,17.753105,4.0,4.0,0.0,0.0,0.0,4.0,0.0,4.0
14516,2023.0,4.0,11.0,19.0,21.062214,22.83261,20.03254,21.570492,21.06888,22.798416,21.069645,22.93355,18.25492,18.188997,18.026468,18.275496,21.041826,22.147715,21.080397,22.690172,20.351698,22.992117,4.0,4.0,4.0,0.0,0.0,4.0,0.0,0.0
14517,2023.0,4.0,11.0,19.0,21.061272,22.781988,20.067043,21.516459,21.067629,22.74376,21.0959,22.934166,16.890072,16.65774,16.685686,16.467756,21.071468,22.19409,21.080751,22.63881,17.70435,17.526834,4.0,4.0,0.0,0.0,0.0,0.0,0.0,0.0
14518,2023.0,4.0,11.0,19.0,21.059746,22.740646,20.060543,21.42366,21.065819,22.697842,21.062918,22.790718,16.628323,16.389885,16.39715,16.143934,21.06498,22.145893,21.062513,22.591213,16.442366,15.974226,4.0,4.0,4.0,0.0,0.0,0.0,0.0,0.0
14519,2023.0,4.0,11.0,19.0,21.120535,22.821762,20.125032,21.485622,21.131403,22.78411,21.178425,22.994469,16.430191,16.19189,16.234303,15.97454,21.130693,22.238775,21.06655,22.54271,16.356756,16.135323,4.0,4.0,0.0,0.0,0.0,0.0,4.0,0.0
14520,2023.0,4.0,11.0,20.0,21.051832,22.658083,20.053413,21.305517,21.08121,22.67298,21.07621,22.743793,17.090185,17.585281,16.117924,15.866584,21.040913,22.067537,21.084148,22.576954,17.258244,17.959656,4.0,0.0,0.0,4.0,0.0,0.0,0.0,4.0
14521,2023.0,4.0,11.0,20.0,21.060024,22.65226,20.06269,21.295158,21.085592,22.65019,21.045582,22.671808,20.324732,23.091225,16.007868,15.7598915,21.021496,22.014858,21.03963,22.427366,20.328796,23.083202,4.0,0.0,4.0,0.0,0.0,4.0,4.0,4.0
14522,2023.0,4.0,11.0,20.0,21.058165,22.626898,20.060995,21.268572,21.084042,22.617418,21.095398,22.753494,17.632597,17.437088,15.912212,15.66652,21.042412,22.031488,21.086187,22.525936,20.057482,22.245356,4.0,0.0,0.0,0.0,0.0,4.0,0.0,0.0
14523,2023.0,4.0,11.0,20.0,21.084238,22.677794,20.078707,21.298964,21.063704,22.589975,21.086357,22.701788,16.3207,15.804894,16.248766,16.376312,21.040033,22.008928,21.077272,22.481302,17.64753,17.380306,0.0,0.0,0.0,0.0,4.0,4.0,0.0,0.0
14524,2023.0,4.0,11.0,20.0,21.052078,22.569592,18.690184,18.600199,21.065996,22.597105,21.066936,22.673027,17.077126,17.528738,20.477097,23.400612,21.06996,22.071327,21.0776,22.456308,16.50703,16.010725,4.0,0.0,0.0,4.0,4.0,0.0,0.0,0.0
14525,2023.0,4.0,11.0,20.0,21.057398,22.563293,20.235235,21.80835,21.040688,22.5251,21.04422,22.60796,20.40501,23.000525,20.003065,22.234707,21.064484,22.037567,21.060984,22.43255,16.42296,16.175882,0.0,4.0,4.0,4.0,4.0,0.0,0.0,0.0
14526,2023.0,4.0,11.0,21.0,21.056131,22.544529,18.344748,18.01369,21.0456,22.535818,21.073444,22.686779,21.49245,24.530905,20.09084,22.071716,21.06462,22.01717,21.023508,22.331913,16.321362,16.096594,0.0,4.0,0.0,0.0,4.0,0.0,4.0,0.0
14527,2023.0,4.0,11.0,21.0,21.055305,22.527603,18.015593,18.081137,21.089354,22.601984,21.08723,22.667547,18.924656,19.124075,20.091467,21.854225,21.017048,21.921143,21.0465,22.353148,16.175085,15.960308,4.0,0.0,0.0,4.0,0.0,4.0,4.0,0.0
14528,2023.0,4.0,11.0,21.0,21.0814,22.584866,20.233578,22.092213,21.080755,22.549458,21.084393,22.626595,20.376099,22.28771,17.955866,17.589981,21.070808,22.030066,21.04332,22.331299,17.07101,17.77703,0.0,0.0,0.0,0.0,0.0,0.0,4.0,4.0
14529,2023.0,4.0,11.0,21.0,21.0748,22.55095,18.610735,18.740696,21.080746,22.519678,21.064163,22.597027,18.618078,18.771196,17.084608,16.752562,21.062517,21.993801,21.082521,22.422895,20.354498,23.265778,0.0,0.0,0.0,4.0,0.0,0.0,0.0,0.0
14530,2023.0,4.0,11.0,21.0,21.048439,22.459677,17.61041,17.391453,21.035585,22.425034,21.041325,22.534306,20.372396,22.23955,17.27934,17.315742,21.062733,21.977291,21.074003,22.383297,17.537828,17.357021,0.0,4.0,4.0,0.0,4.0,0.0,0.0,0.0
14531,2023.0,4.0,11.0,21.0,21.079361,22.530506,17.302078,17.03485,21.06794,22.520555,21.070906,22.61714,18.097153,17.763035,20.417627,22.65352,21.015575,21.883814,21.073925,22.36087,17.230785,17.63081,0.0,0.0,0.0,0.0,4.0,4.0,0.0,4.0
14532,2023.0,4.0,11.0,22.0,21.072992,22.503546,17.118765,16.84861,21.080738,22.508587,21.059246,22.530983,17.24565,16.965746,20.046991,21.80281,21.068819,21.99357,21.073095,22.33927,21.613424,24.962217,0.0,0.0,4.0,0.0,0.0,0.0,0.0,0.0
14533,2023.0,4.0,11.0,22.0,21.05523,22.491247,16.976963,16.71386,21.077776,22.47469,21.08557,22.574324,17.04088,16.787558,18.250683,18.157654,21.03045,21.881008,21.017397,22.215336,18.822905,19.172922,0.0,0.0,0.0,0.0,4.0,4.0,4.0,4.0
14534,2023.0,4.0,11.0,22.0,21.057474,22.507929,16.858929,16.605473,21.058302,22.451225,21.054808,22.466572,17.485107,17.814745,20.357752,22.267567,21.035364,21.884686,21.081408,22.35543,21.334959,23.96339,0.0,0.0,4.0,4.0,4.0,4.0,0.0,0.0
14535,2023.0,4.0,11.0,22.0,21.056454,22.51351,16.760258,16.515696,21.060074,22.46121,21.058773,22.456532,20.368887,22.703161,20.033945,21.559101,21.034193,21.877945,21.069927,22.314692,18.565771,18.39545,0.0,0.0,4.0,0.0,4.0,4.0,0.0,0.0
14536,2023.0,4.0,11.0,22.0,21.05578,22.5139,16.676088,16.440578,21.059324,22.462173,21.082695,22.510323,18.73195,19.263348,20.087746,21.548618,21.06376,21.950802,21.07021,22.298351,18.133234,18.646769,0.0,0.0,0.0,4.0,0.0,0.0,0.0,4.0
14537,2023.0,4.0,11.0,22.0,21.055656,22.512682,16.603243,16.376955,21.058886,22.46131,21.076645,22.481716,20.339691,22.378572,18.55773,18.548527,21.057852,21.92528,21.05434,22.28212,20.262402,22.306633,0.0,0.0,0.0,0.0,0.0,0.0,0.0,4.0
14538,2023.0,4.0,11.0,23.0,21.054634,22.50821,16.53882,16.322119,21.05833,22.45848,21.076307,22.465704,18.075714,17.837662,17.964691,17.998419,21.027355,21.833748,21.01637,22.186487,20.025755,21.681534,0.0,0.0,0.0,0.0,4.0,4.0,4.0,4.0
14539,2023.0,4.0,11.0,23.0,19.69411,19.8934,16.477886,16.26757,19.631811,19.718054,19.631832,19.714926,17.22404,16.99908,17.558683,17.374754,19.627022,19.173374,19.314548,18.948517,18.032185,17.781012,0.0,0.0,0.0,0.0,0.0,0.0,0.0,0.0
14540,2023.0,4.0,11.0,23.0,19.053621,19.002054,16.42677,16.22022,18.90766,18.679232,18.90264,18.683743,17.061749,16.850946,17.263401,17.016117,19.838745,19.901564,18.644602,18.104746,18.026155,18.215633,0.0,0.0,0.0,0.0,0.0,4.0,0.0,4.0
14541,2023.0,4.0,11.0,23.0,18.782398,18.72751,16.378786,16.178513,18.608124,18.36728,18.590382,18.361622,16.914753,16.713787,17.078299,16.835127,19.1341,18.589941,18.351635,17.828463,18.01324,18.244102,0.0,0.0,0.0,0.0,0.0,0.0,0.0,4.0
14542,2023.0,4.0,11.0,23.0,18.577526,18.529167,16.333092,16.138659,18.387306,18.151972,18.356699,18.133562,16.784657,16.591599,16.92854,16.693783,18.795193,18.209412,18.36968,18.11213,17.228512,16.880075,0.0,0.0,0.0,0.0,0.0,0.0,0.0,0.0
14543,2023.0,4.0,11.0,23.0,18.407495,18.367472,16.289734,16.10151,18.20464,17.978004,18.162752,17.948315,16.669939,16.485098,16.79837,16.573582,18.619667,18.048498,19.310629,20.01652,17.561075,17.776684,0.0,0.0,0.0,0.0,0.0,0.0,4.0,4.0
14544,2023.0,4.0,12.0,0.0,18.25949,18.22687,16.248184,16.065819,18.045794,17.826939,17.993647,17.787,16.566853,16.38897,16.682068,16.465895,18.741358,18.454782,18.293098,17.926218,16.909399,16.538708,0.0,0.0,0.0,0.0,0.0,0.0,0.0,0.0
14545,2023.0,4.0,12.0,0.0,18.110197,18.06615,16.196598,16.008028,17.885294,17.653307,17.822762,17.602224,16.460335,16.275095,16.560421,16.335186,18.715183,18.47139,17.830389,17.33384,16.545944,16.1054,0.0,0.0,0.0,0.0,0.0,0.0,0.0,0.0
14546,2023.0,4.0,12.0,0.0,17.988829,17.948696,16.151043,15.961981,17.756546,17.529852,17.685596,17.470915,16.370409,16.18729,16.459522,16.238134,18.625507,18.385094,17.641201,17.151415,16.60682,16.410173,0.0,0.0,0.0,0.0,0.0,0.0,0.0,0.0
14547,2023.0,4.0,12.0,0.0,17.87501,17.835024,16.104324,15.912547,17.634691,17.408329,17.55573,17.341663,16.28278,16.095247,16.362411,16.14107,18.53291,18.287045,17.744085,17.523123,16.525427,16.341343,0.0,0.0,0.0,0.0,0.0,0.0,0.0,0.0
14548,2023.0,4.0,12.0,0.0,17.767092,17.72377,16.056374,15.859701,17.518639,17.288609,17.432167,17.214432,16.200123,16.008377,16.268309,16.04385,18.444752,18.19461,17.67955,17.469406,16.420666,16.237467,0.0,0.0,0.0,0.0,0.0,0.0,0.0,0.0
14549,2023.0,4.0,12.0,0.0,17.677275,17.640858,16.015902,15.820894,17.423729,17.202515,17.331127,17.123,16.128624,15.938984,16.187744,15.966352,18.367998,18.120043,17.591463,17.388634,17.107794,17.624788,0.0,0.0,0.0,0.0,0.0,0.0,0.0,4.0
14550,2023.0,4.0,12.0,1.0,17.581755,17.539524,15.96903,15.768347,17.32222,17.095411,17.223269,17.009396,16.053251,15.857612,16.101215,15.872829,18.287405,18.03335,17.49193,17.279284,16.999815,17.243088,0.0,0.0,0.0,0.0,0.0,0.0,0.0,4.0
14551,2023.0,4.0,12.0,1.0,17.501032,17.461704,15.928237,15.727077,17.236792,17.013649,17.13295,16.922955,15.987377,15.7916155,16.026266,15.798426,18.216639,17.962444,17.405432,17.193405,16.275799,15.90425,0.0,0.0,0.0,0.0,0.0,0.0,0.0,0.0
14552,2023.0,4.0,12.0,1.0,17.421638,17.381157,15.886029,15.68211,17.152863,16.92898,17.04448,16.83366,15.922111,15.72355,15.951532,15.7208,18.146597,17.889498,17.321026,17.106628,16.719538,16.943216,0.0,0.0,0.0,0.0,0.0,0.0,0.0,4.0
14553,2023.0,4.0,12.0,1.0,17.345808,17.303082,15.844036,15.636811,17.073092,16.847534,16.960394,16.747862,16.446278,16.760658,16.177269,16.202042,18.079075,17.81849,17.240396,17.022995,16.824451,17.049702,0.0,0.0,0.0,4.0,4.0,0.0,0.0,4.0
14554,2023.0,4.0,12.0,1.0,17.275475,17.231699,15.803597,15.593738,16.999067,16.773079,16.882675,16.669651,16.011639,15.826436,15.934354,15.710421,18.01535,17.75234,17.164946,16.945726,16.127844,15.740079,0.0,0.0,0.0,0.0,0.0,0.0,0.0,0.0
14555,2023.0,4.0,12.0,1.0,17.203308,17.152735,15.759536,15.54247,16.922333,16.689342,16.802399,16.581964,15.840322,15.628022,15.795914,15.550394,17.950047,17.68067,17.088947,16.863873,15.814406,15.345373,0.0,0.0,0.0,0.0,0.0,0.0,0.0,0.0
14556,2023.0,4.0,12.0,2.0,17.138983,17.0864,15.71976,15.4993925,16.854689,16.620415,16.731392,16.509726,15.769416,15.554566,15.724544,15.476233,17.89023,17.617956,17.019526,16.792118,15.66999,15.203586,0.0,0.0,0.0,0.0,0.0,0.0,0.0,0.0
14557,2023.0,4.0,12.0,2.0,17.08115,17.03056,15.683877,15.46394,16.79466,16.563774,16.668009,16.450184,16.293451,16.595242,15.660667,15.413835,17.835196,17.562944,16.955683,16.728756,15.804447,15.592362,0.0,0.0,0.0,4.0,0.0,0.0,0.0,0.0
14558,2023.0,4.0,12.0,2.0,17.022741,16.971,15.645602,15.423368,16.733547,16.502235,16.603308,16.385408,15.597209,15.139824,15.597531,15.348855,17.780102,17.505947,16.892649,16.66436,16.50451,16.937464,0.0,0.0,0.0,0.0,0.0,0.0,0.0,4.0
14559,2023.0,4.0,12.0,2.0,16.965689,16.911856,15.606936,15.381827,16.673748,16.44108,16.540161,16.321121,15.3284235,14.827961,15.53618,15.284952,17.725952,17.44931,16.831179,16.600899,15.738229,15.323238,0.0,0.0,0.0,0.0,0.0,0.0,0.0,0.0
14560,2023.0,4.0,12.0,2.0,16.906523,16.847097,15.565554,15.334784,16.612186,16.374332,16.475508,16.251196,15.501041,15.280859,15.473633,15.216369,17.67049,17.388628,16.768894,16.5338,15.446001,14.9716625,0.0,0.0,0.0,0.0,0.0,0.0,0.0,0.0
14561,2023.0,4.0,12.0,2.0,16.855114,16.79677,15.529364,15.298111,16.559156,16.32289,16.419756,16.19735,15.485869,15.261608,15.419531,15.162779,17.62142,17.339483,16.713661,16.479033,16.343597,16.796,0.0,0.0,0.0,0.0,0.0,0.0,0.0,4.0
14562,2023.0,4.0,12.0,3.0,16.801462,16.740685,15.490464,15.255994,16.503937,16.265587,16.361725,16.137403,15.438809,15.212215,15.363657,15.10405,17.570763,17.286095,16.657177,16.420279,15.611735,15.199185,0.0,0.0,0.0,0.0,0.0,0.0,0.0,0.0
14563,2023.0,4.0,12.0,3.0,16.745125,16.678066,15.447888,15.206557,16.445532,16.200653,16.300606,16.069569,15.388124,15.156349,15.305475,15.039414,17.5187,17.229021,16.599508,16.357925,15.300525,14.81217,0.0,0.0,0.0,0.0,0.0,0.0,0.0,0.0
14564,2023.0,4.0,12.0,3.0,16.695892,16.628405,15.411615,15.169581,16.395487,16.151161,16.248161,16.017876,15.34204,15.109544,15.254843,14.988491,17.472063,17.181799,16.54737,16.305347,15.468147,15.261502,0.0,0.0,0.0,0.0,0.0,0.0,0.0,0.0
14565,2023.0,4.0,12.0,3.0,16.645126,16.574703,15.372014,15.125871,16.342852,16.095388,16.192856,15.959554,15.294902,15.05984,15.2026205,14.933186,17.424566,17.131968,16.494806,16.250795,15.435846,15.215913,0.0,0.0,0.0,0.0,0.0,0.0,0.0,0.0
14566,2023.0,4.0,12.0,3.0,16.605726,16.542933,15.333994,15.085407,16.292753,16.043875,16.140255,15.905728,15.249296,15.012641,15.152605,14.881506,17.378515,17.08449,16.443771,16.198568,15.384132,15.162754,0.0,0.0,0.0,0.0,0.0,0.0,0.0,0.0
14567,2023.0,4.0,12.0,3.0,16.571096,16.518135,15.29956,15.052163,16.247356,16.000963,16.092691,15.860975,15.206889,14.971209,15.106738,14.837358,17.335484,17.042494,16.395805,16.15177,16.064798,16.488192,0.0,0.0,0.0,0.0,0.0,0.0,0.0,4.0
14568,2023.0,4.0,12.0,4.0,16.52794,16.47461,15.261959,15.012626,16.199236,15.95186,16.042532,15.809909,15.162998,14.926241,15.058751,14.788284,17.290998,16.997095,16.346622,16.10192,15.279488,14.828069,0.0,0.0,0.0,0.0,0.0,0.0,0.0,0.0
14569,2023.0,4.0,12.0,4.0,16.478388,16.418972,15.219214,14.962983,16.146164,15.892341,15.987577,15.748312,15.11571,14.874125,15.006432,14.730126,17.243023,16.944418,16.29418,16.045162,15.000219,14.49856,0.0,0.0,0.0,0.0,0.0,0.0,0.0,0.0
14570,2023.0,4.0,12.0,4.0,16.429485,16.368849,15.178524,14.921472,16.095158,15.841272,15.934629,15.695436,15.068091,14.825754,15.005878,14.771455,17.194822,16.895424,16.240976,15.991428,15.172749,14.963795,0.0,0.0,0.0,0.0,0.0,0.0,0.0,0.0
14571,2023.0,4.0,12.0,4.0,16.37865,16.314434,15.134249,14.872554,16.041292,15.7835865,15.878746,15.635772,15.019211,14.774293,15.0057955,14.801769,17.145487,16.843584,16.186888,15.935187,15.162501,14.933147,0.0,0.0,0.0,0.0,0.0,0.0,0.0,0.0
14572,2023.0,4.0,12.0,4.0,16.33334,16.270357,15.096499,14.83637,15.994608,15.739443,16.580652,16.998074,15.5446615,15.799883,15.199278,15.179851,17.100536,16.799847,16.137085,15.886789,15.831897,16.239225,0.0,0.0,4.0,4.0,4.0,0.0,0.0,4.0
14573,2023.0,4.0,12.0,4.0,16.289268,16.223515,15.058837,14.795618,15.948974,15.691585,16.12562,16.007675,15.155534,14.940958,14.989896,14.792915,17.057627,16.755013,16.090092,15.838185,14.974731,14.625424,0.0,0.0,0.0,0.0,0.0,0.0,0.0,0.0
14574,2023.0,4.0,12.0,5.0,17.037138,17.669415,15.017358,14.751368,16.64794,17.045128,15.441692,14.840653,15.509694,15.765703,15.0139265,14.869648,17.010696,16.706438,16.038622,15.785441,15.398313,15.500657,0.0,4.0,0.0,4.0,0.0,0.0,0.0,4.0
14575,2023.0,4.0,12.0,5.0,16.58,16.583971,15.001337,14.755145,16.263147,16.124105,15.180715,14.516538,14.934647,14.61874,15.1607685,15.154411,16.965513,16.6606,15.988846,15.735229,14.943309,14.602563,0.0,0.0,0.0,0.0,4.0,0.0,0.0,0.0
14576,2023.0,4.0,12.0,5.0,15.916885,15.479523,15.003136,14.783935,15.580903,14.95996,15.431303,15.121325,15.033089,14.838667,15.229079,15.23237,17.711441,18.11035,15.9405575,15.687226,15.027272,14.802822,0.0,0.0,0.0,0.0,4.0,4.0,0.0,0.0
14577,2023.0,4.0,12.0,5.0,16.44559,16.64162,15.003531,14.806243,16.03022,15.976429,15.526317,15.274439,15.014441,14.820237,14.979305,14.815802,18.041885,18.500727,15.892414,15.63908,15.013057,14.802032,0.0,4.0,0.0,0.0,0.0,4.0,0.0,0.0
14578,2023.0,4.0,12.0,5.0,16.648874,16.86772,15.398042,15.558457,15.562566,14.975229,15.501782,15.25581,15.474602,15.719172,15.015282,14.907876,16.99915,16.409,15.845713,15.592909,15.004311,14.828543,4.0,0.0,0.0,4.0,0.0,0.0,0.0,0.0
14579,2023.0,4.0,12.0,5.0,16.000805,15.639214,15.592896,15.808661,15.228452,14.544565,15.463433,15.218029,15.729186,16.032482,15.112078,15.097533,17.348097,17.397675,16.851196,17.525953,15.006272,14.865236,4.0,0.0,0.0,4.0,4.0,4.0,4.0,0.0
14580,2023.0,4.0,12.0,6.0,15.633087,15.154835,14.978857,14.703613,16.217241,16.537369,15.422682,15.177251,15.466212,15.438688,14.989265,14.879591,16.819363,16.224106,15.967005,15.482367,15.006772,14.892851,0.0,4.0,0.0,4.0,0.0,0.0,0.0,0.0
14581,2023.0,4.0,12.0,6.0,21.024881,24.629166,15.027549,14.81915,20.120844,22.99495,20.589083,24.19027,19.747862,22.645777,15.013955,14.94416,20.37148,22.512915,20.710203,23.736399,15.00733,14.915942,0.0,0.0,0.0,0.0,0.0,0.0,0.0,0.0
14582,2023.0,4.0,12.0,6.0,21.03837,24.074102,15.411469,15.571413,21.157413,24.335165,21.042387,24.39541,17.30666,17.506046,15.009703,14.949197,21.441914,24.13156,22.174973,25.877192,15.600212,16.04729,4.0,0.0,0.0,4.0,0.0,4.0,4.0,4.0
14583,2023.0,4.0,12.0,6.0,21.399168,24.153564,20.095362,23.562849,21.525185,24.338081,21.351858,24.39313,20.412914,23.41445,15.077975,15.077829,21.188084,23.31053,22.501637,25.88226,20.361814,24.177101,0.0,4.0,0.0,0.0,4.0,0.0,4.0,0.0
14584,2023.0,4.0,12.0,6.0,21.27628,23.735868,17.791838,18.427872,21.315298,23.74316,21.587206,24.397263,17.750763,17.889793,20.342228,23.82138,21.819695,24.27717,21.701805,24.011477,16.836576,16.648268,4.0,4.0,0.0,4.0,4.0,4.0,0.0,0.0
14585,2023.0,4.0,12.0,6.0,21.782242,24.297953,20.186419,23.09601,21.75039,24.22813,21.642447,24.160723,20.798994,23.697405,20.012224,22.90757,21.621637,23.542345,21.73864,23.808182,15.272313,14.734812,4.0,4.0,0.0,0.0,0.0,4.0,0.0,0.0
14586,2023.0,4.0,12.0,7.0,21.787085,24.249092,20.041117,22.43485,21.919144,24.258759,21.849031,24.43167,17.702677,17.424831,17.491674,17.661392,21.816223,23.663198,22.259996,24.58811,16.07901,16.556889,4.0,4.0,4.0,0.0,0.0,4.0,0.0,4.0
14587,2023.0,4.0,12.0,7.0,22.148788,24.605074,20.11661,22.33592,22.593533,25.478895,21.92029,24.29808,17.28636,17.720285,16.129822,15.848973,22.158403,24.288725,21.834177,23.732267,20.337599,23.729332,0.0,0.0,0.0,4.0,0.0,0.0,4.0,0.0
14588,2023.0,4.0,12.0,7.0,20.90854,22.344837,17.60032,17.32367,20.908764,22.316,21.067053,22.840132,20.33613,22.933325,15.819122,15.538515,20.946804,21.960419,21.023628,22.339653,17.73199,18.072296,0.0,4.0,4.0,4.0,0.0,4.0,0.0,4.0
14589,2023.0,4.0,12.0,7.0,21.094397,22.758621,16.555983,16.248436,21.10228,22.723738,21.082792,22.860788,20.063461,22.142794,16.041992,16.122509,21.064713,22.203547,21.094717,22.530539,20.47932,23.343864,0.0,4.0,4.0,0.0,4.0,4.0,0.0,4.0
14590,2023.0,4.0,12.0,7.0,21.163916,22.92009,16.322939,16.047686,21.162895,22.855324,21.16739,23.032454,17.59997,17.21813,20.487484,23.574095,21.132294,22.338661,21.214537,22.765398,21.172693,24.227112,0.0,4.0,0.0,0.0,4.0,4.0,4.0,0.0
14591,2023.0,4.0,12.0,7.0,21.067228,22.732086,16.10611,15.838403,21.072935,22.672178,21.096077,22.86237,16.37753,15.758374,20.03238,22.434708,21.048622,22.162022,21.091509,22.557018,18.026312,17.785261,0.0,4.0,0.0,0.0,4.0,4.0,0.0,0.0
14592,2023.0,4.0,12.0,8.0,21.092794,22.804632,16.424107,16.596922,21.096304,22.733263,21.094893,22.835712,16.34883,16.070463,20.111057,22.28365,21.04717,22.14895,21.08183,22.536812,16.43924,15.879725,4.0,0.0,0.0,0.0,0.0,4.0,0.0,0.0
14593,2023.0,4.0,12.0,8.0,19.010176,18.804888,20.196438,23.261198,18.962978,18.633553,19.27272,19.35961,16.261736,16.01648,17.662882,17.351439,19.274687,18.76056,19.039618,18.60819,16.317387,16.04849,0.0,0.0,0.0,0.0,0.0,0.0,0.0,0.0
14594,2023.0,4.0,12.0,8.0,17.861635,17.38539,17.9042,18.315126,17.707537,17.030107,18.158346,17.945257,16.104206,15.868876,16.661106,16.337997,18.410772,17.725676,18.3032,18.007986,16.205532,15.9819,0.0,0.0,0.0,0.0,0.0,0.0,0.0,0.0
14595,2023.0,4.0,12.0,8.0,18.60998,19.12084,16.738731,16.526571,18.384342,18.643991,17.790218,17.525951,15.9879,15.754191,16.4924,16.193434,18.151484,17.461998,18.083315,17.807774,16.067854,15.850172,0.0,4.0,0.0,0.0,0.0,0.0,0.0,0.0
14596,2023.0,4.0,12.0,8.0,18.357864,18.599981,16.412342,16.15403,18.53056,18.943754,17.526905,17.261934,15.880354,15.648833,16.321194,16.025982,17.962736,17.289127,17.864723,17.593176,15.933299,15.718427,0.0,4.0,0.0,0.0,0.0,0.0,0.0,0.0
14597,2023.0,4.0,12.0,8.0,17.499817,17.133808,16.673897,16.82731,17.445797,16.946985,17.31588,17.063791,15.790466,15.564709,16.177837,15.892313,18.11664,17.769361,18.741758,19.421362,15.821154,15.613043,4.0,0.0,0.0,0.0,0.0,0.0,4.0,0.0
14598,2023.0,4.0,12.0,9.0,17.122038,16.686245,20.200628,23.124872,17.622747,17.560846,17.126938,16.883545,15.707262,15.484939,16.451021,16.525122,18.102694,17.810163,18.600033,18.98691,15.718628,15.515091,0.0,4.0,0.0,0.0,4.0,0.0,4.0,0.0
14599,2023.0,4.0,12.0,9.0,16.887365,16.474113,18.243885,18.853724,17.049911,16.528227,16.933798,16.70348,15.623509,15.407997,20.402266,23.147873,18.802935,19.234762,17.539698,17.101156,15.6138,15.416881,4.0,0.0,0.0,0.0,0.0,4.0,0.0,0.0
14600,2023.0,4.0,12.0,9.0,17.767527,18.347082,20.279837,22.869543,17.292002,17.284609,16.76385,16.54223,15.548409,15.338115,18.030628,18.296818,18.72079,18.86062,17.024387,16.516998,15.520958,15.329887,0.0,4.0,0.0,0.0,0.0,4.0,0.0,0.0
14601,2023.0,4.0,12.0,9.0,17.15131,16.981806,17.832876,17.812464,16.772652,16.294258,16.616495,16.404272,15.48474,15.28002,16.670881,16.45683,17.95182,17.489346,16.81544,16.31471,16.407879,17.078947,0.0,0.0,0.0,0.0,0.0,0.0,0.0,4.0
14602,2023.0,4.0,12.0,9.0,17.45028,17.73744,16.980099,16.71578,16.45218,15.889456,16.507698,16.302773,15.4385395,15.238047,16.396368,16.128845,17.626675,17.054829,16.687702,16.199272,20.322296,23.738117,0.0,0.0,0.0,0.0,0.0,0.0,0.0,0.0
14603,2023.0,4.0,12.0,9.0,16.891418,16.651777,16.710573,16.491453,16.280022,15.738296,16.395895,16.201822,15.3913,15.196359,16.220034,15.957752,17.47222,16.906029,16.784058,16.53174,17.288103,17.281929,0.0,0.0,0.0,0.0,0.0,0.0,0.0,0.0
14604,2023.0,4.0,12.0,10.0,17.339207,17.68165,16.499931,16.280642,16.428867,16.173742,16.307388,16.118683,15.35292,15.161326,16.102297,15.841781,17.64584,17.355618,16.780003,16.565578,16.23354,15.780426,0.0,0.0,0.0,0.0,0.0,0.0,0.0,0.0
14605,2023.0,4.0,12.0,10.0,16.751835,16.555645,16.325058,16.115685,17.160776,17.608932,16.224731,16.044092,15.316343,15.127983,16.000296,15.747312,17.664604,17.413502,16.719707,16.512497,16.16021,15.920435,0.0,4.0,0.0,0.0,0.0,0.0,0.0,0.0
14606,2023.0,4.0,12.0,10.0,16.435017,16.122921,16.163378,15.947999,17.362005,17.890598,16.141474,15.9620285,15.279889,15.091886,15.903416,15.649274,17.624338,17.37801,16.655151,16.449041,16.033888,15.817271,0.0,4.0,0.0,0.0,0.0,0.0,0.0,0.0
14607,2023.0,4.0,12.0,10.0,16.567253,16.529655,16.0463,15.8522835,16.509506,16.236645,16.074707,15.908466,15.249821,15.066531,15.829561,15.588095,17.5863,17.34673,16.600014,16.401377,15.914306,15.713289,0.0,0.0,0.0,0.0,0.0,0.0,0.0,0.0
14608,2023.0,4.0,12.0,10.0,17.346386,18.052788,16.410328,16.64111,16.111732,15.656504,16.006197,15.846606,15.219398,15.038245,15.756899,15.520221,17.547462,17.311518,16.54512,16.34988,15.803302,15.607878,4.0,0.0,0.0,0.0,0.0,0.0,0.0,0.0
14609,2023.0,4.0,12.0,10.0,16.611534,16.523293,20.134874,23.202475,15.960596,15.504535,16.672543,17.158148,15.191967,15.013072,15.691836,15.459298,17.511824,17.279524,16.49442,16.30302,15.708695,15.519893,0.0,0.0,4.0,0.0,0.0,0.0,0.0,0.0
14610,2023.0,4.0,12.0,11.0,16.166815,15.946502,17.934814,18.420559,16.07094,15.856728,16.32107,16.327637,15.165025,14.988231,15.628088,15.401448,17.474987,17.245966,16.44122,16.253017,15.612982,15.43003,0.0,0.0,0.0,0.0,0.0,0.0,0.0,0.0
14611,2023.0,4.0,12.0,11.0,16.048494,15.818147,16.783636,16.650316,16.831377,17.327557,15.802909,15.439366,15.143838,14.967518,15.583901,15.358855,17.444334,17.216211,16.396044,16.208534,15.541077,15.359657,0.0,4.0,0.0,0.0,0.0,0.0,0.0,0.0
14612,2023.0,4.0,12.0,11.0,16.193605,16.195189,16.484669,16.319448,16.17383,15.952627,15.615023,15.219478,15.124169,14.948869,15.544483,15.322739,17.416052,17.189487,16.354185,16.168396,15.476748,15.29906,0.0,0.0,0.0,0.0,0.0,0.0,0.0,0.0
14613,2023.0,4.0,12.0,11.0,16.208614,16.251673,16.27843,16.108858,15.81371,15.411313,15.739579,15.578618,15.104831,14.929746,15.937393,16.09714,17.389153,17.1631,16.314468,16.129005,15.417748,15.24129,0.0,0.0,0.0,0.0,4.0,0.0,0.0,0.0
14614,2023.0,4.0,12.0,11.0,16.16948,16.217184,16.592546,16.834795,15.909719,15.72153,15.729902,15.601387,15.087488,14.913873,20.121132,23.390285,18.180672,18.686682,16.279264,16.096605,15.367347,15.1954155,4.0,0.0,0.0,0.0,0.0,4.0,0.0,0.0
14615,2023.0,4.0,12.0,11.0,16.125319,16.181082,20.2829,23.263199,15.928444,15.788678,15.679838,15.558568,15.068231,14.895806,17.783436,18.211805,18.528473,19.10639,16.24069,16.059912,15.313255,15.144594,0.0,0.0,0.0,0.0,0.0,4.0,0.0,0.0
14616,2023.0,4.0,12.0,12.0,16.086456,16.14916,18.364183,19.086462,15.877363,15.746516,15.627767,15.511638,15.05075,14.879793,16.342972,16.214052,17.64735,17.333704,16.203297,16.024355,15.263265,15.097324,4.0,0.0,0.0,0.0,0.0,0.0,0.0,0.0
14617,2023.0,4.0,12.0,12.0,21.311396,25.368252,20.242918,22.701057,21.089697,24.928368,20.992186,24.932543,15.035472,14.865267,16.090092,15.871078,21.19766,23.582594,21.80244,25.577389,15.221562,15.056145,0.0,0.0,0.0,0.0,0.0,0.0,0.0,0.0
14618,2023.0,4.0,12.0,12.0,21.022947,24.24174,17.92353,17.967464,21.014511,24.1746,21.015783,24.346287,15.021345,14.852728,15.956473,15.736247,21.592575,24.02236,22.238415,25.869438,15.181222,15.018257,0.0,0.0,0.0,0.0,0.0,0.0,0.0,0.0
14619,2023.0,4.0,12.0,12.0,21.086802,23.945583,16.9976,16.985434,21.096203,23.947447,21.079302,24.04709,15.840362,16.411251,15.860963,15.642879,20.978737,22.615698,20.898668,23.093334,15.148983,14.9892845,4.0,0.0,4.0,4.0,0.0,4.0,0.0,0.0
14620,2023.0,4.0,12.0,12.0,22.307476,25.692884,20.254097,22.903378,21.144646,23.78535,21.147877,23.93669,20.344305,24.019333,15.778858,15.561401,21.973188,24.185715,21.196093,23.50108,15.124166,14.9681015,0.0,0.0,0.0,0.0,0.0,0.0,0.0,0.0
14621,2023.0,4.0,12.0,12.0,20.897865,22.97934,17.91889,18.015764,21.0824,23.478256,21.104393,23.624813,17.291618,17.429695,15.713051,15.500667,20.942455,22.16654,22.133318,24.832705,15.103921,14.9515915,0.0,0.0,0.0,0.0,0.0,0.0,0.0,0.0
14622,2023.0,4.0,12.0,13.0,21.092928,23.266758,16.76636,16.64972,21.08034,23.343689,21.09999,23.457144,15.785218,15.451153,15.656283,15.44819,21.066942,22.39166,21.055153,22.907095,15.086463,14.937791,0.0,0.0,0.0,0.0,0.0,0.0,0.0,0.0
14623,2023.0,4.0,12.0,13.0,21.18248,23.388742,16.482216,16.32618,21.1281,23.300983,21.174723,23.504414,15.668147,15.476564,15.598757,15.388113,21.107801,22.436174,21.145603,23.017708,15.068309,14.920725,0.0,4.0,0.0,0.0,0.0,0.0,0.0,0.0
14624,2023.0,4.0,12.0,13.0,21.134098,23.175285,16.287102,16.133455,21.150064,23.229612,21.128437,23.296385,15.600285,15.413536,15.549559,15.340617,21.105267,22.391077,21.14011,22.928658,15.051161,14.905004,0.0,4.0,4.0,0.0,0.0,0.0,0.0,0.0
14625,2023.0,4.0,12.0,13.0,21.173279,23.248867,16.122765,15.972145,21.14385,23.135113,21.192583,23.38011,15.519577,15.3362055,15.503634,15.296432,21.103855,22.36243,21.137548,22.88107,15.034271,14.889519,0.0,4.0,0.0,0.0,0.0,0.0,0.0,0.0
14626,2023.0,4.0,12.0,13.0,21.047249,22.946632,16.491348,16.791513,21.05985,22.934717,21.079012,23.09867,15.449976,15.271878,15.462789,15.2597885,21.044209,22.235004,21.056448,22.704008,15.017707,14.874615,4.0,4.0,0.0,0.0,0.0,0.0,0.0,0.0
14627,2023.0,4.0,12.0,13.0,21.94004,24.419441,20.187763,23.166948,21.930262,24.344355,21.756197,24.241917,15.387171,15.213135,15.421959,15.221354,21.55971,23.02978,22.14191,24.374378,15.000555,14.859394,0.0,0.0,0.0,0.0,0.0,4.0,0.0,0.0
14628,2023.0,4.0,12.0,14.0,20.9177,22.519825,18.303192,19.026167,20.923801,22.448154,20.940958,22.672264,15.333811,15.162921,15.387526,15.189465,20.947952,21.885214,20.869478,22.074331,16.033081,16.830353,4.0,4.0,0.0,0.0,0.0,0.0,0.0,4.0
14629,2023.0,4.0,12.0,14.0,19.07303,19.060097,20.298698,23.01656,19.017551,18.888372,19.655767,20.242676,15.28518,15.116845,15.352825,15.155584,19.516205,19.178787,19.378561,19.334902,20.332388,23.995783,0.0,0.0,4.0,0.0,0.0,0.0,0.0,0.0
14630,2023.0,4.0,12.0,14.0,18.994434,19.622498,18.17137,18.578535,17.894424,17.465286,18.409966,18.4134,15.238203,15.071621,15.320488,15.124565,18.769463,18.24834,18.55619,18.334661,17.232357,17.359165,0.0,0.0,0.0,0.0,0.0,0.0,0.0,0.0
14631,2023.0,4.0,12.0,14.0,18.99006,19.670996,17.568026,17.838514,17.516682,17.038155,17.64053,17.23522,15.993826,16.531197,15.2925,15.096812,18.745216,18.436382,18.240686,17.993395,17.063015,17.528135,4.0,0.0,0.0,4.0,0.0,0.0,0.0,4.0
14632,2023.0,4.0,12.0,14.0,17.994003,17.882458,20.243807,22.750994,18.187984,18.55869,17.260418,16.81876,20.254305,23.793924,15.262026,15.067003,18.647446,18.374802,18.008474,17.768658,20.314016,23.325432,0.0,4.0,0.0,0.0,0.0,0.0,0.0,0.0
14633,2023.0,4.0,12.0,14.0,17.394815,17.157417,17.96053,18.032843,17.750881,17.688917,17.180902,16.969868,17.32087,17.462666,15.227438,15.034068,18.494667,18.231365,17.777447,17.546152,17.543758,17.559229,0.0,0.0,0.0,0.0,0.0,0.0,0.0,0.0
14634,2023.0,4.0,12.0,15.0,17.90457,18.298338,17.316126,17.249641,17.136492,16.707909,17.066559,16.894918,16.168928,15.769541,15.1953125,15.002106,18.371607,18.108603,17.603899,17.372465,17.452179,17.876137,4.0,0.0,0.0,0.0,0.0,0.0,0.0,4.0
14635,2023.0,4.0,12.0,15.0,17.287561,17.142323,20.241932,22.593044,16.848825,16.37854,16.903547,16.731,16.045717,15.802007,15.152949,14.952502,18.25083,17.986595,17.44258,17.213003,20.29601,22.997042,4.0,0.0,0.0,0.0,0.0,0.0,0.0,0.0
14636,2023.0,4.0,12.0,15.0,16.83908,16.573301,20.036224,21.956783,16.842632,16.59297,16.72525,16.546282,15.897862,15.674653,15.100271,14.891059,18.911959,19.353756,17.270872,17.040697,17.66691,17.5987,4.0,0.0,0.0,0.0,0.0,4.0,0.0,0.0
14637,2023.0,4.0,12.0,15.0,16.615702,16.320347,20.09578,21.942394,16.764156,16.547888,17.303251,17.767546,15.724886,15.497216,15.4804325,15.645622,19.144089,19.633926,17.108776,16.872812,17.26818,17.664392,0.0,0.0,4.0,0.0,4.0,4.0,0.0,4.0
14638,2023.0,4.0,12.0,15.0,17.450783,18.053446,18.323751,18.41768,16.627523,16.409565,17.47652,17.975698,16.339378,16.789246,20.108112,23.192402,18.13367,17.69458,18.038704,18.759768,20.527298,23.251156,4.0,0.0,4.0,4.0,0.0,0.0,4.0,4.0
14639,2023.0,4.0,12.0,15.0,16.838175,16.678314,20.254057,22.387121,17.208317,17.60424,16.576973,16.2695,20.386892,23.72704,17.601904,17.977821,18.371422,18.495401,17.132902,16.777887,19.920067,21.896524,0.0,4.0,0.0,4.0,0.0,4.0,0.0,0.0
14640,2023.0,4.0,12.0,16.0,17.059881,17.36833,18.050701,17.906368,17.447807,17.923845,16.017618,15.51596,20.057243,22.670794,16.002077,15.829417,18.488829,18.621367,16.542007,16.07464,17.613459,17.383661,0.0,4.0,0.0,0.0,0.0,4.0,0.0,0.0
14641,2023.0,4.0,12.0,16.0,16.548641,16.326777,17.477932,17.609858,17.154066,17.326475,16.493382,16.566473,17.376385,17.229761,15.646497,15.4152155,17.76981,17.305212,16.326658,15.856721,17.33574,17.643797,4.0,4.0,4.0,0.0,0.0,0.0,0.0,4.0
14642,2023.0,4.0,12.0,16.0,16.979242,17.275417,20.24394,22.609095,17.02565,17.146336,16.646936,16.805208,16.346039,15.808963,15.467467,15.221503,17.416481,16.844446,16.40723,16.158157,20.346176,22.995796,4.0,4.0,4.0,0.0,0.0,0.0,0.0,0.0
14643,2023.0,4.0,12.0,16.0,16.486923,16.258348,20.043634,21.938131,16.969177,17.090773,15.979259,15.558182,16.173594,15.882358,15.317743,15.079348,17.231554,16.66018,17.489082,18.24655,17.655827,17.49605,4.0,4.0,0.0,0.0,0.0,0.0,4.0,0.0
14644,2023.0,4.0,12.0,16.0,16.110283,15.777373,20.096092,21.891838,16.924082,17.047089,16.316216,16.407232,16.012764,15.762087,15.197276,14.963889,17.361794,17.058199,16.620235,16.256275,16.351273,15.892119,0.0,4.0,4.0,0.0,0.0,0.0,0.0,0.0
14645,2023.0,4.0,12.0,16.0,16.70968,17.018036,18.33427,18.38242,16.22453,15.778538,15.8456955,15.427401,15.824413,15.586115,15.101234,14.87317,17.386665,17.124193,16.110367,15.665959,17.127794,17.71381,4.0,0.0,0.0,0.0,0.0,0.0,0.0,4.0
14646,2023.0,4.0,12.0,17.0,16.879313,17.249792,20.24267,22.069672,15.901484,15.349947,16.258013,16.343475,15.685869,15.450502,15.031955,14.803201,17.336166,17.076931,17.041544,17.53186,20.353378,23.274624,4.0,0.0,4.0,0.0,0.0,0.0,4.0,0.0
14647,2023.0,4.0,12.0,17.0,16.231125,16.018051,20.060236,21.63965,15.74443,15.199147,16.465332,16.631239,15.549093,15.323226,15.002964,14.813595,18.03892,18.459063,16.386047,16.005436,17.503654,17.35381,0.0,0.0,4.0,0.0,0.0,4.0,0.0,0.0
14648,2023.0,4.0,12.0,17.0,16.62611,16.957806,18.083853,17.801891,16.622211,16.991003,16.470312,16.642614,15.429461,15.212392,15.005761,14.860631,17.317764,16.852772,15.966677,15.525925,17.07669,17.4129,0.0,4.0,4.0,0.0,0.0,0.0,0.0,4.0
14649,2023.0,4.0,12.0,17.0,16.160166,15.958086,17.239786,16.96217,16.71676,16.915325,15.818929,15.438199,15.3247595,15.11519,15.274199,15.390847,16.914873,16.371885,15.833269,15.390533,20.37296,23.161573,0.0,4.0,0.0,0.0,4.0,0.0,0.0,4.0
14650,2023.0,4.0,12.0,17.0,15.808505,15.498005,16.998991,16.749321,16.618484,16.781107,16.144365,16.257206,15.230997,15.027878,20.104172,23.310307,16.800224,16.256357,15.951872,15.7271595,20.056192,22.289078,0.0,4.0,4.0,0.0,0.0,0.0,0.0,0.0
14651,2023.0,4.0,12.0,17.0,16.437775,16.77629,17.222305,17.36657,16.603388,16.766356,15.70136,15.324966,15.9215145,16.40713,17.581549,18.025192,17.807299,18.271805,15.980581,15.783179,18.313616,18.711721,4.0,4.0,0.0,4.0,0.0,4.0,0.0,4.0
14652,2023.0,4.0,12.0,18.0,15.949889,15.763638,20.257652,22.788755,15.928492,15.519122,15.415837,14.917757,20.279402,23.873613,16.283245,16.032778,17.799456,18.01628,15.944838,15.752354,20.357857,22.51355,4.0,0.0,0.0,0.0,0.0,4.0,0.0,0.0
14653,2023.0,4.0,12.0,18.0,21.26116,25.216797,20.039227,22.015532,21.22948,24.984623,21.17922,25.085978,17.111174,17.088533,15.9293,15.663363,21.515215,24.480764,21.764984,25.654331,17.817091,17.573578,4.0,4.0,4.0,0.0,0.0,4.0,0.0,0.0
14654,2023.0,4.0,12.0,18.0,21.033314,24.176292,20.09491,21.934027,21.014006,23.976187,21.013084,24.134056,15.533586,15.0727,15.708928,15.448496,21.352343,23.816732,21.961084,25.519001,16.589994,16.08044,0.0,4.0,4.0,0.0,0.0,0.0,0.0,0.0
14655,2023.0,4.0,12.0,18.0,21.08888,23.871265,18.31608,18.36156,21.097075,23.756874,21.101637,23.900433,15.448931,15.212585,15.549249,15.302841,21.073404,23.004549,22.879427,26.699686,16.448874,16.196451,4.0,4.0,4.0,0.0,0.0,0.0,0.0,0.0
14656,2023.0,4.0,12.0,18.0,21.14557,23.7426,20.255484,22.340158,21.145283,23.598347,21.147276,23.740139,15.402564,15.198161,15.411639,15.171045,21.733921,23.939276,21.760582,24.362453,16.312014,16.088694,0.0,4.0,0.0,0.0,0.0,0.0,0.0,0.0
14657,2023.0,4.0,12.0,18.0,21.0739,23.394596,18.068066,17.884747,21.105902,23.356777,21.08195,23.398321,15.297554,15.102138,15.699133,15.822002,20.967968,22.416046,20.950554,22.705467,16.13244,15.919656,0.0,0.0,4.0,0.0,4.0,0.0,0.0,0.0
14658,2023.0,4.0,12.0,19.0,21.152916,23.423664,17.552036,17.692352,21.152744,23.315144,21.15768,23.433035,15.201539,15.012808,20.407938,23.660097,21.137299,22.703863,21.308203,23.391743,15.975827,15.772135,4.0,0.0,0.0,0.0,0.0,0.0,0.0,0.0
14659,2023.0,4.0,12.0,19.0,21.157927,23.338009,20.296755,22.571335,21.154041,23.195974,21.152815,23.298326,15.117375,14.935485,17.94667,18.522795,21.128939,22.643353,21.186275,23.112682,15.8421755,15.648788,0.0,4.0,4.0,0.0,4.0,0.0,0.0,0.0
14660,2023.0,4.0,12.0,19.0,21.072653,23.093918,18.671598,19.143515,21.076368,22.965435,21.0806,23.074785,15.045133,14.870529,20.251446,23.112907,21.03065,22.391861,21.073097,22.853418,16.773182,17.525902,4.0,4.0,4.0,0.0,0.0,4.0,0.0,4.0
14661,2023.0,4.0,12.0,19.0,21.161398,23.215395,20.275595,22.347042,21.099041,22.974005,21.078537,23.011732,15.000292,14.848403,17.87958,18.114397,21.133497,22.55843,21.07214,22.82454,20.365145,23.542559,4.0,0.0,4.0,0.0,0.0,0.0,0.0,0.0
14662,2023.0,4.0,12.0,19.0,21.069988,22.98486,20.038565,21.70597,21.092798,22.910593,21.077126,22.960619,15.006258,14.898554,16.472317,16.262205,21.07356,22.387161,21.071302,22.798264,17.355959,17.21419,4.0,0.0,4.0,0.0,0.0,0.0,0.0,0.0
14663,2023.0,4.0,12.0,19.0,21.0682,22.944538,20.07362,21.66258,21.06563,22.795118,21.100145,22.98542,15.006277,14.926766,16.110449,15.865695,21.042515,22.267796,21.06963,22.772825,15.983052,15.5258465,4.0,4.0,0.0,0.0,0.0,4.0,0.0,0.0
14664,2023.0,4.0,12.0,20.0,21.093422,22.981874,20.08425,21.621128,21.070004,22.77345,21.09155,22.930489,15.00657,14.949481,15.894141,15.654935,21.07748,22.331038,21.06796,22.749329,15.945695,15.760556,0.0,4.0,0.0,0.0,0.0,0.0,0.0,0.0
14665,2023.0,4.0,12.0,20.0,21.087934,22.934986,18.15603,17.87048,21.07079,22.74983,21.09472,22.902113,15.629463,16.133482,15.734757,15.51381,21.071468,22.290009,21.069633,22.73304,16.884493,17.622913,0.0,4.0,0.0,4.0,0.0,0.0,0.0,4.0
14666,2023.0,4.0,12.0,20.0,21.062069,22.831184,17.343254,17.06843,21.09474,22.79414,21.072193,22.869555,20.46364,24.121881,15.5859585,15.370712,21.071861,22.26595,21.068861,22.71355,20.36338,23.463434,0.0,0.0,0.0,0.0,0.0,0.0,0.0,0.0
14667,2023.0,4.0,12.0,20.0,21.091799,22.884464,17.111847,16.861063,21.089014,22.755548,21.049948,22.807167,17.02626,16.997158,15.453179,15.243135,21.023556,22.167198,21.068516,22.696232,17.378716,17.210846,0.0,0.0,4.0,0.0,0.0,4.0,0.0,0.0
14668,2023.0,4.0,12.0,20.0,21.05747,22.770039,17.373882,17.555883,21.087942,22.727568,21.079607,22.887016,16.162409,16.381495,15.769763,15.948798,21.048944,22.19601,21.067114,22.678154,16.010235,15.536127,4.0,0.0,0.0,4.0,4.0,4.0,0.0,0.0
14669,2023.0,4.0,12.0,20.0,21.240416,23.135134,20.343071,22.86734,21.259274,23.089502,21.229683,23.137434,20.587978,23.763226,20.283207,23.403502,21.216324,22.515697,21.308865,23.146881,17.001013,17.725718,4.0,0.0,0.0,0.0,0.0,4.0,0.0,4.0
14670,2023.0,4.0,12.0,21.0,21.936258,24.07068,20.056013,21.980228,21.068745,22.710445,21.066761,22.748724,17.465406,17.37032,17.948967,18.508102,21.555386,22.977598,21.0666,22.642729,20.355364,23.324623,0.0,0.0,4.0,0.0,4.0,0.0,0.0,0.0
14671,2023.0,4.0,12.0,21.0,20.895254,22.229603,17.876507,17.59707,21.06867,22.712112,21.096428,22.799349,15.816085,15.31324,20.3537,23.226265,20.953625,21.867346,21.028427,22.528791,18.06494,18.412876,0.0,0.0,0.0,0.0,4.0,0.0,4.0,4.0
14672,2023.0,4.0,12.0,21.0,21.086134,22.631548,17.008795,16.718529,21.068438,22.708755,21.0903,22.757376,15.713909,15.477074,20.058094,22.335121,21.05193,22.05951,21.092209,22.645844,21.612864,24.939157,0.0,0.0,0.0,0.0,0.0,4.0,0.0,0.0
14673,2023.0,4.0,12.0,21.0,21.08515,22.67467,16.832428,16.56622,21.068184,22.702162,21.067812,22.72766,16.443033,16.961988,17.828093,17.791494,21.073343,22.133041,21.081326,22.589804,18.76049,19.082193,0.0,0.0,0.0,4.0,4.0,0.0,0.0,4.0
14674,2023.0,4.0,12.0,21.0,21.056965,22.603617,17.101345,17.230888,21.043451,22.626034,21.07091,22.7373,21.259111,24.99664,20.38404,22.768328,21.06924,22.122478,21.081985,22.561502,21.566154,24.424429,4.0,4.0,0.0,0.0,0.0,0.0,0.0,4.0
14675,2023.0,4.0,12.0,21.0,21.15426,22.818356,20.256216,22.821072,21.157122,22.8697,21.167059,22.907177,17.67471,17.590757,17.964867,17.918756,21.119373,22.216835,21.174381,22.757362,19.864174,21.300737,4.0,0.0,4.0,0.0,4.0,0.0,0.0,4.0
14676,2023.0,4.0,12.0,22.0,22.195227,24.464962,20.055962,22.065456,21.486717,23.100977,21.48155,23.19888,15.87924,15.33716,20.3846,22.719797,21.851387,23.533413,21.580084,23.139105,20.81614,22.917007,0.0,4.0,0.0,0.0,0.0,0.0,0.0,4.0
14677,2023.0,4.0,12.0,22.0,21.071507,22.573858,17.841627,17.5853,21.06043,22.528177,20.9131,22.222717,15.773588,15.516905,18.420914,18.781334,20.95713,21.828068,20.881115,21.992249,20.065325,21.583931,0.0,0.0,0.0,0.0,4.0,0.0,0.0,0.0
14678,2023.0,4.0,12.0,22.0,21.062473,22.605225,16.941143,16.638336,21.089106,22.571568,21.114262,22.635614,16.33547,16.688456,20.32221,22.610647,21.063858,22.088642,21.095749,22.476978,17.961111,17.530087,0.0,0.0,0.0,4.0,0.0,0.0,0.0,0.0
14679,2023.0,4.0,12.0,22.0,21.063818,22.637865,16.756086,16.469406,21.062723,22.548824,21.0616,22.574461,20.47462,23.67881,18.46231,18.795465,21.02083,22.012886,21.060287,22.43967,16.884724,16.293392,0.0,0.0,0.0,4.0,4.0,4.0,0.0,0.0
14680,2023.0,4.0,12.0,22.0,21.06319,22.652609,17.032944,17.142979,21.06598,22.570393,21.068468,22.61202,20.099651,22.656664,20.316889,22.532125,21.076714,22.130196,21.064404,22.465897,16.483583,15.900213,4.0,0.0,0.0,0.0,0.0,0.0,0.0,0.0
14681,2023.0,4.0,12.0,22.0,21.169163,22.872454,20.269827,22.895536,21.170994,22.788063,21.172483,22.833918,17.325546,17.032248,18.221075,18.299763,21.130611,22.221155,21.200104,22.746706,16.500221,16.237717,0.0,0.0,0.0,0.0,0.0,0.0,0.0,0.0
14682,2023.0,4.0,12.0,23.0,21.06287,22.660934,18.184511,18.443264,21.065153,22.576311,21.067358,22.628916,15.99066,15.41257,17.010391,16.756866,21.069107,22.08125,21.063389,22.473705,16.404839,16.174232,0.0,0.0,0.0,0.0,0.0,0.0,0.0,0.0
14683,2023.0,4.0,12.0,23.0,19.499094,19.66287,16.919481,16.70955,19.46631,19.509792,19.41548,19.46613,16.50988,16.7536,16.624016,16.342924,19.761173,19.591215,19.414833,19.306128,16.24063,16.02406,0.0,0.0,0.0,4.0,0.0,0.0,0.0,0.0
14684,2023.0,4.0,12.0,23.0,18.75983,18.635168,16.633247,16.341911,19.330702,19.616274,18.580376,18.28093,16.066854,15.835946,16.393034,16.10025,19.234545,18.90659,18.744377,18.450235,16.110746,15.896693,0.0,4.0,0.0,0.0,0.0,0.0,0.0,0.0
14685,2023.0,4.0,12.0,23.0,18.44012,18.307297,16.478348,16.18314,18.589394,18.361202,18.22424,17.909422,15.5092,14.980889,16.203573,15.918948,18.995499,18.674957,18.432539,18.145227,15.983326,15.764938,0.0,0.0,0.0,0.0,0.0,0.0,0.0,0.0
14686,2023.0,4.0,12.0,23.0,18.194254,18.062443,16.34458,16.048502,17.743422,16.997402,17.954556,17.640621,15.245233,14.691536,16.034496,15.754852,18.792723,18.477507,18.177801,17.896555,15.867703,15.647849,0.0,0.0,0.0,0.0,0.0,0.0,0.0,0.0
14687,2023.0,4.0,12.0,23.0,17.990814,17.865095,16.228848,15.934903,17.365108,16.576624,17.731815,17.424664,15.964057,16.237621,15.883675,15.611472,18.61876,18.311546,17.963411,17.691889,15.762854,15.5437,0.0,0.0,0.0,4.0,0.0,0.0,0.0,0.0
14688,2023.0,4.0,13.0,0.0,17.809147,17.685009,16.121492,15.827511,17.50665,17.11587,17.53304,17.22796,15.550276,15.324126,15.739907,15.46421,18.456055,18.144697,17.770454,17.503727,15.663891,15.443261,0.0,0.0,0.0,0.0,0.0,0.0,0.0,0.0
14689,2023.0,4.0,13.0,0.0,17.647228,17.523737,16.02296,15.728776,17.443327,17.117046,17.355352,17.051577,15.064104,14.560519,15.60889,15.331549,18.310389,17.997015,17.597103,17.33396,15.571827,15.349618,0.0,0.0,0.0,0.0,0.0,0.0,0.0,0.0
14690,2023.0,4.0,13.0,0.0,17.507053,17.389751,15.935789,15.645275,17.30973,16.992556,17.201477,16.905117,15.45922,15.464373,15.49328,15.2186365,18.183054,17.871988,17.4398,17.174898,15.488901,15.267729,0.0,0.0,0.0,4.0,0.0,0.0,0.0,0.0
14691,2023.0,4.0,13.0,0.0,17.377893,17.264647,15.853635,15.565455,17.180979,16.868929,17.059765,16.768326,14.940075,14.564763,15.385478,15.111743,18.065748,17.755106,17.297922,17.033894,15.410779,15.189686,0.0,0.0,0.0,0.0,0.0,0.0,0.0,0.0
14692,2023.0,4.0,13.0,0.0,17.234314,17.117609,15.759424,15.467587,17.033863,16.718443,16.90165,16.606152,15.022626,14.818594,15.265382,14.987707,17.938904,17.624878,17.146029,16.878717,15.325775,15.102093,0.0,0.0,0.0,0.0,0.0,0.0,0.0,0.0
14693,2023.0,4.0,13.0,0.0,17.110807,16.998028,15.677951,15.3887825,16.906898,16.596542,16.766682,16.47637,15.003215,14.820202,15.160144,14.884189,17.828047,17.515287,17.012722,16.74717,15.249387,15.026166,0.0,0.0,0.0,0.0,0.0,0.0,0.0,0.0
14694,2023.0,4.0,13.0,1.0,16.999638,16.890825,15.60288,15.3163,16.7918,16.48625,16.645,16.359573,15.008217,14.886724,15.064342,14.7898245,17.728086,17.416336,16.89264,16.628551,15.178702,14.955851,0.0,0.0,0.0,0.0,0.0,0.0,0.0,0.0
14695,2023.0,4.0,13.0,1.0,16.907757,16.811684,15.541655,15.265965,16.696972,16.40607,16.544994,16.274654,15.00766,14.915043,14.997693,14.749294,17.64379,17.339241,16.790459,16.534323,15.850751,16.280146,0.0,0.0,0.0,0.0,0.0,0.0,0.0,4.0
14696,2023.0,4.0,13.0,1.0,16.818058,16.727203,15.480073,15.209243,16.60369,16.31907,16.447388,16.182993,15.008869,14.946681,15.008915,14.821414,17.563568,17.261461,16.693596,16.440111,15.397133,15.193553,0.0,0.0,0.0,0.0,0.0,0.0,0.0,0.0
14697,2023.0,4.0,13.0,1.0,16.734734,16.647936,15.927169,16.101843,16.517069,16.237732,16.35716,16.09766,15.408921,15.717057,15.007628,14.857181,17.490244,17.19033,16.604195,16.352474,14.972251,14.632484,4.0,0.0,0.0,4.0,0.0,0.0,0.0,0.0
14698,2023.0,4.0,13.0,1.0,16.658886,16.576544,15.655679,15.49116,16.437548,16.164038,16.274326,16.020433,14.952951,14.836633,15.0084715,14.8881645,17.423195,17.125587,16.522543,16.273296,15.018711,14.774241,0.0,0.0,0.0,0.0,0.0,0.0,0.0,0.0
14699,2023.0,4.0,13.0,1.0,16.585606,16.505142,15.41883,15.167383,16.361002,16.090673,16.194672,15.943731,15.027753,15.0128975,15.153674,15.180149,17.359924,17.063398,16.445436,16.197054,15.003377,14.799807,0.0,0.0,0.0,0.0,4.0,0.0,0.0,0.0
14700,2023.0,4.0,13.0,2.0,16.520466,16.445532,15.338804,15.085826,16.29298,16.029522,16.12407,15.879861,15.402468,15.727353,14.972872,14.852588,17.303549,17.010359,16.37634,16.131422,15.006197,14.844935,0.0,0.0,0.0,4.0,0.0,0.0,0.0,0.0
14701,2023.0,4.0,13.0,2.0,16.460917,16.392534,15.284438,15.036881,16.230408,15.97508,16.059134,15.822888,14.945055,14.826389,15.01491,14.950998,17.252802,16.964474,16.313526,16.073442,15.005213,14.874807,0.0,0.0,0.0,0.0,0.0,0.0,0.0,0.0
14702,2023.0,4.0,13.0,2.0,16.401567,16.336166,15.2338295,14.989023,16.16779,15.9161825,15.994243,15.761368,15.036305,15.042536,15.015517,14.9701605,17.203678,16.918089,16.252554,16.014708,15.007064,14.907188,0.0,0.0,0.0,0.0,0.0,0.0,0.0,0.0
14703,2023.0,4.0,13.0,2.0,16.354467,16.301172,15.192963,14.956991,16.11474,15.873074,15.939438,15.716377,15.41449,15.748565,15.008249,14.968681,17.16052,16.88071,16.198372,15.966137,15.005763,14.921925,0.0,0.0,0.0,4.0,0.0,0.0,0.0,0.0
14704,2023.0,4.0,13.0,2.0,16.301298,16.25039,15.153283,14.924248,16.062826,15.829102,15.885953,15.670626,15.31407,15.40509,15.010136,14.98515,17.119236,16.84452,16.146725,15.919547,15.604709,16.06594,0.0,0.0,0.0,4.0,0.0,0.0,0.0,4.0
14705,2023.0,4.0,13.0,2.0,16.251842,16.20496,15.114989,14.891869,16.012224,15.785085,15.834453,15.625203,14.980106,14.900497,15.009972,14.996381,17.07929,16.808773,16.096811,15.873678,15.125073,14.955568,0.0,0.0,0.0,0.0,0.0,0.0,0.0,0.0
14706,2023.0,4.0,13.0,3.0,16.204317,16.161839,15.077835,14.859834,15.962795,15.741091,15.784311,15.580026,15.027743,15.015398,15.010239,15.007251,17.040834,16.774042,16.048481,15.828585,15.390619,15.629839,0.0,0.0,0.0,0.0,0.0,0.0,0.0,4.0
14707,2023.0,4.0,13.0,3.0,16.171314,16.145819,15.039711,14.824152,15.913572,15.695365,15.734796,15.53355,15.008364,15.01463,15.071712,15.121815,17.001982,16.736782,17.046413,17.749962,14.959114,14.796048,0.0,0.0,0.0,0.0,4.0,0.0,4.0,0.0
14708,2023.0,4.0,13.0,3.0,16.128119,16.104101,15.000267,14.788357,15.863148,15.645664,15.683165,15.482634,15.011633,15.045517,14.998645,14.998082,16.961283,16.696068,16.225233,15.837527,15.341579,15.549943,0.0,0.0,0.0,0.0,0.0,0.0,0.0,4.0
14709,2023.0,4.0,13.0,3.0,16.077215,16.049538,15.003607,14.824416,15.8114395,15.59247,15.630523,15.428271,15.01171,15.0645,15.014328,15.038848,16.91935,16.65273,15.761499,15.299094,14.931102,14.763371,0.0,0.0,0.0,0.0,0.0,0.0,0.0,0.0
14710,2023.0,4.0,13.0,3.0,16.028074,15.998186,15.003571,14.849393,15.762319,15.543983,15.580765,15.378844,15.3434515,15.696502,15.01097,15.042431,16.879063,16.61235,15.629324,15.163802,15.029407,14.974239,0.0,0.0,0.0,4.0,0.0,0.0,0.0,0.0
14711,2023.0,4.0,13.0,3.0,15.979553,15.947085,15.00394,14.871871,15.713758,15.496131,15.531967,15.330421,14.957126,14.942329,15.012001,15.053098,16.838953,16.572073,15.78485,15.5735235,15.01537,14.966827,0.0,0.0,0.0,0.0,0.0,0.0,0.0,0.0
14712,2023.0,4.0,13.0,4.0,15.932039,15.89752,15.004602,14.89252,15.666647,15.450292,15.484792,15.284271,15.021957,15.102396,15.012408,15.061828,16.799618,16.53323,15.790562,15.571092,15.575663,16.050694,0.0,0.0,0.0,0.0,0.0,0.0,0.0,4.0
14713,2023.0,4.0,13.0,4.0,15.88214,15.842889,15.005377,14.911496,15.617061,15.398535,15.435688,15.232512,15.01156,15.099825,15.023488,15.078363,16.758274,16.490189,15.74439,15.523884,15.558831,15.80451,0.0,0.0,0.0,0.0,4.0,0.0,0.0,4.0
14714,2023.0,4.0,13.0,4.0,15.842537,15.808394,15.005501,14.927733,15.571224,15.353713,15.390627,15.187843,15.013633,15.1175585,15.01242,15.07869,16.718615,16.450647,15.697594,15.477669,14.950185,14.782103,0.0,0.0,0.0,0.0,0.0,0.0,0.0,0.0
14715,2023.0,4.0,13.0,4.0,15.801401,15.766945,15.010786,14.954422,15.521002,15.299465,15.3412075,15.134066,15.025992,15.154063,15.026159,15.115547,16.676329,16.405985,15.647712,15.425494,15.03237,15.019649,0.0,0.0,0.0,0.0,0.0,0.0,0.0,0.0
14716,2023.0,4.0,13.0,4.0,15.755269,15.717066,15.012246,14.969522,15.474563,15.252253,15.295362,15.087109,15.026632,15.159999,15.02676,15.119227,16.635616,16.364412,15.599789,15.37701,15.01364,14.999691,0.0,0.0,0.0,0.0,0.0,0.0,0.0,0.0
14717,2023.0,4.0,13.0,4.0,15.708936,15.666887,15.012686,14.983131,15.428683,15.205552,15.249943,15.040593,15.02659,15.1685,15.026949,15.126517,16.594805,16.322731,15.552187,15.328827,15.017256,15.046012,0.0,0.0,0.0,0.0,0.0,0.0,0.0,0.0
14718,2023.0,4.0,13.0,5.0,15.662697,15.61669,15.014186,14.9983835,15.383306,15.159305,15.205003,14.99453,15.0278635,15.178906,15.027706,15.134784,16.553947,16.280996,15.504915,15.280954,15.018403,15.069187,0.0,0.0,0.0,0.0,0.0,0.0,0.0,0.0
14719,2023.0,4.0,13.0,5.0,15.626137,15.585601,15.00692,14.996165,15.343589,15.123867,15.165679,14.959136,15.012792,15.15953,15.013217,15.115857,16.516584,16.246227,15.461464,15.240349,15.488083,15.962871,0.0,0.0,0.0,0.0,0.0,0.0,0.0,4.0
14720,2023.0,4.0,13.0,5.0,15.5871105,15.5474415,15.008269,15.011325,15.300832,15.081067,15.123838,14.916811,15.01619,15.175085,15.015497,15.129225,16.477703,16.20762,15.416503,15.195496,15.419251,15.650783,0.0,0.0,0.0,0.0,0.0,0.0,0.0,4.0
14721,2023.0,4.0,13.0,5.0,15.56332,15.539144,15.00848,15.023543,15.260996,15.043417,15.085118,14.879733,15.251597,15.60663,15.015662,15.1379385,16.44088,16.172535,15.373841,15.154485,14.967118,14.9191065,0.0,0.0,0.0,4.0,0.0,0.0,0.0,0.0
14722,2023.0,4.0,13.0,5.0,15.527967,15.501779,15.008814,15.035784,15.220009,15.0028925,15.045203,14.839916,14.971469,15.082862,15.015991,15.146698,16.40349,16.13577,15.330845,15.112115,15.241328,15.466312,0.0,0.0,0.0,0.0,0.0,0.0,0.0,4.0
14723,2023.0,4.0,13.0,5.0,15.487784,15.458297,15.009105,15.047429,15.180327,14.964453,15.006585,14.8020525,15.030073,15.212895,15.016237,15.154584,16.366919,16.100168,15.289037,15.07133,14.978185,14.971596,0.0,0.0,0.0,0.0,0.0,0.0,0.0,0.0
14724,2023.0,4.0,13.0,6.0,15.449556,15.419403,15.009686,15.059689,15.143025,14.930255,15.0024805,14.828248,15.01585,15.200596,15.000961,15.118269,17.139366,17.594568,15.249526,15.0344515,15.0278635,15.089416,0.0,0.0,0.0,0.0,4.0,4.0,0.0,0.0
14725,2023.0,4.0,13.0,6.0,20.49536,24.244038,15.010027,15.070371,20.345093,24.014383,20.210669,23.9165,15.214009,15.559216,19.756525,23.168205,21.049799,24.22824,20.69943,24.238724,15.022015,15.093538,0.0,0.0,0.0,4.0,4.0,4.0,0.0,0.0
14726,2023.0,4.0,13.0,6.0,21.07479,24.67172,15.225122,15.463851,21.063677,24.649916,21.051105,24.781973,20.001003,23.802923,20.030554,23.198399,20.67115,23.105421,21.132551,24.639734,15.755784,15.38339,4.0,4.0,0.0,0.0,4.0,0.0,0.0,0.0
14727,2023.0,4.0,13.0,6.0,21.098145,24.27271,19.733139,23.155111,21.10488,24.276941,21.108582,24.395334,16.64754,16.611101,20.105974,22.94876,20.916348,23.222235,22.049788,25.79445,15.5201645,16.010359,0.0,0.0,0.0,0.0,0.0,0.0,0.0,4.0
14728,2023.0,4.0,13.0,6.0,21.092613,23.966455,17.564005,18.295475,21.07289,23.879108,21.076197,23.984829,14.981235,14.620463,17.857885,18.298584,21.190187,23.45497,20.940042,23.391836,20.24777,24.138885,4.0,4.0,4.0,0.0,4.0,0.0,4.0,0.0
14729,2023.0,4.0,13.0,6.0,21.925678,25.03312,20.272905,23.561821,21.592356,24.50703,21.996513,25.30549,16.001398,15.326237,20.285631,23.100653,21.814846,24.303978,21.99719,25.021465,16.74169,16.656036,4.0,0.0,0.0,0.0,0.0,0.0,0.0,0.0
14730,2023.0,4.0,13.0,7.0,22.493849,25.937283,20.044502,22.687775,22.321661,25.440708,22.003534,24.999907,15.555471,15.878927,18.128271,18.569841,21.823881,24.130474,22.374249,25.359364,15.13093,14.684909,4.0,4.0,0.0,4.0,4.0,0.0,0.0,0.0
14731,2023.0,4.0,13.0,7.0,22.113491,24.940123,20.103136,22.51446,20.914429,22.787563,20.927607,22.97436,21.452826,25.767826,20.30399,22.963827,21.859941,23.936716,20.895224,22.549997,15.087753,14.871791,4.0,0.0,0.0,4.0,0.0,0.0,4.0,0.0
14732,2023.0,4.0,13.0,7.0,21.820217,24.169344,20.1077,22.33467,22.019888,24.768734,21.985638,24.915361,19.888012,22.549631,17.968348,18.144796,22.006155,24.209248,22.802217,25.874786,14.996939,14.822559,0.0,4.0,0.0,0.0,0.0,0.0,0.0,0.0
14733,2023.0,4.0,13.0,7.0,21.080465,22.9841,17.647163,17.469091,20.956902,22.667757,20.966446,22.899227,17.075537,16.872684,16.585012,16.341959,20.94876,22.200464,20.873243,22.291359,15.868963,16.554804,0.0,4.0,0.0,0.0,0.0,0.0,0.0,4.0
14734,2023.0,4.0,13.0,7.0,21.100323,23.05527,16.55753,16.299183,21.095648,22.94437,21.100101,23.17092,15.695604,15.179379,16.194536,15.924897,21.077023,22.47982,21.083288,22.715252,20.415735,24.194918,0.0,4.0,0.0,0.0,0.0,0.0,4.0,4.0
14735,2023.0,4.0,13.0,7.0,21.069126,22.968418,16.270697,16.027235,21.076353,22.898335,21.057024,23.0584,16.412832,16.902052,15.942786,15.679669,21.030872,22.374899,21.09415,22.782873,20.05211,22.996542,0.0,4.0,4.0,4.0,0.0,4.0,0.0,0.0
14736,2023.0,4.0,13.0,8.0,21.073305,22.971943,16.025845,15.791191,21.101713,22.95422,21.063164,23.0628,20.326756,23.517513,16.14172,16.237768,21.084667,22.467663,21.050215,22.664608,17.077488,16.915178,0.0,0.0,4.0,4.0,4.0,0.0,4.0,0.0
14737,2023.0,4.0,13.0,8.0,18.84269,18.715479,16.285118,16.457563,19.310284,19.473185,19.125957,19.302773,20.914713,24.039793,20.485062,23.549028,19.147354,18.709957,18.87355,18.52525,15.743391,15.314394,4.0,4.0,4.0,0.0,4.0,0.0,0.0,0.0
14738,2023.0,4.0,13.0,8.0,18.322205,18.518747,20.227858,23.44922,18.38729,18.384386,17.548956,17.03334,17.861769,17.774937,20.031994,22.445911,18.210941,17.584936,17.762459,17.221354,15.611255,15.39337,0.0,4.0,0.0,0.0,4.0,0.0,0.0,0.0
14739,2023.0,4.0,13.0,8.0,18.205725,18.459642,17.79301,18.212603,18.080526,18.091694,16.909533,16.310173,16.23589,15.755817,20.110605,22.320454,18.1801,17.854038,17.33281,16.793144,15.5014105,15.316981,0.0,4.0,0.0,0.0,0.0,0.0,0.0,0.0
14740,2023.0,4.0,13.0,8.0,18.036215,18.32133,16.284798,16.159765,17.86921,17.907362,17.255167,17.256779,16.031538,15.769411,17.99859,18.036179,18.095285,17.82243,18.359238,19.039745,15.3558655,15.180409,0.0,4.0,4.0,0.0,4.0,0.0,4.0,0.0
14741,2023.0,4.0,13.0,8.0,17.920893,18.22498,15.980384,15.773819,17.734865,17.794025,16.668175,16.212112,16.674444,17.121525,20.369053,22.396276,18.765665,19.213902,18.315521,18.764181,15.24912,15.0764065,0.0,4.0,0.0,4.0,4.0,4.0,4.0,0.0
14742,2023.0,4.0,13.0,9.0,17.795609,18.11801,16.253654,16.448654,17.596897,17.682226,16.229599,15.697508,21.54054,25.186733,20.057642,21.813633,17.940153,17.485556,17.25066,16.86497,15.1394,14.972682,4.0,4.0,0.0,4.0,0.0,0.0,0.0,0.0
14743,2023.0,4.0,13.0,9.0,17.703325,18.051025,20.257574,23.522766,17.47872,17.587833,16.278069,16.015701,19.886164,21.967058,17.94494,17.67733,18.221445,18.374039,16.72534,16.2679,15.042699,14.880518,4.0,4.0,0.0,4.0,0.0,4.0,0.0,0.0
14744,2023.0,4.0,13.0,9.0,16.904198,16.64056,20.03583,22.605844,17.379791,17.510849,16.99127,17.442585,20.130411,22.28486,17.00638,16.704834,17.693346,17.259775,16.509224,16.056097,15.002594,14.881977,4.0,4.0,4.0,0.0,0.0,0.0,0.0,0.0
14745,2023.0,4.0,13.0,9.0,17.241642,17.56957,20.107676,22.462543,17.298628,17.45293,16.320208,16.034332,18.323225,18.628965,16.744154,16.458694,18.095587,18.278816,17.41275,17.905201,15.892224,16.60871,0.0,4.0,0.0,4.0,0.0,4.0,4.0,4.0
14746,2023.0,4.0,13.0,9.0,16.712637,16.515682,18.05294,18.294596,16.580896,16.193722,16.509924,16.673723,20.343922,22.633184,16.517925,16.246996,17.601814,17.212072,16.772032,16.44359,20.292559,24.004515,4.0,0.0,4.0,4.0,0.0,0.0,0.0,0.0
14747,2023.0,4.0,13.0,9.0,17.075565,17.446856,20.264547,22.787891,16.859268,16.98542,16.680517,16.926773,20.063633,22.025118,16.323286,16.058413,18.013264,18.227718,16.329432,15.930959,17.108368,17.211918,4.0,4.0,4.0,0.0,0.0,4.0,0.0,0.0
14748,2023.0,4.0,13.0,10.0,17.267588,17.71323,20.041542,22.11251,17.028292,17.246397,16.016237,15.705937,17.87407,17.70874,16.15836,15.903038,18.22379,18.468256,17.23586,17.774113,15.587669,15.276173,4.0,4.0,0.0,0.0,0.0,4.0,4.0,0.0
14749,2023.0,4.0,13.0,10.0,16.544777,16.373653,20.099274,22.093887,17.01346,17.252289,15.649162,15.253677,16.704699,16.251385,16.022894,15.779524,17.505604,17.100718,17.602516,18.178291,15.411756,15.228146,0.0,4.0,0.0,0.0,0.0,0.0,4.0,0.0
14750,2023.0,4.0,13.0,10.0,16.939043,17.355473,17.992083,17.954475,16.991821,17.247879,15.520365,15.138666,16.518095,16.264418,15.914098,15.686463,17.95786,18.193232,16.699938,16.429972,15.316396,15.155009,0.0,4.0,0.0,0.0,0.0,4.0,0.0,0.0
14751,2023.0,4.0,13.0,10.0,16.403753,16.302202,17.250658,17.042292,16.288929,15.963782,15.631492,15.460614,16.39622,16.178366,15.83464,15.615783,18.147821,18.442114,16.341091,15.96646,15.226238,15.070126,0.0,0.0,0.0,0.0,0.0,4.0,0.0,0.0
14752,2023.0,4.0,13.0,10.0,16.88459,17.341974,16.987932,16.8172,16.706299,16.920572,16.372286,16.894342,16.248213,16.046482,15.763116,15.5563545,17.451765,17.10157,17.278017,17.858923,15.1455,14.997703,0.0,4.0,4.0,0.0,0.0,0.0,4.0,0.0
14753,2023.0,4.0,13.0,10.0,17.029366,17.553131,16.74756,16.585451,16.84998,17.160797,16.60074,17.198353,16.115122,15.922561,16.099207,16.252464,17.993265,18.27276,17.540512,18.170706,15.075581,14.933272,0.0,4.0,4.0,0.0,4.0,4.0,4.0,0.0
14754,2023.0,4.0,13.0,11.0,16.396507,16.365822,17.00709,17.25077,16.85511,17.17947,15.834918,15.698338,16.759602,17.246887,20.205952,23.443157,17.434603,17.115923,16.640692,16.419678,15.0168705,14.880547,4.0,4.0,0.0,4.0,4.0,0.0,0.0,0.0
14755,2023.0,4.0,13.0,11.0,16.034124,15.895397,20.22495,23.009712,16.85604,17.1938,15.407795,15.129529,21.314793,25.112827,20.026005,22.592775,17.90767,18.211493,17.2569,17.865469,15.330992,15.17581,0.0,4.0,0.0,4.0,0.0,4.0,4.0,0.0
14756,2023.0,4.0,13.0,11.0,15.912831,15.775951,18.446814,19.156748,16.20195,15.987523,15.279947,14.995521,19.90903,22.022074,17.938023,18.236822,18.173561,18.524338,16.617235,16.412773,15.095718,14.984358,4.0,0.0,0.0,0.0,0.0,4.0,0.0,0.0
14757,2023.0,4.0,13.0,11.0,15.995335,16.027617,20.2772,22.825775,15.843736,15.537947,15.359354,15.238216,17.75785,17.716507,16.729359,16.564148,18.241234,18.600603,16.194668,15.890238,14.9982605,14.885382,0.0,0.0,0.0,0.0,0.0,4.0,0.0,0.0
14758,2023.0,4.0,13.0,11.0,16.018663,16.09285,18.014599,18.164259,15.71806,15.418139,15.380019,15.297311,16.65415,16.3081,16.811672,16.94788,18.297426,18.664692,16.065348,15.758289,15.005657,14.93832,0.0,0.0,0.0,0.0,4.0,4.0,0.0,0.0
14759,2023.0,4.0,13.0,11.0,16.757895,17.52048,17.083897,17.14797,15.78444,15.652365,16.085867,16.659624,16.468145,16.257393,20.357126,23.079254,18.347788,18.723478,17.056412,17.699263,15.912068,16.675653,4.0,0.0,4.0,0.0,0.0,4.0,4.0,4.0
14760,2023.0,4.0,13.0,12.0,16.87048,17.489405,20.218569,22.837563,16.526114,17.07409,15.746675,15.815095,16.344116,16.159239,18.146244,18.500118,18.39369,18.777567,17.48257,18.185764,20.3834,24.198055,0.0,4.0,0.0,0.0,0.0,4.0,4.0,4.0
14761,2023.0,4.0,13.0,12.0,20.925669,24.509186,18.276964,18.696676,20.838873,24.354197,20.590271,24.399632,16.201685,16.021303,16.84331,16.68894,21.175102,23.665731,21.378054,24.927,20.015453,22.963202,4.0,0.0,0.0,0.0,0.0,0.0,0.0,4.0
14762,2023.0,4.0,13.0,12.0,21.088106,24.279974,20.25486,22.75426,21.095085,24.266006,21.09182,24.638727,16.081514,15.90467,16.537302,16.33822,21.593882,23.986858,22.084723,25.567522,20.073326,22.72305,4.0,4.0,4.0,0.0,0.0,0.0,0.0,4.0
14763,2023.0,4.0,13.0,12.0,21.082108,23.92466,20.048527,22.111942,21.107758,23.939232,21.113361,24.24615,15.985143,15.813351,16.389542,16.191065,20.98246,22.635536,22.698402,26.223072,20.094414,22.538162,0.0,0.0,0.0,0.0,0.0,0.0,0.0,0.0
14764,2023.0,4.0,13.0,12.0,21.075815,23.683424,18.044966,18.12199,21.097658,23.666288,21.104523,23.925657,16.711214,17.258123,16.280697,16.089178,21.077848,22.681322,22.008213,24.724707,17.693598,17.71636,0.0,0.0,0.0,4.0,0.0,0.0,0.0,0.0
14765,2023.0,4.0,13.0,12.0,21.073444,23.516888,17.07013,16.993614,21.056915,23.418282,21.063576,23.646778,20.35909,23.439299,16.18928,16.001919,21.052246,22.546528,20.942396,22.591501,16.496725,16.189644,0.0,4.0,4.0,4.0,0.0,0.0,0.0,0.0
14766,2023.0,4.0,13.0,13.0,21.069763,23.389805,16.78242,16.690588,21.075886,23.319496,21.082495,23.526861,20.035408,22.406713,16.108461,15.923275,21.052746,22.480793,21.085615,22.870594,16.141455,15.830465,0.0,4.0,4.0,0.0,0.0,0.0,0.0,0.0
14767,2023.0,4.0,13.0,13.0,21.093563,23.364422,17.028444,17.341467,21.095697,23.27895,21.101915,23.47081,17.8049,17.8306,16.041925,15.862515,21.051779,22.425743,21.349989,23.381783,16.062637,15.889797,4.0,0.0,0.0,0.0,0.0,0.0,0.0,0.0
14768,2023.0,4.0,13.0,13.0,21.155842,23.41149,20.31078,23.099632,21.153658,23.295649,21.156023,23.487705,17.418133,17.764204,15.980946,15.803858,21.131136,22.541525,21.250555,23.127724,15.95914,15.803953,4.0,4.0,0.0,4.0,0.0,0.0,4.0,0.0
14769,2023.0,4.0,13.0,13.0,21.163315,23.34355,20.042473,22.268148,21.092915,23.130964,21.093998,23.289373,20.296911,22.840698,15.931763,15.758188,21.189434,22.602777,21.083992,22.780823,15.839605,15.691743,0.0,0.0,0.0,4.0,0.0,4.0,0.0,0.0
14770,2023.0,4.0,13.0,13.0,21.08911,23.167675,18.288881,18.684937,21.086163,23.065704,21.077644,23.228926,20.048754,22.089458,15.893558,15.725315,21.065928,22.32573,21.073727,22.726486,15.738269,15.596853,4.0,0.0,0.0,0.0,0.0,0.0,0.0,0.0
14771,2023.0,4.0,13.0,13.0,21.156485,23.242132,20.24926,22.651472,21.157272,23.145899,21.169174,23.365635,18.025982,18.007242,15.858314,15.693954,21.128954,22.41039,21.187109,22.921843,16.69541,17.492586,4.0,4.0,4.0,0.0,0.0,0.0,0.0,4.0
14772,2023.0,4.0,13.0,14.0,21.08672,23.088945,20.03341,22.00671,21.064613,22.927715,21.081991,23.186157,16.966623,16.647875,15.826582,15.666239,21.057793,22.231752,21.060917,22.661623,20.373875,23.67376,4.0,4.0,0.0,0.0,0.0,0.0,0.0,0.0
14773,2023.0,4.0,13.0,14.0,19.615112,20.207623,20.086847,21.990652,19.077421,19.123493,19.38832,19.859686,16.794569,16.607122,15.79946,15.6430435,20.488823,21.10351,19.436094,19.527842,18.221466,18.95353,0.0,0.0,4.0,0.0,0.0,4.0,0.0,4.0
14774,2023.0,4.0,13.0,14.0,18.93691,19.46128,18.545126,18.917948,18.549788,18.82384,17.948538,17.770329,17.425724,17.91861,16.167065,16.356295,19.246283,18.922956,18.524275,18.372726,20.342146,23.137207,4.0,4.0,0.0,4.0,4.0,0.0,0.0,4.0
14775,2023.0,4.0,13.0,14.0,18.04868,18.006575,20.235865,22.408884,18.447615,18.776869,17.349012,17.07624,21.283339,24.440943,20.387457,23.471956,18.715866,18.30339,18.156338,17.981922,20.90474,23.742552,0.0,4.0,0.0,0.0,0.0,0.0,0.0,4.0
14776,2023.0,4.0,13.0,14.0,18.252722,18.753834,18.593178,19.007706,18.28702,18.633556,17.708834,18.016804,18.074541,18.163889,18.015335,18.502947,18.510803,18.109354,17.909822,17.737625,19.905802,21.697079,4.0,4.0,4.0,0.0,0.0,0.0,0.0,0.0
14777,2023.0,4.0,13.0,14.0,18.321297,18.884869,20.259777,22.387726,17.522745,17.338745,17.166513,17.00847,16.915815,16.654963,17.02372,17.280085,18.515804,18.293337,17.71127,17.545155,17.991423,17.98737,4.0,0.0,0.0,0.0,4.0,0.0,0.0,0.0
14778,2023.0,4.0,13.0,15.0,18.232082,18.807785,20.102573,21.937777,17.734194,18.041487,16.73917,16.497637,16.727007,16.56364,20.375051,23.056929,18.462273,18.272408,17.542685,17.382824,16.979422,16.722013,4.0,4.0,0.0,0.0,4.0,0.0,0.0,0.0
14779,2023.0,4.0,13.0,15.0,18.150936,18.73369,20.064274,21.764296,17.187761,17.000055,16.677094,16.573854,16.60834,16.459213,20.038006,22.199362,19.178848,19.729124,17.393549,17.236343,17.526463,18.064238,4.0,0.0,0.0,0.0,0.0,4.0,0.0,4.0
14780,2023.0,4.0,13.0,15.0,17.441967,17.476835,20.076168,21.736208,17.473244,17.797495,16.590256,16.513601,16.481138,16.337252,18.026205,18.078125,18.530352,18.322453,17.264894,17.11337,20.295866,22.92284,0.0,4.0,0.0,0.0,0.0,0.0,0.0,0.0
14781,2023.0,4.0,13.0,15.0,17.018606,16.950596,18.391064,18.458504,17.624548,18.026083,16.473484,16.400805,16.366749,16.226181,17.069866,16.924374,18.092648,17.748089,17.149565,17.00218,17.918438,18.01345,0.0,4.0,0.0,0.0,0.0,0.0,0.0,0.0
14782,2023.0,4.0,13.0,15.0,16.852997,16.77044,18.201933,18.495861,16.926224,16.747341,16.380083,16.305756,16.279657,16.13864,16.872772,16.705688,17.956,17.595642,17.057999,16.911776,17.01356,16.72431,4.0,0.0,0.0,0.0,0.0,0.0,0.0,0.0
14783,2023.0,4.0,13.0,15.0,16.733738,16.658108,20.216846,22.236778,16.631918,16.377174,16.2957,16.225517,16.200174,16.063313,16.730297,16.562834,18.833141,19.360937,16.975357,16.834623,16.83195,16.663782,0.0,0.0,0.0,0.0,0.0,4.0,0.0,0.0
14784,2023.0,4.0,13.0,16.0,17.526613,18.274351,18.92209,19.546658,17.14853,17.48661,16.929157,17.494009,16.87335,17.408031,16.965977,17.136614,18.279196,18.075874,16.888723,16.752209,16.6393,16.49366,4.0,4.0,4.0,4.0,4.0,0.0,0.0,0.0
14785,2023.0,4.0,13.0,16.0,17.567343,18.197586,20.201683,22.01383,17.30605,17.733234,16.508074,16.604774,20.533884,23.743471,20.237692,22.930838,17.945633,17.594467,16.816729,16.68253,17.426504,18.125362,4.0,4.0,0.0,4.0,0.0,0.0,0.0,4.0
14786,2023.0,4.0,13.0,16.0,17.529058,18.143862,20.054546,21.655022,17.305332,17.728968,16.703125,17.121353,20.040913,22.37232,18.209648,18.565882,17.806646,17.452396,16.742046,16.611326,20.338224,23.09909,0.0,4.0,4.0,0.0,0.0,0.0,0.0,0.0
14787,2023.0,4.0,13.0,16.0,16.899752,16.960386,18.406797,18.445482,16.677528,16.5689,16.856153,17.308159,17.877275,17.937485,16.99221,16.895983,18.674532,19.206285,16.671946,16.54429,17.86868,17.973097,0.0,0.0,4.0,0.0,0.0,4.0,0.0,0.0
14788,2023.0,4.0,13.0,16.0,17.339293,17.919935,17.789152,17.67236,16.358505,16.115719,16.872328,17.32099,17.021091,16.704016,17.127226,17.312716,18.023088,17.808668,16.612791,16.48694,16.951107,16.659624,0.0,0.0,4.0,0.0,4.0,0.0,0.0,0.0
14789,2023.0,4.0,13.0,16.0,16.81291,16.873281,17.993431,18.277206,16.908495,17.253172,16.877611,17.322765,16.885233,16.702082,20.24929,22.856524,17.722387,17.378098,16.556412,16.433935,16.77644,16.608353,4.0,4.0,4.0,0.0,4.0,0.0,0.0,0.0
14790,2023.0,4.0,13.0,17.0,17.180275,17.759344,20.220522,22.335674,16.504963,16.38932,16.266493,16.181791,16.733597,16.577953,20.044924,22.104332,18.38305,18.732267,16.497252,16.37797,16.59595,16.452093,0.0,0.0,0.0,0.0,0.0,4.0,0.0,0.0
14791,2023.0,4.0,13.0,17.0,17.375042,17.985155,18.574978,18.93377,16.83441,17.197504,15.895018,15.686678,16.56935,16.4239,18.078249,18.100151,18.642881,19.045542,16.440542,16.32483,16.413668,16.278723,0.0,4.0,0.0,0.0,0.0,4.0,0.0,0.0
14792,2023.0,4.0,13.0,17.0,17.392305,17.998209,18.177391,18.498236,16.985033,17.41353,15.769698,15.540166,16.447895,16.305754,17.387573,17.196758,17.931976,17.67946,16.391384,16.278257,16.277761,16.146015,4.0,4.0,0.0,0.0,0.0,0.0,0.0,0.0
14793,2023.0,4.0,13.0,17.0,17.400717,18.003532,20.221762,22.240427,16.396679,16.30188,15.688568,15.460462,16.340256,16.206114,17.189383,17.015667,17.666489,17.322477,16.345407,16.236519,17.110876,17.831974,0.0,0.0,0.0,0.0,0.0,0.0,0.0,4.0
14794,2023.0,4.0,13.0,17.0,17.396523,17.987122,18.68126,19.032133,16.034426,15.811169,15.744302,15.653309,16.985483,17.525442,17.356304,17.524248,18.315847,18.660862,16.296118,16.19103,20.339088,23.31063,4.0,0.0,0.0,4.0,4.0,4.0,0.0,0.0
14795,2023.0,4.0,13.0,17.0,16.751656,16.783848,20.226858,22.218628,15.8956175,15.654165,16.490032,17.074997,20.368515,23.32297,20.33262,22.71815,17.833427,17.587633,16.247963,16.146507,17.717869,17.819366,4.0,0.0,4.0,0.0,0.0,0.0,0.0,0.0
14796,2023.0,4.0,13.0,18.0,16.395702,16.329899,20.029789,21.659842,16.691803,17.241383,16.802967,17.45069,18.345444,18.915543,18.3535,18.669985,17.50358,17.174782,16.201433,16.103497,16.457869,16.205862,4.0,4.0,4.0,4.0,0.0,0.0,0.0,0.0
14797,2023.0,4.0,13.0,18.0,21.325506,25.077917,20.060362,21.616734,21.314024,25.048521,21.285345,25.129723,20.32168,22.84749,17.18059,17.065033,21.25913,23.77081,22.139193,26.28173,16.279654,16.146734,4.0,4.0,4.0,0.0,0.0,0.0,0.0,0.0
14798,2023.0,4.0,13.0,18.0,21.011581,23.936687,20.05626,21.539684,21.018867,23.961079,21.041092,24.152706,17.969427,17.981005,16.865591,16.713318,21.022833,23.115694,22.224678,25.913788,17.194288,17.996012,4.0,4.0,0.0,0.0,0.0,0.0,0.0,4.0
14799,2023.0,4.0,13.0,18.0,21.080112,23.73529,20.05668,21.4919,21.110289,23.815134,21.110815,23.93579,16.757072,16.422594,16.684813,16.532352,21.065254,22.96412,21.897522,25.013172,20.3466,23.311161,4.0,0.0,0.0,0.0,0.0,0.0,0.0,0.0
14800,2023.0,4.0,13.0,18.0,21.094112,23.557743,20.074102,21.504896,21.071318,23.478094,21.098728,23.664328,16.612968,16.451736,16.534845,16.385176,21.058083,22.78244,22.03332,24.732784,17.66903,17.703623,0.0,4.0,0.0,0.0,0.0,0.0,0.0,0.0
14801,2023.0,4.0,13.0,18.0,21.063711,23.315416,18.766273,18.94851,21.075237,23.316938,21.057226,23.420856,16.508326,16.370134,16.406494,16.263527,21.056913,22.659945,21.067825,23.03961,16.406872,16.104498,4.0,4.0,4.0,0.0,0.0,0.0,0.0,0.0
14802,2023.0,4.0,13.0,19.0,21.067219,23.207575,20.2262,21.98566,21.072786,23.18842,21.103567,23.39401,17.179596,17.773912,16.284292,16.142345,21.055786,22.570719,21.07205,22.989569,16.26783,16.130642,0.0,4.0,0.0,4.0,0.0,0.0,0.0,0.0
14803,2023.0,4.0,13.0,19.0,21.090775,23.187037,18.72639,18.922794,21.095196,23.157505,21.094254,23.269537,20.337729,23.126724,16.173586,16.037334,21.054892,22.50461,21.070345,22.937794,16.165047,16.045769,4.0,0.0,0.0,0.0,0.0,0.0,0.0,0.0
14804,2023.0,4.0,13.0,19.0,21.059048,23.029778,20.232805,22.072386,21.089113,23.065365,21.070257,23.120169,17.772469,17.745089,16.491043,16.72928,21.05429,22.454826,21.069748,22.896494,16.031563,15.917399,0.0,0.0,4.0,0.0,4.0,0.0,0.0,0.0
14805,2023.0,4.0,13.0,19.0,21.08925,23.05386,18.333096,18.226284,21.088598,22.99839,21.098066,23.133512,16.499414,16.134823,20.411228,23.255682,21.024578,22.340067,21.069159,22.861467,15.912607,15.80208,0.0,0.0,0.0,0.0,0.0,4.0,0.0,0.0
14806,2023.0,4.0,13.0,19.0,21.05709,22.92077,17.943697,18.170654,21.069218,22.941986,21.091423,23.06457,16.400536,16.238173,18.08516,18.458975,21.058409,22.404348,21.068583,22.831266,15.807834,15.701123,4.0,0.0,0.0,0.0,0.0,0.0,0.0,0.0
14807,2023.0,4.0,13.0,19.0,21.088203,22.965544,20.270296,22.310242,21.046745,22.85728,21.072687,23.016665,16.319162,16.183094,16.731817,16.602402,21.068642,22.367092,21.029877,22.702473,16.668865,17.407896,0.0,4.0,0.0,0.0,0.0,0.0,4.0,4.0
14808,2023.0,4.0,13.0,20.0,21.056366,22.84617,18.599068,18.870754,21.050896,22.850758,21.074398,23.003933,16.188139,16.057713,16.430613,16.283325,21.066914,22.319231,21.090792,22.806717,20.368706,23.614729,0.0,4.0,0.0,0.0,0.0,0.0,0.0,0.0
14809,2023.0,4.0,13.0,20.0,21.061361,22.830463,17.544077,17.443193,21.06911,22.834648,21.04921,22.916744,16.802029,17.315989,16.25607,16.099667,21.021095,22.2071,21.080183,22.744373,18.068346,18.597595,0.0,4.0,4.0,4.0,0.0,4.0,0.0,4.0
14810,2023.0,4.0,13.0,20.0,21.086777,22.877058,17.655159,17.882067,21.066353,22.788715,21.053974,22.913534,20.431694,23.3817,16.106203,15.944997,21.073872,22.299244,21.080912,22.709564,20.353537,23.141058,4.0,4.0,4.0,0.0,0.0,0.0,0.0,0.0
14811,2023.0,4.0,13.0,20.0,21.161163,22.995464,20.244968,22.53496,21.066229,22.754309,21.09698,22.965876,17.592522,17.516207,15.969703,15.80071,21.12875,22.377277,21.06462,22.677967,17.641226,17.528872,0.0,4.0,0.0,0.0,0.0,0.0,0.0,0.0
14812,2023.0,4.0,13.0,20.0,21.054632,22.732605,18.0671,17.991137,21.065884,22.724018,21.089254,22.904453,16.243832,15.825502,16.215298,16.359007,21.03717,22.14755,21.066439,22.676239,16.353746,15.954245,0.0,4.0,0.0,0.0,4.0,4.0,0.0,0.0
14813,2023.0,4.0,13.0,20.0,21.060429,22.726297,17.203087,17.040483,21.090252,22.765118,21.065523,22.799286,17.001926,17.547401,20.451818,23.438637,21.071896,22.22127,21.06585,22.667383,16.253935,16.089962,4.0,0.0,4.0,4.0,0.0,0.0,0.0,0.0
14814,2023.0,4.0,13.0,21.0,21.085672,22.781467,20.25289,22.539335,21.060238,22.656073,21.069704,22.779774,20.326914,23.107838,17.95352,18.282225,21.066454,22.189806,21.06588,22.658247,16.146135,15.994809,4.0,4.0,4.0,4.0,0.0,0.0,0.0,0.0
14815,2023.0,4.0,13.0,21.0,21.078974,22.745506,20.031706,21.827696,21.09046,22.712927,21.093729,22.823637,20.038898,22.21891,16.53576,16.362349,21.035639,22.091888,21.025333,22.541721,15.985675,15.82909,0.0,0.0,0.0,0.0,0.0,4.0,4.0,0.0
14816,2023.0,4.0,13.0,21.0,21.053944,22.653278,18.04803,17.843302,21.05967,22.607635,21.08854,22.787777,17.681444,17.440805,16.23883,16.04471,21.071964,22.173683,21.090265,22.662643,15.851455,15.696643,0.0,4.0,0.0,0.0,0.0,0.0,0.0,0.0
14817,2023.0,4.0,13.0,21.0,21.058693,22.649174,17.224407,16.991682,21.090322,22.669811,21.062704,22.694286,16.485437,15.973098,16.053684,15.847581,21.065718,22.144884,21.07837,22.606047,15.726126,15.565138,0.0,0.0,4.0,0.0,0.0,0.0,0.0,0.0
14818,2023.0,4.0,13.0,21.0,21.084576,22.710602,17.527334,17.741486,21.082558,22.634432,21.093258,22.760113,16.456844,16.254963,15.90208,15.692151,21.06617,22.13065,21.07895,22.578827,15.616787,15.451344,4.0,0.0,0.0,0.0,0.0,0.0,0.0,0.0
14819,2023.0,4.0,13.0,21.0,21.080048,22.68365,20.232458,22.574955,21.063105,22.616909,21.149202,22.852432,16.35047,16.156458,15.771599,15.56149,21.01885,22.040846,21.174366,22.779581,15.52493,15.361204,0.0,0.0,0.0,0.0,0.0,4.0,0.0,0.0
14820,2023.0,4.0,13.0,22.0,21.080479,22.666933,18.361166,18.621342,21.06567,22.631287,21.042358,22.643932,16.189163,15.994868,15.652493,15.4405985,21.044895,22.07654,21.064512,22.559853,15.437166,15.269824,0.0,0.0,4.0,0.0,0.0,4.0,0.0,0.0
14821,2023.0,4.0,13.0,22.0,21.03283,22.57791,17.173092,16.987347,21.04012,22.564093,21.097757,22.747955,16.653723,16.997185,15.846363,15.892902,21.072374,22.138405,21.02501,22.454382,15.356155,15.184144,0.0,4.0,0.0,4.0,4.0,0.0,4.0,0.0
14822,2023.0,4.0,13.0,22.0,21.089153,22.68682,16.869312,16.640413,21.09305,22.649021,21.088768,22.705835,21.38943,24.84657,20.369268,23.418415,21.067644,22.10964,21.090649,22.582863,16.038095,16.532032,0.0,0.0,0.0,0.0,4.0,0.0,0.0,4.0
14823,2023.0,4.0,13.0,22.0,21.079891,22.642483,17.135035,17.285242,21.08442,22.597929,21.089392,22.681995,18.507616,18.803442,20.0126,22.499727,21.06809,22.092783,21.079994,22.532846,21.944225,26.349539,4.0,0.0,0.0,0.0,0.0,0.0,0.0,4.0
14824,2023.0,4.0,13.0,22.0,21.080547,22.621778,20.242958,22.797209,21.062328,22.570438,21.065374,22.654213,16.831984,16.627462,18.083637,18.466019,21.048355,22.077576,21.041988,22.405302,19.866179,22.194101,0.0,0.0,0.0,0.0,4.0,0.0,4.0,4.0
14825,2023.0,4.0,13.0,22.0,21.172438,22.830084,18.20266,18.434881,21.171457,22.794264,21.16995,22.87023,16.47712,16.253641,20.338827,22.842815,21.138172,22.270365,21.195349,22.727367,21.409126,24.654606,0.0,0.0,0.0,0.0,0.0,0.0,0.0,0.0
14826,2023.0,4.0,13.0,23.0,21.035706,22.547962,17.423029,17.602873,21.064453,22.57829,21.042763,22.595127,16.26491,16.038235,18.139074,18.311947,21.020847,22.023022,21.080027,22.47613,18.079369,17.853369,4.0,0.0,4.0,0.0,0.0,4.0,0.0,0.0
14827,2023.0,4.0,13.0,23.0,20.051174,20.67753,16.995298,16.864882,19.481226,19.54029,19.387144,19.454424,16.095749,15.872788,16.860449,16.634195,19.931885,19.910898,19.065695,18.593569,16.512756,15.982199,0.0,0.0,0.0,0.0,0.0,4.0,0.0,0.0
14828,2023.0,4.0,13.0,23.0,18.590214,18.126783,16.276384,15.600734,18.679909,18.394325,18.124123,17.413988,15.972136,15.745991,16.554047,16.292065,18.958313,18.318695,18.625511,18.309126,16.444632,16.188057,0.0,0.0,0.0,0.0,0.0,0.0,0.0,0.0
14829,2023.0,4.0,13.0,23.0,17.939535,17.292686,15.9013815,15.098886,18.30462,17.966934,17.556839,16.723091,15.850139,15.616613,16.331945,16.057041,18.47553,17.712614,18.389183,18.111296,16.316557,16.10162,0.0,0.0,0.0,0.0,0.0,0.0,0.0,0.0
14830,2023.0,4.0,13.0,23.0,17.64018,17.010992,16.166855,15.807938,18.056095,17.726698,17.70375,17.341589,15.746031,15.513229,16.151917,15.875148,18.222172,17.473536,18.146494,17.882484,16.141247,15.922634,0.0,0.0,0.0,0.0,0.0,0.0,0.0,0.0
14831,2023.0,4.0,13.0,23.0,17.828743,17.648539,16.174728,15.878609,17.840015,17.513151,17.585775,17.276249,15.646503,15.412456,15.989656,15.7124195,18.422394,18.096977,17.928902,17.6727,15.981739,15.762567,0.0,0.0,0.0,0.0,0.0,0.0,0.0,0.0
14832,2023.0,4.0,14.0,0.0,17.73786,17.593264,16.091581,15.79309,17.639961,17.305136,17.401814,17.08787,15.549805,15.310871,15.835817,15.5513115,18.35205,18.043556,17.72162,17.454924,15.832582,15.608307,0.0,0.0,0.0,0.0,0.0,0.0,0.0,0.0
14833,2023.0,4.0,14.0,0.0,17.596523,17.454681,16.011501,15.712908,17.471943,17.141083,17.240232,16.930357,15.462476,15.22246,15.701722,15.417395,18.228775,17.919588,17.54321,17.27738,15.701221,15.4767475,0.0,0.0,0.0,0.0,0.0,0.0,0.0,0.0
14834,2023.0,4.0,14.0,0.0,17.464058,17.325043,15.933516,15.634727,17.320152,16.992838,17.091076,16.784803,15.380384,15.139218,15.5783,15.2939,18.11224,17.802378,17.381641,17.116343,15.58109,15.356214,0.0,0.0,0.0,0.0,0.0,0.0,0.0,0.0
14835,2023.0,4.0,14.0,0.0,17.349491,17.222454,15.858891,15.559831,17.181633,16.857498,16.9537,16.650654,15.30282,15.06045,15.463981,15.179295,18.002937,17.69236,17.234074,16.96905,15.470629,15.245184,0.0,0.0,0.0,0.0,0.0,0.0,0.0,0.0
14836,2023.0,4.0,14.0,0.0,17.245789,17.13055,15.787484,15.488053,17.054373,16.733059,16.82667,16.52647,15.229272,14.985649,15.357634,15.072488,17.901173,17.589792,17.098564,16.833609,15.368593,15.142445,0.0,0.0,0.0,0.0,0.0,0.0,0.0,0.0
14837,2023.0,4.0,14.0,0.0,17.141155,17.027733,15.719014,15.419119,16.93653,16.617712,16.708576,16.410885,15.159175,14.914262,15.258132,14.972376,17.806051,17.493782,16.973324,16.708261,15.273773,15.04681,0.0,0.0,0.0,0.0,0.0,0.0,0.0,0.0
14838,2023.0,4.0,14.0,1.0,17.041971,16.92971,15.653191,15.352718,16.826807,16.510164,16.598305,16.302788,15.092116,14.8458805,15.164635,14.878142,17.716883,17.403645,16.856983,16.591671,15.185229,14.957361,0.0,0.0,0.0,0.0,0.0,0.0,0.0,0.0
14839,2023.0,4.0,14.0,1.0,16.948818,16.837868,15.590165,15.289446,16.724508,16.410135,16.49528,16.202013,15.027991,14.780679,15.076711,14.78969,17.633219,17.319223,16.748611,16.483181,15.102384,14.873787,0.0,0.0,0.0,0.0,0.0,0.0,0.0,0.0
14840,2023.0,4.0,14.0,1.0,16.866282,16.761847,15.534323,15.238256,16.635056,16.329323,16.405033,16.120428,15.5582695,15.831015,14.996232,14.720935,17.557718,17.24642,16.651049,16.389433,15.027445,14.801163,0.0,0.0,0.0,4.0,0.0,0.0,0.0,0.0
14841,2023.0,4.0,14.0,1.0,16.767757,16.658297,15.463481,15.161864,16.526031,16.21525,16.295023,16.005291,15.815117,16.135523,15.006699,14.811137,17.47047,17.155052,16.53979,16.274162,15.004209,14.832779,0.0,0.0,0.0,4.0,0.0,0.0,0.0,0.0
14842,2023.0,4.0,14.0,1.0,16.687346,16.58474,15.406489,15.110488,16.438065,16.136978,16.206253,15.926192,14.938318,14.579934,15.171739,15.150222,17.395756,17.084274,16.443916,16.183315,15.007516,14.880091,0.0,0.0,0.0,0.0,4.0,0.0,0.0,0.0
14843,2023.0,4.0,14.0,1.0,16.600918,16.493874,15.342806,15.0422535,16.343649,16.038818,16.111149,15.8271,15.049963,14.849286,14.9599,14.772405,17.317863,17.002207,16.346046,16.081408,15.009218,14.918862,0.0,0.0,0.0,0.0,0.0,0.0,0.0,0.0
14844,2023.0,4.0,14.0,2.0,16.52598,16.421547,15.287046,14.987761,16.262339,15.961372,16.029356,15.748988,15.013267,14.812104,15.022222,14.927221,17.24896,16.934195,16.259834,15.997025,15.57835,16.016531,0.0,0.0,0.0,0.0,0.0,0.0,0.0,4.0
14845,2023.0,4.0,14.0,2.0,16.447098,16.33738,15.233689,14.936057,16.185438,15.887892,15.95255,15.6750965,15.00709,14.853405,15.008951,14.927956,17.184092,16.87079,16.178474,15.917344,14.979972,14.840206,0.0,0.0,0.0,0.0,0.0,0.0,0.0,0.0
14846,2023.0,4.0,14.0,2.0,16.370724,16.256704,15.178051,14.877262,16.10708,15.8067,15.874403,15.59366,15.01102,14.905324,15.0185795,14.971771,17.119505,16.804226,16.09785,15.834353,15.041219,15.021485,0.0,0.0,0.0,0.0,0.0,0.0,0.0,0.0
14847,2023.0,4.0,14.0,2.0,16.309406,16.201551,15.128844,14.829568,16.038065,15.740646,15.805652,15.527452,15.014079,14.938551,15.019973,14.988306,17.060843,16.74675,16.024698,15.762528,15.039136,14.989937,0.0,0.0,0.0,0.0,0.0,0.0,0.0,0.0
14848,2023.0,4.0,14.0,2.0,16.247324,16.140446,15.081179,14.783285,15.9721365,15.677475,15.739981,15.464158,15.015427,14.964768,15.021114,15.006399,17.004517,16.691576,15.954837,15.693941,15.014668,14.985843,0.0,0.0,0.0,0.0,0.0,0.0,0.0,0.0
14849,2023.0,4.0,14.0,2.0,16.185848,16.078981,15.034772,14.738138,15.908757,15.616667,15.676909,15.403285,15.0173,14.98867,15.02225,15.022624,16.950167,16.638353,15.887729,15.62807,15.018215,15.026899,0.0,0.0,0.0,0.0,0.0,0.0,0.0,0.0
14850,2023.0,4.0,14.0,3.0,16.13568,16.038418,15.000549,14.715547,15.847567,15.557869,15.616113,15.344505,15.018851,15.009071,15.023419,15.038033,16.897509,16.586802,15.822984,15.5645275,15.01982,15.0513115,0.0,0.0,0.0,0.0,0.0,0.0,0.0,0.0
14851,2023.0,4.0,14.0,3.0,16.082903,15.988134,15.003701,14.757176,15.791862,15.507991,16.320189,16.719875,15.009698,15.007205,15.011744,15.028934,16.847595,16.539257,15.762259,15.506957,15.010777,15.053134,0.0,0.0,4.0,0.0,0.0,0.0,0.0,0.0
14852,2023.0,4.0,14.0,3.0,16.024422,15.927309,15.003935,14.785837,15.732788,15.449895,15.929054,15.791742,15.012019,15.027233,15.014557,15.047251,16.7959,16.487495,16.755611,17.431013,15.012951,15.075386,0.0,0.0,0.0,0.0,0.0,0.0,4.0,0.0
14853,2023.0,4.0,14.0,3.0,15.967346,15.868755,15.0046625,14.8119335,15.675463,15.392742,15.185895,14.526905,15.012382,15.042122,14.999013,15.020824,16.744995,16.436357,15.825462,15.305653,15.013394,15.092309,0.0,0.0,0.0,0.0,4.0,0.0,0.0,0.0
14854,2023.0,4.0,14.0,3.0,15.910208,15.808857,15.005571,14.835619,15.616331,15.330936,15.009466,14.393708,15.312627,15.610641,15.003942,15.045491,16.692934,16.382078,15.296486,14.698647,15.014277,15.108807,0.0,0.0,0.0,4.0,4.0,0.0,0.0,0.0
14855,2023.0,4.0,14.0,3.0,15.860316,15.761302,15.0057125,14.856072,15.560326,15.275037,15.231847,14.928817,14.950458,14.916005,15.019779,15.099747,16.643131,16.331522,15.14536,14.547756,15.014488,15.123381,0.0,0.0,0.0,0.0,0.0,0.0,0.0,0.0
14856,2023.0,4.0,14.0,4.0,15.823669,15.737107,15.006615,14.876348,15.50363,15.217282,15.27158,14.998776,15.02604,15.08689,15.016071,15.102115,16.593672,16.281096,15.358987,15.0938425,15.015139,15.137598,0.0,0.0,0.0,0.0,0.0,0.0,0.0,0.0
14857,2023.0,4.0,14.0,4.0,15.775548,15.68814,15.006949,14.8945265,15.452171,15.16918,15.231026,14.962422,15.010918,15.074321,15.016913,15.112496,16.547527,16.236658,16.456835,17.136349,15.015483,15.151435,0.0,0.0,0.0,0.0,0.0,0.0,4.0,0.0
14858,2023.0,4.0,14.0,4.0,15.721082,15.629253,15.0075245,14.912306,15.399283,15.116104,15.180954,14.912718,15.015292,15.0973015,15.017268,15.121853,16.49994,16.188768,15.545503,15.026633,15.01611,15.165386,0.0,0.0,0.0,0.0,0.0,0.0,0.0,0.0
14859,2023.0,4.0,14.0,4.0,15.663404,15.564132,15.008129,14.929366,15.344397,15.058475,15.127302,14.856345,15.01555,15.110478,15.017974,15.131685,16.451015,16.137587,15.0222225,14.424377,15.393716,15.869776,0.0,0.0,0.0,0.0,0.0,0.0,0.0,4.0
14860,2023.0,4.0,14.0,4.0,15.610883,15.508974,15.008578,14.945715,15.291953,15.005721,15.076201,14.804397,15.015468,15.122547,15.017928,15.140506,16.404085,16.089794,15.014068,14.529858,14.954772,15.0295515,0.0,0.0,0.0,0.0,0.0,0.0,0.0,0.0
14861,2023.0,4.0,14.0,4.0,15.574684,15.486215,15.009253,14.961738,15.238616,14.95106,15.024527,14.750918,15.015777,15.133887,15.018419,15.1501255,16.357683,16.042542,15.151247,14.886154,15.004944,15.108009,0.0,0.0,0.0,0.0,0.0,0.0,0.0,4.0
14862,2023.0,4.0,14.0,5.0,15.528614,15.437421,15.290629,15.493839,15.186635,14.898657,15.0010195,14.751237,15.017004,15.145946,15.01894,15.159346,16.312227,15.996536,15.156383,14.894997,15.0391245,15.1982565,4.0,0.0,0.0,0.0,0.0,0.0,0.0,0.0
14863,2023.0,4.0,14.0,5.0,15.480572,15.387772,14.961206,14.877637,15.13859,14.853666,15.00437,14.791728,15.016948,15.156243,15.003109,15.123267,16.270008,15.956413,15.113417,14.854591,15.030724,15.188992,0.0,0.0,0.0,0.0,4.0,0.0,0.0,0.0
14864,2023.0,4.0,14.0,5.0,15.430866,15.335352,15.020353,15.023722,15.088139,14.802658,15.005909,14.826965,15.032437,15.196962,15.037797,15.222671,16.227085,15.91379,15.062693,14.804181,15.06016,15.247054,0.0,0.0,0.0,0.0,0.0,0.0,0.0,0.0
14865,2023.0,4.0,14.0,5.0,15.381442,15.282555,15.02087,15.029388,15.040898,14.757406,15.008053,14.856458,15.034095,15.2048,15.011873,15.149483,16.186184,15.8743725,15.012815,14.7558365,15.031499,15.212699,0.0,0.0,0.0,0.0,4.0,0.0,0.0,0.0
14866,2023.0,4.0,14.0,5.0,15.351884,15.269936,15.00993,15.0237465,14.998223,14.72368,15.005331,14.872841,15.204334,15.509312,15.02369,15.204762,16.14652,15.836794,15.003702,14.782227,15.363084,15.844553,0.0,0.0,0.0,4.0,0.0,0.0,0.0,4.0
14867,2023.0,4.0,14.0,5.0,15.30978,15.226218,15.011684,15.041816,15.004171,14.771385,15.006472,14.897393,14.989527,15.121532,15.01977,15.20672,16.105982,15.7971525,15.004766,14.8151045,15.078575,15.173909,0.0,0.0,0.0,0.0,0.0,0.0,0.0,4.0
14868,2023.0,4.0,14.0,6.0,15.26301,15.176552,15.023913,15.080574,15.005434,14.807472,15.012028,14.930587,15.035849,15.237425,15.040278,15.253562,16.06694,15.75959,15.006817,14.848226,15.002361,15.134563,0.0,0.0,0.0,0.0,0.0,0.0,0.0,4.0
14869,2023.0,4.0,14.0,6.0,20.303606,23.986015,15.010711,15.065921,20.135853,23.74592,20.7763,24.937567,15.016094,15.20268,15.017907,15.2134,19.98864,22.416676,20.383501,23.89915,20.096323,23.681911,0.0,0.0,4.0,0.0,0.0,0.0,0.0,4.0
14870,2023.0,4.0,14.0,6.0,21.092115,24.792526,15.012656,15.0832405,21.100786,24.843473,21.018038,24.720222,15.168448,15.473467,15.020916,15.225175,20.918056,23.844555,21.339651,25.180473,20.059431,23.30455,0.0,0.0,0.0,4.0,0.0,0.0,0.0,0.0
14871,2023.0,4.0,14.0,6.0,21.099745,24.348427,15.012794,15.095665,21.080688,24.293161,20.985807,24.170652,19.97985,23.680298,15.020428,15.227628,21.377407,24.269894,21.131563,24.349823,17.290071,17.543266,0.0,4.0,0.0,4.0,0.0,0.0,0.0,4.0
14872,2023.0,4.0,14.0,6.0,21.072685,23.972914,15.012989,15.107424,21.1046,24.036085,21.15141,24.115616,20.071644,23.27728,15.004491,15.184523,21.023281,23.29377,22.41393,26.25449,20.409752,23.666512,0.0,0.0,0.0,0.0,4.0,4.0,0.0,4.0
14873,2023.0,4.0,14.0,6.0,21.098465,23.835981,15.013285,15.118415,21.101612,23.729624,21.09336,23.800602,17.243908,17.384268,19.724052,23.22964,21.088192,23.248808,22.497417,25.931887,20.034847,22.615313,0.0,4.0,0.0,4.0,0.0,0.0,0.0,4.0
14874,2023.0,4.0,14.0,7.0,21.091959,23.601814,15.012932,15.126058,21.099405,23.52957,21.097445,23.659697,20.400072,23.423058,17.016516,17.39719,21.10008,23.07638,20.88842,22.880856,20.09108,22.505907,0.0,4.0,0.0,0.0,0.0,0.0,0.0,4.0
14875,2023.0,4.0,14.0,7.0,21.090023,23.457174,15.146253,15.364029,21.095776,23.381622,21.094292,23.542173,17.196903,16.957924,15.643233,15.734302,21.094816,22.922262,21.115355,23.300016,20.078285,22.322512,4.0,4.0,0.0,0.0,4.0,0.0,0.0,4.0
14876,2023.0,4.0,14.0,7.0,21.111834,23.41581,19.993961,23.65927,21.115448,23.33476,21.066658,23.384287,16.744692,17.216,19.97227,23.225616,21.85313,24.084097,21.079992,23.189898,20.108952,22.292658,4.0,0.0,4.0,4.0,0.0,4.0,0.0,0.0
14877,2023.0,4.0,14.0,7.0,21.14217,23.394865,19.84297,22.803698,21.108902,23.237123,21.07153,23.334208,20.337528,23.38179,17.395962,17.751219,21.654778,23.76467,21.084993,23.161802,17.463615,17.11002,0.0,0.0,4.0,4.0,0.0,4.0,0.0,0.0
14878,2023.0,4.0,14.0,7.0,21.077805,23.180965,16.926748,16.824188,21.10702,23.165745,21.118399,23.348839,20.066519,22.543228,16.107788,16.211872,21.09499,22.656507,22.437637,25.400991,17.107595,17.369999,0.0,0.0,0.0,0.0,4.0,0.0,0.0,4.0
14879,2023.0,4.0,14.0,7.0,21.080547,23.14239,15.67572,15.42852,21.05659,23.0416,21.108318,23.253468,17.847887,18.01945,20.332937,23.596159,21.055304,22.512083,21.995735,24.469988,21.252907,24.394089,0.0,4.0,0.0,4.0,4.0,4.0,0.0,0.0
14880,2023.0,4.0,14.0,8.0,21.078728,23.105368,15.455626,15.224256,21.06332,23.04858,21.106144,23.187262,21.314085,24.466753,20.055668,22.681818,21.088161,22.562063,20.91648,22.440157,17.931892,17.738714,0.0,4.0,0.0,0.0,0.0,0.0,0.0,0.0
14881,2023.0,4.0,14.0,8.0,19.233562,19.540161,15.273233,15.049816,19.108742,19.255093,19.039494,19.214497,18.109625,18.00971,17.593115,17.644835,19.654808,19.744778,19.101175,19.065086,17.167067,17.445065,0.0,4.0,0.0,0.0,4.0,4.0,0.0,4.0
14882,2023.0,4.0,14.0,8.0,18.59013,18.741488,15.158256,14.93892,18.366125,18.2877,18.711813,19.068426,17.495367,17.504179,20.399292,22.771317,19.263744,19.293575,18.332077,18.080526,21.077131,24.278608,0.0,4.0,4.0,4.0,4.0,4.0,0.0,0.0
14883,2023.0,4.0,14.0,8.0,18.295471,18.496313,15.520559,15.724529,18.042076,18.009905,18.576221,19.024418,21.723602,24.8544,20.060707,22.112238,18.367289,17.799053,17.896612,17.658123,18.571003,18.965267,4.0,4.0,4.0,0.0,0.0,0.0,0.0,4.0
14884,2023.0,4.0,14.0,8.0,17.397123,17.047606,20.113066,23.77245,17.803331,17.812716,17.335323,16.872858,18.966763,19.286697,17.690754,17.442709,18.617865,18.685474,17.558521,17.332422,20.40815,22.817463,0.0,4.0,0.0,4.0,0.0,4.0,0.0,0.0
14885,2023.0,4.0,14.0,8.0,17.600407,17.824152,17.829624,18.668194,16.977829,16.469633,16.632536,16.043644,20.360733,22.470982,16.666134,16.393625,18.723263,18.861355,17.287287,17.074953,17.743628,17.57666,4.0,0.0,0.0,4.0,0.0,4.0,0.0,0.0
14886,2023.0,4.0,14.0,9.0,17.675768,17.986626,20.235447,23.422714,17.1649,17.180584,17.01879,17.04629,20.062382,21.887978,16.40678,16.161114,18.66042,18.824224,17.063404,16.863573,16.45827,16.024328,0.0,4.0,4.0,0.0,0.0,4.0,0.0,0.0
14887,2023.0,4.0,14.0,9.0,17.596178,17.94227,17.749563,18.1404,17.26063,17.378637,17.131392,17.266354,17.908333,17.685324,16.55614,16.66172,17.924217,17.506638,16.8741,16.683678,17.229916,17.85862,4.0,4.0,4.0,0.0,4.0,0.0,0.0,4.0
14888,2023.0,4.0,14.0,9.0,16.832798,16.588867,20.2443,22.898394,17.202385,17.34858,17.072487,17.235714,17.004856,16.472574,20.302212,23.268496,18.339222,18.504194,16.73758,16.552944,21.111046,24.47463,4.0,4.0,4.0,0.0,4.0,4.0,0.0,0.0
14889,2023.0,4.0,14.0,9.0,16.415672,16.110338,20.062366,22.34644,16.476936,16.082487,17.002462,17.191662,16.837856,16.575253,20.040316,22.377373,18.501438,18.716515,16.601227,16.42611,18.06341,18.0773,0.0,0.0,4.0,0.0,4.0,4.0,0.0,0.0
14890,2023.0,4.0,14.0,9.0,16.235922,15.949597,17.694004,17.660511,16.061184,15.590141,16.281908,15.924599,16.6642,16.450003,20.101273,22.232162,18.489851,18.72047,17.57548,18.37963,16.45836,16.078362,0.0,0.0,0.0,0.0,0.0,4.0,4.0,0.0
14891,2023.0,4.0,14.0,9.0,16.842104,17.22593,17.055769,17.292757,16.581438,16.72775,15.873264,15.4362,17.196743,17.654276,17.877361,17.765612,18.482374,18.730637,16.73544,16.481976,16.248735,16.047588,4.0,4.0,0.0,4.0,0.0,4.0,0.0,0.0
14892,2023.0,4.0,14.0,10.0,16.30534,16.165653,20.243221,23.06945,16.087488,15.771229,16.429613,16.612053,20.337511,23.104359,17.14538,16.869555,18.484507,18.749153,17.37626,17.927849,16.130884,15.959218,0.0,0.0,4.0,0.0,0.0,4.0,4.0,0.0
14893,2023.0,4.0,14.0,10.0,16.70623,17.137417,18.386116,19.104666,16.431456,16.630003,15.98038,15.6868,17.787344,17.784012,16.901945,16.667032,18.484982,18.76147,17.680058,18.277855,15.968138,15.806021,4.0,4.0,0.0,0.0,0.0,4.0,4.0,0.0
14894,2023.0,4.0,14.0,10.0,16.204369,16.13327,20.23561,22.639118,15.935846,15.656143,16.38264,16.602165,16.776167,16.329605,16.700066,16.462812,17.760025,17.407476,16.741901,16.496212,15.846971,15.687151,0.0,0.0,4.0,0.0,0.0,0.0,0.0,0.0
14895,2023.0,4.0,14.0,10.0,16.59856,17.070444,18.246883,18.578775,15.59829,15.228578,15.919307,15.658388,17.364552,17.7869,16.505945,16.283478,18.155497,18.399462,16.260311,15.912443,15.721641,15.567757,4.0,0.0,0.0,4.0,0.0,4.0,0.0,0.0
14896,2023.0,4.0,14.0,10.0,16.768774,17.311083,20.23974,22.438904,16.202063,16.447704,15.6206255,15.264552,20.282064,22.928568,16.369148,16.146734,18.339506,18.657978,16.114504,15.761432,15.62931,15.477241,4.0,4.0,0.0,0.0,0.0,4.0,0.0,0.0
14897,2023.0,4.0,14.0,10.0,16.13765,16.105755,20.043892,21.9496,15.795947,15.559761,16.186518,16.456865,17.848963,17.854574,16.230242,16.016449,17.652369,17.33623,16.007887,15.665059,16.503801,17.215471,4.0,0.0,4.0,0.0,0.0,0.0,0.0,4.0
14898,2023.0,4.0,14.0,11.0,16.530357,17.041895,20.078049,21.943424,16.173218,16.458271,15.754142,15.537633,16.591114,16.22218,16.110432,15.90287,18.080654,18.359764,16.075802,15.896733,20.350443,23.713732,4.0,4.0,0.0,0.0,0.0,4.0,0.0,0.0
14899,2023.0,4.0,14.0,11.0,16.090849,16.09031,20.072014,21.87682,15.748078,15.542893,16.11908,16.425232,16.43258,16.219887,16.010075,15.807864,17.59857,17.298286,17.195799,18.029802,17.457148,17.58498,4.0,0.0,4.0,0.0,0.0,0.0,4.0,0.0
14900,2023.0,4.0,14.0,11.0,15.736945,15.621995,20.088366,21.88172,15.418131,15.116448,15.68059,15.490395,16.331594,16.143898,15.92531,15.727059,17.257086,16.848434,17.451612,18.13994,17.02255,17.575115,0.0,0.0,0.0,0.0,0.0,0.0,4.0,4.0
14901,2023.0,4.0,14.0,11.0,16.370667,16.908863,18.169184,18.173826,15.317982,15.023423,16.06087,16.395962,16.206194,16.02774,15.857361,15.666085,17.156372,16.748442,16.513922,16.337353,20.33717,23.345745,0.0,0.0,4.0,0.0,0.0,0.0,0.0,0.0
14902,2023.0,4.0,14.0,11.0,15.963644,15.9858675,17.215532,17.106218,15.401132,15.273247,16.283764,16.691309,16.092745,15.918165,15.796111,15.609184,18.103842,18.625463,17.121475,17.757565,17.663874,17.760326,0.0,0.0,4.0,0.0,0.0,4.0,4.0,0.0
14903,2023.0,4.0,14.0,11.0,16.454226,17.022837,16.946018,16.826345,16.17131,16.746454,15.683617,15.558574,16.010347,15.836926,16.147425,16.31135,18.210567,18.62064,16.38661,16.216219,16.666754,16.319136,0.0,4.0,0.0,0.0,4.0,4.0,0.0,0.0
14904,2023.0,4.0,14.0,12.0,16.602634,17.213814,17.181932,17.461893,16.414276,17.059692,16.096968,16.455755,15.936981,15.768062,20.132465,23.276323,17.507977,17.257729,16.070642,15.771523,16.509579,16.30856,4.0,4.0,4.0,0.0,0.0,0.0,0.0,0.0
14905,2023.0,4.0,14.0,12.0,20.75258,24.369476,20.25963,22.981394,20.544407,24.110813,20.605782,24.158037,16.688417,17.259773,17.910145,18.370497,21.211235,23.806717,21.489595,25.18702,16.33558,16.154507,4.0,0.0,0.0,4.0,0.0,0.0,0.0,0.0
14906,2023.0,4.0,14.0,12.0,21.347141,24.813984,20.052572,22.27072,21.102646,24.530514,21.092585,24.474768,20.359818,23.475885,16.47032,16.332117,21.810846,24.51197,21.809116,25.31136,16.162424,15.986469,0.0,4.0,4.0,4.0,0.0,4.0,0.0,0.0
14907,2023.0,4.0,14.0,12.0,21.04035,23.938942,17.93631,18.021942,21.087929,24.090126,21.090225,24.082092,20.043398,22.446075,16.590096,16.753412,21.837868,24.1966,22.212845,25.75833,16.024708,15.854286,0.0,4.0,4.0,0.0,4.0,0.0,0.0,0.0
14908,2023.0,4.0,14.0,12.0,21.082859,23.769104,17.128042,17.192997,21.108503,23.871084,21.10971,23.877876,17.758234,17.753141,20.368208,23.243443,20.959934,22.417355,22.16399,25.08834,15.913594,15.748444,4.0,0.0,0.0,0.0,0.0,0.0,0.0,0.0
14909,2023.0,4.0,14.0,12.0,21.149843,23.73806,20.2733,22.897673,21.144104,23.723114,21.148556,23.766119,16.600708,16.243818,18.09117,18.487305,21.137138,22.679796,21.917269,24.311815,15.822451,15.663045,4.0,4.0,0.0,0.0,0.0,0.0,4.0,0.0
14910,2023.0,4.0,14.0,13.0,21.375338,24.067974,20.045984,22.17893,21.0799,23.448923,21.10016,23.528164,16.303087,15.936803,16.744244,16.593369,21.234518,22.82426,21.291685,23.192024,15.745863,15.591358,0.0,4.0,0.0,0.0,0.0,0.0,0.0,0.0
14911,2023.0,4.0,14.0,13.0,21.096636,23.432102,17.995754,18.078608,21.100904,23.4025,21.058603,23.354765,16.295921,16.094816,16.45473,16.266502,21.022562,22.335915,21.105436,22.81885,16.726048,17.511349,0.0,0.0,4.0,0.0,0.0,4.0,0.0,4.0
14912,2023.0,4.0,14.0,13.0,21.0906,23.34574,17.451063,17.759989,21.09411,23.30071,21.063913,23.310863,16.247574,16.069273,16.32336,16.134165,21.069252,22.393469,21.074917,22.75086,20.371778,23.620235,4.0,0.0,4.0,0.0,0.0,0.0,0.0,0.0
14913,2023.0,4.0,14.0,13.0,21.157478,23.418135,20.2536,22.845879,21.1585,23.357866,21.164179,23.452755,16.157486,15.9834,16.211899,16.019882,21.14445,22.476788,21.192415,22.994234,17.562702,17.661587,0.0,0.0,0.0,0.0,0.0,4.0,0.0,0.0
14914,2023.0,4.0,14.0,13.0,21.073063,23.226755,18.576448,19.268229,21.075241,23.163086,21.069328,23.178722,16.078129,15.908279,16.122746,15.933894,21.0361,22.224472,21.02643,22.628975,16.239637,15.947735,4.0,0.0,4.0,0.0,0.0,4.0,4.0,0.0
14915,2023.0,4.0,14.0,13.0,21.32657,23.711441,20.284853,22.679512,21.173706,23.314304,21.161715,23.31695,16.008709,15.84204,16.045513,15.857235,21.253757,22.652403,21.196156,22.971552,16.093727,15.927551,0.0,4.0,4.0,0.0,0.0,0.0,0.0,0.0
14916,2023.0,4.0,14.0,14.0,21.047266,23.107367,18.416636,18.804436,21.055902,23.055857,21.071852,23.09802,16.759819,17.317905,15.98205,15.797667,21.05847,22.226702,21.035248,22.593643,16.014761,15.862293,4.0,4.0,4.0,4.0,0.0,0.0,4.0,0.0
14917,2023.0,4.0,14.0,14.0,18.93387,19.040789,20.247221,22.589863,19.392424,19.82178,19.358074,19.782871,20.35654,23.41761,15.924066,15.741462,20.19668,20.518518,19.16544,19.028852,15.918424,15.772745,4.0,4.0,4.0,0.0,0.0,4.0,0.0,0.0
14918,2023.0,4.0,14.0,14.0,18.495651,18.947115,20.05194,22.013496,18.550154,18.824026,18.502619,18.794497,17.760828,17.885609,15.870183,15.689872,19.064503,18.65295,19.139572,19.625128,15.831132,15.68883,0.0,4.0,4.0,0.0,0.0,0.0,4.0,0.0
14919,2023.0,4.0,14.0,14.0,17.758797,17.682817,18.433142,18.767431,18.278006,18.553638,18.221615,18.520983,16.463627,16.17435,16.212835,16.376493,18.600166,18.13732,18.227015,17.898125,16.7161,17.43152,4.0,4.0,4.0,0.0,4.0,0.0,0.0,4.0
14920,2023.0,4.0,14.0,14.0,18.062084,18.508186,20.31811,22.406574,17.496185,17.232756,18.05991,18.367737,16.351198,16.16334,20.279125,23.444683,18.424442,17.965408,18.798456,19.296812,20.924417,24.559172,4.0,0.0,4.0,0.0,0.0,0.0,4.0,0.0
14921,2023.0,4.0,14.0,14.0,17.491879,17.457634,20.054182,21.798145,17.667168,17.895956,17.89914,18.220371,16.268703,16.103708,17.969093,18.427399,18.452911,18.206697,18.004948,17.691816,17.93913,18.150015,0.0,4.0,4.0,0.0,0.0,0.0,0.0,0.0
14922,2023.0,4.0,14.0,15.0,17.736738,18.2215,18.245968,18.272999,17.106195,16.862013,17.761106,18.092115,16.915207,17.422762,16.566387,16.449781,18.402927,18.194529,17.480831,17.112276,16.392048,16.143702,0.0,0.0,4.0,4.0,0.0,0.0,0.0,0.0
14923,2023.0,4.0,14.0,15.0,17.800915,18.337158,18.02107,18.268805,16.741795,16.38901,17.659054,17.987024,20.348066,23.321758,16.3176,16.146517,18.309912,18.106564,17.277727,16.906271,16.221327,16.055521,4.0,0.0,4.0,0.0,0.0,0.0,0.0,0.0
14924,2023.0,4.0,14.0,15.0,17.080526,17.039515,20.217754,22.317865,17.199787,17.435186,17.547785,17.875282,17.779715,17.875185,16.17925,16.004171,18.20279,18.003721,17.085894,16.719711,16.094687,15.9474325,4.0,4.0,4.0,0.0,0.0,0.0,0.0,0.0
14925,2023.0,4.0,14.0,15.0,17.408253,17.917116,20.055365,21.84493,17.35046,17.663351,17.444313,17.76747,16.449553,16.115402,16.057537,15.8799715,18.099207,17.901041,17.083693,16.889538,15.952906,15.806337,0.0,4.0,4.0,0.0,0.0,0.0,0.0,0.0
14926,2023.0,4.0,14.0,15.0,17.523148,18.046608,18.202103,18.194931,16.649826,16.39965,16.708778,16.470287,16.298563,16.107756,15.958428,15.785671,18.801493,19.318542,17.018085,16.846819,15.83156,15.689691,0.0,0.0,0.0,0.0,0.0,4.0,0.0,0.0
14927,2023.0,4.0,14.0,15.0,17.49478,18.010315,17.702673,17.641039,16.997726,17.2299,16.347124,15.991067,16.219242,16.051167,15.8811655,15.708311,18.042904,17.748863,16.924242,16.758202,15.737244,15.595729,4.0,4.0,0.0,0.0,0.0,0.0,0.0,0.0
14928,2023.0,4.0,14.0,16.0,17.459267,17.967691,20.236109,22.304491,16.449602,16.190666,16.859972,17.095655,16.11364,15.950227,15.804874,15.63291,17.688066,17.249382,16.829937,16.668348,15.649721,15.511333,4.0,0.0,4.0,0.0,0.0,0.0,0.0,0.0
14929,2023.0,4.0,14.0,16.0,16.740225,16.652163,20.031517,21.734367,16.061443,15.694,16.365831,16.096996,16.000237,15.841191,15.724269,15.555286,17.533392,17.088427,16.731283,16.573988,16.546106,17.287777,4.0,0.0,0.0,0.0,0.0,0.0,0.0,4.0
14930,2023.0,4.0,14.0,16.0,16.353989,16.175497,20.068768,21.707975,16.599997,16.826286,16.685255,16.928936,15.897378,15.743362,15.651139,15.4862175,17.637224,17.413534,16.63977,16.48722,20.259598,23.51756,4.0,4.0,4.0,0.0,0.0,0.0,0.0,0.0
14931,2023.0,4.0,14.0,16.0,16.192495,16.00424,20.063639,21.630146,16.8226,17.12877,16.205309,15.944561,16.58292,17.12175,15.583665,15.422159,18.467983,19.011564,16.554583,16.406006,18.066439,18.707516,4.0,4.0,0.0,4.0,0.0,4.0,0.0,4.0
14932,2023.0,4.0,14.0,16.0,16.81693,17.271702,20.081076,21.630117,16.82568,17.130203,15.83545,15.471637,20.360771,23.566254,15.521525,15.363616,17.770702,17.457397,16.47571,16.33062,20.352097,23.22322,0.0,4.0,0.0,0.0,0.0,0.0,0.0,4.0
14933,2023.0,4.0,14.0,16.0,16.398848,16.341568,18.63032,18.79178,16.154917,15.886074,16.38824,16.618183,18.083004,18.592907,15.465,15.3121605,17.334751,16.904406,16.402441,16.260727,20.054869,22.38405,4.0,0.0,4.0,4.0,0.0,0.0,0.0,0.0
14934,2023.0,4.0,14.0,17.0,16.773525,17.23174,20.229288,22.095558,16.46968,16.690577,15.976926,15.726152,20.337336,23.065138,15.830322,16.051233,17.991714,18.25763,17.437836,18.279566,17.679657,17.617521,4.0,4.0,0.0,0.0,4.0,4.0,4.0,0.0
14935,2023.0,4.0,14.0,17.0,16.320633,16.252983,20.051533,21.635431,16.676287,16.972088,16.325253,16.567059,17.780306,17.754198,20.411892,23.63971,17.497742,17.1424,16.636505,16.414988,16.505838,16.150051,0.0,4.0,4.0,0.0,0.0,0.0,0.0,0.0
14936,2023.0,4.0,14.0,17.0,15.971093,15.788767,18.275532,18.16239,16.688034,16.986195,15.89761,15.650171,17.183851,17.420952,17.88282,18.375175,17.162457,16.733402,16.133396,15.798757,16.12903,15.754573,0.0,4.0,0.0,4.0,0.0,0.0,0.0,0.0
14937,2023.0,4.0,14.0,17.0,15.860835,15.661255,17.70113,17.501328,16.684381,16.982203,16.30895,16.539057,20.345509,22.978449,16.716354,16.57032,17.062185,16.627495,16.002352,15.65671,16.120405,15.938827,0.0,4.0,4.0,4.0,0.0,0.0,0.0,0.0
14938,2023.0,4.0,14.0,17.0,16.801634,17.527266,17.462893,17.306963,16.67612,16.972113,16.523937,16.828793,20.047085,22.139374,16.394499,16.225008,17.215437,17.02001,15.904822,15.562152,16.034103,15.890005,0.0,4.0,4.0,0.0,0.0,0.0,0.0,0.0
14939,2023.0,4.0,14.0,17.0,16.905676,17.419851,17.216463,17.064735,16.033527,15.784294,16.538204,16.842546,18.414663,18.785568,16.57232,16.739202,17.26537,17.108936,16.009178,15.856855,15.900573,15.767017,0.0,0.0,4.0,4.0,4.0,0.0,0.0,0.0
14940,2023.0,4.0,14.0,18.0,16.223875,16.143164,17.493494,17.727722,16.406435,16.62304,16.538177,16.840622,21.144402,23.763039,20.29094,23.211437,17.236801,17.083193,16.027142,15.905981,15.7965975,15.667081,4.0,4.0,4.0,0.0,4.0,0.0,0.0,0.0
14941,2023.0,4.0,14.0,18.0,21.03887,24.732145,20.24769,22.63704,21.280428,25.03381,21.278128,25.026836,18.513615,18.430994,20.043596,22.334368,21.270695,24.017443,21.870472,25.82897,15.684806,15.558428,4.0,4.0,4.0,0.0,0.0,0.0,0.0,0.0
14942,2023.0,4.0,14.0,18.0,21.034557,24.14267,20.034637,21.911804,21.04204,24.05664,21.039412,24.07128,17.051786,16.596298,17.741396,17.644331,21.803085,24.657528,22.22619,25.955856,15.59066,15.469051,4.0,0.0,0.0,0.0,0.0,0.0,0.0,0.0
14943,2023.0,4.0,14.0,18.0,21.064129,23.844957,20.086382,21.842924,21.088993,23.774601,21.091381,23.808361,16.89815,16.698061,16.743923,16.549429,20.954996,22.79987,20.902483,23.181463,16.564287,17.388397,0.0,4.0,4.0,0.0,0.0,4.0,4.0,4.0
14944,2023.0,4.0,14.0,18.0,21.078838,23.615612,18.49987,18.650497,21.081362,23.518862,21.083092,23.556274,17.562744,18.098663,16.54634,16.37122,21.066078,22.830278,21.084133,23.32558,20.361446,23.741419,4.0,4.0,4.0,4.0,0.0,4.0,4.0,0.0
14945,2023.0,4.0,14.0,18.0,21.150137,23.580156,20.242472,22.22695,21.151934,23.489756,21.152044,23.52658,20.318718,22.812067,16.359016,16.18726,21.122238,22.805553,21.176462,23.384352,17.992056,18.55794,0.0,4.0,4.0,0.0,0.0,4.0,0.0,4.0
14946,2023.0,4.0,14.0,19.0,21.09671,23.35943,18.551624,18.724451,21.07676,23.212292,21.07854,23.25399,17.88979,17.780792,16.202257,16.041267,21.077955,22.630264,21.049648,22.980196,20.357748,23.249804,4.0,4.0,4.0,0.0,0.0,0.0,4.0,0.0
14947,2023.0,4.0,14.0,19.0,21.065104,23.174147,20.240173,22.214886,21.099081,23.180256,21.100637,23.222586,16.64797,16.206366,16.061333,15.902445,21.042913,22.457018,21.093523,23.007423,17.60951,17.5446,4.0,0.0,0.0,0.0,0.0,4.0,0.0,0.0
14948,2023.0,4.0,14.0,19.0,21.069538,23.106966,20.033329,21.632265,21.06841,23.019987,21.094242,23.13036,17.4074,17.962046,15.93622,15.781102,21.046852,22.405914,21.083965,22.91347,16.298925,15.91776,4.0,4.0,0.0,4.0,0.0,4.0,0.0,0.0
14949,2023.0,4.0,14.0,19.0,21.067247,23.044157,20.06745,21.595114,21.072708,22.968435,21.069752,22.998922,20.297853,22.79404,15.829241,15.678771,21.045546,22.357151,21.083931,22.851736,15.957172,15.565715,4.0,4.0,4.0,4.0,0.0,4.0,0.0,0.0
14950,2023.0,4.0,14.0,19.0,21.092308,23.062506,20.0626,21.515587,21.071165,22.917185,21.097975,23.028002,20.025108,21.970129,15.734372,15.587485,21.044933,22.31852,21.044573,22.697304,17.02232,17.80109,4.0,4.0,0.0,4.0,0.0,4.0,4.0,4.0
14951,2023.0,4.0,14.0,19.0,21.059809,22.930128,20.080257,21.515215,21.0703,22.874798,21.09148,22.971373,20.06255,21.85257,15.6496935,15.506551,21.073877,22.36347,21.089964,22.783634,20.319023,23.260921,0.0,4.0,0.0,4.0,0.0,0.0,0.0,4.0
14952,2023.0,4.0,14.0,20.0,21.064472,22.90218,18.634525,18.685007,21.069462,22.837887,21.066874,22.864029,20.084906,21.78474,15.939869,16.113613,21.038887,22.240067,21.08109,22.731571,20.023617,22.328836,4.0,4.0,4.0,0.0,4.0,4.0,0.0,4.0
14953,2023.0,4.0,14.0,20.0,21.165354,23.091795,20.328468,22.175741,21.16313,22.99407,21.167439,23.0544,18.05127,17.770742,20.438217,23.594398,21.141266,22.422174,21.21339,22.938185,21.379658,24.337648,4.0,4.0,0.0,0.0,0.0,4.0,4.0,0.0
14954,2023.0,4.0,14.0,20.0,21.082907,22.891006,20.034662,21.466227,21.092054,22.839682,21.063843,22.793625,16.979717,16.47593,18.155323,18.789915,21.0424,22.202421,21.08777,22.689697,18.536919,18.478827,4.0,0.0,4.0,0.0,4.0,4.0,0.0,0.0
14955,2023.0,4.0,14.0,20.0,21.057236,22.791191,20.082695,21.501736,21.086489,22.797134,21.093931,22.848305,16.625967,16.122398,20.332092,23.06133,21.072073,22.262445,21.079449,22.649294,16.89052,16.44037,0.0,0.0,0.0,0.0,0.0,0.0,0.0,0.0
14956,2023.0,4.0,14.0,20.0,21.061699,22.781666,18.652193,18.685692,21.061817,22.699757,21.087317,22.808472,16.66594,16.456911,17.739027,17.66933,21.066462,22.225813,21.04096,22.522423,16.454435,16.00139,4.0,4.0,0.0,0.0,0.0,0.0,4.0,0.0
14957,2023.0,4.0,14.0,20.0,21.087097,22.835863,20.23274,21.942621,21.090832,22.756586,21.063112,22.717138,17.422672,17.973064,16.26708,15.746501,21.06651,22.202469,21.086891,22.628292,16.447428,16.26624,4.0,0.0,4.0,4.0,0.0,0.0,0.0,0.0
14958,2023.0,4.0,14.0,21.0,21.08121,22.801521,20.035248,21.431807,21.084734,22.72109,21.067804,22.71207,20.323927,22.871948,16.633375,16.782614,21.066076,22.180883,21.078138,22.590569,16.355846,16.202023,4.0,0.0,4.0,0.0,4.0,0.0,0.0,0.0
14959,2023.0,4.0,14.0,21.0,21.16298,22.923038,20.161467,21.612225,21.164026,22.857372,21.169172,22.921268,18.338812,18.612047,20.461058,23.174744,21.192068,22.432476,21.187836,22.789194,17.237852,18.015953,4.0,0.0,0.0,4.0,4.0,4.0,0.0,4.0
14960,2023.0,4.0,14.0,21.0,21.085697,22.768967,20.077217,21.404112,21.06322,22.674284,21.061066,22.663471,21.53505,24.371939,20.03047,22.135326,21.072327,22.186954,21.021877,22.442268,21.813538,25.627201,0.0,0.0,4.0,4.0,4.0,0.0,4.0,4.0
14961,2023.0,4.0,14.0,21.0,21.079165,22.735899,18.342516,18.039612,21.065811,22.6878,21.090677,22.725298,20.023684,21.677555,20.083958,21.989729,21.064644,22.150076,21.08758,22.58151,21.031805,23.610897,0.0,0.0,0.0,0.0,4.0,0.0,0.0,4.0
14962,2023.0,4.0,14.0,21.0,21.079136,22.715424,17.651083,17.402905,21.065186,22.68828,21.08435,22.690369,18.58649,18.769533,20.090113,21.83925,21.064995,22.131554,21.076344,22.536953,21.004557,23.235508,0.0,0.0,0.0,4.0,0.0,0.0,0.0,0.0
14963,2023.0,4.0,14.0,21.0,21.033302,22.624878,17.475126,17.261635,21.064945,22.6852,21.084185,22.668514,20.365593,22.221594,18.297625,18.253939,21.017073,22.036846,21.077066,22.516674,18.755396,19.089655,0.0,0.0,0.0,0.0,4.0,4.0,0.0,4.0
14964,2023.0,4.0,14.0,22.0,21.08633,22.725826,17.27326,17.05997,21.064636,22.679045,21.063173,22.648466,18.140215,17.843487,20.352934,22.302664,21.071737,22.146254,21.03733,22.391514,20.613863,22.765324,0.0,0.0,0.0,0.0,4.0,0.0,4.0,0.0
14965,2023.0,4.0,14.0,22.0,21.077305,22.684975,17.098967,16.883244,21.064268,22.670635,21.065134,22.660694,17.018957,16.490513,20.038853,21.642092,21.063723,22.10896,21.083813,22.503698,18.059492,17.767748,0.0,0.0,0.0,0.0,4.0,0.0,0.0,0.0
14966,2023.0,4.0,14.0,22.0,21.07706,22.664824,16.942978,16.71954,21.063305,22.660091,21.064274,22.661455,16.98521,16.769945,20.09146,21.646246,21.033035,22.011503,21.074059,22.468855,16.944782,16.446991,0.0,0.0,0.0,0.0,0.0,4.0,0.0,0.0
14967,2023.0,4.0,14.0,22.0,21.058,22.648918,16.81955,16.602037,21.063648,22.651337,21.064606,22.661861,16.888052,16.69772,18.395702,18.293978,21.068764,22.093187,21.075462,22.45482,16.59109,16.107986,0.0,0.0,0.0,0.0,4.0,0.0,0.0,0.0
14968,2023.0,4.0,14.0,22.0,21.060741,22.665022,16.704481,16.48734,21.063368,22.641161,21.064651,22.659866,16.72761,16.544197,20.342958,22.152817,21.063007,22.066294,21.058113,22.438438,16.612413,16.415668,0.0,0.0,0.0,0.0,4.0,0.0,0.0,0.0
14969,2023.0,4.0,14.0,22.0,21.05959,22.66791,16.597618,16.373697,21.061722,22.628586,21.063034,22.65283,16.57788,16.394228,20.03673,21.541195,21.06207,22.050179,21.059025,22.448626,16.528313,16.352367,0.0,0.0,0.0,0.0,0.0,0.0,0.0,0.0
14970,2023.0,4.0,14.0,23.0,21.059853,22.669895,16.514795,16.297737,21.06273,22.620342,21.064058,22.649023,16.458141,16.284975,18.493544,18.536959,21.044767,22.038214,21.059454,22.451668,16.390894,16.2296,0.0,0.0,0.0,0.0,0.0,0.0,0.0,0.0
14971,2023.0,4.0,14.0,23.0,19.569145,19.80721,16.43355,16.218056,19.517996,19.646112,19.487072,19.617296,16.346294,16.173471,17.561787,17.362707,19.85525,19.764826,19.514938,19.480633,16.264887,16.112505,0.0,0.0,0.0,0.0,0.0,0.0,0.0,0.0
14972,2023.0,4.0,14.0,23.0,18.855461,18.808895,16.366377,16.14967,18.71993,18.491968,18.682066,18.466705,16.84792,17.18996,17.26194,17.02498,19.367134,19.116232,18.874125,18.64724,16.16365,16.005873,0.0,0.0,0.0,4.0,0.0,0.0,0.0,0.0
14973,2023.0,4.0,14.0,23.0,18.560186,18.51199,16.305128,16.092255,18.400263,18.160685,18.355545,18.131794,16.403362,16.248917,17.05403,16.825277,19.15648,18.914516,19.617304,20.316431,16.072601,15.916635,0.0,0.0,0.0,0.0,0.0,0.0,4.0,0.0
14974,2023.0,4.0,14.0,23.0,18.333197,18.288822,16.246403,16.036367,18.160484,17.923462,18.107763,17.887648,16.761549,17.070251,17.17942,17.22451,18.979248,18.744406,18.454653,18.034174,16.693195,17.15679,0.0,0.0,0.0,4.0,4.0,0.0,0.0,4.0
14975,2023.0,4.0,14.0,23.0,18.139912,18.096266,16.189274,15.981009,17.956821,17.720171,17.896877,17.677702,16.065287,15.63179,16.85945,16.671772,18.822836,18.59201,17.911825,17.367416,16.178482,16.05191,0.0,0.0,0.0,0.0,0.0,0.0,0.0,0.0
14976,2023.0,4.0,15.0,0.0,17.96559,17.91591,16.132322,15.92302,17.772564,17.529703,17.706556,17.480995,15.750341,15.26388,16.617664,16.393425,18.679173,18.446934,17.650633,17.10438,15.707737,15.296239,0.0,0.0,0.0,0.0,0.0,0.0,0.0,0.0
14977,2023.0,4.0,15.0,0.0,17.82033,17.774967,16.080633,15.873378,17.618593,17.38034,17.547798,17.32683,15.629999,15.149494,16.476015,16.25674,18.5513,18.315195,17.761833,17.543547,15.533455,15.1058235,0.0,0.0,0.0,0.0,0.0,0.0,0.0,0.0
14978,2023.0,4.0,15.0,0.0,17.696962,17.662758,16.033875,15.831705,17.488264,17.26255,17.413351,17.205164,15.791144,15.581226,16.356504,16.149374,18.443872,18.213722,17.68092,17.485252,16.430748,16.932648,0.0,0.0,0.0,0.0,0.0,0.0,0.0,4.0
14979,2023.0,4.0,15.0,0.0,17.577822,17.546532,15.985758,15.785382,17.362432,17.140236,17.283426,17.07871,15.812219,15.634039,16.523455,16.56001,18.341404,18.111221,17.565468,17.377815,15.7102995,15.348145,0.0,0.0,0.0,0.0,4.0,0.0,0.0,0.0
14980,2023.0,4.0,15.0,0.0,17.466501,17.435213,15.938259,15.7383585,17.24503,17.023514,17.162378,16.958065,16.355602,16.695683,16.249615,16.047508,18.245913,18.013674,17.445501,17.251305,15.4038725,14.978476,0.0,0.0,0.0,4.0,0.0,0.0,0.0,0.0
14981,2023.0,4.0,15.0,0.0,17.367577,17.338913,15.893842,15.695306,17.140263,16.922129,17.05427,16.853197,15.926045,15.7573,16.08966,15.878023,18.16042,17.92826,17.33832,17.144228,15.297192,14.876004,0.0,0.0,0.0,0.0,0.0,0.0,0.0,0.0
14982,2023.0,4.0,15.0,1.0,17.273403,17.243599,15.849254,15.65034,17.040352,16.822088,16.95082,16.749474,16.09431,16.16131,15.990315,15.776421,18.079506,17.845255,17.237434,17.041222,15.467852,15.31299,0.0,0.0,0.0,4.0,0.0,0.0,0.0,0.0
14983,2023.0,4.0,15.0,1.0,17.19051,17.163782,15.808524,15.611787,16.951992,16.73784,16.859022,16.661827,16.153904,16.224398,16.221571,16.289255,18.007309,17.773785,17.147026,16.951773,15.454178,15.292564,0.0,0.0,0.0,4.0,4.0,0.0,0.0,0.0
14984,2023.0,4.0,15.0,1.0,17.11619,17.09457,15.770831,15.577643,16.872873,16.665432,16.776794,16.586414,15.60915,15.1920805,15.945522,15.746702,17.942263,17.71123,17.065466,16.873156,15.416081,15.2556715,0.0,0.0,0.0,0.0,0.0,0.0,0.0,0.0
14985,2023.0,4.0,15.0,1.0,17.040052,17.016424,15.730069,15.53577,16.79116,16.582031,16.69195,16.499567,15.367316,14.889677,15.803473,15.5900545,17.8771,17.643782,16.984676,16.790064,15.375281,15.213461,0.0,0.0,0.0,0.0,0.0,0.0,0.0,0.0
14986,2023.0,4.0,15.0,1.0,16.974203,16.95474,15.694718,15.50384,16.722092,16.518944,16.620234,16.433838,15.553981,15.373717,15.729874,15.519754,17.819983,17.58846,16.913366,16.720753,15.337127,15.176223,0.0,0.0,0.0,0.0,0.0,0.0,0.0,0.0
14987,2023.0,4.0,15.0,1.0,16.908676,16.890049,15.657117,15.466629,16.652622,16.450457,16.548018,16.362429,15.548901,15.368496,15.65836,15.447415,17.764343,17.532427,16.844662,16.651854,15.299087,15.137857,0.0,0.0,0.0,0.0,0.0,0.0,0.0,0.0
14988,2023.0,4.0,15.0,2.0,16.848024,16.831543,15.6216955,15.433025,16.589167,16.390135,16.482004,16.29948,15.511332,15.331235,15.594728,15.3848505,17.712744,17.481483,16.780964,16.588997,15.262914,15.101999,0.0,0.0,0.0,0.0,0.0,0.0,0.0,0.0
14989,2023.0,4.0,15.0,2.0,16.790098,16.775202,15.586515,15.3990965,16.528599,16.332037,16.418978,16.238863,15.473345,15.2932415,15.535115,15.325843,17.663452,17.432425,16.720516,16.529016,15.227717,15.066807,0.0,0.0,0.0,0.0,0.0,0.0,0.0,0.0
14990,2023.0,4.0,15.0,2.0,16.73804,16.727734,15.554637,15.371116,16.474796,16.28442,16.362982,16.189165,16.02643,16.366209,15.482427,15.276975,17.618502,17.389822,16.665323,16.476498,15.194989,15.035508,0.0,0.0,0.0,4.0,0.0,0.0,0.0,0.0
14991,2023.0,4.0,15.0,2.0,16.685242,16.675985,15.520631,15.338155,16.419592,16.231182,16.3055,16.13359,15.610392,15.451383,15.429588,15.224492,17.573439,17.344885,16.610615,16.422113,15.161862,15.00236,0.0,0.0,0.0,0.0,0.0,0.0,0.0,0.0
14992,2023.0,4.0,15.0,2.0,16.632965,16.622625,15.485855,15.30301,16.364779,16.176306,16.248413,16.0763,15.209042,14.768537,15.378021,15.171648,17.529083,17.29947,16.55713,16.36766,15.128887,14.968541,0.0,0.0,0.0,0.0,0.0,0.0,0.0,0.0
14993,2023.0,4.0,15.0,2.0,16.586096,16.578169,15.454084,15.273364,16.31567,16.130655,16.197275,16.028645,15.677759,15.759746,15.332179,15.127696,17.488726,17.26039,16.508419,16.320513,15.098437,14.938902,0.0,0.0,0.0,4.0,0.0,0.0,0.0,0.0
14994,2023.0,4.0,15.0,3.0,16.539473,16.532597,15.421755,15.242142,16.267025,16.08395,16.14662,15.979895,15.2050295,14.762744,15.287382,15.083586,17.448957,17.221054,16.460764,16.273508,15.068172,14.908871,0.0,0.0,0.0,0.0,0.0,0.0,0.0,0.0
14995,2023.0,4.0,15.0,3.0,16.491213,16.482014,15.386883,15.205361,16.216143,16.031,16.09362,15.924616,15.011688,14.552461,15.241453,15.035255,17.408243,17.178602,16.412504,16.223566,15.037047,14.876461,0.0,0.0,0.0,0.0,0.0,0.0,0.0,0.0
14996,2023.0,4.0,15.0,3.0,16.45286,16.450108,15.356594,15.177396,16.17209,15.99012,16.047756,15.881946,15.212903,15.036529,15.201372,14.996897,17.371424,17.142885,16.368649,16.180914,15.0084915,14.848604,0.0,0.0,0.0,0.0,0.0,0.0,0.0,0.0
14997,2023.0,4.0,15.0,3.0,16.413725,16.415525,15.324017,15.144473,16.126389,15.9444,16.000181,15.834242,15.2191925,15.040166,15.160713,14.955739,17.334229,17.105392,16.324923,16.137058,15.00152,14.861788,0.0,0.0,0.0,0.0,0.0,0.0,0.0,0.0
14998,2023.0,4.0,15.0,3.0,16.381454,16.39523,15.292946,15.117361,16.082579,15.9056635,15.9546385,15.793872,15.19268,15.015436,15.120656,14.919293,17.297024,17.070747,16.280874,16.095762,15.693407,16.182798,0.0,0.0,0.0,0.0,0.0,0.0,0.0,4.0
14999,2023.0,4.0,15.0,3.0,16.345284,16.360518,15.26273,15.087669,16.041418,15.865368,15.9120245,15.751975,15.165385,14.988298,15.084102,14.882811,17.26253,17.036362,16.240705,16.055794,15.194237,15.0771475,0.0,0.0,0.0,0.0,0.0,0.0,0.0,0.0
15000,2023.0,4.0,15.0,4.0,16.304842,16.318085,15.229823,15.05289,15.997631,15.81963,15.866949,15.704627,15.135427,14.957082,15.045903,14.842717,17.22651,16.998886,16.19927,16.012989,15.015263,14.82341,0.0,0.0,0.0,0.0,0.0,0.0,0.0,0.0
15001,2023.0,4.0,15.0,4.0,16.265892,16.281387,15.199124,15.025136,15.956615,15.782324,15.824766,15.666093,15.105317,14.928508,15.009058,14.808433,17.191072,16.965237,16.158184,15.973825,15.470871,15.718288,0.0,0.0,0.0,0.0,0.0,0.0,0.0,4.0
15002,2023.0,4.0,15.0,4.0,16.229067,16.244154,15.169207,14.995105,15.917855,15.7438135,15.784954,15.6263275,15.077093,14.899955,15.002516,14.824226,17.157898,16.931787,16.120375,15.935856,14.944117,14.722643,0.0,0.0,0.0,0.0,0.0,0.0,0.0,0.0
15003,2023.0,4.0,15.0,4.0,16.187021,16.199768,15.133995,14.9576,15.873117,15.696886,15.739038,15.578022,15.0449,14.866494,15.003958,14.852272,17.12052,16.893059,16.078133,15.892446,15.02304,14.929848,0.0,0.0,0.0,0.0,0.0,0.0,0.0,0.0
15004,2023.0,4.0,15.0,4.0,16.147943,16.160545,15.101496,14.9251795,15.831886,15.656133,15.696762,15.53609,15.014283,14.835877,15.005373,14.871108,17.08497,16.857573,16.037996,15.852512,15.004048,14.897319,0.0,0.0,0.0,0.0,0.0,0.0,0.0,0.0
15005,2023.0,4.0,15.0,4.0,16.11042,16.123447,15.0709915,14.896077,15.793189,15.619259,15.657092,15.498158,15.001128,14.838094,15.239374,15.321167,17.0507,16.823954,15.9994335,15.814659,15.006151,14.928623,0.0,0.0,0.0,0.0,4.0,0.0,0.0,0.0
15006,2023.0,4.0,15.0,5.0,16.072876,16.085615,15.039971,14.864884,15.754035,15.580476,15.617148,15.458388,15.004047,14.861314,15.022463,14.831972,17.016294,16.789528,15.961103,15.776428,15.004825,14.943809,0.0,0.0,0.0,0.0,0.0,0.0,0.0,0.0
15007,2023.0,4.0,15.0,5.0,16.039442,16.055151,15.012613,14.840784,15.719202,15.549504,15.581588,15.426576,15.002889,14.874582,15.011231,14.902959,17.771574,18.248442,15.926238,15.744363,15.00596,14.961342,0.0,0.0,0.0,0.0,0.0,4.0,0.0,0.0
15008,2023.0,4.0,15.0,5.0,16.005169,16.021376,15.000953,14.845145,15.68387,15.515506,15.544975,15.3913145,15.538543,15.894933,15.004619,14.906059,18.125141,18.681732,15.89083,15.709961,15.0060835,14.974352,0.0,0.0,0.0,4.0,0.0,4.0,0.0,0.0
15009,2023.0,4.0,15.0,5.0,16.76652,17.480896,15.0023,14.868143,15.65103,15.485221,15.510644,15.359705,15.20489,15.076469,15.005758,14.9211855,17.14542,16.703587,15.857419,15.678666,15.006125,14.985785,0.0,0.0,0.0,0.0,0.0,0.0,0.0,0.0
15010,2023.0,4.0,15.0,5.0,16.350891,16.458008,15.00254,14.886354,15.617673,15.453484,15.4760475,15.326713,15.571776,15.914432,15.005928,14.932519,16.720465,16.191345,15.823871,15.646309,15.006546,14.996648,0.0,0.0,0.0,4.0,0.0,0.0,0.0,0.0
15011,2023.0,4.0,15.0,5.0,15.777407,15.521505,15.002956,14.90309,15.584875,15.4226885,16.206736,16.730017,14.970583,14.712166,15.006119,14.942687,17.440287,17.657093,15.791321,15.615176,15.006862,15.006378,0.0,0.0,4.0,0.0,0.0,4.0,0.0,0.0
15012,2023.0,4.0,15.0,6.0,15.5603895,15.254386,15.003326,14.918379,15.553165,15.393062,15.834496,15.807713,15.028917,14.875972,15.006413,14.951873,17.666761,17.870079,16.810467,17.561914,15.565177,16.058603,0.0,0.0,0.0,0.0,0.0,4.0,4.0,4.0
15013,2023.0,4.0,15.0,6.0,21.113443,25.05432,15.003643,14.9324465,20.653275,24.265203,20.084274,23.286913,15.010432,14.860226,15.006577,14.959981,20.365486,22.542444,20.712168,23.977417,20.114788,23.77604,0.0,0.0,0.0,0.0,0.0,0.0,0.0,0.0
15014,2023.0,4.0,15.0,6.0,21.018545,24.225185,15.004016,14.945647,21.018208,24.327166,21.118725,24.542152,15.003059,14.877772,15.159367,15.246757,21.746984,24.609373,21.776384,25.334427,16.953188,16.974102,0.0,0.0,4.0,0.0,4.0,4.0,0.0,0.0
15015,2023.0,4.0,15.0,6.0,21.28882,24.240294,15.383865,15.661167,21.534603,24.576492,21.239824,24.246187,15.3534775,15.196886,20.120031,23.65706,22.244978,25.114542,22.61473,26.228687,15.3851595,14.991059,4.0,4.0,0.0,0.0,0.0,4.0,4.0,0.0
15016,2023.0,4.0,15.0,6.0,21.322735,23.895926,20.08692,23.65609,21.387932,23.888718,21.41607,24.051039,15.078646,14.913928,17.553282,18.056229,21.698559,23.85993,21.417276,23.504522,15.313215,15.139001,0.0,0.0,4.0,0.0,0.0,4.0,0.0,0.0
15017,2023.0,4.0,15.0,6.0,20.975073,23.135761,17.887663,18.706608,20.929195,22.967878,20.950459,23.098534,15.584676,15.931595,15.868317,15.713445,21.011505,22.435993,20.91891,22.625084,16.022877,16.533636,4.0,4.0,4.0,4.0,0.0,0.0,0.0,4.0
15018,2023.0,4.0,15.0,7.0,22.02894,24.721504,20.29823,23.458742,21.1757,23.353424,21.176243,23.454575,20.321978,24.00613,15.563633,15.362833,21.986467,24.036554,21.416014,23.538315,20.38646,23.992367,4.0,4.0,0.0,0.0,0.0,0.0,4.0,0.0
15019,2023.0,4.0,15.0,7.0,21.993393,24.730047,20.041243,22.553583,21.924839,24.589476,22.1559,24.960894,17.976738,18.759245,15.852506,16.032509,21.558619,23.117668,21.867744,24.14915,17.145742,17.107496,4.0,4.0,0.0,4.0,4.0,4.0,4.0,0.0
15020,2023.0,4.0,15.0,7.0,22.106918,24.626945,20.111372,22.435106,21.919052,24.195936,22.047411,24.488604,20.816412,24.15326,20.340511,23.67587,21.664038,23.266161,22.040565,24.232052,16.621023,17.067604,0.0,4.0,0.0,0.0,4.0,4.0,4.0,4.0
15021,2023.0,4.0,15.0,7.0,20.9189,22.468859,17.9674,18.098558,21.054731,22.748611,20.92742,22.522278,17.765474,17.715387,20.028961,22.59802,21.061285,22.202372,20.905357,22.102022,20.963272,24.524887,4.0,4.0,0.0,0.0,4.0,0.0,4.0,0.0
15022,2023.0,4.0,15.0,7.0,21.111258,22.889048,20.264963,22.771694,21.074202,22.78514,21.099815,22.922485,16.135832,15.655856,20.094793,22.3697,21.041348,22.149279,21.11309,22.6017,17.69102,17.627813,4.0,4.0,0.0,0.0,4.0,4.0,0.0,0.0
15023,2023.0,4.0,15.0,7.0,22.14646,24.653011,20.057062,22.124218,21.094986,22.83582,21.071777,22.890074,16.878725,17.405336,20.081554,22.091484,21.692234,23.265963,21.077286,22.553171,17.058,17.484297,0.0,0.0,0.0,4.0,4.0,4.0,0.0,4.0
15024,2023.0,4.0,15.0,8.0,20.903114,22.321814,18.110655,18.21347,21.064512,22.736084,21.07448,22.901743,20.34862,23.235123,20.07879,21.902298,20.954199,21.859612,21.080349,22.562323,21.44299,24.864527,4.0,4.0,0.0,4.0,4.0,4.0,0.0,0.0
15025,2023.0,4.0,15.0,8.0,19.02992,18.871675,20.251453,22.589874,18.992908,18.782778,19.261724,19.416958,20.052036,22.31962,20.091635,21.805292,19.384066,18.933372,19.122908,18.799002,18.666254,19.128038,0.0,0.0,0.0,0.0,0.0,0.0,0.0,4.0
15026,2023.0,4.0,15.0,8.0,18.681458,18.899626,17.991095,17.956295,17.769056,17.215889,18.821075,19.2488,17.682178,17.524998,18.055416,17.798912,18.601805,18.00912,18.37689,18.141308,20.336258,22.74813,0.0,0.0,4.0,0.0,0.0,0.0,0.0,4.0
15027,2023.0,4.0,15.0,8.0,17.909855,17.592218,16.909555,16.730793,17.308563,16.72106,18.150782,18.109802,17.196142,17.369871,17.164557,16.896235,19.067835,19.164606,18.11069,17.892738,20.057247,22.05622,0.0,0.0,0.0,4.0,0.0,4.0,0.0,0.0
15028,2023.0,4.0,15.0,8.0,17.417099,17.047707,16.658596,16.486572,18.026163,18.37034,17.315962,16.846926,20.384779,22.81677,16.93774,16.698088,19.182013,19.327711,17.873775,17.668259,17.829884,17.646534,0.0,4.0,0.0,0.0,0.0,4.0,0.0,0.0
15029,2023.0,4.0,15.0,8.0,17.152514,16.790075,16.898582,17.120438,17.654682,17.586073,16.881323,16.354471,17.883345,17.789698,16.718046,16.487589,18.461927,18.037205,17.671774,17.473133,16.719034,16.300611,4.0,0.0,0.0,0.0,0.0,0.0,0.0,0.0
15030,2023.0,4.0,15.0,9.0,17.27214,17.206512,20.211798,23.027628,17.675768,17.768194,16.961142,16.717031,16.898634,16.403898,16.563583,16.331274,18.093386,17.550718,17.530218,17.335228,16.412886,15.97656,0.0,4.0,0.0,0.0,0.0,0.0,0.0,0.0
15031,2023.0,4.0,15.0,9.0,17.257288,17.261377,18.140684,18.59229,17.048359,16.648928,16.925566,16.754082,16.773603,16.527122,16.4161,16.199686,18.663918,18.810455,17.390026,17.20551,16.383774,16.175009,0.0,0.0,0.0,0.0,0.0,4.0,0.0,0.0
15032,2023.0,4.0,15.0,9.0,17.165098,17.181667,17.075325,16.95822,16.710205,16.22256,16.820564,16.662857,17.436691,17.90934,16.316166,16.105959,18.83838,19.057322,17.28627,17.106861,16.31497,16.144356,0.0,0.0,0.0,4.0,0.0,4.0,0.0,0.0
15033,2023.0,4.0,15.0,9.0,17.824606,18.51259,17.234037,17.480148,17.235806,17.359549,16.717186,16.573683,20.312824,22.88318,16.230331,16.03105,18.135204,17.736763,17.195387,17.024733,16.206459,16.04797,4.0,4.0,0.0,0.0,0.0,0.0,0.0,0.0
15034,2023.0,4.0,15.0,9.0,17.40803,17.580345,20.236452,22.88584,16.786938,16.457027,16.608797,16.477804,17.927187,17.897036,16.140318,15.948671,17.7772,17.307035,17.104225,16.940931,16.090977,15.941151,0.0,0.0,0.0,0.0,0.0,0.0,0.0,0.0
15035,2023.0,4.0,15.0,9.0,17.522661,17.974394,18.249561,18.688646,16.42918,16.024393,16.510508,16.390495,17.403034,17.631483,16.065798,15.882828,18.428963,18.651295,18.100258,18.897886,15.989606,15.845894,0.0,0.0,0.0,4.0,0.0,4.0,4.0,0.0
15036,2023.0,4.0,15.0,10.0,17.602417,18.098076,17.247086,17.170252,16.312931,15.920625,16.435781,16.325,20.289404,22.785574,16.019253,15.8415365,18.652718,18.951473,17.22926,17.018848,15.919173,15.779385,0.0,0.0,0.0,0.0,0.0,4.0,0.0,0.0
15037,2023.0,4.0,15.0,10.0,16.974804,16.930204,16.89181,16.78742,16.41702,16.249908,16.357224,16.256695,17.997236,17.993889,15.971298,15.799622,17.993301,17.667353,17.77532,18.352598,15.84692,15.712115,0.0,0.0,0.0,0.0,0.0,0.0,4.0,0.0
15038,2023.0,4.0,15.0,10.0,16.669378,16.498882,16.695292,16.583614,17.162304,17.690805,16.292925,16.199253,17.09297,16.687016,16.331469,16.508194,17.724674,17.293604,17.056423,16.824123,15.793346,15.6603775,0.0,4.0,0.0,0.0,4.0,0.0,0.0,0.0
15039,2023.0,4.0,15.0,10.0,16.544943,16.37684,16.543043,16.439697,16.766321,16.839012,16.233517,16.14866,17.017654,16.801954,20.144121,23.17014,17.639387,17.213121,16.76193,16.42532,16.715687,17.445625,0.0,0.0,0.0,0.0,0.0,0.0,0.0,4.0
15040,2023.0,4.0,15.0,10.0,16.454678,16.307924,16.3959,16.300713,16.234467,15.974647,16.17379,16.096344,16.907707,16.7307,18.314314,19.014633,17.573212,17.157812,16.648388,16.315298,20.372522,23.593687,0.0,0.0,0.0,0.0,4.0,0.0,0.0,0.0
15041,2023.0,4.0,15.0,10.0,16.560957,16.614435,16.268349,16.178732,16.034039,15.7331085,16.84351,17.40397,17.506947,17.9939,20.298132,22.906034,17.716528,17.50625,16.575027,16.249924,18.25228,18.921434,0.0,0.0,4.0,4.0,0.0,0.0,0.0,4.0
15042,2023.0,4.0,15.0,11.0,16.58874,16.68511,16.161358,16.076662,16.125658,16.006098,16.51161,16.589766,20.283323,22.829844,18.32685,18.697405,17.775791,17.601107,17.78028,18.599503,20.338444,23.026196,0.0,0.0,0.0,0.0,0.0,0.0,4.0,4.0
15043,2023.0,4.0,15.0,11.0,17.319504,18.097775,16.070824,15.992747,16.159937,16.0858,16.019667,15.811686,18.03823,18.102203,17.11284,16.990042,18.5723,19.122822,18.105156,18.794453,20.047829,22.204275,0.0,0.0,0.0,0.0,0.0,4.0,4.0,0.0
15044,2023.0,4.0,15.0,11.0,17.614674,18.431744,15.992838,15.922112,16.855583,17.425282,16.53941,16.898943,16.907904,16.60475,16.830572,16.655548,18.71798,19.135483,17.216803,17.066841,17.953716,17.977427,0.0,4.0,4.0,0.0,0.0,4.0,0.0,0.0
15045,2023.0,4.0,15.0,11.0,17.46932,18.081074,16.42247,16.783718,16.453175,16.53289,16.116833,16.012836,16.83256,16.648636,16.726397,16.543312,18.012909,17.763931,16.876963,16.576738,17.143023,16.812046,4.0,0.0,0.0,0.0,0.0,0.0,0.0,0.0
15046,2023.0,4.0,15.0,11.0,16.81644,16.869669,20.249489,23.383173,16.759731,17.166214,15.893853,15.69102,16.78063,16.619015,16.649153,16.46757,18.549805,18.875793,16.77998,16.483269,16.881975,16.557344,4.0,4.0,0.0,0.0,0.0,4.0,0.0,0.0
15047,2023.0,4.0,15.0,11.0,16.473293,16.433271,20.028898,22.515285,16.943518,17.400322,15.803249,15.605668,16.696665,16.53853,16.99102,17.17655,18.040386,17.742516,16.715178,16.42716,16.803188,16.623259,0.0,4.0,0.0,0.0,4.0,0.0,0.0,0.0
15048,2023.0,4.0,15.0,12.0,17.100569,17.70419,18.17772,18.653658,16.386019,16.334824,15.871727,15.8100815,16.626026,16.47109,20.214788,22.805792,18.557451,18.891941,16.789158,16.627739,16.704624,16.54665,4.0,0.0,0.0,0.0,0.0,4.0,0.0,0.0
15049,2023.0,4.0,15.0,12.0,21.264685,24.79758,20.293108,22.806387,21.274963,25.063154,21.15711,25.11748,16.565214,16.409033,18.37674,18.78343,21.74083,24.355677,22.530077,26.376251,16.586493,16.429647,4.0,4.0,0.0,0.0,0.0,0.0,0.0,0.0
15050,2023.0,4.0,15.0,12.0,21.006964,23.821259,20.040327,22.089293,21.011513,23.982006,21.010857,24.216883,16.520708,16.364834,17.205938,17.0899,20.943184,22.544779,22.002974,25.00614,16.489931,16.335608,0.0,4.0,0.0,0.0,0.0,4.0,0.0,0.0
15051,2023.0,4.0,15.0,12.0,21.099154,23.726194,18.160612,18.335323,21.104685,23.82056,21.069998,23.929804,16.490698,16.336557,16.968235,16.795164,21.048178,22.559149,20.907719,22.74223,16.41725,16.2663,0.0,0.0,4.0,0.0,0.0,4.0,0.0,0.0
15052,2023.0,4.0,15.0,12.0,21.07613,23.477776,17.194035,17.166056,21.055946,23.459974,21.078043,23.713139,16.468817,16.315609,16.877724,16.696049,21.056225,22.453278,21.087366,22.964912,16.361595,16.212719,0.0,4.0,0.0,0.0,0.0,0.0,0.0,0.0
15053,2023.0,4.0,15.0,12.0,21.055073,23.273043,17.445847,17.859604,21.09229,23.38146,21.090164,23.530813,16.453882,16.302698,16.818014,16.637821,21.051586,22.330822,21.050962,22.785288,16.321293,16.17656,4.0,0.0,0.0,0.0,0.0,0.0,0.0,0.0
15054,2023.0,4.0,15.0,13.0,21.159323,23.398373,20.284327,22.828365,21.15332,23.375443,21.152214,23.504984,16.443506,16.294521,16.772081,16.593819,21.12729,22.39397,21.196632,22.989727,16.290586,16.150276,4.0,0.0,0.0,0.0,0.0,0.0,0.0,0.0
15055,2023.0,4.0,15.0,13.0,21.074636,23.148642,20.026533,22.077682,21.079325,23.130442,21.069714,23.256535,16.435722,16.287199,16.735613,16.556068,21.017143,22.08733,21.051437,22.63044,16.264065,16.125254,0.0,0.0,0.0,0.0,0.0,4.0,0.0,0.0
15056,2023.0,4.0,15.0,13.0,21.051338,23.01902,18.20558,18.419191,21.067625,23.05675,21.073263,23.195715,17.226166,17.784903,16.712173,16.53479,21.023508,22.054358,21.053892,22.57918,16.243654,16.107435,0.0,0.0,0.0,4.0,0.0,4.0,0.0,0.0
15057,2023.0,4.0,15.0,13.0,21.05473,22.981709,17.130337,17.00628,21.067991,23.014853,21.071575,23.139267,20.28887,22.994677,16.691957,16.51569,21.051811,22.094458,21.01376,22.428133,16.22639,16.091963,0.0,0.0,0.0,0.0,0.0,0.0,4.0,0.0
15058,2023.0,4.0,15.0,13.0,21.052769,22.94258,17.380638,17.739008,21.042576,22.909086,21.07051,23.093554,18.105509,18.2913,16.674063,16.49894,21.045683,22.044806,21.069225,22.519318,16.21228,16.079716,4.0,4.0,0.0,0.0,0.0,0.0,0.0,0.0
15059,2023.0,4.0,15.0,13.0,21.177956,23.163319,20.295713,22.85365,21.197483,23.193617,21.162308,23.240616,16.99999,16.773733,16.658316,16.484444,21.136673,22.194855,21.194918,22.727236,16.200356,16.069746,0.0,4.0,0.0,0.0,0.0,0.0,0.0,0.0
15060,2023.0,4.0,15.0,14.0,21.076506,22.950369,18.434793,18.938297,21.081247,22.930384,21.068277,23.018984,16.878567,16.722595,16.6478,16.475761,21.043957,21.980396,21.05797,22.411972,16.189878,16.06135,0.0,0.0,0.0,0.0,0.0,0.0,0.0,0.0
15061,2023.0,4.0,15.0,14.0,19.340355,19.591482,17.265793,17.341421,19.742395,20.293709,19.357801,19.706964,16.84327,16.698404,16.637808,16.467783,20.75506,21.390158,19.585127,19.55165,16.180166,16.053692,0.0,4.0,0.0,0.0,0.0,4.0,0.0,0.0
15062,2023.0,4.0,15.0,14.0,18.579973,18.551422,17.445726,17.844534,19.237782,19.641546,18.527822,18.537634,16.801908,16.657137,16.628687,16.460487,19.719387,19.451784,20.082289,20.809948,16.171492,16.046833,4.0,4.0,0.0,0.0,0.0,0.0,4.0,0.0
15063,2023.0,4.0,15.0,14.0,18.956894,19.529108,20.269697,22.819862,19.048018,19.47179,18.858963,19.437979,16.761402,16.618147,16.617968,16.452173,19.350056,18.986435,19.100779,18.905151,17.118866,17.845985,0.0,4.0,4.0,0.0,0.0,0.0,0.0,4.0
15064,2023.0,4.0,15.0,14.0,18.992245,19.618849,18.5786,19.185322,18.87062,19.312572,18.904385,19.555317,16.718811,16.577908,16.6082,16.444921,19.904354,20.202131,19.517197,20.0928,20.296473,23.207594,4.0,4.0,4.0,0.0,0.0,4.0,4.0,0.0
15065,2023.0,4.0,15.0,14.0,18.882444,19.528954,20.262167,22.561848,18.727802,19.18375,18.055807,18.071924,16.679024,16.539959,16.597574,16.437391,19.368664,19.093134,18.79299,18.58542,17.956083,18.196684,0.0,4.0,0.0,0.0,0.0,0.0,0.0,0.0
15066,2023.0,4.0,15.0,15.0,18.175653,18.300018,18.395267,18.710835,18.00236,17.942183,17.516903,17.398014,16.643768,16.507338,16.588053,16.431114,19.026443,18.693144,18.32872,18.052113,16.831596,16.69056,0.0,0.0,0.0,0.0,0.0,0.0,0.0,0.0
15067,2023.0,4.0,15.0,15.0,17.822008,17.835396,17.61366,17.61843,18.303793,18.713705,17.307873,17.169048,17.380346,17.921906,16.579163,16.425093,18.916096,18.585253,18.172546,17.895742,17.643486,18.374847,0.0,4.0,0.0,4.0,0.0,0.0,0.0,4.0
15068,2023.0,4.0,15.0,15.0,18.35086,18.98023,17.818419,18.208399,17.760485,17.716316,17.15941,17.029667,20.270998,22.9361,16.567438,16.416681,19.73556,20.24218,19.055225,19.676403,20.278008,22.904816,4.0,0.0,0.0,0.0,0.0,4.0,4.0,4.0
15069,2023.0,4.0,15.0,15.0,18.504232,19.179226,20.259516,22.545181,17.36463,17.222347,17.107233,17.080267,18.165083,18.399155,16.551617,16.404142,19.163385,18.950693,18.411556,18.237305,20.043907,22.145,0.0,0.0,0.0,0.0,0.0,0.0,0.0,0.0
15070,2023.0,4.0,15.0,15.0,18.480625,19.16445,18.583801,19.064482,17.859846,18.29126,17.02945,17.024826,17.090603,16.929348,16.536247,16.392265,18.7925,18.48664,17.99247,17.744,18.867264,19.623693,0.0,4.0,0.0,0.0,0.0,0.0,0.0,4.0
15071,2023.0,4.0,15.0,15.0,17.843397,17.998451,17.721241,17.764374,17.419704,17.42524,16.94552,16.942766,16.887245,16.680233,16.522482,16.382223,19.440145,19.797443,17.86805,17.620071,20.185204,22.088657,0.0,0.0,0.0,0.0,0.0,4.0,0.0,4.0
15072,2023.0,4.0,15.0,16.0,18.182158,18.86531,17.844366,18.251663,17.743256,18.222782,16.854748,16.853987,17.612251,18.159285,16.505182,16.369034,19.71929,20.170528,17.75817,17.517603,20.050814,21.744375,4.0,4.0,0.0,4.0,0.0,4.0,0.0,0.0
15073,2023.0,4.0,15.0,16.0,17.678205,17.818184,20.254946,22.482298,17.91441,18.439415,17.48552,18.11017,20.255266,22.647118,16.889864,17.11394,19.002043,18.78699,17.749466,17.6029,18.400543,18.484201,4.0,4.0,4.0,4.0,4.0,0.0,0.0,0.0
15074,2023.0,4.0,15.0,16.0,18.036066,18.70795,20.110641,22.000973,17.917547,18.439966,17.756012,18.441265,20.133778,22.130953,20.266453,22.99395,19.420626,19.79763,17.708988,17.578741,17.483038,17.27344,4.0,4.0,4.0,0.0,0.0,4.0,0.0,0.0
15075,2023.0,4.0,15.0,16.0,17.582203,17.734018,20.056446,21.758587,17.908674,18.427057,17.073997,17.120584,18.322447,18.434008,18.657377,19.364887,19.66854,20.120508,17.643972,17.518744,17.178413,16.958668,4.0,4.0,0.0,0.0,4.0,4.0,0.0,0.0
15076,2023.0,4.0,15.0,16.0,17.220514,17.260014,20.05094,21.656204,17.896406,18.410763,16.670399,16.580906,17.397081,17.195354,20.22819,22.526232,19.6972,20.151096,17.57965,17.458,18.013052,18.711987,4.0,4.0,0.0,0.0,0.0,4.0,0.0,4.0
15077,2023.0,4.0,15.0,16.0,17.089043,17.11961,20.067616,21.636189,17.88279,18.393148,17.211105,17.69272,17.118479,16.888863,18.345266,18.534798,19.705706,20.157726,17.518442,17.400116,20.2637,22.560225,0.0,4.0,4.0,0.0,0.0,4.0,0.0,0.0
15078,2023.0,4.0,15.0,17.0,17.862307,18.660461,18.580418,18.732712,17.868656,18.375065,17.442223,17.97292,17.048346,16.910921,17.266129,17.057833,19.708359,20.158978,17.460579,17.345871,18.252424,18.390821,0.0,4.0,4.0,0.0,0.0,4.0,0.0,0.0
15079,2023.0,4.0,15.0,17.0,17.943195,18.644184,17.82366,17.636152,17.857304,18.361355,17.468452,17.99571,16.984419,16.864498,17.142391,16.998064,18.9352,18.700668,17.41044,17.299036,17.479914,17.260935,0.0,4.0,4.0,0.0,0.0,0.0,0.0,0.0
15080,2023.0,4.0,15.0,17.0,17.948124,18.629902,18.138546,18.479555,17.84642,18.348629,16.873756,16.872887,16.902529,16.788975,17.071117,16.947805,19.43021,19.806944,17.362402,17.2555,17.22503,16.997808,4.0,4.0,0.0,0.0,0.0,4.0,0.0,0.0
15081,2023.0,4.0,15.0,17.0,17.97192,18.64955,20.230558,22.214928,17.835611,18.336143,16.602638,16.489292,16.826756,16.718685,16.979565,16.861042,19.594837,20.05606,17.316536,17.214575,17.138987,17.011372,4.0,4.0,0.0,0.0,0.0,4.0,0.0,0.0
15082,2023.0,4.0,15.0,17.0,17.988073,18.659739,20.03871,21.6837,17.220541,17.199512,17.170004,17.659323,16.74458,16.64139,17.28987,17.537806,18.841417,18.616642,17.267206,17.1693,17.02036,16.912025,0.0,0.0,4.0,0.0,4.0,0.0,0.0,0.0
15083,2023.0,4.0,15.0,17.0,18.013445,18.692514,18.497639,18.629898,17.52997,17.980623,16.780424,16.789135,16.6708,16.573978,20.318583,22.731022,19.265696,19.645407,17.219313,17.126188,16.892359,16.792345,0.0,4.0,0.0,0.0,0.0,4.0,0.0,0.0
15084,2023.0,4.0,15.0,18.0,17.399117,17.535397,17.979012,18.172932,17.705986,18.205315,17.12296,17.605083,16.60235,16.510704,18.472656,18.885412,18.803766,18.65058,17.172441,17.083374,16.775972,16.681824,4.0,4.0,4.0,0.0,0.0,0.0,0.0,0.0
15085,2023.0,4.0,15.0,18.0,21.333397,24.574219,20.233147,22.256224,21.352829,24.538147,21.196133,24.592209,16.544044,16.453869,17.58709,17.49157,21.360538,23.227007,22.1829,25.552567,17.699879,18.516464,4.0,4.0,0.0,0.0,0.0,4.0,0.0,4.0
15086,2023.0,4.0,15.0,18.0,21.032337,23.599756,20.03811,21.691933,21.012646,23.484274,21.005634,23.732235,16.484251,16.398176,17.308716,17.19451,21.08837,22.608189,20.872084,22.96443,20.296154,22.850279,0.0,4.0,4.0,0.0,0.0,0.0,4.0,0.0
15087,2023.0,4.0,15.0,18.0,21.084225,23.439882,18.489054,18.608992,21.092587,23.403408,21.076118,23.563137,17.232534,17.863916,17.142366,17.034498,21.05677,22.402674,21.110817,23.20751,18.076906,18.193426,0.0,0.0,4.0,4.0,0.0,0.0,0.0,0.0
15088,2023.0,4.0,15.0,18.0,21.075516,23.241928,18.158419,18.529297,21.078478,23.19289,21.08834,23.398262,20.326202,23.091078,17.008703,16.906078,21.053003,22.293661,21.066051,22.938335,17.015614,16.81881,4.0,0.0,0.0,0.0,0.0,0.0,0.0,0.0
15089,2023.0,4.0,15.0,18.0,21.036366,23.04079,20.25599,22.267841,21.054264,22.993383,21.082987,23.234846,18.01715,18.171402,17.301355,17.566504,21.02283,22.142706,21.031374,22.71146,17.886257,18.701475,0.0,4.0,0.0,0.0,4.0,4.0,4.0,4.0
15090,2023.0,4.0,15.0,19.0,21.054358,22.978703,18.694006,19.04676,21.057287,22.906221,21.057629,23.051105,16.876902,16.677605,20.298986,22.745228,21.05687,22.185276,21.03678,22.635794,20.408371,22.939981,0.0,4.0,4.0,0.0,4.0,0.0,4.0,0.0
15091,2023.0,4.0,15.0,19.0,21.051369,22.901691,18.163315,18.560032,21.056,22.832987,21.085133,23.040632,16.618969,16.393618,20.018982,21.874214,21.051477,22.134602,21.035425,22.571201,18.789314,19.436617,4.0,4.0,0.0,0.0,4.0,0.0,4.0,4.0
15092,2023.0,4.0,15.0,19.0,21.050966,22.845524,20.25936,22.255333,21.055342,22.775309,21.078842,22.9561,16.604578,16.510715,20.077776,21.792965,21.052032,22.104229,21.074184,22.627638,21.438541,24.54174,4.0,4.0,0.0,0.0,0.0,0.0,0.0,0.0
15093,2023.0,4.0,15.0,19.0,21.050608,22.799553,20.022472,21.61027,21.079344,22.795576,21.05416,22.82787,17.368916,18.01459,18.353321,18.327291,21.010265,22.00183,21.06622,22.563562,18.750471,18.831448,4.0,0.0,4.0,4.0,0.0,4.0,0.0,0.0
15094,2023.0,4.0,15.0,19.0,21.04996,22.759342,20.055767,21.560951,21.04929,22.671055,21.058737,22.7932,20.320065,22.949095,17.335426,17.000305,21.059128,22.097588,21.066607,22.522594,18.353611,18.907248,4.0,4.0,4.0,4.0,0.0,0.0,0.0,4.0
15095,2023.0,4.0,15.0,19.0,21.075684,22.794476,20.06878,21.521147,21.054466,22.64715,21.05799,22.756346,20.015648,22.014137,17.624683,17.839705,21.05229,22.060266,21.027308,22.382507,20.265066,22.259184,0.0,4.0,4.0,4.0,4.0,0.0,4.0,0.0
15096,2023.0,4.0,15.0,20.0,21.04368,22.672712,18.494234,18.439342,21.078293,22.684767,21.057695,22.724413,20.173573,22.123323,20.305674,22.458672,21.053139,22.041046,21.034683,22.377403,18.958302,19.492668,0.0,0.0,4.0,0.0,0.0,0.0,4.0,4.0
15097,2023.0,4.0,15.0,20.0,21.048965,22.65454,17.945112,17.95028,21.048319,22.573658,21.081758,22.761988,18.737991,19.14726,18.848991,19.368553,21.03973,22.023493,21.073315,22.466112,20.215803,22.026329,4.0,4.0,0.0,4.0,4.0,0.0,0.0,4.0
15098,2023.0,4.0,15.0,20.0,21.186977,22.90659,20.240494,22.153482,21.078398,22.629011,21.076254,22.717287,20.286072,22.239141,20.258059,22.162966,21.234663,22.398548,21.06561,22.426193,20.176146,21.86367,0.0,0.0,0.0,0.0,4.0,4.0,0.0,0.0
15099,2023.0,4.0,15.0,20.0,21.074133,22.673351,18.735664,18.983984,21.07233,22.590036,21.051579,22.617489,18.279964,18.168793,20.045544,21.579048,21.029861,21.965275,21.066032,22.402807,18.27418,18.107836,4.0,0.0,4.0,0.0,0.0,4.0,0.0,0.0
15100,2023.0,4.0,15.0,20.0,21.068684,22.636885,20.221367,22.042702,21.072811,22.565449,21.056398,22.605467,17.23912,16.879385,18.326159,18.164427,21.028814,21.952578,21.065989,22.381027,17.373495,17.03241,4.0,0.0,4.0,0.0,0.0,4.0,0.0,0.0
15101,2023.0,4.0,15.0,20.0,21.06759,22.61082,20.013538,21.4651,21.054077,22.53922,21.08068,22.65579,17.158316,17.025215,17.601826,17.45704,21.02854,21.942625,21.050718,22.359295,17.058228,16.704906,4.0,0.0,0.0,0.0,0.0,4.0,0.0,0.0
15102,2023.0,4.0,15.0,21.0,21.053003,22.591745,20.06026,21.454155,21.05772,22.547838,21.050703,22.554459,17.840715,18.425655,17.798122,18.00284,21.02937,21.934832,21.053967,22.367086,18.065619,18.83366,4.0,0.0,4.0,4.0,4.0,4.0,0.0,4.0
15103,2023.0,4.0,15.0,21.0,21.054655,22.596525,20.052736,21.369028,21.032507,22.475517,21.081463,22.618832,20.334574,22.649384,20.288536,22.340147,21.029547,21.92607,21.05347,22.364424,20.35983,22.638166,4.0,4.0,0.0,0.0,0.0,4.0,0.0,0.0
15104,2023.0,4.0,15.0,21.0,21.027794,22.52054,20.070648,21.3675,21.062378,22.555157,21.07502,22.58386,18.078173,17.96413,18.561445,18.762978,21.059742,21.995203,21.053612,22.360601,18.786146,19.258251,0.0,0.0,0.0,0.0,0.0,0.0,0.0,4.0
15105,2023.0,4.0,15.0,21.0,21.076479,22.605131,18.519695,18.355206,21.049812,22.46756,21.075613,22.563147,16.97227,16.587652,17.548676,17.422762,21.02469,21.888687,21.053352,22.354548,20.292995,22.277159,0.0,4.0,0.0,0.0,0.0,4.0,0.0,0.0
15106,2023.0,4.0,15.0,21.0,21.068441,22.56071,17.845972,17.676746,21.07804,22.515411,21.057085,22.543123,16.919542,16.761335,17.610231,17.757454,21.060457,21.970121,21.01403,22.242441,18.193455,18.012712,0.0,0.0,0.0,0.0,4.0,0.0,4.0,0.0
15107,2023.0,4.0,15.0,21.0,21.069214,22.537935,17.65277,17.499273,21.072422,22.475975,21.059584,22.554817,16.850882,16.711365,20.384155,22.481009,21.054886,21.942884,21.07628,22.366283,17.179264,16.78458,0.0,0.0,0.0,0.0,0.0,0.0,0.0,0.0
15108,2023.0,4.0,15.0,22.0,21.05186,22.51722,17.459873,17.29995,21.072844,22.451733,21.059069,22.555138,16.720564,16.579151,18.820505,19.278847,21.055452,21.928928,21.065926,22.31774,16.876995,16.476814,0.0,0.0,0.0,0.0,4.0,0.0,0.0,0.0
15109,2023.0,4.0,15.0,22.0,21.053827,22.527195,17.291666,17.124401,21.05377,22.429956,21.059317,22.553747,17.193405,17.569174,20.27299,22.137077,21.055565,21.915743,21.06687,22.294508,16.91772,16.766203,0.0,0.0,0.0,4.0,0.0,0.0,0.0,0.0
15110,2023.0,4.0,15.0,22.0,21.053764,22.527643,17.14621,16.971916,21.056112,22.440945,21.059036,22.548864,20.40078,22.958963,18.511093,18.513105,21.039164,21.904556,21.011566,22.167303,16.857862,16.713873,0.0,0.0,0.0,0.0,4.0,0.0,4.0,0.0
15111,2023.0,4.0,15.0,22.0,21.053175,22.522718,17.01796,16.837526,21.055923,22.441872,21.059307,22.543627,17.856798,17.706364,20.372282,22.116804,21.041233,21.920984,21.076807,22.30588,16.734571,16.587223,0.0,0.0,0.0,0.0,4.0,0.0,0.0,0.0
15112,2023.0,4.0,15.0,22.0,21.053019,22.516733,16.90081,16.708496,21.055511,22.439129,21.058443,22.53499,16.638678,16.18319,20.03062,21.421938,21.040913,21.92766,21.06522,22.261738,16.62138,16.468233,0.0,0.0,0.0,0.0,0.0,0.0,0.0,0.0
15113,2023.0,4.0,15.0,22.0,21.053513,22.51273,16.805597,16.612183,21.05589,22.435902,21.059042,22.52844,17.27404,17.64851,18.632547,18.675812,21.041456,21.932718,21.067411,22.24591,17.273542,17.782549,0.0,0.0,0.0,4.0,0.0,0.0,0.0,4.0
15114,2023.0,4.0,15.0,23.0,21.053505,22.506691,16.71363,16.514568,21.055899,22.430458,21.059042,22.520348,20.386189,22.845446,18.062044,18.117912,21.041643,21.934816,21.06727,22.22868,20.3495,22.988438,0.0,0.0,0.0,0.0,4.0,0.0,0.0,0.0
15115,2023.0,4.0,15.0,23.0,19.72467,19.947636,16.632584,16.431847,19.683275,19.790787,19.609446,19.730377,18.393415,18.655123,17.659912,17.496986,19.96602,19.867561,19.727037,19.669088,18.436644,18.823805,0.0,0.0,0.0,4.0,0.0,0.0,0.0,4.0
15116,2023.0,4.0,15.0,23.0,19.092329,19.061674,16.567646,16.363974,18.971962,18.763958,18.872738,18.677565,17.227907,16.780855,17.378551,17.168688,19.534468,19.303965,19.17377,18.966805,17.23151,16.830887,0.0,0.0,0.0,0.0,0.0,0.0,0.0,0.0
15117,2023.0,4.0,15.0,23.0,18.815454,18.766605,16.505232,16.300428,18.665298,18.428734,18.55568,18.333857,16.807692,16.281866,17.185638,16.966084,19.335752,19.098309,18.903902,18.696976,17.573027,17.772575,0.0,0.0,0.0,0.0,0.0,0.0,0.0,4.0
15118,2023.0,4.0,15.0,23.0,18.613226,18.567898,16.447512,16.243557,18.447723,18.21392,18.328524,18.10999,16.864252,16.638802,17.027725,16.80935,19.17227,18.935871,18.688997,18.490685,16.85411,16.399275,0.0,0.0,0.0,0.0,0.0,0.0,0.0,0.0
15119,2023.0,4.0,15.0,23.0,18.425175,18.366732,16.385004,16.175306,18.245026,17.99556,18.117146,17.88243,16.79459,16.600365,16.87228,16.641891,19.017853,18.771067,18.484127,18.270138,16.517982,16.033411,0.0,0.0,0.0,0.0,0.0,0.0,0.0,0.0
15120,2023.0,4.0,16.0,0.0,18.283861,18.237783,16.33485,16.129784,18.095037,17.859974,17.960617,17.74108,17.266874,17.594397,16.749584,16.526869,18.894438,18.653149,18.321976,18.11521,16.635906,16.447985,0.0,0.0,0.0,4.0,0.0,0.0,0.0,0.0
15121,2023.0,4.0,16.0,0.0,18.151608,18.109863,16.284376,16.081581,17.953321,17.723148,17.812492,17.598167,16.783825,16.614033,16.632458,16.411495,18.779793,18.539804,18.17292,17.968237,17.312456,17.783033,0.0,0.0,0.0,0.0,0.0,0.0,0.0,4.0
15122,2023.0,4.0,16.0,0.0,18.033493,17.996374,16.236597,16.03649,18.514196,18.890604,17.68009,17.47145,16.306074,15.852522,16.809248,16.834965,18.676573,18.438343,18.039234,17.837118,16.491188,16.085402,0.0,4.0,0.0,0.0,4.0,0.0,0.0,0.0
15123,2023.0,4.0,16.0,0.0,17.92256,17.886425,16.189238,15.990226,18.038961,17.955091,17.556406,17.34926,16.072338,15.578712,16.550413,16.346209,18.579899,18.340548,17.914682,17.711504,16.162687,15.705452,0.0,0.0,0.0,0.0,0.0,0.0,0.0,0.0
15124,2023.0,4.0,16.0,0.0,17.821167,17.786911,16.143908,15.946118,17.348417,16.74936,17.443922,17.239176,16.222187,16.024094,16.388704,16.16808,18.492056,18.252304,17.801983,17.598635,16.028368,15.5784645,0.0,0.0,0.0,0.0,0.0,0.0,0.0,0.0
15125,2023.0,4.0,16.0,0.0,17.728195,17.69681,16.100298,15.904118,17.082703,16.43531,17.340942,17.139648,16.790728,17.119564,16.29649,16.076866,18.41179,18.172367,17.699257,17.496597,16.184093,16.01248,0.0,0.0,0.0,4.0,0.0,0.0,0.0,0.0
15126,2023.0,4.0,16.0,1.0,17.641796,17.612844,16.057827,15.8631735,17.298187,17.024792,17.245218,17.047266,16.343658,16.168854,16.211002,15.991987,18.337284,18.098158,17.604063,17.402025,16.1607,15.986833,0.0,0.0,0.0,0.0,0.0,0.0,0.0,0.0
15127,2023.0,4.0,16.0,1.0,17.56071,17.53304,16.016336,15.822928,17.305017,17.08935,17.1553,16.959675,15.898603,15.4328165,16.437923,16.485891,18.267363,18.028072,17.514816,17.312725,16.101109,15.926345,0.0,0.0,0.0,0.0,4.0,0.0,0.0,0.0
15128,2023.0,4.0,16.0,1.0,17.486837,17.46257,15.977227,15.786148,17.238304,17.029413,17.073614,16.88247,16.32988,16.385933,16.500374,16.570034,18.203531,17.965628,17.433325,17.232986,16.045744,15.872027,0.0,0.0,0.0,4.0,4.0,0.0,0.0,0.0
15129,2023.0,4.0,16.0,1.0,17.411808,17.385498,15.935734,15.743037,17.164179,16.954088,16.99057,16.797039,16.42106,16.472057,16.500042,16.575897,18.140072,17.899946,17.353046,17.150415,15.989082,15.813528,0.0,0.0,0.0,4.0,4.0,0.0,0.0,0.0
15130,2023.0,4.0,16.0,1.0,17.349796,17.330244,15.9019375,15.713888,17.101404,16.899822,16.923346,16.738533,15.877743,15.451338,15.898749,15.42233,18.086046,17.849762,17.283943,17.08571,15.939649,15.76724,0.0,0.0,0.0,0.0,0.0,0.0,0.0,0.0
15131,2023.0,4.0,16.0,1.0,17.283625,17.263018,15.863932,15.675341,17.033197,16.831654,16.851206,16.665968,15.634131,15.156805,15.921345,15.653932,18.030035,17.79245,17.213186,17.013521,15.888089,15.714462,0.0,0.0,0.0,0.0,4.0,0.0,0.0,0.0
15132,2023.0,4.0,16.0,2.0,17.22414,17.206644,15.8286295,15.642249,16.971752,16.774277,16.78672,16.605494,15.522986,15.053119,15.6048,15.083805,17.9794,17.743296,17.149092,16.95119,15.840942,15.668523,0.0,0.0,0.0,0.0,0.0,0.0,0.0,0.0
15133,2023.0,4.0,16.0,2.0,17.166077,17.150925,15.792648,15.607763,16.912008,16.717604,16.724255,16.546099,15.705882,15.51766,16.05464,16.103058,17.930532,17.695347,17.087652,16.89107,16.52587,16.999088,0.0,0.0,0.0,0.0,4.0,0.0,0.0,4.0
15134,2023.0,4.0,16.0,2.0,17.108423,17.094124,15.755622,15.571223,16.85288,16.659859,16.662714,16.485842,15.714841,15.530498,15.882063,15.681332,17.882534,17.647228,17.027609,16.831133,16.01411,15.88036,0.0,0.0,0.0,0.0,0.0,0.0,0.0,0.0
15135,2023.0,4.0,16.0,2.0,17.051313,17.036295,15.718213,15.533168,16.794483,16.601368,16.602457,16.425198,15.672976,15.486596,16.058846,16.109081,17.835434,17.599112,16.968927,16.771513,15.583567,15.158417,0.0,0.0,0.0,0.0,4.0,0.0,0.0,0.0
15136,2023.0,4.0,16.0,2.0,16.997448,16.982985,15.682185,15.497243,16.739225,16.547209,16.545624,16.369255,15.633518,15.447057,15.8119135,15.601478,17.790888,17.55448,16.913496,16.716219,15.435512,15.000884,0.0,0.0,0.0,0.0,0.0,0.0,0.0,0.0
15137,2023.0,4.0,16.0,2.0,16.946795,16.93437,15.647929,15.464253,16.687403,16.498186,16.492281,16.318659,15.595014,15.409749,15.986755,16.019201,17.749088,17.51387,16.861515,16.665861,16.288788,16.717783,0.0,0.0,0.0,0.0,4.0,0.0,0.0,4.0
15138,2023.0,4.0,16.0,3.0,16.895788,16.883532,15.612688,15.428917,16.635183,16.446781,16.438568,16.265665,16.121067,16.430033,15.469284,14.973923,17.70729,17.471958,16.809763,16.614193,15.60623,15.221497,0.0,0.0,0.0,4.0,0.0,0.0,0.0,0.0
15139,2023.0,4.0,16.0,3.0,16.842615,16.82677,15.574613,15.387554,16.580143,16.38832,16.382229,16.205584,16.377226,16.78176,15.194965,14.638993,17.664457,17.426817,16.757067,16.559074,15.343405,14.90843,0.0,0.0,0.0,4.0,0.0,0.0,0.0,0.0
15140,2023.0,4.0,16.0,3.0,16.79925,16.787542,15.5437975,15.360848,16.535574,16.349443,16.336401,16.165552,15.5551,15.135662,15.708881,15.737341,17.627987,17.393284,16.711626,16.51696,15.484799,15.284391,0.0,0.0,0.0,0.0,4.0,0.0,0.0,0.0
15141,2023.0,4.0,16.0,3.0,16.765608,16.766304,15.509312,15.326873,16.487497,16.302294,16.286678,16.116869,15.853868,15.895083,15.579387,15.385635,17.589867,17.355387,16.6646,16.47025,16.22307,16.685287,0.0,0.0,0.0,4.0,0.0,0.0,0.0,4.0
15142,2023.0,4.0,16.0,3.0,16.729511,16.735926,15.475512,15.293703,16.440853,16.25688,16.238718,16.070103,15.391488,14.9359665,15.460738,15.24653,17.5529,17.318962,16.619125,16.42546,15.485376,15.10547,0.0,0.0,0.0,0.0,0.0,0.0,0.0,0.0
15143,2023.0,4.0,16.0,3.0,16.683796,16.687025,15.438275,15.253334,16.390724,16.203451,16.187527,16.015356,15.170866,14.692847,15.412904,15.1968775,17.514175,17.278254,16.571953,16.376207,15.219838,14.7858095,0.0,0.0,0.0,0.0,0.0,0.0,0.0,0.0
15144,2023.0,4.0,16.0,4.0,16.644684,16.651472,15.408089,15.227065,16.349724,16.167456,16.145596,15.978481,15.354384,15.155067,15.371301,15.159505,17.480776,17.247568,16.530806,16.338093,16.07654,16.506598,0.0,0.0,0.0,0.0,0.0,0.0,0.0,4.0
15145,2023.0,4.0,16.0,4.0,16.600431,16.605722,15.373277,15.191438,16.303654,16.12045,16.098436,15.930288,15.3746605,15.189631,15.645652,15.712368,17.444769,17.21101,16.48682,16.29337,16.113897,16.35662,0.0,0.0,0.0,0.0,4.0,0.0,0.0,4.0
15146,2023.0,4.0,16.0,4.0,16.561337,16.569574,15.342729,15.163795,16.26318,16.08361,16.057468,15.892768,15.341893,15.158905,15.414025,15.219155,17.41235,17.181004,16.447073,16.25623,15.408051,15.002606,0.0,0.0,0.0,0.0,0.0,0.0,0.0,0.0
15147,2023.0,4.0,16.0,4.0,16.517735,16.523752,15.307801,15.12678,16.217709,16.035948,16.01173,15.844482,15.305771,15.121593,15.301015,15.088475,17.37701,17.144718,16.404303,16.212355,15.17191,14.735563,0.0,0.0,0.0,0.0,0.0,0.0,0.0,0.0
15148,2023.0,4.0,16.0,4.0,16.480415,16.48983,15.278999,15.101874,16.179684,16.002567,15.9733,15.810608,15.850986,16.176569,15.259635,15.051424,17.345701,17.116201,16.366083,16.177055,15.82948,16.068518,0.0,0.0,0.0,4.0,0.0,0.0,0.0,4.0
15149,2023.0,4.0,16.0,4.0,16.441261,16.451462,15.247738,15.071909,16.139297,15.963809,15.932304,15.7712,16.085516,16.483976,15.216838,15.010115,17.31314,17.084858,16.32674,16.138954,15.260349,14.859329,0.0,0.0,0.0,4.0,0.0,0.0,0.0,0.0
15150,2023.0,4.0,16.0,5.0,16.403053,16.41372,15.216645,15.041964,16.099407,15.925373,15.891883,15.732154,15.286476,14.88117,15.462118,15.503448,17.28073,17.053589,16.287773,16.101143,15.048843,14.62519,0.0,0.0,0.0,0.0,4.0,0.0,0.0,0.0
15151,2023.0,4.0,16.0,5.0,16.365248,16.376078,15.185928,15.012441,16.059748,15.886916,15.851548,15.692965,14.993707,14.534483,15.244662,15.03837,17.248497,17.022503,16.24887,16.063082,15.001895,14.618175,0.0,0.0,0.0,0.0,0.0,0.0,0.0,0.0
15152,2023.0,4.0,16.0,5.0,16.326616,16.339895,15.154779,14.98441,16.01955,15.850091,15.8105135,15.6553545,15.49966,15.579453,15.124123,14.923296,17.215494,16.992205,16.208963,16.025797,15.132589,14.951411,0.0,0.0,0.0,4.0,0.0,0.0,0.0,0.0
15153,2023.0,4.0,16.0,5.0,16.291428,16.306343,15.126524,14.958392,15.983339,15.816204,15.773408,15.620648,14.966297,14.584075,15.083777,14.884215,17.185558,16.96421,16.17305,15.99167,15.146552,14.982592,0.0,0.0,0.0,0.0,0.0,0.0,0.0,0.0
15154,2023.0,4.0,16.0,5.0,16.254333,16.272133,15.096581,14.931991,15.945351,15.781935,16.470682,16.965237,15.024288,14.756979,15.04461,14.848461,17.154026,16.935625,17.173681,17.910313,15.832497,16.297068,0.0,0.0,4.0,0.0,0.0,0.0,4.0,4.0
15155,2023.0,4.0,16.0,5.0,17.011875,17.731422,15.065668,14.9033785,16.654839,17.148302,16.112762,16.08229,15.062703,14.881001,15.006314,14.812194,17.122103,16.905693,17.34009,17.841127,15.450476,15.340983,0.0,4.0,0.0,0.0,0.0,0.0,4.0,0.0
15156,2023.0,4.0,16.0,6.0,17.206268,17.928663,15.0383415,14.8783865,16.234283,16.216278,15.560868,15.10711,15.623877,15.948887,15.260665,15.315636,17.863848,18.33373,16.376442,15.988394,15.73418,15.953392,0.0,0.0,0.0,4.0,4.0,4.0,0.0,4.0
15157,2023.0,4.0,16.0,6.0,20.428738,23.417055,15.010949,14.853278,20.348543,23.42509,20.167883,23.24034,20.139997,23.644619,19.984798,23.360552,21.354782,24.274364,21.843054,25.355972,20.464205,24.028969,0.0,0.0,0.0,0.0,4.0,4.0,4.0,4.0
15158,2023.0,4.0,16.0,6.0,21.120815,24.160742,15.464283,15.722328,21.107124,24.210196,21.121403,24.435768,17.608517,18.00469,19.998613,22.828665,21.663172,24.365955,22.09749,25.403418,21.148468,24.581707,4.0,4.0,0.0,4.0,4.0,4.0,4.0,4.0
15159,2023.0,4.0,16.0,6.0,21.334795,24.151073,20.188152,23.752398,21.545794,24.469963,21.54077,24.667488,20.857029,24.28311,20.104292,22.59499,22.074917,24.749857,21.876421,24.741917,20.864155,23.764524,4.0,4.0,0.0,4.0,4.0,4.0,4.0,4.0
15160,2023.0,4.0,16.0,6.0,21.932812,24.872082,20.024014,22.851936,21.834616,24.644247,21.841326,24.863539,20.91524,23.90998,20.084263,22.24258,21.912056,24.098835,22.299734,24.999874,21.419266,24.399279,4.0,4.0,0.0,0.0,4.0,4.0,4.0,0.0
15161,2023.0,4.0,16.0,6.0,21.94908,24.667223,20.098629,22.609169,22.027992,24.905798,21.687187,24.22936,17.866995,17.697315,20.09672,22.05054,21.655092,23.405672,21.584438,23.553219,18.30035,18.115236,4.0,4.0,4.0,0.0,0.0,4.0,4.0,0.0
15162,2023.0,4.0,16.0,7.0,22.227118,25.013298,20.10137,22.360193,21.951754,24.323462,21.790113,24.382324,16.449205,15.934175,17.87237,17.61032,21.57463,23.135004,22.16912,24.363443,17.620022,17.807636,0.0,4.0,4.0,0.0,0.0,4.0,0.0,4.0
15163,2023.0,4.0,16.0,7.0,20.933067,22.521402,18.0491,18.208977,20.921127,22.427975,21.065718,22.990705,17.175817,17.666908,16.957136,16.705652,21.044386,22.183048,20.894678,22.032158,20.345196,22.670652,4.0,4.0,4.0,4.0,0.0,4.0,4.0,0.0
15164,2023.0,4.0,16.0,7.0,21.187586,23.064478,20.261889,22.707357,21.18985,22.972643,21.165636,23.156414,20.333138,23.010384,16.765041,16.549334,21.134579,22.379652,21.26864,22.832703,17.892216,17.69098,4.0,4.0,0.0,0.0,0.0,0.0,4.0,0.0
15165,2023.0,4.0,16.0,7.0,21.824583,24.098778,20.056767,22.077227,21.065561,22.718576,21.092615,22.960205,17.725367,17.588655,16.974081,17.136951,21.70238,23.283434,21.081617,22.514196,17.643095,18.024977,0.0,4.0,0.0,0.0,4.0,4.0,0.0,4.0
15166,2023.0,4.0,16.0,7.0,21.079952,22.778448,17.855974,17.711172,21.067713,22.712448,21.09199,22.918018,16.4216,15.962699,20.346382,22.97399,20.953835,21.868034,21.07697,22.51128,21.680105,24.94665,0.0,4.0,0.0,0.0,0.0,0.0,0.0,0.0
15167,2023.0,4.0,16.0,7.0,21.08276,22.78842,17.366692,17.577568,21.090525,22.76346,21.068901,22.87733,16.37047,16.179316,18.238491,18.54649,21.047712,22.05827,21.076122,22.50441,18.636816,18.597757,4.0,0.0,0.0,0.0,0.0,4.0,0.0,0.0
15168,2023.0,4.0,16.0,8.0,21.162918,22.947199,20.30049,22.792803,21.162252,22.886215,21.164877,23.06552,16.317783,16.16737,17.344717,17.513428,21.135292,22.265285,21.188032,22.718508,17.007446,16.573278,0.0,0.0,0.0,0.0,4.0,0.0,0.0,0.0
15169,2023.0,4.0,16.0,8.0,19.518639,19.812485,18.31621,18.67969,19.593935,19.82623,19.333378,19.534224,16.201933,16.066555,20.337505,22.788914,19.51116,19.135965,19.54155,19.558235,16.859964,16.67417,0.0,4.0,0.0,0.0,0.0,0.0,0.0,0.0
15170,2023.0,4.0,16.0,8.0,18.576931,18.63067,17.071459,17.006079,18.211178,17.779982,18.268751,18.17282,16.098589,15.972589,18.359272,18.661207,18.734468,18.205816,18.706469,18.554432,16.756283,16.615578,0.0,0.0,0.0,0.0,0.0,0.0,0.0,0.0
15171,2023.0,4.0,16.0,8.0,18.265957,18.282627,16.772654,16.638968,17.724792,17.186583,17.932331,17.787039,16.024202,15.903209,17.431448,17.263987,18.792887,18.553858,19.461596,20.214523,16.630732,16.499321,0.0,0.0,0.0,0.0,0.0,0.0,4.0,0.0
15172,2023.0,4.0,16.0,8.0,18.049763,18.07683,16.60106,16.471329,17.473003,16.961372,17.706806,17.570436,15.958688,15.844823,17.174223,16.996716,18.739922,18.558226,18.389923,18.092733,16.513271,16.391645,0.0,0.0,0.0,0.0,0.0,0.0,0.0,0.0
15173,2023.0,4.0,16.0,8.0,17.856089,17.880781,16.449442,16.317839,17.574171,17.39275,17.505125,17.365824,15.899417,15.787479,16.979774,16.797277,18.626268,18.451237,17.87902,17.441387,16.40643,16.285944,0.0,0.0,0.0,0.0,0.0,0.0,0.0,0.0
15174,2023.0,4.0,16.0,9.0,17.695068,17.726357,16.323778,16.196966,17.47649,17.326876,17.336473,17.202908,15.850751,15.741965,16.834202,16.656702,18.525795,18.356815,17.672565,17.253506,16.316936,16.200684,0.0,0.0,0.0,0.0,0.0,0.0,0.0,0.0
15175,2023.0,4.0,16.0,9.0,17.563232,17.61052,16.22415,16.113565,17.356815,17.224945,17.199806,17.084126,15.813789,15.710416,16.723925,16.560684,18.444044,18.2852,17.752222,17.592562,16.244745,16.135971,0.0,0.0,0.0,0.0,0.0,0.0,0.0,0.0
15176,2023.0,4.0,16.0,9.0,17.44948,17.514254,16.137466,16.043264,17.249014,17.135803,17.795664,18.324915,15.785196,15.686409,16.634977,16.484716,18.376486,18.227407,17.688902,17.550379,17.154379,17.913673,0.0,0.0,4.0,0.0,0.0,0.0,0.0,4.0
15177,2023.0,4.0,16.0,9.0,17.343344,17.419474,16.056242,15.973479,17.145733,17.04525,17.952349,18.561417,15.762465,15.665711,16.55798,16.413988,19.102224,19.660978,17.6044,17.47451,20.294704,23.231707,0.0,0.0,4.0,0.0,0.0,4.0,0.0,0.0
15178,2023.0,4.0,16.0,9.0,17.246727,17.347523,15.970845,15.900043,17.739279,18.264774,17.137798,17.020084,15.7422,15.646791,16.482668,16.344503,18.440838,18.189434,17.51423,17.390331,17.793716,17.895525,0.0,4.0,0.0,0.0,0.0,0.0,0.0,0.0
15179,2023.0,4.0,16.0,9.0,17.16802,17.27749,15.906185,15.84263,17.310669,17.382687,16.733189,16.44078,15.731916,15.6362705,16.433056,16.295557,18.12363,17.741457,17.448298,17.325687,16.904522,16.60482,0.0,0.0,0.0,0.0,0.0,0.0,0.0,0.0
15180,2023.0,4.0,16.0,10.0,17.093164,17.212336,15.847891,15.794939,17.523937,17.874083,17.294579,17.632866,15.725994,15.630595,16.39341,16.259056,18.039412,17.668133,17.391333,17.272074,16.837553,16.695465,0.0,4.0,4.0,0.0,0.0,0.0,0.0,0.0
15181,2023.0,4.0,16.0,10.0,17.025772,17.153748,15.795833,15.752516,16.959568,16.803915,16.83184,16.730658,15.723432,15.627331,16.362606,16.230106,18.98041,19.534523,17.343296,17.226568,16.74734,16.62727,0.0,0.0,0.0,0.0,0.0,4.0,0.0,0.0
15182,2023.0,4.0,16.0,10.0,16.962498,17.0978,15.747157,15.712273,17.372244,17.723581,16.542572,16.320175,15.723499,15.626514,16.337677,16.206087,18.35692,18.164661,17.300629,17.185276,16.653753,16.536615,0.0,4.0,0.0,0.0,0.0,0.0,0.0,0.0
15183,2023.0,4.0,16.0,10.0,16.904364,17.046207,15.70265,15.675578,16.913471,16.821613,16.42842,16.213747,15.726085,15.628284,16.318617,16.187626,18.080547,17.748388,17.263636,17.149223,16.575632,16.460096,0.0,0.0,0.0,0.0,0.0,0.0,0.0,0.0
15184,2023.0,4.0,16.0,10.0,16.84831,16.994009,15.659386,15.637419,16.629154,16.410387,16.510431,16.476746,15.731108,15.632817,16.303915,16.172653,18.016073,17.686104,17.230482,17.11564,16.50803,16.391281,0.0,0.0,0.0,0.0,0.0,0.0,0.0,0.0
15185,2023.0,4.0,16.0,10.0,16.802126,16.957138,16.130627,16.56173,16.545443,16.354044,16.471449,16.450401,15.737847,15.638468,16.295992,16.166023,18.141993,17.98451,17.204863,17.09234,16.457657,16.345816,4.0,0.0,0.0,0.0,0.0,0.0,0.0,0.0
15186,2023.0,4.0,16.0,11.0,17.52334,18.358116,20.122286,23.393791,16.59561,16.542994,16.422928,16.412125,15.7471285,15.646651,16.292526,16.162981,18.170662,18.03458,17.182606,17.071274,16.41468,16.305447,0.0,0.0,0.0,0.0,0.0,0.0,0.0,0.0
15187,2023.0,4.0,16.0,11.0,17.149382,17.439812,18.295921,19.261541,17.305056,17.912842,16.366333,16.36184,15.759397,15.65596,16.294523,16.162691,18.165367,18.03046,17.158749,17.046202,16.369652,16.260233,4.0,4.0,0.0,0.0,0.0,0.0,0.0,0.0
15188,2023.0,4.0,16.0,11.0,16.778145,16.841852,20.27373,22.895245,16.804132,16.837833,16.318457,16.317913,15.774944,15.668719,16.30634,16.172356,18.16011,18.023386,17.141819,17.027052,16.339035,16.227535,0.0,0.0,0.0,0.0,0.0,0.0,0.0,0.0
15189,2023.0,4.0,16.0,11.0,17.346266,18.021708,18.142267,18.511415,16.427773,16.323975,16.268063,16.272806,15.793006,15.683718,16.322914,16.186365,18.154446,18.016508,17.124971,17.008469,16.308764,16.196266,0.0,0.0,0.0,0.0,0.0,0.0,0.0,0.0
15190,2023.0,4.0,16.0,11.0,16.870111,17.022573,17.24384,17.255247,16.339016,16.224392,16.225622,16.23393,15.811664,15.69971,16.343035,16.204306,18.152336,18.012499,18.208282,19.063738,16.288725,16.173996,0.0,0.0,0.0,0.0,0.0,0.0,4.0,0.0
15191,2023.0,4.0,16.0,11.0,16.634422,16.693901,16.98461,16.995518,16.3752,16.355814,16.185326,16.198017,15.830359,15.715809,16.362236,16.22156,18.956865,19.538074,17.508812,17.492865,16.272028,16.155876,0.0,0.0,0.0,0.0,0.0,4.0,0.0,0.0
15192,2023.0,4.0,16.0,12.0,16.556564,16.620882,16.78581,16.796896,16.367388,16.371777,16.14738,16.16401,15.8481455,15.731305,16.379568,16.236929,18.325691,18.164234,17.193535,16.987453,16.258572,16.141026,0.0,0.0,0.0,0.0,0.0,0.0,0.0,0.0
15193,2023.0,4.0,16.0,12.0,21.143745,24.744675,16.63151,16.64497,21.201147,24.887331,21.031956,24.757156,15.864836,15.746064,16.395088,16.25035,21.911316,24.370039,22.204927,25.537746,16.247229,16.128384,0.0,4.0,0.0,0.0,0.0,0.0,0.0,0.0
15194,2023.0,4.0,16.0,12.0,21.010359,23.969738,16.479671,16.497585,21.015575,23.991863,21.010511,24.132687,15.883834,15.762991,16.806509,17.005833,21.016537,22.59023,21.98409,24.906183,17.274155,18.081432,0.0,0.0,0.0,0.0,4.0,0.0,0.0,4.0
15195,2023.0,4.0,16.0,12.0,21.147755,23.919907,16.348835,16.368258,21.14573,23.873743,21.146317,24.03245,15.905607,15.783497,20.26876,23.012907,21.182436,22.743835,21.067541,22.904928,21.884098,25.926172,0.0,0.0,0.0,0.0,0.0,4.0,0.0,0.0
15196,2023.0,4.0,16.0,12.0,21.069744,23.547983,16.239916,16.260416,21.058819,23.428387,21.05243,23.576479,15.92965,15.8067,18.437338,18.94429,21.053364,22.368368,21.06965,22.785456,18.724398,19.094734,0.0,4.0,4.0,0.0,0.0,0.0,0.0,0.0
15197,2023.0,4.0,16.0,12.0,21.042618,23.325655,16.144854,16.164623,21.060854,23.261578,21.078413,23.477253,15.954482,15.831794,17.241625,17.152622,21.016125,22.1724,21.04952,22.650648,17.16566,16.991743,0.0,4.0,0.0,0.0,0.0,4.0,0.0,0.0
15198,2023.0,4.0,16.0,13.0,21.08221,23.299622,16.570528,17.036304,21.081884,23.200058,21.082201,23.335468,15.97819,15.856173,17.033443,16.887842,21.020365,22.110216,21.050173,22.577171,16.980545,16.854218,4.0,0.0,0.0,0.0,0.0,4.0,0.0,0.0
15199,2023.0,4.0,16.0,13.0,21.963596,24.589521,20.248863,23.357527,21.589748,23.746218,21.552753,23.812521,15.9982605,15.875436,17.37362,17.581938,21.595964,22.990664,21.465334,23.088856,16.900787,16.77768,0.0,0.0,0.0,0.0,4.0,4.0,0.0,0.0
15200,2023.0,4.0,16.0,13.0,20.911234,22.639307,18.123997,18.744389,21.057243,22.926552,20.925125,22.716438,16.019033,15.896093,20.246288,22.594727,20.949547,21.752914,20.907602,22.025911,16.828527,16.704592,0.0,0.0,0.0,0.0,0.0,0.0,0.0,0.0
15201,2023.0,4.0,16.0,13.0,21.087233,23.003181,16.7932,16.921663,21.064459,22.915583,21.092026,23.043516,16.036833,15.914781,18.921331,19.606474,21.024883,21.881266,21.069662,22.367151,16.770754,16.647532,0.0,0.0,0.0,0.0,4.0,4.0,0.0,0.0
15202,2023.0,4.0,16.0,13.0,21.058096,22.941286,16.503735,16.556408,21.03822,22.819054,21.039007,22.902529,16.05129,15.930309,20.221262,22.193933,21.044138,21.937681,21.043638,22.315775,16.72327,16.601227,0.0,4.0,4.0,0.0,0.0,0.0,0.0,0.0
15203,2023.0,4.0,16.0,13.0,21.06085,22.93543,16.81088,17.249733,21.077278,22.877447,21.070602,22.970024,16.062338,15.942763,18.631737,18.84636,21.040356,21.917847,21.046215,22.315317,16.683088,16.563204,4.0,0.0,0.0,0.0,0.0,0.0,0.0,0.0
15204,2023.0,4.0,16.0,14.0,21.154856,23.109224,20.30374,23.299564,21.160131,23.007423,21.160967,23.108786,16.070688,15.9532385,17.653658,17.449738,21.228268,22.261541,21.38739,22.962486,16.64811,16.530766,0.0,0.0,0.0,0.0,0.0,4.0,4.0,0.0
15205,2023.0,4.0,16.0,14.0,19.551603,20.004652,18.129908,18.640865,19.404303,19.599298,19.318157,19.530857,16.07644,15.96034,17.475246,17.309214,19.933558,19.773348,19.693996,19.698248,16.616919,16.502804,0.0,0.0,0.0,0.0,0.0,0.0,0.0,0.0
15206,2023.0,4.0,16.0,14.0,18.856308,19.04401,17.51949,17.85457,19.410397,19.992737,18.618483,18.626354,16.079203,15.965469,17.80262,17.982885,19.519129,19.210552,19.096153,18.845207,17.556751,18.303387,4.0,4.0,0.0,0.0,4.0,0.0,0.0,4.0
15207,2023.0,4.0,16.0,14.0,18.557262,18.727661,20.24061,22.786455,18.705534,18.753773,18.32633,18.337463,16.07769,15.966788,20.227715,22.28066,19.363605,19.061905,18.839619,18.581717,20.340727,23.093977,0.0,0.0,0.0,0.0,0.0,0.0,0.0,0.0
15208,2023.0,4.0,16.0,14.0,19.024975,19.835453,18.299234,18.714804,18.760185,19.206768,18.05053,18.06306,16.072676,15.964667,18.76815,19.14563,19.330578,19.155401,18.626266,18.378036,18.140753,18.38577,0.0,4.0,0.0,0.0,0.0,0.0,0.0,0.0
15209,2023.0,4.0,16.0,14.0,19.101854,19.951387,17.91209,18.351711,18.158283,18.118021,18.575148,19.207253,16.064905,15.959886,18.000229,17.8916,19.269924,19.116798,18.567669,18.415314,17.343788,17.18089,4.0,0.0,4.0,0.0,0.0,0.0,0.0,0.0
15210,2023.0,4.0,16.0,15.0,18.913937,19.621914,20.257095,22.563896,18.483545,18.926952,17.964973,18.034403,16.05581,15.954003,18.172915,18.37059,19.954985,20.49958,18.471567,18.337444,17.138844,16.9672,0.0,4.0,0.0,0.0,4.0,4.0,0.0,0.0
15211,2023.0,4.0,16.0,15.0,18.79398,19.488514,18.541563,19.018393,17.996258,17.991585,17.49081,17.420149,16.045723,15.94692,20.230492,22.015013,19.337786,19.16652,18.352163,18.22488,17.0368,16.921623,0.0,0.0,0.0,0.0,0.0,0.0,0.0,0.0
15212,2023.0,4.0,16.0,15.0,18.73899,19.44436,17.885414,18.354715,18.249115,18.712673,17.289492,17.202053,16.034357,15.938582,19.004095,19.419804,18.959772,18.69456,18.241064,18.118334,16.94339,16.838205,4.0,4.0,0.0,0.0,4.0,0.0,0.0,0.0
15213,2023.0,4.0,16.0,15.0,18.694036,19.3964,20.27499,22.588766,18.365494,18.906754,17.248955,17.236174,16.808147,17.410877,20.256525,21.692822,18.855923,18.589838,19.198586,20.006008,17.809513,18.54517,0.0,4.0,0.0,4.0,0.0,0.0,4.0,4.0
15214,2023.0,4.0,16.0,15.0,18.032915,18.207008,18.750296,19.35851,18.344744,18.88563,17.17562,17.181992,20.297234,23.358973,18.841349,18.94278,19.657362,20.209177,18.493235,18.397093,20.278252,22.736628,4.0,4.0,0.0,4.0,0.0,4.0,0.0,0.0
15215,2023.0,4.0,16.0,15.0,17.65224,17.73498,20.26244,22.416239,17.74629,17.794868,17.082079,17.090168,20.03855,22.42491,18.095058,17.980986,19.105486,18.9538,18.047653,17.849926,18.240427,18.447191,0.0,0.0,0.0,0.0,0.0,0.0,0.0,0.0
15216,2023.0,4.0,16.0,16.0,18.200964,18.89088,18.517006,18.839903,18.014772,18.504978,17.702532,18.329355,18.595987,19.310608,18.239504,18.430946,18.751804,18.503336,17.916058,17.715883,17.232046,17.096266,0.0,4.0,4.0,4.0,4.0,0.0,0.0,0.0
15217,2023.0,4.0,16.0,16.0,18.346708,19.075226,17.77552,17.796162,17.56217,17.61831,17.3009,17.469856,20.232704,22.35583,20.218586,21.982233,19.417887,19.839603,18.84461,19.540442,17.031742,16.872797,0.0,0.0,0.0,4.0,0.0,4.0,4.0,0.0
15218,2023.0,4.0,16.0,16.0,18.352453,19.066269,17.934896,18.334816,17.867783,18.371517,17.55264,18.09644,20.046972,21.844975,19.19429,19.75267,19.706982,20.219143,18.31758,18.290264,17.898386,18.629416,4.0,4.0,4.0,0.0,4.0,4.0,0.0,4.0
15219,2023.0,4.0,16.0,16.0,18.375212,19.097168,20.216696,22.430815,17.473911,17.529802,17.13302,17.193443,18.384449,18.519894,20.18986,21.778101,19.009113,18.859282,17.902956,17.73466,20.284077,22.63133,4.0,0.0,0.0,0.0,0.0,0.0,0.0,0.0
15220,2023.0,4.0,16.0,16.0,17.772026,17.96178,20.02338,21.829664,17.796167,18.310083,17.484478,18.024914,17.478756,17.327555,18.793081,18.904295,19.436413,19.865852,17.765839,17.585796,19.00859,19.80279,4.0,4.0,4.0,0.0,0.0,4.0,0.0,4.0
15221,2023.0,4.0,16.0,16.0,18.139725,18.855804,20.052896,21.752468,17.406485,17.467472,17.6955,18.27618,17.191925,17.018042,17.94555,17.734543,18.955372,18.807512,17.687174,17.50924,20.242363,22.265905,4.0,0.0,4.0,0.0,0.0,0.0,0.0,0.0
15222,2023.0,4.0,16.0,17.0,18.318209,19.052275,20.065228,21.699654,17.73656,18.259098,17.728777,18.307621,17.082983,16.972597,17.791178,17.656607,19.404251,19.840334,17.692299,17.586914,18.463629,18.615913,0.0,4.0,4.0,0.0,0.0,4.0,0.0,0.0
15223,2023.0,4.0,16.0,17.0,18.325258,19.049904,18.9217,19.416883,17.929691,18.491173,17.750414,18.324148,17.723536,18.278347,17.711359,17.595446,19.676138,20.199202,18.73444,19.584656,17.540789,17.392004,4.0,4.0,4.0,4.0,0.0,4.0,4.0,0.0
15224,2023.0,4.0,16.0,17.0,17.700775,17.87434,20.195034,21.8866,17.948713,18.50435,17.760874,18.329584,20.267569,22.723478,18.021406,18.252659,19.71699,20.241323,18.033304,18.038855,17.323717,17.149828,4.0,4.0,4.0,0.0,4.0,4.0,0.0,0.0
15225,2023.0,4.0,16.0,17.0,18.072945,18.778748,20.027208,21.49164,17.96128,18.511593,17.176023,17.229868,18.257692,18.467693,20.212847,22.112509,19.737915,20.255276,17.602858,17.449858,17.236637,17.133917,4.0,4.0,0.0,0.0,0.0,4.0,0.0,0.0
15226,2023.0,4.0,16.0,17.0,18.25636,18.975824,20.047998,21.488039,17.968386,18.513542,17.499086,18.023987,17.208055,17.056309,18.804707,19.111313,19.061909,18.967812,17.487467,17.317636,17.1405,17.050407,4.0,4.0,4.0,0.0,0.0,0.0,0.0,0.0
15227,2023.0,4.0,16.0,17.0,18.264114,18.971977,20.044477,21.446102,17.971373,18.511452,17.070383,17.097239,17.028109,16.93107,17.899254,17.817923,19.457582,19.913986,17.4211,17.248903,17.03671,16.948965,4.0,4.0,0.0,0.0,0.0,4.0,0.0,0.0
15228,2023.0,4.0,16.0,18.0,18.271004,18.969563,20.044767,21.418747,17.972078,18.507235,16.755728,16.692947,16.932028,16.847246,18.067709,18.308958,19.65048,20.15186,18.52211,19.387772,17.882658,18.631413,4.0,4.0,0.0,0.0,4.0,4.0,4.0,4.0
15229,2023.0,4.0,16.0,18.0,21.302008,24.2402,20.044384,21.394299,21.236002,24.179039,21.224735,24.603014,16.827278,16.743998,20.207548,22.099167,21.25949,23.00142,21.295366,23.93279,20.384289,22.826965,4.0,0.0,4.0,0.0,0.0,4.0,4.0,4.0
15230,2023.0,4.0,16.0,18.0,21.035229,23.4126,20.043907,21.37201,21.005655,23.344866,21.027065,23.735605,16.73602,16.65538,18.5974,18.702795,21.040497,22.410898,22.116648,25.098099,20.039516,21.905022,4.0,4.0,0.0,0.0,0.0,0.0,0.0,0.0
15231,2023.0,4.0,16.0,18.0,21.07793,23.27851,20.04377,21.352816,21.087751,23.287344,21.065973,23.474058,17.465128,18.106941,17.671164,17.457333,21.051716,22.30917,20.917307,22.495039,19.018448,19.714077,4.0,0.0,4.0,4.0,0.0,0.0,4.0,4.0
15232,2023.0,4.0,16.0,18.0,21.04513,23.04016,20.043625,21.336016,21.049898,23.024271,21.06062,23.252218,20.301718,22.851265,17.54931,17.43662,21.049187,22.214493,21.08772,22.745625,20.229696,22.108337,4.0,4.0,4.0,4.0,0.0,0.0,0.0,0.0
15233,2023.0,4.0,16.0,18.0,21.049007,22.940992,20.043516,21.320673,21.054358,22.915434,21.059052,23.101583,20.009888,21.956839,17.88449,18.147327,21.048609,22.148224,21.020815,22.495752,19.170822,19.83585,4.0,4.0,4.0,4.0,4.0,0.0,4.0,4.0
15234,2023.0,4.0,16.0,19.0,21.04718,22.858252,20.060995,21.355263,21.052353,22.824657,21.081432,23.056335,20.174515,22.093851,20.26037,22.262465,21.00842,22.022856,21.03037,22.454422,20.381535,22.265263,0.0,4.0,0.0,0.0,0.0,4.0,4.0,4.0
15235,2023.0,4.0,16.0,19.0,21.072151,22.865417,19.066563,19.41115,21.05136,22.7554,21.050959,22.887224,18.32578,18.367462,19.03828,19.585188,21.024727,22.023075,21.067905,22.512707,20.011871,21.423687,4.0,4.0,4.0,0.0,4.0,4.0,0.0,4.0
15236,2023.0,4.0,16.0,19.0,21.18853,23.023193,20.183155,21.72634,21.184381,22.967623,21.175558,23.069927,18.134123,18.577053,20.24375,21.979702,21.18547,22.323061,21.19557,22.72421,20.062792,21.482388,4.0,4.0,4.0,4.0,0.0,4.0,0.0,0.0
15237,2023.0,4.0,16.0,19.0,21.07091,22.761719,20.042595,21.380064,21.049288,22.649422,21.07769,22.837,20.288988,22.350786,18.61028,18.619009,21.022972,21.976725,21.020819,22.30664,19.277296,19.872444,0.0,4.0,0.0,0.0,0.0,4.0,4.0,4.0
15238,2023.0,4.0,16.0,19.0,21.038464,22.638964,19.007578,19.327688,21.049114,22.612755,21.072409,22.77761,18.924467,19.441751,17.85289,17.759428,21.02338,21.964468,21.067768,22.406914,20.146431,21.62096,4.0,4.0,0.0,4.0,0.0,4.0,0.0,4.0
15239,2023.0,4.0,16.0,19.0,21.043945,22.621769,20.211746,21.82141,21.048569,22.580118,21.07217,22.734516,20.264652,22.155334,17.67617,17.583448,21.023468,21.952682,21.059143,22.363918,20.049763,21.395245,0.0,4.0,0.0,0.0,0.0,4.0,0.0,0.0
15240,2023.0,4.0,16.0,20.0,21.042934,22.59603,18.686949,18.749105,21.072838,22.619751,21.033216,22.628927,18.986567,19.46364,17.523697,17.437225,21.02337,21.94114,21.020538,22.235493,19.29358,19.849789,0.0,0.0,4.0,4.0,0.0,4.0,4.0,4.0
15241,2023.0,4.0,16.0,20.0,21.043003,22.57431,18.387655,18.720757,21.067558,22.577015,21.078604,22.703442,20.219019,21.95019,17.770031,18.018618,21.023716,21.930643,21.027843,22.23816,20.182114,21.664406,4.0,0.0,0.0,4.0,4.0,4.0,4.0,0.0
15242,2023.0,4.0,16.0,20.0,21.042688,22.552584,20.234821,22.016516,21.067785,22.547161,21.046091,22.586094,20.168344,21.741661,20.291376,22.359142,21.024035,21.92025,21.066986,22.333933,18.56191,18.444086,0.0,0.0,4.0,4.0,0.0,4.0,0.0,0.0
15243,2023.0,4.0,16.0,20.0,21.069029,22.603855,18.834547,19.142944,21.067589,22.519623,21.076403,22.640806,20.07153,21.485714,18.954073,19.473711,21.024263,21.90976,21.059359,22.298498,17.736834,17.448595,0.0,0.0,0.0,0.0,4.0,4.0,0.0,0.0
15244,2023.0,4.0,16.0,20.0,21.063324,22.565887,18.373383,18.731367,21.052387,22.495419,21.070658,22.60205,18.45837,18.320501,20.251474,22.04247,21.054552,21.97778,21.060093,22.278954,17.452717,17.15519,4.0,0.0,0.0,0.0,0.0,0.0,0.0,0.0
15245,2023.0,4.0,16.0,20.0,21.064352,22.54187,20.246908,22.062021,21.054237,22.497952,21.071165,22.577703,17.575357,17.240812,18.769548,18.930222,21.019705,21.870678,21.060051,22.259699,17.43727,17.32613,0.0,0.0,0.0,0.0,4.0,4.0,0.0,0.0
15246,2023.0,4.0,16.0,21.0,21.037344,22.447529,18.502352,18.486437,21.053862,22.492558,21.055264,22.554913,17.263695,16.920525,20.322762,21.926115,21.055416,21.95123,21.047218,22.242548,17.362873,17.26974,0.0,0.0,0.0,0.0,0.0,0.0,0.0,0.0
15247,2023.0,4.0,16.0,21.0,21.042395,22.44699,17.89064,17.890764,21.053545,22.48545,21.0567,22.558554,17.254093,17.123753,18.56918,18.457699,21.019514,21.845644,21.009207,22.141891,17.24342,17.149807,4.0,0.0,0.0,0.0,0.0,4.0,4.0,0.0
15248,2023.0,4.0,16.0,21.0,21.170856,22.715342,20.241304,22.160933,21.028402,22.408178,21.05631,22.555243,17.188549,17.08982,17.824331,17.686493,21.13842,22.096529,21.069223,22.272755,17.135529,17.0418,0.0,4.0,0.0,0.0,0.0,0.0,0.0,0.0
15249,2023.0,4.0,16.0,21.0,21.035934,22.408873,18.795525,19.081345,21.058168,22.485119,21.056122,22.550657,17.068205,16.978409,17.67188,17.556866,21.049046,21.902231,21.019245,22.126572,17.040129,16.946169,4.0,0.0,0.0,0.0,0.0,0.0,4.0,0.0
15250,2023.0,4.0,16.0,21.0,21.041803,22.413595,20.226112,22.035892,21.068413,22.464457,21.055883,22.544827,16.948904,16.851635,17.866188,18.061838,21.019526,21.813559,21.027624,22.13504,16.955667,16.861458,0.0,0.0,0.0,0.0,4.0,4.0,4.0,0.0
15251,2023.0,4.0,16.0,21.0,21.04113,22.406364,18.798315,19.033005,21.041458,22.359806,21.055653,22.537888,17.571386,18.114079,20.29496,22.268658,21.054523,21.900543,21.066544,22.2344,16.88026,16.785519,4.0,4.0,0.0,4.0,0.0,0.0,0.0,0.0
15252,2023.0,4.0,16.0,22.0,21.040987,22.399204,20.225792,21.987444,21.046358,22.350641,21.055182,22.529058,20.309307,22.723068,18.974373,19.443216,21.048914,21.879002,21.058516,22.202188,16.81305,16.718317,0.0,4.0,0.0,4.0,4.0,0.0,0.0,0.0
15253,2023.0,4.0,16.0,22.0,21.040438,22.389732,18.502434,18.451635,21.045443,22.33516,21.055065,22.520405,20.043802,21.906252,20.266212,21.978657,21.049047,21.869276,21.058792,22.186127,17.518978,18.104658,0.0,4.0,0.0,0.0,0.0,0.0,0.0,4.0
15254,2023.0,4.0,16.0,22.0,21.066612,22.452341,17.760448,17.65917,21.070253,22.392311,21.054485,22.509933,18.144487,18.03846,18.495735,18.375317,21.035028,21.860142,21.058292,22.170479,20.311283,22.774693,0.0,0.0,0.0,0.0,0.0,0.0,0.0,4.0
15255,2023.0,4.0,16.0,22.0,21.060133,22.423454,17.609774,17.51919,21.03774,22.291634,21.053596,22.498257,17.193165,16.86592,17.762232,17.632862,21.005672,21.794292,21.04442,22.15647,20.02755,21.913218,0.0,4.0,0.0,0.0,0.0,4.0,0.0,0.0
15256,2023.0,4.0,16.0,22.0,21.060894,22.410137,17.466583,17.382729,21.069881,22.364305,21.053698,22.488981,16.945677,16.624498,17.611576,17.48712,21.055384,21.899202,21.046495,22.166668,18.119572,18.007132,0.0,0.0,0.0,0.0,0.0,0.0,0.0,0.0
15257,2023.0,4.0,16.0,22.0,21.060257,22.396399,17.331753,17.243338,21.063194,22.33638,21.053286,22.479696,16.98542,16.881935,17.44876,17.321726,21.047508,21.86701,21.04572,22.167698,17.98487,18.356924,0.0,0.0,0.0,0.0,0.0,0.0,0.0,4.0
15258,2023.0,4.0,16.0,23.0,21.045422,22.386616,17.222122,17.13779,21.06385,22.323757,21.05336,22.47199,16.934813,16.834269,17.31433,17.19208,21.048424,21.854593,21.045887,22.168106,20.355097,22.356117,0.0,0.0,0.0,0.0,0.0,0.0,0.0,0.0
15259,2023.0,4.0,16.0,23.0,19.883339,20.16779,17.120548,17.034855,19.860722,20.031944,19.733807,19.930473,16.836723,16.737122,17.192064,17.069176,20.128033,20.098093,19.844593,19.85564,18.95878,19.43888,0.0,0.0,0.0,0.0,0.0,0.0,0.0,4.0
15260,2023.0,4.0,16.0,23.0,19.300016,19.34577,17.03737,16.942854,19.201332,19.070404,19.034636,18.916615,16.757887,16.650986,17.093943,16.961166,19.743538,19.583332,19.339441,19.198528,18.587389,18.932299,0.0,0.0,0.0,0.0,0.0,0.0,0.0,4.0
15261,2023.0,4.0,16.0,23.0,19.059965,19.104956,16.964573,16.86932,18.937437,18.798353,18.763779,18.638613,16.687483,16.578922,17.328817,17.476076,19.572487,19.411322,19.11179,18.975023,18.492445,18.837635,0.0,0.0,0.0,0.0,4.0,0.0,0.0,4.0
15262,2023.0,4.0,16.0,23.0,18.880407,18.935595,16.90143,16.808949,18.7441,18.61512,18.56586,18.451307,16.625547,16.517954,17.066626,16.959547,19.432568,19.276007,18.929092,18.796991,17.724546,17.463612,0.0,0.0,0.0,0.0,0.0,0.0,0.0,0.0
15263,2023.0,4.0,16.0,23.0,18.710405,18.756817,16.83492,16.737585,18.560797,18.42182,18.379602,18.254862,16.56227,16.450005,16.915352,16.776602,19.298664,19.134459,18.759212,18.618998,17.341793,16.994665,0.0,0.0,0.0,0.0,0.0,0.0,0.0,0.0
15264,2023.0,4.0,17.0,0.0,18.57617,18.629436,16.77886,16.683311,18.416113,18.284538,18.232746,18.115616,17.089027,17.487064,16.84284,16.70529,19.188793,19.026947,18.620441,18.483818,17.911938,18.242884,0.0,0.0,0.0,4.0,0.0,0.0,0.0,4.0
15265,2023.0,4.0,17.0,0.0,18.452644,18.507652,16.72438,16.629004,18.282364,18.152832,18.096968,17.981997,16.684315,16.60432,16.774767,16.636517,19.087696,18.925447,18.49363,18.357103,17.27936,16.975115,0.0,0.0,0.0,0.0,0.0,0.0,0.0,0.0
15266,2023.0,4.0,17.0,0.0,18.335564,18.385717,16.670046,16.571758,18.155312,18.021065,17.968094,17.848337,16.511084,16.394192,17.029991,17.169022,18.992258,18.825306,18.374826,18.233376,16.997864,16.658201,0.0,0.0,0.0,0.0,4.0,0.0,0.0,0.0
15267,2023.0,4.0,17.0,0.0,18.237055,18.29062,16.622732,16.52563,18.048527,17.918644,17.859661,17.744358,16.452108,16.335762,16.77112,16.63962,18.910666,18.744476,18.273155,18.132975,16.865253,16.533392,0.0,0.0,0.0,0.0,0.0,0.0,0.0,0.0
15268,2023.0,4.0,17.0,0.0,18.142681,18.195234,16.575575,16.477123,17.94628,17.815916,17.75568,17.639929,16.396872,16.278664,16.978344,17.11538,18.833475,18.665316,18.177715,18.035784,16.964453,16.852766,0.0,0.0,0.0,0.0,4.0,0.0,0.0,0.0
15269,2023.0,4.0,17.0,0.0,18.055347,18.106672,16.529835,16.42918,17.851122,17.719296,17.65876,17.541561,16.347893,16.227737,17.051897,17.209435,18.762371,18.592201,18.090328,17.946743,16.913017,16.791504,0.0,0.0,0.0,0.0,4.0,0.0,0.0,0.0
15270,2023.0,4.0,17.0,1.0,17.982103,18.039919,16.49205,16.394901,17.772905,17.649584,17.579185,17.470596,16.306324,16.187881,16.509499,16.154762,18.701422,18.534168,18.014868,17.874762,17.584455,18.113537,0.0,0.0,0.0,0.0,0.0,0.0,0.0,4.0
15271,2023.0,4.0,17.0,1.0,17.907516,17.96487,16.450708,16.35165,17.692816,17.569822,17.497974,17.389595,16.831892,17.20835,16.277176,15.876285,18.640442,18.471416,17.940765,17.799433,16.856092,16.578882,0.0,0.0,0.0,4.0,0.0,0.0,0.0,0.0
15272,2023.0,4.0,17.0,1.0,17.834642,17.888586,16.407995,16.305208,17.614534,17.488756,17.418665,17.307348,16.435272,16.334488,16.41111,16.244923,18.58073,18.407919,17.868963,17.724167,16.578516,16.240776,0.0,0.0,0.0,0.0,0.0,0.0,0.0,0.0
15273,2023.0,4.0,17.0,1.0,17.76505,17.814444,16.365053,16.257786,17.53954,17.409853,17.342365,17.227121,16.077194,15.738767,16.41753,16.263102,18.523396,18.34632,17.800703,17.652029,16.466356,16.1246,0.0,0.0,0.0,0.0,0.0,0.0,0.0,0.0
15274,2023.0,4.0,17.0,1.0,17.704714,17.755383,16.32706,16.219378,17.474699,17.347332,17.27611,17.16337,15.955119,15.609522,16.376139,16.22114,19.212648,19.694626,17.739996,17.591654,16.580786,16.447275,0.0,0.0,0.0,0.0,0.0,4.0,0.0,0.0
15275,2023.0,4.0,17.0,1.0,17.644218,17.69315,16.28779,16.1775,17.41011,17.28165,17.20987,17.096237,16.073902,15.929667,16.332788,16.17531,18.420542,18.041079,17.679977,17.529816,16.568777,16.439318,0.0,0.0,0.0,0.0,0.0,0.0,0.0,0.0
15276,2023.0,4.0,17.0,2.0,17.58194,17.62481,16.246082,16.129957,17.344133,17.209906,17.14208,17.022781,16.082209,15.946689,16.605665,16.723326,18.118101,17.63793,17.619078,17.463802,16.518316,16.383507,0.0,0.0,0.0,0.0,4.0,0.0,0.0,0.0
15277,2023.0,4.0,17.0,2.0,17.530453,17.575777,16.212675,16.09817,17.289663,17.158653,17.08619,16.970148,16.05054,15.915581,16.356522,16.197111,18.02422,17.551907,17.566717,17.412773,16.474947,16.341171,0.0,0.0,0.0,0.0,0.0,0.0,0.0,0.0
15278,2023.0,4.0,17.0,2.0,17.479658,17.525286,16.179684,16.065453,17.236034,17.106087,17.031475,16.916323,16.018932,15.883762,16.262548,16.09964,18.23725,18.066145,17.515676,17.361609,16.431648,16.297691,0.0,0.0,0.0,0.0,0.0,0.0,0.0,0.0
15279,2023.0,4.0,17.0,2.0,17.43419,17.483189,16.149942,16.038275,17.188122,17.062504,16.982758,16.871807,15.989159,15.85548,16.514288,16.60885,18.228115,18.045807,17.46919,17.317274,17.124737,17.639536,0.0,0.0,0.0,0.0,4.0,0.0,0.0,4.0
15280,2023.0,4.0,17.0,2.0,17.387484,17.436552,16.118786,16.007399,17.139061,17.014297,16.93303,16.82269,15.958467,15.824544,16.28802,16.13151,18.191751,18.009144,17.422318,17.270132,17.416058,18.030567,0.0,0.0,0.0,0.0,0.0,0.0,0.0,4.0
15281,2023.0,4.0,17.0,2.0,17.345095,17.396635,16.090267,15.980808,17.094664,16.973194,16.888494,16.781076,15.930112,15.7974205,16.195404,16.03575,18.158016,17.97698,17.379408,17.229015,16.532188,16.250443,0.0,0.0,0.0,0.0,0.0,0.0,0.0,0.0
15282,2023.0,4.0,17.0,3.0,17.302174,17.354074,16.060877,15.951971,17.049915,16.929564,16.84377,16.737072,15.901455,15.768819,16.151701,15.992885,18.122694,17.941923,17.336512,17.186243,16.995985,17.312801,0.0,0.0,0.0,0.0,0.0,0.0,0.0,4.0
15283,2023.0,4.0,17.0,3.0,17.259865,17.311325,16.030777,15.92136,17.005861,16.885767,16.799627,16.692947,15.872887,15.739591,16.10923,15.9498825,18.087238,17.905935,17.294615,17.143974,16.407846,16.091763,0.0,0.0,0.0,0.0,0.0,0.0,0.0,0.0
15284,2023.0,4.0,17.0,3.0,17.217588,17.26772,15.999855,15.889113,16.961882,16.841095,16.75552,16.647945,16.423592,16.797836,16.3621,16.456026,18.051437,17.869041,17.253057,17.101467,16.929035,17.24053,0.0,0.0,0.0,4.0,4.0,0.0,0.0,4.0
15285,2023.0,4.0,17.0,3.0,17.183691,17.239727,15.969582,15.857823,16.919409,16.798407,16.712893,16.604944,16.046423,15.955839,16.157534,16.018139,18.016443,17.833364,17.212849,17.06077,16.349974,16.029669,0.0,0.0,0.0,0.0,0.0,0.0,0.0,0.0
15286,2023.0,4.0,17.0,3.0,17.156456,17.220078,15.939236,15.825895,16.877243,16.755377,16.670696,16.561676,15.894653,15.758324,16.047775,15.88416,17.981379,17.79719,17.172934,17.019905,16.874456,17.181269,0.0,0.0,0.0,0.0,0.0,0.0,0.0,4.0
15287,2023.0,4.0,17.0,3.0,17.11752,17.177582,15.906248,15.788629,16.832739,16.706825,16.626116,16.512877,15.84716,15.707156,16.001534,15.83443,17.944897,17.757858,17.131998,16.976343,17.04247,17.36725,0.0,0.0,0.0,0.0,0.0,0.0,0.0,4.0
15288,2023.0,4.0,17.0,4.0,17.08307,17.144173,15.879254,15.763449,16.795935,16.672934,16.58945,16.47892,15.809564,15.671293,15.962813,15.798029,17.912704,17.726885,17.095581,16.941301,16.340555,16.01148,0.0,0.0,0.0,0.0,0.0,0.0,0.0,0.0
15289,2023.0,4.0,17.0,4.0,17.044231,17.10191,15.846918,15.727552,16.753477,16.626976,16.547138,16.432892,15.771543,15.630388,15.9209585,15.752752,17.877283,17.689156,17.056156,16.899698,16.095064,15.720284,0.0,0.0,0.0,0.0,0.0,0.0,0.0,0.0
15290,2023.0,4.0,17.0,4.0,17.010586,17.069605,15.820581,15.703517,16.718317,16.594942,16.51185,16.400677,15.7399,15.600357,15.88624,15.720384,17.846064,17.659542,17.021065,16.866255,16.7498,17.050673,0.0,0.0,0.0,0.0,0.0,0.0,0.0,4.0
15291,2023.0,4.0,17.0,4.0,16.97525,17.033575,15.791898,15.67461,16.68095,16.557802,16.47419,16.363247,16.279911,16.641357,15.850304,15.684382,17.813509,17.626978,16.98489,16.830158,16.181377,15.852035,0.0,0.0,0.0,4.0,0.0,0.0,0.0,0.0
15292,2023.0,4.0,17.0,4.0,16.93791,16.99297,15.760152,15.639449,16.64051,16.513994,16.433483,16.319109,16.542948,17.004282,15.812194,15.64328,17.778885,17.590136,16.94686,16.790047,15.956117,15.584084,0.0,0.0,0.0,4.0,0.0,0.0,0.0,0.0
15293,2023.0,4.0,17.0,4.0,16.906668,16.963501,15.734703,15.616623,16.607372,16.484283,16.39999,16.289108,16.361189,16.550404,15.780355,15.614097,17.748583,17.561842,16.913237,16.758472,16.851212,17.38209,0.0,0.0,0.0,4.0,0.0,0.0,0.0,4.0
15294,2023.0,4.0,17.0,5.0,16.873432,16.929255,15.70621,15.587467,16.571033,16.447678,16.36322,16.252111,15.772254,15.450076,15.746023,15.579358,17.7161,17.529034,16.8776,16.722576,16.160793,15.86507,0.0,0.0,0.0,0.0,0.0,0.0,0.0,0.0
15295,2023.0,4.0,17.0,5.0,16.83915,16.892609,15.67609,15.555003,16.533493,16.408222,17.063951,17.5985,16.118095,16.251406,15.710688,15.542271,18.444176,18.933916,16.840967,16.684542,15.882524,15.512245,0.0,0.0,4.0,4.0,0.0,4.0,0.0,0.0
15296,2023.0,4.0,17.0,5.0,16.804728,16.856049,15.645642,15.522279,16.496256,16.369223,16.640022,16.658829,15.657585,15.301664,15.675354,15.505464,17.649593,17.2598,16.804314,16.646818,15.783642,15.4133,0.0,0.0,0.0,0.0,0.0,0.0,0.0,0.0
15297,2023.0,4.0,17.0,5.0,16.768484,16.8159,15.613323,15.485985,16.457333,16.32659,16.079353,15.652518,15.431894,15.03223,15.944939,16.039854,17.359339,16.868053,16.765785,16.605694,15.931852,15.794812,0.0,0.0,0.0,0.0,4.0,0.0,0.0,0.0
15298,2023.0,4.0,17.0,5.0,17.51719,18.252975,16.066534,16.357712,16.421078,16.289373,15.912108,15.451698,15.93003,16.049677,16.046152,16.165268,18.070341,18.295334,16.729021,16.568447,15.921555,15.776317,4.0,0.0,0.0,4.0,4.0,4.0,0.0,0.0
15299,2023.0,4.0,17.0,5.0,17.702465,18.433064,16.230837,16.57259,16.383438,16.249325,16.103397,15.926257,16.071451,16.198736,15.7660885,15.618595,18.218431,18.435345,16.690937,16.52873,16.614403,17.112879,4.0,0.0,0.0,4.0,0.0,4.0,0.0,4.0
15300,2023.0,4.0,17.0,6.0,17.445229,17.841202,15.567475,15.256936,16.346916,16.21094,16.142658,16.01347,15.548094,15.195948,15.645313,15.468584,18.254812,18.459894,16.653585,16.490355,15.883345,15.555315,0.0,0.0,0.0,0.0,0.0,4.0,0.0,0.0
15301,2023.0,4.0,17.0,6.0,21.278477,24.489521,15.245416,14.766435,21.214602,24.780607,21.033154,24.602913,15.929511,16.057362,15.5971365,15.421278,21.01726,23.260912,21.935036,25.348267,16.398155,16.698235,0.0,4.0,0.0,4.0,0.0,0.0,0.0,4.0
15302,2023.0,4.0,17.0,6.0,21.017195,23.562778,15.874301,16.080671,21.017601,23.854874,21.01215,23.97407,20.431257,23.605583,15.841068,15.916783,21.01225,22.892836,22.272562,25.49175,20.397224,23.497171,4.0,0.0,0.0,0.0,4.0,4.0,0.0,4.0
15303,2023.0,4.0,17.0,6.0,21.904816,24.760399,20.251053,23.53802,22.071407,25.149813,21.840515,24.833563,17.49101,17.462294,20.34569,23.58674,21.815626,23.95562,21.743845,24.212076,20.937298,23.68401,0.0,4.0,4.0,0.0,4.0,4.0,0.0,4.0
15304,2023.0,4.0,17.0,6.0,20.921535,22.769682,18.192303,18.935831,20.914698,22.826782,21.029398,23.308258,16.336803,16.179625,20.018919,22.460842,20.940853,22.211824,20.925388,22.521456,21.6703,24.776749,4.0,4.0,4.0,0.0,4.0,4.0,0.0,0.0
15305,2023.0,4.0,17.0,6.0,22.061197,24.684032,20.289978,23.02912,21.171112,23.201061,21.155285,23.382502,16.200993,16.048815,20.100977,22.263294,21.693304,23.465574,21.193192,22.995792,19.23776,19.619003,4.0,4.0,0.0,0.0,0.0,4.0,0.0,4.0
15306,2023.0,4.0,17.0,7.0,20.923603,22.471703,20.031176,22.18956,21.06526,22.887442,21.066944,23.04338,16.091608,15.943566,17.864012,17.692501,20.957632,21.984581,21.059958,22.672962,20.250933,22.082685,4.0,4.0,4.0,0.0,0.0,4.0,0.0,4.0
15307,2023.0,4.0,17.0,7.0,21.081484,22.770521,20.09679,22.109715,21.065615,22.80984,21.069767,22.94772,16.00492,15.8618765,17.407494,17.60459,21.081827,22.23026,21.060528,22.626358,20.016115,21.514591,0.0,4.0,4.0,0.0,4.0,0.0,0.0,4.0
15308,2023.0,4.0,17.0,7.0,21.163774,22.93919,17.97206,17.869993,21.163708,22.96395,21.162687,23.077133,15.938606,15.803545,20.312286,22.628605,21.127645,22.292364,21.275816,22.990294,21.299578,23.625309,0.0,0.0,0.0,0.0,0.0,0.0,4.0,4.0
15309,2023.0,4.0,17.0,7.0,21.076897,22.739466,17.059582,16.906342,21.056877,22.675112,21.060411,22.787184,16.6243,17.148169,18.70132,19.206533,21.061546,22.130901,21.081478,22.565935,19.912289,20.966068,0.0,4.0,4.0,4.0,4.0,0.0,0.0,4.0
15310,2023.0,4.0,17.0,7.0,21.04989,22.643656,16.867992,16.741148,21.06099,22.645443,21.064575,22.749727,21.511072,25.39483,20.274366,22.332827,21.030554,22.027533,21.070414,22.496403,20.90359,22.75985,0.0,4.0,4.0,0.0,0.0,4.0,0.0,0.0
15311,2023.0,4.0,17.0,7.0,21.079803,22.707712,16.684317,16.561533,21.05902,22.612158,21.08677,22.777754,18.28762,18.43148,18.489746,18.605658,21.064383,22.100428,21.069979,22.454256,19.058195,18.904457,0.0,4.0,0.0,0.0,4.0,0.0,0.0,0.0
15312,2023.0,4.0,17.0,8.0,21.04678,22.603998,16.531322,16.412174,21.082626,22.654312,21.080656,22.73118,16.593874,16.258097,20.377413,22.244364,21.0576,22.06507,21.053528,22.415485,17.807596,17.376175,0.0,0.0,0.0,0.0,0.0,0.0,0.0,0.0
15313,2023.0,4.0,17.0,8.0,19.310217,19.296677,16.405235,16.28851,19.25688,19.128925,19.186195,19.072706,16.478935,16.326315,18.352547,18.239752,19.63266,19.306913,19.62381,19.65271,17.441952,17.02921,0.0,0.0,0.0,0.0,0.0,0.0,0.0,0.0
15314,2023.0,4.0,17.0,8.0,18.51526,18.195774,16.315426,16.195492,18.363455,17.850096,18.59943,18.429455,16.438425,16.31522,17.737076,17.509924,19.370907,19.14863,19.025446,18.84812,17.480902,17.309288,0.0,0.0,0.0,0.0,0.0,0.0,0.0,0.0
15315,2023.0,4.0,17.0,8.0,18.200481,17.892199,16.235006,16.118706,18.35206,18.169462,18.338747,18.191347,16.362898,16.241943,17.577145,17.377604,19.247023,19.05143,18.767889,18.589266,17.392233,17.244919,0.0,0.0,0.0,0.0,0.0,0.0,0.0,0.0
15316,2023.0,4.0,17.0,8.0,18.276764,18.296793,16.165215,16.054672,18.189003,18.037884,18.108732,17.970049,16.299444,16.179432,17.414896,17.222155,19.111002,18.921938,18.573732,18.400879,17.281103,17.139296,0.0,0.0,0.0,0.0,0.0,0.0,0.0,0.0
15317,2023.0,4.0,17.0,8.0,18.16227,18.21226,16.104136,16.002514,18.729816,19.216932,17.923449,17.801176,16.247406,16.129503,17.674608,17.83172,18.999388,18.818642,18.419802,18.2573,17.18362,17.048685,0.0,4.0,0.0,0.0,4.0,0.0,0.0,0.0
15318,2023.0,4.0,17.0,9.0,18.026842,18.087038,16.046919,15.952254,17.996042,17.803411,17.757751,17.645634,16.20307,16.084778,20.269707,22.38341,18.901688,18.724838,18.287521,18.130495,17.096083,16.96413,0.0,0.0,0.0,0.0,0.0,0.0,0.0,0.0
15319,2023.0,4.0,17.0,9.0,17.869905,17.929768,15.988045,15.900305,18.08753,18.278355,17.585897,17.48342,16.158787,16.040314,18.643068,18.92189,18.802355,18.629126,18.153332,18.000687,17.005964,16.87668,0.0,4.0,0.0,0.0,0.0,0.0,0.0,0.0
15320,2023.0,4.0,17.0,9.0,17.757273,17.819443,15.943696,15.860096,18.173826,18.444817,18.171581,18.696333,16.131174,16.010092,17.849964,17.677555,18.733225,18.558985,18.057667,17.904106,16.941917,16.811184,0.0,4.0,4.0,0.0,0.0,0.0,0.0,0.0
15321,2023.0,4.0,17.0,9.0,18.417461,19.158566,15.903325,15.826116,17.504465,17.229282,17.700693,17.76221,16.109562,15.987139,17.635685,17.43889,18.674173,18.501383,17.975153,17.823698,16.886806,16.756641,0.0,0.0,0.0,0.0,0.0,0.0,0.0,0.0
15322,2023.0,4.0,17.0,9.0,18.571318,19.351067,15.86544,15.793663,17.208143,16.851885,17.152443,16.840523,16.09396,15.969392,17.493216,17.2912,18.624352,18.451004,17.903831,17.751965,16.84006,16.708685,0.0,0.0,0.0,0.0,0.0,0.0,0.0,0.0
15323,2023.0,4.0,17.0,9.0,17.73643,17.742771,15.832019,15.767881,17.76345,18.019287,16.965317,16.64739,16.084513,15.958875,17.392609,17.196163,18.584719,18.41343,17.845127,17.696316,16.802374,16.67221,0.0,4.0,0.0,0.0,0.0,0.0,0.0,0.0
15324,2023.0,4.0,17.0,10.0,17.385231,17.261463,16.289417,16.658693,17.259506,17.03691,17.039804,16.930782,16.078665,15.951604,17.306507,17.111246,18.54982,18.378729,17.791943,17.643515,16.76848,16.637789,4.0,0.0,0.0,0.0,0.0,0.0,0.0,0.0
15325,2023.0,4.0,17.0,10.0,17.248837,17.133673,20.151464,23.27867,17.015188,16.72598,17.017414,16.954182,16.077402,15.951036,17.238808,17.048283,18.523174,18.35561,17.748688,17.60381,16.741747,16.613129,0.0,0.0,0.0,0.0,0.0,0.0,0.0,0.0
15326,2023.0,4.0,17.0,10.0,17.153437,17.069033,18.385807,19.284306,16.9018,16.632298,16.945742,16.895226,16.078955,15.953378,17.177433,16.993376,18.49762,18.333065,17.704966,17.56322,16.715342,16.588623,4.0,0.0,0.0,0.0,0.0,0.0,0.0,0.0
15327,2023.0,4.0,17.0,10.0,17.245138,17.342087,20.239569,22.796003,17.699274,18.229424,16.885418,16.843153,16.086077,15.961133,17.143185,16.961643,19.271679,19.816916,17.673695,17.533644,16.697966,16.572128,0.0,4.0,0.0,0.0,0.0,4.0,0.0,0.0
15328,2023.0,4.0,17.0,10.0,17.248466,17.379616,18.4151,18.949291,17.289722,17.245575,16.821405,16.789074,16.095577,15.971131,17.111734,16.935928,18.922256,18.936409,17.643324,17.505703,16.681524,16.557055,4.0,0.0,0.0,0.0,0.0,0.0,0.0,0.0
15329,2023.0,4.0,17.0,10.0,17.203304,17.3423,20.225426,22.41754,16.96601,16.769524,16.769384,16.744509,16.108112,15.984119,17.09611,16.922913,19.25658,19.601744,17.622572,17.486298,16.67166,16.547747,4.0,0.0,0.0,0.0,0.0,4.0,0.0,0.0
15330,2023.0,4.0,17.0,11.0,17.163654,17.31893,20.03331,21.901587,16.835148,16.640182,16.712128,16.693073,16.123116,16.000128,17.081572,16.911575,19.492,19.918737,17.601149,17.4657,16.662373,16.538877,0.0,0.0,0.0,0.0,0.0,4.0,0.0,0.0
15331,2023.0,4.0,17.0,11.0,17.120438,17.284033,18.307192,18.490501,16.883121,16.829103,16.66259,16.652578,16.13655,16.01128,17.072342,16.903929,18.803305,18.556305,17.583197,17.448563,16.655252,16.531303,0.0,0.0,0.0,0.0,0.0,0.0,0.0,0.0
15332,2023.0,4.0,17.0,11.0,17.079447,17.244953,17.63957,17.616856,16.879053,16.858967,17.355272,17.996344,16.151224,16.024513,17.071049,16.902395,18.564606,18.223047,17.569118,17.43353,16.651154,16.525846,0.0,0.0,4.0,0.0,0.0,0.0,0.0,0.0
15333,2023.0,4.0,17.0,11.0,17.040472,17.209204,17.411594,17.40263,16.8392,16.826193,16.92599,17.056902,16.949734,17.515453,17.071241,16.902765,18.510508,18.175602,17.556955,17.420874,16.648966,16.52261,0.0,0.0,0.0,4.0,0.0,0.0,0.0,0.0
15334,2023.0,4.0,17.0,11.0,17.004257,17.176392,17.667576,18.050278,17.509926,18.123285,16.590124,16.506203,20.28463,23.27492,17.07259,16.90393,19.22681,19.571152,17.546776,17.41037,16.648836,16.521576,4.0,4.0,0.0,0.0,0.0,4.0,0.0,0.0
15335,2023.0,4.0,17.0,11.0,17.679085,18.473589,20.269333,22.640661,17.8129,18.491104,16.455822,16.356676,18.003315,18.291676,17.073856,16.905567,18.801744,18.571045,17.536844,17.400377,16.648813,16.521017,0.0,4.0,0.0,0.0,0.0,0.0,0.0,0.0
15336,2023.0,4.0,17.0,12.0,17.340118,17.627644,18.558758,19.059938,17.160372,17.205435,16.474426,16.466064,16.82663,16.644043,17.078243,16.909967,18.542702,18.232016,17.528599,17.39238,16.648754,16.520739,0.0,0.0,0.0,0.0,0.0,0.0,0.0,0.0
15337,2023.0,4.0,17.0,12.0,21.237032,24.55647,17.67531,17.718567,21.286085,24.556364,21.184029,24.788475,17.530966,18.095518,17.083878,16.914732,22.123129,24.333534,22.400723,25.92414,16.647264,16.51807,0.0,4.0,0.0,4.0,0.0,0.0,0.0,0.0
15338,2023.0,4.0,17.0,12.0,21.024368,23.68368,17.348516,17.361132,21.029585,23.621777,21.00995,23.903301,20.278742,22.771883,17.087234,16.91777,21.001513,22.32609,20.900787,22.751013,16.646221,16.516157,0.0,0.0,0.0,0.0,0.0,0.0,0.0,0.0
15339,2023.0,4.0,17.0,12.0,21.072079,23.50971,17.583904,17.982113,21.08608,23.43963,21.082254,23.706844,18.252546,18.454369,17.08804,16.919104,21.041615,22.268826,21.07628,22.886635,16.647953,16.518473,4.0,0.0,0.0,0.0,0.0,0.0,0.0,0.0
15340,2023.0,4.0,17.0,12.0,21.150055,23.483751,20.284464,22.725416,21.148254,23.363585,21.1459,23.589926,17.192087,16.986166,17.087175,16.919867,21.145664,22.378918,21.193054,22.968319,16.651756,16.523857,0.0,0.0,4.0,0.0,0.0,0.0,0.0,0.0
15341,2023.0,4.0,17.0,12.0,21.063452,23.179867,18.366302,18.701336,21.063251,23.072895,21.075027,23.31149,17.044346,16.896486,17.087267,16.921833,21.034609,22.082626,21.04912,22.565763,16.6558,16.530186,0.0,0.0,0.0,0.0,0.0,0.0,0.0,0.0
15342,2023.0,4.0,17.0,13.0,21.05973,23.080702,17.20481,17.120604,21.061575,22.981606,21.0772,23.179476,16.98693,16.846786,17.084976,16.922441,21.032942,22.02766,21.046383,22.480078,16.659092,16.536331,0.0,0.0,0.0,0.0,0.0,0.0,0.0,0.0
15343,2023.0,4.0,17.0,13.0,21.130024,23.138397,17.031982,17.024662,21.131763,23.04158,21.16038,23.225971,16.919182,16.779404,17.078556,16.9179,21.071394,22.05918,21.10225,22.520288,16.66005,16.53946,0.0,0.0,0.0,0.0,0.0,0.0,0.0,0.0
15344,2023.0,4.0,17.0,13.0,21.048733,22.926407,17.398085,17.83226,21.025475,22.761992,21.027248,22.894484,16.865435,16.729671,17.069784,16.911585,21.027792,21.943846,21.037592,22.348366,16.65925,16.540838,4.0,4.0,4.0,0.0,0.0,0.0,0.0,0.0
15345,2023.0,4.0,17.0,13.0,21.059862,22.906784,20.282753,22.8494,21.06593,22.827103,21.082024,22.96289,16.817608,16.684885,17.059391,16.903786,21.032719,21.931274,21.006979,22.225113,16.657274,16.541216,0.0,0.0,0.0,0.0,0.0,0.0,4.0,0.0
15346,2023.0,4.0,17.0,13.0,21.057446,22.867964,18.47743,19.003775,21.06912,22.777313,21.048065,22.825558,17.570772,18.146107,17.051268,16.897976,21.001883,21.83281,21.061047,22.324705,16.654285,16.540531,0.0,0.0,4.0,4.0,0.0,4.0,0.0,0.0
15347,2023.0,4.0,17.0,13.0,21.030804,22.765745,17.33757,17.429825,21.067394,22.728874,21.077303,22.866074,20.277363,22.73812,17.043106,16.892178,21.015293,21.833485,21.05081,22.268923,16.65106,16.539333,0.0,0.0,0.0,0.0,0.0,4.0,0.0,0.0
15348,2023.0,4.0,17.0,14.0,21.061184,22.825542,17.04481,17.072292,21.05584,22.690332,21.046337,22.74978,18.287985,18.4865,17.034693,16.885511,21.043299,21.889526,21.051146,22.23771,16.648169,16.53803,0.0,0.0,4.0,0.0,0.0,0.0,0.0,0.0
15349,2023.0,4.0,17.0,14.0,19.482344,19.753893,16.888437,16.909773,19.639242,19.9536,19.366772,19.53498,17.2859,17.126856,17.028296,16.88192,19.976011,19.805971,19.76676,19.74169,16.647388,16.539738,0.0,0.0,0.0,0.0,0.0,0.0,0.0,0.0
15350,2023.0,4.0,17.0,14.0,18.790514,18.801718,16.787592,16.80553,18.923254,18.926672,19.234968,19.665178,17.172293,17.042452,17.024208,16.880236,20.322386,20.670347,19.315876,19.166042,16.647972,16.542566,0.0,0.0,4.0,0.0,0.0,4.0,0.0,0.0
15351,2023.0,4.0,17.0,14.0,18.642414,18.780676,16.70229,16.724598,18.634956,18.622564,19.156902,19.642012,17.119255,16.997534,17.021038,16.87907,19.698248,19.450268,19.125097,18.978233,16.647839,16.544123,0.0,0.0,4.0,0.0,0.0,0.0,0.0,0.0
15352,2023.0,4.0,17.0,14.0,19.230293,20.052164,17.106054,17.5494,18.422096,18.409021,19.032688,19.530035,17.063427,16.942514,17.01857,16.878235,19.4437,19.139656,18.970938,18.825274,16.647013,16.544588,4.0,0.0,4.0,0.0,0.0,0.0,0.0,0.0
15353,2023.0,4.0,17.0,14.0,19.156485,19.857975,20.259108,23.01287,18.92499,19.507002,18.375946,18.407196,17.017069,16.89777,17.016653,16.87832,19.344196,19.052147,18.845938,18.705711,16.645437,16.544271,0.0,4.0,0.0,0.0,0.0,0.0,0.0,0.0
15354,2023.0,4.0,17.0,15.0,19.042307,19.730307,18.41534,19.019108,19.095572,19.763653,17.92976,17.862328,16.96975,16.852951,17.017582,16.881159,19.354446,19.181368,18.718605,18.583261,16.641968,16.542253,0.0,4.0,0.0,0.0,0.0,0.0,0.0,0.0
15355,2023.0,4.0,17.0,15.0,19.00185,19.690947,17.463444,17.540321,18.933733,19.471682,18.39977,18.888697,17.685747,18.231459,17.018812,16.88355,20.102428,20.644642,19.657856,20.442259,16.635563,16.53615,0.0,4.0,4.0,4.0,0.0,4.0,4.0,0.0
15356,2023.0,4.0,17.0,15.0,18.963037,19.654919,17.661516,18.086712,18.850498,19.379553,17.931505,17.994587,20.244122,22.638678,17.016954,16.883318,20.180971,20.665407,18.856424,18.756496,16.627266,16.52845,4.0,4.0,0.0,4.0,0.0,4.0,0.0,0.0
15357,2023.0,4.0,17.0,15.0,18.934631,19.641378,20.274233,22.661057,18.791449,19.324684,17.54892,17.501953,20.007458,21.833677,17.011223,16.87977,20.18369,20.654146,18.418106,18.208967,16.616316,16.518587,0.0,4.0,0.0,4.0,0.0,4.0,0.0,0.0
15358,2023.0,4.0,17.0,15.0,18.907219,19.617502,18.449795,18.835508,18.74097,19.277458,17.385336,17.328266,20.03634,21.674484,17.004738,16.875639,20.211264,20.68218,19.285948,19.949677,16.603348,16.507153,0.0,4.0,0.0,4.0,0.0,4.0,4.0,0.0
15359,2023.0,4.0,17.0,15.0,18.878643,19.58795,17.435707,17.518164,18.699312,19.238174,17.334581,17.344597,20.059875,21.596096,16.99446,16.868599,19.480246,19.28689,18.674593,18.546234,16.588343,16.494099,0.0,4.0,0.0,0.0,0.0,0.0,0.0,0.0
15360,2023.0,4.0,17.0,16.0,18.85509,19.564253,17.183723,17.22646,18.088917,18.135477,17.270144,17.294886,19.202925,19.799198,16.98003,16.85794,19.164032,18.904171,18.304491,18.10567,16.571547,16.479885,0.0,0.0,0.0,4.0,0.0,0.0,0.0,0.0
15361,2023.0,4.0,17.0,16.0,18.835861,19.540535,17.05316,17.084688,18.426807,18.912527,17.909975,18.555523,20.135069,21.562132,16.96071,16.840921,19.80933,20.208714,18.197393,17.994165,17.508245,18.266693,0.0,4.0,4.0,4.0,0.0,4.0,0.0,4.0
15362,2023.0,4.0,17.0,16.0,18.81415,19.514252,17.378677,17.800432,18.563965,19.098951,17.552246,17.71268,20.044966,21.349548,16.936384,16.819069,19.323137,19.142551,18.104813,17.904287,20.296898,22.879637,4.0,4.0,0.0,0.0,0.0,0.0,0.0,4.0
15363,2023.0,4.0,17.0,16.0,18.797522,19.497423,20.281376,22.83549,18.540861,19.072489,17.803137,18.350616,18.747108,18.809467,17.31298,17.55401,19.751394,20.148975,19.148876,19.96097,20.035076,22.062965,0.0,4.0,4.0,0.0,4.0,4.0,4.0,0.0
15364,2023.0,4.0,17.0,16.0,18.785519,19.48452,18.482883,18.994114,18.517141,19.044363,17.377815,17.43803,18.665884,19.077839,20.251535,22.675396,19.25903,19.078241,18.565985,18.544693,18.246498,18.39214,0.0,4.0,0.0,4.0,0.0,0.0,0.0,0.0
15365,2023.0,4.0,17.0,16.0,18.7686,19.46254,17.389084,17.497551,18.494177,19.016888,17.047369,17.000813,20.194057,21.818317,18.568758,18.99432,18.94958,18.690804,18.107086,17.930704,18.267159,18.93172,0.0,4.0,0.0,0.0,0.0,0.0,0.0,4.0
15366,2023.0,4.0,17.0,17.0,18.749676,19.436047,17.558496,17.98254,18.471458,18.989552,16.929697,16.865025,19.273289,19.85073,17.515915,17.473434,18.848822,18.588861,17.956585,17.763422,20.225958,22.279541,4.0,4.0,0.0,4.0,0.0,0.0,0.0,4.0
15367,2023.0,4.0,17.0,17.0,18.724348,19.396715,20.2816,22.733227,18.444038,18.952375,16.920935,16.919926,20.172415,21.717838,17.27464,17.169283,18.761402,18.497929,17.861061,17.662794,20.00853,21.667562,0.0,4.0,0.0,0.0,0.0,0.0,0.0,4.0
15368,2023.0,4.0,17.0,17.0,18.710218,19.380184,18.687109,19.28443,18.414658,18.912706,16.893818,16.903141,18.705559,18.75931,17.17054,17.062517,19.578062,20.127626,17.86521,17.750439,20.033367,21.592468,4.0,4.0,0.0,0.0,0.0,4.0,0.0,4.0
15369,2023.0,4.0,17.0,17.0,18.684404,19.338919,20.265026,22.44019,18.385826,18.873417,16.845228,16.851532,17.885214,17.680056,17.484798,17.726515,19.762815,20.242523,17.839907,17.737858,20.065014,21.59414,0.0,4.0,0.0,0.0,4.0,4.0,0.0,0.0
15370,2023.0,4.0,17.0,17.0,18.66089,19.306828,18.7602,19.259247,18.35747,18.834625,17.505846,18.126844,17.707653,17.58082,20.228973,22.523678,19.063017,18.914883,17.788527,17.689053,18.52046,18.548567,4.0,4.0,4.0,0.0,4.0,0.0,0.0,0.0
15371,2023.0,4.0,17.0,17.0,18.644915,19.285454,20.255398,22.267271,18.328941,18.795576,17.798775,18.467058,17.585798,17.47243,20.01946,21.773996,18.702097,18.429314,17.734867,17.63657,17.677473,17.46079,4.0,4.0,4.0,0.0,4.0,0.0,0.0,0.0
15372,2023.0,4.0,17.0,18.0,18.614388,19.237518,20.019691,21.642452,18.299543,18.755112,17.103363,17.09144,17.453089,17.341053,20.068142,21.664059,19.338882,19.738531,17.681198,17.583206,17.386719,17.155647,4.0,4.0,0.0,0.0,0.0,4.0,0.0,0.0
15373,2023.0,4.0,17.0,18.0,21.282679,23.900963,20.071705,21.652681,21.254353,23.919199,21.222897,24.489382,17.332478,17.220573,18.818367,19.082552,21.245783,22.98397,21.486471,24.22856,17.304333,17.18101,0.0,0.0,4.0,0.0,4.0,4.0,0.0,0.0
15374,2023.0,4.0,17.0,18.0,21.013205,23.098967,18.835667,19.176811,21.029457,23.157095,21.030748,23.646252,17.225029,17.113754,20.2242,21.938194,21.04059,22.39624,22.193184,25.048025,17.198336,17.08602,4.0,0.0,0.0,0.0,0.0,0.0,4.0,0.0
15375,2023.0,4.0,17.0,18.0,21.054012,22.99962,20.218086,22.011318,21.05599,22.97845,21.090029,23.449858,17.92448,18.522034,18.874882,19.11055,21.024645,22.206114,20.882528,22.350681,17.079985,16.971432,4.0,4.0,0.0,4.0,4.0,4.0,0.0,0.0
15376,2023.0,4.0,17.0,18.0,21.07353,22.932291,20.027328,21.500912,21.0773,22.897629,21.057219,23.15269,20.288921,22.510107,20.272923,21.882805,21.056498,22.195786,21.054544,22.556053,16.976038,16.870058,4.0,0.0,4.0,0.0,4.0,0.0,4.0,0.0
15377,2023.0,4.0,17.0,18.0,21.067831,22.822273,20.07042,21.516224,21.047394,22.711884,21.061237,23.01465,18.818419,19.291168,20.025328,21.32692,21.05076,22.110292,21.06794,22.534632,16.884228,16.781126,0.0,4.0,4.0,4.0,4.0,0.0,0.0,0.0
15378,2023.0,4.0,17.0,19.0,21.041615,22.674448,18.861126,19.110268,21.051975,22.645416,21.059433,22.905155,20.281689,22.204306,20.067394,21.32717,21.050987,22.055542,21.023827,22.353756,16.80154,16.70111,4.0,4.0,4.0,0.0,0.0,0.0,4.0,0.0
15379,2023.0,4.0,17.0,19.0,21.04602,22.630163,20.21728,21.896854,21.050922,22.586048,21.08287,22.890072,18.957548,19.371397,18.600199,18.44351,21.038269,22.015017,21.070807,22.431376,16.725286,16.627562,4.0,4.0,0.0,4.0,0.0,0.0,0.0,0.0
15380,2023.0,4.0,17.0,19.0,21.071638,22.659504,20.045233,21.452547,21.075428,22.60837,21.07723,22.809156,20.257708,21.999937,17.93594,17.763926,21.009869,21.927128,21.062159,22.372532,17.664043,18.47169,0.0,0.0,0.0,0.0,0.0,4.0,0.0,4.0
15381,2023.0,4.0,17.0,19.0,21.03956,22.535448,18.841808,19.055683,21.045153,22.484663,21.052586,22.683075,19.012989,19.375305,17.75086,17.596415,21.02823,21.93549,21.06298,22.338684,20.313877,22.850304,4.0,4.0,4.0,4.0,0.0,4.0,0.0,0.0
15382,2023.0,4.0,17.0,19.0,21.071924,22.589787,20.218224,21.873476,21.05053,22.462912,21.056847,22.649197,20.248154,21.801044,17.557587,17.400663,21.05686,21.991117,21.023403,22.203575,18.665447,19.221827,4.0,4.0,4.0,4.0,0.0,0.0,4.0,4.0
15383,2023.0,4.0,17.0,19.0,21.039103,22.473114,20.029406,21.379812,21.049904,22.43483,21.056236,22.613369,20.047218,21.375835,17.385786,17.229025,21.022139,21.8784,21.070705,22.31047,20.270742,22.38057,4.0,4.0,4.0,0.0,0.0,4.0,0.0,4.0
15384,2023.0,4.0,17.0,20.0,21.071533,22.534824,20.072975,21.407898,21.074965,22.480198,21.05604,22.582449,19.016354,19.284792,17.639174,17.838299,21.057964,21.954765,21.062353,22.272789,20.04798,21.760431,0.0,0.0,4.0,4.0,4.0,0.0,0.0,0.0
15385,2023.0,4.0,17.0,20.0,21.039064,22.425447,18.498909,18.336674,21.044672,22.37272,21.05574,22.554228,20.398355,21.993376,20.353533,22.386623,21.052465,21.923773,21.023758,22.148603,18.15309,17.963926,0.0,4.0,4.0,4.0,4.0,0.0,4.0,0.0
15386,2023.0,4.0,17.0,20.0,21.071516,22.49234,18.291624,18.53531,21.075409,22.433447,21.055092,22.527214,20.045452,21.276834,20.034262,21.62256,21.022465,21.828035,21.0715,22.26304,17.22082,16.839102,4.0,0.0,4.0,0.0,0.0,4.0,0.0,0.0
15387,2023.0,4.0,17.0,20.0,21.038734,22.386076,20.212362,22.008125,21.044481,22.329182,21.08019,22.573292,19.045479,19.266876,18.252935,18.024801,21.058573,21.912231,21.023214,22.123735,16.93759,16.553305,0.0,4.0,0.0,4.0,0.0,0.0,4.0,0.0
15388,2023.0,4.0,17.0,20.0,21.044981,22.38497,19.071388,19.586466,21.075428,22.394527,21.050318,22.467627,20.242897,21.599216,17.528376,17.320784,21.053213,21.886755,21.031828,22.13427,17.977173,18.725584,4.0,0.0,4.0,4.0,0.0,0.0,4.0,4.0
15389,2023.0,4.0,17.0,20.0,21.07104,22.444407,20.23876,21.919987,21.044569,22.293745,21.080742,22.52826,20.01993,21.154018,17.388275,17.202602,21.053944,21.874125,21.071104,22.23467,20.29142,22.517853,0.0,4.0,0.0,4.0,0.0,0.0,0.0,0.0
15390,2023.0,4.0,17.0,21.0,21.039072,22.34228,18.751787,18.860088,21.075651,22.362185,21.074757,22.492958,20.04269,21.150473,17.604992,17.756319,21.03779,21.861618,21.063545,22.203049,18.042267,17.859003,4.0,0.0,0.0,4.0,4.0,0.0,0.0,0.0
15391,2023.0,4.0,17.0,21.0,21.044846,22.342482,20.229282,21.925257,21.069658,22.333134,21.075346,22.472147,20.069584,21.190441,20.375565,22.421108,21.009626,21.797941,21.064123,22.187101,17.94097,18.367085,0.0,0.0,0.0,0.0,4.0,4.0,0.0,4.0
15392,2023.0,4.0,17.0,21.0,21.070927,22.404978,18.405863,18.210894,21.044994,22.247921,21.030561,22.3816,18.493795,18.130508,20.026686,21.58627,21.061546,21.901909,21.06391,22.171465,20.330467,22.342934,0.0,4.0,4.0,0.0,4.0,0.0,0.0,4.0
15393,2023.0,4.0,17.0,21.0,21.065575,22.378998,17.646767,17.432344,21.07527,22.31901,21.062841,22.477562,17.634249,17.11448,20.08211,21.524323,21.054188,21.866478,21.008432,22.051762,21.169052,23.735418,0.0,0.0,0.0,0.0,0.0,0.0,4.0,0.0
15394,2023.0,4.0,17.0,21.0,21.06642,22.365765,17.498535,17.306593,21.069445,22.293598,21.076254,22.465263,18.054955,18.179739,18.308182,17.988789,21.05477,21.850122,21.074018,22.197708,18.658976,18.46743,0.0,0.0,0.0,4.0,0.0,0.0,0.0,0.0
15395,2023.0,4.0,17.0,21.0,21.047739,22.352528,17.774445,17.96379,21.050322,22.281027,21.074411,22.432316,20.34078,22.036392,17.607838,17.358473,21.037624,21.835394,21.063274,22.1601,17.409239,16.94631,4.0,0.0,0.0,0.0,0.0,0.0,0.0,0.0
15396,2023.0,4.0,17.0,22.0,21.049778,22.368252,20.2338,22.32573,21.052843,22.299492,21.05454,22.41041,18.338654,18.033625,17.463514,17.245941,21.039673,21.850185,21.064232,22.146435,17.060266,16.591364,4.0,0.0,0.0,0.0,0.0,0.0,0.0,0.0
15397,2023.0,4.0,17.0,22.0,21.049395,22.37418,20.023201,21.626846,21.05225,22.30576,21.057026,22.4245,17.990532,18.043724,17.274649,17.050648,21.03945,21.855618,21.021965,22.022705,17.119778,16.944618,4.0,0.0,0.0,4.0,0.0,0.0,4.0,0.0
15398,2023.0,4.0,17.0,22.0,21.049871,22.378641,20.081017,21.577017,21.052505,22.309584,21.05688,22.429335,20.344938,22.0673,17.118277,16.899979,21.039503,21.858458,21.07194,22.147766,17.793545,18.28156,0.0,0.0,0.0,0.0,0.0,0.0,0.0,4.0
15399,2023.0,4.0,17.0,22.0,21.049566,22.378237,18.317577,18.074924,21.05248,22.310099,21.031935,22.361736,18.321901,18.009985,16.9803,16.764544,21.039524,21.859024,21.063354,22.120935,20.280453,22.480148,0.0,0.0,4.0,0.0,0.0,0.0,0.0,4.0
15400,2023.0,4.0,17.0,22.0,21.050135,22.377518,17.604208,17.36736,21.052359,22.308756,21.062153,22.446426,18.281956,18.650661,16.855951,16.639034,21.009262,21.779696,21.064167,22.111935,20.049059,21.778328,0.0,0.0,0.0,4.0,0.0,4.0,0.0,0.0
15401,2023.0,4.0,17.0,22.0,21.049665,22.375378,17.445175,17.23325,21.052374,22.306227,21.077002,22.43122,20.283188,22.008919,16.744825,16.528751,21.062744,21.87677,21.047207,22.101994,18.046307,17.741697,0.0,0.0,0.0,0.0,0.0,0.0,0.0,0.0
15402,2023.0,4.0,17.0,23.0,21.049479,22.371866,17.271809,17.059355,21.052366,22.303034,21.074806,22.39447,18.255907,17.924303,16.642115,16.424995,21.024904,21.755999,21.04954,22.120432,17.081106,16.591846,0.0,0.0,0.0,0.0,0.0,4.0,0.0,0.0
15403,2023.0,4.0,17.0,23.0,19.82227,20.013779,17.12324,16.912354,19.773874,19.847254,19.713667,19.798367,17.274496,16.749573,16.551455,16.336302,20.290556,20.335976,19.787495,19.703722,16.807701,16.330196,0.0,0.0,0.0,0.0,0.0,4.0,0.0,0.0
15404,2023.0,4.0,17.0,23.0,19.22742,19.179451,17.015062,16.801785,19.106054,18.882748,19.013487,18.805895,17.338152,17.10401,16.770935,16.807508,19.412407,18.841805,19.268717,19.04848,16.923283,16.725945,0.0,0.0,0.0,0.0,4.0,0.0,0.0,0.0
15405,2023.0,4.0,17.0,23.0,18.975504,18.922085,16.91914,16.710968,18.829786,18.592066,18.71515,18.496902,17.287596,17.0844,16.564291,16.39107,19.040833,18.4052,20.035929,20.721611,16.879625,16.703009,0.0,0.0,0.0,0.0,0.0,0.0,4.0,0.0
15406,2023.0,4.0,17.0,23.0,18.784174,18.735542,16.832684,16.628479,18.62563,18.39148,18.491014,18.277275,17.735424,18.018751,16.700058,16.73174,18.830736,18.202291,18.90314,18.46503,17.49246,17.933916,0.0,0.0,0.0,4.0,4.0,0.0,0.0,4.0
15407,2023.0,4.0,17.0,23.0,18.618233,18.57007,16.750782,16.548264,18.449123,18.214937,18.297215,18.083426,17.293388,17.110403,16.491255,16.314196,18.661808,18.0433,18.394121,17.842459,16.961523,16.808641,0.0,0.0,0.0,0.0,0.0,0.0,0.0,0.0
15408,2023.0,4.0,18.0,0.0,18.473875,18.426863,16.67537,16.474388,18.295013,18.062119,18.129154,17.916206,17.372469,17.386917,16.349031,16.137648,18.870325,18.615158,18.168627,17.625637,16.493385,16.062145,0.0,0.0,0.0,4.0,0.0,0.0,0.0,0.0
15409,2023.0,4.0,18.0,0.0,18.351326,18.311646,16.608665,16.412716,18.163717,17.93909,17.986897,17.78222,16.84402,16.39716,16.280401,16.06985,19.57774,19.992218,18.286459,18.057512,17.0648,17.29022,0.0,0.0,0.0,0.0,0.0,4.0,0.0,4.0
15410,2023.0,4.0,18.0,0.0,18.23985,18.205866,16.54583,16.354128,18.044134,17.826164,17.857714,17.659613,16.583015,16.0914,16.2213,16.012627,18.698627,18.187927,18.231426,18.026684,16.470118,16.05759,0.0,0.0,0.0,0.0,0.0,0.0,0.0,0.0
15411,2023.0,4.0,18.0,0.0,18.136019,18.105488,16.48561,16.296926,17.93325,17.719433,17.738163,17.544016,17.326818,17.649044,16.167044,15.959282,18.366625,17.778696,18.127583,17.92517,16.218143,15.785856,0.0,0.0,0.0,4.0,0.0,0.0,0.0,0.0
15412,2023.0,4.0,18.0,0.0,18.035791,18.003914,16.425873,16.237118,17.826515,17.61175,17.623306,17.427675,17.578642,17.962175,16.43256,16.502567,18.24002,17.656889,18.02491,17.820024,16.108435,15.6818,0.0,0.0,0.0,4.0,4.0,0.0,0.0,0.0
15413,2023.0,4.0,18.0,0.0,17.953411,17.930014,16.37595,16.193375,17.73842,17.533525,17.528847,17.343426,16.7312,16.2982,16.204279,16.01982,18.451136,18.193798,17.936903,17.737663,16.258614,16.08291,0.0,0.0,0.0,0.0,0.0,0.0,0.0,0.0
15414,2023.0,4.0,18.0,1.0,17.868053,17.843483,16.322989,16.1403,17.646858,17.441658,17.431,17.244806,16.412107,15.920442,16.39966,16.471666,18.463152,18.225569,17.847977,17.646694,16.255945,16.087355,0.0,0.0,0.0,0.0,4.0,0.0,0.0,0.0
15415,2023.0,4.0,18.0,1.0,17.79432,17.7751,16.276972,16.098478,17.568327,17.369562,17.34738,17.167631,16.295319,15.815728,16.14936,15.948167,18.416176,18.182425,17.77047,17.572369,16.212584,16.045881,0.0,0.0,0.0,0.0,0.0,0.0,0.0,0.0
15416,2023.0,4.0,18.0,1.0,17.721815,17.704779,16.231094,16.05454,17.49173,17.295807,17.26609,17.08894,16.482847,16.29982,16.046402,15.84247,18.369322,18.13668,17.696264,17.49908,16.169287,16.00342,0.0,0.0,0.0,0.0,0.0,0.0,0.0,0.0
15417,2023.0,4.0,18.0,1.0,17.653109,17.63808,16.186316,16.010983,17.418995,17.224977,17.18909,17.013588,16.469753,16.282097,15.996913,15.793664,18.323284,18.09162,17.626886,17.430624,16.126667,15.961612,0.0,0.0,0.0,0.0,0.0,0.0,0.0,0.0
15418,2023.0,4.0,18.0,1.0,17.589685,17.578033,16.14491,15.972592,17.352728,17.162931,17.119093,16.94775,16.425484,16.2395,15.952376,15.751084,18.27997,18.050116,17.562714,17.368422,16.086178,15.92261,0.0,0.0,0.0,0.0,0.0,0.0,0.0,0.0
15419,2023.0,4.0,18.0,1.0,17.529642,17.521214,16.104984,15.9356,17.29003,17.104242,17.053007,16.88562,16.38165,16.197353,15.911808,15.712369,18.238447,18.01037,17.502245,17.30986,16.047134,15.885029,0.0,0.0,0.0,0.0,0.0,0.0,0.0,0.0
15420,2023.0,4.0,18.0,2.0,17.473879,17.469818,16.067984,15.903003,17.23247,17.052492,16.99249,16.830973,16.339378,16.157656,16.192663,16.275208,18.19937,17.97377,17.445871,17.256203,16.010117,15.850057,0.0,0.0,0.0,0.0,4.0,0.0,0.0,0.0
15421,2023.0,4.0,18.0,2.0,17.417728,17.414883,16.028751,15.864403,17.174133,16.99614,16.931515,16.771992,16.296314,16.114746,15.952271,15.761445,18.159328,17.933676,17.39016,17.200941,15.97231,15.812187,0.0,0.0,0.0,0.0,0.0,0.0,0.0,0.0
15422,2023.0,4.0,18.0,2.0,17.359247,17.353405,15.986057,15.817999,17.112717,16.931585,16.867628,16.70473,16.25135,16.067396,15.853836,15.653491,18.117558,17.88958,17.33357,17.142189,15.932973,15.770848,0.0,0.0,0.0,0.0,0.0,0.0,0.0,0.0
15423,2023.0,4.0,18.0,2.0,17.305191,17.298923,15.946761,15.777785,17.056599,16.875658,16.809416,16.646645,16.208794,16.024103,15.8082285,15.607052,18.077759,17.848906,17.280212,17.088339,15.895279,15.732381,0.0,0.0,0.0,0.0,0.0,0.0,0.0,0.0
15424,2023.0,4.0,18.0,2.0,17.255993,17.252401,15.911299,15.744696,17.006145,16.829166,16.75717,16.59846,16.75526,17.087355,15.767256,15.567882,18.040274,17.812387,17.230356,17.04006,15.85957,15.697494,0.0,0.0,0.0,4.0,0.0,0.0,0.0,0.0
15425,2023.0,4.0,18.0,2.0,17.205196,17.200851,15.873133,15.705555,16.953402,16.776306,16.702633,16.54377,16.33844,16.177654,15.72573,15.525287,18.001286,17.772459,17.179604,16.9887,15.82255,15.659641,0.0,0.0,0.0,0.0,0.0,0.0,0.0,0.0
15426,2023.0,4.0,18.0,3.0,17.154095,17.146873,15.833943,15.663754,16.900175,16.720947,16.647705,16.486616,16.189962,16.002481,16.00155,16.077625,17.9614,17.730494,17.128572,16.935759,15.78474,15.619984,0.0,0.0,0.0,0.0,4.0,0.0,0.0,0.0
15427,2023.0,4.0,18.0,3.0,17.10773,17.101133,15.798188,15.62814,16.851889,16.67406,16.598078,16.438408,16.711086,17.029972,15.766629,15.574859,17.923649,17.692623,17.080837,16.888508,16.478191,16.956833,0.0,0.0,0.0,4.0,0.0,0.0,0.0,4.0
15428,2023.0,4.0,18.0,3.0,17.060385,17.052328,15.761233,15.589427,16.802603,16.623972,16.547792,16.387157,16.034695,15.613905,15.658445,15.4526615,17.884584,17.65219,17.03229,16.839024,15.984938,15.868932,0.0,0.0,0.0,0.0,0.0,0.0,0.0,0.0
15429,2023.0,4.0,18.0,3.0,17.023046,17.02234,15.723091,15.548019,16.752512,16.571163,16.497026,16.333405,15.764086,15.286193,15.611486,15.403923,17.844135,17.609074,16.982788,16.787098,16.294174,16.529623,0.0,0.0,0.0,0.0,0.0,0.0,0.0,4.0
15430,2023.0,4.0,18.0,3.0,16.988527,16.994284,15.6872425,15.511142,16.705975,16.524471,16.45004,16.286057,15.665077,15.190971,15.566224,15.358071,17.805372,17.569448,16.935781,16.739716,15.670261,15.268307,0.0,0.0,0.0,0.0,0.0,0.0,0.0,0.0
15431,2023.0,4.0,18.0,3.0,16.943323,16.945591,15.648644,15.468682,16.65693,16.47186,16.400604,16.23283,15.860374,15.671544,15.51965,15.307773,17.7642,17.52513,16.886665,16.687716,15.452526,15.026103,0.0,0.0,0.0,0.0,0.0,0.0,0.0,0.0
15432,2023.0,4.0,18.0,4.0,16.901728,16.904257,15.613982,15.433967,16.612982,16.428688,16.356144,16.18911,15.859738,15.66517,15.477579,15.265854,17.725819,17.48653,16.841038,16.642363,16.108805,16.349371,0.0,0.0,0.0,0.0,0.0,0.0,0.0,4.0
15433,2023.0,4.0,18.0,4.0,16.859917,16.862059,15.57923,15.398847,16.569098,16.384928,16.311655,16.14472,15.824763,15.630041,15.435541,15.223422,17.687122,17.447392,16.795336,16.59652,15.546777,15.152849,0.0,0.0,0.0,0.0,0.0,0.0,0.0,0.0
15434,2023.0,4.0,18.0,4.0,16.81563,16.814068,15.541566,15.357365,16.522253,16.334276,16.264305,16.093437,15.78531,15.58779,15.391085,15.175298,17.64621,17.403522,16.74767,16.546074,15.328319,14.901364,0.0,0.0,0.0,0.0,0.0,0.0,0.0,0.0
15435,2023.0,4.0,18.0,4.0,16.776077,16.774881,15.509226,15.326212,16.481434,16.29501,16.22295,16.053654,15.747676,15.5505295,15.351645,15.136568,17.608652,17.366179,16.703724,16.502542,15.501844,15.339491,0.0,0.0,0.0,0.0,0.0,0.0,0.0,0.0
15436,2023.0,4.0,18.0,4.0,16.735182,16.732475,15.474221,15.289378,16.438238,16.2503,16.17902,16.008268,15.7084675,15.510102,15.310671,15.094028,17.569944,17.32619,16.659044,16.45688,15.483083,15.305989,0.0,0.0,0.0,0.0,0.0,0.0,0.0,0.0
15437,2023.0,4.0,18.0,4.0,16.695618,16.692234,15.440888,15.255693,16.39702,16.209044,16.137127,15.966407,15.670145,15.47139,15.27138,15.054326,17.532198,17.287931,16.615541,16.413105,15.445726,15.268174,0.0,0.0,0.0,0.0,0.0,0.0,0.0,0.0
15438,2023.0,4.0,18.0,5.0,16.656391,16.652283,15.407756,15.222193,16.356285,16.168232,16.095802,15.925049,15.632148,15.433016,15.232681,15.015228,17.49474,17.249973,16.572577,16.369873,15.408115,15.230159,0.0,0.0,0.0,0.0,0.0,0.0,0.0,0.0
15439,2023.0,4.0,18.0,5.0,16.617956,16.613575,15.375253,15.189784,16.316439,16.12876,16.055422,15.8850565,15.594945,15.395917,15.195006,14.97767,17.458109,17.213428,16.530556,16.328064,15.370624,15.192723,0.0,0.0,0.0,0.0,0.0,0.0,0.0,0.0
15440,2023.0,4.0,18.0,5.0,16.58204,16.579489,15.34565,15.162938,16.279839,16.0953,16.018375,15.851193,16.145176,16.462414,15.160165,14.945172,17.423536,17.180634,16.490747,16.29013,15.335141,15.158889,0.0,0.0,0.0,4.0,0.0,0.0,0.0,0.0
15441,2023.0,4.0,18.0,5.0,17.314411,17.987148,15.314423,15.132595,16.241817,16.058533,15.979903,15.813995,15.760318,15.614037,15.124481,14.9104595,17.3884,17.146381,17.475399,18.178404,15.299306,15.123899,0.0,0.0,0.0,0.0,0.0,0.0,4.0,0.0
15442,2023.0,4.0,18.0,5.0,16.855139,16.970423,15.282599,15.10087,16.203432,16.0204,15.940875,15.775334,15.594236,15.397909,15.088501,14.8746805,18.102488,18.525633,16.550049,16.185528,15.2632475,15.087996,0.0,0.0,0.0,0.0,0.0,4.0,0.0,0.0
15443,2023.0,4.0,18.0,5.0,16.304855,15.991748,15.25067,15.068826,16.165482,15.982269,15.901917,15.736469,15.5431185,15.3468685,15.053039,14.839205,18.37796,18.89935,17.276592,17.75291,15.935492,16.382156,0.0,0.0,0.0,0.0,0.0,4.0,4.0,4.0
15444,2023.0,4.0,18.0,6.0,16.869297,17.163736,15.704174,15.943621,16.127941,15.9441805,15.863161,15.697478,15.496556,15.299993,15.3058605,15.340409,18.11466,18.276102,17.493958,17.961807,16.241446,16.7974,4.0,0.0,0.0,0.0,4.0,4.0,4.0,4.0
15445,2023.0,4.0,18.0,6.0,21.194353,24.556091,19.838081,22.978926,20.979958,24.45425,20.765074,24.292147,16.047203,16.371693,19.68552,22.809704,20.612398,22.674255,21.088182,24.182867,20.329268,23.797018,0.0,0.0,0.0,4.0,0.0,0.0,0.0,4.0
15446,2023.0,4.0,18.0,6.0,21.017982,23.73067,17.951595,18.694042,20.993484,23.88068,21.022486,24.137215,20.249104,23.50366,17.487564,17.902885,21.173626,23.317139,22.323627,25.71773,20.04536,22.7507,4.0,4.0,4.0,0.0,0.0,0.0,4.0,0.0
15447,2023.0,4.0,18.0,6.0,22.132723,25.221281,20.265364,23.221588,22.077967,25.300308,21.953596,25.270908,17.359344,17.284128,15.963588,15.77353,21.647081,23.886442,22.235586,25.045923,17.95705,18.337027,0.0,0.0,0.0,0.0,0.0,4.0,0.0,4.0
15448,2023.0,4.0,18.0,6.0,20.904099,22.815279,18.298841,18.964396,20.911615,22.907547,20.921959,23.096571,15.922493,15.453081,15.986351,16.010672,20.98446,22.406115,20.894596,22.470007,20.354025,23.00939,4.0,4.0,4.0,0.0,4.0,4.0,0.0,4.0
15449,2023.0,4.0,18.0,6.0,21.95166,24.452858,20.348366,22.995499,21.288477,23.504467,21.248135,23.59256,15.918366,15.703143,20.431221,23.458149,21.837023,23.70912,21.74937,24.064478,21.236483,24.080677,4.0,4.0,0.0,0.0,0.0,4.0,4.0,0.0
15450,2023.0,4.0,18.0,7.0,20.910114,22.497166,20.039524,22.108767,21.07132,22.952833,21.095085,23.149334,15.9025955,15.700475,17.914705,18.259699,20.942606,21.991737,21.094986,22.728903,18.429487,18.297539,4.0,4.0,0.0,0.0,0.0,4.0,0.0,0.0
15451,2023.0,4.0,18.0,7.0,21.092512,22.845669,20.084831,22.009794,21.072243,22.868711,21.049784,22.981953,15.82252,15.624137,16.818333,16.936619,21.061996,22.204432,21.07946,22.6422,17.786789,18.13028,4.0,4.0,4.0,0.0,4.0,4.0,0.0,4.0
15452,2023.0,4.0,18.0,7.0,21.487875,23.266443,20.094341,21.910368,21.070616,22.799221,21.102905,23.019125,16.510118,16.977615,20.39853,23.020145,21.119549,22.299227,21.080235,22.594654,21.569862,24.71118,0.0,4.0,0.0,4.0,4.0,4.0,0.0,0.0
15453,2023.0,4.0,18.0,7.0,21.030857,22.626032,18.28304,18.314428,21.068972,22.743752,21.067743,22.85972,21.453327,25.223946,20.04491,22.147484,21.046574,22.125374,21.022732,22.445929,18.512245,18.360415,4.0,4.0,4.0,4.0,0.0,4.0,4.0,0.0
15454,2023.0,4.0,18.0,7.0,21.170277,22.901045,20.249922,22.345531,21.16104,22.886032,21.165176,23.02268,20.038023,22.324322,18.03845,18.025639,21.142439,22.29276,21.1943,22.777912,17.87607,18.1968,4.0,4.0,0.0,0.0,4.0,4.0,0.0,4.0
15455,2023.0,4.0,18.0,7.0,21.059135,22.668299,20.056046,21.79899,21.065926,22.659206,21.08953,22.825003,17.632675,17.399242,20.375793,22.553795,21.069841,22.139633,21.036312,22.395542,21.790592,24.935383,0.0,4.0,0.0,0.0,0.0,0.0,4.0,0.0
15456,2023.0,4.0,18.0,8.0,21.059553,22.660286,18.06164,17.87357,21.089651,22.69786,21.067888,22.785065,16.473278,15.977287,18.006588,17.81538,21.063833,22.097599,21.083424,22.492855,18.789295,18.693836,0.0,0.0,0.0,0.0,0.0,0.0,0.0,0.0
15457,2023.0,4.0,18.0,8.0,19.674345,19.999187,17.186039,16.957937,19.120365,18.896708,19.36758,19.520208,16.437523,16.190872,16.989536,16.729939,19.502598,19.074123,19.214163,18.87277,17.193289,16.738213,0.0,0.0,0.0,0.0,0.0,0.0,0.0,0.0
15458,2023.0,4.0,18.0,8.0,18.516346,18.148771,16.996857,16.786623,18.184788,17.572493,18.525541,18.3313,16.413345,16.214773,16.837513,16.596666,18.893929,18.262354,18.47593,17.918636,17.09615,16.856812,0.0,0.0,0.0,0.0,0.0,0.0,0.0,0.0
15459,2023.0,4.0,18.0,8.0,18.061522,17.647947,16.82103,16.621565,18.833744,19.152214,18.17608,17.970694,16.330889,16.143387,16.695803,16.46412,18.958048,18.640833,18.429493,18.152582,16.980804,16.781199,0.0,4.0,0.0,0.0,0.0,0.0,0.0,0.0
15460,2023.0,4.0,18.0,8.0,18.513273,18.750187,16.667328,16.47649,18.597202,18.70323,17.917961,17.719784,16.254385,16.072826,16.572432,16.34733,19.677557,20.119495,18.294767,18.06235,16.837446,16.64793,0.0,4.0,0.0,0.0,0.0,4.0,0.0,0.0
15461,2023.0,4.0,18.0,8.0,17.87516,17.610588,16.533792,16.354156,17.778278,17.325472,17.707949,17.521944,16.186432,16.010927,16.467278,16.249784,18.80548,18.37102,18.133728,17.914711,16.711382,16.530588,0.0,0.0,0.0,0.0,0.0,0.0,0.0,0.0
15462,2023.0,4.0,18.0,9.0,17.5234,17.182083,16.898289,17.150896,17.398857,16.866182,17.52255,17.343142,16.125223,15.9532,16.37353,16.160202,18.413427,17.859356,17.986622,17.773872,16.597202,16.420893,4.0,0.0,0.0,0.0,0.0,0.0,0.0,0.0
15463,2023.0,4.0,18.0,9.0,17.363506,17.058414,20.187618,22.968811,17.871109,17.938772,18.057772,18.494808,16.073114,15.905789,16.294235,16.086565,19.026611,19.160875,17.862024,17.659912,16.50102,16.332697,0.0,4.0,4.0,0.0,0.0,4.0,0.0,0.0
15464,2023.0,4.0,18.0,9.0,17.450367,17.418503,18.187347,18.648972,17.389343,17.018642,17.645792,17.659346,16.019194,15.855999,16.213684,16.013113,18.582914,18.20029,17.731548,17.537205,16.400106,16.23772,0.0,0.0,0.0,0.0,0.0,0.0,0.0,0.0
15465,2023.0,4.0,18.0,9.0,17.42827,17.451754,17.135153,17.023178,17.069075,16.611267,17.040953,16.65416,15.981054,15.819294,16.160612,15.962078,19.040285,19.23114,17.633293,17.441202,16.325394,16.164549,0.0,0.0,0.0,0.0,0.0,4.0,0.0,0.0
15466,2023.0,4.0,18.0,9.0,17.343616,17.378838,16.861036,16.723753,17.152868,16.948616,16.797491,16.387774,15.947594,15.789253,16.114967,15.921769,18.44618,18.04554,17.545778,17.359852,16.259266,16.103264,0.0,0.0,0.0,0.0,0.0,0.0,0.0,0.0
15467,2023.0,4.0,18.0,9.0,17.259241,17.29964,16.66905,16.52805,17.118774,16.966644,16.892155,16.738707,15.916827,15.760383,16.072899,15.882553,18.172422,17.68783,17.464853,17.281023,16.198296,16.044062,0.0,0.0,0.0,0.0,0.0,0.0,0.0,0.0
15468,2023.0,4.0,18.0,10.0,17.186604,17.23929,16.536041,16.41193,17.75719,18.249731,17.560919,18.072626,15.891203,15.739281,16.432854,16.594336,18.853853,19.078714,17.397165,17.221346,16.147425,15.999646,0.0,4.0,4.0,0.0,4.0,4.0,0.0,0.0
15469,2023.0,4.0,18.0,10.0,17.115463,17.175741,16.418245,16.303968,17.940723,18.510128,17.12235,17.170511,15.866903,15.718403,20.223513,23.10911,18.331593,17.996775,17.334368,17.164251,16.099993,15.956606,0.0,4.0,0.0,0.0,0.0,0.0,0.0,0.0
15470,2023.0,4.0,18.0,10.0,17.789831,18.516413,16.300257,16.195,17.170921,17.025738,16.574097,16.30916,15.841227,15.696252,18.177776,18.609123,18.75887,19.002687,17.269754,17.105057,16.050375,15.911441,0.0,0.0,0.0,0.0,0.0,4.0,0.0,0.0
15471,2023.0,4.0,18.0,10.0,17.987976,18.760784,16.214207,16.111195,16.782541,16.455757,16.390142,16.081745,15.821412,15.678899,17.141693,16.960722,18.225555,17.893986,17.218498,17.056831,16.010992,15.874494,0.0,0.0,0.0,0.0,0.0,0.0,0.0,0.0
15472,2023.0,4.0,18.0,10.0,17.186485,17.196575,16.138859,16.044092,16.645008,16.3231,16.471287,16.346941,15.804507,15.665407,16.91628,16.712776,18.000921,17.589863,17.171839,17.015186,15.975356,15.842898,0.0,0.0,0.0,0.0,0.0,0.0,0.0,0.0
15473,2023.0,4.0,18.0,10.0,17.612673,18.15248,16.070236,15.981881,16.724401,16.593792,16.464827,16.38325,15.789915,15.653843,16.770721,16.56814,17.923786,17.51756,17.128273,16.975359,15.9425,15.813131,0.0,0.0,0.0,0.0,0.0,0.0,0.0,0.0
15474,2023.0,4.0,18.0,11.0,17.066381,17.07069,16.008377,15.927977,17.438469,17.985798,16.415154,16.34303,15.777108,15.6441965,16.664461,16.468487,18.05016,17.835308,17.088476,16.939718,15.912916,15.786985,0.0,4.0,0.0,0.0,0.0,0.0,0.0,0.0
15475,2023.0,4.0,18.0,11.0,16.79908,16.705101,15.947651,15.871182,16.839424,16.731352,16.361526,16.293604,15.762605,15.629573,16.572771,16.379988,18.072117,17.885824,17.048843,16.900806,15.882986,15.757288,0.0,0.0,0.0,0.0,0.0,0.0,0.0,0.0
15476,2023.0,4.0,18.0,11.0,17.429962,17.984173,15.8897505,15.816389,16.516762,16.254322,16.308302,16.243666,15.747606,15.613977,16.492935,16.302618,18.04879,17.865213,17.011236,16.863525,15.8542185,15.728361,0.0,0.0,0.0,0.0,0.0,0.0,0.0,0.0
15477,2023.0,4.0,18.0,11.0,16.908669,16.91647,15.835091,15.764412,16.39903,16.12969,16.256777,16.194878,15.732931,15.598618,16.422241,16.233839,18.022202,17.839138,16.975286,16.827679,15.826882,15.700712,0.0,0.0,0.0,0.0,0.0,0.0,0.0,0.0
15478,2023.0,4.0,18.0,11.0,16.667664,16.586775,15.784322,15.716983,16.470825,16.363007,16.946709,17.535707,15.7191725,15.584463,16.360134,16.174366,17.995838,17.81341,16.941109,16.794016,15.801303,15.675204,0.0,0.0,4.0,0.0,0.0,0.0,0.0,0.0
15479,2023.0,4.0,18.0,11.0,16.567774,16.485939,15.73582,15.671118,16.463343,16.388342,16.498024,16.562021,15.705476,15.570333,16.303713,16.11968,17.96974,17.78758,16.907764,16.760818,15.776998,15.650771,0.0,0.0,0.0,0.0,0.0,0.0,0.0,0.0
15480,2023.0,4.0,18.0,12.0,17.428514,18.193888,15.690758,15.629441,16.4187,16.34876,16.804747,17.209824,15.692041,15.55681,16.253767,16.072294,17.944736,17.763294,16.876143,16.729921,15.754834,15.6290045,0.0,0.0,4.0,0.0,0.0,0.0,0.0,0.0
15481,2023.0,4.0,18.0,12.0,21.088148,24.373066,15.648865,15.591655,21.073996,24.551775,20.86974,24.119421,15.679832,15.545502,16.20907,16.030687,21.696203,24.227058,21.392218,24.531769,15.734475,15.609736,0.0,0.0,0.0,0.0,0.0,4.0,0.0,0.0
15482,2023.0,4.0,18.0,12.0,21.032694,23.80408,15.604899,15.552009,21.011583,23.88472,21.017956,23.89597,15.671318,15.538078,16.164196,15.989358,21.780903,24.015026,21.893497,25.12552,15.718706,15.595364,0.0,0.0,4.0,0.0,0.0,0.0,0.0,0.0
15483,2023.0,4.0,18.0,12.0,21.069305,23.554441,15.563335,15.514171,21.085615,23.68666,21.107056,23.757185,15.6666,15.535185,16.518787,16.691856,21.075235,22.635366,22.101522,25.058558,15.708415,15.587336,0.0,0.0,0.0,0.0,4.0,0.0,0.0,0.0
15484,2023.0,4.0,18.0,12.0,21.088766,23.413204,15.525386,15.4797535,21.07411,23.433613,21.09137,23.49705,15.66433,15.535033,20.244137,23.137686,21.029951,22.378664,20.919273,22.56286,15.701763,15.583224,0.0,0.0,0.0,0.0,0.0,4.0,0.0,0.0
15485,2023.0,4.0,18.0,12.0,21.082102,23.256376,15.491956,15.44869,21.073421,23.27148,21.090054,23.33043,15.663036,15.535972,18.171173,18.62775,21.063213,22.362099,21.08106,22.80447,15.696704,15.580734,0.0,0.0,0.0,0.0,0.0,0.0,0.0,0.0
15486,2023.0,4.0,18.0,13.0,21.066133,23.145924,15.46015,15.41875,21.070269,23.148762,21.07206,23.203781,15.662017,15.537257,16.847364,16.72451,21.055183,22.263355,21.0565,22.687983,15.692367,15.578936,0.0,0.0,0.0,0.0,0.0,0.0,0.0,0.0
15487,2023.0,4.0,18.0,13.0,21.142239,23.22482,15.426627,15.383851,21.149345,23.204842,21.154602,23.285414,15.659054,15.534788,16.593925,16.416752,21.113008,22.30526,21.123674,22.75723,15.686542,15.573932,0.0,0.0,0.0,0.0,0.0,0.0,0.0,0.0
15488,2023.0,4.0,18.0,13.0,21.136341,23.14047,15.395857,15.353995,21.142174,23.099493,21.148539,23.192265,15.655154,15.531343,16.486626,16.309572,21.088581,22.214972,21.119205,22.682207,15.680204,15.568405,0.0,0.0,0.0,0.0,0.0,0.0,0.0,0.0
15489,2023.0,4.0,18.0,13.0,21.05412,22.960255,15.367797,15.328789,21.055258,22.899462,21.05903,22.995043,15.650773,15.527541,16.828754,17.031256,21.036573,22.10389,21.006779,22.415218,15.673531,15.562584,0.0,0.0,0.0,0.0,4.0,0.0,4.0,0.0
15490,2023.0,4.0,18.0,13.0,21.065548,22.95361,15.340561,15.303531,21.043232,22.81668,21.071646,22.986574,15.645681,15.523202,20.223509,22.919464,21.04278,22.098513,21.075794,22.537945,15.666295,15.556375,0.0,4.0,0.0,0.0,0.0,0.0,0.0,0.0
15491,2023.0,4.0,18.0,13.0,21.03792,22.854694,15.789131,16.162601,21.04606,22.795563,21.045107,22.885214,15.639436,15.517811,18.256163,18.676537,21.04192,22.08154,21.025433,22.372784,15.658044,15.549143,4.0,4.0,4.0,0.0,0.0,0.0,4.0,0.0
15492,2023.0,4.0,18.0,14.0,21.78301,23.99266,20.204786,23.699438,21.543262,23.503195,21.683151,23.957335,15.632387,15.512104,17.005562,16.903666,21.50202,22.785362,21.82979,23.752436,15.648975,15.54146,0.0,4.0,0.0,0.0,0.0,0.0,0.0,0.0
15493,2023.0,4.0,18.0,14.0,20.026007,20.623158,17.878134,18.574425,19.35418,19.388071,19.656143,19.81013,15.625647,15.506033,16.73527,16.572035,20.1071,20.148022,20.066078,20.042713,15.639353,15.532751,0.0,0.0,0.0,0.0,0.0,0.0,0.0,0.0
15494,2023.0,4.0,18.0,14.0,18.80695,18.704302,16.635382,16.62883,18.443233,18.103668,18.508677,18.184849,15.619034,15.500273,16.635324,16.46386,19.568233,19.364527,19.099396,18.700811,15.6291485,15.523326,0.0,0.0,0.0,0.0,0.0,0.0,0.0,0.0
15495,2023.0,4.0,18.0,14.0,18.33754,18.162815,16.84607,17.227934,18.081272,17.717922,18.30161,18.169271,15.608639,15.490795,16.551579,16.379591,19.354862,19.135717,18.91715,18.69136,15.614813,15.509646,4.0,0.0,0.0,0.0,0.0,0.0,0.0,0.0
15496,2023.0,4.0,18.0,14.0,18.069649,17.913752,20.215597,23.126196,18.020693,17.863182,18.080027,17.986408,16.370785,16.939548,16.478624,16.31077,19.95931,20.428791,18.717836,18.519894,15.597178,15.493468,0.0,0.0,0.0,4.0,0.0,4.0,0.0,0.0
15497,2023.0,4.0,18.0,14.0,17.8102,17.665474,18.142076,18.697332,18.549128,19.025774,17.821968,17.735666,20.311934,23.594082,16.401052,16.237904,20.16517,20.727293,18.491488,18.303967,15.574779,15.472024,0.0,4.0,0.0,0.0,0.0,4.0,0.0,0.0
15498,2023.0,4.0,18.0,15.0,18.507597,19.188505,17.189688,17.585419,18.080976,18.104809,17.596447,17.511593,18.160015,18.81067,16.328146,16.168446,19.237133,18.97977,18.29122,18.110283,15.550132,15.448255,4.0,0.0,0.0,4.0,0.0,0.0,0.0,0.0
15499,2023.0,4.0,18.0,15.0,18.470549,19.015165,20.27888,23.044233,18.18899,18.456697,17.435326,17.347313,20.357397,22.76819,16.267183,16.10695,18.818047,18.398668,18.143652,17.965664,15.525176,15.423447,0.0,4.0,0.0,4.0,0.0,0.0,0.0,0.0
15500,2023.0,4.0,18.0,15.0,17.731182,17.714993,18.004799,18.273775,17.612097,17.39724,17.27011,17.18674,20.052689,22.098545,16.588345,16.765045,19.35376,19.592094,19.026424,19.772669,15.497422,15.396099,0.0,0.0,0.0,0.0,4.0,4.0,4.0,0.0
15501,2023.0,4.0,18.0,15.0,17.326284,17.201057,16.626223,16.416914,17.201845,16.889791,17.12064,17.03828,18.013348,18.011526,20.277664,23.16884,19.549072,19.856575,18.249039,18.059977,15.468632,15.3675,0.0,0.0,0.0,0.0,0.0,4.0,0.0,0.0
15502,2023.0,4.0,18.0,15.0,17.152065,17.017883,16.421352,16.308681,17.017334,16.69865,16.990599,16.908138,16.945105,16.651318,18.156416,18.589735,19.532864,19.845566,17.702957,17.382383,16.40544,17.159706,0.0,0.0,0.0,0.0,0.0,4.0,0.0,4.0
15503,2023.0,4.0,18.0,15.0,17.964178,18.65549,16.789122,17.097221,17.769545,18.23438,17.593164,18.119911,16.800495,16.6156,17.518263,17.696686,18.813105,18.517063,17.52445,17.189821,20.304207,23.76642,4.0,4.0,4.0,0.0,4.0,0.0,0.0,0.0
15504,2023.0,4.0,18.0,16.0,18.064861,18.621368,20.288044,23.166609,17.49001,17.551493,17.836355,18.429052,16.664421,16.505545,20.261145,22.606104,18.41179,18.009134,17.531912,17.350912,17.447416,17.624466,4.0,0.0,4.0,0.0,4.0,0.0,0.0,0.0
15505,2023.0,4.0,18.0,16.0,17.9988,18.539253,20.03851,22.327396,16.936386,16.674053,17.053677,16.929117,16.509285,16.355673,20.047012,21.937576,19.010422,19.280401,18.55518,19.344788,16.996887,17.575386,0.0,0.0,0.0,0.0,0.0,4.0,4.0,4.0
15506,2023.0,4.0,18.0,16.0,17.358147,17.357615,17.955938,18.101433,17.368958,17.636927,16.599483,16.332228,16.376652,16.228945,18.168293,18.133091,19.226387,19.539951,17.793917,17.601515,20.339405,23.347664,0.0,4.0,0.0,0.0,0.0,4.0,0.0,0.0
15507,2023.0,4.0,18.0,16.0,17.683252,18.181997,17.377598,17.689503,16.946703,16.740469,17.103504,17.397434,16.260096,16.116344,17.286396,17.106934,18.533943,18.232033,17.292229,16.981722,18.353355,19.025007,4.0,0.0,4.0,0.0,0.0,0.0,0.0,4.0
15508,2023.0,4.0,18.0,16.0,17.167862,17.160257,20.29205,22.858534,17.336653,17.599957,17.273655,17.642727,16.171793,16.029116,17.089594,16.898533,18.229403,17.817167,17.146177,16.822306,20.349527,22.687553,0.0,4.0,4.0,0.0,0.0,0.0,0.0,0.0
15509,2023.0,4.0,18.0,16.0,16.811224,16.694403,18.662561,19.369705,17.53838,17.877945,17.292187,17.65394,16.082106,15.944448,16.913925,16.731604,18.085217,17.671787,17.033646,16.71223,17.955389,17.972637,4.0,4.0,4.0,0.0,0.0,0.0,0.0,0.0
15510,2023.0,4.0,18.0,17.0,17.418892,17.915077,20.215376,22.324646,16.93063,16.746958,17.298096,17.655247,16.01118,15.87474,16.787548,16.60296,18.180155,17.961103,17.098246,16.929085,17.069412,16.741604,4.0,0.0,4.0,0.0,0.0,0.0,0.0,0.0
15511,2023.0,4.0,18.0,17.0,17.628334,18.151817,20.037395,21.829165,17.26204,17.5692,17.295935,17.648788,15.936833,15.802465,16.65471,16.473848,18.18861,18.003752,17.093803,16.948942,16.849073,16.67264,4.0,4.0,4.0,0.0,0.0,0.0,0.0,0.0
15512,2023.0,4.0,18.0,17.0,17.642035,18.159689,20.068426,21.788671,16.777937,16.561665,16.667994,16.482351,15.871363,15.740497,16.539228,16.364073,18.134365,17.95531,17.04028,16.899963,16.663052,16.507206,4.0,0.0,0.0,0.0,0.0,0.0,0.0,0.0
15513,2023.0,4.0,18.0,17.0,17.01366,16.980013,20.08101,21.752623,17.129591,17.408876,16.311293,16.019407,15.813065,15.685679,16.438152,16.268766,18.878813,19.421005,18.067331,18.892597,16.482334,16.336086,0.0,4.0,0.0,0.0,0.0,4.0,4.0,0.0
15514,2023.0,4.0,18.0,17.0,16.671171,16.545067,18.617916,18.870508,17.321419,17.654278,16.840183,17.120005,15.759399,15.635097,16.34962,16.186632,18.213186,17.93163,17.310366,17.117275,16.32623,16.185913,4.0,4.0,4.0,0.0,0.0,0.0,0.0,0.0
15515,2023.0,4.0,18.0,17.0,16.552355,16.409903,20.226149,22.011604,17.335089,17.665695,16.418135,16.258093,15.714575,15.591595,16.27938,16.117575,18.652012,18.918295,16.944777,16.620932,16.212622,16.075157,0.0,4.0,0.0,0.0,0.0,4.0,0.0,0.0
15516,2023.0,4.0,18.0,18.0,17.187256,17.676893,18.403576,18.402378,17.337431,17.663776,16.07452,15.784931,15.667727,15.54761,16.206697,16.051071,18.148325,17.825115,16.800856,16.475536,16.097506,15.966244,0.0,4.0,0.0,0.0,0.0,0.0,0.0,0.0
15517,2023.0,4.0,18.0,18.0,21.306282,24.735546,18.172543,18.38915,21.283941,24.542564,20.98246,24.406345,16.43791,17.038431,16.53812,16.726915,21.814022,24.222788,22.166325,25.599245,17.030941,17.816666,4.0,4.0,0.0,4.0,4.0,0.0,0.0,4.0
15518,2023.0,4.0,18.0,18.0,21.014414,23.705544,20.224934,22.19721,21.019012,23.577484,21.008133,23.923311,21.263315,25.16689,20.412407,23.233353,20.94317,22.467695,22.018564,24.976847,21.509884,25.333273,0.0,4.0,0.0,0.0,0.0,4.0,0.0,4.0
15519,2023.0,4.0,18.0,18.0,21.099691,23.589207,18.592962,18.882208,21.10156,23.462477,21.066586,23.671562,18.090513,18.299131,18.182364,18.5575,21.085125,22.597572,20.910725,22.684706,19.88008,21.915289,0.0,0.0,4.0,0.0,0.0,0.0,4.0,0.0
15520,2023.0,4.0,18.0,18.0,21.084703,23.34809,17.54988,17.480856,21.06319,23.160686,21.058504,23.427526,16.392176,16.080112,16.909555,16.810427,21.062275,22.421389,21.107674,22.956673,17.747866,17.65759,0.0,4.0,4.0,0.0,0.0,0.0,0.0,0.0
15521,2023.0,4.0,18.0,18.0,21.058979,23.126701,17.202084,17.074835,21.066942,23.025106,21.074791,23.267593,17.053984,17.616035,17.014036,17.20543,21.062582,22.325129,21.072073,22.772772,17.662853,18.166676,0.0,4.0,4.0,4.0,4.0,0.0,0.0,4.0
15522,2023.0,4.0,18.0,19.0,21.145897,23.19615,16.988546,16.85645,21.146194,23.080019,21.147453,23.294222,21.30831,24.7624,20.347994,22.799976,21.12046,22.39797,21.169004,22.87796,21.466354,24.580881,0.0,4.0,0.0,4.0,0.0,0.0,0.0,4.0
15523,2023.0,4.0,18.0,19.0,21.059464,22.941795,17.268076,17.522715,21.087444,22.900112,21.087345,23.061846,19.900726,21.781406,18.295063,18.604477,21.017994,22.138712,21.058949,22.614967,19.869564,21.435572,4.0,0.0,0.0,4.0,0.0,4.0,0.0,4.0
15524,2023.0,4.0,18.0,19.0,21.163319,23.087774,20.253967,22.82846,21.154371,22.948107,21.157537,23.115541,20.084143,21.95559,17.072683,16.938265,21.152864,22.360975,21.197794,22.858608,20.11802,21.859436,0.0,4.0,0.0,4.0,0.0,4.0,0.0,0.0
15525,2023.0,4.0,18.0,19.0,21.057167,22.82223,18.33134,18.721415,21.061184,22.709639,21.06725,22.900797,20.081213,21.838078,16.775686,16.612461,21.0344,22.086805,21.020302,22.444748,18.143309,17.974606,0.0,4.0,0.0,0.0,0.0,4.0,4.0,0.0
15526,2023.0,4.0,18.0,19.0,21.056314,22.77954,17.573872,17.890657,21.060083,22.669046,21.04479,22.807652,18.674185,18.993864,16.601557,16.435852,21.06437,22.138329,21.080957,22.550316,17.125742,16.736738,4.0,4.0,4.0,4.0,0.0,0.0,0.0,0.0
15527,2023.0,4.0,18.0,19.0,21.165684,22.98154,20.292751,22.71133,21.169394,22.855486,21.19379,23.086267,20.33688,22.255615,16.458427,16.290876,21.129305,22.23699,21.185003,22.718548,17.730154,18.184906,0.0,4.0,4.0,0.0,0.0,0.0,0.0,4.0
15528,2023.0,4.0,18.0,20.0,21.07518,22.760508,18.398966,18.692963,21.058498,22.602745,21.06546,22.773037,18.202034,18.0399,16.34264,16.180115,21.028782,21.989122,21.070356,22.451267,20.299644,22.562313,4.0,4.0,4.0,0.0,0.0,4.0,0.0,4.0
15529,2023.0,4.0,18.0,20.0,21.170639,22.89923,20.24548,22.469475,21.173277,22.808487,21.161976,22.926691,17.82539,18.045553,16.240797,16.07965,21.16131,22.241213,21.209742,22.730423,20.01774,21.795511,4.0,4.0,4.0,4.0,0.0,4.0,0.0,4.0
15530,2023.0,4.0,18.0,20.0,21.05349,22.640116,20.032534,21.81067,21.08206,22.619696,21.086584,22.758549,20.35881,22.417551,16.570742,16.782774,21.032612,21.969265,21.05648,22.414404,20.049915,21.717384,4.0,0.0,0.0,4.0,4.0,4.0,0.0,4.0
15531,2023.0,4.0,18.0,20.0,21.079092,22.692665,20.086487,21.781557,21.05192,22.51498,21.081055,22.712708,20.969975,23.192333,20.443531,23.227438,21.06274,22.037947,21.056385,22.408106,21.170088,23.454134,0.0,4.0,0.0,0.0,0.0,0.0,0.0,0.0
15532,2023.0,4.0,18.0,20.0,21.072966,22.656359,18.24251,18.13635,21.056911,22.506788,21.08029,22.677845,19.314476,19.644865,18.442701,19.025694,21.057295,22.008018,21.056225,22.399822,19.552137,19.972303,0.0,4.0,0.0,4.0,4.0,0.0,0.0,4.0
15533,2023.0,4.0,18.0,20.0,21.073292,22.633783,17.858856,18.073046,21.080961,22.558344,21.03706,22.579746,20.442541,22.221056,20.314293,22.70091,21.057579,21.990904,21.055872,22.390257,21.465364,23.84012,4.0,0.0,4.0,4.0,0.0,0.0,0.0,0.0
15534,2023.0,4.0,18.0,21.0,21.055462,22.610985,20.267672,22.37377,21.075342,22.525963,21.086838,22.666138,20.054733,21.461887,18.322178,18.551554,21.057178,21.97484,21.055597,22.380348,18.505083,18.274021,0.0,0.0,0.0,0.0,0.0,0.0,0.0,0.0
15535,2023.0,4.0,18.0,21.0,21.057262,22.618095,18.562386,18.851156,21.050484,22.436855,21.078203,22.620289,18.28327,18.015043,17.18001,17.034775,21.01138,21.883314,21.055346,22.370281,17.458063,17.018524,0.0,4.0,0.0,0.0,0.0,4.0,0.0,0.0
15536,2023.0,4.0,18.0,21.0,21.056477,22.616404,17.443686,17.308989,21.08061,22.50361,21.077797,22.59601,17.299965,16.817144,16.873713,16.685196,21.034208,21.91566,21.014034,22.25205,17.090776,16.648619,0.0,0.0,0.0,0.0,0.0,4.0,4.0,0.0
15537,2023.0,4.0,18.0,21.0,21.055737,22.613663,17.627625,17.889584,21.072632,22.472479,21.0587,22.57628,17.23222,17.024984,16.68634,16.496593,21.061153,21.98,21.077633,22.376707,17.09593,16.919212,4.0,0.0,0.0,0.0,0.0,0.0,0.0,0.0
15538,2023.0,4.0,18.0,21.0,21.17116,22.8401,20.233976,22.554895,21.176626,22.700089,21.169888,22.805683,17.886972,18.391815,16.94767,17.12186,21.155912,22.133999,21.234592,22.634203,17.969513,18.679968,0.0,0.0,0.0,4.0,4.0,4.0,4.0,4.0
15539,2023.0,4.0,18.0,21.0,21.05606,22.600935,18.054611,17.99313,21.05758,22.467316,21.06138,22.587353,20.412998,22.690775,20.435482,22.966425,21.031124,21.873775,21.074629,22.319128,21.425236,24.508463,0.0,0.0,0.0,4.0,4.0,4.0,0.0,4.0
15540,2023.0,4.0,18.0,22.0,21.056124,22.594318,16.799656,16.322374,21.057436,22.470701,21.061008,22.58278,20.940083,23.18227,20.04025,22.008163,21.061085,21.946877,21.066204,22.282288,21.137117,23.390497,0.0,0.0,0.0,0.0,0.0,0.0,0.0,0.0
15541,2023.0,4.0,18.0,22.0,21.055662,22.58562,16.760084,16.517206,21.032337,22.401098,21.060461,22.57507,18.696888,18.902237,17.968454,17.794313,21.055744,21.921501,21.066544,22.263403,18.268131,18.012365,0.0,4.0,0.0,4.0,0.0,0.0,0.0,0.0
15542,2023.0,4.0,18.0,22.0,21.055552,22.57714,16.735935,16.556679,21.062319,22.483976,21.060432,22.568014,20.334917,22.115643,17.091415,16.869286,21.05581,21.907448,21.051052,22.245096,17.292147,16.85153,0.0,0.0,0.0,0.0,0.0,0.0,0.0,0.0
15543,2023.0,4.0,18.0,22.0,21.054924,22.566853,16.623331,16.449682,21.075127,22.467834,21.060328,22.561613,18.281534,18.041935,16.92148,16.719511,21.039621,21.89456,21.013239,22.14714,16.966928,16.528975,0.0,0.0,0.0,0.0,0.0,0.0,4.0,0.0
15544,2023.0,4.0,18.0,22.0,21.053825,22.55658,16.507921,16.327898,21.070873,22.42858,21.059107,22.553984,17.509281,17.31384,16.74129,16.53529,21.009926,21.827656,21.07675,22.281778,16.996487,16.821297,0.0,0.0,0.0,0.0,0.0,4.0,0.0,0.0
15545,2023.0,4.0,18.0,22.0,21.110775,22.658497,16.407972,16.225595,21.110033,22.512808,21.120153,22.66543,17.295298,17.09283,16.59007,16.385113,21.111965,22.03829,21.130352,22.356665,16.909306,16.741497,0.0,0.0,0.0,0.0,0.0,0.0,0.0,0.0
15546,2023.0,4.0,18.0,23.0,21.108545,22.628254,16.322365,16.142206,21.109451,22.49968,21.118286,22.634869,17.10988,16.914494,16.463478,16.26384,21.10827,21.980644,21.128017,22.31387,16.783995,16.62199,0.0,0.0,0.0,0.0,0.0,0.0,0.0,0.0
15547,2023.0,4.0,18.0,23.0,19.72385,19.963167,16.254456,16.085825,19.723787,19.839699,19.622835,19.758802,16.965,16.789911,16.36401,16.180635,20.041302,19.94297,19.774448,19.721508,16.680185,16.532257,0.0,0.0,0.0,0.0,0.0,0.0,0.0,0.0
15548,2023.0,4.0,18.0,23.0,19.055006,19.020424,16.191774,16.021955,18.994295,18.781206,18.855345,18.659813,16.846132,16.669472,16.277544,16.0932,19.599072,19.350199,19.205465,18.979313,16.589605,16.436546,0.0,0.0,0.0,0.0,0.0,0.0,0.0,0.0
15549,2023.0,4.0,18.0,23.0,18.770292,18.719885,16.131641,15.961167,18.686787,18.447054,18.532001,18.31186,16.736794,16.561201,16.19459,16.00618,19.40266,19.152258,18.939497,18.710598,16.50562,16.351002,0.0,0.0,0.0,0.0,0.0,0.0,0.0,0.0
15550,2023.0,4.0,18.0,23.0,18.580297,18.551971,16.083963,15.920978,18.488384,18.272274,18.321661,18.127254,16.648392,16.483635,16.127914,15.94546,19.256298,19.023289,18.744688,18.53588,17.16374,17.657152,0.0,0.0,0.0,0.0,0.0,0.0,0.0,4.0
15551,2023.0,4.0,18.0,23.0,18.406853,18.382988,16.034554,15.8741455,18.305094,18.092924,18.12817,17.938185,16.558449,16.392725,16.353474,16.425034,19.12023,18.893429,18.567852,18.36608,16.622747,16.494873,0.0,0.0,0.0,0.0,4.0,0.0,0.0,0.0
15552,2023.0,4.0,19.0,0.0,18.25265,18.229412,15.987006,15.827842,18.14229,17.930748,17.95704,17.76761,16.475128,16.308483,16.112692,15.935546,18.997015,18.773476,18.409805,18.211662,16.21219,15.848493,0.0,0.0,0.0,0.0,0.0,0.0,0.0,0.0
15553,2023.0,4.0,19.0,0.0,18.121943,18.105265,15.9436865,15.787008,18.004047,17.799498,17.81222,17.62993,16.40096,16.235954,15.998579,15.81709,18.886684,18.663857,18.273664,18.083447,16.801895,17.084082,0.0,0.0,0.0,0.0,0.0,0.0,0.0,4.0
15554,2023.0,4.0,19.0,0.0,18.002422,17.989477,15.901587,15.746374,17.877562,17.677176,17.679905,17.501753,16.331175,16.16653,15.936498,15.755405,18.785994,18.563896,18.149132,17.964046,16.215714,15.855011,0.0,0.0,0.0,0.0,0.0,0.0,0.0,0.0
15555,2023.0,4.0,19.0,0.0,17.884968,17.86639,15.857097,15.699086,17.752457,17.5456,17.549309,17.364075,16.26183,16.092995,15.87423,15.688634,18.688314,18.46086,18.02585,17.832487,15.975516,15.585737,0.0,0.0,0.0,0.0,0.0,0.0,0.0,0.0
15556,2023.0,4.0,19.0,0.0,17.788675,17.776045,15.819933,15.664735,17.651419,17.452105,17.443827,17.266235,16.202414,16.034948,15.822767,15.638669,18.605766,18.380453,17.922428,17.731579,16.109955,15.95839,0.0,0.0,0.0,0.0,0.0,0.0,0.0,0.0
15557,2023.0,4.0,19.0,0.0,17.700727,17.693937,15.784081,15.631332,17.558586,17.366068,17.346771,17.176123,16.733557,17.0832,15.774825,15.592262,18.530403,18.30754,17.828773,17.640945,16.085308,15.933668,0.0,0.0,0.0,4.0,0.0,0.0,0.0,0.0
15558,2023.0,4.0,19.0,1.0,17.616638,17.612114,15.74814,15.596233,17.469524,17.279974,17.253683,17.085947,16.302244,16.152702,15.728099,15.545349,18.45848,18.235737,17.740154,17.552711,16.037868,15.886264,0.0,0.0,0.0,0.0,0.0,0.0,0.0,0.0
15559,2023.0,4.0,19.0,1.0,17.533144,17.524832,15.709741,15.554824,17.380363,17.187029,17.160612,16.98874,16.143349,15.972638,15.680486,15.494192,18.38782,18.161423,17.654333,17.463387,15.988328,15.833923,0.0,0.0,0.0,0.0,0.0,0.0,0.0,0.0
15560,2023.0,4.0,19.0,1.0,17.45968,17.452492,15.675093,15.519963,17.302649,17.111418,17.0796,16.909742,16.07937,15.908272,15.637512,15.450448,18.324541,18.097761,17.57751,17.386507,15.942134,15.786999,0.0,0.0,0.0,0.0,0.0,0.0,0.0,0.0
15561,2023.0,4.0,19.0,1.0,17.39061,17.384478,15.641296,15.48587,17.22977,17.040405,17.003706,16.83561,16.021114,15.849529,15.596288,15.408436,18.264969,18.037758,17.505655,17.314528,15.89777,15.74191,0.0,0.0,0.0,0.0,0.0,0.0,0.0,0.0
15562,2023.0,4.0,19.0,1.0,17.325333,17.320072,15.608252,15.452444,17.161108,16.973383,16.932274,16.765705,15.968703,15.796504,15.556576,15.367918,18.208597,17.980913,17.43811,17.246801,15.855109,15.698529,0.0,0.0,0.0,0.0,0.0,0.0,0.0,0.0
15563,2023.0,4.0,19.0,1.0,17.267183,17.26636,15.578607,15.425042,17.10068,16.918905,16.869488,16.70894,16.508276,16.853188,15.817887,15.889272,18.15751,17.931818,17.376884,17.187895,15.815793,15.660256,0.0,0.0,0.0,4.0,4.0,0.0,0.0,0.0
15564,2023.0,4.0,19.0,2.0,17.208788,17.208733,15.547335,15.393447,17.039463,16.859299,16.806002,16.646917,16.095238,15.95457,15.611957,15.444926,18.106756,17.880852,17.316837,17.127924,16.505676,16.993103,0.0,0.0,0.0,0.0,0.0,0.0,0.0,4.0
15565,2023.0,4.0,19.0,2.0,17.152842,17.152834,15.516558,15.361868,16.98057,16.80127,16.745247,16.58674,15.71497,15.320827,15.505491,15.31678,18.057728,17.831236,17.259226,17.06994,16.001932,15.883666,0.0,0.0,0.0,0.0,0.0,0.0,0.0,0.0
15566,2023.0,4.0,19.0,2.0,17.098606,17.097975,15.485944,15.330148,16.923773,16.744669,16.686981,16.52829,15.554126,15.125129,15.758633,15.827033,18.01015,17.782694,17.203712,17.013628,16.327913,16.581541,0.0,0.0,0.0,0.0,4.0,0.0,0.0,4.0
15567,2023.0,4.0,19.0,2.0,17.047808,17.048203,15.45666,15.300701,16.870892,16.693472,16.63296,16.475607,16.303696,16.64458,15.555522,15.392793,17.965355,17.738157,17.151724,16.962187,15.734887,15.37543,0.0,0.0,0.0,4.0,0.0,0.0,0.0,0.0
15568,2023.0,4.0,19.0,2.0,16.99706,16.99669,15.426827,15.269568,16.818317,16.64072,16.579458,16.421507,15.957454,15.821805,15.439853,15.248211,17.920557,17.692284,17.100147,16.909674,16.257368,16.523048,0.0,0.0,0.0,0.0,0.0,0.0,0.0,4.0
15569,2023.0,4.0,19.0,2.0,16.94917,16.9487,15.397846,15.23984,16.768452,16.591496,16.528692,16.37108,15.574109,15.176959,15.3942375,15.201844,17.87763,17.649004,17.051016,16.860395,15.688468,15.322998,0.0,0.0,0.0,0.0,0.0,0.0,0.0,0.0
15570,2023.0,4.0,19.0,3.0,16.898848,16.894297,15.365776,15.203843,16.715591,16.534588,16.474869,16.312838,15.405667,14.962756,15.348053,15.151486,17.832848,17.601015,17.000454,16.80681,15.45769,15.051031,0.0,0.0,0.0,0.0,0.0,0.0,0.0,0.0
15571,2023.0,4.0,19.0,3.0,16.85559,16.853024,15.339391,15.179216,16.671375,16.49355,16.429632,16.270664,15.583581,15.408009,15.310274,15.115193,17.793428,17.562908,16.955458,16.763115,15.61255,15.454401,0.0,0.0,0.0,0.0,0.0,0.0,0.0,0.0
15572,2023.0,4.0,19.0,3.0,16.811474,16.808859,15.311066,15.150325,16.625582,16.447697,16.382526,16.223406,15.584526,15.407401,15.272447,15.076738,17.753757,17.523031,16.910686,16.718246,15.596696,15.433548,0.0,0.0,0.0,0.0,0.0,0.0,0.0,0.0
15573,2023.0,4.0,19.0,3.0,16.784504,16.797684,15.286577,15.128846,16.585905,16.412777,16.3417,16.187399,15.556081,15.380894,15.239643,15.046736,17.717842,17.489693,16.869886,16.680037,16.290909,16.773205,0.0,0.0,0.0,0.0,0.0,0.0,0.0,4.0
15574,2023.0,4.0,19.0,3.0,16.75322,16.773155,15.260244,15.103372,16.544487,16.37308,16.299255,16.146564,15.525344,15.350833,15.2062025,15.014013,17.681284,17.45403,16.828762,16.63986,15.572869,15.237875,0.0,0.0,0.0,0.0,0.0,0.0,0.0,0.0
15575,2023.0,4.0,19.0,3.0,16.712452,16.730068,15.231024,15.071908,16.499865,16.325888,16.253778,16.098223,15.491748,15.3155,15.171009,14.976586,17.642895,17.413832,16.786034,16.595352,15.309004,14.907889,0.0,0.0,0.0,0.0,0.0,0.0,0.0,0.0
15576,2023.0,4.0,19.0,4.0,16.675692,16.694517,15.2058,15.048286,16.461195,16.289732,16.21429,16.061174,15.461354,15.286101,15.140364,14.947231,17.6083,17.380463,16.747242,16.55774,15.465242,15.311051,0.0,0.0,0.0,0.0,0.0,0.0,0.0,0.0
15577,2023.0,4.0,19.0,4.0,16.63961,16.659836,15.180367,15.024051,16.423134,16.253908,16.175282,16.024445,15.431544,15.257268,15.110538,14.918529,17.574406,17.347717,16.709538,16.521313,16.181065,16.663895,0.0,0.0,0.0,0.0,0.0,0.0,0.0,4.0
15578,2023.0,4.0,19.0,4.0,16.60256,16.622808,15.153848,14.997639,16.38423,16.215755,16.135557,15.985412,15.40127,15.227119,15.080258,14.888369,17.539986,17.313519,16.671515,16.48365,15.466172,15.132836,0.0,0.0,0.0,0.0,0.0,0.0,0.0,0.0
15579,2023.0,4.0,19.0,4.0,16.564182,16.582684,15.1260395,14.968587,16.34411,16.174524,16.094864,15.943414,15.370139,15.194873,15.354476,15.427857,17.504553,17.276924,16.632607,16.443655,15.208059,14.810981,0.0,0.0,0.0,0.0,4.0,0.0,0.0,0.0
15580,2023.0,4.0,19.0,4.0,16.52805,16.546568,15.099758,14.942365,16.30636,16.137491,16.056553,15.905728,15.926746,16.266937,15.136469,14.951804,17.470846,17.243467,16.595634,16.407055,15.123227,14.730562,0.0,0.0,0.0,4.0,0.0,0.0,0.0,0.0
15581,2023.0,4.0,19.0,4.0,16.491947,16.50989,15.073361,14.915503,16.268538,16.099813,16.018093,15.867366,15.522934,15.374168,15.044379,14.849925,17.43701,17.20949,16.558683,16.370077,15.275216,15.110147,0.0,0.0,0.0,0.0,0.0,0.0,0.0,0.0
15582,2023.0,4.0,19.0,5.0,16.456963,16.474665,15.536057,15.802637,16.96978,17.448463,15.980518,15.830521,15.956812,16.279648,15.009721,14.816427,17.40388,17.176685,16.52261,16.334455,15.28243,15.120795,4.0,4.0,0.0,4.0,0.0,0.0,0.0,0.0
15583,2023.0,4.0,19.0,5.0,16.422083,16.439157,15.270203,15.215392,16.542673,16.50811,15.9429,15.793166,15.315921,14.930287,15.002538,14.831842,17.370716,17.143425,16.48682,16.29875,15.253888,15.091882,0.0,0.0,0.0,0.0,0.0,0.0,0.0,0.0
15584,2023.0,4.0,19.0,5.0,16.384172,16.40066,15.056509,14.913307,15.93596,15.478285,15.90232,15.752866,14.994418,14.58983,15.003723,14.855425,17.33448,17.107182,16.44775,16.259825,15.954327,16.439627,0.0,0.0,0.0,0.0,0.0,0.0,0.0,4.0
15585,2023.0,4.0,19.0,5.0,17.141659,17.857916,14.999805,14.848783,15.716547,15.208429,15.863328,15.713963,15.009122,14.669862,15.238223,15.310196,17.298616,17.07154,16.409143,16.221582,15.548396,15.4349575,0.0,0.0,0.0,0.0,4.0,0.0,0.0,0.0
15586,2023.0,4.0,19.0,5.0,17.402718,18.107235,15.455507,15.723934,15.914237,15.69007,16.572397,17.077549,15.103737,14.909212,15.064303,14.896414,17.263393,17.036495,16.370749,16.183294,15.100969,14.739444,4.0,0.0,4.0,0.0,0.0,0.0,0.0,0.0
15587,2023.0,4.0,19.0,5.0,16.498102,16.322428,15.1970005,15.152696,15.973845,15.802959,16.781929,17.31451,15.685564,16.000784,15.237443,15.28981,17.995523,18.446991,16.3364,16.148916,15.689567,15.949662,0.0,0.0,4.0,4.0,4.0,4.0,0.0,4.0
15588,2023.0,4.0,19.0,6.0,16.886757,17.214615,15.498872,15.768199,15.956728,15.789443,15.927438,15.616793,15.338112,15.208633,15.347946,15.440555,17.489384,17.344954,16.302225,16.114817,15.886747,16.171345,4.0,0.0,0.0,0.0,4.0,0.0,0.0,4.0
15589,2023.0,4.0,19.0,6.0,21.17009,24.555647,19.084648,21.846571,20.828495,24.319164,20.263836,23.30764,14.987615,14.6598625,19.64997,22.741573,20.465603,22.441595,21.513391,24.988892,19.896925,23.097748,0.0,0.0,0.0,0.0,0.0,0.0,4.0,0.0
15590,2023.0,4.0,19.0,6.0,21.021584,23.796202,16.792078,16.875198,21.010592,24.033968,21.121567,24.278185,15.408973,15.490922,17.68941,18.358074,21.712765,24.366974,21.757019,24.959042,17.657217,18.135307,0.0,4.0,4.0,4.0,4.0,4.0,0.0,4.0
15591,2023.0,4.0,19.0,6.0,21.085512,23.603569,15.61815,15.464391,21.072153,23.760012,21.084455,23.787048,20.707232,24.222485,20.253513,23.303009,20.962437,22.688107,22.094328,24.962456,20.753897,24.018312,0.0,4.0,4.0,4.0,4.0,4.0,4.0,0.0
15592,2023.0,4.0,19.0,6.0,21.07344,23.36107,15.470397,15.307413,21.083755,23.478268,21.108227,23.574148,21.243414,24.66668,20.052317,22.480438,21.064892,22.708231,22.789106,26.04367,18.303753,18.715202,0.0,4.0,0.0,4.0,0.0,4.0,0.0,4.0
15593,2023.0,4.0,19.0,6.0,21.071644,23.200819,15.833836,16.074677,21.078663,23.257776,21.100348,23.358583,19.913795,21.919128,17.825987,17.890942,21.050955,22.545609,21.92574,24.153316,20.346476,22.957335,4.0,4.0,0.0,0.0,4.0,4.0,4.0,0.0
15594,2023.0,4.0,19.0,7.0,21.717232,24.023651,20.204105,23.580969,21.833267,24.275846,21.7993,24.267904,17.631609,17.38009,20.373926,22.79381,21.650957,23.346289,21.705069,23.42468,17.699911,17.51537,0.0,4.0,4.0,0.0,0.0,4.0,4.0,0.0
15595,2023.0,4.0,19.0,7.0,21.05039,22.90371,18.082941,18.864637,20.921528,22.54302,20.92496,22.609276,16.490648,15.991306,18.208689,18.467802,21.01898,22.2413,21.031607,22.352463,16.451584,15.998859,4.0,4.0,4.0,0.0,0.0,4.0,0.0,0.0
15596,2023.0,4.0,19.0,7.0,21.777742,24.084314,20.25111,23.105717,21.778883,23.990738,21.728535,23.978823,16.426298,16.196041,17.285099,17.415598,21.547718,23.085386,21.832882,23.764425,16.37458,16.171217,4.0,4.0,4.0,0.0,4.0,4.0,0.0,0.0
15597,2023.0,4.0,19.0,7.0,21.609331,23.620525,20.052326,22.398247,21.768457,23.656101,21.81708,24.075205,16.352352,16.158775,20.340338,22.809492,22.000025,23.774675,21.925945,23.740295,17.313412,18.050352,0.0,4.0,0.0,0.0,4.0,0.0,4.0,4.0
15598,2023.0,4.0,19.0,7.0,20.944881,22.372654,17.974371,18.167797,21.052631,22.546934,20.99245,22.48494,16.219849,16.037792,20.049084,21.990545,20.943016,21.811508,20.90964,21.85209,21.232887,24.612429,4.0,0.0,0.0,0.0,0.0,0.0,0.0,0.0
15599,2023.0,4.0,19.0,7.0,21.934837,24.07009,20.236946,22.759686,21.171284,22.781599,21.176956,22.879272,16.105898,15.931478,17.92439,17.718788,21.734682,23.281076,21.21936,22.549212,18.179733,18.156458,0.0,4.0,0.0,0.0,0.0,0.0,0.0,0.0
15600,2023.0,4.0,19.0,8.0,20.914122,22.239996,17.901012,17.929817,21.086649,22.6366,21.06474,22.698893,16.013742,15.847551,17.013256,16.763258,20.970613,21.794233,21.06781,22.284533,16.637512,16.230385,0.0,0.0,0.0,0.0,0.0,0.0,0.0,0.0
15601,2023.0,4.0,19.0,8.0,19.236544,19.142628,16.758387,16.610353,19.1972,19.016039,19.430674,19.593857,15.938078,15.780556,17.19528,17.296957,19.889524,19.79894,19.65217,19.616083,16.510538,16.312616,0.0,0.0,0.0,0.0,4.0,0.0,0.0,0.0
15602,2023.0,4.0,19.0,8.0,18.76724,18.714466,17.001373,17.238724,18.927164,18.927046,18.620447,18.464804,15.885083,15.732562,20.335388,22.770844,19.419882,19.173018,19.045431,18.824533,16.446774,16.285225,4.0,4.0,0.0,0.0,0.0,0.0,0.0,0.0
15603,2023.0,4.0,19.0,8.0,18.485737,18.477201,20.289867,23.005827,18.203814,17.766014,18.200476,18.033173,15.829311,15.6829,18.340134,18.601765,19.159964,18.919683,18.704021,18.48907,16.329473,16.17933,4.0,0.0,0.0,0.0,0.0,0.0,0.0,0.0
15604,2023.0,4.0,19.0,8.0,18.19554,18.184324,20.025028,22.174984,17.669836,17.155107,17.885176,17.713278,15.778669,15.635903,17.109034,16.909883,18.948671,18.71138,18.43118,18.217545,16.216879,16.070591,4.0,0.0,0.0,0.0,0.0,0.0,0.0,0.0
15605,2023.0,4.0,19.0,8.0,17.9805,17.994606,20.096384,22.131672,18.370817,18.757853,17.646242,17.487963,15.7368965,15.599641,16.823833,16.614862,18.783632,18.558693,18.219387,18.019537,16.12293,15.984375,0.0,4.0,0.0,0.0,0.0,0.0,0.0,0.0
15606,2023.0,4.0,19.0,9.0,17.797619,17.82511,18.050789,18.071112,18.329496,18.553131,17.445415,17.298227,15.700385,15.568393,16.660069,16.462133,18.644506,18.429928,18.040403,17.851282,16.040401,15.908154,0.0,4.0,0.0,0.0,0.0,0.0,0.0,0.0
15607,2023.0,4.0,19.0,9.0,18.417479,19.114132,17.324394,17.154892,17.554203,17.198088,17.300772,17.158194,15.672154,15.544221,16.553343,16.36099,18.544294,18.335611,17.9101,17.726519,15.978389,15.849922,0.0,0.0,0.0,0.0,0.0,0.0,0.0,0.0
15608,2023.0,4.0,19.0,9.0,17.881294,18.049479,17.543715,17.803288,17.223747,16.798775,17.171947,17.0404,15.645838,15.5228405,16.457876,16.276007,18.454777,18.25545,17.793976,17.61998,15.922037,15.7993555,4.0,0.0,0.0,0.0,0.0,0.0,0.0,0.0
15609,2023.0,4.0,19.0,9.0,18.061378,18.50931,20.240683,22.691984,17.064178,16.65955,17.059519,16.939161,15.621925,15.503884,16.372562,16.19936,18.37654,18.186346,17.69228,17.528051,15.87203,15.755321,0.0,0.0,0.0,0.0,0.0,0.0,0.0,0.0
15610,2023.0,4.0,19.0,9.0,17.490114,17.422935,18.679617,19.358078,17.118662,16.938719,16.94233,16.833351,15.598191,15.485153,16.285082,16.123262,18.296019,18.114887,17.586887,17.431692,15.81999,15.70899,4.0,0.0,0.0,0.0,0.0,0.0,0.0,0.0
15611,2023.0,4.0,19.0,9.0,17.888035,18.339336,20.217457,22.306154,17.797308,18.281282,16.851786,16.750109,15.580295,15.4713125,16.221786,16.065306,19.023457,19.554596,18.558989,19.344666,15.779378,15.672488,0.0,4.0,0.0,0.0,0.0,4.0,4.0,0.0
15612,2023.0,4.0,19.0,10.0,17.417944,17.384718,18.248827,18.342903,17.46464,17.522268,16.75828,16.667276,15.563263,15.458599,16.159632,16.012913,18.580236,18.519989,17.796755,17.59579,15.738562,15.63639,0.0,0.0,0.0,0.0,0.0,0.0,0.0,0.0
15613,2023.0,4.0,19.0,10.0,17.110775,16.970695,17.972794,18.257101,16.955341,16.657064,16.682112,16.596445,15.550553,15.448805,16.114384,15.972155,18.123163,17.749296,17.412659,17.083448,15.706133,15.606334,4.0,0.0,0.0,0.0,0.0,0.0,0.0,0.0
15614,2023.0,4.0,19.0,10.0,17.705856,18.207594,20.221704,22.406952,16.778193,16.464727,16.61444,16.539097,15.539681,15.441032,16.0748,15.938854,17.982178,17.601189,17.284819,16.968174,15.678492,15.582576,0.0,0.0,0.0,0.0,0.0,0.0,0.0,0.0
15615,2023.0,4.0,19.0,10.0,17.282425,17.295933,18.509327,18.891119,16.829191,16.699018,16.543222,16.476591,15.529699,15.433545,16.035244,15.9052,18.070965,17.878273,17.324133,17.165455,15.650762,15.557719,0.0,0.0,0.0,0.0,0.0,0.0,0.0,0.0
15616,2023.0,4.0,19.0,10.0,16.98922,16.88729,17.603077,17.530703,16.819267,16.733305,16.483683,16.421568,15.523521,15.429135,16.007738,15.880358,18.087837,17.931442,17.308472,17.175516,15.628953,15.537157,0.0,0.0,0.0,0.0,0.0,0.0,0.0,0.0
15617,2023.0,4.0,19.0,10.0,16.873419,16.779575,17.297615,17.19476,16.761236,16.681997,16.427155,16.370008,15.518129,15.425641,15.982729,15.858465,18.056135,17.904793,17.258888,17.129993,15.609416,15.519263,0.0,0.0,0.0,0.0,0.0,0.0,0.0,0.0
15618,2023.0,4.0,19.0,11.0,16.964054,17.05869,17.598501,17.950909,16.711105,16.642326,16.380075,16.332647,15.513121,15.422732,15.961832,15.842445,18.026897,17.881155,17.21474,17.091724,15.593144,15.505799,4.0,0.0,0.0,0.0,0.0,0.0,0.0,0.0
15619,2023.0,4.0,19.0,11.0,16.935907,17.047918,20.25982,22.64091,17.369652,17.927126,17.051445,17.637882,15.506476,15.416651,15.939803,15.82263,17.996855,17.854237,17.171724,17.052567,15.576697,15.490634,4.0,4.0,4.0,0.0,0.0,0.0,0.0,0.0
15620,2023.0,4.0,19.0,11.0,16.88402,17.003517,20.038967,21.974878,17.01959,17.088911,16.687748,16.759384,15.498945,15.409366,15.917402,15.801332,17.963507,17.822407,17.124664,17.007101,15.558679,15.473173,0.0,0.0,0.0,0.0,0.0,0.0,0.0,0.0
15621,2023.0,4.0,19.0,11.0,16.82563,16.945345,18.230402,18.361088,16.570904,16.399094,16.256971,16.111189,15.492052,15.403423,15.899543,15.786131,17.933079,17.794676,17.081661,16.967066,15.54178,15.45761,0.0,0.0,0.0,0.0,0.0,0.0,0.0,0.0
15622,2023.0,4.0,19.0,11.0,16.778894,16.89993,17.354048,17.081488,17.126165,17.529978,16.116764,15.934931,15.485816,15.398106,15.886116,15.774558,17.906715,17.769707,17.04455,16.93111,15.526707,15.443324,0.0,4.0,0.0,0.0,0.0,0.0,0.0,0.0
15623,2023.0,4.0,19.0,11.0,16.73681,16.861835,17.231733,17.124945,17.286379,17.736797,16.17261,16.118814,15.479408,15.39291,16.263731,16.49636,17.88228,17.747768,18.097815,18.95315,15.51256,15.430613,0.0,4.0,0.0,0.0,4.0,0.0,4.0,0.0
15624,2023.0,4.0,19.0,12.0,16.705631,16.84161,17.100748,17.042904,17.324417,17.775114,16.170025,16.146494,15.472861,15.387379,20.2254,23.273966,17.85936,17.726864,17.31697,17.231472,15.499204,15.41841,0.0,4.0,0.0,0.0,4.0,0.0,0.0,0.0
15625,2023.0,4.0,19.0,12.0,21.379461,25.021952,17.376312,17.717798,21.351944,24.74001,21.198133,25.028942,15.466375,15.382047,19.997341,22.358604,21.316711,23.77803,22.284555,25.859203,15.485539,15.405659,4.0,4.0,0.0,0.0,4.0,0.0,0.0,0.0
15626,2023.0,4.0,19.0,12.0,21.062952,23.939713,20.297058,22.833265,21.070704,23.752604,21.049845,24.148691,15.465331,15.381654,20.08895,22.20692,21.072403,23.084557,22.26332,25.302145,15.476355,15.397311,0.0,4.0,0.0,0.0,0.0,0.0,0.0,0.0
15627,2023.0,4.0,19.0,12.0,21.098835,23.699305,18.749704,19.479864,21.0979,23.52848,21.088947,23.853773,15.469794,15.3873415,18.176022,18.277145,21.057539,22.81081,20.892849,22.61262,15.473614,15.396087,4.0,0.0,0.0,0.0,0.0,0.0,0.0,0.0
15628,2023.0,4.0,19.0,12.0,21.056383,23.373098,20.264725,22.484741,21.059116,23.227673,21.077042,23.582808,15.477379,15.396401,17.459885,17.50453,21.02227,22.549326,21.087894,22.885942,15.476275,15.400344,4.0,4.0,0.0,0.0,4.0,4.0,0.0,0.0
15629,2023.0,4.0,19.0,12.0,21.085434,23.296278,20.043186,21.872076,21.08652,23.158165,21.076168,23.408152,15.487466,15.407626,20.364899,22.569519,21.053759,22.510885,21.055405,22.728203,15.482286,15.407873,0.0,0.0,0.0,0.0,0.0,0.0,0.0,0.0
15630,2023.0,4.0,19.0,13.0,21.077597,23.164053,18.65059,19.055798,21.078844,23.03321,21.073652,23.27656,15.499102,15.420008,18.34329,18.479244,21.057745,22.399454,21.019026,22.554214,15.490315,15.417085,4.0,0.0,0.0,0.0,0.0,0.0,4.0,0.0
15631,2023.0,4.0,19.0,13.0,21.07627,23.072517,20.234894,22.286875,21.07755,22.946346,21.072092,23.178335,15.511561,15.433288,17.349718,17.224384,21.05505,22.304268,21.073603,22.618584,15.49978,15.427534,0.0,0.0,0.0,0.0,0.0,0.0,0.0,0.0
15632,2023.0,4.0,19.0,13.0,21.062407,23.000416,18.442263,18.623228,21.063004,22.877436,21.070555,23.10245,15.524928,15.446918,17.140238,17.00507,21.04269,22.23181,21.062582,22.534124,15.510189,15.438706,0.0,0.0,0.0,0.0,0.0,0.0,0.0,0.0
15633,2023.0,4.0,19.0,13.0,21.062094,22.961105,17.987492,18.389326,21.06271,22.8416,21.06785,23.040115,15.538616,15.461232,17.417068,17.646317,21.041956,22.190336,21.020899,22.373213,15.521485,15.450858,4.0,0.0,0.0,0.0,4.0,0.0,4.0,0.0
15634,2023.0,4.0,19.0,13.0,21.145367,23.094595,20.246769,22.404762,21.171247,23.008848,21.15769,23.153978,15.551734,15.474267,20.316471,22.579056,21.122154,22.316807,21.176075,22.675959,15.532618,15.462147,0.0,4.0,4.0,0.0,0.0,0.0,0.0,0.0
15635,2023.0,4.0,19.0,13.0,21.06062,22.894308,18.616266,19.024483,21.066374,22.793743,21.047392,22.896744,15.566052,15.488618,18.513582,18.872341,21.0408,22.123175,21.05895,22.402777,15.544585,15.474584,0.0,0.0,4.0,0.0,0.0,0.0,0.0,0.0
15636,2023.0,4.0,19.0,14.0,21.034098,22.798012,17.572021,17.606148,21.047844,22.690876,21.058668,22.868036,15.580143,15.502846,17.424873,17.332502,21.040121,22.097448,21.058922,22.370796,16.601082,17.465357,0.0,4.0,4.0,0.0,0.0,0.0,0.0,4.0
15637,2023.0,4.0,19.0,14.0,19.528376,19.919523,17.26667,17.250319,19.831594,20.328856,19.21575,19.321745,15.5932045,15.515243,17.17111,17.042816,20.644995,21.287615,19.74177,19.824398,20.326561,23.638262,0.0,4.0,0.0,0.0,0.0,4.0,0.0,0.0
15638,2023.0,4.0,19.0,14.0,18.533178,18.567102,17.083336,17.061914,18.634357,18.522451,18.174278,18.013927,15.603741,15.525364,17.050507,16.920393,19.61334,19.450867,19.984335,20.737045,17.696777,17.973228,0.0,0.0,0.0,0.0,0.0,0.0,4.0,0.0
15639,2023.0,4.0,19.0,14.0,18.20572,18.176815,17.416262,17.785637,18.20068,17.976044,18.520557,18.891182,15.611405,15.532728,17.349138,17.546648,19.199005,18.87096,19.067844,18.947674,16.769127,16.6017,4.0,0.0,4.0,0.0,4.0,0.0,0.0,0.0
15640,2023.0,4.0,19.0,14.0,18.133215,18.239355,20.290247,22.805967,17.979141,17.76385,17.99559,17.956793,16.400896,17.014366,20.239082,22.65263,19.758968,20.084946,18.618309,18.347853,16.614178,16.503355,4.0,0.0,0.0,4.0,0.0,4.0,0.0,0.0
15641,2023.0,4.0,19.0,14.0,18.744064,19.526413,20.016161,21.966492,18.58144,19.103016,17.55648,17.410479,20.356853,23.691471,18.493526,18.864971,19.21158,18.958134,18.380766,18.113283,16.486843,16.387302,4.0,4.0,0.0,0.0,0.0,0.0,0.0,0.0
15642,2023.0,4.0,19.0,15.0,18.161634,18.300896,20.0762,21.911592,18.656569,19.130661,17.3465,17.195232,18.279871,19.04011,17.418423,17.340105,18.863434,18.553429,18.209085,17.951138,16.373016,16.27609,0.0,4.0,0.0,4.0,0.0,0.0,0.0,0.0
15643,2023.0,4.0,19.0,15.0,18.40417,19.02976,18.751465,19.213934,18.542875,19.000235,17.991648,18.55599,20.320803,23.024805,17.176619,17.053343,19.470266,19.820883,18.167234,18.016106,16.278969,16.182554,4.0,4.0,4.0,4.0,0.0,4.0,0.0,0.0
15644,2023.0,4.0,19.0,15.0,18.526037,19.165737,20.254034,22.219662,18.479763,18.937162,18.25033,18.896725,20.041544,22.190214,17.056429,16.925226,18.958765,18.719912,18.096802,17.962803,17.14873,17.8931,0.0,4.0,4.0,0.0,0.0,0.0,0.0,4.0
15645,2023.0,4.0,19.0,15.0,18.509077,19.152668,18.865294,19.33749,18.427238,18.88594,17.528969,17.534218,18.099003,18.239693,16.963533,16.833223,19.374424,19.726273,18.003807,17.873812,20.33425,23.25192,4.0,4.0,0.0,0.0,0.0,4.0,0.0,0.0
15646,2023.0,4.0,19.0,15.0,18.490864,19.129412,20.247559,22.138042,18.380022,18.837843,17.095411,16.967924,17.768436,18.19255,16.881905,16.75066,19.620853,20.051897,17.916624,17.789408,18.576975,19.364246,4.0,4.0,0.0,4.0,0.0,4.0,0.0,4.0
15647,2023.0,4.0,19.0,15.0,18.469421,19.103596,20.040154,21.622791,18.337875,18.794807,17.598524,18.033045,20.266838,22.645134,16.80976,16.679075,18.896378,18.665419,18.88795,19.696413,20.297224,22.780338,0.0,4.0,4.0,0.0,0.0,0.0,4.0,0.0
15648,2023.0,4.0,19.0,16.0,18.461441,19.100002,18.857595,19.260466,18.301172,18.757046,17.221306,17.209612,18.207676,18.363308,16.74853,16.621471,19.29786,19.650473,19.136803,19.847599,18.116241,18.268597,4.0,4.0,0.0,0.0,0.0,4.0,4.0,0.0
15649,2023.0,4.0,19.0,16.0,18.446552,19.078724,20.205423,21.866882,18.269741,18.720299,17.599092,18.031555,17.367338,17.12969,16.698057,16.569986,18.733988,18.505167,18.248676,18.145048,17.291914,17.076893,4.0,4.0,4.0,0.0,0.0,0.0,0.0,0.0
15650,2023.0,4.0,19.0,16.0,18.425426,19.049334,20.028042,21.44733,18.234041,18.679214,17.16717,17.123604,17.914171,18.446096,16.642342,16.515137,18.41538,18.105675,18.805899,19.471138,17.058313,16.923872,4.0,4.0,0.0,4.0,0.0,0.0,4.0,0.0
15651,2023.0,4.0,19.0,16.0,17.77846,17.85536,20.0691,21.496101,18.200779,18.640514,17.490429,17.921944,20.242355,22.498478,16.989595,17.215479,19.071537,19.43325,19.079115,19.764633,16.886919,16.765926,0.0,4.0,4.0,0.0,4.0,4.0,4.0,0.0
15652,2023.0,4.0,19.0,16.0,18.119688,18.711222,18.610151,18.66065,18.169527,18.603338,17.073847,17.03467,18.223787,18.318676,20.351057,22.930923,19.335032,19.758333,18.21088,18.087948,16.728582,16.610636,0.0,4.0,0.0,0.0,4.0,4.0,0.0,0.0
15653,2023.0,4.0,19.0,16.0,18.279898,18.890547,17.876965,17.824005,17.539604,17.449812,17.415293,17.860043,17.866726,18.26002,20.016592,22.038052,19.367992,19.784857,17.742342,17.489586,16.591516,16.474373,0.0,0.0,4.0,4.0,0.0,4.0,0.0,0.0
15654,2023.0,4.0,19.0,17.0,18.271883,18.869112,17.64994,17.59543,17.175282,16.977793,16.98683,16.939642,20.25342,22.484808,18.19424,18.27121,19.378862,19.787169,17.57907,17.319723,16.478886,16.367683,0.0,0.0,0.0,4.0,0.0,4.0,0.0,0.0
15655,2023.0,4.0,19.0,17.0,18.266392,18.856386,17.933256,18.290709,17.002413,16.775387,16.629847,16.450132,20.037893,21.857445,17.152777,16.86366,19.381762,19.781918,17.459703,17.194723,16.374199,16.262568,4.0,0.0,0.0,0.0,0.0,4.0,0.0,0.0
15656,2023.0,4.0,19.0,17.0,17.649263,17.705788,20.251102,22.34918,17.563953,17.915161,17.186893,17.584682,18.241112,18.249794,17.030209,16.868694,18.682337,18.464432,17.485514,17.344496,16.287714,16.182823,4.0,4.0,4.0,0.0,0.0,0.0,0.0,0.0
15657,2023.0,4.0,19.0,17.0,17.281172,17.22303,20.038193,21.71906,17.200886,17.109278,17.413525,17.855228,17.276886,17.014729,16.940523,16.79724,19.063612,19.40896,18.534132,19.362265,16.206627,16.104187,0.0,0.0,4.0,0.0,0.0,4.0,4.0,0.0
15658,2023.0,4.0,19.0,17.0,17.133509,17.055761,18.437342,18.513584,16.862612,16.647676,17.434599,17.867048,17.82463,18.318104,16.830275,16.693535,18.551037,18.318665,18.747852,19.422138,16.134277,16.034922,0.0,0.0,4.0,4.0,0.0,0.0,4.0,0.0
15659,2023.0,4.0,19.0,17.0,17.760344,18.297558,18.062346,18.118622,16.889246,16.793571,16.852352,16.771986,20.286602,22.581665,16.74541,16.609716,18.264442,17.921555,17.842304,17.686422,16.075407,15.977908,4.0,0.0,0.0,0.0,0.0,0.0,0.0,0.0
15660,2023.0,4.0,19.0,18.0,17.997269,18.577766,20.230328,22.115286,16.88385,16.8166,16.498318,16.297735,18.203993,18.25284,17.052235,17.271418,18.884563,19.211838,17.399023,17.135672,16.013416,15.918943,0.0,0.0,0.0,0.0,4.0,4.0,0.0,0.0
15661,2023.0,4.0,19.0,18.0,21.326603,24.365744,18.470537,18.505573,21.279196,24.621517,21.203278,24.645329,17.101603,16.81134,20.400414,22.919855,22.053171,24.641436,22.455942,25.839268,15.949856,15.853863,0.0,0.0,0.0,0.0,0.0,4.0,0.0,0.0
15662,2023.0,4.0,19.0,18.0,21.030416,23.411472,17.638432,17.548264,20.990604,23.542475,21.008469,23.756987,16.94286,16.786215,18.385101,18.733023,21.054123,22.530333,21.55522,23.937525,15.89231,15.796603,0.0,4.0,0.0,0.0,0.0,4.0,0.0,0.0
15663,2023.0,4.0,19.0,18.0,21.05605,23.201162,17.922018,18.24703,21.080393,23.435915,21.057165,23.517317,16.832779,16.69112,17.213411,17.108713,21.082218,22.47204,21.097338,23.024143,15.84151,15.745486,4.0,0.0,4.0,0.0,0.0,0.0,0.0,0.0
15664,2023.0,4.0,19.0,18.0,21.081617,23.108297,20.25686,22.327127,21.083693,23.20458,21.09408,23.367968,16.70356,16.569452,16.942205,16.799076,21.028986,22.246746,21.057314,22.799662,15.79917,15.705304,4.0,0.0,0.0,0.0,0.0,4.0,0.0,0.0
15665,2023.0,4.0,19.0,18.0,21.049597,22.905584,20.03959,21.687551,21.057095,22.967127,21.085623,23.181004,17.396812,17.989847,16.765778,16.611732,21.064354,22.267235,21.059528,22.701113,15.758517,15.665019,0.0,4.0,0.0,4.0,0.0,0.0,0.0,0.0
15666,2023.0,4.0,19.0,19.0,21.054392,22.83121,18.67228,18.90487,21.061125,22.860172,21.06917,23.055912,20.293201,22.89393,17.026886,17.212944,21.058193,22.1954,21.020065,22.519798,15.720477,15.628068,4.0,4.0,0.0,0.0,4.0,0.0,4.0,0.0
15667,2023.0,4.0,19.0,19.0,21.169367,22.997486,20.318178,22.23642,21.159315,22.97187,21.17701,23.18039,17.914665,17.883648,20.432892,22.929367,21.151993,22.319082,21.192228,22.817324,15.678662,15.581392,4.0,4.0,4.0,0.0,0.0,4.0,0.0,0.0
15668,2023.0,4.0,19.0,19.0,21.05201,22.70917,20.028286,21.490831,21.058437,22.701784,21.049019,22.86872,17.480778,17.79366,18.328382,18.616922,21.033276,22.05103,21.068157,22.505255,15.636795,15.535241,4.0,4.0,4.0,4.0,0.0,4.0,0.0,0.0
15669,2023.0,4.0,19.0,19.0,21.052034,22.669111,20.057993,21.445538,21.058046,22.649612,21.065378,22.827318,20.386036,22.738409,17.504128,17.67983,21.063038,22.108273,21.030123,22.35456,15.596259,15.490311,4.0,4.0,4.0,0.0,4.0,0.0,4.0,0.0
15670,2023.0,4.0,19.0,19.0,21.050985,22.631987,20.054062,21.366575,21.082144,22.674166,21.087116,22.833488,18.01324,17.906048,20.399694,22.63813,21.05799,22.071396,21.076424,22.44516,15.556908,15.446435,4.0,0.0,0.0,0.0,0.0,0.0,0.0,0.0
15671,2023.0,4.0,19.0,19.0,21.077295,22.673422,20.053764,21.312551,21.051888,22.55253,21.057089,22.70227,17.59476,17.857899,18.421198,18.636097,21.058434,22.048374,21.06801,22.397196,15.518937,15.404214,4.0,4.0,4.0,4.0,0.0,0.0,0.0,0.0
15672,2023.0,4.0,19.0,20.0,21.045506,22.557785,20.07157,21.321644,21.057142,22.532085,21.086828,22.741959,20.398067,22.616062,17.656288,17.804314,21.043165,22.027737,21.068806,22.37068,15.482082,15.363019,0.0,4.0,0.0,0.0,4.0,0.0,0.0,0.0
15673,2023.0,4.0,19.0,20.0,21.077162,22.615639,18.49255,18.262836,21.081356,22.573849,21.080948,22.69289,18.587704,18.89245,20.38585,22.500265,21.044994,22.034225,21.053905,22.34612,15.445886,15.322227,0.0,0.0,0.0,4.0,0.0,0.0,0.0,0.0
15674,2023.0,4.0,19.0,20.0,21.071321,22.57613,17.820679,17.59982,21.075998,22.533932,21.081,22.659174,20.366865,22.35598,18.135912,17.980993,21.044989,22.034054,21.055794,22.349052,15.41055,15.2825365,0.0,0.0,0.0,0.0,0.0,0.0,0.0,0.0
15675,2023.0,4.0,19.0,20.0,21.044874,22.478106,17.631567,17.429506,21.051523,22.438795,21.061985,22.62978,18.13955,17.929272,16.902674,16.400333,21.01529,21.954552,21.05555,22.345333,15.375832,15.24332,0.0,4.0,0.0,0.0,0.0,4.0,0.0,0.0
15676,2023.0,4.0,19.0,20.0,21.04992,22.472652,17.42174,17.205378,21.055998,22.430004,21.064081,22.634558,17.002048,16.51944,16.834875,16.58542,21.067575,22.049276,21.055319,22.33991,15.340683,15.202752,0.0,4.0,0.0,0.0,0.0,0.0,0.0,0.0
15677,2023.0,4.0,19.0,20.0,21.050644,22.461958,17.251286,17.036001,21.056057,22.415236,21.063925,22.631361,17.72876,18.209526,16.75522,16.538055,21.059404,22.005308,21.055492,22.334332,15.307688,15.166011,0.0,4.0,0.0,4.0,0.0,0.0,0.0,0.0
15678,2023.0,4.0,19.0,21.0,21.050766,22.451195,17.096424,16.87706,21.081423,22.47092,21.064037,22.626263,20.28265,22.4995,16.612072,16.401726,21.060318,21.983482,21.055712,22.328407,15.274413,15.12843,0.0,0.0,0.0,0.0,0.0,0.0,0.0,0.0
15679,2023.0,4.0,19.0,21.0,21.077255,22.511646,17.407606,17.572535,21.076097,22.439882,21.063967,22.619308,17.983994,17.752724,16.857561,16.984814,21.043098,21.964191,21.016365,22.216606,15.241649,15.091589,4.0,0.0,0.0,0.0,4.0,0.0,4.0,0.0
15680,2023.0,4.0,19.0,21.0,21.15843,22.636917,20.234507,22.553932,21.151447,22.570368,21.332417,23.14814,16.806187,16.29032,20.408405,22.932165,21.12772,22.140596,21.350733,22.883404,15.209592,15.055603,4.0,0.0,0.0,0.0,0.0,0.0,0.0,0.0
15681,2023.0,4.0,19.0,21.0,21.077486,22.480522,20.033264,21.806301,21.05582,22.39945,21.03819,22.523745,17.576773,18.057413,18.492357,18.945803,21.04487,21.975822,21.06867,22.284044,16.145561,16.844826,4.0,0.0,4.0,4.0,4.0,0.0,0.0,4.0
15682,2023.0,4.0,19.0,21.0,21.071709,22.454094,20.086258,21.707258,21.033722,22.34702,21.04398,22.532494,20.376139,22.761911,20.31031,22.537394,21.045237,21.977318,21.03109,22.16042,20.525658,24.119818,0.0,4.0,4.0,0.0,0.0,0.0,4.0,0.0
15683,2023.0,4.0,19.0,21.0,21.072191,22.439056,18.19545,17.928625,21.063686,22.43732,21.088818,22.593904,18.440668,18.639252,18.363218,18.504633,21.045282,21.976015,21.038443,22.16719,17.326628,17.271786,0.0,0.0,0.0,4.0,0.0,0.0,4.0,0.0
15684,2023.0,4.0,19.0,22.0,21.052715,22.424635,17.422287,17.138498,21.079403,22.426657,21.081059,22.537804,20.385645,22.393892,17.223953,16.997458,21.045355,21.973793,21.077995,22.268473,15.802373,15.3756,0.0,0.0,0.0,4.0,0.0,0.0,0.0,0.0
15685,2023.0,4.0,19.0,22.0,21.05437,22.440159,17.242058,16.967348,21.048775,22.316158,21.053604,22.433035,20.033506,21.63662,16.8906,16.62361,21.04478,21.970045,21.068233,22.234934,15.764444,15.592477,0.0,4.0,4.0,0.0,0.0,0.0,0.0,0.0
15686,2023.0,4.0,19.0,22.0,21.02779,22.37376,17.07887,16.81619,21.082956,22.38555,21.06222,22.432013,18.004934,17.62026,17.00746,17.025362,21.045362,21.967804,21.070957,22.22514,15.688343,15.505459,0.0,0.0,4.0,0.0,4.0,0.0,0.0,0.0
15687,2023.0,4.0,19.0,22.0,21.060226,22.468773,16.925097,16.660318,21.0763,22.352705,21.086166,22.486063,16.952291,16.357096,20.442308,22.85351,21.045387,21.964334,21.030787,22.105392,15.5792465,15.395279,0.0,0.0,0.0,0.0,0.0,0.0,4.0,0.0
15688,2023.0,4.0,19.0,22.0,21.074728,22.459461,17.245766,17.368338,21.055061,22.336164,21.080627,22.456615,16.926157,16.646748,18.281328,18.455576,21.045359,21.960772,21.078472,22.227404,15.486181,15.301969,4.0,0.0,0.0,0.0,0.0,0.0,0.0,0.0
15689,2023.0,4.0,19.0,22.0,21.162813,22.608496,20.25574,22.68923,21.18571,22.61094,21.164183,22.60664,16.854315,16.616547,17.044294,16.791695,21.14221,22.150925,21.188938,22.439768,15.404753,15.219792,0.0,0.0,0.0,0.0,0.0,0.0,0.0,0.0
15690,2023.0,4.0,19.0,23.0,21.051939,22.405035,18.35756,18.613626,21.057152,22.358175,21.058607,22.423487,16.698072,16.469318,16.739378,16.477797,21.044998,21.95021,21.07052,22.190235,16.08301,16.56183,0.0,0.0,0.0,0.0,0.0,0.0,0.0,4.0
15691,2023.0,4.0,19.0,23.0,19.722015,19.867563,17.191055,16.999365,19.665545,19.695007,19.590424,19.628431,16.551865,16.321426,16.550537,16.285975,19.883982,19.716028,19.687244,19.557959,15.712752,15.611068,0.0,0.0,0.0,0.0,0.0,0.0,0.0,0.0
15692,2023.0,4.0,19.0,23.0,19.063118,18.941933,16.926819,16.651747,18.922783,18.616133,18.824907,18.539675,16.436274,16.19876,16.409245,16.135454,19.413149,19.09754,19.104437,18.817825,15.205208,14.766186,0.0,0.0,0.0,0.0,0.0,0.0,0.0,0.0
15693,2023.0,4.0,19.0,23.0,18.777592,18.646244,16.786812,16.503729,18.61316,18.286995,18.496513,18.195024,16.329958,16.090282,16.281954,16.005882,19.207691,18.895245,18.82238,18.53838,15.018078,14.557983,0.0,0.0,0.0,0.0,0.0,0.0,0.0,0.0
15694,2023.0,4.0,19.0,23.0,18.56203,18.434952,16.669476,16.385885,18.384909,18.061493,18.250538,17.952831,16.23347,15.993152,16.168253,15.892003,19.03339,18.720749,18.593748,18.317865,15.182283,15.002623,0.0,0.0,0.0,0.0,0.0,0.0,0.0,0.0
15695,2023.0,4.0,19.0,23.0,18.3725,18.243029,16.560808,16.272398,18.18405,17.856932,18.033848,17.732597,16.140802,15.89786,16.05917,15.779673,18.877613,18.562344,18.391281,18.118944,15.149706,14.953749,0.0,0.0,0.0,0.0,0.0,0.0,0.0,0.0
15696,2023.0,4.0,20.0,0.0,18.21588,18.094692,16.470068,16.186142,18.020088,17.702856,17.857267,17.566837,16.057405,15.815538,16.279016,16.279243,18.743343,18.43111,18.212868,17.941706,15.098938,14.902356,0.0,0.0,0.0,0.0,4.0,0.0,0.0,0.0
15697,2023.0,4.0,20.0,0.0,18.079933,17.97014,16.389433,16.112368,18.583973,18.899532,18.413923,18.76005,15.98215,15.744362,16.310778,16.325294,18.626032,18.32027,18.05804,17.794905,15.052062,14.857465,0.0,4.0,4.0,0.0,4.0,0.0,0.0,0.0
15698,2023.0,4.0,20.0,0.0,17.951662,17.846453,16.311724,16.037237,18.703568,19.094458,17.896568,17.76541,15.909096,15.672397,16.003725,15.770577,18.515778,18.211748,17.91347,17.652607,15.005313,14.811129,0.0,4.0,0.0,0.0,0.0,0.0,0.0,0.0
15699,2023.0,4.0,20.0,0.0,17.83642,17.737373,16.240898,15.970235,17.636383,17.065006,17.186422,16.54525,15.841494,15.606995,15.836791,15.572854,18.417044,18.116291,17.7839,17.527,15.004007,14.845399,0.0,0.0,0.0,0.0,0.0,0.0,0.0,0.0
15700,2023.0,4.0,20.0,0.0,17.711964,17.61593,16.162996,15.894544,17.040827,16.300232,16.793314,16.079432,15.767952,15.534098,15.725062,15.459062,18.311148,18.011477,17.645103,17.389719,15.661857,16.113148,0.0,0.0,0.0,0.0,0.0,0.0,0.0,4.0
15701,2023.0,4.0,20.0,0.0,17.6157,17.522215,16.100607,15.833656,16.85724,16.110214,17.009626,16.680613,15.707742,15.47428,15.644234,15.378115,18.228083,17.928951,17.53651,17.281904,15.14184,14.966336,0.0,0.0,0.0,0.0,0.0,0.0,0.0,0.0
15702,2023.0,4.0,20.0,1.0,17.521765,17.429943,16.039007,15.773455,17.121416,16.787632,17.019379,16.758644,15.648744,15.415239,15.8729105,15.872412,18.147854,17.848806,17.431446,17.176771,15.012631,14.8386755,0.0,0.0,0.0,0.0,4.0,0.0,0.0,0.0
15703,2023.0,4.0,20.0,1.0,17.42461,17.335331,15.973932,15.709579,17.150848,16.86496,16.933144,16.677904,15.586413,15.353151,15.962336,15.983248,18.064787,17.766459,17.323103,17.069845,15.397708,15.5852785,0.0,0.0,0.0,0.0,4.0,0.0,0.0,4.0
15704,2023.0,4.0,20.0,1.0,17.345863,17.258453,15.9200325,15.65615,17.085308,16.806862,16.855911,16.603518,16.11769,16.39772,15.665001,15.430544,17.996943,17.698895,17.234964,16.982378,14.9440565,14.752683,0.0,0.0,0.0,4.0,0.0,0.0,0.0,0.0
15705,2023.0,4.0,20.0,1.0,17.261236,17.175589,15.860795,15.597788,17.002396,16.72749,16.768484,16.518955,15.780216,15.581649,15.475638,15.21424,17.9238,17.626278,17.140007,16.888357,15.026722,14.930081,0.0,0.0,0.0,0.0,0.0,0.0,0.0,0.0
15706,2023.0,4.0,20.0,1.0,17.177607,17.089897,15.800723,15.535662,16.917965,16.642296,16.680845,16.430052,15.546541,15.311953,15.692454,15.702366,17.852018,17.552616,17.047712,16.794434,15.003863,14.920791,0.0,0.0,0.0,0.0,4.0,0.0,0.0,0.0
15707,2023.0,4.0,20.0,1.0,17.1044,17.020288,15.74789,15.485079,16.843222,16.572203,16.603905,16.357468,16.0461,16.32556,15.7713375,15.790246,17.78787,17.490316,16.965,16.71422,15.00825,14.955085,0.0,0.0,0.0,4.0,4.0,0.0,0.0,0.0
15708,2023.0,4.0,20.0,2.0,17.034237,16.95166,15.696274,15.434111,16.770641,16.502348,16.52963,16.285505,15.415257,14.932447,15.173407,14.63092,17.725979,17.429178,16.885765,16.636286,15.008137,14.975669,0.0,0.0,0.0,0.0,0.0,0.0,0.0,0.0
15709,2023.0,4.0,20.0,2.0,16.964935,16.88178,15.643736,15.380426,16.69919,16.431171,16.456543,16.21243,15.027502,14.490376,15.084151,14.722385,17.664917,17.366905,17.831516,18.483496,15.008759,14.994462,0.0,0.0,0.0,0.0,4.0,0.0,4.0,0.0
15710,2023.0,4.0,20.0,2.0,16.897575,16.813787,15.591652,15.326987,17.339329,17.688944,16.386038,16.14166,15.012403,14.575879,15.08113,14.728324,17.60556,17.306154,16.9238,16.426401,15.512916,15.950382,0.0,4.0,0.0,0.0,4.0,0.0,0.0,4.0
15711,2023.0,4.0,20.0,2.0,16.830578,16.744398,15.53898,15.271493,16.98013,16.845432,16.316763,16.069921,15.1159,14.8564625,15.00786,14.662043,17.547052,17.244963,16.409752,15.840141,14.971777,14.876756,0.0,0.0,0.0,0.0,0.0,0.0,0.0,0.0
15712,2023.0,4.0,20.0,2.0,16.766947,16.679531,15.4880705,15.218737,16.248407,15.58994,16.250977,16.00293,15.130817,14.886952,15.011883,14.731517,17.490976,17.187166,16.24624,15.672361,15.036813,15.030388,0.0,0.0,0.0,0.0,0.0,0.0,0.0,0.0
15713,2023.0,4.0,20.0,2.0,16.705376,16.616848,15.438275,15.167407,15.942946,15.218071,16.187475,15.938637,15.089739,14.846815,15.003774,14.76286,18.203712,18.581387,16.436924,16.17956,15.018164,15.003009,0.0,0.0,0.0,0.0,0.0,4.0,0.0,0.0
15714,2023.0,4.0,20.0,3.0,16.644865,16.554174,15.388533,15.11529,16.196444,15.854192,16.124702,15.87414,15.04071,14.796346,15.215341,15.195176,17.730135,17.468298,16.458523,16.200386,15.009772,15.016511,0.0,0.0,0.0,0.0,4.0,0.0,0.0,0.0
15715,2023.0,4.0,20.0,3.0,16.586296,16.493956,15.340423,15.065192,16.283092,16.00192,16.064146,15.812278,14.998273,14.76242,14.980126,14.763061,17.115688,16.45211,16.399708,16.141113,15.011468,15.0417795,0.0,0.0,0.0,0.0,0.0,0.0,0.0,0.0
15716,2023.0,4.0,20.0,3.0,16.52601,16.429155,15.28952,15.008946,16.24125,15.962189,16.001478,15.744657,15.003863,14.8087015,15.011563,14.880513,16.86125,16.161144,16.337341,16.07597,15.02093,15.080153,0.0,0.0,0.0,0.0,0.0,0.0,0.0,0.0
15717,2023.0,4.0,20.0,3.0,16.489613,16.411224,15.246422,14.96781,16.191607,15.915356,15.947687,15.693527,15.0045595,14.829359,15.004373,14.864532,17.140793,16.840685,16.279287,16.019169,15.01007,15.071222,0.0,0.0,0.0,0.0,0.0,0.0,0.0,0.0
15718,2023.0,4.0,20.0,3.0,16.439478,16.359316,15.197418,14.914188,16.134823,15.855082,15.888447,15.63015,15.00759,14.859803,15.01408,14.907137,17.172653,16.858616,16.218557,15.956237,15.023638,15.113306,0.0,0.0,0.0,0.0,0.0,0.0,0.0,0.0
15719,2023.0,4.0,20.0,3.0,16.389408,16.309715,15.155895,14.875104,16.084917,15.808568,15.8374,15.582213,15.473187,15.746279,15.007697,14.907791,17.13042,16.817562,16.162476,15.901946,15.010828,15.097142,0.0,0.0,0.0,4.0,0.0,0.0,0.0,0.0
15720,2023.0,4.0,20.0,4.0,16.33658,16.25408,15.1111355,14.8287735,16.03161,15.754666,15.783349,15.527147,15.105871,14.888442,15.009962,14.928157,17.08485,16.771194,16.10484,15.843741,15.013986,15.115118,0.0,0.0,0.0,0.0,0.0,0.0,0.0,0.0
15721,2023.0,4.0,20.0,4.0,16.282108,16.194994,15.06387,14.777065,15.97565,15.695044,15.727045,15.466767,15.01006,14.883993,15.017835,14.959814,17.03755,16.721796,16.046364,15.783226,15.026129,15.150675,0.0,0.0,0.0,0.0,0.0,0.0,0.0,0.0
15722,2023.0,4.0,20.0,4.0,16.230936,16.141829,15.021016,14.733622,15.924202,15.643798,15.675619,15.415165,15.010457,14.901976,15.018611,14.971043,16.99246,16.676676,15.990932,15.727971,15.025979,15.155551,0.0,0.0,0.0,0.0,0.0,0.0,0.0,0.0
15723,2023.0,4.0,20.0,4.0,16.17998,16.088907,15.001124,14.734309,15.873318,15.593041,15.624998,15.364287,15.013428,14.92927,15.019977,14.986039,16.947546,16.63172,15.936196,15.673401,15.026978,15.167214,0.0,0.0,0.0,0.0,0.0,0.0,0.0,0.0
15724,2023.0,4.0,20.0,4.0,16.13217,16.041943,15.003357,14.767576,16.573391,16.950932,15.579336,15.322607,15.007602,14.933672,15.0100765,14.979104,16.905222,16.591755,15.884883,15.62505,15.013615,15.152145,0.0,4.0,0.0,0.0,0.0,0.0,0.0,0.0
15725,2023.0,4.0,20.0,4.0,16.079737,15.985927,15.003807,14.793277,16.195217,16.045519,15.529644,15.272208,15.009389,14.953473,15.012696,14.996485,16.860722,16.546947,15.831711,15.571733,15.016031,15.1679325,0.0,0.0,0.0,0.0,0.0,0.0,0.0,0.0
15726,2023.0,4.0,20.0,5.0,16.039825,15.954611,15.004469,14.816623,15.46573,14.789139,15.480663,15.222718,15.009714,14.968781,15.0126705,15.008066,16.816418,16.502485,15.779032,15.519176,15.015964,15.17844,0.0,0.0,0.0,0.0,0.0,0.0,0.0,0.0
15727,2023.0,4.0,20.0,5.0,16.003773,15.925286,15.004888,14.83771,15.1794405,14.445309,15.43546,15.180304,15.01009,14.983499,15.01317,15.020434,16.7751,16.464022,16.779093,17.446917,15.016437,15.189783,0.0,0.0,0.0,0.0,0.0,0.0,4.0,0.0
15728,2023.0,4.0,20.0,5.0,15.958083,15.879018,15.005396,14.857537,15.440989,15.084335,15.391351,15.138748,15.010558,14.997607,15.01352,15.032158,16.734364,16.425768,15.878651,15.374273,15.016672,15.200763,0.0,0.0,0.0,0.0,0.0,0.0,0.0,0.0
15729,2023.0,4.0,20.0,5.0,15.909284,15.826753,15.010322,14.886587,15.565601,15.293536,15.343843,15.089651,15.019868,15.029948,15.025399,15.067365,16.691687,16.383057,15.366553,14.782438,15.033703,15.245001,0.0,0.0,0.0,0.0,0.0,0.0,0.0,0.0
15730,2023.0,4.0,20.0,5.0,15.864948,15.782575,15.005737,14.892417,15.537508,15.269715,15.303275,15.053795,15.009057,15.018454,15.011104,15.047714,16.653206,16.348087,15.237416,14.664771,15.375101,15.869854,0.0,0.0,0.0,0.0,0.0,0.0,0.0,4.0
15731,2023.0,4.0,20.0,5.0,15.819486,15.736732,15.006821,14.911035,15.49899,15.234636,15.261168,15.013859,15.012279,15.036636,14.998599,15.025137,16.61421,16.311342,15.438436,15.174192,14.959669,15.080198,0.0,0.0,0.0,0.0,4.0,0.0,0.0,0.0
15732,2023.0,4.0,20.0,6.0,15.7748995,15.692098,15.013243,14.940488,15.45609,15.192486,15.217331,14.970067,15.022149,15.067932,15.002334,15.048327,16.575624,16.274279,15.484039,15.235493,15.059365,15.286802,0.0,0.0,0.0,0.0,4.0,0.0,0.0,0.0
15733,2023.0,4.0,20.0,6.0,21.119987,25.073109,15.309918,15.496421,20.576134,24.128082,20.376057,23.972876,15.01042,15.052333,19.562298,22.551645,20.434313,22.826242,21.461979,25.3708,15.011347,15.201802,4.0,0.0,0.0,0.0,0.0,0.0,4.0,0.0
15734,2023.0,4.0,20.0,6.0,21.002455,24.23497,19.936304,23.348562,21.043707,24.36396,21.0734,24.605282,15.012305,15.063108,17.14344,17.512667,21.293367,24.119043,21.24357,24.508846,15.017987,15.229414,0.0,0.0,0.0,0.0,0.0,0.0,0.0,0.0
15735,2023.0,4.0,20.0,6.0,21.10486,23.995987,17.538101,18.04739,21.100012,24.039104,21.101328,24.199556,15.312948,15.618299,15.776261,15.787943,21.817335,24.677704,21.922356,25.274298,15.016916,15.2314205,0.0,0.0,0.0,4.0,4.0,0.0,0.0,0.0
15736,2023.0,4.0,20.0,6.0,21.112576,23.738745,15.81974,15.675689,21.067348,23.666279,21.0941,23.880888,20.308468,24.160402,20.368937,23.563295,22.184082,24.999804,22.144806,25.100643,15.652361,16.113073,0.0,4.0,0.0,0.0,0.0,0.0,4.0,0.0
15737,2023.0,4.0,20.0,6.0,21.081038,23.449648,15.457321,15.21626,21.09292,23.53831,21.092659,23.666912,17.339712,17.694883,17.663067,18.029463,20.950691,22.532907,20.890799,22.701725,14.998202,15.088397,0.0,0.0,0.0,0.0,0.0,0.0,0.0,0.0
15738,2023.0,4.0,20.0,7.0,21.082272,23.307373,15.277278,15.016488,21.085623,23.309265,21.065464,23.442598,16.26807,16.605873,15.98154,15.72353,21.080923,22.72025,21.126936,23.094704,15.018814,15.159856,0.0,4.0,4.0,4.0,0.0,0.0,0.0,0.0
15739,2023.0,4.0,20.0,7.0,21.105469,23.268753,15.166731,14.918631,21.085932,23.175985,21.069498,23.346115,20.267683,23.35824,15.642829,15.387717,21.063297,22.620611,21.092472,22.956638,15.014034,15.168098,0.0,4.0,4.0,0.0,0.0,0.0,0.0,0.0
15740,2023.0,4.0,20.0,7.0,21.097454,23.16748,15.077091,14.841381,21.082857,23.073404,21.115051,23.330757,17.230944,17.108328,15.452667,15.208768,21.062983,22.565989,22.215353,24.772722,15.014039,15.179493,0.0,4.0,0.0,0.0,0.0,0.0,0.0,0.0
15741,2023.0,4.0,20.0,7.0,21.070208,23.029394,15.001393,14.782934,21.104511,23.063448,21.104404,23.21556,15.954918,15.733753,15.305273,15.073602,21.06114,22.51659,22.154509,24.55588,15.013654,15.185831,0.0,0.0,0.0,0.0,0.0,0.0,0.0,0.0
15742,2023.0,4.0,20.0,7.0,21.073069,22.993732,15.418175,15.624505,21.097006,22.987482,21.1029,23.141256,15.7536545,15.549227,15.589992,15.723985,21.030615,22.398571,21.194174,22.857216,15.012988,15.188756,4.0,0.0,0.0,0.0,4.0,4.0,0.0,0.0
15743,2023.0,4.0,20.0,7.0,21.789848,24.191366,20.22962,23.867163,21.75845,24.039282,21.647701,23.969643,15.589297,15.395763,20.312227,23.767902,21.738108,23.533115,21.831861,23.864586,15.789368,16.34923,4.0,4.0,4.0,0.0,4.0,4.0,4.0,0.0
15744,2023.0,4.0,20.0,8.0,21.909674,24.241884,20.02782,22.9113,21.88738,24.098293,21.917984,24.309027,16.28868,16.84114,20.042002,22.75976,21.645203,23.30313,21.97176,24.004768,15.73998,16.155777,4.0,4.0,4.0,4.0,0.0,0.0,0.0,0.0
15745,2023.0,4.0,20.0,8.0,19.939552,20.276396,20.117506,22.730085,19.914991,20.137955,19.409454,19.298134,20.300308,23.607082,17.391464,17.291761,19.576878,19.204418,20.366507,20.701763,14.988953,14.974938,0.0,4.0,0.0,0.0,0.0,0.0,4.0,0.0
15746,2023.0,4.0,20.0,8.0,18.290262,17.985277,17.588566,17.617167,18.785913,18.814552,17.765955,17.242413,17.391071,17.422369,16.647228,16.74868,18.593145,18.002987,18.638388,18.135447,15.728844,16.416393,0.0,4.0,0.0,0.0,4.0,0.0,0.0,4.0
15747,2023.0,4.0,20.0,8.0,17.78865,17.403065,17.18292,17.36605,18.536116,18.583923,17.995632,18.012625,16.267536,15.814486,20.337393,23.167582,19.086086,19.168152,18.111788,17.573263,19.86774,23.43369,4.0,4.0,4.0,0.0,0.0,4.0,0.0,0.0
15748,2023.0,4.0,20.0,8.0,17.47175,17.132832,20.257402,22.964928,18.328753,18.423952,18.006834,18.145884,16.918663,17.378836,18.362963,18.94738,19.232063,19.403734,17.78705,17.29178,17.473862,18.130737,4.0,4.0,4.0,4.0,4.0,4.0,0.0,4.0
15749,2023.0,4.0,20.0,8.0,17.219864,16.918495,20.061792,22.308672,17.53297,17.127197,17.860527,18.041891,21.165577,24.592426,20.287792,22.762907,19.181839,19.380129,17.519445,17.057383,21.599218,25.810858,0.0,0.0,4.0,0.0,0.0,4.0,0.0,4.0
15750,2023.0,4.0,20.0,9.0,18.012535,18.64605,18.158716,18.463251,17.719381,17.824938,17.105583,16.773708,18.20829,18.344246,18.238613,18.459963,19.13925,19.363197,17.50789,17.280773,19.87019,22.277285,4.0,4.0,0.0,0.0,4.0,4.0,0.0,0.0
15751,2023.0,4.0,20.0,9.0,17.415623,17.362247,20.214342,22.658928,17.18632,16.846628,16.658249,16.253216,16.565104,16.208632,20.338003,22.575056,18.440437,18.096556,17.427359,17.24097,17.383204,17.349894,0.0,0.0,0.0,0.0,0.0,0.0,0.0,0.0
15752,2023.0,4.0,20.0,9.0,17.615004,18.047575,18.310177,18.684263,17.44321,17.61467,16.45685,16.071686,17.103813,17.564255,18.081797,18.086355,18.022644,17.579123,17.295,17.121315,16.176552,15.874833,4.0,4.0,0.0,4.0,0.0,0.0,0.0,0.0
15753,2023.0,4.0,20.0,9.0,17.058344,16.994635,20.23842,22.397814,16.922068,16.647902,16.525091,16.356956,20.331154,23.141472,17.29536,17.054783,17.882498,17.438864,17.191319,17.02442,15.871366,15.553855,4.0,0.0,0.0,0.0,0.0,0.0,0.0,0.0
15754,2023.0,4.0,20.0,9.0,17.410856,17.896498,20.056334,21.937195,16.552097,16.203514,17.21362,17.727879,17.842237,17.924461,17.055569,16.843475,18.55287,18.815887,17.08481,16.926676,15.77198,15.607965,0.0,0.0,4.0,0.0,0.0,4.0,0.0,0.0
15755,2023.0,4.0,20.0,9.0,16.954744,16.948484,18.459423,18.785372,17.08754,17.346312,17.265549,17.664642,16.563412,16.266453,16.840103,16.642885,18.83117,19.171944,16.988989,16.837597,15.651909,15.516029,4.0,4.0,4.0,0.0,0.0,4.0,0.0,0.0
15756,2023.0,4.0,20.0,10.0,16.66594,16.558207,20.23101,22.217943,16.62943,16.44625,16.589697,16.446741,16.438395,16.255157,16.69875,16.503735,18.167404,17.901981,16.91682,16.770555,15.542485,15.4133005,4.0,0.0,0.0,0.0,0.0,0.0,0.0,0.0
15757,2023.0,4.0,20.0,10.0,16.51506,16.409372,20.053825,21.80904,17.00392,17.349491,16.200634,15.951805,16.32986,16.172855,16.55518,16.3684,17.815918,17.447714,16.84134,16.699005,15.42198,15.298103,0.0,4.0,0.0,0.0,0.0,0.0,0.0,0.0
15758,2023.0,4.0,20.0,10.0,17.324673,18.05661,18.265491,18.342493,17.205046,17.61766,16.742191,17.097567,16.203016,16.056486,16.437876,16.263044,17.713022,17.350824,16.77538,16.63824,15.319113,15.201933,0.0,4.0,4.0,0.0,0.0,0.0,0.0,0.0
15759,2023.0,4.0,20.0,10.0,16.75404,16.838457,17.574675,17.472307,16.605612,16.499157,16.317368,16.246489,16.112778,15.96868,16.357225,16.186779,17.817406,17.622793,17.82165,18.66312,15.246117,15.131146,0.0,0.0,0.0,0.0,0.0,0.0,4.0,0.0
15760,2023.0,4.0,20.0,10.0,16.455454,16.418774,17.308683,17.228819,17.00733,17.389797,16.04044,15.849597,16.033249,15.894207,16.284792,16.120968,18.65112,19.21729,17.987984,18.728544,15.18189,15.071007,0.0,4.0,0.0,0.0,0.0,4.0,4.0,0.0
15761,2023.0,4.0,20.0,10.0,16.35713,16.330034,17.078651,17.007565,16.55044,16.49489,15.935675,15.751859,15.965629,15.831348,16.221865,16.06395,18.730434,19.190357,18.07126,18.809778,16.116852,16.887579,0.0,0.0,0.0,0.0,0.0,4.0,4.0,4.0
15762,2023.0,4.0,20.0,11.0,16.395645,16.49461,16.886673,16.824179,16.947742,17.356398,16.696234,17.272058,15.906053,15.776427,16.165754,16.013369,18.775427,19.229399,17.193348,17.099596,20.333612,24.054855,0.0,4.0,4.0,0.0,0.0,4.0,0.0,4.0
15763,2023.0,4.0,20.0,11.0,16.373674,16.494184,17.152666,17.502008,17.150064,17.630026,16.374094,16.468485,16.62529,17.1906,16.104528,15.954584,18.10525,17.91719,16.74285,16.511635,20.038013,22.991009,4.0,4.0,0.0,4.0,0.0,0.0,0.0,0.0
15764,2023.0,4.0,20.0,11.0,17.1099,17.931353,20.217278,22.965485,16.569324,16.54373,15.951653,15.845501,20.268053,23.469275,16.048347,15.899705,18.550055,18.9347,16.610416,16.374916,17.446396,17.655605,0.0,0.0,0.0,0.0,0.0,4.0,0.0,0.0
15765,2023.0,4.0,20.0,11.0,16.621464,16.781757,18.261631,18.795351,16.888344,17.33333,15.795165,15.664653,17.726658,18.0021,16.000664,15.854376,18.043312,17.819832,17.579912,18.272919,16.17249,15.986187,0.0,4.0,0.0,0.0,0.0,0.0,4.0,0.0
15766,2023.0,4.0,20.0,11.0,16.32574,16.355167,17.248669,17.246664,16.42807,16.412203,15.814153,15.774857,17.437145,17.822222,15.968331,15.823238,18.585854,18.966988,16.932112,16.858616,15.904612,15.69234,0.0,0.0,0.0,4.0,0.0,4.0,0.0,0.0
15767,2023.0,4.0,20.0,11.0,16.231276,16.262577,16.955507,16.921095,16.843092,17.298649,15.79351,15.777098,20.278828,22.912739,15.938993,15.796798,18.812279,19.287996,16.636497,16.42297,15.822022,15.686145,0.0,4.0,0.0,0.0,0.0,4.0,0.0,0.0
15768,2023.0,4.0,20.0,12.0,16.250925,16.38131,17.176895,17.535027,16.45151,16.455624,15.746691,15.735884,18.042326,18.236769,16.293985,16.492222,18.112843,17.909405,16.524652,16.30862,15.7090645,15.589003,4.0,0.0,0.0,0.0,4.0,0.0,0.0,0.0
15769,2023.0,4.0,20.0,12.0,21.097425,24.914646,20.286348,23.00606,20.981028,24.453293,20.889181,24.745527,17.10575,16.832758,20.189543,23.309568,21.553675,23.894232,21.50555,24.896967,15.609284,15.487413,4.0,0.0,0.0,0.0,0.0,0.0,0.0,0.0
15770,2023.0,4.0,20.0,12.0,20.993507,24.137022,20.038815,22.226803,21.008,23.962738,21.013588,24.370552,16.876305,16.704914,18.041817,18.557192,20.96189,22.668877,22.524225,26.21301,15.5083,15.390336,0.0,4.0,0.0,0.0,0.0,0.0,0.0,0.0
15771,2023.0,4.0,20.0,12.0,21.069647,23.93619,18.418657,18.907473,21.10601,23.828106,21.097527,24.13545,16.722597,16.566261,16.669603,16.591824,21.073717,22.703136,22.039242,24.818586,15.425337,15.311146,4.0,0.0,0.0,0.0,0.0,0.0,0.0,0.0
15772,2023.0,4.0,20.0,12.0,21.143467,23.829243,20.241842,22.613998,21.139893,23.643497,21.141764,23.956638,16.57607,16.42357,16.403328,16.264286,21.154278,22.727804,21.178516,23.281858,15.359374,15.249154,0.0,4.0,0.0,0.0,0.0,4.0,0.0,0.0
15773,2023.0,4.0,20.0,12.0,21.091894,23.566454,18.249643,18.507624,21.093218,23.405388,21.083557,23.652113,16.458445,16.312023,16.303175,16.163834,21.034742,22.38256,21.065987,22.960596,15.305876,15.199741,0.0,0.0,0.0,0.0,0.0,4.0,0.0,0.0
15774,2023.0,4.0,20.0,13.0,21.054134,23.341562,17.158909,17.137264,21.081379,23.261845,21.076786,23.50477,16.357496,16.213049,16.22214,16.07975,21.059813,22.377213,21.061897,22.879591,15.260186,15.15693,0.0,0.0,0.0,0.0,0.0,0.0,0.0,0.0
15775,2023.0,4.0,20.0,13.0,21.174942,23.500671,16.875298,16.828709,21.154396,23.32606,21.170918,23.576061,16.273142,16.132132,16.153557,16.00995,21.063835,22.28615,21.134031,22.95477,15.221374,15.120801,0.0,0.0,0.0,0.0,0.0,4.0,0.0,0.0
15776,2023.0,4.0,20.0,13.0,21.03922,23.131725,17.189886,17.597929,21.032804,23.016401,21.061293,23.286913,16.20295,16.06745,16.097765,15.957886,21.055098,22.255732,21.049295,22.741762,15.188192,15.090473,4.0,4.0,0.0,0.0,0.0,0.0,0.0,0.0
15777,2023.0,4.0,20.0,13.0,21.149864,23.297285,20.234484,22.903793,21.15781,23.220404,21.152504,23.408642,16.140285,16.009851,16.046333,15.908442,21.120432,22.34466,21.183193,22.970774,15.158587,15.063993,0.0,0.0,0.0,0.0,0.0,0.0,0.0,0.0
15778,2023.0,4.0,20.0,13.0,21.05866,23.070333,18.306755,18.817242,21.080074,23.009785,21.075497,23.204424,16.888088,17.474207,16.00292,15.866499,21.05266,22.172321,21.06027,22.69017,15.131371,15.038615,0.0,0.0,0.0,4.0,0.0,0.0,0.0,0.0
15779,2023.0,4.0,20.0,13.0,21.083786,23.103537,17.052464,17.101912,21.080198,22.965605,21.074894,23.163162,20.302444,23.33624,15.964415,15.829662,21.042105,22.1434,21.060078,22.663351,15.106912,15.016023,0.0,0.0,0.0,0.0,0.0,0.0,0.0,0.0
15780,2023.0,4.0,20.0,14.0,21.077353,23.051079,16.718452,16.700445,21.04242,22.858965,21.073929,23.126942,18.348999,19.00408,15.92767,15.794467,21.042772,22.134966,21.059473,22.638664,15.084493,14.995373,0.0,4.0,0.0,4.0,0.0,0.0,0.0,0.0
15781,2023.0,4.0,20.0,14.0,19.180988,19.376389,16.529346,16.50233,19.861778,20.585052,19.236694,19.568996,20.271027,22.861841,15.89157,15.759043,19.926737,19.977966,19.500212,19.617325,15.063432,14.975753,0.0,4.0,0.0,0.0,0.0,0.0,0.0,0.0
15782,2023.0,4.0,20.0,14.0,19.0059,19.730167,16.379406,16.349485,19.0424,19.458311,18.118017,18.132109,18.054155,18.214506,15.854971,15.72272,19.29788,19.139927,18.620087,18.489292,15.039991,14.952969,0.0,4.0,0.0,0.0,0.0,0.0,0.0,0.0
15783,2023.0,4.0,20.0,14.0,18.224323,18.289246,16.271677,16.236565,18.168896,18.003527,17.762842,17.716534,17.16596,16.911299,15.82161,15.6887,19.094099,18.907429,18.327505,18.161514,15.016468,14.9293375,0.0,0.0,0.0,0.0,0.0,0.0,0.0,0.0
15784,2023.0,4.0,20.0,14.0,17.779018,17.707483,16.175062,16.140148,17.739187,17.480202,17.522827,17.474207,17.004173,16.84034,15.787992,15.655235,18.951866,18.765749,19.17934,19.95353,14.9998,14.921046,0.0,0.0,0.0,0.0,0.0,0.0,4.0,0.0
15785,2023.0,4.0,20.0,14.0,17.51718,17.452473,16.075705,16.042273,18.120062,18.439955,17.288313,17.243465,16.845114,16.698956,15.751233,15.619198,18.810215,18.628162,18.35573,18.214388,15.002639,14.945671,0.0,4.0,0.0,0.0,0.0,0.0,0.0,0.0
15786,2023.0,4.0,20.0,15.0,17.449179,17.528076,15.982869,15.947578,17.563303,17.394258,17.80904,18.401083,16.68173,16.536058,15.713431,15.58122,18.681492,18.49976,17.770285,17.488089,15.003075,14.9632435,0.0,0.0,4.0,0.0,0.0,0.0,0.0,0.0
15787,2023.0,4.0,20.0,15.0,17.339289,17.437555,15.899699,15.86276,17.844221,18.198835,17.305908,17.37473,16.54153,16.396824,15.675335,15.542298,18.568419,18.387802,17.5297,17.238852,15.003442,14.978545,0.0,4.0,0.0,0.0,0.0,0.0,0.0,0.0
15788,2023.0,4.0,20.0,15.0,17.976559,18.754469,16.303827,16.682642,17.942497,18.343592,17.444681,17.86645,16.420153,16.27726,15.637002,15.503345,18.467796,18.288767,17.48074,17.313244,15.003919,14.992944,4.0,4.0,4.0,0.0,0.0,0.0,0.0,0.0
15789,2023.0,4.0,20.0,15.0,17.990076,18.61077,20.144098,23.249418,17.887814,18.290178,17.501339,17.938774,16.313873,16.172857,15.598936,15.464399,18.377762,18.200539,17.398415,17.247295,15.003816,15.004971,0.0,4.0,4.0,0.0,0.0,0.0,0.0,0.0
15790,2023.0,4.0,20.0,15.0,17.28671,17.355408,18.336855,19.203804,17.82828,18.228613,17.453234,17.885975,16.220385,16.081131,15.56625,15.4314575,18.295454,18.119299,17.292015,17.1447,15.004095,15.016731,4.0,4.0,4.0,0.0,0.0,0.0,0.0,0.0
15791,2023.0,4.0,20.0,15.0,16.883492,16.828926,20.2938,23.074638,17.14276,16.995893,16.807762,16.722029,16.13516,15.996989,15.533787,15.398758,18.219143,18.043804,18.263689,19.070879,15.004827,15.029102,4.0,0.0,0.0,0.0,0.0,0.0,4.0,0.0
15792,2023.0,4.0,20.0,16.0,17.460976,18.045023,20.043509,22.291962,17.436941,17.787344,16.397655,16.189518,16.05583,15.918033,15.502494,15.367329,18.146471,17.970987,18.471195,19.147205,15.005152,15.041666,0.0,4.0,0.0,0.0,0.0,0.0,4.0,0.0
15793,2023.0,4.0,20.0,16.0,16.998686,17.046112,17.987282,18.149212,16.935106,16.771645,16.220255,15.993185,15.983153,15.846098,15.470252,15.333819,18.07772,17.90172,17.524664,17.362484,15.8473425,16.638224,0.0,0.0,0.0,0.0,0.0,0.0,0.0,4.0
15794,2023.0,4.0,20.0,16.0,17.411444,17.949293,17.018782,16.728731,16.61813,16.33145,16.967308,17.500994,15.919474,15.780113,15.437298,15.297736,18.015314,17.836197,17.125675,16.81835,19.877062,23.510624,0.0,0.0,4.0,0.0,0.0,0.0,0.0,0.0
15795,2023.0,4.0,20.0,16.0,17.568003,18.131155,16.80382,16.669817,17.123615,17.406801,16.490467,16.399591,15.850887,15.710546,15.397297,15.255176,17.948273,17.767128,16.926167,16.606813,16.899748,17.135403,0.0,4.0,0.0,0.0,0.0,0.0,0.0,0.0
15796,2023.0,4.0,20.0,16.0,16.887684,16.860397,16.661308,16.554104,17.270319,17.625834,16.829628,17.175606,15.788529,15.6444025,15.354822,15.208151,17.886326,17.700665,16.787367,16.456516,15.825442,15.553162,0.0,4.0,4.0,0.0,0.0,0.0,0.0,0.0
15797,2023.0,4.0,20.0,16.0,17.33742,17.854816,16.97206,17.274765,17.257002,17.595657,16.911968,17.277786,15.727949,15.581752,15.310085,15.1597395,17.826189,17.637655,16.825796,16.646776,15.665486,15.505904,4.0,4.0,4.0,0.0,0.0,0.0,0.0,0.0
15798,2023.0,4.0,20.0,17.0,17.411299,17.933353,20.21777,22.941046,17.234428,17.557539,16.894577,17.242441,15.669313,15.521483,15.263699,15.109489,18.569376,19.095737,16.78433,16.622084,16.4801,17.186928,0.0,4.0,4.0,0.0,0.0,4.0,0.0,4.0
15799,2023.0,4.0,20.0,17.0,16.76243,16.723547,18.520718,19.239355,17.20419,17.513153,16.873514,17.206888,16.370424,16.893045,15.217613,15.06155,18.867897,19.448195,16.708252,16.547873,20.361956,23.808079,4.0,4.0,4.0,4.0,0.0,4.0,0.0,0.0
15800,2023.0,4.0,20.0,17.0,16.377369,16.213287,20.283648,22.77801,17.170898,17.465631,16.849539,17.168676,20.359257,23.679298,15.171184,15.012007,18.658411,18.962969,16.631195,16.471014,17.347698,17.475971,0.0,4.0,4.0,0.0,0.0,4.0,0.0,0.0
15801,2023.0,4.0,20.0,17.0,16.951422,17.397903,18.012638,18.091795,16.492683,16.217838,16.822245,17.127445,18.025263,18.552168,15.521589,15.703443,17.862907,17.504658,16.55712,16.39649,15.874937,15.580179,0.0,0.0,4.0,4.0,4.0,0.0,0.0,0.0
15802,2023.0,4.0,20.0,17.0,17.106686,17.587828,16.916662,16.458353,16.845022,17.029907,16.186714,15.957114,21.293299,24.207315,20.238194,23.77777,18.319185,18.533543,17.582594,18.387402,15.707728,15.524557,0.0,4.0,0.0,4.0,4.0,4.0,4.0,0.0
15803,2023.0,4.0,20.0,17.0,16.45473,16.33521,16.75727,16.529722,17.019445,17.270327,16.483524,16.72364,21.348923,24.03588,20.011328,22.799395,17.757359,17.340977,17.73855,18.316763,15.5634365,15.400905,0.0,4.0,4.0,0.0,0.0,0.0,4.0,0.0
15804,2023.0,4.0,20.0,18.0,16.849716,17.264736,16.62627,16.446169,16.996023,17.235043,16.632025,16.899464,18.746765,18.736263,18.023693,18.588053,17.401592,16.916927,16.761066,16.472206,16.368675,17.064898,0.0,4.0,4.0,0.0,4.0,0.0,0.0,4.0
15805,2023.0,4.0,20.0,18.0,21.294514,24.892588,16.939287,17.152248,21.256016,24.728258,20.603786,23.749643,18.19921,18.294249,20.363379,22.750782,21.205643,23.552406,21.474163,24.75572,20.33641,23.83665,4.0,4.0,0.0,4.0,4.0,0.0,0.0,0.0
15806,2023.0,4.0,20.0,18.0,21.052927,23.932335,20.258839,23.02532,21.065163,23.86486,21.120317,24.186214,21.4113,24.05842,20.04638,22.061356,21.704165,24.161182,22.100386,25.485567,17.233162,17.255842,4.0,0.0,0.0,0.0,4.0,0.0,0.0,0.0
15807,2023.0,4.0,20.0,18.0,21.108583,23.73237,20.035723,22.1895,21.106077,23.609877,21.103975,23.787743,18.80185,18.69624,20.099491,22.005423,21.548199,23.578142,22.681791,26.057673,15.695458,15.318315,4.0,0.0,0.0,0.0,0.0,4.0,0.0,0.0
15808,2023.0,4.0,20.0,18.0,21.092915,23.474764,20.095001,22.074776,21.072588,23.296339,21.058807,23.47332,17.216831,16.700918,17.942345,17.73169,20.958887,22.302618,20.896801,22.602724,15.55993,15.3769655,0.0,4.0,4.0,0.0,0.0,4.0,0.0,0.0
15809,2023.0,4.0,20.0,18.0,21.067482,23.24452,18.311947,18.462666,21.099852,23.212643,21.087505,23.406603,17.036768,16.777224,17.358042,17.42732,21.087048,22.497057,21.058783,22.847706,15.466356,15.305763,4.0,0.0,0.0,0.0,4.0,0.0,4.0,0.0
15810,2023.0,4.0,20.0,19.0,21.158703,23.333437,20.248817,22.399376,21.150675,23.17746,21.154818,23.39224,16.891712,16.667992,20.365103,22.694008,21.123991,22.500124,21.901468,24.065203,15.335525,15.181171,4.0,4.0,0.0,0.0,0.0,0.0,0.0,0.0
15811,2023.0,4.0,20.0,19.0,21.088417,23.103462,20.036951,21.777771,21.072088,22.93338,21.096382,23.163525,16.695251,16.483236,18.227846,18.432722,21.069803,22.334131,20.890974,22.24833,15.223029,15.07607,4.0,4.0,0.0,0.0,0.0,0.0,0.0,0.0
15812,2023.0,4.0,20.0,19.0,21.059822,22.96048,20.072273,21.721073,21.0941,22.932665,21.048517,23.007544,16.52008,16.314213,16.975613,16.768402,21.050669,22.286345,21.115604,22.69398,15.124254,14.981905,4.0,0.0,4.0,0.0,0.0,0.0,0.0,0.0
15813,2023.0,4.0,20.0,19.0,21.174955,23.158352,20.167854,21.829868,21.138271,22.926723,21.191381,23.236685,16.370567,16.171528,16.611877,16.36933,21.10784,22.383123,21.130663,22.737783,15.039462,14.902322,0.0,4.0,0.0,0.0,0.0,0.0,0.0,0.0
15814,2023.0,4.0,20.0,19.0,21.047964,22.83659,18.54981,18.62444,21.05948,22.740313,21.079706,22.947025,16.25244,16.06923,16.418922,16.204948,21.046062,22.24516,21.057547,22.602264,16.01461,16.818207,4.0,4.0,0.0,0.0,0.0,0.0,0.0,4.0
15815,2023.0,4.0,20.0,19.0,21.066065,22.845026,20.23793,22.121744,21.092993,22.795542,21.049671,22.86398,16.951618,17.498772,16.230518,16.017874,21.052801,22.247726,21.066475,22.621042,20.141443,23.676449,4.0,0.0,4.0,4.0,0.0,0.0,0.0,0.0
15816,2023.0,4.0,20.0,20.0,21.089005,22.886023,20.038622,21.593275,21.061224,22.680393,21.098911,22.934164,20.343328,23.252188,16.071383,15.865434,21.02216,22.157251,21.064777,22.613598,17.037079,17.0489,4.0,4.0,0.0,0.0,0.0,4.0,0.0,0.0
15817,2023.0,4.0,20.0,20.0,21.083061,22.844185,20.070787,21.575615,21.091066,22.73438,21.09024,22.875532,18.134968,18.458984,15.934827,15.733792,21.074072,22.241032,21.064812,22.606224,16.43005,16.871822,4.0,0.0,0.0,4.0,0.0,0.0,0.0,4.0
15818,2023.0,4.0,20.0,20.0,21.057177,22.744524,20.083801,21.560555,21.060152,22.626616,21.09063,22.840464,20.427753,22.851145,15.814632,15.617288,21.03663,22.112225,21.064438,22.59622,20.481144,23.707561,0.0,4.0,0.0,0.0,0.0,4.0,0.0,0.0
15819,2023.0,4.0,20.0,20.0,21.087532,22.803581,18.563152,18.585726,21.090063,22.685686,21.044302,22.738205,17.84966,17.658451,15.71147,15.52045,21.071636,22.178545,21.064074,22.585356,17.305058,17.238504,4.0,0.0,4.0,0.0,0.0,0.0,0.0,0.0
15820,2023.0,4.0,20.0,20.0,21.055706,22.696348,20.236275,22.037855,21.059235,22.582022,21.051943,22.759096,16.567955,16.060936,15.614232,15.42397,21.036098,22.063599,21.063883,22.574259,16.794014,17.235462,4.0,4.0,4.0,0.0,0.0,4.0,0.0,4.0
15821,2023.0,4.0,20.0,20.0,21.060959,22.692513,20.03884,21.522764,21.089437,22.645138,21.09654,22.82708,17.327124,17.821468,15.520735,15.324973,21.041245,22.059877,21.063555,22.562735,20.456402,23.42443,4.0,0.0,0.0,4.0,0.0,4.0,0.0,4.0
15822,2023.0,4.0,20.0,21.0,21.086391,22.74931,20.087822,21.559935,21.058443,22.543648,21.06348,22.704636,20.324713,22.857786,15.437652,15.240126,21.040651,22.04681,21.06334,22.551485,20.023699,22.397253,0.0,4.0,4.0,0.0,0.0,4.0,0.0,4.0
15823,2023.0,4.0,20.0,21.0,21.080477,22.716652,18.23609,17.961443,21.088728,22.609093,21.068808,22.688162,17.780716,17.570488,15.365736,15.168701,21.070404,22.112827,21.063017,22.540226,20.073425,22.27751,0.0,0.0,4.0,0.0,0.0,0.0,0.0,4.0
15824,2023.0,4.0,20.0,21.0,21.080307,22.695574,17.922726,18.073572,21.08209,22.577063,21.092428,22.732222,16.498775,15.973152,15.295388,15.095426,21.064785,22.081825,21.06253,22.529018,20.098444,22.19793,4.0,0.0,0.0,0.0,0.0,0.0,0.0,0.0
15825,2023.0,4.0,20.0,21.0,21.06057,22.677671,20.22386,22.238808,21.061699,22.560083,21.086899,22.695503,17.2706,17.74734,15.229593,15.028431,21.035511,21.987719,21.062597,22.519634,17.674097,17.411564,4.0,0.0,0.0,4.0,0.0,4.0,0.0,0.0
15826,2023.0,4.0,20.0,21.0,21.036697,22.619934,20.043732,21.669125,21.06421,22.57555,21.0872,22.672747,20.324846,22.851381,15.557355,15.695193,21.07042,22.069202,21.023642,22.406206,16.453012,15.94969,4.0,0.0,0.0,4.0,4.0,0.0,4.0,0.0
15827,2023.0,4.0,20.0,21.0,21.168718,22.871508,20.156488,21.779678,21.203848,22.839489,21.162792,22.847225,21.06715,23.608345,20.375002,23.652351,21.130014,22.173964,21.191536,22.734804,16.046005,15.542779,0.0,4.0,0.0,0.0,0.0,0.0,0.0,0.0
15828,2023.0,4.0,20.0,22.0,21.07871,22.660032,18.49155,18.465588,21.043531,22.52059,21.067558,22.665487,18.543274,18.37266,17.740862,18.149035,21.065058,22.028757,21.076738,22.472603,16.041294,15.821541,4.0,4.0,0.0,0.0,0.0,0.0,0.0,0.0
15829,2023.0,4.0,20.0,22.0,21.162601,22.803478,20.242905,22.072882,21.16973,22.753302,21.16988,22.874218,16.92257,16.347038,16.147894,15.955279,21.201488,22.310526,21.187195,22.667559,15.948818,15.76171,0.0,0.0,0.0,0.0,0.0,4.0,0.0,0.0
15830,2023.0,4.0,20.0,22.0,21.058783,22.614204,18.215693,17.967167,21.081161,22.54041,21.066874,22.66656,16.817547,16.550827,16.121946,16.154387,21.041681,21.973572,21.058878,22.422398,16.608324,17.160402,0.0,0.0,0.0,0.0,4.0,4.0,0.0,4.0
15831,2023.0,4.0,20.0,22.0,21.06111,22.630901,17.346642,17.073477,21.08167,22.513819,21.067148,22.665333,16.722755,16.500704,20.420282,23.383516,21.069382,22.041325,21.061287,22.434013,21.280617,24.852716,0.0,0.0,0.0,0.0,4.0,0.0,0.0,0.0
15832,2023.0,4.0,20.0,22.0,21.060959,22.636011,17.60428,17.741476,21.05922,22.4894,21.065708,22.654594,16.550499,16.339296,20.01725,22.41665,21.064175,22.016476,21.060783,22.435556,17.827019,17.742662,4.0,0.0,0.0,0.0,0.0,0.0,0.0,0.0
15833,2023.0,4.0,20.0,22.0,21.167337,22.851154,20.23986,22.471539,21.172934,22.726252,21.165613,22.845451,17.044424,17.417704,17.879696,18.040836,21.128742,22.132032,21.19861,22.71081,16.094206,15.623773,0.0,0.0,0.0,4.0,0.0,0.0,0.0,0.0
15834,2023.0,4.0,20.0,23.0,21.060146,22.633232,18.425787,18.657152,21.06102,22.503763,21.065187,22.63496,20.40861,23.08455,16.683033,16.482845,21.04491,21.988327,21.020844,22.322567,15.992105,15.789013,0.0,0.0,0.0,0.0,0.0,0.0,4.0,0.0
15835,2023.0,4.0,20.0,23.0,19.573416,19.775827,17.29874,17.123426,19.570341,19.64662,19.465506,19.56153,18.058706,18.229929,16.34965,16.128372,19.855047,19.71833,19.128977,18.708752,15.903823,15.733899,0.0,0.0,0.0,0.0,0.0,0.0,0.0,0.0
15836,2023.0,4.0,20.0,23.0,18.852018,18.757317,17.509254,17.688606,18.782684,18.50417,18.6411,18.381556,17.144642,16.917686,16.157297,15.923141,19.36584,19.07633,18.369083,17.743113,15.771795,15.594872,4.0,0.0,0.0,0.0,0.0,0.0,0.0,0.0
15837,2023.0,4.0,20.0,23.0,18.560587,18.465746,17.065142,16.891008,18.468655,18.182579,18.312332,18.048367,16.895061,16.671724,16.005812,15.780434,19.1533,18.874163,18.045008,17.438553,15.652589,15.478066,0.0,0.0,0.0,0.0,0.0,0.0,0.0,0.0
15838,2023.0,4.0,20.0,23.0,18.32598,18.226818,16.797543,16.54256,18.22018,17.928648,18.050522,17.781616,16.694128,16.470337,15.862688,15.630857,18.966843,18.689886,18.114367,17.8542,15.541749,15.364933,0.0,0.0,0.0,0.0,0.0,0.0,0.0,0.0
15839,2023.0,4.0,20.0,23.0,18.144453,18.058786,16.666042,16.417572,18.028046,17.750912,18.55725,18.925829,16.541464,16.33052,15.743939,15.518705,18.810781,18.53916,17.993786,17.760078,16.175081,16.64567,0.0,0.0,4.0,0.0,0.0,0.0,0.0,4.0
15840,2023.0,4.0,21.0,0.0,17.978617,17.897192,16.546097,16.299364,17.8518,17.5791,18.008768,17.91037,16.398788,16.186716,15.631416,15.407165,18.667189,18.396603,17.841684,17.61808,16.395308,16.924543,0.0,0.0,0.0,0.0,0.0,0.0,0.0,4.0
15841,2023.0,4.0,21.0,0.0,17.833252,17.757795,16.441269,16.198214,17.697626,17.431631,17.281246,16.683306,16.833733,17.11247,15.81275,15.83482,18.540117,18.272415,17.694939,17.47172,15.445058,15.061031,0.0,0.0,0.0,4.0,4.0,0.0,0.0,0.0
15842,2023.0,4.0,21.0,0.0,17.698755,17.624851,16.343079,16.100674,17.554712,17.290792,16.936714,16.262966,16.369452,16.170103,15.57867,15.390973,18.421616,18.153217,17.557093,17.332949,15.093662,14.6528635,0.0,0.0,0.0,0.0,0.0,0.0,0.0,0.0
15843,2023.0,4.0,21.0,0.0,17.576387,17.503252,16.252712,16.010368,17.42422,17.161718,17.122087,16.835054,16.153118,15.938953,15.716858,15.761616,18.312986,18.043512,17.43021,17.20474,14.999467,14.612744,0.0,0.0,0.0,0.0,4.0,0.0,0.0,0.0
15844,2023.0,4.0,21.0,0.0,17.44864,17.3771,16.157732,15.916119,17.287756,17.027641,17.093859,16.852293,16.028194,15.815146,15.776057,15.842929,18.200022,17.930725,17.298452,17.073442,15.104875,14.940657,0.0,0.0,0.0,0.0,4.0,0.0,0.0,0.0
15845,2023.0,4.0,21.0,0.0,17.354334,17.28791,16.08708,15.848699,17.18725,16.932959,16.99702,16.763983,15.933283,15.722184,15.453809,15.256138,18.11411,17.846724,17.197432,16.974579,15.059669,14.885903,0.0,0.0,0.0,0.0,0.0,0.0,0.0,0.0
15846,2023.0,4.0,21.0,1.0,17.25735,17.189903,16.012592,15.771765,17.083244,16.827623,16.889118,16.654984,15.840188,15.626445,15.285972,15.057992,18.02766,17.758244,17.096603,16.871906,15.001055,14.832128,0.0,0.0,0.0,0.0,0.0,0.0,0.0,0.0
15847,2023.0,4.0,21.0,1.0,17.168297,17.112019,15.946143,15.715627,16.989166,16.746847,16.790903,16.570482,15.753585,15.547274,15.186734,14.968661,17.946178,17.68385,17.000021,16.782555,15.663278,16.136757,0.0,0.0,0.0,0.0,0.0,0.0,0.0,4.0
15848,2023.0,4.0,21.0,1.0,17.092346,17.039656,15.887608,15.66012,16.90859,16.670517,16.706755,16.490507,15.680699,15.475572,15.397427,15.429864,17.87715,17.616405,16.918274,16.702234,14.9509115,14.765609,0.0,0.0,0.0,0.0,4.0,0.0,0.0,0.0
15849,2023.0,4.0,21.0,1.0,17.01029,16.96097,15.824224,15.599962,16.821604,16.587837,16.616114,16.404013,16.189308,16.501238,15.203834,15.01548,17.80307,17.543924,16.830772,16.616314,15.341322,15.562384,0.0,0.0,0.0,4.0,0.0,0.0,0.0,4.0
15850,2023.0,4.0,21.0,1.0,16.943666,16.897354,15.772206,15.550458,16.750893,16.520777,16.542723,16.333986,15.745169,15.553309,15.065205,14.851447,17.742302,17.484499,16.75868,16.54534,14.966048,14.83855,0.0,0.0,0.0,0.0,0.0,0.0,0.0,0.0
15851,2023.0,4.0,21.0,1.0,16.871916,16.828403,15.715606,15.496892,16.674797,16.448578,16.463764,16.258724,15.250727,14.7786,15.280727,15.334075,17.677372,17.421204,16.681744,16.469967,15.028527,14.993403,0.0,0.0,0.0,0.0,4.0,0.0,0.0,0.0
15852,2023.0,4.0,21.0,2.0,16.802946,16.761295,15.660755,15.443806,16.601849,16.378155,16.388306,16.185488,15.042648,14.556931,15.0578,14.855933,17.615356,17.360199,16.608313,16.397469,15.01466,14.981878,0.0,0.0,0.0,0.0,0.0,0.0,0.0,0.0
15853,2023.0,4.0,21.0,2.0,16.738571,16.699606,15.608993,15.394338,16.534151,16.313622,16.318336,16.118477,15.233692,15.053935,15.010051,14.887922,17.556997,17.302794,16.539406,16.329662,15.007737,14.999815,0.0,0.0,0.0,0.0,0.0,0.0,0.0,0.0
15854,2023.0,4.0,21.0,2.0,16.67744,16.640787,15.559386,15.346942,16.470026,16.25245,16.252228,16.05518,15.240945,15.04211,15.191526,15.2632,17.501833,17.248861,16.474108,16.26551,15.010475,15.029108,0.0,0.0,0.0,0.0,4.0,0.0,0.0,0.0
15855,2023.0,4.0,21.0,2.0,16.621075,16.588404,15.513863,15.305135,16.41119,16.19848,16.191889,15.999559,15.197673,15.001232,15.256214,15.335025,17.450687,17.200165,16.413649,16.207832,15.542134,16.04543,0.0,0.0,0.0,0.0,4.0,0.0,0.0,4.0
15856,2023.0,4.0,21.0,2.0,16.570627,16.539474,15.47304,15.265545,16.35869,16.148062,16.13842,15.947779,15.157065,14.961134,14.976652,14.84578,17.405113,17.155054,16.359951,16.154636,14.940452,14.885097,0.0,0.0,0.0,0.0,0.0,0.0,0.0,0.0
15857,2023.0,4.0,21.0,2.0,16.513634,16.48128,15.425585,15.216665,16.298855,16.087135,16.077545,15.885478,15.110628,14.913854,15.012796,14.927164,17.354683,17.10374,16.300707,16.094536,15.036874,15.111832,0.0,0.0,0.0,0.0,4.0,0.0,0.0,0.0
15858,2023.0,4.0,21.0,3.0,16.465822,16.43977,15.385696,15.181861,16.247906,16.042248,16.025898,15.839666,15.068685,14.874876,15.022697,14.960004,17.309612,17.061762,16.24725,16.044352,15.54401,16.053526,0.0,0.0,0.0,0.0,0.0,0.0,0.0,4.0
15859,2023.0,4.0,21.0,3.0,16.430862,16.420187,15.345757,15.145572,16.197308,15.995837,15.975052,15.792504,15.027484,14.836111,15.007281,14.964766,17.26578,17.020506,16.195108,15.9946575,14.93928,14.853842,0.0,0.0,0.0,0.0,0.0,0.0,0.0,0.0
15860,2023.0,4.0,21.0,3.0,16.384577,16.374557,15.304139,15.104232,16.144999,15.94372,15.922542,15.739759,15.001036,14.823857,15.015436,15.008692,17.22176,16.976736,16.142874,15.942431,15.036506,15.10754,0.0,0.0,0.0,0.0,0.0,0.0,0.0,0.0
15861,2023.0,4.0,21.0,3.0,16.339266,16.330973,15.267017,15.070655,16.098022,15.900604,15.875414,15.696158,15.00299,14.858702,15.016804,15.025748,17.181692,16.939096,16.094986,15.896842,15.01563,15.06888,0.0,0.0,0.0,0.0,0.0,0.0,0.0,0.0
15862,2023.0,4.0,21.0,3.0,16.295013,16.288702,15.230978,15.038052,16.052494,15.858816,15.829721,15.653922,15.004563,14.880853,15.105038,15.196252,17.143324,16.90316,16.049028,15.85318,15.018495,15.108386,0.0,0.0,0.0,0.0,4.0,0.0,0.0,0.0
15863,2023.0,4.0,21.0,3.0,16.254929,16.253656,15.19866,15.011603,16.011099,15.823935,15.78834,15.618765,15.003765,14.89464,15.128273,15.220302,17.108025,16.87181,16.0065,15.814608,15.494888,16.01149,0.0,0.0,0.0,0.0,4.0,0.0,0.0,4.0
15864,2023.0,4.0,21.0,4.0,16.213089,16.213871,15.164688,14.980691,15.967977,15.7842655,15.745712,15.579043,15.004901,14.912372,14.989902,14.9971485,17.072481,16.83853,15.963842,15.774086,14.944842,14.916747,0.0,0.0,0.0,0.0,0.0,0.0,0.0,0.0
15865,2023.0,4.0,21.0,4.0,16.168816,16.16843,15.128189,14.944159,15.922425,15.738722,15.700686,15.533663,15.007957,14.933555,15.019671,15.077396,17.036503,16.803162,15.920804,15.731416,15.038505,15.149837,0.0,0.0,0.0,0.0,0.0,0.0,0.0,0.0
15866,2023.0,4.0,21.0,4.0,16.126684,16.126543,15.094579,14.913021,15.88035,15.699426,15.659042,15.494476,15.008859,14.945779,15.01945,15.077004,17.002815,16.77143,15.880391,15.692877,15.017909,15.110389,0.0,0.0,0.0,0.0,0.0,0.0,0.0,0.0
15867,2023.0,4.0,21.0,4.0,16.085396,16.085873,15.061502,14.882373,15.83909,15.660871,15.618135,15.456006,15.009215,14.957323,15.020143,15.088029,16.97001,16.740576,15.841097,15.655448,15.021036,15.146812,0.0,0.0,0.0,0.0,0.0,0.0,0.0,0.0
15868,2023.0,4.0,21.0,4.0,16.834127,17.528736,15.032137,14.858619,16.538033,17.009338,15.581496,15.425334,15.005395,14.959776,15.009662,15.076122,16.939888,16.714304,16.857796,17.604422,15.010592,15.140738,0.0,4.0,0.0,0.0,0.0,0.0,4.0,0.0
15869,2023.0,4.0,21.0,4.0,16.429325,16.539503,15.000335,14.831526,16.2009,16.172592,15.541998,15.388219,15.006352,14.971453,15.0490265,15.146932,16.909151,16.68554,16.04747,15.701729,15.012989,15.160684,0.0,0.0,0.0,0.0,4.0,0.0,0.0,0.0
15870,2023.0,4.0,21.0,5.0,16.575203,16.952555,15.002671,14.861978,16.283873,16.445107,15.502032,15.349405,15.006578,14.98113,15.003485,15.076473,16.878025,16.655584,15.591964,15.171435,15.479279,16.036037,0.0,4.0,0.0,0.0,0.0,0.0,0.0,4.0
15871,2023.0,4.0,21.0,5.0,15.984248,15.75442,15.002727,14.884187,15.729602,15.346895,15.465027,15.315383,15.006599,14.989643,15.040636,15.142244,16.849552,16.63011,15.478352,15.06126,14.9511,14.991906,0.0,0.0,0.0,0.0,4.0,0.0,0.0,0.0
15872,2023.0,4.0,21.0,5.0,15.661988,15.355965,15.003175,14.904705,16.116695,16.258532,15.42857,15.281649,15.007148,14.999284,15.05208,15.162336,16.82109,16.604395,15.615806,15.422785,15.032964,15.16996,0.0,4.0,0.0,0.0,4.0,0.0,0.0,0.0
15873,2023.0,4.0,21.0,5.0,15.548913,15.240354,15.003571,14.923224,15.67801,15.322215,15.393276,15.249605,15.007156,15.008173,15.00283,15.061934,16.793549,16.579935,16.713097,17.473093,15.020265,15.156392,0.0,0.0,0.0,0.0,4.0,0.0,4.0,0.0
15874,2023.0,4.0,21.0,5.0,15.746286,15.717051,15.003871,14.940218,15.333758,14.857005,15.358101,15.217231,15.007627,15.01751,15.027357,15.113442,16.765812,16.554981,15.927754,15.609436,15.469633,16.010288,0.0,0.0,0.0,0.0,0.0,0.0,0.0,4.0
15875,2023.0,4.0,21.0,5.0,15.81941,15.838194,15.0045805,14.957008,15.201287,14.705905,15.321679,15.181347,15.0082,15.026035,15.021831,15.097377,16.738049,16.52876,15.470462,15.065867,15.415662,15.736865,0.0,0.0,0.0,0.0,0.0,0.0,0.0,4.0
15876,2023.0,4.0,21.0,6.0,15.79525,15.818493,15.004492,14.971457,15.404916,15.195413,15.289696,15.153553,15.408473,15.776088,15.010361,15.0923605,16.714985,16.50943,16.3987,16.910006,14.977643,15.02765,0.0,0.0,0.0,4.0,0.0,0.0,4.0,0.0
15877,2023.0,4.0,21.0,6.0,20.958607,24.863749,15.005036,14.986168,20.858019,24.689493,20.703915,24.596203,20.141748,23.847752,15.012215,15.108033,20.768797,23.381979,20.850132,24.350367,15.234046,15.5355425,0.0,0.0,0.0,0.0,0.0,0.0,0.0,4.0
15878,2023.0,4.0,21.0,6.0,21.015165,24.350405,15.005318,14.999037,21.013126,24.33643,21.023342,24.531775,17.317436,17.694906,15.011949,15.116855,21.464556,24.370949,21.575058,25.048777,20.394459,24.439947,0.0,0.0,0.0,0.0,0.0,0.0,0.0,4.0
15879,2023.0,4.0,21.0,6.0,21.096024,24.106785,15.365521,15.678222,21.099396,24.078999,21.103296,24.240591,15.721808,15.570389,15.03872,15.158036,21.751284,24.464838,22.205667,25.708033,20.036098,23.200815,4.0,0.0,0.0,0.0,4.0,0.0,0.0,0.0
15880,2023.0,4.0,21.0,6.0,21.344004,24.110653,19.955112,23.448591,21.414581,24.098846,21.321081,24.174698,16.049583,16.411364,19.848337,23.308716,21.192654,23.073027,21.942163,24.970314,16.93812,16.846344,0.0,4.0,0.0,4.0,0.0,0.0,0.0,0.0
15881,2023.0,4.0,21.0,6.0,20.936026,23.2255,17.572905,18.172785,20.926434,23.127476,20.973928,23.388674,20.35604,23.841576,17.407633,17.960163,20.977734,22.614628,20.960695,22.917877,15.52227,15.104689,0.0,0.0,0.0,0.0,0.0,0.0,0.0,0.0
15882,2023.0,4.0,21.0,7.0,21.076582,23.404541,15.874164,15.828188,21.103529,23.316038,21.102482,23.52069,17.243395,17.232738,15.653269,15.52141,21.04491,22.657574,21.092648,23.122074,15.404592,15.224222,0.0,4.0,0.0,0.0,0.0,4.0,0.0,0.0
15883,2023.0,4.0,21.0,7.0,21.101257,23.354786,15.506256,15.35282,21.099916,23.220724,21.080925,23.382715,15.670522,15.21377,15.305554,15.122257,21.488705,23.415289,21.07242,23.029428,15.297794,15.139586,0.0,0.0,0.0,0.0,0.0,0.0,0.0,0.0
15884,2023.0,4.0,21.0,7.0,21.094841,23.248018,15.343479,15.185818,21.097754,23.126081,21.084173,23.312868,15.597537,15.39403,15.145465,14.969611,20.942259,22.22026,21.037441,22.885857,16.202862,16.991255,0.0,0.0,0.0,0.0,0.0,0.0,4.0,4.0
15885,2023.0,4.0,21.0,7.0,21.093916,23.172089,15.695566,15.947253,21.0962,23.050467,21.08253,23.248873,15.538868,15.369859,15.417417,15.598289,21.090546,22.483246,21.060629,22.866188,20.245985,23.770144,4.0,0.0,0.0,0.0,4.0,0.0,4.0,0.0
15886,2023.0,4.0,21.0,7.0,21.992851,24.54915,20.286343,23.848862,21.660164,23.99894,21.908699,24.480913,15.418189,15.255178,20.07588,23.502176,21.682255,23.4155,22.290113,24.848034,17.03905,16.994907,4.0,0.0,0.0,0.0,0.0,4.0,0.0,0.0
15887,2023.0,4.0,21.0,7.0,21.731236,23.98985,20.02974,22.823324,21.954977,24.295185,21.850035,24.171663,15.315873,15.158306,17.543583,18.027443,21.795822,23.434116,21.999088,24.079601,15.5078,15.113293,4.0,4.0,0.0,0.0,0.0,0.0,0.0,0.0
15888,2023.0,4.0,21.0,8.0,22.114931,24.644255,20.099724,22.61483,20.931791,22.418224,20.92336,22.54385,16.066212,16.65738,15.879867,15.736569,21.691233,23.268385,21.083942,22.603868,16.44978,17.20994,4.0,4.0,0.0,4.0,0.0,4.0,0.0,4.0
15889,2023.0,4.0,21.0,8.0,19.649273,19.643837,20.087145,22.35268,19.393538,19.552046,19.671293,20.226961,20.34513,23.903759,15.542881,15.354835,19.775396,19.445963,19.040882,18.703323,20.351147,23.760853,4.0,4.0,4.0,0.0,0.0,0.0,0.0,0.0
15890,2023.0,4.0,21.0,8.0,18.728603,18.935867,20.08553,22.181025,18.593412,18.61115,18.430546,18.405252,17.24137,17.272583,15.790799,15.96983,19.371958,19.425875,18.253235,18.01522,17.239193,17.23325,4.0,4.0,0.0,0.0,4.0,4.0,0.0,0.0
15891,2023.0,4.0,21.0,8.0,18.557438,18.815355,20.143658,22.173035,18.29411,18.319382,18.078735,18.125525,16.428705,16.664482,20.291958,23.435436,18.685837,18.20567,17.96301,17.74692,16.66008,17.086275,4.0,4.0,4.0,4.0,0.0,0.0,0.0,4.0
15892,2023.0,4.0,21.0,8.0,18.359488,18.643314,20.08006,21.948248,18.08413,18.128187,17.26375,16.78944,20.472496,23.51279,17.726437,18.142263,18.15944,17.581264,18.74324,19.466694,20.479944,23.585852,4.0,4.0,0.0,0.0,0.0,0.0,4.0,0.0
15893,2023.0,4.0,21.0,8.0,18.194403,18.49431,20.095537,21.917208,17.915056,17.976368,17.422539,17.448353,17.509924,17.478395,16.520853,16.691366,17.892033,17.31517,18.658648,19.09454,17.408197,17.374926,0.0,4.0,4.0,0.0,4.0,0.0,4.0,0.0
15894,2023.0,4.0,21.0,9.0,18.05863,18.373741,18.299091,18.394302,17.138365,16.66427,17.494331,17.605885,16.758226,16.958942,20.47256,23.434803,17.982517,17.701517,18.50739,18.942083,15.965437,15.582689,4.0,0.0,4.0,4.0,4.0,0.0,4.0,0.0
15895,2023.0,4.0,21.0,9.0,17.948584,18.28048,20.251177,22.41311,17.352295,17.378214,16.754068,16.322268,21.237198,24.515722,20.046986,22.424442,17.967995,17.740438,18.448935,18.895874,15.79094,15.599309,4.0,4.0,0.0,0.0,0.0,0.0,4.0,0.0
15896,2023.0,4.0,21.0,9.0,17.17391,16.922157,20.041374,21.838064,17.473671,17.589413,17.004055,17.080582,18.09096,18.120783,17.59908,17.468283,17.871,17.6562,17.450157,17.080023,15.66784,15.508939,4.0,4.0,4.0,0.0,0.0,0.0,0.0,0.0
15897,2023.0,4.0,21.0,9.0,16.746412,16.415318,20.0951,21.860453,17.419199,17.55362,17.150517,17.316164,16.67636,16.499174,16.5261,16.298439,18.593412,19.119469,17.962673,18.441624,15.513907,15.363052,0.0,4.0,4.0,0.0,0.0,4.0,4.0,0.0
15898,2023.0,4.0,21.0,9.0,16.560589,16.236406,18.098722,17.969444,17.365143,17.515007,16.459301,16.077461,16.390003,16.210205,16.672815,16.79229,17.810305,17.414726,18.187857,18.67586,15.380405,15.236973,0.0,4.0,0.0,0.0,4.0,0.0,4.0,0.0
15899,2023.0,4.0,21.0,9.0,16.439054,16.126131,17.43347,17.191885,17.325031,17.488037,16.130558,15.650857,16.218443,16.038218,20.279099,23.094816,17.45154,16.943785,18.198357,18.694063,15.283614,15.143472,0.0,4.0,0.0,0.0,0.0,0.0,4.0,0.0
15900,2023.0,4.0,21.0,10.0,16.579714,16.542063,17.598406,17.790266,17.283634,17.460754,15.966086,15.500494,16.050173,15.879095,18.081057,18.432104,17.313839,16.816696,17.240683,16.908173,15.18608,15.052312,4.0,4.0,0.0,0.0,0.0,0.0,0.0,0.0
15901,2023.0,4.0,21.0,10.0,17.36062,18.051504,20.24221,22.600643,17.244347,17.426573,16.83068,17.260864,16.698587,17.207874,16.985722,16.765688,17.46693,17.22374,16.842487,16.409859,16.087337,16.818941,0.0,4.0,4.0,4.0,0.0,0.0,0.0,4.0
15902,2023.0,4.0,21.0,10.0,16.711117,16.610683,18.67204,19.273842,17.200537,17.38787,16.917221,17.18411,20.326355,23.414377,17.00264,17.103844,18.315952,18.839954,16.642626,16.212872,20.209316,23.719446,4.0,4.0,4.0,0.0,4.0,4.0,0.0,0.0
15903,2023.0,4.0,21.0,10.0,16.239248,15.989063,20.290745,22.511995,17.159452,17.350918,16.810753,17.046171,17.53367,17.518997,20.39365,22.998226,17.593475,17.21696,16.49196,16.067131,17.154865,17.216354,0.0,4.0,4.0,0.0,0.0,0.0,0.0,0.0
15904,2023.0,4.0,21.0,10.0,16.084303,15.819335,18.104303,18.065786,16.469418,16.100578,16.788351,17.022028,16.139055,15.733014,18.424032,18.96666,17.163858,16.682013,16.369205,15.948835,15.659422,15.32421,0.0,0.0,4.0,0.0,4.0,0.0,0.0,0.0
15905,2023.0,4.0,21.0,10.0,16.238142,16.21438,17.35173,17.112686,16.145134,15.668271,16.112993,15.77637,16.07182,15.842418,20.332708,22.408966,17.84702,18.05526,17.591324,18.363178,15.566095,15.378382,0.0,0.0,0.0,0.0,0.0,4.0,4.0,0.0
15906,2023.0,4.0,21.0,11.0,16.267649,16.27928,17.08842,16.886202,16.675865,16.798697,16.430162,16.589466,15.999763,15.806362,18.028065,17.8858,17.381199,16.980274,16.854143,16.569096,15.479519,15.3179035,0.0,4.0,4.0,0.0,0.0,0.0,0.0,0.0
15907,2023.0,4.0,21.0,11.0,16.22775,16.24449,16.877602,16.668303,16.161152,15.782782,16.593143,16.842226,15.898936,15.70792,17.27264,16.967842,17.117493,16.621744,16.457659,16.035528,15.381263,15.220396,0.0,0.0,4.0,0.0,0.0,0.0,0.0,0.0
15908,2023.0,4.0,21.0,11.0,16.18397,16.204613,17.173756,17.383013,16.627691,16.799385,16.609364,16.862005,15.8042,15.616978,17.06148,16.791119,17.02873,16.535309,16.32272,15.903939,15.292391,15.134524,4.0,4.0,4.0,0.0,0.0,0.0,0.0,0.0
15909,2023.0,4.0,21.0,11.0,16.15459,16.191465,20.2267,22.82891,16.113878,15.785432,16.616524,16.87341,15.722601,15.539251,16.849678,16.587425,17.199863,16.950336,16.225187,15.815201,15.217822,15.063775,4.0,0.0,4.0,0.0,0.0,0.0,0.0,0.0
15910,2023.0,4.0,21.0,11.0,16.120739,16.166748,20.033041,22.098408,16.495327,16.694614,16.619171,16.881033,15.6357,15.454572,16.634348,16.377254,17.260736,17.051916,16.336533,16.135962,15.138686,14.986528,4.0,4.0,4.0,0.0,0.0,0.0,0.0,0.0
15911,2023.0,4.0,21.0,11.0,16.08201,16.132692,20.07658,21.974743,16.036617,15.716791,16.6183,16.885124,15.561759,15.384571,16.458504,16.21129,18.062569,18.596312,17.45957,18.263206,15.071301,14.922538,4.0,0.0,4.0,0.0,0.0,4.0,4.0,0.0
15912,2023.0,4.0,21.0,12.0,16.83545,17.584698,20.086763,21.871475,16.413054,16.609377,15.974158,15.693115,16.285862,16.808268,16.309195,16.06845,17.374987,17.029064,17.648413,18.234459,15.012036,14.865026,0.0,4.0,0.0,4.0,0.0,0.0,4.0,0.0
15913,2023.0,4.0,21.0,12.0,21.298601,25.13841,18.12362,18.011696,20.970009,24.463675,20.803598,24.28683,20.309048,23.632952,16.187515,15.956984,21.055363,23.532639,21.31256,24.616701,15.0038395,14.89474,0.0,0.0,0.0,0.0,0.0,0.0,0.0,0.0
15914,2023.0,4.0,21.0,12.0,21.046402,24.129852,17.2325,17.051287,21.03861,24.021719,21.04845,24.162537,17.450224,17.505026,16.08244,15.859924,21.385902,23.847797,22.137096,25.495266,15.003757,14.920962,0.0,0.0,0.0,0.0,0.0,0.0,0.0,0.0
15915,2023.0,4.0,21.0,12.0,21.105944,23.89127,17.449148,17.683702,21.108418,23.78176,21.091787,23.898985,16.014563,15.628761,15.990413,15.774172,22.377605,25.304369,20.91702,22.945787,15.003399,14.936403,4.0,0.0,0.0,0.0,0.0,0.0,0.0,0.0
15916,2023.0,4.0,21.0,12.0,21.13966,23.696253,20.240139,22.686865,21.142088,23.615461,21.146467,23.77484,15.929892,15.725942,16.329098,16.486488,21.029507,22.606209,21.190771,23.317287,15.003253,14.945492,4.0,4.0,0.0,0.0,4.0,0.0,0.0,0.0
15917,2023.0,4.0,21.0,12.0,21.529379,23.976484,20.053705,22.038363,21.084131,23.367197,21.06026,23.419733,15.894831,15.715142,20.39967,23.376526,21.346252,22.947542,21.065224,22.961803,15.39595,15.326652,0.0,0.0,4.0,0.0,0.0,4.0,0.0,0.0
15918,2023.0,4.0,21.0,13.0,20.919662,22.851791,18.04743,18.012209,21.07116,23.17428,21.06248,23.310272,15.818478,15.645972,18.01381,18.40689,20.952545,22.14638,21.068428,22.886532,15.086686,14.970515,0.0,4.0,4.0,0.0,0.0,4.0,0.0,0.0
15919,2023.0,4.0,21.0,13.0,21.092777,23.14372,17.621725,17.902878,21.094587,23.136225,21.100874,23.28534,15.753713,15.5860615,16.670269,16.546827,21.08623,22.391153,21.06441,22.813877,15.010835,14.88702,4.0,0.0,0.0,0.0,0.0,0.0,0.0,0.0
15920,2023.0,4.0,21.0,13.0,21.147831,23.231157,20.232103,22.57955,21.141754,23.129175,21.144226,23.27892,16.523386,17.091162,16.39107,16.208588,21.122713,22.404139,21.167646,22.96658,15.001438,14.895099,4.0,4.0,0.0,4.0,0.0,4.0,0.0,0.0
15921,2023.0,4.0,21.0,13.0,21.058891,22.986395,20.051878,21.974838,21.091934,22.986557,21.067417,23.033396,20.36491,23.591568,16.236292,16.04319,21.067944,22.279072,21.063318,22.710907,15.002114,14.910168,0.0,0.0,4.0,0.0,0.0,0.0,0.0,0.0
15922,2023.0,4.0,21.0,13.0,21.088606,23.028028,18.119307,18.112719,21.084852,22.92114,21.070616,22.990017,18.110994,18.626785,16.147985,15.961049,21.061087,22.230026,21.062414,22.672155,15.001605,14.91778,0.0,0.0,4.0,4.0,0.0,0.0,0.0,0.0
15923,2023.0,4.0,21.0,13.0,21.081102,22.976345,17.406513,17.410133,21.083925,22.87647,21.068653,22.948072,20.33305,23.01391,16.077509,15.895527,21.060318,22.197027,21.061375,22.638079,15.00151,14.922637,4.0,0.0,4.0,0.0,0.0,0.0,0.0,0.0
15924,2023.0,4.0,21.0,14.0,21.160192,23.082226,20.26343,22.618189,21.19097,23.068867,21.166122,23.130459,18.417656,18.884747,16.016588,15.837872,21.138123,22.352762,21.198393,22.884138,15.001224,14.925044,0.0,4.0,0.0,4.0,0.0,0.0,0.0,0.0
15925,2023.0,4.0,21.0,14.0,19.646797,20.145908,18.48542,18.844751,19.383072,19.609411,19.024143,18.98229,20.281134,22.658197,15.96676,15.792173,20.494637,21.072401,19.474182,19.525635,15.001004,14.926376,4.0,0.0,0.0,4.0,0.0,4.0,0.0,0.0
15926,2023.0,4.0,21.0,14.0,18.372583,18.264467,20.278402,22.471157,18.110147,17.7884,17.843292,17.50427,20.052675,21.984842,16.337147,16.530249,19.300198,18.982061,18.605064,18.435217,15.001491,14.930319,0.0,0.0,0.0,0.0,4.0,0.0,0.0,0.0
15927,2023.0,4.0,21.0,14.0,17.810051,17.610704,18.550781,18.867712,17.60202,17.212692,18.326464,18.785229,18.063295,17.994892,20.388014,23.360535,18.721834,18.265707,18.267862,18.078632,15.3527155,15.226715,4.0,0.0,4.0,0.0,0.0,0.0,0.0,0.0
15928,2023.0,4.0,21.0,14.0,18.234295,18.657982,20.222897,22.326221,17.531975,17.358366,17.688635,17.529884,17.017946,16.669456,18.057976,18.48777,18.48354,18.024456,18.04069,17.85349,15.138697,15.051277,4.0,0.0,0.0,0.0,0.0,0.0,0.0,0.0
15929,2023.0,4.0,21.0,14.0,18.3527,18.851452,20.047262,21.801815,18.124165,18.611866,17.109705,16.797997,16.858612,16.658815,16.70505,16.580204,19.327703,19.805395,17.856499,17.67361,15.064923,14.961854,0.0,4.0,0.0,0.0,0.0,4.0,0.0,0.0
15930,2023.0,4.0,21.0,15.0,17.652493,17.616726,18.282642,18.307283,18.317505,18.898882,17.524614,17.786291,16.747374,16.574675,16.443972,16.279425,18.71546,18.440447,17.703213,17.526999,15.027317,14.922858,0.0,4.0,4.0,0.0,0.0,0.0,0.0,0.0
15931,2023.0,4.0,21.0,15.0,18.022085,18.496754,17.66125,17.53499,17.484539,17.339508,17.019115,16.831476,16.636818,16.467348,16.350601,16.17987,18.341366,17.913074,17.58963,17.416004,15.003193,14.897611,0.0,0.0,0.0,0.0,0.0,0.0,0.0,0.0
15932,2023.0,4.0,21.0,15.0,17.430584,17.381807,17.9055,18.205822,17.050463,16.722794,16.698631,16.399708,16.531559,16.366398,16.67561,16.858494,18.194178,17.764412,17.4854,17.316282,15.001995,14.915404,4.0,0.0,0.0,0.0,4.0,0.0,0.0,0.0
15933,2023.0,4.0,21.0,15.0,17.771524,18.264114,20.253876,22.384714,17.506826,17.76311,16.70175,16.5851,16.423956,16.265696,20.3333,23.051805,18.266134,18.040174,17.381887,17.220787,15.955109,16.732195,4.0,4.0,0.0,0.0,0.0,0.0,0.0,4.0
15934,2023.0,4.0,21.0,15.0,17.285006,17.271997,20.045341,21.790346,17.687368,18.030437,16.663097,16.584984,16.325766,16.171848,18.168472,18.55945,19.055302,19.576412,17.285744,17.129305,20.329714,24.07534,0.0,4.0,0.0,0.0,0.0,4.0,0.0,0.0
15935,2023.0,4.0,21.0,15.0,16.916744,16.807844,18.627968,18.931435,17.670765,18.024073,16.575836,16.50368,16.24068,16.092035,16.904583,16.80432,18.426748,18.182276,18.271555,19.071575,17.275785,17.527102,4.0,4.0,0.0,0.0,0.0,0.0,4.0,0.0
15936,2023.0,4.0,21.0,16.0,16.789555,16.67291,20.223175,22.000994,17.650263,18.009787,17.223951,17.781332,16.176006,16.03041,16.66068,16.498524,18.843084,19.126677,17.443718,17.294342,16.176273,15.917539,4.0,4.0,4.0,0.0,0.0,4.0,0.0,0.0
15937,2023.0,4.0,21.0,16.0,17.640734,18.392744,20.031683,21.534204,17.624844,17.988504,16.858192,16.92594,16.10743,15.966229,16.51581,16.352238,18.2754,17.929964,16.949303,16.655611,15.956085,15.808308,4.0,4.0,0.0,0.0,0.0,0.0,0.0,0.0
15938,2023.0,4.0,21.0,16.0,17.719585,18.288391,20.076485,21.577877,17.599304,17.966597,16.340868,16.119368,16.044233,15.906818,16.401394,16.239723,18.744644,19.054502,16.806898,16.504278,15.802583,15.669982,0.0,4.0,0.0,0.0,0.0,4.0,0.0,0.0
15939,2023.0,4.0,21.0,16.0,17.680576,18.250149,18.475618,18.465416,16.96447,16.80864,16.143248,15.88968,16.748148,17.285364,16.308664,16.153656,18.204033,17.88275,16.858202,16.700453,15.662836,15.537622,0.0,0.0,0.0,4.0,0.0,0.0,0.0,0.0
15940,2023.0,4.0,21.0,16.0,17.683027,18.249899,18.343325,18.595835,17.316666,17.615778,16.941078,17.480131,20.323479,23.422968,16.240257,16.088062,17.943254,17.55108,16.85167,16.718182,15.562975,15.440916,4.0,4.0,4.0,0.0,0.0,0.0,0.0,0.0
15941,2023.0,4.0,21.0,16.0,17.682035,18.246162,20.204365,22.043451,16.876175,16.720573,17.089619,17.51603,18.262745,18.85718,16.165195,16.016932,18.610973,18.915733,16.807196,16.67943,15.465323,15.349661,0.0,0.0,4.0,4.0,0.0,4.0,0.0,0.0
15942,2023.0,4.0,21.0,17.0,17.693037,18.262676,19.035492,19.618292,17.18306,17.500338,16.442266,16.332123,20.325193,22.907152,16.096655,15.954147,18.873287,19.2423,16.75792,16.634035,15.379352,15.268673,4.0,4.0,0.0,4.0,0.0,4.0,0.0,0.0
15943,2023.0,4.0,21.0,17.0,17.04354,17.04799,20.240095,22.050135,17.371119,17.7538,16.77459,17.144602,20.04506,22.098377,16.44727,16.67371,18.911083,19.283182,17.80177,18.651316,15.304443,15.199095,0.0,4.0,4.0,0.0,4.0,4.0,4.0,0.0
15944,2023.0,4.0,21.0,17.0,16.691395,16.605766,18.467278,18.482904,17.382685,17.76941,16.96844,17.380663,18.57917,19.053658,20.395685,23.295872,18.931587,19.304844,17.089062,16.954557,15.238859,15.138492,0.0,4.0,4.0,4.0,0.0,4.0,0.0,0.0
15945,2023.0,4.0,21.0,17.0,17.29843,17.842968,17.416147,17.10591,17.38432,17.77354,16.991564,17.403732,20.269157,22.474976,18.439112,19.125383,18.226826,17.970737,16.624502,16.369236,15.181318,15.086195,0.0,4.0,4.0,0.0,4.0,0.0,0.0,0.0
15946,2023.0,4.0,21.0,17.0,17.528149,18.108313,17.2922,17.154293,17.38222,17.773994,17.009047,17.422361,18.158476,18.164278,20.286776,22.799166,17.864548,17.512684,16.495949,16.232574,16.12083,16.90976,0.0,4.0,4.0,0.0,0.0,0.0,0.0,4.0
15947,2023.0,4.0,21.0,17.0,17.55985,18.140974,17.652788,17.951572,17.37751,17.77108,17.023579,17.438076,17.068043,16.778393,18.088982,18.19443,18.50516,18.835556,17.480097,18.159197,20.245665,23.821321,4.0,4.0,4.0,0.0,0.0,4.0,4.0,0.0
15948,2023.0,4.0,21.0,18.0,16.938835,16.962795,20.270628,22.549412,17.373337,17.768906,16.430367,16.326239,16.893948,16.741419,17.19145,17.191996,18.040096,17.794806,16.897633,16.752115,17.327654,17.578415,0.0,4.0,0.0,0.0,4.0,0.0,0.0,0.0
15949,2023.0,4.0,21.0,18.0,21.286472,24.771984,18.851166,19.48146,21.306816,24.591042,21.208448,24.861954,16.7635,16.632772,20.372057,22.739763,21.357756,23.740385,21.962158,25.61288,15.838424,15.621464,4.0,4.0,4.0,0.0,4.0,4.0,0.0,0.0
15950,2023.0,4.0,21.0,18.0,21.011671,23.75451,20.244892,22.241035,21.015871,23.606794,21.034582,23.990162,17.427814,18.029785,20.03933,21.9716,21.04147,22.945475,22.066494,25.31191,15.651845,15.543836,4.0,4.0,0.0,4.0,0.0,0.0,0.0,0.0
15951,2023.0,4.0,21.0,18.0,21.073757,23.569132,20.043346,21.68348,21.101091,23.513035,21.103333,23.767689,20.321014,22.916607,18.097816,18.053915,21.071693,22.781563,21.993544,24.709694,15.56082,15.467373,0.0,0.0,0.0,4.0,0.0,0.0,0.0,0.0
15952,2023.0,4.0,21.0,18.0,21.063517,23.342701,18.36338,18.350147,21.06261,23.220316,21.092087,23.503422,20.045813,22.092241,17.217594,17.073622,21.065556,22.608973,21.067837,23.04479,15.456067,15.368045,0.0,4.0,0.0,0.0,0.0,0.0,0.0,0.0
15953,2023.0,4.0,21.0,18.0,21.062843,23.194702,17.344208,17.001095,21.066746,23.090826,21.05101,23.267263,18.5681,19.00742,17.006716,16.872904,21.021397,22.415678,21.029419,22.851372,15.367894,15.285161,0.0,4.0,4.0,4.0,0.0,4.0,4.0,0.0
15954,2023.0,4.0,21.0,19.0,21.060677,23.083681,17.236202,17.085402,21.064388,22.985447,21.072968,23.181952,20.285902,22.389029,16.816545,16.687998,21.040592,22.369322,21.086784,22.90492,16.3521,17.223343,0.0,4.0,4.0,4.0,0.0,4.0,0.0,4.0
15955,2023.0,4.0,21.0,19.0,21.05915,22.998697,17.155697,17.053421,21.063368,22.906178,21.092697,23.14557,20.049849,21.781828,16.645918,16.519466,21.067335,22.380985,21.038086,22.710093,20.350073,23.919825,0.0,4.0,0.0,0.0,0.0,0.0,4.0,0.0
15956,2023.0,4.0,21.0,19.0,21.08376,23.001797,17.463295,17.754976,21.062387,22.842974,21.086752,23.053545,18.15621,18.029287,16.883299,17.101538,21.062136,22.317165,21.045784,22.677696,17.913996,18.585007,4.0,4.0,0.0,0.0,4.0,0.0,4.0,4.0
15957,2023.0,4.0,21.0,19.0,21.078093,22.931004,20.284992,22.674028,21.061663,22.791506,21.062408,22.919964,17.130789,16.749372,20.44661,23.09276,21.032803,22.198473,21.083248,22.743006,21.726812,25.733006,4.0,4.0,4.0,0.0,4.0,4.0,0.0,4.0
15958,2023.0,4.0,21.0,19.0,21.051157,22.809742,20.037832,21.901716,21.060677,22.74757,21.090061,22.942894,16.781847,16.39109,20.033892,22.114277,21.067253,22.260227,21.075,22.687126,21.78807,25.327818,0.0,4.0,0.0,0.0,0.0,0.0,0.0,0.0
15959,2023.0,4.0,21.0,19.0,21.056568,22.786953,18.173285,18.134684,21.060492,22.711306,21.059437,22.814356,17.561783,18.102102,17.940945,17.859247,21.06155,22.219952,21.075783,22.653246,18.992563,19.532684,0.0,4.0,4.0,4.0,0.0,0.0,0.0,4.0
15960,2023.0,4.0,21.0,20.0,21.055727,22.757832,17.059502,16.636333,21.060116,22.679344,21.064724,22.788853,20.312742,22.74131,17.023926,16.864431,21.032366,22.118973,21.075445,22.622242,20.309122,22.594746,0.0,4.0,4.0,0.0,0.0,4.0,0.0,0.0
15961,2023.0,4.0,21.0,20.0,21.055477,22.731756,16.981121,16.775589,21.060076,22.650969,21.088463,22.825058,17.959911,17.858486,16.816454,16.666862,21.037579,22.11669,21.060463,22.595829,18.594524,19.080969,0.0,4.0,0.0,0.0,0.0,4.0,0.0,4.0
15962,2023.0,4.0,21.0,20.0,21.05565,22.708195,17.381746,17.623627,21.060053,22.624872,21.083572,22.781918,17.510231,17.7562,16.616682,16.465979,21.067347,22.182669,21.023521,22.492441,20.31462,22.608223,4.0,4.0,0.0,4.0,0.0,0.0,4.0,0.0
15963,2023.0,4.0,21.0,20.0,21.174446,22.923326,20.252272,22.71884,21.17146,22.823427,21.163187,22.909945,20.407124,22.674221,16.434538,16.276701,21.148346,22.30606,21.196432,22.837055,18.577288,19.027021,0.0,4.0,0.0,4.0,0.0,4.0,0.0,4.0
15964,2023.0,4.0,21.0,20.0,21.081415,22.729856,18.374313,18.71059,21.084684,22.642801,21.063957,22.720482,20.046976,21.868818,16.67379,16.86246,21.068037,22.148705,21.07512,22.562153,20.301325,22.518538,0.0,0.0,0.0,0.0,4.0,0.0,0.0,4.0
15965,2023.0,4.0,21.0,20.0,21.169712,22.85959,17.66155,17.944223,21.166927,22.76143,21.199919,22.974295,17.95634,17.689945,20.466854,23.225428,21.147594,22.271292,21.187757,22.76095,20.858847,23.283842,4.0,4.0,4.0,0.0,4.0,4.0,0.0,4.0
15966,2023.0,4.0,21.0,21.0,21.176027,22.849321,20.290066,22.597454,21.16927,22.761631,21.172092,22.933176,16.870457,16.364916,20.043201,22.194635,21.136082,22.253447,21.187685,22.734142,21.046946,23.248928,0.0,0.0,0.0,0.0,0.0,0.0,0.0,0.0
15967,2023.0,4.0,21.0,21.0,21.055006,22.590645,18.370682,18.52791,21.054407,22.488739,21.060833,22.640059,16.826963,16.614422,17.770523,17.568003,21.033327,22.011942,21.02013,22.384056,18.798605,19.135504,4.0,4.0,4.0,0.0,0.0,4.0,4.0,4.0
15968,2023.0,4.0,21.0,21.0,21.169048,22.827202,20.249578,22.361515,21.170061,22.725183,21.165453,22.818964,16.754177,16.580894,17.255981,17.402514,21.136599,22.230364,21.198069,22.748816,20.338392,22.21671,4.0,0.0,4.0,0.0,4.0,0.0,0.0,0.0
15969,2023.0,4.0,21.0,21.0,21.049278,22.54899,20.049427,21.740969,21.053709,22.453194,21.08742,22.655388,17.342176,17.824942,20.414593,22.761047,21.032938,21.988522,21.074581,22.478048,18.025234,17.736736,0.0,4.0,0.0,4.0,0.0,4.0,0.0,0.0
15970,2023.0,4.0,21.0,21.0,21.081923,22.622513,18.124403,17.900469,21.084433,22.523039,21.082165,22.619068,20.388489,22.865767,18.302996,18.51523,21.068354,22.07215,21.036602,22.35649,17.834772,18.18806,0.0,0.0,0.0,4.0,0.0,0.0,4.0,4.0
15971,2023.0,4.0,21.0,21.0,21.048521,22.519293,17.343895,17.11405,21.078285,22.495083,21.08243,22.596508,20.049961,22.003563,17.112206,16.94027,21.062616,22.04675,21.043734,22.363573,20.36333,22.512136,0.0,0.0,0.0,0.0,0.0,0.0,4.0,4.0
15972,2023.0,4.0,21.0,22.0,21.080704,22.591833,17.171755,16.965483,21.078644,22.479841,21.060623,22.575033,17.853422,17.571701,16.78668,16.589273,21.062971,22.033974,21.042934,22.357052,20.024054,21.784313,0.0,0.0,0.0,0.0,0.0,0.0,4.0,4.0
15973,2023.0,4.0,21.0,22.0,21.073544,22.562922,16.981977,16.768688,21.056328,22.463232,21.06303,22.590277,16.743084,16.21957,16.564987,16.358929,21.04388,22.020546,21.083065,22.457605,20.09303,21.844027,0.0,0.0,0.0,0.0,0.0,0.0,0.0,0.0
15974,2023.0,4.0,21.0,22.0,21.074793,22.551811,16.832441,16.627432,21.05968,22.484608,21.062632,22.594946,16.732119,16.516903,16.683254,16.733921,21.04631,22.039114,21.073965,22.423222,17.96001,17.658861,0.0,0.0,0.0,0.0,4.0,0.0,0.0,0.0
15975,2023.0,4.0,21.0,22.0,21.05463,22.539606,16.696812,16.492743,21.059267,22.491976,21.06282,22.59731,16.669405,16.486986,20.456501,23.117525,21.046114,22.046562,21.074242,22.406,16.879642,16.384766,0.0,0.0,0.0,0.0,0.0,0.0,0.0,0.0
15976,2023.0,4.0,21.0,22.0,21.057259,22.561155,16.582512,16.378202,21.059147,22.49538,21.062334,22.595505,16.525665,16.346931,18.180504,18.463976,21.04604,22.050198,21.073719,22.388964,16.512379,16.026903,0.0,0.0,0.0,0.0,0.0,0.0,0.0,0.0
15977,2023.0,4.0,21.0,22.0,21.056911,22.570095,16.478031,16.270311,21.058573,22.49476,21.061924,22.592768,16.391987,16.211472,16.871704,16.684652,21.015364,21.972116,21.055502,22.373201,16.55183,16.375689,0.0,0.0,0.0,0.0,0.0,4.0,0.0,0.0
15978,2023.0,4.0,21.0,23.0,21.113813,22.685776,16.383049,16.17186,21.11768,22.607155,21.124521,22.711403,16.276142,16.09529,16.561543,16.34582,21.126188,22.186981,21.115604,22.501177,16.458872,16.297667,0.0,0.0,0.0,0.0,0.0,0.0,0.0,0.0
15979,2023.0,4.0,21.0,23.0,19.671175,19.899183,16.312681,16.114967,19.645367,19.758799,19.562656,19.690752,16.18591,16.015352,16.394012,16.199589,19.535511,19.075647,19.59164,19.55433,16.319138,16.16769,0.0,0.0,0.0,0.0,0.0,0.0,0.0,0.0
15980,2023.0,4.0,21.0,23.0,18.978884,18.93123,16.247965,16.051092,18.877218,18.64588,18.762817,18.547428,16.108555,15.9360895,16.261791,16.061281,18.918993,18.269222,18.965975,18.749393,16.200203,16.044682,0.0,0.0,0.0,0.0,0.0,0.0,0.0,0.0
15981,2023.0,4.0,21.0,23.0,18.687733,18.633924,16.187874,15.994813,18.56587,18.319048,18.435616,18.207235,16.037533,15.866338,16.146288,15.947087,19.057999,18.806765,18.678448,18.466805,16.092274,15.937666,0.0,0.0,0.0,0.0,0.0,0.0,0.0,0.0
15982,2023.0,4.0,21.0,23.0,18.464,18.41196,16.130972,15.940698,18.33124,18.083694,18.186975,17.95848,15.971429,15.801191,16.042662,15.843983,18.962421,18.737864,18.446146,18.241426,15.99423,15.84029,0.0,0.0,0.0,0.0,0.0,0.0,0.0,0.0
15983,2023.0,4.0,21.0,23.0,18.28142,18.237139,16.079185,15.893871,18.141743,17.902853,17.98635,17.767231,15.910395,15.742405,15.950469,15.755147,18.822355,18.593203,18.251827,18.058056,15.905067,15.753389,0.0,0.0,0.0,0.0,0.0,0.0,0.0,0.0
15984,2023.0,4.0,22.0,0.0,18.12345,18.086945,16.030258,15.849736,17.976995,17.74628,17.81205,17.601593,15.853216,15.687398,15.866364,15.674219,18.699047,18.47349,18.076475,17.883408,15.823098,15.673566,0.0,0.0,0.0,0.0,0.0,0.0,0.0,0.0
15985,2023.0,4.0,22.0,0.0,17.992191,17.971369,15.98634,15.8129635,17.840578,17.62725,17.667992,17.475899,16.38208,16.730162,15.792781,15.607341,18.591892,18.373947,17.927795,17.744177,16.484482,16.98824,0.0,0.0,0.0,4.0,0.0,0.0,0.0,4.0
15986,2023.0,4.0,22.0,0.0,17.863289,17.84535,15.939785,15.768704,17.705582,17.49585,17.52577,17.337286,15.954446,15.799352,15.718811,15.533782,18.487753,18.270044,17.7863,17.602991,16.730999,17.305725,0.0,0.0,0.0,0.0,0.0,0.0,0.0,4.0
15987,2023.0,4.0,22.0,0.0,17.750437,17.738815,15.896619,15.729099,17.58703,17.384718,17.401518,17.2204,16.36601,16.697388,15.652248,15.46976,18.395393,18.180696,17.661861,17.482439,15.790425,15.444146,0.0,0.0,0.0,4.0,0.0,0.0,0.0,0.0
15988,2023.0,4.0,22.0,0.0,17.638557,17.623978,15.851463,15.683704,17.469397,17.264956,17.278633,17.094755,16.258139,16.33879,15.585232,15.400162,18.30457,18.086521,17.540842,17.357273,15.4591675,15.056851,0.0,0.0,0.0,4.0,0.0,0.0,0.0,0.0
15989,2023.0,4.0,22.0,0.0,17.539852,17.526127,15.8089905,15.641834,17.364292,17.161034,17.16871,16.985712,16.241203,16.341288,15.524575,15.338996,18.223734,18.00532,17.433865,17.250118,15.33256,14.937022,0.0,0.0,0.0,4.0,0.0,0.0,0.0,0.0
15990,2023.0,4.0,22.0,1.0,17.456512,17.451263,15.772706,15.610819,17.276728,17.084461,17.07691,16.90523,15.681574,15.290838,15.472488,15.291263,18.153725,17.939793,17.340788,17.162247,15.474425,15.332406,0.0,0.0,0.0,0.0,0.0,0.0,0.0,0.0
15991,2023.0,4.0,22.0,1.0,17.371412,17.3664,15.731887,15.569317,17.186642,16.995752,16.98246,16.812222,16.049303,16.150341,15.4182625,15.235773,18.083431,17.868223,17.249397,17.070005,15.452206,15.307652,0.0,0.0,0.0,4.0,0.0,0.0,0.0,0.0
15992,2023.0,4.0,22.0,1.0,17.290525,17.285261,15.690952,15.527071,17.101336,16.911167,16.893135,16.723642,15.561847,15.15694,15.6657505,15.742809,18.016779,17.800056,17.163649,16.983206,15.397692,15.251196,0.0,0.0,0.0,0.0,4.0,0.0,0.0,0.0
15993,2023.0,4.0,22.0,1.0,17.209208,17.198694,15.647287,15.478433,17.01516,16.819801,16.8031,16.628117,15.326636,14.874773,15.762639,15.870708,17.950638,17.729393,17.079874,16.895102,15.343183,15.192993,0.0,0.0,0.0,0.0,4.0,0.0,0.0,0.0
15994,2023.0,4.0,22.0,1.0,17.14004,17.1328,15.610812,15.443031,16.943462,16.752998,16.728487,16.558474,15.500026,15.331694,15.469449,15.307614,17.892645,17.672094,17.006147,16.822655,15.293694,15.143792,0.0,0.0,0.0,0.0,0.0,0.0,0.0,0.0
15995,2023.0,4.0,22.0,1.0,17.072092,17.066023,15.573361,15.404735,16.872896,16.684298,16.655268,16.487011,15.492654,15.324083,15.34327,15.157546,17.836271,17.615295,16.935448,16.752148,15.979397,16.47733,0.0,0.0,0.0,0.0,0.0,0.0,0.0,4.0
15996,2023.0,4.0,22.0,2.0,17.006275,17.000288,15.53572,15.365726,16.804691,16.616798,16.58471,16.416965,15.447512,15.277499,15.2757225,15.086042,17.781458,17.559431,16.867414,16.683578,15.224367,14.870303,0.0,0.0,0.0,0.0,0.0,0.0,0.0,0.0
15997,2023.0,4.0,22.0,2.0,16.94197,16.934643,15.498873,15.328108,16.738192,16.549603,16.516012,16.347132,15.402794,15.23147,15.53784,15.627242,17.728182,17.504702,16.801153,16.615555,15.002683,14.643491,0.0,0.0,0.0,0.0,4.0,0.0,0.0,0.0
15998,2023.0,4.0,22.0,2.0,16.880634,16.877998,15.970217,16.245323,16.67474,16.49183,16.450464,16.287092,15.358244,15.189419,15.340964,15.179748,17.676413,17.455772,16.736298,16.553764,15.014801,14.74264,4.0,0.0,0.0,0.0,0.0,0.0,0.0,0.0
15999,2023.0,4.0,22.0,2.0,16.8196,16.818316,15.704566,15.618893,16.61157,16.430822,16.385057,16.223677,15.31389,15.145639,15.190203,15.00475,17.625345,17.405378,16.672997,16.491222,15.064871,14.9075,0.0,0.0,0.0,0.0,0.0,0.0,0.0,0.0
16000,2023.0,4.0,22.0,2.0,16.766855,16.765198,15.534305,15.365308,16.556686,16.375675,16.328148,16.166298,15.275977,15.107152,15.129265,14.9390745,17.581455,17.360947,16.61928,16.43692,15.047763,14.896805,0.0,0.0,0.0,0.0,0.0,0.0,0.0,0.0
16001,2023.0,4.0,22.0,2.0,16.720846,16.724749,15.482458,15.320457,16.509903,16.33595,16.279663,16.124968,15.242654,15.07702,15.08676,14.9012165,17.542624,17.325703,16.571314,16.392776,15.739989,16.231627,0.0,0.0,0.0,0.0,0.0,0.0,0.0,4.0
16002,2023.0,4.0,22.0,3.0,16.672783,16.678146,15.435266,15.273883,16.46076,16.289152,16.228893,16.076385,15.2086,15.043753,15.044209,14.859536,17.503035,17.287024,16.522919,16.345251,15.243116,15.133351,0.0,0.0,0.0,0.0,0.0,0.0,0.0,0.0
16003,2023.0,4.0,22.0,3.0,16.622185,16.625021,15.389261,15.224355,16.40845,16.234451,16.175186,16.019941,15.1733465,15.006891,15.001143,14.814074,17.462214,17.244558,16.473757,16.294386,15.0131445,14.790777,0.0,0.0,0.0,0.0,0.0,0.0,0.0,0.0
16004,2023.0,4.0,22.0,3.0,16.576529,16.585114,15.34892,15.188022,16.3597,16.190493,16.125154,15.974637,15.138939,14.974465,15.004983,14.856476,17.422474,17.207119,16.425547,16.248726,15.486258,15.744195,0.0,0.0,0.0,0.0,0.0,0.0,0.0,4.0
16005,2023.0,4.0,22.0,3.0,16.54111,16.56391,15.3072815,15.146623,16.309109,16.140919,16.073603,15.923761,15.697971,16.057014,15.004316,14.877855,17.38212,17.16717,16.377108,16.200716,14.9328575,14.679823,0.0,0.0,0.0,4.0,0.0,0.0,0.0,0.0
16006,2023.0,4.0,22.0,3.0,16.501047,16.52554,15.267776,15.10724,16.260227,16.092945,16.02373,15.874605,15.34844,15.199458,15.004716,14.896848,17.343067,17.128515,16.330463,16.154497,15.027311,14.897348,0.0,0.0,0.0,0.0,0.0,0.0,0.0,0.0
16007,2023.0,4.0,22.0,3.0,16.455256,16.477234,15.226838,15.063324,16.209623,16.039875,15.972122,15.82034,15.151477,14.984754,15.007499,14.919338,17.303492,17.087706,16.28385,16.106691,15.0212965,14.910258,0.0,0.0,0.0,0.0,0.0,0.0,0.0,0.0
16008,2023.0,4.0,22.0,4.0,16.412552,16.434593,15.190338,15.027032,16.163723,15.994847,15.925351,15.774307,15.096159,14.929911,15.008027,14.931412,17.266447,17.051075,16.240269,16.06359,15.004693,14.913866,0.0,0.0,0.0,0.0,0.0,0.0,0.0,0.0
16009,2023.0,4.0,22.0,4.0,16.370981,16.393536,15.155571,14.993089,16.11964,15.952123,15.880494,15.730679,15.05192,14.886351,15.008903,14.944186,17.230446,17.015726,16.198137,16.022167,15.005949,14.946985,0.0,0.0,0.0,0.0,0.0,0.0,0.0,0.0
16010,2023.0,4.0,22.0,4.0,16.33025,16.353302,15.121893,14.960199,16.07679,15.910561,15.836995,15.688324,15.012062,14.847116,15.009725,14.955429,17.195234,16.981155,16.157171,15.981897,15.007562,14.9698515,0.0,0.0,0.0,0.0,0.0,0.0,0.0,0.0
16011,2023.0,4.0,22.0,4.0,16.292814,16.318838,15.092021,14.933996,16.038235,15.876456,15.797989,15.65365,15.00215,14.861246,15.005465,14.95606,17.162415,16.950647,16.11911,15.94635,15.619853,16.134945,0.0,0.0,0.0,0.0,0.0,0.0,0.0,4.0
16012,2023.0,4.0,22.0,4.0,16.251642,16.276278,15.058384,14.899505,15.995584,15.833115,15.755467,15.6100025,15.004214,14.886391,15.007024,14.967951,17.12735,16.91508,16.078907,15.905571,15.955109,16.556723,0.0,0.0,0.0,0.0,0.0,0.0,0.0,4.0
16013,2023.0,4.0,22.0,4.0,16.215136,16.242249,15.028771,14.8724,15.957719,15.798494,15.718249,15.575488,15.0032835,14.901728,15.1527195,15.242033,17.09547,16.885303,16.042269,15.871109,14.97498,14.777191,0.0,0.0,0.0,0.0,4.0,0.0,0.0,0.0
16014,2023.0,4.0,22.0,5.0,16.17283,16.19593,14.998943,14.845467,15.916158,15.755714,15.677334,15.532916,15.004557,14.918494,15.240813,15.353496,17.061165,16.850115,16.003302,15.831232,15.046659,14.976192,0.0,0.0,0.0,0.0,4.0,0.0,0.0,0.0
16015,2023.0,4.0,22.0,5.0,16.12797,16.145346,15.003213,14.876257,15.877635,15.718353,15.639322,15.495625,15.005415,14.932334,14.961391,14.866252,17.028776,16.818365,15.966803,15.79554,15.00787,14.932845,0.0,0.0,0.0,0.0,0.0,0.0,0.0,0.0
16016,2023.0,4.0,22.0,5.0,16.093641,16.115007,15.002601,14.894407,15.841764,15.6855545,15.6038475,15.463026,15.004875,14.942739,15.014138,14.989119,17.792774,18.293398,15.93252,15.763516,15.375489,15.633744,0.0,0.0,0.0,0.0,0.0,4.0,0.0,4.0
16017,2023.0,4.0,22.0,5.0,16.056067,16.076675,15.454038,15.755976,15.804481,15.648599,15.56671,15.426154,15.005002,14.953204,15.006698,14.988449,18.145359,18.721281,15.896894,15.728228,14.955063,14.815491,4.0,0.0,0.0,0.0,0.0,4.0,0.0,0.0
16018,2023.0,4.0,22.0,5.0,16.021084,16.042171,15.635031,15.960003,15.76946,15.615195,15.53145,15.392581,15.005419,14.963236,15.008038,15.001406,17.15037,16.71276,16.913906,17.673386,15.345993,15.59569,4.0,0.0,0.0,0.0,0.0,0.0,4.0,4.0
16019,2023.0,4.0,22.0,5.0,16.777048,17.493143,14.990804,14.806981,16.471516,16.961788,16.23974,16.751919,15.452028,15.805132,15.129018,15.228647,16.726425,16.208538,16.100477,15.764289,14.975901,14.866741,0.0,4.0,4.0,4.0,4.0,0.0,0.0,0.0
16020,2023.0,4.0,22.0,6.0,17.079327,17.814646,15.0240345,14.896336,16.129501,16.106745,15.879186,15.85357,15.72433,16.147495,15.199679,15.315758,16.610987,16.091066,16.675272,17.163486,15.025704,15.001567,0.0,0.0,0.0,4.0,4.0,0.0,4.0,0.0
16021,2023.0,4.0,22.0,6.0,20.326263,23.33874,15.443568,15.714193,20.220266,23.34086,20.716,24.361015,19.579037,22.713108,19.59315,22.757208,21.113573,23.89479,21.32753,25.000475,15.362268,15.637055,4.0,0.0,4.0,0.0,0.0,4.0,4.0,4.0
16022,2023.0,4.0,22.0,6.0,21.04893,24.158384,19.847136,23.172646,21.12107,24.362696,20.747648,23.843819,17.313797,17.699654,17.316822,17.778488,21.025667,23.435923,21.102749,24.07024,19.75815,23.165266,0.0,4.0,0.0,4.0,0.0,4.0,0.0,0.0
16023,2023.0,4.0,22.0,6.0,21.08301,23.819023,17.54995,18.098417,21.08616,23.854166,21.15848,24.160267,20.260555,23.386255,16.033869,16.150394,21.312223,23.553442,22.645641,26.305813,16.753109,16.73001,0.0,4.0,0.0,0.0,4.0,4.0,4.0,0.0
16024,2023.0,4.0,22.0,6.0,21.104942,23.627182,15.936092,15.872157,21.087088,23.56414,21.103043,23.737461,17.34781,17.25317,20.319677,23.593481,22.093885,24.685326,22.026524,24.676453,15.286662,14.886416,0.0,4.0,0.0,0.0,4.0,4.0,4.0,0.0
16025,2023.0,4.0,22.0,6.0,21.072916,23.362053,16.07121,16.32841,21.083477,23.353407,21.06124,23.464035,16.788343,17.176126,20.045326,22.645535,20.937136,22.357466,21.096828,23.058971,15.23546,15.070907,4.0,4.0,4.0,4.0,0.0,4.0,0.0,0.0
16026,2023.0,4.0,22.0,7.0,22.010319,24.69531,20.243074,23.53226,21.151688,23.342361,21.154263,23.528059,20.329197,23.327715,17.38665,17.215094,21.6434,23.538568,21.17573,23.13438,15.940425,16.454088,4.0,4.0,4.0,0.0,0.0,4.0,0.0,4.0
16027,2023.0,4.0,22.0,7.0,21.848686,24.17718,20.047983,22.688108,21.926458,24.611446,22.166348,25.044443,17.467838,17.338846,16.713442,16.839926,21.662355,23.424526,22.761667,25.715227,20.372725,24.030155,0.0,4.0,4.0,0.0,4.0,4.0,0.0,0.0
16028,2023.0,4.0,22.0,7.0,21.15303,23.053022,17.698202,17.84661,21.031702,22.799433,20.91771,22.687204,16.781443,16.94372,20.338463,23.136526,21.039503,22.195614,20.871376,22.19005,17.055643,16.984198,4.0,4.0,0.0,4.0,0.0,4.0,0.0,0.0
16029,2023.0,4.0,22.0,7.0,21.164467,23.070637,20.251034,22.974972,21.177559,23.056046,21.182514,23.165974,20.450249,23.224277,18.024559,18.308083,21.143862,22.426123,21.29671,23.065508,15.531868,15.096912,4.0,4.0,4.0,4.0,0.0,0.0,4.0,0.0
16030,2023.0,4.0,22.0,7.0,22.187458,24.67961,20.056448,22.289942,22.116404,24.498156,22.382526,25.103495,20.048801,22.250778,16.649689,16.466345,21.627361,23.188875,22.27103,24.82755,15.486453,15.30732,0.0,4.0,0.0,0.0,0.0,4.0,0.0,0.0
16031,2023.0,4.0,22.0,7.0,21.017307,22.659399,17.68403,17.544004,21.029844,22.619495,21.087969,22.869638,17.631826,17.386267,16.693087,16.81649,20.956234,21.897991,20.918556,22.166573,15.44044,15.285997,0.0,4.0,0.0,0.0,4.0,4.0,0.0,0.0
16032,2023.0,4.0,22.0,8.0,21.175516,23.004206,16.662922,16.453098,21.174927,22.92617,21.165117,23.010983,16.398933,15.8609495,20.471598,23.218918,21.16034,22.32712,21.211817,22.777473,15.335706,15.185172,0.0,0.0,0.0,0.0,4.0,4.0,0.0,0.0
16033,2023.0,4.0,22.0,8.0,19.064056,18.94382,16.43055,16.237984,19.008873,18.754007,19.295338,19.439426,16.328964,16.077288,20.04709,22.22107,19.374962,18.922155,19.471098,19.454477,15.251375,15.108228,0.0,0.0,0.0,0.0,0.0,0.0,0.0,0.0
16034,2023.0,4.0,22.0,8.0,17.913504,17.505753,16.219336,16.027838,17.764599,17.15895,18.195505,18.05021,16.264381,16.065758,17.723312,17.520424,19.271864,19.30126,18.575161,18.373976,15.179705,15.040716,0.0,0.0,0.0,0.0,0.0,4.0,0.0,0.0
16035,2023.0,4.0,22.0,8.0,17.555254,17.116148,16.078806,15.883575,17.734812,17.439077,17.837269,17.642014,16.153782,15.963053,16.697311,16.058064,18.524052,17.919485,18.266558,18.043087,16.118982,16.860691,0.0,0.0,0.0,0.0,0.0,0.0,0.0,4.0
16036,2023.0,4.0,22.0,8.0,17.64112,17.551472,15.954705,15.765494,17.627163,17.410496,17.587662,17.39789,16.04625,15.861794,16.68318,16.353924,18.940767,18.988043,18.040236,17.82337,20.348541,24.002289,0.0,0.0,0.0,0.0,0.0,4.0,0.0,4.0
16037,2023.0,4.0,22.0,8.0,17.56292,17.540743,16.30589,16.541811,17.418839,17.212364,17.337317,17.152748,15.934713,15.753991,16.605104,16.350027,18.361906,17.824102,17.815825,17.604897,20.014557,22.816164,4.0,0.0,0.0,0.0,0.0,0.0,0.0,4.0
16038,2023.0,4.0,22.0,9.0,17.391771,17.381641,20.11652,23.232946,17.232407,17.03555,17.12697,16.949795,15.838891,15.661794,16.434528,16.192522,17.964237,17.37705,17.627745,17.425137,20.108797,22.670876,0.0,0.0,0.0,0.0,0.0,0.0,0.0,0.0
16039,2023.0,4.0,22.0,9.0,17.246128,17.251297,17.915928,18.435339,17.069178,16.880424,17.651855,18.095604,15.758553,15.585197,16.283764,16.052267,17.78802,17.209885,17.467543,17.270988,17.507467,17.400585,0.0,0.0,4.0,0.0,0.0,0.0,0.0,0.0
16040,2023.0,4.0,22.0,9.0,17.135103,17.146431,16.75216,16.638159,16.951967,16.769182,17.198095,17.203367,15.703999,15.532708,16.185244,15.958553,18.787352,19.24217,17.353567,17.160343,16.561577,16.101625,0.0,0.0,0.0,0.0,0.0,4.0,0.0,0.0
16041,2023.0,4.0,22.0,9.0,17.032412,17.052464,16.449299,16.2938,16.844421,16.671288,16.563189,16.12181,15.655855,15.48794,16.098574,15.879265,18.039759,17.635542,17.250988,17.063133,16.240805,15.783927,0.0,0.0,0.0,0.0,0.0,0.0,0.0,0.0
16042,2023.0,4.0,22.0,9.0,16.939913,16.966732,16.737679,17.00357,16.747662,16.58219,16.300486,15.808662,15.613865,15.448338,16.02268,15.808582,18.49354,18.672987,17.160444,16.97618,16.242603,16.02676,4.0,0.0,0.0,0.0,0.0,4.0,0.0,0.0
16043,2023.0,4.0,22.0,9.0,16.857115,16.892044,20.234365,23.121244,16.662493,16.507608,17.163439,17.59823,15.578406,15.416004,15.957116,15.748684,17.925032,17.513588,17.082563,16.904112,16.154886,15.974851,0.0,0.0,4.0,0.0,0.0,0.0,0.0,0.0
16044,2023.0,4.0,22.0,10.0,16.758738,16.791666,18.119555,18.607954,17.287127,17.766401,16.643915,16.411968,15.544225,15.384526,15.895229,15.693157,17.581438,17.081749,17.002731,16.828745,16.01832,15.848476,0.0,4.0,0.0,0.0,0.0,0.0,0.0,0.0
16045,2023.0,4.0,22.0,10.0,16.68961,16.728846,17.007494,16.907862,16.868132,16.88952,16.236282,15.820231,15.523439,15.366632,15.858372,15.661121,18.29544,18.51374,16.94416,16.77349,15.920475,15.754484,0.0,0.0,0.0,0.0,0.0,4.0,0.0,0.0
16046,2023.0,4.0,22.0,10.0,16.640379,16.701456,16.700518,16.570204,17.036755,17.27823,16.087961,15.681181,15.507529,15.354302,15.828419,15.637457,17.76075,17.376305,16.89362,16.727554,15.834834,15.675314,0.0,4.0,0.0,0.0,0.0,0.0,0.0,0.0
16047,2023.0,4.0,22.0,10.0,16.59506,16.671623,16.503931,16.383572,17.112436,17.402437,16.217537,16.062344,15.495991,15.345865,15.804317,15.618746,18.333683,18.575642,16.851566,16.690079,16.748594,17.46965,0.0,4.0,0.0,0.0,0.0,4.0,0.0,4.0
16048,2023.0,4.0,22.0,10.0,16.539186,16.617374,16.351423,16.241417,16.479147,16.224768,16.227537,16.130087,15.487757,15.340246,15.784468,15.603351,18.561007,18.88189,16.815329,16.657787,20.290545,23.496267,0.0,0.0,0.0,0.0,0.0,4.0,0.0,0.0
16049,2023.0,4.0,22.0,10.0,17.249426,18.006197,16.664488,16.967087,16.140654,15.800985,16.17533,16.090485,15.480473,15.335559,15.764683,15.587905,17.92115,17.61731,16.778873,16.625246,18.196445,18.86558,4.0,0.0,0.0,0.0,0.0,0.0,0.0,4.0
16050,2023.0,4.0,22.0,11.0,16.79906,17.019138,20.266022,23.246584,16.04875,15.719816,16.129965,16.053331,15.477605,15.335163,15.752584,15.579269,17.659418,17.235495,17.850533,18.677158,20.355434,22.78996,0.0,0.0,0.0,0.0,0.0,0.0,4.0,0.0
16051,2023.0,4.0,22.0,11.0,16.307295,16.245155,18.141933,18.68718,16.160734,16.033737,16.081247,16.01125,15.474638,15.333485,16.135464,16.306955,18.346071,18.616732,17.142662,16.978148,17.90894,17.943512,0.0,0.0,0.0,0.0,4.0,4.0,0.0,0.0
16052,2023.0,4.0,22.0,11.0,16.906624,17.450787,17.054155,17.020866,16.912893,17.46943,16.040798,15.97557,15.473946,15.334066,20.18148,23.364748,17.811466,17.479677,16.77728,16.451696,17.000013,16.649473,0.0,4.0,0.0,0.0,0.0,0.0,0.0,0.0
16053,2023.0,4.0,22.0,11.0,16.508883,16.538685,16.703062,16.637136,17.020739,17.43936,15.998298,15.938927,15.47309,15.335042,18.010962,18.52911,18.317831,18.610344,16.651352,16.326777,16.642576,16.295033,0.0,4.0,0.0,0.0,0.0,4.0,0.0,0.0
16054,2023.0,4.0,22.0,11.0,17.028263,17.631273,16.517035,16.440474,17.009521,17.413498,15.96238,15.907146,15.4727545,15.336737,16.933664,16.787394,18.588106,18.988201,16.5866,16.268833,16.59681,16.407135,0.0,4.0,0.0,0.0,0.0,4.0,0.0,0.0
16055,2023.0,4.0,22.0,11.0,16.481745,16.510044,16.377993,16.306993,17.03374,17.44764,15.92819,15.878577,15.47179,15.338121,17.114256,17.283653,18.673145,19.07978,16.684502,16.521624,16.498106,16.333946,0.0,4.0,0.0,0.0,4.0,4.0,0.0,0.0
16056,2023.0,4.0,22.0,12.0,16.256659,16.208597,16.72861,17.066685,17.055237,17.478323,15.8961525,15.852712,15.470514,15.339425,20.237297,22.847702,18.738173,19.148975,17.795618,18.62826,16.389967,16.235369,4.0,4.0,0.0,0.0,0.0,4.0,4.0,0.0
16057,2023.0,4.0,22.0,12.0,21.262825,25.063807,20.299408,23.252111,21.292366,24.799292,21.22537,25.240957,15.466133,15.335734,18.30324,18.68688,21.95102,24.721916,21.470013,24.795437,16.269733,16.117214,4.0,4.0,4.0,0.0,0.0,4.0,0.0,0.0
16058,2023.0,4.0,22.0,12.0,21.030308,24.08002,20.020472,22.329847,21.034351,23.855698,21.016872,24.244562,15.463024,15.332995,17.083267,16.957174,22.115093,24.617022,22.421158,25.844631,16.166891,16.018276,4.0,0.0,0.0,0.0,0.0,4.0,0.0,0.0
16059,2023.0,4.0,22.0,12.0,21.092667,23.849255,20.088053,22.236362,21.094112,23.661419,21.101746,23.992548,15.463597,15.33522,16.80052,16.620428,23.088865,26.056534,23.095865,26.589392,16.081694,15.935494,0.0,0.0,0.0,0.0,0.0,4.0,0.0,0.0
16060,2023.0,4.0,22.0,12.0,21.074606,23.602,18.081951,18.21439,21.066566,23.368643,21.096045,23.698399,15.466594,15.340105,16.679043,16.504435,20.922394,21.939,21.925152,24.20329,16.01734,15.878814,0.0,4.0,0.0,0.0,0.0,0.0,0.0,0.0
16061,2023.0,4.0,22.0,12.0,21.074108,23.450863,16.910713,16.675901,21.068365,23.220142,21.077616,23.495388,15.469967,15.345746,16.57807,16.40584,21.078566,22.24132,20.913013,22.245977,15.961104,15.827192,0.0,4.0,0.0,0.0,0.0,0.0,0.0,0.0
16062,2023.0,4.0,22.0,13.0,21.06976,23.333075,16.73401,16.643843,21.088375,23.168566,21.075321,23.368778,15.473035,15.351055,16.917656,17.124922,21.021275,22.088694,21.087547,22.614368,15.913316,15.783072,0.0,0.0,0.0,0.0,4.0,4.0,0.0,0.0
16063,2023.0,4.0,22.0,13.0,21.070675,23.250738,16.60955,16.552658,21.08286,23.068058,21.075804,23.276115,15.475993,15.35624,20.349077,22.932316,21.059574,22.168627,21.054602,22.55316,15.875095,15.750443,0.0,0.0,0.0,0.0,0.0,0.0,0.0,0.0
16064,2023.0,4.0,22.0,13.0,21.044195,23.113924,16.925308,17.274307,21.081697,22.994982,21.07404,23.199333,15.479459,15.361834,18.318449,18.728525,21.023226,22.05489,21.056957,22.548769,15.841838,15.721151,4.0,0.0,0.0,0.0,0.0,4.0,0.0,0.0
16065,2023.0,4.0,22.0,13.0,21.35428,23.70781,20.280745,23.109957,21.161346,23.108202,21.144373,23.281584,15.483757,15.368147,17.093744,16.982119,21.309294,22.631,21.17988,22.780405,15.8141,15.696933,0.0,4.0,0.0,0.0,0.0,0.0,0.0,0.0
16066,2023.0,4.0,22.0,13.0,21.079224,23.082588,18.247473,18.767511,21.085594,22.922997,21.071396,23.086779,15.489713,15.37546,16.826073,16.667526,21.021027,22.00802,21.054766,22.509884,15.790837,15.676662,0.0,0.0,0.0,0.0,0.0,4.0,0.0,0.0
16067,2023.0,4.0,22.0,13.0,21.156605,23.173237,17.422676,17.860693,21.155567,23.009457,21.145494,23.187502,15.496493,15.383983,16.7052,16.536495,21.102608,22.181602,21.1116,22.601002,15.770874,15.658716,4.0,0.0,0.0,0.0,0.0,0.0,0.0,0.0
16068,2023.0,4.0,22.0,14.0,21.873705,24.344728,20.267824,22.860336,21.423496,23.54057,21.382416,23.63043,15.502853,15.391258,16.624554,16.463984,21.707626,23.171398,21.535599,23.438,15.755748,15.646575,0.0,0.0,0.0,0.0,0.0,0.0,0.0,0.0
16069,2023.0,4.0,22.0,14.0,20.061079,20.91947,18.15634,18.437862,19.477982,19.758038,19.336542,19.643608,15.510754,15.39998,16.555527,16.398127,19.870512,19.69933,19.65558,19.748796,15.7424,15.635511,0.0,0.0,0.0,0.0,0.0,0.0,0.0,0.0
16070,2023.0,4.0,22.0,14.0,19.40608,19.923725,17.302702,17.245743,18.672674,18.600014,18.483244,18.43186,15.5192,15.40999,16.511566,16.35416,19.520752,19.315454,19.023895,18.850319,15.732139,15.626726,0.0,0.0,0.0,0.0,0.0,0.0,0.0,0.0
16071,2023.0,4.0,22.0,14.0,18.564201,18.556097,17.54161,17.904152,18.360422,18.28579,18.156363,18.106285,15.525616,15.417375,16.4731,16.31999,19.378475,19.190327,18.76489,18.594662,15.721183,15.617663,4.0,0.0,0.0,0.0,0.0,0.0,0.0,0.0
16072,2023.0,4.0,22.0,14.0,18.835762,19.355959,20.273617,22.739027,18.123089,18.052717,17.906271,17.860933,15.529711,15.422708,16.435944,16.285553,19.239445,19.05779,18.567522,18.402935,16.679558,17.438593,4.0,0.0,0.0,0.0,0.0,0.0,0.0,4.0
16073,2023.0,4.0,22.0,14.0,18.849136,19.419062,20.024282,22.001078,17.89008,17.825865,17.663008,17.623432,15.532638,15.4270315,16.396875,16.249537,19.866924,20.38275,19.408876,20.171478,20.359818,23.569782,4.0,0.0,0.0,0.0,0.0,4.0,4.0,4.0
16074,2023.0,4.0,22.0,15.0,18.737581,19.327585,20.064983,21.925356,18.38373,18.928022,17.456354,17.4181,16.326447,16.924294,16.36207,16.21879,19.143946,18.872002,18.549534,18.335117,20.006819,22.449188,4.0,4.0,0.0,4.0,0.0,0.0,0.0,4.0
16075,2023.0,4.0,22.0,15.0,18.003448,18.049688,20.075277,21.852114,17.968313,18.082857,17.283253,17.246096,20.316769,23.656898,16.329187,16.189186,18.72579,18.370275,18.031937,17.736538,20.088215,22.347982,0.0,0.0,0.0,0.0,0.0,0.0,0.0,0.0
16076,2023.0,4.0,22.0,15.0,18.28137,18.857237,18.381763,18.524813,17.393118,17.215433,17.136072,17.100061,17.69668,17.990358,16.297974,16.162178,19.331202,19.646152,17.846548,17.554695,17.984009,18.082026,0.0,0.0,0.0,0.0,0.0,4.0,0.0,0.0
16077,2023.0,4.0,22.0,15.0,18.366524,18.98722,17.551952,17.328249,17.170328,16.944206,17.749813,18.344315,16.673115,16.445612,16.2708,16.138504,19.524979,19.929892,18.75546,19.383362,18.065334,18.605852,0.0,0.0,4.0,0.0,0.0,4.0,4.0,4.0
16078,2023.0,4.0,22.0,15.0,18.342403,18.96309,17.401735,17.321339,17.886871,18.422031,17.29777,17.419205,17.282673,17.804993,16.629421,16.84027,19.545105,19.955835,18.065405,17.945736,20.27315,22.593052,0.0,4.0,0.0,4.0,4.0,4.0,0.0,0.0
16079,2023.0,4.0,22.0,15.0,17.68241,17.75871,17.68363,18.035389,18.012936,18.482014,16.798143,16.661322,20.8031,24.033745,20.377665,23.172548,19.553308,19.968231,17.622452,17.374086,18.13487,18.217274,4.0,4.0,0.0,4.0,0.0,4.0,0.0,0.0
16080,2023.0,4.0,22.0,16.0,17.306648,17.290054,20.280249,22.603964,17.339672,17.273293,16.601503,16.4284,20.046686,22.217926,18.214342,18.663681,18.79318,18.536976,17.466791,17.210848,17.083122,16.87858,4.0,0.0,0.0,0.0,0.0,0.0,0.0,0.0
16081,2023.0,4.0,22.0,16.0,17.875452,18.481787,20.039011,21.913609,17.627075,18.023325,17.340324,17.919695,18.03198,18.133411,16.954853,16.881197,18.444592,18.119738,17.36401,17.113031,16.764523,16.537424,0.0,4.0,4.0,0.0,0.0,0.0,0.0,0.0
16082,2023.0,4.0,22.0,16.0,18.07905,18.721474,18.64281,19.072313,17.804585,18.264309,17.502287,18.003431,16.986172,16.777119,16.703226,16.589283,18.32882,18.008913,17.387411,17.25282,17.60996,18.32081,4.0,4.0,4.0,0.0,0.0,0.0,0.0,4.0
16083,2023.0,4.0,22.0,16.0,17.456581,17.550734,20.224073,22.12517,17.808323,18.270882,16.879313,16.84303,16.82804,16.692526,16.612253,16.493477,18.24671,17.932165,17.366669,17.25221,20.321901,22.985563,0.0,4.0,0.0,0.0,0.0,0.0,0.0,0.0
16084,2023.0,4.0,22.0,16.0,17.090698,17.075218,18.501713,18.663261,17.801365,18.263924,16.527424,16.381157,16.695684,16.581612,16.526228,16.41298,18.3098,18.146841,17.315544,17.206722,18.021978,18.16884,0.0,4.0,0.0,0.0,0.0,0.0,0.0,0.0
16085,2023.0,4.0,22.0,16.0,16.970665,16.941977,17.831562,17.781368,17.198376,17.15027,16.413994,16.252268,16.57953,16.46799,16.463503,16.351557,19.106483,19.689262,18.355242,19.2164,17.181524,16.95166,0.0,0.0,0.0,0.0,0.0,4.0,4.0,0.0
16086,2023.0,4.0,22.0,17.0,17.62327,18.238918,18.047455,18.396402,17.571827,17.983107,17.186066,17.782433,16.47335,16.366709,16.404585,16.296045,19.156105,19.626186,17.557913,17.477835,17.964174,18.67048,4.0,4.0,4.0,0.0,0.0,4.0,0.0,4.0
16087,2023.0,4.0,22.0,17.0,17.7978,18.45823,20.237867,22.301327,17.694647,18.164795,17.276924,17.793741,16.380957,16.278461,16.349754,16.243666,19.17082,19.624693,17.228064,17.007412,20.27815,22.689852,4.0,4.0,4.0,0.0,0.0,4.0,0.0,0.0
16088,2023.0,4.0,22.0,17.0,17.841743,18.49849,20.024456,21.704054,17.70076,18.168339,17.264065,17.759174,16.286444,16.189169,16.293583,16.190838,18.497448,18.327139,17.107317,16.884922,18.133104,18.247725,4.0,4.0,4.0,0.0,0.0,0.0,0.0,0.0
16089,2023.0,4.0,22.0,17.0,17.874619,18.529543,20.073704,21.707216,17.70449,18.171936,17.29661,17.789948,16.201687,16.10734,16.243744,16.144083,18.938656,19.363787,17.025307,16.805088,18.011396,18.644373,0.0,4.0,4.0,0.0,0.0,4.0,0.0,4.0
16090,2023.0,4.0,22.0,17.0,17.8903,18.537718,18.818083,19.19959,17.704508,18.171827,17.319845,17.811327,16.13131,16.043009,16.202002,16.107557,18.430176,18.257326,17.065563,16.955164,20.29456,22.627396,4.0,4.0,4.0,0.0,0.0,0.0,0.0,0.0
16091,2023.0,4.0,22.0,17.0,17.262558,17.35407,20.210281,22.062225,17.702568,18.16987,16.737251,16.711798,16.845552,17.449444,16.161024,16.069586,18.86619,19.274323,18.149792,19.021643,18.185421,18.28515,4.0,4.0,0.0,4.0,0.0,4.0,4.0,0.0
16092,2023.0,4.0,22.0,18.0,17.65412,18.294313,20.028093,21.57473,17.109625,17.069649,17.07541,17.532236,20.332445,23.37302,16.122122,16.034039,19.098343,19.554483,17.48335,17.410883,17.127686,16.919022,4.0,0.0,4.0,0.0,0.0,4.0,0.0,0.0
16093,2023.0,4.0,22.0,18.0,21.328712,24.58695,20.071274,21.597115,21.266926,24.568384,21.269682,24.708471,17.821796,18.015858,16.084705,15.998302,21.964346,24.549967,22.377846,25.924229,16.935421,16.822048,0.0,0.0,0.0,0.0,0.0,0.0,0.0,0.0
16094,2023.0,4.0,22.0,18.0,21.00652,23.538614,18.862902,19.201797,21.003975,23.556974,21.007195,23.720316,16.579695,16.383654,16.051453,15.967725,20.941473,22.393116,20.934301,23.074781,16.81029,16.709442,4.0,4.0,4.0,0.0,0.0,0.0,0.0,0.0
16095,2023.0,4.0,22.0,18.0,21.091236,23.468555,20.218866,21.999977,21.071611,23.393284,21.077993,23.560883,16.430447,16.328697,16.445028,16.740673,21.073778,22.517986,21.104235,23.169643,16.681133,16.585974,4.0,4.0,4.0,0.0,4.0,0.0,0.0,0.0
16096,2023.0,4.0,22.0,18.0,21.05179,23.192476,20.045517,21.555464,21.061209,23.176123,21.090183,23.40034,17.178444,17.828844,20.419,23.382362,21.055586,22.37801,21.056728,22.926218,17.601816,18.435856,0.0,4.0,0.0,4.0,0.0,0.0,0.0,4.0
16097,2023.0,4.0,22.0,18.0,21.056194,23.0773,18.843374,19.157782,21.060324,23.03624,21.060566,23.170889,20.334251,23.137585,18.159946,18.623606,21.044458,22.303198,21.060751,22.82366,20.321587,22.975716,4.0,4.0,4.0,4.0,0.0,0.0,0.0,0.0
16098,2023.0,4.0,22.0,19.0,21.053831,22.980888,20.220182,21.982908,21.058548,22.93126,21.08758,23.13362,20.015554,22.165358,16.867838,16.82722,21.015705,22.187574,21.058773,22.73791,17.964924,18.035908,4.0,4.0,0.0,4.0,0.0,4.0,0.0,0.0
16099,2023.0,4.0,22.0,19.0,21.078768,22.976725,20.043112,21.52416,21.081642,22.91776,21.056456,22.96378,20.085175,22.091719,16.587767,16.499374,21.062132,22.252365,21.057825,22.674515,17.829245,18.464691,0.0,0.0,4.0,0.0,0.0,0.0,0.0,4.0
16100,2023.0,4.0,22.0,19.0,21.04671,22.829145,18.505781,18.506414,21.051794,22.77085,21.061787,22.908632,18.651455,19.125235,16.444365,16.354757,21.025799,22.121286,21.05778,22.627844,20.306505,22.728218,0.0,4.0,4.0,4.0,0.0,4.0,0.0,0.0
16101,2023.0,4.0,22.0,19.0,21.077894,22.862007,18.224104,18.538677,21.05655,22.729225,21.084755,22.920593,20.276182,22.347416,16.328054,16.238096,21.061264,22.186855,21.057434,22.590872,18.04025,18.03628,4.0,4.0,0.0,4.0,0.0,0.0,0.0,0.0
16102,2023.0,4.0,22.0,19.0,21.180817,23.002495,20.250126,22.141382,21.178133,22.931002,21.16331,23.02762,20.051079,21.78052,16.642973,16.924484,21.132153,22.301786,21.29938,23.018631,16.954763,16.681831,4.0,4.0,0.0,0.0,4.0,0.0,4.0,0.0
16103,2023.0,4.0,22.0,19.0,21.16761,22.956848,20.124594,21.74963,21.177671,22.891098,21.165443,22.967072,18.157682,18.037346,20.465303,23.29842,21.131676,22.275385,21.19673,22.792583,17.852257,18.657394,0.0,4.0,4.0,0.0,4.0,0.0,0.0,4.0
16104,2023.0,4.0,22.0,20.0,21.044481,22.655163,18.718311,18.917446,21.05471,22.61129,21.083803,22.786259,17.890856,18.196375,20.034157,22.240273,21.013023,22.02617,21.067194,22.494118,21.972475,25.579535,4.0,4.0,0.0,4.0,0.0,4.0,0.0,0.0
16105,2023.0,4.0,22.0,20.0,21.050135,22.643305,20.22737,21.99346,21.054457,22.584759,21.05289,22.671604,20.34797,22.426327,17.889511,17.84693,21.03367,22.051449,21.067984,22.46496,18.78662,18.867086,4.0,4.0,4.0,4.0,0.0,4.0,0.0,0.0
16106,2023.0,4.0,22.0,20.0,21.0752,22.691668,20.024502,21.448545,21.053595,22.55944,21.083075,22.725988,20.043432,21.753103,16.97067,16.848196,21.061588,22.114006,21.053823,22.436867,18.17016,18.712996,4.0,4.0,0.0,0.0,0.0,0.0,0.0,4.0
16107,2023.0,4.0,22.0,20.0,21.069374,22.653576,20.05607,21.424467,21.053621,22.537956,21.076881,22.68672,18.725977,19.07106,17.182003,17.41754,21.02675,22.006804,21.055792,22.435883,20.295586,22.436903,4.0,4.0,0.0,4.0,4.0,4.0,0.0,0.0
16108,2023.0,4.0,22.0,20.0,21.04335,22.557417,20.070032,21.407616,21.078133,22.585932,21.052326,22.593151,20.615393,22.779158,20.42201,22.890308,21.032068,22.008118,21.055264,22.427738,18.10272,17.967257,0.0,0.0,4.0,0.0,0.0,4.0,0.0,0.0
16109,2023.0,4.0,22.0,20.0,21.074427,22.622583,18.521864,18.393078,21.072557,22.549494,21.081644,22.652905,18.826326,19.162188,18.607365,19.15416,21.061537,22.076645,21.055218,22.419441,18.013123,18.513666,0.0,0.0,0.0,4.0,4.0,0.0,0.0,4.0
16110,2023.0,4.0,22.0,21.0,21.042244,22.518532,17.841816,17.694769,21.07278,22.525782,21.051172,22.551256,21.256046,23.648415,20.305676,22.486694,21.056406,22.048897,21.05491,22.409935,21.988167,25.33078,0.0,0.0,4.0,4.0,0.0,0.0,0.0,0.0
16111,2023.0,4.0,22.0,21.0,21.073627,22.586395,18.09223,18.344809,21.05498,22.503283,21.080477,22.61332,19.89879,21.080734,18.143028,18.067812,21.056408,22.032887,21.054623,22.40007,19.497421,19.980856,4.0,0.0,0.0,0.0,0.0,0.0,0.0,4.0
16112,2023.0,4.0,22.0,21.0,21.067253,22.555538,20.228617,22.193378,21.032146,22.442385,21.074476,22.581846,18.281427,18.024416,17.181032,17.02436,21.056015,22.018,21.054356,22.390095,20.248753,22.015905,0.0,4.0,0.0,0.0,0.0,0.0,0.0,0.0
16113,2023.0,4.0,22.0,21.0,21.067524,22.539656,19.003935,19.563107,21.078672,22.526897,21.074486,22.563875,17.421835,17.019217,17.371687,17.570526,21.011202,21.926949,21.053967,22.379599,19.007658,19.45215,4.0,0.0,0.0,0.0,4.0,4.0,0.0,4.0
16114,2023.0,4.0,22.0,21.0,21.05137,22.525545,20.23839,22.006147,21.07031,22.485268,21.057146,22.546888,17.323467,17.15827,20.402327,22.712255,21.062372,22.035185,21.053644,22.36908,21.520426,24.123444,4.0,0.0,0.0,0.0,0.0,0.0,0.0,0.0
16115,2023.0,4.0,22.0,21.0,21.05336,22.53855,20.045567,21.492874,21.070654,22.464151,21.058504,22.555729,17.995815,18.567371,18.386782,18.636927,21.054726,22.002426,21.05329,22.358465,19.11594,19.07064,0.0,0.0,0.0,4.0,0.0,0.0,0.0,0.0
16116,2023.0,4.0,22.0,22.0,21.02642,22.469442,18.438744,18.319502,21.05324,22.444698,21.058279,22.556707,20.29249,22.461926,17.614231,17.798874,21.054848,21.986135,21.05292,22.347542,17.669966,17.298153,0.0,0.0,0.0,0.0,4.0,0.0,0.0,0.0
16117,2023.0,4.0,22.0,22.0,21.058214,22.559177,17.454748,17.014961,21.05538,22.455153,21.058466,22.55627,18.117016,17.974134,20.392715,22.578943,21.040083,21.969893,21.05265,22.335901,17.498373,17.343046,0.0,0.0,0.0,0.0,0.0,0.0,0.0,0.0
16118,2023.0,4.0,22.0,22.0,21.068779,22.544964,17.390882,17.180937,21.055061,22.456125,21.058117,22.552294,17.05094,16.668665,18.148186,18.068573,21.041653,21.978794,21.052475,22.325058,17.351187,17.216124,0.0,0.0,0.0,0.0,0.0,0.0,0.0,0.0
16119,2023.0,4.0,22.0,22.0,21.065847,22.513893,17.333075,17.176138,21.05464,22.45385,21.057758,22.547234,16.99865,16.845278,16.911846,16.464922,21.041252,21.979925,21.051634,22.313671,17.1654,17.030584,0.0,0.0,0.0,0.0,0.0,0.0,0.0,0.0
16120,2023.0,4.0,22.0,22.0,21.049473,22.492884,17.192984,17.034328,21.05401,22.449574,21.05708,22.541866,16.907423,16.765226,16.862036,16.675581,21.0408,21.978605,21.050611,22.302624,17.006918,16.87427,0.0,0.0,0.0,0.0,0.0,0.0,0.0,0.0
16121,2023.0,4.0,22.0,22.0,21.05268,22.504211,17.545822,17.806637,21.0547,22.445953,21.058067,22.538918,16.776915,16.635723,16.774158,16.610764,21.041351,21.977015,21.051886,22.295792,17.6479,18.20616,4.0,0.0,0.0,0.0,0.0,0.0,0.0,4.0
16122,2023.0,4.0,22.0,23.0,21.189007,22.778732,20.238243,22.565197,21.188179,22.70725,21.182146,22.781445,16.655317,16.5138,16.638073,16.479837,21.15143,22.193367,21.224052,22.631542,20.315163,22.736147,0.0,0.0,0.0,0.0,0.0,0.0,0.0,0.0
16123,2023.0,4.0,22.0,23.0,19.745667,19.992598,18.501665,18.842484,19.70371,19.83732,19.624588,19.77182,16.55018,16.410276,16.509933,16.35109,19.966835,19.89873,19.699755,19.672619,17.991379,17.877693,0.0,0.0,0.0,0.0,0.0,0.0,0.0,0.0
16124,2023.0,4.0,22.0,23.0,19.101862,19.083914,17.610168,17.45383,18.982002,18.783323,18.875021,18.690325,16.466867,16.320183,16.411713,16.24412,19.526434,19.307234,19.134333,18.93248,17.168161,16.746502,0.0,0.0,0.0,0.0,0.0,0.0,0.0,0.0
16125,2023.0,4.0,22.0,23.0,18.833277,18.808527,17.376757,17.197647,18.692268,18.477678,18.571442,18.372204,16.39032,16.240955,16.32254,16.151531,19.336063,19.117094,18.877066,18.675692,17.171606,17.009645,0.0,0.0,0.0,0.0,0.0,0.0,0.0,0.0
16126,2023.0,4.0,22.0,23.0,18.636065,18.621092,17.22288,17.051956,18.485762,18.281702,18.353546,18.166103,16.32151,16.172186,16.563917,16.674578,19.183434,18.972815,18.676008,18.484608,17.046577,16.89387,0.0,0.0,0.0,0.0,4.0,0.0,0.0,0.0
16127,2023.0,4.0,22.0,23.0,18.46368,18.451336,17.091599,16.920515,18.30383,18.101706,18.161911,17.976952,16.254992,16.104176,16.29352,16.136116,19.044243,18.831932,18.500025,18.313618,16.918867,16.770485,0.0,0.0,0.0,0.0,0.0,0.0,0.0,0.0
16128,2023.0,4.0,23.0,0.0,18.317698,18.312098,16.982128,16.815306,18.1501,17.955425,18.000332,17.82341,16.783892,17.15243,16.167784,15.999035,18.92344,18.713432,18.348732,18.17062,16.803473,16.655754,0.0,0.0,0.0,4.0,0.0,0.0,0.0,0.0
16129,2023.0,4.0,23.0,0.0,18.185205,18.182861,16.8829,16.717825,18.009817,17.818691,17.85302,17.67981,16.340635,16.195269,16.08869,15.917774,18.8131,18.603567,18.208548,18.03025,16.69837,16.550817,0.0,0.0,0.0,0.0,0.0,0.0,0.0,0.0
16130,2023.0,4.0,23.0,0.0,18.059872,18.05336,16.787275,16.617506,17.875948,17.68024,17.712564,17.534468,16.18182,16.027462,16.017132,15.8424635,18.709417,18.496046,18.078579,17.896412,16.600075,16.448997,0.0,0.0,0.0,0.0,0.0,0.0,0.0,0.0
16131,2023.0,4.0,23.0,0.0,17.959818,17.963251,16.713253,16.552666,17.770407,17.586817,17.601963,17.436474,16.709642,17.077946,15.959756,15.789168,18.623558,18.415077,17.969975,17.793365,16.518068,16.3711,0.0,0.0,0.0,4.0,0.0,0.0,0.0,0.0
16132,2023.0,4.0,23.0,0.0,17.86391,17.871614,16.640276,16.483215,17.668293,17.490019,17.495056,17.335009,16.053991,15.701341,15.904348,15.734903,18.542635,18.335793,17.868582,17.694092,16.441053,16.295444,0.0,0.0,0.0,0.0,0.0,0.0,0.0,0.0
16133,2023.0,4.0,23.0,0.0,17.770178,17.775862,16.567902,16.409323,17.568188,17.38867,17.390373,17.228874,15.800776,15.409962,16.169237,16.278254,18.464378,18.25493,17.771257,17.593962,16.36677,16.218683,0.0,0.0,0.0,0.0,4.0,0.0,0.0,0.0
16134,2023.0,4.0,23.0,1.0,17.68795,17.696468,16.504257,16.347933,17.4804,17.304493,17.298756,17.140854,15.944197,15.793853,16.24591,16.362268,18.395397,18.18657,17.685476,17.509058,16.301184,16.153564,0.0,0.0,0.0,0.0,4.0,0.0,0.0,0.0
16135,2023.0,4.0,23.0,1.0,17.615393,17.630621,16.449486,16.299528,17.403492,17.235516,17.218622,17.068605,15.930699,15.781789,15.961134,15.818842,18.335032,18.130173,17.609703,17.437323,16.24353,16.099295,0.0,0.0,0.0,0.0,0.0,0.0,0.0,0.0
16136,2023.0,4.0,23.0,1.0,17.548542,17.570341,16.399296,16.255579,17.332731,17.17245,17.145086,17.002645,15.894264,15.748722,16.138443,16.232615,18.279873,18.07902,17.540516,17.372227,16.924425,17.43141,0.0,0.0,0.0,0.0,4.0,0.0,0.0,4.0
16137,2023.0,4.0,23.0,1.0,17.485119,17.5118,16.351454,16.21273,17.26558,17.111176,17.075539,16.93872,15.858145,15.715122,15.912272,15.765885,18.227835,18.029879,17.475443,17.30992,16.402693,16.299648,0.0,0.0,0.0,0.0,0.0,0.0,0.0,0.0
16138,2023.0,4.0,23.0,1.0,17.426474,17.458324,16.307192,16.173796,17.203655,17.055548,17.011744,16.880903,16.391869,16.748882,15.797005,15.638385,18.179861,17.985237,18.422052,19.148108,16.047144,15.732943,0.0,0.0,0.0,4.0,0.0,0.0,4.0,0.0
16139,2023.0,4.0,23.0,1.0,17.371454,17.407942,16.265247,16.136908,17.145594,17.003174,17.660555,18.154985,16.028435,15.937381,15.748841,15.593585,18.134789,17.943243,17.523636,17.230316,16.639112,16.953203,0.0,0.0,4.0,0.0,0.0,0.0,0.0,4.0
16140,2023.0,4.0,23.0,2.0,17.319103,17.359024,16.224836,16.100819,17.090366,16.95242,17.231749,17.23693,15.68666,15.37258,15.7045965,15.551654,18.091753,17.902565,17.19544,16.81253,16.094837,15.7973175,0.0,0.0,0.0,0.0,0.0,0.0,0.0,0.0
16141,2023.0,4.0,23.0,2.0,17.269552,17.3127,16.18628,16.066416,17.038034,16.904375,16.718235,16.342476,16.172594,16.377535,15.665247,15.514509,18.05108,17.86421,17.087015,16.711723,15.887922,15.56473,0.0,0.0,0.0,4.0,0.0,0.0,0.0,0.0
16142,2023.0,4.0,23.0,2.0,17.223852,17.271524,16.15053,16.035824,16.989622,16.861658,16.548996,16.148172,15.722224,15.414781,15.630042,15.482652,18.013445,17.829884,17.20553,17.044697,16.558025,16.905142,0.0,0.0,0.0,0.0,0.0,0.0,0.0,4.0
16143,2023.0,4.0,23.0,2.0,17.177845,17.227114,16.114244,16.00239,16.940702,16.81547,16.71733,16.58671,15.543948,15.218178,15.595328,15.44935,17.97572,17.79359,17.196688,17.0453,16.762878,17.138828,0.0,0.0,0.0,0.0,0.0,0.0,0.0,4.0
16144,2023.0,4.0,23.0,2.0,17.137548,17.192179,16.08252,15.97653,16.898077,16.779366,16.712378,16.605402,15.663446,15.527569,15.565183,15.423229,17.942028,17.76381,17.155912,17.0083,16.07534,15.793307,0.0,0.0,0.0,0.0,0.0,0.0,0.0,0.0
16145,2023.0,4.0,23.0,2.0,17.09709,17.155333,16.050627,15.948995,16.855665,16.741463,16.674671,16.574202,15.671905,15.547979,15.535501,15.39634,17.90852,17.733038,17.114666,16.969591,16.625175,16.992195,0.0,0.0,0.0,0.0,0.0,0.0,0.0,4.0
16146,2023.0,4.0,23.0,3.0,17.058401,17.120285,16.0201,15.922896,16.815308,16.7057,16.63493,16.539291,15.64649,15.524974,15.507444,15.371213,17.87636,17.703756,17.074419,16.932093,16.05568,15.795872,0.0,0.0,0.0,0.0,0.0,0.0,0.0,0.0
16147,2023.0,4.0,23.0,3.0,17.019518,17.083204,15.988867,15.894192,16.774788,16.66783,16.593601,16.500698,15.619969,15.499654,15.479234,15.344428,17.843855,17.672691,17.034185,16.893156,16.59738,16.972155,0.0,0.0,0.0,0.0,0.0,0.0,0.0,4.0
16148,2023.0,4.0,23.0,3.0,16.981594,17.046295,15.958359,15.866191,16.735685,16.631517,16.553286,16.463177,16.167904,16.55238,15.45205,15.318816,17.812317,17.642817,16.995432,16.856018,16.028404,15.774817,0.0,0.0,0.0,4.0,0.0,0.0,0.0,0.0
16149,2023.0,4.0,23.0,3.0,16.942644,17.006117,15.9256735,15.833019,16.69444,16.589682,16.51058,16.419725,16.43409,16.916887,15.423864,15.2902155,17.779709,17.60998,16.955889,16.816013,15.809406,15.514559,0.0,0.0,0.0,4.0,0.0,0.0,0.0,0.0
16150,2023.0,4.0,23.0,3.0,16.925018,17.006872,15.899133,15.811228,16.660313,16.560898,16.475056,16.389696,15.720398,15.475556,15.400232,15.269747,17.751272,17.584692,16.921268,16.784595,15.89251,15.77006,0.0,0.0,0.0,0.0,0.0,0.0,0.0,0.0
16151,2023.0,4.0,23.0,3.0,16.895102,16.978113,15.868079,15.779651,16.62135,16.521366,16.434284,16.348326,15.485125,15.185578,15.3741045,15.243337,17.720345,17.553625,16.884336,16.747318,15.875152,15.759704,0.0,0.0,0.0,0.0,0.0,0.0,0.0,0.0
16152,2023.0,4.0,23.0,4.0,16.865559,16.951193,15.842442,15.758379,16.588722,16.493567,16.400124,16.319212,16.014551,16.253681,15.646849,15.775003,17.693111,17.529291,16.851694,16.71756,15.836783,15.724408,0.0,0.0,0.0,4.0,4.0,0.0,0.0,0.0
16153,2023.0,4.0,23.0,4.0,16.833607,16.91945,15.814286,15.731331,16.553598,16.45982,16.363485,16.284008,15.572141,15.305642,15.451237,15.340054,17.664457,17.501425,16.817997,16.684626,15.797978,15.686175,0.0,0.0,0.0,0.0,0.0,0.0,0.0,0.0
16154,2023.0,4.0,23.0,4.0,16.800142,16.88432,15.78402,15.699401,16.516287,16.421041,16.324755,16.243713,15.398065,15.105846,15.359163,15.23026,17.634699,17.47094,16.783539,16.649406,15.759102,15.646092,0.0,0.0,0.0,0.0,0.0,0.0,0.0,0.0
16155,2023.0,4.0,23.0,4.0,16.76905,16.853756,15.75758,15.67489,16.483316,16.390324,16.290585,16.211857,15.512132,15.402203,15.330334,15.202933,17.607313,17.444765,16.751768,16.618803,15.724402,15.612548,0.0,0.0,0.0,0.0,0.0,0.0,0.0,0.0
16156,2023.0,4.0,23.0,4.0,16.737131,16.821505,15.729105,15.646151,16.448727,16.355715,16.25474,16.175993,15.500908,15.386144,15.30149,15.174052,17.579466,17.417171,16.719898,16.58722,15.690354,15.578604,0.0,0.0,0.0,0.0,0.0,0.0,0.0,0.0
16157,2023.0,4.0,23.0,4.0,16.706013,16.79046,15.701947,15.619835,16.415741,16.323772,16.22058,16.142921,15.473803,15.359555,15.275733,15.148935,17.552485,17.39092,16.68912,16.557161,15.658294,15.547173,0.0,0.0,0.0,0.0,0.0,0.0,0.0,0.0
16158,2023.0,4.0,23.0,5.0,16.675241,16.759714,15.675047,15.593759,16.38326,16.292292,16.186975,16.110365,15.447276,15.33358,15.251237,15.125081,17.525911,17.36508,16.65899,16.527748,15.62757,15.5170765,0.0,0.0,0.0,0.0,0.0,0.0,0.0,0.0
16159,2023.0,4.0,23.0,5.0,17.388638,18.123995,15.650609,15.572319,17.096548,17.661032,16.156324,16.083141,15.422678,15.310845,15.520271,15.648328,17.50093,17.342005,16.630713,16.501396,15.599347,15.490792,0.0,4.0,0.0,0.0,4.0,0.0,0.0,0.0
16160,2023.0,4.0,23.0,5.0,16.908285,17.071373,15.623753,15.545645,16.654,16.681675,16.12321,16.050406,15.397498,15.285794,15.329426,15.223544,17.474928,17.316263,16.601635,16.472593,15.5704,15.462014,0.0,0.0,0.0,0.0,0.0,0.0,0.0,0.0
16161,2023.0,4.0,23.0,5.0,16.519585,16.404602,15.597647,15.519942,16.221298,15.926036,16.091057,16.018934,15.374024,15.262747,15.530837,15.6587515,18.2209,18.749588,16.573973,16.445528,16.2695,16.802511,0.0,0.0,0.0,0.0,4.0,4.0,0.0,4.0
16162,2023.0,4.0,23.0,5.0,17.133795,17.641735,16.059092,16.40588,16.071096,15.736637,16.059336,15.987567,15.926069,16.319107,15.656421,15.828957,18.491192,19.108303,16.546595,16.41861,15.791148,15.74185,4.0,0.0,0.0,4.0,4.0,4.0,0.0,0.0
16163,2023.0,4.0,23.0,5.0,16.617626,16.564953,15.795608,15.819534,16.199114,16.068607,16.028547,15.957109,15.563295,15.503198,15.385464,15.293675,17.59861,17.30616,16.519444,16.392017,16.172377,16.52927,0.0,0.0,0.0,0.0,0.0,0.0,0.0,4.0
16164,2023.0,4.0,23.0,6.0,16.37827,16.225208,16.10152,16.445011,16.225468,16.135258,15.998362,15.927135,15.41628,15.306622,15.557851,15.681632,17.325378,16.938406,17.524313,18.307392,16.368725,16.78933,4.0,0.0,0.0,0.0,4.0,0.0,4.0,4.0
16165,2023.0,4.0,23.0,6.0,20.88775,24.177008,20.115158,23.310087,21.148664,24.761772,21.56204,25.615818,15.377495,15.26686,19.52763,22.44066,20.966103,23.272455,21.184017,24.487732,20.36533,23.698547,0.0,0.0,4.0,0.0,0.0,0.0,0.0,4.0
16166,2023.0,4.0,23.0,6.0,21.036543,23.94103,17.628344,17.889921,20.98374,23.885128,20.913868,23.859995,15.936778,16.34732,17.474714,17.851255,21.224037,23.481682,21.907131,25.143887,20.007118,22.528929,0.0,0.0,0.0,4.0,4.0,0.0,0.0,4.0
16167,2023.0,4.0,23.0,6.0,21.13289,23.783108,16.518269,16.603111,21.141268,23.833046,21.146315,23.899553,20.87229,24.619104,20.179111,23.034567,21.079863,22.95802,21.632486,24.419575,20.80485,23.408176,4.0,0.0,4.0,4.0,0.0,4.0,0.0,4.0
16168,2023.0,4.0,23.0,6.0,21.878735,24.70683,20.26169,23.153511,21.820133,24.710695,21.809105,24.717447,19.914726,22.361584,18.286627,18.888605,21.758335,23.913641,21.831392,24.455757,20.032549,21.975084,0.0,4.0,4.0,0.0,4.0,0.0,0.0,4.0
16169,2023.0,4.0,23.0,6.0,20.90518,22.7826,18.099121,18.47333,20.937952,22.878899,21.009813,23.063446,18.054647,18.452276,20.294,22.883303,20.954317,22.27146,21.156452,22.999119,20.971842,23.435081,4.0,4.0,4.0,4.0,4.0,4.0,4.0,4.0
16170,2023.0,4.0,23.0,7.0,21.083378,23.054167,20.321241,22.89597,21.087687,23.059101,21.087126,23.109457,20.335821,22.87429,20.030088,22.10302,21.050318,22.38687,21.102161,22.825394,21.082695,23.21285,4.0,4.0,4.0,4.0,0.0,4.0,0.0,0.0
16171,2023.0,4.0,23.0,7.0,21.057209,22.938133,20.024126,22.043575,21.063232,22.922422,21.09026,23.052462,20.046972,22.067835,18.207268,18.407402,21.068554,22.38257,21.033934,22.593729,19.000198,18.948647,4.0,4.0,0.0,0.0,0.0,0.0,4.0,0.0
16172,2023.0,4.0,23.0,7.0,21.058464,22.884716,20.091763,22.011112,21.064205,22.853935,21.062046,22.90525,17.926767,17.809837,17.542208,17.742655,21.034004,22.237453,21.081821,22.665583,18.47758,18.9,0.0,4.0,4.0,0.0,4.0,4.0,0.0,4.0
16173,2023.0,4.0,23.0,7.0,21.056875,22.835802,18.09248,18.041136,21.062296,22.793589,21.090069,22.92619,16.849926,16.474318,20.32745,22.66759,21.03793,22.205181,21.033134,22.492046,21.347553,23.864576,0.0,4.0,0.0,0.0,0.0,4.0,4.0,0.0
16174,2023.0,4.0,23.0,7.0,21.056004,22.796625,17.653934,17.92052,21.085428,22.812006,21.08265,22.861538,17.529743,18.061537,18.367296,18.573418,21.03651,22.16981,21.079227,22.576025,18.350126,18.187872,4.0,0.0,0.0,4.0,4.0,4.0,0.0,0.0
16175,2023.0,4.0,23.0,7.0,21.174406,23.001616,20.288488,22.604353,21.162397,22.920853,21.163136,22.979967,20.493885,23.13866,20.354082,22.470892,21.15543,22.379675,21.188158,22.755583,17.342949,16.96386,0.0,0.0,0.0,0.0,0.0,4.0,0.0,0.0
16176,2023.0,4.0,23.0,8.0,21.053305,22.727911,18.4572,18.80625,21.05364,22.64321,21.064028,22.7777,17.980883,17.92614,18.169247,18.11254,21.064056,22.186375,21.069187,22.479004,17.216219,17.043663,0.0,4.0,0.0,0.0,0.0,0.0,0.0,0.0
16177,2023.0,4.0,23.0,8.0,19.257776,19.290588,17.323252,17.276184,19.212957,19.119839,19.43637,19.647533,16.838152,16.500715,17.204517,17.031307,19.57546,19.295275,19.331522,19.110079,17.10005,16.956104,0.0,0.0,0.0,0.0,0.0,0.0,0.0,0.0
16178,2023.0,4.0,23.0,8.0,18.476065,18.221163,17.497437,17.77794,18.35572,17.91429,18.646399,18.538,16.773706,16.596004,17.41203,17.572458,18.998459,18.51453,19.89531,20.598772,16.978151,16.839207,4.0,0.0,0.0,0.0,4.0,0.0,4.0,0.0
16179,2023.0,4.0,23.0,8.0,18.148573,17.889133,20.28745,22.711931,18.00889,17.561045,18.310743,18.1851,16.70096,16.556337,20.316605,22.635485,19.52006,19.711449,18.86839,18.599955,16.864456,16.731874,0.0,0.0,0.0,0.0,0.0,4.0,0.0,0.0
16180,2023.0,4.0,23.0,8.0,17.885883,17.654194,18.169691,18.288137,17.958467,17.767485,18.024017,17.90481,16.58276,16.447052,18.454565,18.735773,19.65502,19.902197,18.219067,17.836763,16.747763,16.62111,0.0,0.0,0.0,0.0,0.0,4.0,0.0,0.0
16181,2023.0,4.0,23.0,8.0,17.936857,17.946785,17.164717,16.778252,17.86454,17.724562,17.828066,17.705063,16.494835,16.359879,17.589033,17.419554,18.899237,18.52626,17.993416,17.603764,16.661007,16.535198,0.0,0.0,0.0,0.0,0.0,0.0,0.0,0.0
16182,2023.0,4.0,23.0,9.0,17.861702,17.91471,17.100523,16.930485,18.438192,18.939154,17.65757,17.539917,16.415161,16.283302,17.345776,17.15839,18.578623,18.132954,17.828362,17.450611,16.582582,16.459595,0.0,4.0,0.0,0.0,0.0,0.0,0.0,0.0
16183,2023.0,4.0,23.0,9.0,18.494186,19.208662,17.001425,16.888548,18.564358,19.137413,17.515997,17.408257,16.349257,16.222511,17.179663,16.999601,18.4341,18.001127,18.941156,19.705784,17.464321,18.186237,0.0,4.0,0.0,0.0,0.0,0.0,4.0,4.0
16184,2023.0,4.0,23.0,9.0,18.00526,18.216146,16.870743,16.767822,17.744143,17.594114,17.388823,17.289188,16.291494,16.16845,17.045801,16.871506,18.525959,18.311672,18.089838,17.879997,20.315119,23.023287,0.0,0.0,0.0,0.0,0.0,0.0,0.0,0.0
16185,2023.0,4.0,23.0,9.0,17.429924,17.326077,16.735262,16.641972,17.228966,16.91266,17.25875,17.167978,16.233168,16.113829,16.914425,16.748331,18.522337,18.34929,17.586483,17.266598,17.942497,17.987026,0.0,0.0,0.0,0.0,0.0,0.0,0.0,0.0
16186,2023.0,4.0,23.0,9.0,17.97514,18.478516,16.6358,16.545406,17.750095,18.018957,17.161354,17.07382,16.971474,17.543148,16.821255,16.656406,18.467459,18.301441,17.458364,17.132317,17.124315,16.815504,0.0,4.0,0.0,4.0,0.0,0.0,0.0,0.0
16187,2023.0,4.0,23.0,9.0,17.459883,17.451458,16.54804,16.466812,17.254116,17.053768,17.073877,16.994934,20.294037,23.219526,16.742167,16.583382,19.201242,19.746817,17.375381,17.05955,17.053188,16.894764,0.0,0.0,0.0,0.0,0.0,4.0,0.0,0.0
16188,2023.0,4.0,23.0,10.0,17.839178,18.367067,16.45684,16.383951,16.915867,16.6259,17.688936,18.235767,17.873322,18.01221,16.66213,16.508713,19.264824,19.639069,17.444712,17.288498,16.957441,16.824871,0.0,0.0,4.0,0.0,0.0,4.0,0.0,0.0
16189,2023.0,4.0,23.0,10.0,17.33966,17.350605,16.864408,17.210741,16.81191,16.523512,17.890144,18.511711,16.956184,16.647902,16.604746,16.452454,18.536467,18.25941,17.448269,17.317104,16.862291,16.732378,4.0,0.0,4.0,0.0,0.0,0.0,0.0,0.0
16190,2023.0,4.0,23.0,10.0,17.087997,16.99751,20.254179,23.087025,16.89989,16.789835,17.72206,18.140858,16.885046,16.717907,16.555515,16.406513,18.27988,17.913174,17.414564,17.288076,16.781479,16.656582,0.0,0.0,4.0,0.0,0.0,0.0,0.0,0.0
16191,2023.0,4.0,23.0,10.0,16.975788,16.895967,18.588207,19.37959,17.621262,18.17583,17.657873,18.064466,16.80279,16.662521,16.511078,16.366179,18.168303,17.804909,17.375345,17.251657,17.642729,18.35579,4.0,4.0,4.0,0.0,0.0,0.0,0.0,4.0
16192,2023.0,4.0,23.0,10.0,17.834055,18.595005,20.220646,22.502312,17.237513,17.340334,17.055414,16.952625,16.718626,16.581423,16.484411,16.341105,18.105095,17.748365,17.344513,17.222277,20.311588,22.896265,0.0,0.0,0.0,0.0,0.0,0.0,0.0,0.0
16193,2023.0,4.0,23.0,10.0,17.979511,18.603424,18.243406,18.434298,16.755713,16.573536,16.69806,16.490114,16.636213,16.504679,16.843483,17.039946,18.214628,18.0325,18.38728,19.222559,18.758251,19.433983,0.0,0.0,0.0,0.0,4.0,0.0,4.0,4.0
16194,2023.0,4.0,23.0,11.0,17.962664,18.565575,17.32131,17.07749,17.29238,17.66253,17.26768,17.644327,16.580437,16.45103,20.271118,23.05239,18.24541,18.095613,17.609049,17.502684,21.233072,23.86865,0.0,4.0,4.0,0.0,0.0,0.0,0.0,0.0
16195,2023.0,4.0,23.0,11.0,17.983387,18.593136,17.153728,17.067682,17.53695,17.973097,16.906626,16.833668,17.275421,17.812353,18.319908,18.748287,18.22782,18.081125,17.17647,16.929373,19.059055,19.222826,0.0,4.0,0.0,4.0,0.0,0.0,0.0,0.0
16196,2023.0,4.0,23.0,11.0,17.356438,17.415066,17.049694,17.000973,17.568155,18.005625,16.635618,16.435438,20.316843,23.037603,17.42097,17.305946,18.208393,18.061848,17.092623,16.829597,18.006376,17.705664,0.0,4.0,0.0,0.0,0.0,0.0,0.0,0.0
16197,2023.0,4.0,23.0,11.0,17.004766,16.963312,17.357067,17.70734,16.99586,16.923939,16.510845,16.304502,18.062105,18.211632,17.182415,17.035536,18.186565,18.040398,17.042679,16.779875,17.624996,17.31543,4.0,0.0,0.0,0.0,0.0,0.0,0.0,0.0
16198,2023.0,4.0,23.0,11.0,16.902643,16.855177,20.287083,22.815144,17.38627,17.772701,17.302881,17.8743,17.194048,16.901548,17.06267,16.901913,18.168034,18.021574,17.129318,16.988384,17.551996,17.37814,4.0,4.0,4.0,0.0,0.0,0.0,0.0,0.0
16199,2023.0,4.0,23.0,11.0,16.833702,16.798048,20.032877,22.025295,17.57728,18.017952,16.851767,16.79289,17.06167,16.894358,16.965925,16.804447,18.974943,19.571535,17.161186,17.038097,17.437424,17.287134,0.0,4.0,0.0,0.0,0.0,4.0,0.0,0.0
16200,2023.0,4.0,23.0,12.0,16.913185,17.026752,18.233881,18.38387,16.999098,16.930546,16.478207,16.30427,17.713947,18.219635,16.893753,16.735466,18.399244,18.234423,18.23372,19.074701,17.304983,17.16147,0.0,0.0,0.0,4.0,0.0,0.0,4.0,0.0
16201,2023.0,4.0,23.0,12.0,21.299347,24.797476,17.81653,17.935272,21.247395,24.513748,21.189455,24.642483,20.27922,22.698965,16.846766,16.688705,21.56381,23.87711,22.021513,25.375477,17.204771,17.059782,4.0,0.0,0.0,0.0,0.0,4.0,0.0,0.0
16202,2023.0,4.0,23.0,12.0,21.06945,23.855423,20.247452,22.399263,21.003822,23.548542,21.006971,23.782362,18.182241,18.260885,16.798462,16.642033,21.086117,22.76674,20.88601,22.876047,17.107874,16.966936,0.0,4.0,0.0,0.0,0.0,4.0,0.0,0.0
16203,2023.0,4.0,23.0,12.0,21.075724,23.559944,18.384815,18.549498,21.071524,23.386023,21.082308,23.614204,17.868277,18.246403,16.758894,16.605246,21.06443,22.547745,21.093788,23.041573,17.028528,16.891466,0.0,4.0,0.0,4.0,0.0,0.0,0.0,0.0
16204,2023.0,4.0,23.0,12.0,21.065327,23.338018,17.465515,17.4531,21.060476,23.167412,21.070753,23.380125,20.264433,22.46088,16.72603,16.57426,21.053526,22.378984,21.063179,22.803133,16.96546,16.832144,0.0,4.0,0.0,0.0,0.0,0.0,0.0,0.0
16205,2023.0,4.0,23.0,12.0,21.039276,23.126244,17.242722,17.217638,21.083235,23.09316,21.04675,23.166573,18.313492,18.367659,16.698526,16.548073,21.05206,22.265291,21.0535,22.674385,16.914757,16.78484,0.0,0.0,4.0,0.0,0.0,0.0,0.0,0.0
16206,2023.0,4.0,23.0,13.0,21.067076,23.10476,17.066181,17.032248,21.04898,22.900553,21.047739,23.068377,17.307198,17.024885,16.675331,16.52495,21.04874,22.174795,21.050964,22.584925,16.872932,16.745102,0.0,4.0,4.0,0.0,0.0,0.0,0.0,0.0
16207,2023.0,4.0,23.0,13.0,21.071619,23.013042,16.925386,16.891449,21.079025,22.902353,21.083982,23.058565,17.216908,17.067308,17.08985,17.32381,21.0364,22.106619,21.049416,22.51501,16.838186,16.711147,0.0,0.0,0.0,0.0,4.0,0.0,0.0,0.0
16208,2023.0,4.0,23.0,13.0,21.071346,22.934948,16.811058,16.78328,21.073298,22.825449,21.077372,22.963062,17.152803,17.01023,20.260082,22.77478,21.008177,21.994307,21.050343,22.46178,16.810871,16.68599,0.0,0.0,0.0,0.0,0.0,4.0,0.0,0.0
16209,2023.0,4.0,23.0,13.0,21.031855,22.802622,16.70843,16.680206,21.072573,22.770899,21.076305,22.894953,17.071966,16.929296,18.458906,18.856102,21.023216,21.979673,21.049036,22.414417,16.78682,16.662233,0.0,0.0,0.0,0.0,0.0,4.0,0.0,0.0
16210,2023.0,4.0,23.0,13.0,21.049765,22.789877,16.615665,16.583982,21.057081,22.723295,21.07377,22.837578,17.002485,16.85748,17.327644,17.201674,21.05092,22.018852,21.047203,22.373344,16.766354,16.641422,0.0,0.0,0.0,0.0,0.0,0.0,0.0,0.0
16211,2023.0,4.0,23.0,13.0,21.09665,22.840479,16.532845,16.497614,21.078766,22.716995,21.126678,22.9187,16.94555,16.799381,17.121056,16.956026,21.092293,22.056921,21.09928,22.438456,16.748905,16.6239,0.0,4.0,0.0,0.0,0.0,0.0,0.0,0.0
16212,2023.0,4.0,23.0,14.0,21.039621,22.700241,16.46999,16.443039,21.07083,22.689432,21.052364,22.755447,17.709623,18.286684,17.04781,16.886202,21.038858,21.92103,21.039333,22.292648,16.734224,16.609924,0.0,0.0,0.0,4.0,0.0,0.0,0.0,0.0
16213,2023.0,4.0,23.0,14.0,19.901775,20.493769,16.406742,16.380718,19.865309,20.316458,19.515675,19.792324,20.267403,22.61105,16.984478,16.819977,19.91393,19.735798,19.798687,19.883795,16.718971,16.594397,0.0,4.0,0.0,0.0,0.0,0.0,0.0,0.0
16214,2023.0,4.0,23.0,14.0,18.776388,18.789389,16.347816,16.321346,19.251833,19.595835,18.57583,18.586067,18.2732,18.365267,16.929653,16.762417,19.493567,19.308014,19.088144,18.955246,16.70102,16.575714,0.0,4.0,0.0,0.0,0.0,0.0,0.0,0.0
16215,2023.0,4.0,23.0,14.0,18.34709,18.235033,16.29978,16.271362,18.457745,18.246294,18.269318,18.226038,17.488054,17.181213,16.88852,16.717836,19.38158,19.197596,18.85232,18.685377,16.682133,16.5557,0.0,0.0,0.0,0.0,0.0,0.0,0.0,0.0
16216,2023.0,4.0,23.0,14.0,18.843721,19.365225,16.254715,16.225916,18.747396,19.040932,18.060398,18.013355,17.419538,17.239803,16.849325,16.67767,19.274878,19.09071,18.692732,18.524206,16.661287,16.53419,0.0,4.0,0.0,0.0,0.0,0.0,0.0,0.0
16217,2023.0,4.0,23.0,14.0,18.883196,19.437819,16.694323,17.08516,18.767698,19.12038,17.887505,17.841051,18.09384,18.601727,16.81234,16.640665,19.968378,20.493248,18.560238,18.393976,16.63909,16.511845,4.0,4.0,0.0,4.0,0.0,4.0,0.0,0.0
16218,2023.0,4.0,23.0,15.0,18.828287,19.379457,20.24566,23.20761,18.075607,17.89766,17.73754,17.69291,20.251892,22.35876,16.775824,16.604435,19.174906,18.879059,19.47641,20.231134,16.615683,16.488806,0.0,0.0,0.0,0.0,0.0,0.0,4.0,0.0
16219,2023.0,4.0,23.0,15.0,18.165228,18.198072,18.538279,19.369999,18.309166,18.603455,17.581522,17.539318,18.37707,18.417553,16.74023,16.570751,18.76893,18.376995,18.734232,18.581005,16.589012,16.462797,4.0,4.0,0.0,0.0,0.0,0.0,0.0,0.0
16220,2023.0,4.0,23.0,15.0,18.531582,19.052216,20.261744,22.578892,17.784992,17.615082,18.166025,18.734459,18.32183,18.606724,16.712912,16.544638,19.418848,19.697924,18.301432,17.972261,16.563156,16.437666,0.0,0.0,4.0,4.0,0.0,4.0,0.0,0.0
16221,2023.0,4.0,23.0,15.0,18.022339,18.036217,18.254635,18.452227,17.40589,17.136171,17.775003,17.878428,20.204575,21.930315,16.684938,16.520206,18.9075,18.57833,19.095207,19.64635,16.534897,16.410877,0.0,0.0,0.0,4.0,0.0,0.0,4.0,0.0
16222,2023.0,4.0,23.0,15.0,18.335468,18.862309,17.066422,16.858147,17.244467,16.96651,17.878757,18.25961,20.043049,21.483347,16.65338,16.49183,18.587713,18.198126,18.405075,18.134386,16.505028,16.382435,0.0,0.0,4.0,0.0,0.0,0.0,0.0,0.0
16223,2023.0,4.0,23.0,15.0,17.852135,17.87024,17.373905,17.69029,17.292816,17.187672,17.367037,17.262157,18.522324,18.456398,16.619488,16.461412,18.482601,18.096298,17.995945,17.669353,16.475296,16.35483,4.0,0.0,0.0,0.0,0.0,0.0,0.0,0.0
16224,2023.0,4.0,23.0,16.0,18.273575,18.8008,20.29018,22.797445,17.279282,17.211548,17.725773,18.071367,17.847572,17.498339,16.576561,16.424936,18.577757,18.379732,17.854637,17.529026,16.439943,16.3247,0.0,0.0,4.0,0.0,0.0,0.0,0.0,0.0
16225,2023.0,4.0,23.0,16.0,18.429045,18.989574,18.781462,19.508144,17.914005,18.46438,17.28772,17.175058,17.687122,17.508705,16.891827,17.092058,18.565367,18.40981,17.70893,17.396187,17.334328,18.075115,4.0,4.0,0.0,0.0,4.0,0.0,0.0,4.0
16226,2023.0,4.0,23.0,16.0,18.408106,18.955019,20.253708,22.25542,18.126877,18.750954,16.972815,16.7237,17.557182,17.41264,20.271042,23.054098,19.29052,19.861877,17.74123,17.591143,20.60259,23.724995,0.0,4.0,0.0,0.0,4.0,4.0,0.0,0.0
16227,2023.0,4.0,23.0,16.0,17.772057,17.783525,18.367693,18.441862,17.37867,17.283531,17.484962,17.808582,17.39222,17.261404,20.022991,22.171928,18.61771,18.387325,18.76538,19.586191,18.538157,19.19751,0.0,0.0,4.0,0.0,0.0,0.0,4.0,4.0
16228,2023.0,4.0,23.0,16.0,17.38968,17.2845,17.259043,16.982916,16.931843,16.669079,17.089516,16.953457,17.976572,18.497099,18.045237,18.075123,18.198011,17.853653,18.925623,19.561226,20.317547,22.722805,0.0,0.0,0.0,4.0,0.0,0.0,4.0,0.0
16229,2023.0,4.0,23.0,16.0,17.942844,18.439096,17.123434,17.001846,17.450459,17.746557,17.407656,17.73441,20.291174,22.43183,17.33177,17.327185,18.064236,17.70685,17.980883,17.783205,18.782352,19.399527,0.0,4.0,4.0,0.0,4.0,0.0,0.0,4.0
16230,2023.0,4.0,23.0,17.0,17.519104,17.509459,17.485813,17.795576,17.681385,18.043928,16.984966,16.833097,18.283262,18.250685,20.367558,22.603828,18.165041,17.995897,17.533728,17.235338,21.698057,24.758245,4.0,4.0,0.0,0.0,0.0,0.0,0.0,0.0
16231,2023.0,4.0,23.0,17.0,17.894257,18.402737,20.293966,22.699886,17.700132,18.055082,16.636667,16.363775,17.283403,16.964872,18.21987,18.242893,18.19163,18.050608,17.375286,17.064556,19.078556,19.210468,0.0,4.0,0.0,0.0,0.0,0.0,0.0,0.0
16232,2023.0,4.0,23.0,17.0,17.442896,17.429495,18.510574,18.920664,17.701637,18.048092,17.185762,17.482723,17.189867,17.0235,17.273762,17.136118,18.156862,18.016773,17.267288,16.952868,17.535156,17.222076,0.0,4.0,4.0,0.0,0.0,0.0,0.0,0.0
16233,2023.0,4.0,23.0,17.0,17.890461,18.39239,17.617998,17.55036,17.695246,18.033388,16.751274,16.581182,17.134157,16.991453,17.125822,16.977545,18.937157,19.527542,17.357368,17.209808,17.213312,16.867258,0.0,4.0,0.0,0.0,0.0,4.0,0.0,0.0
16234,2023.0,4.0,23.0,17.0,17.995209,18.513775,17.357407,17.255577,17.685942,18.016039,16.489538,16.189512,17.789867,18.307209,17.008675,16.857079,18.178324,17.909515,18.437092,19.271484,17.195818,17.02738,0.0,4.0,0.0,4.0,0.0,0.0,4.0,0.0
16235,2023.0,4.0,23.0,17.0,18.001806,18.508228,17.626883,17.907152,17.674364,17.99656,16.379635,16.062174,20.29429,22.59252,16.902925,16.749063,17.88588,17.492527,17.5684,17.37549,17.106773,16.965076,4.0,4.0,0.0,0.0,0.0,0.0,0.0,0.0
16236,2023.0,4.0,23.0,18.0,17.367296,17.311718,20.23158,22.540024,17.067823,16.874617,17.214533,17.726803,18.722254,19.146637,16.786366,16.62912,17.78057,17.379963,18.132336,18.724848,17.899519,18.585064,4.0,0.0,4.0,4.0,0.0,0.0,4.0,4.0
16237,2023.0,4.0,23.0,18.0,21.239899,24.309895,20.03035,21.847822,21.279928,24.443815,21.329556,24.694609,20.27484,22.242355,16.680807,16.5222,22.042824,24.8531,21.43508,24.287167,20.290897,22.60772,4.0,4.0,4.0,0.0,0.0,4.0,4.0,0.0
16238,2023.0,4.0,23.0,18.0,21.002745,23.388693,20.080093,21.777916,21.011772,23.452303,21.041456,23.677126,18.30093,18.178818,16.592607,16.43559,20.931034,22.520208,22.127048,25.053925,18.770115,19.299032,0.0,4.0,0.0,0.0,0.0,4.0,4.0,4.0
16239,2023.0,4.0,23.0,18.0,21.065983,23.241505,18.6313,18.847654,21.072989,23.27444,21.096123,23.471182,17.298668,16.909716,16.518936,16.36615,21.086985,22.647472,20.897314,22.47706,20.290031,22.339912,4.0,4.0,0.0,0.0,0.0,0.0,0.0,0.0
16240,2023.0,4.0,23.0,18.0,21.056566,23.045034,20.233286,22.114511,21.063068,23.055378,21.08628,23.234377,18.03834,18.5706,16.449259,16.29762,21.032259,22.369053,21.095425,22.748522,18.214802,18.091816,4.0,4.0,0.0,4.0,0.0,4.0,0.0,0.0
16241,2023.0,4.0,23.0,18.0,21.081476,22.989119,20.030327,21.551851,21.062136,22.91324,21.068071,23.077688,20.2535,22.240557,16.38467,16.235039,21.037508,22.276,21.06703,22.595034,17.22183,16.856932,4.0,4.0,0.0,4.0,0.0,4.0,0.0,0.0
16242,2023.0,4.0,23.0,19.0,21.070938,22.870508,20.058039,21.507292,21.056938,22.801151,21.040274,22.913973,20.003782,21.529083,16.324917,16.176022,21.063929,22.271212,21.066305,22.51891,17.152287,16.998142,4.0,4.0,4.0,4.0,0.0,0.0,0.0,0.0
16243,2023.0,4.0,23.0,19.0,21.109507,22.833002,20.142838,21.614515,21.162748,22.947449,21.172686,23.096684,20.100164,21.565966,16.27057,16.122581,21.072315,22.187408,21.115469,22.576893,17.053255,16.903381,0.0,0.0,0.0,4.0,0.0,4.0,0.0,0.0
16244,2023.0,4.0,23.0,19.0,21.044638,22.662117,18.794624,18.935019,21.041965,22.617683,21.045372,22.741316,20.0342,21.331453,16.224716,16.082697,21.030144,22.072817,21.008808,22.313147,17.92699,18.672989,4.0,4.0,4.0,4.0,0.0,4.0,4.0,4.0
16245,2023.0,4.0,23.0,19.0,21.051727,22.636436,20.22562,21.902498,21.083555,22.673021,21.087729,22.792023,20.071426,21.354542,16.168491,16.01967,21.063673,22.126608,21.077723,22.438807,20.303799,22.62021,4.0,0.0,0.0,0.0,0.0,0.0,0.0,0.0
16246,2023.0,4.0,23.0,19.0,21.076365,22.672163,20.031734,21.403004,21.050789,22.545105,21.05482,22.659319,18.447279,18.171896,16.114792,15.962817,21.028002,22.00303,21.066051,22.378674,18.033575,17.896767,4.0,4.0,4.0,0.0,0.0,4.0,0.0,0.0
16247,2023.0,4.0,23.0,19.0,21.0702,22.624632,20.058323,21.385904,21.055695,22.523418,21.084677,22.703085,18.331553,18.545424,16.06515,15.909535,21.032902,21.992313,21.066422,22.347092,16.992422,16.612648,4.0,4.0,0.0,4.0,0.0,4.0,0.0,0.0
16248,2023.0,4.0,23.0,20.0,21.070581,22.594187,20.054926,21.331612,21.054962,22.496298,21.07865,22.656868,20.288513,21.86669,16.020983,15.86353,21.062449,22.052383,21.051819,22.319355,17.953705,18.684898,4.0,4.0,0.0,4.0,0.0,0.0,0.0,4.0
16249,2023.0,4.0,23.0,20.0,21.02693,22.492973,20.072737,21.346258,21.05467,22.473188,21.05397,22.557884,20.01652,21.279015,15.978216,15.81762,21.027304,21.939796,21.0142,22.213196,20.29445,22.535658,0.0,4.0,4.0,4.0,0.0,4.0,4.0,0.0
16250,2023.0,4.0,23.0,20.0,21.050909,22.511806,18.80604,18.868898,21.05432,22.451864,21.083178,22.614271,20.073864,21.329742,15.939382,15.777161,21.062588,22.015182,21.075724,22.337828,18.039999,17.863802,4.0,4.0,0.0,0.0,0.0,0.0,0.0,0.0
16251,2023.0,4.0,23.0,20.0,21.07435,22.557463,20.227482,21.824347,21.078983,22.5012,21.077415,22.578815,19.02482,19.210737,15.899471,15.733656,21.026907,21.905575,21.025848,22.184772,17.94906,18.383913,0.0,0.0,0.0,4.0,0.0,4.0,4.0,4.0
16252,2023.0,4.0,23.0,20.0,21.069117,22.522106,18.781195,18.868446,21.073397,22.46555,21.059149,22.55667,20.281116,21.677181,16.22687,16.375385,21.032204,21.906712,21.073908,22.293318,20.318686,22.446568,4.0,0.0,0.0,0.0,4.0,4.0,0.0,0.0
16253,2023.0,4.0,23.0,20.0,21.06902,22.498075,20.228712,21.87434,21.048595,22.373426,21.061142,22.563622,19.053753,19.225563,20.4859,23.443094,21.031796,21.897736,21.064991,22.254658,18.086544,17.857264,4.0,4.0,0.0,4.0,4.0,4.0,0.0,0.0
16254,2023.0,4.0,23.0,21.0,21.024912,22.404585,20.047922,21.395922,21.078468,22.437723,21.060474,22.558743,20.450537,21.992884,20.010195,22.275234,21.061954,21.96742,21.065756,22.23566,18.014902,18.427391,0.0,0.0,0.0,4.0,0.0,0.0,0.0,4.0
16255,2023.0,4.0,23.0,21.0,21.04975,22.430717,18.727198,18.763214,21.072542,22.407373,21.035362,22.482637,20.018505,21.120195,18.371553,18.79739,21.026588,21.860594,21.065279,22.216833,20.318369,22.261545,4.0,0.0,4.0,4.0,4.0,4.0,0.0,4.0
16256,2023.0,4.0,23.0,21.0,21.192947,22.701216,20.332521,22.040998,21.227882,22.71872,21.18437,22.796751,20.845734,22.507305,20.31809,22.510794,21.138203,22.094046,21.228247,22.558123,21.142498,23.417171,4.0,4.0,0.0,0.0,0.0,0.0,0.0,0.0
16257,2023.0,4.0,23.0,21.0,21.072973,22.462471,20.04745,21.356945,21.054787,22.34426,21.077608,22.530891,19.599344,19.766272,18.051315,17.8533,21.026142,21.833897,21.011648,22.100075,18.259754,17.966318,0.0,4.0,0.0,4.0,0.0,4.0,4.0,0.0
16258,2023.0,4.0,23.0,21.0,21.041235,22.361353,18.408995,18.144388,21.077288,22.394472,21.076025,22.491919,20.229916,21.347433,17.10058,16.8649,21.062027,21.918562,21.075062,22.23713,17.30762,16.838043,0.0,0.0,0.0,0.0,0.0,0.0,0.0,0.0
16259,2023.0,4.0,23.0,21.0,21.073492,22.434067,17.748095,17.511614,21.072199,22.365435,21.056446,22.464872,18.58529,18.191305,16.938923,16.726511,21.056343,21.893728,21.06447,22.19649,16.999523,16.52893,0.0,0.0,0.0,0.0,0.0,0.0,0.0,0.0
16260,2023.0,4.0,23.0,22.0,21.06777,22.40623,17.578133,17.366802,21.047369,22.278727,21.059029,22.474697,17.71011,17.156242,16.765627,16.558214,21.056774,21.882042,21.065351,22.180292,18.055481,18.7543,0.0,4.0,0.0,0.0,0.0,0.0,0.0,4.0
16261,2023.0,4.0,23.0,22.0,21.06795,22.392984,17.394175,17.184046,21.07742,22.34896,21.058508,22.474434,18.321352,18.627932,16.613846,16.411112,21.039635,21.87104,21.049128,22.164473,20.26371,22.357582,0.0,0.0,0.0,4.0,0.0,0.0,0.0,0.0
16262,2023.0,4.0,23.0,22.0,21.04923,22.37984,17.682308,17.860945,21.071312,22.323137,21.058111,22.471573,20.238487,21.806543,16.481318,16.282629,21.041615,21.888449,21.011276,22.070097,18.050762,17.791613,4.0,0.0,0.0,4.0,0.0,0.0,4.0,0.0
16263,2023.0,4.0,23.0,22.0,21.051487,22.39639,20.24351,22.416805,21.05208,22.310495,21.058203,22.468367,20.051432,21.348309,16.662794,16.723194,21.041483,21.896357,21.034664,22.09967,17.025942,16.560797,0.0,0.0,0.0,0.0,4.0,0.0,4.0,0.0
16264,2023.0,4.0,23.0,22.0,21.193521,22.68685,18.820583,19.31219,21.19396,22.607582,21.183554,22.715097,18.339628,17.950747,20.472612,23.121931,21.153126,22.124043,21.203356,22.45528,17.022516,16.82662,4.0,0.0,0.0,0.0,4.0,0.0,0.0,0.0
16265,2023.0,4.0,23.0,22.0,21.050722,22.40057,20.257723,22.189896,21.05367,22.330471,21.057371,22.4537,18.075794,18.070805,20.014326,22.05037,21.041319,21.899296,21.063894,22.155478,16.965464,16.784195,0.0,0.0,0.0,4.0,0.0,0.0,0.0,0.0
16266,2023.0,4.0,23.0,23.0,21.051357,22.403725,18.255466,18.06802,21.05402,22.335445,21.057491,22.448662,20.334366,21.937475,18.196676,18.312906,21.041416,21.900433,21.064615,22.141184,16.843538,16.663816,0.0,0.0,0.0,4.0,0.0,0.0,0.0,0.0
16267,2023.0,4.0,23.0,23.0,19.778736,19.959711,17.508242,17.284246,19.733212,19.803082,19.642584,19.728827,18.371832,18.051191,17.19061,17.002886,19.972202,19.844473,19.458685,19.044703,16.739462,16.564957,4.0,0.0,0.0,0.0,0.0,0.0,0.0,0.0
16268,2023.0,4.0,23.0,23.0,19.167074,19.100435,16.975157,16.389507,19.047937,18.815596,18.927216,18.711403,17.625074,17.053745,16.950403,16.730436,19.546507,19.28823,19.133577,18.870964,16.658537,16.482437,0.0,0.0,0.0,0.0,0.0,0.0,0.0,0.0
16269,2023.0,4.0,23.0,23.0,18.900805,18.820059,16.698235,16.055653,18.754519,18.49974,18.621542,18.385551,17.686237,17.442469,16.79004,16.568941,19.358011,19.10222,18.949238,18.715145,16.581636,16.405174,0.0,0.0,0.0,0.0,0.0,0.0,0.0,0.0
16270,2023.0,4.0,23.0,23.0,18.714571,18.648207,16.888004,16.59972,18.55433,18.314173,18.411127,18.190958,17.589851,17.376013,16.661201,16.445784,19.21059,18.968714,18.76529,18.547646,17.246038,17.718971,0.0,0.0,0.0,0.0,0.0,0.0,0.0,4.0
16271,2023.0,4.0,23.0,23.0,18.549639,18.488226,16.900198,16.685722,18.376715,18.14117,18.225077,18.009808,17.462732,17.259138,16.543032,16.329584,19.070833,18.825607,18.597366,18.387537,16.703987,16.549562,0.0,0.0,0.0,0.0,0.0,0.0,0.0,0.0
16272,2023.0,4.0,24.0,0.0,18.399488,18.33658,16.823593,16.613655,18.215511,17.978327,18.056858,17.839678,17.334208,17.124613,16.751549,16.815626,18.945456,18.697586,18.438833,18.22386,16.272385,15.858643,0.0,0.0,0.0,0.0,4.0,0.0,0.0,0.0
16273,2023.0,4.0,24.0,0.0,18.277964,18.226133,16.75319,16.551193,18.792807,19.189539,17.921162,17.71622,17.227499,17.024261,16.486547,16.311548,18.842207,18.60052,18.307354,18.09946,16.12643,15.714448,0.0,4.0,0.0,0.0,0.0,0.0,0.0,0.0
16274,2023.0,4.0,24.0,0.0,18.163736,18.116983,16.682974,16.485119,18.287493,18.202732,17.793413,17.593914,17.705645,18.012205,16.324251,16.119806,18.74604,18.506445,18.185184,17.979624,16.257868,16.084946,0.0,0.0,0.0,4.0,0.0,0.0,0.0,0.0
16275,2023.0,4.0,24.0,0.0,18.059906,18.017836,16.616928,16.423037,17.64255,17.094133,17.677345,17.483257,17.24802,17.068281,16.231745,16.026865,18.659233,18.421673,18.074736,17.87143,16.247385,16.080584,0.0,0.0,0.0,0.0,0.0,0.0,0.0,0.0
16276,2023.0,4.0,24.0,0.0,17.958817,17.91465,16.549606,16.354328,17.369255,16.761095,17.563486,17.366697,17.049425,16.84624,16.14775,15.939676,18.576347,18.336725,17.969654,17.764002,16.199236,16.031237,0.0,0.0,0.0,0.0,0.0,0.0,0.0,0.0
16277,2023.0,4.0,24.0,0.0,17.876034,17.840513,16.49506,16.307516,17.572205,17.32426,17.471865,17.285847,16.961195,16.763794,16.080776,15.878268,18.506842,18.271849,17.88015,17.679502,16.156635,15.991364,0.0,0.0,0.0,0.0,0.0,0.0,0.0,0.0
16278,2023.0,4.0,24.0,1.0,17.797245,17.76766,16.441412,16.25895,17.558214,17.354683,17.384384,17.205278,17.458698,17.772686,16.018206,15.819126,18.442005,18.210228,17.796734,17.599699,16.846985,17.330168,0.0,0.0,0.0,4.0,0.0,0.0,0.0,4.0
16279,2023.0,4.0,24.0,1.0,17.723999,17.700039,16.38867,16.209126,17.487768,17.291222,17.300882,17.125792,16.755095,16.321644,15.959005,15.761331,18.380428,18.149952,17.717697,17.52225,16.341074,16.21637,0.0,0.0,0.0,0.0,0.0,0.0,0.0,0.0
16280,2023.0,4.0,24.0,1.0,17.66551,17.655886,16.335072,16.155066,17.412155,17.215889,17.218441,17.042494,16.46876,15.988022,15.901021,15.701704,18.32036,18.088408,17.640797,17.44367,15.935995,15.54699,0.0,0.0,0.0,0.0,0.0,0.0,0.0,0.0
16281,2023.0,4.0,24.0,1.0,17.602098,17.595612,16.2865,16.108725,17.342337,17.14953,17.14495,16.972069,16.636915,16.443623,15.849593,15.651295,18.26657,18.035557,17.571648,17.37568,15.806581,15.413304,0.0,0.0,0.0,0.0,0.0,0.0,0.0,0.0
16282,2023.0,4.0,24.0,1.0,17.540003,17.535923,16.23986,16.064236,17.275692,17.086094,17.07542,16.905533,16.615852,16.42348,15.801488,15.60417,18.216093,17.985989,17.506704,17.311852,15.961289,15.811054,0.0,0.0,0.0,0.0,0.0,0.0,0.0,0.0
16283,2023.0,4.0,24.0,1.0,17.48253,17.482512,16.196701,16.024769,17.214273,17.029829,17.01167,16.8469,17.154419,17.48197,16.056482,16.121449,18.169767,17.94179,17.446924,17.254597,15.946613,15.785842,0.0,0.0,0.0,4.0,4.0,0.0,0.0,0.0
16284,2023.0,4.0,24.0,2.0,17.426355,17.428604,16.154055,15.984284,17.154104,16.972893,16.949526,16.787846,17.359577,17.74634,16.154762,16.245642,18.125023,17.898176,17.389324,17.198376,16.64484,17.130766,0.0,0.0,0.0,4.0,4.0,0.0,0.0,4.0
16285,2023.0,4.0,24.0,2.0,17.370161,17.3714,16.110163,15.939026,17.09358,16.912374,16.887707,16.72575,16.552591,16.143692,15.8918915,15.739475,18.079792,17.851406,17.332214,17.140276,16.659033,16.957127,0.0,0.0,0.0,0.0,0.0,0.0,0.0,4.0
16286,2023.0,4.0,24.0,2.0,17.313913,17.312157,16.065292,15.890785,17.032887,16.84953,16.826471,16.661842,16.24871,15.770243,16.045065,16.103537,18.034258,17.803055,17.275372,17.081043,15.974562,15.630844,0.0,0.0,0.0,0.0,4.0,0.0,0.0,0.0
16287,2023.0,4.0,24.0,2.0,17.259628,17.255676,16.021635,15.844264,16.974754,16.78977,16.768213,16.601437,16.130104,15.650439,16.126457,16.21026,17.990166,17.756588,17.220703,17.024517,16.472506,16.734383,0.0,0.0,0.0,0.0,4.0,0.0,0.0,4.0
16288,2023.0,4.0,24.0,2.0,17.206566,17.200731,15.979081,15.799031,16.918648,16.732288,16.712093,16.543503,16.285927,16.062279,15.871152,15.6892805,17.94709,17.71137,17.167679,16.969904,15.874005,15.489803,0.0,0.0,0.0,0.0,4.0,0.0,0.0,0.0
16289,2023.0,4.0,24.0,2.0,17.152618,17.142962,15.935579,15.751024,16.862017,16.6721,16.65557,16.48299,16.30168,16.100525,15.454797,14.981649,17.903252,17.663967,17.11426,16.91329,15.638623,15.216134,0.0,0.0,0.0,0.0,0.0,0.0,0.0,0.0
16290,2023.0,4.0,24.0,3.0,17.10273,17.091955,15.894914,15.708435,16.809708,16.619106,16.603104,16.429628,16.259432,16.05745,15.566377,15.313511,17.861893,17.620993,17.064089,16.86211,16.292734,16.53654,0.0,0.0,0.0,0.0,4.0,0.0,0.0,4.0
16291,2023.0,4.0,24.0,3.0,17.053713,17.041386,15.854205,15.665784,16.75833,16.566647,16.551283,16.376638,16.214725,16.011374,15.315106,14.849007,17.821018,17.578527,17.014744,16.811623,15.724506,15.32883,0.0,0.0,0.0,0.0,0.0,0.0,0.0,0.0
16292,2023.0,4.0,24.0,3.0,17.004866,16.989843,15.813024,15.621812,16.707191,16.513268,16.499718,16.322714,16.168589,15.962975,15.737192,15.783752,17.779932,17.535067,16.965511,16.760336,15.503093,15.071834,0.0,0.0,0.0,0.0,4.0,0.0,0.0,0.0
16293,2023.0,4.0,24.0,3.0,16.957191,16.939533,15.772276,15.5783615,16.657295,16.461195,16.449192,16.270002,16.123014,15.915211,15.547085,15.323912,17.739378,17.492249,16.917282,16.71019,15.65834,15.474938,0.0,0.0,0.0,0.0,0.0,0.0,0.0,0.0
16294,2023.0,4.0,24.0,3.0,16.910067,16.88933,15.731824,15.534627,16.60801,16.409267,16.399202,16.217379,16.077787,15.867559,15.765276,15.823073,17.698986,17.44939,16.869646,16.660454,15.651404,15.469085,0.0,0.0,0.0,0.0,4.0,0.0,0.0,0.0
16295,2023.0,4.0,24.0,3.0,16.865808,16.843998,15.693977,15.495429,16.56182,16.362543,16.352407,16.170055,16.03472,15.823573,15.505473,15.27645,17.660202,17.409441,16.824043,16.61409,15.613371,15.429982,0.0,0.0,0.0,0.0,0.0,0.0,0.0,0.0
16296,2023.0,4.0,24.0,4.0,16.822634,16.800014,15.656937,15.457191,16.51681,16.317247,16.306946,16.124258,15.992649,15.7809515,15.405196,15.180828,18.384989,18.812601,16.779488,16.569178,16.296604,16.748684,0.0,0.0,0.0,0.0,0.0,4.0,0.0,4.0
16297,2023.0,4.0,24.0,4.0,16.779984,16.756306,15.6201105,15.419191,16.472431,16.272255,16.262138,16.078754,15.951082,15.738765,15.355421,15.131708,17.857023,17.671715,16.735422,16.524683,16.583124,17.127241,0.0,0.0,0.0,0.0,0.0,0.0,0.0,4.0
16298,2023.0,4.0,24.0,4.0,16.737244,16.71129,15.582923,15.3799925,16.428205,16.226217,16.217716,16.032328,15.909573,15.695719,15.30498,15.079341,17.364708,16.802402,16.691359,16.479273,16.385704,16.624659,0.0,0.0,0.0,0.0,0.0,0.0,0.0,4.0
16299,2023.0,4.0,24.0,4.0,16.69771,16.672007,15.548362,15.345757,16.387316,16.18607,16.177057,15.992091,15.870888,15.657582,15.260409,15.03537,17.202229,16.613928,16.650024,16.438622,15.636155,15.215364,0.0,0.0,0.0,0.0,0.0,0.0,0.0,0.0
16300,2023.0,4.0,24.0,4.0,16.6571,16.630156,15.512708,15.309043,16.34536,16.143372,16.135536,15.949472,15.831614,15.617594,15.50885,15.536659,17.420805,17.147188,16.608093,16.396132,16.126284,16.32863,0.0,0.0,0.0,0.0,4.0,0.0,0.0,4.0
16301,2023.0,4.0,24.0,4.0,16.617458,16.589832,15.47792,15.2736225,16.30434,16.102201,16.094957,15.908441,15.793414,15.579146,15.29696,15.080902,17.447054,17.191076,16.56721,16.355158,15.531777,15.103394,0.0,0.0,0.0,0.0,0.0,0.0,0.0,0.0
16302,2023.0,4.0,24.0,5.0,16.576828,16.547018,15.442305,15.235889,16.262352,16.058512,16.053448,15.864948,15.754559,15.538844,15.490807,15.528099,17.414173,17.158213,16.525667,16.312342,15.287731,14.819917,0.0,0.0,0.0,0.0,4.0,0.0,0.0,0.0
16303,2023.0,4.0,24.0,5.0,16.539925,16.511118,15.410356,15.205093,16.224209,16.021967,16.015469,15.828429,16.305937,16.607706,15.581137,15.636162,17.382195,17.127436,16.48712,16.275038,15.187368,14.726628,0.0,0.0,0.0,4.0,4.0,0.0,0.0,0.0
16304,2023.0,4.0,24.0,5.0,16.504093,16.476343,15.379646,15.175664,16.187107,15.986646,15.978301,15.792998,15.908115,15.732997,15.312121,15.084049,18.119915,18.552336,16.449497,16.238796,15.352487,15.147898,0.0,0.0,0.0,0.0,4.0,4.0,0.0,0.0
16305,2023.0,4.0,24.0,5.0,16.47189,16.447727,15.348686,15.144868,16.149591,15.949674,15.940453,15.7557335,16.342999,16.647999,14.971108,14.576643,17.99792,18.129385,16.411509,16.201221,15.367324,15.179013,0.0,0.0,0.0,4.0,0.0,4.0,0.0,0.0
16306,2023.0,4.0,24.0,5.0,17.241112,17.927141,15.804015,16.026108,16.110737,15.912661,15.900819,15.718172,15.693445,15.219081,15.019219,14.719442,17.213703,16.660551,16.371784,16.163122,15.330632,15.143938,4.0,0.0,0.0,0.0,0.0,0.0,0.0,0.0
16307,2023.0,4.0,24.0,5.0,16.823872,16.909327,15.585148,15.49116,16.071741,15.8746805,15.861015,15.679558,15.341637,14.835483,15.02737,14.7928705,17.72612,17.86664,16.332281,16.12457,16.013763,16.46476,0.0,0.0,0.0,0.0,0.0,4.0,0.0,4.0
16308,2023.0,4.0,24.0,6.0,17.00599,17.311031,15.404826,15.215307,16.036963,15.840617,15.825691,15.644983,15.243374,14.736155,15.008709,14.783851,17.10818,16.56823,16.2974,16.090334,16.305452,16.852037,0.0,0.0,0.0,0.0,0.0,0.0,0.0,4.0
16309,2023.0,4.0,24.0,6.0,21.22837,24.572742,15.337437,15.138196,21.008392,24.566074,21.141272,24.97798,16.081947,16.418936,15.259757,15.28412,20.883507,23.13706,21.760496,25.288105,20.32715,23.737883,0.0,0.0,4.0,4.0,4.0,0.0,0.0,4.0
16310,2023.0,4.0,24.0,6.0,21.041107,23.76104,15.762918,15.976175,21.012102,23.97394,21.020008,24.139765,21.373014,25.2251,20.43056,23.857922,21.762333,24.417812,22.313797,25.83549,20.666798,23.680397,4.0,0.0,0.0,4.0,4.0,4.0,0.0,0.0
16311,2023.0,4.0,24.0,6.0,22.033245,25.040024,20.272062,23.67252,21.897146,24.977625,21.42511,24.383673,21.081615,24.075922,19.996393,22.736006,21.785213,23.998835,21.73624,24.37719,17.727297,17.564299,4.0,4.0,0.0,0.0,4.0,4.0,4.0,0.0
16312,2023.0,4.0,24.0,6.0,21.791418,24.421103,20.041433,22.686356,21.814377,24.54972,21.807652,24.673231,18.52712,18.71354,20.104904,22.518286,21.788671,23.766768,21.991325,24.487617,16.227901,15.71405,0.0,4.0,0.0,4.0,4.0,0.0,4.0,0.0
16313,2023.0,4.0,24.0,6.0,20.97527,22.732513,17.692394,17.791779,20.950005,22.751179,20.947094,22.938992,21.377241,24.31502,20.08525,22.173155,20.97352,22.168451,20.917377,22.362587,16.171604,15.94409,4.0,4.0,4.0,4.0,4.0,0.0,0.0,0.0
16314,2023.0,4.0,24.0,7.0,21.164742,23.060055,20.247038,22.893564,21.174202,23.11233,21.177872,23.341505,20.8686,22.890371,20.098549,21.992338,21.130299,22.413347,21.20442,22.900024,16.933275,17.471966,4.0,4.0,0.0,0.0,0.0,4.0,0.0,4.0
16315,2023.0,4.0,24.0,7.0,21.064049,22.813856,20.037199,22.142574,21.071238,22.83471,21.073706,23.000044,18.63745,18.729258,18.122131,18.017332,21.07565,22.283783,21.079414,22.608,20.36596,23.30059,4.0,4.0,4.0,4.0,4.0,0.0,0.0,0.0
16316,2023.0,4.0,24.0,7.0,21.165945,22.997911,20.149685,22.14829,21.161478,22.95802,21.16366,23.11824,21.286724,23.62863,20.37535,22.435163,21.129297,22.333044,21.212984,22.81194,18.150877,18.51,4.0,4.0,0.0,4.0,0.0,4.0,4.0,4.0
16317,2023.0,4.0,24.0,7.0,21.057224,22.719492,20.076233,21.849216,21.069641,22.72468,21.093052,22.906939,20.023361,21.340754,18.363676,18.468344,21.044605,22.134605,21.086903,22.55806,20.355465,22.899323,4.0,4.0,0.0,0.0,0.0,4.0,0.0,0.0
16318,2023.0,4.0,24.0,7.0,21.088343,22.772408,20.075409,21.740643,21.093184,22.751955,21.067833,22.782978,18.757507,18.841232,17.568222,17.645863,21.04345,22.110239,21.078133,22.512682,17.726439,17.492823,4.0,0.0,4.0,4.0,4.0,4.0,0.0,0.0
16319,2023.0,4.0,24.0,7.0,21.081472,22.729345,20.091047,21.707312,21.062159,22.632559,21.096167,22.820847,20.461784,22.188221,20.400337,22.556587,21.042444,22.087826,21.077856,22.484545,16.480354,15.971882,0.0,4.0,0.0,0.0,0.0,4.0,0.0,0.0
16320,2023.0,4.0,24.0,8.0,21.054588,22.63022,18.104216,17.838219,21.066525,22.613852,21.089277,22.771774,18.26286,17.891298,18.3793,18.526558,21.071354,22.143915,21.059288,22.456955,16.43774,16.214746,0.0,4.0,0.0,0.0,0.0,0.0,0.0,0.0
16321,2023.0,4.0,24.0,8.0,19.65803,19.940756,17.2602,16.995329,19.529423,19.648098,19.381832,19.50514,17.902906,17.927359,17.227505,17.012695,19.426132,18.956377,19.489458,19.438118,16.3762,16.18647,0.0,4.0,0.0,4.0,0.0,0.0,0.0,0.0
16322,2023.0,4.0,24.0,8.0,18.50969,18.10535,17.518963,17.663507,18.318163,17.721216,18.551872,18.344345,20.356617,22.204315,16.945328,16.688162,18.791546,18.115623,18.850697,18.603428,16.27469,16.090569,4.0,0.0,0.0,0.0,0.0,0.0,0.0,0.0
16323,2023.0,4.0,24.0,8.0,17.918383,17.4414,20.2377,22.570604,17.703743,17.034622,18.124046,17.902369,18.21436,17.912157,16.729797,16.472128,18.49725,17.837345,18.508778,18.265709,16.16327,15.985722,0.0,0.0,0.0,0.0,0.0,0.0,0.0,0.0
16324,2023.0,4.0,24.0,8.0,17.610044,17.155048,18.3699,18.66603,18.029736,17.944359,17.811478,17.591816,17.134186,16.5851,16.558458,16.309422,18.58745,18.260174,18.242794,18.005266,16.062252,15.888271,0.0,4.0,0.0,0.0,0.0,0.0,0.0,0.0
16325,2023.0,4.0,24.0,8.0,17.76246,17.669384,17.39468,17.178156,18.081654,18.093046,17.597855,17.370295,17.159237,16.888374,16.440472,16.189379,18.565725,18.295353,18.057158,17.816225,15.986156,15.810796,0.0,4.0,0.0,0.0,0.0,0.0,0.0,0.0
16326,2023.0,4.0,24.0,9.0,17.692007,17.641981,17.11327,16.88755,17.347103,16.809155,17.423096,17.209282,17.088018,16.852139,16.342247,16.099613,18.470062,18.211002,17.904476,17.674633,15.920955,15.749837,0.0,0.0,0.0,0.0,0.0,0.0,0.0,0.0
16327,2023.0,4.0,24.0,9.0,18.340355,18.971546,16.907558,16.68705,17.700266,17.692032,17.26947,17.064957,16.977167,16.751532,16.256123,16.019886,18.382242,18.130789,17.771765,17.54967,15.8638,15.696279,0.0,4.0,0.0,0.0,0.0,0.0,0.0,0.0
16328,2023.0,4.0,24.0,9.0,17.533346,17.354286,16.744183,16.532955,17.128633,16.644623,17.134434,16.940874,16.875782,16.65769,16.181257,15.951746,18.30421,18.060259,17.65629,17.442326,15.813895,15.650142,0.0,0.0,0.0,0.0,0.0,0.0,0.0,0.0
16329,2023.0,4.0,24.0,9.0,17.104174,16.741043,17.078465,17.289137,17.509974,17.552431,17.011402,16.825607,16.783772,16.570179,16.114395,15.889164,18.234272,17.995266,17.552752,17.343733,15.769152,15.607675,4.0,4.0,0.0,0.0,0.0,0.0,0.0,0.0
16330,2023.0,4.0,24.0,9.0,16.937366,16.578474,20.198212,22.842342,16.960918,16.521488,16.904268,16.729706,17.457952,17.91529,16.057142,15.836424,18.17459,17.941648,17.464193,17.262363,15.73113,15.572808,0.0,0.0,0.0,4.0,0.0,0.0,0.0,0.0
16331,2023.0,4.0,24.0,9.0,17.082478,17.025482,18.232683,18.620378,16.59069,16.068426,16.791328,16.627232,20.313824,22.765284,16.00116,15.78593,18.907518,19.390493,17.372671,17.176538,15.692333,15.536452,0.0,0.0,0.0,0.0,0.0,4.0,0.0,0.0
16332,2023.0,4.0,24.0,10.0,17.113277,17.114967,16.978058,16.893044,16.445328,15.932703,16.688578,16.53284,17.987461,17.861929,16.33974,16.465244,18.46923,18.353422,17.290901,17.098835,15.658203,15.503984,0.0,0.0,0.0,0.0,4.0,0.0,0.0,0.0
16333,2023.0,4.0,24.0,10.0,17.810883,18.480316,16.704721,16.545666,16.615602,16.38123,16.609972,16.460503,17.10954,16.597681,20.277042,23.241186,17.952604,17.454636,17.229305,17.039469,15.632968,15.479309,0.0,0.0,0.0,0.0,0.0,0.0,0.0,0.0
16334,2023.0,4.0,24.0,10.0,17.430622,17.589066,16.989376,17.225235,16.66504,16.497156,16.52946,16.388256,17.067907,16.801044,18.121883,18.508907,17.735569,17.205893,17.16692,16.98051,15.607994,15.455511,4.0,0.0,0.0,0.0,0.0,0.0,0.0,0.0
16335,2023.0,4.0,24.0,10.0,17.595762,17.976192,20.301569,23.015232,16.621181,16.466461,16.465565,16.329632,17.022354,16.797895,17.076235,16.852129,17.91283,17.64378,17.118399,16.93362,15.58936,15.437147,4.0,0.0,0.0,0.0,0.0,0.0,0.0,0.0
16336,2023.0,4.0,24.0,10.0,17.696226,18.120165,20.020897,22.100578,16.56234,16.415035,16.397242,16.266964,16.919765,16.701656,16.798754,16.550154,17.980846,17.756853,17.06798,16.884495,15.57043,15.418388,4.0,0.0,0.0,0.0,0.0,0.0,0.0,0.0
16337,2023.0,4.0,24.0,10.0,17.051785,16.923496,20.092176,22.027735,16.507364,16.368595,17.065897,17.582325,16.831444,16.62047,16.651522,16.40793,17.961424,17.743755,18.114132,18.902515,15.554297,15.403184,0.0,0.0,4.0,0.0,0.0,0.0,4.0,0.0
16338,2023.0,4.0,24.0,11.0,16.687416,16.45909,18.09865,18.045498,17.17121,17.664164,16.718794,16.749123,16.755209,16.549755,16.546501,16.310526,17.936243,17.72192,17.33646,17.07592,15.540118,15.389865,0.0,4.0,0.0,0.0,0.0,0.0,0.0,0.0
16339,2023.0,4.0,24.0,11.0,16.561468,16.321726,17.14112,16.642254,17.407043,17.979998,16.195517,15.8427105,16.697014,16.492302,16.475937,16.241238,18.734053,19.257103,16.949978,16.532183,15.52726,15.3761215,0.0,4.0,0.0,0.0,0.0,4.0,0.0,0.0
16340,2023.0,4.0,24.0,11.0,17.500608,18.196222,17.09885,16.871447,16.596899,16.38313,16.005836,15.613825,16.643013,16.441284,16.412556,16.182377,17.97507,17.635992,16.826727,16.407488,15.51379,15.362456,0.0,0.0,0.0,0.0,0.0,0.0,0.0,0.0
16341,2023.0,4.0,24.0,11.0,16.852652,16.789911,17.002495,16.84876,16.22639,15.831321,16.136232,15.979335,16.592533,16.393034,16.353693,16.126862,17.66032,17.168411,16.942446,16.729933,15.499231,15.347956,0.0,0.0,0.0,0.0,0.0,0.0,0.0,0.0
16342,2023.0,4.0,24.0,11.0,16.522896,16.307724,16.850315,16.703236,16.80393,17.01801,16.153475,16.04601,16.545286,16.34824,16.298172,16.07475,18.369907,18.584764,16.954243,16.770653,15.483561,15.332733,0.0,4.0,0.0,0.0,0.0,4.0,0.0,0.0
16343,2023.0,4.0,24.0,11.0,16.41302,16.19485,16.713661,16.56995,16.319294,16.043415,16.112326,16.010267,16.500717,16.306126,16.246168,16.025953,18.59396,18.879576,16.920256,16.740671,15.467257,15.317113,0.0,0.0,0.0,0.0,0.0,4.0,0.0,0.0
16344,2023.0,4.0,24.0,12.0,17.35075,18.060265,16.59456,16.456877,16.763227,16.98619,16.070236,15.972293,16.459232,16.26787,16.198542,15.982407,17.92025,17.561283,16.884022,16.707403,15.451018,15.302051,0.0,4.0,0.0,0.0,0.0,0.0,0.0,0.0
16345,2023.0,4.0,24.0,12.0,21.044933,24.273764,16.486885,16.354239,20.888641,24.013681,21.02916,24.693533,16.419832,16.231236,16.153992,15.941695,21.31405,23.451252,22.343283,25.892866,15.434899,15.287398,0.0,0.0,0.0,0.0,0.0,0.0,4.0,0.0
16346,2023.0,4.0,24.0,12.0,21.012873,23.723558,16.836302,17.11109,21.038616,23.805326,21.013182,24.075188,16.382965,16.197554,16.10824,15.900211,20.956388,22.601912,22.458244,25.694075,15.4209795,15.275173,4.0,0.0,0.0,0.0,0.0,4.0,0.0,0.0
16347,2023.0,4.0,24.0,12.0,21.146772,23.698322,20.308464,23.13411,21.147123,23.683525,21.146746,23.96803,16.352528,16.170746,16.066998,15.86214,21.123697,22.726309,20.991432,22.777815,15.412535,15.269273,0.0,0.0,0.0,0.0,0.0,4.0,0.0,0.0
16348,2023.0,4.0,24.0,12.0,21.061317,23.297024,18.231405,18.68035,21.072163,23.34047,21.07963,23.584805,16.328491,16.150578,16.036215,15.835699,21.067623,22.482096,21.061295,22.760767,15.408698,15.2682,0.0,0.0,0.0,0.0,0.0,0.0,4.0,0.0
16349,2023.0,4.0,24.0,12.0,21.064959,23.160791,16.935318,16.889982,21.04963,23.139446,21.078451,23.410284,17.12362,17.675798,16.00976,15.813207,21.061256,22.351896,21.039782,22.627619,15.40738,15.269693,0.0,4.0,0.0,4.0,0.0,0.0,4.0,0.0
16350,2023.0,4.0,24.0,13.0,21.087803,23.122639,16.636501,16.53592,21.07666,23.11664,21.076935,23.282808,20.304775,23.017284,15.985856,15.793262,21.06008,22.260403,21.07951,22.663357,15.407255,15.272184,0.0,0.0,0.0,0.0,0.0,0.0,0.0,0.0
16351,2023.0,4.0,24.0,13.0,21.080772,23.023888,16.472208,16.364647,21.06354,22.959778,21.075369,23.186768,17.912489,17.89841,15.962114,15.771408,21.043781,22.189285,21.031456,22.475739,15.406634,15.272867,0.0,4.0,0.0,0.0,0.0,0.0,4.0,0.0
16352,2023.0,4.0,24.0,13.0,21.078407,22.952356,16.339092,16.22633,21.08862,22.950415,21.047516,23.0424,17.502718,17.801025,15.938504,15.748257,21.043911,22.15613,21.078238,22.550013,15.405732,15.272924,0.0,0.0,4.0,4.0,0.0,0.0,0.0,0.0
16353,2023.0,4.0,24.0,13.0,21.062517,22.899042,16.236277,16.130161,21.082483,22.87288,21.077774,23.070543,20.33748,22.658401,15.918018,15.7295475,21.043642,22.127075,21.028896,22.380562,15.40491,15.272863,0.0,0.0,0.0,0.0,0.0,0.0,4.0,0.0
16354,2023.0,4.0,24.0,13.0,21.063293,22.877163,16.14247,16.037949,21.081882,22.818668,21.0889,23.012268,18.086885,18.016922,15.898069,15.71029,21.042957,22.101433,21.036316,22.366058,15.404,15.272537,0.0,0.0,0.0,0.0,0.0,0.0,4.0,0.0
16355,2023.0,4.0,24.0,13.0,21.061655,22.852781,16.056633,15.950675,21.062214,22.77119,21.084284,22.942247,16.961758,16.547623,15.878693,15.69084,21.041718,22.077988,21.074905,22.4464,15.402789,15.271788,0.0,0.0,0.0,0.0,0.0,0.0,0.0,0.0
16356,2023.0,4.0,24.0,14.0,21.036428,22.763647,15.9859495,15.884993,21.064827,22.763113,21.067284,22.894033,17.725039,18.229609,15.8615265,15.674819,21.041725,22.059372,21.065506,22.39803,15.401252,15.270704,0.0,0.0,0.0,4.0,0.0,0.0,0.0,0.0
16357,2023.0,4.0,24.0,14.0,20.011066,20.78453,15.92048,15.822112,19.465292,19.678389,19.841621,20.497322,20.282967,22.502829,15.844281,15.657973,20.603022,21.17114,19.397272,19.164885,15.39893,15.268521,0.0,0.0,4.0,0.0,0.0,4.0,0.0,0.0
16358,2023.0,4.0,24.0,14.0,18.64837,18.570322,15.860559,15.763857,19.121092,19.60314,18.624254,18.671818,18.19339,18.12945,15.826331,15.640267,19.437115,19.08789,18.507418,18.069761,15.393838,15.263536,0.0,4.0,0.0,0.0,0.0,0.0,0.0,0.0
16359,2023.0,4.0,24.0,14.0,18.096983,17.829279,15.812064,15.71547,18.44332,18.412645,17.8584,17.476934,17.358696,16.914167,15.809048,15.622889,18.963516,18.434984,18.441357,18.20312,15.386318,15.255961,0.0,0.0,0.0,0.0,0.0,0.0,0.0,0.0
16360,2023.0,4.0,24.0,14.0,18.55833,18.927694,16.257639,16.591017,17.77388,17.359219,17.490648,17.065563,17.324879,17.087189,15.791151,15.605333,18.760462,18.230167,18.32444,18.115677,15.376315,15.2459135,4.0,0.0,0.0,0.0,0.0,0.0,0.0,0.0
16361,2023.0,4.0,24.0,14.0,18.587183,19.01115,20.168755,23.307924,17.476498,17.03364,17.50229,17.333366,17.240732,17.035353,15.773719,15.588505,19.643932,20.075842,18.186293,17.98605,15.364741,15.23441,0.0,0.0,0.0,0.0,0.0,4.0,0.0,0.0
16362,2023.0,4.0,24.0,15.0,18.507952,18.944447,18.318989,19.144169,18.18652,18.608232,17.404554,17.29258,17.115997,16.917938,15.760158,15.575303,19.01345,18.675056,18.03712,17.842522,15.351224,15.220639,4.0,4.0,0.0,0.0,0.0,0.0,0.0,0.0
16363,2023.0,4.0,24.0,15.0,17.80495,17.68634,20.233427,22.78667,17.573664,17.379358,17.965847,18.467976,17.021515,16.822601,15.751387,15.5654545,18.614986,18.110506,17.92333,17.728943,15.3371525,15.205028,0.0,0.0,4.0,0.0,0.0,0.0,0.0,0.0
16364,2023.0,4.0,24.0,15.0,18.082102,18.478071,17.964876,18.092905,17.696152,17.884708,17.546791,17.590586,16.92389,16.728489,16.133099,16.286983,19.179419,19.338297,18.852726,19.592972,15.322058,15.188364,0.0,4.0,0.0,0.0,4.0,4.0,4.0,0.0
16365,2023.0,4.0,24.0,15.0,18.169655,18.618029,16.89513,16.506397,17.150604,16.854687,17.631355,17.869884,16.849525,16.653639,20.209635,23.401222,19.351814,19.583138,17.967058,17.727154,15.308282,15.172837,0.0,0.0,4.0,0.0,0.0,4.0,0.0,0.0
16366,2023.0,4.0,24.0,15.0,18.142147,18.59699,16.75035,16.579134,17.44549,17.630465,17.055416,16.807993,16.771818,16.578222,17.988281,18.460691,19.362274,19.593395,18.437965,18.93785,16.27072,16.999924,0.0,4.0,0.0,0.0,0.0,4.0,4.0,4.0
16367,2023.0,4.0,24.0,15.0,17.477331,17.379719,16.660082,16.539936,17.583769,17.848997,16.713797,16.3405,17.452486,17.913654,16.916382,16.746143,18.59802,18.153677,17.715342,17.445436,20.206806,23.631508,0.0,4.0,0.0,4.0,0.0,0.0,0.0,0.0
16368,2023.0,4.0,24.0,16.0,17.068743,16.850796,16.964096,17.2425,17.578318,17.84372,16.527985,16.150818,20.30185,22.72757,16.638441,16.432814,18.243694,17.738794,17.268595,16.87823,17.372776,17.519402,4.0,4.0,0.0,4.0,0.0,0.0,0.0,0.0
16369,2023.0,4.0,24.0,16.0,16.901518,16.67453,20.301203,23.051872,16.91491,16.62019,17.327349,17.801088,20.044113,21.915934,16.871897,17.009138,18.882,19.057411,17.106813,16.699425,15.955553,15.661054,4.0,0.0,4.0,0.0,4.0,4.0,0.0,0.0
16370,2023.0,4.0,24.0,16.0,16.781225,16.549614,20.043156,22.199078,17.208643,17.388918,16.804024,16.596687,18.094564,17.94661,20.304243,23.013672,19.122398,19.350912,16.99126,16.578754,15.80795,15.629693,0.0,4.0,0.0,0.0,0.0,4.0,0.0,0.0
16371,2023.0,4.0,24.0,16.0,16.906473,16.903187,18.259863,18.526636,17.388096,17.631712,16.998798,17.21102,17.773663,17.934599,18.214893,18.561796,19.13228,19.354876,17.086412,16.86819,15.736073,15.573339,4.0,4.0,4.0,4.0,0.0,4.0,0.0,0.0
16372,2023.0,4.0,24.0,16.0,16.919582,16.952923,20.241993,22.312473,17.377783,17.614544,16.51468,16.263527,20.276133,22.4096,17.213085,16.9893,19.121758,19.335697,17.091394,16.901508,15.657046,15.494086,0.0,4.0,0.0,0.0,0.0,4.0,0.0,0.0
16373,2023.0,4.0,24.0,16.0,16.871033,16.906084,18.498354,18.722298,17.352932,17.580175,16.1363,15.743645,18.169342,18.036432,16.90345,16.662613,19.105667,19.311417,17.041683,16.854414,15.569045,15.407394,4.0,4.0,0.0,0.0,0.0,4.0,0.0,0.0
16374,2023.0,4.0,24.0,17.0,17.58566,18.283882,20.22695,22.081957,17.326014,17.54301,15.998966,15.575929,18.013601,18.118095,16.730585,16.479177,19.085405,19.28326,16.988867,16.801619,15.49853,15.335931,0.0,4.0,0.0,4.0,0.0,4.0,0.0,0.0
16375,2023.0,4.0,24.0,17.0,17.863497,18.593689,18.581036,18.74359,17.298845,17.50996,16.864735,17.317337,20.320656,22.151745,16.953941,17.042303,19.0656,19.259882,16.931007,16.745901,15.424295,15.264461,4.0,4.0,4.0,0.0,4.0,4.0,0.0,0.0
16376,2023.0,4.0,24.0,17.0,17.631712,18.06526,20.272186,22.270899,16.624727,16.270088,16.61357,16.616241,18.794731,19.06171,20.391161,22.936813,18.268057,17.772371,17.955063,18.73175,15.354986,15.197046,0.0,0.0,0.0,4.0,0.0,0.0,4.0,0.0
16377,2023.0,4.0,24.0,17.0,17.54675,17.95836,18.24356,18.145435,16.246298,15.783793,16.033709,15.662096,20.260859,22.094913,18.230314,18.515692,17.897993,17.344213,17.1493,16.859875,15.290856,15.1352005,0.0,0.0,0.0,0.0,0.0,0.0,0.0,0.0
16378,2023.0,4.0,24.0,17.0,17.53577,17.937973,17.330147,17.139956,16.784782,16.904783,15.793028,15.357078,18.818336,19.073204,16.988348,16.813381,18.529919,18.659777,16.632063,16.215542,15.230717,15.077112,0.0,4.0,0.0,4.0,0.0,4.0,0.0,0.0
16379,2023.0,4.0,24.0,17.0,16.879803,16.717594,17.139925,16.948906,16.962154,17.166325,16.680948,17.125832,20.294485,21.835695,16.711067,16.480656,17.983313,17.536444,16.49071,16.058157,15.179933,15.027701,0.0,4.0,4.0,0.0,0.0,0.0,0.0,0.0
16380,2023.0,4.0,24.0,18.0,17.217922,17.559326,16.93695,16.74549,16.978298,17.174652,16.785866,17.040838,18.357512,18.085148,16.526085,16.296019,18.394619,18.539446,17.438297,17.935778,15.126689,14.976871,0.0,4.0,4.0,0.0,0.0,4.0,4.0,0.0
16381,2023.0,4.0,24.0,18.0,21.31799,24.62372,16.787424,16.586784,21.227472,24.630096,21.20001,24.709986,18.270432,18.329582,16.391008,16.15779,21.288689,23.519497,21.57286,24.931683,15.079376,14.929412,0.0,4.0,4.0,4.0,0.0,0.0,0.0,0.0
16382,2023.0,4.0,24.0,18.0,21.016922,23.595896,17.086468,17.281511,21.026098,23.718307,21.023947,23.854816,20.276108,21.85205,16.645334,16.758923,21.00482,22.6822,22.165142,25.373579,16.093628,16.891302,4.0,4.0,4.0,4.0,4.0,0.0,0.0,4.0
16383,2023.0,4.0,24.0,18.0,21.152271,23.591906,20.261595,22.895452,21.147167,23.620745,21.151196,23.778944,20.892443,22.744024,20.45104,23.151363,21.127064,22.718052,22.499708,25.492168,21.268366,25.515615,4.0,4.0,0.0,4.0,0.0,0.0,0.0,4.0
16384,2023.0,4.0,24.0,18.0,22.02865,24.938644,20.05174,22.109411,21.07588,23.248129,21.09848,23.42875,20.014282,21.15634,18.118345,18.375515,21.814663,23.70823,21.711243,23.856047,19.90519,22.488066,0.0,4.0,0.0,0.0,0.0,0.0,0.0,0.0
16385,2023.0,4.0,24.0,18.0,20.936731,22.683561,18.216461,18.327885,21.098654,23.150455,21.098097,23.25197,18.945465,19.055756,16.833641,16.654991,21.006748,22.210234,20.923435,22.30736,17.94707,18.397238,4.0,0.0,0.0,4.0,0.0,4.0,0.0,4.0
16386,2023.0,4.0,24.0,19.0,21.180296,23.125326,20.256405,22.451109,21.155052,23.138878,21.158253,23.267876,20.276789,21.719984,16.51087,16.272482,21.134777,22.411041,21.28674,23.020365,20.354242,23.10704,0.0,0.0,4.0,0.0,0.0,0.0,4.0,0.0
16387,2023.0,4.0,24.0,19.0,21.081509,22.86723,18.056793,17.912056,21.0907,22.913027,21.080803,23.06563,18.353672,17.976276,16.707645,16.81081,21.036871,22.136517,21.086939,22.615938,17.587082,17.42616,0.0,0.0,0.0,0.0,4.0,4.0,0.0,0.0
16388,2023.0,4.0,24.0,19.0,21.057693,22.751297,17.08242,16.847012,21.068163,22.837349,21.07191,22.932268,17.349161,16.75718,20.449047,23.110716,21.042316,22.111135,21.079157,22.571514,16.2367,15.75758,0.0,0.0,4.0,0.0,0.0,4.0,0.0,0.0
16389,2023.0,4.0,24.0,19.0,21.062437,22.72648,17.336967,17.500486,21.045656,22.743462,21.073317,22.86699,18.102718,18.517046,18.141794,18.399828,21.041494,22.082094,21.040466,22.4398,17.161865,17.86973,4.0,4.0,4.0,4.0,0.0,4.0,4.0,4.0
16390,2023.0,4.0,24.0,19.0,21.149815,22.87507,20.23974,22.667944,21.170877,22.973093,21.148317,22.964355,20.266651,22.136549,16.818811,16.60368,21.123674,22.24163,21.178816,22.727543,20.324081,23.173594,4.0,4.0,4.0,0.0,0.0,0.0,0.0,0.0
16391,2023.0,4.0,24.0,19.0,21.622835,23.789053,20.056253,21.986763,21.069973,22.706903,21.095425,22.83261,18.139362,17.788824,16.486725,16.240225,21.52128,22.954683,21.0387,22.39595,17.499432,17.321373,0.0,4.0,0.0,0.0,0.0,0.0,4.0,0.0
16392,2023.0,4.0,24.0,20.0,21.066502,22.656134,17.930937,17.708565,21.091589,22.724403,21.065634,22.713781,17.06424,16.475052,16.3004,16.058912,21.067326,22.075235,21.046934,22.400517,17.109406,17.47514,0.0,0.0,4.0,0.0,0.0,0.0,4.0,4.0
16393,2023.0,4.0,24.0,20.0,21.058857,22.625076,17.501757,17.627836,21.061344,22.602665,21.095177,22.762499,17.859636,18.28448,16.15108,15.915062,21.046228,22.048512,21.08521,22.493923,20.447247,23.126385,4.0,4.0,0.0,4.0,0.0,0.0,0.0,4.0
16394,2023.0,4.0,24.0,20.0,21.059446,22.610758,20.247526,22.549088,21.066177,22.582146,21.06398,22.649992,20.282568,22.294226,16.437151,16.574255,21.048553,22.059114,21.077236,22.457651,20.055227,22.229437,4.0,4.0,4.0,4.0,4.0,0.0,0.0,0.0
16395,2023.0,4.0,24.0,20.0,21.055265,22.58662,20.059423,21.899574,21.06508,22.555933,21.069038,22.637487,21.12673,23.30997,20.47131,23.31272,21.045439,22.054296,21.077513,22.437256,17.579659,17.275,0.0,4.0,4.0,0.0,4.0,0.0,0.0,0.0
16396,2023.0,4.0,24.0,20.0,21.05901,22.57939,18.250275,18.22494,21.064781,22.534548,21.092646,22.683935,18.767128,18.842146,20.043882,22.24192,21.048195,22.059341,21.037954,22.312899,16.391317,15.864121,4.0,4.0,0.0,4.0,0.0,0.0,4.0,0.0
16397,2023.0,4.0,24.0,20.0,21.161549,22.788738,20.237267,22.266792,21.064346,22.514969,21.087185,22.649525,20.338383,21.944431,17.630604,17.319176,21.186127,22.313488,21.045212,22.320923,16.0324,15.509371,0.0,4.0,0.0,0.0,0.0,4.0,4.0,0.0
16398,2023.0,4.0,24.0,21.0,21.051931,22.526241,18.385237,18.405537,21.064001,22.497133,21.087526,22.629108,18.812546,18.880997,16.6794,16.382996,21.072039,22.064714,21.08399,22.420788,16.075697,15.8505535,4.0,4.0,0.0,4.0,0.0,0.0,0.0,0.0
16399,2023.0,4.0,24.0,21.0,21.173456,22.755405,20.252245,22.267351,21.168827,22.709558,21.198763,22.859858,20.315351,21.848543,16.520348,16.25195,21.12935,22.14815,21.225521,22.66176,16.012081,15.815402,0.0,0.0,4.0,4.0,0.0,0.0,4.0,0.0
16400,2023.0,4.0,24.0,21.0,21.08338,22.5788,18.072338,17.804094,21.083239,22.514206,21.072489,22.642458,20.05229,21.324385,16.336689,16.07753,21.064991,21.991976,21.084278,22.393637,15.87315,15.681389,0.0,0.0,0.0,0.0,0.0,0.0,0.0,0.0
16401,2023.0,4.0,24.0,21.0,21.078266,22.55082,17.599566,17.68845,21.083794,22.494715,21.090168,22.640055,18.212704,17.724064,16.172594,15.91714,21.01527,21.894207,21.07621,22.363668,15.742098,15.54587,4.0,0.0,0.0,0.0,0.0,4.0,0.0,0.0
16402,2023.0,4.0,24.0,21.0,21.078756,22.53469,20.243977,22.433779,21.060404,22.475698,21.087755,22.606773,17.219673,16.539572,16.40018,16.469265,21.072786,22.006348,21.077005,22.350182,15.625209,15.426936,4.0,0.0,0.0,0.0,4.0,0.0,0.0,0.0
16403,2023.0,4.0,24.0,21.0,21.449966,23.046396,20.117083,21.922836,21.175268,22.719185,21.166956,22.788534,18.04756,18.45549,20.454514,23.26253,21.308176,22.27239,21.227707,22.611382,16.486061,17.140942,0.0,0.0,0.0,4.0,0.0,4.0,4.0,4.0
16404,2023.0,4.0,24.0,22.0,20.917564,22.073925,17.957323,17.606543,21.062624,22.496994,21.066738,22.59427,20.271637,22.144165,18.006987,18.227545,20.957863,21.622477,21.044447,22.237278,20.30011,23.488018,0.0,0.0,0.0,0.0,0.0,4.0,4.0,0.0
16405,2023.0,4.0,24.0,22.0,21.074507,22.3972,17.129429,16.794863,21.062824,22.49967,21.066286,22.596424,18.055418,17.613953,16.918653,16.923473,21.050251,21.829704,21.084173,22.344957,17.229515,17.018702,0.0,0.0,0.0,0.0,4.0,4.0,0.0,0.0
16406,2023.0,4.0,24.0,22.0,21.053946,22.376585,16.958014,16.655416,21.062681,22.498575,21.066484,22.596502,16.937897,16.259995,20.44862,22.98679,21.06818,21.89797,21.036745,22.213295,15.776714,15.23489,0.0,0.0,0.0,0.0,0.0,0.0,4.0,0.0
16407,2023.0,4.0,24.0,22.0,21.08377,22.466852,16.767746,16.463728,21.062557,22.495588,21.066046,22.59297,16.983725,16.672127,18.147251,18.321514,21.064432,21.888721,21.084814,22.334232,15.769275,15.537988,0.0,0.0,0.0,0.0,0.0,0.0,0.0,0.0
16408,2023.0,4.0,24.0,22.0,21.07747,22.453463,16.598156,16.288425,21.062265,22.491116,21.065937,22.589066,16.956797,16.691233,16.832132,16.569906,21.064499,21.884289,21.075773,22.305243,16.489098,16.957476,0.0,0.0,0.0,0.0,0.0,0.0,0.0,4.0
16409,2023.0,4.0,24.0,22.0,21.078268,22.450438,16.456608,16.149195,21.062258,22.486408,21.066103,22.584938,16.816116,16.54952,16.500254,16.221167,21.043573,21.879553,21.076897,22.295828,20.34052,23.298138,0.0,0.0,0.0,0.0,0.0,0.0,0.0,0.0
16410,2023.0,4.0,24.0,23.0,21.05552,22.444803,16.328663,16.021082,21.06208,22.480705,21.065435,22.577085,16.680325,16.413671,16.279226,15.999084,21.046219,21.908209,21.076649,22.285038,17.886133,18.158762,0.0,0.0,0.0,0.0,0.0,0.0,0.0,4.0
16411,2023.0,4.0,24.0,23.0,19.648165,19.771795,16.213915,15.906182,19.544617,19.564262,19.46207,19.494877,16.5615,16.297167,16.098124,15.815889,19.875565,19.675259,19.583277,19.443321,16.218239,15.750197,0.0,0.0,0.0,0.0,0.0,0.0,0.0,0.0
16412,2023.0,4.0,24.0,23.0,18.947496,18.788788,16.120419,15.806399,18.742924,18.39708,18.634857,18.308273,16.462894,16.192402,16.262035,16.236048,19.396664,19.054873,18.957342,18.649107,15.742785,15.157417,0.0,0.0,0.0,0.0,4.0,0.0,0.0,0.0
16413,2023.0,4.0,24.0,23.0,18.645939,18.482845,16.035885,15.72215,18.420233,18.060093,18.298193,17.960432,16.371273,16.09962,15.96423,15.694594,19.181637,18.846931,18.657993,18.357058,15.510917,14.929724,0.0,0.0,0.0,0.0,0.0,0.0,0.0,0.0
16414,2023.0,4.0,24.0,23.0,18.416302,18.26051,15.959258,15.647252,18.182373,17.828928,18.047163,17.71742,16.286167,16.014818,15.786141,15.497052,19.72607,20.042385,18.415623,18.12697,15.647018,15.395577,0.0,0.0,0.0,0.0,0.0,4.0,0.0,0.0
16415,2023.0,4.0,24.0,23.0,18.2197,18.069304,15.886072,15.5752,17.979595,17.631266,17.83296,17.509264,16.204311,15.932865,15.6662245,15.375374,18.66935,17.964054,18.204338,17.925718,15.600598,15.372882,0.0,0.0,0.0,0.0,0.0,0.0,0.0,0.0
16416,2023.0,4.0,25.0,0.0,18.039104,17.885237,16.310192,16.430923,17.793638,17.441816,17.636518,17.309626,16.707342,16.946106,15.554959,15.259412,18.213457,17.409096,18.00307,17.71538,15.4960985,15.265794,4.0,0.0,0.0,4.0,0.0,0.0,0.0,0.0
16417,2023.0,4.0,25.0,0.0,17.884602,17.73458,15.969527,15.747223,17.634274,17.286785,17.46856,17.146366,16.255827,15.984407,15.457065,15.161509,18.017538,17.223896,17.830233,17.54421,15.398758,15.168475,0.0,0.0,0.0,0.0,0.0,0.0,0.0,0.0
16418,2023.0,4.0,25.0,0.0,17.740606,17.589472,15.766935,15.456442,17.48524,17.137386,17.312016,16.989336,16.072367,15.791844,15.363308,15.064933,18.278568,17.92644,17.669779,17.381208,15.304362,15.07154,0.0,0.0,0.0,0.0,0.0,0.0,0.0,0.0
16419,2023.0,4.0,25.0,0.0,17.60577,17.450468,15.681059,15.361443,17.344578,16.992237,17.164679,16.83709,15.987308,15.704134,15.273234,14.969987,18.246151,17.904692,17.521679,17.229143,15.214869,14.978431,0.0,0.0,0.0,0.0,0.0,0.0,0.0,0.0
16420,2023.0,4.0,25.0,0.0,17.495207,17.349754,15.617772,15.304145,17.231066,16.89063,17.04593,16.730633,16.497091,16.730803,15.197122,14.898215,18.160118,17.82226,17.394981,17.108286,15.137139,14.903519,0.0,0.0,0.0,4.0,0.0,0.0,0.0,0.0
16421,2023.0,4.0,25.0,0.0,17.388031,17.24642,15.555731,15.243238,17.120098,16.784506,16.929876,16.61949,15.695,15.068441,15.121874,14.823682,18.074484,17.737566,17.275059,16.990515,15.06214,14.828989,0.0,0.0,0.0,0.0,0.0,0.0,0.0,0.0
16422,2023.0,4.0,25.0,1.0,17.28026,17.13397,15.491875,15.175358,17.008284,16.668856,16.812988,16.498426,15.365557,14.693798,15.361941,15.337285,17.986467,17.644915,17.156387,16.866661,14.995602,14.772176,0.0,0.0,0.0,0.0,4.0,0.0,0.0,0.0
16423,2023.0,4.0,25.0,1.0,17.176394,17.035906,15.430409,15.115733,16.900873,16.568354,16.70105,16.393562,16.187864,16.41647,15.151724,14.886249,17.899189,17.559774,17.04029,16.754461,15.008666,14.84803,0.0,0.0,0.0,4.0,0.0,0.0,0.0,0.0
16424,2023.0,4.0,25.0,1.0,17.06421,16.913183,15.359294,15.034469,16.783175,16.439854,16.578665,16.259844,16.546883,16.825205,15.003442,14.735648,17.805702,17.457676,16.919758,16.625584,15.008805,14.890842,0.0,0.0,0.0,4.0,0.0,0.0,0.0,0.0
16425,2023.0,4.0,25.0,1.0,16.97704,16.832716,15.304495,14.983398,16.69254,16.358095,16.484613,16.174858,15.661231,15.071784,15.009375,14.80139,17.728546,17.383287,16.819927,16.530083,15.007735,14.913838,0.0,0.0,0.0,0.0,0.0,0.0,0.0,0.0
16426,2023.0,4.0,25.0,1.0,16.881903,16.73059,15.241328,14.9132395,16.593586,16.25273,16.3822,16.06565,15.166452,14.483961,15.009137,14.834987,17.646921,17.295141,16.716688,16.420523,15.009986,14.943031,0.0,0.0,0.0,0.0,0.0,0.0,0.0,0.0
16427,2023.0,4.0,25.0,1.0,16.794018,16.638807,15.180857,14.846857,16.502106,16.156961,16.28787,15.966728,15.000237,14.319431,15.013915,14.8741865,17.571335,17.215302,16.622122,16.322538,15.015861,14.977253,0.0,0.0,0.0,0.0,0.0,0.0,0.0,0.0
16428,2023.0,4.0,25.0,2.0,16.716326,16.563677,15.128499,14.795315,16.423222,16.081898,16.206804,15.889348,15.259336,14.964239,15.008991,14.882811,17.502798,17.146435,16.536314,16.237267,15.008788,14.978996,0.0,0.0,0.0,0.0,0.0,0.0,0.0,0.0
16429,2023.0,4.0,25.0,2.0,16.633183,16.473661,15.06824,14.726355,16.337421,15.98874,16.118969,15.793749,15.293324,14.988055,15.097684,15.06194,17.43147,17.069122,16.449036,16.144749,15.018961,15.017661,0.0,0.0,0.0,0.0,4.0,0.0,0.0,0.0
16430,2023.0,4.0,25.0,2.0,16.556522,16.393862,15.012735,14.665977,16.259085,15.907751,16.039171,15.710946,15.239287,14.93049,15.017142,14.903966,17.364378,16.998493,16.367247,16.060223,15.020962,15.032163,0.0,0.0,0.0,0.0,0.0,0.0,0.0,0.0
16431,2023.0,4.0,25.0,2.0,16.482468,16.316576,15.002363,14.692359,16.183372,15.82917,15.962296,15.630834,15.180959,14.8687,15.021022,14.956271,17.29893,16.929455,16.28814,15.978312,15.0217905,15.046868,0.0,0.0,0.0,0.0,0.0,0.0,0.0,0.0
16432,2023.0,4.0,25.0,2.0,16.410492,16.241169,15.005592,14.730751,16.109821,15.752554,15.887852,15.552944,15.121631,14.805909,15.022325,14.967406,17.234764,16.86166,16.211206,15.898518,15.023371,15.062359,0.0,0.0,0.0,0.0,0.0,0.0,0.0,0.0
16433,2023.0,4.0,25.0,2.0,16.34475,16.176289,15.004704,14.752497,16.04345,15.688275,15.82079,15.487543,15.657853,15.863691,15.011679,14.961063,17.17443,16.800463,16.139095,15.826526,15.011717,15.052827,0.0,0.0,0.0,4.0,0.0,0.0,0.0,0.0
16434,2023.0,4.0,25.0,3.0,16.27824,16.107302,15.005782,14.777665,15.9734,15.614755,15.750153,15.412941,15.309994,15.019735,15.014443,14.979726,17.111925,16.734085,16.065458,15.7498455,15.014416,15.071144,0.0,0.0,0.0,0.0,0.0,0.0,0.0,0.0
16435,2023.0,4.0,25.0,3.0,16.227547,16.066965,15.011266,14.811172,15.90304,15.539235,15.6796465,15.336973,15.070873,14.744607,15.026725,15.017621,17.050652,16.669464,15.992814,15.673918,15.026443,15.108578,0.0,0.0,0.0,0.0,0.0,0.0,0.0,0.0
16436,2023.0,4.0,25.0,3.0,16.171688,16.01227,15.006218,14.8180895,15.843654,15.483472,15.620207,15.280641,14.994883,14.685938,15.012242,14.998868,16.995443,16.615211,15.92722,15.610004,15.401294,15.808376,0.0,0.0,0.0,0.0,0.0,0.0,0.0,4.0
16437,2023.0,4.0,25.0,3.0,16.111547,15.950139,15.007686,14.839102,15.783108,15.423583,15.560047,15.220488,15.518524,15.717709,15.016326,15.018506,16.940197,16.559895,15.861822,15.54476,14.956097,14.945634,0.0,0.0,0.0,4.0,0.0,0.0,0.0,0.0
16438,2023.0,4.0,25.0,3.0,16.050423,15.885098,15.00824,14.857003,15.723304,15.363998,15.500768,15.160854,14.925516,14.530967,15.016401,15.030003,16.885551,16.504787,15.79739,15.480351,15.041282,15.117438,0.0,0.0,0.0,0.0,0.0,0.0,0.0,0.0
16439,2023.0,4.0,25.0,3.0,15.984247,15.810167,15.008523,14.873614,15.6611805,15.298707,15.439265,15.095722,15.081358,14.87171,15.017249,15.0425625,16.829544,16.446257,15.731571,15.412022,15.026573,15.0887575,0.0,0.0,0.0,4.0,0.0,0.0,0.0,0.0
16440,2023.0,4.0,25.0,4.0,15.928017,15.754612,15.009183,14.890202,15.606214,15.246813,15.384832,15.043837,15.010294,14.74659,15.001235,15.01373,16.778502,16.396881,16.72274,17.331232,15.015501,15.098596,0.0,0.0,0.0,0.0,4.0,0.0,4.0,0.0
16441,2023.0,4.0,25.0,4.0,15.880543,15.71611,15.009746,14.90606,15.55059,15.19153,15.329029,14.988305,15.025136,14.794507,15.006022,15.037378,16.726742,16.34556,15.753385,15.127046,15.017328,15.125323,0.0,0.0,0.0,0.0,4.0,0.0,0.0,0.0
16442,2023.0,4.0,25.0,4.0,15.8333025,15.671383,15.019803,14.941296,15.490193,15.125849,15.268708,14.922566,15.009848,14.815017,15.034765,15.122169,16.672472,16.288246,15.198987,14.49017,15.032541,15.176311,0.0,0.0,0.0,0.0,0.0,0.0,0.0,0.0
16443,2023.0,4.0,25.0,4.0,15.780625,15.618065,15.009421,14.932831,15.440256,15.081178,15.219283,14.877868,15.009177,14.847724,15.016053,15.086715,17.42155,17.749975,15.0533905,14.358259,15.016029,15.158068,0.0,0.0,0.0,0.0,0.0,4.0,0.0,0.0
16444,2023.0,4.0,25.0,4.0,15.722747,15.555478,15.011333,14.950708,15.386427,15.027797,15.165941,14.824538,15.010497,14.879695,15.019827,15.103381,16.93539,16.598286,15.277202,14.928423,15.019258,15.180851,0.0,0.0,0.0,0.0,0.0,0.0,0.0,0.0
16445,2023.0,4.0,25.0,4.0,15.668127,15.499227,15.011601,14.964901,15.332136,14.973036,15.112364,14.770149,15.011118,14.905719,15.019845,15.1124325,16.240437,15.432369,15.344875,15.025569,15.311065,15.7220335,0.0,0.0,0.0,0.0,0.0,0.0,0.0,4.0
16446,2023.0,4.0,25.0,5.0,15.62671,15.469305,15.012143,14.979415,15.280104,14.922743,15.061604,14.720456,15.011804,14.928312,15.020287,15.122405,15.977911,15.150561,16.366486,16.98246,15.42007,15.847854,0.0,0.0,0.0,0.0,0.0,0.0,4.0,4.0
16447,2023.0,4.0,25.0,5.0,15.580889,15.424833,15.012522,14.99348,15.964495,16.249414,15.012167,14.6726055,15.315568,15.508235,15.004836,15.089141,16.276413,15.87706,15.4075165,14.788446,14.988536,15.074027,0.0,4.0,0.0,4.0,4.0,0.0,0.0,0.0
16448,2023.0,4.0,25.0,5.0,15.526081,15.364682,15.013119,15.007546,16.280233,16.644392,15.003402,14.699354,14.938046,14.7938175,15.026039,15.151583,16.363735,15.984731,15.002376,14.436354,15.043956,15.192278,0.0,4.0,0.0,0.0,0.0,0.0,0.0,0.0
16449,2023.0,4.0,25.0,5.0,15.473109,15.308804,15.164917,15.286585,15.835061,15.690432,15.004193,14.734598,15.025038,14.986982,15.021261,15.156595,16.32671,15.95094,15.016218,14.530324,15.03416,15.184643,4.0,4.0,0.0,0.0,0.0,0.0,0.0,0.0
16450,2023.0,4.0,25.0,5.0,15.425402,15.2640705,14.982761,14.963443,15.649336,15.456216,15.005529,14.7667675,15.012379,14.984349,15.021524,15.165947,16.285927,15.91119,15.109593,14.795168,15.01931,15.194217,0.0,4.0,0.0,0.0,0.0,0.0,0.0,0.0
16451,2023.0,4.0,25.0,5.0,16.200197,16.762016,15.018412,15.052268,15.614562,15.425202,15.005409,14.793464,15.276446,15.487868,15.022035,15.175241,16.247288,15.876067,15.100927,14.791879,15.021227,15.22619,0.0,4.0,0.0,4.0,0.0,0.0,0.0,0.0
16452,2023.0,4.0,25.0,6.0,16.469292,17.037289,15.133703,15.260782,14.970834,14.347293,15.641522,16.007864,14.980195,14.891567,15.022224,15.183511,16.20717,15.83721,15.054112,14.747443,15.264041,15.680512,4.0,0.0,4.0,0.0,0.0,0.0,0.0,4.0
16453,2023.0,4.0,25.0,6.0,20.260807,23.466274,19.204042,22.21632,19.428333,22.190823,20.491323,24.171242,15.037562,15.005375,15.007106,15.145646,19.954624,22.218948,21.368612,25.425282,19.683031,23.226955,0.0,0.0,4.0,0.0,4.0,0.0,4.0,4.0
16454,2023.0,4.0,25.0,6.0,20.778006,23.900024,16.91066,17.20128,20.527355,23.600231,20.046383,22.864105,15.308174,15.527979,19.141043,22.189394,21.128216,24.055452,20.445131,23.376095,20.101143,23.420677,0.0,4.0,0.0,4.0,0.0,4.0,0.0,4.0
16455,2023.0,4.0,25.0,6.0,21.144741,24.149572,15.289729,14.999033,20.586498,23.267044,20.40458,23.093979,20.36605,24.030252,16.701132,16.950455,21.628204,24.496542,21.18318,24.256226,20.126766,23.078096,0.0,0.0,0.0,4.0,0.0,4.0,4.0,0.0
16456,2023.0,4.0,25.0,6.0,21.094418,23.752283,15.429589,15.477832,21.164116,23.95462,21.05449,23.906883,20.050854,23.010658,15.114183,14.805081,21.625538,24.116236,21.079134,23.71414,16.83332,16.435621,4.0,4.0,0.0,0.0,0.0,4.0,4.0,0.0
16457,2023.0,4.0,25.0,6.0,21.676182,24.404776,20.05301,23.605984,21.590643,24.28415,21.663813,24.60061,17.308302,17.297993,15.02529,14.880793,21.206266,23.0886,22.463911,25.779387,16.047892,16.009867,0.0,4.0,0.0,4.0,0.0,0.0,4.0,4.0
16458,2023.0,4.0,25.0,7.0,20.944887,22.993324,17.600943,18.179775,20.97195,23.036446,20.933222,23.161272,20.441338,23.239239,15.016738,14.950188,21.038229,22.641537,20.880205,22.731441,20.459887,23.603016,4.0,4.0,4.0,0.0,0.0,4.0,4.0,0.0
16459,2023.0,4.0,25.0,7.0,21.108221,23.242826,19.770002,22.497969,21.112926,23.215996,21.119219,23.474665,17.235619,16.813425,15.018271,15.009044,21.073294,22.618876,21.103603,23.098726,16.997187,16.632181,0.0,4.0,0.0,0.0,0.0,4.0,4.0,0.0
16460,2023.0,4.0,25.0,7.0,21.08559,23.139093,17.015491,16.770226,21.0922,23.097916,21.119253,23.35206,16.85706,17.218653,15.050927,15.092827,21.066542,22.532967,22.209906,25.05513,16.77787,17.39377,0.0,4.0,0.0,4.0,4.0,4.0,4.0,4.0
16461,2023.0,4.0,25.0,7.0,21.086267,23.092775,16.160265,16.201067,21.092005,23.036316,21.116404,23.255537,20.358227,23.082617,20.15731,23.557032,21.06474,22.471071,22.009678,24.248491,20.363314,23.489962,4.0,4.0,0.0,0.0,4.0,4.0,4.0,4.0
16462,2023.0,4.0,25.0,7.0,21.754393,24.167759,20.273901,23.476694,22.07594,24.574451,21.775349,24.440323,17.305302,16.90876,20.023222,23.042912,21.592422,23.348997,22.160126,24.516909,20.684422,23.675919,0.0,4.0,0.0,0.0,0.0,0.0,0.0,0.0
16463,2023.0,4.0,25.0,7.0,20.983582,22.742064,17.85822,18.264338,20.923693,22.493105,20.999733,22.904837,15.784524,15.058097,16.902533,16.618338,21.042105,22.265968,20.90546,22.254446,17.41629,17.076324,0.0,0.0,0.0,0.0,0.0,4.0,0.0,0.0
16464,2023.0,4.0,25.0,8.0,21.090815,22.93658,16.118912,15.901367,21.105906,22.848856,21.09827,23.109108,15.792206,15.461191,15.222562,14.4471445,21.065418,22.295067,21.121874,22.724802,15.846144,15.177064,0.0,4.0,0.0,0.0,0.0,4.0,0.0,0.0
16465,2023.0,4.0,25.0,8.0,19.246195,19.403803,16.166307,16.280632,18.714016,18.297668,19.017689,19.11704,15.737405,15.45163,15.194754,14.791737,19.67599,19.61169,18.815817,18.311085,15.745483,15.425974,4.0,0.0,0.0,0.0,0.0,4.0,0.0,0.0
16466,2023.0,4.0,25.0,8.0,17.917694,17.339157,20.141441,23.358473,17.597198,16.737644,18.01297,17.7135,16.400946,16.811773,15.610654,15.6595745,18.563324,17.801268,18.27224,17.892689,15.661776,15.401957,0.0,0.0,0.0,4.0,4.0,0.0,0.0,0.0
16467,2023.0,4.0,25.0,8.0,17.251818,16.63396,17.65713,18.03388,17.055561,16.209906,18.188574,18.474482,20.931498,24.269217,20.279242,23.40749,18.780504,18.656368,17.975464,17.65692,15.490413,15.248709,0.0,0.0,4.0,0.0,0.0,4.0,0.0,0.0
16468,2023.0,4.0,25.0,8.0,16.891714,16.307327,16.088308,15.93527,17.078218,16.662033,17.537704,17.365904,17.769316,17.689663,17.687874,18.07712,18.134623,17.45185,17.657124,17.357328,15.330426,15.10032,0.0,0.0,0.0,0.0,0.0,0.0,0.0,0.0
16469,2023.0,4.0,25.0,8.0,17.03536,16.847706,15.75854,15.506375,17.004921,16.686207,16.70203,16.021563,16.386272,15.715532,16.401289,16.105154,17.753098,16.999949,18.499367,19.153214,15.216483,14.992717,0.0,0.0,0.0,0.0,0.0,0.0,4.0,0.0
16470,2023.0,4.0,25.0,9.0,16.978844,16.875954,15.57205,15.314269,16.835238,16.539406,16.316238,15.597709,16.336292,15.984946,16.08608,15.767719,17.566368,16.83776,17.3753,16.91244,15.1140175,14.899512,0.0,0.0,0.0,0.0,0.0,0.0,0.0,0.0
16471,2023.0,4.0,25.0,9.0,17.618418,18.214254,15.423441,15.171456,16.676334,16.39298,16.43904,16.102985,16.223885,15.93646,15.870426,15.555128,17.761967,17.399069,16.835764,16.225634,15.021883,14.812256,0.0,0.0,0.0,0.0,0.0,0.0,0.0,0.0
16472,2023.0,4.0,25.0,9.0,16.734032,16.471832,15.7741165,15.94431,16.533007,16.265167,17.106207,17.483162,16.070753,15.797321,15.709051,15.403776,17.768744,17.466154,17.672356,18.014446,15.00552,14.8555975,4.0,0.0,4.0,0.0,0.0,0.0,4.0,0.0
16473,2023.0,4.0,25.0,9.0,16.167683,15.748761,19.984295,23.31965,16.3833,16.131369,16.665329,16.58298,15.912856,15.650519,15.549937,15.254244,17.690035,17.400816,17.035711,16.627207,15.00787,14.91727,0.0,0.0,0.0,0.0,0.0,0.0,0.0,0.0
16474,2023.0,4.0,25.0,9.0,15.960817,15.549799,17.641947,18.19434,16.24637,16.007126,15.919756,15.3974085,15.776589,15.523032,15.418714,15.133745,17.61083,17.329546,16.490616,15.9585285,15.0079,14.9592495,0.0,0.0,0.0,0.0,0.0,0.0,0.0,0.0
16475,2023.0,4.0,25.0,9.0,16.138,16.062555,15.97424,15.87923,16.12142,15.891354,15.57234,14.995146,15.658694,15.409599,15.308865,15.03004,17.53882,17.262327,16.259716,15.721959,15.00862,14.992344,0.0,0.0,0.0,0.0,0.0,0.0,0.0,0.0
16476,2023.0,4.0,25.0,10.0,16.15179,16.124704,15.572706,15.377979,16.0097,15.788797,15.738063,15.510023,15.558278,15.313684,15.2153015,14.941883,17.476221,17.204365,16.392317,16.144852,15.009375,15.018255,0.0,0.0,0.0,0.0,0.0,0.0,0.0,0.0
16477,2023.0,4.0,25.0,10.0,16.082489,16.070946,15.86488,16.100506,15.9171295,15.712847,16.47609,16.942999,15.478575,15.244781,15.142299,14.880484,17.425802,17.162485,16.37971,16.149529,15.008602,15.036126,4.0,0.0,4.0,0.0,0.0,0.0,0.0,0.0
16478,2023.0,4.0,25.0,10.0,16.002985,15.996953,20.069206,23.342924,15.830054,15.638113,15.820135,15.52761,15.407079,15.18004,15.077306,14.822294,17.380497,17.123438,16.314697,16.09515,15.008586,15.050992,0.0,0.0,0.0,0.0,0.0,0.0,0.0,0.0
16479,2023.0,4.0,25.0,10.0,15.936197,15.946733,17.75336,18.333231,15.7497635,15.568646,15.307301,14.847762,15.346585,15.1255455,15.027801,14.779764,17.341133,17.089626,16.246328,16.032965,15.008833,15.06384,0.0,0.0,0.0,0.0,0.0,0.0,0.0,0.0
16480,2023.0,4.0,25.0,10.0,15.871806,15.889534,16.523573,16.836182,15.670139,15.493103,15.123115,14.6452055,15.290827,15.071343,15.000895,14.771659,17.304785,17.056133,16.17961,15.967444,15.016695,15.090236,4.0,0.0,0.0,0.0,0.0,0.0,0.0,0.0
16481,2023.0,4.0,25.0,10.0,16.59714,17.312824,19.966625,22.85524,15.608619,15.447757,15.276959,15.073723,15.2494335,15.038416,15.382474,15.517747,18.097359,18.589506,16.127165,15.923706,15.007686,15.078471,0.0,0.0,0.0,0.0,4.0,4.0,0.0,0.0
16482,2023.0,4.0,25.0,11.0,16.890642,17.658218,17.423826,17.523058,15.546701,15.395252,15.3248825,15.184347,15.2128,15.006143,20.284727,23.734974,17.706823,17.62471,16.076626,15.877301,16.266088,16.114271,0.0,0.0,0.0,0.0,0.0,0.0,0.0,0.0
16483,2023.0,4.0,25.0,11.0,16.022535,15.957163,16.094112,15.955682,15.4869,15.341938,15.279948,15.1498785,15.180059,14.975035,17.656317,18.214182,17.132687,16.650639,16.029106,15.83124,15.00773,15.036044,0.0,0.0,0.0,0.0,0.0,0.0,0.0,0.0
16484,2023.0,4.0,25.0,11.0,15.531418,15.305636,15.831064,15.678908,15.427706,15.28712,15.2251215,15.099099,15.148681,14.943713,15.948537,15.753358,16.91984,16.386532,15.983583,15.785417,15.021397,15.085538,0.0,0.0,0.0,0.0,0.0,0.0,0.0,0.0
16485,2023.0,4.0,25.0,11.0,15.387807,15.163201,15.633666,15.486086,16.134968,16.668636,15.173129,15.052994,15.120994,14.917114,15.654502,15.421244,17.104008,16.827997,15.943299,15.746541,15.007459,15.070342,0.0,4.0,0.0,0.0,0.0,0.0,0.0,0.0
16486,2023.0,4.0,25.0,11.0,15.296654,15.08235,15.466412,15.321702,16.427107,17.018898,15.121993,15.006991,15.897721,16.404348,15.527807,15.289093,17.178534,16.93839,15.906101,15.710191,15.009317,15.081615,0.0,4.0,0.0,4.0,0.0,0.0,0.0,0.0
16487,2023.0,4.0,25.0,11.0,15.442901,15.459878,15.3263445,15.187522,15.61857,15.428768,15.817265,16.35745,20.199776,23.783134,15.431761,15.192651,17.173937,16.939014,15.872862,15.678377,15.009026,15.086414,0.0,0.0,4.0,0.0,0.0,0.0,0.0,0.0
16488,2023.0,4.0,25.0,12.0,15.484628,15.538723,15.203696,15.069166,15.84129,16.088919,15.475604,15.516161,17.746115,18.321161,15.352392,15.1129465,17.15946,16.926126,15.840616,15.647157,15.008942,15.089723,0.0,4.0,0.0,4.0,0.0,0.0,0.0,0.0
16489,2023.0,4.0,25.0,12.0,21.161112,25.510653,15.095594,14.964589,20.927485,24.767467,20.068224,23.629818,20.249893,23.32835,15.284694,15.044302,21.406246,24.223318,21.409271,25.238497,15.009182,15.092672,0.0,4.0,0.0,0.0,0.0,0.0,0.0,0.0
16490,2023.0,4.0,25.0,12.0,21.022913,24.614822,15.001173,14.880848,21.047848,24.42657,20.857857,24.459513,17.516565,17.555449,15.226734,14.985548,21.766867,24.565372,21.010786,24.094664,15.00933,15.092808,0.0,0.0,0.0,0.0,0.0,0.0,0.0,0.0
16491,2023.0,4.0,25.0,12.0,21.098713,24.289776,15.006829,14.958625,21.098984,24.099842,21.138208,24.517813,16.0613,15.621002,15.178124,14.9371805,21.827776,24.283596,22.730217,26.713602,15.008536,15.087621,0.0,4.0,0.0,0.0,0.0,0.0,0.0,0.0
16492,2023.0,4.0,25.0,12.0,21.111118,24.032215,15.006582,15.009962,21.112585,23.869282,21.070093,24.05641,15.948583,15.706618,15.138768,14.899477,21.726912,23.782118,20.886318,23.013083,15.00807,15.08118,0.0,0.0,4.0,0.0,0.0,0.0,0.0,0.0
16493,2023.0,4.0,25.0,12.0,21.080057,23.740904,15.007368,15.05331,21.082882,23.593838,21.099796,23.925665,15.893684,15.674146,15.104878,14.867805,20.952976,22.29021,21.825516,24.646376,15.0078945,15.075563,0.0,4.0,0.0,0.0,0.0,0.0,0.0,0.0
16494,2023.0,4.0,25.0,13.0,21.106905,23.664732,15.007952,15.08901,21.085047,23.457973,21.111725,23.75691,15.788858,15.572452,15.074486,14.840162,21.065063,22.480005,22.186155,25.174818,15.0076885,15.071362,0.0,4.0,0.0,0.0,0.0,0.0,0.0,0.0
16495,2023.0,4.0,25.0,13.0,21.09936,23.535479,15.008431,15.119063,21.105791,23.413273,21.107271,23.607666,15.697798,15.48363,15.045292,14.8131075,21.05153,22.41851,22.082859,24.66026,15.007683,15.069222,0.0,0.0,0.0,0.0,0.0,0.0,0.0,0.0
16496,2023.0,4.0,25.0,13.0,21.098082,23.444626,15.008927,15.144931,21.099062,23.313343,21.08596,23.498205,15.619622,15.40825,15.017006,14.7872095,21.052114,22.38783,20.912771,22.41213,15.008011,15.069314,0.0,0.0,0.0,0.0,0.0,0.0,0.0,0.0
16497,2023.0,4.0,25.0,13.0,21.075346,23.366816,15.009549,15.167781,21.094896,23.2361,21.084406,23.439182,15.549591,15.339396,15.000418,14.783133,21.050047,22.356571,21.099903,22.817987,15.007285,15.069062,0.0,0.0,0.0,0.0,0.0,0.0,0.0,0.0
16498,2023.0,4.0,25.0,13.0,21.12115,23.393553,15.018739,15.206093,21.16131,23.339085,21.176569,23.565355,15.489823,15.282999,15.002326,14.809982,21.104252,22.435648,21.13396,22.885418,15.016255,15.089006,0.0,0.0,0.0,0.0,0.0,0.0,0.0,0.0
16499,2023.0,4.0,25.0,13.0,21.190012,23.483406,15.019077,15.220543,21.117693,23.181261,21.171106,23.483803,15.437955,15.235086,15.003427,14.827907,21.05041,22.267893,21.133324,22.870829,15.016559,15.089169,0.0,4.0,0.0,0.0,0.0,4.0,0.0,0.0
16500,2023.0,4.0,25.0,14.0,21.074001,23.211666,15.249734,15.651874,21.091957,23.124683,21.066952,23.268246,15.39151,15.192796,15.00281,14.839748,21.06742,22.298714,21.014383,22.616652,15.006455,15.074169,4.0,0.0,0.0,0.0,0.0,0.0,4.0,0.0
16501,2023.0,4.0,25.0,14.0,19.141567,19.50089,19.552214,22.947405,19.32351,19.667538,18.9753,19.229689,15.352791,15.161674,15.00332,14.853145,19.467226,19.186827,19.028378,18.826708,15.008254,15.081866,0.0,4.0,0.0,0.0,0.0,0.0,0.0,0.0
16502,2023.0,4.0,25.0,14.0,18.03906,18.130537,17.31581,17.984776,17.804613,17.454094,17.740427,17.676714,15.316586,15.130489,15.00243,14.859673,18.621283,18.088846,17.967207,17.512075,15.008369,15.087973,0.0,0.0,0.0,0.0,0.0,0.0,0.0,0.0
16503,2023.0,4.0,25.0,14.0,18.363157,19.079271,15.604402,15.625504,17.157688,16.70051,17.281546,17.171537,16.084597,16.613842,15.003052,14.868784,18.581413,18.296623,17.556856,17.08607,15.008517,15.095637,0.0,0.0,0.0,4.0,0.0,0.0,0.0,0.0
16504,2023.0,4.0,25.0,14.0,17.5059,17.451881,15.254431,15.197368,17.503084,17.64101,16.978249,16.871643,20.24975,23.766928,15.003219,14.878114,18.511099,18.266953,17.499266,17.251034,15.008733,15.103705,0.0,4.0,0.0,0.0,0.0,0.0,0.0,0.0
16505,2023.0,4.0,25.0,14.0,16.879017,16.673561,15.070419,14.996997,16.944227,16.625494,16.729412,16.625809,17.37723,17.56752,15.332506,15.501855,18.385805,18.152481,17.3901,17.178146,15.0090885,15.111942,0.0,0.0,0.0,0.0,4.0,0.0,0.0,0.0
16506,2023.0,4.0,25.0,15.0,16.603916,16.392233,15.73408,16.062298,17.171947,17.357595,16.52086,16.421045,15.868726,15.54306,20.04109,23.59077,18.268906,18.041658,17.236563,17.035122,16.26407,16.14628,0.0,4.0,0.0,0.0,0.0,0.0,0.0,0.0
16507,2023.0,4.0,25.0,15.0,17.409826,18.110697,15.288217,15.341546,16.64603,16.35813,17.06227,17.591362,15.719177,15.520309,17.62456,18.274343,18.165312,17.942982,17.094854,16.899776,15.003848,15.037504,0.0,0.0,4.0,0.0,0.0,0.0,0.0,0.0
16508,2023.0,4.0,25.0,15.0,17.450762,17.989286,14.999176,14.977456,16.22926,15.848909,16.633152,16.689297,16.457262,16.984953,15.910426,15.805403,18.072716,17.854048,16.967606,16.777046,15.774323,16.54561,0.0,0.0,0.0,4.0,0.0,0.0,0.0,4.0
16509,2023.0,4.0,25.0,15.0,17.330744,17.852467,15.009326,15.066027,16.047697,15.673056,16.01601,15.739413,20.244663,23.494263,15.578354,15.394161,18.799494,19.30909,16.85588,16.671179,19.923569,23.528149,0.0,0.0,0.0,0.0,0.0,4.0,0.0,0.0
16510,2023.0,4.0,25.0,15.0,17.29168,17.824007,15.008024,15.112936,16.842438,17.321114,15.734437,15.409205,17.522821,17.68226,15.439258,15.247739,18.057648,17.69871,17.844818,18.632973,17.57287,18.334698,0.0,4.0,0.0,0.0,0.0,0.0,4.0,4.0
16511,2023.0,4.0,25.0,15.0,17.257452,17.793245,15.008743,15.151782,16.958418,17.32835,15.781498,15.650874,16.076143,15.754146,15.336599,15.145885,18.41113,18.641663,17.085121,16.897863,20.312576,23.784859,0.0,4.0,0.0,0.0,0.0,4.0,0.0,0.0
16512,2023.0,4.0,25.0,16.0,17.221102,17.758688,15.276833,15.671501,16.21698,15.996545,16.503948,17.056648,15.909582,15.716459,15.252296,15.066688,18.667912,18.97545,16.540695,16.195284,17.29847,17.476969,4.0,0.0,4.0,0.0,0.0,4.0,0.0,0.0
16513,2023.0,4.0,25.0,16.0,16.525492,16.487421,20.046686,23.82901,15.892392,15.551881,16.504564,16.915524,15.842594,15.672129,15.188256,15.00279,17.907724,17.527035,16.379766,16.017647,16.15924,15.827946,4.0,0.0,4.0,0.0,0.0,0.0,0.0,0.0
16514,2023.0,4.0,25.0,16.0,16.121822,15.976387,20.020182,23.20244,15.73663,15.395216,15.799415,15.634201,16.535027,17.080048,15.124613,14.942394,18.352245,18.612432,16.259974,15.901087,15.733857,15.38766,4.0,0.0,0.0,4.0,0.0,4.0,0.0,0.0
16515,2023.0,4.0,25.0,16.0,16.705492,17.204657,20.118849,23.018064,15.810438,15.666552,16.13015,16.454727,20.199165,23.37577,15.070288,14.893238,18.591288,18.91116,16.324467,16.137474,15.609205,15.424283,0.0,0.0,4.0,0.0,0.0,4.0,0.0,0.0
16516,2023.0,4.0,25.0,16.0,16.283007,16.279293,17.803486,18.273954,15.817309,15.717265,16.323393,16.705471,17.537167,17.698065,15.422388,15.599417,17.833248,17.463528,16.32278,16.164007,16.447273,17.151054,4.0,0.0,4.0,0.0,4.0,0.0,0.0,4.0
16517,2023.0,4.0,25.0,16.0,15.975593,15.834164,20.253998,22.947863,16.49793,17.044949,16.334085,16.716017,16.429817,16.050322,20.085608,23.743486,17.538687,17.084358,16.271675,16.119576,20.596071,24.239534,4.0,4.0,4.0,0.0,0.0,0.0,0.0,0.0
16518,2023.0,4.0,25.0,17.0,15.830646,15.687319,20.045897,22.346994,16.803032,17.431263,15.719036,15.568614,16.254564,16.054342,17.604881,18.228643,18.203966,18.457596,16.212051,16.064724,17.557308,17.787256,4.0,4.0,0.0,0.0,0.0,4.0,0.0,0.0
16519,2023.0,4.0,25.0,17.0,16.729181,17.494402,20.087776,22.29034,16.008484,15.875064,16.042042,16.374207,16.121376,15.949566,15.920762,15.831747,17.670925,17.294392,16.153187,16.008766,15.855527,15.540527,4.0,0.0,4.0,0.0,0.0,0.0,0.0,0.0
16520,2023.0,4.0,25.0,17.0,16.828234,17.402578,20.079973,22.170624,16.250568,16.568565,16.228283,16.606815,16.761087,17.300144,15.593053,15.437267,18.150272,18.430593,16.095604,15.953634,15.617451,15.444608,4.0,4.0,4.0,4.0,0.0,4.0,0.0,0.0
16521,2023.0,4.0,25.0,17.0,16.101238,16.075808,20.079412,22.089573,16.419626,16.78006,16.238916,16.614187,20.29076,23.385351,15.454317,15.296264,18.397957,18.738903,16.041622,15.90307,15.484313,15.3369055,4.0,4.0,4.0,4.0,0.0,4.0,0.0,0.0
16522,2023.0,4.0,25.0,17.0,16.489328,17.01393,20.07802,22.023283,16.432909,16.791275,15.615214,15.451659,20.027365,22.464182,15.764711,15.977472,18.427475,18.76741,17.111088,17.971722,15.331243,15.190678,4.0,4.0,0.0,4.0,4.0,4.0,4.0,0.0
16523,2023.0,4.0,25.0,17.0,16.021198,15.999039,20.094156,22.016449,16.435163,16.789846,15.935139,16.253918,21.281473,24.26361,20.286335,23.675205,18.434345,18.769642,17.337406,18.0247,15.194113,15.058432,0.0,4.0,4.0,0.0,4.0,4.0,4.0,0.0
16524,2023.0,4.0,25.0,18.0,16.409992,16.923903,18.02231,17.997269,15.798489,15.603265,16.128265,16.497768,19.042368,19.540787,20.045584,22.83892,17.701452,17.389017,16.373337,16.17968,15.073715,14.942606,0.0,0.0,4.0,4.0,0.0,0.0,0.0,0.0
16525,2023.0,4.0,25.0,18.0,21.28064,25.227654,16.744183,16.338516,20.728645,24.38655,20.443386,23.934273,20.266512,22.481302,17.470657,17.529322,21.450697,24.03822,21.57448,25.369081,15.000322,14.90559,0.0,0.0,0.0,0.0,0.0,0.0,4.0,0.0
16526,2023.0,4.0,25.0,18.0,21.01906,24.200024,17.009874,17.221304,21.070679,24.399317,21.115318,24.57723,18.550308,18.944157,16.054426,15.662071,22.072092,24.83256,22.66211,26.82402,15.008739,14.984068,4.0,0.0,4.0,4.0,0.0,4.0,4.0,0.0
16527,2023.0,4.0,25.0,18.0,21.146006,24.11808,20.261171,23.037504,21.133318,24.087084,21.13379,24.225145,20.273476,22.521648,15.900678,15.7022505,21.54427,23.59618,22.009361,25.229116,15.007844,15.027349,4.0,4.0,0.0,0.0,0.0,4.0,4.0,0.0
16528,2023.0,4.0,25.0,18.0,22.425722,25.994751,20.057383,22.330757,21.10843,23.777506,21.08683,23.835274,17.98572,17.888708,15.80306,15.636697,21.730448,23.706917,20.935555,22.94536,15.008174,15.062721,0.0,0.0,4.0,0.0,0.0,4.0,4.0,0.0
16529,2023.0,4.0,25.0,18.0,20.904274,23.060255,17.818148,17.846548,21.078764,23.503149,21.088694,23.646614,16.76627,16.350302,15.655428,15.499641,20.965794,22.206953,21.112206,23.224731,15.008491,15.091526,0.0,4.0,4.0,0.0,0.0,0.0,0.0,0.0
16530,2023.0,4.0,25.0,19.0,21.097315,23.35235,16.90046,16.855146,21.10462,23.43346,21.085423,23.500645,16.621851,16.432623,15.520049,15.369592,21.080854,22.41686,21.085505,23.08374,15.869437,16.743048,4.0,0.0,4.0,0.0,0.0,0.0,0.0,4.0
16531,2023.0,4.0,25.0,19.0,22.116014,24.946692,20.197962,22.854435,21.096687,23.306831,21.106628,23.454048,17.288984,17.836857,15.390588,15.239527,21.742798,23.49416,21.085327,23.009958,20.11854,23.835817,0.0,0.0,0.0,4.0,0.0,0.0,0.0,0.0
16532,2023.0,4.0,25.0,19.0,20.909506,22.729467,17.817678,17.887554,21.09761,23.220242,21.07814,23.28774,20.328646,23.005486,15.674973,15.880117,20.95348,22.005814,21.087234,22.95511,16.942822,17.051634,0.0,0.0,4.0,4.0,4.0,0.0,0.0,0.0
16533,2023.0,4.0,25.0,19.0,21.183914,23.274162,17.067316,17.32417,21.156126,23.306686,21.160505,23.400394,21.058537,23.752329,20.386997,23.722668,21.195368,22.522768,21.18193,23.130507,16.301022,16.840809,4.0,0.0,0.0,0.0,0.0,4.0,0.0,4.0
16534,2023.0,4.0,25.0,19.0,21.162056,23.231653,20.298397,23.057016,21.168879,23.281006,21.15712,23.328186,18.49577,18.453234,17.698261,18.17539,21.130102,22.40961,21.236404,23.19622,20.346218,23.841187,0.0,4.0,0.0,0.0,0.0,0.0,4.0,0.0
16535,2023.0,4.0,25.0,19.0,21.073133,23.021893,18.150581,18.561134,21.081705,23.097906,21.099257,23.154202,16.820986,16.330084,16.094866,15.992325,21.069273,22.278786,21.096132,22.895939,17.150286,17.149105,0.0,0.0,0.0,0.0,0.0,0.0,0.0,0.0
16536,2023.0,4.0,25.0,20.0,21.069128,22.989923,16.734741,16.60749,21.072691,22.990568,21.076763,23.105175,16.652258,16.432775,15.715104,15.544889,21.069996,22.269562,21.085638,22.83812,15.5728035,15.171001,0.0,4.0,0.0,0.0,0.0,0.0,0.0,0.0
16537,2023.0,4.0,25.0,20.0,21.070414,22.968258,16.350904,16.163511,21.10013,23.013544,21.079775,23.10023,17.304138,17.825132,15.496133,15.320246,21.022362,22.18265,21.087168,22.80778,15.432141,15.266473,0.0,0.0,0.0,4.0,0.0,4.0,0.0,0.0
16538,2023.0,4.0,25.0,20.0,21.069822,22.944174,16.573038,16.771557,21.070421,22.888256,21.079323,23.085987,20.289259,22.915733,15.320817,15.145146,21.078754,22.297964,21.069118,22.778955,15.308524,15.161903,4.0,4.0,0.0,0.0,0.0,0.0,0.0,0.0
16539,2023.0,4.0,25.0,20.0,21.947155,24.311985,20.236767,23.290071,21.214983,23.160166,21.231789,23.376976,17.643444,17.437687,15.160421,14.979054,22.018415,23.847042,21.41974,23.460133,15.140916,14.996213,0.0,0.0,0.0,0.0,0.0,0.0,4.0,0.0
16540,2023.0,4.0,25.0,20.0,20.908785,22.423803,17.933743,18.359571,21.093925,22.877857,21.07849,23.049576,16.26901,15.725111,15.427995,15.602643,20.943687,21.840622,21.09785,22.792076,14.997325,14.870242,0.0,0.0,0.0,0.0,4.0,4.0,0.0,0.0
16541,2023.0,4.0,25.0,20.0,21.825193,23.870325,16.453388,16.318146,21.526009,23.478163,21.507572,23.699568,16.206015,15.963219,20.312674,23.696331,21.65369,22.990889,21.495945,23.272701,15.744142,16.040804,0.0,4.0,0.0,0.0,0.0,0.0,4.0,0.0
16542,2023.0,4.0,25.0,21.0,20.901897,22.308147,16.069775,15.841847,20.94094,22.382174,20.945292,22.639952,16.12716,15.921241,17.57693,18.039358,20.940807,21.763723,21.062782,22.60067,16.124521,16.821783,0.0,4.0,0.0,0.0,0.0,0.0,0.0,4.0
16543,2023.0,4.0,25.0,21.0,21.09106,22.71442,16.322895,16.480482,21.091696,22.699066,21.070667,22.890348,15.96317,15.763123,16.225376,16.363882,21.088282,22.102386,21.090689,22.652586,20.104303,23.58122,4.0,4.0,4.0,0.0,4.0,0.0,0.0,0.0
16544,2023.0,4.0,25.0,21.0,21.274649,23.130405,20.339357,23.59864,21.26944,23.07862,21.313398,23.404875,15.802949,15.591475,20.416473,23.514202,21.173845,22.320147,21.322893,23.10855,16.849195,16.708832,4.0,0.0,0.0,0.0,0.0,4.0,0.0,0.0
16545,2023.0,4.0,25.0,21.0,22.24237,24.684824,20.060343,22.570507,22.215584,24.57767,22.405516,25.149029,15.66174,15.447527,17.998804,18.558321,21.601141,23.02735,22.030027,24.21679,15.2458515,14.770303,0.0,0.0,0.0,0.0,4.0,4.0,4.0,0.0
16546,2023.0,4.0,25.0,21.0,20.91316,22.263704,17.405785,17.170334,20.920967,22.207914,20.92243,22.377954,15.540637,15.324551,20.283651,23.017275,20.973219,21.842667,20.903511,22.085583,15.172763,14.976041,0.0,0.0,0.0,0.0,4.0,0.0,0.0,0.0
16547,2023.0,4.0,25.0,21.0,21.091442,22.712818,15.888382,15.153149,21.09329,22.63724,21.097338,22.793953,16.188215,16.636759,20.06187,22.330858,21.08293,22.08624,21.111322,22.544844,16.054552,16.73605,0.0,0.0,0.0,4.0,0.0,0.0,0.0,4.0
16548,2023.0,4.0,25.0,22.0,21.06516,22.713509,15.869825,15.48408,21.067146,22.632126,21.071653,22.77588,20.42343,23.67767,17.428898,17.074677,21.04106,21.995329,21.044344,22.406437,20.353373,23.944433,0.0,0.0,0.0,4.0,0.0,4.0,4.0,4.0
16549,2023.0,4.0,25.0,22.0,21.067886,22.747366,15.84432,15.541781,21.070377,22.664665,21.074633,22.79737,20.025415,22.538792,16.35059,16.035145,21.077948,22.099924,21.095,22.553173,20.027514,22.858889,0.0,0.0,0.0,4.0,0.0,0.0,0.0,4.0
16550,2023.0,4.0,25.0,22.0,21.067348,22.760721,16.19204,16.327513,21.069893,22.677425,21.073936,22.801897,20.11296,22.407427,16.098392,15.808952,21.072073,22.086767,21.085642,22.536255,20.12126,22.751043,4.0,0.0,0.0,0.0,0.0,0.0,0.0,0.0
16551,2023.0,4.0,25.0,22.0,21.93955,24.115793,20.151413,23.294855,21.9547,24.04659,21.871536,24.153006,17.456656,17.062748,15.83386,15.553514,21.881079,23.366905,21.886091,23.806253,17.179543,16.855286,0.0,0.0,0.0,0.0,0.0,0.0,4.0,0.0
16552,2023.0,4.0,25.0,22.0,20.902779,22.27145,17.794558,18.1844,20.908134,22.188046,20.935324,22.388985,16.121906,15.450014,15.600568,15.327611,21.044313,22.015905,20.893719,21.967857,15.761967,15.164427,0.0,0.0,0.0,0.0,0.0,0.0,0.0,0.0
16553,2023.0,4.0,25.0,22.0,21.10091,22.724916,16.20118,15.9587345,21.102974,22.633753,21.097479,22.755682,16.10549,15.812051,15.391005,15.109042,21.023775,21.992155,21.11628,22.46301,15.675607,15.425951,0.0,0.0,0.0,0.0,0.0,4.0,0.0,0.0
16554,2023.0,4.0,25.0,23.0,21.063465,22.684944,15.844153,15.535029,21.06534,22.589798,21.070976,22.726486,16.667124,16.986002,15.504366,15.478432,21.081549,22.113068,21.082533,22.422312,15.534992,15.305059,0.0,0.0,0.0,4.0,4.0,0.0,0.0,0.0
16555,2023.0,4.0,25.0,23.0,19.429987,19.572302,15.6501875,15.33693,19.405947,19.426746,19.294384,19.334425,16.214392,16.028925,15.244674,15.009036,19.262415,18.605806,19.417627,19.27853,15.342373,15.12235,0.0,0.0,0.0,0.0,0.0,0.0,0.0,0.0
16556,2023.0,4.0,25.0,23.0,18.625809,18.44362,15.517042,15.19427,18.52196,18.146568,18.374504,18.023403,16.10677,15.981981,15.030869,14.748394,18.54713,17.68373,18.713385,18.39037,15.192449,14.966379,0.0,0.0,0.0,4.0,0.0,0.0,0.0,0.0
16557,2023.0,4.0,25.0,23.0,18.30011,18.128796,15.408486,15.093414,18.174387,17.801092,18.010511,17.665916,15.511855,14.94014,15.00994,14.815754,19.485607,19.788944,18.384716,18.084536,15.061915,14.841883,0.0,0.0,0.0,0.0,0.0,4.0,0.0,0.0
16558,2023.0,4.0,25.0,23.0,17.996752,17.834124,15.291485,14.980856,17.857544,17.491941,17.675295,17.339848,15.102178,14.472283,15.013013,14.8964205,18.558058,17.835073,18.061077,17.77423,15.005682,14.861148,0.0,0.0,0.0,0.0,0.0,0.0,0.0,0.0
16559,2023.0,4.0,25.0,23.0,17.728882,17.560066,15.179548,14.8664665,17.578388,17.205507,17.380285,17.037504,15.251891,14.984358,15.014497,14.952977,17.911959,17.102245,17.772245,17.484766,15.014781,14.95448,0.0,0.0,0.0,0.0,0.0,0.0,0.0,0.0
16560,2023.0,4.0,26.0,0.0,17.501982,17.328938,15.077855,14.761179,17.340382,16.961334,17.129787,16.780363,15.240546,14.97881,15.021445,15.013291,17.654203,16.848236,17.52701,17.241627,15.016822,15.02309,0.0,0.0,0.0,0.0,0.0,0.0,0.0,0.0
16561,2023.0,4.0,26.0,0.0,17.332626,17.183655,15.001145,14.702252,17.16534,16.813084,16.946245,16.624119,15.155401,14.901718,15.012383,15.020676,17.881264,17.516508,18.330696,18.94095,15.011864,15.048798,0.0,0.0,0.0,0.0,0.0,0.0,4.0,0.0
16562,2023.0,4.0,26.0,0.0,17.171724,17.030663,15.006239,14.772483,16.998756,16.654997,16.771095,16.457304,15.06724,14.81628,15.015241,15.051427,17.894655,17.568724,17.265152,16.68174,15.014018,15.08676,0.0,0.0,0.0,0.0,0.0,0.0,0.0,0.0
16563,2023.0,4.0,26.0,0.0,17.02395,16.885073,15.006095,14.819135,16.845652,16.504461,16.610853,16.299183,15.578438,15.851978,14.999078,15.032202,17.789392,17.46632,16.625408,15.9705515,15.014305,15.114369,0.0,0.0,0.0,4.0,4.0,0.0,0.0,0.0
16564,2023.0,4.0,26.0,0.0,16.888552,16.74772,15.0068445,14.858472,16.712732,16.378733,16.47254,16.167355,15.216219,14.999318,15.003934,15.062342,17.688387,17.367878,16.394064,15.74842,15.014818,15.13736,0.0,0.0,0.0,0.0,4.0,0.0,0.0,0.0
16565,2023.0,4.0,26.0,0.0,16.771053,16.636223,15.007438,14.890991,16.592396,16.265533,16.34837,16.049522,15.56984,15.854368,15.019877,15.119385,17.595707,17.277718,16.574785,16.301804,15.015309,15.156475,0.0,0.0,0.0,4.0,0.0,0.0,0.0,0.0
16566,2023.0,4.0,26.0,1.0,16.6665,16.53749,15.0078335,14.91842,16.483822,16.16471,16.236908,15.945135,14.930794,14.618286,15.015675,15.122007,17.511467,17.196539,16.561522,16.296843,15.015878,15.173141,0.0,0.0,0.0,0.0,0.0,0.0,0.0,0.0
16567,2023.0,4.0,26.0,1.0,16.580742,16.468102,15.008452,14.942642,16.382318,16.068506,16.133043,15.845833,15.037981,14.871613,15.016637,15.13238,18.20902,18.587769,16.466583,16.205376,15.359196,15.819201,0.0,0.0,0.0,0.0,0.0,4.0,0.0,4.0
16568,2023.0,4.0,26.0,1.0,16.491564,16.380444,15.008867,14.963861,16.288574,15.979606,16.037252,15.754212,15.130155,15.050856,15.017196,15.142634,17.322033,16.662014,16.371386,16.112164,14.975531,15.074738,0.0,0.0,0.0,4.0,0.0,0.0,0.0,0.0
16569,2023.0,4.0,26.0,1.0,16.401508,16.28803,15.009395,14.983159,16.198992,15.892523,15.946017,15.664766,15.000835,14.840526,15.017495,15.151422,17.67203,17.679647,16.27918,16.019835,15.0397415,15.208497,0.0,0.0,0.0,0.0,0.0,4.0,0.0,0.0
16570,2023.0,4.0,26.0,1.0,16.316996,16.202274,15.00982,15.000623,16.116043,15.812749,15.861476,15.582801,15.025665,14.910999,15.017718,15.159961,17.104918,16.439178,16.193155,15.934554,15.026844,15.184077,0.0,0.0,0.0,0.0,0.0,0.0,0.0,0.0
16571,2023.0,4.0,26.0,1.0,16.233395,16.114288,15.01939,15.036025,16.030813,15.724046,15.775348,15.49256,15.012491,14.932404,15.008975,15.134442,16.723444,15.989748,16.107664,15.845662,15.029684,15.217707,0.0,0.0,0.0,0.0,4.0,0.0,0.0,0.0
16572,2023.0,4.0,26.0,2.0,16.163322,16.049072,15.020728,15.049815,15.956036,15.652579,15.700298,15.420039,15.016231,14.973936,15.034905,15.21401,16.58766,15.861502,16.030472,15.769383,15.0311575,15.237128,0.0,0.0,0.0,0.0,0.0,0.0,0.0,0.0
16573,2023.0,4.0,26.0,2.0,16.105595,16.004345,15.009597,15.04166,15.890443,15.595962,15.634782,15.362581,15.00985,14.984081,15.015486,15.180607,16.90298,16.60605,15.960444,15.703821,15.015028,15.222827,0.0,0.0,0.0,0.0,0.0,0.0,0.0,0.0
16574,2023.0,4.0,26.0,2.0,16.042772,15.944065,15.011361,15.05862,15.82663,15.538722,15.571091,15.304674,15.346701,15.632279,15.019319,15.195828,17.73338,18.127293,15.893658,15.640879,15.0186,15.244486,0.0,0.0,0.0,4.0,0.0,4.0,0.0,0.0
16575,2023.0,4.0,26.0,2.0,15.980334,15.883023,15.01148,15.071436,15.764976,15.481917,15.509201,15.247142,14.975694,14.923032,15.003258,15.159496,16.881554,16.242395,15.828879,15.578943,15.018833,15.260177,0.0,0.0,0.0,0.0,4.0,0.0,0.0,0.0
16576,2023.0,4.0,26.0,2.0,15.922312,15.828474,15.0237,15.108181,15.699575,15.414964,15.443777,15.17968,15.021303,15.063317,15.038064,15.257808,16.433798,15.723466,15.762283,15.510699,15.03698,15.309474,0.0,0.0,0.0,0.0,0.0,0.0,0.0,0.0
16577,2023.0,4.0,26.0,2.0,15.878843,15.798926,15.213953,15.456285,15.643689,15.365165,15.388295,15.129624,15.007721,15.036535,14.99873,15.165689,16.324898,15.62609,15.702759,15.454278,15.01564,15.276453,4.0,0.0,0.0,0.0,4.0,0.0,0.0,0.0
16578,2023.0,4.0,26.0,3.0,15.826534,15.74797,14.978449,15.026007,15.588793,15.315422,15.334109,15.0797825,15.0147915,15.067423,15.025415,15.241788,16.641918,16.3599,15.645345,15.399845,15.02037,15.297067,0.0,0.0,0.0,0.0,0.0,0.0,0.0,0.0
16579,2023.0,4.0,26.0,3.0,15.766518,15.682922,15.017206,15.118911,15.531295,15.258542,15.27744,15.023099,15.313769,15.636049,15.019353,15.237012,16.68731,16.3884,15.586649,15.341003,15.019854,15.306546,0.0,0.0,0.0,4.0,0.0,0.0,0.0,0.0
16580,2023.0,4.0,26.0,3.0,15.712682,15.629589,15.0121355,15.121121,15.477031,15.206966,15.223988,14.971731,14.977181,14.958564,15.020679,15.245175,16.651754,16.35403,15.53044,15.286182,15.020179,15.316873,0.0,0.0,0.0,0.0,0.0,0.0,0.0,0.0
16581,2023.0,4.0,26.0,3.0,15.6602545,15.578308,15.013616,15.134708,16.181408,16.57745,15.936983,16.35745,15.034703,15.080399,15.004805,15.205928,16.614637,16.318304,15.475802,15.233393,15.020577,15.32687,0.0,4.0,4.0,0.0,4.0,0.0,0.0,0.0
16582,2023.0,4.0,26.0,3.0,15.606744,15.522936,15.013828,15.144569,15.798247,15.664284,15.53206,15.3927145,15.010952,15.067268,15.024568,15.266973,16.575434,16.279387,15.421122,15.178935,15.020707,15.335472,0.0,0.0,0.0,0.0,0.0,0.0,0.0,0.0
16583,2023.0,4.0,26.0,3.0,15.556961,15.473891,15.014183,15.154187,15.003059,14.397057,14.97525,14.540214,15.015254,15.099697,15.021143,15.267724,16.534883,16.238897,15.366578,15.124187,15.021021,15.344654,0.0,0.0,0.0,0.0,0.0,0.0,0.0,0.0
16584,2023.0,4.0,26.0,4.0,15.513896,15.437255,15.027895,15.190315,15.016599,14.517959,15.027711,14.706034,15.027386,15.144789,15.015453,15.244284,16.49194,16.19481,15.310549,15.066895,15.042575,15.395956,0.0,0.0,0.0,0.0,4.0,0.0,0.0,0.0
16585,2023.0,4.0,26.0,4.0,15.4787245,15.412648,15.012098,15.165671,15.178618,14.897227,15.041477,14.785926,15.0126705,15.129348,15.008199,15.243455,16.451675,16.156115,15.259146,15.017262,15.017925,15.3536215,0.0,0.0,0.0,0.0,4.0,0.0,0.0,0.0
16586,2023.0,4.0,26.0,4.0,15.433254,15.365497,15.0293455,15.209321,15.185266,14.919276,14.999042,14.747128,15.029728,15.179759,15.078608,15.373314,16.4099,16.11472,15.206725,14.965091,15.044108,15.4157,0.0,0.0,0.0,0.0,0.0,0.0,0.0,0.0
16587,2023.0,4.0,26.0,4.0,15.382383,15.309031,15.029223,15.211313,15.1410475,14.876409,15.003641,14.808398,15.031229,15.189616,15.075656,15.325534,16.3687,16.074476,15.1556,14.914952,15.0437,15.414815,0.0,0.0,0.0,0.0,0.0,0.0,0.0,0.0
16588,2023.0,4.0,26.0,4.0,15.330351,15.251372,15.030065,15.2205515,15.093179,14.829899,15.006073,14.846079,15.031938,15.202924,15.040156,15.281617,16.327473,16.0342,15.105131,14.865463,15.043975,15.423208,0.0,0.0,0.0,0.0,0.0,0.0,0.0,0.0
16589,2023.0,4.0,26.0,4.0,15.285656,15.2085285,15.030313,15.227938,15.045374,14.783408,15.007715,14.878739,15.033811,15.217447,15.041933,15.30986,16.286303,15.993978,15.055265,14.81657,15.044405,15.431101,0.0,0.0,0.0,0.0,0.0,0.0,0.0,0.0
16590,2023.0,4.0,26.0,5.0,15.246378,15.17431,15.014291,15.206426,15.771526,16.189285,15.005573,14.898597,15.015698,15.194813,15.019977,15.282695,16.247417,15.958194,15.008523,14.773306,15.020422,15.395453,0.0,4.0,0.0,0.0,0.0,0.0,0.0,0.0
16591,2023.0,4.0,26.0,5.0,15.215032,15.155732,15.0166025,15.220217,15.380638,15.247924,15.006525,14.924616,15.018218,15.21223,15.023321,15.303648,16.208864,15.922585,15.003986,14.805718,15.023554,15.411482,0.0,0.0,0.0,0.0,0.0,0.0,0.0,0.0
16592,2023.0,4.0,26.0,5.0,16.003649,16.67201,15.016575,15.228834,14.995872,14.693953,15.007034,14.947707,15.018123,15.223353,15.007201,15.270008,16.171616,15.888569,15.0044775,14.835542,15.02345,15.420146,0.0,0.0,0.0,0.0,4.0,0.0,0.0,0.0
16593,2023.0,4.0,26.0,5.0,15.563489,15.604835,15.016684,15.237376,15.306709,15.2915945,15.007449,14.968988,15.0184555,15.234125,15.011005,15.291852,16.135458,15.856104,15.005295,14.861968,15.023886,15.429339,0.0,4.0,0.0,0.0,4.0,0.0,0.0,0.0
16594,2023.0,4.0,26.0,5.0,14.964254,14.688354,15.016858,15.245808,14.971274,14.673625,15.008221,14.98956,15.018855,15.2444935,15.02702,15.349604,16.098999,15.821727,15.006433,14.885677,15.023773,15.436921,0.0,0.0,0.0,0.0,0.0,0.0,0.0,0.0
16595,2023.0,4.0,26.0,5.0,15.01807,14.841678,15.017087,15.254332,15.023157,14.808575,15.008294,15.008056,15.165252,15.504373,15.023244,15.348979,16.920214,17.414154,15.006206,14.9049425,15.02395,15.444631,0.0,0.0,0.0,4.0,0.0,4.0,0.0,0.0
16596,2023.0,4.0,26.0,6.0,15.89136,16.549755,15.048926,15.297754,15.0026455,14.822911,15.008705,15.026361,14.997979,15.207557,15.023565,15.354327,16.441456,16.245306,16.000315,16.796621,15.1713505,15.697931,4.0,0.0,0.0,0.0,0.0,0.0,4.0,4.0
16597,2023.0,4.0,26.0,6.0,20.127756,23.593964,19.168772,22.351925,20.026176,23.614319,20.612843,24.76989,15.0222645,15.268909,15.008194,15.312725,19.427979,21.421164,20.789625,24.744268,20.205914,24.389753,0.0,0.0,4.0,0.0,4.0,0.0,4.0,4.0
16598,2023.0,4.0,26.0,6.0,20.7156,24.116093,17.15017,17.842163,21.118351,24.927378,20.640966,24.212997,15.163533,15.50854,19.16365,22.456139,19.98159,22.20177,20.564993,23.794798,19.740265,22.991629,4.0,4.0,0.0,4.0,0.0,0.0,0.0,0.0
16599,2023.0,4.0,26.0,6.0,21.142508,24.439632,19.843954,23.031702,21.082176,24.36799,20.913404,24.174192,19.06948,22.19927,16.7104,17.110039,21.480305,24.494883,21.167574,24.410137,16.421131,16.23314,0.0,4.0,4.0,0.0,0.0,4.0,4.0,0.0
16600,2023.0,4.0,26.0,6.0,21.09412,24.023024,17.223076,17.430832,21.11048,24.04792,21.130934,24.20191,16.182768,16.042898,15.018216,14.859641,21.583717,24.288382,21.68543,24.952019,15.686658,15.843031,4.0,4.0,4.0,0.0,0.0,4.0,0.0,4.0
16601,2023.0,4.0,26.0,6.0,21.426311,24.223167,19.992298,23.069002,21.401236,24.149885,21.250536,24.103146,15.231673,15.202003,15.105949,15.133047,21.323067,23.428617,22.194668,25.539076,20.552116,24.16422,0.0,4.0,0.0,4.0,4.0,4.0,0.0,4.0
16602,2023.0,4.0,26.0,7.0,21.308832,23.808544,17.116217,17.025995,21.462347,23.936844,21.303661,23.932833,20.567232,24.186392,20.322372,23.884455,21.987858,24.440088,21.970901,24.914728,20.511955,23.603443,0.0,4.0,0.0,4.0,4.0,4.0,4.0,4.0
16603,2023.0,4.0,26.0,7.0,21.005087,23.210922,15.676324,15.422976,20.981281,23.070654,21.052198,23.385086,20.434149,23.593294,20.004099,23.042583,20.97221,22.48676,22.48877,25.372091,21.418648,24.86121,0.0,0.0,0.0,0.0,4.0,0.0,4.0,4.0
16604,2023.0,4.0,26.0,7.0,21.09686,23.34072,15.448705,15.216104,21.127686,23.30545,21.074045,23.372818,17.734213,17.981455,20.121773,22.862904,21.071503,22.62276,20.86883,22.452244,20.880377,23.519375,0.0,0.0,4.0,4.0,4.0,4.0,0.0,4.0
16605,2023.0,4.0,26.0,7.0,21.108953,23.338318,15.237903,15.008626,21.082113,23.141808,21.094707,23.398563,21.00997,24.190638,20.115833,22.575073,21.089264,22.638496,21.092941,22.90615,21.77845,25.132742,0.0,4.0,0.0,0.0,0.0,0.0,4.0,0.0
16606,2023.0,4.0,26.0,7.0,21.077288,23.209547,15.064366,14.838805,21.111261,23.176764,21.089102,23.283293,17.776276,17.659252,17.426231,17.20598,21.083466,22.583384,21.062828,22.861015,18.842575,19.165117,0.0,0.0,4.0,0.0,0.0,0.0,4.0,4.0
16607,2023.0,4.0,26.0,7.0,21.081123,23.183084,15.005662,14.86147,21.103672,23.121178,21.11334,23.290758,16.010592,15.44056,16.253363,15.967605,21.052906,22.464663,21.100359,22.960648,20.29954,22.644224,0.0,0.0,0.0,0.0,0.0,4.0,0.0,0.0
16608,2023.0,4.0,26.0,8.0,21.10487,23.223028,15.010353,14.960279,21.054996,23.01708,21.106136,23.225801,15.871323,15.61732,15.976134,15.715461,21.055927,22.44294,21.090828,22.922586,17.6429,17.389627,0.0,4.0,0.0,0.0,0.0,4.0,0.0,0.0
16609,2023.0,4.0,26.0,8.0,18.722374,18.626974,15.010812,15.029312,18.676449,18.456303,18.611343,18.406103,15.764189,15.556008,16.137825,16.253136,19.09766,18.684433,19.555471,19.910646,16.31648,15.819177,0.0,0.0,0.0,0.0,4.0,0.0,4.0,0.0
16610,2023.0,4.0,26.0,8.0,17.397348,16.976683,15.707858,16.10765,17.280853,16.670385,17.525902,17.297592,15.583399,15.385327,20.296263,23.449501,18.878944,18.914843,17.927637,17.400644,15.872163,15.372331,0.0,0.0,0.0,0.0,0.0,4.0,0.0,0.0
16611,2023.0,4.0,26.0,8.0,17.255571,17.158491,14.9984865,14.99458,16.775053,16.13738,17.176432,16.966099,15.42711,15.23572,17.82828,18.246464,18.903494,19.005821,17.257637,16.702127,15.818348,15.583362,0.0,0.0,0.0,0.0,0.0,4.0,0.0,0.0
16612,2023.0,4.0,26.0,8.0,17.870512,18.509476,15.014012,15.0857115,17.507156,17.849646,16.871538,16.667578,16.087902,16.601368,16.239664,16.060392,18.069944,17.542833,16.93628,16.402693,15.70836,15.517639,0.0,4.0,0.0,4.0,0.0,0.0,0.0,0.0
16613,2023.0,4.0,26.0,8.0,17.00843,16.813562,15.011287,15.127848,17.105673,17.023298,16.61938,16.425747,20.301336,23.611914,15.855678,15.619184,17.619171,17.030731,16.68829,16.180098,15.545001,15.365647,0.0,0.0,0.0,0.0,0.0,0.0,0.0,0.0
16614,2023.0,4.0,26.0,9.0,16.40891,16.0821,15.012081,15.167594,17.024908,17.116732,16.40485,16.220987,17.280436,17.338594,15.6468725,15.409463,17.421263,16.845448,16.722006,16.472464,15.396715,15.223136,0.0,4.0,0.0,0.0,0.0,0.0,0.0,0.0
16615,2023.0,4.0,26.0,9.0,16.164608,15.835795,15.0125475,15.199842,17.019697,17.163998,16.214573,16.034393,15.6795435,15.2365,15.485138,15.248957,17.273264,16.709642,16.669611,16.459518,15.26484,15.091251,0.0,4.0,0.0,0.0,0.0,0.0,0.0,0.0
16616,2023.0,4.0,26.0,9.0,16.264723,16.225574,15.18468,15.532435,16.271515,15.850526,16.056423,15.888128,15.566237,15.336657,15.359153,15.131482,17.427622,17.151596,16.554623,16.354465,15.156217,14.987275,4.0,0.0,0.0,0.0,0.0,0.0,0.0,0.0
16617,2023.0,4.0,26.0,9.0,16.238163,16.24826,19.84078,23.476948,15.942297,15.447802,15.938203,15.778402,15.507271,15.307918,15.272362,15.0465145,17.447834,17.214832,16.462334,16.267048,16.05538,16.755428,4.0,0.0,0.0,0.0,0.0,0.0,0.0,4.0
16618,2023.0,4.0,26.0,9.0,16.144796,16.170465,20.040895,23.281744,16.45197,16.578808,15.814972,15.665662,15.400189,15.20765,15.188114,14.966386,17.398823,17.173977,16.364904,16.174484,20.277979,23.863482,4.0,4.0,0.0,0.0,0.0,0.0,0.0,0.0
16619,2023.0,4.0,26.0,9.0,16.055958,16.093136,20.124275,23.06222,16.65301,16.884033,16.436668,16.935406,15.3023,15.113119,15.12063,14.903362,18.164907,18.676764,16.276943,16.090204,17.19284,17.307583,0.0,4.0,4.0,0.0,0.0,4.0,0.0,0.0
16620,2023.0,4.0,26.0,10.0,15.970303,16.015854,17.393194,17.543064,15.980956,15.659514,16.069794,16.1082,15.219962,15.034609,15.069116,14.857633,18.210396,18.51204,16.199312,16.015863,15.657678,15.320479,0.0,0.0,0.0,0.0,0.0,4.0,0.0,0.0
16621,2023.0,4.0,26.0,10.0,15.900019,15.95107,16.407671,16.246553,15.663177,15.241358,15.523483,15.182714,15.161705,14.977914,15.437086,15.579565,18.196045,18.474443,17.257309,18.070185,15.535675,15.33301,0.0,0.0,0.0,0.0,4.0,4.0,4.0,0.0
16622,2023.0,4.0,26.0,10.0,15.83136,15.887027,16.117996,15.985587,15.533113,15.125663,15.306035,14.926654,15.108362,14.928233,19.965662,23.4463,17.422194,16.99959,16.378786,16.172777,15.448587,15.272156,0.0,0.0,0.0,0.0,0.0,0.0,0.0,0.0
16623,2023.0,4.0,26.0,10.0,15.761373,15.825919,16.293083,16.569214,15.6254225,15.443948,15.378936,15.215207,15.052613,14.876459,17.627592,18.218687,17.085054,16.603352,15.870321,15.513976,16.297373,16.988972,4.0,0.0,0.0,0.0,0.0,0.0,0.0,4.0
16624,2023.0,4.0,26.0,10.0,15.7038355,15.772318,20.218977,23.567163,15.630415,15.503428,15.37818,15.265505,15.009028,14.834966,16.328814,16.137888,17.00367,16.530008,15.754387,15.387695,20.259153,23.75702,4.0,0.0,0.0,0.0,0.0,0.0,0.0,0.0
16625,2023.0,4.0,26.0,10.0,15.649665,15.730037,20.042341,22.774279,15.569948,15.453716,15.318367,15.214399,15.003709,14.866147,15.987702,15.765566,16.934547,16.473238,15.678719,15.321711,17.288269,17.44482,4.0,0.0,0.0,0.0,0.0,0.0,0.0,0.0
16626,2023.0,4.0,26.0,11.0,16.410112,17.215464,20.110636,22.647408,15.505389,15.396005,16.022762,16.5971,15.003836,14.89421,15.800637,15.577695,17.087524,16.849627,15.775735,15.588172,15.733329,15.384867,0.0,0.0,4.0,0.0,0.0,0.0,0.0,0.0
16627,2023.0,4.0,26.0,11.0,16.668015,17.47562,17.682184,17.800888,16.180084,16.719507,16.30432,16.928616,15.004094,14.916132,15.670694,15.456151,17.134945,16.928467,15.796776,15.631251,16.52677,17.193365,0.0,4.0,4.0,0.0,0.0,0.0,0.0,4.0
16628,2023.0,4.0,26.0,11.0,15.841449,15.857637,16.489162,16.402517,15.846509,15.912297,15.527071,15.407654,15.004421,14.934499,15.562506,15.353656,17.114368,16.915148,15.767419,15.607528,20.310627,23.618435,0.0,0.0,0.0,0.0,0.0,0.0,0.0,0.0
16629,2023.0,4.0,26.0,11.0,16.16925,16.724176,16.149632,16.047527,15.317596,15.067877,15.077975,14.807853,15.004651,14.951055,15.467775,15.264339,17.909737,18.45234,15.731267,15.574531,17.428534,17.569904,0.0,0.0,0.0,0.0,0.0,4.0,0.0,0.0
16630,2023.0,4.0,26.0,11.0,15.688537,15.68669,15.888583,15.781902,15.11151,14.816341,15.0044985,14.782268,15.004984,14.966004,15.382872,15.183491,17.280977,17.01855,15.6945,15.540225,16.914822,17.443811,0.0,0.0,0.0,0.0,0.0,0.0,0.0,4.0
16631,2023.0,4.0,26.0,11.0,15.352456,15.264381,15.679222,15.576252,15.188714,15.063028,15.595091,15.942273,15.005256,14.979744,15.30865,15.1153555,16.889433,16.493582,15.658941,15.507606,20.299397,23.450592,0.0,0.0,4.0,0.0,0.0,0.0,0.0,0.0
16632,2023.0,4.0,26.0,12.0,15.231969,15.135347,15.501415,15.401271,15.210967,15.1251,15.849403,16.266293,15.005615,14.9928875,15.241682,15.053579,16.779938,16.374485,15.624159,15.475632,17.509808,17.63184,0.0,0.0,4.0,0.0,0.0,0.0,0.0,0.0
16633,2023.0,4.0,26.0,12.0,20.740147,24.819506,15.347808,15.249604,20.687664,24.700348,20.090937,23.528202,15.006056,15.005164,15.585706,15.756685,21.136288,23.965622,21.384226,25.3888,16.074106,15.753756,0.0,0.0,0.0,0.0,4.0,0.0,0.0,0.0
16634,2023.0,4.0,26.0,12.0,21.048075,24.757275,15.215394,15.119454,21.044744,24.689865,21.162962,24.889791,15.302898,15.207799,20.305826,23.784029,21.642546,24.5649,22.135687,26.264038,15.86583,15.685068,0.0,4.0,4.0,0.0,0.0,0.0,0.0,0.0
16635,2023.0,4.0,26.0,12.0,21.10251,24.43503,15.584403,15.904241,21.107864,24.38059,21.112408,24.363344,14.994301,14.913026,17.700737,18.276892,22.24448,25.28277,22.71333,26.739944,15.743513,15.579982,4.0,0.0,0.0,0.0,0.0,0.0,0.0,0.0
16636,2023.0,4.0,26.0,12.0,21.65727,24.965143,20.151667,23.750862,21.455633,24.55341,21.45384,24.563623,15.007771,14.9641485,16.067715,15.961981,21.410263,23.463436,21.973463,25.091719,15.605059,15.4475765,0.0,0.0,0.0,0.0,0.0,0.0,0.0,0.0
16637,2023.0,4.0,26.0,12.0,20.938448,23.518183,17.662992,18.333145,20.992384,23.493036,21.017038,23.594454,15.004456,14.97558,15.743322,15.569993,20.995169,22.570942,22.036852,24.738157,15.490031,15.33804,0.0,4.0,0.0,0.0,0.0,0.0,0.0,0.0
16638,2023.0,4.0,26.0,13.0,21.109488,23.751057,16.420435,16.834534,21.11992,23.620224,21.099777,23.663366,15.00579,14.991097,15.601476,15.419235,21.066002,22.655748,21.069792,23.072176,15.390897,15.241583,4.0,0.0,0.0,0.0,0.0,0.0,0.0,0.0
16639,2023.0,4.0,26.0,13.0,21.756214,24.54453,20.028557,23.09027,21.618446,24.178415,21.766994,24.497276,15.005067,14.999497,15.501644,15.326812,21.402285,23.13405,21.616259,23.92794,15.313287,15.172894,0.0,0.0,0.0,0.0,0.0,0.0,0.0,0.0
16640,2023.0,4.0,26.0,13.0,20.906261,23.039106,17.851465,18.401052,20.931278,22.941082,20.911936,22.99278,15.004705,15.004527,15.420038,15.249648,20.96411,22.250797,20.91475,22.56705,15.245783,15.110394,4.0,4.0,0.0,0.0,0.0,4.0,0.0,0.0
16641,2023.0,4.0,26.0,13.0,21.983465,24.830898,20.207907,23.231617,21.687387,24.263327,21.995173,24.7959,15.004978,15.009263,15.351073,15.183487,21.589272,23.32156,21.998539,24.515917,15.187467,15.056984,0.0,4.0,0.0,0.0,0.0,4.0,0.0,0.0
16642,2023.0,4.0,26.0,13.0,20.916004,22.895773,17.95861,18.461277,20.98551,22.89665,20.92156,22.857729,15.004457,15.010606,15.294639,15.132188,21.028423,22.289259,20.916727,22.432882,15.138472,15.012405,4.0,0.0,0.0,0.0,0.0,0.0,0.0,0.0
16643,2023.0,4.0,26.0,13.0,21.763287,24.435347,20.264498,23.108051,21.914013,24.452496,21.76519,24.386412,15.004698,15.01353,15.244286,15.085177,21.836376,23.57715,21.86939,24.137028,15.094721,14.972851,0.0,0.0,0.0,0.0,0.0,0.0,0.0,0.0
16644,2023.0,4.0,26.0,14.0,20.939531,22.84481,17.812727,18.04726,20.93197,22.63668,20.945768,22.831923,15.00457,15.015141,15.204652,15.050011,20.941479,21.944315,21.053831,22.690662,15.056946,14.938816,0.0,0.0,0.0,0.0,0.0,0.0,0.0,0.0
16645,2023.0,4.0,26.0,14.0,19.686014,20.51458,16.506052,16.468153,19.735447,20.419067,19.11184,19.392473,15.004667,15.017707,15.168942,15.018445,19.511126,19.265694,19.362864,19.463068,15.023124,14.909203,0.0,4.0,0.0,0.0,0.0,0.0,0.0,0.0
16646,2023.0,4.0,26.0,14.0,18.174654,18.134594,16.180986,16.118044,18.426018,18.45039,17.950384,17.912235,15.004763,15.021706,15.133762,14.986319,18.965502,18.7459,18.39058,18.235157,15.000096,14.899863,0.0,0.0,0.0,0.0,0.0,0.0,0.0,0.0
16647,2023.0,4.0,26.0,14.0,17.463282,17.300451,15.94122,15.872316,18.20641,18.444166,18.179562,18.713556,15.005112,15.027721,15.099363,14.954338,19.554237,20.063423,17.986584,17.80614,15.00349,14.931486,0.0,4.0,4.0,0.0,0.0,4.0,0.0,0.0
16648,2023.0,4.0,26.0,14.0,17.844955,18.316254,15.749803,15.68263,17.453869,17.186874,18.196789,18.795107,15.005342,15.0340185,15.067066,14.92465,18.68514,18.32295,17.715942,17.540432,15.003159,14.951719,0.0,0.0,4.0,0.0,0.0,0.0,0.0,0.0
16649,2023.0,4.0,26.0,14.0,17.252094,17.212864,16.066193,16.415726,16.9519,16.605175,17.23342,17.097944,15.005722,15.040387,15.036086,14.895763,18.972279,19.22745,17.49419,17.323442,15.003733,14.97029,4.0,0.0,0.0,0.0,0.0,4.0,0.0,0.0
16650,2023.0,4.0,26.0,15.0,17.520668,18.025188,20.131872,23.427145,17.370102,17.6163,17.309772,17.614573,15.00565,15.045994,15.006777,14.868581,19.137869,19.455511,17.309162,17.145899,15.00419,14.986904,0.0,4.0,4.0,0.0,0.0,4.0,0.0,0.0
16651,2023.0,4.0,26.0,15.0,17.628096,18.188604,18.109898,18.97276,17.504128,17.841946,17.370813,17.746815,15.647745,16.253454,15.001523,14.879849,19.107887,19.435505,17.148117,16.989325,15.004247,15.00088,4.0,4.0,4.0,4.0,0.0,4.0,0.0,0.0
16652,2023.0,4.0,26.0,15.0,17.56577,18.12594,20.279627,23.255959,16.795237,16.585264,16.637241,16.459805,20.252562,24.072737,15.00242,14.895772,18.290709,17.93333,17.008465,16.854244,15.888845,16.679768,4.0,0.0,0.0,0.0,0.0,0.0,0.0,4.0
16653,2023.0,4.0,26.0,15.0,17.519703,18.091728,20.033997,22.475937,17.05536,17.337898,16.889996,17.210354,17.234804,17.550531,15.390771,15.63615,18.675812,18.948359,17.97392,18.790833,20.417822,24.302353,4.0,4.0,4.0,0.0,4.0,4.0,4.0,4.0
16654,2023.0,4.0,26.0,15.0,16.817852,16.825556,20.102657,22.42151,17.216715,17.581264,16.426699,16.293873,15.625223,15.39746,20.328678,23.922316,18.115429,17.768976,17.207624,17.053482,20.660185,24.033731,0.0,4.0,0.0,0.0,0.0,0.0,0.0,0.0
16655,2023.0,4.0,26.0,15.0,17.137291,17.677628,18.21968,18.635292,17.189869,17.562525,16.021885,15.769008,15.4170685,15.272226,17.659992,18.305298,18.530159,18.810442,16.671227,16.378592,17.76223,17.989603,4.0,4.0,0.0,0.0,0.0,4.0,0.0,0.0
16656,2023.0,4.0,26.0,16.0,16.588045,16.606415,20.243196,22.545681,17.160074,17.536896,16.567806,16.89899,16.132372,16.70119,16.77392,17.004942,18.720112,19.089966,16.511965,16.205975,16.5653,16.26926,0.0,4.0,4.0,4.0,4.0,4.0,0.0,0.0
16657,2023.0,4.0,26.0,16.0,16.204006,16.111082,18.063906,18.173733,17.122263,17.49944,16.171898,16.053093,20.22928,23.645008,20.341217,23.249117,17.949133,17.619333,16.38857,16.084826,16.129988,15.821865,0.0,4.0,0.0,0.0,4.0,0.0,0.0,0.0
16658,2023.0,4.0,26.0,16.0,16.064373,15.964298,16.956167,16.886688,17.083706,17.460022,15.789913,15.539257,17.898222,18.549204,20.0366,22.422367,17.592007,17.195408,17.533756,18.360243,15.97645,15.807958,0.0,4.0,0.0,4.0,4.0,0.0,4.0,0.0
16659,2023.0,4.0,26.0,16.0,16.703339,17.249128,17.102629,17.410156,17.047745,17.422493,16.32707,16.658646,21.849766,25.920181,20.097855,22.297955,18.253765,18.555363,16.845428,16.697449,16.795841,17.509003,4.0,4.0,4.0,4.0,0.0,4.0,0.0,4.0
16660,2023.0,4.0,26.0,16.0,16.946865,17.539032,20.259916,23.091259,17.014145,17.386911,16.564054,16.967737,19.874964,21.971825,18.202328,18.449013,18.51555,18.885273,16.339178,16.05331,20.371178,23.6204,0.0,4.0,4.0,4.0,4.0,4.0,0.0,0.0
16661,2023.0,4.0,26.0,16.0,16.316519,16.334751,18.434185,19.158749,16.982435,17.353092,15.967951,15.840265,21.383377,24.403395,20.338478,22.643717,18.540333,18.907387,16.177767,15.878335,17.506332,17.630722,4.0,4.0,0.0,0.0,0.0,4.0,0.0,0.0
16662,2023.0,4.0,26.0,17.0,16.699812,17.249844,20.292213,22.833103,16.30118,16.105982,15.590183,15.326772,18.658298,18.824203,18.045616,18.082483,18.54391,18.905907,16.073565,15.773678,16.120459,15.853147,4.0,0.0,0.0,0.0,0.0,4.0,0.0,0.0
16663,2023.0,4.0,26.0,17.0,16.245794,16.262054,20.05035,22.147749,16.60201,16.894667,15.443752,15.16051,16.920612,16.554039,16.924767,16.751875,17.816965,17.539299,17.253305,18.097467,15.898381,15.74354,0.0,4.0,0.0,0.0,0.0,0.0,4.0,0.0
16664,2023.0,4.0,26.0,17.0,16.630486,17.174744,17.998953,18.076153,16.168148,15.992798,16.261171,16.793612,16.42439,16.043856,16.644537,16.473965,18.20002,18.499699,16.565336,16.411137,16.721285,17.43934,0.0,0.0,4.0,0.0,0.0,4.0,0.0,4.0
16665,2023.0,4.0,26.0,17.0,16.784473,17.370245,17.688646,17.935854,16.550772,16.839762,16.344107,16.773363,16.355093,16.152895,16.466848,16.294989,18.362703,18.72572,16.185318,15.885778,20.354862,23.700874,4.0,4.0,4.0,0.0,0.0,4.0,0.0,0.0
16666,2023.0,4.0,26.0,17.0,16.149172,16.150297,20.228626,22.593536,16.115854,15.938162,16.310408,16.708553,16.98074,17.498144,16.277771,16.109928,18.386372,18.744848,16.034101,15.732535,18.094038,18.78843,4.0,0.0,4.0,4.0,0.0,4.0,0.0,4.0
16667,2023.0,4.0,26.0,17.0,16.547024,17.090212,20.05904,22.063143,15.743763,15.443972,15.710745,15.566981,20.305666,23.21989,16.107042,15.94338,18.397156,18.75209,17.0002,17.649714,20.3247,23.240849,0.0,0.0,0.0,0.0,0.0,4.0,4.0,0.0
16668,2023.0,4.0,26.0,18.0,16.10671,16.117247,18.057285,18.099895,16.295368,16.583471,16.04757,16.380388,17.713663,17.816444,15.964791,15.810545,18.401,18.752607,16.390501,16.207527,17.6543,17.736448,0.0,4.0,4.0,0.0,0.0,4.0,0.0,0.0
16669,2023.0,4.0,26.0,18.0,21.231642,25.183638,17.066725,16.653406,21.179575,24.993885,20.339508,23.707579,16.632103,16.240698,15.858844,15.706811,21.808815,24.65742,21.442545,25.025381,17.566603,18.047495,0.0,4.0,0.0,0.0,0.0,4.0,0.0,4.0
16670,2023.0,4.0,26.0,18.0,21.03801,24.259691,17.337618,17.549664,21.039349,24.170515,21.1338,24.588928,16.43054,16.237207,15.74711,15.601178,21.68652,24.064533,22.091637,25.77074,20.337448,22.975658,4.0,0.0,0.0,0.0,0.0,0.0,0.0,0.0
16671,2023.0,4.0,26.0,18.0,21.140463,24.090607,20.250053,22.776583,21.08912,23.86993,21.083136,24.049189,16.26415,16.098787,15.640732,15.496441,21.670994,23.79835,22.316912,25.588627,17.780428,17.769127,4.0,4.0,4.0,0.0,0.0,4.0,0.0,0.0
16672,2023.0,4.0,26.0,18.0,21.094982,23.745674,20.033932,22.07362,21.079039,23.594358,21.10878,23.83848,16.076643,15.917731,15.545659,15.403834,22.442003,24.968615,23.519299,27.441206,16.493036,16.136564,4.0,4.0,0.0,0.0,0.0,0.0,0.0,0.0
16673,2023.0,4.0,26.0,18.0,21.078732,23.568865,20.074894,21.986176,21.10224,23.478338,21.079601,23.562895,15.925138,15.77764,15.466622,15.330752,20.940973,22.092909,20.859423,22.425173,16.314625,16.14851,4.0,0.0,4.0,0.0,0.0,0.0,0.0,0.0
16674,2023.0,4.0,26.0,19.0,21.054287,23.392447,20.06897,21.861599,21.071245,23.26071,21.082056,23.42701,16.63158,17.238708,15.3945675,15.2620535,21.084711,22.380037,21.071245,22.84064,16.173569,16.029184,4.0,4.0,4.0,4.0,0.0,0.0,4.0,0.0
16675,2023.0,4.0,26.0,19.0,21.074753,23.321575,20.069023,21.781782,21.075384,23.16903,21.0803,23.31869,20.33564,23.485992,15.755261,16.001314,21.049868,22.329067,21.088516,22.881115,17.027647,17.802132,4.0,4.0,4.0,4.0,4.0,0.0,0.0,4.0
16676,2023.0,4.0,26.0,19.0,21.09396,23.294056,20.065926,21.714787,21.070944,23.083582,21.07662,23.228895,20.867826,23.806604,20.40452,23.69866,21.020836,22.258728,21.079695,22.831337,20.987324,24.413395,4.0,4.0,4.0,0.0,0.0,4.0,0.0,0.0
16677,2023.0,4.0,26.0,19.0,21.063925,23.142025,20.08402,21.715466,21.07226,23.026005,21.076672,23.161253,18.201803,18.25755,17.801088,18.281544,21.073832,22.360556,21.082401,22.805122,17.987356,18.064285,0.0,4.0,4.0,0.0,0.0,0.0,0.0,0.0
16678,2023.0,4.0,26.0,19.0,21.093908,23.164715,18.554193,18.720932,21.071072,22.972569,21.099575,23.167786,16.58314,16.19714,16.279522,16.198397,21.06629,22.317953,21.028133,22.669554,16.373238,16.025745,4.0,4.0,0.0,0.0,0.0,0.0,4.0,0.0
16679,2023.0,4.0,26.0,19.0,21.15463,23.217054,20.238455,22.216906,21.16477,23.135113,21.159094,23.23347,16.393744,16.212017,15.950334,15.80967,21.139128,22.42146,21.1935,22.997608,17.23286,18.000233,0.0,0.0,0.0,0.0,0.0,4.0,0.0,4.0
16680,2023.0,4.0,26.0,20.0,21.066391,23.001041,18.535301,18.73595,21.064,22.869484,21.069014,22.986624,16.261433,16.107758,16.170073,16.374811,21.071127,22.287737,21.079603,22.735798,20.340109,23.225445,4.0,4.0,4.0,0.0,4.0,0.0,0.0,0.0
16681,2023.0,4.0,26.0,20.0,21.091412,23.03933,20.23865,22.27286,21.06924,22.846626,21.073486,22.96047,16.083752,15.931679,20.43118,23.504786,21.03664,22.181114,21.080807,22.708551,17.575914,17.489513,4.0,4.0,4.0,0.0,0.0,4.0,0.0,0.0
16682,2023.0,4.0,26.0,20.0,21.085955,22.993832,20.0543,21.758156,21.092705,22.883085,21.096598,22.993626,16.749634,17.331427,17.903011,18.302391,21.071804,22.258352,21.08029,22.680193,16.273548,15.889881,0.0,0.0,0.0,4.0,0.0,0.0,0.0,0.0
16683,2023.0,4.0,26.0,20.0,21.060293,22.890198,18.446777,18.560148,21.087458,22.839306,21.067389,22.88196,20.33653,23.403164,16.791195,16.976173,21.066322,22.227621,21.025677,22.551937,17.195654,17.950953,4.0,0.0,4.0,0.0,4.0,0.0,4.0,4.0
16684,2023.0,4.0,26.0,20.0,21.150957,23.046852,20.23447,22.215786,21.146894,22.907726,21.151999,23.024382,17.49259,17.416845,20.4432,23.215588,21.120604,22.316948,21.201412,22.87948,21.378052,25.10257,4.0,4.0,4.0,0.0,4.0,0.0,4.0,4.0
16685,2023.0,4.0,26.0,20.0,21.08993,22.919086,20.03653,21.66349,21.092226,22.791662,21.095451,22.901054,16.069643,15.628222,20.044666,22.270838,21.049202,22.189693,21.08683,22.65519,22.387163,26.229813,4.0,0.0,0.0,0.0,0.0,0.0,0.0,4.0
16686,2023.0,4.0,26.0,21.0,21.084875,22.882734,20.072037,21.633453,21.062244,22.68691,21.090136,22.858118,15.990316,15.788686,17.662987,17.45852,21.051506,22.20173,21.079851,22.61606,19.859102,21.3879,4.0,4.0,0.0,0.0,0.0,0.0,0.0,0.0
16687,2023.0,4.0,26.0,21.0,21.059093,22.786905,20.085108,21.60588,21.067635,22.6786,21.090416,22.828026,15.921726,15.747836,16.31617,15.740195,21.0218,22.126442,21.08027,22.591198,17.825262,17.514957,0.0,4.0,0.0,0.0,0.0,4.0,0.0,0.0
16688,2023.0,4.0,26.0,21.0,21.090319,22.851482,18.514189,18.526924,21.091763,22.728373,21.068907,22.801521,15.786795,15.616255,16.222225,15.935134,21.074999,22.221287,21.080029,22.567142,16.774347,16.269958,4.0,0.0,0.0,0.0,0.0,0.0,0.0,0.0
16689,2023.0,4.0,26.0,21.0,21.16094,22.970812,20.241646,22.103819,21.158237,22.819164,21.189533,23.029732,16.489843,17.054657,16.148933,15.918355,21.135489,22.294968,21.269295,22.933298,17.338774,17.68747,0.0,4.0,4.0,4.0,0.0,4.0,4.0,4.0
16690,2023.0,4.0,26.0,21.0,21.084618,22.79332,18.174717,17.942205,21.091871,22.68514,21.076132,22.824099,20.353643,23.614481,15.984047,15.763893,21.073013,22.1688,21.089426,22.572048,20.42016,22.885994,0.0,0.0,0.0,0.0,0.0,0.0,0.0,0.0
16691,2023.0,4.0,26.0,21.0,21.06343,22.770517,17.71441,17.83259,21.061665,22.584372,21.092916,22.808378,17.333359,17.218916,15.825806,15.608332,21.038134,22.059856,21.079212,22.529203,17.726282,17.484226,4.0,4.0,0.0,0.0,0.0,4.0,0.0,0.0
16692,2023.0,4.0,26.0,22.0,21.166506,22.982742,20.241755,22.416159,21.092161,22.648712,21.090612,22.765438,15.827439,15.308619,15.677807,15.45677,21.13505,22.260931,21.080177,22.508907,17.39528,17.716139,0.0,0.0,0.0,0.0,0.0,0.0,0.0,4.0
16693,2023.0,4.0,26.0,22.0,21.065157,22.780233,18.743149,19.243643,21.0856,22.616562,21.067507,22.734356,15.793699,15.564102,15.557281,15.346133,21.037489,22.029238,21.061056,22.488377,20.406513,22.843143,4.0,0.0,0.0,0.0,0.0,4.0,0.0,0.0
16694,2023.0,4.0,26.0,22.0,21.73213,24.119843,20.267828,22.287655,21.173843,22.819504,21.16164,22.926565,15.763169,15.575338,15.452911,15.2482,21.76684,23.452795,21.191772,22.75737,17.732037,17.479622,0.0,0.0,0.0,0.0,0.0,0.0,0.0,0.0
16695,2023.0,4.0,26.0,22.0,21.070234,22.776184,18.090557,17.873337,21.06548,22.613794,21.068874,22.738632,16.234138,16.566034,15.358478,15.153763,21.067438,22.082354,21.062262,22.497553,16.469772,15.955922,0.0,0.0,0.0,4.0,0.0,0.0,0.0,0.0
16696,2023.0,4.0,26.0,22.0,21.063856,22.760813,17.155128,16.893673,21.040285,22.550465,21.06902,22.737944,20.510801,23.714916,15.273332,15.071081,21.066502,22.069613,21.062302,22.498003,16.416025,16.199091,0.0,4.0,0.0,4.0,0.0,0.0,0.0,0.0
16697,2023.0,4.0,26.0,22.0,21.063498,22.7526,16.952274,16.712334,21.07009,22.636925,21.068401,22.734102,20.017157,22.46248,15.194672,14.993558,21.04684,22.058687,21.061766,22.49463,16.329767,16.143831,0.0,0.0,0.0,4.0,0.0,0.0,0.0,0.0
16698,2023.0,4.0,26.0,23.0,21.061369,22.73934,16.74587,16.501884,21.084368,22.619844,21.066992,22.72772,20.103554,22.352066,15.444152,15.526586,21.017696,21.999266,21.060795,22.489042,16.176031,15.997506,0.0,0.0,0.0,0.0,4.0,4.0,0.0,0.0
16699,2023.0,4.0,26.0,23.0,19.492764,19.717308,16.586199,16.355402,19.105083,18.793398,19.394144,19.512802,18.149506,18.342337,15.533107,15.619564,20.010754,20.053108,19.461266,19.40758,16.044092,15.87214,0.0,0.0,0.0,4.0,4.0,4.0,0.0,0.0
16700,2023.0,4.0,26.0,23.0,18.756527,18.688221,16.459532,16.223272,18.550308,18.229591,18.556341,18.326544,16.900066,16.37132,15.255539,15.096398,19.001228,18.371683,18.806065,18.562748,15.937546,15.76217,0.0,0.0,0.0,0.0,0.0,0.0,0.0,0.0
16701,2023.0,4.0,26.0,23.0,18.424788,18.326384,16.338636,16.09717,18.297682,18.004505,18.182144,17.914639,16.405563,15.805806,15.413611,15.488539,18.566422,17.862822,18.49111,18.238874,15.834182,15.654527,0.0,0.0,0.0,0.0,4.0,0.0,0.0,0.0
16702,2023.0,4.0,26.0,23.0,18.190804,18.09713,16.235846,15.995548,18.05983,17.7716,17.920988,17.65816,16.462671,16.21596,15.143844,14.951417,18.326828,17.63508,18.249804,18.00643,15.742428,15.562261,0.0,0.0,0.0,0.0,0.0,0.0,0.0,0.0
16703,2023.0,4.0,26.0,23.0,18.001698,17.920444,16.145422,15.910974,17.865204,17.590279,17.711456,17.462898,16.971113,17.310326,15.023322,14.820621,18.497566,18.189047,18.050331,17.822134,16.389277,16.85577,0.0,0.0,0.0,4.0,0.0,0.0,0.0,4.0
16704,2023.0,4.0,27.0,0.0,17.828987,17.750631,16.057356,15.823749,17.684647,17.412968,17.519972,17.274452,16.429653,16.245808,15.240036,15.286949,18.460114,18.204987,17.867756,17.64598,15.8337345,15.669244,0.0,0.0,0.0,0.0,4.0,0.0,0.0,0.0
16705,2023.0,4.0,27.0,0.0,17.670126,17.588152,15.970919,15.733428,17.517527,17.24275,17.344389,17.095287,15.822031,15.280513,14.966574,14.812431,18.335361,18.070164,17.699263,17.477829,15.356776,14.90506,0.0,0.0,0.0,0.0,0.0,0.0,0.0,0.0
16706,2023.0,4.0,27.0,0.0,17.511894,17.434826,15.882457,15.645812,18.072815,18.438248,17.169369,16.926086,15.507741,14.958044,15.023061,14.951419,18.204771,17.940016,17.525822,17.301504,15.129015,14.663672,0.0,4.0,0.0,0.0,0.0,0.0,0.0,0.0
16707,2023.0,4.0,27.0,0.0,17.364944,17.28771,15.796882,15.557669,17.568464,17.404518,17.006786,16.763208,15.606065,15.361693,15.151298,15.204666,18.082466,17.8152,17.36638,17.139957,15.259973,15.065042,0.0,0.0,0.0,0.0,4.0,0.0,0.0,0.0
16708,2023.0,4.0,27.0,0.0,17.251333,17.171041,15.726965,15.483199,16.84437,16.158781,16.882034,16.635057,16.173576,16.478842,14.978239,14.902551,17.984861,17.712332,17.243279,17.012106,15.249033,15.058356,0.0,0.0,0.0,4.0,0.0,0.0,0.0,0.0
16709,2023.0,4.0,27.0,0.0,17.1333,17.053501,15.653303,15.407532,16.493282,15.761791,16.751741,16.50584,15.790457,15.609958,15.014693,14.989477,17.881979,17.607115,17.114695,16.8822,15.186744,14.993295,0.0,0.0,0.0,0.0,0.0,0.0,0.0,0.0
16710,2023.0,4.0,27.0,1.0,17.02169,16.939241,15.581608,15.331717,16.708231,16.384382,16.628967,16.380707,15.210239,14.692611,15.009156,14.992658,17.783915,17.505068,16.993269,16.757286,15.122908,14.926027,0.0,0.0,0.0,0.0,0.0,0.0,0.0,0.0
16711,2023.0,4.0,27.0,1.0,16.921053,16.838017,15.516337,15.264683,16.729414,16.453508,16.517769,16.267872,15.00545,14.528454,15.018465,15.024786,17.695145,17.414658,16.883463,16.645792,15.062713,14.864857,0.0,0.0,0.0,0.0,0.0,0.0,0.0,0.0
16712,2023.0,4.0,27.0,1.0,16.836802,16.760643,15.463398,15.217205,16.651417,16.383705,16.42696,16.185314,15.148464,14.941137,15.008412,15.013543,17.618721,17.34123,16.788553,16.554184,15.008663,14.812583,0.0,0.0,0.0,0.0,0.0,0.0,0.0,0.0
16713,2023.0,4.0,27.0,1.0,16.755285,16.681252,15.409696,15.164257,16.567278,16.302122,16.338081,16.098003,15.130386,14.914732,15.070956,15.132513,17.545763,17.268446,16.69901,16.464872,15.002965,14.850897,0.0,0.0,0.0,0.0,4.0,0.0,0.0,0.0
16714,2023.0,4.0,27.0,1.0,16.68153,16.611334,15.361253,15.118598,16.49039,16.230154,16.258875,16.023184,15.065835,14.851594,15.019019,15.033655,17.479277,17.203453,16.61751,16.385006,15.005697,14.88411,0.0,0.0,0.0,0.0,0.0,0.0,0.0,0.0
16715,2023.0,4.0,27.0,1.0,16.612785,16.546272,15.315322,15.075313,16.418344,16.162714,16.185356,15.953748,15.002887,14.790056,15.021052,15.0641,17.417376,17.14301,16.54198,16.31105,15.00731,14.909703,0.0,0.0,0.0,0.0,0.0,0.0,0.0,0.0
16716,2023.0,4.0,27.0,2.0,16.55341,16.495543,15.275916,15.042873,16.356638,16.111385,16.122787,15.90117,15.005925,14.8450575,15.009876,15.048715,17.363049,17.093727,17.504967,18.186872,15.005394,14.923496,0.0,0.0,0.0,0.0,0.0,0.0,4.0,0.0
16717,2023.0,4.0,27.0,2.0,16.492207,16.437336,15.233931,15.003295,16.29346,16.051838,16.05814,15.840007,15.005396,14.875692,15.0365925,15.095553,17.308825,17.041218,16.615715,16.15699,15.006319,14.943005,0.0,0.0,0.0,0.0,4.0,0.0,0.0,0.0
16718,2023.0,4.0,27.0,2.0,16.424812,16.363684,15.189065,14.956184,16.227497,15.98352,15.990962,15.770051,15.007912,14.9093,15.022199,15.080872,17.254034,16.984499,16.098892,15.55906,15.010863,14.96946,0.0,0.0,0.0,0.0,0.0,0.0,0.0,0.0
16719,2023.0,4.0,27.0,2.0,16.374052,16.321276,15.152948,14.925228,16.173548,15.937014,15.936668,15.722765,15.469836,15.79111,15.011105,15.07217,17.207355,16.941584,15.96605,15.440452,15.0060005,14.971517,0.0,0.0,0.0,4.0,0.0,0.0,0.0,0.0
16720,2023.0,4.0,27.0,2.0,16.321768,16.271114,15.113606,14.886367,16.115875,15.880841,15.879136,15.666082,15.707722,16.07334,15.012822,15.0825,17.15946,16.894037,16.177715,15.976985,15.008178,14.98885,0.0,0.0,0.0,4.0,0.0,0.0,0.0,0.0
16721,2023.0,4.0,27.0,2.0,16.272564,16.224842,15.078418,14.854687,16.06439,15.834864,15.828057,15.619922,14.948607,14.6894245,15.0127945,15.08862,17.11599,16.85356,16.184006,15.963943,15.560464,16.035402,0.0,0.0,0.0,0.0,0.0,0.0,0.0,4.0
16722,2023.0,4.0,27.0,3.0,16.220695,16.171192,15.039086,14.813854,16.008448,15.777847,15.773154,15.56318,15.03271,14.944319,15.024935,15.119017,17.070438,16.8074,16.134804,15.91466,15.86818,16.42237,0.0,0.0,0.0,0.0,0.0,0.0,0.0,4.0
16723,2023.0,4.0,27.0,3.0,16.178604,16.136225,15.007225,14.787269,15.962536,15.739133,15.728659,15.524963,15.012623,14.894989,15.011591,15.096824,17.030819,16.77171,16.088503,15.872444,14.9463005,14.740433,0.0,0.0,0.0,0.0,0.0,0.0,0.0,0.0
16724,2023.0,4.0,27.0,3.0,16.135103,16.096785,15.003075,14.810611,15.911741,15.68883,15.679212,15.47534,15.007926,14.927066,15.000976,15.070556,16.988596,16.7295,16.038868,15.822718,15.046299,14.990107,0.0,0.0,0.0,0.0,4.0,0.0,0.0,0.0
16725,2023.0,4.0,27.0,3.0,16.085075,16.043083,15.003172,14.837032,15.862985,15.641258,15.631683,15.428492,15.01207,14.968056,15.026412,15.149384,16.94852,16.690441,15.991385,15.776203,15.030804,14.979226,0.0,0.0,0.0,0.0,0.0,0.0,0.0,0.0
16726,2023.0,4.0,27.0,3.0,16.043383,16.005484,15.005134,14.861537,15.816945,15.59791,15.586698,15.385717,15.013422,14.991165,15.026693,15.144773,16.910189,16.653742,15.9456835,15.732121,15.011551,14.985627,0.0,0.0,0.0,0.0,0.0,0.0,0.0,0.0
16727,2023.0,4.0,27.0,3.0,16.018675,16.000025,15.003617,14.875725,15.774995,15.561543,15.545618,15.349698,15.008316,14.998181,15.012359,15.124577,16.874252,16.620852,15.902856,15.692622,15.564453,16.051926,0.0,0.0,0.0,0.0,0.0,0.0,0.0,4.0
16728,2023.0,4.0,27.0,4.0,15.9818,15.964742,15.004272,14.8945465,15.731445,15.520792,15.50338,15.309622,15.390812,15.72715,15.014571,15.134731,16.838026,16.58654,15.859663,15.651228,14.936813,14.796109,0.0,0.0,0.0,4.0,0.0,0.0,0.0,0.0
16729,2023.0,4.0,27.0,4.0,15.940189,15.922226,15.004585,14.911367,15.688046,15.479437,15.461294,15.269089,14.96471,14.888535,14.998488,15.09616,16.80207,16.551853,15.816834,15.609644,15.035411,15.027986,0.0,0.0,0.0,0.0,4.0,0.0,0.0,0.0
16730,2023.0,4.0,27.0,4.0,15.898033,15.87853,15.009332,14.93708,15.643012,15.433911,15.417582,15.224583,15.017127,15.050516,15.028399,15.179577,16.765825,16.51588,15.773741,15.56656,15.034863,15.043231,0.0,0.0,0.0,0.0,0.0,0.0,0.0,0.0
16731,2023.0,4.0,27.0,4.0,15.856922,15.836298,15.009306,14.949725,15.601548,15.394787,15.377242,15.186205,15.017106,15.0450325,15.028909,15.176724,16.731686,16.483355,15.733043,15.527438,15.014737,15.035501,0.0,0.0,0.0,0.0,0.0,0.0,0.0,0.0
16732,2023.0,4.0,27.0,4.0,15.818088,15.7988205,15.005259,14.955053,15.5645275,15.363676,15.341096,15.155514,15.009301,15.046848,15.013285,15.152976,16.70009,16.455303,16.750618,17.478926,15.009808,15.053357,0.0,0.0,0.0,0.0,0.0,0.0,4.0,0.0
16733,2023.0,4.0,27.0,4.0,15.782197,15.767708,15.006178,14.970358,15.525428,15.32647,15.302068,15.118456,15.01077,15.062136,15.0154505,15.162461,16.66705,16.423904,15.905414,15.507667,15.011117,15.075977,0.0,0.0,0.0,0.0,0.0,0.0,0.0,0.0
16734,2023.0,4.0,27.0,5.0,15.756782,15.752167,15.012006,14.995797,15.483033,15.28226,15.259905,15.074513,15.019529,15.091094,15.029668,15.19526,16.632544,16.38901,15.4227705,14.939719,15.019791,15.111026,0.0,0.0,0.0,0.0,0.0,0.0,0.0,0.0
16735,2023.0,4.0,27.0,5.0,15.71873,15.712218,15.012803,15.007928,15.443953,15.244752,15.221468,15.037404,15.021253,15.100192,15.00371,15.125742,16.600153,16.357811,15.302172,14.823875,15.02122,15.124153,0.0,0.0,0.0,0.0,4.0,0.0,0.0,0.0
16736,2023.0,4.0,27.0,5.0,15.6794815,15.67113,15.006483,15.007184,15.406234,15.210014,15.184758,15.003208,15.008588,15.085423,15.020216,15.187614,16.568365,16.32764,15.508455,15.329602,15.010218,15.115707,0.0,0.0,0.0,0.0,0.0,0.0,0.0,0.0
16737,2023.0,4.0,27.0,5.0,15.640568,15.630956,15.00762,15.021226,15.368463,15.17468,15.148079,14.968546,15.337763,15.703328,15.014798,15.182758,16.536755,16.297699,15.522885,15.325332,15.01277,15.13252,0.0,0.0,0.0,4.0,0.0,0.0,0.0,0.0
16738,2023.0,4.0,27.0,5.0,15.601526,15.589982,15.00771,15.032901,15.330246,15.137993,15.110962,14.93256,14.957283,14.962659,14.999841,15.143916,16.504698,16.266613,15.488432,15.292353,15.012077,15.142449,0.0,0.0,0.0,0.0,4.0,0.0,0.0,0.0
16739,2023.0,4.0,27.0,5.0,15.562891,15.549493,15.015966,15.0608225,15.290448,15.097606,15.072476,14.893289,15.044969,15.150659,15.031805,15.233116,16.472372,16.234674,15.451052,15.255259,15.025323,15.179078,0.0,0.0,0.0,0.0,0.0,0.0,0.0,0.0
16740,2023.0,4.0,27.0,6.0,15.531553,15.523012,15.007461,15.053106,15.256507,15.068536,15.0395975,14.86482,15.005616,15.079234,15.013742,15.195096,16.443146,16.208414,16.480139,17.225103,15.011322,15.1583605,0.0,0.0,0.0,0.0,0.0,0.0,4.0,0.0
16741,2023.0,4.0,27.0,6.0,21.070644,25.225096,15.008775,15.066604,20.541594,24.266005,20.361576,24.126766,15.013504,15.1102915,15.016649,15.204316,20.42681,22.94806,20.539865,23.910345,15.0136175,15.17138,0.0,0.0,0.0,0.0,0.0,0.0,0.0,0.0
16742,2023.0,4.0,27.0,6.0,20.998743,24.442278,15.008919,15.076771,21.01169,24.47304,21.026236,24.70044,15.011924,15.117573,15.015962,15.204873,21.160805,24.056051,21.312677,24.796186,15.012932,15.174648,0.0,4.0,0.0,0.0,0.0,0.0,0.0,0.0
16743,2023.0,4.0,27.0,6.0,21.127914,24.25131,15.009123,15.086662,21.10515,24.222271,21.116892,24.394403,15.011741,15.122035,15.015736,15.204178,21.59279,24.449423,21.785961,25.138697,15.012914,15.17279,0.0,0.0,0.0,0.0,0.0,0.0,0.0,0.0
16744,2023.0,4.0,27.0,6.0,21.084373,23.83628,15.009354,15.096282,21.11549,23.8903,21.094711,24.030771,15.011417,15.122949,15.015652,15.202273,21.05686,23.190022,21.999155,25.18783,15.012297,15.166125,0.0,0.0,0.0,0.0,0.0,0.0,4.0,0.0
16745,2023.0,4.0,27.0,6.0,21.112022,23.696907,15.009475,15.10546,21.08722,23.571281,21.094606,23.808678,15.327838,15.705077,15.015271,15.200586,22.21416,25.05062,20.909117,22.864128,15.454541,15.985839,0.0,4.0,0.0,4.0,0.0,0.0,4.0,4.0
16746,2023.0,4.0,27.0,7.0,21.103792,23.52231,15.226712,15.504876,21.11236,23.467855,21.09213,23.64315,20.144682,23.939114,15.015076,15.198613,21.645636,23.833612,21.122631,23.217173,20.35747,24.376537,4.0,0.0,0.0,0.0,0.0,0.0,0.0,4.0
16747,2023.0,4.0,27.0,7.0,21.073723,23.32518,19.942152,23.548187,21.102428,23.317642,21.087387,23.513208,17.23339,17.605038,15.015052,15.195703,21.002022,22.518343,21.089115,23.064518,20.020714,23.128365,0.0,0.0,0.0,0.0,0.0,0.0,0.0,4.0
16748,2023.0,4.0,27.0,7.0,21.104053,23.321438,17.46515,18.084736,21.05612,23.152658,21.087315,23.421238,15.614665,15.473305,15.070413,15.269575,21.070364,22.630325,21.092794,23.00074,20.119577,22.951565,0.0,4.0,0.0,0.0,4.0,0.0,0.0,0.0
16749,2023.0,4.0,27.0,7.0,21.094364,23.23326,15.71689,15.671667,21.081158,23.11642,21.083094,23.338982,15.324223,15.165053,19.924345,23.518269,21.02969,22.502388,21.087378,22.929909,17.895678,18.335434,0.0,4.0,0.0,0.0,0.0,4.0,0.0,4.0
16750,2023.0,4.0,27.0,7.0,21.049978,23.111607,15.826511,16.103798,21.078014,23.048925,21.08341,23.280178,15.178549,15.0258665,17.600151,18.373554,21.066298,22.57489,21.071299,22.883898,20.362625,23.205921,4.0,4.0,0.0,0.0,4.0,0.0,0.0,4.0
16751,2023.0,4.0,27.0,7.0,21.599735,23.874132,20.081587,23.425047,21.625975,23.700024,21.58587,23.869034,15.069472,14.924353,20.155416,23.39026,21.381817,22.983839,21.561083,23.645504,20.607468,23.303417,0.0,4.0,0.0,0.0,0.0,4.0,0.0,4.0
16752,2023.0,4.0,27.0,8.0,20.928068,22.671177,17.98527,18.797411,21.049149,22.84688,21.06808,23.11243,14.998909,14.878493,17.707638,18.154686,20.987133,22.224459,20.922598,22.422125,19.97139,21.948303,4.0,4.0,0.0,0.0,0.0,0.0,0.0,0.0
16753,2023.0,4.0,27.0,8.0,19.370972,19.736933,20.134998,23.037668,19.364786,19.611082,19.110525,19.334187,15.006857,14.946243,16.133255,16.020655,19.246014,18.890312,20.083334,20.83575,18.417198,18.865578,0.0,4.0,0.0,0.0,0.0,0.0,4.0,4.0
16754,2023.0,4.0,27.0,8.0,18.657974,18.985924,17.8896,18.286165,18.501995,18.600471,18.58371,19.051697,15.00627,14.980419,16.15447,16.328548,18.3769,17.840685,18.488325,18.139975,20.312065,22.65103,4.0,4.0,4.0,0.0,4.0,0.0,0.0,4.0
16755,2023.0,4.0,27.0,8.0,18.410528,18.763832,20.190401,23.026358,17.59742,17.173338,17.891579,17.89072,15.624005,16.164232,20.33809,23.558832,19.1391,19.602072,18.7189,19.149313,20.992498,23.442108,0.0,0.0,0.0,4.0,4.0,4.0,4.0,4.0
16756,2023.0,4.0,27.0,8.0,18.237455,18.627766,17.666555,17.768944,17.73,17.80849,17.713732,17.872519,20.72559,24.619463,20.044907,22.617481,19.076183,19.304842,18.834074,19.3131,21.094501,23.415287,0.0,4.0,4.0,0.0,0.0,4.0,4.0,0.0
16757,2023.0,4.0,27.0,8.0,18.10132,18.515621,16.4068,16.300356,17.795702,17.97518,17.646864,17.856043,17.844877,18.461975,17.848248,18.095114,18.927328,19.160742,17.816242,17.502203,18.100185,17.9331,0.0,4.0,4.0,4.0,4.0,4.0,0.0,0.0
16758,2023.0,4.0,27.0,9.0,17.364643,17.232548,16.193413,16.07878,17.089085,16.743168,16.927235,16.603928,21.326391,24.647493,20.374416,22.697647,18.885992,19.135519,17.369698,16.963821,17.251959,16.836592,0.0,0.0,0.0,0.0,0.0,4.0,0.0,0.0
16759,2023.0,4.0,27.0,9.0,17.63164,18.034424,15.994636,15.88276,17.32697,17.484377,16.488224,16.084146,18.218603,18.392433,17.958641,17.973188,18.142223,17.79406,18.144709,18.66075,17.703377,18.087217,0.0,4.0,0.0,0.0,0.0,0.0,4.0,4.0
16760,2023.0,4.0,27.0,9.0,17.080915,17.002241,15.861619,15.745195,16.789019,16.488136,16.318657,15.920766,16.887838,16.500217,17.474323,17.568005,17.804207,17.363028,17.38128,17.117172,20.292559,22.74256,0.0,0.0,0.0,0.0,4.0,0.0,0.0,0.0
16761,2023.0,4.0,27.0,9.0,16.666086,16.473728,15.722361,15.612538,17.08047,17.28261,17.093735,17.551773,16.612217,16.41569,20.268278,22.650356,17.63169,17.201128,16.901506,16.556444,17.89174,17.84582,0.0,4.0,4.0,0.0,0.0,0.0,0.0,0.0
16762,2023.0,4.0,27.0,9.0,16.49935,16.318365,15.598508,15.49188,16.612528,16.34668,16.60942,16.465235,16.39915,16.236849,18.277033,18.599304,18.276861,18.5474,16.723951,16.383183,16.72041,16.40494,0.0,0.0,0.0,0.0,0.0,4.0,0.0,0.0
16763,2023.0,4.0,27.0,9.0,17.375145,18.08984,15.988548,16.294796,17.00426,17.243681,16.213608,15.884734,16.220701,16.06316,17.296835,17.125347,18.471066,18.809258,17.673721,18.276442,16.589174,16.417624,4.0,4.0,0.0,0.0,0.0,4.0,4.0,0.0
16764,2023.0,4.0,27.0,10.0,16.756025,16.782139,20.057611,23.293673,17.147707,17.486933,16.055784,15.726597,16.06663,15.916814,16.968288,16.769651,18.50615,18.852974,16.964043,16.763844,16.459631,16.317991,0.0,4.0,0.0,0.0,0.0,4.0,0.0,0.0
16765,2023.0,4.0,27.0,10.0,17.046267,17.56928,17.879963,18.52878,17.148825,17.500273,16.833004,17.329105,15.917592,15.776645,17.083717,17.224096,17.811329,17.530823,16.546162,16.252735,17.234898,17.937702,0.0,4.0,4.0,0.0,4.0,0.0,0.0,4.0
16766,2023.0,4.0,27.0,10.0,16.54582,16.56307,16.632803,16.593702,17.14496,17.508722,17.105608,17.72976,15.812482,15.674754,20.256392,22.9148,17.528116,17.147707,16.438715,16.141294,21.392565,25.17997,0.0,4.0,4.0,0.0,0.0,0.0,0.0,4.0
16767,2023.0,4.0,27.0,10.0,16.205866,16.119434,16.253685,16.172178,16.486258,16.299093,16.348999,16.253672,16.469793,17.011574,18.221066,18.597033,17.411087,17.037216,17.608936,18.447138,19.90458,21.949528,0.0,0.0,0.0,4.0,0.0,0.0,4.0,0.0
16768,2023.0,4.0,27.0,10.0,16.822256,17.37014,16.027443,15.941077,16.12337,15.84382,15.905175,15.658148,20.348595,23.648615,16.935015,16.816223,17.328333,16.963966,17.894825,18.58335,18.53756,19.141064,0.0,0.0,0.0,0.0,0.0,0.0,4.0,4.0
16769,2023.0,4.0,27.0,10.0,17.068384,17.662788,15.860923,15.776594,16.68293,17.003824,16.452766,16.795277,18.105186,18.738222,16.979704,17.14716,17.430883,17.24427,16.966776,16.802658,20.280806,22.558094,0.0,4.0,4.0,4.0,4.0,0.0,0.0,4.0
16770,2023.0,4.0,27.0,11.0,17.115843,17.721523,15.728093,15.647652,16.933264,17.346132,16.710531,17.139978,20.537134,23.4146,20.232988,22.940063,17.463638,17.309378,16.536293,16.27139,21.08769,23.622427,0.0,4.0,4.0,0.0,0.0,0.0,0.0,0.0
16771,2023.0,4.0,27.0,11.0,17.150414,17.762373,16.08623,16.41326,16.960638,17.379591,16.141232,16.056025,18.136427,18.333931,18.488773,19.138552,17.438662,17.289244,16.405329,16.134241,18.128628,18.106375,4.0,4.0,0.0,0.0,4.0,0.0,0.0,0.0
16772,2023.0,4.0,27.0,11.0,16.519793,16.572432,20.153646,23.555933,16.968065,17.390896,15.844209,15.618452,17.710007,17.995825,20.31818,22.405499,17.412165,17.263672,16.335333,16.066717,17.326168,16.998304,0.0,4.0,0.0,4.0,0.0,0.0,0.0,0.0
16773,2023.0,4.0,27.0,11.0,16.90796,17.501617,17.855742,18.50925,16.371063,16.282145,15.711248,15.480448,20.28561,22.68744,18.20923,18.266735,17.384586,17.23737,16.393034,16.250473,16.953897,16.631027,0.0,0.0,0.0,0.0,0.0,0.0,0.0,0.0
16774,2023.0,4.0,27.0,11.0,17.109358,17.734682,16.3574,16.424738,16.683239,17.062086,16.490786,17.039043,18.59301,19.129097,17.191673,17.035696,17.358326,17.212091,17.50152,18.354975,16.82317,16.645338,0.0,4.0,4.0,4.0,0.0,0.0,4.0,0.0
16775,2023.0,4.0,27.0,11.0,17.137985,17.764608,16.054468,16.008877,16.831995,17.276178,16.002048,15.974373,20.323439,22.326645,16.966978,16.791977,17.336443,17.19088,16.721237,16.627981,17.639631,18.312584,0.0,4.0,0.0,0.0,0.0,0.0,0.0,4.0
16776,2023.0,4.0,27.0,12.0,17.164143,17.792305,15.870652,15.812062,16.858076,17.302656,15.60902,15.427191,18.215328,18.24171,16.77347,16.602247,17.314194,17.170052,16.27858,16.045202,20.304049,22.82705,0.0,4.0,0.0,0.0,0.0,0.0,0.0,4.0
16777,2023.0,4.0,27.0,12.0,21.279486,24.905497,15.733024,15.67084,21.224813,24.82263,21.070858,25.017246,17.079327,16.759966,16.60492,16.433247,21.97185,25.340487,21.70786,25.346754,20.049948,22.106178,0.0,4.0,4.0,0.0,0.0,4.0,0.0,0.0
16778,2023.0,4.0,27.0,12.0,21.039692,24.01258,15.6186905,15.55557,21.0168,23.940823,21.030014,24.327448,16.857435,16.671715,16.461939,16.291756,21.643297,24.354805,21.651196,24.712463,18.71685,19.327408,0.0,4.0,0.0,0.0,0.0,4.0,0.0,4.0
16779,2023.0,4.0,27.0,12.0,21.076996,23.764786,15.520743,15.457917,21.086733,23.751804,21.0896,24.013453,16.712372,16.547348,16.340807,16.17283,21.004416,22.849903,21.536217,24.11706,20.266432,22.462906,0.0,4.0,4.0,0.0,0.0,0.0,4.0,0.0
16780,2023.0,4.0,27.0,12.0,21.0955,23.615887,15.435051,15.373151,21.097742,23.567318,21.080542,23.722483,16.55391,16.394766,16.23714,16.071987,21.049644,22.74211,20.924532,22.78159,18.13537,18.126225,0.0,0.0,4.0,0.0,0.0,4.0,0.0,0.0
16781,2023.0,4.0,27.0,12.0,21.088863,23.452328,15.835244,16.18733,21.068407,23.324629,21.101843,23.593618,16.41891,16.26453,16.147526,15.985129,21.043303,22.60123,21.096243,23.016836,17.072746,16.77006,4.0,4.0,0.0,0.0,0.0,4.0,0.0,0.0
16782,2023.0,4.0,27.0,13.0,22.029676,24.797573,20.216558,23.70959,22.044458,24.741968,21.941244,24.74351,16.303932,16.15319,16.067978,15.906443,21.404526,23.062399,22.02456,24.38085,16.760662,16.452396,0.0,0.0,0.0,0.0,0.0,4.0,0.0,0.0
16783,2023.0,4.0,27.0,13.0,20.907597,22.754305,17.823366,18.487906,20.907513,22.638926,20.918514,22.840792,16.21225,16.068266,16.008268,15.852246,21.028864,22.35503,20.891579,22.294952,16.715311,16.555231,0.0,4.0,0.0,0.0,0.0,4.0,0.0,0.0
16784,2023.0,4.0,27.0,13.0,21.091106,23.098902,16.68183,17.10752,21.11867,23.05869,21.101671,23.203178,16.943806,17.5252,15.958124,15.806928,21.067865,22.403511,21.092459,22.708954,17.651804,18.419617,4.0,0.0,0.0,4.0,0.0,0.0,0.0,4.0
16785,2023.0,4.0,27.0,13.0,21.89349,24.283289,20.201397,23.274725,21.631516,23.834478,21.704645,24.195866,20.314743,23.237896,15.913492,15.766323,21.782997,23.477692,21.840889,23.955397,20.301628,22.820381,0.0,4.0,0.0,0.0,0.0,0.0,0.0,4.0
16786,2023.0,4.0,27.0,13.0,20.900366,22.52473,18.058535,18.649029,21.056383,22.809465,20.944487,22.732243,17.847527,17.979286,15.878713,15.735823,20.941519,21.927044,20.99954,22.413086,20.013453,21.96689,4.0,4.0,0.0,0.0,0.0,0.0,4.0,4.0
16787,2023.0,4.0,27.0,13.0,21.608562,23.75517,20.305662,23.123764,21.170126,23.030275,21.18263,23.223633,16.592306,16.325483,15.847446,15.708644,21.628378,23.069576,21.250858,22.909746,20.080692,21.9355,4.0,4.0,0.0,0.0,0.0,0.0,4.0,0.0
16788,2023.0,4.0,27.0,14.0,20.934462,22.500357,20.027967,22.308718,21.059877,22.796804,21.06961,22.995401,16.455208,16.304413,15.8212805,15.686614,20.95399,21.870125,21.075232,22.575136,18.18437,18.140234,4.0,4.0,0.0,0.0,0.0,0.0,0.0,0.0
16789,2023.0,4.0,27.0,14.0,19.737076,20.291285,20.079313,22.228043,19.645996,20.076927,19.779785,20.486015,17.148811,17.690199,15.795504,15.662072,20.545485,21.138832,19.335083,19.21661,18.10329,18.593208,4.0,4.0,4.0,4.0,0.0,4.0,0.0,4.0
16790,2023.0,4.0,27.0,14.0,18.528873,18.491005,20.087673,22.128983,18.909313,19.205261,18.51283,18.595373,20.337133,23.07684,15.768904,15.63608,19.41889,19.15926,18.400137,18.06603,20.231157,22.321033,0.0,4.0,0.0,4.0,0.0,0.0,0.0,4.0
16791,2023.0,4.0,27.0,14.0,18.625055,19.08104,18.109367,18.23902,18.04039,17.803707,17.696783,17.44213,20.01564,22.108444,15.74241,15.610976,19.555557,19.803986,18.031094,17.681564,20.052322,21.813118,0.0,0.0,0.0,4.0,0.0,4.0,0.0,0.0
16792,2023.0,4.0,27.0,14.0,18.628906,19.13581,17.543053,17.879272,18.171644,18.406586,17.930206,18.194927,20.0866,22.046564,15.712155,15.581613,18.900417,18.548006,17.933817,17.745079,18.925482,19.482664,4.0,4.0,4.0,0.0,0.0,0.0,0.0,4.0
16793,2023.0,4.0,27.0,14.0,17.875992,17.846745,20.243307,22.722286,18.223114,18.530441,17.993757,18.333893,18.115486,18.091722,15.678842,15.548208,19.230524,19.486929,17.808182,17.644724,20.251932,22.148006,0.0,4.0,4.0,0.0,0.0,4.0,0.0,0.0
16794,2023.0,4.0,27.0,15.0,17.411736,17.276966,18.655275,19.370373,17.49146,17.262085,17.890753,18.236444,17.075052,16.770088,15.648166,15.517941,19.39183,19.70961,17.656038,17.49943,18.320637,18.266417,4.0,0.0,4.0,0.0,0.0,4.0,0.0,0.0
16795,2023.0,4.0,27.0,15.0,17.215757,17.063742,20.227936,22.403868,17.790596,18.02718,17.81173,18.157097,17.697962,18.18103,15.622507,15.492005,19.363073,19.68519,17.537588,17.383476,17.564283,17.22638,0.0,4.0,4.0,4.0,0.0,4.0,0.0,0.0
16796,2023.0,4.0,27.0,15.0,17.035507,16.877337,18.1903,18.311304,17.910698,18.227926,17.726105,18.074646,20.295229,22.626986,15.595891,15.466707,18.555742,18.204071,17.415337,17.266375,17.22107,16.881935,0.0,4.0,4.0,0.0,0.0,0.0,0.0,0.0
16797,2023.0,4.0,27.0,15.0,17.834623,18.534744,17.15029,17.084888,17.214163,16.988941,17.031702,16.85014,18.119513,18.136076,15.566767,15.438277,18.922274,19.182163,17.303543,17.157825,17.123215,16.942297,0.0,0.0,0.0,0.0,0.0,4.0,0.0,0.0
16798,2023.0,4.0,27.0,15.0,17.85107,18.419533,16.896055,16.804962,16.870108,16.531807,17.3519,17.630472,17.23638,16.871891,15.538313,15.409482,18.35647,18.054663,18.295738,19.11105,17.019054,16.862926,0.0,0.0,4.0,0.0,0.0,0.0,4.0,0.0
16799,2023.0,4.0,27.0,15.0,17.151781,17.131477,16.7031,16.608858,17.384495,17.630692,17.442183,17.794262,17.112848,16.909754,15.509177,15.380311,18.812004,19.081284,17.416353,17.237432,16.891266,16.741982,0.0,4.0,4.0,0.0,0.0,4.0,0.0,0.0
16800,2023.0,4.0,27.0,16.0,17.569515,18.062677,17.001114,17.306896,17.520123,17.85247,17.406576,17.75555,16.976974,16.805143,15.479489,15.350092,18.231756,17.920858,17.030476,16.708199,17.72195,18.417263,4.0,4.0,4.0,0.0,0.0,0.0,0.0,4.0
16801,2023.0,4.0,27.0,16.0,17.666605,18.196127,20.267622,23.03166,17.500544,17.825161,16.742035,16.545748,16.825214,16.657383,15.447534,15.315196,17.93824,17.526377,16.887894,16.558107,20.301529,22.801434,4.0,4.0,0.0,0.0,0.0,0.0,0.0,4.0
16802,2023.0,4.0,27.0,16.0,17.658424,18.184326,20.027098,22.218405,17.46825,17.785257,16.334782,16.017502,17.42757,17.935213,15.414869,15.279108,17.787169,17.366842,17.817635,18.417435,20.013393,21.937048,4.0,4.0,0.0,4.0,0.0,0.0,4.0,4.0
16803,2023.0,4.0,27.0,16.0,16.998554,16.95805,20.094313,22.150015,17.432634,17.741714,16.848795,17.108955,20.309874,22.880632,15.385233,15.246859,18.692156,19.206799,17.18915,16.95615,20.083412,21.911116,0.0,4.0,4.0,0.0,0.0,4.0,0.0,0.0
16804,2023.0,4.0,27.0,16.0,16.608768,16.447727,18.367603,18.66424,17.396086,17.696611,17.05643,17.381813,17.96273,17.964924,15.357995,15.217808,18.080803,17.784529,17.790174,18.371187,18.1377,18.025648,4.0,4.0,4.0,0.0,0.0,0.0,4.0,0.0
16805,2023.0,4.0,27.0,16.0,17.205458,17.6594,20.238562,22.279907,16.718975,16.452862,16.420988,16.193502,17.026134,16.613268,15.328164,15.187012,17.728235,17.29158,17.046122,16.810703,17.371853,16.974836,0.0,0.0,0.0,0.0,0.0,0.0,0.0,0.0
16806,2023.0,4.0,27.0,17.0,17.411945,17.900436,18.218122,18.229923,17.009544,17.220274,16.725426,16.969872,16.869654,16.653923,15.283516,15.148041,18.336714,18.582258,17.642467,18.225016,17.009216,16.61293,0.0,4.0,4.0,0.0,0.0,4.0,4.0,0.0
16807,2023.0,4.0,27.0,17.0,17.414782,17.892952,17.483128,17.306646,17.14705,17.43187,16.865574,17.174288,16.746038,16.566132,15.240382,15.108146,18.490145,18.77641,16.87573,16.617018,16.969564,16.767496,0.0,4.0,4.0,0.0,0.0,4.0,0.0,0.0
16808,2023.0,4.0,27.0,17.0,16.747757,16.645897,17.688303,17.931936,17.14235,17.41782,16.867815,17.165968,17.358454,17.860643,15.603535,15.828646,18.493929,18.768389,16.551918,16.197323,16.858189,16.69011,4.0,4.0,4.0,4.0,4.0,4.0,0.0,0.0
16809,2023.0,4.0,27.0,17.0,17.185184,17.6059,20.323402,22.672417,17.129683,17.396723,16.221844,15.95931,20.795193,23.603624,19.972214,23.241152,17.759144,17.380678,16.425407,16.069698,16.722532,16.562939,0.0,4.0,0.0,0.0,0.0,0.0,0.0,0.0
16810,2023.0,4.0,27.0,17.0,17.364395,17.828417,18.44253,18.782436,17.109545,17.368397,16.53646,16.753044,18.410297,18.482914,17.733166,18.252218,17.3986,16.9532,17.364832,17.93827,16.57805,16.424664,0.0,4.0,4.0,0.0,0.0,0.0,4.0,0.0
16811,2023.0,4.0,27.0,17.0,17.360727,17.814915,17.490728,17.344025,17.086863,17.3366,16.02141,15.727153,17.191723,16.719137,16.509287,16.346233,17.274727,16.81847,17.615736,18.19465,16.46268,16.308565,0.0,4.0,0.0,0.0,0.0,0.0,4.0,0.0
16812,2023.0,4.0,27.0,18.0,17.350769,17.795815,17.633278,17.847467,17.063568,17.305029,16.4593,16.667387,17.083742,16.84254,16.638943,16.793041,17.973148,18.223066,16.692501,16.386086,17.316013,18.015352,4.0,4.0,4.0,0.0,4.0,4.0,0.0,4.0
16813,2023.0,4.0,27.0,18.0,20.985826,24.088026,20.232414,22.55124,21.022242,24.247498,20.479229,23.55695,16.93083,16.726482,20.23687,23.084766,20.771448,23.032864,21.378323,24.58404,20.934889,24.135506,4.0,0.0,0.0,0.0,0.0,0.0,0.0,0.0
16814,2023.0,4.0,27.0,18.0,21.080107,23.814264,20.055662,21.945814,21.041407,23.77846,21.124174,24.207218,16.737408,16.541191,18.29243,18.852947,21.094788,23.237593,22.153606,25.547707,18.07616,18.049477,0.0,0.0,0.0,0.0,4.0,4.0,0.0,0.0
16815,2023.0,4.0,27.0,18.0,21.147158,23.659842,18.33068,18.452003,21.147781,23.656385,21.133879,23.845436,16.572771,16.383852,20.303236,22.874146,21.115221,23.026009,21.880022,24.621264,17.534163,17.922575,4.0,0.0,0.0,0.0,0.0,0.0,4.0,4.0
16816,2023.0,4.0,27.0,18.0,21.148598,23.467821,20.250467,22.366251,21.147573,23.468395,21.142786,23.62733,16.431814,16.24744,17.816998,17.71153,21.11475,22.81186,21.064274,22.891207,20.340117,22.801828,0.0,0.0,4.0,0.0,0.0,4.0,4.0,0.0
16817,2023.0,4.0,27.0,18.0,21.069191,23.170172,18.144861,18.054024,21.052584,23.123953,21.062145,23.313696,16.311424,16.132513,16.428288,15.929752,21.079433,22.623077,21.109167,22.917688,17.88862,17.724697,0.0,4.0,4.0,0.0,0.0,0.0,0.0,0.0
16818,2023.0,4.0,27.0,19.0,21.09278,23.135569,17.17004,16.966614,21.055023,23.036173,21.103477,23.26691,16.204618,16.028284,16.318108,16.05794,21.072065,22.502523,21.079062,22.78239,17.698658,18.123627,0.0,4.0,0.0,0.0,0.0,0.0,0.0,4.0
16819,2023.0,4.0,27.0,19.0,21.060879,22.970514,16.944387,16.748571,21.07353,22.964544,21.094763,23.136232,16.113195,15.942372,16.23218,16.016005,21.071648,22.420797,21.081644,22.723001,20.318256,22.625134,0.0,4.0,0.0,0.0,0.0,0.0,0.0,4.0
16820,2023.0,4.0,27.0,19.0,21.064213,22.917547,17.231394,17.464365,21.067768,22.873547,21.091911,23.042377,16.024254,15.848033,16.078142,15.866754,21.052303,22.354013,21.038515,22.55863,20.005228,21.779846,4.0,4.0,0.0,0.0,0.0,0.0,4.0,4.0
16821,2023.0,4.0,27.0,19.0,21.14579,23.034367,20.201475,22.742147,21.149399,22.99191,21.145449,23.11877,16.693066,17.173227,15.942421,15.738829,21.145681,22.495996,21.174318,22.821072,20.087654,21.80546,0.0,0.0,0.0,4.0,0.0,4.0,0.0,0.0
16822,2023.0,4.0,27.0,19.0,21.062605,22.82701,18.552319,19.1444,21.062094,22.740402,21.073765,22.94357,20.361153,23.389116,15.821517,15.623886,21.075773,22.321898,21.077679,22.588535,18.058128,17.77756,4.0,4.0,0.0,0.0,0.0,0.0,0.0,0.0
16823,2023.0,4.0,27.0,19.0,21.087694,22.862722,20.275686,22.580433,21.091383,22.77661,21.048857,22.848845,18.095018,18.433542,15.714866,15.519023,21.03858,22.186066,21.078115,22.556442,17.987326,18.339157,4.0,0.0,4.0,4.0,0.0,4.0,0.0,4.0
16824,2023.0,4.0,27.0,20.0,21.05574,22.743176,20.039078,21.872986,21.060244,22.656258,21.053236,22.839808,20.409481,22.895555,15.622644,15.429293,21.073084,22.245058,21.06114,22.525772,20.368458,22.387653,4.0,4.0,4.0,0.0,0.0,0.0,0.0,0.0
16825,2023.0,4.0,27.0,20.0,21.060106,22.724413,20.07488,21.787672,21.064993,22.63775,21.096241,22.88817,17.839842,17.65864,15.542519,15.347864,21.06683,22.200932,21.062885,22.524973,18.072292,17.815102,4.0,4.0,0.0,0.0,0.0,0.0,0.0,0.0
16826,2023.0,4.0,27.0,20.0,21.085155,22.770876,20.084518,21.71349,21.08855,22.680689,21.086376,22.821064,16.582172,16.09454,15.883795,16.050846,21.06578,22.171267,21.02127,22.4087,16.996496,16.515995,0.0,0.0,0.0,0.0,4.0,0.0,4.0,0.0
16827,2023.0,4.0,27.0,20.0,21.049824,22.656296,18.143805,17.912853,21.054745,22.567978,21.085705,22.779842,16.534117,16.305016,20.22465,23.169197,21.01578,22.06372,21.082218,22.525047,16.947618,16.730349,0.0,4.0,0.0,0.0,0.0,4.0,0.0,0.0
16828,2023.0,4.0,27.0,20.0,21.084696,22.728724,17.765148,17.911173,21.062777,22.565462,21.06678,22.747963,16.475039,16.281303,18.132343,18.7362,21.042944,22.095846,21.035402,22.374025,17.86068,18.56173,4.0,4.0,0.0,0.0,4.0,4.0,4.0,4.0
16829,2023.0,4.0,27.0,20.0,21.167011,22.854109,20.29895,22.51518,21.168684,22.780209,21.194344,22.980656,17.1597,17.695147,20.344088,23.058163,21.14705,22.2884,21.195988,22.703505,21.861279,25.29008,0.0,0.0,4.0,4.0,4.0,4.0,0.0,0.0
16830,2023.0,4.0,27.0,21.0,21.083393,22.689295,18.422077,18.626596,21.080435,22.579918,21.047792,22.68147,21.805984,25.562424,20.052519,22.18142,21.069418,22.133808,21.034073,22.326286,18.638412,18.509535,0.0,0.0,4.0,0.0,0.0,0.0,4.0,0.0
16831,2023.0,4.0,27.0,21.0,21.050243,22.58594,17.323788,17.16641,21.055628,22.491526,21.091843,22.746317,18.497673,18.496256,17.77655,17.574139,21.063934,22.101303,21.08157,22.435478,17.09914,16.632393,0.0,4.0,0.0,0.0,0.0,0.0,0.0,0.0
16832,2023.0,4.0,27.0,21.0,21.055662,22.58568,17.00323,16.790695,21.085052,22.558071,21.05799,22.624361,16.752722,16.27671,17.217123,17.326477,21.063393,22.080187,21.07154,22.395302,17.01459,16.807291,0.0,0.0,4.0,0.0,4.0,0.0,0.0,0.0
16833,2023.0,4.0,27.0,21.0,21.081303,22.647932,16.814404,16.605003,21.0788,22.530005,21.06418,22.613777,16.64938,16.420511,20.365017,22.674324,21.016527,21.984585,21.072542,22.377178,16.917763,16.729654,0.0,0.0,4.0,0.0,0.0,4.0,0.0,0.0
16834,2023.0,4.0,27.0,21.0,21.049131,22.549791,17.114084,17.298462,21.059446,22.514269,21.062737,22.59267,16.576122,16.381283,18.562775,19.013172,21.06988,22.09211,21.056105,22.357725,16.776709,16.596252,4.0,0.0,4.0,0.0,4.0,0.0,0.0,0.0
16835,2023.0,4.0,27.0,21.0,21.180801,22.805565,20.262966,22.880495,21.178759,22.763538,21.16928,22.790274,16.443037,16.254837,20.305517,22.498892,21.13037,22.192465,21.213085,22.67628,16.653587,16.479212,0.0,0.0,4.0,0.0,0.0,0.0,0.0,0.0
16836,2023.0,4.0,27.0,22.0,21.05304,22.540556,18.578224,19.178469,21.060692,22.528767,21.061281,22.55723,16.327532,16.146526,18.011723,17.830086,21.061739,22.035044,21.056915,22.360106,16.544838,16.371517,4.0,0.0,4.0,0.0,0.0,0.0,0.0,0.0
16837,2023.0,4.0,27.0,22.0,22.034187,24.14485,20.28282,22.53495,21.178032,22.764772,21.172056,22.767256,16.87792,17.28052,16.700401,16.141468,21.791061,23.241549,21.213192,22.67153,17.201984,17.697222,0.0,0.0,4.0,4.0,0.0,4.0,0.0,4.0
16838,2023.0,4.0,27.0,22.0,21.051329,22.469622,18.08838,18.004871,21.060081,22.523981,21.060537,22.530361,20.425655,23.223131,16.60468,16.314442,21.035522,21.907236,21.017052,22.244925,20.42765,23.041956,0.0,0.0,4.0,0.0,0.0,0.0,4.0,0.0
16839,2023.0,4.0,27.0,22.0,21.075514,22.521439,17.55409,17.739065,21.060078,22.520912,21.084892,22.587635,18.012634,18.197472,16.544746,16.314533,21.062742,21.966208,21.079714,22.372742,17.791334,17.627655,4.0,0.0,0.0,0.0,0.0,0.0,0.0,0.0
16840,2023.0,4.0,27.0,22.0,21.183588,22.77228,20.254387,22.583138,21.178898,22.754007,21.16442,22.730263,16.831804,16.66446,16.396568,16.176981,21.132627,22.10555,21.188684,22.565823,16.636963,16.21617,0.0,0.0,0.0,0.0,0.0,0.0,0.0,0.0
16841,2023.0,4.0,27.0,22.0,21.05672,22.535784,18.398924,18.68594,21.059065,22.505821,21.079147,22.542418,16.579773,16.40099,16.262888,16.054878,21.012957,21.875786,21.068832,22.300764,16.615532,16.427446,0.0,0.0,0.0,0.0,0.0,4.0,0.0,0.0
16842,2023.0,4.0,27.0,23.0,21.067228,22.543278,17.7185,18.000917,21.118153,22.6143,21.12072,22.646242,16.429823,16.247662,16.137102,15.9281435,21.066582,21.978992,21.108145,22.386993,16.573212,16.40616,4.0,0.0,0.0,0.0,0.0,4.0,0.0,0.0
16843,2023.0,4.0,27.0,23.0,19.841404,20.174204,16.945774,16.59691,19.641573,19.755068,19.590527,19.707388,16.92764,17.28862,16.34954,16.423582,20.21514,20.328573,19.669266,19.609583,16.48147,16.320942,0.0,0.0,0.0,4.0,4.0,4.0,0.0,0.0
16844,2023.0,4.0,27.0,23.0,18.741676,18.391066,16.49744,15.957902,19.557035,19.926003,18.824476,18.62938,16.484255,16.336016,16.10841,15.935273,19.311642,18.809063,19.079672,18.848234,16.406067,16.24501,0.0,4.0,0.0,0.0,0.0,0.0,0.0,0.0
16845,2023.0,4.0,27.0,23.0,18.30466,17.896082,17.061743,17.220089,18.873161,18.7531,18.494328,18.284317,16.051504,15.656657,15.952803,15.766233,18.904543,18.314655,18.808155,18.58091,16.336504,16.177395,4.0,0.0,0.0,0.0,0.0,0.0,0.0,0.0
16846,2023.0,4.0,27.0,23.0,18.04792,17.651468,16.817274,16.746378,18.13706,17.579596,18.248093,18.041027,15.876697,15.462651,16.19775,16.296806,18.677952,18.093338,18.591124,18.370544,17.00215,17.488485,0.0,0.0,0.0,0.0,4.0,0.0,0.0,4.0
16847,2023.0,4.0,27.0,23.0,18.14552,18.067848,16.581284,16.413391,17.80879,17.216202,18.044392,17.843374,15.987928,15.797497,15.944992,15.776269,18.792992,18.512827,18.408165,18.195826,16.4677,16.328844,0.0,0.0,0.0,0.0,0.0,0.0,0.0,0.0
16848,2023.0,4.0,28.0,0.0,18.075043,18.046034,16.463343,16.286432,17.909824,17.641886,17.867348,17.670847,16.572945,16.924883,15.803344,15.621197,18.749237,18.513693,18.246931,18.041088,16.086166,15.733658,0.0,0.0,0.0,4.0,0.0,0.0,0.0,0.0
16849,2023.0,4.0,28.0,0.0,17.954803,17.93333,16.372335,16.198624,17.843487,17.627193,17.712734,17.522215,16.140802,15.98338,15.737607,15.55781,18.650183,18.423954,18.1048,17.906023,15.936669,15.566154,0.0,0.0,0.0,0.0,0.0,0.0,0.0,0.0
16850,2023.0,4.0,28.0,0.0,17.838726,17.818823,16.289524,16.116484,17.720964,17.509127,17.569866,17.380613,15.987754,15.824427,15.675032,15.495138,18.552343,18.329739,17.974133,17.778467,16.056568,15.904475,0.0,0.0,0.0,0.0,0.0,0.0,0.0,0.0
16851,2023.0,4.0,28.0,0.0,17.73978,17.729475,16.220934,16.055155,17.614407,17.413733,17.451077,17.273294,15.92887,15.769805,15.622546,15.44654,19.209927,19.654982,17.863346,17.67749,16.036222,15.884355,0.0,0.0,0.0,0.0,0.0,4.0,0.0,0.0
16852,2023.0,4.0,28.0,0.0,17.642761,17.635044,16.153605,15.989967,17.509064,17.311916,17.335741,17.160995,15.87164,15.712876,15.571039,15.395589,19.053436,19.21602,17.754171,17.566189,15.993539,15.842434,0.0,0.0,0.0,0.0,0.0,4.0,0.0,0.0
16853,2023.0,4.0,28.0,0.0,17.557554,17.556133,16.094574,15.935948,17.416685,17.226976,17.235294,17.06815,15.822887,15.666328,15.818166,15.899264,18.33876,17.891111,17.659525,17.475348,15.953011,15.803845,0.0,0.0,0.0,0.0,4.0,0.0,0.0,0.0
16854,2023.0,4.0,28.0,1.0,17.475452,17.476301,16.037514,15.881012,17.3278,17.14122,17.139194,16.97495,15.776487,15.620315,15.594057,15.422526,18.05273,17.532759,17.570068,17.38636,15.912405,15.763736,0.0,0.0,0.0,0.0,0.0,0.0,0.0,0.0
16855,2023.0,4.0,28.0,1.0,17.40353,17.410833,15.987973,15.836734,17.249933,17.07097,17.05569,16.89895,15.7361355,15.58281,15.498476,15.328673,17.92612,17.414427,17.49174,17.312346,16.607008,17.106327,0.0,0.0,0.0,0.0,0.0,0.0,0.0,4.0
16856,2023.0,4.0,28.0,1.0,17.335394,17.347431,15.94095,15.79384,17.176174,17.002993,16.977287,16.825884,16.276854,16.63352,15.454311,15.287364,18.091196,17.854502,17.418505,17.241917,16.10165,15.990539,0.0,0.0,0.0,4.0,0.0,0.0,0.0,0.0
16857,2023.0,4.0,28.0,1.0,17.272345,17.289099,15.89723,15.754449,17.829689,18.295511,16.90542,16.759468,15.88694,15.7703,15.702899,15.789158,18.096214,17.887068,17.35126,17.177761,15.756834,15.434594,0.0,4.0,0.0,0.0,4.0,0.0,0.0,0.0
16858,2023.0,4.0,28.0,1.0,17.212593,17.2325,16.354397,16.651167,18.019815,18.54735,16.837267,16.695147,15.540222,15.198951,15.817432,15.942867,18.048653,17.843836,17.288092,17.116472,15.625573,15.282592,4.0,4.0,0.0,0.0,4.0,0.0,0.0,0.0
16859,2023.0,4.0,28.0,1.0,17.158508,17.183363,16.073269,16.052055,17.174665,16.897278,16.775785,16.639542,15.413244,15.052459,15.849634,15.98171,18.002718,17.801638,17.23171,17.063707,15.7382555,15.586908,0.0,0.0,0.0,0.0,4.0,0.0,0.0,0.0
16860,2023.0,4.0,28.0,2.0,17.105284,17.13292,15.88451,15.760557,16.779377,16.313114,16.71585,16.58294,15.539905,15.383105,15.360847,15.022636,17.95696,17.75797,17.177574,17.011284,15.746547,15.609399,0.0,0.0,0.0,0.0,0.0,0.0,0.0,0.0
16861,2023.0,4.0,28.0,2.0,17.05399,17.083506,15.818813,15.6857605,16.629185,16.15228,16.65791,16.526545,15.55447,15.412475,15.125519,14.715061,17.913034,17.715763,17.126137,16.961203,15.7181,15.582393,0.0,0.0,0.0,0.0,0.0,0.0,0.0,0.0
16862,2023.0,4.0,28.0,2.0,17.011578,17.048876,15.779767,15.655417,16.796133,16.594702,16.611135,16.489248,15.532509,15.394539,15.252872,15.062876,17.87546,17.684145,18.091745,18.822968,15.692413,15.560691,0.0,0.0,0.0,0.0,0.0,0.0,4.0,0.0
16863,2023.0,4.0,28.0,2.0,16.968065,17.009455,15.741568,15.621456,16.825958,16.683264,16.562675,16.445778,15.508807,15.373521,15.289301,15.138047,17.8375,17.649664,17.207859,16.921467,15.665654,15.536452,0.0,0.0,0.0,0.0,0.0,0.0,0.0,0.0
16864,2023.0,4.0,28.0,2.0,16.92349,16.96556,15.703132,15.5838785,16.783955,16.645666,16.512505,16.396223,15.483665,15.349447,15.263294,15.115017,17.799034,17.612247,16.874435,16.482878,15.638209,15.50988,0.0,0.0,0.0,0.0,0.0,0.0,0.0,0.0
16865,2023.0,4.0,28.0,2.0,16.88431,16.930338,15.670752,15.555837,16.742195,16.608986,16.46881,16.357183,15.4609165,15.329279,15.236827,15.091456,17.764692,17.581314,16.77509,16.392445,15.613262,15.487369,0.0,0.0,0.0,0.0,0.0,0.0,0.0,0.0
16866,2023.0,4.0,28.0,3.0,16.847315,16.8976,15.6413555,15.531751,16.701841,16.57482,16.428463,16.32259,15.439446,15.310749,15.211687,15.069838,17.732506,17.55303,16.925467,16.781788,15.589604,15.466467,0.0,0.0,0.0,0.0,0.0,0.0,0.0,0.0
16867,2023.0,4.0,28.0,3.0,16.813442,16.869467,15.614464,15.510967,16.664013,16.54423,16.391157,16.292032,15.41978,15.294868,15.479575,15.594033,18.46658,18.97241,16.91379,16.768656,15.567752,15.448257,0.0,0.0,0.0,0.0,4.0,4.0,0.0,0.0
16868,2023.0,4.0,28.0,3.0,16.780996,16.842407,15.587993,15.489239,16.626274,16.511839,16.354088,16.259893,15.400455,15.27862,15.296295,15.183731,17.69971,17.353024,16.88068,16.739077,15.546154,15.429566,0.0,0.0,0.0,0.0,0.0,0.0,0.0,0.0
16869,2023.0,4.0,28.0,3.0,16.752665,16.821312,15.560746,15.464298,16.58726,16.474915,16.315754,16.22333,15.380937,15.261049,15.199409,15.066664,17.43406,16.998032,16.845797,16.70577,15.524257,15.409403,0.0,0.0,0.0,0.0,0.0,0.0,0.0,0.0
16870,2023.0,4.0,28.0,3.0,16.732227,16.813307,15.538617,15.448547,16.555033,16.450167,16.284237,16.19889,15.364207,15.248197,15.174444,15.046928,17.605051,17.422777,16.81459,16.67934,16.232264,16.762417,0.0,0.0,0.0,0.0,0.0,0.0,0.0,4.0
16871,2023.0,4.0,28.0,3.0,16.705276,16.79014,15.515207,15.42937,16.521204,16.420906,16.25135,16.17012,15.929515,16.327751,15.149465,15.025128,17.625011,17.464695,16.782907,16.650667,15.754192,15.694327,0.0,0.0,0.0,4.0,0.0,0.0,0.0,0.0
16872,2023.0,4.0,28.0,4.0,16.677422,16.764952,15.49251,15.410751,16.488485,16.392513,16.219719,16.142332,15.545973,15.4661045,15.127245,15.005881,17.599064,17.442266,16.752348,16.623032,15.436616,15.167665,0.0,0.0,0.0,0.0,0.0,0.0,0.0,0.0
16873,2023.0,4.0,28.0,4.0,16.647995,16.735672,15.467472,15.386604,16.453428,16.358175,16.185717,16.108742,15.4200115,15.309365,15.104332,14.98353,17.57059,17.414455,16.720604,16.591808,15.328952,15.045612,0.0,0.0,0.0,0.0,0.0,0.0,0.0,0.0
16874,2023.0,4.0,28.0,4.0,16.62027,16.709482,15.445068,15.367397,16.421988,16.330343,16.155003,16.081383,15.386737,15.278269,15.083996,14.965327,17.543497,17.389523,16.690983,16.564163,15.452476,15.356139,0.0,0.0,0.0,0.0,0.0,0.0,0.0,0.0
16875,2023.0,4.0,28.0,4.0,16.59213,16.682226,15.421296,15.344999,16.38927,16.299097,16.12282,16.050531,15.357154,15.24956,15.063613,14.946049,17.51609,17.363333,16.66138,16.535702,15.446908,15.343921,0.0,0.0,0.0,0.0,0.0,0.0,0.0,0.0
16876,2023.0,4.0,28.0,4.0,16.564714,16.655993,15.398789,15.324717,16.358276,16.270525,16.09227,16.022259,15.33244,15.226259,15.044562,14.928602,17.4897,17.33863,16.632921,16.508783,15.4267025,15.324994,0.0,0.0,0.0,0.0,0.0,0.0,0.0,0.0
16877,2023.0,4.0,28.0,4.0,16.537596,16.629963,15.376676,15.304791,16.32798,16.242584,16.062397,15.994593,15.309786,15.205008,15.026269,14.9119005,17.463917,17.314524,16.605196,16.482584,15.406562,15.3061495,0.0,0.0,0.0,0.0,0.0,0.0,0.0,0.0
16878,2023.0,4.0,28.0,5.0,16.51086,16.604298,15.354935,15.2852,16.298334,16.215229,16.033152,15.967491,15.288748,15.185356,15.008649,14.895862,17.438602,17.290983,16.57815,16.45705,15.386331,15.287234,0.0,0.0,0.0,0.0,0.0,0.0,0.0,0.0
16879,2023.0,4.0,28.0,5.0,16.48639,16.582731,15.336058,15.27092,16.27211,16.194054,16.007318,15.94654,15.846011,16.25029,15.284825,15.427918,17.415508,17.2712,16.553291,16.435242,16.095964,16.641768,0.0,0.0,0.0,4.0,4.0,0.0,0.0,4.0
16880,2023.0,4.0,28.0,5.0,16.46098,16.55866,15.315988,15.253485,16.244265,16.16883,15.98007,15.921684,15.477355,15.421723,15.103104,15.017256,17.391563,17.249086,16.52778,16.411373,15.619227,15.577299,0.0,0.0,0.0,0.0,0.0,0.0,0.0,0.0
16881,2023.0,4.0,28.0,5.0,16.436161,16.53493,15.296323,15.236051,16.21667,16.143414,15.953375,15.89684,15.765186,16.01978,15.327915,15.491684,17.367897,17.226982,16.502678,16.387644,15.317974,15.0786495,0.0,0.0,0.0,4.0,4.0,0.0,0.0,0.0
16882,2023.0,4.0,28.0,5.0,16.412762,16.513414,15.277845,15.220415,16.190544,16.120333,15.928145,15.874345,15.293824,15.047884,15.117907,15.031991,17.345451,17.206757,16.478907,16.365902,15.228699,14.986221,0.0,0.0,0.0,0.0,0.0,0.0,0.0,0.0
16883,2023.0,4.0,28.0,5.0,16.388628,16.489975,15.258347,15.202213,16.162998,16.093859,15.901404,15.848493,15.141251,14.878553,15.033028,14.929495,17.322468,17.184856,16.454802,16.342777,15.335028,15.256664,0.0,0.0,0.0,0.0,0.0,0.0,0.0,0.0
16884,2023.0,4.0,28.0,6.0,16.366892,16.47105,15.241952,15.189956,16.139648,16.075129,15.878567,15.830102,15.862256,16.30911,15.009908,14.910224,17.302273,17.167847,16.433432,16.324308,15.324478,15.236431,0.0,0.0,0.0,4.0,0.0,0.0,0.0,0.0
16885,2023.0,4.0,28.0,6.0,21.13084,24.751322,15.22471,15.176022,21.066729,24.736147,20.991526,24.797937,20.158339,23.589567,15.277403,15.430411,21.920797,24.948372,21.862219,25.439001,15.3061495,15.219777,0.0,0.0,0.0,0.0,4.0,4.0,0.0,0.0
16886,2023.0,4.0,28.0,6.0,21.053453,24.084093,15.20721,15.161399,21.053629,24.114218,21.047548,24.283117,17.390184,17.568968,20.16428,23.778894,21.04539,23.209873,22.135998,25.49145,15.289828,15.205393,0.0,0.0,0.0,0.0,0.0,0.0,0.0,0.0
16887,2023.0,4.0,28.0,6.0,21.085577,23.806383,15.1929,15.148456,21.087582,23.797733,21.09299,23.970104,15.959634,15.718129,17.71098,18.33369,21.096357,23.047167,20.897072,22.933336,15.279648,15.197828,0.0,0.0,0.0,0.0,0.0,0.0,0.0,0.0
16888,2023.0,4.0,28.0,6.0,21.072777,23.55172,15.179341,15.136492,21.074522,23.516401,21.07936,23.674574,16.519636,17.00076,16.411098,16.645357,21.068584,22.800367,21.092737,23.162397,15.274954,15.195823,0.0,0.0,0.0,4.0,4.0,0.0,0.0,0.0
16889,2023.0,4.0,28.0,6.0,21.072365,23.389278,15.166892,15.126068,21.074352,23.337019,21.079355,23.486591,21.276525,25.032831,20.231163,23.34626,21.054935,22.659788,21.0634,22.978794,16.03287,16.630127,0.0,0.0,0.0,0.0,0.0,0.0,0.0,4.0
16890,2023.0,4.0,28.0,7.0,21.069717,23.264244,15.156959,15.1169615,21.072033,23.201937,21.0767,23.34351,18.271961,18.529842,17.98188,18.48065,21.054445,22.571032,21.064909,22.88433,20.413826,24.03244,0.0,0.0,0.0,0.0,0.0,0.0,0.0,4.0
16891,2023.0,4.0,28.0,7.0,21.067696,23.169527,15.1474285,15.109079,21.069565,23.098778,21.05016,23.167086,17.290146,17.679789,16.933994,17.218212,21.023243,22.423021,21.062086,22.802443,20.00049,22.691751,0.0,0.0,4.0,4.0,4.0,4.0,0.0,4.0
16892,2023.0,4.0,28.0,7.0,21.066801,23.097664,15.620642,16.0026,21.068596,23.020727,21.077894,23.164827,20.394176,23.141565,20.296774,23.148085,21.040758,22.386497,21.06157,22.740622,21.463263,24.824913,4.0,0.0,0.0,0.0,4.0,4.0,0.0,0.0
16893,2023.0,4.0,28.0,7.0,21.717363,24.017027,20.19516,23.785288,21.681488,23.983923,21.77452,24.15496,17.909452,17.95825,20.041035,22.300184,21.675713,23.374334,21.608015,23.549227,18.479164,18.59849,0.0,0.0,0.0,0.0,0.0,0.0,0.0,0.0
16894,2023.0,4.0,28.0,7.0,20.975786,22.711765,17.791853,18.476978,20.939598,22.53131,20.925726,22.54389,16.701054,16.432938,17.934702,18.012589,20.949474,21.984825,21.040508,22.543943,16.935432,16.683952,0.0,0.0,4.0,0.0,0.0,4.0,0.0,0.0
16895,2023.0,4.0,28.0,7.0,21.090437,22.929491,16.649212,17.078882,21.084162,22.820963,21.10891,22.916777,16.569538,16.453146,16.735685,16.425303,21.047834,22.180832,21.05991,22.5656,17.558542,18.174898,4.0,0.0,0.0,0.0,0.0,4.0,0.0,4.0
16896,2023.0,4.0,28.0,8.0,21.723059,23.888706,20.243174,23.358486,21.830027,23.918028,21.6629,23.745806,16.475819,16.381464,16.99492,17.21439,21.641634,23.227346,21.856369,23.862438,20.31951,22.89259,0.0,4.0,4.0,0.0,4.0,0.0,0.0,0.0
16897,2023.0,4.0,28.0,8.0,20.335247,20.957193,17.778324,18.10094,20.07529,20.755522,20.1701,20.640093,16.361618,16.276798,20.350088,23.009144,20.560844,20.946398,20.313593,20.553202,18.647917,19.283524,0.0,4.0,4.0,0.0,0.0,4.0,0.0,4.0
16898,2023.0,4.0,28.0,8.0,19.405851,19.902222,16.322954,16.161072,19.271002,19.611439,18.555655,18.349697,17.01632,17.602198,18.299875,18.704903,19.344389,19.064667,19.04123,18.931904,20.27649,22.531431,0.0,4.0,0.0,4.0,0.0,0.0,0.0,4.0
16899,2023.0,4.0,28.0,8.0,18.549404,18.517769,16.149275,16.08182,18.94957,19.260723,17.958445,17.65865,20.340488,23.26529,17.08462,17.050098,19.596415,19.89315,19.670033,20.448626,20.05109,21.936438,0.0,4.0,0.0,0.0,0.0,4.0,4.0,0.0
16900,2023.0,4.0,28.0,8.0,18.71919,19.193802,16.063818,16.027445,18.776733,19.098858,17.65163,17.356304,17.877016,18.035421,16.764074,16.670546,19.000668,18.738405,19.652151,20.247847,18.134184,18.122677,0.0,4.0,0.0,0.0,0.0,0.0,4.0,0.0
16901,2023.0,4.0,28.0,8.0,18.757772,19.291153,16.452364,16.82953,18.676292,19.008297,17.639444,17.528557,17.666708,18.037573,16.993471,17.227219,19.42312,19.746857,18.649265,18.434694,17.402328,17.137741,4.0,4.0,0.0,4.0,4.0,4.0,0.0,0.0
16902,2023.0,4.0,28.0,9.0,18.068373,18.06891,20.184216,23.280037,17.969048,17.777803,18.240349,18.780008,20.36239,22.81619,20.272404,22.94107,19.514565,19.884138,18.240631,17.945429,17.128317,16.870699,0.0,0.0,4.0,0.0,4.0,4.0,0.0,0.0
16903,2023.0,4.0,28.0,9.0,18.359118,18.88654,18.036142,18.613655,18.197182,18.488773,17.834293,17.931202,18.686153,19.229189,20.034233,22.129204,18.785126,18.54425,18.003134,17.717756,17.957788,18.672522,0.0,4.0,0.0,4.0,0.0,0.0,0.0,4.0
16904,2023.0,4.0,28.0,9.0,17.85431,17.881804,17.07078,17.495087,17.70306,17.534285,17.260878,17.066673,20.2958,22.473024,18.382885,18.703278,19.158602,19.513363,17.82264,17.547941,20.301828,22.636606,4.0,0.0,0.0,0.0,4.0,4.0,0.0,0.0
16905,2023.0,4.0,28.0,9.0,18.18304,18.738714,20.31079,23.200361,17.98388,18.302698,17.677633,18.02752,18.255564,18.298439,20.272718,22.467577,18.631996,18.40406,18.8726,19.685389,18.14091,18.183498,0.0,4.0,4.0,0.0,0.0,0.0,4.0,0.0
16906,2023.0,4.0,28.0,9.0,18.34023,18.938261,18.30906,18.8933,18.15398,18.553915,17.284523,17.20928,17.223698,16.99387,18.299904,18.411919,18.285927,17.98775,18.166119,18.032871,17.130869,16.925825,4.0,4.0,0.0,0.0,0.0,0.0,0.0,0.0
16907,2023.0,4.0,28.0,9.0,17.71039,17.772844,20.243845,22.598637,18.146408,18.55677,17.650808,18.022444,17.854504,18.393011,17.978094,18.178658,18.940378,19.319862,17.78966,17.535437,17.008877,16.896515,0.0,4.0,4.0,4.0,4.0,4.0,0.0,0.0
16908,2023.0,4.0,28.0,10.0,18.043972,18.617926,18.183395,18.388355,18.127026,18.545855,17.821714,18.261112,20.283867,22.514326,20.223438,22.266672,19.178465,19.596773,17.626133,17.377365,16.893414,16.801792,0.0,4.0,4.0,4.0,0.0,4.0,0.0,0.0
16909,2023.0,4.0,28.0,10.0,18.217272,18.830826,17.133974,17.125303,18.104675,18.528109,17.81525,18.257416,20.044449,21.845062,18.583649,18.871735,19.210365,19.629684,18.523487,19.179468,16.766232,16.680006,0.0,4.0,4.0,0.0,0.0,4.0,4.0,0.0
16910,2023.0,4.0,28.0,10.0,18.218313,18.829329,17.323523,17.684792,18.082067,18.506678,17.215752,17.1567,18.844675,19.353426,17.957417,18.221104,19.233055,19.652956,17.925835,17.789362,16.655745,16.572847,4.0,4.0,0.0,4.0,4.0,4.0,0.0,0.0
16911,2023.0,4.0,28.0,10.0,18.216776,18.82538,20.298635,22.923792,18.064962,18.491203,16.90224,16.708439,20.377607,22.227745,20.271828,22.357924,19.249878,19.670729,18.620224,19.273733,16.575905,16.494524,0.0,4.0,0.0,0.0,0.0,4.0,4.0,0.0
16912,2023.0,4.0,28.0,10.0,17.602514,17.681807,18.396332,18.90309,18.048073,18.4765,16.746733,16.547188,19.030128,19.52272,18.694107,19.021275,18.559683,18.361925,18.923033,19.604023,16.494781,16.417822,0.0,4.0,0.0,4.0,4.0,0.0,4.0,0.0
16913,2023.0,4.0,28.0,10.0,18.01648,18.593906,17.44013,17.440588,17.452316,17.382494,16.654247,16.456959,20.203178,21.821133,20.29825,21.965006,18.279236,17.980999,18.039915,17.907084,16.432306,16.356985,0.0,0.0,0.0,0.0,0.0,0.0,0.0,0.0
16914,2023.0,4.0,28.0,11.0,18.176502,18.783348,17.103615,17.068531,17.073114,16.876669,16.69642,16.632761,18.543037,18.527166,18.561443,18.58576,18.91325,19.291845,17.601995,17.37294,17.317333,18.086601,0.0,0.0,0.0,0.0,0.0,4.0,0.0,4.0
16915,2023.0,4.0,28.0,11.0,18.189308,18.80471,16.92329,16.87508,16.939741,16.724405,16.688868,16.654898,17.846794,17.561636,17.946411,17.791616,19.100279,19.536156,17.4694,17.230705,20.3206,23.190924,0.0,0.0,0.0,0.0,0.0,4.0,0.0,0.0
16916,2023.0,4.0,28.0,11.0,18.192522,18.806614,17.212833,17.560053,16.84099,16.629923,16.64202,16.611403,18.395983,18.8912,17.721811,17.588837,19.143667,19.575722,18.39404,19.063915,17.923342,18.081528,4.0,0.0,0.0,4.0,0.0,4.0,4.0,0.0
16917,2023.0,4.0,28.0,11.0,17.554045,17.615908,20.24737,22.949575,16.903105,16.829578,16.60042,16.570288,20.24948,22.127089,17.543137,17.404747,19.173944,19.604668,17.71855,17.602188,17.094915,16.879004,4.0,0.0,0.0,0.0,0.0,4.0,0.0,0.0
16918,2023.0,4.0,28.0,11.0,17.201998,17.171572,20.02558,22.151594,17.615786,18.194967,16.55534,16.527021,18.471554,18.485332,17.765144,17.980928,19.20108,19.629944,18.350037,19.032162,16.938148,16.82904,4.0,4.0,0.0,0.0,4.0,4.0,4.0,0.0
16919,2023.0,4.0,28.0,11.0,17.074984,17.036804,20.082047,22.055565,17.911348,18.554113,16.511938,16.484844,17.544268,17.288988,20.242496,22.395327,19.224825,19.65205,17.74109,17.617844,16.820581,16.726477,0.0,4.0,0.0,0.0,0.0,4.0,0.0,0.0
16920,2023.0,4.0,28.0,12.0,17.710993,18.303825,18.284836,18.451202,17.790876,18.254244,16.471676,16.445683,17.398882,17.262518,18.601889,18.910795,18.539461,18.345396,17.350405,17.131195,16.704897,16.614435,0.0,4.0,0.0,0.0,0.0,0.0,0.0,0.0
16921,2023.0,4.0,28.0,12.0,21.356012,24.56696,17.843897,17.965942,21.312077,24.392078,21.231237,24.86166,17.31585,17.199245,17.830761,17.721449,21.356003,23.370527,22.388714,25.870735,17.637798,18.456085,4.0,0.0,0.0,0.0,0.0,4.0,4.0,4.0
16922,2023.0,4.0,28.0,12.0,21.03353,23.548473,20.24335,22.371548,21.027586,23.44006,21.010227,23.876078,17.20054,17.088675,17.563972,17.430397,21.009207,22.554186,21.393974,23.445698,20.319483,22.927185,4.0,0.0,0.0,0.0,0.0,4.0,0.0,0.0
16923,2023.0,4.0,28.0,12.0,21.058239,23.31438,20.0262,21.759565,21.086971,23.29523,21.059923,23.610771,17.099117,16.991062,17.388742,17.25492,21.065378,22.517405,20.912357,22.460672,18.039675,18.12623,4.0,0.0,4.0,0.0,0.0,0.0,0.0,0.0
16924,2023.0,4.0,28.0,12.0,21.051556,23.127104,20.058235,21.708265,21.073269,23.087992,21.049091,23.365538,17.013296,16.907087,17.256098,17.123257,21.022907,22.28631,21.088829,22.698795,16.960896,16.715485,4.0,0.0,4.0,0.0,0.0,4.0,0.0,0.0
16925,2023.0,4.0,28.0,12.0,21.07648,23.07331,20.069748,21.666721,21.059776,22.957838,21.087198,23.275505,16.942219,16.838133,17.605427,17.882639,21.028173,22.206572,21.00831,22.44494,16.882376,16.781742,0.0,0.0,0.0,0.0,4.0,4.0,4.0,0.0
16926,2023.0,4.0,28.0,13.0,21.07174,22.966585,18.780895,19.11156,21.062435,22.883331,21.057018,23.058882,16.886663,16.788822,20.278912,22.48756,21.057196,22.214916,21.071257,22.52683,16.816322,16.723017,4.0,0.0,4.0,0.0,0.0,0.0,0.0,0.0
16927,2023.0,4.0,28.0,13.0,21.044773,22.819635,20.223698,22.081501,21.061035,22.819456,21.084383,23.03415,16.836784,16.741678,18.609465,18.90427,21.021303,22.064428,21.059898,22.442762,16.738144,16.648973,4.0,0.0,0.0,0.0,0.0,4.0,0.0,0.0
16928,2023.0,4.0,28.0,13.0,21.07392,22.84599,20.033665,21.597118,21.0322,22.69505,21.073778,22.93413,16.794003,16.700552,17.611279,17.515535,21.024405,22.030483,21.057283,22.386713,16.672459,16.585024,0.0,4.0,0.0,0.0,0.0,4.0,0.0,0.0
16929,2023.0,4.0,28.0,13.0,21.041458,22.715866,18.806738,19.156054,21.053402,22.67752,21.076868,22.876505,16.761114,16.671839,17.395943,17.279667,21.053904,22.075096,21.048302,22.346706,16.62246,16.540234,4.0,4.0,0.0,0.0,0.0,0.0,0.0,0.0
16930,2023.0,4.0,28.0,13.0,21.046469,22.693773,20.221443,22.052555,21.049318,22.625847,21.061686,22.821701,17.54128,18.175802,17.272789,17.151217,21.04783,22.026545,21.048557,22.324924,17.598293,18.43071,4.0,4.0,0.0,4.0,0.0,0.0,0.0,4.0
16931,2023.0,4.0,28.0,13.0,21.044947,22.664711,20.027449,21.5441,21.048634,22.589575,21.062492,22.798157,20.304829,22.769657,17.179981,17.060114,21.047327,21.99376,21.047638,22.302082,20.319897,22.9194,4.0,4.0,0.0,4.0,0.0,0.0,0.0,0.0
16932,2023.0,4.0,28.0,14.0,21.043825,22.638556,20.052893,21.51987,21.047653,22.558424,21.06121,22.771564,20.036839,21.913506,17.107067,16.990305,21.046474,21.964565,21.047039,22.280893,18.07264,18.153765,4.0,4.0,0.0,0.0,0.0,0.0,0.0,0.0
16933,2023.0,4.0,28.0,14.0,19.46321,19.612358,20.04858,21.460909,19.918968,20.369667,20.025103,20.73093,18.299185,18.326735,17.0495,16.936968,20.092632,20.124525,19.80773,19.876215,17.082333,16.905216,4.0,4.0,4.0,0.0,0.0,0.0,0.0,0.0
16934,2023.0,4.0,28.0,14.0,19.27854,19.812014,20.04803,21.423248,19.349789,19.702856,18.893593,18.990168,17.430643,17.205368,17.41092,17.662548,19.567854,19.440119,20.132957,20.92275,16.976547,16.88105,4.0,4.0,0.0,0.0,4.0,0.0,4.0,0.0
16935,2023.0,4.0,28.0,14.0,19.266024,19.827076,20.064827,21.442408,19.177742,19.544106,18.828148,19.194338,17.21702,16.981585,20.296322,22.546812,19.375778,19.239702,20.107792,20.723192,16.916607,16.833254,0.0,4.0,4.0,0.0,4.0,0.0,4.0,0.0
16936,2023.0,4.0,28.0,14.0,19.175007,19.750957,18.978601,19.311483,18.449913,18.30464,18.231127,18.15263,17.205685,17.085354,20.02477,21.723078,19.241983,19.107172,19.131367,18.970898,17.79182,18.549368,4.0,0.0,0.0,0.0,0.0,0.0,0.0,4.0
16937,2023.0,4.0,28.0,14.0,18.49116,18.554478,20.19801,21.85399,18.668322,18.99866,18.433483,18.809324,17.175236,17.075548,18.457523,18.488844,19.13434,19.002558,18.631365,18.371506,20.277487,22.644184,0.0,4.0,4.0,0.0,0.0,0.0,0.0,4.0
16938,2023.0,4.0,28.0,15.0,18.775648,19.349161,19.010906,19.41192,18.1824,18.06347,18.538473,18.977058,17.116713,17.02187,17.733994,17.624052,19.043966,18.915318,18.426506,18.164293,20.005857,21.819159,4.0,0.0,4.0,0.0,0.0,0.0,0.0,4.0
16939,2023.0,4.0,28.0,15.0,18.284872,18.366344,20.199684,21.88762,18.453823,18.81135,17.91503,17.864172,17.06174,16.967838,17.582142,17.46174,18.965837,18.838678,18.287365,18.031708,20.07082,21.778658,4.0,4.0,0.0,0.0,0.0,0.0,0.0,0.0
16940,2023.0,4.0,28.0,15.0,17.898626,17.875225,20.024233,21.427692,18.61565,19.050598,17.517822,17.35412,17.013649,16.920408,17.469658,17.348522,18.89796,18.771969,18.292465,18.161041,19.129921,19.775013,4.0,4.0,0.0,0.0,0.0,0.0,0.0,4.0
16941,2023.0,4.0,28.0,15.0,18.46337,19.066113,20.04709,21.407013,18.599865,19.04463,17.35005,17.178905,16.972853,16.880642,17.776821,18.004725,19.62048,20.196367,18.257374,18.144506,20.209085,21.927938,4.0,4.0,0.0,0.0,4.0,4.0,0.0,0.0
16942,2023.0,4.0,28.0,15.0,18.04706,18.152855,20.061049,21.404455,17.989103,17.932167,18.057682,18.624481,16.938108,16.846985,20.233343,22.304907,19.04788,18.897993,18.192713,18.084658,18.548864,18.56846,0.0,0.0,4.0,0.0,0.0,0.0,0.0,0.0
16943,2023.0,4.0,28.0,15.0,17.71174,17.726719,18.737051,18.831993,18.270256,18.667856,17.637304,17.644459,16.90733,16.817966,18.707787,19.01257,18.678999,18.413692,18.129221,18.024002,17.727715,17.532381,0.0,4.0,0.0,0.0,0.0,0.0,0.0,0.0
16944,2023.0,4.0,28.0,16.0,18.332434,18.974503,18.226315,18.184572,18.402456,18.869114,17.313128,17.166967,16.882454,16.794413,17.994888,17.893879,18.586777,18.312185,18.077179,17.973497,18.408306,18.982351,0.0,4.0,0.0,0.0,0.0,0.0,0.0,4.0
16945,2023.0,4.0,28.0,16.0,18.464874,19.117983,18.03058,18.002012,18.404459,18.865824,17.188871,17.03346,16.856358,16.768938,17.814932,17.693419,18.654703,18.510698,18.027266,17.925259,20.24727,22.168217,0.0,4.0,0.0,0.0,0.0,0.0,0.0,0.0
16946,2023.0,4.0,28.0,16.0,17.871885,17.982948,17.82616,17.799097,18.398867,18.85586,17.902506,18.473974,16.827131,16.74012,17.671797,17.549532,18.662062,18.540712,19.020248,19.84851,18.500437,18.555067,0.0,4.0,4.0,0.0,0.0,0.0,4.0,0.0
16947,2023.0,4.0,28.0,16.0,18.31916,18.941288,18.1251,18.477262,18.389746,18.842257,17.989647,18.49089,16.80115,16.714037,17.57061,17.445656,18.629389,18.510693,18.2468,18.157661,17.846209,17.617107,4.0,4.0,4.0,0.0,0.0,0.0,0.0,0.0
16948,2023.0,4.0,28.0,16.0,17.817162,17.922087,20.233793,22.187073,18.378983,18.827244,17.97698,18.452196,16.77533,16.688707,17.480762,17.356226,18.592722,18.475035,17.925228,17.700415,17.729172,17.60039,4.0,4.0,4.0,0.0,0.0,0.0,0.0,0.0
16949,2023.0,4.0,28.0,16.0,18.212605,18.85406,20.015589,21.553959,18.365606,18.8094,17.991404,18.461235,16.747265,16.660685,17.390152,17.26657,18.552782,18.435194,17.803053,17.571056,17.599943,17.487904,4.0,4.0,4.0,0.0,0.0,0.0,0.0,0.0
16950,2023.0,4.0,28.0,17.0,18.365517,18.98389,20.100817,21.589043,18.350616,18.789137,17.998245,18.462593,16.719936,16.632376,17.308653,17.183596,18.513344,18.394178,17.716763,17.481142,17.459589,17.344868,4.0,4.0,4.0,0.0,0.0,0.0,0.0,0.0
16951,2023.0,4.0,28.0,17.0,18.39253,19.010473,20.054783,21.432611,18.337242,18.772451,18.000048,18.458572,16.69799,16.61258,17.247007,17.129215,18.481138,18.365156,18.831985,19.661463,18.274183,18.98764,0.0,4.0,4.0,0.0,0.0,0.0,4.0,4.0
16952,2023.0,4.0,28.0,17.0,17.79238,17.869787,18.686308,18.751318,18.32341,18.753885,17.999609,18.452486,16.675852,16.590988,17.187284,17.072598,19.230263,19.815035,18.190903,18.082993,20.254238,22.284029,0.0,4.0,4.0,0.0,0.0,4.0,0.0,0.0
16953,2023.0,4.0,28.0,17.0,18.160437,18.753378,17.835745,17.629736,18.310238,18.735973,17.997976,18.445316,17.398626,17.97144,17.13194,17.019497,18.6594,18.497776,18.75857,19.42027,18.414848,18.455654,0.0,4.0,4.0,4.0,0.0,0.0,4.0,0.0
16954,2023.0,4.0,28.0,17.0,18.287563,18.897263,17.742582,17.65471,18.298424,18.719288,17.99498,18.436972,20.301828,22.901073,17.085085,16.973402,18.375393,18.083717,18.064539,17.942987,17.74776,17.501791,0.0,4.0,4.0,4.0,0.0,0.0,0.0,0.0
16955,2023.0,4.0,28.0,17.0,18.324823,18.934605,17.644472,17.596773,18.284443,18.700476,17.990232,18.426811,20.032383,22.007225,17.421741,17.651525,19.04992,19.446415,17.673119,17.442312,17.616476,17.488628,0.0,4.0,4.0,0.0,4.0,4.0,0.0,0.0
16956,2023.0,4.0,28.0,18.0,17.72795,17.790154,17.948477,18.287367,17.69475,17.612684,17.984522,18.416027,18.779087,19.299633,20.35138,22.563978,19.287138,19.704157,18.581547,19.238699,18.422707,19.12558,4.0,0.0,4.0,4.0,0.0,4.0,4.0,4.0
16957,2023.0,4.0,28.0,18.0,21.308523,24.2564,20.249424,22.283432,21.302181,24.132929,21.293005,24.183067,20.265638,22.206274,18.588718,18.880354,21.20599,23.08196,22.490675,25.69249,20.235062,22.144678,4.0,4.0,0.0,0.0,0.0,0.0,0.0,0.0
16958,2023.0,4.0,28.0,18.0,21.029036,23.33281,20.017893,21.594793,21.007996,23.166586,21.028421,23.302195,18.431545,18.425568,17.58862,17.493896,21.03666,22.510183,20.86457,22.412752,18.425114,18.403019,4.0,4.0,0.0,0.0,0.0,0.0,0.0,0.0
16959,2023.0,4.0,28.0,18.0,21.071758,23.164522,20.048431,21.509047,21.05597,23.016819,21.079966,23.166342,17.488668,17.20557,17.375816,17.251867,21.054274,22.382755,21.104342,22.727423,17.551287,17.28535,4.0,4.0,0.0,0.0,0.0,0.0,0.0,0.0
16960,2023.0,4.0,28.0,18.0,21.069855,22.98783,20.046103,21.404655,21.052591,22.845564,21.061733,22.992966,17.399347,17.26749,17.273779,17.152742,21.012789,22.1873,21.044245,22.512161,18.467237,19.23392,4.0,4.0,0.0,0.0,0.0,4.0,0.0,4.0
16961,2023.0,4.0,28.0,18.0,21.05501,22.862267,20.06303,21.382353,21.050995,22.726095,21.038202,22.82678,17.324192,17.209703,17.187378,17.068293,21.029276,22.134382,21.051392,22.452192,20.181438,21.978258,0.0,4.0,4.0,0.0,0.0,4.0,0.0,4.0
16962,2023.0,4.0,28.0,19.0,21.029625,22.720278,18.984825,19.238043,21.049686,22.637705,21.08015,22.831331,17.221514,17.111727,17.11485,16.999308,21.056307,22.144615,21.01023,22.286058,20.010641,21.451483,4.0,4.0,0.0,0.0,0.0,0.0,4.0,4.0
16963,2023.0,4.0,28.0,19.0,21.188698,22.96391,20.195549,21.729237,21.165468,22.822884,21.179352,22.933949,17.13327,17.028755,17.4543,17.698711,21.131744,22.24018,21.278643,22.766298,20.029715,21.361675,4.0,0.0,4.0,0.0,4.0,0.0,4.0,4.0
16964,2023.0,4.0,28.0,19.0,21.043247,22.61561,20.024574,21.285603,21.066544,22.564978,21.076025,22.68704,17.055666,16.955133,20.318192,22.574125,21.020205,21.95379,21.064308,22.318634,20.992558,22.876007,4.0,0.0,0.0,0.0,0.0,4.0,0.0,4.0
16965,2023.0,4.0,28.0,19.0,21.043032,22.57459,20.046253,21.264702,21.06639,22.517744,21.044756,22.556658,17.78967,18.407995,18.569143,18.842182,21.054796,22.017233,21.05712,22.266184,19.998537,21.054024,4.0,0.0,4.0,4.0,0.0,0.0,0.0,4.0
16966,2023.0,4.0,28.0,19.0,21.042013,22.538712,20.043001,21.214071,21.026438,22.408773,21.049479,22.530842,20.297388,22.612705,17.581966,17.492266,21.018885,21.900635,21.056965,22.23298,20.06317,21.187483,4.0,4.0,4.0,0.0,0.0,4.0,0.0,0.0
16967,2023.0,4.0,28.0,19.0,21.067648,22.579523,20.042873,21.181889,21.046984,22.414928,21.07309,22.569553,18.767467,19.2392,17.370132,17.259447,21.054163,21.97556,21.05635,22.20446,18.695772,18.530577,4.0,4.0,0.0,4.0,0.0,0.0,0.0,0.0
16968,2023.0,4.0,28.0,20.0,21.061592,22.534147,20.042536,21.156818,21.043913,22.383806,21.042625,22.460482,20.28713,22.250025,17.253841,17.14464,21.048258,21.943834,21.044512,22.181187,17.976484,17.669115,4.0,4.0,4.0,0.0,0.0,0.0,0.0,0.0
16969,2023.0,4.0,28.0,20.0,21.06108,22.502829,20.05991,21.18655,21.068726,22.431608,21.072632,22.520098,18.397722,18.338678,17.162918,17.058573,21.048452,21.92663,21.006083,22.073675,17.717287,17.41262,0.0,0.0,0.0,0.0,0.0,0.0,4.0,0.0
16970,2023.0,4.0,28.0,20.0,21.033846,22.40342,19.08481,19.277674,21.06286,22.39474,21.041433,22.416782,17.469196,17.181105,17.472696,17.713606,21.005741,21.832865,21.064814,22.200157,17.713451,17.593805,4.0,0.0,4.0,0.0,4.0,4.0,0.0,0.0
16971,2023.0,4.0,28.0,20.0,21.209187,22.739841,20.17686,21.540283,21.169659,22.584822,21.16816,22.674915,17.403084,17.285019,20.368555,22.528353,21.19046,22.190685,21.211533,22.472292,17.650433,17.552345,4.0,0.0,0.0,0.0,4.0,4.0,0.0,0.0
16972,2023.0,4.0,28.0,20.0,21.035328,22.379238,20.036379,21.197723,21.045652,22.344074,21.063309,22.444622,17.339996,17.241194,20.017122,21.673416,21.051609,21.92043,21.052181,22.131897,17.542744,17.449009,0.0,0.0,0.0,0.0,0.0,0.0,0.0,0.0
16973,2023.0,4.0,28.0,20.0,21.065218,22.446852,18.73848,18.662712,21.049425,22.352177,21.065567,22.429373,17.24306,17.155067,18.364925,18.28631,21.047438,21.895872,21.054842,22.119202,17.451311,17.365993,0.0,0.0,0.0,0.0,0.0,0.0,0.0,0.0
16974,2023.0,4.0,28.0,21.0,21.058968,22.41717,18.632107,18.950882,21.048578,22.348925,21.04997,22.411366,17.146852,17.054607,17.664116,17.544909,21.047117,21.881067,21.042252,22.103676,17.360628,17.269943,4.0,0.0,0.0,0.0,0.0,0.0,0.0,0.0
16975,2023.0,4.0,28.0,21.0,21.181692,22.625383,20.208658,21.750393,21.170618,22.588701,21.208628,22.714125,17.060402,16.964842,17.524174,17.409973,21.11986,22.013203,21.210546,22.443226,17.279709,17.186567,0.0,0.0,4.0,0.0,0.0,0.0,0.0,0.0
16976,2023.0,4.0,28.0,21.0,21.064512,22.397232,18.953392,19.189442,21.04847,22.335081,21.056856,22.432272,16.980082,16.879112,17.383387,17.263908,21.034529,21.854769,21.043404,22.104008,17.202665,17.103632,0.0,0.0,0.0,0.0,0.0,0.0,0.0,0.0
16977,2023.0,4.0,28.0,21.0,21.058733,22.371498,18.127996,18.052217,21.048397,22.32867,21.067299,22.4201,16.905643,16.79715,17.254608,17.125061,21.005604,21.786427,21.043928,22.103586,17.1313,17.025547,0.0,0.0,0.0,0.0,0.0,4.0,0.0,0.0
16978,2023.0,4.0,28.0,21.0,21.118923,22.470388,17.858757,17.732323,21.098547,22.417194,21.131989,22.51494,16.837864,16.722588,17.137478,16.997414,21.047983,21.855816,21.020977,22.015009,17.066711,16.955376,0.0,0.0,0.0,0.0,0.0,4.0,4.0,0.0
16979,2023.0,4.0,28.0,21.0,21.090656,22.410583,17.692978,17.56003,21.097311,22.38901,21.101128,22.443642,16.777132,16.65629,17.03601,16.890102,21.047766,21.834356,21.114487,22.225637,17.008234,16.891779,0.0,0.0,0.0,0.0,0.0,4.0,0.0,0.0
16980,2023.0,4.0,28.0,22.0,21.092163,22.425278,17.55231,17.413204,21.097279,22.378517,21.102316,22.454573,16.719906,16.593344,16.942781,16.79074,21.099731,21.951199,21.111877,22.163298,16.952892,16.831196,0.0,0.0,0.0,0.0,0.0,0.0,0.0,0.0
16981,2023.0,4.0,28.0,22.0,21.092499,22.425049,17.434195,17.294914,21.096699,22.366577,21.102385,22.45107,16.66991,16.541548,16.861189,16.707514,21.098055,21.911877,21.110626,22.140064,16.904276,16.781008,0.0,0.0,0.0,0.0,0.0,0.0,0.0,0.0
16982,2023.0,4.0,28.0,22.0,21.039728,22.331276,17.338957,17.207762,21.041445,22.26093,21.019457,22.276764,17.242,17.658836,16.79129,16.639772,21.043848,21.79978,20.994131,21.905157,16.860376,16.73619,0.0,0.0,4.0,4.0,0.0,0.0,4.0,0.0
16983,2023.0,4.0,28.0,22.0,21.047192,22.347319,17.248697,17.11923,21.049,22.272224,21.05788,22.380373,20.379538,22.871853,17.012087,17.109137,21.050322,21.802685,21.06657,22.067541,16.818714,16.693823,0.0,0.0,0.0,0.0,4.0,0.0,0.0,0.0
16984,2023.0,4.0,28.0,22.0,21.04568,22.341505,17.165146,17.033993,21.04803,22.265207,21.154469,22.535358,18.278286,18.465254,20.427752,22.827234,21.03438,21.792763,21.187128,22.294182,17.542665,18.094276,0.0,0.0,0.0,0.0,0.0,0.0,0.0,4.0
16985,2023.0,4.0,28.0,22.0,21.01908,22.26436,17.09282,16.958403,21.048016,22.259352,21.067001,22.327402,17.258923,17.135387,18.443304,18.717299,21.0061,21.731047,21.056145,22.01425,20.327854,22.765013,0.0,0.0,0.0,0.0,0.0,4.0,0.0,0.0
16986,2023.0,4.0,28.0,23.0,21.051414,22.351522,17.026888,16.889843,21.047846,22.252813,21.048658,22.30259,17.055056,16.914875,17.347113,17.216288,21.057339,21.837748,21.056337,22.00353,18.019852,17.878191,0.0,0.0,0.0,0.0,0.0,0.0,0.0,0.0
16987,2023.0,4.0,28.0,23.0,19.566227,19.468004,16.967808,16.831182,19.867064,19.980635,19.807968,19.92772,16.940456,16.801983,17.112215,16.953987,19.790071,19.386223,19.95266,19.899414,17.702915,17.940134,0.0,0.0,0.0,0.0,0.0,0.0,0.0,4.0
16988,2023.0,4.0,28.0,23.0,18.889118,18.52111,16.919262,16.782331,19.258272,19.103857,19.180403,19.041616,16.861423,16.7203,16.997503,16.831062,19.2914,18.737673,19.496622,19.322351,17.080011,16.707956,0.0,0.0,0.0,0.0,0.0,0.0,0.0,0.0
16989,2023.0,4.0,28.0,23.0,18.969633,18.953764,16.870731,16.732895,18.98847,18.803083,18.895761,18.728552,16.786398,16.642353,16.898733,16.727936,19.41629,19.203259,19.267439,19.088709,16.827108,16.4393,0.0,0.0,0.0,0.0,0.0,0.0,0.0,0.0
16990,2023.0,4.0,28.0,23.0,18.852716,18.854567,16.825035,16.686888,18.795578,18.60673,18.688131,18.51739,16.71951,16.57417,16.812471,16.63986,19.339737,19.148758,19.08476,18.909754,16.707447,16.32488,0.0,0.0,0.0,0.0,0.0,0.0,0.0,0.0
16991,2023.0,4.0,28.0,23.0,18.730017,18.74507,16.786547,16.653702,18.651363,18.479162,18.53245,18.379654,16.661827,16.520025,16.740505,16.57373,19.95386,20.410934,18.93302,18.764614,16.841787,16.701515,0.0,0.0,0.0,0.0,0.0,4.0,0.0,0.0
16992,2023.0,4.0,29.0,0.0,18.61273,18.632376,16.746517,16.615648,18.515665,18.348217,18.385805,18.238115,16.60569,16.46451,16.670105,16.504536,19.073883,18.637394,18.79413,18.628077,17.540253,18.033754,0.0,0.0,0.0,0.0,0.0,0.0,0.0,4.0
16993,2023.0,4.0,29.0,0.0,18.505245,18.527956,16.708298,16.57964,18.393778,18.229507,18.254135,18.109617,17.121098,17.477673,16.89174,16.975576,18.726498,18.20688,18.668507,18.50342,16.812881,16.484705,0.0,0.0,0.0,4.0,4.0,0.0,0.0,0.0
16994,2023.0,4.0,29.0,0.0,18.406345,18.430607,16.671457,16.54458,18.28262,18.120295,18.134722,17.991718,16.712729,16.587418,16.665833,16.516552,18.585737,18.072813,18.553596,18.388096,16.545053,16.175798,0.0,0.0,0.0,0.0,0.0,0.0,0.0,0.0
16995,2023.0,4.0,29.0,0.0,18.315119,18.339767,16.635744,16.50994,18.180412,18.019028,18.025394,17.882763,16.320246,15.93819,16.86223,16.978199,18.788347,18.606518,18.448444,18.282085,16.44627,16.082085,0.0,0.0,0.0,0.0,4.0,0.0,0.0,0.0
16996,2023.0,4.0,29.0,0.0,18.234186,18.262522,16.602585,16.479065,18.090096,17.933266,17.929008,17.790688,16.184004,15.798017,16.929062,17.063179,18.753845,18.564575,18.35442,18.189812,16.58184,16.441225,0.0,0.0,0.0,0.0,4.0,0.0,0.0,0.0
16997,2023.0,4.0,29.0,0.0,18.162003,18.196823,16.572138,16.45219,18.010494,17.86156,17.844221,17.713827,16.334723,16.193348,16.350817,15.943276,18.69409,18.509092,18.270317,18.1101,16.575766,16.44274,0.0,0.0,0.0,0.0,0.0,0.0,0.0,0.0
16998,2023.0,4.0,29.0,1.0,18.086706,18.119802,16.538462,16.417822,17.92741,17.776445,17.755852,17.62276,16.33631,16.197056,16.097828,15.643023,18.631374,18.444632,18.185684,18.023094,16.539755,16.407148,0.0,0.0,0.0,0.0,0.0,0.0,0.0,0.0
16999,2023.0,4.0,29.0,1.0,18.017878,18.050957,16.503874,16.381496,17.853243,17.703733,17.677368,17.54581,16.296885,16.15557,16.284254,16.126722,18.57069,18.3824,18.107655,17.944096,16.499193,16.364614,0.0,0.0,0.0,0.0,0.0,0.0,0.0,0.0
17000,2023.0,4.0,29.0,1.0,17.953703,17.988138,16.468935,16.345417,18.489904,18.9623,18.314054,18.808146,16.258018,16.115631,16.272818,16.10822,18.512918,18.324398,18.034826,17.871914,16.458218,16.322756,0.0,4.0,4.0,0.0,0.0,0.0,0.0,0.0
17001,2023.0,4.0,29.0,1.0,17.888317,17.919754,16.431295,16.30393,18.048729,18.033821,17.85459,17.841412,16.216019,16.070503,16.221558,16.053062,18.453808,18.261988,17.961882,17.796076,16.415133,16.27672,0.0,0.0,0.0,0.0,0.0,0.0,0.0,0.0
17002,2023.0,4.0,29.0,1.0,17.82538,17.853514,16.39356,16.262068,17.436947,16.942064,17.253532,16.7799,16.173494,16.02467,16.170357,15.998182,18.396215,18.200954,17.891903,17.723076,16.37226,16.23079,0.0,0.0,0.0,0.0,0.0,0.0,0.0,0.0
17003,2023.0,4.0,29.0,1.0,17.761446,17.7829,16.352772,16.213995,17.198126,16.635153,17.01632,16.477295,16.12864,15.974601,16.1154,15.936759,18.337427,18.13643,17.821754,17.64764,16.327467,16.181326,0.0,0.0,0.0,0.0,0.0,0.0,0.0,0.0
17004,2023.0,4.0,29.0,2.0,17.70641,17.727911,16.318241,16.17835,17.436342,17.232859,17.24636,17.060856,16.087282,15.931931,16.065903,15.886618,18.284092,18.082148,17.75783,17.583252,16.285282,16.137798,0.0,0.0,0.0,0.0,0.0,0.0,0.0,0.0
17005,2023.0,4.0,29.0,2.0,17.651423,17.671131,16.28277,16.140705,17.452906,17.290396,17.258831,17.11361,16.045073,15.887857,16.334824,16.434723,18.230545,18.02674,17.694057,17.517847,16.24215,16.092941,0.0,0.0,0.0,0.0,4.0,0.0,0.0,0.0
17006,2023.0,4.0,29.0,2.0,17.602224,17.623798,16.250935,16.10957,17.409317,17.250792,17.212685,17.071487,16.005585,15.848877,16.096191,15.936137,18.181099,17.978252,17.6351,17.460236,16.935328,17.434673,0.0,0.0,0.0,0.0,0.0,0.0,0.0,4.0
17007,2023.0,4.0,29.0,2.0,17.552328,17.573336,16.217936,16.075449,17.36069,17.202835,17.161922,17.021185,15.964834,15.807103,15.977033,15.79568,18.130922,17.927158,17.575771,17.400213,16.425014,16.315609,0.0,0.0,0.0,0.0,0.0,0.0,0.0,0.0
17008,2023.0,4.0,29.0,2.0,17.503279,17.523067,16.184778,16.040852,17.310751,17.15276,17.110283,16.96911,16.514355,16.874788,15.920145,15.737242,18.081446,17.876377,17.517553,17.34087,16.009136,15.618305,0.0,0.0,0.0,4.0,0.0,0.0,0.0,0.0
17009,2023.0,4.0,29.0,2.0,18.223372,18.918255,16.152555,16.008099,17.262543,17.105406,17.060518,16.920029,16.112394,15.991751,15.867013,15.683967,18.034111,17.828836,17.461967,17.285372,15.860214,15.455201,0.0,0.0,0.0,0.0,0.0,0.0,0.0,0.0
17010,2023.0,4.0,29.0,3.0,17.733032,17.849974,16.119825,15.974254,17.214243,17.057064,17.010513,16.869917,15.9508705,15.790123,16.105844,16.173124,17.987204,17.78106,17.406925,17.229673,15.992621,15.814443,0.0,0.0,0.0,0.0,4.0,0.0,0.0,0.0
17011,2023.0,4.0,29.0,3.0,17.158644,16.828869,16.084394,15.934863,17.164072,17.004072,16.958633,16.815226,15.8943405,15.730995,15.889111,15.717021,17.939333,17.73023,17.351171,17.171371,16.72959,17.211971,0.0,0.0,0.0,0.0,0.0,0.0,0.0,4.0
17012,2023.0,4.0,29.0,3.0,16.946783,16.55838,16.047958,15.893915,17.113773,16.950605,16.906994,16.760307,16.408482,16.73881,15.76562,15.573653,17.891663,17.679613,17.295965,17.113697,15.978001,15.605493,0.0,0.0,0.0,4.0,0.0,0.0,0.0,0.0
17013,2023.0,4.0,29.0,3.0,17.179735,17.130806,16.010822,15.851998,17.063595,16.89684,16.855808,16.705338,15.734765,15.32006,15.996256,16.05037,17.844088,17.62885,17.241226,17.056234,15.704895,15.273827,0.0,0.0,0.0,0.0,4.0,0.0,0.0,0.0
17014,2023.0,4.0,29.0,3.0,17.237326,17.252304,15.968795,15.800621,17.008698,16.833267,16.79977,16.640427,15.45435,14.981638,16.09817,16.190987,17.79355,17.571825,17.183851,16.99285,15.59394,15.151751,0.0,0.0,0.0,0.0,4.0,0.0,0.0,0.0
17015,2023.0,4.0,29.0,3.0,17.202936,17.217075,15.935536,15.766814,16.963972,16.789751,16.754131,16.596037,15.61266,15.400289,15.793309,15.57108,17.749943,17.528303,17.133604,16.943176,16.468807,16.904112,0.0,0.0,0.0,0.0,4.0,0.0,0.0,4.0
17016,2023.0,4.0,29.0,4.0,17.161013,17.171585,15.897812,15.724062,16.914743,16.736769,16.704077,16.542109,15.636274,15.454306,15.365086,14.858779,17.703684,17.478907,17.080837,16.887749,15.769422,15.367321,0.0,0.0,0.0,0.0,0.0,0.0,0.0,0.0
17017,2023.0,4.0,29.0,4.0,17.11772,17.125746,15.861,15.683913,16.867052,16.686571,16.655739,16.49108,15.601052,15.419214,15.158371,14.611442,17.65881,17.43179,17.029387,16.834373,16.20179,16.359192,0.0,0.0,0.0,0.0,0.0,0.0,0.0,4.0
17018,2023.0,4.0,29.0,4.0,17.075111,17.081491,15.824983,15.646034,16.82127,16.639498,16.609165,16.443176,15.561944,15.379012,15.333638,15.076791,18.380867,18.83371,16.980082,16.784107,15.647108,15.200536,0.0,0.0,0.0,0.0,0.0,4.0,0.0,0.0
17019,2023.0,4.0,29.0,4.0,17.793915,18.467297,15.788565,15.60801,16.776129,16.593086,16.563026,16.395836,16.08511,16.392735,15.379834,15.165209,17.506742,17.00268,16.932058,16.73525,15.435947,14.973666,0.0,0.0,0.0,4.0,0.0,0.0,0.0,0.0
17020,2023.0,4.0,29.0,4.0,17.312769,17.411352,15.751375,15.568416,16.730629,16.545406,16.516226,16.347038,15.710761,15.562269,15.638316,15.67667,17.199469,16.60869,16.884527,16.686157,16.033255,16.176342,0.0,0.0,0.0,0.0,4.0,0.0,0.0,4.0
17021,2023.0,4.0,29.0,4.0,16.703415,16.31807,15.714423,15.528967,16.685343,16.498102,16.469872,16.298712,15.269356,14.798775,15.431955,15.226524,17.09751,16.505981,16.838411,16.638636,15.490151,15.027491,0.0,0.0,0.0,0.0,0.0,0.0,0.0,0.0
17022,2023.0,4.0,29.0,5.0,16.496714,16.062141,15.678512,15.491304,16.641115,16.45291,16.425121,16.252842,15.640092,15.60991,15.325988,15.10958,18.095726,18.505533,17.813875,18.51208,15.297852,14.827729,0.0,0.0,0.0,4.0,0.0,4.0,4.0,0.0
17023,2023.0,4.0,29.0,5.0,16.750526,16.676916,15.644998,15.45856,16.599567,16.412481,16.382694,16.211573,15.797318,15.821491,15.286314,15.072576,17.319443,16.81106,17.80405,18.226612,15.2165,14.7519655,0.0,0.0,0.0,4.0,0.0,0.0,4.0,0.0
17024,2023.0,4.0,29.0,5.0,16.815067,16.808292,15.612857,15.427858,16.560108,16.374279,16.341438,16.172018,15.2972555,14.860345,15.247675,15.035405,17.030552,16.441092,16.843746,16.378582,16.114386,16.537775,0.0,0.0,0.0,0.0,0.0,0.0,0.0,4.0
17025,2023.0,4.0,29.0,5.0,16.788824,16.78616,15.581148,15.397792,16.52143,16.337088,16.300919,16.133335,15.076563,14.589519,15.212301,15.001483,16.946661,16.363102,16.55053,16.041239,15.434724,15.026129,0.0,0.0,0.0,0.0,0.0,0.0,0.0,0.0
17026,2023.0,4.0,29.0,5.0,17.524942,18.199547,15.549737,15.368171,17.204666,17.65324,16.26138,16.09559,14.998499,14.533554,15.179146,14.969945,17.960264,18.383492,16.430618,15.927646,15.18518,14.72771,0.0,4.0,0.0,0.0,0.0,4.0,0.0,0.0
17027,2023.0,4.0,29.0,5.0,17.419264,17.724764,15.515633,15.33607,16.86903,16.825457,16.218699,16.054958,15.733839,16.006927,15.144405,14.9372015,17.30459,16.799994,16.32344,15.826136,15.777471,15.921381,0.0,0.0,0.0,4.0,0.0,0.0,0.0,4.0
17028,2023.0,4.0,29.0,6.0,16.704565,16.420847,15.484975,15.306807,16.921953,16.966663,16.180414,16.01814,16.06836,16.457676,15.396511,15.432657,17.80419,17.925688,17.54195,18.223246,16.013279,16.221937,0.0,4.0,0.0,4.0,4.0,4.0,4.0,4.0
17029,2023.0,4.0,29.0,6.0,21.087454,24.221376,15.455461,15.279864,20.945818,24.021145,21.190655,24.816893,19.97239,23.134169,20.164001,23.598738,20.605099,22.763098,21.258749,24.478785,20.805994,24.415041,0.0,0.0,0.0,0.0,4.0,0.0,0.0,4.0
17030,2023.0,4.0,29.0,6.0,21.014917,23.575518,15.42762,15.253417,21.063648,23.706928,20.985771,23.855642,17.608757,17.918295,20.010277,22.754225,21.33965,23.742496,22.454489,25.88927,21.334038,24.67251,0.0,0.0,0.0,4.0,0.0,4.0,4.0,4.0
17031,2023.0,4.0,29.0,6.0,21.079243,23.391138,15.402476,15.228856,21.101347,23.432554,21.092926,23.700691,20.366482,23.276354,17.753681,18.028454,21.055386,22.877903,20.881786,22.711462,19.893328,21.766712,0.0,0.0,0.0,4.0,0.0,4.0,0.0,0.0
17032,2023.0,4.0,29.0,6.0,21.068369,23.16379,15.378536,15.2057495,21.046522,23.117865,21.076817,23.423103,20.021381,22.226847,16.800163,16.883951,21.054928,22.675844,21.112345,22.996431,17.68002,17.389057,0.0,4.0,0.0,4.0,4.0,4.0,0.0,0.0
17033,2023.0,4.0,29.0,6.0,21.067055,23.017279,15.35528,15.183595,21.053003,23.00298,21.076817,23.252491,21.437437,24.354448,20.346722,23.10929,21.051502,22.523178,21.041042,22.694815,16.603924,16.090841,0.0,4.0,0.0,0.0,0.0,4.0,4.0,0.0
17034,2023.0,4.0,29.0,7.0,21.064577,22.908112,15.33428,15.162925,21.073452,22.906307,21.050785,23.05879,18.579369,18.45489,18.393444,18.934593,21.049053,22.409542,21.088377,22.72213,17.404322,17.938204,0.0,4.0,4.0,0.0,4.0,4.0,0.0,4.0
17035,2023.0,4.0,29.0,7.0,21.062757,22.828085,15.793287,16.038935,21.068342,22.798603,21.053928,22.97958,16.93145,16.380468,20.294502,22.743643,21.076006,22.398254,21.039112,22.518456,21.632181,25.081099,4.0,4.0,4.0,0.0,0.0,0.0,4.0,0.0
17036,2023.0,4.0,29.0,7.0,21.962784,24.159336,20.288717,23.716137,21.903345,24.003506,21.76867,24.094183,16.836002,16.606716,18.267174,18.508633,21.873549,23.588537,21.86469,23.943756,18.42623,18.334517,4.0,4.0,4.0,0.0,0.0,0.0,0.0,0.0
17037,2023.0,4.0,29.0,7.0,21.794022,23.796703,20.024265,22.64959,21.733286,23.625364,21.840237,24.115173,16.755087,16.56827,17.064743,16.895172,21.658363,23.196337,22.032316,23.925041,16.842766,16.363129,4.0,4.0,0.0,0.0,0.0,4.0,4.0,0.0
17038,2023.0,4.0,29.0,7.0,22.01665,23.96208,20.09143,22.422989,20.965252,22.204565,20.973719,22.39567,16.599192,16.422434,16.750921,16.542965,21.790977,23.258715,21.009691,22.131033,16.774422,16.582829,4.0,0.0,4.0,0.0,0.0,4.0,0.0,0.0
17039,2023.0,4.0,29.0,7.0,22.013971,24.006662,20.095419,22.20056,21.095535,22.500347,21.10148,22.683302,16.468302,16.29978,16.56956,16.365538,21.856731,23.205343,21.078367,22.296299,16.709827,16.549784,0.0,0.0,0.0,0.0,0.0,0.0,0.0,0.0
17040,2023.0,4.0,29.0,8.0,20.91408,22.004942,17.879131,17.77339,21.052101,22.407717,21.082104,22.641314,16.362919,16.202291,16.829704,16.977451,21.04025,21.845108,21.068806,22.285618,16.581524,16.429298,0.0,4.0,0.0,0.0,4.0,0.0,0.0,0.0
17041,2023.0,4.0,29.0,8.0,19.336655,19.161526,16.925154,16.756329,19.245077,18.988615,19.601023,19.768892,16.27587,16.1225,20.34959,23.025372,20.263527,20.371023,19.36229,19.009228,16.474945,16.3312,0.0,0.0,4.0,0.0,0.0,4.0,0.0,0.0
17042,2023.0,4.0,29.0,8.0,18.414143,18.028189,17.167517,17.40933,18.156075,17.591974,18.238674,17.767162,16.200384,16.051462,18.273945,18.606691,19.277548,18.807226,18.760916,18.541391,16.38374,16.244698,4.0,0.0,0.0,0.0,0.0,0.0,0.0,0.0
17043,2023.0,4.0,29.0,8.0,18.087494,17.681986,20.298254,22.902132,17.813581,17.214075,17.756758,17.18119,16.145475,15.997759,17.301247,17.102718,18.854092,18.264687,18.592402,18.395544,16.318108,16.18075,4.0,0.0,0.0,0.0,0.0,0.0,0.0,0.0
17044,2023.0,4.0,29.0,8.0,17.821,17.444782,20.027851,22.059744,17.881874,17.640656,17.44605,16.889233,16.090252,15.944185,17.014486,16.799404,19.372713,19.487019,18.387806,18.196993,16.249668,16.114101,4.0,0.0,0.0,0.0,0.0,4.0,0.0,0.0
17045,2023.0,4.0,29.0,8.0,17.916973,17.880348,20.094072,22.009136,17.818182,17.64077,17.515411,17.296415,16.044806,15.900337,16.842533,16.631413,19.50648,19.66084,18.212864,18.02898,17.158976,17.884806,0.0,0.0,0.0,0.0,0.0,4.0,0.0,4.0
17046,2023.0,4.0,29.0,9.0,17.87337,17.891626,18.081005,18.011766,17.670422,17.507639,17.469976,17.318811,16.008682,15.86492,16.719418,16.515375,18.81728,18.406261,18.064877,17.885517,20.330416,23.163462,0.0,0.0,0.0,0.0,0.0,0.0,0.0,0.0
17047,2023.0,4.0,29.0,9.0,17.746792,17.779085,16.885769,16.44435,17.5365,17.387411,18.034908,18.50839,15.984384,15.844602,16.627665,16.4327,19.149368,19.30126,17.94488,17.772903,18.445568,18.998217,0.0,0.0,4.0,0.0,0.0,4.0,0.0,4.0
17048,2023.0,4.0,29.0,9.0,18.389538,19.08026,16.853222,16.651737,17.44112,17.304342,17.60911,17.651085,16.73456,17.268988,16.572004,16.383204,18.6054,18.214201,17.864698,17.697903,20.362955,22.448162,0.0,0.0,0.0,4.0,0.0,0.0,0.0,0.0
17049,2023.0,4.0,29.0,9.0,17.976976,18.162382,16.797289,16.68491,17.343164,17.222542,16.985363,16.651917,20.320633,23.314974,16.52085,16.340242,19.022167,19.226198,17.786396,17.62687,18.173859,18.104187,0.0,0.0,0.0,0.0,0.0,4.0,0.0,0.0
17050,2023.0,4.0,29.0,9.0,17.39168,17.24901,16.653059,16.560009,17.952423,18.455185,16.730635,16.362585,17.813967,17.91612,16.481356,16.30618,19.2838,19.566174,18.775698,19.558292,17.135305,16.793325,0.0,4.0,0.0,0.0,0.0,4.0,4.0,0.0
17051,2023.0,4.0,29.0,9.0,17.202274,17.028124,16.547922,16.462814,18.170134,18.771685,16.857521,16.727463,16.868147,16.501535,16.461605,16.289318,18.624031,18.29349,18.859566,19.463285,17.818148,18.267555,0.0,4.0,0.0,0.0,0.0,0.0,4.0,4.0
17052,2023.0,4.0,29.0,10.0,17.120409,16.974789,16.455984,16.385664,17.397724,17.27419,16.869448,16.796774,16.84383,16.65047,16.45063,16.281813,18.379381,17.958078,17.991291,17.781265,20.279953,22.583248,0.0,0.0,0.0,0.0,0.0,0.0,0.0,0.0
17053,2023.0,4.0,29.0,10.0,17.23111,17.298925,16.357876,16.299175,16.943539,16.664948,16.81859,16.759052,16.80062,16.639078,16.441948,16.27347,18.287113,17.871214,17.576647,17.249523,18.203348,18.228054,0.0,0.0,0.0,0.0,0.0,0.0,0.0,0.0
17054,2023.0,4.0,29.0,10.0,17.245298,17.360046,16.28105,16.22515,16.816244,16.52771,16.76948,16.715982,16.73678,16.573463,16.442942,16.27289,18.24416,17.836843,17.477346,17.140419,17.421852,17.071644,0.0,0.0,0.0,0.0,0.0,0.0,0.0,0.0
17055,2023.0,4.0,29.0,10.0,17.205578,17.330278,16.217161,16.173363,16.752243,16.489193,16.724552,16.681328,16.688797,16.528105,16.859602,17.049715,18.411201,18.209326,17.4343,17.109123,17.37991,17.200806,0.0,0.0,0.0,0.0,4.0,0.0,0.0,0.0
17056,2023.0,4.0,29.0,10.0,17.1618,17.291506,16.160318,16.127043,17.568789,18.109777,17.395096,17.984894,16.65399,16.494305,20.22286,22.89265,19.255432,19.791101,17.543034,17.366543,17.29618,17.135603,0.0,4.0,4.0,0.0,4.0,4.0,0.0,0.0
17057,2023.0,4.0,29.0,10.0,17.120394,17.26347,16.100464,16.074734,17.745985,18.199635,17.045343,17.136065,16.619888,16.460173,20.023735,22.043028,19.413336,19.820389,17.588049,17.433931,17.189972,17.03052,0.0,4.0,0.0,0.0,0.0,4.0,0.0,0.0
17058,2023.0,4.0,29.0,11.0,17.086071,17.239914,16.049828,16.03193,17.146917,17.097517,16.619925,16.491173,16.595547,16.436407,18.300503,18.419712,19.461876,19.86314,17.584845,17.432987,17.104927,16.948433,0.0,0.0,0.0,0.0,0.0,4.0,0.0,0.0
17059,2023.0,4.0,29.0,11.0,17.051304,17.20988,16.51128,16.93505,16.86782,16.69163,16.487955,16.328468,16.58323,16.4223,17.672304,17.477947,19.535484,19.942348,17.579824,17.427258,17.048166,16.889013,4.0,0.0,0.0,0.0,0.0,4.0,0.0,0.0
17060,2023.0,4.0,29.0,11.0,17.017511,17.18099,20.215923,23.304209,16.777817,16.61195,16.54399,16.50917,16.575733,16.414429,17.550396,17.349112,18.842993,18.579641,17.575428,17.422304,17.002544,16.845322,0.0,0.0,0.0,0.0,0.0,0.0,0.0,0.0
17061,2023.0,4.0,29.0,11.0,16.969397,17.12706,18.180458,18.83717,17.535646,18.123034,17.268295,17.892862,16.571163,16.409271,17.450903,17.249138,19.305996,19.623497,17.571165,17.417374,16.956648,16.800262,0.0,4.0,4.0,0.0,0.0,4.0,0.0,0.0
17062,2023.0,4.0,29.0,11.0,16.935884,17.096516,17.098656,17.144138,17.055122,17.071915,17.368605,17.919933,16.574345,16.411598,17.400885,17.195011,18.78293,18.511843,17.56994,17.415318,16.926949,16.769606,0.0,0.0,4.0,0.0,0.0,0.0,0.0,0.0
17063,2023.0,4.0,29.0,11.0,16.905737,17.071032,16.844082,16.852457,17.488977,17.992645,16.772566,16.779018,16.579576,16.4166,17.363958,17.158587,18.603676,18.261988,17.570347,17.4153,16.903109,16.746218,0.0,4.0,0.0,0.0,0.0,0.0,0.0,0.0
17064,2023.0,4.0,29.0,12.0,16.884726,17.061377,16.688688,16.698856,17.02304,17.03627,16.551815,16.47369,16.586258,16.423113,17.336636,17.132053,18.573914,18.2413,17.571905,17.416721,16.884876,16.728636,0.0,0.0,0.0,0.0,0.0,0.0,0.0,0.0
17065,2023.0,4.0,29.0,12.0,21.29793,24.764652,16.57422,16.588678,21.240555,24.521235,21.080551,24.468422,16.593065,16.429214,17.313787,17.10934,21.290844,23.00749,22.208216,25.47981,16.868664,16.71218,0.0,4.0,0.0,0.0,0.0,0.0,0.0,0.0
17066,2023.0,4.0,29.0,12.0,21.009064,23.77014,16.46132,16.479252,21.025274,23.648428,21.0179,23.823732,16.604345,16.439596,17.289019,17.084654,21.007692,22.33361,22.331026,25.010258,16.853798,16.697123,0.0,0.0,0.0,0.0,0.0,0.0,0.0,0.0
17067,2023.0,4.0,29.0,12.0,21.18721,23.787241,16.35623,16.368004,21.148262,23.539162,21.181664,23.813992,16.619959,16.456036,17.268738,17.063118,21.086428,22.330868,21.117062,22.777054,16.845808,16.68965,0.0,4.0,0.0,0.0,0.0,0.0,0.0,0.0
17068,2023.0,4.0,29.0,12.0,21.167799,23.497484,16.276102,16.292278,21.169132,23.384178,21.163118,23.534777,16.6369,16.473602,17.256504,17.051962,21.077387,22.18792,21.041637,22.478327,16.844687,16.689968,0.0,0.0,0.0,0.0,0.0,0.0,4.0,0.0
17069,2023.0,4.0,29.0,12.0,21.141506,23.325108,16.206934,16.227514,21.157053,23.207954,21.153025,23.377869,16.65451,16.492153,17.248535,17.045452,21.076544,22.102598,21.116665,22.586254,16.847008,16.694029,0.0,0.0,0.0,0.0,0.0,0.0,0.0,0.0
17070,2023.0,4.0,29.0,13.0,21.13387,23.219387,16.14662,16.171574,21.132925,23.077682,21.104734,23.153593,16.671883,16.510756,17.243578,17.042305,21.07249,22.025656,21.107975,22.459785,16.851192,16.700163,0.0,0.0,4.0,0.0,0.0,0.0,0.0,0.0
17071,2023.0,4.0,29.0,13.0,21.052177,23.01166,16.098667,16.133066,21.052755,22.880917,21.074755,23.056417,16.687654,16.527142,17.240896,17.041952,21.027025,21.893904,21.043177,22.290009,17.874006,18.63654,0.0,0.0,0.0,0.0,0.0,0.0,0.0,4.0
17072,2023.0,4.0,29.0,13.0,21.060434,22.978327,16.051245,16.08958,21.060781,22.850515,21.04917,22.917963,16.70374,16.545103,17.239475,17.04295,21.030144,21.85994,21.049616,22.252016,20.264992,22.588156,0.0,0.0,4.0,0.0,0.0,0.0,0.0,0.0
17073,2023.0,4.0,29.0,13.0,21.05833,22.933254,16.00877,16.050787,21.05852,22.80732,21.076414,22.941103,16.718678,16.56224,17.625593,17.770603,21.028967,21.824434,21.001823,22.099487,18.393097,18.58984,0.0,0.0,0.0,0.0,4.0,0.0,4.0,0.0
17074,2023.0,4.0,29.0,13.0,21.057383,22.897535,15.971392,16.016794,21.033285,22.70536,21.069513,22.881739,16.732203,16.578215,20.264963,22.316338,21.028437,21.796143,21.054665,22.203806,17.472542,17.308008,0.0,4.0,0.0,0.0,0.0,0.0,0.0,0.0
17075,2023.0,4.0,29.0,13.0,21.056484,22.867142,15.939217,15.987346,21.061913,22.760017,21.068632,22.840824,16.743687,16.592598,18.845518,19.24867,21.02788,21.773287,21.045616,22.155203,17.323881,17.182905,0.0,0.0,0.0,0.0,0.0,0.0,0.0,0.0
17076,2023.0,4.0,29.0,14.0,21.054821,22.839432,15.909463,15.959454,21.063112,22.721281,21.057566,22.80418,16.75299,16.605808,17.863565,17.7343,20.996544,21.674076,21.004257,22.017893,17.270134,17.13193,0.0,0.0,0.0,0.0,0.0,4.0,4.0,0.0
17077,2023.0,4.0,29.0,14.0,19.633677,20.085497,15.882823,15.93524,19.535099,19.756453,19.564964,19.921232,17.508432,18.026703,17.673243,17.507233,20.778402,21.237167,19.766611,19.662783,17.222368,17.088617,0.0,0.0,0.0,4.0,0.0,4.0,0.0,0.0
17078,2023.0,4.0,29.0,14.0,19.68648,20.507544,16.329838,16.791115,19.566256,20.16135,18.835138,18.894005,20.276648,22.811024,17.606642,17.433271,19.998661,19.794714,20.249302,20.846172,18.1194,18.814726,4.0,4.0,0.0,0.0,0.0,0.0,4.0,4.0
17079,2023.0,4.0,29.0,14.0,19.069145,19.384232,20.245768,23.483725,18.940895,19.034586,18.471333,18.511007,18.370224,18.680838,17.546684,17.374567,20.365585,20.73401,19.53398,19.378508,20.239717,22.353947,0.0,0.0,0.0,0.0,0.0,4.0,0.0,0.0
17080,2023.0,4.0,29.0,14.0,18.503483,18.639801,18.152014,18.884375,18.401962,18.357822,18.881638,19.506676,17.375042,17.274773,17.498472,17.330454,20.578825,21.030357,19.068481,18.840395,18.52355,18.735298,0.0,0.0,4.0,0.0,0.0,4.0,0.0,0.0
17081,2023.0,4.0,29.0,14.0,18.996922,19.734562,17.044947,17.14374,18.183846,18.115234,18.368217,18.530752,17.923248,18.415018,17.858078,18.038006,20.591751,21.052803,18.908098,18.678324,17.844057,17.692612,0.0,0.0,0.0,4.0,4.0,4.0,0.0,0.0
17082,2023.0,4.0,29.0,15.0,19.048517,19.80069,16.799412,16.863194,18.09205,18.092276,18.615948,19.160147,20.390585,22.7223,20.22199,22.198557,20.589413,21.055943,18.786486,18.567867,17.654737,17.493296,0.0,0.0,4.0,4.0,0.0,4.0,0.0,0.0
17083,2023.0,4.0,29.0,15.0,18.997492,19.743055,17.084795,17.542315,17.970837,17.988564,18.139193,18.249126,20.00378,21.682823,18.866573,19.254074,19.8601,19.689434,18.725,18.575485,17.547344,17.421318,4.0,0.0,0.0,4.0,0.0,0.0,0.0,0.0
17084,2023.0,4.0,29.0,15.0,18.97528,19.734379,20.291649,23.104704,17.842752,17.863594,18.392483,18.9595,20.032127,21.567846,17.951166,17.882423,20.248404,20.651548,18.648462,18.513296,17.454885,17.33629,4.0,0.0,4.0,4.0,0.0,4.0,0.0,0.0
17085,2023.0,4.0,29.0,15.0,18.950401,19.711868,20.013798,22.24944,17.725065,17.743456,18.525759,19.137037,20.054722,21.516205,17.717718,17.580738,20.48867,20.98609,18.559126,18.427126,17.367275,17.249567,0.0,0.0,4.0,0.0,0.0,4.0,0.0,0.0
17086,2023.0,4.0,29.0,15.0,18.923449,19.685167,18.59176,19.282211,17.631235,17.656643,17.93588,18.063032,18.752209,18.915638,17.636345,17.501879,20.51195,21.015303,18.482687,18.358816,17.298052,17.187332,4.0,0.0,0.0,0.0,0.0,4.0,0.0,0.0
17087,2023.0,4.0,29.0,15.0,18.918734,19.692482,20.21039,22.378016,18.25445,18.891764,18.291199,18.872393,18.832037,19.287828,17.585386,17.452206,20.522156,21.03248,19.456734,20.25996,17.243715,17.1367,0.0,4.0,4.0,4.0,0.0,4.0,4.0,0.0
17088,2023.0,4.0,29.0,16.0,18.30191,18.554924,18.83353,19.508162,17.92659,18.11988,18.44442,19.072973,20.169624,21.686634,17.533323,17.40733,19.802399,19.6739,18.828386,18.787855,17.18796,17.086563,4.0,0.0,4.0,0.0,0.0,0.0,0.0,0.0
17089,2023.0,4.0,29.0,16.0,17.936752,18.090504,20.249117,22.354425,18.195711,18.788626,18.425116,19.050148,19.416113,20.079601,17.47972,17.356838,19.45978,19.241709,18.416553,18.265427,17.134336,17.036661,4.0,4.0,4.0,4.0,0.0,0.0,0.0,0.0
17090,2023.0,4.0,29.0,16.0,17.784552,17.92062,20.01957,21.7675,17.78124,17.901896,18.406225,19.02783,20.147621,21.601572,17.429142,17.309824,19.339191,19.119562,18.29503,18.137543,17.083405,16.989117,4.0,0.0,4.0,0.0,0.0,0.0,0.0,0.0
17091,2023.0,4.0,29.0,16.0,18.41815,19.196196,20.05122,21.739445,17.455557,17.468124,18.387867,19.006117,19.409624,20.040154,17.3824,17.267645,19.993752,20.448397,19.225275,19.97094,17.035694,16.945522,4.0,0.0,4.0,4.0,0.0,4.0,4.0,0.0
17092,2023.0,4.0,29.0,16.0,17.978746,18.206625,20.046085,21.662632,18.012009,18.597343,18.370245,18.985064,20.144997,21.572395,17.338438,17.228964,20.25186,20.789883,18.611057,18.551882,16.990313,16.90445,4.0,4.0,4.0,0.0,0.0,4.0,0.0,0.0
17093,2023.0,4.0,29.0,16.0,17.661665,17.804993,20.045822,21.610807,18.231133,18.850105,18.353716,18.965212,18.847075,18.976616,17.29714,17.193645,19.55672,19.448904,18.248009,18.104483,17.885164,18.635857,4.0,4.0,4.0,0.0,0.0,0.0,0.0,4.0
17094,2023.0,4.0,29.0,17.0,17.561958,17.704191,20.062426,21.617107,18.26108,18.87405,18.338917,18.946762,18.0834,17.946627,17.257023,17.158512,19.22328,19.018976,18.134369,17.986135,20.297106,22.65571,0.0,4.0,4.0,0.0,0.0,0.0,0.0,0.0
17095,2023.0,4.0,29.0,17.0,18.287401,19.134892,18.70089,18.972057,18.280426,18.887743,18.325962,18.929811,17.876307,17.7758,17.219719,17.126873,19.846134,20.291998,18.054333,17.908186,18.395033,18.632221,0.0,4.0,4.0,0.0,0.0,4.0,0.0,0.0
17096,2023.0,4.0,29.0,17.0,18.406544,19.199493,18.00608,17.971779,18.290045,18.89226,17.723778,17.81302,17.76888,17.675367,17.18672,17.097685,19.30194,19.177574,18.042852,17.94856,17.693338,17.578512,0.0,4.0,0.0,0.0,0.0,0.0,0.0,0.0
17097,2023.0,4.0,29.0,17.0,18.430595,19.20813,17.795723,17.805676,18.296474,18.893326,17.42345,17.386997,17.656555,17.560217,17.150347,17.062878,19.071545,18.859425,18.006332,17.919985,17.52775,17.436056,0.0,4.0,0.0,0.0,0.0,0.0,0.0,0.0
17098,2023.0,4.0,29.0,17.0,18.457998,19.225626,18.082485,18.502985,17.718212,17.809639,17.316544,17.291447,17.570866,17.485682,17.118235,17.037048,18.997387,18.79359,19.029427,19.89597,17.415691,17.33665,4.0,0.0,0.0,0.0,0.0,0.0,4.0,0.0
17099,2023.0,4.0,29.0,17.0,17.857487,18.082726,20.244507,22.328903,17.439516,17.412155,17.888836,18.442026,17.486189,17.40434,17.082481,17.003958,19.668995,20.129362,18.331917,18.364372,17.316147,17.240402,4.0,0.0,4.0,0.0,0.0,4.0,0.0,0.0
17100,2023.0,4.0,29.0,18.0,18.250263,19.010738,20.015953,21.69348,17.979317,18.52855,18.102455,18.695099,17.397375,17.318903,17.046127,16.970081,19.94904,20.494349,18.927063,19.704966,17.218773,17.146338,4.0,4.0,4.0,0.0,0.0,4.0,4.0,0.0
17101,2023.0,4.0,29.0,18.0,21.260847,24.141401,20.06641,21.69449,21.293568,24.172497,21.251745,24.163797,18.103315,18.727942,17.420607,17.707241,21.226995,22.760536,22.457344,25.635038,17.132763,17.061892,0.0,4.0,0.0,4.0,4.0,0.0,0.0,0.0
17102,2023.0,4.0,29.0,18.0,21.002785,23.279966,18.940603,19.427324,21.00824,23.263613,21.025814,23.365372,20.375166,22.569153,20.248255,22.63209,21.001825,22.137062,20.89837,22.405396,17.060993,16.992416,4.0,4.0,0.0,0.0,0.0,4.0,4.0,0.0
17103,2023.0,4.0,29.0,18.0,21.165335,23.388195,20.229176,22.017454,21.161425,23.338633,21.158487,23.396467,19.086504,19.725494,18.569958,18.964216,21.135418,22.323797,21.267376,23.001913,17.002567,16.938068,4.0,4.0,0.0,4.0,0.0,0.0,4.0,0.0
17104,2023.0,4.0,29.0,18.0,21.044714,22.996876,20.019781,21.502155,21.048708,22.95176,21.060123,23.056873,20.22606,21.993855,17.9705,18.294556,21.041004,22.05484,21.058197,22.513311,16.952291,16.89172,4.0,4.0,0.0,0.0,4.0,0.0,0.0,0.0
17105,2023.0,4.0,29.0,18.0,21.043917,22.890865,20.046299,21.48813,21.072319,22.903883,21.061243,22.95708,19.216373,19.801521,20.26078,22.312538,21.011349,21.92062,21.015198,22.32432,16.907179,16.850323,4.0,0.0,0.0,4.0,0.0,4.0,4.0,0.0
17106,2023.0,4.0,29.0,19.0,21.042437,22.809072,20.041964,21.430513,21.065758,22.799133,21.035564,22.81011,20.200356,21.78869,18.587702,18.764217,21.04583,21.974628,21.02177,22.286966,17.879076,18.733282,4.0,0.0,4.0,0.0,0.0,0.0,4.0,4.0
17107,2023.0,4.0,29.0,19.0,21.041668,22.745401,20.060118,21.44201,21.041128,22.65758,21.039576,22.763723,19.285328,19.831224,17.626205,17.455904,21.010578,21.852825,21.060575,22.353867,20.257486,22.601633,0.0,4.0,4.0,4.0,0.0,4.0,0.0,4.0
17108,2023.0,4.0,29.0,19.0,21.041101,22.69339,19.04287,19.435068,21.04539,22.613071,21.049322,22.718143,20.156485,21.583622,17.482946,17.387163,21.016403,21.846937,21.013268,22.1925,20.004875,21.811844,4.0,4.0,4.0,4.0,0.0,4.0,4.0,4.0
17109,2023.0,4.0,29.0,19.0,21.165985,22.919043,20.20369,21.850336,21.19638,22.87267,21.190287,22.94875,20.042326,21.294207,17.400438,17.317745,21.217161,22.236242,21.214523,22.597357,20.034216,21.673859,0.0,4.0,4.0,0.0,0.0,4.0,0.0,4.0
17110,2023.0,4.0,29.0,19.0,21.060875,22.661856,18.70861,18.838615,21.044016,22.527676,21.071638,22.683342,19.292053,19.754368,17.295776,17.215252,21.0165,21.819632,21.052507,22.240458,20.02932,21.52818,0.0,4.0,0.0,4.0,0.0,4.0,0.0,4.0
17111,2023.0,4.0,29.0,19.0,21.035044,22.552197,17.950254,17.938843,21.069273,22.566803,21.06661,22.631031,20.181307,21.558468,17.196,17.114563,21.047934,21.893553,21.054121,22.21884,20.064672,21.525808,0.0,0.0,0.0,0.0,0.0,0.0,0.0,0.0
17112,2023.0,4.0,29.0,20.0,21.04018,22.535526,17.721571,17.692194,21.039083,22.453367,21.042189,22.52526,18.727264,18.656338,17.102428,17.020042,21.013014,21.789198,21.054008,22.197021,19.254822,19.841984,0.0,4.0,4.0,0.0,0.0,4.0,0.0,4.0
17113,2023.0,4.0,29.0,20.0,21.039814,22.512383,17.983711,18.331434,21.06958,22.507664,21.047203,22.508287,17.929533,17.65488,17.013298,16.927946,21.019041,21.794903,21.043962,22.178892,20.151884,21.63243,4.0,0.0,4.0,0.0,0.0,4.0,0.0,4.0
17114,2023.0,4.0,29.0,20.0,21.040117,22.492891,20.250511,22.316372,21.039003,22.398352,21.046822,22.484488,17.81333,17.685328,16.928432,16.838642,21.049427,21.86799,21.045374,22.17917,20.049137,21.380037,0.0,4.0,4.0,0.0,0.0,0.0,0.0,0.0
17115,2023.0,4.0,29.0,20.0,21.066813,22.546501,18.6994,19.05969,21.044813,22.388762,21.071995,22.532345,17.710258,17.599003,17.237686,17.48287,21.014656,21.764528,21.045237,22.174337,19.279562,19.797485,0.0,4.0,0.0,0.0,4.0,4.0,0.0,4.0
17116,2023.0,4.0,29.0,20.0,21.035444,22.438564,18.156523,18.523895,21.069574,22.438578,21.042234,22.426447,18.341991,18.915188,20.329906,22.744068,21.02069,21.770405,21.045286,22.16848,20.333942,21.937355,4.0,0.0,4.0,4.0,4.0,4.0,0.0,0.0
17117,2023.0,4.0,29.0,20.0,21.178553,22.706398,20.253117,22.2153,21.149065,22.572586,21.17095,22.662336,20.471037,22.546041,20.032557,21.850708,21.126099,21.993658,21.2093,22.489687,18.553684,18.387548,0.0,0.0,4.0,0.0,0.0,0.0,0.0,0.0
17118,2023.0,4.0,29.0,21.0,21.066776,22.481026,18.450497,18.486017,21.065046,22.377573,21.046932,22.391876,18.97825,19.343197,18.231003,18.150946,21.016186,21.737936,21.005508,22.043423,17.723255,17.384762,0.0,0.0,4.0,4.0,0.0,4.0,4.0,0.0
17119,2023.0,4.0,29.0,21.0,21.061756,22.448767,18.05514,18.339922,21.02427,22.28677,21.047556,22.377771,20.285933,21.896404,17.45871,17.31004,21.02203,21.74493,21.066284,22.170946,18.382132,18.871372,4.0,4.0,4.0,0.0,0.0,4.0,0.0,4.0
17120,2023.0,4.0,29.0,21.0,21.061829,22.42633,20.261248,22.236347,21.072449,22.378513,21.047443,22.363125,19.074883,19.38995,17.307383,17.164587,21.021864,21.740509,21.056107,22.127071,20.202179,21.89897,0.0,0.0,4.0,4.0,0.0,4.0,0.0,4.0
17121,2023.0,4.0,29.0,21.0,21.046717,22.40586,18.707838,19.002655,21.064419,22.338951,21.072426,22.417757,20.265408,21.744904,17.166536,17.027374,21.022038,21.736168,21.056961,22.107105,20.011677,21.366188,0.0,0.0,0.0,0.0,0.0,4.0,0.0,4.0
17122,2023.0,4.0,29.0,21.0,21.04821,22.41045,18.173185,18.488031,21.065212,22.318739,21.067154,22.386164,19.122929,19.402895,17.041296,16.897034,21.022326,21.731426,21.043533,22.08824,20.033714,21.304682,4.0,0.0,0.0,4.0,0.0,4.0,0.0,4.0
17123,2023.0,4.0,29.0,21.0,21.256126,22.80488,20.259514,22.17864,21.048311,22.299097,21.042604,22.297276,20.221306,21.572866,17.29824,17.472916,21.19303,22.066902,21.005388,21.98677,20.06642,21.322254,0.0,0.0,4.0,4.0,4.0,4.0,4.0,0.0
17124,2023.0,4.0,29.0,22.0,21.068806,22.41419,18.687458,18.872444,21.050522,22.308361,21.07292,22.364706,20.182404,21.477201,20.4073,22.675476,21.052868,21.793495,21.066875,22.11894,19.23375,19.615164,4.0,0.0,0.0,0.0,0.0,0.0,0.0,4.0
17125,2023.0,4.0,29.0,22.0,21.061092,22.374353,20.232912,22.059843,21.050066,22.308298,21.066671,22.334833,18.548452,18.261461,18.744616,19.204983,21.047941,21.769478,21.05638,22.077572,20.161505,21.478987,0.0,0.0,0.0,0.0,4.0,0.0,0.0,4.0
17126,2023.0,4.0,29.0,22.0,21.06182,22.355087,18.410826,18.307386,21.04997,22.306293,21.06714,22.318663,17.747568,17.303932,20.282553,22.230282,21.017834,21.677973,21.05729,22.060698,20.049566,21.222355,0.0,0.0,0.0,0.0,4.0,4.0,0.0,0.0
17127,2023.0,4.0,29.0,22.0,21.045303,22.338266,17.632542,17.475006,21.049828,22.30232,21.049185,22.301943,17.725767,17.534157,20.04472,21.564749,21.022955,21.686476,21.056858,22.044203,18.517855,18.226143,0.0,0.0,0.0,0.0,0.0,4.0,0.0,0.0
17128,2023.0,4.0,29.0,22.0,21.04788,22.350695,17.487902,17.345842,21.049673,22.297243,21.051424,22.315933,17.665453,17.507584,18.581396,18.582865,21.053087,21.764065,21.042824,22.031277,17.743076,17.32526,0.0,0.0,0.0,0.0,4.0,0.0,0.0,0.0
17129,2023.0,4.0,29.0,22.0,21.047134,22.35406,17.336473,17.191505,21.049572,22.291775,21.05137,22.32135,17.532074,17.373215,20.341187,21.947872,21.047966,21.742884,21.04447,22.042318,17.473406,17.057816,0.0,0.0,0.0,0.0,0.0,0.0,0.0,0.0
17130,2023.0,4.0,29.0,23.0,21.047285,22.356167,17.206873,17.05757,21.04939,22.285835,21.05123,22.323378,17.409492,17.250368,18.803541,18.920444,21.0483,21.733212,21.04441,22.046183,17.520119,17.353106,0.0,0.0,0.0,0.0,0.0,0.0,0.0,0.0
17131,2023.0,4.0,29.0,23.0,19.873026,20.102295,17.09503,16.943352,19.832827,19.945686,19.79366,19.911306,17.303692,17.146614,17.907808,17.752653,20.835754,21.317278,19.895262,19.83817,17.474354,17.328186,0.0,0.0,0.0,0.0,0.0,4.0,0.0,0.0
17132,2023.0,4.0,29.0,23.0,19.314682,19.3266,17.012232,16.856443,19.207449,19.04593,19.154102,19.00332,17.221592,17.061893,17.979576,18.0664,19.750097,19.286734,19.426672,19.243055,17.378876,17.231335,0.0,0.0,0.0,0.0,4.0,0.0,0.0,0.0
17133,2023.0,4.0,29.0,23.0,19.058092,19.047907,16.932264,16.77316,18.928133,18.733566,18.864195,18.682938,17.14145,16.978191,17.62065,17.437351,19.318848,18.753304,19.197424,19.009113,17.28215,17.131023,0.0,0.0,0.0,0.0,0.0,0.0,0.0,0.0
17134,2023.0,4.0,29.0,23.0,18.864193,18.846466,16.857195,16.693022,18.72219,18.517054,18.647474,18.45582,17.066715,16.899693,17.407747,17.21069,19.11765,18.553183,19.010881,18.821726,17.193193,17.0384,0.0,0.0,0.0,0.0,0.0,0.0,0.0,0.0
17135,2023.0,4.0,29.0,23.0,18.71884,18.714031,16.796741,16.638224,18.570278,18.379671,18.487495,18.311409,17.589975,17.942451,17.277048,17.085634,19.26948,19.02941,18.8584,18.674072,17.11594,16.963804,0.0,0.0,0.0,4.0,0.0,0.0,0.0,0.0
17136,2023.0,4.0,30.0,0.0,18.582449,18.579306,16.734722,16.57623,18.42602,18.237106,18.335676,18.161512,17.144838,16.991055,17.152803,16.960672,19.22615,19.008518,18.71792,18.533226,17.04079,16.887632,0.0,0.0,0.0,0.0,0.0,0.0,0.0,0.0
17137,2023.0,4.0,30.0,0.0,18.452745,18.442505,16.670753,16.506844,18.287714,18.090923,18.190136,18.007814,16.97692,16.805231,17.034477,16.834631,19.12868,18.907488,18.5866,18.396208,16.967192,16.80967,0.0,0.0,0.0,0.0,0.0,0.0,0.0,0.0
17138,2023.0,4.0,30.0,0.0,18.346016,18.340115,16.617134,16.455303,18.175352,17.984547,18.071865,17.895943,16.905542,16.734236,17.253897,17.335886,19.04138,18.820925,18.47386,18.284908,16.902035,16.744429,0.0,0.0,0.0,0.0,4.0,0.0,0.0,0.0
17139,2023.0,4.0,30.0,0.0,18.247564,18.24462,16.565062,16.403984,18.071138,17.884071,17.962227,17.790298,16.839598,16.668121,16.956919,16.765657,18.959213,18.739046,18.370615,18.182587,16.8405,16.68257,0.0,0.0,0.0,0.0,0.0,0.0,0.0,0.0
17140,2023.0,4.0,30.0,0.0,18.155935,18.15469,16.514832,16.353699,17.974106,17.789394,17.860277,17.69083,17.366838,17.711397,16.814863,16.61764,18.882107,18.66159,18.274899,18.087095,16.781853,16.62322,0.0,0.0,0.0,4.0,0.0,0.0,0.0,0.0
17141,2023.0,4.0,30.0,0.0,18.071135,18.071325,16.46663,16.305412,17.884226,17.701698,17.765875,17.598734,16.684677,16.282465,16.727585,16.530619,18.810104,18.589281,18.186289,17.998749,16.72615,16.5669,0.0,0.0,0.0,0.0,0.0,0.0,0.0,0.0
17142,2023.0,4.0,30.0,1.0,17.984632,17.978275,16.414469,16.247469,17.791643,17.60229,17.668638,17.494358,16.414476,15.964205,16.639135,16.434578,18.737318,18.510893,18.097965,17.904905,16.669065,16.505308,0.0,0.0,0.0,0.0,0.0,0.0,0.0,0.0
17143,2023.0,4.0,30.0,1.0,17.915808,17.915907,16.374016,16.211565,17.719458,17.538313,17.592796,17.4271,16.57305,16.386183,16.569773,16.370281,18.677198,18.453957,18.024008,17.83466,17.351498,17.834854,0.0,0.0,0.0,0.0,0.0,0.0,0.0,4.0
17144,2023.0,4.0,30.0,1.0,17.845808,17.846878,16.331007,16.168922,17.645842,17.466276,17.515614,17.351461,16.574871,16.398647,16.500393,16.300537,18.617378,18.393679,17.951166,17.761625,16.834427,16.707558,0.0,0.0,0.0,0.0,0.0,0.0,0.0,0.0
17145,2023.0,4.0,30.0,1.0,17.778831,17.779926,16.288841,16.126608,17.575686,17.396847,17.442339,17.27875,17.11769,17.456831,16.43488,16.234045,18.560352,18.33571,17.881937,17.69165,16.427944,16.037735,0.0,0.0,0.0,4.0,0.0,0.0,0.0,0.0
17146,2023.0,4.0,30.0,1.0,17.716167,17.717804,16.24826,16.086182,17.509789,17.332188,17.373539,17.2111,16.696402,16.538523,16.373848,16.172628,18.506727,18.28162,17.816936,17.626438,16.279081,15.875972,0.0,0.0,0.0,0.0,0.0,0.0,0.0,0.0
17147,2023.0,4.0,30.0,1.0,17.654457,17.654102,16.207169,16.04358,17.444792,17.266068,17.305487,17.141846,16.290514,15.852781,16.314373,16.110891,18.45429,18.227312,17.75365,17.561407,16.438183,16.290497,0.0,0.0,0.0,0.0,0.0,0.0,0.0,0.0
17148,2023.0,4.0,30.0,2.0,17.596123,17.5946,16.166811,16.001528,17.382719,17.202938,17.240335,17.075632,16.144384,15.694082,16.25835,16.05305,18.404661,18.176336,17.693907,17.500603,16.413355,16.246239,0.0,0.0,0.0,0.0,0.0,0.0,0.0,0.0
17149,2023.0,4.0,30.0,2.0,17.539919,17.537458,16.127712,15.961294,17.324562,17.145144,17.17946,17.015316,16.330753,16.161139,16.205618,15.99926,18.3567,18.126804,17.636475,17.442032,16.372105,16.20334,0.0,0.0,0.0,0.0,0.0,0.0,0.0,0.0
17150,2023.0,4.0,30.0,2.0,18.249157,18.918764,16.0892,15.922112,17.268967,17.090673,17.12137,16.958551,16.32044,16.137133,16.155325,15.948903,18.310886,18.080482,17.581877,17.387562,16.331984,16.16258,0.0,0.0,0.0,0.0,0.0,0.0,0.0,0.0
17151,2023.0,4.0,30.0,2.0,17.757673,17.85908,16.048405,15.878051,17.929129,18.377596,17.782307,18.249138,16.851805,17.16489,16.103498,15.894288,18.263935,18.030882,17.52629,17.32979,16.289568,16.117834,0.0,4.0,4.0,4.0,0.0,0.0,0.0,0.0
17152,2023.0,4.0,30.0,2.0,17.182728,16.84088,16.00756,15.833515,17.492212,17.440624,17.331165,17.281471,16.461233,16.302479,16.344725,16.385927,18.217728,17.981724,17.471733,17.272713,16.977427,17.4475,0.0,0.0,0.0,0.0,4.0,0.0,0.0,4.0
17153,2023.0,4.0,30.0,2.0,16.97678,16.583988,15.966936,15.788923,16.889475,16.356707,16.7383,16.223621,16.048336,15.597112,16.123877,15.921568,18.172129,17.933083,17.418386,17.216751,17.258244,17.814049,0.0,0.0,0.0,0.0,0.0,0.0,0.0,4.0
17154,2023.0,4.0,30.0,3.0,17.187326,17.113726,15.928085,15.747311,16.677061,16.09213,16.528534,15.963654,15.887701,15.411668,16.010923,15.793129,18.127937,17.887081,18.371464,19.05438,17.061213,17.313519,0.0,0.0,0.0,0.0,0.0,0.0,4.0,4.0
17155,2023.0,4.0,30.0,3.0,17.225027,17.20556,15.891218,15.709586,16.886745,16.622742,16.73341,16.484814,16.053055,15.839349,15.956272,15.738161,18.085148,17.84392,17.423452,17.028397,16.351852,15.9800625,0.0,0.0,0.0,0.0,0.0,0.0,0.0,0.0
17156,2023.0,4.0,30.0,3.0,17.187061,17.169765,15.854842,15.672334,16.942097,16.747839,16.786076,16.606216,16.079304,15.88416,16.191956,16.222353,18.793463,19.219782,17.074768,16.584106,16.053825,15.606537,0.0,0.0,0.0,0.0,4.0,4.0,0.0,0.0
17157,2023.0,4.0,30.0,3.0,17.153212,17.144468,15.819268,15.636025,16.906221,16.71518,16.748535,16.571856,16.04373,15.847331,15.981176,15.779762,18.262865,18.079062,16.955734,16.467789,16.6727,16.886572,0.0,0.0,0.0,0.0,0.0,0.0,0.0,4.0
17158,2023.0,4.0,30.0,3.0,17.122765,17.123638,15.78528,15.602183,16.865572,16.675962,16.70637,16.531147,16.008797,15.812666,15.86518,15.645598,17.794992,17.261532,18.213003,18.962664,16.1075,15.700404,0.0,0.0,0.0,0.0,0.0,0.0,4.0,0.0
17159,2023.0,4.0,30.0,3.0,17.081701,17.082533,15.750757,15.567081,16.82236,16.633059,16.661715,16.48678,15.972102,15.775654,15.811104,15.591131,17.608734,17.03395,17.292585,16.917511,16.582754,16.766712,0.0,0.0,0.0,0.0,0.0,0.0,0.0,4.0
17160,2023.0,4.0,30.0,4.0,17.039152,17.038853,15.71582,15.531098,16.778397,16.588495,16.616165,16.440683,15.934769,15.737452,15.759113,15.53801,17.82692,17.570715,16.917559,16.425577,16.025568,15.59665,0.0,0.0,0.0,0.0,0.0,0.0,0.0,0.0
17161,2023.0,4.0,30.0,4.0,16.994703,16.991322,15.678743,15.490735,16.731792,16.538807,16.568213,16.389446,15.896171,15.69666,15.707857,15.483247,17.845015,17.597809,16.794794,16.300716,15.793312,15.336048,0.0,0.0,0.0,0.0,0.0,0.0,0.0,0.0
17162,2023.0,4.0,30.0,4.0,16.954723,16.952295,15.646823,15.460488,16.690624,16.499914,16.525928,16.349419,15.861019,15.662424,15.66365,15.440657,17.810444,17.565098,17.002033,16.81762,15.980354,15.812923,0.0,0.0,0.0,0.0,0.0,0.0,0.0,0.0
17163,2023.0,4.0,30.0,4.0,16.914217,16.91179,15.613704,15.427575,16.648321,16.45837,16.482378,16.306631,15.825619,15.6272135,15.938188,15.994862,17.77527,17.530176,16.980595,16.774405,15.956161,15.771099,0.0,0.0,0.0,0.0,4.0,0.0,0.0,0.0
17164,2023.0,4.0,30.0,4.0,16.875763,16.874931,15.582466,15.398053,16.608337,16.420895,16.441236,16.268055,16.369,16.678347,16.019482,16.083778,17.74056,17.497032,16.940662,16.735867,16.64502,17.105429,0.0,0.0,0.0,4.0,4.0,0.0,0.0,4.0
17165,2023.0,4.0,30.0,4.0,16.836403,16.83572,15.55056,15.366417,16.567451,16.380983,16.399477,16.227146,15.989313,15.837923,15.759756,15.583887,17.705183,17.462313,16.899937,16.695932,15.883283,15.488252,0.0,0.0,0.0,0.0,0.0,0.0,0.0,0.0
17166,2023.0,4.0,30.0,5.0,16.796347,16.794405,16.019833,16.273302,16.525682,16.338795,16.357126,16.184126,15.82797,15.630449,15.621078,15.402671,17.669094,17.42588,16.857386,16.653133,15.613259,15.164432,4.0,0.0,0.0,0.0,0.0,0.0,0.0,0.0
17167,2023.0,4.0,30.0,5.0,16.759344,16.758968,15.73096,15.648476,16.487097,16.30261,16.317755,16.147074,15.77949,15.583944,15.562864,15.343925,17.635727,17.39446,16.817253,16.614899,15.519362,15.07598,0.0,0.0,0.0,0.0,0.0,0.0,0.0,0.0
17168,2023.0,4.0,30.0,5.0,16.721779,16.721912,15.558074,15.380448,16.448269,16.265184,16.277771,16.10852,15.734912,15.540102,15.514338,15.295936,17.602583,17.362572,16.777102,16.575815,15.689208,15.500489,0.0,0.0,0.0,0.0,0.0,0.0,0.0,0.0
17169,2023.0,4.0,30.0,5.0,16.687088,16.690235,15.5059595,15.32741,16.412477,16.233292,16.2407,16.075525,16.28433,16.608818,15.771248,15.815492,17.57177,17.33468,16.739529,16.541153,15.696927,15.51705,0.0,0.0,0.0,4.0,4.0,0.0,0.0,0.0
17170,2023.0,4.0,30.0,5.0,17.4366,18.132421,15.94979,16.194534,17.113098,17.582737,16.203438,16.041485,15.609394,15.182493,15.87427,15.947943,17.54127,17.306671,16.702326,16.506401,16.393808,16.853252,4.0,4.0,0.0,0.0,4.0,0.0,0.0,4.0
17171,2023.0,4.0,30.0,5.0,17.625088,18.323133,16.112719,16.418148,17.32625,17.839762,16.908257,17.398905,15.9529295,16.002739,15.597871,15.41507,18.277756,18.727177,16.666054,16.472109,16.694538,17.25473,4.0,4.0,4.0,4.0,0.0,4.0,0.0,4.0
17172,2023.0,4.0,30.0,6.0,17.354422,17.707527,15.434335,15.079839,16.454517,16.11096,17.114897,17.637453,15.516861,15.079632,15.760522,15.79765,17.45657,16.993238,16.632257,16.44057,16.525305,16.801054,0.0,0.0,4.0,0.0,4.0,0.0,0.0,4.0
17173,2023.0,4.0,30.0,6.0,21.269823,24.497963,15.093332,14.560532,21.169514,24.47239,20.657501,23.645847,15.321249,14.8665495,19.722992,22.50507,21.931606,24.759129,21.529959,24.798796,20.292717,23.357649,0.0,4.0,0.0,0.0,0.0,4.0,4.0,0.0
17174,2023.0,4.0,30.0,6.0,21.018162,23.585009,15.001777,14.50036,21.016548,23.651932,21.095085,23.946377,16.16796,16.570946,17.607845,17.797047,20.930613,22.729681,22.138582,25.45311,18.098486,18.523611,0.0,4.0,0.0,4.0,4.0,0.0,0.0,4.0
17175,2023.0,4.0,30.0,6.0,21.147753,23.558092,15.679788,15.863168,21.150576,23.592972,21.138792,23.674557,21.150923,24.923233,20.401377,22.997986,21.126867,22.860495,22.176622,24.913149,21.440212,24.68038,4.0,0.0,0.0,0.0,0.0,4.0,0.0,4.0
17176,2023.0,4.0,30.0,6.0,22.056877,24.819613,20.288767,23.70971,21.963367,24.562027,21.897375,24.582323,17.962776,18.002584,18.1673,18.460455,21.616163,23.511213,21.647932,23.646149,19.8617,21.52391,4.0,4.0,4.0,0.0,0.0,4.0,4.0,4.0
17177,2023.0,4.0,30.0,6.0,21.969881,24.293415,20.035849,22.68228,21.929062,24.16178,22.2911,24.97106,16.275793,15.834249,16.845068,16.662733,21.926985,23.704782,22.454096,24.813072,20.120785,21.909742,0.0,4.0,0.0,0.0,0.0,4.0,0.0,0.0
17178,2023.0,4.0,30.0,7.0,21.102335,22.888588,17.528898,17.518106,21.110909,22.834839,20.915104,22.416843,16.233946,16.038147,16.565578,16.36583,21.029852,22.129786,20.897665,21.927439,18.03924,17.773205,0.0,0.0,4.0,0.0,0.0,4.0,4.0,0.0
17179,2023.0,4.0,30.0,7.0,21.078754,22.8121,16.117563,15.623547,21.056522,22.6684,21.095804,22.77586,16.218103,16.050674,16.40911,16.216398,21.07058,22.19689,21.0743,22.323357,17.017664,16.548342,0.0,4.0,4.0,0.0,0.0,0.0,4.0,0.0
17180,2023.0,4.0,30.0,7.0,21.078295,22.784302,16.120012,15.934492,21.062584,22.65169,21.086584,22.769417,16.144701,15.988022,16.28858,16.104437,21.029266,22.059467,21.075703,22.380732,16.990007,16.813501,0.0,4.0,0.0,0.0,0.0,4.0,0.0,0.0
17181,2023.0,4.0,30.0,7.0,21.034416,22.689783,16.071003,15.928815,21.061365,22.6256,21.059927,22.67831,16.088171,15.943724,16.598454,16.77911,21.036728,22.049437,21.06938,22.366434,17.90308,18.643375,0.0,4.0,4.0,0.0,4.0,4.0,0.0,4.0
17182,2023.0,4.0,30.0,7.0,21.05879,22.713568,16.438395,16.717173,21.059896,22.602947,21.08821,22.739532,16.043303,15.908594,20.275146,23.04401,21.033974,22.022243,21.029167,22.248333,21.434225,24.442074,4.0,4.0,0.0,0.0,0.0,4.0,4.0,0.0
17183,2023.0,4.0,30.0,7.0,21.726496,23.876272,20.292635,23.382574,21.753996,23.79654,21.707548,23.779057,16.010078,15.8844385,18.181658,18.54205,21.626581,23.053913,22.136866,24.013683,18.775549,18.786379,0.0,0.0,0.0,0.0,0.0,0.0,0.0,0.0
17184,2023.0,4.0,30.0,8.0,20.940804,22.35085,18.373886,19.150452,20.944132,22.236008,20.94961,22.313805,15.989356,15.8725605,16.925919,16.813889,20.961311,21.746979,20.873554,21.73844,17.249329,16.874777,4.0,0.0,0.0,0.0,0.0,0.0,0.0,0.0
17185,2023.0,4.0,30.0,8.0,19.300844,19.269857,20.270002,22.892105,19.298569,19.149248,19.537167,19.698715,15.976469,15.868153,16.676481,16.52305,19.705893,19.369078,19.469063,19.168123,17.124092,16.952082,0.0,0.0,0.0,0.0,0.0,0.0,0.0,0.0
17186,2023.0,4.0,30.0,8.0,18.639868,18.676128,18.008331,18.184044,19.235611,19.672865,18.635859,18.565674,15.964138,15.857663,16.562086,16.411507,19.064035,18.592842,18.731844,18.314077,17.05093,16.915573,0.0,4.0,0.0,0.0,0.0,0.0,0.0,0.0
17187,2023.0,4.0,30.0,8.0,18.449097,18.511435,17.167217,17.056389,18.461445,18.24661,18.321783,18.21316,15.95856,15.854372,16.50465,16.356785,19.1151,18.886711,18.686804,18.482693,16.959295,16.83081,0.0,0.0,0.0,0.0,0.0,0.0,0.0,0.0
17188,2023.0,4.0,30.0,8.0,18.262493,18.335655,17.416218,17.737015,17.967138,17.57824,18.100311,18.000114,15.955562,15.8538265,16.458382,16.316225,19.865932,20.394526,18.57863,18.411781,16.873198,16.750652,4.0,0.0,0.0,0.0,0.0,4.0,0.0,0.0
17189,2023.0,4.0,30.0,8.0,18.096804,18.173769,20.25068,22.760363,17.742346,17.367582,17.918207,17.83068,15.954854,15.855091,16.421797,16.284296,19.096918,18.825136,18.44822,18.292742,16.801762,16.684864,0.0,0.0,0.0,0.0,0.0,0.0,0.0,0.0
17190,2023.0,4.0,30.0,9.0,17.940819,18.040033,18.708498,19.44923,17.747873,17.604593,17.730322,17.656586,15.956173,15.858011,16.388262,16.256,19.392393,19.663225,18.309021,18.162483,16.728334,16.616594,4.0,0.0,0.0,0.0,0.0,4.0,0.0,0.0
17191,2023.0,4.0,30.0,9.0,17.822762,17.928747,20.223091,22.358225,17.695616,17.607048,17.59361,17.525953,15.960638,15.863239,16.371828,16.241493,18.870638,18.604757,18.208282,18.065168,16.675938,16.566053,0.0,0.0,0.0,0.0,0.0,0.0,0.0,0.0
17192,2023.0,4.0,30.0,9.0,18.423323,19.175985,18.304535,18.480661,18.264345,18.79282,17.45147,17.396473,15.9662485,15.869482,16.35659,16.229929,19.284534,19.591293,18.104233,17.967398,16.62254,16.516054,0.0,4.0,0.0,0.0,0.0,4.0,0.0,0.0
17193,2023.0,4.0,30.0,9.0,17.921045,18.145329,17.805367,17.927656,17.836609,17.9276,17.343424,17.29435,15.974212,15.87813,16.747662,16.969877,18.77184,18.528,18.027632,17.89278,16.58395,16.478523,4.0,0.0,0.0,0.0,4.0,0.0,0.0,0.0
17194,2023.0,4.0,30.0,9.0,17.500914,17.480873,20.22542,22.389776,17.389547,17.19761,17.246346,17.208595,15.983463,15.888087,20.19579,22.98292,18.54348,18.210318,17.96089,17.831171,16.550781,16.447998,0.0,0.0,0.0,0.0,0.0,0.0,0.0,0.0
17195,2023.0,4.0,30.0,9.0,18.012438,18.600742,18.389023,18.616304,17.172743,16.962809,17.146616,17.119032,15.993801,15.899106,18.307655,18.777727,18.458008,18.133852,17.892963,17.767681,16.517616,16.417347,0.0,0.0,0.0,0.0,0.0,0.0,0.0,0.0
17196,2023.0,4.0,30.0,10.0,17.529037,17.625713,17.658068,17.627687,17.926392,18.490236,17.070368,17.049007,16.004766,15.911174,17.392584,17.295725,18.559273,18.391054,17.84206,17.71906,16.493711,16.394869,0.0,4.0,0.0,0.0,0.0,0.0,0.0,0.0
17197,2023.0,4.0,30.0,10.0,17.271992,17.277071,17.430534,17.411978,17.407257,17.397598,16.99845,16.98393,16.014654,15.920867,17.210903,17.078924,18.578777,18.437508,17.795021,17.674181,16.471342,16.373293,0.0,0.0,0.0,0.0,0.0,0.0,0.0,0.0
17198,2023.0,4.0,30.0,10.0,17.171598,17.185476,17.238407,17.222717,17.795593,18.251772,16.932362,16.923843,16.02367,15.929534,17.107178,16.970535,18.561592,18.423986,17.753654,17.634487,16.451714,16.354141,0.0,4.0,0.0,0.0,0.0,0.0,0.0,0.0
17199,2023.0,4.0,30.0,10.0,17.204891,17.34139,17.082123,17.071112,17.315386,17.299532,16.871363,16.86923,16.032143,15.937597,17.035625,16.898685,18.543287,18.407701,17.71702,17.599695,16.434643,16.337654,0.0,0.0,0.0,0.0,0.0,0.0,0.0,0.0
17200,2023.0,4.0,30.0,10.0,17.174448,17.331512,16.93705,16.920357,17.043835,16.907825,16.810944,16.81107,16.040838,15.946448,16.975288,16.835476,18.525448,18.390722,17.682758,17.56554,16.41903,16.321836,0.0,0.0,0.0,0.0,0.0,0.0,0.0,0.0
17201,2023.0,4.0,30.0,10.0,17.128408,17.294327,16.832634,16.833767,16.96371,16.8511,16.76265,16.772963,16.04807,15.953034,17.323439,17.5314,19.317133,19.909716,17.65469,17.541012,16.40668,16.311077,0.0,0.0,0.0,0.0,4.0,4.0,0.0,0.0
17202,2023.0,4.0,30.0,11.0,17.084524,17.258326,17.18606,17.588663,16.974026,16.954494,16.714426,16.731085,16.055174,15.960308,20.22882,22.642748,18.74893,18.67816,17.62723,17.515755,16.394716,16.30019,4.0,0.0,0.0,0.0,0.0,0.0,0.0,0.0
17203,2023.0,4.0,30.0,11.0,17.0479,17.235104,20.305021,23.011908,16.947392,16.951466,16.662931,16.6838,16.061287,15.966068,18.549782,18.970076,18.410011,18.181377,17.596642,17.486193,16.380793,16.286589,0.0,0.0,0.0,0.0,0.0,0.0,0.0,0.0
17204,2023.0,4.0,30.0,11.0,17.003126,17.193506,18.42763,18.997139,16.893225,16.903114,17.328907,17.978125,16.066732,15.971387,17.484587,17.42371,19.087349,19.517355,17.56673,17.45722,16.36672,16.27297,0.0,0.0,4.0,0.0,0.0,4.0,0.0,0.0
17205,2023.0,4.0,30.0,11.0,16.964539,17.155863,17.476894,17.530622,16.84648,16.859123,17.554688,18.259258,16.071108,15.976556,17.288815,17.16285,18.579885,18.424877,17.540842,17.432102,16.354513,16.26143,0.0,0.0,4.0,0.0,0.0,0.0,0.0,0.0
17206,2023.0,4.0,30.0,11.0,16.925962,17.117088,17.1969,17.196724,16.79942,16.812674,17.50779,18.09885,16.074198,15.98115,17.208845,17.076042,18.394495,18.15755,17.51416,17.40584,16.342587,16.250391,0.0,0.0,4.0,0.0,0.0,0.0,0.0,0.0
17207,2023.0,4.0,30.0,11.0,16.893719,17.088642,17.04713,17.067177,16.761671,16.78177,16.925701,16.990881,16.07538,15.983511,17.151464,17.025707,18.35977,18.13185,17.491003,17.385828,16.332943,16.243042,0.0,0.0,0.0,0.0,0.0,0.0,0.0,0.0
17208,2023.0,4.0,30.0,12.0,16.861313,17.058245,16.91593,16.939367,17.458757,18.128838,16.698298,16.683716,16.07609,15.985656,17.098469,16.97502,18.4145,18.277725,17.467813,17.36471,16.323484,16.23546,0.0,4.0,0.0,0.0,0.0,0.0,0.0,0.0
17209,2023.0,4.0,30.0,12.0,21.235497,24.703764,16.804976,16.832035,21.242744,24.607485,21.147093,24.558954,16.076084,15.986575,17.05079,16.928936,21.904104,24.443254,22.667248,26.11664,16.313433,16.226402,0.0,0.0,0.0,0.0,0.0,0.0,0.0,0.0
17210,2023.0,4.0,30.0,12.0,21.005434,23.79245,16.69152,16.722334,21.025454,23.703575,21.020863,23.802774,16.080137,15.990963,17.0005,16.880367,20.938814,22.370785,21.491505,23.735859,16.305017,16.218683,0.0,0.0,0.0,0.0,0.0,0.0,0.0,0.0
17211,2023.0,4.0,30.0,12.0,21.072237,23.631506,16.584173,16.61058,21.056093,23.440044,21.0494,23.542068,16.087786,16.000051,16.954453,16.833172,21.062035,22.46116,21.095852,22.893587,16.301483,16.216467,0.0,4.0,4.0,0.0,0.0,0.0,0.0,0.0
17212,2023.0,4.0,30.0,12.0,21.157839,23.576065,16.49374,16.519821,21.172386,23.467422,21.180252,23.586151,16.097101,16.010733,16.917461,16.79695,21.090889,22.386293,21.120096,22.813189,16.302488,16.219154,0.0,0.0,0.0,0.0,0.0,0.0,0.0,0.0
17213,2023.0,4.0,30.0,12.0,21.051601,23.240915,16.919554,17.38997,21.059399,23.103157,21.06216,23.204388,16.106503,16.02106,16.889008,16.772182,21.031754,22.194727,21.04028,22.564384,16.30569,16.224012,4.0,0.0,0.0,0.0,0.0,0.0,0.0,0.0
17214,2023.0,4.0,30.0,13.0,21.155619,23.348402,20.269053,23.146416,21.157738,23.19289,21.15867,23.268852,16.116497,16.032337,17.272066,17.51792,21.147867,22.363428,21.217001,22.845865,16.309793,16.229733,0.0,0.0,4.0,0.0,4.0,0.0,0.0,0.0
17215,2023.0,4.0,30.0,13.0,21.061634,23.081951,18.282831,18.851433,21.06073,22.934103,21.054468,22.980425,16.128534,16.04663,20.253618,22.706211,21.03531,22.085955,21.047379,22.446165,16.315302,16.23787,0.0,0.0,4.0,0.0,0.0,0.0,0.0,0.0
17216,2023.0,4.0,30.0,13.0,21.060802,23.021414,17.079094,17.211813,21.061129,22.884296,21.076948,22.98635,16.140516,16.06102,18.575508,19.022804,21.034824,22.04679,21.047085,22.40227,16.321321,16.24644,0.0,0.0,0.0,0.0,0.0,0.0,0.0,0.0
17217,2023.0,4.0,30.0,13.0,21.058346,22.96971,16.805445,16.8635,21.058645,22.838125,21.06908,22.918953,16.152372,16.075619,17.490887,17.418974,21.033445,22.013485,21.045048,22.363108,16.327568,16.255344,0.0,0.0,0.0,0.0,0.0,0.0,0.0,0.0
17218,2023.0,4.0,30.0,13.0,21.05794,22.929815,17.15949,17.64397,21.03365,22.734106,21.069069,22.87476,16.163177,16.088629,17.300695,17.200914,21.033125,21.987476,21.04492,22.33276,16.33344,16.263546,4.0,4.0,0.0,0.0,0.0,0.0,0.0,0.0
17219,2023.0,4.0,30.0,13.0,21.240908,23.263044,20.272692,23.021755,21.03853,22.7204,21.059902,22.837248,16.17353,16.101292,17.220156,17.118587,21.260338,22.420944,21.0446,22.306967,16.338955,16.271328,0.0,4.0,0.0,0.0,0.0,0.0,0.0,0.0
17220,2023.0,4.0,30.0,14.0,21.056154,22.86117,18.300732,18.79857,21.070045,22.76649,21.060274,22.818426,16.184698,16.115026,17.163963,17.064299,21.001738,21.861567,21.043945,22.283989,16.344316,16.279299,0.0,0.0,0.0,0.0,0.0,4.0,0.0,0.0
17221,2023.0,4.0,30.0,14.0,20.154785,21.077095,17.168776,17.285147,19.997976,20.645996,19.5574,19.913153,16.19341,16.125013,17.119652,17.022308,20.161404,20.268621,19.877296,20.018972,16.347786,16.284088,0.0,4.0,0.0,0.0,0.0,0.0,0.0,0.0
17222,2023.0,4.0,30.0,14.0,19.200125,19.483679,16.95203,17.017584,18.99148,18.997637,18.81872,18.870968,16.19994,16.133278,17.08713,16.990263,20.40356,20.865005,19.338436,19.237202,16.349667,16.287554,0.0,0.0,0.0,0.0,0.0,4.0,0.0,0.0
17223,2023.0,4.0,30.0,14.0,18.727547,18.855164,16.831423,16.893486,18.595911,18.53525,18.519152,18.55825,16.204124,16.139042,17.056393,16.962206,19.733828,19.590073,19.112846,19.002426,16.348915,16.288317,0.0,0.0,0.0,0.0,0.0,0.0,0.0,0.0
17224,2023.0,4.0,30.0,14.0,19.186438,19.92851,16.732004,16.79386,19.033867,19.557783,18.294107,18.331535,16.205578,16.142189,17.026743,16.93483,19.468395,19.259687,18.946753,18.83716,16.345337,16.286236,0.0,4.0,0.0,0.0,0.0,0.0,0.0,0.0
17225,2023.0,4.0,30.0,14.0,19.204212,19.958618,16.648447,16.71127,18.505476,18.591318,18.110762,18.149897,16.204676,16.143103,16.99781,16.908693,19.355392,19.15512,18.80982,18.704117,16.339455,16.281963,0.0,0.0,0.0,0.0,0.0,0.0,0.0,0.0
17226,2023.0,4.0,30.0,15.0,18.530968,18.748747,17.056559,17.541086,18.844284,19.399315,17.95451,17.995935,16.20237,16.142918,16.96939,16.883392,19.259241,19.067648,18.691393,18.59019,16.331755,16.276114,4.0,4.0,0.0,0.0,0.0,0.0,0.0,0.0
17227,2023.0,4.0,30.0,15.0,18.923868,19.668777,20.256348,23.077213,18.90188,19.501028,17.81992,17.865086,16.197744,16.139683,16.940393,16.856758,20.010996,20.58289,18.587513,18.491863,16.32167,16.267227,0.0,4.0,0.0,0.0,0.0,4.0,0.0,0.0
17228,2023.0,4.0,30.0,15.0,18.419764,18.66038,18.385479,19.018764,18.856688,19.455889,17.678736,17.726833,16.19246,16.1358,16.911903,16.83112,19.486292,19.410576,18.478579,18.387543,16.309265,16.256025,0.0,4.0,0.0,0.0,0.0,0.0,0.0,0.0
17229,2023.0,4.0,30.0,15.0,18.802128,19.54505,17.87236,18.363607,18.824808,19.423258,17.57348,17.619463,16.187006,16.132072,16.890375,16.81206,19.94158,20.412971,18.394697,18.305485,17.261393,18.066488,4.0,4.0,0.0,0.0,0.0,4.0,0.0,4.0
17230,2023.0,4.0,30.0,15.0,18.883728,19.657555,20.248817,22.600433,18.792374,19.391241,17.478136,17.526108,16.18037,16.127441,17.269945,17.548525,20.12579,20.693203,18.317543,18.232409,20.308119,23.230167,0.0,4.0,0.0,0.0,4.0,4.0,0.0,0.0
17231,2023.0,4.0,30.0,15.0,18.259579,18.510271,18.459152,18.86811,18.757277,19.356697,18.078817,18.738455,16.173332,16.12234,20.25174,22.728477,20.159636,20.729036,18.238445,18.15758,18.057209,18.380196,0.0,4.0,4.0,0.0,4.0,4.0,0.0,0.0
17232,2023.0,4.0,30.0,16.0,18.616974,19.401764,17.83768,18.27221,18.725653,19.324526,18.322708,19.030033,16.164782,16.115608,20.008532,21.877037,19.417616,19.312765,18.165352,18.086823,16.975353,16.930395,4.0,4.0,4.0,0.0,4.0,0.0,0.0,0.0
17233,2023.0,4.0,30.0,16.0,18.740305,19.509237,20.266714,22.56668,18.697342,19.2947,18.273071,18.901884,16.15534,16.107525,20.06319,21.756308,19.840706,20.323353,18.100975,18.025852,16.785284,16.73225,0.0,4.0,4.0,0.0,0.0,4.0,0.0,0.0
17234,2023.0,4.0,30.0,16.0,18.133347,18.37975,18.846413,19.520302,18.671785,19.266874,17.68124,17.806461,16.1465,16.099857,18.950684,19.4179,19.34681,19.26059,18.041822,17.969046,16.694836,16.64173,4.0,4.0,0.0,0.0,4.0,0.0,0.0,0.0
17235,2023.0,4.0,30.0,16.0,18.558092,19.31646,20.213413,22.13756,18.652668,19.24478,18.064188,18.649364,16.138897,16.093443,20.203344,21.792906,19.092772,18.911945,17.994171,17.92311,16.635899,16.582273,4.0,4.0,4.0,0.0,0.0,0.0,0.0,0.0
17236,2023.0,4.0,30.0,16.0,18.699501,19.45844,20.023598,21.649181,18.63217,19.221928,17.654047,17.77293,16.908587,17.55244,18.833267,19.008722,19.728115,20.209347,17.945087,17.876654,16.57699,16.525974,4.0,4.0,0.0,4.0,0.0,4.0,0.0,0.0
17237,2023.0,4.0,30.0,16.0,18.08302,18.309242,20.047558,21.615343,18.613525,19.200586,17.97398,18.564596,20.343685,23.352781,18.066076,18.003729,19.986366,20.545483,17.89887,17.832485,16.523981,16.474617,4.0,4.0,4.0,0.0,0.0,4.0,0.0,0.0
17238,2023.0,4.0,30.0,17.0,18.45625,19.217976,20.043224,21.5453,18.596937,19.181192,18.147863,18.759535,18.58733,19.405611,17.837652,17.753857,20.024708,20.58176,17.856112,17.791616,16.47795,16.430138,4.0,4.0,4.0,4.0,0.0,4.0,0.0,0.0
17239,2023.0,4.0,30.0,17.0,17.995481,18.213427,20.060255,21.545744,18.012989,18.105991,18.15805,18.76264,20.293123,22.76045,17.695553,17.612625,20.042585,20.594353,17.816273,17.753403,16.438091,16.391706,0.0,0.0,4.0,0.0,0.0,4.0,0.0,0.0
17240,2023.0,4.0,30.0,17.0,17.664639,17.79742,19.069248,19.583725,18.301271,18.843382,18.168055,18.76791,18.304625,18.586948,17.581099,17.503653,20.054338,20.601345,17.778017,17.716616,16.403305,16.358353,4.0,4.0,4.0,0.0,0.0,4.0,0.0,0.0
17241,2023.0,4.0,30.0,17.0,18.28857,19.036127,20.168968,21.727303,18.42236,19.006138,17.590105,17.68506,17.519165,17.415411,17.498383,17.420311,19.377003,19.319624,17.744953,17.684498,16.376879,16.33291,4.0,4.0,0.0,0.0,0.0,0.0,0.0,0.0
17242,2023.0,4.0,30.0,17.0,17.867119,18.073936,20.024216,21.393177,18.429937,19.005568,17.25482,17.251755,17.285131,17.211517,17.411243,17.336807,19.020819,18.84399,18.781834,19.675787,17.311695,18.124651,4.0,4.0,0.0,0.0,0.0,0.0,4.0,4.0
17243,2023.0,4.0,30.0,17.0,18.27539,19.027222,20.06027,21.446667,17.864758,17.944168,17.798773,18.362125,17.127714,17.059933,17.332651,17.261316,19.629963,20.103428,18.179092,18.195625,20.301323,23.105694,0.0,0.0,4.0,0.0,0.0,4.0,0.0,0.0
17244,2023.0,4.0,30.0,18.0,17.856823,18.080774,18.80147,19.006023,17.52176,17.489151,17.436075,17.530893,16.997358,16.932985,17.638235,17.897385,19.878529,20.416443,18.779947,19.561867,18.751276,19.61445,0.0,0.0,0.0,0.0,4.0,4.0,4.0,4.0
17245,2023.0,4.0,30.0,18.0,21.31097,24.28364,18.157536,18.08096,21.315676,24.237019,21.283596,24.407276,16.905663,16.839281,20.240097,22.474392,21.17524,22.715996,21.8874,25.038937,20.233335,22.328123,0.0,4.0,0.0,0.0,4.0,0.0,0.0,4.0
17246,2023.0,4.0,30.0,18.0,20.992956,23.266308,17.941793,17.939968,20.998278,23.221996,20.994307,23.38776,16.814568,16.750566,20.02617,21.736444,21.030676,22.26859,21.023426,22.962076,20.042603,21.82527,0.0,4.0,4.0,0.0,0.0,0.0,0.0,0.0
17247,2023.0,4.0,30.0,18.0,21.052683,23.154478,18.21816,18.616531,21.055807,23.089783,21.06129,23.250134,16.739157,16.679405,18.55702,18.701967,21.016848,22.11222,21.064524,22.825108,19.105131,19.849916,4.0,4.0,4.0,0.0,0.0,4.0,0.0,4.0
17248,2023.0,4.0,30.0,18.0,21.160004,23.23463,20.244,22.174364,21.160269,23.15226,21.164429,23.27626,16.674156,16.616291,17.80768,17.746017,21.194088,22.394852,21.248625,23.0129,20.175472,21.954025,4.0,0.0,4.0,0.0,0.0,4.0,4.0,4.0
17249,2023.0,4.0,30.0,18.0,21.034033,22.846468,20.00309,21.527431,21.036777,22.761116,21.073072,22.980675,16.618237,16.561552,17.620358,17.541939,21.048037,22.063042,21.065199,22.56183,20.03841,21.598055,4.0,4.0,0.0,0.0,0.0,0.0,0.0,0.0
17250,2023.0,4.0,30.0,19.0,21.045528,22.79033,20.066507,21.558514,21.047773,22.69859,21.070189,22.87729,17.392649,18.071629,17.505354,17.43115,21.043688,22.010513,21.018763,22.366533,19.225729,19.906498,0.0,4.0,0.0,4.0,0.0,0.0,4.0,4.0
17251,2023.0,4.0,30.0,19.0,21.040937,22.720543,19.026648,19.458773,21.04388,22.625484,21.043543,22.726685,20.293568,22.942144,17.405092,17.333849,21.042295,21.970745,21.063145,22.42802,20.18931,21.845243,4.0,4.0,4.0,0.0,0.0,0.0,0.0,0.0
17252,2023.0,4.0,30.0,19.0,21.199783,22.988594,20.211391,21.896404,21.16819,22.841267,21.165667,22.933512,18.13207,18.326067,17.719685,18.007717,21.144655,22.147223,21.296005,22.817726,19.304937,19.973822,0.0,0.0,0.0,0.0,4.0,0.0,4.0,4.0
17253,2023.0,4.0,30.0,19.0,21.065563,22.693327,18.705654,18.839884,21.037416,22.509228,21.04129,22.612638,17.066223,16.929605,20.280863,22.423115,21.003176,21.840057,21.061892,22.337267,20.408321,22.202612,0.0,4.0,4.0,0.0,0.0,4.0,0.0,4.0
17254,2023.0,4.0,30.0,19.0,21.06016,22.642183,18.404713,18.787804,21.042713,22.484434,21.071093,22.653782,16.833004,16.672886,18.681124,19.001186,21.049105,21.936861,21.053955,22.289944,20.047523,21.431854,4.0,4.0,0.0,0.0,0.0,0.0,0.0,0.0
17255,2023.0,4.0,30.0,19.0,21.166788,22.819326,20.240961,22.052341,21.170174,22.729359,21.166578,22.807354,17.613611,18.272755,17.737652,17.699123,21.21317,22.228853,21.306368,22.739056,18.578444,18.547201,0.0,0.0,0.0,4.0,0.0,4.0,4.0,0.0
17256,2023.0,4.0,30.0,20.0,21.032959,22.497648,19.187548,19.813532,21.060865,22.475582,21.040182,22.499653,20.30743,22.77919,17.505838,17.433453,21.047922,21.903805,21.06114,22.252144,18.721598,19.324677,4.0,0.0,4.0,0.0,0.0,0.0,0.0,4.0
17257,2023.0,4.0,30.0,20.0,21.170887,22.772242,20.223948,21.899458,21.205732,22.717714,21.200584,22.798962,18.179995,18.288593,17.370602,17.290968,21.213808,22.204134,21.215002,22.540548,20.201963,21.869413,0.0,4.0,4.0,0.0,0.0,4.0,0.0,0.0
17258,2023.0,4.0,30.0,20.0,21.0315,22.447067,18.697315,18.805576,21.065395,22.432547,21.068455,22.531183,17.875404,18.337538,17.650263,17.908356,21.01778,21.802485,21.053251,22.192408,19.272007,19.876268,0.0,0.0,0.0,4.0,4.0,4.0,0.0,4.0
17259,2023.0,4.0,30.0,20.0,21.063997,22.515915,18.191082,18.346348,21.060009,22.40082,21.063654,22.498835,20.38661,22.702858,20.30688,22.462214,21.017899,21.800764,21.053373,22.175472,20.408943,22.162336,4.0,0.0,0.0,0.0,0.0,4.0,0.0,4.0
17260,2023.0,4.0,30.0,20.0,21.030777,22.409334,20.226988,22.038328,21.035166,22.31136,21.063353,22.474445,18.296104,18.348055,18.637537,18.926205,21.048336,21.876343,21.043018,22.159132,20.046556,21.37727,4.0,4.0,0.0,0.0,0.0,0.0,0.0,0.0
17261,2023.0,4.0,30.0,20.0,21.03669,22.407658,20.018698,21.445967,21.039965,22.308523,21.025175,22.382864,17.292984,17.072067,17.681862,17.619667,21.0129,21.773277,21.043953,22.159563,18.582663,18.495407,4.0,4.0,4.0,0.0,0.0,4.0,0.0,0.0
17262,2023.0,4.0,30.0,21.0,21.062836,22.467968,20.047045,21.392881,21.039354,22.296698,21.070011,22.470158,17.987514,18.616009,17.866072,18.139341,21.018463,21.779297,21.004007,22.048288,17.828724,17.582151,4.0,4.0,0.0,4.0,4.0,4.0,4.0,0.0
17263,2023.0,4.0,30.0,21.0,21.056936,22.437395,20.042887,21.310911,21.064442,22.355278,21.037294,22.364323,20.353634,22.598326,20.28315,22.294924,21.01792,21.77358,21.062103,22.174795,17.570442,17.320822,4.0,0.0,4.0,0.0,0.0,4.0,0.0,0.0
17264,2023.0,4.0,30.0,21.0,21.030365,22.34534,20.060123,21.30585,21.058926,22.326399,21.067911,22.430853,18.850098,19.34446,18.748547,19.01442,21.01798,21.768599,21.051971,22.133495,17.542116,17.44501,0.0,0.0,0.0,4.0,4.0,4.0,0.0,0.0
17265,2023.0,4.0,30.0,21.0,21.062355,22.417065,19.045324,19.293049,21.059122,22.308823,21.061993,22.400806,20.401045,22.423769,20.334759,22.040201,21.048306,21.841537,21.052746,22.11492,18.466003,19.276861,4.0,0.0,0.0,4.0,0.0,0.0,0.0,4.0
17266,2023.0,4.0,30.0,21.0,21.055832,22.387417,20.199316,21.686514,21.045345,22.29169,21.184309,22.607607,20.042746,21.566978,18.872784,19.071821,21.043022,21.815594,21.193766,22.379255,20.223797,22.134987,0.0,0.0,4.0,0.0,4.0,0.0,0.0,0.0
17267,2023.0,4.0,30.0,21.0,21.056013,22.370743,18.726864,18.713785,21.046835,22.29749,21.06646,22.3759,18.417389,18.324963,20.324009,21.8806,21.013098,21.723284,21.040653,22.07554,18.373278,18.304476,0.0,0.0,0.0,0.0,0.0,4.0,0.0,0.0
17268,2023.0,4.0,30.0,22.0,21.016365,22.282625,18.50755,18.817675,21.04654,22.295977,21.061062,22.350317,18.295494,18.652948,18.669851,18.603907,21.048521,21.80919,21.042406,22.081045,18.452562,19.02706,4.0,0.0,0.0,4.0,0.0,0.0,0.0,4.0
17269,2023.0,4.0,30.0,22.0,21.179205,22.612183,20.221699,21.857311,21.205027,22.60971,21.202333,22.645828,20.274927,22.01269,17.952856,17.827854,21.215355,22.113024,21.24876,22.492775,20.235512,22.04071,0.0,0.0,0.0,4.0,0.0,4.0,0.0,0.0
17270,2023.0,4.0,30.0,22.0,21.054535,22.34118,18.926939,19.19861,21.020622,22.212593,21.048416,22.338682,20.041111,21.47903,17.797773,17.686327,21.04798,21.788864,21.041557,22.069859,18.448784,18.365988,0.0,4.0,0.0,0.0,0.0,0.0,0.0,0.0
17271,2023.0,4.0,30.0,22.0,21.05538,22.326355,18.117363,18.099571,21.051401,22.295725,21.048704,22.34165,18.468473,18.350628,17.649647,17.541733,21.012602,21.690601,21.041939,22.067902,17.605494,17.336775,0.0,0.0,0.0,0.0,0.0,4.0,0.0,0.0
17272,2023.0,4.0,30.0,22.0,21.041061,22.310362,17.846413,17.767866,21.058535,22.276423,21.047926,22.340424,17.627851,17.311634,17.870937,18.077755,21.04934,21.782082,21.04115,22.062592,17.554865,17.461588,0.0,0.0,0.0,0.0,4.0,0.0,0.0,0.0
17273,2023.0,4.0,30.0,22.0,21.043823,22.321491,17.703407,17.631363,21.058323,22.24937,21.048668,22.339691,17.557661,17.430925,20.34416,22.239695,21.042467,21.758451,21.041553,22.058609,17.478075,17.391449,0.0,0.0,0.0,0.0,0.0,0.0,0.0,0.0
17274,2023.0,4.0,30.0,23.0,21.043402,22.323229,17.578102,17.501741,21.043629,22.227493,21.048311,22.334854,17.471813,17.369589,18.738977,18.96873,21.043377,21.750885,21.041553,22.053585,17.37185,17.282167,0.0,0.0,0.0,0.0,0.0,0.0,0.0,0.0
17275,2023.0,4.0,30.0,23.0,19.958551,20.240765,17.473246,17.396553,19.932117,20.096699,19.850538,20.031097,17.350637,17.257774,17.846027,17.765055,20.22121,20.184898,20.821283,21.58397,17.281761,17.19518,0.0,0.0,0.0,0.0,0.0,0.0,4.0,0.0
17276,2023.0,4.0,30.0,23.0,19.448252,19.53602,17.396675,17.318768,19.362993,19.282845,19.250463,19.182947,17.259829,17.169996,17.653593,17.545,19.885235,19.743649,19.63763,19.378414,17.214415,17.126745,0.0,0.0,0.0,0.0,0.0,0.0,0.0,0.0
17277,2023.0,4.0,30.0,23.0,19.208652,19.272293,17.321545,17.24109,19.100492,18.985336,18.975477,18.874908,17.167086,17.070808,17.525276,17.408997,19.723623,19.577143,19.149714,18.7696,17.147882,17.057127,0.0,0.0,0.0,0.0,0.0,0.0,0.0,0.0
17278,2023.0,4.0,30.0,23.0,19.0369,19.099554,17.255,17.174086,18.916666,18.797928,18.780798,18.677223,17.08732,16.989534,17.416529,17.293665,19.59348,19.449514,18.928633,18.556942,17.088753,16.997053,0.0,0.0,0.0,0.0,0.0,0.0,0.0,0.0
17279,2023.0,4.0,30.0,23.0,18.896606,18.962917,17.195671,17.117188,18.767649,18.652983,18.623566,18.524628,17.015968,16.918398,17.325247,17.203218,19.477205,19.329786,18.980854,18.848658,17.034433,16.94275,0.0,0.0,0.0,0.0,0.0,0.0,0.0,0.0
17280,2023.0,5.0,1.0,0.0,18.775007,18.845106,17.140602,17.064474,18.637682,18.526964,18.486805,18.392138,16.951044,16.853642,17.243183,17.121893,19.376196,19.229591,18.888573,18.764555,16.984026,16.892326,0.0,0.0,0.0,0.0,0.0,0.0,0.0,0.0
17281,2023.0,5.0,1.0,0.0,18.671274,18.744707,17.093866,17.01979,18.526625,18.419584,18.369923,18.27913,16.892523,16.796045,17.169678,17.049944,19.28679,19.141735,18.781637,18.658386,16.937862,16.846855,0.0,0.0,0.0,0.0,0.0,0.0,0.0,0.0
17282,2023.0,5.0,1.0,0.0,18.595318,18.673794,17.066595,16.992664,18.445951,18.345154,18.284527,18.200499,16.842173,16.749506,17.107355,16.993479,19.210543,19.071112,18.687527,18.570147,17.633062,18.194942,0.0,0.0,0.0,0.0,0.0,0.0,0.0,4.0
17283,2023.0,5.0,1.0,0.0,18.52248,18.599558,17.039726,16.963121,18.36804,18.266068,18.202179,18.116943,16.793373,16.701359,17.04631,16.933485,19.137518,18.99909,18.59721,18.480831,17.12372,17.074358,0.0,0.0,0.0,0.0,0.0,0.0,0.0,0.0
17284,2023.0,5.0,1.0,0.0,18.452322,18.526089,17.011972,16.932991,18.293262,18.188318,18.123516,18.034973,16.74716,16.65423,16.988327,16.874321,19.068886,18.929167,18.512403,18.394413,16.799637,16.560343,0.0,0.0,0.0,0.0,0.0,0.0,0.0,0.0
17285,2023.0,5.0,1.0,0.0,18.38874,18.461832,16.984612,16.904535,18.224789,18.118965,18.051607,17.961939,16.705599,16.612694,16.936134,16.822012,19.007486,18.867859,18.436548,18.318678,16.69807,16.458755,0.0,0.0,0.0,0.0,0.0,0.0,0.0,0.0
17286,2023.0,5.0,1.0,1.0,18.334171,18.411907,16.960663,16.883373,18.167265,18.067701,17.99115,17.907915,17.261982,17.693033,16.89218,16.78201,18.954739,18.818785,18.370766,18.25676,16.76865,16.670658,0.0,0.0,0.0,4.0,0.0,0.0,0.0,0.0
17287,2023.0,5.0,1.0,1.0,18.279818,18.358849,16.934502,16.85782,18.109308,18.011913,17.930231,17.849184,16.865164,16.817764,16.849062,16.739885,18.90394,18.769068,18.308065,18.195316,17.489607,18.044235,0.0,0.0,0.0,0.0,0.0,0.0,0.0,4.0
17288,2023.0,5.0,1.0,1.0,18.22784,18.30727,16.90794,16.83149,18.053564,17.95742,17.871847,17.791937,16.709103,16.619596,16.80812,16.699156,18.855953,18.72135,18.24907,18.136646,16.853271,16.662989,0.0,0.0,0.0,0.0,0.0,0.0,0.0,0.0
17289,2023.0,5.0,1.0,1.0,18.174976,18.251259,16.879158,16.800564,17.996502,17.897306,17.812405,17.72902,16.658533,16.566193,16.767042,16.655504,18.808556,18.67161,18.191341,18.076426,16.635057,16.395983,0.0,0.0,0.0,0.0,0.0,0.0,0.0,0.0
17290,2023.0,5.0,1.0,1.0,18.131067,18.210817,16.855373,16.779388,17.950142,17.855934,17.764147,17.685764,17.211107,17.64241,16.733263,16.624172,18.768517,18.633867,18.142082,18.029636,16.717129,16.63305,0.0,0.0,0.0,4.0,0.0,0.0,0.0,0.0
17291,2023.0,5.0,1.0,1.0,18.087017,18.167719,16.830208,16.75502,17.90319,17.810854,17.71516,17.638592,16.640957,16.423746,16.69965,16.591093,18.729267,18.595242,18.094257,17.982542,16.701153,16.61533,0.0,0.0,0.0,0.0,0.0,0.0,0.0,0.0
17292,2023.0,5.0,1.0,2.0,18.044395,18.125143,17.291939,17.643412,17.857592,17.76622,17.667593,17.5919,16.44158,16.187536,16.667233,16.558613,18.691462,18.557428,18.048403,17.936687,16.668896,16.582195,4.0,0.0,0.0,0.0,0.0,0.0,0.0,0.0
17293,2023.0,5.0,1.0,2.0,18.001282,18.079979,17.006605,17.017172,17.81169,17.718914,17.619913,17.54276,16.367609,16.110512,16.935179,17.08637,18.653482,18.517496,18.0032,17.889822,16.637497,16.548899,0.0,0.0,0.0,0.0,4.0,0.0,0.0,0.0
17294,2023.0,5.0,1.0,2.0,17.95921,18.036171,16.852507,16.78215,17.767292,17.673357,17.57397,17.4956,16.459738,16.357267,16.730888,16.642506,18.61653,18.478926,17.95965,17.845043,17.334303,17.88586,0.0,0.0,0.0,0.0,0.0,0.0,0.0,4.0
17295,2023.0,5.0,1.0,2.0,17.916788,17.99,16.796467,16.713684,17.723406,17.62744,17.528883,17.448286,16.46312,16.366756,16.626429,16.510944,18.579563,18.43975,17.916527,17.800045,16.68682,16.484484,0.0,0.0,0.0,0.0,0.0,0.0,0.0,0.0
17296,2023.0,5.0,1.0,2.0,17.872936,17.940151,16.751974,16.661243,17.676838,17.574883,17.481325,17.394396,16.431889,16.331095,16.583601,16.462954,18.540602,18.39625,17.871893,17.751204,16.45809,16.194273,0.0,0.0,0.0,0.0,0.0,0.0,0.0,0.0
17297,2023.0,5.0,1.0,2.0,17.836273,17.903612,16.72063,16.63092,17.639194,17.539091,17.442856,17.35773,16.40433,16.303331,16.835625,16.965076,18.506506,18.362339,17.83259,17.712437,17.321888,17.91059,0.0,0.0,0.0,0.0,4.0,0.0,0.0,4.0
17298,2023.0,5.0,1.0,3.0,17.797382,17.861717,16.687119,16.594246,17.59856,17.49622,17.401375,17.313868,16.373945,16.2707,16.640348,16.544622,18.47006,18.323608,17.791327,17.669216,16.667889,16.464478,0.0,0.0,0.0,0.0,0.0,0.0,0.0,0.0
17299,2023.0,5.0,1.0,3.0,17.757868,17.817724,16.653238,16.55533,17.55666,17.449848,17.35887,17.26656,16.342314,16.235783,16.526201,16.398647,18.432417,18.282461,17.74914,17.623764,16.410488,16.13004,0.0,0.0,0.0,0.0,0.0,0.0,0.0,0.0
17300,2023.0,5.0,1.0,3.0,17.724667,17.785236,16.62701,16.530626,17.522726,17.418291,17.324411,17.234371,16.89679,17.302015,16.78148,16.911907,18.399569,18.250475,17.711977,17.587612,16.334421,16.059942,0.0,0.0,0.0,4.0,4.0,0.0,0.0,0.0
17301,2023.0,5.0,1.0,3.0,17.69389,17.756554,16.599192,16.501825,17.487106,17.382395,17.288094,17.197706,16.522425,16.46748,16.576828,16.477364,18.36565,18.21587,17.674091,17.549248,17.210245,17.794138,0.0,0.0,0.0,0.0,0.0,0.0,0.0,4.0
17302,2023.0,5.0,1.0,3.0,17.675299,17.748884,16.571758,16.472954,17.451805,17.34631,17.252214,17.160917,16.366053,16.258764,16.46386,16.335575,18.331783,18.180943,17.636486,17.510767,16.559177,16.346415,0.0,0.0,0.0,0.0,0.0,0.0,0.0,0.0
17303,2023.0,5.0,1.0,3.0,17.643888,17.71456,16.54177,16.438623,17.413946,17.304365,17.213955,17.118334,16.317528,16.205694,16.416365,16.283733,18.296171,18.142082,17.597418,17.46869,16.305,16.017338,0.0,0.0,0.0,0.0,0.0,0.0,0.0,0.0
17304,2023.0,5.0,1.0,4.0,17.613472,17.682663,16.514946,16.410484,17.3799,17.26949,17.179468,17.082914,16.277502,16.164684,16.37451,16.240814,18.263187,18.108086,17.561117,17.431564,16.226425,15.940626,0.0,0.0,0.0,0.0,0.0,0.0,0.0,0.0
17305,2023.0,5.0,1.0,4.0,17.583403,17.65145,16.489029,16.38399,17.34696,17.236298,17.145899,17.049093,16.242277,16.128796,16.336014,16.20166,18.230974,18.075188,17.525745,17.395683,16.33654,16.227758,0.0,0.0,0.0,0.0,0.0,0.0,0.0,0.0
17306,2023.0,5.0,1.0,4.0,17.553522,17.620409,16.463423,16.357817,17.314564,17.203617,17.112759,17.015717,16.20938,16.09525,16.299406,16.16442,18.199318,18.042862,17.491076,17.360514,16.328411,16.219398,0.0,0.0,0.0,0.0,0.0,0.0,0.0,0.0
17307,2023.0,5.0,1.0,4.0,17.523836,17.589556,16.438025,16.33184,17.28261,17.171335,17.080078,16.982754,16.178349,16.063581,16.264431,16.128824,18.168192,18.011086,17.457058,17.326012,16.302177,16.192595,0.0,0.0,0.0,0.0,0.0,0.0,0.0,0.0
17308,2023.0,5.0,1.0,4.0,17.494474,17.559004,16.412916,16.306126,17.251186,17.139526,17.047993,16.95031,16.14885,16.033466,16.230957,16.09475,18.137674,17.979937,17.423784,17.29227,16.274641,16.164497,0.0,0.0,0.0,0.0,0.0,0.0,0.0,0.0
17309,2023.0,5.0,1.0,4.0,17.466923,17.532106,16.39028,16.28542,17.222586,17.113262,17.018845,16.92356,16.122183,16.007988,16.200933,16.066572,18.109354,17.952808,17.392654,17.262415,16.974766,17.506355,0.0,0.0,0.0,0.0,0.0,0.0,0.0,4.0
17310,2023.0,5.0,1.0,5.0,17.437675,17.501635,16.365324,16.259838,17.191656,17.081882,16.987497,16.891699,16.669222,17.058065,16.46036,16.577312,18.83364,19.34822,17.360403,17.229702,16.498075,16.44698,0.0,0.0,0.0,4.0,4.0,4.0,0.0,0.0
17311,2023.0,5.0,1.0,5.0,18.12001,18.803308,16.80785,17.107306,17.1627,17.053923,16.958256,16.863346,16.309408,16.251497,16.273691,16.168362,19.092506,19.69117,18.333525,19.088755,16.170624,15.904417,4.0,0.0,0.0,0.0,0.0,4.0,4.0,0.0
17312,2023.0,5.0,1.0,5.0,17.691917,17.854298,16.571218,16.575237,17.134771,17.026764,16.92967,16.835625,16.527637,16.71773,16.454865,16.567543,18.20391,17.90048,17.488743,17.253922,16.056797,15.775668,0.0,0.0,0.0,4.0,4.0,0.0,0.0,0.0
17313,2023.0,5.0,1.0,5.0,17.94832,18.381601,16.87393,17.19119,17.107346,16.999784,16.901104,16.807783,16.079771,15.800216,16.264057,16.155298,18.705349,19.006155,17.196592,16.872213,16.145046,16.01932,4.0,0.0,0.0,0.0,0.0,4.0,0.0,0.0
17314,2023.0,5.0,1.0,5.0,18.048447,18.498276,16.599339,16.601534,17.79737,18.319075,16.87312,16.780924,15.910017,15.611972,16.449049,16.565344,18.113955,17.778473,18.087688,18.623825,16.154623,16.045675,0.0,4.0,0.0,0.0,4.0,0.0,4.0,0.0
17315,2023.0,5.0,1.0,5.0,18.084167,18.531893,16.186085,15.857547,18.0149,18.575047,16.845135,16.753775,16.440418,16.66811,16.57181,16.737373,17.88731,17.490955,18.373741,18.968422,16.859665,17.392885,0.0,4.0,0.0,4.0,4.0,0.0,4.0,4.0
17316,2023.0,5.0,1.0,6.0,17.472652,17.366236,16.48082,16.488314,17.236916,17.023508,17.54085,18.08391,16.610508,16.85232,16.38684,16.3348,17.809835,17.419706,18.482042,19.070662,16.218708,16.002329,4.0,0.0,4.0,4.0,4.0,0.0,4.0,0.0
17317,2023.0,5.0,1.0,6.0,22.027847,25.332489,20.283281,23.047087,21.454077,24.473412,21.492586,24.777782,20.71653,23.737871,20.293386,22.869343,21.38782,23.61643,22.337652,25.575464,16.723324,17.087053,4.0,0.0,0.0,0.0,0.0,0.0,4.0,4.0
17318,2023.0,5.0,1.0,6.0,20.886782,22.877445,20.007496,22.083757,20.94976,23.105326,20.945322,23.267828,18.077463,18.18352,18.217865,18.511305,20.96136,22.640463,20.975811,22.800646,20.35096,23.249332,4.0,0.0,4.0,0.0,4.0,4.0,0.0,0.0
17319,2023.0,5.0,1.0,6.0,21.180244,23.240124,20.146196,22.084553,21.164625,23.292734,21.160366,23.398426,17.262987,17.465572,20.312975,22.646896,21.129898,22.746536,21.236774,23.10421,17.795895,17.794203,4.0,0.0,4.0,4.0,4.0,4.0,4.0,0.0
17320,2023.0,5.0,1.0,6.0,21.073275,22.896502,20.05787,21.717928,21.03605,22.849297,21.059662,22.995434,20.408834,22.835264,20.018803,21.766027,21.065279,22.47051,21.071926,22.666801,16.666864,16.387589,4.0,4.0,4.0,4.0,4.0,0.0,0.0,0.0
17321,2023.0,5.0,1.0,6.0,21.0415,22.702902,20.072548,21.628216,21.03967,22.745958,21.057232,22.850973,20.020056,21.894802,20.062984,21.642778,21.057154,22.328163,21.064175,22.546995,16.636286,16.533117,0.0,4.0,4.0,0.0,4.0,0.0,0.0,0.0
17322,2023.0,5.0,1.0,7.0,21.047514,22.636168,18.388264,18.29345,21.05551,22.66465,21.081827,22.815104,18.62773,18.972832,20.070498,21.517073,21.028336,22.156088,21.064997,22.464895,17.347033,17.912346,0.0,4.0,0.0,4.0,0.0,4.0,0.0,4.0
17323,2023.0,5.0,1.0,7.0,21.046207,22.575933,17.652033,17.515617,21.051702,22.576172,21.074902,22.717531,20.294018,22.265867,18.732899,18.817207,21.031399,22.098526,21.063427,22.397087,20.331787,22.938873,0.0,4.0,0.0,0.0,4.0,4.0,0.0,4.0
17324,2023.0,5.0,1.0,7.0,21.070757,22.601229,17.479687,17.360697,21.050352,22.512024,21.073736,22.648403,18.311892,18.208754,20.287153,21.86005,21.02959,22.04715,21.049421,22.343548,20.042414,22.05182,0.0,4.0,0.0,0.0,4.0,4.0,0.0,0.0
17325,2023.0,5.0,1.0,7.0,21.038084,22.475822,17.31805,17.199635,21.048914,22.46143,21.03177,22.523376,17.52214,17.38441,20.026466,21.315617,21.058374,22.084877,21.050184,22.320658,18.747053,19.276682,0.0,4.0,4.0,0.0,4.0,0.0,0.0,4.0
17326,2023.0,5.0,1.0,7.0,21.042902,22.458588,17.634455,17.90741,21.072573,22.489925,21.053364,22.51937,17.349243,17.221563,20.05377,21.278364,21.052082,22.032299,21.049454,22.29718,20.282251,22.298529,4.0,0.0,4.0,0.0,4.0,0.0,0.0,0.0
17327,2023.0,5.0,1.0,7.0,21.201706,22.756424,20.283072,22.520494,21.066261,22.440102,21.074244,22.546356,17.198244,17.075048,20.048584,21.199821,21.170023,22.216278,21.04867,22.275728,18.264725,18.167145,0.0,0.0,0.0,0.0,4.0,4.0,0.0,0.0
17328,2023.0,5.0,1.0,8.0,21.066986,22.485336,18.571114,18.88725,21.065744,22.407108,21.068554,22.50151,17.07716,16.960136,20.04679,21.141703,21.055141,21.980793,21.048082,22.25623,17.323368,17.02191,0.0,0.0,0.0,0.0,4.0,0.0,0.0,0.0
17329,2023.0,5.0,1.0,8.0,19.569168,19.59282,17.553116,17.502228,19.781965,19.94269,19.431414,19.335146,16.980812,16.871492,20.061813,21.142147,20.424856,20.716932,20.643822,21.420156,17.0841,16.79354,0.0,0.0,0.0,0.0,0.0,4.0,4.0,0.0
17330,2023.0,5.0,1.0,8.0,18.727339,18.53754,17.30833,17.209118,19.618336,20.099588,18.71523,18.599087,16.898157,16.793707,18.725965,18.548578,19.493324,19.16812,19.356045,19.122532,17.082098,16.951723,0.0,4.0,0.0,0.0,0.0,0.0,0.0,0.0
17331,2023.0,5.0,1.0,8.0,18.47146,18.258781,17.195883,17.088879,18.824404,18.624144,18.52202,18.410599,16.838032,16.73538,18.300169,18.09128,19.151358,18.738935,18.864359,18.498766,17.044598,16.94084,0.0,0.0,0.0,0.0,0.0,0.0,0.0,0.0
17332,2023.0,5.0,1.0,8.0,18.518518,18.539055,17.105482,17.001497,19.021402,19.221144,18.349855,18.241776,16.783802,16.683907,18.155247,17.98138,19.752111,20.030106,18.639303,18.280993,16.973724,16.875399,0.0,4.0,0.0,0.0,0.0,4.0,0.0,0.0
17333,2023.0,5.0,1.0,8.0,18.451168,18.510345,17.02914,16.93012,18.417282,18.132244,18.204615,18.102613,16.73756,16.640425,18.000135,17.836287,19.1548,18.844482,18.471905,18.1285,16.910349,16.815855,0.0,0.0,0.0,0.0,0.0,0.0,0.0,0.0
17334,2023.0,5.0,1.0,9.0,18.346884,18.411465,17.443476,17.77188,18.098122,17.734106,18.073881,17.975512,16.696217,16.600548,17.863422,17.703846,18.881718,18.4986,18.510172,18.35614,16.852385,16.759954,4.0,0.0,0.0,0.0,0.0,0.0,0.0,0.0
17335,2023.0,5.0,1.0,9.0,18.25416,18.326382,20.264973,22.671944,17.949448,17.602787,17.963194,17.873857,16.66209,16.569012,17.7484,17.595846,18.770403,18.398764,18.455162,18.325739,16.8038,16.715113,0.0,0.0,0.0,0.0,0.0,0.0,0.0,0.0
17336,2023.0,5.0,1.0,9.0,18.162998,18.251438,18.556822,18.985992,17.991394,17.84807,17.844997,17.76323,16.6287,16.5376,17.633808,17.489939,18.851255,18.675262,18.362148,18.240269,16.753225,16.667011,0.0,0.0,0.0,0.0,0.0,0.0,0.0,0.0
17337,2023.0,5.0,1.0,9.0,18.090948,18.184189,17.697735,17.65016,18.672293,19.193161,17.75558,17.676357,16.605822,16.515106,17.935501,18.12673,18.856947,18.715984,18.287651,18.16775,16.716246,16.630318,0.0,4.0,0.0,0.0,4.0,0.0,0.0,0.0
17338,2023.0,5.0,1.0,9.0,18.019571,18.115984,17.47958,17.406345,18.847393,19.432177,17.675179,17.60329,16.586723,16.49728,20.250206,22.158817,19.590464,20.150433,18.220781,18.105268,16.684364,16.60007,0.0,4.0,0.0,0.0,0.0,4.0,0.0,0.0
17339,2023.0,5.0,1.0,9.0,17.935015,18.026459,17.321146,17.250874,18.670336,19.048204,17.591967,17.52636,16.567617,16.479212,18.810217,19.070131,18.98752,18.787043,19.19138,20.001617,16.65257,16.569677,0.0,4.0,0.0,0.0,0.0,0.0,4.0,0.0
17340,2023.0,5.0,1.0,10.0,17.87688,17.970667,17.218367,17.14707,18.02341,17.87206,17.528128,17.465868,16.554039,16.465918,18.12882,18.004496,19.439196,19.77726,18.381935,18.244246,16.629541,16.547016,0.0,0.0,0.0,0.0,0.0,4.0,0.0,0.0
17341,2023.0,5.0,1.0,10.0,17.829306,17.93298,17.132574,17.064917,17.727623,17.46189,17.468786,17.411514,16.54257,16.455383,17.94583,17.799269,18.893763,18.655302,18.050001,17.78269,16.609348,16.527893,0.0,0.0,0.0,0.0,0.0,0.0,0.0,0.0
17342,2023.0,5.0,1.0,10.0,17.79515,17.91412,17.055504,16.98698,17.601814,17.334127,17.412157,17.356735,16.53309,16.446424,17.819777,17.666817,18.659883,18.331463,17.947578,17.679726,16.591742,16.510645,0.0,0.0,0.0,0.0,0.0,0.0,0.0,0.0
17343,2023.0,5.0,1.0,10.0,17.75608,17.881823,17.482094,17.848383,17.681177,17.591219,17.36638,17.319742,16.526403,16.441116,17.736189,17.594776,18.591969,18.276165,18.015352,17.893044,16.57815,16.498909,4.0,0.0,0.0,0.0,0.0,0.0,0.0,0.0
17344,2023.0,5.0,1.0,10.0,17.708958,17.830837,20.2646,22.671206,17.666208,17.607967,17.32225,17.282084,16.52149,16.437128,17.661581,17.525215,18.69208,18.538445,18.007065,17.901169,16.566586,16.488558,0.0,0.0,0.0,0.0,0.0,0.0,0.0,0.0
17345,2023.0,5.0,1.0,10.0,17.672401,17.805952,18.585215,19.04284,17.614584,17.564363,17.275072,17.240562,16.518925,16.434969,17.591003,17.460325,18.722807,18.597878,17.973858,17.871975,16.555737,16.47833,0.0,0.0,0.0,0.0,0.0,0.0,0.0,0.0
17346,2023.0,5.0,1.0,11.0,17.641943,17.77939,17.7426,17.7326,18.285347,18.868195,17.236313,17.205612,16.520954,16.436857,17.54612,17.416782,18.70735,18.586906,17.945724,17.844938,16.549665,16.472,0.0,4.0,0.0,0.0,0.0,0.0,0.0,0.0
17347,2023.0,5.0,1.0,11.0,17.610151,17.749935,17.52783,17.4896,17.727533,17.679705,17.199503,17.173107,16.524952,16.439793,17.508196,17.380688,18.689388,18.569645,17.92066,17.820196,16.54602,16.467384,0.0,0.0,0.0,0.0,0.0,0.0,0.0,0.0
17348,2023.0,5.0,1.0,11.0,17.578386,17.718487,17.378887,17.329319,17.427952,17.227636,17.162516,17.137457,16.531218,16.444757,17.474266,17.34466,18.674042,18.55301,17.898827,17.796825,16.545006,16.46481,0.0,0.0,0.0,0.0,0.0,0.0,0.0,0.0
17349,2023.0,5.0,1.0,11.0,18.266266,19.034828,17.744257,18.107565,18.1952,18.762695,17.132816,17.114271,16.538788,16.450012,17.450981,17.323746,18.663677,18.542917,17.88289,17.781487,16.546684,16.464909,4.0,4.0,0.0,0.0,0.0,0.0,0.0,0.0
17350,2023.0,5.0,1.0,11.0,17.835476,18.082144,20.256975,22.4941,18.274733,18.757126,17.102552,17.087894,16.548899,16.458015,17.430428,17.302277,18.655426,18.533699,17.868958,17.766716,16.550356,16.466682,0.0,4.0,0.0,0.0,0.0,0.0,0.0,0.0
17351,2023.0,5.0,1.0,11.0,17.451439,17.493391,18.673702,19.10978,17.68637,17.655027,17.070873,17.060091,16.561499,16.468403,17.413704,17.285126,18.648443,18.525774,17.855883,17.75279,16.555387,16.469894,0.0,0.0,0.0,0.0,0.0,0.0,0.0,0.0
17352,2023.0,5.0,1.0,12.0,18.093864,18.755695,17.88399,17.894108,17.433731,17.286425,17.044165,17.036318,17.335434,17.912302,17.407265,17.277576,18.645037,18.521297,18.913857,19.758913,16.561731,16.474586,0.0,0.0,0.0,4.0,0.0,0.0,4.0,0.0
17353,2023.0,5.0,1.0,12.0,21.26351,24.176159,18.109184,18.47565,21.272991,24.099146,21.20629,24.399137,20.296741,22.949913,17.402437,17.272402,21.57202,23.715837,21.278381,23.71666,16.568724,16.480316,4.0,4.0,0.0,0.0,0.0,0.0,0.0,0.0
17354,2023.0,5.0,1.0,12.0,21.022778,23.31307,20.26296,22.244385,21.023779,23.2232,21.008192,23.521832,18.219246,18.428549,17.397642,17.26731,20.985521,22.365547,21.027369,22.865755,16.578558,16.488836,0.0,0.0,0.0,0.0,0.0,4.0,0.0,0.0
17355,2023.0,5.0,1.0,12.0,21.072662,23.160898,18.622824,18.834606,21.050474,22.99831,21.071724,23.3457,17.19747,17.027018,17.397589,17.266882,21.05461,22.333044,21.059557,22.695402,16.592491,16.502277,0.0,4.0,0.0,0.0,0.0,0.0,0.0,0.0
17356,2023.0,5.0,1.0,12.0,21.024055,22.897306,18.264803,18.691801,21.068323,22.883667,21.057858,23.117699,17.1077,16.995085,17.39968,17.269188,21.04025,22.164288,21.049908,22.513422,16.610302,16.520483,4.0,0.0,0.0,0.0,0.0,0.0,0.0,0.0
17357,2023.0,5.0,1.0,12.0,21.06975,22.885023,20.23221,22.15233,21.063969,22.750322,21.06112,22.98129,17.086664,16.977568,17.403112,17.27306,21.04155,22.061903,21.04316,22.396784,16.628628,16.53857,0.0,0.0,0.0,0.0,0.0,0.0,0.0,0.0
17358,2023.0,5.0,1.0,13.0,21.060783,22.775171,18.6539,18.871746,21.038198,22.588255,21.0593,22.874727,17.059607,16.951487,17.409536,17.279743,21.03117,21.980286,21.042904,22.31894,16.647892,16.558422,0.0,4.0,0.0,0.0,0.0,0.0,0.0,0.0
17359,2023.0,5.0,1.0,13.0,21.058506,22.700539,17.706783,17.590841,21.040516,22.530098,21.056322,22.791815,17.038086,16.929207,17.414724,17.284603,21.030354,21.930626,21.040596,22.255085,16.666052,16.576563,0.0,4.0,0.0,0.0,0.0,0.0,0.0,0.0
17360,2023.0,5.0,1.0,13.0,21.105837,22.748632,17.58458,17.56222,21.1239,22.66558,21.12086,22.849478,17.022171,16.912943,17.418373,17.287725,21.012106,21.826393,21.08784,22.293884,16.682747,16.593075,0.0,0.0,0.0,0.0,0.0,4.0,0.0,0.0
17361,2023.0,5.0,1.0,13.0,21.102821,22.694517,17.477972,17.46029,21.077908,22.475824,21.115705,22.771435,17.011143,16.902178,17.42086,17.289598,21.025724,21.822672,21.083454,22.232893,16.698055,16.608112,0.0,4.0,0.0,0.0,0.0,4.0,0.0,0.0
17362,2023.0,5.0,1.0,13.0,21.041346,22.560923,17.863913,18.278994,21.058655,22.453056,21.046385,22.613682,17.003422,16.895065,17.422558,17.290754,21.039486,21.842907,21.03287,22.11492,16.712257,16.621887,4.0,0.0,0.0,0.0,0.0,0.0,0.0,0.0
17363,2023.0,5.0,1.0,13.0,21.194672,22.847382,20.260092,22.423561,21.057201,22.421486,21.054708,22.601362,16.997955,16.890123,17.424427,17.292578,21.156403,22.045525,21.03912,22.103687,16.72569,16.635015,0.0,0.0,0.0,0.0,0.0,0.0,0.0,0.0
17364,2023.0,5.0,1.0,14.0,21.04692,22.529219,18.719776,19.138144,21.056395,22.393597,21.052961,22.572239,16.99529,16.887894,17.428776,17.296711,21.034592,21.771795,21.037748,22.080261,16.738335,16.64782,0.0,0.0,0.0,0.0,0.0,0.0,0.0,0.0
17365,2023.0,5.0,1.0,14.0,20.399237,21.239641,18.19596,18.614468,20.384256,21.068787,19.723228,19.994944,16.995825,16.890713,17.434555,17.304747,20.804766,21.281149,20.034555,20.130247,16.751034,16.661797,4.0,4.0,0.0,0.0,0.0,4.0,0.0,0.0
17366,2023.0,5.0,1.0,14.0,20.1717,20.953148,20.258091,22.243181,19.963537,20.41256,19.086102,19.101267,16.999166,16.896698,17.440863,17.314396,20.01329,19.810686,19.5753,19.46178,16.762596,16.675373,0.0,4.0,0.0,0.0,0.0,0.0,0.0,0.0
17367,2023.0,5.0,1.0,14.0,19.9123,20.55399,19.005531,19.545177,19.186571,19.13692,19.436115,20.016932,17.003029,16.903173,17.448658,17.324692,19.656015,19.383821,19.344154,19.220041,16.773056,16.687756,4.0,0.0,4.0,0.0,0.0,0.0,0.0,0.0
17368,2023.0,5.0,1.0,14.0,19.792143,20.422026,20.195074,21.846529,18.828419,18.683178,18.933437,19.074146,17.765368,18.339073,17.457077,17.336775,20.279083,20.658789,19.21309,19.087309,16.780296,16.697086,0.0,0.0,0.0,4.0,0.0,4.0,0.0,0.0
17369,2023.0,5.0,1.0,14.0,19.127779,19.27035,18.811537,19.037981,19.256096,19.673183,19.04376,19.526516,20.263775,22.567295,17.464357,17.34752,19.79818,19.615776,19.088146,18.968098,16.78554,16.7045,0.0,4.0,4.0,0.0,0.0,0.0,0.0,0.0
17370,2023.0,5.0,1.0,15.0,19.40857,20.059032,18.080473,18.132586,18.854595,18.879421,19.116564,19.632483,19.023895,19.735165,17.467743,17.355183,20.216467,20.615053,18.979742,18.864426,16.788834,16.710447,0.0,0.0,4.0,4.0,0.0,4.0,0.0,0.0
17371,2023.0,5.0,1.0,15.0,19.485895,20.161749,17.902006,17.925365,18.541489,18.438217,19.084696,19.599333,20.199274,21.927147,17.464153,17.35335,20.412207,20.901297,18.898691,18.784529,16.787563,16.710072,0.0,0.0,4.0,0.0,0.0,4.0,0.0,0.0
17372,2023.0,5.0,1.0,15.0,19.459702,20.131653,17.75698,17.778109,19.00127,19.44412,19.044416,19.560408,18.712233,18.86308,17.45551,17.34624,20.448421,20.937752,18.813152,18.702698,16.783676,16.707197,0.0,4.0,4.0,0.0,0.0,4.0,0.0,0.0
17373,2023.0,5.0,1.0,15.0,19.447674,20.117601,18.112528,18.52486,19.137558,19.64825,18.439167,18.457594,18.088108,17.928562,17.4432,17.335793,19.71728,19.541819,18.74392,18.634693,16.777514,16.702517,4.0,4.0,0.0,0.0,0.0,0.0,0.0,0.0
17374,2023.0,5.0,1.0,15.0,19.431242,20.09831,20.236164,22.233063,19.134638,19.641846,18.152315,18.075157,17.953505,17.84152,17.4284,17.323427,19.4703,19.225733,18.68023,18.575241,16.769545,16.696497,0.0,4.0,0.0,0.0,0.0,0.0,0.0,0.0
17375,2023.0,5.0,1.0,15.0,19.403765,20.062822,19.157446,19.849794,19.125881,19.631577,17.991013,17.909466,17.837055,17.736633,17.413784,17.311365,19.362085,19.122843,18.614107,18.512802,16.759523,16.688375,4.0,4.0,0.0,0.0,0.0,0.0,0.0,0.0
17376,2023.0,5.0,1.0,16.0,18.798502,18.946632,20.211084,21.81373,19.11617,19.619776,17.88975,17.80757,17.745739,17.645609,17.401402,17.301235,19.283293,19.04631,18.560898,18.461666,16.748856,16.679287,0.0,4.0,0.0,0.0,0.0,0.0,0.0,0.0
17377,2023.0,5.0,1.0,16.0,18.464266,18.534237,19.166714,19.6469,18.54782,18.573544,18.559162,19.160328,17.657423,17.563402,17.391506,17.295454,19.307364,19.174522,19.542946,20.368786,16.738626,16.671724,4.0,0.0,4.0,0.0,0.0,0.0,4.0,0.0
17378,2023.0,5.0,1.0,16.0,18.351341,18.414331,20.155048,21.568613,18.263308,18.171509,18.659342,19.212904,18.338743,18.907198,17.384226,17.292135,20.066063,20.647396,18.851397,18.852337,16.73006,16.665628,4.0,0.0,4.0,4.0,0.0,4.0,0.0,0.0
17379,2023.0,5.0,1.0,16.0,18.957617,19.632238,20.036642,21.282276,18.77051,19.236158,18.649258,19.187847,20.214785,22.086117,17.37698,17.288586,19.575369,19.519236,18.441904,18.301092,16.72232,16.660257,0.0,4.0,4.0,0.0,0.0,0.0,0.0,0.0
17380,2023.0,5.0,1.0,16.0,19.159513,19.845087,19.233727,19.673433,18.978962,19.501148,18.10777,18.16032,18.677643,18.844505,17.370409,17.285465,19.225712,19.035835,18.336205,18.184265,16.715809,16.655945,4.0,4.0,0.0,0.0,0.0,0.0,0.0,0.0
17381,2023.0,5.0,1.0,16.0,18.58039,18.73966,20.175291,21.483849,18.997923,19.52224,18.511147,19.033718,18.071047,17.932394,17.364828,17.283241,19.88081,20.343773,18.288939,18.139551,16.710218,16.652552,0.0,4.0,4.0,0.0,0.0,4.0,0.0,0.0
17382,2023.0,5.0,1.0,17.0,18.294554,18.388973,19.326752,19.76338,19.01184,19.53833,18.10962,18.164568,18.648178,19.200336,17.358892,17.280788,19.472214,19.40479,19.359005,20.211708,16.704178,16.648926,4.0,4.0,0.0,4.0,0.0,0.0,4.0,0.0
17383,2023.0,5.0,1.0,17.0,18.908089,19.607655,20.144434,21.393442,19.020813,19.548979,17.858332,17.81547,20.172749,21.791557,17.352451,17.277683,19.969048,20.438612,18.686625,18.704983,16.69795,16.645021,0.0,4.0,0.0,4.0,0.0,4.0,0.0,0.0
17384,2023.0,5.0,1.0,17.0,19.121468,19.83014,19.023954,19.179842,19.029613,19.559185,18.401424,18.9287,20.032747,21.370773,17.343988,17.272787,20.211466,20.75115,18.29831,18.18162,16.690252,16.6398,0.0,4.0,4.0,0.0,0.0,4.0,0.0,0.0
17385,2023.0,5.0,1.0,17.0,19.146696,19.844738,18.43183,18.472895,18.47818,18.529196,18.60966,19.16684,18.815987,18.917187,17.332806,17.26519,19.585323,19.533936,19.203756,19.956617,16.681997,16.634085,0.0,0.0,4.0,0.0,0.0,0.0,4.0,0.0
17386,2023.0,5.0,1.0,17.0,19.175444,19.873655,18.263903,18.284958,18.857767,19.36133,18.05693,18.113459,18.294184,18.155651,17.320444,17.256117,19.313467,19.131355,18.581762,18.582396,16.674223,16.628857,0.0,4.0,0.0,0.0,0.0,0.0,0.0,0.0
17387,2023.0,5.0,1.0,17.0,18.574635,18.729837,18.594099,19.01151,18.975016,19.516785,17.818209,17.784311,18.112299,17.967451,17.306704,17.245691,19.216764,19.031742,18.32077,18.19937,16.66615,16.623453,4.0,4.0,0.0,0.0,0.0,0.0,0.0,0.0
17388,2023.0,5.0,1.0,18.0,19.039991,19.727459,20.192564,21.806108,18.990488,19.530212,18.384438,18.921843,18.039234,17.954182,17.292213,17.234703,19.151154,18.973654,19.240719,19.99852,16.657417,16.617558,4.0,4.0,4.0,0.0,0.0,0.0,4.0,0.0
17389,2023.0,5.0,1.0,18.0,21.259724,23.499584,20.028198,21.341629,21.280602,23.517302,21.304874,23.88715,18.724277,19.345585,17.276176,17.220379,21.245338,22.706154,21.250187,23.309456,16.646439,16.608086,0.0,4.0,4.0,4.0,0.0,0.0,0.0,0.0
17390,2023.0,5.0,1.0,18.0,21.00618,22.77404,18.886852,19.056658,21.00645,22.734892,21.006708,22.995222,20.182894,21.76279,17.26178,17.208242,21.013079,22.158403,21.027658,22.623163,16.63796,16.60092,0.0,4.0,4.0,0.0,0.0,0.0,0.0,0.0
17391,2023.0,5.0,1.0,18.0,21.061918,22.754105,18.615429,18.921658,21.06541,22.710854,21.048246,22.877298,18.810434,18.918938,17.246649,17.195541,21.005438,22.014053,21.053606,22.5075,16.631779,16.596806,4.0,0.0,4.0,0.0,0.0,4.0,0.0,0.0
17392,2023.0,5.0,1.0,18.0,21.171385,22.86276,20.220804,21.779072,21.170715,22.80434,21.19052,23.024931,18.090511,17.965872,17.229807,17.180891,21.216019,22.352682,21.210268,22.703903,16.626368,16.593681,0.0,0.0,4.0,0.0,0.0,4.0,0.0,0.0
17393,2023.0,5.0,1.0,18.0,21.051086,22.537102,18.936901,19.134277,21.05393,22.480711,21.039919,22.621218,18.725151,19.337193,17.213621,17.167616,21.011644,21.882322,21.001587,22.185331,16.620508,16.590319,0.0,0.0,4.0,4.0,0.0,4.0,4.0,0.0
17394,2023.0,5.0,1.0,19.0,21.050112,22.47427,18.716696,19.138351,21.052967,22.414232,21.038887,22.54734,20.183706,21.74675,17.195408,17.152569,21.011703,21.844435,21.056108,22.267162,16.613585,16.586086,4.0,0.0,4.0,0.0,0.0,4.0,0.0,0.0
17395,2023.0,5.0,1.0,19.0,21.233578,22.809874,20.195929,21.743467,21.23235,22.7404,21.2366,22.886461,19.370634,19.947083,17.171494,17.128473,21.173569,22.157938,21.254095,22.615875,17.615068,18.493511,0.0,0.0,4.0,4.0,0.0,0.0,0.0,4.0
17396,2023.0,5.0,1.0,19.0,21.014708,22.320316,19.032784,19.338572,21.018755,22.260775,21.061968,22.50448,20.13384,21.45951,17.145391,17.102514,21.006348,21.770916,21.046705,22.157082,20.303963,22.911026,0.0,4.0,0.0,4.0,0.0,4.0,0.0,0.0
17397,2023.0,5.0,1.0,19.0,21.055853,22.389013,18.74214,19.163143,21.02392,22.25515,21.031946,22.381742,20.037624,21.196783,17.115788,17.073338,21.01247,21.76942,21.047167,22.130508,18.162266,18.344385,4.0,4.0,4.0,0.0,0.0,4.0,0.0,0.0
17398,2023.0,5.0,1.0,19.0,21.27323,22.772524,20.188143,21.683386,21.256021,22.686178,21.198954,22.702728,19.436344,19.935446,17.082674,17.039938,21.174446,22.101862,21.288237,22.606676,17.19731,17.108414,4.0,4.0,0.0,4.0,0.0,0.0,0.0,0.0
17399,2023.0,5.0,1.0,19.0,21.05406,22.32459,20.030537,21.258131,21.05635,22.273659,21.055622,22.37963,20.152151,21.383205,17.468212,17.796267,21.006924,21.727175,21.039314,22.094887,17.05501,17.011309,0.0,0.0,0.0,0.0,4.0,4.0,0.0,0.0
17400,2023.0,5.0,1.0,20.0,21.1628,22.520021,19.169657,19.499744,21.194479,22.503384,21.18626,22.593653,18.879522,18.83918,20.290041,22.567223,21.138714,22.003416,21.415747,22.824833,16.981106,16.942059,4.0,4.0,4.0,0.0,0.0,0.0,4.0,0.0
17401,2023.0,5.0,1.0,20.0,21.243336,22.636623,20.17871,21.511246,21.187704,22.48491,21.18014,22.57661,18.182207,17.961843,18.61629,18.962803,21.153393,22.0157,21.22372,22.44281,16.903051,16.8635,4.0,0.0,0.0,0.0,0.0,0.0,0.0,0.0
17402,2023.0,5.0,1.0,20.0,21.028112,22.186861,20.006292,21.08243,21.05066,22.1843,21.028618,22.228548,17.940153,17.701832,17.619108,17.557436,21.007412,21.68901,21.045029,22.061388,16.833725,16.79189,4.0,0.0,4.0,0.0,0.0,4.0,0.0,0.0
17403,2023.0,5.0,1.0,20.0,21.099562,22.355293,20.101616,21.23182,21.104065,22.270983,21.113365,22.413155,17.931658,17.84647,17.43627,17.36559,21.07915,21.859217,21.097605,22.152576,16.774395,16.731878,0.0,0.0,0.0,0.0,0.0,0.0,0.0,0.0
17404,2023.0,5.0,1.0,20.0,21.042152,22.211136,18.922638,18.899172,21.032896,22.13112,21.023447,22.182919,18.614979,19.208958,17.344692,17.281406,21.034668,21.747276,21.031792,22.020615,16.721096,16.674995,0.0,0.0,4.0,4.0,0.0,0.0,0.0,0.0
17405,2023.0,5.0,1.0,20.0,21.024162,22.139269,18.16932,17.895061,21.042652,22.152058,21.063541,22.27206,20.204767,21.829796,17.252432,17.180756,21.040844,21.750002,21.040848,22.040358,16.668106,16.617014,0.0,0.0,0.0,0.0,0.0,0.0,0.0,0.0
17406,2023.0,5.0,1.0,21.0,21.028101,22.139002,18.53695,18.804916,21.041397,22.147413,21.05669,22.242115,18.62226,18.551523,17.169247,17.091675,21.029379,21.74063,21.03979,22.037466,16.620476,16.564636,4.0,0.0,0.0,0.0,0.0,0.0,0.0,0.0
17407,2023.0,5.0,1.0,21.0,21.207922,22.510244,20.186243,21.657232,21.329714,22.700441,21.242483,22.578281,17.837847,17.573656,17.46185,17.70018,21.533974,22.489805,21.283014,22.521736,16.57843,16.519903,4.0,4.0,4.0,0.0,4.0,4.0,0.0,0.0
17408,2023.0,5.0,1.0,21.0,21.048899,22.174438,20.035967,21.22393,21.045765,22.145447,21.061853,22.22176,17.79437,17.690058,20.358908,22.507114,21.03852,21.692827,20.99943,21.917406,16.540295,16.478937,0.0,0.0,0.0,0.0,4.0,0.0,4.0,0.0
17409,2023.0,5.0,1.0,21.0,21.05004,22.164162,18.754953,18.667612,21.054554,22.131708,21.056566,22.198156,17.750648,17.666746,20.012453,21.64311,21.010664,21.622461,21.059084,22.050497,16.504978,16.440792,0.0,0.0,0.0,0.0,4.0,4.0,0.0,0.0
17410,2023.0,5.0,1.0,21.0,21.009743,22.078045,18.403984,18.423857,21.052965,22.103443,21.056923,22.184286,17.651842,17.56054,20.070398,21.557373,21.016003,21.64287,21.048782,22.012348,17.42578,18.20642,4.0,0.0,0.0,0.0,0.0,4.0,0.0,4.0
17411,2023.0,5.0,1.0,21.0,21.057234,22.180101,20.211264,21.701847,21.039095,22.08296,21.042519,22.169342,17.56246,17.468468,18.50808,18.400036,21.046362,21.728724,21.050009,21.997988,20.3126,22.96329,0.0,0.0,0.0,0.0,0.0,0.0,0.0,0.0
17412,2023.0,5.0,1.0,22.0,21.049635,22.149914,18.778833,18.731886,21.040783,22.087683,21.044199,22.17746,17.483267,17.386707,17.635105,17.298565,21.041367,21.712908,21.049898,21.983517,18.658728,19.27478,0.0,0.0,0.0,0.0,0.0,0.0,0.0,4.0
17413,2023.0,5.0,1.0,22.0,21.050247,22.137484,18.168182,18.065325,21.040474,22.08612,21.043968,22.178064,18.005877,18.429527,17.577702,17.431017,21.01139,21.628124,21.038054,21.97147,20.299711,22.520203,0.0,0.0,0.0,4.0,0.0,4.0,0.0,0.0
17414,2023.0,5.0,1.0,22.0,21.03636,22.12427,18.052614,17.959393,21.040333,22.083233,21.043663,22.176094,20.281498,22.27924,17.529219,17.423573,21.016367,21.641132,21.039585,21.979927,18.200407,18.165607,0.0,0.0,0.0,0.0,0.0,4.0,0.0,0.0
17415,2023.0,5.0,1.0,22.0,21.037886,22.133677,17.936531,17.841871,21.040272,22.07955,21.0437,22.173536,18.421513,18.352562,17.414675,17.306433,21.046562,21.722116,21.039234,21.981485,17.243404,16.999578,0.0,0.0,0.0,0.0,0.0,0.0,0.0,0.0
17416,2023.0,5.0,1.0,22.0,21.037111,22.134987,17.830917,17.730383,21.03987,22.07469,21.043322,22.169931,18.14314,18.378534,17.303047,17.189816,21.040787,21.701714,20.997793,21.871908,16.991125,16.731075,0.0,0.0,0.0,4.0,0.0,0.0,4.0,0.0
17417,2023.0,5.0,1.0,22.0,21.037857,22.136826,17.746943,17.649883,21.039942,22.070425,21.04359,22.167515,20.338081,22.074375,17.213085,17.102818,21.011068,21.614565,21.058846,22.005934,17.004019,16.915018,0.0,0.0,0.0,0.0,0.0,4.0,0.0,0.0
17418,2023.0,5.0,1.0,23.0,21.03727,22.133577,17.669254,17.571476,21.039898,22.065699,21.043606,22.164198,18.54796,18.442156,17.418812,17.557064,21.046618,21.704527,21.048555,21.967209,17.716259,18.30668,0.0,0.0,0.0,0.0,4.0,0.0,0.0,4.0
17419,2023.0,5.0,1.0,23.0,20.095863,20.322922,17.598412,17.498117,20.049267,20.159477,19.964548,20.088743,17.897522,17.787626,17.253635,17.184292,20.006296,19.69676,19.798487,19.548939,17.277275,17.250856,0.0,0.0,0.0,0.0,0.0,0.0,0.0,0.0
17420,2023.0,5.0,1.0,23.0,19.626598,19.657896,17.537834,17.429289,19.510149,19.368069,19.396753,19.27128,17.78474,17.666159,17.099173,16.978235,19.580976,19.134079,19.28437,18.88654,16.867933,16.614416,0.0,0.0,0.0,0.0,0.0,0.0,0.0,0.0
17421,2023.0,5.0,1.0,23.0,19.435774,19.464584,17.483873,17.37277,19.299728,19.149408,19.171833,19.04008,17.68561,17.564756,17.026657,16.901573,19.676216,19.504421,19.298372,19.145006,16.716864,16.450344,0.0,0.0,0.0,0.0,0.0,0.0,0.0,0.0
17422,2023.0,5.0,1.0,23.0,19.280329,19.303581,17.430614,17.314531,19.131048,18.973387,18.989967,18.851053,17.594969,17.470026,16.962627,16.832521,19.59823,19.431433,19.18308,19.039867,16.794165,16.708778,0.0,0.0,0.0,0.0,0.0,0.0,0.0,0.0
17423,2023.0,5.0,1.0,23.0,19.151533,19.173935,17.381752,17.263046,18.993021,18.835014,18.841293,18.70251,17.514156,17.38692,16.905666,16.772482,19.498236,19.329594,19.0559,18.915237,16.744959,16.645868,0.0,0.0,0.0,0.0,0.0,0.0,0.0,0.0
17424,2023.0,5.0,2.0,0.0,19.03846,19.060165,17.334984,17.213543,18.871496,18.712912,18.710588,18.571587,17.43987,17.310186,16.852404,16.716072,19.405003,19.233654,18.934347,18.78745,16.689943,16.588171,0.0,0.0,0.0,0.0,0.0,0.0,0.0,0.0
17425,2023.0,5.0,2.0,0.0,18.947187,18.978306,17.296583,17.178946,18.774052,18.626463,18.605824,18.478767,17.377213,17.251093,16.807722,16.673883,19.32594,19.159096,19.78532,20.484564,16.642614,16.542566,0.0,0.0,0.0,0.0,0.0,0.0,4.0,0.0
17426,2023.0,5.0,2.0,0.0,18.856983,18.888737,17.255898,17.13763,18.67738,18.530764,18.50188,18.376028,17.31554,17.188482,16.762396,16.627214,19.248789,19.081049,18.877995,18.59422,16.595678,16.494432,0.0,0.0,0.0,0.0,0.0,0.0,0.0,0.0
17427,2023.0,5.0,2.0,0.0,18.76627,18.790436,17.212042,17.0883,18.579893,18.424767,18.396996,18.262222,17.253716,17.120995,16.71554,16.574907,19.172117,18.997831,18.501385,18.108948,16.548624,16.442877,0.0,0.0,0.0,0.0,0.0,0.0,0.0,0.0
17428,2023.0,5.0,2.0,0.0,18.690002,18.714397,17.174238,17.04954,18.498632,18.344324,18.309875,18.176067,17.200508,17.066666,16.675026,16.53294,19.106348,18.930977,18.360682,17.972763,16.50762,16.40055,0.0,0.0,0.0,0.0,0.0,0.0,0.0,0.0
17429,2023.0,5.0,2.0,0.0,18.624275,18.653833,17.141127,17.018824,18.429012,18.28143,18.235666,18.10898,17.15374,17.021584,16.639326,16.498474,19.048704,18.875523,18.467945,18.309267,17.204388,17.74542,0.0,0.0,0.0,0.0,0.0,0.0,0.0,4.0
17430,2023.0,5.0,2.0,1.0,18.557955,18.587194,17.105646,16.982141,18.358126,18.210865,18.160587,18.034025,17.107197,16.9737,16.602764,16.460337,18.991829,18.817297,18.440088,18.292109,16.699915,16.628048,0.0,0.0,0.0,0.0,0.0,0.0,0.0,0.0
17431,2023.0,5.0,2.0,1.0,18.491535,18.516203,17.068007,16.940119,18.287407,18.13605,18.086218,17.955112,17.060783,16.923386,16.565243,16.41873,18.935675,18.756931,18.37421,18.222599,16.35091,16.061228,0.0,0.0,0.0,0.0,0.0,0.0,0.0,0.0
17432,2023.0,5.0,2.0,1.0,18.429796,18.451216,17.030895,16.89853,18.221056,18.066198,18.016598,17.881683,17.016905,16.876356,16.528852,16.378693,18.883083,18.701078,18.31084,18.156427,16.232882,15.930048,0.0,0.0,0.0,0.0,0.0,0.0,0.0,0.0
17433,2023.0,5.0,2.0,1.0,18.373964,18.394983,16.99761,16.863985,18.16242,18.00849,17.955019,17.821062,16.976149,16.83422,16.494854,16.343075,18.834524,18.651228,18.25118,18.095871,16.352346,16.2449,0.0,0.0,0.0,0.0,0.0,0.0,0.0,0.0
17434,2023.0,5.0,2.0,1.0,18.321657,18.343145,16.96506,16.83029,18.10709,17.954365,17.896885,17.764238,16.9371,16.794403,16.461515,16.308596,18.78845,18.604576,18.194813,18.03953,17.068632,17.598427,0.0,0.0,0.0,0.0,0.0,0.0,0.0,4.0
17435,2023.0,5.0,2.0,1.0,18.26648,18.28325,16.929247,16.78959,18.0488,17.89175,17.835934,17.69872,16.89561,16.748985,16.744059,16.867147,18.740099,18.552073,18.136463,17.977293,17.10978,17.474928,0.0,0.0,0.0,0.0,4.0,0.0,0.0,4.0
17436,2023.0,5.0,2.0,2.0,18.21852,18.235683,16.897827,16.757017,17.998299,17.842281,17.783764,17.647366,16.857983,16.71071,16.517683,16.375807,18.69652,18.508024,18.083931,17.924896,16.408724,16.11307,0.0,0.0,0.0,0.0,0.0,0.0,0.0,0.0
17437,2023.0,5.0,2.0,2.0,18.16697,18.17912,16.86285,16.716637,17.943586,17.78235,17.7276,17.585402,16.817514,16.66628,16.409061,16.245615,18.650177,18.45752,18.028854,17.86584,16.176403,15.840175,0.0,0.0,0.0,0.0,0.0,0.0,0.0,0.0
17438,2023.0,5.0,2.0,2.0,18.124008,18.137842,16.834715,16.689428,17.898973,17.740667,17.681702,17.542309,17.370703,17.737606,16.37101,16.208637,18.60989,18.41793,17.980541,17.81855,16.088741,15.758325,0.0,0.0,0.0,4.0,0.0,0.0,0.0,0.0
17439,2023.0,5.0,2.0,2.0,18.07983,18.092333,16.804266,16.65723,17.852505,17.693523,17.633615,17.493467,16.95786,16.831236,16.331457,16.16758,18.568785,18.375488,17.931885,17.768831,16.211874,16.081877,0.0,0.0,0.0,0.0,0.0,0.0,0.0,0.0
17440,2023.0,5.0,2.0,2.0,18.03449,18.042772,16.77141,16.61991,17.804089,17.64103,17.583357,17.439007,16.813616,16.656954,16.291763,16.123909,18.526815,18.33026,17.882816,17.716768,16.206802,16.076605,0.0,0.0,0.0,0.0,0.0,0.0,0.0,0.0
17441,2023.0,5.0,2.0,2.0,17.99301,17.999817,16.74138,16.588078,17.7602,17.59634,17.537828,17.392675,16.762472,16.604675,16.255707,16.086342,18.48777,18.289923,17.837088,17.670023,16.173967,16.042374,0.0,0.0,0.0,0.0,0.0,0.0,0.0,0.0
17442,2023.0,5.0,2.0,3.0,17.952301,17.957567,16.711498,16.55638,17.7174,17.552645,17.493511,17.347446,16.71621,16.557236,16.220802,16.049934,18.449682,18.250553,17.792677,17.6246,16.141338,16.008398,0.0,0.0,0.0,0.0,0.0,0.0,0.0,0.0
17443,2023.0,5.0,2.0,3.0,17.915194,17.921766,16.684961,16.531246,17.67856,17.51586,17.45323,17.309156,16.676851,16.51891,16.189405,16.019611,18.414953,18.21702,17.751642,17.584724,16.11093,15.978725,0.0,0.0,0.0,0.0,0.0,0.0,0.0,0.0
17444,2023.0,5.0,2.0,3.0,17.879303,17.887121,16.659191,16.506905,17.641138,17.480413,17.414457,17.272295,16.640636,16.483732,16.159788,15.991095,18.38178,18.185051,17.712399,17.546638,16.081991,15.950548,0.0,0.0,0.0,0.0,0.0,0.0,0.0,0.0
17445,2023.0,5.0,2.0,3.0,17.844275,17.853258,16.633837,16.482952,17.604752,17.445923,17.376804,17.236471,16.606888,16.451023,16.131582,15.964004,18.349876,18.154364,17.674639,17.510046,16.054316,15.9236555,0.0,0.0,0.0,0.0,0.0,0.0,0.0,0.0
17446,2023.0,5.0,2.0,3.0,17.827911,17.855911,16.611143,16.463966,17.572166,17.41808,17.343159,17.2076,16.577015,16.424118,16.106607,15.942072,18.320913,18.12839,17.640099,17.478535,16.752928,17.262333,0.0,0.0,0.0,0.0,0.0,0.0,0.0,4.0
17447,2023.0,5.0,2.0,3.0,17.799767,17.830704,16.585995,16.439774,17.536896,17.384005,17.306944,17.172403,17.134989,17.500408,16.08052,15.916682,18.290873,18.09915,17.604477,17.443598,17.06298,17.674843,0.0,0.0,0.0,4.0,0.0,0.0,0.0,4.0
17448,2023.0,5.0,2.0,4.0,17.769178,17.800856,16.561985,16.417532,17.503536,17.352922,17.273172,17.14059,16.752327,16.650724,16.056414,15.894116,18.262741,18.072721,17.571032,17.411865,16.205553,15.934556,0.0,0.0,0.0,0.0,0.0,0.0,0.0,0.0
17449,2023.0,5.0,2.0,4.0,17.735569,17.764713,16.534595,16.388252,17.46668,17.314184,17.236145,17.101307,16.362932,15.978595,16.030235,15.866471,18.232388,18.041016,17.535427,17.374863,15.924972,15.580946,0.0,0.0,0.0,0.0,0.0,0.0,0.0,0.0
17450,2023.0,5.0,2.0,4.0,17.702885,17.730621,16.507044,16.358856,17.430443,17.276499,17.19956,17.063072,16.234005,15.83362,16.004587,15.839802,18.202826,18.010742,17.500942,17.339806,15.83126,15.488157,0.0,0.0,0.0,0.0,0.0,0.0,0.0,0.0
17451,2023.0,5.0,2.0,4.0,17.670797,17.698002,16.481703,16.334032,17.396927,17.244007,17.165462,17.02997,16.410025,16.264133,15.980252,15.815824,18.174381,17.982681,17.46763,17.306942,15.977175,15.85644,0.0,0.0,0.0,0.0,0.0,0.0,0.0,0.0
17452,2023.0,5.0,2.0,4.0,17.637455,17.663132,16.453949,16.304432,17.36125,17.206844,17.128998,16.992016,16.411146,16.257338,15.954332,15.788847,18.144773,17.952328,17.433372,17.272078,15.966314,15.835697,0.0,0.0,0.0,0.0,0.0,0.0,0.0,0.0
17453,2023.0,5.0,2.0,4.0,17.604837,17.629517,16.427328,16.277128,17.327044,17.172358,17.09404,16.95679,16.385685,16.231508,15.928732,15.762864,18.115484,17.922825,17.399527,17.238121,15.937126,15.806099,0.0,0.0,0.0,0.0,0.0,0.0,0.0,0.0
17454,2023.0,5.0,2.0,5.0,17.574526,17.60026,16.403435,16.255236,17.29611,17.144081,17.062468,16.927937,16.36057,16.207735,15.904718,15.740417,18.838697,19.316303,17.367397,17.207659,15.909349,15.779582,0.0,0.0,0.0,0.0,0.0,4.0,0.0,0.0
17455,2023.0,5.0,2.0,5.0,17.541683,17.565664,16.37611,16.226397,17.26142,17.107769,17.026907,16.890722,16.332115,16.178537,15.877914,15.712678,19.11121,19.685043,17.33283,17.17233,15.879064,15.748417,0.0,0.0,0.0,0.0,0.0,4.0,0.0,0.0
17456,2023.0,5.0,2.0,5.0,17.514101,17.540577,16.3545,16.208426,17.23351,17.083878,16.998026,16.866083,16.30737,16.156551,15.85541,15.693144,18.165749,17.782646,17.302448,17.144865,15.852941,15.724786,0.0,0.0,0.0,0.0,0.0,0.0,0.0,0.0
17457,2023.0,5.0,2.0,5.0,17.484234,17.510765,16.330326,16.185247,17.921808,18.403694,16.96624,16.835379,16.280735,16.130682,16.120388,16.209547,17.86241,17.37835,17.270256,17.11346,15.825464,15.697866,0.0,4.0,0.0,0.0,4.0,0.0,0.0,0.0
17458,2023.0,5.0,2.0,5.0,17.455133,17.4823,16.770765,17.029173,17.519438,17.508389,17.64639,18.138826,16.816957,17.159239,16.249619,16.378723,17.768906,17.290724,18.243183,18.972452,16.511415,17.011044,4.0,0.0,4.0,4.0,4.0,0.0,4.0,4.0
17459,2023.0,5.0,2.0,5.0,18.128435,18.767773,16.537771,16.505995,17.658875,17.805096,17.24817,17.246109,17.076515,17.510908,15.995734,15.87401,17.693356,17.221455,17.369116,17.07664,16.827692,17.437141,0.0,4.0,0.0,4.0,0.0,0.0,0.0,4.0
17460,2023.0,5.0,2.0,6.0,17.693283,17.807804,16.835073,17.11147,17.135933,16.789743,16.732262,16.324108,16.323055,15.988009,15.878483,15.720427,17.895763,17.695257,17.053837,16.661043,16.711777,17.081694,4.0,0.0,0.0,0.0,0.0,0.0,0.0,4.0
17461,2023.0,5.0,2.0,6.0,22.19671,25.716944,20.249123,22.989044,21.184547,23.994394,21.128235,24.113834,16.680542,16.82778,16.145061,16.250395,22.123987,24.811392,22.570482,26.07043,20.369057,23.434233,0.0,0.0,0.0,4.0,4.0,4.0,4.0,4.0
17462,2023.0,5.0,2.0,6.0,20.895376,22.86524,18.178787,18.437372,21.002647,23.16178,21.004099,23.409527,21.669056,25.02395,20.33783,23.374147,21.019478,22.71452,20.846603,22.671282,20.899458,23.691652,4.0,4.0,0.0,4.0,4.0,0.0,0.0,4.0
17463,2023.0,5.0,2.0,6.0,22.06784,24.701347,20.287971,22.625488,21.152874,23.172613,21.150932,23.387825,20.452383,22.47919,20.030773,22.32845,21.876343,23.87633,21.205868,23.156298,21.47169,24.41185,0.0,4.0,4.0,4.0,0.0,4.0,0.0,0.0
17464,2023.0,5.0,2.0,6.0,20.920374,22.388685,18.150915,18.125242,21.05753,22.789385,21.0454,22.981081,20.102295,21.740469,17.815933,17.727753,20.939405,22.012392,21.067842,22.707346,18.749426,18.736742,0.0,4.0,4.0,0.0,0.0,4.0,0.0,0.0
17465,2023.0,5.0,2.0,6.0,21.070662,22.618534,17.640446,17.8735,21.056875,22.656193,21.088245,22.914516,18.77725,19.008648,16.90415,16.723,21.08218,22.245195,21.055326,22.586246,17.987226,18.272943,4.0,4.0,0.0,4.0,0.0,0.0,0.0,4.0
17466,2023.0,5.0,2.0,7.0,21.179995,22.786293,20.284954,22.50214,21.162958,22.791964,21.15349,22.90098,20.295305,21.952473,17.107864,17.236504,21.145914,22.29124,21.202024,22.804247,20.316381,22.423416,0.0,0.0,4.0,4.0,4.0,4.0,0.0,0.0
17467,2023.0,5.0,2.0,7.0,21.046713,22.47324,18.837532,19.37663,21.047966,22.463614,21.082613,22.687105,20.178535,21.660524,20.34155,22.80628,21.033175,22.018837,21.053576,22.444973,18.824608,19.25924,4.0,4.0,0.0,4.0,4.0,4.0,0.0,4.0
17468,2023.0,5.0,2.0,7.0,21.04578,22.437492,20.258385,22.181057,21.052313,22.41848,21.050898,22.53313,20.07414,21.37866,20.004179,21.871365,21.061674,22.060036,21.05293,22.39856,20.284256,22.226679,4.0,4.0,4.0,0.0,4.0,0.0,0.0,0.0
17469,2023.0,5.0,2.0,7.0,21.044752,22.407602,20.028837,21.541342,21.05054,22.374323,21.054924,22.490248,19.019815,19.243547,20.072123,21.753574,21.025677,21.932716,21.052004,22.360039,18.199762,18.005901,4.0,4.0,4.0,4.0,4.0,4.0,0.0,0.0
17470,2023.0,5.0,2.0,7.0,21.04417,22.382963,20.078135,21.527391,21.04966,22.340343,21.078293,22.517534,20.270283,21.712833,20.060122,21.551622,21.060326,21.99659,21.051313,22.328276,17.192629,16.78547,0.0,4.0,0.0,0.0,4.0,0.0,0.0,0.0
17471,2023.0,5.0,2.0,7.0,21.069685,22.43321,18.391813,18.197695,21.073843,22.381456,21.072214,22.468788,18.513788,18.253736,20.074492,21.46367,21.053825,21.955,21.01132,22.195778,17.133322,16.962307,0.0,0.0,0.0,0.0,0.0,0.0,4.0,0.0
17472,2023.0,5.0,2.0,8.0,21.036964,22.324383,17.695051,17.50163,21.042683,22.271338,21.071833,22.43712,17.6084,17.149054,18.404198,18.164145,21.023596,21.851652,21.032722,22.197714,17.053965,16.90741,0.0,4.0,0.0,0.0,0.0,4.0,4.0,0.0
17473,2023.0,5.0,2.0,8.0,20.041945,20.405571,17.542345,17.378838,19.453941,19.239235,20.219275,20.780521,17.568657,17.352777,17.699032,17.475706,19.714493,19.355247,19.447657,19.164988,16.930746,16.796059,0.0,0.0,4.0,0.0,0.0,0.0,0.0,0.0
17474,2023.0,5.0,2.0,8.0,19.045116,18.766241,17.863447,18.091373,18.693075,18.159672,19.006113,18.67621,17.529627,17.361168,17.565132,17.368454,19.198591,18.66726,18.821224,18.353662,16.842758,16.712418,4.0,0.0,0.0,0.0,0.0,0.0,0.0,0.0
17475,2023.0,5.0,2.0,8.0,18.64448,18.30317,20.258137,22.310617,18.390526,17.854124,18.449217,17.948944,17.432951,17.275572,17.422483,17.234003,18.996826,18.477724,18.56185,18.107113,16.763119,16.639404,0.0,0.0,0.0,0.0,0.0,0.0,0.0,0.0
17476,2023.0,5.0,2.0,8.0,18.388128,18.065996,18.6843,18.990738,18.420916,18.185604,18.11471,17.61913,17.32706,17.17804,17.277967,17.101355,19.07649,18.835718,18.337593,17.901888,16.680614,16.562529,0.0,0.0,0.0,0.0,0.0,0.0,0.0,0.0
17477,2023.0,5.0,2.0,8.0,18.21112,17.89254,17.852785,17.701845,18.369154,18.194784,18.218596,18.035465,17.24504,17.095324,17.173323,16.995005,19.060577,18.86937,18.42403,18.241964,16.615269,16.496696,0.0,0.0,0.0,0.0,0.0,0.0,0.0,0.0
17478,2023.0,5.0,2.0,9.0,18.36711,18.365509,17.63476,17.477262,18.250425,18.085712,18.131021,17.979183,17.174152,17.029282,17.084637,16.913122,18.97992,18.796698,18.359213,18.19522,16.558973,16.443827,0.0,0.0,0.0,0.0,0.0,0.0,0.0,0.0
17479,2023.0,5.0,2.0,9.0,19.060974,19.73937,17.488153,17.344965,18.149015,17.997192,18.023024,17.885662,17.115332,16.97679,17.01202,16.849295,19.69826,20.230911,18.275742,18.121944,16.51224,16.401608,0.0,0.0,0.0,0.0,0.0,4.0,0.0,0.0
17480,2023.0,5.0,2.0,9.0,18.330162,18.243835,17.812387,18.063932,18.051805,17.907837,17.917795,17.788666,17.802711,18.321049,16.945467,16.786936,18.90186,18.57506,18.19522,18.046824,16.469868,16.361181,4.0,0.0,0.0,4.0,0.0,0.0,0.0,0.0
17481,2023.0,5.0,2.0,9.0,17.958525,17.714138,20.247309,22.339827,17.963531,17.826519,17.820946,17.699001,20.268974,22.529734,17.284578,17.476936,19.327433,19.549505,18.122759,17.978182,16.43339,16.325779,0.0,0.0,0.0,0.0,4.0,4.0,0.0,0.0
17482,2023.0,5.0,2.0,9.0,17.79157,17.547934,18.651253,18.95752,18.552519,19.017843,18.404112,18.888048,18.231962,18.18972,20.317787,22.646301,18.844072,18.497244,18.049006,17.90778,16.39743,16.290476,0.0,4.0,4.0,0.0,0.0,0.0,0.0,0.0
17483,2023.0,5.0,2.0,9.0,18.661165,19.318432,17.665728,17.60891,18.218616,18.253073,18.052744,18.089703,17.238611,16.901115,18.557709,18.874138,18.509048,18.084005,17.983973,17.844795,16.367113,16.260403,0.0,0.0,0.0,0.0,0.0,0.0,0.0,0.0
17484,2023.0,5.0,2.0,10.0,18.65965,19.137003,17.449972,17.336058,17.691223,17.34428,17.53162,17.200907,17.99601,18.484034,17.739561,17.587337,18.41529,17.986673,17.935684,17.797235,16.345882,16.238832,0.0,0.0,0.0,4.0,0.0,0.0,0.0,0.0
17485,2023.0,5.0,2.0,10.0,18.005955,17.926535,17.333353,17.218588,17.485247,17.095127,17.326939,16.95563,20.276438,22.35459,17.54672,17.370716,18.56898,18.36273,17.891075,17.754028,16.32614,16.218777,0.0,0.0,0.0,0.0,0.0,0.0,0.0,0.0
17486,2023.0,5.0,2.0,10.0,18.359432,18.78608,17.219326,17.108595,17.581495,17.417952,17.415358,17.265707,18.373484,18.336687,17.402182,17.226389,18.621782,18.45396,17.844282,17.708397,16.304934,16.197233,0.0,0.0,0.0,0.0,0.0,0.0,0.0,0.0
17487,2023.0,5.0,2.0,10.0,17.857857,17.773848,17.135235,17.023008,17.595398,17.484118,17.424412,17.325714,17.629927,17.242294,17.304821,17.125793,18.601929,18.438856,17.80547,17.669188,16.28715,16.178501,0.0,0.0,0.0,0.0,0.0,0.0,0.0,0.0
17488,2023.0,5.0,2.0,10.0,18.337296,18.788773,17.061068,16.953186,18.260683,18.781445,17.37425,17.28245,17.622831,17.42805,17.224987,17.04941,18.575413,18.41404,17.76956,17.634449,16.27055,16.16187,0.0,4.0,0.0,0.0,0.0,0.0,0.0,0.0
17489,2023.0,5.0,2.0,10.0,17.82068,17.745218,16.994108,16.889307,17.836702,17.866873,17.323843,17.235996,17.5659,17.402649,17.156385,16.982906,18.550611,18.390081,17.736357,17.601877,16.25517,16.146248,0.0,0.0,0.0,0.0,0.0,0.0,0.0,0.0
17490,2023.0,5.0,2.0,11.0,17.569006,17.391088,16.931953,16.829597,18.06892,18.364586,17.27438,17.18957,17.480906,17.320595,17.09581,16.923487,18.527739,18.367626,17.705835,17.571545,16.241108,16.13171,0.0,4.0,0.0,0.0,0.0,0.0,0.0,0.0
17491,2023.0,5.0,2.0,11.0,18.209866,18.679178,16.878857,16.78276,18.135078,18.444618,17.230488,17.151447,17.409565,17.2546,17.046556,16.878428,18.508715,18.350325,17.67988,17.54738,16.229784,16.120932,0.0,4.0,0.0,0.0,0.0,0.0,0.0,0.0
17492,2023.0,5.0,2.0,11.0,17.717533,17.661116,16.828493,16.736786,17.550137,17.342976,17.187735,17.11289,17.345678,17.193127,17.002396,16.836317,18.491417,18.33398,17.655779,17.524126,16.219784,16.111034,0.0,0.0,0.0,0.0,0.0,0.0,0.0,0.0
17493,2023.0,5.0,2.0,11.0,18.224997,18.722303,16.782398,16.695368,17.287054,16.969236,17.147589,17.077051,17.290905,17.140846,16.964445,16.80038,18.476254,18.319735,17.633919,17.503119,16.211317,16.102657,0.0,0.0,0.0,0.0,0.0,0.0,0.0,0.0
17494,2023.0,5.0,2.0,11.0,17.715458,17.679375,17.208933,17.53487,17.181393,16.863935,17.109873,17.043705,17.243715,17.096155,16.931803,16.769697,19.267975,19.835657,17.613577,17.48363,16.204096,16.095535,4.0,0.0,0.0,0.0,0.0,4.0,0.0,0.0
17495,2023.0,5.0,2.0,11.0,17.477571,17.345736,20.245134,22.77487,17.999592,18.493443,17.074278,17.012508,17.202475,17.05733,16.903168,16.74278,18.598732,18.389381,18.653734,19.465601,16.197655,16.089346,0.0,4.0,0.0,0.0,0.0,0.0,4.0,0.0
17496,2023.0,5.0,2.0,12.0,17.386095,17.266003,18.492043,18.95507,17.576439,17.457458,17.036585,16.979073,17.160492,17.018215,16.877502,16.719625,18.232647,17.8792,17.984646,17.842648,16.190828,16.08296,0.0,0.0,0.0,0.0,0.0,0.0,0.0,0.0
17497,2023.0,5.0,2.0,12.0,21.320066,24.296701,18.039791,18.385561,21.317879,24.141462,21.281052,24.50802,17.910427,18.463526,16.862,16.705917,21.296068,23.255028,21.881437,24.814257,17.216,18.031116,4.0,4.0,0.0,4.0,0.0,0.0,0.0,4.0
17498,2023.0,5.0,2.0,12.0,21.006607,23.272152,20.26238,22.325861,21.00701,23.135784,21.00935,23.487616,20.286808,22.448515,16.846003,16.692648,21.012209,22.535149,21.017841,22.888874,20.337889,23.198244,4.0,4.0,0.0,0.0,0.0,0.0,0.0,0.0
17499,2023.0,5.0,2.0,12.0,21.063932,23.136238,20.03952,21.68926,21.083881,23.054249,21.07283,23.312962,18.375923,18.389896,16.834219,16.683393,21.046091,22.41506,21.069742,22.76908,17.921007,18.033995,0.0,0.0,0.0,0.0,0.0,0.0,0.0,0.0
17500,2023.0,5.0,2.0,12.0,21.055313,22.95356,18.440641,18.482498,21.06996,22.851397,21.03945,23.027931,17.436659,17.13455,16.82695,16.679152,21.039965,22.268133,21.048893,22.59175,16.802813,16.558723,0.0,0.0,4.0,0.0,0.0,0.0,0.0,0.0
17501,2023.0,5.0,2.0,12.0,21.05249,22.8341,17.470406,17.180561,21.041761,22.652878,21.065989,22.966936,17.404976,17.253979,16.819893,16.674837,21.006907,22.086876,21.047358,22.488668,16.726746,16.606169,0.0,4.0,0.0,0.0,0.0,4.0,0.0,0.0
17502,2023.0,5.0,2.0,13.0,21.11703,22.866901,17.4253,17.342537,21.141705,22.779154,21.15669,23.001575,17.384336,17.243498,16.812365,16.66961,21.103645,22.207981,21.03835,22.347418,16.68967,16.573742,0.0,0.0,0.0,0.0,0.0,0.0,4.0,0.0
17503,2023.0,5.0,2.0,13.0,21.11099,22.775103,17.327625,17.2535,21.13387,22.663574,21.147333,22.863636,17.333904,17.196514,16.804802,16.664059,21.096863,22.096983,21.12029,22.484478,16.638401,16.525578,0.0,0.0,0.0,0.0,0.0,0.0,0.0,0.0
17504,2023.0,5.0,2.0,13.0,21.106796,22.720226,17.21741,17.147991,21.106886,22.585192,21.118986,22.766027,17.289516,17.155313,16.797346,16.658487,21.092318,22.033506,21.11391,22.382889,16.596327,16.486488,0.0,0.0,0.0,0.0,0.0,0.0,0.0,0.0
17505,2023.0,5.0,2.0,13.0,21.043943,22.574774,17.129856,17.074009,21.04529,22.45789,21.049557,22.614794,17.253586,17.124226,16.79061,16.653992,21.027689,21.898262,21.04747,22.223743,17.588114,18.399944,0.0,0.0,0.0,0.0,0.0,0.0,0.0,4.0
17506,2023.0,5.0,2.0,13.0,21.050465,22.562717,17.497862,17.838045,21.051863,22.453598,21.056873,22.603107,17.220718,17.094116,16.783731,16.648895,21.033833,21.89512,21.054125,22.202414,20.287354,22.844084,4.0,0.0,0.0,0.0,0.0,0.0,0.0,0.0
17507,2023.0,5.0,2.0,13.0,21.048836,22.537619,20.2832,22.635815,21.025452,22.364698,21.054829,22.574728,17.192364,17.068064,17.192692,17.426487,21.032564,21.878212,21.04203,22.17074,18.096497,18.190979,4.0,4.0,0.0,0.0,4.0,0.0,0.0,0.0
17508,2023.0,5.0,2.0,14.0,21.04834,22.517935,20.03116,21.846575,21.055098,22.434,21.054356,22.551773,17.168886,17.047094,20.282774,22.740389,21.032206,21.86418,21.042866,22.162283,17.05581,16.829563,0.0,0.0,0.0,0.0,0.0,0.0,0.0,0.0
17509,2023.0,5.0,2.0,14.0,19.827827,20.156208,18.410662,18.539911,19.587656,19.582361,19.70382,19.93752,17.884377,18.413744,18.540846,18.941133,20.854723,21.48246,19.92106,19.993038,16.84667,16.616274,0.0,0.0,0.0,4.0,0.0,4.0,0.0,0.0
17510,2023.0,5.0,2.0,14.0,19.271666,19.389309,18.067032,18.18216,19.510597,19.749292,19.048582,19.014343,20.287582,22.509851,17.732264,17.631603,19.913073,19.709421,19.419695,19.287415,16.867949,16.744022,4.0,4.0,0.0,0.0,0.0,0.0,0.0,0.0
17511,2023.0,5.0,2.0,14.0,18.986431,19.087002,20.217663,22.09189,18.905611,18.70436,18.726576,18.677927,18.420902,18.507843,17.517012,17.381166,19.411062,19.060886,19.1591,19.01927,16.843966,16.740213,4.0,0.0,0.0,0.0,0.0,0.0,0.0,0.0
17512,2023.0,5.0,2.0,14.0,19.512165,20.258726,20.017052,21.508373,18.452076,18.161392,18.487185,18.431677,17.486351,17.245186,17.397284,17.256044,19.21675,18.856771,18.965202,18.82313,16.78745,16.68724,4.0,0.0,0.0,0.0,0.0,0.0,0.0,0.0
17513,2023.0,5.0,2.0,14.0,19.631481,20.382347,20.048052,21.452291,18.912184,19.212627,18.300915,18.246916,17.421097,17.288912,17.315792,17.175957,19.268387,19.093765,18.811962,18.673946,16.7338,16.636261,4.0,4.0,0.0,0.0,0.0,0.0,0.0,0.0
17514,2023.0,5.0,2.0,15.0,19.365568,19.887238,20.059067,21.408642,19.046324,19.40832,18.140327,18.082638,17.388994,17.269989,17.251379,17.114126,19.245188,19.094904,18.679073,18.541302,16.683832,16.587166,0.0,4.0,0.0,0.0,0.0,0.0,0.0,0.0
17515,2023.0,5.0,2.0,15.0,19.287245,19.837631,18.712036,18.765642,19.01085,19.379557,18.695782,19.241875,17.33773,17.224588,17.20148,17.07071,19.941294,20.479969,19.595621,20.374945,17.582434,18.323517,0.0,4.0,4.0,0.0,0.0,4.0,4.0,4.0
17516,2023.0,5.0,2.0,15.0,19.25037,19.801962,18.041834,17.795876,18.978096,19.349855,18.861942,19.472649,17.29563,17.183353,17.161684,17.032612,19.29998,19.13583,18.801046,18.689863,20.309671,22.945032,0.0,4.0,4.0,0.0,0.0,0.0,0.0,0.0
17517,2023.0,5.0,2.0,15.0,18.605951,18.637056,18.346645,18.636002,18.941366,19.317196,18.124699,18.064325,17.250483,17.140606,17.118944,16.993141,18.898794,18.591187,18.310757,18.055067,18.121449,18.276016,4.0,4.0,0.0,0.0,0.0,0.0,0.0,0.0
17518,2023.0,5.0,2.0,15.0,18.976898,19.491144,20.22191,21.95242,18.912752,19.2911,17.766108,17.547054,17.213785,17.104723,17.482609,17.710386,18.792995,18.470562,18.179115,17.909184,17.340652,17.123934,4.0,4.0,0.0,0.0,4.0,0.0,0.0,0.0
17519,2023.0,5.0,2.0,15.0,19.117483,19.673378,20.01956,21.39185,18.88074,19.260345,18.256943,18.601486,17.92835,18.487982,20.254366,22.495298,19.667946,20.217773,19.081076,19.697489,17.195677,17.075703,4.0,4.0,4.0,4.0,0.0,4.0,4.0,0.0
17520,2023.0,5.0,2.0,16.0,19.101864,19.661137,20.0623,21.390974,18.852802,19.233652,18.455042,18.859123,20.290648,22.431732,18.608969,18.94958,19.830755,20.25894,18.535639,18.405882,17.093105,16.988028,0.0,4.0,4.0,0.0,0.0,4.0,0.0,0.0
17521,2023.0,5.0,2.0,16.0,19.087366,19.647621,19.065573,19.3839,18.265833,18.165354,17.88775,17.802402,19.008045,19.56685,17.617945,17.537363,19.82238,20.236109,18.128172,17.8842,16.99021,16.88921,4.0,0.0,0.0,4.0,0.0,4.0,0.0,0.0
17522,2023.0,5.0,2.0,16.0,19.077616,19.637934,20.168888,21.518187,17.951372,17.713362,18.25036,18.60652,20.248901,21.81422,17.438622,17.319216,19.846342,20.258762,18.011007,17.755697,16.916124,16.817339,4.0,0.0,4.0,0.0,0.0,4.0,0.0,0.0
17523,2023.0,5.0,2.0,16.0,18.455519,18.485817,20.04039,21.221767,17.791695,17.546034,18.420097,18.827002,18.654402,18.656244,17.347849,17.230972,19.181364,18.989489,17.925512,17.674345,16.842743,16.748537,0.0,0.0,4.0,0.0,0.0,0.0,0.0,0.0
17524,2023.0,5.0,2.0,16.0,18.092161,18.018494,19.120878,19.400492,17.681978,17.439474,18.419918,18.82669,17.836891,17.594946,17.27143,17.157955,19.569742,19.92776,17.97603,17.852787,16.776876,16.685913,4.0,0.0,4.0,0.0,0.0,4.0,0.0,0.0
17525,2023.0,5.0,2.0,16.0,18.682865,19.2171,20.176344,21.472853,17.751934,17.660883,18.417574,18.824451,17.7645,17.630402,17.216532,17.103624,19.04109,18.849592,17.970982,17.868055,16.727377,16.639328,0.0,0.0,4.0,0.0,0.0,0.0,0.0,0.0
17526,2023.0,5.0,2.0,17.0,18.881756,19.443256,19.19712,19.492939,18.447767,18.996384,18.414173,18.821136,18.414345,18.942215,17.159798,17.051575,19.459599,19.825672,17.93303,17.834509,16.67673,16.592672,4.0,4.0,4.0,4.0,0.0,4.0,0.0,0.0
17527,2023.0,5.0,2.0,17.0,18.901678,19.465647,20.150618,21.363653,18.072376,18.17371,18.406893,18.810663,20.241787,22.071194,17.113558,17.005455,18.939684,18.749428,17.894636,17.797522,16.63503,16.552734,4.0,0.0,4.0,0.0,0.0,0.0,0.0,0.0
17528,2023.0,5.0,2.0,17.0,18.916714,19.480188,20.04064,21.12732,18.242947,18.618475,18.39761,18.797882,18.585835,18.60978,17.062943,16.956558,18.62231,18.32951,17.851963,17.756369,16.591206,16.511292,0.0,4.0,4.0,0.0,0.0,0.0,0.0,0.0
17529,2023.0,5.0,2.0,17.0,18.299139,18.32181,19.166525,19.408878,18.384954,18.782259,18.387655,18.78435,17.734957,17.49268,17.016235,16.912321,18.521677,18.219088,17.809832,17.715021,16.54947,16.471033,4.0,4.0,4.0,0.0,0.0,0.0,0.0,0.0
17530,2023.0,5.0,2.0,17.0,18.727932,19.260204,20.149443,21.32893,18.404465,18.796444,18.378277,18.771439,18.423964,18.953173,17.379189,17.62924,19.222897,19.598885,18.838,19.690695,17.469183,18.238802,4.0,4.0,4.0,4.0,4.0,4.0,4.0,4.0
17531,2023.0,5.0,2.0,17.0,18.884468,19.434937,20.040514,21.09498,18.419697,18.806675,17.785524,17.673376,20.320171,22.150038,20.337147,22.564354,19.489143,19.902905,19.067816,19.762087,20.32064,22.983892,0.0,4.0,0.0,0.0,4.0,4.0,4.0,0.0
17532,2023.0,5.0,2.0,18.0,18.89222,19.443142,18.858395,18.806503,18.430378,18.81279,18.087318,18.43595,18.598303,18.587414,20.02583,21.738665,18.841583,18.635609,18.185635,18.05799,18.05425,18.172949,0.0,4.0,4.0,0.0,0.0,0.0,0.0,0.0
17533,2023.0,5.0,2.0,18.0,21.296873,23.662786,18.312683,18.229767,21.319494,23.839024,21.330626,23.99358,17.745054,17.474276,18.415823,18.427355,21.279703,23.041134,21.504671,24.04021,16.985718,16.778702,0.0,4.0,4.0,0.0,0.0,4.0,0.0,0.0
17534,2023.0,5.0,2.0,18.0,20.997778,22.794952,18.139828,18.0568,21.026577,22.97361,21.026268,23.083136,17.664165,17.534975,17.671774,17.550896,21.001207,22.351568,21.012438,22.860647,16.87726,16.780165,0.0,0.0,0.0,0.0,0.0,4.0,0.0,0.0
17535,2023.0,5.0,2.0,18.0,21.098658,22.818558,17.968096,17.867384,21.11725,22.90068,21.164375,23.116955,17.594076,17.473612,17.502241,17.36652,21.06966,22.318058,21.148838,22.89479,16.810518,16.71716,0.0,4.0,0.0,0.0,0.0,4.0,0.0,0.0
17536,2023.0,5.0,2.0,18.0,21.058212,22.652874,18.312748,18.631832,21.062403,22.68747,21.032242,22.692719,17.50238,17.386713,17.381962,17.254654,21.050915,22.19542,21.037518,22.552048,16.734262,16.643887,4.0,0.0,4.0,0.0,0.0,0.0,0.0,0.0
17537,2023.0,5.0,2.0,18.0,21.197426,22.827465,20.230494,21.956299,21.186344,22.81184,21.180874,22.888634,17.416216,17.30297,17.270443,17.143444,21.130198,22.265375,21.213129,22.810534,16.66634,16.578579,4.0,4.0,4.0,0.0,0.0,0.0,0.0,0.0
17538,2023.0,5.0,2.0,19.0,21.03772,22.443504,20.005144,21.316725,21.069876,22.518923,21.046453,22.542109,17.335405,17.219484,17.168116,17.036446,21.047634,22.030695,21.007523,22.298414,16.603857,16.514393,4.0,0.0,4.0,0.0,0.0,0.0,4.0,0.0
17539,2023.0,5.0,2.0,19.0,21.040224,22.409409,20.066847,21.330671,21.065573,22.451975,21.049974,22.496733,18.070147,18.67184,17.08765,16.959532,21.049759,21.98552,21.07205,22.39355,16.552483,16.465223,0.0,0.0,4.0,4.0,0.0,0.0,0.0,0.0
17540,2023.0,5.0,2.0,19.0,21.037199,22.36818,18.697083,18.612556,21.038746,22.329033,21.072115,22.515882,20.273397,22.319708,17.01481,16.889696,21.005976,21.866348,21.057917,22.309847,17.509146,18.320118,0.0,4.0,0.0,0.0,0.0,4.0,0.0,4.0
17541,2023.0,5.0,2.0,19.0,21.063778,22.410501,18.260654,18.24452,21.068586,22.373308,21.066605,22.461428,18.920172,19.336115,16.945078,16.820984,21.025208,21.876228,21.059055,22.267561,20.313942,22.91982,4.0,0.0,0.0,4.0,0.0,4.0,0.0,4.0
17542,2023.0,5.0,2.0,19.0,21.031292,22.292984,20.22665,21.831108,21.03735,22.25778,21.04143,22.35344,20.26159,22.003284,16.876053,16.750454,21.053387,21.93125,21.058468,22.231222,20.044212,22.069658,0.0,4.0,4.0,0.0,0.0,0.0,0.0,0.0
17543,2023.0,5.0,2.0,19.0,21.036667,22.280598,18.667103,18.607216,21.042751,22.24488,21.045977,22.335835,19.064045,19.424316,16.813835,16.68981,21.018354,21.818085,21.045921,22.20257,18.751814,19.298403,0.0,4.0,4.0,4.0,0.0,4.0,0.0,4.0
17544,2023.0,5.0,2.0,20.0,21.035902,22.260052,18.42186,18.669249,21.04196,22.223778,21.07044,22.38218,20.233805,21.70125,16.754942,16.630922,21.053978,21.894709,21.04718,22.198124,20.282724,22.310349,4.0,4.0,0.0,4.0,0.0,0.0,0.0,0.0
17545,2023.0,5.0,2.0,20.0,21.2137,22.59745,20.232655,21.85763,21.205057,22.532143,21.198257,22.592709,20.04286,21.275787,16.696404,16.569685,21.188637,22.126247,21.234882,22.565561,18.244759,18.14104,0.0,4.0,4.0,0.0,0.0,4.0,0.0,0.0
17546,2023.0,5.0,2.0,20.0,21.061956,22.291515,19.236101,19.721903,21.066683,22.253027,21.07018,22.333326,19.138786,19.414703,16.644535,16.517466,21.053755,21.861042,21.04643,22.17501,17.266636,16.9371,4.0,0.0,0.0,4.0,0.0,0.0,0.0,0.0
17547,2023.0,5.0,2.0,20.0,21.193861,22.534065,20.197618,21.6249,21.189386,22.47725,21.18743,22.54822,20.23975,21.573057,16.590992,16.455633,21.213213,22.146591,21.267176,22.609533,16.978004,16.632023,4.0,0.0,0.0,0.0,0.0,4.0,0.0,0.0
17548,2023.0,5.0,2.0,20.0,21.029797,22.161419,20.025898,21.167814,21.036419,22.127245,21.065094,22.281385,19.197332,19.449314,16.919546,17.109688,21.05388,21.835077,21.00618,22.04698,16.995644,16.851002,4.0,4.0,0.0,4.0,4.0,0.0,4.0,0.0
17549,2023.0,5.0,2.0,20.0,21.035822,22.162682,20.065622,21.181818,21.067348,22.196619,21.048727,22.265642,21.191137,23.025671,20.381618,22.839268,21.018686,21.733576,21.0683,22.174953,17.937782,18.69836,0.0,0.0,0.0,4.0,0.0,4.0,0.0,4.0
17550,2023.0,5.0,2.0,21.0,21.062117,22.224247,18.675833,18.453785,21.061548,22.167892,21.050379,22.273857,19.911692,20.635366,18.38449,18.674475,21.024448,21.741314,21.057846,22.129034,20.298695,22.59932,0.0,0.0,0.0,0.0,0.0,4.0,0.0,0.0
17551,2023.0,5.0,2.0,21.0,21.02966,22.122898,18.548662,18.723444,21.062113,22.1519,21.049965,22.272346,18.638063,18.273882,17.594784,17.76227,21.02422,21.737524,21.058832,22.108295,18.746407,19.215805,4.0,0.0,0.0,0.0,4.0,4.0,0.0,4.0
17552,2023.0,5.0,2.0,21.0,21.17738,22.428093,20.210112,21.67167,21.206131,22.458933,21.197908,22.56441,17.94457,17.452568,20.38853,22.518255,21.135387,21.97367,21.402262,22.77724,21.22821,23.87552,0.0,0.0,0.0,0.0,0.0,0.0,4.0,4.0
17553,2023.0,5.0,2.0,21.0,21.056643,22.170229,18.956575,19.098202,21.046314,22.143345,21.049143,22.255857,17.925821,17.702822,18.537083,18.741919,21.04961,21.785236,21.06756,22.10906,19.897667,21.16762,0.0,0.0,0.0,0.0,0.0,0.0,0.0,0.0
17554,2023.0,5.0,2.0,21.0,21.058,22.160046,18.161955,18.010406,21.021135,22.078016,21.049467,22.249525,17.859524,17.670134,17.501457,17.348312,21.020012,21.694471,21.058016,22.073303,18.970894,19.32192,0.0,4.0,0.0,0.0,0.0,4.0,0.0,4.0
17555,2023.0,5.0,2.0,21.0,21.040834,22.148718,17.911282,17.715187,21.051973,22.166502,21.049599,22.242603,18.47064,18.951563,17.618313,17.763775,21.05567,21.781162,21.059177,22.05862,20.232475,21.731594,0.0,0.0,0.0,4.0,4.0,0.0,0.0,4.0
17556,2023.0,5.0,2.0,22.0,21.042952,22.164608,17.752716,17.544931,21.06469,22.15287,21.049425,22.2341,20.235262,21.888344,20.375834,22.417295,21.05026,21.758493,21.059034,22.043224,20.1815,21.639246,0.0,0.0,0.0,0.0,4.0,0.0,0.0,0.0
17557,2023.0,5.0,2.0,22.0,21.04279,22.170168,17.625343,17.409075,21.062965,22.119549,21.049091,22.224344,18.38884,18.087225,20.027855,21.585632,21.050993,21.748451,21.043716,22.03011,18.33723,18.016296,0.0,0.0,0.0,0.0,4.0,0.0,0.0,0.0
17558,2023.0,5.0,2.0,22.0,21.014277,22.096348,17.508028,17.276676,21.04283,22.093655,21.048183,22.21414,17.458075,16.936785,20.078856,21.51212,21.033798,21.7372,21.04576,22.043133,17.451948,16.963373,0.0,0.0,0.0,0.0,0.0,0.0,0.0,0.0
17559,2023.0,5.0,2.0,22.0,21.067421,22.194038,17.419092,17.188606,21.046745,22.106773,21.04932,22.208794,17.501791,17.266693,18.305386,17.974104,21.036734,21.756145,21.045645,22.04726,17.158121,16.67473,0.0,0.0,0.0,0.0,0.0,0.0,0.0,0.0
17560,2023.0,5.0,2.0,22.0,21.05835,22.151266,17.32947,17.091074,21.0464,22.10781,21.049301,22.20248,18.137888,18.519548,17.60548,17.335514,21.036737,21.764414,21.045721,22.04907,17.216206,17.012571,0.0,0.0,0.0,4.0,0.0,0.0,0.0,0.0
17561,2023.0,5.0,2.0,22.0,21.059788,22.132683,17.250834,17.008795,21.046535,22.107426,21.049511,22.197628,20.309294,22.134789,17.45774,17.214314,21.006758,21.691006,21.046137,22.049503,17.164974,16.98133,0.0,0.0,0.0,0.0,0.0,4.0,0.0,0.0
17562,2023.0,5.0,2.0,23.0,21.040659,22.113153,17.176022,16.92864,21.046625,22.105152,21.049728,22.193052,18.259697,17.94216,17.590647,17.622389,21.060226,21.792507,21.046148,22.047855,17.859543,18.40649,0.0,0.0,0.0,0.0,4.0,0.0,0.0,4.0
17563,2023.0,5.0,2.0,23.0,19.992058,20.112131,17.109306,16.859606,19.905878,19.913567,19.83318,19.853966,17.853102,17.811485,17.33628,17.153555,19.729475,19.212635,19.852089,19.749823,17.358963,17.235998,0.0,0.0,0.0,4.0,0.0,0.0,0.0,0.0
17564,2023.0,5.0,2.0,23.0,19.478197,19.393072,17.054295,16.80073,19.30582,19.042595,19.20801,18.958887,17.32432,16.821844,17.11382,16.878065,19.195887,18.512766,19.356241,19.113096,16.795555,16.331467,0.0,0.0,0.0,0.0,0.0,0.0,0.0,0.0
17565,2023.0,5.0,2.0,23.0,19.25029,19.154837,17.002323,16.747412,19.052214,18.76923,18.943562,18.677307,17.026283,16.461712,16.982183,16.744589,19.33598,19.01731,19.126572,18.885815,17.320564,17.492987,0.0,0.0,0.0,0.0,0.0,0.0,0.0,4.0
17566,2023.0,5.0,2.0,23.0,19.076946,18.982542,16.952847,16.697113,19.53116,19.830061,18.747784,18.48268,17.77683,18.05157,16.873207,16.638706,19.293858,19.026913,18.941263,18.706686,16.709082,16.239988,0.0,4.0,0.0,4.0,0.0,0.0,0.0,0.0
17567,2023.0,5.0,2.0,23.0,18.925816,18.829412,16.903543,16.645792,18.993952,18.814787,18.578497,18.31126,17.403181,17.2018,16.76762,16.525923,19.179892,18.91281,18.778408,18.546343,16.432642,15.93587,0.0,0.0,0.0,0.0,0.0,0.0,0.0,0.0
17568,2023.0,5.0,3.0,0.0,18.795115,18.698706,16.856348,16.597048,18.268333,17.572699,18.431795,18.165012,16.909191,16.387756,16.964682,16.973244,19.071135,18.802567,18.635841,18.407755,16.304977,15.810397,0.0,0.0,0.0,0.0,4.0,0.0,0.0,0.0
17569,2023.0,5.0,3.0,0.0,18.679478,18.584553,16.811613,16.551682,18.624998,18.44231,18.302225,18.03797,16.684109,16.11659,16.718199,16.49119,18.97151,18.702734,19.463333,20.077597,16.468075,16.250751,0.0,4.0,0.0,0.0,0.0,0.0,4.0,0.0
17570,2023.0,5.0,3.0,0.0,18.57387,18.479918,16.76825,16.507357,18.071836,17.424059,18.18428,17.921732,16.848629,16.581991,16.562716,16.315828,18.879148,18.609577,18.422794,17.93518,16.475368,16.280333,0.0,0.0,0.0,0.0,0.0,0.0,0.0,0.0
17571,2023.0,5.0,3.0,0.0,18.469759,18.369875,16.722532,16.457357,17.729218,16.96382,18.068657,17.80005,16.86907,16.638662,16.79284,16.818613,18.78834,18.512777,17.985348,17.386906,16.421118,16.222504,0.0,0.0,0.0,0.0,4.0,0.0,0.0,0.0
17572,2023.0,5.0,3.0,0.0,18.38158,18.284153,16.68189,16.416454,17.998821,17.661346,17.971134,17.705818,16.813787,16.583296,16.51128,16.257212,18.709538,18.434124,17.81418,17.223541,16.368856,16.169508,0.0,0.0,0.0,0.0,0.0,0.0,0.0,0.0
17573,2023.0,5.0,3.0,0.0,18.295895,18.196716,16.6402,16.372175,18.003218,17.714424,17.876564,17.60984,16.755405,16.522482,16.381908,16.125519,18.633158,18.355188,18.015368,17.77805,16.315323,16.113623,0.0,0.0,0.0,0.0,0.0,0.0,0.0,0.0
17574,2023.0,5.0,3.0,1.0,18.21531,18.114004,16.598324,16.32688,17.932571,17.643808,17.787086,17.517836,16.697287,16.461704,16.305153,16.04556,18.561132,18.280457,17.975422,17.733528,16.263113,16.058975,0.0,0.0,0.0,0.0,0.0,0.0,0.0,0.0
17575,2023.0,5.0,3.0,1.0,18.142752,18.042616,16.560299,16.288872,17.863564,17.577124,17.707462,17.44029,16.643116,16.407253,16.235989,15.976417,18.49566,18.214945,17.902725,17.660812,16.214258,16.009642,0.0,0.0,0.0,0.0,0.0,0.0,0.0,0.0
17576,2023.0,5.0,3.0,1.0,18.076374,17.97921,16.524696,16.254904,17.798227,17.516169,17.635292,17.37262,16.592129,16.357092,16.491121,16.51161,18.435293,18.155714,17.832085,17.591373,16.168083,15.963813,0.0,0.0,0.0,0.0,4.0,0.0,0.0,0.0
17577,2023.0,5.0,3.0,1.0,18.012978,17.918001,16.489082,16.220068,17.734522,17.45559,17.56614,17.30654,16.542862,16.308372,16.227068,15.968669,18.378014,18.099232,17.763382,17.523771,16.12346,15.91941,0.0,0.0,0.0,0.0,0.0,0.0,0.0,0.0
17578,2023.0,5.0,3.0,1.0,17.948177,17.850792,16.450722,16.178833,17.668154,17.386986,17.495037,17.23272,16.492552,16.255846,16.110811,15.849805,18.320578,18.03955,17.694458,17.452822,16.078123,15.872126,0.0,0.0,0.0,0.0,0.0,0.0,0.0,0.0
17579,2023.0,5.0,3.0,1.0,17.888979,17.792082,16.415195,16.142963,17.607845,17.328007,17.430943,17.169832,16.445683,16.208698,16.049366,15.788353,18.267715,17.986553,17.630348,17.388817,16.035543,15.829113,0.0,0.0,0.0,0.0,0.0,0.0,0.0,0.0
17580,2023.0,5.0,3.0,2.0,17.836489,17.744354,16.383444,16.114443,17.554783,17.2811,17.374804,17.12007,16.403177,16.168825,15.995709,15.739045,18.964813,19.349176,17.572227,17.334095,15.996546,15.792058,0.0,0.0,0.0,0.0,0.0,4.0,0.0,0.0
17581,2023.0,5.0,3.0,2.0,17.78045,17.68727,16.347229,16.07669,17.497622,17.223593,17.314465,17.059362,16.35801,16.122272,16.227741,16.218134,18.436924,18.216087,17.512136,17.272936,15.955306,15.7494135,0.0,0.0,0.0,0.0,4.0,0.0,0.0,0.0
17582,2023.0,5.0,3.0,2.0,17.724,17.627644,16.30946,16.035723,17.440102,17.163532,17.253828,16.996136,16.312254,16.073795,15.9975605,15.73474,17.876904,17.227493,17.452267,17.210447,15.913527,15.705093,0.0,0.0,0.0,0.0,0.0,0.0,0.0,0.0
17583,2023.0,5.0,3.0,2.0,17.668007,17.567526,16.270401,15.991801,17.382357,17.10158,17.193287,16.931196,16.266762,16.025043,15.887133,15.620462,17.675213,16.985151,17.393774,17.149004,15.872076,15.660786,0.0,0.0,0.0,0.0,0.0,0.0,0.0,0.0
17584,2023.0,5.0,3.0,2.0,17.618233,17.51883,16.236555,15.958474,17.332067,17.053612,17.140932,16.8812,16.2254,15.983901,15.833111,15.567852,17.962322,17.67247,17.340263,17.096083,15.833873,15.622455,0.0,0.0,0.0,0.0,0.0,0.0,0.0,0.0
17585,2023.0,5.0,3.0,2.0,17.56428,17.46078,16.19724,15.914362,17.276405,16.993847,17.083267,16.819159,16.1814,15.936715,15.776095,15.506614,17.973698,17.68296,17.28481,17.03777,15.793609,15.579399,0.0,0.0,0.0,0.0,0.0,0.0,0.0,0.0
17586,2023.0,5.0,3.0,3.0,17.515097,17.411285,16.162134,15.878842,17.226717,16.945032,17.031887,16.768618,16.140486,15.895242,16.043339,16.052006,17.93586,17.646132,17.233013,16.98569,15.75574,15.540775,0.0,0.0,0.0,0.0,4.0,0.0,0.0,0.0
17587,2023.0,5.0,3.0,3.0,17.467094,17.363163,16.126991,15.843052,17.177855,16.896694,16.98141,16.718615,16.10032,15.854701,15.790675,15.519228,17.89712,17.60688,17.182608,16.935234,15.718567,15.503109,0.0,0.0,0.0,0.0,0.0,0.0,0.0,0.0
17588,2023.0,5.0,3.0,3.0,17.416513,17.308937,16.08863,15.800374,17.125807,16.840954,16.927784,16.661095,16.058222,15.809897,15.684248,15.409995,17.854927,17.56203,17.130745,16.880966,15.679821,15.462006,0.0,0.0,0.0,0.0,0.0,0.0,0.0,0.0
17589,2023.0,5.0,3.0,3.0,17.368998,17.260088,16.05279,15.762858,17.077452,16.791822,16.87801,16.61048,16.017878,15.768463,15.630691,15.355486,17.81407,17.52001,17.08108,16.830482,15.642426,15.423527,0.0,0.0,0.0,0.0,0.0,0.0,0.0,0.0
17590,2023.0,5.0,3.0,3.0,17.3315,17.230581,16.016808,15.725242,17.029789,16.743307,16.828957,16.560537,15.977664,15.72715,15.578961,15.302762,17.773188,17.477959,17.031986,16.780554,15.605091,15.385102,0.0,0.0,0.0,0.0,0.0,0.0,0.0,0.0
17591,2023.0,5.0,3.0,3.0,17.296658,17.203913,15.9807,15.6875105,16.982714,16.695309,16.780533,16.511175,15.937481,15.685856,15.529729,15.252446,17.732357,17.43595,16.98332,16.73104,15.567733,15.346647,0.0,0.0,0.0,0.0,0.0,0.0,0.0,0.0
17592,2023.0,5.0,3.0,4.0,17.25385,17.159697,15.944494,15.6496725,16.936157,16.647766,16.732681,16.462332,15.897276,15.644533,15.481731,15.203345,17.69157,17.393972,16.935,16.681856,15.530307,15.308118,0.0,0.0,0.0,0.0,0.0,0.0,0.0,0.0
17593,2023.0,5.0,3.0,4.0,17.212955,17.119886,15.911418,15.618168,16.893059,16.606625,16.688314,16.41989,15.859419,15.607922,15.437427,15.160569,17.65339,17.357138,16.889212,16.63742,15.494934,15.273764,0.0,0.0,0.0,0.0,0.0,0.0,0.0,0.0
17594,2023.0,5.0,3.0,4.0,17.175232,17.085852,15.881819,15.59304,16.854235,16.572973,16.648394,16.385208,15.824363,15.576178,15.397645,15.125161,17.617981,17.32505,16.846472,16.598122,16.189177,16.6122,0.0,0.0,0.0,0.0,0.0,0.0,0.0,4.0
17595,2023.0,5.0,3.0,4.0,17.13526,17.04691,15.849678,15.562479,16.812885,16.533445,16.606054,16.34458,15.787756,15.540797,15.356257,15.085221,17.58117,17.289555,16.802368,16.555332,15.6894655,15.507166,0.0,0.0,0.0,0.0,0.0,0.0,0.0,0.0
17596,2023.0,5.0,3.0,4.0,17.094727,17.00642,15.816937,15.530503,16.77116,16.492527,16.563635,16.302736,15.750839,15.504395,15.315052,15.044589,17.544128,17.25313,16.758076,16.511564,15.94569,16.066011,0.0,0.0,0.0,0.0,0.0,0.0,0.0,4.0
17597,2023.0,5.0,3.0,4.0,17.828424,18.421106,15.78607,15.502086,16.732006,16.456207,16.52401,16.265738,16.283484,16.535866,15.276755,15.008781,17.509142,17.220322,16.716137,16.471916,15.312928,14.796371,0.0,0.0,0.0,4.0,0.0,0.0,0.0,0.0
17598,2023.0,5.0,3.0,5.0,17.356081,17.38492,15.754694,15.472435,16.692488,16.41864,16.484056,16.22754,15.914205,15.713442,15.238611,14.972353,17.474138,17.186886,17.691984,18.345774,15.089926,14.560858,0.0,0.0,0.0,0.0,0.0,0.0,4.0,0.0
17599,2023.0,5.0,3.0,5.0,16.731808,16.258217,15.723008,15.441944,16.653036,16.380507,17.153238,17.516775,15.750169,15.507257,15.200749,14.935659,18.183212,18.556564,16.702398,16.224222,14.998192,14.486317,0.0,0.0,4.0,0.0,0.0,4.0,0.0,0.0
17600,2023.0,5.0,3.0,5.0,16.45274,15.915286,15.6881895,15.408181,16.610369,16.33883,16.818022,16.691183,16.252403,16.498547,15.4413185,15.420551,17.770336,17.55479,16.216139,15.65706,15.962789,16.41209,0.0,0.0,0.0,4.0,4.0,0.0,0.0,4.0
17601,2023.0,5.0,3.0,5.0,16.732443,16.572168,15.656801,15.377181,17.28806,17.64253,16.171867,15.528446,16.11805,16.076977,15.257484,15.014519,17.229958,16.603722,16.109343,15.547461,15.237489,14.785202,0.0,4.0,0.0,4.0,0.0,0.0,0.0,0.0
17602,2023.0,5.0,3.0,5.0,16.81231,16.7222,15.625228,15.345805,16.870968,16.728731,16.58562,16.448545,16.057858,15.998161,15.433397,15.421733,17.016045,16.33877,16.32276,16.055952,15.691435,15.832023,0.0,0.0,4.0,4.0,4.0,0.0,0.0,4.0
17603,2023.0,5.0,3.0,5.0,17.571384,18.16967,15.594547,15.315943,16.916595,16.842379,16.754139,16.717081,16.05883,16.000044,15.229884,14.983557,17.275394,16.967585,16.363815,16.123407,15.117332,14.614918,0.0,4.0,4.0,4.0,0.0,0.0,0.0,0.0
17604,2023.0,5.0,3.0,6.0,16.737652,16.399498,15.564036,15.286284,16.952196,16.895496,16.110779,15.501641,16.056395,15.998184,15.398844,15.380649,17.314287,17.02976,16.346245,16.10879,15.01234,14.584713,0.0,4.0,0.0,4.0,4.0,0.0,0.0,0.0
17605,2023.0,5.0,3.0,6.0,21.3505,24.610218,15.538219,15.268503,20.962503,23.903036,20.789902,23.53773,20.568913,23.503235,20.082865,23.047709,21.095509,23.462461,21.850882,25.282719,15.578013,15.711625,0.0,0.0,0.0,4.0,0.0,0.0,4.0,4.0
17606,2023.0,5.0,3.0,6.0,20.942595,23.351114,15.522483,15.258898,21.039577,23.530233,21.064606,23.749989,19.95915,22.143698,17.978802,18.580956,21.167408,23.306936,22.288403,25.621395,20.531834,23.96147,0.0,0.0,0.0,0.0,4.0,0.0,4.0,4.0
17607,2023.0,5.0,3.0,6.0,21.087479,23.316023,15.508907,15.25244,21.080666,23.24945,21.080517,23.458828,17.528841,17.200947,20.260393,23.100523,20.989244,22.724598,20.927683,22.844002,21.158833,24.463785,0.0,4.0,0.0,0.0,0.0,4.0,0.0,4.0
17608,2023.0,5.0,3.0,6.0,21.066532,23.064526,15.4971895,15.247664,21.073576,23.011873,21.052275,23.166729,16.356596,15.76508,18.259768,18.765755,21.063307,22.663286,21.109688,23.029173,19.890009,21.8776,0.0,4.0,4.0,0.0,4.0,4.0,0.0,0.0
17609,2023.0,5.0,3.0,6.0,21.066195,22.920385,15.957439,16.124147,21.071373,22.854519,21.055157,23.027401,16.3895,16.130701,20.301493,22.826828,21.051643,22.491232,21.083067,22.839222,17.545044,17.224436,4.0,4.0,4.0,0.0,4.0,4.0,0.0,0.0
17610,2023.0,5.0,3.0,7.0,21.857662,24.281551,20.303371,23.549597,21.065895,22.734947,21.098148,22.983452,17.033964,17.404444,20.05779,22.042883,21.678753,23.458345,21.040796,22.623213,16.430689,15.899206,4.0,4.0,0.0,4.0,0.0,4.0,4.0,0.0
17611,2023.0,5.0,3.0,7.0,21.629189,23.55945,20.02415,22.470507,21.98769,24.251387,22.054783,24.3832,20.342358,23.070995,17.809536,17.512907,21.927937,23.641556,22.122377,24.408117,17.435102,18.1305,4.0,4.0,4.0,0.0,0.0,0.0,4.0,4.0
17612,2023.0,5.0,3.0,7.0,21.832165,23.719227,20.104612,22.29704,21.349949,22.834745,21.709047,23.55504,17.733343,17.559263,16.920288,16.639765,21.756926,23.160202,21.676764,23.197851,20.325794,22.944265,0.0,4.0,4.0,0.0,0.0,0.0,0.0,0.0
17613,2023.0,5.0,3.0,7.0,21.05626,22.430077,17.833952,17.696186,21.069542,22.41628,20.919918,22.187033,16.471825,15.97189,16.78106,16.541397,20.954388,21.69689,20.90947,21.886156,18.401571,18.81029,0.0,4.0,0.0,0.0,0.0,4.0,4.0,4.0
17614,2023.0,5.0,3.0,7.0,21.079823,22.523542,17.326622,17.50067,21.057354,22.400322,21.10867,22.584908,16.491325,16.269003,17.006989,17.119587,21.079248,22.002666,21.063631,22.245613,20.332216,22.664402,4.0,4.0,0.0,0.0,4.0,0.0,4.0,0.0
17615,2023.0,5.0,3.0,7.0,21.164268,22.702059,20.301477,22.749216,21.169464,22.644863,21.161451,22.694437,16.497467,16.31712,20.349874,22.893858,21.130438,22.11544,21.195642,22.568789,17.91435,17.715595,0.0,0.0,0.0,0.0,0.0,0.0,0.0,0.0
17616,2023.0,5.0,3.0,8.0,21.046118,22.446932,18.370928,18.700836,21.050209,22.376394,21.05986,22.523722,16.427105,16.257677,18.329351,18.61639,21.05838,21.968504,21.068687,22.315042,16.77733,16.340467,0.0,4.0,0.0,0.0,0.0,0.0,0.0,0.0
17617,2023.0,5.0,3.0,8.0,19.353966,19.243912,17.167347,17.065117,19.306538,19.064978,19.575657,19.698322,16.364546,16.200996,17.147673,17.004078,19.976728,19.913464,19.377304,19.06232,16.712173,16.506937,0.0,0.0,0.0,0.0,0.0,0.0,0.0,0.0
17618,2023.0,5.0,3.0,8.0,18.590155,18.19996,17.357939,17.592888,19.115475,19.093071,18.827166,18.647085,16.321936,16.15967,16.901377,16.692116,20.284868,20.734715,18.686136,18.16036,16.662216,16.4942,4.0,4.0,0.0,0.0,0.0,4.0,0.0,0.0
17619,2023.0,5.0,3.0,8.0,18.971964,19.201057,20.281738,22.725718,19.022287,19.074097,18.513622,18.329895,16.284683,16.125626,16.773418,16.561525,20.008615,20.17381,19.674435,20.328655,16.568512,16.409784,4.0,4.0,0.0,0.0,0.0,4.0,4.0,0.0
17620,2023.0,5.0,3.0,8.0,18.356722,18.09351,20.044338,21.977365,18.24806,17.797424,18.23368,18.059828,16.247208,16.090418,16.658081,16.450718,19.13358,18.670755,18.813158,18.480734,16.465433,16.312122,0.0,0.0,0.0,0.0,0.0,0.0,0.0,0.0
17621,2023.0,5.0,3.0,8.0,18.61323,18.904846,18.090836,18.052193,17.786743,17.268772,18.00164,17.836285,16.215973,16.06111,16.568577,16.367405,18.709785,18.181318,18.181568,17.735691,16.37433,16.22458,0.0,0.0,0.0,0.0,0.0,0.0,0.0,0.0
17622,2023.0,5.0,3.0,9.0,18.694698,19.069345,17.16244,16.68732,18.272923,18.351871,17.839945,17.677288,16.195593,16.041367,16.512802,16.313416,19.325607,19.483639,17.96866,17.518414,16.310045,16.16093,0.0,4.0,0.0,0.0,0.0,4.0,0.0,0.0
17623,2023.0,5.0,3.0,9.0,18.007631,17.839088,17.12252,16.900723,18.367489,18.536625,17.696146,17.542816,16.177454,16.023603,16.463383,16.267166,18.701931,18.229591,17.81935,17.383331,16.252367,16.105179,0.0,4.0,0.0,0.0,0.0,0.0,0.0,0.0
17624,2023.0,5.0,3.0,9.0,18.415514,18.792887,17.030447,16.875969,18.336216,18.522839,17.56904,17.423014,16.161959,16.007908,16.42052,16.225922,18.457037,17.952496,17.903246,17.687386,16.20226,16.05595,0.0,4.0,0.0,0.0,0.0,0.0,0.0,0.0
17625,2023.0,5.0,3.0,9.0,17.829508,17.6845,16.894003,16.749796,18.302862,18.507526,17.455288,17.317562,16.14899,15.994683,16.383585,16.190454,18.367098,17.877861,17.873304,17.685558,16.15865,16.013327,0.0,4.0,0.0,0.0,0.0,0.0,0.0,0.0
17626,2023.0,5.0,3.0,9.0,17.540907,17.315245,16.774796,16.639748,17.637455,17.311493,17.354197,17.225906,16.138592,15.984074,16.352709,16.161074,19.312376,19.7752,17.806679,17.6251,16.121292,15.977222,0.0,0.0,0.0,0.0,0.0,4.0,0.0,0.0
17627,2023.0,5.0,3.0,9.0,17.402187,17.185188,16.667591,16.539244,18.00191,18.173273,17.260677,17.139788,16.129642,15.974765,16.325962,16.135103,18.655825,18.350744,17.741253,17.562632,16.08796,15.944398,0.0,4.0,0.0,0.0,0.0,0.0,0.0,0.0
17628,2023.0,5.0,3.0,10.0,18.265774,18.941969,16.573374,16.452404,17.492685,17.208387,17.880571,18.383724,16.121977,15.96695,16.303453,16.113592,18.342926,17.893997,17.681284,17.505566,16.058867,15.9160795,0.0,0.0,4.0,0.0,0.0,0.0,0.0,0.0
17629,2023.0,5.0,3.0,10.0,18.248026,18.747295,16.488062,16.373287,17.894672,18.11858,17.433405,17.454405,16.115881,15.961131,16.284525,16.095833,18.250237,17.800268,17.62618,17.452662,16.033304,15.891266,0.0,4.0,0.0,0.0,0.0,0.0,0.0,0.0
17630,2023.0,5.0,3.0,10.0,17.573338,17.50407,16.412796,16.305517,17.365503,17.094418,17.653194,17.956282,16.1119,15.957758,16.26932,16.082224,18.396303,18.16244,17.577055,17.406368,16.01176,15.870961,0.0,0.0,4.0,0.0,0.0,0.0,0.0,0.0
17631,2023.0,5.0,3.0,10.0,17.307188,17.151133,16.825497,17.144684,17.803082,18.062117,17.110033,16.918451,16.109241,15.955865,16.256979,16.071503,18.425102,18.222992,17.532545,17.364517,15.993087,15.853565,4.0,4.0,0.0,0.0,0.0,0.0,0.0,0.0
17632,2023.0,5.0,3.0,10.0,17.190838,17.043732,20.242878,23.060709,17.335455,17.147568,16.841232,16.551716,16.876356,17.403082,16.247593,16.064014,18.407345,18.210829,17.49294,17.328133,15.977019,15.839052,0.0,0.0,0.0,4.0,0.0,0.0,0.0,0.0
17633,2023.0,5.0,3.0,10.0,17.27599,17.324394,18.274614,18.786415,16.995417,16.700218,16.705801,16.421722,20.333323,23.238419,16.242569,16.060669,18.384005,18.19087,17.450941,17.288837,15.960099,15.823529,0.0,0.0,0.0,0.0,0.0,0.0,0.0,0.0
17634,2023.0,5.0,3.0,11.0,17.293417,17.383816,17.023634,17.05338,16.875238,16.580126,16.77268,16.660122,17.961256,18.12916,16.23968,16.059717,18.36179,18.171402,17.4123,17.252325,15.944666,15.80923,0.0,0.0,0.0,0.0,0.0,0.0,0.0,0.0
17635,2023.0,5.0,3.0,11.0,17.25202,17.347353,16.75954,16.695704,16.96896,16.846416,17.505022,18.073715,17.030989,16.702974,16.237381,16.057016,18.342432,18.151989,17.37977,17.219275,15.931188,15.7948475,0.0,0.0,4.0,0.0,0.0,0.0,0.0,0.0
17636,2023.0,5.0,3.0,11.0,17.978378,18.756365,16.625761,16.551512,16.97233,16.886993,16.910492,16.810116,16.95481,16.751806,16.23439,16.053352,18.323732,18.133423,17.34907,17.188686,15.9185915,15.781555,0.0,0.0,0.0,0.0,0.0,0.0,0.0,0.0
17637,2023.0,5.0,3.0,11.0,17.335709,17.384127,16.524418,16.452497,17.651342,18.201641,16.613464,16.377632,16.88171,16.699638,16.231806,16.05,18.30666,18.116472,17.320698,17.160482,15.907687,15.770067,0.0,4.0,0.0,0.0,0.0,0.0,0.0,0.0
17638,2023.0,5.0,3.0,11.0,17.766687,18.31755,16.438534,16.369371,17.867271,18.474934,17.19726,17.55338,16.80339,16.623714,16.229406,16.04691,18.291111,18.101107,18.3755,19.176523,15.897534,15.759456,0.0,4.0,4.0,0.0,0.0,0.0,4.0,0.0
17639,2023.0,5.0,3.0,11.0,17.272394,17.308617,16.36261,16.296314,17.150467,17.06206,17.370539,17.78567,16.73729,16.559237,16.22705,16.044048,18.276917,18.087229,17.620892,17.511402,15.887909,15.749513,0.0,0.0,4.0,0.0,0.0,0.0,0.0,0.0
17640,2023.0,5.0,3.0,12.0,17.013496,16.940474,16.29367,16.229404,16.827988,16.584976,16.787106,16.66774,16.680445,16.503473,16.22466,16.041405,18.263355,18.074057,17.273186,16.97393,15.87892,15.740339,0.0,0.0,0.0,0.0,0.0,0.0,0.0,0.0
17641,2023.0,5.0,3.0,12.0,21.205097,24.379646,16.232546,16.171635,21.257292,24.436316,21.12162,24.363522,16.630653,16.454939,16.221275,16.037388,22.045498,24.504362,22.3145,25.538584,15.869671,15.730701,0.0,4.0,0.0,0.0,0.0,0.0,0.0,0.0
17642,2023.0,5.0,3.0,12.0,21.002197,23.549406,16.165422,16.106052,21.022577,23.52203,21.019154,23.665447,16.578798,16.403934,16.21697,16.03248,21.009161,22.601048,22.605738,25.615799,15.860946,15.721569,0.0,0.0,0.0,0.0,0.0,0.0,0.0,0.0
17643,2023.0,5.0,3.0,12.0,21.074104,23.422003,16.106024,16.049646,21.065075,23.28396,21.079336,23.496515,16.536928,16.364666,16.213167,16.028751,21.049126,22.496614,20.877335,22.316982,15.855997,15.717317,0.0,4.0,0.0,0.0,0.0,0.0,0.0,0.0
17644,2023.0,5.0,3.0,12.0,21.034544,23.14764,16.049084,15.992106,21.056051,23.0684,21.06689,23.279556,16.501293,16.330153,16.20953,16.025415,21.040476,22.347624,21.09447,22.68166,15.854052,15.71642,0.0,4.0,0.0,0.0,0.0,0.0,0.0,0.0
17645,2023.0,5.0,3.0,12.0,21.164223,23.268972,15.996896,15.938925,21.166523,23.154867,21.154835,23.298428,16.472225,16.302933,16.205967,16.022427,21.093632,22.34399,21.114174,22.648481,15.853633,15.717362,0.0,0.0,0.0,0.0,0.0,0.0,0.0,0.0
17646,2023.0,5.0,3.0,13.0,21.03021,22.88006,15.955064,15.902092,21.034166,22.773928,21.052645,23.008894,16.449009,16.282701,16.632864,16.831255,21.031898,22.155918,21.041769,22.466423,15.853722,15.71881,0.0,4.0,0.0,0.0,4.0,0.0,0.0,0.0
17647,2023.0,5.0,3.0,13.0,21.148952,23.062487,15.916701,15.867622,21.149036,22.929646,21.068373,22.966887,16.42895,16.265896,20.232092,23.014166,21.126743,22.290985,21.052166,22.446613,15.854124,15.720896,0.0,4.0,0.0,0.0,0.0,0.0,0.0,0.0
17648,2023.0,5.0,3.0,13.0,21.069935,22.843115,15.882009,15.8341,21.076782,22.747406,21.065184,22.903366,16.411005,16.250381,18.290907,18.769325,21.008291,21.991856,21.050177,22.409609,15.854499,15.722976,0.0,0.0,0.0,0.0,0.0,4.0,0.0,0.0
17649,2023.0,5.0,3.0,13.0,21.069761,22.795475,15.850344,15.803793,21.046324,22.619606,21.064375,22.855906,16.395197,16.236952,17.029198,16.923326,21.042645,22.05497,21.04973,22.380854,16.892992,17.692015,0.0,4.0,0.0,0.0,0.0,0.0,0.0,4.0
17650,2023.0,5.0,3.0,13.0,21.030272,22.684368,15.821243,15.776583,21.07547,22.66243,21.063423,22.816319,16.38098,16.22508,16.778828,16.60555,21.047451,22.014805,21.049063,22.355707,20.338945,23.413538,0.0,0.0,0.0,0.0,0.0,0.0,0.0,0.0
17651,2023.0,5.0,3.0,13.0,21.048685,22.689075,16.26457,16.630188,21.068794,22.615446,21.03797,22.714731,16.367842,16.214228,16.68686,16.50735,21.015886,21.895643,21.048552,22.334364,17.7987,17.974598,4.0,0.0,4.0,0.0,0.0,4.0,0.0,0.0
17652,2023.0,5.0,3.0,14.0,21.875643,24.099598,20.279114,23.49934,21.851997,23.810226,21.63415,23.682417,16.355862,16.20479,16.619732,16.438404,21.644367,22.891542,21.9365,23.716272,16.584286,16.362328,0.0,4.0,0.0,0.0,0.0,4.0,4.0,0.0
17653,2023.0,5.0,3.0,14.0,20.012293,20.265749,18.104391,18.733166,20.169256,20.336895,19.87583,20.043177,16.346539,16.197527,16.571995,16.392673,20.47908,20.445929,19.877079,19.809551,16.439022,16.292152,0.0,0.0,0.0,0.0,0.0,0.0,0.0,0.0
17654,2023.0,5.0,3.0,14.0,19.729887,20.208536,17.455364,17.862215,19.029846,18.689388,18.767094,18.457453,16.339556,16.192482,16.543713,16.364603,19.690443,19.258375,19.117504,18.744003,16.392193,16.255672,4.0,0.0,0.0,0.0,0.0,0.0,0.0,0.0
17655,2023.0,5.0,3.0,14.0,18.988503,18.971842,20.254204,22.826553,19.52376,19.96057,18.593014,18.477137,16.33069,16.186193,16.517746,16.342367,19.467459,19.042545,18.850864,18.489817,16.336952,16.205317,0.0,4.0,0.0,0.0,0.0,0.0,0.0,0.0
17656,2023.0,5.0,3.0,14.0,19.128445,19.600786,18.466913,19.0067,19.414074,19.749651,18.371346,18.299294,17.071276,17.59281,16.87118,17.03206,19.273663,18.861214,18.610985,18.262844,16.27431,16.145548,4.0,4.0,0.0,4.0,4.0,0.0,0.0,0.0
17657,2023.0,5.0,3.0,14.0,19.15731,19.69201,20.220884,22.362455,19.235537,19.551807,18.17483,18.102514,20.347595,23.285196,20.235853,22.921776,19.310015,19.07476,19.613008,20.32384,16.226158,16.09837,4.0,4.0,0.0,0.0,0.0,0.0,4.0,0.0
17658,2023.0,5.0,3.0,15.0,19.074625,19.62109,20.0476,21.875353,18.50145,18.312605,17.975191,17.908808,17.99402,18.199888,18.360989,18.797089,19.262356,19.060846,18.84456,18.614328,16.174103,16.049366,0.0,0.0,0.0,0.0,0.0,0.0,0.0,0.0
17659,2023.0,5.0,3.0,15.0,18.382502,18.404968,18.331059,18.472795,18.690874,18.964046,18.47993,19.01013,16.8425,16.63861,17.172745,17.076414,19.923515,20.40871,18.330961,18.011898,16.124313,16.001123,0.0,4.0,4.0,0.0,0.0,4.0,0.0,0.0
17660,2023.0,5.0,3.0,15.0,18.74122,19.26439,17.66443,17.593643,18.768465,19.121796,18.621635,19.22236,16.737087,16.585365,16.95671,16.795176,19.178333,18.883291,18.171972,17.849678,17.057175,17.79851,0.0,4.0,4.0,0.0,0.0,0.0,0.0,4.0
17661,2023.0,5.0,3.0,15.0,18.803925,19.369081,17.43888,17.378664,18.72061,19.078804,17.854992,17.782013,16.687567,16.548464,17.249567,17.414566,18.877604,18.495026,18.049046,17.73402,20.337952,23.350353,0.0,4.0,0.0,0.0,4.0,0.0,0.0,4.0
17662,2023.0,5.0,3.0,15.0,18.148664,18.185986,17.66033,17.9863,18.665092,19.02891,18.041134,18.393005,16.615986,16.47933,20.354599,22.699705,19.502352,19.788366,18.05358,17.872665,21.172026,24.474054,4.0,4.0,4.0,0.0,0.0,4.0,0.0,0.0
17663,2023.0,5.0,3.0,15.0,17.760605,17.695894,20.27837,22.581493,18.00162,17.840569,17.601454,17.507938,16.548485,16.412716,18.774569,19.393465,19.75236,20.11231,18.011467,17.852913,17.901508,18.012278,4.0,0.0,0.0,0.0,4.0,4.0,0.0,0.0
17664,2023.0,5.0,3.0,16.0,18.290884,18.824749,20.021893,21.834736,18.266527,18.571417,17.887491,18.247808,16.48856,16.354168,20.223917,22.294355,19.777664,20.143208,17.933138,17.780943,16.872425,16.664644,4.0,4.0,4.0,0.0,4.0,4.0,0.0,0.0
17665,2023.0,5.0,3.0,16.0,17.84555,17.870451,20.076895,21.80222,18.428991,18.80406,18.046999,18.4526,16.434088,16.300295,20.025455,21.656025,19.008379,18.68592,17.853876,17.703901,16.575981,16.33429,0.0,4.0,4.0,0.0,4.0,0.0,0.0,0.0
17666,2023.0,5.0,3.0,16.0,18.201948,18.744379,18.726965,19.075733,18.409634,18.78593,18.039793,18.442265,16.385305,16.253939,20.07023,21.593681,19.427471,19.718128,17.781187,17.63492,16.507727,16.363283,4.0,4.0,4.0,0.0,0.0,4.0,0.0,0.0
17667,2023.0,5.0,3.0,16.0,18.370138,18.941103,20.208292,22.10078,18.38111,18.754467,18.026434,18.42532,16.338667,16.208748,18.523998,18.5072,18.913542,18.611876,17.712252,17.568647,16.431124,16.30285,4.0,4.0,4.0,0.0,0.0,0.0,0.0,0.0
17668,2023.0,5.0,3.0,16.0,17.728756,17.734215,20.042765,21.635336,18.351362,18.721378,18.009596,18.40445,16.294378,16.165565,17.745378,17.575994,19.364223,19.688456,17.646374,17.504251,16.337166,16.211702,0.0,4.0,4.0,0.0,0.0,4.0,0.0,0.0
17669,2023.0,5.0,3.0,16.0,17.396627,17.323725,18.47119,18.532318,18.323797,18.691542,17.991875,18.38347,16.253733,16.12812,17.523611,17.351822,18.826271,18.527315,17.586203,17.44793,16.254503,16.134007,0.0,4.0,4.0,0.0,0.0,0.0,0.0,0.0
17670,2023.0,5.0,3.0,17.0,17.273138,17.182274,17.87904,17.770475,17.688879,17.525633,17.974323,18.361692,16.217031,16.092957,17.38236,17.2069,19.326681,19.633076,17.532253,17.39562,16.18885,16.069891,0.0,0.0,4.0,0.0,0.0,4.0,0.0,0.0
17671,2023.0,5.0,3.0,17.0,17.91987,18.468225,18.116953,18.41255,17.384491,17.104036,17.954147,18.335402,16.956387,17.521578,17.254631,17.082546,18.716091,18.40022,17.478893,17.344254,16.126942,16.010874,4.0,0.0,4.0,4.0,0.0,0.0,0.0,0.0
17672,2023.0,5.0,3.0,17.0,17.428047,17.445314,20.213852,22.21969,17.90535,18.188137,17.349854,17.225046,20.29893,23.244127,17.137272,16.966925,18.46791,18.090025,17.426586,17.2944,16.069735,15.956944,0.0,4.0,0.0,0.0,0.0,0.0,0.0,0.0
17673,2023.0,5.0,3.0,17.0,17.114525,17.036665,18.992552,19.608212,18.106928,18.45906,17.63101,17.956814,18.410059,19.03365,17.01353,16.850243,18.355413,17.981026,17.370216,17.240173,16.007532,15.897791,4.0,4.0,4.0,4.0,0.0,0.0,0.0,0.0
17674,2023.0,5.0,3.0,17.0,17.744627,18.27662,20.203314,21.916973,18.103558,18.451256,17.750149,18.123486,20.33985,22.524164,16.915657,16.751554,18.44168,18.243914,17.319704,17.191008,15.954802,15.846733,4.0,4.0,4.0,0.0,0.0,0.0,0.0,0.0
17675,2023.0,5.0,3.0,17.0,17.970154,18.51639,20.03347,21.477076,18.088177,18.42969,17.161667,17.021118,18.175411,18.222876,16.812078,16.652575,19.233892,19.771849,18.333813,19.154846,15.899359,15.794047,4.0,4.0,0.0,0.0,0.0,4.0,4.0,0.0
17676,2023.0,5.0,3.0,18.0,18.011612,18.556091,20.072191,21.497528,18.070707,18.405539,17.474361,17.797565,17.070295,16.78423,16.715666,16.559906,18.604221,18.363947,17.615309,17.45801,16.813854,17.56975,0.0,4.0,4.0,0.0,0.0,0.0,0.0,4.0
17677,2023.0,5.0,3.0,18.0,21.331392,24.310583,18.529242,18.48605,21.273735,24.035408,21.31344,24.366283,16.901262,16.73944,16.628195,16.476522,21.308367,23.269373,21.484922,24.39148,20.331982,23.46823,0.0,0.0,4.0,0.0,0.0,4.0,0.0,0.0
17678,2023.0,5.0,3.0,18.0,21.036417,23.388626,18.226915,18.484203,21.009977,23.131521,21.034918,23.436968,16.790392,16.645435,16.545443,16.396076,21.03825,22.600866,21.109365,23.372923,17.650341,17.762201,4.0,4.0,0.0,0.0,0.0,0.0,4.0,0.0
17679,2023.0,5.0,3.0,18.0,21.058716,23.170898,20.248535,22.113989,21.064808,23.007034,21.09085,23.279621,16.66032,16.518053,16.46503,16.315641,21.063385,22.470789,21.088747,23.095615,16.37753,16.117184,0.0,4.0,0.0,0.0,0.0,0.0,0.0,0.0
17680,2023.0,5.0,3.0,18.0,21.0555,23.001804,19.052305,19.599543,21.080585,22.900368,21.081768,23.076197,16.54806,16.409826,16.782791,16.977291,21.029556,22.256561,21.034426,22.777554,16.249002,16.117586,4.0,0.0,0.0,0.0,4.0,4.0,4.0,0.0
17681,2023.0,5.0,3.0,18.0,21.05425,22.884142,20.242346,21.994621,21.05091,22.704575,21.06506,22.942467,16.448614,16.312551,20.445072,23.091808,21.033545,22.180285,21.079899,22.770887,16.174583,16.056595,0.0,4.0,0.0,0.0,0.0,4.0,0.0,0.0
17682,2023.0,5.0,3.0,19.0,21.079514,22.867254,18.485744,18.440989,21.079632,22.697687,21.06552,22.86545,16.361387,16.22918,18.302523,18.6622,21.062038,22.194826,21.070503,22.655022,16.075993,15.961463,0.0,0.0,0.0,0.0,0.0,0.0,0.0,0.0
17683,2023.0,5.0,3.0,19.0,21.044523,22.707043,17.376165,16.931528,21.046038,22.54429,21.037962,22.732319,16.278912,16.146467,17.446814,17.658976,21.02507,22.050442,21.068815,22.577879,15.9857645,15.871066,0.0,4.0,4.0,0.0,4.0,4.0,0.0,0.0
17684,2023.0,5.0,3.0,19.0,21.051823,22.669294,17.303932,17.08559,21.078432,22.577911,21.085947,22.77116,16.205769,16.077217,20.34278,22.592875,21.062136,22.109446,21.056454,22.52342,15.908685,15.797819,0.0,0.0,0.0,0.0,0.0,0.0,0.0,0.0
17685,2023.0,5.0,3.0,19.0,21.077099,22.698511,17.680107,17.896797,21.072151,22.520441,21.077227,22.691982,16.93328,17.516245,18.415508,18.688194,21.026844,21.989197,21.019127,22.397896,15.835359,15.725997,4.0,0.0,0.0,4.0,0.0,4.0,4.0,0.0
17686,2023.0,5.0,3.0,19.0,21.04504,22.574387,20.24254,22.42542,21.072386,22.482294,21.0603,22.642538,20.34358,23.283516,17.264341,17.126295,21.032448,21.984056,21.079401,22.507332,15.767845,15.660064,4.0,0.0,0.0,0.0,0.0,4.0,0.0,0.0
17687,2023.0,5.0,3.0,19.0,21.076532,22.625757,20.046455,21.761757,21.054684,22.44908,21.062101,22.62877,17.717165,17.702248,16.942333,16.764046,21.032179,21.970955,21.069166,22.451567,15.704889,15.598275,0.0,0.0,0.0,0.0,0.0,4.0,0.0,0.0
17688,2023.0,5.0,3.0,20.0,21.07031,22.58091,18.554947,18.700953,21.056608,22.4483,21.036892,22.543087,16.436132,16.068132,16.752241,16.575134,21.032335,21.960066,21.070072,22.42277,15.640645,15.526605,4.0,0.0,4.0,0.0,0.0,4.0,0.0,0.0
17689,2023.0,5.0,3.0,20.0,21.162794,22.73718,20.23647,22.112839,21.184023,22.695913,21.17838,22.836153,16.372368,16.202934,17.006817,17.190407,21.13582,22.174484,21.211596,22.709692,15.580988,15.462814,0.0,0.0,0.0,0.0,4.0,0.0,0.0,0.0
17690,2023.0,5.0,3.0,20.0,21.18121,22.781223,18.618526,18.72769,21.218666,22.734007,21.169256,22.744377,16.321749,16.175005,20.435118,22.950113,21.157791,22.179276,21.212713,22.705807,15.526032,15.403577,4.0,4.0,4.0,0.0,0.0,4.0,0.0,0.0
17691,2023.0,5.0,3.0,20.0,21.22344,22.845247,20.236694,22.070509,21.224537,22.738695,21.175014,22.71871,16.210928,16.059885,18.270847,18.526947,21.163502,22.178856,21.212496,22.69802,15.475092,15.348799,0.0,4.0,4.0,0.0,0.0,4.0,0.0,0.0
17692,2023.0,5.0,3.0,20.0,21.051712,22.467108,18.651505,18.753765,21.053852,22.353601,21.056536,22.452953,16.109604,15.955358,17.065857,16.909946,21.062765,21.985357,21.056091,22.37723,15.427376,15.296999,4.0,4.0,4.0,0.0,0.0,0.0,0.0,0.0
17693,2023.0,5.0,3.0,20.0,21.154297,22.67389,20.22103,22.003603,21.155176,22.548342,21.156343,22.632742,16.017925,15.858978,16.762794,16.567274,21.140568,22.108152,21.186901,22.634712,15.382408,15.248088,0.0,0.0,4.0,0.0,0.0,4.0,0.0,0.0
17694,2023.0,5.0,3.0,21.0,21.070307,22.480953,18.334383,18.143631,21.071764,22.3502,21.056643,22.413275,15.936069,15.773665,16.57744,16.381235,21.063606,21.963634,21.056114,22.364374,15.33962,15.201222,0.0,0.0,4.0,0.0,0.0,0.0,0.0,0.0
17695,2023.0,5.0,3.0,21.0,21.043924,22.388502,17.511162,17.26863,21.046717,22.255867,21.08204,22.468561,16.622032,17.127058,16.428513,16.23209,21.058287,21.940086,21.0167,22.253922,15.299363,15.157607,0.0,4.0,0.0,4.0,0.0,0.0,4.0,0.0
17696,2023.0,5.0,3.0,21.0,21.076359,22.460663,17.333315,17.104288,21.077444,22.32146,21.07664,22.43774,20.418854,23.407421,16.295797,16.094584,21.059042,21.929073,21.08049,22.38031,15.262238,15.118193,0.0,0.0,0.0,4.0,0.0,0.0,0.0,0.0
17697,2023.0,5.0,3.0,21.0,21.06929,22.427261,17.147476,16.9081,21.07116,22.290565,21.051355,22.348972,20.039139,22.35091,16.170671,15.962911,21.04148,21.917542,21.069221,22.330208,15.225154,15.077392,0.0,0.0,4.0,0.0,0.0,0.0,0.0,0.0
17698,2023.0,5.0,3.0,21.0,21.024778,22.337551,17.444159,17.593168,21.026941,22.205904,21.082375,22.419477,17.629694,17.41688,16.42135,16.521963,21.043787,21.935751,21.031504,22.204145,16.150356,16.849285,4.0,4.0,0.0,0.0,4.0,0.0,4.0,4.0
17699,2023.0,5.0,3.0,21.0,21.168789,22.62219,20.254568,22.568209,21.169527,22.487066,21.30229,22.842999,16.433668,15.933314,20.445637,23.2461,21.143799,22.143764,21.383293,22.924616,21.239346,25.267265,0.0,0.0,0.0,0.0,0.0,0.0,0.0,4.0
17700,2023.0,5.0,3.0,22.0,21.069555,22.400852,18.433773,18.677252,21.071293,22.266308,21.03009,22.2953,16.397343,16.16992,18.089455,18.377182,21.043747,21.945312,21.029573,22.165916,19.882246,22.292154,0.0,0.0,4.0,0.0,0.0,0.0,4.0,0.0
17701,2023.0,5.0,3.0,22.0,21.070534,22.38622,17.316574,17.134987,21.072258,22.249609,21.084335,22.398834,16.347486,16.157284,16.754747,16.56657,21.014143,21.870726,21.078676,22.287718,17.331228,17.121658,0.0,0.0,0.0,0.0,0.0,4.0,0.0,0.0
17702,2023.0,5.0,3.0,22.0,21.050283,22.370901,17.018532,16.762926,21.050598,22.232235,21.048376,22.287638,16.210903,16.012535,16.451372,16.220367,21.06818,21.970064,21.068838,22.256327,16.133617,15.6725235,0.0,0.0,4.0,0.0,0.0,0.0,0.0,0.0
17703,2023.0,5.0,3.0,22.0,21.05305,22.390568,16.857225,16.591688,21.027077,22.180159,21.081974,22.362602,16.0896,15.889883,16.597109,16.643213,21.058027,21.924831,21.06946,22.244972,16.09721,15.917687,0.0,4.0,0.0,0.0,4.0,0.0,0.0,0.0
17704,2023.0,5.0,3.0,22.0,21.053066,22.398874,16.739069,16.480898,21.080376,22.278635,21.075548,22.335037,15.9894905,15.794046,20.330912,22.89589,21.060436,21.908606,21.053066,22.234749,15.99749,15.820935,0.0,0.0,0.0,0.0,0.0,0.0,0.0,0.0
17705,2023.0,5.0,3.0,22.0,21.026592,22.331284,16.631992,16.370037,21.071363,22.237118,21.054873,22.321688,15.895917,15.699476,18.403614,18.883728,21.041565,21.891336,21.015705,22.14572,15.858262,15.682532,0.0,0.0,0.0,0.0,4.0,0.0,4.0,0.0
17706,2023.0,5.0,3.0,23.0,21.058838,22.424747,16.538284,16.27368,21.050922,22.218777,21.05763,22.342117,15.812855,15.6153755,20.317226,22.660332,21.01368,21.829042,21.080416,22.284903,15.735932,15.559645,0.0,0.0,0.0,0.0,4.0,4.0,0.0,0.0
17707,2023.0,5.0,3.0,23.0,19.351082,19.115786,16.458105,16.193205,19.77045,19.77627,19.673742,19.696918,15.741639,15.546782,18.277706,18.461817,19.533463,19.000546,19.313118,18.871021,15.6350565,15.463369,0.0,0.0,0.0,0.0,0.0,0.0,0.0,0.0
17708,2023.0,5.0,3.0,23.0,18.552711,17.989447,16.395178,16.126568,19.084953,18.782457,18.95619,18.67352,15.683406,15.486355,17.325005,17.053652,18.947292,18.240118,18.600843,17.969536,15.557445,15.382686,0.0,0.0,0.0,0.0,0.0,0.0,0.0,0.0
17709,2023.0,5.0,3.0,23.0,18.649044,18.498518,16.338146,16.0709,18.803434,18.49096,18.660416,18.370373,15.628969,15.432615,17.38558,17.40755,18.711403,18.018505,18.62692,18.34776,15.486301,15.312331,0.0,0.0,0.0,0.0,4.0,0.0,0.0,0.0
17710,2023.0,5.0,3.0,23.0,18.534586,18.428005,16.28518,16.02027,18.5932,18.287302,18.437521,18.15463,16.163078,16.482677,16.982302,16.74233,18.881258,18.566956,18.487339,18.242334,15.421115,15.248348,0.0,0.0,0.0,4.0,0.0,0.0,0.0,0.0
17711,2023.0,5.0,3.0,23.0,18.383295,18.284468,16.234278,15.971597,18.413912,18.11397,18.247982,17.971172,16.363836,16.719852,16.732225,16.478031,18.83487,18.558716,18.31847,18.085396,16.088322,16.55941,0.0,0.0,0.0,4.0,0.0,0.0,0.0,4.0
17712,2023.0,5.0,4.0,0.0,18.24665,18.153461,16.185698,15.925397,18.257317,17.963446,18.082684,17.812,15.600166,15.208195,16.567816,16.321932,18.726622,18.455194,19.130291,19.755754,15.57205,15.427852,0.0,0.0,0.0,0.0,0.0,0.0,4.0,0.0
17713,2023.0,5.0,4.0,0.0,18.122293,18.033667,16.138824,15.880851,18.117476,17.828852,17.935207,17.669783,15.285856,14.814623,16.42375,16.186113,18.622097,18.352747,18.07658,17.613337,15.153125,14.761787,0.0,0.0,0.0,0.0,0.0,0.0,0.0,0.0
17714,2023.0,5.0,4.0,0.0,17.997149,17.901371,16.08813,15.827134,17.977951,17.680687,17.787735,17.513071,15.152768,14.671477,16.2774,16.025497,18.51659,18.241085,17.61349,17.03916,15.000803,14.598251,0.0,0.0,0.0,0.0,0.0,0.0,0.0,0.0
17715,2023.0,5.0,4.0,0.0,17.886042,17.804136,16.04364,15.789746,17.856398,17.575792,17.659296,17.402111,15.313562,15.102874,16.149733,15.911804,18.419788,18.152647,17.411736,16.863403,15.890102,16.397556,0.0,0.0,0.0,0.0,0.0,0.0,0.0,4.0
17716,2023.0,5.0,4.0,0.0,17.791683,17.711914,16.001568,15.749254,17.753384,17.475332,17.550785,17.295994,15.893409,16.189,16.043674,15.805445,18.338089,18.071033,17.545244,17.293121,15.173077,14.8038845,0.0,0.0,0.0,4.0,0.0,0.0,0.0,0.0
17717,2023.0,5.0,4.0,0.0,17.699812,17.621122,15.959222,15.707968,17.65328,17.377272,17.445889,17.192745,15.500656,15.311765,15.942345,15.703275,18.258818,17.991077,17.513441,17.28661,15.015007,14.6988735,0.0,0.0,0.0,0.0,0.0,0.0,0.0,0.0
17718,2023.0,5.0,4.0,1.0,17.60541,17.528786,15.91451,15.6648655,17.550097,17.277357,17.337742,17.087658,15.049593,14.603886,16.143305,16.172188,18.177439,17.91036,17.41618,17.19061,15.011755,14.756708,0.0,0.0,0.0,0.0,4.0,0.0,0.0,0.0
17719,2023.0,5.0,4.0,1.0,17.516888,17.441343,15.871166,15.622449,17.45382,17.182987,17.236912,16.988495,15.014344,14.670535,15.900428,15.674525,18.101318,17.834263,17.320536,17.095434,15.02785,14.852851,0.0,0.0,0.0,0.0,0.0,0.0,0.0,0.0
17720,2023.0,5.0,4.0,1.0,17.435,17.360416,15.828777,15.580355,17.364632,17.09474,17.143492,16.895773,15.110017,14.916644,15.724548,15.48528,18.0311,17.76412,17.23075,17.005836,14.998479,14.825785,0.0,0.0,0.0,0.0,0.0,0.0,0.0,0.0
17721,2023.0,5.0,4.0,1.0,17.374546,17.307247,15.796807,15.553443,17.300856,17.040155,17.076784,16.838463,15.103476,14.911064,15.647707,15.41543,17.977816,17.714876,17.161674,16.941366,15.690231,16.163177,0.0,0.0,0.0,0.0,0.0,0.0,0.0,4.0
17722,2023.0,5.0,4.0,1.0,17.311089,17.24636,15.76173,15.520376,17.233452,16.976328,17.006405,16.77154,15.078267,14.887551,15.575285,15.343941,17.923298,17.661392,17.09145,16.87235,15.181714,15.038185,0.0,0.0,0.0,0.0,0.0,0.0,0.0,0.0
17723,2023.0,5.0,4.0,1.0,17.246542,17.179777,15.72416,15.481574,17.164587,16.905617,16.93481,16.69765,15.048563,14.856971,15.50428,15.269603,17.868706,17.604937,17.02166,16.800505,15.017034,14.833934,0.0,0.0,0.0,0.0,0.0,0.0,0.0,0.0
17724,2023.0,5.0,4.0,2.0,17.18248,17.117817,15.686611,15.4458275,17.096563,16.840714,16.864107,16.629906,15.016201,14.825332,15.434174,15.201297,17.813803,17.551237,16.951061,16.731318,15.021519,14.890187,0.0,0.0,0.0,0.0,0.0,0.0,0.0,0.0
17725,2023.0,5.0,4.0,2.0,17.12587,17.067566,15.653105,15.417374,17.757572,18.14124,16.802383,16.576487,15.000238,14.825334,15.372917,15.146242,17.764282,17.50577,16.887207,16.672102,15.001959,14.887651,0.0,4.0,0.0,0.0,0.0,0.0,0.0,0.0
17726,2023.0,5.0,4.0,2.0,17.063227,17.002047,15.613454,15.375703,18.02218,18.460497,16.733105,16.504185,15.0037565,14.855628,15.306752,15.07683,17.71177,17.451338,16.820885,16.603666,15.007298,14.931656,0.0,4.0,0.0,0.0,0.0,0.0,0.0,0.0
17727,2023.0,5.0,4.0,2.0,17.012117,16.956839,15.581508,15.348705,17.107594,16.666866,16.677694,16.45652,15.003192,14.867807,15.539463,15.562467,17.667631,17.411098,16.764957,16.552172,15.005242,14.944995,0.0,0.0,0.0,0.0,4.0,0.0,0.0,0.0
17728,2023.0,5.0,4.0,2.0,16.955826,16.898823,15.545161,15.311439,16.558289,15.909415,16.616678,16.394321,15.003945,14.88402,15.356223,15.141806,17.619892,17.362259,16.705204,16.491127,15.00616,14.965113,0.0,0.0,0.0,0.0,0.0,0.0,0.0,0.0
17729,2023.0,5.0,4.0,2.0,16.903387,16.846422,15.509931,15.275886,16.391335,15.735904,16.559275,16.336956,15.006645,14.903657,15.215979,14.988633,17.574627,17.317104,16.648724,16.434887,15.011442,14.992201,0.0,0.0,0.0,0.0,0.0,0.0,0.0,0.0
17730,2023.0,5.0,4.0,3.0,16.856062,16.802351,15.4787,15.247981,16.650848,16.367346,16.508743,16.291292,15.003807,14.908168,15.151736,14.928604,17.53273,17.277514,16.59616,16.38481,15.006406,14.993117,0.0,0.0,0.0,0.0,0.0,0.0,0.0,0.0
17731,2023.0,5.0,4.0,3.0,16.807144,16.753504,15.444961,15.214639,16.71497,16.475782,16.45554,16.238289,15.008805,14.930731,15.094674,14.870926,17.490313,17.235662,16.54335,16.332466,15.01344,15.020516,0.0,0.0,0.0,0.0,0.0,0.0,0.0,0.0
17732,2023.0,5.0,4.0,3.0,16.767666,16.7217,15.41533,15.188795,16.678709,16.443981,16.408728,16.196106,15.004509,14.930661,15.364991,15.424336,17.451303,17.199276,16.494526,16.28622,15.006155,15.015166,0.0,0.0,0.0,0.0,4.0,0.0,0.0,0.0
17733,2023.0,5.0,4.0,3.0,16.73736,16.706549,15.386566,15.163416,16.63641,16.406546,16.363726,16.155457,15.470269,15.812575,15.475796,15.545667,17.413725,17.16467,16.447672,16.242353,15.0085335,15.030086,0.0,0.0,0.0,4.0,4.0,0.0,0.0,0.0
17734,2023.0,5.0,4.0,3.0,16.702074,16.674578,15.357653,15.136518,16.592161,16.365355,16.318634,16.112902,15.085053,14.918209,15.509201,15.584494,17.375963,17.128801,16.40092,16.197386,15.0083685,15.039681,0.0,0.0,0.0,0.0,4.0,0.0,0.0,0.0
17735,2023.0,5.0,4.0,3.0,16.663132,16.63731,15.329407,15.110158,16.548449,16.324514,16.274895,16.071556,15.015185,14.942092,14.94117,14.606844,17.338743,17.09329,16.35534,16.153605,15.00877,15.049649,0.0,0.0,0.0,0.0,0.0,0.0,0.0,0.0
17736,2023.0,5.0,4.0,4.0,16.625113,16.601717,15.301715,15.085297,16.506504,16.28631,16.23307,16.033169,15.453285,15.77981,15.028553,14.809067,17.303074,17.060305,17.342579,18.05169,15.51623,16.005358,0.0,0.0,0.0,4.0,0.0,0.0,4.0,4.0
17737,2023.0,5.0,4.0,4.0,16.58594,16.562685,15.27227,15.056775,16.46403,16.2449,16.190422,15.991507,15.429739,15.53706,15.000689,14.805736,17.266119,17.02408,16.52007,16.136543,14.998097,14.978832,0.0,0.0,0.0,4.0,0.0,0.0,0.0,0.0
17738,2023.0,5.0,4.0,4.0,16.545172,16.520006,15.24081,15.024539,16.419714,16.199615,16.146,15.9460125,14.945227,14.762766,15.006918,14.852983,17.227568,16.984652,16.051151,15.591201,15.282581,15.544525,0.0,0.0,0.0,0.0,0.0,0.0,0.0,4.0
17739,2023.0,5.0,4.0,4.0,16.501493,16.471601,15.21052,14.994719,16.377266,16.158056,16.104046,15.904572,15.027125,14.939862,15.006093,14.879712,17.190508,16.947968,15.927005,15.468408,14.9589615,14.907228,0.0,0.0,0.0,0.0,0.0,0.0,0.0,0.0
17740,2023.0,5.0,4.0,4.0,16.452858,16.415697,15.179572,14.963502,16.334055,16.11491,16.061604,15.861849,15.014303,14.932022,15.006979,14.9034195,17.153414,16.910873,16.085375,15.880623,15.0278225,15.056678,0.0,0.0,0.0,0.0,0.0,0.0,0.0,0.0
17741,2023.0,5.0,4.0,4.0,16.419989,16.390377,15.149431,14.933764,16.292173,16.073969,16.020502,15.82136,15.007343,14.951032,15.007172,14.921567,17.116999,16.87481,16.107733,15.908487,15.315463,15.588111,0.0,0.0,0.0,0.0,0.0,0.0,0.0,4.0
17742,2023.0,5.0,4.0,5.0,16.393873,16.37441,15.12019,14.905641,16.251696,16.035261,15.9810505,15.783251,15.008108,14.976487,15.007295,14.937629,17.081694,16.840635,16.074423,15.876842,14.952333,14.910353,0.0,0.0,0.0,0.0,0.0,0.0,0.0,0.0
17743,2023.0,5.0,4.0,5.0,16.359001,16.34042,15.091657,14.878685,16.211508,15.996561,15.941823,15.745216,15.01238,15.006093,15.012042,14.962401,17.04736,16.807993,16.034435,15.83852,15.033986,15.096737,0.0,0.0,0.0,0.0,0.0,0.0,0.0,0.0
17744,2023.0,5.0,4.0,5.0,16.326,16.310547,15.068343,14.8611,16.17769,15.969362,15.908794,15.718444,15.007256,15.008429,15.006412,14.961147,17.800604,18.263727,15.997412,15.805963,15.004631,15.052401,0.0,0.0,0.0,0.0,0.0,4.0,0.0,0.0
17745,2023.0,5.0,4.0,5.0,16.289454,16.273342,15.041404,14.835519,16.139524,15.93186,15.870953,15.681259,15.014983,15.03838,15.013501,14.987745,18.167212,18.722002,15.957584,15.766928,15.018402,15.105339,0.0,0.0,0.0,0.0,0.0,4.0,0.0,0.0
17746,2023.0,5.0,4.0,5.0,16.257992,16.245184,15.019295,14.819093,16.108025,15.906683,15.839402,15.656048,15.007258,15.031718,15.00675,14.982088,17.178059,16.726393,15.922637,15.736619,15.009163,15.098941,0.0,0.0,0.0,0.0,0.0,0.0,0.0,0.0
17747,2023.0,5.0,4.0,5.0,16.223549,16.21142,14.999861,14.807844,16.073997,15.876051,15.805455,15.625366,15.0090065,15.044715,15.008416,14.994238,16.766521,16.245596,16.936852,17.678991,15.0113,15.116636,0.0,0.0,0.0,0.0,0.0,0.0,4.0,0.0
17748,2023.0,5.0,4.0,6.0,16.970325,17.644716,15.002092,14.832836,16.041012,15.846264,15.772113,15.595362,15.008937,15.052633,15.008241,15.0017,16.662086,16.146755,16.141459,15.805203,15.011203,15.127262,0.0,0.0,0.0,0.0,0.0,0.0,0.0,0.0
17749,2023.0,5.0,4.0,6.0,21.048922,24.489367,15.002071,14.850933,20.953594,24.456991,20.848001,24.465828,15.009132,15.059146,15.122184,15.214158,20.547728,22.836899,20.946692,24.101004,15.0112915,15.1361265,0.0,0.0,0.0,0.0,4.0,0.0,0.0,0.0
17750,2023.0,5.0,4.0,6.0,21.139076,24.066292,15.524972,15.513433,21.195074,24.18187,21.158682,24.329147,15.546206,15.738973,20.080889,23.623154,21.57049,24.429,21.72492,25.108297,15.490164,16.034864,0.0,0.0,0.0,0.0,0.0,0.0,0.0,4.0
17751,2023.0,5.0,4.0,6.0,21.058895,23.604992,16.138632,16.538551,21.000021,23.499609,21.024313,23.726221,16.116997,16.633217,17.778875,18.518242,21.876783,24.569012,21.391289,23.953602,20.423328,24.490788,4.0,0.0,0.0,4.0,4.0,0.0,0.0,4.0
17752,2023.0,5.0,4.0,6.0,21.63379,24.243887,20.205692,23.618025,21.851593,24.631868,21.752518,24.63736,20.276043,23.91279,20.196398,23.289074,21.559082,23.62304,21.81761,24.316252,20.50524,23.887207,4.0,0.0,0.0,0.0,0.0,0.0,0.0,4.0
17753,2023.0,5.0,4.0,6.0,22.033236,24.741173,20.01853,22.784271,21.891926,24.423618,21.899635,24.553293,17.460121,17.835478,17.8221,18.20632,21.59019,23.496435,22.1026,24.956766,19.988874,22.586529,0.0,0.0,0.0,0.0,0.0,4.0,0.0,4.0
17754,2023.0,5.0,4.0,7.0,21.080004,23.077034,17.4291,17.456934,20.930046,22.608574,21.075516,23.129839,15.924137,15.796924,16.6449,16.757202,20.966839,22.244938,20.919102,22.563354,20.115313,22.607521,0.0,0.0,0.0,0.0,4.0,0.0,0.0,0.0
17755,2023.0,5.0,4.0,7.0,21.1579,23.16669,16.435041,16.368841,21.184412,23.101082,21.159664,23.238018,16.441471,17.018253,20.33487,23.242468,21.137638,22.54473,21.25552,23.185547,17.4935,17.360262,4.0,0.0,0.0,4.0,0.0,0.0,4.0,0.0
17756,2023.0,5.0,4.0,7.0,21.913519,24.210794,20.197788,23.125586,21.837822,24.047693,21.71938,24.022432,20.37839,23.701641,18.283112,18.864895,21.502977,23.04557,21.873772,24.07451,16.244818,15.85843,0.0,4.0,4.0,4.0,4.0,4.0,4.0,0.0
17757,2023.0,5.0,4.0,7.0,20.902037,22.383873,17.943398,18.255949,20.929714,22.36549,20.928316,22.526815,20.093916,22.716341,20.300726,22.896042,20.958479,22.006336,20.894173,22.219309,17.117102,17.862011,4.0,4.0,4.0,4.0,4.0,0.0,0.0,4.0
17758,2023.0,5.0,4.0,7.0,21.682251,23.737782,20.30727,22.960098,21.196697,22.894806,21.187443,23.024189,20.076721,22.383417,20.038948,22.08912,21.660591,23.175224,21.214577,22.874317,21.768482,25.694187,4.0,4.0,4.0,4.0,4.0,4.0,0.0,4.0
17759,2023.0,5.0,4.0,7.0,21.981537,24.166986,20.042778,22.17841,21.057095,22.607079,21.086687,22.820086,20.065765,22.154453,20.0789,21.964663,21.745277,23.248348,21.073217,22.586405,21.253216,24.184023,0.0,4.0,0.0,4.0,4.0,0.0,0.0,0.0
17760,2023.0,5.0,4.0,8.0,21.060469,22.633438,18.182703,18.410755,21.084581,22.670849,21.059027,22.719475,20.091461,22.075926,20.069656,21.79755,21.055113,22.088017,21.036947,22.477839,18.4158,18.409702,4.0,0.0,4.0,0.0,4.0,0.0,4.0,0.0
17761,2023.0,5.0,4.0,8.0,19.806782,20.230537,20.252901,22.628056,19.707441,19.985943,19.097637,18.970858,18.52082,18.904142,20.067879,21.685266,19.578156,19.269644,19.997162,20.481018,17.762465,18.20641,0.0,4.0,0.0,4.0,4.0,0.0,4.0,4.0
17762,2023.0,5.0,4.0,8.0,19.199665,19.572382,18.358347,18.663176,19.004232,19.166054,17.980038,17.571169,20.31682,22.489302,20.0808,21.6433,19.065598,18.841047,18.668547,18.367527,21.56649,24.746181,4.0,4.0,0.0,0.0,0.0,0.0,0.0,4.0
17763,2023.0,5.0,4.0,8.0,18.988022,19.384954,20.242588,22.548527,18.782759,18.964512,18.238718,18.383215,18.613708,19.04714,18.297173,18.162994,18.898727,18.703934,18.045908,17.666039,20.008005,21.880753,4.0,4.0,4.0,4.0,0.0,0.0,0.0,0.0
17764,2023.0,5.0,4.0,8.0,18.841953,19.275232,20.049961,21.964817,18.01689,17.694681,18.312862,18.55674,20.346981,22.474684,17.45012,17.244125,18.725897,18.541847,17.754307,17.388493,17.985981,17.92417,0.0,0.0,4.0,0.0,0.0,0.0,0.0,0.0
17765,2023.0,5.0,4.0,8.0,18.727821,19.188173,18.156158,18.207624,17.563494,17.171795,18.223017,18.496307,18.166218,18.156664,17.578812,17.716988,18.580378,18.405962,18.557981,19.10669,17.819527,18.300407,0.0,0.0,4.0,0.0,4.0,0.0,4.0,4.0
17766,2023.0,5.0,4.0,9.0,18.654245,19.132835,17.908117,18.150034,18.045977,18.239494,17.535109,17.288408,17.302858,16.960333,20.246296,22.510427,19.26206,19.792511,17.835226,17.627832,21.384237,24.72291,4.0,4.0,0.0,0.0,0.0,4.0,0.0,0.0
17767,2023.0,5.0,4.0,9.0,18.57865,19.081911,20.23019,22.425629,17.586496,17.341354,17.129957,16.808416,17.099157,16.920221,18.448042,18.735268,18.594563,18.353176,17.377699,17.087488,18.016422,18.054718,0.0,0.0,0.0,0.0,0.0,0.0,0.0,0.0
17768,2023.0,5.0,4.0,9.0,17.89077,17.874247,18.816473,19.46027,17.877804,18.133488,16.957874,16.65263,16.926815,16.780067,17.342583,17.223772,18.171204,17.830225,17.215666,16.932123,16.90572,16.667574,4.0,4.0,0.0,0.0,0.0,0.0,0.0,0.0
17769,2023.0,5.0,4.0,9.0,17.553383,17.431173,20.21945,22.17093,17.386797,17.19717,16.998512,16.860413,16.780851,16.63993,17.09626,16.938335,18.82564,19.165756,17.247358,17.099699,16.74603,16.602861,0.0,0.0,0.0,0.0,0.0,4.0,0.0,0.0
17770,2023.0,5.0,4.0,9.0,18.08188,18.59261,18.397453,18.522295,17.046911,16.778751,16.9671,16.874239,16.634518,16.504978,16.942665,16.796736,19.090693,19.494453,17.220669,17.098282,16.59815,16.47972,0.0,0.0,0.0,0.0,0.0,4.0,0.0,0.0
17771,2023.0,5.0,4.0,9.0,17.57753,17.60485,17.683643,17.581743,16.943419,16.68653,16.895184,16.81328,16.530153,16.403555,16.840397,16.695734,18.40732,18.17913,17.166319,17.049305,16.470709,16.354897,0.0,0.0,0.0,0.0,0.0,0.0,0.0,0.0
17772,2023.0,5.0,4.0,10.0,18.038427,18.616161,17.443802,17.36096,16.99345,16.884611,17.553799,18.123268,16.44111,16.32205,16.753965,16.616507,18.941383,19.327568,17.113653,17.001541,16.359182,16.250357,0.0,0.0,4.0,0.0,0.0,4.0,0.0,0.0
17773,2023.0,5.0,4.0,10.0,18.14952,18.770033,17.24016,17.163937,16.972103,16.8985,17.104212,17.17877,16.365234,16.251295,16.680523,16.547884,18.389488,18.194582,17.066841,16.958136,16.264606,16.160202,0.0,0.0,0.0,0.0,0.0,0.0,0.0,0.0
17774,2023.0,5.0,4.0,10.0,17.519884,17.59462,17.0757,17.008665,16.920116,16.857496,17.427067,17.876274,17.07507,17.651226,16.61837,16.490988,18.934557,19.343325,17.02594,16.920721,16.184635,16.085333,0.0,0.0,4.0,4.0,0.0,4.0,0.0,0.0
17775,2023.0,5.0,4.0,10.0,17.253643,17.239506,16.936512,16.879929,16.86973,16.816784,17.539143,18.031235,20.292244,23.175186,16.566277,16.443645,19.134003,19.617374,16.99063,16.888624,16.11725,16.022762,0.0,0.0,4.0,0.0,0.0,4.0,0.0,0.0
17776,2023.0,5.0,4.0,10.0,17.136303,17.142735,16.793383,16.747534,16.81597,16.772068,16.976898,16.97198,18.51666,19.221054,16.513329,16.395336,18.50484,18.38161,16.955412,16.856173,16.049421,15.959216,0.0,0.0,0.0,4.0,0.0,0.0,0.0,0.0
17777,2023.0,5.0,4.0,10.0,17.0667,17.08874,16.689981,16.648989,16.772179,16.735537,16.709146,16.595789,20.321947,22.462805,16.477753,16.36169,18.997515,19.417337,18.013206,18.878284,16.002153,15.913974,0.0,0.0,0.0,4.0,0.0,4.0,4.0,0.0
17778,2023.0,5.0,4.0,11.0,17.86326,18.66714,16.582796,16.551214,16.72744,16.698189,16.5943,16.4895,20.046612,21.886362,16.44181,16.329357,19.275686,19.793125,17.407743,17.38682,15.95383,15.868827,0.0,0.0,0.0,0.0,0.0,4.0,0.0,0.0
17779,2023.0,5.0,4.0,11.0,17.417763,17.600197,16.487059,16.46332,16.685686,16.663033,16.580359,16.55095,18.336088,18.465212,16.411085,16.301144,19.34533,19.87427,17.015308,16.87452,15.911819,15.829274,0.0,0.0,0.0,0.0,0.0,4.0,0.0,0.0
17780,2023.0,5.0,4.0,11.0,17.142693,17.20657,16.415545,16.396006,16.650856,16.6334,16.550161,16.541124,18.310036,18.721413,16.39072,16.2819,18.610332,18.451643,16.931795,16.780323,15.881635,15.800073,0.0,0.0,0.0,4.0,0.0,0.0,0.0,0.0
17781,2023.0,5.0,4.0,11.0,17.049734,17.114168,16.812145,17.199835,16.618412,16.607557,16.506096,16.505135,20.232965,22.213205,16.374195,16.267925,18.384808,18.15227,16.896704,16.752628,15.8556795,15.776546,4.0,0.0,0.0,0.0,0.0,0.0,0.0,0.0
17782,2023.0,5.0,4.0,11.0,17.046038,17.1874,20.269464,23.161428,17.30075,17.923006,17.181217,17.818487,19.057344,19.70695,16.358429,16.254774,19.066795,19.520258,16.906176,16.808252,15.829714,15.752872,0.0,4.0,4.0,4.0,0.0,4.0,0.0,0.0
17783,2023.0,5.0,4.0,11.0,17.028116,17.190868,18.29398,18.885662,16.990015,17.135004,16.85121,16.998558,20.212162,22.087055,16.35033,16.249176,19.380127,19.939358,16.900696,16.810984,15.807874,15.733117,0.0,0.0,0.0,0.0,0.0,4.0,0.0,0.0
17784,2023.0,5.0,4.0,12.0,16.985512,17.151484,17.055744,17.16837,16.652155,16.650803,16.509447,16.521841,19.125952,19.783777,16.345457,16.247442,18.705765,18.608522,16.883575,16.796778,15.7894745,15.716941,0.0,0.0,0.0,4.0,0.0,0.0,0.0,0.0
17785,2023.0,5.0,4.0,12.0,21.28292,24.77195,16.800016,16.827965,21.19999,24.68786,21.290306,24.967268,20.153765,21.740278,16.34229,16.245857,21.337593,23.297075,21.511608,24.816336,15.774936,15.70311,0.0,0.0,4.0,4.0,0.0,0.0,0.0,0.0
17786,2023.0,5.0,4.0,12.0,21.007315,23.74606,16.642939,16.662167,20.983597,23.732807,21.002398,23.866575,20.045664,21.487463,16.338531,16.243647,21.024134,22.565899,21.002892,23.526323,15.762711,15.692113,0.0,4.0,4.0,0.0,0.0,0.0,0.0,0.0
17787,2023.0,5.0,4.0,12.0,21.050117,23.512781,16.530264,16.552107,21.071009,23.563536,21.096119,23.729162,18.66884,18.78572,16.336315,16.243126,21.024214,22.390198,21.072084,23.356245,15.756902,15.688455,0.0,4.0,0.0,0.0,0.0,4.0,0.0,0.0
17788,2023.0,5.0,4.0,12.0,21.067068,23.3728,16.43301,16.453453,21.053682,23.305824,21.075796,23.458702,17.840078,17.664194,16.33586,16.244625,21.051779,22.355371,21.056509,23.11042,15.756518,15.690628,0.0,4.0,0.0,0.0,0.0,0.0,0.0,0.0
17789,2023.0,5.0,4.0,12.0,21.071836,23.224997,16.357016,16.383268,21.055988,23.151558,21.055292,23.234285,18.422237,18.998287,16.336384,16.247274,21.045433,22.254547,21.021421,22.855642,15.759034,15.695855,0.0,4.0,4.0,4.0,0.0,0.0,4.0,0.0
17790,2023.0,5.0,4.0,13.0,21.069342,23.106937,16.755714,17.190153,21.077831,23.099106,21.081915,23.192505,20.1786,21.989988,16.337593,16.250854,21.015156,22.108784,21.071962,22.862198,15.763161,15.70282,4.0,0.0,0.0,4.0,0.0,4.0,0.0,0.0
17791,2023.0,5.0,4.0,13.0,21.722837,24.079943,20.30735,23.303453,21.157135,23.164848,21.157038,23.25303,20.040184,21.57557,16.338728,16.25365,21.693184,23.182058,21.182568,22.986553,16.813284,17.691444,0.0,0.0,0.0,0.0,0.0,4.0,0.0,4.0
17792,2023.0,5.0,4.0,13.0,21.036703,22.854048,18.261314,18.869253,21.045408,22.846848,21.06515,23.012352,18.654394,18.796282,16.343409,16.259201,20.97232,21.86303,21.060247,22.662249,20.362759,23.603949,0.0,4.0,0.0,0.0,0.0,0.0,0.0,0.0
17793,2023.0,5.0,4.0,13.0,21.060661,22.875292,17.007954,17.131828,21.073404,22.869448,21.064817,22.965008,17.874207,17.750696,16.348097,16.26547,21.048485,22.01053,21.052856,22.600615,17.846315,18.197483,0.0,0.0,0.0,0.0,0.0,0.0,0.0,0.0
17794,2023.0,5.0,4.0,13.0,21.057032,22.843878,16.72263,16.77495,21.041796,22.740448,21.063478,22.922756,18.443003,19.03263,16.35163,16.270674,21.009136,21.903215,21.052382,22.55987,16.659286,16.607931,0.0,4.0,0.0,4.0,0.0,4.0,0.0,0.0
17795,2023.0,5.0,4.0,13.0,21.0563,22.8207,16.581467,16.624804,21.046618,22.715822,21.062778,22.887785,20.20638,22.052319,16.353632,16.274225,21.044922,21.99006,21.051544,22.524538,16.44556,16.38083,0.0,4.0,0.0,0.0,0.0,0.0,0.0,0.0
17796,2023.0,5.0,4.0,14.0,21.055502,22.798033,16.941486,17.385307,21.069582,22.752539,21.061935,22.857264,18.654795,18.836985,16.354582,16.276827,21.038727,21.964575,21.0509,22.494213,16.349562,16.283855,4.0,0.0,0.0,0.0,0.0,0.0,0.0,0.0
17797,2023.0,5.0,4.0,14.0,19.636335,20.050303,20.311438,23.20526,19.510178,19.73025,19.499992,19.830626,17.840284,17.75238,16.354265,16.277435,20.056765,20.065144,19.701445,19.870575,16.281406,16.21904,0.0,0.0,0.0,0.0,0.0,0.0,0.0,0.0
17798,2023.0,5.0,4.0,14.0,19.510056,20.319485,18.338139,18.948458,19.21418,19.717356,18.55531,18.622498,17.634987,17.544895,16.355677,16.279158,19.58882,19.487139,18.903513,18.815084,16.22362,16.16271,0.0,4.0,0.0,0.0,0.0,0.0,0.0,0.0
17799,2023.0,5.0,4.0,14.0,18.880957,19.160166,17.35589,17.428495,18.625687,18.685709,18.257732,18.274563,17.53362,17.441204,16.358747,16.283276,19.444227,19.326937,18.662355,18.552843,16.181099,16.120073,0.0,0.0,0.0,0.0,0.0,0.0,0.0,0.0
17800,2023.0,5.0,4.0,14.0,18.458017,18.562641,17.10503,17.141882,18.260187,18.20113,18.765059,19.403814,17.444664,17.35372,16.359705,16.285627,19.335936,19.21891,18.501081,18.394777,16.141516,16.081844,0.0,0.0,4.0,0.0,0.0,0.0,0.0,0.0
17801,2023.0,5.0,4.0,14.0,18.259108,18.356735,16.945883,16.980972,18.06937,18.007034,18.82698,19.496136,17.366734,17.278437,16.357004,16.284426,20.024637,20.61213,18.36386,18.261648,16.10592,16.048054,0.0,0.0,4.0,0.0,0.0,4.0,0.0,0.0
17802,2023.0,5.0,4.0,15.0,18.161858,18.315708,16.824787,16.859272,18.6605,19.258043,18.12962,18.222198,17.29496,17.20959,16.351326,16.280432,19.365795,19.27143,18.243174,18.145138,16.073044,16.017227,0.0,4.0,0.0,0.0,0.0,0.0,0.0,0.0
17803,2023.0,5.0,4.0,15.0,18.05227,18.214193,16.721918,16.753822,18.134825,18.213888,17.787523,17.763073,17.226524,17.142067,16.341663,16.271177,19.094326,18.903008,18.133432,18.037086,16.040846,15.9856825,0.0,0.0,0.0,0.0,0.0,0.0,0.0,0.0
17804,2023.0,5.0,4.0,15.0,17.94505,18.1068,16.634024,16.663864,18.506046,19.058434,17.619621,17.588087,17.162487,17.079203,16.32907,16.258932,18.994583,18.8035,18.035032,17.940826,16.00949,15.955093,0.0,4.0,0.0,0.0,0.0,0.0,0.0,0.0
17805,2023.0,5.0,4.0,15.0,18.602388,19.427675,16.55956,16.590073,18.575516,19.150908,18.161955,18.716908,17.104177,17.023829,16.314829,16.245626,19.764282,20.350906,17.948269,17.858553,15.979709,15.926943,0.0,4.0,4.0,0.0,0.0,4.0,0.0,0.0
17806,2023.0,5.0,4.0,15.0,18.03579,18.251415,16.491613,16.520819,18.559074,19.128666,17.683054,17.762173,17.807575,18.401274,16.298737,16.230354,19.192598,19.155445,17.867582,17.780354,15.950379,15.898666,0.0,4.0,0.0,4.0,0.0,0.0,0.0,0.0
17807,2023.0,5.0,4.0,15.0,18.461334,19.181023,16.43199,16.461203,17.975035,18.053535,17.415886,17.39589,20.28822,22.666128,16.281656,16.21462,18.915071,18.738344,17.795044,17.711586,15.92282,15.872788,0.0,0.0,0.0,0.0,0.0,0.0,0.0,0.0
17808,2023.0,5.0,4.0,16.0,18.015682,18.22703,16.36928,16.398453,18.254955,18.78047,17.27247,17.246292,18.420864,18.680197,16.261873,16.196402,18.789627,18.604715,17.717833,17.637861,15.892733,15.844411,0.0,4.0,0.0,0.0,0.0,0.0,0.0,0.0
17809,2023.0,5.0,4.0,16.0,17.742773,17.846561,16.322203,16.349823,17.795128,17.869928,17.928339,18.56016,17.69472,17.578787,16.243025,16.179867,18.786407,18.674452,18.726997,19.60227,15.8668165,15.82041,0.0,0.0,4.0,0.0,0.0,0.0,4.0,0.0
17810,2023.0,5.0,4.0,16.0,18.348438,19.075542,16.279444,16.307577,18.186935,18.720291,18.114222,18.795572,17.533157,17.442467,16.223986,16.163652,19.550966,20.1713,18.006151,18.036064,15.841939,15.797963,0.0,4.0,4.0,0.0,0.0,4.0,0.0,0.0
17811,2023.0,5.0,4.0,16.0,17.848904,18.044603,16.240906,16.269297,17.718151,17.782652,17.470255,17.549671,17.414944,17.332138,16.204746,16.147293,18.957064,18.919912,17.693434,17.582066,15.818806,15.777265,0.0,0.0,0.0,0.0,0.0,0.0,0.0,0.0
17812,2023.0,5.0,4.0,16.0,17.596756,17.686342,16.202421,16.228113,17.439419,17.374422,17.191055,17.15407,17.307613,17.222746,16.184097,16.128273,18.683601,18.503191,17.583555,17.463835,15.795889,15.755761,0.0,0.0,0.0,0.0,0.0,0.0,0.0,0.0
17813,2023.0,5.0,4.0,16.0,18.325315,19.143253,16.173674,16.203415,18.02138,18.549896,17.101465,17.077412,17.227722,17.154486,16.166288,16.114777,18.608232,18.437494,18.63004,19.516804,15.776051,15.739628,0.0,4.0,0.0,0.0,0.0,0.0,4.0,0.0
17814,2023.0,5.0,4.0,17.0,17.799852,18.020054,16.143856,16.174088,17.596418,17.67288,17.02328,17.00166,17.151339,17.08239,16.147177,16.098265,19.408085,20.02407,17.915089,17.95321,15.755411,15.721141,0.0,0.0,0.0,0.0,0.0,4.0,0.0,0.0
17815,2023.0,5.0,4.0,17.0,18.259964,18.999464,16.115828,16.146044,17.341501,17.296886,17.723928,18.38184,17.082954,17.017344,16.528446,16.83272,18.833122,18.795721,17.60174,17.496317,15.735214,15.702531,0.0,0.0,4.0,0.0,4.0,0.0,0.0,0.0
17816,2023.0,5.0,4.0,17.0,17.766405,17.98078,16.090458,16.12114,17.912306,18.437346,17.249004,17.35301,17.022648,16.961277,20.213142,23.170652,19.331356,19.836628,17.502733,17.394627,15.716413,15.6854515,0.0,4.0,0.0,0.0,0.0,4.0,0.0,0.0
17817,2023.0,5.0,4.0,17.0,17.460714,17.585966,16.065569,16.09555,18.141243,18.711948,16.92129,16.917944,17.700335,18.2968,18.257864,18.84351,18.878052,18.83719,17.424429,17.31937,15.696467,15.667108,0.0,4.0,0.0,4.0,0.0,0.0,0.0,0.0
17818,2023.0,5.0,4.0,17.0,18.089367,18.822775,16.047298,16.075294,18.170158,18.73695,16.84433,16.826103,20.303509,22.777082,17.268932,17.244514,18.625807,18.464111,18.481253,19.372532,15.679295,15.651054,0.0,4.0,0.0,0.0,0.0,0.0,4.0,0.0
17819,2023.0,5.0,4.0,17.0,18.320377,19.065943,16.028292,16.055372,18.194347,18.75797,16.822891,16.839256,18.356583,18.616348,16.992744,16.935516,18.521091,18.356497,17.893835,17.928158,15.661598,15.634613,0.0,4.0,0.0,0.0,0.0,0.0,0.0,0.0
17820,2023.0,5.0,4.0,18.0,18.362497,19.1035,16.0114,16.036121,18.210974,18.772842,16.794271,16.815855,17.600441,17.464628,16.853662,16.779505,18.541124,18.461798,17.565687,17.452202,15.64575,15.618789,0.0,4.0,0.0,0.0,0.0,0.0,0.0,0.0
17821,2023.0,5.0,4.0,18.0,21.271269,24.158304,15.996982,16.022236,21.30598,24.145523,21.16596,24.541807,17.476725,17.40017,16.763048,16.69808,21.509212,23.756578,21.72144,24.788527,15.632112,15.606504,0.0,4.0,0.0,0.0,0.0,0.0,0.0,0.0
17822,2023.0,5.0,4.0,18.0,21.021986,23.330606,16.475286,16.933357,21.004593,23.217354,20.982021,23.649399,17.353415,17.283955,16.668541,16.606102,21.01553,22.607357,21.01038,23.146008,15.619948,15.594923,4.0,4.0,4.0,0.0,0.0,0.0,0.0,0.0
17823,2023.0,5.0,4.0,18.0,22.054638,24.74353,20.235802,23.337543,21.153456,23.29071,21.15287,23.690428,17.248987,17.185081,16.59008,16.531103,21.76102,23.62707,21.17721,23.252558,15.613358,15.589831,0.0,4.0,0.0,0.0,0.0,0.0,0.0,0.0
17824,2023.0,5.0,4.0,18.0,20.896955,22.540646,18.475792,19.36587,21.04814,22.922876,21.07597,23.300282,17.16681,17.10658,16.528696,16.473873,20.943047,22.022295,21.017464,22.743542,15.610914,15.588976,4.0,4.0,0.0,0.0,0.0,0.0,4.0,0.0
17825,2023.0,5.0,4.0,18.0,21.240965,23.173273,20.283594,22.925865,21.047363,22.809948,21.074408,23.132978,17.899628,18.5583,16.477554,16.425974,21.166965,22.427492,21.069998,22.752928,15.610508,15.5904,4.0,4.0,0.0,4.0,0.0,0.0,0.0,0.0
17826,2023.0,5.0,4.0,19.0,21.038849,22.71762,20.019444,22.113535,21.045628,22.723017,21.062567,23.00932,20.293192,22.564684,16.858578,17.185041,21.036142,22.125023,21.05934,22.635847,15.610676,15.5925,4.0,4.0,0.0,0.0,4.0,0.0,0.0,0.0
17827,2023.0,5.0,4.0,19.0,21.06662,22.7535,20.060001,21.99573,21.06906,22.723694,21.038458,22.86474,18.401037,18.55975,20.324812,23.132673,21.038017,22.098307,21.059204,22.561134,15.609561,15.592304,4.0,0.0,4.0,0.0,0.0,0.0,0.0,0.0
17828,2023.0,5.0,4.0,19.0,21.034035,22.628817,20.05214,21.837133,21.038357,22.585043,21.051775,22.815695,17.485249,17.36611,18.351936,18.830503,21.037193,22.071932,21.058285,22.501688,15.607341,15.590992,4.0,4.0,4.0,0.0,0.0,0.0,0.0,0.0
17829,2023.0,5.0,4.0,19.0,21.039543,22.6095,20.068237,21.77657,21.042772,22.550861,21.048859,22.752815,18.160116,18.820105,17.183908,17.19241,21.007,21.97337,21.049252,22.454575,15.604081,15.588745,0.0,4.0,4.0,4.0,0.0,4.0,0.0,0.0
17830,2023.0,5.0,4.0,19.0,21.037916,22.581797,18.516376,18.713902,21.041666,22.514057,21.072886,22.773499,20.263334,22.333118,17.33239,17.63133,21.05023,22.054193,21.050186,22.431358,15.599511,15.585425,0.0,4.0,0.0,0.0,4.0,0.0,0.0,0.0
17831,2023.0,5.0,4.0,19.0,21.063847,22.629578,18.001923,18.27624,21.041176,22.483458,21.042551,22.648905,18.465317,18.570683,20.329937,22.801218,21.043663,22.015398,21.010519,22.30393,15.593713,15.580792,4.0,4.0,4.0,0.0,0.0,0.0,4.0,0.0
17832,2023.0,5.0,4.0,20.0,21.031584,22.517717,20.26626,22.32785,21.040604,22.455963,21.071648,22.69129,17.580032,17.435755,18.478525,18.880295,21.044147,21.994844,21.065363,22.415134,15.587229,15.575435,4.0,4.0,0.0,0.0,0.0,0.0,0.0,0.0
17833,2023.0,5.0,4.0,20.0,21.03655,22.508307,20.007381,21.648205,21.039427,22.430002,21.064167,22.641315,17.452248,17.388443,17.379076,17.355766,21.034975,21.975792,21.054121,22.365122,15.579894,15.568682,4.0,4.0,0.0,0.0,0.0,0.0,0.0,0.0
17834,2023.0,5.0,4.0,20.0,21.0364,22.491173,20.052269,21.621252,21.064638,22.477413,21.0653,22.611551,18.16665,18.828192,17.135462,17.082998,21.035873,21.97372,21.056084,22.342546,15.570256,15.556869,4.0,0.0,0.0,4.0,0.0,0.0,0.0,0.0
17835,2023.0,5.0,4.0,20.0,21.03583,22.473995,20.046936,21.531584,21.034145,22.370638,21.05394,22.583052,20.258924,22.320688,16.99057,16.93583,21.035816,21.968632,21.055706,22.319105,15.559915,15.544509,4.0,4.0,0.0,0.0,0.0,0.0,0.0,0.0
17836,2023.0,5.0,4.0,20.0,21.0619,22.52884,20.064163,21.520947,21.039343,22.361956,21.054922,22.575176,18.443495,18.517986,16.879852,16.825947,21.035753,21.962852,21.046724,22.298937,15.54951,15.531889,0.0,4.0,0.0,0.0,0.0,0.0,0.0,0.0
17837,2023.0,5.0,4.0,20.0,21.056232,22.494434,18.960148,19.332819,21.063572,22.413107,21.054441,22.56281,17.559546,17.39731,16.789396,16.740137,21.035692,21.956686,21.047457,22.294594,16.505558,17.343035,4.0,0.0,0.0,0.0,0.0,0.0,0.0,4.0
17838,2023.0,5.0,4.0,21.0,21.216206,22.77318,20.200132,21.889946,21.177694,22.619102,21.189816,22.820557,17.444023,17.373081,16.706917,16.658442,21.163792,22.206999,21.23577,22.664104,20.33078,23.70484,4.0,0.0,0.0,0.0,0.0,0.0,0.0,0.0
17839,2023.0,5.0,4.0,21.0,21.061113,22.464413,20.04252,21.482693,21.057898,22.35423,21.052984,22.528894,17.364393,17.30479,16.631506,16.58363,21.035355,21.94075,21.046476,22.272657,17.602459,17.841845,0.0,0.0,0.0,0.0,0.0,0.0,0.0,0.0
17840,2023.0,5.0,4.0,21.0,21.028944,22.365242,18.625942,18.701927,21.021412,22.26609,21.05307,22.51571,17.269133,17.212517,16.568161,16.523298,21.03558,21.936031,21.046692,22.266169,16.361116,16.265366,0.0,4.0,0.0,0.0,0.0,0.0,0.0,0.0
17841,2023.0,5.0,4.0,21.0,21.067404,22.430971,17.883585,17.819061,21.11605,22.460903,21.10726,22.60619,17.180809,17.121618,16.50101,16.446392,21.072065,22.000456,21.09556,22.35182,16.197962,16.158794,0.0,0.0,0.0,0.0,0.0,0.0,0.0,0.0
17842,2023.0,5.0,4.0,21.0,21.05596,22.418045,18.170412,18.548313,21.046305,22.291258,21.042513,22.464739,17.106972,17.046175,16.445402,16.390493,21.029709,21.909344,20.996794,22.1195,16.11057,16.074553,4.0,0.0,0.0,0.0,0.0,0.0,4.0,0.0
17843,2023.0,5.0,4.0,21.0,21.029745,22.330675,20.248064,22.208305,21.033419,22.227625,21.028313,22.406292,17.765537,18.344465,16.392923,16.336224,21.005852,21.838108,21.024769,22.157011,16.029613,15.993663,0.0,4.0,4.0,4.0,0.0,4.0,4.0,0.0
17844,2023.0,5.0,4.0,22.0,21.061014,22.40348,18.744385,19.079718,21.062395,22.294613,21.057177,22.479053,20.289028,22.580853,16.346067,16.28705,21.04037,21.92891,21.061855,22.247416,16.915562,17.726303,0.0,0.0,0.0,0.0,0.0,0.0,0.0,4.0
17845,2023.0,5.0,4.0,22.0,21.054508,22.37412,17.812733,17.814299,21.05661,22.267843,21.038843,22.387114,18.804243,19.300623,16.304193,16.243334,21.045322,21.910786,21.054134,22.2118,20.361103,23.4837,0.0,0.0,4.0,4.0,0.0,0.0,0.0,0.0
17846,2023.0,5.0,4.0,22.0,21.055176,22.357922,17.540888,17.491163,21.019445,22.183386,21.067348,22.439465,20.282255,22.228523,16.55501,16.74372,21.014328,21.808792,21.054602,22.192497,17.726137,17.882736,0.0,4.0,0.0,0.0,4.0,4.0,0.0,0.0
17847,2023.0,5.0,4.0,22.0,21.01599,22.267878,17.828838,18.16022,21.063667,22.27451,21.03662,22.333399,18.450289,18.431751,20.45202,23.23496,21.049448,21.888496,21.05404,22.173445,16.542814,16.39853,4.0,0.0,4.0,0.0,4.0,0.0,0.0,0.0
17848,2023.0,5.0,4.0,22.0,21.061686,22.362946,20.272568,22.41997,21.055923,22.240887,21.066868,22.395351,17.55453,17.314133,20.007364,22.160625,21.043861,21.861406,21.004019,22.051207,16.395039,16.337622,0.0,0.0,0.0,0.0,0.0,0.0,4.0,0.0
17849,2023.0,5.0,4.0,22.0,21.053843,22.330616,18.456179,18.597782,21.056543,22.224693,21.060614,22.361969,17.472292,17.3726,18.290567,18.583393,21.044142,21.847506,21.023119,22.079052,16.305744,16.256601,0.0,0.0,0.0,0.0,0.0,0.0,4.0,0.0
17850,2023.0,5.0,4.0,23.0,21.053577,22.31471,17.37369,17.110685,21.042799,22.20731,21.060324,22.342398,17.40139,17.317661,17.287767,17.2061,21.032515,21.833984,21.062054,22.177853,16.207848,16.15445,0.0,0.0,0.0,0.0,0.0,0.0,0.0,0.0
17851,2023.0,5.0,4.0,23.0,20.517221,21.264229,17.296045,17.18142,19.938755,20.092138,19.843567,20.014217,17.910849,18.369019,17.062237,16.984005,20.14805,20.137774,19.685207,19.515465,16.130255,16.079506,0.0,0.0,0.0,4.0,0.0,0.0,0.0,0.0
17852,2023.0,5.0,4.0,23.0,19.48924,19.438736,17.249058,17.166643,19.369781,19.276466,19.23652,19.162647,17.479177,17.441898,17.253696,17.444132,19.78491,19.651644,19.132435,18.804552,16.071781,16.017054,0.0,0.0,0.0,0.0,4.0,0.0,0.0,0.0
17853,2023.0,5.0,4.0,23.0,19.0088,18.798092,17.160929,17.075169,19.112207,18.9887,18.959587,18.858734,17.1049,16.859783,16.957954,16.87828,19.616407,19.477482,18.873817,18.539343,16.015348,15.956548,0.0,0.0,0.0,0.0,0.0,0.0,0.0,0.0
17854,2023.0,5.0,4.0,23.0,18.76659,18.541842,17.077301,16.98372,18.919174,18.783236,18.74836,18.634718,16.957504,16.69393,16.794207,16.6963,19.474842,19.33216,18.872105,18.73973,15.963272,15.900224,0.0,0.0,0.0,0.0,0.0,0.0,0.0,0.0
17855,2023.0,5.0,4.0,23.0,18.837042,18.866613,17.007986,16.915573,18.771078,18.640656,18.586721,18.479427,17.025454,16.928963,16.700619,16.600832,19.358479,19.220469,18.757416,18.632763,15.916621,15.851736,0.0,0.0,0.0,0.0,0.0,0.0,0.0,0.0
17856,2023.0,5.0,5.0,0.0,18.74236,18.780945,16.938047,16.840546,18.631708,18.496195,18.435043,18.32242,16.985203,16.885176,16.612011,16.507008,19.244661,19.098019,18.631746,18.508339,15.871489,15.803162,0.0,0.0,0.0,0.0,0.0,0.0,0.0,0.0
17857,2023.0,5.0,5.0,0.0,18.637566,18.679365,16.879967,16.78452,18.515985,18.384434,18.309067,18.200502,16.931961,16.832054,16.537582,16.433119,19.149055,19.003311,18.520552,18.4027,15.8322525,15.763671,0.0,0.0,0.0,0.0,0.0,0.0,0.0,0.0
17858,2023.0,5.0,5.0,0.0,18.548925,18.600702,16.831556,16.742783,18.420443,18.300505,18.205305,18.109087,16.884815,16.787752,16.47498,16.375427,19.067822,18.927317,18.42022,18.305334,16.534063,17.11713,0.0,0.0,0.0,0.0,0.0,0.0,0.0,4.0
17859,2023.0,5.0,5.0,0.0,18.46123,18.515604,16.782345,16.695229,18.326464,18.209423,18.103592,18.010118,16.838043,16.740963,16.413908,16.314413,18.98995,18.84979,18.325535,18.210884,16.029926,15.993998,0.0,0.0,0.0,0.0,0.0,0.0,0.0,0.0
17860,2023.0,5.0,5.0,0.0,18.377289,18.43037,16.73458,16.646914,18.237234,18.119286,18.007545,17.912577,16.793142,16.694489,16.676552,16.856524,18.916704,18.774439,18.237036,18.120096,15.747387,15.561821,0.0,0.0,0.0,0.0,4.0,0.0,0.0,0.0
17861,2023.0,5.0,5.0,0.0,18.307175,18.366167,16.694544,16.610697,18.162989,18.05182,17.927967,17.839828,16.75474,16.657858,16.441301,16.368994,18.854887,18.71573,18.161877,18.048445,16.414505,16.893158,0.0,0.0,0.0,0.0,0.0,0.0,0.0,4.0
17862,2023.0,5.0,5.0,1.0,18.238968,18.299866,16.655064,16.572474,18.090794,17.98212,17.850872,17.764912,16.717495,16.620619,16.321049,16.222382,18.795732,18.656883,18.090229,17.977173,15.8751335,15.715581,0.0,0.0,0.0,0.0,0.0,0.0,0.0,0.0
17863,2023.0,5.0,5.0,1.0,18.923618,19.645506,16.618027,16.536726,18.024015,17.917751,17.779932,17.696012,16.682934,16.586132,16.269897,16.170994,18.74137,18.602852,18.024395,17.911745,16.4339,16.906496,0.0,0.0,0.0,0.0,0.0,0.0,0.0,4.0
17864,2023.0,5.0,5.0,1.0,18.4361,18.602932,16.583015,16.50299,17.961912,17.857937,17.714159,17.6322,16.650894,16.554197,16.224257,16.125427,18.691189,18.553024,17.96354,17.851307,15.89298,15.733524,0.0,0.0,0.0,0.0,0.0,0.0,0.0,0.0
17865,2023.0,5.0,5.0,1.0,17.966555,17.800152,16.548786,16.468998,17.90226,17.798813,17.65122,17.56935,16.620565,16.523268,16.182278,16.082386,18.64354,18.504604,17.905651,17.792538,15.695052,15.500819,0.0,0.0,0.0,0.0,0.0,0.0,0.0,0.0
17866,2023.0,5.0,5.0,1.0,17.814522,17.627737,16.515131,16.434507,17.844942,17.740685,17.590738,17.507658,16.591553,16.493473,16.143078,16.041706,18.598572,18.458628,17.851347,17.737253,15.627342,15.434212,0.0,0.0,0.0,0.0,0.0,0.0,0.0,0.0
17867,2023.0,5.0,5.0,1.0,17.94895,17.991337,16.486893,16.409384,17.796516,17.697151,17.539598,17.46146,16.565445,16.468544,16.41835,16.58847,18.558838,18.42076,17.80312,17.69097,15.696245,15.629263,0.0,0.0,0.0,0.0,4.0,0.0,0.0,0.0
17868,2023.0,5.0,5.0,2.0,17.950727,18.02591,16.458048,16.381521,17.74801,17.65051,17.48839,17.412016,16.539215,16.442488,16.18829,16.093805,18.519804,18.382135,17.75628,17.644598,15.682471,15.612116,0.0,0.0,0.0,0.0,0.0,0.0,0.0,0.0
17869,2023.0,5.0,5.0,2.0,17.920372,18.005558,16.430582,16.354944,17.701172,17.604628,17.439014,17.363283,16.514248,16.418045,16.102465,16.002739,18.482746,18.345564,17.71185,17.600554,15.656901,15.586604,0.0,0.0,0.0,0.0,0.0,0.0,0.0,0.0
17870,2023.0,5.0,5.0,2.0,17.882647,17.970566,16.406301,16.333382,17.659412,17.5663,17.395073,17.322626,16.49158,16.396837,16.068546,15.970668,18.44912,18.313713,17.671326,17.561707,15.634368,15.565178,0.0,0.0,0.0,0.0,0.0,0.0,0.0,0.0
17871,2023.0,5.0,5.0,2.0,17.846533,17.938265,16.384392,16.315517,17.6218,17.53401,17.355541,17.288414,16.470873,16.378307,16.347458,16.522413,18.418411,18.285778,17.63418,17.527245,15.613877,15.546426,0.0,0.0,0.0,0.0,4.0,0.0,0.0,0.0
17872,2023.0,5.0,5.0,2.0,17.809181,17.90142,16.362085,16.295729,17.583963,17.499247,17.315845,17.251644,16.450626,16.359488,16.123577,16.038057,18.38842,18.2575,17.598127,17.492785,15.594394,15.528047,0.0,0.0,0.0,0.0,0.0,0.0,0.0,0.0
17873,2023.0,5.0,5.0,2.0,17.773657,17.867146,16.34078,16.276794,17.547777,17.465996,17.278046,17.216599,16.431515,16.34181,16.351768,16.529528,18.35994,18.230843,17.564022,17.460262,15.576401,15.511173,0.0,0.0,0.0,0.0,4.0,0.0,0.0,0.0
17874,2023.0,5.0,5.0,3.0,17.739525,17.834265,16.32031,16.258614,17.513084,17.434132,17.24191,17.183105,16.413479,16.325212,16.12558,16.044569,18.332989,18.20564,17.531708,17.429525,15.559797,15.495703,0.0,0.0,0.0,0.0,0.0,0.0,0.0,0.0
17875,2023.0,5.0,5.0,3.0,17.7061,17.801514,16.299612,16.239124,17.479113,17.40225,17.206757,17.149912,16.395575,16.307947,16.042334,15.952824,18.306543,18.18017,17.500473,17.399355,16.271765,16.850348,0.0,0.0,0.0,0.0,0.0,0.0,0.0,4.0
17876,2023.0,5.0,5.0,3.0,17.672222,17.767012,16.278013,16.217688,17.444586,17.368296,17.171223,17.114735,16.377298,16.28965,16.008884,15.919375,18.279764,18.15343,17.469172,17.368122,15.797423,15.780482,0.0,0.0,0.0,0.0,0.0,0.0,0.0,0.0
17877,2023.0,5.0,5.0,3.0,17.637625,17.730145,16.25485,16.192917,17.40862,17.330454,17.134443,17.075752,16.358395,16.269838,15.976366,15.884862,18.252281,18.124743,17.437504,17.335306,15.534899,15.361049,0.0,0.0,0.0,0.0,0.0,0.0,0.0,0.0
17878,2023.0,5.0,5.0,3.0,17.60771,17.701689,16.235725,16.175968,17.37862,17.30365,17.103813,17.0482,16.923662,17.347456,15.950962,15.861379,18.22794,18.101946,17.409254,17.308638,15.469233,15.298635,0.0,0.0,0.0,4.0,0.0,0.0,0.0,0.0
17879,2023.0,5.0,5.0,3.0,17.575127,17.666922,16.21318,16.151829,17.34442,17.267601,17.068731,17.011103,17.196527,17.72027,15.923663,15.832394,18.201212,18.074026,17.378939,17.277208,15.53711,15.481963,0.0,0.0,0.0,4.0,0.0,0.0,0.0,0.0
17880,2023.0,5.0,5.0,4.0,17.546934,17.639437,16.194242,16.134424,17.315157,17.240623,17.038643,16.983307,17.102945,17.429468,16.209152,16.38877,18.176931,18.050749,17.351267,17.250532,15.522817,15.4584255,0.0,0.0,0.0,4.0,4.0,0.0,0.0,0.0
17881,2023.0,5.0,5.0,4.0,17.519762,17.612804,16.175163,16.116138,17.285887,17.212854,17.00861,16.95472,16.53123,16.331966,16.00777,15.946024,18.152817,18.027536,17.324072,17.22428,16.23226,16.81012,0.0,0.0,0.0,0.0,0.0,0.0,0.0,4.0
17882,2023.0,5.0,5.0,4.0,17.492496,17.585308,16.155964,16.097046,17.25644,17.183977,16.978674,16.92516,16.335325,16.092646,15.913469,15.8241825,18.12837,18.003372,17.296745,17.197239,15.650149,15.528365,0.0,0.0,0.0,0.0,0.0,0.0,0.0,0.0
17883,2023.0,5.0,5.0,4.0,17.463614,17.554457,16.135118,16.074528,17.22523,17.150854,16.94719,16.89149,16.257555,16.012638,15.882319,15.791105,18.102783,17.976643,17.268566,17.167973,15.454599,15.276645,0.0,0.0,0.0,0.0,0.0,0.0,0.0,0.0
17884,2023.0,5.0,5.0,4.0,17.437443,17.528893,16.117462,16.05834,17.198555,17.12624,16.920258,16.866507,16.346233,16.25069,16.165314,16.345232,18.079702,17.954655,17.242985,17.143412,15.512715,15.448246,0.0,0.0,0.0,0.0,4.0,0.0,0.0,0.0
17885,2023.0,5.0,5.0,4.0,17.409906,17.500433,16.098383,16.039011,17.17028,17.097847,16.891592,16.837626,16.345135,16.256224,15.932907,15.842282,18.055765,17.93062,17.216843,17.117191,15.500304,15.435172,0.0,0.0,0.0,0.0,0.0,0.0,0.0,0.0
17886,2023.0,5.0,5.0,5.0,17.384636,17.47606,16.081108,16.022858,17.144447,17.073816,16.865496,16.81325,16.321817,16.234169,15.867934,15.778904,18.03344,17.909508,17.192478,17.094032,16.20733,16.78491,0.0,0.0,0.0,0.0,0.0,0.0,0.0,4.0
17887,2023.0,5.0,5.0,5.0,17.357325,17.447184,16.061771,16.002447,17.11598,17.04403,16.836855,16.78307,16.296473,16.20783,15.836898,15.746272,18.009546,17.884966,17.166748,17.067669,16.368351,16.89665,0.0,0.0,0.0,0.0,0.0,0.0,0.0,4.0
17888,2023.0,5.0,5.0,5.0,17.333689,17.425,16.045946,15.988845,17.092306,17.023203,16.813454,16.762215,16.856598,17.28095,16.107666,16.275719,17.988546,17.865818,17.143919,17.046547,15.696276,15.557734,0.0,0.0,0.0,4.0,4.0,0.0,0.0,0.0
17889,2023.0,5.0,5.0,5.0,17.309227,17.40058,16.028944,15.972502,17.067188,16.998966,16.788782,16.73804,16.478662,16.4391,15.915498,15.853408,17.966747,17.844717,17.120518,17.02377,16.262054,16.75376,0.0,0.0,0.0,0.0,0.0,0.0,0.0,4.0
17890,2023.0,5.0,5.0,5.0,17.284513,17.374949,16.011536,15.9548855,17.04137,16.972933,16.76352,16.71221,16.20299,15.980322,15.823872,15.73531,17.944532,17.822462,17.096865,17.00003,16.467268,16.993689,0.0,0.0,0.0,0.0,0.0,0.0,0.0,4.0
17891,2023.0,5.0,5.0,5.0,17.262291,17.353912,15.99596,15.940794,17.018253,16.951828,16.741138,16.691442,16.120375,15.892637,15.797087,15.7103615,17.924324,17.80379,17.07531,16.979916,15.794722,15.664667,0.0,0.0,0.0,0.0,0.0,0.0,0.0,0.0
17892,2023.0,5.0,5.0,6.0,17.238316,17.329334,15.979072,15.924078,16.993593,16.92727,16.717257,16.667334,16.203972,16.114235,16.079855,16.262682,17.903257,17.782925,17.053038,16.957771,15.578174,15.391783,0.0,0.0,0.0,0.0,4.0,0.0,0.0,0.0
17893,2023.0,5.0,5.0,6.0,21.319883,24.484335,16.435015,16.790606,21.261908,24.483202,21.1985,24.58005,16.208918,16.12556,20.18226,23.307861,21.255648,23.568764,22.445112,25.952768,15.507078,15.3285885,4.0,0.0,0.0,0.0,0.0,0.0,4.0,0.0
17894,2023.0,5.0,5.0,6.0,21.870264,24.784655,20.301691,23.397453,21.06973,23.603737,21.06394,23.781538,16.196201,16.115105,18.036476,18.546947,21.79935,24.193237,20.951984,23.000788,16.235903,16.762665,0.0,0.0,0.0,0.0,0.0,0.0,4.0,4.0
17895,2023.0,5.0,5.0,6.0,21.036758,23.160694,18.157473,18.698559,21.072144,23.294283,21.077877,23.47323,16.187943,16.10925,16.985056,17.21527,20.947027,22.408567,21.115515,23.10963,20.406595,23.82157,0.0,0.0,0.0,0.0,4.0,0.0,0.0,4.0
17896,2023.0,5.0,5.0,6.0,21.159828,23.263992,16.85319,16.88103,21.150738,23.24245,21.14913,23.390985,16.182955,16.106838,20.327442,23.07916,21.175774,22.724442,21.171501,23.049839,21.168652,24.511583,0.0,0.0,0.0,0.0,4.0,4.0,0.0,4.0
17897,2023.0,5.0,5.0,6.0,21.069874,22.93727,16.59109,16.551058,21.059559,22.911121,21.064045,23.05901,16.18013,16.106575,20.011047,22.076794,21.020134,22.32225,21.027586,22.602354,21.597912,24.696154,0.0,0.0,0.0,0.0,4.0,4.0,4.0,0.0
17898,2023.0,5.0,5.0,7.0,21.04246,22.759703,16.481264,16.436064,21.03499,22.736694,21.039343,22.873957,16.76944,17.218004,20.082174,21.974274,21.062141,22.334536,21.072771,22.6299,18.841278,18.989927,0.0,4.0,4.0,4.0,0.0,0.0,0.0,0.0
17899,2023.0,5.0,5.0,7.0,21.072659,22.76643,16.404036,16.357634,21.038393,22.669695,21.066818,22.865696,20.357353,23.304148,18.275711,18.316992,21.053871,22.241505,21.062843,22.53365,17.296316,17.06327,0.0,4.0,0.0,0.0,0.0,0.0,0.0,0.0
17900,2023.0,5.0,5.0,7.0,21.064291,22.68963,16.343922,16.298717,21.049807,22.61096,21.073524,22.785282,18.132051,18.46944,17.42062,17.312162,21.05283,22.178602,21.023108,22.365437,17.058758,16.953571,0.0,4.0,0.0,0.0,0.0,0.0,4.0,0.0
17901,2023.0,5.0,5.0,7.0,21.063982,22.639097,16.294024,16.250711,21.046398,22.543879,21.070541,22.70918,17.027382,16.98594,17.214357,17.107061,21.02156,22.049976,21.068272,22.441648,17.916048,18.732212,0.0,4.0,0.0,0.0,0.0,4.0,0.0,4.0
17902,2023.0,5.0,5.0,7.0,21.024275,22.525846,16.718023,17.082048,21.070024,22.5629,21.031857,22.584143,17.610456,18.235897,17.058329,16.958105,21.05524,22.105328,21.058727,22.380959,20.267893,22.649014,4.0,0.0,4.0,4.0,0.0,0.0,0.0,4.0
17903,2023.0,5.0,5.0,7.0,21.825556,23.896908,20.309084,23.244543,21.16546,22.709518,21.185272,22.88895,20.311302,22.783945,16.92581,16.827269,21.653786,23.104326,21.200855,22.628315,20.04824,22.000498,0.0,0.0,0.0,0.0,0.0,0.0,0.0,0.0
17904,2023.0,5.0,5.0,8.0,20.930956,22.144184,18.271795,18.809122,21.037579,22.394566,21.067596,22.601316,18.200102,18.30929,17.212132,17.460169,20.958307,21.739986,21.056576,22.304255,18.871542,19.52346,0.0,4.0,0.0,0.0,4.0,0.0,0.0,4.0
17905,2023.0,5.0,5.0,8.0,20.14049,20.696062,17.446873,17.855387,19.558668,19.565742,19.447886,19.455683,17.191893,17.016602,20.33672,22.827654,20.068445,20.08554,19.793955,19.865175,21.445501,24.273499,4.0,0.0,0.0,0.0,0.0,0.0,0.0,4.0
17906,2023.0,5.0,5.0,8.0,19.773355,20.30366,20.298475,22.845407,19.316341,19.621494,19.372017,19.903032,17.838934,18.419615,18.47637,18.864132,19.584972,19.482645,19.112743,19.027702,19.876793,21.181688,4.0,4.0,4.0,4.0,0.0,0.0,0.0,0.0
17907,2023.0,5.0,5.0,8.0,19.633331,20.180073,20.032831,22.034346,19.324856,19.6935,18.725595,18.66143,20.279167,22.49551,17.768343,18.06167,19.382751,19.27185,19.853357,20.650185,18.397495,18.37683,0.0,4.0,0.0,4.0,4.0,0.0,4.0,0.0
17908,2023.0,5.0,5.0,8.0,18.938261,18.987198,18.26678,18.446627,19.241194,19.628605,18.202688,18.008152,20.00894,21.700333,20.304089,22.479822,20.012718,20.598022,19.061619,18.956608,18.505972,19.087982,0.0,4.0,0.0,4.0,4.0,4.0,0.0,4.0
17909,2023.0,5.0,5.0,8.0,19.199224,19.753937,17.286161,17.166555,19.172337,19.576073,18.627575,18.988705,20.068188,21.662535,20.030655,21.723703,20.041565,20.486752,18.536291,18.325388,20.237043,22.11657,0.0,4.0,4.0,0.0,0.0,4.0,0.0,0.0
17910,2023.0,5.0,5.0,9.0,19.314024,19.911732,17.583256,17.931938,19.118069,19.537508,18.227846,18.180696,18.542664,18.592228,18.494045,18.597631,19.307976,19.1525,18.347717,18.13762,18.479246,18.55469,4.0,4.0,0.0,0.0,0.0,0.0,0.0,0.0
17911,2023.0,5.0,5.0,9.0,19.291433,19.89334,20.283154,22.656574,19.07884,19.504353,18.573263,18.965242,17.925055,17.719175,17.795965,17.560312,19.758518,20.158657,18.241186,18.035463,17.813354,17.630066,0.0,4.0,4.0,0.0,0.0,4.0,0.0,0.0
17912,2023.0,5.0,5.0,9.0,18.658907,18.746801,18.589186,19.054966,18.45938,18.39549,18.153246,18.119642,17.67989,17.477524,17.649418,17.52207,19.27139,19.124002,18.238932,18.13948,18.401762,18.986944,0.0,0.0,0.0,0.0,0.0,0.0,0.0,4.0
17913,2023.0,5.0,5.0,9.0,18.352667,18.33116,18.185966,18.580467,18.786291,19.160719,17.85192,17.695265,17.632437,17.52313,17.570465,17.465332,19.00024,18.750162,18.207375,18.12386,20.247147,22.206375,4.0,4.0,0.0,0.0,0.0,0.0,0.0,0.0
17914,2023.0,5.0,5.0,9.0,18.893627,19.487787,20.242247,22.23289,18.37518,18.336617,18.3533,18.765598,17.55426,17.464672,17.85515,18.102692,19.621948,20.035273,18.149618,18.069199,18.48951,18.588467,4.0,0.0,4.0,0.0,4.0,4.0,0.0,0.0
17915,2023.0,5.0,5.0,9.0,18.47436,18.583395,20.019232,21.630312,18.009216,17.856964,17.975746,17.95308,18.206429,18.780947,20.238853,22.303621,19.177467,19.04202,18.094675,18.015017,17.626575,17.479704,4.0,0.0,0.0,4.0,0.0,0.0,0.0,0.0
17916,2023.0,5.0,5.0,10.0,18.819237,19.434208,20.0673,21.628023,17.858414,17.696363,18.293266,18.73564,20.260597,22.231657,18.712074,19.029394,18.861542,18.630165,18.04641,17.966843,18.368372,19.091946,0.0,0.0,4.0,0.0,0.0,0.0,0.0,4.0
17917,2023.0,5.0,5.0,10.0,18.999626,19.648262,18.649014,18.822496,18.558186,19.112059,17.902622,17.896925,18.586473,18.712814,17.79997,17.743134,18.767221,18.535158,18.006449,17.928139,20.237995,22.218449,0.0,4.0,0.0,0.0,0.0,0.0,0.0,0.0
17918,2023.0,5.0,5.0,10.0,19.020586,19.674091,17.79445,17.701666,18.729515,19.230679,18.237988,18.703192,18.431477,18.87983,17.594553,17.505959,18.819862,18.700983,17.974306,17.897343,18.5014,18.62645,0.0,4.0,4.0,4.0,0.0,0.0,0.0,0.0
17919,2023.0,5.0,5.0,10.0,19.038292,19.699179,17.654902,17.619698,18.724482,19.217535,17.817167,17.84291,20.244396,22.047825,17.51966,17.427645,18.830545,18.73278,17.952845,17.876606,17.862282,17.704554,0.0,4.0,0.0,0.0,0.0,0.0,0.0,0.0
17920,2023.0,5.0,5.0,10.0,18.453083,18.600443,17.981726,18.361345,18.176676,18.191559,17.5112,17.434984,18.706333,18.83057,17.449318,17.359411,19.588606,20.18939,17.933228,17.858084,17.624203,17.46636,4.0,0.0,0.0,0.0,0.0,4.0,0.0,0.0
17921,2023.0,5.0,5.0,10.0,18.8851,19.541754,20.25181,22.348785,17.908976,17.812925,18.095848,18.59185,18.103676,17.932228,17.403074,17.310907,19.044563,18.997173,17.920235,17.845354,17.552452,17.45475,0.0,0.0,4.0,0.0,0.0,0.0,0.0,0.0
17922,2023.0,5.0,5.0,11.0,18.448935,18.605997,19.079271,19.792528,18.444756,18.919254,17.764784,17.815313,17.96728,17.86164,17.362082,17.271976,18.731482,18.552639,17.908176,17.833612,17.467386,17.382462,4.0,4.0,0.0,0.0,0.0,0.0,0.0,0.0
17923,2023.0,5.0,5.0,11.0,18.193054,18.258287,20.218227,21.932898,18.041426,18.082447,17.521313,17.459217,17.889296,17.789001,17.33651,17.241644,18.673944,18.476528,18.952595,19.812243,17.394173,17.30788,0.0,0.0,0.0,0.0,0.0,0.0,4.0,0.0
17924,2023.0,5.0,5.0,11.0,18.767601,19.436552,19.073442,19.573412,17.729504,17.658945,17.416967,17.349447,17.800512,17.700645,17.311478,17.21412,18.727962,18.61188,18.392399,18.399487,17.318815,17.232313,4.0,0.0,0.0,0.0,0.0,0.0,0.0,0.0
17925,2023.0,5.0,5.0,11.0,18.91411,19.608953,20.173153,21.712795,18.297482,18.780695,17.414753,17.408173,17.738503,17.634712,17.296331,17.194525,18.745106,18.64006,18.08809,17.93553,17.264322,17.175367,4.0,4.0,0.0,0.0,0.0,0.0,0.0,0.0
17926,2023.0,5.0,5.0,11.0,18.94071,19.626854,20.039213,21.393984,18.531796,19.056984,17.389107,17.396198,17.675468,17.570368,17.279665,17.174984,19.54481,20.162739,17.98737,17.822216,17.208048,17.117912,0.0,4.0,0.0,0.0,0.0,4.0,0.0,0.0
17927,2023.0,5.0,5.0,11.0,18.96081,19.63562,18.790697,18.953304,18.56777,19.087967,17.345743,17.35503,17.622723,17.517645,17.639967,17.859945,19.06796,19.018238,17.933926,17.766289,17.159214,17.068773,0.0,4.0,0.0,0.0,4.0,0.0,0.0,0.0
17928,2023.0,5.0,5.0,12.0,18.977812,19.651646,18.274632,18.269407,18.591564,19.10905,18.008968,18.630674,17.585533,17.478785,20.22617,22.364796,18.80606,18.594378,19.016693,19.84611,18.058443,18.797243,0.0,4.0,4.0,0.0,4.0,0.0,4.0,4.0
17929,2023.0,5.0,5.0,12.0,21.289871,23.682537,18.04831,18.048635,21.309673,23.83015,21.325409,24.248184,17.54834,17.443424,20.023676,21.634647,21.273718,22.945866,21.276287,23.534508,20.233925,22.357853,0.0,4.0,4.0,0.0,0.0,4.0,0.0,4.0
17930,2023.0,5.0,5.0,12.0,21.032108,22.950733,18.306335,18.688831,21.006805,22.941006,21.031471,23.30587,18.293667,18.880175,18.676517,18.818413,21.02526,22.342415,21.02786,22.750946,20.033823,21.72881,4.0,4.0,0.0,4.0,0.0,0.0,0.0,0.0
17931,2023.0,5.0,5.0,12.0,21.061445,22.842354,20.246418,22.10302,21.047724,22.827566,21.07368,23.134737,20.207348,22.08955,17.981457,17.886923,21.044903,22.22322,21.056147,22.607473,18.52773,18.636847,0.0,4.0,0.0,0.0,0.0,0.0,0.0,0.0
17932,2023.0,5.0,5.0,12.0,21.055454,22.712332,19.207195,19.860111,21.04026,22.678907,21.041658,22.876024,18.670513,18.809113,17.834862,17.724136,21.040138,22.098131,21.050074,22.453558,17.774887,17.633072,4.0,4.0,4.0,0.0,0.0,0.0,0.0,0.0
17933,2023.0,5.0,5.0,12.0,21.24046,22.977903,20.196009,21.831089,21.188663,22.898052,21.1826,23.056765,17.913229,17.779684,17.761276,17.648336,21.317364,22.563515,21.264946,22.793503,17.590158,17.443962,4.0,0.0,0.0,0.0,0.0,4.0,0.0,0.0
17934,2023.0,5.0,5.0,13.0,21.058115,22.569818,20.032993,21.407112,21.031614,22.48361,21.061682,22.719717,17.8044,17.70387,17.706263,17.593596,21.042664,21.965002,21.040699,22.270447,18.540724,19.337244,0.0,4.0,0.0,0.0,0.0,0.0,0.0,4.0
17935,2023.0,5.0,5.0,13.0,21.025217,22.43942,18.819798,19.00553,21.036333,22.439066,21.061106,22.648167,17.767464,17.672697,17.666922,17.557535,21.03572,21.900982,21.040323,22.218496,20.202435,22.024971,0.0,4.0,0.0,0.0,0.0,0.0,0.0,0.0
17936,2023.0,5.0,5.0,13.0,21.05666,22.490759,18.094543,18.059822,21.034468,22.39439,21.05109,22.589443,17.726263,17.633518,17.634447,17.5279,21.035196,21.860027,21.039314,22.175585,18.650875,18.781202,0.0,4.0,0.0,0.0,0.0,0.0,0.0,0.0
17937,2023.0,5.0,5.0,13.0,21.048042,22.443695,17.917736,17.919361,21.032076,22.357264,21.02368,22.48289,17.691319,17.599726,17.604967,17.499903,21.026793,21.825172,21.037275,22.138805,17.88682,17.761059,0.0,4.0,4.0,0.0,0.0,0.0,0.0,0.0
17938,2023.0,5.0,5.0,13.0,21.099888,22.514479,17.793034,17.799068,21.066002,22.392979,21.076593,22.548208,17.663563,17.574495,17.58043,17.477995,21.057798,21.86749,21.079432,22.190224,17.752907,17.663267,0.0,4.0,4.0,0.0,0.0,0.0,0.0,0.0
17939,2023.0,5.0,5.0,13.0,21.004196,22.297974,17.688555,17.705996,21.051277,22.361492,21.054775,22.495579,17.641617,17.555893,17.975292,18.244387,20.991768,21.703724,21.029396,22.068823,17.679134,17.594244,0.0,0.0,0.0,0.0,4.0,4.0,0.0,0.0
17940,2023.0,5.0,5.0,14.0,21.028885,22.329475,18.044163,18.45721,21.050978,22.335241,21.031065,22.400679,17.623297,17.540869,20.240465,22.121193,21.03864,21.80017,21.037306,22.065147,17.615885,17.5363,4.0,0.0,4.0,0.0,4.0,0.0,0.0,0.0
17941,2023.0,5.0,5.0,14.0,19.86044,20.105782,20.249601,22.27024,20.32369,20.887949,19.694553,19.84612,17.608017,17.528084,20.021208,21.451157,20.208591,20.182892,20.064665,20.174974,17.564188,17.488836,0.0,4.0,0.0,0.0,0.0,0.0,0.0,0.0
17942,2023.0,5.0,5.0,14.0,19.883347,20.5563,19.172443,19.884632,19.963388,20.474838,18.940342,18.904596,17.594883,17.517193,18.862709,19.03916,19.758562,19.577991,19.50115,19.43069,18.437754,19.17967,4.0,4.0,0.0,0.0,0.0,0.0,0.0,4.0
17943,2023.0,5.0,5.0,14.0,19.332747,19.522257,20.20573,21.810343,19.878174,20.393942,18.71838,18.660852,17.585413,17.509533,18.373505,18.289078,19.70499,19.586315,20.32336,21.119986,20.187902,22.0781,0.0,4.0,0.0,0.0,0.0,0.0,4.0,4.0
17944,2023.0,5.0,5.0,14.0,19.62226,20.310867,19.227154,19.766882,19.79957,20.326412,19.271456,19.869059,17.575472,17.501759,18.216024,18.120924,19.645336,19.541723,19.672388,19.67733,20.031197,21.556282,4.0,4.0,4.0,0.0,0.0,0.0,0.0,0.0
17945,2023.0,5.0,5.0,14.0,19.737518,20.43944,20.197582,21.738298,19.192852,19.263391,18.828703,18.927572,17.56582,17.494303,18.117922,18.021494,19.572342,19.472502,20.145325,20.850874,18.72056,18.867754,0.0,0.0,0.0,0.0,0.0,0.0,4.0,0.0
17946,2023.0,5.0,5.0,15.0,19.140053,19.345304,19.27271,19.799805,19.4331,19.943378,18.43421,18.424898,17.55712,17.488075,18.0432,17.950098,19.506952,19.410036,19.539576,19.543121,18.062906,17.996042,4.0,4.0,0.0,0.0,0.0,0.0,0.0,0.0
17947,2023.0,5.0,5.0,15.0,18.873081,18.991207,20.174614,21.529045,19.519785,20.072674,18.301249,18.276577,17.548058,17.47996,17.9919,17.898588,19.457233,19.361061,19.201464,19.06447,17.905766,17.814777,0.0,4.0,0.0,0.0,0.0,0.0,0.0,0.0
17948,2023.0,5.0,5.0,15.0,18.729681,18.846617,19.339931,19.82749,19.500208,20.050394,18.229727,18.246231,17.536812,17.469816,17.940031,17.850754,19.404705,19.310955,19.034773,18.892086,17.816082,17.743992,4.0,4.0,0.0,0.0,0.0,0.0,0.0,0.0
17949,2023.0,5.0,5.0,15.0,19.336735,20.065361,20.125542,21.367146,19.486805,20.035477,18.165232,18.18868,17.525541,17.45952,17.899849,17.811426,19.362736,19.27021,18.93699,18.7948,17.751312,17.681526,4.0,4.0,0.0,0.0,0.0,0.0,0.0,0.0
17950,2023.0,5.0,5.0,15.0,18.890305,19.074749,20.034218,21.166224,19.467682,20.01553,18.794277,19.441198,17.513338,17.44853,17.857042,17.771725,19.318768,19.228546,18.894205,18.803806,17.681753,17.614323,0.0,4.0,4.0,0.0,0.0,0.0,0.0,0.0
17951,2023.0,5.0,5.0,15.0,18.592373,18.715208,19.019861,19.19471,19.449217,19.996094,18.428873,18.585093,17.500925,17.43752,17.818739,17.736998,20.048485,20.65182,18.839897,18.758093,17.620886,17.555738,0.0,4.0,0.0,0.0,0.0,4.0,0.0,0.0
17952,2023.0,5.0,5.0,16.0,18.510124,18.63268,19.025303,19.436098,18.875473,18.938265,18.128166,18.122849,17.489305,17.426952,17.78922,17.709368,19.511236,19.497276,18.787134,18.707708,18.509642,19.275494,4.0,0.0,0.0,0.0,0.0,0.0,0.0,4.0
17953,2023.0,5.0,5.0,16.0,19.225021,20.040152,20.15568,21.489962,19.230667,19.735168,18.66842,19.216951,18.224262,18.824265,17.760054,17.682072,19.261599,19.108267,18.737171,18.660315,20.181374,22.042883,0.0,4.0,4.0,4.0,0.0,0.0,0.0,4.0
17954,2023.0,5.0,5.0,16.0,19.385336,20.117422,19.370672,19.853613,19.377989,19.921482,18.870562,19.446365,20.241047,22.174225,17.73038,17.655075,19.172014,19.010965,19.713686,20.553404,20.032217,21.542696,4.0,4.0,4.0,0.0,0.0,0.0,4.0,0.0
17955,2023.0,5.0,5.0,16.0,19.386568,20.106016,20.16624,21.482067,19.370548,19.911217,18.89141,19.4615,18.721966,18.924288,17.701517,17.627735,19.181784,19.086437,19.143946,19.16833,18.721148,18.856869,0.0,4.0,4.0,0.0,0.0,0.0,0.0,0.0
17956,2023.0,5.0,5.0,16.0,18.80583,18.9941,19.369938,19.828281,19.364319,19.90259,18.337776,18.41071,17.957287,17.872623,17.675709,17.604084,19.171654,19.088345,19.71425,20.472633,18.045065,17.952723,4.0,4.0,0.0,0.0,0.0,0.0,4.0,0.0
17957,2023.0,5.0,5.0,16.0,18.572453,18.679739,20.132359,21.288923,19.359106,19.894892,18.088728,18.062868,18.609562,19.206934,17.655128,17.584782,19.145576,19.064812,19.033932,19.034452,17.897196,17.79342,4.0,4.0,0.0,4.0,0.0,0.0,0.0,0.0
17958,2023.0,5.0,5.0,17.0,18.464367,18.56865,20.014238,21.030573,19.353035,19.886528,18.626404,19.164526,20.200068,21.839846,17.63421,17.565948,19.897236,20.51943,18.669922,18.55827,17.82734,17.759487,4.0,4.0,4.0,0.0,0.0,4.0,0.0,0.0
17959,2023.0,5.0,5.0,17.0,19.073685,19.775312,20.046349,21.087852,18.79685,18.855461,18.832571,19.399502,18.841461,18.990774,17.615147,17.549404,19.43145,19.416164,18.565685,18.443504,18.668024,19.413612,0.0,0.0,4.0,0.0,0.0,0.0,0.0,4.0
17960,2023.0,5.0,5.0,17.0,18.699589,18.897589,19.085033,19.223082,19.10074,19.611843,18.859613,19.423128,18.139452,18.042492,17.974316,18.240677,19.10871,18.967606,18.506731,18.385492,20.190693,21.896122,0.0,4.0,4.0,0.0,4.0,0.0,0.0,0.0
17961,2023.0,5.0,5.0,17.0,19.10213,19.818054,18.502323,18.472456,19.260834,19.799175,18.886177,19.448063,18.007599,17.939396,20.221859,22.143671,19.025267,18.874441,18.507776,18.437117,18.746386,18.881601,0.0,4.0,4.0,0.0,0.0,0.0,0.0,0.0
17962,2023.0,5.0,5.0,17.0,19.29028,20.002298,18.78002,19.164705,18.71873,18.779947,18.346256,18.42415,17.93825,17.877192,19.183462,19.774656,19.044878,18.961111,18.492558,18.430882,18.046793,17.961946,4.0,0.0,0.0,0.0,4.0,0.0,0.0,0.0
17963,2023.0,5.0,5.0,17.0,19.326534,20.034397,20.180475,21.63354,19.09352,19.598005,18.741688,19.278158,17.882662,17.822628,20.166395,21.621378,19.040577,18.970123,18.466333,18.40742,17.903612,17.80637,0.0,4.0,4.0,0.0,0.0,0.0,0.0,0.0
17964,2023.0,5.0,5.0,18.0,19.371819,20.08451,19.465622,20.071266,19.25992,19.798378,18.355433,18.436012,17.8263,17.770538,18.959278,19.112541,19.786907,20.409084,18.437037,18.380821,17.841356,17.78238,4.0,4.0,0.0,0.0,0.0,4.0,0.0,0.0
17965,2023.0,5.0,5.0,18.0,21.266256,23.406015,20.123919,21.291544,21.27282,23.334024,21.287245,23.72344,17.78178,17.72584,18.402657,18.263811,21.17827,22.772387,21.536076,23.824934,17.784594,17.729641,4.0,0.0,0.0,0.0,0.0,0.0,0.0,0.0
17966,2023.0,5.0,5.0,18.0,21.013002,22.692595,20.010508,21.022358,21.012398,22.60341,21.004414,22.861742,17.73558,17.680923,18.26919,18.187857,21.02218,22.254202,20.988184,22.566711,17.718035,17.664267,4.0,0.0,0.0,0.0,0.0,0.0,0.0,0.0
17967,2023.0,5.0,5.0,18.0,21.070305,22.619799,20.083214,21.146208,21.077085,22.544184,21.080742,22.790554,17.695095,17.642395,18.172836,18.095297,21.092081,22.237923,21.106195,22.596565,17.661093,17.609566,0.0,4.0,4.0,0.0,0.0,0.0,0.0,0.0
17968,2023.0,5.0,5.0,18.0,21.04907,22.517174,19.10128,19.212555,21.050247,22.428238,21.05664,22.646193,18.434917,19.074465,18.465796,18.729055,21.026463,22.030733,21.032743,22.330872,18.603306,19.440876,0.0,0.0,0.0,4.0,4.0,0.0,0.0,4.0
17969,2023.0,5.0,5.0,18.0,21.021822,22.370008,18.50607,18.43884,21.02534,22.286556,21.055906,22.548054,20.255331,22.087923,20.175589,21.71661,21.032585,21.983797,21.040789,22.258913,20.278685,22.124844,0.0,4.0,0.0,0.0,4.0,0.0,0.0,4.0
17970,2023.0,5.0,5.0,19.0,21.02569,22.327509,18.812468,19.182896,21.029268,22.244366,21.029613,22.402187,18.717602,18.831827,20.011766,21.195852,21.031294,21.937784,21.03886,22.190916,20.00033,21.364222,4.0,4.0,4.0,0.0,4.0,0.0,0.0,4.0
17971,2023.0,5.0,5.0,19.0,21.024979,22.287083,20.15254,21.493095,21.053446,22.274092,21.058712,22.427475,17.993935,17.886349,20.031984,21.11041,21.00084,21.826221,21.038202,22.14184,20.017683,21.262268,4.0,0.0,0.0,0.0,4.0,4.0,0.0,4.0
17972,2023.0,5.0,5.0,19.0,21.095001,22.417347,20.091196,21.229565,21.056479,22.209068,21.10797,22.469183,17.823177,17.694752,20.091175,21.144949,21.077497,21.971436,21.08031,22.183475,20.099737,21.35271,0.0,4.0,0.0,0.0,0.0,0.0,0.0,0.0
17973,2023.0,5.0,5.0,19.0,21.038815,22.26646,19.034157,19.143282,21.023935,22.129572,21.035858,22.307703,17.807014,17.751335,19.053144,19.07436,21.031889,21.842085,21.031906,22.060934,18.87353,18.893812,0.0,4.0,0.0,0.0,0.0,0.0,0.0,0.0
17974,2023.0,5.0,5.0,19.0,21.017443,22.177073,18.830864,19.10318,21.02644,22.11535,21.017553,22.233675,17.76546,17.71776,18.407684,18.219791,21.005579,21.749348,21.036394,22.050564,18.237385,18.092575,4.0,4.0,4.0,0.0,0.0,4.0,0.0,0.0
17975,2023.0,5.0,5.0,19.0,21.255869,22.637087,20.154684,21.470655,21.247408,22.539907,21.058167,22.305525,17.712687,17.67049,18.312283,18.230652,21.150373,22.048649,21.036823,22.03525,18.04493,17.901993,4.0,4.0,0.0,0.0,0.0,0.0,0.0,0.0
17976,2023.0,5.0,5.0,20.0,21.046404,22.194258,20.091722,21.201853,21.052568,22.124168,21.102901,22.359577,17.659166,17.617006,18.218983,18.147411,21.073492,21.870821,21.075317,22.094961,17.907091,17.761656,0.0,4.0,0.0,0.0,0.0,0.0,0.0,0.0
17977,2023.0,5.0,5.0,20.0,21.019447,22.132265,19.014404,19.080336,21.022776,22.053284,21.009512,22.151121,17.615791,17.577522,18.123623,18.063976,21.032604,21.776756,21.031393,21.99534,17.886913,17.830914,0.0,4.0,4.0,0.0,0.0,0.0,0.0,0.0
17978,2023.0,5.0,5.0,20.0,21.022514,22.128984,18.978052,19.383581,21.052692,22.120216,21.059547,22.250334,17.570309,17.531435,18.023008,17.96145,21.028822,21.775105,21.03704,21.997547,17.83197,17.783415,4.0,0.0,0.0,0.0,0.0,0.0,0.0,0.0
17979,2023.0,5.0,5.0,20.0,21.022985,22.118816,20.142128,21.399965,21.046078,22.088648,21.02493,22.141375,18.324556,18.9958,17.93656,17.877241,21.029585,21.778345,21.036167,21.987394,18.750347,19.589964,4.0,0.0,4.0,4.0,0.0,0.0,0.0,4.0
17980,2023.0,5.0,5.0,20.0,21.022453,22.106756,20.03222,21.092226,21.021246,22.000856,21.056356,22.20952,20.228577,22.124401,17.857504,17.799273,21.029509,21.777758,21.036333,21.979837,20.139027,21.739365,0.0,4.0,0.0,0.0,0.0,0.0,0.0,4.0
17981,2023.0,5.0,5.0,20.0,21.049261,22.167791,19.309006,19.61409,21.051886,22.071308,21.024963,22.108313,19.147484,19.686226,17.788532,17.732515,21.029732,21.77623,21.036152,21.971935,20.00438,21.287764,4.0,0.0,4.0,4.0,0.0,0.0,0.0,4.0
17982,2023.0,5.0,5.0,21.0,21.307512,22.644836,20.171492,21.348633,21.020561,21.974136,21.030733,22.107468,20.211601,21.78487,17.719692,17.6565,21.20276,22.119675,21.036165,21.964731,20.055492,21.28996,0.0,4.0,4.0,0.0,0.0,0.0,0.0,0.0
17983,2023.0,5.0,5.0,21.0,21.049202,22.126656,19.35752,19.653297,21.0521,22.048212,21.03011,22.095785,18.726608,18.711758,17.656939,17.591145,20.99913,21.686424,20.996737,21.85156,19.512182,20.10069,4.0,0.0,4.0,0.0,0.0,4.0,4.0,4.0
17984,2023.0,5.0,5.0,21.0,21.016043,22.02679,20.152918,21.27041,21.046082,22.021994,21.055777,22.15614,17.988173,17.785172,17.967081,18.219162,21.044874,21.784077,21.012575,21.86914,20.137896,21.358776,4.0,0.0,0.0,0.0,4.0,0.0,4.0,0.0
17985,2023.0,5.0,5.0,21.0,21.02257,22.032526,20.013813,20.929344,21.04679,22.008856,21.050377,22.127735,18.701094,19.315022,20.276266,22.137938,21.038082,21.753113,21.051643,21.966633,19.57948,20.138157,4.0,0.0,0.0,4.0,0.0,0.0,0.0,4.0
17986,2023.0,5.0,5.0,21.0,21.049225,22.099394,20.049122,20.970005,21.03522,21.995506,21.050655,22.109634,20.1518,21.631636,18.829597,19.04965,21.038834,21.739122,21.043833,21.933382,20.12717,21.269045,0.0,0.0,0.0,4.0,0.0,0.0,0.0,0.0
17987,2023.0,5.0,5.0,21.0,21.016644,21.999613,19.325352,19.520952,21.036629,22.001888,21.03843,22.092146,20.009117,21.186272,18.375525,18.610207,21.028444,21.725687,21.044355,21.916714,19.59481,20.115808,4.0,0.0,0.0,4.0,4.0,0.0,0.0,4.0
17988,2023.0,5.0,5.0,22.0,21.183348,22.344805,20.146263,21.228884,21.206577,22.34226,21.288448,22.573528,20.056555,21.191452,20.248173,21.863005,21.16278,21.997139,21.36502,22.515415,20.082573,21.10507,0.0,0.0,4.0,0.0,0.0,0.0,4.0,4.0
17989,2023.0,5.0,5.0,22.0,21.04311,22.04645,19.015623,18.954367,21.036062,21.995056,21.056738,22.102468,18.783037,18.653461,18.933966,19.111858,21.029442,21.727716,21.051495,21.90353,20.04335,21.009483,0.0,0.0,0.0,0.0,0.0,0.0,0.0,0.0
17990,2023.0,5.0,5.0,22.0,21.044552,22.036299,18.529825,18.445057,21.036346,21.994047,21.049881,22.070421,18.112074,17.834095,18.486156,18.667131,20.99901,21.648983,21.043545,21.879301,19.536669,19.954271,0.0,0.0,0.0,0.0,4.0,4.0,0.0,4.0
17991,2023.0,5.0,5.0,22.0,21.204111,22.368834,18.41007,18.332645,21.297241,22.493284,21.169767,22.29331,17.899195,17.61743,20.234535,21.72733,21.202705,22.04267,21.210482,22.202604,20.288874,21.46595,0.0,4.0,0.0,0.0,4.0,4.0,0.0,4.0
17992,2023.0,5.0,5.0,22.0,21.033976,22.029913,18.286602,18.201637,21.041286,21.997234,21.037313,22.03572,18.57834,19.058117,20.03097,21.18192,21.04448,21.73058,21.043901,21.854702,20.041103,20.951857,0.0,0.0,0.0,4.0,0.0,0.0,0.0,0.0
17993,2023.0,5.0,5.0,22.0,21.033909,22.034876,18.182055,18.092371,21.049358,21.985115,21.039373,22.044943,20.196152,21.741096,19.004532,19.078344,21.03997,21.706404,21.00738,21.756266,18.878822,18.684235,0.0,0.0,0.0,0.0,4.0,0.0,4.0,0.0
17994,2023.0,5.0,5.0,23.0,21.229834,22.427874,18.08953,17.994598,21.19747,22.25895,21.220291,22.408758,18.64208,18.515991,20.285294,21.5306,21.151546,21.915506,21.238375,22.25327,18.28476,17.988514,0.0,0.0,0.0,0.0,0.0,0.0,0.0,0.0
17995,2023.0,5.0,5.0,23.0,20.189001,20.407812,18.011503,17.913797,20.160088,20.25789,20.072605,20.186518,17.896816,17.608652,18.856098,18.711014,20.036602,19.750864,19.909632,19.667759,18.068192,17.773258,0.0,0.0,0.0,0.0,0.0,0.0,0.0,0.0
17996,2023.0,5.0,5.0,23.0,19.770306,19.817919,17.950258,17.845749,19.67605,19.551222,19.556263,19.439333,17.922157,17.81245,18.465763,18.305695,19.887552,19.730011,19.440872,19.068739,18.125755,18.019228,0.0,0.0,0.0,0.0,0.0,0.0,0.0,0.0
17997,2023.0,5.0,5.0,23.0,19.593563,19.636528,17.893892,17.786852,19.476377,19.340164,19.344196,19.216507,17.861296,17.749718,18.341322,18.199394,19.789433,19.646822,19.46597,19.33301,18.061312,17.956015,0.0,0.0,0.0,0.0,0.0,0.0,0.0,0.0
17998,2023.0,5.0,5.0,23.0,19.46754,19.521286,18.31782,18.626621,19.338552,19.214758,19.197433,19.083408,17.78908,17.680872,18.216177,18.089687,19.676666,19.534071,19.36321,19.242601,17.984827,17.88239,4.0,0.0,0.0,0.0,0.0,0.0,0.0,0.0
17999,2023.0,5.0,5.0,23.0,19.35057,19.403563,18.021557,18.00933,19.209438,19.08461,19.06041,18.9456,17.71785,17.608232,18.091213,17.959244,19.572092,19.427555,19.241453,19.115538,17.907888,17.804056,0.0,0.0,0.0,0.0,0.0,0.0,0.0,0.0
18000,2023.0,5.0,6.0,0.0,19.251648,19.307844,18.315273,18.624887,19.10028,18.979042,18.944767,18.83399,17.65335,17.544432,18.27893,18.40513,19.481012,19.337881,19.134645,19.010338,18.573675,19.120724,4.0,0.0,0.0,0.0,4.0,0.0,0.0,4.0
18001,2023.0,5.0,6.0,0.0,19.159765,19.21549,18.163557,18.25489,18.998962,18.877428,18.837902,18.726995,17.591043,17.480358,18.01162,17.903458,19.395243,19.25023,19.034403,18.90857,18.0339,17.966585,4.0,0.0,0.0,0.0,0.0,0.0,0.0,0.0
18002,2023.0,5.0,6.0,0.0,19.075827,19.130756,17.64299,17.314362,18.906652,18.784658,18.741068,18.629707,17.532465,17.419876,17.850573,17.71697,20.043139,20.54494,18.942188,18.814705,17.665438,17.386862,0.0,0.0,0.0,0.0,0.0,4.0,0.0,0.0
18003,2023.0,5.0,6.0,0.0,18.999544,19.054361,17.429514,17.02734,18.823013,18.701468,18.653355,18.542587,17.47798,17.36405,17.758446,17.62369,19.26206,18.936728,18.857988,18.729683,17.518686,17.22725,0.0,0.0,0.0,0.0,0.0,0.0,0.0,0.0
18004,2023.0,5.0,6.0,0.0,18.924149,18.97385,17.32409,16.910288,18.740477,18.6139,18.566544,18.45079,17.423466,17.305082,17.668783,17.527502,18.972515,18.567957,18.775839,18.642479,17.612633,17.515102,0.0,0.0,0.0,0.0,0.0,0.0,0.0,0.0
18005,2023.0,5.0,6.0,0.0,18.857885,18.906853,17.515467,17.37215,18.667908,18.541004,18.490229,18.374397,17.374302,17.254066,17.911491,18.050064,18.864391,18.46244,18.70271,18.567846,17.57036,17.456003,0.0,0.0,0.0,0.0,4.0,0.0,0.0,0.0
18006,2023.0,5.0,6.0,1.0,18.796728,18.84595,17.529734,17.412197,18.601288,18.475513,18.420458,18.305958,17.328384,17.207085,17.627478,17.484243,19.01897,18.868965,18.635294,18.499887,17.51932,17.403746,0.0,0.0,0.0,0.0,0.0,0.0,0.0,0.0
18007,2023.0,5.0,6.0,1.0,18.739086,18.788586,17.501726,17.386543,18.53854,18.413788,18.355043,18.241608,17.876112,18.274471,17.508139,17.362938,18.996033,18.838264,18.572224,18.436455,17.471527,17.355227,0.0,0.0,0.0,4.0,0.0,0.0,0.0,0.0
18008,2023.0,5.0,6.0,1.0,18.684902,18.734577,17.469582,17.354595,18.479523,18.355757,18.987974,19.485258,17.471453,17.389294,17.441206,17.29669,18.947838,18.789608,18.513098,18.377079,17.425875,17.309015,0.0,0.0,4.0,0.0,0.0,0.0,0.0,0.0
18009,2023.0,5.0,6.0,1.0,18.632452,18.68081,17.435326,17.319485,18.422285,18.298029,18.550322,18.551666,17.309772,17.185118,17.376495,17.230282,18.90187,18.742086,18.456156,18.318745,17.381786,17.263456,0.0,0.0,0.0,0.0,0.0,0.0,0.0,0.0
18010,2023.0,5.0,6.0,1.0,18.581545,18.62774,17.400343,17.282816,18.366892,18.24118,18.031193,17.640503,17.254099,17.127182,17.624271,17.744543,18.856617,18.694721,18.401516,18.262093,17.33969,17.219421,0.0,0.0,0.0,0.0,4.0,0.0,0.0,0.0
18011,2023.0,5.0,6.0,1.0,18.531557,18.57459,17.364151,17.243284,18.31217,18.183224,17.851133,17.422976,17.203222,17.073198,17.711292,17.859621,18.812637,18.647999,18.348972,18.207066,17.2989,17.176275,0.0,0.0,0.0,0.0,4.0,0.0,0.0,0.0
18012,2023.0,5.0,6.0,2.0,18.488615,18.533815,17.33412,17.215181,18.26645,18.141163,18.01544,17.853262,17.162046,17.033327,17.173992,16.815613,18.774088,18.610477,18.30247,18.161932,17.997053,18.524145,0.0,0.0,0.0,0.0,0.0,0.0,0.0,4.0
18013,2023.0,5.0,6.0,2.0,18.44403,18.488268,17.301678,17.181597,18.218714,18.093092,18.03313,17.914223,17.121347,16.991476,16.950176,16.553278,18.735111,18.57046,18.255795,18.11444,17.491112,17.411959,0.0,0.0,0.0,0.0,0.0,0.0,0.0,0.0
18014,2023.0,5.0,6.0,2.0,18.398746,18.439932,17.267603,17.144903,18.170456,18.042315,17.990448,17.871634,17.081509,16.949097,17.100716,16.953346,18.696146,18.529116,18.209307,18.06569,17.1247,16.80482,0.0,0.0,0.0,0.0,0.0,0.0,0.0,0.0
18015,2023.0,5.0,6.0,2.0,18.355742,18.39496,17.233624,17.108591,18.124102,17.993929,17.944715,17.824266,17.044004,16.909807,17.085985,16.929064,18.658966,18.490248,18.164995,18.019957,17.006134,16.68029,0.0,0.0,0.0,0.0,0.0,0.0,0.0,0.0
18016,2023.0,5.0,6.0,2.0,18.315567,18.354555,17.202734,17.078152,18.08202,17.952879,17.901442,17.782324,17.009178,16.87469,17.364685,17.489136,18.62402,18.454977,18.123032,17.977865,17.119291,16.986132,0.0,0.0,0.0,0.0,4.0,0.0,0.0,0.0
18017,2023.0,5.0,6.0,2.0,18.277393,18.31726,17.17274,17.048866,18.041704,17.91418,17.859573,17.742405,16.976099,16.842068,17.131,16.994146,18.59064,18.42204,18.082973,17.938608,17.837698,18.34956,0.0,0.0,0.0,0.0,0.0,0.0,0.0,4.0
18018,2023.0,5.0,6.0,3.0,18.238035,18.276777,17.141539,17.016523,18.000267,17.872208,17.816618,17.69903,16.942383,16.807438,17.018795,16.861034,18.556528,18.387032,18.042221,17.897211,17.154474,16.87904,0.0,0.0,0.0,0.0,0.0,0.0,0.0,0.0
18019,2023.0,5.0,6.0,3.0,18.19827,18.234753,17.109556,16.98242,17.958038,17.827742,17.772947,17.652975,16.90867,16.772167,16.97065,16.811047,18.522514,18.351658,18.001347,17.854883,16.912348,16.579723,0.0,0.0,0.0,0.0,0.0,0.0,0.0,0.0
18020,2023.0,5.0,6.0,3.0,18.1635,18.201607,17.082685,16.95799,17.922035,17.794546,17.735565,17.618502,16.879044,16.743885,16.928982,16.771645,18.49239,18.322966,17.964529,17.819494,17.027737,16.893343,0.0,0.0,0.0,0.0,0.0,0.0,0.0,0.0
18021,2023.0,5.0,6.0,3.0,18.127762,18.165224,17.053934,16.92938,17.884474,17.757261,17.696386,17.579683,16.849352,16.714388,16.888502,16.731138,18.462198,18.293123,17.927757,17.78309,17.019041,16.890875,0.0,0.0,0.0,0.0,0.0,0.0,0.0,0.0
18022,2023.0,5.0,6.0,3.0,18.102106,18.148495,17.026596,16.903294,17.848858,17.723091,17.659231,17.544107,16.82123,16.687056,16.851286,16.695013,18.433464,18.265297,17.892483,17.748728,16.988726,16.861282,0.0,0.0,0.0,0.0,0.0,0.0,0.0,0.0
18023,2023.0,5.0,6.0,3.0,18.079897,18.136244,17.002062,16.882505,17.816793,17.69529,17.625856,17.515211,16.795715,16.663961,16.818638,16.66595,18.407234,18.241566,17.859919,17.718813,17.685286,18.20057,0.0,0.0,0.0,0.0,0.0,0.0,0.0,4.0
18024,2023.0,5.0,6.0,4.0,18.050728,18.108505,16.975393,16.857151,17.782629,17.66259,17.590515,17.481352,16.769608,16.638739,16.785345,16.63379,18.380398,18.21574,17.826677,17.686605,17.006702,16.74113,0.0,0.0,0.0,0.0,0.0,0.0,0.0,0.0
18025,2023.0,5.0,6.0,4.0,18.02015,18.078537,16.949429,16.832949,17.74916,17.630695,17.55611,17.448397,16.74462,16.61492,17.061789,17.180735,18.354677,18.191368,17.794313,17.65533,16.77264,16.45273,0.0,0.0,0.0,0.0,4.0,0.0,0.0,0.0
18026,2023.0,5.0,6.0,4.0,17.991005,18.051073,16.925282,16.811628,17.717764,17.602121,17.523825,17.4189,16.721556,16.59386,16.835552,16.692553,18.330812,18.16969,17.76395,17.627005,16.69969,16.38556,0.0,0.0,0.0,0.0,0.0,0.0,0.0,0.0
18027,2023.0,5.0,6.0,4.0,17.962093,18.02377,16.901743,16.790794,17.686956,17.574095,17.492107,17.389965,16.69934,16.573648,17.06174,17.184929,18.307741,18.148802,17.73442,17.599508,16.81722,16.686611,0.0,0.0,0.0,0.0,4.0,0.0,0.0,0.0
18028,2023.0,5.0,6.0,4.0,17.933475,17.996737,16.878622,16.770319,17.656656,17.546522,17.460875,17.361494,16.677858,16.554165,16.831413,16.694176,18.28536,18.1286,17.705626,17.572737,16.826048,16.707432,0.0,0.0,0.0,0.0,0.0,0.0,0.0,0.0
18029,2023.0,5.0,6.0,4.0,17.905859,17.971384,16.856516,16.75141,17.627626,17.52096,17.43107,17.335169,16.657528,16.5363,16.74637,16.60548,18.264101,18.109995,17.67812,17.547853,17.533398,18.058794,0.0,0.0,0.0,0.0,0.0,0.0,0.0,4.0
18030,2023.0,5.0,6.0,5.0,17.87781,17.94487,16.83395,16.73143,17.59824,17.494171,17.401081,17.3077,16.637337,16.518076,16.711329,16.573158,18.99334,19.51014,17.650635,17.522358,16.86991,16.623602,0.0,0.0,0.0,0.0,0.0,4.0,0.0,0.0
18031,2023.0,5.0,6.0,5.0,17.850977,17.920366,16.812483,16.713552,17.57035,17.46974,17.37268,17.282667,16.618498,16.501928,16.679659,16.54464,18.26664,17.963068,17.624514,17.498945,16.656273,16.364553,0.0,0.0,0.0,0.0,0.0,0.0,0.0,0.0
18032,2023.0,5.0,6.0,5.0,17.823917,17.894804,16.790876,16.695,17.542364,17.444345,17.343945,17.256538,16.6001,16.48575,16.959455,17.096329,18.032484,17.65637,17.598597,17.475058,16.589695,16.30316,0.0,0.0,0.0,0.0,4.0,0.0,0.0,0.0
18033,2023.0,5.0,6.0,5.0,17.798742,17.872707,16.770895,16.679245,17.516342,17.42257,17.31723,17.234118,16.583447,16.472216,16.757832,16.657059,17.972246,17.604113,17.574749,17.45447,17.412355,17.922,0.0,0.0,0.0,0.0,0.0,0.0,0.0,4.0
18034,2023.0,5.0,6.0,5.0,17.772856,17.849012,16.750643,16.662405,17.48966,17.39922,17.29014,17.210241,16.567186,16.458544,16.659943,16.533604,18.11666,17.951084,17.551067,17.433325,16.810278,16.586576,0.0,0.0,0.0,0.0,0.0,0.0,0.0,0.0
18035,2023.0,5.0,6.0,5.0,17.745985,17.823072,16.729074,16.64271,17.461418,17.372417,17.261791,17.183092,16.55134,16.44458,16.629827,16.504936,18.151249,18.012253,17.527502,17.411348,16.603712,16.330551,0.0,0.0,0.0,0.0,0.0,0.0,0.0,0.0
18036,2023.0,5.0,6.0,6.0,17.721058,17.800596,16.709284,16.626421,17.43552,17.349888,17.235722,17.160273,16.537607,16.433565,16.605158,16.483543,18.140625,18.004953,17.506216,17.392744,16.710615,16.609917,0.0,0.0,0.0,0.0,0.0,0.0,0.0,0.0
18037,2023.0,5.0,6.0,6.0,21.302782,24.091105,16.691196,16.613178,21.251068,24.11521,21.239864,24.25377,16.52571,16.424807,16.585772,16.468407,21.27548,23.403173,21.524267,24.295862,16.706274,16.60855,0.0,0.0,0.0,0.0,0.0,0.0,0.0,0.0
18038,2023.0,5.0,6.0,6.0,20.999718,23.124334,16.669249,16.593958,20.980236,23.123152,21.002863,23.32214,16.516119,16.41731,16.565329,16.45046,21.01141,22.708908,20.995214,23.01892,16.689701,16.59449,0.0,4.0,0.0,0.0,0.0,0.0,0.0,0.0
18039,2023.0,5.0,6.0,6.0,21.138336,23.151873,16.646324,16.572227,21.10891,23.091845,21.157473,23.321186,16.510376,16.414125,16.548317,16.435429,21.11846,22.696661,21.141228,23.041868,16.6753,16.582531,0.0,4.0,0.0,0.0,0.0,0.0,0.0,0.0
18040,2023.0,5.0,6.0,6.0,21.034218,22.800898,16.626326,16.555782,21.061764,22.825718,21.038727,22.911125,16.507664,16.414145,16.536314,16.426573,21.031311,22.382708,20.994247,22.558886,16.666132,16.576115,0.0,0.0,0.0,0.0,0.0,0.0,4.0,0.0
18041,2023.0,5.0,6.0,6.0,21.055717,22.737894,17.083334,17.431856,21.070421,22.697367,21.063013,22.830687,17.110073,17.551844,16.824184,16.975624,21.04561,22.30255,21.076094,22.608776,17.432487,18.031998,4.0,0.0,0.0,4.0,4.0,0.0,0.0,4.0
18042,2023.0,5.0,6.0,7.0,21.024723,22.579027,20.291872,22.896376,21.042053,22.515205,21.153334,22.916735,20.99252,24.328173,20.299778,22.87839,21.041832,22.212627,21.173517,22.694302,21.674105,25.071947,4.0,4.0,0.0,0.0,0.0,0.0,0.0,0.0
18043,2023.0,5.0,6.0,7.0,21.055262,22.60691,20.02863,22.001478,21.07045,22.517944,21.055689,22.646141,18.31138,18.582668,18.71229,19.324081,21.040741,22.14635,21.059166,22.378153,18.900158,19.049892,0.0,0.0,0.0,0.0,4.0,0.0,0.0,0.0
18044,2023.0,5.0,6.0,7.0,21.062002,22.547705,18.202738,18.240175,21.03851,22.375317,21.05492,22.588892,18.025742,18.589073,20.265354,22.366259,21.039442,22.092886,21.007019,22.206005,17.462032,17.220835,0.0,4.0,0.0,4.0,4.0,0.0,4.0,0.0
18045,2023.0,5.0,6.0,7.0,21.033175,22.416245,17.420773,17.352947,21.042906,22.342958,21.053898,22.543558,20.293316,22.447037,20.035841,21.64016,21.038465,22.049965,21.065994,22.301987,17.353987,17.254642,0.0,4.0,0.0,0.0,0.0,0.0,0.0,0.0
18046,2023.0,5.0,6.0,7.0,21.06393,22.461386,17.744204,18.073092,21.0664,22.378122,21.02827,22.438795,18.329876,18.3231,18.450714,18.401434,21.037596,22.01455,21.054796,22.234324,17.298904,17.212276,4.0,0.0,4.0,0.0,0.0,0.0,0.0,0.0
18047,2023.0,5.0,6.0,7.0,21.057222,22.4148,20.27863,22.474674,21.035206,22.26528,21.05755,22.495243,18.120604,18.503143,17.93545,17.930729,21.036781,21.984692,21.054766,22.1953,17.222061,17.137981,0.0,4.0,0.0,4.0,4.0,0.0,0.0,0.0
18048,2023.0,5.0,6.0,8.0,21.057018,22.386557,18.94444,19.554655,21.039955,22.254011,21.065151,22.460201,20.286201,22.23473,20.322754,22.078003,21.03604,21.958672,21.053602,22.16062,17.158812,17.07658,4.0,4.0,0.0,0.0,4.0,0.0,0.0,0.0
18049,2023.0,5.0,6.0,8.0,20.471937,21.232866,20.248724,22.123411,20.113121,20.461557,19.523806,19.46447,19.036472,19.504818,20.0153,21.368755,20.082891,20.10201,19.91068,19.953215,17.110327,17.032824,4.0,4.0,0.0,4.0,4.0,0.0,0.0,0.0
18050,2023.0,5.0,6.0,8.0,19.936012,20.417994,20.036951,21.54044,19.653236,19.933678,18.85747,18.78116,20.237665,21.913382,20.046446,21.28163,19.587006,19.4675,20.269323,21.03674,18.004023,18.759527,0.0,4.0,0.0,0.0,4.0,0.0,4.0,4.0
18051,2023.0,5.0,6.0,8.0,19.159048,19.141674,18.557407,18.583292,19.512598,19.806805,18.653576,18.588196,18.613047,18.579943,20.03961,21.160654,19.412403,19.284458,19.379599,19.203163,20.285997,22.509758,0.0,4.0,0.0,0.0,4.0,0.0,0.0,0.0
18052,2023.0,5.0,6.0,8.0,19.394173,19.868286,17.701136,17.46496,19.416668,19.729187,18.476198,18.413721,17.795391,17.549316,20.03855,21.08102,19.292826,19.167969,19.785997,20.356411,19.016947,19.658575,0.0,4.0,0.0,0.0,4.0,0.0,4.0,4.0
18053,2023.0,5.0,6.0,8.0,19.487785,20.003574,18.055859,18.345938,19.34281,19.672663,19.001749,19.530926,17.702856,17.579872,20.036852,21.02056,19.196766,19.075903,19.114979,18.93857,20.23748,22.074457,4.0,4.0,4.0,0.0,4.0,0.0,0.0,0.0
18054,2023.0,5.0,6.0,9.0,19.446863,19.976002,20.242346,22.134823,19.284628,19.631142,19.204523,19.79626,17.639294,17.539215,20.051754,21.01916,19.11743,19.000103,18.667416,18.40881,18.518415,18.522778,4.0,4.0,4.0,0.0,0.0,0.0,0.0,0.0
18055,2023.0,5.0,6.0,9.0,18.81092,18.828434,20.014997,21.483723,19.236969,19.598236,19.005816,19.405262,18.304272,18.874538,19.221302,19.363544,19.837751,20.429602,18.500467,18.241232,17.71519,17.514378,4.0,4.0,4.0,4.0,4.0,4.0,0.0,0.0
18056,2023.0,5.0,6.0,9.0,18.446276,18.379507,20.045492,21.415585,19.199234,19.574932,18.349468,18.256746,20.25982,22.141731,20.17494,21.310806,19.398855,19.401,19.380543,20.005016,17.513325,17.304499,4.0,4.0,0.0,0.0,0.0,0.0,4.0,0.0
18057,2023.0,5.0,6.0,9.0,18.998344,19.544998,20.03981,21.316053,19.169714,19.55873,18.623749,18.986513,19.15796,19.694967,19.279806,19.474472,18.945406,18.696104,18.822685,18.695984,17.495432,17.39279,4.0,4.0,4.0,4.0,4.0,0.0,0.0,0.0
18058,2023.0,5.0,6.0,9.0,19.191093,19.770449,20.038992,21.251291,19.143517,19.54131,18.211601,18.13638,20.267376,21.905087,20.173042,21.310804,19.551617,19.95481,19.414951,20.064707,17.45955,17.37412,4.0,4.0,0.0,0.0,0.0,4.0,4.0,0.0
18059,2023.0,5.0,6.0,9.0,19.209944,19.802841,20.05516,21.251123,19.124027,19.531761,17.874607,17.70148,18.743147,18.767149,19.303099,19.512693,19.81998,20.270094,19.73071,20.412739,17.401642,17.320168,0.0,4.0,0.0,0.0,4.0,4.0,4.0,0.0
18060,2023.0,5.0,6.0,10.0,19.223455,19.821121,19.168425,19.488718,19.110188,19.527647,17.748405,17.572176,17.989784,17.788277,20.158669,21.288458,19.888472,20.345455,18.902788,18.79356,17.34908,17.269236,4.0,4.0,0.0,0.0,0.0,4.0,0.0,0.0
18061,2023.0,5.0,6.0,10.0,19.225452,19.823448,20.158789,21.532347,19.09738,19.521677,17.780848,17.726557,17.884714,17.77101,19.02744,18.993198,19.254145,19.110855,18.49849,18.292294,17.304247,17.225887,4.0,4.0,0.0,0.0,0.0,0.0,0.0,0.0
18062,2023.0,5.0,6.0,10.0,18.599491,18.655,20.017685,21.169775,18.502066,18.428513,17.772366,17.746056,17.817747,17.717794,18.49313,18.377335,19.699352,20.137043,18.365215,18.150494,17.265,17.187056,4.0,0.0,0.0,0.0,0.0,4.0,0.0,0.0
18063,2023.0,5.0,6.0,10.0,18.993866,19.60457,20.054585,21.209036,18.165728,18.000319,18.440617,19.049538,18.493887,19.068089,18.355778,18.236763,19.921686,20.393831,18.287624,18.078903,17.232132,17.155659,0.0,0.0,4.0,4.0,0.0,4.0,0.0,0.0
18064,2023.0,5.0,6.0,10.0,18.54305,18.634932,18.916838,18.991745,18.678411,19.071058,18.554867,19.05041,20.22059,21.936203,18.251019,18.13676,19.292063,19.163063,18.227158,18.025614,17.204605,17.129818,0.0,4.0,4.0,0.0,0.0,0.0,0.0,0.0
18065,2023.0,5.0,6.0,10.0,18.931015,19.554798,18.205936,18.059738,18.898457,19.35568,18.540915,19.023094,19.290462,19.854193,18.526516,18.732801,18.973713,18.74029,18.267206,18.162731,17.181408,17.10792,0.0,4.0,4.0,4.0,4.0,0.0,0.0,0.0
18066,2023.0,5.0,6.0,11.0,18.458233,18.580193,18.554104,18.87754,18.358377,18.337252,17.989876,17.98201,20.220272,21.630314,20.187666,21.675276,18.892653,18.652338,18.266785,18.178034,17.165304,17.092932,4.0,0.0,0.0,0.0,0.0,0.0,0.0,0.0
18067,2023.0,5.0,6.0,11.0,18.146076,18.170574,20.207865,21.780119,18.031029,17.903397,17.674942,17.570162,18.877243,18.90987,19.064358,19.27692,18.837372,18.601748,18.24096,18.154896,17.148384,17.077076,0.0,0.0,0.0,0.0,0.0,0.0,0.0,0.0
18068,2023.0,5.0,6.0,11.0,18.064064,18.093943,19.02637,19.341345,17.911915,17.775373,17.569647,17.457851,18.196058,18.018454,18.379835,18.300915,18.90084,18.77778,18.212763,18.127947,17.132643,17.06195,0.0,0.0,0.0,0.0,0.0,0.0,0.0,0.0
18069,2023.0,5.0,6.0,11.0,18.129694,18.277628,18.401554,18.38307,17.845581,17.710947,17.511742,17.40205,18.111862,18.002089,18.233242,18.120995,18.915176,18.81275,18.187458,18.102081,17.119816,17.048841,0.0,0.0,0.0,0.0,0.0,0.0,0.0,0.0
18070,2023.0,5.0,6.0,11.0,18.86918,19.692102,18.22755,18.210686,17.888193,17.856905,17.550373,17.532124,18.042347,17.943254,18.170877,18.063099,19.695076,20.310446,18.165462,18.081837,17.109259,17.039253,0.0,0.0,0.0,0.0,0.0,4.0,0.0,0.0
18071,2023.0,5.0,6.0,11.0,18.301418,18.455805,18.091816,18.075176,17.878096,17.868263,17.54243,17.54333,18.707548,19.264315,18.112734,18.00563,19.09565,19.011581,18.144281,18.061296,17.099714,17.030056,0.0,0.0,0.0,4.0,0.0,0.0,0.0,0.0
18072,2023.0,5.0,6.0,12.0,18.066511,18.120806,17.983427,17.969961,17.84523,17.839561,17.514154,17.518919,20.19769,21.795156,18.063316,17.95726,19.604631,20.055136,18.125036,18.042738,17.091728,17.022366,0.0,0.0,0.0,0.0,0.0,4.0,0.0,0.0
18073,2023.0,5.0,6.0,12.0,21.276405,23.833797,17.874279,17.864553,21.256355,23.909,21.237865,24.1275,19.392414,19.967035,18.01157,17.906357,21.222332,22.810074,21.482061,23.901451,17.083942,17.014418,0.0,0.0,0.0,4.0,0.0,0.0,0.0,0.0
18074,2023.0,5.0,6.0,12.0,21.020721,23.012669,17.776752,17.767817,20.982782,22.968964,21.005482,23.242329,20.163618,21.503712,17.965754,17.859955,21.02712,22.227919,21.002876,22.745504,17.079659,17.009758,0.0,4.0,0.0,0.0,0.0,0.0,0.0,0.0
18075,2023.0,5.0,6.0,12.0,21.061592,22.879297,17.694313,17.688107,21.038765,22.85026,21.040157,23.029844,18.931746,18.975204,17.92889,17.823416,21.042631,22.12463,21.05065,22.627754,17.08064,17.010866,0.0,4.0,4.0,0.0,0.0,0.0,0.0,0.0
18076,2023.0,5.0,6.0,12.0,21.05351,22.71742,18.098263,18.512026,21.038946,22.681488,21.059187,22.917412,18.269793,18.086172,17.897745,17.791597,21.030369,22.016705,21.0416,22.459274,17.086088,17.016798,4.0,4.0,0.0,0.0,0.0,0.0,0.0,0.0
18077,2023.0,5.0,6.0,12.0,21.019339,22.544798,20.249735,22.211903,21.037964,22.562853,21.039492,22.717857,18.939575,19.512707,17.872713,17.767622,21.031113,21.954721,21.041925,22.351149,17.09301,17.024315,0.0,4.0,4.0,4.0,0.0,0.0,0.0,0.0
18078,2023.0,5.0,6.0,13.0,21.0328,22.49773,18.857004,19.235409,21.061232,22.543873,21.041845,22.62622,20.146898,21.471182,17.852715,17.749205,21.030005,21.90437,21.04074,22.268936,17.100174,17.03272,0.0,0.0,4.0,0.0,0.0,0.0,0.0,0.0
18079,2023.0,5.0,6.0,13.0,21.03021,22.439182,18.45326,18.885588,21.03029,22.39263,21.040379,22.552319,18.937702,18.975443,18.20765,18.43325,21.029541,21.866774,21.040012,22.207941,17.103848,17.035585,4.0,4.0,4.0,0.0,4.0,0.0,0.0,0.0
18080,2023.0,5.0,6.0,13.0,21.22748,22.792316,20.241882,21.993217,21.216467,22.714785,21.20645,22.82943,18.280462,18.090042,20.219942,21.926462,21.493187,22.501543,21.249348,22.581762,17.104605,17.035786,4.0,4.0,4.0,0.0,0.0,4.0,0.0,0.0
18081,2023.0,5.0,6.0,13.0,21.028646,22.355833,20.0281,21.410194,21.058128,22.373278,21.062908,22.512177,18.960754,19.54031,18.976921,19.225609,21.034372,21.75844,21.038256,22.11986,17.10295,17.034008,0.0,0.0,0.0,4.0,0.0,0.0,0.0,0.0
18082,2023.0,5.0,6.0,13.0,21.055252,22.401657,19.104933,19.500664,21.052855,22.325922,21.057402,22.459303,20.114975,21.365696,18.242899,18.169409,21.035206,21.749401,21.038488,22.095785,17.098824,17.030128,4.0,0.0,0.0,4.0,0.0,0.0,0.0,0.0
18083,2023.0,5.0,6.0,13.0,21.273472,22.787628,20.211456,21.702127,21.20991,22.607512,21.19894,22.705824,20.034878,21.106081,18.080324,17.976048,21.183544,22.03644,21.29214,22.583582,17.092573,17.024385,0.0,0.0,0.0,0.0,0.0,0.0,0.0,0.0
18084,2023.0,5.0,6.0,14.0,21.027075,22.266592,18.900387,19.030485,21.042072,22.258905,21.031303,22.31655,19.540474,20.029093,18.0074,17.901623,21.0268,21.726154,20.997591,21.944618,17.08458,17.01697,0.0,0.0,4.0,4.0,0.0,0.0,4.0,0.0
18085,2023.0,5.0,6.0,14.0,20.354063,20.959286,18.678535,19.049149,20.46897,21.120653,19.681328,19.74037,20.114836,21.20365,17.9477,17.8428,20.296856,20.32703,19.858784,19.784977,17.07565,17.008995,4.0,4.0,0.0,0.0,0.0,0.0,0.0,0.0
18086,2023.0,5.0,6.0,14.0,19.458162,19.520609,20.20154,21.74089,19.974234,20.383373,18.887594,18.727863,18.998774,18.95898,17.891092,17.78565,20.621181,21.181767,19.246323,19.018871,17.063637,16.99769,0.0,4.0,0.0,0.0,0.0,4.0,0.0,0.0
18087,2023.0,5.0,6.0,14.0,19.679564,20.217304,19.030142,19.32313,19.223248,19.13503,19.218702,19.577843,19.058237,19.430716,18.206896,18.422394,19.95328,19.809793,19.006512,18.766014,17.048927,16.983467,0.0,0.0,4.0,4.0,4.0,0.0,0.0,0.0
18088,2023.0,5.0,6.0,14.0,19.737265,20.305685,18.447062,18.444595,19.4819,19.805487,19.294426,19.70863,20.154036,21.352406,20.212511,21.959244,20.317188,20.672543,19.834398,20.450012,17.029623,16.966028,0.0,4.0,4.0,0.0,0.0,4.0,4.0,0.0
18089,2023.0,5.0,6.0,14.0,19.116531,19.183159,18.64621,18.992756,19.574682,19.962793,19.236214,19.646683,18.950415,18.917358,18.90646,19.15366,19.787748,19.608957,19.224634,19.105816,17.930237,18.698177,4.0,4.0,4.0,0.0,0.0,0.0,0.0,4.0
18090,2023.0,5.0,6.0,15.0,19.48593,20.023594,20.20369,21.755514,18.958487,18.855093,18.633205,18.554777,18.439829,18.2052,18.29583,18.211164,19.475,19.192776,18.868145,18.63795,20.2633,22.592897,0.0,0.0,0.0,0.0,0.0,0.0,0.0,4.0
18091,2023.0,5.0,6.0,15.0,19.605278,20.166254,19.167566,19.543068,18.565575,18.35309,18.252453,18.070463,18.341274,18.229414,18.110016,18.021402,19.312939,19.036242,19.66964,20.313448,20.035646,21.852242,4.0,0.0,0.0,0.0,0.0,0.0,4.0,0.0
18092,2023.0,5.0,6.0,15.0,19.581816,20.148224,20.186054,21.588545,19.032232,19.363474,18.08902,17.89573,18.250744,18.16285,17.987988,17.900694,19.332483,19.206125,19.050928,18.931026,18.371632,18.429188,4.0,4.0,0.0,0.0,0.0,0.0,0.0,0.0
18093,2023.0,5.0,6.0,15.0,19.566183,20.135025,20.012402,21.136791,19.22265,19.624481,18.653843,19.05441,18.140984,18.05845,18.290092,18.55978,19.303497,19.204336,18.623459,18.41486,17.586668,17.436031,4.0,4.0,4.0,0.0,4.0,0.0,0.0,0.0
18094,2023.0,5.0,6.0,15.0,19.541357,20.104334,20.053425,21.163195,19.218391,19.620596,18.263956,18.199425,18.047626,17.971573,20.236895,21.912354,19.237528,19.145826,18.477966,18.271305,17.387497,17.230154,0.0,4.0,0.0,0.0,0.0,0.0,0.0,0.0
18095,2023.0,5.0,6.0,15.0,18.940285,19.002218,18.94182,18.977734,19.205894,19.607983,18.582096,18.972395,17.966494,17.895153,18.955664,19.180685,19.174402,19.086775,18.374447,18.172173,17.348883,17.27882,0.0,4.0,4.0,0.0,0.0,0.0,0.0,0.0
18096,2023.0,5.0,6.0,16.0,19.356756,19.925926,18.799812,18.937824,19.19419,19.595526,18.719414,19.153242,17.904736,17.834862,18.374678,18.294254,19.123589,19.037409,18.412264,18.326223,17.307066,17.250896,4.0,4.0,4.0,0.0,0.0,0.0,0.0,0.0
18097,2023.0,5.0,6.0,16.0,19.434282,20.013062,20.157055,21.42621,19.182686,19.584211,18.16983,18.108011,17.849844,17.783688,18.221834,18.131601,19.075026,18.987143,18.390049,18.320343,17.252735,17.201237,4.0,4.0,0.0,0.0,0.0,0.0,0.0,0.0
18098,2023.0,5.0,6.0,16.0,18.802738,18.828804,20.03121,21.097502,19.16989,19.571346,17.846577,17.677074,17.793665,17.729212,18.093868,18.00413,19.026434,18.937582,18.341093,18.271187,17.194496,17.144773,0.0,4.0,0.0,0.0,0.0,0.0,0.0,0.0
18099,2023.0,5.0,6.0,16.0,18.487238,18.441622,18.947199,18.964472,18.598885,18.5204,18.393042,18.786709,17.74713,17.684467,17.999441,17.914791,19.69929,20.243828,18.296755,18.22768,17.146248,17.097988,0.0,0.0,4.0,0.0,0.0,4.0,0.0,0.0
18100,2023.0,5.0,6.0,16.0,19.083826,19.644829,18.572643,18.509375,18.307037,18.103718,17.983517,17.926607,17.712282,17.648575,17.93484,17.84946,19.776428,20.227232,19.241432,20.03617,17.112486,17.063147,0.0,0.0,0.0,0.0,0.0,4.0,4.0,0.0
18101,2023.0,5.0,6.0,16.0,19.232515,19.82354,18.43758,18.39158,18.833769,19.188284,18.407425,18.812492,17.681547,17.617409,17.878714,17.79442,19.122519,18.947414,18.49162,18.394672,17.08364,17.034067,0.0,4.0,4.0,0.0,0.0,0.0,0.0,0.0
18102,2023.0,5.0,6.0,17.0,19.260899,19.84525,18.309141,18.263517,18.981022,19.39412,17.97187,17.915285,18.389511,18.974588,18.201744,18.443838,18.909845,18.658007,19.232296,19.929781,17.058867,17.008648,0.0,4.0,0.0,4.0,4.0,0.0,4.0,0.0
18103,2023.0,5.0,6.0,17.0,19.277502,19.852268,18.633772,18.963785,18.436264,18.363134,17.73275,17.567541,20.230625,22.081034,20.235563,21.960281,18.839056,18.586103,18.545576,18.448704,17.036928,16.986113,4.0,0.0,0.0,0.0,0.0,0.0,0.0,0.0
18104,2023.0,5.0,6.0,17.0,19.30221,19.880798,20.180513,21.638939,18.748133,19.118053,17.629034,17.45665,18.645088,18.689068,18.939232,19.161982,18.777842,18.526087,18.179499,17.99184,17.013544,16.96235,4.0,4.0,0.0,0.0,0.0,0.0,0.0,0.0
18105,2023.0,5.0,6.0,17.0,18.700872,18.743677,20.030466,21.208067,18.92746,19.336136,17.679499,17.627443,17.893692,17.705635,18.560055,18.810225,19.661589,20.264893,19.10009,19.80131,16.991365,16.939386,0.0,4.0,0.0,0.0,4.0,4.0,4.0,0.0
18106,2023.0,5.0,6.0,17.0,19.065386,19.620117,19.204662,19.505548,18.38473,18.30823,18.376822,18.951252,18.567535,19.110865,20.201607,21.666615,19.127527,18.978891,18.527294,18.420544,17.907322,18.685686,4.0,0.0,4.0,4.0,4.0,0.0,0.0,4.0
18107,2023.0,5.0,6.0,17.0,19.242188,19.816004,20.169981,21.479,18.69966,19.069218,18.056252,18.143454,20.172796,21.710342,20.028582,21.1571,19.539265,19.962908,18.164482,17.973396,20.284285,22.594318,0.0,4.0,0.0,4.0,0.0,4.0,0.0,0.0
18108,2023.0,5.0,6.0,18.0,19.2699,19.843815,19.27992,19.597536,18.31766,18.241085,17.641787,17.504736,20.005404,21.197819,18.863739,18.808538,19.064592,18.89075,18.060116,17.863556,18.324133,18.434195,4.0,0.0,0.0,4.0,0.0,0.0,0.0,0.0
18109,2023.0,5.0,6.0,18.0,21.271608,23.332771,20.18506,21.436182,21.288027,23.621233,21.300793,24.043745,20.054272,21.194479,18.18313,17.919312,21.265865,22.882736,21.576944,24.026342,17.437817,17.29062,0.0,4.0,0.0,0.0,0.0,4.0,4.0,0.0
18110,2023.0,5.0,6.0,18.0,21.006187,22.596645,18.987478,19.011862,21.001486,22.734365,21.00445,23.069855,18.84652,18.771832,18.116783,17.988031,21.029966,22.304806,21.022345,22.746063,17.338152,17.270193,0.0,4.0,0.0,0.0,0.0,0.0,0.0,0.0
18111,2023.0,5.0,6.0,18.0,21.061256,22.585756,18.431454,18.38116,21.043116,22.615175,21.060556,22.940609,18.956572,19.379032,18.470198,18.717953,21.047445,22.185991,21.020592,22.502556,17.285572,17.225002,0.0,4.0,0.0,4.0,4.0,0.0,4.0,0.0
18112,2023.0,5.0,6.0,18.0,21.024815,22.390823,18.72873,19.058676,21.037209,22.469532,21.053007,22.764917,20.238625,21.574232,20.206184,21.693563,21.014595,21.990488,21.022251,22.36322,18.221344,19.052378,4.0,4.0,0.0,0.0,4.0,4.0,4.0,4.0
18113,2023.0,5.0,6.0,18.0,21.216858,22.705278,20.18702,21.60332,21.201408,22.70371,21.17501,22.895275,19.474745,19.905287,20.028316,21.164244,21.133625,22.173094,21.199926,22.644518,20.25017,22.350067,0.0,4.0,0.0,4.0,0.0,0.0,0.0,0.0
18114,2023.0,5.0,6.0,19.0,21.054356,22.343607,19.091658,19.327776,21.0597,22.365808,21.050499,22.559284,20.144945,21.26721,19.157198,19.342308,21.011292,21.84538,21.050364,22.25731,19.101307,19.76027,0.0,0.0,0.0,0.0,4.0,4.0,0.0,4.0
18115,2023.0,5.0,6.0,19.0,21.021936,22.215523,18.851488,19.21555,21.028835,22.227718,21.025091,22.426512,19.539974,19.95339,20.193262,21.35751,21.016062,21.816298,21.01082,22.086565,20.310854,22.124262,4.0,4.0,4.0,4.0,4.0,4.0,4.0,4.0
18116,2023.0,5.0,6.0,19.0,21.026882,22.19598,20.17268,21.504423,21.03337,22.196789,21.02892,22.390747,20.13243,21.169813,20.027882,20.959305,21.04511,21.86351,21.016983,22.058823,20.039291,21.443758,4.0,4.0,4.0,0.0,0.0,0.0,4.0,0.0
18117,2023.0,5.0,6.0,19.0,21.052761,22.244871,20.013014,21.067472,21.057352,22.233507,21.063927,22.423746,18.993153,18.886202,18.967674,18.855228,21.009247,21.741186,21.055864,22.134657,18.609108,18.568703,4.0,0.0,0.0,0.0,0.0,4.0,0.0,0.0
18118,2023.0,5.0,6.0,19.0,21.019009,22.13242,20.032526,21.028917,21.025465,22.119133,21.05586,22.35939,19.13653,19.551481,18.517262,18.407612,21.014069,21.73296,21.046808,22.083183,17.907688,17.704596,4.0,4.0,0.0,4.0,0.0,4.0,0.0,0.0
18119,2023.0,5.0,6.0,19.0,21.052326,22.20254,20.029415,20.969988,21.031199,22.109856,21.056265,22.321049,20.143282,21.243217,18.797215,19.044107,21.013136,21.71717,21.047352,22.054386,17.705564,17.504278,4.0,4.0,0.0,0.0,4.0,4.0,0.0,0.0
18120,2023.0,5.0,6.0,20.0,21.018686,22.096054,20.029285,20.931578,21.05561,22.161945,21.019217,22.21891,18.96626,18.858139,20.176271,21.43165,21.04334,21.783503,21.046665,22.027945,17.690426,17.609917,4.0,0.0,4.0,0.0,0.0,0.0,0.0,0.0
18121,2023.0,5.0,6.0,20.0,21.024374,22.096708,20.028486,20.90114,21.024475,22.059734,21.061815,22.296202,18.36802,18.127682,19.123674,19.239244,21.037695,21.751587,21.037132,22.006067,17.642662,17.576357,4.0,4.0,0.0,0.0,0.0,0.0,0.0,0.0
18122,2023.0,5.0,6.0,20.0,21.023634,22.08741,20.028059,20.878147,21.029757,22.057611,21.028608,22.184801,19.108578,19.699966,18.527668,18.452784,21.007214,21.653816,20.997961,21.89447,18.560123,19.384935,4.0,4.0,4.0,4.0,0.0,4.0,4.0,4.0
18123,2023.0,5.0,6.0,20.0,21.050406,22.153074,20.045736,20.91089,21.054249,22.11577,21.034101,22.179213,20.095102,21.20557,18.354507,18.261553,21.042444,21.735886,21.05463,22.020634,20.206799,22.022495,0.0,0.0,4.0,4.0,0.0,0.0,0.0,0.0
18124,2023.0,5.0,6.0,20.0,21.0172,22.051538,19.071737,19.02752,21.02315,22.018002,21.03293,22.163506,20.037441,21.001652,18.615831,18.847733,21.036436,21.709278,21.044489,21.98131,18.539827,18.538439,0.0,4.0,4.0,0.0,4.0,0.0,0.0,0.0
18125,2023.0,5.0,6.0,20.0,21.050074,22.128626,18.452919,18.213612,21.054081,22.090162,21.058128,22.220886,19.55204,19.94878,20.195831,21.530972,21.00623,21.617317,21.004871,21.856565,18.707722,19.347956,0.0,0.0,0.0,4.0,4.0,4.0,4.0,4.0
18126,2023.0,5.0,6.0,21.0,21.016294,22.027758,18.394068,18.29833,21.022118,21.992579,21.026722,22.119774,20.124147,21.100517,20.02766,21.060993,21.041618,21.704193,21.052567,21.973753,20.196478,21.819813,0.0,4.0,4.0,0.0,0.0,0.0,0.0,0.0
18127,2023.0,5.0,6.0,21.0,21.022295,22.033062,18.346273,18.287676,21.053284,22.067072,21.057207,22.187855,19.035835,18.9188,18.92583,18.834665,21.035646,21.681036,21.043514,21.941816,18.647274,18.620745,0.0,0.0,0.0,0.0,0.0,0.0,0.0,0.0
18128,2023.0,5.0,6.0,21.0,21.02176,22.027248,18.251148,18.194868,21.04682,22.041817,21.050797,22.158644,18.464731,18.220304,18.659529,18.709576,21.005081,21.590872,21.043806,21.928085,18.86526,19.512094,0.0,0.0,0.0,0.0,4.0,4.0,0.0,4.0
18129,2023.0,5.0,6.0,21.0,21.174963,22.350048,18.167128,18.113993,21.172434,22.280615,21.16516,22.37159,18.429457,18.326187,20.263937,21.45671,21.138374,21.875395,21.356956,22.514233,20.23276,21.791864,0.0,0.0,0.0,0.0,0.0,0.0,4.0,0.0
18130,2023.0,5.0,6.0,21.0,21.04229,22.069725,18.092964,18.040287,21.035456,22.013508,21.039106,22.123798,18.384186,18.301233,19.008425,18.945944,21.034622,21.655525,21.050257,21.918,18.709177,18.666796,0.0,0.0,0.0,0.0,0.0,0.0,0.0,0.0
18131,2023.0,5.0,6.0,21.0,21.043009,22.060099,18.026869,17.974525,21.037085,22.02201,21.040833,22.129885,19.065317,19.665842,18.487738,18.386692,21.035137,21.647795,21.042147,21.894531,18.944765,19.576674,0.0,0.0,0.0,4.0,0.0,0.0,0.0,4.0
18132,2023.0,5.0,6.0,22.0,21.042435,22.04863,17.969107,17.918652,21.011192,21.9525,21.040304,22.128693,20.141132,21.370964,18.384497,18.292213,21.023724,21.607634,21.042534,21.885637,20.166517,21.59294,0.0,4.0,0.0,0.0,0.0,4.0,0.0,0.0
18133,2023.0,5.0,6.0,22.0,21.031837,22.038311,17.915947,17.866257,21.04213,22.04019,21.014793,22.05585,19.441181,19.81376,18.60697,18.801275,21.038683,21.658487,21.033415,21.87532,19.415422,19.939543,0.0,0.0,4.0,4.0,4.0,0.0,0.0,4.0
18134,2023.0,5.0,6.0,22.0,21.033268,22.045738,17.868185,17.81948,21.0471,22.026125,21.045408,22.139345,20.231915,21.395678,20.217388,21.574293,21.034483,21.63929,21.011555,21.795605,20.24423,21.613684,0.0,0.0,0.0,0.0,0.0,0.0,4.0,0.0
18135,2023.0,5.0,6.0,22.0,21.032757,22.046608,17.825043,17.776344,21.045969,22.00462,21.050343,22.121666,19.003052,18.895449,19.112099,19.262331,21.03462,21.629097,21.05042,21.903774,18.827085,18.750742,0.0,0.0,0.0,0.0,0.0,0.0,0.0,0.0
18136,2023.0,5.0,6.0,22.0,21.03298,22.046629,17.784342,17.73478,21.034565,21.9882,21.04894,22.097324,19.054398,19.374983,18.471405,18.387571,21.024626,21.618822,21.040874,21.871426,18.174927,17.958338,0.0,0.0,0.0,4.0,0.0,0.0,0.0,0.0
18137,2023.0,5.0,6.0,22.0,21.033113,22.045258,17.748543,17.700138,21.035973,21.992737,21.038012,22.081133,20.174654,21.23871,18.316034,18.225124,21.025877,21.625858,21.041798,21.859627,18.942282,19.600647,0.0,0.0,0.0,0.0,0.0,0.0,0.0,4.0
18138,2023.0,5.0,6.0,23.0,21.032444,22.041483,17.714664,17.666994,21.035791,21.991915,21.039234,22.084562,19.005474,18.892595,18.217297,18.12666,21.025766,21.627613,21.04167,21.847225,20.152807,21.533749,0.0,0.0,0.0,0.0,0.0,0.0,0.0,0.0
18139,2023.0,5.0,6.0,23.0,20.212643,20.464224,17.683111,17.636642,20.148752,20.287378,20.070717,20.22418,19.181656,19.621418,18.136648,18.048433,20.354311,20.336445,20.171505,20.179346,18.786795,18.733223,0.0,0.0,0.0,4.0,0.0,0.0,0.0,0.0
18140,2023.0,5.0,6.0,23.0,19.823013,19.92265,17.656263,17.610203,19.688597,19.624807,19.578268,19.523966,18.744465,18.707104,18.076921,17.988548,20.077414,19.962542,19.805464,19.700932,18.290005,18.061579,0.0,0.0,0.0,0.0,0.0,0.0,0.0,0.0
18141,2023.0,5.0,6.0,23.0,19.648941,19.735811,17.629808,17.583984,19.487623,19.403084,19.36201,19.287708,18.367182,18.114485,18.019424,17.92822,19.954077,19.83671,19.630135,19.521101,18.257225,18.167013,0.0,0.0,0.0,0.0,0.0,0.0,0.0,0.0
18142,2023.0,5.0,6.0,23.0,19.529278,19.624624,17.606907,17.563654,19.353935,19.278358,19.216352,19.15216,18.23422,17.9852,17.972277,17.883694,20.628283,21.208612,19.500902,19.401653,18.175285,18.09898,0.0,0.0,0.0,0.0,0.0,4.0,0.0,0.0
18143,2023.0,5.0,6.0,23.0,19.422977,19.520256,17.583689,17.541769,19.235392,19.161692,19.087162,19.02523,18.275627,18.168882,17.926876,17.838703,19.873123,19.65729,19.386002,19.290789,18.088684,18.016844,0.0,0.0,0.0,0.0,0.0,0.0,0.0,0.0
18144,2023.0,5.0,7.0,0.0,19.328821,19.426586,17.560955,17.519936,19.13089,19.057732,18.973246,18.912058,18.89107,19.370844,17.884466,17.796003,19.573158,19.260221,19.284054,19.191166,18.010132,17.940388,0.0,0.0,0.0,4.0,0.0,0.0,0.0,0.0
18145,2023.0,5.0,7.0,0.0,19.246403,19.345755,17.539175,17.49911,19.725292,20.25805,18.873623,18.814587,19.085861,19.606113,17.845644,17.757267,19.462616,19.152628,19.194496,19.104637,17.940924,17.873642,0.0,4.0,0.0,4.0,0.0,0.0,0.0,0.0
18146,2023.0,5.0,7.0,0.0,19.17264,19.27324,17.518175,17.478926,19.277964,19.337132,18.784336,18.727457,18.96295,19.29568,17.809624,17.721312,19.547688,19.418516,19.114508,19.027357,17.878973,17.81382,0.0,0.0,0.0,4.0,0.0,0.0,0.0,0.0
18147,2023.0,5.0,7.0,0.0,19.10615,19.207796,17.497929,17.459406,18.829407,18.581137,18.70362,18.648872,18.345415,18.138071,17.776102,17.68785,19.534864,19.42784,19.04098,18.952934,17.821302,17.75472,0.0,0.0,0.0,0.0,0.0,0.0,0.0,0.0
18148,2023.0,5.0,7.0,0.0,19.044905,19.146955,17.478134,17.440104,18.65361,18.37141,18.629503,18.57618,18.735035,19.024544,17.744513,17.656054,19.486301,19.380169,18.974358,18.886024,17.769333,17.702173,0.0,0.0,0.0,4.0,0.0,0.0,0.0,0.0
18149,2023.0,5.0,7.0,0.0,18.989557,19.093176,17.459244,17.422026,18.733692,18.636084,18.56289,18.512186,18.26005,18.053274,17.715391,17.62725,19.43961,19.333977,18.914404,18.826775,18.460382,19.045237,0.0,0.0,0.0,0.0,0.0,0.0,0.0,4.0
18150,2023.0,5.0,7.0,1.0,18.934425,19.035646,17.43903,17.400776,18.717905,18.650488,18.496464,18.442904,18.049925,17.795206,17.685877,17.595963,19.392912,19.285025,18.856277,18.766333,18.760029,19.4559,0.0,0.0,0.0,0.0,0.0,0.0,0.0,4.0
18151,2023.0,5.0,7.0,1.0,18.890392,18.996841,17.42303,17.387487,18.670874,18.610647,18.445425,18.398943,18.110334,18.004501,17.662115,17.574638,19.354662,19.24989,18.808262,18.721737,17.94903,17.821157,0.0,0.0,0.0,0.0,0.0,0.0,0.0,0.0
18152,2023.0,5.0,7.0,1.0,18.844893,18.952171,17.405565,17.370785,18.621124,18.562761,18.393064,18.347761,18.10403,18.023516,17.63756,17.550209,19.31625,19.211502,18.760815,18.674261,18.442715,18.911383,0.0,0.0,0.0,0.0,0.0,0.0,0.0,4.0
18153,2023.0,5.0,7.0,1.0,18.802729,18.91134,17.388689,17.354816,18.57428,18.518087,18.344833,18.30125,18.063456,17.982796,17.61458,17.527618,19.280825,19.17651,18.717293,18.631187,17.86582,17.706617,0.0,0.0,0.0,0.0,0.0,0.0,0.0,0.0
18154,2023.0,5.0,7.0,1.0,18.762989,18.872772,17.372196,17.339174,18.530157,18.475946,18.299772,18.257814,18.024113,17.943623,17.888773,18.059433,19.247702,19.143827,18.676819,18.591154,18.413013,18.881807,0.0,0.0,0.0,0.0,4.0,0.0,0.0,4.0
18155,2023.0,5.0,7.0,1.0,18.725428,18.836277,17.356142,17.323875,18.488548,18.43619,18.257504,18.217081,17.987686,17.907475,17.699245,17.641901,19.216614,19.11319,18.63903,18.553806,17.844334,17.686853,0.0,0.0,0.0,0.0,0.0,0.0,0.0,0.0
18156,2023.0,5.0,7.0,2.0,18.68946,18.800926,17.340416,17.308653,18.448914,18.397947,18.217466,18.17809,18.546928,18.98933,17.911983,18.088957,19.187094,19.0839,18.603355,18.518312,17.63479,17.430447,0.0,0.0,0.0,4.0,4.0,0.0,0.0,0.0
18157,2023.0,5.0,7.0,2.0,18.656166,18.768856,17.325382,17.29434,18.412144,18.363285,18.180311,18.142801,18.78041,19.301065,17.714123,17.662388,19.159653,19.057203,18.570381,18.486128,18.305079,18.76781,0.0,0.0,0.0,4.0,0.0,0.0,0.0,4.0
18158,2023.0,5.0,7.0,2.0,18.624233,18.73736,17.310448,17.27978,18.376574,18.329126,18.144428,18.108088,18.106932,17.941774,17.617205,17.532696,19.133114,19.031013,18.538721,18.454803,18.520817,19.02854,0.0,0.0,0.0,0.0,0.0,0.0,0.0,4.0
18159,2023.0,5.0,7.0,2.0,18.593863,18.707283,17.29569,17.265406,18.342707,18.296556,18.110544,18.075167,17.87416,17.639723,17.585949,17.501112,19.107729,19.005976,18.508656,18.425066,17.847818,17.701849,0.0,0.0,0.0,0.0,0.0,0.0,0.0,0.0
18160,2023.0,5.0,7.0,2.0,18.562431,18.674221,17.279541,17.248304,18.307655,18.26008,18.07556,18.038427,17.790642,17.552977,17.556446,17.469784,19.081902,18.97908,18.478514,18.393805,17.617636,17.407393,0.0,0.0,0.0,0.0,0.0,0.0,0.0,0.0
18161,2023.0,5.0,7.0,2.0,18.533655,18.645258,17.264774,17.234013,18.27661,18.23029,18.044384,18.008335,17.886164,17.808374,17.53214,17.4458,19.058372,18.95595,18.451063,18.366741,17.534943,17.3297,0.0,0.0,0.0,0.0,0.0,0.0,0.0,0.0
18162,2023.0,5.0,7.0,3.0,18.506428,18.61882,17.250988,17.22165,18.24831,18.204773,18.015736,17.982435,17.872444,17.791283,17.819977,18.005703,19.03635,18.935083,18.42541,18.342186,17.596312,17.521732,0.0,0.0,0.0,0.0,4.0,0.0,0.0,0.0
18163,2023.0,5.0,7.0,3.0,18.47986,18.592941,17.236967,17.208567,18.220312,18.17874,17.987295,17.95595,17.846752,17.7682,17.6213,17.572157,19.014843,18.914566,18.40063,18.318403,18.311432,18.888391,0.0,0.0,0.0,0.0,0.0,0.0,0.0,4.0
18164,2023.0,5.0,7.0,3.0,18.453386,18.566408,17.222761,17.194798,18.19246,18.15194,17.959183,17.928776,17.820559,17.74244,17.528967,17.445963,18.99344,18.893604,18.376175,18.294342,17.699936,17.568865,0.0,0.0,0.0,0.0,0.0,0.0,0.0,0.0
18165,2023.0,5.0,7.0,3.0,18.426085,18.537447,17.207283,17.178434,18.163267,18.121527,17.929909,17.898088,17.793562,17.714258,17.498617,17.413338,18.971464,18.870867,18.3514,18.268778,17.480684,17.280369,0.0,0.0,0.0,0.0,0.0,0.0,0.0,0.0
18166,2023.0,5.0,7.0,3.0,18.41218,18.53454,17.194046,17.166574,18.138494,18.099157,17.904997,17.8755,17.770304,17.692244,17.784632,17.97173,18.951971,18.852528,18.329268,18.247705,17.415483,17.221323,0.0,0.0,0.0,0.0,4.0,0.0,0.0,0.0
18167,2023.0,5.0,7.0,3.0,18.397446,18.526062,17.179695,17.152327,18.112452,18.073498,17.878674,17.849527,17.747065,17.66901,17.555956,17.479534,18.932056,18.832777,18.306961,18.225521,17.486229,17.42048,0.0,0.0,0.0,0.0,0.0,0.0,0.0,0.0
18168,2023.0,5.0,7.0,4.0,18.375803,18.504221,17.165258,17.13769,18.08674,18.047844,17.852652,17.823536,17.724977,17.646915,17.489927,17.405481,18.912615,18.813469,18.285349,18.204044,17.47283,17.406023,0.0,0.0,0.0,0.0,0.0,0.0,0.0,0.0
18169,2023.0,5.0,7.0,4.0,18.354588,18.483162,17.152054,17.125435,18.06355,18.0265,17.82918,17.801918,17.704935,17.627785,17.772827,17.960669,18.894411,18.796139,18.265081,18.184574,17.448164,17.38219,0.0,0.0,0.0,0.0,4.0,0.0,0.0,0.0
18170,2023.0,5.0,7.0,4.0,18.331947,18.459436,17.136879,17.109324,18.037968,18.00006,17.803328,17.775171,17.68417,17.60647,17.901102,18.141169,18.875195,18.776527,18.244043,18.163177,17.422667,17.35602,0.0,0.0,0.0,0.0,4.0,0.0,0.0,0.0
18171,2023.0,5.0,7.0,4.0,18.311544,18.439861,17.124262,17.097967,18.016182,17.980684,17.781475,17.755669,17.666044,17.589684,17.47172,17.282312,18.85797,18.760607,18.225029,18.145391,18.129944,18.708786,0.0,0.0,0.0,0.0,0.0,0.0,0.0,4.0
18172,2023.0,5.0,7.0,4.0,18.289787,18.417461,17.110268,17.083755,17.992687,17.957403,17.758114,17.73236,17.647287,17.570961,17.299904,17.056532,18.83984,18.742601,18.205284,18.12574,17.650219,17.64345,0.0,0.0,0.0,0.0,0.0,0.0,0.0,0.0
18173,2023.0,5.0,7.0,4.0,18.268284,18.395308,17.095964,17.069324,17.969501,17.934336,17.735157,17.709366,17.62908,17.552755,17.71596,17.90826,18.821903,18.724754,18.185858,18.106369,17.378574,17.201677,0.0,0.0,0.0,0.0,4.0,0.0,0.0,0.0
18174,2023.0,5.0,7.0,5.0,18.951553,19.69494,17.548487,17.928854,17.947206,17.912697,17.71301,17.687784,17.61183,17.535892,17.548101,17.507935,18.804588,18.707905,18.167152,18.088106,17.28939,17.101408,4.0,0.0,0.0,0.0,0.0,0.0,0.0,0.0
18175,2023.0,5.0,7.0,5.0,18.515196,18.725147,17.3041,17.37175,17.924805,17.890493,17.690681,17.665619,18.172249,18.602869,17.740318,17.912811,19.531002,20.09705,18.148397,18.069445,17.350018,17.27775,0.0,0.0,0.0,4.0,4.0,4.0,0.0,0.0
18176,2023.0,5.0,7.0,5.0,18.178951,18.149715,17.154243,17.135828,18.602818,19.182817,17.668653,17.64386,17.819546,17.807674,17.55269,17.51064,18.877682,18.696983,18.129965,18.051174,17.349037,17.28385,0.0,4.0,0.0,0.0,0.0,0.0,0.0,0.0
18177,2023.0,5.0,7.0,5.0,18.772455,19.329939,17.113983,17.087143,18.21128,18.297428,17.646833,17.622152,18.247017,18.674187,17.741116,17.910616,18.658157,18.387333,19.099613,19.8935,18.051027,18.623768,0.0,0.0,0.0,4.0,4.0,0.0,4.0,4.0
18178,2023.0,5.0,7.0,5.0,18.306206,18.34008,17.544907,17.914228,18.488585,18.864216,17.62554,17.600952,17.740097,17.589355,17.40649,17.217714,19.355114,19.757698,18.3371,18.216692,17.471977,17.358608,4.0,4.0,0.0,0.0,0.0,4.0,0.0,0.0
18179,2023.0,5.0,7.0,5.0,18.084795,18.019697,17.303896,17.37097,18.60251,18.994207,17.604464,17.579609,17.529102,17.305315,17.236298,16.990993,19.545115,19.973307,18.075691,17.85578,18.009357,18.48371,0.0,4.0,0.0,0.0,0.0,4.0,0.0,4.0
18180,2023.0,5.0,7.0,6.0,18.73197,19.29265,16.994894,16.82192,18.050426,17.930056,17.583778,17.55887,18.061916,18.361597,17.320312,17.215405,18.892815,18.681673,18.006197,17.786188,18.22765,18.74526,0.0,0.0,0.0,4.0,0.0,0.0,0.0,4.0
18181,2023.0,5.0,7.0,6.0,21.281776,23.644562,16.888731,16.682842,21.271126,23.706429,21.259785,24.076204,20.258814,22.101934,17.342196,17.25894,21.25878,22.884916,21.491388,23.879002,20.283083,22.313557,0.0,0.0,0.0,4.0,0.0,4.0,0.0,0.0
18182,2023.0,5.0,7.0,6.0,21.028368,22.861803,16.97286,16.905989,20.995207,22.789986,21.006601,23.148241,19.998035,21.318357,17.325813,17.244629,21.001574,22.249083,20.96634,22.612558,18.484539,18.504353,0.0,4.0,0.0,4.0,0.0,4.0,4.0,0.0
18183,2023.0,5.0,7.0,6.0,21.05988,22.724138,17.016264,16.98571,21.071024,22.740812,21.060555,22.991413,20.055233,21.27583,17.615103,17.803013,21.053858,22.221596,21.0693,22.621605,18.45183,18.930616,0.0,0.0,0.0,0.0,4.0,0.0,0.0,4.0
18184,2023.0,5.0,7.0,6.0,21.028215,22.505098,17.460836,17.830385,21.058252,22.56431,21.029179,22.733517,19.340134,19.730398,20.270964,22.344975,21.014854,22.008749,21.051905,22.426521,20.398888,22.261654,4.0,0.0,4.0,4.0,4.0,4.0,0.0,4.0
18185,2023.0,5.0,7.0,6.0,21.032574,22.422932,20.287544,22.641457,21.033287,22.387463,21.033102,22.622602,20.163998,21.364529,20.008266,21.535011,21.018803,21.937626,21.051853,22.308344,20.032286,21.361526,4.0,4.0,4.0,0.0,0.0,4.0,0.0,0.0
18186,2023.0,5.0,7.0,7.0,21.030704,22.354671,20.025158,21.797892,21.036665,22.321299,21.043257,22.533363,19.465958,19.848488,18.791727,18.984016,21.016891,21.874561,21.049898,22.216352,19.366104,19.904257,0.0,4.0,4.0,4.0,0.0,4.0,0.0,4.0
18187,2023.0,5.0,7.0,7.0,21.029783,22.304585,18.4678,18.58442,21.060095,22.334295,21.040249,22.448042,20.112307,21.140135,18.469688,18.720024,21.01564,21.826017,20.999544,22.04086,20.119698,21.366348,0.0,0.0,4.0,4.0,4.0,4.0,4.0,4.0
18188,2023.0,5.0,7.0,7.0,21.055435,22.337608,18.017826,18.20078,21.028755,22.205027,21.039011,22.385132,20.321232,21.486216,20.225414,21.756657,21.014704,21.787521,21.056793,22.13414,20.224388,21.51117,4.0,4.0,4.0,4.0,4.0,4.0,0.0,0.0
18189,2023.0,5.0,7.0,7.0,21.04901,22.287264,20.267607,22.149658,21.058624,22.25132,21.06263,22.404016,20.04639,20.896612,20.011467,21.146809,21.013798,21.755743,21.045918,22.06746,19.592659,20.156952,4.0,0.0,0.0,0.0,4.0,4.0,0.0,4.0
18190,2023.0,5.0,7.0,7.0,21.04861,22.254549,20.008629,21.433186,21.05185,22.206024,21.031252,22.277489,19.020685,18.875927,20.051977,21.110413,21.012854,21.728493,21.045813,22.028652,20.119905,21.22461,4.0,0.0,4.0,0.0,0.0,4.0,0.0,0.0
18191,2023.0,5.0,7.0,7.0,21.04781,22.22721,20.061188,21.417768,21.02643,22.108477,21.061,22.324968,18.49047,18.234207,18.926119,18.845907,21.012062,21.704594,21.044834,21.99425,18.925444,18.837578,0.0,4.0,0.0,0.0,0.0,4.0,0.0,0.0
18192,2023.0,5.0,7.0,8.0,21.036669,22.205484,18.757149,18.815483,21.030836,22.101019,21.054459,22.281376,18.315825,18.058681,18.808949,19.019041,21.041601,21.761684,21.03488,21.96474,18.323074,18.096796,0.0,4.0,0.0,0.0,4.0,0.0,0.0,0.0
18193,2023.0,5.0,7.0,8.0,20.084143,20.37378,18.14524,18.119362,19.818302,19.793564,19.734074,19.723652,18.340271,18.225111,20.17429,21.398333,20.103453,19.929115,20.08963,20.132889,18.142908,17.921705,0.0,0.0,0.0,0.0,0.0,0.0,0.0,0.0
18194,2023.0,5.0,7.0,8.0,19.519407,19.65968,17.98837,17.960907,19.098427,18.864883,19.142065,19.100344,18.327822,18.238188,19.171722,19.316296,19.634537,19.340887,19.575642,19.493937,18.144337,18.04615,0.0,0.0,0.0,0.0,0.0,0.0,0.0,0.0
18195,2023.0,5.0,7.0,8.0,19.326008,19.429976,17.876629,17.83436,18.86313,18.58784,18.967533,18.911953,18.281958,18.192223,18.681993,18.559359,19.493525,19.184109,19.402206,19.294643,18.114716,18.032812,0.0,0.0,0.0,0.0,0.0,0.0,0.0,0.0
18196,2023.0,5.0,7.0,8.0,19.200949,19.308558,17.789745,17.7497,18.921692,18.858433,18.830414,18.778698,18.23884,18.150238,18.552309,18.429823,19.589743,19.473606,19.288551,19.183723,18.061953,17.981874,0.0,0.0,0.0,0.0,0.0,0.0,0.0,0.0
18197,2023.0,5.0,7.0,8.0,19.095993,19.20754,17.716179,17.678621,18.838099,18.780666,18.7133,18.665483,18.202383,18.114235,18.457458,18.336855,19.556833,19.445078,19.195019,19.092464,18.01577,17.936666,0.0,0.0,0.0,0.0,0.0,0.0,0.0,0.0
18198,2023.0,5.0,7.0,9.0,19.737518,20.50054,17.65671,17.627956,18.757633,18.711494,18.6184,18.582928,18.173056,18.087084,18.388784,18.276,19.513836,19.406685,19.11979,19.023573,17.977427,17.90124,0.0,0.0,0.0,0.0,0.0,0.0,0.0,0.0
18199,2023.0,5.0,7.0,9.0,19.233511,19.451992,17.598604,17.572714,18.677868,18.635693,18.526413,18.49432,18.147121,18.061125,18.32667,18.214693,19.472801,19.366762,19.051222,18.956066,17.94261,17.866673,0.0,0.0,0.0,0.0,0.0,0.0,0.0,0.0
18200,2023.0,5.0,7.0,9.0,18.844584,18.826326,17.548233,17.526752,18.607126,18.570484,18.44638,18.419676,18.126913,18.041243,18.276758,18.166662,20.202154,20.78316,20.013802,20.828629,17.913778,17.838493,0.0,0.0,0.0,0.0,0.0,4.0,4.0,0.0
18201,2023.0,5.0,7.0,9.0,18.693256,18.654995,17.50253,17.484747,18.542463,18.510029,18.373598,18.351036,18.11035,18.024473,18.23476,18.125427,19.578196,19.446295,19.241201,19.153883,17.889187,17.813847,0.0,0.0,0.0,0.0,0.0,0.0,0.0,0.0
18202,2023.0,5.0,7.0,9.0,18.601128,18.567087,17.45767,17.43978,18.479279,18.44587,18.302456,18.278395,18.095938,18.008602,18.197136,18.085234,19.30606,19.032515,18.911068,18.67542,17.867353,17.790346,0.0,0.0,0.0,0.0,0.0,0.0,0.0,0.0
18203,2023.0,5.0,7.0,9.0,18.668238,18.780722,17.424438,17.414036,19.11805,19.69633,18.248625,18.234074,18.086473,17.999514,18.171923,18.063145,19.994291,20.39353,19.821386,20.475697,17.852009,17.775902,0.0,4.0,0.0,0.0,0.0,4.0,4.0,0.0
18204,2023.0,5.0,7.0,10.0,18.658123,18.798012,17.848375,18.23981,19.310234,19.937607,18.194933,18.184458,18.078766,17.991007,18.149565,18.040733,19.522451,19.383492,19.177399,19.085917,17.83876,17.762056,4.0,4.0,0.0,0.0,0.0,0.0,0.0,0.0
18205,2023.0,5.0,7.0,10.0,18.619087,18.764145,20.255999,22.39984,18.657408,18.65624,18.82971,19.42202,18.07417,17.985905,18.132938,18.024197,19.313837,19.065842,18.910309,18.700949,17.829103,17.75207,0.0,0.0,4.0,0.0,0.0,0.0,0.0,0.0
18206,2023.0,5.0,7.0,10.0,18.575521,18.725014,18.794434,19.22585,18.930857,19.359797,18.510136,18.640461,18.071854,17.983017,18.121006,18.012657,19.977163,20.377863,18.812948,18.60301,18.73028,19.459465,0.0,4.0,0.0,0.0,0.0,4.0,0.0,4.0
18207,2023.0,5.0,7.0,10.0,18.536633,18.685291,18.526335,18.942299,18.512043,18.503803,18.159945,18.068884,18.07396,17.984272,18.11976,18.011002,19.542812,19.432962,18.764727,18.558651,20.186016,21.84994,4.0,0.0,0.0,0.0,0.0,0.0,0.0,0.0
18208,2023.0,5.0,7.0,10.0,18.508942,18.672255,20.215635,21.93367,18.222061,18.117,18.02006,17.915464,18.077524,17.987164,18.505312,18.735928,19.280296,19.05736,18.813982,18.702732,18.803368,18.888405,0.0,0.0,0.0,0.0,4.0,0.0,0.0,0.0
18209,2023.0,5.0,7.0,10.0,18.481234,18.6493,18.805937,19.00556,18.133846,18.023623,18.035221,18.022367,18.083143,17.991846,20.16093,21.55143,19.222147,18.990856,18.828018,18.730791,18.150263,17.99796,0.0,0.0,0.0,0.0,4.0,0.0,0.0,0.0
18210,2023.0,5.0,7.0,11.0,18.44354,18.608244,18.453012,18.775227,18.180153,18.17345,18.026861,18.03506,18.090353,17.998497,19.992872,20.993822,19.316242,19.202314,18.813606,18.71764,18.095648,18.005157,4.0,0.0,0.0,0.0,4.0,0.0,0.0,0.0
18211,2023.0,5.0,7.0,11.0,18.414099,18.581163,20.228249,21.903648,18.173643,18.178654,17.993557,18.007835,18.097942,18.004791,20.041443,20.95399,19.34315,19.233692,18.799765,18.70478,18.077833,17.990587,0.0,0.0,0.0,0.0,0.0,0.0,0.0,0.0
18212,2023.0,5.0,7.0,11.0,18.398365,18.577242,18.903591,19.137814,18.14735,18.157911,17.95997,17.977438,18.107267,18.013008,19.207716,19.234385,20.109076,20.68399,18.78742,18.692368,18.052631,17.965508,0.0,0.0,0.0,0.0,0.0,4.0,0.0,0.0
18213,2023.0,5.0,7.0,11.0,18.37722,18.557196,18.369764,18.377678,18.12168,18.134218,17.931559,17.950167,18.118011,18.023445,18.788538,18.55954,20.272215,20.81945,18.778677,18.682934,18.036741,17.947681,0.0,0.0,0.0,0.0,0.0,4.0,0.0,0.0
18214,2023.0,5.0,7.0,11.0,18.358309,18.54103,18.234493,18.254248,18.099499,18.116537,17.907516,17.930588,18.128199,18.032372,18.777164,18.634125,19.607512,19.485653,18.772306,18.676826,18.94625,19.676464,0.0,0.0,0.0,0.0,0.0,0.0,0.0,4.0
18215,2023.0,5.0,7.0,11.0,19.035233,19.828245,18.565123,18.973833,18.776045,19.409418,17.884037,17.910137,18.139275,18.042612,18.756506,18.628963,20.155487,20.601212,18.767353,18.671656,20.15703,21.653173,4.0,4.0,0.0,0.0,0.0,4.0,0.0,0.0
18216,2023.0,5.0,7.0,12.0,18.699093,18.978806,20.210276,21.838394,18.468195,18.62155,17.860321,17.889544,18.152773,18.055197,18.715282,18.588942,19.72588,19.609484,18.763962,18.668098,18.940828,19.057123,0.0,0.0,0.0,0.0,0.0,0.0,0.0,0.0
18217,2023.0,5.0,7.0,12.0,21.303684,23.64055,19.037224,19.381922,21.271784,23.696491,21.282581,23.974878,18.169106,18.07201,18.683338,18.55772,21.305204,22.503887,21.487806,23.440384,18.342794,18.22328,0.0,0.0,0.0,0.0,0.0,0.0,0.0,0.0
18218,2023.0,5.0,7.0,12.0,21.00366,22.773787,18.31054,18.377556,21.007776,22.831654,20.998016,23.024626,18.188957,18.092203,18.661049,18.535782,21.010122,21.842684,20.995314,22.305416,18.22664,18.092735,0.0,0.0,0.0,0.0,0.0,0.0,0.0,0.0
18219,2023.0,5.0,7.0,12.0,21.105907,22.800888,18.113014,18.14019,21.11614,22.8307,21.12881,23.027243,18.211273,18.115646,18.646416,18.52151,21.01175,21.718252,21.084948,22.307417,18.22951,18.135778,0.0,0.0,0.0,0.0,0.0,4.0,0.0,0.0
18220,2023.0,5.0,7.0,12.0,21.096746,22.648432,18.01119,18.042421,21.104134,22.650768,21.11489,22.815054,18.233923,18.13878,18.639229,18.515785,21.007751,21.650757,21.075293,22.154,18.223862,18.131937,0.0,0.0,0.0,0.0,0.0,4.0,0.0,0.0
18221,2023.0,5.0,7.0,12.0,21.046074,22.445093,17.930326,17.966183,21.097155,22.54737,21.10684,22.694517,18.25711,18.162539,18.636654,18.514688,21.00381,21.592888,21.068766,22.059223,18.21806,18.127583,0.0,0.0,0.0,0.0,0.0,4.0,0.0,0.0
18222,2023.0,5.0,7.0,13.0,21.095478,22.523085,17.863117,17.903717,21.049849,22.359592,21.100538,22.602983,18.28028,18.186401,18.63757,18.51715,20.999765,21.544907,21.06409,21.986578,18.216648,18.127666,0.0,4.0,0.0,0.0,0.0,4.0,0.0,0.0
18223,2023.0,5.0,7.0,13.0,21.090212,22.441744,17.805115,17.849318,21.098125,22.440407,21.096176,22.535583,18.302109,18.208134,18.639984,18.520092,21.05232,21.642025,21.0607,21.931183,18.218044,18.129807,0.0,0.0,0.0,0.0,0.0,0.0,0.0,0.0
18224,2023.0,5.0,7.0,13.0,21.08711,22.396006,17.755074,17.802887,21.092762,22.363955,21.092476,22.482773,18.322893,18.228981,18.6439,18.524664,21.048931,21.583914,21.056868,21.885384,18.221773,18.13437,0.0,0.0,0.0,0.0,0.0,0.0,0.0,0.0
18225,2023.0,5.0,7.0,13.0,21.075554,22.35126,17.711803,17.763317,21.081673,22.317133,21.089554,22.441101,18.34275,18.2491,18.649057,18.530655,21.04623,21.547234,21.059034,21.856321,18.227232,18.140778,0.0,0.0,0.0,0.0,0.0,0.0,0.0,0.0
18226,2023.0,5.0,7.0,13.0,21.073511,22.330305,17.674242,17.729519,21.079557,22.290667,21.0871,22.407036,18.36158,18.26843,18.655008,18.537674,21.043825,21.516142,21.056162,21.821054,18.23382,18.148464,0.0,0.0,0.0,0.0,0.0,0.0,0.0,0.0
18227,2023.0,5.0,7.0,13.0,21.028454,22.235798,17.642698,17.702902,21.030312,22.185362,21.032991,22.289896,18.378923,18.286467,18.66092,18.544802,21.314287,21.99844,21.266022,22.1621,18.240908,18.156918,0.0,0.0,0.0,0.0,0.0,4.0,4.0,0.0
18228,2023.0,5.0,7.0,14.0,21.035679,22.238874,17.614532,17.678946,21.038683,22.187555,21.042238,22.29154,18.394928,18.30354,19.067213,19.308292,20.98345,21.349535,20.994226,21.64276,18.248001,18.165615,0.0,0.0,0.0,0.0,4.0,0.0,0.0,0.0
18229,2023.0,5.0,7.0,14.0,20.132446,20.489985,17.590311,17.658428,20.085312,20.340881,19.992308,20.256535,18.408262,18.317343,20.096964,21.013807,21.202108,21.743408,20.248415,20.199081,18.253967,18.172722,0.0,0.0,0.0,0.0,4.0,4.0,0.0,0.0
18230,2023.0,5.0,7.0,14.0,19.614529,19.837711,17.568373,17.638508,20.148172,20.799335,19.356365,19.440643,18.41946,18.33019,20.012152,20.736847,20.5624,20.478136,19.886183,19.758755,18.257982,18.178503,0.0,4.0,0.0,0.0,0.0,0.0,0.0,0.0
18231,2023.0,5.0,7.0,14.0,19.418213,19.624743,17.549665,17.622038,19.654194,19.827097,19.12427,19.185429,19.159023,19.71953,19.36138,19.389383,21.00323,21.498066,19.765804,19.640755,18.26004,18.182333,0.0,0.0,0.0,4.0,0.0,4.0,0.0,0.0
18232,2023.0,5.0,7.0,14.0,20.029951,20.868256,17.53568,17.610088,19.332933,19.372608,18.998415,19.0547,20.108511,21.282234,19.474428,19.69296,20.461618,20.388445,19.717247,19.617523,18.260357,18.184618,0.0,0.0,0.0,0.0,4.0,0.0,0.0,0.0
18233,2023.0,5.0,7.0,14.0,19.594894,19.90348,17.522177,17.599073,19.165033,19.205805,18.87664,18.937105,19.237694,19.404741,20.06826,20.718843,20.20997,20.073761,19.656214,19.563747,18.259079,18.185661,0.0,0.0,0.0,0.0,0.0,0.0,0.0,0.0
18234,2023.0,5.0,7.0,15.0,19.88646,20.65109,17.509972,17.588964,19.048569,19.096853,18.768856,18.829592,18.77545,18.730818,19.493132,19.543377,20.87116,21.390549,19.593649,19.50468,18.255943,18.185356,0.0,0.0,0.0,0.0,0.0,4.0,0.0,0.0
18235,2023.0,5.0,7.0,15.0,19.993637,20.778088,17.498867,17.578022,19.657421,20.3152,18.692507,18.751749,18.698671,18.639965,19.228994,19.13583,21.083298,21.686953,19.544554,19.45763,18.249594,18.180946,0.0,4.0,0.0,0.0,0.0,4.0,0.0,0.0
18236,2023.0,5.0,7.0,15.0,20.018597,20.799755,17.9395,18.41174,19.762703,20.409943,19.302137,19.958569,19.381123,19.950651,19.149271,19.051718,20.429424,20.401802,20.503729,21.316204,18.241179,18.174845,4.0,4.0,4.0,4.0,0.0,0.0,4.0,0.0
18237,2023.0,5.0,7.0,15.0,20.046627,20.835102,20.235222,22.355642,19.775148,20.41185,19.47967,20.177746,20.081724,21.101192,19.088385,18.995266,20.913351,21.421623,19.911304,20.015238,18.231468,18.16781,0.0,4.0,4.0,0.0,0.0,4.0,0.0,0.0
18238,2023.0,5.0,7.0,15.0,19.493456,19.786676,19.191647,19.961052,19.794905,20.430756,19.482224,20.139404,19.311857,19.473557,19.032743,18.942463,20.466824,20.442669,19.512075,19.443415,18.220892,18.160229,4.0,4.0,4.0,0.0,0.0,0.0,0.0,0.0
18239,2023.0,5.0,7.0,15.0,19.921295,20.713913,20.17955,21.75699,19.807789,20.442875,19.502941,20.155365,19.643312,20.190432,18.992844,18.903452,20.237633,20.117538,19.42665,19.347387,18.211164,18.153458,4.0,4.0,4.0,4.0,0.0,0.0,0.0,0.0
18240,2023.0,5.0,7.0,16.0,20.070631,20.859016,20.019415,21.342129,19.818432,20.452942,19.525692,20.177395,20.02653,20.750868,19.360489,19.637709,20.151585,20.032572,19.376366,19.300041,18.20121,18.14621,0.0,4.0,4.0,4.0,4.0,0.0,0.0,0.0
18241,2023.0,5.0,7.0,16.0,20.072937,20.853693,19.01102,19.314844,19.827438,20.461697,19.544018,20.194672,20.0259,20.731043,20.079561,20.844883,20.091202,19.97994,20.348032,21.178387,18.192636,18.1408,0.0,4.0,4.0,0.0,0.0,0.0,4.0,0.0
18242,2023.0,5.0,7.0,16.0,19.494543,19.76226,18.438263,18.571384,19.286472,19.446394,19.561106,20.211643,19.416216,19.516281,19.520687,19.675003,20.065863,19.985655,19.842627,19.925028,19.101715,19.868551,0.0,0.0,4.0,0.0,0.0,0.0,0.0,4.0
18243,2023.0,5.0,7.0,16.0,19.262115,19.454857,18.276207,18.36041,19.678347,20.299177,19.00813,19.168703,19.136837,19.090672,19.210718,19.163614,20.807194,21.426868,19.55925,19.497269,20.131968,21.53053,0.0,4.0,0.0,0.0,0.0,4.0,0.0,0.0
18244,2023.0,5.0,7.0,16.0,19.837257,20.630365,18.159723,18.238605,19.828075,20.466055,18.722305,18.816538,19.015965,18.965405,19.092875,19.027596,21.044556,21.68069,19.453115,19.388233,19.073301,19.264874,0.0,4.0,0.0,0.0,0.0,4.0,0.0,0.0
18245,2023.0,5.0,7.0,16.0,19.97422,20.778328,18.537907,19.005896,19.840097,20.47649,19.284601,19.93772,18.94475,18.887089,19.03617,18.968475,20.427086,20.472347,19.397717,19.333914,19.547419,20.28736,4.0,4.0,4.0,0.0,0.0,0.0,0.0,4.0
18246,2023.0,5.0,7.0,17.0,19.997375,20.785963,20.194567,21.867643,19.851173,20.48781,18.868929,19.057623,18.8909,18.834778,18.99174,18.925913,20.188679,20.104813,19.360619,19.304796,20.077768,21.15264,4.0,4.0,0.0,0.0,0.0,0.0,0.0,0.0
18247,2023.0,5.0,7.0,17.0,20.039604,20.837614,20.000967,21.304783,19.863623,20.501421,19.234812,19.900137,18.840582,18.787163,18.949451,18.886585,20.814129,21.36921,19.323126,19.270697,19.198263,19.339523,4.0,4.0,4.0,0.0,0.0,4.0,0.0,0.0
18248,2023.0,5.0,7.0,17.0,19.464716,19.734379,20.025549,21.241251,19.313046,19.464952,18.849068,19.018927,18.798302,18.747534,18.914244,18.854616,21.081512,21.716291,19.288883,19.238953,18.75416,18.740665,4.0,0.0,0.0,0.0,0.0,4.0,0.0,0.0
18249,2023.0,5.0,7.0,17.0,19.870256,20.680626,20.039236,21.206259,19.654898,20.2841,19.234934,19.902397,18.762726,18.715588,18.884916,18.829351,21.143297,21.777193,20.274035,21.132063,19.490604,20.224052,0.0,4.0,4.0,0.0,0.0,4.0,4.0,4.0
18250,2023.0,5.0,7.0,17.0,19.450474,19.744923,19.155008,19.448166,19.821596,20.469023,19.424408,20.096369,18.731646,18.68787,18.859482,18.808138,20.533407,20.592308,19.764277,19.858854,20.072475,21.081625,0.0,4.0,4.0,0.0,0.0,0.0,0.0,0.0
18251,2023.0,5.0,7.0,17.0,19.160511,19.379414,19.058212,19.559935,19.844202,20.491013,18.880165,19.043427,18.702871,18.661732,18.83514,18.78726,20.206373,20.132608,19.398754,19.362497,20.005796,20.810202,4.0,4.0,0.0,0.0,0.0,0.0,0.0,4.0
18252,2023.0,5.0,7.0,18.0,19.775166,20.59425,20.137478,21.448603,19.863884,20.511377,18.69051,18.79487,18.680664,18.642706,18.815027,18.770638,20.129889,20.054325,19.333538,19.297598,20.033758,20.856503,4.0,4.0,0.0,0.0,0.0,0.0,0.0,0.0
18253,2023.0,5.0,7.0,18.0,21.1779,22.923063,20.005198,21.09396,21.193045,22.848967,21.241974,23.383232,18.655704,18.619055,18.792078,18.749416,21.172798,21.948664,21.416914,22.98981,19.317553,19.436445,4.0,0.0,0.0,0.0,0.0,0.0,0.0,0.0
18254,2023.0,5.0,7.0,18.0,20.993473,22.3721,20.021587,21.067204,20.995485,22.286238,21.0103,22.653446,19.407787,20.06505,19.165234,19.474634,21.010109,21.596973,21.001831,22.064104,19.841301,20.64197,4.0,4.0,0.0,4.0,4.0,0.0,0.0,4.0
18255,2023.0,5.0,7.0,18.0,21.0186,22.319218,20.036808,21.069382,21.022493,22.244263,21.045248,22.563816,20.074717,21.042152,20.10259,21.055473,21.018202,21.578245,20.99463,21.91595,20.028198,20.83201,0.0,4.0,0.0,0.0,0.0,0.0,4.0,0.0
18256,2023.0,5.0,7.0,18.0,21.015,22.242504,19.556387,20.086527,21.018547,22.170914,21.040297,22.445858,19.296827,19.410164,19.41491,19.581755,21.017195,21.551321,21.038534,21.961288,20.094864,20.86899,4.0,4.0,0.0,0.0,0.0,0.0,0.0,4.0
18257,2023.0,5.0,7.0,18.0,21.042175,22.265873,20.120533,21.23276,21.01821,22.122332,21.03966,22.367607,18.909975,18.887392,19.003113,18.985893,21.017136,21.533735,21.03156,21.84252,20.13772,20.903578,0.0,4.0,0.0,0.0,0.0,0.0,4.0,4.0
18258,2023.0,5.0,7.0,19.0,21.00851,22.134441,19.246908,19.484085,21.04313,22.15482,21.039074,22.309292,19.521648,20.11885,19.27285,19.565855,21.017103,21.521418,21.034275,21.859282,20.013006,20.684284,0.0,0.0,0.0,4.0,4.0,0.0,0.0,0.0
18259,2023.0,5.0,7.0,19.0,21.01486,22.115555,18.743341,18.830061,21.011906,22.036337,21.038298,22.263647,20.03601,20.836405,20.10578,20.969887,21.0172,21.513136,21.02938,21.816734,19.334932,19.36385,0.0,4.0,0.0,4.0,0.0,0.0,0.0,0.0
18260,2023.0,5.0,7.0,19.0,21.013222,22.088587,18.567999,18.627417,21.017883,22.022995,21.037828,22.227816,20.026106,20.764269,19.383097,19.46118,21.247221,21.922935,21.02983,21.789757,18.98796,18.930107,0.0,4.0,0.0,0.0,0.0,4.0,0.0,0.0
18261,2023.0,5.0,7.0,19.0,21.013794,22.06862,18.899963,19.342981,21.017307,22.001534,21.012283,22.128963,19.952051,20.525091,18.974659,18.900087,20.991928,21.424273,21.029928,21.767857,19.77003,20.527092,4.0,4.0,4.0,4.0,0.0,0.0,0.0,4.0
18262,2023.0,5.0,7.0,19.0,21.040703,22.123592,20.143764,21.46508,21.01751,21.984158,21.017199,22.121344,20.04108,20.708519,19.279165,19.578775,21.025293,21.492363,21.025885,21.752026,20.035332,20.81161,4.0,4.0,4.0,0.0,4.0,0.0,0.0,0.0
18263,2023.0,5.0,7.0,19.0,21.034805,22.087233,20.005514,21.0675,21.043268,22.038916,21.02269,22.105608,19.979147,20.515472,20.10107,20.958227,21.115633,21.636967,21.026295,21.74649,19.247818,19.23937,4.0,0.0,4.0,4.0,0.0,4.0,0.0,0.0
18264,2023.0,5.0,7.0,20.0,21.008152,21.990976,20.023624,21.023066,21.0122,21.93519,21.04755,22.152658,20.006195,20.567879,19.397831,19.499207,21.125551,21.633839,21.21743,22.068317,19.775463,20.496479,4.0,4.0,0.0,4.0,0.0,4.0,4.0,4.0
18265,2023.0,5.0,7.0,20.0,21.013977,21.988573,20.019598,20.958536,21.044569,22.004436,21.040737,22.112736,20.032501,20.629162,19.429762,19.77721,21.011534,21.455383,20.99645,21.652914,20.04055,20.807732,4.0,0.0,0.0,0.0,4.0,0.0,0.0,0.0
18266,2023.0,5.0,7.0,20.0,21.013556,21.977095,20.021893,20.920305,21.037565,21.97094,21.01732,22.020975,19.345263,19.28687,20.100163,20.908768,21.068316,21.543566,21.03757,21.731583,19.228611,19.185637,4.0,0.0,4.0,0.0,0.0,4.0,0.0,0.0
18267,2023.0,5.0,7.0,20.0,21.041792,22.04237,20.021214,20.88528,21.03868,21.954597,21.022303,22.015305,18.964664,18.816673,19.589918,19.806723,21.020351,21.474432,21.031197,21.711042,18.82258,18.69604,4.0,0.0,4.0,0.0,4.0,0.0,0.0,0.0
18268,2023.0,5.0,7.0,20.0,21.035362,22.012602,20.039698,20.909214,21.030651,21.938093,21.022135,22.002338,19.564371,20.07322,20.117125,20.860495,21.025957,21.484034,21.0323,21.704613,18.674849,18.534575,0.0,0.0,4.0,4.0,0.0,0.0,0.0,0.0
18269,2023.0,5.0,7.0,20.0,21.00935,21.922733,19.162035,19.19769,21.03169,21.936577,21.022434,21.991047,20.06851,20.81731,19.300571,19.222103,21.025608,21.479156,21.22842,22.045048,18.664326,18.611952,0.0,0.0,4.0,0.0,0.0,0.0,4.0,0.0
18270,2023.0,5.0,7.0,21.0,21.015284,21.924805,19.027584,19.240507,21.031532,21.9312,21.04851,22.050808,19.855608,20.294518,18.972372,18.900164,21.01794,21.431967,21.005472,21.625725,19.595308,20.420628,4.0,0.0,0.0,4.0,0.0,4.0,0.0,4.0
18271,2023.0,5.0,7.0,21.0,21.041695,21.990671,20.124231,21.21326,21.031664,21.92564,21.017385,21.950375,20.031988,20.639618,18.886425,18.817013,21.030159,21.486296,21.0369,21.686947,20.058392,20.985788,4.0,0.0,4.0,4.0,0.0,0.0,0.0,0.0
18272,2023.0,5.0,7.0,21.0,21.009676,21.891161,20.010408,20.897083,21.031591,21.91945,21.04907,22.021059,20.001442,20.546558,18.79821,18.72828,21.026829,21.474207,21.032883,21.672802,19.078001,18.986078,4.0,0.0,0.0,4.0,0.0,0.0,0.0,0.0
18273,2023.0,5.0,7.0,21.0,21.043646,21.970366,20.02509,20.870365,21.031372,21.912817,21.016153,21.919664,20.004738,20.529264,19.130703,19.425451,20.995874,21.387764,21.03361,21.666689,18.615198,18.425867,4.0,0.0,4.0,4.0,4.0,4.0,0.0,0.0
18274,2023.0,5.0,7.0,21.0,21.036652,21.942627,20.041739,20.878784,21.031538,21.90678,21.023933,21.924784,20.00502,20.510983,20.112719,21.052917,21.033361,21.48392,21.02579,21.659924,19.403202,20.031097,0.0,0.0,4.0,4.0,4.0,0.0,0.0,4.0
18275,2023.0,5.0,7.0,21.0,21.037329,21.929422,19.101582,19.040276,21.03164,21.9006,21.049189,21.986073,20.036148,20.580797,20.02686,20.771273,21.028059,21.466328,21.02683,21.666172,20.08683,21.027073,0.0,0.0,0.0,0.0,0.0,0.0,0.0,0.0
18276,2023.0,5.0,7.0,22.0,21.027288,21.916716,18.927126,19.029026,21.006113,21.823437,21.043941,21.959545,19.261143,19.071037,19.442558,19.543257,21.029,21.460978,21.026686,21.667679,19.05629,18.923214,4.0,4.0,0.0,0.0,4.0,0.0,0.0,0.0
18277,2023.0,5.0,7.0,22.0,21.028353,21.922176,20.154905,21.261347,21.03696,21.905977,21.044144,21.944933,18.843542,18.57927,20.17016,20.935854,21.019363,21.454893,21.027119,21.669024,19.369034,19.852846,0.0,0.0,0.0,0.0,0.0,0.0,0.0,4.0
18278,2023.0,5.0,7.0,22.0,21.028595,21.9237,19.08806,19.073952,21.041811,21.888487,21.032495,21.930643,18.698017,18.438076,19.500383,19.58063,21.020441,21.465195,21.02678,21.668083,20.06101,20.89905,0.0,0.0,0.0,0.0,4.0,0.0,0.0,4.0
18279,2023.0,5.0,7.0,22.0,21.028214,21.923918,18.636646,18.585575,21.040508,21.865211,21.033821,21.936205,18.754423,18.660465,20.166815,20.889908,21.020395,21.470741,21.026724,21.667112,19.999222,20.700434,0.0,0.0,0.0,0.0,0.0,0.0,0.0,4.0
18280,2023.0,5.0,7.0,22.0,21.000475,21.8483,18.540611,18.495106,21.02944,21.848682,21.00759,21.864277,18.742506,18.660255,19.41769,19.42906,21.0204,21.474476,21.026485,21.66544,20.040554,20.756203,0.0,0.0,4.0,0.0,0.0,0.0,0.0,0.0
18281,2023.0,5.0,7.0,22.0,21.044262,21.94172,18.44946,18.404581,21.03077,21.852863,21.04978,21.9522,18.684788,18.604128,19.023975,18.939468,21.02045,21.476923,21.026493,21.663912,19.136742,18.96858,0.0,0.0,0.0,0.0,0.0,0.0,0.0,0.0
18282,2023.0,5.0,7.0,23.0,21.074167,21.981344,18.36234,18.310232,21.061207,21.911602,21.084972,22.00101,18.628586,18.546265,18.87659,18.776325,21.041483,21.519037,21.054096,21.715252,18.705215,18.472685,0.0,0.0,0.0,0.0,0.0,0.0,0.0,0.0
18283,2023.0,5.0,7.0,23.0,20.326347,20.539282,18.297314,18.250153,20.268814,20.377363,20.22414,20.342857,18.581297,18.499857,18.782581,18.688314,20.481781,20.435379,20.326012,20.30187,18.713581,18.62924,0.0,0.0,0.0,0.0,0.0,0.0,0.0,0.0
18284,2023.0,5.0,7.0,23.0,19.987915,20.076544,18.239567,18.18675,19.874062,19.813063,19.801458,19.74755,19.13125,19.567663,18.705294,18.604454,20.267202,20.155588,20.045275,19.950077,18.672934,18.594522,0.0,0.0,0.0,4.0,0.0,0.0,0.0,0.0
18285,2023.0,5.0,7.0,23.0,19.834383,19.915565,18.186193,18.130638,19.701963,19.62689,19.613995,19.547276,18.71191,18.652441,18.63496,18.531105,20.165977,20.051416,19.908266,19.813137,18.610216,18.529562,0.0,0.0,0.0,0.0,0.0,0.0,0.0,0.0
18286,2023.0,5.0,7.0,23.0,19.71344,19.789852,18.135902,18.076574,19.570507,19.489906,19.469505,19.3976,18.982561,19.237642,18.569275,18.461306,20.077084,19.95845,19.789465,19.687025,18.55095,18.466957,0.0,0.0,0.0,4.0,0.0,0.0,0.0,0.0
18287,2023.0,5.0,7.0,23.0,19.617754,19.696974,18.090324,18.029245,19.463202,19.382599,19.35167,19.280397,19.087803,19.353985,18.509657,18.399881,20.706217,21.216219,19.690674,19.587502,18.496479,18.410894,0.0,0.0,0.0,4.0,0.0,4.0,0.0,0.0
18288,2023.0,5.0,8.0,0.0,19.544474,19.635315,18.046576,17.98294,19.367208,19.285122,19.246445,19.17412,19.11914,19.379494,18.452719,18.340315,19.96953,19.700323,19.601551,19.496635,18.444752,18.356934,0.0,0.0,0.0,4.0,0.0,0.0,0.0,0.0
18289,2023.0,5.0,8.0,0.0,19.469358,19.558393,18.004194,17.937145,19.27917,19.19379,19.150066,19.07467,18.572197,18.331308,18.397598,18.2815,20.433798,20.743002,19.51905,19.410812,18.394985,18.30404,0.0,0.0,0.0,0.0,0.0,4.0,0.0,0.0
18290,2023.0,5.0,8.0,0.0,19.39981,19.486723,17.96461,17.895004,19.20059,19.113688,19.064281,18.987673,18.345139,18.050331,18.346043,18.227264,19.841564,19.53247,19.444565,19.334343,18.348618,18.25537,0.0,0.0,0.0,0.0,0.0,0.0,0.0,0.0
18291,2023.0,5.0,8.0,0.0,19.329588,19.408827,17.922226,17.845697,19.121418,19.026047,18.978132,18.892767,18.23051,17.921618,18.29235,18.166647,19.597067,19.222525,19.37139,19.255,18.301542,18.203125,0.0,0.0,0.0,0.0,0.0,0.0,0.0,0.0
18292,2023.0,5.0,8.0,0.0,19.273623,19.355541,17.88915,17.81371,19.060047,18.968977,18.911665,18.831266,18.958977,19.389984,18.248095,18.123186,19.502275,19.13328,19.31014,19.194983,18.261364,18.162882,0.0,0.0,0.0,4.0,0.0,0.0,0.0,0.0
18293,2023.0,5.0,8.0,0.0,19.215822,19.294888,18.312584,18.635103,18.996359,18.902906,18.843111,18.760359,18.578926,18.51518,18.201275,18.073006,19.634706,19.486706,19.24883,19.13087,18.219984,18.118645,4.0,0.0,0.0,0.0,0.0,0.0,0.0,0.0
18294,2023.0,5.0,8.0,1.0,19.160582,19.235725,18.032743,18.031788,18.935331,18.838448,18.777784,18.691523,18.217636,17.910704,18.15514,18.022766,19.626066,19.483854,19.19005,19.068558,18.179338,18.074596,0.0,0.0,0.0,0.0,0.0,0.0,0.0,0.0
18295,2023.0,5.0,8.0,1.0,19.110611,19.184196,18.364214,18.711088,18.880104,18.78222,18.71879,18.631561,18.085335,17.760756,18.420803,18.555925,19.581518,19.437485,19.135983,19.012852,18.141363,18.034777,4.0,0.0,0.0,0.0,4.0,0.0,0.0,0.0
18296,2023.0,5.0,8.0,1.0,19.064102,19.137167,17.831045,17.61742,18.829285,18.731619,18.664688,18.577766,18.200249,18.07426,18.5187,18.682413,19.539377,19.39428,19.085663,18.961864,18.105442,17.997759,0.0,0.0,0.0,0.0,4.0,0.0,0.0,0.0
18297,2023.0,5.0,8.0,1.0,19.017385,19.087742,17.542965,17.175007,18.778635,18.678663,18.611097,18.521738,18.198654,18.076384,18.21914,18.098696,19.496506,19.348673,19.035898,18.909561,18.06929,17.95912,0.0,0.0,0.0,0.0,0.0,0.0,0.0,0.0
18298,2023.0,5.0,8.0,1.0,18.97268,19.040361,17.700672,17.577969,18.730318,18.628078,18.560253,18.468489,18.161715,18.03663,18.1067,17.964792,19.455359,19.304964,18.988562,18.859953,18.034384,17.921913,0.0,0.0,0.0,0.0,0.0,0.0,0.0,0.0
18299,2023.0,5.0,8.0,1.0,18.929674,18.99465,17.710733,17.611912,18.68333,18.578207,18.510916,18.416153,18.125616,17.997929,18.05087,17.905125,19.415598,19.262592,18.94318,18.81233,18.00045,17.885677,0.0,0.0,0.0,0.0,0.0,0.0,0.0,0.0
18300,2023.0,5.0,8.0,2.0,18.889032,18.95214,17.681385,17.581074,18.63958,18.533161,18.465034,18.36899,18.090485,17.960999,18.002325,17.854685,19.377993,19.22317,18.90017,18.767796,17.967953,17.851477,0.0,0.0,0.0,0.0,0.0,0.0,0.0,0.0
18301,2023.0,5.0,8.0,2.0,18.849258,18.910126,17.650383,17.54783,18.596897,18.48878,18.420366,18.322655,18.05594,17.924448,17.957392,17.80756,19.34143,19.184578,18.85844,18.724346,17.936014,17.817644,0.0,0.0,0.0,0.0,0.0,0.0,0.0,0.0
18302,2023.0,5.0,8.0,2.0,18.810413,18.86895,17.618801,17.51387,18.555326,18.445414,18.376957,18.27749,18.021904,17.888405,17.914534,17.7625,19.305775,19.146883,18.817785,18.681965,17.904516,17.784254,0.0,0.0,0.0,0.0,0.0,0.0,0.0,0.0
18303,2023.0,5.0,8.0,2.0,18.772377,18.828503,17.587399,17.480005,18.514729,18.402931,18.33466,18.233356,17.988255,17.852741,17.873148,17.718903,19.270796,19.109854,18.777946,18.640387,17.873278,17.751118,0.0,0.0,0.0,0.0,0.0,0.0,0.0,0.0
18304,2023.0,5.0,8.0,2.0,18.735853,18.790318,17.557653,17.449177,18.476429,18.364119,18.294853,18.193134,17.955538,17.818707,18.154095,18.28023,19.23698,19.074648,18.739313,18.600605,17.842676,17.719141,0.0,0.0,0.0,0.0,4.0,0.0,0.0,0.0
18305,2023.0,5.0,8.0,2.0,18.699884,18.75262,17.527672,17.417377,18.438334,18.324875,18.255407,18.152584,17.922848,17.784567,17.905504,17.756685,19.20344,19.039602,18.701118,18.56121,17.812057,17.6871,0.0,0.0,0.0,0.0,0.0,0.0,0.0,0.0
18306,2023.0,5.0,8.0,3.0,18.661896,18.710316,17.494984,17.379646,18.397594,18.279654,18.213432,18.106035,17.888254,17.746622,17.809525,17.647766,19.16827,19.001076,18.661451,18.518578,17.77981,17.651892,0.0,0.0,0.0,0.0,0.0,0.0,0.0,0.0
18307,2023.0,5.0,8.0,3.0,18.627512,18.674728,17.46682,17.35082,18.361752,18.243687,18.176563,18.069065,17.856087,17.713602,18.085054,18.20435,19.135653,18.967527,18.624195,18.480583,17.749426,17.620571,0.0,0.0,0.0,0.0,4.0,0.0,0.0,0.0
18308,2023.0,5.0,8.0,3.0,18.594816,18.642014,17.439566,17.323408,18.327374,18.209911,18.14127,18.034414,17.825033,17.682602,17.853193,17.719465,19.104322,18.936176,19.554157,20.263441,18.439108,18.943611,0.0,0.0,0.0,0.0,0.0,0.0,4.0,4.0
18309,2023.0,5.0,8.0,3.0,18.560535,18.605734,17.41083,17.29264,18.291624,18.172577,18.104654,17.996195,17.792604,17.64875,17.737442,17.573984,19.071796,18.902174,18.689926,18.401787,17.975813,17.914085,0.0,0.0,0.0,0.0,0.0,0.0,0.0,0.0
18310,2023.0,5.0,8.0,3.0,18.524267,18.565142,17.380033,17.257706,18.254108,18.130959,18.066252,17.953644,17.758463,17.611362,17.686832,17.519304,19.037746,18.864868,18.381298,17.99883,17.574495,17.22621,0.0,0.0,0.0,0.0,0.0,0.0,0.0,0.0
18311,2023.0,5.0,8.0,3.0,18.489721,18.527721,17.349846,17.224058,18.2177,18.091461,18.029112,17.91337,17.725449,17.576132,17.639593,17.46915,19.00497,18.829878,18.27912,17.893589,17.452974,17.097046,0.0,0.0,0.0,0.0,0.0,0.0,0.0,0.0
18312,2023.0,5.0,8.0,4.0,18.456806,18.493313,17.322279,17.195717,18.183832,18.057186,17.994627,17.87849,17.693857,17.5437,17.597494,17.426664,18.97364,18.797604,18.424225,18.267427,17.58732,17.44432,0.0,0.0,0.0,0.0,0.0,0.0,0.0,0.0
18313,2023.0,5.0,8.0,4.0,18.424839,18.460684,17.294657,17.167265,18.149862,18.022667,17.95998,17.84326,17.662886,17.512337,17.55656,17.384975,18.94321,18.766842,18.422777,18.271904,17.58831,17.451506,0.0,0.0,0.0,0.0,0.0,0.0,0.0,0.0
18314,2023.0,5.0,8.0,4.0,18.394197,18.430084,17.268847,17.141989,18.11778,17.991287,17.927256,17.811243,17.63332,17.483082,17.518803,17.347704,18.914188,18.738134,18.392921,18.242352,17.562536,17.425926,0.0,0.0,0.0,0.0,0.0,0.0,0.0,0.0
18315,2023.0,5.0,8.0,4.0,18.373135,18.418306,17.243286,17.116953,18.086155,17.960306,17.895006,17.779648,17.604412,17.454506,17.482662,17.312069,18.885883,18.710165,18.360762,18.210552,17.534777,17.398401,0.0,0.0,0.0,0.0,0.0,0.0,0.0,0.0
18316,2023.0,5.0,8.0,4.0,18.355,18.410267,17.22035,17.09697,18.057522,17.934917,17.865847,17.75379,17.577892,17.43007,17.450537,17.282993,18.85991,18.686163,18.329685,18.181583,18.23361,18.738836,0.0,0.0,0.0,0.0,0.0,0.0,0.0,4.0
18317,2023.0,5.0,8.0,4.0,18.328392,18.383553,17.194975,17.071918,18.026365,17.904121,17.834291,17.722527,17.550194,17.402563,17.7113,17.79946,18.832918,18.659369,18.29713,18.149288,17.748192,17.664398,0.0,0.0,0.0,0.0,4.0,0.0,0.0,0.0
18318,2023.0,5.0,8.0,5.0,18.999998,19.666906,17.170116,17.047625,17.995811,17.87426,17.803635,17.692402,17.523556,17.376448,17.512892,17.37082,18.806976,18.633945,18.26544,18.118217,17.387808,17.055908,0.0,0.0,0.0,0.0,0.0,0.0,0.0,0.0
18319,2023.0,5.0,8.0,5.0,18.550325,18.68005,17.616587,17.905636,17.966068,17.845818,17.773895,17.663797,17.498316,17.352163,17.411482,17.245438,18.782278,18.610186,18.234678,18.088385,17.261175,16.91445,4.0,0.0,0.0,0.0,0.0,0.0,0.0,0.0
18320,2023.0,5.0,8.0,5.0,18.077665,17.839561,17.338835,17.296955,17.936441,17.817232,17.744083,17.63498,17.474367,17.329016,17.375477,17.210478,18.758467,18.587147,18.204435,18.058813,17.388678,17.243752,0.0,0.0,0.0,0.0,0.0,0.0,0.0,0.0
18321,2023.0,5.0,8.0,5.0,18.675545,19.062527,17.201197,17.092373,17.908323,17.791412,17.715597,17.608843,17.452045,17.308418,17.637596,17.730242,18.736187,18.56652,18.175863,18.031954,17.39897,17.266418,0.0,0.0,0.0,0.0,4.0,0.0,0.0,0.0
18322,2023.0,5.0,8.0,5.0,18.804674,19.203579,17.151232,17.035309,17.88016,17.765192,18.388681,18.898794,17.430065,17.287958,17.44442,17.311283,19.443241,19.92374,19.129642,19.854034,18.097961,18.601112,0.0,0.0,4.0,0.0,0.0,4.0,4.0,4.0
18323,2023.0,5.0,8.0,5.0,18.221558,18.083523,17.1169,17.001936,18.544052,19.03611,17.993353,18.014643,17.972704,18.324892,17.627586,17.713945,19.707233,20.274437,18.277277,18.007137,17.434628,17.16716,0.0,4.0,0.0,4.0,4.0,4.0,0.0,0.0
18324,2023.0,5.0,8.0,6.0,18.680422,19.055435,17.087381,16.973694,18.163612,18.183338,17.518896,17.171188,17.628778,17.547298,17.442532,17.315098,18.827038,18.495241,18.93314,19.404245,17.200296,16.870222,0.0,0.0,0.0,0.0,0.0,0.0,4.0,0.0
18325,2023.0,5.0,8.0,6.0,21.276361,23.52234,17.064688,16.957026,21.239578,23.64761,21.228964,23.786734,17.482328,17.348654,17.627434,17.72263,21.244709,22.824493,21.389345,23.593344,17.13925,16.821207,0.0,0.0,0.0,0.0,4.0,0.0,4.0,0.0
18326,2023.0,5.0,8.0,6.0,21.00631,22.706188,17.498129,17.791544,21.001268,22.787228,21.002565,22.97134,18.042437,18.436077,20.307428,22.29106,20.998491,22.1841,20.9999,22.528893,17.267582,17.13829,4.0,4.0,0.0,4.0,4.0,4.0,4.0,0.0
18327,2023.0,5.0,8.0,6.0,21.16278,22.856369,20.288946,22.567108,21.167917,22.8903,21.158743,23.051947,20.287594,22.18714,20.025997,21.464277,21.158428,22.351149,21.243021,22.82379,18.082357,18.647327,0.0,4.0,0.0,0.0,0.0,4.0,4.0,4.0
18328,2023.0,5.0,8.0,6.0,21.030418,22.44261,18.648245,19.003239,21.04238,22.485834,21.028124,22.615633,19.038303,19.392374,18.547068,18.407467,21.022102,21.966082,21.022112,22.244005,20.275454,22.253637,0.0,4.0,4.0,4.0,0.0,4.0,4.0,0.0
18329,2023.0,5.0,8.0,6.0,21.03529,22.36885,17.696753,17.686186,21.041508,22.381472,21.032665,22.524296,20.203514,21.674011,17.984325,17.839333,21.02069,21.884338,21.06072,22.25456,19.102484,19.596453,0.0,4.0,4.0,4.0,0.0,4.0,0.0,4.0
18330,2023.0,5.0,8.0,7.0,21.032885,22.305836,17.492662,17.428823,21.03945,22.304382,21.045124,22.45039,20.03277,21.184313,17.92125,17.791737,21.018553,21.820625,21.050821,22.154993,20.182945,21.70199,0.0,4.0,4.0,0.0,0.0,4.0,0.0,4.0
18331,2023.0,5.0,8.0,7.0,21.031488,22.26074,17.854488,18.186491,21.037725,22.247522,21.041302,22.373238,19.316326,19.644375,18.194292,18.376026,21.01717,21.77168,21.009758,21.982368,20.034864,21.264036,4.0,4.0,4.0,4.0,4.0,4.0,4.0,0.0
18332,2023.0,5.0,8.0,7.0,21.226168,22.618452,20.258505,22.308659,21.213018,22.557995,21.170801,22.599855,20.269777,21.514055,20.261267,21.895416,21.216068,22.132608,21.224455,22.399254,18.688854,18.54576,4.0,4.0,0.0,4.0,4.0,4.0,0.0,0.0
18333,2023.0,5.0,8.0,7.0,21.029057,22.194052,20.02825,21.595682,21.03448,22.165203,21.032774,22.255842,20.034744,20.971846,20.009054,21.182444,21.013517,21.691195,21.00542,21.88971,18.992119,19.557047,0.0,4.0,4.0,0.0,4.0,4.0,4.0,4.0
18334,2023.0,5.0,8.0,7.0,21.028252,22.175919,18.8666,19.16741,21.034029,22.14209,21.062943,22.305693,18.919239,18.755758,20.037489,21.076912,21.012884,21.665565,21.054014,21.991657,20.154243,21.457193,4.0,4.0,0.0,0.0,4.0,4.0,0.0,0.0
18335,2023.0,5.0,8.0,7.0,21.18887,22.503502,20.23901,21.870203,21.185957,22.447393,21.179216,22.509682,18.338663,18.047033,20.04782,20.995872,21.243076,22.104773,21.232096,22.320206,18.802502,18.689518,4.0,0.0,0.0,0.0,0.0,4.0,0.0,0.0
18336,2023.0,5.0,8.0,8.0,21.02037,22.125975,20.013145,21.279856,21.026035,22.083656,21.054821,22.234072,18.332136,18.208632,19.25887,19.368483,21.009731,21.613596,21.043177,21.9119,18.18077,17.941704,4.0,4.0,0.0,0.0,4.0,4.0,0.0,0.0
18337,2023.0,5.0,8.0,8.0,19.852638,19.910383,20.041502,21.242643,20.284842,20.653618,19.939472,20.095514,18.305946,18.203289,20.165676,21.201834,20.104654,19.88739,19.943596,19.778591,18.150187,18.041897,4.0,4.0,0.0,0.0,0.0,0.0,0.0,0.0
18338,2023.0,5.0,8.0,8.0,19.21841,19.13012,20.053995,21.21684,19.345196,19.168474,19.264566,19.241442,18.237448,18.139515,19.061369,18.960655,20.379692,20.696463,19.534843,19.413935,18.11781,18.030418,0.0,0.0,0.0,0.0,0.0,4.0,0.0,0.0
18339,2023.0,5.0,8.0,8.0,18.983982,18.889135,18.877762,18.912151,18.908443,18.64668,19.001776,18.954697,18.177296,18.082355,18.595055,18.466648,19.8894,19.669638,20.38335,21.147701,18.054916,17.971771,0.0,0.0,0.0,0.0,0.0,0.0,4.0,0.0
18340,2023.0,5.0,8.0,8.0,19.01708,19.090397,18.297857,18.074718,18.746298,18.486708,18.856068,18.805368,18.135529,18.041653,18.523445,18.404266,20.345238,20.676746,19.558632,19.422752,18.00759,17.925295,0.0,0.0,0.0,0.0,0.0,4.0,0.0,0.0
18341,2023.0,5.0,8.0,8.0,18.969398,19.077745,18.234812,18.155035,18.776415,18.68578,19.421984,19.98368,18.097572,18.005516,18.825464,19.036242,20.498348,20.891119,19.194908,18.935947,17.964252,17.883419,0.0,0.0,4.0,0.0,4.0,4.0,0.0,0.0
18342,2023.0,5.0,8.0,9.0,18.892807,19.008528,18.589743,18.929583,19.39941,19.930553,18.958048,19.053175,18.787197,19.335558,20.175423,21.385847,19.851028,19.656694,19.065657,18.815325,17.927797,17.849154,4.0,4.0,0.0,4.0,0.0,0.0,0.0,0.0
18343,2023.0,5.0,8.0,9.0,18.804928,18.92208,20.20712,21.76854,18.9119,18.871466,18.464869,18.315952,20.165903,21.582178,19.210972,19.347874,19.534063,19.2576,18.953299,18.71339,17.888878,17.81171,0.0,0.0,0.0,0.0,0.0,0.0,0.0,0.0
18344,2023.0,5.0,8.0,9.0,18.739393,18.87055,19.033703,19.332508,18.497686,18.322186,18.260656,18.082996,18.895842,18.905905,18.632689,18.539488,19.427132,19.149261,18.969423,18.848152,17.853056,17.776499,0.0,0.0,0.0,0.0,0.0,0.0,0.0,0.0
18345,2023.0,5.0,8.0,9.0,19.416605,20.19712,18.880287,19.2529,18.369825,18.180115,18.28794,18.233011,18.408745,18.190235,18.875072,19.080938,20.111126,20.501656,18.94672,18.844053,17.82553,17.748844,4.0,0.0,0.0,0.0,4.0,4.0,0.0,0.0
18346,2023.0,5.0,8.0,9.0,18.821836,18.938803,20.191156,21.599169,18.405897,18.342861,18.25838,18.231579,19.112492,19.641352,20.147036,21.3337,19.622452,19.464863,18.898952,18.800423,17.800472,17.724781,0.0,0.0,0.0,4.0,0.0,0.0,0.0,0.0
18347,2023.0,5.0,8.0,9.0,18.457747,18.462997,19.263794,19.652905,18.386696,18.353102,18.874382,19.44817,20.127167,21.265202,19.214417,19.355156,19.346327,19.100428,18.84684,18.75132,17.774796,17.700325,4.0,0.0,4.0,0.0,0.0,0.0,0.0,0.0
18348,2023.0,5.0,8.0,10.0,18.367355,18.376652,20.18918,21.539421,18.328728,18.301641,18.539959,18.65264,19.03248,19.015774,18.657358,18.570679,19.271667,19.022663,18.798294,18.704924,17.75184,17.678333,0.0,0.0,0.0,0.0,0.0,0.0,0.0,0.0
18349,2023.0,5.0,8.0,10.0,18.41789,18.539677,18.98296,19.09901,18.26896,18.242943,18.116259,18.014149,18.464243,18.27014,18.508327,18.399975,19.338585,19.205475,18.75174,18.657715,17.728382,17.65321,0.0,0.0,0.0,0.0,0.0,0.0,0.0,0.0
18350,2023.0,5.0,8.0,10.0,18.412691,18.554047,18.521986,18.484127,18.217985,18.19055,17.974598,17.832598,19.143047,19.665812,18.44221,18.32622,19.351753,19.237402,18.71233,18.61615,17.707457,17.629683,0.0,0.0,0.0,4.0,0.0,0.0,0.0,0.0
18351,2023.0,5.0,8.0,10.0,18.378292,18.519825,18.366625,18.334307,18.16981,18.142464,18.002436,17.96332,20.13608,21.3192,18.386848,18.268496,19.33183,19.217184,18.675224,18.577866,17.687311,17.607508,0.0,0.0,0.0,0.0,0.0,0.0,0.0,0.0
18352,2023.0,5.0,8.0,10.0,18.340305,18.481575,18.214046,18.184504,18.120102,18.093681,17.98395,17.964293,19.018913,19.001776,18.329681,18.210966,19.307816,19.192135,18.63713,18.539272,17.666264,17.584915,0.0,0.0,0.0,0.0,0.0,0.0,0.0,0.0
18353,2023.0,5.0,8.0,10.0,18.306522,18.445705,18.103039,18.067495,18.077034,18.049288,17.939642,17.920582,18.55767,18.318863,18.650866,18.849634,20.057867,20.63312,18.603937,18.504225,18.573668,19.313189,0.0,0.0,0.0,0.0,4.0,4.0,0.0,4.0
18354,2023.0,5.0,8.0,11.0,18.2725,18.409283,18.006565,17.971214,18.036427,18.008604,17.895163,17.876093,18.518282,18.379421,20.171875,21.525454,20.125978,20.592056,18.572218,18.471565,20.268257,22.140417,0.0,0.0,0.0,0.0,0.0,4.0,0.0,0.0
18355,2023.0,5.0,8.0,11.0,18.227526,18.355186,17.910013,17.876602,17.995329,17.96871,17.850918,17.832598,18.461683,18.342224,19.151196,19.327208,19.479042,19.33426,18.539825,18.439674,18.66671,18.731894,0.0,0.0,0.0,0.0,0.0,0.0,0.0,0.0
18356,2023.0,5.0,8.0,11.0,18.19912,18.328735,18.306063,18.68025,17.960009,17.932861,17.814375,17.794687,18.39395,18.274857,18.663765,18.54792,19.231102,18.95684,18.51129,18.41059,18.12026,17.916162,4.0,0.0,0.0,0.0,0.0,0.0,0.0,0.0
18357,2023.0,5.0,8.0,11.0,18.175907,18.310492,20.228888,22.025986,17.927864,17.902737,18.47056,19.055218,18.333115,18.21752,18.539955,18.409283,19.159508,18.883528,18.484873,18.385492,18.07138,17.956936,0.0,0.0,4.0,0.0,0.0,0.0,0.0,0.0
18358,2023.0,5.0,8.0,11.0,18.140823,18.271275,19.26661,19.88254,17.892859,17.86901,18.752506,19.377092,18.27043,18.157595,18.446997,18.316978,19.102837,18.829449,18.456142,18.357561,18.010754,17.910635,4.0,0.0,4.0,0.0,0.0,0.0,0.0,0.0
18359,2023.0,5.0,8.0,11.0,18.123669,18.26381,20.188566,21.59527,17.862438,17.839138,18.09289,18.078503,18.222834,18.110683,18.386402,18.254902,19.188305,19.043943,18.430809,18.332653,17.9513,17.852732,0.0,0.0,0.0,0.0,0.0,0.0,0.0,0.0
18360,2023.0,5.0,8.0,12.0,18.097544,18.23714,18.917377,19.026335,18.515524,19.09255,17.743313,17.618242,18.174568,18.065418,18.328938,18.201256,19.212973,19.089537,18.404371,18.307243,17.891346,17.795635,0.0,4.0,0.0,0.0,0.0,0.0,0.0,0.0
18361,2023.0,5.0,8.0,12.0,21.285181,23.880562,18.445642,18.40321,21.288425,23.826893,21.285494,23.933653,18.13698,18.029442,18.287518,18.162146,21.235985,22.650105,21.486673,23.703163,17.845959,17.751057,0.0,4.0,0.0,0.0,0.0,0.0,0.0,0.0
18362,2023.0,5.0,8.0,12.0,21.008215,23.010098,18.270525,18.23692,21.001986,22.911964,21.008806,23.002525,18.099413,17.994677,18.243752,18.121721,21.009367,22.093409,20.998566,22.552961,17.802195,17.709976,0.0,4.0,0.0,0.0,0.0,0.0,0.0,0.0
18363,2023.0,5.0,8.0,12.0,21.096489,22.903748,18.115139,18.073517,21.105242,22.872274,21.132378,23.012232,18.0673,17.965149,18.202505,18.082117,21.075233,22.086372,21.106394,22.562517,17.767038,17.677843,0.0,4.0,0.0,0.0,0.0,0.0,0.0,0.0
18364,2023.0,5.0,8.0,12.0,21.048445,22.696785,18.00483,17.972195,21.050552,22.645763,21.009275,22.616346,18.042154,17.943802,18.168808,18.053038,21.020578,21.892946,21.025625,22.279594,17.740562,17.655111,0.0,0.0,4.0,0.0,0.0,0.0,0.0,0.0
18365,2023.0,5.0,8.0,12.0,21.118914,22.71446,17.904793,17.872335,21.084177,22.562746,21.13106,22.765764,18.019611,17.92471,18.136457,18.023666,21.063498,21.908268,21.08978,22.306938,17.718319,17.636658,0.0,4.0,0.0,0.0,0.0,0.0,0.0,0.0
18366,2023.0,5.0,8.0,13.0,21.110842,22.596724,17.82335,17.795305,21.077276,22.465504,21.1214,22.623274,17.999878,17.908613,18.10754,17.998617,21.059143,21.84072,21.083067,22.20719,17.699793,17.621862,0.0,4.0,0.0,0.0,0.0,0.0,0.0,0.0
18367,2023.0,5.0,8.0,13.0,21.092094,22.518467,17.751196,17.725899,21.113527,22.507065,21.101492,22.542488,17.980217,17.891302,18.078806,17.972303,21.05734,21.801975,21.07997,22.152105,17.682022,17.606628,0.0,0.0,0.0,0.0,0.0,0.0,0.0,0.0
18368,2023.0,5.0,8.0,13.0,21.0894,22.48077,17.687288,17.664642,21.108568,22.43121,21.098745,22.502369,17.961039,17.874498,18.050785,17.946785,21.05546,21.770863,21.077618,22.108643,17.66517,17.59228,0.0,0.0,0.0,0.0,0.0,0.0,0.0,0.0
18369,2023.0,5.0,8.0,13.0,21.086845,22.446785,17.630342,17.610273,21.105383,22.384336,21.096718,22.467487,17.942335,17.858221,18.023537,17.922153,21.053814,21.747232,21.074604,22.073368,17.649076,17.578682,0.0,0.0,0.0,0.0,0.0,0.0,0.0,0.0
18370,2023.0,5.0,8.0,13.0,21.085493,22.420677,17.579226,17.561653,21.087872,22.334412,21.094574,22.438068,17.923948,17.84232,17.996899,17.898252,21.05283,21.729816,21.07335,22.048513,17.6335,17.565609,0.0,0.0,0.0,0.0,0.0,0.0,0.0,0.0
18371,2023.0,5.0,8.0,13.0,21.035429,22.31394,18.013807,18.420488,21.03719,22.234533,21.039328,22.321743,17.906202,17.827646,18.366451,18.620214,21.022255,21.664349,21.030037,21.955782,17.618433,17.553316,4.0,0.0,0.0,0.0,4.0,0.0,0.0,0.0
18372,2023.0,5.0,8.0,14.0,21.041008,22.313007,20.234352,22.197577,21.0434,22.237038,21.046318,22.321722,17.888113,17.812475,20.236486,21.78215,21.025791,21.66478,21.035786,21.956474,17.603214,17.54091,4.0,0.0,0.0,0.0,0.0,0.0,0.0,0.0
18373,2023.0,5.0,8.0,14.0,20.566698,21.35991,20.024113,21.539585,19.978405,20.18101,19.905666,20.11622,17.870197,17.796797,19.068401,19.283405,20.358873,20.375782,20.106613,20.15883,17.587494,17.527422,0.0,0.0,0.0,0.0,0.0,0.0,0.0,0.0
18374,2023.0,5.0,8.0,14.0,20.32927,21.08796,19.048212,19.477005,19.948074,20.504896,19.208065,19.220055,17.852127,17.780878,18.39465,18.333237,20.725563,21.287754,19.586676,19.50349,18.484337,19.237507,4.0,4.0,0.0,0.0,0.0,4.0,0.0,4.0
18375,2023.0,5.0,8.0,14.0,20.105322,20.69655,20.184834,21.651602,19.434973,19.547495,18.98909,18.966557,17.834978,17.765547,18.264687,18.171967,20.189,20.205046,20.401491,21.180765,20.222439,22.119915,0.0,0.0,0.0,0.0,0.0,0.0,4.0,0.0
18376,2023.0,5.0,8.0,14.0,19.392519,19.475353,18.908632,19.050177,18.890932,18.748951,18.813463,18.791489,17.81581,17.748558,18.190737,18.100967,19.713055,19.487425,19.674248,19.587324,18.62291,18.708862,0.0,0.0,0.0,0.0,0.0,0.0,0.0,0.0
18377,2023.0,5.0,8.0,14.0,19.0583,19.02777,18.42564,18.400425,18.681482,18.491735,18.68971,18.661428,17.797123,17.731234,18.138037,18.048744,20.297707,20.706902,19.281496,19.059067,18.074926,17.91544,0.0,0.0,0.0,0.0,0.0,4.0,0.0,0.0
18378,2023.0,5.0,8.0,15.0,19.596981,20.17824,18.275568,18.256021,18.679108,18.61454,18.581732,18.554453,17.777708,17.713406,18.089947,18.003466,19.735413,19.557953,19.117228,18.895918,18.010672,17.929468,0.0,0.0,0.0,0.0,0.0,0.0,0.0,0.0
18379,2023.0,5.0,8.0,15.0,19.669088,20.260933,18.149244,18.128714,19.317081,19.88747,18.487373,18.46068,17.757717,17.69469,18.423967,18.67261,19.50594,19.254341,19.101395,18.994312,17.939693,17.869446,0.0,4.0,0.0,0.0,4.0,0.0,0.0,0.0
18380,2023.0,5.0,8.0,15.0,19.072748,19.156872,18.048225,18.028881,18.770649,18.762821,18.404108,18.380064,17.738266,17.676682,20.224527,21.788881,19.41212,19.162447,19.039228,18.94895,17.871593,17.805094,0.0,0.0,0.0,0.0,0.0,0.0,0.0,0.0
18381,2023.0,5.0,8.0,15.0,19.408604,19.994896,17.946024,17.927378,19.001741,19.398678,18.316307,18.293997,17.716652,17.65627,19.054438,19.270506,20.207354,20.76473,18.952892,18.86762,17.802778,17.739374,0.0,4.0,0.0,0.0,0.0,4.0,0.0,0.0
18382,2023.0,5.0,8.0,15.0,18.907623,18.991423,18.323223,18.693531,19.129028,19.574356,18.944063,19.53054,18.437101,19.032675,18.522474,18.441753,20.274992,20.728577,18.882454,18.798283,17.750256,17.687475,4.0,4.0,4.0,4.0,0.0,4.0,0.0,0.0
18383,2023.0,5.0,8.0,15.0,18.661404,18.656286,20.234745,22.022688,19.144028,19.58507,18.52887,18.644161,20.224348,22.041775,18.384832,18.289843,19.61198,19.45725,18.81906,18.738403,17.704004,17.643906,0.0,4.0,0.0,0.0,0.0,0.0,0.0,0.0
18384,2023.0,5.0,8.0,16.0,18.528227,18.51134,18.95547,19.29379,19.153046,19.592274,18.09925,17.98855,18.703308,18.781,18.279348,18.187626,20.027103,20.43181,18.754166,18.676289,17.656422,17.598469,0.0,4.0,0.0,0.0,0.0,4.0,0.0,0.0
18385,2023.0,5.0,8.0,16.0,19.302547,20.050667,18.334703,18.334387,19.155655,19.592562,18.625519,19.05003,18.836134,19.253042,18.208588,18.11697,19.500704,19.340582,18.702177,18.624966,17.618664,17.561098,0.0,4.0,4.0,4.0,0.0,0.0,0.0,0.0
18386,2023.0,5.0,8.0,16.0,18.741735,18.841913,18.597221,18.951117,19.155165,19.589748,18.207975,18.180374,20.186098,21.595325,18.146723,18.057781,20.01176,20.420748,18.654497,18.579052,17.58428,17.527948,4.0,4.0,0.0,0.0,0.0,4.0,0.0,0.0
18387,2023.0,5.0,8.0,16.0,18.402514,18.408098,20.208672,21.773605,19.153296,19.585642,18.554844,18.985155,19.459934,19.965864,18.082216,17.995232,19.548098,19.390789,18.60598,18.532406,17.548908,17.493872,0.0,4.0,4.0,4.0,0.0,0.0,0.0,0.0
18388,2023.0,5.0,8.0,16.0,18.9987,19.594805,19.35533,19.91925,19.150278,19.580412,18.74913,19.205015,20.14923,21.351656,18.392464,18.628386,19.24751,19.009287,19.592466,20.437166,17.516487,17.461887,4.0,4.0,4.0,0.0,4.0,0.0,4.0,0.0
18389,2023.0,5.0,8.0,16.0,19.213991,19.819637,20.198524,21.604063,19.147444,19.575413,18.2084,18.16955,18.957293,18.926302,20.212376,21.730106,19.152166,18.908842,18.930405,18.852007,18.405685,19.165697,0.0,4.0,0.0,0.0,4.0,0.0,0.0,4.0
18390,2023.0,5.0,8.0,17.0,18.666136,18.760023,18.921906,19.001268,19.144089,19.569935,17.901402,17.76528,18.347868,18.155237,20.007845,21.112047,19.211214,19.093706,18.52308,18.34599,20.225765,22.112259,0.0,4.0,0.0,0.0,4.0,0.0,0.0,0.0
18391,2023.0,5.0,8.0,17.0,18.366648,18.370981,18.595282,18.783655,19.140917,19.565487,17.79848,17.649515,18.26657,18.164906,20.048763,21.067173,19.222675,19.127068,18.417425,18.231995,18.58072,18.636223,4.0,4.0,0.0,0.0,0.0,0.0,0.0,0.0
18392,2023.0,5.0,8.0,17.0,18.259575,18.247177,20.197853,21.684574,18.581533,18.528105,18.530941,19.091402,18.206097,18.121313,18.994884,18.941107,19.959208,20.553333,19.339272,20.02481,17.853312,17.71337,0.0,0.0,4.0,0.0,0.0,4.0,4.0,0.0
18393,2023.0,5.0,8.0,17.0,19.035582,19.77556,18.92043,19.030416,18.875635,19.261583,18.143888,18.13549,18.128624,18.048508,18.522724,18.41925,19.4046,19.271015,18.792023,18.694796,17.772732,17.698954,0.0,4.0,0.0,0.0,0.0,0.0,0.0,0.0
18394,2023.0,5.0,8.0,17.0,18.500046,18.593391,18.905302,19.242012,19.004227,19.435495,18.526745,18.957968,18.069965,17.99046,18.428787,18.328392,19.143719,18.89767,18.520748,18.327106,17.732506,17.668234,4.0,4.0,4.0,0.0,0.0,0.0,0.0,0.0
18395,2023.0,5.0,8.0,17.0,18.95319,19.548351,20.170412,21.508423,19.022148,19.448685,18.077412,18.039135,18.017603,17.940664,18.345596,18.246845,19.809689,20.225283,19.424576,20.108742,17.684431,17.622692,0.0,4.0,0.0,0.0,0.0,4.0,4.0,0.0
18396,2023.0,5.0,8.0,18.0,18.538807,18.620365,19.449755,19.968647,18.469732,18.40492,17.775415,17.635967,17.964602,17.890434,18.2616,18.167692,19.35171,19.177786,18.835382,18.718222,17.633326,17.573334,4.0,0.0,0.0,0.0,0.0,0.0,0.0,0.0
18397,2023.0,5.0,8.0,18.0,21.264305,23.509905,20.146095,21.284504,21.261683,23.443836,21.282202,23.854652,18.688223,19.294613,18.19925,18.104862,21.227634,22.5464,21.438961,23.378565,17.593609,17.532955,0.0,0.0,4.0,4.0,0.0,0.0,0.0,0.0
18398,2023.0,5.0,8.0,18.0,21.024338,22.78203,19.013725,19.03748,20.995613,22.613323,21.02224,22.98812,20.144875,21.63073,18.134764,18.04377,20.992878,21.972221,21.01643,22.40898,17.553389,17.493397,0.0,4.0,0.0,4.0,0.0,4.0,0.0,0.0
18399,2023.0,5.0,8.0,18.0,21.056166,22.66491,18.949465,19.319328,21.040487,22.528439,21.065847,22.838627,20.028599,21.225935,18.477448,18.74388,21.047453,21.993324,21.052025,22.329134,17.519342,17.459442,4.0,4.0,0.0,0.0,4.0,0.0,0.0,0.0
18400,2023.0,5.0,8.0,18.0,21.208736,22.82495,20.2094,21.545706,21.20516,22.742016,21.213758,22.976393,18.825596,18.764723,20.222015,21.722332,21.145504,22.105133,21.238646,22.610165,17.493465,17.435493,0.0,4.0,4.0,0.0,0.0,0.0,0.0,0.0
18401,2023.0,5.0,8.0,18.0,21.030067,22.380026,19.143393,19.364775,21.059158,22.383087,21.066275,22.580652,18.223585,18.008364,19.061565,19.234854,21.007797,21.745398,21.038988,22.137102,17.470798,17.41367,0.0,0.0,0.0,0.0,0.0,4.0,0.0,0.0
18402,2023.0,5.0,8.0,19.0,21.056015,22.394142,18.499067,18.488098,21.028124,22.237017,21.033384,22.410143,18.785013,19.202066,18.747768,18.972006,21.012327,21.718191,20.99864,21.98068,18.363564,19.11719,0.0,4.0,4.0,4.0,4.0,4.0,4.0,4.0
18403,2023.0,5.0,8.0,19.0,21.049713,22.330633,18.299574,18.256222,21.05817,22.271172,21.063097,22.428247,20.256336,21.647245,20.192415,21.506062,21.011715,21.693089,21.014732,21.970818,20.265648,22.164324,0.0,0.0,0.0,4.0,0.0,4.0,4.0,4.0
18404,2023.0,5.0,8.0,19.0,21.049042,22.287142,18.17668,18.127382,21.026413,22.14746,21.05616,22.361366,20.00245,20.996414,19.117872,19.249655,21.011204,21.672493,21.05251,22.044376,20.000078,21.392616,0.0,4.0,0.0,4.0,0.0,4.0,0.0,4.0
18405,2023.0,5.0,8.0,19.0,21.03785,22.250261,18.543276,18.89936,21.031265,22.129519,21.0553,22.315641,20.018915,20.933321,18.504755,18.42505,21.041513,21.734356,21.043438,21.992115,20.056923,21.366468,4.0,4.0,0.0,4.0,0.0,0.0,0.0,0.0
18406,2023.0,5.0,8.0,19.0,21.31376,22.767483,20.21325,21.782589,21.23598,22.517822,21.206278,22.603935,20.046259,20.942814,18.344666,18.249395,21.260412,22.129929,21.236021,22.34673,18.72464,18.669476,0.0,4.0,0.0,0.0,0.0,4.0,0.0,0.0
18407,2023.0,5.0,8.0,19.0,21.053299,22.231277,19.363558,19.90529,21.02943,22.081148,21.019217,22.191668,19.602299,19.993542,18.241465,18.145529,21.040352,21.689487,21.043024,21.929733,18.084387,17.883741,4.0,4.0,4.0,4.0,0.0,0.0,0.0,0.0
18408,2023.0,5.0,8.0,20.0,21.046125,22.193117,20.16137,21.473001,21.029583,22.067709,21.024387,22.196695,20.115257,21.038185,18.162888,18.067404,21.004414,21.582401,20.995708,21.80599,17.901653,17.695807,4.0,4.0,4.0,0.0,0.0,4.0,4.0,0.0
18409,2023.0,5.0,8.0,20.0,21.019718,22.098358,20.032883,21.121601,21.029036,22.053602,21.059956,22.260313,19.054272,18.922558,18.097591,18.005205,21.009758,21.586706,21.011524,21.825558,17.906174,17.8216,0.0,4.0,0.0,0.0,0.0,4.0,4.0,0.0
18410,2023.0,5.0,8.0,20.0,21.024155,22.0967,19.24103,19.504404,21.054134,22.110907,21.052689,22.219023,18.503222,18.253706,18.420137,18.661951,21.008898,21.579737,21.009535,21.814959,17.874407,17.803455,4.0,0.0,0.0,0.0,4.0,4.0,4.0,0.0
18411,2023.0,5.0,8.0,20.0,21.184599,22.429495,20.141602,21.337288,21.048326,22.08093,21.216133,22.502811,18.465845,18.355818,20.222376,21.697226,21.151415,21.87781,21.226715,22.270504,17.815823,17.749485,4.0,0.0,4.0,0.0,4.0,0.0,0.0,0.0
18412,2023.0,5.0,8.0,20.0,21.01734,22.057327,20.032139,21.040672,21.04817,22.063133,21.056982,22.184515,19.192389,19.791475,20.02382,21.124771,21.002983,21.544704,21.040617,21.876202,17.762651,17.698486,0.0,0.0,0.0,4.0,0.0,4.0,0.0,0.0
18413,2023.0,5.0,8.0,20.0,21.023537,22.063704,19.309126,19.572012,21.036938,22.04727,21.051268,22.157099,20.120152,21.241383,18.891636,18.806854,21.0393,21.632223,21.041956,21.863003,17.716557,17.652866,4.0,0.0,0.0,0.0,0.0,0.0,0.0,0.0
18414,2023.0,5.0,8.0,21.0,21.049559,22.129618,20.149027,21.25648,21.038097,22.050772,21.026087,22.071962,18.957361,18.85469,18.420525,18.313011,21.00286,21.528666,21.041279,21.847284,17.675564,17.612072,4.0,0.0,4.0,0.0,0.0,4.0,0.0,0.0
18415,2023.0,5.0,8.0,21.0,21.016596,22.031086,20.012531,20.921558,21.037674,22.048635,21.030857,22.074562,18.376547,18.13727,18.338106,18.239714,21.008198,21.537128,21.032028,21.834038,18.557121,19.309048,4.0,0.0,4.0,0.0,0.0,4.0,0.0,4.0
18416,2023.0,5.0,8.0,21.0,21.022936,22.0375,20.03048,20.915989,21.03753,22.045338,21.030054,22.067314,18.35938,18.257507,18.254667,18.160187,21.007664,21.534273,21.045023,21.819405,20.207714,21.935844,4.0,0.0,4.0,0.0,0.0,4.0,4.0,0.0
18417,2023.0,5.0,8.0,21.0,21.048943,22.105305,20.045904,20.93239,21.037315,22.040638,21.029818,22.06044,19.08628,19.673101,18.571371,18.822151,21.038183,21.611124,21.043608,21.844938,18.625797,18.605082,0.0,0.0,4.0,4.0,4.0,0.0,0.0,0.0
18418,2023.0,5.0,8.0,21.0,21.015938,22.007647,19.379536,19.606056,21.037104,22.035465,21.055115,22.123377,20.255,21.563969,20.197947,21.55612,21.032627,21.587265,21.040485,21.826435,17.922712,17.734701,4.0,0.0,0.0,0.0,4.0,0.0,0.0,0.0
18419,2023.0,5.0,8.0,21.0,21.049013,22.087545,20.140266,21.195736,21.036972,22.030132,21.04938,22.097298,19.514397,19.915676,20.010618,21.01407,21.032963,21.575989,20.99972,21.704865,18.870892,19.67698,0.0,0.0,0.0,4.0,4.0,0.0,4.0,4.0
18420,2023.0,5.0,8.0,22.0,21.042559,22.062498,19.049242,19.005276,21.036676,22.024149,21.049345,22.081734,20.10119,21.066809,20.047962,20.97676,21.001911,21.485592,21.048164,21.828505,20.156237,21.661573,0.0,0.0,0.0,4.0,0.0,4.0,0.0,0.0
18421,2023.0,5.0,8.0,22.0,21.042856,22.049778,18.57816,18.50948,21.036629,22.018164,21.037792,22.066368,20.006319,20.798616,18.998945,18.87041,21.007286,21.497442,20.998844,21.692701,18.704275,18.648535,0.0,0.0,0.0,4.0,0.0,4.0,4.0,0.0
18422,2023.0,5.0,8.0,22.0,21.03099,22.035198,18.45312,18.38317,21.035763,22.010551,21.038837,22.070698,20.045134,20.839972,18.567167,18.449896,21.038868,21.580788,21.050737,21.823563,18.029419,17.815325,0.0,0.0,0.0,0.0,0.0,0.0,0.0,0.0
18423,2023.0,5.0,8.0,22.0,21.033375,22.042812,18.341433,18.273184,21.036264,22.005426,21.03881,22.070545,19.584454,19.869295,18.80192,18.986284,21.03198,21.557785,21.03842,21.788868,17.99972,17.916723,0.0,0.0,0.0,4.0,4.0,0.0,0.0,0.0
18424,2023.0,5.0,8.0,22.0,21.03321,22.04292,18.242733,18.173676,21.03624,21.999569,21.039171,22.069534,20.111725,20.94682,20.176865,21.343004,21.033192,21.551107,20.999765,21.67322,18.782053,19.44852,0.0,0.0,0.0,0.0,4.0,0.0,4.0,4.0
18425,2023.0,5.0,8.0,22.0,21.033186,22.041458,18.597729,18.909971,21.036182,21.993425,21.038836,22.064833,19.070875,18.877188,20.016827,20.937695,21.033262,21.543085,21.048378,21.798267,20.178144,21.690634,4.0,0.0,0.0,0.0,0.0,0.0,0.0,0.0
18426,2023.0,5.0,8.0,23.0,21.233395,22.439686,20.201088,21.674265,21.228014,22.371143,21.220652,22.423195,18.54216,18.251862,19.153852,19.201168,21.199883,21.889565,21.248297,22.18923,18.697826,18.614765,0.0,0.0,0.0,0.0,0.0,0.0,0.0,0.0
18427,2023.0,5.0,8.0,23.0,20.205248,20.441162,19.096176,19.337849,20.14566,20.266851,20.08385,20.215765,19.124006,19.522505,18.653765,18.55718,20.408052,20.356682,20.032946,19.821875,18.033089,17.811596,0.0,0.0,0.0,4.0,0.0,0.0,0.0,0.0
18428,2023.0,5.0,8.0,23.0,19.81005,19.89114,18.549723,18.492594,19.683718,19.600073,19.598455,19.524927,18.741255,18.681627,18.51801,18.401737,20.154026,20.021217,19.625372,19.302406,18.029255,17.932652,0.0,0.0,0.0,0.0,0.0,0.0,0.0,0.0
18429,2023.0,5.0,8.0,23.0,19.640917,19.717598,18.394392,18.318743,19.491669,19.39675,19.395126,19.312199,18.380993,18.116236,18.42549,18.31108,20.041,19.912119,19.61878,19.47795,18.777353,19.39721,0.0,0.0,0.0,0.0,0.0,0.0,0.0,4.0
18430,2023.0,5.0,8.0,23.0,19.512754,19.591206,18.290514,18.214897,20.00809,20.491179,19.243704,19.162352,18.231436,17.950745,18.347235,18.236572,19.94658,19.821756,19.542751,19.428051,18.089272,17.922497,0.0,4.0,0.0,0.0,0.0,0.0,0.0,0.0
18431,2023.0,5.0,8.0,23.0,19.404215,19.483965,18.207083,18.131931,19.558765,19.606098,19.116302,19.036192,18.915503,19.345808,18.276894,18.169157,19.861822,19.7364,19.443995,19.334814,17.825413,17.593893,0.0,0.0,0.0,4.0,0.0,0.0,0.0,0.0
18432,2023.0,5.0,9.0,0.0,19.309977,19.391193,18.13568,18.061682,19.050293,18.75558,19.005737,18.927343,18.526402,18.472313,18.211054,18.101992,19.787128,19.661953,19.353577,19.248053,17.73304,17.504282,0.0,0.0,0.0,0.0,0.0,0.0,0.0,0.0
18433,2023.0,5.0,9.0,0.0,19.223944,19.303562,18.070526,17.99534,18.838282,18.50214,18.90436,18.824406,18.173872,17.901878,18.149908,18.039064,19.718313,19.591509,19.269392,19.164732,17.800438,17.71749,0.0,0.0,0.0,0.0,0.0,0.0,0.0,0.0
18434,2023.0,5.0,9.0,0.0,19.152933,19.237238,18.017073,17.945984,18.927351,18.80676,18.820646,18.746693,18.670023,18.93691,18.09827,17.989893,19.659872,19.535444,19.19422,19.08953,17.777905,17.697882,0.0,0.0,0.0,4.0,0.0,0.0,0.0,0.0
18435,2023.0,5.0,9.0,0.0,19.086842,19.173607,17.96694,17.898132,18.901365,18.814531,18.74273,18.672121,18.20852,17.969398,18.049673,17.942337,19.605503,19.482103,19.125721,19.022072,17.7406,17.661499,0.0,0.0,0.0,0.0,0.0,0.0,0.0,0.0
18436,2023.0,5.0,9.0,0.0,19.023594,19.109438,17.918474,17.84928,18.835398,18.750256,18.668158,18.596998,18.017473,17.744131,18.323345,18.496643,19.5537,19.429144,19.061079,18.956093,17.703436,17.623384,0.0,0.0,0.0,0.0,4.0,0.0,0.0,0.0
18437,2023.0,5.0,9.0,0.0,18.97042,19.060465,17.877972,17.812565,18.777193,18.697504,18.60582,18.540054,18.098898,17.986267,18.086401,18.000238,20.230873,20.75258,19.005613,18.903156,17.670874,17.592201,0.0,0.0,0.0,0.0,0.0,4.0,0.0,0.0
18438,2023.0,5.0,9.0,1.0,18.919521,19.011703,17.83908,17.775665,18.72073,18.644106,18.5465,18.483593,18.666246,19.07023,17.980595,17.874767,19.533733,19.289383,18.953335,18.851961,17.639935,17.561766,0.0,0.0,0.0,4.0,0.0,0.0,0.0,0.0
18439,2023.0,5.0,9.0,1.0,18.871525,18.964546,17.8022,17.74002,18.667114,18.59211,18.490433,18.428995,18.277113,18.216276,17.937263,17.832026,19.288504,18.96202,18.904097,18.802801,17.610764,17.53263,0.0,0.0,0.0,0.0,0.0,0.0,0.0,0.0
18440,2023.0,5.0,9.0,1.0,18.826773,18.920082,17.767406,17.706104,18.616627,18.542725,18.437937,18.377417,17.98255,17.73468,17.89689,17.79148,19.210321,18.886133,18.858358,18.756998,17.583649,17.505474,0.0,0.0,0.0,0.0,0.0,0.0,0.0,0.0
18441,2023.0,5.0,9.0,1.0,18.788303,18.88534,17.73754,17.679983,18.573174,18.50422,18.393036,18.3374,17.881886,17.626406,17.863445,17.760643,19.331472,19.196718,18.818386,18.71956,18.28815,18.854023,0.0,0.0,0.0,0.0,0.0,0.0,0.0,4.0
18442,2023.0,5.0,9.0,1.0,18.74979,18.848244,17.707531,17.651787,18.529959,18.463264,18.348686,18.295052,17.963919,17.858528,17.830864,17.728792,19.340586,19.221876,18.77936,18.681246,17.805819,17.778877,0.0,0.0,0.0,0.0,0.0,0.0,0.0,0.0
18443,2023.0,5.0,9.0,1.0,19.448847,20.197437,17.679464,17.62584,18.489866,18.425802,18.307823,18.256527,17.969551,17.878307,18.09262,18.244473,19.31317,19.19608,18.743177,18.64618,17.53094,17.338158,0.0,0.0,0.0,0.0,4.0,0.0,0.0,0.0
18444,2023.0,5.0,9.0,2.0,18.977041,19.161371,17.652573,17.600584,18.451603,18.389547,18.268894,18.219345,17.944729,17.854685,17.89832,17.822996,19.285883,19.169622,18.708742,18.612463,17.436201,17.229105,0.0,0.0,0.0,0.0,0.0,0.0,0.0,0.0
18445,2023.0,5.0,9.0,2.0,18.584127,18.4902,18.101171,18.465895,18.414932,18.354334,18.231562,18.183271,17.920082,17.830397,17.803444,17.703535,19.259104,19.143368,18.675898,18.580038,17.508589,17.430159,4.0,0.0,0.0,0.0,0.0,0.0,0.0,0.0
18446,2023.0,5.0,9.0,2.0,18.461367,18.34825,17.83272,17.876417,18.380533,18.32186,18.196438,18.14997,18.479496,18.902908,17.770763,17.67172,19.23372,19.118872,18.64508,18.550087,17.506247,17.431705,0.0,0.0,0.0,4.0,0.0,0.0,0.0,0.0
18447,2023.0,5.0,9.0,2.0,18.579542,18.656324,17.676228,17.634853,18.347076,18.289633,18.16223,18.116896,18.089666,18.038063,17.740715,17.641972,19.208818,19.094463,18.615236,18.52065,17.48519,17.410788,0.0,0.0,0.0,0.0,0.0,0.0,0.0,0.0
18448,2023.0,5.0,9.0,2.0,18.587673,18.688433,17.626818,17.578192,18.314894,18.258478,18.129322,18.08493,18.392141,18.666046,17.71362,17.615067,19.184679,19.070745,18.586605,18.492365,17.464834,17.390545,0.0,0.0,0.0,4.0,0.0,0.0,0.0,0.0
18449,2023.0,5.0,9.0,2.0,18.560946,18.662298,17.590803,17.540655,18.282747,18.22608,18.09646,18.051702,18.533157,18.843401,17.687424,17.588362,19.16084,19.046837,18.558662,18.464314,17.444733,17.370226,0.0,0.0,0.0,4.0,0.0,0.0,0.0,0.0
18450,2023.0,5.0,9.0,3.0,18.535995,18.639553,17.564795,17.518276,18.255577,18.20246,18.06871,18.027493,17.983385,17.767456,17.6653,17.56841,19.139626,19.027454,18.533648,18.441118,17.426962,17.353712,0.0,0.0,0.0,0.0,0.0,0.0,0.0,0.0
18451,2023.0,5.0,9.0,3.0,18.508654,18.611883,17.537607,17.491129,18.226334,18.173594,18.038855,17.997932,17.79696,17.540174,17.951447,18.125084,19.117386,19.005331,18.507784,18.415287,17.40859,17.33522,0.0,0.0,0.0,0.0,4.0,0.0,0.0,0.0
18452,2023.0,5.0,9.0,3.0,18.481436,18.583792,17.512152,17.46569,18.197948,18.145533,18.00995,17.969254,17.72451,17.468866,17.721403,17.627008,19.095776,18.983906,18.482788,18.390423,17.390945,17.317532,0.0,0.0,0.0,0.0,0.0,0.0,0.0,0.0
18453,2023.0,5.0,9.0,3.0,18.454866,18.556833,17.487637,17.440773,18.170063,18.117617,17.981665,17.940807,17.837635,17.75497,17.65576,17.558064,19.074753,18.963047,18.458584,18.366367,17.37395,17.300505,0.0,0.0,0.0,0.0,0.0,0.0,0.0,0.0
18454,2023.0,5.0,9.0,3.0,18.429207,18.531076,17.465122,17.418856,18.143923,18.092297,17.955172,17.915033,17.829063,17.741373,17.627583,17.53036,19.054672,18.943506,18.435474,18.343748,17.35783,17.284624,0.0,0.0,0.0,0.0,0.0,0.0,0.0,0.0
18455,2023.0,5.0,9.0,3.0,18.420732,18.53926,17.923172,18.298365,18.119967,18.070868,17.930885,17.893229,17.80767,17.72133,17.904818,18.072409,19.035809,18.926037,18.413677,18.323284,17.34272,17.270386,4.0,0.0,0.0,0.0,4.0,0.0,0.0,0.0
18456,2023.0,5.0,9.0,4.0,18.40108,18.520634,17.633219,17.6598,18.094582,18.045862,17.905188,17.867815,17.78495,17.698698,17.693972,17.614967,19.016308,18.906858,18.391354,18.301208,17.327236,17.254974,0.0,0.0,0.0,0.0,0.0,0.0,0.0,0.0
18457,2023.0,5.0,9.0,4.0,18.37871,18.49758,17.498873,17.460173,18.06953,18.020943,17.879961,17.842632,17.762342,17.675863,17.92566,18.101208,18.996536,18.886883,18.369081,18.278784,17.311787,17.239288,0.0,0.0,0.0,0.0,4.0,0.0,0.0,0.0
18458,2023.0,5.0,9.0,4.0,18.355677,18.473248,17.453436,17.407742,18.044249,17.995153,17.85457,17.816645,17.73999,17.652878,17.687365,17.595074,18.97654,18.866262,18.346714,18.255924,17.296268,17.223286,0.0,0.0,0.0,0.0,0.0,0.0,0.0,0.0
18459,2023.0,5.0,9.0,4.0,18.333067,18.449657,17.420502,17.373127,18.01906,17.969135,17.82934,17.79049,17.71827,17.630491,17.615393,17.517385,18.956663,18.84573,18.324657,18.233377,17.280977,17.207502,0.0,0.0,0.0,0.0,0.0,0.0,0.0,0.0
18460,2023.0,5.0,9.0,4.0,18.311047,18.426888,17.393757,17.34638,17.995167,17.94522,17.805399,17.76646,17.697735,17.609728,17.582718,17.484495,18.937378,18.826166,18.303288,18.211836,17.266209,17.19249,0.0,0.0,0.0,0.0,0.0,0.0,0.0,0.0
18461,2023.0,5.0,9.0,4.0,18.290224,18.406473,17.37113,17.326206,17.973448,17.925499,17.78363,17.74665,17.67898,17.591972,17.847338,18.004398,18.919357,18.80902,18.28321,18.192678,17.98189,18.552504,0.0,0.0,0.0,0.0,4.0,0.0,0.0,4.0
18462,2023.0,5.0,9.0,5.0,18.267157,18.381454,17.346153,17.299755,17.94886,17.89964,17.759186,17.720802,17.658808,17.570736,17.629234,17.535795,18.899628,18.788235,18.26159,18.170103,18.31818,19.013735,0.0,0.0,0.0,0.0,0.0,0.0,0.0,4.0
18463,2023.0,5.0,9.0,5.0,18.246712,18.36136,17.325033,17.279844,17.927141,17.879105,17.738052,17.700548,17.640919,17.553482,17.562565,17.466173,19.614931,20.156496,18.241894,18.15108,17.528942,17.396181,0.0,0.0,0.0,0.0,0.0,4.0,0.0,0.0
18464,2023.0,5.0,9.0,5.0,18.22506,18.338585,17.302984,17.257376,17.904245,17.855766,17.71584,17.677631,17.622448,17.534567,17.53002,17.432495,19.127436,19.089924,18.221388,18.130184,18.042727,18.50116,0.0,0.0,0.0,0.0,0.0,0.0,0.0,4.0
18465,2023.0,5.0,9.0,5.0,18.20399,18.31665,17.28173,17.235996,17.881968,17.833256,17.69406,17.65548,17.604626,17.516506,17.797132,17.956356,18.804178,18.526834,18.201324,18.109938,17.48167,17.313942,0.0,0.0,0.0,0.0,4.0,0.0,0.0,0.0
18466,2023.0,5.0,9.0,5.0,18.183098,18.294891,17.731827,18.097122,17.8599,17.810974,17.672518,17.633568,18.170773,18.59525,17.925896,18.1366,18.696682,18.395811,18.181517,18.089952,17.285814,17.068947,4.0,0.0,0.0,4.0,4.0,0.0,0.0,0.0
18467,2023.0,5.0,9.0,5.0,18.162735,18.273935,17.881962,18.279556,18.539198,19.105211,17.65136,17.61233,18.427347,18.939156,17.492037,17.270346,18.639662,18.339527,19.14644,19.92413,17.959126,18.400124,4.0,4.0,0.0,4.0,0.0,0.0,4.0,4.0
18468,2023.0,5.0,9.0,6.0,18.836227,19.5521,17.368265,17.25561,18.151834,18.22862,17.630241,17.590958,17.7733,17.604618,17.308857,17.029457,18.764488,18.635708,18.372149,18.225954,18.190567,18.683092,0.0,0.0,0.0,0.0,0.0,0.0,0.0,4.0
18469,2023.0,5.0,9.0,6.0,21.272608,23.715069,17.127523,16.889196,21.26599,23.770115,21.288452,24.057283,17.540808,17.291666,17.40203,17.276583,21.21559,22.974234,21.447588,23.665152,20.252598,22.227404,0.0,0.0,4.0,0.0,0.0,0.0,0.0,4.0
18470,2023.0,5.0,9.0,6.0,20.996231,22.81551,17.493904,17.64641,21.013453,22.893377,20.983133,23.045721,17.46618,17.219088,17.444979,17.345942,21.008354,22.317263,20.971354,22.508005,19.994108,21.456087,4.0,0.0,4.0,0.0,0.0,0.0,4.0,4.0
18471,2023.0,5.0,9.0,6.0,21.182766,22.981604,20.286335,22.445173,21.163286,22.97967,21.158178,23.113195,17.56394,17.466715,17.733461,17.90295,21.200472,22.520285,21.194296,22.784004,20.060379,21.435019,0.0,0.0,4.0,0.0,4.0,4.0,0.0,0.0
18472,2023.0,5.0,9.0,6.0,21.034332,22.543959,18.820103,19.202421,21.04885,22.603155,21.044128,22.696323,18.19905,18.639906,20.280407,22.268585,21.050777,22.105066,21.051054,22.349142,18.634068,18.545946,4.0,0.0,4.0,4.0,0.0,0.0,0.0,0.0
18473,2023.0,5.0,9.0,6.0,21.033695,22.447367,20.257555,22.044258,21.023743,22.432278,21.043339,22.565516,20.249302,22.063745,19.089352,19.574574,21.01338,21.91366,21.051004,22.242023,17.96244,17.721487,4.0,4.0,4.0,0.0,4.0,4.0,0.0,0.0
18474,2023.0,5.0,9.0,7.0,21.215458,22.740582,20.155382,21.666676,21.24619,22.808807,21.198635,22.782793,18.614227,18.574638,20.225079,21.811865,21.204681,22.230244,21.21753,22.49454,17.78101,17.54062,0.0,4.0,4.0,0.0,0.0,4.0,0.0,0.0
18475,2023.0,5.0,9.0,7.0,21.03037,22.311983,18.689444,18.711212,21.037569,22.311403,21.039513,22.390757,18.591991,18.986355,18.979473,19.164404,21.01502,21.796165,21.037716,22.087942,17.808676,17.712715,0.0,4.0,4.0,4.0,0.0,4.0,0.0,0.0
18476,2023.0,5.0,9.0,7.0,21.029902,22.27136,18.53084,18.864685,21.060575,22.323658,21.06385,22.406885,20.211142,21.707859,18.631582,18.860655,21.014658,21.758062,20.998823,21.948677,17.789024,17.708063,4.0,0.0,0.0,0.0,4.0,4.0,4.0,0.0
18477,2023.0,5.0,9.0,7.0,21.233892,22.647297,20.21809,21.82299,21.21802,22.571407,21.177094,22.586042,18.779598,18.70853,20.191334,21.581657,21.22895,22.156183,21.354588,22.622465,18.705734,19.49587,0.0,4.0,0.0,0.0,4.0,4.0,4.0,4.0
18478,2023.0,5.0,9.0,7.0,21.027443,22.202654,18.955101,19.196962,21.058563,22.233198,21.056482,22.301125,18.093166,17.84153,20.029116,21.097301,21.012209,21.691025,21.051659,22.007687,20.180683,21.823986,0.0,0.0,0.0,0.0,0.0,4.0,0.0,0.0
18479,2023.0,5.0,9.0,7.0,21.054398,22.256563,18.21419,18.204329,21.02723,22.120636,21.055683,22.267057,18.087053,17.975626,19.189606,19.343748,21.01202,21.669863,21.044096,21.962355,18.635973,18.591545,0.0,4.0,0.0,0.0,4.0,4.0,0.0,0.0
18480,2023.0,5.0,9.0,8.0,21.04808,22.220179,18.01365,17.969116,21.057573,22.18065,21.018103,22.169477,18.076347,17.98246,20.203636,21.331036,21.041737,21.728765,21.04389,21.93291,17.938932,17.72152,0.0,0.0,4.0,0.0,0.0,0.0,0.0,0.0
18481,2023.0,5.0,9.0,8.0,19.87454,19.947678,17.895596,17.8476,19.810305,19.76623,19.91916,20.089767,18.029715,17.939753,19.026764,18.940075,20.1099,19.91013,19.9365,19.778645,17.903196,17.801897,0.0,0.0,0.0,0.0,0.0,0.0,0.0,0.0
18482,2023.0,5.0,9.0,8.0,20.051394,20.540562,17.819124,17.76709,19.212046,18.913641,19.16829,18.907671,17.996996,17.90647,19.054356,19.235294,19.737314,19.393486,19.658876,19.52175,17.887426,17.804457,0.0,0.0,0.0,0.0,4.0,0.0,0.0,0.0
18483,2023.0,5.0,9.0,8.0,19.450218,19.447,17.75539,17.707148,19.170506,19.060478,18.890965,18.613003,17.969381,17.879951,20.146536,21.174068,19.603962,19.267149,19.533506,19.41296,17.848352,17.768108,0.0,0.0,0.0,0.0,0.0,0.0,0.0,0.0
18484,2023.0,5.0,9.0,8.0,19.73854,20.253986,18.151665,18.510286,19.749374,20.280148,18.8563,18.766584,17.940382,17.850964,19.552015,19.894892,19.658577,19.503325,19.393171,19.27602,17.805077,17.72546,4.0,4.0,0.0,0.0,4.0,0.0,0.0,0.0
18485,2023.0,5.0,9.0,8.0,19.1987,19.214436,20.237572,22.123568,19.125097,19.040257,18.785154,18.728376,17.92112,17.831253,20.123936,20.951351,20.402784,20.953094,20.292454,21.061277,17.775108,17.6956,0.0,0.0,0.0,0.0,0.0,4.0,4.0,0.0
18486,2023.0,5.0,9.0,9.0,19.516813,20.034634,18.899006,19.244593,18.664686,18.430702,18.668215,18.618855,17.90116,17.811522,19.159948,19.044205,19.810326,19.629953,19.573467,19.43657,17.742617,17.66372,0.0,0.0,0.0,0.0,0.0,0.0,0.0,0.0
18487,2023.0,5.0,9.0,9.0,19.621828,20.170525,18.245386,18.225145,19.181103,19.50679,19.275818,19.8407,17.886717,17.795803,18.860716,18.697191,19.50259,19.187078,19.197968,18.922438,17.71756,17.637274,0.0,4.0,4.0,0.0,0.0,0.0,0.0,0.0
18488,2023.0,5.0,9.0,9.0,19.011202,19.026806,18.077435,18.035027,18.726646,18.608097,18.814049,18.888016,17.873777,17.78249,18.774303,18.629242,19.40214,19.086716,19.057991,18.783451,17.6948,17.61429,0.0,0.0,0.0,0.0,0.0,0.0,0.0,0.0
18489,2023.0,5.0,9.0,9.0,18.762642,18.698994,17.97011,17.928509,18.466408,18.23714,18.404669,18.21513,17.862053,17.770702,18.68217,18.542133,20.264084,20.809422,18.957296,18.689302,17.675001,17.594625,0.0,0.0,0.0,0.0,0.0,4.0,0.0,0.0
18490,2023.0,5.0,9.0,9.0,19.340637,19.88379,18.334156,18.68321,18.350592,18.11588,18.239851,18.021046,17.85051,17.759108,18.601212,18.46381,19.641378,19.466227,19.006535,18.876244,17.656582,17.576294,4.0,0.0,0.0,0.0,0.0,0.0,0.0,0.0
18491,2023.0,5.0,9.0,9.0,18.868883,18.922836,20.23418,22.000238,18.411253,18.327456,18.971582,19.49992,17.84027,17.748652,18.529999,18.394123,19.37136,19.07265,18.989124,18.87895,17.640125,17.559862,0.0,0.0,4.0,0.0,0.0,0.0,0.0,0.0
18492,2023.0,5.0,9.0,10.0,18.552082,18.514519,19.281113,19.882458,19.085556,19.62926,18.54141,18.490969,17.830725,17.738585,18.461155,18.328945,20.006012,20.356417,18.940289,18.833368,17.624258,17.543661,4.0,4.0,0.0,0.0,0.0,4.0,0.0,0.0
18493,2023.0,5.0,9.0,10.0,19.166231,19.737654,20.184864,21.560743,18.710318,18.81264,18.239985,18.060009,17.829739,17.740677,18.420244,18.292475,20.231792,20.66471,18.904444,18.80187,17.617868,17.540056,0.0,0.0,0.0,0.0,0.0,4.0,0.0,0.0
18494,2023.0,5.0,9.0,10.0,18.798544,18.890219,18.941013,19.047073,18.288479,18.15539,18.125784,17.959175,17.833424,17.747679,18.384632,18.264719,19.642271,19.492237,18.869783,18.772434,17.614594,17.53995,0.0,0.0,0.0,0.0,0.0,0.0,0.0,0.0
18495,2023.0,5.0,9.0,10.0,18.579678,18.589766,18.774357,18.968817,18.173357,18.016449,18.874638,19.449343,17.841461,17.758596,18.364597,18.24942,19.41536,19.157036,18.845238,18.751167,17.61547,17.54323,4.0,0.0,4.0,0.0,0.0,0.0,0.0,0.0
18496,2023.0,5.0,9.0,10.0,18.509624,18.534094,20.157087,21.495691,18.22968,18.190313,18.401352,18.42042,17.85164,17.77118,18.349571,18.239231,19.360481,19.109854,18.825117,18.7345,17.619024,17.548758,4.0,0.0,0.0,0.0,0.0,0.0,0.0,0.0
18497,2023.0,5.0,9.0,10.0,18.553469,18.692245,20.028738,21.14907,18.94074,19.549322,18.06818,17.979687,17.863976,17.785692,18.336233,18.230211,19.328375,19.092276,18.806087,18.718409,17.624311,17.555883,0.0,4.0,0.0,0.0,0.0,0.0,0.0,0.0
18498,2023.0,5.0,9.0,11.0,18.545732,18.70199,19.324934,19.711498,18.520735,18.553072,17.995382,17.913818,18.611805,19.185272,18.328545,18.226547,20.188938,20.767147,18.791393,18.706562,17.63109,17.564306,4.0,0.0,0.0,4.0,0.0,4.0,0.0,0.0
18499,2023.0,5.0,9.0,11.0,18.523537,18.690928,20.119923,21.243055,18.271072,18.189665,18.026766,18.023367,20.194805,21.827833,18.324753,18.222622,19.666813,19.60378,18.779638,18.694529,17.636124,17.568264,4.0,0.0,0.0,0.0,0.0,0.0,0.0,0.0
18500,2023.0,5.0,9.0,11.0,18.498085,18.67131,20.03202,21.03908,18.177023,18.095675,18.02258,18.038168,18.889622,19.00264,18.319704,18.21742,19.364538,19.168568,18.766409,18.681107,17.640474,17.571411,0.0,0.0,0.0,0.0,0.0,0.0,0.0,0.0
18501,2023.0,5.0,9.0,11.0,19.173424,19.967651,19.39386,19.760666,18.189104,18.184738,17.991613,18.01121,18.24171,18.097277,18.316011,18.213615,19.304365,19.09742,18.753338,18.667574,17.644644,17.574726,4.0,0.0,0.0,0.0,0.0,0.0,0.0,0.0
18502,2023.0,5.0,9.0,11.0,18.646263,18.823101,20.137682,21.202005,18.174969,18.186161,17.964409,17.986996,18.211847,18.116518,18.315474,18.2132,20.160286,20.750011,18.742899,18.657106,17.648373,17.577808,0.0,0.0,0.0,0.0,0.0,4.0,0.0,0.0
18503,2023.0,5.0,9.0,11.0,18.378094,18.484758,19.160212,19.278677,18.143948,18.159014,17.935392,17.961243,18.200588,18.11354,18.31552,18.213528,20.401163,20.94501,18.731806,18.646198,17.652254,17.581205,0.0,0.0,0.0,0.0,0.0,4.0,0.0,0.0
18504,2023.0,5.0,9.0,12.0,18.324524,18.423382,18.771156,18.76945,18.114973,18.13017,17.908648,17.93494,18.182114,18.093689,18.317526,18.215929,20.46984,21.014746,18.722143,18.635935,17.65639,17.585218,0.0,0.0,0.0,0.0,0.0,4.0,0.0,0.0
18505,2023.0,5.0,9.0,12.0,21.260902,23.636211,18.639074,18.657867,21.260134,23.70051,21.258532,23.888222,18.16784,18.080261,18.318966,18.217157,21.09546,22.097527,21.342648,23.193861,17.660358,17.588545,0.0,4.0,0.0,0.0,0.0,0.0,0.0,0.0
18506,2023.0,5.0,9.0,12.0,20.98883,22.780413,18.491781,18.509872,21.005686,22.877491,20.976116,22.93084,18.15385,18.065641,18.321054,18.218853,20.991919,21.759123,20.996923,22.351068,17.667204,17.594765,0.0,0.0,4.0,0.0,0.0,4.0,0.0,0.0
18507,2023.0,5.0,9.0,12.0,21.12147,22.857193,18.362309,18.37327,21.131207,22.877085,21.129347,23.015099,18.146114,18.057518,18.324894,18.222254,21.065834,21.850084,21.089489,22.354473,17.67806,17.605524,0.0,0.0,0.0,0.0,0.0,0.0,0.0,0.0
18508,2023.0,5.0,9.0,12.0,21.037035,22.556091,18.737627,19.16985,21.040758,22.55369,21.044548,22.678888,18.144295,18.055792,18.723448,18.967585,21.022217,21.694775,21.025013,22.115328,17.691677,17.618738,4.0,0.0,0.0,0.0,4.0,0.0,0.0,0.0
18509,2023.0,5.0,9.0,12.0,21.264484,22.897055,20.186615,21.66565,21.22492,22.830294,21.192865,22.857914,18.145452,18.057055,20.155987,21.401798,21.201405,22.003765,20.994568,21.942226,17.706656,17.633427,0.0,0.0,0.0,0.0,0.0,0.0,4.0,0.0
18510,2023.0,5.0,9.0,13.0,21.050634,22.419018,19.126064,19.438475,21.042707,22.392805,21.04501,22.487175,18.149023,18.060919,19.285084,19.491024,21.000126,21.53978,21.04425,22.004911,17.721697,17.648647,0.0,0.0,0.0,0.0,0.0,4.0,0.0,0.0
18511,2023.0,5.0,9.0,13.0,21.042591,22.352896,18.953074,19.438507,21.04007,22.33761,21.043299,22.430634,18.153698,18.066605,18.712793,18.61211,20.99907,21.515211,21.032064,21.92618,17.73648,17.664532,4.0,0.0,0.0,0.0,0.0,4.0,0.0,0.0
18512,2023.0,5.0,9.0,13.0,21.043825,22.315279,20.157091,21.506403,21.016449,22.231207,21.044582,22.39087,18.158278,18.072052,19.020864,19.267326,21.02899,21.57818,21.03423,21.886522,17.749262,17.677593,4.0,4.0,0.0,0.0,4.0,0.0,0.0,0.0
18513,2023.0,5.0,9.0,13.0,21.036436,22.280418,20.023998,21.142643,21.045816,22.28425,21.043316,22.354427,18.163507,18.078484,20.120764,21.1382,21.049635,21.564116,21.032953,21.849236,17.761503,17.690817,0.0,0.0,0.0,0.0,0.0,4.0,0.0,0.0
18514,2023.0,5.0,9.0,13.0,21.010324,22.190006,19.404055,19.85351,21.020714,22.175596,21.042606,22.324986,18.933502,19.530785,19.36708,19.522228,21.06775,21.581608,21.027264,21.820642,17.772535,17.702785,4.0,4.0,0.0,4.0,0.0,4.0,0.0,0.0
18515,2023.0,5.0,9.0,13.0,21.020489,22.18945,20.14848,21.342093,21.024885,22.158844,21.041985,22.300352,20.09547,21.350002,18.899242,18.82296,21.020332,21.505283,21.02728,21.804853,17.78293,17.71429,0.0,4.0,0.0,4.0,0.0,0.0,0.0,0.0
18516,2023.0,5.0,9.0,14.0,21.018723,22.170437,19.156237,19.335722,21.023722,22.137579,21.016302,22.209835,20.026093,21.056784,18.783699,18.685871,21.022902,21.496204,21.026894,21.78999,17.792639,17.724848,0.0,4.0,4.0,0.0,0.0,0.0,0.0,0.0
18517,2023.0,5.0,9.0,14.0,20.01493,20.259085,18.64322,18.704895,20.4471,21.014952,20.485744,21.180283,19.139168,19.2175,18.743376,18.644596,21.116789,21.633522,20.299791,20.375967,17.802078,17.735006,0.0,4.0,4.0,0.0,0.0,4.0,0.0,0.0
18518,2023.0,5.0,9.0,14.0,20.270208,20.961794,18.956184,19.387098,19.706356,19.758568,19.644302,19.71178,18.77711,18.663256,18.720066,18.6206,20.432402,20.310453,19.966188,19.883781,17.81073,17.74469,4.0,0.0,0.0,0.0,0.0,0.0,0.0,0.0
18519,2023.0,5.0,9.0,14.0,19.712332,19.910282,20.159346,21.500805,19.37461,19.329926,19.284283,19.25494,18.676075,18.553564,18.700191,18.601465,20.205988,20.014492,19.825289,19.7332,17.818382,17.753126,0.0,0.0,0.0,0.0,0.0,0.0,0.0,0.0
18520,2023.0,5.0,9.0,14.0,19.35563,19.482595,19.527956,20.110754,19.17479,19.131699,19.072212,19.047153,19.361843,19.914686,18.681225,18.584015,20.114178,19.929705,19.709782,19.61844,17.824911,17.760336,4.0,0.0,0.0,4.0,0.0,0.0,0.0,0.0
18521,2023.0,5.0,9.0,14.0,19.23425,19.356783,20.127037,21.241156,19.710108,20.244385,19.602661,20.158878,20.09062,21.109686,18.669458,18.573238,20.121935,20.010582,19.632158,19.540802,17.828863,17.765062,0.0,4.0,4.0,0.0,0.0,0.0,0.0,0.0
18522,2023.0,5.0,9.0,15.0,19.124233,19.24763,19.54059,20.021406,19.309784,19.401182,19.18199,19.278189,19.236696,19.320734,18.657356,18.56362,20.84712,21.42547,19.555313,19.467892,17.832138,17.769148,4.0,0.0,0.0,0.0,0.0,4.0,0.0,0.0
18523,2023.0,5.0,9.0,15.0,19.091896,19.260235,20.099392,21.086576,19.675106,20.209393,19.552849,20.107498,18.879696,18.766125,18.644375,18.548525,20.24426,20.155462,19.495024,19.405848,17.831108,17.76628,4.0,4.0,4.0,0.0,0.0,0.0,0.0,0.0
18524,2023.0,5.0,9.0,15.0,19.778645,20.614761,20.027878,20.938448,19.795557,20.348114,19.661642,20.221151,18.776487,18.684772,19.025517,19.280348,19.954693,19.775053,19.431364,19.342155,17.828108,17.761307,0.0,4.0,4.0,0.0,4.0,0.0,0.0,0.0
18525,2023.0,5.0,9.0,15.0,19.885313,20.606358,19.53367,19.945599,19.21381,19.274319,19.631958,20.181812,18.712381,18.62173,20.12012,21.128197,20.612526,21.08224,19.373066,19.283361,17.824036,17.75554,4.0,0.0,4.0,0.0,0.0,4.0,0.0,0.0
18526,2023.0,5.0,9.0,15.0,19.862316,20.563154,20.101458,21.088493,19.507917,20.018171,19.052658,19.115456,18.644526,18.557499,19.362593,19.521051,20.136524,20.022127,20.32498,21.142124,17.809933,17.744194,4.0,4.0,0.0,0.0,0.0,0.0,4.0,0.0
18527,2023.0,5.0,9.0,15.0,19.267918,19.436842,20.009167,20.868534,19.648417,20.179266,19.351503,19.875824,19.289055,19.864145,18.852526,18.80125,19.834011,19.651247,19.691185,19.682741,17.770271,17.716484,4.0,4.0,4.0,4.0,0.0,0.0,0.0,0.0
18528,2023.0,5.0,9.0,16.0,19.655758,20.357807,20.03948,20.918129,19.070623,19.096857,19.48129,20.010742,20.076721,21.090185,18.681517,18.616934,20.47183,20.967205,19.251253,19.12126,17.726036,17.68175,0.0,0.0,4.0,4.0,0.0,4.0,0.0,0.0
18529,2023.0,5.0,9.0,16.0,19.181961,19.328796,19.203917,19.291012,19.388863,19.877321,19.469748,19.98779,20.03198,20.944572,18.584728,18.527674,20.66647,21.18633,19.095535,18.95826,17.6843,17.64707,0.0,4.0,4.0,0.0,0.0,4.0,0.0,0.0
18530,2023.0,5.0,9.0,16.0,18.87111,18.934488,18.691742,18.62,19.5336,20.037878,19.457872,19.96525,19.114666,19.119148,18.500973,18.449133,20.67884,21.186522,18.989868,18.851645,17.645401,17.612898,0.0,4.0,4.0,0.0,0.0,4.0,0.0,0.0
18531,2023.0,5.0,9.0,16.0,19.485142,20.1554,19.068867,19.453032,19.534052,20.02588,19.444176,19.940197,18.725365,18.578419,18.431408,18.380384,19.984268,19.868464,18.989004,18.928185,17.611597,17.581478,4.0,4.0,4.0,0.0,0.0,0.0,0.0,0.0
18532,2023.0,5.0,9.0,16.0,19.000229,19.133377,20.12326,21.285995,19.52754,20.008066,18.858938,18.851896,18.569712,18.414927,18.36675,18.316303,19.733744,19.534603,18.951506,18.901257,17.580887,17.552696,4.0,4.0,0.0,0.0,0.0,0.0,0.0,0.0
18533,2023.0,5.0,9.0,16.0,19.412365,20.074028,20.009153,20.955463,19.516376,19.985237,19.185753,19.661272,18.522896,18.455368,18.698456,19.000349,19.601593,19.395685,18.897026,18.848135,17.548742,17.521173,4.0,4.0,4.0,0.0,4.0,0.0,0.0,0.0
18534,2023.0,5.0,9.0,17.0,19.56859,20.202366,20.024696,20.922216,19.502935,19.96063,19.309277,19.778175,18.459015,18.403183,20.169277,21.484749,19.500809,19.292358,18.844904,18.79679,17.518824,17.491407,4.0,4.0,4.0,0.0,4.0,0.0,0.0,0.0
18535,2023.0,5.0,9.0,17.0,19.590036,20.209417,20.02249,20.87348,19.490791,19.940552,19.305664,19.765177,18.381334,18.327805,20.023294,21.033976,20.321861,20.939226,18.793655,18.741476,17.488756,17.457087,4.0,4.0,4.0,0.0,0.0,4.0,0.0,0.0
18536,2023.0,5.0,9.0,17.0,19.616262,20.233324,20.022522,20.840973,19.479893,19.922276,19.303411,19.755352,19.035227,19.622967,19.020567,18.988607,20.435112,20.902279,18.747011,18.692225,17.462107,17.427795,4.0,4.0,4.0,4.0,0.0,4.0,0.0,0.0
18537,2023.0,5.0,9.0,17.0,19.634909,20.243158,20.040522,20.866793,19.468449,19.903227,19.29776,19.742039,20.142653,21.39421,18.464233,18.270962,19.732538,19.572542,19.668684,20.463425,17.438011,17.400785,0.0,4.0,4.0,0.0,0.0,0.0,4.0,0.0
18538,2023.0,5.0,9.0,17.0,19.041782,19.118973,19.499111,19.782967,19.457273,19.884544,18.72475,18.675102,19.54749,20.028162,18.783266,19.016596,20.172161,20.603823,19.029211,18.932999,18.284517,19.01016,4.0,4.0,0.0,4.0,4.0,4.0,0.0,4.0
18539,2023.0,5.0,9.0,17.0,18.791256,18.773638,20.108063,20.990313,18.89463,18.840332,18.454195,18.296093,20.222282,21.303835,20.175161,21.421335,20.30315,20.742226,18.760397,18.580408,20.268652,22.33412,0.0,0.0,0.0,0.0,0.0,4.0,0.0,0.0
18540,2023.0,5.0,9.0,18.0,19.355846,19.927876,19.202337,19.206028,19.176958,19.55334,18.954851,19.339674,19.091564,19.028112,19.189964,19.334711,20.33575,20.762085,18.649845,18.465963,18.531511,18.619831,0.0,4.0,4.0,0.0,0.0,4.0,0.0,0.0
18541,2023.0,5.0,9.0,18.0,21.217863,23.105455,19.323053,19.639948,21.250055,23.132437,21.275726,23.33509,18.669264,18.446426,19.110764,19.353659,21.195137,22.283648,21.378937,23.257542,17.960875,17.797388,4.0,4.0,4.0,0.0,4.0,4.0,0.0,0.0
18542,2023.0,5.0,9.0,18.0,21.027988,22.537415,20.10195,21.025684,21.00372,22.425806,21.027504,22.613443,18.622602,18.531567,20.12072,21.109652,21.003168,21.79699,20.96511,22.268385,18.8827,19.709879,0.0,4.0,0.0,0.0,4.0,4.0,4.0,4.0
18543,2023.0,5.0,9.0,18.0,21.02367,22.36714,19.667818,20.115538,21.059414,22.414133,21.032696,22.438576,18.563208,18.485863,20.028578,20.838736,21.041069,21.818644,21.01977,22.211782,20.16183,21.714794,4.0,0.0,4.0,0.0,0.0,0.0,4.0,0.0
18544,2023.0,5.0,9.0,18.0,21.051891,22.35207,20.105598,21.009426,21.024557,22.222729,21.03286,22.330095,18.48292,18.408987,19.098656,18.98021,21.003862,21.662941,21.051641,22.191208,18.703926,18.692255,0.0,4.0,4.0,0.0,0.0,4.0,0.0,0.0
18545,2023.0,5.0,9.0,18.0,21.045507,22.268702,19.152103,19.115324,21.05494,22.23395,21.031908,22.252657,19.164433,19.759924,18.563566,18.30331,21.008587,21.632666,21.043407,22.08465,18.032448,17.853828,0.0,0.0,4.0,4.0,0.0,4.0,0.0,0.0
18546,2023.0,5.0,9.0,19.0,21.018137,22.140476,18.565783,18.333574,21.047995,22.164099,21.056534,22.266409,20.09242,21.168665,18.546324,18.429586,21.007494,21.601494,21.042858,22.01438,18.80518,19.457811,0.0,0.0,0.0,4.0,0.0,4.0,0.0,4.0
18547,2023.0,5.0,9.0,19.0,21.050673,22.188854,18.532764,18.447464,21.048334,22.120245,21.050547,22.20571,20.003693,20.863186,18.519522,18.426956,21.00738,21.5788,21.042364,21.960852,20.13736,21.56303,0.0,0.0,0.0,4.0,0.0,4.0,0.0,4.0
18548,2023.0,5.0,9.0,19.0,21.046976,22.113348,18.490263,18.431246,21.077417,22.15922,21.061323,22.15341,20.084764,20.958286,18.441753,18.346563,21.016232,21.576569,21.070484,21.988672,20.105818,21.335789,0.0,0.0,4.0,0.0,0.0,4.0,0.0,0.0
18549,2023.0,5.0,9.0,19.0,21.046406,22.122173,18.413548,18.362663,21.006992,21.987955,21.025875,22.066826,19.080172,18.938898,18.377138,18.288818,21.006403,21.544096,21.028797,21.889866,18.800987,18.719316,0.0,4.0,4.0,0.0,0.0,4.0,0.0,0.0
18550,2023.0,5.0,9.0,19.0,21.015882,22.019108,18.797585,19.1516,21.0436,22.07668,21.055553,22.127008,18.539528,18.26708,18.30817,18.218468,21.038542,21.6162,21.033676,21.886759,18.165022,17.934538,4.0,0.0,0.0,0.0,0.0,0.0,0.0,0.0
18551,2023.0,5.0,9.0,19.0,21.354057,22.682196,20.177605,21.514452,21.022991,21.981829,21.023998,22.022429,18.367693,18.09016,18.246286,18.157537,21.374966,22.25276,21.033197,21.875519,17.978003,17.742922,0.0,4.0,4.0,0.0,0.0,4.0,0.0,0.0
18552,2023.0,5.0,9.0,20.0,21.021063,21.996511,19.49225,19.988272,21.027245,21.969673,21.029755,22.020454,18.416592,18.310175,18.186941,18.094942,21.00696,21.500929,21.027515,21.81442,18.002111,17.917261,4.0,4.0,4.0,0.0,0.0,4.0,4.0,0.0
18553,2023.0,5.0,9.0,20.0,21.021603,21.992367,20.132679,21.237623,21.026573,21.952703,21.054712,22.079361,19.18377,19.791609,18.496569,18.721521,21.007673,21.501673,21.007246,21.767982,17.973106,17.902178,4.0,4.0,0.0,4.0,4.0,4.0,4.0,0.0
18554,2023.0,5.0,9.0,20.0,21.048798,22.058989,20.015417,20.908756,21.052223,22.010197,21.02385,21.981768,20.223904,21.440748,20.228636,21.649555,21.00782,21.500395,21.049694,21.87209,17.907078,17.839884,4.0,0.0,4.0,0.0,0.0,4.0,0.0,0.0
18555,2023.0,5.0,9.0,20.0,21.042856,22.03157,20.047354,20.921663,21.046667,21.98043,21.054863,22.05328,19.527084,19.888556,19.082283,19.217175,21.038712,21.578503,21.000996,21.730255,17.840202,17.767715,0.0,0.0,0.0,4.0,0.0,0.0,4.0,0.0
18556,2023.0,5.0,9.0,20.0,21.043354,22.016613,19.0277,18.914122,21.021416,21.892857,21.023335,21.95625,20.131943,21.100584,18.457136,18.372248,21.033451,21.556091,21.050262,21.84995,17.780972,17.706676,0.0,4.0,4.0,0.0,0.0,0.0,0.0,0.0
18557,2023.0,5.0,9.0,20.0,21.01567,21.927706,18.806034,18.835644,21.026472,21.894651,21.054796,22.031563,19.002825,18.813904,18.3109,18.207867,21.00324,21.466537,21.041143,21.817505,17.727905,17.651411,4.0,4.0,0.0,0.0,0.0,4.0,0.0,0.0
18558,2023.0,5.0,9.0,21.0,21.0487,22.009016,20.15271,21.26472,21.026045,21.887875,21.023346,21.937283,18.429174,18.119015,18.57699,18.78329,21.00855,21.477554,21.041973,21.804802,17.680243,17.60187,4.0,4.0,4.0,0.0,4.0,4.0,0.0,0.0
18559,2023.0,5.0,9.0,21.0,21.015167,21.91313,20.029713,20.925522,21.051754,21.95336,21.054811,22.014359,18.452179,18.337847,20.21879,21.576612,21.00815,21.478024,21.041689,21.792099,18.543495,19.26794,0.0,0.0,0.0,0.0,0.0,4.0,0.0,4.0
18560,2023.0,5.0,9.0,21.0,21.049166,21.997892,18.991764,18.866705,21.020483,21.858755,21.022806,21.919104,18.430637,18.329401,19.402605,19.78275,21.008408,21.478973,21.031178,21.782312,20.208544,21.92214,0.0,4.0,4.0,0.0,4.0,4.0,0.0,0.0
18561,2023.0,5.0,9.0,21.0,21.014917,21.902103,18.595001,18.495312,21.026138,21.86409,21.054174,21.99555,18.351221,18.249815,20.151258,21.24144,21.008425,21.478731,21.032398,21.790478,18.555815,18.455791,0.0,4.0,0.0,0.0,4.0,4.0,0.0,0.0
18562,2023.0,5.0,9.0,21.0,21.0493,21.989334,18.50327,18.414248,21.024967,21.857658,21.046703,21.969921,18.276506,18.171373,20.008398,20.841394,21.040125,21.559328,21.071577,21.82834,17.8353,17.587885,0.0,4.0,0.0,0.0,4.0,0.0,4.0,0.0
18563,2023.0,5.0,9.0,21.0,21.041658,21.966242,18.408966,18.325039,21.051329,21.92558,21.048748,21.962795,18.21513,18.11163,20.03484,20.814116,21.002857,21.455063,21.040874,21.792505,18.834394,19.638971,0.0,0.0,0.0,0.0,4.0,4.0,0.0,4.0
18564,2023.0,5.0,9.0,22.0,21.043005,21.960295,18.769012,19.07396,21.04555,21.90265,21.034868,21.951338,18.865767,19.387133,20.02951,20.74707,21.009014,21.466528,21.041939,21.783318,20.127592,21.588982,4.0,0.0,0.0,4.0,4.0,4.0,0.0,4.0
18565,2023.0,5.0,9.0,22.0,21.030128,21.95153,20.159815,21.444523,21.046144,21.891962,21.03659,21.962496,20.171503,21.475756,20.046328,20.752808,21.039228,21.54519,21.04178,21.771297,20.042871,21.27541,4.0,0.0,0.0,0.0,0.0,0.0,0.0,0.0
18566,2023.0,5.0,9.0,22.0,21.004416,21.888983,20.031782,21.045557,21.032583,21.881424,21.036226,21.96573,18.816866,18.651007,19.03336,18.77505,21.034042,21.52442,21.041765,21.761139,18.678099,18.519424,0.0,0.0,0.0,0.0,0.0,0.0,0.0,0.0
18567,2023.0,5.0,9.0,22.0,21.050156,21.98757,18.909107,18.788239,21.034317,21.893917,21.036512,21.968214,18.740017,18.925941,18.437304,18.049322,21.034487,21.515434,21.030657,21.752691,18.812906,19.227758,0.0,0.0,0.0,4.0,0.0,0.0,0.0,4.0
18568,2023.0,5.0,9.0,22.0,21.01498,21.883825,18.224741,17.860298,21.034197,21.899029,21.036514,21.969025,20.222048,21.408773,18.448534,18.279104,21.034515,21.50748,21.032219,21.76362,20.18289,21.53656,0.0,0.0,0.0,0.0,0.0,0.0,0.0,0.0
18569,2023.0,5.0,9.0,22.0,21.048693,21.96515,18.242878,18.082827,21.034267,21.902004,21.036398,21.968521,18.891705,18.705505,18.427103,18.292747,21.106256,21.634302,21.032015,21.768145,18.733992,18.571518,0.0,0.0,0.0,0.0,0.0,4.0,0.0,0.0
18570,2023.0,5.0,9.0,23.0,21.014818,21.866816,18.252644,18.145168,21.034168,21.90284,21.036388,21.967836,19.12992,19.611658,18.32889,18.19502,21.026392,21.492237,21.031954,21.770952,18.050346,17.752424,0.0,0.0,0.0,4.0,0.0,0.0,0.0,0.0
18571,2023.0,5.0,9.0,23.0,19.97242,19.895874,18.184565,18.082226,20.172695,20.248655,20.116474,20.200735,18.731127,18.672285,18.523615,18.639025,20.150518,19.806793,20.180649,20.134247,18.04318,17.92843,0.0,0.0,0.0,0.0,4.0,0.0,0.0,0.0
18572,2023.0,5.0,9.0,23.0,19.505327,19.252111,18.582216,18.876112,20.396555,20.86598,19.663017,19.563347,18.298111,17.98177,18.292921,18.179985,19.818481,19.390982,19.8477,19.720814,18.740755,19.289753,4.0,4.0,0.0,0.0,0.0,0.0,0.0,4.0
18573,2023.0,5.0,9.0,23.0,19.304996,19.049776,18.31764,18.329376,19.876852,19.899263,19.465998,19.356503,18.11546,17.776554,18.157457,18.022314,19.916096,19.737972,19.68692,19.564135,18.017939,17.773138,0.0,0.0,0.0,0.0,0.0,0.0,0.0,0.0
18574,2023.0,5.0,9.0,23.0,19.418009,19.4321,18.119617,18.025013,19.25148,18.847992,19.312794,19.19926,18.2051,18.074095,18.085987,17.948214,19.881456,19.727612,19.545877,19.41565,17.745852,17.450335,0.0,0.0,0.0,0.0,0.0,0.0,0.0,0.0
18575,2023.0,5.0,9.0,23.0,19.375654,19.419218,18.037245,17.926922,18.988165,18.533737,19.17759,19.056076,18.17785,18.052338,18.018278,17.875942,19.79937,19.642475,19.423655,19.288263,17.635746,17.340473,0.0,0.0,0.0,0.0,0.0,0.0,0.0,0.0
18576,2023.0,5.0,10.0,0.0,19.296362,19.343336,17.9836,17.876,19.133873,18.981886,19.070942,18.955189,18.12189,17.996931,17.9617,17.820337,19.72715,19.571026,19.321194,19.187319,17.740696,17.644434,0.0,0.0,0.0,0.0,0.0,0.0,0.0,0.0
18577,2023.0,5.0,10.0,0.0,19.222382,19.272963,17.935692,17.830027,19.087212,18.958876,18.97517,18.864355,18.661385,19.058443,17.909292,17.76892,19.66072,19.50571,19.22969,19.097784,17.707361,17.601759,0.0,0.0,0.0,4.0,0.0,0.0,0.0,0.0
18578,2023.0,5.0,10.0,0.0,19.150536,19.201733,17.889566,17.783772,19.00855,18.883337,18.88474,18.77497,18.229307,18.12908,17.858545,17.717295,19.597553,19.44163,19.144167,19.011692,17.659426,17.552727,0.0,0.0,0.0,0.0,0.0,0.0,0.0,0.0
18579,2023.0,5.0,10.0,0.0,19.081318,19.13032,17.844797,17.737162,18.929827,18.803274,18.799084,18.68739,17.872166,17.541773,17.80932,17.665665,19.537514,19.379093,19.064024,18.92907,17.613132,17.50447,0.0,0.0,0.0,0.0,0.0,0.0,0.0,0.0
18580,2023.0,5.0,10.0,0.0,19.021677,19.073685,17.806076,17.700314,18.861233,18.73905,18.726309,18.619053,17.747515,17.413261,17.76625,17.62366,20.207678,20.695208,18.994427,18.861305,17.571548,17.4636,0.0,0.0,0.0,0.0,0.0,4.0,0.0,0.0
18581,2023.0,5.0,10.0,0.0,18.96032,19.009819,17.765305,17.65743,18.79105,18.666735,18.652346,18.542732,17.874855,17.755186,17.721874,17.576666,20.108234,20.34905,18.925625,18.789757,17.52949,17.419374,0.0,0.0,0.0,0.0,0.0,4.0,0.0,0.0
18582,2023.0,5.0,10.0,1.0,18.903824,18.95219,17.72651,17.616846,18.726252,18.600574,18.58417,18.473175,17.856184,17.725813,17.68032,17.533245,20.129044,20.378086,18.862814,18.725557,17.490406,17.378942,0.0,0.0,0.0,0.0,0.0,4.0,0.0,0.0
18583,2023.0,5.0,10.0,1.0,18.854788,18.906143,17.693434,17.586246,18.671612,18.550692,18.526667,18.420822,17.820917,17.691505,17.64388,17.498293,19.434113,19.049908,18.807232,18.671886,17.455341,17.344633,0.0,0.0,0.0,0.0,0.0,0.0,0.0,0.0
18584,2023.0,5.0,10.0,1.0,18.801088,18.848137,17.654696,17.543144,18.610846,18.485285,18.462898,18.3523,17.782358,17.649685,17.60345,17.453972,19.203138,18.774199,18.7496,18.610737,17.418169,17.304543,0.0,0.0,0.0,0.0,0.0,0.0,0.0,0.0
18585,2023.0,5.0,10.0,1.0,18.75313,18.799482,17.620193,17.50759,18.557154,18.431581,18.406929,18.296314,17.746239,17.612429,17.566702,17.415983,19.103384,18.677992,18.69735,18.55763,17.384048,17.269312,0.0,0.0,0.0,0.0,0.0,0.0,0.0,0.0
18586,2023.0,5.0,10.0,1.0,18.707981,18.75458,17.587973,17.475729,18.507439,18.383587,18.355446,18.246511,17.7117,17.577438,17.53181,17.380806,19.281204,19.122055,18.64821,18.50833,17.351522,17.23619,0.0,0.0,0.0,0.0,0.0,0.0,0.0,0.0
18587,2023.0,5.0,10.0,1.0,18.66533,18.712992,17.556652,17.444883,18.460182,18.338371,18.306751,18.199768,17.678505,17.544334,17.498144,17.347315,19.264763,19.097519,18.601934,18.462646,18.055513,18.589485,0.0,0.0,0.0,0.0,0.0,0.0,0.0,4.0
18588,2023.0,5.0,10.0,2.0,18.621723,18.667866,17.523918,17.410551,18.412058,18.289415,18.257408,18.149351,18.235262,18.619724,17.463215,17.310736,19.223831,19.055323,18.555414,18.414755,18.34965,18.975763,0.0,0.0,0.0,4.0,0.0,0.0,0.0,4.0
18589,2023.0,5.0,10.0,2.0,18.580482,18.625715,17.492266,17.377678,18.366615,18.243853,18.21129,18.102768,17.844252,17.757278,17.42935,17.275755,19.184456,19.014973,18.51122,18.369942,17.498058,17.251448,0.0,0.0,0.0,0.0,0.0,0.0,0.0,0.0
18590,2023.0,5.0,10.0,2.0,18.536198,18.575993,17.456598,17.336334,18.317282,18.189016,18.161472,18.046991,17.68145,17.539455,17.392181,17.233866,19.14187,18.967999,18.464895,18.319614,17.216747,16.895092,0.0,0.0,0.0,0.0,0.0,0.0,0.0,0.0
18591,2023.0,5.0,10.0,2.0,18.496408,18.534256,17.424755,17.302322,18.273413,18.143858,18.117025,18.001036,17.631723,17.488197,17.358143,17.197935,19.102869,18.927246,18.422258,18.275549,17.12034,16.799839,0.0,0.0,0.0,0.0,0.0,0.0,0.0,0.0
18592,2023.0,5.0,10.0,2.0,18.458115,18.494757,17.394608,17.271395,18.232136,18.102722,18.074959,17.959057,17.587803,17.443594,17.325386,17.164213,19.06552,18.888865,18.381292,18.233759,17.246641,17.131899,0.0,0.0,0.0,0.0,0.0,0.0,0.0,0.0
18593,2023.0,5.0,10.0,2.0,18.419641,18.454247,17.363289,17.237827,18.190311,18.059431,18.032183,17.9148,17.547256,17.401287,17.611908,17.729933,19.028381,18.849957,18.340666,18.19167,17.226748,17.099958,0.0,0.0,0.0,0.0,4.0,0.0,0.0,0.0
18594,2023.0,5.0,10.0,3.0,18.382505,18.415741,17.333063,17.206064,18.150246,18.018732,17.99126,17.87323,17.509438,17.362389,17.36842,17.207315,18.992617,18.81301,18.301409,18.151512,17.192148,17.06411,0.0,0.0,0.0,0.0,0.0,0.0,0.0,0.0
18595,2023.0,5.0,10.0,3.0,18.345936,18.377834,17.303265,17.174652,18.110847,17.978529,17.951147,17.832205,17.47327,17.325205,17.590094,17.692596,18.957785,18.777231,18.263004,18.112349,17.158411,17.029383,0.0,0.0,0.0,0.0,4.0,0.0,0.0,0.0
18596,2023.0,5.0,10.0,3.0,18.308441,18.337366,17.271969,17.139761,18.07018,17.934875,17.90983,17.787737,17.437153,17.286846,17.695452,17.830313,18.922598,18.739962,18.224323,18.071852,17.12403,16.993053,0.0,0.0,0.0,0.0,4.0,0.0,0.0,0.0
18597,2023.0,5.0,10.0,3.0,18.275522,18.305485,17.24598,17.114906,18.035479,17.90242,17.874758,17.754791,17.405142,17.255846,17.158607,16.77204,18.890934,18.709229,18.189009,18.037558,17.827135,18.345318,0.0,0.0,0.0,0.0,0.0,0.0,0.0,4.0
18598,2023.0,5.0,10.0,3.0,18.252083,18.292107,17.217236,17.084238,17.998032,17.863766,17.83715,17.715715,17.961788,18.33072,16.936516,16.501772,18.857666,18.674807,18.15216,17.999706,18.120768,18.733553,0.0,0.0,0.0,4.0,0.0,0.0,0.0,4.0
18599,2023.0,5.0,10.0,3.0,18.22827,18.273758,17.189173,17.055353,17.962257,17.82782,17.80147,17.679552,17.57222,17.471897,17.083174,16.88496,18.825611,18.642456,18.116596,17.964039,17.252651,16.977045,0.0,0.0,0.0,0.0,0.0,0.0,0.0,0.0
18600,2023.0,5.0,10.0,4.0,18.196428,18.240032,17.15979,17.024292,17.925735,17.789896,17.765057,17.64147,17.203058,16.840414,17.115913,16.944683,18.79288,18.608477,18.080315,17.926655,17.726027,18.047743,0.0,0.0,0.0,0.0,0.0,0.0,0.0,4.0
18601,2023.0,5.0,10.0,4.0,18.165321,18.208038,17.595236,17.862856,17.89088,17.754887,17.730202,17.606276,17.065018,16.679379,17.0853,16.914265,18.761446,18.576855,18.045315,17.89158,17.141428,16.82885,4.0,0.0,0.0,0.0,0.0,0.0,0.0,0.0
18602,2023.0,5.0,10.0,4.0,18.132948,18.173798,17.317337,17.256664,17.855375,17.718046,17.694677,17.569237,17.218105,17.065996,17.05257,16.880287,18.729519,18.543827,18.009733,17.854954,16.915726,16.563055,0.0,0.0,0.0,0.0,0.0,0.0,0.0,0.0
18603,2023.0,5.0,10.0,4.0,18.10236,18.143303,17.176744,17.048914,17.822289,17.685656,17.661388,17.536581,17.22321,17.070107,17.021383,16.84966,18.699505,18.514278,17.976105,17.821913,17.573114,17.88481,0.0,0.0,0.0,0.0,0.0,0.0,0.0,4.0
18604,2023.0,5.0,10.0,4.0,18.821571,19.523085,17.12076,16.982609,17.788515,17.651537,17.627308,17.50212,17.768255,18.117182,16.989492,16.817425,18.669033,18.483501,17.94197,17.787558,17.018253,16.70254,0.0,0.0,0.0,4.0,0.0,0.0,0.0,0.0
18605,2023.0,5.0,10.0,4.0,18.340048,18.459347,17.552322,17.823952,17.75482,17.617243,17.593401,17.467522,17.387499,17.271894,17.251778,17.334608,18.638815,18.452808,17.907965,17.753147,16.808632,16.45687,4.0,0.0,0.0,0.0,4.0,0.0,0.0,0.0
18606,2023.0,5.0,10.0,5.0,17.852436,17.596867,17.272781,17.220795,17.721285,17.583004,17.559566,17.432947,17.02511,16.650867,17.042732,16.880148,18.609118,18.4226,17.874218,17.718945,16.724688,16.375046,0.0,0.0,0.0,0.0,0.0,0.0,0.0,0.0
18607,2023.0,5.0,10.0,5.0,17.700766,17.416103,17.115635,16.984278,17.688663,17.550367,17.526585,17.399965,17.478428,17.59991,16.950544,16.776217,18.580078,18.393423,17.841265,17.686031,17.63249,18.178288,0.0,0.0,0.0,4.0,0.0,0.0,0.0,4.0
18608,2023.0,5.0,10.0,5.0,17.893045,17.883638,17.054243,16.910786,17.655006,17.515537,17.4926,17.364788,17.028341,16.645115,17.207111,17.287788,18.550083,18.362394,17.807493,17.651356,17.684776,18.035715,0.0,0.0,0.0,0.0,4.0,0.0,0.0,4.0
18609,2023.0,5.0,10.0,5.0,17.92658,17.955353,17.00727,16.858072,17.619238,17.47622,17.456978,17.325386,16.843266,16.43913,17.326204,17.45049,18.51876,18.328714,17.772665,17.614384,17.706701,18.033783,0.0,0.0,0.0,0.0,4.0,0.0,0.0,4.0
18610,2023.0,5.0,10.0,5.0,17.902128,17.931763,17.434292,17.688011,17.589378,17.448544,18.136066,18.626923,17.614601,17.987814,16.780806,16.373587,19.22602,19.691135,17.74147,17.584515,17.008959,16.68751,4.0,0.0,4.0,4.0,0.0,4.0,0.0,0.0
18611,2023.0,5.0,10.0,5.0,17.873007,17.901686,17.5888,17.895844,17.55679,17.415028,17.727533,17.716879,17.276377,17.177301,16.551624,16.0967,18.737274,18.626156,18.706667,19.42988,16.767212,16.402592,4.0,0.0,0.0,0.0,0.0,0.0,4.0,0.0
18612,2023.0,5.0,10.0,6.0,18.580618,19.256092,16.959293,16.653748,17.524761,17.382141,17.886238,18.0552,17.432312,17.526657,16.711067,16.500858,18.317259,17.88612,17.83168,17.536623,17.39678,17.677008,0.0,0.0,4.0,4.0,0.0,0.0,0.0,4.0
18613,2023.0,5.0,10.0,6.0,21.2846,23.857763,16.640917,16.168705,21.293032,24.04786,21.31453,23.976479,20.31591,22.503843,16.75917,16.583033,21.244028,23.057125,21.49872,24.024654,20.327932,22.691908,0.0,4.0,4.0,4.0,0.0,0.0,0.0,4.0
18614,2023.0,5.0,10.0,6.0,21.012403,22.95917,16.512224,16.03122,20.987415,23.032135,21.027782,23.057592,20.025475,21.624083,16.738186,16.565025,21.010971,22.450031,20.978916,22.745846,19.997515,21.70116,0.0,4.0,0.0,0.0,0.0,0.0,4.0,4.0
18615,2023.0,5.0,10.0,6.0,21.051472,22.806477,17.16148,17.350245,21.062521,22.888195,21.081821,22.915827,18.30251,18.087898,16.717806,16.547995,21.048002,22.34663,21.080606,22.742859,20.04144,21.565958,4.0,4.0,0.0,0.0,0.0,0.0,0.0,4.0
18616,2023.0,5.0,10.0,6.0,21.17023,22.890192,20.301851,22.688398,21.05135,22.673574,21.072912,22.726614,17.464897,17.046963,17.006147,17.106817,21.128567,22.37994,21.063406,22.538765,20.067095,21.486689,4.0,4.0,0.0,0.0,4.0,0.0,0.0,0.0
18617,2023.0,5.0,10.0,6.0,21.182947,22.805,20.092005,21.916193,21.170862,22.779129,21.16925,22.832378,18.160894,18.575565,20.350634,22.794558,21.20247,22.412931,21.183857,22.654184,18.408836,18.169722,4.0,4.0,0.0,4.0,0.0,4.0,0.0,0.0
18618,2023.0,5.0,10.0,7.0,21.068218,22.514387,20.058867,21.612959,21.047857,22.43393,21.054842,22.533682,20.248632,22.064741,18.476242,18.730389,21.028608,21.96861,21.007458,22.20531,17.618635,17.228548,4.0,4.0,0.0,0.0,0.0,4.0,4.0,0.0
18619,2023.0,5.0,10.0,7.0,21.034853,22.366322,20.050898,21.43858,21.046432,22.361929,21.02918,22.414354,18.42178,18.240595,17.440836,17.294182,21.05512,21.974655,21.068808,22.285006,17.61439,17.455093,4.0,4.0,4.0,0.0,0.0,0.0,0.0,0.0
18620,2023.0,5.0,10.0,7.0,21.039904,22.33388,20.049314,21.324665,21.044704,22.306894,21.058346,22.461304,18.304571,18.57074,17.2777,17.120586,21.018293,21.823223,21.056606,22.200455,18.561268,19.30978,4.0,4.0,0.0,4.0,0.0,4.0,0.0,4.0
18621,2023.0,5.0,10.0,7.0,21.064505,22.3729,20.04758,21.242105,21.06862,22.33442,21.043089,22.350126,20.29587,21.908379,17.582973,17.752249,21.052574,21.869768,21.056303,22.14952,20.213453,21.976374,4.0,0.0,4.0,0.0,4.0,0.0,0.0,0.0
18622,2023.0,5.0,10.0,7.0,21.031574,22.256163,20.045969,21.180574,21.037012,22.214998,21.070383,22.384272,18.56323,18.372047,20.311838,22.389412,21.045418,21.813692,21.05468,22.10473,18.411633,18.241793,4.0,4.0,0.0,0.0,0.0,0.0,0.0,0.0
18623,2023.0,5.0,10.0,7.0,21.063032,22.320417,20.044184,21.132502,21.066854,22.269592,21.063557,22.334917,17.75011,17.365292,18.68433,18.894323,21.014307,21.69761,21.04099,22.067696,17.600035,17.256657,4.0,0.0,0.0,0.0,0.0,4.0,0.0,0.0
18624,2023.0,5.0,10.0,8.0,21.054861,22.284534,20.06028,21.145262,21.058075,22.228064,21.03528,22.23158,17.797277,17.646032,17.796696,17.678457,21.017586,21.68323,21.040653,22.05399,17.620138,17.486929,0.0,0.0,4.0,0.0,0.0,4.0,0.0,0.0
18625,2023.0,5.0,10.0,8.0,20.23398,20.666107,19.09457,19.245398,20.129044,20.399073,19.560436,19.422186,17.784315,17.643837,17.631388,17.486631,19.951208,19.644857,19.957266,19.954493,17.591364,17.46739,4.0,4.0,0.0,0.0,0.0,0.0,0.0,0.0
18626,2023.0,5.0,10.0,8.0,19.331451,19.166964,20.183493,21.38829,19.192316,18.855864,18.88335,18.484905,17.744295,17.608624,17.568537,17.416681,19.542261,19.093027,19.514318,19.357834,17.544281,17.424953,0.0,0.0,0.0,0.0,0.0,0.0,0.0,0.0
18627,2023.0,5.0,10.0,8.0,18.876293,18.65485,18.8589,18.778522,18.72335,18.32795,18.793562,18.637075,17.698961,17.568417,17.521212,17.373926,19.371214,18.938066,19.290028,19.134983,17.492384,17.377705,0.0,0.0,0.0,0.0,0.0,0.0,0.0,0.0
18628,2023.0,5.0,10.0,8.0,18.686369,18.466852,18.452435,18.33046,18.521801,18.126293,18.694103,18.581661,17.667034,17.536339,17.495102,17.347593,19.268667,18.845465,19.14459,18.981627,17.453611,17.338385,0.0,0.0,0.0,0.0,0.0,0.0,0.0,0.0
18629,2023.0,5.0,10.0,8.0,18.785307,18.826406,18.291428,18.19089,18.616726,18.487022,18.564737,18.468315,17.641983,17.51458,17.477358,17.333462,19.413893,19.231316,19.034552,18.880064,17.422361,17.31026,0.0,0.0,0.0,0.0,0.0,0.0,0.0,0.0
18630,2023.0,5.0,10.0,9.0,18.718908,18.780214,18.140373,18.045048,18.548836,18.444979,18.446339,18.357004,17.621313,17.495604,17.464712,17.322853,19.40771,19.242758,18.940765,18.79016,17.395842,17.285278,0.0,0.0,0.0,0.0,0.0,0.0,0.0,0.0
18631,2023.0,5.0,10.0,9.0,18.639595,18.715454,18.02946,17.95492,19.166618,19.697012,18.350975,18.279428,17.606085,17.483177,17.457216,17.317919,19.374283,19.21612,18.865902,18.72426,17.37523,17.267548,0.0,4.0,0.0,0.0,0.0,0.0,0.0,0.0
18632,2023.0,5.0,10.0,9.0,18.5618,18.64642,17.92365,17.858248,18.713596,18.77174,18.259123,18.196945,17.593693,17.472195,17.45315,17.315353,19.342527,19.188334,18.798584,18.660894,17.357418,17.251041,0.0,0.0,0.0,0.0,0.0,0.0,0.0,0.0
18633,2023.0,5.0,10.0,9.0,18.499813,18.602222,17.82917,17.77081,18.262648,18.020176,18.17492,18.120201,17.584612,17.464182,17.452793,17.31631,19.314901,19.163605,18.74022,18.60507,17.342937,17.237432,0.0,0.0,0.0,0.0,0.0,0.0,0.0,0.0
18634,2023.0,5.0,10.0,9.0,18.446987,18.566105,18.21173,18.56788,18.791826,19.13922,18.1023,18.058016,17.578972,17.459759,17.455708,17.3203,19.293007,19.145113,18.69211,18.561125,17.332142,17.227846,4.0,4.0,0.0,0.0,0.0,0.0,0.0,0.0
18635,2023.0,5.0,10.0,9.0,19.114498,19.877893,20.230064,22.090113,18.363451,18.292526,18.03618,18.001507,17.576118,17.457924,17.462013,17.327785,19.275276,19.130257,18.650702,18.523254,18.24665,18.961523,0.0,0.0,0.0,0.0,0.0,0.0,0.0,4.0
18636,2023.0,5.0,10.0,10.0,18.725258,18.96235,19.218159,19.850775,18.040022,17.864489,17.967178,17.941158,17.575697,17.458439,17.472591,17.339027,19.258139,19.115726,18.607738,18.483084,20.245844,22.219133,4.0,0.0,0.0,0.0,0.0,0.0,0.0,0.0
18637,2023.0,5.0,10.0,10.0,18.94839,19.546492,20.194775,21.776825,18.57909,18.969675,17.904467,17.884819,17.577543,17.460762,17.486357,17.353724,19.244436,19.103706,18.570265,18.447384,18.574818,18.670364,4.0,4.0,0.0,0.0,0.0,0.0,0.0,0.0
18638,2023.0,5.0,10.0,10.0,18.481535,18.567593,20.032324,21.33839,18.235142,18.192896,17.847567,17.833559,18.344599,18.90432,17.504288,17.372032,19.235237,19.09582,18.539038,18.41717,17.793089,17.619331,0.0,0.0,0.0,4.0,0.0,0.0,0.0,0.0
18639,2023.0,5.0,10.0,10.0,18.20023,18.228409,18.829548,18.946512,17.950241,17.827293,17.797527,17.7906,20.201927,21.9944,17.524576,17.391874,19.22964,19.091557,18.513676,18.39333,17.70542,17.588707,0.0,0.0,0.0,0.0,0.0,0.0,0.0,0.0
18640,2023.0,5.0,10.0,10.0,18.106176,18.136738,18.525145,18.77478,17.853243,17.731071,17.751358,17.750698,18.745552,18.861492,17.545607,17.412865,19.226528,19.089512,18.492292,18.372906,17.66949,17.559628,4.0,0.0,0.0,0.0,0.0,0.0,0.0,0.0
18641,2023.0,5.0,10.0,10.0,18.149855,18.283445,20.226181,21.81423,17.886662,17.85845,17.714012,17.718897,18.188753,17.99249,17.566326,17.434587,19.226292,19.090307,18.477076,18.358446,17.638887,17.528944,0.0,0.0,0.0,0.0,0.0,0.0,0.0,0.0
18642,2023.0,5.0,10.0,11.0,18.896898,19.712172,19.22785,19.689339,17.882082,17.879642,17.675331,17.686657,18.107101,17.972393,17.58881,17.456766,19.995684,20.550913,18.461618,18.344345,17.606815,17.498007,4.0,0.0,0.0,0.0,0.0,4.0,0.0,0.0
18643,2023.0,5.0,10.0,11.0,18.368517,18.55727,20.164125,21.522085,17.8485,17.851248,17.6406,17.655079,18.072033,17.944164,18.006298,18.223953,19.534882,19.522198,19.494308,20.308126,17.58384,17.473646,0.0,0.0,0.0,0.0,4.0,0.0,4.0,0.0
18644,2023.0,5.0,10.0,11.0,18.052406,18.149834,18.964422,19.11602,17.810278,17.81667,17.6041,17.622177,18.027397,17.9003,20.205053,21.995247,19.193733,18.967333,18.952368,18.957363,17.558836,17.448597,0.0,0.0,0.0,0.0,0.0,0.0,0.0,0.0
18645,2023.0,5.0,10.0,11.0,17.967798,18.052446,18.77955,19.18451,17.773008,17.782207,17.569391,17.590061,17.988722,17.861675,18.98677,19.303572,19.123655,18.885696,18.532124,18.354742,17.535908,17.42568,4.0,0.0,0.0,0.0,0.0,0.0,0.0,0.0
18646,2023.0,5.0,10.0,11.0,17.99491,18.150702,20.169884,21.64109,17.741344,17.752806,17.540287,17.562817,17.961895,17.83448,18.376358,18.2709,19.108557,18.873938,18.448332,18.262236,17.518969,17.408747,4.0,0.0,0.0,0.0,0.0,0.0,0.0,0.0
18647,2023.0,5.0,10.0,11.0,18.005037,18.189127,20.003452,21.196396,17.706205,17.719145,17.508276,17.53198,17.933939,17.806639,18.202635,18.060059,19.185884,19.045265,18.407772,18.225187,17.500145,17.390015,4.0,0.0,0.0,0.0,0.0,0.0,0.0,0.0
18648,2023.0,5.0,10.0,12.0,17.975395,18.158258,20.052536,21.238266,18.392313,19.040102,17.480219,17.507853,17.911905,17.786915,18.138815,17.995579,19.20615,19.070488,18.430605,18.306385,17.484362,17.375807,0.0,4.0,0.0,0.0,0.0,0.0,0.0,0.0
18649,2023.0,5.0,10.0,12.0,21.303932,24.016989,19.319952,19.757229,21.283966,23.911648,21.2436,24.184498,17.891027,17.765932,18.095388,17.951391,21.227283,22.611828,21.484049,23.643372,17.468147,17.35891,4.0,4.0,0.0,0.0,0.0,0.0,0.0,0.0
18650,2023.0,5.0,10.0,12.0,21.178932,23.435995,20.17261,21.485563,21.02874,23.087458,21.005934,23.281378,17.874706,17.748941,18.061337,17.915487,21.206337,22.471928,20.965256,22.423178,17.454927,17.344965,0.0,0.0,0.0,0.0,0.0,0.0,4.0,0.0
18651,2023.0,5.0,10.0,12.0,21.05631,22.973278,19.039154,19.211555,21.065903,22.935356,21.06402,23.129728,17.8634,17.737879,18.036484,17.890598,21.029716,21.989073,21.058311,22.454855,17.44672,17.336836,0.0,0.0,0.0,0.0,0.0,0.0,0.0,0.0
18652,2023.0,5.0,10.0,12.0,21.043837,22.807657,18.415535,18.434147,21.028854,22.687159,21.049469,22.92407,17.85446,17.728954,18.015509,17.868546,21.024,21.889927,21.038118,22.284239,17.442291,17.332653,0.0,4.0,0.0,0.0,0.0,0.0,0.0,0.0
18653,2023.0,5.0,10.0,12.0,21.02296,22.646763,18.245369,18.266117,21.064634,22.671131,21.055973,22.812304,17.847532,17.722754,17.999166,17.85328,21.025795,21.828499,21.04378,22.198683,18.444519,19.235788,0.0,0.0,0.0,0.0,0.0,0.0,0.0,4.0
18654,2023.0,5.0,10.0,13.0,21.052618,22.65814,18.107471,18.125992,21.056005,22.571018,21.05308,22.715286,17.841185,17.716976,17.983751,17.838192,21.025372,21.775396,21.041212,22.121784,20.193815,22.063276,0.0,0.0,0.0,0.0,0.0,0.0,0.0,0.0
18655,2023.0,5.0,10.0,13.0,21.053308,22.589264,18.43288,18.833422,21.05571,22.5063,21.052029,22.644232,17.835058,17.711313,17.96943,17.824118,21.024775,21.733318,21.034515,22.066738,18.666462,18.812525,4.0,0.0,0.0,0.0,0.0,0.0,0.0,0.0
18656,2023.0,5.0,10.0,13.0,21.180256,22.78896,20.207722,21.89377,21.19928,22.759693,21.190243,22.867458,17.82903,17.705774,17.956123,17.810905,21.204659,22.060587,21.263088,22.490725,17.917646,17.77632,4.0,0.0,0.0,0.0,0.0,0.0,0.0,0.0
18657,2023.0,5.0,10.0,13.0,21.042427,22.48094,20.014885,21.35634,21.045963,22.418592,21.049076,22.538506,17.823586,17.700834,17.945704,17.800682,21.02316,21.666256,21.033785,21.997166,17.807102,17.698769,0.0,0.0,0.0,0.0,0.0,0.0,0.0,0.0
18658,2023.0,5.0,10.0,13.0,21.0194,22.394884,18.866404,19.047798,21.048214,22.40275,21.02684,22.445177,17.81896,17.697205,17.938576,17.795002,21.024517,21.650734,21.036674,21.98793,17.76262,17.654242,0.0,0.0,4.0,0.0,0.0,0.0,0.0,0.0
18659,2023.0,5.0,10.0,13.0,21.028765,22.385324,18.635023,18.982311,21.04371,22.373129,21.054035,22.49783,17.813908,17.692757,17.930454,17.787495,21.021572,21.62748,21.031725,21.959883,17.718718,17.608953,4.0,0.0,0.0,0.0,0.0,0.0,0.0,0.0
18660,2023.0,5.0,10.0,14.0,21.18905,22.704853,20.221527,21.791718,21.205893,22.678795,21.180733,22.711536,17.809395,17.689144,17.923002,17.78121,21.21537,21.999907,21.291348,22.462727,17.686121,17.57821,0.0,0.0,0.0,0.0,0.0,0.0,0.0,0.0
18661,2023.0,5.0,10.0,14.0,19.849607,20.093927,18.96218,19.18748,19.919323,20.173094,19.724867,19.873428,17.806217,17.687424,17.918137,17.777918,20.37584,20.34712,20.08869,20.100939,17.659292,17.553234,0.0,0.0,0.0,0.0,0.0,0.0,0.0,0.0
18662,2023.0,5.0,10.0,14.0,19.325163,19.377853,18.897322,19.303822,19.355934,19.366339,19.208391,19.212898,17.804132,17.686853,17.916195,17.777771,20.870798,21.408527,19.705578,19.577124,17.641132,17.535988,4.0,0.0,0.0,0.0,0.0,4.0,0.0,0.0
18663,2023.0,5.0,10.0,14.0,19.113474,19.168365,20.174063,21.599451,19.12541,19.121168,18.994602,19.004787,17.800869,17.6851,17.913721,17.777315,20.189081,20.029575,19.554743,19.425592,17.623495,17.51995,0.0,0.0,0.0,0.0,0.0,0.0,0.0,0.0
18664,2023.0,5.0,10.0,14.0,19.72897,20.506,19.098974,19.40178,18.928349,18.926172,19.455273,20.051477,17.796324,17.681913,18.281172,18.470041,19.844671,19.598026,19.41572,19.288795,17.60376,17.50171,0.0,0.0,4.0,0.0,4.0,0.0,0.0,0.0
18665,2023.0,5.0,10.0,14.0,19.742456,20.43539,18.992765,19.40693,19.457079,20.032827,18.988825,19.139425,17.791609,17.678486,20.203415,21.820553,19.759663,19.511732,19.319412,19.192339,17.587523,17.486444,4.0,4.0,0.0,0.0,0.0,0.0,0.0,0.0
18666,2023.0,5.0,10.0,15.0,19.674698,20.35751,20.14748,21.451117,19.077482,19.228125,19.154896,19.667694,17.786465,17.674774,19.078976,19.355745,19.773323,19.618927,20.225143,20.992924,17.569687,17.470093,4.0,0.0,4.0,0.0,0.0,0.0,4.0,0.0
18667,2023.0,5.0,10.0,15.0,19.067036,19.240671,20.012236,21.108078,18.620623,18.571535,19.254925,19.791666,17.781458,17.670925,18.362959,18.273859,19.753962,19.61629,19.548319,19.44952,18.482616,19.210354,4.0,0.0,4.0,0.0,0.0,0.0,0.0,4.0
18668,2023.0,5.0,10.0,15.0,19.405903,20.096186,20.029154,21.091,19.072777,19.557652,19.232403,19.77064,18.5178,19.065182,18.208088,18.084219,19.710068,19.576317,19.141617,18.95287,20.154543,21.897476,4.0,4.0,4.0,4.0,0.0,0.0,0.0,4.0
18669,2023.0,5.0,10.0,15.0,19.541763,20.23487,20.026253,21.048983,19.260695,19.799719,18.648798,18.701326,20.178957,21.819696,18.160498,18.0334,19.668657,19.537022,19.021582,18.82983,20.032566,21.460417,4.0,4.0,0.0,0.0,0.0,0.0,0.0,0.0
18670,2023.0,5.0,10.0,15.0,19.534616,20.224016,20.043922,21.071527,19.265793,19.806295,18.303246,18.26266,19.43,20.061733,18.520838,18.741121,19.632454,19.50271,19.930305,20.618744,19.519419,20.269827,0.0,4.0,0.0,4.0,4.0,0.0,4.0,4.0
18671,2023.0,5.0,10.0,15.0,19.54742,20.248035,19.431572,19.849365,19.266045,19.80767,18.814764,19.3278,20.200775,21.58733,20.179764,21.599285,19.60133,19.473782,19.347492,19.255302,20.208818,21.632483,4.0,4.0,4.0,0.0,0.0,0.0,0.0,0.0
18672,2023.0,5.0,10.0,16.0,18.962852,19.15312,20.145657,21.309624,19.264515,19.807241,18.455427,18.52717,19.599903,20.212942,19.165737,19.40983,19.573498,19.447872,18.993143,18.815048,18.938026,19.04224,0.0,4.0,0.0,4.0,0.0,0.0,0.0,0.0
18673,2023.0,5.0,10.0,16.0,19.332561,20.049429,19.450022,19.873426,19.264303,19.810247,18.800743,19.35101,20.077888,21.151768,18.502203,18.409544,19.54784,19.423918,18.900436,18.720795,18.289486,18.152187,4.0,4.0,4.0,4.0,0.0,0.0,0.0,0.0
18674,2023.0,5.0,10.0,16.0,18.859406,19.02985,20.128084,21.259348,19.264877,19.814167,18.970081,19.536488,20.032269,21.000198,18.747381,18.982721,19.52399,19.402256,18.8401,18.666319,18.99674,19.63886,4.0,4.0,4.0,0.0,4.0,0.0,0.0,4.0
18675,2023.0,5.0,10.0,16.0,19.254862,19.968433,20.010986,20.98263,19.266054,19.818628,18.996136,19.56371,19.109781,19.16015,20.15722,21.424992,19.501158,19.382317,19.882471,20.693653,20.288197,21.816494,4.0,4.0,4.0,0.0,0.0,0.0,4.0,0.0
18676,2023.0,5.0,10.0,16.0,18.842857,19.053482,20.04298,21.031126,19.26903,19.824825,19.020168,19.589912,18.59081,18.459093,19.135977,19.265156,19.478731,19.36325,19.28196,19.23665,18.952042,19.069489,0.0,4.0,4.0,0.0,0.0,0.0,0.0,0.0
18677,2023.0,5.0,10.0,16.0,18.536156,18.662313,19.46714,19.877346,19.272821,19.832033,19.040081,19.61287,18.412498,18.264057,18.518326,18.378088,19.455584,19.343578,18.899181,18.747385,18.309614,18.188011,4.0,4.0,4.0,0.0,0.0,0.0,0.0,0.0
18678,2023.0,5.0,10.0,17.0,19.168583,19.916788,20.125408,21.159767,19.2765,19.838964,19.054447,19.630072,18.370153,18.263746,18.433643,18.319689,19.434,19.3262,18.820923,18.670542,18.204708,18.11135,0.0,4.0,4.0,0.0,0.0,0.0,0.0,0.0
18679,2023.0,5.0,10.0,17.0,18.744898,18.946358,19.190075,19.325296,19.262636,19.810333,19.05086,19.611086,18.304998,18.204725,18.372665,18.263613,19.40475,19.296488,18.747246,18.589998,19.027126,19.746025,0.0,4.0,4.0,0.0,0.0,0.0,0.0,4.0
18680,2023.0,5.0,10.0,17.0,19.186378,19.884546,18.807198,18.819765,19.242352,19.773552,19.038128,19.581535,18.960938,19.495161,18.679943,18.88943,19.373905,19.26405,19.784851,20.608385,20.149693,21.620726,0.0,4.0,4.0,4.0,4.0,0.0,4.0,0.0
18681,2023.0,5.0,10.0,17.0,19.336384,20.020027,18.622513,18.631842,19.219324,19.734434,18.459219,18.502026,20.204798,21.577763,20.165293,21.483528,19.339289,19.228302,19.208593,19.20401,18.860361,18.94351,0.0,4.0,0.0,0.0,0.0,0.0,0.0,0.0
18682,2023.0,5.0,10.0,17.0,19.34487,20.01802,18.895357,19.267157,19.194498,19.693226,18.746828,19.229113,18.9811,19.043562,19.171936,19.381796,20.064873,20.63548,18.766037,18.600018,18.203758,18.06595,4.0,4.0,4.0,0.0,0.0,4.0,0.0,0.0
18683,2023.0,5.0,10.0,17.0,19.345081,20.001293,20.167067,21.511633,18.606833,18.60399,18.855562,19.359625,18.473381,18.276577,18.653933,18.554909,20.335869,21.016293,18.63308,18.438023,18.027777,17.85384,0.0,0.0,4.0,0.0,0.0,4.0,0.0,0.0
18684,2023.0,5.0,10.0,18.0,19.340633,19.979635,19.489595,20.0338,18.891256,19.329746,18.852081,19.334835,19.074398,19.59438,18.450645,18.333574,19.56291,19.464182,18.529318,18.327242,17.968126,17.865519,4.0,4.0,4.0,4.0,0.0,0.0,0.0,0.0
18685,2023.0,5.0,10.0,18.0,21.243507,23.302172,20.11787,21.1979,21.265963,23.430237,21.27426,23.549143,20.147346,21.440718,18.31924,18.208155,21.218315,22.478851,21.362934,23.331581,18.85763,19.637653,4.0,4.0,4.0,0.0,0.0,0.0,0.0,4.0
18686,2023.0,5.0,10.0,18.0,21.006882,22.633564,20.01612,20.950306,21.006437,22.664614,21.007889,22.766407,18.89442,18.88581,18.190945,18.090157,21.024662,22.048576,20.972048,22.406523,20.162779,21.735,4.0,4.0,4.0,0.0,0.0,0.0,4.0,0.0
18687,2023.0,5.0,10.0,18.0,21.061474,22.627617,20.046938,20.991322,21.041672,22.570951,21.069645,22.737997,18.221874,18.018105,18.07996,17.98824,21.043459,22.002949,21.064472,22.465004,18.688627,18.703836,0.0,4.0,0.0,0.0,0.0,0.0,0.0,0.0
18688,2023.0,5.0,10.0,18.0,21.051495,22.508133,19.04421,19.037275,21.036018,22.448534,21.033964,22.524767,18.134613,18.042667,18.361233,18.609177,21.031279,21.934534,21.049213,22.322779,17.974861,17.800716,0.0,4.0,4.0,0.0,4.0,0.0,0.0,0.0
18689,2023.0,5.0,10.0,18.0,21.025278,22.362192,18.422525,18.218393,21.035818,22.368235,21.064116,22.519476,18.068321,17.994215,20.219,21.804964,21.002113,21.823395,21.050095,22.241459,17.770842,17.585949,0.0,4.0,0.0,0.0,4.0,4.0,0.0,0.0
18690,2023.0,5.0,10.0,19.0,21.029442,22.32145,18.809807,19.13724,21.034653,22.306068,21.03196,22.367918,17.975885,17.905266,20.026506,21.239866,21.016037,21.814293,21.048876,22.176594,17.758966,17.688963,4.0,4.0,4.0,0.0,0.0,4.0,0.0,0.0
18691,2023.0,5.0,10.0,19.0,21.029305,22.28441,20.149794,21.434982,21.059305,22.328531,21.062458,22.400803,18.666548,19.287487,18.796421,18.748383,21.044525,21.862925,20.999718,22.022161,17.713299,17.655073,4.0,0.0,0.0,4.0,0.0,0.0,4.0,0.0
18692,2023.0,5.0,10.0,19.0,21.055042,22.326984,20.031477,21.092617,21.028152,22.203995,21.030949,22.276775,20.193514,21.776682,18.096031,17.846155,21.03906,21.821081,21.057072,22.131128,17.644445,17.590229,0.0,4.0,4.0,0.0,0.0,0.0,0.0,0.0
18693,2023.0,5.0,10.0,19.0,21.022097,22.210363,19.28327,19.557577,21.033333,22.184786,21.061432,22.328932,18.715387,18.690365,18.036842,17.925388,21.03903,21.794132,21.046797,22.0772,17.58383,17.532667,4.0,4.0,0.0,0.0,0.0,0.0,0.0,0.0
18694,2023.0,5.0,10.0,19.0,21.027859,22.201176,20.138245,21.29744,21.032324,22.159945,21.030073,22.218786,17.993986,17.780277,17.999653,17.918518,21.038593,21.770971,21.00733,21.941896,18.438013,19.192451,4.0,4.0,4.0,0.0,0.0,0.0,4.0,4.0
18695,2023.0,5.0,10.0,19.0,21.026834,22.18391,20.033022,21.015112,21.032059,22.140059,21.060642,22.280262,17.953312,17.871601,17.915411,17.840443,21.028423,21.75305,21.054878,22.050846,20.224026,22.07429,0.0,4.0,0.0,0.0,0.0,0.0,0.0,0.0
18696,2023.0,5.0,10.0,20.0,21.026688,22.170313,18.97971,18.941507,21.057074,22.192484,21.054241,22.245193,17.918627,17.85502,17.836325,17.766165,21.029585,21.754627,21.04602,22.014042,18.528122,18.516079,0.0,0.0,0.0,0.0,0.0,0.0,0.0,0.0
18697,2023.0,5.0,10.0,20.0,21.055037,22.233427,18.278294,17.980888,21.050198,22.156624,21.053646,22.223171,17.83397,17.759878,17.751616,17.669132,21.028807,21.751322,21.004072,21.884981,17.762255,17.56542,0.0,0.0,0.0,0.0,0.0,0.0,4.0,0.0
18698,2023.0,5.0,10.0,20.0,21.053621,22.177181,18.291039,18.212748,21.061985,22.12725,21.087402,22.292152,17.757877,17.679058,17.67322,17.583855,21.060287,21.809034,21.095753,22.099537,17.718393,17.650398,0.0,4.0,0.0,0.0,0.0,0.0,0.0,0.0
18699,2023.0,5.0,10.0,20.0,21.053791,22.168264,18.208883,18.129187,21.103634,22.221281,21.044401,22.167938,17.690521,17.607317,17.602468,17.507942,21.006517,21.664576,21.093407,22.047356,17.65087,17.57558,0.0,0.0,4.0,0.0,0.0,4.0,0.0,0.0
18700,2023.0,5.0,10.0,20.0,21.053658,22.156487,18.10548,18.020906,21.102163,22.18296,21.11137,22.318552,17.628515,17.540777,17.536036,17.43621,21.0818,21.836277,21.09358,22.032413,17.573084,17.494041,0.0,0.0,0.0,0.0,0.0,0.0,0.0,0.0
18701,2023.0,5.0,10.0,20.0,21.05324,22.145475,18.009802,17.920002,21.036175,22.035185,21.067896,22.159817,17.571295,17.478878,17.473461,17.368198,21.027658,21.66042,21.07417,21.999079,17.502422,17.419373,0.0,4.0,4.0,0.0,0.0,4.0,0.0,0.0
18702,2023.0,5.0,10.0,21.0,21.053524,22.136055,17.923044,17.827923,21.105276,22.199808,21.110395,22.273373,17.518093,17.420862,17.414206,17.30338,21.08183,21.800203,21.074955,22.005766,17.438942,17.351707,0.0,0.0,0.0,0.0,0.0,0.0,0.0,0.0
18703,2023.0,5.0,10.0,21.0,21.051653,22.149717,17.85633,17.768229,21.044647,22.054245,21.04782,22.132015,18.195974,18.736948,17.365582,17.256884,21.004486,21.606377,21.032843,21.929987,18.31301,19.050194,0.0,0.0,0.0,4.0,0.0,4.0,0.0,4.0
18704,2023.0,5.0,10.0,21.0,21.048967,22.130665,18.233458,18.529493,21.053455,22.058691,21.031105,22.067085,20.25253,22.149824,17.66656,17.85884,21.015541,21.62652,21.038225,21.942715,20.245798,22.176004,4.0,0.0,4.0,0.0,4.0,4.0,0.0,0.0
18705,2023.0,5.0,10.0,21.0,21.021782,22.041155,20.248241,21.999159,21.038265,22.043785,21.06049,22.139324,18.466755,18.37417,20.303902,22.33243,21.045126,21.702465,21.03766,21.94137,18.40203,18.305578,0.0,0.0,0.0,0.0,4.0,0.0,0.0,0.0
18706,2023.0,5.0,10.0,21.0,21.026997,22.04585,18.908607,19.141317,21.040092,22.054647,21.02911,22.044802,17.648186,17.361406,20.012108,21.518368,21.039967,21.68039,21.037704,21.940052,17.597805,17.333977,0.0,0.0,4.0,0.0,0.0,0.0,0.0,0.0
18707,2023.0,5.0,10.0,21.0,21.026556,22.041534,18.142538,18.092855,21.014393,21.986906,21.06033,22.120598,17.654106,17.541239,18.489962,18.380816,21.040253,21.669796,21.037485,21.937431,18.58217,19.375088,0.0,4.0,0.0,0.0,0.0,0.0,0.0,4.0
18708,2023.0,5.0,10.0,22.0,21.026793,22.038887,17.963394,17.873571,21.019691,22.004707,21.054176,22.096693,18.336153,18.85187,17.66271,17.31707,21.0096,21.580685,20.997305,21.82677,20.201933,21.939716,0.0,4.0,0.0,4.0,0.0,4.0,4.0,0.0
18709,2023.0,5.0,10.0,22.0,21.026451,22.03445,17.866299,17.773096,21.03311,22.008947,21.05434,22.08567,20.217928,21.933708,17.648499,17.49527,21.045189,21.671953,21.056839,21.957655,18.478947,18.364779,0.0,4.0,0.0,4.0,0.0,0.0,0.0,0.0
18710,2023.0,5.0,10.0,22.0,21.053532,22.103441,17.785442,17.687937,21.056896,22.06105,21.039024,22.07417,19.99534,21.273556,17.628557,17.503117,21.038477,21.651585,21.044794,21.915976,17.704842,17.432407,0.0,0.0,0.0,4.0,0.0,0.0,0.0,0.0
18711,2023.0,5.0,10.0,22.0,21.094128,22.164997,17.719166,17.621305,21.060272,22.016356,21.082079,22.169922,20.122044,21.399515,17.545206,17.421585,21.02593,21.592947,21.093782,21.993584,17.699919,17.61181,0.0,4.0,0.0,0.0,0.0,4.0,0.0,0.0
18712,2023.0,5.0,10.0,22.0,21.040852,22.047346,17.669334,17.579853,21.052462,22.02069,21.010532,22.011026,18.709515,18.54468,17.474424,17.358711,21.0431,21.65633,21.02912,21.873335,18.389595,18.962517,0.0,0.0,4.0,0.0,0.0,0.0,0.0,4.0
18713,2023.0,5.0,10.0,22.0,21.020437,21.978416,17.618937,17.531477,21.050758,22.00528,21.047419,22.115938,17.989544,17.673605,17.404436,17.28974,21.039003,21.643002,21.037464,21.896433,20.237307,22.017916,0.0,0.0,0.0,0.0,0.0,0.0,0.0,0.0
18714,2023.0,5.0,10.0,23.0,21.052328,22.062757,17.573406,17.488214,21.050442,21.993269,21.054514,22.10416,17.968195,17.84496,17.342085,17.22866,21.039211,21.638117,21.03655,21.898268,19.16732,19.647585,0.0,0.0,0.0,0.0,0.0,0.0,0.0,4.0
18715,2023.0,5.0,10.0,23.0,20.455322,20.88283,17.529516,17.44426,20.119946,20.222973,19.775572,19.63304,17.919807,17.814882,17.284431,17.170652,20.312931,20.25898,20.081812,20.063654,18.053383,17.82416,0.0,0.0,0.0,0.0,0.0,0.0,0.0,0.0
18716,2023.0,5.0,10.0,23.0,19.634117,19.486782,17.491627,17.404459,19.63192,19.524206,20.086899,20.535563,17.836132,17.72868,17.236675,17.120136,20.018858,19.880102,19.690887,19.566223,17.731333,17.443962,0.0,0.0,4.0,0.0,0.0,0.0,0.0,0.0
18717,2023.0,5.0,10.0,23.0,19.27178,19.0308,17.455593,17.367937,19.416243,19.292633,19.336487,19.109703,18.325996,18.717106,17.191566,17.074009,19.87558,19.73117,19.50622,19.384398,17.587372,17.3041,0.0,0.0,0.0,4.0,0.0,0.0,0.0,0.0
18718,2023.0,5.0,10.0,23.0,19.067041,18.817102,17.420078,17.330782,19.251255,19.122356,18.870281,18.460161,17.891651,17.80154,17.147486,17.027695,19.751692,19.603363,19.347988,19.22075,17.642443,17.537834,0.0,0.0,0.0,0.0,0.0,0.0,0.0,0.0
18719,2023.0,5.0,10.0,23.0,19.889675,20.534676,17.387182,17.297716,19.117357,18.991241,18.662596,18.24827,17.546347,17.262016,17.394932,17.524275,19.647055,19.499706,19.216557,19.09095,17.596123,17.496712,0.0,0.0,0.0,0.0,4.0,0.0,0.0,0.0
18720,2023.0,5.0,11.0,0.0,19.208498,19.127443,17.354654,17.264145,18.997091,18.871061,18.746832,18.583574,17.387474,17.079187,17.20248,17.111643,19.551105,19.40261,19.097427,18.97091,17.5259,17.425426,0.0,0.0,0.0,0.0,0.0,0.0,0.0,0.0
18721,2023.0,5.0,11.0,0.0,18.815306,18.559233,17.32022,17.225624,18.882643,18.750053,18.70877,18.590506,17.486406,17.37918,17.08275,16.95671,19.459377,19.305033,18.984894,18.85233,17.45622,17.351059,0.0,0.0,0.0,0.0,0.0,0.0,0.0,0.0
18722,2023.0,5.0,11.0,0.0,18.670033,18.417303,17.289572,17.194115,18.788113,18.658964,18.619688,18.506092,18.044687,18.449533,17.03624,16.909513,19.381168,19.227402,18.88909,18.757717,17.394878,17.28968,0.0,0.0,0.0,4.0,0.0,0.0,0.0,0.0
18723,2023.0,5.0,11.0,0.0,18.81068,18.821299,17.258049,17.160353,18.697973,18.568462,18.531202,18.41772,17.611143,17.5154,16.991034,16.862091,19.306517,19.150911,18.798594,18.66575,17.335602,17.228607,0.0,0.0,0.0,0.0,0.0,0.0,0.0,0.0
18724,2023.0,5.0,11.0,0.0,18.794453,18.835302,17.225683,17.12438,18.611773,18.478882,18.444561,18.32794,17.253384,16.93109,16.947107,16.814478,19.23505,19.075657,18.71279,18.576385,17.278236,17.16798,0.0,0.0,0.0,0.0,0.0,0.0,0.0,0.0
18725,2023.0,5.0,11.0,0.0,18.732224,18.773151,17.195004,17.091372,18.534634,18.401459,18.366266,18.249437,17.120543,16.78942,17.22696,17.374195,19.170067,19.008902,18.63498,18.497194,17.22539,17.113403,0.0,0.0,0.0,0.0,4.0,0.0,0.0,0.0
18726,2023.0,5.0,11.0,1.0,18.673119,18.716486,17.166534,17.06231,18.466265,18.336403,18.296516,18.18308,17.854595,18.277536,17.001936,16.894663,19.111496,18.951086,18.564907,18.428473,17.177143,17.065428,0.0,0.0,0.0,4.0,0.0,0.0,0.0,0.0
18727,2023.0,5.0,11.0,1.0,18.613552,18.657187,17.138319,17.03313,18.399643,18.27033,18.228405,18.115427,17.468634,17.386036,17.185236,17.305782,19.054626,18.893272,18.497074,18.359875,17.130007,17.01738,0.0,0.0,0.0,0.0,4.0,0.0,0.0,0.0
18728,2023.0,5.0,11.0,1.0,18.556488,18.59943,17.110865,17.004583,18.336613,18.207132,18.163853,18.050556,17.675268,17.855919,16.954405,16.819786,19.000683,18.837877,18.432869,18.294298,17.08493,16.970991,0.0,0.0,0.0,4.0,0.0,0.0,0.0,0.0
18729,2023.0,5.0,11.0,1.0,18.504654,18.549217,17.085331,16.979227,18.279877,18.152884,18.105762,17.994823,17.167067,16.837938,16.859425,16.721325,18.951733,18.789513,18.374567,18.236874,17.779045,18.31515,0.0,0.0,0.0,0.0,0.0,0.0,0.0,4.0
18730,2023.0,5.0,11.0,1.0,18.45404,18.498869,17.059395,16.952856,18.224846,18.098862,18.049469,17.939335,16.981049,16.644196,16.814957,16.676987,18.904428,18.7418,18.318392,18.180466,17.269484,17.197716,0.0,0.0,0.0,0.0,0.0,0.0,0.0,0.0
18731,2023.0,5.0,11.0,1.0,18.403017,18.445892,17.032223,16.924036,18.170181,18.04279,17.993671,17.881813,16.895761,16.56126,16.770859,16.630678,18.857916,18.69332,18.263391,18.123549,16.90856,16.606068,0.0,0.0,0.0,0.0,0.0,0.0,0.0,0.0
18732,2023.0,5.0,11.0,2.0,18.355915,18.399227,17.006353,16.897831,18.120213,17.993715,17.9426,17.831438,17.017982,16.881113,16.732037,16.591406,18.815159,18.650255,18.212715,18.072742,16.79365,16.488646,0.0,0.0,0.0,0.0,0.0,0.0,0.0,0.0
18733,2023.0,5.0,11.0,2.0,18.309107,18.351583,16.979273,16.869167,18.070538,17.94313,17.891575,17.779356,17.016655,16.886751,16.694298,16.552288,18.773592,18.607746,18.163618,18.02288,16.901445,16.783686,0.0,0.0,0.0,0.0,0.0,0.0,0.0,0.0
18734,2023.0,5.0,11.0,2.0,18.264826,18.307425,16.953337,16.84275,18.02426,17.897545,17.843842,17.732285,16.98647,16.856314,16.659164,16.516827,18.734303,18.5683,18.117073,17.976309,16.886757,16.768991,0.0,0.0,0.0,0.0,0.0,0.0,0.0,0.0
18735,2023.0,5.0,11.0,2.0,18.224382,18.269428,16.929613,16.820673,17.98264,17.85961,17.800877,17.693079,17.546986,17.938738,16.627167,16.486513,18.697989,18.533546,18.073826,17.93477,16.85548,16.738754,0.0,0.0,0.0,4.0,0.0,0.0,0.0,0.0
18736,2023.0,5.0,11.0,2.0,18.182796,18.227617,16.903845,16.794376,17.939276,17.816673,17.756124,17.64871,17.136002,17.03555,16.593987,16.452967,18.660969,18.496319,18.030111,17.890965,16.821722,16.704733,0.0,0.0,0.0,0.0,0.0,0.0,0.0,0.0
18737,2023.0,5.0,11.0,2.0,18.141024,18.183912,16.877075,16.765985,17.895582,17.7718,17.711056,17.602356,16.787334,16.448666,16.560328,16.417883,18.623758,18.457897,17.986385,17.846085,16.786856,16.668697,0.0,0.0,0.0,0.0,0.0,0.0,0.0,0.0
18738,2023.0,5.0,11.0,3.0,18.10085,18.142496,16.85018,16.73735,17.853056,17.728113,17.667212,17.557255,16.669516,16.323965,16.527296,16.38362,18.587557,18.42082,17.943989,17.802973,16.752651,16.633638,0.0,0.0,0.0,0.0,0.0,0.0,0.0,0.0
18739,2023.0,5.0,11.0,3.0,18.065151,18.109467,16.827194,16.71663,17.816586,17.69555,17.629648,17.523645,17.358082,17.70806,16.49802,16.356567,18.554815,18.390127,17.905241,17.766436,17.448172,17.971947,0.0,0.0,0.0,4.0,0.0,0.0,0.0,4.0
18740,2023.0,5.0,11.0,3.0,18.027025,18.07086,16.801582,16.690601,17.77739,17.656527,17.589437,17.483465,17.654652,18.112616,16.466599,16.324835,18.520414,18.355505,17.864899,17.725937,16.955956,16.884747,0.0,0.0,0.0,4.0,0.0,0.0,0.0,0.0
18741,2023.0,5.0,11.0,3.0,17.993382,18.039724,16.77499,16.66242,17.737562,17.615314,17.548828,17.44122,17.480005,17.67126,16.434397,16.291239,18.485508,18.319386,17.824167,17.684002,16.594849,16.283375,0.0,0.0,0.0,4.0,0.0,0.0,0.0,0.0
18742,2023.0,5.0,11.0,3.0,17.971037,18.029686,16.750736,16.638792,17.701468,17.580849,17.512049,17.40594,16.898695,16.581276,16.404692,16.262407,18.45312,18.28788,17.786217,17.64707,16.484669,16.172812,0.0,0.0,0.0,0.0,0.0,0.0,0.0,0.0
18743,2023.0,5.0,11.0,3.0,17.940205,17.998255,16.724459,16.611134,17.663313,17.541622,17.472986,17.36571,16.680658,16.327389,16.373222,16.22984,18.419313,18.253155,17.746874,17.606846,16.594347,16.46902,0.0,0.0,0.0,0.0,0.0,0.0,0.0,0.0
18744,2023.0,5.0,11.0,4.0,17.907034,17.964,16.697947,16.583157,17.625736,17.50299,17.434359,17.325994,16.579256,16.227568,16.342087,16.19777,18.386135,18.219353,17.708359,17.567835,16.588598,16.468502,0.0,0.0,0.0,0.0,0.0,0.0,0.0,0.0
18745,2023.0,5.0,11.0,4.0,17.876804,17.936169,16.676165,16.564796,17.594109,17.475742,17.401794,17.297895,16.693296,16.53807,16.606112,16.717045,19.103281,19.604584,17.673515,17.53577,16.561378,16.443546,0.0,0.0,0.0,0.0,4.0,4.0,0.0,0.0
18746,2023.0,5.0,11.0,4.0,17.844347,17.903843,16.652376,16.541994,17.560287,17.44313,17.366941,17.26425,17.288614,17.66796,16.410429,16.287601,18.58949,18.492237,17.637403,17.500362,16.531132,16.413967,0.0,0.0,0.0,4.0,0.0,0.0,0.0,0.0
18747,2023.0,5.0,11.0,4.0,17.812914,17.87293,16.62924,16.520025,17.527527,17.411892,17.333199,17.23203,17.530878,17.991589,16.314594,16.17449,18.192877,17.802036,17.60236,17.466413,17.228027,17.753057,0.0,0.0,0.0,4.0,0.0,0.0,0.0,4.0
18748,2023.0,5.0,11.0,4.0,17.78229,17.842682,16.606148,16.497927,17.495056,17.380714,17.299948,17.199986,16.78616,16.494486,16.280983,16.142479,18.057062,17.645683,17.567894,17.432858,16.747982,16.689548,0.0,0.0,0.0,0.0,0.0,0.0,0.0,0.0
18749,2023.0,5.0,11.0,4.0,17.75194,17.812576,16.582884,16.475563,17.46265,17.349445,17.26711,17.168062,16.538788,16.201279,16.248352,16.110643,18.717308,18.960882,17.53402,17.399729,16.400913,16.112364,0.0,0.0,0.0,0.0,0.0,4.0,0.0,0.0
18750,2023.0,5.0,11.0,5.0,17.721632,17.78275,16.559687,16.453463,17.430767,17.318876,17.234825,17.136929,16.44936,16.11416,16.513689,16.633167,18.156422,17.779778,17.50113,17.367788,16.284101,15.984386,0.0,0.0,0.0,0.0,4.0,0.0,0.0,0.0
18751,2023.0,5.0,11.0,5.0,17.690851,17.752129,16.5362,16.430708,17.399042,17.288174,17.202526,17.105618,17.124214,17.470928,16.321053,16.210331,17.977566,17.570158,17.468876,17.336363,17.098366,17.599472,0.0,0.0,0.0,4.0,0.0,0.0,0.0,4.0
18752,2023.0,5.0,11.0,5.0,17.659437,17.720343,16.512217,16.40685,17.366776,17.256336,17.169872,17.073256,16.8031,16.72334,16.21865,16.082283,17.90901,17.504482,17.43668,17.30452,16.47234,16.22202,0.0,0.0,0.0,0.0,0.0,0.0,0.0,0.0
18753,2023.0,5.0,11.0,5.0,17.627693,17.687563,16.48754,16.381687,17.333807,17.22304,17.136827,17.039627,17.031725,17.21401,16.184475,16.048183,18.074394,17.899225,17.404427,17.27204,16.251007,15.950953,0.0,0.0,0.0,4.0,0.0,0.0,0.0,0.0
18754,2023.0,5.0,11.0,5.0,17.597565,17.657707,16.463818,16.358604,17.302294,17.192568,17.105215,17.00889,16.528267,16.19863,16.153217,16.01783,18.095089,17.934689,17.37382,17.242268,16.178455,15.881783,0.0,0.0,0.0,0.0,0.0,0.0,0.0,0.0
18755,2023.0,5.0,11.0,5.0,17.567865,17.628462,16.440191,16.335789,17.271194,17.162683,17.073814,16.978653,16.366179,16.037924,16.413431,16.528254,18.078499,17.920605,17.34436,17.213852,16.999107,17.50155,0.0,0.0,0.0,0.0,4.0,0.0,0.0,4.0
18756,2023.0,5.0,11.0,6.0,17.537216,17.597485,16.41594,16.311695,17.239557,17.131407,17.041882,16.947006,16.292328,15.965234,16.22771,16.116846,18.058525,17.901289,17.315577,17.1855,16.38172,16.136385,0.0,0.0,0.0,0.0,0.0,0.0,0.0,0.0
18757,2023.0,5.0,11.0,6.0,21.29415,24.190098,16.396404,16.296865,21.239376,24.21754,21.223158,24.347124,16.41385,16.273458,16.13675,16.00644,21.26447,23.420372,21.521963,24.405476,16.175596,15.88893,0.0,0.0,0.0,0.0,0.0,0.0,0.0,0.0
18758,2023.0,5.0,11.0,6.0,20.999435,23.222614,16.37689,16.282663,20.980764,23.228035,21.003248,23.426863,17.074213,17.494345,16.112362,15.987017,21.012136,22.746824,20.99523,23.122898,16.110312,15.832966,0.0,4.0,0.0,4.0,0.0,0.0,0.0,0.0
18759,2023.0,5.0,11.0,6.0,21.065311,23.109497,16.35869,16.270111,21.049595,23.082684,21.073042,23.26532,20.327703,23.00573,16.09601,15.975595,21.053724,22.614628,21.066578,23.001358,16.223394,16.110775,0.0,4.0,0.0,0.0,0.0,0.0,0.0,0.0
18760,2023.0,5.0,11.0,6.0,21.055592,22.925894,16.341158,16.257746,21.056463,22.87938,21.063026,23.046892,18.01272,18.03032,16.086939,15.971146,21.046534,22.44461,21.055805,22.793695,16.27451,16.177776,0.0,4.0,0.0,0.0,0.0,0.0,0.0,0.0
18761,2023.0,5.0,11.0,6.0,21.05467,22.80898,16.324062,16.245665,21.076849,22.790485,21.061995,22.907263,16.934208,16.64777,16.084377,15.973345,21.01503,22.2484,21.054142,22.654373,17.049833,17.644611,0.0,0.0,0.0,0.0,0.0,4.0,0.0,4.0
18762,2023.0,5.0,11.0,7.0,21.027775,22.653715,16.307732,16.234627,21.045702,22.597275,21.060637,22.805164,16.919453,16.804222,16.37648,16.520391,21.032001,22.175913,21.05264,22.54927,20.343111,23.122644,0.0,4.0,0.0,0.0,4.0,4.0,0.0,4.0
18763,2023.0,5.0,11.0,7.0,21.031916,22.60777,16.75914,17.0962,21.049162,22.526085,21.059158,22.727015,16.915945,16.818712,20.375414,23.312603,21.057512,22.166096,21.050837,22.466719,20.892988,23.607811,4.0,4.0,0.0,0.0,4.0,0.0,0.0,4.0
18764,2023.0,5.0,11.0,7.0,21.312893,23.103004,20.281551,23.111744,21.169607,22.709618,21.153524,22.855785,16.872847,16.781273,19.991686,22.15528,21.31694,22.613758,21.195219,22.69259,20.022606,21.6903,0.0,4.0,0.0,0.0,4.0,0.0,0.0,0.0
18765,2023.0,5.0,11.0,7.0,21.040756,22.505423,18.270525,18.717634,21.045187,22.413631,21.055847,22.610426,16.843187,16.757051,20.067087,21.957684,21.018763,21.93436,21.04758,22.341808,18.229502,18.115953,0.0,4.0,0.0,0.0,4.0,4.0,0.0,0.0
18766,2023.0,5.0,11.0,7.0,21.0405,22.470331,17.078136,17.07831,21.044113,22.37816,21.03009,22.502943,16.819391,16.73204,20.067429,21.725565,21.022615,21.90408,21.046331,22.29684,18.38632,18.958647,0.0,4.0,4.0,0.0,0.0,4.0,0.0,4.0
18767,2023.0,5.0,11.0,7.0,21.039253,22.441353,16.86802,16.825018,21.04306,22.349255,21.059328,22.55693,17.588614,18.198278,18.720024,18.931395,21.05084,21.947124,21.045431,22.25828,20.20883,22.021297,0.0,4.0,0.0,4.0,4.0,0.0,0.0,4.0
18768,2023.0,5.0,11.0,8.0,21.038311,22.417673,16.76098,16.709711,21.042059,22.325222,21.04245,22.45054,20.306957,22.735134,20.249823,21.988785,21.04443,21.89726,21.044281,22.223764,20.043007,21.547136,0.0,4.0,4.0,0.0,0.0,0.0,0.0,0.0
18769,2023.0,5.0,11.0,8.0,20.12348,20.64388,16.688562,16.637674,20.053041,20.411083,19.95512,20.331161,18.253044,18.3283,18.88816,19.134628,19.927258,19.716913,20.729422,21.546383,18.48716,18.423967,0.0,4.0,4.0,0.0,4.0,0.0,4.0,0.0
18770,2023.0,5.0,11.0,8.0,19.820333,20.281393,16.643261,16.59272,19.683739,19.940727,18.967672,18.726227,17.511778,17.2274,20.276342,21.66951,20.205769,20.458126,19.564667,19.380308,18.758049,19.231098,0.0,4.0,0.0,0.0,0.0,4.0,0.0,4.0
18771,2023.0,5.0,11.0,8.0,19.67258,20.14767,17.057377,17.407625,19.521358,19.803373,18.470907,18.158089,17.312904,17.025202,18.768827,18.7309,20.357475,20.684273,18.956871,18.63964,20.194784,21.715902,4.0,4.0,0.0,0.0,0.0,4.0,0.0,0.0
18772,2023.0,5.0,11.0,8.0,19.564894,20.063622,20.277374,22.933088,19.397459,19.699755,18.867786,19.124977,17.33638,17.191591,18.089825,17.939857,20.340174,20.679447,18.71932,18.398016,18.665905,18.625914,0.0,4.0,4.0,0.0,0.0,4.0,0.0,0.0
18773,2023.0,5.0,11.0,8.0,18.882376,18.877642,18.44899,18.958649,19.302612,19.624083,19.003017,19.352196,17.335932,17.21288,17.93557,17.785683,19.593664,19.291368,18.567844,18.255136,17.89116,17.638035,0.0,4.0,4.0,0.0,0.0,0.0,0.0,0.0
18774,2023.0,5.0,11.0,9.0,19.233423,19.726719,17.980469,18.365519,19.243612,19.581242,18.970747,19.338072,18.047802,18.577188,17.849703,17.694235,20.052443,20.330929,19.662893,20.430622,17.697618,17.423185,4.0,4.0,4.0,4.0,0.0,4.0,4.0,0.0
18775,2023.0,5.0,11.0,9.0,19.309805,19.861094,20.259829,22.398895,19.196243,19.55486,18.366495,18.263475,20.273928,22.35165,17.780878,17.624273,19.500141,19.210327,18.926075,18.817406,17.707985,17.561916,0.0,4.0,0.0,0.0,0.0,0.0,0.0,0.0
18776,2023.0,5.0,11.0,9.0,19.282793,19.849289,18.488348,18.709946,19.15073,19.52993,18.61874,18.968122,18.538752,18.633286,17.717758,17.56293,19.203749,18.856367,18.460257,18.199306,17.66965,17.544657,0.0,4.0,4.0,0.0,0.0,0.0,0.0,0.0
18777,2023.0,5.0,11.0,9.0,19.274002,19.855207,17.655273,17.466644,19.122225,19.519865,18.155123,18.079626,17.87343,17.610579,17.685623,17.528025,19.893497,20.22144,18.35948,18.085999,18.550552,19.255825,0.0,4.0,0.0,0.0,0.0,4.0,0.0,4.0
18778,2023.0,5.0,11.0,9.0,18.65952,18.733355,17.553278,17.491505,18.513754,18.424992,17.875313,17.69223,17.834892,17.673315,18.035889,18.204823,19.380854,19.127155,18.310997,18.044653,20.16108,21.943336,0.0,0.0,0.0,0.0,4.0,0.0,0.0,4.0
18779,2023.0,5.0,11.0,9.0,18.300379,18.284868,17.448895,17.429363,18.789732,19.164194,17.737957,17.563194,17.795555,17.651585,20.223701,21.969507,19.12651,18.807781,18.376791,18.226532,20.15356,21.724344,0.0,4.0,0.0,0.0,0.0,0.0,0.0,0.0
18780,2023.0,5.0,11.0,10.0,18.863844,19.465267,17.320698,17.307707,18.960814,19.40983,17.757038,17.708284,17.739151,17.595339,18.976423,19.279486,19.085129,18.771545,18.397846,18.262999,18.695143,18.74116,0.0,4.0,0.0,0.0,0.0,0.0,0.0,0.0
18781,2023.0,5.0,11.0,10.0,19.01592,19.663954,17.23009,17.215422,18.38332,18.340923,18.452538,19.061623,17.704556,17.555962,18.716177,18.909018,19.065516,18.754969,18.387535,18.25157,18.150005,17.917007,0.0,0.0,4.0,0.0,4.0,0.0,0.0,0.0
18782,2023.0,5.0,11.0,10.0,18.430197,18.554169,17.152576,17.142002,18.10489,17.957712,18.504448,19.020838,18.414797,18.913837,20.173729,21.524305,19.174175,18.989809,18.375574,18.237152,17.985,17.741047,0.0,0.0,4.0,4.0,0.0,0.0,0.0,0.0
18783,2023.0,5.0,11.0,10.0,18.807417,19.452099,17.52713,17.913458,17.963194,17.818535,18.492657,18.996664,20.202234,21.894997,19.313663,19.64412,19.995668,20.522835,18.363157,18.222149,17.94842,17.788614,4.0,0.0,4.0,0.0,4.0,4.0,0.0,0.0
18784,2023.0,5.0,11.0,10.0,18.381872,18.522873,20.274975,22.656652,18.52361,18.95911,17.944395,17.955381,18.793026,18.900341,20.154083,21.323164,19.472818,19.277893,18.352867,18.209145,17.902805,17.752815,0.0,4.0,0.0,0.0,0.0,0.0,0.0,0.0
18785,2023.0,5.0,11.0,10.0,18.075018,18.13764,18.636465,19.13151,18.75619,19.258038,17.626036,17.5407,18.04561,17.837069,19.1294,19.194025,19.182154,18.886486,18.34557,18.199327,17.845827,17.69525,0.0,4.0,0.0,0.0,0.0,0.0,0.0,0.0
18786,2023.0,5.0,11.0,11.0,17.987116,18.046099,17.81679,17.855326,18.785982,19.295538,17.533184,17.44151,17.97932,17.808088,18.705473,18.52932,19.152105,18.853825,18.342703,18.194042,18.738771,19.413427,0.0,4.0,0.0,0.0,0.0,0.0,0.0,4.0
18787,2023.0,5.0,11.0,11.0,18.63908,19.326954,18.052431,18.449348,18.803267,19.318083,17.475506,17.392849,17.958595,17.793634,18.594599,18.398582,20.02787,20.537815,19.401382,20.19485,20.172941,21.821405,4.0,4.0,0.0,0.0,0.0,4.0,4.0,0.0
18788,2023.0,5.0,11.0,11.0,18.250917,18.424076,20.241707,22.291403,18.820494,19.339918,18.189709,18.797932,18.658892,19.142645,18.889753,19.02271,19.553558,19.367569,19.764448,20.509289,18.807505,18.93074,0.0,4.0,4.0,4.0,4.0,0.0,4.0,0.0
18789,2023.0,5.0,11.0,11.0,17.952883,18.042356,18.621254,18.900452,18.836027,19.360502,17.822649,17.894379,20.219276,21.737377,20.136063,21.18012,20.010313,20.378754,18.903374,18.777973,18.075262,17.876448,0.0,4.0,0.0,0.0,0.0,4.0,0.0,0.0
18790,2023.0,5.0,11.0,11.0,18.578539,19.283869,18.104534,18.429138,18.849777,19.379385,18.14639,18.67843,18.961416,19.084454,19.243975,19.3029,20.328941,20.778229,18.540888,18.30995,17.90572,17.686888,4.0,4.0,4.0,0.0,0.0,4.0,0.0,0.0
18791,2023.0,5.0,11.0,11.0,18.75805,19.490746,20.259148,22.233368,18.86036,19.395395,18.30785,18.880753,18.414371,18.187498,18.809635,18.606348,20.418383,20.870237,18.480534,18.242588,17.907093,17.737545,4.0,4.0,4.0,0.0,0.0,4.0,0.0,0.0
18792,2023.0,5.0,11.0,12.0,18.173826,18.344847,20.006908,21.549694,18.871939,19.412382,17.753935,17.802948,18.29399,18.107813,18.695667,18.48013,20.49582,20.945189,18.446302,18.210419,17.888163,17.725258,4.0,4.0,0.0,0.0,0.0,4.0,0.0,0.0
18793,2023.0,5.0,11.0,12.0,21.271973,23.949442,20.043129,21.503311,21.267822,23.587126,21.224232,24.06706,18.237833,18.053185,18.62816,18.40904,21.275799,22.331291,21.570137,23.673582,17.855568,17.691065,4.0,4.0,0.0,0.0,0.0,4.0,4.0,0.0
18794,2023.0,5.0,11.0,12.0,20.992817,23.059029,20.036913,21.409674,21.02529,22.877338,21.009947,23.235369,18.184841,17.997244,18.98988,19.133862,20.999483,21.676508,21.007814,22.42729,17.827072,17.660362,4.0,0.0,0.0,0.0,4.0,4.0,0.0,0.0
18795,2023.0,5.0,11.0,12.0,21.043095,22.94628,20.054604,21.40008,21.038406,22.714346,21.048155,23.037825,18.14758,17.959982,20.12537,21.063852,21.033827,21.694323,21.047562,22.336975,17.80743,17.64061,0.0,4.0,4.0,0.0,0.0,0.0,0.0,0.0
18796,2023.0,5.0,11.0,12.0,21.062216,22.86288,18.84871,19.038404,21.037832,22.600157,21.068724,22.933174,18.120222,17.933344,19.17201,19.061607,21.027893,21.618914,21.042336,22.202288,17.793785,17.62741,0.0,4.0,0.0,0.0,0.0,0.0,0.0,0.0
18797,2023.0,5.0,11.0,12.0,21.052439,22.739029,18.538448,18.875338,21.059986,22.584059,21.058529,22.794483,18.09787,17.910948,18.655,18.341639,21.025837,21.564524,21.038631,22.102444,17.783691,17.617805,4.0,0.0,0.0,0.0,0.0,0.0,0.0,0.0
18798,2023.0,5.0,11.0,13.0,21.030376,22.596088,20.210238,21.929363,21.030348,22.440275,21.029554,22.646458,18.08122,17.896114,18.645166,18.411453,20.998638,21.449814,21.034342,22.035624,18.757408,19.470585,0.0,4.0,4.0,0.0,0.0,4.0,0.0,4.0
18799,2023.0,5.0,11.0,13.0,21.059408,22.620983,18.823658,19.069447,21.059647,22.472672,21.066532,22.672235,18.067312,17.883661,18.635511,18.414612,21.000277,21.429356,21.033768,21.98782,20.150696,21.671515,0.0,0.0,0.0,0.0,0.0,4.0,0.0,0.0
18800,2023.0,5.0,11.0,13.0,21.052189,22.56042,18.531895,18.973343,21.052683,22.418001,21.058184,22.599674,18.055838,17.873678,18.601526,18.38239,21.029783,21.490694,21.032753,21.948246,19.591328,20.320333,4.0,0.0,0.0,0.0,0.0,0.0,0.0,4.0
18801,2023.0,5.0,11.0,13.0,21.17447,22.767069,20.22676,21.97702,21.220863,22.701385,21.033573,22.485718,18.046566,17.866165,18.571531,18.354025,21.190092,21.787903,21.032356,21.91677,20.069921,21.22145,0.0,4.0,4.0,0.0,0.0,0.0,0.0,4.0
18802,2023.0,5.0,11.0,13.0,21.04335,22.485641,18.932198,19.299269,21.031576,22.296461,21.062386,22.531218,18.039291,17.86051,18.547523,18.331985,21.024187,21.431461,21.031725,21.8898,20.036648,21.07181,0.0,4.0,0.0,0.0,0.0,0.0,0.0,0.0
18803,2023.0,5.0,11.0,13.0,21.017687,22.400629,18.123436,18.193953,21.056255,22.350325,21.030987,22.41861,18.033098,17.856113,18.527012,18.31374,21.06359,21.461966,21.03122,21.867132,18.922316,18.827478,0.0,0.0,4.0,0.0,0.0,4.0,0.0,0.0
18804,2023.0,5.0,11.0,14.0,21.030313,22.40359,17.876654,17.89827,21.025127,22.24902,21.061169,22.477158,18.80676,19.326618,18.507662,18.296452,21.08005,21.478079,21.030817,21.848076,19.341637,19.94687,0.0,4.0,0.0,4.0,0.0,4.0,0.0,4.0
18805,2023.0,5.0,11.0,14.0,19.778791,20.01255,17.73561,17.753145,20.30253,20.852243,19.70521,19.850716,20.141592,21.486702,18.489452,18.28062,21.090694,21.487286,20.127438,20.087053,20.090939,21.121103,0.0,4.0,0.0,0.0,0.0,4.0,0.0,0.0
18806,2023.0,5.0,11.0,14.0,19.756542,20.403103,18.06687,18.468826,19.939453,20.433361,18.917427,18.853373,18.911428,18.895384,18.470715,18.264183,20.390339,20.158163,19.664896,19.508581,19.005875,18.925852,4.0,4.0,0.0,0.0,0.0,0.0,0.0,0.0
18807,2023.0,5.0,11.0,14.0,19.784899,20.456287,20.24154,22.25313,19.844,20.33867,18.763332,18.752216,18.448198,18.211708,18.841152,18.978676,20.12806,19.81121,19.531574,19.364628,18.606182,18.379433,4.0,4.0,0.0,0.0,4.0,0.0,0.0,0.0
18808,2023.0,5.0,11.0,14.0,19.13728,19.30215,20.024878,21.609276,19.753849,20.254726,19.295357,19.899485,18.330624,18.093124,20.149887,21.192047,20.023136,19.712326,19.414701,19.249594,18.459478,18.235064,0.0,4.0,4.0,0.0,0.0,0.0,0.0,0.0
18809,2023.0,5.0,11.0,14.0,19.443066,20.115095,18.732172,18.982237,19.678223,20.184416,18.800797,18.872505,18.307108,18.127953,19.268175,19.333393,20.650558,20.981045,19.315502,19.153082,18.40405,18.23806,0.0,4.0,0.0,0.0,0.0,4.0,0.0,0.0
18810,2023.0,5.0,11.0,15.0,19.533314,20.232332,18.534071,18.84431,19.628166,20.136063,18.453793,18.38103,18.281782,18.113968,18.849472,18.668095,20.134436,19.905373,19.243366,19.081953,19.266514,19.922789,4.0,4.0,0.0,0.0,0.0,0.0,0.0,4.0
18811,2023.0,5.0,11.0,15.0,18.922512,19.096565,20.188032,21.848948,19.576702,20.08095,18.29423,18.20881,18.243773,18.077728,18.75932,18.56541,19.915154,19.610262,19.176285,19.016848,20.105043,21.29821,4.0,4.0,0.0,0.0,0.0,0.0,0.0,0.0
18812,2023.0,5.0,11.0,15.0,18.56074,18.631287,20.014706,21.359364,19.520573,20.020445,18.91659,19.50524,18.201523,18.036558,18.68569,18.489723,19.828403,19.522259,19.106043,18.9485,18.932434,18.87994,4.0,4.0,4.0,0.0,0.0,0.0,0.0,0.0
18813,2023.0,5.0,11.0,15.0,18.401646,18.448627,20.036774,21.312708,18.894127,18.891203,19.041162,19.570816,18.142056,17.985348,18.60336,18.41612,19.848614,19.661621,19.023617,18.87306,18.364613,18.151527,4.0,0.0,4.0,0.0,0.0,0.0,0.0,0.0
18814,2023.0,5.0,11.0,15.0,19.021255,19.701557,20.05112,21.29312,19.18036,19.646202,18.40428,18.411095,18.037704,17.90791,18.471659,18.314886,19.776754,19.629414,18.905577,18.778978,18.166376,17.967659,0.0,4.0,0.0,0.0,0.0,0.0,0.0,0.0
18815,2023.0,5.0,11.0,15.0,18.591642,18.740633,18.911007,19.057665,19.292992,19.779577,18.709036,19.18115,18.651815,19.182705,18.70416,18.895111,19.671751,19.549814,18.788979,18.684412,18.075424,17.96475,0.0,4.0,4.0,4.0,4.0,0.0,0.0,0.0
18816,2023.0,5.0,11.0,16.0,19.029972,19.67951,18.33156,18.21297,19.277266,19.756823,18.253023,18.272642,20.236635,21.986359,20.170506,21.553701,19.576258,19.46998,18.688702,18.59859,18.896114,19.62263,0.0,4.0,0.0,0.0,0.0,0.0,0.0,4.0
18817,2023.0,5.0,11.0,16.0,18.602318,18.74904,18.17034,18.1381,19.25167,19.72322,17.912476,17.814142,18.717058,18.819279,19.081676,19.29746,19.482803,19.389378,18.590097,18.511864,20.12399,21.59017,0.0,4.0,0.0,0.0,0.0,0.0,0.0,4.0
18818,2023.0,5.0,11.0,16.0,18.97523,19.641676,18.499018,18.88258,19.222994,19.68519,17.778358,17.653976,17.954103,17.811228,18.374939,18.312687,19.394667,19.308317,18.498138,18.426666,20.039783,21.331583,4.0,4.0,0.0,0.0,0.0,0.0,0.0,0.0
18819,2023.0,5.0,11.0,16.0,18.506945,18.627958,20.203241,21.851044,19.195572,19.649668,17.78768,17.753477,18.443075,18.898106,18.170727,18.098244,20.081993,20.689093,19.450773,20.304935,18.7603,18.781727,4.0,4.0,0.0,4.0,0.0,4.0,4.0,0.0
18820,2023.0,5.0,11.0,16.0,18.171778,18.188133,20.014475,21.32051,19.169222,19.614323,17.767517,17.750025,20.230476,21.937292,18.433226,18.705816,19.48934,19.37491,18.771965,18.718628,18.95116,19.54951,4.0,4.0,0.0,0.0,4.0,0.0,0.0,4.0
18821,2023.0,5.0,11.0,16.0,18.761957,19.381392,20.18854,21.568571,19.143198,19.57925,17.71758,17.698896,18.695719,18.748272,20.227266,21.821434,19.84887,20.287222,18.323013,18.161161,20.301151,21.86092,4.0,4.0,0.0,0.0,0.0,4.0,0.0,4.0
18822,2023.0,5.0,11.0,17.0,18.975142,19.60506,20.051949,21.235743,19.117405,19.544323,18.365013,18.952854,18.617361,19.057829,18.807835,18.84994,19.348492,19.197035,18.181814,18.007189,20.040419,21.263641,0.0,4.0,4.0,4.0,0.0,0.0,0.0,0.0
18823,2023.0,5.0,11.0,17.0,18.392273,18.487564,18.891973,18.95939,19.099777,19.525993,18.05356,18.173975,20.214344,21.809467,18.041153,17.85017,19.03624,18.812841,18.093838,17.922886,18.781168,18.765997,0.0,4.0,0.0,0.0,0.0,0.0,0.0,0.0
18824,2023.0,5.0,11.0,17.0,18.77297,19.38166,18.571499,18.750906,19.085785,19.512047,18.276617,18.725138,18.74798,18.784454,17.958584,17.869066,18.935225,18.710384,18.122538,18.05464,18.145739,17.982027,4.0,4.0,4.0,0.0,0.0,0.0,0.0,0.0
18825,2023.0,5.0,11.0,17.0,18.91294,19.54347,20.185017,21.678358,19.074148,19.500229,18.398153,18.872147,18.86467,19.270262,17.912497,17.846306,18.870512,18.648403,18.105206,18.045717,17.961943,17.785843,4.0,4.0,4.0,4.0,0.0,0.0,0.0,0.0
18826,2023.0,5.0,11.0,17.0,18.944592,19.563404,20.014364,21.207838,18.495455,18.43477,18.434069,18.901598,20.180967,21.560339,17.831776,17.77117,19.735634,20.363453,18.063837,18.003946,17.914352,17.841642,4.0,0.0,4.0,0.0,0.0,4.0,0.0,0.0
18827,2023.0,5.0,11.0,17.0,18.982643,19.603083,20.036732,21.174376,18.78765,19.175547,18.466648,18.931654,18.838806,18.837051,17.754372,17.691101,19.192944,19.067978,18.024376,17.964111,18.749296,19.494045,4.0,4.0,4.0,0.0,0.0,0.0,0.0,4.0
18828,2023.0,5.0,11.0,18.0,18.397173,18.482748,20.051235,21.166538,18.952518,19.383257,18.492153,18.955421,18.151302,17.968924,17.691124,17.62693,19.553677,19.95458,17.99086,17.929789,20.18481,21.821587,0.0,4.0,4.0,0.0,0.0,4.0,0.0,0.0
18829,2023.0,5.0,11.0,18.0,21.26933,23.73166,19.25676,19.582146,21.26775,23.41649,21.29207,23.81412,18.810179,19.397432,17.64421,17.582506,21.263424,22.85095,21.452356,23.883463,18.676165,18.690536,4.0,4.0,4.0,4.0,0.0,4.0,0.0,0.0
18830,2023.0,5.0,11.0,18.0,20.993793,22.850538,20.145437,21.418388,21.029856,22.724539,21.00702,22.951862,20.172232,21.62875,17.973024,18.232878,21.033817,22.222668,20.999535,22.78536,17.983562,17.821379,4.0,0.0,4.0,0.0,4.0,0.0,0.0,0.0
18831,2023.0,5.0,11.0,18.0,21.067484,22.825077,20.035427,21.138391,21.061989,22.62513,21.074993,22.90736,18.796806,18.789127,20.248362,22.112474,21.044067,22.107243,21.015955,22.575842,17.813192,17.646162,0.0,0.0,0.0,0.0,0.0,0.0,4.0,0.0
18832,2023.0,5.0,11.0,18.0,21.02901,22.597818,18.935188,18.982857,21.05611,22.499117,21.062492,22.739801,18.118015,17.933907,19.191057,19.718105,21.040888,22.001787,21.06208,22.536673,18.797295,19.613638,0.0,0.0,0.0,0.0,4.0,0.0,0.0,4.0
18833,2023.0,5.0,11.0,18.0,21.06045,22.593155,18.832777,19.190016,21.030394,22.346506,21.037363,22.565897,18.052294,17.972292,20.204779,21.724224,21.009676,21.849173,21.051798,22.39752,20.270054,21.965267,4.0,4.0,4.0,0.0,0.0,4.0,0.0,0.0
18834,2023.0,5.0,11.0,19.0,21.214329,22.813816,20.156864,21.51552,21.034254,22.29999,21.065273,22.568256,18.000153,17.935833,18.848085,18.885538,21.22733,22.240528,21.0512,22.307835,18.708588,18.720755,4.0,4.0,0.0,0.0,0.0,4.0,0.0,0.0
18835,2023.0,5.0,11.0,19.0,21.0582,22.468836,20.015385,21.131262,21.03305,22.257692,21.033749,22.426134,18.711117,19.353071,18.096886,17.89058,21.012203,21.772598,21.050001,22.238758,18.025988,17.86246,4.0,4.0,4.0,4.0,0.0,4.0,0.0,0.0
18836,2023.0,5.0,11.0,19.0,21.051777,22.414888,20.034325,21.104136,21.032701,22.225647,21.039019,22.395126,20.188917,21.755178,18.030537,17.937677,21.012487,21.750488,21.040628,22.186707,17.850367,17.67742,4.0,4.0,4.0,0.0,0.0,4.0,0.0,0.0
18837,2023.0,5.0,11.0,19.0,21.024775,22.305958,20.031624,21.054148,21.057604,22.268951,21.037947,22.361353,19.31631,19.80433,17.990278,17.9158,21.04263,21.810675,21.041315,22.160727,17.848894,17.783426,4.0,0.0,4.0,4.0,0.0,0.0,0.0,0.0
18838,2023.0,5.0,11.0,19.0,21.056725,22.366127,20.031635,21.021658,21.05182,22.228992,21.062721,22.403835,20.175827,21.518375,17.912558,17.841328,21.037117,21.775927,21.04072,22.138159,18.8046,19.639486,4.0,0.0,0.0,0.0,0.0,0.0,0.0,4.0
18839,2023.0,5.0,11.0,19.0,21.050362,22.327648,20.031488,20.99645,21.051958,22.203577,21.05688,22.362331,18.84733,18.804026,18.237501,18.520498,21.037563,21.757929,21.000967,22.015131,20.171265,21.787432,4.0,0.0,0.0,0.0,4.0,0.0,4.0,0.0
18840,2023.0,5.0,11.0,20.0,21.023617,22.232153,20.049116,21.026007,21.051517,22.180504,21.031672,22.264875,18.160292,17.941689,20.242487,21.954882,21.037422,21.74337,21.057495,22.134562,18.642284,18.610384,0.0,0.0,4.0,0.0,0.0,0.0,0.0,0.0
18841,2023.0,5.0,11.0,20.0,21.029024,22.229805,18.98544,18.966438,21.040033,22.161158,21.061838,22.325846,18.860338,19.453396,18.931225,19.156296,21.02799,21.732855,21.048042,22.092499,17.93764,17.744984,0.0,0.0,0.0,4.0,0.0,0.0,0.0,0.0
18842,2023.0,5.0,11.0,20.0,21.028494,22.217806,18.7065,18.81465,21.041384,22.162306,21.030764,22.22305,20.166573,21.56726,18.180017,18.12882,21.029362,21.74005,21.048735,22.072954,17.75429,17.551392,4.0,0.0,4.0,0.0,0.0,0.0,0.0,0.0
18843,2023.0,5.0,11.0,20.0,21.189487,22.547367,20.188042,21.532112,21.215162,22.506124,21.182533,22.53222,19.352028,19.783598,17.98978,17.912577,21.178158,22.040152,21.227158,22.41201,17.765451,17.693962,0.0,0.0,0.0,4.0,0.0,0.0,0.0,0.0
18844,2023.0,5.0,11.0,20.0,21.022568,22.171556,19.219625,19.488739,21.015352,22.07727,21.055708,22.257221,20.171165,21.4346,17.868948,17.786268,21.02922,21.739403,21.038343,22.034237,17.725342,17.656675,4.0,4.0,0.0,0.0,0.0,0.0,0.0,0.0
18845,2023.0,5.0,11.0,20.0,21.240578,22.596453,20.176268,21.482178,21.215057,22.498312,21.218157,22.546364,18.826874,18.712578,18.126377,18.349865,21.176842,22.035667,21.2538,22.467094,17.650772,17.579374,0.0,0.0,4.0,0.0,4.0,0.0,0.0,0.0
18846,2023.0,5.0,11.0,21.0,21.236515,22.573366,19.19295,19.421566,21.186049,22.404232,21.216974,22.52972,18.123955,17.845716,20.27018,22.004656,21.175087,22.027853,21.250134,22.453371,17.58065,17.504276,4.0,0.0,4.0,0.0,4.0,0.0,0.0,0.0
18847,2023.0,5.0,11.0,21.0,21.212818,22.533195,20.181568,21.480598,21.265295,22.516268,21.249968,22.584122,18.087473,17.983223,20.029903,21.333555,21.20218,22.078312,21.289177,22.525446,17.520506,17.443125,0.0,4.0,4.0,0.0,0.0,0.0,0.0,0.0
18848,2023.0,5.0,11.0,21.0,21.049257,22.18938,19.211943,19.44632,21.056767,22.100803,21.035336,22.143215,18.71831,19.233582,18.963957,19.110855,21.0296,21.728907,21.039207,22.018404,18.36927,19.09068,4.0,0.0,4.0,4.0,4.0,0.0,0.0,4.0
18849,2023.0,5.0,11.0,21.0,21.246342,22.551712,20.178492,21.461025,21.237358,22.429674,21.185617,22.45757,20.250616,21.782852,20.27892,21.597246,21.17699,22.02422,21.25486,22.449596,20.278044,22.192274,0.0,4.0,0.0,0.0,4.0,0.0,0.0,0.0
18850,2023.0,5.0,11.0,21.0,21.05453,22.17629,18.863953,18.787712,21.056694,22.075426,21.05503,22.178255,19.274332,19.652887,20.01422,21.036217,21.02962,21.7247,20.999098,21.903006,18.455486,18.37345,0.0,0.0,0.0,4.0,4.0,0.0,4.0,0.0
18851,2023.0,5.0,11.0,21.0,21.049046,22.155691,18.757103,19.041351,21.025734,21.983892,21.055695,22.165194,20.21484,21.491165,20.041327,21.008003,21.02989,21.724699,21.058764,22.0364,17.677483,17.434046,4.0,4.0,0.0,0.0,4.0,0.0,0.0,0.0
18852,2023.0,5.0,11.0,22.0,21.049416,22.144976,20.18391,21.542152,21.057188,22.061987,21.041714,22.151758,19.350512,19.68594,20.053421,20.98614,21.029976,21.723145,21.048372,21.998217,17.664448,17.582935,0.0,0.0,0.0,4.0,0.0,0.0,0.0,0.0
18853,2023.0,5.0,11.0,22.0,21.03637,22.133718,19.085258,19.28312,21.051315,22.039852,21.043537,22.162102,20.193338,21.35676,19.14153,19.170286,21.02984,21.720379,21.009436,21.876417,17.615028,17.525103,0.0,0.0,0.0,0.0,4.0,0.0,4.0,0.0
18854,2023.0,5.0,11.0,22.0,21.037998,22.14372,18.395844,18.341303,21.026466,21.959345,21.043434,22.164768,18.81174,18.620646,20.2548,21.339808,21.029963,21.717815,21.057322,21.995373,17.533487,17.440266,0.0,4.0,0.0,0.0,0.0,0.0,0.0,0.0
18855,2023.0,5.0,11.0,22.0,21.037989,22.146965,18.178492,18.080359,21.031729,21.965961,21.018196,22.094732,18.720303,18.926157,18.903095,18.706049,21.030012,21.714935,21.048758,21.966,18.225746,18.805494,0.0,4.0,4.0,4.0,0.0,0.0,0.0,4.0
18856,2023.0,5.0,11.0,22.0,21.03825,22.148514,18.04435,17.93627,21.031471,21.962692,21.023436,22.109676,20.229776,21.49985,18.370754,18.217318,21.030176,21.712214,21.049683,21.954798,20.259844,22.163895,0.0,4.0,4.0,0.0,0.0,0.0,0.0,0.0
18857,2023.0,5.0,11.0,22.0,21.037928,22.146626,17.934309,17.820776,21.057419,22.030544,21.063148,22.18225,18.769,18.575708,18.537363,18.65155,21.0301,21.709158,21.049574,21.943027,18.424366,18.315266,0.0,0.0,0.0,0.0,4.0,0.0,0.0,0.0
18858,2023.0,5.0,11.0,23.0,21.011179,22.071318,17.838684,17.720741,21.052069,22.008623,21.056059,22.142962,18.90682,19.355165,20.275818,21.626354,20.99994,21.627712,21.03761,21.933561,17.601845,17.30831,0.0,0.0,0.0,4.0,0.0,4.0,0.0,0.0
18859,2023.0,5.0,11.0,23.0,20.619743,21.326265,17.75637,17.634562,19.808464,19.614674,19.707247,19.537092,18.503317,18.444286,19.024817,19.132442,20.21722,20.158157,20.901758,21.640923,18.352377,18.914036,0.0,0.0,0.0,0.0,0.0,0.0,4.0,4.0
18860,2023.0,5.0,11.0,23.0,19.610758,19.497381,18.135675,18.392036,19.472904,19.29304,19.048752,18.59936,18.028688,17.701733,18.474108,18.338581,20.347784,20.56208,19.716902,19.418215,17.666197,17.42362,4.0,0.0,0.0,0.0,0.0,4.0,0.0,0.0
18861,2023.0,5.0,11.0,23.0,19.131538,18.841782,17.88586,17.87891,19.325777,19.175436,19.046587,18.855738,17.79812,17.431208,18.289957,18.146038,19.650055,19.24345,19.237236,18.831911,17.36134,17.050653,0.0,0.0,0.0,0.0,0.0,0.0,0.0,0.0
18862,2023.0,5.0,11.0,23.0,18.904552,18.601551,17.681633,17.562746,19.167248,19.014679,18.95675,18.814833,17.87076,17.722878,18.138092,17.985031,19.352036,18.89604,19.006453,18.602423,18.001297,18.358927,0.0,0.0,0.0,0.0,0.0,0.0,0.0,4.0
18863,2023.0,5.0,11.0,23.0,18.734558,18.432701,17.595924,17.462023,19.703669,20.141134,18.821886,18.682068,17.830923,17.696371,18.0107,17.855167,19.202515,18.749582,18.819736,18.421453,17.407562,17.108286,0.0,4.0,0.0,0.0,0.0,0.0,0.0,0.0
18864,2023.0,5.0,12.0,0.0,18.870092,18.84894,17.53184,17.394146,19.236843,19.223354,18.69707,18.555536,17.751125,17.614042,18.189356,18.285707,19.33694,19.151093,18.89256,18.731838,17.178171,16.85551,0.0,0.0,0.0,0.0,4.0,0.0,0.0,0.0
18865,2023.0,5.0,12.0,0.0,19.576555,20.238693,17.476578,17.337812,18.64125,18.20228,18.58551,18.444937,17.676699,17.538465,17.922993,17.788473,19.309866,19.13747,18.831789,18.685507,17.079216,16.760048,0.0,0.0,0.0,0.0,0.0,0.0,0.0,0.0
18866,2023.0,5.0,12.0,0.0,18.827354,18.698326,17.42571,17.286057,18.385845,17.88993,18.483604,18.343796,18.174421,18.53191,18.043022,18.130184,19.238964,19.06613,18.735584,18.589128,17.166819,17.022848,0.0,0.0,0.0,4.0,4.0,0.0,0.0,0.0
18867,2023.0,5.0,12.0,0.0,18.447002,18.146872,17.376663,17.23479,18.532187,18.328878,18.387472,18.245972,17.749605,17.627804,17.780191,17.632055,19.170332,18.994576,18.641495,18.49222,17.163107,17.037186,0.0,0.0,0.0,0.0,0.0,0.0,0.0,0.0
18868,2023.0,5.0,12.0,0.0,18.298334,17.988953,17.33054,17.18678,18.518621,18.358719,18.29949,18.157032,17.93372,18.068869,17.627094,17.459211,19.105465,18.927319,18.553505,18.402145,17.121576,16.994589,0.0,0.0,0.0,4.0,0.0,0.0,0.0,0.0
18869,2023.0,5.0,12.0,0.0,18.470423,18.446972,17.288027,17.144186,18.449688,18.29366,18.925488,19.404854,17.433931,17.089443,17.834505,17.922047,19.046207,18.867584,18.47357,18.322517,17.079674,16.952026,0.0,0.0,4.0,0.0,4.0,0.0,0.0,0.0
18870,2023.0,5.0,12.0,1.0,18.47737,18.494051,17.245945,17.100842,18.37939,18.223783,18.468632,18.451101,17.208553,16.824314,17.587294,17.439924,18.98908,18.808727,18.397266,18.244944,17.037785,16.908634,0.0,0.0,0.0,0.0,0.0,0.0,0.0,0.0
18871,2023.0,5.0,12.0,1.0,18.42478,18.441767,17.204174,17.05665,18.310078,18.15321,17.911036,17.475124,17.095951,16.709448,17.442226,17.269615,18.933756,18.750309,18.324345,18.169416,16.996695,16.865065,0.0,0.0,0.0,0.0,0.0,0.0,0.0,0.0
18872,2023.0,5.0,12.0,1.0,18.367752,18.381725,17.1618,17.010479,18.241789,18.08157,17.699186,17.214285,17.251047,17.113447,17.36132,17.183495,18.879974,18.69234,18.254206,18.095474,16.955923,16.821037,0.0,0.0,0.0,0.0,0.0,0.0,0.0,0.0
18873,2023.0,5.0,12.0,1.0,18.312826,18.32563,17.121866,16.968424,18.178886,18.01763,17.894903,17.722929,17.227201,17.071407,17.608604,17.708885,18.830297,18.64004,18.189623,18.028904,16.917168,16.780106,0.0,0.0,0.0,0.0,4.0,0.0,0.0,0.0
18874,2023.0,5.0,12.0,1.0,18.257793,18.267643,17.080927,16.923447,18.116434,17.951824,17.881075,17.728958,17.181776,17.022408,17.670637,17.783606,18.781944,18.588129,18.127369,17.963709,16.87863,16.738724,0.0,0.0,0.0,0.0,4.0,0.0,0.0,0.0
18875,2023.0,5.0,12.0,1.0,18.209314,18.221111,17.046497,16.890295,18.063255,17.90211,17.83236,17.683586,17.141273,16.982182,17.389244,17.218449,18.739092,18.545267,18.071775,17.908985,17.575975,18.082424,0.0,0.0,0.0,0.0,4.0,0.0,0.0,4.0
18876,2023.0,5.0,12.0,2.0,18.15731,18.165916,17.008232,16.848417,18.006098,17.842125,17.777672,17.626368,17.097769,16.93557,16.981642,16.54079,18.69455,18.497194,18.014856,17.848976,17.867056,18.463898,0.0,0.0,0.0,0.0,0.0,0.0,0.0,4.0
18877,2023.0,5.0,12.0,2.0,18.109669,18.117876,16.973356,16.813034,17.953894,17.78997,17.726385,17.575014,17.057909,16.895061,17.130053,16.952255,18.654345,18.456173,17.962782,17.796312,17.704338,18.025496,0.0,0.0,0.0,0.0,4.0,0.0,0.0,4.0
18878,2023.0,5.0,12.0,2.0,18.067339,18.078527,16.942226,16.784582,17.907848,17.747765,17.680918,17.533085,17.593832,17.93333,16.856699,16.439892,18.618834,18.422207,17.916307,17.751945,16.976706,16.644852,0.0,0.0,0.0,4.0,0.0,0.0,0.0,0.0
18879,2023.0,5.0,12.0,2.0,18.022142,18.031666,16.908113,16.74961,17.858723,17.697556,17.632067,17.482939,17.843086,18.27213,16.957203,16.776695,18.58238,18.384329,17.868807,17.702982,16.737963,16.375729,0.0,0.0,0.0,4.0,0.0,0.0,0.0,0.0
18880,2023.0,5.0,12.0,2.0,17.981083,17.990976,16.87625,16.718664,17.813564,17.653658,17.586601,17.438725,17.634853,17.769655,16.946465,16.759962,18.549402,18.35147,17.825542,17.660086,16.6411,16.28548,0.0,0.0,0.0,4.0,0.0,0.0,0.0,0.0
18881,2023.0,5.0,12.0,2.0,17.942823,17.954088,16.84614,16.690584,17.771244,17.614061,17.543592,17.398586,17.065393,16.709167,16.90753,16.7227,18.519053,18.32212,17.785461,17.621399,16.771692,16.630253,0.0,0.0,0.0,0.0,0.0,0.0,0.0,0.0
18882,2023.0,5.0,12.0,3.0,17.904457,17.91605,16.815638,16.661116,17.728928,17.573212,17.500416,17.357046,16.845606,16.449553,16.870607,16.686487,18.489666,18.293116,17.746613,17.583214,17.496323,17.998817,0.0,0.0,0.0,0.0,0.0,0.0,0.0,4.0
18883,2023.0,5.0,12.0,3.0,17.866835,17.879234,16.78574,16.63249,17.687986,17.533941,17.458769,17.317133,16.744059,16.34903,16.835518,16.652565,18.46201,18.266218,17.709803,17.5474,16.801565,16.507238,0.0,0.0,0.0,0.0,0.0,0.0,0.0,0.0
18884,2023.0,5.0,12.0,3.0,17.828749,17.841251,16.755531,16.602888,17.647213,17.493877,17.417568,17.276573,16.886631,16.714922,16.801605,16.619057,18.434935,18.239393,17.673735,17.511644,17.312727,17.628561,0.0,0.0,0.0,0.0,0.0,0.0,0.0,4.0
18885,2023.0,5.0,12.0,3.0,17.79409,17.809713,16.726175,16.57465,17.608051,17.456066,17.37809,17.238386,16.90103,16.74118,16.769718,16.58815,18.409067,18.214205,17.639315,17.47808,16.750355,16.433647,0.0,0.0,0.0,0.0,0.0,0.0,0.0,0.0
18886,2023.0,5.0,12.0,3.0,17.772137,17.801912,16.694162,16.5407,17.566214,17.412004,17.336023,17.193993,16.87041,16.709276,16.736652,16.553621,18.382135,18.186317,17.603853,17.441536,16.537163,16.182234,0.0,0.0,0.0,0.0,0.0,0.0,0.0,0.0
18887,2023.0,5.0,12.0,3.0,17.740011,17.770658,16.666492,16.515081,17.529673,17.377789,17.299162,17.159475,16.842108,16.682127,16.707653,16.526215,18.357567,18.16274,17.571335,17.410173,16.67454,16.539425,0.0,0.0,0.0,0.0,0.0,0.0,0.0,0.0
18888,2023.0,5.0,12.0,4.0,17.705976,17.736326,16.636786,16.484978,17.491304,17.339136,17.260279,17.120382,16.812626,16.652702,16.678026,16.49659,18.332466,18.137709,17.538542,17.377554,16.658321,16.515081,0.0,0.0,0.0,0.0,0.0,0.0,0.0,0.0
18889,2023.0,5.0,12.0,4.0,17.674356,17.706535,16.610722,16.461819,17.45717,17.30828,17.225658,17.089138,16.785583,16.627594,16.95756,17.04577,18.309242,18.116209,17.507942,17.348812,16.628128,16.486609,0.0,0.0,0.0,0.0,4.0,0.0,0.0,0.0
18890,2023.0,5.0,12.0,4.0,17.64177,17.67447,16.583393,16.435503,17.421795,17.274137,17.18988,17.054615,16.758146,16.60107,16.733686,16.559229,18.285465,18.093336,17.47699,17.318798,16.597631,16.45689,0.0,0.0,0.0,0.0,0.0,0.0,0.0,0.0
18891,2023.0,5.0,12.0,4.0,17.610245,17.64407,16.557232,16.410856,17.387812,17.242088,17.155672,17.022312,16.731686,16.575998,16.65299,16.475552,18.262167,18.071354,17.446903,17.290152,17.2993,17.805233,0.0,0.0,0.0,0.0,0.0,0.0,0.0,4.0
18892,2023.0,5.0,12.0,4.0,17.578775,17.61335,16.531048,16.385862,17.35404,17.209799,17.121853,16.989883,16.705389,16.550812,16.620419,16.445004,18.238678,18.048956,17.416876,17.261292,16.617048,16.337803,0.0,0.0,0.0,0.0,0.0,0.0,0.0,0.0
18893,2023.0,5.0,12.0,4.0,17.54632,17.580206,16.503876,16.358683,17.319359,17.175058,17.087313,16.955141,16.678465,16.523947,16.893261,16.98517,18.214293,18.024738,17.386053,17.230513,16.375427,16.031713,0.0,0.0,0.0,0.0,4.0,0.0,0.0,0.0
18894,2023.0,5.0,12.0,5.0,17.515438,17.549734,16.477995,16.333666,17.286345,17.143091,17.054377,16.923182,16.652699,16.49899,16.666636,16.497042,18.190607,18.001877,17.356363,17.20166,16.299553,15.959674,0.0,0.0,0.0,0.0,0.0,0.0,0.0,0.0
18895,2023.0,5.0,12.0,5.0,17.48584,17.521395,16.453491,16.310839,17.972107,18.459963,17.02289,16.893744,16.627995,16.47575,16.583914,16.410255,18.167574,17.980232,17.327738,17.174555,16.426199,16.279348,0.0,4.0,0.0,0.0,0.0,0.0,0.0,0.0
18896,2023.0,5.0,12.0,5.0,17.455626,17.491365,16.42839,16.286535,17.548132,17.52355,16.990673,16.862495,17.18089,17.536535,16.84179,16.92343,18.144106,17.95745,17.29898,17.146482,16.43934,16.30319,0.0,0.0,0.0,4.0,4.0,0.0,0.0,0.0
18897,2023.0,5.0,12.0,5.0,17.425945,17.461731,16.403582,16.26243,17.062895,16.659704,16.958912,16.83158,16.791166,16.671427,16.63287,16.474833,18.121012,17.935005,17.271147,17.119303,16.415976,16.280361,0.0,0.0,0.0,0.0,0.0,0.0,0.0,0.0
18898,2023.0,5.0,12.0,5.0,17.397243,17.433262,16.379484,16.239185,16.90656,16.468164,16.928055,16.801771,17.248728,17.615618,16.539845,16.36829,18.098213,17.913038,17.243885,17.092907,16.392002,16.25713,0.0,0.0,0.0,4.0,0.0,0.0,0.0,0.0
18899,2023.0,5.0,12.0,5.0,17.369438,17.40601,16.356016,16.216984,17.074713,16.886223,16.898134,16.773352,16.631756,16.3136,16.504324,16.334682,18.075787,17.891737,17.217096,17.067305,16.367962,16.23417,0.0,0.0,0.0,0.0,0.0,0.0,0.0,0.0
18900,2023.0,5.0,12.0,6.0,17.341705,17.378403,16.332338,16.194242,17.11334,16.972473,16.868177,16.744425,16.399494,16.025143,16.470558,16.301857,18.05328,17.870043,17.190252,17.041279,17.06706,17.571209,0.0,0.0,0.0,0.0,0.0,0.0,0.0,4.0
18901,2023.0,5.0,12.0,6.0,21.250479,24.30063,16.3093,16.172714,21.225073,24.245502,21.188862,24.37649,16.32334,15.952512,16.440407,16.272917,21.256395,23.381763,21.797884,25.027956,20.338099,23.179121,0.0,0.0,0.0,0.0,0.0,0.0,0.0,0.0
18902,2023.0,5.0,12.0,6.0,21.010773,23.379093,16.28432,16.149208,21.00911,23.34183,21.010172,23.515837,16.461178,16.298998,16.409832,16.243715,21.017136,22.734264,21.001606,23.180845,17.825792,17.792936,0.0,0.0,0.0,0.0,0.0,0.0,0.0,0.0
18903,2023.0,5.0,12.0,6.0,21.067472,23.214113,16.754112,17.052856,21.070362,23.166351,21.07531,23.327675,16.51024,16.362925,16.685015,16.783648,21.054132,22.594193,21.069004,23.04434,17.461706,17.794968,4.0,0.0,0.0,0.0,4.0,0.0,0.0,4.0
18904,2023.0,5.0,12.0,6.0,22.083252,24.661505,20.26551,23.043121,21.16822,23.14574,21.150106,23.265467,17.08882,17.467934,20.306377,22.940516,21.72322,23.570288,21.176682,23.070318,21.741295,25.0859,0.0,4.0,0.0,4.0,0.0,4.0,0.0,0.0
18905,2023.0,5.0,12.0,6.0,20.901434,22.39845,18.579027,19.254105,21.065968,22.823767,21.064901,22.942951,20.339008,22.974022,18.33971,18.665531,20.952633,22.000656,21.057938,22.692995,18.843664,18.885048,4.0,0.0,0.0,0.0,0.0,0.0,0.0,0.0
18906,2023.0,5.0,12.0,7.0,21.201332,22.961517,20.27842,22.619852,21.158735,22.856367,21.158522,23.02152,18.255062,18.465689,17.170849,17.028635,21.166107,22.336548,21.193565,22.863764,18.305567,18.835678,0.0,4.0,0.0,0.0,0.0,4.0,0.0,4.0
18907,2023.0,5.0,12.0,7.0,21.025423,22.552553,18.161203,18.18292,21.07795,22.61874,21.062027,22.745455,17.225937,17.093002,16.962101,16.79479,21.05934,22.087027,21.054884,22.506397,20.268602,22.207832,0.0,0.0,0.0,0.0,0.0,0.0,0.0,0.0
18908,2023.0,5.0,12.0,7.0,21.060627,22.61779,17.364737,17.329601,21.046635,22.464413,21.060928,22.682262,17.814856,18.356337,16.867287,16.70005,21.054806,22.029804,21.054075,22.446741,18.275427,18.119032,4.0,4.0,0.0,4.0,0.0,0.0,0.0,0.0
18909,2023.0,5.0,12.0,7.0,21.162441,22.76242,20.260525,22.530455,21.184177,22.6885,21.170565,22.85388,20.299555,22.520393,17.201082,17.395796,21.130474,22.141134,21.305553,22.876686,18.25698,18.703728,4.0,4.0,0.0,0.0,4.0,0.0,4.0,4.0
18910,2023.0,5.0,12.0,7.0,21.039528,22.448662,20.038927,21.807259,21.048777,22.37516,21.058958,22.589228,18.172092,18.046272,20.332106,22.713722,21.03867,21.950706,21.072712,22.37517,20.553505,22.728168,0.0,4.0,0.0,0.0,4.0,0.0,0.0,0.0
18911,2023.0,5.0,12.0,7.0,21.044455,22.429441,18.211277,18.112356,21.048296,22.344162,21.033344,22.486786,17.161879,16.779142,20.018509,21.761507,21.010094,21.86672,21.062393,22.307934,18.314684,18.138487,0.0,4.0,4.0,0.0,4.0,4.0,0.0,0.0
18912,2023.0,5.0,12.0,8.0,21.04198,22.403872,17.434986,17.275362,21.04603,22.314884,21.062859,22.544039,17.164324,16.997595,20.07369,21.634058,21.059298,21.954489,21.060501,22.264757,17.396914,17.021683,0.0,4.0,0.0,0.0,0.0,0.0,0.0,0.0
18913,2023.0,5.0,12.0,8.0,20.01373,20.415964,17.284107,17.140806,19.939997,20.174887,19.635637,19.778803,17.12907,16.974281,18.390614,18.222498,20.389097,20.60709,19.7537,19.740988,17.350975,17.170588,0.0,4.0,0.0,0.0,0.0,4.0,0.0,0.0
18914,2023.0,5.0,12.0,8.0,19.663563,19.993277,17.167871,17.019419,19.513159,19.6177,19.599604,20.030415,17.070045,16.918848,17.884003,17.634161,19.552229,19.152462,20.219423,20.921942,17.304987,17.15477,0.0,4.0,4.0,0.0,0.0,0.0,4.0,0.0
18915,2023.0,5.0,12.0,8.0,19.521,19.868896,17.066854,16.921913,19.353355,19.477364,18.747026,18.488384,17.012562,16.865627,18.126654,18.230906,19.189997,18.701868,19.16124,18.864336,17.22268,17.079956,0.0,4.0,0.0,0.0,4.0,0.0,0.0,0.0
18916,2023.0,5.0,12.0,8.0,19.407804,19.769201,16.979197,16.836306,19.230465,19.371105,18.238943,17.79858,16.96099,16.816664,20.246708,21.970766,19.000746,18.515072,18.675732,18.254204,17.146175,17.007318,0.0,4.0,0.0,0.0,4.0,0.0,0.0,0.0
18917,2023.0,5.0,12.0,8.0,19.290216,19.658064,16.887877,16.748344,19.110966,19.268944,18.604416,18.727825,16.906408,16.765026,20.038837,21.371202,19.847643,20.304157,18.420897,18.010271,17.064184,16.929375,0.0,4.0,4.0,0.0,0.0,4.0,0.0,0.0
18918,2023.0,5.0,12.0,9.0,19.206858,19.596666,16.808102,16.670864,19.012644,19.186163,18.715769,18.921257,16.85755,16.718771,18.819164,18.883898,19.203512,18.865734,18.418596,18.210855,16.991058,16.859856,0.0,4.0,4.0,0.0,4.0,0.0,0.0,0.0
18919,2023.0,5.0,12.0,9.0,19.14841,19.545528,17.20253,17.455317,18.946848,19.13102,18.058117,17.745308,16.820784,16.68302,20.27521,21.570387,19.585876,19.783571,19.387415,20.119104,16.936346,16.806507,4.0,4.0,0.0,0.0,0.0,4.0,4.0,0.0
18920,2023.0,5.0,12.0,9.0,19.080952,19.483736,20.279484,22.75879,18.270298,17.939602,17.668385,17.270395,16.78277,16.647118,18.698572,18.509428,19.08868,18.740057,19.489134,20.012077,16.879553,16.752903,0.0,0.0,0.0,0.0,0.0,0.0,4.0,0.0
18921,2023.0,5.0,12.0,9.0,19.035189,19.452536,18.792189,19.451326,17.88192,17.466742,18.155916,18.327848,17.485853,18.000261,18.387537,18.477678,19.453592,19.675417,19.452143,19.970943,16.82737,16.702778,4.0,0.0,4.0,4.0,4.0,4.0,4.0,0.0
18922,2023.0,5.0,12.0,9.0,18.994604,19.414122,20.21553,22.14298,18.39214,18.540247,18.312033,18.577602,20.309786,22.813362,20.242085,21.778193,18.896574,18.548594,18.559443,18.292273,16.787073,16.663548,4.0,4.0,4.0,0.0,0.0,0.0,0.0,0.0
18923,2023.0,5.0,12.0,9.0,18.341688,18.238367,20.049696,21.643047,18.58946,18.824133,17.718716,17.476057,18.134617,18.146091,18.904741,19.011557,19.310137,19.556402,18.101309,17.749973,17.674284,18.374832,0.0,4.0,0.0,0.0,0.0,4.0,0.0,4.0
18924,2023.0,5.0,12.0,10.0,17.970264,17.777271,18.742147,18.984764,18.585094,18.83077,17.365597,17.017775,17.099493,16.802265,18.11237,17.94687,19.52721,19.804518,17.932795,17.580286,20.296186,22.684996,4.0,4.0,0.0,0.0,0.0,4.0,0.0,4.0
18925,2023.0,5.0,12.0,10.0,18.50477,18.905521,20.22316,22.003044,17.948559,17.663027,17.886776,18.100513,17.78766,18.280827,17.86286,17.66183,19.55114,19.825592,17.812645,17.462393,20.04174,21.891489,0.0,0.0,4.0,4.0,0.0,4.0,0.0,0.0
18926,2023.0,5.0,12.0,10.0,18.696222,19.140104,18.8248,19.074492,17.587965,17.20434,18.106974,18.388382,20.278797,22.4171,17.70887,17.509695,18.86796,18.529139,17.876312,17.694454,18.196478,18.117664,4.0,0.0,4.0,4.0,0.0,0.0,0.0,0.0
18927,2023.0,5.0,12.0,10.0,18.079296,17.983677,20.223347,21.970188,18.102142,18.279015,17.520628,17.284395,20.04045,21.693241,17.58293,17.383497,18.521978,18.103136,17.87623,17.719707,17.318413,17.012915,0.0,4.0,0.0,0.0,0.0,0.0,0.0,0.0
18928,2023.0,5.0,12.0,10.0,17.71562,17.510223,18.536543,18.51381,18.318672,18.57061,17.827192,18.045734,18.894907,19.265732,17.47688,17.282534,18.399117,17.97466,17.82487,17.672966,17.067698,16.741056,0.0,4.0,4.0,4.0,0.0,0.0,0.0,0.0
18929,2023.0,5.0,12.0,10.0,17.59351,17.371132,17.96381,17.786667,18.327642,18.580519,17.39193,17.178984,20.232166,21.697914,17.400337,17.207258,19.071856,19.314882,17.776146,17.625462,17.09581,16.922617,0.0,4.0,0.0,4.0,0.0,4.0,0.0,0.0
18930,2023.0,5.0,12.0,11.0,17.718504,17.714846,17.765944,17.616535,17.693016,17.39714,17.04459,16.69721,20.018463,21.253681,17.319101,17.129292,19.323984,19.600084,17.724592,17.575058,17.9978,18.68173,0.0,0.0,0.0,4.0,0.0,4.0,0.0,4.0
18931,2023.0,5.0,12.0,11.0,18.483582,19.15821,18.011745,18.241554,17.35996,16.976355,16.920923,16.55945,20.06812,21.298712,17.244387,17.05783,19.364374,19.637957,17.676394,17.528448,20.289621,22.491158,4.0,0.0,0.0,0.0,0.0,4.0,0.0,0.0
18932,2023.0,5.0,12.0,11.0,17.909706,17.84898,20.248549,22.186186,17.234484,16.844187,17.036568,16.868929,18.59224,18.397287,17.17454,16.988602,19.392643,19.663965,17.630795,17.483942,18.226503,18.175692,0.0,0.0,0.0,0.0,0.0,4.0,0.0,0.0
18933,2023.0,5.0,12.0,11.0,17.50228,17.314007,18.731266,19.008469,18.049484,18.476744,17.07861,16.952282,18.4595,18.65138,17.486177,17.625956,19.41413,19.683613,17.587921,17.4419,17.265568,16.951273,0.0,4.0,0.0,4.0,4.0,4.0,0.0,0.0
18934,2023.0,5.0,12.0,11.0,17.389915,17.177656,17.968788,17.847961,18.100529,18.398483,17.051826,16.9304,20.362667,22.055412,20.288042,22.470001,19.428879,19.696999,17.55154,17.405811,17.21975,17.043032,0.0,4.0,0.0,0.0,0.0,4.0,0.0,0.0
18935,2023.0,5.0,12.0,11.0,17.525194,17.52527,18.121939,18.348112,17.453947,17.205694,17.71542,18.205696,19.149546,19.481232,18.62752,18.864578,19.443249,19.70952,17.514597,17.369564,17.162346,17.010706,4.0,0.0,4.0,4.0,0.0,4.0,0.0,0.0
18936,2023.0,5.0,12.0,12.0,17.558424,17.59772,20.219603,22.133087,17.837545,18.032103,17.339645,17.365473,20.189281,21.397907,17.855577,17.658617,18.753431,18.404638,17.483246,17.338072,17.086851,16.93782,0.0,4.0,0.0,4.0,0.0,0.0,0.0,0.0
18937,2023.0,5.0,12.0,12.0,21.302546,24.215385,18.708408,18.95399,21.312431,24.021235,21.272842,24.369375,20.048128,21.152138,17.639395,17.4319,21.269535,22.976725,21.509525,24.345259,17.003222,16.854689,0.0,4.0,4.0,0.0,0.0,0.0,0.0,0.0
18938,2023.0,5.0,12.0,12.0,21.016901,23.267546,17.783459,17.688786,21.03539,23.120895,21.033463,23.432526,18.654242,18.425716,17.879429,17.998844,21.030424,22.365498,21.559298,23.820736,16.932596,16.785707,0.0,0.0,0.0,0.0,4.0,0.0,0.0,0.0
18939,2023.0,5.0,12.0,12.0,21.080162,23.10601,17.527172,17.382889,21.080784,22.96189,21.064625,23.164635,17.888447,17.468298,20.290693,22.150105,21.058617,22.25747,20.894981,22.438404,16.876957,16.732069,0.0,0.0,4.0,0.0,0.0,0.0,0.0,0.0
18940,2023.0,5.0,12.0,12.0,21.069542,22.89503,17.381697,17.231045,21.048363,22.707413,21.059603,22.950823,17.82924,17.606411,18.712404,18.882498,21.039999,22.128101,21.042435,22.569473,16.83308,16.690521,0.0,4.0,4.0,0.0,0.0,0.0,4.0,0.0
18941,2023.0,5.0,12.0,12.0,21.027647,22.688059,17.739933,18.002684,21.051136,22.597324,21.05682,22.804474,17.76426,17.566616,17.811577,17.635176,21.040083,22.058771,21.070389,22.535212,16.796648,16.655848,4.0,4.0,4.0,0.0,0.0,0.0,0.0,0.0
18942,2023.0,5.0,12.0,13.0,21.048239,22.631735,20.255243,22.355244,21.049889,22.512335,21.080492,22.769304,17.656033,17.4669,17.60228,17.400272,21.039444,22.005135,21.06271,22.425283,16.766644,16.62878,4.0,4.0,0.0,0.0,0.0,0.0,0.0,0.0
18943,2023.0,5.0,12.0,13.0,21.044706,22.555435,20.034727,21.657324,21.073593,22.516857,21.073788,22.674124,18.342958,18.85816,17.480682,17.274347,21.038603,21.963264,21.061737,22.349504,16.738537,16.60194,0.0,0.0,0.0,4.0,0.0,0.0,0.0,0.0
18944,2023.0,5.0,12.0,13.0,21.070253,22.573517,18.712048,18.924337,21.042507,22.381346,21.048613,22.54074,20.233656,22.016907,17.394934,17.193295,21.038172,21.930862,21.048746,22.290827,16.713215,16.578268,4.0,4.0,4.0,0.0,0.0,0.0,0.0,0.0
18945,2023.0,5.0,12.0,13.0,21.037241,22.439741,20.225008,21.969032,21.072176,22.4213,21.077381,22.572802,18.46261,18.318682,17.318354,17.117626,21.007603,21.826778,21.049665,22.263939,16.689484,16.555754,4.0,0.0,0.0,0.0,0.0,4.0,0.0,0.0
18946,2023.0,5.0,12.0,13.0,21.041779,22.415287,20.016474,21.383627,21.06434,22.369453,21.043846,22.447313,17.58044,17.18763,17.678288,17.859583,21.043,21.90444,21.048252,22.237257,16.666954,16.534006,4.0,0.0,4.0,0.0,4.0,0.0,0.0,0.0
18947,2023.0,5.0,12.0,13.0,21.041101,22.38838,20.052534,21.341549,21.05052,22.339745,21.050951,22.432165,17.56139,17.35688,20.351423,22.285175,21.04925,21.87374,21.008894,22.11114,16.646767,16.515532,4.0,0.0,4.0,0.0,4.0,0.0,4.0,0.0
18948,2023.0,5.0,12.0,14.0,21.040022,22.365492,20.045864,21.251366,21.05144,22.334127,21.074629,22.474312,17.53095,17.34575,20.00229,21.471258,21.04718,21.836391,21.069332,22.226618,16.626595,16.495968,4.0,0.0,0.0,0.0,0.0,0.0,0.0,0.0
18949,2023.0,5.0,12.0,14.0,19.537844,19.495779,20.064594,21.245806,20.288858,20.833242,19.423918,19.28298,17.45631,17.280258,18.698181,18.77834,20.113918,20.038317,20.389473,20.845764,16.608425,16.479412,0.0,4.0,0.0,0.0,0.0,0.0,4.0,0.0
18950,2023.0,5.0,12.0,14.0,19.363844,19.683296,18.674917,18.540154,19.880589,20.352783,19.077894,19.208387,17.383938,17.211369,17.93619,17.75787,20.341677,20.78345,19.234499,18.916933,16.58752,16.458977,0.0,4.0,4.0,0.0,0.0,4.0,0.0,0.0
18951,2023.0,5.0,12.0,14.0,18.749222,18.586039,18.216555,18.008759,19.494774,19.687498,18.43219,18.086708,17.32639,17.154745,17.750906,17.538864,19.509174,19.14169,18.786463,18.355606,16.566849,16.438139,0.0,4.0,0.0,0.0,0.0,0.0,0.0,0.0
18952,2023.0,5.0,12.0,14.0,19.082834,19.410501,18.487368,18.689016,19.289885,19.434813,18.064808,17.627037,17.27165,17.101774,18.007566,18.117002,19.127003,18.637459,18.561533,18.13294,17.495266,18.209,4.0,4.0,0.0,0.0,4.0,0.0,0.0,4.0
18953,2023.0,5.0,12.0,14.0,19.13849,19.519484,20.185558,21.76854,19.176851,19.326174,18.782406,19.171103,17.221024,17.052477,20.245552,22.006153,18.969213,18.480524,18.579756,18.351728,20.312494,22.94426,4.0,4.0,4.0,0.0,4.0,0.0,0.0,0.0
18954,2023.0,5.0,12.0,15.0,19.089754,19.477942,20.0284,21.288376,19.068253,19.225332,18.783598,19.016806,17.168222,17.001043,20.03537,21.356056,19.827662,20.267147,19.526009,20.229994,17.97943,17.955402,4.0,4.0,4.0,0.0,0.0,4.0,4.0,0.0
18955,2023.0,5.0,12.0,15.0,19.041857,19.435158,20.066137,21.277962,18.374157,18.015694,18.04535,17.754667,17.862103,18.350836,18.535885,18.318193,19.207695,18.856096,18.724716,18.448683,16.94081,16.645239,0.0,0.0,0.0,4.0,0.0,0.0,0.0,0.0
18956,2023.0,5.0,12.0,15.0,18.380087,18.241669,18.664434,18.522188,18.61332,18.722137,17.636913,17.237541,20.265432,22.347103,17.909779,17.671656,19.504461,19.699188,18.195768,17.813408,16.879686,16.714577,0.0,4.0,0.0,4.0,0.0,4.0,0.0,0.0
18957,2023.0,5.0,12.0,15.0,18.709728,19.095543,18.488724,18.697817,18.755919,18.941055,17.455917,17.04661,20.009087,21.541256,18.166462,18.275675,18.970816,18.561928,18.011414,17.621351,16.845425,16.700068,4.0,4.0,0.0,4.0,4.0,0.0,0.0,0.0
18958,2023.0,5.0,12.0,15.0,18.209763,18.070242,20.203867,21.79075,18.725578,18.919712,17.540041,17.346119,20.069798,21.484308,20.30943,21.896334,18.660246,18.209541,18.069452,17.865574,16.782717,16.64204,0.0,4.0,0.0,0.0,0.0,0.0,0.0,0.0
18959,2023.0,5.0,12.0,15.0,17.86888,17.6456,19.224756,19.697704,18.690523,18.89097,18.234764,18.684843,18.506107,18.329037,18.86782,18.983116,18.542044,18.091032,18.062939,17.887852,16.724092,16.585629,4.0,4.0,4.0,0.0,0.0,0.0,0.0,0.0
18960,2023.0,5.0,12.0,16.0,17.754993,17.523544,20.180485,21.52975,18.662642,18.868279,17.84872,17.855345,17.874264,17.45139,18.211594,17.992762,19.466438,19.935484,18.01063,17.84155,16.681017,16.543667,0.0,4.0,0.0,0.0,0.0,4.0,0.0,0.0
18961,2023.0,5.0,12.0,16.0,17.869213,17.850704,19.028656,19.1762,18.631401,18.840445,17.959406,18.190733,17.808662,17.578157,17.982458,17.756598,18.886131,18.557066,17.949251,17.783792,17.56447,18.251509,4.0,4.0,4.0,0.0,0.0,0.0,0.0,4.0
18962,2023.0,5.0,12.0,16.0,18.611597,19.269707,20.18117,21.41073,18.605171,18.81607,18.046963,18.30995,17.743181,17.54604,18.233551,18.342451,19.317297,19.52937,17.896704,17.732887,20.30709,22.883804,4.0,4.0,4.0,0.0,4.0,4.0,0.0,0.0
18963,2023.0,5.0,12.0,16.0,18.647852,19.10041,20.04353,21.098814,18.577873,18.791052,17.462843,17.205675,18.361073,18.817688,20.275545,21.876966,19.52618,19.769127,17.841864,17.680803,18.005962,17.985243,0.0,4.0,0.0,4.0,0.0,4.0,0.0,0.0
18964,2023.0,5.0,12.0,16.0,17.972681,17.870857,18.740421,18.566818,18.552418,18.767315,17.12668,16.760754,20.248024,21.983553,18.838728,18.940832,19.54679,19.788261,17.789865,17.630856,16.969011,16.670338,0.0,4.0,0.0,0.0,0.0,4.0,0.0,0.0
18965,2023.0,5.0,12.0,16.0,17.630064,17.420639,18.167664,17.977436,18.52886,18.745243,17.668919,17.865864,18.502413,18.363272,18.032425,17.856451,18.868357,18.502594,17.741228,17.584114,16.895384,16.727873,0.0,4.0,4.0,0.0,0.0,0.0,0.0,0.0
18966,2023.0,5.0,12.0,17.0,18.247622,18.654924,18.471756,18.675634,18.508936,18.726088,17.85602,18.128063,17.819536,17.392834,17.837536,17.624973,19.344963,19.562563,17.699635,17.543396,16.857664,16.710222,4.0,4.0,4.0,0.0,0.0,4.0,0.0,0.0
18967,2023.0,5.0,12.0,17.0,17.781416,17.686352,20.18473,21.75299,18.490025,18.708668,17.88785,18.155025,17.803436,17.572683,17.720623,17.507421,19.4809,19.7271,17.66123,17.507877,16.797102,16.65491,4.0,4.0,4.0,0.0,0.0,4.0,0.0,0.0
18968,2023.0,5.0,12.0,17.0,18.186594,18.61099,20.02494,21.250565,18.46981,18.689468,17.31233,17.060404,18.478584,18.942194,17.606255,17.396858,18.788006,18.402761,17.620537,17.469332,16.730959,16.591885,4.0,4.0,0.0,4.0,0.0,0.0,0.0,0.0
18969,2023.0,5.0,12.0,17.0,18.378222,18.814116,20.064487,21.235582,18.45005,18.669762,16.987314,16.630733,20.202188,21.800846,17.509491,17.305862,19.219147,19.441147,17.582542,17.434126,16.671816,16.536436,0.0,4.0,0.0,4.0,0.0,4.0,0.0,0.0
18970,2023.0,5.0,12.0,17.0,18.419996,18.85464,18.692942,18.532608,18.43141,18.651337,17.52937,17.734573,20.042902,21.329618,17.426548,17.229225,19.428356,19.674686,17.546078,17.399876,16.618252,16.48549,0.0,4.0,4.0,0.0,0.0,4.0,0.0,0.0
18971,2023.0,5.0,12.0,17.0,18.445633,18.875048,18.533863,18.7266,18.413847,18.63385,17.770985,18.038773,19.122068,19.399984,17.351814,17.15918,18.74959,18.376432,17.511265,17.367052,16.570717,16.440222,4.0,4.0,4.0,4.0,0.0,0.0,0.0,0.0
18972,2023.0,5.0,12.0,18.0,18.46287,18.889814,20.201944,21.686558,18.39873,18.618652,17.801908,18.068148,20.21634,21.430286,17.291971,17.101532,18.487984,18.03578,17.481264,17.339037,16.534966,16.406569,4.0,4.0,4.0,0.0,0.0,0.0,0.0,0.0
18973,2023.0,5.0,12.0,18.0,21.305948,23.830114,20.024017,21.18763,21.283539,23.705622,21.324894,24.167757,18.680746,18.440199,17.229723,17.042156,21.272902,22.980522,21.508226,24.348806,16.496593,16.369604,4.0,0.0,4.0,0.0,0.0,0.0,0.0,0.0
18974,2023.0,5.0,12.0,18.0,21.004957,22.935001,20.06436,21.193913,21.0016,22.809984,21.026953,23.220825,17.880585,17.441944,17.174128,16.988983,21.010153,22.340208,21.466408,23.86307,16.464758,16.33894,0.0,4.0,0.0,0.0,0.0,0.0,0.0,0.0
18975,2023.0,5.0,12.0,18.0,21.053476,22.831354,19.023191,19.11318,21.08182,22.784138,21.086277,23.081713,17.851732,17.633959,17.12823,16.948313,21.017502,22.187504,20.905632,22.448114,16.440226,16.317198,4.0,0.0,0.0,0.0,0.0,4.0,4.0,0.0
18976,2023.0,5.0,12.0,18.0,21.161486,22.929844,20.190172,21.507862,21.174135,22.807623,21.157694,23.046556,17.805094,17.618605,17.083199,16.905346,21.156502,22.340466,21.235952,22.947823,16.418867,16.297918,4.0,4.0,0.0,0.0,0.0,4.0,4.0,0.0
18977,2023.0,5.0,12.0,18.0,21.035969,22.556175,20.036215,21.119741,21.071913,22.52392,21.0565,22.749989,17.697449,17.515413,17.47323,17.682077,21.025587,21.989746,21.026155,22.420782,16.399515,16.28029,0.0,0.0,0.0,0.0,4.0,4.0,4.0,0.0
18978,2023.0,5.0,12.0,19.0,21.071215,22.571833,18.68244,18.46498,21.067402,22.43844,21.036465,22.617168,18.363115,18.861378,20.358414,22.443375,21.02711,21.92871,21.072916,22.458334,16.380417,16.260855,0.0,0.0,4.0,4.0,0.0,4.0,0.0,0.0
18979,2023.0,5.0,12.0,19.0,21.03788,22.424881,18.562078,18.738182,21.066824,22.378967,21.06434,22.641388,20.195976,21.886324,18.89821,19.345335,21.02604,21.880014,21.063349,22.368956,16.36084,16.240517,4.0,0.0,0.0,4.0,4.0,4.0,0.0,0.0
18980,2023.0,5.0,12.0,19.0,21.15202,22.630129,20.188568,21.603704,21.211073,22.635191,21.154554,22.724623,20.015676,21.306385,20.239695,22.008926,21.155622,22.103685,21.171772,22.529049,16.341648,16.220419,4.0,4.0,4.0,4.0,0.0,4.0,0.0,0.0
18981,2023.0,5.0,12.0,19.0,21.061909,22.407309,20.042578,21.192001,21.03092,22.261618,21.076702,22.531467,20.065662,21.278988,18.734524,18.843071,21.054758,21.88861,21.061872,22.26151,16.322859,16.200893,0.0,4.0,0.0,0.0,0.0,0.0,0.0,0.0
18982,2023.0,5.0,12.0,19.0,21.061972,22.373695,18.665262,18.467632,21.04655,22.254395,21.070738,22.47332,18.585093,18.31951,17.883867,17.720093,21.019447,21.76976,21.048586,22.226877,16.30391,16.181059,0.0,4.0,0.0,0.0,0.0,4.0,0.0,0.0
18983,2023.0,5.0,12.0,19.0,21.04573,22.343624,17.795094,17.293636,21.043625,22.220182,21.069988,22.433506,18.547993,18.762579,17.652477,17.454086,21.05515,21.843626,21.049606,22.218763,16.284117,16.16001,0.0,4.0,0.0,4.0,0.0,0.0,0.0,0.0
18984,2023.0,5.0,12.0,20.0,21.047953,22.344345,18.23109,18.361244,21.043732,22.197124,21.028479,22.33287,20.276848,21.67434,17.509577,17.31332,21.018688,21.731728,21.04924,22.207973,16.264986,16.140308,4.0,4.0,4.0,0.0,0.0,4.0,0.0,0.0
18985,2023.0,5.0,12.0,20.0,21.261114,22.744616,20.19729,21.817978,21.169327,22.447697,21.189335,22.675741,18.611565,18.35434,17.389217,17.191334,21.136015,21.975536,21.229975,22.559229,16.245539,16.11964,4.0,0.0,0.0,0.0,0.0,0.0,0.0,0.0
18986,2023.0,5.0,12.0,20.0,21.05055,22.339111,20.01866,21.260094,21.034544,22.134407,21.068338,22.39252,17.778988,17.328444,17.713793,17.896832,21.015995,21.700083,21.045753,22.179108,16.226177,16.098766,4.0,4.0,0.0,0.0,4.0,4.0,0.0,0.0
18987,2023.0,5.0,12.0,20.0,21.153746,22.507011,20.14502,21.397825,21.18683,22.422321,21.169659,22.543732,17.778244,17.563665,20.338917,22.26051,21.171295,22.004044,21.325647,22.701239,17.141842,17.840353,0.0,4.0,4.0,0.0,0.0,4.0,4.0,4.0
18988,2023.0,5.0,12.0,20.0,21.032763,22.215418,18.978928,19.03967,21.041548,22.115345,21.073019,22.345203,17.74161,17.555717,18.951178,19.34752,21.022596,21.697886,21.068811,22.181164,20.34543,23.138298,4.0,4.0,0.0,0.0,4.0,4.0,0.0,0.0
18989,2023.0,5.0,12.0,20.0,21.171904,22.497849,20.19805,21.526196,21.173174,22.387897,21.195433,22.547909,18.418575,18.93293,20.265156,21.9422,21.190405,22.029623,21.281248,22.555601,17.794561,17.711607,4.0,0.0,4.0,4.0,0.0,4.0,4.0,0.0
18990,2023.0,5.0,12.0,21.0,21.031662,22.177034,20.023573,21.064636,21.061283,22.144272,21.072031,22.30043,20.222826,21.931831,19.059147,19.387405,21.022532,21.684557,21.066938,22.13517,17.56903,18.013914,4.0,0.0,0.0,0.0,4.0,4.0,0.0,4.0
18991,2023.0,5.0,12.0,21.0,21.173704,22.47089,20.16808,21.296919,21.207684,22.402447,21.198187,22.515753,18.982653,19.227558,20.248577,21.708502,21.13836,21.930536,21.203697,22.392883,20.399973,22.730782,0.0,4.0,4.0,4.0,4.0,0.0,0.0,0.0
18992,2023.0,5.0,12.0,21.0,21.057983,22.221083,18.709791,18.436762,21.040453,22.05612,21.070728,22.263296,20.260677,21.6714,20.042065,21.18387,21.047457,21.732204,21.058521,22.082287,18.01893,17.879597,0.0,4.0,0.0,4.0,0.0,0.0,0.0,0.0
18993,2023.0,5.0,12.0,21.0,21.058176,22.207048,18.609331,18.749727,21.06589,22.122866,21.039835,22.16709,20.01081,21.104017,18.563267,18.250391,21.047817,21.720448,21.045174,22.069323,17.90436,18.370909,4.0,0.0,4.0,4.0,0.0,0.0,0.0,4.0
18994,2023.0,5.0,12.0,21.0,21.20764,22.523645,20.17922,21.574703,21.17577,22.331913,21.168907,22.43644,20.065533,21.138453,18.37515,18.475164,21.197317,21.990557,21.238924,22.462828,20.317,22.490646,0.0,0.0,0.0,0.0,4.0,4.0,0.0,0.0
18995,2023.0,5.0,12.0,21.0,21.043554,22.199635,19.29166,19.681807,21.060038,22.085403,21.06387,22.21025,18.633049,18.307974,20.276634,21.686945,21.052,21.713312,21.045506,22.073164,18.117151,17.947498,4.0,0.0,0.0,0.0,4.0,0.0,0.0,0.0
18996,2023.0,5.0,12.0,22.0,21.371517,22.841862,20.202906,21.50108,21.275146,22.538982,21.261856,22.626596,18.608355,18.781046,20.042013,21.168028,21.175804,21.953358,21.311195,22.605873,17.124723,16.75796,0.0,0.0,0.0,4.0,0.0,0.0,0.0,0.0
18997,2023.0,5.0,12.0,22.0,21.04821,22.21513,18.72138,18.509388,21.044842,22.084856,21.023802,22.135511,20.260157,21.566385,18.850763,18.762453,21.046595,21.683357,21.005249,21.95865,17.876366,18.423714,0.0,0.0,4.0,0.0,4.0,0.0,4.0,4.0
18998,2023.0,5.0,12.0,22.0,21.058477,22.207272,18.119617,17.895365,21.045204,22.094894,21.054745,22.230314,19.171871,19.334501,20.290522,21.602764,21.032368,21.677622,21.067225,22.093084,20.3059,22.485388,0.0,0.0,0.0,4.0,0.0,0.0,0.0,0.0
18999,2023.0,5.0,12.0,22.0,21.057083,22.181694,17.99899,17.79519,21.04499,22.099222,21.0652,22.219328,20.250042,21.459545,18.962757,18.984007,21.03391,21.694345,21.056435,22.052195,18.781736,19.185873,0.0,0.0,0.0,0.0,0.0,0.0,0.0,4.0
19000,2023.0,5.0,12.0,22.0,21.040545,22.162447,17.868687,17.666864,21.04484,22.100883,21.06344,22.191298,18.693815,18.390182,18.49504,18.551193,21.033676,21.702566,21.057219,22.036055,20.334055,22.193563,0.0,0.0,0.0,0.0,4.0,0.0,0.0,0.0
19001,2023.0,5.0,12.0,22.0,21.21008,22.50786,17.754757,17.55423,21.208017,22.42735,21.203485,22.485268,18.805119,19.166548,20.297062,21.687658,21.168604,21.977709,21.243612,22.421686,18.92185,19.284903,0.0,0.0,0.0,4.0,0.0,0.0,0.0,4.0
19002,2023.0,5.0,12.0,23.0,21.041698,22.170105,17.657877,17.458477,21.044003,22.093586,21.047544,22.174597,20.170607,21.474894,18.921545,18.958029,21.033182,21.706211,21.044046,22.023094,20.306036,22.000147,0.0,0.0,0.0,0.0,0.0,0.0,0.0,0.0
19003,2023.0,5.0,12.0,23.0,20.000605,20.174559,17.572836,17.374943,19.958845,20.011065,19.88802,19.953543,18.637882,18.361786,18.16255,17.98096,20.838688,21.307753,19.906324,19.840479,18.384094,18.190231,0.0,0.0,0.0,0.0,0.0,4.0,0.0,0.0
19004,2023.0,5.0,12.0,23.0,19.500196,19.474712,17.961363,18.157412,19.39481,19.197565,19.29448,19.107187,18.02586,17.539368,17.963085,17.752886,20.07416,19.906723,19.432798,19.230713,17.685371,17.261051,4.0,0.0,0.0,0.0,0.0,0.0,0.0,0.0
19005,2023.0,5.0,12.0,23.0,19.276672,19.236235,17.672865,17.576683,19.149143,18.928453,19.03277,18.82327,18.071379,17.847834,17.820944,17.607737,19.470163,18.929369,19.207687,19.003399,17.658524,17.466608,0.0,0.0,0.0,0.0,0.0,0.0,0.0,0.0
19006,2023.0,5.0,12.0,23.0,19.119495,19.08774,17.495028,17.317766,18.981365,18.769018,18.851492,18.651445,18.004503,17.813856,17.708975,17.50448,19.239233,18.693604,20.047304,20.752785,17.547453,17.383364,0.0,0.0,0.0,0.0,0.0,0.0,4.0,0.0
19007,2023.0,5.0,12.0,23.0,18.982496,18.95446,17.408583,17.219465,18.835505,18.626785,18.693674,18.49783,17.903385,17.721504,17.606403,17.407034,20.122076,20.542942,19.03022,18.68126,17.419512,17.263762,0.0,0.0,0.0,0.0,0.0,4.0,0.0,0.0
19008,2023.0,5.0,13.0,0.0,18.861994,18.836462,17.346321,17.158278,18.707428,18.501282,18.554935,18.362137,17.80718,17.629936,17.512836,17.317331,19.347761,18.91967,18.58824,18.127737,18.066923,18.593035,0.0,0.0,0.0,0.0,0.0,0.0,0.0,4.0
19009,2023.0,5.0,13.0,0.0,18.754509,18.730713,17.291311,17.104685,18.593067,18.388943,18.4313,18.240814,17.718666,17.544664,17.425198,17.228666,18.995384,18.464922,18.40091,17.944864,17.493025,17.391844,0.0,0.0,0.0,0.0,0.0,0.0,0.0,0.0
19010,2023.0,5.0,13.0,0.0,18.659685,18.639645,17.241756,17.057764,18.491854,18.292105,18.322638,18.136677,17.63654,17.461887,17.347042,17.152302,19.601421,19.73301,19.520994,20.227736,17.037415,16.683315,0.0,0.0,0.0,0.0,0.0,4.0,4.0,0.0
19011,2023.0,5.0,13.0,0.0,18.57249,18.55496,17.195015,17.013014,18.398727,18.202059,18.222878,18.040087,17.561485,17.387178,17.274397,17.08049,19.040554,18.588202,18.620113,18.291883,17.566427,17.827026,0.0,0.0,0.0,0.0,0.0,0.0,0.0,4.0
19012,2023.0,5.0,13.0,0.0,18.491747,18.475573,17.150513,16.969952,18.312891,18.118109,18.130615,17.949951,18.061178,18.384914,17.206537,17.012672,18.772484,18.254578,18.223251,17.781218,16.996426,16.655195,0.0,0.0,0.0,4.0,0.0,0.0,0.0,0.0
19013,2023.0,5.0,13.0,0.0,18.417427,18.40233,17.108313,16.928953,18.233608,18.040562,18.045826,17.866926,17.635714,17.480177,17.44073,17.505154,18.663479,18.149815,18.074224,17.635307,16.74413,16.367735,0.0,0.0,0.0,0.0,4.0,0.0,0.0,0.0
19014,2023.0,5.0,13.0,1.0,18.349003,18.335083,17.068398,16.890217,18.160028,17.969095,17.967619,17.790764,17.47263,17.296476,17.198902,17.010445,18.852026,18.625834,17.953037,17.520222,16.632328,16.260653,0.0,0.0,0.0,0.0,0.0,0.0,0.0,0.0
19015,2023.0,5.0,13.0,1.0,18.288134,18.278223,17.032255,16.856842,18.094345,17.908606,17.898172,17.726587,17.968401,18.288193,17.37499,17.429258,18.853785,18.64181,18.078638,17.880426,17.5076,18.02361,0.0,0.0,0.0,4.0,4.0,0.0,0.0,4.0
19016,2023.0,5.0,13.0,1.0,18.229172,18.220886,16.996422,16.822285,18.03063,17.847532,17.831089,17.662035,17.330149,16.959745,17.468409,17.563438,18.811493,18.602106,18.07295,17.898796,16.827372,16.53069,0.0,0.0,0.0,0.0,4.0,0.0,0.0,0.0
19017,2023.0,5.0,13.0,1.0,18.172071,18.163267,16.961071,16.7868,17.968979,17.786316,17.766592,17.597666,17.053623,16.617956,17.155878,16.97197,18.766838,18.556677,18.018116,17.843979,16.545042,16.178278,0.0,0.0,0.0,0.0,0.0,0.0,0.0,0.0
19018,2023.0,5.0,13.0,1.0,18.118752,18.11031,16.927467,16.753447,17.911736,17.730185,17.70675,17.538782,17.203577,17.021967,17.035086,16.840698,18.723454,18.513027,17.962944,17.788593,16.447445,16.083906,0.0,0.0,0.0,0.0,0.0,0.0,0.0,0.0
19019,2023.0,5.0,13.0,1.0,18.069075,18.06223,16.895481,16.722569,17.858776,17.679424,17.651176,17.485468,17.193481,17.018875,17.290915,17.375874,18.68245,18.472433,17.910076,17.736292,16.580858,16.435991,0.0,0.0,0.0,0.0,4.0,0.0,0.0,0.0
19020,2023.0,5.0,13.0,2.0,18.023245,18.019278,16.865507,16.694841,17.810207,17.634624,17.60011,17.438385,17.73939,18.081982,17.035395,16.851198,18.644133,18.435585,17.860762,17.688753,16.568527,16.424252,0.0,0.0,0.0,4.0,0.0,0.0,0.0,0.0
19021,2023.0,5.0,13.0,2.0,17.978022,17.975042,16.83514,16.665234,17.762196,17.588411,17.549822,17.389986,17.330744,17.192495,16.92348,16.73101,18.60613,18.397781,17.812424,17.640865,17.261663,17.761593,0.0,0.0,0.0,0.0,0.0,0.0,0.0,4.0
19022,2023.0,5.0,13.0,2.0,17.93447,17.931824,16.804964,16.635412,17.715668,17.543032,17.501339,17.34265,16.961275,16.574093,16.870611,16.679117,18.569098,18.360592,17.765764,17.594236,16.75924,16.655867,0.0,0.0,0.0,0.0,0.0,0.0,0.0,0.0
19023,2023.0,5.0,13.0,2.0,17.892046,17.889215,17.25765,17.510098,17.67055,17.498533,17.454615,17.296455,16.806438,16.385983,16.819862,16.627945,18.533047,18.324097,17.720732,17.548895,16.400185,16.066978,4.0,0.0,0.0,0.0,0.0,0.0,0.0,0.0
19024,2023.0,5.0,13.0,2.0,17.850681,17.847591,16.967922,16.884811,17.626858,17.4552,17.409416,17.251572,16.954243,16.76977,16.773325,16.580723,18.49807,18.288584,17.677395,17.505148,16.266466,15.912338,0.0,0.0,0.0,0.0,0.0,0.0,0.0,0.0
19025,2023.0,5.0,13.0,2.0,17.811842,17.809952,16.819681,16.661697,17.586102,17.416246,17.367125,17.211197,17.539068,17.870575,16.731495,16.539799,18.46519,18.256214,17.636868,17.465403,16.383854,16.228025,0.0,0.0,0.0,4.0,0.0,0.0,0.0,0.0
19026,2023.0,5.0,13.0,3.0,17.773005,17.770851,16.760792,16.591835,17.545275,17.375809,17.32465,17.169245,17.142921,16.995855,16.690767,16.498678,18.4323,18.22292,17.596724,17.424978,16.387606,16.242043,0.0,0.0,0.0,0.0,0.0,0.0,0.0,0.0
19027,2023.0,5.0,13.0,3.0,17.735392,17.732626,16.719776,16.549631,17.505383,17.336021,17.283134,17.127886,16.776821,16.374193,16.651838,16.459349,18.400534,18.191093,17.557997,17.386108,16.356968,16.211245,0.0,0.0,0.0,0.0,0.0,0.0,0.0,0.0
19028,2023.0,5.0,13.0,3.0,17.6996,17.69691,16.684269,16.513756,17.46689,17.297762,17.243156,17.088171,16.641739,16.218288,16.615042,16.422514,18.370014,18.16088,17.52103,17.349447,16.32658,16.180893,0.0,0.0,0.0,0.0,0.0,0.0,0.0,0.0
19029,2023.0,5.0,13.0,3.0,17.670454,17.673845,16.653767,16.485779,17.431898,17.265442,17.206896,17.05469,16.810516,16.637703,16.581505,16.390821,18.34121,18.133469,17.486147,17.315922,16.2974,16.152735,0.0,0.0,0.0,0.0,0.0,0.0,0.0,0.0
19030,2023.0,5.0,13.0,3.0,17.64996,17.667374,16.62342,16.456535,17.396614,17.231514,17.170412,17.019608,16.814898,16.643116,16.865862,16.95485,18.312449,18.105555,17.451685,17.282278,16.268583,16.124454,0.0,0.0,0.0,0.0,4.0,0.0,0.0,0.0
19031,2023.0,5.0,13.0,3.0,17.622255,17.642162,16.595348,16.430565,17.363316,17.200684,17.136106,16.987822,17.375801,17.721088,16.63333,16.454206,18.284876,18.079565,17.418798,17.251005,16.241224,16.098333,0.0,0.0,0.0,4.0,0.0,0.0,0.0,0.0
19032,2023.0,5.0,13.0,4.0,17.590403,17.609219,16.56497,16.398745,17.327185,17.163418,17.099072,16.949545,17.62273,18.0509,16.538155,16.348206,18.255674,18.049934,17.384478,17.216177,16.21273,16.06922,0.0,0.0,0.0,4.0,0.0,0.0,0.0,0.0
19033,2023.0,5.0,13.0,4.0,17.562704,17.583559,16.540115,16.377172,17.296646,17.136606,17.067873,16.922129,16.849764,16.494297,16.503222,16.31668,18.229254,18.025517,17.353422,17.187254,16.908508,17.402172,0.0,0.0,0.0,0.0,0.0,0.0,0.0,4.0
19034,2023.0,5.0,13.0,4.0,17.531105,17.549662,16.510427,16.34549,17.261074,17.099106,17.031729,16.883934,16.57903,16.152864,16.464207,16.275536,18.199825,17.994802,17.319525,17.152098,17.230188,17.8412,0.0,0.0,0.0,0.0,0.0,0.0,0.0,4.0
19035,2023.0,5.0,13.0,4.0,17.50228,17.521383,16.484812,16.321674,17.229961,17.0699,17.000608,16.854511,16.49281,16.074722,16.43133,16.244095,18.172832,17.968683,17.288317,17.121792,17.078238,17.41689,0.0,0.0,0.0,0.0,0.0,0.0,0.0,4.0
19036,2023.0,5.0,13.0,4.0,17.474209,17.494907,16.459806,16.298794,17.19988,17.042166,16.970951,16.826841,16.642584,16.45172,16.68856,16.752583,18.146788,17.944101,17.258368,17.09343,16.360662,16.047688,0.0,0.0,0.0,0.0,4.0,0.0,0.0,0.0
19037,2023.0,5.0,13.0,4.0,17.442587,17.461355,16.43122,16.26828,17.165941,17.006245,16.937576,16.791174,16.667953,16.498407,16.817533,16.929861,18.118372,17.914461,17.226171,17.060051,16.115633,15.752717,0.0,0.0,0.0,0.0,4.0,0.0,0.0,0.0
19038,2023.0,5.0,13.0,5.0,17.414585,17.434668,16.407524,16.246721,17.136755,16.979477,16.908798,16.764587,16.642761,16.474453,16.522066,16.348837,18.092773,17.890148,17.196943,17.032127,16.025322,15.671661,0.0,0.0,0.0,0.0,0.0,0.0,0.0,0.0
19039,2023.0,5.0,13.0,5.0,17.38755,17.409557,16.384544,16.225977,17.108252,16.95362,16.880453,16.738792,16.616991,16.45071,16.707329,16.768602,18.804941,19.25867,18.17207,18.893076,16.140724,15.981591,0.0,0.0,0.0,0.0,4.0,4.0,4.0,0.0
19040,2023.0,5.0,13.0,5.0,18.105906,18.783005,16.36135,16.204317,17.079666,16.926609,16.851532,16.711586,16.590319,16.42537,16.820017,16.927172,18.33296,18.22365,17.319,17.038431,16.857584,17.33675,0.0,0.0,0.0,0.0,4.0,0.0,0.0,4.0
19041,2023.0,5.0,13.0,5.0,17.658945,17.784233,16.338495,16.182697,17.051651,16.89973,16.82299,16.68435,16.564322,16.400434,16.311928,15.928757,17.914404,17.48507,17.010603,16.628565,16.204905,15.928674,0.0,0.0,0.0,0.0,0.0,0.0,0.0,0.0
19042,2023.0,5.0,13.0,5.0,17.179049,16.936424,16.315895,16.161234,17.02377,16.87297,16.795021,16.657427,16.539637,16.376753,16.380598,16.197323,17.770653,17.307096,16.921265,16.542109,16.714315,17.037472,0.0,0.0,0.0,0.0,4.0,0.0,0.0,4.0
19043,2023.0,5.0,13.0,5.0,17.030914,16.757269,16.293571,16.140621,17.71798,18.201622,16.76777,16.631763,16.51626,16.354797,16.15951,15.77126,17.944883,17.730003,17.057514,16.888716,16.903492,17.25096,0.0,4.0,0.0,0.0,0.0,0.0,0.0,4.0
19044,2023.0,5.0,13.0,6.0,17.970007,18.619936,16.271292,16.120161,17.316427,17.305754,16.741106,16.60662,16.493624,16.333618,16.534077,16.593657,17.974112,17.778675,17.071028,16.913622,16.969126,17.316204,0.0,0.0,0.0,0.0,4.0,0.0,0.0,4.0
19045,2023.0,5.0,13.0,6.0,21.297491,24.244732,16.708971,16.95776,21.168833,24.103508,21.172058,24.424067,16.470816,16.311035,20.246672,22.970896,21.248714,23.40733,22.488703,25.981869,21.640821,25.250366,4.0,0.0,0.0,0.0,0.0,0.0,4.0,4.0
19046,2023.0,5.0,13.0,6.0,21.908379,24.66416,20.304306,23.111471,21.074234,23.419693,21.066097,23.673582,17.04703,17.413647,18.244024,18.561712,21.423283,23.406282,21.092258,23.32201,19.853624,21.619638,0.0,4.0,4.0,4.0,0.0,4.0,4.0,4.0
19047,2023.0,5.0,13.0,6.0,21.050076,23.01971,18.568527,19.225336,21.094215,23.168175,21.083061,23.394955,20.34143,22.997803,17.031425,16.873638,21.067837,22.580568,21.091936,23.06677,20.116867,21.958914,4.0,0.0,0.0,0.0,0.0,0.0,0.0,0.0
19048,2023.0,5.0,13.0,6.0,21.154228,23.063824,20.278872,22.61285,21.144428,23.04162,21.147154,23.265532,18.230843,18.43109,16.816545,16.63059,21.12103,22.502035,21.189297,23.037083,18.114368,17.935045,0.0,4.0,0.0,0.0,0.0,4.0,4.0,0.0
19049,2023.0,5.0,13.0,6.0,21.05279,22.742628,18.430855,18.668907,21.059164,22.726395,21.083138,22.957365,17.1854,17.03437,16.718754,16.53657,21.037163,22.217798,21.04144,22.600225,17.137213,16.73127,4.0,4.0,0.0,0.0,0.0,4.0,4.0,0.0
19050,2023.0,5.0,13.0,7.0,21.155277,22.86427,20.241632,22.372705,21.151789,22.810453,21.148281,22.996632,16.996447,16.831572,16.971914,17.083372,21.123484,22.32538,21.208729,22.837502,17.067457,16.880049,0.0,4.0,0.0,0.0,4.0,0.0,4.0,0.0
19051,2023.0,5.0,13.0,7.0,21.049784,22.587616,18.195389,18.10812,21.079782,22.607185,21.039848,22.688366,17.622705,18.092476,20.348488,22.845953,21.058249,22.121876,21.076237,22.520832,16.99205,16.828676,0.0,0.0,4.0,4.0,4.0,0.0,0.0,0.0
19052,2023.0,5.0,13.0,7.0,21.048914,22.537775,17.302376,17.124224,21.048841,22.46282,21.06795,22.71432,20.311163,22.600266,20.000446,21.848732,21.027903,21.987839,21.067865,22.43872,17.877134,18.619097,0.0,4.0,0.0,0.0,4.0,4.0,0.0,4.0
19053,2023.0,5.0,13.0,7.0,21.04751,22.495872,17.157595,16.992804,21.053108,22.425789,21.079073,22.655487,18.658747,18.980238,20.070057,21.71141,21.061848,22.039057,21.067348,22.383244,20.272734,22.551178,0.0,4.0,0.0,4.0,4.0,0.0,0.0,4.0
19054,2023.0,5.0,13.0,7.0,21.046865,22.46199,17.016949,16.849855,21.051483,22.387194,21.075842,22.58641,20.329506,22.195007,20.058096,21.497316,21.055418,21.990276,21.026764,22.231518,20.05003,21.861822,0.0,4.0,0.0,4.0,4.0,0.0,4.0,0.0
19055,2023.0,5.0,13.0,7.0,21.072266,22.503536,17.35102,17.57237,21.075706,22.425465,21.057123,22.53454,20.013487,21.439379,20.07286,21.4039,21.055151,21.959335,21.073074,22.324902,18.080389,17.874424,4.0,0.0,0.0,4.0,0.0,0.0,0.0,0.0
19056,2023.0,5.0,13.0,8.0,21.162634,22.652527,20.2974,22.682974,21.16284,22.56844,21.178823,22.761349,20.074783,21.44357,18.727234,18.6997,21.151325,22.15639,21.250887,22.624107,17.150131,16.751911,0.0,0.0,0.0,0.0,4.0,0.0,4.0,0.0
19057,2023.0,5.0,13.0,8.0,19.488409,19.404272,18.472229,18.779926,19.909166,20.100042,19.611982,19.725065,18.434298,18.180376,20.30456,21.800072,19.992353,19.914625,19.432394,19.132336,16.899216,16.507408,0.0,4.0,0.0,0.0,0.0,0.0,0.0,0.0
19058,2023.0,5.0,13.0,8.0,18.882734,18.85118,17.802788,18.069193,18.709465,18.272202,18.727339,18.588873,18.252708,18.399792,18.52989,18.306086,20.184963,20.639137,18.61079,18.15766,16.930674,16.742619,4.0,0.0,0.0,4.0,0.0,4.0,0.0,0.0
19059,2023.0,5.0,13.0,8.0,18.719418,18.700083,20.27463,22.436676,18.27378,17.724674,18.448698,18.266329,20.27861,21.976025,18.017784,17.740004,19.952906,20.12544,18.348152,17.883873,16.904144,16.749666,0.0,0.0,0.0,0.0,0.0,4.0,0.0,0.0
19060,2023.0,5.0,13.0,8.0,18.523458,18.497322,18.282648,18.26761,18.285875,18.025297,18.225748,18.047548,18.471558,18.270773,17.870934,17.637838,19.156954,18.750797,18.130537,17.679802,16.822186,16.67474,0.0,0.0,0.0,0.0,0.0,0.0,0.0,0.0
19061,2023.0,5.0,13.0,8.0,18.389868,18.360374,17.322983,16.808146,18.230167,18.028095,18.067873,17.884909,17.753225,17.270123,17.718222,17.485912,19.558382,19.713987,18.203346,17.986116,16.753313,16.606476,0.0,0.0,0.0,0.0,0.0,4.0,0.0,0.0
19062,2023.0,5.0,13.0,9.0,18.284992,18.273422,17.325901,17.069872,18.108835,17.914848,17.930378,17.752636,17.753637,17.511372,17.584322,17.358963,18.920519,18.46959,18.153254,17.967321,16.689701,16.545631,0.0,0.0,0.0,0.0,0.0,0.0,0.0,0.0
19063,2023.0,5.0,13.0,9.0,18.180054,18.168142,17.259085,17.060942,17.990631,17.793638,17.801723,17.619623,17.673243,17.466322,17.460846,17.23268,18.620623,18.09476,18.061855,17.878618,16.630547,16.486187,0.0,0.0,0.0,0.0,0.0,0.0,0.0,0.0
19064,2023.0,5.0,13.0,9.0,18.840767,19.497046,17.15983,16.979063,17.899319,17.717344,17.704815,17.538157,18.306519,18.766115,17.368773,17.155674,18.505054,17.999182,17.983728,17.810602,16.583757,16.445456,0.0,0.0,0.0,4.0,0.0,0.0,0.0,0.0
19065,2023.0,5.0,13.0,9.0,18.35153,18.484207,17.06455,16.890501,17.810106,17.635471,17.610884,17.451345,20.254791,22.097282,17.281149,17.074562,18.646852,18.395203,17.908916,17.741087,16.539734,16.404367,0.0,0.0,0.0,0.0,0.0,0.0,0.0,0.0
19066,2023.0,5.0,13.0,9.0,17.74584,17.511618,16.964642,16.797354,17.71553,17.548014,17.511835,17.359241,18.411236,18.259157,17.558933,17.680412,18.674574,18.468803,17.83053,17.667212,16.494345,16.361483,0.0,0.0,0.0,0.0,4.0,0.0,0.0,0.0
19067,2023.0,5.0,13.0,9.0,17.558094,17.2828,17.339573,17.562916,17.642365,17.478899,17.435625,17.286774,17.696764,17.24547,20.274927,22.397022,18.63081,18.432901,17.769732,17.608757,16.459023,16.327333,4.0,0.0,0.0,0.0,0.0,0.0,0.0,0.0
19068,2023.0,5.0,13.0,10.0,17.69405,17.670122,20.29081,22.68602,17.565872,17.409058,17.356733,17.21394,17.656145,17.426464,18.618328,18.832285,18.576233,18.383097,17.706669,17.549524,16.422785,16.293425,0.0,0.0,0.0,0.0,0.0,0.0,0.0,0.0
19069,2023.0,5.0,13.0,10.0,17.725344,17.747541,18.520573,18.882032,17.493414,17.340166,17.282534,17.14293,17.595987,17.403574,17.629814,17.4592,19.298431,19.800097,17.647324,17.49186,16.388083,16.259235,0.0,0.0,0.0,0.0,0.0,4.0,0.0,0.0
19070,2023.0,5.0,13.0,10.0,17.68283,17.710365,17.642117,17.518095,17.435492,17.28398,17.223536,17.085299,17.50405,17.317066,17.439587,17.234217,18.54696,18.20782,17.599503,17.444561,16.35957,16.230516,0.0,0.0,0.0,0.0,0.0,0.0,0.0,0.0
19071,2023.0,5.0,13.0,10.0,17.631615,17.658072,17.384663,17.203787,17.376188,17.22294,17.162897,17.022638,17.410116,17.221294,17.336527,17.124804,18.224886,17.747686,17.551542,17.395088,16.330692,16.200172,0.0,0.0,0.0,0.0,0.0,0.0,0.0,0.0
19072,2023.0,5.0,13.0,10.0,18.35014,19.051458,17.253769,17.091593,17.329744,17.183756,17.115528,16.982485,17.339033,17.159725,17.260345,17.059145,18.380365,18.150845,17.512222,17.359652,16.30705,16.17859,0.0,0.0,0.0,0.0,0.0,0.0,0.0,0.0
19073,2023.0,5.0,13.0,10.0,17.645195,17.559141,17.138262,16.978117,17.281889,17.138992,17.066853,16.936726,18.009474,18.486435,17.187054,16.98886,18.405064,18.21254,17.47307,17.321886,16.28333,16.155363,0.0,0.0,0.0,4.0,0.0,0.0,0.0,0.0
19074,2023.0,5.0,13.0,11.0,17.320719,17.085089,17.040915,16.883875,17.236696,17.09686,17.020948,16.893745,20.277426,22.377235,17.12108,16.925861,18.377583,18.189835,17.436434,17.286604,16.261122,16.133644,0.0,0.0,0.0,0.0,0.0,0.0,0.0,0.0
19075,2023.0,5.0,13.0,11.0,17.907959,18.288977,16.943554,16.791483,17.189964,17.054153,16.973438,16.85018,18.309338,18.215103,17.052673,16.861609,18.344723,18.159912,17.398829,17.250854,16.238718,16.112406,0.0,0.0,0.0,0.0,0.0,0.0,0.0,0.0
19076,2023.0,5.0,13.0,11.0,18.089222,18.529085,16.871038,16.720045,17.862038,18.351692,16.933668,16.81304,17.56094,17.125229,17.000074,16.810251,18.31665,18.133516,17.367283,17.22028,17.184088,17.91404,0.0,4.0,0.0,0.0,0.0,0.0,0.0,4.0
19077,2023.0,5.0,13.0,11.0,17.50392,17.403086,16.806036,16.660055,18.07776,18.62187,16.896454,16.779661,17.565828,17.337622,16.952402,16.766024,18.290604,18.109802,17.338034,17.19281,20.290678,23.147322,0.0,4.0,0.0,0.0,0.0,0.0,0.0,0.0
19078,2023.0,5.0,13.0,11.0,17.880745,18.282778,16.738283,16.597322,17.892618,18.17709,17.561909,18.062143,17.523815,17.337086,16.903,16.720001,18.263998,18.085308,17.308613,17.165152,17.838467,17.885195,0.0,4.0,4.0,0.0,0.0,0.0,0.0,0.0
19079,2023.0,5.0,13.0,11.0,17.38473,17.26512,16.684502,16.545248,17.221748,16.936739,17.157112,17.161808,17.442585,17.26112,16.864407,16.681993,18.242235,18.064434,17.28456,17.14171,16.974361,16.620174,0.0,0.0,0.0,0.0,0.0,0.0,0.0,0.0
19080,2023.0,5.0,13.0,12.0,17.155231,16.940817,16.635288,16.500383,17.6536,17.874907,16.718086,16.392132,17.3674,17.190239,16.830872,16.65022,18.222967,18.046328,17.262821,17.120953,16.941599,16.764551,0.0,4.0,0.0,0.0,0.0,0.0,0.0,0.0
19081,2023.0,5.0,13.0,12.0,21.201223,24.118753,16.592993,16.464886,21.216917,24.015007,21.222458,24.362076,17.30538,17.13302,16.804634,16.627438,22.166847,24.779797,21.475338,24.425455,16.870083,16.716913,0.0,0.0,4.0,0.0,0.0,0.0,0.0,0.0
19082,2023.0,5.0,13.0,12.0,21.004965,23.32407,17.007215,17.283033,21.004438,23.177563,21.008184,23.453651,17.245075,17.077288,16.780678,16.60653,20.925388,22.365238,21.007578,23.216288,16.779032,16.63144,4.0,4.0,4.0,0.0,0.0,0.0,0.0,0.0
19083,2023.0,5.0,13.0,12.0,21.154413,23.365833,20.31333,22.951601,21.153915,23.215343,21.154324,23.450594,17.19745,17.033314,16.763454,16.591429,21.144583,22.628153,21.176207,23.26371,16.708895,16.565989,4.0,4.0,0.0,0.0,0.0,0.0,0.0,0.0
19084,2023.0,5.0,13.0,12.0,21.05707,22.999489,20.02573,22.018883,21.078585,22.907242,21.078161,23.084232,17.162758,17.001678,16.75677,16.586414,21.039835,22.283745,21.015991,22.711666,16.657103,16.517775,0.0,0.0,0.0,0.0,0.0,0.0,4.0,0.0
19085,2023.0,5.0,13.0,12.0,21.058325,22.88462,18.163252,18.200823,21.073812,22.769903,21.079386,22.937382,17.13919,16.98206,16.758095,16.58969,21.04171,22.187502,21.075397,22.69417,16.620373,16.485651,0.0,0.0,0.0,0.0,0.0,0.0,0.0,0.0
19086,2023.0,5.0,13.0,13.0,21.056936,22.79628,17.323273,17.224556,21.071882,22.670958,21.061153,22.82419,17.912174,18.462036,16.761671,16.595182,21.039545,22.10678,21.06265,22.544073,16.592197,16.460562,0.0,0.0,0.0,4.0,0.0,0.0,0.0,0.0
19087,2023.0,5.0,13.0,13.0,21.055523,22.729378,17.608465,17.90005,21.055346,22.596468,21.062262,22.765968,20.27602,22.39406,16.765121,16.599226,21.038527,22.045502,21.062305,22.447725,16.57105,16.441875,4.0,0.0,0.0,0.0,0.0,0.0,0.0,0.0
19088,2023.0,5.0,13.0,13.0,21.174177,22.916283,20.283154,22.5673,21.179237,22.80839,21.168076,22.93012,18.365463,18.32052,16.76954,16.604376,21.151678,22.225103,21.21724,22.708223,16.55468,16.427347,0.0,0.0,0.0,0.0,0.0,0.0,0.0,0.0
19089,2023.0,5.0,13.0,13.0,21.05291,22.630909,18.887337,19.522768,21.030088,22.457838,21.059626,22.672144,17.440351,17.099482,16.777424,16.612247,21.036013,21.952967,21.048414,22.324049,16.542482,16.416834,4.0,4.0,0.0,0.0,0.0,0.0,0.0,0.0
19090,2023.0,5.0,13.0,13.0,21.22472,22.92494,20.256197,22.23897,21.059566,22.517792,21.058962,22.640112,17.43149,17.251205,16.78666,16.622572,21.158594,22.167988,21.047607,22.288893,16.533464,16.409376,0.0,0.0,0.0,0.0,0.0,0.0,0.0,0.0
19091,2023.0,5.0,13.0,13.0,21.057037,22.584925,18.445913,18.51146,21.067497,22.483492,21.05812,22.612383,17.438044,17.277863,16.79771,16.634016,21.03434,21.890768,21.046814,22.258642,16.526785,16.40421,0.0,0.0,0.0,0.0,0.0,0.0,0.0,0.0
19092,2023.0,5.0,13.0,14.0,21.084934,22.561441,17.564783,17.460636,21.089504,22.45468,21.11719,22.701576,17.393639,17.234549,16.8081,16.646336,21.017296,21.808466,21.02819,22.155294,16.521713,16.400541,0.0,4.0,0.0,0.0,0.0,4.0,4.0,0.0
19093,2023.0,5.0,13.0,14.0,20.051373,20.546246,17.4039,17.323458,20.005564,20.349777,19.664152,19.873796,17.359447,17.205257,16.81422,16.651852,20.526735,20.84229,20.419542,20.962776,16.51774,16.397715,0.0,4.0,0.0,0.0,0.0,4.0,4.0,0.0
19094,2023.0,5.0,13.0,14.0,19.718573,20.151716,17.282755,17.197416,18.986637,18.678173,18.958971,18.878965,17.333029,17.179405,16.818863,16.65698,19.6305,19.222977,20.25843,20.771473,16.51462,16.395386,0.0,0.0,0.0,0.0,0.0,0.0,4.0,0.0
19095,2023.0,5.0,13.0,14.0,18.983805,18.910215,17.180368,17.099184,18.580982,18.20239,18.674786,18.583307,17.30841,17.156769,16.821524,16.660065,19.335133,18.888386,19.23954,18.920134,16.509935,16.391632,0.0,0.0,0.0,0.0,0.0,0.0,0.0,0.0
19096,2023.0,5.0,13.0,14.0,18.59534,18.41789,17.559484,17.888557,18.353338,17.981518,18.461267,18.36853,17.28482,17.134459,16.822578,16.661728,19.955156,20.19472,18.835917,18.44974,16.503374,16.385792,4.0,0.0,0.0,0.0,0.0,4.0,0.0,0.0
19097,2023.0,5.0,13.0,14.0,19.077517,19.499725,20.260267,22.574062,19.052256,19.484856,18.292398,18.206604,17.262682,17.114262,16.822735,16.66284,19.356062,18.998383,18.65396,18.283587,16.49572,16.379017,4.0,4.0,0.0,0.0,0.0,0.0,0.0,0.0
19098,2023.0,5.0,13.0,15.0,19.209234,19.699028,20.015469,21.786879,18.529068,18.374794,18.119026,18.037853,17.99565,18.518402,16.82546,16.666359,19.026978,18.613424,18.481552,18.123117,17.446346,18.182837,4.0,0.0,0.0,4.0,0.0,0.0,0.0,4.0
19099,2023.0,5.0,13.0,15.0,19.15461,19.645401,20.074072,21.725018,18.677435,18.927689,17.970366,17.892534,20.276026,22.328436,16.828856,16.67015,19.660194,19.914215,18.492899,18.300463,20.315847,22.933115,0.0,4.0,0.0,0.0,0.0,4.0,0.0,0.0
19100,2023.0,5.0,13.0,15.0,19.110922,19.612593,18.802824,19.125895,18.792284,19.104883,17.842705,17.76651,18.474167,18.492376,16.832363,16.674067,19.917088,20.237825,18.451078,18.284853,18.095827,18.198538,4.0,4.0,0.0,0.0,0.0,4.0,0.0,0.0
19101,2023.0,5.0,13.0,15.0,19.076345,19.574665,20.205845,21.81836,18.771828,19.090906,18.438072,18.962145,18.468035,18.742643,16.835503,16.678034,19.949116,20.27451,18.380621,18.2197,17.308388,17.037477,4.0,4.0,4.0,4.0,0.0,4.0,0.0,0.0
19102,2023.0,5.0,13.0,15.0,18.431059,18.406742,20.026371,21.367683,18.740473,19.065456,18.077824,18.145958,20.213049,21.808172,16.838062,16.681229,19.222055,18.888845,18.302889,18.1465,17.187878,17.032457,4.0,4.0,0.0,0.0,0.0,0.0,0.0,0.0
19103,2023.0,5.0,13.0,15.0,18.060837,17.94208,20.049383,21.34643,18.096996,17.896027,17.547361,17.323317,19.23122,19.662558,17.239704,17.435448,18.895967,18.499668,18.230902,18.077526,17.103254,16.96452,4.0,0.0,0.0,4.0,4.0,0.0,0.0,0.0
19104,2023.0,5.0,13.0,16.0,18.603241,19.082325,20.062824,21.336815,18.384418,18.6533,17.33091,17.067196,20.306267,21.854872,20.262642,22.606329,19.548096,19.823633,18.16609,18.015755,17.01101,16.875706,0.0,4.0,0.0,0.0,4.0,4.0,0.0,0.0
19105,2023.0,5.0,13.0,16.0,18.206062,18.211836,19.009274,19.251259,18.56541,18.906614,17.382532,17.27686,18.740032,18.656923,20.015707,21.796352,19.066784,18.743246,18.106752,17.958544,16.931942,16.798468,4.0,4.0,0.0,0.0,0.0,0.0,0.0,0.0
19106,2023.0,5.0,13.0,16.0,18.559519,19.06427,20.192049,21.68998,18.563072,18.90632,17.386593,17.315893,17.966036,17.64554,18.382296,18.387043,18.767006,18.38054,18.052439,17.906305,16.865017,16.733814,4.0,4.0,0.0,0.0,0.0,0.0,0.0,0.0
19107,2023.0,5.0,13.0,16.0,18.112131,18.105513,20.041025,21.304745,18.551516,18.895645,17.336012,17.269722,18.62673,19.097538,17.463076,17.130388,18.681673,18.297089,19.055647,19.847975,16.80659,16.677404,0.0,4.0,0.0,4.0,0.0,0.0,4.0,0.0
19108,2023.0,5.0,13.0,16.0,18.474567,18.975574,19.017887,19.263712,18.54007,18.885223,17.983004,18.530077,20.168898,21.622986,17.39002,17.188982,18.78843,18.583723,18.367836,18.220858,17.693527,18.398949,4.0,4.0,4.0,4.0,0.0,0.0,0.0,4.0
19109,2023.0,5.0,13.0,16.0,18.040085,18.03534,20.193115,21.692995,18.528566,18.874697,18.260647,18.855091,20.009571,21.160645,17.371725,17.201471,18.819878,18.6464,17.90599,17.621176,20.287413,22.714254,0.0,4.0,4.0,4.0,0.0,0.0,0.0,0.0
19110,2023.0,5.0,13.0,17.0,18.419811,18.930996,19.054403,19.334917,18.516373,18.86251,18.123106,18.52034,20.027954,21.100832,17.307999,17.144745,18.791498,18.624361,17.770098,17.472939,18.186214,18.270905,4.0,4.0,4.0,4.0,0.0,0.0,0.0,0.0
19111,2023.0,5.0,13.0,17.0,17.986223,17.980448,20.214972,21.69472,18.500973,18.844103,17.488657,17.363268,20.024807,21.02846,17.241526,17.078623,19.53841,20.075413,17.688992,17.391024,17.177324,16.94155,4.0,4.0,0.0,4.0,0.0,4.0,0.0,0.0
19112,2023.0,5.0,13.0,17.0,18.365105,18.874352,20.0376,21.265104,18.484789,18.824493,17.13659,16.891819,20.054737,21.063665,17.181206,17.019547,18.939157,18.711487,17.761427,17.604767,17.990421,18.680538,0.0,4.0,0.0,0.0,0.0,0.0,0.0,4.0
19113,2023.0,5.0,13.0,17.0,17.945599,17.94903,18.715084,18.675968,17.89818,17.74574,17.007814,16.746683,18.846775,18.7018,17.128902,16.9706,18.555738,18.200384,17.775724,17.639532,20.286116,22.513735,0.0,0.0,0.0,0.0,0.0,0.0,0.0,0.0
19114,2023.0,5.0,13.0,17.0,18.317507,18.8199,18.096851,18.001759,18.175735,18.459309,17.594313,17.909155,18.81547,19.052923,17.078712,16.92311,18.441181,18.072062,17.743374,17.611586,18.269352,18.308039,0.0,4.0,4.0,4.0,0.0,0.0,0.0,0.0
19115,2023.0,5.0,13.0,17.0,17.835299,17.827782,18.377028,18.658548,18.30248,18.641895,17.786417,18.161892,20.176355,21.50316,17.411982,17.586752,18.55507,18.363632,17.707489,17.577484,17.524403,17.229218,4.0,4.0,4.0,0.0,4.0,0.0,0.0,0.0
19116,2023.0,5.0,13.0,18.0,18.219862,18.717522,20.222462,21.900347,18.311127,18.64416,17.82986,18.195457,18.769773,18.644659,20.301437,22.496397,18.588537,18.427969,17.668383,17.54063,17.387983,17.229017,4.0,4.0,4.0,0.0,4.0,0.0,0.0,0.0
19117,2023.0,5.0,13.0,18.0,21.323877,24.001598,20.038597,21.384232,21.326849,23.891113,21.354092,24.294296,17.990742,17.627728,20.018461,21.738178,21.27942,23.159689,21.522352,24.26911,17.270258,17.127186,0.0,4.0,4.0,0.0,0.0,0.0,0.0,0.0
19118,2023.0,5.0,13.0,18.0,21.009333,23.054733,18.624321,18.567863,21.011236,22.953531,21.01108,23.236,17.93237,17.747358,18.647005,18.84287,21.018715,22.492395,20.973734,22.922598,17.146044,17.007435,0.0,4.0,4.0,0.0,4.0,0.0,4.0,0.0
19119,2023.0,5.0,13.0,18.0,21.053167,22.92651,18.16681,18.169376,21.05766,22.835146,21.065517,23.08892,17.880054,17.719633,20.291718,22.020168,21.017523,22.300068,21.081934,22.90439,17.041946,16.907362,4.0,4.0,4.0,0.0,0.0,4.0,0.0,0.0
19120,2023.0,5.0,13.0,18.0,21.071964,22.836367,20.23066,21.926855,21.074436,22.742905,21.056421,22.89619,18.552263,19.086643,18.522411,18.443644,21.030573,22.188423,21.02593,22.583965,16.953804,16.82386,0.0,0.0,4.0,4.0,0.0,4.0,4.0,0.0
19121,2023.0,5.0,13.0,18.0,21.03991,22.641329,18.619518,18.587759,21.044327,22.553555,21.055725,22.7697,20.182993,21.749119,17.751154,17.580748,21.057392,22.1647,21.033363,22.477173,16.876612,16.750866,0.0,4.0,4.0,4.0,0.0,0.0,4.0,0.0
19122,2023.0,5.0,13.0,19.0,21.070198,22.641659,18.362188,18.643925,21.047823,22.482876,21.05348,22.672895,20.039118,21.306017,17.992914,18.176294,21.05104,22.074541,21.030733,22.386866,16.806332,16.683561,4.0,4.0,4.0,0.0,4.0,0.0,4.0,0.0
19123,2023.0,5.0,13.0,19.0,21.037228,22.490662,20.237028,21.94221,21.047049,22.423275,21.077778,22.66973,18.585276,18.384333,20.327715,22.113354,21.051413,22.017069,21.030432,22.324053,16.744339,16.626266,0.0,4.0,0.0,0.0,4.0,0.0,4.0,0.0
19124,2023.0,5.0,13.0,19.0,21.069113,22.52724,18.844913,19.052027,21.046446,22.376534,21.071686,22.594671,17.815207,17.42226,20.036266,21.444403,21.03746,21.972122,21.069374,22.381384,17.702671,18.497803,0.0,4.0,0.0,0.0,0.0,0.0,0.0,4.0
19125,2023.0,5.0,13.0,19.0,21.062464,22.472143,17.999876,17.908367,21.070906,22.40766,21.046461,22.472492,17.791899,17.605917,18.760998,18.832884,21.03878,21.959248,21.06113,22.317564,20.309109,22.789322,0.0,0.0,4.0,0.0,4.0,0.0,0.0,0.0
19126,2023.0,5.0,13.0,19.0,21.03597,22.364914,18.194063,18.436983,21.0402,22.289978,21.050694,22.443298,17.748009,17.590086,20.299093,21.831673,21.008585,21.867933,21.061405,22.278206,18.691547,19.220884,4.0,4.0,4.0,0.0,0.0,4.0,0.0,4.0
19127,2023.0,5.0,13.0,19.0,21.040976,22.352602,20.252287,22.050425,21.070484,22.343239,21.074549,22.479385,18.42124,18.960514,18.546099,18.35992,21.057629,21.954878,21.021475,22.139902,20.303377,22.42057,0.0,0.0,0.0,4.0,0.0,0.0,4.0,0.0
19128,2023.0,5.0,13.0,20.0,21.067049,22.40577,18.515656,18.443626,21.064367,22.302837,21.06899,22.435495,20.203674,21.87352,17.826355,17.627522,21.02041,21.83334,21.068748,22.24591,18.202255,18.087317,0.0,0.0,0.0,4.0,0.0,4.0,0.0,0.0
19129,2023.0,5.0,13.0,20.0,21.032278,22.293747,17.462122,16.99184,21.03759,22.205753,21.068151,22.405409,20.00642,21.284285,18.087055,18.265656,21.025715,21.82933,21.058723,22.205286,17.20214,16.847282,0.0,4.0,0.0,4.0,4.0,4.0,0.0,0.0
19130,2023.0,5.0,13.0,20.0,21.039652,22.291574,17.918404,18.084726,21.044037,22.203054,21.051855,22.382063,20.207712,21.547266,20.317923,22.041624,21.055336,21.895323,21.060453,22.188404,17.14853,16.998886,4.0,4.0,0.0,4.0,0.0,0.0,0.0,0.0
19131,2023.0,5.0,13.0,20.0,21.038755,22.276247,20.225435,22.126865,21.068592,22.259726,21.028563,22.317213,20.061888,21.179026,19.048725,19.443888,21.020004,21.787104,21.046331,22.169546,17.082952,16.95458,4.0,0.0,4.0,0.0,4.0,4.0,0.0,0.0
19132,2023.0,5.0,13.0,20.0,21.170584,22.546835,20.13876,21.708904,21.169827,22.444633,21.239328,22.742617,18.618011,18.329556,20.253939,21.855053,21.135494,22.027508,21.23533,22.550085,16.972242,16.848051,0.0,0.0,4.0,0.0,0.0,0.0,0.0,0.0
19133,2023.0,5.0,13.0,20.0,21.032948,22.22992,18.785376,18.916903,21.037718,22.140982,21.074139,22.393808,18.569628,18.757942,18.509947,18.312117,21.04933,21.836334,21.047104,22.168053,16.876394,16.75671,4.0,4.0,0.0,4.0,0.0,0.0,0.0,0.0
19134,2023.0,5.0,13.0,21.0,21.06557,22.304813,20.210524,21.807165,21.042994,22.14362,21.067184,22.351763,20.223751,21.552843,17.88748,17.726582,21.019745,21.744324,21.047525,22.167454,16.792927,16.67661,0.0,4.0,0.0,4.0,4.0,4.0,0.0,0.0
19135,2023.0,5.0,13.0,21.0,21.059078,22.274931,18.531445,18.361012,21.04254,22.13591,21.04275,22.25909,20.012232,21.063614,20.328436,22.004763,21.024702,21.750051,21.047344,22.163519,16.713545,16.591589,0.0,4.0,4.0,4.0,4.0,4.0,0.0,0.0
19136,2023.0,5.0,13.0,21.0,21.031904,22.184175,18.31471,18.534306,21.042524,22.128307,21.072874,22.323357,20.064634,21.112507,20.032799,21.338419,21.02446,21.745836,21.047348,22.158615,16.641438,16.515732,4.0,4.0,0.0,0.0,0.0,4.0,0.0,0.0
19137,2023.0,5.0,13.0,21.0,21.037928,22.188103,20.238523,21.910315,21.06816,22.190481,21.066965,22.29282,19.23395,19.417942,18.731117,18.69218,21.05512,21.820534,21.047176,22.152786,16.579832,16.453009,0.0,0.0,0.0,4.0,4.0,0.0,0.0,0.0
19138,2023.0,5.0,13.0,21.0,21.064875,22.255032,18.82698,18.983498,21.062897,22.164272,21.067678,22.276512,20.219799,21.374191,20.30032,21.761269,21.04994,21.795082,21.047155,22.147024,16.52206,16.391994,0.0,0.0,0.0,0.0,4.0,0.0,0.0,0.0
19139,2023.0,5.0,13.0,21.0,21.032078,22.155935,17.968351,17.820091,21.063353,22.149176,21.049204,22.259771,19.250044,19.406195,20.041267,21.20951,21.05043,21.781702,21.047165,22.141216,16.469572,16.336784,0.0,0.0,0.0,4.0,0.0,0.0,0.0,0.0
19140,2023.0,5.0,13.0,22.0,21.065506,22.234459,17.723774,17.530571,21.045012,22.134365,21.051542,22.27404,20.23099,21.361485,18.493414,18.151917,21.020153,21.690563,21.047178,22.135485,16.42145,16.286179,0.0,0.0,0.0,0.0,0.0,4.0,0.0,0.0
19141,2023.0,5.0,13.0,22.0,21.058407,22.207806,17.579294,17.384512,21.04697,22.15008,21.050943,22.278423,18.69569,18.36118,17.906223,17.665373,21.055141,21.77869,21.046675,22.129623,16.383095,16.251585,0.0,0.0,0.0,0.0,0.0,0.0,0.0,0.0
19142,2023.0,5.0,13.0,22.0,21.029123,22.119324,17.461613,17.266,21.045664,22.15473,21.049974,22.279922,17.89484,17.397062,17.791965,17.589632,21.047758,21.755959,21.045612,22.12335,16.350588,16.222595,0.0,0.0,0.0,0.0,0.0,0.0,0.0,0.0
19143,2023.0,5.0,13.0,22.0,21.065807,22.21008,17.36928,17.18181,21.045612,22.15787,21.022976,22.208218,17.959898,17.784277,17.640474,17.45168,21.048258,21.748955,21.045538,22.118626,16.322176,16.19793,0.0,0.0,4.0,0.0,0.0,0.0,0.0,0.0
19144,2023.0,5.0,13.0,22.0,21.057367,22.188805,17.29364,17.118505,21.04623,22.161388,21.073755,22.299665,18.560514,18.986267,17.512562,17.342384,21.033314,21.743713,21.046043,22.116512,16.298372,16.179388,0.0,0.0,0.0,4.0,0.0,0.0,0.0,0.0
19145,2023.0,5.0,13.0,22.0,21.057158,22.180944,17.225487,17.059671,21.045341,22.159487,21.0644,22.257277,20.180067,21.691483,17.393393,17.228546,21.034487,21.760773,21.045162,22.110838,16.276428,16.1618,0.0,0.0,0.0,4.0,0.0,0.0,0.0,0.0
19146,2023.0,5.0,13.0,23.0,21.081245,22.250856,17.159235,16.995905,21.09023,22.245035,21.09626,22.33212,20.13019,21.385876,17.27996,17.113876,21.068037,21.836105,21.091204,22.195892,16.255804,16.144623,0.0,0.0,0.0,0.0,0.0,0.0,0.0,0.0
19147,2023.0,5.0,13.0,23.0,20.029394,20.234524,17.107048,16.953083,19.957977,20.054657,19.87591,19.984692,18.59966,18.341175,17.192318,17.03663,20.168999,20.102137,19.894733,19.875278,16.235842,16.126583,0.0,0.0,0.0,0.0,0.0,0.0,0.0,0.0
19148,2023.0,5.0,13.0,23.0,19.522722,19.530111,17.058844,16.905901,19.372662,19.211267,19.25983,19.116386,17.991564,17.531347,17.116259,16.959017,19.80613,19.6245,19.404325,19.24224,16.941633,17.47216,0.0,0.0,0.0,0.0,0.0,0.0,0.0,4.0
19149,2023.0,5.0,13.0,23.0,19.297789,19.296288,17.013514,16.863306,19.126158,18.947115,18.99511,18.837795,18.034922,17.84018,17.04595,16.889864,20.41081,20.91946,19.180243,19.021524,16.46698,16.389694,0.0,0.0,0.0,0.0,0.0,4.0,0.0,0.0
19150,2023.0,5.0,13.0,23.0,19.128439,19.129868,16.971258,16.823868,18.947584,18.770882,18.799576,18.64529,17.980076,17.831604,16.981373,16.826698,19.493027,19.086882,19.000992,18.849512,16.12494,15.838234,0.0,0.0,0.0,0.0,0.0,0.0,0.0,0.0
19151,2023.0,5.0,13.0,23.0,18.976082,18.971544,16.928299,16.78085,18.78802,18.604843,18.624708,18.463358,17.866423,17.714,17.236864,17.360981,19.097275,18.580404,18.839346,18.686552,16.003904,15.695956,0.0,0.0,0.0,0.0,4.0,0.0,0.0,0.0
19152,2023.0,5.0,14.0,0.0,18.851782,18.851292,16.89006,16.744942,18.657816,18.478731,18.482365,18.325275,17.765234,17.614157,17.308338,17.450434,18.942774,18.436356,18.700375,18.547113,16.127798,16.012304,0.0,0.0,0.0,0.0,4.0,0.0,0.0,0.0
19153,2023.0,5.0,14.0,0.0,18.74268,18.747417,16.854387,16.711723,18.543957,18.370958,18.358559,18.207735,17.673923,17.525139,16.990437,16.8478,19.11551,18.923115,18.578342,18.427893,16.131178,16.021246,0.0,0.0,0.0,0.0,0.0,0.0,0.0,0.0
19154,2023.0,5.0,14.0,0.0,18.639717,18.64501,16.818655,16.676517,18.436363,18.26439,18.242203,18.09197,17.587334,17.437658,17.18602,17.31137,19.08565,18.905424,18.464794,18.313555,16.109848,16.000067,0.0,0.0,0.0,0.0,4.0,0.0,0.0,0.0
19155,2023.0,5.0,14.0,0.0,18.550081,18.56005,16.785948,16.64592,18.342817,18.176264,18.141445,17.996567,17.51054,17.362776,16.919243,16.775274,19.016083,18.838274,18.364544,18.215624,16.086527,15.976948,0.0,0.0,0.0,0.0,0.0,0.0,0.0,0.0
19156,2023.0,5.0,14.0,0.0,18.464315,18.47491,16.75296,16.613356,18.253284,18.087894,18.045322,17.901182,17.43731,17.288815,17.12187,17.247612,18.947458,18.768995,18.270115,18.120556,16.061892,15.951817,0.0,0.0,0.0,0.0,4.0,0.0,0.0,0.0
19157,2023.0,5.0,14.0,0.0,18.390287,18.406586,16.723331,16.586342,18.176186,18.01734,17.962845,17.825256,17.373192,17.22764,16.613792,16.225756,18.88599,18.710232,18.18738,18.041304,16.038609,15.929227,0.0,0.0,0.0,0.0,0.0,0.0,0.0,0.0
19158,2023.0,5.0,14.0,1.0,18.315231,18.330368,16.691782,16.554388,18.098047,17.938576,17.879488,17.740742,17.30906,17.16162,16.70874,16.56576,18.824402,18.646858,18.105743,17.957644,16.014029,15.903744,0.0,0.0,0.0,0.0,4.0,0.0,0.0,0.0
19159,2023.0,5.0,14.0,1.0,18.250233,18.269258,16.663002,16.527431,18.030506,17.875727,17.807627,17.673536,17.842747,18.216324,16.435596,16.046436,18.770039,18.594017,18.033981,17.887978,15.990981,15.880933,0.0,0.0,0.0,4.0,0.0,0.0,0.0,0.0
19160,2023.0,5.0,14.0,1.0,18.188066,18.209229,16.634012,16.4995,17.965765,17.813904,17.738848,17.607555,17.427235,17.32456,16.518663,16.344694,19.452627,19.93146,17.966091,17.821112,15.967952,15.857841,0.0,0.0,0.0,0.0,0.0,4.0,0.0,0.0
19161,2023.0,5.0,14.0,1.0,18.129368,18.15183,16.605211,16.471527,17.904469,17.754787,17.673674,17.544508,17.81762,18.165434,16.535166,16.382336,18.662033,18.281172,17.902092,17.757666,15.945151,15.834855,0.0,0.0,0.0,4.0,0.0,0.0,0.0,0.0
19162,2023.0,5.0,14.0,1.0,18.073105,18.09568,16.57647,16.443005,17.845703,17.696991,17.611185,17.482908,17.164541,16.810875,16.785496,16.88375,18.372156,17.904276,17.840954,17.696096,15.922351,15.811528,0.0,0.0,0.0,0.0,4.0,0.0,0.0,0.0
19163,2023.0,5.0,14.0,1.0,18.016241,18.035378,16.54593,16.410034,17.785645,17.633669,17.54771,17.415709,16.891537,16.48019,16.908749,17.054916,18.271477,17.802292,17.780668,17.632845,15.898811,15.786403,0.0,0.0,0.0,0.0,4.0,0.0,0.0,0.0
19164,2023.0,5.0,14.0,2.0,17.969048,17.992476,16.521416,16.38818,17.737036,17.590778,17.49694,17.370571,16.797773,16.398142,16.366293,15.987683,18.468231,18.282389,17.729052,17.584,15.877955,15.76637,0.0,0.0,0.0,0.0,0.0,0.0,0.0,0.0
19165,2023.0,5.0,14.0,2.0,17.91702,17.938217,16.49274,16.357407,17.683437,17.53548,17.441313,17.312763,16.966476,16.826006,16.136456,15.706648,18.47922,18.300434,17.675306,17.528164,15.85502,15.741885,0.0,0.0,0.0,0.0,0.0,0.0,0.0,0.0
19166,2023.0,5.0,14.0,2.0,17.87123,17.894806,16.466572,16.332096,18.34613,18.823767,17.392574,17.266823,16.958303,16.811155,16.29345,16.112574,18.445938,18.268131,17.627317,17.481686,15.833744,15.720697,0.0,4.0,0.0,0.0,0.0,0.0,0.0,0.0
19167,2023.0,5.0,14.0,2.0,17.824287,17.8472,16.438406,16.303102,17.918299,17.897903,17.342503,17.216465,17.500471,17.861568,16.324785,16.168474,18.411472,18.232792,17.579308,17.43293,15.811507,15.697521,0.0,0.0,0.0,4.0,0.0,0.0,0.0,0.0
19168,2023.0,5.0,14.0,2.0,17.779013,17.800928,16.410336,16.274002,17.373066,16.924252,17.294027,17.167484,17.736168,18.177086,16.29272,16.13563,18.37673,18.197145,17.533442,17.386269,15.789291,15.674327,0.0,0.0,0.0,4.0,0.0,0.0,0.0,0.0
19169,2023.0,5.0,14.0,2.0,17.736935,17.758883,16.383493,16.24688,17.187365,16.696285,17.248568,17.122822,16.955456,16.61271,16.260767,16.103601,18.343233,18.163618,17.490128,17.343296,15.767632,15.652278,0.0,0.0,0.0,0.0,0.0,0.0,0.0,0.0
19170,2023.0,5.0,14.0,3.0,17.695171,17.715855,16.356153,16.218428,17.374388,17.16943,17.203331,17.077082,17.260414,17.365866,16.227528,16.069506,19.055252,19.539454,17.446716,17.29922,15.745382,15.629136,0.0,0.0,0.0,4.0,0.0,4.0,0.0,0.0
19171,2023.0,5.0,14.0,3.0,17.655434,17.675856,16.329842,16.191826,17.414572,17.264252,17.160418,17.034626,17.386377,17.509863,16.480072,16.567856,18.27385,17.89184,17.404873,17.257483,15.7235985,15.607023,0.0,0.0,0.0,4.0,4.0,0.0,0.0,0.0
19172,2023.0,5.0,14.0,3.0,17.616726,17.636452,16.30382,16.165272,17.383095,17.236279,17.118544,16.9928,16.856203,16.508081,16.295687,16.1629,17.995676,17.523113,18.365105,19.100544,16.41559,16.92664,0.0,0.0,0.0,0.0,0.0,0.0,4.0,4.0
19173,2023.0,5.0,14.0,3.0,17.581146,17.602474,16.277748,16.13817,17.346237,17.19947,17.077408,16.950916,16.612984,16.2004,16.18641,16.026167,17.908844,17.437647,18.415178,18.939734,15.947768,15.874116,0.0,0.0,0.0,0.0,0.0,0.0,4.0,0.0
19174,2023.0,5.0,14.0,3.0,17.558615,17.593315,16.252462,16.112642,17.30949,17.16328,17.038624,16.912329,17.091335,17.191357,16.149166,15.989652,18.106224,17.90935,17.501534,17.166292,15.608562,15.309394,0.0,0.0,0.0,4.0,0.0,0.0,0.0,0.0
19175,2023.0,5.0,14.0,3.0,17.526161,17.561882,16.22651,16.085884,17.272,17.125336,16.99974,16.87277,16.6435,16.249752,16.111692,15.951411,18.133415,17.950752,17.209812,16.811342,16.24191,16.59207,0.0,0.0,0.0,0.0,0.0,0.0,0.0,4.0
19176,2023.0,5.0,14.0,4.0,17.491926,17.527319,16.20108,16.060127,17.235222,17.088837,16.96224,16.8353,16.451263,16.038055,16.076952,15.916408,18.105976,17.922812,17.093988,16.699562,15.686807,15.39455,0.0,0.0,0.0,0.0,0.0,0.0,0.0,0.0
19177,2023.0,5.0,14.0,4.0,17.458097,17.493607,16.176193,16.035471,17.199102,17.053492,16.925976,16.799425,16.608353,16.43942,16.043732,15.883406,18.07892,17.89606,17.001644,16.61201,16.235355,16.571432,0.0,0.0,0.0,0.0,0.0,0.0,0.0,4.0
19178,2023.0,5.0,14.0,4.0,17.42454,17.460281,16.151638,16.011324,17.16356,17.018862,16.890627,16.764582,16.626467,16.473946,16.011747,15.851739,18.050821,17.86839,17.154106,16.999727,15.689133,15.396905,0.0,0.0,0.0,0.0,0.0,0.0,0.0,0.0
19179,2023.0,5.0,14.0,4.0,17.38899,17.422497,16.124825,15.982504,17.125475,16.978659,16.853004,16.724419,16.591694,16.43734,15.978276,15.816293,18.020794,17.837046,17.156458,17.005777,15.481977,15.153807,0.0,0.0,0.0,0.0,0.0,0.0,0.0,0.0
19180,2023.0,5.0,14.0,4.0,17.356512,17.390284,16.100525,15.95859,17.090935,16.944965,16.818758,16.690746,16.558338,16.404348,15.947832,15.7862425,17.992334,17.808952,17.121655,16.971344,15.409489,15.086174,0.0,0.0,0.0,0.0,0.0,0.0,0.0,0.0
19181,2023.0,5.0,14.0,4.0,17.32482,17.359167,16.07738,15.9368515,17.058117,16.914103,16.785963,16.659775,16.5254,16.372503,15.91888,15.758495,17.964544,17.782063,17.086666,16.9373,15.5413685,15.41453,0.0,0.0,0.0,0.0,0.0,0.0,0.0,0.0
19182,2023.0,5.0,14.0,5.0,17.292309,17.326086,16.052263,15.91105,17.023441,16.878963,16.751133,16.624416,16.491667,16.338509,15.888991,15.728194,17.935919,17.753277,17.050133,16.900684,15.547614,15.426858,0.0,0.0,0.0,0.0,0.0,0.0,0.0,0.0
19183,2023.0,5.0,14.0,5.0,17.262342,17.297651,16.029903,15.890676,16.992495,16.85085,16.720085,16.596157,17.033258,17.383825,16.152029,16.244326,17.909172,17.728035,17.015888,16.868296,16.25327,16.772762,0.0,0.0,0.0,4.0,4.0,0.0,0.0,4.0
19184,2023.0,5.0,14.0,5.0,17.230526,17.265177,16.005344,15.865753,16.959188,16.817661,16.686886,16.562916,17.277187,17.712725,15.966478,15.834455,17.88119,17.700077,17.994259,18.740618,15.587208,15.32724,0.0,0.0,0.0,4.0,0.0,0.0,4.0,0.0
19185,2023.0,5.0,14.0,5.0,17.199268,17.232868,15.980903,15.840607,16.926176,16.784386,16.654137,16.529705,17.095741,17.260807,16.144262,16.228466,17.853388,17.672146,17.10909,16.825565,15.347564,15.025904,0.0,0.0,0.0,4.0,4.0,0.0,0.0,0.0
19186,2023.0,5.0,14.0,5.0,17.927563,18.626707,15.956461,15.815256,16.893476,16.751097,16.621384,16.496357,16.50161,16.154285,15.960097,15.827878,18.572441,19.054451,17.838385,18.382137,16.006384,16.331947,0.0,0.0,0.0,0.0,0.0,4.0,4.0,4.0
19187,2023.0,5.0,14.0,5.0,17.475328,17.616941,16.402493,16.668272,17.575844,18.058033,16.588974,16.46343,16.255981,15.8455305,15.85077,15.69026,17.805496,17.428955,17.084438,16.772343,16.22314,16.577036,4.0,4.0,0.0,0.0,0.0,0.0,0.0,4.0
19188,2023.0,5.0,14.0,6.0,16.965149,16.711317,16.165747,16.13719,17.79936,18.328941,16.55711,16.43089,16.729183,16.82331,16.10009,16.18571,17.531404,17.059101,17.841223,18.378107,15.565626,15.27913,0.0,4.0,0.0,4.0,4.0,0.0,4.0,0.0
19189,2023.0,5.0,14.0,6.0,21.273237,24.357285,16.454798,16.725143,21.172892,24.081219,21.242933,24.688538,21.473661,24.836744,20.228458,23.28222,21.135159,23.336811,21.314812,24.308651,15.339094,15.001196,4.0,0.0,4.0,4.0,4.0,0.0,0.0,0.0
19190,2023.0,5.0,14.0,6.0,22.111942,25.160686,20.292288,23.306108,21.949533,24.764091,21.851423,25.004538,20.86757,23.173212,20.03238,22.383392,21.871532,24.316456,21.75076,24.540493,16.03254,16.39153,0.0,4.0,4.0,0.0,0.0,0.0,4.0,4.0
19191,2023.0,5.0,14.0,6.0,20.902655,22.725496,18.042137,18.36564,21.066,23.076488,20.914108,22.982355,18.054684,17.802763,18.009483,18.120083,20.945568,22.384947,20.92063,22.653612,20.414068,23.81543,4.0,4.0,4.0,0.0,4.0,4.0,4.0,4.0
19192,2023.0,5.0,14.0,6.0,22.106655,24.62498,20.277954,22.79985,21.917124,24.204102,21.894339,24.398508,17.108692,16.618567,20.421665,22.619743,21.77844,23.588104,21.879251,24.123486,21.17773,24.427496,0.0,0.0,4.0,0.0,0.0,4.0,4.0,4.0
19193,2023.0,5.0,14.0,6.0,20.906883,22.33122,18.271727,18.498466,21.051178,22.678192,20.918625,22.49367,17.75389,18.106884,18.486717,18.728745,21.004232,22.153276,21.037067,22.551851,19.887209,21.7902,4.0,4.0,4.0,4.0,0.0,4.0,0.0,0.0
19194,2023.0,5.0,14.0,7.0,21.202183,22.887932,20.26049,22.545156,21.162386,22.818993,21.189749,22.986288,20.300497,22.435299,17.353756,17.19016,21.146654,22.367792,21.189095,22.783504,18.412407,18.785986,4.0,4.0,0.0,0.0,0.0,4.0,0.0,4.0
19195,2023.0,5.0,14.0,7.0,21.04955,22.551266,20.031443,21.819513,21.083319,22.616306,21.079468,22.702286,18.13339,17.913086,17.054647,16.852877,21.065907,22.165106,21.071243,22.483873,20.300467,22.474241,4.0,0.0,0.0,0.0,0.0,0.0,0.0,4.0
19196,2023.0,5.0,14.0,7.0,21.0519,22.529724,20.087723,21.77078,21.076065,22.549078,21.081066,22.652506,17.062462,16.5544,17.318378,17.501444,21.028458,22.018353,21.069723,22.430973,20.009071,21.735058,0.0,0.0,0.0,0.0,4.0,4.0,0.0,4.0
19197,2023.0,5.0,14.0,7.0,21.078028,22.577208,18.144978,17.917866,21.076975,22.505705,21.060106,22.60612,17.889376,18.368746,20.314978,22.633154,21.034702,21.992151,21.053196,22.388363,20.2015,21.990725,0.0,0.0,0.0,4.0,4.0,4.0,0.0,4.0
19198,2023.0,5.0,14.0,7.0,21.045357,22.463867,17.80106,17.967852,21.030819,22.39794,21.06195,22.597313,20.408066,22.552143,20.042152,21.80735,21.03345,21.957994,21.015377,22.271158,21.210241,23.50868,4.0,4.0,0.0,4.0,0.0,4.0,4.0,0.0
19199,2023.0,5.0,14.0,7.0,21.076954,22.525295,20.274834,22.350567,21.083395,22.483065,21.060734,22.580723,20.047068,21.598812,18.073809,17.803457,21.062622,22.006016,21.078217,22.383574,18.279945,18.011488,0.0,0.0,0.0,0.0,0.0,0.0,0.0,0.0
19200,2023.0,5.0,14.0,8.0,21.043703,22.415287,18.89388,19.421032,21.074104,22.430502,21.060469,22.56646,18.233482,17.93036,17.306692,17.04822,21.056526,21.958569,21.066668,22.320833,17.236748,16.737803,4.0,0.0,0.0,0.0,0.0,0.0,0.0,0.0
19201,2023.0,5.0,14.0,8.0,19.351385,19.186417,20.257734,22.146713,19.312445,19.027195,19.563007,19.67987,17.309576,16.783495,17.19807,16.965609,19.644867,19.215252,19.369568,19.024433,16.89751,16.406984,0.0,0.0,0.0,0.0,0.0,0.0,0.0,0.0
19202,2023.0,5.0,14.0,8.0,18.397902,17.986689,18.278027,18.12662,18.618382,18.383787,18.63915,18.489113,17.328299,17.072702,17.068924,16.842125,18.924156,18.317781,18.48327,17.955399,16.92755,16.700108,0.0,0.0,0.0,0.0,0.0,0.0,0.0,0.0
19203,2023.0,5.0,14.0,8.0,18.085918,17.629341,17.714907,17.414696,18.431576,18.20493,18.32674,18.114098,17.324799,17.114168,16.977148,16.742622,19.067938,18.801414,18.51683,18.27966,16.886919,16.69658,4.0,0.0,0.0,0.0,0.0,0.0,0.0,0.0
19204,2023.0,5.0,14.0,8.0,18.230362,18.13317,20.23599,22.065145,18.266361,18.055365,18.139223,17.94291,17.255404,17.050592,16.903883,16.673107,19.023685,18.780401,18.420559,18.204594,16.794739,16.613228,4.0,0.0,0.0,0.0,0.0,0.0,0.0,0.0
19205,2023.0,5.0,14.0,8.0,18.186495,18.1404,20.029716,21.504875,18.07141,17.853992,17.926422,17.722713,17.169374,16.96066,16.820412,16.58559,18.920002,18.67666,18.27036,18.052883,16.683596,16.498638,0.0,0.0,0.0,0.0,0.0,0.0,0.0,0.0
19206,2023.0,5.0,14.0,9.0,18.071968,18.053623,18.276325,18.050728,17.920494,17.71744,17.764372,17.576157,17.10139,16.896782,16.75872,16.528233,18.831306,18.594501,18.145391,17.937243,16.594688,16.41578,0.0,0.0,0.0,0.0,0.0,0.0,0.0,0.0
19207,2023.0,5.0,14.0,9.0,17.9742,17.96017,18.233213,18.371515,18.50903,18.924997,17.63954,17.451952,17.051205,16.845198,16.716166,16.484468,18.76466,18.527102,18.050062,17.841301,16.527422,16.347534,4.0,4.0,0.0,0.0,0.0,0.0,0.0,0.0
19208,2023.0,5.0,14.0,9.0,17.88184,17.87416,20.20201,21.974676,18.664684,19.157171,17.529373,17.349773,17.007065,16.802267,16.678923,16.448156,18.705978,18.471054,17.9663,17.76141,16.468678,16.291159,4.0,4.0,0.0,0.0,0.0,0.0,0.0,0.0
19209,2023.0,5.0,14.0,9.0,17.773073,17.760042,20.037868,21.474808,17.745794,17.395054,17.414053,17.240711,16.961071,16.757011,16.640488,16.410585,18.645517,18.412334,17.880075,17.677574,16.407946,16.231724,4.0,0.0,0.0,0.0,0.0,0.0,0.0,0.0
19210,2023.0,5.0,14.0,9.0,17.689774,17.689135,20.078527,21.466951,17.20381,16.673151,17.31106,17.14371,16.921227,16.717892,16.609163,16.380152,18.592407,18.360842,18.86456,19.607613,16.354652,16.179577,0.0,0.0,0.0,0.0,0.0,0.0,4.0,0.0
19211,2023.0,5.0,14.0,9.0,17.623032,17.634659,18.405184,18.18904,17.003956,16.45791,17.916725,18.363958,16.887957,16.685358,16.585642,16.357746,18.546976,18.316832,18.03915,17.71959,16.308903,16.134638,0.0,0.0,4.0,0.0,0.0,0.0,0.0,0.0
19212,2023.0,5.0,14.0,10.0,17.563116,17.57799,17.558111,16.952885,16.899738,16.359793,17.49536,17.477581,16.864449,16.661072,16.571945,16.343563,19.317276,19.808382,17.614676,17.12598,16.275597,16.100555,0.0,0.0,0.0,0.0,0.0,4.0,0.0,0.0
19213,2023.0,5.0,14.0,10.0,17.513103,17.538692,17.58939,17.316925,17.834301,18.238115,16.94573,16.519928,16.849611,16.65116,16.566593,16.34364,18.542686,18.164616,17.484997,17.006645,17.213919,17.896791,0.0,4.0,0.0,0.0,0.0,0.0,0.0,4.0
19214,2023.0,5.0,14.0,10.0,18.212934,18.901514,17.540073,17.366732,18.153545,18.69234,16.74445,16.280434,16.84046,16.646881,16.566519,16.349081,18.221937,17.692064,17.405289,16.944715,20.328876,23.165398,0.0,4.0,0.0,0.0,0.0,0.0,0.0,0.0
19215,2023.0,5.0,14.0,10.0,17.848003,18.018124,17.389893,17.237211,17.938871,18.189255,16.898754,16.711582,16.834068,16.644957,16.568768,16.356237,18.133812,17.611979,17.558554,17.333296,17.85743,17.877531,0.0,4.0,0.0,0.0,0.0,0.0,0.0,0.0
19216,2023.0,5.0,14.0,10.0,18.06076,18.49217,17.27619,17.130901,17.226292,16.880522,16.945906,16.827742,16.834154,16.648611,16.576094,16.367561,18.356237,18.106136,17.608047,17.422888,16.975498,16.569176,0.0,0.0,0.0,0.0,0.0,0.0,0.0,0.0
19217,2023.0,5.0,14.0,10.0,17.491955,17.390354,17.175804,17.045115,16.979618,16.56991,16.917536,16.813007,16.837687,16.655212,16.586552,16.381052,19.23039,19.740505,17.600035,17.421587,16.962898,16.753504,0.0,0.0,0.0,0.0,0.0,4.0,0.0,0.0
19218,2023.0,5.0,14.0,11.0,17.963099,18.40388,17.08767,16.969011,16.889465,16.50154,16.886778,16.79296,16.844936,16.66486,16.601063,16.397884,18.558659,18.27454,17.589945,17.415314,16.91183,16.732857,0.0,0.0,0.0,0.0,0.0,0.0,0.0,0.0
19219,2023.0,5.0,14.0,11.0,17.45076,17.37107,17.006966,16.898201,16.824894,16.459684,16.8547,16.769785,16.85445,16.675209,16.618307,16.41578,18.269762,17.814888,17.58005,17.407167,16.843222,16.667433,0.0,0.0,0.0,0.0,0.0,0.0,0.0,0.0
19220,2023.0,5.0,14.0,11.0,17.219986,17.061571,17.393827,17.693348,17.703228,18.198952,16.824282,16.748213,16.866352,16.686993,16.638065,16.434895,18.987226,19.218163,17.572752,17.400951,16.789652,16.616768,4.0,4.0,0.0,0.0,0.0,4.0,0.0,0.0
19221,2023.0,5.0,14.0,11.0,17.855885,18.335913,20.268333,22.680185,17.772823,18.145319,16.795046,16.72726,16.881016,16.701357,17.065767,17.21733,18.489643,18.128365,17.56856,17.397238,16.747696,16.576468,4.0,4.0,0.0,0.0,4.0,0.0,0.0,0.0
19222,2023.0,5.0,14.0,11.0,17.47924,17.47122,20.017042,21.856691,17.160088,17.00898,16.764774,16.705013,16.899937,16.719624,20.25678,22.705956,19.02099,19.276155,17.566551,17.395493,16.707787,16.538101,4.0,0.0,0.0,0.0,4.0,4.0,0.0,0.0
19223,2023.0,5.0,14.0,11.0,17.90573,18.452074,20.0756,21.779621,16.846682,16.586155,16.73692,16.6841,16.921215,16.740395,20.010845,21.827448,18.587555,18.230337,18.64543,19.434046,16.67658,16.507467,0.0,0.0,0.0,0.0,0.0,0.0,4.0,0.0
19224,2023.0,5.0,14.0,12.0,17.491743,17.52062,18.765804,19.095875,17.434874,17.763504,16.711912,16.665916,16.944147,16.762505,18.406713,18.441633,18.358316,17.943945,17.943699,17.733055,16.654196,16.485855,4.0,4.0,0.0,0.0,0.0,0.0,0.0,0.0
19225,2023.0,5.0,14.0,12.0,21.298178,24.334156,20.219685,21.90306,21.355824,24.498604,21.2537,24.703186,16.968409,16.787598,18.03951,17.951233,21.408665,23.309359,22.367764,25.566778,16.643156,16.47489,0.0,4.0,0.0,0.0,4.0,0.0,0.0,0.0
19226,2023.0,5.0,14.0,12.0,21.021957,23.377747,18.60398,18.64787,21.006285,23.37652,21.008574,23.693743,16.995514,16.814453,20.307692,21.869951,21.018667,22.368088,20.89974,22.50883,16.636005,16.468737,0.0,4.0,0.0,0.0,4.0,0.0,0.0,0.0
19227,2023.0,5.0,14.0,12.0,21.061451,23.22252,17.84299,17.78807,21.05914,23.199484,21.046873,23.424332,17.025496,16.846151,20.008465,21.210558,21.004383,22.15734,21.08423,22.685375,16.637056,16.471693,0.0,4.0,4.0,0.0,0.0,4.0,0.0,0.0
19228,2023.0,5.0,14.0,12.0,21.05899,23.060196,17.674118,17.635546,21.054663,23.000757,21.07257,23.280346,17.054407,16.874676,18.815397,18.793571,21.049976,22.133413,21.041046,22.478857,16.644686,16.481195,0.0,4.0,0.0,0.0,0.0,0.0,0.0,0.0
19229,2023.0,5.0,14.0,12.0,21.056242,22.944061,17.99618,18.376648,21.05068,22.859821,21.076065,23.109093,17.08583,16.90828,18.214832,18.0123,21.039219,22.008022,21.044174,22.39263,16.657084,16.49631,4.0,4.0,0.0,0.0,0.0,0.0,0.0,0.0
19230,2023.0,5.0,14.0,13.0,21.05581,22.86267,20.25609,22.31763,21.073702,22.828144,21.073736,22.977444,17.115597,16.93941,18.470188,18.59995,21.039917,21.923363,21.04268,22.318455,16.67119,16.512686,0.0,0.0,0.0,0.0,4.0,0.0,0.0,0.0
19231,2023.0,5.0,14.0,13.0,21.05429,22.79898,18.722395,19.088129,21.066597,22.735891,21.060072,22.879742,17.145891,16.971785,20.189978,21.607851,21.028803,21.851627,21.041529,22.26058,16.687042,16.531399,0.0,0.0,0.0,0.0,0.0,0.0,0.0,0.0
19232,2023.0,5.0,14.0,13.0,21.053316,22.74993,18.233294,18.64947,21.040602,22.604082,21.060074,22.823257,17.174517,17.002695,19.138256,19.37743,21.028809,21.809153,21.040941,22.21132,16.703312,16.55042,4.0,4.0,0.0,0.0,0.0,0.0,0.0,0.0
19233,2023.0,5.0,14.0,13.0,21.052078,22.709993,20.258108,22.211824,21.068518,22.63746,21.058617,22.775248,17.202208,17.033354,18.397507,18.240002,21.027742,21.77103,21.040031,22.16903,16.719831,16.569855,0.0,0.0,0.0,0.0,0.0,0.0,0.0,0.0
19234,2023.0,5.0,14.0,13.0,21.05109,22.677399,18.672832,18.918076,21.061378,22.585726,21.057539,22.73635,17.228724,17.062521,18.192032,17.98956,21.026955,21.738653,21.039112,22.132875,16.736261,16.589367,0.0,0.0,0.0,0.0,0.0,0.0,0.0,0.0
19235,2023.0,5.0,14.0,13.0,21.022486,22.57618,17.735254,17.65482,21.059631,22.550953,21.055676,22.702347,17.2539,17.091797,18.52965,18.68714,21.025932,21.710949,20.997553,21.992054,16.752468,16.609394,0.0,0.0,0.0,0.0,4.0,0.0,4.0,0.0
19236,2023.0,5.0,14.0,14.0,21.063421,22.644861,17.595188,17.58652,21.050177,22.523506,21.055634,22.675865,17.275208,17.116167,20.199572,21.563602,21.0257,21.689266,21.0516,22.099615,16.766647,16.62687,0.0,0.0,0.0,0.0,0.0,0.0,0.0,0.0
19237,2023.0,5.0,14.0,14.0,20.197054,20.92228,17.945606,18.343212,20.283346,21.011786,19.660618,19.971874,17.293917,17.138191,19.080452,19.223072,20.283459,20.238047,19.83442,19.721886,16.779097,16.642488,4.0,4.0,0.0,0.0,0.0,0.0,0.0,0.0
19238,2023.0,5.0,14.0,14.0,19.332745,19.49675,20.258757,22.37161,19.424366,19.58029,19.638515,20.245182,17.308624,17.15737,18.496063,18.25472,20.73508,21.23247,19.384945,19.134596,16.788858,16.656166,4.0,0.0,4.0,0.0,0.0,4.0,0.0,0.0
19239,2023.0,5.0,14.0,14.0,19.563835,20.2613,20.02275,21.685171,19.46319,19.96434,19.040943,19.177536,17.322569,17.175863,18.361263,18.166615,20.835556,21.286236,19.190872,18.954145,16.79745,16.66899,0.0,4.0,0.0,0.0,0.0,4.0,0.0,0.0
19240,2023.0,5.0,14.0,14.0,19.600912,20.306736,18.69198,18.98593,18.925648,19.001846,18.517391,18.505575,17.333597,17.191063,18.305698,18.124563,20.103333,19.92723,19.104038,18.941353,16.80231,16.677757,0.0,0.0,0.0,0.0,0.0,0.0,0.0,0.0
19241,2023.0,5.0,14.0,14.0,19.559565,20.276752,18.068611,18.069633,19.241629,19.770802,18.973866,19.5275,17.34224,17.204863,18.639635,18.798815,20.58394,20.99423,19.024696,18.874043,16.804426,16.684282,0.0,4.0,4.0,0.0,4.0,4.0,0.0,0.0
19242,2023.0,5.0,14.0,15.0,19.53753,20.281815,18.35224,18.765535,19.303726,19.890162,18.48573,18.6004,18.095041,18.622217,20.173273,21.49964,20.024494,19.871286,18.942327,18.799995,16.805157,16.689335,4.0,4.0,0.0,4.0,0.0,0.0,0.0,0.0
19243,2023.0,5.0,14.0,15.0,18.901896,19.132978,20.233059,22.082163,18.712353,18.831213,18.119274,18.142859,20.23049,22.212389,19.22841,19.492657,20.453684,20.87848,18.855738,18.719212,16.80382,16.691202,0.0,0.0,0.0,0.0,0.0,4.0,0.0,0.0
19244,2023.0,5.0,14.0,15.0,19.214542,19.960144,19.2452,19.950768,18.336897,18.349463,17.96661,17.98781,18.7468,19.02104,18.554312,18.4565,20.713236,21.228218,19.802183,20.582338,16.80091,16.691442,4.0,0.0,0.0,0.0,0.0,4.0,4.0,0.0
19245,2023.0,5.0,14.0,15.0,19.317968,20.09116,20.171068,21.682281,18.204052,18.206457,18.585867,19.235088,18.821718,19.329088,18.389393,18.24111,20.758131,21.286278,19.090134,19.049631,16.797234,16.690998,4.0,0.0,4.0,4.0,0.0,4.0,0.0,0.0
19246,2023.0,5.0,14.0,15.0,19.330793,20.116156,20.0324,21.361422,18.10292,18.118044,18.7698,19.4197,20.165304,21.662457,18.315914,18.169298,20.788685,21.324549,18.717789,18.581205,16.793917,16.691004,0.0,0.0,4.0,0.0,0.0,4.0,0.0,0.0
19247,2023.0,5.0,14.0,15.0,19.348633,20.142294,19.273973,19.838678,18.704767,19.332655,18.199944,18.363146,18.969612,19.186499,18.25892,18.117563,20.099504,20.007814,18.631174,18.497107,16.791378,16.69192,4.0,4.0,0.0,0.0,0.0,0.0,0.0,0.0
19248,2023.0,5.0,14.0,16.0,19.359987,20.159363,20.151186,21.503107,18.293789,18.461538,17.938667,18.002241,19.117523,19.628094,18.219395,18.080431,20.573145,21.039803,18.582687,18.456347,16.7894,16.69354,4.0,0.0,0.0,4.0,0.0,4.0,0.0,0.0
19249,2023.0,5.0,14.0,16.0,19.365414,20.165226,20.014277,21.202988,17.979137,18.040873,18.479582,19.120903,20.097485,21.302237,18.177607,18.042255,20.076971,19.978024,19.586617,20.405401,16.785797,16.692364,4.0,0.0,4.0,4.0,0.0,0.0,4.0,0.0
19250,2023.0,5.0,14.0,16.0,18.745749,19.003124,20.030828,21.211187,18.542849,19.17255,18.093718,18.258543,20.033222,21.119278,18.13849,18.006416,20.516434,20.998232,18.990402,18.976171,16.78122,16.690222,4.0,4.0,0.0,0.0,0.0,4.0,0.0,0.0
19251,2023.0,5.0,14.0,16.0,18.421375,18.605074,20.02798,21.184431,18.197618,18.368536,18.446463,19.102041,18.987473,19.04017,18.103004,17.974987,20.757881,21.32076,18.634592,18.5286,16.77545,16.687193,4.0,0.0,4.0,0.0,0.0,4.0,0.0,0.0
19252,2023.0,5.0,14.0,16.0,19.014557,19.81618,20.027683,21.165827,18.559025,19.201921,18.627056,19.296762,18.459238,18.356573,18.069551,17.94578,20.069763,19.99022,19.545448,20.32664,16.768885,16.6837,4.0,4.0,4.0,0.0,0.0,0.0,4.0,0.0
19253,2023.0,5.0,14.0,16.0,18.593723,18.860996,20.045095,21.199343,18.162603,18.314909,18.649433,19.31633,18.304365,18.197083,18.44219,18.681904,19.761786,19.597979,19.951159,20.82234,16.761724,16.680143,0.0,0.0,4.0,0.0,4.0,0.0,4.0,0.0
19254,2023.0,5.0,14.0,17.0,18.995304,19.799395,19.07531,19.322273,18.536499,19.174871,18.673153,19.339193,18.1973,18.09373,20.19075,21.708477,20.38634,20.870016,19.091337,19.1122,16.753693,16.676405,0.0,4.0,4.0,0.0,0.0,4.0,0.0,0.0
19255,2023.0,5.0,14.0,17.0,19.177462,19.984865,18.874216,19.291798,18.739315,19.404274,18.124918,18.301992,18.105341,18.005981,19.13293,19.439478,19.938631,19.883509,18.687004,18.594713,16.743946,16.671013,4.0,4.0,0.0,0.0,0.0,0.0,0.0,0.0
19256,2023.0,5.0,14.0,17.0,18.59318,18.866385,20.16461,21.590214,18.200537,18.367933,17.86979,17.946766,18.037188,17.941261,18.562925,18.495878,20.43038,20.930702,18.583923,18.486593,16.732918,16.66456,4.0,0.0,0.0,0.0,0.0,4.0,0.0,0.0
19257,2023.0,5.0,14.0,17.0,18.296595,18.496506,20.00807,21.194433,18.566366,19.218348,17.755644,17.82958,18.721434,19.302511,18.36014,18.264645,19.935406,19.870129,18.505888,18.414366,16.719242,16.655655,4.0,4.0,0.0,4.0,0.0,0.0,0.0,0.0
19258,2023.0,5.0,14.0,17.0,18.9145,19.733059,20.02867,21.18348,18.74738,19.410059,17.677555,17.754425,20.165691,21.72343,18.255428,18.161861,19.653238,19.517843,18.440798,18.356388,16.703846,16.645166,4.0,4.0,0.0,0.0,0.0,0.0,0.0,0.0
19259,2023.0,5.0,14.0,17.0,18.508774,18.790754,20.025675,21.142187,18.780945,19.439764,17.59458,17.65403,19.51159,20.22323,18.173174,18.084547,19.556246,19.423193,19.437943,20.299623,16.687199,16.633308,4.0,4.0,0.0,4.0,0.0,0.0,4.0,0.0
19260,2023.0,5.0,14.0,18.0,18.216793,18.418957,20.025528,21.115988,18.812115,19.46898,17.528557,17.584633,20.09298,21.38208,18.103186,18.021124,20.22878,20.768824,18.89866,18.990133,16.669853,16.620626,4.0,4.0,0.0,4.0,0.0,4.0,0.0,0.0
19261,2023.0,5.0,14.0,18.0,21.26453,23.842613,20.04317,21.145,21.267687,23.727934,21.22862,24.165226,20.034935,21.193983,18.038975,17.962101,21.094116,22.20995,21.485022,23.784006,17.664936,18.526463,0.0,4.0,0.0,0.0,0.0,0.0,4.0,4.0
19262,2023.0,5.0,14.0,18.0,21.020407,23.058567,19.444992,19.95538,21.005812,22.94278,20.986135,23.249994,19.013199,19.155655,17.980715,17.909752,21.02598,21.971207,21.025229,22.654211,20.278435,22.816256,4.0,4.0,4.0,0.0,0.0,0.0,0.0,4.0
19263,2023.0,5.0,14.0,18.0,21.057976,22.927324,20.146914,21.393599,21.067274,22.904072,21.044327,23.109741,18.418398,18.351694,17.925764,17.858616,21.002407,21.836168,21.051205,22.543886,20.030529,22.03735,0.0,0.0,4.0,0.0,0.0,4.0,0.0,0.0
19264,2023.0,5.0,14.0,18.0,21.026773,22.70537,19.122515,19.353754,21.031635,22.68267,21.042484,22.924116,18.233139,18.159433,17.876726,17.815676,21.006525,21.803736,21.046669,22.4197,19.09345,19.963303,0.0,4.0,4.0,0.0,0.0,4.0,0.0,4.0
19265,2023.0,5.0,14.0,18.0,21.031322,22.621572,18.534325,18.607054,21.060951,22.668182,21.041025,22.793894,18.899174,19.523113,17.829851,17.773716,21.03615,21.853128,21.00701,22.230341,20.212376,22.14517,0.0,0.0,4.0,4.0,0.0,0.0,4.0,0.0
19266,2023.0,5.0,14.0,19.0,21.055473,22.622738,18.329275,18.375866,21.029402,22.511679,21.063873,22.764795,20.123867,21.501024,17.784164,17.732733,21.030779,21.812681,21.013575,22.192036,18.580223,18.79211,0.0,4.0,0.0,4.0,0.0,0.0,4.0,0.0
19267,2023.0,5.0,14.0,19.0,21.02185,22.477728,18.65281,19.101143,21.058863,22.536127,21.057007,22.673323,20.029808,21.210201,17.737595,17.688494,21.030828,21.788845,21.012547,22.153877,17.744474,17.68932,4.0,0.0,0.0,0.0,0.0,0.0,4.0,0.0
19268,2023.0,5.0,14.0,19.0,21.266954,22.926352,20.18183,21.73817,21.027695,22.406689,21.03265,22.543531,18.957214,19.054136,17.693302,17.647545,21.192368,22.09337,21.052288,22.232683,17.532957,17.479834,4.0,4.0,4.0,0.0,0.0,0.0,0.0,0.0
19269,2023.0,5.0,14.0,19.0,21.054455,22.478807,20.01627,21.284472,21.031553,22.380377,21.035412,22.50589,18.36236,18.271763,17.649412,17.604927,21.008848,21.690754,21.042097,22.17993,17.406525,17.360365,0.0,4.0,4.0,0.0,0.0,4.0,0.0,0.0
19270,2023.0,5.0,14.0,19.0,21.050505,22.443436,18.94443,19.141296,21.03189,22.353123,21.061054,22.541609,18.184513,18.092333,17.612148,17.573275,21.036741,21.7693,21.044933,22.156195,18.303106,19.155222,0.0,4.0,0.0,0.0,0.0,0.0,0.0,4.0
19271,2023.0,5.0,14.0,19.0,21.047462,22.407145,18.716688,19.058321,21.031391,22.327906,21.055052,22.493263,18.101866,18.05065,17.571663,17.536562,21.001234,21.670542,21.044239,22.131369,20.237955,22.337547,4.0,4.0,0.0,0.0,0.0,4.0,0.0,0.0
19272,2023.0,5.0,14.0,20.0,21.28456,22.836048,20.205633,21.70362,21.263737,22.770548,21.249554,22.829823,18.021982,17.978893,17.529112,17.496616,21.190376,22.068117,21.268513,22.561064,19.181507,19.975433,0.0,4.0,4.0,0.0,0.0,0.0,0.0,4.0
19273,2023.0,5.0,14.0,20.0,21.0519,22.367075,18.98835,19.1956,21.03014,22.276403,21.059153,22.4385,17.939386,17.899693,17.488234,17.458456,21.001501,21.65953,21.037474,22.08913,20.165585,21.9107,0.0,4.0,0.0,0.0,0.0,4.0,0.0,4.0
19274,2023.0,5.0,14.0,20.0,21.02015,22.265623,18.34652,18.386856,21.030626,22.259977,21.053675,22.402851,18.643244,19.30059,17.446867,17.418476,21.007973,21.674751,21.03879,22.08852,20.040947,21.554403,0.0,4.0,0.0,4.0,0.0,4.0,0.0,0.0
19275,2023.0,5.0,14.0,20.0,21.052465,22.337786,18.173635,18.194296,21.030485,22.242422,21.05406,22.379366,20.19524,21.840006,17.40606,17.379253,21.038187,21.754812,21.038614,22.083315,18.601364,18.678907,0.0,4.0,0.0,0.0,0.0,0.0,0.0,0.0
19276,2023.0,5.0,14.0,20.0,21.019392,22.233532,18.4922,18.891447,21.055708,22.295385,21.04504,22.356895,19.335455,19.907732,17.364882,17.338339,21.033384,21.735306,21.038746,22.077671,18.788307,19.50391,4.0,0.0,0.0,4.0,0.0,0.0,0.0,4.0
19277,2023.0,5.0,14.0,20.0,21.19615,22.594244,20.219637,21.887157,21.192003,22.545067,21.206371,22.6713,20.138466,21.483582,17.324469,17.297113,21.16448,21.987213,21.256523,22.506819,20.188623,21.875628,0.0,0.0,0.0,4.0,0.0,0.0,0.0,0.0
19278,2023.0,5.0,14.0,21.0,21.018856,22.197792,18.99869,19.318602,21.050169,22.234934,21.04495,22.33447,20.035494,21.186922,17.636316,17.909044,21.03384,21.71261,21.037863,22.056799,18.619724,18.679268,0.0,0.0,0.0,0.0,4.0,0.0,0.0,0.0
19279,2023.0,5.0,14.0,21.0,21.051798,22.273434,18.265036,18.313023,21.024786,22.14651,21.045254,22.325811,18.870926,18.861195,20.303928,22.430387,21.001175,21.637547,21.038239,22.052193,18.780125,19.482557,0.0,4.0,0.0,0.0,4.0,4.0,0.0,4.0
19280,2023.0,5.0,14.0,21.0,21.018377,22.172195,18.067717,18.073517,21.055027,22.216423,21.044537,22.313309,18.261795,18.111244,20.010279,21.60929,21.040337,21.732151,21.038082,22.04561,20.190012,21.859728,0.0,0.0,0.0,0.0,0.0,0.0,0.0,0.0
19281,2023.0,5.0,14.0,21.0,21.051296,22.249992,17.958387,17.957993,21.023563,22.119587,21.043957,22.30058,18.071966,17.91778,18.614618,18.71932,21.033646,21.709166,21.037758,22.038315,18.632967,18.681875,0.0,4.0,0.0,0.0,0.0,0.0,0.0,0.0
19282,2023.0,5.0,14.0,21.0,21.043486,22.22176,17.866068,17.857698,21.028452,22.121555,21.016363,22.21576,18.041899,17.990181,17.85146,17.710884,21.03353,21.699959,21.036627,22.029276,17.87691,17.747995,0.0,4.0,4.0,0.0,0.0,0.0,0.0,0.0
19283,2023.0,5.0,14.0,21.0,21.044847,22.210814,17.794914,17.787971,21.054232,22.18523,21.060001,22.29942,17.979006,17.935139,18.173746,18.487644,21.025715,21.692154,21.036802,22.022276,17.752316,17.707777,0.0,0.0,0.0,0.0,4.0,0.0,0.0,0.0
19284,2023.0,5.0,14.0,22.0,21.035921,22.198872,17.734491,17.72996,21.048151,22.15973,21.051214,22.26075,17.904558,17.867214,20.252985,22.028513,21.02681,21.698076,21.037092,22.015503,17.6504,17.614809,0.0,0.0,0.0,0.0,4.0,0.0,0.0,0.0
19285,2023.0,5.0,14.0,22.0,21.0373,22.201332,17.676237,17.667152,21.048317,22.145185,21.051422,22.240786,18.451586,18.960876,20.023272,21.395422,21.026812,21.69965,21.036783,22.007605,17.543377,17.5082,0.0,0.0,0.0,4.0,0.0,0.0,0.0,0.0
19286,2023.0,5.0,14.0,22.0,21.036749,22.198523,17.627493,17.61688,21.038399,22.131247,21.041426,22.223028,20.221205,21.925278,18.732029,18.771431,21.026945,21.700005,21.03683,22.000538,17.455034,17.423794,0.0,0.0,0.0,0.0,0.0,0.0,0.0,0.0
19287,2023.0,5.0,14.0,22.0,21.036446,22.193773,17.581608,17.567978,21.039526,22.133877,21.04265,22.223652,18.713043,18.749838,18.305365,18.39112,20.999525,21.625826,21.03679,21.993256,17.373135,17.33738,0.0,0.0,0.0,0.0,4.0,4.0,0.0,0.0
19288,2023.0,5.0,14.0,22.0,21.036297,22.188442,17.539536,17.523115,21.03929,22.131166,21.042429,22.21974,17.989311,17.832344,20.275803,21.87112,21.010426,21.637913,21.03653,21.985813,17.301601,17.263515,0.0,0.0,0.0,0.0,0.0,4.0,0.0,0.0
19289,2023.0,5.0,14.0,22.0,21.036457,22.183575,17.501377,17.481792,21.039188,22.12687,21.0422,22.214062,17.92369,17.8641,19.273834,19.738064,21.039776,21.70918,21.036459,21.978828,17.239647,17.199944,0.0,0.0,0.0,0.0,4.0,0.0,0.0,0.0
19290,2023.0,5.0,14.0,23.0,21.036282,22.178097,17.46595,17.443396,21.039103,22.121609,21.042122,22.207867,17.86693,17.81016,20.187468,21.597515,21.034653,21.68437,21.036285,21.971788,17.184242,17.141966,0.0,0.0,0.0,0.0,0.0,0.0,0.0,0.0
19291,2023.0,5.0,14.0,23.0,20.114985,20.402956,17.434464,17.409819,20.062216,20.240229,19.98888,20.179102,18.354372,18.788834,19.028576,19.220188,20.151045,19.97422,20.074427,20.114223,17.848604,18.431917,0.0,0.0,0.0,4.0,0.0,0.0,0.0,4.0
19292,2023.0,5.0,14.0,23.0,19.679811,19.79863,17.408329,17.380634,19.555187,19.508253,19.456247,19.421936,18.593788,19.124193,18.481293,18.409224,19.799955,19.509691,19.67555,19.591825,17.367216,17.357437,0.0,0.0,0.0,4.0,0.0,0.0,0.0,0.0
19293,2023.0,5.0,14.0,23.0,19.494366,19.606255,17.383863,17.354721,19.344187,19.282412,19.234173,19.1873,17.924278,17.794708,18.300934,18.222267,20.583529,21.149683,19.494415,19.411907,17.114391,16.986822,0.0,0.0,0.0,0.0,0.0,4.0,0.0,0.0
19294,2023.0,5.0,14.0,23.0,19.35119,19.460888,17.359583,17.328798,19.185984,19.121124,19.065348,19.015741,17.679537,17.491753,18.160501,18.081902,19.870764,19.67512,19.346758,19.265541,17.025095,16.888138,0.0,0.0,0.0,0.0,0.0,0.0,0.0,0.0
19295,2023.0,5.0,14.0,23.0,19.230087,19.337694,17.335371,17.302996,19.0529,18.985945,18.923119,18.871664,17.587696,17.400507,18.042318,17.964321,19.56656,19.27878,19.220215,19.140022,17.772453,18.357405,0.0,0.0,0.0,0.0,0.0,0.0,0.0,4.0
19296,2023.0,5.0,15.0,0.0,19.125128,19.231916,17.311518,17.277763,18.937729,18.870035,18.800222,18.748178,17.624697,17.551344,17.939466,17.862858,19.445183,19.158596,19.107103,19.02359,17.199617,17.093248,0.0,0.0,0.0,0.0,0.0,0.0,0.0,0.0
19297,2023.0,5.0,15.0,0.0,19.022694,19.120045,17.283573,17.244192,18.825043,18.746729,18.680597,18.617346,17.59714,17.5237,17.836662,17.747316,19.523567,19.420935,19.000616,18.909025,16.993376,16.840479,0.0,0.0,0.0,0.0,0.0,0.0,0.0,0.0
19298,2023.0,5.0,15.0,0.0,18.936773,19.032455,17.257849,17.215195,18.731447,18.652065,18.581455,18.517153,17.552704,17.476269,17.751612,17.659517,19.467878,19.354633,18.909462,18.815521,16.922077,16.763273,0.0,0.0,0.0,0.0,0.0,0.0,0.0,0.0
19299,2023.0,5.0,15.0,0.0,18.863222,18.962135,17.234451,17.190794,18.651894,18.577305,18.49715,18.438055,18.104954,18.548792,17.678923,17.588602,19.407162,19.293713,18.829685,18.736565,16.956347,16.888374,0.0,0.0,0.0,4.0,0.0,0.0,0.0,0.0
19300,2023.0,5.0,15.0,0.0,18.791294,18.888466,17.209044,17.162228,18.573477,18.497799,18.414011,18.35395,17.697065,17.656542,17.608385,17.515404,20.079594,20.615942,18.753935,18.658648,16.940544,16.876842,0.0,0.0,0.0,0.0,0.0,4.0,0.0,0.0
19301,2023.0,5.0,15.0,0.0,18.724892,18.820072,17.18373,17.133686,18.50098,18.424076,18.337084,18.275963,17.423546,17.22054,17.543413,17.447765,19.370897,19.138685,18.68413,18.586714,16.910604,16.84482,0.0,0.0,0.0,0.0,0.0,0.0,0.0,0.0
19302,2023.0,5.0,15.0,1.0,18.656878,18.743868,17.15503,17.09831,18.426386,18.340878,18.257885,18.187943,17.304474,17.07149,17.47746,17.37336,19.103884,18.777115,18.61484,18.51073,16.878529,16.807875,0.0,0.0,0.0,0.0,0.0,0.0,0.0,0.0
19303,2023.0,5.0,15.0,1.0,18.599873,18.686188,17.130703,17.07172,18.36525,18.280386,18.193075,18.123981,17.38452,17.298325,17.742857,17.91885,19.011995,18.683937,18.555193,18.449766,16.849985,16.777143,0.0,0.0,0.0,0.0,4.0,0.0,0.0,0.0
19304,2023.0,5.0,15.0,1.0,18.54554,18.63076,17.10598,17.044147,18.306828,18.221542,18.131414,18.06194,17.36543,17.27203,17.481966,17.385498,19.128004,18.995249,18.49919,18.39229,16.822372,16.747284,0.0,0.0,0.0,0.0,0.0,0.0,0.0,0.0
19305,2023.0,5.0,15.0,1.0,18.490248,18.570513,17.078747,17.011307,18.246862,18.156342,18.068436,17.993439,17.330797,17.233107,17.374374,17.260944,19.109236,18.974405,18.443748,18.332893,16.794067,16.715355,0.0,0.0,0.0,0.0,0.0,0.0,0.0,0.0
19306,2023.0,5.0,15.0,1.0,18.443949,18.525585,17.056202,16.987877,18.197868,18.110134,18.017067,17.945,17.300293,17.20188,17.323128,17.211056,19.069721,18.93468,18.395193,18.284752,17.49533,18.056316,0.0,0.0,0.0,0.0,0.0,0.0,0.0,4.0
19307,2023.0,5.0,15.0,1.0,18.3954,18.473845,17.030561,16.958342,18.146189,18.055826,17.963028,17.88819,17.267649,17.166145,17.27041,17.154839,19.028084,18.889877,18.345705,18.23252,17.0098,16.972284,0.0,0.0,0.0,0.0,0.0,0.0,0.0,0.0
19308,2023.0,5.0,15.0,2.0,18.348684,18.42374,17.487442,17.833786,18.09656,18.003298,17.91139,17.833447,17.235384,17.130676,17.221031,17.101746,18.986784,18.845335,18.297941,18.181906,16.718239,16.502983,4.0,0.0,0.0,0.0,0.0,0.0,0.0,0.0
19309,2023.0,5.0,15.0,2.0,18.30438,18.376667,17.20684,17.215166,18.049538,17.953985,17.862505,17.78214,17.794867,18.20755,17.174698,17.052393,18.946835,18.802555,18.252232,18.133833,16.617079,16.386465,0.0,0.0,0.0,4.0,0.0,0.0,0.0,0.0
19310,2023.0,5.0,15.0,2.0,18.261686,18.330997,17.053736,16.977905,18.004229,17.906317,17.8153,17.732536,17.3874,17.309614,17.430399,17.566105,18.907885,18.760822,18.20789,18.087114,16.694782,16.603916,0.0,0.0,0.0,0.0,4.0,0.0,0.0,0.0
19311,2023.0,5.0,15.0,2.0,18.220531,18.286667,17.001837,16.91434,17.960371,17.859997,17.769575,17.684347,17.840437,18.24736,17.206406,17.094805,18.869556,18.719696,18.164698,18.041525,16.684916,16.591242,0.0,0.0,0.0,4.0,0.0,0.0,0.0,0.0
19312,2023.0,5.0,15.0,2.0,18.181244,18.244707,16.965221,16.874067,17.918495,17.816257,17.726046,17.638937,17.244831,16.991234,17.10296,16.9718,18.83235,18.680222,18.123068,17.99806,16.656414,16.560217,0.0,0.0,0.0,0.0,0.0,0.0,0.0,0.0
19313,2023.0,5.0,15.0,2.0,18.142424,18.202497,16.932304,16.837128,17.877003,17.772081,17.683,17.593164,17.604776,17.811163,17.054735,16.920816,18.795088,18.640114,18.08169,17.954243,17.354095,17.895504,0.0,0.0,0.0,4.0,0.0,0.0,0.0,4.0
19314,2023.0,5.0,15.0,3.0,18.104008,18.16035,16.900824,16.801615,17.836163,17.728188,17.640837,17.547834,17.149794,16.855902,17.007837,16.87051,18.758005,18.599943,18.040768,17.910627,17.452112,17.886433,0.0,0.0,0.0,0.0,0.0,0.0,0.0,4.0
19315,2023.0,5.0,15.0,3.0,18.068203,18.122612,16.872307,16.771025,17.798157,17.688942,17.601994,17.507502,16.960278,16.636583,16.965223,16.826124,18.722795,18.563084,18.001925,17.870478,16.759813,16.527523,0.0,0.0,0.0,0.0,0.0,0.0,0.0,0.0
19316,2023.0,5.0,15.0,3.0,18.030308,18.080105,16.841858,16.735771,17.757887,17.64405,17.56103,17.461582,16.877028,16.549015,16.92136,16.777315,18.686106,18.52249,17.961864,17.82692,16.539534,16.259306,0.0,0.0,0.0,0.0,0.0,0.0,0.0,0.0
19317,2023.0,5.0,15.0,3.0,18.000986,18.05439,16.816032,16.709337,17.723015,17.609167,17.525402,17.425861,17.012987,16.889635,16.88347,16.738813,18.652916,18.488234,17.9253,17.789515,16.458914,16.18181,0.0,0.0,0.0,0.0,0.0,0.0,0.0,0.0
19318,2023.0,5.0,15.0,3.0,17.970686,18.026165,16.78808,16.678297,17.68624,17.56974,17.4876,17.385382,17.005653,16.874743,16.84492,16.697493,18.619173,18.45214,17.888498,17.750763,16.573303,16.47834,0.0,0.0,0.0,0.0,0.0,0.0,0.0,0.0
19319,2023.0,5.0,15.0,3.0,17.94907,18.013105,16.763872,16.654497,17.653805,17.538433,17.454126,17.353172,17.567472,17.954906,16.810892,16.66399,18.588207,18.421019,17.854395,17.716703,16.55204,16.441685,0.0,0.0,0.0,4.0,0.0,0.0,0.0,0.0
19320,2023.0,5.0,15.0,4.0,17.918976,17.980574,16.737589,16.626266,17.619337,17.502476,17.418575,17.316195,17.162392,17.061838,16.775797,16.627161,18.556328,18.387434,17.819582,17.680492,16.522043,16.409792,0.0,0.0,0.0,0.0,0.0,0.0,0.0,0.0
19321,2023.0,5.0,15.0,4.0,17.889755,17.950525,16.713072,16.601357,17.586918,17.470165,17.38517,17.282936,17.028128,16.895447,17.032934,17.134968,18.52639,18.3572,17.786703,17.647532,17.218842,17.744946,0.0,0.0,0.0,0.0,4.0,0.0,0.0,4.0
19322,2023.0,5.0,15.0,4.0,17.85959,17.91843,16.68804,16.574905,17.553808,17.435808,17.351322,17.247728,16.981493,16.84664,16.821108,16.677822,18.496225,18.325665,17.753582,17.613195,17.530537,18.165356,0.0,0.0,0.0,0.0,0.0,0.0,0.0,4.0
19323,2023.0,5.0,15.0,4.0,17.829721,17.886864,16.663622,16.54917,17.521517,17.402473,17.318913,17.213963,16.941326,16.805246,17.054573,17.182508,18.467152,18.295546,17.721636,17.58039,17.42123,17.825405,0.0,0.0,0.0,0.0,4.0,0.0,0.0,4.0
19324,2023.0,5.0,15.0,4.0,17.80193,17.859396,16.641373,16.527533,17.49197,17.37417,17.289753,17.185623,16.908157,16.773008,16.827879,16.701294,18.44042,18.269417,17.692057,17.55159,16.70757,16.455212,0.0,0.0,0.0,0.0,0.0,0.0,0.0,0.0
19325,2023.0,5.0,15.0,4.0,17.772532,17.828661,16.617802,16.503017,17.460918,17.342497,17.259212,17.15406,16.875813,16.739885,16.722214,16.570026,18.413027,18.241306,17.661825,17.5208,17.228392,17.597668,0.0,0.0,0.0,0.0,0.0,0.0,0.0,4.0
19326,2023.0,5.0,15.0,5.0,17.742199,17.795944,16.5932,16.476503,17.42893,17.30868,17.227598,17.120352,16.844671,16.707108,17.000763,17.126755,18.385483,18.212278,17.631466,17.489124,17.402376,17.798126,0.0,0.0,0.0,0.0,4.0,0.0,0.0,4.0
19327,2023.0,5.0,15.0,5.0,17.713984,17.767344,16.57032,16.453396,17.399406,17.279516,17.19858,17.091381,16.816826,16.679413,16.773808,16.6447,18.359892,18.186642,17.603153,17.460997,16.709064,16.450426,0.0,0.0,0.0,0.0,0.0,0.0,0.0,0.0
19328,2023.0,5.0,15.0,5.0,17.682108,17.731525,16.543243,16.421915,17.36537,17.241262,17.165157,17.05347,16.78682,16.64643,16.66597,16.507677,18.331705,18.15561,17.57235,17.427652,16.468483,16.153965,0.0,0.0,0.0,0.0,0.0,0.0,0.0,0.0
19329,2023.0,5.0,15.0,5.0,17.654144,17.703457,16.999144,17.295376,17.336733,17.21378,17.136778,17.026106,17.339577,17.707495,16.922192,17.019882,18.30675,18.130903,17.544672,17.400389,17.130854,17.489616,4.0,0.0,0.0,4.0,4.0,0.0,0.0,4.0
19330,2023.0,5.0,15.0,5.0,17.624695,17.672247,16.739859,16.720041,17.305855,17.181692,17.827341,18.348175,16.963182,16.870153,17.034674,17.172192,18.280712,18.103813,17.516005,17.370909,16.575535,16.310863,0.0,0.0,4.0,0.0,4.0,0.0,0.0,0.0
19331,2023.0,5.0,15.0,5.0,18.310677,18.981533,16.574526,16.45936,17.992723,18.496826,18.025688,18.565912,17.387224,17.746115,16.533949,16.182198,19.001167,19.48769,17.487469,17.341383,17.106857,17.452019,0.0,4.0,4.0,4.0,0.0,4.0,0.0,4.0
19332,2023.0,5.0,15.0,6.0,18.518473,19.221695,16.986897,17.263971,17.582918,17.584494,17.830067,18.099146,16.80067,16.504774,16.323828,15.921881,18.50793,18.410206,18.462467,19.2001,16.56226,16.298023,4.0,0.0,4.0,0.0,0.0,0.0,4.0,0.0
19333,2023.0,5.0,15.0,6.0,21.363377,24.104572,20.257332,22.896217,21.216076,24.015385,21.24325,24.025522,17.172447,17.348427,16.79279,16.897537,21.367058,23.36167,22.251719,25.661789,17.109095,17.472109,0.0,0.0,0.0,4.0,4.0,4.0,4.0,4.0
19334,2023.0,5.0,15.0,6.0,21.014927,23.06713,18.62577,19.237434,21.00568,23.13475,21.028753,23.213022,20.382252,22.835442,20.324638,22.909786,21.036253,22.562208,20.89401,22.636358,21.718695,25.298897,4.0,4.0,0.0,0.0,4.0,0.0,0.0,0.0
19335,2023.0,5.0,15.0,6.0,21.154692,23.11665,20.277315,22.45535,21.156916,23.171734,21.153837,23.1994,18.621672,18.949493,20.01213,21.915619,21.124752,22.521914,21.22311,23.044825,18.606743,18.629593,4.0,0.0,0.0,4.0,0.0,4.0,4.0,0.0
19336,2023.0,5.0,15.0,6.0,21.049011,22.745565,20.040712,21.741934,21.050285,22.744059,21.03578,22.795902,20.294275,22.243608,18.679102,19.064829,21.03399,22.200686,21.072165,22.613781,17.857767,18.150312,0.0,4.0,4.0,4.0,4.0,4.0,0.0,4.0
19337,2023.0,5.0,15.0,6.0,21.048096,22.631708,18.220373,18.07307,21.055044,22.621655,21.060219,22.708206,20.012579,21.455433,20.262627,22.147892,21.032328,22.097887,21.065973,22.48337,20.437717,22.665201,0.0,4.0,4.0,4.0,0.0,4.0,0.0,4.0
19338,2023.0,5.0,15.0,7.0,21.046608,22.54542,17.470537,17.284725,21.052826,22.522385,21.079988,22.6693,20.045246,21.361328,18.666422,18.804285,21.030973,22.020363,21.025774,22.285254,20.041563,21.67311,0.0,4.0,0.0,4.0,0.0,4.0,4.0,0.0
19339,2023.0,5.0,15.0,7.0,21.045216,22.47971,17.77659,17.996645,21.051327,22.448751,21.073612,22.577755,20.06645,21.311075,17.758484,17.594517,21.029673,21.96053,21.07114,22.342348,18.221743,18.013329,4.0,4.0,0.0,0.0,0.0,4.0,0.0,0.0
19340,2023.0,5.0,15.0,7.0,21.043762,22.428385,20.273209,22.34989,21.074919,22.460804,21.0481,22.446693,19.09941,19.325823,17.90393,18.054247,21.02831,21.912817,21.061554,22.26827,17.341263,16.942549,4.0,0.0,4.0,4.0,4.0,4.0,0.0,0.0
19341,2023.0,5.0,15.0,7.0,21.043013,22.388695,20.02475,21.6061,21.06861,22.399033,21.077122,22.482899,20.249123,21.581707,20.290966,22.171316,21.027317,21.874329,21.06138,22.22187,17.30343,17.124405,4.0,0.0,0.0,0.0,4.0,4.0,0.0,0.0
19342,2023.0,5.0,15.0,7.0,21.041832,22.355303,20.076664,21.559498,21.042982,22.287825,21.045385,22.362812,18.601234,18.324442,20.023588,21.416552,21.026278,21.841688,21.046412,22.18149,17.2446,17.086657,0.0,4.0,4.0,0.0,4.0,4.0,0.0,0.0
19343,2023.0,5.0,15.0,7.0,21.04107,22.328878,18.403816,18.229662,21.04707,22.269176,21.050196,22.346952,17.766626,17.30679,20.071163,21.350248,21.05565,21.89205,21.047495,22.169603,17.139303,16.986244,0.0,4.0,4.0,0.0,0.0,0.0,0.0,0.0
19344,2023.0,5.0,15.0,8.0,21.0674,22.381014,17.707186,17.51229,21.07117,22.316046,21.074038,22.39418,17.75271,17.531013,18.824652,18.809502,21.04965,21.847668,21.046839,22.153358,17.050198,16.901081,0.0,0.0,0.0,0.0,4.0,0.0,0.0,0.0
19345,2023.0,5.0,15.0,8.0,20.097466,20.468107,17.997662,18.20564,19.511492,19.303545,19.434345,19.228561,17.71541,17.529032,20.293842,21.689482,19.809074,19.436537,19.830706,19.79841,16.979181,16.836132,4.0,0.0,0.0,0.0,0.0,0.0,0.0,0.0
19346,2023.0,5.0,15.0,8.0,19.042122,18.842138,20.2596,22.192324,18.584187,18.107199,18.479252,18.014618,17.614208,17.434805,18.629257,18.393862,19.916376,20.051542,19.178688,19.002077,16.917603,16.778088,0.0,0.0,0.0,0.0,0.0,4.0,0.0,0.0
19347,2023.0,5.0,15.0,8.0,18.549969,18.252117,18.735964,18.998318,18.509724,18.273998,18.395458,18.173426,17.523546,17.348751,17.967329,17.729868,20.034945,20.211094,18.924854,18.735731,16.863443,16.726048,0.0,0.0,0.0,0.0,0.0,4.0,0.0,0.0
19348,2023.0,5.0,15.0,8.0,18.350496,18.044764,17.969078,17.824005,18.447624,18.265295,18.323893,18.155415,17.458847,17.284437,17.870716,17.651703,19.351389,18.946377,18.778551,18.585875,16.823011,16.685614,0.0,0.0,0.0,0.0,0.0,0.0,0.0,0.0
19349,2023.0,5.0,15.0,8.0,18.461916,18.429186,17.740873,17.57308,18.328302,18.154507,18.899014,19.357224,17.402157,17.230469,17.76811,17.553625,19.037281,18.540348,18.657307,18.46921,16.787544,16.651285,0.0,0.0,4.0,0.0,0.0,0.0,0.0,0.0
19350,2023.0,5.0,15.0,9.0,18.4257,18.435135,17.58376,17.415482,18.217878,18.047691,19.015282,19.519787,17.352015,17.181293,18.076237,18.216253,18.892633,18.395102,18.552446,18.366259,16.756485,16.620365,0.0,0.0,4.0,0.0,4.0,0.0,0.0,0.0
19351,2023.0,5.0,15.0,9.0,18.347244,18.368567,17.469366,17.313305,18.124708,17.966566,18.190626,17.957685,17.311756,17.14583,20.253412,22.005482,19.025024,18.772491,18.466993,18.28914,16.732704,16.59949,0.0,0.0,0.0,0.0,0.0,0.0,0.0,0.0
19352,2023.0,5.0,15.0,9.0,18.25768,18.287617,17.35289,17.205482,18.69921,19.140505,17.694632,17.31274,17.270075,17.107729,18.844696,19.002266,19.047667,18.838913,18.377403,18.205006,16.708136,16.577145,0.0,4.0,0.0,0.0,0.0,0.0,0.0,0.0
19353,2023.0,5.0,15.0,9.0,18.188282,18.22345,17.270351,17.12643,18.300854,18.315435,17.541262,17.149012,17.239796,17.079365,18.189901,17.991404,19.777006,20.26601,19.349344,20.101704,16.689873,16.5602,0.0,0.0,0.0,0.0,0.0,4.0,4.0,0.0
19354,2023.0,5.0,15.0,9.0,18.123604,18.166042,17.197334,17.061071,17.804747,17.465591,17.647617,17.47621,17.213305,17.0556,18.01471,17.79983,19.06413,18.763966,18.4962,18.270128,16.673864,16.545897,0.0,0.0,0.0,0.0,0.0,0.0,0.0,0.0
19355,2023.0,5.0,15.0,9.0,18.060434,18.104902,17.12675,16.991503,17.604021,17.21593,17.64881,17.528122,17.188932,17.032045,17.8877,17.66481,18.745508,18.300022,18.126856,17.751146,16.659101,16.531843,0.0,0.0,0.0,0.0,0.0,0.0,0.0,0.0
19356,2023.0,5.0,15.0,10.0,18.00772,18.060051,17.071177,16.946115,17.739746,17.596376,17.596115,17.48494,17.169641,17.01586,17.801937,17.58854,18.89341,18.685396,18.026945,17.665573,16.647198,16.52192,0.0,0.0,0.0,0.0,0.0,0.0,0.0,0.0
19357,2023.0,5.0,15.0,10.0,17.959028,18.018885,17.0199,16.903759,17.720196,17.600948,17.544525,17.442076,17.15214,17.000639,17.729713,17.524847,19.68246,20.198458,18.117256,17.933304,16.636034,16.511965,0.0,0.0,0.0,0.0,0.0,4.0,0.0,0.0
19358,2023.0,5.0,15.0,10.0,18.65635,19.376442,17.42878,17.717066,17.673254,17.562088,18.196678,18.717073,17.135895,16.985704,17.66451,17.463923,18.983742,18.711351,18.117283,17.95701,16.625603,16.50218,4.0,0.0,4.0,0.0,0.0,0.0,0.0,0.0
19359,2023.0,5.0,15.0,10.0,18.838545,19.57843,20.249968,22.600456,17.626474,17.521484,17.792786,17.843975,17.122149,16.973124,17.607721,17.410217,18.701786,18.297567,18.08393,17.928225,16.61683,16.493988,0.0,0.0,0.0,0.0,0.0,0.0,0.0,0.0
19360,2023.0,5.0,15.0,10.0,18.086582,18.093016,18.578596,18.9788,17.57567,17.476776,17.300707,17.057926,17.110317,16.962519,17.553976,17.3614,18.609196,18.204903,18.04554,17.892727,16.607927,16.485653,0.0,0.0,0.0,0.0,0.0,0.0,0.0,0.0
19361,2023.0,5.0,15.0,10.0,17.757887,17.617476,17.708616,17.611578,17.531027,17.434359,17.14445,16.85409,17.102686,16.955715,17.51672,17.324886,18.762896,18.566973,18.01225,17.859764,16.600435,16.478325,0.0,0.0,0.0,0.0,0.0,0.0,0.0,0.0
19362,2023.0,5.0,15.0,11.0,17.659216,17.529024,17.517216,17.412588,17.490313,17.39893,17.266548,17.17364,17.095114,16.949806,17.484026,17.296356,18.77987,18.59846,17.981642,17.831594,16.593191,16.471985,0.0,0.0,0.0,0.0,0.0,0.0,0.0,0.0
19363,2023.0,5.0,15.0,11.0,17.782028,17.85834,17.386776,17.287092,17.45171,17.364958,17.259043,17.184559,17.086206,16.942297,17.452877,17.268644,18.765608,18.587687,17.952194,17.804228,16.585356,16.465021,0.0,0.0,0.0,0.0,0.0,0.0,0.0,0.0
19364,2023.0,5.0,15.0,11.0,17.769396,17.861189,17.291462,17.20205,18.131384,18.678185,17.228352,17.160406,17.076523,16.934624,17.423891,17.244486,18.748703,18.574217,17.924614,17.77999,16.577251,16.45842,0.0,4.0,0.0,0.0,0.0,0.0,0.0,0.0
19365,2023.0,5.0,15.0,11.0,17.735523,17.832432,17.20688,17.122541,17.730114,17.794962,17.901695,18.45661,17.065706,16.925827,17.394823,17.219164,19.511726,20.040298,18.95446,19.75234,16.568403,16.45118,0.0,0.0,4.0,0.0,0.0,4.0,4.0,0.0
19366,2023.0,5.0,15.0,11.0,18.445673,19.200602,17.13307,17.053085,17.332798,17.110126,18.115053,18.713606,17.054237,16.916544,17.36673,17.194706,18.872068,18.665274,18.174627,18.0389,16.559418,16.444023,0.0,0.0,4.0,0.0,0.0,0.0,0.0,0.0
19367,2023.0,5.0,15.0,11.0,18.440731,19.011992,17.066809,16.990332,17.891695,18.241524,17.9894,18.39355,17.042912,16.90731,17.340153,17.17132,18.592857,18.23572,17.849981,17.560577,16.551228,16.437689,0.0,4.0,4.0,0.0,0.0,0.0,0.0,0.0
19368,2023.0,5.0,15.0,12.0,17.808916,17.81153,17.479734,17.819149,18.04996,18.443544,17.38109,17.253191,17.032963,16.899559,17.316078,17.150604,18.524738,18.16728,17.762192,17.473003,16.544163,16.432592,4.0,4.0,0.0,0.0,0.0,0.0,0.0,0.0
19369,2023.0,5.0,15.0,12.0,21.299007,24.053852,20.27903,22.672,21.278065,24.035019,21.278479,24.204481,17.023336,16.89141,17.293375,17.13023,21.273132,23.021114,21.455498,23.93693,16.536976,16.426704,0.0,0.0,4.0,0.0,0.0,0.0,0.0,0.0
19370,2023.0,5.0,15.0,12.0,21.0284,23.182127,18.565254,18.97188,21.002125,23.099457,21.029581,23.319328,17.015352,16.88461,17.273565,17.112715,21.012968,22.365335,21.004417,22.836754,16.531124,16.421785,0.0,4.0,0.0,0.0,0.0,0.0,0.0,0.0
19371,2023.0,5.0,15.0,12.0,21.115904,23.0792,17.967878,18.358318,21.167603,23.194252,21.176296,23.320139,17.00994,16.88051,17.255554,17.095757,21.094498,22.35128,21.12725,22.84514,16.528698,16.420738,4.0,0.0,0.0,0.0,0.0,0.0,0.0,0.0
19372,2023.0,5.0,15.0,12.0,21.149199,23.034025,20.268133,22.371542,21.145248,22.967913,21.162672,23.13423,17.007393,16.879745,17.24226,17.085684,21.133984,22.32059,21.189793,22.826675,16.529257,16.422773,0.0,4.0,4.0,0.0,0.0,0.0,0.0,0.0
19373,2023.0,5.0,15.0,12.0,21.064743,22.754063,18.485828,18.635967,21.074577,22.730808,21.079966,22.85607,17.006317,16.880299,17.231802,17.077345,21.035898,22.03801,21.048206,22.43191,16.531078,16.426254,0.0,0.0,0.0,0.0,0.0,0.0,0.0,0.0
19374,2023.0,5.0,15.0,13.0,21.032997,22.592728,17.596107,17.540081,21.062574,22.622013,21.065811,22.734194,17.005114,16.880919,17.22118,17.068722,21.032688,21.970634,21.04333,22.345081,16.533125,16.430109,0.0,0.0,0.0,0.0,0.0,0.0,0.0,0.0
19375,2023.0,5.0,15.0,13.0,21.04091,22.555502,17.91583,18.28923,21.052258,22.560274,21.068455,22.667416,17.00235,16.879086,17.2093,17.0583,21.00197,21.845568,21.044422,22.289309,16.533657,16.431536,4.0,0.0,0.0,0.0,0.0,4.0,0.0,0.0
19376,2023.0,5.0,15.0,13.0,21.19494,22.824059,20.260494,22.368124,21.05331,22.526253,21.030582,22.541954,16.998714,16.87659,17.1967,17.047365,21.139565,22.091255,21.044403,22.244463,16.53314,16.431978,0.0,0.0,4.0,0.0,0.0,0.0,0.0,0.0
19377,2023.0,5.0,15.0,13.0,21.064672,22.547157,18.689632,19.048784,21.027718,22.42619,21.061354,22.601673,16.994955,16.873957,17.18598,17.038073,21.010641,21.770449,21.043816,22.20887,16.531803,16.431747,0.0,4.0,0.0,0.0,0.0,4.0,0.0,0.0
19378,2023.0,5.0,15.0,13.0,21.058258,22.503109,17.698595,17.675312,21.057482,22.48567,21.066298,22.563515,16.990221,16.870344,17.17452,17.027956,21.046589,21.836613,21.042448,22.178879,16.529684,16.430706,0.0,0.0,0.0,0.0,0.0,0.0,0.0,0.0
19379,2023.0,5.0,15.0,13.0,21.073872,22.473412,17.45028,17.381369,21.08455,22.460989,21.130962,22.64543,16.985058,16.866032,17.16231,17.016516,21.081455,21.872843,21.088959,22.243477,16.52738,16.429277,0.0,4.0,0.0,0.0,0.0,0.0,0.0,0.0
19380,2023.0,5.0,15.0,14.0,21.11634,22.563772,17.316652,17.249546,21.081789,22.419579,21.106743,22.570393,16.98037,16.861938,17.15079,17.005745,21.027384,21.706259,21.08585,22.202057,16.525547,16.428028,0.0,4.0,0.0,0.0,0.0,4.0,0.0,0.0
19381,2023.0,5.0,15.0,14.0,19.686962,19.786825,17.222204,17.170504,20.08715,20.49148,19.752102,19.965347,16.977789,16.861094,17.51579,17.699146,20.03883,19.840355,19.954748,20.007782,16.52546,16.429337,0.0,4.0,0.0,0.0,4.0,0.0,0.0,0.0
19382,2023.0,5.0,15.0,14.0,19.069405,18.94743,17.147758,17.096476,19.130367,18.922112,19.102655,19.05892,17.717808,18.256693,20.23247,22.451237,19.625511,19.253511,19.463875,19.319191,17.476381,18.224373,0.0,0.0,0.0,4.0,0.0,0.0,0.0,4.0
19383,2023.0,5.0,15.0,14.0,18.951921,19.016401,17.073765,17.026451,18.64156,18.356724,18.781252,18.726109,20.300323,22.579788,18.95248,19.525087,19.436552,19.066187,19.213654,19.061872,20.325975,22.936535,0.0,0.0,0.0,0.0,4.0,0.0,0.0,0.0
19384,2023.0,5.0,15.0,14.0,18.82423,18.923523,17.007786,16.962605,19.031916,19.30201,18.547464,18.490458,18.934767,19.500607,20.24615,22.05806,19.465647,19.266235,19.03323,18.883192,18.132866,18.254478,0.0,4.0,0.0,4.0,0.0,0.0,0.0,0.0
19385,2023.0,5.0,15.0,14.0,19.38064,20.106655,16.95162,16.908144,18.565622,18.403187,19.03007,19.557526,20.223158,22.011362,18.86463,19.11881,20.197151,20.70599,18.889257,18.742645,17.141619,16.968468,0.0,0.0,4.0,4.0,0.0,4.0,0.0,0.0
19386,2023.0,5.0,15.0,15.0,19.557858,20.314806,16.901983,16.8596,18.183699,17.930851,18.597952,18.661358,20.033236,21.4623,18.014286,17.90279,20.281013,20.675453,18.76638,18.621754,17.025135,16.913565,0.0,0.0,0.0,0.0,0.0,4.0,0.0,0.0
19387,2023.0,5.0,15.0,15.0,19.358364,19.927458,17.310377,17.661152,18.023743,17.774809,18.082764,17.904861,18.63013,18.624489,17.813265,17.669462,20.247347,20.627377,18.663128,18.523558,16.968018,16.864641,4.0,0.0,0.0,0.0,0.0,4.0,0.0,0.0
19388,2023.0,5.0,15.0,15.0,19.289505,19.842539,20.291023,22.815756,18.743166,19.237358,17.879015,17.65726,18.037872,17.762682,17.722864,17.57017,20.2507,20.630568,19.603706,20.372408,16.916164,16.813166,0.0,4.0,0.0,0.0,0.0,4.0,4.0,0.0
19389,2023.0,5.0,15.0,15.0,19.258797,19.821114,18.856771,19.59606,19.047743,19.642288,17.878313,17.796865,17.920216,17.759535,17.643475,17.494455,20.255026,20.635918,18.928864,18.816896,16.86052,16.75951,4.0,4.0,0.0,0.0,0.0,4.0,0.0,0.0
19390,2023.0,5.0,15.0,15.0,18.629894,18.670261,20.236563,22.116867,18.341528,18.285606,17.841469,17.790754,17.84421,17.702593,17.588455,17.439009,20.258505,20.640467,18.549496,18.281021,16.818317,16.71792,4.0,0.0,0.0,0.0,0.0,4.0,0.0,0.0
19391,2023.0,5.0,15.0,15.0,18.957884,19.51271,20.03716,21.590395,17.901741,17.690138,17.762192,17.715515,18.490448,19.019583,17.531576,17.38525,19.507723,19.22283,18.382994,18.11,16.773096,16.674341,0.0,0.0,0.0,4.0,0.0,0.0,0.0,0.0
19392,2023.0,5.0,15.0,16.0,19.101812,19.67658,18.575838,18.679436,18.399082,18.739208,18.374008,18.930998,20.20359,21.924568,17.482182,17.3406,19.193897,18.859015,19.261337,19.867687,17.667955,18.400715,0.0,4.0,4.0,0.0,0.0,0.0,4.0,4.0
19393,2023.0,5.0,15.0,16.0,19.092089,19.661074,18.286594,18.632233,18.6169,19.026167,18.031311,18.120483,18.643494,18.671185,17.43499,17.295969,19.81104,20.125666,18.709246,18.579557,20.292086,22.732397,4.0,4.0,0.0,0.0,0.0,4.0,0.0,4.0
19394,2023.0,5.0,15.0,16.0,19.078222,19.64025,20.23948,22.076166,18.632402,19.03986,17.570093,17.41293,17.832823,17.594887,17.388742,17.250612,20.072618,20.467663,18.297464,18.048565,20.03797,21.949282,4.0,4.0,0.0,0.0,0.0,4.0,0.0,0.0
19395,2023.0,5.0,15.0,16.0,19.07163,19.637756,20.019735,21.472612,18.634798,19.039534,18.055475,18.43424,17.728476,17.58552,17.347744,17.211163,20.110798,20.508415,18.157602,17.898142,18.273333,18.33639,4.0,4.0,4.0,0.0,0.0,4.0,0.0,0.0
19396,2023.0,5.0,15.0,16.0,19.064386,19.629137,20.047142,21.417755,18.053835,17.958193,17.684557,17.601217,17.668863,17.542141,17.311903,17.17736,19.434227,19.220568,19.083605,19.722506,17.404142,17.203903,4.0,0.0,0.0,0.0,0.0,0.0,4.0,0.0
19397,2023.0,5.0,15.0,16.0,18.425097,18.443855,20.042322,21.331964,18.370955,18.7394,18.047863,18.452938,17.589073,17.465569,17.27937,17.146885,19.084723,18.761501,18.502924,18.353456,17.158998,16.936735,4.0,4.0,4.0,0.0,0.0,0.0,0.0,0.0
19398,2023.0,5.0,15.0,17.0,18.797373,19.35798,20.041912,21.275433,18.531212,18.933119,17.619257,17.519949,17.515942,17.394386,17.249353,17.118898,18.956701,18.624865,18.123032,17.874315,17.117142,16.995642,4.0,4.0,0.0,0.0,0.0,0.0,0.0,0.0
19399,2023.0,5.0,15.0,17.0,18.310106,18.330544,20.041359,21.232014,18.53984,18.937103,17.31601,17.128075,17.451427,17.332047,17.2205,17.091564,19.626816,19.969715,17.99828,17.741385,17.99967,18.729326,4.0,4.0,0.0,0.0,0.0,4.0,0.0,4.0
19400,2023.0,5.0,15.0,17.0,18.685375,19.233807,20.040915,21.19781,18.539927,18.932434,17.201622,16.9985,17.39265,17.275177,17.192156,17.064537,19.192083,18.980692,18.039473,17.904318,20.291069,22.552452,4.0,4.0,0.0,0.0,0.0,0.0,0.0,0.0
19401,2023.0,5.0,15.0,17.0,18.853992,19.41727,20.040558,21.170008,18.535892,18.923742,17.966856,18.5115,17.33881,17.222692,17.562456,17.786633,18.872274,18.553198,18.038338,17.921177,18.302593,18.3867,4.0,4.0,4.0,0.0,4.0,0.0,0.0,0.0
19402,2023.0,5.0,15.0,17.0,18.853075,19.403093,20.040188,21.14602,18.529089,18.912395,17.545559,17.480013,17.289705,17.17507,20.30618,22.430016,18.762049,18.431551,17.999346,17.885675,17.354694,17.147861,4.0,4.0,0.0,0.0,4.0,0.0,0.0,0.0
19403,2023.0,5.0,15.0,17.0,18.856897,19.404829,20.057207,21.17212,17.94286,17.825684,17.836704,18.220787,17.243956,17.131096,20.016563,21.655481,18.85303,18.686832,19.01279,19.840061,17.215302,17.094019,0.0,0.0,4.0,0.0,0.0,0.0,4.0,0.0
19404,2023.0,5.0,15.0,18.0,18.864214,19.412588,18.836185,18.811321,18.23784,18.567076,17.445839,17.353357,17.201355,17.0913,18.778788,19.025333,18.874153,18.733925,18.324373,18.203764,18.054663,18.765032,0.0,4.0,0.0,0.0,4.0,0.0,0.0,4.0
19405,2023.0,5.0,15.0,18.0,21.296448,23.662233,18.6078,18.645424,21.325794,23.92711,21.28409,24.20775,17.162706,17.05334,20.28544,21.75717,21.262943,22.943815,22.140352,25.146563,20.290432,22.579931,4.0,0.0,0.0,0.0,0.0,0.0,0.0,0.0
19406,2023.0,5.0,15.0,18.0,21.156874,23.14228,20.204576,21.620792,21.129356,23.203413,21.12007,23.440796,17.12246,17.014835,18.716469,18.655867,21.12648,22.547665,21.189022,23.038261,18.239717,18.276484,0.0,0.0,4.0,0.0,0.0,0.0,4.0,0.0
19407,2023.0,5.0,15.0,18.0,21.046461,22.75132,18.80584,18.795198,21.05016,22.804178,21.085518,23.117603,17.084839,16.980042,18.027771,17.883718,21.012272,22.15201,21.072803,22.64705,17.2745,17.029049,0.0,4.0,0.0,0.0,0.0,4.0,0.0,0.0
19408,2023.0,5.0,15.0,18.0,21.135536,22.826473,18.13802,18.029041,21.107374,22.756796,21.160719,23.058388,17.046524,16.942606,17.859327,17.707771,21.057194,22.11623,21.13071,22.61229,17.180399,17.066696,0.0,4.0,0.0,0.0,0.0,4.0,0.0,0.0
19409,2023.0,5.0,15.0,18.0,21.024992,22.502369,17.979998,17.886383,21.038603,22.533663,21.045712,22.746902,17.809065,18.41867,17.73215,17.594852,21.048674,22.04506,21.048954,22.366922,17.105703,17.000723,0.0,4.0,0.0,4.0,0.0,0.0,0.0,0.0
19410,2023.0,5.0,15.0,19.0,21.040909,22.47466,18.267998,18.554234,21.046215,22.4778,21.034937,22.633924,20.271334,22.499294,17.611183,17.47822,21.017027,21.899359,21.047255,22.31796,17.01755,16.918715,4.0,4.0,4.0,4.0,0.0,4.0,0.0,0.0
19411,2023.0,5.0,15.0,19.0,21.037436,22.42388,20.232208,21.994165,21.044138,22.419548,21.051256,22.589058,20.03864,21.748758,17.502054,17.371416,21.021374,21.868813,21.046806,22.281298,16.938068,16.844563,0.0,4.0,4.0,0.0,0.0,4.0,0.0,0.0
19412,2023.0,5.0,15.0,19.0,21.036993,22.38756,19.205677,19.767673,21.043365,22.375393,21.048212,22.52746,18.347862,18.280588,17.790022,17.998646,21.050533,21.91721,21.006994,22.14706,16.869411,16.781466,4.0,4.0,4.0,0.0,4.0,0.0,4.0,0.0
19413,2023.0,5.0,15.0,19.0,21.21131,22.707842,20.22192,21.793026,21.202196,22.65856,21.166485,22.739424,17.492386,17.194008,20.29765,22.296083,21.13858,22.062956,21.208754,22.543093,16.80845,16.725592,0.0,4.0,0.0,0.0,0.0,0.0,0.0,0.0
19414,2023.0,5.0,15.0,19.0,21.035757,22.328022,19.012894,19.268492,21.041441,22.304024,21.041119,22.424974,18.007502,18.358173,18.731981,18.982746,21.04494,21.848701,21.054512,22.19826,16.753822,16.676208,4.0,4.0,4.0,4.0,0.0,0.0,0.0,0.0
19415,2023.0,5.0,15.0,19.0,21.205013,22.648531,20.198236,21.709183,21.196354,22.591223,21.161499,22.65562,20.328768,22.234144,17.823135,17.734077,21.196547,22.11652,21.199444,22.462805,16.703732,16.631124,4.0,4.0,0.0,0.0,0.0,4.0,0.0,0.0
19416,2023.0,5.0,15.0,20.0,21.03403,22.284481,20.021635,21.226826,21.065432,22.32437,21.064608,22.430273,18.43767,18.374464,17.598127,17.486998,21.019238,21.753014,21.054771,22.149225,16.657396,16.589584,4.0,0.0,0.0,0.0,0.0,4.0,0.0,0.0
19417,2023.0,5.0,15.0,20.0,21.062052,22.344778,20.043528,21.18861,21.059156,22.288055,21.064016,22.403334,17.501194,17.182959,17.45882,17.33893,21.050678,21.832264,21.042585,22.133419,16.60082,16.521336,4.0,0.0,0.0,0.0,0.0,0.0,0.0,0.0
19418,2023.0,5.0,15.0,20.0,21.069042,22.303957,20.116522,21.287325,21.0799,22.274038,21.06066,22.372906,17.472158,17.354818,17.345211,17.221508,21.091087,21.894835,21.089874,22.228392,16.548126,16.463215,0.0,4.0,4.0,0.0,0.0,0.0,0.0,0.0
19419,2023.0,5.0,15.0,20.0,21.031366,22.225657,19.071749,19.19962,21.036135,22.179552,21.069149,22.391712,17.39961,17.28899,17.635841,17.85274,21.041117,21.783308,21.038898,22.123943,17.434647,18.173868,4.0,4.0,0.0,0.0,4.0,0.0,0.0,4.0
19420,2023.0,5.0,15.0,20.0,21.21525,22.583876,20.203516,21.56053,21.17256,22.460148,21.198103,22.605497,17.295464,17.185411,20.357803,22.399605,21.201035,22.07581,21.404837,22.828781,20.353806,23.012457,0.0,0.0,4.0,0.0,0.0,4.0,4.0,0.0
19421,2023.0,5.0,15.0,20.0,21.06262,22.282854,19.034952,19.152304,21.036066,22.14611,21.070911,22.346876,17.902767,18.410242,18.636675,18.864777,21.052206,21.792181,21.065874,22.150091,17.9279,17.880245,4.0,4.0,0.0,4.0,0.0,0.0,0.0,0.0
19422,2023.0,5.0,15.0,21.0,21.057898,22.256744,20.213633,21.609882,21.067934,22.21735,21.066006,22.315393,20.29572,22.416965,17.651855,17.516584,21.017466,21.697523,21.057337,22.115349,16.84325,16.530382,0.0,0.0,0.0,0.0,0.0,4.0,0.0,0.0
19423,2023.0,5.0,15.0,21.0,21.057981,22.239338,18.998274,19.092735,21.0619,22.188866,21.041403,22.227633,18.230553,18.090078,17.4169,17.266098,21.053638,21.790268,21.05815,22.100792,17.822441,18.61312,4.0,0.0,4.0,0.0,0.0,0.0,0.0,4.0
19424,2023.0,5.0,15.0,21.0,21.058,22.223732,20.215786,21.628447,21.03714,22.103941,21.071682,22.296583,17.216246,16.817932,17.27145,17.112997,21.01792,21.693302,21.018076,21.98033,20.303526,22.683971,0.0,4.0,0.0,0.0,0.0,4.0,4.0,0.0
19425,2023.0,5.0,15.0,21.0,21.014742,22.13793,18.655533,18.464085,21.042234,22.105833,21.065687,22.268732,17.216722,17.057512,17.498505,17.641233,21.05419,21.78525,21.066202,22.102463,17.99681,17.873264,0.0,4.0,0.0,0.0,4.0,0.0,0.0,0.0
19426,2023.0,5.0,15.0,21.0,21.038996,22.17151,18.465002,18.654192,21.067368,22.168865,21.04839,22.254364,17.183851,17.039831,20.386145,22.481432,21.048716,21.765587,21.057697,22.075464,16.95141,16.59687,4.0,0.0,0.0,0.0,4.0,0.0,0.0,0.0
19427,2023.0,5.0,15.0,21.0,21.17471,22.453959,20.224594,21.760029,21.17247,22.3656,21.255657,22.658438,17.81679,18.320385,20.036505,21.637735,21.134071,21.927298,21.207336,22.363497,16.683159,16.312302,0.0,0.0,4.0,4.0,0.0,0.0,0.0,0.0
19428,2023.0,5.0,15.0,22.0,21.057928,22.201845,18.923935,19.082373,21.062292,22.128086,21.073378,22.280535,20.293995,22.434359,18.245117,17.99784,21.033167,21.746675,21.043089,22.05031,17.77098,18.551102,0.0,0.0,0.0,4.0,0.0,0.0,0.0,4.0
19429,2023.0,5.0,15.0,22.0,21.058393,22.187977,18.11549,17.983189,21.043999,22.116947,21.04048,22.173702,20.044207,21.683043,17.255495,16.754946,21.035295,21.765867,21.04529,22.066902,20.305172,22.6918,0.0,0.0,4.0,0.0,0.0,0.0,0.0,0.0
19430,2023.0,5.0,15.0,22.0,21.01371,22.100399,18.300186,18.501734,21.020908,22.065289,21.071514,22.242294,18.737873,18.946152,17.573103,17.623775,21.035307,21.775635,21.045282,22.07422,17.969597,17.816177,4.0,4.0,0.0,4.0,4.0,0.0,0.0,0.0
19431,2023.0,5.0,15.0,22.0,21.066032,22.208294,20.247255,21.929327,21.05134,22.160503,21.065443,22.21437,20.447075,22.230173,20.376255,22.331114,21.035316,21.781776,21.04537,22.078407,16.916903,16.537107,0.0,0.0,0.0,0.0,0.0,0.0,0.0,0.0
19432,2023.0,5.0,15.0,22.0,21.030088,22.10023,18.502161,18.320148,21.064335,22.153175,21.065815,22.19992,18.390865,18.134176,18.649479,18.822466,21.005215,21.70701,21.0452,22.08016,17.72821,18.3251,0.0,0.0,0.0,0.0,0.0,4.0,0.0,4.0
19433,2023.0,5.0,15.0,22.0,21.063684,22.179377,17.468208,16.91047,21.062347,22.124603,21.046606,22.18612,17.427444,16.963978,17.681355,17.52633,21.057198,21.807842,21.045242,22.08107,20.29399,22.567776,0.0,0.0,0.0,0.0,0.0,0.0,0.0,4.0
19434,2023.0,5.0,15.0,23.0,21.056635,22.154467,17.52368,17.273787,21.01637,22.032381,21.04874,22.203342,17.443317,17.273952,17.421072,17.235195,21.04879,21.76947,21.003622,21.971367,20.036793,21.819014,0.0,4.0,0.0,0.0,0.0,0.0,4.0,0.0
19435,2023.0,5.0,15.0,23.0,19.669754,19.48664,17.519354,17.317137,19.550074,19.236534,19.859526,19.929726,17.934126,18.258556,17.265127,17.084211,19.796661,19.34833,20.34682,20.692928,18.077349,17.858631,0.0,0.0,0.0,4.0,0.0,0.0,4.0,0.0
19436,2023.0,5.0,15.0,23.0,19.38516,19.306437,17.443653,17.244272,18.816725,18.178974,19.252476,19.069113,17.497934,17.363522,17.148006,16.960817,19.638893,19.384108,19.31004,18.88877,17.360426,16.918657,0.0,0.0,0.0,0.0,0.0,0.0,0.0,0.0
19437,2023.0,5.0,15.0,23.0,19.962667,20.561235,17.360546,17.159613,18.504782,17.840973,18.980267,18.773705,17.006214,16.575983,17.039907,16.849611,19.554436,19.337627,18.83123,18.31371,17.360643,17.18407,0.0,0.0,0.0,0.0,0.0,0.0,0.0,0.0
19438,2023.0,5.0,15.0,23.0,19.063442,18.813995,17.285494,17.08405,18.640833,18.338099,18.781662,18.576023,16.785389,16.324392,16.943468,16.752357,19.419325,19.204063,18.573566,18.06015,17.255135,17.103752,0.0,0.0,0.0,0.0,0.0,0.0,0.0,0.0
19439,2023.0,5.0,15.0,23.0,18.577988,18.134262,17.212957,17.009678,18.609652,18.380219,18.609516,18.402111,17.523521,17.874653,16.85154,16.657827,19.29405,19.07613,18.365738,17.85777,17.118128,16.9656,0.0,0.0,0.0,4.0,0.0,0.0,0.0,0.0
19440,2023.0,5.0,16.0,0.0,18.353752,17.89443,17.144104,16.938345,18.492226,18.265203,18.457308,18.24765,17.133034,16.985224,16.764946,16.567953,19.178926,18.957653,18.483097,18.27642,16.992283,16.836536,0.0,0.0,0.0,0.0,0.0,0.0,0.0,0.0
19441,2023.0,5.0,16.0,0.0,18.54759,18.452751,17.08237,16.877522,18.382444,18.158466,18.325201,18.117826,16.674511,16.237715,16.686527,16.48928,19.076775,18.855288,18.427176,18.238047,17.613504,18.104097,0.0,0.0,0.0,0.0,0.0,0.0,0.0,4.0
19442,2023.0,5.0,16.0,0.0,18.538498,18.497921,17.025114,16.82165,18.280552,18.059664,18.20684,18.002079,16.483553,16.023302,16.907087,16.964283,18.983767,18.762232,18.325214,18.136856,17.04067,16.912567,0.0,0.0,0.0,0.0,4.0,0.0,0.0,0.0
19443,2023.0,5.0,16.0,0.0,18.459248,18.42428,16.971745,16.770239,18.187279,17.970234,18.1006,17.899488,16.634136,16.447533,16.679243,16.502789,18.89935,18.678635,19.203232,19.876083,17.267199,17.47367,0.0,0.0,0.0,0.0,0.0,0.0,4.0,4.0
19444,2023.0,5.0,16.0,0.0,18.379532,18.34761,16.921051,16.721031,18.10041,17.886402,18.002836,17.804585,16.635672,16.463432,16.539577,16.342676,18.821249,18.600903,18.221663,17.825863,16.636698,16.240993,0.0,0.0,0.0,0.0,0.0,0.0,0.0,0.0
19445,2023.0,5.0,16.0,0.0,19.04317,19.66576,16.871788,16.672302,18.018211,17.805473,17.91087,17.713709,16.580883,16.406942,16.471872,16.274775,18.747772,18.526505,17.840975,17.35909,16.364496,15.9441185,0.0,0.0,0.0,0.0,0.0,0.0,0.0,0.0
19446,2023.0,5.0,16.0,1.0,18.54231,18.615597,16.824873,16.626163,17.941654,17.730654,17.825706,17.630247,16.52995,16.355602,16.408653,16.211174,18.680109,18.458374,17.694136,17.218662,16.992538,17.245214,0.0,0.0,0.0,0.0,0.0,0.0,0.0,4.0
19447,2023.0,5.0,16.0,1.0,17.946526,17.570696,16.778702,16.579697,17.868746,17.658861,17.745405,17.551092,16.480385,16.305098,16.349756,16.151182,18.616568,18.393778,17.568727,17.098295,16.391056,15.989468,0.0,0.0,0.0,0.0,0.0,0.0,0.0,0.0
19448,2023.0,5.0,16.0,1.0,17.715797,17.286638,16.732656,16.532278,17.798,17.587917,17.66831,17.473606,16.431652,16.25466,16.292936,16.092396,18.555593,18.330858,17.713533,17.499481,16.905594,17.153938,0.0,0.0,0.0,0.0,0.0,0.0,0.0,4.0
19449,2023.0,5.0,16.0,1.0,17.930075,17.840975,16.688429,16.48719,17.731438,17.521908,17.596287,17.402025,16.384796,16.206667,16.239613,16.037815,18.498373,18.272402,17.710926,17.518116,16.306948,15.90321,0.0,0.0,0.0,0.0,0.0,0.0,0.0,0.0
19450,2023.0,5.0,16.0,1.0,17.954239,17.916939,16.640417,16.43343,17.66177,17.446516,17.52129,17.320745,16.335848,16.15326,16.1842,15.976813,18.439949,18.208944,17.656979,17.461779,16.065714,15.641037,0.0,0.0,0.0,0.0,0.0,0.0,0.0,0.0
19451,2023.0,5.0,16.0,1.0,17.90381,17.867207,16.599762,16.393442,17.602726,17.389614,17.457747,17.259571,16.292112,16.109074,16.13618,15.928755,18.388357,18.15692,17.602427,17.406996,16.233852,16.087246,0.0,0.0,0.0,0.0,0.0,0.0,0.0,0.0
19452,2023.0,5.0,16.0,2.0,17.85048,17.813372,16.558077,16.350399,17.543865,17.330471,17.394342,17.196054,16.248688,16.06422,16.407156,16.478106,18.337812,18.10485,17.546932,17.350428,16.197021,16.029467,0.0,0.0,0.0,0.0,4.0,0.0,0.0,0.0
19453,2023.0,5.0,16.0,2.0,17.798698,17.762825,16.51914,16.311853,17.489328,17.277788,17.335773,17.13962,16.795403,17.127848,16.484575,16.561577,18.290619,18.057768,17.493929,17.297934,16.14686,15.979258,0.0,0.0,0.0,4.0,4.0,0.0,0.0,0.0
19454,2023.0,5.0,16.0,2.0,17.746113,17.709396,16.479712,16.270891,17.43459,17.222664,17.27735,17.08084,16.375608,16.207483,16.208672,16.031895,18.24356,18.00941,17.440659,17.243755,16.097427,15.928732,0.0,0.0,0.0,0.0,0.0,0.0,0.0,0.0
19455,2023.0,5.0,16.0,2.0,17.69156,17.650442,16.437796,16.223917,17.3776,17.161282,17.216854,17.015707,16.227318,16.036875,16.071064,15.855237,18.195555,17.957884,17.386354,17.186369,16.046928,15.875068,0.0,0.0,0.0,0.0,0.0,0.0,0.0,0.0
19456,2023.0,5.0,16.0,2.0,17.641396,17.59914,16.399597,16.184135,17.325937,17.109097,17.162153,16.960524,16.171616,15.980178,16.009026,15.792021,18.150805,17.911867,17.335203,17.134306,15.999922,15.827038,0.0,0.0,0.0,0.0,0.0,0.0,0.0,0.0
19457,2023.0,5.0,16.0,2.0,17.59212,17.548672,16.361603,16.144615,17.275553,17.05808,17.108881,16.906693,16.120014,15.927512,15.95454,15.7363825,18.106985,17.866762,17.285025,17.083193,15.954197,15.780272,0.0,0.0,0.0,0.0,0.0,0.0,0.0,0.0
19458,2023.0,5.0,16.0,3.0,17.543707,17.499008,16.323805,16.105307,17.226276,17.008076,17.056866,16.85404,16.072697,15.879018,15.903837,15.684452,18.063932,17.82241,17.235693,17.032907,15.909633,15.734647,0.0,0.0,0.0,0.0,0.0,0.0,0.0,0.0
19459,2023.0,5.0,16.0,3.0,17.496843,17.45156,16.287018,16.0678,17.178747,16.96049,17.00674,16.803947,16.02805,15.833798,15.8560295,15.636097,18.022253,17.78013,17.187729,16.984583,15.866656,15.691159,0.0,0.0,0.0,0.0,0.0,0.0,0.0,0.0
19460,2023.0,5.0,16.0,3.0,17.453655,17.410471,16.253704,16.03683,17.135582,16.920523,16.961304,16.761965,16.574432,16.898008,16.110748,16.152056,17.983295,17.742493,17.142548,16.940931,15.826582,15.652367,0.0,0.0,0.0,4.0,4.0,0.0,0.0,0.0
19461,2023.0,5.0,16.0,3.0,17.414469,17.376322,16.218147,16.000805,17.090372,16.87551,16.913883,16.714802,16.79044,17.17164,15.895655,15.692973,17.943424,17.702324,17.09659,16.89493,16.516335,16.986382,0.0,0.0,0.0,4.0,0.0,0.0,0.0,4.0
19462,2023.0,5.0,16.0,3.0,17.38554,17.358564,16.183252,15.965283,17.04602,16.83131,16.86772,16.668736,15.974175,15.540202,15.782921,15.564198,17.904207,17.662874,17.051403,16.84978,16.02407,15.902125,0.0,0.0,0.0,0.0,0.0,0.0,0.0,0.0
19463,2023.0,5.0,16.0,3.0,17.34489,17.316534,16.147364,15.927568,17.000889,16.784819,16.82108,16.620546,16.283642,16.324871,15.732212,15.512166,17.864367,17.621655,17.005564,16.802721,15.592805,15.172998,0.0,0.0,0.0,4.0,0.0,0.0,0.0,0.0
19464,2023.0,5.0,16.0,4.0,17.30426,17.27509,16.11261,15.892194,16.957672,16.741539,16.77644,16.575783,15.786785,15.299152,15.684869,15.464628,17.826048,17.583006,16.961418,16.758495,15.445143,15.011425,0.0,0.0,0.0,0.0,0.0,0.0,0.0,0.0
19465,2023.0,5.0,16.0,4.0,17.259687,17.225706,16.073904,15.84889,16.91081,16.690445,16.727915,16.523024,15.572957,15.074211,15.636314,15.411983,17.785013,17.538557,16.914703,16.708683,15.599128,15.411906,0.0,0.0,0.0,0.0,0.0,0.0,0.0,0.0
19466,2023.0,5.0,16.0,4.0,17.219051,17.184795,16.038855,15.813338,16.868584,16.648525,16.68405,16.479706,16.367085,16.690586,15.5929165,15.368927,17.747038,17.500422,16.871298,16.665585,15.597894,15.416277,0.0,0.0,0.0,4.0,0.0,0.0,0.0,0.0
19467,2023.0,5.0,16.0,4.0,17.175669,17.138586,16.001137,15.772636,16.823858,16.601355,16.637648,16.430994,15.734424,15.289117,15.54755,15.321344,17.706953,17.458244,16.825798,16.618383,15.564897,15.383135,0.0,0.0,0.0,0.0,0.0,0.0,0.0,0.0
19468,2023.0,5.0,16.0,4.0,17.131943,17.091267,15.962798,15.730761,16.778734,16.553192,16.590975,16.381357,15.449266,14.942919,15.793979,15.818264,17.666151,17.41489,16.77963,16.570026,16.256266,16.716305,0.0,0.0,0.0,0.0,4.0,0.0,0.0,4.0
19469,2023.0,5.0,16.0,4.0,17.088762,17.045172,15.924975,15.6897955,16.7344,16.506294,16.545437,16.33323,15.638308,15.422592,15.895194,15.947177,17.62556,17.372162,16.733809,16.52246,15.750522,15.6041,0.0,0.0,0.0,0.0,4.0,0.0,0.0,0.0
19470,2023.0,5.0,16.0,5.0,17.044836,16.99789,15.887007,15.648108,16.689821,16.458668,16.500145,16.284687,16.236303,16.543728,15.620253,15.419055,17.5844,17.328505,16.687475,16.47401,15.321311,14.878051,0.0,0.0,0.0,4.0,0.0,0.0,0.0,0.0
19471,2023.0,5.0,16.0,5.0,17.00672,16.961866,15.855133,15.618336,16.651098,16.422604,16.460863,16.247856,16.454685,16.820127,15.782379,15.802928,18.311548,18.737572,16.645367,16.434095,15.863542,16.01445,0.0,0.0,0.0,4.0,4.0,4.0,0.0,4.0
19472,2023.0,5.0,16.0,5.0,16.970491,16.927517,15.825105,15.5909605,16.61402,16.388369,16.4231,16.212826,15.636451,15.183505,15.566574,15.358608,17.795015,17.618605,16.604307,16.395086,16.066107,16.271904,0.0,0.0,0.0,0.0,0.0,0.0,0.0,4.0
19473,2023.0,5.0,16.0,5.0,17.711943,18.354214,15.795534,15.563826,16.577513,16.354326,16.386084,16.178087,15.347677,14.845457,15.440338,15.211893,17.298887,16.743185,16.563742,16.356264,15.440138,15.050693,0.0,0.0,0.0,0.0,0.0,0.0,0.0,0.0
19474,2023.0,5.0,16.0,5.0,17.897896,18.543303,15.766303,15.537318,17.274881,17.696886,16.349974,16.144407,15.249366,14.7585335,15.38805,15.162097,17.1299,16.54883,16.524359,16.318806,15.8842125,16.048035,0.0,4.0,0.0,0.0,0.0,0.0,0.0,4.0
19475,2023.0,5.0,16.0,5.0,17.605618,17.886911,15.737396,15.51159,17.486664,17.952328,16.314539,16.111908,16.036493,16.352085,15.341097,15.117888,18.182564,18.661572,16.487148,16.283922,15.347195,14.937749,0.0,4.0,0.0,4.0,0.0,4.0,0.0,0.0
19476,2023.0,5.0,16.0,6.0,17.54242,17.795105,15.708296,15.485368,17.194448,17.297976,16.279045,16.078968,16.333874,16.716959,15.580523,15.601702,17.394106,16.92409,16.452316,16.251087,15.85245,16.056072,0.0,4.0,0.0,4.0,4.0,0.0,0.0,4.0
19477,2023.0,5.0,16.0,6.0,21.328098,24.37472,15.6857195,15.471626,21.02105,24.010256,21.064663,24.497644,20.127071,23.18748,20.130007,23.382908,20.882368,23.04163,22.495073,26.363829,20.775885,24.432772,0.0,0.0,0.0,0.0,4.0,0.0,4.0,4.0
19478,2023.0,5.0,16.0,6.0,21.016026,23.366806,16.138582,16.340816,21.03921,23.546526,21.01213,23.822535,17.401587,17.316414,19.998135,22.601267,21.033907,23.06043,21.91231,24.895699,21.41121,24.84478,4.0,0.0,0.0,0.0,4.0,4.0,0.0,4.0
19479,2023.0,5.0,16.0,6.0,21.98006,24.63707,20.26673,23.394983,21.887505,24.604881,22.11675,25.26386,16.003237,15.549918,20.09693,22.383335,21.688686,23.886599,22.153053,24.835232,21.180157,23.982508,0.0,0.0,0.0,0.0,4.0,4.0,0.0,0.0
19480,2023.0,5.0,16.0,6.0,20.904997,22.559216,18.274286,18.935827,20.934166,22.715075,20.912367,22.85444,16.019896,15.828865,20.091375,22.091654,20.954412,22.322382,20.895374,22.407131,18.937132,19.29583,4.0,0.0,4.0,0.0,0.0,4.0,4.0,4.0
19481,2023.0,5.0,16.0,6.0,21.186827,23.04633,20.301193,22.936268,21.179726,23.117622,21.194162,23.299765,16.022106,15.853617,18.172623,18.172413,21.136929,22.571321,21.213682,22.995182,20.307749,22.382004,4.0,0.0,4.0,0.0,4.0,4.0,0.0,0.0
19482,2023.0,5.0,16.0,7.0,21.7163,23.84391,20.04927,22.118082,21.039738,22.747082,21.068453,22.920536,15.959598,15.80003,20.363062,22.419546,21.594673,23.232182,21.073847,22.646515,18.031502,17.807518,0.0,4.0,4.0,0.0,4.0,4.0,0.0,0.0
19483,2023.0,5.0,16.0,7.0,20.931616,22.30722,18.20697,18.337925,21.04618,22.711275,21.091433,22.8938,15.913549,15.76233,20.046116,21.727137,20.958632,21.963516,21.076221,22.592964,17.876396,18.271513,4.0,4.0,0.0,0.0,0.0,0.0,0.0,4.0
19484,2023.0,5.0,16.0,7.0,21.189249,22.846462,20.252129,22.460636,21.166002,22.893904,21.158745,22.953125,15.878082,15.734491,18.766865,19.131893,21.14149,22.299566,21.199385,22.82106,20.317064,22.5353,4.0,0.0,0.0,0.0,4.0,0.0,0.0,0.0
19485,2023.0,5.0,16.0,7.0,21.044588,22.528414,20.04834,21.832989,21.078386,22.655884,21.057907,22.671572,15.85206,15.7157755,20.257666,22.114332,21.029333,22.023952,21.058664,22.513786,18.023582,17.847992,0.0,0.0,4.0,0.0,0.0,4.0,0.0,0.0
19486,2023.0,5.0,16.0,7.0,21.052204,22.539265,18.139511,18.02691,21.07777,22.607332,21.08608,22.707924,15.834778,15.705825,18.634146,18.794662,21.064157,22.091204,21.057543,22.490303,16.939846,16.53307,0.0,0.0,0.0,0.0,0.0,0.0,0.0,0.0
19487,2023.0,5.0,16.0,7.0,21.050045,22.530863,17.301876,17.126514,21.057175,22.565739,21.052435,22.58864,15.823804,15.701752,17.627401,17.43679,21.056133,22.047497,21.055868,22.465635,16.88205,16.712515,0.0,0.0,4.0,0.0,0.0,0.0,0.0,0.0
19488,2023.0,5.0,16.0,8.0,21.048855,22.524284,17.10076,16.938448,21.058813,22.563698,21.083237,22.648336,15.813213,15.691492,17.751917,17.910185,21.055187,22.019781,21.054379,22.442146,16.792051,16.633892,0.0,0.0,0.0,0.0,4.0,0.0,0.0,0.0
19489,2023.0,5.0,16.0,8.0,19.362602,19.315783,16.931591,16.784248,19.60071,19.757475,19.233652,19.080938,15.807004,15.686842,20.245367,22.32869,19.971735,19.93844,19.606653,19.63484,16.680798,16.53779,0.0,0.0,0.0,0.0,0.0,0.0,0.0,0.0
19490,2023.0,5.0,16.0,8.0,18.438282,18.176125,16.78404,16.641623,18.690752,18.577198,18.161785,17.728453,15.80227,15.682721,18.562235,18.805443,19.391628,19.202566,18.823046,18.663408,16.579239,16.441587,0.0,0.0,0.0,0.0,0.0,0.0,0.0,0.0
19491,2023.0,5.0,16.0,8.0,18.141361,17.850298,16.67923,16.533386,18.384672,18.211473,18.123281,17.942076,15.800351,15.680651,17.736465,17.528048,19.206104,18.99283,18.562555,18.369,16.503975,16.364834,0.0,0.0,0.0,0.0,0.0,0.0,0.0,0.0
19492,2023.0,5.0,16.0,8.0,18.229214,18.239979,16.591385,16.453886,18.192831,18.028429,17.98289,17.832502,15.799718,15.679848,17.527111,17.313204,19.081366,18.87394,18.390842,18.203884,16.440294,16.304693,0.0,0.0,0.0,0.0,0.0,0.0,0.0,0.0
19493,2023.0,5.0,16.0,8.0,18.13717,18.177485,16.518482,16.393066,18.039389,17.892277,17.83582,17.703718,15.800606,15.680343,17.38632,17.183636,19.768053,20.27544,18.25487,18.079725,16.388279,16.257647,0.0,0.0,0.0,0.0,0.0,4.0,0.0,0.0
19494,2023.0,5.0,16.0,9.0,18.015703,18.060902,16.445412,16.32487,17.891329,17.746191,17.689398,17.559858,15.803007,15.6823435,17.263988,17.059086,19.650831,19.926863,18.128233,17.953274,16.338943,16.20849,0.0,0.0,0.0,0.0,0.0,4.0,0.0,0.0
19495,2023.0,5.0,16.0,9.0,18.665958,19.387413,16.385303,16.275557,17.773031,17.642475,17.569818,17.455181,15.806103,15.68424,17.556786,17.69691,18.86775,18.469236,18.027216,17.86079,16.299442,16.172018,0.0,0.0,0.0,0.0,4.0,0.0,0.0,0.0
19496,2023.0,5.0,16.0,9.0,17.961788,17.957924,16.328295,16.22655,17.662903,17.541643,17.457642,17.352497,15.810623,15.687586,20.233208,22.423445,19.362925,19.588602,17.936033,17.774086,16.26384,16.137602,0.0,0.0,0.0,0.0,4.0,4.0,0.0,0.0
19497,2023.0,5.0,16.0,9.0,17.495546,17.354284,16.269112,16.174328,17.546679,17.43393,17.339,17.242231,15.815973,15.691908,20.022038,21.681513,18.841082,18.470171,18.900108,19.682467,16.227602,16.102207,0.0,0.0,0.0,0.0,4.0,0.0,4.0,0.0
19498,2023.0,5.0,16.0,9.0,17.352345,17.221014,16.216555,16.127462,17.44288,17.336956,17.232758,17.142658,15.822222,15.697187,20.070322,21.58217,18.531843,18.1175,18.159721,17.985828,16.19642,16.071505,0.0,0.0,0.0,0.0,0.0,0.0,0.0,0.0
19499,2023.0,5.0,16.0,9.0,17.429081,17.48523,16.63223,16.94814,17.35148,17.253006,17.139885,17.056742,15.829221,15.703324,18.83058,19.029932,18.440344,18.037045,17.672663,17.368092,16.170427,16.046194,4.0,0.0,0.0,0.0,4.0,0.0,0.0,0.0
19500,2023.0,5.0,16.0,10.0,17.421555,17.511997,20.29435,23.282402,17.28123,17.188702,17.069374,16.991287,15.836855,15.710557,20.281824,21.67205,19.360626,19.862558,17.544487,17.230064,16.151892,16.027771,0.0,0.0,0.0,0.0,0.0,4.0,0.0,0.0
19501,2023.0,5.0,16.0,10.0,17.372698,17.478064,18.247904,18.80822,17.208862,17.124666,16.997242,16.926695,15.846675,15.7197485,18.758018,18.713959,18.863665,18.66557,17.459242,17.15388,16.133717,16.010462,0.0,0.0,0.0,0.0,0.0,0.0,0.0,0.0
19502,2023.0,5.0,16.0,10.0,18.09839,18.889639,17.209188,17.177282,17.14983,17.070993,16.938816,16.87283,15.858006,15.730988,18.227232,18.002777,18.54475,18.175095,17.531729,17.363688,16.12053,15.997366,0.0,0.0,0.0,0.0,0.0,0.0,0.0,0.0
19503,2023.0,5.0,16.0,10.0,18.065832,18.657948,16.95526,16.877136,17.092186,17.018177,16.881618,16.819813,15.870708,15.744022,18.065042,17.844099,18.451103,18.077114,17.531506,17.382385,16.109215,15.986026,0.0,0.0,0.0,0.0,0.0,0.0,0.0,0.0
19504,2023.0,5.0,16.0,10.0,17.436974,17.473999,16.816465,16.750364,17.043104,16.978119,16.83285,16.779562,15.883348,15.755965,17.937199,17.726847,18.561989,18.360733,17.504503,17.358713,16.100994,15.978467,0.0,0.0,0.0,0.0,0.0,0.0,0.0,0.0
19505,2023.0,5.0,16.0,10.0,17.208475,17.175814,16.706614,16.645634,17.722391,18.302765,16.78511,16.738398,15.89649,15.768999,17.826906,17.621029,18.580437,18.403551,17.476593,17.332848,16.093937,15.971853,0.0,4.0,0.0,0.0,0.0,0.0,0.0,0.0
19506,2023.0,5.0,16.0,11.0,17.853468,18.474855,16.61557,16.560047,17.301767,17.391558,16.739956,16.699322,15.908764,15.781515,17.732151,17.530552,18.563736,18.39209,17.450146,17.308249,16.087902,15.966432,0.0,0.0,0.0,0.0,0.0,0.0,0.0,0.0
19507,2023.0,5.0,16.0,11.0,17.995829,18.633211,16.532833,16.477873,16.908794,16.726095,16.694279,16.656515,15.919594,15.7924795,17.644573,17.44217,18.543806,18.373093,17.42365,17.281742,16.081387,15.959732,0.0,0.0,0.0,0.0,0.0,0.0,0.0,0.0
19508,2023.0,5.0,16.0,11.0,17.383734,17.45627,16.466759,16.41992,16.809088,16.63108,16.654295,16.622814,15.928606,15.8011875,17.573618,17.378168,18.525454,18.357117,17.39972,17.259897,16.07519,15.954181,0.0,0.0,0.0,0.0,0.0,0.0,0.0,0.0
19509,2023.0,5.0,16.0,11.0,17.906033,18.56175,16.40459,16.362452,16.850964,16.79058,16.614645,16.587585,15.9369,15.810161,17.506752,17.315155,18.506926,18.340603,17.37524,17.237001,16.06846,15.948345,0.0,0.0,0.0,0.0,0.0,0.0,0.0,0.0
19510,2023.0,5.0,16.0,11.0,17.368822,17.463629,16.348438,16.31105,16.837307,16.801205,16.576933,16.554178,15.9437,15.818156,17.446184,17.258781,18.488724,18.324755,17.351002,17.214674,16.061361,15.942573,0.0,0.0,0.0,0.0,0.0,0.0,0.0,0.0
19511,2023.0,5.0,16.0,11.0,17.142715,17.163492,16.297668,16.265345,17.53267,18.145426,17.279678,17.909801,15.94945,15.8253765,17.391617,17.208864,18.471254,18.309923,17.327461,17.193373,16.054203,15.937054,0.0,4.0,4.0,0.0,0.0,0.0,0.0,0.0
19512,2023.0,5.0,16.0,12.0,17.058186,17.084982,16.728401,17.116697,17.013208,17.022581,16.85143,16.962643,15.954128,15.831772,17.341997,17.163555,18.45451,18.295832,17.304886,17.173048,16.047474,15.932121,4.0,0.0,0.0,0.0,0.0,0.0,0.0,0.0
19513,2023.0,5.0,16.0,12.0,21.837667,25.461777,20.231625,23.156094,21.155416,24.375149,21.104736,24.475405,15.95788,15.837458,17.29673,17.121902,22.007856,24.360716,22.736784,26.3757,16.041548,15.92806,0.0,0.0,0.0,0.0,0.0,0.0,0.0,0.0
19514,2023.0,5.0,16.0,12.0,20.897259,23.30212,18.253328,18.834562,21.02125,23.621819,21.023943,23.797287,15.964707,15.845811,17.254713,17.084887,20.96747,22.342703,21.806776,24.401058,16.037579,15.925992,0.0,0.0,0.0,0.0,0.0,4.0,0.0,0.0
19515,2023.0,5.0,16.0,12.0,21.09531,23.44962,16.959017,17.017076,21.0714,23.43273,21.075851,23.592802,15.973868,15.857942,17.217264,17.05109,21.07756,22.424707,21.076706,22.943535,16.037802,15.929031,0.0,0.0,0.0,0.0,0.0,0.0,0.0,0.0
19516,2023.0,5.0,16.0,12.0,21.14634,23.358263,16.675503,16.656996,21.155914,23.37708,21.166195,23.534147,15.984445,15.871741,17.183506,17.02091,21.103643,22.341152,21.125462,22.879337,16.04151,15.936035,0.0,0.0,0.0,0.0,0.0,0.0,0.0,0.0
19517,2023.0,5.0,16.0,12.0,21.093615,23.098246,16.54642,16.529715,21.104094,23.092314,21.153406,23.341505,15.994385,15.884926,17.153875,16.996397,21.082232,22.221102,21.116995,22.74932,16.04638,15.944445,0.0,4.0,0.0,0.0,0.0,0.0,0.0,0.0
19518,2023.0,5.0,16.0,13.0,21.070555,23.008652,16.458864,16.4544,21.072615,22.973104,21.057606,23.079475,16.829473,17.459522,17.127668,16.977148,21.032,22.084845,21.044334,22.554577,16.050938,15.95247,0.0,0.0,0.0,4.0,0.0,0.0,0.0,0.0
19519,2023.0,5.0,16.0,13.0,21.068039,22.92929,16.378084,16.375946,21.07127,22.884954,21.067398,23.023914,20.275768,23.29937,17.100191,16.95434,21.036259,22.055016,21.051842,22.516336,16.054409,15.959119,0.0,0.0,0.0,4.0,0.0,0.0,0.0,0.0
19520,2023.0,5.0,16.0,13.0,21.065153,22.863092,16.305609,16.30203,21.068125,22.81194,21.038439,22.889246,20.021935,22.37033,17.072226,16.929829,21.034634,22.02189,21.048817,22.468687,16.056753,15.964863,0.0,0.0,4.0,0.0,0.0,0.0,0.0,0.0
19521,2023.0,5.0,16.0,13.0,21.029612,22.74287,16.248709,16.249754,21.033714,22.69093,21.044676,22.859606,18.05662,18.271606,17.047087,16.909973,21.034542,21.997742,21.010357,22.330948,16.057945,15.969188,0.0,4.0,4.0,0.0,0.0,0.0,4.0,0.0
19522,2023.0,5.0,16.0,13.0,21.071032,22.80532,16.194473,16.195463,21.06393,22.746103,21.077557,22.891039,17.030685,16.880606,17.021118,16.887613,21.003181,21.898148,21.065622,22.434175,16.058632,15.973301,0.0,0.0,0.0,0.0,0.0,4.0,0.0,0.0
19523,2023.0,5.0,16.0,13.0,21.03554,22.680965,16.649889,17.092777,21.066288,22.705011,21.069513,22.828218,16.807259,16.651276,16.996717,16.868076,21.047026,21.981306,21.053696,22.378092,16.058071,15.976114,4.0,0.0,0.0,0.0,0.0,0.0,0.0,0.0
19524,2023.0,5.0,16.0,14.0,21.908081,24.098797,20.25757,23.26442,21.61719,23.483025,21.553768,23.425205,16.73557,16.62795,16.973068,16.849663,21.56686,22.819023,21.600622,23.202913,16.056316,15.977892,0.0,4.0,0.0,0.0,0.0,0.0,0.0,0.0
19525,2023.0,5.0,16.0,14.0,19.800539,20.091396,18.254787,18.887867,19.72164,19.898628,19.674885,19.997374,16.669827,16.572079,16.952759,16.8335,20.128069,20.083794,20.482048,20.758293,16.05272,15.977078,0.0,0.0,0.0,0.0,0.0,0.0,0.0,0.0
19526,2023.0,5.0,16.0,14.0,19.015032,19.007898,17.19731,17.22633,19.552595,19.966421,18.873795,18.864443,16.614336,16.517563,16.936481,16.821049,19.762634,19.614191,19.588863,19.452694,16.047272,15.974425,0.0,4.0,0.0,0.0,0.0,0.0,0.0,0.0
19527,2023.0,5.0,16.0,14.0,19.435205,20.055397,16.96769,16.9762,19.458645,19.909603,18.573248,18.5597,16.56325,16.471937,16.9183,16.80799,19.623745,19.484798,19.287548,19.14995,16.038664,15.968837,0.0,4.0,0.0,0.0,0.0,0.0,0.0,0.0
19528,2023.0,5.0,16.0,14.0,19.419909,20.06534,17.298374,17.727646,19.33149,19.79184,18.335653,18.319849,16.514132,16.42658,16.89586,16.79011,19.495647,19.360195,19.057821,18.922523,16.02657,15.959594,4.0,4.0,0.0,0.0,0.0,0.0,0.0,0.0
19529,2023.0,5.0,16.0,14.0,18.742441,18.87595,20.245314,22.86951,18.637608,18.594225,18.82514,19.40797,16.469107,16.38667,16.871305,16.77039,19.388668,19.260775,18.878193,18.753826,16.012539,15.948717,0.0,0.0,4.0,0.0,0.0,0.0,0.0,0.0
19530,2023.0,5.0,16.0,15.0,18.319233,18.368559,18.43252,18.983597,18.836693,19.255198,18.376488,18.514917,16.420616,16.342981,16.84695,16.750744,19.27485,19.152964,18.695047,18.57883,15.996452,15.935556,0.0,4.0,0.0,0.0,0.0,0.0,0.0,0.0
19531,2023.0,5.0,16.0,15.0,18.866312,19.532072,17.486208,17.520695,18.286377,18.22935,17.927732,17.835247,16.380194,16.303888,16.824934,16.731258,19.185362,19.06318,18.556036,18.439903,15.979371,15.919754,0.0,0.0,0.0,0.0,0.0,0.0,0.0,0.0
19532,2023.0,5.0,16.0,15.0,18.934435,19.609394,17.232967,17.234169,18.658375,19.102865,17.72157,17.610283,16.34139,16.2676,16.80096,16.710093,19.103188,18.984491,18.431318,18.320292,15.961373,15.903179,0.0,4.0,0.0,0.0,0.0,0.0,0.0,0.0
19533,2023.0,5.0,16.0,15.0,18.913559,19.582457,17.061626,17.054508,18.73871,19.234882,17.660767,17.63476,16.30427,16.232016,17.19022,17.469425,19.02694,18.909735,18.318401,18.209736,15.942175,15.884978,0.0,4.0,0.0,0.0,4.0,0.0,0.0,0.0
19534,2023.0,5.0,16.0,15.0,18.885975,19.545633,16.938856,16.935757,18.710678,19.204693,17.57086,17.560648,16.271326,16.202402,20.23511,22.793608,18.960403,18.848522,18.221754,18.120958,15.923662,15.868278,0.0,4.0,0.0,0.0,4.0,0.0,0.0,0.0
19535,2023.0,5.0,16.0,15.0,18.861649,19.526802,17.280926,17.683205,18.673895,19.165634,18.173182,18.791504,16.235817,16.1683,20.015598,21.987576,18.888487,18.778475,18.118229,18.02037,15.903621,15.848854,4.0,4.0,4.0,0.0,0.0,0.0,0.0,0.0
19536,2023.0,5.0,16.0,16.0,18.828598,19.48419,20.27786,22.859928,18.072231,18.076576,18.260881,18.787941,16.20463,16.138315,18.369997,18.555231,18.824848,18.717035,18.027582,17.9334,15.886148,15.831925,4.0,0.0,4.0,0.0,0.0,0.0,0.0,0.0
19537,2023.0,5.0,16.0,16.0,18.175974,18.288094,20.025589,22.0592,18.361343,18.83142,17.616238,17.61239,16.180008,16.11563,17.440542,17.270887,18.768894,18.663378,17.946728,17.854984,15.872661,15.819933,0.0,4.0,0.0,0.0,0.0,0.0,0.0,0.0
19538,2023.0,5.0,16.0,16.0,17.846977,17.898222,18.647879,19.19217,17.929832,17.943565,17.296398,17.2195,16.161356,16.099794,17.307266,17.199852,19.49686,20.08876,17.879578,17.792698,15.86216,15.811205,4.0,0.0,0.0,0.0,0.0,4.0,0.0,0.0
19539,2023.0,5.0,16.0,16.0,18.43271,19.09228,20.214542,22.18988,17.643787,17.533686,17.184128,17.09737,16.147837,16.087917,17.258047,17.163773,19.039738,19.092484,17.827295,17.742834,16.818636,17.624027,0.0,0.0,0.0,0.0,0.0,0.0,0.0,4.0
19540,2023.0,5.0,16.0,16.0,18.635826,19.324306,18.878946,19.411354,18.160488,18.617033,17.868792,18.469587,16.13514,16.077179,17.56346,17.802479,18.639236,18.461346,17.774343,17.693134,20.339115,23.508947,4.0,4.0,4.0,0.0,4.0,0.0,0.0,0.0
19541,2023.0,5.0,16.0,16.0,18.646774,19.33027,20.25105,22.18805,18.376982,18.896374,17.472895,17.527176,16.123537,16.06745,20.243633,22.5114,19.271925,19.74569,18.781834,19.641815,17.840738,18.146574,0.0,4.0,0.0,0.0,0.0,4.0,4.0,0.0
19542,2023.0,5.0,16.0,17.0,18.05469,18.220606,18.64137,18.90708,18.39904,18.921282,17.786827,18.307901,16.113438,16.059689,18.639467,19.032549,18.863409,18.789085,18.18029,18.180609,16.663149,16.596653,0.0,4.0,4.0,0.0,0.0,0.0,0.0,0.0
19543,2023.0,5.0,16.0,17.0,18.512558,19.21604,18.417063,18.807293,18.407074,18.92689,17.32723,17.355875,16.103033,16.050163,17.868963,17.802979,18.61923,18.420607,17.846127,17.696228,16.505499,16.441301,4.0,4.0,0.0,0.0,0.0,0.0,0.0,0.0
19544,2023.0,5.0,16.0,17.0,18.597761,19.29394,20.221334,22.055664,18.409828,18.926376,17.101074,17.03493,16.864235,17.496452,18.06517,18.314724,18.538832,18.336527,17.73755,17.585108,16.42762,16.369799,4.0,4.0,0.0,4.0,4.0,0.0,0.0,0.0
19545,2023.0,5.0,16.0,17.0,17.975912,18.119247,20.021471,21.53284,18.410353,18.923698,17.667503,18.17597,20.329483,23.346645,20.2151,22.147701,18.568005,18.463037,17.650911,17.500423,16.34235,16.287012,4.0,4.0,4.0,0.0,0.0,0.0,0.0,0.0
19546,2023.0,5.0,16.0,17.0,17.655102,17.71799,20.047106,21.500422,18.409077,18.919315,17.897282,18.439571,18.517609,19.288004,19.065222,19.635006,18.561277,18.47347,17.64464,17.561811,16.268642,16.215347,4.0,4.0,4.0,4.0,4.0,0.0,0.0,0.0
19547,2023.0,5.0,16.0,17.0,18.265532,18.947664,20.04297,21.431526,17.833607,17.84928,17.340393,17.369453,20.30226,22.777443,20.239634,21.962112,18.52483,18.440884,17.618988,17.548292,16.20639,16.154951,4.0,0.0,0.0,4.0,0.0,0.0,0.0,0.0
19548,2023.0,5.0,16.0,18.0,18.482729,19.174154,20.042246,21.383596,18.13599,18.605686,17.026144,16.956982,20.039621,22.01763,18.729118,18.84448,18.487272,18.40592,17.574932,17.508009,16.152605,16.103476,4.0,4.0,0.0,0.0,0.0,0.0,0.0,0.0
19549,2023.0,5.0,16.0,18.0,21.317713,24.09142,20.041416,21.345434,21.329857,24.102453,21.326265,24.59147,18.25246,18.392555,17.851173,17.665476,21.285145,23.32737,21.458176,24.272762,16.104649,16.056911,4.0,0.0,4.0,0.0,0.0,0.0,0.0,0.0
19550,2023.0,5.0,16.0,18.0,21.028639,23.229406,20.058401,21.364723,20.997923,23.092518,20.998522,23.477842,17.320488,17.18013,17.703001,17.603153,21.015635,22.634493,21.002825,23.135004,16.065516,16.020227,0.0,4.0,4.0,0.0,0.0,0.0,0.0,0.0
19551,2023.0,5.0,16.0,18.0,21.070711,23.102774,19.107836,19.49443,21.055344,22.9904,21.087206,23.376654,17.064148,16.918911,17.615667,17.534105,21.047182,22.513046,21.062757,23.004232,16.036417,15.9948845,4.0,4.0,0.0,0.0,0.0,0.0,0.0,0.0
19552,2023.0,5.0,16.0,18.0,21.202456,23.201166,20.172218,21.700468,21.19884,23.131672,21.171438,23.343319,16.977158,16.902626,17.508703,17.431507,21.148453,22.585217,21.21105,23.127043,16.01393,15.976006,4.0,4.0,0.0,0.0,0.0,0.0,0.0,0.0
19553,2023.0,5.0,16.0,18.0,21.135124,22.974264,20.110764,21.472887,21.100069,22.810236,21.15544,23.144049,16.885086,16.818727,17.407726,17.330019,21.09159,22.362812,21.120777,22.800516,15.995162,15.960217,0.0,4.0,0.0,0.0,0.0,0.0,0.0,0.0
19554,2023.0,5.0,16.0,19.0,21.05182,22.731363,18.802801,18.932217,21.037624,22.619276,21.02539,22.795418,16.799637,16.744604,17.713856,17.980814,21.005127,22.110981,21.005268,22.464836,15.980581,15.949716,0.0,4.0,4.0,0.0,4.0,4.0,4.0,0.0
19555,2023.0,5.0,16.0,19.0,21.035711,22.621845,18.11587,18.114117,21.068783,22.642597,21.052725,22.772196,17.51365,18.17123,20.28082,22.413193,21.023685,22.090538,21.028942,22.440435,15.964736,15.935313,0.0,0.0,4.0,4.0,0.0,4.0,4.0,0.0
19556,2023.0,5.0,16.0,19.0,21.038746,22.587145,17.889772,17.871155,21.061737,22.575146,21.048111,22.704626,20.313425,22.88244,18.709053,19.045416,21.05104,22.122227,21.064728,22.488392,15.949275,15.921294,0.0,0.0,4.0,0.0,0.0,0.0,0.0,0.0
19557,2023.0,5.0,16.0,19.0,21.037497,22.551756,18.158823,18.51823,21.061598,22.529675,21.047688,22.656713,18.188034,18.378485,17.758043,17.720343,21.016006,21.994114,21.056717,22.423964,15.934025,15.9074745,4.0,0.0,4.0,0.0,0.0,4.0,0.0,0.0
19558,2023.0,5.0,16.0,19.0,21.06345,22.594696,20.252556,22.193684,21.035986,22.421867,21.071531,22.684252,17.125898,16.989264,17.930025,18.217295,21.05105,22.058815,21.056892,22.383753,15.918675,15.893589,0.0,4.0,0.0,0.0,4.0,0.0,0.0,0.0
19559,2023.0,5.0,16.0,19.0,21.058245,22.551731,19.121151,19.748983,21.040617,22.406,21.0657,22.632782,17.765568,18.407698,20.269611,22.281635,21.045166,22.020468,21.056362,22.35011,15.902753,15.87918,4.0,4.0,0.0,4.0,0.0,0.0,0.0,0.0
19560,2023.0,5.0,16.0,20.0,21.190195,22.767805,20.21862,21.92926,21.15758,22.638594,21.17593,22.798252,20.28636,22.652353,19.028893,19.577608,21.181238,22.253098,21.208036,22.646088,15.885874,15.864123,4.0,0.0,4.0,0.0,4.0,4.0,0.0,0.0
19561,2023.0,5.0,16.0,20.0,21.035578,22.434063,20.020124,21.402061,21.034359,22.344872,21.070015,22.57572,18.223064,18.329557,20.24418,21.991245,21.020538,21.918339,21.047832,22.31279,15.862625,15.835579,4.0,4.0,0.0,0.0,0.0,4.0,0.0,0.0
19562,2023.0,5.0,16.0,20.0,21.062187,22.490765,20.045132,21.361155,21.040102,22.338427,21.039713,22.46879,17.190735,17.010696,18.63135,18.66701,21.050919,21.991163,21.047913,22.305632,15.837776,15.806601,4.0,4.0,4.0,0.0,0.0,0.0,0.0,0.0
19563,2023.0,5.0,16.0,20.0,21.02744,22.3809,20.03948,21.285515,21.038517,22.319695,21.070438,22.52954,17.061766,16.9927,17.694849,17.435158,21.044891,21.96359,21.04691,22.29612,15.812357,15.7761345,4.0,4.0,0.0,0.0,0.0,0.0,0.0,0.0
19564,2023.0,5.0,16.0,20.0,21.037294,22.385124,20.059994,21.292265,21.039616,22.30615,21.063583,22.49173,16.959044,16.894007,18.020903,18.291199,21.016163,21.872374,21.047472,22.28885,15.788497,15.748453,0.0,4.0,0.0,0.0,4.0,4.0,0.0,0.0
19565,2023.0,5.0,16.0,20.0,21.062302,22.442225,18.72786,18.696909,21.06493,22.360317,21.040289,22.402754,16.848576,16.788252,20.26613,22.139519,21.021936,21.878952,21.047796,22.281147,16.724154,17.531261,0.0,0.0,4.0,0.0,0.0,4.0,0.0,4.0
19566,2023.0,5.0,16.0,21.0,21.057274,22.412262,17.889132,17.591934,21.059734,22.327473,21.04499,22.395319,17.536663,18.178389,19.054352,19.551447,21.052076,21.952812,21.047733,22.272676,20.367285,23.595522,0.0,0.0,4.0,4.0,4.0,0.0,0.0,0.0
19567,2023.0,5.0,16.0,21.0,21.213598,22.685713,18.238434,18.49341,21.175386,22.537184,21.167944,22.644892,20.312677,22.840378,20.23435,21.888985,21.136332,22.107422,21.23382,22.636724,18.287233,18.978237,4.0,0.0,0.0,0.0,4.0,0.0,0.0,4.0
19568,2023.0,5.0,16.0,21.0,21.173647,22.608175,20.23022,21.964325,21.174334,22.51248,21.166368,22.617172,18.07463,18.11793,20.024523,21.32348,21.135557,22.089804,21.23073,22.617538,20.334064,22.99287,4.0,0.0,0.0,0.0,4.0,0.0,0.0,4.0
19569,2023.0,5.0,16.0,21.0,21.026472,22.278732,20.012192,21.36298,21.04336,22.260773,21.061611,22.384918,17.009151,16.783937,20.048552,21.267773,21.015049,21.818073,21.044304,22.236456,20.032658,22.147568,4.0,0.0,0.0,0.0,4.0,4.0,0.0,0.0
19570,2023.0,5.0,16.0,21.0,21.062368,22.361034,20.046892,21.318077,21.04718,22.271336,21.048977,22.367186,16.922964,16.8379,20.045294,21.185219,21.052341,21.908485,21.047321,22.234255,17.948946,17.926826,4.0,0.0,0.0,0.0,4.0,0.0,0.0,0.0
19571,2023.0,5.0,16.0,21.0,21.054789,22.33336,20.040209,21.22906,21.0459,22.269226,21.049835,22.370245,16.842772,16.758772,20.060017,21.171268,21.045624,21.884272,21.045988,22.225294,16.948492,16.711718,4.0,0.0,0.0,0.0,0.0,0.0,0.0,0.0
19572,2023.0,5.0,16.0,22.0,21.029867,22.250736,20.04289,21.178959,21.021482,22.198347,21.05015,22.368982,16.745655,16.665834,18.706392,18.53022,21.047235,21.875784,21.007175,22.113344,16.67788,16.441982,4.0,4.0,0.0,0.0,0.0,0.0,4.0,0.0
19573,2023.0,5.0,16.0,22.0,21.06794,22.319693,20.114376,21.291405,21.051958,22.261002,21.101173,22.463892,16.652023,16.565676,18.118904,17.972605,21.070723,21.933212,21.116737,22.34727,16.64577,16.565956,0.0,4.0,0.0,0.0,0.0,0.0,0.0,0.0
19574,2023.0,5.0,16.0,22.0,21.057188,22.311512,18.777657,18.676163,21.062532,22.270746,21.043196,22.341864,16.579582,16.49476,18.273172,18.423115,21.031807,21.861353,21.04861,22.172476,17.375813,18.03206,0.0,0.0,0.0,0.0,4.0,0.0,0.0,4.0
19575,2023.0,5.0,16.0,22.0,21.057045,22.299873,18.3247,18.287079,21.059591,22.23816,21.05119,22.353456,16.508026,16.419365,20.318996,21.934721,21.036533,21.875051,21.058395,22.17245,20.335325,23.027191,4.0,0.0,0.0,0.0,0.0,0.0,0.0,0.0
19576,2023.0,5.0,16.0,22.0,21.056877,22.286654,20.225018,21.779394,21.05968,22.2144,21.04958,22.342909,16.443995,16.351622,18.84256,18.99009,21.036173,21.87585,21.05696,22.152763,17.896145,17.904448,0.0,0.0,0.0,0.0,0.0,0.0,0.0,0.0
19577,2023.0,5.0,16.0,22.0,21.042395,22.274458,18.67571,18.602465,21.044067,22.193857,21.049683,22.335272,16.38669,16.291435,18.014551,17.903978,21.036188,21.875547,21.044622,22.139006,16.779627,16.52402,0.0,0.0,0.0,0.0,0.0,0.0,0.0,0.0
19578,2023.0,5.0,16.0,23.0,21.08773,22.371433,17.982197,17.831303,21.091408,22.289606,21.10044,22.425682,16.331196,16.230028,17.751593,17.60311,21.020323,21.816336,21.091654,22.235544,16.688402,16.596296,0.0,0.0,0.0,0.0,0.0,4.0,0.0,0.0
19579,2023.0,5.0,16.0,23.0,19.966843,20.207006,17.840128,17.706182,19.941418,20.066467,19.842026,19.98739,16.28786,16.188498,17.879648,17.988283,20.42642,20.662851,19.871489,19.874235,16.596167,16.505964,0.0,0.0,0.0,0.0,4.0,4.0,0.0,0.0
19580,2023.0,5.0,16.0,23.0,19.434052,19.468525,17.718302,17.57595,19.340368,19.19732,19.201557,19.073584,16.248363,16.145494,17.598759,17.472452,19.586615,19.195673,19.364826,19.217813,16.50521,16.411007,0.0,0.0,0.0,0.0,0.0,0.0,0.0,0.0
19581,2023.0,5.0,16.0,23.0,19.1923,19.207285,17.60331,17.45436,19.076435,18.902895,18.92204,18.765574,16.208958,16.102503,17.412466,17.263313,19.21948,18.743126,19.121943,18.968277,16.417046,16.318447,0.0,0.0,0.0,0.0,0.0,0.0,0.0,0.0
19582,2023.0,5.0,16.0,23.0,19.011538,19.022467,17.501848,17.34762,18.884497,18.704285,18.717049,18.55443,16.171072,16.061607,17.300533,17.146797,19.024853,18.549728,18.929132,18.776907,16.339153,16.237524,0.0,0.0,0.0,0.0,0.0,0.0,0.0,0.0
19583,2023.0,5.0,16.0,23.0,18.867802,18.884499,17.416563,17.265839,18.733732,18.560495,18.556831,18.402115,16.135523,16.024616,17.202742,17.050276,19.159744,18.98189,18.769636,18.625418,16.269644,16.167507,0.0,0.0,0.0,0.0,0.0,0.0,0.0,0.0
19584,2023.0,5.0,17.0,0.0,18.73431,18.747936,17.330942,17.175951,18.591385,18.414062,18.406176,18.247408,16.099478,15.985561,17.108294,16.951366,19.093626,18.917292,18.617903,18.465837,16.203663,16.098568,0.0,0.0,0.0,0.0,0.0,0.0,0.0,0.0
19585,2023.0,5.0,17.0,0.0,18.620415,18.636099,17.256481,17.102278,18.47136,18.29757,18.279646,18.124895,16.06455,15.947795,17.343193,17.465797,19.001598,18.823738,18.487165,18.334976,16.143503,16.036354,0.0,0.0,0.0,0.0,4.0,0.0,0.0,0.0
19586,2023.0,5.0,17.0,0.0,18.516148,18.5323,17.185236,17.029812,18.360498,18.187801,18.163118,18.009726,16.029902,15.910138,17.057913,16.901743,18.914312,18.734455,18.368467,18.215525,16.08708,15.977616,0.0,0.0,0.0,0.0,0.0,0.0,0.0,0.0
19587,2023.0,5.0,17.0,0.0,18.416233,18.427917,17.114775,16.954126,18.253908,18.077023,18.051476,17.893824,15.994321,15.870207,17.240826,17.355194,18.82917,18.644316,18.256294,18.098965,16.032188,15.918542,0.0,0.0,0.0,0.0,4.0,0.0,0.0,0.0
19588,2023.0,5.0,17.0,0.0,18.32815,18.339493,17.051714,16.889238,18.159925,17.983406,17.953327,17.796146,15.96032,15.833132,16.956358,16.792545,18.752005,18.564903,18.15586,17.997297,15.98189,15.8657465,0.0,0.0,0.0,0.0,0.0,0.0,0.0,0.0
19589,2023.0,5.0,17.0,0.0,18.240187,18.244642,16.985867,16.815186,18.065075,17.881138,17.854588,17.689732,15.924436,15.792073,16.818542,16.6422,18.675241,18.481722,18.058165,17.893793,15.931514,15.810336,0.0,0.0,0.0,0.0,0.0,0.0,0.0,0.0
19590,2023.0,5.0,17.0,1.0,18.161919,18.163618,16.927307,16.752983,17.981495,17.795591,17.767761,17.600927,15.8900385,15.753907,16.738985,16.558987,18.605227,18.408121,17.969595,17.802422,15.884843,15.76031,0.0,0.0,0.0,0.0,0.0,0.0,0.0,0.0
19591,2023.0,5.0,17.0,1.0,18.093134,18.096703,16.876488,16.703857,17.908417,17.72587,17.691832,17.528429,15.858416,15.721204,16.987225,17.087973,18.542212,18.344992,17.889624,17.722826,15.842502,15.717161,0.0,0.0,0.0,0.0,4.0,0.0,0.0,0.0
19592,2023.0,5.0,17.0,1.0,18.028242,18.032782,16.827356,16.65515,17.839039,17.658426,17.619886,17.458416,15.827349,15.688925,16.716972,16.541979,18.482592,18.284918,17.814697,17.647997,15.802124,15.675843,0.0,0.0,0.0,0.0,0.0,0.0,0.0,0.0
19593,2023.0,5.0,17.0,1.0,17.962578,17.9634,16.775904,16.599241,17.768126,17.583723,17.546576,17.381063,15.794858,15.653426,16.592594,16.407625,18.422771,18.221483,17.740725,17.57075,15.761378,15.632189,0.0,0.0,0.0,0.0,0.0,0.0,0.0,0.0
19594,2023.0,5.0,17.0,1.0,17.904768,17.906395,16.73177,16.556143,17.70693,17.524906,17.483433,17.32029,15.764567,15.622059,16.844929,16.940466,18.368732,18.167086,17.673744,17.503807,15.723978,15.593889,0.0,0.0,0.0,0.0,4.0,0.0,0.0,0.0
19595,2023.0,5.0,17.0,1.0,17.849371,17.851288,16.688316,16.512648,17.647844,17.467041,17.422575,17.260603,15.734464,15.590766,16.577703,16.398132,18.316816,18.11456,17.609982,17.439898,15.68772,15.556643,0.0,0.0,0.0,0.0,0.0,0.0,0.0,0.0
19596,2023.0,5.0,17.0,2.0,17.792486,17.790676,16.642149,16.462038,17.586544,17.401995,17.359625,17.193684,15.702801,15.556164,16.456692,16.266705,18.264074,18.058428,17.546164,17.373043,15.650672,15.516823,0.0,0.0,0.0,0.0,0.0,0.0,0.0,0.0
19597,2023.0,5.0,17.0,2.0,17.741426,17.739544,16.601828,16.42201,17.532717,17.349558,17.304447,17.139854,15.672973,15.525117,16.711575,16.801706,18.215693,18.009361,17.487463,17.314016,15.616122,15.481186,0.0,0.0,0.0,0.0,4.0,0.0,0.0,0.0
19598,2023.0,5.0,17.0,2.0,17.69305,17.691923,16.562689,16.383259,17.481325,17.299835,17.25187,17.088905,15.643796,15.49525,16.454342,16.275364,18.169624,17.963358,17.431927,17.259079,16.314589,16.82502,0.0,0.0,0.0,0.0,0.0,0.0,0.0,4.0
19599,2023.0,5.0,17.0,2.0,17.64385,17.641022,16.522362,16.341007,17.429073,17.246548,17.198732,17.034521,15.613502,15.463091,16.328445,16.13611,18.123037,17.915028,17.37628,17.202057,15.81455,15.715238,0.0,0.0,0.0,0.0,0.0,0.0,0.0,0.0
19600,2023.0,5.0,17.0,2.0,17.59363,17.58667,16.4806,16.29525,17.375954,17.189905,17.145018,16.976973,15.582074,15.428631,16.264978,16.069551,18.075914,17.864492,17.320477,17.143082,15.430444,15.075641,0.0,0.0,0.0,0.0,0.0,0.0,0.0,0.0
19601,2023.0,5.0,17.0,2.0,17.545752,17.535786,16.439537,16.250437,17.324686,17.135597,17.093168,16.921877,15.55117,15.395218,16.203638,16.004868,18.030598,17.816576,17.267107,17.087536,15.307773,14.945027,0.0,0.0,0.0,0.0,0.0,0.0,0.0,0.0
19602,2023.0,5.0,17.0,3.0,17.501125,17.490316,16.402472,16.213213,17.278095,17.089512,17.045855,16.875044,15.521547,15.364422,16.149042,15.950226,17.987873,17.773031,17.21659,17.03651,15.440013,15.289501,0.0,0.0,0.0,0.0,0.0,0.0,0.0,0.0
19603,2023.0,5.0,17.0,3.0,17.460045,17.45104,16.367922,16.180536,17.2348,17.048893,17.00171,16.83363,15.493802,15.337363,16.099028,15.90247,17.948212,17.734766,17.169527,16.991186,16.162134,16.654322,0.0,0.0,0.0,0.0,0.0,0.0,0.0,4.0
19604,2023.0,5.0,17.0,3.0,17.415274,17.402678,16.33014,16.140656,17.188097,17.000187,16.954273,16.784067,15.463945,15.30574,16.36487,16.445257,17.906197,17.690748,17.120066,16.939764,16.187288,16.495102,0.0,0.0,0.0,0.0,4.0,0.0,0.0,4.0
19605,2023.0,5.0,17.0,3.0,17.380083,17.3728,16.297054,16.10938,17.14703,16.96159,16.913118,16.745113,15.436838,15.279368,16.12495,15.941209,17.868414,17.654331,17.075378,16.896751,15.490362,15.146736,0.0,0.0,0.0,0.0,0.0,0.0,0.0,0.0
19606,2023.0,5.0,17.0,3.0,17.352068,17.354113,16.259161,16.067678,17.100794,16.911737,16.867096,16.695093,15.406893,15.247126,16.003897,15.802071,17.827358,17.61061,17.027416,16.846212,15.264419,14.892789,0.0,0.0,0.0,0.0,0.0,0.0,0.0,0.0
19607,2023.0,5.0,17.0,3.0,17.316826,17.32018,16.228262,16.039673,17.06233,16.876772,16.828653,16.659967,15.380542,15.221941,16.248405,16.303848,17.791426,17.576513,16.984892,16.805744,15.872701,16.116507,0.0,0.0,0.0,0.0,4.0,0.0,0.0,4.0
19608,2023.0,5.0,17.0,4.0,17.27903,17.281517,16.194565,16.005653,17.021154,16.835659,16.787373,16.618626,15.3527775,15.193739,16.026503,15.838309,17.754084,17.538914,16.941074,16.761831,15.332193,14.970813,0.0,0.0,0.0,0.0,0.0,0.0,0.0,0.0
19609,2023.0,5.0,17.0,4.0,17.238338,17.236933,16.15728,15.96395,16.976425,16.786844,16.742723,16.569693,15.322984,15.161391,15.908319,15.704873,17.714664,17.496655,16.895355,16.713453,15.14045,14.763389,0.0,0.0,0.0,0.0,0.0,0.0,0.0,0.0
19610,2023.0,5.0,17.0,4.0,17.200829,17.198637,16.124659,15.931661,16.936802,16.747961,16.703014,16.53065,15.295275,15.133364,15.857155,15.654665,17.67829,17.460243,16.85281,16.671041,15.27905,15.122493,0.0,0.0,0.0,0.0,0.0,0.0,0.0,0.0
19611,2023.0,5.0,17.0,4.0,17.162014,17.157627,16.088928,15.893184,16.894545,16.703402,16.66039,16.485754,15.266304,15.10287,15.804681,15.600108,17.640797,17.421251,16.80939,16.626392,15.275287,15.124365,0.0,0.0,0.0,0.0,0.0,0.0,0.0,0.0
19612,2023.0,5.0,17.0,4.0,17.124025,17.118103,16.05468,15.857744,16.854012,16.662025,16.619442,16.444016,15.237788,15.073444,15.756397,15.551148,17.604216,17.383902,16.766941,16.583395,15.244311,15.092546,0.0,0.0,0.0,0.0,0.0,0.0,0.0,0.0
19613,2023.0,5.0,17.0,4.0,17.088696,17.083782,16.023985,15.829376,17.543655,17.991068,16.582432,16.40979,15.211094,15.047705,15.713355,15.510977,17.57018,17.35134,16.727201,16.54538,15.213001,15.062335,0.0,4.0,0.0,0.0,0.0,0.0,0.0,0.0
19614,2023.0,5.0,17.0,5.0,17.050608,17.043848,15.989632,15.793606,17.110489,17.042015,16.541864,16.368084,15.760085,16.102484,15.667974,15.464545,17.534231,17.314425,16.68573,16.50313,15.179294,15.027694,0.0,0.0,0.0,4.0,0.0,0.0,0.0,0.0
19615,2023.0,5.0,17.0,5.0,17.015553,17.009636,15.958412,15.764057,16.540194,16.014223,16.504368,16.332306,16.005545,16.421288,15.626344,15.424414,17.50129,17.282955,16.647345,16.466143,15.147921,14.997433,0.0,0.0,0.0,4.0,0.0,0.0,0.0,0.0
19616,2023.0,5.0,17.0,5.0,16.983213,16.979399,15.929626,15.738404,16.355759,15.790021,16.469307,16.30044,15.24084,14.879463,15.588259,15.389251,18.229479,18.688547,16.611113,16.432405,15.118599,14.9701605,0.0,0.0,0.0,0.0,0.0,4.0,0.0,0.0
19617,2023.0,5.0,17.0,5.0,16.951092,16.948711,15.900959,15.712368,17.302208,17.687382,16.434315,16.268045,14.999991,14.612898,15.835057,15.8833475,17.728224,17.596111,16.574856,16.398136,15.089768,14.942969,0.0,4.0,0.0,0.0,4.0,0.0,0.0,0.0
19618,2023.0,5.0,17.0,5.0,16.915783,16.914942,16.343431,16.56796,16.776993,16.414906,16.39679,16.233034,15.010837,14.701873,15.698292,15.541694,17.202686,16.724596,16.536596,16.361881,15.05917,14.914066,4.0,0.0,0.0,0.0,0.0,0.0,0.0,0.0
19619,2023.0,5.0,17.0,5.0,16.880667,16.881573,16.144142,16.071352,16.31851,15.796513,16.35993,16.198631,15.646246,15.960237,15.555874,15.3697405,17.01871,16.516567,17.525576,18.257238,15.0302,14.886801,0.0,0.0,0.0,4.0,0.0,0.0,4.0,0.0
19620,2023.0,5.0,17.0,6.0,16.848694,16.850529,16.438057,16.680544,16.898605,16.968426,16.326675,16.167082,15.32733,15.210006,15.79522,15.85491,17.20955,16.96855,17.587778,18.104588,15.728559,16.223047,4.0,4.0,0.0,0.0,4.0,0.0,4.0,4.0
19621,2023.0,5.0,17.0,6.0,21.405975,24.767595,20.72387,23.924723,20.785864,23.620634,21.222963,24.74566,15.539413,15.668844,20.076708,23.179358,20.980543,23.391764,21.90271,25.43728,20.23042,23.905249,4.0,0.0,0.0,4.0,0.0,0.0,4.0,0.0
19622,2023.0,5.0,17.0,6.0,21.735659,24.65576,19.930452,22.049076,21.499565,24.337719,21.671703,24.862234,20.42294,23.789825,18.151096,18.796238,21.717974,24.330885,21.813902,24.718933,17.125877,17.190262,0.0,0.0,0.0,4.0,4.0,4.0,0.0,0.0
19623,2023.0,5.0,17.0,6.0,21.046316,23.298626,17.743732,17.614632,20.966684,23.061567,20.956213,23.242956,20.066532,22.796734,20.2947,23.005762,20.94655,22.617588,20.92745,22.814322,15.638379,15.301886,0.0,4.0,0.0,0.0,4.0,4.0,4.0,0.0
19624,2023.0,5.0,17.0,6.0,21.065311,23.126352,16.562574,16.074461,21.105,23.140692,21.0903,23.310843,17.430937,17.353815,20.045622,22.140446,21.061974,22.664022,21.104473,23.028496,15.598073,15.473848,0.0,0.0,0.0,0.0,0.0,4.0,0.0,0.0
19625,2023.0,5.0,17.0,6.0,21.085648,23.042126,17.017912,17.191656,21.058294,22.876537,21.046566,23.06249,16.808323,16.961594,17.919138,17.799252,21.073357,22.569313,21.038774,22.742704,15.572578,15.456712,4.0,4.0,4.0,4.0,0.0,0.0,4.0,0.0
19626,2023.0,5.0,17.0,7.0,21.153013,23.049349,20.311275,22.900465,21.161804,22.996159,21.162695,23.214573,20.472195,23.191198,17.3643,17.474173,21.12269,22.539919,21.187698,22.974895,15.509838,15.401253,0.0,0.0,0.0,4.0,4.0,4.0,0.0,0.0
19627,2023.0,5.0,17.0,7.0,21.081455,22.845308,18.32372,18.668722,21.054512,22.678392,21.062529,22.878408,20.111528,22.315338,20.32838,22.640667,21.069538,22.371433,21.034904,22.562021,15.465089,15.364334,0.0,4.0,4.0,4.0,0.0,0.0,4.0,0.0
19628,2023.0,5.0,17.0,7.0,21.047823,22.696697,17.138485,17.068117,21.058222,22.629208,21.087599,22.86898,20.09276,22.075138,18.46292,18.744234,21.062109,22.288595,21.04116,22.520775,15.433116,15.340144,0.0,4.0,0.0,0.0,0.0,0.0,4.0,0.0
19629,2023.0,5.0,17.0,7.0,21.05176,22.662508,17.32402,17.598936,21.080471,22.650686,21.080378,22.791096,18.019073,17.918331,17.725391,17.927475,21.031004,22.153273,21.077532,22.578243,16.379658,17.153112,4.0,0.0,0.0,0.0,4.0,4.0,0.0,4.0
19630,2023.0,5.0,17.0,7.0,21.182287,22.893354,20.298923,22.77628,21.173876,22.77981,21.161211,22.902391,16.944687,16.577934,20.3108,22.484001,21.156645,22.367958,21.234964,22.821836,21.522522,25.660933,4.0,4.0,0.0,0.0,0.0,4.0,4.0,4.0
19631,2023.0,5.0,17.0,7.0,21.074675,22.670685,20.02292,21.929382,21.052677,22.507586,21.03551,22.621498,16.84171,16.68329,18.551497,18.815283,21.061138,22.160448,21.074387,22.490376,19.865799,22.169502,4.0,4.0,4.0,0.0,0.0,0.0,0.0,0.0
19632,2023.0,5.0,17.0,8.0,21.042147,22.563135,20.065643,21.81989,21.051119,22.485891,21.06659,22.696886,17.56495,18.152424,17.501162,17.377205,21.05469,22.111404,21.064762,22.437145,17.602503,17.589327,4.0,4.0,0.0,4.0,0.0,0.0,0.0,0.0
19633,2023.0,5.0,17.0,8.0,19.389553,19.408543,20.074574,21.720665,19.863825,20.196255,19.27354,19.219774,20.31216,22.803663,17.250929,17.10111,20.319841,20.63805,19.434631,19.272535,16.572721,16.327747,0.0,4.0,0.0,0.0,0.0,4.0,0.0,0.0
19634,2023.0,5.0,17.0,8.0,18.504738,18.332127,18.411907,18.43857,18.67289,18.398758,18.240728,17.91681,18.639196,19.17021,17.128048,16.9861,19.356003,19.056877,18.59081,18.252449,16.308643,16.056072,0.0,0.0,0.0,4.0,0.0,0.0,0.0,0.0
19635,2023.0,5.0,17.0,8.0,18.253475,18.073893,17.60962,17.27972,18.886864,19.068434,18.151468,18.013971,20.320103,22.252558,17.055956,16.916512,19.00732,18.608362,18.51682,18.345993,16.310139,16.18782,0.0,4.0,0.0,0.0,0.0,0.0,0.0,0.0
19636,2023.0,5.0,17.0,8.0,18.248634,18.289381,17.470057,17.337492,18.96174,19.25095,18.028357,17.949667,18.359123,18.383953,16.983461,16.850399,18.82569,18.443632,18.404829,18.267626,16.262247,16.165258,0.0,4.0,0.0,0.0,0.0,0.0,0.0,0.0
19637,2023.0,5.0,17.0,8.0,18.187977,18.27272,17.842346,18.169394,18.262417,18.02548,17.884333,17.812578,17.57818,17.272743,16.934975,16.802738,18.907076,18.726498,18.286745,18.1532,16.201077,16.106466,4.0,0.0,0.0,0.0,0.0,0.0,0.0,0.0
19638,2023.0,5.0,17.0,9.0,18.07768,18.168476,20.252237,22.427443,17.949675,17.658934,18.440945,18.983503,17.474483,17.314941,16.895115,16.76636,18.88613,18.738955,18.181095,18.055033,16.145952,16.055159,0.0,0.0,4.0,0.0,0.0,0.0,0.0,0.0
19639,2023.0,5.0,17.0,9.0,17.964159,18.068014,18.65416,19.069784,17.759073,17.485909,18.044952,18.143839,17.3481,17.215506,16.856352,16.728592,19.589449,20.138678,18.070583,17.947613,16.088335,15.998009,0.0,0.0,0.0,0.0,0.0,4.0,0.0,0.0
19640,2023.0,5.0,17.0,9.0,17.881866,17.99322,17.826996,17.808186,17.63023,17.36983,17.565432,17.374369,17.231037,17.098068,16.834305,16.704678,18.940256,18.77243,17.989496,17.865408,16.049736,15.9572315,0.0,0.0,0.0,0.0,0.0,0.0,0.0,0.0
19641,2023.0,5.0,17.0,9.0,17.79418,17.905296,17.55123,17.481478,17.6896,17.61627,17.352139,17.126207,17.121284,16.982815,16.81475,16.682934,18.620716,18.289665,17.912527,17.785032,16.01437,15.91891,0.0,0.0,0.0,0.0,0.0,0.0,0.0,0.0
19642,2023.0,5.0,17.0,9.0,17.726786,17.849552,17.403578,17.358437,17.62887,17.570137,17.37596,17.30702,17.044292,16.914543,17.186117,17.390497,19.30148,19.656918,17.854586,17.732342,16.961573,17.730326,0.0,0.0,0.0,0.0,4.0,4.0,0.0,4.0
19643,2023.0,5.0,17.0,9.0,18.396164,19.17121,17.268988,17.228466,17.555832,17.505516,17.331581,17.298409,16.972467,16.843822,20.231136,22.699305,18.77141,18.544163,17.79964,17.677921,20.363018,23.486553,0.0,0.0,0.0,0.0,4.0,0.0,0.0,4.0
19644,2023.0,5.0,17.0,10.0,18.65609,19.473557,17.13744,17.102776,17.475922,17.43265,17.249937,17.223503,16.900866,16.77368,20.027649,21.900257,19.245224,19.6136,17.744041,17.622936,21.338943,24.63093,0.0,0.0,0.0,0.0,0.0,4.0,0.0,0.0
19645,2023.0,5.0,17.0,10.0,17.926743,18.061602,17.474228,17.832983,17.402262,17.364542,17.175247,17.152496,16.84129,16.714636,18.439981,18.579891,19.556353,20.014051,17.69588,17.57501,18.701483,19.028957,4.0,0.0,0.0,0.0,0.0,4.0,0.0,0.0
19646,2023.0,5.0,17.0,10.0,17.610727,17.621721,20.284798,22.739754,17.34527,17.311886,17.119738,17.099064,16.803064,16.6753,17.838472,17.687664,18.878517,18.677511,17.661736,17.540195,17.592876,17.383505,0.0,0.0,0.0,0.0,0.0,0.0,0.0,0.0
19647,2023.0,5.0,17.0,10.0,17.470425,17.479265,18.57483,19.070927,17.285936,17.25891,17.06182,17.046022,16.767044,16.640139,17.682344,17.529455,18.584959,18.298178,17.62807,17.506662,17.22663,17.005009,0.0,0.0,0.0,0.0,0.0,0.0,0.0,0.0
19648,2023.0,5.0,17.0,10.0,18.111652,18.75884,17.710981,17.732256,17.237074,17.214378,17.014433,17.001844,16.744364,16.616318,17.598326,17.438593,19.292038,19.681366,18.680676,19.516556,17.116747,16.96683,0.0,0.0,0.0,0.0,0.0,4.0,4.0,0.0
19649,2023.0,5.0,17.0,10.0,17.644472,17.78175,17.927158,18.307991,17.191133,17.173584,16.969284,16.961214,16.726023,16.597507,17.535414,17.374363,18.783937,18.587385,17.987883,17.9747,17.010183,16.872833,4.0,0.0,0.0,0.0,0.0,0.0,0.0,0.0
19650,2023.0,5.0,17.0,11.0,18.134912,18.81133,20.252459,22.399263,17.14934,17.136837,16.927614,16.924267,16.712431,16.583344,17.486893,17.324583,18.595585,18.318909,17.674314,17.47902,16.913034,16.778542,0.0,0.0,0.0,0.0,0.0,0.0,0.0,0.0
19651,2023.0,5.0,17.0,11.0,17.72765,17.897274,18.556835,18.853397,17.103771,17.094799,16.882076,16.88211,16.699049,16.568357,17.439802,17.277147,18.55143,18.2769,17.569658,17.361881,16.814486,16.681557,0.0,0.0,0.0,0.0,0.0,0.0,0.0,0.0
19652,2023.0,5.0,17.0,11.0,17.471458,17.53964,17.738169,17.62498,17.779364,18.398775,16.84301,16.844765,17.450655,17.988745,17.411777,17.246223,18.523994,18.250486,18.558512,19.26363,16.745884,16.611164,0.0,4.0,0.0,4.0,0.0,0.0,4.0,0.0
19653,2023.0,5.0,17.0,11.0,18.089073,18.778994,17.589293,17.554756,17.395594,17.545916,16.805874,16.810371,20.267904,22.860695,17.387224,17.221003,18.601978,18.430136,17.900467,17.813692,16.686262,16.552498,0.0,0.0,0.0,0.0,0.0,0.0,0.0,0.0
19654,2023.0,5.0,17.0,11.0,17.693428,17.872396,17.454155,17.448523,17.013315,16.965788,16.766895,16.774107,18.288652,18.567186,17.360107,17.193737,18.633614,18.47897,17.559591,17.361057,16.626114,16.493555,0.0,0.0,0.0,0.0,0.0,0.0,0.0,0.0
19655,2023.0,5.0,17.0,11.0,17.444427,17.521173,17.33245,17.324339,17.616568,18.154295,16.733154,16.741575,17.484522,17.28925,17.340105,17.172272,18.629772,18.476877,17.506144,17.300259,16.582224,16.44872,0.0,4.0,0.0,0.0,0.0,0.0,0.0,0.0
19656,2023.0,5.0,17.0,12.0,17.35758,17.436014,17.226427,17.22114,17.17783,17.21552,16.701418,16.712189,17.30172,17.086048,17.321272,17.153742,18.621504,18.469034,17.47802,17.27479,16.543242,16.411062,0.0,0.0,0.0,0.0,0.0,0.0,0.0,0.0
19657,2023.0,5.0,17.0,12.0,21.236675,24.346985,17.135439,17.132881,21.169153,24.299932,21.14298,24.552958,17.253292,17.096363,17.302896,17.135338,21.305264,23.177967,21.743319,24.743095,16.507906,16.376219,0.0,0.0,0.0,0.0,0.0,0.0,4.0,0.0
19658,2023.0,5.0,17.0,12.0,21.004105,23.470757,17.037128,17.035007,21.013433,23.521805,21.002066,23.75171,17.190563,17.040287,17.281485,17.1139,21.010756,22.459642,20.978886,22.982698,16.472065,16.341042,0.0,0.0,0.0,0.0,0.0,0.0,4.0,0.0
19659,2023.0,5.0,17.0,12.0,21.066236,23.336468,17.438555,17.865618,21.045784,23.28791,21.076029,23.570509,17.1247,16.975763,17.261599,17.094755,21.040201,22.355762,21.07306,22.956057,16.444286,16.315262,4.0,4.0,0.0,0.0,0.0,0.0,0.0,0.0
19660,2023.0,5.0,17.0,12.0,21.152075,23.336178,20.281197,22.76635,21.15093,23.293901,21.148176,23.496067,17.072561,16.926758,17.244158,17.07922,21.142075,22.442781,21.176458,22.986507,16.423853,16.29795,0.0,4.0,0.0,0.0,0.0,0.0,0.0,0.0
19661,2023.0,5.0,17.0,12.0,21.058058,23.02551,18.873764,19.646544,21.050907,22.950335,21.066133,23.176672,17.02979,16.886683,17.231127,17.068256,21.034763,22.139736,21.056637,22.613745,16.407267,16.28422,4.0,4.0,0.0,0.0,0.0,0.0,0.0,0.0
19662,2023.0,5.0,17.0,13.0,21.056948,22.936098,20.252419,22.363352,21.073662,22.912483,21.064592,23.062422,16.99441,16.854107,17.219809,17.059525,21.034035,22.074854,21.055254,22.515057,16.393757,16.273699,4.0,0.0,0.0,0.0,0.0,0.0,0.0,0.0
19663,2023.0,5.0,17.0,13.0,21.05427,22.86505,20.00838,21.690718,21.039953,22.744469,21.061342,22.972794,16.964903,16.827463,17.651104,17.88543,21.032217,22.022839,21.052433,22.437479,16.382547,16.265562,4.0,4.0,0.0,0.0,4.0,0.0,0.0,0.0
19664,2023.0,5.0,17.0,13.0,21.05454,22.814106,20.066671,21.686712,21.071095,22.76428,21.061773,22.907852,16.94181,16.808418,20.2179,22.316257,21.032238,21.984322,21.044996,22.381474,16.373602,16.25984,0.0,0.0,0.0,0.0,0.0,0.0,0.0,0.0
19665,2023.0,5.0,17.0,13.0,21.053732,22.771456,18.637527,18.845564,21.064184,22.697428,21.036268,22.785707,16.922047,16.7919,18.787403,19.172205,21.032011,21.951715,21.045301,22.347628,16.366022,16.255016,0.0,0.0,4.0,0.0,0.0,0.0,0.0,0.0
19666,2023.0,5.0,17.0,13.0,21.051702,22.73414,17.755604,17.671915,21.062475,22.649858,21.064777,22.82458,16.904514,16.776901,17.807945,17.687172,21.030848,21.922884,21.043633,22.315512,16.359865,16.251339,0.0,0.0,0.0,0.0,0.0,0.0,0.0,0.0
19667,2023.0,5.0,17.0,13.0,21.051874,22.705547,18.06482,18.474415,21.052427,22.611591,21.067312,22.774694,16.889273,16.764492,17.628649,17.487078,21.030914,21.900766,21.043074,22.289282,16.354776,16.248693,4.0,0.0,0.0,0.0,0.0,0.0,0.0,0.0
19668,2023.0,5.0,17.0,14.0,21.051334,22.680298,20.245554,22.274918,21.053415,22.594732,21.066143,22.728228,16.875687,16.75376,17.558676,17.414774,21.030512,21.881357,21.043243,22.268072,16.350264,16.246582,4.0,0.0,0.0,0.0,0.0,0.0,0.0,0.0
19669,2023.0,5.0,17.0,14.0,20.281822,21.150616,20.031773,21.670105,20.22305,20.95321,19.61601,19.922522,16.863739,16.74429,17.506187,17.36193,20.1513,20.167347,19.8937,20.03577,16.345814,16.244267,0.0,4.0,0.0,0.0,0.0,0.0,0.0,0.0
19670,2023.0,5.0,17.0,14.0,19.900026,20.710257,18.95173,19.453796,19.21553,19.373606,19.374718,19.994932,17.598906,18.140886,17.46637,17.324707,19.70095,19.568924,19.183477,19.071712,16.33907,16.239563,4.0,0.0,4.0,4.0,0.0,0.0,0.0,0.0
19671,2023.0,5.0,17.0,14.0,19.659254,20.319773,20.186045,21.82179,19.298397,19.72946,18.68122,18.724436,20.271177,22.761284,17.83762,18.049145,19.577803,19.434061,18.969713,18.838161,16.331036,16.23341,4.0,4.0,0.0,0.0,4.0,0.0,0.0,0.0
19672,2023.0,5.0,17.0,14.0,18.910555,19.053022,20.02193,21.4081,19.307756,19.798206,18.167273,18.085495,18.342337,18.591867,20.24002,22.173151,19.470745,19.329807,18.8092,18.682669,17.284363,18.04458,4.0,4.0,0.0,0.0,4.0,0.0,0.0,4.0
19673,2023.0,5.0,17.0,14.0,18.48915,18.547462,20.041832,21.385025,19.213358,19.710968,18.585827,19.055536,17.366434,17.246141,20.024464,21.512857,19.377653,19.23902,18.668621,18.543913,20.304602,23.137466,4.0,4.0,4.0,0.0,0.0,0.0,0.0,0.0
19674,2023.0,5.0,17.0,15.0,18.981691,19.636694,20.055624,21.379486,18.56004,18.569416,18.731873,19.256256,17.164333,17.010427,18.755678,18.89129,19.297466,19.161613,19.577345,20.368702,18.082726,18.37557,0.0,0.0,4.0,0.0,0.0,0.0,4.0,0.0
19675,2023.0,5.0,17.0,15.0,19.132156,19.815283,19.152786,19.586388,18.792067,19.248573,18.12394,18.158403,17.119663,17.006325,17.995182,17.818756,19.226923,19.093412,18.865587,18.761686,16.99359,16.888126,4.0,4.0,0.0,0.0,0.0,0.0,0.0,0.0
19676,2023.0,5.0,17.0,15.0,19.117363,19.798285,20.152569,21.535252,18.888105,19.404396,18.47575,18.965633,17.088032,16.981224,17.886835,17.744255,19.95461,20.524345,18.522413,18.315466,16.847185,16.752073,4.0,4.0,4.0,0.0,0.0,4.0,0.0,0.0
19677,2023.0,5.0,17.0,15.0,19.096704,19.777885,20.038563,21.282255,18.86693,19.382975,18.022982,18.04784,17.81928,18.403301,17.816227,17.683937,20.286993,20.968506,18.378586,18.175636,16.767015,16.676975,0.0,4.0,0.0,4.0,0.0,4.0,0.0,0.0
19678,2023.0,5.0,17.0,15.0,18.470423,18.627174,18.874346,19.023773,18.28268,18.317343,17.670752,17.605768,20.240921,22.506693,17.739824,17.612165,19.463066,19.33356,18.26889,18.0719,16.693336,16.60464,0.0,0.0,0.0,0.0,0.0,0.0,0.0,0.0
19679,2023.0,5.0,17.0,15.0,18.81096,19.483358,18.541733,18.810823,18.55114,19.023102,18.176064,18.66832,18.449684,18.681265,17.67178,17.545977,19.088182,18.849215,18.246174,18.121965,16.631496,16.542988,4.0,4.0,4.0,0.0,0.0,0.0,0.0,0.0
19680,2023.0,5.0,17.0,16.0,18.319237,18.493557,20.212503,21.86532,18.672188,19.199434,17.757275,17.81077,17.726051,17.568926,17.620901,17.493753,19.742966,20.160826,18.208513,18.096693,16.589703,16.500816,0.0,4.0,0.0,0.0,0.0,4.0,0.0,0.0
19681,2023.0,5.0,17.0,16.0,17.986393,18.064396,18.84771,19.06247,18.676647,19.200695,17.429693,17.374762,17.557758,17.443817,17.57123,17.447073,19.286175,19.131744,18.154097,18.045694,17.49643,18.250036,0.0,4.0,0.0,0.0,0.0,0.0,0.0,4.0
19682,2023.0,5.0,17.0,16.0,18.583332,19.256067,18.297674,18.301352,18.679417,19.202766,17.993458,18.49857,17.472158,17.362568,17.535625,17.411734,19.052095,18.807962,18.10955,18.002335,20.30653,23.028233,0.0,4.0,4.0,0.0,0.0,0.0,0.0,0.0
19683,2023.0,5.0,17.0,16.0,18.791088,19.481981,18.519093,18.901684,18.677786,19.200588,17.646435,17.700375,17.384853,17.276932,17.498978,17.37674,18.97131,18.730165,18.064705,17.959461,18.167952,18.446592,4.0,4.0,0.0,0.0,0.0,0.0,0.0,0.0
19684,2023.0,5.0,17.0,16.0,18.822813,19.516617,20.21901,21.92935,18.675089,19.19719,17.39442,17.332922,17.323914,17.214724,17.469805,17.347122,18.914202,18.674044,18.028854,17.924473,17.384512,17.253016,0.0,4.0,0.0,0.0,0.0,0.0,0.0,0.0
19685,2023.0,5.0,17.0,16.0,18.85212,19.548418,19.283764,19.922348,18.671143,19.19266,17.284859,17.218016,17.264357,17.157774,17.440804,17.320234,19.737978,20.297861,17.991655,17.889057,17.136848,16.989304,4.0,4.0,0.0,0.0,0.0,4.0,0.0,0.0
19686,2023.0,5.0,17.0,17.0,18.866205,19.560644,20.185802,21.624598,18.667784,19.188572,17.9956,18.617605,17.220417,17.11484,17.417519,17.298302,19.148287,19.024773,17.959963,17.858889,17.054823,16.94699,0.0,4.0,4.0,0.0,0.0,0.0,0.0,0.0
19687,2023.0,5.0,17.0,17.0,18.874659,19.562677,19.21757,19.647806,18.086596,18.10984,18.176384,18.7352,17.91923,18.47548,17.768862,17.982302,18.835274,18.605362,18.989975,19.838547,17.913483,18.653618,4.0,0.0,4.0,4.0,4.0,0.0,4.0,4.0
19688,2023.0,5.0,17.0,17.0,18.876804,19.556742,20.145294,21.462803,18.4452,18.908014,17.589218,17.620674,20.30873,22.620348,20.216854,22.275766,18.76958,18.532272,18.297472,18.305988,20.327744,22.847542,4.0,4.0,0.0,0.0,0.0,0.0,0.0,0.0
19689,2023.0,5.0,17.0,17.0,18.88607,19.563805,20.020252,21.16621,18.608475,19.11535,17.269157,17.20127,18.454119,18.655725,19.079224,19.688139,18.816221,18.681189,17.87183,17.716867,18.265944,18.48629,4.0,4.0,0.0,0.0,4.0,0.0,0.0,0.0
19690,2023.0,5.0,17.0,17.0,18.88317,19.548687,20.203289,21.496048,18.603712,19.104677,17.829638,18.32635,17.52722,17.38783,20.200655,21.949638,19.609674,20.201382,17.759932,17.586586,18.202042,18.897299,4.0,4.0,4.0,0.0,0.0,4.0,0.0,4.0
19691,2023.0,5.0,17.0,17.0,18.273663,18.407452,20.050627,21.171803,18.598522,19.09386,17.473736,17.496626,18.125069,18.686142,18.730696,18.857527,19.79738,20.327974,17.698675,17.52294,20.274446,22.470558,0.0,4.0,0.0,4.0,0.0,4.0,0.0,0.0
19692,2023.0,5.0,17.0,18.0,18.626974,19.268587,18.945562,19.029785,18.024294,18.026745,17.827925,18.320627,20.270031,22.303572,17.887455,17.700401,19.813503,20.328876,18.786804,19.632275,18.385794,18.554626,0.0,0.0,4.0,0.0,0.0,4.0,4.0,0.0
19693,2023.0,5.0,17.0,18.0,21.284986,23.81972,18.638899,18.843212,21.28371,23.932041,21.326687,24.280617,19.0895,19.701595,18.133614,18.342651,21.223497,22.834764,21.288073,23.741594,18.359215,19.032873,4.0,4.0,4.0,4.0,4.0,0.0,0.0,4.0
19694,2023.0,5.0,17.0,18.0,21.155294,23.26462,20.177383,21.646372,21.14348,23.309929,21.12713,23.515684,20.22686,21.97417,20.224884,22.028477,21.16299,22.526836,21.157867,23.178251,20.213627,22.199728,4.0,4.0,4.0,0.0,0.0,4.0,0.0,4.0
19695,2023.0,5.0,17.0,18.0,21.07081,22.927317,20.032896,21.253368,21.051725,22.899998,21.05876,23.124166,19.206984,19.770243,18.857813,19.124298,21.052216,22.20954,21.063814,22.777773,20.008219,21.618322,0.0,4.0,4.0,4.0,0.0,0.0,0.0,4.0
19696,2023.0,5.0,17.0,18.0,21.059326,22.775549,18.854488,18.921148,21.044664,22.73832,21.074469,23.002327,20.183678,21.78551,18.038898,17.98202,21.04442,22.109478,21.058392,22.62136,20.066969,21.638216,0.0,4.0,0.0,0.0,0.0,0.0,0.0,0.0
19697,2023.0,5.0,17.0,18.0,21.05913,22.680235,18.70538,19.058245,21.043974,22.631918,21.068602,22.860895,19.248768,19.782011,17.821548,17.728848,21.044315,22.046606,21.04858,22.515062,18.513615,18.547674,4.0,4.0,0.0,4.0,0.0,0.0,0.0,0.0
19698,2023.0,5.0,17.0,19.0,21.277826,23.048016,20.196308,21.70059,21.184052,22.853168,21.179762,22.985218,20.194181,21.700377,18.091972,18.344784,21.154621,22.220745,21.250322,22.853418,17.69978,17.511114,0.0,0.0,0.0,0.0,4.0,0.0,0.0,0.0
19699,2023.0,5.0,17.0,19.0,21.063366,22.57584,19.013489,19.274155,21.036255,22.469294,21.0662,22.680029,18.715605,18.714062,20.219322,22.09389,21.003746,21.881784,21.04733,22.392902,17.42703,17.226004,0.0,4.0,0.0,0.0,0.0,4.0,0.0,0.0
19700,2023.0,5.0,17.0,19.0,21.056171,22.51562,18.704319,19.077871,21.066301,22.501472,21.029259,22.55294,17.916174,17.692997,18.62321,18.71294,21.049816,21.968754,21.047535,22.356878,17.25486,17.056335,4.0,0.0,4.0,0.0,0.0,0.0,0.0,0.0
19701,2023.0,5.0,17.0,19.0,21.243263,22.83236,20.194979,21.688377,21.233305,22.773184,21.255697,22.981262,17.788498,17.678795,18.082523,18.17666,21.158192,22.160196,21.26174,22.756113,17.216274,17.122883,4.0,4.0,4.0,0.0,4.0,0.0,0.0,0.0
19702,2023.0,5.0,17.0,19.0,21.034054,22.383286,20.033915,21.25778,21.03952,22.348991,21.07027,22.578978,17.689058,17.594097,20.299934,22.026718,21.043276,21.905901,21.046066,22.295078,17.148794,17.068886,0.0,4.0,0.0,0.0,0.0,0.0,0.0,0.0
19703,2023.0,5.0,17.0,19.0,21.033974,22.365896,19.133251,19.426273,21.03914,22.325066,21.063602,22.525433,17.56938,17.478989,18.660082,18.703732,21.033205,21.890362,21.046322,22.277962,17.058767,16.98317,4.0,4.0,0.0,0.0,0.0,0.0,0.0,0.0
19704,2023.0,5.0,17.0,20.0,21.248373,22.77895,20.166798,21.5309,21.239197,22.704327,21.227455,22.798595,17.462778,17.37562,17.915575,17.82934,21.188927,22.202816,21.266829,22.703667,17.968725,18.7832,4.0,4.0,4.0,0.0,0.0,0.0,0.0,4.0
19705,2023.0,5.0,17.0,20.0,21.060019,22.399723,20.019356,21.133877,21.06312,22.346302,21.067886,22.468775,17.367382,17.282957,17.753456,17.658003,21.034046,21.888227,21.0454,22.241404,20.286755,22.605398,4.0,0.0,0.0,0.0,0.0,0.0,0.0,0.0
19706,2023.0,5.0,17.0,20.0,21.054714,22.36969,20.03866,21.108948,21.058264,22.313755,21.06237,22.432503,17.282408,17.200022,17.62433,17.527538,21.034586,21.8885,21.045935,22.23217,18.21481,18.258219,4.0,0.0,0.0,0.0,0.0,0.0,0.0,0.0
19707,2023.0,5.0,17.0,20.0,21.025408,22.27226,20.034483,21.057846,21.030783,22.21765,21.06119,22.406717,17.204666,17.122025,17.51173,17.411821,21.033894,21.884989,21.04488,22.220041,17.24917,17.036383,4.0,4.0,0.0,0.0,0.0,0.0,0.0,0.0
19708,2023.0,5.0,17.0,20.0,21.061615,22.351381,20.036428,21.029951,21.064013,22.289286,21.049185,22.387924,17.944874,18.584959,17.420477,17.324654,21.034561,21.88246,21.0456,22.211086,17.16048,17.074375,4.0,0.0,0.0,4.0,0.0,0.0,0.0,0.0
19709,2023.0,5.0,17.0,20.0,21.053877,22.31903,20.03613,21.004726,21.057474,22.257748,21.025784,22.320871,20.253164,22.4048,17.336418,17.2419,21.034712,21.878357,21.04531,22.200447,17.086153,17.010784,4.0,0.0,4.0,4.0,0.0,0.0,0.0,0.0
19710,2023.0,5.0,17.0,21.0,21.053736,22.300299,20.054064,21.034786,21.05746,22.239613,21.05663,22.403877,20.00139,21.62335,17.258245,17.161709,21.0036,21.793425,21.045115,22.190136,16.989819,16.913883,0.0,0.0,0.0,4.0,0.0,4.0,0.0,0.0
19711,2023.0,5.0,17.0,21.0,21.014542,22.209976,19.201214,19.357733,21.044127,22.223173,21.063677,22.384766,20.0398,21.501675,17.192322,17.098122,21.02146,21.809029,21.045115,22.18032,16.908863,16.83538,4.0,0.0,0.0,4.0,0.0,4.0,0.0,0.0
19712,2023.0,5.0,17.0,21.0,21.0346,22.23149,20.15505,21.33201,21.04587,22.22913,21.037466,22.28592,20.06422,21.437504,17.493513,17.71404,21.050184,21.871162,21.04503,22.170584,16.835838,16.762651,4.0,0.0,4.0,0.0,4.0,0.0,0.0,0.0
19713,2023.0,5.0,17.0,21.0,21.059105,22.286997,20.039354,21.046024,21.020466,22.157578,21.06796,22.34903,18.532516,18.38506,20.364964,22.477287,21.045277,21.840408,21.005217,22.054615,16.7678,16.689207,0.0,4.0,0.0,0.0,4.0,0.0,4.0,0.0
19714,2023.0,5.0,17.0,21.0,21.027122,22.184881,18.821987,18.66786,21.05093,22.240557,21.061993,22.315563,17.724491,17.394394,20.028414,21.639793,21.045713,21.822445,21.064539,22.177725,16.706032,16.623438,0.0,0.0,0.0,0.0,0.0,0.0,0.0,0.0
19715,2023.0,5.0,17.0,21.0,21.060268,22.259956,18.315018,18.172176,21.05994,22.22332,21.0625,22.295898,17.465437,17.124836,18.393946,18.290274,21.045704,21.806604,21.0546,22.132977,16.6512,16.565214,0.0,0.0,0.0,0.0,0.0,0.0,0.0,0.0
19716,2023.0,5.0,17.0,22.0,21.108456,22.334173,18.166588,18.02363,21.116522,22.301298,21.096447,22.370687,17.495537,17.365122,17.70035,17.550825,21.067793,21.859957,21.110975,22.217009,16.59957,16.508312,0.0,0.0,0.0,0.0,0.0,0.0,0.0,0.0
19717,2023.0,5.0,17.0,22.0,21.062435,22.184801,18.024899,17.882088,21.087648,22.233273,21.095922,22.36015,17.432468,17.30993,17.568182,17.42438,21.067402,21.856873,21.08679,22.156504,16.5573,16.46516,0.0,0.0,0.0,0.0,0.0,0.0,0.0,0.0
19718,2023.0,5.0,17.0,22.0,21.056381,22.20867,17.90709,17.769907,21.037252,22.15097,21.039999,22.260757,17.34135,17.224422,17.80368,17.985493,21.028948,21.789398,21.036463,22.071978,16.518932,16.425795,0.0,0.0,0.0,0.0,4.0,0.0,0.0,0.0
19719,2023.0,5.0,17.0,22.0,21.053984,22.19486,17.807146,17.677298,21.0457,22.169374,21.049988,22.281643,17.258255,17.148952,20.33486,22.237375,21.034851,21.804087,21.044779,22.089588,16.484713,16.392014,0.0,0.0,0.0,0.0,0.0,0.0,0.0,0.0
19720,2023.0,5.0,17.0,22.0,21.054249,22.185186,17.71463,17.58282,21.044199,22.164999,21.048056,22.275063,17.175999,17.062702,18.716724,18.932415,21.034052,21.803204,21.003635,21.97886,16.452038,16.358263,0.0,0.0,0.0,0.0,0.0,0.0,4.0,0.0
19721,2023.0,5.0,17.0,22.0,21.03935,22.175016,17.631895,17.497896,21.044144,22.161562,21.022833,22.200867,17.702147,18.11606,17.794674,17.681355,21.034048,21.802456,21.064356,22.109438,17.190254,17.7779,0.0,0.0,4.0,4.0,0.0,0.0,0.0,4.0
19722,2023.0,5.0,17.0,23.0,21.041393,22.188728,17.559576,17.426178,21.044073,22.157036,21.05324,22.282295,20.340275,22.50347,17.57011,17.436613,21.003885,21.72216,21.053871,22.067854,20.327488,23.046406,0.0,0.0,0.0,0.0,0.0,4.0,0.0,0.0
19723,2023.0,5.0,17.0,23.0,20.027813,20.246202,17.493034,17.359478,19.957127,20.066032,19.568289,19.400438,18.525614,18.72101,17.709013,17.814995,20.483503,20.706139,19.678604,19.408054,17.942377,17.956772,0.0,0.0,0.0,0.0,4.0,4.0,0.0,0.0
19724,2023.0,5.0,17.0,23.0,19.541359,19.567787,17.438963,17.303104,19.389189,19.243969,18.845394,18.367308,17.834488,17.712463,17.456617,17.33446,19.66943,19.27287,19.121063,18.693707,17.126646,16.80703,0.0,0.0,0.0,0.0,0.0,0.0,0.0,0.0
19725,2023.0,5.0,17.0,23.0,19.330069,19.347546,17.388803,17.253065,19.151474,18.988453,18.847826,18.648748,17.65309,17.525291,17.592138,17.703947,20.06998,20.262651,19.111763,18.928675,17.102747,16.971878,0.0,0.0,0.0,0.0,4.0,4.0,0.0,0.0
19726,2023.0,5.0,17.0,23.0,19.169306,19.187159,17.34191,17.206396,18.977161,18.81418,18.750322,18.602074,17.518444,17.392872,17.342686,17.22332,19.408058,18.987482,19.005428,18.854172,17.022938,16.9172,0.0,0.0,0.0,0.0,0.0,0.0,0.0,0.0
19727,2023.0,5.0,17.0,23.0,19.02579,19.036991,17.294434,17.156284,18.822247,18.652102,18.602877,18.450975,17.404137,17.275822,17.503475,17.635204,19.098328,18.615238,18.864931,18.714865,16.923864,16.818129,0.0,0.0,0.0,0.0,4.0,0.0,0.0,0.0
19728,2023.0,5.0,18.0,0.0,18.912386,18.930185,17.253757,17.117607,18.700232,18.537512,18.482107,18.337881,17.889273,18.26999,16.992327,16.624716,18.956432,18.484644,18.744932,18.603786,16.83761,16.730295,0.0,0.0,0.0,4.0,0.0,0.0,0.0,0.0
19729,2023.0,5.0,18.0,0.0,18.801535,18.815378,17.210688,17.07222,18.580658,18.414097,18.362167,18.214191,18.076359,18.52984,16.734594,16.310352,19.11392,18.932478,18.623377,18.475159,16.756756,16.645222,0.0,0.0,0.0,4.0,0.0,0.0,0.0,0.0
19730,2023.0,5.0,18.0,0.0,18.711702,18.731718,17.173426,17.037203,18.483404,18.324326,18.263924,18.123457,17.273808,16.962141,16.856161,16.668829,19.078657,18.905096,18.522223,18.37818,16.69017,16.580692,0.0,0.0,0.0,0.0,0.0,0.0,0.0,0.0
19731,2023.0,5.0,18.0,0.0,18.62318,18.641657,17.133917,16.99667,18.387259,18.22743,18.16623,18.025017,17.563803,17.716167,16.871063,16.719263,19.008461,18.834883,18.423752,18.277342,16.625483,16.513575,0.0,0.0,0.0,4.0,0.0,0.0,0.0,0.0
19732,2023.0,5.0,18.0,0.0,18.544268,18.563848,17.096815,16.959652,18.301771,18.143925,18.079077,17.939869,17.057001,16.695858,16.821596,16.670652,18.941446,18.767555,18.33563,18.189331,16.567835,16.455223,0.0,0.0,0.0,0.0,0.0,0.0,0.0,0.0
19733,2023.0,5.0,18.0,0.0,18.465359,18.479939,17.057129,16.916122,18.215784,18.052635,17.991278,17.846601,16.818825,16.42771,16.766916,16.611418,18.873571,18.695192,18.249676,18.09882,16.511467,16.39495,0.0,0.0,0.0,0.0,0.0,0.0,0.0,0.0
19734,2023.0,5.0,18.0,1.0,18.398647,18.415632,17.023453,16.883572,18.14476,17.985529,17.918697,17.777946,16.956501,16.815306,16.718586,16.563541,18.814384,18.636412,18.174902,18.024836,16.462646,16.346016,0.0,0.0,0.0,0.0,0.0,0.0,0.0,0.0
19735,2023.0,5.0,18.0,1.0,18.332653,18.348602,16.987804,16.846098,18.073757,17.913286,17.84611,17.704006,16.931046,16.79128,16.669678,16.512339,18.756422,18.57645,18.103022,17.951336,16.415539,16.297157,0.0,0.0,0.0,0.0,0.0,0.0,0.0,0.0
19736,2023.0,5.0,18.0,1.0,18.272064,18.288433,16.954494,16.812424,18.009487,17.85016,17.7804,17.639378,16.878597,16.7379,16.624104,16.465862,18.70274,18.521925,18.036694,17.884516,16.372066,16.252773,0.0,0.0,0.0,0.0,0.0,0.0,0.0,0.0
19737,2023.0,5.0,18.0,1.0,18.214914,18.23161,16.921915,16.779383,17.948938,17.790585,17.718498,17.578379,16.827478,16.685879,16.580482,16.421333,18.651968,18.4703,17.97436,17.821661,16.33111,16.210907,0.0,0.0,0.0,0.0,0.0,0.0,0.0,0.0
19738,2023.0,5.0,18.0,1.0,18.160685,18.17753,16.889956,16.746874,17.891617,17.734066,17.659906,17.520515,16.778547,16.636087,16.53863,16.378565,18.603765,18.421238,17.91552,17.762274,16.292336,16.171223,0.0,0.0,0.0,0.0,0.0,0.0,0.0,0.0
19739,2023.0,5.0,18.0,1.0,18.108988,18.12582,16.858524,16.714813,17.83711,17.6802,17.604212,17.465387,16.73216,16.588852,16.498379,16.337395,18.557837,18.374443,17.859753,17.70594,16.255463,16.133444,0.0,0.0,0.0,0.0,0.0,0.0,0.0,0.0
19740,2023.0,5.0,18.0,2.0,18.0595,18.07617,16.827547,16.683134,17.78507,17.628649,17.55106,17.41265,16.688105,16.543953,16.459564,16.297657,18.51391,18.329643,17.806684,17.652288,16.220243,16.097324,0.0,0.0,0.0,0.0,0.0,0.0,0.0,0.0
19741,2023.0,5.0,18.0,2.0,18.013123,18.030678,16.798347,16.654533,17.73699,17.58271,17.501982,17.365665,16.647104,16.503069,16.742388,16.861122,18.472696,18.288519,17.75687,17.602772,16.18708,16.063898,0.0,0.0,0.0,0.0,4.0,0.0,0.0,0.0
19742,2023.0,5.0,18.0,2.0,17.968254,17.986382,16.769041,16.625107,17.690128,17.537115,17.454231,17.31909,16.60775,16.463612,16.49664,16.334787,18.432877,18.24861,17.709063,17.555143,16.155056,16.031528,0.0,0.0,0.0,0.0,0.0,0.0,0.0,0.0
19743,2023.0,5.0,18.0,2.0,17.921835,17.937368,16.737352,16.59026,17.64114,17.485462,17.404467,17.26645,16.567719,16.421282,16.404821,16.2395,18.39219,18.205719,17.66084,17.504944,16.122444,15.99702,0.0,0.0,0.0,0.0,0.0,0.0,0.0,0.0
19744,2023.0,5.0,18.0,2.0,17.882095,17.90029,16.710987,16.565872,17.600254,17.44848,17.362993,17.228811,16.532852,16.388025,16.366514,16.203629,18.356321,18.171436,17.617947,17.463953,16.817255,17.330797,0.0,0.0,0.0,0.0,0.0,0.0,0.0,4.0
19745,2023.0,5.0,18.0,2.0,17.839853,17.856966,16.681555,16.53522,17.556498,17.404263,17.318724,17.183895,16.496494,16.350613,16.325953,16.161968,18.31883,18.13293,17.573692,17.418856,16.33045,16.248266,0.0,0.0,0.0,0.0,0.0,0.0,0.0,0.0
19746,2023.0,5.0,18.0,3.0,17.798576,17.814451,16.65209,16.504404,17.51377,17.360838,17.275751,17.139963,16.460976,16.31396,16.287514,16.122179,18.282007,18.095005,17.530455,17.374683,16.680298,16.98325,0.0,0.0,0.0,0.0,0.0,0.0,0.0,4.0
19747,2023.0,5.0,18.0,3.0,17.76013,17.776606,16.624548,16.477325,17.474045,17.32231,17.235939,17.101063,16.427776,16.281132,16.252016,16.087103,18.24744,18.060919,17.489738,17.334568,16.086306,15.765883,0.0,0.0,0.0,0.0,0.0,0.0,0.0,0.0
19748,2023.0,5.0,18.0,3.0,17.721678,17.737612,16.596727,16.44926,17.434458,17.282784,17.196339,17.06124,16.3948,16.247705,16.523794,16.62634,18.212946,18.026066,17.44924,17.293707,15.888119,15.547521,0.0,0.0,0.0,0.0,4.0,0.0,0.0,0.0
19749,2023.0,5.0,18.0,3.0,17.683407,17.698042,16.568148,16.4192,17.39456,17.241638,17.156282,17.019743,16.36216,16.2141,16.635311,16.768724,18.178692,17.99096,17.40931,17.252996,15.806075,15.467489,0.0,0.0,0.0,0.0,4.0,0.0,0.0,0.0
19750,2023.0,5.0,18.0,3.0,17.666042,17.699455,16.543758,16.396772,17.35973,17.20978,17.12128,16.98759,16.332594,16.185915,16.336714,16.183956,18.147385,17.961124,17.372507,17.217707,15.95325,15.833206,0.0,0.0,0.0,0.0,0.0,0.0,0.0,0.0
19751,2023.0,5.0,18.0,3.0,17.636185,17.67097,16.518633,16.37238,17.324396,17.176065,17.085749,16.953566,16.303196,16.15733,16.23449,16.070702,18.1162,17.930876,17.336102,17.182339,16.683346,17.203724,0.0,0.0,0.0,0.0,0.0,0.0,0.0,4.0
19752,2023.0,5.0,18.0,4.0,17.603794,17.638676,16.493172,16.347385,17.289259,17.142038,17.050524,16.91929,16.27412,16.12877,16.474445,16.55852,18.085241,17.900553,17.30008,17.147034,15.993484,15.71433,0.0,0.0,0.0,0.0,4.0,0.0,0.0,0.0
19753,2023.0,5.0,18.0,4.0,17.572077,17.607649,16.468685,16.324322,17.255444,17.109991,17.016851,16.88712,16.246187,16.101904,16.273932,16.131186,18.05537,17.871899,17.265144,17.113232,16.500994,16.826105,0.0,0.0,0.0,0.0,0.0,0.0,0.0,4.0
19754,2023.0,5.0,18.0,4.0,17.541157,17.577744,16.445158,16.3026,17.222872,17.079548,16.984547,16.856667,16.219435,16.076473,16.165314,16.003132,18.02659,17.844595,17.231419,17.080885,15.952651,15.653454,0.0,0.0,0.0,0.0,0.0,0.0,0.0,0.0
19755,2023.0,5.0,18.0,4.0,17.50918,17.545301,16.420612,16.27872,17.189394,17.046612,16.951384,16.823792,16.19244,16.049767,16.442684,16.561527,17.997429,17.815828,17.197334,17.046991,15.74645,15.415261,0.0,0.0,0.0,0.0,4.0,0.0,0.0,0.0
19756,2023.0,5.0,18.0,4.0,17.479654,17.517351,16.397972,16.258476,17.158667,17.018621,16.920788,16.795784,16.167706,16.02681,16.196398,16.040733,17.970518,17.790863,17.16573,17.01725,15.67546,15.352556,0.0,0.0,0.0,0.0,0.0,0.0,0.0,0.0
19757,2023.0,5.0,18.0,4.0,17.449903,17.488602,16.375105,16.237394,17.12774,16.989733,16.889845,16.766794,16.143421,16.003897,16.413946,16.523508,17.943964,17.765835,17.134544,16.987486,15.798833,15.664783,0.0,0.0,0.0,0.0,4.0,0.0,0.0,0.0
19758,2023.0,5.0,18.0,5.0,18.141346,18.81137,16.353085,16.217785,17.098078,16.962908,16.860071,16.739819,16.120667,15.983086,16.247189,16.118654,17.918882,17.742899,17.104969,16.960022,16.534288,17.050669,0.0,0.0,0.0,0.0,4.0,0.0,0.0,4.0
19759,2023.0,5.0,18.0,5.0,17.694736,17.829445,16.330664,16.196943,17.067963,16.934706,16.830088,16.711578,16.098549,15.962348,15.902038,15.532666,17.89419,17.719782,17.07566,16.932186,15.873529,15.614534,0.0,0.0,0.0,0.0,0.0,0.0,0.0,0.0
19760,2023.0,5.0,18.0,5.0,17.215437,16.979092,16.307276,16.17429,17.037039,16.904505,16.799501,16.681486,16.077066,15.941577,15.736901,15.325323,17.869627,17.69604,17.046204,16.903318,15.643256,15.328317,0.0,0.0,0.0,0.0,0.0,0.0,0.0,0.0
19761,2023.0,5.0,18.0,5.0,17.805204,18.18211,16.75904,17.040758,17.731976,18.236824,16.770723,16.655157,16.0573,15.923647,16.206816,16.308603,17.846855,17.67533,17.018816,16.877935,15.575229,15.264745,4.0,4.0,0.0,0.0,4.0,0.0,0.0,0.0
19762,2023.0,5.0,18.0,5.0,17.287212,17.11561,16.500954,16.46816,17.30739,17.294899,16.740898,16.626862,16.037489,15.905055,16.390625,16.540447,17.824142,17.653994,16.991611,16.85195,15.6905985,15.556264,0.0,0.0,0.0,0.0,4.0,0.0,0.0,0.0
19763,2023.0,5.0,18.0,5.0,17.053919,16.790743,16.342464,16.224058,16.818722,16.423979,16.711779,16.599535,16.01898,15.887976,16.115044,15.994567,17.80288,17.634363,16.96617,16.828037,16.435675,16.95788,0.0,0.0,0.0,0.0,0.0,0.0,0.0,4.0
19764,2023.0,5.0,18.0,6.0,16.963135,16.698057,16.292332,16.166317,16.647781,16.205761,16.683306,16.572716,16.00137,15.871838,16.006056,15.85885,17.782568,17.615746,17.956375,18.714235,16.522894,16.91791,0.0,0.0,0.0,0.0,0.0,0.0,4.0,4.0
19765,2023.0,5.0,18.0,6.0,21.24396,24.326189,16.261818,16.140692,21.191545,24.29218,21.16158,24.474249,16.572266,16.960918,15.975049,15.833062,21.224865,23.521893,21.857815,25.248985,20.299387,23.453213,0.0,0.0,0.0,4.0,0.0,0.0,0.0,0.0
19766,2023.0,5.0,18.0,6.0,20.982845,23.34276,16.235672,16.121006,21.004477,23.43616,21.00971,23.643135,20.366615,23.419884,16.237185,16.35019,20.991344,22.853765,20.920988,23.060455,17.585314,17.632183,0.0,0.0,0.0,0.0,4.0,4.0,0.0,0.0
19767,2023.0,5.0,18.0,6.0,21.06617,23.19919,16.213415,16.104723,21.07441,23.270607,21.05606,23.384237,18.017282,18.322083,20.362505,23.373816,21.03494,22.711544,21.097258,23.13043,17.047146,17.395464,0.0,0.0,4.0,0.0,4.0,4.0,0.0,4.0
19768,2023.0,5.0,18.0,6.0,21.078844,23.0433,16.661068,16.960552,21.039602,22.979506,21.049192,23.153448,16.839205,16.740917,20.013865,22.248606,21.042397,22.532387,21.056992,22.88101,21.591303,25.220009,4.0,4.0,4.0,0.0,4.0,4.0,0.0,0.0
19769,2023.0,5.0,18.0,6.0,22.059216,24.429064,20.303663,23.191553,21.18401,23.132078,21.157217,23.201334,16.647402,16.536638,20.088665,22.072632,21.875387,23.794464,21.18773,23.015438,18.457895,18.543911,0.0,4.0,0.0,0.0,0.0,0.0,0.0,0.0
19770,2023.0,5.0,18.0,7.0,21.017889,22.587616,18.274656,18.752644,21.057655,22.74474,21.078918,22.90583,16.567646,16.463026,18.4168,18.589613,20.946438,21.962416,21.056503,22.653147,16.922112,16.612822,0.0,4.0,0.0,0.0,4.0,4.0,0.0,0.0
19771,2023.0,5.0,18.0,7.0,21.077538,22.676191,17.450382,17.793606,21.053806,22.644796,21.078068,22.802994,17.245655,17.792847,20.310156,22.279188,21.076128,22.1956,21.055256,22.575623,17.83504,18.627619,4.0,4.0,0.0,4.0,0.0,0.0,0.0,4.0
19772,2023.0,5.0,18.0,7.0,21.160618,22.799086,20.296148,22.765347,21.052109,22.572403,21.034681,22.653748,20.330645,22.96728,18.67798,18.91338,21.157772,22.294333,21.015026,22.407824,20.303234,22.716751,4.0,4.0,4.0,0.0,0.0,4.0,4.0,0.0
19773,2023.0,5.0,18.0,7.0,21.03938,22.49837,20.021133,21.909657,21.050446,22.516174,21.05666,22.633533,18.02762,18.054142,17.691595,17.574575,21.027946,21.996807,21.073088,22.48345,18.053442,18.031591,4.0,4.0,4.0,0.0,0.0,4.0,0.0,0.0
19774,2023.0,5.0,18.0,7.0,21.043415,22.484575,20.078915,21.834175,21.073679,22.540178,21.076859,22.647907,16.908531,16.598854,17.43669,17.28256,21.025324,21.96202,21.05949,22.396603,17.001488,16.702744,0.0,0.0,0.0,0.0,0.0,4.0,0.0,0.0
19775,2023.0,5.0,18.0,7.0,21.042402,22.46669,18.65887,18.93883,21.042395,22.419685,21.046614,22.52864,17.667835,18.227377,17.308762,17.161438,21.054651,22.010296,21.060688,22.346563,16.935492,16.808245,4.0,4.0,4.0,4.0,0.0,0.0,0.0,0.0
19776,2023.0,5.0,18.0,8.0,21.041555,22.451353,20.227335,22.130144,21.046848,22.402117,21.075832,22.57967,20.296864,22.579067,17.20669,17.058182,21.048065,21.961185,21.019436,22.193361,16.884567,16.774397,4.0,4.0,0.0,4.0,0.0,0.0,4.0,0.0
19777,2023.0,5.0,18.0,8.0,19.513319,19.534933,20.026281,21.56005,19.481403,19.410532,19.405125,19.350454,20.03833,21.792545,17.129868,16.983438,20.475819,20.799726,20.371267,20.920534,16.80609,16.700956,4.0,0.0,0.0,0.0,0.0,4.0,4.0,0.0
19778,2023.0,5.0,18.0,8.0,19.363262,19.787144,20.072113,21.558327,18.560059,18.228157,18.432133,18.119808,18.332655,18.302385,17.074276,16.929344,20.247238,20.54128,19.240143,19.020437,16.740417,16.636398,0.0,0.0,0.0,0.0,0.0,4.0,0.0,0.0
19779,2023.0,5.0,18.0,8.0,18.78466,18.738214,18.875914,19.166395,18.86922,19.072924,18.971905,19.445099,18.14369,18.453817,17.411068,17.595324,19.463982,19.120798,18.687096,18.351818,16.686514,16.582352,4.0,4.0,4.0,4.0,4.0,0.0,0.0,0.0
19780,2023.0,5.0,18.0,8.0,18.435007,18.28355,20.202589,21.736898,18.965029,19.26879,18.35043,18.22558,20.389635,22.438046,20.243944,22.556355,19.912985,20.167408,19.478172,20.004543,16.653051,16.54718,4.0,4.0,0.0,4.0,0.0,4.0,4.0,0.0
19781,2023.0,5.0,18.0,8.0,18.237617,18.104578,20.026688,21.324894,18.311045,18.109451,18.48651,18.78449,20.00947,21.456318,18.604252,18.94453,19.382736,19.052256,19.794401,20.402977,16.62023,16.514029,4.0,0.0,4.0,4.0,0.0,0.0,4.0,0.0
19782,2023.0,5.0,18.0,9.0,18.092852,17.978622,20.047998,21.323385,17.926445,17.639965,18.027676,17.897549,20.063465,21.439547,17.61352,17.5092,19.050648,18.667835,18.85263,18.60924,16.594135,16.486328,4.0,0.0,0.0,0.0,0.0,0.0,0.0,0.0
19783,2023.0,5.0,18.0,9.0,18.883749,19.605877,20.043785,21.282835,17.771889,17.497948,18.302183,18.641724,18.662569,18.630135,17.432137,17.286879,19.69315,19.982386,18.421036,18.112614,16.57521,16.46604,4.0,0.0,4.0,0.0,0.0,4.0,0.0,0.0
19784,2023.0,5.0,18.0,9.0,18.975958,19.556522,20.042814,21.256643,17.815605,17.716633,17.865099,17.759981,17.887136,17.601973,17.374065,17.22162,19.208677,18.898363,18.282137,17.97757,16.562616,16.451597,4.0,0.0,0.0,0.0,0.0,0.0,0.0,0.0
19785,2023.0,5.0,18.0,9.0,18.918427,19.49694,20.059515,21.285505,18.507353,19.071384,17.520264,17.32855,17.661276,17.363598,17.753702,17.963043,18.944897,18.593512,18.190516,17.896645,16.555231,16.442461,0.0,4.0,0.0,0.0,4.0,0.0,0.0,0.0
19786,2023.0,5.0,18.0,9.0,18.925295,19.521687,19.112051,19.430359,18.586779,19.037834,17.386421,17.201427,17.658775,17.485174,20.271992,22.210184,19.626066,19.945354,18.12323,17.840729,16.55222,16.437588,4.0,4.0,0.0,0.0,0.0,4.0,0.0,0.0
19787,2023.0,5.0,18.0,9.0,18.327185,18.413588,20.172693,21.6323,18.546474,18.991882,17.4156,17.36256,17.635786,17.48253,19.124043,19.702425,19.195967,18.939365,18.18014,18.01613,16.552834,16.436186,4.0,4.0,0.0,0.0,4.0,0.0,0.0,0.0
19788,2023.0,5.0,18.0,10.0,17.977772,17.970781,20.163696,21.552265,17.986465,17.953758,17.403751,17.383755,17.583431,17.431917,20.203632,21.834702,18.937454,18.614136,18.19413,18.048082,17.511938,18.241356,0.0,0.0,0.0,0.0,0.0,0.0,0.0,4.0
19789,2023.0,5.0,18.0,10.0,17.85834,17.86129,19.14254,19.515228,18.293318,18.715916,18.050161,18.64871,17.538614,17.386818,18.827202,18.922436,18.892168,18.573761,18.172335,18.028288,20.281807,22.878168,4.0,4.0,4.0,0.0,0.0,0.0,0.0,0.0
19790,2023.0,5.0,18.0,10.0,17.782917,17.798962,20.165453,21.62618,17.91285,17.904932,18.332132,18.985619,17.50297,17.349762,18.007856,17.744057,18.987906,18.797564,18.149973,18.005753,18.21673,18.440126,4.0,0.0,4.0,0.0,0.0,0.0,0.0,0.0
19791,2023.0,5.0,18.0,10.0,17.817394,17.944937,20.037025,21.302586,18.259323,18.730846,17.66497,17.6793,17.475718,17.321024,17.917604,17.730091,19.831825,20.382399,18.13044,17.985394,17.197502,17.022326,0.0,4.0,0.0,0.0,0.0,4.0,0.0,0.0
19792,2023.0,5.0,18.0,10.0,18.542395,19.337337,18.846905,18.975965,17.872252,17.89023,17.325907,17.250828,17.456959,17.301748,17.90369,17.726852,20.028202,20.496038,18.11528,17.969852,17.073038,16.938477,0.0,0.0,0.0,0.0,0.0,4.0,0.0,0.0
19793,2023.0,5.0,18.0,10.0,18.001575,18.16558,18.36768,18.35297,17.616184,17.520073,17.233927,17.153915,17.448101,17.291595,17.88158,17.70151,20.08985,20.548803,18.105207,17.95896,17.044268,16.91189,0.0,0.0,0.0,0.0,0.0,4.0,0.0,0.0
19794,2023.0,5.0,18.0,11.0,18.469778,19.155725,18.189787,18.18735,18.192791,18.681116,17.183773,17.118454,18.183567,18.681417,17.862167,17.68091,20.161331,20.622204,19.157393,19.954721,17.01452,16.880428,0.0,4.0,0.0,4.0,0.0,4.0,4.0,0.0
19795,2023.0,5.0,18.0,11.0,18.00107,18.17918,18.036589,18.038223,18.370434,18.921183,17.192772,17.192005,20.227913,22.191004,17.847546,17.66451,20.226305,20.68825,18.444712,18.362297,16.99156,16.855394,0.0,4.0,0.0,0.0,0.0,4.0,0.0,0.0
19796,2023.0,5.0,18.0,11.0,18.422308,19.141525,17.885548,17.892813,18.416468,18.969799,17.175007,17.191893,18.705894,18.906157,17.831451,17.647558,19.559868,19.373274,18.088615,17.884266,17.90599,18.60052,0.0,4.0,0.0,0.0,0.0,0.0,0.0,4.0
19797,2023.0,5.0,18.0,11.0,18.59097,19.335976,18.217327,18.60622,18.454073,19.015556,17.142315,17.163906,18.0766,17.884445,18.194696,18.33227,19.3303,19.045141,18.051268,17.842148,20.26686,22.637905,4.0,4.0,0.0,0.0,4.0,0.0,0.0,0.0
19798,2023.0,5.0,18.0,11.0,18.646626,19.387089,20.232769,22.123833,17.915964,17.993145,17.107306,17.132526,17.892323,17.676786,20.206068,21.806515,19.272493,18.99376,18.03828,17.834206,18.41342,18.659986,0.0,0.0,0.0,0.0,0.0,0.0,0.0,0.0
19799,2023.0,5.0,18.0,11.0,18.098928,18.321669,18.895697,19.309134,17.603037,17.58486,17.78184,18.428696,17.852951,17.679792,19.120121,19.435184,19.236162,18.96481,18.07329,17.916338,17.491049,17.365868,0.0,0.0,4.0,0.0,0.0,0.0,0.0,0.0
19800,2023.0,5.0,18.0,12.0,17.864717,17.997807,18.211649,18.257507,17.513313,17.488789,17.381351,17.526974,17.831453,17.664227,18.51575,18.377073,19.216667,18.952215,18.085642,17.936365,17.343327,17.181122,0.0,0.0,0.0,0.0,0.0,0.0,0.0,0.0
19801,2023.0,5.0,18.0,12.0,21.292236,24.09748,18.014372,18.039782,21.297012,24.196913,21.236885,24.382122,17.805183,17.638235,18.368214,18.18475,21.308937,22.660942,21.935808,24.773172,17.30703,17.161995,0.0,4.0,0.0,0.0,0.0,0.0,0.0,0.0
19802,2023.0,5.0,18.0,12.0,20.99504,23.161854,17.854986,17.878,20.994556,23.199642,20.990765,23.420893,17.779129,17.611858,18.288836,18.096573,21.00934,21.979666,20.958838,22.582357,17.26441,17.11893,0.0,4.0,4.0,0.0,0.0,0.0,4.0,0.0
19803,2023.0,5.0,18.0,12.0,21.103498,23.142164,17.71807,17.731554,21.155628,23.27468,21.170252,23.49547,17.760263,17.59287,18.235813,18.038015,21.068548,21.979097,21.119595,22.727255,17.229849,17.083185,0.0,0.0,0.0,0.0,0.0,0.0,0.0,0.0
19804,2023.0,5.0,18.0,12.0,21.03039,22.86285,18.085953,18.515427,21.050169,22.89874,21.030802,23.012985,18.537537,19.07451,18.204588,18.009794,20.994072,21.730436,21.035576,22.40888,17.209513,17.064196,4.0,0.0,4.0,4.0,0.0,4.0,0.0,0.0
19805,2023.0,5.0,18.0,12.0,21.037556,22.776968,20.23943,22.242117,21.038424,22.737877,21.072952,22.987583,20.18132,21.7763,18.178862,17.984291,21.035072,21.765543,21.046392,22.319763,17.1955,17.051186,0.0,4.0,0.0,0.0,0.0,0.0,0.0,0.0
19806,2023.0,5.0,18.0,13.0,21.034782,22.696983,19.081343,19.703627,21.039837,22.659952,21.063854,22.871342,18.93929,19.130035,18.537037,18.672092,21.028227,21.692953,21.00483,22.121777,17.187077,17.043955,4.0,4.0,0.0,0.0,4.0,0.0,4.0,0.0
19807,2023.0,5.0,18.0,13.0,21.059679,22.709654,20.227457,21.996708,21.038084,22.59733,21.038628,22.726944,18.959082,19.445705,20.176392,21.49073,21.027538,21.644205,21.049145,22.180786,17.182602,17.041016,0.0,4.0,4.0,4.0,0.0,0.0,0.0,0.0
19808,2023.0,5.0,18.0,13.0,21.052895,22.644793,18.871128,19.190903,21.036856,22.549387,21.066334,22.74862,20.143051,21.461523,19.1439,19.273228,21.021584,21.60394,21.040638,22.109968,17.181131,17.041243,0.0,4.0,0.0,0.0,0.0,0.0,0.0,0.0
19809,2023.0,5.0,18.0,13.0,21.026005,22.529232,18.112991,18.199324,21.035583,22.510605,21.035057,22.620815,18.958237,18.994705,18.548712,18.39076,21.121286,21.74182,21.00097,21.955194,17.181925,17.043756,0.0,4.0,4.0,0.0,0.0,4.0,4.0,0.0
19810,2023.0,5.0,18.0,13.0,21.057316,22.58239,18.381567,18.85645,21.059462,22.54704,21.064283,22.66539,18.38528,18.220901,18.440413,18.2561,21.031963,21.517195,21.047188,22.046677,17.184595,17.048313,4.0,0.0,0.0,0.0,0.0,4.0,0.0,0.0
19811,2023.0,5.0,18.0,13.0,21.023727,22.467838,20.221134,22.059155,21.053099,22.502544,21.032799,22.55152,19.05067,19.572567,18.395733,18.210915,21.02765,21.515179,21.037699,21.99634,18.188036,18.948257,0.0,0.0,4.0,4.0,0.0,4.0,0.0,4.0
19812,2023.0,5.0,18.0,14.0,21.028276,22.459364,18.869987,19.227985,21.052576,22.472914,21.062065,22.606087,20.115646,21.292501,18.739681,18.883955,21.050385,21.541023,20.998325,21.859161,20.21942,22.268986,0.0,0.0,0.0,0.0,4.0,4.0,4.0,0.0
19813,2023.0,5.0,18.0,14.0,19.826635,20.167473,18.089039,18.182058,20.2788,20.935516,20.170353,20.839066,19.037638,19.060255,20.163084,21.308834,21.070236,21.560545,19.970556,19.904806,18.64635,18.91118,0.0,4.0,4.0,0.0,0.0,4.0,0.0,0.0
19814,2023.0,5.0,18.0,14.0,19.15168,19.319752,17.881313,17.937077,19.339964,19.461607,19.177084,19.303371,18.513622,18.363283,19.483751,19.804316,20.367937,20.218565,19.47159,19.290941,17.826874,17.73558,0.0,0.0,0.0,0.0,4.0,0.0,0.0,0.0
19815,2023.0,5.0,18.0,14.0,19.635754,20.384594,18.232756,18.674284,18.97098,18.973673,18.806013,18.825184,18.423803,18.269053,20.120138,20.975386,20.844206,21.258907,19.332611,19.14755,18.590086,19.275534,4.0,0.0,0.0,0.0,0.0,4.0,0.0,4.0
19816,2023.0,5.0,18.0,14.0,19.746412,20.512314,20.22988,22.135744,18.74707,18.75079,19.211159,19.784376,18.354094,18.201128,19.611391,19.892437,21.076061,21.568907,19.21555,19.038239,20.1832,21.91666,0.0,0.0,4.0,0.0,4.0,4.0,0.0,0.0
19817,2023.0,5.0,18.0,14.0,19.71249,20.48962,18.899769,19.31888,19.264685,19.875114,19.33611,19.962202,18.295637,18.143887,20.078016,20.81595,20.402718,20.273325,19.137804,18.987812,18.804144,19.033451,0.0,4.0,4.0,0.0,4.0,0.0,0.0,0.0
19818,2023.0,5.0,18.0,15.0,19.073837,19.322708,18.523066,19.015827,19.410799,20.039303,18.711163,18.839436,18.246508,18.095613,20.005518,20.61363,20.085756,19.868874,19.062227,18.916834,18.038898,17.937689,4.0,4.0,0.0,0.0,4.0,0.0,0.0,0.0
19819,2023.0,5.0,18.0,15.0,19.412031,20.184353,20.227787,22.005928,19.373331,20.000977,18.360804,18.412697,18.205236,18.056711,20.029541,20.636234,19.99561,19.781464,20.010265,20.774061,17.86492,17.760529,0.0,4.0,0.0,0.0,0.0,0.0,4.0,0.0
19820,2023.0,5.0,18.0,15.0,19.544582,20.325806,18.937458,19.309286,18.800512,18.956398,18.20051,18.241907,18.887335,19.375164,19.357887,19.307934,19.928278,19.718685,19.42463,19.381887,17.76923,17.649668,0.0,0.0,0.0,4.0,0.0,0.0,0.0,0.0
19821,2023.0,5.0,18.0,15.0,19.540823,20.319012,18.747372,19.171192,19.147005,19.740099,18.107563,18.149496,20.145718,21.505247,19.0398,18.846514,19.879395,19.673426,20.103025,20.815765,17.708721,17.584852,4.0,4.0,0.0,0.0,0.0,0.0,4.0,0.0
19822,2023.0,5.0,18.0,15.0,18.951136,19.223747,20.201456,21.777758,19.290388,19.923464,18.010977,18.052029,19.631954,20.268026,18.942717,18.769207,20.633482,21.157677,19.488892,19.43438,17.65272,17.53077,0.0,4.0,0.0,4.0,0.0,4.0,0.0,0.0
19823,2023.0,5.0,18.0,15.0,18.627872,18.822561,19.01607,19.347889,18.729818,18.888557,17.924294,17.96571,20.09997,21.184149,18.86341,18.696245,20.172794,20.08099,19.112766,18.967625,17.603104,17.482918,0.0,0.0,0.0,0.0,0.0,0.0,0.0,0.0
19824,2023.0,5.0,18.0,16.0,19.199791,19.994715,18.31386,18.409636,19.027784,19.638899,18.553486,19.21418,19.740158,20.339561,19.154524,19.310637,20.598679,21.056164,19.986425,20.713224,17.558905,17.440758,0.0,4.0,4.0,4.0,4.0,4.0,4.0,0.0
19825,2023.0,5.0,18.0,16.0,19.334112,20.137703,18.576284,19.017723,19.140284,19.783035,18.137226,18.315445,20.04577,20.892982,20.093054,20.947784,20.808392,21.35862,19.298788,19.253685,17.52489,17.408854,4.0,4.0,0.0,4.0,4.0,4.0,0.0,0.0
19826,2023.0,5.0,18.0,16.0,19.36083,20.15377,20.209894,21.876482,19.151836,19.788324,17.833954,17.910215,20.002516,20.771734,20.021255,20.734339,20.873585,21.422878,18.952751,18.818718,17.488533,17.376339,0.0,4.0,0.0,4.0,0.0,4.0,0.0,0.0
19827,2023.0,5.0,18.0,16.0,18.788353,19.057587,19.360678,20.027733,19.163774,19.797678,18.407217,19.045588,20.036152,20.83629,19.287323,19.266235,20.191603,20.096441,18.858612,18.720665,17.453362,17.344614,4.0,4.0,4.0,0.0,0.0,0.0,0.0,0.0
19828,2023.0,5.0,18.0,16.0,19.184422,19.985079,20.156687,21.615316,18.603027,18.74552,18.638544,19.300959,19.178242,19.154781,18.87839,18.71776,19.89058,19.707443,18.793684,18.659336,17.420967,17.315924,4.0,0.0,4.0,0.0,0.0,0.0,0.0,0.0
19829,2023.0,5.0,18.0,16.0,19.348984,20.139605,20.01036,21.230013,18.933285,19.549213,18.09455,18.244404,19.440638,19.91639,18.777447,18.632048,20.541374,21.019,18.752172,18.637331,17.391502,17.290268,4.0,4.0,0.0,4.0,0.0,4.0,0.0,0.0
19830,2023.0,5.0,18.0,17.0,18.737648,18.971125,20.0288,21.203217,19.090996,19.722582,18.49018,19.153225,20.052723,20.90251,18.706903,18.567879,20.054218,19.93886,18.708626,18.599659,17.363945,17.266441,4.0,4.0,4.0,4.0,0.0,0.0,0.0,0.0
19831,2023.0,5.0,18.0,17.0,19.160707,19.956396,20.025953,21.151564,18.518456,18.637747,18.65586,19.305883,20.000877,20.75807,18.639023,18.502932,19.794195,19.612661,18.663776,18.557985,17.337608,17.242676,4.0,0.0,4.0,4.0,0.0,0.0,0.0,0.0
19832,2023.0,5.0,18.0,17.0,19.30839,20.075535,20.043932,21.16687,18.873177,19.484419,18.085083,18.20952,20.03638,20.826202,18.578154,18.445494,19.709097,19.523243,18.620327,18.517206,17.312828,17.220308,0.0,4.0,0.0,0.0,0.0,0.0,0.0,0.0
19833,2023.0,5.0,18.0,17.0,19.326242,20.084633,19.402803,19.882313,19.020422,19.632015,17.79601,17.843046,19.845247,20.394646,18.52437,18.39709,19.64334,19.45695,18.57943,18.479038,17.288786,17.198769,4.0,4.0,0.0,4.0,0.0,0.0,0.0,0.0
19834,2023.0,5.0,18.0,17.0,19.353436,20.115925,20.14054,21.311468,18.45516,18.55956,17.701733,17.730259,20.058474,20.824932,18.478354,18.352911,19.652534,19.527325,18.54405,18.445946,17.266846,17.179092,0.0,0.0,0.0,0.0,0.0,0.0,0.0,0.0
19835,2023.0,5.0,18.0,17.0,19.370918,20.124996,19.458614,19.930984,18.792253,19.369064,18.29862,18.904669,19.202072,19.15484,18.430235,18.310219,19.630835,19.516916,18.505943,18.410858,17.24272,17.157776,4.0,4.0,4.0,0.0,0.0,0.0,0.0,0.0
19836,2023.0,5.0,18.0,18.0,19.379032,20.124397,20.101135,21.199493,18.910313,19.506355,17.881344,18.006203,18.85309,18.687365,18.386854,18.26977,19.594244,19.484047,19.517836,20.357609,17.219961,17.137787,4.0,4.0,0.0,0.0,0.0,0.0,4.0,0.0
19837,2023.0,5.0,18.0,18.0,21.236776,23.363073,20.015879,21.006145,21.272655,23.601349,21.250568,24.0842,18.684084,18.512049,18.336597,18.22235,21.221111,22.369192,21.314577,23.297794,18.188763,18.999413,4.0,4.0,0.0,0.0,0.0,4.0,0.0,4.0
19838,2023.0,5.0,18.0,18.0,21.03165,22.77758,20.027037,21.009968,21.028793,22.875235,21.016771,23.20993,18.605265,18.489998,18.28498,18.172863,21.022352,21.927233,21.027782,22.506037,20.20704,22.258001,4.0,0.0,0.0,0.0,0.0,0.0,0.0,4.0
19839,2023.0,5.0,18.0,18.0,21.053375,22.681973,20.025509,20.991083,21.059452,22.757643,21.058477,23.053457,18.523241,18.414679,18.657978,18.925957,21.032501,21.862055,21.006891,22.292732,19.989546,21.585602,4.0,0.0,0.0,0.0,4.0,0.0,4.0,4.0
19840,2023.0,5.0,18.0,18.0,21.02449,22.50511,20.026054,20.977283,21.031502,22.555021,21.054205,22.880793,18.437891,18.33565,20.16809,21.53614,21.03192,21.800032,21.053999,22.32003,20.198801,21.85519,4.0,4.0,0.0,0.0,0.0,0.0,0.0,0.0
19841,2023.0,5.0,18.0,18.0,21.055965,22.520231,20.026045,20.962887,21.036062,22.477163,21.053574,22.763456,18.356522,18.257498,19.141636,19.348534,21.024952,21.757378,21.04541,22.229683,19.407902,20.141428,4.0,4.0,0.0,0.0,0.0,0.0,0.0,4.0
19842,2023.0,5.0,18.0,19.0,21.023132,22.37865,20.026237,20.949734,21.034695,22.410433,21.052267,22.674702,18.282171,18.186903,18.504814,18.436201,21.025679,21.738316,21.04594,22.17501,20.15754,21.635225,4.0,4.0,0.0,0.0,0.0,0.0,0.0,0.0
19843,2023.0,5.0,18.0,19.0,21.028374,22.351377,20.044333,20.988476,21.05913,22.428951,21.051308,22.607075,18.214565,18.124722,18.328953,18.235796,21.025784,21.72429,21.045504,22.13247,18.766739,18.828163,0.0,0.0,0.0,0.0,0.0,0.0,0.0,0.0
19844,2023.0,5.0,18.0,19.0,21.027365,22.32009,19.086235,19.13796,21.028225,22.301815,21.02574,22.48556,18.151714,18.066898,18.239489,18.148594,21.025858,21.714706,21.037725,22.100367,18.041044,17.890215,0.0,4.0,4.0,0.0,0.0,0.0,0.0,0.0
19845,2023.0,5.0,18.0,19.0,21.02613,22.293633,18.44926,18.28139,21.03241,22.27748,21.054949,22.528843,18.090345,18.007936,18.158169,18.066929,21.007105,21.643972,21.037603,22.086065,17.80541,17.639242,0.0,4.0,0.0,0.0,0.0,4.0,0.0,0.0
19846,2023.0,5.0,18.0,19.0,21.026937,22.273895,18.834997,19.201178,21.032269,22.250463,21.057922,22.481089,18.035263,17.957956,18.087523,18.001814,21.039013,21.721943,21.038536,22.07547,17.74864,17.669506,4.0,4.0,0.0,0.0,0.0,0.0,0.0,0.0
19847,2023.0,5.0,18.0,19.0,21.053478,22.327328,20.171526,21.526684,21.03207,22.227295,21.032566,22.368608,17.982075,17.90899,18.018694,17.936132,21.033323,21.695206,21.038292,22.064709,17.670788,17.601725,0.0,4.0,4.0,0.0,0.0,0.0,0.0,0.0
19848,2023.0,5.0,18.0,20.0,21.047733,22.290981,19.13346,19.388096,21.031883,22.206608,21.037325,22.349375,18.68842,19.292057,17.955002,17.876524,21.033993,21.684063,21.038528,22.056274,17.582777,17.51862,0.0,4.0,4.0,4.0,0.0,0.0,0.0,0.0
19849,2023.0,5.0,18.0,20.0,21.047915,22.266895,18.48243,18.497814,21.056986,22.257353,21.061731,22.394367,20.146862,21.63864,17.894268,17.817991,21.025517,21.674349,21.03843,22.04792,17.503448,17.442398,0.0,0.0,0.0,4.0,0.0,0.0,0.0,0.0
19850,2023.0,5.0,18.0,20.0,21.046808,22.242132,18.746578,19.135494,21.024633,22.149942,21.029636,22.284914,20.029284,21.24101,17.83291,17.756035,21.027014,21.680986,21.038292,22.040022,17.43131,17.37131,4.0,4.0,4.0,0.0,0.0,0.0,0.0,0.0
19851,2023.0,5.0,18.0,20.0,21.287697,22.704254,20.200754,21.645763,21.20794,22.499296,21.161045,22.547523,18.812635,18.764086,17.777218,17.702332,21.165958,21.960901,21.231508,22.419062,17.370335,17.314503,0.0,4.0,0.0,0.0,0.0,0.0,0.0,0.0
19852,2023.0,5.0,18.0,20.0,21.026958,22.158228,18.911392,18.981377,21.030792,22.126184,21.055727,22.311394,18.175793,17.958338,17.724342,17.650448,21.026733,21.679228,21.037867,22.019268,18.305744,19.13973,0.0,4.0,0.0,0.0,0.0,0.0,0.0,4.0
19853,2023.0,5.0,18.0,20.0,21.025677,22.146719,18.309772,18.272034,21.056787,22.18569,21.031258,22.221691,17.988733,17.758133,17.674034,17.600378,20.999073,21.606108,21.03836,22.014597,20.200182,22.160793,0.0,0.0,4.0,0.0,0.0,4.0,0.0,4.0
19854,2023.0,5.0,18.0,21.0,21.026545,22.138752,18.613708,18.952724,21.051199,22.15561,21.061342,22.28693,18.769838,19.357773,17.624075,17.549528,21.011908,21.621254,21.038105,22.00819,20.039692,21.6262,4.0,0.0,0.0,4.0,0.0,4.0,0.0,0.0
19855,2023.0,5.0,18.0,21.0,21.198872,22.493698,20.205046,21.720558,21.194838,22.423782,21.184736,22.51466,20.175617,21.61552,17.572968,17.492357,21.26783,22.126905,21.270172,22.46626,19.20863,19.808414,0.0,0.0,0.0,0.0,0.0,4.0,0.0,4.0
19856,2023.0,5.0,18.0,21.0,21.019665,22.093906,19.048065,19.300959,21.051142,22.114752,21.030348,22.163969,18.770151,18.697554,17.52595,17.441751,21.010466,21.599518,21.03756,21.988539,20.192266,21.747364,0.0,0.0,4.0,0.0,0.0,4.0,0.0,0.0
19857,2023.0,5.0,18.0,21.0,21.026081,22.09762,18.335775,18.320503,21.03934,22.101301,21.061047,22.23491,18.066444,17.81118,17.481703,17.39338,21.011353,21.597792,21.038134,21.985321,18.626846,18.563244,0.0,0.0,0.0,0.0,0.0,4.0,0.0,0.0
19858,2023.0,5.0,18.0,21.0,21.025202,22.088724,18.116915,18.045427,21.040268,22.10641,21.0538,22.20582,18.048267,17.950243,17.436,17.34085,21.043213,21.675135,21.03681,21.977757,17.855034,17.609894,0.0,0.0,0.0,0.0,0.0,0.0,0.0,0.0
19859,2023.0,5.0,18.0,21.0,21.096235,22.246954,17.992672,17.909725,21.038254,22.073545,21.087831,22.280354,17.998163,17.903288,17.393253,17.292835,21.074577,21.71769,21.077251,22.049643,17.628824,17.37395,0.0,4.0,0.0,0.0,0.0,0.0,0.0,0.0
19860,2023.0,5.0,18.0,22.0,21.040411,22.111591,18.363468,18.687056,21.05641,22.114128,21.037987,22.183727,18.635853,19.170435,17.355707,17.253677,21.03284,21.621798,21.032145,21.951931,17.638876,17.542963,4.0,0.0,0.0,4.0,0.0,0.0,0.0,0.0
19861,2023.0,5.0,18.0,22.0,21.048811,22.114084,20.233522,21.917755,21.051863,22.084686,21.045115,22.19978,20.177082,21.659327,17.3181,17.212982,21.037998,21.621746,21.038513,21.959764,17.587454,17.503986,0.0,0.0,0.0,4.0,0.0,0.0,0.0,0.0
19862,2023.0,5.0,18.0,22.0,21.047472,22.097631,18.956032,19.210281,21.038795,22.066992,21.019033,22.127056,20.035782,21.212854,17.573559,17.715803,21.026127,21.611881,21.03761,21.952646,17.504288,17.422874,0.0,0.0,4.0,0.0,4.0,0.0,0.0,0.0
19863,2023.0,5.0,18.0,22.0,21.03494,22.085371,18.190653,18.153551,21.040375,22.072067,21.024332,22.140995,18.71721,18.545023,20.379198,22.389889,21.027536,21.622484,21.03766,21.947117,17.426003,17.33997,0.0,0.0,4.0,0.0,0.0,0.0,0.0,0.0
19864,2023.0,5.0,18.0,22.0,21.036629,22.094852,17.992805,17.909067,21.040102,22.070618,21.062878,22.210987,18.048363,17.727993,19.025234,19.511368,21.027548,21.62705,21.037699,21.941458,17.357424,17.26955,0.0,0.0,0.0,0.0,4.0,0.0,0.0,0.0
19865,2023.0,5.0,18.0,22.0,21.036535,22.097952,17.882998,17.789509,21.04006,22.067842,21.05584,22.170668,18.045288,17.909485,20.24166,21.924908,20.998661,21.553244,21.037388,21.935184,18.060724,18.64862,0.0,0.0,0.0,0.0,0.0,4.0,0.0,4.0
19866,2023.0,5.0,18.0,23.0,21.03666,22.099474,18.236332,18.518854,21.03996,22.06371,21.056221,22.147861,18.016378,17.903622,18.871017,19.036655,21.045052,21.65039,20.997307,21.821922,20.27006,22.328825,4.0,0.0,0.0,0.0,0.0,0.0,4.0,0.0
19867,2023.0,5.0,18.0,23.0,20.123116,20.345459,18.022947,18.039299,20.56729,21.123259,19.728636,19.584309,18.489655,18.862297,18.098497,17.997093,20.067207,19.753471,20.632595,21.107185,18.368677,18.319948,0.0,4.0,0.0,4.0,0.0,0.0,4.0,0.0
19868,2023.0,5.0,18.0,23.0,20.3735,21.030104,17.813095,17.720118,20.375172,20.873198,19.347155,19.194897,18.098581,18.02366,17.930511,17.802597,19.676252,19.23802,19.643877,19.329538,17.718227,17.417278,0.0,4.0,0.0,0.0,0.0,0.0,0.0,0.0
19869,2023.0,5.0,18.0,23.0,19.792892,19.935541,17.723166,17.61512,19.988092,20.185375,19.856932,20.325567,18.276907,18.454353,18.143845,18.294273,19.758205,19.566011,19.247454,18.857222,17.705849,17.57878,0.0,4.0,4.0,4.0,4.0,0.0,0.0,0.0
19870,2023.0,5.0,18.0,23.0,19.210045,18.984013,17.659748,17.54923,19.199055,18.827614,19.342392,19.354534,17.808859,17.528074,18.187696,18.352629,19.720955,19.563898,19.046772,18.660378,18.419523,19.010574,0.0,0.0,0.0,0.0,4.0,0.0,0.0,4.0
19871,2023.0,5.0,18.0,23.0,18.955166,18.686966,17.604673,17.492285,18.843752,18.384418,18.745451,18.366117,17.574604,17.23391,17.86017,17.759075,19.63524,19.477184,18.884468,18.503172,17.663225,17.425789,0.0,0.0,0.0,0.0,0.0,0.0,0.0,0.0
19872,2023.0,5.0,19.0,0.0,19.064417,19.063696,18.025826,18.323671,18.650936,18.185545,18.468204,18.028067,18.068544,18.255384,18.021032,18.173525,19.551971,19.390816,18.963322,18.804312,17.349371,17.036018,4.0,0.0,0.0,4.0,4.0,0.0,0.0,0.0
19873,2023.0,5.0,19.0,0.0,19.026505,19.059958,17.748112,17.73877,18.498613,18.036585,18.56974,18.39429,17.598015,17.26654,17.504938,17.146397,19.47698,19.315067,18.92204,18.787529,17.981215,18.336248,0.0,0.0,0.0,0.0,0.0,0.0,0.0,4.0
19874,2023.0,5.0,19.0,0.0,18.946514,18.982103,17.312063,16.950657,18.630598,18.434813,18.53845,18.408922,17.398363,17.04325,17.252563,16.845102,19.407417,19.24447,18.840178,18.704046,17.402866,17.12637,0.0,0.0,0.0,0.0,0.0,0.0,0.0,0.0
19875,2023.0,5.0,19.0,0.0,18.869278,18.90503,17.128435,16.703249,18.6246,18.479416,18.453512,18.32685,18.135857,18.534601,17.679998,17.77221,19.342379,19.177946,18.760336,18.622875,17.164762,16.848408,0.0,0.0,0.0,4.0,4.0,0.0,0.0,0.0
19876,2023.0,5.0,19.0,0.0,18.795979,18.831043,17.289513,17.109335,18.555027,18.412739,18.370394,18.243866,17.766943,17.676908,17.515657,17.38668,19.281404,19.115114,18.684896,18.54578,17.06108,16.744581,0.0,0.0,0.0,0.0,0.0,0.0,0.0,0.0
19877,2023.0,5.0,19.0,0.0,19.45866,20.13675,17.331268,17.203857,18.485754,18.344704,18.292963,18.167383,17.403341,17.074654,17.39088,17.242563,19.225048,19.057623,18.615221,18.47528,17.159388,17.029926,0.0,0.0,0.0,0.0,0.0,0.0,0.0,0.0
19878,2023.0,5.0,19.0,1.0,18.72593,18.610353,17.305368,17.180695,18.418894,18.278587,18.220303,18.095297,17.251717,16.888716,17.620232,17.719347,19.172094,19.003418,18.549908,18.409008,17.871695,18.388714,0.0,0.0,0.0,0.0,4.0,0.0,0.0,4.0
19879,2023.0,5.0,19.0,1.0,18.376831,18.105778,17.274822,17.149818,18.355661,18.216019,18.15254,18.028027,17.371157,17.214123,17.40755,17.280556,19.122503,18.95283,18.48871,18.347,17.191036,16.929836,0.0,0.0,0.0,0.0,0.0,0.0,0.0,0.0
19880,2023.0,5.0,19.0,1.0,18.234968,17.943712,17.24035,17.111403,18.290718,18.146238,18.083906,17.953934,17.38636,17.248516,17.277899,17.121878,19.072508,18.898836,18.427889,18.282091,16.926052,16.59484,0.0,0.0,0.0,0.0,0.0,0.0,0.0,0.0
19881,2023.0,5.0,19.0,1.0,18.41121,18.3945,17.21272,17.086327,18.23966,18.100983,18.030237,17.906218,17.355165,17.21858,17.513885,17.609346,19.030596,18.859055,18.376673,18.233421,17.806011,18.359976,0.0,0.0,0.0,0.0,4.0,0.0,0.0,4.0
19882,2023.0,5.0,19.0,1.0,18.43629,18.465502,17.182335,17.05511,18.186289,18.047972,17.974293,17.85051,17.320719,17.183172,17.617136,17.754986,19.70675,20.174305,18.324888,18.180904,17.129045,16.869123,0.0,0.0,0.0,0.0,4.0,4.0,0.0,0.0
19883,2023.0,5.0,19.0,1.0,18.398256,18.429487,17.608934,17.876865,18.135561,17.997366,17.92153,17.797646,17.285875,17.147345,17.088577,16.724943,18.94365,18.572979,18.275301,18.130564,16.857834,16.525972,4.0,0.0,0.0,0.0,0.0,0.0,0.0,0.0
19884,2023.0,5.0,19.0,2.0,18.355545,18.38518,17.341953,17.294062,18.085573,17.94568,17.869532,17.743784,17.250448,17.109829,16.832647,16.396294,18.664192,18.202505,18.22629,18.079453,16.76251,16.428097,0.0,0.0,0.0,0.0,0.0,0.0,0.0,0.0
19885,2023.0,5.0,19.0,2.0,18.313366,18.342234,17.18939,17.06165,18.038689,17.89836,17.820587,17.694387,17.216562,17.074804,17.001522,16.833553,18.572565,18.111704,18.180094,18.032295,16.901505,16.784796,0.0,0.0,0.0,0.0,0.0,0.0,0.0,0.0
19886,2023.0,5.0,19.0,2.0,18.27295,18.301952,17.137423,17.004475,17.994562,17.854887,17.77446,17.648993,17.184006,17.041729,17.00754,16.847612,18.783745,18.614567,18.136227,17.988165,16.889187,16.765247,0.0,0.0,0.0,0.0,0.0,0.0,0.0,0.0
19887,2023.0,5.0,19.0,2.0,18.233358,18.262314,17.097982,16.964577,17.951933,17.812838,17.730085,17.605219,17.152067,17.00928,17.291498,17.412424,18.780235,18.602196,18.093801,17.945475,16.856493,16.731955,0.0,0.0,0.0,0.0,4.0,0.0,0.0,0.0
19888,2023.0,5.0,19.0,2.0,18.193867,18.221745,17.06196,16.926645,17.909306,17.769192,17.68591,17.559944,17.12006,16.976116,17.387388,17.52877,18.74877,18.570333,18.05203,17.902805,16.823092,16.697453,0.0,0.0,0.0,0.0,4.0,0.0,0.0,0.0
19889,2023.0,5.0,19.0,2.0,18.157896,18.187132,17.032314,16.898758,17.87174,17.734253,17.647243,17.52389,17.0904,16.947142,17.125057,16.977278,18.718277,18.54054,18.013208,17.86493,16.791286,16.666206,0.0,0.0,0.0,0.0,4.0,0.0,0.0,0.0
19890,2023.0,5.0,19.0,3.0,18.122211,18.152113,17.003168,16.869862,17.834204,17.698055,17.60883,17.486694,17.63309,17.991611,16.770338,16.38106,18.686785,18.509535,17.97519,17.827572,17.484333,17.998184,0.0,0.0,0.0,4.0,0.0,0.0,0.0,4.0
19891,2023.0,5.0,19.0,3.0,18.086065,18.11507,16.97361,16.83938,17.796154,17.659765,17.570047,17.44751,17.254082,17.149887,16.589283,16.153208,18.654312,18.476418,17.936821,17.788626,16.99636,16.91797,0.0,0.0,0.0,0.0,0.0,0.0,0.0,0.0
19892,2023.0,5.0,19.0,3.0,18.051155,18.079382,16.944527,16.80975,17.759182,17.622723,17.532455,17.409708,17.108315,16.964209,17.06488,17.159391,18.622269,18.443916,17.899483,17.75093,16.6346,16.313532,0.0,0.0,0.0,0.0,4.0,0.0,0.0,0.0
19893,2023.0,5.0,19.0,3.0,18.014412,18.03942,16.912937,16.774935,17.719969,17.580421,17.492504,17.366554,17.05922,16.911695,17.239294,17.3787,18.58886,18.408298,17.861143,17.71048,16.497211,16.151823,0.0,0.0,0.0,0.0,4.0,0.0,0.0,0.0
19894,2023.0,5.0,19.0,3.0,17.998825,18.041327,16.887495,16.751497,17.687243,17.550438,17.459194,17.336002,17.599724,17.962837,16.690727,16.29474,18.55932,18.380058,17.826975,17.677723,16.634048,16.503962,0.0,0.0,0.0,4.0,0.0,0.0,0.0,0.0
19895,2023.0,5.0,19.0,3.0,17.969975,18.012403,16.858624,16.720428,17.650629,17.512014,17.421928,17.296873,17.53655,17.680984,16.458763,16.008287,18.527418,18.346634,17.790611,17.639894,16.636696,16.50779,0.0,0.0,0.0,4.0,0.0,0.0,0.0,0.0
19896,2023.0,5.0,19.0,4.0,17.940573,17.98298,16.832216,16.694456,17.617323,17.47971,17.38791,17.263933,16.968893,16.60777,16.63335,16.448616,18.497847,18.317503,17.756826,17.60668,16.608786,16.479942,0.0,0.0,0.0,0.0,0.0,0.0,0.0,0.0
19897,2023.0,5.0,19.0,4.0,17.910168,17.951504,16.804773,16.666725,17.583323,17.445555,17.35306,17.229013,16.755993,16.353806,16.970608,17.074148,18.467941,18.287355,17.722752,17.572395,16.580582,16.451387,0.0,0.0,0.0,0.0,4.0,0.0,0.0,0.0
19898,2023.0,5.0,19.0,4.0,17.880943,17.922764,16.778996,16.641932,17.551365,17.414913,17.320406,17.197735,16.66295,16.264668,16.763647,16.621742,18.439566,18.25985,17.69038,17.540987,17.277657,17.787848,0.0,0.0,0.0,0.0,0.0,0.0,0.0,4.0
19899,2023.0,5.0,19.0,4.0,17.850702,17.892366,16.752964,16.616055,17.519041,17.383038,17.287718,17.165394,17.433207,17.812029,16.661972,16.49795,18.410887,18.231441,17.657763,17.508688,16.80862,16.743467,0.0,0.0,0.0,4.0,0.0,0.0,0.0,0.0
19900,2023.0,5.0,19.0,4.0,17.820026,17.861017,16.7267,16.589493,17.486576,17.350452,17.255178,17.13255,17.09195,16.993309,16.918295,17.009554,18.382042,18.20245,17.62502,17.475807,16.430998,16.1031,0.0,0.0,0.0,0.0,4.0,0.0,0.0,0.0
19901,2023.0,5.0,19.0,4.0,17.78943,17.829245,16.700369,16.562475,17.45406,17.317429,17.222637,17.099354,16.701397,16.320387,16.697989,16.539007,18.353216,18.173233,17.592354,17.442753,16.300718,15.95509,0.0,0.0,0.0,0.0,0.0,0.0,0.0,0.0
19902,2023.0,5.0,19.0,5.0,17.75905,17.797709,16.674324,16.535667,17.421837,17.28471,17.190306,17.06645,16.564137,16.163803,16.608128,16.442556,18.324764,18.144491,17.560143,17.410284,16.455112,16.340483,0.0,0.0,0.0,0.0,0.0,0.0,0.0,0.0
19903,2023.0,5.0,19.0,5.0,17.730913,17.770876,16.650776,16.513927,17.392271,17.257067,17.16044,17.03851,16.746216,16.609707,16.569817,16.406137,18.298368,18.119549,17.529898,17.381397,16.445889,16.317436,0.0,0.0,0.0,0.0,0.0,0.0,0.0,0.0
19904,2023.0,5.0,19.0,5.0,17.703264,17.744247,16.628378,16.494072,17.364147,17.231533,17.131989,17.01267,16.74824,16.603228,16.84202,16.949156,18.27325,18.096323,17.500977,17.354275,16.421541,16.294415,0.0,0.0,0.0,0.0,4.0,0.0,0.0,0.0
19905,2023.0,5.0,19.0,5.0,17.676054,17.718592,16.606138,16.47437,17.336235,17.206244,17.103823,16.987114,17.304432,17.669882,16.627253,16.487677,18.248775,18.073812,17.472689,17.327883,16.397974,16.272518,0.0,0.0,0.0,4.0,0.0,0.0,0.0,0.0
19906,2023.0,5.0,19.0,5.0,17.649054,17.692726,16.583986,16.454235,17.308254,17.180372,17.075712,16.961044,17.553024,18.000494,16.528671,16.370749,18.973022,19.466208,17.444805,17.301548,17.099024,17.613947,0.0,0.0,0.0,4.0,0.0,4.0,0.0,4.0
19907,2023.0,5.0,19.0,5.0,17.622984,17.667736,16.562067,16.434275,17.280664,17.154755,17.048063,16.935293,16.80507,16.488977,16.49384,16.338194,18.208654,17.846386,17.417736,17.276003,17.160883,17.532822,0.0,0.0,0.0,0.0,0.0,0.0,0.0,4.0
19908,2023.0,5.0,19.0,6.0,17.597292,17.642889,16.5401,16.414074,17.97181,18.47792,17.020864,16.909552,16.54383,16.162958,16.751171,16.848026,17.953587,17.509146,17.391418,17.25101,16.46015,16.166256,0.0,4.0,0.0,0.0,4.0,0.0,0.0,0.0
19909,2023.0,5.0,19.0,6.0,21.415813,24.346909,16.978962,17.254154,21.38226,24.323336,21.21728,24.331219,17.067251,17.226871,20.260286,22.904243,21.216288,23.225231,21.601738,24.502268,16.249556,15.921985,4.0,4.0,0.0,4.0,0.0,0.0,0.0,0.0
19910,2023.0,5.0,19.0,6.0,21.093355,23.357555,20.312698,22.962732,21.039396,23.229378,21.009129,23.4295,20.41307,22.820637,18.601868,19.16427,21.07885,22.784422,21.001362,23.071987,16.165417,15.845158,0.0,0.0,0.0,0.0,4.0,0.0,0.0,0.0
19911,2023.0,5.0,19.0,6.0,21.080578,23.052824,18.37076,18.736256,21.083124,23.033352,21.073399,23.252825,18.113935,18.029305,20.273142,22.449049,21.051971,22.523916,21.06557,22.941498,16.310257,16.200634,0.0,0.0,0.0,0.0,4.0,0.0,0.0,0.0
19912,2023.0,5.0,19.0,6.0,21.065641,22.839117,17.230783,17.163675,21.046112,22.749224,21.059292,23.023676,17.294853,17.165554,20.015146,21.64221,21.043003,22.36055,21.05144,22.734947,16.347166,16.232819,0.0,4.0,0.0,0.0,4.0,0.0,0.0,0.0
19913,2023.0,5.0,19.0,6.0,21.025734,22.64262,17.0281,16.92025,21.078224,22.699171,21.06216,22.88627,17.799671,18.1987,20.060822,21.524408,21.043684,22.254244,21.01534,22.505468,17.106924,17.684662,0.0,0.0,0.0,4.0,4.0,0.0,4.0,4.0
19914,2023.0,5.0,19.0,7.0,21.048492,22.589989,16.920166,16.803852,21.071016,22.584929,21.06073,22.780405,20.290821,22.446678,20.068668,21.4073,21.04238,22.171898,21.074678,22.536016,20.336771,23.080204,0.0,0.0,0.0,0.0,0.0,0.0,0.0,0.0
19915,2023.0,5.0,19.0,7.0,21.070267,22.584314,16.84504,16.727865,21.06992,22.507187,21.058989,22.699425,18.252443,18.147541,18.50419,18.29782,21.011526,22.031353,21.06289,22.421705,17.901018,17.875328,0.0,0.0,0.0,0.0,0.0,4.0,0.0,0.0
19916,2023.0,5.0,19.0,7.0,21.036934,22.440908,17.261414,17.562302,21.02588,22.376745,21.032887,22.56923,17.26718,16.896622,17.869345,17.68486,21.029873,21.999916,21.061815,22.348547,17.717754,18.21323,4.0,4.0,4.0,0.0,0.0,4.0,0.0,4.0
19917,2023.0,5.0,19.0,7.0,21.16796,22.683275,20.287811,22.744959,21.193535,22.71504,21.181004,22.845098,18.072886,18.629028,17.732449,17.570288,21.168213,22.227053,21.2244,22.645573,20.312119,22.630949,4.0,0.0,0.0,4.0,0.0,4.0,0.0,0.0
19918,2023.0,5.0,19.0,7.0,21.03489,22.359694,20.017572,21.858631,21.042484,22.336887,21.071953,22.553495,20.272501,22.252302,17.587177,17.431152,21.025108,21.897474,21.008087,22.154734,18.822725,19.351557,4.0,4.0,0.0,0.0,0.0,4.0,4.0,4.0
19919,2023.0,5.0,19.0,7.0,21.067173,22.420319,20.078663,21.76715,21.045416,22.309666,21.069532,22.496817,18.355354,18.239265,17.469608,17.319828,21.024242,21.864624,21.068224,22.263145,20.280745,22.263815,0.0,4.0,0.0,0.0,0.0,4.0,0.0,0.0
19920,2023.0,5.0,19.0,8.0,21.033192,22.309853,18.68565,18.908676,21.06924,22.351713,21.027176,22.38557,17.431059,17.072977,17.755795,17.945637,21.053318,21.914484,21.057026,22.203417,19.011696,19.52037,4.0,0.0,4.0,0.0,4.0,0.0,0.0,4.0
19921,2023.0,5.0,19.0,8.0,20.114508,20.536713,20.228943,22.054893,19.54104,19.395535,20.19357,20.781466,17.43063,17.277248,20.29613,22.28572,20.465586,20.72402,19.593773,19.358654,20.243082,22.005697,0.0,0.0,4.0,0.0,4.0,4.0,0.0,0.0
19922,2023.0,5.0,19.0,8.0,19.0929,18.960192,18.793194,19.032438,19.251972,19.379763,19.473797,19.704174,17.426544,17.308846,20.017235,21.480087,20.2326,20.46713,18.845629,18.470049,18.428974,18.315575,4.0,4.0,4.0,0.0,4.0,4.0,0.0,0.0
19923,2023.0,5.0,19.0,8.0,19.285734,19.646372,20.223137,21.973959,19.245249,19.435389,19.197937,19.408173,18.106485,18.65527,20.067513,21.402704,19.49111,19.139437,19.807291,20.549706,18.421076,18.875917,4.0,4.0,4.0,4.0,0.0,0.0,4.0,4.0
19924,2023.0,5.0,19.0,8.0,19.355274,19.76233,20.023714,21.410088,18.54432,18.227224,19.06591,19.29032,20.245573,22.18277,18.890945,18.981071,19.092329,18.66816,19.90079,20.430016,20.205486,21.914635,4.0,0.0,4.0,4.0,4.0,0.0,4.0,4.0
19925,2023.0,5.0,19.0,8.0,19.30097,19.730549,20.06862,21.409615,18.130426,17.729897,18.969149,19.209438,20.03827,21.54175,20.279531,21.686476,18.93159,18.511866,18.926773,18.670671,20.04405,21.474457,0.0,0.0,4.0,0.0,0.0,0.0,0.0,0.0
19926,2023.0,5.0,19.0,9.0,19.25471,19.697859,18.630865,18.577833,17.947931,17.554415,18.282139,18.007591,19.065186,19.456373,18.733437,18.616407,19.559277,19.810154,18.448692,18.1092,19.223019,19.746714,0.0,0.0,0.0,4.0,0.0,4.0,0.0,4.0
19927,2023.0,5.0,19.0,9.0,19.220293,19.67034,18.603874,18.850687,18.747051,19.191833,17.951317,17.576101,20.215641,21.507591,18.28362,18.091284,19.049788,18.745443,18.289028,17.94382,20.143412,21.466959,4.0,4.0,0.0,4.0,0.0,0.0,0.0,4.0
19928,2023.0,5.0,19.0,9.0,18.566553,18.489685,20.20906,21.74455,18.272924,18.107107,17.777239,17.411888,20.01114,21.087975,18.16587,18.006605,18.731789,18.349415,18.16094,17.824741,20.047865,21.25759,0.0,0.0,0.0,4.0,0.0,0.0,0.0,0.0
19929,2023.0,5.0,19.0,9.0,18.185555,18.014977,18.686441,18.672169,17.802963,17.472616,18.29498,18.508322,20.059786,21.144047,18.38723,18.551361,18.631573,18.247192,18.054094,17.725645,18.647993,18.520473,0.0,0.0,4.0,0.0,4.0,0.0,0.0,0.0
19930,2023.0,5.0,19.0,9.0,18.722115,19.14825,17.758078,17.428785,18.28787,18.509995,17.885094,17.648188,19.362352,19.71135,20.222532,21.786036,18.768093,18.59283,18.136255,17.986841,17.905252,17.59718,0.0,4.0,0.0,4.0,0.0,0.0,0.0,0.0
19931,2023.0,5.0,19.0,9.0,18.924007,19.40352,18.127626,18.366472,18.513004,18.822203,17.551022,17.224628,20.118938,21.258125,19.24927,19.68558,18.82001,18.679932,18.151379,18.029028,18.515402,18.964966,4.0,4.0,0.0,4.0,4.0,0.0,0.0,4.0
19932,2023.0,5.0,19.0,10.0,18.936897,19.422691,20.226582,22.034595,18.53086,18.847866,17.42962,17.104666,20.185724,21.346148,20.203482,21.566223,18.802608,18.666441,18.112314,17.99395,20.252768,21.922764,0.0,4.0,0.0,0.0,0.0,0.0,0.0,0.0
19933,2023.0,5.0,19.0,10.0,18.331614,18.295835,18.865099,19.180666,18.536825,18.861649,17.52979,17.401413,18.838781,18.688643,18.818258,18.718897,18.781197,18.645823,18.071693,17.95463,18.608824,18.552557,0.0,4.0,0.0,0.0,0.0,0.0,0.0,0.0
19934,2023.0,5.0,19.0,10.0,18.767763,19.252502,18.161734,18.099558,17.944002,17.76218,17.551432,17.470327,18.302635,17.935406,18.392553,18.198227,18.765142,18.629236,18.039768,17.922268,17.986837,17.667152,0.0,0.0,0.0,0.0,0.0,0.0,0.0,0.0
19935,2023.0,5.0,19.0,10.0,18.247105,18.220066,17.949839,17.864168,17.666592,17.37279,17.515446,17.44133,18.107832,17.742466,18.299473,18.127813,18.751621,18.615469,18.011662,17.894434,17.945606,17.789017,0.0,0.0,0.0,0.0,0.0,0.0,0.0,0.0
19936,2023.0,5.0,19.0,10.0,17.99038,17.866196,18.274223,18.599195,17.549505,17.255953,17.476585,17.407253,18.148884,17.971851,18.195908,18.026138,18.74031,18.603455,17.986622,17.86905,17.86293,17.726833,4.0,0.0,0.0,0.0,0.0,0.0,0.0,0.0
19937,2023.0,5.0,19.0,10.0,17.884132,17.760653,20.22805,22.02591,17.472439,17.193306,17.43885,17.375408,18.109287,17.958513,18.111752,17.94356,18.731384,18.593899,17.965185,17.847748,17.772614,17.642048,4.0,0.0,0.0,0.0,0.0,0.0,0.0,0.0
19938,2023.0,5.0,19.0,11.0,17.793015,17.676546,20.021395,21.438538,17.585472,17.505373,17.395155,17.334429,18.023409,17.873142,18.023746,17.853035,18.722767,18.583649,17.942282,17.823006,17.674444,17.541374,0.0,0.0,0.0,0.0,0.0,0.0,0.0,0.0
19939,2023.0,5.0,19.0,11.0,18.6394,19.35708,18.641026,18.677969,18.280436,18.824152,17.358677,17.305809,17.954208,17.81113,18.32597,18.479519,18.718647,18.579597,17.92563,17.807287,17.600737,17.474314,0.0,4.0,0.0,0.0,4.0,0.0,0.0,0.0
19940,2023.0,5.0,19.0,11.0,18.702316,19.290363,18.383595,18.456512,17.918133,18.017529,17.326345,17.278538,17.905346,17.76238,20.192932,21.745733,18.718262,18.578579,17.913887,17.794931,17.54762,17.421185,4.0,0.0,0.0,0.0,4.0,0.0,0.0,0.0
19941,2023.0,5.0,19.0,11.0,18.691917,19.26747,20.203463,21.801483,17.46181,17.28698,17.293232,17.250803,17.856752,17.71535,20.028444,21.193464,19.507948,20.074696,17.903223,17.783789,17.495773,17.371052,0.0,0.0,0.0,0.0,0.0,4.0,0.0,0.0
19942,2023.0,5.0,19.0,11.0,18.134043,18.192924,18.774797,18.8664,17.30919,17.10156,17.262049,17.224443,17.817274,17.676832,18.875387,18.820303,18.998575,18.85122,18.94686,19.760984,17.452337,17.328236,0.0,0.0,0.0,0.0,0.0,0.0,4.0,0.0
19943,2023.0,5.0,19.0,11.0,18.600857,19.186241,18.704727,19.02295,17.945604,18.341496,17.235588,17.202003,18.53417,19.049011,18.327879,17.975285,19.483685,19.847427,19.155415,19.883213,17.423456,17.29846,4.0,4.0,0.0,4.0,0.0,4.0,4.0,0.0
19944,2023.0,5.0,19.0,12.0,18.10848,18.180763,20.19944,21.718683,17.559494,17.510906,17.210627,17.182003,20.187649,21.877655,18.336872,18.129852,19.708517,20.148064,18.34731,18.264452,17.40047,17.275702,0.0,0.0,0.0,0.0,0.0,4.0,0.0,0.0
19945,2023.0,5.0,19.0,12.0,21.288933,23.961313,19.008661,19.288286,21.256804,24.14848,21.30457,24.425198,18.727415,18.752342,18.327766,18.148829,21.159645,22.697496,21.401834,23.709007,17.378386,17.252823,0.0,0.0,4.0,0.0,0.0,0.0,0.0,0.0
19946,2023.0,5.0,19.0,12.0,21.010872,23.052273,18.236916,18.231642,21.008768,23.212875,21.005802,23.40385,17.983482,17.721806,18.270267,18.0916,21.027174,22.215265,20.97028,22.627234,17.363888,17.237473,0.0,0.0,0.0,0.0,0.0,0.0,4.0,0.0
19947,2023.0,5.0,19.0,12.0,21.127235,23.065468,17.991241,17.941732,21.104467,23.101948,21.175186,23.405882,17.96832,17.820507,18.222696,18.041302,21.044378,22.059029,21.131334,22.754477,17.358688,17.232138,0.0,4.0,0.0,0.0,0.0,4.0,0.0,0.0
19948,2023.0,5.0,19.0,12.0,21.01455,22.699703,18.321484,18.68639,21.039865,22.808764,21.05628,22.977932,18.739357,19.28431,18.573963,18.730286,21.04071,21.983368,21.001324,22.30966,17.360964,17.234528,4.0,4.0,0.0,4.0,4.0,0.0,4.0,0.0
19949,2023.0,5.0,19.0,12.0,21.039793,22.645332,20.237396,22.027212,21.045313,22.694754,21.034397,22.796825,20.227015,21.72934,20.175198,21.488672,21.006538,21.812084,21.018412,22.237036,17.367308,17.241026,0.0,4.0,4.0,0.0,0.0,4.0,4.0,0.0
19950,2023.0,5.0,19.0,13.0,21.034954,22.563124,18.76306,18.945108,21.067053,22.66717,21.072416,22.787664,18.903122,18.93141,19.219135,19.417677,21.00995,21.76188,21.054113,22.257996,17.376247,17.250444,0.0,0.0,0.0,0.0,0.0,4.0,0.0,0.0
19951,2023.0,5.0,19.0,13.0,21.060066,22.57858,17.887846,17.748653,21.058702,22.577642,21.036629,22.61823,18.226357,17.979317,18.558931,18.396713,21.03863,21.790186,21.043465,22.168295,17.38602,17.260649,0.0,0.0,4.0,0.0,0.0,0.0,0.0,0.0
19952,2023.0,5.0,19.0,13.0,21.027117,22.44512,18.274069,18.654211,21.058804,22.519398,21.043108,22.574078,18.186842,18.032274,18.818115,18.987885,21.032745,21.730564,21.043928,22.112518,17.395643,17.270708,4.0,0.0,4.0,0.0,4.0,0.0,0.0,0.0
19953,2023.0,5.0,19.0,13.0,21.032003,22.42336,20.226015,22.031208,21.023483,22.403849,21.066385,22.597363,18.172758,18.024626,20.148424,21.281626,21.002523,21.609764,21.043192,22.066689,17.40501,17.28072,0.0,4.0,0.0,0.0,0.0,4.0,0.0,0.0
19954,2023.0,5.0,19.0,13.0,21.030727,22.396873,18.921003,19.279957,21.063473,22.46633,21.060043,22.544353,18.14203,17.995222,19.306833,19.48407,21.005768,21.590939,21.042242,22.029661,17.413967,17.29089,0.0,0.0,0.0,0.0,0.0,4.0,0.0,0.0
19955,2023.0,5.0,19.0,13.0,21.028507,22.373423,18.574398,19.03155,21.053284,22.413456,21.057632,22.50563,18.11499,17.968685,18.69171,18.52791,21.035265,21.650394,21.033415,21.997025,17.42205,17.300856,4.0,0.0,0.0,0.0,0.0,0.0,0.0,0.0
19956,2023.0,5.0,19.0,14.0,21.186125,22.691137,20.215816,21.887337,21.181738,22.641796,21.19587,22.771828,18.094202,17.950977,18.563822,18.396431,21.178171,21.911953,20.997572,21.880789,17.42817,17.308651,4.0,0.0,0.0,0.0,0.0,0.0,4.0,0.0
19957,2023.0,5.0,19.0,14.0,20.342926,21.005535,20.028429,21.379648,20.39974,21.089071,20.305027,21.004475,18.075876,17.93522,18.884924,19.050713,20.211752,20.013208,19.870173,19.734152,17.43287,17.315237,0.0,4.0,4.0,0.0,4.0,0.0,0.0,0.0
19958,2023.0,5.0,19.0,14.0,19.439278,19.572184,18.83669,18.996746,19.90124,20.381832,19.233498,19.262539,18.05959,17.921803,20.145124,21.199802,19.836332,19.548113,19.341915,19.101532,17.435225,17.319803,0.0,4.0,0.0,0.0,0.0,0.0,0.0,0.0
19959,2023.0,5.0,19.0,14.0,19.669907,20.294516,18.130835,18.068,19.717833,20.193384,18.69929,18.605492,18.043062,17.908083,19.209099,19.249908,19.829151,19.652594,19.162035,18.922127,17.43466,17.321514,0.0,4.0,0.0,0.0,0.0,0.0,0.0,0.0
19960,2023.0,5.0,19.0,14.0,19.724749,20.37762,18.030123,18.017756,19.076065,19.069962,18.502172,18.394964,18.029076,17.896532,18.744072,18.500145,19.803331,19.646896,19.057394,18.823288,17.431772,17.320803,0.0,0.0,0.0,0.0,0.0,0.0,0.0,0.0
19961,2023.0,5.0,19.0,14.0,19.69756,20.355717,17.95196,17.958832,19.389713,19.841908,18.441772,18.426489,18.753965,19.277813,18.693048,18.51585,20.522688,21.06246,19.046028,18.898008,17.42788,17.318918,0.0,4.0,0.0,4.0,0.0,4.0,0.0,0.0
19962,2023.0,5.0,19.0,15.0,19.67719,20.342295,18.310879,18.707552,18.899208,18.932848,18.352896,18.358166,20.160128,21.660263,18.656757,18.496492,19.88463,19.72428,18.99925,18.865845,17.423622,17.316519,4.0,0.0,0.0,0.0,0.0,0.0,0.0,0.0
19963,2023.0,5.0,19.0,15.0,19.062574,19.225138,20.21845,21.996565,19.150145,19.62285,18.23757,18.248363,18.952887,19.073881,18.600641,18.443386,19.573595,19.325718,18.930948,18.802517,17.418581,17.312761,4.0,4.0,0.0,0.0,0.0,0.0,0.0,0.0
19964,2023.0,5.0,19.0,15.0,18.708393,18.785244,20.006477,21.389175,18.712755,18.74033,18.129755,18.140644,18.302166,18.143576,18.550442,18.394228,19.503553,19.256247,18.865253,18.738575,17.412996,17.308346,4.0,0.0,0.0,0.0,0.0,0.0,0.0,0.0
19965,2023.0,5.0,19.0,15.0,19.265524,19.950993,20.035484,21.32882,18.378914,18.319698,18.038698,18.053009,18.864168,19.306477,18.510511,18.357523,19.54093,19.386074,18.807589,18.684336,18.346708,19.07906,4.0,0.0,0.0,4.0,0.0,0.0,0.0,4.0
19966,2023.0,5.0,19.0,15.0,18.841515,19.019632,20.030838,21.239202,18.237495,18.172276,17.959705,17.976776,20.146923,21.439753,18.476376,18.327023,20.304457,20.851038,18.755169,18.635181,20.209795,22.138165,4.0,0.0,0.0,0.0,0.0,4.0,0.0,0.0
19967,2023.0,5.0,19.0,15.0,19.218262,19.92121,20.047926,21.230427,18.879187,19.469603,18.579466,19.201658,19.64566,20.252676,18.4454,18.300125,19.798351,19.680214,18.706678,18.590044,18.669508,18.86021,0.0,4.0,4.0,4.0,0.0,0.0,0.0,0.0
19968,2023.0,5.0,19.0,16.0,19.394985,20.108803,19.003212,19.180534,19.062935,19.630632,18.251232,18.40998,20.068777,21.080448,18.779743,18.95702,20.214724,20.643707,18.66196,18.549017,17.89979,17.793758,0.0,4.0,0.0,4.0,4.0,4.0,0.0,0.0
19969,2023.0,5.0,19.0,16.0,18.801355,18.982155,18.360422,18.33572,19.048977,19.603197,18.53177,19.09327,20.299782,21.487196,20.150528,21.323895,19.74694,19.598612,19.65559,20.46812,18.684263,19.410515,0.0,4.0,4.0,0.0,0.0,0.0,4.0,4.0
19970,2023.0,5.0,19.0,16.0,19.169594,19.863302,18.195364,18.202402,19.05749,19.60748,18.697618,19.270575,19.75347,20.312263,19.60088,20.067844,19.476313,19.256176,19.017956,18.953459,20.172125,21.858732,0.0,4.0,4.0,4.0,4.0,0.0,0.0,0.0
19971,2023.0,5.0,19.0,16.0,18.727766,18.898785,18.528725,18.930227,19.06248,19.60877,18.72341,19.289953,20.077675,20.981998,20.099123,21.078074,20.142735,20.584503,18.637836,18.476366,19.460274,20.216707,4.0,4.0,4.0,0.0,0.0,4.0,0.0,4.0
19972,2023.0,5.0,19.0,16.0,18.4402,18.54596,20.195814,21.810041,19.064756,19.60743,18.174946,18.2457,19.193382,19.228935,19.220499,19.27609,20.41899,20.93517,18.541182,18.37637,20.133583,21.577831,4.0,4.0,0.0,0.0,0.0,4.0,0.0,0.0
19973,2023.0,5.0,19.0,16.0,18.334663,18.4274,20.009447,21.282486,19.065214,19.60434,17.857052,17.82873,18.661173,18.503916,18.65776,18.473396,20.477077,20.995327,18.473818,18.311247,18.853989,18.96629,4.0,4.0,0.0,0.0,0.0,4.0,0.0,0.0
19974,2023.0,5.0,19.0,17.0,18.256826,18.340963,20.031992,21.228014,19.06414,19.599594,17.741646,17.695267,18.529905,18.417141,18.55579,18.428442,20.509052,21.025661,18.472809,18.370058,18.143227,17.99567,4.0,4.0,0.0,0.0,0.0,4.0,0.0,0.0
19975,2023.0,5.0,19.0,17.0,19.02187,19.842175,20.028996,21.15394,19.062979,19.59564,17.67283,17.627932,18.447023,18.343206,18.500929,18.383158,20.531538,21.045683,18.447586,18.35351,17.963287,17.825098,4.0,4.0,0.0,0.0,0.0,4.0,0.0,0.0
19976,2023.0,5.0,19.0,17.0,19.169744,19.875444,20.04676,21.155336,19.061317,19.591183,17.662039,17.666088,19.087465,19.62968,18.43416,18.321407,20.54913,21.06169,19.452917,20.292305,17.89358,17.803185,0.0,4.0,0.0,4.0,0.0,4.0,4.0,0.0
19977,2023.0,5.0,19.0,17.0,19.180742,19.880173,19.029535,19.164986,19.060257,19.5873,18.33107,18.953426,20.089613,21.241756,18.37292,18.265518,20.562613,21.073942,19.771704,20.564558,17.821852,17.740461,0.0,4.0,4.0,4.0,0.0,4.0,4.0,0.0
19978,2023.0,5.0,19.0,17.0,19.220837,19.917328,18.803429,19.088373,19.059366,19.583597,18.00695,18.146835,20.032434,21.037039,18.314774,18.21143,19.83619,19.692564,18.931866,18.91658,17.747263,17.66918,4.0,4.0,0.0,0.0,0.0,0.0,0.0,0.0
19979,2023.0,5.0,19.0,17.0,19.245115,19.933748,20.173185,21.530907,19.057497,19.579016,17.654867,17.634296,19.058725,19.08324,18.25848,18.158516,19.5194,19.301832,18.528467,18.392773,17.680592,17.606276,4.0,4.0,0.0,0.0,0.0,0.0,0.0,0.0
19980,2023.0,5.0,19.0,18.0,19.261917,19.942854,20.027014,21.16022,19.054317,19.573072,18.209106,18.747345,18.517555,18.365004,18.205698,18.109211,20.150543,20.592209,19.396812,20.135601,17.619818,17.548527,0.0,4.0,4.0,0.0,0.0,4.0,4.0,0.0
19981,2023.0,5.0,19.0,18.0,21.248194,23.42378,19.325113,19.732904,21.256554,23.415983,21.260525,23.92557,18.337004,18.169855,18.1585,18.067234,21.115774,22.20008,21.330614,23.352224,17.564566,17.495825,4.0,4.0,0.0,0.0,0.0,0.0,0.0,0.0
19982,2023.0,5.0,19.0,18.0,20.99934,22.69075,20.169123,21.434336,21.006777,22.694952,21.020996,23.106672,19.067595,19.660393,18.507603,18.768524,20.997314,21.842081,20.989975,22.426317,17.517641,17.452051,0.0,4.0,0.0,4.0,4.0,4.0,4.0,0.0
19983,2023.0,5.0,19.0,18.0,21.035557,22.621723,19.367573,19.76818,21.041145,22.612385,21.070276,22.978176,20.227444,21.547283,20.182417,21.674866,21.04101,21.885569,21.020844,22.349146,18.464424,19.285337,4.0,4.0,0.0,0.0,0.0,0.0,4.0,4.0
19984,2023.0,5.0,19.0,18.0,21.212494,22.879742,20.167557,21.412712,21.20433,22.834274,21.17178,23.043282,19.003532,19.026863,19.06931,19.283092,21.257269,22.248724,21.309988,22.834389,20.210358,22.09656,0.0,4.0,0.0,0.0,0.0,4.0,4.0,0.0
19985,2023.0,5.0,19.0,18.0,21.055386,22.510298,19.387596,19.790545,21.03418,22.413141,21.028414,22.633928,18.413376,18.258139,18.788364,19.063826,21.00842,21.715776,21.014597,22.169376,18.603586,18.71342,4.0,4.0,4.0,0.0,4.0,4.0,4.0,0.0
19986,2023.0,5.0,19.0,19.0,21.260023,22.843363,20.164568,21.386997,21.058617,22.425327,21.056993,22.642008,19.0879,19.683107,20.183964,21.5081,21.182217,22.064022,21.054676,22.23038,18.771278,19.47434,0.0,0.0,0.0,4.0,0.0,0.0,0.0,4.0
19987,2023.0,5.0,19.0,19.0,21.054333,22.404497,19.384214,19.766523,21.027964,22.294464,21.059938,22.570837,20.09431,21.247475,19.00966,19.05301,21.003021,21.66055,21.006847,22.062218,20.184912,21.823174,4.0,4.0,0.0,4.0,0.0,4.0,4.0,0.0
19988,2023.0,5.0,19.0,19.0,21.02198,22.283695,20.144861,21.316395,21.033133,22.268867,21.058504,22.507366,20.005667,20.9601,18.327356,18.132284,21.009237,21.664543,21.054897,22.157278,18.69587,18.745066,4.0,4.0,0.0,4.0,0.0,4.0,0.0,0.0
19989,2023.0,5.0,19.0,19.0,21.026876,22.268118,20.025267,21.035475,21.057467,22.308636,21.045948,22.454718,20.014706,20.903645,18.257936,18.168139,21.008444,21.65708,21.044022,22.105474,17.965225,17.809095,0.0,0.0,0.0,4.0,0.0,4.0,0.0,0.0
19990,2023.0,5.0,19.0,19.0,21.053658,22.320156,19.311575,19.606937,21.051805,22.266516,21.024069,22.366385,20.01479,20.851822,18.201023,18.118895,21.040216,21.733515,21.00703,21.97765,17.86438,17.793934,4.0,0.0,4.0,4.0,0.0,0.0,4.0,0.0
19991,2023.0,5.0,19.0,19.0,21.021128,22.2099,20.130571,21.286667,21.027197,22.170406,21.064362,22.429195,20.04518,20.89782,18.51425,18.78365,21.004555,21.630013,21.014425,21.9811,18.763567,19.578363,4.0,4.0,0.0,0.0,4.0,4.0,4.0,4.0
19992,2023.0,5.0,19.0,20.0,21.229797,22.61029,20.211933,21.379316,21.177233,22.472038,21.200495,22.647589,19.041458,18.933975,20.213785,21.700016,21.249363,22.116812,21.217787,22.408201,20.240524,21.963139,4.0,0.0,4.0,0.0,0.0,4.0,0.0,0.0
19993,2023.0,5.0,19.0,20.0,21.026129,22.18291,20.049156,21.017527,21.05177,22.195957,21.062334,22.360155,18.46621,18.217144,19.345713,19.782547,21.040802,21.70961,21.046618,22.044182,18.615791,18.604168,0.0,0.0,0.0,0.0,4.0,0.0,0.0,0.0
19994,2023.0,5.0,19.0,20.0,21.027315,22.173994,18.97497,18.92243,21.052977,22.178535,21.032125,22.2538,18.9646,19.330887,20.18213,21.43546,21.006443,21.612305,21.047998,22.030945,18.781454,19.39539,0.0,0.0,4.0,4.0,0.0,4.0,0.0,4.0
19995,2023.0,5.0,19.0,20.0,21.027493,22.16231,18.490698,18.412655,21.015684,22.090197,21.037855,22.245914,20.123508,21.23317,19.189548,19.341402,21.01241,21.623125,21.048342,22.016706,20.187504,21.742529,0.0,4.0,4.0,4.0,4.0,4.0,0.0,0.0
19996,2023.0,5.0,19.0,20.0,21.054682,22.223131,18.34746,18.27141,21.047905,22.180168,21.037483,22.228008,20.216763,21.345242,20.248966,21.390629,21.043276,21.70184,20.998451,21.896719,18.62297,18.537498,0.0,0.0,4.0,0.0,0.0,0.0,4.0,0.0
19997,2023.0,5.0,19.0,20.0,21.049215,22.19153,18.207249,18.120075,21.055006,22.164663,21.03771,22.211933,18.891926,18.70716,19.219793,19.324104,21.008163,21.601635,21.018105,21.927479,17.874159,17.623507,0.0,0.0,4.0,0.0,4.0,4.0,4.0,0.0
19998,2023.0,5.0,19.0,21.0,21.023422,22.09968,18.52224,18.80479,21.028944,22.068281,21.06353,22.266922,18.271711,17.947796,20.227592,21.287085,21.014284,21.611645,21.016579,21.92033,18.809103,19.596106,4.0,4.0,0.0,0.0,4.0,4.0,4.0,4.0
19999,2023.0,5.0,19.0,21.0,21.167585,22.396517,20.194946,21.692055,21.164408,22.34376,21.157013,22.431267,19.014906,19.555973,20.0163,20.857416,21.209236,21.999598,21.200558,22.310963,20.132439,21.634161,4.0,0.0,0.0,4.0,4.0,4.0,0.0,4.0
20000,2023.0,5.0,19.0,21.0,21.022266,22.067581,20.032665,21.205938,21.053652,22.100754,21.0326,22.137606,20.144428,21.34319,20.038025,20.846115,21.044973,21.681349,21.049078,21.987818,20.045612,21.33338,0.0,0.0,4.0,0.0,4.0,0.0,0.0,0.0
20001,2023.0,5.0,19.0,21.0,21.029165,22.074371,18.739285,18.60908,21.055082,22.08714,21.063816,22.206335,18.78379,18.570848,20.035187,20.799536,21.04051,21.660944,21.050564,21.975569,18.576359,18.39041,0.0,0.0,0.0,0.0,4.0,0.0,0.0,0.0
20002,2023.0,5.0,19.0,21.0,21.056742,22.142199,17.936092,17.514856,21.04007,22.071827,21.058073,22.177189,18.820585,19.102192,20.03586,20.771141,21.041147,21.650635,21.050505,21.961367,18.796465,19.311142,0.0,0.0,0.0,4.0,4.0,0.0,0.0,4.0
20003,2023.0,5.0,19.0,21.0,21.023638,22.042936,17.944838,17.743113,21.042229,22.082476,21.05903,22.161493,20.214323,21.424088,20.052925,20.796728,21.011034,21.562199,21.038599,21.950193,20.191854,21.646292,0.0,0.0,0.0,0.0,0.0,4.0,0.0,0.0
20004,2023.0,5.0,19.0,22.0,21.057049,22.121187,17.935,17.78094,21.042097,22.084333,21.043211,22.14516,18.771856,18.526787,18.90707,18.583656,21.047298,21.653809,21.040272,21.95972,18.591661,18.390894,0.0,0.0,0.0,0.0,0.0,0.0,0.0,0.0
20005,2023.0,5.0,19.0,22.0,21.049799,22.093386,17.837729,17.675371,21.04157,22.082952,21.044857,22.155687,18.034033,17.61868,18.486351,18.287056,21.041178,21.633184,21.039566,21.96174,17.808378,17.44129,0.0,0.0,0.0,0.0,0.0,0.0,0.0,0.0
20006,2023.0,5.0,19.0,22.0,21.051426,22.083258,17.747526,17.579012,21.041948,22.081137,21.045101,22.159363,18.090914,17.942047,18.356625,18.166653,21.042355,21.626804,21.04017,21.963516,17.823483,17.69676,0.0,0.0,0.0,0.0,0.0,0.0,0.0,0.0
20007,2023.0,5.0,19.0,22.0,21.037552,22.075287,18.140709,18.383774,21.042793,22.080088,21.046165,22.163578,18.028225,17.86504,18.20791,18.026186,21.029076,21.621712,21.041033,21.965597,17.740744,17.59875,4.0,0.0,0.0,0.0,0.0,0.0,0.0,0.0
20008,2023.0,5.0,19.0,22.0,21.038898,22.089106,20.232954,21.989393,21.04254,22.07533,21.045794,22.162281,17.926535,17.761406,18.060364,17.869684,21.00036,21.558668,21.04085,21.963928,17.630903,17.487934,0.0,0.0,0.0,0.0,0.0,4.0,0.0,0.0
20009,2023.0,5.0,19.0,22.0,21.03944,22.095964,18.864643,19.073196,21.042723,22.07096,21.020853,22.09117,18.417736,18.764494,17.928268,17.734194,21.051434,21.666636,21.041079,21.962591,17.528986,17.381237,0.0,0.0,4.0,4.0,0.0,0.0,0.0,0.0
20010,2023.0,5.0,19.0,23.0,21.012241,22.025152,18.016354,17.886255,21.042776,22.066158,21.051609,22.176193,20.259527,21.809713,17.811317,17.612267,21.0445,21.636286,21.041246,21.960884,18.192762,18.709496,0.0,0.0,0.0,0.0,0.0,0.0,0.0,4.0
20011,2023.0,5.0,19.0,23.0,20.04306,20.202814,17.793505,17.609766,19.987967,20.037401,19.56219,19.285727,18.835257,18.876995,17.70586,17.504677,19.92309,19.47056,19.96852,19.896002,18.515654,19.075811,0.0,0.0,0.0,0.0,0.0,0.0,0.0,4.0
20012,2023.0,5.0,19.0,23.0,19.230608,18.860752,17.690168,17.493637,19.438745,19.243746,18.831814,18.237793,18.297644,18.117882,17.621546,17.415197,19.791502,19.525831,19.530884,19.342396,17.567537,17.209793,0.0,0.0,0.0,0.0,0.0,0.0,0.0,0.0
20013,2023.0,5.0,19.0,23.0,18.885677,18.44694,17.603687,17.402008,19.195345,18.972956,18.873156,18.601625,18.132868,17.944468,17.832397,17.875187,20.437986,20.84764,19.31954,19.129524,17.218357,16.793102,0.0,0.0,0.0,0.0,4.0,4.0,0.0,0.0
20014,2023.0,5.0,19.0,23.0,19.019823,18.915024,17.528769,17.32482,19.022379,18.799053,18.792448,18.57958,18.003317,17.813469,17.599253,17.409464,19.530058,19.03566,19.145346,18.952515,17.807297,18.026262,0.0,0.0,0.0,0.0,0.0,0.0,0.0,4.0
20015,2023.0,5.0,19.0,23.0,18.98898,18.941345,17.45779,17.249714,18.871824,18.644632,18.651917,18.439653,18.459414,18.763842,17.447815,17.230259,19.154512,18.567606,18.991396,18.7947,17.220871,16.804783,0.0,0.0,0.0,4.0,0.0,0.0,0.0,0.0
20016,2023.0,5.0,20.0,0.0,18.880083,18.824842,17.385235,17.166908,18.72874,18.488178,18.511925,18.287357,18.636164,19.014997,17.364712,17.138273,18.982862,18.387224,18.847912,18.64151,16.967752,16.5262,0.0,0.0,0.0,4.0,0.0,0.0,0.0,0.0
20017,2023.0,5.0,20.0,0.0,18.794683,18.749,17.33289,17.120932,18.62474,18.397327,18.407927,18.19669,17.758253,17.309664,17.582436,17.60539,19.9531,20.388792,18.734383,18.53554,17.11004,16.926775,0.0,0.0,0.0,0.0,4.0,4.0,0.0,0.0
20018,2023.0,5.0,20.0,0.0,18.706678,18.66133,17.2775,17.064974,18.519537,18.293064,18.301903,18.091888,17.40824,16.89247,17.36528,17.164026,19.805687,19.902895,19.581278,20.226086,17.815386,18.272648,0.0,0.0,0.0,0.0,0.0,4.0,4.0,4.0
20019,2023.0,5.0,20.0,0.0,18.625338,18.581032,17.225811,17.01314,18.424671,18.199741,18.205511,17.997362,17.265333,16.755964,17.227446,17.003658,19.090576,18.593811,18.601875,18.191605,17.070967,16.692383,0.0,0.0,0.0,0.0,0.0,0.0,0.0,0.0
20020,2023.0,5.0,20.0,0.0,19.272743,19.865705,17.175713,16.96224,18.336206,18.111378,18.115238,17.90744,18.032957,18.34709,17.160398,16.93562,18.791735,18.213974,18.214016,17.714006,17.513504,17.725079,0.0,0.0,0.0,4.0,0.0,0.0,0.0,4.0
20021,2023.0,5.0,20.0,0.0,18.7978,18.868671,17.127712,16.913567,18.253887,18.02953,18.031443,17.824125,17.673532,17.511189,17.09714,16.871105,19.41152,19.511045,18.059494,17.563532,16.934708,16.510614,0.0,0.0,0.0,0.0,0.0,4.0,0.0,0.0
20022,2023.0,5.0,20.0,1.0,18.197844,17.810818,17.081697,16.867085,18.176813,17.953434,17.953413,17.746868,17.21579,16.744205,17.038479,16.811413,18.797146,18.247599,18.20936,17.998234,16.703762,16.264397,0.0,0.0,0.0,0.0,0.0,0.0,0.0,0.0
20023,2023.0,5.0,20.0,1.0,17.955639,17.500713,17.03156,16.810856,18.096754,17.866982,17.872286,17.659142,17.01092,16.493826,16.977654,16.74457,18.544798,17.953684,18.18338,17.9755,16.596525,16.154451,0.0,0.0,0.0,0.0,0.0,0.0,0.0,0.0
20024,2023.0,5.0,20.0,1.0,18.201996,18.117521,16.990173,16.771107,18.0309,17.805302,17.80545,17.596489,17.204365,16.997711,16.925936,16.693933,18.439947,17.856155,18.118145,17.91121,16.751648,16.555496,0.0,0.0,0.0,0.0,0.0,0.0,0.0,0.0
20025,2023.0,5.0,20.0,1.0,18.208399,18.156599,16.94657,16.725922,17.964085,17.738358,17.73762,17.528484,17.19604,16.986279,16.873198,16.639555,18.682566,18.442814,18.052425,17.844353,16.755371,16.571377,0.0,0.0,0.0,0.0,0.0,0.0,0.0,0.0
20026,2023.0,5.0,20.0,1.0,18.156364,18.102928,16.900652,16.675222,17.896185,17.666367,17.66881,17.455431,17.144012,16.930447,16.819075,16.581207,18.67582,18.424673,17.985825,17.774632,16.717918,16.532059,0.0,0.0,0.0,0.0,0.0,0.0,0.0,0.0
20027,2023.0,5.0,20.0,1.0,18.10486,18.051908,16.860493,16.635233,17.836893,17.60891,17.608757,17.397161,17.095167,16.881142,17.087387,17.128082,18.632778,18.382515,17.924017,17.712683,16.677948,16.491243,0.0,0.0,0.0,0.0,4.0,0.0,0.0,0.0
20028,2023.0,5.0,20.0,2.0,18.052698,17.999868,16.820322,16.594234,17.779043,17.551765,17.550205,17.339245,17.045834,16.831207,16.834433,16.598333,18.589275,18.338137,17.86392,17.652296,16.636616,16.449074,0.0,0.0,0.0,0.0,0.0,0.0,0.0,0.0
20029,2023.0,5.0,20.0,2.0,17.99929,17.944391,16.778902,16.54978,17.720186,17.490498,17.490711,17.27716,16.995544,16.778833,16.727129,16.484776,18.543728,18.290731,17.803928,17.590492,16.59414,16.404913,0.0,0.0,0.0,0.0,0.0,0.0,0.0,0.0
20030,2023.0,5.0,20.0,2.0,17.95302,17.90187,16.744741,16.51907,17.67105,17.446558,17.44108,17.232664,16.95089,16.736767,16.676584,16.437983,18.50279,18.25195,17.750294,17.539587,17.284414,17.740183,0.0,0.0,0.0,0.0,0.0,0.0,0.0,4.0
20031,2023.0,5.0,20.0,2.0,17.904436,17.853458,17.181213,17.368036,17.619379,17.395641,17.389004,17.181177,16.90459,16.690306,16.624569,16.385849,18.460194,18.209122,17.69566,17.484926,16.778198,16.628586,4.0,0.0,0.0,0.0,0.0,0.0,0.0,0.0
20032,2023.0,5.0,20.0,2.0,17.855692,17.80359,16.896767,16.761658,17.567959,17.343666,17.337416,17.12879,16.858343,16.64298,16.574343,16.334309,18.417507,18.16536,17.64149,17.429747,16.34738,15.901245,0.0,0.0,0.0,0.0,0.0,0.0,0.0,0.0
20033,2023.0,5.0,20.0,2.0,17.8069,17.752605,16.72189,16.490728,17.516111,17.289503,17.28538,17.074247,16.812279,16.595074,16.524878,16.282444,18.374916,18.121037,17.58806,17.374723,16.1971,15.737557,0.0,0.0,0.0,0.0,0.0,0.0,0.0,0.0
20034,2023.0,5.0,20.0,3.0,17.763866,17.712202,16.670488,16.443441,17.47157,17.248882,17.240469,17.033237,17.356468,17.656216,16.481783,16.242056,18.336365,18.084162,17.539387,17.328104,16.352428,16.142984,0.0,0.0,0.0,4.0,0.0,0.0,0.0,0.0
20035,2023.0,5.0,20.0,3.0,17.7198,17.668676,16.62368,16.396763,17.425451,17.204012,17.193762,16.987808,16.937548,16.74394,16.437674,16.19858,18.297316,18.045563,17.490421,17.27973,16.365322,16.175034,0.0,0.0,0.0,0.0,0.0,0.0,0.0,0.0
20036,2023.0,5.0,20.0,3.0,17.674314,17.621021,16.578556,16.348839,17.377245,17.153885,17.144924,16.937027,16.78855,16.570787,16.392132,16.151169,18.257301,18.004267,17.440687,17.228703,16.333094,16.143057,0.0,0.0,0.0,0.0,0.0,0.0,0.0,0.0
20037,2023.0,5.0,20.0,3.0,17.64042,17.595894,16.542765,16.317545,17.336536,17.117893,17.103765,16.90061,16.73499,16.521288,16.352901,16.115538,18.221735,17.971258,17.39603,17.186922,17.028551,17.48375,0.0,0.0,0.0,0.0,0.0,0.0,0.0,4.0
20038,2023.0,5.0,20.0,3.0,17.613125,17.580927,16.5048,16.28039,17.293175,17.075682,17.06013,16.858019,16.682608,16.469486,16.603441,16.61971,18.18482,17.93487,17.350103,17.141644,16.527477,16.38071,0.0,0.0,0.0,0.0,4.0,0.0,0.0,0.0
20039,2023.0,5.0,20.0,3.0,17.57508,17.54415,16.468096,16.244646,17.965841,18.376421,17.017727,16.816706,16.634874,16.422485,16.395386,16.171297,18.148645,17.89942,17.305202,17.097624,16.118633,15.692501,0.0,4.0,0.0,0.0,0.0,0.0,0.0,0.0
20040,2023.0,5.0,20.0,4.0,17.535473,17.504608,16.431854,16.20875,17.540009,17.45015,16.975489,16.774948,16.588894,16.376787,16.284023,16.046923,18.11273,17.863815,17.260817,17.053633,15.965766,15.519948,0.0,0.0,0.0,0.0,0.0,0.0,0.0,0.0
20041,2023.0,5.0,20.0,4.0,17.496614,17.466505,16.396965,16.175089,16.948484,16.38064,16.934275,16.735096,16.54535,16.334194,16.240244,16.005665,18.07824,17.830357,17.218191,17.012033,16.114502,15.908772,0.0,0.0,0.0,0.0,0.0,0.0,0.0,0.0
20042,2023.0,5.0,20.0,4.0,17.456388,17.425348,16.3604,16.137623,16.74105,16.118303,16.89112,16.691109,16.501759,16.290018,16.194218,15.958841,18.043142,17.795132,17.17499,16.968615,16.129265,15.943182,0.0,0.0,0.0,0.0,0.0,0.0,0.0,0.0
20043,2023.0,5.0,20.0,4.0,17.420748,17.392965,16.329601,16.111284,16.993889,16.726995,16.853983,16.658625,17.049078,17.355736,16.155525,15.924214,18.011269,17.76614,17.135195,16.931831,16.100925,15.917181,0.0,0.0,0.0,4.0,0.0,0.0,0.0,0.0
20044,2023.0,5.0,20.0,4.0,17.383383,17.356655,16.296614,16.080107,17.039848,16.826384,16.814676,16.621191,16.63398,16.450607,16.115824,15.886151,17.978209,17.734465,17.094055,16.892075,16.068474,15.886044,0.0,0.0,0.0,0.0,0.0,0.0,0.0,0.0
20045,2023.0,5.0,20.0,4.0,17.344406,17.31647,16.261337,16.043974,17.00964,16.798922,16.773075,16.578686,16.487564,16.278603,16.07521,15.844923,17.944118,17.700272,17.051796,16.84958,16.033566,15.851016,0.0,0.0,0.0,0.0,0.0,0.0,0.0,0.0
20046,2023.0,5.0,20.0,5.0,17.307869,17.280964,16.228905,16.01329,16.97521,16.76652,16.734535,16.541916,16.433979,16.226753,16.038149,15.809562,17.912142,17.669703,17.011839,16.811022,16.000137,15.818847,0.0,0.0,0.0,0.0,0.0,0.0,0.0,0.0
20047,2023.0,5.0,20.0,5.0,17.275454,17.253613,16.201555,15.992502,16.943449,16.741362,16.701227,16.51518,16.958815,17.255709,16.294403,16.320576,18.638687,19.072388,16.975992,16.779802,15.970217,15.793177,0.0,0.0,0.0,4.0,4.0,4.0,0.0,0.0
20048,2023.0,5.0,20.0,5.0,17.995375,18.638044,16.172707,15.967738,16.909441,16.71146,16.666168,16.484043,16.88473,16.957247,16.104458,15.903817,18.14212,17.989471,17.950792,18.648134,15.940094,15.76587,0.0,0.0,0.0,4.0,0.0,0.0,4.0,0.0
20049,2023.0,5.0,20.0,5.0,17.54885,17.648827,16.144487,15.94326,16.875593,16.681284,16.631538,16.453037,16.855951,16.910082,15.997889,15.780043,17.68365,17.179785,17.042984,16.688688,15.911032,15.739487,0.0,0.0,0.0,4.0,0.0,0.0,0.0,0.0
20050,2023.0,5.0,20.0,5.0,17.006075,16.681494,16.116438,15.918723,16.84189,16.650812,17.319658,17.776844,16.338491,15.931568,15.96473,15.751469,17.528599,16.99849,17.707407,18.128244,15.883139,15.714065,0.0,0.0,4.0,0.0,0.0,0.0,4.0,0.0
20051,2023.0,5.0,20.0,5.0,16.82609,16.4586,16.088747,15.894777,17.52704,17.968334,16.905743,16.861023,16.107141,15.650605,15.933205,15.723347,17.714863,17.452614,16.981604,16.59532,15.857277,15.690866,0.0,4.0,0.0,0.0,0.0,0.0,0.0,0.0
20052,2023.0,5.0,20.0,6.0,17.799532,18.40345,16.061333,15.871326,17.133,17.095734,16.381725,15.927681,16.008976,15.557891,15.90613,15.699651,17.760208,17.53311,17.764046,18.251465,15.833847,15.67028,0.0,0.0,0.0,0.0,0.0,0.0,4.0,0.0
20053,2023.0,5.0,20.0,6.0,21.193521,24.13878,16.03847,15.856836,21.106468,24.08966,21.003485,24.085146,16.191338,16.004192,16.17082,16.21739,21.627481,24.070717,21.625507,24.737326,16.56139,17.064064,0.0,0.0,0.0,0.0,4.0,0.0,0.0,4.0
20054,2023.0,5.0,20.0,6.0,21.01176,23.330513,16.016998,15.844778,21.031443,23.445227,20.984842,23.54496,16.251686,16.077871,20.47938,23.38463,20.947865,22.641592,20.934206,23.044916,21.5042,25.280134,0.0,0.0,4.0,0.0,4.0,4.0,0.0,4.0
20055,2023.0,5.0,20.0,6.0,21.067598,23.167282,16.000917,15.835566,21.074583,23.25034,21.087145,23.45127,16.233263,16.066187,20.006454,22.234638,21.060448,22.623762,21.099096,23.102032,21.030718,23.89072,0.0,0.0,0.0,0.0,0.0,4.0,0.0,4.0
20056,2023.0,5.0,20.0,6.0,21.058,22.969269,16.453215,16.698107,21.043066,22.979849,21.089506,23.203878,16.81016,17.166395,18.160192,18.375963,21.069408,22.489857,21.037313,22.762552,20.072588,22.034557,4.0,4.0,0.0,4.0,0.0,0.0,4.0,0.0
20057,2023.0,5.0,20.0,6.0,21.79096,24.114233,20.299152,23.279196,21.16474,23.096949,21.146278,23.143772,20.35458,23.182478,17.126617,16.969477,21.877907,23.69085,21.176634,22.938076,17.980358,17.81199,0.0,4.0,0.0,0.0,0.0,0.0,0.0,0.0
20058,2023.0,5.0,20.0,7.0,20.932285,22.380442,18.175457,18.635181,21.062157,22.765196,21.041092,22.827974,18.149145,18.396372,17.21114,17.311102,20.946072,21.868132,21.071514,22.624104,16.990154,16.609295,0.0,4.0,4.0,0.0,4.0,4.0,0.0,0.0
20059,2023.0,5.0,20.0,7.0,21.096422,22.701334,17.284925,17.590174,21.057898,22.668333,21.071552,22.847725,17.764402,18.26885,20.336138,22.7039,21.077272,22.117386,21.03165,22.438555,17.946945,18.694603,4.0,4.0,0.0,4.0,4.0,0.0,4.0,4.0
20060,2023.0,5.0,20.0,7.0,21.159433,22.79783,20.307226,22.876183,21.170105,22.827084,21.157814,22.914751,20.307795,22.608557,20.021126,21.78484,21.12797,22.18354,21.193037,22.735508,21.195436,24.103994,4.0,4.0,4.0,0.0,4.0,0.0,0.0,4.0
20061,2023.0,5.0,20.0,7.0,21.043573,22.51549,20.023472,21.986246,21.078815,22.610455,21.058134,22.653448,18.12688,18.02799,20.079689,21.68245,21.024435,21.924358,21.02698,22.32486,21.06143,23.482204,4.0,0.0,4.0,0.0,0.0,4.0,4.0,4.0
20062,2023.0,5.0,20.0,7.0,21.047132,22.507334,20.068193,21.85852,21.072445,22.553654,21.081049,22.674587,17.080713,16.712597,18.349834,18.187363,21.028086,21.912956,21.073538,22.413795,19.906107,21.172215,4.0,0.0,0.0,0.0,0.0,4.0,0.0,0.0
20063,2023.0,5.0,20.0,7.0,21.072374,22.566048,20.076902,21.741512,21.071405,22.515505,21.074512,22.62177,17.059351,16.890854,18.016127,18.16501,21.026482,21.893475,21.063633,22.360106,18.32184,18.128597,0.0,0.0,0.0,0.0,4.0,4.0,0.0,0.0
20064,2023.0,5.0,20.0,8.0,21.066032,22.537537,18.31589,18.254,21.05459,22.484396,21.073828,22.588316,17.038143,16.896473,20.28416,22.11299,21.025356,21.876038,21.063148,22.328526,17.511135,17.157442,0.0,0.0,0.0,0.0,0.0,4.0,0.0,0.0
20065,2023.0,5.0,20.0,8.0,20.016186,20.482864,17.304794,16.956898,19.684662,19.853441,19.622587,19.80546,16.96753,16.835938,18.761194,18.96242,19.787376,19.512646,19.502691,19.305283,17.24644,16.916544,0.0,0.0,0.0,0.0,0.0,0.0,0.0,0.0
20066,2023.0,5.0,20.0,8.0,19.011223,18.845455,17.260689,17.09304,18.998383,18.87796,18.905214,18.79573,17.676144,18.21828,18.047686,17.87918,20.03765,20.247448,19.078775,18.884747,17.263449,17.104347,0.0,0.0,0.0,4.0,0.0,4.0,0.0,0.0
20067,2023.0,5.0,20.0,8.0,18.622766,18.415586,17.196482,17.087725,18.71833,18.590328,18.609707,18.494688,20.293596,22.661263,17.843687,17.66701,20.120634,20.400133,18.890593,18.725029,17.204107,17.076696,0.0,0.0,0.0,0.0,0.0,4.0,0.0,0.0
20068,2023.0,5.0,20.0,8.0,19.051012,19.46531,17.514547,17.806395,18.477406,18.360277,18.352055,18.24855,18.252544,18.30846,17.677917,17.51015,19.41537,19.123663,18.685879,18.532337,17.103888,16.986979,4.0,0.0,0.0,0.0,0.0,0.0,0.0,0.0
20069,2023.0,5.0,20.0,8.0,19.129688,19.618353,20.271706,22.615887,18.314194,18.20161,18.177073,18.077772,17.49119,17.197155,17.567644,17.401821,19.104967,18.719053,18.543371,18.395222,17.0293,16.917295,4.0,0.0,0.0,0.0,0.0,0.0,0.0,0.0
20070,2023.0,5.0,20.0,9.0,19.085764,19.603685,20.01591,21.828657,18.148201,18.046793,17.999191,17.911198,17.405924,17.254469,17.464273,17.307339,19.713179,20.018581,18.398453,18.258413,16.949823,16.84379,4.0,0.0,0.0,0.0,0.0,4.0,0.0,0.0
20071,2023.0,5.0,20.0,9.0,18.395882,18.36808,20.074924,21.783386,18.712238,19.243383,18.558252,19.10802,17.33626,17.207106,17.380917,17.231571,19.222012,18.961605,18.273363,18.139702,16.880125,16.77852,0.0,4.0,4.0,0.0,0.0,0.0,0.0,0.0
20072,2023.0,5.0,20.0,9.0,18.035671,17.952185,18.480532,18.60179,18.317017,18.402142,18.144285,18.232561,17.253403,17.133694,17.318287,17.17848,18.916851,18.597233,19.20334,19.994516,16.82323,16.726866,0.0,0.0,0.0,0.0,0.0,0.0,4.0,0.0
20073,2023.0,5.0,20.0,9.0,18.606585,19.143822,17.725588,17.506304,18.505913,18.867046,17.692608,17.511913,17.19625,17.080267,17.279001,17.144457,18.824642,18.508142,18.419594,18.319004,16.7835,16.689894,0.0,4.0,0.0,0.0,0.0,0.0,0.0,0.0
20074,2023.0,5.0,20.0,9.0,18.745,19.34349,18.058826,18.363365,18.58241,19.009893,17.508425,17.313221,17.14819,17.037252,17.624382,17.827744,19.697195,20.242353,18.0735,17.838066,16.74894,16.658897,4.0,4.0,0.0,0.0,4.0,4.0,0.0,0.0
20075,2023.0,5.0,20.0,9.0,18.159359,18.252111,20.237074,22.239746,17.994463,17.934603,17.510405,17.442686,17.109644,17.003237,20.220787,22.385303,19.123938,18.994318,17.965862,17.738693,16.719934,16.633226,0.0,0.0,0.0,0.0,0.0,0.0,0.0,0.0
20076,2023.0,5.0,20.0,10.0,18.529226,19.149914,19.0726,19.743206,18.294092,18.702541,17.46553,17.432734,17.072165,16.97077,18.700184,19.049744,18.780645,18.529171,17.884214,17.672663,16.690847,16.607492,4.0,4.0,0.0,0.0,0.0,0.0,0.0,0.0
20077,2023.0,5.0,20.0,10.0,18.054081,18.19162,20.204111,21.930218,17.870407,17.86932,17.399511,17.37636,17.047955,16.949938,17.97019,17.86841,18.7192,18.466797,17.908583,17.78797,16.67032,16.589458,0.0,0.0,0.0,0.0,0.0,0.0,0.0,0.0
20078,2023.0,5.0,20.0,10.0,17.741732,17.799715,19.017607,19.49094,17.544863,17.44079,17.328691,17.31549,17.024477,16.930899,17.780571,17.663855,18.787132,18.648157,17.894596,17.791807,16.650259,16.572325,4.0,0.0,0.0,0.0,0.0,0.0,0.0,0.0
20079,2023.0,5.0,20.0,10.0,18.359573,19.031816,20.195461,21.800869,17.451658,17.348833,17.272264,17.266338,17.009636,16.918959,17.69889,17.57844,18.808008,18.692272,17.862108,17.764538,16.636408,16.56053,0.0,0.0,0.0,0.0,0.0,0.0,0.0,0.0
20080,2023.0,5.0,20.0,10.0,17.972387,18.146046,19.105576,19.580696,17.445877,17.421312,17.214003,17.216955,16.996365,16.909048,17.633242,17.51887,18.799673,18.689318,17.826567,17.733084,16.623331,16.54968,4.0,0.0,0.0,0.0,0.0,0.0,0.0,0.0
20081,2023.0,5.0,20.0,10.0,17.747019,17.84251,20.184925,21.71382,18.115444,18.722097,17.16719,17.177176,16.990034,16.905125,17.98336,18.21379,18.792604,18.685654,17.799639,17.709,16.615078,16.543018,0.0,4.0,0.0,0.0,4.0,0.0,0.0,0.0
20082,2023.0,5.0,20.0,11.0,17.658106,17.771145,19.164095,19.644867,18.318861,18.906649,17.119133,17.137096,17.728941,18.303434,20.212664,22.094929,18.785889,18.682201,17.773733,17.68619,16.6079,16.537453,4.0,4.0,0.0,4.0,0.0,0.0,0.0,0.0
20083,2023.0,5.0,20.0,11.0,18.397007,19.230087,20.214277,21.804834,17.757534,17.84708,17.072165,17.093985,20.270172,22.624249,18.878593,19.201525,18.778234,18.674273,17.749678,17.662172,16.600927,16.52961,0.0,0.0,0.0,0.0,0.0,0.0,0.0,0.0
20084,2023.0,5.0,20.0,11.0,17.984207,18.231764,18.880436,19.129948,17.44858,17.442038,17.028036,17.053173,18.471977,18.74301,18.04667,17.985922,18.771128,18.666456,17.727581,17.639736,16.594896,16.522427,0.0,0.0,0.0,0.0,0.0,0.0,0.0,0.0
20085,2023.0,5.0,20.0,11.0,18.447817,19.219414,18.2956,18.31506,17.359741,17.344982,16.991428,17.018856,17.790005,17.67848,17.890903,17.782711,19.564737,20.176704,17.710012,17.621407,16.591143,16.517517,0.0,0.0,0.0,0.0,0.0,4.0,0.0,0.0
20086,2023.0,5.0,20.0,11.0,18.568363,19.342112,18.083582,18.098572,17.328196,17.343235,16.957134,16.987955,17.664246,17.564453,17.834791,17.724585,19.05288,19.04912,17.693762,17.605076,16.58819,16.513895,0.0,0.0,0.0,0.0,0.0,0.0,0.0,0.0
20087,2023.0,5.0,20.0,11.0,18.60841,19.383934,17.902822,17.90395,17.28502,17.304829,16.92256,16.954199,17.578253,17.47458,17.782953,17.668247,18.813608,18.641314,17.677456,17.588114,16.585394,16.510706,0.0,0.0,0.0,0.0,0.0,0.0,0.0,0.0
20088,2023.0,5.0,20.0,12.0,18.013863,18.244106,17.781162,17.799854,17.969294,18.630678,16.894613,16.931856,17.52132,17.423382,17.74606,17.635536,18.777466,18.611385,17.663218,17.575415,16.5828,16.508602,0.0,4.0,0.0,0.0,0.0,0.0,0.0,0.0
20089,2023.0,5.0,20.0,12.0,21.278328,24.120443,17.663525,17.685228,21.276657,24.284113,21.209093,24.565174,17.468908,17.370756,17.708302,17.597822,21.255354,22.957102,21.786282,24.822502,16.578568,16.504122,0.0,0.0,0.0,0.0,0.0,4.0,0.0,0.0
20090,2023.0,5.0,20.0,12.0,20.991936,23.190376,17.538376,17.560884,21.016846,23.365576,21.002287,23.653406,17.415762,17.317959,17.666225,17.555742,21.022242,22.38053,20.99848,23.019394,16.575304,16.5008,0.0,0.0,0.0,0.0,0.0,0.0,0.0,0.0
20091,2023.0,5.0,20.0,12.0,21.149233,23.299183,17.419794,17.434608,21.162453,23.371553,21.170164,23.649385,17.370771,17.273218,17.626318,17.514488,21.096493,22.354298,21.132158,23.028814,16.575483,16.50218,0.0,0.0,0.0,0.0,0.0,0.0,0.0,0.0
20092,2023.0,5.0,20.0,12.0,21.042345,22.940897,17.329386,17.35058,21.012493,22.906992,21.041296,23.20101,17.336557,17.241875,17.594597,17.485506,21.028547,22.112932,21.030983,22.67222,16.578636,16.507122,0.0,4.0,0.0,0.0,0.0,0.0,0.0,0.0
20093,2023.0,5.0,20.0,12.0,21.130419,23.003078,17.243168,17.263632,21.141571,23.05922,21.144026,23.249903,17.307255,17.2149,17.56504,17.457108,21.0205,21.9946,21.110903,22.70338,16.5834,16.513746,0.0,0.0,0.0,0.0,0.0,4.0,0.0,0.0
20094,2023.0,5.0,20.0,13.0,21.111965,22.877161,17.170458,17.193794,21.131662,22.903694,21.134174,23.094692,17.284092,17.194046,17.540468,17.434305,21.078894,22.081242,21.103333,22.576475,16.58925,16.521236,0.0,0.0,0.0,0.0,0.0,0.0,0.0,0.0
20095,2023.0,5.0,20.0,13.0,21.063448,22.710135,17.107521,17.13535,21.115583,22.817095,21.128162,23.005949,17.266655,17.179848,17.521158,17.418024,21.073614,22.000431,21.09814,22.500109,16.5973,16.531862,0.0,0.0,0.0,0.0,0.0,0.0,0.0,0.0
20096,2023.0,5.0,20.0,13.0,21.116278,22.810266,17.05207,17.084415,21.111923,22.76336,21.12324,22.93375,17.253752,17.16982,17.505922,17.405478,21.070591,21.95339,21.094488,22.438848,16.606611,16.54344,0.0,0.0,0.0,0.0,0.0,0.0,0.0,0.0
20097,2023.0,5.0,20.0,13.0,21.111431,22.740206,17.002834,17.039661,21.067484,22.610292,21.07829,22.770542,17.24455,17.163134,17.4941,17.395992,21.005753,21.776459,21.09112,22.388775,16.616835,16.555622,0.0,4.0,4.0,0.0,0.0,4.0,0.0,0.0
20098,2023.0,5.0,20.0,13.0,21.04034,22.596811,17.449862,17.922005,21.034613,22.531382,21.038834,22.672997,17.238268,17.159294,17.485407,17.389912,21.038137,21.857265,21.035994,22.259043,16.62739,16.567757,4.0,4.0,4.0,0.0,0.0,0.0,0.0,0.0
20099,2023.0,5.0,20.0,13.0,21.194159,22.888483,20.27986,22.77093,21.179283,22.814442,21.16998,22.923399,17.233316,17.156952,17.478052,17.385303,21.163197,22.083918,21.243042,22.64801,16.637665,16.579832,0.0,0.0,0.0,0.0,0.0,0.0,0.0,0.0
20100,2023.0,5.0,20.0,14.0,21.047068,22.574581,18.599411,19.128948,21.03036,22.466066,21.059841,22.667578,17.229734,17.156326,17.47413,17.384453,21.03096,21.796297,21.040617,22.216646,16.646801,16.591562,0.0,4.0,0.0,0.0,0.0,0.0,0.0,0.0
20101,2023.0,5.0,20.0,14.0,20.390327,21.269737,17.586458,17.721262,19.703558,19.933336,19.615591,19.869917,17.224573,17.153526,17.468185,17.381323,20.255587,20.293758,19.949049,20.099209,16.652485,16.598724,0.0,0.0,0.0,0.0,0.0,0.0,0.0,0.0
20102,2023.0,5.0,20.0,14.0,20.05298,20.76852,17.870735,18.363455,19.065283,19.029161,18.984293,19.015814,17.21833,17.149673,17.459978,17.375843,19.929764,19.82352,19.427393,19.332697,16.655201,16.603703,4.0,0.0,0.0,0.0,0.0,0.0,0.0,0.0
20103,2023.0,5.0,20.0,14.0,19.939672,20.667353,20.252247,22.493435,18.831703,18.805555,18.738697,18.777956,17.21051,17.144976,17.449423,17.36895,19.816511,19.716583,19.222666,19.129837,16.654125,16.604841,4.0,0.0,0.0,0.0,0.0,0.0,0.0,0.0
20104,2023.0,5.0,20.0,14.0,19.225073,19.430513,20.020985,21.796192,19.342648,19.964478,19.19906,19.851566,17.201036,17.13846,17.438364,17.361177,19.701464,19.60287,19.035488,18.94273,16.649961,16.603058,0.0,4.0,4.0,0.0,0.0,0.0,0.0,0.0
20105,2023.0,5.0,20.0,14.0,19.51556,20.256523,18.656326,19.015585,18.874033,19.012661,18.691408,18.837622,17.190928,17.131495,17.429121,17.355822,19.606163,19.51214,18.88681,18.800354,16.64439,16.59978,0.0,0.0,0.0,0.0,0.0,0.0,0.0,0.0
20106,2023.0,5.0,20.0,15.0,19.576372,20.337074,18.455557,18.891182,18.531713,18.529259,19.022036,19.632114,17.181309,17.124243,17.421751,17.351711,19.534922,19.440441,18.778399,18.691044,16.63861,16.595896,4.0,0.0,4.0,0.0,0.0,0.0,0.0,0.0
20107,2023.0,5.0,20.0,15.0,19.552412,20.314056,20.229235,22.049286,18.38373,18.384392,19.059622,19.681358,17.172636,17.118067,17.4141,17.34733,19.473934,19.384388,18.686798,18.606152,16.633167,16.592327,4.0,0.0,4.0,0.0,0.0,0.0,0.0,0.0
20108,2023.0,5.0,20.0,15.0,19.52649,20.290886,20.011238,21.48315,18.948677,19.568224,18.454998,18.590609,17.164429,17.111929,17.804,18.08959,19.410166,19.323809,19.62561,20.468925,16.62779,16.588568,4.0,4.0,0.0,0.0,4.0,0.0,4.0,0.0
20109,2023.0,5.0,20.0,15.0,19.49883,20.262587,20.038607,21.448692,19.112036,19.738216,18.74512,19.35323,17.909166,18.523893,20.21342,22.259146,20.119328,20.722748,19.061214,19.139719,16.622164,16.584452,4.0,4.0,4.0,4.0,0.0,4.0,0.0,0.0
20110,2023.0,5.0,20.0,15.0,18.888218,19.14185,20.051079,21.422956,18.53795,18.68328,18.326723,18.479027,20.284048,22.496492,18.821787,19.201977,19.688732,19.7217,18.633291,18.56791,16.616827,16.580566,0.0,0.0,0.0,0.0,0.0,0.0,0.0,0.0
20111,2023.0,5.0,20.0,15.0,18.553053,18.735865,19.250002,19.81153,18.832178,19.424025,18.629425,19.247667,18.625738,18.933428,17.967245,17.958128,19.358372,19.255938,18.491941,18.414608,16.611027,16.576294,4.0,4.0,4.0,0.0,0.0,0.0,0.0,0.0
20112,2023.0,5.0,20.0,16.0,18.441942,18.617176,20.175451,21.583706,18.39354,18.543581,18.177761,18.334738,17.993855,17.957659,18.208614,18.497671,19.271587,19.156504,18.420815,18.344883,16.605389,16.572243,0.0,0.0,0.0,0.0,4.0,0.0,0.0,0.0
20113,2023.0,5.0,20.0,16.0,19.029928,19.800169,19.336355,19.88186,18.07523,18.122076,18.506437,19.13219,17.802263,17.748434,20.19891,21.979755,19.245752,19.165281,18.361626,18.29707,16.59731,16.564543,4.0,0.0,4.0,0.0,0.0,0.0,0.0,0.0
20114,2023.0,5.0,20.0,16.0,19.218315,19.992233,20.176077,21.616556,18.602877,19.194336,18.115166,18.270624,17.686266,17.627752,18.937923,19.266638,19.211126,19.136814,18.303602,18.24163,16.588427,16.555948,0.0,4.0,0.0,0.0,0.0,0.0,0.0,0.0
20115,2023.0,5.0,20.0,16.0,19.24782,20.025839,19.021574,19.304283,18.258835,18.40643,17.801847,17.865627,17.60344,17.54587,18.153395,18.13805,19.170042,19.097399,18.24918,18.188751,16.578848,16.546778,0.0,0.0,0.0,0.0,0.0,0.0,0.0,0.0
20116,2023.0,5.0,20.0,16.0,19.26328,20.037226,18.927166,19.366486,18.675703,19.28939,18.384457,19.025291,17.546707,17.488882,17.991087,17.932817,19.134764,19.062346,18.204626,18.144508,16.569231,16.53744,4.0,4.0,4.0,0.0,0.0,0.0,0.0,0.0
20117,2023.0,5.0,20.0,16.0,19.272913,20.041954,20.17491,21.634825,18.786478,19.413498,18.514658,19.15753,17.498505,17.443546,17.91762,17.85819,19.101908,19.03125,18.164034,18.106226,17.513985,18.330303,0.0,4.0,4.0,0.0,0.0,0.0,0.0,4.0
20118,2023.0,5.0,20.0,17.0,19.279509,20.042618,19.415571,20.044666,18.806238,19.423351,18.5457,19.177065,17.450335,17.398712,18.210157,18.473217,19.832659,20.449017,19.168365,20.042913,20.292027,22.941387,4.0,4.0,4.0,0.0,4.0,4.0,4.0,0.0
20119,2023.0,5.0,20.0,17.0,18.683332,18.923006,20.164125,21.575,18.829645,19.4417,18.57989,19.20604,17.406109,17.356363,20.20574,21.958138,20.076586,20.694715,18.63079,18.709414,18.929058,19.834845,0.0,4.0,4.0,0.0,4.0,4.0,0.0,4.0
20120,2023.0,5.0,20.0,17.0,18.372293,18.539618,19.330755,19.846903,18.847063,19.454481,18.029667,18.155376,17.366278,17.318947,20.023989,21.383389,20.125618,20.733555,18.225195,18.15893,20.256155,22.448227,4.0,4.0,0.0,0.0,0.0,4.0,0.0,0.0
20121,2023.0,5.0,20.0,17.0,18.256323,18.413078,20.156252,21.521746,18.2989,18.420258,18.374388,18.97806,17.329206,17.28382,18.899157,19.074396,19.49676,19.50623,18.120216,18.048218,18.469667,18.729488,4.0,0.0,4.0,0.0,0.0,0.0,0.0,0.0
20122,2023.0,5.0,20.0,17.0,18.173832,18.325844,20.012754,21.17186,17.973282,17.990728,17.984545,18.108845,17.294659,17.251108,18.238506,18.167751,19.166107,19.047562,19.070194,19.88921,18.51544,19.307514,4.0,0.0,0.0,0.0,0.0,0.0,4.0,4.0
20123,2023.0,5.0,20.0,17.0,18.870886,19.696999,20.031225,21.165405,18.504248,19.069538,18.333878,18.933916,17.262794,17.221401,18.074427,18.01205,19.063152,18.937342,18.534254,18.589025,20.229155,22.241861,4.0,4.0,4.0,0.0,0.0,0.0,0.0,0.0
20124,2023.0,5.0,20.0,18.0,19.049793,19.806791,20.046278,21.178888,18.723137,19.323465,17.953276,18.077944,17.233274,17.193869,17.982086,17.923859,19.73668,20.268448,18.165369,18.104939,18.551235,18.77559,0.0,4.0,0.0,0.0,0.0,4.0,0.0,0.0
20125,2023.0,5.0,20.0,18.0,21.268204,23.685623,19.366068,19.825323,21.28243,23.755661,21.26418,24.073376,17.204382,17.165304,17.896479,17.840508,21.166204,22.672068,21.483328,23.940022,17.701029,17.6566,4.0,4.0,0.0,0.0,0.0,0.0,0.0,0.0
20126,2023.0,5.0,20.0,18.0,20.998173,22.872019,20.144154,21.399076,21.005049,22.926165,20.994713,23.132988,17.17807,17.139143,17.81699,17.75977,21.027786,22.224882,20.975916,22.717068,17.481623,17.429567,4.0,4.0,4.0,0.0,0.0,0.0,4.0,0.0
20127,2023.0,5.0,20.0,18.0,21.038065,22.783752,20.02837,21.137625,21.068632,22.882505,21.074133,23.069748,17.154346,17.115782,18.17264,18.49539,21.040443,22.132679,21.066856,22.726206,17.353762,17.300762,0.0,0.0,0.0,0.0,4.0,0.0,0.0,0.0
20128,2023.0,5.0,20.0,18.0,21.033169,22.660425,19.003965,19.13994,21.058277,22.72426,21.038383,22.814877,17.912918,18.568836,20.242094,22.045515,21.032799,22.045975,21.052034,22.553335,17.25573,17.208113,0.0,0.0,4.0,4.0,0.0,0.0,0.0,0.0
20129,2023.0,5.0,20.0,18.0,21.058891,22.648172,18.875916,19.272556,21.033653,22.554691,21.04311,22.71242,20.250551,22.430622,18.921421,19.215414,21.03304,21.994698,21.052334,22.449213,17.171562,17.126518,4.0,4.0,4.0,4.0,0.0,0.0,0.0,0.0
20130,2023.0,5.0,20.0,19.0,21.02575,22.49253,20.154755,21.526209,21.037292,22.491575,21.041332,22.62797,20.030916,21.726633,18.116625,18.081242,21.002508,21.877562,21.044275,22.369366,17.100872,17.058908,4.0,4.0,4.0,0.0,0.0,4.0,0.0,0.0
20131,2023.0,5.0,20.0,19.0,21.030972,22.452425,20.014412,21.151617,21.061136,22.50499,21.040688,22.564978,18.542595,18.657473,17.921806,17.861631,21.014458,21.867905,21.005484,22.216095,17.038408,16.998405,4.0,0.0,4.0,0.0,0.0,4.0,4.0,0.0
20132,2023.0,5.0,20.0,19.0,21.056505,22.483477,20.032398,21.126163,21.054922,22.443151,21.03965,22.513933,18.539484,19.09744,18.232061,18.5382,21.043451,21.920547,21.059488,22.309322,16.980963,16.941343,4.0,0.0,4.0,4.0,4.0,0.0,0.0,0.0
20133,2023.0,5.0,20.0,19.0,21.024328,22.360312,20.048029,21.128235,21.030577,22.33327,21.039663,22.473394,20.194742,21.89174,20.244001,22.00662,21.038551,21.8834,21.049776,22.250862,17.933228,18.792799,0.0,4.0,4.0,4.0,0.0,0.0,0.0,4.0
20134,2023.0,5.0,20.0,19.0,21.056454,22.415232,19.32101,19.674488,21.03528,22.313688,21.038986,22.436647,20.036087,21.432812,18.904135,19.157595,21.008875,21.783361,21.05049,22.219233,20.288336,22.659847,4.0,4.0,4.0,0.0,0.0,4.0,0.0,0.0
20135,2023.0,5.0,20.0,19.0,21.230782,22.713655,20.151266,21.404469,21.180805,22.600277,21.173534,22.693302,19.259188,19.784374,18.10726,18.060064,21.1504,22.075766,21.218641,22.528475,18.274134,18.405386,0.0,0.0,0.0,4.0,0.0,0.0,0.0,0.0
20136,2023.0,5.0,20.0,20.0,21.055347,22.3553,19.29834,19.634932,21.028803,22.246122,21.057545,22.424273,20.184826,21.630793,17.904766,17.838675,21.038824,21.83464,21.04148,22.164228,17.361685,17.246998,4.0,4.0,0.0,0.0,0.0,0.0,0.0,0.0
20137,2023.0,5.0,20.0,20.0,21.305605,22.813402,20.181646,21.441423,21.035093,22.239859,21.033535,22.32723,19.325413,19.804228,17.778685,17.705782,21.192818,22.129965,21.043207,22.162458,17.225103,17.169506,0.0,4.0,4.0,4.0,0.0,0.0,0.0,0.0
20138,2023.0,5.0,20.0,20.0,21.055408,22.308273,19.277966,19.574747,21.034615,22.222134,21.063894,22.386879,20.145525,21.458824,17.67232,17.599535,21.000496,21.730103,21.043106,22.155905,18.149624,19.002686,4.0,4.0,0.0,4.0,0.0,4.0,0.0,4.0
20139,2023.0,5.0,20.0,20.0,21.18664,22.551596,20.145615,21.3829,21.035007,22.206472,21.058228,22.351221,20.042347,21.20108,17.575155,17.498978,21.222954,22.168863,21.043028,22.148916,20.267885,22.478683,4.0,4.0,0.0,0.0,0.0,4.0,0.0,0.0
20140,2023.0,5.0,20.0,20.0,21.05044,22.255499,20.0366,21.094463,21.035254,22.190529,21.033772,22.259125,18.738441,18.636494,17.483635,17.40377,21.046043,21.823637,21.043299,22.142061,18.273138,18.306429,0.0,4.0,4.0,0.0,0.0,0.0,0.0,0.0
20141,2023.0,5.0,20.0,20.0,21.01262,22.166681,18.883593,18.831858,21.0355,22.174885,21.064344,22.32404,18.022131,17.75365,17.400309,17.31358,21.011793,21.724293,21.043314,22.134556,17.34826,17.14753,0.0,4.0,0.0,0.0,0.0,4.0,0.0,0.0
20142,2023.0,5.0,20.0,21.0,21.104511,22.360035,18.345816,18.245113,21.112465,22.334034,21.117355,22.403437,17.749569,17.452276,17.313467,17.21283,21.086164,21.892422,21.019796,22.04038,17.104914,16.877789,0.0,0.0,0.0,0.0,0.0,0.0,4.0,0.0
20143,2023.0,5.0,20.0,21.0,21.014378,22.132196,18.672247,18.997004,21.019653,22.101118,21.009903,22.18035,17.751907,17.63607,17.617609,17.843369,21.036177,21.770817,21.06181,22.14303,17.110788,17.029795,4.0,4.0,4.0,0.0,4.0,0.0,0.0,0.0
20144,2023.0,5.0,20.0,21.0,21.21022,22.513327,20.202702,21.678621,21.165854,22.39792,21.163195,22.485886,17.680103,17.576597,20.350296,22.3772,21.131123,21.948816,21.19605,22.390425,17.965351,18.694878,0.0,0.0,0.0,0.0,4.0,0.0,0.0,4.0
20145,2023.0,5.0,20.0,21.0,21.057104,22.214674,19.340046,19.818802,21.055822,22.156227,21.059118,22.252983,17.57254,17.469986,20.028383,21.581484,21.031448,21.76093,21.05337,22.08048,20.400726,22.75649,4.0,0.0,0.0,0.0,0.0,0.0,0.0,0.0
20146,2023.0,5.0,20.0,21.0,21.230494,22.528006,20.190788,21.516335,21.18138,22.38955,21.20901,22.512133,17.467075,17.35471,18.416283,18.283678,21.16982,22.045708,21.246122,22.473518,18.184187,18.12679,0.0,0.0,4.0,0.0,0.0,0.0,0.0,0.0
20147,2023.0,5.0,20.0,21.0,21.058275,22.190323,19.105766,19.262196,21.01651,22.050343,21.06526,22.226322,17.372843,17.255516,18.127422,18.302624,21.033182,21.77306,21.04285,22.063524,17.230888,16.953707,4.0,4.0,0.0,0.0,4.0,0.0,0.0,0.0
20148,2023.0,5.0,20.0,22.0,21.1832,22.427778,20.180601,21.47489,21.180635,22.379969,21.17495,22.430635,18.016653,18.537771,20.276493,22.018187,21.307701,22.306623,21.245022,22.468903,17.169666,17.05616,4.0,0.0,0.0,4.0,0.0,4.0,0.0,0.0
20149,2023.0,5.0,20.0,22.0,21.053814,22.150715,20.03893,21.09206,21.05686,22.110327,21.044743,22.183353,20.27975,22.32977,18.777605,18.909534,21.052244,21.789616,21.042982,22.058535,17.097378,16.9843,0.0,0.0,0.0,0.0,0.0,0.0,0.0,0.0
20150,2023.0,5.0,20.0,22.0,21.038675,22.138702,18.745605,18.541714,21.05836,22.096622,21.047373,22.196552,18.814384,19.1243,17.929781,17.790771,21.015892,21.680672,21.043697,22.059576,17.749311,18.303234,0.0,0.0,0.0,4.0,0.0,4.0,0.0,4.0
20151,2023.0,5.0,20.0,22.0,21.040892,22.151247,18.225182,18.037807,21.041946,22.081646,21.047112,22.199282,20.33682,22.042515,17.698717,17.536877,21.052261,21.765284,21.043587,22.0576,20.297953,22.549393,0.0,0.0,0.0,0.0,0.0,0.0,0.0,4.0
20152,2023.0,5.0,20.0,22.0,21.040564,22.153576,18.09949,17.929111,21.044146,22.09453,21.021925,22.128878,18.442986,18.23763,17.537973,17.369078,21.016521,21.661669,21.04393,22.055647,20.04261,21.787064,0.0,0.0,4.0,0.0,0.0,4.0,0.0,0.0
20153,2023.0,5.0,20.0,22.0,21.040596,22.154182,17.95507,17.778532,21.043983,22.098042,21.052467,22.213223,17.520338,17.099972,17.688189,17.761723,21.052986,21.749165,21.043898,22.052479,18.151419,17.951231,0.0,0.0,0.0,0.0,4.0,0.0,0.0,0.0
20154,2023.0,5.0,20.0,23.0,21.04095,22.15463,17.825953,17.641823,21.044195,22.09924,21.064568,22.198282,17.511356,17.329416,20.37455,22.302809,21.047577,21.726114,21.0439,22.049164,17.246008,16.857054,0.0,0.0,0.0,0.0,0.0,0.0,0.0,0.0
20155,2023.0,5.0,20.0,23.0,20.019688,20.19363,17.71799,17.52919,19.95914,20.016582,19.569363,19.304045,17.46768,17.305695,18.686277,18.855307,19.857754,19.4319,19.895388,19.837217,17.21171,17.043966,0.0,0.0,0.0,0.0,0.0,0.0,0.0,0.0
20156,2023.0,5.0,20.0,23.0,19.52261,19.496584,17.636965,17.440186,19.384241,19.181879,19.181202,18.944557,17.960142,18.309933,17.945415,17.75597,19.698936,19.449978,19.421694,19.231026,17.157831,17.010794,0.0,0.0,0.0,4.0,0.0,0.0,0.0,0.0
20157,2023.0,5.0,20.0,23.0,19.296198,19.24872,17.557066,17.351852,19.127659,18.89257,18.99213,18.772112,18.131443,18.536316,17.732805,17.524107,19.603758,19.386818,19.192303,18.99498,17.056517,16.904602,0.0,0.0,0.0,4.0,0.0,0.0,0.0,0.0
20158,2023.0,5.0,20.0,23.0,19.14754,19.114428,17.495876,17.295885,18.965767,18.747416,18.827906,18.625433,17.32845,16.967932,17.587433,17.388172,19.472395,19.255215,19.023602,18.842594,16.97143,16.823061,0.0,0.0,0.0,0.0,0.0,0.0,0.0,0.0
20159,2023.0,5.0,20.0,23.0,19.001688,18.960552,17.427282,17.221794,18.805119,18.578175,18.663553,18.452868,16.974483,16.51941,17.764956,17.83593,19.34418,19.119337,18.85518,18.66159,16.883339,16.729746,0.0,0.0,0.0,0.0,4.0,0.0,0.0,0.0
20160,2023.0,5.0,21.0,0.0,19.609236,20.21115,17.36932,17.165699,18.678215,18.45851,18.53228,18.32935,16.832502,16.384262,17.46147,17.275394,19.238205,19.016432,18.719273,18.530111,16.80805,16.6558,0.0,0.0,0.0,0.0,0.0,0.0,0.0,0.0
20161,2023.0,5.0,21.0,0.0,19.087914,19.160053,17.311377,17.106575,18.557774,18.337961,18.407486,18.20453,16.968313,16.778341,17.281288,17.074156,19.13736,18.913795,18.59183,18.40118,16.735083,16.581083,0.0,0.0,0.0,0.0,0.0,0.0,0.0,0.0
20162,2023.0,5.0,21.0,0.0,18.472347,18.100904,17.256681,17.051413,18.449362,18.230543,18.294973,18.093073,16.95853,16.781027,17.17635,16.96869,19.045822,18.821175,18.476759,18.28545,17.398666,17.888676,0.0,0.0,0.0,0.0,0.0,0.0,0.0,4.0
20163,2023.0,5.0,21.0,0.0,18.228325,17.811186,17.204227,16.998505,18.350077,18.132193,18.19202,17.991028,16.900265,16.721514,17.079678,16.870964,18.961533,18.73577,18.371378,18.17936,16.864773,16.736425,0.0,0.0,0.0,0.0,0.0,0.0,0.0,0.0
20164,2023.0,5.0,21.0,0.0,18.430292,18.35934,17.152552,16.945076,18.256418,18.037296,18.095177,17.892723,16.842264,16.661139,16.989473,16.777668,18.88188,18.653458,18.272509,18.077995,16.444408,16.056746,0.0,0.0,0.0,0.0,0.0,0.0,0.0,0.0
20165,2023.0,5.0,21.0,0.0,18.414038,18.373367,17.10049,16.88912,18.16651,17.94342,18.002234,17.795546,16.784563,16.600132,16.9038,16.687098,18.806524,18.574427,18.179817,17.981968,16.285696,15.883995,0.0,0.0,0.0,0.0,0.0,0.0,0.0,0.0
20166,2023.0,5.0,21.0,1.0,18.349308,18.310642,17.055431,16.845612,18.089891,17.870642,17.922867,17.720135,16.732212,16.547747,17.147705,17.211538,18.739782,18.50805,18.097164,17.900087,16.438519,16.294704,0.0,0.0,0.0,0.0,4.0,0.0,0.0,0.0
20167,2023.0,5.0,21.0,1.0,18.286757,18.251608,17.012674,16.805002,18.018816,17.803951,17.84912,17.650915,17.270096,17.602943,17.200134,17.271563,18.678417,18.448183,18.021154,17.826096,16.40775,16.246681,0.0,0.0,0.0,4.0,4.0,0.0,0.0,0.0
20168,2023.0,5.0,21.0,1.0,18.223787,18.189648,16.970076,16.762575,17.949356,17.736021,17.777233,17.580507,16.842308,16.67357,16.903198,16.72247,18.618986,18.388412,17.947807,17.7527,16.360157,16.197807,0.0,0.0,0.0,0.0,0.0,0.0,0.0,0.0
20169,2023.0,5.0,21.0,1.0,18.15973,18.122423,16.925512,16.7146,17.878963,17.662392,17.70459,17.504356,16.688595,16.500465,16.7464,16.5272,18.560163,18.326616,17.875732,17.677786,16.313257,16.148489,0.0,0.0,0.0,0.0,0.0,0.0,0.0,0.0
20170,2023.0,5.0,21.0,1.0,18.101788,18.065046,16.88524,16.674452,17.816498,17.601376,17.640177,17.44132,16.628166,16.439928,16.668083,16.448996,18.506832,18.27306,17.810005,17.612122,16.269192,16.104048,0.0,0.0,0.0,0.0,0.0,0.0,0.0,0.0
20171,2023.0,5.0,21.0,1.0,18.05041,18.018652,16.84969,16.643158,17.762186,17.553688,17.58414,17.392056,16.57633,16.39164,16.604816,16.391258,18.459263,18.228521,18.741755,19.4214,16.229105,16.066153,0.0,0.0,0.0,0.0,0.0,0.0,4.0,0.0
20172,2023.0,5.0,21.0,2.0,17.996634,17.965464,16.810925,16.604792,17.705448,17.498213,17.525393,17.334654,16.525974,16.341015,16.823174,16.85212,18.41083,18.18003,17.804432,17.426891,16.187944,16.024815,0.0,0.0,0.0,0.0,4.0,0.0,0.0,0.0
20173,2023.0,5.0,21.0,2.0,17.939846,17.904459,16.76852,16.558384,17.64556,17.43385,17.463158,17.267897,16.474833,16.286062,16.923922,16.997763,18.36079,18.126484,17.449732,16.976599,16.145159,15.979081,0.0,0.0,0.0,0.0,4.0,0.0,0.0,0.0
20174,2023.0,5.0,21.0,2.0,17.892872,17.861414,16.734814,16.528227,17.597042,17.390535,17.413074,17.223139,16.432253,16.245962,16.362474,15.908581,18.31827,18.086355,17.335495,16.874426,16.108124,15.943826,0.0,0.0,0.0,0.0,0.0,0.0,0.0,0.0
20175,2023.0,5.0,21.0,2.0,17.841515,17.808094,16.69664,16.488293,17.543507,17.335703,17.358217,17.16674,16.387287,16.19925,16.082224,15.550887,18.27327,18.039713,17.487738,17.284056,16.068823,15.903038,0.0,0.0,0.0,0.0,0.0,0.0,0.0,0.0
20176,2023.0,5.0,21.0,2.0,17.795738,17.764627,16.661976,16.455597,17.495705,17.291075,17.309338,17.12095,16.346897,16.160275,16.25588,16.019455,18.232555,18.000408,17.476242,17.2795,16.763062,17.242748,0.0,0.0,0.0,0.0,0.0,0.0,0.0,4.0
20177,2023.0,5.0,21.0,2.0,17.74892,17.7179,16.625397,16.41936,17.446924,17.243078,17.259441,17.071737,16.306135,16.119358,16.277508,16.062574,18.191418,17.959148,17.43316,17.23784,16.259806,16.132496,0.0,0.0,0.0,0.0,0.0,0.0,0.0,0.0
20178,2023.0,5.0,21.0,3.0,17.702564,17.671026,16.58869,16.382551,17.398922,17.195276,17.210539,17.022863,16.85285,17.181627,16.232107,16.01667,18.150923,17.918207,17.386024,17.190582,15.867734,15.479615,0.0,0.0,0.0,4.0,0.0,0.0,0.0,0.0
20179,2023.0,5.0,21.0,3.0,17.65786,17.626282,16.552809,16.346884,17.352505,17.149496,17.163261,16.976099,16.436556,16.26923,16.18774,15.97244,18.11172,17.879005,17.338623,17.143446,15.730604,15.329682,0.0,0.0,0.0,0.0,0.0,0.0,0.0,0.0
20180,2023.0,5.0,21.0,3.0,17.614197,17.582348,16.517323,16.311533,17.307022,17.104588,17.116745,16.93015,16.880302,17.20826,16.143414,15.928334,18.073288,17.840588,17.291613,17.096668,15.861527,15.677667,0.0,0.0,0.0,4.0,0.0,0.0,0.0,0.0
20181,2023.0,5.0,21.0,3.0,17.576242,17.548922,16.482712,16.277573,17.263042,17.061811,17.071623,16.886303,16.195545,15.775139,16.100504,15.886236,18.03603,17.803862,17.245747,17.05163,16.592333,17.060747,0.0,0.0,0.0,0.0,0.0,0.0,0.0,4.0
20182,2023.0,5.0,21.0,3.0,17.549488,17.534733,16.44794,16.242996,17.219316,17.018717,17.026918,16.842205,15.93934,15.481689,16.057892,15.843974,17.998974,17.766975,17.200077,17.00636,15.879156,15.52577,0.0,0.0,0.0,0.0,0.0,0.0,0.0,0.0
20183,2023.0,5.0,21.0,3.0,17.507961,17.49068,16.409449,16.200853,17.172071,16.967836,16.978924,16.790363,15.838564,15.380147,16.012506,15.795381,17.95986,17.725485,17.152212,16.956093,15.6235695,15.2160225,0.0,0.0,0.0,0.0,0.0,0.0,0.0,0.0
20184,2023.0,5.0,21.0,4.0,17.471031,17.45666,16.378277,16.173315,17.13325,16.933243,16.939428,16.75512,16.623764,16.966766,15.974413,15.760726,17.925861,17.693851,17.110018,16.91666,15.750628,15.558958,0.0,0.0,0.0,4.0,0.0,0.0,0.0,0.0
20185,2023.0,5.0,21.0,4.0,17.431986,17.418373,16.34504,16.141413,17.09227,16.893717,16.897512,16.714676,16.274242,16.126348,15.9348,15.722273,17.891016,17.660069,17.066692,16.874348,15.764413,15.597686,0.0,0.0,0.0,0.0,0.0,0.0,0.0,0.0
20186,2023.0,5.0,21.0,4.0,17.392889,17.378912,16.311657,16.108566,17.05114,16.853016,16.855406,16.672977,15.855388,15.41032,15.895416,15.683175,17.856258,17.625732,17.023438,16.83132,15.734164,15.568885,0.0,0.0,0.0,0.0,0.0,0.0,0.0,0.0
20187,2023.0,5.0,21.0,4.0,17.357712,17.346817,16.281776,16.082348,17.736332,18.175241,16.817705,16.639332,15.731305,15.29148,15.860055,15.651282,17.824495,17.596842,16.98371,16.794647,15.702855,15.540091,0.0,4.0,0.0,0.0,0.0,0.0,0.0,0.0
20188,2023.0,5.0,21.0,4.0,17.320518,17.310696,16.25028,16.052649,17.30698,17.236456,16.778406,16.601812,15.874639,15.665204,15.823611,15.616379,17.79195,17.565672,16.943216,16.75546,15.669863,15.508213,0.0,0.0,0.0,0.0,0.0,0.0,0.0,0.0
20189,2023.0,5.0,21.0,4.0,17.283339,17.274557,16.218899,16.022957,16.745646,16.226524,16.739544,16.564579,15.900622,15.7175,16.085941,16.139166,17.760323,17.535378,16.904007,16.717518,15.6373205,15.4767065,0.0,0.0,0.0,0.0,4.0,0.0,0.0,0.0
20190,2023.0,5.0,21.0,5.0,17.24764,17.241024,16.188898,15.995558,16.562626,16.00422,16.70245,16.530258,15.877065,15.69748,16.193306,16.2722,17.730371,17.507652,17.881071,18.590715,15.606442,15.447758,0.0,0.0,0.0,0.0,4.0,0.0,4.0,0.0
20191,2023.0,5.0,21.0,5.0,17.21363,17.210464,16.161268,15.972047,16.768805,16.51352,16.667446,16.499315,15.850935,15.674843,15.948748,15.79702,17.702389,17.483095,16.977736,16.640476,16.283728,16.748312,0.0,0.0,0.0,0.0,0.0,0.0,0.0,4.0
20192,2023.0,5.0,21.0,5.0,17.180218,17.180206,16.134834,15.949765,16.831673,16.646338,16.633505,16.469118,15.824795,15.651876,16.111607,16.17187,17.675737,17.459658,16.657257,16.231459,15.815836,15.705604,0.0,0.0,0.0,0.0,4.0,0.0,0.0,0.0
20193,2023.0,5.0,21.0,5.0,17.147663,17.15105,16.109175,15.928508,16.808662,16.63069,16.600798,16.440329,15.800192,15.630635,16.212996,16.307884,17.650965,17.438356,16.56321,16.146013,16.161682,16.431414,0.0,0.0,0.0,0.0,4.0,0.0,0.0,4.0
20194,2023.0,5.0,21.0,5.0,17.889572,18.577871,16.084671,15.9088335,16.780514,16.607965,17.302372,17.788868,15.77776,15.612026,15.712094,15.322556,17.62844,17.419777,16.702269,16.507784,16.323725,16.631407,0.0,0.0,4.0,0.0,0.0,0.0,0.0,4.0
20195,2023.0,5.0,21.0,5.0,17.40668,17.512386,16.060236,15.888854,16.750048,16.582352,17.507397,18.022255,15.757292,15.595105,15.478123,15.027714,17.607645,17.402672,16.722996,16.55308,15.656926,15.328452,0.0,0.0,4.0,0.0,0.0,0.0,0.0,0.0
20196,2023.0,5.0,21.0,6.0,17.628805,17.985226,16.50313,16.741549,17.435024,17.89782,17.275074,17.485361,15.739724,15.581227,15.938787,16.00043,18.340185,18.806255,17.722223,18.456684,16.180403,16.47379,4.0,4.0,4.0,0.0,4.0,4.0,4.0,4.0
20197,2023.0,5.0,21.0,6.0,21.849293,25.20247,20.229956,23.14448,21.394579,24.624083,20.934805,23.812155,16.322712,16.695198,20.144783,23.180641,22.075161,25.206594,21.962677,25.517435,20.930788,24.534782,0.0,0.0,0.0,4.0,0.0,4.0,4.0,4.0
20198,2023.0,5.0,21.0,6.0,20.931688,23.126822,18.156515,18.590673,20.966013,23.322702,21.058699,23.588818,20.356926,23.529385,18.008993,18.426443,21.04019,22.912275,22.112694,25.061539,19.900406,22.163658,0.0,4.0,0.0,4.0,0.0,0.0,4.0,4.0
20199,2023.0,5.0,21.0,6.0,21.07511,23.150984,17.276613,17.570526,21.080782,23.24484,21.093296,23.350044,20.007347,22.343992,16.613655,16.466255,21.087864,22.76325,21.04621,23.028448,20.078371,22.222258,4.0,4.0,0.0,4.0,0.0,0.0,4.0,4.0
20200,2023.0,5.0,21.0,6.0,21.081348,23.019796,20.278841,22.811026,21.087208,23.07204,21.067825,23.127308,20.092287,22.196991,16.701239,16.804491,21.037222,22.468449,21.085758,22.958067,20.082668,22.04864,4.0,0.0,0.0,0.0,4.0,4.0,0.0,0.0
20201,2023.0,5.0,21.0,6.0,21.050037,22.817476,20.040531,22.022043,21.0574,22.844982,21.068945,23.005533,17.93973,17.803734,20.350952,23.07711,21.06969,22.429117,21.075165,22.798456,17.966173,17.81085,0.0,4.0,0.0,0.0,0.0,0.0,0.0,0.0
20202,2023.0,5.0,21.0,7.0,21.07954,22.81283,18.07898,18.043482,21.060001,22.746895,21.042505,22.842663,17.503958,17.65668,18.2812,18.637703,21.061562,22.313547,21.073349,22.688572,16.955145,16.591469,0.0,4.0,4.0,4.0,0.0,0.0,0.0,0.0
20203,2023.0,5.0,21.0,7.0,21.045805,22.660843,17.387285,17.359148,21.05729,22.667023,21.070547,22.855602,20.386314,22.597153,17.430159,17.63095,21.030325,22.156555,21.032309,22.49873,17.877943,18.62643,4.0,4.0,0.0,4.0,4.0,4.0,4.0,4.0
20204,2023.0,5.0,21.0,7.0,21.18214,22.888086,20.259275,22.536861,21.173075,22.842775,21.16031,22.93114,20.136717,21.977303,20.330326,22.700176,21.133284,22.328949,21.192926,22.792233,22.007755,25.568213,4.0,4.0,4.0,0.0,0.0,0.0,0.0,0.0
20205,2023.0,5.0,21.0,7.0,21.04705,22.580893,20.022572,21.790455,21.078003,22.625254,21.081131,22.7303,18.77112,19.141699,18.74175,19.276115,21.05533,22.12152,21.066345,22.48501,18.883753,18.978535,4.0,0.0,0.0,4.0,4.0,0.0,0.0,0.0
20206,2023.0,5.0,21.0,7.0,21.04644,22.555391,20.07973,21.745491,21.046907,22.505411,21.074629,22.669088,20.395233,22.369944,20.270239,22.293589,21.024502,22.000679,21.065823,22.440794,17.320435,17.001738,0.0,4.0,0.0,0.0,0.0,4.0,0.0,0.0
20207,2023.0,5.0,21.0,7.0,21.044985,22.532887,18.699337,18.954138,21.050901,22.48738,21.073511,22.629358,18.968853,19.368055,18.383682,18.368412,21.057608,22.05884,21.051756,22.400633,17.149046,17.001108,4.0,4.0,0.0,4.0,0.0,0.0,0.0,0.0
20208,2023.0,5.0,21.0,8.0,21.07039,22.586603,20.219593,22.061272,21.049126,22.464453,21.057512,22.598274,20.254509,21.982265,17.508852,17.345814,21.050724,22.014038,21.05237,22.385805,17.044611,16.918125,4.0,4.0,0.0,0.0,0.0,0.0,0.0,0.0
20209,2023.0,5.0,21.0,8.0,19.504208,19.56105,20.04394,21.57568,19.429361,19.374054,19.603022,19.803682,18.518261,18.460608,17.346024,17.189625,19.796284,19.5768,19.694752,19.756178,16.92301,16.808224,0.0,0.0,0.0,0.0,0.0,0.0,0.0,0.0
20210,2023.0,5.0,21.0,8.0,18.646057,18.502346,18.817476,19.114477,18.48339,18.169476,18.7098,18.663662,17.619171,17.328234,17.227163,17.080412,19.361647,19.181095,18.95264,18.82946,16.82025,16.712013,4.0,0.0,0.0,0.0,0.0,0.0,0.0,0.0
20211,2023.0,5.0,21.0,8.0,18.398525,18.245892,20.215677,21.833986,18.206045,17.872667,18.426975,18.343338,17.54521,17.383038,17.154438,17.00983,19.263573,19.100792,18.718285,18.574251,16.74995,16.645298,0.0,0.0,0.0,0.0,0.0,0.0,0.0,0.0
20212,2023.0,5.0,21.0,8.0,18.37661,18.423786,18.659073,18.73121,18.168211,18.034225,18.20199,18.129524,17.462376,17.331238,17.083427,16.947924,19.904272,20.429842,18.528706,18.391674,16.67887,16.579897,0.0,0.0,0.0,0.0,0.0,4.0,0.0,0.0
20213,2023.0,5.0,21.0,8.0,18.309013,18.397913,18.083931,18.00194,18.095833,18.00814,18.046057,17.97727,17.373564,17.24731,17.039068,16.90712,19.219427,19.023506,18.400145,18.26513,16.628086,16.531614,0.0,0.0,0.0,0.0,0.0,0.0,0.0,0.0
20214,2023.0,5.0,21.0,9.0,18.202024,18.301569,18.342438,18.68198,17.98154,17.90581,17.907604,17.848278,17.291733,17.170546,17.001217,16.874329,19.667555,20.028238,18.288177,18.158363,16.583519,16.490366,4.0,0.0,0.0,0.0,0.0,4.0,0.0,0.0
20215,2023.0,5.0,21.0,9.0,18.099192,18.200394,20.226429,22.058672,17.880114,17.81477,17.789736,17.74064,17.22362,17.106352,16.969816,16.845676,19.080698,18.8474,18.195024,18.070772,16.546034,16.455336,0.0,0.0,0.0,0.0,0.0,0.0,0.0,0.0
20216,2023.0,5.0,21.0,9.0,18.001442,18.119953,18.821571,19.17004,17.77055,17.7149,17.66508,17.62567,17.15338,17.040163,16.939339,16.818316,18.778288,18.482695,18.098398,17.978601,16.507414,16.418554,0.0,0.0,0.0,0.0,0.0,0.0,0.0,0.0
20217,2023.0,5.0,21.0,9.0,17.924547,18.047617,18.070238,18.030926,17.68247,17.628164,17.566345,17.527128,17.10292,16.988361,16.922506,16.801954,18.708977,18.419273,18.024828,17.903252,16.478563,16.388964,0.0,0.0,0.0,0.0,0.0,0.0,0.0,0.0
20218,2023.0,5.0,21.0,9.0,17.856237,17.990086,17.856924,17.825521,17.608799,17.566578,18.199,18.799425,17.06282,16.952862,16.910286,16.792618,18.78173,18.624838,17.964647,17.848848,16.455795,16.368555,0.0,0.0,4.0,0.0,0.0,0.0,0.0,0.0
20219,2023.0,5.0,21.0,9.0,17.791224,17.931507,17.688938,17.661242,17.538906,17.504097,17.738508,17.840498,17.027298,16.919374,16.90055,16.784742,18.785522,18.65063,17.91006,17.796696,16.436184,16.350042,0.0,0.0,0.0,0.0,0.0,0.0,0.0,0.0
20220,2023.0,5.0,21.0,10.0,17.72967,17.874393,17.54859,17.521717,17.472883,17.443407,17.381958,17.277758,16.995926,16.889194,16.89313,16.778986,18.76107,18.62971,17.86055,17.748362,16.419842,16.334532,0.0,0.0,0.0,0.0,0.0,0.0,0.0,0.0
20221,2023.0,5.0,21.0,10.0,17.676216,17.828022,17.913166,18.313223,17.415625,17.39435,17.2741,17.180202,16.970032,16.865181,16.887178,16.773708,18.737864,18.608973,17.818594,17.709211,16.406105,16.321495,4.0,0.0,0.0,0.0,0.0,0.0,0.0,0.0
20222,2023.0,5.0,21.0,10.0,17.61905,17.769812,20.249392,22.403126,17.362133,17.348114,17.259861,17.242777,16.947464,16.843943,17.282078,17.520052,19.498426,20.072037,17.780987,17.673979,16.393997,16.309881,0.0,0.0,0.0,0.0,4.0,4.0,0.0,0.0
20223,2023.0,5.0,21.0,10.0,17.572926,17.738552,18.69191,19.103546,17.305475,17.297363,17.2168,17.220314,16.925177,16.8227,20.247913,22.662128,19.043867,18.994183,18.798136,19.63108,16.381535,16.29761,0.0,0.0,0.0,0.0,0.0,0.0,4.0,0.0
20224,2023.0,5.0,21.0,10.0,17.530275,17.702927,17.736782,17.801493,17.25383,17.25026,17.1562,17.165638,16.906475,16.804716,18.608614,19.044024,19.443882,19.89761,19.164219,19.9869,16.371056,16.287212,0.0,0.0,0.0,0.0,0.0,4.0,4.0,0.0
20225,2023.0,5.0,21.0,10.0,18.252302,19.097937,17.527166,17.537766,17.928455,18.5557,17.825132,18.467127,16.89424,16.79268,18.183079,18.423752,18.911345,18.784939,18.324083,18.331379,16.364183,16.280214,0.0,4.0,4.0,0.0,4.0,0.0,0.0,0.0
20226,2023.0,5.0,21.0,11.0,17.801067,18.100698,17.413534,17.424212,17.538841,17.696022,17.414896,17.568865,16.884518,16.783724,20.21734,22.08204,18.722546,18.512686,18.0038,17.855265,16.35912,16.275347,0.0,0.0,0.0,0.0,0.0,0.0,0.0,0.0
20227,2023.0,5.0,21.0,11.0,17.455223,17.606308,17.302866,17.316788,17.19162,17.186829,17.0696,17.076813,16.874111,16.773058,18.868141,19.209518,18.675268,18.468687,17.874744,17.718729,16.353523,16.269123,0.0,0.0,0.0,0.0,0.0,0.0,0.0,0.0
20228,2023.0,5.0,21.0,11.0,18.107178,18.882736,17.22226,17.234066,17.107271,17.083344,16.98832,16.980078,16.866652,16.764824,18.17797,18.079752,18.71359,18.576828,17.81096,17.655678,16.349422,16.264177,0.0,0.0,0.0,0.0,0.0,0.0,0.0,0.0
20229,2023.0,5.0,21.0,11.0,17.639978,17.87288,17.151337,17.166445,17.091642,17.09943,16.967777,16.987537,16.860552,16.758524,17.986534,17.853067,18.716177,18.590044,17.800701,17.68549,17.308138,18.076845,0.0,0.0,0.0,0.0,0.0,0.0,0.0,4.0
20230,2023.0,5.0,21.0,11.0,17.42719,17.5689,17.08789,17.105911,17.768778,18.401869,16.937521,16.965437,16.855928,16.753891,17.874048,17.735617,18.70398,18.578997,18.836472,19.670422,20.276775,23.168777,0.0,4.0,0.0,0.0,0.0,0.0,4.0,0.0
20231,2023.0,5.0,21.0,11.0,17.349047,17.489845,17.020874,17.042988,17.425783,17.552032,16.900408,16.931046,16.850943,16.749308,17.774431,17.637257,18.68999,18.565811,18.242544,18.227379,18.090153,18.432001,0.0,0.0,0.0,0.0,0.0,0.0,0.0,0.0
20232,2023.0,5.0,21.0,12.0,17.341946,17.524694,16.9682,16.991465,17.862915,18.464046,17.601542,18.276052,16.846733,16.745611,17.706217,17.567307,18.678572,18.555006,17.946857,17.804544,17.303497,17.213112,0.0,4.0,4.0,0.0,0.0,0.0,0.0,0.0
20233,2023.0,5.0,21.0,12.0,21.313278,24.472637,16.919601,16.94641,21.238615,24.257109,21.278395,24.527002,16.842093,16.74161,17.647915,17.511393,21.248978,23.05434,21.477554,23.990377,17.12654,17.027637,0.0,0.0,4.0,0.0,0.0,0.0,0.0,0.0
20234,2023.0,5.0,21.0,12.0,21.01158,23.48768,17.356003,17.813532,21.014013,23.412487,21.019987,23.594738,16.840614,16.740545,17.58796,17.452538,20.98143,22.372774,21.005146,22.872383,17.00346,16.901556,4.0,0.0,0.0,0.0,0.0,4.0,0.0,0.0
20235,2023.0,5.0,21.0,12.0,21.143305,23.465137,20.281258,22.814161,21.147482,23.414986,21.145178,23.552816,16.842506,16.743774,17.538858,17.406326,21.126707,22.510946,21.184225,23.035843,16.921997,16.823557,4.0,0.0,0.0,0.0,0.0,0.0,0.0,0.0
20236,2023.0,5.0,21.0,12.0,21.069805,23.157598,20.000044,21.9343,21.058043,23.070475,21.06992,23.201357,16.847708,16.750633,17.499636,17.368687,21.039457,22.20622,21.046404,22.619152,16.86076,16.763493,4.0,0.0,0.0,0.0,0.0,0.0,0.0,0.0
20237,2023.0,5.0,21.0,12.0,21.061163,23.013712,20.065718,21.870493,21.057898,22.953186,21.059757,23.0572,16.85456,16.759388,17.904238,18.162176,21.038189,22.10965,21.045176,22.517979,16.815619,16.721,0.0,0.0,0.0,0.0,4.0,0.0,0.0,0.0
20238,2023.0,5.0,21.0,13.0,21.062794,22.920616,18.908085,19.472124,21.05844,22.865894,21.061867,22.966969,16.861704,16.768051,20.2137,22.1439,21.002613,21.960861,21.007133,22.339987,16.781794,16.691065,4.0,0.0,0.0,0.0,4.0,4.0,4.0,0.0
20239,2023.0,5.0,21.0,13.0,21.054058,22.844995,20.24597,22.13054,21.05714,22.795906,21.0362,22.825275,16.86876,16.776943,20.021793,21.499533,21.042938,22.010715,21.058548,22.410868,16.753948,16.665756,0.0,0.0,4.0,0.0,0.0,0.0,0.0,0.0
20240,2023.0,5.0,21.0,13.0,21.05381,22.797626,18.75641,19.077168,21.031626,22.673004,21.064137,22.84967,16.875515,16.785194,19.13291,19.585375,21.005836,21.873344,21.048344,22.338367,16.732046,16.646587,0.0,4.0,0.0,0.0,4.0,4.0,0.0,0.0
20241,2023.0,5.0,21.0,13.0,21.05283,22.757442,17.924162,18.003767,21.060139,22.712427,21.065132,22.791208,16.881372,16.792683,20.179142,21.652922,21.04049,21.933216,21.048187,22.294657,17.731855,18.559967,0.0,0.0,0.0,0.0,0.0,0.0,0.0,4.0
20242,2023.0,5.0,21.0,13.0,21.052114,22.724232,17.682772,17.726826,21.060804,22.663967,21.063347,22.738373,16.886337,16.799269,18.992914,19.185087,21.005287,21.811583,21.047361,22.257662,20.275295,22.799294,0.0,0.0,0.0,0.0,0.0,4.0,0.0,0.0
20243,2023.0,5.0,21.0,13.0,21.051376,22.695494,17.528736,17.566826,21.059385,22.620468,21.054953,22.69499,17.6818,18.300158,18.296946,18.21518,21.03906,21.880295,21.001814,22.121485,18.293274,18.564274,0.0,0.0,0.0,4.0,0.0,0.0,4.0,0.0
20244,2023.0,5.0,21.0,14.0,21.024319,22.598074,17.406889,17.443604,21.026896,22.51662,21.030664,22.603003,20.270884,22.67689,18.473373,18.686459,21.033688,21.846207,21.05457,22.23654,17.360855,17.30721,0.0,4.0,4.0,0.0,4.0,0.0,0.0,0.0
20245,2023.0,5.0,21.0,14.0,19.74724,20.157728,17.305475,17.341633,20.116009,20.74627,19.64169,19.947962,18.45736,18.760395,20.208372,21.728153,20.102865,20.030956,20.695677,21.480272,17.17211,17.100231,0.0,4.0,0.0,0.0,0.0,0.0,4.0,0.0
20246,2023.0,5.0,21.0,14.0,18.949299,19.10385,17.219782,17.255371,19.127007,19.22557,18.748981,18.764383,17.560085,17.521753,19.075924,19.366873,20.475101,21.016148,19.602776,19.541035,17.08765,17.013304,0.0,0.0,0.0,0.0,0.0,4.0,0.0,0.0
20247,2023.0,5.0,21.0,14.0,19.396193,20.121618,17.622412,18.060154,18.721472,18.68052,18.473854,18.445492,17.405226,17.325792,18.484812,18.40084,19.836437,19.725372,19.205853,19.0366,17.034254,16.957767,4.0,0.0,0.0,0.0,0.0,0.0,0.0,0.0
20248,2023.0,5.0,21.0,14.0,19.442558,20.185432,20.267347,22.648062,19.148973,19.653885,18.334206,18.347044,17.340357,17.257265,18.301517,18.183855,19.575193,19.38199,19.03562,18.8743,16.98865,16.91364,0.0,4.0,0.0,0.0,0.0,0.0,0.0,0.0
20249,2023.0,5.0,21.0,14.0,18.796326,19.02581,18.663607,19.181934,18.724522,18.829739,18.177979,18.202036,18.014519,18.578089,18.536768,18.734795,19.462654,19.275719,18.878191,18.725245,16.941345,16.86792,0.0,0.0,0.0,4.0,4.0,0.0,0.0,0.0
20250,2023.0,5.0,21.0,15.0,18.503227,18.640093,17.868017,17.943789,19.031954,19.559305,18.056616,18.079483,20.24662,22.438097,20.18783,21.677143,20.206177,20.765102,18.801893,18.688145,16.905735,16.832912,0.0,4.0,0.0,0.0,0.0,4.0,0.0,0.0
20251,2023.0,5.0,21.0,15.0,18.345613,18.486721,17.620602,17.664476,19.150623,19.73457,17.930223,17.95608,18.57566,18.85728,19.101334,19.382877,19.697664,19.620094,18.706612,18.602448,16.867495,16.796242,0.0,4.0,0.0,0.0,0.0,0.0,0.0,0.0
20252,2023.0,5.0,21.0,15.0,18.239658,18.378487,17.491543,17.522991,18.550613,18.642057,18.5416,19.185856,17.911749,17.826344,18.524395,18.442095,20.167673,20.642666,18.623419,18.52051,16.836466,16.765488,0.0,0.0,4.0,0.0,0.0,4.0,0.0,0.0
20253,2023.0,5.0,21.0,15.0,18.18499,18.36136,17.39621,17.427134,18.891853,19.430935,18.098318,18.266434,17.752295,17.66372,18.706486,18.911955,20.343573,20.900753,19.583195,20.40629,16.807686,16.738386,0.0,4.0,0.0,0.0,4.0,4.0,4.0,0.0
20254,2023.0,5.0,21.0,15.0,18.852135,19.678732,17.316994,17.347185,18.985224,19.574636,18.445768,19.025414,17.645277,17.556896,20.171135,21.553545,19.643589,19.552896,18.913881,18.968378,16.781212,16.713467,0.0,4.0,4.0,0.0,0.0,0.0,0.0,0.0
20255,2023.0,5.0,21.0,15.0,19.008087,19.77914,17.23824,17.269173,18.967022,19.55282,18.038172,18.16121,17.547071,17.461065,19.052874,19.230982,19.329515,19.15361,18.483133,18.37835,16.75388,16.68824,0.0,4.0,0.0,0.0,0.0,0.0,0.0,0.0
20256,2023.0,5.0,21.0,16.0,19.0095,19.767418,17.659782,18.10837,18.955025,19.538523,17.761486,17.765022,17.47674,17.3893,18.846718,19.009697,19.242218,19.061602,18.364712,18.239378,16.731003,16.666368,4.0,4.0,0.0,0.0,4.0,0.0,0.0,0.0
20257,2023.0,5.0,21.0,16.0,19.011766,19.75924,20.257149,22.587717,18.93941,19.519424,18.30673,18.874802,17.417366,17.33313,20.166964,21.427378,19.176739,18.998468,18.29561,18.17188,16.709063,16.646133,4.0,4.0,4.0,0.0,0.0,0.0,0.0,0.0
20258,2023.0,5.0,21.0,16.0,18.41652,18.64186,20.021902,21.839767,18.92004,19.496082,17.932327,18.041464,18.10254,18.680876,19.088066,19.2178,19.94581,20.525053,18.258633,18.168598,16.685238,16.6236,0.0,4.0,0.0,4.0,0.0,4.0,0.0,0.0
20259,2023.0,5.0,21.0,16.0,18.779387,19.521324,18.590818,18.902828,18.342756,18.434908,18.258787,18.83281,20.235903,22.322044,18.473215,18.392696,20.175413,20.749609,19.251904,20.090189,16.66192,16.601496,0.0,0.0,4.0,0.0,0.0,4.0,4.0,0.0
20260,2023.0,5.0,21.0,16.0,18.343515,18.570166,17.76707,17.795155,18.625616,19.158957,18.436474,19.031895,18.59039,18.826244,18.284048,18.181501,20.200644,20.764929,18.6938,18.733953,16.639698,16.58047,0.0,4.0,4.0,0.0,0.0,4.0,0.0,0.0
20261,2023.0,5.0,21.0,16.0,18.083172,18.203028,18.05968,18.472174,18.164759,18.238981,17.865032,17.946863,17.938929,17.830679,18.185614,18.079754,19.472315,19.364895,18.35716,18.233385,16.620724,16.562414,4.0,0.0,0.0,0.0,0.0,0.0,0.0,0.0
20262,2023.0,5.0,21.0,17.0,18.679144,19.402279,20.243694,22.2842,18.551119,19.072716,17.617466,17.605095,17.792946,17.704638,18.098324,17.994184,19.229643,19.039343,18.240936,18.110077,16.602652,16.546066,4.0,4.0,0.0,0.0,0.0,0.0,0.0,0.0
20263,2023.0,5.0,21.0,17.0,18.238056,18.41465,20.02518,21.64723,18.134766,18.186926,18.17735,18.753538,17.6723,17.586992,18.4063,18.65652,19.124256,18.93166,18.148712,18.015667,16.581865,16.52619,0.0,0.0,4.0,0.0,4.0,0.0,0.0,0.0
20264,2023.0,5.0,21.0,17.0,17.950788,18.071821,18.663822,18.895863,17.820053,17.783293,18.354609,18.931581,17.57104,17.48997,20.201159,21.811007,19.04098,18.850002,18.11882,18.032053,16.561642,16.507364,0.0,0.0,4.0,0.0,0.0,0.0,0.0,0.0
20265,2023.0,5.0,21.0,17.0,18.540607,19.254631,17.870739,17.847502,17.689037,17.632812,17.799341,17.876423,17.483438,17.404411,19.010864,19.280659,19.813766,20.389315,18.077223,17.998205,16.541803,16.488682,0.0,0.0,0.0,0.0,0.0,4.0,0.0,0.0
20266,2023.0,5.0,21.0,17.0,18.696571,19.425821,18.18393,18.573477,18.379929,18.997086,17.533037,17.49413,17.41743,17.338575,18.423145,18.34749,19.95378,20.510876,18.030296,17.952688,16.523798,16.471495,4.0,4.0,0.0,0.0,0.0,4.0,0.0,0.0
20267,2023.0,5.0,21.0,17.0,18.117914,18.304365,20.238615,22.168533,18.480387,19.046125,17.42803,17.379452,17.35872,17.28285,18.625702,18.858839,19.298899,19.242489,17.9854,17.910185,16.505577,16.454702,4.0,4.0,0.0,0.0,4.0,0.0,0.0,0.0
20268,2023.0,5.0,21.0,18.0,17.809925,17.90202,20.029108,21.568197,18.477924,19.019964,18.096807,18.71404,17.29777,17.22454,20.160618,21.580069,18.96671,18.782509,18.990887,19.853085,16.484968,16.435286,0.0,4.0,4.0,0.0,4.0,0.0,4.0,0.0
20269,2023.0,5.0,21.0,18.0,21.297102,24.106895,19.008787,19.461155,21.301931,23.91191,21.309082,24.139313,18.016304,18.63381,20.03079,21.182825,21.351738,23.035973,21.39432,23.816309,16.464384,16.415691,4.0,4.0,4.0,4.0,0.0,4.0,4.0,0.0
20270,2023.0,5.0,21.0,18.0,21.128178,23.426214,20.234617,21.899399,21.14802,23.302376,21.134336,23.44829,20.272432,22.422245,18.924011,18.958235,21.117846,22.479319,21.164034,23.107323,16.448265,16.40072,0.0,4.0,4.0,0.0,0.0,0.0,0.0,0.0
20271,2023.0,5.0,21.0,18.0,21.06776,23.065002,18.82018,19.012918,21.0746,22.964064,21.055439,23.05641,18.498116,18.659697,18.614643,18.732248,21.016476,22.120562,21.05974,22.701307,16.435942,16.390385,0.0,0.0,4.0,0.0,4.0,4.0,0.0,0.0
20272,2023.0,5.0,21.0,18.0,21.060833,22.891123,18.082458,18.09665,21.038576,22.726915,21.048147,22.885609,18.345583,18.853678,20.178299,21.5427,21.04772,22.11282,21.055622,22.55553,17.458359,18.340378,0.0,4.0,4.0,4.0,4.0,0.0,0.0,4.0
20273,2023.0,5.0,21.0,18.0,21.050827,22.776081,18.315105,18.687035,21.067635,22.70183,21.071331,22.837103,20.21929,22.043053,20.02918,21.127308,21.041565,22.02899,21.054625,22.453693,20.31349,23.014902,4.0,0.0,0.0,4.0,0.0,0.0,0.0,4.0
20274,2023.0,5.0,21.0,19.0,21.228918,23.04132,20.230047,22.027187,21.19729,22.86123,21.161547,22.925365,20.03475,21.508617,18.919092,18.911205,21.143621,22.179329,21.227806,22.742458,20.03693,22.13677,4.0,4.0,0.0,0.0,0.0,0.0,0.0,0.0
20275,2023.0,5.0,21.0,19.0,21.037565,22.586075,20.03156,21.473469,21.040274,22.484812,21.039196,22.586292,18.628447,18.66608,18.373749,18.27695,21.002422,21.851591,21.00651,22.223444,18.171661,18.289604,0.0,4.0,4.0,0.0,0.0,4.0,4.0,0.0
20276,2023.0,5.0,21.0,19.0,21.062279,22.60673,19.040506,19.437551,21.039444,22.439812,21.068338,22.613173,18.60066,19.057499,18.223045,18.129837,21.016691,21.853117,21.021873,22.214727,17.292147,17.169556,4.0,4.0,0.0,4.0,0.0,4.0,4.0,0.0
20277,2023.0,5.0,21.0,19.0,21.210306,22.838224,20.204105,21.804382,21.207619,22.740484,21.200338,22.813559,20.18503,21.764313,18.093544,17.999825,21.219711,22.240469,21.214857,22.600515,17.063412,16.925598,0.0,4.0,4.0,4.0,0.0,4.0,0.0,0.0
20278,2023.0,5.0,21.0,19.0,21.06103,22.520935,19.108715,19.502007,21.062922,22.435125,21.042105,22.461143,20.037546,21.355644,17.980213,17.88969,21.01486,21.810589,21.051409,22.237274,17.003445,16.93728,4.0,0.0,4.0,0.0,0.0,4.0,0.0,0.0
20279,2023.0,5.0,21.0,19.0,21.214323,22.776218,20.201687,21.711187,21.1765,22.631094,21.204702,22.762867,19.279125,19.763657,17.87752,17.787155,21.14882,22.08625,21.21752,22.5428,16.935484,16.877954,4.0,0.0,4.0,4.0,0.0,0.0,0.0,0.0
20280,2023.0,5.0,21.0,20.0,21.033533,22.387138,20.016798,21.242786,21.03234,22.291613,21.06585,22.47877,20.181547,21.574923,17.784674,17.696938,21.010126,21.770157,21.051497,22.18453,16.857307,16.803322,4.0,4.0,0.0,0.0,0.0,4.0,0.0,0.0
20281,2023.0,5.0,21.0,20.0,21.059984,22.442413,20.058607,21.27366,21.037668,22.28439,21.036201,22.376085,18.765007,18.726126,17.70052,17.614998,21.046461,21.855026,21.003494,22.06327,17.785185,18.625729,0.0,4.0,4.0,0.0,0.0,0.0,4.0,4.0
20282,2023.0,5.0,21.0,20.0,21.05462,22.407873,19.143814,19.44577,21.037085,22.267807,21.066471,22.437534,18.717821,19.114586,17.623798,17.541092,21.040981,21.82963,21.061392,22.195574,20.30735,22.790594,4.0,4.0,0.0,4.0,0.0,0.0,0.0,0.0
20283,2023.0,5.0,21.0,20.0,21.161215,22.598564,20.185701,21.607117,21.196898,22.572756,21.18935,22.641096,20.17025,21.602411,17.549232,17.465775,21.203672,22.12357,21.197659,22.451614,18.823662,19.500397,0.0,4.0,4.0,4.0,0.0,4.0,0.0,4.0
20284,2023.0,5.0,21.0,20.0,21.016113,22.287382,18.81519,18.840067,21.061783,22.302677,21.040611,22.32296,20.010897,21.176226,17.480536,17.39895,21.01627,21.740894,21.052267,22.1399,20.277761,22.384098,0.0,0.0,4.0,4.0,0.0,4.0,0.0,0.0
20285,2023.0,5.0,21.0,20.0,21.061571,22.3782,18.166426,18.10158,21.031843,22.20393,21.040396,22.309542,20.029993,21.13849,17.411812,17.324903,21.047003,21.82001,21.052729,22.126862,19.010687,19.63428,0.0,4.0,4.0,4.0,0.0,0.0,0.0,4.0
20286,2023.0,5.0,21.0,21.0,21.027008,22.268433,17.98895,17.918663,21.062689,22.271505,21.040537,22.296623,20.057327,21.161507,17.692822,17.903044,21.042074,21.798687,21.04242,22.114056,20.243145,22.115437,0.0,0.0,4.0,0.0,4.0,0.0,0.0,0.0
20287,2023.0,5.0,21.0,21.0,21.033182,22.267584,17.835081,17.756754,21.056805,22.241272,21.065594,22.351954,18.747667,18.596764,20.364628,22.347157,21.012526,21.709772,21.043625,22.118748,19.10163,19.673267,0.0,0.0,0.0,0.0,4.0,4.0,0.0,4.0
20288,2023.0,5.0,21.0,21.0,21.032734,22.256174,18.149296,18.447788,21.057478,22.223911,21.03503,22.24981,18.036913,17.736118,19.997711,21.489922,21.01781,21.718737,21.003927,22.011627,20.186775,21.851004,4.0,0.0,4.0,0.0,4.0,4.0,4.0,4.0
20289,2023.0,5.0,21.0,21.0,21.03317,22.247152,20.245193,22.093775,21.043741,22.206043,21.065838,22.314667,18.509687,18.843168,20.068617,21.440487,21.017637,21.716625,21.022417,22.034594,20.048464,21.493563,0.0,0.0,0.0,4.0,0.0,4.0,4.0,0.0
20290,2023.0,5.0,21.0,21.0,21.033228,22.236841,18.836552,19.116413,21.045448,22.211449,21.059841,22.282232,20.25456,21.760386,18.897734,19.019737,21.04849,21.793184,21.020943,22.023466,18.443708,18.32149,0.0,0.0,0.0,0.0,4.0,0.0,4.0,0.0
20291,2023.0,5.0,21.0,21.0,21.059992,22.298204,18.40205,18.722492,21.04532,22.209856,21.060764,22.264673,18.620869,18.473833,20.311724,21.719194,21.043505,21.769236,21.061403,22.123814,17.624462,17.33058,4.0,0.0,0.0,0.0,0.0,0.0,0.0,0.0
20292,2023.0,5.0,21.0,22.0,21.054567,22.268763,20.244217,21.983116,21.045332,22.206509,21.045994,22.247143,17.805151,17.467264,18.711655,18.556438,21.044094,21.756697,21.05349,22.089506,17.347593,17.047693,0.0,0.0,0.0,0.0,0.0,0.0,0.0,0.0
20293,2023.0,5.0,21.0,22.0,21.054743,22.25259,18.613781,18.601908,21.04506,22.201855,21.047836,22.25604,17.771984,17.630001,18.381208,18.496944,21.04358,21.744493,21.053772,22.072123,18.159767,18.777315,0.0,0.0,0.0,0.0,4.0,0.0,0.0,4.0
20294,2023.0,5.0,21.0,22.0,21.05429,22.238298,18.0777,18.083725,21.044785,22.196655,21.047386,22.25677,17.726215,17.613914,20.239307,21.732769,21.03114,21.735209,21.053198,22.055592,20.29048,22.326912,4.0,0.0,0.0,0.0,4.0,0.0,0.0,0.0
20295,2023.0,5.0,21.0,22.0,21.04059,22.226942,20.233936,21.983189,21.044468,22.19091,21.046858,22.253939,17.621922,17.508587,20.02149,21.205235,21.032284,21.74615,21.001314,21.935148,18.297598,18.202837,0.0,0.0,0.0,0.0,0.0,0.0,4.0,0.0
20296,2023.0,5.0,21.0,22.0,21.042177,22.238653,18.627193,18.62233,21.044237,22.185003,21.046682,22.250486,17.528791,17.418161,19.201742,19.52615,21.03211,21.75054,21.062044,22.075268,17.402285,17.125671,0.0,0.0,0.0,0.0,4.0,0.0,0.0,0.0
20297,2023.0,5.0,21.0,22.0,21.042116,22.243221,17.91184,17.804186,21.04403,22.179218,21.046719,22.247206,17.44793,17.339054,20.201017,21.505375,21.03205,21.752565,21.051497,22.04046,18.170498,18.80031,0.0,0.0,0.0,0.0,0.0,0.0,0.0,4.0
20298,2023.0,5.0,21.0,23.0,21.041729,22.244781,17.779856,17.674974,21.043724,22.173298,21.046251,22.241898,17.377022,17.269905,19.00726,19.102211,21.03186,21.752512,21.052027,22.02777,20.263294,22.272831,0.0,0.0,0.0,0.0,0.0,0.0,0.0,0.0
20299,2023.0,5.0,21.0,23.0,19.999077,20.24352,18.099674,18.372461,19.960918,20.08951,19.902342,20.04106,17.871605,18.25231,18.311415,18.199656,20.204012,20.159342,19.749115,19.513338,18.342657,18.28782,4.0,0.0,0.0,4.0,0.0,0.0,0.0,0.0
20300,2023.0,5.0,21.0,23.0,19.496172,19.541906,17.811445,17.804821,19.39265,19.265831,19.31287,19.19617,17.4721,17.378199,18.115795,17.977564,19.868004,19.713161,19.441376,19.279467,17.664282,17.363102,0.0,0.0,0.0,0.0,0.0,0.0,0.0,0.0
20301,2023.0,5.0,21.0,23.0,19.269102,19.295366,17.58075,17.460106,19.14336,18.986511,19.052557,18.906712,17.316418,17.20351,17.971441,17.825375,19.715313,19.556063,19.273521,19.126112,17.631847,17.518452,0.0,0.0,0.0,0.0,0.0,0.0,0.0,0.0
20302,2023.0,5.0,21.0,23.0,19.117514,19.157179,17.49903,17.385027,18.98422,18.84225,18.884386,18.754583,17.84872,18.25759,17.862001,17.722982,19.596249,19.440788,19.119074,18.984646,17.521759,17.420269,0.0,0.0,0.0,4.0,0.0,0.0,0.0,0.0
20303,2023.0,5.0,21.0,23.0,18.981718,19.024708,17.42439,17.310959,18.840343,18.701794,18.732267,18.606335,17.245274,16.984076,17.758766,17.621078,19.489088,19.33441,18.979017,18.85064,17.411106,17.315323,0.0,0.0,0.0,0.0,0.0,0.0,0.0,0.0
20304,2023.0,5.0,22.0,0.0,18.852163,18.886713,17.351414,17.231298,18.701817,18.55373,18.585812,18.449982,17.008184,16.702967,17.656727,17.511646,19.386654,19.22552,18.843454,18.707148,17.30127,17.196379,0.0,0.0,0.0,0.0,0.0,0.0,0.0,0.0
20305,2023.0,5.0,22.0,0.0,18.748657,18.787897,17.29378,17.176716,18.59275,18.450907,18.470526,18.341415,17.114721,17.004063,17.572586,17.42979,19.301432,19.141563,18.730244,18.595825,17.211441,17.107714,0.0,0.0,0.0,0.0,0.0,0.0,0.0,0.0
20306,2023.0,5.0,22.0,0.0,18.649761,18.687906,17.235744,17.11663,18.487127,18.34373,18.35893,18.228275,17.089094,16.972574,17.490997,17.345755,19.221031,19.059143,18.624723,18.488708,17.128115,17.022562,0.0,0.0,0.0,0.0,0.0,0.0,0.0,0.0
20307,2023.0,5.0,22.0,0.0,18.561962,18.601355,17.18398,17.065304,18.394264,18.252975,18.260859,18.1325,17.047659,16.930239,17.41771,17.27222,19.148796,18.986403,18.530025,18.393974,17.053858,16.947857,0.0,0.0,0.0,0.0,0.0,0.0,0.0,0.0
20308,2023.0,5.0,22.0,0.0,18.487316,18.533623,17.139858,17.02593,18.315683,18.182926,18.177929,18.058615,17.010025,16.893988,17.354376,17.213129,19.085873,18.926456,18.447367,18.315195,17.722826,18.267218,0.0,0.0,0.0,0.0,0.0,0.0,0.0,4.0
20309,2023.0,5.0,22.0,0.0,18.412956,18.459923,17.093967,16.980118,18.236721,18.105276,18.094791,17.976826,17.5516,17.943943,17.29095,17.149021,19.024181,18.863914,18.367401,18.23473,17.191544,17.125885,0.0,0.0,0.0,4.0,0.0,0.0,0.0,0.0
20310,2023.0,5.0,22.0,1.0,18.343319,18.38992,17.050083,16.935791,18.162758,18.031794,18.017239,17.899643,17.14599,17.051577,17.231089,17.087902,18.966276,18.80466,18.292841,18.159067,17.555738,17.920334,0.0,0.0,0.0,0.0,0.0,0.0,0.0,4.0
20311,2023.0,5.0,22.0,1.0,18.278439,18.32424,17.008583,16.893978,18.09344,17.962503,17.944717,17.8269,16.828165,16.532076,17.17488,17.030403,18.912352,18.749622,18.223505,18.088587,17.709803,18.11557,0.0,0.0,0.0,0.0,0.0,0.0,0.0,4.0
20312,2023.0,5.0,22.0,1.0,18.223114,18.273323,16.973028,16.861866,18.034422,17.909048,17.883314,17.770977,16.724453,16.42596,17.126637,16.985136,18.865593,18.705294,18.163218,18.031258,17.01199,16.767614,0.0,0.0,0.0,0.0,0.0,0.0,0.0,0.0
20313,2023.0,5.0,22.0,1.0,18.165474,18.214315,16.93526,16.823503,17.973255,17.847197,17.819798,17.706415,16.838509,16.726501,17.39613,17.533352,18.818005,18.656206,18.102543,17.968887,16.770311,16.485424,0.0,0.0,0.0,0.0,4.0,0.0,0.0,0.0
20314,2023.0,5.0,22.0,1.0,18.11546,18.167496,16.902401,16.793203,17.920395,17.798428,17.764786,17.655481,17.418419,17.819365,17.151009,17.021816,18.776218,18.616009,18.049217,17.917465,16.67328,16.396654,0.0,0.0,0.0,4.0,0.0,0.0,0.0,0.0
20315,2023.0,5.0,22.0,1.0,18.066593,18.1198,16.869827,16.761686,17.868568,17.74859,17.71071,17.603373,17.0137,16.923744,17.04659,16.904942,18.73561,18.575777,17.99779,17.866528,16.753084,16.642696,0.0,0.0,0.0,0.0,0.0,0.0,0.0,0.0
20316,2023.0,5.0,22.0,2.0,18.018784,18.071207,16.83732,16.729,17.817694,17.697895,17.657465,17.550282,16.704653,16.412176,16.998697,16.856667,18.69608,18.535593,17.948107,17.816156,16.73284,16.626247,0.0,0.0,0.0,0.0,0.0,0.0,0.0,0.0
20317,2023.0,5.0,22.0,2.0,17.97716,18.032743,16.809021,16.703737,17.77335,17.6578,17.610956,17.508165,17.214195,17.45543,16.956903,16.817598,18.661156,18.502762,17.903967,17.774275,16.692457,16.587774,0.0,0.0,0.0,4.0,0.0,0.0,0.0,0.0
20318,2023.0,5.0,22.0,2.0,17.936457,17.993998,16.781044,16.678009,17.73011,17.617512,17.5656,17.465832,16.76236,16.488596,16.917982,16.78021,18.627407,18.470402,17.861536,17.733282,16.653553,16.550013,0.0,0.0,0.0,0.0,0.0,0.0,0.0,0.0
20319,2023.0,5.0,22.0,2.0,17.89734,17.956348,16.753752,16.652653,17.688442,17.578293,17.521904,17.424633,17.191458,17.423409,16.881401,16.744875,18.59501,18.439127,17.820988,17.69384,16.616436,16.513765,0.0,0.0,0.0,4.0,0.0,0.0,0.0,0.0
20320,2023.0,5.0,22.0,2.0,17.860151,17.920893,16.727562,16.62864,17.648964,17.541569,17.480518,17.38607,16.765873,16.509735,16.847517,16.712591,18.56437,18.409912,18.775463,19.5259,17.300262,17.831312,0.0,0.0,0.0,0.0,0.0,0.0,4.0,4.0
20321,2023.0,5.0,22.0,2.0,17.824175,17.88628,16.70191,16.6049,17.610945,17.505798,17.44063,17.3485,16.583475,16.293665,16.815348,16.681765,18.534807,18.381563,17.945473,17.729588,16.835817,16.80138,0.0,0.0,0.0,0.0,0.0,0.0,0.0,0.0
20322,2023.0,5.0,22.0,3.0,17.78715,17.848526,16.675287,16.57857,17.572378,17.46709,17.400154,17.307842,16.697113,16.588112,16.783213,16.649254,18.50498,18.351528,17.648983,17.338303,16.499126,16.247839,0.0,0.0,0.0,0.0,0.0,0.0,0.0,0.0
20323,2023.0,5.0,22.0,3.0,17.75224,17.814125,16.649496,16.55333,17.535652,17.430933,17.361761,17.269993,16.688187,16.574848,16.753294,16.619644,18.476772,18.323704,17.559841,17.25342,16.399454,16.144775,0.0,0.0,0.0,0.0,0.0,0.0,0.0,0.0
20324,2023.0,5.0,22.0,3.0,17.719471,17.782976,16.626135,16.532434,17.50206,17.400255,17.326742,17.237957,16.663374,16.551262,16.726099,16.594234,18.450335,18.29862,17.675688,17.561396,16.494453,16.40272,0.0,0.0,0.0,0.0,0.0,0.0,0.0,0.0
20325,2023.0,5.0,22.0,3.0,17.686062,17.749123,16.60133,16.508106,17.467054,17.36588,17.290295,17.202103,16.638144,16.526335,16.69865,16.567137,18.423735,18.272427,17.65594,17.532585,16.476864,16.377098,0.0,0.0,0.0,0.0,0.0,0.0,0.0,0.0
20326,2023.0,5.0,22.0,3.0,17.671087,17.751364,16.579918,16.490095,17.436527,17.339506,17.258537,17.17463,17.195135,17.59458,16.674545,16.545736,18.399538,18.250404,17.624758,17.50373,16.450327,16.352617,0.0,0.0,0.0,4.0,0.0,0.0,0.0,0.0
20327,2023.0,5.0,22.0,3.0,17.645391,17.727522,16.556744,16.46804,17.404099,17.308353,17.224823,17.142199,16.806683,16.731316,16.649471,16.52145,18.37446,18.225986,17.592594,17.47219,16.423454,16.326246,0.0,0.0,0.0,0.0,0.0,0.0,0.0,0.0
20328,2023.0,5.0,22.0,4.0,17.616474,17.697779,16.532454,16.44328,17.370619,17.27426,17.190052,17.106747,16.674526,16.563984,16.624067,16.49569,18.349035,18.20035,17.55988,17.439173,16.3965,16.298998,0.0,0.0,0.0,0.0,0.0,0.0,0.0,0.0
20329,2023.0,5.0,22.0,4.0,17.588697,17.670092,16.509691,16.421213,17.339493,17.244118,17.157784,17.075481,16.635122,16.525215,16.600351,16.472605,18.324854,18.176756,17.528942,17.408857,16.371292,16.274242,0.0,0.0,0.0,0.0,0.0,0.0,0.0,0.0
20330,2023.0,5.0,22.0,4.0,17.56246,17.645376,16.489262,16.403582,17.311468,17.219555,17.12879,17.050043,17.175793,17.570515,16.57871,16.453234,18.3023,18.156143,17.500214,17.382265,17.073105,17.61698,0.0,0.0,0.0,4.0,0.0,0.0,0.0,4.0
20331,2023.0,5.0,22.0,4.0,17.5347,17.617281,16.466827,16.381618,17.281296,17.190042,17.097755,17.019592,16.629784,16.399479,16.555626,16.43059,18.278465,18.132734,17.47044,17.3529,16.59333,16.549583,0.0,0.0,0.0,0.0,0.0,0.0,0.0,0.0
20332,2023.0,5.0,22.0,4.0,17.50757,17.589813,16.444592,16.359741,17.25158,17.160847,17.067463,16.989656,17.041405,17.302633,16.532776,16.408108,18.254738,18.10937,17.441196,17.323994,17.013298,17.412344,0.0,0.0,0.0,4.0,0.0,0.0,0.0,4.0
20333,2023.0,5.0,22.0,4.0,17.48127,17.563646,16.423002,16.338907,17.222895,17.13317,17.038406,16.961424,16.59305,16.349451,16.510675,16.38674,18.2316,18.086946,17.412992,17.296541,16.449114,16.240965,0.0,0.0,0.0,0.0,0.0,0.0,0.0,0.0
20334,2023.0,5.0,22.0,5.0,17.453695,17.534536,16.399519,16.314032,17.192217,17.101,17.00743,16.928732,16.414677,16.135029,16.487394,16.362562,18.207376,18.062061,17.383965,17.266788,16.261139,16.015276,0.0,0.0,0.0,0.0,0.0,0.0,0.0,0.0
20335,2023.0,5.0,22.0,5.0,17.430422,17.513865,16.381517,16.299932,17.167782,17.080872,16.98262,16.908173,17.12969,17.560179,16.758741,16.888304,18.936035,19.460793,17.359219,17.244926,16.199892,15.9644375,0.0,0.0,0.0,4.0,4.0,4.0,0.0,0.0
20336,2023.0,5.0,22.0,5.0,17.40597,17.490309,16.362352,16.282753,17.141914,17.056969,16.956099,16.883633,16.764997,16.71407,16.575441,16.480818,18.43338,18.364773,17.334171,17.22133,16.281076,16.18459,0.0,0.0,0.0,0.0,0.0,0.0,0.0,0.0
20337,2023.0,5.0,22.0,5.0,18.105175,18.822664,16.34404,16.266544,17.117027,17.034271,16.930414,16.860214,16.474714,16.2354,16.489542,16.371572,18.096844,17.781416,17.31042,17.199291,16.281221,16.190874,0.0,0.0,0.0,0.0,0.0,0.0,0.0,0.0
20338,2023.0,5.0,22.0,5.0,17.647224,17.811373,16.325834,16.250242,17.092314,17.011448,16.904915,16.836647,16.967089,17.234743,16.464622,16.348255,17.984385,17.647383,17.28748,17.177826,16.259163,16.169977,0.0,0.0,0.0,4.0,0.0,0.0,0.0,0.0
20339,2023.0,5.0,22.0,5.0,17.296984,17.21362,16.308182,16.234892,17.068409,16.989948,16.880363,16.814503,16.555183,16.347973,16.443066,16.328796,18.918297,19.492271,17.266014,17.158234,16.238794,16.151299,0.0,0.0,0.0,0.0,0.0,4.0,0.0,0.0
20340,2023.0,5.0,22.0,6.0,17.891632,18.401655,16.290499,16.219254,17.04459,16.968143,16.85588,16.792048,16.95703,17.21097,16.424294,16.311731,18.960842,19.3561,18.250952,19.03153,16.93339,17.475634,0.0,0.0,0.0,4.0,0.0,4.0,4.0,4.0
20341,2023.0,5.0,22.0,6.0,21.316574,24.270391,16.735937,17.067848,21.272316,24.428371,21.197231,24.460423,20.334433,23.002365,16.407104,16.29585,21.210258,23.285149,21.421095,24.38807,20.343588,23.32736,4.0,4.0,0.0,4.0,0.0,4.0,4.0,0.0
20342,2023.0,5.0,22.0,6.0,21.698406,24.31629,20.307821,23.17888,21.083006,23.597641,21.072144,23.700745,20.028164,22.0222,16.390554,16.280588,21.805628,23.918839,21.1235,23.409864,18.445652,19.071245,0.0,0.0,0.0,0.0,0.0,0.0,0.0,4.0
20343,2023.0,5.0,22.0,6.0,21.047163,23.040588,18.593166,19.334705,21.063301,23.201904,21.07583,23.38387,18.13347,18.106142,16.66982,16.810888,20.944399,22.149523,21.075193,23.026098,20.31662,22.7307,4.0,4.0,0.0,0.0,4.0,4.0,0.0,4.0
20344,2023.0,5.0,22.0,6.0,21.160675,23.110033,20.311577,22.736883,21.15302,23.179958,21.149647,23.316244,17.205288,16.916388,20.369204,23.101196,21.145239,22.463493,21.173922,23.02286,20.985235,23.516495,0.0,0.0,0.0,0.0,4.0,0.0,0.0,4.0
20345,2023.0,5.0,22.0,6.0,21.04766,22.770424,18.50305,18.86739,21.049229,22.793144,21.064005,22.989574,17.145224,17.01462,20.006578,22.030336,21.022388,22.110964,21.027475,22.555832,20.742094,22.742855,4.0,4.0,0.0,0.0,0.0,4.0,4.0,0.0
20346,2023.0,5.0,22.0,7.0,21.180841,22.95694,20.283968,22.423212,21.170103,22.924498,21.158113,23.065882,17.10433,16.99568,18.663918,19.14406,21.16609,22.339167,21.24198,22.887735,18.924105,18.915699,0.0,4.0,0.0,0.0,4.0,4.0,4.0,0.0
20347,2023.0,5.0,22.0,7.0,21.04442,22.62001,18.666002,18.996851,21.049871,22.599754,21.06061,22.785004,17.026182,16.923077,20.259842,22.22626,21.025774,22.009176,21.030153,22.387531,17.759146,17.462376,4.0,4.0,0.0,0.0,4.0,4.0,4.0,0.0
20348,2023.0,5.0,22.0,7.0,21.043804,22.573278,20.268213,22.215132,21.048775,22.5367,21.035295,22.652426,16.958487,16.858803,20.038765,21.566225,21.025179,21.972622,21.029568,22.333668,18.586313,19.34208,4.0,4.0,4.0,0.0,0.0,4.0,4.0,4.0
20349,2023.0,5.0,22.0,7.0,21.042486,22.534466,20.036757,21.604061,21.047321,22.485819,21.0389,22.61577,16.902842,16.806684,18.464735,18.381306,21.054178,22.018976,21.028324,22.288652,20.207952,22.009136,0.0,4.0,4.0,0.0,0.0,0.0,4.0,0.0
20350,2023.0,5.0,22.0,7.0,21.04172,22.503246,18.78177,19.067215,21.07098,22.51337,21.076015,22.646915,17.642584,18.247446,17.946222,17.921267,21.018145,21.894276,21.066448,22.35615,18.411142,18.347342,4.0,0.0,0.0,4.0,4.0,4.0,0.0,0.0
20351,2023.0,5.0,22.0,7.0,21.040703,22.475662,20.22172,21.996851,21.064735,22.462484,21.068121,22.57902,20.304749,22.706856,20.325281,22.080095,21.02279,21.882385,21.057709,22.297983,17.541155,17.269966,4.0,0.0,0.0,0.0,0.0,4.0,0.0,0.0
20352,2023.0,5.0,22.0,8.0,21.066092,22.522707,20.024912,21.456827,21.064215,22.428034,21.067564,22.535074,18.748934,19.24892,18.565784,18.5355,21.051647,21.940329,21.057411,22.260397,17.444046,17.320505,4.0,0.0,0.0,4.0,0.0,0.0,0.0,0.0
20353,2023.0,5.0,22.0,8.0,20.095182,20.601603,20.05074,21.41478,19.782944,19.964128,19.694231,19.88758,20.287718,22.285248,17.803473,17.66807,20.50847,20.842163,19.621367,19.46917,17.367855,17.265827,4.0,0.0,0.0,0.0,0.0,4.0,0.0,0.0
20354,2023.0,5.0,22.0,8.0,19.063639,19.01893,20.063698,21.391792,19.62298,20.126093,18.852695,18.807972,18.449411,18.454937,17.666634,17.537832,19.620485,19.34514,19.046011,18.907982,17.26443,17.168787,0.0,4.0,0.0,0.0,0.0,0.0,0.0,0.0
20355,2023.0,5.0,22.0,8.0,18.592312,18.458065,18.991581,19.267319,19.425327,19.754562,18.531853,18.45438,17.546741,17.306892,17.55361,17.431267,19.934965,20.226036,18.850515,18.72077,17.173265,17.081675,4.0,4.0,0.0,0.0,0.0,4.0,0.0,0.0
20356,2023.0,5.0,22.0,8.0,18.407953,18.27174,20.199413,21.634027,18.680914,18.468285,18.360556,18.278969,17.487617,17.358759,17.47911,17.357285,20.053028,20.398203,18.715422,18.588745,17.108522,17.019535,0.0,0.0,0.0,0.0,0.0,4.0,0.0,0.0
20357,2023.0,5.0,22.0,8.0,18.413912,18.460749,19.090609,19.395288,18.255718,17.964148,18.193026,18.11951,17.42631,17.322126,17.403677,17.288246,19.369299,19.127459,18.578829,18.45922,17.04278,16.957912,4.0,0.0,0.0,0.0,0.0,0.0,0.0,0.0
20358,2023.0,5.0,22.0,9.0,18.362598,18.44077,20.189955,21.568134,18.094484,17.805948,18.072554,18.0009,17.35549,17.254051,17.350943,17.23616,19.08376,18.750914,18.479979,18.363031,16.993866,16.910803,0.0,0.0,0.0,0.0,0.0,0.0,0.0,0.0
20359,2023.0,5.0,22.0,9.0,18.278028,18.37663,18.81488,18.855104,18.103409,17.984726,18.627605,19.157429,17.281084,17.184763,17.669294,17.882933,18.951887,18.6288,18.379608,18.268406,16.945107,16.86523,0.0,0.0,4.0,0.0,4.0,0.0,0.0,0.0
20360,2023.0,5.0,22.0,9.0,18.205343,18.309357,18.311096,18.22623,18.066593,17.98768,18.206053,18.292837,17.229557,17.134573,20.278284,22.39052,18.870209,18.556644,18.305979,18.197235,16.909529,16.831003,0.0,0.0,0.0,0.0,0.0,0.0,0.0,0.0
20361,2023.0,5.0,22.0,9.0,18.84071,19.577606,18.102274,18.04263,17.979887,17.91102,17.714357,17.547009,17.17748,17.085848,18.736877,19.038965,18.938175,18.780674,18.23148,18.126902,16.874456,16.798143,0.0,0.0,0.0,0.0,0.0,0.0,0.0,0.0
20362,2023.0,5.0,22.0,9.0,18.365702,18.568167,17.943588,17.879932,17.908934,17.844025,17.55366,17.351652,17.141043,17.049725,18.400208,18.62014,18.943865,18.815311,18.175451,18.071672,16.848652,16.772741,0.0,0.0,0.0,0.0,4.0,0.0,0.0,0.0
20363,2023.0,5.0,22.0,9.0,18.007204,17.992949,18.250069,18.572275,17.844677,17.787727,17.590055,17.518068,17.11081,17.022007,20.199575,21.866514,19.681595,20.24813,18.126858,18.026657,16.826754,16.752483,4.0,0.0,0.0,0.0,0.0,4.0,0.0,0.0
20364,2023.0,5.0,22.0,10.0,17.85869,17.840324,20.248283,22.082672,17.777445,17.72709,18.267088,18.834154,17.07973,16.993036,19.200056,19.681086,19.136354,18.994955,18.077055,17.97972,16.804745,16.731983,0.0,0.0,4.0,0.0,4.0,0.0,0.0,0.0
20365,2023.0,5.0,22.0,10.0,17.893763,17.999454,18.849907,19.163067,17.713923,17.666908,17.93381,18.033895,17.7897,18.354403,20.210945,21.678509,18.781599,18.521935,18.030624,17.933746,16.784046,16.710705,0.0,0.0,0.0,4.0,0.0,0.0,0.0,0.0
20366,2023.0,5.0,22.0,10.0,17.887358,18.017477,18.003977,18.01121,17.655504,17.611296,17.496326,17.372034,20.298092,22.5692,18.844858,18.863825,18.685747,18.416664,17.988398,17.891771,16.764774,16.690912,0.0,0.0,0.0,0.0,0.0,0.0,0.0,0.0
20367,2023.0,5.0,22.0,10.0,17.842173,17.973257,17.76719,17.729292,17.602219,17.560762,17.336473,17.18164,18.418219,18.55521,18.189657,18.071306,19.532713,20.08722,17.95018,17.85391,16.746984,16.67271,0.0,0.0,0.0,0.0,0.0,4.0,0.0,0.0
20368,2023.0,5.0,22.0,10.0,17.803087,17.932474,17.64505,17.591856,17.556963,17.515028,17.38239,17.341648,17.697927,17.465502,18.048016,17.910374,19.638243,20.100182,17.918,17.82024,16.731665,16.656137,0.0,0.0,0.0,0.0,0.0,4.0,0.0,0.0
20369,2023.0,5.0,22.0,10.0,17.769825,17.90172,18.027937,18.39463,17.518295,17.480421,17.359896,17.33155,17.638786,17.513214,17.954494,17.821402,19.695143,20.159456,17.890234,17.793785,16.71852,16.643175,4.0,0.0,0.0,0.0,0.0,4.0,0.0,0.0
20370,2023.0,5.0,22.0,11.0,17.73834,17.872328,20.248783,22.27007,17.482153,17.447638,17.323986,17.299875,17.564945,17.453749,17.872652,17.74151,19.058893,18.91678,17.864788,17.769344,16.706676,16.631332,0.0,0.0,0.0,0.0,0.0,0.0,0.0,0.0
20371,2023.0,5.0,22.0,11.0,17.706911,17.845192,19.123444,19.784473,18.139416,18.716421,17.28595,17.267408,17.48343,17.378313,18.158545,18.352003,19.484333,19.888296,17.840487,17.747639,16.696905,16.623459,4.0,4.0,0.0,0.0,4.0,4.0,0.0,0.0
20372,2023.0,5.0,22.0,11.0,17.684473,17.829433,20.211468,21.810026,18.371021,19.010412,17.25557,17.24192,17.42863,17.326096,20.20808,21.973202,18.998695,18.87343,17.822582,17.732038,16.691017,16.619461,0.0,4.0,0.0,0.0,0.0,0.0,0.0,0.0
20373,2023.0,5.0,22.0,11.0,17.666407,17.821646,18.804407,18.965725,17.75031,17.770905,17.22464,17.216541,17.37676,17.27976,18.915842,19.181284,18.717896,18.488764,17.806057,17.718151,16.68631,16.616764,0.0,0.0,0.0,0.0,0.0,0.0,0.0,0.0
20374,2023.0,5.0,22.0,11.0,17.64565,17.80499,18.13341,17.9796,17.478542,17.370739,17.199297,17.195414,17.341122,17.246944,18.307674,18.209763,19.42302,19.87035,17.793865,17.708096,16.683872,16.616127,0.0,0.0,0.0,0.0,0.0,4.0,0.0,0.0
20375,2023.0,5.0,22.0,11.0,17.624538,17.786398,18.026861,17.975142,18.08902,18.58557,17.175547,17.176489,17.310259,17.220055,18.157516,18.03951,19.657284,20.17749,17.782656,17.699333,16.682337,16.616562,0.0,4.0,0.0,0.0,0.0,4.0,0.0,0.0
20376,2023.0,5.0,22.0,12.0,17.605257,17.770119,18.38142,18.75766,17.652685,17.666327,17.153515,17.159325,17.284277,17.19794,18.064352,17.947878,19.026876,18.920212,17.772375,17.691586,16.681484,16.61781,4.0,0.0,0.0,0.0,0.0,0.0,0.0,0.0
20377,2023.0,5.0,22.0,12.0,21.301449,24.25313,20.234781,22.026875,21.25331,24.09114,21.23886,24.392424,17.259974,17.175823,17.990555,17.875334,21.363636,23.079891,21.507784,24.192636,16.679625,16.61678,0.0,0.0,0.0,0.0,0.0,4.0,0.0,0.0
20378,2023.0,5.0,22.0,12.0,21.003942,23.281527,18.91137,19.255463,21.01823,23.216064,21.008087,23.461176,17.2384,17.15622,17.920053,17.809164,20.99942,22.243193,20.970263,22.867016,16.679348,16.61712,0.0,0.0,0.0,0.0,0.0,4.0,4.0,0.0
20379,2023.0,5.0,22.0,12.0,21.059038,23.147877,18.06194,18.069843,21.058666,23.057198,21.064562,23.279894,17.222036,17.141832,17.857906,17.747272,21.049448,22.224428,21.069805,22.841446,16.683182,16.622501,0.0,0.0,0.0,0.0,0.0,0.0,0.0,0.0
20380,2023.0,5.0,22.0,12.0,21.051632,22.969246,18.346363,18.76699,21.02916,22.818213,21.057798,23.070757,17.210623,17.13313,17.808931,17.702703,21.009012,22.018118,21.050102,22.623755,16.690224,16.631237,4.0,4.0,0.0,0.0,0.0,4.0,0.0,0.0
20381,2023.0,5.0,22.0,12.0,21.05309,22.85411,20.23868,22.066233,21.069363,22.788132,21.059517,22.934868,17.202192,17.127436,17.767317,17.665264,21.045212,22.034544,21.053738,22.49779,16.69865,16.64122,0.0,0.0,0.0,0.0,0.0,0.0,0.0,0.0
20382,2023.0,5.0,22.0,13.0,21.051775,22.76578,18.77754,19.013493,21.060928,22.6751,21.03381,22.764502,17.196386,17.124025,17.733084,17.634598,21.038227,21.957373,21.044508,22.3962,16.708048,16.652548,0.0,0.0,4.0,0.0,0.0,0.0,0.0,0.0
20383,2023.0,5.0,22.0,13.0,21.050673,22.698002,18.355623,18.6648,21.035221,22.531305,21.061604,22.76972,17.984488,18.620325,17.703114,17.60705,21.037554,21.90653,21.04398,22.330774,16.716932,16.662716,4.0,4.0,0.0,4.0,0.0,0.0,0.0,0.0
20384,2023.0,5.0,22.0,13.0,21.049368,22.64436,20.232183,21.98639,21.064007,22.557135,21.06394,22.69815,20.26267,22.398048,17.676071,17.582165,21.029728,21.866306,21.043024,22.278694,16.725088,16.671917,0.0,0.0,0.0,0.0,0.0,0.0,0.0,0.0
20385,2023.0,5.0,22.0,13.0,21.048136,22.599968,18.822876,19.05396,21.0573,22.498648,21.062124,22.63528,18.552584,18.728086,17.65402,17.562473,21.030048,21.84553,21.042488,22.23755,16.732838,16.680832,0.0,0.0,0.0,0.0,0.0,0.0,0.0,0.0
20386,2023.0,5.0,22.0,13.0,21.045767,22.56124,18.057888,18.071419,21.020657,22.385921,21.050169,22.582268,17.714695,17.595373,17.633312,17.543173,20.997337,21.744314,21.03991,22.200441,16.740135,16.689505,0.0,4.0,0.0,0.0,0.0,4.0,0.0,0.0
20387,2023.0,5.0,22.0,13.0,21.051739,22.513187,17.875536,17.872496,21.072718,22.45699,21.107998,22.664812,17.611292,17.5317,17.613718,17.525463,21.072617,21.899546,21.08542,22.259102,16.746273,16.696894,0.0,4.0,0.0,0.0,0.0,0.0,0.0,0.0
20388,2023.0,5.0,22.0,14.0,21.063868,22.504774,17.754301,17.753693,21.110527,22.518013,21.104826,22.615273,17.558386,17.481873,17.594986,17.509176,21.069729,21.848513,21.08278,22.216618,16.751368,16.703394,0.0,0.0,0.0,0.0,0.0,0.0,0.0,0.0
20389,2023.0,5.0,22.0,14.0,19.756138,19.998753,17.665283,17.678118,20.243734,20.78831,20.286491,20.995092,18.237284,18.805202,17.577908,17.49618,20.178907,20.12002,19.988806,20.092712,16.755045,16.708181,0.0,4.0,4.0,4.0,0.0,0.0,0.0,0.0
20390,2023.0,5.0,22.0,14.0,19.201397,19.246496,17.593857,17.606176,19.355406,19.31913,19.416925,19.549036,20.257767,22.237442,17.561134,17.481817,19.907192,19.786375,19.513971,19.424458,16.757772,16.712713,0.0,0.0,0.0,0.0,0.0,0.0,0.0,0.0
20391,2023.0,5.0,22.0,14.0,18.937168,18.984303,17.521166,17.536966,18.895212,18.779696,19.441795,19.90899,18.666245,18.844013,17.542158,17.465874,19.780596,19.671494,19.27102,19.175573,16.757895,16.714659,0.0,0.0,4.0,0.0,0.0,0.0,0.0,0.0
20392,2023.0,5.0,22.0,14.0,18.86809,19.004215,17.930252,18.351618,18.702374,18.578876,18.866337,18.872498,18.059124,17.930984,17.524067,17.450026,19.68221,19.573399,19.121597,19.022924,16.755455,16.713924,4.0,0.0,0.0,0.0,0.0,0.0,0.0,0.0
20393,2023.0,5.0,22.0,14.0,18.764935,18.913052,20.247902,22.365795,18.635313,18.59994,19.17983,19.647194,17.953272,17.868713,17.507404,17.435863,19.59754,19.494263,19.000845,18.909077,16.752436,16.712248,0.0,0.0,4.0,0.0,0.0,0.0,0.0,0.0
20394,2023.0,5.0,22.0,15.0,19.34801,20.117193,19.117666,19.830805,18.530947,18.517351,18.723991,18.766172,18.575188,19.130682,17.49393,17.42439,19.512156,19.413229,18.880169,18.793468,16.749756,16.710482,4.0,0.0,0.0,4.0,0.0,0.0,0.0,0.0
20395,2023.0,5.0,22.0,15.0,18.807274,18.998318,20.209074,21.868155,18.435965,18.42636,18.417902,18.356401,20.212446,21.928417,17.488775,17.42274,19.451841,19.356024,18.79439,18.711153,16.749548,16.712303,0.0,0.0,0.0,0.0,0.0,0.0,0.0,0.0
20396,2023.0,5.0,22.0,15.0,18.449404,18.547663,18.865791,19.126076,19.007668,19.592596,18.25267,18.199564,18.803577,18.962069,17.487595,17.425047,19.392277,19.3021,18.708841,18.631443,16.750792,16.71538,0.0,4.0,0.0,0.0,0.0,0.0,0.0,0.0
20397,2023.0,5.0,22.0,15.0,19.072874,19.794212,18.244291,18.213308,19.194668,19.851763,18.201567,18.207777,18.253897,18.138245,17.489864,17.430386,19.348122,19.26031,18.645397,18.56999,16.753033,16.719114,0.0,4.0,0.0,0.0,0.0,0.0,0.0,0.0
20398,2023.0,5.0,22.0,15.0,19.201183,19.926481,18.573399,18.99634,19.128855,19.69116,18.131096,18.152313,18.144594,18.064253,17.49276,17.435875,19.309994,19.225542,18.59057,18.5187,16.756418,16.72364,4.0,4.0,0.0,0.0,0.0,0.0,0.0,0.0
20399,2023.0,5.0,22.0,15.0,19.240005,19.966099,20.214504,21.899927,19.128313,19.691935,18.742538,19.367716,18.063602,17.992598,17.496164,17.441359,19.279247,19.19861,19.569464,20.411312,16.760859,16.728846,0.0,4.0,4.0,0.0,0.0,0.0,4.0,0.0
20400,2023.0,5.0,22.0,16.0,19.287464,20.02837,19.319004,19.957853,19.139713,19.71066,18.982124,19.650255,18.702965,19.272839,17.502428,17.449024,19.24859,19.171011,19.002748,19.033606,17.715164,18.525484,4.0,4.0,4.0,4.0,0.0,0.0,0.0,4.0
20401,2023.0,5.0,22.0,16.0,19.306707,20.042385,20.171408,21.56323,19.146646,19.720387,18.936842,19.529058,20.192343,21.801676,17.902637,18.195143,19.994621,20.6075,19.677326,20.434225,20.297192,22.868727,0.0,4.0,4.0,0.0,4.0,4.0,4.0,0.0
20402,2023.0,5.0,22.0,16.0,19.335197,20.079117,19.008242,19.232525,19.154001,19.730104,18.929363,19.517092,19.46816,20.128036,20.229362,22.209795,19.625782,19.697552,19.11345,19.14703,18.328665,18.610453,0.0,4.0,4.0,4.0,0.0,0.0,0.0,0.0
20403,2023.0,5.0,22.0,16.0,19.35876,20.104061,18.334822,18.36098,19.16129,19.739824,18.384691,18.495325,20.144955,21.472345,18.876558,19.226868,20.045238,20.608866,18.723122,18.634737,18.359869,19.154612,0.0,4.0,0.0,0.0,0.0,4.0,0.0,4.0
20404,2023.0,5.0,22.0,16.0,19.375698,20.119062,18.160202,18.196302,19.1685,19.749447,18.074163,18.099522,19.014992,19.151821,18.078566,18.067179,19.589272,19.591621,18.603611,18.505024,20.243668,22.328913,0.0,4.0,0.0,0.0,0.0,0.0,0.0,0.0
20405,2023.0,5.0,22.0,16.0,19.391207,20.133982,18.046015,18.087814,19.175549,19.758873,18.610113,19.187443,18.39525,18.312183,17.924671,17.873968,19.290237,19.172913,18.538424,18.442797,18.566538,18.805075,0.0,4.0,4.0,0.0,0.0,0.0,0.0,0.0
20406,2023.0,5.0,22.0,17.0,18.808052,19.035444,18.403402,18.827135,19.182192,19.767979,18.208225,18.334867,18.276196,18.20445,18.2485,18.51602,19.952147,20.476282,19.559675,20.417562,17.965855,17.913439,4.0,4.0,0.0,0.0,4.0,4.0,4.0,0.0
20407,2023.0,5.0,22.0,17.0,19.239416,19.971432,20.215319,21.974161,18.630793,18.73906,17.98247,18.007385,18.926226,19.499807,20.202568,21.941513,20.174196,20.77172,18.911774,18.977497,17.798584,17.743496,4.0,0.0,0.0,4.0,4.0,4.0,0.0,0.0
20408,2023.0,5.0,22.0,17.0,18.786982,18.995733,20.004986,21.36539,18.950558,19.522385,18.5574,19.158712,20.125107,21.444279,20.020409,21.343756,19.554441,19.531149,18.522865,18.446068,17.664862,17.609758,4.0,4.0,4.0,4.0,0.0,0.0,0.0,0.0
20409,2023.0,5.0,22.0,17.0,18.481102,18.621017,20.032507,21.299114,19.102688,19.686306,18.182264,18.292358,20.03043,21.155672,19.218264,19.615196,20.009321,20.546577,18.428915,18.341097,17.560598,17.50761,4.0,4.0,0.0,0.0,4.0,4.0,0.0,0.0
20410,2023.0,5.0,22.0,17.0,19.076033,19.818432,20.028131,21.20755,19.115688,19.694748,17.899706,17.927141,19.000824,19.085476,20.15984,21.493822,19.558119,19.539831,18.377089,18.288818,17.475489,17.42462,4.0,4.0,0.0,0.0,0.0,0.0,0.0,0.0
20411,2023.0,5.0,22.0,17.0,19.273808,20.01359,20.045408,21.196775,19.127172,19.703033,17.810108,17.825945,18.457964,18.376553,19.06339,19.21423,19.270035,19.147614,18.36256,18.303278,18.32078,19.085566,0.0,4.0,0.0,0.0,0.0,0.0,0.0,4.0
20412,2023.0,5.0,22.0,18.0,19.313267,20.054712,19.058432,19.255972,18.58057,18.677591,17.773994,17.807846,18.31075,18.246017,18.83757,19.118635,19.179794,19.047329,18.339668,18.286102,20.237514,22.255487,0.0,0.0,0.0,0.0,4.0,0.0,0.0,0.0
20413,2023.0,5.0,22.0,18.0,21.244709,23.407223,18.44256,18.44115,21.273714,23.584145,21.295393,24.079168,18.214617,18.15085,20.1552,21.485617,21.246513,22.694231,21.511772,23.85108,18.56211,18.739958,0.0,4.0,0.0,0.0,0.0,4.0,0.0,0.0
20414,2023.0,5.0,22.0,18.0,21.030615,22.791838,18.709509,19.104904,21.024128,22.823725,21.007246,23.1172,18.12918,18.06689,19.127308,19.341301,21.02394,22.171356,21.005985,22.665434,17.773302,17.712831,4.0,0.0,0.0,0.0,0.0,0.0,0.0,0.0
20415,2023.0,5.0,22.0,18.0,21.028511,22.621689,20.170816,21.634308,21.035118,22.641052,21.035873,22.91395,18.055573,17.994406,18.488316,18.449474,21.010113,22.002167,21.049091,22.56279,17.61486,17.562035,4.0,4.0,4.0,0.0,0.0,4.0,0.0,0.0
20416,2023.0,5.0,22.0,18.0,21.02972,22.525623,20.009813,21.186865,21.034212,22.51803,21.056944,22.819632,18.76969,19.404379,18.301933,18.235722,21.042076,22.003767,21.042353,22.418192,18.517641,19.354961,4.0,4.0,0.0,4.0,0.0,0.0,0.0,4.0
20417,2023.0,5.0,22.0,18.0,21.028326,22.452808,20.030622,21.146816,21.058279,22.50021,21.059427,22.694231,20.174019,21.684822,18.196964,18.129772,21.036001,21.925566,21.002981,22.219147,20.210268,22.106483,4.0,0.0,0.0,0.0,0.0,0.0,4.0,0.0
20418,2023.0,5.0,22.0,19.0,21.054178,22.469917,20.045433,21.13445,21.027401,22.35007,21.032969,22.52658,19.453436,20.04147,18.110119,18.04441,21.036013,21.875952,21.055552,22.28026,18.593513,18.72776,0.0,4.0,4.0,4.0,0.0,0.0,0.0,0.0
20419,2023.0,5.0,22.0,19.0,21.021576,22.335716,19.020609,19.122484,21.057508,22.380283,21.037283,22.468643,20.117598,21.339222,18.032904,17.967808,21.028822,21.83791,21.045746,22.201189,17.823013,17.72926,0.0,0.0,4.0,4.0,0.0,0.0,0.0,0.0
20420,2023.0,5.0,22.0,19.0,21.054361,22.384607,18.818232,19.090725,21.05028,22.321577,21.035446,22.415379,20.000004,21.007044,18.363836,18.655643,21.029232,21.82016,21.045498,22.153673,17.616594,17.500257,4.0,0.0,4.0,4.0,4.0,0.0,0.0,0.0
20421,2023.0,5.0,22.0,19.0,21.22981,22.68092,20.192268,21.552109,21.216064,22.595655,21.201328,22.706568,20.018208,20.971054,20.232582,21.865496,21.16547,22.078278,21.235817,22.51142,18.536701,19.351915,0.0,4.0,4.0,4.0,0.0,0.0,0.0,4.0
20422,2023.0,5.0,22.0,19.0,21.05285,22.31588,19.321997,19.707165,21.056168,22.264475,21.060139,22.404068,20.046535,20.99992,18.990421,19.214989,21.029259,21.791105,20.999302,21.986858,20.203226,22.043282,4.0,0.0,0.0,0.0,0.0,0.0,4.0,0.0
20423,2023.0,5.0,22.0,19.0,21.047102,22.278957,20.159416,21.399424,21.025616,22.158318,21.055025,22.35819,18.993443,18.930658,18.26384,18.212904,21.029598,21.784399,21.055387,22.107002,19.268564,19.948107,4.0,4.0,0.0,0.0,0.0,0.0,0.0,4.0
20424,2023.0,5.0,22.0,20.0,21.047785,22.25671,20.013128,21.029873,21.031322,22.152067,21.030136,22.256668,18.409801,18.20312,18.465488,18.734083,20.99956,21.700655,21.045864,22.065968,20.188828,21.783907,4.0,4.0,4.0,0.0,4.0,4.0,0.0,0.0
20425,2023.0,5.0,22.0,20.0,21.037971,22.23588,20.050406,21.065699,21.03091,22.13591,21.035166,22.244305,18.190397,17.968536,20.206095,21.723976,21.013794,21.71628,21.047096,22.048136,18.643305,18.63356,0.0,4.0,4.0,0.0,4.0,4.0,0.0,0.0
20426,2023.0,5.0,22.0,20.0,21.01236,22.16009,19.284836,19.528837,21.031076,22.121403,21.060112,22.294355,18.161814,18.06178,20.013048,21.157993,21.043491,21.78541,21.04695,22.03032,18.820536,19.462694,4.0,4.0,0.0,0.0,4.0,0.0,0.0,4.0
20427,2023.0,5.0,22.0,20.0,21.311735,22.73938,20.15538,21.335167,21.056808,22.17757,21.029606,22.189346,18.099308,18.011917,20.05439,21.131796,21.30492,22.273075,21.038307,22.015972,20.18688,21.755352,0.0,0.0,4.0,0.0,0.0,4.0,0.0,0.0
20428,2023.0,5.0,22.0,20.0,21.025673,22.145643,19.293438,19.543047,21.051575,22.14578,21.060596,22.25276,18.005915,17.919481,19.155504,19.294554,21.043953,21.755316,21.039518,22.01758,19.346247,19.918575,4.0,0.0,0.0,0.0,4.0,0.0,0.0,4.0
20429,2023.0,5.0,22.0,20.0,21.214336,22.532324,20.160933,21.356287,21.211763,22.445147,21.250065,22.590202,18.685701,19.281147,20.248667,21.398478,21.266956,22.170876,21.289171,22.514526,20.272913,21.795885,0.0,0.0,4.0,4.0,0.0,4.0,0.0,0.0
20430,2023.0,5.0,22.0,21.0,21.048185,22.176947,19.271084,19.497683,21.039265,22.101288,21.060165,22.208317,20.179958,21.730072,18.917753,18.787504,21.044834,21.735056,21.038963,22.00383,18.67711,18.579391,4.0,0.0,0.0,0.0,0.0,0.0,0.0,0.0
20431,2023.0,5.0,22.0,21.0,21.244947,22.532902,20.166985,21.366922,21.214916,22.453972,21.18343,22.437395,18.653318,18.549643,18.357536,18.217224,21.15059,21.936636,21.253256,22.430378,17.925947,17.661741,0.0,0.0,0.0,0.0,0.0,0.0,0.0,0.0
20432,2023.0,5.0,22.0,21.0,21.027218,22.082592,18.921562,18.844604,21.040663,22.099274,21.055637,22.161526,18.617887,18.956865,18.22502,18.098349,21.040602,21.703087,21.039078,21.992859,17.684038,17.410137,0.0,0.0,0.0,4.0,0.0,0.0,0.0,0.0
20433,2023.0,5.0,22.0,21.0,21.054968,22.151955,18.81486,19.075912,21.041275,22.098364,21.042524,22.149178,20.243032,21.667128,18.082752,17.95608,21.029572,21.69567,21.039907,21.992155,17.679972,17.5678,4.0,0.0,0.0,0.0,0.0,0.0,0.0,0.0
20434,2023.0,5.0,22.0,21.0,21.189339,22.406239,20.155275,21.414663,21.04131,22.094591,21.044384,22.158844,18.700996,18.542452,17.951586,17.820827,21.174332,21.993214,21.039873,21.98874,18.589422,19.35468,4.0,0.0,0.0,0.0,0.0,0.0,0.0,4.0
20435,2023.0,5.0,22.0,21.0,21.049711,22.107735,20.038424,21.07799,21.04132,22.089674,21.04419,22.159801,18.662214,18.961388,17.831257,17.690592,21.030804,21.706795,21.039824,21.98466,20.2069,21.961056,0.0,0.0,0.0,4.0,0.0,0.0,0.0,0.0
20436,2023.0,5.0,22.0,22.0,21.009739,22.022648,19.142017,19.26105,21.041344,22.084068,21.018953,22.088142,20.23585,21.59409,17.727926,17.58389,21.03138,21.711025,20.99997,21.873419,18.438236,18.301786,4.0,0.0,4.0,0.0,0.0,0.0,4.0,0.0
20437,2023.0,5.0,22.0,22.0,21.192638,22.394224,20.185318,21.402916,21.225145,22.445782,21.21868,22.510887,19.229609,19.481508,17.936424,18.050995,21.181952,22.013393,21.227686,22.338017,17.625334,17.319544,0.0,0.0,0.0,4.0,4.0,0.0,0.0,0.0
20438,2023.0,5.0,22.0,22.0,21.049221,22.087517,18.832214,18.660471,21.040697,22.066185,21.058685,22.152403,20.344147,21.683369,20.333166,22.069761,21.031147,21.70772,21.049536,21.956398,17.59595,17.470001,0.0,0.0,0.0,0.0,0.0,0.0,0.0,0.0
20439,2023.0,5.0,22.0,22.0,21.050947,22.076296,18.294971,18.127527,21.041275,22.063251,21.057558,22.125454,19.300406,19.526543,18.833105,18.98787,21.03165,21.709202,21.051033,21.942657,17.543373,17.423065,0.0,0.0,0.0,4.0,0.0,0.0,0.0,0.0
20440,2023.0,5.0,22.0,22.0,21.035767,22.06322,18.632029,18.865131,21.041075,22.058348,21.042013,22.105598,20.210442,21.341896,18.293453,18.407627,21.03164,21.708536,21.038116,21.927782,17.446188,17.324318,4.0,0.0,0.0,0.0,4.0,0.0,0.0,0.0
20441,2023.0,5.0,22.0,22.0,21.21948,22.43925,20.201588,21.61105,21.21362,22.398756,21.210114,22.446577,18.778622,18.507807,20.310165,21.863636,21.171434,21.986706,21.253702,22.36393,17.361004,17.237661,0.0,0.0,0.0,0.0,0.0,0.0,0.0,0.0
20442,2023.0,5.0,22.0,23.0,21.037094,22.074835,19.04244,19.200073,21.040546,22.043402,21.043285,22.110014,18.293062,18.123615,18.89888,19.007189,21.031384,21.700842,21.03912,21.931236,17.284674,17.15898,0.0,0.0,0.0,0.0,0.0,0.0,0.0,0.0
20443,2023.0,5.0,22.0,23.0,20.097866,20.277107,18.32619,18.216038,20.024477,20.0903,19.962532,20.037588,18.190569,18.038166,18.119766,17.973642,20.206911,20.114365,20.006311,19.947636,17.220499,17.096292,0.0,0.0,0.0,0.0,0.0,0.0,0.0,0.0
20444,2023.0,5.0,22.0,23.0,19.634468,19.62438,18.13418,17.968004,19.482405,19.299091,19.39843,19.228083,18.076262,17.917171,18.253372,18.354473,19.877928,19.685148,19.581205,19.404861,17.16752,17.039755,0.0,0.0,0.0,0.0,4.0,0.0,0.0,0.0
20445,2023.0,5.0,22.0,23.0,19.44699,19.441002,18.030502,17.865435,19.275116,19.09126,19.177855,19.009064,17.975319,17.818508,17.933157,17.759659,19.733133,19.54013,19.388388,19.221067,17.119192,16.991684,0.0,0.0,0.0,0.0,0.0,0.0,0.0,0.0
20446,2023.0,5.0,22.0,23.0,19.288801,19.277046,17.932161,17.7606,19.102278,18.909891,18.992474,18.81513,17.879524,17.71927,17.769444,17.587324,19.604134,19.40684,19.220932,19.053572,17.07068,16.94104,0.0,0.0,0.0,0.0,0.0,0.0,0.0,0.0
20447,2023.0,5.0,22.0,23.0,19.160955,19.151577,17.850662,17.679846,18.96498,18.775473,18.845284,18.671274,17.794231,17.63417,17.669388,17.487823,19.4953,19.29853,19.07613,18.905626,17.025177,16.894915,0.0,0.0,0.0,0.0,0.0,0.0,0.0,0.0
20448,2023.0,5.0,23.0,0.0,19.056175,19.056417,17.782368,17.61842,18.852804,18.674314,18.725235,18.563122,18.307325,18.668318,17.583418,17.407604,19.402224,19.210222,18.954605,18.789925,16.983221,16.854172,0.0,0.0,0.0,4.0,0.0,0.0,0.0,0.0
20449,2023.0,5.0,23.0,0.0,18.955055,18.95626,18.182156,18.428465,18.743618,18.566336,18.608688,18.447922,17.853527,17.713781,17.499472,17.322916,19.313095,19.120405,18.84016,18.675236,16.940504,16.810358,4.0,0.0,0.0,0.0,0.0,0.0,0.0,0.0
20450,2023.0,5.0,23.0,0.0,18.861767,18.862068,17.870188,17.798054,18.642887,18.465307,18.501455,18.340382,17.679405,17.519623,17.42068,17.2423,19.23049,19.036074,18.734694,18.56831,16.898579,16.766836,0.0,0.0,0.0,0.0,0.0,0.0,0.0,0.0
20451,2023.0,5.0,23.0,0.0,18.773487,18.770254,17.671164,17.500511,18.546711,18.365091,18.399355,18.233963,17.596699,17.433699,17.345098,17.162514,19.152727,18.954899,18.636166,18.466625,16.85707,16.72291,0.0,0.0,0.0,0.0,0.0,0.0,0.0,0.0
20452,2023.0,5.0,23.0,0.0,18.701181,18.704138,17.601517,17.437227,18.469507,18.295887,18.317648,18.160685,17.527992,17.368584,17.282173,17.103613,19.087027,18.892359,18.552008,18.386438,17.551737,18.06451,0.0,0.0,0.0,0.0,0.0,0.0,0.0,4.0
20453,2023.0,5.0,23.0,0.0,18.628483,18.631737,17.535622,17.370277,18.391336,18.218567,18.23528,18.079058,17.462008,17.301561,17.218315,17.038881,19.022243,18.826702,18.469841,18.303753,17.045607,16.946106,0.0,0.0,0.0,0.0,0.0,0.0,0.0,0.0
20454,2023.0,5.0,23.0,1.0,18.55955,18.562193,17.47619,17.309635,18.31751,18.14474,18.157984,18.001495,17.400103,17.238188,17.455496,17.534166,18.961058,18.764118,18.392439,18.225203,17.38713,17.678036,0.0,0.0,0.0,0.0,4.0,0.0,0.0,4.0
20455,2023.0,5.0,23.0,1.0,18.496616,18.500587,17.423084,17.257399,18.250195,18.07941,18.087872,17.933115,17.34359,17.18175,17.22757,17.063736,18.904957,18.708084,18.321362,18.154589,16.783792,16.444248,0.0,0.0,0.0,0.0,0.0,0.0,0.0,0.0
20456,2023.0,5.0,23.0,1.0,18.432625,18.433153,17.36867,17.198803,18.18133,18.006859,18.016508,17.857523,17.286953,17.12172,17.099527,16.913948,18.848883,18.648752,18.25085,18.08081,16.58081,16.229603,0.0,0.0,0.0,0.0,0.0,0.0,0.0,0.0
20457,2023.0,5.0,23.0,1.0,18.37943,18.384123,17.32539,17.159971,18.125233,17.95643,17.958368,17.805048,17.826622,18.180801,17.04386,16.861826,18.801037,18.603014,18.18987,18.022427,16.496881,16.149788,0.0,0.0,0.0,4.0,0.0,0.0,0.0,0.0
20458,2023.0,5.0,23.0,1.0,18.325579,18.33073,17.280245,17.115274,18.067806,17.90021,17.898659,17.746498,17.400894,17.260443,16.988321,16.806097,18.75345,18.555115,18.129662,17.962172,16.612785,16.458113,0.0,0.0,0.0,0.0,0.0,0.0,0.0,0.0
20459,2023.0,5.0,23.0,1.0,18.27238,18.275812,17.235107,17.068796,18.010935,17.84245,17.839445,17.68633,17.598793,17.713276,16.93503,16.750835,18.70686,18.506952,18.070898,17.901926,16.618538,16.478132,0.0,0.0,0.0,4.0,0.0,0.0,0.0,0.0
20460,2023.0,5.0,23.0,2.0,18.224989,18.230251,17.194834,17.0305,17.96017,17.794542,17.786667,17.636492,17.094225,16.71393,16.88778,16.705004,18.664755,18.465767,18.017513,17.849884,16.589857,16.450195,0.0,0.0,0.0,0.0,0.0,0.0,0.0,0.0
20461,2023.0,5.0,23.0,2.0,18.17834,18.184273,17.633177,17.88808,17.910168,17.746054,17.734762,17.586073,16.89085,16.482765,16.841877,16.659517,18.623833,18.425186,17.965548,17.798424,16.558569,16.419132,4.0,0.0,0.0,0.0,0.0,0.0,0.0,0.0
20462,2023.0,5.0,23.0,2.0,18.132448,18.138462,17.336206,17.258472,17.86152,17.698267,17.684366,17.536469,17.039267,16.879488,16.797827,16.615423,18.584248,18.385567,17.915232,17.748138,16.526524,16.386986,0.0,0.0,0.0,0.0,0.0,0.0,0.0,0.0
20463,2023.0,5.0,23.0,2.0,18.086426,18.091314,17.165632,16.999643,17.812563,17.648136,17.633747,17.484533,17.02763,16.862179,16.7545,16.570713,18.545233,18.345667,17.865837,17.697903,16.49413,16.353832,0.0,0.0,0.0,0.0,0.0,0.0,0.0,0.0
20464,2023.0,5.0,23.0,2.0,18.04362,18.049307,17.109528,16.944084,17.767654,17.604628,17.587406,17.439552,16.988081,16.823057,16.714573,16.531403,18.508718,18.309614,17.819386,17.652046,16.463085,16.323032,0.0,0.0,0.0,0.0,0.0,0.0,0.0,0.0
20465,2023.0,5.0,23.0,2.0,18.00191,18.008247,17.062637,16.898348,17.724018,17.56229,17.542456,17.395857,16.949583,16.785017,16.67577,16.49319,18.47324,18.274591,17.774311,17.607553,16.432486,16.29268,0.0,0.0,0.0,0.0,0.0,0.0,0.0,0.0
20466,2023.0,5.0,23.0,3.0,17.962044,17.969797,17.022354,16.86091,17.682957,17.523895,17.500233,17.356298,16.912186,16.748865,16.95757,17.056395,18.439295,18.241737,17.731083,17.565552,16.402779,16.263718,0.0,0.0,0.0,0.0,4.0,0.0,0.0,0.0
20467,2023.0,5.0,23.0,3.0,17.922396,17.930857,16.98305,16.82275,17.641743,17.48407,17.457996,17.315409,16.875034,16.712292,16.710106,16.527666,18.405512,18.20838,17.68842,17.523565,16.372972,16.23416,0.0,0.0,0.0,0.0,0.0,0.0,0.0,0.0
20468,2023.0,5.0,23.0,3.0,17.880722,17.887133,16.941826,16.778774,17.597893,17.438147,17.413246,17.268417,16.836485,16.672262,16.617624,16.434555,18.370499,18.172012,17.644667,17.478584,16.341944,16.201952,0.0,0.0,0.0,0.0,0.0,0.0,0.0,0.0
20469,2023.0,5.0,23.0,3.0,17.841534,17.847677,16.9044,16.741314,17.557125,17.397655,17.371702,17.227064,16.800049,16.635756,16.57495,16.391977,18.337229,18.1386,17.602945,17.436909,16.312115,16.17191,0.0,0.0,0.0,0.0,0.0,0.0,0.0,0.0
20470,2023.0,5.0,23.0,3.0,17.812193,17.827291,16.867783,16.70467,17.517021,17.357769,17.330835,17.186356,16.76434,16.599972,16.533333,16.350388,18.304506,18.105734,17.56199,17.395998,16.282557,16.142149,0.0,0.0,0.0,0.0,0.0,0.0,0.0,0.0
20471,2023.0,5.0,23.0,3.0,17.78552,17.809818,16.83183,16.668673,17.477507,17.318415,17.290586,17.146225,16.72929,16.564848,16.494144,16.311157,18.272264,18.073353,17.521725,17.355774,16.253246,16.11264,0.0,0.0,0.0,0.0,0.0,0.0,0.0,0.0
20472,2023.0,5.0,23.0,4.0,17.752771,17.77856,17.282806,17.545187,17.441292,17.285076,17.253729,17.11226,17.284262,17.638416,16.458536,16.277765,18.24193,18.044353,17.483656,17.319319,16.225393,16.085829,4.0,0.0,0.0,4.0,0.0,0.0,0.0,0.0
20473,2023.0,5.0,23.0,4.0,17.715874,17.739416,16.994133,16.924881,17.401152,17.24331,17.212948,17.069841,16.873459,16.736557,16.420479,16.23809,18.209078,18.009895,17.443293,17.277685,16.195274,16.054285,0.0,0.0,0.0,0.0,0.0,0.0,0.0,0.0
20474,2023.0,5.0,23.0,4.0,17.678625,17.699493,17.308086,17.572485,17.360764,17.200968,17.171972,17.0269,17.319475,17.670155,16.680973,16.756176,18.17589,17.974958,17.402794,17.235806,16.164694,16.022175,4.0,0.0,0.0,4.0,4.0,0.0,0.0,0.0
20475,2023.0,5.0,23.0,4.0,17.641975,17.660667,16.721107,16.37431,17.321203,17.160059,17.131948,16.985493,16.656906,16.282602,16.47106,16.301046,18.143045,17.940828,17.362867,17.195026,16.856682,17.349672,0.0,0.0,0.0,0.0,0.0,0.0,0.0,4.0
20476,2023.0,5.0,23.0,4.0,17.604551,17.620155,16.389957,15.867562,17.280874,17.11739,17.091457,16.9425,16.997965,17.097122,16.654755,16.719496,18.109371,17.905169,17.322178,17.152685,16.369265,16.268503,0.0,0.0,0.0,4.0,4.0,0.0,0.0,0.0
20477,2023.0,5.0,23.0,4.0,17.567394,17.580269,16.565779,16.322989,17.241074,17.075466,17.051802,16.900476,16.524065,16.109394,16.440554,16.262178,18.075924,17.869925,17.28195,17.111029,16.00334,15.656436,0.0,0.0,0.0,0.0,0.0,0.0,0.0,0.0
20478,2023.0,5.0,23.0,5.0,17.53021,17.540308,16.614584,16.432476,17.201439,17.033686,17.012402,16.85871,16.323792,15.892041,16.329916,16.136873,18.042646,17.834848,17.242088,17.069736,16.569656,16.816835,0.0,0.0,0.0,0.0,0.0,0.0,0.0,4.0
20479,2023.0,5.0,23.0,5.0,17.496962,17.508562,17.048115,17.269941,17.166357,17.000786,16.977406,16.825735,16.477373,16.289068,16.287771,16.09799,18.7526,19.203331,18.209238,18.922777,16.05237,15.721403,4.0,0.0,0.0,0.0,0.0,4.0,4.0,0.0
20480,2023.0,5.0,23.0,5.0,17.46455,17.47789,16.816795,16.762909,17.132898,16.969582,16.943737,16.794302,16.498632,16.329554,16.248133,16.060505,18.275948,18.160326,17.3277,17.017164,16.581587,16.860807,0.0,0.0,0.0,0.0,0.0,0.0,0.0,4.0
20481,2023.0,5.0,23.0,5.0,17.432323,17.446913,16.632605,16.473345,17.820168,18.289911,16.910261,16.762669,16.467548,16.29936,16.21268,16.026583,17.832731,17.377262,17.01176,16.608124,16.052006,15.723539,0.0,4.0,0.0,0.0,0.0,0.0,0.0,0.0
20482,2023.0,5.0,23.0,5.0,17.40073,17.41671,16.571938,16.404158,17.396746,17.355997,16.877537,16.731918,16.438437,16.27198,16.180805,15.996605,17.689625,17.20973,16.918228,16.520523,15.85211,15.4971695,0.0,0.0,0.0,0.0,0.0,0.0,0.0,0.0
20483,2023.0,5.0,23.0,5.0,17.370138,17.388258,16.986712,17.21672,17.559141,17.701008,16.845833,16.703012,16.411171,16.247126,16.152643,15.971033,17.876457,17.660742,18.062511,18.766632,16.507536,16.799046,4.0,4.0,0.0,0.0,0.0,0.0,4.0,4.0
20484,2023.0,5.0,23.0,6.0,18.106068,18.800913,17.151306,17.448997,17.64393,17.8187,16.813545,16.672617,16.38521,16.222855,16.126766,15.947006,18.672165,19.152107,18.191236,18.719563,16.730598,17.06018,4.0,4.0,0.0,0.0,0.0,4.0,4.0,4.0
20485,2023.0,5.0,23.0,6.0,22.196203,25.633068,20.226961,22.723356,22.132267,25.464998,21.914974,25.568596,16.958035,17.322798,16.108767,15.935397,21.299065,23.59171,21.994026,25.223757,20.366165,23.34629,0.0,4.0,0.0,4.0,0.0,0.0,0.0,4.0
20486,2023.0,5.0,23.0,6.0,20.877216,22.837393,18.074535,18.105762,20.898449,22.831118,20.89914,23.21636,20.342716,23.044853,16.385765,16.467533,20.97806,22.623838,20.898699,22.783224,20.034588,22.289787,0.0,4.0,0.0,4.0,4.0,4.0,4.0,0.0
20487,2023.0,5.0,23.0,6.0,21.086733,23.035616,17.21412,17.156115,21.089006,22.986256,21.098278,23.327438,20.890516,23.29915,20.476002,23.266684,21.077583,22.61136,21.064867,22.876583,17.782822,17.657223,4.0,4.0,0.0,4.0,4.0,0.0,4.0,0.0
20488,2023.0,5.0,23.0,6.0,21.152107,23.020008,20.264688,22.600653,21.150827,22.95816,21.14774,23.233406,19.899391,21.305235,20.005419,22.123236,21.121918,22.514704,21.18008,22.973211,16.770523,16.417284,4.0,4.0,0.0,0.0,0.0,4.0,0.0,0.0
20489,2023.0,5.0,23.0,6.0,21.050411,22.70764,20.019356,21.782103,21.055916,22.65575,21.041262,22.864414,18.227205,18.007967,18.266989,18.481714,21.035498,22.22498,21.06917,22.622326,16.741743,16.597828,4.0,4.0,4.0,0.0,0.0,4.0,0.0,0.0
20490,2023.0,5.0,23.0,7.0,21.07301,22.696014,20.076208,21.702112,21.050892,22.566486,21.066929,22.844402,17.390272,16.97942,17.62574,17.773066,21.030628,22.132519,21.064226,22.517534,16.701292,16.57832,0.0,4.0,0.0,0.0,4.0,4.0,0.0,0.0
20491,2023.0,5.0,23.0,7.0,21.041538,22.550533,18.349117,18.24286,21.077034,22.57729,21.054325,22.694773,18.151323,18.662966,20.301859,22.437605,21.031399,22.070745,21.027285,22.344013,16.623394,16.511898,0.0,0.0,4.0,4.0,4.0,4.0,4.0,0.0
20492,2023.0,5.0,23.0,7.0,21.07202,22.587465,18.06301,18.306944,21.044943,22.44148,21.08009,22.693373,20.26674,22.18691,20.020798,21.630537,21.029392,22.017944,21.03242,22.308172,17.574581,18.382479,4.0,4.0,0.0,0.0,4.0,4.0,4.0,4.0
20493,2023.0,5.0,23.0,7.0,21.06451,22.533169,20.26046,22.18149,21.04908,22.41342,21.048286,22.551235,18.358067,18.231218,20.05927,21.51372,21.057762,22.053995,21.070084,22.376503,20.318903,22.916637,0.0,4.0,4.0,0.0,4.0,0.0,0.0,0.0
20494,2023.0,5.0,23.0,7.0,21.037542,22.42841,19.042738,19.580627,21.047253,22.382797,21.076979,22.585798,17.430794,17.075619,20.066553,21.402967,21.021343,21.922604,21.061178,22.321243,18.63293,19.196297,4.0,4.0,0.0,0.0,0.0,4.0,0.0,4.0
20495,2023.0,5.0,23.0,7.0,21.0418,22.419586,20.2428,21.983767,21.071245,22.42848,21.069883,22.533703,17.405521,17.249008,18.543821,18.376513,21.025566,21.905752,21.06065,22.286787,20.30746,22.517675,0.0,0.0,0.0,0.0,0.0,4.0,0.0,0.0
20496,2023.0,5.0,23.0,8.0,21.067223,22.478037,18.55649,18.549606,21.039967,22.322819,21.069159,22.500992,17.373468,17.244574,17.890139,17.708391,21.023972,21.881994,21.059217,22.25587,18.20073,18.157703,0.0,4.0,0.0,0.0,0.0,4.0,0.0,0.0
20497,2023.0,5.0,23.0,8.0,20.09916,20.575645,17.559011,17.228035,19.996237,20.309875,19.708357,19.891193,18.01729,18.536736,17.747355,17.588589,19.80703,19.554209,19.80497,19.840355,17.231236,16.966093,0.0,4.0,0.0,4.0,0.0,0.0,0.0,0.0
20498,2023.0,5.0,23.0,8.0,19.1418,19.00748,17.520699,17.358799,19.00467,18.692352,19.041115,18.956623,20.28584,22.396244,17.632921,17.477432,19.326694,18.900827,19.278334,19.133032,17.026896,16.74588,0.0,0.0,0.0,0.0,0.0,0.0,0.0,0.0
20499,2023.0,5.0,23.0,8.0,18.656986,18.459703,17.469223,17.368418,18.494698,18.109465,18.702747,18.607803,18.385672,18.38032,17.51265,17.365408,19.114307,18.700441,19.000765,18.855574,17.018007,16.888308,0.0,0.0,0.0,0.0,0.0,0.0,0.0,0.0
20500,2023.0,5.0,23.0,8.0,18.450022,18.2529,17.848068,18.167572,18.274746,17.889437,18.49322,18.389372,17.66393,17.334648,17.42429,17.276688,18.981756,18.576813,18.821718,18.6725,16.978683,16.872463,4.0,0.0,0.0,0.0,0.0,0.0,0.0,0.0
20501,2023.0,5.0,23.0,8.0,18.490484,18.509169,20.247438,22.348192,18.99285,19.426727,18.326887,18.23466,17.640497,17.479485,17.348734,17.20649,19.070118,18.876282,18.678026,18.538662,16.911541,16.811855,4.0,4.0,0.0,0.0,0.0,0.0,0.0,0.0
20502,2023.0,5.0,23.0,9.0,18.430077,18.493595,20.032501,21.679253,18.470203,18.309628,18.153885,18.067497,17.575966,17.444223,17.272243,17.133415,19.063684,18.90846,18.531448,18.396637,16.837223,16.74015,0.0,0.0,0.0,0.0,0.0,0.0,0.0,0.0
20503,2023.0,5.0,23.0,9.0,18.328531,18.41227,18.476831,18.536955,18.636559,18.896109,18.006725,17.928423,17.480162,17.356138,17.211935,17.07849,18.998072,18.851404,18.407164,18.278334,16.772976,16.67879,0.0,4.0,0.0,0.0,0.0,0.0,0.0,0.0
20504,2023.0,5.0,23.0,9.0,18.23672,18.320408,18.179712,18.272903,18.735819,19.072424,17.893314,17.812386,17.407602,17.281612,17.170647,17.03696,18.942781,18.796303,18.312832,18.181608,16.724794,16.628864,4.0,4.0,0.0,0.0,0.0,0.0,0.0,0.0
20505,2023.0,5.0,23.0,9.0,18.15971,18.25457,20.22008,22.009392,18.114931,17.935877,17.801697,17.733871,17.35092,17.2313,17.53175,17.748844,18.89801,18.757439,18.23745,18.114355,16.686445,16.594368,0.0,0.0,0.0,0.0,4.0,0.0,0.0,0.0
20506,2023.0,5.0,23.0,9.0,18.067438,18.160748,18.610674,18.688728,17.760777,17.494608,17.702206,17.64186,17.292095,17.175707,20.296171,22.447819,18.851236,18.713707,18.157871,18.038443,16.64592,16.555141,0.0,0.0,0.0,0.0,0.0,0.0,0.0,0.0
20507,2023.0,5.0,23.0,9.0,17.999428,18.108055,17.84086,17.791704,17.626846,17.366463,17.613317,17.558168,17.241776,17.127214,18.709612,19.039099,18.810822,18.675247,18.08766,17.97042,16.611296,16.521124,0.0,0.0,0.0,0.0,0.0,0.0,0.0,0.0
20508,2023.0,5.0,23.0,10.0,17.939117,18.049782,17.686369,17.623652,17.708864,17.624601,17.54263,17.487495,17.205675,17.089474,17.939224,17.797237,18.780972,18.64459,18.033772,17.914682,16.586609,16.494793,0.0,0.0,0.0,0.0,0.0,0.0,0.0,0.0
20509,2023.0,5.0,23.0,10.0,17.887577,18.006746,18.049793,18.410126,17.68136,17.619627,17.484058,17.438147,17.179386,17.066023,17.7909,17.643686,18.75923,18.625757,17.991043,17.875643,16.569044,16.478668,4.0,0.0,0.0,0.0,0.0,0.0,0.0,0.0
20510,2023.0,5.0,23.0,10.0,17.840296,17.966982,20.248419,22.262339,17.634356,17.582937,17.430456,17.3929,17.159246,17.04753,17.694454,17.547367,18.742577,18.611057,17.95507,17.842318,16.556158,16.466448,0.0,0.0,0.0,0.0,0.0,0.0,0.0,0.0
20511,2023.0,5.0,23.0,10.0,17.790283,17.923624,18.78757,19.17204,17.580667,17.537504,17.373344,17.343342,17.141565,17.030737,17.615887,17.47204,18.727867,18.59751,17.919378,17.808031,16.54486,16.455101,0.0,0.0,0.0,0.0,0.0,0.0,0.0,0.0
20512,2023.0,5.0,23.0,10.0,17.74949,17.887852,18.489649,18.86331,17.536,17.499008,17.32703,17.302685,17.133287,17.022055,17.945742,18.12808,18.72036,18.590118,18.955738,19.788511,16.539907,16.449198,4.0,0.0,0.0,0.0,4.0,0.0,4.0,0.0
20513,2023.0,5.0,23.0,10.0,18.453218,19.249126,20.2174,21.968685,18.188122,18.765158,17.283918,17.266327,17.129215,17.017605,20.207712,22.101654,18.716394,18.586182,18.248829,18.214245,16.538357,16.446592,0.0,4.0,0.0,0.0,0.0,0.0,0.0,0.0
20514,2023.0,5.0,23.0,11.0,18.097214,18.365734,18.731169,18.915462,18.477884,19.116716,17.939518,18.539928,17.128859,17.0164,18.875603,19.187607,19.49265,20.057896,17.841946,17.652134,16.53941,16.446241,0.0,4.0,4.0,0.0,0.0,4.0,0.0,0.0
20515,2023.0,5.0,23.0,11.0,17.746721,17.798725,18.01703,17.853806,18.391497,18.891867,17.531776,17.638687,17.134214,17.019539,18.21697,18.097094,19.07225,19.099722,17.773912,17.567963,16.544432,16.44876,0.0,4.0,0.0,0.0,0.0,0.0,0.0,0.0
20516,2023.0,5.0,23.0,11.0,18.366976,19.048246,18.36967,18.712723,18.391945,18.8896,17.229902,17.150915,17.14168,17.024654,18.071901,17.920727,18.763329,18.527056,17.75369,17.550701,16.552286,16.454035,4.0,4.0,0.0,0.0,0.0,0.0,0.0,0.0
20517,2023.0,5.0,23.0,11.0,17.895105,18.055517,20.232084,22.0208,17.84045,17.854557,17.13665,17.048994,17.151255,17.031744,17.994232,17.835981,18.690434,18.431484,17.812141,17.682636,16.562204,16.461294,0.0,0.0,0.0,0.0,0.0,0.0,0.0,0.0
20518,2023.0,5.0,23.0,11.0,17.60718,17.688442,18.913866,19.278345,17.520296,17.437077,17.144821,17.1328,17.162296,17.04045,18.297573,18.457037,18.670137,18.413923,17.83734,17.717495,16.573132,16.469904,0.0,0.0,0.0,0.0,4.0,0.0,0.0,0.0
20519,2023.0,5.0,23.0,11.0,17.536999,17.61056,18.675526,19.067923,17.42784,17.33975,17.13161,17.139317,17.172997,17.049963,20.205908,21.811386,18.755152,18.595001,17.836733,17.717497,16.582918,16.47837,4.0,0.0,0.0,0.0,0.0,0.0,0.0,0.0
20520,2023.0,5.0,23.0,12.0,17.563993,17.721,20.19943,21.780716,17.367416,17.29247,17.098959,17.111881,17.181652,17.058952,19.0513,19.319489,18.79502,18.652145,17.830173,17.711575,16.590736,16.486061,4.0,0.0,0.0,0.0,0.0,0.0,0.0,0.0
20521,2023.0,5.0,23.0,12.0,21.340992,24.357018,20.033157,21.362408,21.290152,24.288275,21.274765,24.521902,17.18561,17.062996,18.292,18.182842,21.323273,23.091877,21.514297,24.12819,16.59396,16.489058,0.0,0.0,0.0,0.0,0.0,0.0,0.0,0.0
20522,2023.0,5.0,23.0,12.0,21.003422,23.311787,19.142084,19.56254,21.006136,23.300474,21.007158,23.51554,17.188337,17.06627,18.097946,17.947218,21.012177,22.345257,21.003193,22.903355,16.59499,16.490433,4.0,0.0,0.0,0.0,0.0,0.0,0.0,0.0
20523,2023.0,5.0,23.0,12.0,21.177925,23.420116,20.186275,21.649006,21.17712,23.377783,21.174196,23.5525,17.189562,17.069923,18.018677,17.866219,21.16363,22.49621,21.218555,23.110302,16.59633,16.49381,4.0,0.0,0.0,0.0,0.0,0.0,0.0,0.0
20524,2023.0,5.0,23.0,12.0,21.023617,22.928036,20.006304,21.21669,21.05179,22.948166,21.055761,23.11568,17.189154,17.072927,17.951809,17.79978,21.031176,22.12071,21.043434,22.60042,16.59812,16.49889,4.0,0.0,0.0,0.0,0.0,0.0,0.0,0.0
20525,2023.0,5.0,23.0,12.0,21.136791,23.04845,20.100891,21.375134,21.127113,22.965431,21.138098,23.130047,17.18685,17.074469,17.897,17.748955,21.074432,22.126865,21.106567,22.612629,16.599064,16.503504,0.0,0.0,0.0,0.0,0.0,0.0,0.0,0.0
20526,2023.0,5.0,23.0,13.0,21.050306,22.7757,18.94138,19.087214,21.02148,22.651382,21.049204,22.858898,17.183134,17.074696,17.853786,17.71492,21.027525,21.979166,21.037739,22.398829,16.598911,16.506983,0.0,4.0,0.0,0.0,0.0,0.0,0.0,0.0
20527,2023.0,5.0,23.0,13.0,21.03114,22.648588,18.651136,18.952633,21.059679,22.68776,21.031446,22.732622,17.1782,17.074202,17.807037,17.671495,21.030668,21.945282,21.043339,22.35312,16.598705,16.511162,4.0,0.0,4.0,0.0,0.0,0.0,0.0,0.0
20528,2023.0,5.0,23.0,13.0,21.14913,22.855917,20.18117,21.724857,21.146538,22.792223,21.149153,22.91803,17.172348,17.072803,17.767355,17.638792,21.147919,22.148739,21.204575,22.631361,16.59755,16.514042,4.0,0.0,0.0,0.0,0.0,0.0,0.0,0.0
20529,2023.0,5.0,23.0,13.0,21.0545,22.62067,20.004496,21.255495,21.057304,22.557566,21.060595,22.681894,17.165985,17.07059,17.727789,17.603207,21.02976,21.884592,21.042215,22.26659,16.595865,16.516457,4.0,0.0,0.0,0.0,0.0,0.0,0.0,0.0
20530,2023.0,5.0,23.0,13.0,21.069464,22.586172,20.072273,21.318365,21.104317,22.622814,21.113163,22.75414,17.1596,17.068287,17.694162,17.574644,21.062601,21.932001,21.08921,22.336102,16.593523,16.517899,4.0,0.0,0.0,0.0,0.0,0.0,0.0,0.0
20531,2023.0,5.0,23.0,13.0,21.055391,22.561735,20.04477,21.22808,21.01755,22.407204,21.021206,22.52523,17.154175,17.06663,17.667486,17.5545,21.025444,21.839487,21.035341,22.202276,17.612307,18.453897,0.0,4.0,4.0,0.0,0.0,0.0,0.0,4.0
20532,2023.0,5.0,23.0,14.0,21.027857,22.463629,19.283037,19.712067,21.038622,22.42011,21.042946,22.535786,17.149813,17.06534,18.02081,18.243195,21.029306,21.833313,21.042156,22.196936,20.303738,22.882141,4.0,4.0,4.0,0.0,4.0,0.0,0.0,0.0
20533,2023.0,5.0,23.0,14.0,20.245651,20.948673,20.178522,21.534851,20.170088,20.732244,19.579327,19.7298,17.146788,17.064806,20.246374,22.075954,20.263828,20.34583,19.950165,20.076199,18.256847,18.50211,0.0,4.0,0.0,0.0,0.0,0.0,0.0,0.0
20534,2023.0,5.0,23.0,14.0,19.308609,19.477077,19.014585,19.205053,19.205404,19.242119,18.751808,18.693657,17.144604,17.064402,18.939146,19.26101,19.819168,19.730738,19.296661,19.205847,17.313583,17.252686,0.0,0.0,0.0,0.0,0.0,0.0,0.0,0.0
20535,2023.0,5.0,23.0,14.0,18.934786,18.989496,18.990023,19.409296,18.79742,18.685959,18.50201,18.410276,17.14337,17.064356,18.299536,18.212255,19.679367,19.563843,19.097744,18.986862,17.169851,17.09453,4.0,0.0,0.0,0.0,0.0,0.0,0.0,0.0
20536,2023.0,5.0,23.0,14.0,18.760246,18.82844,20.165762,21.541233,18.610975,18.509438,18.414103,18.406054,17.900875,18.494698,18.162796,18.056816,19.596472,19.484314,18.97438,18.870764,17.10528,17.032455,0.0,0.0,0.0,4.0,0.0,0.0,0.0,0.0
20537,2023.0,5.0,23.0,14.0,18.599585,18.680035,19.114153,19.418541,18.441357,18.353064,18.960775,19.561062,20.236097,22.433304,18.068136,17.961924,19.51249,19.402935,18.8475,18.74779,17.041002,16.96929,0.0,0.0,4.0,0.0,0.0,0.0,0.0,0.0
20538,2023.0,5.0,23.0,15.0,19.24544,20.025368,18.433561,18.499046,19.035131,19.608145,19.054031,19.614273,18.549107,18.793232,17.997837,17.89222,20.193361,20.761244,18.73669,18.638872,16.987787,16.916355,0.0,4.0,4.0,0.0,0.0,4.0,0.0,0.0
20539,2023.0,5.0,23.0,15.0,19.293419,19.993742,18.22502,18.234718,19.224527,19.88426,19.01161,19.560139,17.880623,17.752232,17.946077,17.836918,20.471384,21.177925,18.653458,18.551931,16.951082,16.877413,0.0,4.0,4.0,0.0,0.0,4.0,0.0,0.0
20540,2023.0,5.0,23.0,15.0,19.294874,19.999323,18.559612,18.966805,19.133821,19.689358,18.414139,18.471073,17.78286,17.691828,18.282812,18.50875,19.712498,19.675655,18.585268,18.489159,16.922142,16.850868,4.0,4.0,0.0,0.0,4.0,0.0,0.0,0.0
20541,2023.0,5.0,23.0,15.0,19.307356,20.019585,20.213009,21.878939,18.55094,18.621418,18.133766,18.096384,17.706034,17.618761,20.200665,21.882534,19.421015,19.233065,18.523542,18.43045,16.896353,16.826427,0.0,0.0,0.0,0.0,0.0,0.0,0.0,0.0
20542,2023.0,5.0,23.0,15.0,19.315306,20.033401,19.239454,19.769266,18.195341,18.15604,18.626032,19.146963,17.633894,17.548473,19.019823,19.322945,19.300613,19.10606,18.458475,18.3683,16.868788,16.80047,4.0,0.0,4.0,0.0,0.0,0.0,0.0,0.0
20543,2023.0,5.0,23.0,15.0,18.71131,18.906439,20.143375,21.50219,18.725203,19.23808,18.19762,18.279274,17.585518,17.499752,18.427446,18.352055,19.235958,19.042894,18.407282,18.31823,16.847961,16.780367,4.0,4.0,0.0,0.0,0.0,0.0,0.0,0.0
20544,2023.0,5.0,23.0,16.0,18.381699,18.496948,20.014645,21.168564,18.928648,19.49075,17.874945,17.858103,18.299002,18.891367,18.63056,18.87406,19.250982,19.136208,18.354713,18.267897,16.825808,16.759523,4.0,4.0,0.0,4.0,4.0,0.0,0.0,0.0
20545,2023.0,5.0,23.0,16.0,18.951904,19.66554,20.048607,21.19687,18.38351,18.464798,17.76494,17.742945,20.22735,22.141079,20.173641,21.5893,20.012224,20.607174,18.308384,18.224403,16.806108,16.741299,0.0,0.0,0.0,0.0,0.0,4.0,0.0,0.0
20546,2023.0,5.0,23.0,16.0,18.56688,18.787281,19.367714,19.824194,18.696505,19.229717,18.418255,19.039993,18.71274,18.92036,19.038517,19.197437,19.566484,19.558796,18.266127,18.184223,16.788658,16.72509,4.0,4.0,4.0,0.0,0.0,0.0,0.0,0.0
20547,2023.0,5.0,23.0,16.0,18.322922,18.444038,20.13712,21.33392,18.834122,19.411003,17.980469,18.086721,18.11677,18.00512,18.49522,18.341843,19.286964,19.116808,18.232685,18.152082,16.775812,16.713144,0.0,4.0,0.0,0.0,0.0,0.0,0.0,0.0
20548,2023.0,5.0,23.0,16.0,18.219685,18.341557,19.40956,19.84695,18.28127,18.355803,17.66854,17.674229,17.964273,17.877737,18.361712,18.24995,19.188519,19.012953,18.19916,18.1207,16.762733,16.701384,4.0,0.0,0.0,0.0,0.0,0.0,0.0,0.0
20549,2023.0,5.0,23.0,16.0,18.207493,18.38336,20.1236,21.223019,18.70312,19.257732,17.595781,17.59222,17.883808,17.799187,18.29547,18.191141,19.205383,19.100204,18.172009,18.095346,16.75237,16.692211,4.0,4.0,0.0,0.0,0.0,0.0,0.0,0.0
20550,2023.0,5.0,23.0,17.0,18.91506,19.756258,20.01361,20.991304,18.29811,18.382757,18.283133,18.93637,17.805445,17.724241,18.220675,18.121468,19.19215,19.099237,18.14399,18.069796,17.702158,18.49792,4.0,0.0,4.0,0.0,0.0,0.0,0.0,4.0
20551,2023.0,5.0,23.0,17.0,19.066805,19.817266,20.026964,21.00463,18.632109,19.183788,18.486174,19.096281,17.739038,17.660265,18.153782,18.057896,19.160185,19.070732,18.116247,18.043928,20.284573,22.772945,4.0,4.0,4.0,0.0,0.0,0.0,0.0,0.0
20552,2023.0,5.0,23.0,17.0,18.477144,18.697517,20.042894,21.039238,18.253782,18.350945,18.508099,19.105917,17.682962,17.606274,18.483627,18.733095,19.128542,19.041298,18.089695,18.019121,18.353807,18.642021,0.0,0.0,4.0,0.0,4.0,0.0,0.0,0.0
20553,2023.0,5.0,23.0,17.0,18.866589,19.604414,19.46058,19.886719,18.586657,19.142044,18.549706,19.145166,17.635077,17.561203,20.168886,21.646158,19.870487,20.477777,18.063925,17.995188,17.41548,17.371267,4.0,4.0,4.0,0.0,4.0,4.0,0.0,0.0
20554,2023.0,5.0,23.0,17.0,18.430073,18.62684,20.144419,21.289457,18.778719,19.361486,17.993093,18.076067,18.35716,18.964972,20.022362,21.17747,20.10454,20.700943,18.039036,17.971972,17.233345,17.174002,0.0,4.0,0.0,4.0,0.0,4.0,0.0,0.0
20555,2023.0,5.0,23.0,17.0,18.15935,18.302576,19.161797,19.335747,18.808086,19.387411,17.7071,17.717752,20.232887,22.078377,19.031572,19.149174,19.471945,19.462923,18.016062,17.95147,17.153677,17.09659,0.0,4.0,0.0,0.0,0.0,0.0,0.0,0.0
20556,2023.0,5.0,23.0,18.0,18.777536,19.524576,19.045773,19.461746,18.834585,19.412642,18.267588,18.840164,19.324905,20.00994,18.43342,18.322535,19.146433,19.00266,17.993755,17.931536,17.087704,17.032072,4.0,4.0,4.0,4.0,0.0,0.0,0.0,0.0
20557,2023.0,5.0,23.0,18.0,21.277409,23.807522,20.129751,21.379604,21.280697,23.66575,21.290977,24.036587,20.148243,21.566654,18.327082,18.23811,21.281315,22.799557,21.498623,24.049215,18.0387,18.875628,4.0,4.0,0.0,0.0,0.0,0.0,0.0,4.0
20558,2023.0,5.0,23.0,18.0,20.9972,22.926603,20.029062,21.107386,21.02926,22.922049,20.998672,23.083075,18.893532,19.00937,18.250172,18.168497,20.990173,22.105757,20.969383,22.762812,20.270395,22.552988,0.0,0.0,4.0,0.0,0.0,4.0,4.0,0.0
20559,2023.0,5.0,23.0,18.0,21.039265,22.818071,19.405535,19.835472,21.062834,22.8063,21.049679,22.958242,18.214235,18.103708,18.543844,18.792408,21.01622,22.044527,21.028786,22.657738,18.415625,18.630095,4.0,0.0,4.0,0.0,4.0,4.0,4.0,0.0
20560,2023.0,5.0,23.0,18.0,21.032389,22.6774,20.13095,21.286139,21.05669,22.664543,21.04163,22.790293,18.067259,17.991852,20.163992,21.611223,21.012238,21.958212,21.019907,22.490667,17.535448,17.461826,4.0,0.0,4.0,0.0,4.0,4.0,4.0,0.0
20561,2023.0,5.0,23.0,18.0,21.029127,22.580986,20.023125,21.03262,21.027098,22.492691,21.063227,22.744377,17.978422,17.90667,20.015524,21.147726,21.041521,21.978182,21.057306,22.486092,17.343637,17.255802,0.0,4.0,0.0,0.0,0.0,0.0,0.0,0.0
20562,2023.0,5.0,23.0,19.0,21.057589,22.589836,19.423666,19.825626,21.036026,22.445717,21.059011,22.648903,18.661903,19.274818,18.99187,19.064236,21.035694,21.914734,21.049221,22.38142,17.281189,17.226423,4.0,4.0,0.0,4.0,0.0,0.0,0.0,0.0
20563,2023.0,5.0,23.0,19.0,21.024012,22.44421,20.146505,21.290684,21.058592,22.461653,21.058132,22.57909,20.191126,21.794666,18.38801,18.24482,21.005632,21.796131,21.04894,22.31162,17.220537,17.170591,0.0,0.0,0.0,0.0,0.0,4.0,0.0,0.0
20564,2023.0,5.0,23.0,19.0,21.029022,22.411741,19.132267,19.261715,21.052916,22.405334,21.032541,22.455618,18.818092,18.925058,18.273571,18.1883,21.010328,21.783686,21.04803,22.256536,17.162382,17.11539,0.0,0.0,4.0,0.0,0.0,4.0,0.0,0.0
20565,2023.0,5.0,23.0,19.0,21.027807,22.375603,19.055826,19.47518,21.0269,22.295782,21.061787,22.496931,18.847996,19.38283,18.210012,18.13874,21.009542,21.766727,21.007082,22.106682,17.110813,17.06556,4.0,4.0,0.0,4.0,0.0,4.0,4.0,0.0
20566,2023.0,5.0,23.0,19.0,21.027468,22.347265,20.148012,21.399654,21.03215,22.28034,21.030558,22.380701,20.182312,21.64603,18.129753,18.062302,21.009844,21.755281,21.015032,22.100733,17.067068,17.025417,0.0,4.0,4.0,0.0,0.0,4.0,4.0,0.0
20567,2023.0,5.0,23.0,19.0,21.053461,22.394085,19.06415,19.194939,21.05638,22.327173,21.03586,22.367184,18.869198,18.936905,18.05569,17.99292,21.00993,21.745626,21.014275,22.084486,17.027208,16.98871,0.0,0.0,4.0,0.0,0.0,4.0,4.0,0.0
20568,2023.0,5.0,23.0,20.0,21.019922,22.27912,18.390043,18.280527,21.024942,22.219929,21.059961,22.41471,18.917898,19.436102,18.382587,18.67308,21.040451,21.817404,21.054964,22.181093,16.989674,16.953712,0.0,4.0,0.0,4.0,4.0,0.0,0.0,0.0
20569,2023.0,5.0,23.0,20.0,21.24683,22.712519,18.29481,18.268711,21.233877,22.619871,21.18232,22.633755,20.237944,21.699457,20.248892,21.859314,21.26613,22.235247,21.228727,22.507778,16.952675,16.918427,0.0,4.0,0.0,0.0,0.0,4.0,0.0,0.0
20570,2023.0,5.0,23.0,20.0,21.02549,22.246222,18.658932,19.027842,21.030378,22.19156,21.054731,22.349176,18.860056,18.880655,19.014526,19.26129,21.041107,21.79268,21.04706,22.119072,16.914503,16.880814,4.0,4.0,0.0,0.0,0.0,0.0,0.0,0.0
20571,2023.0,5.0,23.0,20.0,21.280563,22.74192,20.174917,21.631279,21.031254,22.179705,21.019669,22.257977,18.167358,17.99751,18.277802,18.237598,21.177952,22.056068,21.047705,22.104269,16.877546,16.844595,4.0,4.0,4.0,0.0,0.0,0.0,0.0,0.0
20572,2023.0,5.0,23.0,20.0,21.026989,22.210432,20.00181,21.134384,21.03058,22.164598,21.062674,22.342098,18.06544,17.995424,18.078762,18.007824,21.037024,21.759277,21.047089,22.089205,16.840069,16.806177,4.0,4.0,0.0,0.0,0.0,0.0,0.0,0.0
20573,2023.0,5.0,23.0,20.0,21.099522,22.377068,20.09956,21.244932,21.104242,22.319326,21.110321,22.405876,17.97588,17.906496,17.964888,17.888758,21.023232,21.701538,21.08054,22.157509,16.804716,16.770657,0.0,0.0,0.0,0.0,0.0,4.0,0.0,0.0
20574,2023.0,5.0,23.0,21.0,21.014412,22.15284,19.279627,19.551773,21.044363,22.170546,21.036514,22.262802,17.880854,17.817564,18.257942,18.52287,21.042149,21.764122,21.034859,22.066755,16.76872,16.730677,4.0,0.0,0.0,0.0,4.0,0.0,0.0,0.0
20575,2023.0,5.0,23.0,21.0,21.161295,22.455431,20.139462,21.320372,21.198677,22.44053,21.021332,22.211126,17.787306,17.724037,20.24252,21.915142,21.13024,21.932774,21.041252,22.080124,16.730919,16.688114,4.0,4.0,4.0,0.0,0.0,0.0,0.0,0.0
20576,2023.0,5.0,23.0,21.0,21.021055,22.135628,20.034315,21.034952,21.057035,22.160397,21.062683,22.289171,17.702404,17.638136,18.917938,19.12559,21.008862,21.66121,21.040644,22.077208,16.694674,16.646782,0.0,0.0,0.0,0.0,0.0,4.0,0.0,0.0
20577,2023.0,5.0,23.0,21.0,21.054766,22.21363,18.935324,18.869448,21.05209,22.134901,21.055761,22.251003,17.62311,17.552217,18.159191,18.097809,21.045198,21.754196,21.000854,21.967438,17.591656,18.364937,0.0,0.0,0.0,0.0,0.0,0.0,4.0,4.0
20578,2023.0,5.0,23.0,21.0,21.048876,22.186687,18.244278,17.945322,21.052898,22.11996,21.056696,22.229935,17.549004,17.4725,18.302444,18.508165,21.009647,21.656988,21.059626,22.097347,20.30764,22.837366,0.0,0.0,0.0,0.0,4.0,4.0,0.0,0.0
20579,2023.0,5.0,23.0,21.0,21.190622,22.454464,18.200075,18.069792,21.305399,22.616474,21.20937,22.541103,17.479515,17.396467,20.24959,21.859138,21.150461,21.95756,21.222132,22.403183,18.071106,18.090456,0.0,4.0,0.0,0.0,4.0,0.0,0.0,0.0
20580,2023.0,5.0,23.0,22.0,21.036533,22.153412,18.619545,18.92612,21.046234,22.120428,21.018726,22.134478,17.414736,17.325068,20.031015,21.261835,21.040562,21.72532,21.050516,22.036453,17.980787,18.558578,4.0,0.0,4.0,0.0,0.0,0.0,0.0,4.0
20581,2023.0,5.0,23.0,22.0,21.217623,22.521658,20.201601,21.668665,21.186222,22.37506,21.180462,22.453096,17.35818,17.265741,18.665071,18.507898,21.148746,21.933294,21.338902,22.572502,20.297626,22.490227,0.0,0.0,0.0,0.0,0.0,0.0,4.0,0.0
20582,2023.0,5.0,23.0,22.0,21.037872,22.159397,19.396774,19.901329,21.05303,22.083666,21.055618,22.176428,17.306072,17.210161,17.894201,17.539158,21.029152,21.707775,21.058088,22.027414,18.24367,18.207396,4.0,0.0,0.0,0.0,0.0,0.0,0.0,0.0
20583,2023.0,5.0,23.0,22.0,21.341532,22.766714,20.180365,21.454752,21.039108,22.067911,21.056915,22.159422,17.860352,18.29263,17.881195,17.735134,21.274954,22.209797,21.050308,22.003948,18.035374,18.430254,0.0,0.0,0.0,4.0,0.0,0.0,0.0,4.0
20584,2023.0,5.0,23.0,22.0,21.03758,22.149351,18.843369,18.738354,21.040949,22.076305,21.04208,22.142525,20.270678,22.328035,17.841208,17.715313,21.030455,21.720436,21.051409,21.99602,20.339756,22.31466,0.0,0.0,0.0,4.0,0.0,0.0,0.0,0.0
20585,2023.0,5.0,23.0,22.0,21.038528,22.14972,18.031609,17.639942,21.04076,22.077126,21.043728,22.150171,20.035725,21.587162,17.7309,17.603073,21.031303,21.727718,21.039158,21.986134,18.321537,18.236906,0.0,0.0,0.0,0.0,0.0,0.0,0.0,0.0
20586,2023.0,5.0,23.0,23.0,21.038029,22.145144,18.025352,17.843925,21.04086,22.076263,21.04374,22.151213,18.410265,18.259075,17.627846,17.496668,21.031368,21.730825,21.040768,21.99669,18.17158,18.57379,0.0,0.0,0.0,0.0,0.0,0.0,0.0,4.0
20587,2023.0,5.0,23.0,23.0,20.075958,20.293472,18.023655,17.900185,20.028284,20.130327,19.961864,20.074163,18.199373,18.384186,17.537287,17.405912,20.21318,20.158817,19.980858,19.961952,17.59646,17.389088,0.0,0.0,0.0,4.0,0.0,0.0,0.0,0.0
20588,2023.0,5.0,23.0,23.0,19.62683,19.671944,17.954966,17.834343,19.507578,19.381302,19.41825,19.304728,17.657719,17.328632,17.466722,17.332264,19.891869,19.74367,19.552048,19.418718,17.255302,16.963385,0.0,0.0,0.0,0.0,0.0,0.0,0.0,0.0
20589,2023.0,5.0,23.0,23.0,19.429626,19.465467,17.883297,17.76362,19.284176,19.14022,19.182709,19.053951,18.024576,18.220547,17.40114,17.265812,19.739332,19.5827,19.34697,19.215847,17.092854,16.801386,0.0,0.0,0.0,4.0,0.0,0.0,0.0,0.0
20590,2023.0,5.0,23.0,23.0,19.28241,19.32029,17.819231,17.700903,19.122473,18.980074,19.009499,18.883068,17.514154,17.186357,17.341381,17.206139,19.614418,19.45805,19.178247,19.046173,17.149975,17.045345,0.0,0.0,0.0,0.0,0.0,0.0,0.0,0.0
20591,2023.0,5.0,23.0,23.0,19.158594,19.198812,17.75956,17.642788,18.986452,18.846716,18.863688,18.74047,17.876955,18.054873,17.285347,17.150324,19.506235,19.350586,19.978392,20.681114,17.102545,17.004026,0.0,0.0,0.0,4.0,0.0,0.0,4.0,0.0
20592,2023.0,5.0,24.0,0.0,19.049929,19.091816,17.703842,17.58816,18.867233,18.72959,18.735865,18.615156,17.422024,17.118261,17.232567,17.097446,19.409428,19.253954,19.043495,18.768383,17.030981,16.93216,0.0,0.0,0.0,0.0,0.0,0.0,0.0,0.0
20593,2023.0,5.0,24.0,0.0,18.949728,18.989817,17.649263,17.532259,18.757494,18.618357,18.618279,18.496275,17.784252,17.974716,17.180782,17.04351,19.319405,19.161213,18.65282,18.281937,17.697504,18.24503,0.0,0.0,0.0,4.0,0.0,0.0,0.0,4.0
20594,2023.0,5.0,24.0,0.0,18.860643,18.900835,17.59841,17.480818,18.659742,18.521193,18.5141,18.392767,17.300503,16.972454,17.132303,16.9937,19.238771,19.079382,18.489172,18.122225,17.95786,18.5864,0.0,0.0,0.0,0.0,0.0,0.0,0.0,4.0
20595,2023.0,5.0,24.0,0.0,18.780037,18.820953,17.550781,17.433084,18.571259,18.434364,18.420738,18.300852,17.094131,16.75593,17.086641,16.947226,19.165667,19.005846,18.353256,17.991987,17.08472,16.846535,0.0,0.0,0.0,0.0,0.0,0.0,0.0,0.0
20596,2023.0,5.0,24.0,0.0,18.700327,18.736897,17.501926,17.380665,18.483894,18.343006,18.329266,18.204739,17.22019,17.106588,17.360085,17.498209,19.09434,18.930138,18.466413,18.340668,16.785656,16.486351,0.0,0.0,0.0,0.0,4.0,0.0,0.0,0.0
20597,2023.0,5.0,24.0,0.0,18.631796,18.670038,17.459219,17.338308,18.40909,18.27075,18.251156,18.128979,17.189127,17.063084,17.115292,16.979782,19.032387,18.868195,18.413456,18.275503,16.674606,16.38015,0.0,0.0,0.0,0.0,0.0,0.0,0.0,0.0
20598,2023.0,5.0,24.0,1.0,18.56478,18.601505,17.416304,17.293379,18.336073,18.196785,18.174875,18.051498,17.139633,17.011087,17.334991,17.470123,18.972635,18.80638,18.343613,18.20366,16.577692,16.280575,0.0,0.0,0.0,0.0,4.0,0.0,0.0,0.0
20599,2023.0,5.0,24.0,1.0,18.503262,18.539883,17.375725,17.251402,18.269348,18.130758,18.105185,17.98251,17.09357,16.963686,17.076258,16.928337,18.917353,18.749834,18.277845,18.137138,16.672237,16.550283,0.0,0.0,0.0,0.0,0.0,0.0,0.0,0.0
20600,2023.0,5.0,24.0,1.0,18.440489,18.472425,17.332027,17.20194,18.200691,18.057117,18.03356,17.905685,17.04609,16.912212,16.972889,16.819769,18.861862,18.690071,18.211388,18.066925,16.659334,16.544754,0.0,0.0,0.0,0.0,0.0,0.0,0.0,0.0
20601,2023.0,5.0,24.0,1.0,18.38346,18.413546,17.292133,17.159279,18.139135,17.994398,17.969421,17.84036,17.001907,16.865831,16.922264,16.766777,18.810755,18.636702,18.14964,18.003397,16.619473,16.502794,0.0,0.0,0.0,0.0,0.0,0.0,0.0,0.0
20602,2023.0,5.0,24.0,1.0,18.328901,18.357033,17.252909,17.117268,18.080387,17.93432,17.908283,17.777884,16.959057,16.820753,16.873405,16.715464,18.761702,18.58535,18.090425,17.942364,16.578484,16.45969,0.0,0.0,0.0,0.0,0.0,0.0,0.0,0.0
20603,2023.0,5.0,24.0,1.0,18.276457,18.302488,17.214285,17.075806,18.024073,17.876522,17.849768,17.717875,16.917353,16.776787,16.827358,16.666866,18.71436,18.53567,18.033487,17.883558,16.537786,16.416878,0.0,0.0,0.0,0.0,0.0,0.0,0.0,0.0
20604,2023.0,5.0,24.0,2.0,18.229046,18.256014,17.658123,17.93874,17.973862,17.828653,17.79768,17.668264,17.468145,17.846102,17.08469,17.18479,18.670681,18.491848,17.980795,17.83122,16.499704,16.378435,4.0,0.0,0.0,4.0,4.0,0.0,0.0,0.0
20605,2023.0,5.0,24.0,2.0,18.18077,18.20584,17.371647,17.322817,17.92213,17.775679,17.744131,17.613419,17.05188,16.934875,16.859379,16.70423,18.626532,18.445745,17.928034,17.776901,16.461142,16.338114,0.0,0.0,0.0,0.0,0.0,0.0,0.0,0.0
20606,2023.0,5.0,24.0,2.0,18.131367,18.151386,17.193794,17.045858,17.868544,17.717104,17.68887,17.552956,16.90389,16.756168,16.75328,16.585367,18.581545,18.396729,17.874842,17.720037,16.421883,16.29544,0.0,0.0,0.0,0.0,0.0,0.0,0.0,0.0
20607,2023.0,5.0,24.0,2.0,18.08742,18.106531,17.14175,16.993496,17.821947,17.670961,17.640902,17.505424,16.850805,16.70257,17.026957,17.139097,18.54049,18.3546,17.825989,17.67044,16.385769,16.258244,0.0,0.0,0.0,0.0,4.0,0.0,0.0,0.0
20608,2023.0,5.0,24.0,2.0,18.044285,18.062286,17.096468,16.946789,17.776026,17.624672,17.593702,17.45782,16.802101,16.652922,16.770655,16.599998,18.500237,18.313112,17.778421,17.622036,16.350382,16.221687,0.0,0.0,0.0,0.0,0.0,0.0,0.0,0.0
20609,2023.0,5.0,24.0,2.0,17.998964,18.012735,17.051523,16.896116,17.727365,17.571667,17.54385,17.403454,16.755072,16.602148,16.67068,16.496033,18.458536,18.267965,17.729784,17.570364,16.31388,16.182253,0.0,0.0,0.0,0.0,0.0,0.0,0.0,0.0
20610,2023.0,5.0,24.0,3.0,17.959175,17.97338,17.015198,16.860855,17.685772,17.53177,17.50128,17.362597,17.303022,17.668514,16.624517,16.451033,18.420885,18.230291,17.68546,17.526379,16.280645,16.148819,0.0,0.0,0.0,4.0,0.0,0.0,0.0,0.0
20611,2023.0,5.0,24.0,3.0,17.91713,17.9285,16.97626,16.819057,17.641296,17.485092,17.455713,17.314741,17.224863,17.356373,16.576149,16.400034,18.381794,18.18905,17.63984,17.478828,16.24628,16.112564,0.0,0.0,0.0,4.0,0.0,0.0,0.0,0.0
20612,2023.0,5.0,24.0,3.0,17.879501,17.890894,17.423492,17.688002,17.601065,17.445843,17.414505,17.274525,16.665846,16.305233,16.533827,16.358118,18.345707,18.153017,17.597538,17.436882,16.214436,16.080666,4.0,0.0,0.0,0.0,0.0,0.0,0.0,0.0
20613,2023.0,5.0,24.0,3.0,17.84357,17.855793,17.136297,17.070024,17.560099,17.40425,17.372568,17.23194,16.449389,16.048477,16.491919,16.315159,18.309277,18.115582,17.55502,17.393606,16.182293,16.047592,0.0,0.0,0.0,0.0,0.0,0.0,0.0,0.0
20614,2023.0,5.0,24.0,3.0,17.81026,17.825806,16.958923,16.794699,17.516865,17.357374,17.328352,17.184,16.341076,15.934191,16.449354,16.26909,18.271788,18.075382,17.511595,17.347723,16.149282,16.012276,0.0,0.0,0.0,0.0,0.0,0.0,0.0,0.0
20615,2023.0,5.0,24.0,3.0,17.785267,17.810677,16.911007,16.751091,17.480907,17.324408,17.29159,17.15031,16.498512,16.33257,16.413582,16.235552,18.238884,18.043844,18.475569,19.19799,16.120026,15.984049,0.0,0.0,0.0,0.0,0.0,0.0,4.0,0.0
20616,2023.0,5.0,24.0,4.0,17.752026,17.777842,16.865223,16.70389,17.442291,17.285192,17.251942,17.110165,16.514141,16.356983,16.375751,16.197004,18.204428,18.00864,17.579489,17.267475,16.089485,15.952806,0.0,0.0,0.0,0.0,0.0,0.0,0.0,0.0
20617,2023.0,5.0,24.0,4.0,17.713108,17.734293,16.818909,16.651188,17.399937,17.237677,17.208246,17.061384,16.477465,16.315535,16.33484,16.151644,18.167532,17.968159,17.247559,16.833118,16.056868,15.917097,0.0,0.0,0.0,0.0,0.0,0.0,0.0,0.0
20618,2023.0,5.0,24.0,4.0,17.68005,17.702387,16.783669,16.618687,17.365107,17.205122,17.17249,17.028057,16.446522,16.285711,16.300575,16.119148,18.13552,17.937206,17.1472,16.737364,16.751646,17.25023,0.0,0.0,0.0,0.0,0.0,0.0,0.0,4.0
20619,2023.0,5.0,24.0,4.0,17.643957,17.664337,17.219591,17.466194,17.326746,17.165432,17.133564,16.987675,16.412514,16.250586,16.263689,16.080933,18.101475,17.901909,17.057306,16.646454,16.264551,16.168438,4.0,0.0,0.0,0.0,0.0,0.0,0.0,0.0
20620,2023.0,5.0,24.0,4.0,17.60788,17.626184,16.938484,16.8614,17.288336,17.12557,17.095068,16.947454,16.378414,16.215223,16.22724,16.043041,18.067547,17.866638,17.206541,17.021578,15.892567,15.544669,0.0,0.0,0.0,0.0,0.0,0.0,0.0,0.0
20621,2023.0,5.0,24.0,4.0,17.572847,17.589968,16.775002,16.615547,17.968235,18.43397,17.057833,16.909492,16.916584,17.253279,16.192564,16.007797,18.034782,17.833286,17.219694,17.050274,16.456743,16.701065,0.0,4.0,0.0,4.0,0.0,0.0,0.0,4.0
20622,2023.0,5.0,24.0,5.0,17.537209,17.552197,16.709682,16.538082,17.540623,17.494314,17.019907,16.869972,16.53373,16.404205,16.157887,15.971797,18.002077,17.799332,17.19241,17.02347,15.921824,15.568938,0.0,0.0,0.0,0.0,0.0,0.0,0.0,0.0
20623,2023.0,5.0,24.0,5.0,18.270458,18.96058,17.13542,17.373922,17.016945,16.556646,16.987474,16.841055,16.390108,16.227938,16.128613,15.945705,18.728615,19.200218,17.164543,16.998623,16.49037,16.790106,4.0,0.0,0.0,0.0,0.0,4.0,0.0,4.0
20624,2023.0,5.0,24.0,5.0,17.796604,17.911688,16.876669,16.817566,17.5279,17.62346,16.95695,16.81466,16.348108,16.18911,16.102642,15.923297,18.22543,18.102074,17.13678,16.974003,15.947065,15.622787,0.0,4.0,0.0,0.0,0.0,0.0,0.0,0.0
20625,2023.0,5.0,24.0,5.0,18.014046,18.371943,16.398691,15.944852,17.694565,17.861696,16.92735,16.789152,16.313082,16.157171,16.368744,16.443436,18.516977,18.704897,17.109877,16.95023,16.496864,16.809958,0.0,4.0,0.0,0.0,4.0,4.0,0.0,4.0
20626,2023.0,5.0,24.0,5.0,17.443163,17.247843,16.21552,15.704624,17.124296,16.775223,16.898434,16.764288,16.284378,16.131546,16.185476,16.029848,17.907305,17.475319,17.084558,16.928059,15.953975,15.644556,0.0,0.0,0.0,0.0,0.0,0.0,0.0,0.0
20627,2023.0,5.0,24.0,5.0,17.193726,16.903595,16.884663,17.063461,16.864292,16.398111,16.870453,16.740448,16.25983,16.11041,16.095058,15.925457,17.709799,17.246128,18.070824,18.80773,16.491413,16.803873,4.0,0.0,0.0,0.0,0.0,0.0,4.0,4.0
20628,2023.0,5.0,24.0,6.0,17.098482,16.810856,16.749813,16.714935,16.76242,16.294315,16.842772,16.716766,16.238327,16.09222,16.356098,16.434797,17.644262,17.192303,17.213587,16.9383,15.979627,15.70061,0.0,0.0,0.0,0.0,4.0,0.0,0.0,0.0
20629,2023.0,5.0,24.0,6.0,21.310566,24.313002,17.042948,17.311138,21.21966,24.233076,21.193584,24.404593,16.809118,17.18505,20.22462,23.088646,21.23393,23.499205,21.640099,24.750036,15.777824,15.463618,4.0,0.0,0.0,4.0,0.0,0.0,0.0,0.0
20630,2023.0,5.0,24.0,6.0,21.924692,24.694294,20.295235,22.85271,21.754768,24.580544,21.875095,25.005695,20.35312,23.187874,18.177282,18.556692,21.593105,23.842163,22.335705,25.429598,16.498016,16.89278,0.0,4.0,0.0,4.0,0.0,4.0,0.0,4.0
20631,2023.0,5.0,24.0,6.0,21.068325,23.062565,18.41451,18.731144,21.044569,23.056612,20.93765,22.952734,20.03527,22.14551,17.231354,17.377996,20.971544,22.401436,20.892355,22.553543,20.388927,23.488033,4.0,4.0,0.0,0.0,4.0,0.0,0.0,0.0
20632,2023.0,5.0,24.0,6.0,21.13881,23.012604,20.277563,22.415854,21.146631,23.07233,21.161795,23.230139,17.966043,17.862856,20.300112,22.749517,21.123095,22.544643,21.250502,23.11079,18.300402,18.847982,4.0,0.0,0.0,0.0,4.0,0.0,4.0,4.0
20633,2023.0,5.0,24.0,6.0,21.048843,22.716482,20.034176,21.703365,21.04978,22.712843,21.061441,22.903646,16.99003,16.641611,20.01491,21.871641,21.028225,22.214762,21.035797,22.557062,20.333803,22.869413,0.0,4.0,0.0,0.0,0.0,4.0,4.0,0.0
20634,2023.0,5.0,24.0,7.0,21.04686,22.635057,18.65991,18.883965,21.053205,22.620878,21.062225,22.81343,16.980291,16.834667,18.473509,18.680307,21.061333,22.215538,21.07385,22.5726,18.631512,19.16694,4.0,4.0,0.0,0.0,0.0,0.0,0.0,4.0
20635,2023.0,5.0,24.0,7.0,21.045149,22.5759,20.229778,22.074926,21.050545,22.545061,21.036173,22.673082,16.969858,16.85456,17.58801,17.479378,21.023947,22.050695,21.024857,22.370836,20.30838,22.518692,0.0,4.0,4.0,0.0,0.0,4.0,4.0,0.0
20636,2023.0,5.0,24.0,7.0,21.070065,22.603205,18.49926,18.508377,21.048813,22.489098,21.064156,22.701046,16.907604,16.79954,17.36043,17.22685,21.057169,22.085793,21.030993,22.328894,18.19087,18.153336,0.0,4.0,0.0,0.0,0.0,0.0,4.0,0.0
20637,2023.0,5.0,24.0,7.0,21.036285,22.477945,17.71102,17.623045,21.046913,22.445274,21.047499,22.57769,16.855242,16.751175,17.629192,17.842295,21.04947,22.022066,21.067953,22.38739,18.150166,18.721355,0.0,4.0,4.0,0.0,4.0,0.0,0.0,4.0
20638,2023.0,5.0,24.0,7.0,21.041428,22.46371,17.993866,18.302025,21.045692,22.41178,21.074818,22.604382,16.816353,16.716423,20.294308,22.400892,21.018806,21.901869,21.058558,22.323141,20.382423,22.582888,4.0,4.0,0.0,0.0,4.0,4.0,0.0,0.0
20639,2023.0,5.0,24.0,7.0,21.039585,22.442394,20.26096,22.254536,21.06936,22.453278,21.067453,22.547615,16.787088,16.689707,20.030256,21.62944,21.022127,21.882975,21.05765,22.280523,18.282001,18.24958,4.0,0.0,0.0,0.0,0.0,4.0,0.0,0.0
20640,2023.0,5.0,24.0,8.0,21.065258,22.49894,20.036036,21.606815,21.037853,22.344572,21.066578,22.511984,16.767878,16.672903,18.471539,18.434027,21.050388,21.935665,21.055975,22.242376,17.34642,17.090303,0.0,4.0,0.0,0.0,0.0,0.0,0.0,0.0
20641,2023.0,5.0,24.0,8.0,20.141544,20.67877,18.534945,18.592583,19.559519,19.52512,19.72733,19.93872,17.498516,18.059637,17.61707,17.311237,19.9151,19.723484,19.851713,19.91355,17.246908,17.121223,0.0,0.0,0.0,4.0,0.0,0.0,0.0,0.0
20642,2023.0,5.0,24.0,8.0,19.832445,20.309687,18.234484,18.31596,18.867453,18.556232,19.714552,20.22503,20.309103,22.838263,17.58867,17.411173,19.464252,19.092115,19.339985,19.208284,17.195139,17.090408,4.0,0.0,4.0,0.0,0.0,0.0,0.0,0.0
20643,2023.0,5.0,24.0,8.0,19.083622,19.06108,20.214668,21.957333,19.173035,19.415241,19.147627,19.230465,18.241379,18.371641,17.563566,17.421032,19.270638,18.907877,19.07721,18.941257,17.109867,17.010525,0.0,4.0,0.0,0.0,0.0,0.0,0.0,0.0
20644,2023.0,5.0,24.0,8.0,18.633265,18.537544,18.680046,18.799541,19.2659,19.604721,18.477894,18.269096,17.250353,17.054571,17.496437,17.36095,19.30097,19.11709,18.884954,18.750185,17.03251,16.935053,0.0,4.0,0.0,0.0,0.0,0.0,0.0,0.0
20645,2023.0,5.0,24.0,8.0,18.45544,18.359509,18.106987,18.037119,19.21184,19.569801,18.19457,17.931011,17.21,17.097654,17.449217,17.310322,19.281975,19.12806,18.753378,18.610704,16.977606,16.876461,0.0,4.0,0.0,0.0,0.0,0.0,0.0,0.0
20646,2023.0,5.0,24.0,9.0,18.488386,18.574617,18.398045,18.745932,19.162077,19.543606,18.198332,18.116377,17.935854,18.4964,17.415728,17.282127,19.228195,19.08216,18.655048,18.523064,16.935709,16.83881,4.0,4.0,0.0,4.0,0.0,0.0,0.0,0.0
20647,2023.0,5.0,24.0,9.0,18.425114,18.538065,20.219011,21.973045,19.123554,19.52781,18.12481,18.08255,20.269432,22.458834,17.387915,17.256458,19.180367,19.038603,18.56957,18.442696,16.899961,16.80502,4.0,4.0,0.0,0.0,0.0,0.0,0.0,0.0
20648,2023.0,5.0,24.0,9.0,18.338919,18.471548,20.034363,21.46266,18.484106,18.39096,18.008049,17.977549,18.475159,18.621464,17.362385,17.233397,19.131523,18.993969,18.483318,18.361193,16.8641,16.77102,0.0,0.0,0.0,0.0,0.0,0.0,0.0,0.0
20649,2023.0,5.0,24.0,9.0,18.254412,18.395918,18.729033,18.86439,18.119753,17.948225,18.582706,19.157217,17.579805,17.414766,17.345947,17.219406,19.09058,18.956135,19.438885,20.23504,17.770512,18.508436,0.0,0.0,4.0,0.0,0.0,0.0,4.0,4.0
20650,2023.0,5.0,24.0,9.0,18.189547,18.33677,18.106707,17.966118,18.647875,19.046974,18.16948,18.296272,18.225832,18.746437,17.341946,17.216682,19.064352,18.93184,18.73258,18.697935,20.311031,22.808138,0.0,4.0,0.0,4.0,0.0,0.0,0.0,0.0
20651,2023.0,5.0,24.0,9.0,18.84975,19.643198,17.956919,17.921457,18.300432,18.303354,17.740686,17.66815,20.22821,22.145216,17.338507,17.215368,19.038826,18.909166,18.300085,18.117088,18.311419,18.524961,0.0,0.0,0.0,0.0,0.0,0.0,0.0,0.0
20652,2023.0,5.0,24.0,10.0,18.9777,19.67606,17.842033,17.838667,18.612179,19.073177,17.593182,17.50807,18.647978,18.808926,17.337454,17.215712,19.017946,18.890512,18.193727,18.004698,17.360418,17.235334,0.0,4.0,0.0,0.0,0.0,0.0,0.0,0.0
20653,2023.0,5.0,24.0,10.0,18.36571,18.52494,17.73697,17.73739,18.178415,18.207832,17.530367,17.457052,18.021635,17.848667,17.340097,17.217976,19.004696,18.877735,18.151854,17.967693,18.192463,18.926514,0.0,0.0,0.0,0.0,0.0,0.0,0.0,4.0
20654,2023.0,5.0,24.0,10.0,18.12179,18.197493,18.08435,18.474363,17.928747,17.854422,17.53191,17.526987,17.91564,17.787678,17.344284,17.221527,18.994501,18.86831,18.178171,18.057848,20.20352,22.339142,4.0,0.0,0.0,0.0,0.0,0.0,0.0,4.0
20655,2023.0,5.0,24.0,10.0,18.017439,18.107286,20.238434,22.198149,17.817093,17.748465,17.504957,17.518988,18.562727,19.092175,17.351158,17.227894,18.985363,18.859674,18.176214,18.065601,20.037075,21.767574,4.0,0.0,0.0,4.0,0.0,0.0,0.0,0.0
20656,2023.0,5.0,24.0,10.0,17.955719,18.06392,20.026672,21.585186,18.484768,19.083893,17.458952,17.478819,20.186485,21.837843,17.363277,17.238926,18.979172,18.853579,19.200855,20.02,18.549309,18.717216,0.0,4.0,0.0,0.0,0.0,0.0,4.0,0.0
20657,2023.0,5.0,24.0,10.0,17.953835,18.125015,19.069859,19.595243,18.128973,18.228937,17.414757,17.439318,18.834927,19.006018,17.379099,17.25369,19.747839,20.31399,18.61686,18.581066,17.772034,17.659832,4.0,0.0,0.0,0.0,0.0,4.0,0.0,0.0
20658,2023.0,5.0,24.0,11.0,17.932396,18.11812,20.204897,21.74223,17.863705,17.843212,17.378761,17.40719,18.264256,18.11451,17.397636,17.27243,19.29608,19.30036,18.337523,18.182913,17.611597,17.478792,0.0,0.0,0.0,0.0,0.0,0.0,0.0,0.0
20659,2023.0,5.0,24.0,11.0,17.893581,18.082893,19.243626,19.758036,17.760242,17.741587,18.04829,18.701319,18.101845,17.973572,17.41703,17.29025,18.986046,18.80851,18.263895,18.111193,17.530956,17.420649,4.0,0.0,4.0,0.0,0.0,0.0,0.0,0.0
20660,2023.0,5.0,24.0,11.0,17.85868,18.049257,20.159441,21.513472,17.72691,17.742075,17.652374,17.817589,18.022764,17.894218,17.435669,17.308617,18.941177,18.750326,18.222662,18.072716,17.472668,17.362864,4.0,0.0,0.0,0.0,0.0,0.0,0.0,0.0
20661,2023.0,5.0,24.0,11.0,17.808334,17.988827,20.064054,21.258,17.678492,17.699623,17.326807,17.352152,17.939423,17.806866,17.456303,17.32979,18.927826,18.739832,18.218452,18.102293,17.40416,17.290833,4.0,0.0,0.0,0.0,0.0,0.0,0.0,0.0
20662,2023.0,5.0,24.0,11.0,17.770006,17.950966,20.09141,21.3252,17.628567,17.65338,17.27319,17.307793,17.875607,17.744692,17.474651,17.348064,18.976116,18.847414,18.199278,18.084198,17.349155,17.236656,0.0,0.0,0.0,0.0,0.0,0.0,0.0,0.0
20663,2023.0,5.0,24.0,11.0,17.740286,17.927284,19.348782,19.842403,18.289774,18.937902,17.241781,17.285652,17.82751,17.702366,17.49082,17.362741,19.767656,20.341278,19.235455,20.063482,17.306581,17.198267,4.0,4.0,0.0,0.0,0.0,4.0,4.0,0.0
20664,2023.0,5.0,24.0,12.0,17.716526,17.908895,20.154892,21.415222,17.895912,18.064388,17.213009,17.259687,17.791943,17.666946,17.507345,17.38033,19.23636,19.171305,19.544252,20.411428,17.275434,17.167171,0.0,0.0,0.0,0.0,0.0,0.0,4.0,0.0
20665,2023.0,5.0,24.0,12.0,21.269476,24.220358,19.083353,19.314838,21.24946,24.10766,21.230595,24.381392,17.756567,17.633493,17.524712,17.397833,21.238012,22.75893,21.32132,23.507582,17.24361,17.13642,0.0,0.0,0.0,0.0,0.0,0.0,0.0,0.0
20666,2023.0,5.0,24.0,12.0,21.002584,23.291475,18.90133,19.362457,21.010448,23.22069,21.001446,23.46276,17.726606,17.604652,17.541237,17.415354,21.012938,22.201214,21.02503,22.65611,17.217937,17.111656,4.0,0.0,0.0,0.0,0.0,0.0,0.0,0.0
20667,2023.0,5.0,24.0,12.0,21.059841,23.15846,20.15695,21.590158,21.060984,23.077911,21.068083,23.307005,17.705313,17.585676,17.557533,17.432894,21.032383,22.112326,21.049492,22.530499,17.201653,17.097685,4.0,0.0,0.0,0.0,0.0,0.0,0.0,0.0
20668,2023.0,5.0,24.0,12.0,21.020065,22.897015,20.004019,21.20474,21.048475,22.89091,21.052776,23.085344,17.690458,17.573015,17.576147,17.45364,21.025982,22.006214,21.041073,22.38953,17.191914,17.090294,4.0,0.0,0.0,0.0,0.0,0.0,0.0,0.0
20669,2023.0,5.0,24.0,12.0,21.125639,23.001787,20.08864,21.340723,21.07819,22.79641,21.13173,23.091436,17.680708,17.56643,17.594234,17.47417,21.01191,21.872778,21.088676,22.391035,17.18656,17.088005,0.0,4.0,0.0,0.0,0.0,4.0,0.0,0.0
20670,2023.0,5.0,24.0,13.0,21.044579,22.746525,19.38251,19.90014,21.056505,22.697914,21.046097,22.831081,17.673817,17.56332,17.609386,17.490568,21.035559,21.89331,21.031677,22.221193,17.183424,17.088276,4.0,0.0,0.0,0.0,0.0,0.0,0.0,0.0
20671,2023.0,5.0,24.0,13.0,21.028566,22.626976,20.158094,21.489668,21.0554,22.626194,21.031757,22.711727,17.666376,17.558666,17.622837,17.506557,21.030119,21.832134,21.038166,22.18819,17.18015,17.087643,0.0,0.0,4.0,0.0,0.0,0.0,0.0,0.0
20672,2023.0,5.0,24.0,13.0,21.057302,22.658003,19.096256,19.36696,21.05414,22.568472,21.05879,22.734716,17.65926,17.55454,17.633507,17.519245,21.029644,21.79137,21.036823,22.14973,17.176874,17.087196,0.0,0.0,0.0,0.0,0.0,0.0,0.0,0.0
20673,2023.0,5.0,24.0,13.0,21.05079,22.601908,18.470375,18.560064,21.047443,22.52191,21.057848,22.676321,18.439833,19.04098,17.64066,17.529207,21.02507,21.759237,21.03651,22.119839,17.173515,17.086851,0.0,0.0,0.0,4.0,0.0,0.0,0.0,0.0
20674,2023.0,5.0,24.0,13.0,21.023691,22.492388,18.260384,18.326591,21.047535,22.493128,21.056784,22.628363,20.187878,21.939674,17.644686,17.53607,21.025026,21.74042,21.03603,22.095001,17.17002,17.086485,0.0,0.0,0.0,0.0,0.0,0.0,0.0,0.0
20675,2023.0,5.0,24.0,13.0,21.027872,22.476236,18.556269,18.999311,21.046701,22.46649,21.050318,22.588614,18.868673,19.116806,17.646692,17.54099,21.024761,21.72433,21.035599,22.073902,17.166702,17.08624,4.0,0.0,0.0,0.0,0.0,0.0,0.0,0.0
20676,2023.0,5.0,24.0,14.0,21.190567,22.801281,20.19104,21.82728,21.2027,22.756525,21.245651,22.935743,18.166397,18.115938,17.648108,17.545454,21.207182,22.075838,21.27992,22.54499,17.163887,17.08636,4.0,0.0,4.0,0.0,0.0,0.0,0.0,0.0
20677,2023.0,5.0,24.0,14.0,20.39151,21.196962,20.006739,21.317612,19.887741,20.193052,19.712408,19.975353,18.715353,19.26062,17.65077,17.550468,20.32789,20.348457,20.027945,20.088001,17.161615,17.086695,4.0,0.0,0.0,4.0,0.0,0.0,0.0,0.0
20678,2023.0,5.0,24.0,14.0,19.49007,19.743464,20.04731,21.321297,19.157349,19.237034,18.956043,19.026306,20.165241,21.690443,17.65387,17.556208,19.966793,19.867157,19.497639,19.411274,17.15769,17.085188,0.0,0.0,0.0,0.0,0.0,0.0,0.0,0.0
20679,2023.0,5.0,24.0,14.0,19.739326,20.498241,19.05394,19.347326,18.883707,18.930202,18.68816,18.743484,18.994724,19.224989,17.656713,17.561554,19.848854,19.743864,19.311367,19.215515,17.152191,17.081867,0.0,0.0,0.0,0.0,0.0,0.0,0.0,0.0
20680,2023.0,5.0,24.0,14.0,19.802538,20.580938,18.98824,19.428865,18.734604,18.769905,19.238737,19.906746,18.490244,18.431284,17.658682,17.566326,19.776974,19.669996,19.20025,19.100212,17.145908,17.07751,4.0,0.0,4.0,0.0,0.0,0.0,0.0,0.0
20681,2023.0,5.0,24.0,14.0,19.780327,20.558962,20.149664,21.50576,19.295969,19.933048,18.734098,18.90619,18.338852,18.254776,17.659056,17.569643,20.484028,21.071249,19.10773,19.011497,17.139292,17.073029,4.0,4.0,0.0,0.0,0.0,4.0,0.0,0.0
20682,2023.0,5.0,24.0,15.0,19.155704,19.41534,20.008057,21.15002,19.489193,20.178373,18.376053,18.45995,18.230305,18.14421,17.65908,17.57254,19.971968,19.925703,19.013706,18.92092,17.131502,17.067478,4.0,4.0,0.0,0.0,0.0,0.0,0.0,0.0
20683,2023.0,5.0,24.0,15.0,19.516396,20.316465,20.02617,21.138172,19.4417,20.089571,18.239193,18.31934,18.14984,18.065828,17.65847,17.575096,19.688097,19.567673,19.957132,20.780884,17.123245,17.061592,4.0,4.0,0.0,0.0,0.0,0.0,4.0,0.0
20684,2023.0,5.0,24.0,15.0,19.051388,19.332632,20.023252,21.098442,18.858332,19.023115,18.122324,18.18662,18.084423,18.00281,18.055212,18.326412,20.340944,20.877163,19.350739,19.361515,17.11459,17.05539,4.0,0.0,0.0,0.0,4.0,4.0,0.0,0.0
20685,2023.0,5.0,24.0,15.0,18.730827,18.941298,20.022985,21.07173,19.15781,19.78006,18.02898,18.092041,18.029842,17.95184,20.208786,22.042208,20.619791,21.240456,18.987005,18.912449,17.105682,17.04913,4.0,4.0,0.0,0.0,0.0,4.0,0.0,0.0
20686,2023.0,5.0,24.0,15.0,19.305857,20.117392,20.039968,21.098423,18.768137,18.951385,17.953842,18.0178,17.98231,17.90789,18.97375,19.338285,19.96847,19.961147,18.88269,18.806065,17.096573,17.042767,0.0,0.0,0.0,0.0,0.0,0.0,0.0,0.0
20687,2023.0,5.0,24.0,15.0,19.503021,20.320969,19.50176,20.020584,18.441343,18.521467,17.888624,17.953014,17.940931,17.86996,18.17559,18.144156,20.404041,20.960968,18.812597,18.740036,17.087227,17.036144,4.0,0.0,0.0,0.0,0.0,4.0,0.0,0.0
20688,2023.0,5.0,24.0,16.0,18.911188,19.189333,20.10303,21.171553,19.013472,19.669237,17.841259,17.906872,17.910442,17.84295,18.039234,17.972801,19.842432,19.812943,18.756788,18.682985,17.078564,17.030382,4.0,4.0,0.0,0.0,0.0,0.0,0.0,0.0
20689,2023.0,5.0,24.0,16.0,19.323215,20.151638,20.01084,20.97898,19.198105,19.863668,18.49221,19.174328,17.87841,17.814968,17.979881,17.915802,19.593811,19.497726,19.73803,20.589369,17.068686,17.022821,4.0,4.0,4.0,0.0,0.0,0.0,4.0,0.0
20690,2023.0,5.0,24.0,16.0,18.879086,19.167557,20.03981,21.04053,19.223036,19.88519,18.143162,18.319475,17.847836,17.787327,17.930397,17.867336,19.521263,19.423504,19.215008,19.310081,17.059004,17.015226,0.0,4.0,0.0,0.0,0.0,0.0,0.0,0.0
20691,2023.0,5.0,24.0,16.0,19.258497,20.063913,19.544733,20.05358,19.244637,19.904886,18.526201,19.200676,17.819818,17.762398,18.273703,18.550377,19.4699,19.375713,18.82617,18.77607,17.049513,17.007885,4.0,4.0,4.0,0.0,4.0,0.0,0.0,0.0
20692,2023.0,5.0,24.0,16.0,18.789064,19.093206,20.109505,21.155052,18.705746,18.888922,18.105528,18.307062,17.797455,17.743034,20.197357,21.926601,19.445864,19.369955,18.738836,18.684519,17.979422,18.772852,0.0,0.0,0.0,0.0,0.0,0.0,0.0,4.0
20693,2023.0,5.0,24.0,16.0,18.515532,18.743097,19.281647,19.535767,19.025364,19.662718,17.84943,17.970564,17.773808,17.722672,19.019026,19.363132,19.41296,19.343206,19.664312,20.482489,20.237078,22.461847,0.0,4.0,0.0,0.0,0.0,0.0,4.0,4.0
20694,2023.0,5.0,24.0,17.0,19.096586,19.891851,18.75978,18.854805,19.203604,19.864265,17.788054,17.900913,17.750595,17.702024,18.667688,19.00724,19.37659,19.309757,19.147284,19.232075,19.993397,21.709236,0.0,4.0,0.0,0.0,4.0,0.0,0.0,4.0
20695,2023.0,5.0,24.0,17.0,19.322084,20.133148,18.997114,19.44071,19.223896,19.878418,17.718195,17.796124,18.459581,19.058895,20.160797,21.649372,20.110334,20.734957,18.783224,18.744,20.197395,21.958244,4.0,4.0,0.0,4.0,4.0,4.0,0.0,0.0
20696,2023.0,5.0,24.0,17.0,19.390085,20.204918,20.148417,21.451336,19.243536,19.893698,17.66862,17.73748,20.208454,21.957108,20.02259,21.217909,20.384974,21.04724,18.677942,18.629705,18.718302,18.949572,0.0,4.0,0.0,0.0,0.0,4.0,0.0,0.0
20697,2023.0,5.0,24.0,17.0,18.84269,19.141567,19.226307,19.55028,19.259203,19.905184,17.636402,17.703037,18.899418,19.161234,19.085012,19.303057,20.446043,21.100204,18.622559,18.574488,18.025198,18.032331,0.0,4.0,0.0,0.0,0.0,4.0,0.0,0.0
20698,2023.0,5.0,24.0,17.0,19.319822,20.15016,18.748089,18.824417,18.694818,18.839493,17.612211,17.676718,18.378916,18.351961,18.626572,18.588448,19.795097,19.832047,18.58024,18.530771,17.862371,17.839563,0.0,0.0,0.0,0.0,0.0,0.0,0.0,0.0
20699,2023.0,5.0,24.0,17.0,18.804314,19.07977,18.591171,18.648806,19.116648,19.749428,17.590202,17.653957,18.244793,18.20618,18.477812,18.423458,19.554167,19.467655,18.543774,18.496012,17.768211,17.747566,0.0,4.0,0.0,0.0,0.0,0.0,0.0,0.0
20700,2023.0,5.0,24.0,18.0,19.3016,20.124184,18.93114,19.379847,18.6402,18.785357,17.569643,17.632765,18.149199,18.101654,18.374947,18.319502,19.463808,19.37016,18.510725,18.464857,17.668581,17.628105,4.0,0.0,0.0,0.0,0.0,0.0,0.0,0.0
20701,2023.0,5.0,24.0,18.0,21.252512,23.476229,20.14644,21.48288,21.26015,23.496994,21.26242,24.181868,18.076962,18.028307,18.289423,18.233656,21.198082,22.440575,21.369741,23.456118,17.592077,17.54975,4.0,4.0,0.0,0.0,0.0,4.0,0.0,0.0
20702,2023.0,5.0,24.0,18.0,21.017431,22.769657,20.00267,21.081343,20.994097,22.708855,20.997541,23.228762,18.009586,17.961468,18.201504,18.145819,21.019676,22.040667,20.998913,22.558222,17.51935,17.477497,4.0,4.0,0.0,0.0,0.0,0.0,0.0,0.0
20703,2023.0,5.0,24.0,18.0,21.068085,22.675817,20.048893,21.095673,21.08071,22.701168,21.140724,23.226925,17.954378,17.907438,18.125837,18.069918,21.07383,22.046074,21.101938,22.576496,17.461008,17.42064,4.0,4.0,0.0,0.0,0.0,0.0,0.0,0.0
20704,2023.0,5.0,24.0,18.0,21.047604,22.56956,20.017155,20.986675,21.024662,22.485075,21.042236,22.866137,17.912167,17.869715,18.06853,18.01877,21.027422,21.889143,21.03172,22.323124,18.418547,19.27951,4.0,4.0,0.0,0.0,0.0,0.0,0.0,4.0
20705,2023.0,5.0,24.0,18.0,21.046227,22.490757,20.03902,21.01067,21.055326,22.48537,21.053326,22.764393,17.873032,17.833017,18.013659,17.966383,21.02725,21.848469,21.039474,22.252878,20.216991,22.19013,0.0,0.0,0.0,0.0,0.0,0.0,0.0,0.0
20706,2023.0,5.0,24.0,19.0,21.045483,22.42987,19.542007,20.004677,21.048397,22.404633,21.050217,22.665997,17.839264,17.801397,17.966843,17.922705,21.026682,21.816187,21.037352,22.185085,18.634052,18.84397,4.0,0.0,0.0,0.0,0.0,0.0,0.0,0.0
20707,2023.0,5.0,24.0,19.0,21.038834,22.381334,20.108105,21.144987,21.04796,22.34973,21.0242,22.524506,17.807919,17.770645,17.922167,17.877958,20.995817,21.71222,21.036596,22.135265,17.876484,17.836384,4.0,0.0,4.0,0.0,0.0,4.0,0.0,0.0
20708,2023.0,5.0,24.0,19.0,21.082132,22.432102,20.042467,20.951572,21.097204,22.396452,21.062428,22.545717,17.778307,17.741127,17.87938,17.834385,21.012821,21.726112,21.077879,22.174147,17.712353,17.66054,4.0,0.0,4.0,0.0,0.0,4.0,0.0,0.0
20709,2023.0,5.0,24.0,19.0,21.032438,22.308847,20.036991,20.950588,21.033419,22.249697,21.030092,22.432364,17.752947,17.717957,17.844303,17.802696,21.035154,21.775377,20.991325,21.947178,18.634212,19.486225,0.0,0.0,4.0,0.0,0.0,0.0,4.0,4.0
20710,2023.0,5.0,24.0,19.0,21.011816,22.22829,19.53798,19.948364,21.016245,22.176973,21.058441,22.467484,18.496538,19.148087,17.807964,17.7685,21.03088,21.747398,21.009598,21.96174,20.19198,21.98887,4.0,4.0,0.0,4.0,0.0,0.0,4.0,0.0
20711,2023.0,5.0,24.0,19.0,21.049479,22.297827,20.121479,21.14343,21.045198,22.243168,21.027117,22.344275,20.2021,21.940231,18.168673,18.48145,21.031368,21.732296,21.007698,21.944035,18.675158,18.81758,0.0,0.0,4.0,0.0,4.0,0.0,4.0,0.0
20712,2023.0,5.0,24.0,20.0,21.015467,22.183699,19.541887,19.942286,21.046717,22.214876,21.03235,22.32392,18.772346,18.904264,20.251701,22.040483,21.031513,21.720655,21.048178,22.041409,18.871096,19.622398,4.0,0.0,4.0,0.0,0.0,0.0,0.0,4.0
20713,2023.0,5.0,24.0,20.0,21.021734,22.178164,20.107927,21.09921,21.02104,22.116983,21.056461,22.364569,18.795515,19.351517,19.248434,19.790545,21.025723,21.713448,21.04059,22.006521,20.17111,21.775108,4.0,4.0,0.0,4.0,4.0,0.0,0.0,0.0
20714,2023.0,5.0,24.0,20.0,21.021088,22.161526,20.028296,20.912504,21.026175,22.109964,21.050995,22.322338,20.246895,21.809309,20.191376,21.664562,21.026611,21.717924,21.041399,21.988943,18.719875,18.790623,0.0,4.0,0.0,0.0,0.0,0.0,0.0,0.0
20715,2023.0,5.0,24.0,20.0,21.048025,22.219822,19.170935,19.23742,21.051197,22.165085,21.026138,22.224052,18.853508,18.91864,18.92436,19.02615,21.026741,21.719881,21.041338,21.972034,18.021494,17.917253,0.0,0.0,4.0,0.0,0.0,0.0,0.0,0.0
20716,2023.0,5.0,24.0,20.0,21.041143,22.184483,18.730165,18.723715,21.018118,22.05972,21.030445,22.213602,18.170023,18.036491,18.572392,18.761028,21.026276,21.72015,20.998924,21.84602,17.819939,17.699238,0.0,4.0,4.0,0.0,4.0,0.0,4.0,0.0
20717,2023.0,5.0,24.0,20.0,21.016785,22.093727,18.600784,18.59637,21.052505,22.133907,21.234325,22.605139,18.836205,19.45359,20.26681,21.644499,20.998945,21.647158,21.418081,22.681911,17.768763,17.722425,0.0,0.0,4.0,4.0,4.0,4.0,4.0,0.0
20718,2023.0,5.0,24.0,21.0,21.04851,22.164497,18.922684,19.291601,21.045883,22.101334,21.05552,22.245481,20.168407,21.619612,20.02398,21.125387,21.010357,21.662653,21.048368,21.958761,17.700455,17.660986,4.0,0.0,0.0,0.0,0.0,4.0,0.0,0.0
20719,2023.0,5.0,24.0,21.0,21.271797,22.573397,20.156864,21.420994,21.046722,22.08399,21.050802,22.215807,18.816885,18.825243,18.898397,18.87623,21.26756,22.172836,21.00172,21.828936,17.622747,17.585682,0.0,0.0,0.0,0.0,0.0,4.0,4.0,0.0
20720,2023.0,5.0,24.0,21.0,21.020844,22.05426,19.201561,19.431131,21.011013,21.996105,21.026022,22.126516,18.133198,17.962605,18.742102,18.9933,21.039915,21.724794,21.050787,21.95226,17.552572,17.51622,0.0,4.0,4.0,0.0,4.0,0.0,0.0,0.0
20721,2023.0,5.0,24.0,21.0,21.048445,22.123089,19.037226,19.413986,21.028097,22.014065,21.056623,22.194895,18.060537,17.992823,20.18201,21.481512,21.005152,21.625008,21.001776,21.814829,17.483427,17.438059,4.0,4.0,0.0,0.0,4.0,4.0,4.0,0.0
20722,2023.0,5.0,24.0,21.0,21.043068,22.097914,20.143948,21.313465,21.051996,22.069696,21.050789,22.165693,17.99598,17.933435,20.032309,21.090246,21.011047,21.633982,21.051498,21.938128,17.42235,17.372908,4.0,0.0,0.0,0.0,0.0,4.0,0.0,0.0
20723,2023.0,5.0,24.0,21.0,21.016716,22.010534,20.030102,20.994825,21.04698,22.042044,21.026224,22.0797,17.907394,17.842247,18.877441,18.788586,21.010977,21.63127,21.00241,21.800163,17.368631,17.315746,0.0,0.0,4.0,0.0,0.0,4.0,4.0,0.0
20724,2023.0,5.0,24.0,22.0,21.022196,22.014915,19.006021,18.95884,21.02205,21.955128,21.056984,22.151268,17.82728,17.758404,18.55135,18.588467,21.041927,21.708076,21.051622,21.922884,17.319231,17.262266,0.0,4.0,0.0,0.0,4.0,0.0,0.0,0.0
20725,2023.0,5.0,24.0,22.0,21.264889,22.494888,18.360857,18.083366,21.19753,22.315739,21.189987,22.402092,17.752913,17.677416,20.287838,21.584053,21.156195,21.9224,21.237947,22.282454,17.27137,17.207996,0.0,0.0,0.0,0.0,0.0,0.0,0.0,0.0
20726,2023.0,5.0,24.0,22.0,21.02238,21.996569,18.76518,19.0213,21.047722,21.99665,21.026943,22.036282,17.682163,17.598585,18.874971,18.773176,21.038034,21.66892,21.04407,21.8749,17.224785,17.154335,4.0,0.0,4.0,0.0,0.0,0.0,0.0,0.0
20727,2023.0,5.0,24.0,22.0,21.051003,22.067963,20.17014,21.43942,21.049303,21.985228,21.058687,22.111319,17.616543,17.524786,18.297363,18.182163,21.03874,21.65905,21.045183,21.865578,17.180796,17.103474,0.0,0.0,0.0,0.0,0.0,0.0,0.0,0.0
20728,2023.0,5.0,24.0,22.0,21.045872,22.042532,19.47907,19.926464,21.035664,21.971746,21.053375,22.086887,17.55544,17.455822,18.163805,18.043585,21.027277,21.650108,21.034065,21.855415,17.908371,18.508297,4.0,0.0,0.0,0.0,0.0,0.0,0.0,4.0
20729,2023.0,5.0,24.0,22.0,21.17335,22.282106,20.153044,21.26252,21.199965,22.306126,21.193884,22.382206,17.49855,17.391415,18.021793,17.892384,21.160698,21.924717,21.237474,22.26831,20.256302,22.381815,0.0,0.0,0.0,0.0,0.0,0.0,0.0,4.0
20730,2023.0,5.0,24.0,23.0,21.04696,22.011097,18.912262,18.753925,21.037457,21.978563,21.041409,22.077957,17.443502,17.328232,17.894136,17.75785,21.029062,21.662455,21.035542,21.862127,20.038784,21.677603,0.0,0.0,0.0,0.0,0.0,0.0,0.0,0.0
20731,2023.0,5.0,24.0,23.0,20.195368,20.392073,18.55555,18.47514,20.106781,20.19404,20.022371,20.125015,17.397686,17.28118,18.068518,18.173916,20.268356,20.204166,20.097277,20.061373,18.352293,18.224878,4.0,0.0,0.0,0.0,4.0,0.0,0.0,0.0
20732,2023.0,5.0,24.0,23.0,19.780602,19.818117,18.108192,17.689245,19.611895,19.47594,19.495049,19.371801,17.359407,17.239511,17.824553,17.692226,19.955574,19.79159,19.708717,19.567451,17.74726,17.412598,0.0,0.0,0.0,0.0,0.0,0.0,0.0,0.0
20733,2023.0,5.0,24.0,23.0,19.584276,19.60409,17.859526,17.365232,19.390612,19.226097,19.257742,19.10668,17.320618,17.196898,17.677582,17.52697,19.8079,19.635986,19.517466,19.371273,17.541346,17.200365,0.0,0.0,0.0,0.0,0.0,0.0,0.0,0.0
20734,2023.0,5.0,24.0,23.0,19.451342,19.481504,18.033796,17.839912,19.248783,19.096138,19.103655,18.96594,17.876099,18.271616,17.603045,17.455677,19.692263,19.525076,19.366959,19.22177,17.602587,17.47974,0.0,0.0,0.0,4.0,0.0,0.0,0.0,0.0
20735,2023.0,5.0,24.0,23.0,19.329218,19.358997,18.0466,17.90694,19.117432,18.964273,18.961182,18.823278,17.460747,17.351156,17.528511,17.379272,19.584692,19.415785,19.232157,19.085459,17.543964,17.428522,0.0,0.0,0.0,0.0,0.0,0.0,0.0,0.0
20736,2023.0,5.0,25.0,0.0,19.215078,19.237177,17.985916,17.843868,18.993748,18.832102,18.827425,18.680605,17.316751,17.185928,17.455343,17.299833,19.483255,19.30805,19.107908,18.955147,17.457079,17.336573,0.0,0.0,0.0,0.0,0.0,0.0,0.0,0.0
20737,2023.0,5.0,25.0,0.0,19.123997,19.150515,17.932156,17.793795,18.896318,18.740822,18.722277,18.582088,17.268726,17.138617,17.713898,17.841097,19.398773,19.225592,19.003498,18.85306,17.383135,17.263777,0.0,0.0,0.0,0.0,4.0,0.0,0.0,0.0
20738,2023.0,5.0,25.0,0.0,19.04211,19.073013,18.347498,18.621115,18.808163,18.6581,18.627478,18.493053,17.2253,17.096056,17.46022,17.32074,19.322464,19.15162,18.909687,18.76208,17.315876,17.198101,4.0,0.0,0.0,0.0,0.0,0.0,0.0,0.0
20739,2023.0,5.0,25.0,0.0,18.963333,18.99428,18.04617,17.996733,18.723286,18.573952,18.5366,18.402796,17.184534,17.054209,17.338552,17.18521,19.249321,19.07766,18.820398,18.672073,17.251541,17.132713,0.0,0.0,0.0,0.0,0.0,0.0,0.0,0.0
20740,2023.0,5.0,25.0,0.0,18.891926,18.924059,18.3583,18.654198,18.646255,18.498793,18.454395,18.322441,17.14663,17.015846,17.278423,17.125105,19.18241,19.010796,18.73887,18.590786,17.19264,17.07351,4.0,0.0,0.0,0.0,0.0,0.0,0.0,0.0
20741,2023.0,5.0,25.0,0.0,18.827421,18.862328,17.763382,17.455853,18.57689,18.433254,18.380566,18.252565,17.111397,16.981123,17.223633,17.071775,19.121613,18.951591,18.664858,18.518759,17.139078,17.020975,0.0,0.0,0.0,0.0,0.0,0.0,0.0,0.0
20742,2023.0,5.0,25.0,1.0,18.762178,18.794653,17.413269,16.918615,18.506737,18.36129,18.30609,18.176044,17.074871,16.942682,17.168682,17.014072,19.060623,18.888136,18.591133,18.442432,17.085438,16.96493,0.0,0.0,0.0,0.0,0.0,0.0,0.0,0.0
20743,2023.0,5.0,25.0,1.0,19.439398,20.121023,17.591383,17.387047,18.44861,18.309046,18.244516,18.12054,17.042913,16.912523,17.411861,17.51158,19.008377,18.838797,18.527586,18.38217,17.039446,16.921236,0.0,0.0,0.0,0.0,4.0,0.0,0.0,0.0
20744,2023.0,5.0,25.0,1.0,18.954882,19.081043,17.64069,17.505392,18.39085,18.253584,18.183527,18.061779,17.010614,16.880445,17.19669,17.056238,18.956804,18.787512,18.465023,18.319935,16.99407,16.875967,0.0,0.0,0.0,0.0,0.0,0.0,0.0,0.0
20745,2023.0,5.0,25.0,1.0,18.438198,18.179026,17.609436,17.479916,18.33625,18.201078,18.126175,18.00639,17.569942,17.959448,17.38248,17.491018,18.908237,18.739193,18.405884,18.26106,16.951143,16.833122,0.0,0.0,0.0,4.0,4.0,0.0,0.0,0.0
20746,2023.0,5.0,25.0,1.0,18.266579,17.97967,17.574297,17.447138,18.284964,18.152271,18.07252,17.955105,17.163393,17.058022,17.47895,17.618023,18.862656,18.694286,18.350334,18.206253,16.910816,16.79325,0.0,0.0,0.0,0.0,4.0,0.0,0.0,0.0
20747,2023.0,5.0,25.0,1.0,18.455423,18.457182,17.539204,17.413935,18.236128,18.1058,18.021717,17.906507,16.82619,16.496414,16.967968,16.621178,18.819279,18.651598,18.297594,18.154268,16.872526,16.755442,0.0,0.0,0.0,0.0,0.0,0.0,0.0,0.0
20748,2023.0,5.0,25.0,2.0,18.473686,18.512802,17.502264,17.375956,18.186237,18.054977,17.970028,17.853592,16.701412,16.355492,16.735788,16.334549,18.77602,18.607155,18.245392,18.100859,16.834541,16.716448,0.0,0.0,0.0,0.0,0.0,0.0,0.0,0.0
20749,2023.0,5.0,25.0,2.0,18.435974,18.47593,17.468098,17.343384,18.141407,18.01239,17.92363,17.809458,16.834824,16.696318,16.871536,16.70652,18.73608,18.567545,18.197077,18.05305,16.799265,16.681303,0.0,0.0,0.0,0.0,0.0,0.0,0.0,0.0
20750,2023.0,5.0,25.0,2.0,18.39454,18.433723,17.43077,17.304625,18.094645,17.964506,17.875154,17.759844,16.840307,16.709225,16.873203,16.720642,18.696014,18.526255,18.149004,18.003992,16.76396,16.644941,0.0,0.0,0.0,0.0,0.0,0.0,0.0,0.0
20751,2023.0,5.0,25.0,2.0,18.355639,18.397064,17.873386,18.16587,18.05379,17.92716,17.832865,17.721214,16.817078,16.686691,16.83977,16.689085,18.65978,18.491362,18.105019,17.961609,16.731733,16.613718,4.0,0.0,0.0,0.0,0.0,0.0,0.0,0.0
20752,2023.0,5.0,25.0,2.0,18.3142,18.354748,17.576208,17.528446,18.01037,17.883415,17.788033,17.676056,16.790117,16.659016,16.802387,16.650967,18.622591,18.453285,18.060163,17.916014,16.69868,16.57985,0.0,0.0,0.0,0.0,0.0,0.0,0.0,0.0
20753,2023.0,5.0,25.0,2.0,18.272148,18.310493,17.415504,17.287262,17.966074,17.83686,17.742418,17.628124,16.76164,16.629053,16.764114,16.610601,18.58562,18.414587,18.015713,17.870014,16.665794,16.545496,0.0,0.0,0.0,0.0,0.0,0.0,0.0,0.0
20754,2023.0,5.0,25.0,3.0,18.232311,18.269285,17.362877,17.234089,17.925083,17.796003,17.700314,17.586164,16.734127,16.601088,16.728367,16.574532,18.55085,18.3794,17.97363,17.827707,16.634655,16.513947,0.0,0.0,0.0,0.0,0.0,0.0,0.0,0.0
20755,2023.0,5.0,25.0,3.0,18.192715,18.22814,17.317505,17.187801,17.884111,17.75431,17.658346,17.543491,16.706116,16.572096,16.692627,16.537844,18.516338,18.343931,17.932028,17.78539,16.603647,16.48205,0.0,0.0,0.0,0.0,0.0,0.0,0.0,0.0
20756,2023.0,5.0,25.0,3.0,18.15564,18.19157,17.756464,18.04617,17.846615,17.718964,17.620022,17.507387,16.679422,16.545837,16.659454,16.50587,18.483934,18.31218,17.892727,17.747034,16.574303,16.453144,4.0,0.0,0.0,0.0,0.0,0.0,0.0,0.0
20757,2023.0,5.0,25.0,3.0,18.11901,18.155453,17.46544,17.423817,17.806746,17.678234,17.579351,17.465855,16.651346,16.51679,16.624743,16.47017,18.450397,18.277664,17.852362,17.705929,16.543913,16.421856,0.0,0.0,0.0,0.0,0.0,0.0,0.0,0.0
20758,2023.0,5.0,25.0,3.0,18.093699,18.141478,17.299015,17.174221,17.76675,17.636734,17.538637,17.423622,16.622929,16.487057,16.897388,17.009714,18.416811,18.242697,17.811996,17.664385,16.513351,16.390049,0.0,0.0,0.0,0.0,4.0,0.0,0.0,0.0
20759,2023.0,5.0,25.0,3.0,18.060596,18.10786,17.23717,17.104458,17.72775,17.59674,17.49907,17.38303,16.594711,16.457859,16.665722,16.508398,18.383862,18.208752,17.77243,17.624063,16.483238,16.359026,0.0,0.0,0.0,0.0,0.0,0.0,0.0,0.0
20760,2023.0,5.0,25.0,4.0,18.025557,18.07158,17.667898,17.951939,17.689695,17.55819,17.460638,17.344034,16.566647,16.429146,16.57725,16.41841,18.351475,18.17574,17.733587,17.584871,16.453522,16.328728,4.0,0.0,0.0,0.0,0.0,0.0,0.0,0.0
20761,2023.0,5.0,25.0,4.0,17.99077,18.035913,17.11165,16.802254,17.652369,17.52071,17.422985,17.306173,17.11099,17.474619,16.538752,16.380722,18.319626,18.143627,17.695354,17.546642,16.42415,16.299088,0.0,0.0,0.0,4.0,0.0,0.0,0.0,0.0
20762,2023.0,5.0,25.0,4.0,17.955177,17.998354,16.795155,16.317677,17.61425,17.481232,17.38454,17.266329,16.723885,16.612339,16.499287,16.340008,18.28714,18.10999,17.65642,17.506693,16.394073,16.267942,0.0,0.0,0.0,0.0,0.0,0.0,0.0,0.0
20763,2023.0,5.0,25.0,4.0,17.92018,17.9615,16.984148,16.794245,17.576529,17.442207,17.34652,17.226978,16.587633,16.447208,16.461668,16.301126,18.254883,18.076668,17.617847,17.467216,16.364126,16.237011,0.0,0.0,0.0,0.0,0.0,0.0,0.0,0.0
20764,2023.0,5.0,25.0,4.0,18.594902,19.255024,17.018656,16.874664,18.25132,18.740644,17.310469,17.191238,16.543531,16.403618,16.42623,16.265997,18.224014,18.045914,17.58091,17.430687,16.33534,16.2083,0.0,4.0,0.0,0.0,0.0,0.0,0.0,0.0
20765,2023.0,5.0,25.0,4.0,18.1345,18.250486,16.99143,16.850622,17.827642,17.808222,17.273333,17.153004,16.502571,16.361568,16.683893,16.777277,18.192862,18.01388,17.543652,17.392725,16.30599,16.178127,0.0,0.0,0.0,0.0,4.0,0.0,0.0,0.0
20766,2023.0,5.0,25.0,5.0,17.647852,17.388557,17.439869,17.71936,17.30737,16.876856,17.236423,17.114843,16.466578,16.32442,16.800243,16.928343,18.162855,17.982975,17.507612,17.35596,16.277182,16.148466,4.0,0.0,0.0,0.0,4.0,0.0,0.0,0.0
20767,2023.0,5.0,25.0,5.0,17.495432,17.20998,17.155159,17.103941,17.13935,16.672146,17.203012,17.083141,16.43556,16.29479,16.518457,16.37615,18.136095,17.95776,17.47464,17.324522,16.251276,16.123867,0.0,0.0,0.0,0.0,0.0,0.0,0.0,0.0
20768,2023.0,5.0,25.0,5.0,17.698298,17.700653,17.477348,17.76695,17.338188,17.157934,17.170969,17.05317,16.4075,16.268347,16.41152,16.252535,18.110903,17.934326,17.443102,17.294678,16.22711,16.101196,4.0,0.0,0.0,0.0,0.0,0.0,0.0,0.0
20769,2023.0,5.0,25.0,5.0,17.730015,17.770369,16.912418,16.60863,17.375273,17.240366,17.139889,17.024685,16.382107,16.244972,16.371923,16.215242,18.08741,17.91293,17.413256,17.266926,16.204802,16.080727,0.0,0.0,0.0,0.0,0.0,0.0,0.0,0.0
20770,2023.0,5.0,25.0,5.0,17.705633,17.747725,16.606703,16.148407,17.351887,17.222284,17.108696,16.995638,16.931116,17.297197,16.62805,16.723913,18.065292,17.89263,17.38463,17.240042,16.90844,17.424662,0.0,0.0,0.0,4.0,4.0,0.0,0.0,4.0
20771,2023.0,5.0,25.0,5.0,17.677732,17.720942,16.500525,16.033258,17.323374,17.19638,17.077906,16.966698,16.561722,16.466072,16.433716,16.295343,18.044949,17.874046,17.357725,17.214787,16.434298,16.362696,0.0,0.0,0.0,0.0,0.0,0.0,0.0,0.0
20772,2023.0,5.0,25.0,6.0,17.649231,17.694004,16.692997,16.495111,17.293627,17.169315,17.04817,16.939035,16.23773,15.917236,16.341194,16.189133,18.779768,19.281555,17.333012,17.192057,16.800392,17.115665,0.0,0.0,0.0,0.0,0.0,4.0,0.0,4.0
20773,2023.0,5.0,25.0,6.0,21.29391,24.092266,16.760763,16.632154,21.236763,24.15582,21.213873,24.308697,16.134535,15.80678,16.318493,16.173138,21.270597,23.571625,21.514097,24.364508,20.329996,23.200142,0.0,0.0,0.0,0.0,0.0,4.0,0.0,0.0
20774,2023.0,5.0,25.0,6.0,21.005156,23.150307,17.208073,17.48763,20.986809,23.192192,21.00919,23.418926,16.261162,16.1212,16.586693,16.696161,21.048643,22.80229,20.967386,23.017073,18.446167,18.992054,4.0,4.0,0.0,0.0,4.0,0.0,4.0,4.0
20775,2023.0,5.0,25.0,6.0,21.156336,23.218203,20.304426,22.79098,21.168621,23.27878,21.152943,23.38594,16.93122,17.348083,20.455025,23.13516,21.115837,22.678026,21.182545,23.18699,21.801847,25.161736,0.0,4.0,4.0,4.0,0.0,4.0,0.0,0.0
20776,2023.0,5.0,25.0,6.0,21.054098,22.854923,18.511724,18.890806,21.055582,22.835995,21.066816,23.033543,20.345709,23.12507,18.349976,18.732128,21.064255,22.424295,21.06633,22.749043,18.920788,19.023775,0.0,4.0,0.0,0.0,0.0,0.0,0.0,0.0
20777,2023.0,5.0,25.0,6.0,21.053558,22.744402,17.461231,17.437826,21.052197,22.68479,21.077738,22.882614,17.973291,18.013176,17.48224,17.65207,21.05655,22.280182,21.065777,22.599977,17.410591,17.120802,0.0,4.0,0.0,0.0,4.0,0.0,0.0,0.0
20778,2023.0,5.0,25.0,7.0,21.026035,22.591364,17.241442,17.163654,21.074684,22.645847,21.049473,22.68603,17.433302,17.650476,20.325174,22.607374,21.025085,22.10216,21.05029,22.484926,17.272692,17.148865,0.0,0.0,4.0,4.0,0.0,4.0,0.0,0.0
20779,2023.0,5.0,25.0,7.0,21.056652,22.62013,17.133944,17.04905,21.067604,22.550262,21.076994,22.676945,20.391594,22.674978,18.858353,19.409698,21.057533,22.119112,21.050467,22.418402,18.181532,18.963488,0.0,0.0,0.0,0.0,4.0,0.0,0.0,4.0
20780,2023.0,5.0,25.0,7.0,21.063253,22.559732,17.060717,16.978577,21.041592,22.416739,21.069685,22.595646,18.241611,18.23044,20.259499,22.165394,21.0205,21.96772,21.048933,22.362024,21.228556,24.013407,0.0,4.0,0.0,0.0,0.0,4.0,0.0,4.0
20781,2023.0,5.0,25.0,7.0,21.06105,22.500479,17.455305,17.769676,21.070051,22.45107,21.05355,22.540121,18.1753,18.748257,18.48933,18.473515,21.024296,21.93539,21.008322,22.210243,19.889286,21.23771,4.0,0.0,0.0,4.0,0.0,4.0,4.0,0.0
20782,2023.0,5.0,25.0,7.0,21.22571,22.796661,20.284395,22.634796,21.17608,22.607166,21.199139,22.789774,20.270847,22.278467,18.0922,18.301321,21.126673,22.125639,21.18698,22.544365,18.360033,18.242737,0.0,4.0,4.0,0.0,4.0,0.0,0.0,0.0
20783,2023.0,5.0,25.0,7.0,21.065182,22.456167,18.56681,18.932478,21.06731,22.38112,21.047613,22.44168,18.395412,18.365995,20.278265,22.094986,21.045597,21.923594,21.014683,22.123232,17.60964,17.322018,0.0,0.0,4.0,0.0,0.0,0.0,4.0,0.0
20784,2023.0,5.0,25.0,8.0,21.056988,22.412825,17.573217,17.58208,21.035732,22.276033,21.044573,22.409374,17.48078,17.198969,19.131638,19.629942,21.014688,21.810808,21.062143,22.215832,17.382374,17.102007,0.0,4.0,4.0,0.0,4.0,4.0,0.0,0.0
20785,2023.0,5.0,25.0,8.0,20.199537,20.718147,17.357935,17.31346,20.087093,20.44625,19.983,20.354294,17.419937,17.278452,20.233194,21.812086,20.547066,20.892729,20.50964,21.075916,17.382368,17.250536,0.0,4.0,4.0,0.0,0.0,4.0,4.0,0.0
20786,2023.0,5.0,25.0,8.0,19.21754,19.194845,17.240135,17.185968,19.60711,19.892204,18.901995,18.720753,18.113619,18.637716,19.018414,19.245872,19.699442,19.44266,19.421946,19.2236,18.262617,18.967012,0.0,4.0,0.0,4.0,4.0,0.0,0.0,4.0
20787,2023.0,5.0,25.0,8.0,18.831657,18.69539,17.620695,17.952759,19.487,19.78076,18.489107,18.189714,20.27784,22.323608,20.234283,21.457819,20.094093,20.366806,18.999468,18.67317,20.27977,22.37634,4.0,4.0,0.0,0.0,4.0,4.0,0.0,0.0
20788,2023.0,5.0,25.0,8.0,18.59402,18.463293,20.263723,22.49142,19.380997,19.695045,18.883928,19.151428,18.477924,18.517221,20.018902,21.035734,20.272982,20.618471,18.77361,18.454578,18.405462,18.433231,4.0,4.0,4.0,0.0,4.0,4.0,0.0,0.0
20789,2023.0,5.0,25.0,8.0,18.59729,18.655499,20.028282,21.74948,18.682611,18.48377,18.422976,18.265945,17.58391,17.335096,20.03745,21.00685,19.52274,19.21429,19.606247,20.176958,17.536785,17.312471,0.0,0.0,0.0,0.0,4.0,0.0,4.0,0.0
20790,2023.0,5.0,25.0,9.0,19.261637,19.987278,18.791061,19.164381,18.929188,19.210278,18.043251,17.802465,17.508087,17.364882,20.04905,20.988388,19.196907,18.842968,19.924208,20.554466,17.448992,17.32235,4.0,4.0,0.0,0.0,0.0,0.0,4.0,0.0
20791,2023.0,5.0,25.0,9.0,19.273611,19.839546,20.239113,22.00519,18.472557,18.31547,18.522587,18.848003,17.474873,17.349272,18.977905,18.887583,19.828936,20.138975,19.089132,18.952171,17.397518,17.284462,4.0,0.0,4.0,0.0,0.0,4.0,0.0,0.0
20792,2023.0,5.0,25.0,9.0,19.202742,19.770542,20.031265,21.459305,18.113695,17.871603,18.11371,17.99668,17.418344,17.293755,18.846832,19.021627,19.340168,19.053389,18.622725,18.351015,17.330074,17.217485,0.0,0.0,0.0,0.0,4.0,0.0,0.0,0.0
20793,2023.0,5.0,25.0,9.0,19.195932,19.77535,18.663103,18.738998,17.976318,17.74489,17.788334,17.594414,17.37219,17.248672,20.152441,21.352741,19.072561,18.744303,18.466673,18.192822,17.273123,17.16125,0.0,0.0,0.0,0.0,0.0,0.0,0.0,0.0
20794,2023.0,5.0,25.0,9.0,19.18434,19.77105,18.433077,18.78213,18.005026,17.919819,17.657768,17.465242,17.334808,17.2114,19.172318,19.333498,18.99951,18.67738,18.372114,18.104864,18.152391,18.862864,4.0,0.0,0.0,0.0,0.0,0.0,0.0,4.0
20795,2023.0,5.0,25.0,9.0,19.177729,19.772697,20.226807,21.97167,17.986444,17.93735,17.699184,17.634212,17.312437,17.188349,18.657146,18.512207,19.09343,18.915125,18.420673,18.269484,20.271002,22.438602,0.0,0.0,0.0,0.0,0.0,0.0,0.0,0.0
20796,2023.0,5.0,25.0,10.0,18.5648,18.645468,18.751024,18.923012,17.92531,17.885208,17.687994,17.655962,17.291586,17.16815,18.450851,18.285114,19.123537,18.97084,18.418076,18.285345,18.463766,18.592367,0.0,0.0,0.0,0.0,0.0,0.0,0.0,0.0
20797,2023.0,5.0,25.0,10.0,18.279594,18.26044,18.05218,17.881218,17.871857,17.836767,18.338987,18.92449,17.280117,17.15596,18.357271,18.185886,19.110472,18.961035,19.42963,20.227037,17.807833,17.599241,0.0,0.0,4.0,0.0,0.0,0.0,4.0,0.0
20798,2023.0,5.0,25.0,10.0,18.173286,18.172876,18.402773,18.732191,17.820702,17.791237,17.940727,18.060738,17.271397,17.146832,18.284864,18.113754,19.094902,18.946194,18.718904,18.665154,17.717543,17.57856,4.0,0.0,0.0,0.0,0.0,0.0,0.0,0.0
20799,2023.0,5.0,25.0,10.0,18.786924,19.405752,20.212488,21.927639,17.773956,17.750027,17.600069,17.50161,17.265919,17.140549,18.226994,18.05558,19.082579,18.933966,18.40203,18.178373,17.647324,17.519194,4.0,0.0,0.0,0.0,0.0,0.0,0.0,0.0
20800,2023.0,5.0,25.0,10.0,18.99051,19.633596,20.013617,21.376743,17.724174,17.705204,17.459198,17.34464,18.030392,18.585417,18.170692,17.99967,19.0714,18.92255,18.292961,18.06157,17.569668,17.441742,4.0,0.0,0.0,4.0,0.0,0.0,0.0,0.0
20801,2023.0,5.0,25.0,10.0,19.023573,19.680914,20.057695,21.382742,18.368137,18.95783,18.170147,18.756552,20.228619,22.27949,18.127296,17.95741,19.840134,20.387579,18.240057,18.013659,17.508156,17.381151,0.0,4.0,4.0,0.0,0.0,4.0,0.0,0.0
20802,2023.0,5.0,25.0,11.0,19.056173,19.722618,19.174511,19.596992,18.064665,18.201447,18.370312,18.910303,19.15992,19.814407,18.094828,17.926361,19.326103,19.169714,18.279236,18.133123,17.459265,17.332392,4.0,0.0,4.0,4.0,0.0,0.0,0.0,0.0
20803,2023.0,5.0,25.0,11.0,19.073736,19.743813,20.16841,21.540083,17.731209,17.656984,17.80026,17.831398,20.176563,21.693066,18.075079,17.905136,19.83173,20.220268,18.285448,18.150831,17.427742,17.299553,0.0,0.0,0.0,0.0,0.0,4.0,0.0,0.0
20804,2023.0,5.0,25.0,11.0,19.084476,19.751297,18.944674,19.101917,17.59784,17.507353,17.491941,17.429218,18.846996,18.949636,18.054585,17.88513,19.393291,19.207838,18.270731,18.136683,17.395924,17.268023,0.0,0.0,0.0,0.0,0.0,0.0,0.0,0.0
20805,2023.0,5.0,25.0,11.0,19.096033,19.765963,18.445223,18.43271,17.608004,17.59187,17.399858,17.326403,18.965347,19.365683,18.040958,17.870481,19.180237,18.901537,18.255648,18.120785,17.372467,17.24332,0.0,0.0,0.0,4.0,0.0,0.0,0.0,0.0
20806,2023.0,5.0,25.0,11.0,18.494146,18.636759,18.271389,18.268427,17.585701,17.584852,17.40524,17.398863,20.155897,21.479977,18.028652,17.858673,19.133055,18.85842,18.241016,18.106346,17.352264,17.223772,0.0,0.0,0.0,0.0,0.0,0.0,0.0,0.0
20807,2023.0,5.0,25.0,11.0,18.177156,18.244835,18.100021,18.101366,18.23885,18.847256,17.38324,17.393183,18.974363,19.057465,18.014063,17.844868,19.18684,19.01001,18.224821,18.090515,17.330961,17.203205,0.0,4.0,0.0,0.0,0.0,0.0,0.0,0.0
20808,2023.0,5.0,25.0,12.0,18.07449,18.131369,17.972101,17.963175,18.352663,18.90721,17.344707,17.355852,18.40947,18.171858,18.001049,17.831701,19.199337,19.040594,18.209864,18.075293,17.313564,17.185467,0.0,4.0,0.0,0.0,0.0,0.0,0.0,0.0
20809,2023.0,5.0,25.0,12.0,21.263912,23.799507,17.873644,17.874252,21.287485,23.976648,21.206116,24.201433,18.321953,18.158669,17.988226,17.820333,21.259645,22.669718,21.471725,23.765432,17.297682,17.170866,0.0,4.0,0.0,0.0,0.0,0.0,0.0,0.0
20810,2023.0,5.0,25.0,12.0,21.018658,23.016186,18.227005,18.63365,21.001059,23.075678,20.98123,23.299395,18.2245,18.068714,17.97285,17.805836,21.008385,22.079712,20.998575,22.644815,17.281778,17.155785,4.0,4.0,4.0,0.0,0.0,0.0,0.0,0.0
20811,2023.0,5.0,25.0,12.0,21.036652,22.831305,20.24119,22.125446,21.050776,22.951809,21.071947,23.229834,18.131632,17.979076,17.95904,17.79374,21.031528,22.011564,21.048054,22.550713,17.270788,17.146852,0.0,4.0,0.0,0.0,0.0,0.0,0.0,0.0
20812,2023.0,5.0,25.0,12.0,21.035107,22.699867,18.894505,19.27727,21.042774,22.783747,21.067287,23.020426,18.055931,17.906116,17.948664,17.785437,20.998037,21.844421,21.002213,22.298355,17.263405,17.141743,0.0,4.0,0.0,0.0,0.0,4.0,4.0,0.0
20813,2023.0,5.0,25.0,12.0,21.031048,22.604763,18.52826,19.000523,21.038366,22.666508,21.061293,22.86959,17.992615,17.843937,17.938795,17.777704,21.009367,21.797064,21.013618,22.221384,17.258215,17.139019,4.0,4.0,0.0,0.0,0.0,4.0,4.0,0.0
20814,2023.0,5.0,25.0,13.0,21.0332,22.545929,20.23395,21.987207,21.04053,22.589718,21.055897,22.774826,17.94377,17.800535,18.324413,18.514132,21.037569,21.82225,21.01311,22.150965,17.254433,17.137808,0.0,4.0,0.0,0.0,4.0,0.0,4.0,0.0
20815,2023.0,5.0,25.0,13.0,21.217163,22.866467,18.810274,19.029322,21.204615,22.856243,21.215527,23.01058,18.674105,19.222795,20.201014,21.744204,21.31165,22.302254,21.230413,22.56074,17.251455,17.137323,0.0,4.0,4.0,4.0,0.0,4.0,0.0,0.0
20816,2023.0,5.0,25.0,13.0,21.030024,22.449442,18.084902,18.122946,21.036692,22.467642,21.042355,22.597963,20.159948,21.680952,19.112566,19.378645,21.035662,21.732374,21.042238,22.12887,17.249165,17.13744,0.0,4.0,4.0,0.0,0.0,0.0,0.0,0.0
20817,2023.0,5.0,25.0,13.0,21.029642,22.41974,17.911407,17.9307,21.036133,22.429642,21.040209,22.549948,18.888157,19.001368,18.40285,18.302101,21.030659,21.692274,21.042654,22.088774,17.247375,17.137947,0.0,4.0,4.0,0.0,0.0,0.0,0.0,0.0
20818,2023.0,5.0,25.0,13.0,21.028498,22.393452,18.260324,18.688126,21.034826,22.396679,21.038969,22.512806,18.189783,18.017155,18.230703,18.085808,21.030056,21.665688,21.000793,21.944727,17.245892,17.138689,4.0,4.0,4.0,0.0,0.0,0.0,4.0,0.0
20819,2023.0,5.0,25.0,13.0,21.028135,22.372808,20.239847,22.116617,21.05926,22.438885,21.063309,22.551714,18.028685,17.844896,18.175648,18.029247,20.999962,21.56442,21.0485,22.050209,17.244493,17.139435,0.0,0.0,0.0,0.0,0.0,4.0,0.0,0.0
20820,2023.0,5.0,25.0,14.0,21.054325,22.427332,18.904572,19.291687,21.028292,22.329119,21.032452,22.440262,18.003754,17.87103,18.507427,18.68753,21.003794,21.56288,21.040207,22.01085,17.243023,17.140068,0.0,4.0,4.0,0.0,4.0,4.0,0.0,0.0
20821,2023.0,5.0,25.0,14.0,20.3808,21.082367,18.088718,18.165672,20.241003,20.801302,20.141134,20.71059,17.976004,17.852621,20.196342,21.590164,20.202148,20.0393,19.923655,19.837402,17.241554,17.14069,0.0,4.0,4.0,0.0,0.0,0.0,0.0,0.0
20822,2023.0,5.0,25.0,14.0,20.058886,20.716509,18.312082,18.721231,19.847961,20.34659,19.70327,20.2085,17.936415,17.815878,19.176363,19.422049,19.83297,19.5809,19.378029,19.171747,17.238867,17.139997,4.0,4.0,4.0,0.0,0.0,0.0,0.0,0.0
20823,2023.0,5.0,25.0,14.0,19.402933,19.564007,20.231813,22.0501,19.19356,19.2162,19.052929,19.094406,17.906416,17.787382,18.649906,18.542353,19.736229,19.484596,19.295591,19.15522,17.235392,17.13831,4.0,0.0,0.0,0.0,0.0,0.0,0.0,0.0
20824,2023.0,5.0,25.0,14.0,18.988073,19.0535,20.00372,21.407349,19.420229,19.911013,18.60825,18.541342,17.874155,17.756868,18.46567,18.324348,19.649532,19.403526,19.1951,19.066195,17.229961,17.134413,4.0,4.0,0.0,0.0,0.0,0.0,0.0,0.0
20825,2023.0,5.0,25.0,14.0,19.486734,20.14721,20.05389,21.401915,19.497028,20.019022,18.407265,18.343472,17.845871,17.73138,18.383982,18.242434,20.431808,20.968277,20.107046,20.886917,17.223465,17.12949,0.0,4.0,0.0,0.0,0.0,4.0,4.0,0.0
20826,2023.0,5.0,25.0,15.0,19.062262,19.253443,18.915367,19.130486,19.456564,19.985312,18.898428,19.395945,17.820751,17.708736,18.326122,18.187649,19.9236,19.794868,19.434114,19.354652,17.216227,17.12374,0.0,4.0,4.0,0.0,0.0,0.0,0.0,0.0
20827,2023.0,5.0,25.0,15.0,19.468397,20.15475,18.360037,18.318438,18.867867,18.91773,19.032894,19.588223,17.800602,17.689783,18.654945,18.839874,19.663439,19.428865,19.09986,18.907393,18.153172,18.90121,0.0,0.0,4.0,0.0,4.0,0.0,0.0,4.0
20828,2023.0,5.0,25.0,15.0,19.552544,20.255302,18.659018,19.039936,19.19192,19.670319,19.030203,19.58291,17.781096,17.672178,20.16933,21.50026,19.587896,19.35715,19.952593,20.619747,20.250006,22.463364,4.0,4.0,4.0,0.0,0.0,0.0,4.0,0.0
20829,2023.0,5.0,25.0,15.0,19.538673,20.234325,20.196356,21.746939,19.331917,19.867289,18.466106,18.539368,17.760183,17.653233,19.211075,19.444098,19.600054,19.454958,19.358723,19.271101,18.5247,18.751629,0.0,4.0,0.0,0.0,0.0,0.0,0.0,0.0
20830,2023.0,5.0,25.0,15.0,19.545843,20.24733,19.061455,19.405489,19.312727,19.849903,18.123386,18.096415,17.740803,17.636057,18.573318,18.488104,19.58386,19.455072,18.97219,18.795984,17.68964,17.59879,0.0,4.0,0.0,0.0,0.0,0.0,0.0,0.0
20831,2023.0,5.0,25.0,15.0,18.931227,19.09969,18.47682,18.517208,19.297161,19.83453,18.679426,19.224775,17.724277,17.621552,18.428192,18.302845,19.548382,19.423084,18.865732,18.684423,17.572842,17.482872,0.0,4.0,4.0,0.0,0.0,0.0,0.0,0.0
20832,2023.0,5.0,25.0,16.0,19.370842,20.066427,18.7298,19.132635,19.282564,19.820776,18.236137,18.313719,17.707651,17.607903,18.370577,18.24756,19.512747,19.391315,18.791197,18.61553,18.454973,19.198626,4.0,4.0,0.0,0.0,0.0,0.0,0.0,4.0
20833,2023.0,5.0,25.0,16.0,19.462456,20.16977,20.200867,21.734419,19.267565,19.804325,18.63525,19.164637,17.689537,17.592232,18.315659,18.193775,19.477848,19.359331,18.780369,18.664387,20.22788,22.191628,0.0,4.0,4.0,0.0,0.0,0.0,0.0,0.0
20834,2023.0,5.0,25.0,16.0,19.456472,20.150568,18.980606,19.215876,19.251154,19.786356,18.818304,19.38086,17.66974,17.575123,18.260172,18.142075,20.19579,20.756884,18.743248,18.63919,18.640827,18.831854,0.0,4.0,4.0,0.0,0.0,4.0,0.0,0.0
20835,2023.0,5.0,25.0,16.0,19.461535,20.151985,18.910406,19.314198,19.238476,19.771341,18.253778,18.31263,18.397547,18.96588,18.590437,18.801186,20.337172,20.882517,18.696404,18.595604,18.040516,17.918774,4.0,4.0,0.0,4.0,4.0,4.0,0.0,0.0
20836,2023.0,5.0,25.0,16.0,19.470474,20.163452,20.19721,21.635118,19.22734,19.758404,18.005053,17.967123,20.224594,22.107801,20.178493,21.597809,20.377083,20.909906,18.650928,18.554161,18.735794,19.367104,0.0,4.0,0.0,0.0,0.0,4.0,0.0,4.0
20837,2023.0,5.0,25.0,16.0,19.480127,20.173378,19.333765,19.811413,19.216015,19.745205,17.883596,17.838318,19.307283,19.974297,19.154867,19.397463,19.70141,19.589256,18.60329,18.509861,20.169664,21.794643,4.0,4.0,0.0,4.0,0.0,0.0,0.0,0.0
20838,2023.0,5.0,25.0,17.0,19.479076,20.164639,20.173988,21.520721,19.205664,19.732819,17.800594,17.754292,20.176954,21.673994,18.493809,18.425274,20.124899,20.569794,18.558897,18.468346,18.767282,18.903635,0.0,4.0,0.0,0.0,0.0,4.0,0.0,0.0
20839,2023.0,5.0,25.0,17.0,19.477869,20.15737,19.368206,19.83069,19.197796,19.723972,18.47233,19.07909,18.90474,19.028212,18.32479,18.22555,20.39162,20.91724,18.518387,18.430635,18.037123,17.924757,4.0,4.0,4.0,0.0,0.0,4.0,0.0,0.0
20840,2023.0,5.0,25.0,17.0,18.877203,19.03102,20.13996,21.349222,19.1925,19.717558,18.702478,19.37414,18.374296,18.227236,18.263277,18.16099,20.43971,20.96878,18.484755,18.399035,17.912867,17.824259,0.0,4.0,4.0,0.0,0.0,4.0,0.0,0.0
20841,2023.0,5.0,25.0,17.0,18.5727,18.661161,19.392689,19.813389,19.187191,19.711355,18.093748,18.168198,18.240088,18.142584,18.205322,18.106548,19.737186,19.610363,18.450584,18.367592,17.824976,17.74556,4.0,4.0,0.0,0.0,0.0,0.0,0.0,0.0
20842,2023.0,5.0,25.0,17.0,19.17451,19.86715,20.131664,21.278421,19.183126,19.706205,18.498426,19.033987,18.162119,18.071096,18.16174,18.063334,19.493279,19.280521,18.421503,18.34059,17.754223,17.676271,0.0,4.0,4.0,0.0,0.0,0.0,0.0,0.0
20843,2023.0,5.0,25.0,17.0,18.755087,18.920752,19.4128,19.811962,19.17857,19.70065,18.676956,19.232594,18.077543,17.990736,18.116762,18.022324,20.141514,20.594233,18.391197,18.31262,17.681807,17.60696,4.0,4.0,4.0,0.0,0.0,4.0,0.0,0.0
20844,2023.0,5.0,25.0,18.0,18.519274,18.594358,20.127666,21.235199,19.174974,19.695923,18.698627,19.250105,18.015856,17.930378,18.08073,17.987564,19.648817,19.570724,18.365004,18.288465,17.628912,17.555939,0.0,4.0,4.0,0.0,0.0,0.0,0.0,0.0
20845,2023.0,5.0,25.0,18.0,21.25321,23.492065,19.118572,19.243902,21.249119,23.319696,21.273771,23.716515,17.951136,17.868597,18.412477,18.646967,21.205809,22.424639,21.564568,23.89156,17.57274,17.501741,0.0,4.0,4.0,0.0,4.0,0.0,4.0,0.0
20846,2023.0,5.0,25.0,18.0,20.99728,22.720802,18.586092,18.609816,21.007133,22.627645,21.030106,22.974037,17.891077,17.810118,20.195112,21.747608,20.990261,21.90368,20.983728,22.54394,18.52002,19.343597,0.0,4.0,0.0,0.0,0.0,4.0,4.0,4.0
20847,2023.0,5.0,25.0,18.0,21.060703,22.700651,18.844435,19.229338,21.038654,22.54791,21.06586,22.852777,17.839571,17.761332,19.062246,19.306374,21.042261,21.939756,21.06096,22.538872,20.204039,22.051622,4.0,4.0,0.0,0.0,0.0,0.0,0.0,0.0
20848,2023.0,5.0,25.0,18.0,21.173231,22.809042,20.17097,21.551928,21.20838,22.788797,21.159712,22.90403,17.793795,17.718065,18.371243,18.31449,21.155066,22.098078,21.208141,22.697035,18.632322,18.74805,0.0,4.0,0.0,0.0,0.0,0.0,0.0,0.0
20849,2023.0,5.0,25.0,18.0,21.02294,22.401485,19.132227,19.40876,21.057247,22.428902,21.033695,22.53121,17.753283,17.681328,18.577436,18.819756,21.03381,21.803366,21.046837,22.2705,17.888548,17.774437,0.0,0.0,4.0,0.0,4.0,0.0,0.0,0.0
20850,2023.0,5.0,25.0,19.0,21.027664,22.356552,18.487713,18.530415,21.026701,22.289764,21.062649,22.541292,18.490677,19.112701,20.16191,21.581038,21.026659,21.769604,21.04619,22.19846,17.765495,17.695415,0.0,4.0,0.0,4.0,4.0,0.0,0.0,0.0
20851,2023.0,5.0,25.0,19.0,21.02662,22.313646,18.287231,18.289137,21.031702,22.257925,21.031437,22.403109,20.205492,21.934105,20.027792,21.145142,21.02734,21.756182,21.038538,22.144997,17.696634,17.631758,0.0,4.0,4.0,0.0,0.0,0.0,0.0,0.0
20852,2023.0,5.0,25.0,19.0,21.026083,22.279387,18.165537,18.157635,21.05602,22.29331,21.061537,22.441826,18.727175,18.811895,18.96369,18.983263,21.027319,21.745228,21.039196,22.11633,17.62503,17.562769,0.0,0.0,0.0,0.0,0.0,0.0,0.0,0.0
20853,2023.0,5.0,25.0,19.0,21.05312,22.324612,18.530533,18.923431,21.050058,22.247738,21.054821,22.389967,17.980978,17.822313,18.322624,18.12076,21.027132,21.736748,21.038305,22.09132,17.559874,17.49797,4.0,0.0,0.0,0.0,0.0,0.0,0.0,0.0
20854,2023.0,5.0,25.0,19.0,21.02023,22.209208,20.214775,21.826653,21.050755,22.219233,21.055634,22.358295,17.896965,17.815289,18.238934,18.133732,21.02751,21.731434,21.038666,22.073568,17.5039,17.444746,0.0,0.0,0.0,0.0,0.0,0.0,0.0,0.0
20855,2023.0,5.0,25.0,19.0,21.025707,22.19974,18.872425,19.009777,21.015232,22.123314,21.045015,22.329294,17.844687,17.772615,18.178003,18.089027,21.02755,21.726501,21.038376,22.057869,17.451632,17.393503,0.0,4.0,0.0,0.0,0.0,0.0,0.0,0.0
20856,2023.0,5.0,25.0,20.0,21.052864,22.256521,18.065042,17.889978,21.057892,22.204937,21.045633,22.320032,17.773151,17.700737,18.488987,18.75586,21.02757,21.722689,21.037674,22.044052,17.402676,17.34472,0.0,0.0,0.0,0.0,4.0,0.0,0.0,0.0
20857,2023.0,5.0,25.0,20.0,21.046822,22.222445,18.002691,17.937214,21.024837,22.096424,21.045729,22.30856,17.708618,17.637558,20.236015,21.74471,20.998497,21.6437,21.038456,22.035217,17.356974,17.299662,0.0,4.0,0.0,0.0,0.0,4.0,0.0,0.0
20858,2023.0,5.0,25.0,20.0,21.02048,22.128284,18.394236,18.729568,21.056358,22.163036,21.0454,22.295408,17.64538,17.573053,19.032644,19.22526,21.012783,21.660799,21.038597,22.026672,17.311129,17.25282,4.0,0.0,0.0,0.0,0.0,4.0,0.0,0.0
20859,2023.0,5.0,25.0,20.0,21.250275,22.575487,20.211647,21.847622,21.190445,22.410982,21.268559,22.70978,17.585884,17.511583,18.325764,18.255184,21.155617,21.95792,21.254469,22.450771,18.26866,19.106161,4.0,0.0,4.0,0.0,0.0,0.0,0.0,4.0
20860,2023.0,5.0,25.0,20.0,21.025263,22.109205,20.030703,21.306442,21.025658,22.038319,21.02461,22.20939,17.531096,17.455404,18.126003,18.022852,21.00712,21.624132,21.038115,22.00533,20.245792,22.293928,0.0,4.0,4.0,0.0,0.0,4.0,0.0,0.0
20861,2023.0,5.0,25.0,20.0,21.026352,22.103434,18.769783,18.758865,21.031536,22.039658,21.062712,22.275446,17.48026,17.403345,18.375555,18.593494,21.043884,21.71189,21.038784,22.00179,18.386032,18.378035,0.0,4.0,0.0,0.0,4.0,0.0,0.0,0.0
20862,2023.0,5.0,25.0,21.0,21.246414,22.53445,18.40733,18.468784,21.234207,22.435965,21.180311,22.480803,18.212229,18.828527,20.251577,21.816608,21.240282,22.07398,21.68451,22.91842,17.53003,17.297474,4.0,4.0,0.0,4.0,0.0,4.0,4.0,0.0
20863,2023.0,5.0,25.0,21.0,21.24445,22.513231,20.20558,21.701069,21.18718,22.346172,21.212906,22.496378,20.246635,22.192642,18.954205,19.103256,21.233536,22.052029,21.222511,22.260683,17.484243,17.39174,4.0,0.0,4.0,0.0,0.0,4.0,0.0,0.0
20864,2023.0,5.0,25.0,21.0,21.026089,22.061647,20.014801,21.150745,21.026249,21.986109,21.061611,22.192698,18.447002,18.389122,18.56802,18.765463,21.013668,21.6066,21.04819,21.91155,18.425215,19.223778,4.0,4.0,0.0,0.0,4.0,4.0,0.0,4.0
20865,2023.0,5.0,25.0,21.0,21.027054,22.055315,20.05761,21.143368,21.058098,22.060884,21.05637,22.16416,18.316008,18.672367,20.216242,21.630728,21.014782,21.609177,21.048569,21.913517,20.272099,22.194487,0.0,0.0,0.0,4.0,4.0,4.0,0.0,4.0
20866,2023.0,5.0,25.0,21.0,21.027666,22.046661,18.80125,18.65298,21.052315,22.03486,21.056835,22.145786,20.258799,21.891617,20.035385,21.134655,21.015162,21.608562,21.037218,21.912386,20.044727,21.542915,0.0,0.0,0.0,4.0,0.0,4.0,0.0,0.0
20867,2023.0,5.0,25.0,21.0,21.054752,22.109709,18.292124,18.149878,21.053183,22.021486,21.041872,22.127737,20.037273,21.339476,18.72375,18.506014,21.046362,21.686672,21.038921,21.928268,18.43616,18.284685,0.0,0.0,0.0,0.0,0.0,0.0,0.0,0.0
20868,2023.0,5.0,25.0,22.0,21.048973,22.080297,18.18029,18.053717,21.038256,22.007952,21.043968,22.136435,18.560633,18.36461,17.960157,17.541218,21.041506,21.664211,21.039007,21.935837,17.656351,17.336296,0.0,0.0,0.0,0.0,0.0,0.0,0.0,0.0
20869,2023.0,5.0,25.0,22.0,21.021849,21.989496,18.04942,17.91589,21.040155,22.019722,21.0438,22.138075,17.798124,17.429903,18.27929,18.37456,21.011152,21.573755,21.039097,21.940193,18.224117,18.605675,0.0,0.0,0.0,0.0,4.0,4.0,0.0,4.0
20870,2023.0,5.0,25.0,22.0,21.19073,22.34053,17.939886,17.803972,21.216326,22.375751,21.209127,22.467915,17.7904,17.636194,20.29106,21.737597,21.146814,21.863125,21.25405,22.371927,20.327204,22.086576,0.0,0.0,0.0,0.0,4.0,0.0,0.0,0.0
20871,2023.0,5.0,25.0,22.0,21.04889,22.041868,18.282385,18.521053,21.039522,22.018263,21.043016,22.127283,17.748152,17.613197,20.002977,21.10866,21.041796,21.64127,21.038486,21.935593,18.436625,18.259186,4.0,0.0,0.0,0.0,4.0,0.0,0.0,0.0
20872,2023.0,5.0,25.0,22.0,21.050682,22.034641,20.244146,21.91898,21.040121,22.019812,21.043583,22.124619,17.642849,17.505419,20.049894,21.071638,21.042812,21.635777,21.039371,21.938549,17.589304,17.239275,0.0,0.0,0.0,0.0,4.0,0.0,0.0,0.0
20873,2023.0,5.0,25.0,22.0,21.034855,22.025366,19.247017,19.719418,21.040087,22.018557,21.043646,22.120928,17.54843,17.409472,20.057566,21.008318,21.028774,21.629396,21.039516,21.938763,17.58742,17.45259,4.0,0.0,0.0,0.0,0.0,0.0,0.0,0.0
20874,2023.0,5.0,25.0,23.0,21.254251,22.476732,20.214874,21.625723,21.247211,22.430578,21.23891,22.507584,18.068283,18.460255,19.011732,18.915445,21.201584,21.988539,21.289635,22.438292,17.537115,17.406467,0.0,0.0,0.0,4.0,4.0,0.0,0.0,0.0
20875,2023.0,5.0,25.0,23.0,20.130924,20.304506,18.718311,18.561516,20.055737,20.1185,19.972013,20.051088,17.755325,17.684582,18.177889,17.743107,20.251402,20.153225,20.016613,19.962215,17.438208,17.308996,0.0,0.0,0.0,0.0,0.0,0.0,0.0,0.0
20876,2023.0,5.0,25.0,23.0,19.686602,19.684364,18.303186,18.088312,19.529854,19.353004,19.412243,19.247084,17.298628,16.924269,18.466488,18.52887,19.931948,19.740797,19.592041,19.420252,17.360687,17.22561,0.0,0.0,0.0,0.0,4.0,0.0,0.0,0.0
20877,2023.0,5.0,25.0,23.0,19.48866,19.477688,18.65184,18.869217,19.307587,19.113451,19.175014,18.994474,17.713484,17.840572,18.198496,18.007784,19.776274,19.575905,19.39103,19.221527,17.28823,17.150436,4.0,0.0,0.0,4.0,0.0,0.0,0.0,0.0
20878,2023.0,5.0,25.0,23.0,19.335445,19.323006,18.310303,18.244066,19.142155,18.945856,18.997053,18.815088,17.240728,16.871092,18.013138,17.81767,19.64517,19.44243,19.220856,19.04674,17.952085,18.457243,0.0,0.0,0.0,0.0,0.0,0.0,0.0,4.0
20879,2023.0,5.0,25.0,23.0,19.203121,19.188408,18.059643,17.884575,18.99968,18.800753,18.844429,18.660145,17.00391,16.586674,18.187866,18.245087,19.528175,19.322292,19.07256,18.895765,17.417746,17.30297,0.0,0.0,0.0,0.0,4.0,0.0,0.0,0.0
20880,2023.0,5.0,26.0,0.0,19.083025,19.063215,17.92578,17.729982,18.871077,18.666983,18.707424,18.517876,17.147837,16.986435,17.891737,17.69096,19.420076,19.208965,18.937868,18.756128,16.994015,16.617563,0.0,0.0,0.0,0.0,0.0,0.0,0.0,0.0
20881,2023.0,5.0,26.0,0.0,18.978632,18.958364,17.827473,17.628891,18.75954,18.5552,18.58911,18.399466,17.717356,18.068493,18.030607,18.085028,19.324076,19.110985,18.819183,18.6363,16.836252,16.447548,0.0,0.0,0.0,4.0,4.0,0.0,0.0,0.0
20882,2023.0,5.0,26.0,0.0,18.882757,18.86111,17.740038,17.538513,18.656973,18.451635,18.480478,18.290005,17.295069,17.148449,17.7539,17.561329,19.95979,20.390547,18.709913,18.52527,16.965738,16.813557,0.0,0.0,0.0,0.0,0.0,4.0,0.0,0.0
20883,2023.0,5.0,26.0,0.0,18.795149,18.772223,17.66084,17.456867,18.562904,18.35692,18.38091,18.190052,16.891088,16.479177,17.588175,17.378948,19.096699,18.623892,18.609484,18.42351,16.948729,16.79416,0.0,0.0,0.0,0.0,0.0,0.0,0.0,0.0
20884,2023.0,5.0,26.0,0.0,18.711992,18.685856,17.585754,17.377777,18.47375,18.265068,18.28659,18.093243,16.714096,16.267876,17.489803,17.277288,18.763584,18.20501,19.476597,20.136248,16.896017,16.73687,0.0,0.0,0.0,0.0,0.0,0.0,4.0,0.0
20885,2023.0,5.0,26.0,0.0,18.634565,18.606215,17.515953,17.304943,18.391226,18.180702,18.199436,18.004494,16.864565,16.67193,17.3982,17.182802,19.377365,19.480947,18.510954,18.114635,16.846468,16.684439,0.0,0.0,0.0,0.0,0.0,4.0,0.0,0.0
20886,2023.0,5.0,26.0,1.0,18.559717,18.527664,17.903233,18.083172,18.312056,18.09799,18.115866,17.917599,17.445953,17.763245,17.311289,17.091196,18.771542,18.234228,18.130621,17.639532,16.796625,16.630915,4.0,0.0,0.0,4.0,0.0,0.0,0.0,0.0
20887,2023.0,5.0,26.0,1.0,18.490301,18.45562,17.613129,17.492779,18.23834,18.02209,18.03818,17.837784,17.679419,18.068636,17.230406,17.006739,18.524284,17.952412,17.981665,17.491213,16.749052,16.580803,0.0,0.0,0.0,4.0,0.0,0.0,0.0,0.0
20888,2023.0,5.0,26.0,1.0,18.42991,18.39692,17.436708,17.235418,18.173367,17.959988,17.97026,17.772802,16.86114,16.43394,17.444832,17.468964,18.420368,17.856989,18.141354,17.937881,16.705791,16.537703,0.0,0.0,0.0,0.0,4.0,0.0,0.0,0.0
20889,2023.0,5.0,26.0,1.0,18.36835,18.332554,17.34641,17.127342,18.106731,17.89165,17.90123,17.701767,16.566608,16.087368,17.200726,16.9756,18.658457,18.434856,18.12431,17.924883,16.661207,16.49068,0.0,0.0,0.0,0.0,0.0,0.0,0.0,0.0
20890,2023.0,5.0,26.0,1.0,18.311996,18.276478,17.758879,17.954313,18.046103,17.832296,17.838821,17.640425,16.460928,15.987587,17.079054,16.852602,18.652937,18.419544,18.063274,17.86329,16.619585,16.44841,4.0,0.0,0.0,0.0,0.0,0.0,0.0,0.0
20891,2023.0,5.0,26.0,1.0,18.257778,18.222908,17.482573,17.38634,17.988401,17.776007,17.77946,17.582375,17.25072,17.592047,17.010637,16.785156,18.608814,18.374104,18.004457,17.804806,16.579239,16.407705,0.0,0.0,0.0,4.0,0.0,0.0,0.0,0.0
20892,2023.0,5.0,26.0,2.0,18.20359,18.16741,16.902945,16.320248,17.931059,17.717987,17.720438,17.522602,16.897633,16.741602,16.943438,16.71626,18.565107,18.32886,17.944763,17.743835,16.53858,16.36552,0.0,0.0,0.0,0.0,0.0,0.0,0.0,0.0
20893,2023.0,5.0,26.0,2.0,18.150455,18.111723,16.668234,15.99938,17.87462,17.65971,17.662392,17.46267,16.456186,15.987914,16.879313,16.649384,18.520203,18.281797,17.885845,17.682838,16.498041,16.32285,0.0,0.0,0.0,0.0,0.0,0.0,0.0,0.0
20894,2023.0,5.0,26.0,2.0,18.10111,18.062136,16.881105,16.535305,17.822254,17.607895,17.608614,17.40948,16.305199,15.82416,16.820278,16.590374,18.477358,18.238455,17.830412,17.627422,17.189053,17.656988,0.0,0.0,0.0,0.0,0.0,0.0,0.0,4.0
20895,2023.0,5.0,26.0,2.0,18.051476,18.011124,16.963026,16.722431,17.76999,17.554775,17.555172,17.355122,16.464203,16.238388,16.761885,16.530615,18.434084,18.193798,17.775278,17.571236,16.68473,16.545525,0.0,0.0,0.0,0.0,0.0,0.0,0.0,0.0
20896,2023.0,5.0,26.0,2.0,18.001347,17.958366,16.945177,16.716955,17.717726,17.500338,17.50207,17.29967,16.490595,16.291214,16.704035,16.47015,18.390528,18.147985,17.720377,17.51428,16.255524,15.819872,0.0,0.0,0.0,0.0,0.0,0.0,0.0,0.0
20897,2023.0,5.0,26.0,2.0,17.95447,17.911127,16.908812,16.68129,17.668896,17.451654,17.452538,17.250204,16.460505,16.26168,16.65033,16.416323,18.349236,18.106138,17.668554,17.46239,16.807734,16.972723,0.0,0.0,0.0,0.0,0.0,0.0,0.0,4.0
20898,2023.0,5.0,26.0,3.0,17.90731,17.862364,16.868519,16.640015,17.619751,17.40138,17.402687,17.199173,16.424805,16.224792,16.596828,16.361465,18.307617,18.063108,17.6167,17.409473,16.24939,15.802772,0.0,0.0,0.0,0.0,0.0,0.0,0.0,0.0
20899,2023.0,5.0,26.0,3.0,17.858135,17.808764,16.824179,16.59121,17.568094,17.34522,17.35042,17.142262,16.385712,16.182753,16.541542,16.301775,18.264755,18.017113,17.563726,17.353474,16.04818,15.591244,0.0,0.0,0.0,0.0,0.0,0.0,0.0,0.0
20900,2023.0,5.0,26.0,3.0,17.814337,17.765106,16.785528,16.553785,17.523018,17.30143,17.30469,17.09785,16.34932,16.146406,16.492785,16.253876,18.22565,17.978065,17.51498,17.305063,16.22156,16.028608,0.0,0.0,0.0,0.0,0.0,0.0,0.0,0.0
20901,2023.0,5.0,26.0,3.0,17.768892,17.717497,16.743462,16.50923,17.47525,17.251465,17.256052,17.047092,16.311361,16.106905,16.442444,16.201525,18.185568,17.936445,17.465553,17.254385,16.222881,16.036745,0.0,0.0,0.0,0.0,0.0,0.0,0.0,0.0
20902,2023.0,5.0,26.0,3.0,17.743975,17.710392,17.190172,17.380953,17.433018,17.212017,17.213074,17.007034,16.276127,16.072813,16.694538,16.714275,18.148563,17.900574,17.419525,17.209873,16.19204,16.006512,4.0,0.0,0.0,0.0,4.0,0.0,0.0,0.0
20903,2023.0,5.0,26.0,3.0,17.70547,17.671986,16.892467,16.749691,17.387417,17.165173,17.166824,16.959562,16.238876,16.034412,16.456131,16.20852,18.1098,17.860634,17.37176,17.161137,16.156218,15.969704,0.0,0.0,0.0,0.0,0.0,0.0,0.0,0.0
20904,2023.0,5.0,26.0,4.0,17.662432,17.62576,16.715328,16.476543,17.34015,17.114525,17.119112,16.908401,16.200861,15.9942465,16.35528,16.111593,18.070465,17.819157,17.323599,17.111061,16.118364,15.929971,0.0,0.0,0.0,0.0,0.0,0.0,0.0,0.0
20905,2023.0,5.0,26.0,4.0,17.621822,17.58449,16.657162,16.417727,17.296606,17.070967,17.075203,16.864447,16.164873,15.958065,16.30502,16.061522,18.033354,17.78186,17.277803,17.065287,16.081902,15.8933,0.0,0.0,0.0,0.0,0.0,0.0,0.0,0.0
20906,2023.0,5.0,26.0,4.0,17.581251,17.54316,16.6079,16.368433,17.253551,17.027855,17.031778,16.82096,16.129076,15.922073,16.255375,16.011992,17.996635,17.744951,17.232569,17.020065,16.04553,15.856727,0.0,0.0,0.0,0.0,0.0,0.0,0.0,0.0
20907,2023.0,5.0,26.0,4.0,17.540787,17.501905,16.562923,16.323395,17.210865,16.985073,16.988731,16.777822,16.093332,15.886134,16.207964,15.96461,17.960148,17.708271,17.187721,16.97523,16.009232,15.820231,0.0,0.0,0.0,0.0,0.0,0.0,0.0,0.0
20908,2023.0,5.0,26.0,4.0,18.264143,18.896862,16.524183,16.288866,17.172237,16.950056,16.949795,16.742535,16.059986,15.854874,16.165226,15.925387,17.926128,17.676283,17.145643,16.935555,15.975117,15.78798,0.0,0.0,0.0,0.0,0.0,0.0,0.0,0.0
20909,2023.0,5.0,26.0,4.0,17.783289,17.843494,16.95137,17.123255,17.130236,16.907917,16.907478,16.70009,16.594072,16.88703,16.120378,15.880497,17.890512,17.640488,17.101767,16.891693,15.939333,15.752017,4.0,0.0,0.0,4.0,0.0,0.0,0.0,0.0
20910,2023.0,5.0,26.0,5.0,17.190763,16.780657,17.104979,17.336918,17.088135,16.865324,16.865112,16.65723,16.210176,16.033304,16.368368,16.380865,17.85554,17.605131,17.058321,16.848011,16.632696,17.088018,4.0,0.0,0.0,0.0,4.0,0.0,0.0,4.0
20911,2023.0,5.0,26.0,5.0,17.00322,16.557497,16.379118,15.908138,17.052061,16.834515,16.828978,16.626207,16.066648,15.864246,16.478193,16.521856,17.826145,17.580067,17.020126,16.813917,16.146385,16.011787,0.0,0.0,0.0,0.0,4.0,0.0,0.0,0.0
20912,2023.0,5.0,26.0,5.0,17.279085,17.20933,16.030203,15.373971,17.017323,16.804836,16.79462,16.596579,16.023891,15.82551,16.209223,16.003984,17.7987,17.556686,16.983688,16.780973,15.721777,15.287575,0.0,0.0,0.0,0.0,0.0,0.0,0.0,0.0
20913,2023.0,5.0,26.0,5.0,17.316917,17.286734,15.91492,15.266184,16.98496,16.779001,16.762754,16.570923,15.987734,15.794514,16.10152,15.878813,17.774149,17.537228,16.950659,16.75279,16.29216,16.46976,0.0,0.0,0.0,0.0,0.0,0.0,0.0,4.0
20914,2023.0,5.0,26.0,5.0,18.06294,18.715328,16.140707,15.809052,16.952803,16.752842,16.730965,16.54492,15.956809,15.768045,16.053318,15.833154,17.75132,17.519186,16.919333,16.72592,15.766898,15.358413,0.0,0.0,0.0,0.0,0.0,0.0,0.0,0.0
20915,2023.0,5.0,26.0,5.0,17.291021,17.071177,16.242899,16.01812,16.921255,16.72727,16.69976,16.519499,15.930163,15.745971,16.017132,15.802036,17.730774,17.503456,16.890194,16.701284,15.584859,15.167722,0.0,0.0,0.0,0.0,0.0,0.0,0.0,0.0
20916,2023.0,5.0,26.0,6.0,16.922531,16.522625,16.245321,16.042337,16.887423,16.696629,16.666035,16.4889,15.906283,15.7252245,15.985172,15.773035,17.711596,17.488066,16.861614,16.675623,15.518394,15.110144,0.0,0.0,0.0,0.0,0.0,0.0,0.0,0.0
20917,2023.0,5.0,26.0,6.0,21.246323,24.261961,16.23318,16.044485,21.18808,24.29877,21.156364,24.415607,15.892778,15.7221155,15.967498,15.767637,21.209055,23.481617,22.238539,25.7177,16.437044,16.92437,0.0,0.0,0.0,0.0,0.0,0.0,0.0,4.0
20918,2023.0,5.0,26.0,6.0,21.006218,23.354284,16.681255,16.907267,21.00964,23.447811,21.010984,23.603918,15.883365,15.72239,15.953819,15.765192,21.018013,22.907175,20.87989,22.98946,20.37538,23.51546,4.0,0.0,0.0,0.0,0.0,0.0,0.0,0.0
20919,2023.0,5.0,26.0,6.0,21.070898,23.215158,20.327658,23.144398,21.075516,23.267843,21.079985,23.41331,16.479836,16.856647,16.251842,16.339611,21.060062,22.749372,21.094412,23.161947,18.197634,18.691685,4.0,0.0,0.0,4.0,4.0,0.0,0.0,4.0
20920,2023.0,5.0,26.0,6.0,21.171118,23.220718,20.080961,22.227892,21.160023,23.213158,21.15057,23.319101,21.47254,25.281197,20.458277,23.318327,21.12029,22.695202,21.172344,23.135277,21.548803,24.930353,4.0,4.0,4.0,0.0,0.0,0.0,0.0,0.0
20921,2023.0,5.0,26.0,6.0,21.082363,22.906532,20.087358,21.969637,21.068535,22.909473,21.072033,23.031374,18.67948,19.133732,18.45622,19.056803,21.020475,22.34714,21.060738,22.774258,18.58241,18.629007,0.0,0.0,0.0,0.0,4.0,4.0,0.0,0.0
20922,2023.0,5.0,26.0,7.0,21.141195,22.91565,18.47498,18.650446,21.13867,22.894476,21.059162,22.842472,17.682886,18.10896,20.273178,22.637932,21.153734,22.525478,21.058481,22.66916,17.067453,16.736778,4.0,4.0,4.0,4.0,0.0,4.0,0.0,0.0
20923,2023.0,5.0,26.0,7.0,21.159132,22.851732,20.22775,22.198233,21.080347,22.702194,21.084267,22.814056,20.305456,22.669714,18.725405,19.241758,21.125105,22.38522,21.018188,22.484476,16.942415,16.798458,4.0,0.0,0.0,0.0,4.0,0.0,4.0,0.0
20924,2023.0,5.0,26.0,7.0,21.04765,22.573881,20.027018,21.59427,21.073332,22.616163,21.052704,22.656328,18.62706,19.026087,20.261786,22.280924,21.026716,22.088478,21.07691,22.549349,17.869028,18.647438,4.0,0.0,4.0,4.0,4.0,4.0,0.0,4.0
20925,2023.0,5.0,26.0,7.0,21.046236,22.535044,20.059023,21.527388,21.047363,22.48997,21.080912,22.678707,20.297451,22.36244,20.042595,21.610292,21.060083,22.118189,21.064991,22.458786,21.18106,24.304976,4.0,4.0,0.0,0.0,0.0,0.0,0.0,0.0
20926,2023.0,5.0,26.0,7.0,21.071371,22.576859,20.070097,21.475151,21.050777,22.460823,21.04869,22.549297,18.28624,18.206854,18.375128,18.23664,21.05275,22.051079,21.06433,22.402634,19.088045,19.64627,0.0,4.0,4.0,0.0,0.0,0.0,0.0,4.0
20927,2023.0,5.0,26.0,7.0,21.064714,22.535072,18.844053,19.038387,21.073946,22.50011,21.077873,22.59558,17.274378,16.929316,17.444956,17.039974,21.021746,21.92794,21.049831,22.354628,20.273146,22.234392,4.0,0.0,0.0,0.0,0.0,4.0,0.0,0.0
20928,2023.0,5.0,26.0,8.0,21.037743,22.438635,20.220655,21.889078,21.067602,22.4605,21.046013,22.484062,17.20665,17.044287,17.399841,17.197607,21.025188,21.908676,21.011332,22.230736,18.313889,18.237755,0.0,0.0,4.0,0.0,0.0,4.0,4.0,0.0
20929,2023.0,5.0,26.0,8.0,19.523726,19.555696,18.595434,18.59868,19.956568,20.280447,19.860497,20.196955,17.155834,17.020414,17.738737,17.895105,19.790272,19.542927,19.48178,19.304157,18.242195,18.711163,0.0,4.0,4.0,0.0,4.0,0.0,0.0,4.0
20930,2023.0,5.0,26.0,8.0,19.519686,19.888086,18.036846,17.903214,18.94326,18.635748,19.416569,19.638727,17.083086,16.951015,20.231873,22.28773,19.300564,18.867197,19.829283,20.29952,20.276426,22.271194,0.0,0.0,4.0,0.0,4.0,0.0,4.0,0.0
20931,2023.0,5.0,26.0,8.0,18.901485,18.818766,17.837896,17.741451,19.054764,19.22228,18.618536,18.354383,17.003765,16.876858,20.021935,21.565094,19.08676,18.664371,19.98501,20.525713,18.360596,18.323883,0.0,4.0,0.0,0.0,4.0,0.0,4.0,0.0
20932,2023.0,5.0,26.0,8.0,18.433037,18.263966,18.096956,18.401525,18.476358,18.18442,18.790276,19.023321,16.931574,16.806099,20.066217,21.469006,18.93253,18.523312,19.933756,20.491472,17.42969,17.151651,4.0,0.0,4.0,0.0,0.0,0.0,4.0,0.0
20933,2023.0,5.0,26.0,8.0,18.213482,18.058786,20.24579,22.16851,18.721674,18.93779,18.853027,19.156195,16.87287,16.750326,18.906641,19.077448,19.00337,18.798252,19.001003,18.79867,17.322386,17.177599,4.0,4.0,4.0,0.0,4.0,0.0,0.0,0.0
20934,2023.0,5.0,26.0,9.0,18.959888,19.64216,20.03755,21.573753,18.84842,19.155685,18.168036,17.962633,16.823902,16.702515,20.277136,21.731123,19.777172,20.303371,18.480946,18.16558,17.240202,17.115602,0.0,4.0,0.0,0.0,0.0,4.0,0.0,0.0
20935,2023.0,5.0,26.0,9.0,19.027542,19.57825,18.875109,19.20122,18.80981,19.141615,18.417595,18.695763,17.526934,18.060213,18.766697,18.732399,19.862778,20.249708,18.2745,17.960217,17.14136,17.022076,4.0,4.0,4.0,4.0,0.0,4.0,0.0,0.0
20936,2023.0,5.0,26.0,9.0,18.965887,19.503384,20.207602,21.77512,18.171745,17.995783,18.542255,18.918152,20.304785,22.80735,18.265865,18.076237,19.113611,18.827494,18.163816,17.861012,17.072601,16.95483,0.0,0.0,4.0,0.0,0.0,0.0,0.0,0.0
20937,2023.0,5.0,26.0,9.0,18.952152,19.512264,18.733738,18.81616,18.449724,18.75358,17.942015,17.828497,18.257084,18.404325,18.481262,18.626007,18.803322,18.46054,19.060846,19.653915,17.003412,16.889427,0.0,4.0,0.0,0.0,4.0,0.0,4.0,0.0
20938,2023.0,5.0,26.0,9.0,18.943598,19.518017,18.18434,18.105806,18.592379,18.99445,18.292475,18.634506,17.481287,17.23122,20.180225,21.64873,18.737883,18.404928,18.445902,18.331646,17.89106,18.608288,0.0,4.0,4.0,0.0,4.0,0.0,0.0,4.0
20939,2023.0,5.0,26.0,9.0,18.926252,19.506853,17.978313,17.924137,18.599728,19.017574,18.46845,18.893183,17.371515,17.220978,20.017445,21.155151,18.687347,18.36814,19.03839,19.67403,20.286749,22.586494,0.0,4.0,4.0,0.0,4.0,0.0,4.0,0.0
20940,2023.0,5.0,26.0,10.0,18.92449,19.52737,17.794836,17.745478,18.602385,19.036316,17.895718,17.84427,17.306105,17.172812,20.052414,21.128649,18.781717,18.607025,18.479877,18.386816,18.320402,18.435806,0.0,4.0,0.0,0.0,0.0,0.0,0.0,0.0
20941,2023.0,5.0,26.0,10.0,18.309814,18.395863,17.64641,17.601559,18.604061,19.053587,17.54141,17.38769,17.980482,18.5098,19.22867,19.443542,18.820507,18.673443,18.079369,17.857851,17.395168,17.218534,0.0,4.0,0.0,4.0,4.0,0.0,0.0,0.0
20942,2023.0,5.0,26.0,10.0,18.733015,19.338896,17.548752,17.50935,18.607805,19.073433,17.434437,17.28448,20.250368,22.430668,20.191208,21.201742,18.816858,18.675587,17.987339,17.762484,17.3036,17.180046,0.0,4.0,0.0,0.0,0.0,0.0,0.0,0.0
20943,2023.0,5.0,26.0,10.0,18.292667,18.415545,17.45101,17.42118,18.612991,19.094841,17.358934,17.230762,18.491137,18.668331,19.402313,19.65854,18.81038,18.672295,17.934467,17.720638,17.240248,17.128105,0.0,4.0,0.0,0.0,4.0,0.0,0.0,0.0
20944,2023.0,5.0,26.0,10.0,18.728983,19.374657,17.833523,18.203827,18.619738,19.117702,17.381474,17.347261,17.799738,17.601923,20.165289,21.057306,18.808784,18.67263,17.97842,17.847527,17.187864,17.075375,4.0,4.0,0.0,0.0,0.0,0.0,0.0,0.0
20945,2023.0,5.0,26.0,10.0,18.295725,18.451612,20.259205,22.401136,18.060757,18.087584,18.062376,18.665823,17.666773,17.528587,19.18938,19.198078,18.809408,18.674976,17.985817,17.86721,17.137342,17.0269,0.0,0.0,4.0,0.0,0.0,0.0,0.0,0.0
20946,2023.0,5.0,26.0,11.0,17.968452,18.046236,19.093979,19.820871,17.724243,17.655064,17.751926,17.90046,18.314869,18.824242,18.678371,18.541733,18.812616,18.679302,17.970335,17.854092,17.096899,16.986738,4.0,0.0,0.0,4.0,0.0,0.0,0.0,0.0
20947,2023.0,5.0,26.0,11.0,17.870504,17.946615,20.18393,21.877764,17.61622,17.541677,17.43543,17.399916,20.22355,22.125118,18.54573,18.381292,18.816648,18.681757,17.956036,17.83825,17.072605,16.960173,4.0,0.0,0.0,0.0,0.0,0.0,0.0,0.0
20948,2023.0,5.0,26.0,11.0,17.80915,17.906103,20.020603,21.436428,17.539068,17.478004,17.30962,17.266682,18.69808,18.88618,18.445269,18.278206,18.820934,18.684198,17.940819,17.821552,17.980122,18.692812,4.0,0.0,0.0,0.0,0.0,0.0,0.0,4.0
20949,2023.0,5.0,26.0,11.0,17.802195,17.960716,20.039974,21.39336,18.215948,18.820997,17.909576,18.454865,17.869843,17.712032,18.752436,18.922794,18.82621,18.687788,17.927439,17.806591,20.256329,22.49765,4.0,4.0,4.0,0.0,4.0,0.0,0.0,0.0
20950,2023.0,5.0,26.0,11.0,18.514273,19.337608,20.035866,21.326338,18.429174,19.017689,17.579283,17.672144,17.720428,17.581543,20.136427,21.30307,19.619843,20.186304,18.970396,19.784529,18.470324,18.692528,4.0,4.0,0.0,0.0,4.0,4.0,4.0,0.0
20951,2023.0,5.0,26.0,11.0,18.08717,18.314196,20.034779,21.280119,17.860723,17.943483,17.289242,17.290718,18.41945,18.952589,20.021063,20.950739,19.139177,19.020372,18.383497,18.325853,17.586742,17.468384,4.0,0.0,0.0,4.0,0.0,0.0,0.0,0.0
20952,2023.0,5.0,26.0,12.0,18.483915,19.24893,20.033644,21.244198,18.218508,18.782816,17.876238,18.454462,20.202581,21.952023,19.082836,19.04096,18.88523,18.67725,18.046707,17.893808,17.41503,17.27972,4.0,4.0,4.0,0.0,0.0,0.0,0.0,0.0
20953,2023.0,5.0,26.0,12.0,21.3053,24.030613,20.050592,21.266356,21.319357,24.073368,21.336973,24.334557,18.794874,18.97958,18.56756,18.336222,21.264545,22.852587,21.51596,23.966227,17.358906,17.23639,0.0,4.0,4.0,0.0,0.0,0.0,0.0,0.0
20954,2023.0,5.0,26.0,12.0,21.004692,23.134504,19.278795,19.740667,21.02715,23.190226,21.00443,23.31087,18.025244,17.883583,18.5086,18.3261,21.007734,22.232262,20.970919,22.667215,17.317316,17.194622,4.0,0.0,4.0,0.0,0.0,0.0,4.0,0.0
20955,2023.0,5.0,26.0,12.0,21.070488,23.085636,20.158943,21.525448,21.04595,22.990093,21.079542,23.23688,17.876858,17.739588,18.472803,18.299505,21.004639,22.06689,21.063549,22.67726,17.28589,17.163527,4.0,4.0,0.0,0.0,0.0,4.0,0.0,0.0
20956,2023.0,5.0,26.0,12.0,21.089443,22.935986,20.091825,21.32759,21.099957,22.932627,21.149239,23.180367,17.814209,17.674364,18.426285,18.252485,21.085615,22.134417,21.112534,22.606737,17.263098,17.1408,0.0,4.0,0.0,0.0,0.0,0.0,0.0,0.0
20957,2023.0,5.0,26.0,12.0,21.057302,22.81704,19.311749,19.79222,21.058744,22.780571,21.054754,22.88719,17.770061,17.63353,18.393791,18.224894,21.000267,21.854038,21.039328,22.368488,17.248589,17.128244,4.0,0.0,0.0,0.0,0.0,4.0,0.0,0.0
20958,2023.0,5.0,26.0,13.0,21.235895,23.081686,20.173923,21.55829,21.187866,22.95921,21.0332,22.752823,17.7319,17.596199,18.362715,18.195303,21.187206,22.186598,21.04648,22.3047,17.237293,17.118515,0.0,0.0,4.0,0.0,0.0,0.0,0.0,0.0
20959,2023.0,5.0,26.0,13.0,21.05984,22.692627,19.33625,19.83968,21.033049,22.565048,21.043478,22.708643,17.701824,17.567003,18.33732,18.171728,21.001713,21.735916,21.038956,22.240896,17.228956,17.111448,4.0,4.0,4.0,0.0,0.0,4.0,0.0,0.0
20960,2023.0,5.0,26.0,13.0,21.215527,22.960855,20.17375,21.56858,21.06233,22.601013,21.209536,23.01174,17.677608,17.544111,18.315344,18.151445,21.224075,22.16408,21.340494,22.801907,18.224482,19.005167,0.0,0.0,0.0,0.0,0.0,0.0,0.0,4.0
20961,2023.0,5.0,26.0,13.0,21.02637,22.5228,19.034609,19.289207,21.030825,22.480755,21.034584,22.594353,17.658,17.526146,18.297207,18.135553,21.029459,21.732595,21.038078,22.154938,20.179495,22.1594,0.0,4.0,4.0,0.0,0.0,0.0,0.0,4.0
20962,2023.0,5.0,26.0,13.0,21.058077,22.584036,18.353529,18.405046,21.060818,22.533108,21.064383,22.641014,17.641178,17.5107,18.68511,18.884462,21.028812,21.70158,21.03742,22.126856,20.024738,21.629444,0.0,0.0,0.0,0.0,4.0,0.0,0.0,0.0
20963,2023.0,5.0,26.0,13.0,21.051594,22.546728,18.149284,18.191345,21.028978,22.42336,21.03258,22.526495,17.6275,17.499435,20.174934,21.411474,21.02406,21.676811,21.03736,22.103348,18.681395,18.856108,0.0,4.0,4.0,0.0,0.0,0.0,0.0,0.0
20964,2023.0,5.0,26.0,14.0,21.050856,22.523815,17.99912,18.036333,21.058872,22.48392,21.062136,22.581648,18.386406,18.946484,19.284176,19.519796,21.057226,21.697882,21.036896,22.082373,18.885645,19.602913,0.0,0.0,0.0,4.0,0.0,4.0,0.0,4.0
20965,2023.0,5.0,26.0,14.0,20.443142,21.316973,17.87918,17.91698,20.259443,20.899763,19.688314,19.919685,20.193539,21.952763,19.058239,19.292599,20.24856,20.146105,19.965994,19.99643,20.154314,21.734566,0.0,4.0,0.0,0.0,4.0,0.0,0.0,0.0
20966,2023.0,5.0,26.0,14.0,20.047134,20.786118,18.216839,18.636461,19.322933,19.442337,19.505352,20.06096,18.851055,19.086262,20.12841,21.19129,19.875814,19.67411,20.395596,21.15438,18.843414,19.02781,4.0,0.0,4.0,0.0,0.0,0.0,4.0,0.0
20967,2023.0,5.0,26.0,14.0,19.90732,20.64235,20.233702,22.11795,18.856606,18.862709,18.97758,19.104176,18.129753,18.056932,19.190104,19.238438,19.763968,19.563688,19.671589,19.615952,18.154491,18.085367,4.0,0.0,0.0,0.0,0.0,0.0,0.0,0.0
20968,2023.0,5.0,26.0,14.0,19.825714,20.56881,20.021555,21.515106,19.276598,19.834293,19.19895,19.78519,18.670061,19.19073,18.679968,18.526146,20.505991,21.057734,20.185753,20.894888,17.95443,17.857458,0.0,4.0,4.0,4.0,0.0,4.0,4.0,0.0
20969,2023.0,5.0,26.0,14.0,19.189861,19.441673,18.870531,19.181524,19.409464,20.01615,18.736227,18.880033,20.173185,21.718887,18.588566,18.443506,19.99919,19.90932,19.521141,19.464384,17.848042,17.746042,0.0,4.0,0.0,0.0,0.0,0.0,0.0,0.0
20970,2023.0,5.0,26.0,15.0,18.813206,18.983631,18.593235,19.02319,19.380861,19.993608,18.358538,18.40263,18.966969,19.186028,18.533417,18.393324,19.688221,19.509928,20.067654,20.768682,17.76572,17.663515,4.0,4.0,0.0,0.0,0.0,0.0,4.0,0.0
20971,2023.0,5.0,26.0,15.0,19.354559,20.10765,20.205334,21.8643,18.808155,18.95073,18.217329,18.24663,18.429895,18.33674,18.48792,18.347887,19.614405,19.434263,19.367012,19.33024,18.620697,19.327007,4.0,0.0,0.0,0.0,0.0,0.0,0.0,4.0
20972,2023.0,5.0,26.0,15.0,18.919924,19.173967,20.024485,21.38499,19.074291,19.658453,18.103298,18.138952,18.238298,18.129274,18.440565,18.303352,19.55155,19.375624,18.972042,18.83642,20.17682,21.894718,0.0,4.0,0.0,0.0,0.0,0.0,0.0,0.0
20973,2023.0,5.0,26.0,15.0,19.25967,20.024355,19.27417,19.837688,19.214336,19.835245,18.003035,18.04032,18.12867,18.018559,18.39874,18.265568,20.290155,20.833355,18.852741,18.716736,18.80581,19.02818,4.0,4.0,0.0,0.0,0.0,4.0,0.0,0.0
20974,2023.0,5.0,26.0,15.0,18.77184,19.034601,20.150438,21.482414,19.210758,19.830713,17.927267,17.962914,18.057302,17.94587,18.36582,18.234798,19.751236,19.68155,18.777122,18.643997,18.250109,18.17116,4.0,4.0,0.0,0.0,0.0,0.0,0.0,0.0
20975,2023.0,5.0,26.0,15.0,18.445784,18.617542,20.011967,21.165077,18.625013,18.74707,17.849585,17.886585,17.98761,17.87889,18.330595,18.203232,20.223047,20.735655,18.718634,18.6063,18.045416,17.952435,4.0,0.0,0.0,0.0,0.0,4.0,0.0,0.0
20976,2023.0,5.0,26.0,16.0,19.034624,19.811102,20.029596,21.166544,18.94124,19.536158,18.479189,19.131504,18.665173,19.214338,18.297466,18.174477,20.484161,21.060667,19.693556,20.508842,18.832697,19.54797,4.0,4.0,4.0,4.0,0.0,4.0,4.0,4.0
20977,2023.0,5.0,26.0,16.0,19.24617,20.037779,20.02687,21.133904,18.535208,18.675547,18.739388,19.4363,20.17076,21.732025,18.658756,18.88705,20.550179,21.128405,20.054226,20.894377,20.154734,21.735624,4.0,0.0,4.0,0.0,4.0,4.0,4.0,0.0
20978,2023.0,5.0,26.0,16.0,19.275112,20.061132,20.026594,21.110489,18.846191,19.437056,18.16949,18.329393,19.513971,20.21652,20.163134,21.479565,20.588034,21.163248,19.178701,19.17624,18.850191,19.040203,4.0,4.0,0.0,4.0,0.0,4.0,0.0,0.0
20979,2023.0,5.0,26.0,16.0,19.299673,20.08164,20.02594,21.08934,19.02074,19.643854,18.49739,19.120655,20.124483,21.447004,19.2212,19.463634,19.893564,19.824095,18.770433,18.658747,18.153841,18.08775,4.0,4.0,4.0,0.0,0.0,0.0,0.0,0.0
20980,2023.0,5.0,26.0,16.0,19.314083,20.088795,20.025572,21.071472,19.034012,19.653057,18.10664,18.2521,19.59453,20.254278,18.593493,18.52277,20.311243,20.802797,19.643682,20.406216,18.836432,19.523785,4.0,4.0,0.0,4.0,0.0,4.0,4.0,4.0
20981,2023.0,5.0,26.0,16.0,19.324076,20.091658,20.025282,21.05627,19.04509,19.661194,17.807442,17.862589,20.108355,21.307274,18.425905,18.324068,19.816006,19.729946,20.01986,20.863503,20.120815,21.628935,4.0,4.0,0.0,0.0,0.0,0.0,4.0,4.0
20982,2023.0,5.0,26.0,17.0,19.33432,20.098505,20.025133,21.043312,19.052553,19.665802,18.365528,18.97957,19.064302,19.201103,18.737864,18.975002,19.53702,19.379429,19.145191,19.139242,20.03601,21.356806,4.0,4.0,4.0,0.0,4.0,0.0,0.0,0.0
20983,2023.0,5.0,26.0,17.0,19.351963,20.118938,20.024963,21.031153,19.054075,19.661676,18.016851,18.16229,18.453497,18.362644,20.155315,21.440027,19.446209,19.285725,18.735525,18.626408,18.868301,19.012814,4.0,4.0,0.0,0.0,0.0,0.0,0.0,0.0
20984,2023.0,5.0,26.0,17.0,19.356237,20.116661,20.024742,21.019255,18.492676,18.614178,17.716597,17.76234,18.27231,18.187021,19.208996,19.435839,20.104134,20.594913,18.609304,18.49364,18.2247,18.150063,4.0,0.0,0.0,0.0,0.0,4.0,0.0,0.0
20985,2023.0,5.0,26.0,17.0,19.354889,20.106125,20.042704,21.058924,18.81438,19.403976,18.303827,18.92981,18.167166,18.084114,18.580318,18.512142,20.391008,20.973125,18.517698,18.401457,18.020851,17.927694,0.0,4.0,4.0,0.0,0.0,4.0,0.0,0.0
20986,2023.0,5.0,26.0,17.0,19.352533,20.095705,19.446728,19.880083,18.957424,19.552553,18.505957,19.12992,18.074198,17.994394,18.413267,18.326336,20.441727,21.021383,18.440845,18.326517,17.915207,17.838331,4.0,4.0,4.0,0.0,0.0,4.0,0.0,0.0
20987,2023.0,5.0,26.0,17.0,18.737955,18.943089,20.098993,21.163214,18.391325,18.483454,17.952806,18.06131,18.00469,17.926928,18.340233,18.252022,20.461924,21.036825,18.409603,18.327234,17.836935,17.763832,4.0,0.0,0.0,0.0,0.0,4.0,0.0,0.0
20988,2023.0,5.0,26.0,18.0,18.41839,18.547512,20.014988,20.977318,18.072254,18.068123,18.33259,18.939749,18.682154,19.276375,18.264378,18.178497,20.478025,21.048594,18.362045,18.287035,17.752768,17.683964,4.0,0.0,4.0,4.0,0.0,4.0,0.0,0.0
20989,2023.0,5.0,26.0,18.0,21.25542,23.627466,20.044107,21.036572,21.261106,23.76045,21.282715,23.948555,20.1585,21.687258,18.194965,18.112349,21.098528,22.162615,21.41629,23.643465,17.673738,17.606815,0.0,4.0,4.0,4.0,0.0,0.0,0.0,0.0
20990,2023.0,5.0,26.0,18.0,21.019287,22.899916,19.434088,19.828815,21.018698,22.971254,21.025368,23.139158,20.029402,21.294127,18.130714,18.050842,21.028187,21.941927,21.003492,22.665247,17.60431,17.539186,4.0,0.0,0.0,0.0,0.0,0.0,0.0,0.0
20991,2023.0,5.0,26.0,18.0,21.058395,22.797096,20.12149,21.22625,21.064144,22.851112,21.069412,23.010998,18.8783,18.966417,18.072002,17.995253,21.00588,21.821764,21.050625,22.58603,17.546913,17.486227,4.0,0.0,0.0,0.0,0.0,4.0,0.0,0.0
20992,2023.0,5.0,26.0,18.0,21.021076,22.582525,20.007599,20.966541,21.052952,22.686554,21.032486,22.769094,18.23653,18.111343,18.013393,17.937223,21.04013,21.875093,20.999784,22.339005,17.493452,17.43464,4.0,0.0,4.0,0.0,0.0,0.0,4.0,0.0
20993,2023.0,5.0,26.0,18.0,21.031557,22.524149,20.029081,20.98693,21.02257,22.522465,21.04254,22.686508,18.105669,18.03024,18.38548,18.69062,21.033041,21.828154,21.06031,22.398146,17.447006,17.392149,4.0,4.0,4.0,0.0,4.0,0.0,0.0,0.0
20994,2023.0,5.0,26.0,19.0,21.206764,22.817812,20.187517,21.30153,21.162458,22.745523,21.065231,22.674824,18.01427,17.946657,20.202236,21.845852,21.258224,22.2344,21.048014,22.30305,17.404512,17.35417,0.0,0.0,0.0,0.0,0.0,4.0,0.0,0.0
20995,2023.0,5.0,26.0,19.0,21.055637,22.48658,19.442175,19.816523,21.029926,22.39799,21.03501,22.530775,17.921776,17.856482,18.994566,19.247858,21.009045,21.718931,21.048836,22.249708,17.36183,17.313204,4.0,4.0,4.0,0.0,0.0,4.0,0.0,0.0
20996,2023.0,5.0,26.0,19.0,21.023579,22.3631,20.12729,21.212975,21.03539,22.366953,21.064638,22.562132,18.625458,19.264166,18.276867,18.23946,21.009624,21.714882,21.048183,22.206186,17.320532,17.27324,4.0,4.0,0.0,4.0,0.0,4.0,0.0,0.0
20997,2023.0,5.0,26.0,19.0,21.056019,22.41846,20.01406,20.948957,21.05959,22.401567,21.058493,22.50643,20.167667,21.759615,18.488548,18.770067,21.010054,21.711004,21.040802,22.173449,17.280901,17.235138,4.0,0.0,0.0,4.0,4.0,4.0,0.0,0.0
20998,2023.0,5.0,26.0,19.0,21.23276,22.721584,20.192755,21.294626,21.179535,22.607098,21.206284,22.745268,20.197002,21.664167,20.21755,21.753826,21.156422,22.017391,21.436174,22.921276,18.225903,19.060701,0.0,0.0,4.0,0.0,0.0,0.0,4.0,4.0
20999,2023.0,5.0,26.0,19.0,21.055021,22.358309,19.40928,19.73009,21.053986,22.3214,21.062914,22.446005,18.770601,18.776829,19.026817,19.235905,21.035666,21.758749,21.056047,22.160324,20.245132,22.334932,4.0,0.0,0.0,0.0,0.0,0.0,0.0,0.0
21000,2023.0,5.0,26.0,20.0,21.221628,22.649973,20.13548,21.2538,21.018974,22.226454,21.057518,22.407366,18.818169,19.279984,18.699883,18.983982,21.24257,22.14326,21.048044,22.126112,19.143932,19.843079,0.0,4.0,0.0,4.0,4.0,4.0,0.0,4.0
21001,2023.0,5.0,26.0,20.0,21.02811,22.242102,19.02673,19.035448,21.061008,22.305859,21.033125,22.312416,20.263174,21.771576,20.211267,21.62597,21.042025,21.754442,21.00946,22.00452,20.282635,22.096327,0.0,0.0,4.0,0.0,0.0,0.0,4.0,0.0
21002,2023.0,5.0,26.0,20.0,21.055227,22.304184,18.934942,19.255222,21.05392,22.266472,21.038061,22.303696,19.369411,19.840033,18.875923,18.865881,21.007338,21.660131,21.017416,22.015554,18.573914,18.58254,4.0,0.0,4.0,4.0,0.0,4.0,4.0,0.0
21003,2023.0,5.0,26.0,20.0,21.023245,22.200684,20.141516,21.366581,21.029589,22.174715,21.063118,22.356983,20.139889,21.383307,18.262974,18.170784,21.04408,21.753672,21.057455,22.119923,17.777954,17.58714,4.0,4.0,0.0,4.0,0.0,0.0,0.0,0.0
21004,2023.0,5.0,26.0,20.0,21.0573,22.253023,20.069698,21.087328,21.109812,22.342777,21.116074,22.434135,20.055353,21.096952,18.105595,17.99918,21.025715,21.680462,21.100739,22.185389,17.536978,17.319906,4.0,0.0,0.0,4.0,0.0,4.0,0.0,0.0
21005,2023.0,5.0,26.0,20.0,21.057142,22.230112,20.067848,21.040443,21.107916,22.290985,21.073893,22.285263,20.102999,21.18308,17.979788,17.872046,21.027088,21.689056,21.033329,21.983324,17.528635,17.448153,4.0,0.0,4.0,0.0,0.0,4.0,4.0,0.0
21006,2023.0,5.0,26.0,21.0,21.026031,22.164167,20.046404,20.980045,21.011335,22.101006,21.035267,22.218893,18.83715,18.68517,17.874172,17.772203,21.044035,21.742033,21.017513,21.972038,17.459017,17.382975,0.0,4.0,4.0,0.0,0.0,0.0,4.0,0.0
21007,2023.0,5.0,26.0,21.0,21.030151,22.162573,18.9365,18.821333,21.038515,22.137829,21.03976,22.219604,18.13911,17.831871,17.76653,17.656734,21.01062,21.646313,21.059227,22.081484,18.27094,18.989542,0.0,4.0,4.0,0.0,0.0,4.0,0.0,4.0
21008,2023.0,5.0,26.0,21.0,21.030167,22.152544,18.218779,17.860653,21.061108,22.189339,21.06488,22.279022,18.593485,18.895472,17.667994,17.551443,21.047096,21.735777,21.01156,21.945734,20.21297,22.126734,0.0,0.0,0.0,4.0,0.0,0.0,4.0,4.0
21009,2023.0,5.0,26.0,21.0,21.057556,22.21602,18.609837,18.819138,21.03113,22.090694,21.059786,22.250082,20.243185,21.652622,17.57386,17.449425,21.041906,21.7142,21.060652,22.066278,20.043133,21.58744,4.0,4.0,0.0,0.0,0.0,0.0,0.0,0.0
21010,2023.0,5.0,26.0,21.0,21.183428,22.448301,20.19032,21.574883,21.214771,22.445232,21.174236,22.459362,19.251364,19.572504,17.843826,18.023384,21.21689,22.035057,21.32118,22.546303,18.397411,18.256245,0.0,4.0,0.0,4.0,4.0,4.0,4.0,0.0
21011,2023.0,5.0,26.0,21.0,21.025536,22.089725,19.035793,19.186525,21.036476,22.07233,21.045115,22.210436,20.222475,21.49218,20.348425,22.191975,21.048216,21.709581,21.06058,22.039192,17.588009,17.265715,0.0,4.0,0.0,0.0,4.0,0.0,0.0,0.0
21012,2023.0,5.0,26.0,22.0,21.058666,22.165947,18.327589,18.222624,21.063072,22.13538,21.047386,22.219816,18.691319,18.452263,20.032242,21.42344,21.043697,21.692142,21.053225,22.01327,17.341827,17.005083,0.0,0.0,0.0,0.0,0.0,0.0,0.0,0.0
21013,2023.0,5.0,26.0,22.0,21.052948,22.140144,18.549118,18.776922,21.057772,22.108541,21.047123,22.220387,17.909529,17.507656,18.756243,18.775393,21.013973,21.606327,21.05404,22.00277,17.383465,17.252123,4.0,0.0,0.0,0.0,4.0,4.0,0.0,0.0
21014,2023.0,5.0,26.0,22.0,21.169611,22.360632,20.194386,21.636723,21.166208,22.308998,21.189674,22.504292,18.564781,18.98705,20.322212,21.751955,21.132368,21.863432,21.200788,22.28541,17.3422,17.215805,4.0,0.0,0.0,4.0,0.0,0.0,0.0,0.0
21015,2023.0,5.0,26.0,22.0,21.037867,22.113054,20.021473,21.122612,21.041393,22.074848,21.046753,22.2116,20.195845,21.705334,19.235418,19.55285,21.044497,21.677736,21.000277,21.870836,17.248104,17.119242,4.0,0.0,0.0,0.0,4.0,0.0,4.0,0.0
21016,2023.0,5.0,26.0,22.0,21.040213,22.128803,20.061409,21.106512,21.043966,22.089909,21.047333,22.209736,18.520126,18.263277,20.212162,21.536346,21.01502,21.593443,21.024221,21.91293,17.162302,17.029911,0.0,0.0,0.0,0.0,0.0,4.0,4.0,0.0
21017,2023.0,5.0,26.0,22.0,21.040241,22.135172,18.74081,18.494013,21.04376,22.094332,21.047174,22.205347,18.291786,18.391119,18.960321,19.008085,21.051006,21.686375,21.062313,22.015747,17.084898,16.94946,0.0,0.0,0.0,4.0,0.0,0.0,0.0,0.0
21018,2023.0,5.0,26.0,23.0,21.04063,22.138876,17.902544,17.357838,21.043936,22.096485,21.047434,22.201351,20.318554,21.83494,18.506765,18.58264,21.045872,21.669153,21.054996,21.989489,17.769388,18.299984,0.0,0.0,0.0,0.0,4.0,0.0,0.0,4.0
21019,2023.0,5.0,26.0,23.0,20.038502,20.215601,18.363098,18.468214,19.96638,20.029337,19.882484,19.961405,18.563587,18.31137,18.176594,18.032461,19.900751,19.465307,19.664549,19.308043,17.353443,17.26609,4.0,0.0,0.0,0.0,0.0,0.0,0.0,0.0
21020,2023.0,5.0,26.0,23.0,19.544874,19.518635,18.135992,18.010216,19.390493,19.191532,19.277008,19.091923,18.176044,17.972065,17.93779,17.739977,19.764072,19.520575,19.097128,18.59177,17.609062,17.867352,0.0,0.0,0.0,0.0,0.0,0.0,0.0,4.0
21021,2023.0,5.0,26.0,23.0,19.335276,19.301924,17.930162,17.73221,19.816072,20.185019,19.027401,18.829945,18.058498,17.87953,17.79277,17.592405,19.674238,19.457487,19.121456,18.904314,16.971493,16.58905,0.0,4.0,0.0,0.0,0.0,0.0,0.0,0.0
21022,2023.0,5.0,26.0,23.0,19.169172,19.131943,17.825287,17.617922,19.282879,19.197317,18.833708,18.631521,18.489616,18.815115,17.664366,17.45981,19.542301,19.323671,19.021568,18.841702,16.72936,16.334337,0.0,0.0,0.0,4.0,0.0,0.0,0.0,0.0
21023,2023.0,5.0,26.0,23.0,19.028921,18.98996,17.734453,17.52383,18.579453,18.004665,18.670753,18.466803,17.998026,17.836786,17.548254,17.340733,19.422438,19.20109,18.871624,18.683285,16.616068,16.221989,0.0,0.0,0.0,0.0,0.0,0.0,0.0,0.0
21024,2023.0,5.0,27.0,0.0,18.902206,18.858402,17.649872,17.434029,18.265059,17.621416,18.523878,18.31532,17.487581,17.018791,17.438826,17.225956,19.31043,19.084166,18.732723,18.539297,16.74012,16.568693,0.0,0.0,0.0,0.0,0.0,0.0,0.0,0.0
21025,2023.0,5.0,27.0,0.0,18.79114,18.746065,17.573061,17.354523,18.452242,18.179178,18.395216,18.185852,17.25484,16.756306,17.339256,17.123484,19.209547,18.980488,18.607939,18.412457,16.730247,16.568819,0.0,0.0,0.0,0.0,0.0,0.0,0.0,0.0
21026,2023.0,5.0,27.0,0.0,19.412987,20.0031,17.503622,17.285103,18.422356,18.193602,18.282303,18.076052,17.992727,18.317112,17.2492,17.033571,19.119047,18.889952,18.495945,18.30157,16.685938,16.52382,0.0,0.0,0.0,4.0,0.0,0.0,0.0,0.0
21027,2023.0,5.0,27.0,0.0,18.913557,18.978209,17.434217,17.212029,18.33077,18.103188,18.173235,17.96437,18.224165,18.6038,17.160305,16.94051,19.031322,18.798182,18.387651,18.18974,16.637005,16.47157,0.0,0.0,0.0,4.0,0.0,0.0,0.0,0.0
21028,2023.0,5.0,27.0,0.0,18.297243,17.902643,17.369923,17.145596,18.241495,18.01401,18.074768,17.865604,17.342957,16.885447,17.07829,16.856287,18.951471,18.716106,18.288973,18.089643,16.588882,16.421082,0.0,0.0,0.0,0.0,0.0,0.0,0.0,0.0
21029,2023.0,5.0,27.0,0.0,18.041122,17.581207,17.306797,17.078657,18.15355,17.923733,17.98068,17.768806,17.00208,16.484304,16.99855,16.772442,19.610268,20.026531,18.194613,17.99183,16.540382,16.369148,0.0,0.0,0.0,0.0,0.0,4.0,0.0,0.0
21030,2023.0,5.0,27.0,1.0,18.244717,18.125948,17.247849,17.017612,18.072435,17.84224,17.894957,17.682686,16.858501,16.344305,16.92464,16.696484,18.734455,18.220268,18.108065,17.904003,16.493916,16.320442,0.0,0.0,0.0,0.0,0.0,0.0,0.0,0.0
21031,2023.0,5.0,27.0,1.0,18.270683,18.214073,17.192415,16.96159,17.99649,17.766724,17.81508,17.603184,17.632513,17.94892,16.854866,16.625559,18.411848,17.819996,18.026804,17.821943,16.449335,16.2747,0.0,0.0,0.0,4.0,0.0,0.0,0.0,0.0
21032,2023.0,5.0,27.0,1.0,18.214401,18.160639,17.139715,16.908554,17.924744,17.695393,17.740143,17.528507,17.26378,17.090353,16.788746,16.558231,18.293858,17.706795,17.950136,17.744238,16.406096,16.23027,0.0,0.0,0.0,0.0,0.0,0.0,0.0,0.0
21033,2023.0,5.0,27.0,1.0,18.154535,18.100368,17.088438,16.85629,17.855715,17.626059,17.668577,17.45638,16.788824,16.292303,16.725063,16.492777,18.53667,18.30121,17.876976,17.669542,16.363575,16.186256,0.0,0.0,0.0,0.0,0.0,0.0,0.0,0.0
21034,2023.0,5.0,27.0,1.0,18.093445,18.03716,17.036697,16.8014,17.787567,17.55537,17.598312,17.383228,16.60287,16.084131,16.662508,16.426962,18.52627,18.27842,17.806555,17.59686,16.321402,16.14207,0.0,0.0,0.0,0.0,0.0,0.0,0.0,0.0
21035,2023.0,5.0,27.0,1.0,18.037828,17.983555,16.991741,16.75873,17.728176,17.499304,17.537233,17.325386,16.813478,16.623957,16.606764,16.372572,18.481043,18.233627,17.742239,17.533476,16.282003,16.102745,0.0,0.0,0.0,0.0,0.0,0.0,0.0,0.0
21036,2023.0,5.0,27.0,2.0,17.980757,17.925554,16.943884,16.70894,17.666994,17.436876,17.474363,17.261087,16.789429,16.579002,16.549925,16.313824,18.435238,18.18642,17.678598,17.46868,16.241936,16.061369,0.0,0.0,0.0,0.0,0.0,0.0,0.0,0.0
21037,2023.0,5.0,27.0,2.0,17.931564,17.881495,16.904306,16.674633,17.61577,17.392132,17.421768,17.215033,16.743774,16.536766,16.501125,16.2695,18.393456,18.147615,18.616678,19.287666,16.205822,16.027435,0.0,0.0,0.0,0.0,0.0,0.0,4.0,0.0
21038,2023.0,5.0,27.0,2.0,17.880005,17.830835,16.86158,16.632788,17.562002,17.339764,17.366404,17.161083,16.696157,16.489536,16.450197,16.21905,18.350018,18.10449,17.658184,17.24803,16.168234,15.989912,0.0,0.0,0.0,0.0,0.0,0.0,0.0,0.0
21039,2023.0,5.0,27.0,2.0,17.825027,17.771805,16.814592,16.581532,17.504528,17.277885,17.30701,17.097233,16.644592,16.434551,16.39594,16.160555,18.303944,18.055325,17.297182,16.792833,16.12827,15.947243,0.0,0.0,0.0,0.0,0.0,0.0,0.0,0.0
21040,2023.0,5.0,27.0,2.0,17.776001,17.723246,16.773138,16.540522,17.45364,17.227896,17.25467,17.045797,16.597431,16.387543,16.34737,16.112196,18.261824,18.013254,17.171946,16.668526,16.091211,15.910053,0.0,0.0,0.0,0.0,0.0,0.0,0.0,0.0
21041,2023.0,5.0,27.0,2.0,17.729162,17.677847,16.734125,16.503674,17.405514,17.182451,17.205536,16.999277,16.552086,16.343315,16.301271,16.067627,18.22131,17.973593,17.351,17.135494,16.055096,15.874448,0.0,0.0,0.0,0.0,0.0,0.0,0.0,0.0
21042,2023.0,5.0,27.0,3.0,17.680986,17.628717,16.692142,16.46021,17.354843,17.130878,17.154058,16.946686,16.505726,16.296118,16.253565,16.018782,18.179943,17.931452,17.343784,17.135317,16.018005,15.836615,0.0,0.0,0.0,0.0,0.0,0.0,0.0,0.0
21043,2023.0,5.0,27.0,3.0,17.634197,17.581423,16.651707,16.419369,17.30627,17.082462,17.104797,16.897446,16.460575,16.250645,16.207426,15.972317,18.139446,17.890507,17.299915,17.091133,15.9812765,15.79938,0.0,0.0,0.0,0.0,0.0,0.0,0.0,0.0
21044,2023.0,5.0,27.0,3.0,17.58806,17.53473,16.611574,16.378767,17.258549,17.034775,17.05639,16.848976,16.41603,16.20577,16.161913,15.926469,18.099405,17.850016,17.252644,17.04363,15.944605,15.762213,0.0,0.0,0.0,0.0,0.0,0.0,0.0,0.0
21045,2023.0,5.0,27.0,3.0,17.542528,17.488577,16.571735,16.33841,17.21159,16.987751,17.008766,16.801214,16.372057,16.16146,16.11698,15.881197,18.059784,17.809942,17.204184,16.994987,15.907992,15.725113,0.0,0.0,0.0,0.0,0.0,0.0,0.0,0.0
21046,2023.0,5.0,27.0,3.0,17.516695,17.481222,16.535902,16.305752,17.169085,16.948872,16.965698,16.761766,16.33111,16.122696,16.07566,15.842634,18.022717,17.774603,17.158064,16.95103,16.60274,17.064882,0.0,0.0,0.0,0.0,0.0,0.0,0.0,4.0
21047,2023.0,5.0,27.0,3.0,17.478056,17.444035,16.49665,16.265924,17.123476,16.903044,16.91966,16.715378,16.288158,16.079401,16.031773,15.798402,17.983854,17.735292,17.109886,16.902687,16.101418,15.959231,0.0,0.0,0.0,0.0,0.0,0.0,0.0,0.0
21048,2023.0,5.0,27.0,4.0,17.434963,17.399103,16.456547,16.22418,17.077288,16.855465,16.87331,16.667416,16.244705,16.03473,15.98727,15.752577,17.944464,17.69468,17.06112,16.852854,15.671866,15.230468,0.0,0.0,0.0,0.0,0.0,0.0,0.0,0.0
21049,2023.0,5.0,27.0,4.0,17.390165,17.35077,16.41409,16.177528,17.02927,16.803738,16.82514,16.615368,16.200283,15.987765,15.941347,15.703555,17.904068,17.651812,17.011614,16.801176,15.522116,15.065312,0.0,0.0,0.0,0.0,0.0,0.0,0.0,0.0
21050,2023.0,5.0,27.0,4.0,17.348263,17.308273,16.376179,16.139986,16.985804,16.760887,16.78133,16.572159,16.15856,15.946065,15.898907,15.661404,17.86591,17.613392,16.96453,16.754158,15.692246,15.498371,0.0,0.0,0.0,0.0,0.0,0.0,0.0,0.0
21051,2023.0,5.0,27.0,4.0,17.306976,17.266897,16.338226,16.102203,16.942696,16.71837,16.7377,16.529192,16.703442,17.00645,15.857022,15.620001,17.828312,17.575855,16.918308,16.70844,15.695045,15.507775,0.0,0.0,0.0,4.0,0.0,0.0,0.0,0.0
21052,2023.0,5.0,27.0,4.0,17.264399,17.222586,16.298698,16.061157,16.89815,16.672684,16.69262,16.483017,16.285076,16.09266,15.814012,15.576007,17.78982,17.536318,16.871248,16.660666,15.664519,15.477551,0.0,0.0,0.0,0.0,0.0,0.0,0.0,0.0
21053,2023.0,5.0,27.0,4.0,17.220512,17.17513,16.257633,16.016872,16.852173,16.623861,16.646173,16.433722,16.136547,15.92004,16.08786,16.126247,17.750711,17.49509,16.82362,16.611147,15.628728,15.440028,0.0,0.0,0.0,0.0,4.0,0.0,0.0,0.0
21054,2023.0,5.0,27.0,5.0,17.179302,17.133,16.219378,15.9779825,16.809105,16.580597,16.602783,16.390118,16.081036,15.864968,15.835997,15.5871935,17.714045,17.458057,16.77872,16.56625,15.593404,15.404426,0.0,0.0,0.0,0.0,0.0,0.0,0.0,0.0
21055,2023.0,5.0,27.0,5.0,17.915953,18.554188,16.189135,15.954724,16.77355,16.552109,16.567013,16.361267,16.036158,15.826184,15.74877,15.5123205,17.684505,17.43432,16.740484,16.533617,15.563818,15.37995,0.0,0.0,0.0,0.0,0.0,0.0,0.0,0.0
21056,2023.0,5.0,27.0,5.0,17.438251,17.505615,16.161085,15.9340925,16.73974,16.52524,16.532978,16.334028,15.997825,15.793005,15.715143,15.486483,17.657692,17.413012,16.704557,16.502693,15.536295,15.357162,0.0,0.0,0.0,0.0,0.0,0.0,0.0,0.0
21057,2023.0,5.0,27.0,5.0,16.862228,16.475147,16.13368,15.913873,16.706615,16.498621,16.499584,16.307024,15.964201,15.76431,15.980179,16.01592,17.633247,17.393862,16.670683,16.473473,15.510641,15.335998,0.0,0.0,0.0,0.0,4.0,0.0,0.0,0.0
21058,2023.0,5.0,27.0,5.0,16.692783,16.282776,16.107746,15.895651,16.67513,16.474363,16.467901,16.282438,15.93528,15.741128,15.780848,15.576276,17.611656,17.378098,16.639942,16.448135,16.209019,16.674866,0.0,0.0,0.0,0.0,0.0,0.0,0.0,4.0
21059,2023.0,5.0,27.0,5.0,16.935133,16.864412,16.082212,15.8771925,16.643787,16.449568,16.436615,16.257454,15.908976,15.720071,15.685465,15.473031,17.59194,17.363873,16.611084,16.424183,15.733372,15.612239,0.0,0.0,0.0,0.0,0.0,0.0,0.0,0.0
21060,2023.0,5.0,27.0,6.0,16.985247,16.968706,16.057575,15.859997,17.330318,17.769518,16.406687,16.234188,15.886047,15.702756,15.661356,15.456583,17.574736,17.352413,17.608551,18.328766,15.367037,14.994515,0.0,4.0,0.0,0.0,0.0,0.0,4.0,0.0
21061,2023.0,5.0,27.0,6.0,21.276897,24.541254,16.036568,15.849701,21.286205,24.531525,21.10608,24.512936,16.450537,16.786331,15.642671,15.446986,21.185225,23.528704,21.523567,24.887218,15.247428,14.86659,0.0,4.0,0.0,4.0,0.0,0.0,0.0,0.0
21062,2023.0,5.0,27.0,6.0,21.038607,23.577925,16.016193,15.840735,21.043749,23.57259,21.011837,23.771637,20.370878,23.465118,15.629592,15.443316,22.045982,24.759048,21.033352,23.488464,16.151169,16.660654,0.0,0.0,0.0,0.0,0.0,0.0,0.0,4.0
21063,2023.0,5.0,27.0,6.0,21.066202,23.28959,15.997073,15.832441,21.09724,23.350275,21.085278,23.56887,17.967518,18.250864,15.623386,15.446385,20.946148,22.469221,21.099438,23.294834,20.3694,23.727354,0.0,0.0,0.0,0.0,0.0,0.0,0.0,0.0
21064,2023.0,5.0,27.0,6.0,21.08648,23.13895,15.978913,15.824938,21.086584,23.105453,21.073116,23.313251,17.35481,17.742811,15.623563,15.455722,21.068233,22.572456,21.06341,23.031088,17.441145,17.446169,0.0,0.0,0.0,4.0,0.0,0.0,0.0,0.0
21065,2023.0,5.0,27.0,6.0,21.05376,22.906403,16.428455,16.689293,21.041162,22.878525,21.048775,23.086191,20.332506,22.867617,15.628866,15.470127,21.049343,22.425224,21.065165,22.893337,16.124659,15.789938,4.0,4.0,4.0,4.0,0.0,0.0,0.0,0.0
21066,2023.0,5.0,27.0,7.0,21.158255,23.014542,20.321146,23.341984,21.158773,22.99372,21.161362,23.221844,20.01613,21.913322,15.639592,15.49071,21.127712,22.497267,21.24062,23.11287,16.915606,17.515358,4.0,4.0,0.0,4.0,0.0,0.0,4.0,4.0
21067,2023.0,5.0,27.0,7.0,21.079794,22.80118,20.018877,22.284824,21.084204,22.776945,21.086777,22.948889,20.054756,21.76181,16.046436,16.245012,21.01749,22.189718,21.082947,22.716652,20.359274,23.303396,4.0,0.0,0.0,4.0,4.0,4.0,0.0,0.0
21068,2023.0,5.0,27.0,7.0,21.264679,23.097149,20.092731,22.14394,21.053268,22.628717,21.082638,22.851828,20.785578,22.766033,20.318989,23.449083,21.176392,22.462526,21.071201,22.612602,17.690012,17.659178,0.0,4.0,0.0,4.0,0.0,4.0,0.0,0.0
21069,2023.0,5.0,27.0,7.0,21.050123,22.614523,18.078129,18.060452,21.056852,22.588978,21.062983,22.779612,19.921642,21.05455,18.347828,19.03666,21.063536,22.184546,21.070312,22.546082,16.486961,16.166306,0.0,4.0,0.0,4.0,4.0,0.0,0.0,0.0
21070,2023.0,5.0,27.0,7.0,21.048967,22.584002,17.639801,17.908335,21.05477,22.55014,21.039993,22.685335,20.214443,21.62346,20.293386,22.842224,21.025747,22.033504,21.068459,22.490658,16.435095,16.300653,4.0,4.0,4.0,0.0,4.0,4.0,0.0,0.0
21071,2023.0,5.0,27.0,7.0,21.047682,22.559477,20.279657,22.54309,21.053429,22.520412,21.068228,22.74242,19.108498,19.405756,20.026318,21.955652,21.029549,22.003231,21.053497,22.445768,16.393755,16.278917,4.0,4.0,0.0,4.0,4.0,4.0,0.0,0.0
21072,2023.0,5.0,27.0,8.0,21.046656,22.539522,20.042713,21.841513,21.07694,22.564528,21.078053,22.708447,20.230434,21.678568,20.081072,21.827633,21.027567,21.969343,21.05417,22.429695,16.313383,16.203722,0.0,0.0,0.0,0.0,0.0,4.0,0.0,0.0
21073,2023.0,5.0,27.0,8.0,19.425005,19.443665,18.271517,18.287905,19.857626,20.174213,19.27174,19.206085,19.154207,19.505829,18.317413,18.254478,19.721518,19.46245,19.646107,19.702887,16.248398,16.144258,0.0,4.0,0.0,4.0,0.0,0.0,0.0,0.0
21074,2023.0,5.0,27.0,8.0,19.378841,19.714865,17.432858,17.057566,18.790615,18.45098,19.353401,19.789696,20.221426,21.51489,17.87457,17.75093,19.203371,18.748032,19.053267,18.8948,16.205143,16.102766,0.0,0.0,4.0,0.0,4.0,0.0,0.0,0.0
21075,2023.0,5.0,27.0,8.0,19.361164,19.779985,17.318937,17.154335,18.25439,17.848446,18.599983,18.408302,19.242964,19.590155,20.300537,22.032608,18.978043,18.534506,18.749908,18.590612,16.159279,16.059841,0.0,0.0,0.0,4.0,0.0,0.0,0.0,0.0
21076,2023.0,5.0,27.0,8.0,19.23912,19.6851,17.227032,17.118982,18.61783,18.782963,18.6049,18.816326,20.206308,21.560976,18.520828,18.492289,19.556887,19.78836,18.522264,18.36619,16.117014,16.01927,0.0,4.0,4.0,0.0,0.0,4.0,0.0,0.0
21077,2023.0,5.0,27.0,8.0,19.13559,19.59903,17.086388,16.987309,18.116573,17.848232,18.644053,18.935133,18.676714,18.561443,18.05578,18.210247,19.781343,20.0898,18.341331,18.189661,16.080917,15.984065,0.0,0.0,4.0,0.0,4.0,4.0,0.0,0.0
21078,2023.0,5.0,27.0,9.0,19.071901,19.551256,16.9854,16.888546,17.789654,17.433926,18.57715,18.884783,18.037811,17.672981,20.222887,22.09626,19.799486,20.122797,18.218134,18.068623,16.056292,15.959228,0.0,0.0,4.0,0.0,4.0,4.0,0.0,0.0
21079,2023.0,5.0,27.0,9.0,19.000364,19.49027,16.883024,16.793749,18.270363,18.50892,17.905111,17.717329,17.93492,17.745941,20.024895,21.478243,19.80726,20.14226,18.095554,17.951426,17.00619,17.773834,0.0,4.0,0.0,0.0,4.0,4.0,0.0,4.0
21080,2023.0,5.0,27.0,9.0,18.330801,18.309605,17.245747,17.554317,18.44735,18.778103,17.499083,17.221054,17.835289,17.676208,20.065975,21.426378,19.818783,20.164042,17.990442,17.850145,20.318623,23.285797,4.0,4.0,0.0,0.0,0.0,4.0,0.0,0.0
21081,2023.0,5.0,27.0,9.0,18.62224,19.106102,20.278206,22.81567,17.815218,17.63054,17.983238,18.283384,17.707884,17.553608,18.644794,18.588243,19.08908,18.783737,17.90223,17.76466,18.519335,19.259712,0.0,0.0,4.0,0.0,0.0,0.0,0.0,4.0
21082,2023.0,5.0,27.0,9.0,18.172447,18.197905,18.802256,19.544363,17.453339,17.184103,18.184443,18.570782,18.321749,18.806307,18.334698,18.482615,19.502226,19.790976,17.828093,17.692339,20.314596,22.802553,4.0,0.0,4.0,4.0,4.0,4.0,0.0,0.0
21083,2023.0,5.0,27.0,9.0,17.793304,17.708132,20.258394,22.418982,17.318254,17.05824,17.586773,17.471254,20.245087,22.087706,20.2172,21.82002,19.773378,20.14868,17.765638,17.63149,18.80215,19.500492,0.0,0.0,0.0,0.0,4.0,4.0,0.0,4.0
21084,2023.0,5.0,27.0,10.0,17.648779,17.56668,18.715456,19.147097,17.360971,17.256239,17.233187,17.021252,18.578712,18.600836,20.035742,21.32009,19.83009,20.216558,17.712627,17.579496,20.259604,22.463757,4.0,0.0,0.0,0.0,0.0,4.0,0.0,0.0
21085,2023.0,5.0,27.0,10.0,17.553934,17.48565,20.21425,22.239277,17.354149,17.288675,17.103243,16.892704,17.731365,17.466812,18.739555,18.713549,19.124582,18.85759,18.726852,19.535282,18.277494,18.379044,0.0,0.0,0.0,0.0,0.0,0.0,4.0,0.0
21086,2023.0,5.0,27.0,10.0,17.612345,17.693195,18.509682,18.70554,17.298983,17.243587,17.13706,17.059668,17.63959,17.47306,17.9588,17.649748,19.553698,19.869919,19.033785,19.769188,17.297226,17.095509,0.0,0.0,0.0,0.0,0.0,4.0,4.0,0.0
21087,2023.0,5.0,27.0,10.0,18.363623,19.14484,17.845669,17.794794,17.250017,17.200378,17.126234,17.082903,18.345816,18.848429,17.896904,17.68943,19.019945,18.757069,18.169666,18.08175,17.07368,16.838625,0.0,0.0,0.0,4.0,0.0,0.0,0.0,0.0
21088,2023.0,5.0,27.0,10.0,18.401691,19.05792,18.095573,18.43829,17.204142,17.161474,17.783518,18.363792,20.223812,22.086119,17.860197,17.680136,19.559559,19.889708,17.837967,17.59741,17.97184,18.654524,4.0,0.0,4.0,0.0,0.0,4.0,0.0,4.0
21089,2023.0,5.0,27.0,10.0,17.776047,17.88692,20.242502,22.245193,17.156595,17.120441,17.347641,17.350008,18.63988,18.726952,17.783045,17.605402,19.865208,20.289576,17.707527,17.461725,20.257933,22.526976,0.0,0.0,0.0,0.0,0.0,4.0,0.0,0.0
21090,2023.0,5.0,27.0,11.0,17.475897,17.503399,18.755823,19.158918,17.815874,18.401047,16.984352,16.869287,17.822483,17.599894,17.719444,17.542957,19.201096,18.97566,17.639648,17.398611,18.32844,18.487411,0.0,4.0,0.0,0.0,0.0,0.0,0.0,0.0
21091,2023.0,5.0,27.0,11.0,17.396118,17.423315,18.425346,18.812016,17.44034,17.569977,17.57799,18.048622,17.757341,17.59273,18.060303,18.20843,18.969309,18.650877,18.634745,19.310974,18.469845,19.025162,4.0,0.0,4.0,0.0,4.0,0.0,4.0,4.0
21092,2023.0,5.0,27.0,11.0,17.345293,17.382992,20.233816,22.063463,17.111536,17.02466,17.77438,18.310085,17.72998,17.576437,20.21459,21.984764,18.921463,18.6105,18.996964,19.77503,20.326561,22.358747,0.0,0.0,4.0,0.0,0.0,0.0,4.0,0.0
21093,2023.0,5.0,27.0,11.0,17.385567,17.524208,19.010942,19.505487,16.990612,16.891977,17.249933,17.28755,17.68455,17.530502,18.984295,19.295486,18.887596,18.585028,18.157057,18.052372,19.25811,20.017609,4.0,0.0,0.0,0.0,0.0,0.0,0.0,4.0
21094,2023.0,5.0,27.0,11.0,17.382692,17.54336,20.199978,21.828623,17.718483,18.315668,17.01054,16.939707,17.659014,17.50102,18.336033,18.186872,18.97707,18.785563,17.873333,17.650162,20.164412,21.733837,0.0,4.0,0.0,0.0,0.0,0.0,0.0,0.0
21095,2023.0,5.0,27.0,11.0,17.340136,17.495623,19.104376,19.58553,17.3718,17.449043,16.922188,16.857187,18.361355,18.8435,18.14839,17.965878,19.790497,20.309292,17.804205,17.585274,18.722282,18.840796,4.0,0.0,0.0,4.0,0.0,4.0,0.0,0.0
21096,2023.0,5.0,27.0,12.0,17.319887,17.487785,20.186584,21.717777,17.77575,18.304241,16.921099,16.912294,20.213581,22.007484,18.089151,17.895555,19.96796,20.466406,17.7731,17.5589,18.101662,17.898151,0.0,4.0,0.0,0.0,0.0,4.0,0.0,0.0
21097,2023.0,5.0,27.0,12.0,21.295723,24.545767,19.161459,19.635723,21.341124,24.395988,21.26781,24.625254,18.781355,18.935314,18.419762,18.55293,21.25163,22.717953,21.77528,24.593084,17.832771,17.60829,4.0,4.0,0.0,0.0,4.0,4.0,0.0,0.0
21098,2023.0,5.0,27.0,12.0,21.120872,23.75639,20.214916,21.800285,21.1261,23.618658,21.12736,23.84884,18.002718,17.803558,20.193161,21.621866,21.201405,22.44616,21.161736,23.174944,17.727633,17.556332,0.0,0.0,4.0,0.0,0.0,4.0,0.0,0.0
21099,2023.0,5.0,27.0,12.0,21.042347,23.300762,19.183002,19.67787,21.053747,23.198872,21.087559,23.46533,17.898314,17.727657,19.185663,19.44672,21.040667,22.008781,21.052515,22.73325,17.64396,17.478218,4.0,4.0,0.0,0.0,0.0,0.0,0.0,0.0
21100,2023.0,5.0,27.0,12.0,21.161205,23.380825,20.190285,21.736496,21.165806,23.253593,21.156147,23.373278,17.88102,17.71316,18.48206,18.340439,21.160757,22.143215,21.211517,22.898048,17.56884,17.404093,4.0,4.0,4.0,0.0,0.0,0.0,0.0,0.0
21101,2023.0,5.0,27.0,12.0,21.038982,22.971655,20.01568,21.31926,21.071152,22.959908,21.075142,23.084093,17.860537,17.691748,18.30125,18.109097,21.00205,21.718527,21.042366,22.442879,18.514267,19.249456,4.0,0.0,0.0,0.0,0.0,4.0,0.0,4.0
21102,2023.0,5.0,27.0,13.0,21.041843,22.880821,20.05531,21.367458,21.064613,22.853537,21.067785,22.962477,17.848421,17.679394,18.257036,18.060007,21.005058,21.666384,21.042416,22.355677,20.187376,21.978186,0.0,0.0,0.0,0.0,0.0,4.0,0.0,0.0
21103,2023.0,5.0,27.0,13.0,21.066053,22.876505,19.23302,19.73372,21.038984,22.710943,21.06642,22.877985,17.842083,17.672926,18.232203,18.034359,21.033386,21.696959,21.041115,22.283136,18.727312,18.912363,4.0,4.0,0.0,0.0,0.0,0.0,0.0,0.0
21104,2023.0,5.0,27.0,13.0,21.18536,23.054728,20.172234,21.63438,21.066847,22.73499,21.032839,22.744362,18.625814,19.158567,18.214853,18.016453,21.208912,22.001999,21.03991,22.223673,17.937445,17.781458,4.0,0.0,4.0,4.0,0.0,0.0,0.0,0.0
21105,2023.0,5.0,27.0,13.0,21.031448,22.674484,20.032717,21.316462,21.035324,22.608345,21.06961,22.78858,20.16789,21.667942,18.203808,18.005625,21.026783,21.594461,21.038954,22.174505,17.757555,17.591356,0.0,4.0,0.0,0.0,0.0,0.0,0.0,0.0
21106,2023.0,5.0,27.0,13.0,21.061867,22.721043,18.929628,19.168043,21.064499,22.654194,21.037296,22.663435,18.863773,18.905064,18.198174,18.001402,21.026274,21.562822,21.038136,22.133183,17.698761,17.545263,0.0,0.0,4.0,0.0,0.0,0.0,0.0,0.0
21107,2023.0,5.0,27.0,13.0,21.026669,22.599644,18.22553,18.240866,21.05665,22.607405,21.04131,22.642597,18.261078,18.085815,18.601759,18.76831,21.15519,21.766306,21.036354,22.096315,17.648773,17.495975,0.0,0.0,4.0,0.0,4.0,4.0,0.0,0.0
21108,2023.0,5.0,27.0,14.0,21.033724,22.591002,18.026203,18.06029,21.032461,22.511827,21.064924,22.68528,18.185278,18.018469,20.185501,21.448328,21.01236,21.487701,21.03687,22.068424,17.60911,17.45926,0.0,4.0,0.0,0.0,0.0,0.0,0.0,0.0
21109,2023.0,5.0,27.0,14.0,20.233278,21.037401,18.318382,18.737251,20.160563,20.823334,19.620811,19.88731,18.14744,17.983482,19.172068,19.29316,20.345778,20.191368,20.914425,21.763502,17.577187,17.430641,4.0,4.0,0.0,0.0,0.0,0.0,4.0,0.0
21110,2023.0,5.0,27.0,14.0,19.968744,20.717546,20.226997,22.083153,19.267326,19.352448,19.57863,20.127808,18.123487,17.96076,18.689665,18.514614,20.10035,19.859003,19.874998,19.797249,17.556026,17.411928,4.0,0.0,4.0,0.0,0.0,0.0,0.0,0.0
21111,2023.0,5.0,27.0,14.0,19.239063,19.475359,20.005503,21.46971,19.44492,20.015076,18.998957,19.114798,18.098282,17.93826,18.584116,18.398912,20.006422,19.775053,19.374744,19.190413,17.532331,17.391306,4.0,4.0,0.0,0.0,0.0,0.0,0.0,0.0
21112,2023.0,5.0,27.0,14.0,19.51587,20.292149,20.05259,21.470882,19.50275,20.123634,18.563421,18.6047,18.829206,19.341782,18.526503,18.34208,19.977652,19.80107,19.206774,19.028564,17.509422,17.371744,0.0,4.0,0.0,4.0,0.0,0.0,0.0,0.0
21113,2023.0,5.0,27.0,14.0,18.982567,19.242847,19.2482,19.826115,19.43597,20.070248,18.34751,18.390661,20.147709,21.491058,18.486584,18.305971,20.699186,21.219936,19.088402,18.92117,17.487663,17.353443,4.0,4.0,0.0,0.0,0.0,4.0,0.0,0.0
21114,2023.0,5.0,27.0,15.0,19.305984,20.098368,20.162573,21.650707,18.83083,19.004147,18.184757,18.22856,19.001207,19.08221,18.453981,18.27739,20.927423,21.461128,19.00086,18.851543,17.46725,17.336805,4.0,0.0,0.0,0.0,0.0,4.0,0.0,0.0
21115,2023.0,5.0,27.0,15.0,18.842426,19.133383,20.011978,21.279785,19.078026,19.696692,18.044952,18.088348,18.45601,18.340899,18.425188,18.25186,20.969929,21.504166,19.948814,20.722252,17.446651,17.31901,4.0,4.0,0.0,0.0,0.0,4.0,4.0,0.0
21116,2023.0,5.0,27.0,15.0,19.190987,20.00869,20.048647,21.319487,18.643112,18.817738,18.63151,19.294727,18.334465,18.19452,18.790657,18.966267,21.00925,21.546646,19.33647,19.290459,17.426443,17.30177,0.0,0.0,4.0,0.0,4.0,4.0,0.0,0.0
21117,2023.0,5.0,27.0,15.0,19.331375,20.149694,19.016523,19.299006,18.939468,19.575739,18.26026,18.456465,18.26566,18.12494,20.146446,21.286627,21.042002,21.58299,18.966349,18.838247,17.407438,17.286102,0.0,4.0,0.0,0.0,0.0,4.0,0.0,0.0
21118,2023.0,5.0,27.0,15.0,19.333714,20.1537,18.408518,18.522835,18.534742,18.728794,17.93969,18.047428,18.21558,18.077913,19.230902,19.346119,20.36055,20.27592,18.86089,18.733513,17.388834,17.271212,0.0,0.0,0.0,0.0,0.0,0.0,0.0,0.0
21119,2023.0,5.0,27.0,15.0,18.734219,19.030516,18.206856,18.269995,18.92701,19.5865,18.521574,19.21364,18.179575,18.044716,19.160126,19.345457,20.10746,19.925823,18.798319,18.67636,17.37178,17.257757,0.0,4.0,4.0,0.0,4.0,0.0,0.0,0.0
21120,2023.0,5.0,27.0,16.0,18.494928,18.720455,18.07652,18.134968,19.028631,19.717281,18.073677,18.277122,18.146645,18.016756,20.118296,21.05474,20.025528,19.851889,18.734526,18.609545,17.355019,17.245298,0.0,4.0,0.0,0.0,0.0,0.0,0.0,0.0
21121,2023.0,5.0,27.0,16.0,18.363493,18.584532,17.954226,18.015398,18.472967,18.674234,18.447773,19.143925,18.836721,19.353794,19.28791,19.349113,19.95262,19.788671,18.674145,18.5537,17.336632,17.231306,0.0,0.0,4.0,4.0,0.0,0.0,0.0,0.0
21122,2023.0,5.0,27.0,16.0,18.990137,19.830626,17.86636,17.925112,18.863092,19.52479,18.594143,19.31257,20.153234,21.596804,18.923504,18.805197,19.897272,19.740816,18.626904,18.510565,17.319582,17.218441,0.0,4.0,4.0,0.0,0.0,0.0,0.0,0.0
21123,2023.0,5.0,27.0,16.0,19.190426,20.034472,18.237974,18.703276,19.026516,19.720005,18.635283,19.348827,19.648039,20.376554,18.78917,18.656153,19.857908,19.72569,18.578272,18.466915,17.30192,17.205284,4.0,4.0,4.0,4.0,0.0,0.0,0.0,0.0
21124,2023.0,5.0,27.0,16.0,18.623322,18.94814,20.218739,22.13252,18.478523,18.69228,18.670732,19.384535,20.088501,21.18882,18.704945,18.570803,19.818872,19.694841,18.538921,18.43306,17.28665,17.194906,4.0,0.0,4.0,0.0,0.0,0.0,0.0,0.0
21125,2023.0,5.0,27.0,16.0,19.026316,19.888153,20.018957,21.544767,18.801367,19.480778,18.12899,18.34885,19.099285,19.191835,18.62786,18.498896,19.772705,19.654766,18.496183,18.395664,17.270266,17.18352,0.0,4.0,0.0,0.0,0.0,0.0,0.0,0.0
21126,2023.0,5.0,27.0,17.0,18.607403,18.947252,18.912394,19.291578,18.972788,19.676285,17.836456,17.979925,18.619604,18.562101,18.563683,18.44253,20.480665,21.042685,18.455593,18.360435,17.25309,17.171463,0.0,4.0,0.0,0.0,0.0,4.0,0.0,0.0
21127,2023.0,5.0,27.0,17.0,19.064302,19.919044,18.389896,18.519672,18.41973,18.628187,18.411512,19.121378,18.479998,18.386309,18.513765,18.397352,19.969505,19.958714,18.419956,18.328655,18.181946,18.946215,0.0,0.0,4.0,0.0,0.0,0.0,0.0,4.0
21128,2023.0,5.0,27.0,17.0,18.583006,18.92446,18.187637,18.269258,18.811665,19.478813,18.564318,19.291992,19.100052,19.630793,18.46521,18.35533,20.469526,20.992777,18.385424,18.298815,20.236805,22.458153,0.0,4.0,4.0,4.0,0.0,4.0,0.0,0.0
21129,2023.0,5.0,27.0,17.0,18.93367,19.75464,18.463324,18.913715,18.98685,19.685932,18.603363,19.320618,20.114489,21.317957,18.411985,18.30867,20.030972,20.020073,18.348837,18.266977,18.60119,18.943678,4.0,4.0,4.0,0.0,0.0,0.0,0.0,0.0
21130,2023.0,5.0,27.0,17.0,19.151497,20.005877,20.220093,21.980219,18.997007,19.69201,18.075947,18.300512,19.171415,19.381166,18.745363,18.98771,19.750772,19.645565,18.313255,18.235924,17.793266,17.823141,0.0,4.0,0.0,0.0,4.0,0.0,0.0,0.0
21131,2023.0,5.0,27.0,17.0,19.200361,20.051893,18.979166,19.379347,18.450478,18.66315,17.78316,17.922987,18.6084,18.5838,20.153091,21.434004,19.675385,19.571972,18.278877,18.206148,17.620153,17.61777,0.0,0.0,0.0,0.0,0.0,0.0,0.0,0.0
21132,2023.0,5.0,27.0,18.0,18.615217,18.927427,18.657745,19.155788,18.12692,18.24042,18.360165,19.07501,18.415648,18.34713,19.546003,20.068956,19.619717,19.521452,18.244053,18.175594,17.495663,17.44611,4.0,0.0,4.0,0.0,4.0,0.0,0.0,0.0
21133,2023.0,5.0,27.0,18.0,21.260132,23.719149,20.213032,21.901497,21.2681,23.83652,21.290379,24.081772,18.32688,18.253897,20.101862,21.119913,21.315315,22.56931,21.442617,23.769028,17.423954,17.368395,0.0,4.0,4.0,0.0,0.0,0.0,0.0,0.0
21134,2023.0,5.0,27.0,18.0,21.017235,22.967648,19.309258,19.941364,20.997728,22.981956,21.025534,23.23614,18.24578,18.176966,19.290407,19.477621,20.990448,21.86045,20.968004,22.632969,18.363804,19.205496,4.0,4.0,0.0,0.0,0.0,4.0,4.0,4.0
21135,2023.0,5.0,27.0,18.0,21.151724,23.065636,20.159569,21.642763,21.175808,23.136244,21.0426,23.025574,18.176033,18.111715,18.769024,18.741371,21.28014,22.374006,21.02243,22.558485,20.222607,22.243973,4.0,4.0,4.0,0.0,0.0,4.0,4.0,0.0
21136,2023.0,5.0,27.0,18.0,21.01989,22.673246,20.027088,21.298914,21.059067,22.783009,21.06429,22.936285,18.89313,19.52833,18.57959,18.513779,21.002264,21.767996,21.053612,22.525627,18.642353,18.911188,0.0,0.0,0.0,4.0,0.0,4.0,0.0,0.0
21137,2023.0,5.0,27.0,18.0,21.056322,22.68505,19.345373,19.903414,21.02917,22.603678,21.057817,22.810257,20.152443,21.574316,18.476765,18.414227,21.033354,21.81991,21.045597,22.413755,17.869205,17.874392,4.0,4.0,0.0,0.0,0.0,0.0,0.0,0.0
21138,2023.0,5.0,27.0,19.0,21.182383,22.87261,20.160118,21.539597,21.214125,22.903473,21.170382,22.950172,19.024221,19.217016,18.392445,18.334269,21.17276,22.069136,21.224758,22.699701,17.696388,17.689802,0.0,4.0,0.0,0.0,0.0,0.0,0.0,0.0
21139,2023.0,5.0,27.0,19.0,21.021822,22.476856,19.400053,19.951681,21.056591,22.549456,21.025883,22.584452,18.41683,18.388039,18.691212,18.968166,20.997581,21.673332,21.00491,22.173573,17.571955,17.535755,4.0,0.0,4.0,0.0,4.0,4.0,4.0,0.0
21140,2023.0,5.0,27.0,19.0,21.027176,22.454594,20.13844,21.449217,21.051525,22.491966,21.037148,22.558105,18.250538,18.206085,20.164307,21.550364,21.03393,21.757505,21.01301,22.160086,18.47648,19.332577,4.0,0.0,4.0,0.0,0.0,0.0,4.0,4.0
21141,2023.0,5.0,27.0,19.0,21.05292,22.499128,20.01155,21.13486,21.026533,22.381855,21.035133,22.515543,18.155823,18.111622,19.452293,19.961489,21.02849,21.73326,21.051895,22.244385,20.170828,22.045353,4.0,4.0,4.0,0.0,4.0,0.0,0.0,4.0
21142,2023.0,5.0,27.0,19.0,21.04751,22.45819,20.045858,21.174446,21.056229,22.43208,21.05963,22.55009,18.078165,18.03684,20.150452,21.349697,21.029377,21.723888,21.00434,22.09561,20.292297,22.118673,0.0,0.0,0.0,0.0,0.0,0.0,4.0,0.0
21143,2023.0,5.0,27.0,19.0,21.047815,22.431215,19.08066,19.286224,21.05022,22.390295,21.05383,22.502384,18.009655,17.972519,19.444227,19.838085,20.999464,21.637402,21.052794,22.205395,18.66684,18.816216,0.0,0.0,0.0,0.0,4.0,4.0,0.0,0.0
21144,2023.0,5.0,27.0,20.0,21.020332,22.33322,18.464037,18.467873,21.050465,22.3634,21.029045,22.40093,17.945183,17.910814,20.148487,21.267094,21.00495,21.652058,21.004097,22.06121,17.972198,17.9257,0.0,0.0,4.0,0.0,0.0,4.0,4.0,0.0
21145,2023.0,5.0,27.0,20.0,21.026247,22.329515,18.733828,19.14109,21.018074,22.268576,21.034477,22.388504,17.880226,17.845188,19.41511,19.732187,21.036467,21.737215,21.05389,22.178843,17.749058,17.67777,4.0,4.0,4.0,0.0,4.0,0.0,0.0,0.0
21146,2023.0,5.0,27.0,20.0,21.26513,22.793657,20.186756,21.682726,21.25047,22.710842,21.194654,22.707573,18.589773,19.242657,20.13196,21.184559,21.181978,22.020884,21.250511,22.554842,17.64319,17.602798,0.0,4.0,0.0,4.0,4.0,0.0,0.0,0.0
21147,2023.0,5.0,27.0,20.0,21.026312,22.29423,19.058002,19.345318,21.056004,22.316708,21.054424,22.396902,20.19745,21.867756,20.01359,20.889248,21.03302,21.710583,21.046427,22.123041,17.544518,17.505812,0.0,0.0,0.0,0.0,4.0,0.0,0.0,0.0
21148,2023.0,5.0,27.0,20.0,21.027422,22.282415,18.354124,18.38265,21.02705,22.217016,21.05579,22.3745,18.721144,18.771906,20.046144,20.927002,21.03441,21.706982,21.00772,22.004177,17.44795,17.407526,0.0,4.0,0.0,0.0,0.0,0.0,4.0,0.0
21149,2023.0,5.0,27.0,20.0,21.02776,22.267809,18.14038,18.120089,21.058374,22.281834,21.045622,22.351141,17.985641,17.82719,19.038343,18.961859,21.026802,21.70237,21.056168,22.12446,17.361712,17.319843,0.0,0.0,0.0,0.0,0.0,0.0,0.0,0.0
21150,2023.0,5.0,27.0,21.0,21.05551,22.326883,18.45407,18.80965,21.027689,22.178726,21.046965,22.346504,18.679192,19.302727,18.94605,19.182346,21.028152,21.711126,21.048124,22.094944,17.282389,17.237307,4.0,4.0,0.0,4.0,4.0,0.0,0.0,0.0
21151,2023.0,5.0,27.0,21.0,21.232681,22.638964,20.225744,21.88989,21.180605,22.488617,21.04682,22.337593,20.238958,21.860298,20.170832,21.331255,21.175041,22.008766,21.049313,22.082663,17.213839,17.169348,0.0,0.0,0.0,0.0,0.0,0.0,0.0,0.0
21152,2023.0,5.0,27.0,21.0,21.02867,22.208517,19.093267,19.446041,21.053122,22.210228,21.046694,22.327627,19.269823,19.728558,19.149038,19.270853,21.028282,21.713476,21.009516,21.962431,17.146069,17.093136,4.0,0.0,0.0,4.0,0.0,0.0,4.0,0.0
21153,2023.0,5.0,27.0,21.0,21.055609,22.27012,20.196812,21.710112,21.054296,22.193527,21.180645,22.585604,20.187805,21.566032,18.52214,18.437452,20.998644,21.637737,21.309402,22.560024,17.083998,17.025347,0.0,0.0,0.0,0.0,0.0,4.0,4.0,0.0
21154,2023.0,5.0,27.0,21.0,21.050219,22.23961,18.796133,18.816706,21.016304,22.105608,21.046364,22.303682,19.34636,19.748896,18.679565,18.905638,21.01486,21.658346,21.056797,22.07313,17.952387,18.709066,0.0,4.0,0.0,4.0,4.0,4.0,0.0,4.0
21155,2023.0,5.0,27.0,21.0,21.024008,22.147789,18.162579,18.087118,21.036411,22.126543,21.046583,22.294567,20.274515,21.60879,20.21018,21.565254,21.044374,21.728298,21.050241,22.049,20.300724,22.564775,0.0,4.0,0.0,4.0,0.0,0.0,0.0,0.0
21156,2023.0,5.0,27.0,22.0,21.029593,22.147617,18.022305,17.939299,21.059885,22.178986,21.021107,22.213223,20.040432,21.076645,19.085436,19.20888,21.039797,21.703129,21.010923,21.929699,18.24274,18.227175,0.0,0.0,4.0,0.0,4.0,0.0,4.0,0.0
21157,2023.0,5.0,27.0,22.0,21.056133,22.211504,17.900126,17.809732,21.02948,22.079758,21.051474,22.289242,18.774786,18.581295,20.263367,21.475792,21.00989,21.611176,21.059,22.050793,17.327816,17.09092,0.0,4.0,0.0,0.0,4.0,4.0,0.0,0.0
21158,2023.0,5.0,27.0,22.0,21.049355,22.182898,17.790766,17.686932,21.034405,22.07799,21.05854,22.265167,18.09482,17.760656,20.020344,20.981138,21.046663,21.700788,21.00693,21.909182,17.292904,17.22051,0.0,4.0,0.0,0.0,0.0,0.0,4.0,0.0
21159,2023.0,5.0,27.0,22.0,21.05197,22.17217,17.709343,17.60713,21.060047,22.138765,21.058748,22.235334,18.714987,19.152395,18.803862,18.587214,21.039854,21.67642,21.060204,22.040846,17.97738,18.557467,0.0,0.0,0.0,4.0,0.0,0.0,0.0,4.0
21160,2023.0,5.0,27.0,22.0,21.037527,22.157331,17.630463,17.523632,21.054888,22.112333,21.043898,22.21082,20.188501,21.589241,18.328247,18.175993,21.040977,21.66897,21.05058,22.010166,20.287916,22.421394,0.0,0.0,0.0,0.0,0.0,0.0,0.0,0.0
21161,2023.0,5.0,27.0,22.0,21.03922,22.166431,17.559402,17.44853,21.055378,22.09734,21.045523,22.213491,18.683048,18.507345,18.21443,18.077765,21.028234,21.660786,21.051752,22.000053,18.272423,18.19957,0.0,0.0,0.0,0.0,0.0,0.0,0.0,0.0
21162,2023.0,5.0,27.0,23.0,21.039268,22.168442,17.970211,18.27243,21.039936,22.082321,21.04513,22.210257,17.920076,17.571186,18.064337,17.922539,21.02997,21.674501,21.051447,21.988317,18.109394,18.491823,4.0,0.0,0.0,0.0,0.0,0.0,0.0,4.0
21163,2023.0,5.0,27.0,23.0,20.599642,21.295616,18.133083,18.476418,20.525946,21.076035,19.913322,20.033928,17.912775,17.76969,18.218315,18.3215,20.252287,20.185734,19.995653,19.970732,17.550081,17.327412,4.0,4.0,0.0,0.0,4.0,0.0,0.0,0.0
21164,2023.0,5.0,27.0,23.0,19.551826,19.401707,17.503437,17.252073,19.434174,19.12022,19.345682,19.228796,17.868263,17.73891,17.966768,17.847738,19.93927,19.77587,19.567554,19.432438,17.235512,16.932772,0.0,0.0,0.0,0.0,0.0,0.0,0.0,0.0
21165,2023.0,5.0,27.0,23.0,19.069235,18.75147,17.157978,16.722713,18.918953,18.420858,19.094109,18.954794,17.77968,17.646698,17.795181,17.641916,19.791082,19.623093,20.356153,21.11204,17.816292,18.157114,0.0,0.0,0.0,0.0,0.0,0.0,4.0,4.0
21166,2023.0,5.0,27.0,23.0,18.826887,18.491241,17.44,17.34112,18.66339,18.145424,18.906742,18.762794,17.696852,17.560078,17.697765,17.539936,19.662844,19.490755,19.308062,18.999908,17.22996,16.94092,4.0,0.0,0.0,0.0,0.0,0.0,0.0,0.0
21167,2023.0,5.0,27.0,23.0,18.935234,18.8887,17.095034,16.684229,18.766174,18.542822,18.743975,18.59247,17.615505,17.473007,17.898394,17.988993,20.26272,20.723505,18.845255,18.42201,16.959763,16.6279,0.0,0.0,0.0,0.0,4.0,4.0,0.0,0.0
21168,2023.0,5.0,28.0,0.0,18.890326,18.884148,16.887049,16.396675,18.72221,18.547886,18.605886,18.452782,17.540905,17.395075,17.65665,17.518309,19.410763,19.00221,18.638844,18.216585,16.839872,16.507032,0.0,0.0,0.0,0.0,0.0,0.0,0.0,0.0
21169,2023.0,5.0,28.0,0.0,18.793472,18.78782,17.09704,16.905338,18.608505,18.426172,18.470926,18.305416,17.464312,17.309406,17.49177,17.312344,19.060165,18.553362,18.451504,18.0183,16.931849,16.794273,0.0,0.0,0.0,0.0,0.0,0.0,0.0,0.0
21170,2023.0,5.0,28.0,0.0,18.713581,18.718435,17.56027,17.781961,18.511433,18.33239,18.363062,18.20142,17.39904,17.243095,17.411198,17.231611,18.922176,18.41937,19.586828,20.326468,16.902859,16.768522,4.0,0.0,0.0,0.0,0.0,0.0,4.0,0.0
21171,2023.0,5.0,28.0,0.0,18.626396,18.62826,17.343075,17.306759,18.412333,18.228893,18.25576,18.089401,17.332466,17.171118,17.32979,17.144117,19.078527,18.858234,18.655725,18.32234,16.848024,16.710352,0.0,0.0,0.0,0.0,0.0,0.0,0.0,0.0
21172,2023.0,5.0,28.0,0.0,18.53321,18.521814,17.123045,16.943232,18.309216,18.111055,18.145384,17.963602,17.263237,17.091167,17.245983,17.046804,19.062479,18.850468,18.229183,17.766039,16.786991,16.64021,0.0,0.0,0.0,0.0,0.0,0.0,0.0,0.0
21173,2023.0,5.0,28.0,0.0,18.458403,18.447546,17.065153,16.883707,18.22823,18.032171,18.05951,17.880253,17.79339,18.13706,17.177666,16.977327,18.997568,18.784548,18.073473,17.614412,16.733578,16.584427,0.0,0.0,0.0,4.0,0.0,0.0,0.0,0.0
21174,2023.0,5.0,28.0,1.0,18.382292,18.366169,17.490324,17.72205,18.145012,17.944094,17.971922,17.787716,17.353748,17.192947,17.107235,16.900831,18.93138,18.712698,17.930393,17.466738,16.679104,16.524908,4.0,0.0,0.0,0.0,0.0,0.0,0.0,0.0
21175,2023.0,5.0,28.0,1.0,18.317085,18.302578,17.191816,17.096134,18.073261,17.87497,17.8964,17.71455,17.197016,17.017057,17.045906,16.840282,18.8731,18.655455,18.101038,17.930193,16.631649,16.478035,0.0,0.0,0.0,0.0,0.0,0.0,0.0,0.0
21176,2023.0,5.0,28.0,1.0,18.259441,18.249146,16.682772,16.160507,18.00995,17.817175,17.829943,17.653421,17.72364,18.06466,16.991568,16.789047,18.820702,18.605877,18.070395,17.890762,16.588789,16.437181,0.0,0.0,0.0,4.0,0.0,0.0,0.0,0.0
21177,2023.0,5.0,28.0,1.0,18.205484,18.199266,16.490828,15.913834,17.950932,17.763498,17.76806,17.596743,17.02355,16.606096,17.229555,17.280785,18.77125,18.559305,18.012186,17.834724,16.548138,16.398605,0.0,0.0,0.0,0.0,4.0,0.0,0.0,0.0
21178,2023.0,5.0,28.0,1.0,18.152452,18.147816,16.740263,16.503948,17.893095,17.70834,17.707481,17.538588,16.76272,16.311813,17.004005,16.812258,18.722456,18.51154,17.953999,17.77738,16.507763,16.358837,0.0,0.0,0.0,0.0,0.0,0.0,0.0,0.0
21179,2023.0,5.0,28.0,1.0,18.10389,18.102982,16.79655,16.615976,17.84064,17.660671,17.65271,17.488459,17.225779,17.271463,16.898996,16.703424,18.67747,18.469234,17.898699,17.724812,16.470167,16.323187,0.0,0.0,0.0,4.0,0.0,0.0,0.0,0.0
21180,2023.0,5.0,28.0,2.0,18.056728,18.058863,17.265759,17.517595,17.790115,17.614058,17.600008,17.439512,16.761326,16.307379,16.844337,16.651148,18.633839,18.427755,17.84455,17.672754,16.433348,16.287903,4.0,0.0,0.0,0.0,0.0,0.0,0.0,0.0
21181,2023.0,5.0,28.0,2.0,18.011541,18.01644,17.00698,16.951582,17.74193,17.569664,17.549795,17.393023,16.597061,16.164095,17.082771,17.14293,19.329916,19.783379,17.792238,17.622662,16.397503,16.25358,0.0,0.0,0.0,0.0,4.0,4.0,0.0,0.0
21182,2023.0,5.0,28.0,2.0,17.96736,17.974596,16.836103,16.68256,17.695227,17.526098,17.501116,17.347433,16.743824,16.543053,16.87503,16.707373,18.518042,18.083595,17.741066,17.57333,16.362104,16.219458,0.0,0.0,0.0,0.0,0.0,0.0,0.0,0.0
21183,2023.0,5.0,28.0,2.0,17.920555,17.926252,16.77143,16.601719,17.645798,17.475103,17.449608,17.294119,16.77267,16.605297,16.748507,16.55671,18.227377,17.709482,17.687933,17.518648,16.324898,16.18108,0.0,0.0,0.0,0.0,0.0,0.0,0.0,0.0
21184,2023.0,5.0,28.0,2.0,17.880821,17.890852,17.221722,17.48252,17.604818,17.439734,17.407131,17.257278,16.743557,16.578943,16.999,17.072554,18.138119,17.628593,17.640978,17.475079,16.291828,16.150476,4.0,0.0,0.0,0.0,4.0,0.0,0.0,0.0
21185,2023.0,5.0,28.0,2.0,17.840425,17.853054,16.955048,16.909067,17.562832,17.40115,17.363838,17.217241,16.710201,16.54773,16.779175,16.61494,18.326172,18.091324,18.594513,19.31376,16.258425,16.118696,0.0,0.0,0.0,0.0,0.0,0.0,4.0,0.0
21186,2023.0,5.0,28.0,3.0,17.800383,17.81494,16.884407,16.786337,17.52142,17.362358,17.321198,17.17708,17.234837,17.562922,16.658012,16.474173,18.363152,18.162813,17.676714,17.347813,16.224985,16.086483,4.0,0.0,0.0,4.0,0.0,0.0,0.0,0.0
21187,2023.0,5.0,28.0,3.0,17.757675,17.770256,16.42234,15.932729,17.47746,17.316998,17.275785,17.130276,16.84927,16.713167,16.603748,16.419085,18.335056,18.13661,17.33765,16.91115,16.189016,16.048885,0.0,0.0,0.0,0.0,0.0,0.0,0.0,0.0
21188,2023.0,5.0,28.0,3.0,17.715702,17.726292,16.220427,15.66358,17.433811,17.272045,17.230825,17.084003,16.449865,16.031612,16.54989,16.363598,18.300793,18.101059,17.221745,16.794842,16.153097,16.011585,0.0,0.0,0.0,0.0,0.0,0.0,0.0,0.0
21189,2023.0,5.0,28.0,3.0,17.67473,17.683949,16.465408,16.242636,17.390985,17.228537,17.186974,17.039404,16.304424,15.872669,16.499065,16.311708,18.264984,18.064228,17.12394,16.697626,16.11768,15.975186,0.0,0.0,0.0,0.0,0.0,0.0,0.0,0.0
21190,2023.0,5.0,28.0,3.0,17.632767,17.639631,16.51661,16.345442,17.34746,17.183348,17.142626,16.99326,16.46801,16.29112,16.448654,16.259285,18.22811,18.025696,17.290358,17.116,16.081923,15.937919,0.0,0.0,0.0,0.0,0.0,0.0,0.0,0.0
21191,2023.0,5.0,28.0,3.0,17.590948,17.595587,16.491886,16.321009,17.303661,17.137272,17.098162,16.946367,16.474468,16.30622,16.399332,16.207605,18.19099,17.986801,17.288979,17.120176,16.046371,15.900819,0.0,0.0,0.0,0.0,0.0,0.0,0.0,0.0
21192,2023.0,5.0,28.0,4.0,17.550385,17.553652,16.462135,16.290289,17.261816,17.094624,17.055685,16.903008,16.443247,16.274025,16.352661,16.160011,18.154676,17.949453,17.25377,17.084105,16.011683,15.865211,0.0,0.0,0.0,0.0,0.0,0.0,0.0,0.0
21193,2023.0,5.0,28.0,4.0,17.510828,17.513306,16.430796,16.258566,17.221628,17.054733,17.014927,16.862587,16.408926,16.239048,16.308502,16.116198,18.118786,17.91271,17.214712,17.044546,16.710701,17.210892,0.0,0.0,0.0,0.0,0.0,0.0,0.0,4.0
21194,2023.0,5.0,28.0,4.0,17.467953,17.466469,16.39468,16.218496,17.17756,17.00708,16.970385,16.814404,16.370777,16.198149,16.26142,16.065956,18.08055,17.871407,17.171698,16.999105,16.208376,16.102661,0.0,0.0,0.0,0.0,0.0,0.0,0.0,0.0
21195,2023.0,5.0,28.0,4.0,17.422848,17.415129,16.355577,16.173212,17.13125,16.954855,16.923826,16.761787,16.330627,16.153635,16.212976,16.01225,18.040897,17.827183,17.126522,16.949926,15.792863,15.396302,0.0,0.0,0.0,0.0,0.0,0.0,0.0,0.0
21196,2023.0,5.0,28.0,4.0,17.378798,17.365871,16.316057,16.127554,17.085373,16.90344,16.877707,16.710047,16.29109,16.110367,16.166073,15.96078,18.002148,17.784523,17.082005,16.902159,15.657127,15.250036,0.0,0.0,0.0,0.0,0.0,0.0,0.0,0.0
21197,2023.0,5.0,28.0,4.0,17.355051,17.357159,16.279808,16.088818,17.042894,16.85884,16.834803,16.665073,16.253613,16.070894,16.12289,15.915764,17.965405,17.745474,17.039204,16.857553,15.810918,15.644099,0.0,0.0,0.0,0.0,0.0,0.0,0.0,0.0
21198,2023.0,5.0,28.0,5.0,17.318924,17.319864,16.2439,16.050936,17.00129,16.81587,16.792633,16.621672,16.217707,16.033867,16.37107,16.413326,17.930237,17.70887,16.998087,16.815653,16.535664,17.011024,0.0,0.0,0.0,0.0,4.0,0.0,0.0,4.0
21199,2023.0,5.0,28.0,5.0,17.286871,17.292349,16.215082,16.027252,16.966326,16.786085,16.75719,16.591324,16.754118,17.069866,16.176458,15.991463,18.651447,19.10138,16.962738,16.784513,15.8202715,15.47017,0.0,0.0,0.0,4.0,0.0,4.0,0.0,0.0
21200,2023.0,5.0,28.0,5.0,18.013893,18.688972,16.19075,16.01002,16.935226,16.761652,16.725851,16.566454,17.008753,17.414206,16.073227,15.874094,17.850725,17.409552,16.931019,16.757591,15.580899,15.187722,0.0,0.0,0.0,4.0,0.0,0.0,0.0,0.0
21201,2023.0,5.0,28.0,5.0,17.558487,17.677525,16.167664,15.9939575,16.905376,16.738247,16.695532,16.54253,16.232847,15.850229,16.042635,15.850447,17.583694,17.068916,16.901525,16.732752,16.198444,16.417877,0.0,0.0,0.0,0.0,0.0,0.0,0.0,4.0
21202,2023.0,5.0,28.0,5.0,17.040476,16.758503,16.612305,16.850508,16.87649,16.715996,16.666199,16.51976,15.976936,15.550665,16.014894,15.828622,17.516813,17.016386,17.891619,18.62434,15.715389,15.37681,4.0,0.0,0.0,0.0,0.0,0.0,4.0,0.0
21203,2023.0,5.0,28.0,5.0,16.868881,16.548569,16.384098,16.34346,16.848343,16.694357,16.637701,16.49766,15.903922,15.492652,15.992399,15.811788,17.714352,17.479174,17.006361,16.702118,15.535724,15.175144,0.0,0.0,0.0,0.0,0.0,0.0,0.0,0.0
21204,2023.0,5.0,28.0,6.0,17.843254,18.491323,16.209215,16.068888,16.820889,16.673199,16.609644,16.475927,16.055885,15.866851,16.257177,16.326128,17.774908,17.580574,16.701323,16.309225,15.483413,15.1360035,0.0,0.0,0.0,0.0,4.0,0.0,0.0,0.0
21205,2023.0,5.0,28.0,6.0,21.192884,24.148026,16.159342,16.015877,21.183384,24.3803,21.134993,24.456953,16.10861,15.958215,20.190422,23.08053,21.618607,24.075409,21.780186,24.897684,15.634472,15.491479,0.0,0.0,0.0,0.0,0.0,0.0,0.0,0.0
21206,2023.0,5.0,28.0,6.0,21.010635,23.341276,16.129154,15.992827,20.988441,23.468847,21.010485,23.676924,16.112345,15.97046,18.16076,18.573639,20.947079,22.671223,20.922436,23.064003,16.456472,17.005556,0.0,4.0,0.0,0.0,0.0,0.0,0.0,4.0
21207,2023.0,5.0,28.0,6.0,21.065771,23.17797,16.104979,15.976165,21.057352,23.290462,21.080845,23.481335,16.113234,15.978564,16.863657,16.748772,21.066399,22.695002,21.083315,23.139425,20.386578,23.655373,0.0,4.0,0.0,0.0,0.0,0.0,0.0,0.0
21208,2023.0,5.0,28.0,6.0,21.081697,23.049952,16.551046,16.834707,21.088947,23.128736,21.069307,23.235338,16.11707,15.989433,16.930471,17.03174,21.048574,22.501379,21.06027,22.916939,18.166489,18.722939,4.0,0.0,0.0,0.0,4.0,0.0,0.0,4.0
21209,2023.0,5.0,28.0,6.0,22.029287,24.395033,20.30265,23.258785,21.140387,23.041782,21.151897,23.226593,16.124226,16.003868,20.355238,22.92315,21.752466,23.501617,21.22272,23.08548,21.680979,25.277052,0.0,4.0,4.0,0.0,4.0,0.0,4.0,0.0
21210,2023.0,5.0,28.0,7.0,21.052496,22.704079,18.477573,19.178324,21.083006,22.826637,21.070927,22.974567,16.729345,17.138947,20.011646,21.950056,21.011044,22.153744,21.07984,22.705626,19.059551,19.580872,4.0,0.0,0.0,4.0,0.0,0.0,0.0,4.0
21211,2023.0,5.0,28.0,7.0,21.213017,22.98605,20.289606,22.716127,21.162434,22.876339,21.156006,23.007034,20.357935,23.283852,18.703566,19.170235,21.142857,22.36723,21.225908,22.878757,20.272177,22.36155,4.0,4.0,4.0,0.0,4.0,0.0,4.0,4.0
21212,2023.0,5.0,28.0,7.0,21.049286,22.610605,20.039995,21.956345,21.078363,22.661266,21.057518,22.72647,18.11349,18.398384,20.25036,22.13879,21.041073,22.118347,21.034668,22.4266,20.168324,21.99307,0.0,0.0,4.0,0.0,4.0,0.0,4.0,4.0
21213,2023.0,5.0,28.0,7.0,21.072483,22.64733,18.15522,18.151169,21.046461,22.52729,21.055342,22.663458,17.01489,16.934305,20.038437,21.521545,21.040348,22.080769,21.071709,22.480429,20.041777,21.615208,0.0,4.0,4.0,0.0,0.0,0.0,0.0,4.0
21214,2023.0,5.0,28.0,7.0,21.039757,22.533995,17.527332,17.575008,21.050337,22.500443,21.078104,22.682905,17.630884,18.234995,18.468227,18.362339,21.009396,21.969288,21.02316,22.30836,20.071358,21.609493,4.0,4.0,0.0,4.0,0.0,4.0,4.0,0.0
21215,2023.0,5.0,28.0,7.0,21.198029,22.832317,20.255056,22.509907,21.190908,22.75579,21.161882,22.809353,20.308249,22.721872,18.18978,18.387293,21.244576,22.420172,21.269915,22.768503,19.123615,19.664164,0.0,4.0,0.0,0.0,4.0,4.0,4.0,4.0
21216,2023.0,5.0,28.0,8.0,21.165604,22.768099,18.296843,18.398428,21.165516,22.699223,21.18739,22.805319,18.179642,18.208197,20.263466,21.985868,21.132692,22.165892,21.277464,22.749622,20.269426,21.984787,0.0,0.0,4.0,0.0,4.0,0.0,4.0,0.0
21217,2023.0,5.0,28.0,8.0,20.070513,20.610214,17.821203,18.152527,19.97929,20.363527,19.883398,20.269974,17.1834,16.942402,20.019423,21.33879,20.48725,20.844799,19.548353,19.417292,19.236609,19.812849,4.0,4.0,4.0,0.0,4.0,4.0,0.0,4.0
21218,2023.0,5.0,28.0,8.0,19.607132,20.105349,20.271605,22.443113,19.43276,19.737946,19.319012,19.638796,17.125355,17.005402,20.061562,21.304918,20.282759,20.62655,19.749279,20.302479,20.198301,21.790527,4.0,4.0,4.0,0.0,0.0,4.0,4.0,0.0
21219,2023.0,5.0,28.0,8.0,19.468021,19.990492,20.036457,21.767931,18.672533,18.480473,19.155502,19.502165,17.101048,17.00137,19.060175,19.257196,20.256506,20.6232,19.939121,20.55739,18.600363,18.58626,0.0,0.0,4.0,0.0,4.0,4.0,4.0,0.0
21220,2023.0,5.0,28.0,8.0,19.364473,19.906656,18.429968,18.544054,18.875301,19.167288,19.044743,19.422554,17.794558,18.352772,20.209435,21.56935,19.509468,19.242397,19.046963,18.90852,17.788734,17.567368,0.0,4.0,4.0,4.0,0.0,0.0,0.0,0.0
21221,2023.0,5.0,28.0,8.0,18.692968,18.743677,17.922865,18.114584,18.393272,18.25659,18.353294,18.233137,20.279423,22.510117,18.890306,18.89198,19.17244,18.85312,19.529848,20.139254,17.541506,17.316092,4.0,0.0,0.0,0.0,0.0,0.0,4.0,0.0
21222,2023.0,5.0,28.0,9.0,18.298517,18.271862,20.237324,22.314405,18.023485,17.817883,17.953709,17.760715,18.434307,18.578165,18.257029,18.12617,19.074642,18.7717,18.910358,18.809261,17.488024,17.365473,0.0,0.0,0.0,0.0,0.0,0.0,0.0,0.0
21223,2023.0,5.0,28.0,9.0,18.126371,18.108461,18.872656,19.385527,17.875889,17.690546,17.789818,17.617214,17.524443,17.36301,18.113062,17.980394,19.743801,20.113823,18.47112,18.256113,17.42346,17.318798,4.0,0.0,0.0,0.0,0.0,4.0,0.0,0.0
21224,2023.0,5.0,28.0,9.0,18.034904,18.03912,20.201796,21.935976,18.578264,19.119997,17.694218,17.547365,17.444605,17.33006,18.425932,18.631664,19.999418,20.477922,18.346113,18.129444,17.360811,17.259127,4.0,4.0,0.0,0.0,4.0,4.0,0.0,0.0
21225,2023.0,5.0,28.0,9.0,18.046053,18.173582,20.13489,21.7174,18.75037,19.270163,18.380411,18.953697,17.400763,17.297863,20.195948,21.734304,19.347284,19.181446,18.2638,18.063204,17.294914,17.19674,0.0,4.0,4.0,0.0,0.0,0.0,0.0,0.0
21226,2023.0,5.0,28.0,9.0,18.749296,19.552769,19.039886,19.51751,18.725504,19.252127,17.995207,18.062355,17.351267,17.250435,19.070747,19.332245,19.075682,18.840984,18.204552,18.019632,17.240007,17.144087,4.0,4.0,0.0,0.0,0.0,0.0,0.0,0.0
21227,2023.0,5.0,28.0,9.0,18.232153,18.452002,20.189762,21.76297,18.171719,18.231173,17.703085,17.647999,18.073586,18.635159,18.502611,18.396585,19.040007,18.816744,19.271528,20.08545,17.205778,17.110981,0.0,0.0,0.0,4.0,0.0,0.0,4.0,0.0
21228,2023.0,5.0,28.0,10.0,17.89631,18.024805,18.85679,19.103458,17.840515,17.805513,17.586718,17.547773,20.237768,22.289267,18.322489,18.197142,19.020044,18.813356,19.662964,20.483976,18.101778,18.83417,0.0,0.0,0.0,0.0,0.0,0.0,4.0,4.0
21229,2023.0,5.0,28.0,10.0,17.798573,17.91954,18.111364,18.172716,18.374447,18.906504,17.538141,17.544981,18.644753,18.882431,18.22984,18.100782,19.841448,20.401955,18.78403,18.743214,20.240974,22.404896,0.0,4.0,0.0,0.0,0.0,4.0,0.0,0.0
21230,2023.0,5.0,28.0,10.0,17.7913,17.970343,18.303804,18.718338,18.609976,19.207354,17.48403,17.50412,18.546045,19.086397,18.1627,18.032154,20.13356,20.706884,18.40216,18.262852,18.532095,18.771507,4.0,4.0,0.0,4.0,0.0,4.0,0.0,0.0
21231,2023.0,5.0,28.0,10.0,17.763693,17.952053,20.235353,22.138073,18.078634,18.198486,17.432505,17.45737,20.20144,21.991852,18.122995,17.989492,20.209759,20.782503,18.329165,18.188845,17.909483,17.815046,0.0,0.0,0.0,0.0,0.0,4.0,0.0,0.0
21232,2023.0,5.0,28.0,10.0,17.722095,17.915062,18.874952,19.303457,17.769587,17.795656,17.379265,17.410055,18.803423,19.033823,18.089352,17.957375,19.558926,19.48613,18.283207,18.150875,17.717384,17.612976,0.0,0.0,0.0,0.0,0.0,0.0,0.0,0.0
21233,2023.0,5.0,28.0,10.0,18.465063,19.344152,18.179647,18.246,17.682575,17.70584,17.335415,17.370188,18.229286,18.125063,18.072063,17.939518,19.337824,19.16061,18.25652,18.131468,17.631865,17.52759,0.0,0.0,0.0,0.0,0.0,0.0,0.0,0.0
21234,2023.0,5.0,28.0,11.0,18.607931,19.44498,17.963116,18.007183,18.303074,18.924473,18.012363,18.682253,18.088947,17.97759,18.05893,17.927414,20.037754,20.52948,18.245256,18.136667,18.504612,19.232944,0.0,4.0,4.0,0.0,0.0,4.0,0.0,4.0
21235,2023.0,5.0,28.0,11.0,18.046999,18.343235,17.814919,17.860052,17.91195,18.0876,17.61414,17.801136,18.003819,17.890184,18.04784,17.916025,20.290028,20.884928,18.22776,18.121052,20.199913,22.12868,0.0,0.0,0.0,0.0,0.0,4.0,0.0,0.0
21236,2023.0,5.0,28.0,11.0,17.768435,17.981785,17.67376,17.721392,17.626043,17.701645,18.001835,18.678944,17.924791,17.809662,18.03488,17.903027,20.391447,20.98933,18.205631,18.099005,19.409058,20.272984,0.0,0.0,4.0,0.0,0.0,4.0,0.0,4.0
21237,2023.0,5.0,28.0,11.0,17.70783,17.91938,18.034101,18.481533,18.24,18.901508,17.574718,17.756641,17.874805,17.75771,18.02682,17.89474,20.458298,21.057209,18.188322,18.081606,20.098564,21.518644,4.0,4.0,0.0,0.0,0.0,4.0,0.0,4.0
21238,2023.0,5.0,28.0,11.0,18.388226,19.237082,20.235558,22.30093,18.473757,19.157093,17.988165,18.674242,17.825344,17.71009,18.018497,17.887487,20.522318,21.120571,18.171186,18.065514,20.00275,21.241352,0.0,4.0,4.0,0.0,0.0,4.0,0.0,4.0
21239,2023.0,5.0,28.0,11.0,18.038906,18.372597,18.786749,19.23209,18.530111,19.215622,17.643206,17.850294,17.784416,17.670424,18.014576,17.884563,19.861212,19.82142,18.15648,18.051752,20.012522,21.190395,0.0,4.0,0.0,0.0,0.0,0.0,0.0,4.0
21240,2023.0,5.0,28.0,12.0,17.767122,18.021294,18.350697,18.85365,17.99459,18.179708,18.051256,18.766712,17.751307,17.638384,18.012802,17.88431,20.35538,20.91163,18.144573,18.040895,20.045517,21.228281,4.0,0.0,4.0,0.0,0.0,4.0,0.0,0.0
21241,2023.0,5.0,28.0,12.0,21.294943,24.229364,20.23481,22.156712,21.280684,24.113882,21.278933,24.248917,17.725042,17.61369,18.013102,17.886454,21.284727,22.483301,21.765854,24.428722,18.91682,18.993528,4.0,4.0,0.0,0.0,0.0,4.0,0.0,0.0
21242,2023.0,5.0,28.0,12.0,20.995733,23.284702,20.003613,21.53269,21.015833,23.239552,21.012793,23.352194,17.707981,17.598116,18.01864,17.893772,20.998516,21.81642,20.993483,22.700327,18.365128,18.279278,4.0,0.0,0.0,0.0,0.0,4.0,0.0,0.0
21243,2023.0,5.0,28.0,12.0,21.059544,23.1866,20.053585,21.539938,21.039099,23.031368,21.068586,23.221844,17.699553,17.592505,18.45539,18.71372,21.002195,21.758636,21.045658,22.608612,18.228096,18.14492,0.0,4.0,0.0,0.0,4.0,4.0,0.0,0.0
21244,2023.0,5.0,28.0,12.0,21.053148,23.019943,18.89762,19.24044,21.039656,22.876045,21.158672,23.245079,17.696695,17.592648,20.187178,21.667696,21.001194,21.704304,21.226105,22.829866,18.146652,18.075443,0.0,4.0,0.0,0.0,0.0,4.0,0.0,0.0
21245,2023.0,5.0,28.0,12.0,21.052519,22.909481,18.636665,19.143768,21.037882,22.764622,21.056906,22.925993,18.465773,19.048504,19.20149,19.510517,21.03005,21.740252,21.038877,22.34887,18.045649,17.944248,4.0,4.0,0.0,4.0,0.0,0.0,0.0,0.0
21246,2023.0,5.0,28.0,13.0,21.16798,23.059538,20.216755,21.949217,21.16092,22.950634,21.055721,22.840137,20.181759,21.889477,18.545914,18.490171,21.002337,21.622522,21.038061,22.272316,18.941236,19.705425,0.0,0.0,0.0,0.0,0.0,4.0,0.0,4.0
21247,2023.0,5.0,28.0,13.0,21.049105,22.755894,19.28811,19.967352,21.053993,22.667376,21.054386,22.772617,18.955711,19.253004,18.388874,18.281288,21.01457,21.616714,21.03681,22.212023,20.127417,21.590343,4.0,0.0,0.0,0.0,0.0,4.0,0.0,0.0
21248,2023.0,5.0,28.0,13.0,21.243221,23.076567,20.167528,21.740057,21.053497,22.613127,21.05314,22.718634,18.28387,18.269943,18.35049,18.238146,21.199226,21.985619,21.036695,22.163757,18.991043,19.220695,4.0,0.0,0.0,0.0,0.0,0.0,0.0,0.0
21249,2023.0,5.0,28.0,13.0,21.052546,22.676277,20.0274,21.389198,21.051956,22.566961,21.051882,22.674448,18.896526,19.525599,18.32749,18.214615,21.022379,21.602001,21.035458,22.121948,18.366083,18.328934,0.0,0.0,0.0,4.0,0.0,0.0,0.0,0.0
21250,2023.0,5.0,28.0,13.0,21.049929,22.632837,18.986105,19.333118,21.047554,22.530424,21.051378,22.639034,20.14086,21.564598,18.684341,18.898764,21.022436,21.581541,21.035114,22.088394,18.224537,18.183666,0.0,0.0,0.0,0.0,4.0,0.0,0.0,0.0
21251,2023.0,5.0,28.0,13.0,21.022627,22.525549,18.329191,18.457603,21.047306,22.505245,21.050602,22.608234,19.068138,19.306898,20.159042,21.42902,21.0221,21.564203,21.034588,22.059818,18.112947,18.02738,0.0,0.0,0.0,0.0,0.0,0.0,0.0,0.0
21252,2023.0,5.0,28.0,14.0,21.053663,22.58506,18.091257,18.179937,21.021778,22.413067,21.049835,22.581102,18.472582,18.451717,19.28958,19.556812,21.019531,21.55049,21.03399,22.035341,18.040504,17.95428,0.0,4.0,0.0,0.0,0.0,0.0,0.0,0.0
21253,2023.0,5.0,28.0,14.0,19.868101,20.283651,17.948078,18.032625,19.847923,20.173586,19.787714,20.13278,18.291204,18.215681,18.702936,18.651731,20.450132,20.44393,20.044548,20.10383,17.994608,17.911951,0.0,0.0,0.0,0.0,0.0,0.0,0.0,0.0
21254,2023.0,5.0,28.0,14.0,19.359829,19.593662,18.30092,18.770456,19.894405,20.520466,19.167181,19.25106,18.222645,18.137266,18.566372,18.46683,20.95954,21.520971,20.640842,21.43573,18.882603,19.620222,4.0,4.0,0.0,0.0,0.0,4.0,4.0,4.0
21255,2023.0,5.0,28.0,14.0,19.141193,19.362873,20.230453,22.13051,19.896662,20.568068,18.915636,18.98332,18.176043,18.091518,18.521845,18.421432,20.40777,20.398947,20.8055,21.646662,20.147568,21.734375,4.0,4.0,0.0,0.0,0.0,0.0,4.0,0.0
21256,2023.0,5.0,28.0,14.0,18.942846,19.157318,20.003098,21.489332,19.812147,20.487595,19.366749,20.018093,18.129892,18.047604,18.479692,18.38074,20.099821,19.994404,19.904839,19.93462,18.968733,19.231335,4.0,4.0,4.0,0.0,0.0,0.0,0.0,0.0
21257,2023.0,5.0,28.0,14.0,19.515608,20.374344,20.031645,21.42749,19.192553,19.393492,19.5141,20.2208,18.089226,18.008852,18.445627,18.348927,20.73891,21.283215,20.436453,21.218206,18.340286,18.33673,4.0,0.0,4.0,0.0,0.0,4.0,4.0,0.0
21258,2023.0,5.0,28.0,15.0,19.66541,20.518467,20.044456,21.386942,18.825727,18.938711,19.461765,20.159628,18.055214,17.977772,18.418198,18.324785,20.99918,21.621252,19.774809,19.78751,18.202742,18.191292,0.0,0.0,4.0,0.0,0.0,4.0,0.0,0.0
21259,2023.0,5.0,28.0,15.0,19.058699,19.394474,19.357784,19.983015,19.2958,19.952406,18.863941,19.080414,18.024563,17.948687,18.393286,18.301973,20.334501,20.320824,19.39088,19.321077,19.00355,19.75434,4.0,4.0,0.0,0.0,0.0,0.0,0.0,4.0
21260,2023.0,5.0,28.0,15.0,18.800331,19.050295,20.132944,21.446768,19.416006,20.110373,19.22649,19.907362,18.749334,19.339031,18.373053,18.282667,20.095,19.985085,19.273314,19.196789,20.101366,21.556915,4.0,4.0,4.0,4.0,0.0,0.0,0.0,4.0
21261,2023.0,5.0,28.0,15.0,18.665884,18.912142,20.029686,21.223461,19.41494,20.102592,19.339235,20.032158,20.15439,21.659613,18.351099,18.262793,20.000494,19.891287,19.176477,19.103405,20.030167,21.282087,0.0,4.0,4.0,0.0,0.0,0.0,0.0,0.0
21262,2023.0,5.0,28.0,15.0,19.234205,20.06194,19.438757,20.040192,19.412827,20.096508,18.765823,18.982986,19.04848,19.312735,18.330027,18.244322,19.925781,19.818178,19.081291,18.998116,19.770582,20.627317,4.0,4.0,0.0,0.0,0.0,0.0,0.0,4.0
21263,2023.0,5.0,28.0,15.0,18.771303,19.088455,20.13818,21.38681,19.408798,20.088032,18.483524,18.589205,18.571186,18.55008,18.311348,18.227226,19.879297,19.781893,19.012804,18.928434,20.037413,21.090538,0.0,4.0,0.0,0.0,0.0,0.0,0.0,4.0
21264,2023.0,5.0,28.0,16.0,18.501738,18.757082,19.48466,20.059496,19.401564,20.07676,18.998877,19.67036,19.09811,19.667217,18.290993,18.209694,20.59538,21.191637,18.94822,18.867212,20.036646,21.07166,4.0,4.0,4.0,4.0,0.0,4.0,0.0,0.0
21265,2023.0,5.0,28.0,16.0,19.10943,19.962585,20.1387,21.415293,18.833261,19.02048,18.597471,18.79291,20.123518,21.384071,18.268276,18.18834,20.108065,20.088236,18.889555,18.811197,19.126108,19.274347,0.0,0.0,0.0,0.0,0.0,0.0,0.0,0.0
21266,2023.0,5.0,28.0,16.0,18.703781,19.019056,19.481544,20.05797,19.137533,19.779417,18.283358,18.38869,19.12283,19.317545,18.24526,18.16713,19.83048,19.723755,18.835358,18.759272,18.612223,18.579205,4.0,4.0,0.0,0.0,0.0,0.0,0.0,0.0
21267,2023.0,5.0,28.0,16.0,18.475834,18.695444,20.133112,21.321476,18.679066,18.855204,18.839418,19.502485,18.685429,18.638952,18.223972,18.146706,19.756414,19.641468,18.790537,18.715662,18.462666,18.410358,0.0,0.0,4.0,0.0,0.0,0.0,0.0,0.0
21268,2023.0,5.0,28.0,16.0,18.37854,18.591087,19.498442,20.03516,18.369352,18.448248,18.450611,18.62618,18.500706,18.431536,18.201433,18.126184,19.719154,19.627832,18.743826,18.671244,18.34181,18.276846,4.0,0.0,0.0,0.0,0.0,0.0,0.0,0.0
21269,2023.0,5.0,28.0,16.0,19.061134,19.925432,20.127295,21.265108,18.92967,19.56452,18.213455,18.290617,18.402283,18.327316,18.180212,18.106003,19.68088,19.593803,18.70397,18.632917,18.259115,18.192015,0.0,4.0,0.0,0.0,0.0,0.0,0.0,0.0
21270,2023.0,5.0,28.0,17.0,19.240389,20.050669,19.518852,20.03991,19.121393,19.768703,18.754827,19.393103,18.316729,18.244875,18.157618,18.085802,19.636925,19.552423,18.662909,18.594133,19.090107,19.835245,4.0,4.0,4.0,0.0,0.0,0.0,0.0,4.0
21271,2023.0,5.0,28.0,17.0,19.268957,20.067484,20.103537,21.170273,19.142471,19.780012,18.895094,19.55209,18.982456,19.55648,18.524553,18.79664,19.599033,19.51594,19.668198,20.52709,20.137936,21.575043,4.0,4.0,4.0,4.0,4.0,0.0,4.0,0.0
21272,2023.0,5.0,28.0,17.0,19.30232,20.095888,20.227327,21.412626,18.60471,18.75813,18.92209,19.565348,20.262323,21.691624,20.178919,21.6504,20.32109,20.923561,19.149101,19.238085,19.708462,20.51582,4.0,0.0,4.0,4.0,0.0,4.0,0.0,4.0
21273,2023.0,5.0,28.0,17.0,19.332848,20.11958,20.041283,21.039099,18.921337,19.521181,18.383898,18.531353,20.029327,21.116137,19.134922,19.394438,20.563202,21.177956,18.74395,18.675869,20.098116,21.293108,0.0,4.0,0.0,0.0,0.0,4.0,0.0,0.0
21274,2023.0,5.0,28.0,17.0,19.348253,20.121708,19.513487,19.992071,19.09538,19.714867,18.077515,18.130142,19.077991,19.194565,18.489496,18.454187,20.599836,21.201216,19.618782,20.411182,19.79499,20.566986,4.0,4.0,0.0,0.0,0.0,4.0,4.0,4.0
21275,2023.0,5.0,28.0,17.0,18.755291,18.994389,20.11964,21.17553,19.112373,19.721819,17.984797,18.018774,19.344404,19.8585,18.360376,18.296152,19.954626,19.955044,18.990187,19.043274,20.077133,21.109793,0.0,4.0,0.0,4.0,0.0,0.0,0.0,0.0
21276,2023.0,5.0,28.0,18.0,18.448318,18.605846,19.208857,19.393827,19.126116,19.727398,18.567862,19.165127,20.097912,21.158031,18.292763,18.230412,20.389423,20.940695,18.626696,18.548298,19.103779,19.189915,0.0,4.0,4.0,0.0,0.0,4.0,0.0,0.0
21277,2023.0,5.0,28.0,18.0,21.255087,23.644983,19.113459,19.538408,21.250626,23.421232,21.26981,23.72963,19.135313,19.221815,18.229916,18.166521,21.251534,22.39609,21.422388,23.47471,18.565292,18.481852,4.0,4.0,4.0,0.0,0.0,4.0,0.0,0.0
21278,2023.0,5.0,28.0,18.0,21.013332,22.867458,20.143242,21.375633,21.004452,22.704403,21.002703,22.90791,19.299616,19.832228,18.569323,18.856422,21.031025,21.88723,21.008541,22.494741,18.368526,18.263783,0.0,4.0,4.0,4.0,4.0,0.0,0.0,0.0
21279,2023.0,5.0,28.0,18.0,21.024332,22.69861,19.541859,20.09931,21.038946,22.618649,21.068367,22.863476,20.225876,21.423822,20.176647,21.645681,21.032125,21.82507,21.006016,22.306755,18.284582,18.214035,4.0,4.0,0.0,0.0,0.0,0.0,4.0,0.0
21280,2023.0,5.0,28.0,18.0,21.057142,22.660063,20.11642,21.255508,21.033709,22.500027,21.032804,22.633709,19.699814,20.260199,19.090284,19.316456,21.03162,21.775288,21.053322,22.317215,19.167387,19.961882,4.0,4.0,4.0,4.0,0.0,0.0,0.0,4.0
21281,2023.0,5.0,28.0,18.0,21.049095,22.551407,20.02952,21.03959,21.05782,22.487444,21.061852,22.612818,20.103798,21.091278,18.435848,18.386553,21.00068,21.65876,21.043285,22.211054,20.084633,21.328436,0.0,0.0,0.0,0.0,0.0,4.0,0.0,4.0
21282,2023.0,5.0,28.0,19.0,21.049973,22.482546,19.415659,19.79953,21.05211,22.40843,21.030762,22.452827,19.110807,19.10771,18.27913,18.210487,21.036896,21.731403,21.044386,22.14764,20.001625,21.046429,4.0,0.0,4.0,0.0,0.0,0.0,0.0,4.0
21283,2023.0,5.0,28.0,19.0,21.014725,22.354164,20.129503,21.23647,21.026815,22.28394,21.03568,22.406218,18.567877,18.40829,18.590883,18.869995,21.000854,21.619356,21.043629,22.096565,20.046728,21.082733,4.0,4.0,4.0,0.0,4.0,4.0,0.0,0.0
21284,2023.0,5.0,28.0,19.0,21.028955,22.34121,20.012949,20.952705,21.03174,22.255917,21.207756,22.706621,18.458986,18.370073,20.201233,21.631224,21.037498,21.702106,21.246399,22.477676,18.981476,18.963257,4.0,4.0,4.0,0.0,0.0,0.0,0.0,0.0
21285,2023.0,5.0,28.0,19.0,21.02704,22.30673,20.045567,20.996647,21.030958,22.224686,21.058884,22.38721,18.377651,18.296637,19.09454,19.282701,21.00166,21.596418,21.036991,22.032713,18.423237,18.260862,0.0,4.0,0.0,0.0,0.0,4.0,0.0,0.0
21286,2023.0,5.0,28.0,19.0,21.054033,22.354305,19.40247,19.709219,21.056204,22.26914,21.02861,22.272335,19.044384,19.64163,18.444765,18.387886,21.007734,21.603996,21.03725,22.017963,18.235325,18.062225,4.0,0.0,4.0,4.0,0.0,4.0,0.0,0.0
21287,2023.0,5.0,28.0,19.0,21.048496,22.311972,20.133972,21.23673,21.050667,22.228922,21.05965,22.328669,20.143461,21.405476,18.27155,18.186806,21.038237,21.680223,21.037056,22.004637,18.200184,18.116652,0.0,0.0,0.0,0.0,0.0,0.0,0.0,0.0
21288,2023.0,5.0,28.0,20.0,21.04836,22.283243,19.404253,19.721529,21.051094,22.202768,21.028484,22.22011,18.925234,18.894327,18.166037,18.079584,21.003002,21.579441,21.037086,21.993896,18.14013,18.065115,4.0,0.0,4.0,0.0,0.0,4.0,0.0,0.0
21289,2023.0,5.0,28.0,20.0,21.021564,22.184513,20.138857,21.218254,21.015305,22.10834,21.059689,22.282934,18.290182,18.08135,18.074854,17.984562,21.00907,21.590332,20.99695,21.877583,19.027275,19.819447,4.0,4.0,0.0,0.0,0.0,4.0,4.0,4.0
21290,2023.0,5.0,28.0,20.0,21.027113,22.181198,20.03137,20.961798,21.058027,22.190834,21.053534,22.247332,19.004955,19.60082,17.991442,17.898949,21.039825,21.6694,21.054338,22.004972,20.143501,21.543783,0.0,0.0,0.0,4.0,0.0,0.0,0.0,0.0
21291,2023.0,5.0,28.0,20.0,21.053534,22.24096,19.019573,18.985641,21.0254,22.083063,21.029032,22.156334,20.143566,21.406988,17.918781,17.827175,21.035065,21.648504,21.04447,21.96611,18.76976,18.708302,0.0,4.0,4.0,0.0,0.0,0.0,0.0,0.0
21292,2023.0,5.0,28.0,20.0,21.048185,22.21033,18.54851,18.476265,21.05707,22.150648,21.05972,22.223108,18.858522,18.7667,17.849138,17.755928,21.005383,21.559895,21.04573,21.949987,18.111961,17.889898,0.0,0.0,0.0,0.0,0.0,4.0,0.0,0.0
21293,2023.0,5.0,28.0,20.0,21.04877,22.191431,18.404459,18.331097,21.051243,22.11945,21.028864,22.123995,18.905544,19.26947,17.781641,17.685656,21.041723,21.650555,21.035954,21.933186,19.031515,19.798622,0.0,0.0,4.0,4.0,0.0,0.0,0.0,4.0
21294,2023.0,5.0,28.0,21.0,21.037352,22.1729,18.269388,18.187483,21.02649,22.031446,21.06026,22.194187,20.173681,21.415821,17.714611,17.610909,21.036348,21.629955,21.037271,21.934568,20.138412,21.491571,0.0,4.0,0.0,0.0,0.0,0.0,0.0,0.0
21295,2023.0,5.0,28.0,21.0,21.038687,22.17412,18.15398,18.066565,21.057413,22.102043,21.054296,22.16491,18.854696,18.71678,17.651688,17.543001,21.03732,21.62235,21.03735,21.931808,18.737352,18.615793,0.0,0.0,0.0,0.0,0.0,0.0,0.0,0.0
21296,2023.0,5.0,28.0,21.0,21.038422,22.169907,18.505598,18.808147,21.025919,22.004202,21.054987,22.14899,18.9016,19.240788,17.946232,18.140306,21.026361,21.61395,21.037292,21.927832,18.997156,19.554804,4.0,4.0,0.0,4.0,4.0,0.0,0.0,4.0
21297,2023.0,5.0,28.0,21.0,21.216173,22.520472,20.218334,21.769066,21.189571,22.341948,21.211802,22.472883,20.327572,21.651613,20.331285,22.100306,21.181316,21.93133,21.741825,22.94716,20.292786,21.723131,0.0,0.0,0.0,0.0,0.0,0.0,4.0,0.0
21298,2023.0,5.0,28.0,21.0,21.037954,22.152836,19.020353,19.238012,21.05165,22.04745,21.042774,22.132294,19.423815,19.746841,19.149595,19.59292,20.99855,21.548037,21.034887,21.809387,18.759333,18.593588,0.0,0.0,0.0,4.0,4.0,4.0,0.0,0.0
21299,2023.0,5.0,28.0,21.0,21.038315,22.147942,18.717045,19.018896,21.05284,22.035753,21.043173,22.133095,20.259092,21.400217,20.199213,21.666157,21.045565,21.64975,21.0482,21.842987,18.081043,17.771538,4.0,0.0,0.0,0.0,4.0,0.0,0.0,0.0
21300,2023.0,5.0,28.0,22.0,21.247265,22.559376,20.19883,21.627932,21.354477,22.634422,21.240244,22.52505,19.453144,19.728266,20.02218,21.133709,21.170975,21.885,21.264143,22.276356,18.064888,17.933262,0.0,4.0,0.0,4.0,4.0,0.0,0.0,0.0
21301,2023.0,5.0,28.0,22.0,21.010649,22.054314,18.75724,18.646563,21.019516,21.969345,21.042616,22.121132,20.170977,21.16262,20.059195,21.095419,21.03922,21.604315,20.997686,21.731138,18.015825,17.892052,0.0,4.0,0.0,0.0,0.0,0.0,4.0,0.0
21302,2023.0,5.0,28.0,22.0,21.04357,22.14249,18.327835,18.27373,21.060162,22.053253,21.043201,22.11973,18.887587,18.633532,19.042755,19.033287,21.0272,21.59571,21.057062,21.878626,17.92151,17.795372,4.0,0.0,0.0,0.0,4.0,0.0,0.0,0.0
21303,2023.0,5.0,28.0,22.0,21.235767,22.474709,20.223434,21.694359,21.187243,22.288137,21.211084,22.451683,18.208847,17.807827,20.280884,21.425276,21.179716,21.909668,21.230532,22.21864,18.600552,19.149736,0.0,0.0,0.0,0.0,0.0,0.0,0.0,4.0
21304,2023.0,5.0,28.0,22.0,21.055695,22.110912,18.761734,18.646143,21.05345,21.998756,21.04259,22.105097,18.849894,19.23873,18.835629,18.583624,21.028475,21.608845,21.047747,21.838835,20.161118,21.674929,0.0,0.0,0.0,4.0,0.0,0.0,0.0,4.0
21305,2023.0,5.0,28.0,22.0,21.050373,22.082338,18.163116,17.999517,21.038376,21.98525,21.042969,22.101183,20.128414,21.312685,18.28223,18.078764,21.029154,21.615007,21.048283,21.833061,20.040888,21.265963,0.0,0.0,0.0,4.0,0.0,0.0,0.0,0.0
21306,2023.0,5.0,28.0,23.0,21.050892,22.066229,18.060608,17.903837,21.040358,21.997381,21.042854,22.096098,20.042673,21.02896,18.170816,17.989445,21.02936,21.618263,21.035547,21.826704,19.267698,19.599426,0.0,0.0,0.0,0.0,0.0,0.0,0.0,4.0
21307,2023.0,5.0,28.0,23.0,20.123638,20.298979,17.952667,17.79295,20.056376,20.114283,19.981318,20.054432,18.761295,18.47384,18.034723,17.860037,20.271666,20.163504,20.083813,20.009495,18.269003,17.937437,0.0,0.0,0.0,0.0,0.0,0.0,0.0,0.0
21308,2023.0,5.0,28.0,23.0,19.654955,19.634018,17.866081,17.694042,19.515285,19.32029,19.413774,19.22962,18.220482,17.75199,17.917847,17.727741,19.958227,19.751585,19.677908,19.488947,17.917383,17.511635,0.0,0.0,0.0,0.0,0.0,0.0,0.0,0.0
21309,2023.0,5.0,28.0,23.0,19.465816,19.448618,18.260458,18.496492,19.308418,19.112944,19.198214,19.015211,18.282839,18.077932,17.819883,17.630836,19.821306,19.615152,19.49247,19.31215,17.760235,17.360775,4.0,0.0,0.0,0.0,0.0,0.0,0.0,0.0
21310,2023.0,5.0,28.0,23.0,19.304369,19.279898,18.369122,18.653982,19.13487,18.93054,19.016699,18.82524,18.221691,18.046959,17.724384,17.5295,19.696299,19.484257,19.328768,19.146894,17.864325,17.706112,4.0,0.0,0.0,0.0,0.0,0.0,0.0,0.0
21311,2023.0,5.0,28.0,23.0,19.174246,19.15194,18.04343,17.991936,18.99613,18.794044,18.871893,18.683308,18.116932,17.938549,17.640106,17.444424,19.590517,19.378025,19.188143,19.004038,17.813442,17.654932,4.0,0.0,0.0,0.0,0.0,0.0,0.0,0.0
21312,2023.0,5.0,29.0,0.0,19.0594,19.038591,17.488718,17.012463,18.873518,18.67313,18.744204,18.557747,18.020023,17.841114,17.561644,17.364994,19.494854,19.281788,19.063868,18.880234,18.469425,18.954315,0.0,0.0,0.0,0.0,0.0,0.0,0.0,4.0
21313,2023.0,5.0,29.0,0.0,18.955536,18.935507,17.24624,16.69422,18.762651,18.563332,18.629116,18.443886,17.930128,17.750576,17.487598,17.289957,19.407162,19.193287,18.950947,18.767288,17.701752,17.347124,0.0,0.0,0.0,0.0,0.0,0.0,0.0,0.0
21314,2023.0,5.0,29.0,0.0,18.859194,18.837618,17.12362,16.563446,18.659924,18.459332,18.522913,18.336308,17.845129,17.663074,17.416151,17.215939,19.324879,19.108421,18.845835,18.659914,18.157074,18.409668,0.0,0.0,0.0,0.0,0.0,0.0,0.0,4.0
21315,2023.0,5.0,29.0,0.0,18.772451,18.751041,17.323778,17.061049,18.567434,18.367445,18.427479,18.241425,17.76723,17.584078,17.349382,17.147833,19.24992,19.032234,18.750633,18.564074,17.555344,17.165325,0.0,0.0,0.0,0.0,0.0,0.0,0.0,0.0
21316,2023.0,5.0,29.0,0.0,18.690365,18.667112,17.378492,17.183706,18.479975,18.27853,18.337427,18.14976,18.279099,18.608965,17.284264,17.07991,19.178616,18.958221,18.6607,18.471714,17.307594,16.889399,0.0,0.0,0.0,4.0,0.0,0.0,0.0,0.0
21317,2023.0,5.0,29.0,0.0,18.615435,18.591616,17.818895,18.041672,18.399878,18.198341,18.254866,18.067091,17.831202,17.662853,17.223055,17.016903,19.112783,18.89072,18.578028,18.387842,17.195454,16.779306,4.0,0.0,0.0,0.0,0.0,0.0,0.0,0.0
21318,2023.0,5.0,29.0,1.0,18.545404,18.520664,17.538624,17.448391,18.324825,18.123096,18.177324,17.98943,18.24839,18.574118,17.164644,16.956676,19.050789,18.82705,18.500511,18.309095,17.340553,17.169874,0.0,0.0,0.0,4.0,0.0,0.0,0.0,0.0
21319,2023.0,5.0,29.0,1.0,18.480791,18.456242,17.367123,17.18698,18.25554,18.054926,18.105637,17.919012,17.5392,17.115541,17.109894,16.901232,18.993193,18.768864,18.42871,18.237324,17.328003,17.157576,0.0,0.0,0.0,0.0,0.0,0.0,0.0,0.0
21320,2023.0,5.0,29.0,1.0,18.417568,18.390959,17.29256,17.096794,18.187653,17.985723,18.03548,17.847572,17.241314,16.759392,17.055273,16.844152,18.936647,18.709988,18.358625,18.165201,18.008085,18.478762,0.0,0.0,0.0,0.0,0.0,0.0,0.0,4.0
21321,2023.0,5.0,29.0,1.0,18.357899,18.330112,17.239199,17.040775,18.123915,17.921328,17.969883,17.781256,17.12174,16.641249,17.294918,17.33526,18.883139,18.654766,18.29259,18.097845,17.492872,17.355974,0.0,0.0,0.0,0.0,4.0,0.0,0.0,0.0
21322,2023.0,5.0,29.0,1.0,18.298887,18.268509,17.189873,16.988083,18.061594,17.856804,17.90614,17.715076,17.29822,17.100544,17.06404,16.851103,18.830648,18.599545,18.228188,18.03096,17.06715,16.645788,0.0,0.0,0.0,0.0,0.0,0.0,0.0,0.0
21323,2023.0,5.0,29.0,1.0,18.240614,18.206394,17.141241,16.93414,17.999733,17.79064,17.843044,17.64741,17.28997,17.089842,16.954384,16.733156,18.77913,18.544529,18.16553,17.965158,16.90826,16.468996,0.0,0.0,0.0,0.0,0.0,0.0,0.0,0.0
21324,2023.0,5.0,29.0,2.0,18.188353,18.154247,17.099571,16.892496,17.945478,17.737577,17.78755,17.593088,17.243027,17.042267,16.89926,16.678009,18.731865,18.49659,18.107687,17.907001,17.083364,16.920565,0.0,0.0,0.0,0.0,0.0,0.0,0.0,0.0
21325,2023.0,5.0,29.0,2.0,18.135704,18.099422,17.055708,16.845324,17.889652,17.679365,17.730223,17.53336,17.194056,16.991108,16.84369,16.61966,18.684505,18.447083,18.050272,17.847805,17.057175,16.873798,0.0,0.0,0.0,0.0,0.0,0.0,0.0,0.0
21326,2023.0,5.0,29.0,2.0,18.08591,18.04859,17.014725,16.802986,17.837467,17.626709,17.676636,17.479334,17.145699,16.941643,16.792437,16.567175,18.639256,18.400639,17.995344,17.79201,17.013775,16.829254,0.0,0.0,0.0,0.0,0.0,0.0,0.0,0.0
21327,2023.0,5.0,29.0,2.0,18.040894,18.005888,16.97834,16.769054,17.79089,17.583685,17.62888,17.435242,17.100796,16.898417,16.746254,16.52325,18.597553,18.360205,17.944458,17.742832,17.702114,18.162184,0.0,0.0,0.0,0.0,0.0,0.0,0.0,4.0
21328,2023.0,5.0,29.0,2.0,17.993544,17.957293,16.938745,16.72801,17.74146,17.533518,17.578402,17.383947,17.053854,16.85037,16.697933,16.473639,18.554352,18.315783,17.89227,17.689724,17.192783,17.048717,0.0,0.0,0.0,0.0,0.0,0.0,0.0,0.0
21329,2023.0,5.0,29.0,2.0,17.945967,17.9072,16.898571,16.685297,17.691927,17.481962,17.528105,17.33144,17.00665,16.801105,16.649538,16.422897,18.511055,18.27041,17.84017,17.635754,16.759993,16.317724,0.0,0.0,0.0,0.0,0.0,0.0,0.0,0.0
21330,2023.0,5.0,29.0,3.0,17.898232,17.855885,16.856993,16.639349,17.641638,17.427898,17.477062,17.276459,16.959282,16.750856,16.600773,16.370579,18.467754,18.22436,17.788408,17.581541,16.604637,16.146273,0.0,0.0,0.0,0.0,0.0,0.0,0.0,0.0
21331,2023.0,5.0,29.0,3.0,17.856316,17.815443,16.822338,16.606943,17.598564,17.387487,17.433113,17.235191,16.916615,16.709461,16.557877,16.329336,18.428787,18.186432,17.741022,17.535324,16.769201,16.573164,0.0,0.0,0.0,0.0,0.0,0.0,0.0,0.0
21332,2023.0,5.0,29.0,3.0,17.81342,17.771984,16.785368,16.569092,17.553535,17.341936,17.386972,17.188562,16.873323,16.665653,16.513924,16.28462,18.389376,18.146538,17.693417,17.487404,16.768074,16.579468,0.0,0.0,0.0,0.0,0.0,0.0,0.0,0.0
21333,2023.0,5.0,29.0,3.0,17.772203,17.731081,16.750355,16.534712,17.51082,17.300184,17.343206,17.145817,16.831745,16.624464,16.472132,16.243288,18.351479,18.108932,17.647448,17.44187,16.733576,16.545158,0.0,0.0,0.0,0.0,0.0,0.0,0.0,0.0
21334,2023.0,5.0,29.0,3.0,17.750183,17.72791,16.71723,16.503672,17.470299,17.262026,17.301764,17.1068,16.791862,16.585814,16.750145,16.801779,18.315079,18.07355,17.60309,17.398651,16.696901,16.509363,0.0,0.0,0.0,0.0,4.0,0.0,0.0,0.0
21335,2023.0,5.0,29.0,3.0,17.715876,17.695873,16.684423,16.472694,17.430431,17.224447,17.261103,17.068447,17.339167,17.64999,16.508253,16.284786,18.279705,18.039478,17.559998,17.35709,16.659798,16.473572,0.0,0.0,0.0,4.0,0.0,0.0,0.0,0.0
21336,2023.0,5.0,29.0,4.0,17.678764,17.659153,16.651114,16.440031,17.389961,17.185083,17.220015,17.028387,16.933252,16.762098,16.407446,16.180756,18.244219,18.004576,17.516834,17.314682,17.351257,17.809063,0.0,0.0,0.0,0.0,0.0,0.0,0.0,4.0
21337,2023.0,5.0,29.0,4.0,17.641817,17.622408,16.618101,16.407722,17.349941,17.146101,17.17956,16.98883,16.780537,16.576706,16.656506,16.685192,18.209307,17.970263,17.474255,17.272804,16.848988,16.706833,0.0,0.0,0.0,0.0,4.0,0.0,0.0,0.0
21338,2023.0,5.0,29.0,4.0,17.604097,17.584034,16.584654,16.374266,17.309597,17.105913,17.139036,16.948238,16.725523,16.521603,16.426653,16.196918,18.174362,17.935312,17.431618,17.230158,16.426746,15.990735,0.0,0.0,0.0,0.0,0.0,0.0,0.0,0.0
21339,2023.0,5.0,29.0,4.0,17.565733,17.544369,16.550148,16.338272,17.268322,17.063425,17.097666,16.90544,16.674158,16.469172,16.330847,16.104242,18.139381,17.89981,17.38907,17.18714,16.281794,15.834438,0.0,0.0,0.0,0.0,0.0,0.0,0.0,0.0
21340,2023.0,5.0,29.0,4.0,17.531837,17.51357,16.521147,16.31332,17.233044,17.032637,17.062105,16.874334,16.632113,16.43094,16.288773,16.066793,18.108156,17.871387,17.350557,17.151703,17.140364,17.557547,0.0,0.0,0.0,0.0,0.0,0.0,0.0,4.0
21341,2023.0,5.0,29.0,4.0,17.495157,17.47713,16.48892,16.281937,17.194666,16.995256,17.023312,16.83652,17.153374,17.446056,16.244802,16.023758,18.075531,17.839449,17.310497,17.112411,16.46678,16.079489,0.0,0.0,0.0,4.0,0.0,0.0,0.0,0.0
21342,2023.0,5.0,29.0,5.0,17.458315,17.439999,16.933475,17.142578,17.1561,16.957178,16.984497,16.798086,16.768131,16.601978,16.203531,15.982771,18.043373,17.807653,17.270864,17.073166,16.90893,17.08011,4.0,0.0,0.0,0.0,0.0,0.0,0.0,4.0
21343,2023.0,5.0,29.0,5.0,17.42655,17.412527,16.671833,16.575413,17.12261,16.928984,16.950771,16.76953,16.367788,15.9203615,16.16923,15.95315,18.01617,17.784775,17.23587,17.04221,16.36846,15.9493065,0.0,0.0,0.0,0.0,0.0,0.0,0.0,0.0
21344,2023.0,5.0,29.0,5.0,17.394773,17.38404,16.493078,16.294746,17.089039,16.899328,16.91698,16.739492,16.217659,15.753937,16.137995,15.925466,17.990536,17.762764,17.202007,17.011326,16.18522,15.765925,0.0,0.0,0.0,0.0,0.0,0.0,0.0,0.0
21345,2023.0,5.0,29.0,5.0,17.365429,17.36017,16.45052,16.26006,17.059212,16.876406,16.886784,16.71617,16.425222,16.256474,16.112455,15.905992,17.968369,17.74579,17.17189,16.986061,16.343443,16.164797,0.0,0.0,0.0,0.0,0.0,0.0,0.0,0.0
21346,2023.0,5.0,29.0,5.0,17.336668,17.337324,16.90444,17.148432,17.029993,16.854004,16.856989,16.693258,16.427284,16.245796,16.08988,15.889397,17.948242,17.730936,17.143911,16.963123,16.349728,16.182142,4.0,0.0,0.0,0.0,0.0,0.0,0.0,0.0
21347,2023.0,5.0,29.0,5.0,17.307663,17.313467,16.626606,16.552063,17.000608,16.83069,16.826992,16.669373,16.98283,17.31142,16.069857,15.874802,17.92967,17.717278,17.117323,16.941113,16.3298,16.16775,0.0,0.0,0.0,4.0,0.0,0.0,0.0,0.0
21348,2023.0,5.0,29.0,6.0,17.27883,17.289164,16.94432,17.207375,16.971252,16.806889,16.797052,16.644993,16.599863,16.455202,16.052753,15.862879,17.912758,17.705082,17.092216,16.920263,16.307676,16.149988,4.0,0.0,0.0,0.0,0.0,0.0,0.0,0.0
21349,2023.0,5.0,29.0,6.0,22.194086,25.890955,20.257885,22.858818,21.292498,24.387297,21.18317,24.394545,16.25859,15.872997,16.041449,15.85964,21.7588,24.234732,22.41113,25.903189,16.288721,16.13765,4.0,0.0,0.0,0.0,0.0,0.0,0.0,0.0
21350,2023.0,5.0,29.0,6.0,21.547754,24.253662,20.03242,22.034084,20.939484,23.219402,21.010656,23.543306,16.116404,15.731934,16.037132,15.863088,21.448528,23.536657,20.881842,22.8626,16.27238,16.127808,0.0,4.0,0.0,0.0,0.0,0.0,0.0,0.0
21351,2023.0,5.0,29.0,6.0,21.097752,23.234373,18.365427,18.559185,21.06249,23.17542,21.078154,23.360538,16.290264,16.13727,16.32646,16.407883,21.037674,22.538366,21.09067,23.041563,16.262508,16.12481,4.0,4.0,0.0,0.0,4.0,4.0,0.0,0.0
21352,2023.0,5.0,29.0,6.0,21.148891,23.174387,20.242537,22.319897,21.061766,22.949926,21.044088,23.06479,16.360476,16.217005,20.476648,23.297987,21.126894,22.595041,21.056532,22.803368,16.258543,16.12772,4.0,4.0,4.0,0.0,4.0,0.0,0.0,0.0
21353,2023.0,5.0,29.0,6.0,21.059664,22.879122,20.041435,21.692413,21.058151,22.790043,21.071154,22.996899,16.361963,16.225286,20.000664,22.132574,21.03188,22.243732,21.057728,22.680363,17.029387,17.5906,0.0,4.0,0.0,0.0,0.0,4.0,0.0,4.0
21354,2023.0,5.0,29.0,7.0,21.058062,22.794678,18.30908,18.217922,21.08066,22.745117,21.081474,22.876667,16.951267,17.33405,18.544682,19.006823,21.062855,22.228247,21.055971,22.58313,20.324368,23.095543,0.0,0.0,0.0,4.0,4.0,0.0,0.0,4.0
21355,2023.0,5.0,29.0,7.0,21.056974,22.73119,18.005606,18.247988,21.049139,22.577383,21.077625,22.766191,20.434069,23.230755,20.271107,22.356863,21.055704,22.134113,21.054695,22.5089,20.348461,22.737259,4.0,4.0,0.0,4.0,0.0,0.0,0.0,4.0
21356,2023.0,5.0,29.0,7.0,21.055714,22.68064,20.264189,22.233486,21.052914,22.524998,21.034784,22.617472,20.007912,21.96782,18.568348,18.773146,21.05451,22.069542,21.053392,22.450422,20.080273,21.941984,0.0,4.0,4.0,4.0,0.0,0.0,0.0,0.0
21357,2023.0,5.0,29.0,7.0,21.028595,22.568869,19.0138,19.564098,21.050846,22.476711,21.040802,22.598034,20.079271,21.849659,17.58557,17.451876,21.039186,22.01741,21.05259,22.404165,18.16273,18.043625,4.0,4.0,4.0,0.0,0.0,0.0,0.0,0.0
21358,2023.0,5.0,29.0,7.0,21.059189,22.62528,20.24174,22.006248,21.074575,22.50901,21.080042,22.63989,18.256506,18.132318,17.339087,17.175524,21.040058,21.997944,21.051455,22.365845,18.185709,18.685781,4.0,0.0,0.0,0.0,0.0,0.0,0.0,4.0
21359,2023.0,5.0,29.0,7.0,21.067474,22.587616,20.044245,21.488945,21.043324,22.393923,21.07156,22.576908,17.349077,16.997074,17.197899,17.034914,21.00933,21.899126,21.011572,22.229607,20.237278,22.163437,0.0,4.0,0.0,0.0,0.0,4.0,4.0,4.0
21360,2023.0,5.0,29.0,8.0,21.064678,22.543201,18.496119,18.433172,21.047785,22.380436,21.046228,22.469751,17.121304,16.77551,17.097372,16.94201,21.056555,21.97765,21.070063,22.334127,20.045372,21.622223,0.0,4.0,4.0,0.0,0.0,0.0,0.0,0.0
21361,2023.0,5.0,29.0,8.0,19.763567,20.039793,17.789795,17.66546,19.946112,20.25301,19.390186,19.303257,17.149546,16.980022,17.014563,16.865402,19.806614,19.5419,19.52925,19.334352,18.36955,18.26236,0.0,4.0,0.0,0.0,0.0,0.0,0.0,0.0
21362,2023.0,5.0,29.0,8.0,19.875021,20.552475,18.088114,18.367693,19.520073,19.701548,19.258904,19.423143,17.137552,17.001427,16.955069,16.807564,19.312504,18.86503,18.912676,18.519655,18.619404,19.07111,4.0,4.0,4.0,0.0,0.0,0.0,0.0,4.0
21363,2023.0,5.0,29.0,8.0,19.588293,20.032969,20.245924,22.187613,19.361177,19.567097,18.586552,18.297764,17.08156,16.953022,16.902033,16.758894,20.10758,20.569344,18.845152,18.648785,20.227257,21.909718,0.0,4.0,0.0,0.0,0.0,4.0,0.0,0.0
21364,2023.0,5.0,29.0,8.0,19.359644,19.78949,19.070631,19.657627,19.213535,19.441591,18.114975,17.751984,17.018312,16.895012,16.849918,16.711887,19.4682,19.182665,18.715343,18.553574,19.224089,19.758156,4.0,4.0,0.0,0.0,0.0,0.0,0.0,4.0
21365,2023.0,5.0,29.0,8.0,18.67184,18.592274,20.211304,21.786064,18.516043,18.237095,17.922123,17.56309,17.719036,18.25793,16.813538,16.677408,19.100544,18.690094,18.581743,18.42665,20.218275,21.589931,4.0,0.0,0.0,4.0,0.0,0.0,0.0,0.0
21366,2023.0,5.0,29.0,9.0,18.251493,18.089912,20.027992,21.34312,18.090544,17.734108,18.62115,19.070177,20.301023,22.607378,16.77743,16.645067,19.671217,19.929718,18.441456,18.29481,18.635874,18.533262,4.0,0.0,4.0,0.0,0.0,4.0,0.0,0.0
21367,2023.0,5.0,29.0,9.0,18.737572,19.172443,20.067804,21.37681,17.890587,17.539715,18.308437,18.356997,18.273718,18.30811,16.74542,16.615227,19.189007,18.900219,18.31543,18.173433,17.835203,17.54554,0.0,0.0,0.0,0.0,0.0,0.0,0.0,0.0
21368,2023.0,5.0,29.0,9.0,18.896172,19.38253,18.664238,18.640272,17.737627,17.399303,17.737345,17.479656,17.97189,18.306473,17.094786,17.294903,18.834084,18.462822,19.234543,20.009596,17.70077,17.542841,0.0,0.0,0.0,4.0,4.0,0.0,4.0,0.0
21369,2023.0,5.0,29.0,9.0,18.267124,18.22912,18.597105,18.841904,18.492275,18.93991,17.523336,17.218815,20.364801,22.498598,20.286024,22.784864,18.719141,18.343567,19.304544,19.926945,18.520975,19.191212,4.0,4.0,0.0,0.0,0.0,0.0,4.0,4.0
21370,2023.0,5.0,29.0,9.0,17.907768,17.784325,20.190939,21.718145,18.225754,18.281105,17.555748,17.425873,18.971497,19.453245,18.47737,18.818695,19.588873,20.100819,18.39354,18.206612,20.221375,22.017477,4.0,0.0,0.0,4.0,0.0,4.0,0.0,0.0
21371,2023.0,5.0,29.0,9.0,17.753855,17.620956,20.026196,21.29332,17.696262,17.447453,18.226936,18.740442,20.219944,21.928486,17.397873,17.297218,19.719465,20.08444,17.96259,17.678806,19.19884,19.7833,4.0,0.0,4.0,4.0,0.0,4.0,0.0,4.0
21372,2023.0,5.0,29.0,10.0,17.82098,17.865465,20.04659,21.270645,17.47184,17.181376,17.716885,17.607327,20.040695,21.439358,17.583685,17.792456,19.003923,18.748274,17.818466,17.5293,20.204802,21.812536,4.0,0.0,0.0,0.0,4.0,0.0,0.0,0.0
21373,2023.0,5.0,29.0,10.0,18.567673,19.299376,20.042902,21.218954,17.522324,17.394625,17.959465,18.286545,18.565538,18.490993,20.339916,22.437141,18.675838,18.333282,18.735056,19.340858,18.585768,18.531288,4.0,0.0,4.0,0.0,0.0,0.0,4.0,0.0
21374,2023.0,5.0,29.0,10.0,18.642962,19.217373,20.059513,21.232307,17.525534,17.43755,18.146694,18.531485,17.782701,17.493532,18.67286,18.962397,19.322367,19.644255,18.191515,18.03964,17.786812,17.526659,0.0,0.0,4.0,0.0,0.0,4.0,0.0,0.0
21375,2023.0,5.0,29.0,10.0,17.990482,18.025335,18.794003,18.780802,18.16554,18.68967,17.592953,17.492064,17.678123,17.512684,18.076036,18.298199,19.604595,19.991047,17.803812,17.548464,18.57808,19.233593,0.0,4.0,0.0,0.0,4.0,4.0,0.0,4.0
21376,2023.0,5.0,29.0,10.0,18.412907,18.944424,18.150028,17.854656,17.79444,17.881626,17.312014,17.089,17.623388,17.480455,20.2238,22.145992,18.972298,18.758762,17.70692,17.443829,20.32334,22.227402,0.0,0.0,0.0,0.0,0.0,0.0,0.0,0.0
21377,2023.0,5.0,29.0,10.0,17.977983,18.017717,18.024294,17.895302,17.337458,17.15583,17.186028,16.963732,17.534437,17.397964,18.565136,18.629763,18.656452,18.340273,17.64385,17.387045,19.266016,19.890423,0.0,0.0,0.0,0.0,0.0,0.0,0.0,4.0
21378,2023.0,5.0,29.0,11.0,18.419687,18.974905,18.373135,18.665909,17.202036,16.98384,17.94823,18.477552,17.470312,17.334602,18.17419,18.15605,19.325607,19.665918,18.784122,19.595438,20.16317,21.605227,4.0,0.0,4.0,0.0,4.0,4.0,4.0,0.0
21379,2023.0,5.0,29.0,11.0,17.987951,18.047743,20.218983,21.903324,17.961433,18.489216,18.118298,18.56752,18.14439,18.666037,20.281576,21.838861,18.931355,18.740345,18.19291,18.10543,18.70096,18.669832,4.0,4.0,4.0,4.0,0.0,0.0,0.0,0.0
21380,2023.0,5.0,29.0,11.0,17.669916,17.648018,20.034565,21.394075,18.151205,18.60858,17.522882,17.466465,20.257189,22.2234,18.758053,18.778618,18.641571,18.343826,17.76891,17.545382,17.959658,17.722301,0.0,4.0,0.0,0.0,0.0,0.0,0.0,0.0
21381,2023.0,5.0,29.0,11.0,17.565992,17.544518,18.73373,18.80469,18.144413,18.591658,17.85784,18.266386,18.559072,18.636929,18.041351,17.900597,18.56767,18.265717,17.6671,17.434044,17.729261,17.479221,0.0,4.0,4.0,0.0,0.0,0.0,0.0,0.0
21382,2023.0,5.0,29.0,11.0,17.62946,17.734709,18.090908,17.861546,17.586622,17.536715,18.017796,18.485165,18.579819,18.921894,18.285885,18.453472,19.466454,20.014498,17.628822,17.399248,17.71729,17.569283,0.0,0.0,4.0,4.0,4.0,4.0,0.0,0.0
21383,2023.0,5.0,29.0,11.0,18.36722,19.147013,18.007456,17.909304,17.991816,18.405071,18.057854,18.529032,20.23467,21.879889,20.203287,21.842628,18.921484,18.800201,17.692448,17.558342,18.580246,19.25839,0.0,4.0,4.0,0.0,4.0,0.0,0.0,4.0
21384,2023.0,5.0,29.0,12.0,17.89517,18.029041,18.345201,18.667156,18.195187,18.666388,17.511755,17.485292,18.735897,18.776573,20.030655,21.298368,18.594349,18.330177,17.715229,17.59628,20.20438,21.927834,4.0,4.0,0.0,0.0,0.0,0.0,0.0,0.0
21385,2023.0,5.0,29.0,12.0,21.312128,24.242365,20.222939,21.949308,21.331669,24.109732,21.288317,24.303934,18.665085,19.062452,18.808102,18.81259,21.28425,23.048283,21.537247,24.251791,18.643341,18.686596,4.0,4.0,0.0,4.0,0.0,4.0,0.0,0.0
21386,2023.0,5.0,29.0,12.0,21.019304,23.264547,20.031996,21.418777,21.008469,23.137672,21.020248,23.339384,20.187782,21.722956,18.201916,18.05694,21.025803,22.39868,21.004322,22.959532,18.7899,19.386412,0.0,4.0,0.0,0.0,0.0,0.0,0.0,4.0
21387,2023.0,5.0,29.0,12.0,21.061583,23.12061,18.75347,18.863373,21.056438,23.00962,21.044512,23.120272,18.789934,18.827578,18.055477,17.900063,21.047888,22.262201,21.05722,22.819881,20.131226,21.63861,0.0,4.0,4.0,0.0,0.0,0.0,0.0,4.0
21388,2023.0,5.0,29.0,12.0,21.050076,22.94583,18.419165,18.655169,21.043245,22.831444,21.072865,23.012934,18.031065,17.794275,17.957844,17.797728,21.039064,22.114672,21.042835,22.620565,20.03176,21.318703,4.0,4.0,0.0,0.0,0.0,0.0,0.0,0.0
21389,2023.0,5.0,29.0,12.0,21.055628,22.849186,20.212957,21.910017,21.04753,22.730253,21.068771,22.873337,18.709633,19.247551,17.887316,17.73211,21.033186,22.023966,21.048468,22.507568,19.513348,20.169477,0.0,4.0,0.0,4.0,0.0,0.0,0.0,4.0
21390,2023.0,5.0,29.0,13.0,21.026644,22.694393,18.793074,18.962246,21.06899,22.710894,21.066936,22.773283,20.163784,21.662695,17.827877,17.675503,21.032085,21.961222,21.045504,22.409605,20.085005,21.290821,0.0,0.0,0.0,0.0,0.0,0.0,0.0,4.0
21391,2023.0,5.0,29.0,13.0,21.030645,22.649609,18.505772,18.883406,21.037998,22.562004,21.05525,22.697502,18.821117,18.870235,17.779234,17.628948,21.031075,21.912455,21.0444,22.33774,20.004782,21.053009,4.0,4.0,0.0,0.0,0.0,0.0,0.0,4.0
21392,2023.0,5.0,29.0,13.0,21.16939,22.888575,20.226494,21.922869,21.200205,22.837967,21.21838,22.96161,18.100624,17.890476,17.736996,17.587461,21.170076,22.153484,21.235254,22.665518,20.049934,21.11206,0.0,4.0,4.0,0.0,0.0,0.0,0.0,0.0
21393,2023.0,5.0,29.0,13.0,21.056738,22.610703,19.274603,19.879578,21.039898,22.47569,21.03443,22.560238,17.997974,17.857933,17.704895,17.558086,21.029165,21.838108,21.002455,22.12508,18.942635,18.926453,4.0,4.0,4.0,0.0,0.0,0.0,4.0,0.0
21394,2023.0,5.0,29.0,13.0,21.190096,22.837387,20.199991,21.742476,21.235378,22.83775,21.227774,22.906872,17.947372,17.816647,17.67839,17.533455,21.199884,22.156115,21.251705,22.6128,18.33128,18.122252,0.0,4.0,4.0,0.0,0.0,0.0,0.0,0.0
21395,2023.0,5.0,29.0,13.0,21.055235,22.531229,18.86788,19.03586,21.062786,22.481405,21.06545,22.565498,17.886591,17.75926,17.658072,17.516066,21.027838,21.787703,21.045805,22.158228,18.13663,17.928068,0.0,0.0,0.0,0.0,0.0,0.0,0.0,0.0
21396,2023.0,5.0,29.0,14.0,21.0463,22.50472,18.07623,17.98556,21.032164,22.375103,21.059996,22.524815,18.608614,19.173113,17.640055,17.500586,20.997395,21.69328,21.04644,22.12903,18.095175,17.964811,0.0,4.0,0.0,4.0,0.0,4.0,0.0,0.0
21397,2023.0,5.0,29.0,14.0,19.842995,20.18023,18.36713,18.719212,20.155619,20.678404,20.106068,20.641466,20.178995,21.77241,17.623734,17.486969,20.055956,19.888666,20.85795,21.711357,18.040337,17.92128,4.0,4.0,4.0,0.0,0.0,0.0,4.0,0.0
21398,2023.0,5.0,29.0,14.0,19.145342,19.302498,20.21575,21.932848,19.165257,19.145823,19.0884,19.087807,18.827177,18.924517,17.608217,17.473663,19.626091,19.352537,19.691517,19.567379,17.972092,17.85685,4.0,0.0,0.0,0.0,0.0,0.0,0.0,0.0
21399,2023.0,5.0,29.0,14.0,18.879795,19.009264,20.011337,21.364597,18.68142,18.546988,19.233763,19.678984,18.113226,17.945671,17.595531,17.463158,19.495003,19.222986,20.12002,20.751532,17.908823,17.795666,4.0,0.0,4.0,0.0,0.0,0.0,4.0,0.0
21400,2023.0,5.0,29.0,14.0,18.717083,18.858238,20.037828,21.314398,19.101934,19.526299,18.720303,18.722477,18.001652,17.878313,17.585789,17.456167,19.501764,19.33955,19.396517,19.238663,17.85371,17.743567,4.0,4.0,0.0,0.0,0.0,0.0,0.0,0.0
21401,2023.0,5.0,29.0,14.0,18.584465,18.730762,20.033335,21.235706,18.6559,18.64153,18.316885,18.222807,18.691427,19.236586,17.577688,17.450945,19.47153,19.32766,18.978407,18.759417,17.803751,17.696144,4.0,0.0,0.0,4.0,0.0,0.0,0.0,0.0
21402,2023.0,5.0,29.0,15.0,19.1944,19.981508,20.032919,21.18514,18.30104,18.200129,18.132364,18.036293,20.141045,21.615465,17.570599,17.446901,20.186623,20.739784,19.800568,20.45106,17.759153,17.654634,4.0,0.0,0.0,4.0,0.0,4.0,4.0,0.0
21403,2023.0,5.0,29.0,15.0,18.756624,19.002483,20.032055,21.14608,18.140905,18.031507,18.068909,18.047401,20.032059,21.250463,17.562614,17.440609,19.608967,19.447577,19.15979,19.026423,17.71712,17.614117,4.0,0.0,0.0,0.0,0.0,0.0,0.0,0.0
21404,2023.0,5.0,29.0,15.0,18.341219,18.422262,20.031584,21.116108,18.782629,19.346067,17.992289,17.986895,18.901604,18.955801,17.945457,18.169447,20.022247,20.431791,18.77775,18.57762,17.678373,17.577183,4.0,4.0,0.0,0.0,4.0,4.0,0.0,0.0
21405,2023.0,5.0,29.0,15.0,18.88114,19.546383,20.048838,21.141205,19.055517,19.69878,18.587526,19.183828,18.957052,19.387096,20.220573,22.101027,19.550209,19.386194,18.647823,18.44747,17.642208,17.54262,0.0,4.0,4.0,4.0,0.0,0.0,0.0,0.0
21406,2023.0,5.0,29.0,15.0,18.471594,18.632547,19.01615,19.139158,18.97003,19.501621,18.834719,19.48482,20.147598,21.45229,19.203388,19.775063,19.265959,19.028101,18.55367,18.358034,17.609135,17.511372,0.0,4.0,4.0,0.0,4.0,0.0,0.0,0.0
21407,2023.0,5.0,29.0,15.0,18.84637,19.522118,18.764822,19.03092,18.929663,19.449839,18.755903,19.297247,18.969532,19.033552,20.175837,21.725542,19.917124,20.329252,18.539625,18.41336,18.496778,19.215363,4.0,4.0,4.0,0.0,0.0,4.0,0.0,4.0
21408,2023.0,5.0,29.0,16.0,19.036625,19.729443,20.198282,21.616785,18.923582,19.443153,18.728123,19.258827,18.324488,18.163908,19.007814,19.251028,20.208172,20.70699,18.505468,18.392166,20.20968,21.998373,0.0,4.0,4.0,0.0,0.0,4.0,0.0,0.0
21409,2023.0,5.0,29.0,16.0,18.45354,18.619993,19.31955,19.764412,18.917244,19.434626,18.167446,18.213055,18.192947,18.075066,18.2746,18.192316,19.541348,19.398254,19.480803,20.283598,18.710588,18.83939,4.0,4.0,0.0,0.0,0.0,0.0,4.0,0.0
21410,2023.0,5.0,29.0,16.0,18.894182,19.568245,20.131079,21.340202,18.910925,19.425785,18.544535,19.041952,18.861706,19.399971,18.113583,17.995335,19.288633,19.047567,18.791668,18.777382,18.146332,17.990673,4.0,4.0,4.0,4.0,0.0,0.0,0.0,0.0
21411,2023.0,5.0,29.0,16.0,19.057837,19.740383,20.016819,21.064816,18.903633,19.416203,18.124073,18.153364,20.121582,21.46698,18.023132,17.904892,19.947596,20.3781,18.38219,18.22308,18.010105,17.903112,4.0,4.0,0.0,4.0,0.0,4.0,0.0,0.0
21412,2023.0,5.0,29.0,16.0,18.436037,18.561417,20.031128,21.059877,18.896372,19.406511,17.792013,17.720966,20.033367,21.17482,17.945204,17.82801,20.211214,20.711964,18.266077,18.092583,17.916025,17.814957,4.0,4.0,0.0,0.0,0.0,4.0,0.0,0.0
21413,2023.0,5.0,29.0,16.0,18.134752,18.194008,20.02898,21.030903,18.889545,19.397528,17.67134,17.591585,18.935017,18.96433,17.879587,17.7654,19.525955,19.377102,18.203554,18.031843,17.831955,17.735176,4.0,4.0,0.0,0.0,0.0,0.0,0.0,0.0
21414,2023.0,5.0,29.0,17.0,18.02834,18.08403,20.046907,21.062092,18.882208,19.387724,17.65567,17.64147,18.322355,18.145874,18.2212,18.463457,19.968958,20.409983,18.215944,18.111755,17.757002,17.661821,0.0,4.0,0.0,0.0,4.0,4.0,0.0,0.0
21415,2023.0,5.0,29.0,17.0,17.9588,18.01469,19.042103,19.117523,18.873285,19.374313,17.621347,17.618505,18.201834,18.08712,20.211973,21.93286,19.4607,19.303595,19.236357,20.0616,17.692522,17.600668,0.0,4.0,0.0,0.0,0.0,0.0,4.0,0.0
21416,2023.0,5.0,29.0,17.0,18.70271,19.476501,18.409336,18.292765,18.304619,18.321255,17.570654,17.568167,18.120052,18.016096,18.953371,19.226482,19.8862,20.292883,18.653812,18.63735,17.633116,17.543625,0.0,0.0,0.0,0.0,0.0,4.0,0.0,0.0
21417,2023.0,5.0,29.0,17.0,18.185163,18.340235,18.76153,19.103067,18.66773,19.126335,18.240322,18.861513,18.774351,19.31693,18.34054,18.251871,19.335035,19.164648,18.319944,18.146349,17.58426,17.49592,4.0,4.0,4.0,4.0,0.0,0.0,0.0,0.0
21418,2023.0,5.0,29.0,17.0,18.64368,19.303247,20.166553,21.570847,18.77026,19.263748,17.831118,17.959513,20.19011,21.725483,18.171995,18.05779,19.11554,18.870598,18.208815,18.0286,18.459097,19.190374,4.0,4.0,0.0,0.0,0.0,0.0,0.0,4.0
21419,2023.0,5.0,29.0,17.0,18.835629,19.50186,20.013216,21.14218,18.207764,18.210045,18.10628,18.606955,18.840569,18.903362,18.046131,17.931936,19.02771,18.784822,18.123034,17.943691,20.181107,21.9645,4.0,0.0,4.0,0.0,0.0,0.0,0.0,4.0
21420,2023.0,5.0,29.0,18.0,18.235508,18.350822,20.03289,21.106693,18.517323,18.970995,17.697224,17.699995,18.134554,17.957775,17.944609,17.831673,19.851469,20.42857,18.12768,18.026604,20.035192,21.495598,4.0,4.0,0.0,0.0,0.0,4.0,0.0,0.0
21421,2023.0,5.0,29.0,18.0,21.274801,23.88717,20.03035,21.051708,21.28385,23.696466,21.280737,24.140059,18.024683,17.915392,17.857285,17.745762,21.15187,22.559288,21.384583,23.69871,19.387522,20.060266,4.0,4.0,4.0,0.0,0.0,0.0,0.0,4.0
21422,2023.0,5.0,29.0,18.0,20.993973,22.970152,20.030508,21.01654,21.02958,22.92777,21.001677,23.176498,17.952208,17.850348,17.77828,17.667536,21.031868,22.156,21.006123,22.761827,20.160517,21.586596,4.0,0.0,4.0,0.0,0.0,0.0,0.0,0.0
21423,2023.0,5.0,29.0,18.0,21.071424,22.934761,20.030535,20.990108,21.068096,22.81152,21.055693,23.02289,17.870695,17.771372,17.7088,17.600357,21.014454,21.99096,21.054129,22.659561,18.773676,18.776007,4.0,0.0,4.0,0.0,0.0,4.0,0.0,0.0
21424,2023.0,5.0,29.0,18.0,21.027008,22.684395,20.02948,20.967672,21.032148,22.586927,21.0425,22.823772,17.795122,17.694788,17.642365,17.533194,21.015585,21.922455,21.042616,22.501041,18.056095,17.844065,4.0,4.0,4.0,0.0,0.0,4.0,0.0,0.0
21425,2023.0,5.0,29.0,18.0,21.127497,22.803843,20.060423,21.009035,21.130642,22.70687,21.14425,22.91438,17.729774,17.630974,17.582361,17.474216,21.036413,21.908457,21.10446,22.516087,17.84224,17.623133,4.0,0.0,0.0,0.0,0.0,4.0,0.0,0.0
21426,2023.0,5.0,29.0,19.0,21.022564,22.49539,20.02666,20.928156,21.026106,22.403008,21.03065,22.574154,18.45102,19.04909,17.530344,17.427294,21.014141,21.830494,20.999481,22.215473,18.793835,19.560266,4.0,4.0,4.0,4.0,0.0,4.0,4.0,4.0
21427,2023.0,5.0,29.0,19.0,21.037436,22.473309,20.031448,20.92652,21.066303,22.452923,21.071056,22.607319,20.212048,21.957933,17.475029,17.372849,21.016203,21.8073,21.063313,22.311451,20.170324,21.749678,4.0,0.0,0.0,0.0,0.0,4.0,0.0,0.0
21428,2023.0,5.0,29.0,19.0,21.06164,22.500427,20.031107,20.915407,21.033777,22.324095,21.038328,22.465187,19.188828,19.6699,17.421606,17.319836,21.046389,21.864391,21.052446,22.239557,18.648746,18.614056,4.0,4.0,4.0,4.0,0.0,0.0,0.0,0.0
21429,2023.0,5.0,29.0,19.0,21.055962,22.448381,20.031416,20.906322,21.06439,22.373058,21.06856,22.503218,20.204433,21.68489,17.370407,17.269407,21.041191,21.827671,21.013514,22.09438,17.910555,17.683922,4.0,0.0,0.0,0.0,0.0,0.0,4.0,0.0
21430,2023.0,5.0,29.0,19.0,21.055912,22.41233,20.031693,20.89775,21.058245,22.328985,21.062403,22.451971,18.734983,18.665594,17.320244,17.219751,21.01152,21.728376,21.060799,22.194227,17.827024,17.716755,4.0,0.0,0.0,0.0,0.0,4.0,0.0,0.0
21431,2023.0,5.0,29.0,19.0,21.017134,22.308348,20.031925,20.889645,21.058558,22.301146,21.062635,22.418587,17.976051,17.704065,17.270597,17.169958,21.016756,21.730747,21.052254,22.151836,18.735151,19.510855,4.0,0.0,0.0,0.0,0.0,4.0,0.0,4.0
21432,2023.0,5.0,29.0,20.0,21.063175,22.392527,20.032225,20.882193,21.020329,22.206146,21.049263,22.388111,17.911913,17.7848,17.221256,17.120161,21.01664,21.725224,21.05305,22.130919,20.149578,21.734316,4.0,4.0,0.0,0.0,0.0,4.0,0.0,4.0
21433,2023.0,5.0,29.0,20.0,21.11181,22.454803,20.063389,20.93359,21.095324,22.38325,21.05967,22.370636,17.843596,17.726532,17.168951,17.064676,21.085472,21.880579,21.088041,22.198679,20.12206,21.49851,4.0,0.0,4.0,0.0,0.0,0.0,0.0,0.0
21434,2023.0,5.0,29.0,20.0,21.009108,22.234251,20.029041,20.856613,21.028141,22.185673,21.064949,22.375948,17.748085,17.63734,17.522923,17.773092,21.007864,21.685118,20.998398,21.991255,18.617987,18.491966,4.0,4.0,0.0,0.0,4.0,4.0,4.0,0.0
21435,2023.0,5.0,29.0,20.0,21.037037,22.269405,20.034334,20.859486,21.064924,22.258799,21.062412,22.342249,18.433636,19.018824,20.378466,22.506899,21.04934,21.783699,21.063744,22.135778,18.792624,19.314013,4.0,0.0,0.0,4.0,0.0,0.0,0.0,4.0
21436,2023.0,5.0,29.0,20.0,21.060745,22.32087,20.05166,20.898169,21.033194,22.15333,21.04796,22.314816,20.185356,21.885885,18.902212,19.384771,21.043531,21.7602,21.053288,22.09689,20.188187,21.662724,0.0,4.0,0.0,4.0,4.0,0.0,0.0,0.0
21437,2023.0,5.0,29.0,20.0,21.028757,22.215342,19.261091,19.347569,21.039196,22.150465,21.04959,22.31296,20.014444,21.328394,20.265533,22.047508,21.013996,21.6716,21.05461,22.0817,18.594812,18.421968,4.0,4.0,0.0,4.0,4.0,4.0,0.0,0.0
21438,2023.0,5.0,29.0,21.0,21.288378,22.718822,20.1661,21.237684,21.038769,22.13712,21.049143,22.304655,20.063795,21.301886,20.039352,21.417614,21.18211,22.025085,21.014444,21.958761,17.828558,17.500637,0.0,4.0,0.0,0.0,0.0,0.0,4.0,0.0
21439,2023.0,5.0,29.0,21.0,21.033047,22.189203,19.24627,19.350332,21.03885,22.125717,21.04909,22.296606,18.613373,18.40109,18.798634,18.86786,21.013802,21.656914,21.062563,22.078863,18.759491,19.482784,4.0,4.0,0.0,0.0,4.0,4.0,0.0,4.0
21440,2023.0,5.0,29.0,21.0,21.21852,22.55175,20.173573,21.295403,21.1775,22.411114,21.256468,22.683468,17.846882,17.461918,20.320238,21.767569,21.141697,21.931845,21.213638,22.369284,20.176785,21.72695,0.0,0.0,4.0,0.0,4.0,0.0,0.0,0.0
21441,2023.0,5.0,29.0,21.0,21.033642,22.168343,18.86372,18.659838,21.058578,22.152441,21.02802,22.21778,18.335182,18.58967,20.034664,21.178967,21.014418,21.647614,21.05458,22.033989,18.500587,18.297794,0.0,0.0,4.0,4.0,0.0,4.0,0.0,0.0
21442,2023.0,5.0,29.0,21.0,21.061352,22.235939,18.777596,18.963778,21.034071,22.06772,21.069437,22.287338,20.297369,21.845022,18.893833,18.889742,21.020533,21.660973,21.042093,22.02469,17.71378,17.358252,4.0,4.0,0.0,0.0,4.0,4.0,0.0,0.0
21443,2023.0,5.0,29.0,21.0,21.17779,22.452383,20.177197,21.427874,21.178204,22.367098,21.16964,22.458214,18.545527,18.321981,20.312418,21.633413,21.202698,22.026054,21.245272,22.43884,17.705473,17.55897,0.0,0.0,0.0,0.0,0.0,4.0,0.0,0.0
21444,2023.0,5.0,29.0,22.0,21.055655,22.188017,19.09759,19.220043,21.058586,22.111483,21.062405,22.215433,18.420189,18.646648,18.976706,18.978312,21.050638,21.734362,21.042953,22.032875,17.648357,17.508078,0.0,0.0,0.0,4.0,4.0,0.0,0.0,0.0
21445,2023.0,5.0,29.0,22.0,21.178877,22.421183,18.407503,18.275253,21.209452,22.434132,21.203365,22.510921,20.315483,21.825151,20.30218,21.583105,21.139336,21.902239,21.24438,22.438974,17.541872,17.400427,0.0,0.0,0.0,4.0,4.0,0.0,0.0,0.0
21446,2023.0,5.0,29.0,22.0,21.03988,22.156984,18.169384,17.981438,21.045345,22.110565,21.021715,22.12812,20.028265,21.195448,20.010054,20.995829,21.045988,21.702919,21.043882,22.031713,17.445412,17.300762,0.0,0.0,4.0,0.0,4.0,0.0,0.0,0.0
21447,2023.0,5.0,29.0,22.0,21.0436,22.177834,18.044107,17.86063,21.046947,22.124277,21.072495,22.228298,18.544651,18.249952,20.069817,21.067041,21.002401,21.620409,21.04618,22.0421,18.116737,18.640083,0.0,0.0,0.0,0.0,0.0,4.0,0.0,4.0
21448,2023.0,5.0,29.0,22.0,21.041702,22.179865,17.930943,17.743631,21.044548,22.12221,21.061586,22.183723,18.38664,18.478916,18.944887,18.846092,21.053524,21.733912,21.043303,22.035788,20.263796,22.229797,0.0,0.0,0.0,4.0,4.0,0.0,0.0,0.0
21449,2023.0,5.0,29.0,22.0,21.20998,22.51968,17.832,17.642221,21.207418,22.448444,21.171703,22.384022,20.323242,21.777493,20.264645,21.525278,21.137894,21.89033,21.243597,22.4353,18.272638,18.06471,0.0,0.0,0.0,4.0,0.0,0.0,0.0,0.0
21450,2023.0,5.0,29.0,23.0,21.04137,22.178225,17.745651,17.553183,21.044317,22.116995,21.044588,22.144989,20.037935,21.164629,18.970566,18.99907,21.04685,21.694933,21.043242,22.027592,17.39785,17.01981,0.0,0.0,0.0,0.0,0.0,0.0,0.0,0.0
21451,2023.0,5.0,29.0,23.0,20.00308,20.18562,17.668192,17.47456,19.94726,20.012083,19.907064,19.975739,18.585531,18.286486,18.226482,18.05114,20.201077,20.089567,20.772287,21.466253,17.40838,17.243965,0.0,0.0,0.0,0.0,0.0,0.0,4.0,0.0
21452,2023.0,5.0,29.0,23.0,19.505365,19.49083,17.606247,17.410553,19.378262,19.1934,19.323095,19.149216,17.99051,17.509838,18.016062,17.819862,19.858686,19.652023,19.511948,19.126846,17.374441,17.223743,0.0,0.0,0.0,0.0,0.0,0.0,0.0,0.0
21453,2023.0,5.0,29.0,23.0,19.269264,19.227694,17.542715,17.343039,19.114298,18.891832,19.045456,18.836298,18.036959,17.83701,17.848858,17.64183,19.684185,19.464079,18.989897,18.48649,17.296257,17.141047,0.0,0.0,0.0,0.0,0.0,0.0,0.0,0.0
21454,2023.0,5.0,29.0,23.0,19.110847,19.078289,17.488914,17.292141,18.942844,18.729399,18.862001,18.663105,18.575073,18.954617,17.71638,17.515326,19.549397,19.334097,18.757084,18.272243,17.22899,17.075294,0.0,0.0,0.0,4.0,0.0,0.0,0.0,0.0
21455,2023.0,5.0,29.0,23.0,18.969347,18.93759,17.434336,17.237646,18.789104,18.576202,18.697632,18.49956,18.061882,17.914457,17.882948,17.934792,19.42583,19.209694,18.822996,18.61192,17.162237,17.007568,0.0,0.0,0.0,0.0,4.0,0.0,0.0,0.0
21456,2023.0,5.0,30.0,0.0,18.84218,18.808037,17.3807,17.182661,18.650885,18.435947,18.5503,18.350054,17.563108,17.123293,17.58556,17.383749,19.31288,19.093725,18.746222,18.558414,17.097956,16.941013,0.0,0.0,0.0,0.0,0.0,0.0,0.0,0.0
21457,2023.0,5.0,30.0,0.0,18.733496,18.702526,17.33206,17.135431,18.532677,18.321617,18.424604,18.228344,17.945755,18.01397,17.426762,17.223104,19.214542,18.996445,18.630503,18.44494,17.03947,16.882704,0.0,0.0,0.0,4.0,0.0,0.0,0.0,0.0
21458,2023.0,5.0,30.0,0.0,18.63433,18.605862,17.285048,17.089663,18.42512,18.217203,18.310411,18.117353,17.449804,17.039742,17.324608,17.122446,19.124723,18.907152,18.52078,18.33622,16.984028,16.8272,0.0,0.0,0.0,0.0,0.0,0.0,0.0,0.0
21459,2023.0,5.0,30.0,0.0,18.542755,18.515749,17.704807,17.91604,18.325829,18.119932,18.20516,18.01412,17.187914,16.731829,17.229568,17.027472,19.041798,18.82393,18.417885,18.233374,17.661186,18.148287,4.0,0.0,0.0,0.0,0.0,0.0,0.0,4.0
21460,2023.0,5.0,30.0,0.0,18.45586,18.428225,17.42085,17.3225,18.232246,18.026236,18.106312,17.914953,17.316961,17.12862,17.141043,16.936983,18.964018,18.744362,18.320889,18.134659,17.933975,18.504221,0.0,0.0,0.0,0.0,0.0,0.0,0.0,4.0
21461,2023.0,5.0,30.0,0.0,18.379831,18.356604,17.257574,17.080292,18.150808,17.949863,18.020926,17.834538,17.289375,17.108805,17.06417,16.863012,18.895931,18.678354,18.235373,18.051973,17.03019,16.695711,0.0,0.0,0.0,0.0,0.0,0.0,0.0,0.0
21462,2023.0,5.0,30.0,1.0,19.036999,19.65767,17.18094,16.989275,18.071394,17.871744,17.938036,17.752607,17.222847,17.042027,16.98953,16.787914,18.83008,18.611847,19.12779,19.80401,16.723362,16.327763,0.0,0.0,0.0,0.0,0.0,0.0,4.0,0.0
21463,2023.0,5.0,30.0,1.0,18.577232,18.686188,17.128885,16.938269,17.999256,17.802755,17.862398,17.68009,17.716858,18.022776,16.921555,16.72132,18.7704,18.553177,18.196941,17.841656,16.613523,16.22535,0.0,0.0,0.0,4.0,0.0,0.0,0.0,0.0
21464,2023.0,5.0,30.0,1.0,17.995947,17.664904,17.08203,16.8923,17.930468,17.735523,17.789778,17.609144,17.318426,17.167068,16.856766,16.656523,18.713842,18.496473,17.840364,17.396343,17.270586,17.549795,0.0,0.0,0.0,0.0,0.0,0.0,0.0,4.0
21465,2023.0,5.0,30.0,1.0,17.784744,17.40535,17.035353,16.843756,17.861782,17.664686,17.717472,17.534477,17.144913,16.961477,16.793144,16.590036,18.659002,18.439674,17.705704,17.26291,17.446453,17.72642,0.0,0.0,0.0,0.0,0.0,0.0,0.0,4.0
21466,2023.0,5.0,30.0,1.0,18.726498,19.312483,16.99887,16.813501,17.806911,17.618284,17.660461,17.485983,17.081045,16.90368,16.741793,16.544561,18.613283,18.398193,17.84484,17.656195,16.81823,16.501337,0.0,0.0,0.0,0.0,0.0,0.0,0.0,0.0
21467,2023.0,5.0,30.0,1.0,18.06315,17.8861,16.959627,16.77614,17.749233,17.563278,17.600973,17.428799,17.018562,16.842012,16.688953,16.492819,18.566956,18.352673,17.833054,17.654114,16.561687,16.182356,0.0,0.0,0.0,0.0,0.0,0.0,0.0,0.0
21468,2023.0,5.0,30.0,2.0,17.694113,17.33941,16.920572,16.73795,17.692738,17.507973,17.542587,17.371372,17.547998,17.8866,16.637703,16.441484,18.52217,18.307737,17.776934,17.597044,16.45208,16.072273,0.0,0.0,0.0,4.0,0.0,0.0,0.0,0.0
21469,2023.0,5.0,30.0,2.0,17.566843,17.204622,16.881506,16.69855,17.637558,17.452747,17.485308,17.313961,17.445297,17.536846,16.588192,16.391083,18.47885,18.263708,17.722647,17.542074,16.580585,16.415392,0.0,0.0,0.0,4.0,0.0,0.0,0.0,0.0
21470,2023.0,5.0,30.0,2.0,17.778395,17.724813,16.846024,16.665411,17.587927,17.406584,17.433636,17.2659,16.877356,16.486485,16.543655,16.348652,18.439255,18.225647,17.671799,17.493156,16.574343,16.416008,0.0,0.0,0.0,0.0,0.0,0.0,0.0,0.0
21471,2023.0,5.0,30.0,2.0,17.801464,17.786108,16.80685,16.624111,17.53474,17.351412,17.37828,17.208477,16.639845,16.198036,16.496716,16.299644,18.398005,18.182951,17.619162,17.439093,16.539421,16.380957,0.0,0.0,0.0,0.0,0.0,0.0,0.0,0.0
21472,2023.0,5.0,30.0,2.0,17.766693,17.755117,16.774782,16.596516,17.490923,17.313345,17.33276,17.168919,17.388512,17.73724,16.457283,16.264183,18.36219,18.14999,17.572748,17.396086,16.505102,16.349106,0.0,0.0,0.0,4.0,0.0,0.0,0.0,0.0
21473,2023.0,5.0,30.0,2.0,17.726366,17.715998,16.73963,16.562155,17.444231,17.26793,17.284338,17.121784,16.784784,16.411982,16.415838,16.223265,18.325008,18.113169,17.52496,17.34884,17.183308,17.65686,0.0,0.0,0.0,0.0,0.0,0.0,0.0,4.0
21474,2023.0,5.0,30.0,3.0,17.68429,17.674257,16.704535,16.527338,17.398249,17.222574,17.236877,17.074863,16.512972,16.081373,16.375078,16.182558,18.288328,18.076458,17.47793,17.301865,16.696835,16.584066,0.0,0.0,0.0,0.0,0.0,0.0,0.0,0.0
21475,2023.0,5.0,30.0,3.0,17.643179,17.634512,16.67144,16.496084,17.354599,17.180635,17.192038,17.031498,16.68217,16.518742,16.65443,16.74217,18.253687,18.042988,17.43294,17.257786,16.309994,15.93784,0.0,0.0,0.0,0.0,4.0,0.0,0.0,0.0
21476,2023.0,5.0,30.0,3.0,17.605871,17.601759,16.642399,16.471783,17.316002,17.147146,17.152473,16.996931,17.25506,17.600462,16.418644,16.236795,18.222591,18.015203,17.392164,17.220413,16.195822,15.829032,0.0,0.0,0.0,4.0,0.0,0.0,0.0,0.0
21477,2023.0,5.0,30.0,3.0,17.57209,17.574915,16.61329,16.446194,17.277288,17.11213,17.112732,16.960787,16.842339,16.700253,16.3226,16.136467,18.191837,17.986923,17.351852,17.182484,16.31435,16.147839,0.0,0.0,0.0,0.0,0.0,0.0,0.0,0.0
21478,2023.0,5.0,30.0,3.0,17.550018,17.56888,16.585228,16.422026,17.240158,17.079155,17.07448,16.926693,16.488405,16.110746,16.285583,16.103857,18.162548,17.960487,17.313393,17.14688,17.044413,17.531168,0.0,0.0,0.0,0.0,0.0,0.0,0.0,4.0
21479,2023.0,5.0,30.0,3.0,17.519123,17.542528,16.557281,16.3977,17.203596,17.04628,17.036917,16.892754,16.92942,17.045156,16.24908,16.070389,18.134007,17.93453,17.275866,17.111862,16.36695,16.070337,0.0,0.0,0.0,4.0,0.0,0.0,0.0,0.0
21480,2023.0,5.0,30.0,4.0,17.483568,17.507391,16.52705,16.368408,17.164751,17.00788,16.997246,16.85329,17.077473,17.211802,16.212963,16.034504,18.104656,17.906017,17.237415,17.0738,16.127663,15.776755,0.0,0.0,0.0,4.0,0.0,0.0,0.0,0.0
21481,2023.0,5.0,30.0,4.0,17.452984,17.481335,16.502165,16.349337,17.13232,16.981516,16.964058,16.826164,16.54433,16.18939,16.183468,16.009953,18.07928,17.88462,17.203653,17.044048,16.24023,16.083122,0.0,0.0,0.0,0.0,0.0,0.0,0.0,0.0
21482,2023.0,5.0,30.0,4.0,17.4217,17.453215,16.476263,16.327663,17.09896,16.952412,16.929764,16.796146,16.93938,17.07592,16.154526,15.984555,18.054018,17.86252,17.170128,17.013605,16.966553,17.46279,0.0,0.0,0.0,4.0,0.0,0.0,0.0,4.0
21483,2023.0,5.0,30.0,4.0,17.390438,17.424835,16.450443,16.30577,17.065945,16.92322,16.895947,16.766096,16.495438,16.147974,16.126802,15.960069,18.029278,17.840706,17.137276,16.983524,16.301899,16.029139,0.0,0.0,0.0,0.0,0.0,0.0,0.0,0.0
21484,2023.0,5.0,30.0,4.0,17.357359,17.392344,16.422585,16.279396,17.030777,16.88899,16.86017,16.731043,16.296623,15.922229,16.098518,15.933042,18.003796,17.81667,17.10354,16.950731,16.068586,15.743093,0.0,0.0,0.0,0.0,0.0,0.0,0.0,0.0
21485,2023.0,5.0,30.0,4.0,17.32718,17.365515,16.398233,16.259756,16.999884,16.862698,16.828686,16.704113,16.450756,16.312342,16.074152,15.912468,17.980877,17.797,17.072922,16.923214,16.177917,16.039373,0.0,0.0,0.0,0.0,0.0,0.0,0.0,0.0
21486,2023.0,5.0,30.0,5.0,17.29611,17.336863,16.372314,16.236658,16.967564,16.832932,16.795576,16.673536,16.43935,16.292341,16.050043,15.890947,17.958046,17.776648,17.042498,16.895031,16.172152,16.041647,0.0,0.0,0.0,0.0,0.0,0.0,0.0,0.0
21487,2023.0,5.0,30.0,5.0,17.266712,17.311066,16.34846,16.217346,16.937508,16.807144,16.764736,16.646967,16.410582,16.266996,16.028584,15.873344,17.937075,17.759193,17.014057,16.869816,16.146946,16.019543,0.0,0.0,0.0,0.0,0.0,0.0,0.0,0.0
21488,2023.0,5.0,30.0,5.0,17.239038,17.288054,16.816854,17.120352,16.9099,16.785532,16.736443,16.624712,16.384518,16.245543,16.009708,15.859259,17.917887,17.744272,16.987762,16.847689,16.122416,15.999048,4.0,0.0,0.0,0.0,0.0,0.0,0.0,0.0
21489,2023.0,5.0,30.0,5.0,17.21071,17.263233,16.542515,16.518295,16.88129,16.76127,16.707138,16.599743,16.936577,17.30834,15.991645,15.845052,17.89901,17.728987,16.961782,16.825043,16.098074,15.97793,0.0,0.0,0.0,4.0,0.0,0.0,0.0,0.0
21490,2023.0,5.0,30.0,5.0,17.182613,17.238092,16.382292,16.273138,16.852724,16.736523,16.677898,16.574291,16.549303,16.450552,15.975195,15.8321905,17.880861,17.714169,16.936558,16.80279,16.074715,15.957438,0.0,0.0,0.0,0.0,0.0,0.0,0.0,0.0
21491,2023.0,5.0,30.0,5.0,17.927923,18.666744,16.33415,16.222,16.825253,16.713411,16.649803,16.550539,16.251873,15.956043,15.960604,15.821473,17.864069,17.701014,16.912975,16.782616,16.053228,15.939228,0.0,0.0,0.0,0.0,0.0,0.0,0.0,0.0
21492,2023.0,5.0,30.0,6.0,17.452602,17.610691,16.300049,16.191462,16.797873,16.689957,16.62182,16.526451,16.143375,15.83443,15.947273,15.811813,17.848282,17.688663,16.890358,16.763113,16.03299,15.921991,0.0,0.0,0.0,0.0,0.0,0.0,0.0,0.0
21493,2023.0,5.0,30.0,6.0,21.198847,24.249762,16.730368,17.023457,21.173923,24.415737,21.148762,24.51113,16.25967,16.129383,16.21953,16.332983,21.713545,24.221699,22.02675,25.396042,16.012749,15.903267,4.0,0.0,0.0,0.0,4.0,0.0,0.0,0.0
21494,2023.0,5.0,30.0,6.0,21.996979,25.059246,20.303839,23.146315,21.070097,23.695408,21.066345,23.812798,16.2944,16.172297,20.361364,23.375282,21.631554,23.747465,20.978085,23.237999,16.754417,17.321121,0.0,0.0,0.0,0.0,4.0,0.0,0.0,4.0
21495,2023.0,5.0,30.0,6.0,20.923407,22.852528,18.23996,18.653595,21.053844,23.317692,21.057846,23.43685,16.277166,16.156763,20.007235,22.279648,21.059532,22.635017,21.091679,23.20118,21.425014,25.120836,0.0,4.0,4.0,0.0,0.0,0.0,0.0,4.0
21496,2023.0,5.0,30.0,6.0,21.103895,23.073942,17.429409,17.742647,21.04787,23.095415,21.07449,23.267233,16.265436,16.147326,18.183939,18.453157,21.020515,22.399857,21.060287,22.952532,20.024422,22.239794,4.0,4.0,0.0,0.0,0.0,4.0,0.0,0.0
21497,2023.0,5.0,30.0,6.0,21.152542,23.038551,20.297112,22.750254,21.157705,23.155504,21.151926,23.230028,16.853699,17.26454,17.15352,17.039793,21.13145,22.544378,21.180695,23.056347,18.533596,19.049107,4.0,0.0,0.0,4.0,0.0,0.0,0.0,4.0
21498,2023.0,5.0,30.0,7.0,21.078365,22.825417,20.038218,21.943748,21.077341,22.861046,21.080976,22.949127,20.350372,23.190737,16.910526,16.762608,21.05994,22.29194,21.059267,22.708216,20.309284,22.525965,0.0,0.0,0.0,0.0,0.0,0.0,0.0,0.0
21499,2023.0,5.0,30.0,7.0,21.070635,22.743355,18.192955,18.203897,21.076385,22.76079,21.0633,22.845085,18.704422,19.456196,16.786001,16.642471,21.057316,22.206644,21.058197,22.629213,18.15939,18.099611,0.0,0.0,0.0,4.0,0.0,0.0,0.0,0.0
21500,2023.0,5.0,30.0,7.0,21.070087,22.688229,17.130522,16.796633,21.05897,22.682589,21.0642,22.791819,20.291664,22.556097,17.077112,17.275072,21.042696,22.142939,21.057106,22.567211,17.139084,16.831171,0.0,0.0,0.0,0.0,4.0,0.0,0.0,0.0
21501,2023.0,5.0,30.0,7.0,21.212467,22.93948,17.034887,16.87093,21.17176,22.870522,21.164934,22.94952,18.167946,18.119783,20.343555,22.86922,21.142046,22.311647,21.204382,22.814327,18.046555,18.80661,0.0,0.0,0.0,0.0,0.0,0.0,0.0,4.0
21502,2023.0,5.0,30.0,7.0,21.07459,22.640041,16.982111,16.86647,21.058401,22.609129,21.061455,22.702702,17.131342,16.81093,18.688086,19.257704,21.042278,22.084175,21.015583,22.367754,20.281687,22.502645,0.0,0.0,0.0,0.0,4.0,0.0,4.0,0.0
21503,2023.0,5.0,30.0,7.0,21.04008,22.520649,17.326765,17.608374,21.057903,22.581762,21.036274,22.602413,17.064665,16.91144,20.2687,22.401321,21.012049,21.984524,21.07433,22.466276,18.83994,19.376858,4.0,0.0,4.0,0.0,0.0,4.0,0.0,4.0
21504,2023.0,5.0,30.0,8.0,21.168203,22.776152,20.297207,22.760382,21.178982,22.800785,21.178415,22.885294,17.014101,16.88404,18.293777,18.274893,21.136068,22.214775,21.189045,22.653095,20.276337,22.255184,0.0,0.0,0.0,0.0,0.0,0.0,0.0,0.0
21505,2023.0,5.0,30.0,8.0,20.003218,20.479609,18.500357,18.911652,20.14979,20.762993,19.320362,19.260279,17.659698,18.182009,17.555914,17.505358,19.743439,19.494352,19.457375,19.275759,18.327341,18.27055,0.0,4.0,0.0,4.0,4.0,0.0,0.0,0.0
21506,2023.0,5.0,30.0,8.0,19.630741,20.023895,18.040411,18.340366,19.799282,20.312973,18.511896,18.122688,20.382172,22.843424,20.354458,22.374058,19.225657,18.784979,20.013988,20.712801,18.4747,18.911446,4.0,4.0,0.0,0.0,0.0,0.0,4.0,4.0
21507,2023.0,5.0,30.0,8.0,19.455282,19.87214,20.26261,22.32098,19.371962,19.633905,18.35376,18.180092,18.195652,18.212755,18.372116,18.358356,19.975214,20.447046,19.987585,20.505066,20.241678,22.004951,0.0,4.0,0.0,0.0,0.0,4.0,4.0,0.0
21508,2023.0,5.0,30.0,8.0,18.709297,18.619776,18.412136,18.496037,19.097792,19.32518,18.87279,19.328531,17.161068,16.879192,17.494719,17.344234,19.316536,19.027508,18.947357,18.695461,18.436884,18.360415,0.0,4.0,4.0,0.0,0.0,0.0,0.0,0.0
21509,2023.0,5.0,30.0,8.0,18.328932,18.124662,17.941364,17.941893,18.366554,18.061222,18.404587,18.436874,17.86457,18.37097,17.364223,17.212774,18.938797,18.521164,18.505693,18.140799,18.61319,19.04885,4.0,0.0,0.0,4.0,0.0,0.0,0.0,4.0
21510,2023.0,5.0,30.0,9.0,18.1298,17.92727,20.223478,22.106216,18.656244,18.825068,18.489609,18.728512,20.281286,22.490519,17.256641,17.104847,18.786034,18.37389,18.293806,17.936573,20.228268,21.924152,4.0,4.0,4.0,0.0,0.0,0.0,0.0,0.0
21511,2023.0,5.0,30.0,9.0,18.65728,19.08084,20.04,21.574589,18.768713,19.027979,17.904537,17.657824,18.291822,18.297754,17.146881,16.998583,18.849821,18.645573,18.110996,17.768717,19.206295,19.7467,0.0,4.0,0.0,0.0,0.0,0.0,0.0,4.0
21512,2023.0,5.0,30.0,9.0,18.211859,18.163424,18.489594,18.493464,18.70796,18.983482,18.167742,18.400848,17.301453,17.020634,17.057125,16.913786,18.841352,18.674011,19.169825,19.930866,20.205742,21.79423,0.0,4.0,4.0,0.0,0.0,0.0,4.0,0.0
21513,2023.0,5.0,30.0,9.0,17.8385,17.692265,18.18649,18.464544,18.038975,17.796106,17.711754,17.49062,17.20788,17.052671,16.981459,16.840929,18.776163,18.616285,19.36487,19.96195,18.55106,18.473043,4.0,0.0,0.0,0.0,0.0,0.0,4.0,0.0
21514,2023.0,5.0,30.0,9.0,17.707804,17.556187,20.245438,22.120337,17.722212,17.381466,17.421185,17.104027,17.164883,17.032177,16.927847,16.7864,19.498558,20.036242,18.457623,18.25529,17.9055,17.586315,4.0,0.0,0.0,0.0,0.0,4.0,0.0,0.0
21515,2023.0,5.0,30.0,9.0,18.536514,19.239708,20.039675,21.55044,18.228947,18.477205,17.278782,16.971697,17.841105,18.382324,16.875551,16.736418,19.557558,19.91767,19.00263,19.588558,17.771463,17.605127,0.0,4.0,0.0,4.0,0.0,4.0,4.0,0.0
21516,2023.0,5.0,30.0,10.0,18.019773,18.038006,18.524778,18.539473,18.418966,18.744041,17.330074,17.19744,20.269012,22.454418,16.833326,16.697254,18.84195,18.583178,18.355734,18.166508,17.646212,17.504343,0.0,4.0,0.0,0.0,0.0,0.0,0.0,0.0
21517,2023.0,5.0,30.0,10.0,18.311241,18.817667,18.01735,18.087584,17.803877,17.607702,17.325235,17.2346,18.342226,18.386724,16.797373,16.663868,19.249767,19.560587,18.916868,19.504654,18.414255,19.081957,4.0,0.0,0.0,0.0,0.0,4.0,4.0,4.0
21518,2023.0,5.0,30.0,10.0,18.448992,18.99742,20.228588,22.091572,17.515678,17.219007,17.273603,17.191677,18.284328,18.5845,16.771458,16.638725,19.439081,19.813694,18.220108,18.050947,20.203926,22.095354,4.0,0.0,0.0,4.0,0.0,4.0,0.0,4.0
21519,2023.0,5.0,30.0,10.0,18.47658,19.022617,20.037102,21.536337,17.386429,17.099173,17.215487,17.140059,20.24003,22.058756,17.150793,17.376045,18.797678,18.56196,17.810038,17.537704,20.042835,21.59394,0.0,0.0,0.0,0.0,4.0,0.0,0.0,0.0
21520,2023.0,5.0,30.0,10.0,18.511099,19.066696,18.541142,18.554829,17.441568,17.318802,17.161825,17.091352,19.079977,19.55159,20.306572,22.754631,19.223429,19.555641,18.695322,19.307592,19.196104,19.779747,0.0,0.0,0.0,4.0,4.0,4.0,4.0,4.0
21521,2023.0,5.0,30.0,10.0,18.533665,19.094185,18.277151,18.579754,17.445362,17.361706,17.813763,18.35871,20.22878,21.862387,20.011877,21.8371,19.47801,19.869925,18.141485,17.98915,20.19701,21.77409,4.0,0.0,4.0,0.0,0.0,4.0,0.0,0.0
21522,2023.0,5.0,30.0,11.0,18.54649,19.105804,20.239836,22.040224,17.396463,17.321188,18.10973,18.717377,18.63851,18.616665,18.35261,18.38902,19.54046,19.938107,17.751207,17.496397,18.62452,18.596724,4.0,0.0,4.0,0.0,0.0,4.0,0.0,0.0
21523,2023.0,5.0,30.0,11.0,17.913599,17.916267,20.018822,21.439919,17.345448,17.274525,17.991224,18.417171,18.498766,18.838642,17.423386,17.123116,18.867357,18.633821,17.636204,17.374054,17.813803,17.548325,4.0,0.0,4.0,4.0,0.0,0.0,0.0,0.0
21524,2023.0,5.0,30.0,11.0,18.311155,18.864828,20.04814,21.396063,17.99508,18.537918,17.382587,17.30336,20.182693,21.784254,17.347046,17.174122,18.565233,18.250912,17.573072,17.317707,17.575724,17.307169,4.0,4.0,0.0,4.0,0.0,0.0,0.0,0.0
21525,2023.0,5.0,30.0,11.0,18.497896,19.0768,20.043045,21.316418,17.671469,17.744091,17.042938,16.850466,20.03897,21.365204,17.724813,17.931572,19.24104,19.6138,17.640041,17.506565,17.542768,17.396896,4.0,0.0,0.0,0.0,4.0,4.0,0.0,0.0
21526,2023.0,5.0,30.0,11.0,18.532578,19.124243,20.04258,21.265396,17.24162,17.077171,16.9334,16.738344,18.667994,18.620275,20.223673,22.30048,19.51733,19.944002,17.655766,17.538193,17.4857,17.359016,4.0,0.0,0.0,0.0,0.0,4.0,0.0,0.0
21527,2023.0,5.0,30.0,11.0,17.945883,18.011557,20.058872,21.274162,17.083817,16.8873,16.869473,16.68337,17.928274,17.662758,18.70048,19.000748,19.59163,20.02425,18.693335,19.517193,18.319212,19.006865,0.0,0.0,0.0,0.0,0.0,4.0,4.0,4.0
21528,2023.0,5.0,30.0,12.0,18.312836,18.891218,18.801804,18.834663,17.135912,17.059856,17.638163,18.190516,18.539211,19.015268,17.783495,17.700338,18.956379,18.787624,18.070234,17.991732,20.243475,22.194359,0.0,0.0,4.0,4.0,0.0,0.0,0.0,0.0
21529,2023.0,5.0,30.0,12.0,21.309715,24.026405,18.009165,17.79609,21.261791,24.365112,21.300604,24.405249,20.161196,21.732943,17.573654,17.442415,21.50921,23.360336,22.297012,25.495705,18.492006,18.53485,0.0,0.0,0.0,4.0,0.0,0.0,4.0,0.0
21530,2023.0,5.0,30.0,12.0,21.026226,23.147444,17.870838,17.778675,21.00808,23.401443,21.02864,23.440187,20.038874,21.342093,17.477467,17.339794,20.963093,22.16017,21.007662,22.809746,18.577168,19.164433,0.0,0.0,0.0,0.0,0.0,4.0,0.0,4.0
21531,2023.0,5.0,30.0,12.0,21.04588,22.958738,18.218254,18.547045,21.06954,23.235298,21.059355,23.204086,19.315233,19.790619,17.412786,17.2745,21.031136,22.161385,21.047903,22.66325,20.216726,21.951113,4.0,0.0,4.0,4.0,0.0,4.0,4.0,0.0
21532,2023.0,5.0,30.0,12.0,21.04361,22.817265,20.240866,22.091934,21.036188,22.958092,21.078094,23.075174,20.122986,21.395338,17.36389,17.22538,21.01888,22.03991,21.062359,22.5836,18.627417,18.65541,0.0,4.0,0.0,4.0,0.0,4.0,0.0,0.0
21533,2023.0,5.0,30.0,12.0,21.041456,22.718393,19.183514,19.800425,21.064224,22.904339,21.071558,22.927101,20.038876,21.149729,17.328814,17.192055,21.018072,21.965666,21.055365,22.459835,17.84393,17.624222,4.0,0.0,0.0,0.0,0.0,4.0,0.0,0.0
21534,2023.0,5.0,30.0,13.0,21.1643,22.913536,20.223692,21.88409,21.160107,22.97594,21.178581,23.022999,18.87038,18.827055,17.301891,17.166975,21.206669,22.287788,21.203428,22.67093,18.730463,19.484999,0.0,0.0,4.0,0.0,0.0,4.0,0.0,4.0
21535,2023.0,5.0,30.0,13.0,21.059404,22.640984,18.758188,18.893152,21.041277,22.627497,21.04881,22.68981,18.208014,17.955132,17.278822,17.14375,21.014984,21.856186,21.052273,22.298521,20.139418,21.700645,0.0,4.0,4.0,0.0,0.0,4.0,0.0,4.0
21536,2023.0,5.0,30.0,13.0,21.030014,22.51612,18.006405,17.968634,21.043352,22.57028,21.071281,22.701561,17.985527,17.714329,17.25516,17.1184,21.013863,21.821863,21.041126,22.243956,20.032837,21.357796,0.0,4.0,0.0,0.0,0.0,4.0,0.0,0.0
21537,2023.0,5.0,30.0,13.0,21.03807,22.500679,17.831966,17.799335,21.043995,22.524372,21.0659,22.641861,17.969542,17.81481,17.234663,17.099049,21.04444,21.875,21.043804,22.220646,18.704742,18.686518,0.0,4.0,0.0,0.0,0.0,0.0,0.0,0.0
21538,2023.0,5.0,30.0,13.0,21.062994,22.544703,17.684486,17.646723,21.067556,22.55263,21.065351,22.599623,18.69251,19.23901,17.21292,17.077139,21.00841,21.754354,21.042732,22.194511,18.008606,17.777767,0.0,0.0,0.0,4.0,0.0,4.0,0.0,0.0
21539,2023.0,5.0,30.0,13.0,21.030079,22.431726,18.013504,18.365374,21.036705,22.433884,21.053492,22.564167,20.142853,21.61684,17.19196,17.05676,21.0439,21.827173,21.042269,22.173374,17.800236,17.562597,4.0,4.0,0.0,4.0,0.0,0.0,0.0,0.0
21540,2023.0,5.0,30.0,14.0,21.035347,22.422602,20.250538,22.251612,21.04161,22.416527,21.054508,22.552208,20.03741,21.25953,17.171358,17.036703,21.0379,21.79323,21.042038,22.155338,17.77719,17.64249,0.0,4.0,0.0,0.0,0.0,0.0,0.0,0.0
21541,2023.0,5.0,30.0,14.0,19.678816,19.833885,19.128538,19.78391,19.588633,19.638248,19.708054,19.953066,19.399889,19.87789,17.154484,17.021353,20.08149,19.93766,19.936586,20.012405,18.633736,19.313951,4.0,0.0,0.0,4.0,0.0,0.0,0.0,4.0
21542,2023.0,5.0,30.0,14.0,19.73763,20.241018,20.198036,21.76462,18.89996,18.664135,19.69147,20.22736,20.133404,21.277657,17.14219,17.010544,20.376284,20.681145,19.437849,19.30367,20.205454,21.951029,4.0,0.0,4.0,0.0,0.0,4.0,0.0,0.0
21543,2023.0,5.0,30.0,14.0,19.143232,19.174217,20.021309,21.317614,18.571955,18.328714,19.125309,19.22587,18.942665,18.896536,17.129646,17.000013,20.513966,20.880234,19.1821,19.040607,18.64504,18.680874,4.0,0.0,0.0,0.0,0.0,4.0,0.0,0.0
21544,2023.0,5.0,30.0,14.0,18.69843,18.633242,20.042265,21.287397,18.482529,18.384304,18.472057,18.288492,18.266588,18.011452,17.116669,16.988966,19.742678,19.455572,18.994156,18.850891,17.876274,17.670942,4.0,0.0,0.0,0.0,0.0,0.0,0.0,0.0
21545,2023.0,5.0,30.0,14.0,19.197317,19.748981,20.038157,21.225006,18.369753,18.297686,18.16287,17.94686,18.1632,18.012772,17.10385,16.977934,19.397911,19.063223,18.844055,18.702925,17.772736,17.647625,4.0,0.0,0.0,0.0,0.0,0.0,0.0,0.0
21546,2023.0,5.0,30.0,15.0,18.703867,18.742016,20.03791,21.182816,18.235764,18.168612,18.111483,18.0331,18.825817,19.345846,17.497156,17.730795,19.264982,18.935192,18.719566,18.582556,17.704144,17.58936,4.0,0.0,0.0,4.0,4.0,0.0,0.0,0.0
21547,2023.0,5.0,30.0,15.0,19.030657,19.580494,20.172878,21.419369,18.792377,19.318466,18.708584,19.250452,20.27963,21.818138,20.244236,22.444105,19.89558,20.228743,18.613663,18.481184,17.62734,17.515963,4.0,4.0,4.0,0.0,0.0,4.0,0.0,0.0
21548,2023.0,5.0,30.0,15.0,19.185081,19.771982,20.035816,21.113121,18.446054,18.546432,18.767628,19.21071,18.825277,18.81493,18.653595,18.98911,19.413504,19.166422,18.52103,18.391396,17.558054,17.448431,4.0,0.0,4.0,0.0,0.0,0.0,0.0,0.0
21549,2023.0,5.0,30.0,15.0,18.545313,18.584145,20.053635,21.140566,17.938684,17.761208,18.689983,19.116102,18.10751,17.86167,18.094994,18.36324,19.103148,18.78542,18.438381,18.309921,17.496565,17.38735,0.0,0.0,4.0,0.0,4.0,0.0,0.0,0.0
21550,2023.0,5.0,30.0,15.0,18.206835,18.163404,19.231964,19.52224,17.745106,17.541533,18.098593,18.038147,18.024136,17.879189,20.212551,22.123087,19.009764,18.695724,18.367857,18.243235,17.444353,17.337557,4.0,0.0,0.0,0.0,0.0,0.0,0.0,0.0
21551,2023.0,5.0,30.0,15.0,18.06754,18.01844,20.169178,21.48115,17.758701,17.674372,17.729446,17.55437,17.968018,17.839775,19.085464,19.611767,19.071604,18.899494,18.303354,18.181,17.396025,17.290852,0.0,0.0,0.0,0.0,4.0,0.0,0.0,0.0
21552,2023.0,5.0,30.0,16.0,18.665127,19.218807,19.22803,19.539951,18.425726,18.967031,17.579851,17.39142,18.606136,19.112665,20.230389,21.857504,19.078075,18.93102,19.276955,20.07292,17.35151,17.24773,4.0,4.0,0.0,4.0,0.0,0.0,4.0,0.0
21553,2023.0,5.0,30.0,16.0,18.890179,19.485493,20.175674,21.472647,18.54447,18.99272,18.1367,18.5169,20.204031,21.766235,18.749416,18.78023,19.038269,18.894758,18.633873,18.545744,17.309408,17.20628,4.0,4.0,4.0,0.0,0.0,0.0,0.0,0.0
21554,2023.0,5.0,30.0,16.0,18.31147,18.37813,20.016813,21.08581,18.508646,18.93493,17.785082,17.7257,18.765263,18.767101,18.414248,18.618605,19.765793,20.313524,18.18223,17.953362,17.27007,17.167418,4.0,4.0,0.0,0.0,4.0,4.0,0.0,0.0
21555,2023.0,5.0,30.0,16.0,18.667868,19.22973,20.174276,21.369047,18.514503,18.934546,17.45616,17.28081,18.013918,17.767555,20.206993,21.820023,19.891104,20.323338,19.039978,19.672434,17.23245,17.13021,0.0,4.0,0.0,0.0,0.0,4.0,4.0,0.0
21556,2023.0,5.0,30.0,16.0,18.848898,19.431877,18.926258,18.927958,18.518768,18.93346,17.334812,17.141893,17.927547,17.779673,18.933245,19.14493,19.888315,20.302599,18.494068,18.376896,17.196642,17.095076,0.0,4.0,0.0,0.0,0.0,4.0,0.0,0.0
21557,2023.0,5.0,30.0,16.0,18.255316,18.302551,18.516575,18.424835,18.519226,18.928919,18.101933,18.652367,17.884811,17.754505,18.315277,18.18799,19.215954,19.013594,18.17909,17.927952,17.165155,17.063696,0.0,4.0,4.0,0.0,0.0,0.0,0.0,0.0
21558,2023.0,5.0,30.0,17.0,17.994326,17.936937,18.361343,18.284546,17.933212,17.83491,18.341253,18.95625,18.553774,19.075773,18.125042,17.974962,19.691202,20.037964,18.062714,17.80457,17.134623,17.033827,0.0,0.0,4.0,4.0,0.0,4.0,0.0,0.0
21559,2023.0,5.0,30.0,17.0,17.880722,17.810581,18.64603,18.940752,18.301678,18.644629,18.232855,18.672447,20.222097,21.906002,18.355577,18.520464,19.845446,20.247213,17.980595,17.72423,17.106232,17.006802,4.0,4.0,4.0,0.0,4.0,4.0,0.0,0.0
21560,2023.0,5.0,30.0,17.0,17.79362,17.72629,20.181496,21.63036,18.47455,18.871635,17.622633,17.540403,19.24532,19.719913,20.250044,21.80981,19.191303,18.9847,18.021376,17.884829,17.076015,16.97788,4.0,4.0,0.0,4.0,0.0,0.0,0.0,0.0
21561,2023.0,5.0,30.0,17.0,18.61686,19.351288,20.034866,21.220425,18.478258,18.871704,17.948597,18.324457,20.160677,21.522928,18.92273,19.10749,19.586313,19.928438,19.058565,19.864458,17.045767,16.948969,0.0,4.0,4.0,4.0,0.0,4.0,4.0,0.0
21562,2023.0,5.0,30.0,17.0,18.150572,18.215773,18.829004,18.82438,18.478056,18.867119,18.14073,18.551184,20.037462,21.179308,18.147709,18.042858,19.112299,18.895761,18.397491,18.283438,17.016268,16.920744,0.0,4.0,4.0,0.0,0.0,0.0,0.0,0.0
21563,2023.0,5.0,30.0,17.0,17.773537,17.716604,18.07906,17.81737,17.907322,17.805399,18.16365,18.567726,18.796892,18.708582,17.928125,17.791977,19.515697,19.850288,17.951595,17.711851,16.987852,16.893635,0.0,0.0,4.0,0.0,0.0,4.0,0.0,0.0
21564,2023.0,5.0,30.0,18.0,18.400377,18.954086,18.487583,18.75032,18.274754,18.614601,17.584888,17.474642,18.939045,19.226171,17.815134,17.671932,19.685637,20.075922,17.836967,17.581347,16.962414,16.869005,4.0,4.0,0.0,4.0,0.0,4.0,0.0,0.0
21565,2023.0,5.0,30.0,18.0,21.296333,23.905804,20.201517,21.751835,21.303886,23.849686,21.28051,24.071024,20.160112,21.43182,17.7191,17.575748,21.286932,22.908333,21.417498,23.801773,16.936682,16.843828,4.0,4.0,4.0,0.0,0.0,4.0,4.0,0.0
21566,2023.0,5.0,30.0,18.0,21.006649,23.00043,20.016474,21.219284,21.00946,22.948038,21.007723,23.146484,18.818956,18.709206,17.621098,17.479345,21.01017,22.174465,21.024431,22.840885,16.910591,16.818235,4.0,4.0,4.0,0.0,0.0,4.0,0.0,0.0
21567,2023.0,5.0,30.0,18.0,21.044603,22.861032,20.038532,21.162449,21.076674,22.890654,21.080967,23.063559,18.092672,17.773788,17.533356,17.391142,21.022697,22.077833,21.062315,22.69369,16.887564,16.795599,4.0,0.0,0.0,0.0,0.0,4.0,0.0,0.0
21568,2023.0,5.0,30.0,18.0,21.068605,22.781557,20.054886,21.14172,21.042253,22.653057,21.071043,22.87043,18.046156,17.891697,17.462372,17.325418,21.022425,21.990135,21.05964,22.530348,17.876032,18.686981,0.0,4.0,0.0,0.0,0.0,4.0,0.0,4.0
21569,2023.0,5.0,30.0,18.0,21.035507,22.586645,19.175802,19.383186,21.046976,22.559025,21.070581,22.744305,17.988842,17.853186,17.397594,17.264593,21.051275,22.00186,21.04749,22.413916,20.285967,22.618572,4.0,4.0,0.0,0.0,0.0,0.0,0.0,0.0
21570,2023.0,5.0,30.0,19.0,21.197401,22.834106,20.160643,21.407711,21.19066,22.770983,21.209183,22.936888,17.89222,17.759085,17.335838,17.203342,21.133974,22.110043,21.338793,22.900473,18.21916,18.230501,4.0,4.0,4.0,0.0,0.0,0.0,4.0,0.0
21571,2023.0,5.0,30.0,19.0,21.037418,22.453793,20.019049,21.04086,21.068306,22.483532,21.074368,22.60741,17.807434,17.678255,17.28057,17.151106,21.044613,21.884209,21.024815,22.200161,18.24193,18.84711,4.0,0.0,0.0,0.0,0.0,0.0,4.0,4.0
21572,2023.0,5.0,30.0,19.0,21.06423,22.484856,20.038488,21.028107,21.062738,22.422016,21.06625,22.532784,18.501257,19.058037,17.233305,17.108204,21.014355,21.772161,21.062944,22.262453,20.227833,22.155643,4.0,0.0,0.0,4.0,0.0,4.0,0.0,4.0
21573,2023.0,5.0,30.0,19.0,21.057644,22.42957,20.03579,20.98797,21.037214,22.3094,21.065815,22.483393,20.20601,21.873894,17.189934,17.068197,21.018908,21.764275,21.054462,22.203102,20.040651,21.592253,4.0,4.0,0.0,0.0,0.0,4.0,0.0,0.0
21574,2023.0,5.0,30.0,19.0,21.030502,22.319494,20.035732,20.962517,21.06666,22.358917,21.026377,22.372969,18.598488,18.50694,17.550285,17.783937,21.018234,21.750292,21.054668,22.167152,18.435305,18.343935,4.0,0.0,4.0,0.0,4.0,4.0,0.0,0.0
21575,2023.0,5.0,30.0,19.0,21.062004,22.378448,20.0355,20.94188,21.060291,22.317068,21.057701,22.446268,17.80759,17.501093,20.375551,22.46501,21.048422,21.817991,21.053911,22.135946,17.65267,17.376505,4.0,0.0,0.0,0.0,0.0,0.0,0.0,0.0
21576,2023.0,5.0,30.0,20.0,21.055649,22.34076,20.034546,20.92162,21.046778,22.29115,21.039835,22.348806,17.791529,17.65114,18.95593,19.454977,21.012709,21.709597,21.002892,22.00466,17.432259,17.155607,4.0,0.0,4.0,0.0,4.0,4.0,4.0,0.0
21577,2023.0,5.0,30.0,20.0,21.055752,22.318209,20.034575,20.905527,21.048014,22.28841,21.068497,22.397327,17.76783,17.64715,20.24703,22.016935,21.048471,21.791786,21.062593,22.134352,17.443483,17.32285,4.0,0.0,0.0,0.0,0.0,0.0,0.0,0.0
21578,2023.0,5.0,30.0,20.0,21.042515,22.297495,20.034124,20.890709,21.047478,22.279922,21.03728,22.287315,17.69485,17.577461,18.799002,18.969963,21.012506,21.686476,21.012512,21.986683,17.402447,17.297464,4.0,0.0,4.0,0.0,0.0,4.0,4.0,0.0
21579,2023.0,5.0,30.0,20.0,21.042969,22.298143,20.052202,20.929344,21.019924,22.19711,21.041782,22.277617,17.62571,17.50835,17.967913,17.855993,21.049372,21.773512,21.06307,22.105175,17.321337,17.217436,0.0,4.0,4.0,0.0,0.0,0.0,0.0,0.0
21580,2023.0,5.0,30.0,20.0,21.04368,22.29536,19.258371,19.372454,21.041422,22.2093,21.067144,22.332052,18.337994,18.909027,17.758026,17.625586,21.042145,21.74532,21.051292,22.063671,18.246063,19.035137,4.0,4.0,0.0,4.0,0.0,0.0,0.0,4.0
21581,2023.0,5.0,30.0,20.0,21.254599,22.692087,20.162218,21.26285,21.191763,22.488733,21.156767,22.490255,20.243895,22.036335,17.619678,17.481913,21.197687,22.025633,21.196245,22.335777,20.253561,22.293201,0.0,4.0,0.0,0.0,0.0,4.0,0.0,0.0
21582,2023.0,5.0,30.0,21.0,21.047764,22.291159,18.929989,18.802206,21.037905,22.158882,21.061226,22.275705,18.522198,18.415625,17.511885,17.37681,21.047676,21.73678,21.05197,22.027006,19.028633,19.566204,0.0,4.0,0.0,0.0,0.0,0.0,0.0,4.0
21583,2023.0,5.0,30.0,21.0,21.055485,22.273813,18.833767,19.066355,21.03794,22.144972,21.046673,22.25733,17.695578,17.376827,17.422342,17.290838,21.042364,21.716984,21.040556,22.014305,20.236246,21.964329,4.0,4.0,0.0,0.0,0.0,0.0,0.0,0.0
21584,2023.0,5.0,30.0,21.0,21.25315,22.624496,20.172646,21.43522,21.06294,22.201462,21.04817,22.26293,17.691128,17.549278,17.739927,17.96096,21.249767,22.104406,21.041662,22.02015,19.196856,19.697496,0.0,0.0,0.0,0.0,4.0,4.0,0.0,4.0
21585,2023.0,5.0,30.0,21.0,21.03148,22.161562,19.093521,19.236448,21.057177,22.171047,21.047804,22.26048,17.675718,17.556154,20.341465,22.276201,21.047045,21.711346,21.041473,22.020103,20.383722,22.063782,0.0,0.0,0.0,0.0,4.0,0.0,0.0,4.0
21586,2023.0,5.0,30.0,21.0,21.05919,22.228792,18.402653,18.294872,21.030436,22.08058,21.046808,22.25307,17.603243,17.481524,20.019672,21.491875,21.010214,21.613384,21.04076,22.017,20.036892,21.285856,0.0,4.0,0.0,0.0,0.0,4.0,0.0,0.0
21587,2023.0,5.0,30.0,21.0,21.052704,22.201788,18.214577,18.092999,21.062153,22.153214,21.046846,22.246063,18.237146,18.729836,18.778744,18.895311,21.017017,21.628283,21.040977,22.01405,19.330448,19.798101,0.0,0.0,0.0,4.0,4.0,4.0,0.0,4.0
21588,2023.0,5.0,30.0,22.0,21.052841,22.18676,18.08253,17.955927,21.05605,22.126848,21.046715,22.2381,20.213148,21.98666,20.325264,21.823368,21.016441,21.628317,21.040882,22.009518,20.12797,21.38221,0.0,0.0,0.0,4.0,0.0,4.0,0.0,4.0
21589,2023.0,5.0,30.0,22.0,21.03897,22.17116,17.976665,17.847553,21.056376,22.113407,21.046164,22.228514,20.039217,21.419374,18.672482,18.532074,21.016611,21.628284,21.040844,22.00454,20.046944,21.181705,0.0,0.0,0.0,0.0,0.0,4.0,0.0,0.0
21590,2023.0,5.0,30.0,22.0,21.040346,22.178185,18.322786,18.571566,21.041502,22.09988,21.045977,22.21983,18.544209,18.372736,17.988554,17.818182,21.047033,21.70561,21.040627,21.998905,19.351925,19.748852,4.0,0.0,0.0,0.0,0.0,0.0,0.0,4.0
21591,2023.0,5.0,30.0,22.0,21.213615,22.52584,20.241291,21.89659,21.211866,22.448236,21.205162,22.530592,17.789228,17.436207,17.857353,17.7009,21.21995,22.021,21.464369,22.824932,20.16692,21.407648,0.0,0.0,0.0,0.0,0.0,4.0,4.0,0.0
21592,2023.0,5.0,30.0,22.0,21.039757,22.172613,18.956413,19.17794,21.042454,22.108118,21.045084,22.19933,18.191898,18.370512,17.726854,17.577797,21.04672,21.68468,21.068832,22.028364,18.716887,18.519354,0.0,0.0,0.0,4.0,0.0,0.0,0.0,0.0
21593,2023.0,5.0,30.0,22.0,21.040003,22.172518,18.6074,18.897556,21.0429,22.110659,21.045567,22.19509,20.322052,21.92615,17.61353,17.46828,21.041407,21.664417,21.048681,21.967663,18.759794,19.10515,4.0,0.0,0.0,0.0,0.0,0.0,0.0,4.0
21594,2023.0,5.0,30.0,23.0,21.306183,22.681839,20.214947,21.733984,21.288086,22.580824,21.205963,22.510473,18.60469,18.442831,17.51074,17.365652,21.22332,22.000555,21.222685,22.297197,20.227749,21.570654,0.0,4.0,0.0,0.0,0.0,4.0,0.0,0.0
21595,2023.0,5.0,30.0,23.0,20.03866,20.250517,18.733734,18.667103,19.981255,20.07845,19.935545,20.048698,18.001865,17.856028,17.73265,17.860275,19.996956,19.65366,20.034508,19.999807,19.3553,19.763237,0.0,0.0,0.0,0.0,4.0,0.0,0.0,4.0
21596,2023.0,5.0,30.0,23.0,19.289997,19.037445,18.016333,17.57832,19.150286,18.719187,19.366972,19.235058,17.917654,17.785225,17.505941,17.385586,19.586302,19.117392,19.607277,19.44574,18.425163,18.14561,0.0,0.0,0.0,0.0,0.0,0.0,0.0,0.0
21597,2023.0,5.0,30.0,23.0,18.997606,18.711039,18.055904,17.859428,18.822401,18.343187,19.804363,20.251993,17.831614,17.70293,17.369448,17.232273,19.413376,18.950659,19.408237,19.249289,18.799002,19.108696,0.0,0.0,4.0,0.0,0.0,0.0,0.0,4.0
21598,2023.0,5.0,30.0,23.0,19.076141,19.055244,18.46685,18.715244,18.888094,18.67784,19.285141,19.28367,17.750786,17.620667,17.593157,17.703978,19.517366,19.307318,19.24916,19.095776,18.133694,17.827396,4.0,0.0,0.0,0.0,4.0,0.0,0.0,0.0
21599,2023.0,5.0,30.0,23.0,19.024273,19.046293,18.570498,18.88744,18.831923,18.672447,18.661484,18.246506,17.677004,17.546062,17.365784,17.235575,19.493141,19.32322,19.110369,18.959904,17.82198,17.467955,4.0,0.0,0.0,0.0,0.0,0.0,0.0,0.0
21600,2023.0,5.0,31.0,0.0,18.928839,18.955715,17.908152,17.626665,18.726385,18.573011,18.404438,17.954176,17.611683,17.481646,17.248327,17.107815,19.414642,19.246632,18.991291,18.846367,18.420788,18.73891,0.0,0.0,0.0,0.0,0.0,0.0,0.0,4.0
21601,2023.0,5.0,31.0,0.0,18.834368,18.85883,17.556526,17.106401,18.621754,18.466158,18.521221,18.354038,17.548353,17.41551,17.189054,17.04578,19.334837,19.163572,18.879654,18.734152,18.566174,18.914295,0.0,0.0,0.0,0.0,0.0,0.0,0.0,4.0
21602,2023.0,5.0,31.0,0.0,18.755188,18.785248,17.677036,17.480268,18.534279,18.385418,18.46736,18.326277,17.494234,17.363241,17.427528,17.536346,19.265924,19.09714,18.783895,18.64069,17.836494,17.535902,0.0,0.0,0.0,0.0,4.0,0.0,0.0,0.0
21603,2023.0,5.0,31.0,0.0,18.676031,18.704773,17.68823,17.548712,18.446861,18.297125,18.379023,18.239372,17.440067,17.306952,17.20282,17.06277,19.197416,19.026224,18.691595,18.545784,17.554941,17.206158,0.0,0.0,0.0,0.0,0.0,0.0,0.0,0.0
21604,2023.0,5.0,31.0,0.0,18.606848,18.63806,17.635332,17.500202,18.370527,18.224142,18.298262,18.162329,17.391819,17.258965,17.100172,16.95585,19.13667,18.966038,18.611057,18.466433,18.178328,18.50083,0.0,0.0,0.0,0.0,0.0,0.0,0.0,4.0
21605,2023.0,5.0,31.0,0.0,18.541567,18.573797,17.581606,17.44747,18.298607,18.154034,18.220953,18.087084,17.345854,17.21248,17.049553,16.904814,19.079214,18.90819,18.536028,18.391378,17.597912,17.299385,0.0,0.0,0.0,0.0,0.0,0.0,0.0,0.0
21606,2023.0,5.0,31.0,1.0,18.48069,18.513632,17.52998,17.3965,18.231665,18.088585,18.14882,18.016554,17.302464,17.168467,17.002213,16.856695,19.025358,18.853815,19.431849,20.13863,17.353453,17.013178,0.0,0.0,0.0,0.0,0.0,0.0,4.0,0.0
21607,2023.0,5.0,31.0,1.0,18.42473,18.459177,17.48211,17.350111,18.170338,18.029482,18.082245,17.952452,17.26226,17.128471,16.959618,16.814123,18.975735,18.804638,18.55523,18.276934,17.246122,16.909904,0.0,0.0,0.0,0.0,0.0,0.0,0.0,0.0
21608,2023.0,5.0,31.0,1.0,18.371235,18.40578,17.909365,18.19171,18.112083,17.971893,18.018517,17.889652,17.223587,17.089157,16.919106,16.77281,18.928257,18.756563,18.222929,17.847141,17.34814,17.208841,4.0,0.0,0.0,0.0,0.0,0.0,0.0,0.0
21609,2023.0,5.0,31.0,1.0,18.321608,18.356802,17.611137,17.563868,18.057995,17.919163,17.959387,17.832129,17.187447,17.052843,16.881727,16.735159,18.884073,18.71236,18.106268,17.732618,17.33639,17.210243,0.0,0.0,0.0,0.0,0.0,0.0,0.0,0.0
21610,2023.0,5.0,31.0,1.0,18.274452,18.309866,17.446867,17.320585,18.006464,17.868631,17.903418,17.777231,17.153015,17.01811,16.8465,16.699509,18.842129,18.67025,18.238516,18.095407,17.290445,17.164305,0.0,0.0,0.0,0.0,0.0,0.0,0.0,0.0
21611,2023.0,5.0,31.0,1.0,18.232248,18.270271,17.861115,18.147814,17.960281,17.82613,17.853586,17.73129,17.71001,18.093987,16.81475,16.669102,18.803984,18.633677,18.216972,18.072763,17.246563,17.121866,4.0,0.0,0.0,4.0,0.0,0.0,0.0,0.0
21612,2023.0,5.0,31.0,2.0,18.190796,18.229706,17.566952,17.532175,17.914797,17.782446,17.804653,17.684216,17.303942,17.198559,16.783443,16.638044,18.766556,18.596714,18.172977,18.029509,17.203064,17.078646,0.0,0.0,0.0,0.0,0.0,0.0,0.0,0.0
21613,2023.0,5.0,31.0,2.0,18.151064,18.190216,17.12169,16.729296,17.871115,17.74004,17.757786,17.6387,17.755419,18.139545,16.753279,16.607746,18.73026,18.560392,18.128862,17.985464,17.16135,17.036844,0.0,0.0,0.0,4.0,0.0,0.0,0.0,0.0
21614,2023.0,5.0,31.0,2.0,18.113525,18.153292,16.95337,16.514257,17.829847,17.700504,18.419287,18.921072,17.135374,16.8325,16.724476,16.579216,18.695704,18.526249,18.086246,17.943464,17.122139,16.99806,0.0,0.0,4.0,0.0,0.0,0.0,0.0,0.0
21615,2023.0,5.0,31.0,2.0,18.076666,18.116117,17.12241,16.935997,17.789297,17.660648,17.989912,17.98537,16.89668,16.538994,16.695818,16.550198,18.661642,18.491905,18.044458,17.901453,17.816225,18.337944,0.0,0.0,0.0,0.0,0.0,0.0,0.0,4.0
21616,2023.0,5.0,31.0,2.0,18.04108,18.080582,17.168304,17.037706,17.750475,17.622679,17.510015,17.141542,16.814993,16.459791,16.668152,16.52235,18.62886,18.459051,18.004513,17.86153,17.316736,17.239748,0.0,0.0,0.0,0.0,0.0,0.0,0.0,0.0
21617,2023.0,5.0,31.0,2.0,18.00463,18.042622,17.143164,17.015669,17.711304,17.582598,17.334509,16.918295,16.964357,16.829664,16.64009,16.493002,18.595947,18.424946,17.964857,17.820663,16.954035,16.636267,0.0,0.0,0.0,0.0,0.0,0.0,0.0,0.0
21618,2023.0,5.0,31.0,3.0,17.970629,18.008802,17.113987,16.987358,17.674973,17.546982,17.522352,17.382622,16.966536,16.830622,16.613766,16.466526,18.565075,18.39404,17.92786,17.783737,16.834848,16.507849,0.0,0.0,0.0,0.0,0.0,0.0,0.0,0.0
21619,2023.0,5.0,31.0,3.0,18.690914,19.392954,17.085472,16.961142,17.641436,17.515882,17.527493,17.408949,16.942522,16.807596,16.5892,16.442987,18.536135,18.366182,17.893372,17.750578,16.948366,16.813185,0.0,0.0,0.0,0.0,0.0,0.0,0.0,0.0
21620,2023.0,5.0,31.0,3.0,18.212101,18.336834,17.055288,16.931246,17.60674,17.481506,17.497091,17.381674,16.916553,16.781319,16.563828,16.417233,18.506592,18.336279,17.85841,17.715357,17.683998,18.204655,0.0,0.0,0.0,0.0,0.0,0.0,0.0,4.0
21621,2023.0,5.0,31.0,3.0,17.741266,17.509747,17.024897,16.900536,17.57231,17.446785,17.462679,17.347479,16.890461,16.754602,16.53868,16.391344,18.477581,18.306553,17.82406,17.68035,17.735435,18.108437,0.0,0.0,0.0,0.0,0.0,0.0,0.0,4.0
21622,2023.0,5.0,31.0,3.0,17.604755,17.354734,16.993748,16.867735,17.537605,17.41061,17.42686,17.310215,16.864353,16.727446,16.513544,16.364883,18.448765,18.27662,17.790337,17.645632,17.784079,18.148203,0.0,0.0,0.0,0.0,0.0,0.0,0.0,4.0
21623,2023.0,5.0,31.0,3.0,18.537703,19.207195,16.968086,16.845419,17.50849,17.384892,17.39681,17.283543,17.402466,17.757902,16.492025,16.345161,18.42318,18.252766,17.760336,17.617552,17.10134,16.826439,0.0,0.0,0.0,4.0,0.0,0.0,0.0,0.0
21624,2023.0,5.0,31.0,4.0,17.910574,17.824635,16.939783,16.817207,17.476847,17.353432,17.364014,17.250814,17.051447,16.967783,16.755074,16.855244,18.396177,18.22553,17.729084,17.586164,16.855223,16.523783,0.0,0.0,0.0,0.0,4.0,0.0,0.0,0.0
21625,2023.0,5.0,31.0,4.0,17.601921,17.369265,17.393442,17.691736,17.445446,17.321924,17.33119,17.21786,16.899584,16.763739,16.891113,17.03679,18.36977,18.198875,17.698376,17.5552,16.758137,16.427956,4.0,0.0,0.0,0.0,4.0,0.0,0.0,0.0
21626,2023.0,5.0,31.0,4.0,17.510756,17.276237,17.129742,17.11157,17.415873,17.293505,17.300182,17.188059,16.860132,16.725039,16.631674,16.518673,18.34474,18.17459,17.669382,17.527023,17.638618,18.181816,0.0,0.0,0.0,0.0,0.0,0.0,0.0,4.0
21627,2023.0,5.0,31.0,4.0,17.71027,17.746382,16.953405,16.832453,17.384491,17.260963,17.267408,17.15402,16.822954,16.686281,16.516026,16.367365,18.318266,18.147253,17.639156,17.495888,17.70091,18.071957,0.0,0.0,0.0,0.0,0.0,0.0,0.0,4.0
21628,2023.0,5.0,31.0,4.0,17.722757,17.773518,16.903225,16.776333,17.354263,17.230173,17.236256,17.122099,16.790937,16.653791,16.478466,16.328884,18.29261,18.121397,17.610199,17.466816,17.741913,18.106512,0.0,0.0,0.0,0.0,0.0,0.0,0.0,4.0
21629,2023.0,5.0,31.0,4.0,17.701845,17.753967,16.870083,16.747301,17.327915,17.206715,17.20943,17.09799,16.763304,16.6282,16.448769,16.301853,18.2691,18.099628,17.583563,17.441956,17.042665,16.756773,0.0,0.0,0.0,0.0,0.0,0.0,0.0,0.0
21630,2023.0,5.0,31.0,5.0,18.434881,19.154566,16.837336,16.714685,18.015768,18.523249,17.18047,17.069239,16.735453,16.600477,16.419693,16.272812,18.244484,18.07528,17.555996,17.414686,16.801329,16.466227,0.0,4.0,0.0,0.0,0.0,0.0,0.0,0.0
21631,2023.0,5.0,31.0,5.0,17.737307,17.653328,16.80819,16.687365,17.613121,17.624548,17.152914,17.043465,16.710358,16.576742,16.393822,16.248371,18.221798,18.054165,17.530388,17.390549,16.704334,16.374731,0.0,0.0,0.0,0.0,0.0,0.0,0.0,0.0
21632,2023.0,5.0,31.0,5.0,17.428675,17.199448,16.780037,16.66033,17.835934,18.085245,17.124866,17.016571,16.6867,16.553846,16.369236,16.224577,18.199854,18.033276,17.505575,17.366594,16.626774,16.301596,0.0,4.0,0.0,0.0,0.0,0.0,0.0,0.0
21633,2023.0,5.0,31.0,5.0,17.344238,17.119062,16.754969,16.63829,17.315893,17.0592,17.80563,18.318502,16.66547,16.534782,16.34767,16.205334,18.179787,18.015518,18.477892,19.218063,16.743528,16.603771,0.0,0.0,4.0,0.0,0.0,0.0,4.0,0.0
21634,2023.0,5.0,31.0,5.0,17.510397,17.52021,17.187336,17.469425,17.050854,16.66559,17.413305,17.436794,16.64416,16.51492,16.326761,16.18596,18.159426,17.99682,17.647514,17.406452,16.75748,16.635656,4.0,0.0,0.0,0.0,0.0,0.0,0.0,0.0
21635,2023.0,5.0,31.0,5.0,17.553627,17.60844,16.930813,16.902405,16.951626,16.556433,17.639326,17.90707,16.623304,16.49507,16.307262,16.167585,18.139038,17.977682,17.353714,17.013023,16.731913,16.611324,0.0,0.0,4.0,0.0,0.0,0.0,0.0,0.0
21636,2023.0,5.0,31.0,6.0,17.53584,17.592922,16.781569,16.678158,17.11956,16.962149,17.104492,16.845285,16.604214,16.477568,16.583534,16.70003,18.119747,17.96018,17.272995,16.936783,16.706783,16.58785,0.0,0.0,0.0,0.0,4.0,0.0,0.0,0.0
21637,2023.0,5.0,31.0,6.0,21.290188,24.172613,16.73183,16.62219,21.23253,24.230587,21.184105,24.103657,16.58568,16.45999,20.25081,23.011185,21.269117,23.383833,22.672512,26.082775,16.681368,16.563112,0.0,0.0,0.0,0.0,0.0,0.0,0.0,0.0
21638,2023.0,5.0,31.0,6.0,21.005009,23.219517,16.694996,16.58484,21.007969,23.314594,21.02377,23.322239,17.157675,17.55004,18.295774,18.68717,20.989412,22.641592,20.998428,23.017113,17.41228,17.965082,0.0,0.0,0.0,4.0,0.0,4.0,0.0,4.0
21639,2023.0,5.0,31.0,6.0,21.065392,23.091654,16.663702,16.55326,21.069897,23.144587,21.070253,23.151577,20.334946,22.935612,17.394142,17.553856,21.029396,22.518593,21.065187,22.900766,20.333746,22.87864,0.0,0.0,0.0,0.0,4.0,4.0,0.0,0.0
21640,2023.0,5.0,31.0,6.0,21.030224,22.835043,16.636126,16.525473,21.060154,22.92984,21.062374,22.957367,18.293444,18.518152,20.305246,22.676731,21.037045,22.361439,21.054583,22.70506,18.026089,17.963257,0.0,0.0,0.0,0.0,0.0,4.0,0.0,0.0
21641,2023.0,5.0,31.0,6.0,21.03472,22.73246,16.612011,16.500671,21.0596,22.792007,21.037298,22.762686,17.28726,17.17529,18.49969,18.79724,21.06283,22.306671,21.015245,22.47386,17.019205,16.701784,0.0,0.0,4.0,0.0,0.0,0.0,4.0,0.0
21642,2023.0,5.0,31.0,7.0,21.073992,22.720173,16.588196,16.475655,21.030642,22.617197,21.06458,22.75081,17.108692,16.980318,17.400415,17.2598,21.023943,22.111382,21.073235,22.505533,17.028831,16.904089,0.0,4.0,0.0,0.0,0.0,4.0,0.0,0.0
21643,2023.0,5.0,31.0,7.0,21.139236,22.749344,16.5658,16.453194,21.080833,22.63898,21.152933,22.81235,17.018808,16.888802,17.167337,17.000677,21.064617,22.115618,21.13179,22.518887,17.009733,16.892433,0.0,4.0,0.0,0.0,0.0,4.0,0.0,0.0
21644,2023.0,5.0,31.0,7.0,21.02728,22.450056,17.037457,17.35742,21.044905,22.489414,21.059597,22.557352,16.956217,16.831404,17.050413,16.895279,21.054,22.065092,21.050697,22.296556,16.955828,16.84138,4.0,4.0,0.0,0.0,0.0,0.0,0.0,0.0
21645,2023.0,5.0,31.0,7.0,21.043627,22.44234,20.299026,22.91273,21.048807,22.438467,21.056118,22.528433,16.903004,16.781496,16.95143,16.799736,21.05242,22.013575,21.048124,22.265303,16.907658,16.796455,4.0,4.0,0.0,0.0,0.0,0.0,0.0,0.0
21646,2023.0,5.0,31.0,7.0,21.067595,22.479809,20.024155,21.987871,21.071945,22.458185,21.030497,22.436457,16.858595,16.73841,17.296705,17.52421,21.050905,21.970247,21.04746,22.239216,16.865469,16.755451,0.0,0.0,4.0,0.0,4.0,0.0,0.0,0.0
21647,2023.0,5.0,31.0,7.0,21.034979,22.364746,18.16011,18.152641,21.06573,22.402954,21.051178,22.433556,16.82441,16.707321,20.312466,22.643906,21.020329,21.858038,21.047115,22.216494,17.7521,18.460445,0.0,0.0,4.0,0.0,4.0,4.0,0.0,4.0
21648,2023.0,5.0,31.0,8.0,21.066916,22.428059,17.355604,17.240597,21.040123,22.296417,21.07247,22.462381,16.79459,16.679188,20.01697,21.742073,21.054707,21.926939,21.046585,22.195507,20.281597,22.579006,0.0,4.0,0.0,0.0,4.0,0.0,0.0,4.0
21649,2023.0,5.0,31.0,8.0,19.601973,19.596207,17.228401,17.122725,19.515974,19.382738,19.44173,19.299845,16.770544,16.657856,20.059175,21.588299,19.818436,19.527557,20.679647,21.429703,20.040464,21.815422,0.0,0.0,0.0,0.0,4.0,0.0,4.0,0.0
21650,2023.0,5.0,31.0,8.0,18.774353,18.555569,17.11657,17.010944,18.614895,18.221237,18.514297,18.132532,17.490484,18.033552,20.066694,21.450735,19.198614,18.76544,19.406725,19.14616,18.248072,18.144552,0.0,0.0,0.0,4.0,0.0,0.0,0.0,0.0
21651,2023.0,5.0,31.0,8.0,18.69996,18.693357,17.025732,16.919987,18.91825,19.048195,19.089764,19.503857,20.295353,22.734503,18.543276,18.4059,19.968857,20.441051,18.785023,18.41235,17.416115,17.124033,0.0,4.0,4.0,0.0,0.0,4.0,0.0,0.0
21652,2023.0,5.0,31.0,8.0,19.339252,20.004637,17.398026,17.6804,18.420534,18.11063,19.319284,19.840376,18.176851,18.202005,17.87102,17.68502,19.327763,19.027086,18.53513,18.160759,17.196959,16.89271,4.0,0.0,4.0,0.0,0.0,0.0,0.0,0.0
21653,2023.0,5.0,31.0,8.0,18.644335,18.60032,20.290083,22.68008,18.742191,18.893957,19.037296,19.309792,17.396421,17.062132,17.73827,17.559576,18.971966,18.547218,18.39069,18.02276,17.241161,17.092194,4.0,4.0,4.0,0.0,0.0,0.0,0.0,0.0
21654,2023.0,5.0,31.0,9.0,18.155539,17.963444,20.014359,21.799562,18.25791,17.95495,18.870548,19.126717,18.101137,18.606215,17.59836,17.42561,18.813612,18.394375,18.432953,18.256994,17.223598,17.102303,4.0,0.0,4.0,4.0,0.0,0.0,0.0,0.0
21655,2023.0,5.0,31.0,9.0,18.688463,19.104496,20.058054,21.67124,18.540182,18.723701,18.185875,17.920492,20.255274,22.206808,17.481722,17.313696,18.901043,18.695555,18.40392,18.25547,17.161772,17.045708,4.0,4.0,0.0,0.0,0.0,0.0,0.0,0.0
21656,2023.0,5.0,31.0,9.0,18.889708,19.357042,20.050392,21.509806,18.089203,17.819704,18.443949,18.653208,18.427805,18.387491,17.777487,17.957787,18.910572,18.740965,18.327724,18.18566,17.10234,16.988033,4.0,0.0,4.0,0.0,4.0,0.0,0.0,0.0
21657,2023.0,5.0,31.0,9.0,18.278088,18.218174,20.066828,21.452845,18.389122,18.595284,18.602335,18.88729,17.505753,17.190176,20.29379,22.26738,18.857754,18.6941,18.253815,18.114704,17.979528,18.689621,0.0,4.0,4.0,0.0,0.0,0.0,0.0,4.0
21658,2023.0,5.0,31.0,9.0,17.930603,17.777664,18.923365,19.158098,18.577156,18.862053,18.012836,17.814384,17.437613,17.267195,19.041058,19.531044,18.805609,18.644775,18.188139,18.051027,20.29182,22.502504,4.0,4.0,0.0,0.0,4.0,0.0,0.0,0.0
21659,2023.0,5.0,31.0,9.0,18.492191,18.93764,20.213259,21.815361,17.967812,17.73175,17.636572,17.320385,18.143112,18.65549,20.236853,21.914917,18.759045,18.599735,18.130913,17.995672,18.28015,18.261326,0.0,0.0,0.0,4.0,0.0,0.0,0.0,0.0
21660,2023.0,5.0,31.0,10.0,18.095366,18.057104,18.974602,19.236996,18.27312,18.506075,17.484173,17.158392,20.267992,22.21433,18.620115,18.555962,18.718533,18.5607,18.080404,17.946604,17.372505,17.10758,4.0,4.0,0.0,0.0,0.0,0.0,0.0,0.0
21661,2023.0,5.0,31.0,10.0,18.475714,18.953121,20.213606,21.815973,17.861948,17.64387,18.269415,18.746231,18.473408,18.450935,18.062433,18.003763,18.685225,18.53056,18.037868,17.907059,18.229994,18.903704,0.0,0.0,4.0,0.0,4.0,0.0,0.0,4.0
21662,2023.0,5.0,31.0,10.0,18.671227,19.179506,18.98125,19.241583,17.546778,17.24314,17.830011,17.694523,17.58479,17.291918,20.304323,21.911314,18.657787,18.506289,18.001335,17.873335,20.496046,22.718552,4.0,0.0,0.0,0.0,0.0,0.0,0.0,0.0
21663,2023.0,5.0,31.0,10.0,18.71146,19.232092,20.215158,21.807547,17.44253,17.143686,17.429174,17.161604,18.260849,18.754042,18.682957,18.63709,19.415827,19.966736,17.969501,17.844093,18.435268,18.429527,0.0,0.0,0.0,4.0,0.0,4.0,0.0,0.0
21664,2023.0,5.0,31.0,10.0,18.125593,18.12161,18.714321,18.74054,17.535555,17.412306,17.312847,17.039082,20.21766,21.979794,17.974955,17.815928,18.84005,18.629097,17.941763,17.818516,18.433357,18.933275,0.0,0.0,0.0,4.0,0.0,0.0,0.0,4.0
21665,2023.0,5.0,31.0,10.0,18.496685,19.007242,18.013885,17.940405,18.255661,18.77743,18.102232,18.605633,20.037064,21.436369,17.85123,17.694302,18.48429,18.156416,17.917757,17.796267,20.24097,22.028133,0.0,4.0,4.0,0.0,0.0,0.0,0.0,0.0
21666,2023.0,5.0,31.0,11.0,18.079952,18.09443,17.844038,17.772785,18.55627,19.144655,17.862654,17.937939,18.621218,18.566435,17.751091,17.595592,18.409143,18.07661,18.943974,19.752563,18.56307,18.554781,0.0,4.0,0.0,0.0,0.0,0.0,4.0,0.0
21667,2023.0,5.0,31.0,11.0,17.826393,17.734974,17.728836,17.654703,18.42162,18.819393,17.462435,17.255142,18.037275,17.721867,17.686495,17.528996,19.331451,19.872782,18.187012,18.066051,17.944324,17.662233,0.0,4.0,0.0,0.0,0.0,4.0,0.0,0.0
21668,2023.0,5.0,31.0,11.0,17.732851,17.64286,17.626839,17.556362,17.815998,17.698261,17.993994,18.341627,17.9924,17.81501,17.631262,17.474756,18.746738,18.563541,17.884474,17.619411,17.881826,17.725805,0.0,0.0,4.0,0.0,0.0,0.0,0.0,0.0
21669,2023.0,5.0,31.0,11.0,17.818338,17.88718,17.984552,18.304556,18.208105,18.549725,17.57958,17.486816,17.92846,17.776638,17.585917,17.430275,18.499027,18.181171,18.828144,19.458267,17.805439,17.669535,4.0,4.0,0.0,0.0,0.0,0.0,4.0,0.0
21670,2023.0,5.0,31.0,11.0,18.56409,19.314346,20.241976,22.24588,18.348236,18.749943,17.335878,17.127666,17.848038,17.699986,17.547012,17.391712,18.445982,18.124483,18.20997,18.09405,17.722662,17.59029,0.0,4.0,0.0,0.0,0.0,0.0,0.0,0.0
21671,2023.0,5.0,31.0,11.0,18.077152,18.164585,19.114895,19.75442,17.804392,17.717852,17.23775,17.03016,17.7672,17.623232,17.510784,17.357496,18.556353,18.382265,17.849968,17.608206,17.639332,17.510263,4.0,0.0,0.0,0.0,0.0,0.0,0.0,0.0
21672,2023.0,5.0,31.0,12.0,17.790735,17.75136,20.20442,21.760979,17.539747,17.33486,17.308332,17.233347,17.712435,17.56907,17.489231,17.335989,19.383528,19.9395,17.78187,17.529016,17.581226,17.452938,4.0,0.0,0.0,0.0,0.0,4.0,0.0,0.0
21673,2023.0,5.0,31.0,12.0,21.286886,24.008116,20.021545,21.30268,21.26652,23.996504,21.300848,24.289404,17.655436,17.513762,17.4684,17.316517,21.220903,23.000542,21.474726,23.955074,17.520178,17.39274,4.0,0.0,4.0,0.0,0.0,0.0,0.0,0.0
21674,2023.0,5.0,31.0,12.0,20.977793,23.032452,20.04292,21.273048,20.978342,23.034225,20.988209,23.247646,17.607475,17.467505,17.452545,17.301874,21.030458,22.374546,20.99615,22.796593,17.469465,17.34334,4.0,4.0,4.0,0.0,0.0,0.0,0.0,0.0
21675,2023.0,5.0,31.0,12.0,21.050365,22.942331,20.056398,21.260475,21.080597,23.000843,21.059864,23.099627,18.366236,18.937984,17.442667,17.29353,21.0486,22.240137,21.015417,22.58387,17.432268,17.308722,0.0,0.0,4.0,4.0,0.0,0.0,4.0,0.0
21676,2023.0,5.0,31.0,12.0,21.040567,22.770155,18.823196,18.8528,21.040546,22.729736,21.049591,22.88849,20.222002,22.003101,17.437416,17.28987,21.03463,22.108137,21.062887,22.537725,17.405127,17.284277,0.0,4.0,4.0,0.0,0.0,0.0,0.0,0.0
21677,2023.0,5.0,31.0,12.0,21.065514,22.732267,18.067884,17.871069,21.069658,22.690655,21.072823,22.820917,18.663542,18.697845,17.43347,17.28738,21.004774,21.951677,21.05217,22.38939,17.384623,17.266073,0.0,0.0,0.0,0.0,0.0,4.0,0.0,0.0
21678,2023.0,5.0,31.0,13.0,21.0576,22.63206,18.4261,18.765707,21.036358,22.516308,21.040155,22.635061,17.873028,17.624514,17.83213,18.041872,21.017353,21.907085,21.050236,22.289629,17.369047,17.25262,4.0,4.0,4.0,0.0,4.0,4.0,0.0,0.0
21679,2023.0,5.0,31.0,13.0,21.031435,22.495993,20.226305,21.909037,21.066452,22.533611,21.045212,22.573627,17.819544,17.672392,20.224562,22.168144,21.044975,21.929523,21.040724,22.215496,17.357512,17.243364,0.0,0.0,4.0,0.0,0.0,0.0,0.0,0.0
21680,2023.0,5.0,31.0,13.0,21.061916,22.533247,18.947737,19.249693,21.05948,22.466946,21.067945,22.584364,17.800512,17.665947,18.845047,19.13466,21.038858,21.868382,21.040932,22.170992,17.348537,17.236315,0.0,0.0,0.0,0.0,0.0,0.0,0.0,0.0
21681,2023.0,5.0,31.0,13.0,21.026354,22.405233,18.136318,18.127928,21.031982,22.350895,21.034786,22.451593,17.756262,17.623032,17.979856,17.85422,21.037544,21.826035,21.038969,22.131199,17.341642,17.23113,0.0,4.0,4.0,0.0,0.0,0.0,0.0,0.0
21682,2023.0,5.0,31.0,13.0,21.033043,22.392534,18.408226,18.800793,21.062529,22.402977,21.065645,22.498652,17.719896,17.588455,17.830252,17.686705,21.027777,21.79202,20.997717,21.991285,17.33648,17.227709,4.0,0.0,0.0,0.0,0.0,0.0,4.0,0.0
21683,2023.0,5.0,31.0,13.0,21.162106,22.649984,20.221651,21.944822,21.195688,22.621168,21.034727,22.384573,18.461197,19.017782,17.777374,17.634056,21.16207,22.045732,21.05456,22.100685,17.33253,17.225685,4.0,4.0,4.0,4.0,0.0,0.0,0.0,0.0
21684,2023.0,5.0,31.0,14.0,21.02545,22.329613,20.030901,21.405949,21.060827,22.347319,21.064444,22.441204,20.194103,21.884699,17.738161,17.594893,21.027956,21.760612,21.044174,22.048182,17.329115,17.22418,0.0,0.0,0.0,0.0,0.0,0.0,0.0,0.0
21685,2023.0,5.0,31.0,14.0,19.761187,19.920052,18.77958,18.896242,19.732786,19.780975,19.658552,19.721449,18.746542,18.81126,17.710096,17.56881,20.289673,20.328968,19.90267,19.826717,17.325583,17.222221,0.0,0.0,0.0,0.0,0.0,0.0,0.0,0.0
21686,2023.0,5.0,31.0,14.0,19.207335,19.162102,18.588776,18.778578,19.102018,18.889242,19.004444,18.80893,18.174635,17.944714,17.692802,17.552526,19.938986,19.793776,20.369339,20.944412,17.322062,17.220224,4.0,0.0,0.0,0.0,0.0,0.0,4.0,0.0
21687,2023.0,5.0,31.0,14.0,19.654593,20.196737,20.202192,21.74329,18.988508,18.908287,18.878653,18.816067,18.121037,17.976234,18.063105,18.265594,19.802393,19.647844,19.566135,19.380445,17.316746,17.21657,0.0,0.0,0.0,0.0,4.0,0.0,0.0,0.0
21688,2023.0,5.0,31.0,14.0,19.168152,19.249552,19.180424,19.5761,18.84707,18.800669,18.725512,18.696571,18.064932,17.936966,20.229874,21.98554,19.688189,19.536427,19.119457,18.8585,17.309046,17.210463,4.0,0.0,0.0,0.0,0.0,0.0,0.0,0.0
21689,2023.0,5.0,31.0,14.0,18.773539,18.768255,20.188898,21.606497,19.346409,19.881945,19.222332,19.779257,18.71859,19.23533,19.238495,19.76453,19.592241,19.443026,18.955069,18.69799,17.299877,17.202904,4.0,4.0,4.0,4.0,4.0,0.0,0.0,0.0
21690,2023.0,5.0,31.0,15.0,19.278444,19.859886,20.013477,21.163548,18.964361,19.07667,19.398277,20.010406,20.247805,21.810522,20.169128,21.634764,19.511007,19.36443,18.832066,18.58339,17.290384,17.195057,4.0,0.0,4.0,0.0,0.0,0.0,0.0,0.0
21691,2023.0,5.0,31.0,15.0,18.851948,18.955046,20.035295,21.144363,19.087528,19.496424,18.679811,18.674084,19.43033,19.97215,18.898216,18.960514,19.440857,19.297012,18.824118,18.678396,17.28023,17.185919,4.0,4.0,0.0,4.0,0.0,0.0,0.0,0.0
21692,2023.0,5.0,31.0,15.0,18.504026,18.508904,20.031616,21.092875,19.183195,19.63122,18.890326,19.31768,20.141176,21.41143,18.158855,17.932339,20.155506,20.711622,18.784077,18.655573,17.268618,17.17525,4.0,4.0,4.0,0.0,0.0,4.0,0.0,0.0
21693,2023.0,5.0,31.0,15.0,18.367743,18.36209,20.031542,21.06031,19.167334,19.617615,18.454723,18.433754,18.944197,18.960037,18.06752,17.918688,20.281519,20.74501,18.720043,18.59704,17.256779,17.164648,4.0,4.0,0.0,0.0,0.0,4.0,0.0,0.0
21694,2023.0,5.0,31.0,15.0,18.38376,18.48789,20.048815,21.084488,18.57904,18.539066,18.755915,19.19989,18.289371,18.08341,18.031502,17.897678,19.531351,19.31595,18.657831,18.537495,17.24394,17.15293,0.0,0.0,4.0,0.0,0.0,0.0,0.0,0.0
21695,2023.0,5.0,31.0,15.0,19.084684,19.844273,19.009165,19.06998,18.234177,18.094145,18.898138,19.364416,18.188715,18.058355,17.973476,17.844334,19.966026,20.33924,18.601885,18.485163,17.23157,17.14195,0.0,0.0,4.0,0.0,0.0,4.0,0.0,0.0
21696,2023.0,5.0,31.0,16.0,18.53709,18.66874,18.892696,19.076921,18.769102,19.1879,18.325277,18.294641,18.137484,18.018887,17.930286,17.801651,20.171066,20.634115,18.555822,18.440836,17.220589,17.132063,4.0,4.0,0.0,0.0,0.0,4.0,0.0,0.0
21697,2023.0,5.0,31.0,16.0,18.277376,18.296803,20.145536,21.384966,18.9112,19.379372,18.709755,19.143408,18.074968,17.9589,18.277344,18.491982,19.477259,19.284597,18.513239,18.40078,17.209913,17.122383,4.0,4.0,4.0,0.0,4.0,0.0,0.0,0.0
21698,2023.0,5.0,31.0,16.0,18.858204,19.473814,20.015026,21.04702,18.930693,19.394238,18.864445,19.331753,18.008673,17.894997,20.199585,21.831291,19.91192,20.296158,18.46997,18.359945,17.198744,17.11215,4.0,4.0,4.0,0.0,0.0,4.0,0.0,0.0
21699,2023.0,5.0,31.0,16.0,19.08388,19.727156,20.049484,21.08341,18.3856,18.368057,18.300142,18.28312,17.949251,17.837074,18.994177,19.230255,19.442066,19.25271,19.45702,20.260914,17.18801,17.10229,0.0,0.0,0.0,0.0,0.0,0.0,4.0,0.0
21700,2023.0,5.0,31.0,16.0,18.501532,18.609297,19.338179,19.66086,18.700254,19.132973,18.615105,19.062227,17.897999,17.787466,18.265388,18.183823,19.152342,18.885094,18.841875,18.77757,17.176653,17.091734,4.0,4.0,4.0,0.0,0.0,0.0,0.0,0.0
21701,2023.0,5.0,31.0,16.0,18.261253,18.277199,20.138332,21.238976,18.255238,18.233198,18.73132,19.20649,17.859612,17.750118,18.114914,17.992699,19.828964,20.229162,18.523499,18.317995,17.165785,17.081795,0.0,0.0,4.0,0.0,0.0,4.0,0.0,0.0
21702,2023.0,5.0,31.0,17.0,18.153715,18.168245,19.069548,19.129148,18.591784,19.023415,18.181849,18.165628,17.819117,17.712883,18.031668,17.911064,19.362011,19.175653,18.39878,18.18958,17.154049,17.07143,0.0,4.0,0.0,0.0,0.0,0.0,0.0,0.0
21703,2023.0,5.0,31.0,17.0,18.19291,18.313152,18.67106,18.625443,18.146275,18.108164,17.913908,17.778406,17.782585,17.675682,17.973013,17.84914,19.129995,18.855461,18.320938,18.10685,17.140665,17.057487,0.0,0.0,0.0,0.0,0.0,0.0,0.0,0.0
21704,2023.0,5.0,31.0,17.0,18.922592,19.71615,18.956932,19.301378,18.571396,18.998919,18.471483,18.906433,18.484564,19.031425,17.91868,17.794872,19.799782,20.192749,18.351461,18.230453,17.125708,17.042267,4.0,4.0,4.0,4.0,0.0,4.0,0.0,0.0
21705,2023.0,5.0,31.0,17.0,18.942217,19.579544,20.14283,21.403265,18.1344,18.107529,18.605003,19.066668,20.218113,21.974632,17.866766,17.742329,19.306873,19.16451,18.334768,18.226349,17.109726,17.026274,4.0,0.0,4.0,0.0,0.0,0.0,0.0,0.0
21706,2023.0,5.0,31.0,17.0,18.333498,18.430246,20.015772,21.052187,17.812662,17.664766,18.054646,18.015953,18.715,18.776718,17.811003,17.686787,18.99207,18.728115,19.32619,20.135323,17.091835,17.008423,4.0,0.0,0.0,0.0,0.0,0.0,4.0,0.0
21707,2023.0,5.0,31.0,17.0,18.032372,18.031149,20.050331,21.075142,17.699732,17.529322,18.392483,18.819267,17.953579,17.747538,18.15148,18.373367,18.887646,18.608713,18.680405,18.591867,17.072493,16.988966,0.0,0.0,4.0,0.0,4.0,0.0,0.0,0.0
21708,2023.0,5.0,31.0,18.0,18.623623,19.20764,18.984282,18.9853,18.432076,18.971987,18.561626,19.000631,17.872423,17.746347,20.208809,21.953058,19.725857,20.26932,18.262453,18.054144,17.052988,16.96966,0.0,4.0,4.0,0.0,0.0,4.0,0.0,0.0
21709,2023.0,5.0,31.0,18.0,21.282476,23.697952,18.316696,18.101955,21.28647,23.75441,21.297804,23.768759,17.829117,17.715101,18.904957,19.137566,21.165071,22.63179,21.469818,23.709312,17.032263,16.947964,0.0,4.0,0.0,0.0,0.0,0.0,0.0,0.0
21710,2023.0,5.0,31.0,18.0,21.005205,22.863218,18.231194,18.13738,21.03099,22.948633,21.001024,22.857555,17.76721,17.653734,18.500237,18.737114,21.032402,22.182112,21.012838,22.620556,18.019743,18.83446,0.0,0.0,4.0,0.0,4.0,0.0,0.0,4.0
21711,2023.0,5.0,31.0,18.0,21.04306,22.749632,18.598007,18.908113,21.06868,22.806301,21.051212,22.758924,18.47013,19.031029,20.221489,21.76334,21.0459,22.081284,21.050339,22.52041,20.26692,22.489315,4.0,0.0,4.0,4.0,0.0,0.0,0.0,0.0
21712,2023.0,5.0,31.0,18.0,21.16268,22.877426,20.202929,21.701225,21.159302,22.835518,21.162142,22.863924,20.219189,21.90628,18.984264,19.152803,21.260279,22.421247,21.221703,22.741007,18.335642,18.388157,0.0,0.0,0.0,0.0,0.0,4.0,0.0,0.0
21713,2023.0,5.0,31.0,18.0,21.056614,22.56087,19.04961,19.28964,21.048977,22.526793,21.062304,22.557808,18.665127,18.64002,18.255121,18.15046,21.048653,21.946268,21.04374,22.293167,17.448124,17.235558,0.0,0.0,0.0,0.0,0.0,0.0,0.0,0.0
21714,2023.0,5.0,31.0,19.0,21.053568,22.478254,18.797281,19.169748,21.047379,22.459242,21.033392,22.40405,17.875973,17.599546,18.047178,17.903084,21.040127,21.877998,21.04113,22.226465,17.382524,17.280993,4.0,0.0,4.0,0.0,0.0,0.0,0.0,0.0
21715,2023.0,5.0,31.0,19.0,21.224026,22.783092,20.207243,21.628912,21.21832,22.750353,21.229906,22.74336,17.840343,17.703259,17.933456,17.791431,21.159523,22.076872,21.448362,22.967289,18.307428,19.077759,0.0,0.0,4.0,0.0,0.0,0.0,4.0,4.0
21716,2023.0,5.0,31.0,19.0,21.044168,22.387785,18.85389,18.846045,21.047503,22.363565,21.039845,22.316662,17.804077,17.681843,17.83561,17.69461,21.031013,21.807552,21.059532,22.16039,20.240828,22.225298,0.0,0.0,4.0,0.0,0.0,0.0,0.0,0.0
21717,2023.0,5.0,31.0,19.0,21.044563,22.363504,18.679455,18.961163,21.0475,22.331787,21.040083,22.285099,17.731169,17.610144,17.74973,17.609413,21.03257,21.802881,21.050734,22.105387,18.39895,18.369154,4.0,0.0,4.0,0.0,0.0,0.0,0.0,0.0
21718,2023.0,5.0,31.0,19.0,21.200487,22.654762,20.19678,21.623028,21.258358,22.70732,21.209383,22.596376,17.663513,17.542912,17.668694,17.52706,21.318771,22.349812,21.213314,22.398643,17.548677,17.298454,0.0,4.0,4.0,0.0,0.0,4.0,0.0,0.0
21719,2023.0,5.0,31.0,19.0,21.042847,22.316648,19.376442,19.8545,21.025953,22.219782,21.038994,22.227448,17.602087,17.481705,17.596548,17.455856,21.048416,21.799517,21.039633,22.042068,17.478971,17.356522,4.0,4.0,4.0,0.0,0.0,0.0,0.0,0.0
21720,2023.0,5.0,31.0,20.0,21.269812,22.755575,20.180492,21.461136,21.039577,22.208174,21.06467,22.279274,17.54512,17.42395,17.528872,17.386671,21.182241,22.046593,21.041466,22.040403,17.428118,17.317223,0.0,4.0,0.0,0.0,0.0,0.0,0.0,0.0
21721,2023.0,5.0,31.0,20.0,21.04205,22.279856,18.84846,18.766605,21.062767,22.244303,21.033968,22.174784,18.253588,18.807886,17.84347,18.031744,21.042553,21.746017,21.041246,22.03413,18.322119,19.08411,0.0,0.0,4.0,4.0,4.0,0.0,0.0,4.0
21722,2023.0,5.0,31.0,20.0,21.042248,22.268679,18.707987,18.95695,21.057283,22.201897,21.064642,22.238342,20.24008,22.100317,20.351595,22.208378,21.00074,21.65577,21.041197,22.028343,20.360071,22.440264,4.0,0.0,0.0,0.0,0.0,4.0,0.0,0.0
21723,2023.0,5.0,31.0,20.0,21.200546,22.573046,20.170135,21.50561,21.172346,22.403833,21.170584,22.427805,19.032467,19.415543,19.072466,19.512564,21.204433,22.05402,21.240747,22.421568,19.067522,19.594913,4.0,0.0,0.0,4.0,4.0,4.0,0.0,4.0
21724,2023.0,5.0,31.0,20.0,21.205975,22.567226,20.186832,21.406424,21.20668,22.473778,21.176554,22.41474,20.29778,21.85165,20.2468,21.823893,21.14197,21.936556,21.245022,22.418678,20.273727,21.995237,4.0,0.0,0.0,0.0,0.0,0.0,0.0,0.0
21725,2023.0,5.0,31.0,20.0,21.0139,22.148455,20.056334,21.067873,21.043837,22.143093,21.04305,22.15485,18.625937,18.465746,18.885118,19.002436,21.012497,21.643383,21.040504,21.999374,18.501493,18.365673,0.0,0.0,0.0,0.0,0.0,4.0,0.0,0.0
21726,2023.0,5.0,31.0,21.0,21.019676,22.158485,19.160978,19.264519,21.043861,22.140985,21.045317,22.163391,17.822762,17.467104,18.122902,17.993412,21.048737,21.730875,21.040737,21.996025,17.67694,17.356762,4.0,0.0,0.0,0.0,0.0,0.0,0.0,0.0
21727,2023.0,5.0,31.0,21.0,21.253468,22.598177,20.180864,21.369156,21.31819,22.66613,21.236067,22.546232,17.807043,17.643787,17.90924,17.750576,21.161028,21.943148,21.28528,22.480362,17.62884,17.48607,0.0,4.0,0.0,0.0,0.0,0.0,0.0,0.0
21728,2023.0,5.0,31.0,21.0,21.030426,22.12617,18.869614,18.719576,21.048067,22.139301,21.019264,22.087513,17.776558,17.637243,17.771837,17.61244,21.042995,21.691824,21.039879,21.977503,17.573742,17.4498,0.0,0.0,4.0,0.0,0.0,0.0,0.0,0.0
21729,2023.0,5.0,31.0,21.0,21.030626,22.11298,18.330694,18.171946,21.057562,22.124716,21.02531,22.105703,17.687439,17.54908,18.067839,18.26598,21.029966,21.682394,21.040121,21.974424,17.474852,17.352024,0.0,0.0,4.0,0.0,4.0,0.0,0.0,0.0
21730,2023.0,5.0,31.0,21.0,21.03089,22.10139,18.641964,18.870703,21.030857,22.025652,21.065052,22.178787,17.611315,17.477377,20.314865,22.00634,21.001448,21.615858,21.040062,21.969656,17.39234,17.274273,4.0,4.0,0.0,0.0,4.0,4.0,0.0,0.0
21731,2023.0,5.0,31.0,21.0,21.204248,22.456558,20.200472,21.600042,21.201603,22.371725,21.196724,22.416098,17.538769,17.401718,20.033054,21.326662,21.157457,21.934175,21.28508,22.454542,18.297657,19.056677,0.0,0.0,0.0,0.0,0.0,0.0,0.0,4.0
21732,2023.0,5.0,31.0,22.0,21.02455,22.05627,19.048365,19.205963,21.055021,22.05675,21.057451,22.110231,17.475157,17.337223,18.560379,18.339525,21.042685,21.684893,21.039246,21.950918,20.205723,22.10093,0.0,0.0,0.0,0.0,0.0,0.0,0.0,4.0
21733,2023.0,5.0,31.0,22.0,21.030441,22.060883,18.794333,19.08868,21.012579,21.968735,21.040792,22.089754,17.418232,17.278646,17.989212,17.80188,21.01128,21.591185,20.997635,21.83766,20.032402,21.541817,4.0,4.0,0.0,0.0,0.0,4.0,4.0,0.0
21734,2023.0,5.0,31.0,22.0,21.186535,22.386658,20.210093,21.562061,21.183716,22.313145,21.210764,22.434591,17.372131,17.235136,17.88336,17.7087,21.144896,21.875076,21.330647,22.485441,18.38528,18.20267,0.0,0.0,0.0,0.0,0.0,0.0,4.0,0.0
21735,2023.0,5.0,31.0,22.0,21.05089,22.099543,18.785904,18.64442,21.028522,21.96263,21.042915,22.096859,17.32925,17.192858,17.768538,17.602003,21.042202,21.656616,21.05664,21.946238,17.605776,17.260592,0.0,4.0,0.0,0.0,0.0,0.0,0.0,0.0
21736,2023.0,5.0,31.0,22.0,21.101593,22.184862,18.211054,18.045734,21.108866,22.139482,21.086496,22.184002,17.289051,17.151615,17.659071,17.489563,21.083801,21.727564,21.099655,22.00996,17.387163,17.036182,0.0,0.0,0.0,0.0,0.0,0.0,0.0,0.0
21737,2023.0,5.0,31.0,22.0,21.028858,22.05783,18.565996,18.819418,21.045736,21.991512,21.036472,22.083084,17.255398,17.119576,17.575613,17.41637,21.023682,21.62542,21.042425,21.880604,17.461382,17.325762,4.0,0.0,0.0,0.0,0.0,0.0,0.0,0.0
21738,2023.0,5.0,31.0,23.0,21.21846,22.449297,20.193968,21.634905,21.186615,22.26344,21.210922,22.433498,17.223597,17.08897,17.494492,17.335157,21.175478,21.941622,21.22613,22.236185,17.438845,17.318132,4.0,0.0,0.0,0.0,0.0,0.0,0.0,0.0
21739,2023.0,5.0,31.0,23.0,20.098604,20.28747,18.719488,18.609413,20.080692,20.146013,19.989061,20.07047,17.195036,17.061525,17.424023,17.267132,20.254097,20.162996,20.943295,21.645306,18.0707,18.568012,0.0,0.0,0.0,0.0,0.0,0.0,4.0,4.0
21740,2023.0,5.0,31.0,23.0,19.653803,19.67684,18.01783,17.551529,19.573286,19.421928,19.45784,19.321156,17.729471,18.083086,17.372553,17.215488,19.936537,19.74679,19.77229,19.442678,17.595394,17.525257,0.0,0.0,0.0,4.0,0.0,0.0,0.0,0.0
21741,2023.0,5.0,31.0,23.0,19.44079,19.443808,17.781733,17.281664,19.331575,19.149185,19.212292,19.047365,18.00051,18.44315,17.320772,17.161861,19.786535,19.592812,19.283197,18.831617,17.197351,16.886189,0.0,0.0,0.0,4.0,0.0,0.0,0.0,0.0
21742,2023.0,5.0,31.0,23.0,19.299086,19.312859,18.366177,18.545046,19.175316,19.004124,19.052246,18.89949,17.26571,16.959408,17.276644,17.120691,19.673742,19.490519,19.077183,18.645481,17.06829,16.749958,4.0,0.0,0.0,0.0,0.0,0.0,0.0,0.0
21743,2023.0,5.0,31.0,23.0,19.169111,19.181347,18.135942,18.07336,19.030617,18.857864,18.90496,18.750927,17.019358,16.6662,17.231308,17.074844,19.567684,19.386265,18.899263,18.474134,17.167416,17.039696,0.0,0.0,0.0,0.0,0.0,0.0,0.0,0.0
21744,2023.0,6.0,1.0,0.0,19.057173,19.069824,17.939323,17.793438,18.905859,18.733889,18.778282,18.62518,16.9394,16.589657,17.189045,17.03246,19.470675,19.28584,18.994389,18.82044,17.15349,17.031424,0.0,0.0,0.0,0.0,0.0,0.0,0.0,0.0
21745,2023.0,6.0,1.0,0.0,18.963709,18.977036,17.85444,17.702414,18.801548,18.63064,18.672585,18.520561,17.085632,16.95111,17.149174,16.992672,19.385967,19.201708,18.936071,18.777107,17.113974,16.991875,0.0,0.0,0.0,0.0,0.0,0.0,0.0,0.0
21746,2023.0,6.0,1.0,0.0,18.899254,18.909452,17.809414,17.651152,18.729471,18.55606,18.599386,18.444853,17.66684,18.040007,17.40521,17.504227,19.311863,19.130802,18.853857,18.702728,17.07656,16.95558,0.0,0.0,0.0,4.0,4.0,0.0,0.0,0.0
21747,2023.0,6.0,1.0,0.0,18.839962,18.843681,17.771353,17.604805,18.663101,18.483528,18.531971,18.371138,17.27519,17.159496,17.197794,17.053343,19.240911,19.059526,18.766603,18.61164,17.038935,16.917463,0.0,0.0,0.0,0.0,0.0,0.0,0.0,0.0
21748,2023.0,6.0,1.0,0.0,18.783583,18.781382,17.73498,17.561794,18.59977,18.414753,18.467735,18.30122,16.945427,16.611378,17.096083,16.938824,19.174503,18.991617,18.68546,18.528772,17.002546,16.879948,0.0,0.0,0.0,0.0,0.0,0.0,0.0,0.0
21749,2023.0,6.0,1.0,0.0,18.7347,18.732534,17.703272,17.528666,18.545023,18.361135,18.412195,18.24666,16.83668,16.492163,17.056322,16.9009,19.84581,20.315338,18.614944,18.461067,16.969969,16.848337,0.0,0.0,0.0,0.0,0.0,4.0,0.0,0.0
21750,2023.0,6.0,1.0,1.0,18.686302,18.683178,18.118294,18.330591,18.491238,18.307194,18.357462,18.191647,17.569885,17.956844,17.017744,16.86267,19.068855,18.699362,18.547873,18.394943,16.938139,16.816618,4.0,0.0,0.0,4.0,0.0,0.0,0.0,0.0
21751,2023.0,6.0,1.0,1.0,18.639046,18.63426,17.872652,17.795723,18.439005,18.254034,18.30412,18.137278,17.22427,17.126995,16.981428,16.825647,18.785992,18.332233,18.48412,18.330706,16.907015,16.78488,0.0,0.0,0.0,0.0,0.0,0.0,0.0,0.0
21752,2023.0,6.0,1.0,1.0,18.592733,18.58516,17.699093,17.52235,18.38759,18.200594,18.25169,18.082611,16.873453,16.536781,16.946344,16.788969,18.685467,18.231342,18.423304,18.268162,16.876488,16.75307,0.0,0.0,0.0,0.0,0.0,0.0,0.0,0.0
21753,2023.0,6.0,1.0,1.0,18.551903,18.545465,18.117039,18.347889,18.342289,18.157576,18.205679,18.03868,16.763142,16.414381,16.91536,16.758883,18.85682,18.660583,18.369514,18.21597,16.84887,16.725943,4.0,0.0,0.0,0.0,0.0,0.0,0.0,0.0
21754,2023.0,6.0,1.0,1.0,18.511383,18.505152,17.57847,17.236341,18.29769,18.114103,18.16048,17.994337,16.890408,16.738688,16.884932,16.728548,18.865278,18.684324,18.317936,18.16492,16.821732,16.698751,0.0,0.0,0.0,0.0,0.0,0.0,0.0,0.0
21755,2023.0,6.0,1.0,1.0,18.469305,18.460392,17.284,16.788944,18.251255,18.065018,18.113373,17.94427,16.909678,16.771597,16.853565,16.694994,18.827414,18.645,18.266514,18.111305,16.793964,16.669397,0.0,0.0,0.0,0.0,0.0,0.0,0.0,0.0
21756,2023.0,6.0,1.0,2.0,18.434319,18.42824,17.433226,17.182838,18.213623,18.031733,18.075193,17.910294,16.889494,16.752445,16.827131,16.670568,18.793007,18.612753,18.22241,18.06984,17.49236,18.005852,0.0,0.0,0.0,0.0,0.0,0.0,0.0,4.0
21757,2023.0,6.0,1.0,2.0,18.398083,18.392128,17.488031,17.29834,18.1744,17.993494,18.035482,17.871294,16.86726,16.73025,16.79938,16.642935,18.75696,18.576939,18.178202,18.025856,17.010921,16.929733,0.0,0.0,0.0,0.0,0.0,0.0,0.0,0.0
21758,2023.0,6.0,1.0,2.0,18.363663,18.358152,17.471989,17.2903,18.137112,17.95746,17.997965,17.834679,17.423004,17.793758,16.772566,16.616451,18.722258,18.542671,18.136318,17.984465,17.380295,17.699114,0.0,0.0,0.0,4.0,0.0,0.0,0.0,4.0
21759,2023.0,6.0,1.0,2.0,18.33026,18.324713,17.446735,17.266312,18.100924,17.922157,17.961708,17.79893,17.034498,16.923285,16.746212,16.590202,18.68836,18.50895,18.095913,17.944246,17.559212,17.922026,0.0,0.0,0.0,0.0,0.0,0.0,0.0,4.0
21760,2023.0,6.0,1.0,2.0,18.299065,18.294163,17.42115,17.24212,18.066866,17.88977,17.927866,17.76631,17.477312,17.840948,16.721083,16.56578,18.656221,18.47769,18.057869,17.907187,16.887943,16.604836,0.0,0.0,0.0,4.0,0.0,0.0,0.0,0.0
21761,2023.0,6.0,1.0,2.0,18.268473,18.263655,17.395344,17.21713,18.033392,17.85737,17.894691,17.733776,16.887339,16.58526,16.696125,16.541151,18.624582,18.446474,18.020683,17.870462,17.410843,17.744509,0.0,0.0,0.0,0.0,0.0,0.0,0.0,4.0
21762,2023.0,6.0,1.0,3.0,18.23884,18.234016,17.369944,17.192467,18.000908,17.825909,17.862377,17.70216,16.658684,16.3051,16.671663,16.517017,18.593807,18.416119,17.984715,17.83495,16.858662,16.577305,0.0,0.0,0.0,0.0,0.0,0.0,0.0,0.0
21763,2023.0,6.0,1.0,3.0,18.206713,18.199001,17.341484,17.161247,17.965689,17.788025,17.827282,17.664099,16.578596,16.221756,16.64505,16.488142,18.561256,18.381443,17.947327,17.795513,16.635468,16.305325,0.0,0.0,0.0,0.0,0.0,0.0,0.0,0.0
21764,2023.0,6.0,1.0,3.0,18.179129,18.172949,17.318192,17.140186,17.936508,17.761612,17.798018,17.637455,17.333216,17.724508,16.622183,16.46666,18.532774,18.354454,17.914358,17.764187,16.558767,16.23672,0.0,0.0,0.0,4.0,0.0,0.0,0.0,0.0
21765,2023.0,6.0,1.0,3.0,18.151318,18.14599,17.292496,17.113918,17.904982,17.729822,17.766117,17.60524,16.984228,16.889578,16.59753,16.441368,18.502821,18.323984,17.880133,17.729542,16.673347,16.536621,0.0,0.0,0.0,0.0,0.0,0.0,0.0,0.0
21766,2023.0,6.0,1.0,3.0,18.135824,18.142328,17.266054,17.085733,17.872784,17.696106,17.733347,17.570929,16.63068,16.288368,16.572178,16.414507,18.472418,18.292181,17.845667,17.693758,16.678791,16.551708,0.0,0.0,0.0,0.0,0.0,0.0,0.0,0.0
21767,2023.0,6.0,1.0,3.0,18.11311,18.120247,17.242413,17.062826,17.843893,17.668432,17.703926,17.542732,16.519623,16.165472,16.549013,16.391861,18.444494,18.26494,17.813961,17.662884,17.382772,17.901566,0.0,0.0,0.0,0.0,0.0,0.0,0.0,4.0
21768,2023.0,6.0,1.0,4.0,18.087526,18.093967,17.218042,17.038235,17.814453,17.63911,17.674114,17.512938,16.643686,16.484049,16.525257,16.367878,18.416182,18.236567,17.782043,17.631039,16.709574,16.448341,0.0,0.0,0.0,0.0,0.0,0.0,0.0,0.0
21769,2023.0,6.0,1.0,4.0,18.059778,18.063751,17.191542,17.009184,17.782932,17.605124,17.642408,17.478544,16.667828,16.526539,16.499899,16.34055,18.386475,18.205074,17.748846,17.596134,16.465485,16.13577,0.0,0.0,0.0,0.0,0.0,0.0,0.0,0.0
21770,2023.0,6.0,1.0,4.0,18.035908,18.041,17.17052,16.990622,17.757309,17.582294,17.616573,17.455418,16.647776,16.50779,16.478653,16.321093,18.36083,18.181244,17.719875,17.569033,17.348446,17.892788,0.0,0.0,0.0,0.0,0.0,0.0,0.0,4.0
21771,2023.0,6.0,1.0,4.0,18.707321,19.320284,17.147223,16.967375,17.729412,17.554638,17.58837,17.42737,16.62523,16.485222,16.45572,16.298141,18.333733,18.154217,18.683994,19.41066,16.69429,16.440424,0.0,0.0,0.0,0.0,0.0,0.0,4.0,0.0
21772,2023.0,6.0,1.0,4.0,18.284636,18.383682,17.124247,16.944462,17.702206,17.527586,17.560833,17.399918,16.602465,16.462511,16.43311,16.27557,18.307186,18.127813,17.82759,17.552694,16.441141,16.115992,0.0,0.0,0.0,0.0,0.0,0.0,0.0,0.0
21773,2023.0,6.0,1.0,4.0,17.823639,17.563864,17.562698,17.784107,18.382362,18.827736,17.533195,17.372076,16.580248,16.440065,16.410578,16.252806,18.280981,18.101461,17.525917,17.154512,17.10371,17.434853,4.0,4.0,0.0,0.0,0.0,0.0,0.0,4.0
21774,2023.0,6.0,1.0,5.0,17.6725,17.37359,17.309814,17.222223,17.969814,17.909483,17.505865,17.3446,16.558485,16.418169,16.388712,16.23076,18.255453,18.075869,17.43457,17.06413,16.561926,16.267208,0.0,0.0,0.0,0.0,0.0,0.0,0.0,0.0
21775,2023.0,6.0,1.0,5.0,17.871578,17.846199,17.152157,16.976572,17.474281,17.018076,17.47877,17.317108,16.536816,16.396273,16.367582,16.209385,18.230413,18.050644,17.579853,17.429016,16.36896,16.040758,0.0,0.0,0.0,0.0,0.0,0.0,0.0,0.0
21776,2023.0,6.0,1.0,5.0,18.650333,19.31447,17.107029,16.926786,17.337751,16.868488,17.45326,17.292683,16.516342,16.376532,16.347963,16.190573,18.206772,18.027912,17.581612,17.431232,16.300114,15.977266,0.0,0.0,0.0,0.0,0.0,0.0,0.0,0.0
21777,2023.0,6.0,1.0,5.0,17.94663,17.795307,17.073486,16.893064,17.492483,17.254595,17.427153,17.267092,16.496027,16.356497,16.328123,16.171082,18.182873,18.004423,17.555483,17.405527,16.420359,16.280052,0.0,0.0,0.0,0.0,0.0,0.0,0.0,0.0
21778,2023.0,6.0,1.0,5.0,17.648233,17.350048,17.044323,16.86378,17.546667,17.364807,17.400904,17.241117,17.047201,17.407652,16.308407,16.151524,18.159214,17.980959,17.528189,17.378462,17.158752,17.667616,0.0,0.0,0.0,4.0,0.0,0.0,0.0,4.0
21779,2023.0,6.0,1.0,5.0,17.553217,17.251059,17.017414,16.837072,18.244682,18.69318,17.37515,17.215647,17.304668,17.746864,16.289331,16.13269,18.13611,17.958162,17.500668,17.351307,16.690887,16.619215,0.0,4.0,0.0,4.0,0.0,0.0,0.0,0.0
21780,2023.0,6.0,1.0,6.0,17.73814,17.693254,16.99199,16.8118,17.842426,17.791761,17.349928,17.190557,16.58431,16.285145,16.559826,16.65342,18.113699,17.93607,17.47411,17.325098,16.355476,16.058249,0.0,0.0,0.0,0.0,4.0,0.0,0.0,0.0
21781,2023.0,6.0,1.0,6.0,21.278158,23.962744,16.969336,16.79095,21.238556,23.812273,21.242706,24.084278,16.342936,15.985198,20.271341,23.0309,21.268051,23.368383,21.517132,24.267376,16.237421,15.91889,0.0,0.0,0.0,0.0,4.0,0.0,0.0,0.0
21782,2023.0,6.0,1.0,6.0,21.006718,23.027811,16.94772,16.770071,21.02425,22.97172,21.006691,23.164015,16.259079,15.905807,20.006992,22.086737,21.015028,22.69352,20.99966,23.009464,17.184414,17.799023,0.0,0.0,0.0,0.0,0.0,0.0,0.0,4.0
21783,2023.0,6.0,1.0,6.0,21.05977,22.891335,16.928942,16.751778,21.061005,22.813648,21.067404,23.00293,17.029388,17.437828,18.579584,19.028313,21.02526,22.486805,21.027178,22.786272,20.322552,22.974655,0.0,0.0,0.0,4.0,4.0,4.0,4.0,4.0
21784,2023.0,6.0,1.0,6.0,21.051775,22.714727,16.911465,16.734743,21.054707,22.643818,21.034016,22.728514,20.38611,23.10247,20.269085,22.31224,21.0232,22.34125,21.07644,22.716146,20.134296,22.22391,0.0,0.0,4.0,0.0,0.0,4.0,0.0,4.0
21785,2023.0,6.0,1.0,6.0,21.024855,22.529293,16.896198,16.719423,21.029287,22.462852,21.06228,22.676638,17.983671,17.954748,18.602037,18.809774,21.036093,22.235409,21.026646,22.445486,20.079617,21.877195,0.0,4.0,0.0,0.0,0.0,4.0,4.0,0.0
21786,2023.0,6.0,1.0,7.0,21.028809,22.462423,17.335073,17.552141,21.057629,22.463318,21.072031,22.565535,17.444962,17.597769,17.622202,17.483025,21.032356,22.132547,21.072056,22.463768,18.183237,18.029415,4.0,0.0,0.0,4.0,0.0,4.0,0.0,0.0
21787,2023.0,6.0,1.0,7.0,21.166555,22.672342,20.29738,22.617643,21.160849,22.575172,21.159119,22.645012,20.389425,22.591845,17.762442,17.93844,21.156506,22.308855,21.185751,22.609299,17.280033,16.918732,0.0,0.0,0.0,4.0,4.0,4.0,0.0,0.0
21788,2023.0,6.0,1.0,7.0,21.033516,22.314981,18.53664,18.791073,21.039177,22.240192,21.050959,22.388813,20.033442,21.714008,20.298437,22.31412,21.058836,22.072136,21.0218,22.186743,17.237719,17.080137,0.0,4.0,0.0,0.0,4.0,0.0,4.0,0.0
21789,2023.0,6.0,1.0,7.0,21.065325,22.350555,17.961641,18.214996,21.0687,22.271706,21.052227,22.358992,18.239264,18.065958,20.038382,21.577206,21.023115,21.930628,21.068098,22.265955,17.184586,17.04734,4.0,0.0,0.0,0.0,0.0,4.0,0.0,0.0
21790,2023.0,6.0,1.0,7.0,21.058336,22.294783,20.268614,22.24094,21.036716,22.147331,21.051218,22.329819,17.341957,16.948395,18.365608,18.187471,21.027403,21.905388,21.019041,22.100971,18.081167,18.836756,0.0,4.0,0.0,0.0,0.0,4.0,4.0,4.0
21791,2023.0,6.0,1.0,7.0,21.031366,22.188217,19.047682,19.556374,21.041534,22.129135,21.050583,22.305372,17.317795,17.135757,17.787163,17.647535,21.026037,21.87541,21.066479,22.197498,20.280222,22.449469,4.0,4.0,0.0,0.0,4.0,4.0,0.0,0.0
21792,2023.0,6.0,1.0,8.0,21.063084,22.251616,20.238913,21.888933,21.040201,22.105177,21.049839,22.28362,18.077154,18.62975,20.338686,22.10768,21.055342,21.928709,21.017193,22.042189,18.176172,18.053312,4.0,4.0,0.0,4.0,0.0,0.0,4.0,0.0
21793,2023.0,6.0,1.0,8.0,19.658714,19.53394,20.040056,21.334959,19.609062,19.374187,20.320826,20.836708,20.282633,22.30868,18.476915,18.348251,19.788065,19.463009,19.585981,19.318476,17.246073,16.92119,0.0,0.0,4.0,0.0,0.0,0.0,0.0,0.0
21794,2023.0,6.0,1.0,8.0,19.553288,19.821196,18.58114,18.421888,18.756138,18.267735,19.936316,20.383682,18.34175,18.24949,17.706161,17.512234,19.154825,18.683115,18.846777,18.43468,17.207594,17.047815,0.0,0.0,4.0,0.0,0.0,0.0,0.0,0.0
21795,2023.0,6.0,1.0,8.0,18.962633,18.747997,18.268068,18.107372,18.498804,17.98012,18.99631,18.675829,17.606403,17.202833,17.606165,17.424234,18.968307,18.486115,18.610739,18.185844,18.110405,18.805899,4.0,0.0,0.0,0.0,0.0,0.0,0.0,4.0
21796,2023.0,6.0,1.0,8.0,18.630898,18.316065,20.213453,21.665823,18.563082,18.28924,19.115253,19.134508,17.59772,17.395449,17.507475,17.326614,19.851137,20.311604,18.44553,18.031055,20.279867,22.462973,4.0,0.0,4.0,0.0,0.0,4.0,0.0,0.0
21797,2023.0,6.0,1.0,8.0,18.424826,18.10791,20.036938,21.187504,19.204155,19.58347,19.181608,19.305,17.53813,17.37205,17.40315,17.224737,19.88832,20.137882,18.488739,18.288048,18.241943,18.173851,0.0,4.0,4.0,0.0,0.0,4.0,0.0,0.0
21798,2023.0,6.0,1.0,9.0,19.253096,19.83321,18.676725,18.496437,19.433064,19.897636,19.11332,19.254625,17.430943,17.27178,17.316109,17.14157,19.115463,18.748596,18.458923,18.291267,17.30006,16.984324,0.0,4.0,4.0,0.0,0.0,0.0,0.0,0.0
21799,2023.0,6.0,1.0,9.0,18.619274,18.49285,18.2633,18.020233,18.603306,18.313875,18.438257,18.051445,17.352585,17.194696,17.257692,17.083506,19.56297,19.769512,18.387989,18.22604,17.283928,17.12026,0.0,0.0,0.0,0.0,0.0,4.0,0.0,0.0
21800,2023.0,6.0,1.0,9.0,18.974415,19.314337,18.586185,18.782013,18.809628,18.872671,18.131775,17.666296,17.284506,17.129845,17.205147,17.033426,18.992476,18.620962,18.316694,18.15852,17.245928,17.10752,4.0,4.0,0.0,0.0,0.0,0.0,0.0,0.0
21801,2023.0,6.0,1.0,9.0,18.46769,18.3259,20.19525,21.632614,18.296307,17.92499,17.989147,17.535889,17.227266,17.075691,17.55093,17.724873,18.732437,18.286203,18.254251,18.099771,17.180761,17.046854,4.0,0.0,0.0,0.0,4.0,0.0,0.0,0.0
21802,2023.0,6.0,1.0,9.0,18.111835,17.859627,20.03981,21.189045,17.969954,17.523184,18.06384,17.83136,17.168596,17.019716,20.368479,22.408482,19.363136,19.590538,18.18892,18.037512,17.109629,16.978214,0.0,0.0,0.0,0.0,0.0,4.0,0.0,0.0
21803,2023.0,6.0,1.0,9.0,18.682714,19.036743,19.037704,19.151558,18.437996,18.517067,18.07872,17.909058,17.11838,16.971745,18.696238,18.944244,19.611101,19.886507,18.129904,17.980272,17.04701,16.916983,4.0,4.0,0.0,0.0,0.0,4.0,0.0,0.0
21804,2023.0,6.0,1.0,10.0,18.852938,19.263554,20.191479,21.38394,18.640095,18.839996,18.71052,19.147516,17.083313,16.936886,17.9483,17.770548,18.954935,18.628122,18.085648,17.9366,17.00351,16.873358,0.0,4.0,4.0,0.0,0.0,0.0,0.0,0.0
21805,2023.0,6.0,1.0,10.0,18.892212,19.30755,19.164572,19.283558,18.69198,18.910614,18.97279,19.47204,17.052568,16.910402,17.7476,17.561413,18.625916,18.213839,18.044432,17.899405,16.962801,16.836296,4.0,4.0,4.0,0.0,0.0,0.0,0.0,0.0
21806,2023.0,6.0,1.0,10.0,18.303188,18.191631,20.175486,21.271564,18.124939,17.849226,18.767786,19.026876,17.034008,16.894735,18.043932,18.201004,19.298534,19.5588,18.015253,17.873243,17.868925,18.571037,0.0,0.0,4.0,0.0,4.0,4.0,0.0,4.0
21807,2023.0,6.0,1.0,10.0,18.681469,19.091251,18.89376,18.734175,18.445341,18.630022,18.116394,17.870707,17.754507,18.268692,20.275574,21.987564,19.583452,19.903791,17.986631,17.84787,20.331993,22.645048,0.0,4.0,0.0,4.0,0.0,4.0,0.0,0.0
21808,2023.0,6.0,1.0,10.0,18.887611,19.338346,18.779827,18.983625,18.65424,18.912167,17.770689,17.420359,20.298996,22.534605,18.845646,19.048876,18.95927,18.67919,17.962738,17.826328,18.964966,19.577452,4.0,4.0,0.0,0.0,0.0,0.0,0.0,4.0
21809,2023.0,6.0,1.0,10.0,18.311285,18.238544,20.15971,21.406572,18.103178,17.868498,17.65046,17.298178,18.359226,18.387695,18.0131,17.873169,18.646719,18.271208,17.943892,17.8094,20.208984,22.007608,4.0,0.0,0.0,0.0,0.0,0.0,0.0,4.0
21810,2023.0,6.0,1.0,11.0,17.991142,17.823746,20.018816,21.019032,17.780615,17.443932,17.580793,17.241459,18.126305,18.461836,17.817707,17.645998,19.33527,19.64675,17.928164,17.795218,20.03987,21.515732,4.0,0.0,0.0,4.0,0.0,4.0,0.0,0.0
21811,2023.0,6.0,1.0,11.0,17.899628,17.74054,20.054878,21.038607,17.677555,17.341639,18.395409,18.85121,20.224554,22.081057,17.731726,17.557775,19.623335,19.987791,17.913939,17.781086,18.528685,18.47056,0.0,0.0,4.0,4.0,0.0,4.0,0.0,0.0
21812,2023.0,6.0,1.0,11.0,18.563452,19.041126,19.22048,19.366205,18.494637,18.96284,18.759777,19.30053,20.03538,21.485405,17.670828,17.49747,18.99841,18.747435,17.900898,17.767595,17.761503,17.47838,4.0,4.0,4.0,0.0,0.0,0.0,0.0,0.0
21813,2023.0,6.0,1.0,11.0,18.18379,18.150042,20.166904,21.328909,18.634827,18.970072,18.623129,18.95916,18.588655,18.533846,17.62331,17.450233,19.435446,19.742155,17.890465,17.757015,17.53789,17.242767,0.0,4.0,4.0,0.0,0.0,4.0,0.0,0.0
21814,2023.0,6.0,1.0,11.0,17.892729,17.767967,18.951647,18.878918,18.608019,18.927101,18.011566,17.845234,18.504673,18.79955,17.585527,17.413767,19.709581,20.087297,17.88199,17.748508,17.536854,17.3733,0.0,4.0,0.0,4.0,0.0,4.0,0.0,0.0
21815,2023.0,6.0,1.0,11.0,17.822214,17.6919,18.551981,18.375067,18.065277,17.902504,18.388903,18.66626,20.179182,21.73152,17.562843,17.391579,19.776945,20.159721,17.87588,17.742594,17.515003,17.372723,0.0,0.0,4.0,4.0,0.0,4.0,0.0,0.0
21816,2023.0,6.0,1.0,12.0,18.692175,19.394287,18.84861,19.105091,18.403294,18.702732,18.000763,17.835978,20.035732,21.293722,17.538929,17.369747,19.068209,18.773733,17.868605,17.735931,17.45734,17.319654,4.0,4.0,0.0,0.0,0.0,0.0,0.0,0.0
21817,2023.0,6.0,1.0,12.0,21.260391,23.639952,20.152592,21.389011,21.282608,23.610008,21.233082,23.694838,19.314827,19.750076,17.51632,17.348047,21.240534,22.718546,21.484177,24.022839,17.400654,17.264154,4.0,4.0,0.0,4.0,0.0,0.0,0.0,0.0
21818,2023.0,6.0,1.0,12.0,21.00758,22.83911,20.016739,21.010036,21.027706,22.822338,20.995539,22.840244,20.157892,21.44897,17.497868,17.330652,21.020796,22.167845,21.002151,22.83572,17.352285,17.217365,4.0,0.0,4.0,0.0,0.0,0.0,0.0,0.0
21819,2023.0,6.0,1.0,12.0,21.042442,22.711996,20.05195,21.026585,21.043085,22.629858,21.051012,22.7273,18.840889,18.772367,17.484581,17.319479,21.046633,22.081514,21.016363,22.603676,17.314991,17.183025,0.0,4.0,4.0,0.0,0.0,0.0,4.0,0.0
21820,2023.0,6.0,1.0,12.0,21.036127,22.566195,18.955633,18.873592,21.065449,22.557734,21.04252,22.565199,18.124205,17.826887,17.475086,17.312382,21.001724,21.89552,21.063833,22.551422,17.285738,17.156591,0.0,0.0,4.0,0.0,0.0,4.0,0.0,0.0
21821,2023.0,6.0,1.0,12.0,21.059965,22.539034,18.720898,18.806744,21.029404,22.366112,21.064726,22.528484,18.060616,17.898602,17.467068,17.306044,21.04719,21.93391,21.048853,22.39165,17.26261,17.135483,4.0,4.0,0.0,0.0,0.0,0.0,0.0,0.0
21822,2023.0,6.0,1.0,13.0,21.170958,22.684652,20.186426,21.47632,21.206469,22.6501,21.20124,22.703184,18.00711,17.852694,17.462063,17.302576,21.21968,22.200163,21.20644,22.607462,18.226791,18.978071,0.0,4.0,4.0,0.0,0.0,4.0,0.0,4.0
21823,2023.0,6.0,1.0,13.0,21.053625,22.386944,18.956783,18.94703,21.03522,22.25184,21.063425,22.387085,18.69663,19.221361,17.462547,17.305622,21.012573,21.741323,21.040194,22.213089,20.24392,22.24542,0.0,4.0,0.0,4.0,0.0,4.0,0.0,0.0
21824,2023.0,6.0,1.0,13.0,21.051985,22.339273,18.830442,19.119972,21.059883,22.282682,21.056635,22.327467,20.169504,21.658215,17.467104,17.31255,21.011196,21.709583,21.040724,22.167624,18.502438,18.554277,4.0,0.0,0.0,0.0,0.0,4.0,0.0,0.0
21825,2023.0,6.0,1.0,13.0,21.207813,22.635632,20.172556,21.470745,21.22209,22.551495,21.180462,22.53761,18.803974,18.797535,17.881979,18.08862,21.251432,22.165218,21.445374,22.910719,17.68476,17.466326,0.0,4.0,0.0,0.0,4.0,4.0,4.0,0.0
21826,2023.0,6.0,1.0,13.0,21.01398,22.208765,19.117476,19.296354,21.03196,22.14124,21.043848,22.252058,18.100018,17.850586,20.251627,22.130451,21.0087,21.648397,21.053492,22.103874,17.619701,17.489279,0.0,4.0,0.0,0.0,0.0,4.0,0.0,0.0
21827,2023.0,6.0,1.0,13.0,21.055672,22.287237,18.484629,18.449564,21.030987,22.122091,21.044806,22.24339,18.044071,17.890598,18.899807,19.187042,21.038261,21.70724,21.044199,22.049585,17.597857,17.476425,0.0,4.0,0.0,0.0,0.0,0.0,0.0,0.0
21828,2023.0,6.0,1.0,14.0,21.047852,22.24758,18.746649,19.068686,21.029993,22.105583,21.04403,22.230803,18.023977,17.88432,18.082502,17.972593,21.03265,21.66964,21.003565,21.90998,18.550816,19.319187,4.0,4.0,0.0,0.0,0.0,0.0,4.0,4.0
21829,2023.0,6.0,1.0,14.0,20.407444,20.968813,20.165806,21.51405,20.318163,20.72741,20.45256,21.054369,17.97986,17.843119,17.924488,17.778627,20.831512,21.228968,19.902124,19.819693,20.201513,21.961895,4.0,4.0,4.0,0.0,0.0,4.0,0.0,0.0
21830,2023.0,6.0,1.0,14.0,19.539282,19.57472,20.02848,21.117538,19.973131,20.335524,20.145924,20.698864,17.940548,17.80518,17.878838,17.729267,20.75864,21.14139,19.303514,19.0521,19.384827,20.07651,0.0,4.0,4.0,0.0,0.0,4.0,0.0,4.0
21831,2023.0,6.0,1.0,14.0,19.783905,20.31318,18.979624,19.017477,19.86794,20.241383,19.34686,19.27661,17.906666,17.773434,17.850359,17.701586,20.750603,21.139029,19.08271,18.822083,20.148655,21.60757,0.0,4.0,0.0,0.0,0.0,4.0,0.0,0.0
21832,2023.0,6.0,1.0,14.0,19.879757,20.439981,18.361626,18.200539,19.794207,20.178505,19.486492,19.836061,17.876837,17.745895,17.827509,17.680372,20.746916,21.141586,18.94762,18.694824,18.81369,18.865604,0.0,4.0,4.0,0.0,0.0,4.0,0.0,0.0
21833,2023.0,6.0,1.0,14.0,19.259623,19.306894,18.304441,18.2242,19.174803,19.069622,18.999054,18.920525,17.854326,17.725332,17.811697,17.666,20.016294,19.764246,18.95323,18.800419,18.280756,18.081543,0.0,0.0,0.0,0.0,0.0,0.0,0.0,0.0
21834,2023.0,6.0,1.0,15.0,18.976892,18.937214,18.715803,19.067703,19.532341,19.906128,18.706968,18.52299,17.832771,17.706783,17.796055,17.653265,19.767422,19.460018,18.910055,18.773632,18.10977,17.903904,4.0,4.0,0.0,0.0,0.0,0.0,0.0,0.0
21835,2023.0,6.0,1.0,15.0,18.845306,18.807884,20.1738,21.589512,19.597298,20.00779,19.209702,19.57876,17.81015,17.685616,17.778547,17.636608,19.668219,19.36795,18.851152,18.7191,18.064817,17.932213,4.0,4.0,4.0,0.0,0.0,0.0,0.0,0.0
21836,2023.0,6.0,1.0,15.0,19.432837,20.020346,20.025154,21.14819,19.570452,19.979416,18.802952,18.725092,17.783504,17.659815,17.758272,17.616953,19.568323,19.271627,18.783335,18.653147,17.991327,17.869844,0.0,4.0,0.0,0.0,0.0,0.0,0.0,0.0
21837,2023.0,6.0,1.0,15.0,18.987085,19.051714,19.290337,19.613226,19.545391,19.954514,18.476444,18.314457,17.758339,17.636543,17.739635,17.600359,19.600481,19.42579,18.721474,18.594257,18.825499,19.522005,4.0,4.0,0.0,0.0,0.0,0.0,0.0,4.0
21838,2023.0,6.0,1.0,15.0,18.73917,18.71277,20.142628,21.26228,19.526033,19.93421,18.35758,18.181768,17.736403,17.616154,17.72348,17.585798,19.58417,19.430326,19.70662,20.50179,20.127201,21.681507,0.0,4.0,0.0,0.0,0.0,0.0,4.0,4.0
21839,2023.0,6.0,1.0,15.0,19.28997,19.851433,19.08253,19.127705,19.50519,19.913113,18.361208,18.286219,17.712345,17.594515,18.074974,18.263151,19.535841,19.387268,19.096132,19.045694,20.001505,21.250696,0.0,4.0,0.0,0.0,4.0,0.0,0.0,4.0
21840,2023.0,6.0,1.0,16.0,19.491297,20.084854,18.570026,18.529346,19.486189,19.893454,18.334545,18.28021,17.688107,17.572405,20.21646,21.928152,19.486267,19.340885,18.655407,18.458216,20.052416,21.263988,0.0,4.0,0.0,0.0,4.0,0.0,0.0,0.0
21841,2023.0,6.0,1.0,16.0,19.511282,20.100567,18.423283,18.370733,19.46671,19.870718,18.97368,19.529684,17.663452,17.548836,20.013323,21.32667,19.438051,19.294102,18.517109,18.302439,19.586086,20.233826,0.0,4.0,4.0,0.0,0.0,0.0,0.0,4.0
21842,2023.0,6.0,1.0,16.0,19.518263,20.099007,18.74154,19.057226,19.448524,19.849535,18.633703,18.709255,17.639788,17.526897,18.83793,18.896341,19.393787,19.25238,18.440172,18.225592,20.071901,21.202173,4.0,4.0,0.0,0.0,0.0,0.0,0.0,4.0
21843,2023.0,6.0,1.0,16.0,19.521084,20.0942,20.164778,21.498127,19.431116,19.828594,18.21674,18.07092,17.616003,17.504356,18.134455,17.910164,19.35106,19.211193,18.462435,18.334562,20.041954,21.109674,4.0,4.0,0.0,0.0,0.0,0.0,0.0,0.0
21844,2023.0,6.0,1.0,16.0,19.521439,20.088104,20.027763,21.095308,19.41508,19.809118,18.070322,17.89194,17.593092,17.483068,18.032272,17.880932,19.310863,19.17297,19.484241,20.286322,18.92497,18.911299,0.0,4.0,0.0,0.0,0.0,0.0,4.0,0.0
21845,2023.0,6.0,1.0,16.0,19.533274,20.105007,19.306726,19.59431,18.841394,18.75049,18.09923,18.01858,17.570475,17.462328,17.990654,17.855366,19.2721,19.13612,18.8661,18.794836,18.315119,18.11817,4.0,0.0,0.0,0.0,0.0,0.0,0.0,0.0
21846,2023.0,6.0,1.0,17.0,19.535381,20.102749,20.141161,21.21053,19.199339,19.546268,18.789425,19.338833,17.549417,17.443043,17.935373,17.80088,20.017466,20.583754,18.540337,18.327227,18.130102,17.914185,0.0,4.0,4.0,0.0,0.0,4.0,0.0,0.0
21847,2023.0,6.0,1.0,17.0,18.941996,18.99159,19.084532,19.08776,19.34249,19.724579,18.35229,18.305452,17.525557,17.420961,17.874517,17.744392,20.15506,20.619211,18.406937,18.186659,18.07378,17.947315,0.0,4.0,0.0,0.0,0.0,4.0,0.0,0.0
21848,2023.0,6.0,1.0,17.0,18.668589,18.610914,19.161245,19.456707,19.336113,19.711376,18.731527,19.121023,17.501648,17.397738,17.823898,17.693802,20.166153,20.611704,18.324581,18.10021,18.009193,17.89512,4.0,4.0,4.0,0.0,0.0,4.0,0.0,0.0
21849,2023.0,6.0,1.0,17.0,18.553381,18.487688,20.131842,21.20168,18.771439,18.66493,18.277498,18.196445,18.216703,18.768328,17.774607,17.64622,19.507214,19.349192,19.396444,20.19485,18.832956,19.522163,0.0,0.0,0.0,4.0,0.0,0.0,4.0,4.0
21850,2023.0,6.0,1.0,17.0,19.132265,19.653162,19.585865,20.036505,18.423098,18.199488,18.60684,18.969545,20.244856,22.146444,17.72217,17.596802,19.162237,18.886963,18.787083,18.703949,20.170837,21.691607,4.0,0.0,4.0,0.0,0.0,0.0,0.0,0.0
21851,2023.0,6.0,1.0,17.0,19.347723,19.89446,20.128414,21.134014,18.918999,19.22734,18.800528,19.189558,18.617132,18.689993,17.670553,17.54585,19.772247,20.136572,18.347284,18.135077,19.474632,20.113865,0.0,4.0,4.0,0.0,0.0,4.0,0.0,4.0
21852,2023.0,6.0,1.0,18.0,19.365908,19.899685,19.391056,19.60682,19.127932,19.486671,18.82907,19.208677,17.804432,17.601488,18.001562,18.210773,19.326002,19.13116,18.213455,17.984436,20.150997,21.47476,4.0,4.0,4.0,0.0,4.0,0.0,0.0,0.0
21853,2023.0,6.0,1.0,18.0,21.238451,23.156609,20.135393,21.112448,21.259935,23.190563,21.278444,23.477457,17.72054,17.599983,20.269062,22.064098,21.230852,22.612446,21.432524,23.626598,18.801086,18.746254,4.0,4.0,0.0,0.0,0.0,0.0,0.0,0.0
21854,2023.0,6.0,1.0,18.0,21.006601,22.49585,20.012653,20.807705,21.030607,22.52621,21.00131,22.631865,17.670097,17.556479,18.836067,19.06558,21.023869,22.099712,21.004269,22.607754,19.016186,19.572462,4.0,0.0,4.0,0.0,0.0,0.0,0.0,4.0
21855,2023.0,6.0,1.0,18.0,21.034306,22.416862,20.046825,20.849318,21.059015,22.425398,21.045258,22.539923,17.603264,17.489416,18.015215,17.914242,21.035542,22.023598,21.051527,22.52207,20.156874,21.483467,0.0,0.0,4.0,0.0,0.0,0.0,0.0,0.0
21856,2023.0,6.0,1.0,18.0,21.056595,22.387924,19.058865,18.921715,21.054369,22.304874,21.063318,22.47272,18.310644,18.878191,17.827803,17.698492,21.033447,21.948519,21.044561,22.384432,19.516647,20.064901,0.0,0.0,0.0,4.0,0.0,0.0,0.0,4.0
21857,2023.0,6.0,1.0,18.0,21.024244,22.228292,18.640642,18.501894,21.016932,22.154177,21.033262,22.298977,20.244606,22.071274,17.732506,17.599585,21.033339,21.897701,21.04459,22.296482,20.138287,21.333302,0.0,4.0,4.0,0.0,0.0,0.0,0.0,0.0
21858,2023.0,6.0,1.0,19.0,21.056181,22.258856,18.943806,19.18135,21.035297,22.128084,21.037832,22.24193,18.559614,18.525438,17.648958,17.51343,21.032824,21.859943,21.043818,22.230808,18.824472,18.699373,4.0,4.0,4.0,0.0,0.0,0.0,0.0,0.0
21859,2023.0,6.0,1.0,19.0,21.04935,22.198803,20.15788,21.304087,21.032429,22.077929,21.036558,22.190332,17.725405,17.444288,17.573767,17.436106,21.032515,21.832212,21.043232,22.181875,18.14776,17.855719,0.0,4.0,4.0,0.0,0.0,0.0,0.0,0.0
21860,2023.0,6.0,1.0,19.0,21.049501,22.161407,19.521648,19.92431,21.032331,22.043156,21.036335,22.151768,17.674826,17.531427,17.509308,17.3734,21.032404,21.811693,21.04269,22.144526,19.04887,19.770657,4.0,4.0,4.0,0.0,0.0,0.0,0.0,4.0
21861,2023.0,6.0,1.0,19.0,21.00996,22.056677,20.147623,21.175457,21.031935,22.014269,21.035564,22.118881,17.6394,17.512766,17.449104,17.31251,21.032166,21.7957,21.04208,22.11534,20.100866,21.35923,0.0,4.0,4.0,0.0,0.0,0.0,0.0,4.0
21862,2023.0,6.0,1.0,19.0,21.029663,22.069439,19.297705,19.409231,21.031603,21.990034,21.03521,22.091265,17.56646,17.443327,17.394917,17.26009,21.032166,21.783545,21.041885,22.092632,20.00881,21.06253,4.0,4.0,4.0,0.0,0.0,0.0,0.0,4.0
21863,2023.0,6.0,1.0,19.0,21.05392,22.120354,20.13894,21.144066,21.056929,22.039713,21.060358,22.137402,17.497822,17.375755,17.342981,17.208029,21.032152,21.77381,21.041725,22.07414,20.01937,21.007053,4.0,0.0,0.0,0.0,0.0,0.0,0.0,4.0
21864,2023.0,6.0,1.0,20.0,21.0977,22.178783,20.065699,20.875057,21.102898,22.099474,21.10977,22.200836,17.43275,17.309086,17.290302,17.152908,21.06579,21.830498,21.017492,21.97043,20.101065,21.14403,4.0,0.0,0.0,0.0,0.0,0.0,4.0,0.0
21865,2023.0,6.0,1.0,20.0,21.01514,21.975819,20.027763,20.778404,21.044527,21.961897,21.047329,22.053288,17.381102,17.262844,17.647041,17.865522,21.02827,21.74899,21.019178,21.962208,18.834473,18.638,4.0,0.0,0.0,0.0,4.0,0.0,4.0,0.0
21866,2023.0,6.0,1.0,20.0,21.027693,21.992353,20.030622,20.748756,21.038393,21.958984,21.041647,22.050095,17.329317,17.21285,20.366611,22.37334,21.03264,21.754246,21.058714,22.054657,18.170248,17.834158,4.0,0.0,0.0,0.0,0.0,0.0,0.0,0.0
21867,2023.0,6.0,1.0,20.0,21.053394,22.056812,20.04758,20.769144,21.038969,21.962395,21.041967,22.051346,17.283026,17.168821,18.98596,19.448936,21.032223,21.749914,21.05075,22.01711,17.944347,17.609318,0.0,0.0,0.0,0.0,4.0,0.0,0.0,0.0
21868,2023.0,6.0,1.0,20.0,21.193312,22.322865,19.350943,19.385546,21.219519,22.322725,21.214113,22.393398,17.240602,17.128313,20.249401,21.913864,21.170504,22.022945,21.221483,22.337849,17.971617,17.82448,4.0,0.0,0.0,0.0,4.0,0.0,0.0,0.0
21869,2023.0,6.0,1.0,20.0,21.04821,22.013166,20.12875,20.990826,21.038042,21.95214,21.041016,22.038326,17.198112,17.082918,20.021732,21.277466,21.001425,21.659307,21.050241,21.972519,17.928917,17.798676,4.0,0.0,0.0,0.0,4.0,4.0,0.0,0.0
21870,2023.0,6.0,1.0,21.0,21.025833,21.953587,20.06072,20.76379,21.077263,22.02522,21.03989,22.0034,17.157,17.038738,20.101076,21.27954,21.012625,21.689535,21.079775,22.037067,17.837626,17.709248,4.0,0.0,4.0,0.0,4.0,4.0,0.0,0.0
21871,2023.0,6.0,1.0,21.0,21.095991,22.114145,20.0883,20.817997,21.032883,21.893099,21.108292,22.139744,17.122675,17.003904,20.11835,21.209873,21.088343,21.84084,21.079472,22.027576,17.75947,17.635447,0.0,4.0,0.0,0.0,0.0,0.0,0.0,0.0
21872,2023.0,6.0,1.0,21.0,21.040878,21.981367,19.059887,18.808989,21.056004,21.95043,21.045834,21.986172,17.80019,18.30406,18.768906,18.546114,21.007395,21.630018,20.995361,21.840837,17.692461,17.575104,0.0,0.0,0.0,4.0,0.0,4.0,4.0,0.0
21873,2023.0,6.0,1.0,21.0,21.021526,21.910395,18.659468,18.44684,21.049948,21.916231,21.040033,21.98549,20.293379,22.46769,18.574154,18.701427,21.01816,21.643047,21.060238,21.9852,17.62488,17.505127,0.0,0.0,0.0,0.0,4.0,4.0,0.0,0.0
21874,2023.0,6.0,1.0,21.0,21.025063,21.91333,18.565071,18.375582,21.035994,21.897896,21.040619,21.990492,18.289284,18.20682,20.26216,21.579226,21.047518,21.713846,21.049208,21.94617,17.564978,17.444729,0.0,0.0,0.0,0.0,0.0,0.0,0.0,0.0
21875,2023.0,6.0,1.0,21.0,21.052095,21.98414,18.451975,18.262272,21.037554,21.904041,21.014753,21.91952,17.357704,17.036263,18.995384,19.071415,21.011854,21.60946,21.00975,21.823868,17.511665,17.391314,0.0,0.0,4.0,0.0,0.0,4.0,4.0,0.0
21876,2023.0,6.0,1.0,22.0,21.046656,21.962414,18.350542,18.158344,21.037066,21.90329,21.045752,22.006304,17.358587,17.21544,18.267555,18.118069,21.047886,21.69567,21.057852,21.943796,18.38054,19.074175,0.0,0.0,0.0,0.0,0.0,0.0,0.0,4.0
21877,2023.0,6.0,1.0,22.0,21.046747,21.952343,18.265675,18.075865,21.037033,21.90193,21.054146,21.991133,17.345032,17.21937,18.049454,17.886288,21.041872,21.671495,21.048727,21.913956,20.237017,22.061506,0.0,0.0,0.0,0.0,0.0,0.0,0.0,0.0
21878,2023.0,6.0,1.0,22.0,21.03313,21.942507,18.190357,18.00246,21.03686,21.89941,21.052477,21.963413,17.870537,18.264116,18.21507,18.327618,21.042212,21.66124,21.049486,21.903133,19.111044,19.546822,0.0,0.0,0.0,4.0,4.0,0.0,0.0,4.0
21879,2023.0,6.0,1.0,22.0,21.034655,21.95491,18.12439,17.938543,21.036661,21.896257,21.037619,21.943544,20.33668,22.361382,20.316294,21.889847,21.0291,21.651611,21.036919,21.891216,20.213522,21.735218,0.0,0.0,0.0,0.0,0.0,0.0,0.0,0.0
21880,2023.0,6.0,1.0,22.0,21.033913,21.957048,18.067945,17.88322,21.036547,21.892809,21.03895,21.949087,18.358091,18.263079,18.904932,19.033659,21.030504,21.664055,21.038277,21.900507,18.598179,18.41986,0.0,0.0,0.0,0.0,0.0,0.0,0.0,0.0
21881,2023.0,6.0,1.0,22.0,21.033752,21.95817,18.01545,17.8303,21.036062,21.888498,21.038404,21.94871,18.074926,18.308271,18.115007,17.971937,21.03014,21.669369,21.037754,21.902761,17.835188,17.493958,0.0,0.0,0.0,4.0,0.0,0.0,0.0,0.0
21882,2023.0,6.0,1.0,23.0,21.034391,21.95866,17.971497,17.790554,21.036121,21.885206,21.03871,21.949526,20.330616,22.085363,17.921476,17.773056,21.03023,21.67315,21.037815,21.90403,17.835253,17.695312,0.0,0.0,0.0,4.0,0.0,0.0,0.0,0.0
21883,2023.0,6.0,1.0,23.0,20.181427,20.318142,18.36353,18.560678,20.145369,20.17242,20.087225,20.12367,18.490301,18.376621,17.788872,17.640285,20.250109,20.175148,20.05436,20.012386,17.805016,17.689064,4.0,0.0,0.0,0.0,0.0,0.0,0.0,0.0
21884,2023.0,6.0,1.0,23.0,19.766745,19.73398,18.112043,18.022827,19.669262,19.47717,19.589657,19.409483,17.809093,17.424358,17.696579,17.545437,19.92667,19.744242,19.640179,19.473822,17.730871,17.609293,0.0,0.0,0.0,0.0,0.0,0.0,0.0,0.0
21885,2023.0,6.0,1.0,23.0,19.602259,19.57305,17.961052,17.797256,19.484688,19.289343,19.393404,19.212418,18.440073,18.816963,17.61778,17.469036,19.792484,19.617916,19.45824,19.30049,17.664522,17.545193,0.0,0.0,0.0,4.0,0.0,0.0,0.0,0.0
21886,2023.0,6.0,1.0,23.0,19.483847,19.469944,18.347742,18.564888,19.34164,19.14683,19.239449,19.0596,17.800364,17.4991,17.545359,17.39718,19.67679,19.50641,19.30667,19.15334,18.326998,18.845787,4.0,0.0,0.0,0.0,0.0,0.0,0.0,4.0
21887,2023.0,6.0,1.0,23.0,20.098026,20.723413,18.09017,18.021217,19.89729,20.298302,19.109722,18.931221,17.489761,17.12597,17.478764,17.33085,19.575777,19.408838,19.176632,19.02715,17.808706,17.722279,0.0,4.0,0.0,0.0,0.0,0.0,0.0,0.0
21888,2023.0,6.0,2.0,0.0,19.59329,19.692825,17.66203,17.245182,20.022617,20.474535,18.99882,18.823444,18.174267,18.559269,17.707989,17.81146,19.483286,19.313831,19.064157,18.91968,18.146225,18.463383,0.0,4.0,0.0,4.0,4.0,0.0,0.0,4.0
21889,2023.0,6.0,2.0,0.0,19.056866,18.779564,17.89535,17.781477,19.723911,19.873068,18.899002,18.725058,18.404064,18.858454,17.490423,17.362844,19.40139,19.231544,18.960876,18.815308,17.552011,17.254528,4.0,4.0,0.0,4.0,0.0,0.0,0.0,0.0
21890,2023.0,6.0,2.0,0.0,18.855345,18.544981,17.589367,17.183035,19.00397,18.586672,18.810484,18.639114,17.622726,17.329897,17.36901,17.222546,20.04297,20.509872,18.869837,18.725351,17.33812,17.02073,0.0,0.0,0.0,0.0,0.0,4.0,0.0,0.0
21891,2023.0,6.0,2.0,0.0,18.992329,18.940407,17.423506,16.966234,18.712715,18.212893,18.72978,18.56083,17.330635,16.97743,17.312853,17.16691,19.274294,18.92096,18.787102,18.64349,17.982721,18.319105,0.0,0.0,0.0,0.0,0.0,0.0,0.0,4.0
21892,2023.0,6.0,2.0,0.0,18.9939,18.9856,17.596954,17.38254,18.567467,18.064827,18.651466,18.48047,17.2079,16.853426,17.577011,17.70857,18.980928,18.54161,18.707617,18.5613,18.185947,18.55418,0.0,0.0,0.0,0.0,4.0,0.0,0.0,4.0
21893,2023.0,6.0,2.0,0.0,18.942068,18.938896,17.633938,17.456535,18.695934,18.439089,18.587248,18.421648,17.30695,17.151943,17.345198,17.223217,18.883139,18.453405,18.639938,18.496855,17.499786,17.216702,0.0,0.0,0.0,0.0,0.0,0.0,0.0,0.0
21894,2023.0,6.0,2.0,1.0,18.885328,18.881302,17.623814,17.454397,18.717474,18.529467,18.52164,18.354502,17.30624,17.177217,17.224682,17.076296,19.049284,18.878515,18.57206,18.426912,17.2664,16.94343,0.0,0.0,0.0,0.0,0.0,0.0,0.0,0.0
21895,2023.0,6.0,2.0,1.0,18.830914,18.826193,17.600779,17.430468,18.666613,18.48124,18.460215,18.29168,17.25837,17.128004,17.172773,17.022205,19.0331,18.860432,18.509409,18.362852,17.170794,16.849548,0.0,0.0,0.0,0.0,0.0,0.0,0.0,0.0
21896,2023.0,6.0,2.0,1.0,18.7814,18.778091,17.57752,17.407824,18.61482,18.432432,18.405964,18.240088,17.212532,17.08223,17.127317,16.977287,18.990759,18.8191,18.452295,18.306116,17.289865,17.16832,0.0,0.0,0.0,0.0,0.0,0.0,0.0,0.0
21897,2023.0,6.0,2.0,1.0,18.733202,18.729996,17.552782,17.382582,18.56244,18.380936,18.35273,18.187426,17.16782,17.036644,17.403109,17.532074,18.948074,18.77553,18.397774,18.25103,17.273432,17.14922,0.0,0.0,0.0,0.0,4.0,0.0,0.0,0.0
21898,2023.0,6.0,2.0,1.0,18.686152,18.681692,17.52693,17.35497,18.510424,18.327816,18.300568,18.1339,17.124773,16.991856,17.493437,17.637562,18.905428,18.731201,18.345467,18.197357,17.236502,17.110859,0.0,0.0,0.0,0.0,4.0,0.0,0.0,0.0
21899,2023.0,6.0,2.0,1.0,18.644203,18.641426,17.504324,17.333178,18.465075,18.285706,18.255627,18.091902,17.086424,16.95416,17.189676,17.048277,18.86657,18.692886,18.298004,18.150747,17.201504,17.07612,0.0,0.0,0.0,0.0,0.0,0.0,0.0,0.0
21900,2023.0,6.0,2.0,2.0,18.603039,18.600756,17.48102,17.30948,18.42016,18.242134,18.211336,18.048628,17.627632,18.002672,17.083546,16.931173,18.82857,18.654728,18.2523,18.105232,17.898075,18.41804,0.0,0.0,0.0,4.0,0.0,0.0,0.0,4.0
21901,2023.0,6.0,2.0,2.0,18.563044,18.56048,17.457657,17.285645,18.3764,18.198864,18.168335,18.005772,17.225376,17.116941,17.331242,17.437338,18.791704,18.617445,18.208115,18.06072,18.189667,18.80189,0.0,0.0,0.0,0.0,4.0,0.0,0.0,4.0
21902,2023.0,6.0,2.0,2.0,18.526264,18.52447,17.435514,17.263855,18.336002,18.160173,18.129042,17.967686,17.087006,16.954195,17.11762,16.984833,18.757387,18.583727,18.167116,18.020512,17.34024,17.08468,0.0,0.0,0.0,0.0,0.0,0.0,0.0,0.0
21903,2023.0,6.0,2.0,2.0,18.48962,18.487343,17.412966,17.240839,18.295988,18.120472,18.090395,17.92882,17.038332,16.904964,17.003038,16.848124,18.723347,18.549292,18.1267,17.97974,17.812128,18.148859,0.0,0.0,0.0,0.0,0.0,0.0,0.0,4.0
21904,2023.0,6.0,2.0,2.0,18.454763,18.452652,17.390945,17.21881,18.258131,18.083544,18.053722,17.892666,17.56678,17.933762,17.249256,17.345606,18.690977,18.517073,18.08842,17.941725,17.238768,16.950027,0.0,0.0,0.0,4.0,4.0,0.0,0.0,0.0
21905,2023.0,6.0,2.0,2.0,18.420841,18.418573,17.368948,17.196617,18.22132,18.047329,18.017998,17.857183,16.980333,16.68348,17.044641,16.908531,18.659403,18.485458,18.05126,17.904606,17.015015,16.684196,0.0,0.0,0.0,0.0,0.0,0.0,0.0,0.0
21906,2023.0,6.0,2.0,3.0,18.385641,18.380646,17.345089,17.17028,18.182606,18.006094,17.9802,17.816668,16.744934,16.389778,16.933031,16.775068,18.62688,18.45107,18.013401,17.864902,16.921885,16.588415,0.0,0.0,0.0,0.0,0.0,0.0,0.0,0.0
21907,2023.0,6.0,2.0,3.0,18.354445,18.350113,17.324533,17.150627,18.14936,17.97477,17.947418,17.785673,16.88402,16.74724,16.892286,16.735754,18.59769,18.422604,17.979156,17.831408,17.052996,16.92638,0.0,0.0,0.0,0.0,0.0,0.0,0.0,0.0
21908,2023.0,6.0,2.0,3.0,18.324608,18.321884,17.304235,17.131573,18.11759,17.945347,17.915844,17.75641,16.88054,16.745539,16.8548,16.700277,18.569891,18.396145,17.946674,17.800406,17.766865,18.275692,0.0,0.0,0.0,0.0,0.0,0.0,0.0,4.0
21909,2023.0,6.0,2.0,3.0,18.293911,18.291258,17.28286,17.110353,18.08509,17.913538,17.883596,17.724771,16.852676,16.71824,16.818794,16.66436,18.54163,18.368143,17.913883,17.767937,17.096626,16.831593,0.0,0.0,0.0,0.0,0.0,0.0,0.0,0.0
21910,2023.0,6.0,2.0,3.0,18.261414,18.256311,17.259182,17.084473,18.050323,17.87635,17.849276,17.68788,16.822092,16.685736,16.782059,16.624943,18.512022,18.336893,17.879896,17.732306,16.848024,16.513096,0.0,0.0,0.0,0.0,0.0,0.0,0.0,0.0
21911,2023.0,6.0,2.0,3.0,18.234083,18.230492,17.240082,17.067575,18.022072,17.851334,17.821287,17.663015,16.795803,16.661331,16.752493,16.59802,18.486488,18.313248,17.850296,17.70468,17.731369,18.274939,0.0,0.0,0.0,0.0,0.0,0.0,0.0,4.0
21912,2023.0,6.0,2.0,4.0,18.20608,18.20316,17.673975,17.896925,17.991453,17.821142,17.790878,17.632963,16.768364,16.63388,16.721615,16.567196,18.459593,18.286507,17.81941,17.673986,17.07008,16.811539,4.0,0.0,0.0,0.0,0.0,0.0,0.0,0.0
21913,2023.0,6.0,2.0,4.0,18.190502,18.20014,17.40873,17.309553,17.960012,17.788614,17.75981,17.60068,16.740685,16.605047,16.69083,16.535114,18.431911,18.257763,17.787888,17.641441,16.808498,16.473745,0.0,0.0,0.0,0.0,0.0,0.0,0.0,0.0
21914,2023.0,6.0,2.0,4.0,18.165733,18.174702,17.262215,17.084455,17.928238,17.754978,17.728285,17.567244,16.71361,16.57665,16.660921,16.503532,18.40431,18.22892,17.756695,17.609169,16.723995,16.388977,0.0,0.0,0.0,0.0,0.0,0.0,0.0,0.0
21915,2023.0,6.0,2.0,4.0,18.139782,18.148098,17.223589,17.046854,17.899616,17.727264,17.699669,17.539557,16.688648,16.551886,16.633915,16.477005,18.37836,18.203175,17.727207,17.579947,16.862942,16.737253,0.0,0.0,0.0,0.0,0.0,0.0,0.0,0.0
21916,2023.0,6.0,2.0,4.0,18.81732,19.440466,17.192366,17.016891,17.871866,17.700865,17.671776,17.513094,16.664825,16.528793,16.608017,16.452091,18.353277,18.178877,17.698809,17.552479,16.85736,16.727255,0.0,0.0,0.0,0.0,0.0,0.0,0.0,0.0
21917,2023.0,6.0,2.0,4.0,18.367094,18.44975,17.16311,16.986734,17.842722,17.6713,17.64248,17.483435,16.640614,16.50408,16.58123,16.424786,18.327358,18.152498,17.669537,17.522839,16.830372,16.699877,0.0,0.0,0.0,0.0,0.0,0.0,0.0,0.0
21918,2023.0,6.0,2.0,5.0,17.941788,17.701038,17.136173,16.959455,17.81427,17.642773,17.613935,17.454836,16.617859,16.481125,16.555449,16.398811,18.302309,18.127306,17.641054,17.49432,17.526031,18.032524,0.0,0.0,0.0,0.0,0.0,0.0,0.0,4.0
21919,2023.0,6.0,2.0,5.0,17.782885,17.491695,17.567383,17.787216,17.7866,17.615437,17.58632,17.427505,16.596024,16.459455,16.530766,16.37431,18.277935,18.103125,18.610538,19.343859,17.057318,16.988815,4.0,0.0,0.0,0.0,0.0,0.0,4.0,0.0
21920,2023.0,6.0,2.0,5.0,17.954685,17.912872,17.33225,17.262957,17.759605,17.588709,17.55941,17.400822,16.574604,16.438229,16.507208,16.350962,18.25395,18.079357,17.758722,17.491497,16.708927,16.405764,0.0,0.0,0.0,0.0,0.0,0.0,0.0,0.0
21921,2023.0,6.0,2.0,5.0,17.998281,18.002287,17.162283,16.993753,17.732672,17.561443,17.532324,17.37348,16.553246,16.416689,16.484426,16.327997,18.229929,18.055151,17.460117,17.096458,17.332169,17.66843,0.0,0.0,0.0,0.0,0.0,0.0,0.0,4.0
21922,2023.0,6.0,2.0,5.0,17.97758,17.981255,17.581085,17.813013,17.706297,17.535227,17.505898,17.347216,16.532713,16.396273,16.75581,16.85373,18.206684,18.032057,17.372845,17.011246,16.775455,16.476501,4.0,0.0,0.0,0.0,4.0,0.0,0.0,0.0
21923,2023.0,6.0,2.0,5.0,17.953728,17.956697,17.30207,17.210657,17.67971,17.508642,17.479641,17.3208,16.51284,16.376364,16.559408,16.411924,18.18392,18.009281,17.511335,17.359924,16.581497,16.248173,0.0,0.0,0.0,0.0,0.0,0.0,0.0,0.0
21924,2023.0,6.0,2.0,6.0,17.92919,17.931984,16.877209,16.436943,17.653666,17.483124,17.454063,17.295567,17.07247,17.443705,16.77041,16.86737,18.162317,17.988047,17.519054,17.372828,16.510897,16.180977,0.0,0.0,0.0,4.0,4.0,0.0,0.0,0.0
21925,2023.0,6.0,2.0,6.0,21.28385,23.821037,16.725935,16.258831,21.234835,23.830313,21.223816,23.96987,21.379467,24.690025,20.238016,22.835833,21.242647,23.286886,21.477428,24.15926,17.459637,18.052921,0.0,0.0,0.0,0.0,0.0,0.0,0.0,4.0
21926,2023.0,6.0,2.0,6.0,21.004549,22.922287,16.875355,16.632174,21.007887,22.9686,21.008633,23.105385,19.028124,19.451582,18.354322,18.682678,21.016285,22.668436,21.002281,22.98992,20.32083,22.760168,0.0,0.0,0.0,0.0,0.0,0.0,0.0,4.0
21927,2023.0,6.0,2.0,6.0,21.055721,22.804752,16.966394,16.779394,21.059015,22.81452,21.062622,22.940258,17.461231,17.317787,17.173258,17.012789,21.051031,22.531647,21.061434,22.859722,20.025007,21.859438,0.0,0.0,0.0,0.0,0.0,0.0,0.0,0.0
21928,2023.0,6.0,2.0,6.0,21.050026,22.644728,16.959293,16.778841,21.053305,22.63062,21.056633,22.744522,17.860916,18.278152,16.993155,16.834457,21.017532,22.297886,21.054136,22.670033,18.814974,19.242138,0.0,0.0,0.0,4.0,0.0,4.0,0.0,4.0
21929,2023.0,6.0,2.0,6.0,21.023346,22.467827,16.940128,16.760918,21.052765,22.50944,21.056166,22.616035,20.297848,22.459383,16.895346,16.734844,21.020927,22.204884,21.053438,22.5429,20.266764,22.087843,0.0,0.0,0.0,0.0,0.0,4.0,0.0,0.0
21930,2023.0,6.0,2.0,7.0,21.053526,22.477957,16.919554,16.74082,21.051327,22.419203,21.054607,22.52057,18.226036,18.11435,16.818169,16.657894,21.063114,22.204697,21.052,22.447105,18.380331,18.21425,0.0,0.0,0.0,0.0,0.0,0.0,0.0,0.0
21931,2023.0,6.0,2.0,7.0,21.061241,22.40587,17.385468,17.633385,21.02424,22.280788,21.052761,22.448502,17.218939,16.831888,17.163029,17.363434,21.054129,22.103148,21.04967,22.372583,17.48695,17.110285,4.0,4.0,0.0,0.0,4.0,0.0,0.0,0.0
21932,2023.0,6.0,2.0,7.0,21.164745,22.548847,20.28481,22.581312,21.194796,22.59777,21.183933,22.658981,17.205097,17.028385,20.313498,22.720385,21.128468,22.1872,21.326092,22.844679,17.460773,17.29385,0.0,0.0,0.0,0.0,0.0,0.0,4.0,0.0
21933,2023.0,6.0,2.0,7.0,21.016577,22.212427,18.582321,18.87247,21.063494,22.260014,21.050917,22.348381,17.183846,17.034008,18.476784,18.765436,21.052464,21.982952,21.06893,22.290527,17.416859,17.272974,0.0,0.0,0.0,0.0,0.0,0.0,0.0,0.0
21934,2023.0,6.0,2.0,7.0,21.038692,22.217054,17.57694,17.473621,21.035595,22.132801,21.050438,22.315762,17.893196,18.450043,17.400911,17.266665,21.03753,21.942362,21.018606,22.114756,17.324144,17.185436,0.0,4.0,0.0,4.0,0.0,0.0,4.0,0.0
21935,2023.0,6.0,2.0,7.0,21.06196,22.256395,17.36905,17.211775,21.040237,22.108004,21.024927,22.220356,20.27097,22.405489,17.56422,17.73321,21.008715,21.85386,21.06633,22.206554,17.245417,17.11205,0.0,4.0,4.0,0.0,4.0,4.0,0.0,0.0
21936,2023.0,6.0,2.0,8.0,21.028847,22.141724,17.711119,17.930439,21.03899,22.080416,21.054855,22.28507,18.245369,18.138006,20.31068,22.443981,21.057009,21.937696,21.0569,22.15421,18.175726,18.938892,4.0,4.0,0.0,0.0,4.0,0.0,0.0,4.0
21937,2023.0,6.0,2.0,8.0,19.68201,19.57197,20.277994,22.356056,19.634403,19.397814,20.00027,20.183962,17.275505,16.921425,20.019646,21.597246,19.79045,19.471426,20.428696,20.875732,20.263407,22.331982,0.0,0.0,4.0,0.0,4.0,0.0,4.0,0.0
21938,2023.0,6.0,2.0,8.0,19.598387,19.878069,19.00065,19.52104,19.42066,19.473503,18.910828,18.517664,17.24946,17.072147,20.056692,21.46264,19.162521,18.701227,19.297977,18.978783,18.281906,18.17845,4.0,4.0,0.0,0.0,4.0,0.0,0.0,0.0
21939,2023.0,6.0,2.0,8.0,19.638144,19.965717,20.246288,21.969673,18.837032,18.430813,18.444897,17.965014,17.229929,17.085146,20.065401,21.34587,19.179905,18.950502,18.759705,18.35924,17.392124,17.078186,0.0,0.0,0.0,0.0,0.0,0.0,0.0,0.0
21940,2023.0,6.0,2.0,8.0,19.567122,19.906584,18.88649,19.082438,18.431376,17.945654,18.23398,17.76376,17.162704,17.025051,18.885366,18.949915,19.148405,18.959463,18.521877,18.124092,18.274036,18.93265,4.0,0.0,0.0,0.0,4.0,0.0,0.0,4.0
21941,2023.0,6.0,2.0,8.0,19.517231,19.861364,20.207966,21.609509,18.282173,17.802067,18.941069,19.243965,17.859684,18.38502,20.257607,21.47839,19.843237,20.350182,19.609467,20.333143,20.276228,22.30105,4.0,0.0,4.0,4.0,4.0,4.0,4.0,0.0
21942,2023.0,6.0,2.0,9.0,18.852957,18.67714,20.04043,21.185099,18.358068,18.10289,18.697498,18.652287,20.287582,22.463942,20.039251,21.068722,19.819386,20.095043,18.874088,18.623648,19.048168,19.565723,0.0,0.0,0.0,0.0,0.0,4.0,0.0,4.0
21943,2023.0,6.0,2.0,9.0,18.48115,18.22469,18.708315,18.558348,19.040213,19.437515,18.77382,18.939638,18.309631,18.276918,18.734165,18.51504,19.756285,20.02393,18.355043,17.999813,20.232727,21.924269,0.0,4.0,4.0,0.0,0.0,4.0,0.0,0.0
21944,2023.0,6.0,2.0,9.0,19.01289,19.353321,18.130592,17.951302,19.309431,19.791616,18.854033,19.062922,18.03749,18.322533,18.17253,17.961508,19.079138,18.752502,18.187237,17.831303,18.52638,18.424305,0.0,4.0,4.0,4.0,0.0,0.0,0.0,0.0
21945,2023.0,6.0,2.0,9.0,19.164112,19.567604,18.44476,18.651524,19.092031,19.330349,18.853062,19.072338,20.27047,22.182642,18.419846,18.541208,18.802263,18.387259,18.096424,17.748,17.907114,17.56773,4.0,4.0,4.0,4.0,4.0,0.0,0.0,0.0
21946,2023.0,6.0,2.0,9.0,19.178638,19.582392,20.227839,21.786924,18.990519,19.207743,18.25957,17.98477,20.148678,21.7327,20.203163,21.683144,18.684944,18.276781,19.224552,19.980574,17.831755,17.660734,0.0,4.0,0.0,0.0,4.0,0.0,4.0,0.0
21947,2023.0,6.0,2.0,9.0,19.201656,19.620352,19.276617,19.733805,18.366867,18.065067,18.55523,18.73887,19.071737,19.450785,20.038374,21.208408,18.603384,18.20548,18.561506,18.355185,17.751312,17.605997,4.0,0.0,4.0,4.0,0.0,0.0,0.0,0.0
21948,2023.0,6.0,2.0,10.0,18.604965,18.506172,20.203289,21.58382,18.032364,17.646818,18.740131,18.99228,20.218592,21.71976,18.718573,18.554455,18.728329,18.527845,18.111933,17.801498,17.648523,17.509441,0.0,0.0,4.0,0.0,0.0,0.0,0.0,0.0
21949,2023.0,6.0,2.0,10.0,18.275852,18.092741,19.122807,19.326439,18.565563,18.749718,18.195578,17.977373,18.6902,18.603024,18.517218,18.638206,19.546146,20.070784,17.994123,17.681744,17.563549,17.429655,4.0,4.0,0.0,0.0,4.0,4.0,0.0,0.0
21950,2023.0,6.0,2.0,10.0,18.875658,19.299368,20.163383,21.333744,18.756678,19.036137,17.91596,17.577194,18.073843,17.725204,20.174223,21.581533,18.906048,18.682568,17.940468,17.63643,18.423944,19.105883,4.0,4.0,0.0,0.0,4.0,0.0,0.0,4.0
21951,2023.0,6.0,2.0,10.0,19.09969,19.566116,20.037601,21.0368,18.800364,19.089066,17.792309,17.459318,17.998646,17.815058,20.035213,21.136822,18.555672,18.21558,18.036587,17.88341,20.22809,22.055058,0.0,4.0,0.0,0.0,0.0,0.0,0.0,0.0
21952,2023.0,6.0,2.0,10.0,18.540447,18.503475,18.890812,18.797453,18.269735,18.086393,17.880224,17.725697,17.93056,17.776312,19.134892,19.268373,18.493261,18.152258,18.073387,17.943583,18.547537,18.537369,0.0,0.0,0.0,0.0,4.0,0.0,0.0,0.0
21953,2023.0,6.0,2.0,10.0,18.28855,18.15378,18.898705,19.0583,18.649378,18.907259,17.901463,17.791462,17.855536,17.70627,20.216146,21.245079,18.630627,18.45423,18.065971,17.940992,18.806667,19.285337,4.0,4.0,0.0,0.0,0.0,0.0,0.0,4.0
21954,2023.0,6.0,2.0,11.0,18.175034,18.041553,20.148575,21.36103,18.84446,19.168066,18.568338,19.075834,17.7776,17.633743,19.301304,19.42466,18.695705,18.548248,18.054295,17.93159,20.14725,21.536974,0.0,4.0,4.0,0.0,4.0,0.0,0.0,4.0
21955,2023.0,6.0,2.0,11.0,19.00436,19.696249,19.455456,19.896378,18.873692,19.208065,18.854546,19.411026,17.712036,17.571312,20.189905,21.202372,19.492907,20.056213,18.044188,17.922297,20.224848,21.605387,4.0,4.0,4.0,0.0,0.0,4.0,0.0,0.0
21956,2023.0,6.0,2.0,11.0,18.545048,18.579496,20.156631,21.312943,18.897861,19.24215,18.18461,18.083977,18.391933,18.900047,19.0563,18.95745,19.664566,20.10972,18.036823,17.915468,18.797611,18.745728,0.0,4.0,0.0,4.0,0.0,4.0,0.0,0.0
21957,2023.0,6.0,2.0,11.0,18.86991,19.394958,18.989733,18.970062,18.920532,19.274954,17.811195,17.585125,20.19816,21.946472,18.551214,18.382303,19.719385,20.158932,18.032095,17.911085,18.151575,17.906519,0.0,4.0,0.0,0.0,0.0,4.0,0.0,0.0
21958,2023.0,6.0,2.0,11.0,18.469332,18.498198,18.280853,18.026936,18.942127,19.30673,17.707144,17.476288,18.67923,18.726398,18.439837,18.271812,19.11763,18.960144,18.02966,17.908964,17.950802,17.693691,0.0,4.0,0.0,0.0,0.0,0.0,0.0,0.0
21959,2023.0,6.0,2.0,11.0,18.236923,18.16895,18.241276,18.10907,18.37644,18.247612,18.34532,18.722849,18.082548,17.819372,18.368439,18.19663,18.86757,18.571049,18.029613,17.909264,17.963604,17.813309,0.0,0.0,4.0,0.0,0.0,0.0,0.0,0.0
21960,2023.0,6.0,2.0,12.0,18.869547,19.426764,18.633425,18.924223,18.787823,19.138065,17.942196,17.86247,18.044024,17.88255,18.310406,18.141087,19.56137,19.935118,18.0303,17.910488,18.848711,19.528564,4.0,4.0,0.0,0.0,0.0,4.0,0.0,4.0
21961,2023.0,6.0,2.0,12.0,21.2657,23.523293,20.183002,21.626522,21.270077,23.423143,21.277422,23.795708,17.997486,17.851427,18.260439,18.090176,21.160864,22.692001,21.432705,23.813637,20.17481,21.73672,4.0,4.0,4.0,0.0,0.0,4.0,0.0,0.0
21962,2023.0,6.0,2.0,12.0,21.00389,22.730923,20.028954,21.17743,21.005573,22.635792,21.00096,22.890236,18.711502,19.258276,18.210423,18.040684,21.005585,22.165747,21.002882,22.740643,18.777655,18.80291,0.0,4.0,4.0,4.0,0.0,4.0,0.0,0.0
21963,2023.0,6.0,2.0,12.0,21.03733,22.621536,19.23157,19.526833,21.06612,22.603838,21.072117,22.823404,20.16648,21.65523,18.172497,18.004595,21.01721,22.04296,21.050543,22.611498,18.088121,17.870632,4.0,0.0,0.0,0.0,0.0,4.0,0.0,0.0
21964,2023.0,6.0,2.0,12.0,21.207388,22.84354,20.14648,21.374876,21.054678,22.458668,21.034893,22.573988,18.845966,18.87924,18.142597,17.9756,21.141129,22.204653,21.04244,22.438787,18.013746,17.87446,4.0,0.0,4.0,0.0,0.0,0.0,0.0,0.0
21965,2023.0,6.0,2.0,12.0,21.028545,22.395948,20.005836,20.99915,21.051336,22.363905,21.062178,22.543127,18.14255,17.907454,18.11857,17.952017,21.034204,21.90216,21.037987,22.31759,17.981405,17.848745,4.0,0.0,0.0,0.0,0.0,0.0,0.0,0.0
21966,2023.0,6.0,2.0,13.0,21.031065,22.345293,20.050776,21.043064,21.042442,22.29991,21.02951,22.378992,18.088413,17.944164,18.52493,18.736504,21.036322,21.842873,21.039286,22.2368,17.938213,17.808722,0.0,0.0,4.0,0.0,4.0,0.0,0.0,0.0
21967,2023.0,6.0,2.0,13.0,21.054035,22.36514,19.029884,19.038357,21.043394,22.263897,21.167454,22.617281,18.8114,19.341518,20.182762,21.56866,21.004099,21.709368,21.233139,22.56045,17.903091,17.776253,0.0,0.0,0.0,4.0,0.0,4.0,0.0,0.0
21968,2023.0,6.0,2.0,13.0,21.047884,22.309772,18.415617,18.24165,21.042538,22.232096,21.053822,22.339039,20.150492,21.532145,19.167189,19.367146,21.038519,21.764553,21.037401,22.11483,17.873472,17.748013,0.0,0.0,0.0,0.0,0.0,0.0,0.0,0.0
21969,2023.0,6.0,2.0,13.0,21.020477,22.199623,18.756842,19.050537,21.041868,22.206066,21.053705,22.300518,18.927048,18.966875,18.519049,18.39322,21.003082,21.639019,21.03704,22.07701,17.849554,17.72581,4.0,0.0,0.0,0.0,0.0,4.0,0.0,0.0
21970,2023.0,6.0,2.0,13.0,21.328398,22.79357,20.177984,21.5192,21.041235,22.18414,21.01851,22.198158,18.27878,18.078074,18.366423,18.209063,21.22535,22.08241,21.03615,22.045557,17.8296,17.7078,0.0,0.0,4.0,0.0,0.0,0.0,0.0,0.0
21971,2023.0,6.0,2.0,13.0,21.05008,22.231453,19.467028,19.972044,21.015406,22.095444,21.024351,22.202768,18.189838,18.047016,18.316492,18.158186,21.030985,21.664093,21.035543,22.02053,17.812237,17.692719,4.0,4.0,4.0,0.0,0.0,0.0,0.0,0.0
21972,2023.0,6.0,2.0,14.0,21.04447,22.203083,20.13488,21.299763,21.020172,22.096315,21.031906,22.194437,18.15532,18.02115,18.27898,18.121904,21.001207,21.565502,21.035194,22.000578,17.7965,17.679731,4.0,4.0,4.0,0.0,0.0,4.0,0.0,0.0
21973,2023.0,6.0,2.0,14.0,19.949135,20.084097,20.013317,20.978498,20.360577,20.809032,19.795424,19.833744,18.106869,17.975883,18.24629,18.090744,20.159546,19.965998,20.098345,20.181467,17.78061,17.666002,4.0,4.0,0.0,0.0,0.0,0.0,0.0,0.0
21974,2023.0,6.0,2.0,14.0,19.455006,19.556698,20.027761,20.954178,19.478119,19.392418,19.066973,18.898626,18.06015,17.929958,18.21556,18.061298,19.76322,19.472336,19.528973,19.411602,17.761818,17.6487,4.0,0.0,0.0,0.0,0.0,0.0,0.0,0.0
21975,2023.0,6.0,2.0,14.0,19.28305,19.382565,20.025215,20.911608,19.695147,20.066954,19.467348,19.857084,18.017622,17.88915,18.186918,18.034628,19.63487,19.345654,19.311033,19.176773,17.7414,17.630054,4.0,4.0,4.0,0.0,0.0,0.0,0.0,0.0
21976,2023.0,6.0,2.0,14.0,19.141054,19.238642,20.043097,20.933992,19.215082,19.141447,19.005484,18.939276,18.725504,19.261831,18.16061,18.011263,19.64944,19.478333,19.172167,19.038055,17.720663,17.611269,0.0,0.0,0.0,4.0,0.0,0.0,0.0,0.0
21977,2023.0,6.0,2.0,14.0,19.021965,19.117275,19.118986,19.13714,18.849274,18.675844,18.645727,18.490984,20.15908,21.63604,18.13602,17.989845,19.620283,19.467657,19.060692,18.929268,17.699516,17.592028,0.0,0.0,0.0,0.0,0.0,0.0,0.0,0.0
21978,2023.0,6.0,2.0,15.0,19.627737,20.341684,18.95174,19.140451,19.309729,19.669273,19.115494,19.499792,18.895906,18.97307,18.111584,17.968021,19.563519,19.415916,19.971386,20.73584,17.678553,17.572716,4.0,4.0,4.0,0.0,0.0,0.0,4.0,0.0
21979,2023.0,6.0,2.0,15.0,19.663086,20.277916,20.150587,21.279692,19.456161,19.884476,18.695467,18.655064,19.051958,19.449818,18.089865,17.947762,19.516722,19.370943,19.266169,19.226496,17.660114,17.555573,4.0,4.0,0.0,4.0,0.0,0.0,0.0,0.0
21980,2023.0,6.0,2.0,15.0,19.020363,19.0866,20.008076,20.914202,19.463215,19.889698,19.018387,19.439396,20.136452,21.320683,18.068182,17.928108,19.468775,19.325916,18.819775,18.623,17.640753,17.537725,4.0,4.0,4.0,0.0,0.0,0.0,0.0,0.0
21981,2023.0,6.0,2.0,15.0,18.722153,18.720877,20.02655,20.900934,19.464588,19.89125,18.620668,18.584572,19.02831,19.053541,18.048845,17.910992,19.425468,19.285435,19.661884,20.317099,18.537357,19.247255,4.0,4.0,0.0,0.0,0.0,0.0,4.0,4.0
21982,2023.0,6.0,2.0,15.0,19.304647,19.897545,20.041811,20.912329,19.462482,19.889362,18.303507,18.168531,18.421724,18.233202,18.030853,17.895052,19.386253,19.24857,19.072397,18.946615,20.204891,21.941198,0.0,4.0,0.0,0.0,0.0,0.0,0.0,0.0
21983,2023.0,6.0,2.0,15.0,19.506487,20.112312,19.150064,19.17588,18.910915,18.868122,18.189613,18.044128,18.313293,18.181738,18.01396,17.880957,20.106167,20.647488,18.715405,18.513025,18.736984,18.84271,0.0,0.0,0.0,0.0,0.0,4.0,0.0,0.0
21984,2023.0,6.0,2.0,16.0,19.532824,20.13449,19.098185,19.267748,19.266375,19.65553,18.904383,19.451649,18.262926,18.141582,17.998217,17.8676,20.226147,20.724817,19.621264,20.294968,18.190197,18.019444,4.0,4.0,4.0,0.0,0.0,4.0,4.0,0.0
21985,2023.0,6.0,2.0,16.0,19.550232,20.147743,20.11608,21.134426,18.814468,18.763922,18.990799,19.462063,18.202942,18.083496,17.979548,17.850199,19.516203,19.337763,18.991764,18.938688,18.09927,17.981934,4.0,0.0,4.0,0.0,0.0,0.0,0.0,0.0
21986,2023.0,6.0,2.0,16.0,19.563917,20.156883,20.011028,20.857782,19.136868,19.542292,18.407642,18.360388,18.88089,19.421368,18.35358,18.5748,19.983704,20.401396,18.610079,18.42321,18.01868,17.910341,4.0,4.0,0.0,4.0,4.0,4.0,0.0,0.0
21987,2023.0,6.0,2.0,16.0,18.982084,19.058563,20.024952,20.844343,18.74302,18.695694,18.762697,19.18528,20.147734,21.508831,20.190939,21.74359,19.49751,19.316109,18.49505,18.297667,17.9396,17.83441,4.0,0.0,4.0,0.0,0.0,0.0,0.0,0.0
21988,2023.0,6.0,2.0,16.0,19.3498,19.937525,20.040834,20.861925,19.054432,19.444342,18.391546,18.35668,18.936886,18.981804,19.058868,19.287916,19.217545,18.96396,18.42564,18.22773,17.871393,17.768337,0.0,4.0,0.0,0.0,0.0,0.0,0.0,0.0
21989,2023.0,6.0,2.0,16.0,18.91935,18.99487,19.153341,19.135155,18.66914,18.608555,18.737083,19.164995,18.293156,18.111635,18.371794,18.291658,19.884237,20.290413,18.447092,18.329538,18.731472,19.44748,0.0,0.0,4.0,0.0,0.0,4.0,0.0,4.0
21990,2023.0,6.0,2.0,17.0,19.359875,19.936697,19.122562,19.263412,18.420351,18.248173,18.8708,19.319506,18.226583,18.10387,18.23367,18.11651,20.106495,20.593634,18.434734,18.329502,20.192657,21.887407,4.0,0.0,4.0,0.0,0.0,4.0,0.0,0.0
21991,2023.0,6.0,2.0,17.0,18.929182,19.00276,20.110296,21.068016,18.939028,19.310379,18.339863,18.29332,18.170895,18.060785,18.154392,18.033258,20.172022,20.65349,18.400581,18.298122,18.734285,18.814268,4.0,4.0,0.0,0.0,0.0,4.0,0.0,0.0
21992,2023.0,6.0,2.0,17.0,18.600182,18.57356,20.02904,20.860989,19.151497,19.567444,18.696142,19.11998,18.098345,17.98952,18.088081,17.965654,19.45928,19.265673,18.363005,18.261702,18.001076,17.820389,0.0,4.0,4.0,0.0,0.0,0.0,0.0,0.0
21993,2023.0,6.0,2.0,17.0,19.177341,19.742506,19.462137,19.713947,19.173018,19.582062,18.296707,18.234375,18.03262,17.926043,18.033188,17.913136,19.168024,18.907969,18.326412,18.226828,18.823542,19.532257,4.0,4.0,0.0,0.0,0.0,0.0,0.0,4.0
21994,2023.0,6.0,2.0,17.0,18.724785,18.788776,20.09578,20.944965,19.183437,19.58661,18.708315,19.10385,17.980583,17.874876,17.989256,17.869528,19.086182,18.82187,18.293665,18.19554,20.18012,21.796595,4.0,4.0,4.0,0.0,0.0,0.0,0.0,0.0
21995,2023.0,6.0,2.0,17.0,19.12365,19.696589,20.013968,20.753624,19.190777,19.587767,18.886536,19.304773,17.925177,17.822264,18.325266,18.545288,19.015541,18.752697,18.258673,18.16274,18.743177,18.793442,4.0,4.0,4.0,0.0,4.0,0.0,0.0,0.0
21996,2023.0,6.0,2.0,18.0,19.31081,19.881025,20.244617,21.194963,19.194565,19.585705,18.903318,19.313587,18.60806,19.158361,20.206299,21.81791,19.8556,20.416922,18.223684,18.12956,18.041641,17.870485,4.0,4.0,4.0,4.0,0.0,4.0,0.0,0.0
21997,2023.0,6.0,2.0,18.0,21.245249,23.233788,20.022074,20.727951,21.258059,23.184996,21.277143,23.460102,20.191288,21.775951,19.291489,19.759405,21.159525,22.54327,21.481016,23.83081,17.839615,17.64184,4.0,4.0,0.0,0.0,4.0,0.0,0.0,0.0
21998,2023.0,6.0,2.0,18.0,21.029953,22.60998,20.022896,20.717588,21.006794,22.472124,21.024426,22.69565,18.758753,18.766317,20.178938,21.515863,21.002743,22.045717,21.006697,22.697227,17.820276,17.717056,4.0,4.0,0.0,0.0,0.0,4.0,0.0,0.0
21999,2023.0,6.0,2.0,18.0,21.027803,22.436201,20.040764,20.757149,21.037827,22.389196,21.03854,22.529335,18.764982,19.18882,19.217192,19.450054,21.018225,21.970947,21.051563,22.588572,17.780468,17.687935,0.0,4.0,4.0,4.0,4.0,4.0,0.0,0.0
22000,2023.0,6.0,2.0,18.0,21.055132,22.410498,19.160032,19.055056,21.057632,22.34761,21.061964,22.479462,20.27391,21.770884,20.206696,21.404219,21.045595,21.970905,21.0059,22.33466,17.718893,17.629469,0.0,0.0,0.0,0.0,0.0,0.0,4.0,0.0
22001,2023.0,6.0,2.0,18.0,21.021893,22.24714,18.614073,18.343481,21.026917,22.187685,21.031084,22.310595,19.426188,19.900532,18.976297,18.936163,21.040033,21.898796,21.06104,22.367556,18.631777,19.411186,0.0,4.0,4.0,4.0,0.0,0.0,0.0,4.0
22002,2023.0,6.0,2.0,19.0,21.053858,22.277447,19.004421,19.247578,21.056814,22.211737,21.060684,22.327545,20.157473,21.375444,18.423328,18.308533,21.009785,21.774424,21.050482,22.265337,20.19338,21.905489,4.0,0.0,0.0,0.0,0.0,4.0,0.0,0.0
22003,2023.0,6.0,2.0,19.0,21.020288,22.144386,20.137278,21.201809,21.025143,22.08136,21.028996,22.192455,18.906046,18.836203,18.28974,18.172928,21.0448,21.8375,21.01142,22.098663,18.618544,18.614092,0.0,4.0,4.0,0.0,0.0,0.0,4.0,0.0
22004,2023.0,6.0,2.0,19.0,21.025763,22.12434,19.24859,19.3757,21.030348,22.058916,21.034206,22.166586,18.242243,17.994543,18.17504,18.060253,21.009,21.720676,21.058184,22.182545,17.879389,17.674843,0.0,4.0,4.0,0.0,0.0,4.0,0.0,0.0
22005,2023.0,6.0,2.0,19.0,21.052214,22.173578,18.672306,18.573612,21.055107,22.102617,21.032112,22.135197,18.17906,18.06452,18.070814,17.952795,21.014038,21.718325,21.046967,22.124912,17.817808,17.726889,0.0,0.0,4.0,0.0,0.0,4.0,0.0,0.0
22006,2023.0,6.0,2.0,19.0,21.045914,22.133917,18.95998,19.23784,21.023478,21.991976,21.058777,22.184908,18.872509,19.447927,18.364792,18.586906,21.044668,21.78896,21.010237,21.994316,17.759516,17.672607,4.0,4.0,0.0,4.0,4.0,0.0,4.0,0.0
22007,2023.0,6.0,2.0,19.0,21.257149,22.512346,20.154242,21.307848,21.055065,22.05604,21.052927,22.14658,20.169401,21.560303,20.252605,21.81884,21.23651,22.138025,21.05765,22.102545,17.685207,17.601715,0.0,0.0,0.0,0.0,0.0,4.0,0.0,0.0
22008,2023.0,6.0,2.0,20.0,21.051006,22.09858,19.001507,18.931425,21.023453,21.951826,21.027712,22.051771,18.779018,18.694324,19.292732,19.727087,21.014269,21.682343,21.049175,22.066301,17.616405,17.534937,0.0,4.0,4.0,0.0,4.0,4.0,0.0,0.0
22009,2023.0,6.0,2.0,20.0,21.018744,21.99762,18.30025,17.966562,21.05506,22.020468,21.032885,22.046305,18.778255,19.135054,20.184128,21.517168,21.014786,21.681417,21.049948,22.04968,17.552372,17.47093,0.0,0.0,4.0,4.0,0.0,4.0,0.0,0.0
22010,2023.0,6.0,2.0,20.0,21.024837,21.999897,18.280415,18.099735,21.049171,21.990162,21.058006,22.102844,20.19051,21.54339,18.816969,18.709578,21.01535,21.680473,21.03973,22.034817,18.464489,19.251976,0.0,0.0,0.0,0.0,0.0,4.0,0.0,4.0
22011,2023.0,6.0,2.0,20.0,21.024332,21.990305,18.702845,18.935976,21.049896,21.973497,21.052881,22.07282,18.774979,18.643887,18.383327,18.348803,21.046236,21.757675,21.04119,22.039034,20.218441,22.065845,4.0,0.0,0.0,0.0,4.0,0.0,0.0,0.0
22012,2023.0,6.0,2.0,20.0,21.197163,22.346987,20.18469,21.489561,21.22248,22.328827,21.188387,22.323929,18.03796,17.719198,20.316648,21.684252,21.148151,21.94832,21.249996,22.45605,18.438831,18.345213,0.0,0.0,0.0,0.0,0.0,0.0,0.0,0.0
22013,2023.0,6.0,2.0,20.0,21.046164,22.02502,19.471424,19.902464,21.037922,21.958176,21.01376,21.960318,18.006361,17.86516,19.101252,19.209858,21.041742,21.719803,21.04069,22.029749,17.636808,17.363222,4.0,0.0,4.0,0.0,4.0,0.0,0.0,0.0
22014,2023.0,6.0,2.0,21.0,21.255774,22.410109,20.159164,21.25647,21.038254,21.960245,21.060905,22.056107,18.74201,19.31906,20.26291,21.460958,21.221632,22.05099,21.001434,21.92256,17.614916,17.50271,0.0,0.0,0.0,4.0,4.0,4.0,4.0,0.0
22015,2023.0,6.0,2.0,21.0,21.02488,21.934986,19.230589,19.304249,21.03824,21.958784,21.053114,22.021612,20.19065,21.675882,20.015545,20.940567,21.047285,21.715027,21.061113,22.053392,18.478449,19.176655,4.0,0.0,0.0,0.0,4.0,0.0,0.0,4.0
22016,2023.0,6.0,2.0,21.0,21.220432,22.342335,20.171835,21.2464,21.252146,22.383474,21.20993,22.316801,19.197767,19.50788,20.041956,20.921072,21.16305,21.938715,21.245537,22.402779,20.185799,21.899878,0.0,0.0,0.0,4.0,4.0,0.0,0.0,4.0
22017,2023.0,6.0,2.0,21.0,21.04665,21.977497,19.24263,19.287071,21.012135,21.874058,21.0384,21.982115,20.230942,21.523394,20.05449,20.907644,21.012438,21.607141,21.051579,21.990911,20.043512,21.4384,4.0,4.0,0.0,0.0,0.0,4.0,0.0,0.0
22018,2023.0,6.0,2.0,21.0,21.195078,22.261986,20.170673,21.210432,21.315987,22.485346,21.216831,22.345163,18.717232,18.494116,18.839422,18.538296,21.144833,21.892075,21.660767,22.840836,18.493603,18.306896,0.0,4.0,0.0,0.0,0.0,0.0,4.0,0.0
22019,2023.0,6.0,2.0,21.0,21.032839,21.95066,19.250105,19.276121,21.057924,21.95322,21.01472,21.919333,17.95501,17.562998,18.739067,18.853443,21.042913,21.676905,21.053005,21.910461,17.738655,17.391342,4.0,0.0,4.0,0.0,4.0,0.0,0.0,0.0
22020,2023.0,6.0,2.0,22.0,21.454876,22.785894,20.17045,21.186562,21.051632,21.916626,21.046392,22.011324,18.763094,19.314451,20.21411,21.343636,21.281366,22.127342,21.051947,21.916039,17.504848,17.143236,0.0,0.0,0.0,4.0,4.0,4.0,0.0,0.0
22021,2023.0,6.0,2.0,22.0,21.054249,21.977169,18.909237,18.626842,21.026495,21.82579,21.03097,21.929125,20.151855,21.501091,20.04036,20.97003,21.048489,21.67383,21.052086,21.918545,18.383026,18.966524,0.0,4.0,4.0,4.0,0.0,0.0,0.0,4.0
22022,2023.0,6.0,2.0,22.0,21.047935,21.951183,18.448668,18.2058,21.057524,21.896795,21.060307,21.989244,20.044323,21.1561,19.01992,18.921925,21.043697,21.658485,21.052351,21.918251,20.194603,21.873245,0.0,0.0,0.0,0.0,4.0,0.0,0.0,4.0
22023,2023.0,6.0,2.0,22.0,21.19352,22.229195,18.37936,18.163872,21.190754,22.149118,21.18539,22.218975,18.637325,18.34436,20.258984,21.382622,21.14377,21.851957,21.254486,22.347157,20.18113,21.67143,0.0,0.0,0.0,0.0,0.0,0.0,0.0,0.0
22024,2023.0,6.0,2.0,22.0,21.032555,21.92286,18.27317,18.054853,21.051775,21.853777,21.054392,21.934853,17.908722,17.471151,18.787605,18.481884,21.029793,21.643908,21.040325,21.927973,18.470747,18.222658,0.0,0.0,0.0,0.0,0.0,0.0,0.0,0.0
22025,2023.0,6.0,2.0,22.0,21.035175,21.941345,18.172716,17.947252,21.035507,21.844143,21.038137,21.921907,17.941082,17.760235,18.254227,18.038767,21.031656,21.662624,21.000261,21.832047,18.513279,18.836008,0.0,0.0,0.0,0.0,0.0,0.0,4.0,4.0
22026,2023.0,6.0,2.0,23.0,21.035223,21.950287,18.08877,17.862785,21.03774,21.861393,21.040508,21.937635,17.900028,17.733898,18.149828,17.95384,21.001442,21.593876,21.062809,21.97469,20.274717,21.780834,0.0,0.0,0.0,0.0,0.0,4.0,0.0,0.0
22027,2023.0,6.0,2.0,23.0,20.161522,20.279322,18.010769,17.782179,20.122026,20.112833,20.059528,20.062181,18.352041,18.67252,18.008057,17.815052,20.516258,20.653143,20.535084,20.904001,18.545359,18.31455,0.0,0.0,0.0,4.0,0.0,4.0,4.0,0.0
22028,2023.0,6.0,2.0,23.0,19.737055,19.686943,17.94918,17.716024,19.636238,19.409718,19.549871,19.333265,18.553095,18.951004,17.895973,17.697481,20.365305,20.471012,19.538673,19.14121,17.927961,17.497164,0.0,0.0,0.0,4.0,0.0,4.0,0.0,0.0
22029,2023.0,6.0,2.0,23.0,20.243895,20.795315,17.891846,17.65715,19.424068,19.17902,19.326784,19.093767,17.720865,17.32544,17.792337,17.592865,19.650032,19.188803,19.091293,18.606802,17.946522,17.757301,0.0,0.0,0.0,0.0,0.0,0.0,0.0,0.0
22030,2023.0,6.0,2.0,23.0,19.70748,19.750189,17.837053,17.59957,19.263893,19.013649,19.156425,18.918877,17.394653,16.937061,17.69549,17.492853,19.296103,18.74411,18.842592,18.353355,17.873331,17.718864,0.0,0.0,0.0,0.0,0.0,0.0,0.0,0.0
22031,2023.0,6.0,2.0,23.0,19.060078,18.646585,17.784771,17.544813,19.127699,18.87492,19.012188,18.772379,17.258926,16.801905,17.605082,17.399693,19.11313,18.557537,18.648832,18.163916,17.755703,17.593975,0.0,0.0,0.0,0.0,0.0,0.0,0.0,0.0
22032,2023.0,6.0,3.0,0.0,18.805492,18.34364,17.73321,17.489264,19.004099,18.746464,18.88206,18.637238,17.421757,17.244268,17.518587,17.308409,18.96363,18.407804,18.769587,18.575743,17.647665,17.481073,0.0,0.0,0.0,0.0,0.0,0.0,0.0,0.0
22033,2023.0,6.0,3.0,0.0,18.979115,18.84961,17.686218,17.440998,18.897337,18.640394,18.770208,18.526026,17.398014,17.216578,17.440544,17.229053,19.167912,18.947306,18.701054,18.510277,17.55291,17.385206,0.0,0.0,0.0,0.0,0.0,0.0,0.0,0.0
22034,2023.0,6.0,3.0,0.0,18.96191,18.88556,17.643415,17.399174,18.804464,18.552519,18.673178,18.434113,17.344463,17.163628,17.662523,17.706345,19.134977,18.91395,18.607622,18.419373,18.199371,18.677965,0.0,0.0,0.0,0.0,4.0,0.0,0.0,4.0
22035,2023.0,6.0,3.0,0.0,19.622278,20.191399,17.600323,17.35487,18.715502,18.464245,18.580475,18.341982,17.859617,18.17691,17.42997,17.23703,19.067657,18.846037,18.514833,18.326088,18.434568,18.988302,0.0,0.0,0.0,4.0,0.0,0.0,0.0,4.0
22036,2023.0,6.0,3.0,0.0,18.836329,18.571037,17.558977,17.312174,18.633436,18.38279,18.495523,18.257336,17.468134,17.324123,17.291435,17.078707,19.001965,18.77931,18.427013,18.23783,17.486399,17.116188,0.0,0.0,0.0,0.0,0.0,0.0,0.0,0.0
22037,2023.0,6.0,3.0,0.0,18.44018,17.981487,17.516745,17.266457,18.553362,18.299524,18.412914,18.171108,17.023273,16.573492,17.218384,17.001923,18.936077,18.709696,18.34107,18.148039,17.137741,16.692392,0.0,0.0,0.0,0.0,0.0,0.0,0.0,0.0
22038,2023.0,6.0,3.0,1.0,18.286074,17.817766,17.474342,17.219454,18.477137,18.21892,18.334023,18.087593,16.85055,16.372053,17.148195,16.926971,18.873201,18.643085,18.260431,18.06394,16.994537,16.547426,0.0,0.0,0.0,0.0,0.0,0.0,0.0,0.0
22039,2023.0,6.0,3.0,1.0,18.51112,18.383457,17.437197,17.182293,18.41167,18.15572,18.265959,18.021963,17.044502,16.864967,17.087088,16.86607,18.816135,18.58556,18.18752,17.991066,17.1567,16.990633,0.0,0.0,0.0,0.0,0.0,0.0,0.0,0.0
22040,2023.0,6.0,3.0,1.0,18.531803,18.454117,17.397179,17.138666,18.345005,18.086317,18.196459,17.949793,17.029173,16.835386,17.025234,16.800827,18.75925,18.525896,18.11617,17.917397,17.120964,16.941887,0.0,0.0,0.0,0.0,0.0,0.0,0.0,0.0
22041,2023.0,6.0,3.0,1.0,18.490025,18.413416,17.362741,17.105593,18.288122,18.033363,18.137167,17.894747,17.574993,17.897717,16.970865,16.748371,18.708096,18.475643,18.051825,17.854576,17.066118,16.887983,0.0,0.0,0.0,4.0,0.0,0.0,0.0,0.0
22042,2023.0,6.0,3.0,1.0,18.439003,18.35852,17.322374,17.059937,18.2252,17.965395,18.071695,17.824163,17.799795,18.188257,16.911348,16.683619,18.65381,18.417114,17.98497,17.783752,17.007572,16.825409,0.0,0.0,0.0,4.0,0.0,0.0,0.0,0.0
22043,2023.0,6.0,3.0,1.0,18.394321,18.31637,17.289782,17.029253,18.17413,17.918789,18.018635,17.77584,16.966433,16.525421,16.861261,16.636293,18.60695,18.371899,17.92676,17.727886,17.670473,18.119106,0.0,0.0,0.0,0.0,0.0,0.0,0.0,4.0
22044,2023.0,6.0,3.0,2.0,18.34563,18.265318,17.25316,16.989996,18.119164,17.862158,17.961758,17.717266,16.666035,16.167295,16.807459,16.58011,18.557665,18.320322,17.866434,17.665575,17.163202,17.015877,0.0,0.0,0.0,0.0,0.0,0.0,0.0,0.0
22045,2023.0,6.0,3.0,2.0,18.300894,18.221865,17.220392,16.958206,18.766865,19.123121,17.91083,17.66816,16.559086,16.068384,16.758175,16.531788,18.512728,18.276184,17.811005,17.61114,16.738787,16.31381,0.0,4.0,0.0,0.0,0.0,0.0,0.0,0.0
22046,2023.0,6.0,3.0,2.0,18.25695,18.17909,17.188679,16.927683,18.349146,18.223667,17.862017,17.620955,16.746084,16.540133,16.710611,16.484907,18.469528,18.233503,17.757782,17.558481,17.323437,17.543251,0.0,0.0,0.0,0.0,0.0,0.0,0.0,4.0
22047,2023.0,6.0,3.0,2.0,18.213823,18.137028,17.157454,16.897587,17.744259,17.128363,17.814869,17.575285,16.762293,16.56548,16.664576,16.439493,18.428019,18.19248,17.706905,17.50813,17.475346,17.691568,0.0,0.0,0.0,0.0,0.0,0.0,0.0,4.0
22048,2023.0,6.0,3.0,2.0,18.172518,18.097397,17.127268,16.869047,17.549715,16.912535,17.77041,17.53289,16.72587,16.529531,16.620754,16.397072,18.38845,18.154062,17.65844,17.460947,16.817904,16.422981,0.0,0.0,0.0,0.0,0.0,0.0,0.0,0.0
22049,2023.0,6.0,3.0,2.0,18.130926,18.05605,17.096483,16.838863,17.780018,17.477964,17.726076,17.489124,16.688705,16.492441,16.576948,16.353388,18.348795,18.114506,17.609861,17.41243,16.562449,16.118536,0.0,0.0,0.0,0.0,0.0,0.0,0.0,0.0
22050,2023.0,6.0,3.0,3.0,18.089441,18.01392,17.064749,16.806421,17.83069,17.579945,17.681189,17.443497,16.65021,16.453436,16.533306,16.308859,18.309423,18.074654,17.561743,17.363842,16.445028,16.0021,0.0,0.0,0.0,0.0,0.0,0.0,0.0,0.0
22051,2023.0,6.0,3.0,3.0,18.050543,17.976112,17.03566,16.778988,17.801092,17.55252,17.639973,17.404701,16.613434,16.417574,16.811062,16.867306,18.272173,18.038204,17.516071,17.319122,16.605223,16.416546,0.0,0.0,0.0,0.0,4.0,0.0,0.0,0.0
22052,2023.0,6.0,3.0,3.0,18.010387,17.93523,17.004177,16.746422,17.76417,17.5155,17.5964,17.360542,16.575447,16.378975,16.898443,16.966635,18.23424,17.999628,17.469984,17.272577,16.601948,16.420408,0.0,0.0,0.0,0.0,4.0,0.0,0.0,0.0
22053,2023.0,6.0,3.0,3.0,17.976107,17.905495,16.976942,16.72167,17.728903,17.483694,17.558018,17.325802,17.127264,17.448845,16.622957,16.434584,18.199383,17.966562,17.427229,17.231861,16.56728,16.387392,0.0,0.0,0.0,4.0,0.0,0.0,0.0,0.0
22054,2023.0,6.0,3.0,3.0,17.951977,17.895304,16.94766,16.692318,17.690687,17.446268,17.517601,17.285978,16.713547,16.539217,16.49712,16.278149,18.163563,17.93084,17.383621,17.188505,16.528585,16.348997,0.0,0.0,0.0,0.0,0.0,0.0,0.0,0.0
22055,2023.0,6.0,3.0,3.0,17.917997,17.860964,16.917324,16.659967,17.649588,17.403101,17.474834,17.240898,16.5701,16.372635,16.433874,16.209164,18.12667,17.892397,17.339031,17.14245,16.48745,16.306437,0.0,0.0,0.0,0.0,0.0,0.0,0.0,0.0
22056,2023.0,6.0,3.0,4.0,17.882862,17.825592,16.888222,16.631325,17.6113,17.365408,17.435322,17.201935,16.518646,16.32162,16.384056,16.15982,18.091944,17.857803,17.296825,17.100533,16.448244,16.267473,0.0,0.0,0.0,0.0,0.0,0.0,0.0,0.0
22057,2023.0,6.0,3.0,4.0,17.852024,17.799107,16.863415,16.611557,17.578777,17.338919,17.401812,17.174532,16.476265,16.284504,16.343607,16.125301,18.061718,17.831713,18.260496,18.950743,16.413427,16.236795,0.0,0.0,0.0,0.0,0.0,0.0,4.0,0.0
22058,2023.0,6.0,3.0,4.0,17.819002,17.768,16.836895,16.58787,17.544155,17.30711,17.366,17.141602,16.435436,16.245579,16.302553,16.086632,18.03044,17.802553,17.347046,16.982664,16.377478,16.202795,0.0,0.0,0.0,0.0,0.0,0.0,0.0,0.0
22059,2023.0,6.0,3.0,4.0,17.785378,17.735376,16.809862,16.562943,17.509298,17.273928,17.32975,17.107166,16.98289,17.31021,16.560167,16.604502,17.998976,17.772413,17.01802,16.564234,16.341373,16.167728,0.0,0.0,0.0,4.0,4.0,0.0,0.0,0.0
22060,2023.0,6.0,3.0,4.0,17.753075,17.70487,16.783802,16.539549,17.475595,17.24284,17.294981,17.075045,16.569454,16.404465,16.339458,16.128643,17.968834,17.744308,16.916245,16.468685,16.306828,16.13503,0.0,0.0,0.0,0.0,0.0,0.0,0.0,0.0
22061,2023.0,6.0,3.0,4.0,17.72147,17.675117,16.758408,16.516891,17.442307,17.212515,17.261114,17.044006,16.186918,15.759235,16.241808,16.030191,17.939692,17.717424,17.06644,16.859327,17.003756,17.478575,0.0,0.0,0.0,0.0,0.0,0.0,0.0,4.0
22062,2023.0,6.0,3.0,5.0,17.689821,17.645123,16.732897,16.49394,17.408913,17.181805,17.227514,17.012848,16.592062,16.627579,16.203125,15.995341,17.911308,17.691086,17.082937,16.898085,16.505865,16.380096,0.0,0.0,0.0,4.0,0.0,0.0,0.0,0.0
22063,2023.0,6.0,3.0,5.0,17.660362,17.61947,16.709524,16.47535,17.378136,17.155907,17.915451,18.335644,16.16396,15.7308855,16.167154,15.963736,17.885778,17.669285,17.056599,16.876558,16.816477,17.040493,0.0,0.0,4.0,0.0,0.0,0.0,0.0,4.0
22064,2023.0,6.0,3.0,5.0,18.39153,19.023485,17.112604,17.255507,17.348421,17.131168,17.497124,17.410103,16.584446,16.672216,16.42449,16.475082,18.618933,19.079998,17.027435,16.851053,16.979282,17.250452,4.0,0.0,0.0,4.0,4.0,4.0,0.0,4.0
22065,2023.0,6.0,3.0,5.0,17.911041,17.962967,16.880234,16.748386,17.31932,17.106775,16.969423,16.46397,16.148396,15.73397,16.229443,16.043404,18.10667,17.958712,16.998346,16.825462,16.298212,15.925698,0.0,0.0,0.0,0.0,0.0,0.0,0.0,0.0
22066,2023.0,6.0,3.0,5.0,17.414867,17.085524,16.736631,16.527136,17.291227,17.083593,16.807692,16.287558,15.984135,15.574175,16.138151,15.945812,17.694475,17.236004,16.970976,16.801868,16.838928,17.114786,0.0,0.0,0.0,0.0,0.0,0.0,0.0,4.0
22067,2023.0,6.0,3.0,5.0,17.256165,16.898108,16.689465,16.474108,17.26339,17.060513,16.991282,16.739748,16.133736,15.94142,16.112738,15.926211,17.564463,17.090282,16.94518,16.779745,16.28361,15.94035,0.0,0.0,0.0,0.0,0.0,0.0,0.0,0.0
22068,2023.0,6.0,3.0,6.0,18.135237,18.65901,16.657902,16.447292,17.23597,17.0381,17.050224,16.85444,16.17137,16.008604,16.0895,15.907668,17.757706,17.548143,16.921406,16.759827,16.079987,15.716076,0.0,0.0,0.0,0.0,0.0,0.0,0.0,0.0
22069,2023.0,6.0,3.0,6.0,21.266932,23.97369,16.631485,16.428377,21.236221,24.123516,21.22149,24.23135,16.74681,17.103027,16.071886,15.895617,22.12561,24.954824,21.568556,24.66286,16.778746,17.110067,0.0,0.0,0.0,4.0,0.0,4.0,0.0,4.0
22070,2023.0,6.0,3.0,6.0,21.00695,23.050919,16.606268,16.410248,21.008894,23.213047,21.009706,23.330717,20.342037,23.20714,16.345184,16.42397,20.926504,22.530565,20.924463,23.115574,20.356247,23.17551,0.0,0.0,0.0,0.0,4.0,0.0,4.0,0.0
22071,2023.0,6.0,3.0,6.0,21.154385,23.099178,17.042646,17.250866,21.153282,23.214508,21.152695,23.317274,17.814375,17.7736,20.460419,23.266867,21.135046,22.731462,21.185823,23.357626,18.424639,18.894764,4.0,0.0,0.0,0.0,0.0,0.0,0.0,4.0
22072,2023.0,6.0,3.0,6.0,21.158613,22.944357,20.31084,22.830423,21.173498,23.044327,21.150913,23.112432,16.640673,16.28473,18.467766,19.041348,21.119837,22.521837,21.167988,23.104141,20.323078,22.632448,4.0,4.0,0.0,0.0,4.0,4.0,0.0,4.0
22073,2023.0,6.0,3.0,6.0,21.047874,22.610165,20.016504,21.856777,21.039242,22.646673,21.061747,22.793287,16.644548,16.489368,20.287992,22.635427,21.03681,22.243635,21.035284,22.653852,21.02552,23.425055,4.0,4.0,0.0,0.0,0.0,4.0,4.0,0.0
22074,2023.0,6.0,3.0,7.0,21.046513,22.53027,20.06263,21.693684,21.054317,22.555504,21.059935,22.690634,17.243757,17.637371,18.44494,18.699244,21.03427,22.158625,21.078651,22.66216,18.195389,18.034409,4.0,4.0,0.0,4.0,0.0,4.0,0.0,0.0
22075,2023.0,6.0,3.0,7.0,21.04445,22.47012,20.053469,21.503141,21.074667,22.529852,21.058529,22.615286,20.319653,22.845692,17.378819,17.244387,21.0322,22.09475,21.029552,22.453556,17.286924,16.934265,4.0,0.0,0.0,4.0,0.0,4.0,4.0,0.0
22076,2023.0,6.0,3.0,7.0,21.041702,22.421347,20.067696,21.426003,21.040514,22.374634,21.030598,22.48792,19.99656,21.858124,17.5744,17.800877,21.029446,22.043964,21.035028,22.409348,17.231724,17.090115,0.0,4.0,4.0,4.0,4.0,4.0,4.0,0.0
22077,2023.0,6.0,3.0,7.0,21.041492,22.386204,18.84379,18.964611,21.046701,22.338879,21.061535,22.533564,20.078514,21.797535,20.285135,22.453398,21.058758,22.084763,21.033516,22.36595,18.1398,18.898575,4.0,4.0,0.0,0.0,0.0,0.0,4.0,4.0
22078,2023.0,6.0,3.0,7.0,21.039522,22.356583,20.211098,21.780636,21.044552,22.300337,21.044895,22.41785,18.289398,18.178057,18.55844,18.806469,21.052221,22.034418,21.071596,22.43736,20.271639,22.428062,0.0,4.0,4.0,0.0,0.0,0.0,0.0,0.0
22079,2023.0,6.0,3.0,7.0,21.038464,22.334473,18.633081,18.563211,21.06835,22.34086,21.046846,22.380941,17.393974,17.072613,17.573841,17.482649,21.021324,21.923487,21.062431,22.382734,18.219887,18.168148,0.0,0.0,4.0,0.0,0.0,4.0,0.0,0.0
22080,2023.0,6.0,3.0,8.0,21.064444,22.390379,17.91671,17.771734,21.061543,22.300194,21.0451,22.348963,17.915163,18.273464,17.339056,17.212172,21.02495,21.91386,21.06131,22.347557,17.278692,17.006294,0.0,0.0,4.0,4.0,0.0,4.0,0.0,0.0
22081,2023.0,6.0,3.0,8.0,19.63288,19.623058,17.757893,17.62652,20.084915,20.377138,19.498629,19.393236,20.331808,22.319958,17.209044,17.084742,19.79185,19.558493,19.524963,19.367249,17.199692,17.074392,0.0,4.0,0.0,0.0,0.0,0.0,0.0,0.0
22082,2023.0,6.0,3.0,8.0,18.850826,18.65597,17.614462,17.487574,19.007439,18.717854,18.602877,18.256245,18.422844,18.425053,17.484589,17.688873,19.902348,20.170197,18.907646,18.766705,17.142038,17.043243,0.0,0.0,0.0,0.0,4.0,4.0,0.0,0.0
22083,2023.0,6.0,3.0,8.0,18.625118,18.417923,17.51825,17.393312,18.620445,18.225014,18.341595,17.968395,17.705967,17.409962,20.287586,22.554644,19.31618,19.044338,18.731358,18.597641,17.070345,16.976826,0.0,0.0,0.0,0.0,0.0,0.0,0.0,0.0
22084,2023.0,6.0,3.0,8.0,18.621471,18.610876,17.420809,17.303911,18.389402,18.021288,18.319046,18.15476,17.598135,17.45139,18.615898,18.943626,18.944887,18.6033,19.569489,20.347183,16.992361,16.904404,0.0,0.0,0.0,0.0,0.0,0.0,4.0,0.0
22085,2023.0,6.0,3.0,8.0,18.56811,18.598074,17.35125,17.237343,18.421005,18.246094,18.258486,18.139662,17.51835,17.398252,17.838547,17.72893,18.826143,18.488255,18.698812,18.547232,16.935005,16.849005,0.0,0.0,0.0,0.0,0.0,0.0,0.0,0.0
22086,2023.0,6.0,3.0,9.0,18.468174,18.502396,17.285217,17.174498,18.362972,18.23185,18.148243,18.033985,17.416801,17.299013,17.641266,17.50138,18.918354,18.771732,18.295042,18.010717,16.88181,16.796385,0.0,0.0,0.0,0.0,0.0,0.0,0.0,0.0
22087,2023.0,6.0,3.0,9.0,19.139965,19.85152,17.235054,17.135656,18.276314,18.160555,18.06032,17.960323,17.34116,17.233456,17.531603,17.403032,18.897722,18.76883,18.160849,17.899405,16.84222,16.762281,0.0,0.0,0.0,0.0,0.0,0.0,0.0,0.0
22088,2023.0,6.0,3.0,9.0,18.506413,18.541548,17.650791,17.963625,18.19215,18.08666,17.976318,17.886053,17.274662,17.172565,17.445576,17.322157,18.85637,18.734814,18.056484,17.812895,16.807404,16.730694,4.0,0.0,0.0,0.0,0.0,0.0,0.0,0.0
22089,2023.0,6.0,3.0,9.0,18.207504,18.128782,20.26103,22.486834,18.116636,18.021936,17.901705,17.82166,17.220478,17.12362,17.377737,17.259554,18.818932,18.702604,18.078838,17.955442,17.713211,18.467564,0.0,0.0,0.0,0.0,0.0,0.0,0.0,4.0
22090,2023.0,6.0,3.0,9.0,18.086079,18.02735,18.6889,19.085655,18.037235,17.953075,17.824385,17.754173,17.90015,18.454123,17.316578,17.205347,18.781116,18.669529,18.049795,17.948507,20.301163,22.758091,0.0,0.0,0.0,4.0,0.0,0.0,0.0,0.0
22091,2023.0,6.0,3.0,9.0,18.848564,19.560146,17.735416,17.75972,18.647099,19.167795,17.755617,17.693333,20.283533,22.474134,17.267996,17.161926,19.5267,20.115368,17.991777,17.896908,18.271715,18.443703,0.0,4.0,0.0,0.0,0.0,4.0,0.0,0.0
22092,2023.0,6.0,3.0,10.0,18.410538,18.517992,17.505487,17.46957,18.32829,18.41043,17.695227,17.640863,18.488228,18.65592,17.229622,17.128002,19.027603,18.943195,17.939205,17.8484,17.344957,17.232716,0.0,0.0,0.0,0.0,0.0,0.0,0.0,0.0
22093,2023.0,6.0,3.0,10.0,18.130297,18.121227,17.408651,17.361433,17.968018,17.824665,18.360723,18.9379,17.809938,17.635782,17.2062,17.106798,19.52526,19.982544,17.901278,17.812492,17.234892,17.150969,0.0,0.0,4.0,0.0,0.0,4.0,0.0,0.0
22094,2023.0,6.0,3.0,10.0,18.041939,18.0432,17.810007,18.176893,17.84778,17.696545,17.931612,18.007364,17.712315,17.60163,17.188065,17.091694,19.014284,18.913351,17.868135,17.782057,17.176397,17.099003,4.0,0.0,0.0,0.0,0.0,0.0,0.0,0.0
22095,2023.0,6.0,3.0,10.0,18.065783,18.165762,20.25069,22.410553,17.854494,17.789976,18.297966,18.774727,17.634878,17.537174,17.17618,17.082493,18.812939,18.615973,17.840582,17.757341,17.124346,17.049847,0.0,0.0,4.0,0.0,0.0,0.0,0.0,0.0
22096,2023.0,6.0,3.0,10.0,18.0537,18.179768,19.060265,19.750051,17.8308,17.790668,17.915287,17.93895,17.553871,17.461002,17.169094,17.077833,18.746874,18.553291,17.812963,17.73201,17.07367,17.00135,4.0,0.0,0.0,0.0,0.0,0.0,0.0,0.0
22097,2023.0,6.0,3.0,10.0,18.016907,18.149605,20.211023,21.866085,17.790804,17.758383,17.679249,17.606684,17.50109,17.409554,17.171934,17.082937,19.578604,20.169987,18.84878,19.70741,17.04178,16.97011,4.0,0.0,0.0,0.0,0.0,4.0,4.0,0.0
22098,2023.0,6.0,3.0,11.0,17.972603,18.10618,20.0326,21.418455,17.74912,17.72306,17.591219,17.528948,17.450352,17.362444,17.177925,17.091555,19.855307,20.445562,18.299015,18.330553,17.009363,16.939703,0.0,0.0,0.0,0.0,0.0,4.0,0.0,0.0
22099,2023.0,6.0,3.0,11.0,17.930023,18.064732,18.817467,19.007446,17.710224,17.6887,17.565216,17.545645,17.407806,17.322233,17.184525,17.098866,19.239555,19.229954,17.927584,17.833494,16.98105,16.912045,0.0,0.0,0.0,0.0,0.0,0.0,0.0,0.0
22100,2023.0,6.0,3.0,11.0,17.912489,18.063961,18.238985,18.17319,18.391708,19.000324,17.534319,17.526054,17.378817,17.293713,17.192776,17.107883,18.985264,18.825033,17.84861,17.740847,16.961641,16.892324,0.0,4.0,0.0,0.0,0.0,0.0,0.0,0.0
22101,2023.0,6.0,3.0,11.0,18.649487,19.477589,18.54075,18.909592,17.985762,18.099045,17.497742,17.494133,17.353607,17.270382,17.587208,17.842964,18.917433,18.75369,17.816645,17.713339,16.944687,16.876167,4.0,0.0,0.0,0.0,4.0,0.0,0.0,0.0
22102,2023.0,6.0,3.0,11.0,18.834011,19.657652,20.214865,21.882496,17.745543,17.724714,17.464956,17.46571,17.33251,17.251223,20.221552,22.439672,18.881697,18.725096,17.812,17.73187,16.930523,16.863115,0.0,0.0,0.0,0.0,0.0,0.0,0.0,0.0
22103,2023.0,6.0,3.0,11.0,18.240488,18.470465,18.982351,19.320257,17.666103,17.64322,17.431963,17.436611,17.312302,17.23343,19.0461,19.721981,18.89713,18.79242,17.798227,17.722645,16.91583,16.849926,0.0,0.0,0.0,0.0,4.0,0.0,0.0,0.0
22104,2023.0,6.0,3.0,12.0,18.01972,18.16224,18.797611,19.192438,18.332577,18.933098,17.406025,17.413452,17.299265,17.222332,20.191303,21.842812,18.894669,18.800795,17.78212,17.70814,17.849096,18.622395,4.0,4.0,0.0,0.0,0.0,0.0,0.0,4.0
22105,2023.0,6.0,3.0,12.0,21.28758,24.003021,20.19477,21.690584,21.297083,23.948725,21.268856,24.269426,17.28551,17.211203,18.900478,19.13513,21.294743,23.026756,21.506157,24.196077,20.289938,22.668373,0.0,0.0,0.0,0.0,0.0,0.0,0.0,0.0
22106,2023.0,6.0,3.0,12.0,21.014923,23.107311,18.98861,19.231215,21.020561,23.061539,21.006775,23.306936,17.275156,17.203505,18.156542,18.089441,21.013247,22.34659,21.004496,22.980055,18.440199,18.719305,0.0,0.0,0.0,0.0,0.0,0.0,0.0,0.0
22107,2023.0,6.0,3.0,12.0,21.029964,22.906778,18.70402,19.085297,21.064266,22.92464,21.063713,23.143957,17.26923,17.200588,17.987785,17.903248,21.036596,22.24506,21.054789,22.844013,18.537823,19.36635,4.0,0.0,0.0,0.0,0.0,0.0,0.0,4.0
22108,2023.0,6.0,3.0,12.0,21.146547,23.011484,20.208921,21.756004,21.150356,22.95556,21.172077,23.15762,17.26752,17.20215,18.308018,18.573399,21.13656,22.338306,21.178476,22.926073,20.221003,22.192375,0.0,0.0,4.0,0.0,4.0,0.0,0.0,0.0
22109,2023.0,6.0,3.0,12.0,21.027004,22.644205,18.988638,19.240307,21.050417,22.650478,21.152103,23.00856,17.269188,17.207077,20.207577,21.891678,21.031189,22.04636,21.19439,22.834723,18.627653,18.854082,0.0,0.0,0.0,0.0,0.0,0.0,0.0,0.0
22110,2023.0,6.0,3.0,13.0,21.030962,22.58066,18.74099,19.164688,21.049068,22.571922,21.057892,22.711922,17.272797,17.213997,19.02479,19.35101,21.030302,21.986208,21.044056,22.442144,17.86378,17.840527,4.0,0.0,0.0,0.0,0.0,0.0,0.0,0.0
22111,2023.0,6.0,3.0,13.0,21.202497,22.89009,20.193514,21.730099,21.21972,22.85484,21.236813,22.972225,17.277458,17.221474,18.669033,18.984755,21.196507,22.273623,21.266607,22.821114,17.698374,17.665754,0.0,0.0,4.0,0.0,4.0,0.0,0.0,0.0
22112,2023.0,6.0,3.0,13.0,21.048256,22.5293,19.043747,19.350792,21.04626,22.45713,21.059309,22.576029,17.283314,17.229921,20.177414,21.675686,21.027927,21.896603,21.041502,22.313042,17.591574,17.535109,0.0,0.0,0.0,0.0,0.0,0.0,0.0,0.0
22113,2023.0,6.0,3.0,13.0,21.04813,22.489912,18.344236,18.406734,21.045753,22.420055,21.052963,22.517492,17.28967,17.238916,19.07975,19.348427,21.027817,21.869284,21.041021,22.272352,17.51726,17.46104,0.0,0.0,0.0,0.0,0.0,0.0,0.0,0.0
22114,2023.0,6.0,3.0,13.0,21.04625,22.453644,18.625984,19.074806,21.04405,22.38649,21.051249,22.47579,17.296621,17.248693,18.403915,18.370602,21.026684,21.84469,21.03921,22.235886,17.466206,17.412231,4.0,0.0,0.0,0.0,0.0,0.0,0.0,0.0
22115,2023.0,6.0,3.0,13.0,21.186922,22.71597,20.210463,21.818096,21.186773,22.64579,21.181566,22.713072,17.303574,17.258005,18.629698,18.911415,21.165285,22.102861,21.227152,22.583368,17.428638,17.379353,0.0,0.0,0.0,0.0,4.0,0.0,0.0,0.0
22116,2023.0,6.0,3.0,14.0,21.014679,22.33025,19.01778,19.32486,21.017954,22.262577,21.046064,22.417051,17.311895,17.268908,20.170637,21.611832,21.025679,21.803509,21.038214,22.176125,17.397745,17.351532,0.0,4.0,0.0,0.0,0.0,0.0,0.0,0.0
22117,2023.0,6.0,3.0,14.0,19.925545,20.255552,18.363039,18.46476,19.931017,20.191072,19.87902,20.155514,17.31816,17.275463,19.155577,19.453989,20.33829,20.46638,20.008749,20.173138,17.372744,17.328844,0.0,0.0,0.0,0.0,0.0,0.0,0.0,0.0
22118,2023.0,6.0,3.0,14.0,19.441502,19.591938,18.179056,18.208597,19.356367,19.349392,19.284483,19.299248,17.323101,17.280947,18.6088,18.549934,19.986792,19.910292,19.512535,19.43414,17.354551,17.310682,0.0,0.0,0.0,0.0,0.0,0.0,0.0,0.0
22119,2023.0,6.0,3.0,14.0,19.262465,19.426075,18.55263,18.989956,19.160404,19.162022,19.069574,19.086971,17.32612,17.284006,18.476046,18.407001,19.868677,19.790104,19.327074,19.249641,17.338167,17.295858,4.0,0.0,0.0,0.0,0.0,0.0,0.0,0.0
22120,2023.0,6.0,3.0,14.0,19.130362,19.308355,20.215769,21.892494,19.010065,19.017021,18.90467,18.925743,17.327965,17.285954,18.387432,18.315935,19.781298,19.70439,19.190264,19.116621,17.32278,17.2817,0.0,0.0,0.0,0.0,0.0,0.0,0.0,0.0
22121,2023.0,6.0,3.0,14.0,18.994818,19.176546,19.045347,19.412079,19.520058,20.10728,18.741478,18.764715,17.330149,17.28802,18.308842,18.239132,19.694471,19.61914,19.056175,18.98499,17.306116,17.265753,0.0,4.0,0.0,0.0,0.0,0.0,0.0,0.0
22122,2023.0,6.0,3.0,15.0,19.6281,20.452229,18.46911,18.522879,19.082905,19.222307,18.626429,18.645557,17.332747,17.290474,18.257654,18.186543,20.404524,21.021753,18.961765,18.888926,17.293427,17.25295,0.0,0.0,0.0,0.0,0.0,4.0,0.0,0.0
22123,2023.0,6.0,3.0,15.0,19.712965,20.500933,18.751875,19.173555,19.460426,20.055292,19.218855,19.849194,17.337013,17.295443,18.21504,18.146132,19.844961,19.850492,18.881222,18.811138,17.28357,17.24414,4.0,4.0,4.0,0.0,0.0,0.0,0.0,0.0
22124,2023.0,6.0,3.0,15.0,19.129791,19.39497,20.188509,21.708242,19.565481,20.192862,18.782497,18.943535,17.342985,17.302202,18.179266,18.112057,20.35793,20.9197,18.814066,18.74706,17.276512,17.238138,0.0,4.0,0.0,0.0,0.0,4.0,0.0,0.0
22125,2023.0,6.0,3.0,15.0,19.47338,20.227388,19.399267,19.981972,19.571987,20.198544,18.467567,18.542898,17.350534,17.31043,18.144701,18.08023,20.636696,21.294304,18.745747,18.681366,17.270088,17.232666,4.0,4.0,0.0,0.0,0.0,4.0,0.0,0.0
22126,2023.0,6.0,3.0,15.0,19.610699,20.400826,20.147345,21.395643,19.028284,19.178276,18.38834,18.460157,18.119995,18.756123,18.122551,18.059072,19.964926,19.980455,18.697264,18.634306,17.266598,17.22995,0.0,0.0,0.0,4.0,0.0,0.0,0.0,0.0
22127,2023.0,6.0,3.0,15.0,19.664669,20.462547,19.519836,20.083172,19.346933,19.956392,18.287817,18.331347,20.228672,22.293377,18.101397,18.041153,20.400333,20.970814,18.647484,18.587782,17.26346,17.227884,4.0,4.0,0.0,0.0,0.0,4.0,0.0,0.0
22128,2023.0,6.0,3.0,16.0,19.700033,20.495924,20.11312,21.28615,19.519518,20.159601,18.207628,18.246061,18.760202,19.107553,18.081856,18.023783,20.671732,21.335875,19.630014,20.485765,17.261045,17.226645,4.0,4.0,0.0,0.0,0.0,4.0,4.0,0.0
22129,2023.0,6.0,3.0,16.0,19.723078,20.512957,20.007927,21.0219,19.535389,20.170431,18.850967,19.50758,18.014458,18.053518,18.063122,18.005123,20.731373,21.395283,19.138948,19.257225,17.257408,17.222538,4.0,4.0,4.0,0.0,0.0,4.0,0.0,0.0
22130,2023.0,6.0,3.0,16.0,19.740133,20.523647,20.021513,21.009394,19.5495,20.180593,19.081396,19.741613,18.587942,19.225285,18.045961,17.988176,20.0334,20.039589,18.76567,18.740742,17.253798,17.218552,4.0,4.0,4.0,4.0,0.0,0.0,0.0,0.0
22131,2023.0,6.0,3.0,16.0,19.75415,20.530603,20.019276,20.974745,19.560028,20.18715,18.560253,18.72884,20.1506,21.818163,18.030909,17.97406,19.744722,19.667253,18.666895,18.635515,17.250952,17.215698,4.0,4.0,0.0,4.0,0.0,0.0,0.0,0.0
22132,2023.0,6.0,3.0,16.0,19.16686,19.416018,20.01903,20.94971,19.568422,20.1917,18.287573,18.377768,20.027523,21.399414,18.409157,18.699947,19.65528,19.572153,19.613104,20.462667,17.247602,17.212606,4.0,4.0,0.0,0.0,4.0,0.0,4.0,0.0
22133,2023.0,6.0,3.0,16.0,19.564114,20.35178,20.281624,21.45377,19.576382,20.195724,18.84506,19.482855,18.941229,19.168638,20.19261,21.775534,19.593456,19.511583,19.115398,19.241116,17.243385,17.208935,4.0,4.0,4.0,0.0,0.0,0.0,0.0,0.0
22134,2023.0,6.0,3.0,17.0,19.147171,19.420412,20.01717,20.898932,19.583647,20.199146,19.065184,19.713104,18.34398,18.34767,19.108545,19.418623,20.310308,20.921402,18.736595,18.711283,17.23884,17.205187,4.0,4.0,4.0,0.0,0.0,4.0,0.0,0.0
22135,2023.0,6.0,3.0,17.0,19.490181,20.241453,20.035776,20.935572,19.587639,20.196285,18.532473,18.67746,18.179949,18.164154,18.42757,18.410116,20.582813,21.242916,18.631918,18.594612,18.175524,18.97959,0.0,4.0,0.0,0.0,0.0,4.0,0.0,4.0
22136,2023.0,6.0,3.0,17.0,19.085451,19.339495,19.61961,20.09774,19.589996,20.191582,18.876322,19.47573,18.780281,19.365767,18.636576,18.903803,19.96918,20.040184,18.578356,18.538599,20.212467,22.275158,4.0,4.0,4.0,4.0,4.0,0.0,0.0,4.0
22137,2023.0,6.0,3.0,17.0,19.45495,20.197058,20.105482,21.094978,19.042667,19.165476,18.510878,18.642563,20.232632,21.837069,20.170431,21.584959,20.399973,21.00686,18.524902,18.475822,20.18414,21.992857,0.0,0.0,0.0,0.0,0.0,4.0,0.0,0.0
22138,2023.0,6.0,3.0,17.0,19.070766,19.323662,19.632114,20.107763,18.722952,18.747765,18.877068,19.48397,18.96925,19.19259,19.168312,19.443567,19.936518,19.995548,18.480711,18.431309,19.42872,20.297045,4.0,0.0,4.0,0.0,0.0,0.0,0.0,4.0
22139,2023.0,6.0,3.0,17.0,19.542011,20.311111,20.101427,21.020193,18.615366,18.618534,18.444141,18.56214,19.168056,19.74111,18.663506,18.627453,20.393002,20.95357,18.446177,18.396843,20.143074,21.61308,0.0,0.0,0.0,4.0,0.0,4.0,0.0,0.0
22140,2023.0,6.0,3.0,18.0,19.698858,20.444815,19.653326,20.103336,19.169447,19.719128,18.181587,18.223177,20.120155,21.388262,18.493946,18.44137,20.59902,21.217512,18.411322,18.363892,18.893381,19.087862,4.0,4.0,0.0,0.0,0.0,4.0,0.0,0.0
22141,2023.0,6.0,3.0,18.0,21.188898,23.027428,20.083044,20.987984,21.237942,23.204247,21.275438,23.740957,19.638874,20.302237,18.390043,18.331408,21.143103,22.190063,21.487253,23.759655,18.227674,18.202942,4.0,4.0,0.0,4.0,0.0,0.0,0.0,0.0
22142,2023.0,6.0,3.0,18.0,21.000912,22.483177,20.02611,20.861948,21.024094,22.579569,20.979424,22.798943,20.113523,21.26482,18.307308,18.248278,21.025482,21.878653,20.96448,22.52156,18.022757,17.973885,0.0,0.0,4.0,0.0,0.0,0.0,4.0,0.0
22143,2023.0,6.0,3.0,18.0,21.02475,22.41404,19.610662,20.021202,21.050611,22.481136,21.06458,22.769962,19.087643,19.197199,18.242174,18.187155,21.031338,21.836523,21.05957,22.553974,17.907413,17.85823,4.0,0.0,0.0,0.0,0.0,0.0,0.0,0.0
22144,2023.0,6.0,3.0,18.0,21.021255,22.324467,20.088028,20.983315,21.021172,22.2962,21.051113,22.594011,19.248621,19.818718,18.182493,18.128658,21.030268,21.794731,21.04397,22.389929,18.801846,19.636591,4.0,4.0,0.0,4.0,0.0,0.0,0.0,4.0
22145,2023.0,6.0,3.0,18.0,21.020353,22.261847,20.008215,20.794214,21.025764,22.233358,21.026583,22.418514,20.120703,21.286697,18.127533,18.075315,21.025305,21.76524,21.044773,22.294373,20.169376,21.825094,4.0,4.0,4.0,0.0,0.0,0.0,0.0,0.0
22146,2023.0,6.0,3.0,19.0,21.019403,22.212503,20.018528,20.793413,21.024502,22.178171,21.030193,22.3517,19.659935,20.255613,18.078789,18.029879,21.025793,21.751184,21.04374,22.220667,19.489626,20.259466,4.0,4.0,4.0,4.0,0.0,0.0,0.0,4.0
22147,2023.0,6.0,3.0,19.0,21.046644,22.246948,20.03574,20.825315,21.04957,22.206087,21.054342,22.36323,20.07518,21.085285,18.44017,18.75522,21.02567,21.739641,20.998016,22.058933,20.10513,21.457907,0.0,0.0,0.0,4.0,4.0,0.0,4.0,4.0
22148,2023.0,6.0,3.0,19.0,21.192616,22.49983,19.60446,19.956541,21.24493,22.536625,21.179367,22.56149,20.224707,21.356981,20.219995,21.79248,21.174814,22.029408,21.356827,22.742092,20.324245,21.800743,4.0,4.0,0.0,0.0,0.0,0.0,4.0,4.0
22149,2023.0,6.0,3.0,19.0,21.013077,22.082344,20.089415,20.938177,21.048798,22.127956,21.04814,22.250456,19.698408,20.246515,19.054073,19.295408,21.025778,21.72118,21.049582,22.12183,20.013071,21.100609,4.0,0.0,0.0,4.0,0.0,0.0,0.0,4.0
22150,2023.0,6.0,3.0,19.0,21.045992,22.146502,20.00801,20.744545,21.017239,22.016829,21.01459,22.142204,20.10108,21.076794,18.369244,18.338411,21.008465,21.656546,21.042528,22.0808,20.048662,21.149126,4.0,4.0,4.0,0.0,0.0,4.0,0.0,0.0
22151,2023.0,6.0,3.0,19.0,21.039492,22.109175,20.038006,20.796625,21.049112,22.080004,21.054142,22.210388,19.09633,19.088648,18.202612,18.14874,21.037664,21.733355,21.043222,22.056889,19.687183,20.363922,0.0,0.0,0.0,0.0,0.0,0.0,0.0,4.0
22152,2023.0,6.0,3.0,20.0,21.013205,22.013987,19.232376,19.229776,21.017632,21.974245,21.04706,22.166128,19.255323,19.733603,18.110666,18.055496,21.001774,21.630493,21.043253,22.035357,20.064854,21.119497,0.0,4.0,0.0,4.0,0.0,4.0,0.0,4.0
22153,2023.0,6.0,3.0,20.0,21.046488,22.085749,19.138977,19.328268,21.023653,21.97017,21.04766,22.139315,20.12524,21.2045,18.417746,18.701868,21.008104,21.640858,20.996252,21.909462,20.042015,21.064861,4.0,4.0,0.0,0.0,4.0,4.0,4.0,0.0
22154,2023.0,6.0,3.0,20.0,21.196323,22.366997,20.140942,21.119745,21.048922,22.025898,21.295187,22.607807,19.025414,18.993576,20.243128,21.814518,21.267887,22.159266,21.22489,22.383966,18.935986,18.901058,0.0,0.0,4.0,0.0,0.0,4.0,0.0,0.0
22155,2023.0,6.0,3.0,20.0,21.040138,22.031658,19.186293,19.180956,21.043894,21.995066,21.04412,22.114605,18.429512,18.246323,19.017458,19.232288,21.038868,21.710857,21.042944,21.998894,18.341234,18.168903,0.0,0.0,0.0,0.0,0.0,0.0,0.0,0.0
22156,2023.0,6.0,3.0,20.0,21.031033,22.016787,19.202894,19.538565,21.043955,21.974743,21.0221,22.023613,18.342651,18.259008,18.309784,18.258419,21.034431,21.69167,21.044302,21.986532,18.119047,17.93123,4.0,0.0,4.0,0.0,0.0,0.0,0.0,0.0
22157,2023.0,6.0,3.0,20.0,21.03314,22.018764,20.109396,21.086395,21.034283,21.95697,21.054007,22.088844,19.039812,19.661123,18.128515,18.052696,21.004782,21.603172,21.044802,21.973055,18.076414,17.996786,4.0,0.0,0.0,4.0,0.0,4.0,0.0,0.0
22158,2023.0,6.0,3.0,21.0,21.032715,22.013662,20.030958,20.856697,21.01004,21.885794,21.022636,21.985884,20.148785,21.439137,18.009098,17.92657,21.010725,21.61423,20.99604,21.852533,17.999792,17.927042,0.0,4.0,4.0,0.0,0.0,4.0,4.0,0.0
22159,2023.0,6.0,3.0,21.0,21.00536,21.933697,19.091934,18.996815,21.052057,21.968819,21.054533,22.055914,18.849987,18.771742,17.918861,17.836765,21.010868,21.6135,21.054478,21.98881,17.906473,17.835705,0.0,0.0,0.0,0.0,0.0,4.0,0.0,0.0
22160,2023.0,6.0,3.0,21.0,21.038723,22.02028,18.488281,18.174898,21.045006,21.933363,21.023312,21.956175,18.186201,17.94135,17.836472,17.751692,21.011396,21.612339,21.044992,21.955074,18.797228,19.600252,0.0,0.0,4.0,0.0,0.0,4.0,0.0,4.0
22161,2023.0,6.0,3.0,21.0,21.0432,22.001408,18.909338,19.137398,21.045967,21.915422,21.055052,22.027346,18.141964,18.034739,18.104212,18.31217,21.011997,21.61018,21.005732,21.833996,20.138428,21.67198,4.0,0.0,0.0,0.0,4.0,4.0,4.0,4.0
22162,2023.0,6.0,3.0,21.0,21.20285,22.297606,20.15001,21.26258,21.008354,21.827187,21.049288,21.997896,18.847694,19.42828,20.314125,21.985373,21.246613,22.07499,21.054321,21.954714,20.042618,21.33118,0.0,4.0,0.0,4.0,4.0,4.0,0.0,0.0
22163,2023.0,6.0,3.0,21.0,21.030731,21.952776,19.561174,19.962036,21.040916,21.919527,21.024246,21.909422,20.168985,21.562794,20.011778,21.250145,21.042812,21.674057,21.046099,21.925358,18.64012,18.498701,4.0,0.0,4.0,0.0,4.0,0.0,0.0,0.0
22164,2023.0,6.0,3.0,22.0,21.0326,21.956875,20.136795,21.102713,21.048082,21.906107,21.055447,21.980284,18.720304,18.56986,20.05971,21.1975,21.038565,21.652159,21.047087,21.913477,18.883677,19.423674,0.0,0.0,0.0,0.0,0.0,0.0,0.0,4.0
22165,2023.0,6.0,3.0,22.0,21.032433,21.955208,19.028599,18.860325,21.047106,21.881994,21.04958,21.952982,18.009844,17.698685,19.035467,19.091732,21.039053,21.64044,21.00685,21.793299,20.171385,21.556986,0.0,0.0,0.0,0.0,4.0,0.0,4.0,0.0
22166,2023.0,6.0,3.0,22.0,21.235132,22.357786,18.341204,17.921387,21.234722,22.265865,21.329966,22.506016,18.00876,17.877832,20.281488,21.485056,21.153696,21.859056,21.233633,22.273846,18.671474,18.499292,0.0,0.0,4.0,0.0,0.0,0.0,0.0,0.0
22167,2023.0,6.0,3.0,22.0,21.032122,21.94433,18.335188,18.093157,21.034832,21.863632,21.05671,21.954227,18.560917,18.9579,19.115156,19.189308,21.027052,21.618195,21.046318,21.884577,17.963724,17.656008,0.0,0.0,0.0,4.0,0.0,0.0,0.0,0.0
22168,2023.0,6.0,3.0,22.0,21.032646,21.943336,18.345688,18.164822,21.035316,21.866404,21.050142,21.926054,20.176905,21.643639,18.44717,18.319384,21.028996,21.63237,21.04775,21.878147,18.761602,19.365915,0.0,0.0,0.0,4.0,0.0,0.0,0.0,4.0
22169,2023.0,6.0,3.0,22.0,21.032883,21.939642,18.281118,18.104734,21.035269,21.865957,21.050884,21.91316,20.010525,21.125637,18.22782,18.080685,21.02894,21.639101,21.03598,21.869528,20.181103,21.646687,0.0,0.0,0.0,4.0,0.0,0.0,0.0,0.0
22170,2023.0,6.0,3.0,23.0,21.032434,21.934774,18.208044,18.027899,21.035316,21.864265,21.035978,21.900188,20.058355,21.117907,18.07234,17.920765,21.029312,21.644197,20.997252,21.772757,19.275082,19.662966,0.0,0.0,0.0,0.0,0.0,0.0,4.0,4.0
22171,2023.0,6.0,3.0,23.0,20.214851,20.359945,18.141886,17.959457,20.161871,20.185371,20.116077,20.145103,18.752737,18.514137,17.942827,17.790699,20.27137,20.190014,19.78928,19.490313,18.22149,17.925741,0.0,0.0,0.0,0.0,0.0,0.0,0.0,0.0
22172,2023.0,6.0,3.0,23.0,19.808172,19.780758,18.086264,17.896852,19.682888,19.479383,19.619072,19.425552,18.206043,17.782406,17.840471,17.678013,19.958807,19.779799,19.290709,18.855877,17.87747,17.514704,0.0,0.0,0.0,0.0,0.0,0.0,0.0,0.0
22173,2023.0,6.0,3.0,23.0,19.652191,19.63033,18.039547,17.851301,19.505749,19.304564,19.428308,19.239237,18.866322,19.233936,18.044575,18.135254,19.822502,19.64451,19.07944,18.659342,17.725956,17.37273,0.0,0.0,0.0,4.0,4.0,0.0,0.0,0.0
22174,2023.0,6.0,3.0,23.0,19.517944,19.49032,17.99125,17.799494,19.355604,19.147423,19.265074,19.069046,19.052027,19.48644,17.784054,17.624449,19.697702,19.514286,18.895052,18.475288,17.806974,17.670647,0.0,0.0,0.0,4.0,0.0,0.0,0.0,0.0
22175,2023.0,6.0,3.0,23.0,19.41159,19.386547,17.94844,17.756315,19.236593,19.031813,19.135614,18.94358,18.196112,17.846407,17.652887,17.488367,19.594131,19.41215,18.978153,18.800089,17.758358,17.626444,0.0,0.0,0.0,0.0,0.0,0.0,0.0,0.0
22176,2023.0,6.0,4.0,0.0,19.30599,19.27111,17.901005,17.702076,19.117327,18.901592,19.006243,18.802496,17.833178,17.398975,17.566328,17.393293,19.491247,19.300936,18.924917,18.763094,17.677938,17.539865,0.0,0.0,0.0,0.0,0.0,0.0,0.0,0.0
22177,2023.0,6.0,4.0,0.0,19.225105,19.195911,17.863731,17.666872,19.027855,18.82,18.909407,18.714329,18.28384,18.387636,17.497066,17.327301,19.408335,19.221169,18.836864,18.677982,18.341448,18.851662,0.0,0.0,0.0,4.0,0.0,0.0,0.0,4.0
22178,2023.0,6.0,4.0,0.0,19.144857,19.11456,17.82368,17.624832,18.938803,18.730288,18.81337,18.617659,17.776714,17.370281,17.428009,17.2559,19.327505,19.138277,18.74838,18.587893,17.802969,17.698906,0.0,0.0,0.0,0.0,0.0,0.0,0.0,0.0
22179,2023.0,6.0,4.0,0.0,19.06729,19.032202,17.782673,17.579699,18.853094,18.64007,18.721449,18.52088,17.535152,17.107111,17.679146,17.782116,19.249971,19.055935,18.66189,18.496988,17.382875,17.019476,0.0,0.0,0.0,0.0,4.0,0.0,0.0,0.0
22180,2023.0,6.0,4.0,0.0,18.999765,18.965088,17.745716,17.541552,18.778986,18.567043,18.642252,18.44285,17.672222,17.505033,17.414389,17.240885,19.181654,18.986818,18.584513,18.419195,17.232822,16.864233,0.0,0.0,0.0,0.0,0.0,0.0,0.0,0.0
22181,2023.0,6.0,4.0,0.0,18.933243,18.895908,17.70781,17.500322,18.706497,18.492136,18.56491,18.363003,17.6431,17.477942,17.61629,17.714088,19.11552,18.917572,18.509472,18.341434,17.363607,17.233078,0.0,0.0,0.0,0.0,4.0,0.0,0.0,0.0
22182,2023.0,6.0,4.0,1.0,18.870277,18.830109,17.670004,17.458376,18.637524,18.419909,18.491413,18.28618,17.578472,17.410084,17.680452,17.790174,19.053175,18.85203,18.438602,18.267872,17.324621,17.17538,0.0,0.0,0.0,0.0,4.0,0.0,0.0,0.0
22183,2023.0,6.0,4.0,1.0,18.816063,18.77847,17.638088,17.427158,18.579603,18.366062,18.429985,18.229166,17.520302,17.353472,17.134043,16.730997,18.998404,18.79836,18.375458,18.206205,17.274996,17.126446,0.0,0.0,0.0,0.0,0.0,0.0,0.0,0.0
22184,2023.0,6.0,4.0,1.0,18.756138,18.71259,17.599773,17.382387,18.514597,18.29469,18.361351,18.153856,17.457062,17.28461,16.848297,16.356506,18.940094,18.734648,18.30913,18.134912,17.221884,17.068628,0.0,0.0,0.0,0.0,0.0,0.0,0.0,0.0
22185,2023.0,6.0,4.0,1.0,18.704082,18.66006,17.566446,17.347902,18.459349,18.240152,18.30304,18.096436,17.400984,17.227713,17.033585,16.84666,18.88841,18.681818,18.249556,18.074507,17.173243,17.01885,0.0,0.0,0.0,0.0,0.0,0.0,0.0,0.0
22186,2023.0,6.0,4.0,1.0,18.651257,18.60389,17.52966,17.306795,18.402319,18.179546,18.242819,18.032665,17.34484,17.168314,17.020882,16.825237,18.836863,18.627022,18.190546,18.012749,17.124432,16.967192,0.0,0.0,0.0,0.0,0.0,0.0,0.0,0.0
22187,2023.0,6.0,4.0,1.0,18.601372,18.551807,17.49459,17.268972,18.349264,18.124853,18.186913,17.975252,17.291838,17.113253,16.972494,16.77441,18.78809,18.576023,18.134417,17.9548,17.077684,16.918438,0.0,0.0,0.0,0.0,0.0,0.0,0.0,0.0
22188,2023.0,6.0,4.0,2.0,18.552965,18.50114,17.45976,17.231274,18.297953,18.071775,18.133013,17.919691,17.240648,17.059984,16.92468,16.724167,18.740915,18.526606,18.080072,17.898619,17.03214,16.87088,0.0,0.0,0.0,0.0,0.0,0.0,0.0,0.0
22189,2023.0,6.0,4.0,2.0,18.51201,18.46403,17.43166,17.206793,18.255219,18.034235,18.088099,17.880209,17.196253,17.018713,16.882908,16.685953,18.70011,18.488533,18.032,17.85343,17.723158,18.209658,0.0,0.0,0.0,0.0,0.0,0.0,0.0,4.0
22190,2023.0,6.0,4.0,2.0,18.46972,18.422441,17.40169,17.177614,18.210846,17.991238,18.04169,17.835138,17.15139,16.974228,16.839918,16.643415,18.658928,18.44769,17.983612,17.805481,17.21557,17.096262,0.0,0.0,0.0,0.0,0.0,0.0,0.0,0.0
22191,2023.0,6.0,4.0,2.0,18.428307,18.381208,17.37193,17.148317,18.167583,17.948853,17.996788,17.790956,17.695574,18.035421,16.79794,16.60154,18.618938,18.407726,17.936485,17.75844,16.817795,16.434305,0.0,0.0,0.0,4.0,0.0,0.0,0.0,0.0
22192,2023.0,6.0,4.0,2.0,18.388618,18.34203,17.342865,17.119938,18.125994,17.908455,17.9537,17.748972,17.276436,17.122005,16.757675,16.56175,18.58063,18.369778,17.891155,17.713566,16.677565,16.282064,0.0,0.0,0.0,0.0,0.0,0.0,0.0,0.0
22193,2023.0,6.0,4.0,2.0,18.350103,18.303785,17.31415,17.091846,18.085476,17.869064,17.911587,17.708008,17.718649,18.058798,16.718645,16.523203,18.543526,18.333046,17.847103,17.669977,16.807648,16.63119,0.0,0.0,0.0,4.0,0.0,0.0,0.0,0.0
22194,2023.0,6.0,4.0,3.0,18.313065,18.267467,17.286163,17.064896,18.046495,17.831753,17.870956,17.669163,17.034613,16.630745,16.6813,16.486904,18.507982,18.298378,17.804739,17.628641,16.815546,16.656193,0.0,0.0,0.0,0.0,0.0,0.0,0.0,0.0
22195,2023.0,6.0,4.0,3.0,18.271967,18.222158,17.253351,17.028038,18.002747,17.784002,17.825497,17.619663,16.77013,16.319849,16.640207,16.442133,18.46942,18.256746,17.759401,17.580378,16.78241,16.621899,0.0,0.0,0.0,0.0,0.0,0.0,0.0,0.0
22196,2023.0,6.0,4.0,3.0,18.234573,18.184385,17.224367,16.999147,17.964163,17.746168,17.785532,17.58057,16.955685,16.79255,16.603294,16.405403,18.434067,18.221182,17.717411,17.538385,16.747528,16.586792,0.0,0.0,0.0,0.0,0.0,0.0,0.0,0.0
22197,2023.0,6.0,4.0,3.0,18.195354,18.143084,17.192514,16.964626,17.923204,17.703005,17.743223,17.536062,16.93435,16.75301,16.564728,16.364874,18.397795,18.183285,17.674656,17.4943,16.710617,16.548489,0.0,0.0,0.0,0.0,0.0,0.0,0.0,0.0
22198,2023.0,6.0,4.0,3.0,18.166515,18.122227,17.161915,16.932701,17.884047,17.663027,17.702868,17.494928,16.892698,16.710522,16.527485,16.32673,18.362503,18.147068,17.632896,17.451868,16.674198,16.511286,0.0,0.0,0.0,0.0,0.0,0.0,0.0,0.0
22199,2023.0,6.0,4.0,3.0,18.140102,18.103998,17.131277,16.900707,17.845278,17.623384,17.662992,17.45422,16.851837,16.668861,16.490519,16.28886,18.327501,18.111137,17.591486,17.409782,16.637848,16.474155,0.0,0.0,0.0,0.0,0.0,0.0,0.0,0.0
22200,2023.0,6.0,4.0,4.0,18.105652,18.068302,17.100586,16.868631,17.806843,17.58403,17.623531,17.413876,16.810982,16.627234,16.453749,16.251179,18.292719,18.075418,17.550352,17.367966,16.601624,16.437147,0.0,0.0,0.0,0.0,0.0,0.0,0.0,0.0
22201,2023.0,6.0,4.0,4.0,18.07186,18.034678,17.071934,16.840672,17.770613,17.548746,17.586336,17.377644,16.772058,16.58894,16.418745,16.216852,18.25958,18.042793,17.510746,17.328959,16.56681,16.402824,0.0,0.0,0.0,0.0,0.0,0.0,0.0,0.0
22202,2023.0,6.0,4.0,4.0,18.04039,18.005495,17.046215,16.818197,17.737816,17.51965,17.552729,17.347813,17.313726,17.640144,16.386747,16.187836,18.22877,18.014227,17.473577,17.294203,17.26496,17.748114,0.0,0.0,0.0,4.0,0.0,0.0,0.0,4.0
22203,2023.0,6.0,4.0,4.0,18.007061,17.972242,17.488737,17.6716,17.702732,17.485434,17.516972,17.312855,16.919044,16.772224,16.353031,16.15479,18.196701,17.98267,17.435106,17.256323,16.765495,16.646536,4.0,0.0,0.0,0.0,0.0,0.0,0.0,0.0
22204,2023.0,6.0,4.0,4.0,17.973402,17.93775,17.20675,17.059296,17.667217,17.449936,17.481058,17.276789,16.76682,16.58606,16.31937,16.121092,18.164509,17.950386,17.396435,17.217567,16.371035,15.98318,0.0,0.0,0.0,0.0,0.0,0.0,0.0,0.0
22205,2023.0,6.0,4.0,4.0,17.93933,17.902313,17.049698,16.818892,17.630846,17.412394,17.444302,17.238724,16.71346,16.531664,16.286175,16.087114,18.132587,17.917929,17.358067,17.178724,16.238508,15.840473,0.0,0.0,0.0,0.0,0.0,0.0,0.0,0.0
22206,2023.0,6.0,4.0,5.0,17.908472,17.873293,17.00676,16.78016,17.599043,17.383755,17.411991,17.209614,17.256704,17.594501,16.257397,16.060886,18.104017,17.89131,17.32312,17.145868,16.374937,16.196728,0.0,0.0,0.0,4.0,0.0,0.0,0.0,0.0
22207,2023.0,6.0,4.0,5.0,17.87952,17.847878,16.971521,16.749184,17.568893,17.358118,17.381128,17.183323,16.600698,16.208445,16.23133,16.03875,18.078238,17.86912,17.290709,17.11692,16.389784,16.230976,0.0,0.0,0.0,0.0,0.0,0.0,0.0,0.0
22208,2023.0,6.0,4.0,5.0,17.851595,17.823395,16.941673,16.72393,17.539755,17.333504,17.351288,17.158028,16.369488,15.947178,16.207819,16.019125,18.054441,17.848831,17.2601,17.089558,17.091364,17.574,0.0,0.0,0.0,0.0,0.0,0.0,0.0,4.0
22209,2023.0,6.0,4.0,5.0,17.823185,17.797832,16.913568,16.699968,17.510551,17.308096,17.321617,17.132048,16.295921,15.885614,16.492514,16.57463,18.032162,17.829664,17.230816,17.062975,17.128054,17.441784,0.0,0.0,0.0,0.0,4.0,0.0,0.0,4.0
22210,2023.0,6.0,4.0,5.0,17.79654,17.77577,16.888762,16.680826,17.483595,17.28647,17.294758,17.110233,16.439926,16.2439,16.29917,16.137274,18.01294,17.814629,18.208944,18.930119,17.176123,17.483467,0.0,0.0,0.0,0.0,0.0,0.0,4.0,4.0
22211,2023.0,6.0,4.0,5.0,17.76913,17.752102,16.864449,16.661257,17.456488,17.263702,17.268038,17.087492,16.481213,16.317526,16.206213,16.02783,17.995182,17.800549,17.347853,17.05589,16.51168,16.196014,0.0,0.0,0.0,0.0,0.0,0.0,0.0,0.0
22212,2023.0,6.0,4.0,6.0,17.741955,17.728441,16.840862,16.642305,17.42993,17.241201,17.24161,17.064955,17.03257,17.365131,16.187841,16.01486,18.720259,19.187592,18.090097,18.63091,16.282133,15.928106,0.0,0.0,0.0,4.0,0.0,4.0,4.0,0.0
22213,2023.0,6.0,4.0,6.0,21.27394,24.000372,17.274641,17.476742,21.292559,24.072279,21.236683,24.141016,20.326012,23.020494,16.173206,16.006248,21.181871,23.424685,21.348402,24.190525,16.975216,17.317038,4.0,4.0,0.0,0.0,0.0,0.0,0.0,4.0
22214,2023.0,6.0,4.0,6.0,21.090137,23.241121,20.301321,22.662525,21.086918,23.24592,21.078417,23.369352,18.223648,18.449656,16.16353,16.003038,21.080418,22.844864,21.11036,23.307034,20.362667,23.061504,0.0,4.0,0.0,0.0,0.0,4.0,0.0,0.0
22215,2023.0,6.0,4.0,6.0,21.035603,22.86663,18.8503,19.412651,21.06359,22.896788,21.045643,22.998568,17.780401,18.173395,16.44967,16.543104,21.043194,22.530207,21.079008,22.965519,18.553879,19.046436,4.0,4.0,4.0,4.0,4.0,4.0,0.0,4.0
22216,2023.0,6.0,4.0,6.0,21.03267,22.706823,20.252028,22.176954,21.052027,22.678165,21.065279,22.87387,20.406143,22.697004,20.475956,23.228941,21.036688,22.349958,21.070168,22.755703,21.42999,24.604212,4.0,4.0,0.0,4.0,4.0,4.0,0.0,0.0
22217,2023.0,6.0,4.0,6.0,21.046713,22.598875,20.024738,21.487204,21.05051,22.539457,21.05103,22.660448,20.038069,21.700575,20.004007,22.075397,21.063307,22.298853,21.054531,22.613565,18.602077,18.55425,4.0,4.0,4.0,0.0,0.0,0.0,0.0,0.0
22218,2023.0,6.0,4.0,7.0,21.06899,22.56781,20.053059,21.383791,21.048193,22.438005,21.051935,22.550201,18.815329,19.11676,18.315115,18.526058,21.026417,22.10755,21.015717,22.424871,18.146921,18.4974,4.0,4.0,4.0,4.0,0.0,4.0,4.0,4.0
22219,2023.0,6.0,4.0,7.0,21.035639,22.40673,20.064589,21.310844,21.046162,22.363146,21.04962,22.46641,20.235424,21.893438,17.384825,17.259008,21.059273,22.123102,21.034367,22.381266,20.288399,22.236195,0.0,4.0,4.0,4.0,0.0,0.0,4.0,0.0
22220,2023.0,6.0,4.0,7.0,21.066675,22.436201,18.949734,19.068907,21.069462,22.375849,21.047787,22.404924,20.012102,21.301373,17.562904,17.753735,21.022156,21.970463,21.069744,22.421547,18.35341,18.250795,4.0,0.0,4.0,4.0,4.0,4.0,0.0,0.0
22221,2023.0,6.0,4.0,7.0,21.058807,22.376757,20.202799,21.651966,21.062696,22.31574,21.071417,22.427761,20.202164,21.575523,20.300472,22.455967,21.025925,21.93871,21.021461,22.244295,17.629858,17.499557,0.0,0.0,0.0,4.0,0.0,4.0,4.0,0.0
22222,2023.0,6.0,4.0,7.0,21.031391,22.267387,18.705845,18.605955,21.06173,22.276035,21.06448,22.373755,20.060778,21.23387,18.615677,18.880545,21.024038,21.904219,21.067675,22.327826,17.478155,17.355883,0.0,0.0,0.0,0.0,0.0,4.0,0.0,0.0
22223,2023.0,6.0,4.0,7.0,21.062435,22.328629,18.049704,17.899181,21.046124,22.24368,21.063671,22.339703,19.251364,19.577852,17.658531,17.575315,21.05278,21.953857,21.057549,22.269989,17.356014,17.23968,0.0,0.0,0.0,4.0,0.0,0.0,0.0,0.0
22224,2023.0,6.0,4.0,8.0,21.05538,22.29343,17.90855,17.774147,21.047426,22.241184,21.048632,22.312546,20.186058,21.476028,17.433859,17.305733,21.046106,21.90847,21.056925,22.235039,17.259552,17.149004,0.0,0.0,0.0,0.0,0.0,0.0,0.0,0.0
22225,2023.0,6.0,4.0,8.0,19.727327,19.729212,17.77727,17.64982,19.88694,20.007631,19.817804,19.949354,18.783878,18.66853,17.313133,17.1804,19.898611,19.675482,19.634966,19.473516,17.184305,17.080566,0.0,0.0,0.0,0.0,0.0,0.0,0.0,0.0
22226,2023.0,6.0,4.0,8.0,19.367922,19.377626,17.682604,17.55321,19.283031,19.134144,19.188475,19.052752,18.18675,17.831337,17.247313,17.110851,19.433725,19.025343,19.244652,19.07498,17.132492,17.029213,0.0,0.0,0.0,0.0,0.0,0.0,0.0,0.0
22227,2023.0,6.0,4.0,8.0,19.909826,20.569324,17.60737,17.490696,19.067959,18.932861,18.959772,18.840458,18.158934,17.984478,17.201107,17.071014,20.2463,20.744595,19.072823,18.923725,17.090446,16.992533,0.0,0.0,0.0,0.0,0.0,4.0,0.0,0.0
22228,2023.0,6.0,4.0,8.0,19.181477,19.15667,17.989428,18.27273,18.894331,18.764933,18.773624,18.660568,18.081488,17.938393,17.162758,17.03524,19.561634,19.335896,18.916391,18.773436,17.052942,16.95736,4.0,0.0,0.0,0.0,0.0,0.0,0.0,0.0
22229,2023.0,6.0,4.0,8.0,18.803862,18.652473,20.246548,22.20713,18.752642,18.631615,18.62134,18.516888,17.985153,17.84907,17.132292,17.006903,19.236778,18.889448,18.787104,18.650393,17.020735,16.927277,0.0,0.0,0.0,0.0,0.0,0.0,0.0,0.0
22230,2023.0,6.0,4.0,9.0,18.601313,18.454971,18.812052,19.135254,18.60974,18.498468,18.468166,18.373816,17.886368,17.756826,17.105808,16.983278,19.099602,18.761646,18.657536,18.527084,16.988262,16.896635,0.0,0.0,0.0,0.0,0.0,0.0,0.0,0.0
22231,2023.0,6.0,4.0,9.0,18.65471,18.693626,18.081396,17.996077,18.500792,18.388853,18.35181,18.25611,17.815092,17.6842,17.09422,16.972366,19.190012,19.029243,18.561726,18.429113,16.964636,16.872484,0.0,0.0,0.0,0.0,0.0,0.0,0.0,0.0
22232,2023.0,6.0,4.0,9.0,18.594835,18.653246,18.395771,18.73426,18.409678,18.308638,18.25476,18.169998,17.757046,17.6313,17.087307,16.967663,19.171923,19.026026,18.482512,18.355625,16.945896,16.855145,4.0,0.0,0.0,0.0,0.0,0.0,0.0,0.0
22233,2023.0,6.0,4.0,9.0,18.527328,18.599533,20.219114,21.932047,18.331177,18.241581,18.171225,18.09786,17.709322,17.588284,17.084293,16.966312,19.904282,20.452152,18.416636,18.295788,16.931261,16.84183,4.0,0.0,0.0,0.0,0.0,4.0,0.0,0.0
22234,2023.0,6.0,4.0,9.0,18.464128,18.55605,20.013756,21.343485,18.929844,19.447386,18.080547,18.01559,17.659758,17.54164,17.084398,16.967615,20.059,20.525185,19.389044,20.198189,16.916668,16.827879,4.0,4.0,0.0,0.0,0.0,4.0,4.0,0.0
22235,2023.0,6.0,4.0,9.0,19.130714,19.877413,20.039995,21.282053,18.58323,18.64768,17.998898,17.940899,17.618599,17.502565,17.089855,16.974215,19.328564,19.122314,18.742014,18.672512,16.905249,16.816809,4.0,0.0,0.0,0.0,0.0,0.0,0.0,0.0
22236,2023.0,6.0,4.0,10.0,19.355947,20.110327,20.05104,21.242132,18.120144,17.936249,17.92395,17.869577,17.585356,17.470016,17.10058,16.98655,19.045872,18.773746,18.300611,18.090508,16.89665,16.80818,0.0,0.0,0.0,0.0,0.0,0.0,0.0,0.0
22237,2023.0,6.0,4.0,10.0,18.659601,18.762201,18.895706,18.969336,17.989767,17.816168,17.863813,17.8193,17.562147,17.449308,17.112207,16.997011,18.988459,18.726566,18.195127,17.99398,16.890598,16.801842,0.0,0.0,0.0,0.0,0.0,0.0,0.0,0.0
22238,2023.0,6.0,4.0,10.0,18.350548,18.325865,18.774723,18.987246,18.020367,17.95244,17.810968,17.768335,17.546576,17.43298,17.12757,17.012526,18.95487,18.698309,18.139704,17.940025,16.887104,16.79709,4.0,0.0,0.0,0.0,0.0,0.0,0.0,0.0
22239,2023.0,6.0,4.0,10.0,18.259775,18.255154,20.183455,21.52931,17.991823,17.939856,17.766954,17.732506,17.535234,17.422606,17.142443,17.026129,19.812614,20.364525,18.170353,18.046597,16.885683,16.794865,4.0,0.0,0.0,0.0,0.0,4.0,0.0,0.0
22240,2023.0,6.0,4.0,10.0,18.195995,18.21765,20.028917,21.155298,17.94612,17.900492,17.718609,17.68927,17.523882,17.411152,17.16137,17.043976,19.308187,19.152014,18.166931,18.05407,16.885244,16.79332,0.0,0.0,0.0,0.0,0.0,0.0,0.0,0.0
22241,2023.0,6.0,4.0,10.0,18.211441,18.321995,18.951845,19.041487,17.902195,17.862293,17.674847,17.65088,17.516062,17.403065,17.181759,17.06249,19.037941,18.80546,18.143484,18.032104,16.886583,16.793423,0.0,0.0,0.0,0.0,0.0,0.0,0.0,0.0
22242,2023.0,6.0,4.0,11.0,18.194212,18.324398,18.965792,19.310526,17.865717,17.829948,17.63895,17.618818,18.263025,18.813194,17.203278,17.08281,18.99852,18.765467,18.124609,18.012712,16.890003,16.795485,4.0,0.0,0.0,4.0,0.0,0.0,0.0,0.0
22243,2023.0,6.0,4.0,11.0,18.158783,18.29471,20.143175,21.422564,17.832142,17.802176,17.60628,17.591545,20.220013,22.163675,17.22597,17.10469,19.06071,18.91253,18.10886,17.997217,16.895054,16.799437,4.0,0.0,0.0,0.0,0.0,0.0,0.0,0.0
22244,2023.0,6.0,4.0,11.0,18.116146,18.25075,20.014412,21.08954,17.79717,17.772678,18.269999,18.871109,18.721485,18.918371,17.252348,17.129965,19.086117,18.952251,18.093712,17.98217,16.901579,16.804972,4.0,0.0,4.0,0.0,0.0,0.0,0.0,0.0
22245,2023.0,6.0,4.0,11.0,18.845144,19.6608,20.048141,21.123892,17.764097,17.744114,17.937395,18.03692,17.945824,17.810993,17.28035,17.157242,19.880907,20.465387,18.081018,17.969244,16.909924,16.812542,0.0,0.0,0.0,0.0,0.0,4.0,0.0,0.0
22246,2023.0,6.0,4.0,11.0,19.014389,19.734188,19.36595,19.755646,18.447569,19.059,17.63249,17.620235,17.839672,17.721214,17.308384,17.183979,19.371225,19.258213,18.07104,17.959286,16.918968,16.820898,4.0,4.0,0.0,0.0,0.0,0.0,0.0,0.0
22247,2023.0,6.0,4.0,11.0,18.433598,18.614243,20.14586,21.267515,18.658394,19.304914,17.564135,17.544207,17.820103,17.703154,17.334974,17.210714,19.927166,20.392527,18.064812,17.953184,16.92793,16.829391,0.0,4.0,0.0,0.0,0.0,4.0,0.0,0.0
22248,2023.0,6.0,4.0,12.0,18.171867,18.295681,19.45086,19.86099,18.08866,18.161652,17.539669,17.543293,17.79548,17.67866,17.36338,17.238386,19.478378,19.358248,18.05959,17.948502,16.937584,16.838907,4.0,0.0,0.0,0.0,0.0,0.0,0.0,0.0
22249,2023.0,6.0,4.0,12.0,21.271444,23.800756,20.133734,21.198057,21.255365,23.836948,21.239138,24.109177,17.780504,17.661703,17.388025,17.26252,21.219494,22.465828,21.484121,23.909931,16.945692,16.846382,0.0,0.0,0.0,0.0,0.0,0.0,0.0,0.0
22250,2023.0,6.0,4.0,12.0,21.018229,22.995966,19.48305,19.891396,21.01313,22.999744,21.003922,23.220545,17.765228,17.645653,17.414288,17.287376,21.01402,21.995893,20.998909,22.748999,16.955702,16.855669,4.0,0.0,0.0,0.0,0.0,0.0,0.0,0.0
22251,2023.0,6.0,4.0,12.0,21.033108,22.79884,20.121456,21.21057,21.063637,22.873478,21.06247,23.07571,17.755022,17.6351,17.440104,17.313421,21.029068,21.93554,21.049156,22.63983,16.968693,16.868818,4.0,0.0,0.0,0.0,0.0,0.0,0.0,0.0
22252,2023.0,6.0,4.0,12.0,21.119986,22.847157,20.076643,21.084206,21.11738,22.819244,21.130154,23.012083,17.750118,17.630482,17.46682,17.340816,21.062632,21.922924,21.10131,22.576555,16.984459,16.885443,0.0,0.0,0.0,0.0,0.0,0.0,0.0,0.0
22253,2023.0,6.0,4.0,12.0,21.042343,22.598797,19.153532,19.299181,21.040998,22.581934,21.044199,22.73564,17.749159,17.630348,17.489416,17.36141,21.022085,21.789839,21.033384,22.348286,17.00004,16.90117,0.0,0.0,0.0,0.0,0.0,0.0,0.0,0.0
22254,2023.0,6.0,4.0,13.0,21.021421,22.46787,18.617702,18.62487,21.046894,22.52281,21.050714,22.662872,17.749924,17.632048,17.513763,17.387367,21.024038,21.749542,21.037888,22.279858,17.017391,16.920088,0.0,0.0,0.0,0.0,0.0,0.0,0.0,0.0
22255,2023.0,6.0,4.0,13.0,21.101927,22.602116,18.433712,18.427147,21.058262,22.456335,21.109665,22.70449,17.751886,17.634867,17.534946,17.409203,21.0545,21.769392,21.084131,22.303617,17.033363,16.936945,0.0,4.0,0.0,0.0,0.0,0.0,0.0,0.0
22256,2023.0,6.0,4.0,13.0,21.037418,22.425842,18.313713,18.317915,21.051989,22.426182,21.038933,22.517628,17.754606,17.638418,17.968311,18.210358,21.019434,21.671047,21.028482,22.150482,17.048311,16.952612,0.0,0.0,0.0,0.0,4.0,0.0,0.0,0.0
22257,2023.0,6.0,4.0,13.0,21.04758,22.411911,18.21118,18.22141,21.049871,22.380705,21.049809,22.498787,17.757872,17.642536,20.211908,22.039078,21.023085,21.653627,21.037464,22.128,18.068584,18.873922,0.0,0.0,0.0,0.0,4.0,0.0,0.0,4.0
22258,2023.0,6.0,4.0,13.0,21.040842,22.37993,18.121279,18.13219,21.023926,22.27507,21.047565,22.4602,17.761671,17.647442,20.010183,21.390331,21.022255,21.631163,21.035877,22.091698,20.234081,22.424406,0.0,4.0,0.0,0.0,0.0,0.0,0.0,0.0
22259,2023.0,6.0,4.0,13.0,21.040598,22.363178,18.486486,18.881704,21.05326,22.33048,21.046616,22.428425,17.765608,17.652601,18.98316,19.230831,21.02184,21.612467,21.035427,22.062359,18.561634,18.836853,4.0,0.0,0.0,0.0,0.0,0.0,0.0,0.0
22260,2023.0,6.0,4.0,14.0,21.2123,22.691027,20.215229,21.856125,21.196323,22.59251,21.20287,22.715277,18.562689,19.159166,18.333706,18.255896,21.219896,21.993269,21.279446,22.525887,17.748405,17.700863,0.0,0.0,0.0,4.0,0.0,0.0,0.0,0.0
22261,2023.0,6.0,4.0,14.0,20.014692,20.354156,19.062464,19.407564,19.923433,20.112682,20.401546,21.107912,20.137573,21.699806,18.165396,18.04624,21.147188,21.791538,20.032448,20.072594,17.574696,17.490196,0.0,0.0,4.0,4.0,0.0,4.0,0.0,0.0
22262,2023.0,6.0,4.0,14.0,20.093752,20.869053,18.37195,18.449068,19.277744,19.30245,19.478268,19.61343,20.025019,21.294346,18.104212,17.97954,20.371538,20.278467,19.50539,19.39769,17.508425,17.41779,0.0,0.0,0.0,0.0,0.0,0.0,0.0,0.0
22263,2023.0,6.0,4.0,14.0,19.545305,19.780926,18.191181,18.225746,19.042141,19.046885,19.016174,19.03826,19.018976,19.211912,18.061205,17.936382,20.040638,19.871174,19.326849,19.21159,17.464739,17.373905,0.0,0.0,0.0,0.0,0.0,0.0,0.0,0.0
22264,2023.0,6.0,4.0,14.0,19.930267,20.670813,18.10268,18.124254,18.906218,18.902359,19.488186,20.062653,18.561726,18.480915,18.033463,17.907925,19.952791,19.780935,19.22057,19.101238,17.436543,17.345118,0.0,0.0,4.0,0.0,0.0,0.0,0.0,0.0
22265,2023.0,6.0,4.0,14.0,19.977194,20.717085,18.506844,18.939838,18.792227,18.789371,19.558153,20.153273,18.43101,18.334686,18.008928,17.885122,19.920946,19.7869,19.13029,19.012884,17.41184,17.321669,4.0,0.0,4.0,0.0,0.0,0.0,0.0,0.0
22266,2023.0,6.0,4.0,15.0,19.965311,20.706686,20.219969,21.911596,19.365685,19.951954,18.995766,19.121649,18.345066,18.238125,17.98807,17.866848,19.877058,19.751196,20.065073,20.850538,17.391611,17.303753,0.0,4.0,0.0,0.0,0.0,0.0,4.0,0.0
22267,2023.0,6.0,4.0,15.0,19.373732,19.61817,19.022396,19.355608,19.019993,19.173582,19.281084,19.86505,18.27061,18.163242,17.966309,17.84761,19.823015,19.70056,20.419106,21.247965,17.368538,17.282364,0.0,0.0,4.0,0.0,0.0,0.0,4.0,0.0
22268,2023.0,6.0,4.0,15.0,19.777588,20.519707,18.899925,19.31166,19.372454,19.94683,18.826435,18.957499,18.22257,18.115088,18.3251,18.535975,19.780361,19.659298,19.526733,19.510395,17.350214,17.265163,4.0,4.0,0.0,0.0,4.0,0.0,0.0,0.0
22269,2023.0,6.0,4.0,15.0,19.864939,20.622366,20.176203,21.579016,18.934206,19.07329,19.20744,19.794062,18.180658,18.075703,20.195187,21.80912,20.498335,21.060726,19.218973,19.105537,18.263433,19.006607,0.0,0.0,4.0,0.0,0.0,4.0,0.0,4.0
22270,2023.0,6.0,4.0,15.0,19.865173,20.620617,19.452288,20.008232,19.239386,19.818562,19.367285,19.979788,18.13834,18.036924,19.10976,19.444775,20.044205,20.008896,19.090082,18.979918,20.215988,22.239506,4.0,4.0,4.0,0.0,0.0,0.0,0.0,0.0
22271,2023.0,6.0,4.0,15.0,19.867422,20.61913,20.147894,21.415579,19.41689,20.026932,19.367447,19.977512,18.829714,19.37717,18.378155,18.32955,20.468786,20.972834,18.994278,18.888796,18.681932,18.975979,0.0,4.0,4.0,4.0,0.0,4.0,0.0,0.0
22272,2023.0,6.0,4.0,16.0,19.86815,20.616621,19.16892,19.418808,18.885155,19.018724,19.373821,19.983982,20.11358,21.453842,18.5611,18.78446,20.745615,21.340536,19.891558,20.652418,17.906288,17.893667,0.0,0.0,4.0,4.0,4.0,4.0,4.0,0.0
22273,2023.0,6.0,4.0,16.0,19.867447,20.61037,19.020668,19.45287,18.575672,18.610495,18.822605,18.95374,20.207504,21.519218,20.179253,21.613983,20.087175,20.045107,19.329489,19.33812,17.734709,17.699278,4.0,0.0,0.0,0.0,0.0,0.0,0.0,0.0
22274,2023.0,6.0,4.0,16.0,19.87748,20.625666,20.132961,21.390661,19.099894,19.673973,19.136587,19.729836,19.10376,19.271732,19.15996,19.444246,19.783834,19.64745,18.964989,18.873314,17.62884,17.562292,4.0,4.0,4.0,0.0,0.0,0.0,0.0,0.0
22275,2023.0,6.0,4.0,16.0,19.878601,20.621183,20.006369,21.042942,19.312,19.917404,19.295637,19.901611,18.56636,18.513317,18.478477,18.425634,19.699495,19.560053,19.845766,20.623028,18.484795,19.243513,4.0,4.0,4.0,0.0,0.0,0.0,4.0,4.0
22276,2023.0,6.0,4.0,16.0,19.288723,19.516783,20.040524,21.063196,19.340942,19.939734,18.74289,18.858976,18.400536,18.327133,18.293161,18.203764,20.360645,20.868965,19.25765,19.261389,20.156424,21.971952,0.0,4.0,0.0,0.0,0.0,4.0,0.0,4.0
22277,2023.0,6.0,4.0,16.0,19.655642,20.40603,19.50203,19.956314,19.365385,19.959532,19.093182,19.697573,19.040033,19.612741,18.211107,18.120777,19.900053,19.830849,18.89519,18.802282,20.032331,21.55304,4.0,4.0,4.0,4.0,0.0,0.0,0.0,0.0
22278,2023.0,6.0,4.0,17.0,19.200996,19.423481,20.12451,21.215343,19.382849,19.971922,18.68902,18.810553,20.126604,21.406134,18.145721,18.05797,19.652363,19.521982,18.795612,18.702648,18.769115,18.978962,0.0,4.0,0.0,0.0,0.0,0.0,0.0,0.0
22279,2023.0,6.0,4.0,17.0,18.890833,19.031822,19.559818,20.030083,19.391525,19.971355,19.01308,19.588568,19.085909,19.24965,18.085464,18.000069,19.56931,19.432255,18.719336,18.624657,18.086388,18.04956,4.0,4.0,4.0,0.0,0.0,0.0,0.0,0.0
22280,2023.0,6.0,4.0,17.0,19.491705,20.227388,20.097685,21.052942,19.39369,19.96395,19.134893,19.723116,18.625862,18.543848,18.037052,17.95152,20.33266,20.936455,18.672499,18.590025,17.919733,17.858345,4.0,4.0,4.0,0.0,0.0,4.0,0.0,0.0
22281,2023.0,6.0,4.0,17.0,19.072004,19.273987,20.010197,20.860107,19.39476,19.955397,19.153412,19.726646,19.179998,19.739779,17.985624,17.90311,20.553225,21.151802,19.656475,20.500364,17.80388,17.740122,4.0,4.0,4.0,4.0,0.0,4.0,4.0,0.0
22282,2023.0,6.0,4.0,17.0,19.472338,20.204397,20.021019,20.863821,19.395048,19.945944,19.172825,19.735872,20.113743,21.294487,17.935143,17.854574,20.582043,21.169737,20.001928,20.845005,17.704676,17.639887,4.0,4.0,4.0,0.0,0.0,4.0,4.0,0.0
22283,2023.0,6.0,4.0,17.0,19.031744,19.224258,20.019552,20.84497,19.394665,19.936182,18.624296,18.696539,19.08673,19.199451,17.888214,17.811018,20.60451,21.183115,20.071526,20.898657,17.624542,17.562918,4.0,4.0,0.0,0.0,0.0,4.0,4.0,0.0
22284,2023.0,6.0,4.0,18.0,18.728031,18.8288,20.019604,20.830858,19.392746,19.924469,18.97774,19.540228,18.508478,18.412514,17.841036,17.765625,20.618504,21.189165,20.12442,20.939056,17.550941,17.489775,4.0,4.0,4.0,0.0,0.0,4.0,4.0,0.0
22285,2023.0,6.0,4.0,18.0,21.259161,23.35535,20.01991,20.818403,21.236874,23.143173,21.267159,23.44587,18.359928,18.282883,17.79572,17.722692,21.048986,21.938652,21.121899,22.64616,18.46459,19.280256,4.0,4.0,0.0,0.0,0.0,4.0,4.0,4.0
22286,2023.0,6.0,4.0,18.0,20.995409,22.580618,20.020039,20.806557,21.029806,22.557232,21.022976,22.709229,18.260761,18.184923,17.750412,17.678606,21.033396,21.870249,21.040522,22.38213,20.212416,22.122318,4.0,0.0,0.0,0.0,0.0,0.0,0.0,0.0
22287,2023.0,6.0,4.0,18.0,21.029787,22.493761,20.038404,20.846424,21.029161,22.401064,21.058748,22.614424,18.173666,18.099195,17.706905,17.636633,21.033022,21.820208,21.007868,22.189161,18.615303,18.772072,0.0,4.0,0.0,0.0,0.0,0.0,4.0,0.0
22288,2023.0,6.0,4.0,18.0,21.023823,22.378721,19.525986,19.825083,21.029306,22.30979,21.019148,22.41671,18.096277,18.022266,17.664043,17.594978,21.001802,21.701853,21.012865,22.133999,17.839584,17.745737,4.0,4.0,4.0,0.0,0.0,4.0,4.0,0.0
22289,2023.0,6.0,4.0,18.0,21.051783,22.379421,20.120573,21.046705,21.05426,22.31244,21.034407,22.364187,18.805769,19.427288,17.621761,17.553976,21.007753,21.694546,21.052448,22.194334,18.678535,19.49887,0.0,0.0,4.0,4.0,0.0,4.0,0.0,4.0
22290,2023.0,6.0,4.0,19.0,21.018728,22.231253,19.541725,19.853987,21.02337,22.174423,21.057175,22.368906,20.170706,21.642494,17.579645,17.5136,21.037998,21.760366,21.04443,22.133854,20.189363,21.940075,4.0,4.0,0.0,0.0,0.0,0.0,0.0,0.0
22291,2023.0,6.0,4.0,19.0,21.023548,22.197704,20.126886,21.067251,21.028696,22.1449,21.05159,22.304283,19.435757,19.980696,17.535948,17.469528,21.033155,21.731352,21.005106,21.991488,19.350126,20.054737,0.0,4.0,0.0,4.0,0.0,0.0,4.0,4.0
22292,2023.0,6.0,4.0,19.0,21.050047,22.23588,19.509544,19.790909,21.027794,22.111687,21.051645,22.259642,20.120485,21.323769,17.493511,17.428284,21.033783,21.716236,21.012774,21.987772,20.133398,21.594807,4.0,4.0,0.0,4.0,0.0,0.0,4.0,4.0
22293,2023.0,6.0,4.0,19.0,21.016937,22.115364,20.113817,21.029364,21.027712,22.085115,21.041735,22.221317,20.034725,21.07906,17.44975,17.383862,21.003582,21.624704,21.052559,22.081938,20.005184,21.234564,4.0,4.0,0.0,0.0,0.0,4.0,0.0,4.0
22294,2023.0,6.0,4.0,19.0,21.050003,22.176502,20.02902,20.830956,21.027504,22.061684,21.042568,22.204344,19.51032,19.960178,17.82225,18.12505,21.00938,21.635458,21.044687,22.045172,20.020031,21.189514,0.0,4.0,0.0,4.0,4.0,4.0,0.0,4.0
22295,2023.0,6.0,4.0,19.0,21.01684,22.063784,19.463337,19.69269,21.027649,22.04136,21.042234,22.185993,20.293434,21.538008,20.280811,22.286669,21.009455,21.635824,21.00558,21.92001,20.297094,21.689846,4.0,4.0,0.0,0.0,0.0,4.0,4.0,4.0
22296,2023.0,6.0,4.0,20.0,21.022768,22.057585,20.136642,21.066322,21.027542,22.02217,21.016487,22.097801,19.577171,20.02,18.762981,19.04092,21.010122,21.63672,21.013453,21.929218,20.053825,21.180836,0.0,4.0,4.0,4.0,0.0,4.0,4.0,0.0
22297,2023.0,6.0,4.0,20.0,21.02269,22.041985,19.45312,19.650782,21.02768,22.004435,21.021528,22.098446,20.128729,21.164446,17.90573,17.86578,21.041348,21.716005,21.01303,21.924871,19.539793,20.110596,4.0,4.0,4.0,0.0,0.0,0.0,4.0,4.0
22298,2023.0,6.0,4.0,20.0,21.049574,22.102026,20.110998,21.023506,21.027842,21.987904,21.032122,22.089788,19.545513,19.931206,17.701668,17.619364,21.005896,21.615791,21.054285,22.03108,20.133629,21.3359,4.0,4.0,4.0,4.0,0.0,4.0,0.0,0.0
22299,2023.0,6.0,4.0,20.0,21.044355,22.070604,20.032625,20.820307,21.028109,21.97264,21.056452,22.13468,20.128317,21.141804,17.582449,17.496527,21.012299,21.627214,21.04662,22.00077,18.808426,18.716671,0.0,4.0,0.0,0.0,0.0,4.0,0.0,0.0
22300,2023.0,6.0,4.0,20.0,21.045008,22.050873,19.406584,19.55777,21.028395,21.958218,21.051638,22.098488,18.953695,18.811554,17.48974,17.403141,21.042978,21.705713,21.047518,21.98645,19.016771,19.573051,4.0,4.0,0.0,0.0,0.0,0.0,0.0,4.0
22301,2023.0,6.0,4.0,20.0,21.017883,21.958458,20.118654,21.02007,21.028593,21.944332,21.026468,22.004326,19.029497,19.377264,17.403767,17.31241,21.007746,21.605606,21.047585,21.972055,20.122469,21.399937,4.0,4.0,4.0,4.0,0.0,4.0,0.0,4.0
22302,2023.0,6.0,4.0,21.0,21.051609,22.0355,20.015535,20.751543,21.054628,22.001987,21.057713,22.07088,20.159504,21.309143,17.732656,17.998993,21.01385,21.615808,21.037552,21.960114,20.044798,21.189196,4.0,0.0,0.0,0.0,4.0,4.0,0.0,0.0
22303,2023.0,6.0,4.0,21.0,21.044851,22.008165,20.047527,20.79023,21.049343,21.971409,21.051918,22.040045,18.852413,18.673447,20.278807,22.320442,21.044466,21.693703,21.03914,21.966484,18.698166,18.53356,0.0,0.0,0.0,0.0,0.0,0.0,0.0,0.0
22304,2023.0,6.0,4.0,21.0,21.04593,21.99603,19.050678,18.84681,21.024378,21.882633,21.05254,22.022318,18.168484,17.84064,18.986403,19.482168,21.009275,21.593334,20.999014,21.859863,18.009068,17.71127,0.0,4.0,0.0,0.0,4.0,4.0,4.0,0.0
22305,2023.0,6.0,4.0,21.0,21.229752,22.376936,18.651636,18.472916,21.195318,22.233288,21.218317,22.364883,18.143133,18.00052,20.235054,21.948246,21.230444,22.033632,21.227636,22.331415,18.706524,19.234823,0.0,0.0,0.0,0.0,4.0,4.0,0.0,4.0
22306,2023.0,6.0,4.0,21.0,21.034334,21.987402,18.548862,18.38341,21.049288,21.921846,21.04006,22.007097,18.08883,17.966488,20.024097,21.32741,21.01454,21.594511,21.04833,21.950739,20.195238,21.699106,0.0,0.0,0.0,0.0,4.0,4.0,0.0,0.0
22307,2023.0,6.0,4.0,21.0,21.034878,21.993162,18.430138,18.258244,21.05066,21.910599,21.040379,22.008749,17.979208,17.851551,20.066002,21.28525,21.01583,21.596571,21.009678,21.831593,18.582003,18.404982,0.0,0.0,0.0,0.0,0.0,4.0,4.0,0.0
22308,2023.0,6.0,4.0,22.0,21.035025,21.995071,18.323685,18.14314,21.035925,21.89753,21.040329,22.007109,17.875648,17.743067,18.625742,18.419575,21.04669,21.674488,21.05812,21.953093,17.80969,17.476816,0.0,0.0,0.0,0.0,0.0,0.0,0.0,0.0
22309,2023.0,6.0,4.0,22.0,21.03525,21.995396,18.694721,18.91456,21.03769,21.90956,21.040268,22.005058,17.784454,17.649109,17.78092,17.354433,21.041195,21.651676,21.049242,21.924616,17.7954,17.667677,4.0,0.0,0.0,0.0,0.0,0.0,0.0,0.0
22310,2023.0,6.0,4.0,22.0,21.231838,22.388002,20.172216,21.437782,21.231443,22.301704,21.223955,22.370457,18.30037,18.68842,17.756098,17.567453,21.230688,22.001574,21.226404,22.267878,18.480482,19.021765,4.0,0.0,0.0,4.0,0.0,4.0,0.0,4.0
22311,2023.0,6.0,4.0,22.0,21.007225,21.91169,20.034403,21.00832,21.011477,21.838789,21.039848,21.994596,20.239544,21.951786,17.709293,17.55842,21.046522,21.645643,21.03695,21.89923,20.19259,21.82205,0.0,4.0,0.0,0.0,0.0,0.0,0.0,4.0
22312,2023.0,6.0,4.0,22.0,21.040504,22.00406,18.83211,18.592964,21.017319,21.85895,21.040268,21.993269,18.777338,18.859375,17.588171,17.43897,21.04158,21.628849,21.039122,21.913565,20.042068,21.365501,0.0,4.0,0.0,0.0,0.0,0.0,0.0,0.0
22313,2023.0,6.0,4.0,22.0,21.049053,21.989525,18.094748,17.59043,21.058212,21.93582,21.040033,21.989782,18.635902,19.023113,17.475248,17.326216,21.011608,21.54379,21.038778,21.918943,18.511505,18.291822,0.0,0.0,0.0,4.0,0.0,4.0,0.0,0.0
22314,2023.0,6.0,4.0,23.0,21.020273,21.888706,18.116535,17.841904,21.050758,21.897598,21.040077,21.986996,20.220041,21.714813,17.372513,17.222555,21.047445,21.637354,21.038946,21.922848,17.771862,17.41571,0.0,0.0,0.0,0.0,0.0,0.0,0.0,0.0
22315,2023.0,6.0,4.0,23.0,19.88132,19.72508,18.14905,17.944904,19.83451,19.548372,20.050001,20.08487,18.623606,18.422909,17.282017,17.133062,19.997816,19.615932,20.026684,19.9784,17.752338,17.602386,0.0,0.0,0.0,0.0,0.0,0.0,0.0,0.0
22316,2023.0,6.0,4.0,23.0,19.355461,18.988575,18.100878,17.907139,20.134583,20.397589,19.544641,19.366205,18.015392,17.600128,17.211529,17.06025,19.585052,19.089348,19.61364,19.456396,17.705866,17.577543,0.0,4.0,0.0,0.0,0.0,0.0,0.0,0.0
22317,2023.0,6.0,4.0,23.0,19.136759,18.765484,18.04108,17.850199,19.355347,18.92881,19.329197,19.138447,18.049738,17.870699,17.147018,16.99623,19.68112,19.464834,19.420124,19.267752,18.33566,18.8404,0.0,0.0,0.0,0.0,0.0,0.0,0.0,4.0
22318,2023.0,6.0,4.0,23.0,19.26136,19.182825,17.985088,17.795486,18.951918,18.395416,19.168299,18.978025,18.559853,18.908512,17.087414,16.936592,19.636948,19.453869,19.256887,19.10201,17.59907,17.303572,0.0,0.0,0.0,4.0,0.0,0.0,0.0,0.0
22319,2023.0,6.0,4.0,23.0,19.238861,19.21133,17.931679,17.742884,18.767553,18.21286,19.031847,18.841686,18.111696,17.99312,17.031359,16.880001,19.540699,19.358238,19.116072,18.960075,17.310017,16.968277,0.0,0.0,0.0,0.0,0.0,0.0,0.0,0.0
22320,2023.0,6.0,5.0,0.0,19.875305,20.48461,17.882679,17.695488,18.883348,18.600044,18.914946,18.72775,17.696024,17.337193,16.980259,16.829317,19.452501,19.270956,18.993902,18.839163,17.195591,16.861122,0.0,0.0,0.0,0.0,0.0,0.0,0.0,0.0
22321,2023.0,6.0,5.0,0.0,19.681414,19.979933,17.834929,17.647717,18.884071,18.673143,18.806858,18.61909,17.498762,17.107758,17.237925,17.353867,19.369053,19.185701,18.881168,18.72428,17.302973,17.180416,0.0,0.0,0.0,0.0,4.0,0.0,0.0,0.0
22322,2023.0,6.0,5.0,0.0,19.000534,18.750645,17.79237,17.60757,18.815254,18.613932,18.714249,18.531313,17.605087,17.444586,17.01534,16.880182,19.296606,19.115004,18.783775,18.629282,17.272808,17.146275,0.0,0.0,0.0,0.0,0.0,0.0,0.0,0.0
22323,2023.0,6.0,5.0,0.0,18.700283,18.341114,17.747517,17.560244,18.735525,18.531637,18.621088,18.433855,17.585081,17.436186,16.900253,16.745863,19.22546,19.040478,18.689465,18.531223,17.217613,17.088213,0.0,0.0,0.0,0.0,0.0,0.0,0.0,0.0
22324,2023.0,6.0,5.0,0.0,18.581001,18.238358,17.711632,17.528795,18.669662,18.47348,18.547674,18.36866,18.11827,18.490396,17.155632,17.264406,19.166569,18.984926,18.61088,18.456663,17.170675,17.043684,0.0,0.0,0.0,4.0,4.0,0.0,0.0,0.0
22325,2023.0,6.0,5.0,0.0,18.767027,18.719097,17.673887,17.49166,18.602152,18.40759,18.473644,18.295963,18.325394,18.76183,16.929287,16.782047,19.109024,18.927055,18.53508,18.380634,17.123615,16.996447,0.0,0.0,0.0,4.0,0.0,0.0,0.0,0.0
22326,2023.0,6.0,5.0,1.0,18.766806,18.748262,17.639576,17.459364,18.541239,18.350801,18.407776,18.234179,17.548162,17.220917,16.834534,16.684052,19.057728,18.877394,18.467642,18.315372,17.080912,16.955107,0.0,0.0,0.0,0.0,0.0,0.0,0.0,0.0
22327,2023.0,6.0,5.0,1.0,18.718477,18.699852,17.602287,17.419733,18.477308,18.284163,18.339111,18.162233,17.266985,16.882498,16.78857,16.635553,19.006277,18.823635,18.400557,18.245667,17.037523,16.90988,0.0,0.0,0.0,0.0,0.0,0.0,0.0,0.0
22328,2023.0,6.0,5.0,1.0,18.671003,18.654026,17.569357,17.387884,18.421843,18.231052,18.279884,18.105263,17.164013,16.785864,16.749434,16.597088,18.961073,18.779194,18.341326,18.187355,16.99866,16.871546,0.0,0.0,0.0,0.0,0.0,0.0,0.0,0.0
22329,2023.0,6.0,5.0,1.0,18.624567,18.610153,17.538681,17.35962,18.371124,18.1843,18.225939,18.055315,17.309958,17.169659,16.714794,16.56398,18.919277,18.7389,18.286549,18.134256,16.962173,16.836155,0.0,0.0,0.0,0.0,0.0,0.0,0.0,0.0
22330,2023.0,6.0,5.0,1.0,18.57739,18.563416,17.506218,17.326859,18.319565,18.133022,18.171255,18.000713,17.29441,17.149256,16.68033,16.529114,18.878124,18.697638,18.23324,18.080938,16.926004,16.799862,0.0,0.0,0.0,0.0,0.0,0.0,0.0,0.0
22331,2023.0,6.0,5.0,1.0,18.535372,18.525154,17.478296,17.302317,18.275288,18.093874,18.124454,17.959166,17.845123,18.22008,16.650251,16.501408,18.84124,18.663124,18.185213,18.035608,16.893051,16.768764,0.0,0.0,0.0,4.0,0.0,0.0,0.0,0.0
22332,2023.0,6.0,5.0,2.0,18.49263,18.48339,17.448772,17.273645,18.229845,18.05009,18.07652,17.912804,17.42955,17.312624,16.619545,16.471127,18.804174,18.6266,18.137497,17.988533,16.859762,16.735851,0.0,0.0,0.0,0.0,0.0,0.0,0.0,0.0
22333,2023.0,6.0,5.0,2.0,18.452324,18.444387,17.4208,17.247246,18.186892,18.0093,18.03124,17.869545,17.653057,17.808376,16.590576,16.443287,18.769258,18.59303,18.092312,17.944542,16.827991,16.705025,0.0,0.0,0.0,4.0,0.0,0.0,0.0,0.0
22334,2023.0,6.0,5.0,2.0,18.415064,18.409504,17.394733,17.22366,18.147158,17.97287,17.989422,17.83096,17.141497,16.781946,16.563648,16.418278,18.736677,18.562603,18.050137,17.904491,16.798052,16.676722,0.0,0.0,0.0,0.0,0.0,0.0,0.0,0.0
22335,2023.0,6.0,5.0,2.0,18.379324,18.376072,17.369457,17.20084,18.109137,17.93808,17.949501,17.794191,16.96436,16.601393,16.827322,16.934704,18.705357,18.533468,18.009747,17.86627,17.49317,18.011862,0.0,0.0,0.0,0.0,4.0,0.0,0.0,4.0
22336,2023.0,6.0,5.0,2.0,18.343803,18.342142,17.344345,17.177559,18.071817,17.903076,17.910591,17.757378,16.884983,16.527845,16.634653,16.504536,18.6745,18.504185,17.97013,17.828054,17.007523,16.933367,0.0,0.0,0.0,0.0,0.0,0.0,0.0,0.0
22337,2023.0,6.0,5.0,2.0,18.307907,18.306671,17.319057,17.153053,18.034607,17.866808,17.872217,17.719547,17.038774,16.909567,16.540731,16.398245,18.643766,18.474201,17.930918,17.78927,16.657742,16.353912,0.0,0.0,0.0,0.0,0.0,0.0,0.0,0.0
22338,2023.0,6.0,5.0,3.0,18.275766,18.277826,17.296423,17.133392,18.00159,17.837652,17.838264,17.689243,17.036873,16.903587,16.805414,16.921179,18.61583,18.448967,17.895256,17.75636,17.307999,17.672712,0.0,0.0,0.0,0.0,4.0,0.0,0.0,4.0
22339,2023.0,6.0,5.0,3.0,18.241154,18.242996,17.271431,17.108467,17.96575,17.801704,17.801441,17.651989,17.007711,16.874268,16.933811,17.093859,18.585966,18.419117,17.857748,17.718634,17.503263,17.886486,0.0,0.0,0.0,0.0,4.0,0.0,0.0,4.0
22340,2023.0,6.0,5.0,3.0,18.211792,18.217518,17.251297,17.092236,17.936136,17.77705,17.77156,17.62674,16.981297,16.850918,16.445654,16.12623,18.55981,18.395994,17.824684,17.688759,16.827156,16.558594,0.0,0.0,0.0,0.0,0.0,0.0,0.0,0.0
22341,2023.0,6.0,5.0,3.0,18.182621,18.191547,17.2296,17.072222,17.904669,17.747646,17.740015,17.59681,16.9529,16.823833,16.244064,15.882547,18.532663,18.370142,17.79071,17.655993,17.367186,17.732176,0.0,0.0,0.0,0.0,0.0,0.0,0.0,4.0
22342,2023.0,6.0,5.0,3.0,18.167261,18.192345,17.207039,17.050695,17.872862,17.716763,17.707928,17.565348,16.924265,16.795662,16.396294,16.262291,18.505447,18.34349,17.75685,17.622503,17.551126,17.940987,0.0,0.0,0.0,0.0,0.0,0.0,0.0,4.0
22343,2023.0,6.0,5.0,3.0,18.143204,18.170797,17.186478,17.033352,17.844576,17.692066,17.679451,17.540224,16.898426,16.772337,16.405533,16.273125,18.48079,18.321287,17.726131,17.594341,16.865591,16.605621,0.0,0.0,0.0,0.0,0.0,0.0,0.0,0.0
22344,2023.0,6.0,5.0,4.0,18.116207,18.144577,17.164928,17.013762,17.815357,17.66476,17.650072,17.512497,16.872154,16.747324,16.38363,16.252771,18.455597,18.2974,17.694939,17.564358,17.395805,17.765202,0.0,0.0,0.0,0.0,0.0,0.0,0.0,4.0
22345,2023.0,6.0,5.0,4.0,18.089954,18.11967,17.1443,16.99561,17.78742,17.639357,17.621897,17.48667,16.847229,16.72419,16.36213,16.233162,18.431517,18.275158,17.66513,17.536318,16.829037,16.577087,0.0,0.0,0.0,0.0,0.0,0.0,0.0,0.0
22346,2023.0,6.0,5.0,4.0,18.06238,18.091787,17.12223,16.974146,17.757854,17.609987,17.592043,17.45681,16.821663,16.698896,16.33933,16.210745,18.406652,18.250727,17.634592,17.50596,16.608038,16.312689,0.0,0.0,0.0,0.0,0.0,0.0,0.0,0.0
22347,2023.0,6.0,5.0,4.0,18.037603,18.069048,17.103481,16.958954,17.732449,17.588362,17.566216,17.434723,16.799112,16.678862,16.627132,16.769938,18.384394,18.230972,17.607069,17.480873,16.530804,16.246815,0.0,0.0,0.0,0.0,4.0,0.0,0.0,0.0
22348,2023.0,6.0,5.0,4.0,18.012836,18.045975,17.08441,16.942574,17.706732,17.565533,17.53989,17.411304,17.357008,17.74816,16.424665,16.317661,18.36237,18.211102,17.580029,17.455936,16.631243,16.521093,0.0,0.0,0.0,4.0,0.0,0.0,0.0,0.0
22349,2023.0,6.0,5.0,4.0,17.987944,18.022041,17.065275,16.925404,17.680723,17.541586,17.513216,17.386698,16.970459,16.886114,16.336874,16.214027,18.340422,18.19074,17.553167,17.430513,16.627768,16.523941,0.0,0.0,0.0,0.0,0.0,0.0,0.0,0.0
22350,2023.0,6.0,5.0,5.0,17.96301,17.997313,17.045235,16.906122,17.653759,17.515224,17.48553,17.359581,16.839779,16.722794,16.311338,16.189575,18.318483,18.169678,17.526472,17.404505,16.596275,16.492567,0.0,0.0,0.0,0.0,0.0,0.0,0.0,0.0
22351,2023.0,6.0,5.0,5.0,17.93855,17.973131,17.025768,16.887886,17.628387,17.491568,17.45956,17.33545,16.802948,16.687946,16.578085,16.708828,19.04285,19.559052,17.500858,17.379751,16.567211,16.464684,0.0,0.0,0.0,0.0,4.0,4.0,0.0,0.0
22352,2023.0,6.0,5.0,5.0,17.912006,17.945137,17.003786,16.864887,17.600573,17.46296,17.431067,17.306248,16.768288,16.652508,16.39297,16.29313,18.548567,18.476942,17.47408,17.352402,17.2622,17.798525,0.0,0.0,0.0,0.0,0.0,0.0,0.0,4.0
22353,2023.0,6.0,5.0,5.0,17.885286,17.916725,16.981676,16.841467,17.572796,17.434084,17.40272,17.276834,16.737854,16.621063,16.592157,16.724112,18.89252,19.176893,17.44758,17.325186,16.77721,16.72405,0.0,0.0,0.0,0.0,4.0,4.0,0.0,0.0
22354,2023.0,6.0,5.0,5.0,17.859015,17.889122,16.959934,16.818714,17.545658,17.406181,18.09091,18.592314,16.710133,16.592838,16.71545,16.886011,18.300114,17.972158,17.421871,17.29907,16.468214,16.21915,0.0,0.0,4.0,0.0,4.0,0.0,0.0,0.0
22355,2023.0,6.0,5.0,5.0,18.542793,19.192398,16.938276,16.795801,18.231323,18.716404,18.288933,18.80706,17.256464,17.640032,16.255972,15.971511,18.098183,17.715588,17.3966,17.273264,16.35744,16.091427,0.0,4.0,4.0,4.0,0.0,0.0,0.0,0.0
22356,2023.0,6.0,5.0,6.0,18.099295,18.21268,16.91677,16.77304,17.821938,17.801697,17.522446,17.278912,17.510166,17.979498,16.068892,15.7409935,18.806406,19.120922,17.37228,17.248428,16.445683,16.332031,0.0,0.0,0.0,4.0,0.0,4.0,0.0,0.0
22357,2023.0,6.0,5.0,6.0,21.262697,23.843893,16.897295,16.754751,21.238394,23.863564,21.33792,23.890339,20.308268,22.77043,16.18119,16.028666,21.181631,23.21279,21.774647,24.852987,16.451536,16.346964,0.0,0.0,0.0,4.0,0.0,0.0,4.0,0.0
22358,2023.0,6.0,5.0,6.0,20.997374,22.924232,17.346035,17.613459,20.999315,22.9562,21.01769,23.057684,20.031004,21.88085,16.528715,16.660688,21.035059,22.61526,21.019608,23.111702,17.197828,17.77595,4.0,4.0,0.0,0.0,4.0,0.0,0.0,4.0
22359,2023.0,6.0,5.0,6.0,21.138987,22.97294,20.271135,22.587458,21.138182,22.971792,21.13995,23.077234,18.716923,19.069628,20.247921,22.962492,21.107906,22.552637,21.161203,23.093447,21.395718,24.632929,4.0,4.0,0.0,4.0,0.0,0.0,4.0,4.0
22360,2023.0,6.0,5.0,6.0,21.06848,22.69379,20.013403,21.71801,21.07289,22.684147,21.056973,22.752522,20.258451,22.065351,18.52345,19.119053,21.01379,22.224157,21.035894,22.653248,19.855679,21.500612,4.0,0.0,0.0,4.0,4.0,4.0,4.0,0.0
22361,2023.0,6.0,5.0,6.0,21.062504,22.567322,20.055906,21.567482,21.042572,22.477299,21.056519,22.639818,20.17564,21.721542,20.280252,22.5708,21.032135,22.152615,21.033981,22.518536,18.068504,17.933617,4.0,4.0,0.0,4.0,4.0,4.0,4.0,0.0
22362,2023.0,6.0,5.0,7.0,21.032242,22.403315,20.062874,21.434122,21.044498,22.393133,21.027788,22.482517,20.065697,21.391134,20.012096,21.730917,21.027283,22.065765,21.030254,22.415644,17.253283,16.940601,0.0,4.0,4.0,0.0,4.0,4.0,4.0,0.0
22363,2023.0,6.0,5.0,7.0,21.038649,22.35765,18.553165,18.413633,21.044046,22.326664,21.074419,22.507677,18.547455,18.369696,20.075413,21.648497,21.027138,22.006453,21.069715,22.44783,18.200407,18.956057,0.0,4.0,0.0,0.0,0.0,4.0,0.0,4.0
22364,2023.0,6.0,5.0,7.0,21.063902,22.385769,18.355831,18.566242,21.04286,22.274656,21.065248,22.421583,17.75124,17.389912,18.708035,18.844059,21.026018,21.958763,21.060558,22.36291,20.25568,22.320574,4.0,4.0,0.0,0.0,4.0,4.0,0.0,0.0
22365,2023.0,6.0,5.0,7.0,21.209558,22.619287,20.242369,21.884811,21.20321,22.556202,21.240833,22.729708,17.702751,17.538754,20.301983,21.938562,21.134066,22.156527,21.273232,22.706602,18.246933,18.15567,0.0,4.0,4.0,0.0,4.0,0.0,4.0,0.0
22366,2023.0,6.0,5.0,7.0,21.035412,22.24092,18.872635,19.041729,21.040129,22.19369,21.045168,22.286346,17.642925,17.50372,20.024374,21.337812,21.018545,21.86608,21.065893,22.277061,17.330095,17.029251,0.0,4.0,4.0,0.0,4.0,4.0,0.0,0.0
22367,2023.0,6.0,5.0,7.0,21.033775,22.220865,18.527771,18.826012,21.038612,22.166143,21.067131,22.3189,17.533607,17.396393,20.067028,21.325777,21.053976,21.930765,21.054878,22.22084,17.290176,17.170015,4.0,4.0,0.0,0.0,0.0,0.0,0.0,0.0
22368,2023.0,6.0,5.0,8.0,21.177162,22.51237,20.228811,21.786688,21.210154,22.48788,21.169994,22.493473,17.447823,17.318565,18.611206,18.446777,21.134392,22.061512,21.205946,22.490337,17.228691,17.115337,4.0,4.0,0.0,0.0,0.0,0.0,0.0,0.0
22369,2023.0,6.0,5.0,8.0,19.707561,19.659273,20.01876,21.212576,19.640015,19.469875,19.592152,19.431095,17.373821,17.248182,17.972946,17.790548,19.875248,19.606335,19.637484,19.431517,17.145533,17.03762,4.0,0.0,0.0,0.0,0.0,0.0,0.0,0.0
22370,2023.0,6.0,5.0,8.0,19.620935,19.96794,20.062555,21.213306,18.795002,18.368307,18.965107,18.803743,17.310995,17.186409,17.818834,17.649439,20.282745,20.792137,19.090202,18.926764,17.071468,16.964296,0.0,0.0,0.0,0.0,0.0,4.0,0.0,0.0
22371,2023.0,6.0,5.0,8.0,19.03623,18.890215,18.750002,18.62363,19.128708,19.233402,19.424229,19.849886,17.259241,17.13632,17.676823,17.515207,19.565773,19.272966,18.909874,18.758213,17.009142,16.90326,0.0,4.0,4.0,0.0,0.0,0.0,0.0,0.0
22372,2023.0,6.0,5.0,8.0,19.395344,19.752193,18.328037,18.116009,18.593012,18.233067,18.94043,18.91593,17.221699,17.09728,17.580097,17.415764,19.190306,18.762012,18.774063,18.620153,16.963688,16.855938,0.0,0.0,0.0,0.0,0.0,0.0,0.0,0.0
22373,2023.0,6.0,5.0,8.0,18.823545,18.680166,18.193716,18.028612,18.311157,17.878023,18.389511,18.014402,17.188707,17.064165,17.495384,17.333307,19.043566,18.617943,18.65542,18.504519,16.924301,16.816444,0.0,0.0,0.0,0.0,0.0,0.0,0.0,0.0
22374,2023.0,6.0,5.0,9.0,18.506596,18.249825,18.053875,17.889341,18.166922,17.736843,18.154404,17.738008,17.158375,17.032267,17.41875,17.25484,19.161194,18.971548,18.550045,18.397898,16.88853,16.779081,0.0,0.0,0.0,0.0,0.0,0.0,0.0,0.0
22375,2023.0,6.0,5.0,9.0,18.368484,18.122927,17.940783,17.781301,18.268461,18.066236,18.231516,18.042841,17.132706,17.007334,17.354452,17.193392,19.133617,18.960411,18.460766,18.312138,16.858124,16.74941,0.0,0.0,0.0,0.0,0.0,0.0,0.0,0.0
22376,2023.0,6.0,5.0,9.0,18.475266,18.457552,17.848082,17.69884,18.247496,18.090574,18.193188,18.050913,17.110384,16.986858,17.300308,17.14477,19.863646,20.400352,18.384794,18.242567,16.83181,16.725016,0.0,0.0,0.0,0.0,0.0,4.0,0.0,0.0
22377,2023.0,6.0,5.0,9.0,18.46075,18.482277,17.761875,17.61708,18.888512,19.354523,18.12395,17.992863,17.088768,16.966059,17.249155,17.09605,19.817806,20.15634,18.313753,18.174341,16.806707,16.700682,0.0,4.0,0.0,0.0,0.0,4.0,0.0,0.0
22378,2023.0,6.0,5.0,9.0,18.40224,18.429157,17.685076,17.544315,18.46565,18.460678,18.052752,17.926613,17.068787,16.946867,17.203104,17.052113,19.099958,18.796448,18.249964,18.112911,16.783741,16.67844,0.0,0.0,0.0,0.0,0.0,0.0,0.0,0.0
22379,2023.0,6.0,5.0,9.0,18.344852,18.374748,17.615528,17.477848,17.99688,17.649723,17.98566,17.863085,17.050415,16.929052,17.16149,17.011915,18.848242,18.458239,18.192493,18.057016,16.762764,16.657938,0.0,0.0,0.0,0.0,0.0,0.0,0.0,0.0
22380,2023.0,6.0,5.0,10.0,18.293549,18.328875,17.556297,17.425083,17.852606,17.48939,17.927008,17.810863,17.791119,18.34035,17.126451,16.98001,18.756062,18.37299,18.143091,18.01128,16.744772,16.64122,0.0,0.0,0.0,4.0,0.0,0.0,0.0,0.0
22381,2023.0,6.0,5.0,10.0,18.246212,18.28665,17.501734,17.375608,17.930109,17.739807,17.87212,17.761093,20.274944,22.559874,17.094961,16.95063,19.431166,19.718079,18.0978,17.968624,16.728432,16.625689,0.0,0.0,0.0,0.0,0.0,4.0,0.0,0.0
22382,2023.0,6.0,5.0,10.0,18.209942,18.267008,17.886965,18.149359,17.95461,17.82316,17.81406,17.707888,18.34209,18.403032,17.062645,16.920248,19.018137,18.766172,18.050907,17.92391,16.711912,16.609755,4.0,0.0,0.0,0.0,0.0,0.0,0.0,0.0
22383,2023.0,6.0,5.0,10.0,18.16894,18.221481,20.25647,22.258547,17.923855,17.804245,17.767717,17.664553,17.614418,17.30978,17.038939,16.896587,19.51034,19.808071,18.014547,17.888418,16.699438,16.597322,0.0,0.0,0.0,0.0,0.0,4.0,0.0,0.0
22384,2023.0,6.0,5.0,10.0,18.13452,18.197977,18.794426,19.10509,17.880075,17.76554,17.71948,17.620934,17.55333,17.387747,17.019175,16.878216,19.068708,18.826225,17.977726,17.853085,16.687435,16.585464,0.0,0.0,0.0,0.0,0.0,0.0,0.0,0.0
22385,2023.0,6.0,5.0,10.0,18.106096,18.173122,18.055159,17.943363,17.841146,17.727787,17.677883,17.580154,17.516376,17.37163,17.008844,16.867323,18.801018,18.43074,17.948175,17.822243,16.67889,16.575874,0.0,0.0,0.0,0.0,0.0,0.0,0.0,0.0
22386,2023.0,6.0,5.0,11.0,18.077497,18.14866,17.89859,17.78752,17.807417,17.699635,17.642406,17.550215,17.464638,17.324804,17.002949,16.861639,19.486652,19.802351,17.924852,17.800062,16.673674,16.570053,0.0,0.0,0.0,0.0,0.0,4.0,0.0,0.0
22387,2023.0,6.0,5.0,11.0,18.050213,18.125181,17.784725,17.675821,17.775654,17.672867,17.609142,17.521742,17.422422,17.284107,17.001228,16.860096,18.984573,18.74062,17.905767,17.781364,16.672157,16.568157,0.0,0.0,0.0,0.0,0.0,0.0,0.0,0.0
22388,2023.0,6.0,5.0,11.0,18.77823,19.521524,17.700031,17.596376,18.455711,18.981003,17.578865,17.49679,17.390112,17.25326,17.003416,16.861858,18.771286,18.425797,17.891178,17.76696,16.673887,16.569162,0.0,4.0,0.0,0.0,0.0,0.0,0.0,0.0
22389,2023.0,6.0,5.0,11.0,18.308989,18.479263,17.62903,17.530252,18.665144,19.231524,17.550362,17.473133,17.365898,17.229372,17.00934,16.866634,18.710012,18.362816,17.880606,17.755917,16.678505,16.572607,0.0,4.0,0.0,0.0,0.0,0.0,0.0,0.0
22390,2023.0,6.0,5.0,11.0,18.667212,19.216797,17.569374,17.476355,17.96792,17.84464,17.52405,17.451818,17.349382,17.212954,17.018576,16.87415,18.83506,18.651972,17.874348,17.749012,16.685585,16.578156,0.0,0.0,0.0,0.0,0.0,0.0,0.0,0.0
22391,2023.0,6.0,5.0,11.0,18.14843,18.156706,17.516901,17.429274,17.69123,17.442413,17.499268,17.431746,17.338148,17.201542,17.030231,16.884073,19.668732,20.224459,17.870897,17.744867,16.694311,16.585379,0.0,0.0,0.0,0.0,0.0,4.0,0.0,0.0
22392,2023.0,6.0,5.0,12.0,17.931597,17.856821,17.470512,17.388218,17.6038,17.356796,17.476011,17.41306,17.33087,17.194143,17.043356,16.895693,19.060167,18.897831,17.868637,17.742048,16.703856,16.593618,0.0,0.0,0.0,0.0,0.0,0.0,0.0,0.0
22393,2023.0,6.0,5.0,12.0,21.259895,23.791603,17.428038,17.3499,21.23535,23.80944,21.23047,24.066095,17.324825,17.186903,17.05583,16.905615,21.240217,22.739723,21.574558,24.18251,16.7128,16.600697,0.0,0.0,0.0,0.0,0.0,4.0,4.0,0.0
22394,2023.0,6.0,5.0,12.0,20.997446,22.93936,17.381535,17.305927,20.995205,22.959274,20.9992,23.173563,17.319069,17.179903,17.069424,16.917088,21.023392,22.209452,21.01483,22.852057,16.723804,16.609968,0.0,0.0,0.0,0.0,0.0,0.0,0.0,0.0
22395,2023.0,6.0,5.0,12.0,21.02714,22.772612,17.339724,17.266613,21.057327,22.849339,21.061245,23.02891,17.317276,17.17761,17.50337,17.721281,21.042767,22.099651,21.018353,22.589205,16.737694,16.623055,0.0,0.0,0.0,0.0,4.0,0.0,4.0,0.0
22396,2023.0,6.0,5.0,12.0,21.06436,22.71199,17.754837,18.076292,21.027029,22.612946,21.055557,22.837202,18.093576,18.642187,20.234081,22.432468,21.040087,21.984034,21.061314,22.534412,16.753294,16.637928,4.0,4.0,0.0,4.0,0.0,0.0,0.0,0.0
22397,2023.0,6.0,5.0,12.0,21.056248,22.584753,20.272848,22.388506,21.05584,22.585888,21.054703,22.709454,20.229101,22.22107,18.702198,19.042059,21.029371,21.900469,21.05157,22.388235,16.769775,16.654636,0.0,0.0,0.0,0.0,0.0,0.0,0.0,0.0
22398,2023.0,6.0,5.0,13.0,21.02886,22.428288,18.75548,19.10478,21.060087,22.491817,21.053186,22.614613,19.125154,19.691746,17.764881,17.661554,21.029411,21.852188,21.050611,22.29087,16.78537,16.670837,0.0,0.0,0.0,4.0,0.0,0.0,0.0,0.0
22399,2023.0,6.0,5.0,13.0,21.059439,22.452805,17.86779,17.871618,21.057745,22.410881,21.051947,22.5433,20.19428,21.811485,17.59076,17.437958,21.02854,21.813347,21.048971,22.215729,16.799002,16.68481,0.0,0.0,0.0,0.0,0.0,0.0,0.0,0.0
22400,2023.0,6.0,5.0,13.0,21.052252,22.39004,17.66835,17.619272,21.045704,22.35023,21.050909,22.488249,18.74424,18.775133,17.537323,17.379856,21.02789,21.783354,21.039158,22.158823,16.810822,16.697252,0.0,0.0,0.0,0.0,0.0,0.0,0.0,0.0
22401,2023.0,6.0,5.0,13.0,21.051615,22.348795,18.04014,18.396088,21.045855,22.318937,21.049501,22.443586,17.975739,17.725866,17.498465,17.338902,21.02712,21.759302,21.039316,22.12802,16.821234,16.70879,4.0,0.0,0.0,0.0,0.0,0.0,0.0,0.0
22402,2023.0,6.0,5.0,13.0,21.240923,22.696712,20.240458,22.176527,21.020334,22.222181,21.049152,22.40909,17.902275,17.748901,17.469336,17.31048,21.164814,22.015692,21.038885,22.101534,16.829716,16.718128,0.0,4.0,0.0,0.0,0.0,0.0,0.0,0.0
22403,2023.0,6.0,5.0,13.0,21.056858,22.316504,18.827429,19.15067,21.050049,22.284758,21.048485,22.379742,17.86779,17.725698,17.827974,18.00284,21.026543,21.71933,21.03842,22.078691,16.837442,16.727018,0.0,0.0,0.0,0.0,4.0,0.0,0.0,0.0
22404,2023.0,6.0,5.0,14.0,21.022419,22.206045,18.388231,18.7391,21.054052,22.25219,21.047781,22.35434,17.812744,17.67188,20.24681,22.167355,20.999744,21.631681,21.037928,22.058521,16.844458,16.735125,4.0,0.0,0.0,0.0,0.0,4.0,0.0,0.0
22405,2023.0,6.0,5.0,14.0,19.821037,19.918617,20.247955,21.984213,20.264505,20.676456,20.360397,20.983109,17.76782,17.629272,18.853796,19.159626,20.065506,19.83996,20.037075,20.11455,16.85097,16.742548,0.0,4.0,4.0,0.0,0.0,0.0,0.0,0.0
22406,2023.0,6.0,5.0,14.0,19.16239,19.103146,19.096704,19.49969,19.872786,20.223406,19.443512,19.518251,17.730362,17.593678,18.000463,17.90391,19.639887,19.309942,19.447573,19.329336,16.856361,16.749035,4.0,4.0,0.0,0.0,0.0,0.0,0.0,0.0
22407,2023.0,6.0,5.0,14.0,18.963482,18.887142,20.1874,21.604969,19.197416,19.046463,18.920313,18.722193,17.704103,17.56811,17.84187,17.69015,20.25493,20.569008,19.258512,19.112978,16.860094,16.753826,0.0,0.0,0.0,0.0,0.0,4.0,0.0,0.0
22408,2023.0,6.0,5.0,14.0,19.653618,20.349874,19.207577,19.557463,19.415392,19.722301,18.628109,18.407753,17.676521,17.542698,17.776754,17.625235,19.771135,19.514257,19.11421,18.969868,16.862473,16.757093,4.0,4.0,0.0,0.0,0.0,0.0,0.0,0.0
22409,2023.0,6.0,5.0,14.0,19.071142,19.141489,20.166319,21.432552,18.938087,18.825176,18.603773,18.51095,17.655903,17.523165,17.73836,17.585175,19.532635,19.207802,19.016258,18.871632,16.862896,16.758434,0.0,0.0,0.0,0.0,0.0,0.0,0.0,0.0
22410,2023.0,6.0,5.0,15.0,18.66343,18.621202,18.968916,19.032028,19.205156,19.538773,18.526648,18.465519,17.633972,17.503565,17.700924,17.550634,19.437906,19.123384,18.917288,18.777033,16.862278,16.758732,0.0,4.0,0.0,0.0,0.0,0.0,0.0,0.0
22411,2023.0,6.0,5.0,15.0,19.239061,19.791437,18.959112,19.26829,18.762257,18.67809,18.435255,18.376059,17.615969,17.486372,17.674751,17.524687,20.269596,20.781355,18.842594,18.702583,16.860054,16.756987,4.0,0.0,0.0,0.0,0.0,4.0,0.0,0.0
22412,2023.0,6.0,5.0,15.0,19.368055,19.945244,20.145306,21.392916,19.126183,19.480991,18.348743,18.292416,17.59867,17.470295,18.051874,18.258287,19.62733,19.416252,18.774958,18.63748,16.856998,16.754452,4.0,4.0,0.0,0.0,4.0,0.0,0.0,0.0
22413,2023.0,6.0,5.0,15.0,19.394634,19.977812,20.034204,21.101086,18.72344,18.65178,18.261175,18.20877,18.321997,18.850327,20.216526,21.956064,20.039982,20.395452,18.706835,18.572912,16.853283,16.751429,0.0,0.0,0.0,4.0,4.0,4.0,0.0,0.0
22414,2023.0,6.0,5.0,15.0,19.42127,20.008682,18.954987,18.972874,19.010254,19.373493,18.182962,18.131977,20.203798,22.005398,20.0092,21.311686,20.311584,20.74077,18.644094,18.512499,16.84891,16.747887,0.0,4.0,0.0,0.0,4.0,4.0,0.0,0.0
22415,2023.0,6.0,5.0,15.0,19.435684,20.023092,18.30863,18.12948,18.624477,18.560434,18.114866,18.065163,18.699566,18.798277,20.05118,21.239134,19.636063,19.420435,18.588253,18.459019,16.843897,16.743927,0.0,0.0,0.0,0.0,0.0,0.0,0.0,0.0
22416,2023.0,6.0,5.0,16.0,19.443277,20.028397,18.208973,18.119051,18.929165,19.303568,18.734838,19.280966,17.942638,17.763536,18.935484,18.973719,19.332912,19.041864,18.537523,18.410818,17.774593,18.506157,0.0,4.0,4.0,0.0,0.0,0.0,0.0,4.0
22417,2023.0,6.0,5.0,16.0,18.855673,18.927145,18.585918,18.893908,19.063564,19.485357,18.348013,18.431665,18.591217,19.09117,18.489693,18.338972,19.256245,18.962269,18.49542,18.369457,20.280554,22.704346,4.0,4.0,0.0,4.0,0.0,0.0,0.0,4.0
22418,2023.0,6.0,5.0,16.0,19.203451,19.772728,20.185974,21.650661,18.520247,18.452435,18.583061,19.007372,20.182547,21.7563,18.326372,18.169441,19.188465,18.895826,18.451195,18.326889,20.032116,21.903048,4.0,0.0,4.0,0.0,0.0,0.0,0.0,0.0
22419,2023.0,6.0,5.0,16.0,18.775389,18.844835,20.01132,21.147438,18.833958,19.207487,18.744175,19.177725,18.800743,18.860794,18.19964,18.04174,20.02101,20.542856,18.408587,18.285942,18.387161,18.503456,4.0,4.0,4.0,0.0,0.0,4.0,0.0,0.0
22420,2023.0,6.0,5.0,16.0,19.147808,19.728836,20.033085,21.091705,19.016474,19.428122,18.196156,18.12553,18.070826,17.867413,18.09899,17.942049,19.481092,19.280306,18.367872,18.246498,17.548891,17.36901,4.0,4.0,0.0,0.0,0.0,0.0,0.0,0.0
22421,2023.0,6.0,5.0,16.0,18.684418,18.718,20.02926,21.016314,19.036379,19.44359,18.566273,18.98764,17.97106,17.838198,18.014055,17.859373,19.161062,18.871561,18.329298,18.209406,17.33865,17.149027,4.0,4.0,4.0,0.0,0.0,0.0,0.0,0.0
22422,2023.0,6.0,5.0,17.0,19.093,19.671612,20.02918,20.96765,19.048824,19.451841,18.147041,18.067354,17.915281,17.792,17.941036,17.790415,19.836157,20.220938,18.292994,18.175415,17.300158,17.183195,4.0,4.0,0.0,0.0,0.0,4.0,0.0,0.0
22423,2023.0,6.0,5.0,17.0,19.249647,19.813814,20.0288,20.930471,19.054401,19.450926,17.84623,17.672438,17.846603,17.724741,17.873495,17.72523,19.342823,19.109657,18.256807,18.140686,17.24644,17.139585,4.0,4.0,0.0,0.0,0.0,0.0,0.0,0.0
22424,2023.0,6.0,5.0,17.0,18.646261,18.663492,20.028482,20.901516,18.473204,18.360243,17.738712,17.54864,17.783598,17.662752,17.811726,17.66668,19.074682,18.780748,18.22073,18.10593,17.180708,17.076353,4.0,0.0,0.0,0.0,0.0,0.0,0.0,0.0
22425,2023.0,6.0,5.0,17.0,19.062103,19.628304,20.028292,20.878498,18.803068,19.160744,17.781578,17.69985,17.726805,17.60811,17.754452,17.613033,19.74433,20.11897,18.1846,18.07174,18.062408,18.797522,4.0,4.0,0.0,0.0,0.0,4.0,0.0,4.0
22426,2023.0,6.0,5.0,17.0,19.222279,19.778488,20.046173,20.91001,18.96404,19.346344,17.78476,17.721966,17.674582,17.55812,17.700233,17.56228,20.015667,20.45376,18.148512,18.037497,20.239592,22.368036,0.0,4.0,0.0,0.0,0.0,4.0,0.0,4.0
22427,2023.0,6.0,5.0,17.0,19.23274,19.77493,19.377497,19.586124,18.399141,18.277401,17.752817,17.689493,17.625813,17.511066,17.6487,17.51424,19.309856,19.072937,18.112305,18.002512,20.036247,21.74068,4.0,0.0,0.0,0.0,0.0,0.0,0.0,0.0
22428,2023.0,6.0,5.0,18.0,19.251408,19.790878,20.136837,21.175978,18.719976,19.052408,18.410349,18.948734,17.580948,17.468657,17.986654,18.196243,19.015284,18.715424,19.11713,19.933403,18.440784,18.493017,0.0,4.0,4.0,0.0,4.0,0.0,4.0,0.0
22429,2023.0,6.0,5.0,18.0,21.254438,23.280247,19.035072,18.970676,21.292023,23.446087,21.302715,23.850838,17.536972,17.425701,20.284262,22.10926,21.259283,22.708578,21.36696,23.64445,17.618954,17.405893,0.0,4.0,0.0,0.0,0.0,0.0,0.0,0.0
22430,2023.0,6.0,5.0,18.0,21.007116,22.579782,18.969051,19.23618,21.030003,22.683264,21.005108,22.890686,17.497046,17.387484,18.840382,19.095434,21.021944,22.132885,21.031923,22.697386,17.38215,17.158915,4.0,0.0,4.0,0.0,0.0,0.0,0.0,0.0
22431,2023.0,6.0,5.0,18.0,21.03668,22.496597,20.135641,21.266586,21.062698,22.568598,21.049923,22.754372,17.460308,17.352354,18.00382,17.90995,21.006207,21.978655,21.05949,22.563995,17.356083,17.240229,4.0,0.0,4.0,0.0,0.0,4.0,0.0,0.0
22432,2023.0,6.0,5.0,18.0,21.117447,22.5711,20.094242,21.070972,21.084705,22.442612,21.140865,22.787214,17.425068,17.317665,17.795166,17.660967,21.093588,22.084246,21.106173,22.526913,17.30112,17.194733,0.0,4.0,0.0,0.0,0.0,0.0,0.0,0.0
22433,2023.0,6.0,5.0,18.0,21.017658,22.276209,18.993082,18.909372,21.031021,22.270111,21.02766,22.435461,18.163631,18.742174,17.711628,17.586588,21.03614,21.898125,20.999437,22.217188,18.217749,18.999435,0.0,4.0,4.0,4.0,0.0,0.0,4.0,4.0
22434,2023.0,6.0,5.0,19.0,21.031212,22.250662,18.727516,18.769133,21.035982,22.219622,21.042265,22.386154,20.218012,22.11647,17.630526,17.505949,21.012203,21.783329,21.063253,22.303223,20.253736,22.334068,4.0,4.0,4.0,4.0,0.0,4.0,0.0,0.0
22435,2023.0,6.0,5.0,19.0,21.230268,22.608347,20.163504,21.36325,21.214766,22.530527,21.170794,22.60277,20.007462,21.436354,17.959148,18.189764,21.145905,22.041334,21.210331,22.539791,18.367735,18.382912,4.0,4.0,0.0,4.0,4.0,0.0,0.0,0.0
22436,2023.0,6.0,5.0,19.0,21.055014,22.238317,20.03106,20.994312,21.033497,22.125488,21.058477,22.321331,20.06106,21.388762,20.284723,22.153696,21.04055,21.798725,21.052141,22.172651,18.411985,19.006582,0.0,4.0,0.0,0.0,0.0,0.0,0.0,4.0
22437,2023.0,6.0,5.0,19.0,21.049444,22.193775,18.93953,18.826317,21.033628,22.096432,21.05832,22.27578,18.666475,18.571606,18.818102,19.043648,21.041203,21.777319,21.052137,22.137629,20.201895,21.999725,0.0,4.0,0.0,0.0,0.0,0.0,0.0,4.0
22438,2023.0,6.0,5.0,19.0,21.047998,22.161638,18.465878,18.32531,21.03202,22.068283,21.043085,22.23307,17.919708,17.616308,17.950333,17.832083,20.997896,21.67657,20.999006,21.997328,20.031221,21.509155,0.0,4.0,0.0,0.0,0.0,4.0,4.0,0.0
22439,2023.0,6.0,5.0,19.0,21.03799,22.139366,18.348038,18.214863,21.032892,22.047598,21.046112,22.22411,17.70956,17.405287,17.767933,17.63987,21.017817,21.704214,21.062057,22.131065,19.196867,19.734219,0.0,4.0,0.0,0.0,0.0,4.0,0.0,4.0
22440,2023.0,6.0,5.0,20.0,21.038624,22.136007,18.668451,18.912443,21.032417,22.026756,21.045391,22.20814,17.723448,17.580002,17.648542,17.516842,21.015764,21.692854,21.01086,21.979067,20.155598,21.613981,4.0,4.0,0.0,0.0,0.0,4.0,4.0,4.0
22441,2023.0,6.0,5.0,20.0,21.33526,22.703972,20.174992,21.508343,21.032145,22.008389,21.044964,22.19326,18.449743,19.00211,17.551035,17.419472,21.23493,22.125807,21.05977,22.093962,20.045918,21.327621,4.0,4.0,0.0,4.0,0.0,4.0,0.0,0.0
22442,2023.0,6.0,5.0,20.0,21.027777,22.056135,20.015833,21.034468,21.057314,22.062124,21.044598,22.179197,20.225065,21.9336,17.864563,18.086012,21.046108,21.75562,21.010996,21.952896,18.59829,18.468727,4.0,0.0,0.0,0.0,4.0,0.0,4.0,0.0
22443,2023.0,6.0,5.0,20.0,21.026213,22.038776,20.053606,21.023512,21.051708,22.029507,21.044401,22.16628,18.555447,18.454956,20.290531,22.224201,21.041435,21.734272,21.059607,22.071323,17.84987,17.554947,0.0,0.0,0.0,0.0,0.0,0.0,0.0,0.0
22444,2023.0,6.0,5.0,20.0,21.026482,22.027107,18.910597,18.755587,21.026379,21.939342,21.04402,22.153292,18.458103,18.786228,18.76228,18.982416,21.011402,21.644478,21.010708,21.932278,18.532999,19.066183,0.0,4.0,0.0,4.0,0.0,4.0,4.0,4.0
22445,2023.0,6.0,5.0,20.0,21.026285,22.015282,18.610922,18.563972,21.031271,21.938007,21.01842,22.07099,20.23676,21.746887,17.898693,17.805824,21.046974,21.733082,21.0594,22.052032,20.217598,21.882763,4.0,4.0,4.0,4.0,0.0,0.0,0.0,0.0
22446,2023.0,6.0,5.0,21.0,21.19464,22.359713,20.179033,21.394726,21.192629,22.271639,21.210531,22.470158,20.007956,21.186468,17.682177,17.553555,21.223288,22.057674,21.221807,22.362951,19.24609,19.762623,4.0,0.0,0.0,4.0,0.0,4.0,0.0,4.0
22447,2023.0,6.0,5.0,21.0,21.019453,21.96708,20.031065,20.982563,21.024744,21.897858,21.030617,22.048943,20.061113,21.205835,17.556757,17.42624,21.01601,21.637125,21.050566,22.000906,20.196817,21.688133,0.0,4.0,4.0,0.0,0.0,4.0,0.0,0.0
22448,2023.0,6.0,5.0,21.0,21.025637,21.970102,18.889978,18.714201,21.030844,21.90314,21.034824,22.036163,18.713001,18.527678,17.465698,17.339945,21.046658,21.71793,21.050898,21.989658,18.60178,18.464409,0.0,4.0,4.0,0.0,0.0,0.0,0.0,0.0
22449,2023.0,6.0,5.0,21.0,21.024977,21.961802,18.426954,18.253304,21.056007,21.967243,21.059902,22.09005,18.735655,19.046677,17.784327,18.012293,21.010601,21.617575,21.039059,21.977581,17.81482,17.506718,0.0,0.0,0.0,4.0,4.0,4.0,0.0,0.0
22450,2023.0,6.0,5.0,21.0,21.052328,22.02953,18.75446,18.969017,21.05038,21.943224,21.05443,22.05941,20.34868,21.80396,20.341074,22.255686,21.046984,21.7078,21.040522,21.98546,18.732595,19.473719,4.0,0.0,0.0,0.0,4.0,0.0,0.0,4.0
22451,2023.0,6.0,5.0,21.0,21.25515,22.400726,20.181267,21.453894,21.193272,22.215645,21.228416,22.368328,18.712835,18.525105,20.03033,21.494375,21.147968,21.899542,21.251564,22.409187,20.141766,21.678469,0.0,0.0,4.0,0.0,0.0,0.0,0.0,4.0
22452,2023.0,6.0,5.0,22.0,21.051773,21.999754,19.117311,19.238777,21.035854,21.912567,21.058514,22.031223,18.670567,18.948975,18.787638,18.898447,21.010931,21.594236,21.039818,21.979311,20.048103,21.369286,0.0,0.0,0.0,4.0,4.0,4.0,0.0,0.0
22453,2023.0,6.0,5.0,22.0,21.018755,21.904043,18.464293,18.34105,21.037985,21.925766,21.027567,21.936533,20.23588,21.588955,20.324423,21.808428,21.046635,21.685537,21.04006,21.979477,18.543182,18.361391,0.0,0.0,4.0,0.0,0.0,0.0,0.0,0.0
22454,2023.0,6.0,5.0,22.0,21.051796,21.985716,18.708885,18.922398,21.037554,21.929567,21.05851,22.011349,19.251432,19.535147,18.695671,18.564331,21.040812,21.66605,21.039804,21.977089,17.813574,17.497227,4.0,0.0,0.0,4.0,0.0,0.0,0.0,0.0
22455,2023.0,6.0,5.0,22.0,21.214174,22.300438,20.188675,21.496763,21.245892,22.34812,21.204014,22.291388,20.219566,21.450912,18.031067,17.877193,21.160654,21.897778,21.278471,22.451609,18.36482,18.73601,0.0,0.0,0.0,0.0,0.0,0.0,0.0,4.0
22456,2023.0,6.0,5.0,22.0,21.017868,21.872625,18.841543,18.7045,21.03669,21.924135,21.052412,21.973001,18.776363,18.580698,17.902636,17.761593,21.028147,21.647005,21.038744,21.962032,20.28316,21.910656,0.0,0.0,0.0,0.0,0.0,0.0,0.0,0.0
22457,2023.0,6.0,5.0,22.0,21.051432,21.958967,18.048317,17.621859,21.037188,21.925598,21.038,21.964077,18.253166,18.109253,17.774572,17.639639,21.02982,21.661661,21.039074,21.960854,18.545673,18.407787,0.0,0.0,0.0,0.0,0.0,0.0,0.0,0.0
22458,2023.0,6.0,5.0,23.0,21.045057,21.94013,18.052309,17.820976,21.03681,21.923803,21.039745,21.978539,18.796999,19.256674,17.988312,18.144388,21.029589,21.668268,21.038717,21.957184,17.74577,17.436695,0.0,0.0,0.0,4.0,4.0,0.0,0.0,0.0
22459,2023.0,6.0,5.0,23.0,19.957085,19.848087,18.06721,17.89472,20.1215,20.164915,20.066017,20.117247,18.971657,19.435259,17.776892,17.698019,20.936218,21.465925,20.020575,19.994596,17.710417,17.578848,0.0,0.0,0.0,4.0,0.0,4.0,0.0,0.0
22460,2023.0,6.0,5.0,23.0,19.729004,19.694729,18.0248,17.863428,19.657127,19.49931,19.579277,19.4328,18.161724,17.885904,17.605442,17.481575,19.963343,19.622839,19.610258,19.468843,17.672623,17.570461,0.0,0.0,0.0,0.0,0.0,0.0,0.0,0.0
22461,2023.0,6.0,5.0,23.0,20.329374,20.957865,17.971138,17.812735,19.45301,19.276253,19.360249,19.197433,17.823647,17.473888,17.516554,17.389374,20.328634,20.552385,19.416395,19.27449,17.593966,17.49231,0.0,0.0,0.0,0.0,0.0,4.0,0.0,0.0
22462,2023.0,6.0,5.0,23.0,19.55762,19.428154,17.922985,17.767817,19.309765,19.136148,19.203304,19.044518,17.688648,17.347965,17.732948,17.855652,20.38766,20.621948,19.265532,19.130407,17.522354,17.422432,0.0,0.0,0.0,0.0,4.0,4.0,0.0,0.0
22463,2023.0,6.0,5.0,23.0,19.167536,18.886065,17.877363,17.724781,19.18808,19.016472,19.069574,18.913261,17.764538,17.618576,17.51448,17.413582,19.667124,19.295195,19.135319,19.004852,17.455189,17.356022,0.0,0.0,0.0,0.0,0.0,0.0,0.0,0.0
22464,2023.0,6.0,6.0,0.0,18.995892,18.705458,17.833439,17.681349,19.078045,18.90443,18.948746,18.79026,17.752718,17.639458,17.700281,17.854567,19.385618,18.957415,19.017569,18.887732,17.391762,17.291224,0.0,0.0,0.0,0.0,4.0,0.0,0.0,0.0
22465,2023.0,6.0,6.0,0.0,19.125448,19.096058,17.795994,17.647764,19.67356,20.109444,18.851492,18.700933,17.693495,17.580032,17.451654,17.3496,19.259884,18.845078,18.918205,18.792316,18.071035,18.62099,0.0,4.0,0.0,0.0,0.0,0.0,0.0,4.0
22466,2023.0,6.0,6.0,0.0,19.1103,19.120459,17.75958,17.61353,19.244558,19.230621,18.76103,18.6143,17.635866,17.523333,17.327318,17.205425,19.151262,18.745384,19.78014,20.497452,17.564789,17.518671,0.0,0.0,0.0,0.0,0.0,0.0,4.0,0.0
22467,2023.0,6.0,6.0,0.0,19.04743,19.062347,17.725046,17.580853,18.724022,18.33086,18.67876,18.534912,17.581993,17.470186,17.554853,17.679573,19.276535,19.097878,18.906063,18.661003,17.220743,16.97614,0.0,0.0,0.0,0.0,4.0,0.0,0.0,0.0
22468,2023.0,6.0,6.0,0.0,18.984646,19.001331,17.691908,17.548906,18.514376,18.065132,18.60249,18.460096,17.531252,17.419271,17.346992,17.247652,19.277357,19.127644,18.567005,18.229656,17.840218,18.241203,0.0,0.0,0.0,0.0,0.0,0.0,0.0,4.0
22469,2023.0,6.0,6.0,0.0,18.926378,18.945818,17.661419,17.520182,18.620275,18.3924,18.534208,18.394785,17.485174,17.374023,17.230766,17.11016,19.227383,19.080372,18.44198,18.10992,17.27721,17.043575,0.0,0.0,0.0,0.0,0.0,0.0,0.0,0.0
22470,2023.0,6.0,6.0,1.0,18.867554,18.885136,17.629559,17.487158,18.63876,18.47988,18.465816,18.323557,17.439505,17.326277,17.176252,17.05229,19.174757,19.025682,18.334288,18.002756,17.060165,16.786386,0.0,0.0,0.0,0.0,0.0,0.0,0.0,0.0
22471,2023.0,6.0,6.0,1.0,18.817123,18.83754,17.602394,17.462254,18.591791,18.437399,18.408895,18.270815,17.39987,17.28769,17.131706,17.00933,19.127619,18.97973,18.452705,18.331924,17.153973,17.058437,0.0,0.0,0.0,0.0,0.0,0.0,0.0,0.0
22472,2023.0,6.0,6.0,1.0,18.767443,18.78817,17.573956,17.43368,18.540442,18.386906,18.351812,18.213902,17.361166,17.248423,17.089293,16.965988,19.081558,18.933094,18.424576,18.301039,17.128994,17.030684,0.0,0.0,0.0,0.0,0.0,0.0,0.0,0.0
22473,2023.0,6.0,6.0,1.0,18.721699,18.74368,17.54764,17.408337,18.492205,18.340858,18.300098,18.164196,17.325462,17.21294,17.051144,16.928118,19.038944,18.890781,18.377556,18.254326,17.09102,16.992777,0.0,0.0,0.0,0.0,0.0,0.0,0.0,0.0
22474,2023.0,6.0,6.0,1.0,18.681263,18.707167,17.524467,17.388315,18.449793,18.303928,18.255247,18.124908,17.293642,17.183203,17.018047,16.89766,19.0009,18.855154,18.33339,18.212637,17.790573,18.34252,0.0,0.0,0.0,0.0,0.0,0.0,0.0,4.0
22475,2023.0,6.0,6.0,1.0,18.640306,18.667278,17.50001,17.364809,18.40635,18.262424,18.209751,18.081152,17.261864,17.151726,17.275076,17.406416,18.963062,18.817719,18.288826,18.168625,17.130049,16.91875,0.0,0.0,0.0,0.0,4.0,0.0,0.0,0.0
22476,2023.0,6.0,6.0,2.0,18.59998,18.62654,17.475494,17.340229,18.363564,18.219938,18.165434,18.036787,17.230692,17.119884,17.062881,16.945292,18.926008,18.779936,18.245014,18.124075,16.90356,16.639235,0.0,0.0,0.0,0.0,0.0,0.0,0.0,0.0
22477,2023.0,6.0,6.0,2.0,18.563484,18.591568,17.453028,17.31874,18.324844,18.183523,18.12554,17.998995,17.20229,17.092182,16.978495,16.857515,18.89229,18.747122,18.205015,18.08517,17.576403,17.975029,0.0,0.0,0.0,0.0,0.0,0.0,0.0,4.0
22478,2023.0,6.0,6.0,2.0,18.527102,18.55521,17.430145,17.295902,18.28637,18.145792,18.085955,17.959948,17.17411,17.063757,16.943327,16.822836,18.858913,18.713552,18.165598,18.045618,17.033321,16.801603,0.0,0.0,0.0,0.0,0.0,0.0,0.0,0.0
22479,2023.0,6.0,6.0,2.0,18.492413,18.520737,17.4078,17.273762,18.249699,18.11001,18.048391,17.92306,17.727722,18.127167,16.909683,16.789135,18.827002,18.68165,18.128044,18.008154,16.843208,16.579088,0.0,0.0,0.0,4.0,0.0,0.0,0.0,0.0
22480,2023.0,6.0,6.0,2.0,18.459269,18.487799,17.386007,17.252281,18.214628,18.075968,18.01242,17.887993,17.351849,17.288122,16.879053,16.758501,18.796373,18.651207,18.092163,17.972555,17.51841,17.915648,0.0,0.0,0.0,0.0,0.0,0.0,0.0,4.0
22481,2023.0,6.0,6.0,2.0,19.167576,19.848333,17.364466,17.230854,18.180586,18.042633,17.9775,17.85368,17.776875,18.169436,16.849964,16.729282,19.499878,20.00809,18.057394,17.937857,16.98742,16.764725,0.0,0.0,0.0,4.0,0.0,4.0,0.0,0.0
22482,2023.0,6.0,6.0,3.0,18.71224,18.838722,17.343401,17.209963,18.147947,18.010723,17.944078,17.820883,17.21187,16.968826,16.822462,16.701784,18.785206,18.492657,18.023945,17.904617,16.790733,16.526346,0.0,0.0,0.0,0.0,0.0,0.0,0.0,0.0
22483,2023.0,6.0,6.0,3.0,18.249151,18.023615,17.321878,17.187778,18.11525,17.977453,17.910393,17.786615,16.980673,16.67483,16.795158,16.673529,18.536028,18.156343,17.990496,17.870316,16.719643,16.455835,0.0,0.0,0.0,0.0,0.0,0.0,0.0,0.0
22484,2023.0,6.0,6.0,3.0,18.12211,17.880604,17.301844,17.168356,18.085136,17.948576,17.879332,17.756844,17.507383,17.731705,16.770311,16.649164,18.465158,18.08975,17.9595,17.83995,16.819012,16.714838,0.0,0.0,0.0,4.0,0.0,0.0,0.0,0.0
22485,2023.0,6.0,6.0,3.0,18.274174,18.260143,17.281658,17.148409,18.05516,17.919334,17.848507,17.726751,17.670029,17.911577,16.745966,16.624897,18.616045,18.456102,17.928988,17.809658,17.547451,18.088907,0.0,0.0,0.0,4.0,0.0,0.0,0.0,4.0
22486,2023.0,6.0,6.0,3.0,18.314741,18.34979,17.261614,17.128408,18.02564,17.890316,17.818443,17.697063,17.13147,16.861385,16.722277,16.601131,18.635342,18.489332,17.899117,17.779835,16.908607,16.701193,0.0,0.0,0.0,0.0,0.0,0.0,0.0,0.0
22487,2023.0,6.0,6.0,3.0,18.299551,18.339647,17.239853,17.104702,17.994379,17.857012,17.786873,17.66322,16.933542,16.622017,16.697617,16.574701,18.610424,18.463436,17.868473,17.747719,16.687092,16.419512,0.0,0.0,0.0,0.0,0.0,0.0,0.0,0.0
22488,2023.0,6.0,6.0,4.0,18.27689,18.317917,17.22211,17.088919,17.968636,17.834055,18.467876,18.967594,17.03855,16.9083,16.67699,16.555696,18.587769,18.442154,17.841516,17.72232,16.777315,16.670336,0.0,0.0,4.0,0.0,0.0,0.0,0.0,0.0
22489,2023.0,6.0,6.0,4.0,18.250677,18.29072,17.202114,17.06849,17.940592,17.805843,18.04396,18.023766,17.047667,16.934595,16.654985,16.533234,18.562727,18.416763,17.813324,17.693808,16.77602,16.677126,0.0,0.0,0.0,0.0,0.0,0.0,0.0,0.0
22490,2023.0,6.0,6.0,4.0,18.223705,18.262232,17.18172,17.047194,17.912458,17.776976,17.597483,17.235952,17.01869,16.905151,16.633139,16.510563,18.537249,18.390524,17.785173,17.664968,16.74912,16.6493,0.0,0.0,0.0,0.0,0.0,0.0,0.0,0.0
22491,2023.0,6.0,6.0,4.0,18.1983,18.23677,17.162645,17.028414,17.88635,17.75165,17.47186,17.091871,16.99079,16.877777,16.61269,16.490456,18.512999,18.366732,18.752666,19.510386,16.72415,16.624794,0.0,0.0,0.0,0.0,0.0,0.0,4.0,0.0
22492,2023.0,6.0,6.0,4.0,18.172287,18.209873,17.143026,17.008406,17.859993,17.725105,17.592035,17.405544,16.96264,16.849377,16.876463,16.999912,18.48819,18.341719,17.930674,17.71901,16.698719,16.599165,0.0,0.0,0.0,0.0,4.0,0.0,0.0,0.0
22493,2023.0,6.0,6.0,4.0,18.144966,18.180082,17.122246,16.98579,17.832563,17.695688,17.637003,17.508745,16.933964,16.818949,16.668278,16.537401,18.46225,18.314262,17.637018,17.323267,16.672478,16.571419,0.0,0.0,0.0,0.0,0.0,0.0,0.0,0.0
22494,2023.0,6.0,6.0,5.0,18.119202,18.153086,17.102205,16.964262,17.806051,17.667933,17.617264,17.49091,16.907143,16.791286,16.603983,16.478174,18.437323,18.288588,17.55246,17.239824,16.64768,16.545923,0.0,0.0,0.0,0.0,0.0,0.0,0.0,0.0
22495,2023.0,6.0,6.0,5.0,18.096146,18.131172,17.085735,16.949856,17.783396,17.647884,17.59525,17.47168,16.883862,16.76976,16.579012,16.455528,19.157482,19.671711,17.66732,17.538754,16.625774,16.525476,0.0,0.0,0.0,0.0,0.0,4.0,0.0,0.0
22496,2023.0,6.0,6.0,5.0,18.072048,18.106764,17.067799,16.932362,17.759193,17.624302,17.570518,17.447884,16.86034,16.746542,16.553919,16.430788,18.448935,18.162903,17.673067,17.552776,16.603687,16.503664,0.0,0.0,0.0,0.0,0.0,0.0,0.0,0.0
22497,2023.0,6.0,6.0,5.0,18.048084,18.082129,17.049686,16.914413,17.735056,17.60032,17.545229,17.422998,17.417265,17.812363,16.53103,16.40778,18.208027,17.835762,17.647285,17.52688,16.582264,16.482231,0.0,0.0,0.0,4.0,0.0,0.0,0.0,0.0
22498,2023.0,6.0,6.0,5.0,18.024662,18.058163,17.031742,16.896683,17.711218,17.576738,17.520123,17.3983,17.031164,16.950502,16.509916,16.386736,18.141323,17.771677,17.621838,17.501524,16.561882,16.461937,0.0,0.0,0.0,0.0,0.0,0.0,0.0,0.0
22499,2023.0,6.0,6.0,5.0,18.002304,18.035889,17.478502,17.748056,18.396593,18.884792,17.495895,17.375042,16.90416,16.791534,16.490871,16.368265,18.291384,18.130075,17.597221,17.477564,17.267399,17.806704,4.0,4.0,0.0,0.0,0.0,0.0,0.0,4.0
22500,2023.0,6.0,6.0,6.0,18.679844,19.324646,17.237406,17.203102,17.998268,17.989975,17.471872,17.35161,17.434202,17.817566,16.473219,16.351,18.315395,18.168533,18.573313,19.336302,17.581583,18.22466,0.0,0.0,0.0,4.0,0.0,0.0,4.0,4.0
22501,2023.0,6.0,6.0,6.0,21.277908,23.76652,17.079784,16.954468,21.280714,23.79964,21.245872,24.037804,20.306278,22.70485,16.744127,16.870377,21.270971,23.263105,21.362068,24.04846,20.315426,22.891777,0.0,4.0,0.0,4.0,4.0,0.0,0.0,4.0
22502,2023.0,6.0,6.0,6.0,21.005758,22.852978,17.02727,16.89238,21.007694,22.875277,20.986448,23.066875,20.965992,23.307476,20.343117,22.99975,21.01502,22.593758,20.99678,22.905966,21.14438,23.740416,0.0,4.0,4.0,0.0,0.0,0.0,4.0,0.0
22503,2023.0,6.0,6.0,6.0,21.046667,22.71064,16.997595,16.859282,21.053907,22.7194,21.045357,22.913704,19.433374,19.862041,18.648127,19.241112,21.021116,22.392662,21.078415,22.842585,18.224386,18.151733,0.0,4.0,4.0,4.0,4.0,4.0,0.0,0.0
22504,2023.0,6.0,6.0,6.0,21.039865,22.547724,16.973982,16.833437,21.070492,22.604408,21.07637,22.78558,20.233374,21.799608,20.269993,22.427414,21.033056,22.258698,21.025276,22.529758,17.29969,16.99603,0.0,0.0,0.0,0.0,4.0,4.0,4.0,0.0
22505,2023.0,6.0,6.0,6.0,21.038782,22.440191,16.954363,16.811178,21.039696,22.399544,21.068428,22.620241,19.095654,19.399363,20.022652,21.691742,21.02955,22.140125,21.070753,22.524551,17.065662,16.758514,0.0,4.0,0.0,4.0,0.0,4.0,0.0,0.0
22506,2023.0,6.0,6.0,7.0,21.037416,22.360296,16.937025,16.791265,21.043537,22.320461,21.067375,22.50861,20.225044,21.694342,18.585321,18.749691,21.028065,22.054853,21.060738,22.40656,17.098883,16.968542,0.0,4.0,0.0,0.0,0.0,4.0,0.0,0.0
22507,2023.0,6.0,6.0,7.0,21.036062,22.299517,16.92167,16.775124,21.066732,22.322239,21.025942,22.355833,19.20024,19.526703,17.750658,17.63367,21.026667,21.98995,21.06014,22.329231,18.062086,18.832813,0.0,0.0,4.0,4.0,0.0,4.0,0.0,4.0
22508,2023.0,6.0,6.0,7.0,21.06194,22.325535,17.360653,17.607117,21.060467,22.254248,21.07202,22.400972,20.204853,21.579435,17.88224,18.059013,21.025547,21.939785,21.058767,22.26756,20.279804,22.472242,4.0,0.0,0.0,0.0,4.0,4.0,0.0,0.0
22509,2023.0,6.0,6.0,7.0,21.20768,22.554945,20.295855,22.624828,21.170387,22.428713,21.191555,22.56674,19.246634,19.55976,20.295322,22.25077,21.175642,22.201937,21.358782,22.818897,18.204521,18.12273,0.0,0.0,4.0,4.0,0.0,4.0,4.0,0.0
22510,2023.0,6.0,6.0,7.0,21.033089,22.17159,18.585808,18.899708,21.04376,22.16504,21.042236,22.225716,20.195738,21.503914,18.706375,18.921253,21.053343,21.939754,21.065596,22.21507,17.275515,16.975897,0.0,0.0,4.0,0.0,0.0,0.0,0.0,0.0
22511,2023.0,6.0,6.0,7.0,21.059284,22.22291,17.589687,17.514908,21.045406,22.158653,21.066631,22.266645,19.284079,19.586071,17.788395,17.673372,21.01759,21.816418,21.015738,22.056768,17.242178,17.111502,0.0,0.0,0.0,4.0,0.0,4.0,4.0,0.0
22512,2023.0,6.0,6.0,8.0,21.02637,22.113102,17.380209,17.244423,21.044682,22.146706,21.060751,22.226618,20.213293,21.438381,17.551168,17.399067,21.052727,21.884998,21.063837,22.161282,17.203636,17.089428,0.0,0.0,0.0,0.0,0.0,0.0,0.0,0.0
22513,2023.0,6.0,6.0,8.0,20.277422,20.663013,17.722971,17.961458,20.453678,20.9732,20.102667,20.338022,18.76432,18.58436,17.782377,17.950903,19.867826,19.58309,19.655216,19.428492,18.049301,18.755737,4.0,4.0,4.0,0.0,4.0,0.0,0.0,4.0
22514,2023.0,6.0,6.0,8.0,19.390987,19.171314,20.27403,22.372734,19.67347,19.649275,19.154833,18.78186,18.1777,17.785166,20.277882,22.304625,19.40045,18.95127,19.096943,18.702446,20.704065,23.357765,4.0,0.0,0.0,0.0,0.0,0.0,0.0,0.0
22515,2023.0,6.0,6.0,8.0,18.950922,18.670061,20.031685,21.605917,18.946587,18.545155,18.668787,18.221926,18.119978,17.930721,18.99481,19.47539,20.1764,20.64728,18.818089,18.434584,18.260962,18.231155,0.0,0.0,0.0,0.0,4.0,4.0,0.0,0.0
22516,2023.0,6.0,6.0,8.0,18.740362,18.465847,18.447691,18.370468,18.58611,18.130632,18.430948,17.988783,18.042362,17.889214,20.24804,21.944279,19.515945,19.20672,18.796265,18.612753,18.20278,18.699291,0.0,0.0,0.0,0.0,0.0,0.0,0.0,4.0
22517,2023.0,6.0,6.0,8.0,19.52275,20.111656,17.962063,17.937664,18.606413,18.361391,19.071838,19.386972,17.921638,17.77748,18.5866,18.5052,19.0566,18.648893,18.72457,18.573639,20.274746,22.237408,4.0,0.0,4.0,0.0,0.0,0.0,0.0,0.0
22518,2023.0,6.0,6.0,9.0,18.971712,18.875265,20.233782,22.029737,18.58662,18.409042,18.811655,18.785048,17.812515,17.672417,17.854715,17.686472,18.894753,18.485674,18.610676,18.46839,18.39602,18.340115,0.0,0.0,0.0,0.0,0.0,0.0,0.0,0.0
22519,2023.0,6.0,6.0,9.0,18.50508,18.267889,18.596395,18.585117,18.501211,18.336426,18.258558,17.904324,17.719337,17.583538,17.71861,17.561773,18.984226,18.78584,18.505594,18.367767,17.517118,17.24244,0.0,0.0,0.0,0.0,0.0,0.0,0.0,0.0
22520,2023.0,6.0,6.0,9.0,18.353432,18.092022,18.05407,17.86021,18.418888,18.250286,18.036755,17.617613,17.646624,17.507376,17.613691,17.44876,18.991337,18.830261,18.42145,18.280497,17.48958,17.362568,0.0,0.0,0.0,0.0,0.0,0.0,0.0,0.0
22521,2023.0,6.0,6.0,9.0,18.483185,18.45325,18.3776,18.613789,18.353662,18.195316,18.127241,17.91752,17.590544,17.458418,17.913994,18.091183,19.733253,20.284195,18.354448,18.220877,17.420515,17.302534,4.0,0.0,0.0,0.0,4.0,4.0,0.0,0.0
22522,2023.0,6.0,6.0,9.0,18.493061,18.510994,20.223967,21.87661,18.29038,18.136574,18.127087,17.976017,17.537771,17.407793,20.249004,22.151228,19.002773,18.738344,18.292282,18.161734,17.344316,17.230127,0.0,0.0,0.0,0.0,0.0,0.0,0.0,0.0
22523,2023.0,6.0,6.0,9.0,18.452148,18.482103,18.91428,19.133717,18.223686,18.074282,18.073246,17.932898,17.48483,17.357237,19.08319,19.561958,18.619457,18.24923,18.228577,18.100351,17.263603,17.152071,0.0,0.0,0.0,0.0,4.0,0.0,0.0,0.0
22524,2023.0,6.0,6.0,10.0,18.407846,18.440649,18.26648,18.144983,18.84501,19.287294,18.020885,17.883297,17.445074,17.317757,20.263456,21.646626,18.536385,18.158382,18.178919,18.051281,17.205257,17.093378,0.0,4.0,0.0,0.0,0.0,0.0,0.0,0.0
22525,2023.0,6.0,6.0,10.0,18.360678,18.398684,18.033468,17.890202,18.53605,18.541914,18.646017,19.107359,18.130375,18.643967,18.73049,18.625225,18.666275,18.482418,18.130816,18.00628,17.146944,17.038458,0.0,0.0,4.0,4.0,0.0,0.0,0.0,0.0
22526,2023.0,6.0,6.0,10.0,19.035885,19.703125,17.910656,17.76209,18.077398,17.750834,18.27417,18.293198,20.26609,22.27817,18.056807,17.648361,18.708334,18.560694,18.094456,17.971916,17.105635,16.9986,0.0,0.0,0.0,0.0,0.0,0.0,0.0,0.0
22527,2023.0,6.0,6.0,10.0,18.675158,18.824532,18.235441,18.470257,18.519222,18.717546,18.41375,18.673378,18.479025,18.465223,17.99406,17.77401,19.470455,20.019522,18.057861,17.937946,17.063557,16.959188,4.0,4.0,4.0,0.0,0.0,4.0,0.0,0.0
22528,2023.0,6.0,6.0,10.0,18.252708,18.10701,20.235533,21.970247,18.694204,18.97288,17.945324,17.745354,18.512035,18.79319,18.337116,18.4986,18.816988,18.598328,18.029251,17.910856,17.0334,16.930162,0.0,4.0,0.0,4.0,4.0,0.0,0.0,0.0
22529,2023.0,6.0,6.0,10.0,18.08106,17.911497,18.883196,19.104935,18.165033,17.960272,17.632475,17.321928,20.266838,21.837358,20.210346,21.808447,18.46827,18.133993,18.001017,17.884535,17.002752,16.901308,0.0,0.0,0.0,0.0,0.0,0.0,0.0,0.0
22530,2023.0,6.0,6.0,11.0,18.176733,18.185839,18.50088,18.789951,18.490168,18.730974,18.189697,18.44071,19.295982,19.717644,18.941397,19.123804,18.40244,18.063023,17.975319,17.860163,17.903408,18.624739,4.0,4.0,4.0,4.0,0.0,0.0,0.0,4.0
22531,2023.0,6.0,6.0,11.0,18.204893,18.254793,20.231504,21.822872,18.647655,18.94964,17.806822,17.62756,20.12381,21.281498,18.336943,18.181803,18.544304,18.3775,17.955801,17.841455,20.291195,22.64102,0.0,4.0,0.0,4.0,0.0,0.0,0.0,0.0
22532,2023.0,6.0,6.0,11.0,18.195175,18.258802,18.757895,18.76072,18.689629,18.993319,17.520584,17.237123,20.04082,21.06361,18.141628,17.97889,18.608648,18.4702,18.982773,19.797852,18.280973,18.345123,0.0,4.0,0.0,0.0,0.0,0.0,4.0,0.0
22533,2023.0,6.0,6.0,11.0,18.170568,18.236021,18.084341,17.970581,18.159645,17.982674,17.442755,17.153343,18.86956,18.748623,18.021362,17.859896,18.613157,18.47859,18.327671,18.197874,17.368689,17.151083,0.0,0.0,0.0,0.0,0.0,0.0,0.0,0.0
22534,2023.0,6.0,6.0,11.0,18.149757,18.217678,17.9682,17.850864,18.550772,18.820219,17.558916,17.429502,18.360468,18.02798,17.943819,17.782024,19.398064,19.968615,19.012583,19.633102,18.260067,18.961111,0.0,4.0,0.0,0.0,0.0,4.0,4.0,4.0
22535,2023.0,6.0,6.0,11.0,18.85606,19.56491,17.879185,17.765224,18.696957,19.024305,17.59393,17.502415,18.329649,18.147657,17.880413,17.721886,19.469141,19.90284,18.344868,18.205534,20.25838,22.329296,0.0,4.0,0.0,0.0,0.0,4.0,0.0,0.0
22536,2023.0,6.0,6.0,12.0,18.516197,18.70293,17.788595,17.680235,18.731363,19.060379,17.583757,17.497995,18.972582,19.441608,17.818771,17.663652,19.51528,19.932688,17.969889,17.718647,18.441555,18.490154,0.0,4.0,0.0,4.0,0.0,4.0,0.0,0.0
22537,2023.0,6.0,6.0,12.0,21.272665,23.638271,17.723482,17.61685,21.289263,23.503576,21.29341,24.053724,20.128262,21.370764,17.77584,17.620842,21.273705,23.009613,21.478636,23.852472,17.788437,17.521069,0.0,4.0,4.0,4.0,0.0,4.0,0.0,0.0
22538,2023.0,6.0,6.0,12.0,21.015362,22.813175,17.654083,17.551325,21.024445,22.724123,21.005665,23.094475,20.032896,21.066145,17.733498,17.57971,21.004297,22.248247,21.004375,22.697575,17.70689,17.570648,0.0,0.0,0.0,0.0,0.0,4.0,0.0,0.0
22539,2023.0,6.0,6.0,12.0,21.024275,22.634186,17.59486,17.49795,21.039928,22.548183,21.049763,22.878426,18.911253,18.808706,17.70085,17.549292,21.022816,22.129482,21.050604,22.587019,17.640522,17.514004,0.0,4.0,4.0,0.0,0.0,4.0,0.0,0.0
22540,2023.0,6.0,6.0,12.0,21.060192,22.588911,17.538628,17.442768,21.035006,22.414467,21.065092,22.744339,18.289589,17.981016,17.673788,17.521946,21.046904,22.082775,21.039062,22.42144,17.565092,17.439386,0.0,4.0,0.0,0.0,0.0,0.0,0.0,0.0
22541,2023.0,6.0,6.0,12.0,21.11717,22.587334,17.49083,17.398012,21.121952,22.514374,21.09655,22.630625,18.273483,18.11973,17.653915,17.503033,21.090836,22.064667,21.098866,22.423944,17.510233,17.387728,0.0,0.0,4.0,0.0,0.0,0.0,0.0,0.0
22542,2023.0,6.0,6.0,13.0,21.032942,22.376146,17.932487,18.267508,21.045069,22.288858,21.058651,22.50209,18.231909,18.085003,17.639948,17.491566,21.03397,21.886782,21.033064,22.221767,17.469952,17.351582,4.0,0.0,0.0,0.0,0.0,0.0,0.0,0.0
22543,2023.0,6.0,6.0,13.0,21.1718,22.614609,20.241766,22.214039,21.151012,22.447298,21.144516,22.6031,18.173237,18.029636,17.626541,17.47787,21.187471,22.122204,21.20649,22.511501,17.435612,17.319174,0.0,0.0,0.0,0.0,0.0,4.0,0.0,0.0
22544,2023.0,6.0,6.0,13.0,21.01489,22.2461,18.814043,19.132975,21.041801,22.206268,21.05842,22.372852,18.11922,17.976614,17.61699,17.467794,21.04265,21.812836,21.03924,22.128218,17.406584,17.290958,0.0,0.0,0.0,0.0,0.0,0.0,0.0,0.0
22545,2023.0,6.0,6.0,13.0,21.058317,22.313215,17.933764,17.893839,21.041922,22.188286,21.044481,22.324696,18.07204,17.92889,17.608526,17.458838,21.035313,21.765472,21.037502,22.091267,17.381964,17.26667,0.0,0.0,0.0,0.0,0.0,0.0,0.0,0.0
22546,2023.0,6.0,6.0,13.0,21.101206,22.354843,17.743225,17.658493,21.08671,22.256058,21.053848,22.292982,18.032635,17.890491,17.60027,17.450445,21.022243,21.683046,21.080917,22.14511,17.361858,17.247646,0.0,0.0,4.0,0.0,0.0,4.0,0.0,0.0
22547,2023.0,6.0,6.0,13.0,21.08013,22.291174,17.648842,17.5644,21.084282,22.220623,21.113855,22.401993,17.99899,17.858389,17.592182,17.442577,21.021461,21.673244,21.077404,22.1012,17.345016,17.232008,0.0,0.0,0.0,0.0,0.0,4.0,0.0,0.0
22548,2023.0,6.0,6.0,14.0,21.03436,22.203787,18.059553,18.39961,21.009892,22.050526,21.046482,22.234983,17.970003,17.831882,17.584555,17.435781,21.03952,21.719603,21.031845,22.002823,17.330545,17.218987,4.0,4.0,0.0,0.0,0.0,0.0,0.0,0.0
22549,2023.0,6.0,6.0,14.0,20.031347,20.269547,20.238123,22.136162,19.991945,20.123583,19.728168,19.6861,17.9439,17.8082,17.577084,17.4291,20.141052,19.97423,20.053535,20.106514,17.317745,17.207916,0.0,0.0,0.0,0.0,0.0,0.0,0.0,0.0
22550,2023.0,6.0,6.0,14.0,20.141188,20.837248,18.861744,19.182184,19.777342,20.055725,19.126316,19.046144,17.91973,17.785576,17.571585,17.42425,19.649433,19.320753,19.48691,19.366936,17.303976,17.195242,0.0,4.0,0.0,0.0,0.0,0.0,0.0,0.0
22551,2023.0,6.0,6.0,14.0,19.422016,19.436716,18.624825,18.954159,19.167616,18.961948,18.958628,18.875704,17.899986,17.766764,17.568344,17.421917,19.500772,19.15403,19.300707,19.155386,17.290888,17.18279,4.0,0.0,0.0,0.0,0.0,0.0,0.0,0.0
22552,2023.0,6.0,6.0,14.0,19.726913,20.19943,20.205849,21.734888,18.856922,18.563852,18.817453,18.736965,17.881262,17.74949,17.564472,17.41934,20.320923,20.815596,19.177145,19.033283,17.277557,17.170364,4.0,0.0,0.0,0.0,0.0,4.0,0.0,0.0
22553,2023.0,6.0,6.0,14.0,19.216173,19.192266,20.012587,21.20569,19.336689,19.620543,18.671154,18.590961,17.861748,17.73097,17.560814,17.41657,20.44876,20.836195,19.054459,18.911564,17.262825,17.156126,4.0,4.0,0.0,0.0,0.0,4.0,0.0,0.0
22554,2023.0,6.0,6.0,15.0,18.847687,18.740698,20.037716,21.158627,18.872135,18.676193,18.546629,18.468584,17.843458,17.713884,17.55811,17.414888,19.678885,19.394852,18.951202,18.811146,17.24885,17.142778,4.0,0.0,0.0,0.0,0.0,0.0,0.0,0.0
22555,2023.0,6.0,6.0,15.0,18.689018,18.579714,20.033033,21.080406,19.215008,19.530333,18.43805,18.360146,17.826202,17.69757,17.556438,17.414421,19.373117,19.037739,18.861364,18.722471,17.23549,17.129902,4.0,4.0,0.0,0.0,0.0,0.0,0.0,0.0
22556,2023.0,6.0,6.0,15.0,18.745876,18.804258,20.032747,21.029005,18.769642,18.609894,18.347704,18.273397,17.810572,17.683243,17.555342,17.41452,20.02755,20.367748,18.786537,18.65113,17.223312,17.118538,4.0,0.0,0.0,0.0,0.0,4.0,0.0,0.0
22557,2023.0,6.0,6.0,15.0,19.463299,20.194813,20.049854,21.03874,18.447428,18.195875,18.966867,19.509106,17.795763,17.669456,17.554434,17.414791,20.280474,20.677952,18.719913,18.586765,17.211624,17.107496,0.0,0.0,4.0,0.0,0.0,4.0,0.0,0.0
22558,2023.0,6.0,6.0,15.0,18.919836,18.967096,18.98022,18.954952,18.96429,19.265299,18.607216,18.667803,17.782608,17.657675,17.553505,17.415071,19.594696,19.345978,18.661613,18.531246,17.20114,17.09786,0.0,4.0,0.0,0.0,0.0,0.0,0.0,0.0
22559,2023.0,6.0,6.0,15.0,18.616556,18.533688,18.861147,18.957197,18.562418,18.441002,18.21054,18.012737,17.771282,17.647478,17.932936,18.129725,20.089338,20.42513,18.615477,18.486286,17.192123,17.089664,4.0,0.0,0.0,0.0,4.0,4.0,0.0,0.0
22560,2023.0,6.0,6.0,16.0,19.196827,19.71245,20.147697,21.32115,18.956884,19.273706,18.713516,19.053957,17.759459,17.637331,20.210522,22.08386,20.272598,20.6806,18.573524,18.44738,17.182962,17.081856,4.0,4.0,4.0,0.0,4.0,4.0,0.0,0.0
22561,2023.0,6.0,6.0,16.0,18.798204,18.820467,20.013897,20.967905,18.579927,18.461096,18.337143,18.224356,18.494215,19.036884,20.012823,21.412964,19.569519,19.313778,18.528984,18.40463,18.119368,18.861343,4.0,0.0,0.0,4.0,0.0,0.0,0.0,4.0
22562,2023.0,6.0,6.0,16.0,19.180756,19.719978,20.049322,20.999537,18.903618,19.231724,18.029827,17.827305,20.204739,21.849659,18.735243,18.747072,20.004446,20.34009,18.48691,18.364595,20.266666,22.374489,0.0,4.0,0.0,0.0,0.0,4.0,0.0,0.0
22563,2023.0,6.0,6.0,16.0,19.363478,19.914024,19.355963,19.606714,18.53333,18.426657,17.919767,17.70476,19.342173,19.86829,18.01823,17.766922,20.26103,20.669329,18.44759,18.3271,18.480318,18.582613,4.0,0.0,0.0,4.0,0.0,4.0,0.0,0.0
22564,2023.0,6.0,6.0,16.0,19.389061,19.934973,20.137543,21.142946,18.922695,19.25436,17.982754,17.889626,20.115812,21.290022,17.986198,17.826397,20.29876,20.710188,18.41452,18.29532,17.840582,17.629107,0.0,4.0,0.0,4.0,0.0,4.0,0.0,0.0
22565,2023.0,6.0,6.0,16.0,19.413397,19.956348,19.07549,19.041775,18.53854,18.42713,17.99105,17.922655,20.036057,21.053566,17.961748,17.821682,19.587065,19.34494,18.380491,18.26378,17.729128,17.604448,0.0,0.0,0.0,0.0,0.0,0.0,0.0,0.0
22566,2023.0,6.0,6.0,17.0,19.427044,19.961842,19.006994,19.293114,18.85854,19.191463,18.642857,19.177471,18.953566,18.89169,17.901321,17.764915,19.272264,18.9586,18.346603,18.232023,18.561987,19.258673,4.0,4.0,4.0,0.0,0.0,0.0,0.0,4.0
22567,2023.0,6.0,6.0,17.0,19.43422,19.962109,20.133137,21.280937,18.994558,19.367897,18.85555,19.432758,19.153093,19.472986,17.850935,17.712717,19.183168,18.865973,18.31549,18.201515,20.218348,22.05964,4.0,4.0,4.0,4.0,0.0,0.0,0.0,0.0
22568,2023.0,6.0,6.0,17.0,19.450907,19.981625,20.015587,20.950663,18.45912,18.342173,18.756424,19.157688,20.092415,21.082088,17.798145,17.661594,19.104082,18.788366,19.315296,20.11989,18.587038,18.641205,4.0,0.0,4.0,4.0,0.0,0.0,4.0,0.0
22569,2023.0,6.0,6.0,17.0,19.455889,19.977764,20.030596,20.92069,18.78847,19.11943,18.156885,18.037523,20.005886,20.843723,17.748753,17.613176,19.973785,20.519787,19.580708,20.272219,17.793787,17.591171,4.0,4.0,0.0,4.0,0.0,4.0,4.0,0.0
22570,2023.0,6.0,6.0,17.0,18.82886,18.795343,20.04629,20.925623,18.966894,19.323475,17.843739,17.62039,20.047132,20.902624,17.70321,17.568897,20.118103,20.534573,19.636433,20.315355,17.686493,17.565548,0.0,4.0,0.0,0.0,0.0,4.0,4.0,0.0
22571,2023.0,6.0,6.0,17.0,18.515345,18.40663,19.034563,18.952812,18.991919,19.34153,18.39626,18.732561,19.031729,18.910542,17.662306,17.531195,19.429605,19.23213,18.789698,18.662693,17.619072,17.509676,0.0,4.0,4.0,0.0,0.0,0.0,0.0,0.0
22572,2023.0,6.0,6.0,18.0,18.408768,18.283918,18.93499,18.975851,18.435776,18.289282,17.986153,17.86384,18.579668,18.279554,17.627474,17.497755,19.890907,20.229225,18.4545,18.197332,18.480394,19.196083,4.0,0.0,0.0,0.0,0.0,4.0,0.0,4.0
22573,2023.0,6.0,6.0,18.0,21.25939,23.357183,20.137884,21.185734,21.25529,23.345182,21.240433,23.677317,18.389822,18.07931,17.59186,17.463663,21.16075,22.441992,21.464573,23.529268,20.191732,22.04016,4.0,4.0,0.0,0.0,0.0,0.0,0.0,4.0
22574,2023.0,6.0,6.0,18.0,21.020144,22.628973,20.013266,20.860971,21.023376,22.625397,20.99291,22.803389,19.160002,19.700089,17.553457,17.426977,21.00014,21.952682,21.013456,22.489971,20.036694,21.528788,4.0,0.0,4.0,4.0,0.0,4.0,0.0,0.0
22575,2023.0,6.0,6.0,18.0,21.056719,22.52598,20.048355,20.899855,21.03711,22.449036,21.073473,22.755383,20.120533,21.21411,17.916716,18.14379,21.048178,21.973835,21.048372,22.419088,18.563396,18.52992,0.0,4.0,0.0,0.0,4.0,0.0,0.0,0.0
22576,2023.0,6.0,6.0,18.0,21.024355,22.323124,19.363455,19.527977,21.060741,22.394154,21.060308,22.572697,18.945333,18.82656,20.254486,22.120195,21.010387,21.806957,21.003918,22.203688,17.827404,17.583132,4.0,0.0,0.0,0.0,4.0,4.0,4.0,0.0
22577,2023.0,6.0,6.0,18.0,21.029152,22.255327,20.144836,21.155823,21.029253,22.220734,21.047762,22.460226,18.316025,18.020535,20.012705,21.401876,21.045639,21.850565,21.020544,22.155312,17.620844,17.371794,0.0,4.0,0.0,0.0,0.0,0.0,4.0,0.0
22578,2023.0,6.0,6.0,19.0,21.028072,22.199528,19.05301,18.960112,21.034073,22.167662,21.048288,22.394823,18.27791,18.128729,18.660181,18.614645,21.039434,21.79704,21.05779,22.201216,17.62393,17.504778,0.0,4.0,0.0,0.0,0.0,0.0,0.0,0.0
22579,2023.0,6.0,6.0,19.0,21.026426,22.15635,18.571245,18.44267,21.057713,22.188036,21.045315,22.338505,18.236618,18.105177,17.867855,17.545834,21.006933,21.68251,21.00557,22.019257,17.583466,17.476074,0.0,0.0,0.0,0.0,0.0,4.0,4.0,0.0
22580,2023.0,6.0,6.0,19.0,21.056263,22.179077,18.43825,18.30377,21.107046,22.233347,21.098017,22.39671,18.154985,18.02712,17.849321,17.702906,21.080412,21.837519,21.10326,22.217815,17.513838,17.410582,0.0,0.0,0.0,0.0,0.0,0.0,0.0,0.0
22581,2023.0,6.0,6.0,19.0,21.049746,22.161722,18.777378,19.040459,21.019232,22.00629,21.038715,22.247927,18.848211,19.408077,17.795528,17.659653,21.00371,21.63746,21.041157,22.047464,17.452414,17.354076,4.0,4.0,0.0,4.0,0.0,4.0,0.0,0.0
22582,2023.0,6.0,6.0,19.0,21.02129,22.055883,20.16138,21.421322,21.03248,22.011038,21.021309,22.16898,20.172922,21.547338,17.715446,17.583593,21.045347,21.732956,21.05019,22.038706,18.379076,19.164812,4.0,4.0,4.0,0.0,0.0,0.0,0.0,4.0
22583,2023.0,6.0,6.0,19.0,21.02603,22.04617,20.032827,21.036509,21.030731,21.9904,21.0502,22.230585,18.782772,18.662443,17.638641,17.509142,21.039171,21.706535,21.008957,21.906921,20.23127,22.154156,0.0,4.0,0.0,0.0,0.0,0.0,4.0,0.0
22584,2023.0,6.0,6.0,20.0,21.025677,22.029564,18.90234,18.775826,21.030724,21.974907,21.031862,22.128637,18.79193,19.110527,17.571558,17.445568,21.00929,21.615904,21.057058,22.022251,19.14515,19.716787,0.0,4.0,4.0,4.0,0.0,4.0,0.0,4.0
22585,2023.0,6.0,6.0,20.0,21.02525,22.01522,18.209965,17.843012,21.03042,21.959959,21.03551,22.105831,20.153925,21.386396,17.509539,17.386555,21.045074,21.704807,21.008108,21.882486,20.17355,21.729973,0.0,4.0,4.0,4.0,0.0,0.0,4.0,4.0
22586,2023.0,6.0,6.0,20.0,21.095285,22.164162,18.203377,18.01889,21.101917,22.11128,21.111382,22.254122,20.103502,21.144287,17.445568,17.320545,21.026737,21.630808,21.09855,22.095407,20.12075,21.467003,0.0,0.0,0.0,0.0,0.0,4.0,0.0,0.0
22587,2023.0,6.0,6.0,20.0,21.03971,22.02549,18.600563,18.825714,21.01789,21.89674,21.021652,22.022442,18.8567,18.672071,17.394897,17.27715,21.013302,21.612898,21.041636,21.954666,18.624222,18.494562,4.0,4.0,4.0,0.0,0.0,4.0,0.0,0.0
22588,2023.0,6.0,6.0,20.0,21.29156,22.492352,20.199896,21.590452,21.271757,22.393894,21.206217,22.39535,18.211044,17.881699,17.740635,17.975594,21.258434,22.104216,21.254845,22.36905,18.796167,19.312033,0.0,4.0,0.0,0.0,4.0,4.0,0.0,4.0
22589,2023.0,6.0,6.0,20.0,21.05102,22.015753,19.40684,19.839699,21.054245,21.962574,21.027843,21.995195,18.1869,18.034187,20.286938,22.292122,21.014097,21.608261,21.048006,21.93787,20.360935,21.979101,4.0,0.0,4.0,0.0,0.0,4.0,0.0,4.0
22590,2023.0,6.0,6.0,21.0,21.198,22.29973,20.154556,21.302292,21.024103,21.869396,21.05929,22.065058,18.151419,18.023418,18.714445,18.927326,21.231625,22.043371,21.037457,21.930676,20.00747,21.151093,4.0,4.0,0.0,0.0,0.0,4.0,0.0,4.0
22591,2023.0,6.0,6.0,21.0,21.045895,21.978832,20.009188,20.905855,21.055943,21.94503,21.024908,21.960115,18.060514,17.9342,17.83653,17.729738,21.014593,21.600197,21.038023,21.93867,20.022417,21.102888,4.0,0.0,4.0,0.0,0.0,4.0,0.0,4.0
22592,2023.0,6.0,6.0,21.0,21.03528,21.977465,20.036503,20.886904,21.047865,21.915812,21.060112,22.039213,17.981405,17.85921,18.079268,18.329224,21.048298,21.687511,20.996492,21.831785,20.058247,21.144037,4.0,0.0,0.0,0.0,4.0,0.0,4.0,0.0
22593,2023.0,6.0,6.0,21.0,21.034828,21.984392,20.031507,20.824501,21.023916,21.835106,21.05246,22.009438,17.912216,17.79481,20.25476,22.025726,21.00932,21.579155,21.017565,21.86137,19.474527,19.927984,4.0,4.0,0.0,0.0,4.0,4.0,4.0,4.0
22594,2023.0,6.0,6.0,21.0,21.03459,21.98864,20.049438,20.835234,21.054794,21.911003,21.052757,21.994356,17.844181,17.722666,20.031443,21.371845,21.01504,21.587862,21.055983,21.959858,20.149818,21.31343,0.0,0.0,0.0,0.0,0.0,4.0,0.0,0.0
22595,2023.0,6.0,6.0,21.0,21.034504,21.990593,18.988325,18.767418,21.048634,21.88796,21.038164,21.979286,18.477299,18.964409,18.583038,18.42467,21.04505,21.664156,21.048092,21.928337,19.512606,19.962885,0.0,0.0,0.0,4.0,0.0,0.0,0.0,4.0
22596,2023.0,6.0,6.0,22.0,21.0072,21.915548,18.31198,17.864954,21.035084,21.878126,21.04011,21.989326,20.21134,21.827505,18.123873,18.049501,21.009434,21.562973,21.048586,21.913485,20.14236,21.274673,0.0,0.0,0.0,0.0,4.0,4.0,0.0,0.0
22597,2023.0,6.0,6.0,22.0,21.03978,22.005503,18.295591,18.04647,21.036646,21.889816,21.039755,21.991169,18.596182,18.43755,20.339024,21.849482,21.045485,21.65178,21.048126,21.898935,19.461637,19.846205,0.0,0.0,0.0,0.0,4.0,0.0,0.0,4.0
22598,2023.0,6.0,6.0,22.0,21.047031,21.990252,18.743616,18.951275,21.036375,21.893545,21.03945,21.989828,17.829071,17.48694,20.024967,21.167154,21.039648,21.62978,21.036188,21.887188,20.153725,21.282589,4.0,0.0,0.0,0.0,0.0,0.0,0.0,0.0
22599,2023.0,6.0,6.0,22.0,21.258821,22.371927,20.180653,21.43513,21.226507,22.275301,21.217527,22.343533,18.496933,18.920263,18.941917,18.961195,21.235123,21.992878,21.747156,22.93085,18.797667,18.589985,0.0,0.0,0.0,4.0,4.0,4.0,4.0,0.0
22600,2023.0,6.0,6.0,22.0,21.257483,22.352245,19.46265,19.854761,21.22478,22.266386,21.216305,22.33334,20.257235,21.846304,20.288885,21.576313,21.232777,21.983206,21.223608,22.162943,18.101496,17.75223,4.0,0.0,0.0,0.0,0.0,4.0,0.0,0.0
22601,2023.0,6.0,6.0,22.0,21.25869,22.343199,20.161234,21.236906,21.225561,22.262835,21.216663,22.327587,18.626213,18.447342,19.044481,19.119835,21.15012,21.833462,21.23277,22.18786,18.07537,17.933542,0.0,0.0,0.0,0.0,0.0,0.0,0.0,0.0
22602,2023.0,6.0,6.0,23.0,21.050209,21.936563,18.924173,18.725801,21.035427,21.877802,21.038498,21.965807,17.868357,17.511307,18.635195,18.755089,21.039284,21.602444,21.046535,21.81721,18.015732,17.895195,0.0,0.0,0.0,0.0,4.0,0.0,0.0,0.0
22603,2023.0,6.0,6.0,23.0,19.946758,19.812042,18.441992,18.244127,20.148941,20.176943,20.074802,20.116417,17.887484,17.729023,18.330515,18.232462,20.046663,19.69113,19.876806,19.576649,17.91183,17.799913,0.0,0.0,0.0,0.0,0.0,0.0,0.0,0.0
22604,2023.0,6.0,6.0,23.0,19.440239,19.106066,18.368176,18.187992,19.689728,19.514292,19.586369,19.421392,17.878538,17.747543,18.111301,17.962921,19.65546,19.187166,19.6446,19.464218,18.561037,19.093536,0.0,0.0,0.0,0.0,0.0,0.0,0.0,4.0
22605,2023.0,6.0,6.0,23.0,19.51168,19.458584,18.283602,18.10365,19.491959,19.300817,19.375618,19.196459,18.408968,18.797749,17.981518,17.831404,19.750488,19.550568,19.511686,19.358044,18.557123,18.923464,0.0,0.0,0.0,4.0,0.0,0.0,0.0,4.0
22606,2023.0,6.0,6.0,23.0,19.449625,19.433893,18.208618,18.030085,19.349195,19.159847,19.222448,19.045424,17.98188,17.879572,18.19913,18.335428,19.70794,19.543173,19.36785,19.221542,17.857502,17.597187,0.0,0.0,0.0,0.0,4.0,0.0,0.0,0.0
22607,2023.0,6.0,6.0,23.0,19.348673,19.333838,18.138521,17.959146,19.225227,19.034586,19.090008,18.91152,17.609665,17.275978,17.908855,17.769287,19.614937,19.447178,19.236897,19.092878,17.57211,17.24422,0.0,0.0,0.0,0.0,0.0,0.0,0.0,0.0
22608,2023.0,6.0,7.0,0.0,19.259785,19.24804,18.07737,17.899866,19.121159,18.934042,18.978966,18.804195,18.070847,18.253494,17.763083,17.620361,19.530989,19.364357,19.120987,18.977913,17.444965,17.120245,0.0,0.0,0.0,4.0,0.0,0.0,0.0,0.0
22609,2023.0,6.0,7.0,0.0,19.179451,19.17121,18.021822,17.846792,19.029222,18.846275,18.880774,18.710482,18.188427,18.366274,17.676046,17.531458,19.454811,19.29,19.01794,18.877377,18.307266,18.86155,0.0,0.0,0.0,4.0,0.0,0.0,0.0,4.0
22610,2023.0,6.0,7.0,0.0,19.104216,19.096554,17.968887,17.794582,18.94362,18.761944,18.789427,18.62049,17.662376,17.3668,17.596464,17.450846,20.105581,20.585009,18.921993,18.78101,18.358364,18.739208,0.0,0.0,0.0,0.0,0.0,4.0,0.0,4.0
22611,2023.0,6.0,7.0,0.0,19.037277,19.031673,17.92106,17.74867,18.867819,18.689161,18.708954,18.543072,17.43806,17.089529,17.527317,17.38267,19.322348,18.966867,18.83655,18.696943,17.631992,17.35314,0.0,0.0,0.0,0.0,0.0,0.0,0.0,0.0
22612,2023.0,6.0,7.0,0.0,18.974077,18.969042,17.875406,17.703869,18.796957,18.61955,18.633936,18.469221,17.929663,18.103321,17.462648,17.31757,19.034704,18.599167,18.75681,18.616863,18.132357,18.476278,0.0,0.0,0.0,4.0,0.0,0.0,0.0,4.0
22613,2023.0,6.0,7.0,0.0,18.91644,18.913109,17.833422,17.663544,18.732714,18.55781,18.566126,18.403889,17.48236,17.155237,17.694025,17.800682,18.932665,18.502306,18.684696,18.545612,17.546753,17.26015,0.0,0.0,0.0,0.0,4.0,0.0,0.0,0.0
22614,2023.0,6.0,7.0,1.0,18.860907,18.857218,17.792614,17.622814,18.670895,18.496355,18.501272,18.339148,17.285692,16.932335,17.463661,17.324917,19.09981,18.929352,18.61615,18.475924,17.310648,16.986364,0.0,0.0,0.0,0.0,0.0,0.0,0.0,0.0
22615,2023.0,6.0,7.0,1.0,18.809362,18.806042,17.754774,17.58549,18.613825,18.440367,18.44157,18.280346,17.42969,17.301805,17.354267,17.207577,19.09294,18.926275,18.553282,18.412735,17.213741,16.893858,0.0,0.0,0.0,0.0,0.0,0.0,0.0,0.0
22616,2023.0,6.0,7.0,1.0,18.761885,18.760115,17.719793,17.551952,18.561611,18.390377,18.386791,18.227812,17.420954,17.290363,17.29914,17.153028,19.052408,18.88737,18.495607,18.355646,17.335222,17.222336,0.0,0.0,0.0,0.0,0.0,0.0,0.0,0.0
22617,2023.0,6.0,7.0,1.0,18.716003,18.714485,17.685045,17.517237,18.510897,18.340084,18.33342,18.174885,17.388056,17.257088,17.247263,17.10034,19.011982,18.846607,18.440887,18.30069,17.314444,17.19628,0.0,0.0,0.0,0.0,0.0,0.0,0.0,0.0
22618,2023.0,6.0,7.0,1.0,18.673597,18.67326,17.653156,17.486761,18.464643,18.295855,18.284756,18.12836,17.355902,17.225195,17.201433,17.055096,18.973177,18.808233,18.390272,18.250664,17.275738,17.157774,0.0,0.0,0.0,0.0,0.0,0.0,0.0,0.0
22619,2023.0,6.0,7.0,1.0,18.63591,18.639217,17.625242,17.462868,18.424162,18.260601,18.242254,18.091343,17.905941,18.286385,17.161673,17.01875,18.938036,18.77548,18.344795,18.207954,17.973219,18.50496,0.0,0.0,0.0,4.0,0.0,0.0,0.0,4.0
22620,2023.0,6.0,7.0,2.0,18.597857,18.602291,17.596123,17.435253,18.38284,18.221354,18.199097,18.05027,17.5302,17.45066,17.409111,17.515152,18.902836,18.741005,18.30008,18.164122,17.292437,17.043463,0.0,0.0,0.0,0.0,4.0,0.0,0.0,0.0
22621,2023.0,6.0,7.0,2.0,18.57013,18.58394,17.566027,17.404356,18.340836,18.17874,18.15562,18.00601,17.176456,16.851707,17.191563,17.04829,18.86716,18.704107,18.25544,18.118198,17.047892,16.738663,0.0,0.0,0.0,0.0,0.0,0.0,0.0,0.0
22622,2023.0,6.0,7.0,2.0,18.545704,18.567665,17.538774,17.378077,18.30294,18.142738,18.116486,17.968742,17.059214,16.722054,17.10153,16.957548,18.83459,18.672295,19.192451,19.919037,16.969196,16.6648,0.0,0.0,0.0,0.0,0.0,0.0,4.0,0.0
22623,2023.0,6.0,7.0,2.0,18.513168,18.53535,17.511194,17.350536,18.265354,18.105646,18.077333,17.930216,17.177774,17.032867,17.06099,16.91797,18.802135,18.639687,18.339132,18.078833,17.077833,16.952612,0.0,0.0,0.0,0.0,0.0,0.0,0.0,0.0
22624,2023.0,6.0,7.0,2.0,18.477684,18.49693,17.481022,17.317368,18.225634,18.06267,18.035564,17.885317,17.194618,17.06314,17.01788,16.871296,18.768293,18.60342,18.026995,17.66788,17.081532,16.962831,0.0,0.0,0.0,0.0,0.0,0.0,0.0,0.0
22625,2023.0,6.0,7.0,2.0,18.445663,18.464727,17.454288,17.290596,18.190367,18.027699,17.998617,17.848843,17.168816,17.036987,16.981102,16.834307,18.737383,18.57229,17.930851,17.575672,17.052391,16.933388,0.0,0.0,0.0,0.0,0.0,0.0,0.0,0.0
22626,2023.0,6.0,7.0,3.0,18.416334,18.437122,17.430613,17.269432,18.158792,17.999392,17.965858,17.819504,17.144278,17.01376,16.948668,16.804255,18.70895,18.54543,18.059362,17.915411,17.749586,18.270866,0.0,0.0,0.0,0.0,0.0,0.0,0.0,4.0
22627,2023.0,6.0,7.0,3.0,18.384142,18.403223,17.403755,17.241423,18.123789,17.963472,17.92997,17.782553,17.116825,16.985222,17.221184,17.343801,18.678375,18.513706,18.058186,17.919788,18.05957,18.68884,0.0,0.0,0.0,0.0,4.0,0.0,0.0,4.0
22628,2023.0,6.0,7.0,3.0,18.354303,18.372932,17.379099,17.217209,18.091698,17.932453,17.897629,17.75101,17.090895,16.959648,17.324837,17.470062,18.649797,18.485584,18.02407,17.88618,17.206032,16.95939,0.0,0.0,0.0,0.0,4.0,0.0,0.0,0.0
22629,2023.0,6.0,7.0,3.0,18.323757,18.3409,17.353872,17.190966,18.058811,17.899014,17.864906,17.717333,17.063925,16.931934,17.04877,16.928831,18.620325,18.455372,17.988605,17.850079,17.682741,18.030788,0.0,0.0,0.0,0.0,0.0,0.0,0.0,4.0
22630,2023.0,6.0,7.0,3.0,18.294239,18.31047,17.329618,17.166094,18.02714,17.867317,17.83349,17.685564,17.037489,16.905188,16.93272,16.786621,18.591547,18.426323,17.953379,17.814789,17.106504,16.825445,0.0,0.0,0.0,0.0,0.0,0.0,0.0,0.0
22631,2023.0,6.0,7.0,3.0,18.264938,18.280066,17.305315,17.141079,17.995817,17.835707,17.802357,17.653906,17.01096,16.87818,16.885622,16.738462,19.301733,19.794363,17.918272,17.77938,16.884518,16.562382,0.0,0.0,0.0,0.0,0.0,4.0,0.0,0.0
22632,2023.0,6.0,7.0,4.0,18.236172,18.25025,17.281181,17.116415,17.965216,17.804892,17.77155,17.622868,16.984594,16.851452,16.84363,16.695953,18.557068,18.21687,17.883667,17.744617,16.796532,16.477095,0.0,0.0,0.0,0.0,0.0,0.0,0.0,0.0
22633,2023.0,6.0,7.0,4.0,18.207565,18.220306,17.257214,17.092028,17.934872,17.773981,17.74053,17.591396,16.95814,16.824478,16.804203,16.655182,18.301258,17.877092,17.849035,17.70936,16.925766,16.812159,0.0,0.0,0.0,0.0,0.0,0.0,0.0,0.0
22634,2023.0,6.0,7.0,4.0,18.182226,18.196386,17.236364,17.073462,17.908175,17.749823,17.713158,17.5667,16.934406,16.802393,16.770922,16.624226,18.231298,17.815748,17.817759,17.67996,17.646515,18.173777,0.0,0.0,0.0,0.0,0.0,0.0,0.0,4.0
22635,2023.0,6.0,7.0,4.0,18.156351,18.171137,17.215025,17.053642,17.880943,17.72425,17.685547,17.54071,16.910528,16.779537,16.738543,16.593073,18.402836,18.226557,17.786528,17.649881,16.969011,16.716928,0.0,0.0,0.0,0.0,0.0,0.0,0.0,0.0
22636,2023.0,6.0,7.0,4.0,18.12967,18.143993,17.192966,17.032114,17.85289,17.696653,17.657463,17.512897,16.886286,16.755396,17.013857,17.13679,18.426235,18.262056,17.754967,17.618341,16.73065,16.418303,0.0,0.0,0.0,0.0,4.0,0.0,0.0,0.0
22637,2023.0,6.0,7.0,4.0,18.104233,18.118958,17.171988,17.01232,17.826149,17.67121,17.63065,17.48729,16.863525,16.73345,16.787703,16.646643,18.404068,18.241205,17.72523,17.589489,16.655365,16.34835,0.0,0.0,0.0,0.0,0.0,0.0,0.0,0.0
22638,2023.0,6.0,7.0,5.0,18.07973,18.095436,17.614552,17.859135,17.800554,17.647594,17.604855,17.463463,16.842283,16.71358,16.706045,16.562218,19.12697,19.628265,17.69725,17.56307,16.774311,16.653233,4.0,0.0,0.0,0.0,0.0,4.0,0.0,0.0
22639,2023.0,6.0,7.0,5.0,18.759438,19.391565,17.369337,17.311134,17.77392,17.62134,17.577768,17.436884,16.820976,16.692429,16.673765,16.530897,19.103834,19.401716,17.669067,17.535084,17.505186,18.027473,0.0,0.0,0.0,0.0,0.0,4.0,0.0,4.0
22640,2023.0,6.0,7.0,5.0,18.318892,18.41878,17.210087,17.061348,17.747562,17.595076,17.550795,17.410185,16.80085,16.672419,16.643532,16.500826,18.399227,18.037336,17.64176,17.507942,16.840939,16.590656,0.0,0.0,0.0,0.0,0.0,0.0,0.0,0.0
22641,2023.0,6.0,7.0,5.0,17.881826,17.646988,17.16126,17.003569,18.429972,18.899426,17.524239,17.383783,16.782248,16.653982,16.906546,17.014978,18.19285,17.782211,17.615492,17.481873,16.620935,16.319176,0.0,4.0,0.0,0.0,4.0,0.0,0.0,0.0
22642,2023.0,6.0,7.0,5.0,18.453918,18.809559,17.128126,16.970102,18.633833,19.131767,17.497953,17.357815,16.764599,16.636642,17.035362,17.184887,18.118244,17.711887,18.590433,19.339394,17.28905,17.641237,0.0,4.0,0.0,0.0,4.0,0.0,4.0,4.0
22643,2023.0,6.0,7.0,5.0,18.60202,18.981245,17.099802,16.941528,17.857664,17.58356,17.471909,17.331867,16.74771,16.619999,16.770437,16.657515,18.057814,17.65523,18.692688,19.270449,17.50895,17.894796,0.0,0.0,0.0,0.0,0.0,0.0,4.0,4.0
22644,2023.0,6.0,7.0,6.0,18.638939,19.011786,17.527555,17.762955,17.541395,17.115664,17.446619,17.306574,16.73221,16.604815,16.659683,16.51726,19.035229,19.579914,17.821962,17.555258,16.857967,16.606466,4.0,0.0,0.0,0.0,0.0,4.0,0.0,0.0
22645,2023.0,6.0,7.0,6.0,21.2845,23.621117,20.267916,22.486498,21.344616,23.693863,21.2349,24.016426,16.719263,16.593376,16.627567,16.486649,21.191214,23.19954,21.664333,24.366962,16.63892,16.33499,0.0,0.0,0.0,0.0,0.0,4.0,4.0,0.0
22646,2023.0,6.0,7.0,6.0,21.001642,22.743872,18.949389,19.5092,20.977612,22.788908,20.9867,23.0694,16.710249,16.585989,16.88955,16.99922,21.045572,22.620617,21.028078,22.912674,17.336111,17.72977,4.0,4.0,4.0,0.0,4.0,0.0,0.0,4.0
22647,2023.0,6.0,7.0,6.0,21.174952,22.899035,20.310368,22.170177,21.162626,22.910576,21.175362,23.178356,17.307684,17.717493,20.44579,22.923399,21.12531,22.546354,21.177458,22.97623,21.748514,25.19685,0.0,4.0,4.0,4.0,0.0,4.0,0.0,0.0
22648,2023.0,6.0,7.0,6.0,21.039768,22.497532,18.830568,19.013546,21.045443,22.510849,21.076818,22.787039,20.323088,22.80449,18.462902,18.782358,21.060705,22.28593,21.063272,22.574884,19.35257,19.887262,4.0,4.0,0.0,0.0,0.0,0.0,0.0,4.0
22649,2023.0,6.0,7.0,6.0,21.039051,22.406359,20.256271,21.86946,21.045195,22.397623,21.044786,22.554916,18.376713,18.588402,17.369375,17.24967,21.024208,22.082066,21.062181,22.44882,20.220175,21.969095,0.0,4.0,4.0,0.0,0.0,4.0,0.0,4.0
22650,2023.0,6.0,7.0,7.0,21.037762,22.33781,18.639341,18.535944,21.04336,22.312214,21.073147,22.527346,18.024137,18.44301,17.488382,17.623756,21.027628,22.012892,21.008717,22.248735,20.010923,21.392845,0.0,4.0,0.0,4.0,4.0,4.0,4.0,4.0
22651,2023.0,6.0,7.0,7.0,21.03626,22.285353,18.384636,18.597363,21.066946,22.317362,21.06575,22.431444,20.29463,22.33192,20.316267,22.471611,21.025736,21.95307,21.068554,22.327374,20.195915,21.670683,4.0,0.0,0.0,0.0,4.0,4.0,0.0,0.0
22652,2023.0,6.0,7.0,7.0,21.212614,22.59957,20.238096,21.849342,21.170187,22.470535,21.195923,22.609348,18.350111,18.25069,20.031105,21.640167,21.177126,22.212793,21.199793,22.532495,18.5204,18.335608,0.0,0.0,4.0,0.0,0.0,4.0,0.0,0.0
22653,2023.0,6.0,7.0,7.0,21.033592,22.206314,19.251516,19.72003,21.034088,22.133041,21.06793,22.325577,17.427753,17.093672,18.687696,18.825884,21.052979,21.943895,21.056522,22.195078,17.75842,17.419558,4.0,4.0,0.0,0.0,4.0,0.0,0.0,0.0
22654,2023.0,6.0,7.0,7.0,21.179506,22.49573,20.19202,21.578335,21.211811,22.462078,21.169968,22.493643,17.41709,17.269936,20.337593,21.934237,21.190125,22.164097,21.20862,22.46295,17.712515,17.565939,4.0,4.0,0.0,0.0,0.0,4.0,0.0,0.0
22655,2023.0,6.0,7.0,7.0,21.0535,22.215458,20.021664,21.119728,21.06192,22.157005,21.046272,22.242388,17.398003,17.272602,18.626017,18.516527,21.021101,21.799015,21.042295,22.119598,17.648893,17.52239,4.0,0.0,0.0,0.0,0.0,4.0,0.0,0.0
22656,2023.0,6.0,7.0,8.0,21.10672,22.2951,20.114256,21.235304,21.112625,22.229853,21.053375,22.223284,17.328087,17.204561,17.90861,17.735968,21.092766,21.945316,21.088442,22.199251,17.54478,17.42069,0.0,0.0,4.0,0.0,0.0,0.0,0.0,0.0
22657,2023.0,6.0,7.0,8.0,20.052359,20.26133,19.156073,19.296492,20.232058,20.479074,19.607162,19.455265,17.278088,17.162628,17.793589,17.640343,19.933071,19.671556,19.93396,19.95205,17.468454,17.355396,4.0,4.0,0.0,0.0,0.0,0.0,0.0,0.0
22658,2023.0,6.0,7.0,8.0,19.569242,19.60018,20.174906,21.295446,19.899212,20.048626,18.950006,18.522509,17.987564,18.531878,17.70395,17.550117,19.476051,19.045963,19.456041,19.307278,18.328964,19.031263,0.0,4.0,0.0,4.0,0.0,0.0,0.0,4.0
22659,2023.0,6.0,7.0,8.0,19.314043,19.33382,18.902525,18.774967,19.74911,19.919823,18.627401,18.211222,20.26205,22.327717,17.613749,17.466543,20.002136,20.227764,19.212557,19.06335,20.243649,22.160753,0.0,4.0,0.0,0.0,0.0,4.0,0.0,0.0
22660,2023.0,6.0,7.0,8.0,19.136189,19.165777,18.346403,18.19594,19.040382,18.71447,19.29483,19.693579,18.418516,18.411213,17.535534,17.3912,20.191717,20.480515,19.030264,18.883656,18.455893,18.415787,0.0,0.0,4.0,0.0,0.0,4.0,0.0,0.0
22661,2023.0,6.0,7.0,8.0,19.020199,19.05109,18.676556,18.930672,18.701836,18.274994,18.903275,18.895538,17.728878,17.404854,17.4827,17.337095,20.195965,20.495129,18.909046,18.761309,17.824406,17.521662,4.0,0.0,0.0,0.0,0.0,4.0,0.0,0.0
22662,2023.0,6.0,7.0,9.0,18.914904,18.948483,20.201246,21.633154,19.12846,19.229607,18.407692,18.078897,17.722977,17.559929,17.830595,18.031237,19.512245,19.222727,18.808002,18.66581,17.799189,17.649538,0.0,4.0,0.0,0.0,4.0,0.0,0.0,0.0
22663,2023.0,6.0,7.0,9.0,19.515162,20.175978,19.030626,19.206255,18.707338,18.408743,18.151112,17.7917,17.683197,17.547653,20.2666,22.167103,19.15263,18.77566,18.707481,18.569595,17.737568,17.612265,0.0,0.0,0.0,0.0,0.0,0.0,0.0,0.0
22664,2023.0,6.0,7.0,9.0,19.12966,19.301394,18.316496,18.238434,18.377733,18.01037,18.203545,18.038313,18.330114,18.83412,18.830309,19.087791,19.023409,18.645103,18.62035,18.484879,17.650164,17.528961,0.0,0.0,0.0,4.0,0.0,0.0,0.0,0.0
22665,2023.0,6.0,7.0,9.0,18.665388,18.531214,18.143267,18.025736,18.26044,17.898264,18.19855,18.079746,20.25083,22.094244,18.161932,18.02846,19.693846,19.97988,19.580805,20.353975,17.588331,17.46744,0.0,0.0,0.0,0.0,0.0,4.0,4.0,0.0
22666,2023.0,6.0,7.0,9.0,19.134533,19.570189,18.022568,17.907877,19.020393,19.448826,18.136038,18.026535,18.600792,18.604671,17.97132,17.815891,19.977049,20.336052,18.889143,18.73749,17.527992,17.409159,0.0,4.0,0.0,0.0,0.0,4.0,0.0,0.0
22667,2023.0,6.0,7.0,9.0,19.279343,19.767792,18.390425,18.668041,19.28467,19.826078,18.782333,19.29267,17.963736,17.656504,17.878067,17.714352,20.035006,20.404697,18.524635,18.223509,17.485401,17.365969,4.0,4.0,4.0,0.0,0.0,4.0,0.0,0.0
22668,2023.0,6.0,7.0,10.0,19.30074,19.791319,20.221022,21.86705,19.123629,19.458473,18.967411,19.523752,17.942055,17.771225,17.813452,17.649494,19.396297,19.174297,18.40991,18.11009,17.450703,17.332296,0.0,4.0,4.0,0.0,0.0,0.0,0.0,0.0
22669,2023.0,6.0,7.0,10.0,18.713139,18.685987,19.30725,19.840504,19.06829,19.392242,18.267225,18.14951,17.901052,17.755417,17.75899,17.598066,19.068926,18.734648,18.32733,18.036152,17.418962,17.30171,4.0,4.0,0.0,0.0,0.0,0.0,0.0,0.0
22670,2023.0,6.0,7.0,10.0,18.454014,18.331253,20.181488,21.464535,18.508577,18.355133,17.951462,17.691568,17.84706,17.703482,17.729849,17.568918,19.73901,20.064564,18.40564,18.250507,17.399746,17.282501,0.0,0.0,0.0,0.0,0.0,4.0,0.0,0.0
22671,2023.0,6.0,7.0,10.0,18.35181,18.24844,18.92089,18.925472,18.814589,19.110155,17.82893,17.574657,17.793629,17.653158,17.705334,17.546755,20.03814,20.435392,18.424316,18.289015,17.382061,17.265348,0.0,4.0,0.0,0.0,0.0,4.0,0.0,0.0
22672,2023.0,6.0,7.0,10.0,18.28693,18.195753,18.31424,18.032223,18.961885,19.324898,17.762936,17.52116,17.759878,17.618885,17.694897,17.536163,19.353077,19.083008,18.407448,18.274767,17.371723,17.25422,0.0,4.0,0.0,0.0,0.0,0.0,0.0,0.0
22673,2023.0,6.0,7.0,10.0,18.380442,18.448965,18.73646,19.011068,18.99347,19.364105,17.842472,17.746733,17.732714,17.592388,17.688547,17.530272,19.149525,18.81666,18.389627,18.257532,17.364443,17.246407,4.0,4.0,0.0,0.0,0.0,0.0,0.0,0.0
22674,2023.0,6.0,7.0,11.0,18.385391,18.482166,20.187157,21.579517,19.0191,19.39834,18.540394,19.08268,17.71258,17.57284,17.68634,17.528156,19.103317,18.778708,18.376024,18.244434,17.360374,17.241772,0.0,4.0,4.0,0.0,0.0,0.0,0.0,0.0
22675,2023.0,6.0,7.0,11.0,18.35568,18.459044,19.426405,19.929224,18.472193,18.369387,18.224125,18.288822,17.693256,17.553968,17.686884,17.528519,19.066435,18.74973,18.362864,18.231447,17.357834,17.238592,4.0,0.0,0.0,0.0,0.0,0.0,0.0,0.0
22676,2023.0,6.0,7.0,11.0,18.327908,18.435923,20.134598,21.245495,18.215643,18.007519,17.87785,17.716309,17.683706,17.54399,17.694788,17.536211,19.1782,19.000292,18.35471,18.2231,17.35952,17.23953,4.0,0.0,0.0,0.0,0.0,0.0,0.0,0.0
22677,2023.0,6.0,7.0,11.0,18.289818,18.394714,20.033937,21.011906,18.10404,17.902296,17.74496,17.57313,17.675377,17.535936,17.705511,17.54701,20.016457,20.573233,18.346663,18.215164,17.362047,17.24155,0.0,0.0,0.0,0.0,0.0,4.0,0.0,0.0
22678,2023.0,6.0,7.0,11.0,18.989542,19.741919,19.016012,19.023285,18.035654,17.84815,17.780243,17.714828,17.670753,17.531437,17.718204,17.559145,19.456608,19.26271,18.340118,18.208605,17.36568,17.244585,0.0,0.0,0.0,0.0,0.0,0.0,0.0,0.0
22679,2023.0,6.0,7.0,11.0,19.194586,19.96705,18.527718,18.32742,18.790121,19.3294,17.780186,17.740711,17.671762,17.532274,17.733334,17.574083,19.231022,18.93576,18.336323,18.204613,17.370798,17.24914,0.0,4.0,0.0,0.0,0.0,0.0,0.0,0.0
22680,2023.0,6.0,7.0,12.0,19.139343,19.776361,18.46419,18.380219,18.32013,18.296513,17.7546,17.721243,17.675383,17.536077,17.748869,17.589603,19.194542,18.90546,18.333855,18.202145,17.376722,17.254635,0.0,0.0,0.0,0.0,0.0,0.0,0.0,0.0
22681,2023.0,6.0,7.0,12.0,21.256433,23.44922,18.822752,19.149996,21.262222,23.579945,21.247078,23.924185,17.68187,17.543213,17.764551,17.605291,21.224077,22.490458,21.3662,23.459856,17.383888,17.261871,4.0,0.0,0.0,0.0,0.0,0.0,0.0,0.0
22682,2023.0,6.0,7.0,12.0,21.003414,22.709398,20.15368,21.451942,21.014923,22.766745,21.005814,23.051254,18.479023,19.04291,17.782986,17.624447,21.00643,21.970846,21.000841,22.55372,17.3938,17.271837,4.0,0.0,0.0,4.0,0.0,0.0,0.0,0.0
22683,2023.0,6.0,7.0,12.0,21.060966,22.684013,20.028051,21.100883,21.027136,22.58731,21.059174,22.91432,20.179823,21.837296,17.804255,17.646328,20.998497,21.82694,21.044601,22.44925,18.398468,19.164297,0.0,4.0,0.0,0.0,0.0,4.0,0.0,4.0
22684,2023.0,6.0,7.0,12.0,21.049929,22.544443,19.366415,19.735443,21.05921,22.534552,21.050755,22.734957,18.848787,18.977533,17.82692,17.669567,21.036747,21.832098,21.037231,22.299608,20.195942,22.065962,4.0,0.0,0.0,0.0,0.0,0.0,0.0,0.0
22685,2023.0,6.0,7.0,12.0,21.192038,22.724617,20.15708,21.323181,21.151417,22.62057,21.049974,22.619162,18.151134,17.979029,17.85012,17.69512,21.149221,21.982143,20.997026,22.094543,18.685743,18.835537,0.0,0.0,0.0,0.0,0.0,0.0,4.0,0.0
22686,2023.0,6.0,7.0,13.0,21.052328,22.40356,19.123186,19.2348,21.05009,22.342545,21.048525,22.533226,18.067362,17.93075,17.872541,17.718971,21.028624,21.67973,21.04913,22.151537,17.950195,17.807852,0.0,0.0,0.0,0.0,0.0,0.0,0.0,0.0
22687,2023.0,6.0,7.0,13.0,21.095707,22.435026,18.564651,18.536312,21.089598,22.373985,21.102396,22.568443,18.050083,17.916752,17.892878,17.742065,21.087963,21.730415,21.084911,22.149717,17.846838,17.727982,0.0,0.0,0.0,0.0,0.0,4.0,0.0,0.0
22688,2023.0,6.0,7.0,13.0,21.090916,22.37404,18.423037,18.396656,21.086046,22.321634,21.097435,22.494217,18.02748,17.895016,17.908335,17.758717,21.058693,21.655575,21.084627,22.086477,17.815372,17.697464,0.0,0.0,0.0,0.0,0.0,0.0,0.0,0.0
22689,2023.0,6.0,7.0,13.0,21.031652,22.254011,18.7884,19.182585,21.009293,22.136805,21.038511,22.356215,18.009855,17.879408,17.920456,17.771584,20.994864,21.489658,21.026815,21.953905,17.787811,17.6717,4.0,4.0,0.0,0.0,0.0,4.0,0.0,0.0
22690,2023.0,6.0,7.0,13.0,21.03847,22.254509,20.16108,21.529282,21.020811,22.146791,21.04538,22.342278,18.774643,19.34154,17.931978,17.785416,21.000578,21.486986,21.022028,21.878479,17.765482,17.65146,4.0,4.0,0.0,4.0,0.0,4.0,4.0,0.0
22691,2023.0,6.0,7.0,13.0,21.037214,22.238014,20.02395,21.136705,21.051086,22.202482,21.043802,22.315369,20.1516,21.571144,18.347862,18.561586,20.999262,21.473557,21.042295,21.93727,17.747684,17.635704,0.0,0.0,0.0,0.0,4.0,4.0,0.0,0.0
22692,2023.0,6.0,7.0,14.0,21.201033,22.552725,19.393654,19.81602,21.239452,22.534447,21.19128,22.589485,19.008764,19.148193,20.198233,21.723503,21.012257,21.488695,21.244795,22.318916,17.733469,17.624056,4.0,4.0,0.0,0.0,0.0,4.0,0.0,0.0
22693,2023.0,6.0,7.0,14.0,20.669567,21.471369,20.150316,21.325535,19.95994,20.070019,19.95386,20.176563,18.397007,18.281818,19.150389,19.433218,20.324438,20.180454,20.0531,19.979036,17.722279,17.616186,0.0,0.0,0.0,0.0,0.0,0.0,0.0,0.0
22694,2023.0,6.0,7.0,14.0,20.480204,21.252808,19.170584,19.33408,19.948593,20.416853,19.285404,19.316023,18.277418,18.163025,18.853827,19.108313,20.722923,21.137917,20.52239,21.183556,17.711401,17.60858,0.0,4.0,0.0,0.0,4.0,4.0,4.0,0.0
22695,2023.0,6.0,7.0,14.0,20.33792,21.010622,18.771439,18.779604,19.457306,19.504486,19.082853,19.083107,18.240255,18.127544,20.154957,21.416857,20.193964,20.057405,19.80209,19.718752,17.702116,17.602396,0.0,0.0,0.0,0.0,0.0,0.0,0.0,0.0
22696,2023.0,6.0,7.0,14.0,20.256514,20.933233,18.611225,18.618275,19.09506,19.046984,18.922035,18.924997,18.20273,18.093424,19.249939,19.485975,19.925318,19.726395,19.418516,19.25879,17.691416,17.595133,0.0,0.0,0.0,0.0,0.0,0.0,0.0,0.0
22697,2023.0,6.0,7.0,14.0,20.228436,20.91279,18.511322,18.515461,19.605646,20.1053,18.813007,18.814651,18.176977,18.070074,18.776989,18.69351,19.866047,19.674059,19.317593,19.160666,18.614534,19.350792,0.0,4.0,0.0,0.0,0.0,0.0,0.0,4.0
22698,2023.0,6.0,7.0,15.0,20.206287,20.899317,18.863792,19.247583,19.738146,20.292383,18.718384,18.724077,18.154118,18.050943,18.637749,18.521708,19.82348,19.642923,19.24463,19.098852,20.182787,21.981716,4.0,4.0,0.0,0.0,0.0,0.0,0.0,0.0
22699,2023.0,6.0,7.0,15.0,19.59844,19.791725,20.143578,21.432215,19.744856,20.2986,19.292189,19.888132,18.856472,19.399252,18.550428,18.430536,20.57637,21.123306,19.194633,19.081028,18.809227,19.036419,4.0,4.0,4.0,4.0,0.0,4.0,0.0,0.0
22700,2023.0,6.0,7.0,15.0,19.258778,19.37742,20.0039,21.03261,19.19778,19.277441,18.932222,19.061096,20.14266,21.500355,18.485249,18.36496,20.103777,20.019653,19.138899,19.031971,18.115866,18.058624,4.0,0.0,0.0,0.0,0.0,0.0,0.0,0.0
22701,2023.0,6.0,7.0,15.0,19.811163,20.522566,20.039547,21.040712,19.508492,20.04284,19.229296,19.79752,19.080973,19.257208,18.436094,18.318459,20.54514,21.024172,20.095625,20.894424,18.874514,19.602058,0.0,4.0,4.0,0.0,0.0,4.0,4.0,4.0
22702,2023.0,6.0,7.0,15.0,19.988815,20.708223,19.198559,19.366743,19.120012,19.208487,18.82905,18.92536,19.19397,19.731314,18.76524,18.97493,20.823172,21.388607,19.493265,19.464842,20.108004,21.562086,0.0,0.0,0.0,4.0,4.0,4.0,0.0,4.0
22703,2023.0,6.0,7.0,15.0,19.998013,20.711529,18.719671,18.746408,18.819817,18.819386,19.178167,19.753435,20.298426,21.65042,20.1533,21.37551,20.888334,21.45857,19.139532,19.029213,20.280535,21.784883,0.0,0.0,4.0,0.0,0.0,4.0,0.0,0.0
22704,2023.0,6.0,7.0,16.0,19.441193,19.662136,19.000437,19.390985,19.346111,19.887156,18.805136,18.919977,19.171684,19.325804,19.285751,19.527948,20.929104,21.50076,19.047955,18.937582,18.97793,19.13927,4.0,4.0,0.0,0.0,0.0,4.0,0.0,0.0
22705,2023.0,6.0,7.0,16.0,19.875183,20.59926,20.1305,21.345959,19.506481,20.085579,19.21342,19.785444,18.747755,18.66584,19.187511,19.44452,20.950844,21.51849,18.98866,18.877668,18.5345,18.466793,4.0,4.0,4.0,0.0,4.0,4.0,0.0,0.0
22706,2023.0,6.0,7.0,16.0,20.007576,20.715702,20.003754,20.978592,19.538773,20.106821,18.80604,18.89194,18.587057,18.499905,20.102226,21.06274,20.969217,21.532074,18.947577,18.855331,19.22159,19.915285,4.0,4.0,0.0,0.0,4.0,4.0,0.0,4.0
22707,2023.0,6.0,7.0,16.0,19.405058,19.585709,20.038174,20.988863,19.567358,20.12863,18.510172,18.51376,18.486443,18.3987,20.02104,20.842546,20.98296,21.541718,18.90347,18.815685,20.112906,21.371445,0.0,4.0,0.0,0.0,0.0,4.0,0.0,0.0
22708,2023.0,6.0,7.0,16.0,19.784042,20.486248,19.567816,20.00694,19.586647,20.141106,18.411682,18.404152,18.4076,18.323776,19.299868,19.408648,20.28417,20.21169,19.880562,20.7052,19.0315,19.171387,4.0,4.0,0.0,0.0,0.0,0.0,4.0,0.0
22709,2023.0,6.0,7.0,16.0,19.892462,20.598406,20.090088,20.987734,19.042364,19.111557,19.060743,19.670261,18.34901,18.265867,18.90163,18.78357,20.737848,21.208471,19.247923,19.309448,18.583,18.502054,4.0,0.0,4.0,0.0,0.0,4.0,0.0,0.0
22710,2023.0,6.0,7.0,17.0,19.910295,20.605528,20.025665,20.848866,19.385366,19.926302,19.24793,19.818375,18.290266,18.209608,18.753036,18.65057,20.215345,20.104149,18.849245,18.745792,18.405876,18.328457,0.0,4.0,4.0,0.0,0.0,0.0,0.0,0.0
22711,2023.0,6.0,7.0,17.0,19.93223,20.621632,19.271067,19.378881,19.536655,20.079777,18.7006,18.77401,18.239908,18.162878,18.664688,18.569344,19.937574,19.769676,18.756393,18.652697,19.197777,19.928778,0.0,4.0,0.0,0.0,0.0,0.0,0.0,4.0
22712,2023.0,6.0,7.0,17.0,19.342367,19.50242,19.316593,19.623241,19.556576,20.093607,18.468899,18.443619,18.2014,18.126097,18.597061,18.502716,20.583525,21.071249,18.714075,18.609976,20.128803,21.477753,4.0,4.0,0.0,0.0,0.0,4.0,0.0,0.0
22713,2023.0,6.0,7.0,17.0,19.05233,19.145815,20.095543,21.00228,19.024551,19.084427,18.370815,18.340992,18.161572,18.08963,18.527306,18.436697,20.822533,21.375517,18.701107,18.625652,18.990328,19.120148,4.0,0.0,0.0,0.0,0.0,4.0,0.0,0.0
22714,2023.0,6.0,7.0,17.0,19.634775,20.325714,20.006376,20.784313,19.356842,19.876842,19.02836,19.638435,18.86792,19.459486,18.851013,19.106417,20.866787,21.422285,18.678059,18.607906,19.320229,20.053242,4.0,4.0,4.0,4.0,4.0,4.0,0.0,4.0
22715,2023.0,6.0,7.0,17.0,19.826628,20.513113,20.017881,20.779007,19.516272,20.044765,19.204285,19.7595,20.157097,21.55714,20.12762,21.299469,20.885555,21.438103,18.648174,18.580572,20.110155,21.335047,4.0,4.0,4.0,0.0,4.0,4.0,0.0,0.0
22716,2023.0,6.0,7.0,18.0,19.86198,20.543507,20.016054,20.753397,19.53692,20.058939,18.660463,18.721533,19.01123,19.14527,20.022236,20.96529,20.898542,21.44842,18.618744,18.553823,19.770674,20.521944,4.0,4.0,0.0,0.0,0.0,4.0,0.0,4.0
22717,2023.0,6.0,7.0,18.0,21.164295,22.793102,20.0163,20.73542,21.213896,22.971493,21.274876,23.494904,18.403955,18.31112,19.480396,19.812328,21.012869,21.639946,21.330093,23.258505,20.048954,21.068512,4.0,4.0,0.0,0.0,4.0,4.0,4.0,4.0
22718,2023.0,6.0,7.0,18.0,21.002151,22.32395,20.016428,20.719687,21.027136,22.436636,20.99,22.610905,18.285368,18.214312,20.118046,21.100819,21.000816,21.595179,20.98031,22.403688,20.037792,21.024185,4.0,0.0,4.0,0.0,0.0,4.0,4.0,0.0
22719,2023.0,6.0,7.0,18.0,21.04914,22.336584,20.016457,20.705585,21.024408,22.281534,21.036476,22.51948,18.223257,18.154879,19.208569,19.24744,21.032978,21.661945,21.056238,22.41609,19.05199,19.079191,4.0,4.0,4.0,0.0,0.0,0.0,0.0,0.0
22720,2023.0,6.0,7.0,18.0,21.010075,22.162247,20.016197,20.692614,21.02345,22.192627,21.052612,22.44978,18.159798,18.09036,18.74218,18.668417,20.995214,21.546814,21.039356,22.259775,18.516758,18.381786,4.0,4.0,0.0,0.0,0.0,4.0,0.0,0.0
22721,2023.0,6.0,7.0,18.0,21.087385,22.286053,20.063189,20.792383,21.05563,22.185825,21.066595,22.346498,18.104652,18.036001,18.597244,18.507303,21.058258,21.689106,21.095678,22.270058,18.333286,18.191708,0.0,4.0,4.0,0.0,0.0,0.0,0.0,0.0
22722,2023.0,6.0,7.0,19.0,21.034039,22.12599,19.285923,19.272383,21.020512,22.072638,21.050024,22.28494,18.057432,17.99218,18.504845,18.42294,21.024736,21.597868,21.035799,22.088657,18.279934,18.203943,0.0,4.0,0.0,0.0,0.0,0.0,0.0,0.0
22723,2023.0,6.0,7.0,19.0,21.012733,22.028666,19.233421,19.440325,21.02412,22.042986,21.048044,22.228607,18.00846,17.942831,18.810389,19.079193,20.997765,21.514755,21.03587,22.053753,18.206558,18.134874,4.0,4.0,0.0,0.0,4.0,4.0,0.0,0.0
22724,2023.0,6.0,7.0,19.0,21.045382,22.090818,20.099277,20.984848,21.023848,22.01163,21.048586,22.185617,17.964323,17.900124,20.177246,21.428818,21.034779,21.607273,21.036058,22.02603,18.13079,18.06315,4.0,4.0,0.0,0.0,0.0,0.0,0.0,0.0
22725,2023.0,6.0,7.0,19.0,21.012308,21.980692,20.026318,20.785435,21.02376,21.985506,21.014114,22.078959,17.921497,17.857893,19.177376,19.32887,21.029552,21.588882,21.035969,22.003887,19.021097,19.814678,0.0,4.0,4.0,0.0,0.0,0.0,0.0,4.0
22726,2023.0,6.0,7.0,19.0,21.046083,22.05226,19.19435,19.144484,21.04919,22.033178,21.054655,22.148758,17.880764,17.817667,18.589676,18.52859,21.030466,21.58346,21.035795,21.986092,20.100183,21.438852,0.0,0.0,0.0,0.0,0.0,0.0,0.0,4.0
22727,2023.0,6.0,7.0,19.0,21.036165,21.980759,18.821497,18.738852,21.046724,21.96893,21.096376,22.193895,17.839201,17.774532,18.4089,18.313625,21.046854,21.624794,21.07374,22.044086,20.10005,21.292578,0.0,4.0,0.0,0.0,0.0,0.0,0.0,0.0
22728,2023.0,6.0,7.0,20.0,21.01623,21.939346,18.718002,18.641111,21.020426,21.908672,21.030815,22.058498,17.802313,17.739435,18.31184,18.2242,21.092726,21.686886,21.030003,21.94504,19.603045,20.189308,0.0,4.0,0.0,0.0,0.0,4.0,0.0,4.0
22729,2023.0,6.0,7.0,20.0,21.01878,21.93529,19.072725,19.390404,21.023687,21.900902,21.039656,22.067707,17.762466,17.698595,18.217346,18.12786,21.026012,21.577269,21.0362,21.949127,20.083332,21.132833,4.0,4.0,0.0,0.0,0.0,0.0,0.0,4.0
22730,2023.0,6.0,7.0,20.0,21.045607,22.000689,20.122068,21.16699,21.049294,21.95825,21.038338,22.055267,17.723263,17.65893,18.131172,18.04073,21.002783,21.507973,20.99517,21.832724,20.0405,21.013094,4.0,0.0,0.0,0.0,0.0,4.0,4.0,0.0
22731,2023.0,6.0,7.0,20.0,21.040325,21.973434,20.011616,20.832808,21.018465,21.857208,21.038424,22.045357,18.459911,19.085335,18.052288,17.961967,21.03865,21.602303,21.052828,21.961973,18.922571,18.8085,4.0,4.0,0.0,4.0,0.0,0.0,0.0,0.0
22732,2023.0,6.0,7.0,20.0,21.04076,21.956785,20.02566,20.78691,21.024364,21.856298,21.038334,22.03552,20.209202,21.944923,17.979437,17.887907,21.033518,21.585909,21.003107,21.817356,18.345535,18.108696,4.0,4.0,0.0,0.0,0.0,0.0,4.0,0.0
22733,2023.0,6.0,7.0,20.0,21.01345,21.86616,20.023808,20.731853,21.04979,21.916044,21.03846,22.026756,18.619404,18.585926,17.913252,17.821634,21.034405,21.581083,21.012177,21.828331,19.04768,19.608198,4.0,0.0,0.0,0.0,0.0,0.0,4.0,4.0
22734,2023.0,6.0,7.0,21.0,21.019266,21.870646,20.042292,20.74595,21.044397,21.888,21.012486,21.946157,17.856586,17.615532,17.845062,17.74376,21.024527,21.57565,21.0115,21.822596,20.10669,21.274462,0.0,0.0,4.0,0.0,0.0,0.0,4.0,4.0
22735,2023.0,6.0,7.0,21.0,21.019112,21.865725,19.432528,19.519922,21.045084,21.872208,21.043795,22.025713,17.839455,17.741373,18.141241,18.347713,21.02599,21.587278,21.01207,21.818943,20.00306,20.965406,4.0,0.0,0.0,0.0,4.0,0.0,4.0,4.0
22736,2023.0,6.0,7.0,21.0,21.046867,21.936266,20.1246,20.95936,21.007168,21.78633,21.050411,22.004213,17.805588,17.709257,20.311043,21.939873,21.0261,21.593388,21.052605,21.921793,20.052275,21.01981,0.0,4.0,0.0,0.0,4.0,0.0,0.0,0.0
22737,2023.0,6.0,7.0,21.0,21.04156,21.912664,19.102674,18.907364,21.026913,21.810205,21.049126,21.973087,17.736227,17.636694,20.026184,21.246695,21.017962,21.554577,21.044817,21.88904,18.858912,18.661959,0.0,4.0,0.0,0.0,0.0,4.0,0.0,0.0
22738,2023.0,6.0,7.0,21.0,21.042183,21.900259,19.143475,19.346188,21.02486,21.796238,21.036152,21.950157,18.367691,18.875616,18.706055,18.552631,21.04162,21.615232,21.045622,21.872894,19.162865,19.659462,4.0,4.0,0.0,4.0,0.0,0.0,0.0,4.0
22739,2023.0,6.0,7.0,21.0,21.014854,21.81297,20.120396,21.038765,21.05132,21.859915,21.012222,21.88127,20.207281,21.869158,18.180235,18.035997,21.037106,21.591116,21.045488,21.857145,20.092154,21.139753,0.0,0.0,4.0,4.0,0.0,0.0,0.0,4.0
22740,2023.0,6.0,7.0,22.0,21.048512,21.894361,19.276775,19.320238,21.020258,21.762836,21.043098,21.966269,20.03586,21.328987,18.086725,17.948303,21.007172,21.500107,21.005291,21.736446,20.006025,20.890417,0.0,4.0,0.0,0.0,0.0,4.0,4.0,4.0
22741,2023.0,6.0,7.0,22.0,21.041862,21.870579,18.769001,18.639357,21.052052,21.837551,21.025734,21.879951,18.610723,18.430605,18.262875,18.371912,21.043177,21.589764,21.013323,21.752295,20.053171,20.956812,0.0,0.0,4.0,0.0,4.0,0.0,4.0,0.0
22742,2023.0,6.0,7.0,22.0,21.042645,21.861155,18.59338,18.429626,21.046135,21.812313,21.055532,21.940926,17.892668,17.549875,20.318214,21.843103,21.03777,21.569883,21.013039,21.7536,19.557465,19.915863,0.0,0.0,0.0,0.0,0.0,0.0,4.0,4.0
22743,2023.0,6.0,7.0,22.0,21.002079,21.778212,18.48497,18.31235,21.046839,21.800556,21.049612,21.908472,18.535515,18.96063,18.957815,19.072836,21.038431,21.562998,21.053965,21.863607,20.126062,21.08498,0.0,0.0,0.0,4.0,0.0,0.0,0.0,0.0
22744,2023.0,6.0,7.0,22.0,21.050533,21.884844,18.395744,18.217787,21.032204,21.789225,21.050169,21.89132,20.198988,21.723606,18.507883,18.624043,21.02577,21.556414,21.046026,21.836296,18.889654,18.63528,0.0,0.0,0.0,0.0,4.0,0.0,0.0,0.0
22745,2023.0,6.0,7.0,22.0,21.20397,22.179062,18.317734,18.135227,21.24018,22.214993,21.230516,22.26719,18.602314,18.413044,20.288017,21.67982,21.005747,21.503746,21.233585,22.198736,18.259562,17.890675,0.0,0.0,0.0,0.0,0.0,4.0,0.0,0.0
22746,2023.0,6.0,7.0,23.0,21.043034,21.840603,18.24961,18.062332,21.033516,21.802088,21.036646,21.8822,17.81966,17.44886,18.997417,19.08343,21.045937,21.599262,21.04612,21.807375,18.265919,18.117773,0.0,0.0,0.0,0.0,0.0,0.0,0.0,0.0
22747,2023.0,6.0,7.0,23.0,20.279966,20.393908,18.189873,18.000761,20.189512,20.18731,20.12021,20.129871,17.830334,17.668005,18.28779,18.1456,20.03963,19.651804,20.124966,20.051344,18.930513,19.424242,0.0,0.0,0.0,0.0,0.0,0.0,0.0,4.0
22748,2023.0,6.0,7.0,23.0,19.925837,19.913486,18.143421,17.952723,19.761314,19.575289,19.66538,19.489378,17.807962,17.667542,18.407997,18.492287,19.661978,19.176525,19.760857,19.603407,18.185808,17.877373,0.0,0.0,0.0,0.0,4.0,0.0,0.0,0.0
22749,2023.0,6.0,7.0,23.0,19.750551,19.724983,18.097534,17.905272,19.56245,19.353657,19.453514,19.255922,17.736416,17.594465,18.117117,17.953741,19.775673,19.573845,19.572573,19.413109,17.88097,17.516483,0.0,0.0,0.0,0.0,0.0,0.0,0.0,0.0
22750,2023.0,6.0,7.0,23.0,19.6224,19.599215,18.056376,17.864676,19.423603,19.216803,19.303999,19.108917,18.260569,18.637056,17.963684,17.79483,19.723001,19.53724,19.419992,19.2599,17.758324,17.400576,0.0,0.0,0.0,4.0,0.0,0.0,0.0,0.0
22751,2023.0,6.0,7.0,23.0,19.507421,19.480854,18.014683,17.821417,19.299587,19.089268,19.170542,18.971941,18.462132,18.90063,18.183233,18.291206,19.63257,19.444878,19.28399,19.120613,17.87446,17.744287,0.0,0.0,0.0,4.0,4.0,0.0,0.0,0.0
22752,2023.0,6.0,8.0,0.0,19.412487,19.388716,17.977243,17.784903,19.196903,18.990335,19.06015,18.865797,18.24655,18.408081,17.892765,17.728056,19.551573,19.364923,19.168327,19.006924,17.835558,17.697649,0.0,0.0,0.0,4.0,0.0,0.0,0.0,0.0
22753,2023.0,6.0,8.0,0.0,19.327248,19.305239,17.94139,17.749796,19.104115,18.900427,18.960703,18.769506,17.648746,17.316917,17.75905,17.588879,19.476542,19.290634,19.064035,18.90402,17.778809,17.641157,0.0,0.0,0.0,0.0,0.0,0.0,0.0,0.0
22754,2023.0,6.0,8.0,0.0,19.24945,19.22864,17.906641,17.715658,19.019436,18.818047,18.870213,18.68149,17.407093,17.031227,17.680357,17.510887,19.407272,19.221716,18.969173,18.810015,18.45647,18.965364,0.0,0.0,0.0,0.0,0.0,0.0,0.0,4.0
22755,2023.0,6.0,8.0,0.0,19.177063,19.156916,17.872478,17.681816,18.941086,18.741138,18.786837,18.59958,17.285501,16.908937,17.901276,17.986162,19.342768,19.15696,18.881878,18.722763,17.934446,17.83261,0.0,0.0,0.0,0.0,4.0,0.0,0.0,0.0
22756,2023.0,6.0,8.0,0.0,19.108047,19.08701,17.838448,17.647257,18.867155,18.666971,18.708658,18.520964,17.417067,17.269295,17.65519,17.489943,19.28186,19.09465,18.80028,18.639757,17.547781,17.20527,0.0,0.0,0.0,0.0,0.0,0.0,0.0,0.0
22757,2023.0,6.0,8.0,0.0,19.04649,19.027658,17.807005,17.616764,18.801561,18.604292,18.639599,18.45479,17.406164,17.260746,17.539185,17.368658,19.227367,19.041025,18.727634,18.568525,18.164476,18.481674,0.0,0.0,0.0,0.0,0.0,0.0,0.0,4.0
22758,2023.0,6.0,8.0,1.0,18.98773,18.969843,17.775711,17.585812,18.739151,18.543507,18.574013,18.390768,17.363081,17.217478,17.76471,17.844978,19.175665,18.989351,18.65923,18.500477,17.584494,17.256512,0.0,0.0,0.0,0.0,4.0,0.0,0.0,0.0
22759,2023.0,6.0,8.0,1.0,18.928259,18.907,17.74231,17.549858,18.67554,18.476412,18.50742,18.32031,17.318832,17.170559,17.861462,17.984983,19.124205,18.935003,18.591906,18.430017,17.36349,17.00586,0.0,0.0,0.0,0.0,4.0,0.0,0.0,0.0
22760,2023.0,6.0,8.0,1.0,18.879776,18.862955,17.71564,17.526203,18.624756,18.431559,18.454397,18.273342,17.280754,17.134802,17.307802,16.90955,19.081,18.894405,18.534859,18.376152,17.486313,17.344316,0.0,0.0,0.0,0.0,0.0,0.0,0.0,0.0
22761,2023.0,6.0,8.0,1.0,18.829773,18.813074,17.686775,17.497313,18.572046,18.379763,18.399342,18.219141,17.830494,18.202156,17.072277,16.632204,19.037401,18.850517,18.47802,18.319128,17.473965,17.334417,0.0,0.0,0.0,4.0,0.0,0.0,0.0,0.0
22762,2023.0,6.0,8.0,1.0,18.782751,18.76653,17.65828,17.4692,18.522293,18.331274,18.347275,18.16839,17.415476,17.291471,17.546755,17.644415,18.996214,18.809376,18.424574,18.265911,17.432354,17.292273,0.0,0.0,0.0,0.0,4.0,0.0,0.0,0.0
22763,2023.0,6.0,8.0,1.0,18.73797,18.721945,17.629963,17.4413,18.47476,18.284903,18.297516,18.11987,17.863064,18.234217,17.690193,17.811172,18.95684,18.77004,18.373734,18.215284,17.392603,17.252512,0.0,0.0,0.0,4.0,4.0,0.0,0.0,0.0
22764,2023.0,6.0,8.0,2.0,18.695692,18.680367,17.60287,17.414804,18.42991,18.241798,18.250835,18.074934,17.224852,16.892326,17.709679,17.832312,18.919569,18.733318,18.325802,18.168184,17.354368,17.21482,0.0,0.0,0.0,0.0,4.0,0.0,0.0,0.0
22765,2023.0,6.0,8.0,2.0,18.65293,18.63603,17.574558,17.384823,18.38452,18.195745,18.203938,18.02726,17.576632,17.722212,17.157963,16.758686,18.881884,18.694437,18.277992,18.119373,17.315685,17.175007,0.0,0.0,0.0,4.0,0.0,0.0,0.0,0.0
22766,2023.0,6.0,8.0,2.0,18.611298,18.592983,17.546186,17.354658,18.340435,18.150976,18.158577,17.981108,17.107836,16.739523,16.921515,16.476763,18.84501,18.656479,18.231638,18.072197,18.010107,18.515032,0.0,0.0,0.0,0.0,0.0,0.0,0.0,4.0
22767,2023.0,6.0,8.0,2.0,18.570644,18.5508,17.517403,17.324278,18.297523,18.107292,18.114468,17.93616,16.911333,16.525558,17.065132,16.865183,18.808672,18.619034,18.186327,18.026041,17.505486,17.405813,0.0,0.0,0.0,0.0,0.0,0.0,0.0,0.0
22768,2023.0,6.0,8.0,2.0,18.530237,18.508507,17.487844,17.293003,18.255297,18.063816,18.071152,17.89152,17.43196,17.581848,17.084818,16.90798,18.772408,18.58135,18.141504,17.980013,17.13295,16.787416,0.0,0.0,0.0,4.0,0.0,0.0,0.0,0.0
22769,2023.0,6.0,8.0,2.0,18.491314,18.468493,17.458818,17.262802,18.214811,18.0228,18.029633,17.849451,16.965136,16.588873,17.045044,16.867928,18.736975,18.545069,18.09802,17.935984,16.999554,16.640503,0.0,0.0,0.0,0.0,0.0,0.0,0.0,0.0
22770,2023.0,6.0,8.0,3.0,18.45253,18.427725,17.429333,17.23145,18.174402,17.981033,17.988066,17.80658,17.384935,17.527273,17.003122,16.824463,18.701118,18.507761,18.0544,17.891127,17.129738,16.986135,0.0,0.0,0.0,4.0,0.0,0.0,0.0,0.0
22771,2023.0,6.0,8.0,3.0,18.419233,18.397238,17.405094,17.21045,18.139767,17.950012,17.952192,17.774403,16.924429,16.550653,16.965298,16.789516,18.669497,18.478685,18.015093,17.85433,17.857117,18.359585,0.0,0.0,0.0,0.0,0.0,0.0,0.0,4.0
22772,2023.0,6.0,8.0,3.0,18.388065,18.369318,17.38291,17.192343,18.107494,17.921951,17.918886,17.745298,16.748514,16.370485,16.930115,16.757614,18.639765,18.451822,17.977854,17.819862,17.157938,16.859587,0.0,0.0,0.0,0.0,0.0,0.0,0.0,0.0
22773,2023.0,6.0,8.0,3.0,18.357279,18.341385,17.36109,17.174328,18.07597,17.894123,17.88662,17.716599,17.512386,17.904673,16.896467,16.72676,18.611021,18.425568,17.941717,17.786015,16.921991,16.577034,0.0,0.0,0.0,4.0,0.0,0.0,0.0,0.0
22774,2023.0,6.0,8.0,3.0,18.339518,18.338713,17.339746,17.156733,18.045372,17.867132,17.855257,17.688786,17.150885,17.049006,16.86494,16.698006,18.583675,18.40071,17.90715,17.753725,17.54509,17.819408,0.0,0.0,0.0,0.0,0.0,0.0,0.0,4.0
22775,2023.0,6.0,8.0,3.0,18.319485,18.32677,17.318565,17.138935,18.015158,17.840054,17.8243,17.6609,17.366056,17.522717,16.835152,16.670637,18.557438,18.376694,17.873768,17.722284,17.776525,18.11802,0.0,0.0,0.0,4.0,0.0,0.0,0.0,4.0
22776,2023.0,6.0,8.0,4.0,18.293636,18.303265,17.298649,17.123154,17.986921,17.816046,17.795732,17.636383,16.87671,16.532625,17.101984,17.19565,18.533447,18.355825,17.842972,17.694527,17.107054,16.796524,0.0,0.0,0.0,0.0,4.0,0.0,0.0,0.0
22777,2023.0,6.0,8.0,4.0,18.264093,18.272413,17.274517,17.098392,17.954767,17.783484,17.763536,17.60356,16.69885,16.34225,16.90184,16.754318,18.506882,18.328691,17.80996,17.661089,17.657173,17.989285,0.0,0.0,0.0,0.0,0.0,0.0,0.0,4.0
22778,2023.0,6.0,8.0,4.0,18.23118,18.235842,17.246374,17.066076,17.918814,17.743624,17.72766,17.563564,16.618118,16.25892,16.802801,16.63745,18.478163,18.29757,17.774965,17.623829,17.82925,18.174183,0.0,0.0,0.0,0.0,0.0,0.0,0.0,4.0
22779,2023.0,6.0,8.0,4.0,18.200033,18.203398,17.221418,17.040619,17.886782,17.711563,17.695976,17.531593,16.776272,16.644604,16.76738,16.602201,18.451122,18.270115,17.741894,17.590557,17.879875,18.218615,0.0,0.0,0.0,0.0,0.0,0.0,0.0,4.0
22780,2023.0,6.0,8.0,4.0,18.168015,18.169582,17.194962,17.01253,17.853697,17.677217,17.663507,17.497534,16.77009,16.625471,17.05039,17.164543,18.423187,18.24122,17.708122,17.556057,17.918432,18.25237,0.0,0.0,0.0,0.0,4.0,0.0,0.0,4.0
22781,2023.0,6.0,8.0,4.0,18.137564,18.138847,17.169975,16.987411,17.822493,17.646479,17.63312,17.467218,16.743279,16.59869,17.140308,17.264023,18.396103,18.214344,17.675474,17.52396,17.2026,16.884274,0.0,0.0,0.0,0.0,4.0,0.0,0.0,0.0
22782,2023.0,6.0,8.0,5.0,18.105608,18.105042,17.143658,16.959217,18.495857,18.938238,17.6012,17.43361,16.714767,16.56925,16.866102,16.728025,18.367641,18.18489,17.641508,17.489227,16.952805,16.59299,0.0,4.0,0.0,0.0,0.0,0.0,0.0,0.0
22783,2023.0,6.0,8.0,5.0,18.775213,19.385876,17.579424,17.794996,18.095818,18.050123,17.573553,17.40891,16.689032,16.546192,16.7489,16.58535,18.343157,18.163155,18.609924,19.341343,16.850208,16.501074,4.0,0.0,0.0,0.0,0.0,0.0,4.0,0.0
22784,2023.0,6.0,8.0,5.0,18.987707,19.640718,17.349478,17.280573,17.613277,17.187834,17.547325,17.386595,16.665571,16.52572,16.707203,16.54666,18.321062,18.144192,17.754757,17.484602,16.770931,16.433153,0.0,0.0,0.0,0.0,0.0,0.0,0.0,0.0
22785,2023.0,6.0,8.0,5.0,18.175367,18.016277,17.18495,17.02108,17.451069,16.988564,17.521318,17.364456,16.644531,16.50756,16.958887,17.04915,18.300646,18.126837,17.465908,17.11423,16.89351,16.753765,0.0,0.0,0.0,0.0,4.0,0.0,0.0,0.0
22786,2023.0,6.0,8.0,5.0,18.596407,18.948181,17.137447,16.967165,17.611208,17.386992,17.495539,17.342377,16.625805,16.491684,16.76544,16.626276,18.2817,18.110899,17.383684,17.039652,16.8997,16.77049,0.0,0.0,0.0,0.0,0.0,0.0,0.0,0.0
22787,2023.0,6.0,8.0,5.0,18.071878,17.891937,17.107517,16.940716,17.661512,17.493345,17.47071,17.321516,17.181585,17.552176,16.962246,17.060966,19.01149,19.50926,17.499105,17.34114,16.871403,16.744764,0.0,0.0,0.0,4.0,4.0,4.0,0.0,0.0
22788,2023.0,6.0,8.0,6.0,17.831257,17.55977,17.082367,16.919197,17.649887,17.491858,17.44626,17.300798,16.824394,16.740057,16.772121,16.644678,18.52245,18.431704,17.51718,17.37987,17.569904,18.085032,0.0,0.0,0.0,0.0,0.0,0.0,0.0,4.0
22789,2023.0,6.0,8.0,6.0,21.275387,23.712484,17.058859,16.89866,21.260918,23.89784,21.24939,24.04211,16.688372,16.56311,16.96301,17.065172,21.30947,23.245083,21.51951,24.252338,20.313158,22.780289,0.0,0.0,0.0,0.0,4.0,4.0,0.0,0.0
22790,2023.0,6.0,8.0,6.0,21.09558,23.033266,17.034357,16.876686,21.088608,23.146646,21.083517,23.2774,16.654947,16.531267,20.357693,22.815416,21.084635,22.657413,21.104998,23.202677,18.07872,18.006805,0.0,0.0,0.0,0.0,4.0,0.0,0.0,0.0
22791,2023.0,6.0,8.0,6.0,21.055807,22.750036,17.012362,16.855648,21.036337,22.766426,21.06449,22.964756,17.24192,17.658163,20.005901,21.77743,21.031713,22.333155,21.024054,22.762268,17.866724,18.22222,0.0,4.0,0.0,4.0,4.0,4.0,4.0,4.0
22792,2023.0,6.0,8.0,6.0,21.048641,22.603788,16.993834,16.838543,21.058268,22.666584,21.05668,22.768398,20.322216,22.83508,20.076145,21.664536,21.060665,22.271631,21.074217,22.697693,21.342525,24.297558,0.0,0.0,0.0,0.0,0.0,0.0,0.0,0.0
22793,2023.0,6.0,8.0,6.0,21.021751,22.438429,16.97709,16.822573,21.043264,22.468672,21.055693,22.639627,18.117138,18.1038,18.421463,18.292429,21.053452,22.148115,21.062979,22.532015,19.389093,19.878517,0.0,4.0,0.0,0.0,0.0,0.0,0.0,4.0
22794,2023.0,6.0,8.0,7.0,21.025967,22.38715,17.41477,17.655441,21.044853,22.371836,21.054405,22.545296,17.06378,16.745127,17.728607,17.548496,21.022367,21.98517,21.061934,22.422373,20.221962,21.816174,4.0,4.0,0.0,0.0,0.0,4.0,0.0,0.0
22795,2023.0,6.0,8.0,7.0,21.17109,22.62646,20.293364,22.579115,21.19329,22.596989,21.180208,22.72927,17.05239,16.908209,17.598663,17.429932,21.17114,22.228119,21.21848,22.679358,18.533466,18.382357,0.0,4.0,0.0,0.0,0.0,4.0,0.0,0.0
22796,2023.0,6.0,8.0,7.0,21.030293,22.266476,18.608953,18.917192,21.041233,22.235071,21.051785,22.418226,17.051123,16.927937,17.481373,17.319563,21.053576,21.965136,21.047606,22.286997,17.718441,17.379427,0.0,4.0,0.0,0.0,0.0,0.0,0.0,0.0
22797,2023.0,6.0,8.0,7.0,21.035772,22.24086,17.62284,17.546116,21.040405,22.193834,21.051168,22.379353,17.79425,18.38134,17.772615,17.954638,21.047707,21.91195,21.046782,22.249392,17.678873,17.530144,0.0,4.0,0.0,4.0,4.0,0.0,0.0,0.0
22798,2023.0,6.0,8.0,7.0,21.034136,22.211155,17.861961,18.118013,21.039488,22.160751,21.050636,22.348368,20.318493,22.582752,20.281206,22.25142,21.017054,21.797714,21.006666,22.112034,18.597347,19.33623,4.0,4.0,0.0,0.0,0.0,4.0,4.0,4.0
22799,2023.0,6.0,8.0,7.0,21.060188,22.260906,20.267849,22.26579,21.038593,22.133331,21.049618,22.3206,18.262897,18.223299,19.014595,19.482517,21.021196,21.785807,21.06519,22.216366,20.203943,21.931799,4.0,4.0,0.0,0.0,4.0,4.0,0.0,0.0
22800,2023.0,6.0,8.0,8.0,21.054054,22.223719,20.016747,21.500214,21.037697,22.110409,21.048855,22.297184,17.284563,16.962173,20.243042,21.928377,21.050098,21.844355,21.054192,22.155886,18.465563,18.33452,4.0,4.0,0.0,0.0,0.0,0.0,0.0,0.0
22801,2023.0,6.0,8.0,8.0,20.275133,20.679922,20.049711,21.391344,20.155499,20.402493,20.340603,20.890005,17.260338,17.103765,18.89712,19.055069,19.923342,19.65326,20.491653,20.99912,18.539183,18.995226,4.0,4.0,4.0,0.0,4.0,0.0,4.0,4.0
22802,2023.0,6.0,8.0,8.0,19.315443,19.168459,20.060928,21.3085,19.714195,19.889227,19.401457,19.393015,18.007017,18.541826,20.236631,21.756805,20.077559,20.309364,20.274643,20.782671,20.182644,21.740353,0.0,4.0,0.0,4.0,0.0,4.0,4.0,4.0
22803,2023.0,6.0,8.0,8.0,18.87671,18.654097,18.702911,18.614508,18.987833,18.661428,18.703373,18.356337,20.285536,22.341673,19.003788,19.15523,19.541504,19.228931,20.223043,20.746178,20.039581,21.328058,0.0,0.0,0.0,0.0,4.0,0.0,4.0,0.0
22804,2023.0,6.0,8.0,8.0,19.354437,19.72795,18.295488,18.295006,19.20547,19.347692,19.012587,19.176697,18.978027,19.443483,20.273842,21.64392,19.174076,18.782902,20.188028,20.72531,18.634573,18.509848,4.0,4.0,4.0,4.0,0.0,0.0,4.0,0.0
22805,2023.0,6.0,8.0,8.0,19.512539,19.94465,20.22531,21.80865,19.338062,19.565462,18.547358,18.270771,20.248114,21.963942,19.086102,19.2318,19.777979,20.050148,19.28257,19.063358,17.943975,17.658415,0.0,4.0,0.0,0.0,4.0,4.0,0.0,0.0
22806,2023.0,6.0,8.0,9.0,18.894258,18.820263,18.725412,18.696136,19.307262,19.553814,18.188784,17.836882,18.606228,18.56493,20.253206,21.525036,19.337618,19.067883,18.791092,18.466911,17.738188,17.444813,0.0,4.0,0.0,0.0,0.0,0.0,0.0,0.0
22807,2023.0,6.0,8.0,9.0,18.529562,18.361055,18.060238,17.94203,18.67486,18.417198,18.047112,17.706333,17.782776,17.50472,18.879599,18.795507,19.017334,18.662514,18.602728,18.278862,18.662184,19.320778,0.0,0.0,0.0,0.0,0.0,0.0,0.0,4.0
22808,2023.0,6.0,8.0,9.0,18.420273,18.261171,17.954035,17.840584,19.028913,19.242691,18.13,17.973589,17.745317,17.58503,18.457083,18.266083,18.933931,18.577644,18.50205,18.18746,20.200012,21.88229,0.0,4.0,0.0,0.0,0.0,0.0,0.0,0.0
22809,2023.0,6.0,8.0,9.0,18.48741,18.50473,18.28214,18.554466,19.202421,19.501657,18.132002,18.020298,17.702543,17.567638,18.342302,18.174868,19.039383,18.856737,19.399525,19.970718,18.648138,18.632282,4.0,4.0,0.0,0.0,0.0,0.0,4.0,0.0
22810,2023.0,6.0,8.0,9.0,18.487144,18.54469,20.233118,21.967588,19.204239,19.522339,18.083824,17.98215,17.645973,17.513678,18.244944,18.075415,19.070644,18.92002,19.695406,20.34285,18.088284,17.822191,0.0,4.0,0.0,0.0,0.0,0.0,4.0,0.0
22811,2023.0,6.0,8.0,9.0,19.17106,19.880716,18.930801,19.210047,19.197971,19.529926,18.026604,17.933495,17.585737,17.45718,18.153555,17.990152,19.056501,18.910542,18.900955,18.767311,18.011011,17.86309,0.0,4.0,0.0,0.0,0.0,0.0,0.0,0.0
22812,2023.0,6.0,8.0,10.0,19.160883,19.69855,18.265184,18.17449,19.194757,19.53896,17.977512,17.888405,17.545803,17.41575,18.093992,17.928028,19.044096,18.899292,18.565565,18.284098,17.954384,17.820728,0.0,4.0,0.0,0.0,0.0,0.0,0.0,0.0
22813,2023.0,6.0,8.0,10.0,18.559353,18.566526,18.10654,18.019053,18.612316,18.467808,17.935205,17.855246,17.516764,17.389868,18.049551,17.888752,19.035141,18.892334,18.471458,18.201633,17.89237,17.764414,0.0,0.0,0.0,0.0,0.0,0.0,0.0,0.0
22814,2023.0,6.0,8.0,10.0,18.342432,18.281778,18.435648,18.741138,18.347126,18.10608,17.895288,17.822752,18.235739,18.765457,18.01344,17.854944,19.811577,20.371931,18.408424,18.14871,18.761995,19.455008,4.0,0.0,0.0,4.0,0.0,4.0,0.0,4.0
22815,2023.0,6.0,8.0,10.0,18.254982,18.201496,20.226679,21.89087,18.87718,19.199821,17.858269,17.792715,20.224602,22.187521,17.984583,17.82715,19.247063,19.131907,18.465887,18.318365,20.186745,21.82895,0.0,4.0,0.0,0.0,0.0,0.0,0.0,0.0
22816,2023.0,6.0,8.0,10.0,18.192852,18.15775,18.98271,19.269682,19.096758,19.494408,18.507833,19.050138,19.180235,19.778727,18.324543,18.487387,19.654327,20.043056,18.47664,18.346392,18.757359,18.81474,0.0,4.0,4.0,4.0,4.0,4.0,0.0,0.0
22817,2023.0,6.0,8.0,10.0,18.254698,18.333996,18.375374,18.340971,18.563328,18.49375,18.138025,18.224354,20.221035,21.714933,20.207785,21.778025,19.151289,18.957891,18.459885,18.332237,18.224876,18.007736,0.0,0.0,0.0,0.0,0.0,0.0,0.0,0.0
22818,2023.0,6.0,8.0,11.0,18.274117,18.38899,18.16365,18.110727,18.243105,18.074492,18.399536,18.839901,18.871853,18.936071,19.093237,19.339989,18.922882,18.656784,18.43957,18.313126,18.129572,17.987938,0.0,0.0,4.0,0.0,0.0,0.0,0.0,0.0
22819,2023.0,6.0,8.0,11.0,18.25683,18.380253,18.050999,17.993542,18.148464,17.976778,17.956942,17.919575,19.015793,19.40043,18.544584,18.416096,18.911306,18.649435,18.42529,18.29905,18.0796,17.947033,0.0,0.0,0.0,4.0,0.0,0.0,0.0,0.0
22820,2023.0,6.0,8.0,11.0,18.977093,19.760345,18.413628,18.751572,18.88007,19.424746,18.42574,18.883278,20.148201,21.40975,18.42418,18.267214,19.805244,20.36176,18.413795,18.288391,18.029964,17.899916,4.0,4.0,4.0,0.0,0.0,4.0,0.0,0.0
22821,2023.0,6.0,8.0,11.0,18.515947,18.656582,20.218609,21.877394,19.054873,19.536598,18.641565,19.135283,19.600567,20.171745,18.355036,18.194283,20.075966,20.590189,18.403772,18.27922,17.983534,17.855873,0.0,4.0,4.0,4.0,0.0,4.0,0.0,0.0
22822,2023.0,6.0,8.0,11.0,18.208246,18.267525,19.206398,19.667747,19.058046,19.536499,18.695456,19.197426,20.108284,21.206001,18.312288,18.1514,19.417942,19.269175,18.39679,18.272953,18.850908,19.526733,4.0,4.0,4.0,0.0,0.0,0.0,0.0,4.0
22823,2023.0,6.0,8.0,11.0,18.848888,19.522783,20.203712,21.666798,18.533237,18.538336,18.74715,19.259512,19.09492,19.154549,18.285055,18.124695,19.165026,18.93173,18.392544,18.269594,20.108398,21.502117,0.0,0.0,4.0,0.0,0.0,0.0,0.0,4.0
22824,2023.0,6.0,8.0,12.0,18.481209,18.637783,19.302416,19.74364,18.88353,19.36438,18.217297,18.243015,19.20972,19.647085,18.268696,18.110046,19.87726,20.308529,19.442234,20.257952,20.031479,21.21284,4.0,4.0,0.0,4.0,0.0,4.0,4.0,0.0
22825,2023.0,6.0,8.0,12.0,21.261053,23.66998,20.179178,21.521591,21.25809,23.397118,21.264713,23.756517,20.114338,21.201515,18.258343,18.10122,21.161058,22.434301,21.359278,23.418043,18.973078,19.053337,0.0,4.0,4.0,0.0,0.0,4.0,0.0,0.0
22826,2023.0,6.0,8.0,12.0,20.996342,22.83489,19.047955,19.21779,21.003538,22.646023,21.000057,22.898186,19.74676,20.344336,18.253859,18.09835,21.028448,22.033705,21.026066,22.49648,18.397392,18.248283,0.0,4.0,4.0,4.0,0.0,0.0,0.0,0.0
22827,2023.0,6.0,8.0,12.0,21.060486,22.786377,18.893328,19.303019,21.036003,22.549234,21.042599,22.772987,20.084946,21.03185,18.253284,18.099876,21.031406,21.92529,21.044376,22.362352,18.252893,18.09528,4.0,4.0,4.0,0.0,0.0,0.0,0.0,0.0
22828,2023.0,6.0,8.0,12.0,21.048998,22.627792,20.173376,21.557356,21.030516,22.42893,21.060343,22.688623,19.110825,19.069061,18.255875,18.10484,21.030565,21.832783,21.040562,22.234152,18.222998,18.098854,0.0,4.0,0.0,0.0,0.0,0.0,0.0,0.0
22829,2023.0,6.0,8.0,12.0,21.02227,22.458868,19.122091,19.39223,21.029444,22.349056,21.054434,22.573614,18.656776,18.492702,18.26194,18.113113,21.028936,21.759548,21.034248,22.143993,19.157534,19.90135,0.0,4.0,0.0,0.0,0.0,0.0,0.0,4.0
22830,2023.0,6.0,8.0,13.0,21.025469,22.402258,18.924326,19.357239,21.027452,22.287933,21.052301,22.492067,18.570843,18.433348,18.26932,18.123423,21.022512,21.701586,21.03327,22.083128,20.107224,21.348618,4.0,4.0,0.0,0.0,0.0,0.0,0.0,0.0
22831,2023.0,6.0,8.0,13.0,21.215918,22.757584,20.175528,21.553099,21.219355,22.647608,21.254911,22.819649,18.51211,18.37976,18.276827,18.133358,21.240181,22.099604,21.319063,22.606018,19.07167,19.192575,0.0,0.0,4.0,0.0,0.0,0.0,0.0,0.0
22832,2023.0,6.0,8.0,13.0,21.017262,22.29473,19.400415,19.890408,21.044657,22.253147,21.054743,22.39367,18.458042,18.328493,18.285944,18.144806,21.107971,21.762733,21.031944,21.985765,18.51868,18.405636,4.0,0.0,0.0,0.0,0.0,4.0,0.0,0.0
22833,2023.0,6.0,8.0,13.0,21.049368,22.353064,20.157778,21.42868,21.04472,22.221273,21.023552,22.279491,18.413925,18.286798,18.29554,18.157722,21.017433,21.582613,21.031898,21.955904,18.391901,18.278425,0.0,0.0,4.0,0.0,0.0,0.0,0.0,0.0
22834,2023.0,6.0,8.0,13.0,21.015467,22.239231,19.14025,19.36226,21.018457,22.123478,21.028393,22.267683,18.379179,18.256166,18.305449,18.17026,21.024857,21.574974,21.031357,21.929705,18.343521,18.235859,0.0,4.0,4.0,0.0,0.0,0.0,0.0,0.0
22835,2023.0,6.0,8.0,13.0,21.020412,22.233082,19.020655,19.473177,21.022581,22.11731,21.05246,22.31822,18.349453,18.229479,18.314726,18.18343,21.023003,21.55135,21.030396,21.90657,18.303005,18.196976,4.0,4.0,0.0,0.0,0.0,0.0,0.0,0.0
22836,2023.0,6.0,8.0,14.0,21.01973,22.218525,20.138672,21.4199,21.047031,22.175028,21.020754,22.215256,18.325762,18.210274,18.322702,18.195137,21.019339,21.534092,21.030325,21.888052,18.27153,18.169228,4.0,0.0,4.0,0.0,0.0,0.0,0.0,0.0
22837,2023.0,6.0,8.0,14.0,20.536703,21.27971,20.024597,21.115688,20.023304,20.193933,19.902058,20.086075,18.304892,18.19277,18.329773,18.204535,20.447803,20.420542,20.144886,20.16193,18.244633,18.145287,0.0,0.0,0.0,0.0,0.0,0.0,0.0,0.0
22838,2023.0,6.0,8.0,14.0,19.755413,19.986988,19.142096,19.361895,20.037321,20.576468,19.880959,20.439774,18.285929,18.176882,18.33513,18.212357,20.161045,20.044762,19.69277,19.59204,18.21919,18.122091,0.0,4.0,4.0,0.0,0.0,0.0,0.0,0.0
22839,2023.0,6.0,8.0,14.0,20.120255,20.851234,18.734606,18.780611,19.541723,19.647655,19.364138,19.477924,18.270697,18.16445,18.33883,18.218992,20.835007,21.388374,20.567087,21.35214,18.19862,18.103497,0.0,0.0,0.0,0.0,0.0,4.0,4.0,0.0
22840,2023.0,6.0,8.0,14.0,19.59323,19.836498,19.013382,19.423067,19.878492,20.4269,19.070028,19.090025,18.255281,18.152256,18.340588,18.223871,20.270987,20.213818,19.82681,19.806143,18.178766,18.086235,4.0,4.0,0.0,0.0,0.0,0.0,0.0,0.0
22841,2023.0,6.0,8.0,14.0,19.998108,20.749739,20.152355,21.442768,19.416874,19.5355,18.931618,18.952375,18.240166,18.140295,18.34047,18.227217,20.770144,21.269796,19.532167,19.414942,18.159674,18.069845,0.0,0.0,0.0,0.0,0.0,4.0,0.0,0.0
22842,2023.0,6.0,8.0,15.0,19.536798,19.789936,19.200438,19.479364,19.084312,19.112677,19.47234,20.083061,18.224556,18.128307,18.340023,18.229998,20.303963,20.245968,20.373562,21.11345,18.138922,18.05216,0.0,0.0,4.0,0.0,0.0,0.0,4.0,0.0
22843,2023.0,6.0,8.0,15.0,19.273542,19.43964,18.73552,18.781881,19.62322,20.209688,19.020464,19.153214,18.210825,18.117481,18.338776,18.232101,20.815954,21.329803,20.647438,21.48081,18.120516,18.036013,0.0,4.0,0.0,0.0,0.0,4.0,4.0,0.0
22844,2023.0,6.0,8.0,15.0,19.161173,19.331385,19.020863,19.433754,19.745056,20.357513,19.420444,20.024868,18.19677,18.106827,18.335943,18.232744,20.273922,20.225302,19.777287,19.774141,18.10315,18.021624,4.0,4.0,4.0,0.0,0.0,0.0,0.0,0.0
22845,2023.0,6.0,8.0,15.0,19.763254,20.541014,20.15347,21.432108,19.766047,20.3764,18.972158,19.119457,18.182076,18.095356,18.331497,18.231983,20.061146,19.930803,19.486027,19.387506,18.08643,18.007862,0.0,4.0,0.0,0.0,0.0,0.0,0.0,0.0
22846,2023.0,6.0,8.0,15.0,19.35347,19.620358,19.20468,19.472475,19.784452,20.39668,18.673689,18.742477,18.166943,18.083838,18.326672,18.230837,19.986324,19.863054,19.370916,19.27873,18.068209,17.992899,0.0,4.0,0.0,0.0,0.0,0.0,0.0,0.0
22847,2023.0,6.0,8.0,15.0,19.122078,19.3064,19.199495,19.632551,19.797243,20.411634,19.247265,19.885912,18.15371,18.073973,18.321747,18.229895,19.935255,19.817488,19.295994,19.208487,18.051538,17.979105,4.0,4.0,4.0,0.0,0.0,0.0,0.0,0.0
22848,2023.0,6.0,8.0,16.0,19.721483,20.512243,20.11652,21.253204,19.807007,20.423273,19.376818,20.021986,18.88751,19.475248,18.315613,18.228054,19.902601,19.802746,19.235931,19.156176,18.035389,17.966408,4.0,4.0,4.0,4.0,0.0,0.0,0.0,0.0
22849,2023.0,6.0,8.0,16.0,19.277084,19.517185,20.022686,21.013216,19.811718,20.425268,19.407667,20.04415,20.106907,21.42601,18.307037,18.221968,19.86131,19.766289,19.16632,19.082457,18.01736,17.9506,0.0,4.0,4.0,4.0,0.0,0.0,0.0,0.0
22850,2023.0,6.0,8.0,16.0,19.001179,19.188326,19.236437,19.457706,19.813986,20.424562,19.437693,20.069754,20.024755,21.13141,18.297268,18.215086,19.819317,19.727797,20.125204,20.951437,17.999538,17.93507,0.0,4.0,4.0,0.0,0.0,0.0,4.0,0.0
22851,2023.0,6.0,8.0,16.0,18.910378,19.09148,18.75744,18.825495,19.816563,20.424131,19.459564,20.087858,19.145552,19.3283,18.285185,18.205906,20.535635,21.125824,19.554733,19.587017,17.981983,17.919851,0.0,4.0,4.0,0.0,0.0,4.0,0.0,0.0
22852,2023.0,6.0,8.0,16.0,19.590033,20.416204,19.04487,19.459818,19.819231,20.42383,19.474445,20.099392,18.758223,18.726032,18.271545,18.195086,20.740683,21.385548,19.278572,19.20604,18.887192,19.646751,4.0,4.0,4.0,0.0,0.0,4.0,0.0,4.0
22853,2023.0,6.0,8.0,16.0,19.710207,20.492184,20.145546,21.39394,19.270353,19.396683,18.920555,19.05265,18.628038,18.579908,18.65284,18.930351,20.798859,21.43748,20.168943,20.965956,20.149206,21.748796,0.0,0.0,0.0,0.0,4.0,4.0,4.0,0.0
22854,2023.0,6.0,8.0,17.0,19.74478,20.516624,19.584106,20.15197,18.963451,19.003462,18.63103,18.693422,18.518639,18.454866,20.163252,21.524311,20.137383,20.138798,19.587374,19.62369,18.935349,19.156128,4.0,0.0,0.0,0.0,0.0,0.0,0.0,0.0
22855,2023.0,6.0,8.0,17.0,19.203913,19.45911,20.121258,21.236574,19.471512,20.041851,18.523876,18.5718,18.432442,18.365911,19.213823,19.475887,19.839481,19.740276,19.221125,19.155973,18.336636,18.331226,0.0,4.0,0.0,0.0,0.0,0.0,0.0,0.0
22856,2023.0,6.0,8.0,17.0,18.923069,19.10387,19.252281,19.469584,19.668764,20.26478,18.450603,18.493229,18.365274,18.300406,18.61271,18.585049,20.473625,21.009422,19.111404,19.03875,18.182974,18.1381,0.0,4.0,0.0,0.0,0.0,4.0,0.0,0.0
22857,2023.0,6.0,8.0,17.0,19.543844,20.32703,18.847858,18.877167,19.688307,20.275547,18.383823,18.407896,18.3144,18.250504,18.859152,19.125751,20.695932,21.330357,19.042608,18.967728,18.11796,18.067017,0.0,4.0,0.0,0.0,4.0,4.0,0.0,0.0
22858,2023.0,6.0,8.0,17.0,19.66248,20.420126,18.709475,18.729969,19.70074,20.280842,18.332989,18.35385,18.26779,18.20724,20.148039,21.402756,20.74748,21.376373,20.014198,20.858305,18.06875,18.019123,0.0,4.0,0.0,0.0,0.0,4.0,4.0,0.0
22859,2023.0,6.0,8.0,17.0,19.700056,20.442589,19.023697,19.418642,19.711613,20.284395,18.971157,19.592785,18.218842,18.161564,19.236877,19.46745,20.120089,20.156076,20.355991,21.203247,18.01838,17.970726,4.0,4.0,4.0,0.0,0.0,0.0,4.0,0.0
22860,2023.0,6.0,8.0,18.0,19.734056,20.467726,20.127851,21.328625,19.718418,20.284323,18.574022,18.710443,18.17812,18.12277,18.786057,18.743568,19.847963,19.738295,20.4213,21.257345,18.897633,19.668537,4.0,4.0,0.0,0.0,0.0,0.0,4.0,4.0
22861,2023.0,6.0,8.0,18.0,21.211817,23.051798,20.004818,20.971764,21.2159,22.920198,21.250406,23.545069,18.133833,18.079786,18.615755,18.55239,21.192038,22.183792,21.07764,22.353224,20.15429,21.667568,4.0,0.0,4.0,0.0,0.0,0.0,4.0,0.0
22862,2023.0,6.0,8.0,18.0,21.02258,22.499397,20.02058,20.932758,20.998466,22.301458,20.99685,22.725552,18.09174,18.038685,18.512506,18.445698,20.991947,21.73556,21.038244,22.200893,18.910706,19.064974,4.0,4.0,4.0,0.0,0.0,4.0,0.0,0.0
22863,2023.0,6.0,8.0,18.0,21.043137,22.42206,20.01686,20.877258,21.025507,22.248632,21.058468,22.668545,18.052292,17.999613,18.429564,18.360895,21.004541,21.712423,20.99586,22.008081,18.277681,18.206177,4.0,4.0,0.0,0.0,0.0,4.0,4.0,0.0
22864,2023.0,6.0,8.0,18.0,21.013689,22.26027,20.037094,20.896387,21.021866,22.16819,21.022074,22.439184,18.016657,17.965763,18.77999,19.086967,21.033966,21.756783,21.048784,22.089003,18.161272,18.109392,0.0,4.0,4.0,0.0,4.0,0.0,0.0,0.0
22865,2023.0,6.0,8.0,18.0,21.047207,22.290668,19.225468,19.306013,21.022701,22.11534,21.055117,22.42839,17.983028,17.93456,20.155401,21.47238,21.028618,21.713596,21.03766,22.020742,18.087803,18.038738,0.0,4.0,0.0,0.0,0.0,0.0,0.0,0.0
22866,2023.0,6.0,8.0,19.0,21.04092,22.230608,18.738544,18.673187,21.022272,22.07312,21.04846,22.340113,17.949148,17.902014,19.166733,19.373562,21.02907,21.689148,21.038515,21.985065,18.023458,17.975983,0.0,4.0,0.0,0.0,0.0,0.0,0.0,0.0
22867,2023.0,6.0,8.0,19.0,21.013912,22.11818,19.081789,19.454094,21.021856,22.03926,21.047958,22.280201,17.914646,17.867702,18.557156,18.509413,21.02887,21.669666,21.037857,21.954811,17.966137,17.918917,4.0,4.0,0.0,0.0,0.0,0.0,0.0,0.0
22868,2023.0,6.0,8.0,19.0,21.019539,22.104721,20.1197,21.216743,21.047308,22.082396,21.040352,22.233187,17.88147,17.83539,18.401518,18.340183,21.023443,21.656124,21.032476,21.932957,17.916168,17.87072,4.0,0.0,0.0,0.0,0.0,0.0,0.0,0.0
22869,2023.0,6.0,8.0,19.0,21.083815,22.236786,20.07766,21.021032,21.043552,22.012383,21.084993,22.289495,17.84774,17.801094,18.306637,18.23939,21.04927,21.703335,21.068727,21.99255,17.868692,17.823065,0.0,4.0,0.0,0.0,0.0,0.0,0.0,0.0
22870,2023.0,6.0,8.0,19.0,21.033976,22.106281,19.47794,19.792986,21.018772,21.953413,21.008718,22.095589,17.817749,17.77288,18.237242,18.175901,21.068602,21.703226,21.028349,21.903141,17.827806,17.784262,4.0,4.0,4.0,0.0,0.0,4.0,0.0,0.0
22871,2023.0,6.0,8.0,19.0,21.01425,22.02607,20.133516,21.119196,21.021666,21.943645,21.046343,22.178349,17.785627,17.740913,18.166243,18.10406,21.028236,21.645308,21.033962,21.90873,17.78751,17.744919,0.0,4.0,0.0,0.0,0.0,0.0,0.0,0.0
22872,2023.0,6.0,8.0,20.0,21.046482,22.097387,19.50708,19.80444,21.021378,21.929005,21.047565,22.147253,17.754005,17.709373,18.10196,18.040934,21.03135,21.64267,21.033144,21.902067,17.74923,17.706882,4.0,4.0,0.0,0.0,0.0,0.0,0.0,0.0
22873,2023.0,6.0,8.0,20.0,21.012918,21.99334,20.114016,21.03537,21.021566,21.915949,21.047216,22.11809,18.530746,19.209562,18.450575,18.752535,21.03146,21.634287,21.03337,21.898006,17.711887,17.669102,4.0,4.0,0.0,4.0,4.0,0.0,0.0,0.0
22874,2023.0,6.0,8.0,20.0,21.019104,21.995163,20.010395,20.778389,21.047403,21.974077,21.281944,22.561516,20.169605,21.836512,20.222147,21.772469,21.024399,21.628454,21.24281,22.31314,17.67602,17.633648,4.0,0.0,4.0,4.0,0.0,0.0,0.0,0.0
22875,2023.0,6.0,8.0,20.0,21.01854,21.983818,20.041431,20.818005,21.0166,21.873453,21.027702,22.0249,20.004807,21.284527,19.02192,19.211126,21.025463,21.635445,21.033342,21.885233,17.639637,17.596022,0.0,4.0,4.0,4.0,0.0,0.0,0.0,0.0
22876,2023.0,6.0,8.0,20.0,21.046354,22.047764,19.15217,19.079021,21.04827,21.943724,21.052538,22.079697,20.023405,21.169735,18.689861,18.934969,21.02566,21.638807,21.017513,21.812202,18.589384,19.426008,0.0,0.0,0.0,4.0,4.0,0.0,4.0,4.0
22877,2023.0,6.0,8.0,20.0,21.04073,22.017103,18.767908,18.679634,21.042412,21.914408,21.047256,22.048199,20.224583,21.488363,20.214321,21.585022,21.025362,21.612946,21.048565,21.90407,20.265875,22.104073,0.0,0.0,0.0,0.0,0.0,4.0,0.0,0.0
22878,2023.0,6.0,8.0,21.0,21.013788,21.924881,18.64806,18.557932,21.043188,21.898588,21.02208,21.956888,18.882126,18.801702,18.906694,18.882969,21.037704,21.653969,21.04118,21.875563,18.59679,18.595465,0.0,0.0,4.0,0.0,0.0,0.0,0.0,0.0
22879,2023.0,6.0,8.0,21.0,21.046751,22.00096,18.985039,19.279566,21.032469,21.88301,21.05313,22.025799,18.25801,18.027878,18.180035,17.932474,21.00351,21.554617,21.041813,21.863043,18.750505,19.344357,4.0,0.0,0.0,0.0,0.0,4.0,0.0,4.0
22880,2023.0,6.0,8.0,21.0,21.01337,21.900637,20.130997,21.234104,21.008215,21.815664,21.04719,21.99716,18.78407,19.18874,18.129093,18.01434,21.040356,21.64435,21.033033,21.851181,20.194317,21.73062,4.0,4.0,0.0,4.0,0.0,0.0,0.0,0.0
22881,2023.0,6.0,8.0,21.0,21.047112,21.980705,20.030638,20.92659,21.039204,21.902668,21.02218,21.91123,20.180552,21.5219,18.0831,17.985727,21.034876,21.621977,21.034407,21.855343,18.698685,18.63675,0.0,0.0,4.0,0.0,0.0,0.0,0.0,0.0
22882,2023.0,6.0,8.0,21.0,21.041248,21.954868,19.357422,19.531511,21.044968,21.88834,21.053284,21.984802,18.822025,18.726112,17.998411,17.903404,21.005062,21.53322,21.034199,21.854727,17.998137,17.774807,4.0,0.0,0.0,0.0,0.0,4.0,0.0,0.0
22883,2023.0,6.0,8.0,21.0,21.041506,21.94204,20.143877,21.14085,21.044165,21.865873,21.047564,21.960669,18.134205,17.869576,17.91263,17.807505,21.041157,21.623617,21.034477,21.853806,17.95133,17.85956,0.0,0.0,0.0,0.0,0.0,0.0,0.0,0.0
22884,2023.0,6.0,8.0,22.0,21.003197,21.856228,19.053524,18.925533,21.032343,21.849,21.036186,21.94953,18.094114,17.976793,17.836203,17.72818,21.005127,21.523924,21.034367,21.851423,17.895422,17.808027,0.0,0.0,0.0,0.0,0.0,4.0,0.0,0.0
22885,2023.0,6.0,8.0,22.0,21.050772,21.960379,18.611977,18.471613,21.033306,21.852875,21.010513,21.883617,18.046434,17.94415,18.08712,18.25666,21.010897,21.5358,21.034208,21.848734,17.809134,17.716892,0.0,0.0,4.0,0.0,4.0,4.0,0.0,0.0
22886,2023.0,6.0,8.0,22.0,21.041084,21.927402,18.94392,19.18334,21.008049,21.781994,21.056124,21.976906,18.54959,18.964357,20.323666,21.98842,21.010862,21.536016,21.034546,21.846556,17.737963,17.645859,4.0,4.0,0.0,4.0,0.0,4.0,0.0,0.0
22887,2023.0,6.0,8.0,22.0,21.042553,21.91719,20.152534,21.27555,21.039099,21.86876,21.022556,21.871803,20.20553,21.744492,18.902878,19.060152,21.041878,21.615557,21.03461,21.843817,17.671988,17.577028,0.0,0.0,4.0,0.0,0.0,0.0,0.0,0.0
22888,2023.0,6.0,8.0,22.0,21.030107,21.904625,19.210423,19.318628,21.046398,21.854641,21.054518,21.945127,18.675945,18.551367,18.430014,18.572723,21.036776,21.59404,21.034729,21.841183,17.61355,17.515903,0.0,0.0,0.0,0.0,4.0,0.0,0.0,0.0
22889,2023.0,6.0,8.0,22.0,21.241575,22.33346,19.050163,19.305332,21.202919,22.145597,21.197414,22.216793,17.928001,17.61717,20.300013,21.766008,21.158081,21.825832,21.267813,22.304754,17.56029,17.459574,4.0,0.0,0.0,0.0,0.0,0.0,0.0,0.0
22890,2023.0,6.0,8.0,23.0,21.031199,21.910786,20.14739,21.228863,21.031534,21.80757,21.048737,21.901161,17.92792,17.796822,18.977106,19.087637,21.037199,21.571556,21.034134,21.828762,17.511978,17.408772,0.0,0.0,0.0,0.0,0.0,0.0,0.0,0.0
22891,2023.0,6.0,8.0,23.0,20.240404,20.396507,18.97001,18.814226,20.211182,20.239643,20.149006,20.189392,18.459188,18.827482,18.268845,18.151688,21.027071,21.540966,20.128624,20.08696,17.469885,17.366547,0.0,0.0,0.0,4.0,0.0,4.0,0.0,0.0
22892,2023.0,6.0,8.0,23.0,19.863298,19.874275,18.40356,17.949375,19.781372,19.620516,19.689644,19.541962,18.065884,17.982588,18.400139,18.508001,20.073858,19.72219,19.757536,19.614471,17.434837,17.329369,0.0,0.0,0.0,0.0,4.0,0.0,0.0,0.0
22893,2023.0,6.0,8.0,23.0,19.694256,19.695873,18.833601,18.937906,19.59182,19.413658,19.483013,19.320831,18.246658,18.422577,18.141212,18.02085,19.714968,19.27699,20.573982,21.315218,17.40026,17.293257,4.0,0.0,0.0,4.0,0.0,0.0,4.0,0.0
22894,2023.0,6.0,8.0,23.0,19.56585,19.5665,18.645374,18.579708,19.45283,19.273008,19.328484,19.165257,17.798918,17.534294,17.975193,17.830124,19.554615,19.120262,19.60194,19.329609,17.366447,17.258018,0.0,0.0,0.0,0.0,0.0,0.0,0.0,0.0
22895,2023.0,6.0,8.0,23.0,19.449396,19.442133,18.429792,18.256124,19.326859,19.138397,19.188448,19.016115,17.550852,17.216133,17.879818,17.728157,19.672579,19.49572,19.177809,18.787039,17.331158,17.219343,0.0,0.0,0.0,0.0,0.0,0.0,0.0,0.0
22896,2023.0,6.0,9.0,0.0,19.353815,19.346777,18.337349,18.157278,19.223278,19.034988,19.073904,18.901966,17.65342,17.525887,17.797688,17.644789,19.621382,19.448229,19.006687,18.621616,17.298296,17.184828,0.0,0.0,0.0,0.0,0.0,0.0,0.0,0.0
22897,2023.0,6.0,9.0,0.0,19.26871,19.262674,18.263607,18.083542,19.131073,18.94416,18.972488,18.801981,17.623184,17.492075,17.723877,17.57055,19.545214,19.372002,19.092606,18.941254,17.266848,17.15248,0.0,0.0,0.0,0.0,0.0,0.0,0.0,0.0
22898,2023.0,6.0,9.0,0.0,19.189514,19.182283,18.195972,18.013535,19.044628,18.856312,18.877947,18.705746,17.573423,17.440668,17.654112,17.498562,19.47206,19.297138,19.029417,18.878702,17.235806,17.120075,0.0,0.0,0.0,0.0,0.0,0.0,0.0,0.0
22899,2023.0,6.0,9.0,0.0,19.123869,19.122328,18.142351,17.965837,18.97417,18.793324,18.80128,18.637077,17.529308,17.398506,17.595373,17.44372,19.408403,19.236721,18.951334,18.804287,17.9405,18.472734,0.0,0.0,0.0,0.0,0.0,0.0,0.0,4.0
22900,2023.0,6.0,9.0,0.0,19.05863,19.057495,18.087767,17.911444,18.903498,18.72365,18.724804,18.561468,17.48458,17.353039,17.830061,17.932657,19.34584,19.173586,18.873709,18.72638,17.44208,17.36226,0.0,0.0,0.0,0.0,4.0,0.0,0.0,0.0
22901,2023.0,6.0,9.0,0.0,18.99656,18.994219,18.035803,17.858326,18.836418,18.655949,18.652845,18.48852,17.441189,17.308043,17.593908,17.44387,19.286335,19.112366,18.799286,18.650341,17.111486,16.825823,0.0,0.0,0.0,0.0,0.0,0.0,0.0,0.0
22902,2023.0,6.0,9.0,1.0,18.941288,18.940414,17.989681,17.813335,19.467531,19.896955,18.589138,18.426893,17.980848,18.356499,17.486055,17.33197,19.232838,19.05937,18.732166,18.584162,17.006802,16.715145,0.0,4.0,0.0,4.0,0.0,0.0,0.0,0.0
22903,2023.0,6.0,9.0,1.0,18.888573,18.887909,17.945335,17.769161,19.039312,18.987713,18.528212,18.366772,18.210377,18.656017,17.429232,17.274939,19.911291,20.388163,18.66846,18.520325,17.095276,16.961151,0.0,0.0,0.0,4.0,0.0,4.0,0.0,0.0
22904,2023.0,6.0,9.0,1.0,18.839931,18.839624,17.903902,17.728392,18.541828,18.112753,18.47153,18.311565,17.479277,17.190956,17.376734,17.222628,19.150991,18.79759,18.609608,18.46195,17.81792,18.3298,0.0,0.0,0.0,0.0,0.0,0.0,0.0,4.0
22905,2023.0,6.0,9.0,1.0,18.793453,18.792543,17.863775,17.688175,18.350693,17.869917,18.417288,18.2577,17.808983,17.982212,17.327429,17.172564,18.887274,18.460632,18.55316,18.405138,17.162315,16.90468,0.0,0.0,0.0,4.0,0.0,0.0,0.0,0.0
22906,2023.0,6.0,9.0,1.0,18.748951,18.74747,17.825243,17.64949,18.487175,18.242872,18.366081,18.206612,17.344046,17.01251,17.280827,17.12524,18.79686,18.372679,18.499186,18.350739,16.94338,16.644787,0.0,0.0,0.0,0.0,0.0,0.0,0.0,0.0
22907,2023.0,6.0,9.0,1.0,18.706144,18.703993,17.788067,17.612036,18.51803,18.335032,18.317139,18.15769,17.756107,17.942842,17.236454,17.080076,18.96162,18.783833,18.447323,18.298353,16.868122,16.568129,0.0,0.0,0.0,4.0,0.0,0.0,0.0,0.0
22908,2023.0,6.0,9.0,2.0,18.666061,18.664488,17.753273,17.578032,18.486841,18.311115,18.271557,18.113522,17.296844,16.976015,17.481966,17.574015,18.962006,18.785978,18.398766,18.250505,17.68156,18.172983,0.0,0.0,0.0,0.0,4.0,0.0,0.0,4.0
22909,2023.0,6.0,9.0,2.0,18.627132,18.625715,17.719639,17.544962,18.447485,18.27356,18.22755,18.07038,17.095875,16.747631,17.279665,17.138119,18.926577,18.751154,18.351597,18.203545,17.06284,16.8021,0.0,0.0,0.0,0.0,0.0,0.0,0.0,0.0
22910,2023.0,6.0,9.0,2.0,18.58981,18.588936,17.687765,17.513891,18.40802,18.235682,18.186132,18.029945,17.834417,18.236246,17.17061,17.013556,18.892982,18.718029,18.306576,18.158993,16.849678,16.54961,0.0,0.0,0.0,4.0,0.0,0.0,0.0,0.0
22911,2023.0,6.0,9.0,2.0,18.553299,18.552631,17.656637,17.48337,18.368982,18.197765,18.145937,17.990509,17.459322,17.364548,17.128517,16.972902,18.859089,18.6844,18.262928,18.11558,16.777576,16.477186,0.0,0.0,0.0,0.0,0.0,0.0,0.0,0.0
22912,2023.0,6.0,9.0,2.0,18.516815,18.51491,17.625072,17.45118,18.329409,18.157797,18.105421,17.949371,17.095058,16.756685,17.085514,16.928747,18.824936,18.649527,18.219625,18.071442,16.887602,16.759703,0.0,0.0,0.0,0.0,0.0,0.0,0.0,0.0
22913,2023.0,6.0,9.0,2.0,18.482199,18.479975,17.594389,17.420073,18.291182,18.11951,18.066385,17.910156,16.97362,16.626364,17.046057,16.888716,18.792032,18.616476,18.178339,18.030083,16.888792,16.766104,0.0,0.0,0.0,0.0,0.0,0.0,0.0,0.0
22914,2023.0,6.0,9.0,3.0,18.45111,18.451538,17.568222,17.397457,18.258072,18.090515,18.032715,17.880583,17.716955,18.121998,17.011997,16.857813,18.762232,18.588945,18.140738,17.995028,16.867743,16.746449,0.0,0.0,0.0,4.0,0.0,0.0,0.0,0.0
22915,2023.0,6.0,9.0,3.0,18.417887,18.418198,17.539555,17.369242,18.222467,18.05558,17.996626,17.845066,17.345646,17.2528,16.97643,16.822317,18.730967,18.557766,18.101784,17.95622,16.843243,16.72204,0.0,0.0,0.0,0.0,0.0,0.0,0.0,0.0
22916,2023.0,6.0,9.0,3.0,18.385983,18.386444,17.511713,17.342112,18.18798,18.022095,17.96179,17.811134,17.004332,16.686596,16.942448,16.788822,18.7006,18.527817,18.064077,17.919065,17.542688,18.060665,0.0,0.0,0.0,0.0,0.0,0.0,0.0,4.0
22917,2023.0,6.0,9.0,3.0,18.354198,18.35437,17.483925,17.31462,18.153725,17.988327,17.927423,17.777084,16.875948,16.53906,17.202827,17.304205,18.670439,18.497723,18.026743,17.881863,17.058573,16.982174,0.0,0.0,0.0,0.0,4.0,0.0,0.0,0.0
22918,2023.0,6.0,9.0,3.0,18.33303,18.343353,17.45612,17.286573,18.119568,17.95406,17.893501,17.742783,17.003325,16.871126,16.984592,16.830437,18.640415,18.467384,17.989693,17.844517,16.72677,16.433884,0.0,0.0,0.0,0.0,0.0,0.0,0.0,0.0
22919,2023.0,6.0,9.0,3.0,18.311424,18.327562,17.427717,17.256708,18.084885,17.918142,17.859207,17.707,16.997583,16.859962,16.897911,16.741938,18.61044,18.436678,17.952929,17.807093,16.619423,16.317892,0.0,0.0,0.0,0.0,0.0,0.0,0.0,0.0
22920,2023.0,6.0,9.0,4.0,18.282875,18.298594,17.401348,17.230667,18.05249,17.886337,17.827024,17.675264,16.96764,16.830238,16.860603,16.705126,18.581854,18.408363,17.917746,17.772282,16.730453,16.607946,0.0,0.0,0.0,0.0,0.0,0.0,0.0,0.0
22921,2023.0,6.0,9.0,4.0,18.254587,18.27035,17.375834,17.20618,18.021124,17.856123,17.79568,17.645021,16.938702,16.801973,16.825033,16.67047,18.554071,18.38124,17.883482,17.73875,16.724136,16.602488,0.0,0.0,0.0,0.0,0.0,0.0,0.0,0.0
22922,2023.0,6.0,9.0,4.0,18.227642,18.244667,17.829573,18.080364,17.992352,17.830545,17.766895,17.619404,16.911182,16.776499,16.794003,16.642166,18.528,18.357033,17.851137,17.708412,16.701405,16.581245,4.0,0.0,0.0,0.0,0.0,0.0,0.0,0.0
22923,2023.0,6.0,9.0,4.0,18.1992,18.215889,17.538704,17.446629,17.961548,17.800411,17.736095,17.589235,16.882732,16.74843,16.76238,16.610949,18.500954,18.330357,17.817797,17.675465,16.676165,16.556356,0.0,0.0,0.0,0.0,0.0,0.0,0.0,0.0
22924,2023.0,6.0,9.0,4.0,18.17048,18.186333,17.38989,17.22118,17.929861,17.768105,17.704435,17.556917,16.854433,16.719875,16.731619,16.579683,18.473856,18.303059,17.784489,17.641985,16.650152,16.530184,0.0,0.0,0.0,0.0,0.0,0.0,0.0,0.0
22925,2023.0,6.0,9.0,4.0,18.143003,18.159027,17.346802,17.17883,17.900158,17.739418,17.674782,17.528242,16.828075,16.694277,16.703653,16.552626,18.44834,18.27826,17.752886,17.611155,16.625467,16.50612,0.0,0.0,0.0,0.0,0.0,0.0,0.0,0.0
22926,2023.0,6.0,9.0,5.0,18.116789,18.134031,17.314281,17.150301,17.872766,17.714998,17.647455,17.503849,17.393309,17.78001,16.678625,16.530012,18.4248,18.25654,17.723436,17.583658,16.60261,16.484875,0.0,0.0,0.0,4.0,0.0,0.0,0.0,0.0
22927,2023.0,6.0,9.0,5.0,18.797327,19.433907,17.285894,17.125664,17.846418,17.692343,17.621153,17.481169,17.631433,18.08737,16.65603,16.510681,18.40353,18.238323,17.696077,17.55924,16.581835,16.46674,0.0,0.0,0.0,4.0,0.0,0.0,0.0,0.0
22928,2023.0,6.0,9.0,5.0,18.357075,18.463032,17.260267,17.103855,17.820858,17.67039,17.595646,17.459192,16.928144,16.663008,16.635805,16.493633,18.383995,18.221756,17.670254,17.53615,16.562645,16.450075,0.0,0.0,0.0,0.0,0.0,0.0,0.0,0.0
22929,2023.0,6.0,9.0,5.0,17.922285,17.696135,17.235785,17.082588,17.795223,17.647713,17.570076,17.436508,16.700815,16.387335,16.617424,16.478064,18.36587,18.20628,17.645517,17.51368,16.544672,16.434303,0.0,0.0,0.0,0.0,0.0,0.0,0.0,0.0
22930,2023.0,6.0,9.0,5.0,17.807974,17.573147,17.21364,17.064901,17.771309,17.627964,17.54626,17.416777,16.635984,16.333265,16.892061,17.007532,18.349964,18.193779,17.623333,17.494772,17.253994,17.785831,0.0,0.0,0.0,0.0,4.0,0.0,0.0,4.0
22931,2023.0,6.0,9.0,5.0,17.967571,17.96295,17.661287,17.925947,17.747065,17.607069,17.522337,17.396029,16.752888,16.626966,16.71194,16.59615,18.33493,18.181734,17.602037,17.47617,16.782454,16.726395,4.0,0.0,0.0,0.0,0.0,0.0,0.0,0.0
22932,2023.0,6.0,9.0,6.0,17.997032,18.028154,17.3806,17.309614,17.722902,17.58587,17.498835,17.375204,16.769686,16.654055,16.63227,16.501936,18.321054,18.170732,17.581968,17.45862,16.488403,16.240885,0.0,0.0,0.0,0.0,0.0,0.0,0.0,0.0
22933,2023.0,6.0,9.0,6.0,21.314213,23.860348,17.25266,17.125502,21.266937,23.877855,21.254417,24.034096,17.341566,17.74446,16.617785,16.492512,21.27651,23.265575,21.530075,24.244608,16.40912,16.163033,0.0,0.0,0.0,4.0,0.0,0.0,0.0,0.0
22934,2023.0,6.0,9.0,6.0,21.004227,22.909674,17.199383,17.06837,21.007246,22.959925,21.00831,23.114494,20.326426,22.799658,16.893799,17.022696,21.014404,22.582682,20.966606,22.876787,17.329128,17.97092,0.0,0.0,0.0,0.0,4.0,0.0,4.0,4.0
22935,2023.0,6.0,9.0,6.0,21.030867,22.730726,17.168444,17.040667,21.059992,22.815222,21.06467,22.959318,18.675476,19.115454,20.35499,22.90672,21.020061,22.379412,21.042984,22.765858,21.767515,25.42576,0.0,0.0,0.0,4.0,4.0,4.0,4.0,0.0
22936,2023.0,6.0,9.0,6.0,21.05365,22.660158,17.145731,17.021215,21.051527,22.63204,21.055101,22.760511,20.278114,22.25161,20.007517,21.893332,21.047506,22.318853,21.069118,22.666676,18.66412,18.775139,0.0,0.0,0.0,4.0,0.0,0.0,0.0,0.0
22937,2023.0,6.0,9.0,6.0,21.060356,22.54709,17.580383,17.851725,21.050928,22.51495,21.054537,22.633503,20.035152,21.557184,18.48786,18.706793,21.052883,22.199533,21.060574,22.512459,18.027729,18.431854,4.0,0.0,0.0,0.0,0.0,0.0,0.0,4.0
22938,2023.0,6.0,9.0,7.0,21.196333,22.709251,20.284483,22.473766,21.024723,22.360044,21.05307,22.539957,18.461163,18.363865,17.948727,18.123718,21.127537,22.252613,21.05897,22.405535,20.268627,22.289314,0.0,4.0,0.0,0.0,4.0,0.0,0.0,4.0
22939,2023.0,6.0,9.0,7.0,21.06097,22.393816,18.978603,19.540472,21.053478,22.381207,21.027004,22.401234,17.677435,17.384771,20.295296,22.228638,21.036135,22.01775,21.05706,22.32302,20.162186,21.88667,4.0,0.0,4.0,0.0,0.0,0.0,0.0,0.0
22940,2023.0,6.0,9.0,7.0,21.054821,22.333736,20.248554,22.030441,21.034683,22.251547,21.055433,22.43143,18.418505,18.988317,18.756666,18.990595,21.006632,21.89974,21.044746,22.25928,18.406723,18.33835,0.0,4.0,0.0,4.0,0.0,4.0,0.0,0.0
22941,2023.0,6.0,9.0,7.0,21.02718,22.22168,18.947163,19.238876,21.062428,22.278383,21.036749,22.309505,20.193172,21.876886,17.869795,17.770126,21.021223,21.882147,21.045063,22.225817,17.62475,17.3745,4.0,0.0,4.0,4.0,0.0,4.0,0.0,0.0
22942,2023.0,6.0,9.0,7.0,21.05779,22.279951,20.234035,21.820068,21.055485,22.223253,21.064772,22.34288,20.039297,21.402868,18.068344,18.295507,21.048416,21.919872,21.043926,22.194448,18.535753,19.307789,0.0,0.0,0.0,0.0,4.0,0.0,0.0,4.0
22943,2023.0,6.0,9.0,7.0,21.02393,22.169651,18.732365,18.724474,21.054873,22.18887,21.057842,22.291857,18.627056,18.547104,20.280241,22.098656,21.042133,21.869555,21.003374,22.060854,20.208084,22.01316,0.0,0.0,0.0,0.0,0.0,0.0,4.0,0.0
22944,2023.0,6.0,9.0,8.0,21.056225,22.241325,18.496635,18.779518,21.01681,22.090452,21.056963,22.258709,17.912514,17.653574,19.154108,19.648882,21.041283,21.835342,21.05975,22.168983,19.224184,19.834764,4.0,4.0,0.0,0.0,4.0,0.0,0.0,4.0
22945,2023.0,6.0,9.0,8.0,19.831213,19.874956,20.236755,21.83514,20.46922,21.041515,19.885967,20.003403,17.849144,17.718569,20.224659,21.761818,20.654469,21.03603,20.589922,21.188267,20.263233,21.914572,0.0,4.0,0.0,0.0,0.0,4.0,4.0,0.0
22946,2023.0,6.0,9.0,8.0,19.152987,19.03481,19.32155,19.855356,19.980658,20.305506,19.831783,20.330225,18.52188,19.0476,18.815569,18.837534,19.846964,19.63809,19.549026,19.39522,18.674206,18.67497,4.0,4.0,4.0,4.0,0.0,0.0,0.0,0.0
22947,2023.0,6.0,9.0,8.0,19.836334,20.502012,20.17648,21.4562,19.843596,20.158278,19.877321,20.41905,20.222044,21.931688,18.333569,18.187378,20.267563,20.602146,19.154608,18.887192,18.960426,19.49108,0.0,4.0,4.0,0.0,0.0,4.0,0.0,4.0
22948,2023.0,6.0,9.0,8.0,19.313242,19.367147,18.942997,18.987076,19.761915,20.101099,19.097284,19.002502,19.286352,19.824085,18.565529,18.752476,20.455168,20.862797,18.949108,18.694216,20.125126,21.45214,0.0,4.0,0.0,4.0,4.0,4.0,0.0,4.0
22949,2023.0,6.0,9.0,8.0,18.872961,18.81638,18.615772,18.774933,19.700193,20.061436,19.261316,19.593578,20.243635,21.73092,20.198397,21.632137,19.792364,19.625252,18.80498,18.566408,20.306412,21.739786,4.0,4.0,4.0,0.0,0.0,0.0,0.0,4.0
22950,2023.0,6.0,9.0,9.0,19.393793,19.932375,20.195826,21.651588,19.652992,20.032833,19.385847,19.781263,19.442142,19.973265,19.051088,19.24684,19.444294,19.185543,18.791698,18.665718,20.016838,21.0948,0.0,4.0,4.0,4.0,0.0,0.0,0.0,4.0
22951,2023.0,6.0,9.0,9.0,19.592068,20.179667,18.936401,19.043764,19.617373,20.015285,19.37023,19.78248,20.15139,21.408495,18.35953,18.27474,19.328327,19.073437,19.771173,20.573658,20.050886,21.148064,0.0,4.0,4.0,0.0,0.0,0.0,4.0,0.0
22952,2023.0,6.0,9.0,9.0,19.010628,19.095596,18.314234,18.284225,19.590837,20.004015,19.35698,19.785057,19.54533,20.08039,18.18012,18.071455,19.989874,20.397724,20.032541,20.758526,18.916862,18.923111,0.0,4.0,4.0,4.0,0.0,4.0,4.0,0.0
22953,2023.0,6.0,9.0,9.0,19.444845,20.04341,18.185505,18.142776,19.578238,20.006153,19.35229,19.794981,20.08046,21.089424,18.481697,18.695711,19.535252,19.428194,19.187449,19.12853,18.45267,18.27816,0.0,4.0,4.0,4.0,4.0,0.0,0.0,0.0
22954,2023.0,6.0,9.0,9.0,19.011631,19.122992,18.514761,18.85603,19.56671,20.009996,18.791677,18.772137,20.315289,21.51947,20.191973,21.689892,19.99171,20.438635,18.78926,18.629145,18.248987,18.083496,4.0,4.0,0.0,4.0,0.0,4.0,0.0,0.0
22955,2023.0,6.0,9.0,9.0,19.377956,20.008224,20.214954,21.805368,19.559635,20.0176,19.090446,19.532095,20.04346,20.956537,19.07903,19.313786,19.58979,19.517977,18.66371,18.50105,18.16257,18.059383,0.0,4.0,4.0,0.0,0.0,0.0,0.0,0.0
22956,2023.0,6.0,9.0,10.0,18.97862,19.129692,19.049105,19.350908,19.00975,19.012714,18.707895,18.72398,19.129045,19.16611,18.405727,18.344322,20.031065,20.49457,18.598944,18.446484,18.081709,17.990917,0.0,0.0,0.0,0.0,0.0,4.0,0.0,0.0
22957,2023.0,6.0,9.0,10.0,19.442698,20.120134,18.92355,19.309937,19.384438,19.847664,19.111366,19.600464,19.389633,19.832954,18.271269,18.17225,19.558468,19.495872,18.607756,18.51231,18.014118,17.925383,4.0,4.0,4.0,4.0,0.0,0.0,0.0,0.0
22958,2023.0,6.0,9.0,10.0,19.547688,20.23168,20.179049,21.545076,19.48499,19.988655,18.657772,18.69542,20.097984,21.096775,18.21869,18.119425,19.36291,19.195326,18.589756,18.50344,17.956394,17.872215,0.0,4.0,0.0,0.0,0.0,0.0,0.0,0.0
22959,2023.0,6.0,9.0,10.0,18.989902,19.168827,19.064295,19.258469,19.498886,20.010517,18.357521,18.312014,19.18571,19.261656,18.533186,18.753597,20.025959,20.505424,18.561548,18.478445,17.89909,17.818811,0.0,4.0,0.0,0.0,4.0,4.0,0.0,0.0
22960,2023.0,6.0,9.0,10.0,19.427608,20.104506,19.024063,19.39367,19.515108,20.037798,18.91656,19.427782,18.777721,18.65163,20.16575,21.596663,20.293802,20.881098,18.540243,18.458889,17.858397,17.779747,4.0,4.0,4.0,0.0,4.0,4.0,0.0,0.0
22961,2023.0,6.0,9.0,10.0,19.012495,19.197441,20.152077,21.407639,19.531406,20.065142,19.146074,19.704327,18.63785,18.537668,20.018456,21.117859,19.656668,19.586939,18.519606,18.440088,17.818884,17.742672,0.0,4.0,4.0,0.0,0.0,0.0,0.0,0.0
22962,2023.0,6.0,9.0,11.0,18.7377,18.869064,19.129877,19.330252,19.546978,20.091282,18.62947,18.714872,18.546476,18.452368,19.1323,19.279753,19.414162,19.273428,18.503113,18.425085,17.78729,17.713161,0.0,4.0,0.0,0.0,0.0,0.0,0.0,0.0
22963,2023.0,6.0,9.0,11.0,18.66588,18.802206,18.66457,18.654688,19.001348,19.073582,19.059322,19.630753,18.484627,18.391315,18.722643,18.62522,20.130579,20.660744,18.493578,18.417099,17.768267,17.695906,0.0,0.0,4.0,0.0,0.0,4.0,0.0,0.0
22964,2023.0,6.0,9.0,11.0,19.379759,20.20008,18.973492,19.364376,19.414005,19.971188,19.189606,19.790007,18.434078,18.343971,18.627758,18.529774,19.642359,19.600195,18.486965,18.412275,17.754177,17.684357,4.0,4.0,4.0,0.0,0.0,0.0,0.0,0.0
22965,2023.0,6.0,9.0,11.0,19.502592,20.279882,20.138546,21.410124,18.974298,19.086979,19.229208,19.837019,18.394396,18.307014,18.573553,18.476889,19.487255,19.3723,18.482855,18.409779,17.745155,17.677746,4.0,0.0,4.0,0.0,0.0,0.0,0.0,0.0
22966,2023.0,6.0,9.0,11.0,18.93747,19.184069,20.022457,21.095425,18.68985,18.727423,18.703716,18.829157,18.357042,18.272976,18.525301,18.430906,20.214659,20.778229,18.479435,18.408007,17.738424,17.673548,0.0,0.0,0.0,0.0,0.0,4.0,0.0,0.0
22967,2023.0,6.0,9.0,11.0,18.702766,18.906782,19.491556,19.990788,19.269417,19.89178,18.441317,18.510786,18.327946,18.24706,18.867397,19.10653,20.545729,21.198853,18.477768,18.408026,17.734604,17.67219,4.0,4.0,0.0,0.0,4.0,4.0,0.0,0.0
22968,2023.0,6.0,9.0,12.0,18.648613,18.855103,20.099245,21.13355,19.42235,20.065313,19.027132,19.670116,18.312065,18.234173,20.143415,21.325514,19.913797,19.926207,18.47876,18.410837,17.734827,17.67486,4.0,4.0,4.0,0.0,0.0,0.0,0.0,0.0
22969,2023.0,6.0,9.0,12.0,21.25652,23.490135,20.007399,20.924475,21.227312,23.178396,21.25369,23.418835,18.296091,18.220917,19.659515,20.180956,21.143663,22.184896,21.36291,23.415745,17.736343,17.678564,4.0,4.0,4.0,0.0,4.0,4.0,0.0,0.0
22970,2023.0,6.0,9.0,12.0,20.986582,22.687433,20.03608,20.974672,21.020607,22.579615,21.021048,22.738144,18.285175,18.21239,20.092941,21.032373,21.015114,21.876114,20.994675,22.510319,17.74279,17.68718,0.0,0.0,0.0,0.0,0.0,0.0,0.0,0.0
22971,2023.0,6.0,9.0,12.0,21.02611,22.60076,19.292915,19.525673,21.04659,22.490362,21.02654,22.570086,18.281187,18.211481,19.423178,19.628902,20.995441,21.729383,21.041008,22.419172,17.75301,17.699833,0.0,0.0,4.0,0.0,0.0,4.0,0.0,0.0
22972,2023.0,6.0,9.0,12.0,21.04618,22.55143,19.311253,19.820675,21.04035,22.380196,21.050577,22.532236,18.282345,18.21596,18.95666,18.89945,21.027601,21.75374,21.032095,22.27378,17.766438,17.716324,4.0,0.0,0.0,0.0,0.0,0.0,0.0,0.0
22973,2023.0,6.0,9.0,12.0,21.013351,22.384586,20.11891,21.236256,21.040665,22.30947,21.044155,22.439497,18.286922,18.223948,18.836563,18.764387,21.069502,21.74745,21.03334,22.181889,17.780924,17.73355,0.0,0.0,0.0,0.0,0.0,4.0,0.0,0.0
22974,2023.0,6.0,9.0,13.0,21.04529,22.412231,19.321657,19.617977,21.037739,22.255222,21.043686,22.37839,18.294298,18.234823,18.794783,18.723143,21.017826,21.637142,21.032497,22.110552,18.78274,19.622156,0.0,0.0,0.0,0.0,0.0,0.0,0.0,4.0
22975,2023.0,6.0,9.0,13.0,21.037617,22.350285,18.817837,18.925915,21.0372,22.21646,21.040514,22.328852,18.302364,18.245625,18.767942,18.69767,21.019993,21.607594,21.031263,22.054989,20.145452,21.764524,0.0,0.0,0.0,0.0,0.0,0.0,0.0,0.0
22976,2023.0,6.0,9.0,13.0,21.037346,22.31135,18.640223,18.718872,21.01139,22.115578,21.039978,22.292675,18.310703,18.256495,18.748327,18.680292,21.018793,21.576218,21.031025,22.010715,18.993935,19.296566,0.0,4.0,0.0,0.0,0.0,0.0,0.0,0.0
22977,2023.0,6.0,9.0,13.0,21.008661,22.204224,18.998102,19.477575,21.015795,22.106537,21.013517,22.191906,18.320103,18.268969,18.733746,18.667938,21.218327,21.907423,21.029642,21.971693,18.424688,18.487701,4.0,4.0,4.0,0.0,0.0,4.0,0.0,0.0
22978,2023.0,6.0,9.0,13.0,21.014425,22.197498,20.149418,21.44711,21.041065,22.16114,21.019535,22.18511,18.329987,18.281816,18.724434,18.661818,20.996353,21.471422,21.029453,21.940666,18.248981,18.219492,0.0,0.0,4.0,0.0,0.0,0.0,0.0,0.0
22979,2023.0,6.0,9.0,13.0,21.039764,22.254942,19.243355,19.553694,21.034887,22.129128,21.01818,22.168633,18.340925,18.295803,18.720135,18.661009,21.257547,21.940887,21.028885,21.913563,18.179037,18.143507,0.0,0.0,4.0,0.0,0.0,4.0,0.0,0.0
22980,2023.0,6.0,9.0,14.0,21.004324,22.146158,18.696104,18.800505,21.007046,22.036045,21.043482,22.226553,18.352707,18.311573,18.71873,18.663696,20.979229,21.39601,21.02748,21.88862,18.15224,18.117842,0.0,4.0,0.0,0.0,0.0,0.0,0.0,0.0
22981,2023.0,6.0,9.0,14.0,20.712936,21.577423,19.006529,19.484226,20.167202,20.445217,20.606073,21.33761,19.07981,19.675192,18.717077,18.664427,21.290842,21.975344,20.183977,20.237942,18.135958,18.104013,4.0,0.0,4.0,4.0,0.0,4.0,0.0,0.0
22982,2023.0,6.0,9.0,14.0,20.6322,21.483002,20.130241,21.415876,19.810987,19.9658,20.464312,21.163216,20.116947,21.391682,18.71717,18.66703,20.6819,20.76085,19.871115,19.815025,18.127554,18.09706,4.0,0.0,4.0,0.0,0.0,0.0,0.0,0.0
22983,2023.0,6.0,9.0,14.0,20.024906,20.386774,19.997362,21.039265,20.252562,20.947227,20.401268,21.109913,19.294977,19.602816,18.718592,18.671076,21.167349,21.835243,19.72509,19.668833,18.118877,18.090574,4.0,4.0,4.0,0.0,0.0,4.0,0.0,0.0
22984,2023.0,6.0,9.0,14.0,20.342731,21.206078,20.031822,21.05112,19.839119,20.084112,19.805843,20.048132,18.869663,18.972511,18.72165,18.677118,21.391981,22.107979,19.612686,19.556292,18.111843,18.085632,0.0,0.0,0.0,0.0,0.0,4.0,0.0,0.0
22985,2023.0,6.0,9.0,14.0,20.46456,21.328957,19.708591,20.35212,20.154778,20.872507,19.495235,19.692339,18.695042,18.682621,18.725231,18.683657,21.441105,22.157635,20.530638,21.373121,18.10579,18.081875,4.0,4.0,0.0,0.0,0.0,4.0,4.0,0.0
22986,2023.0,6.0,9.0,15.0,20.47551,21.342215,20.059237,21.002338,20.255007,20.98965,20.006073,20.74454,18.637533,18.608944,18.72948,18.691483,20.781849,20.879007,19.920614,20.05294,18.101807,18.080145,4.0,4.0,4.0,0.0,0.0,0.0,0.0,0.0
22987,2023.0,6.0,9.0,15.0,19.904757,20.273064,20.021633,20.918879,20.265965,20.996954,20.152842,20.89236,18.610584,18.58198,18.732733,18.696804,20.50035,20.5082,19.605076,19.6439,19.009058,19.799843,0.0,4.0,4.0,0.0,0.0,0.0,0.0,4.0
22988,2023.0,6.0,9.0,15.0,19.618,19.931795,19.425978,19.751347,19.7339,19.991535,20.152153,20.889698,18.5906,18.5628,18.735027,18.701096,20.425571,20.43078,19.533718,19.571636,20.085924,21.44274,0.0,0.0,4.0,0.0,0.0,0.0,0.0,4.0
22989,2023.0,6.0,9.0,15.0,19.513088,19.824715,19.118048,19.377003,20.077398,20.8106,20.160526,20.89857,18.574541,18.548231,18.735987,18.704216,20.376566,20.386564,20.452917,21.34878,20.02406,21.196241,0.0,4.0,4.0,0.0,0.0,0.0,4.0,0.0
22990,2023.0,6.0,9.0,15.0,19.443306,19.75928,19.288754,19.768232,20.229355,20.967052,20.168917,20.90745,18.560486,18.535772,18.735739,18.706287,21.055153,21.708265,19.90685,20.04854,19.194284,19.48273,4.0,4.0,4.0,0.0,0.0,4.0,0.0,0.0
22991,2023.0,6.0,9.0,15.0,20.004726,20.847057,20.11837,21.226927,19.702593,19.962927,20.178253,20.917206,18.550264,18.527107,18.734648,18.707766,20.55973,20.663055,19.666353,19.71008,18.868748,18.970951,0.0,0.0,4.0,0.0,0.0,0.0,0.0,0.0
22992,2023.0,6.0,9.0,16.0,20.233122,21.11631,19.35046,19.638323,20.056145,20.79261,20.187414,20.926544,18.540762,18.520048,18.733807,18.70948,20.33415,20.36456,19.585323,19.632582,18.752857,18.84972,0.0,4.0,4.0,0.0,0.0,0.0,0.0,0.0
22993,2023.0,6.0,9.0,16.0,20.28656,21.167784,18.998405,19.11697,20.16807,20.910986,19.652174,19.921038,19.253107,19.871227,18.73195,18.70941,21.061256,21.773617,19.533806,19.58156,19.494474,20.286106,0.0,4.0,0.0,4.0,0.0,4.0,0.0,4.0
22994,2023.0,6.0,9.0,16.0,20.321636,21.198359,19.315214,19.799646,20.196058,20.930656,19.432716,19.632883,20.098154,21.262104,18.72833,18.707594,20.532436,20.653662,19.416958,19.390602,20.07475,21.227327,4.0,4.0,0.0,0.0,0.0,0.0,0.0,0.0
22995,2023.0,6.0,9.0,16.0,20.353172,21.223385,20.10231,21.145658,20.226107,20.956676,19.326555,19.526579,19.35027,19.649565,18.722939,18.704123,21.049671,21.760612,19.340773,19.308828,19.26658,19.541977,0.0,4.0,0.0,0.0,0.0,4.0,0.0,0.0
22996,2023.0,6.0,9.0,16.0,19.795156,20.151157,19.778748,20.40878,20.250679,20.977772,19.887348,20.645756,18.9618,19.084007,18.717003,18.700218,21.293007,22.046812,19.294384,19.263258,18.847458,18.95674,4.0,4.0,4.0,0.0,0.0,4.0,0.0,0.0
22997,2023.0,6.0,9.0,16.0,20.23546,21.090792,20.045906,20.9023,20.268984,20.992565,19.46681,19.749006,19.510674,20.14323,18.711264,18.696753,21.34625,22.094923,20.271791,21.141775,18.761969,18.857014,4.0,4.0,0.0,4.0,0.0,4.0,4.0,0.0
22998,2023.0,6.0,9.0,17.0,19.82237,20.177126,20.00244,20.792585,20.288921,21.009014,19.208393,19.41605,20.062145,21.000256,18.70459,18.692547,20.68254,20.79285,19.841959,20.042532,19.5071,20.306358,4.0,4.0,0.0,0.0,0.0,0.0,0.0,4.0
22999,2023.0,6.0,9.0,17.0,19.560457,19.861868,20.025986,20.834116,20.304466,21.018316,19.13573,19.334423,20.038498,20.822893,19.077541,19.403788,21.16647,21.86527,20.5367,21.512856,20.066185,21.140768,0.0,4.0,0.0,4.0,4.0,4.0,4.0,0.0
23000,2023.0,6.0,9.0,17.0,19.482431,19.78353,19.837309,20.425856,20.318033,21.025574,18.997019,19.102242,20.023512,20.791815,20.111256,21.150232,20.669369,20.776793,19.953882,20.159859,19.278479,19.5231,4.0,4.0,0.0,0.0,0.0,0.0,0.0,0.0
23001,2023.0,6.0,9.0,17.0,20.06594,20.917643,20.036812,20.824507,20.329834,21.031166,18.90539,18.989344,19.477612,19.701035,19.409462,19.644749,20.390789,20.410011,19.569273,19.634434,18.87833,18.982214,4.0,4.0,0.0,0.0,0.0,0.0,0.0,0.0
23002,2023.0,6.0,9.0,17.0,20.283627,21.143085,20.020613,20.7864,20.33998,21.03518,19.53789,20.219149,19.155535,19.24956,18.973291,18.994694,21.085247,21.785038,19.46496,19.514109,18.759867,18.845547,0.0,4.0,4.0,0.0,0.0,4.0,0.0,0.0
23003,2023.0,6.0,9.0,17.0,20.335434,21.18602,19.488102,19.742756,20.349136,21.038269,19.773314,20.458698,18.971716,18.971476,18.861822,18.857874,21.306822,22.036942,19.410189,19.456856,18.604856,18.597769,0.0,4.0,4.0,0.0,0.0,4.0,0.0,0.0
23004,2023.0,6.0,9.0,18.0,20.369274,21.212032,19.276825,19.462542,20.356705,21.039856,19.854887,20.5651,18.891811,18.88173,18.823624,18.818604,20.680395,20.816452,19.314932,19.303484,18.537722,18.529625,0.0,4.0,4.0,0.0,0.0,0.0,0.0,0.0
23005,2023.0,6.0,9.0,18.0,21.08948,22.4418,19.104935,19.207153,21.093756,22.31775,21.190228,22.884346,18.837242,18.826141,18.789597,18.784513,21.063675,21.573566,21.312548,22.827854,18.490038,18.482378,0.0,4.0,0.0,0.0,0.0,0.0,0.0,0.0
23006,2023.0,6.0,9.0,18.0,20.999645,22.167212,18.969923,19.048079,21.000973,22.048006,20.993433,22.301857,18.783386,18.77247,19.118904,19.435783,21.298853,22.005571,21.004004,22.119814,19.4039,20.25814,0.0,4.0,4.0,0.0,4.0,4.0,0.0,4.0
23007,2023.0,6.0,9.0,18.0,21.037222,22.195272,18.884163,18.955622,21.03787,22.081272,21.019646,22.243114,18.73619,18.725546,20.11059,21.13447,20.97981,21.39896,21.032734,22.071484,20.075514,21.21289,0.0,0.0,4.0,0.0,0.0,0.0,0.0,0.0
23008,2023.0,6.0,9.0,18.0,21.002888,22.05103,18.81608,18.883596,21.005043,21.945839,21.015572,22.15779,19.441748,20.097588,19.386526,19.59616,21.019909,21.487425,21.028553,21.990145,19.970493,20.83874,0.0,4.0,4.0,4.0,0.0,0.0,0.0,4.0
23009,2023.0,6.0,9.0,18.0,21.008125,22.023273,19.214714,19.679344,21.010511,21.923048,21.040577,22.169903,20.043062,20.95164,18.941805,18.9529,21.016312,21.482634,21.027967,21.936747,20.043386,20.975458,4.0,4.0,0.0,4.0,0.0,0.0,0.0,0.0
23010,2023.0,6.0,9.0,19.0,21.0072,21.992899,20.096386,21.12825,21.009705,21.89615,21.034424,22.106987,20.023928,20.850838,18.828003,18.822338,21.015999,21.484858,21.027916,21.898235,19.26798,19.416187,4.0,4.0,0.0,0.0,0.0,0.0,0.0,0.0
23011,2023.0,6.0,9.0,19.0,21.006735,21.968147,19.992626,20.824383,21.036137,21.947706,21.033253,22.063288,19.975819,20.652334,18.764967,18.754879,21.015846,21.486261,21.02668,21.867165,18.870169,18.893232,4.0,0.0,0.0,4.0,0.0,0.0,0.0,0.0
23012,2023.0,6.0,9.0,19.0,21.061283,22.080593,20.05482,20.900885,21.061941,21.967892,21.02867,21.988949,20.052103,20.813408,18.714422,18.70306,21.03303,21.521109,21.058506,21.904676,18.754986,18.780363,0.0,0.0,4.0,0.0,0.0,0.0,0.0,0.0
23013,2023.0,6.0,9.0,19.0,20.996723,21.898867,19.759678,20.244287,20.999908,21.804619,21.011711,21.943987,19.408703,19.512339,18.673655,18.665442,21.286785,21.978899,21.022776,21.816748,18.643417,18.632818,4.0,4.0,4.0,0.0,0.0,4.0,0.0,0.0
23014,2023.0,6.0,9.0,19.0,21.007298,21.90513,20.07222,20.87994,21.010218,21.812975,21.039377,22.002832,19.784788,20.423498,19.022943,19.36079,20.984678,21.39712,21.027739,21.813803,19.521502,20.37024,0.0,4.0,0.0,4.0,4.0,0.0,0.0,4.0
23015,2023.0,6.0,9.0,19.0,21.006308,21.889977,19.77791,20.235117,21.009111,21.800922,21.007622,21.897926,20.00438,20.674482,20.138191,21.238174,21.205547,21.812696,21.026747,21.801113,20.061766,21.095615,4.0,4.0,4.0,4.0,0.0,4.0,0.0,0.0
23016,2023.0,6.0,9.0,20.0,21.006529,21.877747,20.051672,20.78556,21.035229,21.863081,21.039099,21.965385,20.028812,20.713263,19.320145,19.501032,21.262297,21.862574,21.026997,21.792494,19.179491,19.286795,4.0,0.0,0.0,0.0,0.0,4.0,0.0,0.0
23017,2023.0,6.0,9.0,20.0,21.006397,21.8656,20.003592,20.658201,21.004053,21.763878,21.007593,21.862932,20.014095,20.61617,18.8545,18.855957,21.257744,21.840828,21.02694,21.784433,19.665178,20.468025,4.0,4.0,4.0,4.0,0.0,4.0,0.0,4.0
23018,2023.0,6.0,9.0,20.0,21.059624,21.983994,20.021109,20.667486,21.062363,21.894566,21.069462,21.998007,20.050758,20.711235,18.726835,18.705715,21.245636,21.80996,21.055847,21.832642,20.00933,20.893393,4.0,0.0,0.0,0.0,0.0,4.0,0.0,4.0
23019,2023.0,6.0,9.0,20.0,21.02269,21.883484,20.00792,20.622879,20.997952,21.722296,21.00082,21.815554,20.02045,20.58176,19.074959,19.42387,21.23178,21.7797,21.022104,21.759129,19.995247,20.785318,4.0,4.0,4.0,4.0,4.0,4.0,0.0,4.0
23020,2023.0,6.0,9.0,20.0,21.002028,21.802872,20.010374,20.610916,21.037386,21.810694,21.014715,21.831165,20.029766,20.630724,20.137283,21.21345,21.21483,21.746304,21.027658,21.765078,19.999748,20.75142,4.0,0.0,4.0,0.0,0.0,4.0,0.0,4.0
23021,2023.0,6.0,9.0,20.0,21.03526,21.87863,20.010452,20.595575,21.005003,21.711472,21.03942,21.890106,20.004827,20.533152,19.300482,19.450336,21.195631,21.71045,21.027197,21.759369,20.03654,20.819374,4.0,4.0,0.0,4.0,0.0,4.0,0.0,0.0
23022,2023.0,6.0,9.0,21.0,21.0273,21.84811,20.01046,20.581352,21.038534,21.789541,21.033407,21.861113,20.034138,20.618952,19.210531,19.532393,21.172844,21.668793,21.02652,21.753168,19.997503,20.665867,4.0,0.0,0.0,0.0,4.0,4.0,0.0,4.0
23023,2023.0,6.0,9.0,21.0,21.029737,21.837286,20.029482,20.620838,21.005005,21.688583,21.009298,21.775526,19.35742,19.302965,20.1342,21.111284,21.154985,21.638239,21.027416,21.74968,20.038185,20.768326,0.0,4.0,4.0,0.0,0.0,4.0,0.0,0.0
23024,2023.0,6.0,9.0,21.0,21.023718,21.823675,19.39395,19.383804,21.037918,21.766577,21.040619,21.848303,18.996185,18.869972,19.530113,19.797253,21.010908,21.41055,21.192469,22.02093,19.228477,19.18228,0.0,0.0,0.0,0.0,4.0,0.0,4.0,0.0
23025,2023.0,6.0,9.0,21.0,21.02377,21.821606,19.002419,18.863853,21.031847,21.741156,21.034748,21.822193,18.931625,18.877361,20.115986,20.952229,21.025381,21.446411,21.01,21.680153,18.82765,18.70671,0.0,0.0,0.0,0.0,4.0,0.0,0.0,0.0
23026,2023.0,6.0,9.0,21.0,21.024513,21.818935,18.951073,18.890003,21.03282,21.72944,21.035732,21.809381,19.61752,20.238768,20.02345,20.726763,21.024115,21.445078,21.035667,21.72585,19.589272,20.279194,0.0,0.0,0.0,4.0,0.0,0.0,0.0,4.0
23027,2023.0,6.0,9.0,21.0,21.024014,21.8139,18.906034,18.857372,21.025127,21.717241,21.02771,21.795286,20.026588,20.755604,19.227499,19.151545,21.024757,21.445456,21.032616,21.710522,20.023909,20.823818,0.0,0.0,0.0,4.0,0.0,0.0,0.0,4.0
23028,2023.0,6.0,9.0,22.0,21.049135,21.85658,18.830385,18.769684,21.052498,21.769932,21.05805,21.852182,20.067045,20.788174,18.88828,18.814842,21.036894,21.480661,21.065783,21.763987,20.071022,20.88157,0.0,0.0,0.0,0.0,0.0,0.0,0.0,0.0
23029,2023.0,6.0,9.0,22.0,21.020582,21.793938,19.210758,19.532103,21.022394,21.706617,21.024467,21.780975,19.236086,19.126684,18.794605,18.729485,21.017044,21.447983,21.022104,21.68096,19.161047,19.065298,4.0,0.0,0.0,0.0,0.0,0.0,0.0,0.0
23030,2023.0,6.0,9.0,22.0,21.024628,21.798065,20.115599,21.05491,21.026619,21.713173,21.029428,21.788498,18.813185,18.617992,18.693659,18.624077,21.209843,21.79898,21.028051,21.695591,19.525572,20.068493,0.0,0.0,0.0,0.0,0.0,4.0,0.0,4.0
23031,2023.0,6.0,9.0,22.0,21.023977,21.792982,19.363552,19.481365,21.02613,21.709143,21.028778,21.783785,18.664335,18.458431,18.607912,18.53853,21.003857,21.398983,21.027113,21.69412,20.078955,20.917244,0.0,0.0,0.0,0.0,0.0,0.0,0.0,0.0
23032,2023.0,6.0,9.0,22.0,21.024258,21.789885,18.925724,18.8802,21.026382,21.705992,21.028826,21.779964,18.683973,18.600668,18.527935,18.450666,21.029749,21.449076,21.027597,21.694023,19.126112,19.003555,0.0,0.0,0.0,0.0,0.0,0.0,0.0,0.0
23033,2023.0,6.0,9.0,22.0,21.04967,21.835064,18.780977,18.691717,21.05344,21.75403,21.058685,21.833351,18.65543,18.575397,18.448372,18.360003,21.001827,21.362234,21.055304,21.745497,18.655771,18.4384,0.0,0.0,0.0,0.0,0.0,4.0,0.0,0.0
23034,2023.0,6.0,9.0,23.0,21.02065,21.772564,18.71174,18.622923,21.02221,21.686914,21.024519,21.760693,19.212887,19.677921,18.385162,18.295336,21.033552,21.456915,21.023167,21.677975,18.652828,18.575129,0.0,0.0,0.0,4.0,0.0,0.0,0.0,0.0
23035,2023.0,6.0,9.0,23.0,20.38462,20.547218,18.651686,18.561619,20.343431,20.380438,20.27753,20.324009,19.476288,19.978174,18.327263,18.23681,20.968267,21.297516,20.279154,20.244526,18.603588,18.529503,0.0,0.0,0.0,4.0,0.0,4.0,0.0,0.0
23036,2023.0,6.0,9.0,23.0,20.11379,20.183767,18.607603,18.515373,20.020075,19.924173,19.930567,19.84395,18.76842,18.577572,18.281696,18.188833,20.274317,20.003231,20.00322,19.906534,18.54276,18.467073,0.0,0.0,0.0,0.0,0.0,0.0,0.0,0.0
23037,2023.0,6.0,9.0,23.0,19.984348,20.045153,18.566168,18.472464,19.870432,19.759129,19.76874,19.668385,19.120747,19.408546,18.237951,18.142857,20.0163,19.689281,19.862074,19.76468,18.483671,18.406101,0.0,0.0,0.0,4.0,0.0,0.0,0.0,0.0
23038,2023.0,6.0,9.0,23.0,19.88808,19.948635,18.529049,18.434778,19.762974,19.651114,19.651001,19.550745,18.634941,18.40911,18.197884,18.101536,19.895723,19.572227,19.749487,19.655499,19.16717,19.739454,0.0,0.0,0.0,0.0,0.0,0.0,0.0,4.0
23039,2023.0,6.0,9.0,23.0,19.805582,19.865326,18.493738,18.39856,19.670856,19.558271,19.550629,19.44987,18.433195,18.177814,18.15945,18.06153,19.980543,19.84743,19.647064,19.548056,18.646921,18.609129,0.0,0.0,0.0,0.0,0.0,0.0,0.0,0.0
23040,2023.0,6.0,10.0,0.0,19.729431,19.78523,18.458714,18.360939,19.586212,19.469673,19.45908,19.35408,18.342072,18.084702,18.121414,18.020401,19.952547,19.83055,19.555315,19.452171,18.325829,18.104118,0.0,0.0,0.0,0.0,0.0,0.0,0.0,0.0
23041,2023.0,6.0,10.0,0.0,19.66264,19.716787,18.425793,18.3259,19.511473,19.392708,19.378551,19.271177,18.43887,18.355186,18.085823,17.982506,19.89366,19.770195,19.475136,19.370165,18.21368,17.984583,0.0,0.0,0.0,0.0,0.0,0.0,0.0,0.0
23042,2023.0,6.0,10.0,0.0,19.603172,19.657194,18.395708,18.295063,19.445885,19.327538,19.307955,19.201107,18.40907,18.312664,18.052713,17.94809,19.838968,19.714457,19.403452,19.297844,18.29342,18.222029,0.0,0.0,0.0,0.0,0.0,0.0,0.0,0.0
23043,2023.0,6.0,10.0,0.0,19.548529,19.602383,18.36686,18.26538,19.385614,19.267593,19.243147,19.136755,18.370266,18.272636,18.020926,17.914999,19.787504,19.661966,19.337885,19.231586,18.257196,18.170122,0.0,0.0,0.0,0.0,0.0,0.0,0.0,0.0
23044,2023.0,6.0,10.0,0.0,19.500847,19.557323,18.341393,18.241316,19.333635,19.21969,19.187399,19.085457,18.926619,19.35087,17.992117,17.886736,19.741583,19.617188,19.279787,19.175087,18.219658,18.133118,0.0,0.0,0.0,4.0,0.0,0.0,0.0,0.0
23045,2023.0,6.0,10.0,0.0,19.453897,19.510025,18.314789,18.213919,19.28186,19.168287,19.132063,19.030558,18.521671,18.463955,17.962694,17.856237,19.696722,19.57153,19.224058,19.118864,18.918938,19.481916,0.0,0.0,0.0,0.0,0.0,0.0,0.0,4.0
23046,2023.0,6.0,10.0,1.0,19.409895,19.465319,18.288897,18.187052,19.233114,19.119621,19.080282,18.978817,18.225159,17.97982,17.934017,17.826397,19.654331,19.528202,19.171902,19.066044,18.267754,18.078596,0.0,0.0,0.0,0.0,0.0,0.0,0.0,0.0
23047,2023.0,6.0,10.0,1.0,19.368309,19.422974,18.264074,18.161589,19.187113,19.073553,19.031725,18.929987,18.720154,18.99549,18.206932,18.360275,19.614283,19.487278,19.122795,19.016096,18.051048,17.814312,0.0,0.0,0.0,4.0,4.0,0.0,0.0,0.0
23048,2023.0,6.0,10.0,1.0,19.329317,19.383474,18.240467,18.13754,19.144081,19.03073,18.986403,18.884718,18.858755,19.134787,17.990759,17.888111,19.576725,19.449106,19.07697,18.969706,17.976868,17.741632,0.0,0.0,0.0,4.0,0.0,0.0,0.0,0.0
23049,2023.0,6.0,10.0,1.0,19.291643,19.344118,18.216614,18.11195,19.10164,18.986816,18.941761,18.8384,18.905155,19.179028,17.908936,17.797506,19.540264,19.411285,19.032938,18.9244,18.057774,17.965857,0.0,0.0,0.0,4.0,0.0,0.0,0.0,0.0
23050,2023.0,6.0,10.0,1.0,19.257647,19.309887,18.194853,18.08996,19.063368,18.949305,18.901499,18.798874,18.939598,19.210432,17.87662,17.765007,19.506609,19.377512,18.992283,18.883728,18.044802,17.953056,0.0,0.0,0.0,4.0,0.0,0.0,0.0,0.0
23051,2023.0,6.0,10.0,1.0,19.227234,19.28108,18.175426,18.07225,19.029564,18.918993,18.865978,18.766983,18.36479,18.111847,17.847961,17.738188,19.47603,19.348505,18.955256,18.84844,18.018911,17.928259,0.0,0.0,0.0,0.0,0.0,0.0,0.0,0.0
23052,2023.0,6.0,10.0,2.0,19.193678,19.244946,18.15238,18.047018,18.991573,18.878763,18.826134,18.724737,18.158796,17.871525,17.817513,17.705416,19.443289,19.313946,18.916317,18.807695,17.989649,17.897436,0.0,0.0,0.0,0.0,0.0,0.0,0.0,0.0
23053,2023.0,6.0,10.0,2.0,19.163332,19.214697,18.131784,18.026564,18.957914,18.84591,18.790913,18.690306,18.074198,17.7925,17.790457,17.67834,19.413418,19.284119,18.88066,18.77216,17.961952,17.86971,0.0,0.0,0.0,0.0,0.0,0.0,0.0,0.0
23054,2023.0,6.0,10.0,2.0,19.13388,19.185772,18.112257,18.008043,18.926498,18.816309,18.758116,18.659351,18.183714,18.086735,17.765192,17.65374,19.385084,19.256344,18.846798,18.738901,17.935333,17.843487,0.0,0.0,0.0,0.0,0.0,0.0,0.0,0.0
23055,2023.0,6.0,10.0,2.0,19.10408,19.155525,18.091305,17.986366,18.89408,18.783445,18.724337,18.625057,18.165272,18.06044,17.739552,17.62741,19.356743,19.227535,18.813276,18.705013,17.908653,17.816372,0.0,0.0,0.0,0.0,0.0,0.0,0.0,0.0
23056,2023.0,6.0,10.0,2.0,19.077251,19.130661,18.073149,17.970272,18.86591,18.758436,18.695072,18.599031,18.133316,18.030546,17.716936,17.606565,19.331167,19.20358,18.7827,18.676193,18.61184,19.16284,0.0,0.0,0.0,0.0,0.0,0.0,0.0,4.0
23057,2023.0,6.0,10.0,2.0,19.048815,19.101875,18.053137,17.950203,18.835806,18.728617,18.664001,18.56813,18.682507,19.09101,17.693089,17.582537,19.304644,19.176924,18.751266,18.644669,18.12763,18.086765,0.0,0.0,0.0,4.0,0.0,0.0,0.0,0.0
23058,2023.0,6.0,10.0,3.0,19.020718,19.072474,18.033216,17.930117,18.806307,18.699259,18.633833,18.537914,18.283094,18.214762,17.66977,17.558996,19.278736,19.150839,18.720596,18.613857,17.827915,17.5974,0.0,0.0,0.0,0.0,0.0,0.0,0.0,0.0
23059,2023.0,6.0,10.0,3.0,18.9929,19.043,18.012579,17.908405,18.776394,18.668434,18.603292,18.506304,17.979187,17.709784,17.646204,17.534475,19.252748,19.124008,18.689972,18.582428,17.727495,17.485977,0.0,0.0,0.0,0.0,0.0,0.0,0.0,0.0
23060,2023.0,6.0,10.0,3.0,18.966003,19.015038,17.99183,17.886444,18.746952,18.63807,18.573124,18.475138,17.876316,17.60093,17.623064,17.510504,19.227411,19.098057,18.66019,18.552149,17.813175,17.719572,0.0,0.0,0.0,0.0,0.0,0.0,0.0,0.0
23061,2023.0,6.0,10.0,3.0,18.939798,18.988375,17.972765,17.867884,18.719849,18.611952,18.545258,18.448292,17.989937,17.896618,17.601345,17.48915,19.203302,19.074232,18.631676,18.523972,17.803051,17.709837,0.0,0.0,0.0,0.0,0.0,0.0,0.0,0.0
23062,2023.0,6.0,10.0,3.0,18.917746,18.969992,17.953646,17.849205,18.693176,18.58625,18.517847,18.421885,18.568413,18.985968,17.57994,17.46823,19.179718,19.051138,18.60385,18.496756,17.779451,17.686893,0.0,0.0,0.0,4.0,0.0,0.0,0.0,0.0
23063,2023.0,6.0,10.0,3.0,18.90509,18.9686,17.93378,17.828955,18.66585,18.558857,18.489817,18.393784,18.162981,18.094091,17.557945,17.446,19.155703,19.026949,18.575636,18.46845,17.754108,17.661392,0.0,0.0,0.0,0.0,0.0,0.0,0.0,0.0
23064,2023.0,6.0,10.0,4.0,18.884045,18.948025,17.91431,17.80939,18.639257,18.532585,18.462603,18.366884,17.876596,17.620548,17.536373,17.424522,19.132214,19.00361,18.548065,18.441147,18.456503,19.00585,0.0,0.0,0.0,0.0,0.0,0.0,0.0,4.0
23065,2023.0,6.0,10.0,4.0,18.8628,18.92804,17.89697,17.794075,18.61482,18.510298,18.4377,18.344011,17.771154,17.50476,17.516592,17.40653,19.110533,18.9837,18.52209,18.41678,17.974611,17.935442,0.0,0.0,0.0,0.0,0.0,0.0,0.0,0.0
23066,2023.0,6.0,10.0,4.0,18.841196,18.90725,17.880245,17.779419,18.59091,18.488178,18.41355,18.32144,17.865574,17.757345,17.497465,17.388952,19.08936,18.963999,18.496536,18.392408,17.67106,17.436676,0.0,0.0,0.0,0.0,0.0,0.0,0.0,0.0
23067,2023.0,6.0,10.0,4.0,18.821178,18.889584,17.865139,17.767689,18.569355,18.4702,18.391808,18.30314,18.449394,18.86109,17.48023,17.374578,19.07,18.947384,18.473007,18.371508,17.587688,17.358093,0.0,0.0,0.0,4.0,0.0,0.0,0.0,0.0
23068,2023.0,6.0,10.0,4.0,18.800558,18.870316,17.849564,17.754677,18.547148,18.450462,18.36926,18.282991,18.06335,18.002878,17.462814,17.359228,19.05042,18.92977,18.449179,18.349411,17.660225,17.563225,0.0,0.0,0.0,0.0,0.0,0.0,0.0,0.0
23069,2023.0,6.0,10.0,4.0,18.780127,18.850836,17.833885,17.741142,18.524797,18.430048,18.34644,18.262074,17.78057,17.531948,17.445972,17.344122,19.031313,18.91232,18.425793,18.327414,17.661997,17.576681,0.0,0.0,0.0,0.0,0.0,0.0,0.0,0.0
23070,2023.0,6.0,10.0,5.0,18.760445,18.832644,17.81835,17.727692,18.502813,18.409996,18.323973,18.241508,17.695343,17.447218,17.430481,17.330513,19.013397,18.896267,18.403648,18.306917,17.64182,17.558275,0.0,0.0,0.0,0.0,0.0,0.0,0.0,0.0
23071,2023.0,6.0,10.0,5.0,18.743834,18.820591,17.807207,17.722902,18.485735,18.399414,18.306469,18.230503,17.779724,17.673225,17.419765,17.324957,19.729364,20.267612,18.385674,18.293583,17.62462,17.545612,0.0,0.0,0.0,0.0,0.0,4.0,0.0,0.0
23072,2023.0,6.0,10.0,5.0,18.726904,18.807419,17.796192,17.717583,18.468456,18.387375,18.288641,18.217916,17.79709,17.710701,17.41102,17.320742,19.078672,18.871382,18.36884,18.280548,17.608418,17.533129,0.0,0.0,0.0,0.0,0.0,0.0,0.0,0.0
23073,2023.0,6.0,10.0,5.0,18.709929,18.79356,17.785185,17.71175,18.45086,18.373938,18.270342,18.203766,17.786224,17.704664,17.404734,17.318913,18.88464,18.614363,18.35337,18.268345,17.593864,17.521759,0.0,0.0,0.0,0.0,0.0,0.0,0.0,0.0
23074,2023.0,6.0,10.0,5.0,19.387249,20.08183,17.775476,17.708075,18.43555,18.36471,18.25454,18.194075,18.352541,18.781403,17.401302,17.320131,18.846842,18.590137,18.341003,18.260374,17.582685,17.51487,0.0,0.0,0.0,4.0,0.0,0.0,0.0,0.0
23075,2023.0,6.0,10.0,5.0,18.962212,19.1356,17.765644,17.703714,19.114965,19.66047,18.238155,18.182695,18.002317,17.986042,17.692772,17.869686,18.950727,18.838018,18.330133,18.253374,18.303188,18.883333,0.0,4.0,0.0,0.0,4.0,0.0,0.0,4.0
23076,2023.0,6.0,10.0,6.0,19.297577,19.81549,17.756245,17.699652,18.725721,18.780573,18.914946,19.472046,17.771076,17.602205,17.537142,17.499865,18.979366,18.887014,19.301104,20.093538,18.63281,19.327763,0.0,0.0,4.0,0.0,0.0,0.0,4.0,4.0
23077,2023.0,6.0,10.0,6.0,21.255383,23.19593,17.749887,17.701052,21.25767,23.284184,21.265854,23.48361,17.716053,17.550295,17.758724,17.94546,21.261618,22.84691,21.254824,23.343872,20.187449,21.931175,0.0,4.0,0.0,0.0,4.0,0.0,0.0,4.0
23078,2023.0,6.0,10.0,6.0,20.994282,22.4237,17.744995,17.704247,21.022463,22.551207,21.023514,22.680931,17.793077,17.736574,20.276192,22.246695,21.009373,22.20643,20.987953,22.481478,20.030025,21.4029,0.0,0.0,0.0,0.0,4.0,0.0,4.0,0.0
23079,2023.0,6.0,10.0,6.0,21.054293,22.418621,18.189117,18.544039,21.028786,22.35857,21.032383,22.475693,18.425472,18.90451,19.992311,21.395863,21.005589,22.029667,21.019402,22.349264,18.741215,18.742695,4.0,4.0,4.0,4.0,4.0,4.0,4.0,0.0
23080,2023.0,6.0,10.0,6.0,21.016293,22.222225,20.249325,22.043158,21.027388,22.235697,21.05562,22.410131,20.185553,21.782164,20.052532,21.31283,21.013083,21.928413,21.01305,22.204454,18.966364,19.544104,0.0,4.0,0.0,4.0,0.0,4.0,4.0,4.0
23081,2023.0,6.0,10.0,6.0,21.021109,22.165478,18.978552,19.284395,21.025463,22.149805,21.023518,22.231098,20.023664,21.246021,18.932997,18.99602,21.009655,21.838123,21.011105,22.105282,20.117163,21.400696,0.0,4.0,4.0,0.0,0.0,4.0,4.0,4.0
23082,2023.0,6.0,10.0,7.0,21.018694,22.114944,18.263395,18.288,21.023521,22.087563,21.052483,22.24433,19.453524,19.942535,18.325733,18.185825,21.007557,21.771114,21.008825,22.029406,20.029722,21.117867,0.0,4.0,0.0,4.0,0.0,4.0,4.0,0.0
23083,2023.0,6.0,10.0,7.0,21.044521,22.153053,18.13,18.129124,21.022018,22.04193,21.019396,22.107525,20.103569,21.173666,18.661716,18.940722,21.005493,21.718332,21.006569,21.969975,19.741774,20.41577,0.0,4.0,4.0,4.0,4.0,4.0,4.0,4.0
23084,2023.0,6.0,10.0,7.0,21.037695,22.107233,18.513083,18.899342,21.020727,22.007467,21.049572,22.15376,20.420834,21.707342,20.17187,21.498947,21.004223,21.676872,21.005344,21.923653,20.471191,21.837305,4.0,4.0,0.0,4.0,4.0,4.0,4.0,4.0
23085,2023.0,6.0,10.0,7.0,21.313179,22.612123,20.209764,21.794298,21.21115,22.383327,21.205956,22.435593,20.006561,20.79276,20.018717,21.04057,21.17264,21.999918,21.657705,22.844166,20.032772,20.915506,0.0,0.0,0.0,4.0,0.0,0.0,4.0,0.0
23086,2023.0,6.0,10.0,7.0,21.013338,21.990993,19.085777,19.386059,21.012491,21.936388,21.04108,22.075972,20.034569,20.81772,19.46181,19.828684,21.025795,21.665598,20.99825,21.757801,19.182184,19.225327,0.0,4.0,0.0,0.0,4.0,0.0,4.0,0.0
23087,2023.0,6.0,10.0,7.0,21.012758,21.984238,18.441803,18.497646,21.043259,22.00399,21.034716,22.056154,19.278008,19.307873,20.133419,21.141272,21.006863,21.56855,21.041582,21.86956,18.750229,18.679546,0.0,0.0,0.0,0.0,0.0,4.0,0.0,0.0
23088,2023.0,6.0,10.0,8.0,21.039263,22.052706,18.301128,18.329882,21.036055,21.973734,21.034954,22.04883,18.9048,18.837576,19.303003,19.420006,21.028978,21.624245,21.03117,21.833197,18.634361,18.57263,0.0,0.0,0.0,0.0,0.0,0.0,0.0,0.0
23089,2023.0,6.0,10.0,8.0,20.19925,20.427656,18.675528,19.091902,20.15259,20.264772,20.14329,20.327341,19.48146,20.01623,18.869936,18.842329,20.420763,20.428743,20.218407,20.250937,19.484661,20.243488,4.0,0.0,0.0,4.0,0.0,0.0,0.0,4.0
23090,2023.0,6.0,10.0,8.0,19.872246,20.006273,20.192158,21.711926,19.809732,19.823631,19.736769,19.76897,20.078465,20.984781,18.780008,18.728294,20.903723,21.441053,19.907936,19.827036,20.07725,21.152983,0.0,0.0,0.0,0.0,0.0,4.0,0.0,0.0
23091,2023.0,6.0,10.0,8.0,19.715279,19.862984,19.13832,19.455362,20.276896,20.856888,20.17438,20.766905,19.37581,19.51456,18.729229,18.679554,21.143314,21.765022,20.699059,21.456095,19.23206,19.37976,0.0,4.0,4.0,0.0,0.0,4.0,4.0,0.0
23092,2023.0,6.0,10.0,8.0,19.633781,19.803684,18.701286,18.80246,19.829607,19.961899,19.720972,19.86683,19.093466,19.078642,18.708605,18.659275,20.545715,20.602125,20.0912,20.172007,18.921999,18.914865,0.0,0.0,0.0,0.0,0.0,0.0,0.0,0.0
23093,2023.0,6.0,10.0,8.0,19.555567,19.733719,18.559814,18.621555,20.225529,20.839777,19.459059,19.519098,18.997587,18.954947,18.696852,18.650301,20.317904,20.258642,19.8188,19.77741,18.849293,18.847727,0.0,4.0,0.0,0.0,0.0,0.0,0.0,0.0
23094,2023.0,6.0,10.0,9.0,19.48928,19.675364,18.477547,18.541012,19.778774,19.950508,19.368736,19.450394,18.948149,18.904959,18.69338,18.649708,20.97625,21.56635,20.693584,21.508505,18.77138,18.73912,0.0,0.0,0.0,0.0,0.0,4.0,4.0,0.0
23095,2023.0,6.0,10.0,9.0,19.429459,19.62136,18.421452,18.491016,19.552551,19.645008,19.253538,19.309216,18.917034,18.874441,18.694704,18.65293,20.48654,20.535927,20.098146,20.229769,18.724163,18.687996,0.0,0.0,0.0,0.0,0.0,0.0,0.0,0.0
23096,2023.0,6.0,10.0,9.0,19.37432,19.569235,18.374645,18.44856,19.471779,19.575527,19.16338,19.213593,18.895449,18.853144,18.70172,18.66244,20.314678,20.284115,19.830563,19.81614,18.69477,18.658308,0.0,0.0,0.0,0.0,0.0,0.0,0.0,0.0
23097,2023.0,6.0,10.0,9.0,19.33212,19.536707,18.78855,19.262291,19.359,19.421955,19.781412,20.439833,19.597866,20.19104,18.711962,18.673859,20.291523,20.275059,19.771952,19.77259,18.677553,18.644402,4.0,0.0,4.0,4.0,0.0,0.0,0.0,0.0
23098,2023.0,6.0,10.0,9.0,20.005926,20.846346,20.17662,21.651722,19.282833,19.343525,19.973162,20.690847,20.023495,20.807213,18.727919,18.69235,20.280283,20.276525,20.684725,21.535505,18.666084,18.63508,0.0,0.0,4.0,4.0,0.0,0.0,4.0,0.0
23099,2023.0,6.0,10.0,9.0,19.65507,19.983707,19.20146,19.559135,19.877453,20.520102,20.036184,20.762434,20.118298,20.875225,18.74895,18.71534,20.986408,21.625648,20.175592,20.307756,18.657917,18.629484,0.0,4.0,4.0,4.0,0.0,4.0,0.0,0.0
23100,2023.0,6.0,10.0,10.0,19.520004,19.83768,18.763708,18.889315,19.499954,19.69722,19.549427,19.823446,20.005098,20.62298,18.775581,18.744915,21.267788,22.025093,20.886642,21.75255,18.658863,18.63278,0.0,0.0,0.0,0.0,0.0,4.0,4.0,0.0
23101,2023.0,6.0,10.0,10.0,20.128836,21.021435,18.636583,18.756815,19.332787,19.544817,19.318153,19.548628,19.574947,19.73562,18.805487,18.778095,20.678673,20.810335,20.324903,20.459307,18.661692,18.638578,0.0,0.0,0.0,0.0,0.0,0.0,0.0,0.0
23102,2023.0,6.0,10.0,10.0,19.714474,20.125202,18.575523,18.700302,19.96298,20.751715,19.2713,19.513992,19.447525,19.547392,18.836182,18.812258,20.519567,20.571632,20.102749,20.15266,18.669554,18.649137,0.0,4.0,0.0,0.0,0.0,0.0,0.0,0.0
23103,2023.0,6.0,10.0,10.0,20.202168,21.116146,18.532675,18.666674,20.129593,20.926823,19.248264,19.50966,19.44159,19.557453,18.86844,18.847511,20.510248,20.574919,20.05036,20.117811,18.680117,18.66241,0.0,4.0,0.0,0.0,0.0,0.0,0.0,0.0
23104,2023.0,6.0,10.0,10.0,19.79345,20.245275,18.501362,18.644968,19.670752,20.013023,19.702469,20.371168,19.31398,19.304993,18.902588,18.884064,20.5173,20.59684,20.028797,20.11081,19.586891,20.365606,0.0,0.0,4.0,0.0,0.0,0.0,0.0,4.0
23105,2023.0,6.0,10.0,10.0,19.646069,20.048748,18.476654,18.629412,19.522749,19.816292,19.398394,19.722782,19.269121,19.24417,18.940926,18.926538,20.413912,20.387384,19.896141,19.865196,20.055288,21.04439,0.0,0.0,0.0,0.0,0.0,0.0,0.0,0.0
23106,2023.0,6.0,10.0,11.0,19.61304,20.033018,18.454535,18.617886,19.489344,19.801579,19.276463,19.597712,19.262516,19.241096,18.982887,18.970652,20.38212,20.349031,19.842283,19.809916,19.434324,19.694197,0.0,0.0,0.0,0.0,0.0,0.0,0.0,0.0
23107,2023.0,6.0,10.0,11.0,19.455166,19.74506,18.440294,18.61122,19.314707,19.48106,19.844145,20.67859,19.266493,19.246593,19.023516,19.014442,20.382162,20.349588,19.825377,19.793547,19.27991,19.45541,0.0,0.0,4.0,0.0,0.0,0.0,0.0,0.0
23108,2023.0,6.0,10.0,11.0,19.386284,19.664108,18.427002,18.603685,19.22701,19.366632,19.476477,19.86847,19.275055,19.257286,19.064873,19.058495,20.387936,20.357677,19.816095,19.786112,19.104042,19.10946,0.0,0.0,0.0,0.0,0.0,0.0,0.0,0.0
23109,2023.0,6.0,10.0,11.0,19.35249,19.634453,18.417837,18.601099,19.188152,19.332043,19.365381,19.722515,19.287632,19.27216,19.50722,19.854925,20.396824,20.36923,19.812061,19.784235,19.05654,19.046885,0.0,0.0,0.0,0.0,4.0,0.0,0.0,0.0
23110,2023.0,6.0,10.0,11.0,19.327097,19.614014,18.411982,18.602102,19.839956,20.588812,19.34824,19.717453,19.302937,19.289976,20.060144,20.748585,20.40789,20.383234,19.81178,19.786331,19.049936,19.041382,0.0,4.0,0.0,0.0,0.0,0.0,0.0,0.0
23111,2023.0,6.0,10.0,11.0,19.304096,19.595808,18.808992,19.351366,19.677515,20.106174,19.156235,19.353327,19.320696,19.310375,19.623615,19.76566,20.421055,20.399393,19.814629,19.792915,19.928036,20.702105,4.0,0.0,0.0,0.0,0.0,0.0,0.0,4.0
23112,2023.0,6.0,10.0,12.0,19.28732,19.58205,20.173183,21.681143,20.13366,21.001844,19.07321,19.248323,19.340399,19.333271,19.458864,19.473862,20.436049,20.417755,19.822037,19.803604,20.004375,20.703121,0.0,4.0,0.0,0.0,0.0,0.0,0.0,0.0
23113,2023.0,6.0,10.0,12.0,21.248976,23.041136,19.262197,19.697098,21.097271,22.535772,21.239454,23.075974,19.362637,19.358303,19.456861,19.46529,21.888302,22.971874,21.792732,23.260927,19.661818,19.947634,0.0,4.0,4.0,0.0,0.0,4.0,4.0,0.0
23114,2023.0,6.0,10.0,12.0,20.998264,22.357843,18.755182,18.988598,20.993118,22.206543,21.006533,22.427765,19.387993,19.38679,19.47765,19.486925,21.134148,21.394703,20.957747,21.556377,19.53805,19.77102,0.0,4.0,0.0,0.0,0.0,0.0,0.0,0.0
23115,2023.0,6.0,10.0,12.0,21.03206,22.30743,19.068682,19.633423,21.031162,22.219122,21.030766,22.352093,19.414621,19.416594,19.505068,19.516745,21.711279,22.574373,21.017454,21.626398,19.55343,19.789566,4.0,0.0,0.0,0.0,0.0,4.0,0.0,0.0
23116,2023.0,6.0,10.0,12.0,21.026361,22.216303,20.137344,21.429762,21.022762,22.137344,21.026268,22.257248,19.443216,19.449093,19.53677,19.551905,21.287859,21.565084,21.009617,21.570972,19.370407,19.400482,0.0,0.0,0.0,0.0,0.0,0.0,0.0,0.0
23117,2023.0,6.0,10.0,12.0,21.026054,22.158022,19.550026,20.154863,20.996696,22.01614,21.031296,22.193861,19.472565,19.48213,19.571571,19.590212,21.095821,21.303337,21.00956,21.538551,19.303099,19.312836,0.0,4.0,0.0,0.0,0.0,0.0,0.0,0.0
23118,2023.0,6.0,10.0,13.0,21.025578,22.11378,19.305567,19.843922,21.001043,21.993406,21.029633,22.136744,19.502121,19.51564,19.606905,19.630032,21.835575,22.709656,21.014452,21.510193,19.30291,19.315174,0.0,4.0,0.0,0.0,0.0,4.0,0.0,0.0
23119,2023.0,6.0,10.0,13.0,21.054163,22.131618,19.4225,20.05532,21.002396,21.97017,21.063053,22.155699,19.53278,19.55159,19.645529,19.676186,22.110392,23.018723,21.031126,21.508924,19.312983,19.32927,4.0,4.0,0.0,0.0,0.0,4.0,0.0,0.0
23120,2023.0,6.0,10.0,13.0,21.02009,22.038494,20.102507,21.222595,21.024366,22.017418,21.02323,22.046885,19.559649,19.58094,19.67737,19.709507,22.20079,23.102371,21.010565,21.445175,19.325531,19.345411,0.0,0.0,0.0,0.0,0.0,4.0,0.0,0.0
23121,2023.0,6.0,10.0,13.0,21.02401,22.024574,19.423155,19.801115,21.041021,21.994307,21.027954,22.031239,19.588194,19.613413,19.712414,19.748735,21.616348,21.919859,21.012438,21.42864,19.340862,19.36482,0.0,4.0,0.0,0.0,0.0,0.0,0.0,0.0
23122,2023.0,6.0,10.0,13.0,21.048449,22.051052,19.053862,19.302834,21.03724,21.997229,21.0564,22.062428,19.617664,19.648937,19.749924,19.794882,21.399763,21.627108,21.026264,21.436441,19.358408,19.387484,0.0,0.0,0.0,0.0,0.0,0.0,0.0,0.0
23123,2023.0,6.0,10.0,13.0,21.01889,21.976894,18.989855,19.249662,21.094854,22.05808,21.021948,21.9766,19.64293,19.677402,19.779425,19.826912,22.110617,22.997028,21.009336,21.389208,19.375338,19.40832,0.0,4.0,0.0,0.0,0.0,4.0,0.0,0.0
23124,2023.0,6.0,10.0,14.0,21.016815,21.930014,19.363033,19.986328,21.136435,22.107483,21.02569,21.969032,19.66996,19.70982,19.812418,19.867447,22.362875,23.28376,21.010885,21.380056,19.39471,19.43302,4.0,4.0,0.0,0.0,0.0,4.0,0.0,0.0
23125,2023.0,6.0,10.0,14.0,20.437216,20.840733,20.097723,21.189798,20.652506,21.17986,20.899044,21.681305,19.693357,19.736048,19.840658,19.899076,21.773066,22.095207,20.686144,20.74026,19.411411,19.452202,0.0,0.0,4.0,0.0,0.0,0.0,0.0,0.0
23126,2023.0,6.0,10.0,14.0,20.370789,20.93596,19.469463,19.862402,20.967737,21.918995,20.296577,20.597178,19.715534,19.761436,19.868258,19.930222,22.276289,23.16626,20.542404,20.564318,19.427853,19.471825,0.0,4.0,0.0,0.0,0.0,4.0,0.0,0.0
23127,2023.0,6.0,10.0,14.0,20.368788,20.95444,19.222145,19.498018,21.100382,22.085371,20.315866,20.801142,19.734776,19.784502,19.89306,19.959513,21.778992,22.115858,20.507332,20.527582,19.443226,19.49092,0.0,4.0,0.0,0.0,0.0,0.0,0.0,0.0
23128,2023.0,6.0,10.0,14.0,20.747839,21.661304,19.158737,19.43183,21.151949,22.137177,20.292143,20.78865,20.447958,21.115726,19.916018,19.986883,21.625061,21.887636,20.485098,20.509268,19.457619,19.50886,0.0,4.0,0.0,4.0,0.0,0.0,0.0,0.0
23129,2023.0,6.0,10.0,14.0,20.489084,21.119421,19.11821,19.393047,21.197334,22.183895,20.01641,20.282417,20.751348,21.521887,19.937708,20.013977,22.311567,23.212828,20.468845,20.497168,19.471563,19.526619,0.0,4.0,0.0,4.0,0.0,4.0,0.0,0.0
23130,2023.0,6.0,10.0,15.0,20.986511,22.097195,19.09062,19.367548,21.238035,22.22633,19.88799,20.122887,20.438805,20.850899,20.340992,20.75794,21.827387,22.18097,20.456589,20.48954,19.4852,19.544367,0.0,4.0,0.0,0.0,4.0,0.0,0.0,0.0
23131,2023.0,6.0,10.0,15.0,20.57285,21.20583,19.067951,19.344204,21.270973,22.255405,19.820616,20.052555,20.365736,20.725147,20.14205,20.29208,21.66911,21.942223,20.444979,20.47975,19.495508,19.556248,0.0,4.0,0.0,0.0,0.0,0.0,0.0,0.0
23132,2023.0,6.0,10.0,15.0,20.448753,21.040909,19.05026,19.325832,21.30034,22.280233,20.389797,21.164988,20.372,20.728426,20.055618,20.14698,21.636978,21.909283,20.435492,20.472534,19.504011,19.565975,0.0,4.0,4.0,0.0,0.0,0.0,0.0,0.0
23133,2023.0,6.0,10.0,15.0,20.989256,22.078428,19.036297,19.311152,21.3281,22.303493,20.543587,21.337372,20.383833,20.73915,20.05102,20.140379,21.41262,21.485006,20.42757,20.466866,20.36705,21.19002,0.0,4.0,4.0,0.0,0.0,0.0,0.0,4.0
23134,2023.0,6.0,10.0,15.0,21.156027,22.271461,19.412872,20.020332,21.355095,22.326406,20.799496,21.788767,20.151749,20.26076,20.052834,20.144188,22.088964,22.816557,20.42097,20.462461,20.085833,20.490023,4.0,4.0,4.0,0.0,0.0,4.0,0.0,0.0
23135,2023.0,6.0,10.0,15.0,20.66147,21.276295,20.091063,21.152552,21.381605,22.349094,20.910585,21.909595,20.06858,20.135557,20.057045,20.1508,22.435923,23.378418,20.415636,20.459341,19.996851,20.336475,0.0,4.0,4.0,0.0,0.0,4.0,0.0,0.0
23136,2023.0,6.0,10.0,16.0,21.0735,22.173985,19.854847,20.539825,21.409664,22.372782,20.451113,20.985521,20.046553,20.114702,20.063187,20.158897,22.544844,23.482483,20.410437,20.456478,20.004791,20.342001,4.0,4.0,0.0,0.0,0.0,4.0,0.0,0.0
23137,2023.0,6.0,10.0,16.0,21.207287,22.308891,20.08171,20.979187,20.925404,21.444136,20.310839,20.799147,20.035868,20.104214,20.067833,20.163776,21.942898,22.286139,20.406382,20.453512,19.78002,19.878061,4.0,0.0,0.0,0.0,0.0,0.0,0.0,0.0
23138,2023.0,6.0,10.0,16.0,20.715254,21.314358,19.989096,20.748074,21.244473,22.186295,20.814281,21.783087,20.027689,20.096367,20.07252,20.168444,21.718699,21.98831,20.40093,20.449055,19.688787,19.758095,0.0,4.0,4.0,0.0,0.0,0.0,0.0,0.0
23139,2023.0,6.0,10.0,16.0,20.52951,21.096045,19.831903,20.425379,20.89935,21.417059,21.006882,21.979532,20.746101,21.453344,20.076607,20.172562,21.668427,21.933487,21.356064,22.259863,19.672407,19.739876,0.0,0.0,4.0,4.0,0.0,0.0,4.0,0.0
23140,2023.0,6.0,10.0,16.0,20.487078,21.043568,19.770313,20.3313,21.268354,22.18751,20.545238,21.065022,20.317686,20.49224,20.079803,20.176128,21.639614,21.902615,20.93692,21.278452,19.66742,19.73531,0.0,4.0,0.0,0.0,0.0,0.0,0.0,0.0
23141,2023.0,6.0,10.0,16.0,20.462315,21.012978,19.884838,20.517265,21.385914,22.326853,20.386467,20.846981,20.37746,20.687405,20.082312,20.179285,21.406956,21.461107,20.808998,21.078806,19.66491,19.733696,4.0,4.0,0.0,0.0,0.0,0.0,0.0,0.0
23142,2023.0,6.0,10.0,17.0,20.866852,21.75794,20.031267,20.759428,20.92233,21.420803,20.337679,20.79637,20.422455,20.75683,20.08371,20.181278,22.11122,22.847258,20.797827,21.065418,19.66322,19.73301,0.0,0.0,0.0,0.0,0.0,4.0,0.0,0.0
23143,2023.0,6.0,10.0,17.0,21.193245,22.24866,20.005337,20.640556,21.228085,22.122269,20.652227,21.388098,20.922665,21.65458,20.08257,20.178635,21.826702,22.153027,21.75112,22.86279,19.659552,19.728586,4.0,4.0,4.0,4.0,0.0,0.0,4.0,0.0
23144,2023.0,6.0,10.0,17.0,20.742641,21.322393,20.223946,21.057858,21.359222,22.278435,20.937368,21.869183,20.640762,21.026165,20.079735,20.173813,21.674145,21.923027,21.182127,21.581192,19.656033,19.723999,4.0,4.0,4.0,0.0,0.0,0.0,0.0,0.0
23145,2023.0,6.0,10.0,17.0,20.585629,21.097946,20.320742,21.17159,21.406094,22.315779,21.034817,21.970297,20.524668,20.836079,20.07586,20.16738,21.624752,21.863132,20.937202,21.177715,19.652824,19.719591,4.0,4.0,4.0,0.0,0.0,0.0,0.0,0.0
23146,2023.0,6.0,10.0,17.0,21.12022,22.128418,20.35798,21.193964,21.43924,22.33594,21.083437,22.003786,20.510618,20.81713,20.07277,20.162767,22.173288,22.91236,21.857027,22.942009,19.650896,19.717047,4.0,4.0,4.0,0.0,0.0,4.0,4.0,0.0
23147,2023.0,6.0,10.0,17.0,20.731073,21.28503,20.391506,21.21579,20.9659,21.418932,21.125519,22.03485,20.298105,20.39742,20.068697,20.15665,21.774529,22.07863,21.267145,21.637798,19.649164,19.714573,4.0,0.0,4.0,0.0,0.0,0.0,0.0,0.0
23148,2023.0,6.0,10.0,18.0,20.581024,21.066662,20.421148,21.235098,20.781397,21.163385,21.162395,22.062426,20.208857,20.267414,20.063374,20.148819,21.613861,21.833206,21.011984,21.229034,19.647434,19.712103,4.0,0.0,4.0,0.0,0.0,0.0,0.0,0.0
23149,2023.0,6.0,10.0,18.0,21.137726,22.134996,20.09846,20.602627,21.039923,21.665253,21.18755,22.071182,20.871428,21.542847,20.055967,20.137793,21.569342,21.782879,21.003017,21.255444,19.643927,19.706308,0.0,0.0,4.0,4.0,0.0,0.0,0.0,0.0
23150,2023.0,6.0,10.0,18.0,21.335718,22.327942,19.934385,20.383793,21.329945,22.185404,21.212461,22.080988,20.650864,20.950693,20.04472,20.122332,21.366817,21.415941,21.003475,21.277323,19.638824,19.698635,0.0,4.0,4.0,0.0,0.0,0.0,0.0,0.0
23151,2023.0,6.0,10.0,18.0,20.968323,21.648754,19.881117,20.314888,20.972275,21.494198,20.98975,21.685366,21.201206,22.062664,20.032328,20.106665,21.274803,21.308817,21.008709,21.28937,19.633276,19.690657,0.0,0.0,0.0,4.0,0.0,0.0,0.0,0.0
23152,2023.0,6.0,10.0,18.0,21.298315,22.258043,20.026464,20.577862,21.291653,22.099922,21.017466,21.7336,21.417683,22.271177,20.389763,20.785763,21.224554,21.255648,21.008097,21.289001,20.534239,21.40191,4.0,4.0,0.0,4.0,4.0,0.0,0.0,4.0
23153,2023.0,6.0,10.0,18.0,21.42476,22.376785,20.105877,20.670074,21.423063,22.23621,21.176523,21.99461,20.902702,21.23834,20.222599,20.363552,21.961893,22.689003,21.78273,22.742752,20.254171,20.584951,4.0,4.0,4.0,0.0,0.0,4.0,4.0,0.0
23154,2023.0,6.0,10.0,19.0,20.972952,21.57156,20.278355,20.98611,21.450253,22.24972,20.991215,21.650343,20.688438,20.907574,20.095871,20.163876,22.206154,23.030046,21.205406,21.487463,20.07557,20.299208,4.0,4.0,0.0,0.0,0.0,4.0,0.0,0.0
23155,2023.0,6.0,10.0,19.0,21.016945,21.667315,20.358053,21.061066,21.467638,22.249268,21.017118,21.690662,20.597118,20.794863,20.053524,20.112993,22.278442,23.08124,21.852755,22.865011,20.881601,21.849339,4.0,4.0,0.0,0.0,0.0,4.0,4.0,4.0
23156,2023.0,6.0,10.0,19.0,21.009481,21.650024,20.379263,21.062838,20.979113,21.399733,21.171741,21.943472,20.534908,20.717289,20.39226,20.76969,22.325815,23.109207,22.093882,23.05365,20.413588,20.707039,4.0,0.0,4.0,0.0,4.0,4.0,4.0,0.0
23157,2023.0,6.0,10.0,19.0,21.010422,21.645208,20.391304,21.054724,21.301886,22.031836,20.991253,21.59833,20.36061,20.407724,20.208117,20.32702,21.741886,21.962639,21.347477,21.575994,20.974892,21.924006,4.0,4.0,0.0,0.0,0.0,0.0,0.0,4.0
23158,2023.0,6.0,10.0,19.0,21.247042,22.056515,20.057182,20.409412,21.42792,22.160448,21.162529,21.898619,20.947002,21.580141,20.415472,20.78914,21.457977,21.57261,21.963219,22.934484,20.455143,20.714539,0.0,4.0,4.0,4.0,4.0,0.0,4.0,0.0
23159,2023.0,6.0,10.0,19.0,20.97912,21.559153,20.263536,20.852037,21.445028,22.161331,21.211311,21.941845,20.621042,20.85534,20.31463,20.563374,21.370035,21.46053,21.290722,21.50714,20.213955,20.3572,4.0,4.0,4.0,0.0,0.0,0.0,0.0,0.0
23160,2023.0,6.0,10.0,20.0,21.299551,22.149254,20.373539,20.97779,21.454124,22.153429,21.224602,21.938042,21.08195,21.825968,20.19663,20.379793,21.299286,21.377073,20.995989,21.16645,20.113024,20.236502,4.0,4.0,4.0,4.0,0.0,0.0,0.0,0.0
23161,2023.0,6.0,10.0,20.0,21.416172,22.257195,20.002338,20.336756,20.976318,21.328362,20.990181,21.532372,20.675014,20.879444,20.144531,20.303665,21.182104,21.194225,21.00722,21.218016,20.927721,21.817549,0.0,0.0,0.0,0.0,0.0,0.0,0.0,4.0
23162,2023.0,6.0,10.0,20.0,21.44072,22.25847,19.855566,20.089727,21.018843,21.441246,21.152239,21.823109,21.085272,21.79196,20.010815,20.061071,21.89751,22.613016,21.00672,21.236813,20.420977,20.612106,0.0,0.0,4.0,4.0,0.0,4.0,0.0,0.0
23163,2023.0,6.0,10.0,20.0,20.966003,21.423717,20.13972,20.66562,21.277586,21.920149,21.20674,21.870216,21.253706,21.93304,20.305223,20.66398,21.451815,21.573051,21.00748,21.253239,20.096628,20.188644,4.0,4.0,4.0,4.0,4.0,0.0,0.0,0.0
23164,2023.0,6.0,10.0,20.0,21.018906,21.547417,20.257582,20.789722,20.969927,21.332376,21.211807,21.858953,20.683489,20.819937,20.11018,20.206297,21.17906,21.212715,21.008976,21.264156,20.003492,20.078232,4.0,0.0,4.0,0.0,0.0,0.0,0.0,0.0
23165,2023.0,6.0,10.0,20.0,21.295181,22.051771,20.271368,20.785463,21.240213,21.847313,20.993036,21.4872,20.409113,20.467377,19.935028,19.965113,21.092403,21.108665,21.009008,21.269894,20.801088,21.630775,4.0,4.0,0.0,0.0,0.0,0.0,0.0,4.0
23166,2023.0,6.0,10.0,21.0,21.395954,22.147642,19.985634,20.288164,21.334682,21.939627,21.019562,21.543354,20.310114,20.349913,20.244946,20.594875,21.029228,21.034573,21.701694,22.566334,20.307468,20.43417,0.0,4.0,0.0,0.0,4.0,0.0,4.0,0.0
23167,2023.0,6.0,10.0,21.0,21.426964,22.172369,20.15674,20.614779,20.9749,21.3123,21.133142,21.726759,20.241308,20.27022,20.014597,20.132113,21.733717,22.41682,21.911417,22.723417,19.993275,20.034525,4.0,0.0,4.0,0.0,0.0,4.0,4.0,0.0
23168,2023.0,6.0,10.0,21.0,21.447187,22.180265,19.98349,20.280128,21.22207,21.785137,20.99981,21.483614,20.868275,21.4951,20.260399,20.621399,21.899975,22.518011,21.970171,22.763794,19.902824,19.930647,0.0,4.0,0.0,4.0,4.0,4.0,4.0,0.0
23169,2023.0,6.0,10.0,21.0,21.447416,22.155447,19.777641,19.898916,20.980335,21.320215,21.019459,21.521421,20.46606,20.537542,20.003445,20.116539,21.28094,21.313099,21.189192,21.236233,19.843313,19.861315,0.0,0.0,0.0,0.0,0.0,0.0,0.0,0.0
23170,2023.0,6.0,10.0,21.0,20.971737,21.334734,19.62211,19.681927,21.018581,21.40583,21.10902,21.657652,20.197855,20.193085,19.872555,19.890888,21.013723,20.96642,21.010042,21.13298,20.66123,21.445742,0.0,0.0,4.0,0.0,0.0,0.0,0.0,4.0
23171,2023.0,6.0,10.0,21.0,21.023691,21.48006,19.540838,19.577362,21.028215,21.425322,21.033367,21.507185,20.107483,20.083935,19.797445,19.796408,21.005514,21.022568,21.015577,21.187084,20.90829,21.626389,0.0,0.0,0.0,0.0,0.0,0.0,0.0,4.0
23172,2023.0,6.0,10.0,22.0,21.01068,21.451027,19.498495,19.53459,21.010288,21.393505,21.01741,21.492662,20.07155,20.062342,19.756346,19.755556,21.005466,21.042429,21.009586,21.193747,20.209333,20.243166,0.0,0.0,0.0,0.0,0.0,0.0,0.0,0.0
23173,2023.0,6.0,10.0,22.0,21.01422,21.462965,19.896078,20.31091,21.012953,21.40082,21.018501,21.48945,20.694485,21.275087,20.017014,20.272638,21.00435,21.064747,21.011234,21.211412,19.907131,19.875914,4.0,0.0,0.0,4.0,4.0,0.0,0.0,0.0
23174,2023.0,6.0,10.0,22.0,21.010101,21.46299,20.060266,20.494673,21.01272,21.400988,21.015156,21.483496,20.320711,20.358143,19.996164,20.171238,21.005064,21.084473,21.009268,21.221407,19.810751,19.766615,4.0,0.0,0.0,0.0,0.0,0.0,0.0,0.0
23175,2023.0,6.0,10.0,22.0,21.011095,21.46877,20.008163,20.3835,21.012917,21.40117,21.01565,21.48351,20.03541,19.970314,20.136293,20.417788,21.615353,22.247904,21.009481,21.231184,19.746815,19.695381,0.0,0.0,0.0,0.0,4.0,4.0,0.0,0.0
23176,2023.0,6.0,10.0,22.0,21.011103,21.470766,19.664104,19.700232,21.013014,21.40043,21.015814,21.482006,19.946121,19.871323,20.205397,20.495914,20.999163,21.024424,21.009653,21.238052,20.577232,21.317572,0.0,0.0,0.0,0.0,4.0,0.0,0.0,4.0
23177,2023.0,6.0,10.0,22.0,21.011389,21.471916,19.85692,20.165525,21.012972,21.399088,21.015717,21.479023,20.554398,21.066965,19.98509,20.0971,21.020575,21.090136,21.009981,21.243322,19.978472,20.053698,4.0,0.0,0.0,4.0,0.0,0.0,0.0,0.0
23178,2023.0,6.0,10.0,23.0,21.011246,21.471054,20.024443,20.40815,21.013107,21.398008,21.01567,21.47618,20.22624,20.235046,19.749989,19.656755,21.493145,21.988272,21.01009,21.24687,19.761581,19.680674,0.0,0.0,0.0,0.0,0.0,4.0,0.0,0.0
23179,2023.0,6.0,10.0,23.0,20.70392,20.878588,19.64174,19.642519,20.66376,20.724495,20.596338,20.66712,19.955345,19.857704,19.689701,19.65315,20.974983,20.877884,20.728474,20.706774,19.671684,19.58681,0.0,0.0,0.0,0.0,0.0,0.0,0.0,0.0
23180,2023.0,6.0,10.0,23.0,20.569866,20.697453,19.541834,19.536585,20.488403,20.471035,20.394253,20.381422,19.870832,19.757,19.66189,19.621828,20.785404,20.624992,20.621792,20.576824,19.682978,19.651667,0.0,0.0,0.0,0.0,0.0,0.0,0.0,0.0
23181,2023.0,6.0,10.0,23.0,20.509115,20.635288,19.49734,19.491259,20.417002,20.39765,20.310684,20.296541,19.906752,19.875862,19.62829,19.585825,20.712393,20.550915,20.564524,20.517845,19.66097,19.628063,0.0,0.0,0.0,0.0,0.0,0.0,0.0,0.0
23182,2023.0,6.0,10.0,23.0,20.47899,20.62337,19.460495,19.455835,20.363474,20.346542,20.248192,20.23754,20.471552,20.951176,19.598797,19.555836,20.756796,20.699709,20.51711,20.470516,19.636019,19.602245,0.0,0.0,0.0,4.0,0.0,0.0,0.0,0.0
23183,2023.0,6.0,10.0,23.0,20.440708,20.583902,19.425379,19.418213,20.313076,20.29401,20.189898,20.177322,20.069908,20.069992,19.568768,19.523312,20.733551,20.67579,20.472975,20.42432,19.61072,19.57491,0.0,0.0,0.0,0.0,0.0,0.0,0.0,0.0
23184,2023.0,6.0,11.0,0.0,20.403362,20.543386,19.393215,19.383116,20.267372,20.245651,20.13747,20.122334,19.850777,19.720852,19.850174,20.073545,20.697655,20.636906,20.432308,20.381193,19.586151,19.548008,0.0,0.0,0.0,0.0,4.0,0.0,0.0,0.0
23185,2023.0,6.0,11.0,0.0,20.371948,20.511856,19.367163,19.35746,20.229202,20.20843,20.093725,20.079742,20.346258,20.708313,19.638153,19.617516,20.667093,20.606352,20.397345,20.346382,19.564886,19.526655,0.0,0.0,0.0,4.0,0.0,0.0,0.0,0.0
23186,2023.0,6.0,11.0,0.0,20.343065,20.48258,19.343803,19.334438,20.194382,20.174294,20.054077,20.040848,19.928068,19.818552,19.551332,19.503414,20.638634,20.57773,20.365227,20.314146,19.545046,19.506607,0.0,0.0,0.0,0.0,0.0,0.0,0.0,0.0
23187,2023.0,6.0,11.0,0.0,20.315262,20.453135,19.320763,19.31013,20.160244,20.13873,20.015453,20.00059,19.791428,19.655386,19.518902,19.46854,20.61116,20.54897,20.334576,20.282316,19.525772,19.48642,0.0,0.0,0.0,0.0,0.0,0.0,0.0,0.0
23188,2023.0,6.0,11.0,0.0,20.291948,20.430801,19.302788,19.2944,20.133017,20.114542,19.984835,19.973394,20.405767,20.864359,19.494354,19.445726,20.588163,20.527245,20.308605,20.25759,19.509321,19.470694,0.0,0.0,0.0,4.0,0.0,0.0,0.0,0.0
23189,2023.0,6.0,11.0,0.0,20.268454,20.406847,19.284092,19.276155,20.105139,20.087347,19.95365,19.942972,19.943419,19.854895,19.471056,19.422228,20.565428,20.504463,20.283115,20.232075,19.492958,19.454216,0.0,0.0,0.0,0.0,0.0,0.0,0.0,0.0
23190,2023.0,6.0,11.0,1.0,20.246588,20.384624,19.266596,19.259174,20.079056,20.06204,19.92467,19.914846,19.782738,19.650984,19.450016,19.401207,20.544327,20.48346,20.259417,20.208496,20.208944,20.815994,0.0,0.0,0.0,0.0,0.0,0.0,0.0,4.0
23191,2023.0,6.0,11.0,1.0,20.224562,20.361097,19.24864,19.240396,20.053015,20.035398,19.89617,19.88572,20.284233,20.635237,19.429537,19.379627,20.523489,20.46171,20.236128,20.184364,19.735256,19.754564,0.0,0.0,0.0,4.0,0.0,0.0,0.0,0.0
23192,2023.0,6.0,11.0,1.0,20.203058,20.337915,19.230867,19.221472,20.027678,20.009167,19.868847,19.857409,19.874372,19.760235,19.409851,19.358711,20.503353,20.44056,20.213627,20.16094,19.511477,19.400822,0.0,0.0,0.0,0.0,0.0,0.0,0.0,0.0
23193,2023.0,6.0,11.0,1.0,20.181608,20.314066,19.212307,19.200443,20.001722,19.980804,19.841055,19.827044,19.735619,19.590506,19.390022,19.336725,20.4832,20.418674,20.19122,20.136955,19.442495,19.322348,0.0,0.0,0.0,0.0,0.0,0.0,0.0,0.0
23194,2023.0,6.0,11.0,1.0,20.162703,20.294806,19.197197,19.185905,19.980116,19.960388,19.817963,19.805285,20.35388,20.807638,19.373192,19.320158,20.465544,20.401228,20.171217,20.117208,19.471695,19.422651,0.0,0.0,0.0,4.0,0.0,0.0,0.0,0.0
23195,2023.0,6.0,11.0,1.0,20.142809,20.273191,19.180676,19.168152,19.957026,19.936323,19.793324,19.779705,19.979164,19.973253,19.3554,19.301197,20.447168,20.381872,20.150553,20.095652,19.464499,19.42076,0.0,0.0,0.0,0.0,0.0,0.0,0.0,0.0
23196,2023.0,6.0,11.0,2.0,20.122911,20.250956,19.16327,19.148268,19.93311,19.910023,19.76791,19.751863,19.7431,19.587484,19.337078,19.280828,20.428476,20.361519,20.12963,20.073217,19.444818,19.399727,0.0,0.0,0.0,0.0,0.0,0.0,0.0,0.0
23197,2023.0,6.0,11.0,2.0,20.10479,20.231916,19.148567,19.133512,19.912485,19.889803,19.746096,19.730572,19.673325,19.519417,19.63121,19.846441,20.411491,20.344305,20.1103,20.053705,19.426447,19.381056,0.0,0.0,0.0,0.0,4.0,0.0,0.0,0.0
23198,2023.0,6.0,11.0,2.0,20.085608,20.210772,19.132626,19.115934,19.89053,19.866468,19.723034,19.706123,19.716322,19.655891,19.408016,19.36045,20.393764,20.325436,20.090288,20.032658,19.407541,19.36099,0.0,0.0,0.0,0.0,0.0,0.0,0.0,0.0
23199,2023.0,6.0,11.0,2.0,20.06677,20.190248,19.11668,19.098007,19.868675,19.842949,19.70026,19.681643,19.704433,19.645802,19.344902,19.285196,20.376066,20.30655,20.070333,20.01167,19.388994,19.341284,0.0,0.0,0.0,0.0,0.0,0.0,0.0,0.0
23200,2023.0,6.0,11.0,2.0,20.048862,20.171295,19.102705,19.083805,19.849154,19.82367,19.68,19.661665,19.681894,19.624004,19.63044,19.84256,20.359346,20.28957,20.051271,19.9924,19.37159,19.323565,0.0,0.0,0.0,0.0,4.0,0.0,0.0,0.0
23201,2023.0,6.0,11.0,2.0,20.029978,20.15044,19.087334,19.06673,19.828104,19.801195,19.658253,19.638462,19.657755,19.598642,19.40003,19.349405,20.34164,20.270704,20.031242,19.971327,19.353443,19.304277,0.0,0.0,0.0,0.0,0.0,0.0,0.0,0.0
23202,2023.0,6.0,11.0,3.0,20.011639,20.130388,19.071877,19.04923,19.80706,19.778437,19.636637,19.615084,19.633743,19.573305,19.332003,19.26878,20.323835,20.25169,20.011148,19.95018,19.3354,19.285082,0.0,0.0,0.0,0.0,0.0,0.0,0.0,0.0
23203,2023.0,6.0,11.0,3.0,19.993727,20.111046,19.057205,19.033228,19.787058,19.757462,19.616135,19.59359,19.610794,19.549545,19.301983,19.237732,20.306398,20.233442,19.991365,19.929684,19.317781,19.26664,0.0,0.0,0.0,0.0,0.0,0.0,0.0,0.0
23204,2023.0,6.0,11.0,3.0,19.976744,20.093496,19.043953,19.020252,19.768866,19.740068,19.597515,19.575802,19.589565,19.528917,19.276745,19.213572,20.289913,20.21722,19.972454,19.911102,20.032457,20.627277,0.0,0.0,0.0,0.0,0.0,0.0,0.0,4.0
23205,2023.0,6.0,11.0,3.0,19.958628,20.073765,19.029064,19.003994,19.748976,19.719053,19.577328,19.554415,20.152563,20.605772,19.548521,19.742386,20.272226,20.198631,19.952349,19.890182,19.55683,19.565626,0.0,0.0,0.0,4.0,4.0,0.0,0.0,0.0
23206,2023.0,6.0,11.0,3.0,19.940823,20.054317,19.014244,18.9877,19.729174,19.69805,19.55751,19.533237,20.387081,20.91683,19.351036,19.315104,20.25443,20.179895,19.932116,19.8691,20.0254,20.511963,0.0,0.0,0.0,4.0,0.0,0.0,0.0,4.0
23207,2023.0,6.0,11.0,3.0,19.923943,20.036158,18.999924,18.972137,19.709871,19.67791,19.53844,19.513117,19.744987,19.613997,19.264545,19.19907,20.23686,20.161682,19.912102,19.84855,19.474758,19.357836,0.0,0.0,0.0,0.0,0.0,0.0,0.0,0.0
23208,2023.0,6.0,11.0,4.0,19.90735,20.01835,18.98564,18.956673,19.690723,19.657953,19.519588,19.49327,19.545961,19.36052,19.232586,19.165644,20.219273,20.143501,20.812819,21.562662,19.303087,19.146395,0.0,0.0,0.0,0.0,0.0,0.0,4.0,0.0
23209,2023.0,6.0,11.0,4.0,19.89086,20.001036,18.971767,18.942223,19.672222,19.638994,19.501091,19.474302,19.47579,19.291302,19.494493,19.678534,20.201897,20.125822,20.101566,20.003033,19.932041,20.381308,0.0,0.0,0.0,0.0,4.0,0.0,0.0,4.0
23210,2023.0,6.0,11.0,4.0,19.882153,19.999426,18.958044,18.927937,19.65405,19.620214,19.482729,19.455387,19.52641,19.44894,19.307018,19.27353,20.18445,20.107956,19.86727,19.685364,19.432005,19.309519,0.0,0.0,0.0,0.0,0.0,0.0,0.0,0.0
23211,2023.0,6.0,11.0,4.0,19.87634,20.000385,18.943361,18.911585,19.63473,19.599125,19.463417,19.434252,19.523108,19.455385,19.21092,19.140347,20.166237,20.088577,19.796995,19.6118,19.263943,19.100702,0.0,0.0,0.0,0.0,0.0,0.0,0.0,0.0
23212,2023.0,6.0,11.0,4.0,19.861952,19.985268,18.929901,18.89774,19.616732,19.580866,19.445498,19.416016,19.498512,19.431526,19.17861,19.107754,20.148983,20.07109,19.861496,19.794695,19.308533,19.250418,0.0,0.0,0.0,0.0,0.0,0.0,0.0,0.0
23213,2023.0,6.0,11.0,4.0,19.846897,19.969303,18.916422,18.883898,19.598738,19.562641,19.427525,19.397795,19.473896,19.406733,19.149889,19.078848,20.132093,20.053991,19.849594,19.783,19.287724,19.229914,0.0,0.0,0.0,0.0,0.0,0.0,0.0,0.0
23214,2023.0,6.0,11.0,5.0,19.832026,19.954147,18.90402,18.872427,19.58206,19.547174,19.410807,19.382305,19.451311,19.385323,19.12596,19.056433,20.830002,21.389488,19.828238,19.762527,19.262003,19.20531,0.0,0.0,0.0,0.0,0.0,4.0,0.0,0.0
23215,2023.0,6.0,11.0,5.0,19.819273,19.943436,18.893814,18.86536,19.567503,19.535686,19.396011,19.370623,20.004726,20.443829,19.105673,19.038929,20.230406,20.10082,20.7333,21.487268,19.239197,19.1849,0.0,0.0,0.0,4.0,0.0,0.0,4.0,0.0
23216,2023.0,6.0,11.0,5.0,19.807638,19.934074,18.885012,18.860296,19.554394,19.5259,19.38235,19.36044,19.65645,19.664234,19.0891,19.025316,20.04518,19.844452,20.029182,19.942055,19.945042,20.533224,0.0,0.0,0.0,0.0,0.0,0.0,0.0,4.0
23217,2023.0,6.0,11.0,5.0,20.444546,21.139688,18.876616,18.85561,20.20856,20.769796,19.36919,19.350615,19.96683,20.294437,19.075737,19.014927,20.006216,19.812529,19.80514,19.641071,19.38159,19.299257,0.0,4.0,0.0,4.0,0.0,0.0,0.0,0.0
23218,2023.0,6.0,11.0,5.0,20.655664,21.392233,18.868502,18.85117,19.832329,19.91507,20.029053,20.605354,19.557476,19.43983,19.065739,19.007988,20.084078,20.003727,19.750675,19.592987,19.20427,19.068169,0.0,0.0,4.0,0.0,0.0,0.0,0.0,0.0
23219,2023.0,6.0,11.0,5.0,20.019968,20.104921,18.860588,18.84686,19.531618,19.40193,19.64528,19.73296,19.415422,19.263206,19.059217,19.004553,20.862425,21.468138,19.713856,19.56352,19.16183,19.032372,0.0,0.0,0.0,0.0,0.0,4.0,0.0,0.0
23220,2023.0,6.0,11.0,6.0,20.469076,21.05105,18.852842,18.842693,19.448406,19.303778,19.360035,19.253052,19.379143,19.23501,19.05627,19.004725,20.933825,21.429605,20.697886,21.455858,19.204697,19.153189,0.0,0.0,0.0,0.0,0.0,4.0,4.0,0.0
23221,2023.0,6.0,11.0,6.0,21.083466,22.071634,18.847084,18.842299,21.168476,22.37903,21.22086,22.608162,19.43646,19.382236,19.34894,19.554089,21.03499,21.568073,21.628054,22.748888,19.215132,19.176619,0.0,4.0,0.0,0.0,4.0,0.0,4.0,0.0
23222,2023.0,6.0,11.0,6.0,20.989288,21.763248,19.30303,19.708452,21.011074,21.91886,20.997593,21.99095,19.463188,19.422174,20.077627,20.728249,21.016846,21.460892,21.009853,21.618145,19.213154,19.179304,4.0,0.0,0.0,0.0,4.0,0.0,0.0,0.0
23223,2023.0,6.0,11.0,6.0,21.003078,21.734417,20.078714,20.9378,21.005068,21.78052,21.029362,21.9483,19.464907,19.429333,19.992184,20.460733,21.176786,21.683216,21.235142,21.94228,19.994112,20.659355,4.0,4.0,0.0,0.0,4.0,4.0,4.0,4.0
23224,2023.0,6.0,11.0,6.0,21.028658,21.770466,20.012442,20.708015,21.032589,21.79024,20.996096,21.791996,19.469595,19.439045,20.020107,20.450317,21.281372,21.801924,21.36594,22.08199,19.98436,20.406673,0.0,0.0,4.0,0.0,0.0,4.0,4.0,0.0
23225,2023.0,6.0,11.0,6.0,20.994802,21.652098,19.402351,19.458311,20.99991,21.655493,21.010685,21.76806,19.477673,19.451498,19.592388,19.561172,21.356663,21.88302,20.976398,21.363373,19.547533,19.505768,0.0,4.0,4.0,0.0,0.0,4.0,0.0,0.0
23226,2023.0,6.0,11.0,7.0,21.000282,21.64684,19.112473,19.095434,21.005192,21.636671,21.033516,21.799112,20.095612,20.609903,19.402435,19.322964,21.430412,21.965214,21.393919,22.124527,20.186035,20.837032,0.0,4.0,0.0,4.0,0.0,4.0,4.0,4.0
23227,2023.0,6.0,11.0,7.0,21.014452,21.662817,19.533846,19.952484,21.003597,21.614286,21.026798,21.754877,20.495678,21.123722,19.790216,20.089685,21.504812,22.05124,21.566984,22.304432,19.963425,20.243807,4.0,4.0,0.0,4.0,4.0,4.0,4.0,0.0
23228,2023.0,6.0,11.0,7.0,21.038612,21.697144,20.047935,20.746038,21.002901,21.59933,21.0003,21.657904,19.95639,20.078737,20.024275,20.39384,20.959753,21.05694,20.9431,21.17757,19.654924,19.627024,4.0,4.0,4.0,0.0,0.0,0.0,0.0,0.0
23229,2023.0,6.0,11.0,7.0,21.063929,21.7316,19.998459,20.580702,21.002182,21.588482,21.031439,21.72886,19.778578,19.733372,20.094496,20.445784,21.496332,22.089071,21.527227,22.29444,19.539156,19.499428,4.0,4.0,0.0,0.0,4.0,4.0,4.0,0.0
23230,2023.0,6.0,11.0,7.0,21.015625,21.6611,20.022146,20.600304,21.001404,21.580006,21.024271,21.70169,19.72208,19.676027,20.124756,20.436396,20.976973,21.06374,21.735558,22.501698,19.529823,19.505527,0.0,4.0,0.0,0.0,4.0,0.0,4.0,0.0
23231,2023.0,6.0,11.0,7.0,21.019606,21.663137,19.927462,20.359957,21.027016,21.645903,21.024303,21.690886,19.728487,19.69202,20.185585,20.506247,21.55196,22.16705,20.953045,21.101774,19.52831,19.503992,4.0,0.0,0.0,0.0,4.0,4.0,0.0,0.0
23232,2023.0,6.0,11.0,8.0,21.121948,21.822838,20.015423,20.529552,21.020527,21.622402,21.021034,21.680912,19.741274,19.709118,19.988949,20.130487,21.085493,21.118517,21.66928,22.490042,19.529161,19.503935,4.0,0.0,0.0,0.0,0.0,0.0,4.0,0.0
23233,2023.0,6.0,11.0,8.0,20.60707,20.829092,19.998499,20.480213,20.505531,20.623554,20.462786,20.603296,19.755026,19.72249,20.224737,20.54301,20.83735,20.778915,21.063662,21.130522,19.535177,19.50884,4.0,0.0,0.0,0.0,4.0,0.0,0.0,0.0
23234,2023.0,6.0,11.0,8.0,20.36289,20.550816,20.018116,20.523952,20.235867,20.297504,20.146303,20.210855,19.770828,19.737082,20.01059,20.10068,20.800024,20.745975,21.691044,22.516449,19.544874,19.517313,0.0,0.0,0.0,0.0,0.0,0.0,4.0,0.0
23235,2023.0,6.0,11.0,8.0,20.298086,20.50767,19.683094,19.868645,20.12704,20.175165,20.023407,20.079193,19.789593,19.754309,20.286167,20.598024,21.501202,22.084715,21.137634,21.237883,20.428848,21.175415,0.0,0.0,0.0,0.0,4.0,4.0,0.0,4.0
23236,2023.0,6.0,11.0,8.0,20.268963,20.4967,19.546143,19.688906,20.067019,20.114956,19.95687,20.013628,19.810791,19.774187,20.100367,20.165022,21.102283,21.192738,20.874851,20.842884,19.961052,20.199883,0.0,0.0,0.0,0.0,0.0,0.0,0.0,0.0
23237,2023.0,6.0,11.0,8.0,20.867903,21.660164,19.429577,19.519154,20.01239,20.066284,19.893415,19.95632,19.83525,19.797024,20.017555,20.040565,20.89769,20.885357,20.789564,20.761206,19.798187,19.840403,0.0,0.0,0.0,0.0,0.0,0.0,0.0,0.0
23238,2023.0,6.0,11.0,9.0,20.449272,20.753063,19.36737,19.448578,19.973505,20.0322,19.84882,19.91617,19.861233,19.821787,20.366997,20.670238,20.88985,20.873291,20.760082,20.739647,19.784407,19.816505,0.0,0.0,0.0,0.0,4.0,0.0,0.0,0.0
23239,2023.0,6.0,11.0,9.0,20.318758,20.590075,19.330925,19.417377,19.938473,20.002863,19.808708,19.88156,19.889608,19.848772,20.141935,20.14672,20.86841,20.819744,20.746656,20.73498,19.80969,19.84826,0.0,0.0,0.0,0.0,0.0,0.0,0.0,0.0
23240,2023.0,6.0,11.0,9.0,20.28626,20.57105,19.734488,20.203684,19.909428,19.98061,20.435345,21.095531,19.918692,19.87548,20.075771,20.02701,21.616076,22.233051,20.69468,20.644041,19.763107,19.730463,4.0,0.0,4.0,0.0,0.0,4.0,0.0,0.0
23241,2023.0,6.0,11.0,9.0,20.844662,21.642967,20.037563,20.688608,19.883207,19.960436,20.033157,20.20818,19.950478,19.905876,20.088192,20.033978,21.203451,21.2959,20.674137,20.619358,19.763304,19.724707,0.0,0.0,0.0,0.0,0.0,0.0,0.0,0.0
23242,2023.0,6.0,11.0,9.0,21.099638,21.950123,19.611029,19.79798,19.856888,19.940533,19.887245,20.089432,19.986523,19.940744,20.11338,20.057007,21.05081,21.07501,20.664774,20.609596,19.782072,19.742262,0.0,0.0,0.0,0.0,0.0,0.0,0.0,0.0
23243,2023.0,6.0,11.0,9.0,20.598377,20.955095,19.891932,20.398544,19.837982,19.927841,19.88717,20.107454,20.02229,19.975685,20.145073,20.087414,21.07077,21.099134,20.663902,20.608248,19.803692,19.762802,4.0,0.0,0.0,0.0,0.0,0.0,0.0,0.0
23244,2023.0,6.0,11.0,10.0,20.45639,20.780989,20.022732,20.608278,19.82044,19.916332,19.759092,19.866035,20.061436,20.016237,20.183006,20.127573,21.10733,21.147264,20.666922,20.611284,19.828922,19.788366,0.0,0.0,0.0,0.0,0.0,0.0,0.0,0.0
23245,2023.0,6.0,11.0,10.0,20.413443,20.755945,19.802465,20.144848,19.80516,19.908957,19.710524,19.825191,20.098757,20.050087,20.219618,20.160257,21.829082,22.479706,21.707823,22.572092,19.854668,19.812,0.0,0.0,0.0,0.0,0.0,4.0,4.0,0.0
23246,2023.0,6.0,11.0,10.0,20.392466,20.74833,19.724224,20.040009,19.79402,19.904255,19.687237,19.805414,20.1367,20.088568,20.260393,20.20197,21.438957,21.587017,21.173483,21.334528,19.882292,19.839912,0.0,0.0,0.0,0.0,0.0,0.0,0.0,0.0
23247,2023.0,6.0,11.0,10.0,20.894299,21.698324,19.56236,19.738995,19.785051,19.90211,19.671621,19.796694,20.86873,21.435303,20.302397,20.244804,21.326696,21.393469,21.007753,21.076597,19.91091,19.8688,0.0,0.0,0.0,4.0,0.0,0.0,0.0,0.0
23248,2023.0,6.0,11.0,10.0,20.583408,21.02071,19.483093,19.636185,19.77814,19.902128,19.658495,19.789341,20.513088,20.576948,20.345877,20.289427,22.07858,22.802,21.00895,21.084307,20.793097,21.509918,0.0,0.0,0.0,0.0,0.0,4.0,0.0,4.0
23249,2023.0,6.0,11.0,10.0,20.475834,20.87555,19.452229,19.610004,19.77297,19.903996,19.648441,19.785683,20.515104,20.612165,20.391153,20.337427,22.319319,23.09887,21.025772,21.1115,20.438192,20.638016,0.0,0.0,0.0,0.0,0.0,4.0,0.0,0.0
23250,2023.0,6.0,11.0,11.0,20.473743,20.899162,19.433395,19.599344,20.428873,21.147358,19.641256,19.785208,20.601505,20.735142,20.436745,20.385614,21.757868,21.931753,20.921381,20.887964,20.355087,20.494234,0.0,4.0,0.0,0.0,0.0,0.0,0.0,0.0
23251,2023.0,6.0,11.0,11.0,20.328602,20.623264,19.85043,20.400208,20.047314,20.277683,20.243572,20.923244,20.659126,20.80273,20.481709,20.431982,21.6361,21.735674,20.89726,20.849644,20.38463,20.528204,4.0,0.0,4.0,0.0,0.0,0.0,0.0,0.0
23252,2023.0,6.0,11.0,11.0,20.270283,20.552969,20.020329,20.638962,20.085976,20.435429,19.868614,20.083815,20.539265,20.515257,20.527557,20.479668,21.64266,21.747456,20.901867,20.854254,20.423107,20.57359,0.0,0.0,0.0,0.0,0.0,0.0,0.0,0.0
23253,2023.0,6.0,11.0,11.0,20.240685,20.527079,20.058287,20.628847,20.13173,20.495087,20.441013,21.282915,20.51347,20.470463,20.950567,21.229233,21.662533,21.77485,20.911705,20.864935,20.298998,20.286385,4.0,0.0,4.0,0.0,4.0,0.0,0.0,0.0
23254,2023.0,6.0,11.0,11.0,20.861107,21.710094,20.288326,21.04705,19.960833,20.150162,20.687386,21.586306,20.536785,20.49265,20.80074,20.829191,22.31032,22.973557,20.925219,20.879944,20.274313,20.239119,4.0,0.0,4.0,0.0,0.0,4.0,0.0,0.0
23255,2023.0,6.0,11.0,11.0,20.62877,21.160067,20.069595,20.572384,20.527485,21.247463,20.285845,20.745234,20.566177,20.522676,20.741322,20.702345,21.952488,22.169271,21.957624,22.816978,20.289951,20.254658,0.0,4.0,0.0,0.0,0.0,0.0,4.0,0.0
23256,2023.0,6.0,11.0,12.0,21.133793,22.133821,20.341385,21.105099,20.348225,20.796465,20.166334,20.570135,20.59808,20.556744,20.772205,20.730371,21.842325,21.979958,21.502457,21.73576,20.311726,20.278133,4.0,0.0,0.0,0.0,0.0,0.0,0.0,0.0
23257,2023.0,6.0,11.0,12.0,20.983465,21.779701,20.146017,20.667343,21.108679,22.146143,21.126791,22.266102,20.630453,20.591402,20.809357,20.768879,21.856108,21.998945,22.316109,23.30537,20.335112,20.303139,0.0,0.0,0.0,0.0,0.0,0.0,4.0,0.0
23258,2023.0,6.0,11.0,12.0,21.303303,22.32188,20.390278,21.177816,20.999977,21.848143,21.000196,21.922533,20.664637,20.627127,20.851744,20.813366,21.711609,21.69415,21.805721,22.043367,20.361923,20.331669,4.0,0.0,0.0,0.0,0.0,0.0,0.0,0.0
23259,2023.0,6.0,11.0,12.0,20.953222,21.618313,20.214577,20.733225,21.0196,21.818228,21.0222,21.891935,20.700722,20.667263,21.290508,21.603662,21.658005,21.61711,21.550232,21.708101,20.390432,20.363111,0.0,0.0,0.0,0.0,4.0,0.0,0.0,0.0
23260,2023.0,6.0,11.0,12.0,21.013243,21.724928,20.130865,20.639086,21.01618,21.762926,21.018105,21.831415,20.73589,20.706017,21.131338,21.151024,21.659307,21.6199,21.53837,21.699902,20.41871,20.393976,0.0,0.0,0.0,0.0,0.0,0.0,0.0,0.0
23261,2023.0,6.0,11.0,12.0,21.005358,21.699429,19.887522,20.15962,21.016579,21.72793,21.018656,21.793589,20.768225,20.740238,21.057844,21.037178,22.43696,23.09024,21.551334,21.719995,20.446321,20.423542,0.0,0.0,0.0,0.0,0.0,4.0,0.0,0.0
23262,2023.0,6.0,11.0,13.0,21.012901,21.690401,19.758812,19.997122,21.015892,21.69948,21.017952,21.763031,20.801498,20.777258,21.07549,21.051834,22.874573,23.712938,22.386707,23.26884,20.475075,20.455433,0.0,0.0,0.0,0.0,0.0,4.0,4.0,0.0
23263,2023.0,6.0,11.0,13.0,21.011606,21.669497,20.109674,20.681847,21.01512,21.676275,21.01729,21.73895,20.833082,20.811558,21.105936,21.08522,22.366652,22.625488,21.958946,22.204098,20.503252,20.486267,4.0,0.0,0.0,0.0,0.0,0.0,0.0,0.0
23264,2023.0,6.0,11.0,13.0,21.02483,21.678854,20.297619,20.917896,21.031858,21.689322,21.036373,21.75553,20.866623,20.850029,21.141607,21.12758,22.19131,22.382853,21.750027,21.933306,20.532763,20.520342,4.0,0.0,0.0,0.0,0.0,0.0,0.0,0.0
23265,2023.0,6.0,11.0,13.0,21.341812,22.245443,20.240782,20.7981,21.010923,21.634962,21.012297,21.693842,20.896067,20.881767,21.173311,21.161592,22.194168,22.393257,21.743538,21.934341,20.55944,20.549274,0.0,0.0,0.0,0.0,0.0,0.0,0.0,0.0
23266,2023.0,6.0,11.0,13.0,21.061317,21.63478,20.605202,21.483122,21.196234,21.951935,21.016485,21.689905,20.925692,20.914198,21.205349,21.19698,22.208393,22.4144,21.753267,21.950686,20.585884,20.578453,4.0,4.0,0.0,0.0,0.0,0.0,0.0,0.0
23267,2023.0,6.0,11.0,13.0,21.00341,21.612282,20.414595,20.99382,20.978098,21.534004,21.015003,21.676062,20.955889,20.949175,21.23892,21.236027,22.00418,21.995365,21.55222,21.540167,20.612804,20.609625,0.0,0.0,0.0,0.0,0.0,0.0,0.0,0.0
23268,2023.0,6.0,11.0,14.0,21.003727,21.623056,20.348959,20.925081,21.00899,21.622692,21.031546,21.69717,20.984915,20.983809,21.271753,21.275682,21.949066,21.93327,21.492775,21.47699,20.638927,20.640633,0.0,0.0,0.0,0.0,0.0,0.0,0.0,0.0
23269,2023.0,6.0,11.0,14.0,21.336582,22.219013,20.082859,20.392134,21.415623,22.368109,20.630152,20.910778,21.006107,21.004526,21.294834,21.297785,22.689571,23.349012,21.479963,21.467018,20.658628,20.66004,0.0,4.0,0.0,0.0,0.0,4.0,0.0,0.0
23270,2023.0,6.0,11.0,14.0,21.64127,22.726145,19.969646,20.232439,21.043577,21.574625,20.464226,20.687761,21.025429,21.026392,21.315773,21.321777,22.397028,22.675232,21.474323,21.46312,20.676535,20.680235,0.0,0.0,0.0,0.0,0.0,0.0,0.0,0.0
23271,2023.0,6.0,11.0,14.0,21.198517,21.804136,19.933706,20.193407,20.92375,21.4129,20.396278,20.617512,21.043457,21.046661,21.334145,21.343132,22.315603,22.543137,21.471125,21.46235,20.692745,20.698803,0.0,0.0,0.0,0.0,0.0,0.0,0.0,0.0
23272,2023.0,6.0,11.0,14.0,21.09239,21.669592,20.298273,20.893919,21.435568,22.396091,20.347149,20.569012,21.06033,21.066137,21.350332,21.362944,22.315636,22.543982,21.469131,21.463205,20.707434,20.716364,4.0,4.0,0.0,0.0,0.0,0.0,0.0,0.0
23273,2023.0,6.0,11.0,14.0,21.652615,22.741129,20.05691,20.365381,21.069092,21.601498,20.308578,20.531336,21.075457,21.084475,21.364439,21.381226,22.110464,22.133738,21.467585,21.464928,20.720585,20.732876,0.0,0.0,0.0,0.0,0.0,0.0,0.0,0.0
23274,2023.0,6.0,11.0,15.0,21.256546,21.875986,19.957819,20.221365,20.953949,21.443733,20.277292,20.50102,21.088846,21.10158,21.37655,21.397985,22.048471,22.04902,21.46639,21.467287,20.732178,20.748283,0.0,0.0,0.0,0.0,0.0,0.0,0.0,0.0
23275,2023.0,6.0,11.0,15.0,21.719149,22.796995,20.317278,20.91095,20.918463,21.401009,20.24836,20.46981,21.097294,21.11073,21.382465,21.40532,22.02504,22.025492,21.461897,21.463879,20.739033,20.756222,4.0,0.0,0.0,0.0,0.0,0.0,0.0,0.0
23276,2023.0,6.0,11.0,15.0,21.314535,21.925873,20.342148,20.914812,21.228298,21.968122,20.833887,21.587452,21.102757,21.116852,21.384455,21.40853,22.00497,22.006662,21.455862,21.45914,20.743284,20.76156,0.0,4.0,4.0,0.0,0.0,0.0,0.0,0.0
23277,2023.0,6.0,11.0,15.0,21.760666,22.822374,20.697073,21.556475,21.001501,21.495506,20.442816,20.7215,21.106405,21.121572,21.38411,21.409721,21.986326,21.989365,21.448933,21.453695,20.746038,20.765717,4.0,0.0,0.0,0.0,0.0,0.0,0.0,0.0
23278,2023.0,6.0,11.0,15.0,21.885925,22.945896,20.506506,21.103191,20.922335,21.385057,20.531145,20.982159,21.108196,21.124605,21.381926,21.40922,21.968948,21.974169,22.427126,23.308224,20.747665,20.768682,0.0,0.0,0.0,0.0,0.0,0.0,4.0,0.0
23279,2023.0,6.0,11.0,15.0,21.944658,22.993317,20.767094,21.596613,20.89331,21.347715,20.57331,21.03989,21.109167,21.1269,21.73452,22.074299,22.701427,23.379818,21.98639,22.285742,20.748276,20.77092,4.0,0.0,0.0,0.0,4.0,4.0,0.0,0.0
23280,2023.0,6.0,11.0,16.0,21.99457,23.032738,20.569513,21.144999,21.217712,21.937578,20.91623,21.645653,21.109507,21.128448,21.549103,21.65714,22.394331,22.68862,22.7458,23.767784,20.748096,20.772358,0.0,4.0,4.0,0.0,0.0,0.0,4.0,0.0
23281,2023.0,6.0,11.0,16.0,22.038559,23.06865,20.823921,21.636192,21.514412,22.43289,20.718212,21.206944,21.110447,21.132002,21.436268,21.47406,22.271229,22.489447,22.142214,22.446287,20.748604,20.775217,4.0,4.0,0.0,0.0,0.0,0.0,0.0,0.0
23282,2023.0,6.0,11.0,16.0,21.538908,22.091013,20.94889,21.788027,21.108534,21.58596,20.64344,21.090712,21.111586,21.135778,21.416576,21.452227,22.253036,22.467863,21.939508,22.145638,20.749552,20.778456,4.0,0.0,0.0,0.0,0.0,0.0,0.0,0.0
23283,2023.0,6.0,11.0,16.0,21.955463,22.957487,21.002283,21.832434,21.519556,22.410448,21.173166,22.084124,21.777746,22.394018,21.404638,21.44246,22.06754,22.109173,21.900673,22.103569,20.750431,20.781467,4.0,4.0,4.0,4.0,0.0,0.0,0.0,0.0
23284,2023.0,6.0,11.0,16.0,22.070488,23.083004,20.717157,21.255442,21.659626,22.569593,20.831718,21.319647,21.37981,21.500517,21.395363,21.435308,21.999655,22.01748,21.875628,22.077393,20.75142,20.784485,0.0,4.0,0.0,0.0,0.0,0.0,0.0,0.0
23285,2023.0,6.0,11.0,16.0,21.592754,22.141916,20.620687,21.113407,21.718252,22.618687,21.248455,22.13938,21.41067,21.62801,21.742899,22.095772,22.720802,23.410091,21.697714,21.737526,20.75267,20.787542,0.0,4.0,4.0,0.0,4.0,4.0,0.0,0.0
23286,2023.0,6.0,11.0,17.0,22.007156,22.999338,20.595001,21.079765,21.76946,22.662285,20.890436,21.356857,21.464584,21.717253,21.538904,21.645893,22.36867,22.634718,21.627607,21.646475,20.753958,20.790663,0.0,4.0,0.0,0.0,0.0,0.0,0.0,0.0
23287,2023.0,6.0,11.0,17.0,21.579895,22.10805,20.359941,20.618761,21.307077,21.75423,21.3065,22.185146,21.283293,21.344687,21.793053,22.15607,22.95103,23.778133,21.59607,21.613844,20.752682,20.788631,0.0,0.0,4.0,0.0,4.0,4.0,0.0,0.0
23288,2023.0,6.0,11.0,17.0,21.979881,22.931274,20.65334,21.216507,21.665115,22.499063,20.949255,21.41175,21.217306,21.249247,21.7661,22.072569,23.098883,23.942574,21.570269,21.587606,21.627434,22.439913,4.0,4.0,0.0,0.0,0.0,4.0,0.0,4.0
23289,2023.0,6.0,11.0,17.0,22.106377,23.074564,20.410948,20.694897,21.790657,22.649433,21.324125,22.16411,21.195097,21.22509,21.72435,21.99914,22.528242,22.804298,22.528301,23.415833,21.264294,21.582273,0.0,4.0,4.0,0.0,0.0,0.0,4.0,0.0
23290,2023.0,6.0,11.0,17.0,22.14834,23.103054,20.66904,21.231962,21.83005,22.67538,20.966442,21.39438,21.177874,21.206812,21.529106,21.612139,23.034983,23.831034,22.074677,22.374914,21.114834,21.336838,4.0,4.0,0.0,0.0,0.0,4.0,0.0,0.0
23291,2023.0,6.0,11.0,17.0,22.182852,23.124807,20.92768,21.663511,21.863249,22.695738,21.357042,22.182243,21.163998,21.192411,21.440247,21.482393,23.16115,23.97363,22.792461,23.778717,21.095663,21.30743,4.0,4.0,4.0,0.0,0.0,4.0,4.0,0.0
23292,2023.0,6.0,11.0,18.0,22.210747,23.140524,20.67826,21.134375,21.890797,22.71096,20.99379,21.405094,21.808388,22.417221,21.406963,21.44458,22.616438,22.900131,22.200916,22.493006,20.93236,20.9853,0.0,4.0,0.0,4.0,0.0,0.0,0.0,0.0
23293,2023.0,6.0,11.0,18.0,21.703672,22.159033,20.573868,20.970339,21.413202,21.786966,21.378828,22.185303,21.544796,21.799225,21.37947,21.413584,23.086958,23.854067,21.954496,22.105143,20.870697,20.898062,0.0,0.0,4.0,0.0,0.0,4.0,0.0,0.0
23294,2023.0,6.0,11.0,18.0,22.105549,23.00757,20.539572,20.919699,21.811056,22.624447,21.50777,22.327108,21.434202,21.619604,21.35465,21.38558,22.600956,22.854195,21.883839,22.016981,20.847515,20.87127,0.0,4.0,4.0,0.0,0.0,0.0,0.0,0.0
23295,2023.0,6.0,11.0,18.0,21.677244,22.122566,20.714699,21.232477,21.887403,22.674063,21.55294,22.355738,21.409575,21.58182,21.331535,21.359829,22.384289,22.513592,22.760834,23.700413,20.83051,20.85171,4.0,4.0,4.0,0.0,0.0,0.0,4.0,0.0
23296,2023.0,6.0,11.0,18.0,22.06822,22.940517,20.43388,20.663368,21.903625,22.670671,21.086445,21.439512,21.26559,21.303392,21.30897,21.33428,22.304615,22.413355,22.180025,22.423988,20.81648,20.834984,0.0,4.0,0.0,0.0,0.0,0.0,0.0,0.0
23297,2023.0,6.0,11.0,18.0,22.171156,23.042421,20.290108,20.447021,21.92459,22.677736,21.007093,21.372797,21.204552,21.220798,21.651646,21.993706,22.955252,23.685139,21.935703,22.044231,20.804241,20.82114,0.0,4.0,0.0,0.0,4.0,4.0,0.0,0.0
23298,2023.0,6.0,11.0,19.0,21.680563,22.083382,20.637161,21.137003,21.942295,22.681429,21.407286,22.140654,21.175257,21.18981,21.817064,22.210625,22.547428,22.759981,22.773205,23.683355,20.791388,20.807446,4.0,4.0,4.0,0.0,4.0,0.0,4.0,0.0
23299,2023.0,6.0,11.0,19.0,22.07023,22.902956,20.52395,20.863825,21.953651,22.678085,21.530727,22.281723,21.152157,21.164024,21.609589,21.805365,22.32181,22.405775,22.17597,22.382832,21.603928,22.352736,0.0,4.0,4.0,0.0,0.0,0.0,0.0,4.0
23300,2023.0,6.0,11.0,19.0,21.634642,22.001774,20.792603,21.38365,21.962852,22.672506,21.570236,22.304607,21.130445,21.14021,21.508657,21.649393,22.946655,23.643902,21.925238,22.000208,21.193459,21.407772,4.0,4.0,4.0,0.0,0.0,4.0,0.0,0.0
23301,2023.0,6.0,11.0,19.0,21.461212,21.765581,20.89588,21.500397,21.46772,21.728218,21.600368,22.31898,21.109919,21.117928,21.46423,21.589144,22.45315,22.616224,21.844898,21.903769,21.026875,21.139002,4.0,0.0,4.0,0.0,0.0,0.0,0.0,0.0
23302,2023.0,6.0,11.0,19.0,21.978233,22.78353,20.928267,21.515242,21.847017,22.538994,21.110584,21.370543,21.089693,21.096096,21.34235,21.371803,22.94472,23.623152,21.787172,21.83732,20.98086,21.075956,4.0,4.0,0.0,0.0,0.0,4.0,0.0,0.0
23303,2023.0,6.0,11.0,19.0,22.102528,22.913939,20.951563,21.521275,21.918344,22.592793,21.003996,21.26615,21.069881,21.074915,21.633202,21.954336,22.439123,22.582588,21.691948,21.687838,21.790552,22.618534,4.0,4.0,0.0,0.0,4.0,0.0,0.0,4.0
23304,2023.0,6.0,11.0,20.0,22.144543,22.939081,20.970964,21.523487,21.92325,22.579514,21.007383,21.311125,21.713575,22.306246,21.442364,21.51846,22.856216,23.515116,21.629856,21.621267,21.330677,21.497852,4.0,4.0,0.0,4.0,0.0,4.0,0.0,0.0
23305,2023.0,6.0,11.0,20.0,22.177513,22.957249,20.984894,21.520494,21.934916,22.576635,21.39898,22.052647,21.381426,21.474009,21.268532,21.276396,22.993738,23.63176,21.587461,21.57797,21.03689,21.10609,4.0,4.0,4.0,0.0,0.0,4.0,0.0,0.0
23306,2023.0,6.0,11.0,20.0,22.197695,22.962801,20.660004,20.895893,21.444305,21.6431,20.986794,21.288462,21.246948,21.29292,21.217823,21.21785,22.419832,22.519882,22.475573,23.287102,20.972,21.024113,0.0,0.0,0.0,0.0,0.0,0.0,4.0,0.0
23307,2023.0,6.0,11.0,20.0,22.21478,22.96537,20.874968,21.397114,21.164663,21.271645,21.36179,21.99985,21.188427,21.223343,21.171957,21.16952,22.127995,22.120876,22.78002,23.574791,20.880766,20.881351,4.0,0.0,4.0,0.0,0.0,0.0,4.0,0.0
23308,2023.0,6.0,11.0,20.0,21.694715,21.969973,20.584831,20.791952,21.08062,21.170357,20.976952,21.275797,21.773174,22.35183,21.135954,21.133331,22.046137,22.027462,22.057678,22.143063,20.839033,20.837742,0.0,0.0,0.0,4.0,0.0,0.0,0.0,0.0
23309,2023.0,6.0,11.0,20.0,22.01903,22.735321,20.783907,21.256191,21.007313,21.084332,21.015215,21.351307,21.421427,21.509815,21.09626,21.093279,21.972906,21.947355,21.730812,21.726171,21.692434,22.48956,4.0,0.0,0.0,0.0,0.0,0.0,0.0,4.0
23310,2023.0,6.0,11.0,21.0,21.631346,21.881048,20.885506,21.348562,21.55677,22.160034,21.322067,21.906178,21.183258,21.196905,21.058691,21.055233,22.624437,23.2393,21.629253,21.609524,21.222721,21.321163,4.0,4.0,4.0,0.0,0.0,4.0,0.0,0.0
23311,2023.0,6.0,11.0,21.0,21.431364,21.601774,20.545862,20.691624,21.154343,21.286833,21.41448,21.999968,21.108658,21.099354,21.025242,21.018536,22.71561,23.286793,21.564777,21.532356,21.784374,22.478966,0.0,0.0,4.0,0.0,0.0,4.0,0.0,4.0
23312,2023.0,6.0,11.0,21.0,21.96316,22.66209,20.387342,20.455715,20.998987,21.078943,21.441828,22.006437,21.068823,21.059559,21.351637,21.656307,22.124868,22.132341,21.504925,21.459095,21.211517,21.270529,0.0,0.0,4.0,0.0,4.0,0.0,0.0,0.0
23313,2023.0,6.0,11.0,21.0,21.564121,21.762056,20.298798,20.341127,21.006926,21.130417,20.976442,21.188612,21.029928,21.018597,21.167486,21.21481,22.55843,23.104578,21.479277,21.457687,21.759546,22.47662,0.0,0.0,0.0,0.0,0.0,4.0,0.0,4.0
23314,2023.0,6.0,11.0,21.0,21.29063,21.408062,20.663374,21.065619,21.00476,21.149418,21.017427,21.291134,20.992393,20.978033,21.33385,21.610928,22.077616,22.051706,21.44656,21.424175,21.220554,21.240744,4.0,0.0,0.0,0.0,4.0,0.0,0.0,0.0
23315,2023.0,6.0,11.0,21.0,21.182127,21.270123,20.456112,20.567924,21.00532,21.165867,21.010359,21.283289,20.956684,20.938715,21.377155,21.602285,21.801357,21.692635,21.409073,21.384415,21.737703,22.418882,0.0,0.0,0.0,0.0,4.0,0.0,0.0,4.0
23316,2023.0,6.0,11.0,22.0,21.848074,22.582508,20.26472,20.303503,21.00558,21.177279,21.011702,21.286396,21.53488,22.048803,21.350393,21.549212,21.699175,21.57221,21.371105,21.340605,21.195923,21.17926,0.0,0.0,0.0,4.0,4.0,0.0,0.0,0.0
23317,2023.0,6.0,11.0,22.0,21.411362,21.54672,20.201687,20.225512,21.005718,21.186028,21.00853,21.285324,21.135643,21.093931,21.322296,21.494713,21.633919,21.50641,21.338285,21.30629,20.891186,20.810453,0.0,0.0,0.0,0.0,4.0,0.0,0.0,0.0
23318,2023.0,6.0,11.0,22.0,21.151587,21.232317,20.167824,20.189077,21.005985,21.19287,21.008974,21.289394,21.435192,21.80957,21.025423,20.94901,22.39697,23.015034,21.309576,21.276606,20.802301,20.718672,0.0,0.0,0.0,4.0,0.0,4.0,0.0,0.0
23319,2023.0,6.0,11.0,22.0,21.083157,21.157965,20.140879,20.160795,21.005964,21.197557,21.008995,21.2917,21.101702,21.045242,20.86247,20.752462,21.898155,21.84069,21.282816,21.248608,20.74587,20.662518,0.0,0.0,0.0,0.0,0.0,0.0,0.0,0.0
23320,2023.0,6.0,11.0,22.0,21.128555,21.29248,20.115234,20.13209,21.011992,21.213568,21.018465,21.311995,20.894585,20.79329,20.873804,20.84203,21.615723,21.481941,21.257757,21.22221,20.762033,20.74212,0.0,0.0,0.0,0.0,0.0,0.0,0.0,0.0
23321,2023.0,6.0,11.0,22.0,21.11747,21.279142,20.094486,20.110891,21.011866,21.214573,21.018028,21.309074,20.908138,20.883932,20.846922,20.807457,21.54526,21.410786,21.235016,21.198584,20.73789,20.709322,0.0,0.0,0.0,0.0,0.0,0.0,0.0,0.0
23322,2023.0,6.0,11.0,23.0,21.093801,21.253216,20.075636,20.0916,21.012041,21.21771,21.018265,21.310299,20.88054,20.845736,20.810905,20.770443,21.580563,21.533098,21.213303,21.175991,20.7087,20.67921,0.0,0.0,0.0,0.0,0.0,0.0,0.0,0.0
23323,2023.0,6.0,11.0,23.0,21.070425,21.228086,20.05813,20.073713,20.841137,20.891117,20.769127,20.831116,20.849022,20.813686,20.777315,20.736677,21.566063,21.518286,21.192125,21.153698,21.397236,22.000023,0.0,0.0,0.0,0.0,0.0,0.0,0.0,4.0
23324,2023.0,6.0,11.0,23.0,21.049229,21.20373,20.041332,20.05422,20.752665,20.763731,20.651066,20.665682,20.821562,20.783237,21.033201,21.238855,21.53961,21.490055,21.172163,21.131357,20.844158,20.793745,0.0,0.0,0.0,0.0,4.0,0.0,0.0,0.0
23325,2023.0,6.0,11.0,23.0,21.027454,21.178045,20.023886,20.033283,20.70598,20.708555,20.591253,20.596567,20.794083,20.752167,20.81707,20.784472,21.5105,21.45747,21.15144,21.107685,20.667612,20.557465,0.0,0.0,0.0,0.0,0.0,0.0,0.0,0.0
23326,2023.0,6.0,11.0,23.0,21.008177,21.15674,20.008667,20.016245,20.67323,20.674706,20.549585,20.55426,21.333889,21.786804,20.746643,20.698551,22.153234,22.696136,21.132135,21.086811,20.609806,20.496101,0.0,0.0,0.0,4.0,0.0,4.0,0.0,0.0
23327,2023.0,6.0,11.0,23.0,20.988596,21.134245,19.992813,19.997704,20.642591,20.641487,20.511278,20.513504,20.973118,20.989857,20.708338,20.656414,21.58488,21.486578,21.112232,21.06477,20.631212,20.584085,0.0,0.0,0.0,0.0,0.0,0.0,0.0,0.0
23328,2023.0,6.0,12.0,0.0,20.968426,21.109947,19.975883,19.97685,20.612577,20.607119,20.474329,20.472063,20.732147,20.588026,20.984278,21.202257,21.396097,21.220177,21.091377,21.040833,20.618713,20.575468,0.0,0.0,0.0,0.0,4.0,0.0,0.0,0.0
23329,2023.0,6.0,12.0,0.0,20.950212,21.089407,19.960833,19.959608,20.58688,20.579842,20.443289,20.439825,21.208311,21.538914,20.762232,20.737144,21.336935,21.157051,21.07185,21.019587,20.59474,20.549986,0.0,0.0,0.0,4.0,0.0,0.0,0.0,0.0
23330,2023.0,6.0,12.0,0.0,20.931316,21.06748,19.945112,19.940884,20.561224,20.551542,20.412994,20.406994,20.79291,20.66038,20.670431,20.610334,21.393198,21.317726,21.051733,20.997215,20.570261,20.523182,0.0,0.0,0.0,0.0,0.0,0.0,0.0,0.0
23331,2023.0,6.0,12.0,0.0,20.91176,21.044132,19.928564,19.920546,20.535452,20.52214,20.383152,20.373484,20.650421,20.483084,20.942104,21.151691,21.38719,21.317339,21.030989,20.973671,20.545568,20.495506,0.0,0.0,0.0,0.0,4.0,0.0,0.0,0.0
23332,2023.0,6.0,12.0,0.0,20.893675,21.023838,19.913563,19.903315,20.512554,20.497734,20.357035,20.346117,21.262054,21.69268,21.028898,21.26552,21.36405,21.293941,21.01136,20.952477,20.522932,20.471384,0.0,0.0,0.0,4.0,4.0,0.0,0.0,0.0
23333,2023.0,6.0,12.0,0.0,20.874598,21.001614,19.897688,19.884151,20.48901,20.471407,20.330637,20.317001,20.782026,20.649855,20.622175,20.460207,21.339247,21.266684,20.990877,20.929714,20.49988,20.445992,0.0,0.0,0.0,0.0,0.0,0.0,0.0,0.0
23334,2023.0,6.0,12.0,1.0,20.855404,20.979025,19.881527,19.864437,20.465649,20.444971,20.304815,20.288149,21.15581,21.45206,20.46302,20.257925,21.314074,21.238722,20.970041,20.90642,20.476986,20.420563,0.0,0.0,0.0,4.0,0.0,0.0,0.0,0.0
23335,2023.0,6.0,12.0,1.0,20.837072,20.958158,19.865936,19.846334,20.443508,20.420639,20.280422,20.26164,21.30221,21.632957,20.822445,21.001106,21.290033,21.212688,20.949738,20.884386,20.455078,20.396837,0.0,0.0,0.0,4.0,4.0,0.0,0.0,0.0
23336,2023.0,6.0,12.0,1.0,20.819733,20.938889,19.850986,19.829575,20.422611,20.39831,20.257542,20.23748,20.778637,20.606956,20.635233,20.588999,21.267174,21.18848,20.929949,20.863365,20.434143,20.37464,0.0,0.0,0.0,0.0,0.0,0.0,0.0,0.0
23337,2023.0,6.0,12.0,1.0,20.801336,20.917484,19.834389,19.809456,20.40014,20.3725,20.233225,20.209814,20.614494,20.41157,20.542212,20.461187,21.243362,21.161953,20.909033,20.840195,20.412327,20.350431,0.0,0.0,0.0,0.0,0.0,0.0,0.0,0.0
23338,2023.0,6.0,12.0,1.0,20.78434,20.89912,19.82047,19.794796,20.381073,20.353178,20.212755,20.189293,21.095768,21.374884,20.506632,20.426086,21.22212,21.140175,20.889648,20.82018,20.392536,20.330044,0.0,0.0,0.0,4.0,0.0,0.0,0.0,0.0
23339,2023.0,6.0,12.0,1.0,20.765177,20.876837,19.80344,19.774235,20.358934,20.327688,20.189173,20.16238,21.247232,21.56375,20.469275,20.38476,21.198957,21.114332,20.868383,20.79666,20.37099,20.306131,0.0,0.0,0.0,4.0,0.0,0.0,0.0,0.0
23340,2023.0,6.0,12.0,2.0,20.748234,20.85873,19.789272,19.759508,20.340172,20.308823,20.169315,20.14261,20.727417,20.545477,20.728323,20.896053,21.178331,21.09333,20.848728,20.776558,21.074589,21.648901,0.0,0.0,0.0,0.0,4.0,0.0,0.0,4.0
23341,2023.0,6.0,12.0,2.0,20.730768,20.839714,19.774214,19.74303,20.320496,20.288023,20.148756,20.120928,21.1464,21.45069,20.533579,20.484266,21.157347,21.071392,20.828491,20.755491,20.598707,20.593664,0.0,0.0,0.0,4.0,0.0,0.0,0.0,0.0
23342,2023.0,6.0,12.0,2.0,20.712545,20.81925,19.758627,19.725368,20.300236,20.265831,20.127937,20.098066,21.257761,21.558441,20.435833,20.348736,21.136042,21.048454,20.807617,20.733183,20.320635,20.130697,0.0,0.0,0.0,4.0,0.0,0.0,0.0,0.0
23343,2023.0,6.0,12.0,2.0,20.702923,20.81584,19.744371,19.71045,20.28168,20.246967,20.108969,20.078762,20.71893,20.517662,20.399668,20.312466,21.116331,21.02845,20.78781,20.713116,20.240997,20.049007,0.0,0.0,0.0,0.0,0.0,0.0,0.0,0.0
23344,2023.0,6.0,12.0,2.0,20.698177,20.81929,19.729588,19.694672,20.262733,20.227308,20.08955,20.058664,20.553125,20.329737,20.652603,20.813417,21.096561,21.008104,20.767656,20.692482,21.019884,21.576126,0.0,0.0,0.0,0.0,4.0,0.0,0.0,4.0
23345,2023.0,6.0,12.0,2.0,20.683016,20.802948,19.71439,19.67821,20.243464,20.206993,20.069921,20.037987,20.47307,20.246925,20.463947,20.414103,21.076702,20.987385,20.747103,20.671186,20.44021,20.302818,0.0,0.0,0.0,0.0,0.0,0.0,0.0,0.0
23346,2023.0,6.0,12.0,3.0,20.665308,20.782747,19.697447,19.658361,20.222446,20.18318,20.048784,20.013958,20.549812,20.466122,20.360342,20.267948,21.055809,20.964432,20.725317,20.647577,20.237495,20.034016,0.0,0.0,0.0,0.0,0.0,0.0,0.0,0.0
23347,2023.0,6.0,12.0,3.0,20.64814,20.764297,19.682043,19.641867,20.20324,20.16306,20.029457,19.993704,20.53468,20.450367,20.323004,20.229866,21.036377,20.944277,20.704554,20.626184,20.17366,19.969912,0.0,0.0,0.0,0.0,0.0,0.0,0.0,0.0
23348,2023.0,6.0,12.0,3.0,20.631006,20.74634,19.66777,19.627876,20.185368,20.145668,20.011353,19.976147,21.085012,21.5119,20.290993,20.199179,21.017992,20.926071,20.684477,20.606298,20.242218,20.160086,0.0,0.0,0.0,4.0,0.0,0.0,0.0,0.0
23349,2023.0,6.0,12.0,3.0,20.613039,20.726915,19.652008,19.611073,20.166048,20.125444,19.991705,19.955696,20.689856,20.651798,20.259504,20.16685,20.998821,20.906185,20.66346,20.584675,20.241629,20.167934,0.0,0.0,0.0,0.0,0.0,0.0,0.0,0.0
23350,2023.0,6.0,12.0,3.0,20.594507,20.706326,19.635403,19.59275,20.145908,20.103662,19.97124,19.933676,20.403645,20.16924,20.228466,20.134064,20.979177,20.88529,20.641747,20.561832,20.219507,20.145176,0.0,0.0,0.0,0.0,0.0,0.0,0.0,0.0
23351,2023.0,6.0,12.0,3.0,20.576403,20.686852,19.619263,19.575546,20.12639,20.08321,19.951454,19.913036,20.308695,20.069681,20.516768,20.700836,20.960121,20.865522,20.620382,20.539867,20.196346,20.121376,0.0,0.0,0.0,0.0,4.0,0.0,0.0,0.0
23352,2023.0,6.0,12.0,4.0,20.55858,20.668385,19.603851,19.55988,20.107695,20.064486,19.932585,19.894197,20.959896,21.366207,20.298706,20.238596,20.941795,20.847174,20.599552,20.519135,20.173681,20.09887,0.0,0.0,0.0,4.0,0.0,0.0,0.0,0.0
23353,2023.0,6.0,12.0,4.0,20.539553,20.64781,19.587503,19.542328,20.087893,20.043638,19.912704,19.873293,20.602518,20.560696,20.203913,20.109104,20.922705,20.827253,20.577757,20.49662,20.150253,20.074669,0.0,0.0,0.0,0.0,0.0,0.0,0.0,0.0
23354,2023.0,6.0,12.0,4.0,20.520964,20.62806,19.571388,19.525364,20.06839,20.02347,19.893167,19.853117,20.32894,20.10137,20.168015,20.072115,20.904018,20.808056,20.556206,20.47469,20.856298,21.424887,0.0,0.0,0.0,0.0,0.0,0.0,0.0,4.0
23355,2023.0,6.0,12.0,4.0,20.502026,20.607817,19.554913,19.507902,20.048613,20.002832,19.8735,19.832561,20.225157,19.983404,20.427975,20.585804,20.8853,20.788677,20.534443,20.45239,20.373816,20.358622,0.0,0.0,0.0,0.0,4.0,0.0,0.0,0.0
23356,2023.0,6.0,12.0,4.0,20.481785,20.585384,19.537453,19.488586,20.027828,19.980247,19.85306,19.81023,20.308935,20.213861,20.20584,20.117085,20.866137,20.768194,20.51204,20.428762,20.077566,19.862715,0.0,0.0,0.0,0.0,0.0,0.0,0.0,0.0
23357,2023.0,6.0,12.0,4.0,20.461853,20.563946,19.52001,19.469358,20.00715,19.957977,19.83279,19.788292,20.304905,20.21379,20.1329,20.032408,20.847841,20.748947,20.490387,20.406311,19.98907,19.769953,0.0,0.0,0.0,0.0,0.0,0.0,0.0,0.0
23358,2023.0,6.0,12.0,5.0,20.44319,20.545097,19.504942,19.454975,19.988909,19.94061,19.814798,19.77114,20.283112,20.193962,20.389658,20.541971,20.831804,20.733393,20.470829,20.387379,20.786781,21.337612,0.0,0.0,0.0,0.0,4.0,0.0,0.0,4.0
23359,2023.0,6.0,12.0,5.0,20.425877,20.529306,19.491436,19.443914,19.971926,19.925976,19.798086,19.756723,20.26232,20.175432,20.203176,20.14506,21.500994,22.013144,20.453354,20.371817,20.201834,20.05055,0.0,0.0,0.0,0.0,0.0,4.0,0.0,0.0
23360,2023.0,6.0,12.0,5.0,20.409706,20.515041,19.47956,19.435228,19.956343,19.913261,19.782846,19.744267,20.243778,20.159384,20.110638,20.018032,20.892778,20.70885,20.43805,20.358702,20.01105,19.806164,0.0,0.0,0.0,0.0,0.0,0.0,0.0,0.0
23361,2023.0,6.0,12.0,5.0,21.047949,21.729458,19.46803,19.426918,19.941156,19.90087,19.767818,19.73205,20.80249,21.22605,20.083004,19.992092,20.712824,20.466177,20.424557,20.347424,19.958958,19.760736,0.0,0.0,0.0,4.0,0.0,0.0,0.0,0.0
23362,2023.0,6.0,12.0,5.0,20.634405,20.81181,19.456793,19.418983,20.591257,21.140007,19.752941,19.72015,20.439575,20.415306,20.356081,20.52319,20.674091,20.434858,20.413092,20.338322,20.030785,19.949646,0.0,4.0,0.0,0.0,4.0,0.0,0.0,0.0
23363,2023.0,6.0,12.0,5.0,20.963348,21.478315,19.445759,19.411144,20.768364,21.324648,19.738066,19.708157,20.190048,19.990795,20.170515,20.116632,20.77853,20.67901,20.403786,20.331411,20.042664,19.974438,0.0,4.0,0.0,0.0,0.0,0.0,0.0,0.0
23364,2023.0,6.0,12.0,6.0,21.062073,21.580038,19.435219,19.40395,20.673496,21.059952,19.723736,19.696943,20.666801,20.941404,20.09753,20.016693,20.803772,20.71585,20.397282,20.327518,20.757793,21.331198,0.0,4.0,0.0,4.0,0.0,0.0,0.0,4.0
23365,2023.0,6.0,12.0,6.0,21.116737,21.642687,19.84666,20.185865,21.075325,21.769243,21.163998,22.27513,20.312342,20.169935,20.371122,20.5445,21.030556,21.114605,21.103762,21.548298,20.895344,21.40448,4.0,0.0,0.0,0.0,4.0,0.0,0.0,4.0
23366,2023.0,6.0,12.0,6.0,21.17464,21.711224,20.012508,20.383186,21.016655,21.58646,21.000776,21.799501,20.132347,19.959885,20.560394,20.798555,21.000227,21.039898,20.998606,21.300032,20.273212,20.155958,0.0,0.0,0.0,0.0,4.0,0.0,0.0,0.0
23367,2023.0,6.0,12.0,6.0,21.229252,21.78114,19.719818,19.778572,20.99722,21.482075,21.023182,21.754013,20.783634,21.225458,20.204525,20.062628,21.647064,22.243505,21.644396,22.459747,20.803183,21.324228,0.0,4.0,0.0,4.0,0.0,4.0,4.0,4.0
23368,2023.0,6.0,12.0,6.0,21.28553,21.854479,19.560097,19.56444,21.000875,21.464443,20.993483,21.616024,20.4239,20.305325,20.04353,19.874786,21.745012,22.2013,21.753328,22.40695,21.082176,21.616459,0.0,4.0,4.0,0.0,0.0,4.0,4.0,4.0
23369,2023.0,6.0,12.0,6.0,21.328146,21.907127,19.953655,20.336765,20.99979,21.447388,20.999249,21.594522,20.247688,20.114483,20.021038,19.862316,21.149132,21.028187,20.9532,20.983858,20.478474,20.395039,4.0,4.0,4.0,0.0,0.0,0.0,0.0,0.0
23370,2023.0,6.0,12.0,7.0,20.973465,21.288822,20.000704,20.3316,21.003283,21.444092,21.003643,21.572596,20.86436,21.308512,20.468403,20.730982,21.681383,22.180006,21.021896,21.142282,20.239435,20.116356,0.0,4.0,4.0,4.0,4.0,4.0,0.0,0.0
23371,2023.0,6.0,12.0,7.0,21.269106,21.857832,19.681978,19.69102,21.024637,21.50229,21.028452,21.622282,20.536175,20.473213,20.36542,20.37713,21.243614,21.158558,21.008121,21.122856,21.059381,21.718695,0.0,0.0,0.0,0.0,0.0,0.0,0.0,4.0
23372,2023.0,6.0,12.0,7.0,21.389107,21.998457,19.512459,19.473717,21.057453,21.52385,21.021847,21.588228,20.344063,20.236397,20.260427,20.231659,21.030731,20.892372,21.6952,22.404636,21.34779,21.972725,0.0,4.0,0.0,0.0,0.0,0.0,4.0,4.0
23373,2023.0,6.0,12.0,7.0,21.431337,22.050394,19.51385,19.524065,21.08464,21.563623,21.02166,21.571068,20.377449,20.330214,20.6292,20.922178,21.696852,22.186369,21.11509,21.087679,20.70163,20.680138,0.0,4.0,0.0,0.0,4.0,4.0,0.0,0.0
23374,2023.0,6.0,12.0,7.0,20.972908,21.256126,19.946466,20.350693,21.011078,21.450392,21.020926,21.557308,20.403978,20.366516,20.491264,20.527351,21.967384,22.492313,21.016666,21.080154,21.295063,21.977444,4.0,0.0,0.0,0.0,0.0,4.0,0.0,4.0
23375,2023.0,6.0,12.0,7.0,21.018682,21.379742,19.999685,20.351847,21.018589,21.465117,21.016842,21.5472,20.414064,20.37728,20.312487,20.231417,22.073936,22.607883,21.005655,21.072918,20.801777,20.803318,0.0,0.0,0.0,0.0,0.0,4.0,0.0,0.0
23376,2023.0,6.0,12.0,8.0,21.009794,21.382254,19.746851,19.841772,21.12807,21.643776,21.017115,21.545946,20.424341,20.386488,20.288902,20.203218,21.522429,21.493834,21.005756,21.075933,20.523794,20.450727,0.0,4.0,0.0,0.0,0.0,0.0,0.0,0.0
23377,2023.0,6.0,12.0,8.0,20.763088,20.923626,19.604984,19.655598,20.644728,20.710012,20.558298,20.661503,20.438368,20.399628,20.695898,20.960258,21.30529,21.204046,20.892569,20.857359,20.475645,20.409061,0.0,0.0,0.0,0.0,4.0,0.0,0.0,0.0
23378,2023.0,6.0,12.0,8.0,20.707195,20.891489,19.57038,19.619015,21.063232,21.602825,20.37186,20.416832,20.455063,20.41466,20.574799,20.632776,21.285116,21.191116,21.816223,22.62512,20.4735,20.417156,0.0,4.0,0.0,0.0,0.0,0.0,4.0,0.0
23379,2023.0,6.0,12.0,8.0,20.66723,20.858147,19.550785,19.60416,20.66394,20.787409,20.282246,20.324787,21.16315,21.73065,20.489687,20.455412,21.291641,21.208845,21.228634,21.297203,20.483057,20.43852,0.0,0.0,0.0,4.0,0.0,0.0,0.0,0.0
23380,2023.0,6.0,12.0,8.0,20.629028,20.823069,19.535843,19.594934,20.469894,20.523705,20.216524,20.262306,20.805954,20.877155,20.495398,20.44592,21.307562,21.235823,21.02111,20.971174,20.489363,20.4447,0.0,0.0,0.0,0.0,0.0,0.0,0.0,0.0
23381,2023.0,6.0,12.0,8.0,20.595789,20.792423,19.52388,19.588823,20.41307,20.482075,20.160624,20.208458,20.676342,20.646896,20.524576,20.47278,21.337559,21.283089,20.992374,20.945189,20.497522,20.451101,0.0,0.0,0.0,0.0,0.0,0.0,0.0,0.0
23382,2023.0,6.0,12.0,9.0,20.568174,20.769146,19.514908,19.586586,20.337557,20.385527,20.116583,20.1706,20.692238,20.671124,20.55964,20.504652,21.355797,21.299282,20.99254,20.95451,20.509584,20.460888,0.0,0.0,0.0,0.0,0.0,0.0,0.0,0.0
23383,2023.0,6.0,12.0,9.0,21.197264,21.97741,19.507675,19.58599,20.295174,20.352036,20.080935,20.143505,21.375736,21.936178,20.596167,20.534393,21.374453,21.313965,20.97998,20.924984,20.524632,20.47245,0.0,0.0,0.0,4.0,0.0,0.0,0.0,0.0
23384,2023.0,6.0,12.0,9.0,20.810394,21.120867,19.93708,20.402792,20.257753,20.32021,20.71105,21.364973,21.018324,21.0903,20.639622,20.573626,21.39789,21.334446,20.981216,20.92165,20.543852,20.488499,4.0,0.0,4.0,0.0,0.0,0.0,0.0,0.0
23385,2023.0,6.0,12.0,9.0,20.685013,20.955067,20.005575,20.459745,20.226097,20.294537,20.306242,20.473566,20.92037,20.918442,20.687323,20.617098,21.424538,21.358025,20.991138,20.92839,20.566776,20.508135,0.0,0.0,0.0,0.0,0.0,0.0,0.0,0.0
23386,2023.0,6.0,12.0,9.0,21.256454,22.06243,19.738932,19.897411,20.194952,20.269892,20.153019,20.337992,20.948202,20.951971,20.74156,20.666458,21.454987,21.385307,21.005426,20.939676,20.593493,20.53153,0.0,0.0,0.0,0.0,0.0,0.0,0.0,0.0
23387,2023.0,6.0,12.0,9.0,20.870674,21.221766,19.633575,19.743357,20.172289,20.253212,20.717188,21.410072,20.915176,20.85008,20.794884,20.715868,21.486353,21.413836,21.02377,20.955114,20.621525,20.556513,0.0,0.0,4.0,0.0,0.0,0.0,0.0,0.0
23388,2023.0,6.0,12.0,10.0,20.749908,21.063541,19.607855,19.719948,20.15208,20.239517,20.363964,20.630613,20.926638,20.851383,20.850544,20.76825,21.519722,21.444805,21.04477,20.973671,20.651861,20.58426,0.0,0.0,0.0,0.0,0.0,0.0,0.0,0.0
23389,2023.0,6.0,12.0,10.0,21.31637,22.153933,19.590414,19.70525,20.131546,20.22214,20.810246,21.522823,20.953629,20.872166,20.902802,20.812822,21.55056,21.47007,21.065437,20.989494,20.680895,20.607834,0.0,0.0,4.0,0.0,0.0,0.0,0.0,0.0
23390,2023.0,6.0,12.0,10.0,20.920143,21.295122,19.576548,19.693363,20.771341,21.446169,20.971603,21.718292,20.982786,20.895475,20.954063,20.857414,21.581314,21.495422,21.086527,21.005991,20.710268,20.63201,0.0,4.0,4.0,0.0,0.0,0.0,0.0,0.0
23391,2023.0,6.0,12.0,10.0,20.788631,21.116827,19.56536,19.684242,20.381868,20.571964,20.511408,20.80063,21.01391,20.921223,21.005262,20.902033,21.612408,21.521358,21.10858,21.023598,20.740433,20.657345,0.0,0.0,0.0,0.0,0.0,0.0,0.0,0.0
23392,2023.0,6.0,12.0,10.0,21.348566,22.197174,19.556253,19.677221,20.329556,20.557104,20.365429,20.605488,21.045845,20.948254,21.42216,21.633966,21.643667,21.547787,21.131702,21.042412,20.77105,20.68354,0.0,0.0,0.0,0.0,4.0,0.0,0.0,0.0
23393,2023.0,6.0,12.0,10.0,20.958525,21.352098,19.548967,19.672016,20.332737,20.575085,20.876179,21.598444,21.077957,20.97575,21.283012,21.244938,22.449566,23.044235,21.154934,21.061695,20.801014,20.709322,0.0,0.0,4.0,0.0,0.0,4.0,0.0,0.0
23394,2023.0,6.0,12.0,11.0,20.821266,21.162426,19.54317,19.668201,20.88529,21.618723,20.515076,20.821001,21.110744,21.004753,21.224428,21.109585,22.06212,22.135065,21.178297,21.081846,20.830715,20.735529,0.0,4.0,0.0,0.0,0.0,0.0,0.0,0.0
23395,2023.0,6.0,12.0,11.0,20.79054,21.138304,19.5411,19.670656,21.078403,21.855268,20.37986,20.636225,21.146715,21.041033,21.26178,21.143015,21.962147,21.953716,21.204542,21.10808,20.863129,20.767885,0.0,4.0,0.0,0.0,0.0,0.0,0.0,0.0
23396,2023.0,6.0,12.0,11.0,20.66612,20.915342,19.540642,19.674839,20.627728,20.939377,20.354097,20.622627,21.178474,21.069946,21.300488,21.17725,21.988369,21.982796,21.228903,21.130234,20.892277,20.794712,0.0,0.0,0.0,0.0,0.0,0.0,0.0,0.0
23397,2023.0,6.0,12.0,11.0,20.61339,20.85519,19.541824,19.68108,20.509504,20.786137,20.799873,21.465425,21.211195,21.102343,21.343214,21.21947,21.924765,21.829115,21.254436,21.155346,20.921785,20.82389,0.0,0.0,4.0,0.0,0.0,0.0,0.0,0.0
23398,2023.0,6.0,12.0,11.0,20.58518,20.829731,19.544207,19.688572,21.037971,21.802553,20.511162,20.844826,21.914862,22.402588,21.385109,21.261412,21.922863,21.815437,21.278877,21.17995,20.95019,20.852331,0.0,4.0,0.0,4.0,0.0,0.0,0.0,0.0
23399,2023.0,6.0,12.0,11.0,20.563833,20.81175,19.547735,19.697227,20.702541,21.06643,20.413755,20.71423,21.675589,21.791073,21.426287,21.30305,22.68775,23.249918,22.30955,23.10584,20.977879,20.88044,0.0,0.0,0.0,0.0,0.0,4.0,4.0,0.0
23400,2023.0,6.0,12.0,12.0,21.194443,22.014416,19.552723,19.707722,21.120201,21.901642,20.395504,20.704557,21.594637,21.639029,21.467747,21.347263,22.338066,22.434849,22.683174,23.576326,21.005545,20.90981,0.0,4.0,0.0,0.0,0.0,0.0,4.0,0.0
23401,2023.0,6.0,12.0,12.0,20.978022,21.548786,19.557934,19.7177,20.986208,21.598957,21.07807,21.879263,21.622862,21.670593,21.506477,21.38792,22.238628,22.263325,21.983025,22.108198,21.03205,20.93824,0.0,0.0,4.0,0.0,0.0,0.0,0.0,0.0
23402,2023.0,6.0,12.0,12.0,21.419954,22.343107,19.987442,20.521233,21.011906,21.616333,21.189219,22.016409,21.52509,21.443491,21.54786,21.431349,22.252298,22.280697,21.746376,21.793,21.886223,22.53025,4.0,0.0,4.0,0.0,0.0,0.0,0.0,4.0
23403,2023.0,6.0,12.0,12.0,21.064276,21.513023,19.991285,20.417057,21.305222,22.124731,21.282158,22.11627,21.492088,21.390211,21.58931,21.476328,22.277056,22.312044,21.73937,21.78532,21.604376,21.722996,0.0,4.0,4.0,0.0,0.0,0.0,0.0,0.0
23404,2023.0,6.0,12.0,12.0,21.00874,21.519718,19.79945,20.015581,21.4436,22.273167,20.976835,21.553238,21.504965,21.40529,21.627605,21.517183,22.183035,22.103918,21.75635,21.807901,22.29411,23.0979,0.0,4.0,0.0,0.0,0.0,0.0,0.0,4.0
23405,2023.0,6.0,12.0,12.0,21.002012,21.509205,19.703238,19.888155,20.980034,21.439837,21.281958,22.113977,22.214375,22.73527,21.663849,21.558,22.151657,22.057407,21.77819,21.836895,21.855751,22.008747,0.0,0.0,4.0,4.0,0.0,0.0,0.0,0.0
23406,2023.0,6.0,12.0,13.0,21.007929,21.509594,19.687408,19.87203,21.014435,21.523088,21.425127,22.275116,22.025213,22.157278,21.696836,21.596746,22.156,22.06467,21.661808,21.59028,21.643587,21.730072,0.0,0.0,4.0,0.0,0.0,0.0,0.0,0.0
23407,2023.0,6.0,12.0,13.0,21.006815,21.498556,19.682053,19.868008,21.005243,21.509808,20.948376,21.421804,21.905537,21.995033,21.723713,21.627953,22.160812,22.072586,21.618927,21.537418,21.626371,21.710484,0.0,0.0,0.0,0.0,0.0,0.0,0.0,0.0
23408,2023.0,6.0,12.0,13.0,21.006924,21.491764,19.68,19.867666,21.275187,21.99038,21.017853,21.569052,21.906763,21.99761,21.7454,21.65468,22.164055,22.07964,21.611958,21.53293,21.628374,21.716358,0.0,4.0,0.0,0.0,0.0,0.0,0.0,0.0
23409,2023.0,6.0,12.0,13.0,21.006477,21.485367,19.680067,19.86955,20.964546,21.400152,21.0054,21.548544,21.756628,21.691717,21.761604,21.675589,22.165733,22.085476,21.608898,21.533752,21.476988,21.413858,0.0,0.0,0.0,0.0,0.0,0.0,0.0,0.0
23410,2023.0,6.0,12.0,13.0,21.013697,21.494255,19.681976,19.873604,21.010212,21.508337,21.01422,21.566162,21.696999,21.619396,21.775812,21.69704,22.166166,22.091066,21.605965,21.535492,21.418007,21.346159,0.0,0.0,0.0,0.0,0.0,0.0,0.0,0.0
23411,2023.0,6.0,12.0,13.0,21.005737,21.473864,19.684534,19.877733,21.003834,21.489323,21.012222,21.547316,21.684984,21.613422,21.784224,21.710155,22.917679,23.522585,21.602682,21.53709,21.403019,21.337162,0.0,0.0,0.0,0.0,0.0,4.0,0.0,0.0
23412,2023.0,6.0,12.0,14.0,21.445692,22.287569,19.68867,19.883915,21.011398,21.49223,21.241394,21.947905,21.676744,21.61058,22.158092,22.411932,22.620176,22.765398,21.599588,21.539167,21.392134,21.331347,0.0,0.0,4.0,0.0,4.0,0.0,0.0,0.0
23413,2023.0,6.0,12.0,14.0,21.749853,22.724874,19.6939,19.890966,21.299818,22.008137,20.947577,21.336298,21.67104,21.610273,21.984543,21.973772,22.472233,22.570147,21.596638,21.541285,21.384144,21.328451,0.0,4.0,0.0,0.0,0.0,0.0,0.0,0.0
23414,2023.0,6.0,12.0,14.0,21.837963,22.808926,19.699718,19.898531,21.536417,22.395893,20.85352,21.222885,21.66768,21.612213,22.27578,22.554186,22.46128,22.562029,21.594378,21.543943,21.378963,21.328396,0.0,4.0,0.0,0.0,4.0,0.0,0.0,0.0
23415,2023.0,6.0,12.0,14.0,21.351803,21.840794,20.139503,20.719902,21.105783,21.517052,20.817795,21.19031,21.665293,21.615,22.045586,22.059458,22.32184,22.28904,21.59284,21.547071,21.374414,21.329105,4.0,0.0,0.0,0.0,0.0,0.0,0.0,0.0
23416,2023.0,6.0,12.0,14.0,21.816286,22.790974,19.97423,20.35143,20.97904,21.34953,20.611797,20.80543,21.66391,21.618715,22.127083,22.27017,22.27719,22.231232,21.592113,21.55088,21.37069,21.330633,0.0,0.0,0.0,0.0,0.0,0.0,0.0,0.0
23417,2023.0,6.0,12.0,14.0,21.999166,22.976624,20.218061,20.766687,21.45724,22.279785,20.498213,20.669271,21.663475,21.622997,22.191288,22.36225,22.987831,23.59681,22.57497,23.411179,21.36718,21.332352,4.0,4.0,0.0,0.0,0.0,4.0,4.0,0.0
23418,2023.0,6.0,12.0,15.0,21.525915,22.045454,20.189705,20.668543,21.62877,22.49395,20.454979,20.621544,21.664515,21.628674,22.037985,22.047907,22.658438,22.857824,22.106062,22.32669,21.365015,21.335293,0.0,4.0,0.0,0.0,0.0,0.0,0.0,0.0
23419,2023.0,6.0,12.0,15.0,21.371382,21.840828,20.186445,20.649776,21.193298,21.619652,21.068085,21.801785,21.666191,21.635202,21.969662,21.945372,22.537355,22.664999,21.949856,22.085873,21.363611,21.33877,0.0,0.0,4.0,0.0,0.0,0.0,0.0,0.0
23420,2023.0,6.0,12.0,15.0,21.902164,22.877254,19.986414,20.229607,21.600306,22.448017,21.22378,21.95537,21.668226,21.641712,21.955364,21.933409,22.527462,22.657845,21.936897,22.074303,21.363417,21.343176,0.0,4.0,4.0,0.0,0.0,0.0,0.0,0.0
23421,2023.0,6.0,12.0,15.0,22.034622,23.017372,19.91638,20.12736,21.730465,22.596195,20.91439,21.339039,22.320421,22.87436,21.947826,21.930576,22.383287,22.378342,21.934494,22.075977,21.364672,21.348541,0.0,4.0,0.0,4.0,0.0,0.0,0.0,0.0
23422,2023.0,6.0,12.0,15.0,22.098654,23.077955,20.320705,20.89762,21.79036,22.653961,20.827896,21.219316,21.935865,22.009699,21.943165,21.930868,22.33379,22.311836,21.791557,21.790827,21.36708,21.35492,4.0,4.0,0.0,0.0,0.0,0.0,0.0,0.0
23423,2023.0,6.0,12.0,15.0,22.152676,23.129103,20.45295,21.044645,21.357283,21.801302,21.331944,22.175716,21.940823,22.081308,21.939917,21.932777,22.317549,22.298664,22.718264,23.566427,21.36977,21.361591,4.0,0.0,4.0,0.0,0.0,0.0,4.0,0.0
23424,2023.0,6.0,12.0,16.0,21.663057,22.169798,20.70671,21.49297,21.734825,22.58262,20.99809,21.436272,21.993114,22.171984,21.938072,21.936146,22.305454,22.290178,23.076895,24.054625,21.373014,21.36914,4.0,4.0,0.0,0.0,0.0,0.0,4.0,0.0
23425,2023.0,6.0,12.0,16.0,21.515417,21.98031,20.483318,20.99047,21.355042,21.7863,20.8814,21.269436,21.843006,21.86152,21.93218,21.930351,23.030111,23.676271,22.372953,22.60681,21.372335,21.368324,0.0,0.0,0.0,0.0,0.0,4.0,0.0,0.0
23426,2023.0,6.0,12.0,16.0,21.452974,21.908478,20.399864,20.852108,21.736938,22.569134,21.39438,22.24783,21.784555,21.773811,21.924541,21.921648,22.664196,22.863537,22.169525,22.307562,21.370283,21.365742,0.0,4.0,4.0,0.0,0.0,0.0,0.0,0.0
23427,2023.0,6.0,12.0,16.0,21.964258,22.894575,20.388332,20.830166,21.852476,22.693235,21.040266,21.473373,21.767153,21.755234,22.260553,22.556791,22.549835,22.68564,22.121239,22.25315,22.22798,22.985447,0.0,4.0,0.0,0.0,4.0,0.0,0.0,4.0
23428,2023.0,6.0,12.0,16.0,21.581285,22.069168,20.185217,20.420906,21.397575,21.795645,21.435434,22.2624,22.399866,22.960485,22.072325,22.136423,22.525623,22.653473,22.088387,22.214905,21.83123,22.063126,0.0,0.0,4.0,4.0,0.0,0.0,0.0,0.0
23429,2023.0,6.0,12.0,16.0,21.442127,21.875029,20.094378,20.285444,21.241142,21.581644,21.059887,21.456034,22.12584,22.327795,21.963564,21.96251,22.383392,22.38292,22.06389,22.185804,21.695456,21.849636,0.0,0.0,0.0,0.0,0.0,0.0,0.0,0.0
23430,2023.0,6.0,12.0,17.0,21.973457,22.902111,20.489317,21.047276,21.723024,22.523632,20.928835,21.273119,22.028318,22.175797,21.938995,21.933897,22.330645,22.313852,21.920599,21.916586,21.675705,21.822502,4.0,4.0,0.0,0.0,0.0,0.0,0.0,0.0
23431,2023.0,6.0,12.0,17.0,22.10016,23.026802,20.600855,21.163897,21.844442,22.652277,21.4177,22.211418,22.006449,22.145075,21.919224,21.913042,23.042513,23.686735,21.864872,21.848091,21.532595,21.544762,4.0,4.0,4.0,0.0,0.0,4.0,0.0,0.0
23432,2023.0,6.0,12.0,17.0,22.153753,23.066223,20.453917,20.869337,21.889877,22.684195,21.568483,22.384708,22.523727,23.112381,21.90087,21.89354,22.66528,22.860655,22.804281,23.64748,21.476433,21.46826,0.0,4.0,4.0,4.0,0.0,0.0,4.0,0.0
23433,2023.0,6.0,12.0,17.0,22.196745,23.097296,20.743935,21.416595,21.926144,22.708748,21.62519,22.427866,22.192846,22.3881,21.882616,21.874094,22.503605,22.60164,22.277744,22.470146,21.452585,21.442207,4.0,4.0,4.0,0.0,0.0,0.0,0.0,0.0
23434,2023.0,6.0,12.0,17.0,21.690449,22.108171,20.866009,21.562162,21.954668,22.725891,21.153362,21.49572,22.046001,22.160381,21.864244,21.854607,22.466837,22.555151,22.080338,22.17362,21.433907,21.422335,4.0,4.0,0.0,0.0,0.0,0.0,0.0,0.0
23435,2023.0,6.0,12.0,17.0,21.532808,21.904903,20.569477,20.95708,21.978128,22.737913,21.567226,22.351482,22.009186,22.114254,22.209665,22.518606,22.346222,22.337843,22.033579,22.118773,21.41789,21.405806,0.0,4.0,4.0,0.0,4.0,0.0,0.0,0.0
23436,2023.0,6.0,12.0,18.0,21.463633,21.824064,20.470793,20.809816,21.99809,22.746788,21.663637,22.435596,21.873405,21.866114,21.977152,22.019226,22.293945,22.272343,21.997564,22.076628,21.402594,21.390148,0.0,4.0,4.0,0.0,0.0,0.0,0.0,0.0
23437,2023.0,6.0,12.0,18.0,21.981987,22.828625,20.665972,21.169487,22.018538,22.75955,21.70314,22.464897,21.82102,21.805517,21.877104,21.87291,23.007616,23.653128,21.88754,21.880714,21.390144,21.379341,4.0,4.0,4.0,0.0,0.0,4.0,0.0,0.0
23438,2023.0,6.0,12.0,18.0,22.126104,22.990452,20.748236,21.274502,22.038176,22.772047,21.740166,22.493847,22.422451,22.967398,21.84492,21.838013,22.641376,22.85202,22.741394,23.530617,21.378536,21.36918,4.0,4.0,4.0,4.0,0.0,0.0,4.0,0.0
23439,2023.0,6.0,12.0,18.0,22.181568,23.03656,20.897179,21.533274,22.05685,22.783863,21.771358,22.517647,22.104702,22.262794,22.175524,22.481207,22.445105,22.52263,22.258373,22.45161,21.367388,21.359327,4.0,4.0,4.0,0.0,4.0,0.0,0.0,0.0
23440,2023.0,6.0,12.0,18.0,21.698229,22.086807,20.631048,20.986303,21.58194,21.876774,21.798761,22.537384,21.970287,22.062138,21.969204,22.039806,22.395039,22.461203,22.055695,22.134085,22.160717,22.870543,0.0,0.0,4.0,0.0,0.0,0.0,0.0,4.0
23441,2023.0,6.0,12.0,18.0,21.53042,21.860361,20.522264,20.824495,21.976576,22.715221,21.309475,21.59454,21.934166,22.020834,21.939947,22.039202,22.29371,22.289188,21.996243,22.063591,22.474714,23.295523,0.0,4.0,0.0,0.0,0.0,0.0,0.0,4.0
23442,2023.0,6.0,12.0,19.0,22.053675,22.888435,20.842875,21.439117,21.548729,21.832731,21.72479,22.469023,21.825562,21.830498,21.940071,22.050503,22.246073,22.234364,21.959654,22.026077,21.887598,22.08501,4.0,0.0,4.0,0.0,0.0,0.0,0.0,0.0
23443,2023.0,6.0,12.0,19.0,22.169142,22.997879,20.947464,21.561005,21.923191,22.624031,21.804289,22.525087,21.771212,21.76415,21.83423,21.85717,22.21314,22.201315,22.833466,23.695171,21.686363,21.774883,4.0,4.0,4.0,0.0,0.0,0.0,4.0,0.0
23444,2023.0,6.0,12.0,19.0,21.680481,22.034075,20.64785,20.961622,22.015331,22.708757,21.819826,22.522108,21.737759,21.729744,21.771757,21.771555,22.182434,22.170122,22.263075,22.436739,21.619349,21.690773,0.0,4.0,4.0,0.0,0.0,0.0,0.0,0.0
23445,2023.0,6.0,12.0,19.0,21.51031,21.802341,20.52604,20.781218,22.029924,22.706154,21.839817,22.529425,21.708237,21.69996,21.738226,21.735546,22.90285,23.561615,22.026142,22.074755,21.576122,21.639378,0.0,4.0,4.0,0.0,0.0,4.0,0.0,0.0
23446,2023.0,6.0,12.0,19.0,22.028969,22.821775,20.782675,21.27492,21.545612,21.774965,21.854158,22.531351,22.33282,22.903442,21.707409,21.703562,23.057148,23.722172,21.952778,21.986494,21.482943,21.481438,4.0,0.0,4.0,4.0,0.0,4.0,0.0,0.0
23447,2023.0,6.0,12.0,19.0,22.156979,22.956512,20.504642,20.697065,21.918076,22.567232,21.865576,22.530485,21.988722,22.136143,21.678526,21.674622,22.515162,22.643095,22.829668,23.677149,21.437658,21.430262,0.0,4.0,4.0,0.0,0.0,0.0,4.0,0.0
23448,2023.0,6.0,12.0,20.0,21.669294,21.992678,20.817785,21.345564,22.008265,22.655731,21.373703,21.593813,21.80899,21.850624,21.64971,21.64537,22.314339,22.330679,22.226793,22.359354,21.407637,21.400177,4.0,4.0,0.0,0.0,0.0,0.0,0.0,0.0
23449,2023.0,6.0,12.0,20.0,21.4945,21.75102,20.586016,20.83565,22.017483,22.645876,21.741129,22.382326,21.747503,21.770681,21.62011,21.614489,22.241598,22.240816,22.84689,23.620451,21.37986,21.371803,0.0,4.0,4.0,0.0,0.0,0.0,4.0,0.0
23450,2023.0,6.0,12.0,20.0,22.038242,22.821953,20.828104,21.333693,21.530777,21.71412,21.819412,22.451046,21.68091,21.674004,21.58992,21.582975,22.18548,22.17447,22.239738,22.338346,21.353336,21.344765,4.0,0.0,4.0,0.0,0.0,0.0,0.0,0.0
23451,2023.0,6.0,12.0,20.0,22.135283,22.886269,20.905346,21.40802,21.899187,22.501375,21.313663,21.483984,22.289902,22.859306,21.558767,21.550743,22.136469,22.118422,21.999722,21.98769,21.32747,21.318544,4.0,4.0,0.0,4.0,0.0,0.0,0.0,0.0
23452,2023.0,6.0,12.0,20.0,21.629921,21.89775,20.578012,20.771471,21.476786,21.638233,21.690311,22.286922,21.877644,21.957813,21.527935,21.519323,22.097553,22.079151,21.909138,21.886,22.111467,22.823593,0.0,0.0,4.0,0.0,0.0,0.0,0.0,4.0
23453,2023.0,6.0,12.0,20.0,21.445341,21.641165,20.813137,21.263409,21.837055,22.404793,21.26939,21.425303,21.688643,21.67255,21.497046,21.487608,22.061766,22.043476,21.839766,21.809416,21.597742,21.678602,4.0,4.0,0.0,0.0,0.0,0.0,0.0,0.0
23454,2023.0,6.0,12.0,21.0,21.365456,21.545212,20.542696,20.70314,21.92397,22.488712,21.049175,21.105427,22.23868,22.755066,21.466131,21.455515,22.027458,22.008709,21.796955,21.77613,22.171598,22.841185,0.0,4.0,0.0,4.0,0.0,0.0,0.0,4.0
23455,2023.0,6.0,12.0,21.0,21.937057,22.660715,20.782553,21.206244,21.93296,22.480766,21.001553,21.079458,21.807974,21.836876,21.435804,21.424,22.703857,23.323105,21.756477,21.737175,22.329784,22.994106,4.0,4.0,0.0,0.0,0.0,4.0,0.0,4.0
23456,2023.0,6.0,12.0,21.0,22.090143,22.774448,20.543896,20.67983,21.444412,21.547636,21.005877,21.128807,22.213223,22.73309,21.75715,22.054386,22.247368,22.265867,22.625856,23.419806,21.699902,21.736526,0.0,0.0,0.0,4.0,4.0,0.0,4.0,0.0
23457,2023.0,6.0,12.0,21.0,21.578392,21.78048,20.730944,21.124603,21.166695,21.178007,21.005016,21.154747,22.375809,22.869354,21.58058,21.625362,21.979239,21.907335,22.853477,23.557331,22.226122,22.905205,4.0,0.0,0.0,4.0,0.0,0.0,4.0,4.0
23458,2023.0,6.0,12.0,21.0,21.95004,22.62719,20.491686,20.59562,21.060553,21.049372,21.00537,21.174349,21.84391,21.8351,21.742962,22.012989,22.57053,23.084665,22.116951,22.114925,21.702688,21.713251,0.0,0.0,0.0,0.0,4.0,4.0,0.0,0.0
23459,2023.0,6.0,12.0,21.0,21.548632,21.728495,20.29561,20.323366,20.998629,20.988018,21.005598,21.18835,21.587635,21.51118,21.55167,21.580055,22.14299,22.108784,21.790028,21.707304,22.220484,22.884716,0.0,0.0,0.0,0.0,0.0,0.0,0.0,4.0
23460,2023.0,6.0,12.0,22.0,21.29103,21.398884,20.24367,20.272755,21.002716,21.032501,21.005775,21.198664,21.49185,21.40014,21.336258,21.25464,21.901997,21.799463,21.682531,21.589024,21.684885,21.671343,0.0,0.0,0.0,0.0,0.0,0.0,0.0,0.0
23461,2023.0,6.0,12.0,22.0,21.196901,21.28141,20.641832,21.046545,21.002937,21.05914,21.006182,21.206383,21.99546,22.40147,21.234047,21.125519,21.819555,21.701397,21.606758,21.504082,21.371298,21.281439,4.0,0.0,0.0,4.0,0.0,0.0,0.0,0.0
23462,2023.0,6.0,12.0,22.0,21.130875,21.200247,20.429445,20.532713,21.571257,22.147312,21.00657,21.21229,22.160172,22.552511,21.556015,21.787817,21.840837,21.79566,21.54132,21.431602,22.023436,22.595913,0.0,4.0,0.0,4.0,4.0,0.0,0.0,4.0
23463,2023.0,6.0,12.0,22.0,21.818129,22.541134,20.243662,20.27275,21.15003,21.171467,21.006685,21.21588,21.660557,21.576765,21.403017,21.403708,21.82348,21.77565,21.55757,21.515604,22.21247,22.733343,0.0,0.0,0.0,0.0,0.0,0.0,0.0,4.0
23464,2023.0,6.0,12.0,22.0,21.377123,21.486069,20.179644,20.189253,21.009373,21.066313,21.006784,21.218374,21.977732,22.333462,21.255932,21.208374,21.78755,21.733913,21.537529,21.491611,21.568039,21.480648,0.0,0.0,0.0,4.0,0.0,0.0,0.0,0.0
23465,2023.0,6.0,12.0,22.0,21.094887,21.125078,20.141205,20.14266,21.007431,21.080296,21.007175,21.221079,21.5804,21.457817,21.505539,21.714226,22.438389,22.994833,21.50022,21.44941,21.281897,21.135874,0.0,0.0,0.0,0.0,4.0,4.0,0.0,0.0
23466,2023.0,6.0,12.0,23.0,21.015797,21.031557,20.10892,20.10367,21.003792,21.092995,21.00748,21.223404,21.901901,22.225677,21.625143,21.859007,21.911522,21.788864,21.464495,21.409454,21.176975,21.021446,0.0,0.0,0.0,4.0,4.0,0.0,0.0,0.0
23467,2023.0,6.0,12.0,23.0,21.079174,21.204346,20.080708,20.07005,20.88986,20.888664,20.806423,20.83822,21.503063,21.345175,21.21202,21.045137,21.644257,21.454811,21.431505,21.373688,21.102974,20.943111,0.0,0.0,0.0,0.0,0.0,0.0,0.0,0.0
23468,2023.0,6.0,12.0,23.0,21.08287,21.21763,20.05689,20.039572,20.828365,20.80644,20.699572,20.680902,21.325638,21.122686,21.039412,20.817453,21.568354,21.363783,21.402445,21.340206,21.163567,21.115133,0.0,0.0,0.0,0.0,0.0,0.0,0.0,0.0
23469,2023.0,6.0,12.0,23.0,21.064875,21.197342,20.037949,20.019005,20.795465,20.77329,20.656319,20.638147,21.96753,22.417309,21.100193,21.010311,21.647186,21.570183,21.376305,21.312464,21.13775,21.077194,0.0,0.0,0.0,4.0,0.0,0.0,0.0,0.0
23470,2023.0,6.0,12.0,23.0,21.044214,21.172884,20.016933,19.993906,20.762268,20.736282,20.615767,20.593418,21.453093,21.305021,21.091919,21.009861,21.638096,21.556759,21.349152,21.282135,21.106026,21.041834,0.0,0.0,0.0,0.0,0.0,0.0,0.0,0.0
23471,2023.0,6.0,12.0,23.0,21.02124,21.14424,19.993769,19.964176,20.72823,20.695545,20.57609,20.5465,21.226587,20.996943,21.052204,20.96404,21.609953,21.525974,21.320812,21.249104,21.073357,21.004118,0.0,0.0,0.0,0.0,0.0,0.0,0.0,0.0
23472,2023.0,6.0,13.0,0.0,21.677805,22.396864,19.975447,19.943842,20.701221,20.667433,20.545485,20.515142,21.292475,21.206198,21.018385,20.92891,21.585474,21.499498,21.295597,21.222054,21.04447,20.97362,0.0,0.0,0.0,0.0,0.0,0.0,0.0,0.0
23473,2023.0,6.0,13.0,0.0,21.102978,21.147827,19.955626,19.920345,20.673225,20.636242,20.51433,20.48082,21.274858,21.19114,20.982933,20.890121,21.55975,21.47077,21.26974,21.1935,21.015078,20.941496,0.0,0.0,0.0,0.0,0.0,0.0,0.0,0.0
23474,2023.0,6.0,13.0,0.0,20.865013,20.796392,19.935709,19.896454,20.645744,20.605167,20.48425,20.447151,21.235512,21.147892,20.947802,20.851187,21.534191,21.441862,21.24378,21.164547,21.690609,22.237139,0.0,0.0,0.0,0.0,0.0,0.0,0.0,4.0
23475,2023.0,6.0,13.0,0.0,20.786434,20.704443,19.915985,19.872852,20.619102,20.575077,20.455614,20.41505,21.198566,21.10777,20.913507,20.813337,21.508944,21.413435,21.218048,21.135979,21.216602,21.19604,0.0,0.0,0.0,0.0,0.0,0.0,0.0,0.0
23476,2023.0,6.0,13.0,0.0,20.909771,21.00238,19.895065,19.846842,20.591614,20.542755,20.426588,20.381067,21.160765,21.065466,20.878185,20.772955,21.482718,21.38301,21.191402,21.105593,20.911512,20.683008,0.0,0.0,0.0,0.0,0.0,0.0,0.0,0.0
23477,2023.0,6.0,13.0,0.0,20.911291,21.009333,19.875187,19.82294,20.565777,20.51336,20.399578,20.350489,21.125095,21.026663,21.153751,21.316902,21.45747,21.354532,21.165558,21.076895,20.812836,20.575146,0.0,0.0,0.0,0.0,4.0,0.0,0.0,0.0
23478,2023.0,6.0,13.0,1.0,20.891453,20.986244,19.85526,19.798882,20.540144,20.484106,20.372908,20.32025,21.090118,20.988537,20.910042,20.808062,21.43223,21.326038,21.13956,21.048033,20.89275,20.798578,0.0,0.0,0.0,0.0,0.0,0.0,0.0,0.0
23479,2023.0,6.0,13.0,1.0,20.869686,20.960724,19.835323,19.774754,20.5148,20.455256,20.346693,20.290653,21.620827,22.014101,20.835709,20.7207,21.406914,21.297403,21.113317,21.018883,20.88208,20.788788,0.0,0.0,0.0,4.0,0.0,0.0,0.0,0.0
23480,2023.0,6.0,13.0,1.0,20.845734,20.931892,19.81384,19.747892,20.488117,20.423815,20.319246,20.258549,21.22724,21.16149,20.792028,20.671707,21.38041,21.266693,21.085798,20.987675,20.853243,20.756813,0.0,0.0,0.0,0.0,0.0,0.0,0.0,0.0
23481,2023.0,6.0,13.0,1.0,20.819698,20.899107,19.78966,19.716002,20.459042,20.387669,20.289495,20.221802,21.086815,20.971247,20.748226,20.620502,21.352161,21.232769,21.056551,20.953478,20.820864,20.71924,0.0,0.0,0.0,0.0,0.0,0.0,0.0,0.0
23482,2023.0,6.0,13.0,1.0,20.794857,20.86912,19.767145,19.687887,20.431925,20.355577,20.261854,20.189302,21.034214,20.914537,20.708628,20.576164,21.324917,21.201189,21.027927,20.921051,20.789083,20.683584,0.0,0.0,0.0,0.0,0.0,0.0,0.0,0.0
23483,2023.0,6.0,13.0,1.0,20.7694,20.838348,19.744131,19.659199,20.404573,20.32316,20.234066,20.156574,20.98685,20.863018,20.669407,20.532156,21.297293,21.169174,20.998749,20.888025,20.757019,20.647602,0.0,0.0,0.0,0.0,0.0,0.0,0.0,0.0
23484,2023.0,6.0,13.0,2.0,20.745186,20.810375,19.723055,19.634708,20.379314,20.295,20.20847,20.128212,21.511889,21.885208,20.633,20.493427,21.270924,21.139893,20.97036,20.85702,20.72623,20.614313,0.0,0.0,0.0,4.0,0.0,0.0,0.0,0.0
23485,2023.0,6.0,13.0,2.0,20.720993,20.782839,19.701448,19.60965,20.353643,20.266396,20.182497,20.09941,20.9111,20.623806,20.879038,20.982231,21.244429,21.110834,20.94177,20.826248,20.695398,20.581285,0.0,0.0,0.0,0.0,4.0,0.0,0.0,0.0
23486,2023.0,6.0,13.0,2.0,20.695374,20.752161,19.678503,19.581667,20.326414,20.234472,20.155062,20.067348,20.682892,20.333494,20.654675,20.512806,21.216534,21.078863,20.91162,20.792406,20.663145,20.545174,0.0,0.0,0.0,0.0,0.0,0.0,0.0,0.0
23487,2023.0,6.0,13.0,2.0,20.670897,20.724165,19.656868,19.556334,20.300602,20.205416,20.129177,20.038273,20.825655,20.703106,20.576765,20.426165,21.189823,21.049263,20.882439,20.760695,20.632252,20.511711,0.0,0.0,0.0,0.0,0.0,0.0,0.0,0.0
23488,2023.0,6.0,13.0,2.0,20.645374,20.69458,19.63383,19.528513,20.273638,20.174168,20.102182,20.007057,20.80372,20.662804,20.53097,20.37589,21.162567,21.018578,20.852604,20.727869,20.600872,20.477232,0.0,0.0,0.0,0.0,0.0,0.0,0.0,0.0
23489,2023.0,6.0,13.0,2.0,20.620113,20.66576,19.611473,19.502438,20.247442,20.144644,20.075962,19.977589,20.767515,20.62531,20.488668,20.330559,21.135796,20.988897,20.822983,20.695704,20.56998,20.443758,0.0,0.0,0.0,0.0,0.0,0.0,0.0,0.0
23490,2023.0,6.0,13.0,3.0,20.594543,20.636532,19.588755,19.475975,20.221018,20.114853,20.049522,19.94787,20.731249,20.586271,20.448395,20.287199,21.109001,20.959187,20.79315,20.66332,20.539062,20.41025,0.0,0.0,0.0,0.0,0.0,0.0,0.0,0.0
23491,2023.0,6.0,13.0,3.0,20.571692,20.61287,19.56941,19.456491,20.197935,20.091845,20.026413,19.924902,21.269447,21.628439,20.413008,20.25257,21.084833,20.934694,20.765583,20.6356,20.51071,20.38183,0.0,0.0,0.0,4.0,0.0,0.0,0.0,0.0
23492,2023.0,6.0,13.0,3.0,20.547464,20.58644,19.548145,19.433268,20.172953,20.065126,20.001417,19.898241,20.87034,20.763168,20.376368,20.214401,21.059736,20.908089,20.736893,20.605629,20.48127,20.351082,0.0,0.0,0.0,0.0,0.0,0.0,0.0,0.0
23493,2023.0,6.0,13.0,3.0,20.5258,20.564892,19.5273,19.410913,20.148466,20.039404,19.976915,19.872578,21.056217,21.16344,20.623688,20.705458,21.035284,20.882605,21.592905,22.241865,20.452484,20.321527,0.0,0.0,0.0,4.0,4.0,0.0,4.0,0.0
23494,2023.0,6.0,13.0,3.0,20.51676,20.567719,19.506006,19.387638,20.123575,20.012741,19.9519,19.845924,21.141825,21.269285,20.436102,20.307106,21.010561,20.856476,20.811514,20.554657,20.423311,20.291164,0.0,0.0,0.0,4.0,0.0,0.0,0.0,0.0
23495,2023.0,6.0,13.0,3.0,20.497797,20.548174,19.484407,19.363668,20.098406,19.985373,19.92648,19.818483,21.163086,21.28649,20.327465,20.161623,20.985624,20.829844,21.408333,21.828297,20.393797,20.260132,0.0,0.0,0.0,4.0,0.0,0.0,4.0,0.0
23496,2023.0,6.0,13.0,4.0,20.47564,20.523531,19.46282,19.339926,20.073338,19.95833,19.901102,19.79132,21.174973,21.293343,20.284752,20.117172,20.96095,20.803688,20.756117,20.455719,20.36448,20.229544,0.0,0.0,0.0,4.0,0.0,0.0,0.0,0.0
23497,2023.0,6.0,13.0,4.0,20.454058,20.50056,19.442356,19.31875,20.049358,19.93364,19.876732,19.766424,20.612446,20.232407,20.245302,20.077171,20.937399,20.779734,20.533834,20.190037,20.33602,20.200735,0.0,0.0,0.0,0.0,0.0,0.0,0.0,0.0
23498,2023.0,6.0,13.0,4.0,20.43172,20.476456,19.421114,19.295973,20.024405,19.907114,19.851543,19.73975,20.420414,20.024569,20.207342,20.037384,20.913782,20.7552,20.442993,20.095808,20.307304,20.171066,0.0,0.0,0.0,0.0,0.0,0.0,0.0,0.0
23499,2023.0,6.0,13.0,4.0,20.411154,20.456697,19.403103,19.279863,20.002657,19.887354,19.829823,19.720022,20.334713,19.950895,20.175188,20.007887,20.892633,20.735332,20.562138,20.408463,21.00308,21.506252,0.0,0.0,0.0,0.0,0.0,0.0,0.0,4.0
23500,2023.0,6.0,13.0,4.0,20.38854,20.43372,19.383202,19.260149,19.978931,19.863842,19.806412,19.696714,20.48143,20.327606,20.142036,19.97508,20.8707,20.713528,20.571323,20.433716,20.517075,20.437504,0.0,0.0,0.0,0.0,0.0,0.0,0.0,0.0
23501,2023.0,6.0,13.0,4.0,20.364426,20.408262,19.36215,19.238314,19.954037,19.838057,19.782053,19.671326,20.483862,20.329369,20.10894,19.941069,20.84862,20.690855,20.54484,20.407654,20.15411,19.815767,0.0,0.0,0.0,0.0,0.0,0.0,0.0,0.0
23502,2023.0,6.0,13.0,5.0,20.342178,20.386711,19.342916,19.220213,19.931194,19.816406,19.759653,19.650015,20.452343,20.300865,20.079931,19.913696,21.510338,21.96187,20.51748,20.381493,20.048252,19.711462,0.0,0.0,0.0,0.0,0.0,4.0,0.0,0.0
23503,2023.0,6.0,13.0,5.0,20.322042,20.3694,19.326208,19.207228,19.910688,19.799356,19.739275,19.633131,20.98019,21.319204,20.054607,19.891916,21.470078,21.720703,20.491903,20.35888,20.879425,21.360167,0.0,0.0,0.0,4.0,0.0,4.0,0.0,4.0
23504,2023.0,6.0,13.0,5.0,20.3029,20.353083,19.310778,19.19599,19.891315,19.783585,19.719751,19.617344,20.622456,20.532034,20.03242,19.873331,20.840313,20.501572,20.468023,20.337849,20.255342,19.98706,0.0,0.0,0.0,0.0,0.0,0.0,0.0,0.0
23505,2023.0,6.0,13.0,5.0,20.28438,20.33747,19.295893,19.185423,19.872509,19.768536,19.700872,19.602276,20.290325,19.959991,20.013329,19.85808,20.673153,20.306019,21.341545,22.005257,20.734104,21.018864,0.0,0.0,0.0,0.0,0.0,0.0,4.0,4.0
23506,2023.0,6.0,13.0,5.0,20.941547,21.592205,19.702368,19.962162,19.853907,19.753662,19.682278,19.58743,20.708033,20.829597,19.997164,19.845757,21.261461,21.472685,20.580824,20.353334,20.938284,21.279667,4.0,0.0,0.0,4.0,0.0,4.0,0.0,4.0
23507,2023.0,6.0,13.0,5.0,20.524149,20.659384,19.48574,19.475958,19.835314,19.738441,19.663809,19.572302,20.310778,19.992552,19.98391,19.8362,20.788353,20.46833,20.331226,20.027098,20.305058,20.032116,0.0,0.0,0.0,0.0,0.0,0.0,0.0,0.0
23508,2023.0,6.0,13.0,6.0,20.795715,21.219051,19.779783,20.0697,20.482862,20.975971,19.645771,19.557802,20.166922,19.835495,20.26735,20.378452,21.36036,21.654562,20.265903,19.969913,20.123407,19.824234,4.0,4.0,0.0,0.0,4.0,4.0,0.0,0.0
23509,2023.0,6.0,13.0,6.0,21.017334,21.547712,20.014622,20.422565,21.074467,21.922886,21.173943,22.295557,20.315165,20.19,20.104914,20.007082,20.98504,20.901482,21.311974,21.862785,20.833422,21.23415,4.0,0.0,0.0,0.0,0.0,0.0,0.0,4.0
23510,2023.0,6.0,13.0,6.0,21.023933,21.536692,20.022902,20.389135,20.996344,21.615465,21.00132,21.79685,20.361221,20.24232,20.002666,19.875767,21.01646,20.955687,21.656403,22.413534,20.376902,20.13861,0.0,4.0,0.0,0.0,0.0,0.0,4.0,0.0
23511,2023.0,6.0,13.0,6.0,21.029247,21.48035,19.494099,19.328445,21.007921,21.563702,21.025185,21.752565,20.349838,20.238089,19.996504,19.874475,21.008236,20.933739,21.66105,22.189613,20.868746,21.270672,0.0,4.0,0.0,0.0,0.0,0.0,4.0,4.0
23512,2023.0,6.0,13.0,6.0,21.051388,21.510569,19.210045,18.956844,21.005875,21.51359,21.021545,21.68644,20.345205,20.240026,20.001528,19.886637,21.672466,22.200848,20.946539,20.940363,20.405872,20.185791,0.0,4.0,0.0,0.0,0.0,4.0,0.0,0.0
23513,2023.0,6.0,13.0,6.0,21.081614,21.55114,19.282063,19.184065,21.005165,21.482788,20.995832,21.575918,20.34418,20.245485,20.304768,20.452875,21.008247,20.8618,21.023476,21.114416,20.96156,21.423208,0.0,4.0,4.0,0.0,4.0,0.0,0.0,4.0
23514,2023.0,6.0,13.0,7.0,21.013178,21.445059,19.761763,20.088984,21.004572,21.462654,21.00063,21.565554,20.346542,20.254486,20.190212,20.120378,21.567926,21.962921,21.591267,22.17003,20.490389,20.304094,4.0,4.0,4.0,0.0,0.0,4.0,4.0,0.0
23515,2023.0,6.0,13.0,7.0,21.113106,21.606722,20.010065,20.417662,21.003548,21.448578,21.007513,21.552761,20.352665,20.268076,20.11213,20.02254,21.768236,22.140074,20.957739,20.93195,21.100048,21.64926,4.0,4.0,4.0,0.0,0.0,4.0,0.0,4.0
23516,2023.0,6.0,13.0,7.0,21.16427,21.674818,20.002121,20.3538,21.00278,21.439825,21.00557,21.532846,20.362309,20.285343,20.11633,20.032907,21.194063,21.00224,21.024023,21.085878,20.604149,20.459944,4.0,4.0,4.0,0.0,0.0,0.0,0.0,0.0
23517,2023.0,6.0,13.0,7.0,21.194845,21.719524,20.02087,20.378517,21.002048,21.434956,21.03131,21.594316,21.010906,21.502142,20.505943,20.75823,20.997314,20.78539,21.00923,21.073086,20.331947,20.143063,0.0,4.0,0.0,4.0,4.0,0.0,0.0,0.0
23518,2023.0,6.0,13.0,7.0,20.995087,21.386557,19.60208,19.55095,21.00155,21.433113,20.99838,21.49597,20.711697,20.701216,20.705465,20.97685,21.003685,20.821077,21.679796,22.328262,20.282618,20.10388,0.0,4.0,4.0,0.0,4.0,0.0,4.0,0.0
23519,2023.0,6.0,13.0,7.0,21.019413,21.448065,19.38329,19.276321,21.0009,21.432423,21.030264,21.576593,20.418915,20.24189,20.339743,20.212484,21.714622,22.186247,21.92074,22.560751,20.268854,20.104242,0.0,4.0,0.0,0.0,0.0,4.0,4.0,0.0
23520,2023.0,6.0,13.0,8.0,21.015547,21.448137,19.396662,19.372162,21.02647,21.504988,21.023212,21.556587,20.362019,20.19173,20.17715,19.999144,21.301573,21.189981,21.188488,21.103935,20.34669,20.27636,0.0,0.0,0.0,0.0,0.0,0.0,0.0,0.0
23521,2023.0,6.0,13.0,8.0,21.214941,21.808672,19.400824,19.401237,20.49953,20.487228,20.44363,20.439388,20.440527,20.358427,20.16716,19.997532,21.793589,22.247046,20.877369,20.7243,20.380148,20.318676,0.0,0.0,0.0,0.0,0.0,4.0,0.0,0.0
23522,2023.0,6.0,13.0,8.0,21.286894,21.90391,19.831137,20.232597,20.284336,20.201784,20.28189,20.277205,20.479078,20.411646,20.25529,20.166616,21.990969,22.487103,20.81795,20.67098,20.387247,20.328302,4.0,0.0,0.0,0.0,0.0,4.0,0.0,0.0
23523,2023.0,6.0,13.0,8.0,20.756666,20.892881,20.024584,20.521326,20.20869,20.145508,20.204983,20.213947,20.497355,20.432676,20.306133,20.231213,21.45214,21.391895,20.794558,20.662058,20.393658,20.33623,0.0,0.0,0.0,0.0,0.0,0.0,0.0,0.0
23524,2023.0,6.0,13.0,8.0,20.5175,20.619555,19.650627,19.74452,20.192919,20.194767,20.123917,20.139473,20.51603,20.453226,20.339588,20.268429,21.246351,21.109083,20.827354,20.756966,20.401445,20.345285,0.0,0.0,0.0,0.0,0.0,0.0,0.0,0.0
23525,2023.0,6.0,13.0,8.0,20.463577,20.582977,19.508595,19.540783,20.158512,20.172709,20.066746,20.086393,20.534422,20.47359,20.372074,20.30455,21.232891,21.10382,20.830463,20.7664,20.410416,20.355434,0.0,0.0,0.0,0.0,0.0,0.0,0.0,0.0
23526,2023.0,6.0,13.0,9.0,20.457314,20.624203,19.472326,19.514584,20.121748,20.146416,20.02133,20.051989,20.551205,20.48991,20.39973,20.330553,21.937021,22.440989,20.825466,20.763426,20.419481,20.364542,0.0,0.0,0.0,0.0,0.0,4.0,0.0,0.0
23527,2023.0,6.0,13.0,9.0,20.430822,20.60981,19.443281,19.492105,20.086567,20.118118,19.978619,20.01589,20.5695,20.508476,20.430342,20.361734,21.559238,21.590876,21.776737,22.566904,20.42982,20.374983,0.0,0.0,0.0,0.0,0.0,0.0,4.0,0.0
23528,2023.0,6.0,13.0,9.0,21.045067,21.795416,19.421513,19.477434,20.707779,21.32067,20.59637,21.21754,21.270685,21.814146,20.461845,20.394089,21.405388,21.320435,22.039454,22.838625,20.441113,20.386436,0.0,4.0,4.0,4.0,0.0,0.0,4.0,0.0
23529,2023.0,6.0,13.0,9.0,20.635328,20.901108,19.83387,20.272282,20.331198,20.487799,20.208649,20.36632,20.945812,21.03864,20.494146,20.427423,21.395779,21.314018,21.352161,21.436403,20.453667,20.399363,4.0,0.0,0.0,0.0,0.0,0.0,0.0,0.0
23530,2023.0,6.0,13.0,9.0,21.107403,21.866333,20.021395,20.549852,20.791115,21.430193,20.049202,20.154686,20.795277,20.766773,20.528067,20.463085,21.41235,21.345505,21.128756,21.082983,20.467932,20.414467,0.0,4.0,0.0,0.0,0.0,0.0,0.0,0.0
23531,2023.0,6.0,13.0,9.0,20.73353,21.005157,20.057829,20.540709,20.442385,20.61929,20.01556,20.143187,20.786617,20.761477,20.565958,20.50279,21.426043,21.362574,21.06953,21.029852,20.48405,20.431839,4.0,0.0,0.0,0.0,0.0,0.0,0.0,0.0
23532,2023.0,6.0,13.0,10.0,20.597101,20.847128,20.003609,20.438452,20.906843,21.581022,19.934065,20.01566,20.771984,20.719194,20.601107,20.540115,21.438953,21.377314,21.061298,21.033976,20.499239,20.44852,0.0,4.0,0.0,0.0,0.0,0.0,0.0,0.0
23533,2023.0,6.0,13.0,10.0,20.54976,20.817211,19.811653,20.057505,20.561539,20.790817,19.881119,19.963,20.776417,20.722115,20.640554,20.582426,22.233606,22.872963,21.067123,21.055883,20.516617,20.468262,0.0,0.0,0.0,0.0,0.0,4.0,0.0,0.0
23534,2023.0,6.0,13.0,10.0,20.46689,20.690372,19.752604,19.98992,20.397814,20.578537,19.856226,19.945625,20.792738,20.74128,20.678644,20.625355,21.791561,21.875223,21.028128,20.979448,20.533836,20.488642,0.0,0.0,0.0,0.0,0.0,0.0,0.0,0.0
23535,2023.0,6.0,13.0,10.0,20.419388,20.640642,19.616533,19.741398,20.360273,20.563126,19.836306,19.93433,20.813522,20.767208,20.72097,20.676699,21.673779,21.684893,21.017254,20.967218,20.554243,20.51504,0.0,0.0,0.0,0.0,0.0,0.0,0.0,0.0
23536,2023.0,6.0,13.0,10.0,20.39199,20.620628,19.573406,19.699625,20.215073,20.313501,19.821245,19.929134,20.834562,20.792425,20.760021,20.72149,21.695631,21.72546,21.018576,20.973385,20.573727,20.53909,0.0,0.0,0.0,0.0,0.0,0.0,0.0,0.0
23537,2023.0,6.0,13.0,10.0,20.378628,20.623377,19.55448,19.691938,20.167515,20.274107,19.809156,19.927095,20.856995,20.819351,20.799778,20.767456,21.634249,21.592709,21.023188,20.983044,20.59407,20.564274,0.0,0.0,0.0,0.0,0.0,0.0,0.0,0.0
23538,2023.0,6.0,13.0,11.0,20.370735,20.631084,19.542871,19.692013,20.13914,20.257689,19.799707,19.927809,20.878666,20.843782,20.83565,20.805468,22.40707,23.057945,21.029703,20.994051,20.61358,20.58712,0.0,0.0,0.0,0.0,0.0,4.0,0.0,0.0
23539,2023.0,6.0,13.0,11.0,20.3569,20.62238,19.960947,20.49254,20.112549,20.237728,19.789352,19.924446,20.901367,20.869204,20.873278,20.846783,22.0162,22.170172,21.036444,21.003597,20.632963,20.609232,4.0,0.0,0.0,0.0,0.0,0.0,0.0,0.0
23540,2023.0,6.0,13.0,11.0,20.34337,20.613304,20.00354,20.508364,20.090555,20.222359,19.779924,19.921589,20.923006,20.893261,21.270882,21.562143,22.60735,23.31308,22.054586,22.921604,20.65141,20.629898,0.0,0.0,0.0,0.0,4.0,4.0,4.0,0.0
23541,2023.0,6.0,13.0,11.0,20.957273,21.779882,19.748444,19.975367,20.069931,20.20803,19.771105,19.919338,20.947075,20.920425,21.164768,21.217558,22.881765,23.635656,21.64558,21.835812,20.671816,20.653252,0.0,0.0,0.0,0.0,0.0,4.0,0.0,0.0
23542,2023.0,6.0,13.0,11.0,21.161007,22.024605,19.645317,19.82621,20.709953,21.430054,19.765228,19.919939,20.96942,20.946434,21.089127,21.077036,22.972294,23.7287,21.475212,21.585665,20.690355,20.675316,0.0,4.0,0.0,0.0,0.0,4.0,0.0,0.0
23543,2023.0,6.0,13.0,11.0,20.79079,21.269327,19.62079,19.805672,20.32515,20.56416,20.38756,21.09744,20.992308,20.972813,21.10334,21.090721,22.404757,22.584097,21.458252,21.575695,20.708866,20.697428,0.0,0.0,4.0,0.0,0.0,0.0,0.0,0.0
23544,2023.0,6.0,13.0,12.0,21.274979,22.223955,19.60764,19.799988,20.342817,20.686499,20.029305,20.284431,21.01521,20.999266,21.125751,21.116903,22.95259,23.677177,21.459694,21.586864,21.61475,22.393238,0.0,0.0,0.0,0.0,0.0,4.0,0.0,4.0
23545,2023.0,6.0,13.0,12.0,20.979263,21.633661,19.598234,19.796339,21.093365,21.998346,21.137098,22.31286,21.03673,21.023375,21.149637,21.143805,23.129713,23.900291,22.321272,23.199823,21.243864,21.501268,0.0,0.0,0.0,0.0,0.0,4.0,4.0,0.0
23546,2023.0,6.0,13.0,12.0,21.3664,22.334127,19.589422,19.792423,21.06409,21.800941,20.998934,21.921494,21.059292,21.048754,21.53774,21.850788,23.209702,23.977917,21.880854,22.10277,21.067114,21.246494,0.0,4.0,0.0,0.0,4.0,4.0,0.0,0.0
23547,2023.0,6.0,13.0,12.0,20.96845,21.537748,19.98596,20.542948,21.008863,21.706926,21.022001,21.882494,21.082165,21.074959,21.401947,21.46286,23.287928,24.057673,21.640293,21.788223,21.084873,21.265133,4.0,0.0,0.0,0.0,0.0,4.0,0.0,0.0
23548,2023.0,6.0,13.0,12.0,21.012735,21.629494,19.997421,20.463015,21.009905,21.68299,21.018507,21.817688,21.103584,21.099648,21.306456,21.318504,22.716501,22.915823,21.61604,21.766249,20.95169,20.973364,0.0,0.0,0.0,0.0,0.0,0.0,0.0,0.0
23549,2023.0,6.0,13.0,12.0,21.004015,21.612032,19.77344,20.00559,21.008398,21.660297,21.01715,21.774042,21.125132,21.126177,21.311216,21.321577,22.511177,22.64951,21.616434,21.774328,20.90555,20.910624,0.0,0.0,0.0,0.0,0.0,0.0,0.0,0.0
23550,2023.0,6.0,13.0,13.0,21.010447,21.610653,19.692108,19.915735,21.014828,21.645067,21.06618,21.80674,21.144367,21.15005,21.328215,21.34336,22.481716,22.628796,21.45617,21.455936,20.90935,20.917358,0.0,0.0,4.0,0.0,0.0,0.0,0.0,0.0
23551,2023.0,6.0,13.0,13.0,21.353045,22.229578,19.669077,19.892487,21.013718,21.622665,21.004934,21.70897,21.157434,21.163515,21.340714,21.356447,22.46131,22.610947,21.402996,21.39986,20.913927,20.921972,0.0,0.0,0.0,0.0,0.0,0.0,0.0,0.0
23552,2023.0,6.0,13.0,13.0,21.040806,21.543543,19.654547,19.877993,21.19702,21.929495,21.012053,21.715385,21.16855,21.175419,21.351067,21.367935,22.297457,22.302004,21.382866,21.379978,20.918186,20.926752,0.0,4.0,0.0,0.0,0.0,0.0,0.0,0.0
23553,2023.0,6.0,13.0,13.0,21.008568,21.578285,19.644236,19.868214,21.419209,22.297333,21.010834,21.703787,21.879734,22.507475,21.359608,21.377695,22.96961,23.625767,21.369919,21.36856,20.922066,20.9314,0.0,4.0,0.0,4.0,0.0,4.0,0.0,0.0
23554,2023.0,6.0,13.0,13.0,21.492702,22.484552,19.636265,19.860392,20.981302,21.490541,21.01708,21.694086,21.54344,21.648212,21.729794,22.066786,22.66456,22.880327,21.359758,21.359608,20.925926,20.936483,0.0,0.0,0.0,0.0,4.0,0.0,0.0,0.0
23555,2023.0,6.0,13.0,13.0,21.691795,22.695795,19.630657,19.854897,21.016222,21.577227,21.015558,21.67395,21.508646,21.709831,21.560312,21.630884,22.49356,22.651144,21.35127,21.352692,20.929823,20.941841,0.0,0.0,0.0,0.0,0.0,0.0,0.0,0.0
23556,2023.0,6.0,13.0,14.0,21.215832,21.737997,19.626848,19.851416,21.385015,22.262781,21.01559,21.65965,21.554405,21.76524,21.455269,21.485191,22.46623,22.623713,21.34456,21.347883,20.9337,20.947071,0.0,4.0,0.0,0.0,0.0,0.0,0.0,0.0
23557,2023.0,6.0,13.0,14.0,21.028704,21.519743,19.624372,19.84934,21.533398,22.416933,20.598415,20.84437,22.086782,22.734709,21.80072,22.141699,23.044975,23.722017,21.339941,21.344954,20.938011,20.952818,0.0,4.0,0.0,4.0,4.0,4.0,0.0,0.0
23558,2023.0,6.0,13.0,14.0,20.988,21.475702,19.623804,19.849066,21.079147,21.5243,21.066742,21.816261,21.785885,22.05979,21.606037,21.70202,22.650848,22.879534,21.33778,21.34424,20.942476,20.95879,0.0,0.0,4.0,0.0,0.0,0.0,0.0,0.0
23559,2023.0,6.0,13.0,14.0,20.802309,21.127014,19.624151,19.849787,20.927166,21.323591,20.629078,20.8981,21.686615,21.902288,21.703793,21.933388,22.526466,22.690605,21.336657,21.344595,20.947216,20.965057,0.0,0.0,0.0,0.0,0.0,0.0,0.0,0.0
23560,2023.0,6.0,13.0,14.0,21.339962,22.18309,19.625217,19.851187,21.397472,22.242582,20.631193,21.024927,21.681364,21.896582,22.09183,22.629185,22.505579,22.670778,22.326136,23.214052,20.952389,20.971567,0.0,4.0,0.0,0.0,4.0,0.0,4.0,0.0
23561,2023.0,6.0,13.0,14.0,21.096188,21.628248,20.007303,20.560865,21.55549,22.4422,20.6336,21.041706,21.514732,21.562311,21.94201,22.263506,22.352682,22.380898,21.861366,22.1343,20.957973,20.978683,4.0,4.0,0.0,0.0,0.0,0.0,0.0,0.0
23562,2023.0,6.0,13.0,15.0,21.584694,22.585875,20.172123,20.773943,21.101221,21.53978,20.417217,20.632168,21.452192,21.471138,21.875168,22.142797,22.292925,22.299398,21.707666,21.893711,20.96404,20.98627,4.0,0.0,0.0,0.0,0.0,0.0,0.0,0.0
23563,2023.0,6.0,13.0,15.0,21.727158,22.732212,20.440569,21.239012,21.491707,22.343216,20.325788,20.514755,22.12572,22.751766,21.697065,21.776365,23.00641,23.67265,21.69527,21.878763,20.969845,20.992765,4.0,4.0,0.0,4.0,0.0,4.0,0.0,0.0
23564,2023.0,6.0,13.0,15.0,21.797585,22.79639,20.232292,20.759441,21.626663,22.508358,20.922865,21.67585,21.871542,22.148737,21.621904,21.65807,22.653553,22.891365,21.692022,21.874783,20.975775,20.999523,0.0,4.0,4.0,0.0,0.0,0.0,0.0,0.0
23565,2023.0,6.0,13.0,15.0,21.856943,22.850357,20.167309,20.651606,21.677351,22.554398,20.699766,21.150743,22.41805,23.198528,21.60759,21.640947,23.22517,24.010384,21.542633,21.573158,20.981886,21.0064,0.0,4.0,0.0,4.0,0.0,4.0,0.0,0.0
23566,2023.0,6.0,13.0,15.0,21.382177,21.915623,20.511862,21.284462,21.230103,21.679922,20.605919,21.013597,22.02762,22.328436,21.600653,21.634151,23.38273,24.189062,21.49561,21.508434,21.861029,22.659304,4.0,0.0,0.0,0.0,0.0,4.0,0.0,4.0
23567,2023.0,6.0,13.0,15.0,21.791666,22.762735,20.660608,21.469336,21.614101,22.480509,20.585835,20.990984,21.876095,22.087303,21.596619,21.630749,22.81875,23.055426,21.481264,21.493525,21.486816,21.773188,4.0,4.0,0.0,0.0,0.0,0.0,0.0,0.0
23568,2023.0,6.0,13.0,16.0,21.91625,22.902428,20.731178,21.536575,21.72432,22.596743,20.976044,21.709208,21.858284,22.066069,21.594145,21.629326,22.66549,22.827353,21.471884,21.484936,21.368288,21.58342,4.0,4.0,4.0,0.0,0.0,0.0,0.0,0.0
23569,2023.0,6.0,13.0,16.0,21.9648,22.94161,20.78488,21.580719,21.763645,22.627403,20.726225,21.172127,21.692747,21.74251,21.591232,21.626333,22.629602,22.789503,22.448019,23.33404,22.163113,23.078531,4.0,4.0,0.0,0.0,0.0,0.0,4.0,4.0
23570,2023.0,6.0,13.0,16.0,22.008232,22.978493,20.49747,20.99971,21.801125,22.658993,21.170975,22.03651,21.620245,21.638128,21.58794,21.622763,23.29052,24.061636,22.01991,22.33356,21.712185,22.057695,0.0,4.0,4.0,0.0,0.0,4.0,0.0,0.0
23571,2023.0,6.0,13.0,16.0,21.50251,21.993597,20.400478,20.85675,21.324566,21.735815,20.805222,21.239283,21.595562,21.61185,21.584352,21.619236,23.44176,24.233755,21.826443,22.00589,21.512701,21.721539,0.0,0.0,0.0,0.0,0.0,4.0,0.0,0.0
23572,2023.0,6.0,13.0,16.0,21.917097,22.861176,20.376913,20.827366,21.168968,21.535496,21.226795,22.081305,21.577389,21.5942,21.937798,22.286093,22.870562,23.093086,21.790556,21.960087,21.47399,21.671867,0.0,0.0,4.0,0.0,4.0,0.0,0.0,0.0
23573,2023.0,6.0,13.0,16.0,22.033728,22.994745,20.164494,20.4116,21.656084,22.495598,20.861298,21.29384,21.561817,21.579569,21.74036,21.845173,23.39148,24.14839,21.773792,21.941372,21.306492,21.35127,0.0,4.0,0.0,0.0,0.0,4.0,0.0,0.0
23574,2023.0,6.0,13.0,17.0,22.086962,23.049139,20.471506,21.029545,21.77547,22.62009,21.256216,22.088747,21.548159,21.56723,21.63521,21.677439,23.518734,24.297308,21.630737,21.665407,22.099274,22.882479,4.0,4.0,4.0,0.0,0.0,4.0,0.0,4.0
23575,2023.0,6.0,13.0,17.0,22.1218,23.073555,20.233547,20.513409,21.815039,22.646189,20.908897,21.341759,21.533588,21.551888,21.610695,21.647238,23.556202,24.322313,22.549631,23.4316,21.696077,21.97225,0.0,4.0,0.0,0.0,0.0,4.0,4.0,0.0
23576,2023.0,6.0,13.0,17.0,22.149405,23.090958,20.490034,21.043955,21.849194,22.67003,21.285364,22.103832,22.162867,22.750126,21.591665,21.626081,22.973667,23.181395,22.085503,22.373787,21.524542,21.705397,4.0,4.0,4.0,4.0,0.0,0.0,0.0,0.0
23577,2023.0,6.0,13.0,17.0,22.173319,23.104788,20.409346,20.844706,21.87599,22.686651,20.913956,21.312967,21.767029,21.874802,21.57434,21.607233,22.780245,22.901344,21.87036,22.023552,21.48829,21.660383,0.0,4.0,0.0,0.0,0.0,0.0,0.0,0.0
23578,2023.0,6.0,13.0,17.0,22.19443,23.116028,20.35091,20.751566,21.898373,22.69902,21.316853,22.131504,21.72942,21.87541,21.55721,21.588875,22.714193,22.827757,21.816498,21.955454,21.461502,21.627632,0.0,4.0,4.0,0.0,0.0,0.0,0.0,0.0
23579,2023.0,6.0,13.0,17.0,21.683458,22.13455,20.3332,20.723314,21.917171,22.707823,20.92754,21.307804,22.386559,23.116467,21.54012,21.57119,22.662357,22.772028,21.784561,21.918518,21.314093,21.349531,0.0,4.0,0.0,4.0,0.0,0.0,0.0,0.0
23580,2023.0,6.0,13.0,18.0,22.07172,22.961672,20.516787,21.04503,21.933483,22.714333,21.308558,22.085215,22.023216,22.305788,21.522522,21.553284,22.52916,22.54688,21.65371,21.677753,22.109594,22.88743,4.0,4.0,4.0,0.0,0.0,0.0,0.0,4.0
23581,2023.0,6.0,13.0,18.0,22.17034,23.06694,20.238983,20.477198,21.945574,22.714546,21.446983,22.24964,21.829945,21.984447,21.502745,21.531681,23.186457,23.841263,21.594437,21.601133,21.701305,21.965738,0.0,4.0,4.0,0.0,0.0,4.0,0.0,0.0
23582,2023.0,6.0,13.0,18.0,21.661623,22.081692,20.097546,20.262012,21.453928,21.776926,20.974596,21.404024,21.773615,21.908981,21.481903,21.508753,22.787762,22.991848,21.56208,21.56744,21.501923,21.645039,0.0,0.0,0.0,0.0,0.0,0.0,0.0,0.0
23583,2023.0,6.0,13.0,18.0,21.998562,22.860285,20.461569,20.983091,21.76294,22.507368,21.015415,21.493834,21.631683,21.657293,21.458336,21.483782,23.231068,23.943163,21.530775,21.535746,21.433374,21.562849,4.0,4.0,0.0,0.0,0.0,4.0,0.0,0.0
23584,2023.0,6.0,13.0,18.0,22.152533,23.015186,20.72293,21.369339,21.404694,21.717237,21.007133,21.477861,22.191689,22.76591,21.434319,21.458616,22.808155,23.002613,22.41972,23.24197,21.296366,21.323057,4.0,0.0,0.0,4.0,0.0,0.0,4.0,0.0
23585,2023.0,6.0,13.0,18.0,21.65155,22.038498,20.466131,20.81985,21.159666,21.401875,21.259222,21.923292,21.949472,22.146975,21.409609,21.432144,22.537037,22.619616,22.007452,22.194172,21.218792,21.229748,0.0,0.0,4.0,0.0,0.0,0.0,0.0,0.0
23586,2023.0,6.0,13.0,19.0,22.083174,22.950253,20.355673,20.656979,21.664808,22.395235,21.41444,22.155947,22.419945,23.085037,21.38717,21.408308,22.463852,22.528666,22.730858,23.641417,21.184034,21.193192,0.0,4.0,4.0,4.0,0.0,0.0,4.0,0.0
23587,2023.0,6.0,13.0,19.0,22.152233,22.983767,20.659216,21.240093,21.769615,22.481813,20.977158,21.369614,22.539446,23.202995,21.361301,21.379051,22.407629,22.4601,22.091898,22.276854,21.152176,21.158775,4.0,4.0,0.0,4.0,0.0,0.0,0.0,0.0
23588,2023.0,6.0,13.0,19.0,22.159367,22.97037,20.793581,21.387384,21.789328,22.47933,21.328863,22.039228,22.572842,23.214773,21.33059,21.343836,22.306114,22.304153,21.745316,21.808886,21.117706,21.121382,4.0,4.0,4.0,4.0,0.0,0.0,0.0,0.0
23589,2023.0,6.0,13.0,19.0,22.172665,22.967272,20.480635,20.77195,21.31069,21.555126,21.409925,22.10822,22.596191,23.219421,21.303553,21.314213,22.253893,22.246033,21.669903,21.717278,21.958252,22.731255,0.0,0.0,4.0,4.0,0.0,0.0,0.0,4.0
23590,2023.0,6.0,13.0,19.0,21.651371,21.969488,20.718632,21.269907,21.67952,22.337162,21.44003,22.119963,22.612322,23.217533,21.274221,21.28154,22.210209,22.200024,21.61454,21.64988,21.466574,21.627718,4.0,4.0,4.0,4.0,0.0,0.0,0.0,0.0
23591,2023.0,6.0,13.0,19.0,22.052301,22.827873,20.451511,20.71024,21.761974,22.408947,20.981485,21.315882,22.07814,22.195705,21.244083,21.248701,22.886261,23.517765,22.525705,23.402864,22.072739,22.84321,0.0,4.0,0.0,0.0,0.0,4.0,4.0,4.0
23592,2023.0,6.0,13.0,20.0,22.169191,22.919115,20.618492,21.111776,21.767443,22.393106,21.017424,21.405415,21.777632,21.794203,21.209566,21.211996,22.470507,22.552156,21.97864,22.08917,22.278255,23.01124,4.0,4.0,0.0,0.0,0.0,0.0,0.0,4.0
23593,2023.0,6.0,13.0,20.0,22.160912,22.89013,20.72707,21.22476,21.774883,22.380444,21.009697,21.395264,21.658962,21.653786,21.17307,21.171755,22.896889,23.503658,22.569212,23.407957,21.61105,21.705631,4.0,4.0,0.0,0.0,0.0,4.0,4.0,0.0
23594,2023.0,6.0,13.0,20.0,22.155632,22.864628,20.735903,21.211496,21.774242,22.358845,21.29307,21.911848,21.567446,21.54446,21.133684,21.127243,23.015486,23.576527,22.747513,23.502262,21.282711,21.275606,4.0,4.0,4.0,0.0,0.0,4.0,4.0,0.0
23595,2023.0,6.0,13.0,20.0,22.149263,22.840103,20.392494,20.555243,21.770594,22.336042,20.974957,21.318508,22.16203,22.71789,21.10029,21.09251,23.027924,23.569998,21.998005,22.043285,21.194126,21.17404,0.0,4.0,0.0,4.0,0.0,4.0,0.0,0.0
23596,2023.0,6.0,13.0,20.0,22.139114,22.810585,20.576336,21.000767,21.761854,22.307066,21.0174,21.402216,21.752007,21.769222,21.060024,21.04948,22.42943,22.416542,21.646881,21.599478,21.111017,21.079184,4.0,4.0,0.0,0.0,0.0,0.0,0.0,0.0
23597,2023.0,6.0,13.0,20.0,21.593246,21.782497,20.658163,21.071394,21.749817,22.275179,21.225351,21.766697,22.087471,22.570864,21.376371,21.675337,22.15476,22.064697,21.525948,21.465027,21.87683,22.584782,4.0,4.0,4.0,4.0,4.0,0.0,0.0,4.0
23598,2023.0,6.0,13.0,21.0,21.973803,22.612547,20.308052,20.404068,21.735353,22.240429,20.982965,21.320196,22.183128,22.655598,21.469475,21.783867,22.053484,21.944384,22.334455,23.048668,21.999332,22.63888,0.0,4.0,0.0,4.0,4.0,0.0,4.0,4.0
23599,2023.0,6.0,13.0,21.0,22.067535,22.677656,20.477308,20.82253,21.71142,22.190012,21.018263,21.38701,22.190441,22.632523,21.159029,21.178318,22.629648,23.102245,22.571892,23.243755,22.03377,22.642994,4.0,4.0,0.0,4.0,0.0,4.0,4.0,4.0
23600,2023.0,6.0,13.0,21.0,22.048946,22.641495,20.204784,20.243757,21.683893,22.136024,21.014433,21.373068,21.624926,21.549843,21.224422,21.381502,22.768003,23.2097,21.810783,21.754358,22.0659,22.646975,0.0,4.0,0.0,0.0,4.0,4.0,0.0,4.0
23601,2023.0,6.0,13.0,21.0,21.494957,21.600126,20.362497,20.639387,21.6531,22.078384,21.25892,21.813868,21.934872,22.319345,20.955727,20.840698,22.768051,23.181475,21.463781,21.330866,21.371315,21.304705,4.0,4.0,4.0,4.0,0.0,4.0,0.0,0.0
23602,2023.0,6.0,13.0,21.0,21.866459,22.41518,20.416613,20.693928,21.103182,21.05196,20.979958,21.288612,21.439783,21.307474,21.11709,21.22354,22.141722,21.983183,21.33923,21.179134,21.923178,22.494106,4.0,0.0,0.0,0.0,4.0,0.0,0.0,4.0
23603,2023.0,6.0,13.0,21.0,21.40922,21.460339,20.005836,19.995892,21.36784,21.720293,21.022171,21.366367,21.159307,20.966143,21.160938,21.24631,21.858341,21.63482,21.231266,21.053158,21.342793,21.222795,0.0,4.0,0.0,0.0,4.0,0.0,0.0,0.0
23604,2023.0,6.0,13.0,22.0,21.081797,21.027542,19.803064,19.639132,20.970873,20.980307,21.017893,21.349918,21.654213,21.983238,20.801256,20.587456,21.723927,21.471449,21.258032,21.187183,21.80638,22.34284,0.0,0.0,0.0,4.0,0.0,0.0,0.0,4.0
23605,2023.0,6.0,13.0,22.0,21.001518,20.974712,19.817537,19.74821,21.01999,21.113962,21.012272,21.344566,21.217232,21.005726,20.896269,20.908314,21.618914,21.350191,21.226158,21.144478,21.892433,22.312061,0.0,0.0,0.0,0.0,4.0,0.0,0.0,4.0
23606,2023.0,6.0,13.0,22.0,21.008003,21.035408,19.81738,19.760374,21.013191,21.12262,21.01321,21.3492,21.55303,21.837427,20.637587,20.377913,21.706913,21.60499,21.170345,21.082262,21.183,20.982172,0.0,0.0,0.0,4.0,0.0,0.0,0.0,0.0
23607,2023.0,6.0,13.0,22.0,21.006384,21.081419,19.780945,19.717106,21.00754,21.141186,21.013636,21.351828,21.113077,20.866138,20.941265,21.111677,22.376339,22.876392,21.117731,21.023245,20.858969,20.604853,0.0,0.0,0.0,0.0,4.0,4.0,0.0,0.0
23608,2023.0,6.0,13.0,22.0,21.001724,21.102427,19.742619,19.669916,21.00864,21.164648,21.013876,21.353594,20.840843,20.55359,21.084372,21.261076,21.753391,21.492842,21.067974,20.967777,20.723543,20.458961,0.0,0.0,0.0,0.0,4.0,0.0,0.0,0.0
23609,2023.0,6.0,13.0,22.0,21.004284,21.13337,19.703236,19.619581,21.009295,21.182148,21.01406,21.354797,20.71771,20.409817,20.768633,20.658577,21.42878,21.09574,21.018173,20.910498,20.612776,20.334105,0.0,0.0,0.0,0.0,0.0,0.0,0.0,0.0
23610,2023.0,6.0,13.0,23.0,21.004791,21.155462,19.66469,19.5704,21.00993,21.196127,21.014612,21.356504,20.831709,20.722921,20.611366,20.474125,21.312967,20.961132,21.002016,20.915712,20.710232,20.615181,0.0,0.0,0.0,0.0,0.0,0.0,0.0,0.0
23611,2023.0,6.0,13.0,23.0,20.893057,20.959295,19.631844,19.532335,20.743576,20.693941,20.622234,20.602087,21.389278,21.760002,20.54006,20.398485,21.445658,21.305237,20.943121,20.82726,20.691004,20.576088,0.0,0.0,0.0,4.0,0.0,0.0,0.0,0.0
23612,2023.0,6.0,13.0,23.0,20.839293,20.89533,19.60232,19.496147,20.61211,20.510574,20.440737,20.347336,20.991852,20.9006,20.484734,20.336721,21.439545,21.29281,20.898895,20.776665,21.356688,21.86517,0.0,0.0,0.0,0.0,0.0,0.0,0.0,4.0
23613,2023.0,6.0,13.0,23.0,20.797009,20.847212,19.572708,19.460234,20.539816,20.428125,20.348114,20.242222,20.644522,20.310215,20.431952,20.27843,21.402552,21.250134,20.858774,20.731956,20.66799,20.404291,0.0,0.0,0.0,0.0,0.0,0.0,0.0,0.0
23614,2023.0,6.0,13.0,23.0,20.75588,20.79926,19.542074,19.422253,20.479006,20.359674,20.274662,20.160646,20.490234,20.12092,20.379333,20.218975,21.365105,21.206696,20.81844,20.686197,21.15758,21.481066,0.0,0.0,0.0,0.0,0.0,0.0,0.0,4.0
23615,2023.0,6.0,13.0,23.0,20.716578,20.754017,19.51176,19.385183,20.424616,20.299202,20.211115,20.090996,20.614586,20.45718,20.32853,20.162336,21.327166,21.163479,20.778934,20.641949,20.575233,20.263878,0.0,0.0,0.0,0.0,0.0,0.0,0.0,0.0
23616,2023.0,6.0,14.0,0.0,20.674107,20.701918,19.477072,19.339619,20.368107,20.231283,20.14685,20.014708,20.607962,20.445168,20.273836,20.09726,21.286001,21.11411,20.736885,20.59257,20.342037,19.977304,0.0,0.0,0.0,0.0,0.0,0.0,0.0,0.0
23617,2023.0,6.0,14.0,0.0,20.638197,20.662369,19.449205,19.307985,20.322607,20.18317,20.095736,19.961367,20.568626,20.40514,20.226791,20.047106,21.249323,21.074032,20.698952,20.55154,20.479769,20.34895,0.0,0.0,0.0,0.0,0.0,0.0,0.0,0.0
23618,2023.0,6.0,14.0,0.0,20.601126,20.619713,19.418531,19.270563,20.275654,20.129997,20.043642,19.903137,20.527143,20.358791,20.177914,19.99232,21.211454,21.031248,20.660109,20.508379,20.445007,20.293814,0.0,0.0,0.0,0.0,0.0,0.0,0.0,0.0
23619,2023.0,6.0,14.0,0.0,20.565275,20.579012,19.389101,19.23576,20.231874,20.081688,19.995722,19.85096,20.485344,20.312956,20.130867,19.940748,21.174364,20.98998,20.621841,20.466394,20.3985,20.243547,0.0,0.0,0.0,0.0,0.0,0.0,0.0,0.0
23620,2023.0,6.0,14.0,0.0,20.532259,20.543684,19.362623,19.20701,20.19297,20.041893,19.953648,19.808496,21.01241,21.336145,20.08764,19.896399,21.139519,20.953108,20.585455,20.428215,21.073523,21.55176,0.0,0.0,0.0,4.0,0.0,0.0,0.0,4.0
23621,2023.0,6.0,14.0,0.0,20.497229,20.503984,19.333206,19.17253,20.151781,19.996506,19.909748,19.76056,20.630726,20.506144,20.041906,19.846684,21.103012,20.912834,20.547487,20.386951,20.33978,19.999506,0.0,0.0,0.0,0.0,0.0,0.0,0.0,0.0
23622,2023.0,6.0,14.0,1.0,20.45879,20.4571,19.29931,19.12932,20.106516,19.942217,19.862219,19.703896,20.461824,20.27578,19.991741,19.78797,21.06341,20.866404,20.506493,20.339853,20.070692,19.65966,0.0,0.0,0.0,0.0,0.0,0.0,0.0,0.0
23623,2023.0,6.0,14.0,1.0,20.42507,20.419716,19.270945,19.09754,20.068182,19.90131,19.822136,19.661469,20.40423,20.21622,19.94762,19.741358,21.027739,20.827936,20.46878,20.29962,20.208744,20.032932,0.0,0.0,0.0,0.0,0.0,0.0,0.0,0.0
23624,2023.0,6.0,14.0,1.0,20.389526,20.378805,19.239435,19.059635,20.027378,19.854853,19.779596,19.613464,20.348982,20.156513,19.901215,19.689838,20.99077,20.78671,20.429806,20.256918,20.195015,20.022154,0.0,0.0,0.0,0.0,0.0,0.0,0.0,0.0
23625,2023.0,6.0,14.0,1.0,20.356838,20.343735,19.211906,19.030027,19.99139,19.817698,19.742266,19.575293,20.879776,21.195894,19.858952,19.646633,20.956245,20.750454,20.392761,20.218378,20.155811,19.981586,0.0,0.0,0.0,4.0,0.0,0.0,0.0,0.0
23626,2023.0,6.0,14.0,1.0,20.322454,20.305288,19.61195,19.80025,19.953367,19.776125,19.703089,19.53278,20.186663,19.749249,19.814695,19.599335,20.9205,20.711746,20.354454,20.17753,20.113224,19.936583,4.0,0.0,0.0,0.0,0.0,0.0,0.0,0.0
23627,2023.0,6.0,14.0,1.0,20.286245,20.263144,19.358707,19.251339,19.913494,19.730686,19.662266,19.486544,19.923088,19.42931,20.075209,20.122816,20.88311,20.669844,20.314268,20.133268,20.06814,19.88729,0.0,0.0,0.0,0.0,4.0,0.0,0.0,0.0
23628,2023.0,6.0,14.0,2.0,20.251633,20.224783,19.21544,19.029728,19.875927,19.689753,19.62406,19.445122,20.105244,19.896915,19.84514,19.638983,20.84736,20.631332,20.275461,20.092127,20.751343,21.209843,0.0,0.0,0.0,0.0,0.0,0.0,0.0,4.0
23629,2023.0,6.0,14.0,2.0,20.217472,20.188023,19.157352,18.957737,19.839418,19.650867,19.587286,19.405972,20.110332,19.902689,19.736084,19.509827,20.812328,20.594395,20.237011,20.052061,20.243895,20.107288,0.0,0.0,0.0,0.0,0.0,0.0,0.0,0.0
23630,2023.0,6.0,14.0,2.0,20.18333,20.151104,19.116798,18.91343,19.803339,19.61237,19.551268,19.367472,20.651823,20.958315,19.686523,19.458729,20.777525,20.557568,20.198519,20.01179,19.816088,19.375189,0.0,0.0,0.0,4.0,0.0,0.0,0.0,0.0
23631,2023.0,6.0,14.0,2.0,20.148483,20.112453,19.079462,18.871887,19.766447,19.57206,19.5145,19.32729,20.84601,21.202715,19.955149,20.004189,20.74223,20.51958,20.15933,19.970175,19.656052,19.194443,0.0,0.0,0.0,4.0,4.0,0.0,0.0,0.0
23632,2023.0,6.0,14.0,2.0,20.117397,20.080616,19.047825,18.83986,19.733232,19.538857,19.481314,19.294193,20.026686,19.56916,19.719023,19.511309,20.709772,20.487038,20.122828,19.933878,20.52022,20.933996,0.0,0.0,0.0,0.0,0.0,0.0,0.0,4.0
23633,2023.0,6.0,14.0,2.0,20.0842,20.044666,19.01487,18.804245,19.697735,19.501299,19.445963,19.256836,20.31851,20.311584,19.887308,19.901882,20.67571,20.451292,20.084417,19.894054,19.821243,19.412502,0.0,0.0,0.0,4.0,4.0,0.0,0.0,0.0
23634,2023.0,6.0,14.0,3.0,20.050224,20.007568,18.982052,18.768349,19.66183,19.462835,19.410484,19.218761,19.83101,19.317276,19.66886,19.449907,20.641409,20.41494,20.045534,19.853365,19.558289,19.093266,0.0,0.0,0.0,0.0,0.0,0.0,0.0,0.0
23635,2023.0,6.0,14.0,3.0,20.017439,19.973131,18.951159,18.735943,19.627342,19.427256,19.376402,19.183596,20.228542,20.239853,19.55348,19.316893,20.608435,20.38116,20.007668,19.814837,19.4576,18.98957,0.0,0.0,0.0,4.0,0.0,0.0,0.0,0.0
23636,2023.0,6.0,14.0,3.0,19.985382,19.940289,18.921522,18.705791,19.593925,19.393612,19.343178,19.150257,19.73446,19.219637,19.501127,19.265383,20.57652,20.349089,19.970661,19.777836,19.621689,19.404495,0.0,0.0,0.0,0.0,0.0,0.0,0.0,0.0
23637,2023.0,6.0,14.0,3.0,19.950733,19.902327,18.88887,18.669582,19.557505,19.353903,19.306808,19.110802,19.529387,19.003092,19.446526,19.207136,20.542902,20.313335,19.9317,19.73686,19.64398,19.448994,0.0,0.0,0.0,0.0,0.0,0.0,0.0,0.0
23638,2023.0,6.0,14.0,3.0,19.918667,19.870012,18.860298,18.641657,19.525011,19.322056,19.27437,19.079157,19.76113,19.566538,19.399767,19.161589,20.511833,20.282492,19.895058,19.700539,19.614698,19.419884,0.0,0.0,0.0,0.0,0.0,0.0,0.0,0.0
23639,2023.0,6.0,14.0,3.0,19.890469,19.845945,18.831627,18.613562,19.492607,19.290329,19.242107,19.04768,20.34908,20.65844,19.35494,19.118132,20.481308,20.252464,19.858866,19.66504,19.581587,19.387482,0.0,0.0,0.0,4.0,0.0,0.0,0.0,0.0
23640,2023.0,6.0,14.0,4.0,19.871733,19.83939,18.802084,18.583652,19.45925,19.256716,19.208984,19.014389,19.93326,19.757547,19.31036,19.073774,20.45035,20.221397,19.822035,19.628277,20.277397,20.72944,0.0,0.0,0.0,0.0,0.0,0.0,0.0,4.0
23641,2023.0,6.0,14.0,4.0,19.844477,19.813639,18.773693,18.556015,19.426676,19.224728,19.176867,18.982841,20.071566,20.077965,19.267113,19.031034,20.420427,20.19224,19.785694,19.592525,20.537619,21.064938,0.0,0.0,0.0,4.0,0.0,0.0,0.0,4.0
23642,2023.0,6.0,14.0,4.0,19.818203,19.790382,19.177683,19.335876,19.398088,19.200094,19.1491,18.9588,19.578907,19.117125,19.229656,18.99808,20.393732,20.168747,19.752663,19.562796,19.623861,19.228514,4.0,0.0,0.0,0.0,0.0,0.0,0.0,0.0
23643,2023.0,6.0,14.0,4.0,20.491241,21.082785,18.958754,18.857002,19.367807,19.171825,19.11987,18.931362,19.356817,18.854515,19.191233,18.961752,20.366085,20.142822,19.718212,19.529922,19.328375,18.870565,0.0,0.0,0.0,0.0,0.0,0.0,0.0,0.0
23644,2023.0,6.0,14.0,4.0,20.057323,20.125896,18.796442,18.599676,19.337938,19.1442,19.764778,20.17015,19.257631,18.75805,19.154638,18.927555,20.339336,20.118004,19.684395,19.497932,19.219843,18.7653,0.0,0.0,4.0,0.0,0.0,0.0,0.0,0.0
23645,2023.0,6.0,14.0,4.0,19.543879,19.20445,18.740997,18.53483,19.308151,19.116655,19.376022,19.31156,20.005459,20.26925,19.119577,18.894903,20.313574,20.094187,19.651167,19.466545,19.132343,18.683275,0.0,0.0,0.0,4.0,0.0,0.0,0.0,0.0
23646,2023.0,6.0,14.0,5.0,19.370123,18.987709,18.703903,18.499119,19.278267,19.088816,18.852037,18.363531,19.694351,19.52765,19.086079,18.86362,20.98614,21.390877,19.61862,19.435688,19.296373,19.089603,0.0,0.0,0.0,0.0,0.0,4.0,0.0,0.0
23647,2023.0,6.0,14.0,5.0,19.59388,19.521658,18.676832,18.479328,19.253458,19.070892,18.691492,18.172222,19.313393,18.865877,19.058924,18.84314,20.226017,19.78704,19.590885,19.413374,19.326395,19.146471,0.0,0.0,0.0,0.0,0.0,0.0,0.0,0.0
23648,2023.0,6.0,14.0,5.0,19.653425,19.640165,18.652779,18.462566,19.229528,19.053404,18.901731,18.676603,19.171331,18.707054,19.034773,18.825085,19.992222,19.496143,19.564758,19.391891,19.310123,19.137127,0.0,0.0,0.0,0.0,0.0,0.0,0.0,0.0
23649,2023.0,6.0,14.0,5.0,19.638641,19.633198,18.63226,18.45108,19.878838,20.300062,18.946167,18.775242,19.34077,19.125818,19.015488,18.813492,19.937025,19.458569,19.542423,19.37579,19.290728,19.12406,0.0,4.0,0.0,0.0,0.0,0.0,0.0,0.0
23650,2023.0,6.0,14.0,5.0,19.619352,19.620867,18.612217,18.43929,19.504795,19.46918,18.941824,18.786638,19.95295,20.268566,18.998888,18.803862,20.831884,21.230787,19.52195,19.360903,19.98892,20.46036,0.0,0.0,0.0,4.0,0.0,4.0,0.0,4.0
23651,2023.0,6.0,14.0,5.0,20.29829,20.922478,18.593115,18.428246,19.030848,18.61834,18.924988,18.777771,19.612886,19.495193,19.272741,19.333023,20.185429,19.804773,19.504114,19.348612,20.281004,20.847246,0.0,0.0,0.0,0.0,4.0,0.0,0.0,4.0
23652,2023.0,6.0,14.0,6.0,19.873367,19.978325,18.575,18.417927,18.875359,18.425417,19.585796,20.04236,19.805885,19.899422,19.10324,18.94703,20.650461,20.808464,19.488363,19.338396,20.14046,20.44979,0.0,0.0,4.0,4.0,0.0,4.0,0.0,4.0
23653,2023.0,6.0,14.0,6.0,21.176119,22.34256,18.561617,18.415947,21.235765,22.699091,21.203466,22.78953,20.043524,20.277351,19.02923,18.858122,21.148935,21.63252,21.306417,22.492865,20.014458,20.23475,0.0,0.0,0.0,0.0,0.0,0.0,0.0,0.0
23654,2023.0,6.0,14.0,6.0,20.988577,21.809895,18.549263,18.415695,20.972584,21.95386,21.024656,22.19385,19.474424,19.122482,19.321278,19.421835,21.018608,21.288454,20.997826,21.781696,20.197256,20.526814,0.0,4.0,0.0,0.0,4.0,0.0,0.0,4.0
23655,2023.0,6.0,14.0,6.0,21.01497,21.782875,18.538235,18.416208,21.052374,21.993084,21.047958,22.091473,20.04807,20.427088,20.097136,20.694818,21.0857,21.331787,21.120714,21.872585,19.994452,20.135414,0.0,0.0,0.0,4.0,0.0,4.0,4.0,0.0
23656,2023.0,6.0,14.0,6.0,21.038643,21.801537,18.981546,19.266386,21.012794,21.80199,21.00555,21.913458,19.986681,20.102846,19.533392,19.480745,21.013824,21.18558,20.986944,21.536512,20.275335,20.636164,4.0,4.0,4.0,0.0,0.0,0.0,4.0,4.0
23657,2023.0,6.0,14.0,6.0,21.003855,21.675257,20.126682,21.158833,21.018408,21.757044,21.049536,21.953169,19.561802,19.264711,19.593132,19.74108,21.187592,21.464794,21.03973,21.621664,19.97885,20.060043,4.0,4.0,0.0,0.0,4.0,4.0,0.0,0.0
23658,2023.0,6.0,14.0,7.0,21.038174,21.744633,20.019342,20.810987,21.042696,21.78932,21.03925,21.883608,19.569296,19.462353,20.066862,20.501234,21.285805,21.584927,21.026701,21.55118,19.57183,19.289474,0.0,0.0,0.0,0.0,0.0,4.0,0.0,0.0
23659,2023.0,6.0,14.0,7.0,21.03,21.711697,19.498188,19.684895,21.009775,21.673952,21.03994,21.849123,19.597643,19.49528,19.981,20.233646,20.986593,21.036129,21.027397,21.51574,20.305904,20.838097,4.0,4.0,0.0,0.0,4.0,0.0,0.0,4.0
23660,2023.0,6.0,14.0,7.0,21.001848,21.623787,20.108015,20.878233,21.01484,21.668722,21.028677,21.821022,20.276966,20.791561,20.030846,20.308815,21.315851,21.647655,21.195126,21.765676,20.570028,21.062471,4.0,4.0,0.0,4.0,0.0,4.0,4.0,4.0
23661,2023.0,6.0,14.0,7.0,21.00712,21.634615,20.017149,20.649143,21.012886,21.656477,21.029196,21.816368,20.403042,20.749336,19.864237,19.910376,21.455015,21.8115,21.287672,21.874502,20.657335,21.168114,0.0,4.0,0.0,4.0,4.0,4.0,4.0,4.0
23662,2023.0,6.0,14.0,7.0,21.005455,21.63494,19.617338,19.81514,21.012264,21.65034,21.028992,21.811092,19.956333,19.961357,20.047684,20.270493,21.528101,21.900898,21.352228,21.953197,20.744982,21.269115,4.0,4.0,0.0,0.0,0.0,4.0,4.0,4.0
23663,2023.0,6.0,14.0,7.0,21.033157,21.71487,20.078077,20.73271,21.011438,21.646122,21.028498,21.806501,19.712446,19.499401,19.64877,19.465267,21.598564,21.986914,20.981659,21.299652,19.970697,19.907057,4.0,4.0,0.0,0.0,0.0,4.0,0.0,0.0
23664,2023.0,6.0,14.0,8.0,21.026485,21.699049,20.002808,20.550367,21.036922,21.716278,21.028229,21.803675,19.609552,19.401403,19.976366,20.225088,21.67028,22.076635,21.026821,21.397257,19.758322,19.562319,4.0,0.0,0.0,0.0,4.0,4.0,0.0,0.0
23665,2023.0,6.0,14.0,8.0,20.361547,20.420193,20.030107,20.600157,20.785349,21.196602,20.295347,20.39286,19.596016,19.403225,19.99256,20.137255,21.087143,20.934233,20.493225,20.368101,19.679956,19.498348,0.0,4.0,0.0,0.0,0.0,0.0,0.0,0.0
23666,2023.0,6.0,14.0,8.0,20.02466,20.024466,19.425154,19.421787,20.139273,20.087275,20.530008,21.101044,19.679413,19.584703,19.802467,19.74611,20.835152,20.612036,20.228615,20.049713,19.649256,19.483154,0.0,0.0,4.0,0.0,0.0,0.0,0.0,0.0
23667,2023.0,6.0,14.0,8.0,20.027256,20.135035,19.581644,19.84316,20.510214,20.929495,20.04039,20.132145,19.715078,19.635572,19.735882,19.647856,20.791363,20.576,20.160574,19.989447,19.637522,19.48627,4.0,4.0,0.0,0.0,0.0,0.0,0.0,0.0
23668,2023.0,6.0,14.0,8.0,20.706244,21.474104,20.073206,20.729046,20.59914,21.065422,20.327343,20.793404,19.727795,19.650927,19.73243,19.644432,21.485937,21.919224,20.189135,20.098875,19.687775,19.605438,0.0,4.0,4.0,0.0,0.0,4.0,0.0,0.0
23669,2023.0,6.0,14.0,8.0,20.248663,20.42668,19.501284,19.587242,20.078966,20.108019,19.904488,19.943989,19.740093,19.664154,19.735558,19.648268,21.781246,22.282396,21.155615,21.944267,19.706833,19.63455,0.0,0.0,0.0,0.0,0.0,4.0,4.0,0.0
23670,2023.0,6.0,14.0,9.0,20.01286,20.111467,19.275213,19.286901,19.841665,19.786768,19.661688,19.620275,19.754023,19.678923,19.747435,19.660511,21.879805,22.399324,20.530697,20.550446,19.70858,19.638702,0.0,0.0,0.0,0.0,0.0,4.0,0.0,0.0
23671,2023.0,6.0,14.0,9.0,19.937872,20.053816,19.1937,19.210934,19.752966,19.713375,20.205679,20.738667,19.768904,19.694542,19.762705,19.676632,21.31735,21.281942,20.276865,20.1645,19.709154,19.64036,0.0,0.0,4.0,0.0,0.0,0.0,0.0,0.0
23672,2023.0,6.0,14.0,9.0,19.918222,20.084066,19.559656,19.958677,20.317936,20.843477,20.331728,20.899134,19.784199,19.710037,19.780476,19.694668,21.808546,22.272076,21.161133,21.884989,19.711447,19.643288,4.0,4.0,4.0,0.0,0.0,4.0,4.0,0.0
23673,2023.0,6.0,14.0,9.0,20.582962,21.380882,20.065496,20.82836,19.938297,20.049181,20.367586,20.948935,19.800714,19.72699,19.801651,19.71684,22.025616,22.585632,21.460873,22.266247,19.71596,19.648346,0.0,0.0,4.0,0.0,0.0,4.0,4.0,0.0
23674,2023.0,6.0,14.0,9.0,20.174234,20.418854,19.513382,19.69311,20.314457,20.90432,19.86382,19.99406,19.819658,19.74601,19.826046,19.74123,21.439365,21.39804,20.75682,20.82656,19.722511,19.655493,0.0,4.0,0.0,0.0,0.0,0.0,0.0,0.0
23675,2023.0,6.0,14.0,9.0,20.654747,21.432297,19.25854,19.317402,19.911026,20.056658,19.659931,19.728249,19.839489,19.766651,19.852327,19.768497,21.274014,21.157894,20.500902,20.43333,19.731201,19.665077,0.0,0.0,0.0,0.0,0.0,0.0,0.0,0.0
23676,2023.0,6.0,14.0,10.0,20.197367,20.478598,19.175417,19.232323,19.738379,19.821987,19.592241,19.680511,19.860203,19.788153,19.879704,19.79685,21.93937,22.449348,21.36451,22.122896,19.740808,19.67572,0.0,0.0,0.0,0.0,0.0,4.0,4.0,0.0
23677,2023.0,6.0,14.0,10.0,20.016932,20.24536,19.55243,19.993845,19.691265,19.790785,19.549913,19.661585,19.88197,19.811,19.908209,19.826685,22.184423,22.796618,20.751122,20.795025,19.751215,19.687191,4.0,0.0,0.0,0.0,0.0,4.0,0.0,0.0
23678,2023.0,6.0,14.0,10.0,20.615305,21.424429,20.067617,20.871141,20.275503,20.927446,19.4541,19.522171,19.904491,19.835058,20.312601,20.564686,22.28438,22.907001,20.550974,20.509453,19.762518,19.699757,0.0,4.0,0.0,0.0,4.0,4.0,0.0,0.0
23679,2023.0,6.0,14.0,10.0,20.830244,21.657349,19.578306,19.851303,20.506418,21.193056,19.383673,19.451279,19.929972,19.861778,20.188787,20.175865,21.691092,21.708818,20.508818,20.479502,19.775503,19.714134,0.0,4.0,0.0,0.0,0.0,0.0,0.0,0.0
23680,2023.0,6.0,14.0,10.0,20.32681,20.677357,19.808184,20.366892,20.039015,20.281183,19.345396,19.41978,19.954796,19.888294,20.115217,20.0422,21.536268,21.48052,20.49885,20.482847,20.64785,21.352348,4.0,0.0,0.0,0.0,0.0,0.0,0.0,4.0
23681,2023.0,6.0,14.0,10.0,20.148598,20.445976,20.031563,20.73765,20.481415,21.202873,19.985327,20.659464,19.981295,19.917295,20.128414,20.05421,22.253023,22.868473,20.437397,20.372849,21.031311,21.874327,0.0,4.0,4.0,0.0,0.0,4.0,0.0,4.0
23682,2023.0,6.0,14.0,11.0,20.08534,20.397131,20.003069,20.618565,20.663408,21.397093,19.654627,19.846937,20.009686,19.947819,20.15336,20.080688,21.844894,21.910704,20.407604,20.342012,20.41218,20.548609,4.0,4.0,0.0,0.0,0.0,0.0,0.0,0.0
23683,2023.0,6.0,14.0,11.0,20.052055,20.376167,20.017693,20.65115,20.175846,20.458757,20.202137,20.976355,20.034372,19.973701,20.551306,20.808727,22.41052,23.041666,20.399738,20.335058,20.237947,20.287497,0.0,0.0,4.0,0.0,4.0,4.0,0.0,0.0
23684,2023.0,6.0,14.0,11.0,20.598944,21.429283,20.054176,20.6846,19.947786,20.183268,20.418833,21.19363,20.060452,20.000513,20.418465,20.407915,22.645872,23.317898,20.393845,20.330618,20.218681,20.273472,4.0,0.0,4.0,0.0,0.0,4.0,0.0,0.0
23685,2023.0,6.0,14.0,11.0,20.219114,20.612682,20.007061,20.605309,20.516829,21.3003,19.928465,20.23917,20.084301,20.025433,20.349655,20.283419,22.044146,22.12073,20.392447,20.3307,20.225113,20.28778,0.0,4.0,0.0,0.0,0.0,0.0,0.0,0.0
23686,2023.0,6.0,14.0,11.0,20.668428,21.572025,19.733349,20.075924,20.708954,21.489363,19.720018,19.994368,20.11048,20.052795,20.356667,20.287989,21.831005,21.84181,20.392855,20.332928,20.124382,20.079952,0.0,4.0,0.0,0.0,0.0,0.0,0.0,0.0
23687,2023.0,6.0,14.0,11.0,20.826138,21.74942,19.8804,20.39332,20.220072,20.537457,20.264061,21.053328,20.134645,20.07865,20.3762,20.308804,21.807842,21.824203,20.396942,20.338985,20.098719,20.045042,4.0,0.0,4.0,0.0,0.0,0.0,0.0,0.0
23688,2023.0,6.0,14.0,12.0,20.351704,20.799278,20.028849,20.653713,20.6643,21.464607,19.898478,20.264843,20.159348,20.104853,20.39964,20.333513,21.804613,21.831772,21.366497,22.168701,20.096907,20.044882,0.0,4.0,0.0,0.0,0.0,0.0,4.0,0.0
23689,2023.0,6.0,14.0,12.0,21.118908,22.259275,19.641947,19.88477,21.04822,22.038395,21.158949,22.543406,20.185322,20.131605,20.42471,20.359526,22.461998,23.076906,20.994114,21.272676,20.097937,20.046816,0.0,0.0,4.0,0.0,0.0,4.0,0.0,0.0
23690,2023.0,6.0,14.0,12.0,21.00404,21.95654,19.396399,19.557539,20.991972,21.849203,21.008783,22.142519,20.21111,20.158306,20.451506,20.387783,22.097094,22.20509,21.012775,21.288027,20.103302,20.053123,0.0,4.0,0.0,0.0,0.0,0.0,0.0,0.0
23691,2023.0,6.0,14.0,12.0,21.018831,21.937536,19.318565,19.472939,21.02555,21.90196,21.000795,22.02377,20.236279,20.184486,20.478168,20.41623,22.64548,23.346508,21.003431,21.247648,20.11211,20.06338,0.0,0.0,4.0,0.0,0.0,4.0,0.0,0.0
23692,2023.0,6.0,14.0,12.0,21.02016,21.899042,19.271591,19.429062,21.018187,21.858053,21.028704,22.047096,20.261242,20.210793,20.504705,20.444742,22.201479,22.320639,21.003733,21.229172,20.123146,20.076004,0.0,0.0,0.0,0.0,0.0,0.0,0.0,0.0
23693,2023.0,6.0,14.0,12.0,21.042889,21.910349,19.233109,19.392365,21.038065,21.870918,21.006966,21.928694,20.286497,20.238478,20.533125,20.477598,21.999413,22.05147,21.01688,21.229168,20.135706,20.090538,0.0,0.0,4.0,0.0,0.0,0.0,0.0,0.0
23694,2023.0,6.0,14.0,13.0,21.040867,21.877707,19.20506,19.369564,21.04643,21.8545,21.047434,22.019196,20.309895,20.263695,20.558903,20.50606,21.983246,22.043497,21.016256,21.205576,20.148682,20.105516,0.0,0.0,0.0,0.0,0.0,0.0,0.0,0.0
23695,2023.0,6.0,14.0,13.0,21.015886,21.81842,19.627659,20.187769,21.01776,21.783278,21.016998,21.927225,20.329958,20.283066,20.579977,20.525993,21.859875,21.807993,21.004908,21.170906,20.160152,20.117153,4.0,0.0,0.0,0.0,0.0,0.0,0.0,0.0
23696,2023.0,6.0,14.0,13.0,21.12133,21.980192,20.060137,20.853012,21.020546,21.774588,21.020575,21.913427,20.349945,20.30367,20.602373,20.54991,21.805578,21.740322,21.005556,21.159931,20.171642,20.12946,0.0,0.0,0.0,0.0,0.0,0.0,0.0,0.0
23697,2023.0,6.0,14.0,13.0,20.999277,21.766066,19.590014,19.859514,21.018396,21.72847,21.024723,21.894503,20.368189,20.322105,20.996758,21.272617,21.788105,21.724035,21.005692,21.149876,20.182093,20.140474,0.0,4.0,0.0,0.0,4.0,0.0,0.0,0.0
23698,2023.0,6.0,14.0,13.0,21.01603,21.801556,19.338188,19.52646,21.14126,21.974638,21.023155,21.87025,20.386292,20.341568,20.837,20.836298,21.774803,21.711716,21.005428,21.140736,20.192612,20.152271,0.0,4.0,0.0,0.0,0.0,0.0,0.0,0.0
23699,2023.0,6.0,14.0,13.0,21.026598,21.818756,19.269663,19.443344,21.192722,22.028654,21.049059,21.900831,20.403048,20.360094,20.732592,20.682657,21.76409,21.702324,21.011791,21.144981,20.202675,20.163853,0.0,4.0,0.0,0.0,0.0,0.0,0.0,0.0
23700,2023.0,6.0,14.0,14.0,21.144241,21.998543,19.239355,19.418034,21.213308,22.049076,21.019264,21.827765,20.41674,20.374184,20.732319,20.684635,22.52272,23.15069,21.004316,21.124245,20.211624,20.17404,0.0,4.0,0.0,0.0,0.0,4.0,0.0,0.0
23701,2023.0,6.0,14.0,14.0,20.739891,21.21332,19.214249,19.39418,20.716803,21.106373,20.415478,20.654856,20.431025,20.390602,20.73902,20.693253,22.209759,22.361927,20.849726,20.820162,20.220516,20.184662,0.0,0.0,0.0,0.0,0.0,0.0,0.0,0.0
23702,2023.0,6.0,14.0,14.0,20.593115,21.02658,19.19765,19.377964,20.527555,20.860495,20.146927,20.282179,20.443878,20.406853,20.747488,20.705626,22.07774,22.159487,20.798103,20.753496,20.22847,20.195322,0.0,0.0,0.0,0.0,0.0,0.0,0.0,0.0
23703,2023.0,6.0,14.0,14.0,20.536968,20.97512,19.18497,19.367645,20.458645,20.79681,20.044666,20.183672,20.454515,20.42001,20.754694,20.716204,22.059536,22.146294,20.778774,20.736544,20.234724,20.203856,0.0,0.0,0.0,0.0,0.0,0.0,0.0,0.0
23704,2023.0,6.0,14.0,14.0,20.349773,20.645456,19.175695,19.361404,20.843369,21.546515,19.97259,20.120983,20.463036,20.430456,20.760286,20.724566,22.680117,23.326921,20.76438,20.72545,20.239283,20.210417,0.0,4.0,0.0,0.0,0.0,4.0,0.0,0.0
23705,2023.0,6.0,14.0,14.0,20.25938,20.53644,19.167542,19.3554,20.547647,20.940739,19.90853,20.059158,20.471258,20.441685,20.765957,20.734207,22.261045,22.431124,20.751999,20.71583,20.243277,20.217056,0.0,0.0,0.0,0.0,0.0,0.0,0.0,0.0
23706,2023.0,6.0,14.0,15.0,20.208677,20.485397,19.161236,19.351221,20.426254,20.780985,20.513441,21.246416,20.478313,20.451977,20.770784,20.743301,22.837326,23.573273,20.74174,20.708616,20.246479,20.223106,0.0,0.0,4.0,0.0,0.0,4.0,0.0,0.0
23707,2023.0,6.0,14.0,15.0,20.820856,21.670408,19.154419,19.344397,20.380232,20.733763,20.092756,20.337723,20.482588,20.457994,20.772896,20.748138,22.342485,22.525595,20.731216,20.699894,20.247696,20.225828,0.0,0.0,0.0,0.0,0.0,0.0,0.0,0.0
23708,2023.0,6.0,14.0,15.0,20.535116,21.02537,19.148085,19.337587,20.171375,20.351152,20.08804,20.441074,20.48542,20.462547,20.773367,20.751154,22.886126,23.619753,20.720814,20.691294,20.24823,20.22792,0.0,0.0,0.0,0.0,0.0,4.0,0.0,0.0
23709,2023.0,6.0,14.0,15.0,21.025707,21.990097,19.142727,19.331701,20.067938,20.21438,20.08574,20.4482,21.176033,21.765234,20.772604,20.753162,23.03136,23.791767,20.710714,20.683126,20.247915,20.229355,0.0,0.0,0.0,4.0,0.0,4.0,0.0,0.0
23710,2023.0,6.0,14.0,15.0,21.181707,22.162352,19.572483,20.140154,20.016254,20.160034,19.888025,20.075361,20.767668,20.845211,20.770792,20.754297,23.083176,23.83807,20.700823,20.675264,20.246805,20.230118,4.0,0.0,0.0,0.0,0.0,4.0,0.0,0.0
23711,2023.0,6.0,14.0,15.0,20.689034,21.173851,20.04317,20.874037,20.633728,21.356323,19.79413,19.949276,20.76667,20.910032,20.768503,20.75491,22.483564,22.65814,20.691307,20.667788,20.245253,20.230469,4.0,4.0,0.0,0.0,0.0,0.0,0.0,0.0
23712,2023.0,6.0,14.0,16.0,21.072313,22.01812,20.004564,20.735685,20.847628,21.569117,20.384129,21.101393,20.81801,20.987625,20.76665,20.755522,22.256836,22.36412,21.708088,22.598225,21.13725,21.916378,0.0,4.0,4.0,0.0,0.0,0.0,4.0,4.0
23713,2023.0,6.0,14.0,16.0,21.29806,22.277622,20.120916,20.878984,21.02385,21.864756,20.059793,20.304632,21.379427,22.016403,21.13348,21.445913,22.197876,22.29973,21.30039,21.52644,21.62172,22.562551,4.0,4.0,0.0,4.0,4.0,0.0,0.0,4.0
23714,2023.0,6.0,14.0,16.0,21.359358,22.3348,19.991375,20.61642,21.10514,21.950846,20.051203,20.395607,21.0612,21.304516,20.940943,21.009079,22.166256,22.268791,21.11366,21.252613,20.975275,21.231451,0.0,4.0,0.0,0.0,0.0,0.0,0.0,0.0
23715,2023.0,6.0,14.0,16.0,21.412142,22.381292,20.168177,20.90733,21.161493,22.001257,20.060747,20.412691,21.56628,22.325104,20.805058,20.807264,22.025114,22.017351,21.068674,21.204899,21.558102,22.469841,4.0,4.0,0.0,4.0,0.0,0.0,0.0,4.0
23716,2023.0,6.0,14.0,16.0,20.887878,21.35949,19.980429,20.54314,21.20405,22.040112,19.869417,20.046883,21.77414,22.574837,20.78758,20.78402,21.961706,21.936192,21.047686,21.18285,21.765747,22.701462,0.0,4.0,0.0,4.0,0.0,0.0,0.0,4.0
23717,2023.0,6.0,14.0,16.0,21.25968,22.202282,20.195993,20.922203,21.24527,22.075823,20.417046,21.142868,21.254705,21.504799,20.780499,20.778606,22.67856,23.330809,20.901236,20.904938,21.097137,21.34443,4.0,4.0,4.0,0.0,0.0,4.0,0.0,0.0
23718,2023.0,6.0,14.0,17.0,20.849468,21.338322,20.28835,21.03123,21.278343,22.104984,20.175919,20.576317,21.083773,21.24951,20.775227,20.775429,22.932854,23.70159,20.845465,20.832256,21.726269,22.622347,4.0,4.0,0.0,0.0,0.0,4.0,0.0,4.0
23719,2023.0,6.0,14.0,17.0,20.691519,21.117691,19.981142,20.473753,21.307007,22.126822,20.634037,21.471432,21.044369,21.203066,20.768658,20.769657,23.004677,23.76773,20.81991,20.806953,21.910667,22.83011,0.0,4.0,4.0,0.0,0.0,4.0,0.0,4.0
23720,2023.0,6.0,14.0,17.0,20.632206,21.054592,19.875656,20.27827,20.825556,21.197994,20.316378,20.706907,21.015621,21.172342,20.760635,20.76269,23.06104,23.81507,20.797836,20.786592,21.223425,21.457869,0.0,0.0,0.0,0.0,0.0,4.0,0.0,0.0
23721,2023.0,6.0,14.0,17.0,21.187801,22.119812,19.653725,19.861244,21.234432,22.062977,20.725582,21.535524,20.854183,20.868362,20.751982,20.755129,23.099623,23.847486,20.78064,20.770615,20.999716,21.142647,0.0,4.0,4.0,0.0,0.0,4.0,0.0,0.0
23722,2023.0,6.0,14.0,17.0,20.773462,21.224491,19.549185,19.71355,21.316664,22.12246,20.33001,20.696428,20.784159,20.778198,20.741928,20.74657,23.131958,23.874039,20.764288,20.755804,20.931469,21.069275,0.0,4.0,0.0,0.0,0.0,4.0,0.0,0.0
23723,2023.0,6.0,14.0,17.0,20.643026,21.048473,19.932531,20.465658,21.341055,22.136118,20.19068,20.506115,20.751448,20.746838,20.730682,20.737312,22.512209,22.672653,20.749376,20.742752,20.883371,21.020382,4.0,4.0,0.0,0.0,0.0,0.0,0.0,0.0
23724,2023.0,6.0,14.0,18.0,20.598877,20.998518,20.049452,20.602757,20.864346,21.217497,20.14462,20.453653,20.72363,20.721233,20.718218,20.727129,22.314957,22.398577,21.68811,22.53264,20.844933,20.98161,4.0,0.0,0.0,0.0,0.0,0.0,4.0,0.0
23725,2023.0,6.0,14.0,18.0,21.06729,21.835365,20.001308,20.513023,21.2578,22.050611,21.135248,22.204697,20.697025,20.695494,20.704062,20.71444,22.934534,23.630976,21.238113,21.497257,20.690792,20.707148,0.0,4.0,0.0,0.0,0.0,4.0,0.0,0.0
23726,2023.0,6.0,14.0,18.0,21.005459,21.674973,20.217993,20.889713,21.392899,22.16691,21.005297,21.85461,21.38408,22.021198,20.687859,20.699497,22.472961,22.620352,20.99263,21.166927,20.600016,20.599989,4.0,4.0,0.0,4.0,0.0,0.0,0.0,0.0
23727,2023.0,6.0,14.0,18.0,21.241045,22.071482,19.992802,20.442062,21.404257,22.167927,21.022415,21.827673,21.12863,21.344328,20.671368,20.684353,22.914143,23.605522,21.895845,22.869371,21.44877,22.242397,0.0,4.0,0.0,0.0,0.0,4.0,4.0,4.0
23728,2023.0,6.0,14.0,18.0,20.97622,21.555254,19.870533,20.213184,21.424644,22.179958,21.019693,21.778643,20.926981,21.068197,20.653748,20.66812,22.49951,22.694479,21.381306,21.616749,21.095747,21.337652,0.0,4.0,0.0,0.0,0.0,0.0,0.0,0.0
23729,2023.0,6.0,14.0,18.0,21.343714,22.242456,19.653812,19.822763,21.442373,22.189682,21.01902,21.745098,20.878752,21.010056,20.634596,20.65014,22.20396,22.277782,21.049469,21.16289,20.807236,20.936764,0.0,4.0,0.0,0.0,0.0,0.0,0.0,0.0
23730,2023.0,6.0,14.0,19.0,21.464905,22.348375,19.971275,20.480995,21.457,22.195974,21.035053,21.719648,20.744707,20.768942,20.615265,20.633276,22.114109,22.18035,20.999998,21.126747,21.585459,22.456537,4.0,4.0,4.0,0.0,0.0,0.0,0.0,4.0
23731,2023.0,6.0,14.0,19.0,21.504454,22.374043,20.118795,20.644161,20.97683,21.368046,21.019566,21.703772,20.667534,20.675343,20.59224,20.609562,22.047638,22.1059,21.003155,21.152653,21.112553,21.32857,4.0,0.0,0.0,0.0,0.0,0.0,0.0,0.0
23732,2023.0,6.0,14.0,19.0,20.961409,21.41753,19.991743,20.41708,21.315289,22.0387,21.016403,21.686981,20.626955,20.631678,20.566963,20.58259,21.93333,21.930746,21.005829,21.167181,20.79852,20.908197,0.0,4.0,0.0,0.0,0.0,0.0,0.0,0.0
23733,2023.0,6.0,14.0,19.0,21.020565,21.559103,19.831558,20.105307,21.413063,22.11672,21.11934,21.842924,20.591831,20.595606,20.54057,20.554564,21.85872,21.847178,21.006216,21.17565,20.707678,20.79908,0.0,4.0,4.0,0.0,0.0,0.0,0.0,0.0
23734,2023.0,6.0,14.0,19.0,21.008192,21.544313,19.757332,20.01544,20.97624,21.36066,21.00392,21.630957,20.560793,20.565691,20.515287,20.529905,21.808884,21.799654,21.006,21.182178,21.488283,22.306643,0.0,0.0,0.0,0.0,0.0,0.0,0.0,4.0
23735,2023.0,6.0,14.0,19.0,21.010527,21.551949,19.994003,20.464695,21.018532,21.469109,21.109306,21.800598,20.529236,20.533968,20.487656,20.501997,21.760551,21.751652,21.006414,21.190186,21.023966,21.19738,4.0,0.0,4.0,0.0,0.0,0.0,0.0,0.0
23736,2023.0,6.0,14.0,20.0,21.326796,22.129421,20.002455,20.42446,21.011095,21.465126,21.001211,21.60353,20.498964,20.503817,20.458647,20.471468,21.713951,21.70458,21.006626,21.198038,20.70886,20.780577,0.0,0.0,0.0,0.0,0.0,0.0,0.0,0.0
23737,2023.0,6.0,14.0,20.0,21.450655,22.257483,20.116709,20.60522,21.260824,21.92132,21.019659,21.63313,20.467268,20.46925,20.42605,20.4346,21.66763,21.655678,21.006323,21.204836,20.611446,20.66135,4.0,4.0,0.0,0.0,0.0,0.0,0.0,0.0
23738,2023.0,6.0,14.0,20.0,21.477001,22.262074,20.014631,20.384363,21.320642,21.954287,21.035639,21.6525,20.434946,20.433796,20.391106,20.394695,21.622265,21.607239,21.014114,21.227531,20.541824,20.576134,0.0,4.0,0.0,0.0,0.0,0.0,0.0,0.0
23739,2023.0,6.0,14.0,20.0,20.967241,21.36959,19.788927,19.971977,20.974604,21.351084,21.015308,21.603056,21.131756,21.778873,20.35896,20.362373,21.582033,21.568237,21.006687,21.216902,20.456402,20.45382,0.0,0.0,0.0,4.0,0.0,0.0,0.0,0.0
23740,2023.0,6.0,14.0,20.0,21.309402,22.03927,20.048973,20.526966,21.019331,21.454414,21.098183,21.725117,20.76619,20.86283,20.322935,20.32415,22.317633,23.000776,21.008312,21.225117,20.394783,20.390162,4.0,0.0,4.0,0.0,0.0,4.0,0.0,0.0
23741,2023.0,6.0,14.0,20.0,21.42901,22.156488,20.018885,20.382898,21.028011,21.473585,21.090586,21.677168,20.475695,20.4654,20.283045,20.278154,22.422853,22.985659,21.016443,21.245735,20.346498,20.338102,0.0,0.0,4.0,0.0,0.0,4.0,0.0,0.0
23742,2023.0,6.0,14.0,21.0,21.43818,22.142578,19.740032,19.86508,21.011465,21.442703,21.012695,21.56508,21.065311,21.63156,20.249842,20.245413,22.437937,22.990892,21.00724,21.230366,20.30581,20.29754,0.0,0.0,0.0,4.0,0.0,4.0,0.0,0.0
23743,2023.0,6.0,14.0,21.0,20.96495,21.320269,19.998255,20.433409,21.013895,21.447756,21.044958,21.594795,20.660442,20.682947,20.213455,20.206608,22.455034,22.98719,21.00901,21.237091,20.266531,20.257881,4.0,0.0,4.0,0.0,0.0,4.0,0.0,0.0
23744,2023.0,6.0,14.0,21.0,21.28151,21.941278,19.999043,20.36989,21.013758,21.446365,21.018803,21.565273,20.409973,20.369902,20.17679,20.166315,21.829432,21.781376,21.009247,21.240112,20.22832,20.216875,0.0,0.0,0.0,0.0,0.0,0.0,0.0,0.0
23745,2023.0,6.0,14.0,21.0,21.372864,22.0196,20.09544,20.520287,21.013996,21.445297,21.021223,21.562357,20.957699,21.459555,20.137035,20.117598,21.553402,21.435919,21.009562,21.242638,21.023596,21.748856,4.0,0.0,0.0,4.0,0.0,0.0,0.0,4.0
23746,2023.0,6.0,14.0,21.0,21.37666,22.00416,20.000454,20.332766,21.014194,21.44385,21.013332,21.506586,20.560402,20.532362,20.435131,20.703672,21.436909,21.300735,21.009474,21.244074,20.51843,20.51145,0.0,0.0,4.0,0.0,4.0,0.0,0.0,0.0
23747,2023.0,6.0,14.0,21.0,20.968111,21.301289,20.031626,20.363155,21.01447,21.442276,21.026031,21.55625,20.302654,20.20957,20.252777,20.260777,22.076975,22.584627,21.692913,22.520927,20.21128,20.130058,4.0,0.0,0.0,0.0,0.0,4.0,4.0,0.0
23748,2023.0,6.0,14.0,22.0,21.021023,21.429821,20.012854,20.33641,21.01432,21.439236,21.021875,21.53841,20.886047,21.378714,20.102867,20.064451,22.215067,22.663982,20.955086,21.057005,20.112076,20.01408,0.0,0.0,0.0,4.0,0.0,4.0,0.0,0.0
23749,2023.0,6.0,14.0,22.0,21.014591,21.42598,19.654692,19.640745,21.014595,21.436983,21.022556,21.529722,21.022705,21.425362,20.046793,20.00068,21.577015,21.439066,21.0272,21.22451,20.043468,19.935415,0.0,0.0,0.0,4.0,0.0,0.0,0.0,0.0
23750,2023.0,6.0,14.0,22.0,21.01573,21.43091,19.950151,20.322382,21.01482,21.435013,21.017271,21.52119,20.457209,20.345682,20.0033,19.951374,22.047466,22.520288,21.012304,21.206293,20.05759,20.0123,4.0,0.0,0.0,0.0,0.0,4.0,0.0,0.0
23751,2023.0,6.0,14.0,22.0,21.01075,21.432083,20.003412,20.346647,21.01485,21.432793,21.018131,21.522694,20.790913,21.1524,19.960442,19.901348,21.511112,21.345802,21.014948,21.217001,20.041008,19.992727,0.0,0.0,0.0,4.0,0.0,0.0,0.0,0.0
23752,2023.0,6.0,14.0,22.0,21.011726,21.440607,19.591042,19.533443,21.015112,21.43118,21.018366,21.521896,20.384064,20.240398,20.221695,20.420425,21.916388,22.309225,21.010075,21.220009,20.795898,21.447361,0.0,0.0,0.0,0.0,4.0,4.0,0.0,4.0
23753,2023.0,6.0,14.0,22.0,21.011639,21.445318,19.336668,19.184792,21.01518,21.42917,21.018166,21.51923,20.705278,21.020025,20.05253,20.016935,22.069883,22.446619,21.01092,21.23037,20.242605,20.128492,0.0,0.0,0.0,4.0,0.0,4.0,0.0,0.0
23754,2023.0,6.0,14.0,23.0,21.011639,21.44855,19.348288,19.289135,21.01536,21.427355,21.018494,21.51709,20.883896,21.206472,19.914545,19.84237,21.433043,21.220036,21.011187,21.237314,20.675533,21.157835,0.0,0.0,0.0,4.0,0.0,0.0,0.0,4.0
23755,2023.0,6.0,14.0,23.0,20.704649,20.86048,19.347605,19.3055,20.610256,20.646477,20.53372,20.58187,20.912046,21.225624,19.862024,19.784243,21.169123,20.919209,20.704916,20.65262,20.193682,20.043753,0.0,0.0,0.0,4.0,0.0,0.0,0.0,0.0
23756,2023.0,6.0,14.0,23.0,20.569788,20.679092,19.319452,19.275446,20.416914,20.372276,20.958124,21.488949,20.356342,20.168766,19.824322,19.742414,21.077911,20.821404,20.590395,20.517363,19.998728,19.810266,0.0,0.0,4.0,0.0,0.0,0.0,0.0,0.0
23757,2023.0,6.0,14.0,23.0,20.499817,20.602095,19.288586,19.241175,20.323954,20.267838,21.051926,21.59062,20.756979,21.06242,20.08922,20.265892,21.000923,20.737011,20.524124,20.44793,19.912796,19.720623,0.0,0.0,4.0,4.0,4.0,0.0,0.0,0.0
23758,2023.0,6.0,14.0,23.0,20.445387,20.545197,19.260162,19.209797,20.2555,20.196814,20.34689,20.235798,20.843046,21.135336,19.884676,19.830309,21.081915,20.962837,20.467304,20.389185,19.955214,19.870861,0.0,0.0,0.0,4.0,0.0,0.0,0.0,0.0
23759,2023.0,6.0,14.0,23.0,20.395885,20.491514,19.231794,19.177378,20.19409,20.13118,20.027346,19.777483,20.274286,20.051813,19.778587,19.686678,21.079302,20.974342,20.414392,20.332832,19.941793,19.865742,0.0,0.0,0.0,0.0,0.0,0.0,0.0,0.0
23760,2023.0,6.0,15.0,0.0,20.349066,20.43872,19.20248,19.142029,20.136005,20.066174,19.885132,19.613066,20.076063,19.819347,19.733864,19.635668,21.043552,20.93485,20.364246,20.278103,19.905844,19.826126,0.0,0.0,0.0,0.0,0.0,0.0,0.0,0.0
23761,2023.0,6.0,15.0,0.0,20.30842,20.395454,19.176859,19.113485,20.087698,20.016354,19.978638,19.894855,19.980282,19.722778,19.694815,19.59393,21.00775,20.896297,20.319305,20.23083,19.870493,19.788185,0.0,0.0,0.0,0.0,0.0,0.0,0.0,0.0
23762,2023.0,6.0,15.0,0.0,20.959318,21.652472,19.15196,19.085999,20.043306,19.971022,19.951372,19.880335,20.058393,19.960716,19.658463,19.555592,20.97271,20.859415,20.277647,20.187822,19.836098,19.752089,0.0,0.0,0.0,0.0,0.0,0.0,0.0,0.0
23763,2023.0,6.0,15.0,0.0,20.529348,20.707537,19.125772,19.055593,19.999067,19.923294,19.901855,19.829468,20.615337,21.019384,19.621134,19.51448,20.936657,20.820004,21.139791,21.845295,20.520615,21.068045,0.0,0.0,0.0,4.0,0.0,0.0,4.0,4.0
23764,2023.0,6.0,15.0,0.0,20.12975,20.015558,19.099699,19.025043,19.956886,19.877249,19.852655,19.777006,20.23474,20.19492,19.872988,20.012396,20.901031,20.780819,20.372398,20.19064,20.781673,21.402172,0.0,0.0,0.0,0.0,4.0,0.0,0.0,4.0
23765,2023.0,6.0,15.0,0.0,19.984951,19.82854,19.502403,19.796001,20.562391,21.045345,19.805681,19.72636,20.437878,20.638317,19.680038,19.600306,20.865833,20.742043,20.106026,19.840958,19.98419,19.793083,4.0,4.0,0.0,4.0,0.0,0.0,0.0,0.0
23766,2023.0,6.0,15.0,1.0,20.105486,20.141857,19.2701,19.278877,20.176577,20.197803,19.760418,19.676657,19.958149,19.681757,19.56935,19.450527,20.830647,20.702847,20.009836,19.736565,19.7225,19.460327,0.0,0.0,0.0,0.0,0.0,0.0,0.0,0.0
23767,2023.0,6.0,15.0,1.0,20.116938,20.1785,19.118534,19.03904,19.755594,19.455976,20.385706,20.886871,19.771381,19.468254,19.525965,19.403503,20.7971,20.666286,19.93055,19.651722,19.620607,19.349985,0.0,0.0,4.0,0.0,0.0,0.0,0.0,0.0
23768,2023.0,6.0,15.0,1.0,20.087688,20.147274,19.06746,18.974958,19.601809,19.256807,19.976076,19.993088,19.68051,19.371212,19.485035,19.359245,20.76388,20.630154,20.02265,19.899584,19.536926,19.260483,0.0,0.0,0.0,0.0,0.0,0.0,0.0,0.0
23769,2023.0,6.0,15.0,1.0,20.055136,20.110762,19.030437,18.932344,19.741982,19.613377,19.53245,19.210651,19.78055,19.647194,19.75384,19.893702,20.730003,20.592657,20.02329,19.911058,19.629892,19.51308,0.0,0.0,0.0,0.0,4.0,0.0,0.0,0.0
23770,2023.0,6.0,15.0,1.0,20.022669,20.07507,18.998781,18.896519,19.75128,19.64588,19.386879,19.032001,19.77784,19.653837,19.519133,19.399054,20.696827,20.556526,19.993225,19.878918,19.624683,19.514406,0.0,0.0,0.0,0.0,0.0,0.0,0.0,0.0
23771,2023.0,6.0,15.0,1.0,19.989405,20.037535,18.968128,18.860886,19.720396,19.612535,19.541063,19.41979,19.742767,19.61615,19.74612,19.890287,20.663149,20.519304,19.959564,19.842194,19.592522,19.479647,0.0,0.0,0.0,0.0,4.0,0.0,0.0,0.0
23772,2023.0,6.0,15.0,2.0,19.958055,20.00338,18.94032,18.829678,19.688528,19.578342,19.540045,19.433216,19.706087,19.577301,19.492214,19.364832,20.630766,20.48451,19.92595,19.80649,19.558466,19.443466,0.0,0.0,0.0,0.0,0.0,0.0,0.0,0.0
23773,2023.0,6.0,15.0,2.0,19.927534,19.970749,18.913782,18.800552,19.656462,19.544653,19.509531,19.40262,20.260546,20.651169,19.395433,19.253315,20.59905,20.451101,19.892527,19.771643,19.524002,19.407553,0.0,0.0,0.0,4.0,0.0,0.0,0.0,0.0
23774,2023.0,6.0,15.0,2.0,19.89756,19.938448,18.887846,18.772041,19.624634,19.511013,19.476679,19.368372,19.856447,19.771927,19.347498,19.203516,21.257044,21.722826,19.859177,19.736801,19.4896,19.371614,0.0,0.0,0.0,0.0,0.0,4.0,0.0,0.0
23775,2023.0,6.0,15.0,2.0,19.868214,19.906689,18.862242,18.743954,19.593197,19.477734,19.443188,19.333412,19.705116,19.5729,19.30231,19.156586,20.548231,20.23025,19.82601,19.70223,19.45544,19.336016,0.0,0.0,0.0,0.0,0.0,0.0,0.0,0.0
23776,2023.0,6.0,15.0,2.0,19.83838,19.873669,18.836092,18.71465,19.561338,19.443161,19.40899,19.296778,19.649261,19.51361,19.553648,19.661198,20.309143,19.913757,19.792236,19.666368,20.155994,20.684095,0.0,0.0,0.0,0.0,4.0,0.0,0.0,4.0
23777,2023.0,6.0,15.0,2.0,20.504025,21.14881,18.810732,18.686773,19.530361,19.41025,19.37604,19.262026,19.600672,19.463486,19.662157,19.812193,20.229507,19.8316,20.681458,21.36863,20.412977,21.009352,0.0,0.0,0.0,0.0,4.0,0.0,4.0,4.0
23778,2023.0,6.0,15.0,3.0,20.085577,20.217415,18.785465,18.658613,19.499395,19.376999,19.343708,19.227299,19.556278,19.417131,19.433304,19.327396,20.371214,20.183508,19.870571,19.617733,19.5723,19.313318,0.0,0.0,0.0,0.0,4.0,0.0,0.0,0.0
23779,2023.0,6.0,15.0,3.0,19.622746,19.394958,18.760675,18.631073,19.468672,19.343893,19.311893,19.192902,19.514023,19.372557,19.338087,19.204603,20.39988,20.238985,19.586147,19.24486,19.289902,18.953125,0.0,0.0,0.0,0.0,4.0,0.0,0.0,0.0
23780,2023.0,6.0,15.0,3.0,19.495722,19.24931,18.738115,18.607756,19.440323,19.315336,19.28256,19.16332,19.475975,19.334595,19.027874,18.652788,20.378128,20.218231,19.49698,19.157158,19.893404,20.17531,0.0,0.0,0.0,0.0,0.0,0.0,0.0,4.0
23781,2023.0,6.0,15.0,3.0,19.67194,19.675177,18.714872,18.583286,19.411314,19.285503,19.252615,19.13251,19.438044,19.29598,18.86491,18.462317,20.352377,20.191881,19.420788,19.080557,19.34615,19.032328,0.0,0.0,0.0,0.0,0.0,0.0,0.0,0.0
23782,2023.0,6.0,15.0,3.0,19.7043,19.742825,18.691257,18.558615,19.382305,19.255693,19.222763,19.101826,19.982231,20.350332,19.336763,19.457802,20.32515,20.16398,19.54579,19.395632,19.155184,18.815834,0.0,0.0,0.0,4.0,4.0,0.0,0.0,0.0
23783,2023.0,6.0,15.0,3.0,19.683258,19.72202,18.667171,18.533274,19.35301,19.225327,19.192535,19.070576,19.578217,19.471024,19.160769,19.027266,20.297274,20.135162,19.55958,19.425192,19.069126,18.729446,0.0,0.0,0.0,0.0,0.0,0.0,0.0,0.0
23784,2023.0,6.0,15.0,4.0,19.657616,19.694267,18.642517,18.50648,19.323006,19.193403,19.161507,19.037708,19.206278,18.832357,19.052692,18.892006,20.268654,20.10505,19.53524,19.400522,19.195948,19.05805,0.0,0.0,0.0,0.0,0.0,0.0,0.0,0.0
23785,2023.0,6.0,15.0,4.0,19.631006,19.666214,18.61819,18.480322,19.293493,19.162327,19.130878,19.00565,19.08001,18.69946,19.00878,18.846497,20.24045,20.075806,19.506826,19.371305,19.19328,19.060675,0.0,0.0,0.0,0.0,0.0,0.0,0.0,0.0
23786,2023.0,6.0,15.0,4.0,19.605959,19.642042,18.597198,18.460974,19.267618,19.138382,19.104013,18.980959,19.78062,20.11262,18.970509,18.811007,20.214518,20.05103,19.478825,19.344471,19.165071,19.033699,0.0,0.0,0.0,4.0,0.0,0.0,0.0,0.0
23787,2023.0,6.0,15.0,4.0,19.57855,19.61362,18.573816,18.436914,19.239386,19.109587,19.0748,18.951319,19.457493,19.36241,18.931627,18.771627,20.187132,20.023159,19.448828,19.314142,19.859362,20.368626,0.0,0.0,0.0,0.0,0.0,0.0,0.0,4.0
23788,2023.0,6.0,15.0,4.0,19.551004,19.584728,18.550194,18.412403,19.21098,19.080383,19.045628,18.921396,19.095806,18.738106,18.893925,18.733267,20.15982,19.995201,19.418465,19.28327,19.367912,19.289454,0.0,0.0,0.0,0.0,0.0,0.0,0.0,0.0
23789,2023.0,6.0,15.0,4.0,19.5223,19.553614,18.525454,18.385746,19.181484,19.048952,19.015606,18.889395,18.957764,18.577381,18.856688,18.694145,20.1323,19.966269,19.387589,19.2511,18.989353,18.646196,0.0,0.0,0.0,0.0,0.0,0.0,0.0,0.0
23790,2023.0,6.0,15.0,5.0,19.49615,19.527834,18.503214,18.36412,19.154875,19.02316,18.988579,18.863213,19.659893,19.98992,18.82457,18.66331,20.107767,19.94239,19.359556,19.223892,19.56973,19.835945,0.0,0.0,0.0,4.0,0.0,0.0,0.0,4.0
23791,2023.0,6.0,15.0,5.0,19.472013,19.50642,18.483658,18.34815,19.13053,19.002161,18.96377,18.841736,19.9569,20.397507,19.090715,19.188366,20.086414,19.923843,19.33406,19.200981,19.044287,18.731272,0.0,0.0,0.0,4.0,4.0,0.0,0.0,0.0
23792,2023.0,6.0,15.0,5.0,19.450193,19.488045,18.46661,18.335789,19.108326,18.98433,18.94122,18.82351,19.231798,18.93065,19.217962,19.363987,20.758389,21.213736,20.251259,20.951292,18.873056,18.544811,0.0,0.0,0.0,0.0,4.0,4.0,4.0,0.0
23793,2023.0,6.0,15.0,5.0,19.428995,19.470037,18.450445,18.324087,19.086813,18.966932,18.919113,18.805614,18.994629,18.643885,18.957825,18.847101,20.079954,19.769478,19.454004,19.217085,18.809925,18.491938,0.0,0.0,0.0,0.0,0.0,0.0,0.0,0.0
23794,2023.0,6.0,15.0,5.0,19.406855,19.450092,18.434078,18.3114,19.06494,18.947964,18.896194,18.785818,18.918524,18.572763,18.846172,18.698317,19.85497,19.469591,19.187838,18.86884,18.940416,18.812958,0.0,0.0,0.0,0.0,0.0,0.0,0.0,0.0
23795,2023.0,6.0,15.0,5.0,19.386566,19.434116,18.419199,18.301645,19.045033,18.932985,18.875422,18.770178,19.044624,18.890196,18.818707,18.676151,19.806211,19.43302,19.123371,18.816452,19.678661,20.20039,0.0,0.0,0.0,0.0,0.0,0.0,0.0,4.0
23796,2023.0,6.0,15.0,6.0,19.365309,19.416395,18.403826,18.290903,19.024292,18.9165,19.528004,20.017927,19.076597,18.947807,18.79714,18.658566,20.663826,21.119932,19.988024,20.492943,19.040892,18.811453,0.0,0.0,4.0,0.0,0.0,4.0,4.0,0.0
23797,2023.0,6.0,15.0,6.0,21.210684,22.720097,18.392227,18.287558,21.23711,22.871004,21.2105,22.877617,19.071938,18.951698,18.785204,18.653913,21.14931,21.859787,21.237362,22.56936,18.840147,18.561462,0.0,0.0,0.0,0.0,0.0,0.0,0.0,0.0
23798,2023.0,6.0,15.0,6.0,20.975735,22.041933,18.381525,18.285894,21.00149,22.16868,21.023333,22.259283,19.066717,18.95388,18.77904,18.655727,20.991402,21.406681,21.020027,21.94196,19.532793,19.92624,0.0,0.0,0.0,0.0,0.0,4.0,0.0,4.0
23799,2023.0,6.0,15.0,6.0,21.03638,22.075243,18.37155,18.284714,21.010578,22.026293,21.047659,22.154173,19.684158,20.126905,18.778996,18.663631,20.998444,21.352177,20.99626,21.741325,20.033092,20.579237,0.0,4.0,0.0,4.0,0.0,4.0,4.0,4.0
23800,2023.0,6.0,15.0,6.0,21.08172,22.059008,18.362305,18.28394,21.03179,21.972404,21.077587,22.119421,20.019104,20.528109,18.785166,18.678396,21.031288,21.36316,21.077147,21.854212,20.056559,20.562693,0.0,4.0,0.0,4.0,0.0,4.0,0.0,0.0
23801,2023.0,6.0,15.0,6.0,21.028877,21.897408,18.353786,18.283762,21.018215,21.876734,21.02755,21.973124,20.02242,20.44416,18.794329,18.694387,21.02219,21.331966,21.025696,21.682665,19.383718,19.195696,0.0,4.0,0.0,0.0,0.0,0.0,0.0,0.0
23802,2023.0,6.0,15.0,7.0,21.055342,21.920547,18.34568,18.283741,21.083227,21.974726,21.0262,21.90116,20.00596,20.307632,18.81006,18.719152,21.152603,21.517185,21.065495,21.707933,19.102789,18.876726,0.0,0.0,4.0,4.0,0.0,4.0,0.0,0.0
23803,2023.0,6.0,15.0,7.0,21.01938,21.832045,18.338352,18.284632,21.02761,21.818668,21.044575,21.92777,20.023981,20.337278,18.827951,18.744524,21.2249,21.597267,21.327871,22.139553,19.186705,19.113483,0.0,0.0,0.0,0.0,0.0,4.0,4.0,0.0
23804,2023.0,6.0,15.0,7.0,21.025343,21.831732,18.776388,19.118326,21.01212,21.737188,21.012863,21.81367,20.175426,20.551731,18.848572,18.77153,20.995716,21.171968,20.988874,21.476099,20.1363,20.90516,4.0,4.0,4.0,4.0,0.0,0.0,0.0,4.0
23805,2023.0,6.0,15.0,7.0,21.023869,21.819324,20.151619,21.407492,21.04054,21.798006,21.043564,21.877413,20.277117,20.670519,19.2568,19.523384,21.018286,21.20689,21.031878,21.549057,19.973038,20.351177,4.0,0.0,0.0,4.0,4.0,0.0,0.0,0.0
23806,2023.0,6.0,15.0,7.0,20.995737,21.736555,20.017971,20.98221,21.007404,21.696243,21.036251,21.845068,19.979534,20.125845,20.10077,20.871967,21.01423,21.186266,21.22908,21.868692,19.456905,19.312447,0.0,4.0,0.0,0.0,0.0,0.0,4.0,0.0
23807,2023.0,6.0,15.0,7.0,21.00884,21.751514,19.472418,19.794573,21.013004,21.701593,21.010298,21.759348,19.657602,19.510183,19.517227,19.582592,21.013533,21.172823,20.996916,21.432486,20.149675,20.781954,4.0,4.0,4.0,0.0,0.0,0.0,0.0,4.0
23808,2023.0,6.0,15.0,8.0,21.007069,21.74366,20.131239,21.090048,21.011663,21.69683,21.040773,21.835932,20.198685,20.647877,19.623857,19.908115,21.524662,22.128563,21.026867,21.488035,20.43776,21.044434,0.0,4.0,0.0,4.0,4.0,4.0,0.0,4.0
23809,2023.0,6.0,15.0,8.0,20.841816,21.424215,19.617018,19.968653,20.226082,20.218515,20.17933,20.17313,19.976587,20.10431,20.050585,20.567846,21.569164,22.033241,20.436506,20.34252,19.967918,20.17979,4.0,0.0,0.0,0.0,0.0,4.0,0.0,0.0
23810,2023.0,6.0,15.0,8.0,20.784266,21.376984,20.108727,20.971094,20.410059,20.83385,19.714537,19.60836,19.68833,19.544546,19.560246,19.518795,21.605835,22.079035,21.078415,21.751114,19.60764,19.488071,0.0,4.0,0.0,0.0,0.0,4.0,4.0,0.0
23811,2023.0,6.0,15.0,8.0,20.795055,21.419025,19.695242,20.073664,19.991879,19.990192,20.299002,20.860308,19.576117,19.428932,19.65863,19.816702,21.679745,22.168516,20.514307,20.47068,19.463367,19.33604,4.0,0.0,4.0,0.0,4.0,4.0,0.0,0.0
23812,2023.0,6.0,15.0,8.0,20.807663,21.450384,20.065958,20.773481,20.384487,20.852835,19.803087,19.832413,19.620996,19.53742,20.047873,20.458817,21.748138,22.253551,20.257496,20.112665,19.4407,19.323788,4.0,4.0,0.0,0.0,0.0,4.0,0.0,0.0
23813,2023.0,6.0,15.0,8.0,20.81156,21.463823,20.021849,20.68494,19.992481,20.035572,19.493633,19.459806,19.64047,19.565054,19.698349,19.701088,21.819588,22.339071,21.097176,21.792835,19.460966,19.387966,0.0,0.0,0.0,0.0,0.0,4.0,4.0,0.0
23814,2023.0,6.0,15.0,9.0,20.820026,21.486576,19.438417,19.550121,19.700573,19.67149,19.39932,19.376228,20.338348,20.87934,19.538345,19.472038,21.89156,22.42668,21.453989,22.214987,19.465923,19.398855,0.0,0.0,0.0,4.0,0.0,4.0,4.0,0.0
23815,2023.0,6.0,15.0,9.0,20.263561,20.4497,19.19715,19.228798,19.621033,19.599897,20.043215,20.646698,20.578125,21.15307,19.886444,20.121912,21.256475,21.180416,20.704226,20.732851,19.464066,19.397266,0.0,0.0,4.0,4.0,4.0,0.0,0.0,0.0
23816,2023.0,6.0,15.0,9.0,20.045835,20.17463,19.534908,19.946537,20.251127,20.847078,19.626837,19.749796,19.997896,20.068909,20.093172,20.410269,21.072678,20.924637,21.356104,22.078836,19.463818,19.396683,4.0,4.0,0.0,0.0,4.0,0.0,4.0,0.0
23817,2023.0,6.0,15.0,9.0,19.948374,20.094852,20.068829,20.849314,20.444344,21.034538,19.998785,20.608057,19.849354,19.783102,19.994736,20.167574,21.734655,22.230074,20.752695,20.736746,19.465391,19.397787,0.0,4.0,4.0,0.0,0.0,4.0,0.0,0.0
23818,2023.0,6.0,15.0,9.0,19.900316,20.081518,19.501795,19.703678,19.942047,20.080454,19.645071,19.797386,19.819057,19.752644,19.826614,19.797913,22.019295,22.593414,20.446997,20.363693,20.343378,21.051928,0.0,0.0,0.0,0.0,0.0,4.0,0.0,4.0
23819,2023.0,6.0,15.0,9.0,19.868862,20.07221,19.264158,19.37223,20.368223,20.98332,19.457865,19.54272,19.833406,19.777117,19.787107,19.730553,21.410788,21.376387,20.388319,20.308708,19.96162,20.221874,0.0,4.0,0.0,0.0,0.0,0.0,0.0,0.0
23820,2023.0,6.0,15.0,10.0,19.813202,20.012436,19.126057,19.194681,20.536636,21.171576,19.398413,19.502035,19.826355,19.75068,19.778416,19.69667,21.92803,22.483547,20.358232,20.290922,19.730768,19.728174,0.0,4.0,0.0,0.0,0.0,4.0,0.0,0.0
23821,2023.0,6.0,15.0,10.0,20.479916,21.308084,19.0498,19.113081,20.573046,21.219677,19.9811,20.634588,19.830462,19.751268,19.78669,19.698738,21.43375,21.43382,20.346788,20.289675,19.685375,19.663363,0.0,4.0,4.0,0.0,0.0,0.0,0.0,0.0
23822,2023.0,6.0,15.0,10.0,20.636995,21.462048,19.448175,19.91255,20.609173,21.269945,20.15813,20.848106,19.842577,19.762735,19.806747,19.717484,21.276697,21.191383,20.311111,20.232199,19.696802,19.682919,4.0,4.0,4.0,0.0,0.0,0.0,0.0,0.0
23823,2023.0,6.0,15.0,10.0,20.70259,21.532509,20.083477,20.99348,20.11272,20.328796,20.22461,20.921738,19.858656,19.778316,19.831797,19.741882,21.95047,22.488577,21.274696,22.068535,19.654917,19.58713,0.0,0.0,4.0,0.0,0.0,4.0,4.0,0.0
23824,2023.0,6.0,15.0,10.0,20.773087,21.612642,19.827185,20.374458,20.474197,21.168406,19.751678,19.991703,19.879164,19.798662,19.862122,19.771322,22.262678,22.894705,20.796083,20.85923,19.644567,19.573751,4.0,4.0,0.0,0.0,0.0,4.0,0.0,0.0
23825,2023.0,6.0,15.0,10.0,20.240227,20.580303,20.035383,20.75471,20.599354,21.310133,20.215363,20.959858,19.902012,19.822065,19.895628,19.805727,22.360958,23.002382,20.603897,20.582157,19.65596,19.585077,4.0,4.0,4.0,0.0,0.0,4.0,0.0,0.0
23826,2023.0,6.0,15.0,11.0,20.644419,21.5002,20.015507,20.709867,20.650362,21.369627,19.837864,20.102877,19.927479,19.847977,19.934097,19.844965,21.764952,21.799797,20.566063,20.55344,19.67097,19.60049,0.0,4.0,0.0,0.0,0.0,0.0,0.0,0.0
23827,2023.0,6.0,15.0,11.0,20.24514,20.597605,19.972378,20.584494,20.70173,21.429573,19.607021,19.829123,19.95333,19.872944,20.333199,20.561327,21.55264,21.515844,20.553303,20.546686,19.686811,19.615728,4.0,4.0,0.0,0.0,4.0,0.0,0.0,0.0
23828,2023.0,6.0,15.0,11.0,20.093569,20.413828,20.004787,20.638483,20.739082,21.47497,19.559927,19.789394,20.673677,21.210499,20.546747,20.84638,21.532778,21.497717,20.477098,20.398945,19.702703,19.630737,4.0,4.0,0.0,4.0,4.0,0.0,0.0,0.0
23829,2023.0,6.0,15.0,11.0,20.654566,21.527712,20.01702,20.671446,20.778316,21.522333,19.529623,19.771137,20.371174,20.384026,20.413828,20.504957,22.264568,22.891256,20.44423,20.362177,19.720442,19.647896,0.0,4.0,0.0,0.0,0.0,4.0,0.0,0.0
23830,2023.0,6.0,15.0,11.0,20.878857,21.779343,20.035969,20.67454,20.815638,21.567846,19.3891,19.522408,20.274683,20.301876,20.375954,20.431711,22.533457,23.198898,21.410007,22.194736,19.738913,19.666027,4.0,4.0,0.0,0.0,0.0,4.0,4.0,0.0
23831,2023.0,6.0,15.0,11.0,20.368027,20.777912,20.010876,20.638617,20.84859,21.610256,19.991903,20.700386,20.319553,20.36268,20.41691,20.477125,22.62002,23.286865,21.80502,22.725561,19.756836,19.68441,0.0,4.0,4.0,0.0,0.0,4.0,4.0,0.0
23832,2023.0,6.0,15.0,12.0,20.748884,21.64051,19.725403,20.086693,20.884455,21.654037,19.76403,20.099934,21.042627,21.692171,20.33447,20.26805,22.702206,23.36877,21.97964,22.891687,20.634705,21.326628,0.0,4.0,0.0,4.0,0.0,4.0,4.0,4.0
23833,2023.0,6.0,15.0,12.0,21.017157,22.025194,19.460848,19.639654,21.040194,21.933859,21.171473,22.587822,21.306955,22.016232,20.650934,20.855907,22.766228,23.431446,21.221035,21.357424,20.258036,20.421194,0.0,0.0,4.0,4.0,4.0,4.0,0.0,0.0
23834,2023.0,6.0,15.0,12.0,21.021397,21.990133,19.305216,19.443712,21.017818,21.854528,21.010424,22.167837,20.806469,20.954311,20.533497,20.505754,22.83172,23.49574,21.882668,22.777454,20.075207,20.153149,0.0,0.0,0.0,0.0,0.0,4.0,4.0,0.0
23835,2023.0,6.0,15.0,12.0,21.018291,21.937378,19.65621,20.161863,21.019787,21.83164,21.028433,22.118134,21.282448,21.941061,20.42147,20.330097,22.892199,23.55582,21.31793,21.446344,20.08751,20.1625,4.0,0.0,0.0,4.0,0.0,4.0,0.0,0.0
23836,2023.0,6.0,15.0,12.0,21.091389,22.01126,20.028852,20.73146,21.01872,21.809242,20.999056,21.978512,20.926718,21.065924,20.420015,20.326025,22.285221,22.357807,21.009779,21.047333,20.114567,20.193195,4.0,0.0,4.0,0.0,0.0,0.0,0.0,0.0
23837,2023.0,6.0,15.0,12.0,21.007805,21.855026,20.009773,20.679304,21.021936,21.793188,21.003912,21.949736,20.73031,20.800957,20.433365,20.341036,22.784012,23.440498,21.004148,21.078796,20.000908,19.942726,0.0,0.0,4.0,0.0,0.0,4.0,0.0,0.0
23838,2023.0,6.0,15.0,13.0,21.147715,22.080875,19.745604,20.14882,20.998293,21.709324,21.002821,21.920357,20.713383,20.783863,20.447935,20.357235,22.977747,23.651747,21.002039,21.089321,20.871075,21.618406,0.0,4.0,4.0,0.0,0.0,4.0,0.0,4.0
23839,2023.0,6.0,15.0,13.0,21.214092,22.151981,19.604944,19.970402,21.085348,21.87793,21.02788,21.968365,20.714396,20.787062,20.46164,20.372425,23.029037,23.700922,21.00243,21.09881,20.537157,20.691023,0.0,4.0,0.0,0.0,0.0,4.0,0.0,0.0
23840,2023.0,6.0,15.0,13.0,20.991333,21.760166,19.776604,20.299011,21.12695,21.924486,20.996094,21.860493,20.58034,20.517076,20.473833,20.386084,22.425179,22.515736,21.00595,21.103636,21.20736,22.068142,4.0,4.0,4.0,0.0,0.0,0.0,0.0,4.0
23841,2023.0,6.0,15.0,13.0,21.01849,21.814466,20.022322,20.678682,21.145355,21.944603,21.027218,21.926622,20.51697,20.439516,20.485983,20.400627,22.891026,23.540133,21.00551,21.101204,20.721163,20.891672,4.0,4.0,0.0,0.0,0.0,4.0,0.0,0.0
23842,2023.0,6.0,15.0,13.0,21.2048,22.136553,20.00923,20.64859,21.162714,21.963396,20.99663,21.827099,20.502958,20.427082,20.497498,20.4143,22.427862,22.517908,21.00544,21.099754,20.466583,20.558605,0.0,4.0,4.0,0.0,0.0,0.0,0.0,0.0
23843,2023.0,6.0,15.0,13.0,21.28206,22.217403,19.749666,20.129614,20.993925,21.680357,21.027298,21.897264,20.49534,20.421507,20.508913,20.428274,22.19072,22.208548,21.00565,21.099081,20.433655,20.52217,0.0,0.0,0.0,0.0,0.0,0.0,0.0,0.0
23844,2023.0,6.0,15.0,14.0,20.981327,21.688555,19.6564,20.033203,21.020123,21.735176,21.020878,21.837618,20.491219,20.419886,20.518751,20.439665,22.855251,23.51499,21.005182,21.097158,20.426609,20.518545,0.0,0.0,4.0,0.0,0.0,4.0,0.0,0.0
23845,2023.0,6.0,15.0,14.0,20.650856,21.07194,19.438816,19.630823,20.615328,20.952467,20.489656,20.843325,20.489458,20.420984,20.530342,20.454615,23.074045,23.76394,20.847954,20.791964,20.27907,20.227682,0.0,0.0,0.0,0.0,0.0,4.0,0.0,0.0
23846,2023.0,6.0,15.0,14.0,20.536062,20.939152,19.339834,19.495457,20.469227,20.771145,20.311325,20.627228,20.489992,20.424318,20.540655,20.468239,22.473019,22.580822,20.79915,20.73522,20.235195,20.17794,0.0,0.0,0.0,0.0,0.0,0.0,0.0,0.0
23847,2023.0,6.0,15.0,14.0,21.089529,22.027948,19.295164,19.449022,20.248901,20.399511,20.233358,20.55255,20.491112,20.428267,20.550562,20.481392,22.29627,22.332348,20.778336,20.71667,21.060646,21.753382,0.0,0.0,0.0,0.0,0.0,0.0,0.0,4.0
23848,2023.0,6.0,15.0,14.0,20.681755,21.157522,19.263683,19.419134,20.127266,20.246788,20.609385,21.289125,20.49317,20.433235,20.560373,20.494865,22.2458,22.284855,20.76203,20.70243,20.668701,20.84885,0.0,0.0,4.0,0.0,0.0,0.0,0.0,0.0
23849,2023.0,6.0,15.0,14.0,21.132734,22.082644,19.239466,19.39746,20.063282,20.183725,20.311703,20.684769,20.496109,20.43912,20.569609,20.507668,22.211548,22.257421,20.74918,20.692074,21.39638,22.265629,0.0,0.0,0.0,0.0,0.0,0.0,0.0,4.0
23850,2023.0,6.0,15.0,15.0,21.268795,22.235165,19.218061,19.37692,20.008102,20.126799,20.178343,20.50446,20.50018,20.446815,20.579815,20.52293,22.059725,21.986612,20.73797,20.682978,21.631742,22.536081,0.0,0.0,0.0,0.0,0.0,0.0,0.0,4.0
23851,2023.0,6.0,15.0,15.0,20.768867,21.25208,19.630196,20.165073,20.617018,21.31142,20.137213,20.469307,20.50325,20.451992,20.586254,20.531384,22.016834,21.94995,20.72878,20.676376,20.952608,21.160818,4.0,4.0,0.0,0.0,0.0,0.0,0.0,0.0
23852,2023.0,6.0,15.0,15.0,20.600182,21.025656,20.061003,20.864412,20.782162,21.495739,19.92299,20.07721,20.50715,20.458855,20.593498,20.542328,21.980968,21.915146,20.720257,20.669851,20.749245,20.8644,0.0,4.0,0.0,0.0,0.0,0.0,0.0,0.0
23853,2023.0,6.0,15.0,15.0,20.538359,20.968525,19.596058,19.863901,20.961065,21.792574,19.813272,19.952997,20.510368,20.464497,20.600325,20.55162,21.949608,21.888494,20.712833,20.665157,20.701975,20.822477,0.0,4.0,0.0,0.0,0.0,0.0,0.0,0.0
23854,2023.0,6.0,15.0,15.0,21.096695,22.0451,19.40315,19.575214,21.045916,21.88314,19.763296,19.898527,20.512894,20.469885,20.606262,20.560816,21.924782,21.86683,20.708046,20.663023,20.677696,20.801796,0.0,4.0,0.0,0.0,0.0,0.0,0.0,0.0
23855,2023.0,6.0,15.0,15.0,21.252798,22.221333,19.781992,20.324871,21.100794,21.935816,20.391726,21.11369,20.514563,20.474775,20.979755,21.26146,21.901567,21.847424,20.703892,20.661972,20.511263,20.489864,4.0,4.0,4.0,0.0,4.0,0.0,0.0,0.0
23856,2023.0,6.0,15.0,16.0,20.75424,21.225143,20.032545,20.718988,21.14783,21.981218,19.983583,20.212618,20.515768,20.479656,21.149765,21.503414,21.880104,21.829882,20.70015,20.661661,20.44552,20.408672,0.0,4.0,0.0,0.0,4.0,0.0,0.0,0.0
23857,2023.0,6.0,15.0,16.0,21.131775,22.065649,19.81965,20.258276,21.191765,22.020525,20.542286,21.418005,20.5151,20.48204,21.035337,21.248993,21.856508,21.80995,20.695173,20.659685,20.409311,20.375381,0.0,4.0,4.0,0.0,0.0,0.0,0.0,0.0
23858,2023.0,6.0,15.0,16.0,21.278675,22.234873,20.111553,20.825706,20.697712,21.06513,20.717388,21.580269,20.512802,20.483025,20.993038,21.177923,21.835321,21.791832,20.690174,20.657768,20.38327,20.351933,4.0,0.0,4.0,0.0,0.0,0.0,0.0,0.0
23859,2023.0,6.0,15.0,16.0,20.774174,21.23043,20.22896,20.967201,20.53405,20.853476,20.788837,21.64139,20.509756,20.483503,20.817131,20.827457,21.814316,21.774607,20.684351,20.655281,20.361504,20.333931,4.0,0.0,4.0,0.0,0.0,0.0,0.0,0.0
23860,2023.0,6.0,15.0,16.0,20.631647,21.04848,19.988691,20.522232,21.029987,21.831745,20.333872,20.73221,20.50606,20.483515,20.74515,20.725834,21.793678,21.758297,21.635155,22.463139,20.342993,20.31967,0.0,4.0,0.0,0.0,0.0,0.0,4.0,0.0
23861,2023.0,6.0,15.0,16.0,20.583435,21.010233,20.210009,20.920935,20.70553,21.075918,20.680384,21.500847,20.501171,20.482386,20.716383,20.698263,21.770882,21.739527,21.245577,21.440903,20.323006,20.30354,4.0,0.0,4.0,0.0,0.0,0.0,0.0,0.0
23862,2023.0,6.0,15.0,17.0,20.552029,20.9776,20.303722,21.03281,21.123085,21.94097,20.829449,21.675018,20.495504,20.480354,20.698084,20.683287,21.750542,21.722952,21.081322,21.206999,20.307365,20.29158,4.0,4.0,4.0,0.0,0.0,0.0,0.0,0.0
23863,2023.0,6.0,15.0,17.0,21.008774,21.83696,19.997139,20.481962,20.721996,21.10218,20.374193,20.76445,20.4889,20.47681,20.68223,20.671045,21.730255,21.70646,22.00483,22.979273,20.292795,20.280584,0.0,0.0,0.0,0.0,0.0,0.0,4.0,0.0
23864,2023.0,6.0,15.0,17.0,21.304071,22.25022,20.233711,20.923475,20.496605,20.811853,20.160645,20.489185,20.481966,20.472818,20.66516,20.657581,21.708189,21.68771,21.519644,21.79521,20.277,20.267963,4.0,0.0,0.0,0.0,0.0,0.0,0.0,0.0
23865,2023.0,6.0,15.0,17.0,21.385931,22.333012,19.957178,20.402502,20.443415,20.74751,20.113604,20.431417,20.475533,20.469156,20.649635,20.644815,21.687592,21.66936,21.243309,21.36187,20.262833,20.25623,0.0,0.0,0.0,0.0,0.0,0.0,0.0,0.0
23866,2023.0,6.0,15.0,17.0,20.876505,21.321644,19.872543,20.250093,20.255457,20.407263,20.08393,20.40013,20.469046,20.465834,20.633656,20.633163,21.666925,21.652489,21.159822,21.27945,20.248331,20.245012,0.0,0.0,0.0,0.0,0.0,0.0,0.0,0.0
23867,2023.0,6.0,15.0,17.0,21.321482,22.245169,20.051416,20.577732,20.166798,20.289135,19.909136,20.067705,20.46247,20.462336,20.618525,20.621767,21.647375,21.636055,21.116583,21.236383,20.235092,20.234592,4.0,0.0,0.0,0.0,0.0,0.0,0.0,0.0
23868,2023.0,6.0,15.0,18.0,21.439457,22.371403,20.02182,20.49272,20.118193,20.234735,19.824118,19.95048,20.45476,20.457525,20.60189,20.608154,21.626287,21.617304,20.950521,20.939028,20.221151,20.223839,0.0,0.0,0.0,0.0,0.0,0.0,0.0,0.0
23869,2023.0,6.0,15.0,18.0,21.489256,22.408894,20.114079,20.642664,21.113197,22.008957,21.12651,22.27524,20.446173,20.451792,20.584948,20.595709,21.6054,21.60049,21.012121,21.110489,20.20686,20.212984,4.0,4.0,4.0,0.0,0.0,0.0,0.0,0.0
23870,2023.0,6.0,15.0,18.0,20.961847,21.470564,20.31354,20.989742,21.003798,21.733385,21.007948,21.935307,20.436417,20.44399,20.566002,20.578993,21.582764,21.57956,21.003757,21.112589,20.192057,20.200071,4.0,0.0,0.0,0.0,0.0,0.0,0.0,0.0
23871,2023.0,6.0,15.0,18.0,21.018799,21.602266,20.036175,20.400724,21.147293,21.931248,21.018274,21.88101,20.426094,20.435741,20.54782,20.562872,21.560831,21.559517,21.00493,21.129025,20.178696,20.188444,0.0,4.0,0.0,0.0,0.0,0.0,0.0,0.0
23872,2023.0,6.0,15.0,18.0,21.388012,22.289608,19.903408,20.237812,21.218212,21.993183,21.01671,21.824547,20.41545,20.427242,20.529964,20.547253,21.539759,21.540323,21.004576,21.139359,20.166656,20.17794,0.0,4.0,0.0,0.0,0.0,0.0,0.0,0.0
23873,2023.0,6.0,15.0,18.0,21.521555,22.419397,19.863695,20.191244,20.988337,21.573433,21.020634,21.786217,21.080742,21.691685,20.512852,20.532846,22.290607,22.983543,21.004976,21.148495,21.076052,21.906527,0.0,0.0,0.0,4.0,0.0,4.0,0.0,4.0
23874,2023.0,6.0,15.0,19.0,20.99101,21.480309,19.693731,19.871862,21.19693,21.941912,21.010794,21.700613,20.795856,20.948267,20.495514,20.517483,21.973253,22.186525,21.882383,22.807545,20.744759,21.004883,0.0,4.0,4.0,0.0,0.0,0.0,4.0,0.0
23875,2023.0,6.0,15.0,19.0,21.381765,22.242483,19.579956,19.717457,20.983715,21.524101,21.021526,21.738686,20.642815,20.782698,20.475214,20.495932,22.443241,23.183813,21.38299,21.593588,20.474634,20.624645,0.0,0.0,0.0,0.0,0.0,4.0,0.0,0.0
23876,2023.0,6.0,15.0,19.0,20.97154,21.434414,19.529242,19.654726,21.0168,21.585983,21.100376,21.840218,20.621605,20.75231,20.833193,21.184738,21.996588,22.17046,21.062162,21.166168,20.41042,20.538654,0.0,0.0,4.0,0.0,4.0,0.0,0.0,0.0
23877,2023.0,6.0,15.0,19.0,21.016945,21.543997,19.929186,20.428652,21.216171,21.92956,21.006079,21.667002,21.233206,21.906752,20.646103,20.734098,21.73978,21.81732,20.999376,21.107042,20.28166,20.30231,4.0,4.0,0.0,4.0,0.0,0.0,0.0,0.0
23878,2023.0,6.0,15.0,19.0,21.390545,22.239023,20.091448,20.602438,21.291431,21.99694,21.01852,21.67985,21.493694,22.203259,20.48531,20.505774,21.662817,21.720097,21.00403,21.138826,20.218248,20.22708,4.0,4.0,0.0,4.0,0.0,0.0,0.0,0.0
23879,2023.0,6.0,15.0,19.0,20.979624,21.439194,19.996819,20.423883,21.31151,22.002945,21.016861,21.663084,21.564053,22.254496,20.811594,21.15053,22.335394,23.025185,21.878576,22.797659,20.188742,20.196808,0.0,4.0,0.0,4.0,4.0,4.0,4.0,0.0
23880,2023.0,6.0,15.0,20.0,21.016684,21.526318,19.825373,20.081512,20.976286,21.417732,21.076061,21.730759,21.033836,21.203344,20.656265,20.7675,21.911316,22.043385,21.328901,21.483833,20.163952,20.171799,0.0,0.0,4.0,0.0,0.0,0.0,0.0,0.0
23881,2023.0,6.0,15.0,20.0,21.008957,21.514427,20.103218,20.649488,21.01943,21.513418,21.008799,21.617626,20.750454,20.817959,20.541718,20.636782,21.636932,21.665379,20.986958,21.059248,20.139189,20.144743,4.0,0.0,0.0,0.0,0.0,0.0,0.0,0.0
23882,2023.0,6.0,15.0,20.0,21.353468,22.147554,19.984266,20.361534,21.012754,21.501335,21.01833,21.627974,20.65821,20.70743,20.500786,20.581993,21.556004,21.567371,21.007145,21.131952,20.11506,20.119085,0.0,0.0,0.0,0.0,0.0,0.0,0.0,0.0
23883,2023.0,6.0,15.0,20.0,20.952953,21.364576,20.166615,20.683716,21.013838,21.500042,21.017282,21.615341,20.594141,20.631294,20.402864,20.417498,21.487537,21.478601,21.005613,21.151287,20.091772,20.094948,4.0,0.0,0.0,0.0,0.0,0.0,0.0,0.0
23884,2023.0,6.0,15.0,20.0,21.018267,21.506344,19.976627,20.309124,21.215067,21.853716,21.017351,21.604918,20.50517,20.500742,20.341063,20.344202,21.436918,21.424622,21.00602,21.167757,20.069118,20.071726,0.0,4.0,0.0,0.0,0.0,0.0,0.0,0.0
23885,2023.0,6.0,15.0,20.0,21.32843,22.07215,20.14252,20.612038,20.986141,21.416086,21.01751,21.59567,20.450708,20.447243,20.303108,20.30566,22.181028,22.87281,21.006372,21.180557,20.047586,20.049957,4.0,0.0,0.0,0.0,0.0,4.0,0.0,0.0
23886,2023.0,6.0,15.0,21.0,20.972782,21.384705,20.215815,20.68609,21.018806,21.483337,21.017458,21.586977,20.407639,20.401997,20.26673,20.266882,21.696537,21.746204,21.007051,21.189259,20.025774,20.026941,4.0,0.0,0.0,0.0,0.0,0.0,0.0,0.0
23887,2023.0,6.0,15.0,21.0,21.018307,21.486303,19.982525,20.27265,21.168056,21.736092,21.110613,21.72866,21.098007,21.741688,20.23234,20.22997,22.155115,22.77911,21.007233,21.195093,20.005442,20.005907,0.0,4.0,4.0,4.0,0.0,4.0,0.0,0.0
23888,2023.0,6.0,15.0,21.0,21.010948,21.473282,20.135757,20.556297,20.9928,21.408613,21.006266,21.539612,21.285864,21.854717,20.198896,20.193724,21.64449,21.645985,21.00718,21.198704,19.98496,19.98321,4.0,0.0,0.0,4.0,0.0,0.0,0.0,0.0
23889,2023.0,6.0,15.0,21.0,21.010393,21.473457,19.989838,20.274845,21.019108,21.46171,21.021275,21.563961,20.722431,20.757605,20.16693,20.159292,21.378641,21.308685,21.743502,22.578041,20.86978,21.677397,0.0,0.0,0.0,0.0,0.0,0.0,4.0,4.0
23890,2023.0,6.0,15.0,21.0,21.333155,22.063946,19.760181,19.842579,21.016024,21.451252,21.019445,21.551308,20.453217,20.413248,20.135944,20.125912,21.289375,21.20293,21.113846,21.138441,20.37639,20.429026,0.0,0.0,0.0,0.0,0.0,0.0,0.0,0.0
23891,2023.0,6.0,15.0,21.0,20.952328,21.322607,20.067131,20.503489,21.01379,21.446913,21.127295,21.725685,20.355034,20.292429,20.103981,20.09048,21.219196,21.118391,21.023167,21.181278,20.061209,20.027008,4.0,0.0,4.0,0.0,0.0,0.0,0.0,0.0
23892,2023.0,6.0,15.0,22.0,21.02003,21.461706,20.182777,20.613966,21.203016,21.780024,21.006073,21.50188,20.286224,20.213198,20.070162,20.048847,21.973017,22.603968,21.665083,22.386412,20.778551,21.431938,4.0,4.0,0.0,0.0,0.0,4.0,4.0,4.0
23893,2023.0,6.0,15.0,22.0,21.01295,21.448732,19.991217,20.26863,20.988945,21.367033,21.02278,21.530119,20.279346,20.250572,20.034716,20.005754,21.456228,21.396864,20.97388,21.033075,20.308167,20.291492,0.0,0.0,0.0,0.0,0.0,0.0,0.0,0.0
23894,2023.0,6.0,15.0,22.0,21.010513,21.449509,19.691444,19.69503,21.022228,21.433159,21.020819,21.51803,20.859047,21.363075,20.001732,19.967285,21.166311,21.027605,21.027802,21.16509,20.030737,19.952444,0.0,0.0,0.0,4.0,0.0,0.0,0.0,0.0
23895,2023.0,6.0,15.0,22.0,21.010891,21.452139,19.501892,19.437887,21.089191,21.526867,21.016684,21.511047,20.522287,20.536581,19.969557,19.929407,21.789986,22.277033,21.010235,21.152975,19.94387,19.85098,0.0,4.0,0.0,0.0,0.0,4.0,0.0,0.0
23896,2023.0,6.0,15.0,22.0,21.011208,21.452778,19.48187,19.465446,21.010109,21.394968,21.123428,21.686436,20.219097,20.092058,20.231434,20.441662,21.303453,21.173632,21.012348,21.166338,19.882244,19.778868,0.0,0.0,4.0,0.0,4.0,0.0,0.0,0.0
23897,2023.0,6.0,15.0,22.0,21.011135,21.452404,19.905905,20.28465,21.020952,21.41414,20.995104,21.426687,20.104109,19.95951,20.0625,20.035913,21.052866,20.869123,21.008213,21.172121,19.898092,19.852856,4.0,0.0,4.0,0.0,0.0,0.0,0.0,0.0
23898,2023.0,6.0,15.0,23.0,21.01165,21.452808,20.009966,20.38275,21.019897,21.406631,21.032373,21.522223,20.136417,20.083899,19.939695,19.881838,21.708168,22.181784,21.009144,21.183483,19.886786,19.839638,0.0,0.0,0.0,0.0,0.0,4.0,0.0,0.0
23899,2023.0,6.0,15.0,23.0,20.703312,20.858763,19.700037,19.757933,20.643324,20.688347,20.436365,20.367594,20.126186,20.068552,19.893328,19.830793,21.219816,21.060493,20.763016,20.717255,19.861286,19.81253,0.0,0.0,0.0,0.0,0.0,0.0,0.0,0.0
23900,2023.0,6.0,15.0,23.0,20.580517,20.700287,19.55005,19.534008,21.097158,21.626665,20.171192,19.997505,20.66588,21.104574,19.863033,19.79716,21.02844,20.811472,20.669123,20.607738,20.565378,21.155565,0.0,4.0,0.0,4.0,0.0,0.0,0.0,4.0
23901,2023.0,6.0,15.0,23.0,20.529009,20.653824,19.48877,19.460484,20.66562,20.733568,20.178057,20.121002,20.292412,20.28069,19.833437,19.76424,20.95015,20.727613,20.613438,20.549324,20.086117,20.087456,0.0,0.0,0.0,0.0,0.0,0.0,0.0,0.0
23902,2023.0,6.0,15.0,23.0,21.171131,21.904102,19.44576,19.413317,20.285421,20.10099,20.141333,20.103321,20.58436,20.88547,19.804483,19.732204,21.026962,20.943092,20.565052,20.498468,19.828987,19.675522,0.0,0.0,0.0,4.0,0.0,0.0,0.0,0.0
23903,2023.0,6.0,15.0,23.0,20.715551,20.912975,19.409245,19.373196,20.135622,19.91579,20.084286,20.04478,20.138376,19.970137,20.071499,20.253342,21.013079,20.92779,20.521065,20.452087,19.740099,19.571932,0.0,0.0,0.0,0.0,4.0,0.0,0.0,0.0
23904,2023.0,6.0,16.0,0.0,20.343437,20.279568,19.374763,19.33353,20.206232,20.14105,20.02904,19.984745,19.967903,19.758598,19.84829,19.775385,20.977732,20.88794,20.478533,20.405825,19.78824,19.722118,0.0,0.0,0.0,0.0,0.0,0.0,0.0,0.0
23905,2023.0,6.0,16.0,0.0,20.90604,21.418715,19.346725,19.304138,20.182724,20.129095,19.98305,19.939144,19.900648,19.690765,19.777927,19.697557,20.947123,20.856375,20.441183,20.367792,19.775711,19.711172,0.0,0.0,0.0,0.0,0.0,0.0,0.0,0.0
23906,2023.0,6.0,16.0,0.0,20.433325,20.436451,19.318928,19.273436,20.140759,20.086454,19.93833,19.892426,19.962685,19.87159,19.741,19.657549,20.915785,20.822935,20.404394,20.32901,19.750553,19.68441,0.0,0.0,0.0,0.0,0.0,0.0,0.0,0.0
23907,2023.0,6.0,16.0,0.0,20.208712,20.11059,19.289856,19.23889,20.09637,20.036852,19.893173,19.841848,19.962482,19.881609,19.704176,19.615671,20.883469,20.786768,20.367481,20.28844,19.723127,19.653528,0.0,0.0,0.0,0.0,0.0,0.0,0.0,0.0
23908,2023.0,6.0,16.0,0.0,20.134,20.036951,19.267134,19.215994,20.71936,21.241665,19.857346,19.807413,19.937513,19.85612,19.67422,19.585567,20.85514,20.758102,20.335253,20.255978,19.698425,19.62812,0.0,4.0,0.0,0.0,0.0,0.0,0.0,0.0
23909,2023.0,6.0,16.0,0.0,20.242664,20.315302,19.242708,19.188795,20.320543,20.36803,19.820301,19.768356,19.909506,19.826086,19.642765,19.55166,20.825693,20.726608,20.302729,20.221579,19.672672,19.600338,0.0,0.0,0.0,0.0,0.0,0.0,0.0,0.0
23910,2023.0,6.0,16.0,1.0,20.253893,20.349445,19.218351,19.16101,19.918552,19.664124,19.784187,19.72934,19.880232,19.794163,19.920967,20.097818,20.796291,20.694593,20.270994,20.187435,19.646648,19.57182,0.0,0.0,0.0,0.0,4.0,0.0,0.0,0.0
23911,2023.0,6.0,16.0,1.0,20.228712,20.322815,19.19543,19.135334,19.790503,19.508404,19.750696,19.693926,20.442701,20.875519,20.028011,20.239002,20.767647,20.66381,20.240429,20.155027,19.621202,19.544355,0.0,0.0,0.0,4.0,4.0,0.0,0.0,0.0
23912,2023.0,6.0,16.0,1.0,20.201546,20.292946,19.172775,19.109297,19.902678,19.803532,19.718,19.658625,20.039646,19.991508,20.06545,20.27712,20.738588,20.632208,20.209566,20.12194,19.595383,19.516205,0.0,0.0,0.0,0.0,4.0,0.0,0.0,0.0
23913,2023.0,6.0,16.0,1.0,20.174026,20.262438,19.15072,19.08371,19.912457,19.838863,19.686459,19.624363,19.743788,19.492613,19.570047,19.304176,20.709564,20.60062,20.178782,20.088907,19.569525,19.488014,0.0,0.0,0.0,0.0,0.0,0.0,0.0,0.0
23914,2023.0,6.0,16.0,1.0,20.147093,20.232841,19.129314,19.059181,19.88436,19.81031,19.656317,19.591967,20.18252,20.39373,19.389006,19.09038,20.681087,20.570004,20.148598,20.056892,20.273308,20.83361,0.0,0.0,0.0,4.0,0.0,0.0,0.0,4.0
23915,2023.0,6.0,16.0,1.0,20.119682,20.202072,19.10708,19.033392,19.853542,19.77693,19.626097,19.558714,19.758402,19.50407,19.493446,19.377811,20.652132,20.538286,20.118,20.023853,19.789396,19.760822,0.0,0.0,0.0,0.0,0.0,0.0,0.0,0.0
23916,2023.0,6.0,16.0,2.0,20.091465,20.169281,19.083462,19.005226,19.821049,19.740368,19.595234,19.523527,19.590984,19.307459,19.490654,19.369875,20.622519,20.505016,20.086712,19.989273,19.464113,19.214085,0.0,0.0,0.0,0.0,0.0,0.0,0.0,0.0
23917,2023.0,6.0,16.0,2.0,20.065466,20.140903,19.061378,18.980165,19.790565,19.707428,19.566486,19.49216,19.701439,19.596323,19.457134,19.341925,20.594618,20.47517,20.05712,19.957977,19.363152,19.10576,0.0,0.0,0.0,0.0,0.0,0.0,0.0,0.0
23918,2023.0,6.0,16.0,2.0,20.040285,20.113922,19.040646,18.957567,19.761839,19.67737,19.539307,19.463528,19.692333,19.586653,19.425066,19.308393,20.567638,20.446827,20.028334,19.927975,19.462357,19.369225,0.0,0.0,0.0,0.0,0.0,0.0,0.0,0.0
23919,2023.0,6.0,16.0,2.0,20.015388,20.087122,19.020103,18.935131,19.733747,19.647888,19.51254,19.435318,19.665165,19.558172,19.392485,19.274347,20.540966,20.418804,19.999851,19.898289,19.453232,19.359213,0.0,0.0,0.0,0.0,0.0,0.0,0.0,0.0
23920,2023.0,6.0,16.0,2.0,19.990664,20.06045,18.999563,18.912685,19.706026,19.618744,19.48604,19.407352,19.636173,19.527855,19.360271,19.240673,20.514437,20.390934,19.971449,19.868694,19.42802,19.332714,0.0,0.0,0.0,0.0,0.0,0.0,0.0,0.0
23921,2023.0,6.0,16.0,2.0,19.966085,20.033882,18.979012,18.890205,19.67865,19.589905,19.45982,19.379618,19.606714,19.497099,19.328379,19.207336,20.48803,20.363195,19.943104,19.839169,19.401339,19.304749,0.0,0.0,0.0,0.0,0.0,0.0,0.0,0.0
23922,2023.0,6.0,16.0,3.0,19.94326,20.010805,18.96055,18.872026,19.653904,19.566132,19.436098,19.35672,19.579052,19.470045,19.59099,19.724133,20.463266,20.33874,19.916208,19.812632,20.10443,20.651434,0.0,0.0,0.0,0.0,4.0,0.0,0.0,4.0
23923,2023.0,6.0,16.0,3.0,19.916292,19.979355,18.937464,18.8444,19.624577,19.5328,19.408054,19.324583,20.123623,20.516785,19.395308,19.30375,20.434752,20.306683,19.885855,19.77915,19.435999,19.212313,0.0,0.0,0.0,4.0,0.0,0.0,0.0,0.0
23924,2023.0,6.0,16.0,3.0,19.886208,19.941889,18.91025,18.808935,19.591312,19.491934,19.376402,19.285276,20.362772,20.841639,19.28501,19.15357,20.40329,20.26939,19.852762,19.740883,19.201738,18.907864,0.0,0.0,0.0,4.0,0.0,0.0,0.0,0.0
23925,2023.0,6.0,16.0,3.0,19.860931,19.913744,18.888351,18.78451,19.563736,19.462677,19.35004,19.257046,19.614723,19.335743,19.244976,19.112816,20.375265,20.239418,19.822723,19.709229,19.293509,19.168531,0.0,0.0,0.0,0.0,0.0,0.0,0.0,0.0
23926,2023.0,6.0,16.0,3.0,19.831335,19.877073,18.861326,18.750288,19.531118,19.423483,19.318539,19.219053,19.356716,19.00869,19.521791,19.66556,20.343494,20.202293,19.789112,19.670824,19.2932,19.181334,0.0,0.0,0.0,0.0,4.0,0.0,0.0,0.0
23927,2023.0,6.0,16.0,3.0,19.803553,19.844753,18.836235,18.720364,19.500828,19.389126,19.289211,19.18566,19.259514,18.908789,19.272888,19.143959,20.313204,20.16853,19.756832,19.635538,19.26154,19.146906,0.0,0.0,0.0,0.0,0.0,0.0,0.0,0.0
23928,2023.0,6.0,16.0,4.0,19.778255,19.818186,18.809189,18.686844,19.46871,19.35127,19.25813,19.148851,19.38872,19.246279,19.176632,19.028696,20.28139,20.132082,19.72306,19.597692,19.226791,19.108017,0.0,0.0,0.0,0.0,0.0,0.0,0.0,0.0
23929,2023.0,6.0,16.0,4.0,19.756237,19.798576,18.785078,18.659739,19.43963,19.31969,19.229996,19.118206,19.389666,19.253906,19.130507,18.980032,20.25208,20.100988,19.691458,19.564587,19.194063,19.07368,0.0,0.0,0.0,0.0,0.0,0.0,0.0,0.0
23930,2023.0,6.0,16.0,4.0,19.742292,19.793049,18.7649,18.640244,19.41462,19.295725,19.205736,19.09491,19.943722,20.319927,19.091503,18.94289,20.225477,20.074825,19.662254,19.535902,19.16419,19.044416,0.0,0.0,0.0,4.0,0.0,0.0,0.0,0.0
23931,2023.0,6.0,16.0,4.0,19.720636,19.770567,18.742432,18.616062,19.38733,19.266947,19.179205,19.06689,19.545351,19.447292,19.352293,19.46386,20.19739,20.045399,19.631561,19.504036,19.132965,19.011967,0.0,0.0,0.0,0.0,4.0,0.0,0.0,0.0
23932,2023.0,6.0,16.0,4.0,19.696339,19.743473,18.719381,18.590511,19.359385,19.23673,19.152039,19.037458,19.17662,18.810312,19.466137,19.622593,20.16906,20.015188,19.60054,19.471321,19.101664,18.978893,0.0,0.0,0.0,0.0,4.0,0.0,0.0,0.0
23933,2023.0,6.0,16.0,4.0,19.673607,19.719954,18.698662,18.56925,19.333784,19.211124,19.127264,19.012566,19.058556,18.690125,18.916128,18.536116,20.143118,19.989162,19.571753,19.442621,19.072945,18.950268,0.0,0.0,0.0,0.0,0.0,0.0,0.0,0.0
23934,2023.0,6.0,16.0,5.0,19.64931,19.693996,18.67694,18.546003,19.307127,19.183361,19.101505,18.985605,19.183283,19.018084,18.708641,18.29657,20.117254,19.962404,19.542902,19.413065,19.771221,20.289072,0.0,0.0,0.0,0.0,0.0,0.0,0.0,4.0
23935,2023.0,6.0,16.0,5.0,19.629454,19.677477,18.66018,18.533453,19.28553,19.165741,19.080704,18.968668,19.211529,19.07407,18.877033,18.718222,20.0967,19.94508,19.518734,19.39186,19.290342,19.224741,0.0,0.0,0.0,0.0,0.0,0.0,0.0,0.0
23936,2023.0,6.0,16.0,5.0,19.6115,19.663744,18.645683,18.524694,19.26627,19.151539,19.0622,18.9551,19.778656,20.158247,19.203491,19.315647,20.079597,19.931864,19.497671,19.374315,18.95247,18.654125,0.0,0.0,0.0,4.0,4.0,0.0,0.0,0.0
23937,2023.0,6.0,16.0,5.0,19.594067,19.650276,18.631958,18.516556,19.24757,19.137781,19.04425,18.941973,19.396439,19.307697,19.009617,18.889162,20.065023,19.921188,19.478876,19.35901,18.846457,18.542751,0.0,0.0,0.0,0.0,0.0,0.0,0.0,0.0
23938,2023.0,6.0,16.0,5.0,19.577263,19.63711,18.619265,18.5095,19.229753,19.125257,19.027046,18.929976,19.091272,18.785225,18.93286,18.796623,20.053349,19.913725,20.398046,21.108097,18.957193,18.82693,0.0,0.0,0.0,0.0,0.0,0.0,4.0,0.0
23939,2023.0,6.0,16.0,5.0,19.560568,19.624079,18.606844,18.502554,19.21224,19.11268,19.009815,18.91775,18.986952,18.670689,18.91352,18.781841,20.044134,19.908627,19.622877,19.413477,19.699121,20.22173,0.0,0.0,0.0,0.0,0.0,0.0,0.0,4.0
23940,2023.0,6.0,16.0,6.0,19.543634,19.610651,19.036179,19.322165,19.195097,19.100185,18.992802,18.905474,19.683907,20.05033,18.899326,18.772161,20.03743,19.906065,19.371809,19.083782,19.07479,18.857296,4.0,0.0,0.0,4.0,0.0,0.0,0.0,0.0
23941,2023.0,6.0,16.0,6.0,21.229364,22.602844,20.137371,21.196732,21.22228,22.723854,21.229197,22.896938,20.01055,20.51177,18.894804,18.776316,21.189898,21.921587,21.287596,22.427574,19.607832,19.9841,0.0,0.0,0.0,4.0,0.0,0.0,0.0,4.0
23942,2023.0,6.0,16.0,6.0,21.001335,21.991701,19.333487,19.46249,20.97854,22.005764,21.003471,22.206654,20.02146,20.419106,19.189724,19.333944,21.17444,21.763523,21.004866,21.774994,20.053854,20.597439,0.0,4.0,0.0,0.0,4.0,4.0,0.0,0.0
23943,2023.0,6.0,16.0,6.0,20.999985,21.873058,18.884443,18.841475,21.037985,22.020807,21.03612,22.125965,19.42803,19.203074,20.100073,20.822718,21.261818,21.852444,21.025568,21.731405,20.091415,20.545599,0.0,0.0,0.0,0.0,4.0,4.0,0.0,4.0
23944,2023.0,6.0,16.0,6.0,21.0295,21.896479,18.793863,18.734566,21.034706,21.910702,21.028223,22.01513,19.199213,18.963724,20.001497,20.525877,20.985895,21.293768,21.020311,21.659676,20.011908,20.38658,0.0,0.0,0.0,0.0,0.0,0.0,0.0,0.0
23945,2023.0,6.0,16.0,6.0,21.003826,21.765814,18.758085,18.707315,21.036291,21.84317,21.031136,21.955431,19.300955,19.22282,19.51794,19.513561,21.025288,21.334888,21.021667,21.61715,19.455536,19.279997,0.0,0.0,0.0,0.0,0.0,0.0,0.0,0.0
23946,2023.0,6.0,16.0,7.0,21.008478,21.74118,18.730831,18.688013,20.999483,21.718775,21.029654,21.906546,19.956568,20.435398,19.615013,19.823662,21.185513,21.58008,21.337627,22.147295,20.048817,20.589693,0.0,4.0,0.0,4.0,4.0,4.0,4.0,4.0
23947,2023.0,6.0,16.0,7.0,21.006384,21.716038,18.710012,18.675709,21.040476,21.786602,21.028362,21.87103,20.333294,20.91979,20.046991,20.503906,20.993141,21.204765,20.971045,21.418444,19.989092,20.307587,0.0,0.0,0.0,4.0,4.0,0.0,0.0,0.0
23948,2023.0,6.0,16.0,7.0,21.033772,21.776548,18.694187,18.668694,21.00491,21.669626,21.028017,21.845776,19.968887,20.184483,20.000027,20.345728,21.275543,21.711441,21.030336,21.51748,19.523567,19.384539,0.0,4.0,0.0,0.0,4.0,4.0,0.0,0.0
23949,2023.0,6.0,16.0,7.0,21.02468,21.742912,18.6812,18.664017,21.010456,21.667768,21.026836,21.825815,20.286684,20.746035,20.020658,20.354494,21.394403,21.847897,21.021353,21.484905,19.34234,19.201176,0.0,4.0,0.0,4.0,0.0,4.0,0.0,0.0
23950,2023.0,6.0,16.0,7.0,20.997732,21.656252,18.670816,18.662024,21.008923,21.65783,21.027233,21.813416,19.971098,20.115088,19.593159,19.492182,21.463675,21.932537,21.022139,21.473,19.37866,19.331734,0.0,4.0,0.0,0.0,0.0,4.0,0.0,0.0
23951,2023.0,6.0,16.0,7.0,21.002966,21.665327,18.661728,18.661098,21.008245,21.652521,21.026627,21.802666,19.700474,19.59851,19.757435,19.931475,21.533655,22.019566,21.496939,22.343071,19.384033,19.345049,0.0,4.0,0.0,0.0,4.0,4.0,4.0,0.0
23952,2023.0,6.0,16.0,8.0,21.002066,21.665594,18.654137,18.661324,21.007185,21.648043,21.000685,21.723623,20.27073,20.770058,20.03759,20.366146,20.98386,21.03091,20.956333,21.277163,20.310131,21.11628,0.0,4.0,4.0,4.0,0.0,0.0,0.0,4.0
23953,2023.0,6.0,16.0,8.0,20.967974,21.602947,18.64718,18.661282,20.841629,21.328863,20.309118,20.423376,19.96768,20.079437,19.700554,19.668673,20.744045,20.601265,20.507921,20.441864,19.942717,20.206757,0.0,4.0,0.0,0.0,0.0,0.0,0.0,0.0
23954,2023.0,6.0,16.0,8.0,20.381195,20.520466,19.101402,19.526709,20.784832,21.28337,19.874857,19.844692,19.754845,19.673056,19.578209,19.532583,20.66321,20.52768,20.289463,20.185251,19.638783,19.607891,4.0,4.0,0.0,0.0,0.0,0.0,0.0,0.0
23955,2023.0,6.0,16.0,8.0,20.836893,21.513407,20.112,21.212193,20.786932,21.304123,19.757116,19.731688,19.707365,19.62956,19.952873,20.238125,20.652454,20.531399,21.169447,21.904259,20.37291,21.046219,4.0,4.0,0.0,0.0,4.0,0.0,4.0,4.0
23956,2023.0,6.0,16.0,8.0,20.981585,21.668522,20.013525,20.887209,20.794437,21.331165,19.694067,19.710186,19.721937,19.672764,19.996895,20.222889,21.367954,21.902946,20.663094,20.686142,19.966087,20.14592,0.0,4.0,0.0,0.0,0.0,4.0,0.0,0.0
23957,2023.0,6.0,16.0,8.0,20.999813,21.704338,19.720007,20.204664,20.8068,21.362276,19.627474,19.654903,20.439516,21.02101,20.185352,20.521645,21.017738,21.036303,21.287636,22.053223,19.737684,19.710669,4.0,4.0,0.0,4.0,4.0,0.0,4.0,0.0
23958,2023.0,6.0,16.0,9.0,21.035881,21.76471,20.05423,20.805582,20.82392,21.397612,20.24451,20.868229,20.684942,21.299858,20.272463,20.6047,20.860205,20.780447,20.682777,20.74882,19.681368,19.647377,4.0,4.0,4.0,4.0,4.0,0.0,0.0,0.0
23959,2023.0,6.0,16.0,9.0,21.055967,21.790356,20.01778,20.709417,20.839916,21.427996,19.901976,20.056597,20.213156,20.307901,20.34742,20.678366,20.831377,20.75335,21.365229,22.196356,19.673315,19.646698,0.0,4.0,0.0,0.0,4.0,0.0,4.0,0.0
23960,2023.0,6.0,16.0,9.0,21.075327,21.818842,19.525461,19.73064,20.857447,21.459654,19.640865,19.73281,19.98662,19.9717,20.082253,20.11377,21.585075,22.190361,21.671484,22.50274,19.651154,19.60531,0.0,4.0,0.0,0.0,0.0,4.0,4.0,0.0
23961,2023.0,6.0,16.0,9.0,20.533005,20.798405,19.329636,19.466162,20.876314,21.492342,19.58655,19.686184,19.970148,19.94751,20.003275,19.97642,21.821651,22.4771,20.941504,21.042809,19.646547,19.595505,0.0,4.0,0.0,0.0,0.0,4.0,0.0,0.0
23962,2023.0,6.0,16.0,9.0,20.989925,21.783945,19.20432,19.285797,20.89691,21.526781,20.178812,20.83699,19.990265,19.973593,20.382298,20.67458,21.224104,21.246836,20.684326,20.647333,19.651207,19.597551,0.0,4.0,4.0,0.0,4.0,0.0,0.0,0.0
23963,2023.0,6.0,16.0,9.0,20.508448,20.801329,19.129688,19.203838,20.383532,20.563726,19.795225,20.002562,19.97103,19.914164,20.214449,20.26286,21.793333,22.372269,20.618542,20.579931,19.661016,19.605223,0.0,0.0,0.0,0.0,0.0,4.0,0.0,0.0
23964,2023.0,6.0,16.0,10.0,20.979387,21.803345,19.084608,19.163864,20.181244,20.302002,19.640429,19.794756,19.975777,19.911226,20.162973,20.163298,21.32648,21.35847,20.593311,20.561968,19.674694,19.617235,0.0,0.0,0.0,0.0,0.0,0.0,0.0,0.0
23965,2023.0,6.0,16.0,10.0,20.503431,20.81876,19.047216,19.130577,20.101795,20.23138,19.599836,19.764109,19.991442,19.922895,20.505943,20.775393,21.192083,21.145233,20.579863,20.552114,19.689133,19.628664,0.0,0.0,0.0,0.0,4.0,0.0,0.0,0.0
23966,2023.0,6.0,16.0,10.0,20.31911,20.584118,19.016048,19.103579,20.04814,20.191442,19.488382,19.580341,20.0099,19.93766,20.307413,20.306793,21.18495,21.138737,21.496422,22.289898,19.70448,19.6409,0.0,0.0,0.0,0.0,0.0,0.0,4.0,0.0
23967,2023.0,6.0,16.0,10.0,20.256943,20.531883,19.423876,19.894382,19.92939,20.007946,19.42464,19.504032,20.730024,21.273985,20.209238,20.123468,21.190166,21.147608,20.916574,20.993055,19.721312,19.65498,4.0,0.0,0.0,4.0,0.0,0.0,0.0,0.0
23968,2023.0,6.0,16.0,10.0,20.22449,20.52043,20.083614,21.002914,19.85605,19.925053,19.388584,19.470905,21.071781,21.73807,20.216623,20.123138,21.94868,22.573977,20.730148,20.71106,19.739311,19.67038,0.0,0.0,0.0,4.0,0.0,4.0,0.0,0.0
23969,2023.0,6.0,16.0,10.0,20.119207,20.355635,19.84066,20.392736,19.801851,19.874323,19.35513,19.441465,20.58357,20.672657,20.236973,20.13968,21.550089,21.59986,20.697186,20.680357,19.759214,19.688015,4.0,0.0,0.0,0.0,0.0,0.0,0.0,0.0
23970,2023.0,6.0,16.0,11.0,20.061625,20.291025,20.05753,20.797583,19.761768,19.83618,19.32968,19.418785,20.44831,20.456045,20.263828,20.164593,21.406511,21.368067,20.691233,20.678627,19.779438,19.706928,0.0,0.0,0.0,0.0,0.0,0.0,0.0,0.0
23971,2023.0,6.0,16.0,11.0,20.01095,20.234766,19.646933,19.961018,19.724052,19.80372,19.305523,19.399073,20.4452,20.4536,20.291836,20.189466,21.393518,21.362623,20.617796,20.535446,19.799732,19.724493,0.0,0.0,0.0,0.0,0.0,0.0,0.0,0.0
23972,2023.0,6.0,16.0,11.0,19.976252,20.201118,19.50814,19.779217,20.363375,21.036541,19.28637,19.383314,20.459846,20.470606,20.321081,20.216316,21.397663,21.370104,20.59707,20.50972,19.819475,19.74224,0.0,4.0,0.0,0.0,0.0,0.0,0.0,0.0
23973,2023.0,6.0,16.0,11.0,19.946484,20.17359,19.339958,19.491484,19.97255,20.170778,19.939434,20.629726,20.384354,20.301382,20.351017,20.244165,21.343395,21.255215,20.591803,20.503304,19.83968,19.760696,0.0,0.0,4.0,0.0,0.0,0.0,0.0,0.0
23974,2023.0,6.0,16.0,11.0,19.920382,20.149643,19.664747,20.153477,19.893787,20.111477,19.561298,19.771803,20.366692,20.271832,20.381319,20.272715,21.329597,21.229979,21.557926,22.330614,19.86052,19.780128,4.0,0.0,0.0,0.0,0.0,0.0,4.0,0.0
23975,2023.0,6.0,16.0,11.0,19.895786,20.126041,20.058434,20.815828,19.893667,20.133877,19.519848,19.780836,20.375273,20.279541,20.414206,20.306356,21.332859,21.232784,21.955107,22.86722,19.88323,19.802841,0.0,0.0,0.0,0.0,0.0,0.0,4.0,0.0
23976,2023.0,6.0,16.0,12.0,20.54094,21.36105,19.945335,20.495855,20.38034,21.051018,19.523924,19.78782,20.386711,20.289879,20.446877,20.336346,21.338507,21.23819,22.117176,23.0091,19.90578,19.823915,4.0,4.0,0.0,0.0,0.0,0.0,4.0,0.0
23977,2023.0,6.0,16.0,12.0,21.066599,22.19116,20.026093,20.660482,21.066584,22.162289,21.219357,22.761566,20.40043,20.30264,20.477972,20.366291,21.34619,21.245064,21.36596,21.487768,19.926691,19.844177,0.0,4.0,0.0,0.0,0.0,0.0,0.0,0.0
23978,2023.0,6.0,16.0,12.0,21.010693,21.972893,19.74217,20.096016,20.991114,21.905254,21.002394,22.160652,20.417177,20.318571,20.512115,20.399057,22.145046,22.750385,21.053223,21.066263,19.950985,19.86765,0.0,4.0,0.0,0.0,0.0,4.0,0.0,0.0
23979,2023.0,6.0,16.0,12.0,21.059904,21.966358,19.961908,20.595442,21.026236,21.9282,21.005304,22.038242,20.435247,20.3358,20.54573,20.431732,21.802507,21.874453,21.011398,21.019087,19.97612,19.892366,4.0,0.0,4.0,0.0,0.0,0.0,0.0,0.0
23980,2023.0,6.0,16.0,12.0,21.036993,21.901806,20.021547,20.631762,21.001648,21.793642,21.05668,22.096315,20.456078,20.357426,20.581755,20.469236,21.625551,21.62121,21.001375,21.010843,20.002293,19.918898,0.0,4.0,0.0,0.0,0.0,0.0,0.0,0.0
23981,2023.0,6.0,16.0,12.0,21.16135,22.08504,20.131075,20.809147,21.006947,21.783754,21.051413,22.0197,20.476763,20.377974,20.61508,20.501974,21.628332,21.626846,21.001518,21.014269,20.02733,19.94376,4.0,4.0,0.0,0.0,0.0,0.0,0.0,0.0
23982,2023.0,6.0,16.0,13.0,21.02972,21.80132,20.016092,20.561647,21.037838,21.81921,21.048231,21.977064,20.49819,20.399462,20.648186,20.534754,21.534983,21.429161,21.006706,21.015865,20.05218,19.968573,0.0,4.0,0.0,0.0,0.0,0.0,0.0,0.0
23983,2023.0,6.0,16.0,13.0,21.196497,22.110886,20.146675,20.812866,21.067236,21.848713,20.996656,21.827639,20.517982,20.417757,21.022472,21.209435,22.302397,22.896702,21.002234,20.999552,20.075571,19.991087,4.0,4.0,4.0,0.0,4.0,4.0,0.0,0.0
23984,2023.0,6.0,16.0,13.0,21.28109,22.202272,19.98586,20.502756,21.098059,21.882069,21.026892,21.894962,20.539612,20.43987,20.906029,20.84788,21.962965,22.038641,21.002478,20.992832,20.09969,20.01553,0.0,4.0,0.0,0.0,0.0,0.0,0.0,0.0
23985,2023.0,6.0,16.0,13.0,20.969606,21.6486,20.18682,20.87476,21.004711,21.722214,20.993431,21.791803,20.5619,20.463606,20.812906,20.699085,21.788454,21.794128,21.002161,20.985472,20.123264,20.04013,4.0,0.0,4.0,0.0,0.0,0.0,0.0,0.0
23986,2023.0,6.0,16.0,13.0,21.235981,22.152515,19.983368,20.478067,21.11694,21.902164,21.000908,21.799126,21.26782,21.779932,20.823603,20.708075,21.782778,21.789347,21.002325,20.980068,20.144096,20.060411,0.0,4.0,4.0,4.0,0.0,0.0,0.0,0.0
23987,2023.0,6.0,16.0,13.0,21.346813,22.270454,20.191639,20.86761,21.001106,21.68585,21.015347,21.817116,20.950438,20.938766,20.843102,20.727654,21.789629,21.79921,21.001818,20.973911,20.164968,20.082174,4.0,0.0,4.0,0.0,0.0,0.0,0.0,0.0
23988,2023.0,6.0,16.0,14.0,21.387783,22.311504,19.987576,20.46992,21.146877,21.934998,21.021994,21.84438,21.522787,22.122528,20.864445,20.750628,21.697252,21.60822,21.001862,20.969809,20.185408,20.104113,0.0,4.0,0.0,4.0,0.0,0.0,0.0,0.0
23989,2023.0,6.0,16.0,14.0,21.423122,22.3468,19.852318,20.225409,21.214006,22.010069,21.052765,21.859648,21.233025,21.345892,20.88492,20.772278,21.660376,21.557936,20.944878,20.855476,20.204227,20.123894,0.0,4.0,4.0,0.0,0.0,0.0,0.0,0.0
23990,2023.0,6.0,16.0,14.0,21.453388,22.377604,20.016346,20.541662,20.71365,21.052433,21.075686,21.884287,21.118082,21.171968,20.901958,20.791029,21.656923,21.555338,20.931175,20.842455,20.220047,20.14116,4.0,0.0,4.0,0.0,0.0,0.0,0.0,0.0
23991,2023.0,6.0,16.0,14.0,21.482336,22.40711,20.079302,20.624538,21.149994,21.978611,20.562809,20.911703,21.108025,21.16251,20.918684,20.809639,21.656326,21.556755,20.927849,20.841145,20.235281,20.158089,4.0,4.0,0.0,0.0,0.0,0.0,0.0,0.0
23992,2023.0,6.0,16.0,14.0,20.963484,21.414225,20.253502,20.947681,20.719028,21.087763,20.9539,21.754118,21.109663,21.167568,20.933987,20.82738,22.370422,22.915386,20.925365,20.840773,20.249159,20.17372,4.0,0.0,4.0,0.0,0.0,4.0,0.0,0.0
23993,2023.0,6.0,16.0,14.0,20.779453,21.177792,19.981686,20.450535,20.533047,20.83652,20.52707,20.884537,20.974419,20.894678,20.94878,20.84553,22.009253,22.101446,20.923609,20.841381,20.262083,20.189075,0.0,0.0,0.0,0.0,0.0,0.0,0.0,0.0
23994,2023.0,6.0,16.0,15.0,21.300032,22.225204,20.243673,20.941954,21.043741,21.857468,20.86941,21.677933,20.918549,20.831142,20.963001,20.86305,21.873096,21.914076,20.921293,20.841663,20.274172,20.203493,4.0,4.0,4.0,0.0,0.0,0.0,0.0,0.0
23995,2023.0,6.0,16.0,15.0,21.42595,22.362236,19.992785,20.4722,21.166132,21.984165,20.470032,20.847754,20.907095,20.821245,20.973434,20.876493,22.586136,23.265896,20.918985,20.841616,20.283058,20.214386,0.0,4.0,0.0,0.0,0.0,4.0,0.0,0.0
23996,2023.0,6.0,16.0,15.0,21.483541,22.416668,20.245413,20.94095,20.698603,21.06243,20.81237,21.618011,20.898745,20.815681,20.983513,20.889826,22.183163,22.304462,20.916565,20.841684,20.291656,20.225227,4.0,0.0,4.0,0.0,0.0,0.0,0.0,0.0
23997,2023.0,6.0,16.0,15.0,21.525679,22.457434,19.990816,20.462784,20.538538,20.850563,20.425371,20.801523,20.894007,20.814009,21.356672,21.58729,22.753565,23.439505,20.914684,20.842482,20.298294,20.234404,0.0,0.0,0.0,0.0,4.0,4.0,0.0,0.0
23998,2023.0,6.0,16.0,15.0,21.56547,22.49537,19.898638,20.291151,21.044752,21.854519,20.22835,20.55796,20.889595,20.813135,21.205221,21.185766,22.312122,22.435364,20.911873,20.842535,20.304493,20.24321,0.0,4.0,0.0,0.0,0.0,0.0,0.0,0.0
23999,2023.0,6.0,16.0,15.0,21.058702,21.520775,19.693405,19.901567,21.18195,22.005257,20.735329,21.533676,20.8865,20.813704,21.106792,21.029459,22.147884,22.19619,21.858696,22.639153,20.308775,20.250343,0.0,4.0,4.0,0.0,0.0,0.0,4.0,0.0
24000,2023.0,6.0,16.0,16.0,21.46548,22.384157,19.58792,19.74914,21.235928,22.055485,20.387878,20.778091,21.55349,22.078106,21.08923,21.011412,22.108849,22.158615,21.385628,21.551147,20.312479,20.257175,0.0,4.0,0.0,4.0,0.0,0.0,0.0,0.0
24001,2023.0,6.0,16.0,16.0,21.049927,21.525976,19.544346,19.700586,21.281378,22.096987,20.243195,20.572298,21.166838,21.206633,21.078667,21.003887,22.78175,23.457197,22.182884,23.107573,20.314878,20.262093,0.0,4.0,0.0,0.0,0.0,4.0,4.0,0.0
24002,2023.0,6.0,16.0,16.0,20.879808,21.2973,19.932064,20.45158,20.813244,21.189247,20.201368,20.527382,21.118587,21.187128,21.069473,20.998335,22.959822,23.681238,21.566374,21.755695,20.31596,20.265854,4.0,0.0,0.0,0.0,0.0,4.0,0.0,0.0
24003,2023.0,6.0,16.0,16.0,20.818691,21.231833,20.00679,20.534983,21.22728,22.05687,20.60493,21.288,21.14718,21.2439,21.060196,20.993078,22.363983,22.494871,21.34451,21.423855,20.315668,20.268456,0.0,4.0,4.0,0.0,0.0,0.0,0.0,0.0
24004,2023.0,6.0,16.0,16.0,20.768858,21.181267,19.712885,19.928368,20.843327,21.19726,20.904285,21.73245,21.148743,21.250036,21.050247,20.98744,22.142733,22.20233,21.293848,21.372135,20.315088,20.270948,0.0,0.0,4.0,0.0,0.0,0.0,0.0,0.0
24005,2023.0,6.0,16.0,16.0,20.613255,20.901663,20.009745,20.532976,21.255568,22.065922,20.985357,21.814024,21.008959,20.97763,21.040754,20.982565,22.09946,22.158018,22.222862,23.146753,20.31363,20.272816,4.0,4.0,4.0,0.0,0.0,0.0,4.0,0.0
24006,2023.0,6.0,16.0,17.0,21.203182,22.061634,20.277922,20.980238,20.858831,21.234936,20.52324,20.905024,20.948513,20.899982,21.030205,20.976948,22.070013,22.132086,21.60886,21.802023,20.311562,20.27435,4.0,0.0,0.0,0.0,0.0,0.0,0.0,0.0
24007,2023.0,6.0,16.0,17.0,20.886517,21.350206,20.001822,20.466047,21.249405,22.053999,20.350689,20.665676,20.923595,20.877495,21.017675,20.96829,22.68183,23.308605,21.381557,21.464941,21.144957,21.855593,0.0,4.0,0.0,0.0,0.0,4.0,0.0,4.0
24008,2023.0,6.0,16.0,17.0,21.28319,22.200832,19.902426,20.275772,21.400743,22.194075,20.282087,20.589785,20.898943,20.855852,21.00212,20.956625,22.956429,23.680672,21.319221,21.399147,20.833595,21.018023,0.0,4.0,0.0,0.0,0.0,4.0,0.0,0.0
24009,2023.0,6.0,16.0,17.0,21.431322,22.360289,20.227549,20.89062,21.424782,22.209137,20.242155,20.54506,20.878397,20.838667,20.986095,20.944698,22.364716,22.51111,21.282785,21.362545,21.538116,22.406897,4.0,4.0,0.0,0.0,0.0,0.0,0.0,4.0
24010,2023.0,6.0,16.0,17.0,20.950117,21.394997,20.355608,21.049793,21.449114,22.227415,20.071419,20.231169,20.858622,20.82263,20.968447,20.931349,22.871984,23.55703,21.146255,21.12011,20.971495,21.185349,4.0,4.0,0.0,0.0,0.0,4.0,0.0,0.0
24011,2023.0,6.0,16.0,17.0,20.792803,21.179073,20.067495,20.466219,20.968023,21.306713,19.980667,20.106743,20.839449,20.80742,20.949787,20.917402,23.005228,23.727268,22.023869,22.82655,20.763874,20.881285,0.0,0.0,0.0,0.0,0.0,4.0,4.0,0.0
24012,2023.0,6.0,16.0,18.0,20.73773,21.116625,20.314222,20.964417,21.364218,22.148556,19.93402,20.054756,20.819506,20.791332,20.929739,20.901804,22.383617,22.51688,22.375776,23.32296,20.711664,20.825964,4.0,4.0,0.0,0.0,0.0,0.0,4.0,0.0
24013,2023.0,6.0,16.0,18.0,21.04267,21.678555,20.417131,21.089062,20.983456,21.444101,21.112297,22.150253,20.798153,20.773268,20.907948,20.884262,22.880047,23.55102,21.62903,21.811256,20.672691,20.78628,4.0,0.0,4.0,0.0,0.0,4.0,0.0,0.0
24014,2023.0,6.0,16.0,18.0,21.005428,21.583944,20.096302,20.445105,21.310295,22.065836,21.005325,21.852823,20.773687,20.75155,20.88223,20.861599,23.06126,23.770576,21.301378,21.378838,20.514574,20.504988,0.0,4.0,0.0,0.0,0.0,4.0,0.0,0.0
24015,2023.0,6.0,16.0,18.0,21.317762,22.140133,19.96193,20.280813,21.42666,22.17349,21.03445,21.81003,20.750217,20.73224,20.856411,20.840147,22.426395,22.549244,21.232061,21.30629,20.440174,20.425825,0.0,4.0,4.0,0.0,0.0,0.0,0.0,0.0
24016,2023.0,6.0,16.0,18.0,21.476175,22.362093,19.922834,20.22952,20.973001,21.37671,21.067812,21.83109,20.728163,20.713633,20.831053,20.818504,22.924963,23.604013,21.18902,21.261438,20.405321,20.39305,0.0,0.0,4.0,0.0,0.0,4.0,0.0,0.0
24017,2023.0,6.0,16.0,18.0,20.985016,21.469389,20.13597,20.626759,21.296192,22.003857,21.100977,21.854757,20.70396,20.692972,21.166878,21.476307,22.436583,22.568584,22.107628,23.028791,20.372797,20.36471,4.0,4.0,4.0,0.0,4.0,0.0,4.0,0.0
24018,2023.0,6.0,16.0,19.0,21.390106,22.248564,20.252165,20.768717,20.972628,21.373293,21.128775,21.87385,21.36276,21.961845,20.985128,21.050488,22.149803,22.193464,22.39786,23.30188,20.341854,20.337027,4.0,0.0,4.0,4.0,0.0,0.0,4.0,0.0
24019,2023.0,6.0,16.0,19.0,21.548471,22.404444,20.38058,20.986416,21.297897,21.99927,21.146114,21.876438,21.03493,21.153797,20.8188,20.821825,22.048628,22.080282,22.462576,23.34911,20.310762,20.307022,4.0,4.0,4.0,0.0,0.0,0.0,4.0,0.0
24020,2023.0,6.0,16.0,19.0,20.965376,21.379759,20.066998,20.35969,21.378508,22.079481,21.000864,21.625578,20.904968,20.98114,20.766844,20.762396,21.976973,22.000895,22.505733,23.376148,20.282291,20.278358,0.0,4.0,0.0,0.0,0.0,0.0,4.0,0.0
24021,2023.0,6.0,16.0,19.0,21.017754,21.503187,19.909206,20.155186,20.976162,21.366463,21.115566,21.810831,20.846748,20.918716,20.723711,20.720278,21.871283,21.856152,21.742659,21.892756,21.104158,21.860548,0.0,0.0,4.0,0.0,0.0,0.0,0.0,4.0
24022,2023.0,6.0,16.0,19.0,21.383888,22.185978,19.848547,20.075241,21.263855,21.916729,21.157389,21.84417,21.470882,22.126667,20.681837,20.67854,22.555693,23.218431,21.365852,21.405218,20.726387,20.898485,0.0,4.0,4.0,4.0,0.0,4.0,0.0,0.0
24023,2023.0,6.0,16.0,19.0,20.968025,21.411411,19.712158,19.826923,21.346176,22.007103,21.16682,21.839632,21.036945,21.187368,20.644533,20.64068,22.670519,23.32226,21.249641,21.267769,20.5145,20.578716,0.0,4.0,4.0,0.0,0.0,4.0,0.0,0.0
24024,2023.0,6.0,16.0,20.0,21.349068,22.13163,19.624847,19.712608,20.968958,21.338844,20.998955,21.555183,20.775236,20.830053,20.604322,20.60042,22.070889,22.156424,21.161564,21.17265,20.42752,20.47695,0.0,0.0,0.0,0.0,0.0,0.0,0.0,0.0
24025,2023.0,6.0,16.0,20.0,21.4864,22.261728,19.57886,19.656803,21.241556,21.858147,21.01951,21.59382,20.69376,20.726086,20.941998,21.27004,22.518267,23.153337,21.085215,21.087875,20.364882,20.401733,0.0,4.0,0.0,0.0,4.0,4.0,0.0,0.0
24026,2023.0,6.0,16.0,20.0,21.5155,22.27257,19.974108,20.422695,21.332502,21.944052,21.110552,21.730717,20.613272,20.609602,20.756351,20.834549,22.023228,22.080393,21.004057,20.98792,20.281181,20.279606,4.0,4.0,4.0,0.0,0.0,0.0,0.0,0.0
24027,2023.0,6.0,16.0,20.0,20.96029,21.302086,20.001455,20.417969,20.971045,21.31364,21.004797,21.545118,20.56134,20.54975,20.60293,20.601326,21.793726,21.740944,21.005838,21.03539,20.228317,20.2196,0.0,0.0,0.0,0.0,0.0,0.0,0.0,0.0
24028,2023.0,6.0,16.0,20.0,21.34071,22.05006,20.105925,20.559135,21.019049,21.424366,21.019676,21.568419,20.517763,20.507076,20.52764,20.518684,22.36965,22.92528,21.919247,22.802824,20.184252,20.17565,4.0,0.0,0.0,0.0,0.0,4.0,4.0,0.0
24029,2023.0,6.0,16.0,20.0,20.97596,21.339365,20.157566,20.602272,21.013494,21.417126,21.018288,21.557154,20.475735,20.46336,20.471243,20.459198,22.531614,23.08372,21.326431,21.383965,21.054884,21.863935,4.0,0.0,0.0,0.0,0.0,4.0,0.0,4.0
24030,2023.0,6.0,16.0,21.0,21.018702,21.44357,19.991762,20.302742,21.014671,21.418617,21.016603,21.54873,20.435246,20.421444,20.79701,21.112896,22.534317,23.067066,21.92567,22.746168,20.542095,20.60103,0.0,0.0,0.0,0.0,4.0,4.0,4.0,0.0
24031,2023.0,6.0,16.0,21.0,21.297157,21.954996,20.105986,20.498676,21.23931,21.822706,21.01691,21.543636,21.075691,21.660929,20.926315,21.25807,22.534994,23.05093,21.301403,21.328936,21.059887,21.783026,4.0,4.0,0.0,4.0,4.0,4.0,0.0,4.0
24032,2023.0,6.0,16.0,21.0,21.405054,22.066586,19.99549,20.286016,20.97992,21.323011,21.016645,21.53743,20.668892,20.67946,20.556917,20.544878,21.909164,21.859566,20.99669,21.000261,20.524858,20.543747,0.0,0.0,0.0,0.0,0.0,0.0,0.0,0.0
24033,2023.0,6.0,16.0,21.0,20.964548,21.290283,19.73124,19.77984,21.020933,21.410809,21.016893,21.532679,20.395794,20.330688,20.341928,20.263058,22.329454,22.84563,21.009974,21.07113,21.011179,21.66729,0.0,0.0,0.0,0.0,0.0,4.0,0.0,4.0
24034,2023.0,6.0,16.0,21.0,21.020004,21.421814,19.594528,19.615509,21.015858,21.400486,21.016846,21.527697,20.989746,21.515932,20.587559,20.78848,21.801956,21.713781,21.00886,21.097239,20.481972,20.454205,0.0,0.0,0.0,4.0,4.0,0.0,0.0,0.0
24035,2023.0,6.0,16.0,21.0,21.02478,21.438305,19.532274,19.537834,21.026138,21.425913,21.034758,21.557364,21.16327,21.634062,20.668802,20.862999,21.50277,21.339874,21.011332,21.127663,20.182674,20.094244,0.0,0.0,0.0,4.0,4.0,0.0,0.0,0.0
24036,2023.0,6.0,16.0,22.0,21.00807,21.4155,19.923183,20.302757,21.011715,21.399736,21.014643,21.512825,21.19481,21.647295,20.34139,20.248617,21.396986,21.228699,21.006573,21.132977,20.950455,21.624409,4.0,0.0,0.0,4.0,0.0,0.0,0.0,4.0
24037,2023.0,6.0,16.0,22.0,21.010796,21.427113,20.00537,20.367397,21.014044,21.406647,21.017412,21.514961,20.621428,20.536295,20.147865,20.006851,21.303942,21.125328,21.007847,21.148361,20.413618,20.357332,0.0,0.0,0.0,0.0,0.0,0.0,0.0,0.0
24038,2023.0,6.0,16.0,22.0,21.01012,21.430653,19.696016,19.74757,21.014044,21.40786,21.017208,21.511343,20.34079,20.195728,20.15796,20.104149,21.348677,21.287153,21.008476,21.159426,20.09461,19.975908,0.0,0.0,0.0,0.0,0.0,0.0,0.0,0.0
24039,2023.0,6.0,16.0,22.0,21.020557,21.45455,19.514061,19.496725,21.02828,21.43606,21.035358,21.543472,20.232872,20.072975,20.131897,20.069412,21.318794,21.245396,21.0154,21.181444,19.990736,19.859827,0.0,0.0,0.0,0.0,0.0,0.0,0.0,0.0
24040,2023.0,6.0,16.0,22.0,21.009604,21.434141,19.459509,19.440786,21.012293,21.40363,21.015165,21.500177,20.264511,20.20687,20.38198,20.572289,21.27058,21.193802,21.007645,21.171278,20.774208,21.404835,0.0,0.0,0.0,0.0,4.0,0.0,0.0,4.0
24041,2023.0,6.0,16.0,22.0,21.011667,21.440117,19.412859,19.385763,21.014822,21.408916,21.017958,21.503452,20.242535,20.178055,20.211603,20.175476,21.222109,21.13961,21.009144,21.179783,20.255516,20.145195,0.0,0.0,0.0,0.0,0.0,0.0,0.0,0.0
24042,2023.0,6.0,16.0,23.0,21.011656,21.441324,19.37203,19.337261,21.014837,21.408743,21.017628,21.500345,20.801964,21.269545,20.068737,19.994041,21.1767,21.088818,21.009295,21.18497,19.944712,19.778719,0.0,0.0,0.0,4.0,0.0,0.0,0.0,0.0
24043,2023.0,6.0,16.0,23.0,21.31021,21.9865,19.338284,19.29984,20.625137,20.659044,20.547064,20.593365,20.88712,21.215662,20.012503,19.933065,21.81509,22.330818,21.701063,22.480534,19.851608,19.680294,0.0,0.0,0.0,4.0,0.0,4.0,4.0,0.0
24044,2023.0,6.0,16.0,23.0,20.679472,20.716013,19.312185,19.270266,20.441896,20.401258,20.333162,20.297817,20.344069,20.178701,20.256922,20.420229,21.198645,21.027788,20.8797,20.761806,20.610838,21.166817,0.0,0.0,0.0,0.0,4.0,0.0,0.0,4.0
24045,2023.0,6.0,16.0,23.0,20.413618,20.341488,19.286463,19.24093,20.350962,20.297684,20.22764,20.179878,20.13643,19.915354,20.063131,20.012224,20.977259,20.722857,20.589417,20.376307,20.033716,19.899258,0.0,0.0,0.0,0.0,0.0,0.0,0.0,0.0
24046,2023.0,6.0,16.0,23.0,20.301561,20.210356,19.259384,19.207703,20.277723,20.214617,20.142662,20.084372,20.042362,19.811409,19.951193,19.858223,20.898344,20.634636,20.47942,20.25628,19.821724,19.626038,0.0,0.0,0.0,0.0,0.0,0.0,0.0,0.0
24047,2023.0,6.0,16.0,23.0,20.407871,20.497793,19.236708,19.182821,20.221878,20.158346,20.078678,20.0205,20.126501,20.0514,19.907806,19.813055,20.99369,20.88547,20.54846,20.476748,19.74567,19.543041,0.0,0.0,0.0,0.0,0.0,0.0,0.0,0.0
24048,2023.0,6.0,17.0,0.0,20.39123,20.488985,19.214611,19.158669,20.171778,20.108095,20.0218,19.963957,20.100267,20.013084,19.867779,19.771803,21.669197,22.175056,20.511257,20.427391,19.801443,19.715256,0.0,0.0,0.0,0.0,0.0,4.0,0.0,0.0
24049,2023.0,6.0,17.0,0.0,20.355087,20.451023,19.191528,19.132174,20.123451,20.057049,19.967224,19.906927,20.06144,19.971838,19.82833,19.729227,21.018211,20.797966,20.465872,20.37906,19.793228,19.715063,0.0,0.0,0.0,0.0,0.0,0.0,0.0,0.0
24050,2023.0,6.0,17.0,0.0,20.315762,20.405787,19.16582,19.100159,20.074034,20.000372,19.911732,19.844006,20.021788,19.926838,19.786743,19.681255,20.800209,20.505165,20.420776,20.328968,19.761147,19.679218,0.0,0.0,0.0,0.0,0.0,0.0,0.0,0.0
24051,2023.0,6.0,17.0,0.0,20.28009,20.367056,19.142828,19.073437,20.031448,19.954872,19.864326,19.793957,19.984917,19.887066,19.749155,19.640402,20.723045,20.419916,20.379427,20.285065,19.729265,19.644617,0.0,0.0,0.0,0.0,0.0,0.0,0.0,0.0
24052,2023.0,6.0,17.0,0.0,20.246078,20.330542,19.121016,19.048977,19.99233,19.914312,19.821228,19.74975,19.949564,19.849567,19.713268,19.602308,20.8399,20.716152,20.340113,20.24379,19.697788,19.610975,0.0,0.0,0.0,0.0,0.0,0.0,0.0,0.0
24053,2023.0,6.0,17.0,0.0,20.214033,20.297031,19.099575,19.0252,19.955503,19.876623,19.781036,19.708998,19.915686,19.814384,19.678679,19.566303,20.836304,20.716442,20.302902,20.205536,20.39626,20.951427,0.0,0.0,0.0,0.0,0.0,0.0,0.0,4.0
24054,2023.0,6.0,17.0,1.0,20.180704,20.259995,19.076448,18.998022,19.917646,19.835346,19.740166,19.66473,19.880474,19.77603,19.938086,20.079287,20.808899,20.687166,20.264864,20.164656,19.905373,19.869156,0.0,0.0,0.0,0.0,4.0,0.0,0.0,0.0
24055,2023.0,6.0,17.0,1.0,20.146656,20.220682,19.051868,18.967808,19.879448,19.792059,19.699516,19.618914,19.844358,19.73549,19.717667,19.613337,20.777319,20.65125,20.226408,20.122164,19.578377,19.325153,0.0,0.0,0.0,0.0,0.0,0.0,0.0,0.0
24056,2023.0,6.0,17.0,1.0,20.114616,20.18487,19.028288,18.939672,19.843775,19.752962,19.661886,19.577887,20.391209,20.790516,19.626623,19.502697,20.745838,20.616627,20.189695,20.0828,20.170563,20.522978,0.0,0.0,0.0,4.0,0.0,0.0,0.0,4.0
24057,2023.0,6.0,17.0,1.0,20.082233,20.14773,19.003708,18.909758,19.80782,19.712557,19.624174,19.53573,19.998753,19.932243,19.876217,20.00461,20.713366,20.580296,20.152517,20.042223,19.626143,19.37605,0.0,0.0,0.0,0.0,4.0,0.0,0.0,0.0
24058,2023.0,6.0,17.0,1.0,20.049433,20.10911,18.978146,18.878027,19.771498,19.670794,19.586369,19.492432,19.846172,19.726229,19.647533,19.528893,20.679747,20.542128,20.114767,20.000338,19.434845,19.1465,0.0,0.0,0.0,0.0,0.0,0.0,0.0,0.0
24059,2023.0,6.0,17.0,1.0,20.016151,20.069319,18.951008,18.84329,19.73426,19.626728,19.54774,19.44694,19.789722,19.663322,19.547523,19.40641,20.645222,20.502441,20.07662,19.957602,19.346464,19.048195,0.0,0.0,0.0,0.0,0.0,0.0,0.0,0.0
24060,2023.0,6.0,17.0,2.0,19.98449,20.032719,18.925447,18.812147,19.699533,19.587364,19.511663,19.406355,19.740849,19.61069,19.497206,19.35181,20.611595,20.464878,20.039534,19.917051,19.460367,19.345512,0.0,0.0,0.0,0.0,0.0,0.0,0.0,0.0
24061,2023.0,6.0,17.0,2.0,19.953209,19.996893,18.900553,18.782797,19.666147,19.550406,19.476967,19.368313,19.696383,19.563059,19.77084,19.904388,20.578074,20.427782,20.002695,19.87707,19.447863,19.329676,0.0,0.0,0.0,0.0,4.0,0.0,0.0,0.0
24062,2023.0,6.0,17.0,2.0,19.921932,19.96107,18.874817,18.75195,19.63252,19.512606,19.442179,19.329533,19.653294,19.51657,19.515337,19.375883,20.544237,20.390259,19.965797,19.836979,19.416004,19.294794,0.0,0.0,0.0,0.0,0.0,0.0,0.0,0.0
24063,2023.0,6.0,17.0,2.0,19.887947,19.920107,18.845562,18.714474,19.595583,19.468306,19.404228,19.284277,19.608425,19.465742,19.41221,19.252048,20.508005,20.348347,19.926737,19.792927,19.379425,19.253187,0.0,0.0,0.0,0.0,0.0,0.0,0.0,0.0
24064,2023.0,6.0,17.0,2.0,19.856361,19.883852,18.819519,18.683762,19.56238,19.431253,19.370228,19.246555,19.566893,19.420885,19.680805,19.799297,20.473598,20.310274,19.88936,19.752321,19.343472,19.213968,0.0,0.0,0.0,0.0,4.0,0.0,0.0,0.0
24065,2023.0,6.0,17.0,2.0,19.82449,19.847273,18.79244,18.651388,19.528599,19.393078,19.335752,19.207792,19.525562,19.376045,19.419874,19.263802,20.438854,20.271748,19.851742,19.711432,19.307,19.174177,0.0,0.0,0.0,0.0,0.0,0.0,0.0,0.0
24066,2023.0,6.0,17.0,3.0,19.792322,19.810421,18.764866,18.618448,19.494577,19.354647,19.301203,19.1689,19.484373,19.331457,19.317598,19.146528,20.403856,20.23307,19.813873,19.670433,20.005087,20.518436,0.0,0.0,0.0,0.0,0.0,0.0,0.0,4.0
24067,2023.0,6.0,17.0,3.0,19.762112,19.777637,18.739254,18.589922,19.46267,19.32046,19.268923,19.13431,19.445044,19.290405,19.264086,19.09117,20.370562,20.197983,19.777437,19.632486,19.502018,19.416262,0.0,0.0,0.0,0.0,0.0,0.0,0.0,0.0
24068,2023.0,6.0,17.0,3.0,19.73134,19.743261,18.713268,18.560465,19.43043,19.284983,19.236507,19.098564,19.405596,19.248106,19.211948,19.035334,20.337017,20.161747,19.740622,19.593204,19.10829,18.74479,0.0,0.0,0.0,0.0,0.0,0.0,0.0,0.0
24069,2023.0,6.0,17.0,3.0,19.70329,19.714144,18.689617,18.53577,19.401073,19.255035,19.207,19.068441,19.960167,20.322613,19.16668,18.990095,20.305996,20.130163,19.706234,19.558455,18.985788,18.619602,0.0,0.0,0.0,4.0,0.0,0.0,0.0,0.0
24070,2023.0,6.0,17.0,3.0,19.674355,19.682983,18.664843,18.508905,19.370674,19.222887,19.17627,19.036032,19.54594,19.421747,19.12171,18.94361,20.274464,20.097176,19.671253,19.522236,19.110174,18.951193,0.0,0.0,0.0,0.0,0.0,0.0,0.0,0.0
24071,2023.0,6.0,17.0,3.0,19.645834,19.652353,18.6402,18.482422,20.018576,20.466007,19.14571,19.004152,19.40469,19.244946,19.078732,18.899529,20.24358,20.065113,19.636839,19.486872,19.117556,18.972948,0.0,4.0,0.0,0.0,0.0,0.0,0.0,0.0
24072,2023.0,6.0,17.0,4.0,19.614918,19.617077,18.612576,18.450186,20.1922,20.65394,19.112225,18.966412,19.34779,19.183102,19.033703,18.85009,20.211266,20.029673,19.601068,19.448265,19.087145,18.940924,0.0,4.0,0.0,0.0,0.0,0.0,0.0,0.0
24073,2023.0,6.0,17.0,4.0,19.60553,19.625055,18.591934,18.432146,19.413565,19.104734,19.086077,18.943268,19.30458,19.143354,18.997656,18.8175,20.184816,20.005232,19.571165,19.420437,19.05802,18.913794,0.0,0.0,0.0,0.0,0.0,0.0,0.0,0.0
24074,2023.0,6.0,17.0,4.0,19.583485,19.603971,18.567892,18.40704,19.060434,18.570215,19.056229,18.912254,19.261059,19.098003,19.278404,19.378153,20.156326,19.975742,19.539227,19.387535,19.025476,18.880186,0.0,0.0,0.0,0.0,4.0,0.0,0.0,0.0
24075,2023.0,6.0,17.0,4.0,19.55829,19.578135,18.544449,18.382868,18.94983,18.456295,19.027277,18.882687,19.221312,19.057814,19.376398,19.503157,20.128887,19.948061,19.508116,19.356293,18.993969,18.84844,0.0,0.0,0.0,0.0,4.0,0.0,0.0,0.0
24076,2023.0,6.0,17.0,4.0,19.53387,19.55429,18.523785,18.363781,19.170637,18.979593,19.001133,18.85837,19.185625,19.023844,19.066055,18.897215,20.103045,19.923378,19.478102,19.327452,18.964207,18.819897,0.0,0.0,0.0,0.0,0.0,0.0,0.0,0.0
24077,2023.0,6.0,17.0,4.0,19.507118,19.526194,18.500336,18.338907,19.203358,19.047817,18.972101,18.82802,19.149046,18.986353,18.961975,18.779135,20.075932,19.895636,19.446524,19.295303,18.933247,18.788317,0.0,0.0,0.0,0.0,0.0,0.0,0.0,0.0
24078,2023.0,6.0,17.0,5.0,19.482967,19.503475,18.480309,18.321163,19.854454,20.2926,18.946905,18.805424,19.11741,18.957214,18.918245,18.739553,20.051952,19.873447,19.41789,19.26856,18.905556,18.762552,0.0,4.0,0.0,0.0,0.0,0.0,0.0,0.0
24079,2023.0,6.0,17.0,5.0,19.46248,19.488333,18.464254,18.311632,19.221615,18.941185,18.925287,18.789991,19.090221,18.935316,18.881363,18.708487,20.724453,21.167133,19.393286,19.248793,19.601454,20.097385,0.0,0.0,0.0,0.0,0.0,4.0,0.0,4.0
24080,2023.0,6.0,17.0,5.0,19.443909,19.475718,18.450798,18.305958,18.911392,18.474634,18.905952,18.777554,19.066488,18.917118,19.146023,19.235256,20.977343,21.505762,19.371616,19.232128,19.128723,19.048231,0.0,0.0,0.0,0.0,4.0,4.0,0.0,0.0
24081,2023.0,6.0,17.0,5.0,19.426338,19.464256,18.438332,18.301338,18.829733,18.400469,18.8879,18.76652,19.045702,18.902246,18.957222,18.82744,20.131443,19.796652,19.351934,19.217798,19.480667,19.773134,0.0,0.0,0.0,0.0,0.0,0.0,0.0,4.0
24082,2023.0,6.0,17.0,5.0,19.40905,19.452837,18.42648,18.297104,19.013996,18.836294,18.870459,18.755795,19.027172,18.889433,18.862026,18.708319,19.895012,19.50046,20.274158,20.976082,18.935003,18.65471,0.0,0.0,0.0,0.0,0.0,0.0,4.0,0.0
24083,2023.0,6.0,17.0,5.0,19.391935,19.441595,18.414974,18.293173,19.070936,18.948664,18.853502,18.745508,19.011154,18.879147,18.836496,18.689287,20.498114,20.705408,19.481016,19.247913,19.43497,19.726507,0.0,0.0,0.0,0.0,0.0,4.0,0.0,4.0
24084,2023.0,6.0,17.0,6.0,19.374773,19.430021,18.403606,18.289236,19.06259,18.950089,18.836576,18.735022,19.579699,19.964872,18.815817,18.674751,20.00588,19.667362,19.224337,18.917187,18.933456,18.665037,0.0,0.0,0.0,4.0,0.0,0.0,0.0,0.0
24085,2023.0,6.0,17.0,6.0,21.22868,22.713839,18.829737,19.102726,21.2277,22.816038,21.235365,23.013885,20.063602,20.718132,18.803553,18.671537,21.20221,21.834587,21.31374,22.563967,18.77642,18.498114,4.0,0.0,0.0,0.0,0.0,0.0,0.0,0.0
24086,2023.0,6.0,17.0,6.0,21.001259,22.086777,20.144115,21.293255,20.978436,22.07309,20.979424,22.227858,19.461723,19.43334,19.10504,19.252705,20.993254,21.35794,20.969992,21.756254,18.724714,18.465574,4.0,4.0,4.0,0.0,4.0,4.0,4.0,0.0
24087,2023.0,6.0,17.0,6.0,21.003628,21.964655,20.005566,20.848776,21.014978,22.014343,21.044569,22.227028,19.811466,20.258171,20.126585,20.952293,20.998936,21.321999,21.046032,21.835564,18.837204,18.739681,4.0,4.0,0.0,4.0,0.0,4.0,0.0,0.0
24088,2023.0,6.0,17.0,6.0,21.004951,21.90377,20.039825,20.824667,21.020206,21.921097,21.044207,22.102804,20.003443,20.403597,19.741753,20.025621,21.053299,21.390194,20.99046,21.620718,19.666533,20.282928,0.0,4.0,0.0,4.0,4.0,4.0,4.0,4.0
24089,2023.0,6.0,17.0,6.0,21.012905,21.861065,19.501457,19.686497,21.017847,21.848394,21.016376,21.943552,19.99746,20.334042,20.059118,20.631271,21.117056,21.47052,21.039522,21.699783,20.048538,20.714167,4.0,4.0,4.0,4.0,4.0,4.0,0.0,0.0
24090,2023.0,6.0,17.0,7.0,21.01093,21.81834,20.12504,20.937265,21.016548,21.799593,21.04619,21.970345,20.025436,20.37079,20.02108,20.477938,21.179571,21.548695,21.028923,21.635883,19.288282,19.138386,0.0,4.0,0.0,0.0,0.0,4.0,0.0,0.0
24091,2023.0,6.0,17.0,7.0,21.01008,21.79027,19.615555,19.845436,21.01527,21.764973,21.038813,21.914263,19.498869,19.3173,19.412466,19.238947,21.240664,21.624086,21.11745,21.72666,19.001152,18.824791,4.0,4.0,0.0,0.0,0.0,4.0,4.0,0.0
24092,2023.0,6.0,17.0,7.0,21.03674,21.845404,20.104736,20.852484,21.014267,21.740328,21.038591,21.883255,19.276394,19.077785,19.27031,19.186922,20.994022,21.173561,21.17967,21.800438,19.993702,20.774254,0.0,4.0,0.0,0.0,0.0,0.0,4.0,4.0
24093,2023.0,6.0,17.0,7.0,21.001577,21.736681,19.664295,19.914835,21.039326,21.794123,21.002987,21.786142,19.338566,19.267664,19.27765,19.210508,21.27744,21.691326,21.237522,21.872454,19.984953,20.472548,4.0,0.0,4.0,0.0,0.0,4.0,4.0,0.0
24094,2023.0,6.0,17.0,7.0,21.008062,21.741634,20.094957,20.808107,21.03252,21.762241,21.04301,21.87089,19.361122,19.303228,19.25912,19.195627,21.391647,21.820011,21.292032,21.939177,19.407333,19.30012,0.0,0.0,0.0,0.0,0.0,4.0,4.0,0.0
24095,2023.0,6.0,17.0,7.0,21.034575,21.810932,19.379038,19.379717,21.0322,21.746574,21.034775,21.840298,19.35246,19.298632,19.61351,19.874792,21.457563,21.89976,21.346462,22.006012,19.177889,19.045914,0.0,0.0,0.0,0.0,4.0,4.0,4.0,0.0
24096,2023.0,6.0,17.0,8.0,21.026903,21.787033,19.074648,19.056532,21.030424,21.732359,21.033937,21.827608,19.344736,19.293247,20.042307,20.511393,21.524397,21.984337,20.970516,21.34778,19.128849,19.007145,0.0,0.0,0.0,0.0,4.0,4.0,0.0,0.0
24097,2023.0,6.0,17.0,8.0,20.321753,20.424711,18.994852,18.985346,20.379965,20.485237,20.294012,20.407269,19.339605,19.289183,20.01149,20.386635,20.922123,20.809841,20.42711,20.331045,19.165615,19.112206,0.0,0.0,0.0,0.0,0.0,0.0,0.0,0.0
24098,2023.0,6.0,17.0,8.0,19.972294,20.016626,18.924616,18.919165,19.9953,19.998,19.870186,19.881775,20.030552,20.595554,19.606285,19.55255,20.660807,20.48081,21.089827,21.770168,20.054802,20.793137,0.0,0.0,0.0,4.0,0.0,0.0,4.0,4.0
24099,2023.0,6.0,17.0,8.0,19.963657,20.104868,18.87456,18.869555,19.859772,19.839842,19.724236,19.71319,20.195261,20.713295,19.43179,19.290775,20.599344,20.419867,21.304522,22.023476,19.982769,20.506947,0.0,0.0,0.0,4.0,0.0,0.0,4.0,0.0
24100,2023.0,6.0,17.0,8.0,19.907793,20.061901,18.827723,18.830572,19.76135,19.751255,19.615696,19.615107,19.99256,20.30888,19.445059,19.369036,20.565414,20.39865,20.533094,20.502474,19.48514,19.46742,0.0,0.0,0.0,0.0,0.0,0.0,0.0,0.0
24101,2023.0,6.0,17.0,8.0,20.544039,21.325151,18.7836,18.791075,19.673035,19.666843,20.18534,20.775251,19.655579,19.623568,19.452543,19.387255,20.614801,20.531666,20.184635,20.067627,19.2689,19.19322,0.0,0.0,4.0,0.0,0.0,0.0,0.0,0.0
24102,2023.0,6.0,17.0,9.0,20.024467,20.21543,18.751871,18.763346,19.611113,19.608234,19.762888,19.88447,19.526215,19.432995,19.449692,19.385231,20.627134,20.557604,20.098215,19.979315,19.233696,19.157154,0.0,0.0,0.0,0.0,0.0,0.0,0.0,0.0
24103,2023.0,6.0,17.0,9.0,19.7893,19.885721,18.718025,18.729755,19.548115,19.54383,19.461374,19.417301,19.490288,19.391878,19.44664,19.37923,20.61994,20.549583,20.044226,19.926113,19.244139,19.194048,0.0,0.0,0.0,0.0,0.0,0.0,0.0,0.0
24104,2023.0,6.0,17.0,9.0,19.720078,19.82627,18.689455,18.703758,19.495893,19.4947,19.377604,19.344114,19.50938,19.445953,19.44798,19.377306,20.614378,20.542074,20.050632,19.981369,19.238796,19.186403,0.0,0.0,0.0,0.0,0.0,0.0,0.0,0.0
24105,2023.0,6.0,17.0,9.0,19.709608,19.868591,18.66527,18.684399,19.451704,19.457302,20.018368,20.618595,19.508825,19.443287,19.452822,19.378382,20.611547,20.537216,20.029886,19.961151,19.23411,19.179174,0.0,0.0,4.0,0.0,0.0,0.0,0.0,0.0
24106,2023.0,6.0,17.0,9.0,19.676006,19.844103,18.640549,18.661814,20.08872,20.697578,19.567148,19.653133,19.507591,19.438854,19.461046,19.38243,20.610802,20.533575,20.00752,19.936909,19.23155,19.173187,0.0,4.0,0.0,0.0,0.0,0.0,0.0,0.0
24107,2023.0,6.0,17.0,9.0,19.637386,19.808317,18.618204,18.642078,19.694464,19.835947,19.975687,20.518839,19.508648,19.43642,19.472,19.389097,20.612362,20.532223,20.974148,21.778898,19.231926,19.170258,0.0,0.0,4.0,0.0,0.0,0.0,4.0,0.0
24108,2023.0,6.0,17.0,10.0,19.60109,19.773743,19.037365,19.447145,20.07103,20.618065,19.563967,19.665833,19.5117,19.436031,19.485176,19.39827,20.61585,20.532852,20.374063,20.429747,19.234339,19.16947,4.0,4.0,0.0,0.0,0.0,0.0,0.0,0.0
24109,2023.0,6.0,17.0,10.0,19.563772,19.73375,20.139902,21.328194,20.216352,20.798967,19.998318,20.58063,19.520048,19.444735,19.504631,19.418518,20.624428,20.542427,20.129118,20.040783,19.241585,19.176908,0.0,4.0,4.0,0.0,0.0,0.0,0.0,0.0
24110,2023.0,6.0,17.0,10.0,20.19605,20.953825,19.327684,19.57966,19.733751,19.859837,19.639267,19.773153,19.531471,19.457087,19.529058,19.443619,20.635841,20.555367,20.071423,19.988348,19.25153,19.187857,0.0,0.0,0.0,0.0,0.0,0.0,0.0,0.0
24111,2023.0,6.0,17.0,10.0,20.366007,21.132238,18.95558,18.999655,19.538118,19.587458,19.435158,19.494684,19.54662,19.47502,19.557768,19.47691,20.649565,20.57192,20.061079,19.990396,19.264359,19.203148,0.0,0.0,0.0,0.0,0.0,0.0,0.0,0.0
24112,2023.0,6.0,17.0,10.0,19.858225,20.123564,18.889875,18.946825,19.498056,19.574116,19.388397,19.47549,19.561897,19.491701,19.58312,19.503067,20.662373,20.585989,20.048391,19.977657,19.276436,19.216642,0.0,0.0,0.0,0.0,0.0,0.0,0.0,0.0
24113,2023.0,6.0,17.0,10.0,19.72451,19.961033,18.837671,18.899012,19.474405,19.574942,19.297728,19.347809,19.58106,19.514664,19.61303,19.538115,20.677965,20.605026,20.040245,19.971548,19.290813,19.234116,0.0,0.0,0.0,0.0,0.0,0.0,0.0,0.0
24114,2023.0,6.0,17.0,11.0,19.6936,19.95073,18.804852,18.87585,19.38984,19.442184,19.252417,19.310558,19.600325,19.536936,19.641819,19.570269,20.693321,20.623465,20.036554,19.97074,19.305582,19.251535,0.0,0.0,0.0,0.0,0.0,0.0,0.0,0.0
24115,2023.0,6.0,17.0,11.0,19.620842,19.84064,18.777092,18.854967,19.352798,19.411673,19.216454,19.281706,19.615396,19.549898,19.66486,19.589935,20.704649,20.633198,20.03281,19.966816,20.194683,20.919872,0.0,0.0,0.0,0.0,0.0,0.0,0.0,4.0
24116,2023.0,6.0,17.0,11.0,19.57504,19.789124,18.750086,18.830807,19.319263,19.380203,19.181026,19.248672,19.631994,19.565882,20.068804,20.328297,20.71745,20.64573,20.030302,19.96358,19.964457,20.359085,0.0,0.0,0.0,0.0,4.0,0.0,0.0,0.0
24117,2023.0,6.0,17.0,11.0,20.22196,21.035954,18.724909,18.809946,19.288366,19.353685,19.148003,19.219938,19.649445,19.581839,19.991169,20.0707,20.730942,20.658308,20.02912,19.961823,19.676851,19.730953,0.0,0.0,0.0,0.0,0.0,0.0,0.0,0.0
24118,2023.0,6.0,17.0,11.0,19.893667,20.220057,18.702658,18.790997,19.26017,19.328756,19.117844,19.19286,19.668997,19.60069,20.285217,20.58124,20.745333,20.67221,20.02961,19.961714,19.580757,19.602985,0.0,0.0,0.0,0.0,4.0,0.0,0.0,0.0
24119,2023.0,6.0,17.0,11.0,19.765833,20.059383,18.688038,18.779865,19.913025,20.578047,19.09564,19.174122,19.686829,19.618116,20.021826,20.063122,20.758127,20.684677,20.031506,19.963362,19.509216,19.456217,0.0,4.0,0.0,0.0,0.0,0.0,0.0,0.0
24120,2023.0,6.0,17.0,12.0,19.719805,20.019533,18.672956,18.768803,19.58309,19.75353,19.07259,19.15475,19.705097,19.636793,20.014297,20.034126,20.771362,20.698277,20.033861,19.966152,19.482557,19.422348,0.0,0.0,0.0,0.0,0.0,0.0,0.0,0.0
24121,2023.0,6.0,17.0,12.0,21.189714,22.62011,18.65965,18.756462,21.170837,22.62003,21.223677,22.997292,20.440865,21.01355,20.041157,20.065125,21.571285,22.204634,21.150805,21.906898,19.479761,19.417624,0.0,4.0,0.0,4.0,0.0,4.0,0.0,0.0
24122,2023.0,6.0,17.0,12.0,21.002874,22.115421,19.088133,19.572794,21.011835,22.16875,21.002163,22.323076,20.124454,20.159689,19.975843,19.914274,21.17357,21.214773,21.471113,22.389956,19.47821,19.415173,4.0,0.0,0.0,0.0,0.0,0.0,4.0,0.0
24123,2023.0,6.0,17.0,12.0,21.027699,22.079203,20.128366,21.294552,21.03049,22.100891,21.03512,22.24647,19.96177,19.973225,19.944054,19.863655,21.002085,21.003662,20.960524,21.365566,19.478613,19.415668,0.0,0.0,0.0,0.0,0.0,0.0,0.0,0.0
24124,2023.0,6.0,17.0,12.0,20.997087,21.939667,19.352283,19.632113,21.027178,22.020683,21.030289,22.142145,19.968456,19.980785,19.944935,19.862665,21.00081,21.00241,21.019552,21.455875,19.480183,19.418009,0.0,0.0,0.0,0.0,0.0,0.0,0.0,0.0
24125,2023.0,6.0,17.0,12.0,21.052135,22.038965,18.914663,19.020243,21.061026,22.026783,21.068687,22.14312,19.971745,19.98585,19.948599,19.867517,21.00217,21.005548,21.027859,21.443373,19.48193,19.421198,0.0,0.0,0.0,0.0,0.0,0.0,0.0,0.0
24126,2023.0,6.0,17.0,13.0,21.047976,21.982704,18.831944,18.926666,21.057003,21.969418,21.06388,22.074757,19.890772,19.822681,19.950445,19.871155,21.004648,21.008453,21.027853,21.42157,19.482988,19.424023,0.0,0.0,0.0,0.0,0.0,0.0,0.0,0.0
24127,2023.0,6.0,17.0,13.0,21.018242,21.910017,18.789131,18.886055,21.021076,21.879478,21.023369,21.971426,19.863035,19.795938,20.35933,20.644218,21.002058,21.003815,21.01062,21.37574,19.482803,19.42559,0.0,0.0,0.0,0.0,4.0,0.0,0.0,0.0
24128,2023.0,6.0,17.0,13.0,21.02232,21.898653,18.754736,18.850365,21.025307,21.8656,21.028046,21.953827,19.8501,19.78438,20.149977,20.126595,21.002846,21.007761,21.013004,21.370014,19.48141,19.426306,0.0,0.0,0.0,0.0,0.0,0.0,0.0,0.0
24129,2023.0,6.0,17.0,13.0,21.021736,21.88118,18.726883,18.82194,20.998482,21.77358,21.027027,21.92992,19.840204,19.777044,20.434116,20.731691,21.002708,21.011667,21.012783,21.362446,19.478653,19.42593,0.0,4.0,0.0,0.0,4.0,0.0,0.0,0.0
24130,2023.0,6.0,17.0,13.0,21.021347,21.866547,18.703505,18.79756,21.030785,21.85005,21.02649,21.91033,19.830488,19.770126,20.258116,20.302608,21.003279,21.017704,21.012396,21.356922,19.474966,19.424776,0.0,0.0,0.0,0.0,0.0,0.0,0.0,0.0
24131,2023.0,6.0,17.0,13.0,21.046032,21.901312,18.683445,18.77646,21.005732,21.756649,21.012808,21.837894,19.821543,19.763666,20.172026,20.196554,21.005516,21.027016,21.027842,21.382812,19.471409,19.423512,0.0,4.0,4.0,0.0,0.0,0.0,0.0,0.0
24132,2023.0,6.0,17.0,14.0,21.044579,21.880243,18.667023,18.759998,21.048756,21.873009,21.05374,21.946209,19.814354,19.75854,20.066,20.00249,21.005896,21.030426,21.025913,21.370234,19.468967,19.422913,0.0,0.0,0.0,0.0,0.0,0.0,0.0,0.0
24133,2023.0,6.0,17.0,14.0,21.055138,21.862257,19.091263,19.566563,20.962515,21.650152,20.390564,20.646175,19.811007,19.758368,20.03405,19.975214,20.923883,20.87341,20.654331,20.647423,20.339672,21.070486,4.0,4.0,0.0,0.0,0.0,0.0,0.0,4.0
24134,2023.0,6.0,17.0,14.0,21.079292,21.897074,20.112364,21.273733,20.415636,20.641361,20.1138,20.277071,19.81111,19.760809,20.021664,19.962988,20.894215,20.834757,20.516092,20.462013,20.713491,21.576618,4.0,0.0,0.0,0.0,0.0,0.0,0.0,4.0
24135,2023.0,6.0,17.0,14.0,20.534664,20.873047,20.009113,20.946856,20.131083,20.29835,19.90552,19.996422,19.81422,19.765528,20.016916,19.959581,20.883654,20.825579,20.453005,20.39934,19.999815,20.21577,0.0,0.0,0.0,0.0,0.0,0.0,0.0,0.0
24136,2023.0,6.0,17.0,14.0,20.27158,20.56601,19.783716,20.396011,20.020014,20.183592,19.762629,19.837965,19.819464,19.77195,20.017183,19.960548,20.876245,20.818789,20.404972,20.350693,19.813152,19.860947,4.0,0.0,0.0,0.0,0.0,0.0,0.0,0.0
24137,2023.0,6.0,17.0,14.0,20.82618,21.67189,20.057056,20.894806,19.880247,19.966253,19.69041,19.76751,19.82572,19.778769,20.021849,19.96551,20.873001,20.816141,20.377058,20.323929,19.785461,19.830736,0.0,0.0,0.0,0.0,0.0,0.0,0.0,0.0
24138,2023.0,6.0,17.0,15.0,20.445452,20.809067,19.910194,20.531454,19.780079,19.856916,20.273455,20.929392,19.83405,19.787563,20.028404,19.972351,20.870401,20.814157,21.324818,22.142828,19.77791,19.825891,4.0,0.0,4.0,0.0,0.0,0.0,4.0,0.0
24139,2023.0,6.0,17.0,15.0,20.261568,20.567122,20.037773,20.773096,19.72605,19.802017,19.86951,20.057238,19.84316,19.79726,20.036722,19.980982,20.86976,20.8139,20.75541,20.870586,19.698366,19.668852,0.0,0.0,0.0,0.0,0.0,0.0,0.0,0.0
24140,2023.0,6.0,17.0,15.0,20.804808,21.65815,19.961235,20.571352,20.344086,21.01317,19.691877,19.892046,19.852942,19.807596,20.046146,19.99082,20.869333,20.81403,20.492048,20.520765,19.657486,19.618565,4.0,4.0,0.0,0.0,0.0,0.0,0.0,0.0
24141,2023.0,6.0,17.0,15.0,20.938597,21.80294,20.00345,20.65194,20.559778,21.294956,19.667376,19.874651,19.862911,19.819098,20.05691,20.003073,20.870249,20.815622,20.46329,20.487856,19.64817,19.608158,4.0,4.0,0.0,0.0,0.0,0.0,0.0,0.0
24142,2023.0,6.0,17.0,15.0,20.993185,21.854143,19.999243,20.621048,20.107967,20.384115,20.157734,20.810076,19.872875,19.829231,20.426851,20.691229,21.635748,22.266163,21.422718,22.305368,19.643808,19.605097,4.0,0.0,4.0,0.0,4.0,4.0,4.0,0.0
24143,2023.0,6.0,17.0,15.0,21.042744,21.904144,19.999718,20.611063,20.469687,21.188482,19.889912,20.160652,20.581419,21.158772,20.294653,20.312521,21.98303,22.70731,21.806961,22.734419,19.642033,19.604538,4.0,4.0,0.0,4.0,0.0,4.0,4.0,0.0
24144,2023.0,6.0,17.0,16.0,21.084694,21.946182,20.017176,20.650412,20.668404,21.40251,19.703215,19.92985,20.265526,20.32482,20.169287,20.125792,22.088345,22.810106,21.920485,22.840422,20.504515,21.236452,0.0,4.0,0.0,0.0,0.0,4.0,4.0,4.0
24145,2023.0,6.0,17.0,16.0,21.117086,21.97396,20.031036,20.638645,20.724985,21.454018,19.652985,19.873615,20.128572,20.182718,20.152472,20.102726,22.164059,22.877108,21.127836,21.25841,20.155012,20.308079,4.0,4.0,0.0,0.0,0.0,4.0,0.0,0.0
24146,2023.0,6.0,17.0,16.0,21.141506,21.994225,20.042362,20.644787,20.23505,20.502645,19.527744,19.647552,20.13621,20.193386,20.1479,20.097605,21.538727,21.638966,21.774876,22.599676,20.856762,21.693325,4.0,0.0,0.0,0.0,0.0,0.0,4.0,4.0
24147,2023.0,6.0,17.0,16.0,20.600697,20.959518,20.010483,20.596056,20.6575,21.386261,20.126465,20.81022,20.053656,20.02629,20.144209,20.094402,21.34473,21.350399,21.114325,21.227007,20.274965,20.435669,0.0,4.0,4.0,0.0,0.0,0.0,0.0,0.0
24148,2023.0,6.0,17.0,16.0,20.336657,20.633503,20.055992,20.652807,20.808826,21.525349,20.411606,21.157145,20.007378,19.966393,20.139622,20.090717,21.278872,21.279373,20.789307,20.800724,19.989016,20.044928,4.0,4.0,4.0,0.0,0.0,0.0,0.0,0.0
24149,2023.0,6.0,17.0,16.0,20.275152,20.576056,20.07117,20.662586,20.837568,21.550055,19.926344,20.189651,20.687933,21.262506,20.135525,20.088207,21.245012,21.24851,20.735527,20.751602,19.960161,20.017977,4.0,4.0,0.0,4.0,0.0,0.0,0.0,0.0
24150,2023.0,6.0,17.0,17.0,20.84809,21.690432,20.083006,20.670958,20.86385,21.572325,20.39042,21.144604,20.338156,20.463907,20.130592,20.084929,21.214033,21.218107,20.693998,20.710625,19.941748,19.998825,4.0,4.0,4.0,0.0,0.0,0.0,0.0,0.0
24151,2023.0,6.0,17.0,17.0,20.428545,20.791845,20.004478,20.540684,20.886646,21.589973,20.497993,21.231348,20.207306,20.261028,20.124645,20.080606,21.140284,21.098267,21.639719,22.522833,19.845692,19.822212,0.0,4.0,4.0,0.0,0.0,0.0,4.0,0.0
24152,2023.0,6.0,17.0,17.0,20.800167,21.62028,19.720045,19.99331,20.910534,21.60886,20.53598,21.256578,20.176882,20.226913,20.117151,20.075073,21.859177,22.500011,21.14147,21.312864,19.79246,19.760668,0.0,4.0,4.0,0.0,0.0,4.0,0.0,0.0
24153,2023.0,6.0,17.0,17.0,20.95028,21.792065,19.591366,19.818432,20.930079,21.623922,20.576584,21.291882,20.786602,21.383259,20.109009,20.068956,22.074018,22.7839,20.860779,20.881687,19.77215,19.741259,0.0,4.0,4.0,4.0,0.0,4.0,0.0,0.0
24154,2023.0,6.0,17.0,17.0,20.437893,20.774027,19.430506,19.547827,20.94866,21.637802,20.070652,20.312254,21.051039,21.757217,20.099289,20.061544,21.447401,21.531925,20.771065,20.781677,19.755526,19.726788,0.0,4.0,0.0,4.0,0.0,0.0,0.0,0.0
24155,2023.0,6.0,17.0,17.0,20.893688,21.715715,19.776096,20.249525,20.433851,20.658102,19.886082,20.06554,20.490007,20.617905,20.440254,20.71501,21.265556,21.26222,20.714954,20.72573,19.74014,19.71376,4.0,0.0,0.0,0.0,4.0,0.0,0.0,0.0
24156,2023.0,6.0,17.0,18.0,21.015377,21.8429,20.016031,20.618427,20.230154,20.382822,20.436163,21.15377,20.309513,20.35386,20.239367,20.274986,21.95508,22.616467,20.622704,20.5871,19.724855,19.700987,4.0,0.0,4.0,0.0,0.0,4.0,0.0,0.0
24157,2023.0,6.0,17.0,18.0,21.020136,21.827566,20.02299,20.586876,21.091152,21.96127,21.057055,22.09835,20.249914,20.290306,20.099556,20.07438,21.537003,21.663996,21.069323,21.415596,19.707415,19.685198,4.0,4.0,4.0,0.0,0.0,0.0,0.0,0.0
24158,2023.0,6.0,17.0,18.0,21.097475,21.905468,20.01315,20.567022,20.991915,21.708176,21.022837,21.967588,20.210615,20.250195,20.068237,20.039759,22.001646,22.680851,21.004122,21.292826,19.691463,19.671402,0.0,4.0,0.0,0.0,0.0,4.0,0.0,0.0
24159,2023.0,6.0,17.0,18.0,21.141296,21.942892,19.694952,19.935627,21.000221,21.689806,20.998905,21.83748,20.82299,21.4272,20.048359,20.022118,21.528969,21.638948,21.010725,21.301718,19.676815,19.658834,0.0,4.0,4.0,4.0,0.0,0.0,0.0,0.0
24160,2023.0,6.0,17.0,18.0,21.172789,21.968624,19.526869,19.723997,20.99905,21.663792,21.029518,21.877972,20.50159,20.64704,20.029572,20.00583,22.00036,22.67642,21.009838,21.298641,19.66333,19.64758,0.0,4.0,0.0,0.0,0.0,4.0,0.0,0.0
24161,2023.0,6.0,17.0,18.0,21.198065,21.987158,19.381842,19.486486,21.024818,21.717188,20.9972,21.758205,20.258694,20.306986,20.0105,19.989233,21.531042,21.641573,21.735275,22.658314,19.650694,19.637205,0.0,0.0,4.0,0.0,0.0,0.0,4.0,0.0
24162,2023.0,6.0,17.0,19.0,21.220375,22.00382,19.292536,19.375423,21.03553,21.683756,21.003021,21.747223,20.186821,20.223635,20.34157,20.630512,21.245665,21.249369,21.110947,21.249365,19.63856,19.627094,0.0,4.0,4.0,0.0,4.0,0.0,0.0,0.0
24163,2023.0,6.0,17.0,19.0,21.236208,22.010254,19.244434,19.321291,21.03952,21.677427,21.028185,21.799849,20.789839,21.386477,20.180397,20.232447,21.154373,21.139769,21.0211,21.283884,20.556835,21.382002,0.0,4.0,0.0,4.0,0.0,0.0,0.0,4.0
24164,2023.0,6.0,17.0,19.0,20.989223,21.584923,19.205935,19.278543,21.045227,21.674372,20.996464,21.694523,20.460115,20.582722,20.02662,20.015821,21.807938,22.42403,21.719437,22.60127,20.132229,20.273638,0.0,4.0,4.0,0.0,0.0,4.0,4.0,0.0
24165,2023.0,6.0,17.0,19.0,21.207811,21.988533,19.171055,19.23829,21.049725,21.669952,21.029388,21.766119,20.192553,20.207783,19.97979,19.961079,22.033068,22.67513,21.909317,22.735826,19.827347,19.85693,0.0,4.0,0.0,0.0,0.0,4.0,4.0,0.0
24166,2023.0,6.0,17.0,19.0,20.988867,21.568884,19.143816,19.209635,21.05392,21.665575,21.021666,21.73288,20.126616,20.140886,19.950481,19.933386,21.443436,21.512352,21.136621,21.225483,19.770037,19.798422,0.0,4.0,0.0,0.0,0.0,0.0,0.0,0.0
24167,2023.0,6.0,17.0,19.0,21.01936,21.63263,19.555967,20.001768,21.0565,21.659376,20.996777,21.64668,20.0558,20.041014,19.921625,19.905045,21.907972,22.541744,21.016058,21.213932,20.637518,21.4696,4.0,4.0,4.0,0.0,0.0,4.0,0.0,4.0
24168,2023.0,6.0,17.0,20.0,21.189587,21.925745,20.040432,20.737463,21.016932,21.606873,21.00203,21.648643,20.007925,19.991928,20.283676,20.610262,22.056067,22.669035,21.009762,21.232832,20.144949,20.24895,4.0,0.0,4.0,0.0,4.0,4.0,0.0,0.0
24169,2023.0,6.0,17.0,20.0,20.990665,21.551424,19.9956,20.579275,21.05042,21.632128,21.001656,21.641003,19.971386,19.954165,20.113342,20.185658,21.437359,21.47252,21.010847,21.255823,20.723288,21.520191,4.0,4.0,4.0,0.0,0.0,0.0,0.0,4.0
24170,2023.0,6.0,17.0,20.0,21.173828,21.883263,20.019793,20.595766,21.017176,21.586853,21.02788,21.706234,19.938568,19.922333,19.933268,19.929558,21.148396,21.09047,21.011232,21.271992,20.179424,20.259876,0.0,0.0,0.0,0.0,0.0,0.0,0.0,0.0
24171,2023.0,6.0,17.0,20.0,21.231415,21.933376,19.603434,19.755629,21.020092,21.583908,21.022402,21.681099,20.608835,21.214994,19.870722,19.855797,21.778734,22.367836,21.010656,21.283781,19.860392,19.854418,0.0,0.0,0.0,4.0,0.0,4.0,0.0,0.0
24172,2023.0,6.0,17.0,20.0,21.242401,21.934694,19.775263,20.202696,21.046427,21.594078,20.996752,21.595654,20.837168,21.41844,20.19408,20.497793,21.305735,21.306343,21.010887,21.29436,19.770348,19.757093,4.0,4.0,4.0,4.0,4.0,0.0,0.0,0.0
24173,2023.0,6.0,17.0,20.0,20.988625,21.50199,20.037155,20.606546,21.01854,21.562248,21.028809,21.673225,20.886875,21.451633,19.991865,20.078573,21.033031,20.956861,21.011393,21.302961,20.596685,21.367752,0.0,0.0,0.0,4.0,0.0,0.0,0.0,4.0
24174,2023.0,6.0,17.0,21.0,21.020323,21.573832,19.596664,19.71234,21.03756,21.5629,20.996489,21.576738,20.929546,21.479982,19.845617,19.822248,21.00566,20.979092,21.011604,21.309214,19.990944,20.115404,0.0,4.0,4.0,4.0,0.0,0.0,0.0,0.0
24175,2023.0,6.0,17.0,21.0,21.015995,21.565287,19.796543,20.224333,21.020319,21.553356,21.029062,21.656391,20.348843,20.353193,19.783674,19.76591,21.640415,22.22285,21.644236,22.491692,19.75824,19.728369,4.0,0.0,0.0,0.0,0.0,4.0,4.0,0.0
24176,2023.0,6.0,17.0,21.0,21.01696,21.563852,20.030012,20.573246,21.020731,21.547045,21.02293,21.6335,20.070652,20.010899,19.749622,19.732845,21.794516,22.332924,20.951765,21.124756,19.678877,19.640314,0.0,0.0,0.0,0.0,0.0,4.0,0.0,0.0
24177,2023.0,6.0,17.0,21.0,21.013891,21.560371,19.990658,20.434309,21.020687,21.538183,21.023792,21.62418,19.967724,19.8977,19.715006,19.698421,21.167614,21.117064,21.0266,21.298038,20.520905,21.279284,4.0,0.0,0.0,0.0,0.0,0.0,0.0,4.0
24178,2023.0,6.0,17.0,21.0,21.013674,21.561853,20.006483,20.453526,21.125807,21.710157,21.019623,21.613451,20.596075,21.141867,19.680004,19.658394,21.62805,22.165297,21.013065,21.283407,20.757515,21.431864,4.0,4.0,0.0,4.0,0.0,4.0,0.0,4.0
24179,2023.0,6.0,17.0,21.0,21.253895,21.99422,20.020193,20.477121,21.053917,21.52937,21.020119,21.610369,20.79272,21.297749,19.64617,19.620356,21.122145,21.049608,21.015049,21.292885,20.816969,21.477219,0.0,4.0,0.0,4.0,0.0,0.0,0.0,4.0
24180,2023.0,6.0,17.0,22.0,20.982172,21.4658,19.587805,19.627073,21.0119,21.474262,21.01994,21.605764,20.826138,21.316011,19.945272,20.203186,21.011402,21.012186,21.636753,22.458258,20.111115,20.089596,0.0,4.0,0.0,4.0,4.0,0.0,4.0,0.0
24181,2023.0,6.0,17.0,22.0,21.022997,21.54982,19.32369,19.272604,21.025848,21.529737,21.020103,21.601673,20.809914,21.24445,20.005268,20.22934,21.008232,21.034962,20.949791,21.103228,20.602657,21.240545,0.0,0.0,0.0,4.0,0.0,0.0,0.0,4.0
24182,2023.0,6.0,17.0,22.0,21.018019,21.537075,19.28108,19.269548,21.021719,21.514875,21.019867,21.596792,20.811352,21.230503,19.77664,19.771399,21.00912,21.056702,21.02787,21.283209,19.985556,20.018143,0.0,0.0,0.0,4.0,0.0,0.0,0.0,0.0
24183,2023.0,6.0,17.0,22.0,21.013693,21.53426,19.24802,19.241632,21.022337,21.507586,21.020002,21.592949,20.244802,20.151667,19.646488,19.607697,21.005486,21.073162,21.01446,21.26927,19.76628,19.66553,0.0,0.0,0.0,0.0,0.0,0.0,0.0,0.0
24184,2023.0,6.0,17.0,22.0,21.029034,21.567108,19.199001,19.184364,21.044783,21.541904,21.040775,21.629332,19.962212,19.811657,19.593044,19.54492,21.010914,21.102602,21.032314,21.311428,19.649485,19.531982,0.0,0.0,0.0,0.0,0.0,0.0,0.0,0.0
24185,2023.0,6.0,17.0,22.0,21.012325,21.534435,19.161621,19.146505,21.01346,21.484148,21.017078,21.578468,19.861383,19.708961,19.554764,19.50507,21.577833,22.178736,21.009497,21.277357,19.660198,19.621664,0.0,0.0,0.0,0.0,0.0,4.0,0.0,0.0
24186,2023.0,6.0,17.0,23.0,21.014978,21.541073,19.123463,19.103533,21.018013,21.495827,21.020636,21.58331,19.774488,19.61419,19.515728,19.461485,20.966234,20.963913,21.013006,21.294064,20.429876,21.099077,0.0,0.0,0.0,0.0,0.0,0.0,0.0,4.0
24187,2023.0,6.0,17.0,23.0,21.24104,21.948048,19.090677,19.068327,20.56557,20.62714,20.493826,20.56732,19.805443,19.744516,19.480736,19.424364,20.725767,20.546219,20.667776,20.636887,19.882425,19.798584,0.0,0.0,0.0,0.0,0.0,0.0,0.0,0.0
24188,2023.0,6.0,17.0,23.0,21.144611,21.692394,19.064795,19.039492,20.992252,21.532433,20.246496,20.221819,20.37545,20.83296,19.45114,19.39163,20.614002,20.411184,20.53387,20.475016,19.655655,19.508827,0.0,4.0,0.0,4.0,0.0,0.0,0.0,0.0
24189,2023.0,6.0,17.0,23.0,20.547585,20.583517,19.040339,19.012846,20.53696,20.605326,20.133617,20.099428,20.589571,21.111778,19.422325,19.360285,20.675356,20.599167,20.460333,20.399376,19.569435,19.419697,0.0,0.0,0.0,4.0,0.0,0.0,0.0,0.0
24190,2023.0,6.0,17.0,23.0,20.310804,20.266287,19.017254,18.9874,20.760263,21.113293,20.04806,20.011118,19.94462,19.814278,19.394196,19.329603,20.658018,20.583221,20.397463,20.334387,19.59927,19.546453,0.0,4.0,0.0,0.0,0.0,0.0,0.0,0.0
24191,2023.0,6.0,17.0,23.0,20.199043,20.145245,18.995092,18.96285,20.269026,20.16174,19.975271,19.936255,19.73275,19.546446,19.3666,19.299486,20.621872,20.544477,20.341755,20.276659,19.573414,19.519932,0.0,0.0,0.0,0.0,0.0,0.0,0.0,0.0
24192,2023.0,6.0,18.0,0.0,20.108356,20.04435,18.971556,18.934755,19.996544,19.763355,19.905962,19.860004,19.644726,19.4503,19.337622,19.266058,20.585863,20.504333,20.288826,20.219416,19.53332,19.475525,0.0,0.0,0.0,0.0,0.0,0.0,0.0,0.0
24193,2023.0,6.0,18.0,0.0,20.192493,20.280714,18.955564,18.92114,19.907705,19.687004,19.855942,19.816057,20.330832,20.817858,19.3154,19.245636,20.556883,20.477316,20.246433,20.179527,19.501633,19.4456,0.0,0.0,0.0,4.0,0.0,0.0,0.0,0.0
24194,2023.0,6.0,18.0,0.0,20.191624,20.303905,18.938976,18.905113,19.97323,19.897947,19.8063,19.767242,19.941786,19.935568,19.292717,19.222858,20.527723,20.448084,20.205078,20.13803,19.470325,19.414036,0.0,0.0,0.0,0.0,0.0,0.0,0.0,0.0
24195,2023.0,6.0,18.0,0.0,20.15878,20.271397,18.922663,18.888737,19.964218,19.913797,19.759481,19.719673,19.658175,19.472887,19.270517,19.199911,20.499409,20.418951,20.165829,20.097715,19.440495,19.38324,0.0,0.0,0.0,0.0,0.0,0.0,0.0,0.0
24196,2023.0,6.0,18.0,0.0,20.128736,20.243685,18.908535,18.876045,19.927422,19.881056,19.720413,19.683908,19.574999,19.392622,19.251257,19.181755,20.474735,20.395512,20.131887,20.065287,20.146082,20.735804,0.0,0.0,0.0,0.0,0.0,0.0,0.0,4.0
24197,2023.0,6.0,18.0,0.0,20.097761,20.213177,18.894026,18.862045,19.889687,19.844507,19.682165,19.646431,19.619688,19.542263,19.5291,19.718073,20.450344,20.371153,20.098862,20.032238,19.661047,19.661243,0.0,0.0,0.0,0.0,4.0,0.0,0.0,0.0
24198,2023.0,6.0,18.0,1.0,20.068367,20.184404,18.880161,18.848698,19.85398,19.810059,19.647062,19.612202,20.212763,20.671377,19.666193,19.90984,20.427496,20.348515,20.068213,20.00179,19.405293,19.25439,0.0,0.0,0.0,4.0,4.0,0.0,0.0,0.0
24199,2023.0,6.0,18.0,1.0,20.04012,20.156261,18.86682,18.835524,19.819967,19.776829,19.614008,19.579601,19.813044,19.793142,19.392288,19.357288,20.405674,20.326708,20.039215,19.972757,19.32188,19.163092,0.0,0.0,0.0,0.0,0.0,0.0,0.0,0.0
24200,2023.0,6.0,18.0,1.0,20.01406,20.130821,18.854279,18.823399,19.788567,19.746922,19.583588,19.550398,19.570702,19.400673,19.296453,19.229174,20.385365,20.306883,20.012396,19.946495,20.093357,20.673347,0.0,0.0,0.0,0.0,0.0,0.0,0.0,4.0
24201,2023.0,6.0,18.0,1.0,19.988363,20.104578,18.841694,18.811071,19.758326,19.717606,19.554308,19.521814,19.482216,19.301458,19.263147,19.194916,20.36568,20.287413,19.986593,19.9209,19.525286,19.42333,0.0,0.0,0.0,0.0,0.0,0.0,0.0,0.0
24202,2023.0,6.0,18.0,1.0,19.962902,20.07811,18.828781,18.798086,19.728756,19.688087,19.525768,19.493101,19.535244,19.462091,19.545645,19.748497,20.346323,20.267826,19.961412,19.895384,19.33203,19.172174,0.0,0.0,0.0,0.0,4.0,0.0,0.0,0.0
24203,2023.0,6.0,18.0,1.0,19.938393,20.052832,18.8161,18.78539,19.70074,19.660341,19.49867,19.466091,19.530254,19.463905,19.315111,19.25607,20.327845,20.24932,19.937513,19.871422,19.27231,19.112934,0.0,0.0,0.0,0.0,0.0,0.0,0.0,0.0
24204,2023.0,6.0,18.0,2.0,19.914902,20.02883,18.803408,18.772429,19.673594,19.63315,19.472298,19.439552,19.508043,19.442549,19.247591,19.17753,20.309937,20.231375,19.914516,19.848394,19.32481,19.267342,0.0,0.0,0.0,0.0,0.0,0.0,0.0,0.0
24205,2023.0,6.0,18.0,2.0,19.892181,20.005594,18.790707,18.759405,19.648699,19.609434,19.447987,19.41631,19.485771,19.420496,19.219141,19.14988,20.29234,20.213577,19.892351,19.82631,20.043335,20.631853,0.0,0.0,0.0,0.0,0.0,0.0,0.0,4.0
24206,2023.0,6.0,18.0,2.0,19.86804,19.979353,18.77604,18.742865,19.621864,19.581272,19.421831,19.388727,19.46191,19.395353,19.48423,19.667824,20.273464,20.193321,19.869076,19.801863,19.454239,19.34867,0.0,0.0,0.0,0.0,4.0,0.0,0.0,0.0
24207,2023.0,6.0,18.0,2.0,19.84412,19.953157,18.761068,18.725811,19.595385,19.553192,19.396194,19.361324,20.02354,20.470318,19.293493,19.255585,20.254372,20.172697,19.845781,19.777235,19.257597,19.090237,0.0,0.0,0.0,4.0,0.0,0.0,0.0,0.0
24208,2023.0,6.0,18.0,2.0,19.8207,19.927423,18.745998,18.708527,19.569338,19.525429,19.370955,19.334238,19.633656,19.60927,19.199968,19.126143,20.23508,20.151808,19.822487,19.752544,19.19258,19.021801,0.0,0.0,0.0,0.0,0.0,0.0,0.0,0.0
24209,2023.0,6.0,18.0,2.0,19.797768,19.902098,18.730707,18.690914,19.543615,19.497837,19.345856,19.307226,19.380741,19.189442,19.47614,19.671125,20.215523,20.130558,19.79911,19.727684,19.242945,19.17396,0.0,0.0,0.0,0.0,4.0,0.0,0.0,0.0
24210,2023.0,6.0,18.0,3.0,19.774624,19.876116,18.714428,18.671385,19.51719,19.4684,19.319952,19.278318,19.291592,19.088125,19.598005,19.844378,20.195257,20.108093,19.775251,19.701895,19.233875,19.16894,0.0,0.0,0.0,0.0,4.0,0.0,0.0,0.0
24211,2023.0,6.0,18.0,3.0,19.754648,19.856422,18.702559,18.660513,19.495855,19.448744,19.299131,19.259062,19.362558,19.28465,19.460587,19.529024,20.177866,20.091558,19.754099,19.681555,19.211565,19.147451,0.0,0.0,0.0,0.0,4.0,0.0,0.0,0.0
24212,2023.0,6.0,18.0,3.0,19.735228,19.837423,18.691128,18.64983,19.47511,19.429369,19.278994,19.240143,19.358866,19.285471,19.129839,18.922577,20.160936,20.075441,19.733553,19.661812,19.18938,19.126062,0.0,0.0,0.0,0.0,0.0,0.0,0.0,0.0
24213,2023.0,6.0,18.0,3.0,19.715307,19.817,18.678846,18.637365,19.453398,19.407467,19.257898,19.218763,19.33874,19.266607,19.011557,18.79175,20.143568,20.058079,19.71265,19.640892,19.16679,19.103321,0.0,0.0,0.0,0.0,0.0,0.0,0.0,0.0
24214,2023.0,6.0,18.0,3.0,19.696516,19.798374,18.667099,18.626307,19.433258,19.388233,19.23817,19.199894,19.318283,19.246744,19.10775,19.044718,20.12716,20.042252,19.692781,19.621572,19.145731,19.082775,0.0,0.0,0.0,0.0,0.0,0.0,0.0,0.0
24215,2023.0,6.0,18.0,3.0,19.67803,19.779928,18.655214,18.615198,19.413612,19.369461,19.21877,19.181374,19.298191,19.22727,19.08652,19.00415,20.111233,20.026918,19.67348,19.60283,19.125631,19.063208,0.0,0.0,0.0,0.0,0.0,0.0,0.0,0.0
24216,2023.0,6.0,18.0,4.0,19.675802,19.793867,18.644327,18.606173,19.395737,19.35402,19.201084,19.166107,19.279846,19.210684,19.065418,18.989964,20.09654,20.013706,19.655478,19.586325,19.838549,20.423351,0.0,0.0,0.0,0.0,0.0,0.0,0.0,4.0
24217,2023.0,6.0,18.0,4.0,19.662113,19.780891,18.631054,18.592272,19.375282,19.333,19.180979,19.145401,19.259949,19.190248,19.04294,18.967276,20.080221,19.996822,19.635952,19.566303,19.360537,19.359951,0.0,0.0,0.0,0.0,0.0,0.0,0.0,0.0
24218,2023.0,6.0,18.0,4.0,19.644733,19.762117,18.61719,18.577404,19.354624,19.311434,19.160858,19.124268,19.240261,19.169865,19.020054,18.943602,20.063791,19.97967,19.616415,19.546148,19.818445,20.28612,0.0,0.0,0.0,0.0,0.0,0.0,0.0,4.0
24219,2023.0,6.0,18.0,4.0,19.626162,19.741499,18.601986,18.56013,19.33265,19.287281,19.139614,19.100729,19.220058,19.148214,18.996685,18.918312,20.04673,19.961266,19.596275,19.524794,20.0143,20.536392,0.0,0.0,0.0,0.0,0.0,0.0,0.0,4.0
24220,2023.0,6.0,18.0,4.0,19.609095,19.724062,18.589203,18.547781,19.313921,19.269438,19.121769,19.083494,19.20216,19.130848,19.273684,19.454346,20.031376,19.946205,19.577877,19.506813,19.347767,19.212362,0.0,0.0,0.0,0.0,4.0,0.0,0.0,0.0
24221,2023.0,6.0,18.0,4.0,19.590006,19.702816,18.574368,18.53126,19.292738,19.246552,19.101639,19.061464,19.18292,19.110397,19.059242,18.990294,20.014725,19.92839,19.55818,19.486038,19.147413,18.961723,0.0,0.0,0.0,0.0,0.0,0.0,0.0,0.0
24222,2023.0,6.0,18.0,5.0,19.571615,19.683014,18.55966,18.514896,19.271845,19.224174,19.081642,19.039864,19.16445,19.091059,18.993683,18.913116,19.998579,19.911375,19.53908,19.466217,19.070229,18.884941,0.0,0.0,0.0,0.0,0.0,0.0,0.0,0.0
24223,2023.0,6.0,18.0,5.0,19.555979,19.668695,18.54885,18.506432,19.255253,19.210344,19.065584,19.026459,19.73452,20.177738,18.969467,18.891933,19.985535,19.90028,19.522888,19.451906,19.129894,19.06532,0.0,0.0,0.0,4.0,0.0,0.0,0.0,0.0
24224,2023.0,6.0,18.0,5.0,20.210691,20.911707,18.537586,18.496672,19.238007,19.194656,19.048716,19.011152,19.36995,19.361433,19.2405,19.418623,20.681953,21.230133,19.50695,19.437202,19.849823,20.433039,0.0,0.0,0.0,0.0,4.0,4.0,0.0,4.0
24225,2023.0,6.0,18.0,5.0,19.798315,19.99077,18.5266,18.487082,19.221107,19.17915,19.032185,18.995996,19.233164,19.166405,19.061296,19.025482,20.073782,19.922068,19.491709,19.423128,19.254292,19.1435,0.0,0.0,0.0,0.0,0.0,0.0,0.0,0.0
24226,2023.0,6.0,18.0,5.0,20.127605,20.656126,18.515959,18.477829,19.20471,19.164146,19.016237,18.981373,19.773228,20.208479,19.262297,19.44158,19.889126,19.669008,20.414146,21.175388,19.804842,20.294949,0.0,0.0,0.0,4.0,4.0,0.0,4.0,4.0
24227,2023.0,6.0,18.0,5.0,19.664425,19.703491,18.505493,18.468678,19.1886,19.149305,19.000557,18.96691,19.288885,19.164892,19.079596,19.050394,19.842499,19.626814,19.699205,19.603632,19.280546,19.17332,0.0,0.0,0.0,0.0,0.0,0.0,0.0,0.0
24228,2023.0,6.0,18.0,6.0,20.148962,20.7045,18.495161,18.45959,19.849533,20.406628,18.985098,18.952566,19.103975,18.921253,18.981522,18.912052,20.634022,21.174187,19.46941,19.292467,19.082836,18.91667,0.0,4.0,0.0,0.0,0.0,4.0,0.0,0.0
24229,2023.0,6.0,18.0,6.0,21.132309,22.364822,18.485527,18.45194,21.136713,22.536755,21.236477,22.968613,19.053337,18.875942,19.241955,19.424513,21.05768,21.801554,21.224838,22.324587,19.019394,18.857649,0.0,4.0,0.0,0.0,4.0,0.0,4.0,0.0
24230,2023.0,6.0,18.0,6.0,20.990747,21.923897,18.475456,18.443632,21.00084,22.065449,20.976768,22.18568,19.126078,19.069464,20.09521,20.841106,21.021011,21.612795,20.97273,21.745144,19.073805,19.024492,0.0,4.0,4.0,0.0,4.0,0.0,4.0,0.0
24231,2023.0,6.0,18.0,6.0,21.011003,21.881895,18.92511,19.29683,21.01808,21.972364,21.041632,22.18953,19.761946,20.25685,20.016968,20.587795,20.994745,21.464113,20.999979,21.711212,19.069992,19.015053,4.0,4.0,0.0,4.0,0.0,4.0,4.0,0.0
24232,2023.0,6.0,18.0,6.0,21.00804,21.822645,20.132732,21.284883,21.015059,21.880833,21.039457,22.068542,20.056726,20.592224,19.37263,19.271236,21.015564,21.455761,21.01164,21.66609,19.813818,20.443314,4.0,4.0,0.0,4.0,0.0,4.0,4.0,4.0
24233,2023.0,6.0,18.0,6.0,21.019491,21.803576,20.078007,20.987902,21.034672,21.852144,21.041903,21.954433,20.04615,20.49095,19.032959,18.83882,21.056501,21.499022,21.064648,21.76485,20.05432,20.64532,0.0,4.0,4.0,0.0,0.0,4.0,0.0,0.0
24234,2023.0,6.0,18.0,7.0,21.03354,21.82703,19.537367,19.838224,21.010962,21.767132,21.03972,21.932886,20.061666,20.444298,19.073315,19.003237,21.094551,21.535492,21.02275,21.63214,19.393253,19.290926,4.0,4.0,0.0,4.0,0.0,4.0,0.0,0.0
24235,2023.0,6.0,18.0,7.0,21.000818,21.714266,20.100523,20.938528,21.012585,21.739319,21.01041,21.813324,20.15958,20.59236,19.080935,19.023113,21.139402,21.58753,21.158205,21.813946,19.96924,20.57815,4.0,4.0,4.0,4.0,0.0,4.0,4.0,4.0
24236,2023.0,6.0,18.0,7.0,21.005108,21.708628,19.99984,20.67188,21.011145,21.713165,21.014782,21.796377,19.995106,20.278778,19.432869,19.707817,21.005322,21.343447,21.005354,21.527475,20.264704,20.878271,4.0,4.0,4.0,0.0,4.0,0.0,0.0,4.0
24237,2023.0,6.0,18.0,7.0,21.004194,21.698006,20.014074,20.651888,21.036709,21.766169,21.03955,21.847155,19.56112,19.429258,20.066826,20.70234,21.020561,21.358406,21.027344,21.553055,19.985956,20.343817,4.0,0.0,0.0,0.0,4.0,0.0,0.0,0.0
24238,2023.0,6.0,18.0,7.0,21.032099,21.767693,20.01142,20.613485,21.003885,21.6604,21.032833,21.81296,19.372915,19.231218,20.015923,20.518034,21.21604,21.690788,21.023983,21.529432,19.49733,19.386362,4.0,4.0,0.0,0.0,0.0,4.0,0.0,0.0
24239,2023.0,6.0,18.0,7.0,20.9957,21.663599,20.029156,20.639652,21.009348,21.660555,21.031902,21.793482,19.32098,19.19081,19.777765,19.962347,21.297867,21.77958,21.02213,21.51035,19.30302,19.186268,0.0,4.0,0.0,0.0,4.0,4.0,0.0,0.0
24240,2023.0,6.0,18.0,8.0,21.032406,21.752712,19.394646,19.396408,21.034552,21.723856,21.025871,21.77974,19.367813,19.323183,20.057468,20.506561,20.98548,21.212358,21.017658,21.49617,19.248104,19.140541,0.0,0.0,0.0,0.0,0.0,0.0,0.0,0.0
24241,2023.0,6.0,18.0,8.0,20.382326,20.493011,19.063328,18.991781,20.306908,20.313423,20.88971,21.485819,19.382917,19.347385,19.588984,19.54146,20.608839,20.49613,20.526175,20.54008,19.276215,19.235252,0.0,0.0,4.0,0.0,0.0,0.0,0.0,0.0
24242,2023.0,6.0,18.0,8.0,20.131613,20.168741,19.037586,19.025145,19.998053,19.89269,20.189894,20.191614,19.38123,19.346733,19.481045,19.425928,20.475426,20.323294,20.343945,20.297474,19.283808,19.251892,0.0,0.0,0.0,0.0,0.0,0.0,0.0,0.0
24243,2023.0,6.0,18.0,8.0,20.028034,20.07421,19.00196,19.005169,19.873983,19.773012,19.887747,19.791636,19.38232,19.347288,19.468334,19.419743,20.431734,20.286871,20.262728,20.21022,19.281094,19.24948,0.0,0.0,0.0,0.0,0.0,0.0,0.0,0.0
24244,2023.0,6.0,18.0,8.0,20.038914,20.181755,18.959637,18.968485,19.868057,19.85861,19.777155,19.703188,19.388512,19.351856,19.456516,19.407055,20.487879,20.43118,20.210598,20.158504,19.282164,19.24941,0.0,0.0,0.0,0.0,0.0,0.0,0.0,0.0
24245,2023.0,6.0,18.0,8.0,19.9936,20.145071,18.925709,18.943022,19.81453,19.816525,19.746943,19.745335,20.101555,20.685705,19.454823,19.403767,20.487759,20.432596,20.174475,20.124271,19.286491,19.251593,0.0,0.0,0.0,4.0,0.0,0.0,0.0,0.0
24246,2023.0,6.0,18.0,9.0,19.953545,20.116938,19.350164,19.773819,19.7584,19.765505,19.690079,19.703552,19.98105,20.331568,19.459724,19.40555,20.484247,20.428368,20.145418,20.093334,19.294353,19.256771,4.0,0.0,0.0,0.0,0.0,0.0,0.0,0.0
24247,2023.0,6.0,18.0,9.0,20.5857,21.348558,20.09352,20.995527,19.702126,19.71651,19.620615,19.641848,19.696835,19.71177,19.470297,19.413721,21.240217,21.864807,20.12034,20.06778,19.305307,19.265167,0.0,0.0,0.0,0.0,0.0,4.0,0.0,0.0
24248,2023.0,6.0,18.0,9.0,20.180902,20.394846,19.44842,19.640667,20.319298,20.926626,20.227587,20.843803,19.569023,19.52138,19.847647,20.103678,20.832172,20.860523,20.102829,20.04871,19.319763,19.276882,0.0,4.0,4.0,0.0,4.0,0.0,0.0,0.0
24249,2023.0,6.0,18.0,9.0,20.670555,21.419897,19.167326,19.21991,20.497572,21.134155,19.79773,19.914392,19.572031,19.520477,20.015352,20.319147,20.654083,20.56556,20.097416,20.041151,19.337675,19.2921,0.0,4.0,0.0,0.0,0.0,0.0,0.0,0.0
24250,2023.0,6.0,18.0,9.0,20.264736,20.506516,19.071815,19.120935,20.519966,21.117668,19.55502,19.619265,19.59035,19.535595,19.784344,19.790266,20.625563,20.539259,20.095137,20.03721,20.238405,20.973366,0.0,4.0,0.0,0.0,0.0,0.0,0.0,4.0
24251,2023.0,6.0,18.0,9.0,20.075245,20.26051,19.022022,19.072655,20.009478,20.133196,19.512291,19.584375,19.614037,19.556358,19.702833,19.637074,20.634384,20.555809,20.100742,20.040653,19.955976,20.309692,0.0,0.0,0.0,0.0,0.0,0.0,0.0,0.0
24252,2023.0,6.0,18.0,10.0,20.010605,20.212776,18.980152,19.036963,19.784962,19.865488,19.450584,19.502226,19.641388,19.580975,19.71489,19.642996,20.651857,20.580875,20.10856,20.04661,19.666653,19.671583,0.0,0.0,0.0,0.0,0.0,0.0,0.0,0.0
24253,2023.0,6.0,18.0,10.0,19.952833,20.145233,18.955605,19.020199,20.378954,21.032423,19.416794,19.472408,19.67097,19.608036,19.742146,19.666756,20.667887,20.596,20.121424,20.057962,19.63304,19.624441,0.0,4.0,0.0,0.0,0.0,0.0,0.0,0.0
24254,2023.0,6.0,18.0,10.0,19.909626,20.103167,18.934675,19.006933,20.531525,21.197817,19.390038,19.451567,19.705961,19.643183,19.779392,19.704393,20.687452,20.615334,20.138613,20.074762,19.66056,19.662245,0.0,4.0,0.0,0.0,0.0,0.0,0.0,0.0
24255,2023.0,6.0,18.0,10.0,20.553162,21.344835,18.920685,19.002672,20.602247,21.2811,19.37067,19.441162,19.739859,19.673418,19.81677,19.737349,20.708984,20.634518,20.158321,20.092567,19.62955,19.573107,0.0,4.0,0.0,0.0,0.0,0.0,0.0,0.0
24256,2023.0,6.0,18.0,10.0,20.168251,20.494177,18.909561,19.00069,20.670992,21.36624,19.353388,19.431747,19.77906,19.711576,19.862202,19.78135,20.73532,20.659996,20.182508,20.116058,19.63972,19.578981,0.0,4.0,0.0,0.0,0.0,0.0,0.0,0.0
24257,2023.0,6.0,18.0,10.0,20.684193,21.528114,18.901917,19.002455,20.19077,20.433455,19.339338,19.425947,19.819817,19.75132,19.909403,19.827974,20.763956,20.687794,20.208857,20.141733,19.664541,19.602678,0.0,0.0,0.0,0.0,0.0,0.0,0.0,0.0
24258,2023.0,6.0,18.0,11.0,20.281021,20.6591,18.8973,19.00749,20.658175,21.406404,19.327938,19.422934,19.862236,19.793695,19.958868,19.878006,20.794432,20.718203,20.23686,20.169739,19.69262,19.630428,0.0,4.0,0.0,0.0,0.0,0.0,0.0,0.0
24259,2023.0,6.0,18.0,11.0,20.153006,20.492449,18.893847,19.012323,20.241987,20.526978,19.317617,19.419764,19.904242,19.835148,20.007938,19.926996,20.824825,20.74776,20.26438,20.196728,19.721563,19.658644,0.0,0.0,0.0,0.0,0.0,0.0,0.0,0.0
24260,2023.0,6.0,18.0,11.0,20.128086,20.480015,18.8921,19.018661,20.084723,20.323332,19.309011,19.41822,19.945253,19.875956,20.056334,19.97561,21.599894,22.193295,20.291668,20.223839,19.750872,19.687677,0.0,0.0,0.0,0.0,0.0,4.0,0.0,0.0
24261,2023.0,6.0,18.0,11.0,20.01244,20.274052,18.892433,19.027254,20.626074,21.380472,19.973621,20.68067,19.985537,19.917067,20.104992,20.02573,21.250324,21.367443,20.31851,20.251316,19.78056,19.718018,0.0,4.0,4.0,0.0,0.0,0.0,0.0,0.0
24262,2023.0,6.0,18.0,11.0,20.62634,21.464813,19.337185,19.867344,20.256163,20.581938,19.584358,19.792479,20.024902,19.958347,20.153105,20.077015,21.159813,21.204618,20.344782,20.279089,19.81139,19.750624,4.0,0.0,0.0,0.0,0.0,0.0,0.0,0.0
24263,2023.0,6.0,18.0,11.0,20.31169,20.754538,20.095697,21.12552,20.124466,20.409641,20.220327,21.071447,20.06246,19.998316,20.19955,20.127113,21.188469,21.24254,20.37008,20.306423,19.841381,19.783192,0.0,0.0,4.0,0.0,0.0,0.0,0.0,0.0
24264,2023.0,6.0,18.0,12.0,20.765574,21.698456,19.821974,20.422777,20.091953,20.390915,19.939186,20.313484,20.102186,20.041496,20.249937,20.181816,21.107273,21.055391,20.396223,20.335663,19.87333,19.818726,4.0,0.0,0.0,0.0,0.0,0.0,0.0,0.0
24265,2023.0,6.0,18.0,12.0,21.03975,22.090776,20.047176,20.8387,21.139961,22.240517,21.17394,22.52909,20.134584,20.076527,20.290806,20.22518,21.091711,21.025911,21.093237,21.53296,19.899042,19.846512,0.0,0.0,0.0,0.0,0.0,0.0,0.0,0.0
24266,2023.0,6.0,18.0,12.0,21.010021,21.94657,19.701885,20.119059,21.000566,21.869486,20.997295,22.065132,20.169191,20.114817,20.335125,20.273712,21.10068,21.036932,20.996347,21.294163,19.9272,19.877674,0.0,0.0,0.0,0.0,0.0,0.0,0.0,0.0
24267,2023.0,6.0,18.0,12.0,21.014954,21.899683,19.938274,20.648273,20.996986,21.778097,21.028622,22.036854,20.199514,20.147936,20.373196,20.314487,21.91177,22.568523,21.007998,21.267569,19.95238,19.906641,4.0,4.0,0.0,0.0,0.0,4.0,0.0,0.0
24268,2023.0,6.0,18.0,12.0,21.018274,21.859056,20.104143,20.851622,21.02079,21.818995,21.02405,21.965212,20.22852,20.181324,20.410105,20.356493,21.6071,21.770432,21.006607,21.230116,19.977118,19.935661,4.0,0.0,0.0,0.0,0.0,0.0,0.0,0.0
24269,2023.0,6.0,18.0,12.0,21.114101,21.977625,20.016352,20.649826,21.032846,21.814152,21.053484,21.971144,20.25659,20.215435,20.447231,20.402515,21.453466,21.559732,21.016005,21.220984,20.000593,19.964396,0.0,0.0,0.0,0.0,0.0,0.0,0.0,0.0
24270,2023.0,6.0,18.0,13.0,21.281786,22.261671,19.793108,20.225939,21.015972,21.753885,21.01649,21.866589,20.28046,20.243681,20.4773,20.437357,21.461922,21.578075,21.004412,21.181538,20.021519,19.990274,0.0,0.0,0.0,0.0,0.0,0.0,0.0,0.0
24271,2023.0,6.0,18.0,13.0,20.976477,21.686565,19.5121,19.733711,21.042248,21.751978,21.023848,21.854284,20.295097,20.254961,20.87253,21.15935,22.10701,22.78175,21.00638,21.171585,20.033318,19.99879,0.0,4.0,0.0,0.0,4.0,4.0,0.0,0.0
24272,2023.0,6.0,18.0,13.0,21.246063,22.184578,19.36708,19.548397,21.167635,21.9829,20.996372,21.757074,20.287079,20.25155,20.702505,20.735767,21.721025,21.897764,21.824547,22.718445,20.024744,19.9941,0.0,4.0,4.0,0.0,0.0,0.0,4.0,0.0
24273,2023.0,6.0,18.0,13.0,21.347372,22.282793,19.305893,19.474909,21.221462,22.031113,21.027632,21.827238,20.23122,20.218218,20.497747,20.493835,22.191837,22.955456,21.256063,21.461267,19.972555,19.960945,0.0,4.0,0.0,0.0,0.0,4.0,0.0,0.0
24274,2023.0,6.0,18.0,13.0,21.376896,22.30071,19.263025,19.424868,20.989046,21.625656,21.017231,21.798496,20.166985,20.172028,20.395142,20.405243,21.672005,21.865496,21.000433,21.213963,19.91359,19.918083,0.0,0.0,0.0,0.0,0.0,0.0,0.0,0.0
24275,2023.0,6.0,18.0,13.0,20.957848,21.566452,19.226767,19.38171,21.173225,21.959572,21.074604,21.868402,20.104794,20.121227,20.3099,20.33375,21.390331,21.516232,21.010777,21.298023,19.858862,19.875664,0.0,4.0,4.0,0.0,0.0,0.0,0.0,0.0
24276,2023.0,6.0,18.0,14.0,21.274784,22.170687,19.62744,20.153343,21.227634,22.001171,21.012276,21.764479,20.051062,20.078962,20.237017,20.273586,22.032688,22.817099,21.008976,21.338211,19.810425,19.835995,4.0,4.0,0.0,0.0,0.0,4.0,0.0,0.0
24277,2023.0,6.0,18.0,14.0,20.826593,21.234474,20.031393,20.748802,20.714247,21.019484,20.534908,20.840572,20.000542,20.033348,20.167864,20.20993,21.560698,21.779055,20.680294,20.729563,19.765646,19.796604,4.0,0.0,0.0,0.0,0.0,0.0,0.0,0.0
24278,2023.0,6.0,18.0,14.0,20.583767,20.938114,20.04234,20.701578,20.454494,20.695438,20.284212,20.533278,19.953966,19.98944,20.105583,20.15047,22.004852,22.787281,20.50906,20.527636,19.724646,19.758333,4.0,0.0,0.0,0.0,0.0,4.0,0.0,0.0
24279,2023.0,6.0,18.0,14.0,20.504564,20.840057,20.009283,20.626959,20.95538,21.68954,20.093376,20.222412,19.915358,19.951826,20.054781,20.100143,21.4544,21.659395,21.408907,22.29013,19.690102,19.72497,0.0,4.0,0.0,0.0,0.0,0.0,4.0,0.0
24280,2023.0,6.0,18.0,14.0,21.035591,21.879866,20.06266,20.67529,21.109474,21.826017,19.955366,20.05434,19.876143,19.912104,20.002914,20.04736,21.901707,22.667723,21.760656,22.680933,19.65495,19.689503,4.0,4.0,0.0,0.0,0.0,4.0,4.0,0.0
24281,2023.0,6.0,18.0,14.0,21.16881,22.017107,20.081734,20.677416,21.123152,21.820272,20.540777,21.205881,19.84415,19.878687,19.960611,20.002777,21.346344,21.515148,20.998123,21.169413,19.625925,19.659376,4.0,4.0,4.0,0.0,0.0,0.0,0.0,0.0
24282,2023.0,6.0,18.0,15.0,20.652279,20.996382,20.089651,20.665897,20.612059,20.84291,20.685507,21.358444,20.516836,21.17059,19.921263,19.960466,21.129684,21.19594,21.652014,22.52945,19.599325,19.63101,4.0,0.0,4.0,4.0,0.0,0.0,4.0,0.0
24283,2023.0,6.0,18.0,15.0,21.085934,21.89943,20.1078,20.679651,20.40792,20.564466,20.2258,20.462774,20.09464,20.223045,19.89109,19.932238,21.0612,21.124844,20.986935,21.144144,19.58023,19.613953,4.0,0.0,0.0,0.0,0.0,0.0,0.0,0.0
24284,2023.0,6.0,18.0,15.0,20.631363,20.952616,19.998808,20.48909,20.328363,20.480917,20.058586,20.234879,19.988369,20.099869,19.866238,19.909561,21.011642,21.078182,20.743334,20.806768,19.565361,19.601027,0.0,0.0,0.0,0.0,0.0,0.0,0.0,0.0
24285,2023.0,6.0,18.0,15.0,20.424358,20.712044,19.752377,20.012209,20.26827,20.42446,19.99124,20.169538,19.976233,20.09623,19.844885,19.890116,20.924944,20.950907,21.632093,22.570786,20.417648,21.22365,0.0,0.0,0.0,0.0,0.0,0.0,4.0,4.0
24286,2023.0,6.0,18.0,15.0,20.372906,20.654232,19.643057,19.863407,20.15665,20.24327,19.949501,20.126596,19.898212,19.947361,19.835709,19.878328,20.881876,20.898365,20.975542,21.143682,19.971794,20.296642,0.0,0.0,0.0,0.0,0.0,0.0,0.0,0.0
24287,2023.0,6.0,18.0,15.0,20.948265,21.763771,19.502872,19.631802,20.72798,21.3742,20.454573,21.097456,19.854883,19.886745,20.2093,20.577293,21.652458,22.38331,20.647036,20.722195,19.803587,19.937191,0.0,4.0,4.0,0.0,4.0,4.0,0.0,0.0
24288,2023.0,6.0,18.0,16.0,21.107534,21.934721,19.846628,20.31611,20.917192,21.604933,20.646276,21.346693,19.84891,19.874418,20.006449,20.162237,21.818157,22.531975,21.58451,22.521769,19.771957,19.882818,4.0,4.0,4.0,0.0,0.0,4.0,4.0,0.0
24289,2023.0,6.0,18.0,16.0,21.182253,22.004705,20.018251,20.547209,20.98507,21.667933,20.19225,20.428156,19.852348,19.873802,19.91285,19.95713,21.262161,21.402607,21.044125,21.201279,19.698067,19.727375,0.0,4.0,0.0,0.0,0.0,0.0,0.0,0.0
24290,2023.0,6.0,18.0,16.0,21.247448,22.068323,19.66159,19.826689,21.046354,21.728891,20.56016,21.244896,19.862257,19.879692,20.284302,20.65167,21.050407,21.110458,20.73055,20.795334,19.674246,19.692385,0.0,4.0,4.0,0.0,4.0,0.0,0.0,0.0
24291,2023.0,6.0,18.0,16.0,20.719334,21.037725,19.956678,20.448269,20.550114,20.764275,20.70247,21.407982,19.876835,19.890171,20.100492,20.203619,21.025425,21.076643,20.68438,20.73916,19.680779,19.694502,4.0,0.0,4.0,0.0,0.0,0.0,0.0,0.0
24292,2023.0,6.0,18.0,16.0,20.563305,20.84378,20.110586,20.67731,20.386168,20.550694,20.766827,21.469059,19.893232,19.902315,20.099977,20.210419,21.020426,21.069944,21.649868,22.570038,20.547949,21.31856,4.0,0.0,4.0,0.0,0.0,0.0,4.0,4.0
24293,2023.0,6.0,18.0,16.0,20.502972,20.783648,20.162174,20.733576,20.924507,21.612398,20.296509,20.544998,19.91033,19.915863,20.138786,20.257214,20.969303,20.968382,21.05878,21.237719,20.143244,20.344557,4.0,4.0,0.0,0.0,0.0,0.0,0.0,0.0
24294,2023.0,6.0,18.0,17.0,21.059252,21.860113,20.201082,20.77319,20.539907,20.783432,20.734383,21.453667,19.926617,19.929224,20.073002,20.097921,20.949474,20.937807,21.747398,22.60593,19.990246,20.085857,4.0,0.0,4.0,0.0,0.0,0.0,4.0,0.0
24295,2023.0,6.0,18.0,17.0,20.646753,20.972836,20.216389,20.77079,20.950325,21.628616,20.305775,20.544842,19.92906,19.927279,20.412779,20.740139,21.671745,22.32322,21.128778,21.278885,19.95552,20.030636,4.0,4.0,0.0,0.0,4.0,4.0,0.0,0.0
24296,2023.0,6.0,18.0,17.0,20.476662,20.727764,19.98291,20.358597,21.05247,21.713894,20.102648,20.25174,19.90957,19.910652,20.205967,20.302126,21.20687,21.326485,20.866993,20.891552,19.912727,19.97874,0.0,4.0,0.0,0.0,0.0,0.0,0.0,0.0
24297,2023.0,6.0,18.0,17.0,21.010174,21.774996,20.130083,20.627264,21.07389,21.713139,20.62369,21.286842,19.885387,19.888885,20.025938,20.046059,21.699602,22.388315,21.731606,22.616875,19.818144,19.825155,4.0,4.0,4.0,0.0,0.0,4.0,4.0,0.0
24298,2023.0,6.0,18.0,17.0,20.589159,20.870695,19.991617,20.372375,20.572956,20.745016,20.743414,21.391562,19.861908,19.865673,19.964884,19.968733,21.176277,21.283804,21.063961,21.184992,19.7698,19.772198,0.0,0.0,4.0,0.0,0.0,0.0,0.0,0.0
24299,2023.0,6.0,18.0,17.0,20.352901,20.560892,20.111526,20.57876,20.912642,21.532312,20.227352,20.382427,20.53672,21.160954,20.281178,20.597961,21.656729,22.338402,20.694433,20.699005,19.736519,19.738684,4.0,4.0,0.0,4.0,4.0,4.0,0.0,0.0
24300,2023.0,6.0,18.0,18.0,20.908852,21.633215,19.99621,20.36659,21.000683,21.598316,20.0325,20.107655,20.118315,20.218132,20.06889,20.139797,21.110388,21.186157,20.6079,20.595451,20.574621,21.345268,0.0,4.0,0.0,0.0,0.0,0.0,0.0,4.0
24301,2023.0,6.0,18.0,18.0,21.012022,21.681961,19.744864,19.882156,21.02207,21.602457,21.134409,22.128061,19.887793,19.911526,19.923445,19.947456,21.582457,22.225431,21.461807,22.257557,20.130232,20.230143,0.0,4.0,0.0,0.0,0.0,4.0,4.0,0.0
24302,2023.0,6.0,18.0,18.0,21.015572,21.648293,19.998112,20.443583,21.019297,21.590508,21.006668,21.77168,19.840467,19.85142,20.24423,20.575666,21.094742,21.12323,20.94948,21.152672,19.843437,19.85943,4.0,0.0,0.0,0.0,4.0,0.0,0.0,0.0
24303,2023.0,6.0,18.0,18.0,21.172186,21.886906,19.997452,20.378307,21.017546,21.561144,20.994698,21.668882,19.81196,19.8152,19.978945,20.04183,21.0132,21.12335,21.024231,21.30642,19.773878,19.77639,0.0,0.0,4.0,0.0,0.0,0.0,0.0,0.0
24304,2023.0,6.0,18.0,18.0,21.228159,21.924921,19.693037,19.77948,21.01763,21.539623,21.028019,21.715652,19.79054,19.78992,19.873512,19.86541,21.006523,21.123169,21.010042,21.278322,19.732813,19.728132,0.0,0.0,0.0,0.0,0.0,0.0,0.0,0.0
24305,2023.0,6.0,18.0,18.0,20.990442,21.501925,19.536474,19.583752,21.079872,21.610464,21.021797,21.6696,20.495,21.135393,19.837587,19.833351,21.007406,21.132353,21.01179,21.277802,20.625057,21.443626,0.0,4.0,0.0,4.0,0.0,0.0,0.0,4.0
24306,2023.0,6.0,18.0,19.0,21.18291,21.844782,19.901535,20.315298,21.100836,21.622168,21.02221,21.64274,20.71842,21.287714,19.81096,19.804796,21.005796,21.13737,21.009768,21.273243,20.114855,20.160643,4.0,4.0,0.0,4.0,0.0,0.0,0.0,0.0
24307,2023.0,6.0,18.0,19.0,20.98931,21.472002,20.06459,20.505636,21.112665,21.630562,21.018661,21.620007,20.156616,20.173727,20.118328,20.398176,21.5854,22.232601,21.010057,21.271982,19.819414,19.800047,4.0,4.0,0.0,0.0,4.0,4.0,0.0,0.0
24308,2023.0,6.0,18.0,19.0,21.018513,21.529673,20.052368,20.444946,21.124077,21.6388,21.067034,21.66974,19.931005,19.899252,19.988123,20.088903,20.98731,21.0431,21.009804,21.269232,19.758081,19.73528,4.0,4.0,4.0,0.0,0.0,0.0,0.0,0.0
24309,2023.0,6.0,18.0,19.0,21.013777,21.516525,20.059023,20.44432,21.134295,21.64587,21.016592,21.584549,20.577936,21.169405,19.875694,19.875832,21.018732,21.121183,21.00973,21.266571,19.72603,19.701563,4.0,4.0,0.0,4.0,0.0,0.0,0.0,0.0
24310,2023.0,6.0,18.0,19.0,21.224354,21.885023,20.074987,20.45638,21.143661,21.651964,21.022034,21.584661,20.183544,20.205313,19.817644,19.807213,21.51304,22.05838,21.009731,21.264025,20.569275,21.317194,4.0,4.0,0.0,0.0,0.0,4.0,0.0,4.0
24311,2023.0,6.0,18.0,19.0,21.307964,21.970158,20.00526,20.339,21.003138,21.421633,21.015848,21.530802,19.948593,19.914385,19.792969,19.780125,21.690369,22.245052,21.009537,21.261063,20.103985,20.1329,0.0,0.0,4.0,0.0,0.0,4.0,0.0,0.0
24312,2023.0,6.0,18.0,20.0,20.977058,21.3882,19.71135,19.770706,21.019331,21.454887,21.024714,21.573418,20.578894,21.149406,19.774616,19.76112,21.7475,22.296337,21.009676,21.259094,19.835648,19.805733,0.0,0.0,0.0,4.0,0.0,4.0,0.0,0.0
24313,2023.0,6.0,18.0,20.0,21.235937,21.878069,19.945917,20.306353,21.017023,21.446045,21.020973,21.52681,20.18446,20.186884,20.085032,20.354704,21.790735,22.331333,21.69687,22.539904,19.772926,19.736303,4.0,0.0,4.0,0.0,4.0,4.0,4.0,0.0
24314,2023.0,6.0,18.0,20.0,20.979118,21.38352,20.05237,20.417294,21.118706,21.60585,21.0239,21.558565,20.592035,21.106144,19.98698,20.097094,21.170399,21.12334,21.83637,22.558823,19.736526,19.69517,4.0,4.0,0.0,4.0,0.0,0.0,4.0,0.0
24315,2023.0,6.0,18.0,20.0,21.018677,21.471012,20.008842,20.342268,21.15418,21.638416,21.020584,21.544008,20.204872,20.191938,20.214869,20.511238,21.628582,22.164913,20.975298,21.04535,19.738874,19.725586,0.0,4.0,0.0,0.0,4.0,4.0,0.0,0.0
24316,2023.0,6.0,18.0,20.0,21.245298,21.877493,20.059801,20.406586,21.16309,21.641542,21.02402,21.511684,19.978188,19.916477,19.986002,20.050028,21.145117,21.095089,21.025969,21.18336,20.541622,21.24528,4.0,4.0,4.0,0.0,0.0,0.0,0.0,4.0
24317,2023.0,6.0,18.0,20.0,20.978352,21.369696,20.081251,20.424301,21.000189,21.373354,21.018507,21.499943,19.912245,19.841032,19.837158,19.774559,21.008877,21.005974,21.010033,21.17878,19.974728,20.041573,4.0,0.0,4.0,0.0,0.0,0.0,0.0,0.0
24318,2023.0,6.0,18.0,21.0,21.019176,21.46002,20.004923,20.29849,21.117321,21.579325,21.01444,21.490686,20.653316,21.285202,19.753693,19.675291,21.00722,21.032722,21.011602,21.192995,19.81588,19.763453,0.0,4.0,4.0,4.0,0.0,0.0,0.0,0.0
24319,2023.0,6.0,18.0,21.0,21.236044,21.847374,20.065039,20.390553,21.00288,21.375143,21.02438,21.533876,20.23261,20.222443,20.126047,20.412857,21.509674,21.999142,21.621145,22.32997,19.746109,19.680395,4.0,0.0,0.0,0.0,4.0,4.0,4.0,0.0
24320,2023.0,6.0,18.0,21.0,21.316565,21.927544,20.089085,20.414003,21.019583,21.410479,21.02064,21.518597,19.95746,19.882248,20.309217,20.621458,20.988497,20.972677,21.832533,22.526676,19.707985,19.639679,4.0,0.0,0.0,0.0,4.0,0.0,4.0,0.0
24321,2023.0,6.0,18.0,21.0,21.33587,21.93818,20.004053,20.275036,21.017284,21.403553,21.020971,21.509817,19.887543,19.801725,20.274534,20.498255,21.016016,21.05827,20.986477,21.028492,20.646448,21.44789,0.0,0.0,0.0,0.0,4.0,0.0,0.0,4.0
24322,2023.0,6.0,18.0,21.0,20.976337,21.317945,19.708715,19.710506,21.230057,21.788704,21.020609,21.499945,19.902199,19.870546,19.988867,20.008066,21.007416,21.058666,21.650843,22.346935,20.120586,20.11193,0.0,4.0,0.0,0.0,0.0,0.0,4.0,0.0
24323,2023.0,6.0,18.0,21.0,21.019217,21.42376,19.924528,20.214918,21.199171,21.646873,21.015957,21.492077,19.898144,19.868189,20.165546,20.349234,21.616661,22.223845,20.97388,21.00917,19.803293,19.727333,4.0,4.0,0.0,0.0,4.0,4.0,0.0,0.0
24324,2023.0,6.0,18.0,22.0,21.013796,21.420862,20.012922,20.322186,20.999943,21.33686,21.016586,21.493177,20.564022,21.141655,19.987726,20.002283,20.99796,20.996403,21.026129,21.150898,19.73286,19.647217,0.0,0.0,0.0,4.0,0.0,0.0,0.0,0.0
24325,2023.0,6.0,18.0,22.0,21.01466,21.425108,19.68087,19.669487,21.020332,21.385187,21.016478,21.492277,20.133047,20.077425,20.134428,20.28572,21.539373,22.069332,21.01026,21.144867,19.692932,19.604208,0.0,0.0,0.0,0.0,4.0,4.0,0.0,0.0
24326,2023.0,6.0,18.0,22.0,21.00998,21.425074,19.558893,19.55699,21.017534,21.380836,21.016651,21.491259,19.88049,19.772627,19.99039,20.00756,20.999018,20.992264,21.011852,21.160397,20.565243,21.291656,0.0,0.0,0.0,0.0,0.0,0.0,0.0,4.0
24327,2023.0,6.0,18.0,22.0,21.020596,21.452343,19.517584,19.512794,21.026178,21.406435,21.033388,21.52116,19.810081,19.691446,19.894163,19.84659,21.015419,21.075064,21.014694,21.18241,20.753504,21.314253,0.0,0.0,0.0,0.0,0.0,0.0,0.0,4.0
24328,2023.0,6.0,18.0,22.0,21.00937,21.4329,19.483154,19.479721,21.011621,21.38206,21.013924,21.479317,19.847883,19.804995,19.848196,19.805464,21.007418,21.05626,21.00754,21.177643,20.084784,20.012983,0.0,0.0,0.0,0.0,0.0,0.0,0.0,0.0
24329,2023.0,6.0,18.0,22.0,21.011332,21.439783,19.449043,19.443193,21.013823,21.390299,21.016823,21.48344,20.469545,20.978556,19.811834,19.766441,21.009659,21.071476,21.009033,21.188585,19.819355,19.703438,0.0,0.0,0.0,4.0,0.0,0.0,0.0,0.0
24330,2023.0,6.0,18.0,23.0,21.010708,21.440254,19.418531,19.410158,21.013626,21.392273,21.0165,21.481272,20.132332,20.128403,19.779963,19.732174,21.005098,21.078928,21.009222,21.194918,19.745752,19.626982,0.0,0.0,0.0,0.0,0.0,0.0,0.0,0.0
24331,2023.0,6.0,18.0,23.0,20.725117,20.892,19.393904,19.386059,20.664669,20.723387,20.5917,20.66346,19.868303,19.754751,20.043541,20.247385,20.861132,20.814707,20.770527,20.740265,20.55689,21.209057,0.0,0.0,0.0,0.0,4.0,0.0,0.0,4.0
24332,2023.0,6.0,18.0,23.0,20.600817,20.72771,19.374273,19.365389,20.482975,20.461157,20.380896,20.364561,19.788708,19.655884,19.836142,19.796833,20.799486,20.740883,20.67559,20.625723,20.687899,21.243324,0.0,0.0,0.0,0.0,0.0,0.0,0.0,4.0
24333,2023.0,6.0,18.0,23.0,20.558033,20.69921,19.357988,19.350449,20.411926,20.39122,20.29922,20.28472,19.832298,19.781559,19.774342,19.727024,20.766674,20.709429,20.627583,20.578089,20.04741,19.971874,0.0,0.0,0.0,0.0,0.0,0.0,0.0,0.0
24334,2023.0,6.0,18.0,23.0,20.513689,20.65233,19.340889,19.332466,20.349838,20.324709,20.227957,20.208239,19.831684,19.786915,19.745682,19.695747,20.734653,20.67577,20.583992,20.532476,19.85902,19.730524,0.0,0.0,0.0,0.0,0.0,0.0,0.0,0.0
24335,2023.0,6.0,18.0,23.0,20.476353,20.614956,19.326164,19.318312,20.301586,20.277512,20.172964,20.154348,19.816343,19.772314,19.723051,19.673147,20.707308,20.648512,20.547737,20.496372,19.79636,19.671368,0.0,0.0,0.0,0.0,0.0,0.0,0.0,0.0
24336,2023.0,6.0,19.0,0.0,20.445265,20.585882,19.313673,19.307697,20.262806,20.243404,20.128904,20.115564,19.802395,19.759245,19.995415,20.198679,20.683977,20.626793,21.41169,22.153059,19.824118,19.776428,0.0,0.0,0.0,0.0,4.0,0.0,4.0,0.0
24337,2023.0,6.0,19.0,0.0,20.414356,20.554043,19.300146,19.294062,20.224106,20.204752,20.085007,20.071829,19.787788,19.744133,19.821781,19.814667,20.66059,20.60292,20.729813,20.665989,19.81635,19.77967,0.0,0.0,0.0,0.0,0.0,0.0,0.0,0.0
24338,2023.0,6.0,19.0,0.0,20.384434,20.521639,19.286407,19.27922,20.187065,20.16569,20.043064,20.027786,19.773102,19.72823,20.05028,20.283308,20.637636,20.578442,20.492458,20.339108,19.790665,19.750776,0.0,0.0,0.0,0.0,4.0,0.0,0.0,0.0
24339,2023.0,6.0,19.0,0.0,20.358328,20.494728,19.274113,19.266577,20.154943,20.133684,20.006987,19.991947,19.75961,19.714212,19.806896,19.76775,20.61694,20.557266,20.424463,20.272314,19.768053,19.727524,0.0,0.0,0.0,0.0,0.0,0.0,0.0,0.0
24340,2023.0,6.0,19.0,0.0,20.335115,20.471762,19.26302,19.25575,20.12659,20.106976,19.975517,19.962317,20.324661,20.786467,19.742023,19.692442,20.598019,20.538666,20.373705,20.225227,20.477974,21.082386,0.0,0.0,0.0,4.0,0.0,0.0,0.0,4.0
24341,2023.0,6.0,19.0,0.0,20.312347,20.448013,19.25163,19.243944,20.098602,20.079048,19.944859,19.931637,19.968908,19.984259,19.712095,19.660715,20.579044,20.519157,20.418945,20.360365,19.921965,19.86225,0.0,0.0,0.0,0.0,0.0,0.0,0.0,0.0
24342,2023.0,6.0,19.0,1.0,20.28993,20.423374,19.239447,19.230253,20.070166,20.04849,19.914116,19.898453,19.829885,19.78198,19.684988,19.630993,20.559645,20.498137,20.411125,20.357248,19.73345,19.605581,0.0,0.0,0.0,0.0,0.0,0.0,0.0,0.0
24343,2023.0,6.0,19.0,1.0,20.268705,20.399942,19.22673,19.21528,20.043806,20.020544,19.88589,19.868608,19.797493,19.747711,19.661287,19.605183,20.540512,20.477127,20.386917,20.331345,19.766243,19.723776,0.0,0.0,0.0,0.0,0.0,0.0,0.0,0.0
24344,2023.0,6.0,19.0,1.0,20.247879,20.37669,19.21381,19.200031,20.0185,19.993553,19.858814,19.839886,19.770473,19.718838,19.638512,19.580267,20.521412,20.456116,20.36256,20.305283,19.743567,19.697136,0.0,0.0,0.0,0.0,0.0,0.0,0.0,0.0
24345,2023.0,6.0,19.0,1.0,20.22751,20.353874,19.200777,19.184645,19.994059,19.967373,19.83274,19.812136,19.74709,19.693504,19.616352,19.555935,20.502296,20.435053,20.338337,20.279345,19.71832,19.670063,0.0,0.0,0.0,0.0,0.0,0.0,0.0,0.0
24346,2023.0,6.0,19.0,1.0,20.85278,21.541618,19.18917,19.172222,19.972584,19.946346,19.809881,19.789932,19.726585,19.672554,19.596252,19.535461,20.484392,20.416481,21.218266,21.956598,19.69563,19.646997,0.0,0.0,0.0,0.0,0.0,0.0,4.0,0.0
24347,2023.0,6.0,19.0,1.0,20.444609,20.633718,19.175785,19.156254,19.949469,19.920946,19.785175,19.763083,19.70549,19.64918,19.574266,19.510994,20.46502,20.394903,21.367887,22.018599,19.672234,19.621449,0.0,0.0,0.0,0.0,0.0,0.0,4.0,0.0
24348,2023.0,6.0,19.0,2.0,20.169758,20.172121,19.162613,19.140747,19.927826,19.89724,19.761692,19.737867,19.68583,19.627626,19.552752,19.487385,20.446096,20.37409,20.596535,20.483479,19.650045,19.597494,0.0,0.0,0.0,0.0,0.0,0.0,0.0,0.0
24349,2023.0,6.0,19.0,2.0,20.068764,20.038408,19.148159,19.122725,19.90543,19.87132,19.737385,19.710323,19.665304,19.604095,19.839779,20.042206,20.42587,20.350836,20.361797,20.173119,19.62732,19.571875,0.0,0.0,0.0,0.0,4.0,0.0,0.0,0.0
24350,2023.0,6.0,19.0,2.0,20.143806,20.238272,19.134571,19.106487,19.884613,19.848488,19.715075,19.686241,19.645552,19.582483,19.641983,19.612108,20.406303,20.329351,21.208387,21.844206,19.606062,19.548927,0.0,0.0,0.0,0.0,0.0,0.0,4.0,0.0
24351,2023.0,6.0,19.0,2.0,20.150225,20.259796,19.120277,19.088829,19.863173,19.824158,19.69232,19.66074,19.62472,19.559088,19.545237,19.472675,20.385647,20.306087,20.555202,20.437881,19.584274,19.524752,0.0,0.0,0.0,0.0,0.0,0.0,0.0,0.0
24352,2023.0,6.0,19.0,2.0,20.128227,20.233507,19.103941,19.067297,19.839848,19.795729,19.667622,19.63102,19.602032,19.532282,19.509258,19.430105,20.363117,20.279436,20.304468,20.094296,19.561165,19.497862,0.0,0.0,0.0,0.0,0.0,0.0,0.0,0.0
24353,2023.0,6.0,19.0,2.0,20.107363,20.209652,19.08908,19.049019,19.818659,19.771608,19.645355,19.60595,19.580528,19.508135,19.478905,19.396841,20.341661,20.255281,20.22053,20.009062,19.539381,19.473652,0.0,0.0,0.0,0.0,0.0,0.0,0.0,0.0
24354,2023.0,6.0,19.0,3.0,20.087431,20.187895,19.075703,19.033983,19.79938,19.751446,19.625336,19.585163,19.560156,19.486551,19.452358,19.369577,20.321276,20.233583,20.279423,20.194302,20.248379,20.825531,0.0,0.0,0.0,0.0,0.0,0.0,0.0,4.0
24355,2023.0,6.0,19.0,3.0,20.067024,20.165176,19.061451,19.017467,19.779081,19.729324,19.604553,19.562466,19.538946,19.463566,19.424936,19.340092,20.300137,20.210644,20.265364,20.185549,19.767971,19.75785,0.0,0.0,0.0,0.0,0.0,0.0,0.0,0.0
24356,2023.0,6.0,19.0,3.0,20.046452,20.141737,19.046852,19.000233,19.758469,19.706272,19.583721,19.539036,19.517345,19.439646,19.397568,19.309893,20.278614,20.186789,20.230106,20.147858,19.495775,19.310463,0.0,0.0,0.0,0.0,0.0,0.0,0.0,0.0
24357,2023.0,6.0,19.0,3.0,20.026863,20.120005,19.032253,18.983105,19.73823,19.683813,19.563322,19.516312,19.49623,19.416609,19.371218,19.281185,20.2576,20.16384,20.196512,20.112446,19.413109,19.221746,0.0,0.0,0.0,0.0,0.0,0.0,0.0,0.0
24358,2023.0,6.0,19.0,3.0,20.008698,20.100891,19.019587,18.969967,19.720348,19.666023,19.545229,19.498299,20.060465,20.493637,19.64385,19.811285,20.238258,20.144115,20.165874,20.081999,19.478676,19.406832,0.0,0.0,0.0,4.0,4.0,0.0,0.0,0.0
24359,2023.0,6.0,19.0,3.0,19.98883,20.07814,19.004726,18.952377,19.699928,19.643126,19.524544,19.47512,20.301834,20.814634,19.424026,19.338814,20.217184,20.120766,20.133942,20.047745,19.468456,19.393219,0.0,0.0,0.0,4.0,0.0,0.0,0.0,0.0
24360,2023.0,6.0,19.0,4.0,19.971449,20.059761,18.991535,18.938007,19.681454,19.624142,19.50592,19.455967,19.647448,19.485786,19.357933,19.265596,20.19787,20.100822,20.105206,20.018883,19.445091,19.369282,0.0,0.0,0.0,0.0,0.0,0.0,0.0,0.0
24361,2023.0,6.0,19.0,4.0,19.959045,20.051165,18.978182,18.92349,19.66253,19.60432,19.486864,19.435963,19.435833,19.212002,19.634071,19.810266,20.178465,20.080498,20.076532,19.98924,19.422241,19.34545,0.0,0.0,0.0,0.0,4.0,0.0,0.0,0.0
24362,2023.0,6.0,19.0,4.0,19.954748,20.057272,18.965937,18.911118,19.64497,19.587025,19.46923,19.418545,19.970694,20.280968,19.423323,19.361145,20.160421,20.062521,20.050201,19.9632,19.401043,19.324375,0.0,0.0,0.0,4.0,0.0,0.0,0.0,0.0
24363,2023.0,6.0,19.0,4.0,19.941803,20.044588,18.953493,18.89831,19.627169,19.56919,19.451454,19.400654,19.540785,19.359846,19.330086,19.23654,20.142456,20.044392,20.024406,19.937372,20.109184,20.67578,0.0,0.0,0.0,0.0,0.0,0.0,0.0,4.0
24364,2023.0,6.0,19.0,4.0,19.925936,20.027159,18.939548,18.882683,19.60771,19.548037,19.432201,19.379578,19.368353,19.142359,19.293701,19.196806,20.123728,20.024385,19.997988,19.909529,20.406109,21.071749,0.0,0.0,0.0,0.0,0.0,0.0,0.0,4.0
24365,2023.0,6.0,19.0,4.0,19.911077,20.012312,18.92787,18.8719,19.591282,19.532927,19.416302,19.364735,19.444988,19.356901,19.266294,19.171423,20.107618,20.009064,19.975016,19.887688,19.628347,19.487665,0.0,0.0,0.0,0.0,0.0,0.0,0.0,0.0
24366,2023.0,6.0,19.0,5.0,19.894533,19.994802,18.91458,18.858204,19.573172,19.514498,19.398901,19.346748,19.440283,19.354065,19.23987,19.144508,20.091194,19.99235,19.951706,19.864159,20.160727,20.628841,0.0,0.0,0.0,0.0,0.0,0.0,0.0,4.0
24367,2023.0,6.0,19.0,5.0,19.878958,19.97952,18.902493,18.847155,19.55635,19.498734,19.382738,19.331419,19.416225,19.331429,19.217316,19.122929,20.783476,21.31662,19.930641,19.844025,19.592896,19.431137,0.0,0.0,0.0,0.0,0.0,4.0,0.0,0.0
24368,2023.0,6.0,19.0,5.0,19.863708,19.964754,18.89088,18.836931,19.540127,19.48382,19.367037,19.316883,19.395784,19.312231,19.19791,19.10481,20.1635,19.985294,19.911318,19.825863,19.405062,19.20277,0.0,0.0,0.0,0.0,0.0,0.0,0.0,0.0
24369,2023.0,6.0,19.0,5.0,19.848358,19.949738,18.87915,18.826448,19.523857,19.468632,19.351004,19.301924,19.960575,20.390953,19.47688,19.642174,19.98065,19.73884,19.893328,19.808884,19.337677,19.139011,0.0,0.0,0.0,4.0,4.0,0.0,0.0,0.0
24370,2023.0,6.0,19.0,5.0,19.833185,19.935017,18.86757,18.816118,19.507612,19.453602,19.334885,19.28703,19.587444,19.558558,19.29395,19.235645,20.61709,20.982626,19.87699,19.793707,19.405104,19.329481,0.0,0.0,0.0,0.0,0.0,4.0,0.0,0.0
24371,2023.0,6.0,19.0,5.0,19.8183,19.920786,18.856234,18.806065,19.49152,19.438873,19.318848,19.272379,19.342514,19.148878,19.214613,19.126333,20.13673,19.953545,20.782455,21.513477,20.123405,20.687216,0.0,0.0,0.0,0.0,0.0,0.0,4.0,4.0
24372,2023.0,6.0,19.0,6.0,19.80313,19.906017,18.844704,18.795713,19.475454,19.423872,19.302732,19.25739,19.260643,19.054014,19.484962,19.647758,19.979586,19.74098,20.06706,19.940908,20.250507,20.74555,0.0,0.0,0.0,0.0,4.0,0.0,0.0,4.0
24373,2023.0,6.0,19.0,6.0,21.138664,22.241991,18.833984,18.787003,21.167204,22.41759,21.217207,22.678047,19.986769,20.478413,20.059256,20.595615,21.154078,21.833939,21.274849,22.157673,20.32534,20.814253,0.0,4.0,0.0,4.0,4.0,0.0,0.0,4.0
24374,2023.0,6.0,19.0,6.0,20.978386,21.803606,19.281746,19.638987,21.006302,21.945213,20.999434,22.037474,19.981499,20.267967,19.992573,20.378576,21.001947,21.481945,21.005976,21.564655,20.411167,20.901947,4.0,0.0,0.0,0.0,4.0,0.0,0.0,4.0
24375,2023.0,6.0,19.0,6.0,21.007893,21.773651,20.086864,20.92552,21.035357,21.875858,21.030396,21.973461,19.522789,19.337326,20.02401,20.381483,21.237015,21.844664,21.025589,21.5351,20.484545,20.975409,4.0,0.0,0.0,0.0,0.0,4.0,0.0,4.0
24376,2023.0,6.0,19.0,6.0,21.003769,21.708572,20.019434,20.687029,21.00474,21.710093,21.00041,21.811022,20.003721,20.395348,19.503668,19.320017,21.16078,21.574465,21.434326,22.237902,19.95127,20.014452,0.0,4.0,4.0,4.0,0.0,4.0,4.0,0.0
24377,2023.0,6.0,19.0,6.0,21.031977,21.745283,19.661226,19.890934,21.010283,21.668747,21.03222,21.844265,19.999767,20.232058,19.401249,19.306076,21.179605,21.594772,20.958832,21.280455,19.656254,19.476341,4.0,4.0,0.0,0.0,0.0,4.0,0.0,0.0
24378,2023.0,6.0,19.0,7.0,21.025259,21.69598,20.072233,20.68764,21.009197,21.6318,21.033178,21.790653,20.199142,20.548977,19.405277,19.321115,21.230042,21.646307,21.029457,21.407362,19.508484,19.316576,4.0,4.0,0.0,4.0,0.0,4.0,0.0,0.0
24379,2023.0,6.0,19.0,7.0,21.007015,21.600676,20.05205,20.598648,21.01941,21.624838,21.024908,21.701881,20.36881,20.784071,19.390568,19.30967,21.284662,21.70952,21.041248,21.41145,19.45528,19.273846,0.0,4.0,4.0,4.0,0.0,4.0,0.0,0.0
24380,2023.0,6.0,19.0,7.0,21.00203,21.588413,19.794094,20.04735,21.006453,21.584152,21.03544,21.732168,19.9763,20.0571,19.381302,19.303753,20.988642,21.170732,21.547745,22.338032,20.447336,21.20206,4.0,4.0,0.0,0.0,0.0,0.0,4.0,4.0
24381,2023.0,6.0,19.0,7.0,21.001698,21.581474,20.067078,20.610926,21.007309,21.573452,21.03029,21.70126,19.702007,19.543776,19.375696,19.30003,21.284971,21.718472,20.936377,21.131142,20.65923,21.23776,0.0,4.0,0.0,0.0,0.0,4.0,0.0,4.0
24382,2023.0,6.0,19.0,7.0,21.028717,21.65262,19.476357,19.434965,21.006556,21.562588,21.030022,21.683584,19.56346,19.386593,19.37479,19.300648,21.39751,21.840755,21.43554,22.084503,19.956638,19.997599,0.0,4.0,0.0,0.0,0.0,4.0,4.0,0.0
24383,2023.0,6.0,19.0,7.0,21.022314,21.630875,19.261665,19.236937,21.032248,21.626669,21.02284,21.669573,19.612642,19.534739,19.377113,19.304014,21.452017,21.901815,20.95209,21.132551,20.598127,21.23787,0.0,0.0,0.0,0.0,0.0,4.0,0.0,4.0
24384,2023.0,6.0,19.0,8.0,21.022703,21.623108,19.20481,19.18846,21.025885,21.60171,21.023495,21.669338,19.629513,19.560398,19.382385,19.309816,20.965746,21.025187,21.024355,21.29386,19.964783,19.973097,0.0,0.0,0.0,0.0,0.0,0.0,0.0,0.0
24385,2023.0,6.0,19.0,8.0,20.458473,20.533003,19.152973,19.142506,20.371891,20.335293,20.415333,20.497894,19.623306,19.557093,19.391762,19.320644,20.665861,20.474434,20.598333,20.477583,19.76321,19.629509,0.0,0.0,0.0,0.0,0.0,0.0,0.0,0.0
24386,2023.0,6.0,19.0,8.0,20.349669,20.470228,19.118324,19.112707,20.733952,21.157694,20.15175,20.142529,19.621374,19.556978,19.40434,19.334831,20.573633,20.379387,20.437744,20.271055,19.697737,19.561659,0.0,4.0,0.0,0.0,0.0,0.0,0.0,0.0
24387,2023.0,6.0,19.0,8.0,20.288471,20.425943,19.514385,19.886364,20.286337,20.284702,20.037403,20.03021,19.621128,19.558409,19.418068,19.34954,20.542974,20.36264,21.412558,22.18785,20.488375,21.083612,4.0,0.0,0.0,0.0,0.0,0.0,4.0,4.0
24388,2023.0,6.0,19.0,8.0,20.225876,20.368605,20.050192,20.764793,20.046116,19.953348,19.949833,19.946808,19.62293,19.56166,19.434256,19.367413,20.59738,20.50478,20.750698,20.72876,19.97635,20.072126,4.0,0.0,0.0,0.0,0.0,0.0,0.0,0.0
24389,2023.0,6.0,19.0,8.0,20.164127,20.312384,20.017653,20.633543,20.559689,21.01943,19.86559,19.868528,20.330486,20.89635,19.453407,19.387829,20.61158,20.534363,20.400522,20.277258,19.778172,19.689728,0.0,4.0,0.0,4.0,0.0,0.0,0.0,0.0
24390,2023.0,6.0,19.0,9.0,20.807287,21.57459,19.497831,19.580675,20.20782,20.23938,19.793848,19.802143,19.975904,20.086227,19.473515,19.408823,20.602234,20.528893,20.32679,20.203733,20.534777,21.17299,0.0,0.0,0.0,0.0,0.0,0.0,0.0,4.0
24391,2023.0,6.0,19.0,9.0,20.366495,20.547138,19.227665,19.237514,19.943699,19.908308,19.733597,19.746622,19.775545,19.693264,19.8459,20.091074,20.592907,20.521606,21.227343,21.939184,20.116512,20.13511,0.0,0.0,0.0,0.0,4.0,0.0,4.0,0.0
24392,2023.0,6.0,19.0,9.0,20.154747,20.261923,19.1829,19.206873,19.87164,19.83793,19.690334,19.7069,20.3849,20.8778,20.016071,20.321688,21.340933,21.948193,20.656225,20.668913,19.911123,19.828861,0.0,0.0,0.0,4.0,0.0,4.0,0.0,0.0
24393,2023.0,6.0,19.0,9.0,20.079336,20.197048,19.147602,19.180248,19.850739,19.858978,19.645393,19.666801,20.070932,20.082582,19.75712,19.750965,21.565039,22.14366,20.352789,20.255434,19.849033,19.769459,0.0,0.0,0.0,0.0,0.0,4.0,0.0,0.0
24394,2023.0,6.0,19.0,9.0,20.06955,20.22953,19.120007,19.156994,19.822464,19.840664,19.612019,19.638111,20.57121,21.07967,19.67548,19.617025,20.985552,20.989044,20.314686,20.224693,19.84076,19.782541,0.0,0.0,0.0,4.0,0.0,0.0,0.0,0.0
24395,2023.0,6.0,19.0,9.0,20.0428,20.211962,19.095078,19.136818,19.789074,19.812372,19.580465,19.611366,20.16298,20.200424,19.673214,19.612253,20.796963,20.693893,20.30258,20.221308,19.828344,19.773653,0.0,0.0,0.0,0.0,0.0,0.0,0.0,0.0
24396,2023.0,6.0,19.0,10.0,20.011353,20.181837,19.073193,19.118774,19.75741,19.784023,19.550875,19.58517,19.990458,19.925928,19.679966,19.619825,20.752792,20.651428,20.3099,20.251669,19.816362,19.76271,0.0,0.0,0.0,0.0,0.0,0.0,0.0,0.0
24397,2023.0,6.0,19.0,10.0,19.984,20.15718,19.054306,19.10406,19.729134,19.759853,19.524576,19.56295,19.959038,19.90035,19.689817,19.629572,20.758987,20.689999,20.303616,20.246265,19.807367,19.75434,0.0,0.0,0.0,0.0,0.0,0.0,0.0,0.0
24398,2023.0,6.0,19.0,10.0,20.625624,21.38733,19.47432,19.909788,19.704798,19.741488,19.501934,19.546082,20.624899,21.173489,19.700853,19.639627,21.494305,22.096785,20.297018,20.240509,19.801285,19.749186,4.0,0.0,0.0,4.0,0.0,4.0,0.0,0.0
24399,2023.0,6.0,19.0,10.0,20.780756,21.534122,20.076431,20.910173,19.680643,19.721104,19.479378,19.52729,20.259638,20.347218,19.715199,19.654352,21.041061,21.101488,20.291487,20.235243,19.797064,19.745356,0.0,0.0,0.0,0.0,0.0,0.0,0.0,0.0
24400,2023.0,6.0,19.0,10.0,20.270004,20.516266,19.504818,19.691164,20.329662,20.96834,19.456417,19.50845,20.028711,20.00213,20.090893,20.345127,20.798653,20.740461,20.286652,20.230726,19.794146,19.7429,0.0,4.0,0.0,0.0,4.0,0.0,0.0,0.0
24401,2023.0,6.0,19.0,10.0,20.78479,21.574247,19.71432,20.171349,19.932583,20.080423,19.438217,19.493908,20.002668,19.970728,19.990465,20.095388,20.771017,20.704712,20.285118,20.229359,19.794333,19.743385,4.0,0.0,0.0,0.0,0.0,0.0,0.0,0.0
24402,2023.0,6.0,19.0,11.0,20.371233,20.62956,20.042871,20.693123,19.72747,19.828918,19.41952,19.47925,19.979492,19.926605,19.883404,19.849157,20.766981,20.703886,20.284529,20.229008,19.795927,19.74531,0.0,0.0,0.0,0.0,0.0,0.0,0.0,0.0
24403,2023.0,6.0,19.0,11.0,20.147131,20.37047,19.620403,19.83131,20.336704,21.000298,19.40368,19.468561,20.664375,21.225391,20.231167,20.508038,20.766523,20.70495,20.286684,20.232258,19.800503,19.751177,0.0,4.0,0.0,4.0,4.0,0.0,0.0,0.0
24404,2023.0,6.0,19.0,11.0,20.10343,20.333569,19.406712,19.503847,20.497826,21.160566,19.392117,19.46227,20.281712,20.347742,20.013983,20.062698,20.770313,20.710136,20.291632,20.238468,19.807558,19.75971,0.0,4.0,0.0,0.0,0.0,0.0,0.0,0.0
24405,2023.0,6.0,19.0,11.0,20.039043,20.242928,19.313992,19.401314,20.025484,20.210772,19.38079,19.456562,20.113167,20.115982,19.999788,20.012648,20.776356,20.717756,20.29913,20.247492,19.816677,19.77048,0.0,0.0,0.0,0.0,0.0,0.0,0.0,0.0
24406,2023.0,6.0,19.0,11.0,20.011011,20.221882,19.274187,19.36534,19.891699,20.039812,19.372322,19.453705,20.118608,20.126991,20.036333,20.060415,21.56412,22.206385,20.308054,20.257984,19.826628,19.782066,0.0,0.0,0.0,0.0,0.0,4.0,0.0,0.0
24407,2023.0,6.0,19.0,11.0,19.999168,20.223593,19.24488,19.342047,20.479446,21.181273,19.364878,19.452024,20.079498,20.038801,20.000803,19.962774,21.105099,21.181475,20.317377,20.269445,19.837374,19.795067,0.0,4.0,0.0,0.0,0.0,0.0,0.0,0.0
24408,2023.0,6.0,19.0,12.0,20.629728,21.425705,19.659328,20.144663,20.08934,20.327126,19.358774,19.451752,20.069448,20.024271,19.998383,19.949453,20.973314,20.970097,20.32658,20.28117,19.848839,19.810057,4.0,0.0,0.0,0.0,0.0,0.0,0.0,0.0
24409,2023.0,6.0,19.0,12.0,21.056408,22.081974,20.048471,20.773722,21.1082,22.167465,21.208855,22.754223,20.072002,20.027668,20.013006,19.965586,21.00381,21.033167,21.324154,22.103453,19.857718,19.820515,0.0,4.0,0.0,0.0,0.0,0.0,0.0,0.0
24410,2023.0,6.0,19.0,12.0,21.010962,21.893528,19.566828,19.759409,21.01093,21.89734,20.998838,22.130917,20.077045,20.034372,20.03097,19.985678,21.001524,21.024633,20.99965,21.374891,19.867413,19.831778,0.0,0.0,0.0,0.0,0.0,0.0,0.0,0.0
24411,2023.0,6.0,19.0,12.0,21.040382,21.883913,19.32664,19.443796,21.048754,21.898056,21.067215,22.131933,20.08357,20.043314,20.04953,20.007902,21.004503,21.025726,21.025087,21.374464,19.877893,19.84411,0.0,0.0,0.0,0.0,0.0,0.0,0.0,0.0
24412,2023.0,6.0,19.0,12.0,21.014093,21.792585,19.72356,20.235296,21.015965,21.788698,21.01931,21.959457,20.090137,20.052113,20.064632,20.024162,21.0012,21.01542,21.007044,21.306637,19.887745,19.854734,4.0,0.0,0.0,0.0,0.0,0.0,0.0,0.0
24413,2023.0,6.0,19.0,12.0,21.01702,21.768347,20.04351,20.7102,21.0202,21.760693,21.023815,21.911736,20.097975,20.062878,20.081856,20.045391,21.00172,21.013187,21.00824,21.284164,19.898863,19.86904,0.0,0.0,0.0,0.0,0.0,0.0,0.0,0.0
24414,2023.0,6.0,19.0,13.0,21.036268,21.780836,20.071571,20.679148,21.043795,21.77607,21.053446,21.922894,20.106268,20.073984,20.09956,20.066706,21.003687,21.01383,21.020178,21.28651,19.910042,19.882761,4.0,0.0,0.0,0.0,0.0,0.0,0.0,0.0
24415,2023.0,6.0,19.0,13.0,21.034578,21.755184,20.11162,20.725386,21.034023,21.70013,21.049894,21.8754,20.114594,20.08467,20.116438,20.08608,21.002499,21.008419,21.018423,21.264425,19.920658,19.895617,4.0,4.0,0.0,0.0,0.0,0.0,0.0,0.0
24416,2023.0,6.0,19.0,13.0,21.032894,21.739191,20.154028,20.772135,21.096857,21.819754,21.04798,21.84742,20.123367,20.095795,20.13344,20.105553,21.002914,21.007017,21.017313,21.249739,19.931236,19.908445,4.0,4.0,0.0,0.0,0.0,0.0,0.0,0.0
24417,2023.0,6.0,19.0,13.0,21.031788,21.72654,20.015635,20.49441,21.129097,21.853745,21.046555,21.82444,20.132547,20.10731,20.150597,20.125168,21.001892,21.002556,21.017094,21.238457,19.941797,19.921223,0.0,4.0,0.0,0.0,0.0,0.0,0.0,0.0
24418,2023.0,6.0,19.0,13.0,21.22254,22.056503,19.78078,20.070475,20.999743,21.636097,21.017061,21.75776,20.141645,20.118534,20.166712,20.143314,21.000849,20.998991,21.005033,21.208395,19.95228,19.93397,0.0,0.0,0.0,0.0,0.0,0.0,0.0,0.0
24419,2023.0,6.0,19.0,13.0,20.973078,21.590794,19.697004,19.986303,21.020393,21.674555,21.021896,21.755623,20.151768,20.131676,20.182882,20.162657,21.001165,20.998222,21.00668,21.205046,19.962969,19.947262,0.0,0.0,0.0,0.0,0.0,0.0,0.0,0.0
24420,2023.0,6.0,19.0,14.0,21.01852,21.682081,19.950691,20.474691,21.014952,21.6584,21.020927,21.743471,20.161348,20.143984,20.198015,20.181032,21.000866,20.996946,21.006517,21.1993,19.972927,19.959583,4.0,0.0,0.0,0.0,0.0,0.0,0.0,0.0
24421,2023.0,6.0,19.0,14.0,20.698734,21.068155,20.04054,20.56438,20.544628,20.742435,20.47546,20.685125,20.850794,21.436996,20.20954,20.192507,21.761177,22.436237,20.806513,20.807863,20.82741,21.567646,4.0,0.0,0.0,4.0,0.0,4.0,0.0,4.0
24422,2023.0,6.0,19.0,14.0,20.490822,20.740778,20.179153,20.80979,20.328136,20.43932,20.232008,20.349964,20.454245,20.53121,20.59456,20.906855,21.333138,21.484116,20.732449,20.707323,20.403578,20.580772,4.0,0.0,0.0,0.0,4.0,0.0,0.0,0.0
24423,2023.0,6.0,19.0,14.0,20.402729,20.64116,19.982447,20.444853,20.239565,20.345852,20.787056,21.47971,20.401373,20.490623,20.399902,20.452639,21.195518,21.265446,20.70307,20.67808,20.272982,20.377123,0.0,0.0,4.0,0.0,0.0,0.0,0.0,0.0
24424,2023.0,6.0,19.0,14.0,20.988295,21.798721,19.827847,20.147959,20.165276,20.272812,20.389061,20.588835,20.430023,20.53561,20.654085,20.972914,21.176788,21.24666,20.676249,20.652288,20.25893,20.362522,0.0,0.0,0.0,0.0,4.0,0.0,0.0,0.0
24425,2023.0,6.0,19.0,14.0,20.635843,21.028103,19.766432,20.06805,20.770004,21.454712,20.286062,20.521788,20.326365,20.324413,20.446632,20.504066,21.085579,21.07289,20.658152,20.634933,20.150988,20.14827,0.0,4.0,0.0,0.0,0.0,0.0,0.0,0.0
24426,2023.0,6.0,19.0,15.0,20.514505,20.86808,19.596222,19.751467,20.911837,21.598032,20.238794,20.483068,20.290419,20.275673,20.482248,20.60912,21.051498,21.02652,20.641941,20.619453,20.116259,20.104328,0.0,4.0,0.0,0.0,0.0,0.0,0.0,0.0
24427,2023.0,6.0,19.0,15.0,21.079876,21.959047,19.531172,19.673622,21.031265,21.783407,20.086657,20.226984,20.283436,20.270662,20.87291,21.322104,21.040348,21.01788,20.630493,20.610342,20.107052,20.096996,0.0,4.0,0.0,0.0,4.0,0.0,0.0,0.0
24428,2023.0,6.0,19.0,15.0,21.237715,22.137974,19.494608,19.63554,20.563906,20.85681,19.998837,20.117302,20.279375,20.268547,20.6828,20.880104,21.032042,21.011545,20.621126,20.602947,20.100893,20.09245,0.0,0.0,0.0,0.0,0.0,0.0,0.0,0.0
24429,2023.0,6.0,19.0,15.0,21.307415,22.20459,19.899794,20.41894,20.416237,20.669031,20.607475,21.30687,20.278069,20.269379,20.614952,20.767618,21.02607,21.007647,20.613699,20.59763,20.097033,20.09036,4.0,0.0,4.0,0.0,0.0,0.0,0.0,0.0
24430,2023.0,6.0,19.0,15.0,20.793674,21.190931,20.013338,20.563992,20.363535,20.617708,20.289064,20.595524,20.27871,20.272272,20.485487,20.506927,21.021267,21.004951,20.60704,20.59294,20.094725,20.089844,0.0,0.0,0.0,0.0,0.0,0.0,0.0,0.0
24431,2023.0,6.0,19.0,15.0,21.17695,22.049774,19.707003,19.925747,20.888527,21.636211,20.67207,21.417358,20.279894,20.275549,20.426817,20.42832,21.799227,22.485508,21.560379,22.40416,20.936195,21.682922,0.0,4.0,4.0,0.0,0.0,4.0,4.0,4.0
24432,2023.0,6.0,19.0,16.0,21.32808,22.231127,19.997723,20.523424,21.050468,21.823608,20.311867,20.636518,20.282118,20.279835,20.416485,20.416613,21.442135,21.675425,21.091017,21.321856,20.572372,20.826754,4.0,4.0,0.0,0.0,0.0,0.0,0.0,0.0
24433,2023.0,6.0,19.0,16.0,20.833323,21.24818,19.995735,20.48705,21.109987,21.876364,20.177122,20.44722,20.9711,21.57779,20.411963,20.412361,22.00591,22.764378,20.902008,21.010174,20.410416,20.5484,0.0,4.0,0.0,4.0,0.0,4.0,0.0,0.0
24434,2023.0,6.0,19.0,16.0,20.622766,20.991117,20.205198,20.84444,21.166317,21.927725,20.680866,21.423101,21.322311,22.017044,20.408007,20.40868,21.617111,21.855345,20.85352,20.952152,21.226534,22.106155,4.0,4.0,4.0,4.0,0.0,0.0,0.0,4.0
24435,2023.0,6.0,19.0,16.0,20.575098,20.936352,20.30041,20.958704,21.207975,21.966759,20.854939,21.636383,20.84034,21.029732,20.406057,20.406769,21.407593,21.504938,20.839169,20.935492,21.462744,22.363958,4.0,4.0,4.0,0.0,0.0,0.0,0.0,4.0
24436,2023.0,6.0,19.0,16.0,21.144678,22.024662,20.347128,21.00132,21.24389,21.998762,20.391777,20.708405,21.38838,22.115883,20.785664,21.11951,21.361692,21.449825,20.735876,20.735657,20.834133,21.08245,4.0,4.0,0.0,4.0,4.0,0.0,0.0,0.0
24437,2023.0,6.0,19.0,16.0,20.743807,21.152044,19.999603,20.389637,20.755451,21.056513,20.243557,20.505915,20.987122,21.241846,20.581491,20.656029,22.035913,22.74092,20.699085,20.689062,20.618614,20.742699,0.0,0.0,0.0,0.0,0.0,4.0,0.0,0.0
24438,2023.0,6.0,19.0,17.0,21.16113,22.048964,19.888048,20.200338,21.089445,21.82642,20.18799,20.448269,20.737099,20.874292,20.445848,20.454535,22.300943,23.070347,20.680122,20.670727,20.549547,20.664795,0.0,4.0,0.0,0.0,0.0,4.0,0.0,0.0
24439,2023.0,6.0,19.0,17.0,21.303661,22.19555,20.219885,20.83526,21.206676,21.958351,20.632303,21.291042,20.692408,20.815332,20.427979,20.43068,21.739374,21.949646,20.66647,20.657625,20.521362,20.63536,4.0,4.0,4.0,0.0,0.0,0.0,0.0,0.0
24440,2023.0,6.0,19.0,17.0,21.373291,22.25754,20.339453,20.984056,21.25424,22.000307,20.8553,21.62132,21.363043,22.087662,20.420279,20.422892,21.53099,21.618542,20.654545,20.64646,20.396465,20.40517,4.0,4.0,4.0,4.0,0.0,0.0,0.0,0.0
24441,2023.0,6.0,19.0,17.0,21.429745,22.308292,19.992294,20.363178,21.293032,22.03474,20.937222,21.702145,20.959639,21.193243,20.793938,21.131432,21.46885,21.54542,20.644161,20.636915,20.345217,20.34119,0.0,4.0,4.0,0.0,4.0,0.0,0.0,0.0
24442,2023.0,6.0,19.0,17.0,21.480501,22.351814,20.243643,20.843683,21.328016,22.064322,20.998299,21.7557,20.733257,20.8692,20.624655,20.70462,21.428944,21.506262,21.593872,22.44353,20.31733,20.314796,4.0,4.0,4.0,0.0,0.0,0.0,4.0,0.0
24443,2023.0,6.0,19.0,17.0,20.95222,21.32397,19.98373,20.357054,21.355726,22.088552,21.043468,21.797022,20.68802,20.805311,20.504961,20.513277,21.320477,21.317076,21.941252,22.88876,20.29791,20.295948,0.0,4.0,4.0,0.0,0.0,0.0,4.0,0.0
24444,2023.0,6.0,19.0,18.0,21.322306,22.166803,19.898867,20.197577,21.38358,22.111675,21.08605,21.833588,20.567839,20.582914,20.474497,20.480827,22.043821,22.73323,22.090107,23.020634,20.280394,20.280174,0.0,4.0,4.0,0.0,0.0,4.0,4.0,0.0
24445,2023.0,6.0,19.0,18.0,21.453926,22.316774,20.133146,20.635431,20.955738,21.36812,21.007366,21.69108,20.515127,20.515333,20.45601,20.461308,22.255325,23.007397,22.189253,23.111141,20.2662,20.266315,4.0,0.0,0.0,0.0,0.0,4.0,4.0,0.0
24446,2023.0,6.0,19.0,18.0,21.519905,22.384808,19.98929,20.329542,21.26941,21.969616,21.016869,21.686472,20.489256,20.490803,20.811,21.142141,21.712906,21.911415,21.473446,21.678682,21.139414,21.935865,0.0,4.0,0.0,0.0,4.0,0.0,0.0,4.0
24447,2023.0,6.0,19.0,18.0,21.569891,22.427517,20.173292,20.663448,21.396475,22.112322,21.015045,21.661413,21.149153,21.755096,20.645702,20.726799,21.45262,21.537867,22.087654,23.022839,20.796717,21.010815,4.0,4.0,0.0,4.0,0.0,0.0,4.0,0.0
24448,2023.0,6.0,19.0,18.0,21.608624,22.459433,19.998627,20.330843,20.976582,21.374987,21.014889,21.642874,20.916122,21.123983,20.492275,20.50741,21.385267,21.456995,21.507238,21.695173,20.534813,20.651434,0.0,0.0,0.0,0.0,0.0,0.0,0.0,0.0
24449,2023.0,6.0,19.0,18.0,21.096252,21.467012,20.273184,20.85016,21.286045,21.97467,21.106876,21.769981,20.710613,20.830013,20.45493,20.464485,22.086847,22.813284,21.161425,21.243423,20.47762,20.582338,4.0,4.0,4.0,0.0,0.0,4.0,0.0,0.0
24450,2023.0,6.0,19.0,19.0,21.512873,22.350101,20.385307,20.990892,21.383467,22.090942,21.002256,21.585127,20.665918,20.771309,20.435175,20.444778,21.612349,21.791105,21.080454,21.148462,20.456284,20.558435,4.0,4.0,0.0,0.0,0.0,0.0,0.0,0.0
24451,2023.0,6.0,19.0,19.0,21.119707,21.481049,20.429853,21.024765,20.979408,21.375723,21.166153,21.866356,20.55457,20.570543,20.414944,20.424612,21.36565,21.444805,22.000458,22.927574,21.251741,22.065237,4.0,0.0,4.0,0.0,0.0,0.0,4.0,4.0
24452,2023.0,6.0,19.0,19.0,21.010368,21.430277,20.46258,21.04772,21.017044,21.465494,21.235895,21.937634,20.490288,20.49487,20.39472,20.403692,22.043625,22.767912,21.456047,21.624697,21.560257,22.391916,4.0,0.0,4.0,0.0,0.0,4.0,0.0,4.0
24453,2023.0,6.0,19.0,19.0,21.433098,22.237526,20.487726,21.06309,21.286263,21.956974,20.98707,21.502113,20.459772,20.46381,20.375029,20.383314,22.243645,22.954815,22.079332,23.000418,21.649439,22.468184,4.0,4.0,0.0,0.0,0.0,4.0,4.0,4.0
24454,2023.0,6.0,19.0,19.0,20.99249,21.38504,20.507956,21.07375,21.397112,22.073654,21.180857,21.856049,20.434166,20.437832,20.355867,20.364006,22.291016,22.989977,21.490692,21.649242,20.99815,21.172396,4.0,4.0,4.0,0.0,0.0,4.0,0.0,0.0
24455,2023.0,6.0,19.0,19.0,21.417055,22.21314,20.524681,21.081171,20.971277,21.322704,20.98769,21.487047,20.410172,20.414145,20.336548,20.344341,21.703289,21.832726,21.139946,21.194395,20.684208,20.759394,4.0,0.0,0.0,0.0,0.0,0.0,0.0,0.0
24456,2023.0,6.0,19.0,20.0,21.585459,22.385176,20.538475,21.085743,21.279646,21.919807,21.017788,21.550062,20.388538,20.393246,20.31729,20.325373,21.4415,21.487045,22.010721,22.910282,20.59109,20.654062,4.0,4.0,0.0,0.0,0.0,0.0,4.0,0.0
24457,2023.0,6.0,19.0,20.0,21.622932,22.409218,20.20029,20.43866,21.403006,22.052034,21.014164,21.539516,20.365982,20.369637,20.672134,21.008904,22.08669,22.769615,21.447544,21.581312,21.391558,22.206482,0.0,4.0,0.0,0.0,4.0,4.0,0.0,4.0
24458,2023.0,6.0,19.0,20.0,21.097097,21.392828,20.011911,20.192564,21.424067,22.059868,21.015265,21.534544,21.01661,21.617086,20.510862,20.602566,21.633385,21.744867,21.095848,21.128838,20.896078,21.031418,0.0,4.0,0.0,4.0,0.0,0.0,0.0,0.0
24459,2023.0,6.0,19.0,20.0,21.01352,21.391542,19.934229,20.094099,20.978666,21.288834,21.015062,21.527317,20.710796,20.835274,20.337896,20.356169,21.35158,21.366673,21.966604,22.846472,20.58196,20.626669,0.0,0.0,0.0,0.0,0.0,0.0,4.0,0.0
24460,2023.0,6.0,19.0,20.0,21.007349,21.401556,20.238253,20.691357,21.018524,21.393337,21.17284,21.794989,20.475702,20.518902,20.643438,20.970907,21.256445,21.25173,21.389627,21.490793,20.487331,20.516174,4.0,0.0,4.0,0.0,4.0,0.0,0.0,0.0
24461,2023.0,6.0,19.0,20.0,21.008568,21.415642,19.988909,20.196817,21.270498,21.858393,20.990849,21.45187,21.094357,21.733807,20.474836,20.56277,21.190725,21.179436,21.026756,21.029465,20.422966,20.442408,0.0,4.0,0.0,4.0,0.0,0.0,0.0,0.0
24462,2023.0,6.0,19.0,21.0,21.00822,21.421844,19.870192,19.994286,21.358936,21.94339,21.14815,21.733065,20.70171,20.788921,20.320063,20.357218,21.890732,22.558168,21.007374,21.068369,20.355099,20.355877,0.0,4.0,4.0,0.0,0.0,4.0,0.0,0.0
24463,2023.0,6.0,19.0,21.0,21.0084,21.42569,20.190962,20.633692,20.97517,21.27424,20.996012,21.447973,21.123009,21.739862,20.609818,20.93951,21.416101,21.459818,21.005932,21.1013,21.221838,22.04603,4.0,0.0,0.0,4.0,4.0,0.0,0.0,4.0
24464,2023.0,6.0,19.0,21.0,21.396059,22.143621,19.985565,20.20613,21.018906,21.380026,21.019098,21.494396,21.289494,21.863686,20.707676,21.027481,21.139349,21.102318,21.832556,22.67892,21.43364,22.144022,0.0,0.0,0.0,4.0,4.0,0.0,4.0,4.0
24465,2023.0,6.0,19.0,21.0,20.970942,21.308308,20.187298,20.583735,21.229696,21.761501,21.016224,21.483835,20.724043,20.762014,20.707243,21.007948,21.055967,21.007126,22.04586,22.805204,20.730923,20.773308,4.0,4.0,0.0,0.0,4.0,0.0,4.0,0.0
24466,2023.0,6.0,19.0,21.0,21.323822,21.986954,19.986284,20.189377,20.980412,21.290207,21.014574,21.479038,20.45737,20.429258,20.705008,20.988277,20.998447,20.949875,21.260077,21.26752,20.424692,20.393187,0.0,0.0,0.0,0.0,4.0,0.0,0.0,0.0
24467,2023.0,6.0,19.0,21.0,21.45251,22.111485,19.81126,19.868633,21.202736,21.70789,21.014936,21.477139,20.36229,20.319048,20.38082,20.376371,21.002815,20.993395,20.998386,21.013397,21.189487,21.920849,0.0,4.0,0.0,0.0,0.0,0.0,0.0,4.0
24468,2023.0,6.0,19.0,22.0,20.94449,21.21895,19.709366,19.740597,20.9789,21.283455,21.014635,21.473251,20.288818,20.231977,20.54571,20.798248,21.003204,21.01688,21.01101,21.082176,21.396067,22.049128,0.0,0.0,0.0,0.0,4.0,0.0,0.0,4.0
24469,2023.0,6.0,19.0,22.0,21.019373,21.386583,19.66546,19.692122,21.018929,21.369759,21.014677,21.469746,20.92547,21.489017,20.295185,20.26438,21.00345,21.034842,21.008606,21.10708,20.697664,20.688173,0.0,0.0,0.0,4.0,0.0,0.0,0.0,0.0
24470,2023.0,6.0,19.0,22.0,21.010477,21.379644,19.630297,19.653006,21.014532,21.36363,21.014723,21.466845,20.576796,20.615927,20.125946,20.05648,21.643404,22.262499,21.009089,21.126093,20.398573,20.333324,0.0,0.0,0.0,0.0,0.0,4.0,0.0,0.0
24471,2023.0,6.0,19.0,22.0,21.011374,21.386898,19.600113,19.61996,21.011744,21.365086,21.014994,21.464863,20.858004,21.28801,20.100431,20.068562,21.13055,21.0854,21.007004,21.139715,21.082724,21.710337,0.0,0.0,0.0,4.0,0.0,0.0,0.0,4.0
24472,2023.0,6.0,19.0,22.0,21.008158,21.38958,20.004366,20.398811,21.012188,21.36985,21.014866,21.462101,20.475836,20.431555,20.07267,20.04252,21.560785,22.06985,21.007267,21.152897,20.593735,20.560934,4.0,0.0,0.0,0.0,0.0,4.0,0.0,0.0
24473,2023.0,6.0,19.0,22.0,21.008678,21.396378,19.991585,20.286354,21.012102,21.372038,21.014933,21.459917,20.248009,20.157417,20.034353,20.00059,21.095354,21.015842,21.007734,21.163101,20.307667,20.222748,0.0,0.0,0.0,0.0,0.0,0.0,0.0,0.0
24474,2023.0,6.0,19.0,23.0,21.009125,21.400984,19.758419,19.821383,21.012405,21.374052,21.01512,21.458456,20.751001,21.165205,19.998537,19.962095,21.01488,21.015017,21.00774,21.170034,20.217106,20.124428,0.0,0.0,0.0,4.0,0.0,0.0,0.0,0.0
24475,2023.0,6.0,19.0,23.0,20.765055,20.93389,19.624691,19.642578,20.681087,20.73748,20.609064,20.675245,20.385414,20.306856,19.967058,19.928947,20.856998,20.734497,20.79314,20.762333,20.214132,20.176771,0.0,0.0,0.0,0.0,0.0,0.0,0.0,0.0
24476,2023.0,6.0,19.0,23.0,20.668266,20.81095,19.582445,19.590784,21.1769,21.745453,20.435154,20.439894,20.236593,20.12751,19.941595,19.90153,20.861702,20.805834,20.71691,20.676067,20.19282,20.158134,0.0,4.0,0.0,0.0,0.0,0.0,0.0,0.0
24477,2023.0,6.0,19.0,23.0,20.61568,20.755201,19.554026,19.559652,20.746334,20.840986,20.349403,20.346964,20.244226,20.206764,20.212175,20.427265,21.534065,22.100706,20.670866,20.628561,20.163092,20.127262,0.0,0.0,0.0,0.0,4.0,4.0,0.0,0.0
24478,2023.0,6.0,19.0,23.0,20.573114,20.711052,19.529287,19.533014,20.432821,20.334085,20.28483,20.28078,20.213814,20.173553,20.024797,20.020199,20.96327,20.88419,20.631298,20.58772,20.13455,20.097391,0.0,0.0,0.0,0.0,0.0,0.0,0.0,0.0
24479,2023.0,6.0,19.0,23.0,20.53531,20.671247,19.506437,19.50795,20.31215,20.186884,20.229105,20.223055,20.177181,20.134613,19.929989,19.8855,20.779198,20.632387,20.595203,20.549973,20.836845,21.443869,0.0,0.0,0.0,0.0,0.0,0.0,0.0,4.0
24480,2023.0,6.0,20.0,0.0,20.50152,20.636,19.485338,19.485044,20.335472,20.303434,20.180603,20.173393,20.714714,21.171192,19.897982,19.85096,20.718082,20.565,20.562044,20.515598,20.271803,20.212711,0.0,0.0,0.0,4.0,0.0,0.0,0.0,0.0
24481,2023.0,6.0,20.0,0.0,20.467407,20.596874,19.462593,19.457827,20.31333,20.294416,20.13248,20.119648,20.948639,21.492353,19.866966,19.81553,20.764091,20.705202,20.528757,20.479036,20.0804,19.955854,0.0,0.0,0.0,4.0,0.0,0.0,0.0,0.0
24482,2023.0,6.0,20.0,0.0,20.440163,20.569244,19.44477,19.439678,20.277163,20.2602,20.095161,20.084105,20.325745,20.23542,19.842363,19.790716,20.747904,20.689157,20.500055,20.45019,20.096426,20.045967,0.0,0.0,0.0,0.0,0.0,0.0,0.0,0.0
24483,2023.0,6.0,20.0,0.0,20.422312,20.558699,19.425053,19.417086,20.239098,20.219793,20.056276,20.042679,20.128231,19.980097,20.12597,20.342867,20.721975,20.661469,20.470581,20.418587,20.07505,20.028877,0.0,0.0,0.0,0.0,4.0,0.0,0.0,0.0
24484,2023.0,6.0,20.0,0.0,20.40562,20.54603,19.405907,19.39506,20.203083,20.181469,20.01993,20.003916,20.0521,19.899645,19.894878,19.849253,20.695868,20.633154,20.442194,20.388227,20.044353,19.996195,0.0,0.0,0.0,0.0,0.0,0.0,0.0,0.0
24485,2023.0,6.0,20.0,0.0,20.382088,20.51995,19.386898,19.372805,20.16863,20.144318,19.985342,19.96654,20.089994,20.033476,19.824392,19.764456,20.67013,20.60518,20.41457,20.358667,20.01457,19.964283,0.0,0.0,0.0,0.0,0.0,0.0,0.0,0.0
24486,2023.0,6.0,20.0,1.0,20.358988,20.494482,19.369093,19.352629,20.137123,20.111261,19.953793,19.933392,20.0673,20.009058,19.791245,19.729254,20.645494,20.578804,20.387993,20.330555,19.986464,19.934538,0.0,0.0,0.0,0.0,0.0,0.0,0.0,0.0
24487,2023.0,6.0,20.0,1.0,20.336786,20.470585,19.352615,19.335089,20.108643,20.083075,19.925295,19.905169,20.626493,21.087769,19.761997,19.699602,20.622063,20.554499,20.362484,20.304289,19.959963,19.907299,0.0,0.0,0.0,4.0,0.0,0.0,0.0,0.0
24488,2023.0,6.0,20.0,1.0,20.312887,20.442766,19.332907,19.310944,20.076849,20.047031,19.893496,19.869116,20.844889,21.377756,19.730776,19.664131,20.596516,20.525702,20.335077,20.274008,19.93167,19.875927,0.0,0.0,0.0,4.0,0.0,0.0,0.0,0.0
24489,2023.0,6.0,20.0,1.0,20.292515,20.420992,19.316898,19.293972,20.050728,20.02121,19.867384,19.84331,20.189688,20.057701,19.704136,19.637186,20.573696,20.50219,20.310131,20.248495,19.906311,19.850021,0.0,0.0,0.0,0.0,0.0,0.0,0.0,0.0
24490,2023.0,6.0,20.0,1.0,20.270885,20.396418,19.298801,19.272882,20.022577,19.990665,19.839264,19.812803,20.591333,20.941666,19.675373,19.605824,20.549269,20.475494,20.28361,20.219955,19.879461,19.821058,0.0,0.0,0.0,4.0,0.0,0.0,0.0,0.0
24491,2023.0,6.0,20.0,1.0,20.249903,20.372923,19.28109,19.252552,19.99569,19.961855,19.81242,19.784054,20.118082,19.95876,19.647192,19.575575,20.525219,20.44958,20.25742,20.192152,19.853125,19.793034,0.0,0.0,0.0,0.0,0.0,0.0,0.0,0.0
24492,2023.0,6.0,20.0,2.0,20.227575,20.346615,19.26126,19.22803,19.966879,19.92858,19.783678,19.750872,19.928045,19.7208,19.616608,19.540636,20.49946,20.420355,20.22958,20.161217,19.82519,19.761847,0.0,0.0,0.0,0.0,0.0,0.0,0.0,0.0
24493,2023.0,6.0,20.0,2.0,20.208979,20.327868,19.246658,19.214102,19.944546,19.90775,19.761433,19.730133,19.858799,19.6595,19.591223,19.516272,20.477476,20.398788,20.205149,20.137274,20.530771,21.112518,0.0,0.0,0.0,0.0,0.0,0.0,0.0,4.0
24494,2023.0,6.0,20.0,2.0,20.18888,20.306154,19.230528,19.196892,19.920666,19.883026,19.737804,19.70561,19.91019,19.82595,19.564081,19.487928,20.454287,20.374456,20.17951,20.110643,20.047424,20.044111,0.0,0.0,0.0,0.0,0.0,0.0,0.0,0.0
24495,2023.0,6.0,20.0,2.0,20.168852,20.284464,19.214489,19.179726,19.897358,19.858768,19.71496,19.681698,19.902744,19.828938,19.537405,19.460003,20.431467,20.350454,20.154175,20.084278,20.484846,20.934986,0.0,0.0,0.0,0.0,0.0,0.0,0.0,4.0
24496,2023.0,6.0,20.0,2.0,20.149187,20.263527,19.198706,19.163155,19.874762,19.835667,19.692974,19.659052,19.872381,19.799522,19.511583,19.433434,20.40937,20.327576,20.129435,20.05892,19.9234,19.772343,0.0,0.0,0.0,0.0,0.0,0.0,0.0,0.0
24497,2023.0,6.0,20.0,2.0,20.129303,20.24199,19.182617,19.14592,19.852097,19.812017,19.670988,19.635944,20.4339,20.88288,19.485893,19.40655,20.387402,20.304476,20.104698,20.033203,19.743822,19.55307,0.0,0.0,0.0,4.0,0.0,0.0,0.0,0.0
24498,2023.0,6.0,20.0,3.0,20.109919,20.221176,19.166685,19.128975,19.82989,19.789024,19.649313,19.61343,20.028278,19.999163,19.46103,19.38075,20.366102,20.282257,20.080528,20.008266,19.672592,19.481009,0.0,0.0,0.0,0.0,0.0,0.0,0.0,0.0
24499,2023.0,6.0,20.0,3.0,20.09031,20.199642,19.150131,19.11078,19.807375,19.765217,19.627176,19.590025,19.765736,19.566263,19.436348,19.354748,20.344833,20.259638,20.056376,19.983019,20.456167,21.021227,0.0,0.0,0.0,0.0,0.0,0.0,0.0,4.0
24500,2023.0,6.0,20.0,3.0,20.070065,20.177095,19.132784,19.09129,19.784286,19.74028,19.604494,19.565502,19.662607,19.446667,19.411448,19.328043,20.323404,20.23648,20.031963,19.95714,19.862345,19.723034,0.0,0.0,0.0,0.0,0.0,0.0,0.0,0.0
24501,2023.0,6.0,20.0,3.0,20.048004,20.151316,19.11321,19.067621,19.759066,19.711037,19.57986,19.536837,19.734772,19.652843,19.384993,19.29788,20.30092,20.210932,20.006433,19.928846,19.651089,19.445007,0.0,0.0,0.0,0.0,0.0,0.0,0.0,0.0
24502,2023.0,6.0,20.0,3.0,20.0271,20.128153,19.095257,19.047447,19.735907,19.685938,19.557177,19.51221,19.721066,19.636992,19.360779,19.271885,20.28004,20.188345,19.982368,19.90333,19.580149,19.372326,0.0,0.0,0.0,0.0,0.0,0.0,0.0,0.0
24503,2023.0,6.0,20.0,3.0,20.005854,20.104483,19.077078,19.02702,19.712698,19.660765,19.534288,19.487415,19.694109,19.60982,19.336876,19.246204,20.259516,20.166155,19.95846,19.877974,19.652164,19.574726,0.0,0.0,0.0,0.0,0.0,0.0,0.0,0.0
24504,2023.0,6.0,20.0,4.0,19.985899,20.083544,19.06078,19.010536,19.6917,19.64001,19.51345,19.4669,19.668154,19.584192,19.315193,19.224682,20.240479,20.146795,20.855114,21.586868,19.638807,19.56121,0.0,0.0,0.0,0.0,0.0,0.0,4.0,0.0
24505,2023.0,6.0,20.0,4.0,19.965397,20.061745,19.043592,18.992456,19.669893,19.617401,19.491627,19.44444,19.641382,19.556913,19.292963,19.201803,20.221308,20.126974,20.119152,19.980047,19.613546,19.536219,0.0,0.0,0.0,0.0,0.0,0.0,0.0,0.0
24506,2023.0,6.0,20.0,4.0,19.943947,20.037863,19.025112,18.971642,19.646847,19.591772,19.468363,19.418816,19.613876,19.527317,19.269888,19.176592,20.201563,20.105534,19.873266,19.648745,19.585875,19.506674,0.0,0.0,0.0,0.0,0.0,0.0,0.0,0.0
24507,2023.0,6.0,20.0,4.0,19.925215,20.01933,19.010078,18.957716,19.62761,19.5738,19.449017,19.400867,19.590332,19.504965,19.25052,19.158358,20.184427,20.088999,19.806507,19.586718,20.291975,20.85888,0.0,0.0,0.0,0.0,0.0,0.0,0.0,4.0
24508,2023.0,6.0,20.0,4.0,19.904999,19.997889,18.993273,18.940247,19.606354,19.551922,19.427973,19.379185,20.150621,20.578968,19.229984,19.137283,20.166485,20.070478,19.749199,19.52966,19.807516,19.7888,0.0,0.0,0.0,4.0,0.0,0.0,0.0,0.0
24509,2023.0,6.0,20.0,4.0,19.884743,19.976149,18.976166,18.922136,19.58466,19.529274,19.406828,19.356968,20.38443,20.889458,19.519909,19.697746,20.148838,20.052042,19.830355,19.739683,19.517439,19.309607,0.0,0.0,0.0,4.0,4.0,0.0,0.0,0.0
24510,2023.0,6.0,20.0,5.0,19.866018,19.956985,18.960169,18.905987,19.56403,19.508831,19.386864,19.337032,19.720339,19.544327,19.641773,19.858347,20.132654,20.03586,19.831951,19.747734,19.428955,19.217611,0.0,0.0,0.0,0.0,4.0,0.0,0.0,0.0
24511,2023.0,6.0,20.0,5.0,19.850353,19.943813,18.948124,18.897287,19.546263,19.494072,19.36977,19.322824,19.514301,19.286634,19.70513,19.936125,20.12015,20.026161,19.817379,19.736431,19.504498,19.426731,0.0,0.0,0.0,0.0,4.0,0.0,0.0,0.0
24512,2023.0,6.0,20.0,5.0,19.852242,19.965046,18.93949,18.894001,19.532112,19.48544,19.356182,19.31458,19.460756,19.247993,19.269896,19.069674,20.11121,20.021309,19.803665,19.726633,19.499834,19.426178,0.0,0.0,0.0,0.0,0.0,0.0,0.0,0.0
24513,2023.0,6.0,20.0,5.0,19.842949,19.959984,18.93095,18.890335,19.517506,19.475254,19.342152,19.304863,19.539812,19.458136,19.44316,19.492273,20.104015,20.017939,19.790588,19.716885,19.485014,19.415192,0.0,0.0,0.0,0.0,4.0,0.0,0.0,0.0
24514,2023.0,6.0,20.0,5.0,19.83159,19.952272,18.92296,18.887617,19.50415,19.467093,19.329258,19.297056,20.134167,20.5774,19.220764,19.033934,20.099165,20.017136,19.779861,19.710066,20.202778,20.78234,0.0,0.0,0.0,4.0,0.0,0.0,0.0,4.0
24515,2023.0,6.0,20.0,5.0,19.819784,19.943695,18.915071,18.884811,19.490696,19.458307,19.316374,19.28871,19.77501,19.770954,19.23417,19.143122,20.096195,20.018162,19.770617,19.704441,19.631338,19.52968,0.0,0.0,0.0,0.0,0.0,0.0,0.0,0.0
24516,2023.0,6.0,20.0,6.0,20.455082,21.147482,18.907314,18.882177,20.146347,20.706886,19.303871,19.28069,19.54408,19.386738,19.257145,19.18722,20.095055,20.02107,19.763103,19.700592,19.45913,19.306349,0.0,4.0,0.0,0.0,0.0,0.0,0.0,0.0
24517,2023.0,6.0,20.0,6.0,21.052904,22.072485,18.898954,18.878191,21.0943,22.243952,21.216742,22.6993,19.480822,19.32118,19.253468,19.18881,21.125639,21.789783,21.520905,22.783628,20.140104,20.630253,0.0,4.0,0.0,0.0,0.0,4.0,4.0,4.0
24518,2023.0,6.0,20.0,6.0,21.024464,21.91087,18.88959,18.87286,21.02473,21.961605,21.00089,22.063269,20.146217,20.622372,19.552034,19.754993,21.191584,21.828499,20.993078,21.600239,19.972475,20.15322,0.0,0.0,0.0,4.0,4.0,4.0,0.0,0.0
24519,2023.0,6.0,20.0,6.0,21.025696,21.828787,19.34008,19.730206,21.031055,21.86582,21.030401,21.997477,20.48558,21.022964,20.065052,20.569643,21.135649,21.61258,21.027,21.597555,20.42061,20.970343,4.0,0.0,0.0,4.0,0.0,4.0,0.0,4.0
24520,2023.0,6.0,20.0,6.0,20.996572,21.692928,20.077293,20.896505,21.003153,21.716326,21.025946,21.906403,19.949581,20.009834,19.954308,20.242956,21.182337,21.6636,21.255428,21.939112,19.946043,20.022152,4.0,4.0,0.0,0.0,4.0,4.0,4.0,0.0
24521,2023.0,6.0,20.0,6.0,21.002422,21.671669,19.999193,20.63269,21.008194,21.681282,21.000109,21.77841,19.723785,19.591288,20.025564,20.3748,21.25264,21.737978,20.988424,21.412914,20.488832,21.052404,4.0,4.0,4.0,0.0,0.0,4.0,0.0,4.0
24522,2023.0,6.0,20.0,7.0,21.001457,21.649298,20.008228,20.580956,21.006851,21.64898,21.005116,21.754765,19.622522,19.492977,19.69682,19.692844,21.316605,21.80582,21.02509,21.468937,19.950415,19.983189,4.0,4.0,4.0,0.0,0.0,4.0,0.0,0.0
24523,2023.0,6.0,20.0,7.0,21.029152,21.710918,20.025013,20.582191,21.033388,21.700193,21.036816,21.803255,19.66486,19.61949,19.544039,19.499651,20.976728,21.182352,21.368992,22.070684,19.748617,19.630709,0.0,0.0,0.0,0.0,0.0,0.0,4.0,0.0
24524,2023.0,6.0,20.0,7.0,20.996788,21.609486,19.476187,19.488949,21.00062,21.592379,21.003683,21.686792,19.669634,19.628271,19.507164,19.463854,21.300266,21.779884,20.971157,21.297913,20.532835,21.201414,0.0,4.0,4.0,0.0,0.0,4.0,0.0,4.0
24525,2023.0,6.0,20.0,7.0,21.00115,21.610296,19.170258,19.092335,21.006357,21.591213,21.035366,21.751326,20.326035,20.880419,19.849087,20.128403,21.416754,21.902843,21.026081,21.410864,20.788454,21.404251,0.0,4.0,0.0,4.0,4.0,4.0,0.0,4.0
24526,2023.0,6.0,20.0,7.0,21.00015,21.603241,19.581564,19.947853,21.005339,21.58088,21.002625,21.646017,20.521097,20.996754,19.999775,20.305271,21.458733,21.943354,21.018854,21.39582,20.086609,20.026007,4.0,4.0,4.0,4.0,4.0,4.0,0.0,0.0
24527,2023.0,6.0,20.0,7.0,21.02822,21.674847,20.056952,20.704647,21.005274,21.574306,21.034685,21.719742,19.95801,19.993301,20.015884,20.300375,21.489351,21.97349,21.020065,21.400658,19.780825,19.664146,0.0,4.0,0.0,0.0,0.0,4.0,0.0,0.0
24528,2023.0,6.0,20.0,8.0,21.010962,21.598381,19.914194,20.340322,21.031397,21.641075,21.027723,21.692696,19.76575,19.663446,19.63764,19.546474,20.958973,21.032837,21.545849,22.383316,19.689173,19.574923,4.0,0.0,0.0,0.0,0.0,0.0,4.0,0.0
24529,2023.0,6.0,20.0,8.0,21.00725,21.596586,20.042454,20.595617,20.380737,20.379044,20.84128,21.293709,19.65461,19.540798,19.456488,19.336887,20.682293,20.549458,20.74398,20.698223,19.634424,19.527767,0.0,0.0,4.0,0.0,0.0,0.0,0.0,0.0
24530,2023.0,6.0,20.0,8.0,20.429546,20.515509,19.502987,19.518658,20.005985,19.896395,20.208311,20.181522,19.595642,19.482513,19.460037,19.408482,20.522135,20.365986,20.337402,20.208946,19.648083,19.606575,0.0,0.0,0.0,0.0,0.0,0.0,0.0,0.0
24531,2023.0,6.0,20.0,8.0,20.210068,20.234741,19.697052,19.987211,19.889872,19.766937,19.947132,19.831781,19.626146,19.58333,19.454332,19.413542,20.454819,20.299175,20.223145,20.088991,19.634548,19.601881,4.0,0.0,0.0,0.0,0.0,0.0,0.0,0.0
24532,2023.0,6.0,20.0,8.0,20.11977,20.153194,20.042168,20.574041,19.899483,19.8678,19.82723,19.712318,19.615355,19.57749,19.799047,20.08448,20.494629,20.435812,20.14582,20.016344,19.60559,19.571325,4.0,0.0,0.0,0.0,4.0,0.0,0.0,0.0
24533,2023.0,6.0,20.0,8.0,20.032967,20.067186,20.019196,20.51226,20.526787,21.096355,19.805561,19.77882,19.591236,19.554441,20.03007,20.399628,20.480461,20.431753,20.145168,20.093864,19.5755,19.541977,0.0,4.0,0.0,0.0,0.0,0.0,0.0,0.0
24534,2023.0,6.0,20.0,9.0,20.04344,20.163734,19.510178,19.509727,20.611853,21.071768,19.755045,19.74161,19.566515,19.530102,19.685642,19.689611,20.443771,20.39414,20.114838,20.072926,19.546757,19.513311,0.0,4.0,0.0,0.0,0.0,0.0,0.0,0.0
24535,2023.0,6.0,20.0,9.0,20.022594,20.155895,19.371113,19.361351,20.062176,20.038277,19.702597,19.692204,19.547562,19.512663,19.564375,19.528738,20.415426,20.367043,20.077946,20.039783,19.52469,19.492582,0.0,0.0,0.0,0.0,0.0,0.0,0.0,0.0
24536,2023.0,6.0,20.0,9.0,19.987331,20.123566,19.310791,19.307789,19.848335,19.749304,19.652466,19.644876,19.529926,19.496677,19.900017,20.199905,20.389748,20.342936,20.040619,20.002867,19.50425,19.47359,0.0,0.0,0.0,0.0,4.0,0.0,0.0,0.0
24537,2023.0,6.0,20.0,9.0,19.953844,20.091711,19.254154,19.25074,19.761087,19.663925,19.606499,19.599913,19.513544,19.481651,20.028803,20.392145,20.366379,20.320755,20.007053,19.970179,19.485292,19.455818,0.0,0.0,0.0,0.0,0.0,0.0,0.0,0.0
24538,2023.0,6.0,20.0,9.0,19.921421,20.063608,19.655231,20.053003,19.763613,19.745111,19.563807,19.563349,19.49791,19.468607,19.706148,19.71786,20.344095,20.301426,19.97437,19.940578,19.467081,19.440039,4.0,0.0,0.0,0.0,0.0,0.0,0.0,0.0
24539,2023.0,6.0,20.0,9.0,19.893581,20.036745,20.05359,20.710773,20.409992,20.997025,19.529213,19.531506,19.48488,19.457315,19.587835,19.558823,20.325897,20.285053,19.947975,19.915838,19.45179,19.426409,0.0,4.0,0.0,0.0,0.0,0.0,0.0,0.0
24540,2023.0,6.0,20.0,10.0,19.872831,20.026205,19.556726,19.678854,19.994423,20.026058,19.492743,19.498457,19.471804,19.446259,19.538065,19.510704,20.307571,20.268742,19.921091,19.890875,19.436087,19.412489,0.0,0.0,0.0,0.0,0.0,0.0,0.0,0.0
24541,2023.0,6.0,20.0,10.0,20.531591,21.283548,19.343513,19.364964,19.77948,19.725023,19.46443,19.473263,19.46199,19.43867,19.508827,19.484215,20.29389,20.257273,19.900816,19.872572,19.423698,19.402107,0.0,0.0,0.0,0.0,0.0,0.0,0.0,0.0
24542,2023.0,6.0,20.0,10.0,20.105703,20.342379,19.271942,19.287472,19.708597,19.658365,19.438066,19.450571,19.453457,19.432524,19.48458,19.463507,20.281553,20.247402,19.882162,19.856153,19.41239,19.392954,0.0,0.0,0.0,0.0,0.0,0.0,0.0,0.0
24543,2023.0,6.0,20.0,10.0,19.88829,19.99994,19.220066,19.23441,19.707684,19.712408,19.412533,19.426996,19.446201,19.427404,19.46195,19.441525,20.27017,20.238049,19.864445,19.839966,19.401798,19.384127,0.0,0.0,0.0,0.0,0.0,0.0,0.0,0.0
24544,2023.0,6.0,20.0,10.0,19.841805,19.961954,19.18269,19.20101,19.67687,19.686287,19.390488,19.408539,19.440052,19.42368,19.44389,19.426287,20.260204,20.230595,19.84873,19.826462,19.392561,19.37706,0.0,0.0,0.0,0.0,0.0,0.0,0.0,0.0
24545,2023.0,6.0,20.0,10.0,19.853228,20.02385,19.60402,20.024208,19.648342,19.663418,19.371302,19.393978,19.434595,19.42075,19.42915,19.415041,20.251406,20.22457,19.834827,19.815187,19.38452,19.371412,4.0,0.0,0.0,0.0,0.0,0.0,0.0,0.0
24546,2023.0,6.0,20.0,11.0,19.830786,19.99827,20.067314,20.785418,19.62067,19.638914,19.352276,19.378017,19.431614,19.420118,19.418125,19.406399,20.245026,20.220617,19.823433,19.80588,19.378912,19.367931,0.0,0.0,0.0,0.0,0.0,0.0,0.0,0.0
24547,2023.0,6.0,20.0,11.0,20.4773,21.236214,19.545622,19.694515,20.271458,20.892494,19.335854,19.368132,19.438276,19.431644,19.419075,19.413061,20.247593,20.2282,19.820246,19.807396,19.38194,19.375578,0.0,4.0,0.0,0.0,0.0,0.0,0.0,0.0
24548,2023.0,6.0,20.0,11.0,20.613754,21.340498,19.336737,19.388716,19.880701,20.017748,19.998085,20.629894,19.453653,19.45236,19.428864,19.422874,20.258537,20.244526,19.825907,19.817913,19.392878,19.391499,0.0,0.0,4.0,0.0,0.0,0.0,0.0,0.0
24549,2023.0,6.0,20.0,11.0,20.691242,21.423126,19.274462,19.324305,19.698841,19.749052,19.607227,19.744064,19.469654,19.465862,19.44553,19.440182,20.27121,20.25708,19.832214,19.822386,19.40406,19.400558,0.0,0.0,0.0,0.0,0.0,0.0,0.0,0.0
24550,2023.0,6.0,20.0,11.0,20.194704,20.441423,19.237019,19.294418,19.668922,19.733696,19.462566,19.545128,19.491228,19.486977,19.467987,19.462746,20.287436,20.273392,19.843168,19.833042,20.291798,21.063114,0.0,0.0,0.0,0.0,0.0,0.0,0.0,4.0
24551,2023.0,6.0,20.0,11.0,20.037027,20.237776,19.20971,19.274973,20.300676,20.948687,19.447477,19.547972,19.517994,19.51403,19.49596,19.491196,20.307589,20.293663,19.858192,19.848112,19.951859,20.295668,0.0,4.0,0.0,0.0,0.0,0.0,0.0,0.0
24552,2023.0,6.0,20.0,12.0,20.004902,20.233723,19.185663,19.260292,19.991238,20.17564,19.40006,19.475037,19.548658,19.54411,19.529015,19.523628,21.111328,21.795517,20.864204,21.732672,19.74963,19.843485,0.0,0.0,0.0,0.0,0.0,4.0,4.0,0.0
24553,2023.0,6.0,20.0,12.0,21.11865,22.180449,19.169088,19.250263,21.148945,22.298788,21.205675,22.708956,19.579672,19.574234,19.564129,19.557394,21.368212,22.0924,21.261972,22.302458,19.692879,19.740019,0.0,0.0,0.0,0.0,0.0,4.0,0.0,0.0
24554,2023.0,6.0,20.0,12.0,21.009178,21.895931,19.15248,19.24074,21.006987,21.897943,21.002653,22.109945,19.615343,19.608278,19.604225,19.596094,21.482914,22.180653,21.014055,21.667276,20.594563,21.427696,0.0,0.0,0.0,0.0,0.0,4.0,0.0,4.0
24555,2023.0,6.0,20.0,12.0,21.020369,21.857153,19.574001,20.048916,20.998669,21.786463,21.029257,22.043623,19.65333,19.644844,19.647413,19.63796,20.978891,21.210579,21.013588,21.577871,20.184628,20.345276,4.0,4.0,0.0,0.0,0.0,0.0,0.0,0.0
24556,2023.0,6.0,20.0,12.0,21.071909,21.879557,20.056643,20.796654,21.027023,21.818003,21.024918,21.955225,19.69218,19.681759,19.693533,19.683125,21.554937,22.27067,21.011827,21.509878,19.933418,19.998104,0.0,0.0,0.0,0.0,0.0,4.0,0.0,0.0
24557,2023.0,6.0,20.0,12.0,21.0125,21.766989,19.567133,19.764456,21.020094,21.767838,21.024572,21.898754,19.732264,19.72214,19.740553,19.729586,21.114964,21.251589,21.01227,21.458544,19.92015,19.980394,0.0,0.0,0.0,0.0,0.0,0.0,0.0,0.0
24558,2023.0,6.0,20.0,13.0,21.017294,21.757421,19.328457,19.454094,21.012812,21.69455,20.998034,21.785332,19.770813,19.7612,20.177345,20.510866,21.657501,22.377502,21.010935,21.414896,19.942183,20.008245,0.0,4.0,4.0,0.0,4.0,4.0,0.0,0.0
24559,2023.0,6.0,20.0,13.0,21.015862,21.737724,19.273344,19.39307,21.02368,21.73123,21.029032,21.842815,19.80344,19.7918,20.01463,20.102522,21.231127,21.379765,21.01063,21.381495,19.886642,19.87635,0.0,0.0,0.0,0.0,0.0,0.0,0.0,0.0
24560,2023.0,6.0,20.0,13.0,21.034573,21.756706,19.241482,19.360256,21.054625,21.742516,21.046032,21.84928,19.83308,19.820723,19.939638,19.926516,21.00156,21.048952,21.024857,21.380173,19.872076,19.856014,0.0,4.0,0.0,0.0,0.0,0.0,0.0,0.0
24561,2023.0,6.0,20.0,13.0,21.013689,21.702803,19.222368,19.345432,21.076546,21.767263,21.018316,21.777485,19.857822,19.843279,19.950518,19.935677,21.717562,22.422466,21.00825,21.327364,19.879835,19.86308,0.0,4.0,0.0,0.0,0.0,4.0,0.0,0.0
24562,2023.0,6.0,20.0,13.0,21.016245,21.697508,19.205717,19.331047,21.01218,21.66537,21.022623,21.76824,19.88223,19.867287,19.970636,19.954527,21.340586,21.515799,21.009792,21.312788,20.798134,21.59578,0.0,0.0,0.0,0.0,0.0,0.0,0.0,4.0
24563,2023.0,6.0,20.0,13.0,21.015783,21.687706,19.192379,19.319897,21.018314,21.670008,21.02128,21.750118,19.904835,19.890215,19.99225,19.976624,21.084139,21.132475,21.00914,21.296854,20.46254,20.657356,0.0,0.0,0.0,0.0,0.0,0.0,0.0,0.0
24564,2023.0,6.0,20.0,14.0,21.015284,21.679253,19.604555,20.102608,21.116405,21.81925,21.002537,21.670511,19.925856,19.912092,20.013287,19.998863,21.03995,21.079227,21.008793,21.283964,20.205585,20.287643,4.0,4.0,4.0,0.0,0.0,0.0,0.0,0.0
24565,2023.0,6.0,20.0,14.0,21.202328,22.0021,20.057251,20.792173,21.152908,21.85262,20.508368,20.758984,19.941967,19.925886,20.404823,20.71577,21.754986,22.438683,20.732733,20.738611,20.168438,20.24064,0.0,4.0,0.0,0.0,4.0,4.0,0.0,0.0
24566,2023.0,6.0,20.0,14.0,20.696854,20.990862,19.592676,19.808136,20.646395,20.889908,20.261042,20.463999,19.956564,19.938974,20.258274,20.30579,21.332874,21.444075,20.60475,20.57754,20.07812,20.06379,0.0,0.0,0.0,0.0,0.0,0.0,0.0,0.0
24567,2023.0,6.0,20.0,14.0,20.571245,20.873447,19.402113,19.521866,20.442348,20.615433,20.180082,20.374102,19.968992,19.95098,20.160038,20.139027,21.167557,21.187166,20.56876,20.536373,20.049156,20.028109,0.0,0.0,0.0,0.0,0.0,0.0,0.0,0.0
24568,2023.0,6.0,20.0,14.0,20.512796,20.818632,19.78317,20.27416,20.966858,21.667658,20.050455,20.170874,20.667467,21.256931,20.15416,20.131813,21.871159,22.549973,20.545464,20.514557,20.885513,21.61674,4.0,4.0,0.0,4.0,0.0,4.0,0.0,4.0
24569,2023.0,6.0,20.0,14.0,21.066502,21.897287,20.01237,20.61175,21.081635,21.784159,20.623041,21.303654,20.26823,20.33911,20.151861,20.127666,21.366106,21.47338,20.524515,20.493221,21.230217,22.08616,4.0,4.0,4.0,0.0,0.0,0.0,0.0,4.0
24570,2023.0,6.0,20.0,15.0,20.697193,21.042055,20.01108,20.579355,20.581257,20.819487,20.310984,20.557535,20.14756,20.214119,20.153124,20.127506,21.146347,21.17269,20.504225,20.473082,20.633764,20.827839,0.0,0.0,0.0,0.0,0.0,0.0,0.0,0.0
24571,2023.0,6.0,20.0,15.0,21.078207,21.897417,19.743519,20.030476,20.945318,21.651684,20.098833,20.300432,20.867193,21.545336,20.15669,20.130093,21.110117,21.13098,20.48721,20.456324,20.348948,20.42295,0.0,4.0,0.0,4.0,0.0,0.0,0.0,0.0
24572,2023.0,6.0,20.0,15.0,21.218895,22.060648,20.006815,20.56432,21.053234,21.754007,20.045517,20.241346,20.451931,20.602531,20.537928,20.840412,21.041332,21.008432,20.47605,20.44505,20.296598,20.353228,4.0,4.0,0.0,0.0,4.0,0.0,0.0,0.0
24573,2023.0,6.0,20.0,15.0,21.274439,22.110537,20.114902,20.701454,21.08937,21.782887,20.516455,21.1418,20.310833,20.376074,20.348867,20.400238,21.012402,20.973637,21.434893,22.266893,20.28005,20.335592,4.0,4.0,4.0,0.0,0.0,0.0,4.0,0.0
24574,2023.0,6.0,20.0,15.0,21.320038,22.152363,19.995214,20.474787,20.58902,20.814745,20.174984,20.411064,20.296707,20.357088,20.241528,20.216656,20.996916,20.958096,21.77278,22.691898,20.194023,20.173922,0.0,0.0,0.0,0.0,0.0,0.0,4.0,0.0
24575,2023.0,6.0,20.0,15.0,21.353674,22.17511,19.781605,20.051651,20.961382,21.663599,20.563679,21.246813,20.94612,21.572182,20.598478,20.89313,20.982298,20.944307,21.089478,21.266668,21.004416,21.736431,0.0,4.0,4.0,4.0,4.0,0.0,0.0,4.0
24576,2023.0,6.0,20.0,16.0,20.82343,21.153551,19.984077,20.458261,20.544456,20.786047,20.186441,20.436224,20.550362,20.686922,20.399572,20.441128,20.971125,20.933548,20.83865,20.874376,20.576523,20.76331,4.0,0.0,0.0,0.0,0.0,0.0,0.0,0.0
24577,2023.0,6.0,20.0,16.0,20.649286,20.932756,20.0736,20.577227,20.974144,21.67639,20.048103,20.246326,20.40958,20.468513,20.375956,20.428032,21.697823,22.32375,20.775524,20.803406,20.389225,20.45333,4.0,4.0,0.0,0.0,0.0,4.0,0.0,0.0
24578,2023.0,6.0,20.0,16.0,20.58064,20.863926,20.178257,20.752392,21.086975,21.784891,20.006748,20.20241,20.390335,20.447777,20.404533,20.47988,21.261478,21.364532,20.742725,20.772171,20.347872,20.402605,4.0,4.0,0.0,0.0,0.0,0.0,0.0,0.0
24579,2023.0,6.0,20.0,16.0,20.53318,20.81867,20.232244,20.812439,20.608263,20.855042,19.899023,20.016163,20.310627,20.298962,20.329718,20.323973,21.123701,21.147564,20.663683,20.637447,21.190369,22.004267,4.0,0.0,0.0,0.0,0.0,0.0,0.0,4.0
24580,2023.0,6.0,20.0,16.0,21.065336,21.842382,20.267748,20.847376,21.026987,21.728144,19.836971,19.93406,20.273096,20.250408,20.295742,20.271202,21.10136,21.128084,20.626865,20.597162,20.695105,20.898561,4.0,4.0,0.0,0.0,0.0,0.0,0.0,0.0
24581,2023.0,6.0,20.0,16.0,20.700111,21.053055,19.98658,20.351751,20.616945,20.867704,20.46329,21.139147,20.258015,20.235943,20.2886,20.264568,21.822422,22.505482,20.605957,20.57825,20.474228,20.542118,0.0,0.0,4.0,0.0,0.0,4.0,0.0,0.0
24582,2023.0,6.0,20.0,17.0,21.097387,21.912283,19.848104,20.102694,20.382784,20.57326,20.139833,20.333797,20.24508,20.22509,20.282787,20.26103,21.459251,21.633463,20.585228,20.559933,21.267044,22.081787,0.0,0.0,0.0,0.0,0.0,0.0,0.0,4.0
24583,2023.0,6.0,20.0,17.0,21.255121,22.093313,20.142584,20.682196,20.926336,21.630611,20.028208,20.214607,20.23326,20.213358,20.644613,20.94605,21.244452,21.280483,20.566961,20.541994,20.753593,20.951172,4.0,4.0,0.0,0.0,4.0,0.0,0.0,0.0
24584,2023.0,6.0,20.0,17.0,20.762259,21.10896,19.98847,20.379175,20.539038,20.787895,19.99947,20.18792,20.221668,20.202162,20.446249,20.503464,21.183535,21.205746,21.513985,22.349924,20.521269,20.582441,0.0,0.0,0.0,0.0,0.0,0.0,4.0,0.0
24585,2023.0,6.0,20.0,17.0,20.541138,20.83107,20.182953,20.725536,20.877028,21.547365,19.890438,20.000402,20.20859,20.189716,20.297163,20.283566,21.885294,22.566803,21.077139,21.235651,20.441984,20.490679,4.0,4.0,0.0,0.0,0.0,4.0,0.0,0.0
24586,2023.0,6.0,20.0,17.0,21.091122,21.894972,20.26077,20.817307,21.014482,21.696064,19.830343,19.918793,20.196558,20.17817,20.270473,20.250036,21.417027,21.562595,20.842148,20.87552,20.343592,20.328869,4.0,4.0,0.0,0.0,0.0,0.0,0.0,0.0
24587,2023.0,6.0,20.0,17.0,21.244564,22.064638,20.293814,20.84454,21.069887,21.744276,19.794283,19.876377,20.183973,20.165491,20.254305,20.232485,21.196665,21.20315,20.768345,20.787931,20.293013,20.2693,4.0,4.0,0.0,0.0,0.0,0.0,0.0,0.0
24588,2023.0,6.0,20.0,18.0,20.74446,21.067009,20.316555,20.858301,21.10955,21.7734,20.429276,21.0916,20.173918,20.15689,20.24159,20.221329,21.151531,21.159666,20.687275,20.665998,21.111305,21.8456,4.0,4.0,4.0,0.0,0.0,0.0,0.0,4.0
24589,2023.0,6.0,20.0,18.0,21.187939,21.980658,20.338282,20.875032,21.005424,21.583065,21.082392,22.1425,20.16436,20.148647,20.229498,20.210432,21.881186,22.572962,21.056505,21.341486,20.638498,20.792946,4.0,0.0,0.0,0.0,0.0,4.0,0.0,0.0
24590,2023.0,6.0,20.0,18.0,20.973097,21.493298,19.9907,20.270994,21.137072,21.787605,21.012268,21.880013,20.154638,20.140066,20.217108,20.199419,21.451458,21.56999,21.0033,21.23973,20.374008,20.426268,0.0,4.0,0.0,0.0,0.0,0.0,0.0,0.0
24591,2023.0,6.0,20.0,18.0,21.26838,22.03861,20.219458,20.71828,21.197922,21.846344,21.021503,21.818956,20.14521,20.132257,20.205057,20.189154,21.18665,21.20675,21.780455,22.69206,21.180674,21.982286,4.0,4.0,0.0,0.0,0.0,0.0,4.0,4.0
24592,2023.0,6.0,20.0,18.0,20.972666,21.456995,20.338192,20.861393,21.228891,21.873,21.019934,21.760479,20.135988,20.124168,20.19342,20.179049,21.114962,21.121197,21.191477,21.327667,20.73036,20.87792,4.0,4.0,0.0,0.0,0.0,0.0,0.0,0.0
24593,2023.0,6.0,20.0,18.0,21.016422,21.549812,19.99697,20.265411,20.98823,21.452559,21.019636,21.719988,20.855515,21.497375,20.181553,20.168653,21.836704,22.519867,21.007261,21.181486,20.43477,20.482101,0.0,0.0,0.0,4.0,0.0,4.0,0.0,0.0
24594,2023.0,6.0,20.0,19.0,21.010237,21.535162,19.867884,20.049358,21.017887,21.514202,21.019268,21.689512,20.529806,20.643375,20.168922,20.15797,21.404053,21.512651,21.006939,21.19861,21.243526,22.057951,0.0,0.0,0.0,0.0,0.0,0.0,0.0,4.0
24595,2023.0,6.0,20.0,19.0,21.32315,22.10322,20.21787,20.752377,21.013487,21.502098,21.018377,21.66464,20.300112,20.34317,20.153797,20.143337,21.13242,21.137972,21.007162,21.210245,21.494875,22.270504,4.0,0.0,0.0,0.0,0.0,0.0,0.0,4.0
24596,2023.0,6.0,20.0,19.0,21.425648,22.190956,20.316113,20.823845,21.18989,21.806175,21.018389,21.645685,20.259207,20.298285,20.13799,20.128674,21.818928,22.487877,21.007679,21.21903,20.825672,20.94409,4.0,4.0,0.0,0.0,0.0,4.0,0.0,0.0
24597,2023.0,6.0,20.0,19.0,21.462746,22.219563,20.334812,20.831882,21.261335,21.878582,21.077053,21.712847,20.196178,20.195452,20.121477,20.113121,21.378403,21.472498,21.00795,21.225689,21.377647,22.16504,4.0,4.0,4.0,0.0,0.0,0.0,0.0,4.0
24598,2023.0,6.0,20.0,19.0,21.489794,22.2384,19.993444,20.238415,21.282465,21.893093,21.011108,21.600744,20.843853,21.4492,20.104263,20.096418,21.110798,21.110353,21.007952,21.231092,20.84548,20.95231,0.0,4.0,0.0,4.0,0.0,0.0,0.0,0.0
24599,2023.0,6.0,20.0,19.0,21.511559,22.251543,20.22269,20.68701,21.297089,21.901022,21.019442,21.608654,20.508886,20.603111,20.086351,20.07963,21.037771,21.026249,21.008024,21.236012,20.522503,20.537062,4.0,4.0,0.0,0.0,0.0,0.0,0.0,0.0
24600,2023.0,6.0,20.0,20.0,21.531708,22.265585,20.323248,20.797737,20.979177,21.354729,21.08284,21.690275,20.287985,20.315655,20.068914,20.06368,20.998755,20.993622,21.807398,22.74348,21.240862,21.96403,4.0,0.0,4.0,0.0,0.0,0.0,4.0,4.0
24601,2023.0,6.0,20.0,20.0,20.962969,21.280642,20.342606,20.806818,21.019396,21.449839,21.102385,21.701973,20.221006,20.235722,20.049206,20.043446,21.00355,21.029707,21.966152,22.768745,21.509222,22.241604,4.0,0.0,4.0,0.0,0.0,0.0,4.0,4.0
24602,2023.0,6.0,20.0,20.0,21.362812,22.075989,19.992577,20.20377,21.013847,21.442833,21.104977,21.694277,20.167145,20.162981,20.02832,20.022125,21.003124,21.051147,21.173555,21.230623,21.574024,22.291391,0.0,0.0,4.0,0.0,0.0,0.0,0.0,4.0
24603,2023.0,6.0,20.0,20.0,21.501507,22.21616,19.83803,19.942202,21.014687,21.444462,21.104641,21.683481,20.810917,21.41154,20.005741,19.999918,21.003725,21.072155,21.010994,21.147058,20.88624,20.948586,0.0,0.0,4.0,4.0,0.0,0.0,0.0,0.0
24604,2023.0,6.0,20.0,20.0,20.973478,21.294935,19.73884,19.813263,21.013351,21.443275,21.102598,21.670925,21.046724,21.6328,20.33386,20.637632,21.00409,21.090048,21.790012,22.64626,21.412569,22.145006,0.0,0.0,4.0,4.0,4.0,0.0,4.0,4.0
24605,2023.0,6.0,20.0,20.0,21.019144,21.417633,19.667475,19.717419,21.01341,21.443125,21.010057,21.5273,20.492743,20.533241,20.16014,20.208273,21.631536,22.28637,21.96531,22.732243,21.585258,22.271105,0.0,0.0,0.0,0.0,0.0,4.0,4.0,4.0
24606,2023.0,6.0,20.0,21.0,21.01029,21.415316,19.618326,19.660841,21.01338,21.441607,21.020008,21.543266,20.238945,20.216778,20.01188,20.012173,21.773752,22.362473,21.172077,21.194813,20.87726,20.9069,0.0,0.0,0.0,0.0,0.0,4.0,0.0,0.0
24607,2023.0,6.0,20.0,21.0,21.01204,21.426104,19.578499,19.614628,21.223278,21.814407,21.01904,21.533081,20.146759,20.107292,20.320734,20.630016,21.144081,21.131004,21.012083,21.123894,21.388243,22.089878,0.0,4.0,0.0,0.0,4.0,0.0,0.0,4.0
24608,2023.0,6.0,20.0,21.0,21.009687,21.43018,19.543205,19.573286,20.981464,21.353718,21.019379,21.524399,20.079657,20.027903,20.127558,20.165607,21.623304,22.205776,21.01025,21.157398,20.818012,20.817333,0.0,0.0,0.0,0.0,0.0,4.0,0.0,0.0
24609,2023.0,6.0,20.0,21.0,21.009869,21.436092,19.508146,19.529816,21.022976,21.43692,21.015896,21.515781,20.0605,20.038992,20.272326,20.517931,21.762632,22.293108,21.01185,21.182537,20.472569,20.389645,0.0,0.0,0.0,0.0,4.0,4.0,0.0,0.0
24610,2023.0,6.0,20.0,21.0,21.009575,21.439821,19.926062,20.335558,21.016304,21.41953,21.139858,21.722649,20.030958,20.008595,20.3348,20.561718,21.778902,22.294172,21.01175,21.196186,20.354439,20.26231,4.0,0.0,4.0,0.0,4.0,4.0,0.0,0.0
24611,2023.0,6.0,20.0,21.0,21.010313,21.443308,20.085733,20.503262,21.013569,21.417637,21.003597,21.466866,20.655188,21.213104,20.336258,20.543884,21.793758,22.290255,21.008837,21.206236,20.26465,20.160097,4.0,0.0,0.0,4.0,4.0,4.0,0.0,0.0
24612,2023.0,6.0,20.0,22.0,21.010487,21.444214,20.004951,20.33471,21.01413,21.419617,21.02383,21.503414,20.206652,20.140717,19.988775,19.948702,21.141973,21.036757,21.714262,22.53638,20.26138,20.222986,0.0,0.0,0.0,0.0,0.0,0.0,4.0,0.0
24613,2023.0,6.0,20.0,22.0,21.010654,21.444862,19.66694,19.66412,21.013994,21.419418,21.021124,21.46264,19.95503,19.84936,19.858303,19.746284,21.606916,22.114607,20.957924,21.040407,20.237583,20.20642,0.0,0.0,4.0,0.0,0.0,4.0,0.0,0.0
24614,2023.0,6.0,20.0,22.0,21.021385,21.466024,19.453726,19.368906,21.02808,21.44626,21.042282,21.538023,19.885744,19.777603,19.774778,19.65325,21.755136,22.231735,21.024282,21.22801,20.19347,20.156857,0.0,0.0,0.0,0.0,0.0,4.0,0.0,0.0
24615,2023.0,6.0,20.0,22.0,21.00922,21.44152,19.469023,19.45837,21.01183,21.41284,21.017761,21.48075,19.915752,19.883196,19.803343,19.761889,21.119303,21.013079,21.009878,21.189842,20.156424,20.120543,0.0,0.0,0.0,0.0,0.0,0.0,0.0,0.0
24616,2023.0,6.0,20.0,22.0,21.011034,21.446108,19.464682,19.467003,21.01424,21.417847,21.021282,21.48414,19.905922,19.87051,20.099943,20.325294,21.61687,22.149454,21.013533,21.207329,20.121996,20.085726,0.0,0.0,0.0,0.0,4.0,4.0,0.0,0.0
24617,2023.0,6.0,20.0,22.0,21.01075,21.446276,19.442152,19.44609,21.013803,21.416943,21.01585,21.479433,20.499193,21.012856,19.988083,20.061045,21.08853,20.982805,21.009264,21.213104,20.091738,20.055517,0.0,0.0,0.0,4.0,0.0,0.0,0.0,0.0
24618,2023.0,6.0,20.0,23.0,21.010803,21.44656,19.42049,19.424925,21.013952,21.417168,21.016602,21.48409,20.16908,20.181862,19.866484,19.837936,21.01825,21.028265,21.010067,21.22412,20.854141,21.52321,0.0,0.0,0.0,0.0,0.0,0.0,0.0,4.0
24619,2023.0,6.0,20.0,23.0,20.72279,20.892422,19.398335,19.400854,20.6448,20.70692,20.585764,20.656593,19.899494,19.799305,19.795519,19.755545,20.8285,20.693645,20.743174,20.717068,20.422838,20.444427,0.0,0.0,0.0,0.0,0.0,0.0,0.0,0.0
24620,2023.0,6.0,20.0,23.0,21.291601,22.034197,19.37903,19.37884,20.471308,20.463675,20.388979,20.38546,19.825535,19.712685,19.763628,19.719866,20.735106,20.58366,20.643225,20.59848,20.173887,20.065464,0.0,0.0,0.0,0.0,0.0,0.0,0.0,0.0
24621,2023.0,6.0,20.0,23.0,20.81855,21.025217,19.359896,19.357271,20.388132,20.371805,20.294273,20.282238,19.848558,19.799276,19.735653,19.689194,20.773848,20.718445,20.585682,20.53878,20.835043,21.383581,0.0,0.0,0.0,0.0,0.0,0.0,0.0,4.0
24622,2023.0,6.0,20.0,23.0,20.517654,20.54601,19.34121,19.336042,20.324907,20.305555,20.221878,20.206802,19.839622,19.795149,19.709154,19.660078,20.751238,20.693876,20.535738,20.486628,20.28173,20.198318,0.0,0.0,0.0,0.0,0.0,0.0,0.0,0.0
24623,2023.0,6.0,20.0,23.0,20.408453,20.41688,19.322802,19.315039,20.27042,20.248562,20.159994,20.14236,19.817822,19.771532,19.683561,19.63187,20.716234,20.656012,20.49088,20.43959,20.847002,21.380775,0.0,0.0,0.0,0.0,0.0,0.0,0.0,4.0
24624,2023.0,6.0,21.0,0.0,20.469254,20.604633,19.302809,19.290514,20.2178,20.189693,20.100775,20.076368,19.793716,19.7438,19.656807,19.600685,20.681763,20.617321,20.44774,20.392363,20.993763,21.517248,0.0,0.0,0.0,0.0,0.0,0.0,0.0,4.0
24625,2023.0,6.0,21.0,0.0,20.441168,20.575174,19.28749,19.275066,20.178009,20.152275,20.05645,20.034723,20.356998,20.820509,19.634827,19.57858,20.65279,20.58853,20.411917,20.356953,20.339731,20.234632,0.0,0.0,0.0,4.0,0.0,0.0,0.0,0.0
24626,2023.0,6.0,21.0,0.0,20.407112,20.53908,19.270733,19.256271,20.137691,20.110266,20.011898,19.988295,19.96929,19.960718,19.611614,19.55335,20.623299,20.557224,20.376526,20.319866,20.136574,19.98242,0.0,0.0,0.0,0.0,0.0,0.0,0.0,0.0
24627,2023.0,6.0,21.0,0.0,20.375483,20.505754,19.254631,19.238441,20.100912,20.072542,19.97136,19.94682,19.751919,19.61106,19.589287,19.529438,21.29277,21.847878,20.343702,20.285887,20.051348,19.89654,0.0,0.0,0.0,0.0,0.0,4.0,0.0,0.0
24628,2023.0,6.0,21.0,0.0,20.345207,20.473627,19.238707,19.220697,20.06641,20.036913,19.933258,19.907719,19.674383,19.521631,19.860426,20.053408,20.69281,20.56956,20.312498,20.253448,19.983149,19.828012,0.0,0.0,0.0,0.0,4.0,0.0,0.0,0.0
24629,2023.0,6.0,21.0,0.0,20.314604,20.439423,19.221928,19.200935,20.032007,19.999367,19.895266,19.866592,19.718067,19.656376,19.648083,19.593393,20.497349,20.301252,20.2814,20.219793,20.030434,19.980234,0.0,0.0,0.0,0.0,0.0,0.0,0.0,0.0
24630,2023.0,6.0,21.0,1.0,20.287827,20.411777,19.20719,19.184982,20.00242,19.969877,19.862806,19.834486,20.294477,20.750116,19.583578,19.519314,20.43949,20.244064,20.253643,20.191608,20.735329,21.324497,0.0,0.0,0.0,4.0,0.0,0.0,0.0,4.0
24631,2023.0,6.0,21.0,1.0,20.261135,20.383139,19.191832,19.167706,19.972868,19.939156,19.830801,19.801332,19.922083,19.921825,19.552736,19.48611,20.497969,20.410374,20.226086,20.162802,20.130741,20.022547,0.0,0.0,0.0,0.0,0.0,0.0,0.0,0.0
24632,2023.0,6.0,21.0,1.0,20.233786,20.352015,19.174677,19.146826,19.941725,19.904099,19.797508,19.76389,19.660961,19.485529,19.522633,19.451986,20.496822,20.419685,20.197786,20.131672,19.92275,19.74874,0.0,0.0,0.0,0.0,0.0,0.0,0.0,0.0
24633,2023.0,6.0,21.0,1.0,20.210272,20.327686,19.160555,19.132055,19.916128,19.879118,19.770237,19.73737,20.15655,20.477571,19.8007,19.993454,20.474026,20.396467,20.172644,20.106176,19.96735,19.90758,0.0,0.0,0.0,4.0,4.0,0.0,0.0,0.0
24634,2023.0,6.0,21.0,1.0,20.186068,20.301361,19.14509,19.114485,19.889378,19.850904,19.741772,19.707489,19.72858,19.569904,19.596413,19.552662,20.449743,20.37062,20.147043,20.079174,19.940388,19.876436,0.0,0.0,0.0,0.0,0.0,0.0,0.0,0.0
24635,2023.0,6.0,21.0,1.0,20.162745,20.276087,19.129854,19.097229,19.863598,19.823849,19.714499,19.678982,20.190193,20.53846,19.509153,19.435795,20.425688,20.345182,20.12209,20.05301,20.638388,21.221607,0.0,0.0,0.0,4.0,0.0,0.0,0.0,4.0
24636,2023.0,6.0,21.0,2.0,20.13987,20.251202,19.114468,19.07978,19.838362,19.797207,19.688036,19.651096,19.755117,19.608164,19.475866,19.400148,20.401924,20.319956,20.097452,20.027105,20.022245,19.89651,0.0,0.0,0.0,0.0,0.0,0.0,0.0,0.0
24637,2023.0,6.0,21.0,2.0,20.116526,20.22492,19.098148,19.060633,19.812605,19.768953,19.66128,19.621752,19.578747,19.38328,19.754606,19.947323,20.377632,20.293346,20.07229,19.99986,19.814169,19.62571,0.0,0.0,0.0,0.0,4.0,0.0,0.0,0.0
24638,2023.0,6.0,21.0,2.0,20.09466,20.201462,19.082792,19.043507,19.788782,19.744137,19.636585,19.596075,20.264158,20.74571,19.54839,19.505598,20.354858,20.269491,20.048512,19.97519,19.742424,19.551678,0.0,0.0,0.0,4.0,0.0,0.0,0.0,0.0
24639,2023.0,6.0,21.0,2.0,20.072247,20.176746,19.066814,19.025137,19.76451,19.71806,19.611427,19.569143,19.745367,19.603256,19.449663,19.368898,20.331688,20.244608,20.024267,19.949451,19.79066,19.70687,0.0,0.0,0.0,0.0,0.0,0.0,0.0,0.0
24640,2023.0,6.0,21.0,2.0,20.048735,20.149448,19.04886,19.00299,19.738312,19.687841,19.58425,19.537952,19.53195,19.31941,19.410877,19.324707,20.307262,20.217018,19.998808,19.921198,19.782623,19.707361,0.0,0.0,0.0,0.0,0.0,0.0,0.0,0.0
24641,2023.0,6.0,21.0,2.0,20.026865,20.125395,19.032377,18.984125,19.714506,19.66218,19.55956,19.511501,19.613098,19.54944,19.378275,19.290266,20.284414,20.192451,19.974663,19.895554,19.753578,19.676825,0.0,0.0,0.0,0.0,0.0,0.0,0.0,0.0
24642,2023.0,6.0,21.0,3.0,20.005909,20.103292,19.017317,18.968416,19.692854,19.640621,19.537144,19.489326,20.180288,20.624378,19.350061,19.262281,20.262964,20.170557,19.951672,19.872208,19.725487,19.648685,0.0,0.0,0.0,4.0,0.0,0.0,0.0,0.0
24643,2023.0,6.0,21.0,3.0,19.98426,20.079708,19.000992,18.950365,19.669895,19.616272,19.513401,19.46427,19.773396,19.737486,19.321184,19.23189,20.240799,20.147104,19.927921,19.84734,19.696405,19.618446,0.0,0.0,0.0,0.0,0.0,0.0,0.0,0.0
24644,2023.0,6.0,21.0,3.0,19.963774,20.057959,18.985268,18.93351,19.6479,19.593567,19.490713,19.440948,19.508104,19.302166,19.294233,19.204203,20.219513,20.125086,19.904913,19.823755,20.398258,20.963846,0.0,0.0,0.0,0.0,0.0,0.0,0.0,4.0
24645,2023.0,6.0,21.0,3.0,19.94286,20.035313,18.96902,18.915752,19.62557,19.569984,19.467869,19.416853,19.405619,19.185818,19.267565,19.176228,20.198168,20.102571,19.88163,19.79946,19.912022,19.892359,0.0,0.0,0.0,0.0,0.0,0.0,0.0,0.0
24646,2023.0,6.0,21.0,3.0,19.92212,20.013216,18.952915,18.89848,19.603807,19.54735,19.445805,19.393871,19.464035,19.36393,19.242126,19.149965,20.177423,20.081045,20.779522,21.51023,19.628267,19.427683,0.0,0.0,0.0,0.0,0.0,0.0,4.0,0.0
24647,2023.0,6.0,21.0,3.0,20.552742,21.212446,18.936415,18.880611,19.582033,19.524345,19.423584,19.370483,19.4663,19.380646,19.217054,19.123795,20.15674,20.05936,20.043512,19.902866,19.526056,19.310946,0.0,0.0,0.0,0.0,0.0,0.0,0.0,0.0
24648,2023.0,6.0,21.0,4.0,20.139042,20.294868,18.919537,18.862143,19.56024,19.50098,19.401026,19.346558,20.0252,20.452711,19.192295,19.097673,20.13623,20.037643,19.800205,19.57672,19.585178,19.490915,0.0,0.0,0.0,4.0,0.0,0.0,0.0,0.0
24649,2023.0,6.0,21.0,4.0,19.782831,19.67486,18.901878,18.842209,19.537626,19.47611,19.37761,19.321043,20.26276,20.771343,19.167307,19.070627,20.115685,20.015419,19.724308,19.496862,19.581018,19.496511,0.0,0.0,0.0,4.0,0.0,0.0,0.0,0.0
24650,2023.0,6.0,21.0,4.0,19.704329,19.601248,18.886026,18.82592,19.517015,19.455492,19.356428,19.299986,19.589083,19.409449,19.144808,19.048243,20.09679,19.996407,19.793676,19.694174,19.555618,19.471552,0.0,0.0,0.0,0.0,0.0,0.0,0.0,0.0
24651,2023.0,6.0,21.0,4.0,19.844517,19.934458,18.868032,18.80546,19.49392,19.430079,19.332888,19.274149,19.364218,19.120792,19.120218,19.021484,20.076126,19.973951,19.793737,19.705042,19.527224,19.44129,0.0,0.0,0.0,0.0,0.0,0.0,0.0,0.0
24652,2023.0,6.0,21.0,4.0,19.847275,19.943766,18.850046,18.78525,19.47115,19.405354,19.309752,19.249094,19.285198,19.041662,19.096323,18.995932,20.055874,19.952364,19.769125,19.679453,19.499462,19.412285,0.0,0.0,0.0,0.0,0.0,0.0,0.0,0.0
24653,2023.0,6.0,21.0,4.0,19.829187,19.924944,18.834423,18.770016,19.451082,19.38605,19.289392,19.229567,19.371134,19.2788,19.07523,18.975546,20.037413,19.93413,19.745192,19.656017,20.203152,20.760038,0.0,0.0,0.0,0.0,0.0,0.0,0.0,4.0
24654,2023.0,6.0,21.0,5.0,19.808159,19.902124,18.816696,18.750763,19.428926,19.362534,19.267073,19.20587,19.366121,19.27355,19.05301,18.952162,20.726301,21.254354,19.720015,19.629921,19.718895,19.690964,0.0,0.0,0.0,0.0,0.0,4.0,0.0,0.0
24655,2023.0,6.0,21.0,5.0,19.789204,19.884296,18.802212,18.738123,19.41007,19.345482,19.248125,19.188677,19.33961,19.249346,19.03476,18.935684,20.087236,19.887642,19.69816,19.60964,19.432543,19.219337,0.0,0.0,0.0,0.0,0.0,0.0,0.0,0.0
24656,2023.0,6.0,21.0,5.0,19.770943,19.86731,18.788984,18.72732,19.392382,19.32995,19.903957,20.438993,19.893812,20.31155,19.311325,19.467756,20.572874,20.90919,19.678242,19.591406,19.339186,19.11857,0.0,0.0,4.0,4.0,4.0,4.0,0.0,0.0
24657,2023.0,6.0,21.0,5.0,19.753016,19.850546,18.776186,18.716852,20.054056,20.591858,19.509264,19.551163,19.523335,19.48863,19.133434,19.069662,20.073988,19.8556,19.66011,19.574936,19.408691,19.313898,0.0,4.0,0.0,0.0,0.0,0.0,0.0,0.0
24658,2023.0,6.0,21.0,5.0,19.735819,19.83474,18.76396,18.707006,20.235249,20.781944,19.17207,18.969437,19.263226,19.054031,19.347017,19.50845,20.650303,21.046732,19.644392,19.561123,19.41559,19.333927,0.0,4.0,0.0,0.0,4.0,4.0,0.0,0.0
24659,2023.0,6.0,21.0,5.0,19.718798,19.81908,19.186865,19.510807,19.583254,19.47664,19.06708,18.840897,19.723913,19.980856,19.171707,19.119873,20.808931,21.211786,20.561022,21.301043,19.401672,19.322794,4.0,0.0,0.0,4.0,0.0,4.0,4.0,0.0
24660,2023.0,6.0,21.0,6.0,19.70196,19.803488,18.967213,19.00842,19.953054,20.271893,19.834515,20.347519,19.927448,20.253035,19.085546,18.998314,20.202,20.012386,19.841629,19.715498,19.387754,19.310926,0.0,4.0,4.0,4.0,0.0,0.0,0.0,0.0
24661,2023.0,6.0,21.0,6.0,21.182642,22.426231,18.826454,18.787008,21.133709,22.2751,21.170494,22.57524,20.012873,20.3508,19.359314,19.52504,21.365494,22.123741,21.280872,22.326998,20.132614,20.729328,0.0,4.0,0.0,4.0,4.0,4.0,0.0,4.0
24662,2023.0,6.0,21.0,6.0,20.971663,21.846092,18.78587,18.74234,21.021896,21.931139,21.017586,22.073036,20.091808,20.436497,20.077974,20.690836,21.09935,21.507654,20.98234,21.632338,20.519007,21.181763,0.0,0.0,0.0,4.0,4.0,4.0,4.0,4.0
24663,2023.0,6.0,21.0,6.0,21.002687,21.8277,19.228285,19.593948,21.008608,21.788275,21.038275,21.98955,20.163069,20.514921,20.000132,20.431147,21.125736,21.541277,21.054884,21.688997,20.482286,20.97831,4.0,4.0,0.0,4.0,4.0,4.0,4.0,4.0
24664,2023.0,6.0,21.0,6.0,21.006714,21.77057,20.112196,21.042717,21.037762,21.806047,21.026892,21.899904,19.997019,20.202553,20.02378,20.418524,21.180199,21.60257,21.024052,21.602282,20.530483,21.031303,0.0,0.0,0.0,0.0,0.0,4.0,0.0,4.0
24665,2023.0,6.0,21.0,6.0,21.03255,21.800642,19.403917,19.533037,21.005047,21.674366,21.027752,21.854252,19.622904,19.469501,19.517637,19.385298,21.001785,21.272348,21.025024,21.557077,19.96449,20.014551,0.0,4.0,0.0,0.0,0.0,0.0,0.0,0.0
24666,2023.0,6.0,21.0,7.0,21.025085,21.750177,19.487034,19.886284,21.01014,21.65709,21.026396,21.818129,19.442966,19.263395,19.380423,19.301504,21.019604,21.293873,21.022707,21.513838,19.695318,19.530094,4.0,4.0,0.0,0.0,0.0,0.0,0.0,0.0
24667,2023.0,6.0,21.0,7.0,20.997814,21.648485,20.090635,20.871418,21.008831,21.636732,21.02648,21.793858,19.49814,19.428492,19.37737,19.307497,21.256083,21.704687,21.022152,21.481697,19.580332,19.417265,0.0,4.0,0.0,0.0,0.0,4.0,0.0,0.0
24668,2023.0,6.0,21.0,7.0,21.003311,21.647552,19.36914,19.383068,21.008251,21.623344,21.02615,21.775595,19.516853,19.456385,19.364967,19.298668,21.35372,21.809778,21.465454,22.27773,19.538702,19.38636,0.0,4.0,0.0,0.0,0.0,4.0,4.0,0.0
24669,2023.0,6.0,21.0,7.0,21.00205,21.639088,18.993046,18.892082,21.034286,21.685696,20.998938,21.688814,19.50925,19.451311,19.742844,20.020477,21.414932,21.881784,21.489536,22.147156,19.599436,19.540056,0.0,0.0,4.0,0.0,4.0,4.0,4.0,0.0
24670,2023.0,6.0,21.0,7.0,21.02986,21.710587,18.980728,18.956774,21.001314,21.58642,21.030996,21.768694,20.229801,20.81965,20.017254,20.38106,21.470354,21.944601,21.528612,22.199974,20.537727,21.310675,0.0,4.0,0.0,4.0,4.0,4.0,4.0,4.0
24671,2023.0,6.0,21.0,7.0,20.996107,21.612532,19.40991,19.791098,21.006506,21.59131,21.03021,21.746824,19.96629,20.149601,19.997458,20.277729,20.974985,21.05354,20.955051,21.183424,19.965849,20.057375,4.0,4.0,0.0,0.0,4.0,0.0,0.0,0.0
24672,2023.0,6.0,21.0,8.0,21.001057,21.620522,20.085312,20.895864,21.005417,21.58718,21.029234,21.729362,19.691032,19.601944,20.015461,20.28203,21.01683,21.15323,21.025785,21.346657,19.726189,19.609934,0.0,4.0,0.0,0.0,0.0,0.0,0.0,0.0
24673,2023.0,6.0,21.0,8.0,20.416704,20.528631,19.471848,19.612911,20.347046,20.351982,20.387344,20.492115,19.574627,19.46179,19.711897,19.656216,20.704866,20.554375,20.585335,20.50445,19.651617,19.539553,0.0,0.0,0.0,0.0,0.0,0.0,0.0,0.0
24674,2023.0,6.0,21.0,8.0,20.8639,21.503922,19.657135,20.061697,20.075834,19.99043,20.109774,20.117676,19.605068,19.540676,19.590408,19.4666,20.615196,20.452393,20.414474,20.277527,19.641388,19.536688,4.0,0.0,0.0,0.0,0.0,0.0,0.0,0.0
24675,2023.0,6.0,21.0,8.0,20.3669,20.50493,20.06024,20.748888,19.967314,19.891712,19.984259,19.988895,19.620327,19.562662,19.61568,19.539852,20.656479,20.571486,20.345,20.213976,19.676678,19.61685,0.0,0.0,0.0,0.0,0.0,0.0,0.0,0.0
24676,2023.0,6.0,21.0,8.0,20.10473,20.200506,19.846056,20.24833,19.884506,19.828516,19.877594,19.88877,19.62534,19.567623,19.631851,19.561426,20.66004,20.585693,20.339289,20.264364,20.55217,21.263704,4.0,0.0,0.0,0.0,0.0,0.0,0.0,4.0
24677,2023.0,6.0,21.0,8.0,20.037642,20.14163,20.052124,20.64475,19.866838,19.863049,19.803463,19.81652,19.632195,19.5741,19.639584,19.569626,20.6507,20.577866,20.321531,20.253748,19.964552,20.088585,0.0,0.0,0.0,0.0,0.0,0.0,0.0,0.0
24678,2023.0,6.0,21.0,9.0,20.002277,20.134085,19.562382,19.675144,19.82461,19.835205,19.730324,19.749805,19.63954,19.581127,19.648092,19.578247,20.639814,20.568144,20.292393,20.226679,20.660753,21.371752,0.0,0.0,0.0,0.0,0.0,0.0,0.0,4.0
24679,2023.0,6.0,21.0,9.0,19.999035,20.172926,19.360172,19.399733,19.781029,19.796543,19.676668,19.69925,19.647648,19.588573,19.659307,19.589022,20.633968,20.562366,20.271223,20.205805,20.115074,20.172794,0.0,0.0,0.0,0.0,0.0,0.0,0.0,0.0
24680,2023.0,6.0,21.0,9.0,19.970795,20.150568,19.275356,19.306984,19.736458,19.753912,19.624172,19.647476,19.656452,19.597454,19.672089,19.60266,20.629358,20.557947,20.251291,20.185543,19.89947,19.828852,0.0,0.0,0.0,0.0,0.0,0.0,0.0,0.0
24681,2023.0,6.0,21.0,9.0,19.94176,20.12627,19.224855,19.266287,19.702293,19.727333,19.584745,19.615803,19.664598,19.604803,19.683653,19.613258,21.37606,21.978584,20.236605,20.172539,19.867973,19.805084,0.0,0.0,0.0,0.0,0.0,4.0,0.0,0.0
24682,2023.0,6.0,21.0,9.0,20.58167,21.356508,19.179184,19.2244,20.341087,20.963692,19.54563,19.580807,19.673805,19.614063,19.696909,19.626827,20.919178,20.965538,20.223309,20.15992,19.853737,19.796917,0.0,4.0,0.0,0.0,0.0,0.0,0.0,0.0
24683,2023.0,6.0,21.0,9.0,20.139206,20.389992,19.14136,19.191122,20.512072,21.15153,19.510687,19.550346,19.68397,19.624405,19.711111,19.641382,20.739462,20.659252,20.212914,20.150263,19.841648,19.783398,0.0,4.0,0.0,0.0,0.0,0.0,0.0,0.0
24684,2023.0,6.0,21.0,10.0,19.982765,20.177578,19.106884,19.159105,20.544802,21.154284,19.477146,19.51938,19.696384,19.637892,19.727797,19.659704,20.71097,20.628056,20.205465,20.143251,19.83389,19.775467,0.0,4.0,0.0,0.0,0.0,0.0,0.0,0.0
24685,2023.0,6.0,21.0,10.0,19.94809,20.155703,19.08155,19.141048,20.056465,20.206081,19.45074,19.499687,19.708107,19.649014,19.743189,19.674038,21.459936,22.060476,20.201668,20.140488,19.830723,19.773031,0.0,0.0,0.0,0.0,0.0,4.0,0.0,0.0
24686,2023.0,6.0,21.0,10.0,19.904259,20.104155,19.057478,19.121878,19.873941,19.957909,19.42493,19.478477,19.7214,19.662369,20.110235,20.347092,20.991081,21.025433,20.199917,20.139343,20.687801,21.393715,0.0,0.0,0.0,0.0,4.0,0.0,0.0,4.0
24687,2023.0,6.0,21.0,10.0,19.871946,20.072042,19.487467,19.952177,19.81622,19.90771,19.401285,19.45883,19.736061,19.677341,19.987694,20.05891,20.831615,20.767698,20.1998,20.139671,21.008585,21.804192,4.0,0.0,0.0,0.0,0.0,0.0,0.0,4.0
24688,2023.0,6.0,21.0,10.0,19.844244,20.047487,20.053411,20.832188,19.779207,19.885225,19.378325,19.440514,19.752403,19.693474,19.901867,19.856768,21.544308,22.135365,20.200466,20.140675,21.158815,21.951092,4.0,0.0,0.0,0.0,0.0,4.0,0.0,4.0
24689,2023.0,6.0,21.0,10.0,19.820053,20.0259,20.012644,20.694633,19.700918,19.767908,19.357746,19.42391,19.769926,19.711206,20.25406,20.518562,21.844213,22.504045,20.202272,20.142841,20.474552,20.552788,0.0,0.0,0.0,0.0,4.0,4.0,0.0,0.0
24690,2023.0,6.0,21.0,11.0,19.79927,20.007704,19.590666,19.832382,20.318802,20.973545,19.339758,19.409906,19.787624,19.7293,20.109158,20.109991,21.247606,21.284733,20.205044,20.146187,20.202213,20.198202,0.0,4.0,0.0,0.0,0.0,0.0,0.0,0.0
24691,2023.0,6.0,21.0,11.0,19.78207,19.991577,19.436558,19.623005,19.950274,20.15086,19.324318,19.396814,19.802557,19.743786,20.076832,20.068115,21.079863,21.031103,20.207657,20.14838,20.164133,20.155842,0.0,0.0,0.0,0.0,0.0,0.0,0.0,0.0
24692,2023.0,6.0,21.0,11.0,19.766134,19.977308,19.700802,20.14706,19.810715,19.959085,19.309584,19.384922,19.816116,19.756546,20.105293,20.109674,21.04889,21.006153,21.185663,21.994648,20.150673,20.146313,4.0,0.0,0.0,0.0,0.0,0.0,4.0,0.0
24693,2023.0,6.0,21.0,11.0,20.419123,21.217848,20.049185,20.739647,20.393776,21.086983,19.295403,19.373133,19.829473,19.769974,20.059546,20.001566,21.031784,20.99341,20.624384,20.71617,20.143059,20.14305,0.0,4.0,0.0,0.0,0.0,0.0,0.0,0.0
24694,2023.0,6.0,21.0,11.0,20.074274,20.355354,19.95016,20.462818,20.599993,21.289354,19.280823,19.361147,19.844284,19.784914,20.041636,19.971298,20.987728,20.921158,20.373327,20.374815,20.080357,20.027119,4.0,4.0,0.0,0.0,0.0,0.0,0.0,0.0
24695,2023.0,6.0,21.0,11.0,19.970404,20.24763,20.027681,20.615116,20.10331,20.315336,19.26874,19.351395,19.85846,19.799858,20.05025,19.979656,20.96913,20.898272,20.359787,20.357286,20.056145,19.99671,0.0,0.0,0.0,0.0,0.0,0.0,0.0,0.0
24696,2023.0,6.0,21.0,12.0,19.943762,20.228497,19.69774,19.960701,20.479288,21.158106,19.256538,19.342028,19.87322,19.814764,20.062454,19.991932,21.755373,22.399775,20.363276,20.36424,20.044321,19.986002,0.0,4.0,0.0,0.0,0.0,4.0,0.0,0.0
24697,2023.0,6.0,21.0,12.0,21.156124,22.37299,19.571163,19.794031,21.08251,22.155836,21.218391,22.844395,19.888136,19.83173,20.076952,20.008347,21.97783,22.673393,21.08275,21.638718,20.03947,19.983284,0.0,0.0,0.0,0.0,0.0,4.0,0.0,0.0
24698,2023.0,6.0,21.0,12.0,21.001467,21.955393,19.42253,19.554169,20.988325,21.846214,21.00019,22.193998,19.906246,19.852026,20.09469,20.02874,21.37832,21.445978,21.621145,22.539917,20.037466,19.983456,0.0,4.0,0.0,0.0,0.0,0.0,4.0,0.0
24699,2023.0,6.0,21.0,12.0,21.02262,21.926834,19.324993,19.4377,21.027964,21.885263,21.030846,22.123526,20.641537,21.228447,20.1129,20.049124,21.928198,22.596004,20.969683,21.233116,20.03916,19.986969,0.0,0.0,0.0,4.0,0.0,4.0,0.0,0.0
24700,2023.0,6.0,21.0,12.0,21.01922,21.870733,19.274517,19.386768,21.019989,21.824043,21.026186,22.026367,20.31404,20.355406,20.132044,20.070719,22.1776,22.877657,21.017319,21.31614,20.044022,19.99353,0.0,0.0,0.0,0.0,0.0,4.0,0.0,0.0
24701,2023.0,6.0,21.0,12.0,21.019297,21.83528,19.24121,19.357904,20.999533,21.72979,21.026222,21.964823,20.197618,20.250042,20.151102,20.09275,22.260555,22.95995,21.006529,21.279253,20.976957,21.751005,0.0,4.0,0.0,0.0,0.0,4.0,0.0,4.0
24702,2023.0,6.0,21.0,13.0,21.018543,21.807476,19.214996,19.336315,21.024761,21.7816,21.025257,21.91758,20.229431,20.294579,20.171402,20.117321,21.654633,21.747452,21.00704,21.266008,20.592062,20.731686,0.0,0.0,0.0,0.0,0.0,0.0,0.0,0.0
24703,2023.0,6.0,21.0,13.0,21.017605,21.786253,19.639975,20.157137,21.05072,21.780333,21.024406,21.8815,20.142921,20.10609,20.189648,20.138544,21.423405,21.441029,21.008524,21.25233,20.361992,20.42628,4.0,4.0,0.0,0.0,0.0,0.0,0.0,0.0
24704,2023.0,6.0,21.0,13.0,21.017853,21.771051,20.030117,20.725191,21.016348,21.73087,21.024086,21.85418,20.112665,20.070087,20.20608,20.156921,21.38485,21.404408,21.008131,21.237894,21.210985,22.038784,4.0,0.0,0.0,0.0,0.0,0.0,0.0,4.0
24705,2023.0,6.0,21.0,13.0,21.017748,21.758223,20.00939,20.648241,21.082037,21.816723,21.023426,21.831163,20.114012,20.07231,20.223108,20.176083,21.365763,21.39068,21.007706,21.22587,20.750015,20.899752,0.0,4.0,0.0,0.0,0.0,0.0,0.0,0.0
24706,2023.0,6.0,21.0,13.0,21.0163,21.74576,19.710913,20.034813,21.118048,21.858908,21.022537,21.811737,20.11974,20.080002,20.240465,20.19601,21.273926,21.224302,21.007828,21.216402,20.495682,20.565834,0.0,4.0,0.0,0.0,0.0,0.0,0.0,0.0
24707,2023.0,6.0,21.0,13.0,21.173317,22.010166,19.975376,20.610529,21.142017,21.886818,21.022062,21.796219,20.126663,20.088804,20.256996,20.214943,21.233927,21.179518,21.00741,21.207104,20.46785,20.538895,4.0,4.0,0.0,0.0,0.0,0.0,0.0,0.0
24708,2023.0,6.0,21.0,14.0,20.98515,21.662142,20.003782,20.583696,20.99723,21.643696,20.994617,21.708826,20.135359,20.099897,20.273888,20.234407,21.216967,21.164732,21.006453,21.197847,20.347422,20.308104,0.0,0.0,4.0,0.0,0.0,0.0,0.0,0.0
24709,2023.0,6.0,21.0,14.0,20.656557,21.045824,19.779068,20.129837,20.605827,20.899519,20.967731,21.654856,20.144356,20.110802,20.289793,20.252003,21.933195,22.538435,20.793911,20.780159,20.309652,20.274544,0.0,0.0,4.0,0.0,0.0,4.0,0.0,0.0
24710,2023.0,6.0,21.0,14.0,21.133133,22.014545,19.550823,19.727545,20.45121,20.703217,20.51491,20.818853,20.153831,20.122984,20.305452,20.270906,21.544079,21.675308,20.720387,20.683027,20.298985,20.265654,0.0,0.0,0.0,0.0,0.0,0.0,0.0,0.0
24711,2023.0,6.0,21.0,14.0,21.265747,22.1723,19.456905,19.604364,20.994186,21.782484,20.952526,21.751738,20.163485,20.135353,20.320713,20.2894,21.42354,21.488358,20.693256,20.657478,20.29288,20.262274,0.0,4.0,4.0,0.0,0.0,0.0,0.0,0.0
24712,2023.0,6.0,21.0,14.0,21.318844,22.227148,19.41377,19.561287,20.586596,20.91691,20.513739,20.848679,20.173666,20.148407,20.335264,20.307495,21.414133,21.484228,20.67372,20.640182,20.288895,20.261118,0.0,0.0,0.0,0.0,0.0,0.0,0.0,0.0
24713,2023.0,6.0,21.0,14.0,21.363808,22.274366,19.384722,19.53582,20.424303,20.70193,20.903263,21.68087,20.184017,20.161747,20.348843,20.32475,21.314121,21.293879,21.617151,22.440163,21.123032,21.842289,0.0,0.0,4.0,0.0,0.0,0.0,4.0,4.0
24714,2023.0,6.0,21.0,15.0,20.84695,21.276794,19.362011,19.51643,20.947521,21.727886,21.022568,21.820702,20.194607,20.175903,20.361895,20.342236,21.274862,21.24022,22.010191,22.988659,20.719257,20.907806,0.0,4.0,4.0,0.0,0.0,0.0,4.0,0.0
24715,2023.0,6.0,21.0,15.0,20.675436,21.05877,19.341671,19.497131,21.082445,21.875584,20.535746,20.881884,20.202185,20.184824,20.3711,20.353228,21.25874,21.225971,21.266706,21.457579,20.588543,20.707092,0.0,4.0,0.0,0.0,0.0,0.0,0.0,0.0
24716,2023.0,6.0,21.0,15.0,21.192533,22.0829,19.323523,19.479298,21.133228,21.920977,20.955761,21.76803,20.896656,21.490284,20.378197,20.361948,22.004972,22.655142,21.05238,21.147099,20.572422,20.68899,0.0,4.0,4.0,4.0,0.0,4.0,0.0,0.0
24717,2023.0,6.0,21.0,15.0,21.334593,22.251501,19.30783,19.463757,21.177631,21.963137,21.049595,21.848515,20.493303,20.57248,20.383863,20.369516,21.605722,21.772465,21.003273,21.095448,20.56466,20.682194,0.0,4.0,4.0,0.0,0.0,0.0,0.0,0.0
24718,2023.0,6.0,21.0,15.0,20.836601,21.270897,19.720814,20.248758,21.213854,21.99684,21.076508,21.86824,21.112059,21.800156,20.388302,20.375982,22.200811,22.940472,20.974152,21.067722,20.4389,20.435274,4.0,4.0,4.0,4.0,0.0,4.0,0.0,0.0
24719,2023.0,6.0,21.0,15.0,21.25238,22.13709,20.019651,20.690678,21.246157,22.026838,20.594872,20.94161,21.390112,22.171398,20.392006,20.38186,21.7217,21.912342,21.922459,22.872562,20.392872,20.376722,4.0,4.0,0.0,4.0,0.0,0.0,4.0,0.0
24720,2023.0,6.0,21.0,16.0,21.440529,22.347553,20.006754,20.623924,21.279442,22.057833,20.355837,20.646492,21.514332,22.291454,20.395826,20.387691,21.497437,21.59552,21.44766,21.700153,20.372831,20.358244,0.0,4.0,0.0,4.0,0.0,0.0,0.0,0.0
24721,2023.0,6.0,21.0,16.0,21.485506,22.389612,20.148884,20.831326,21.309969,22.086163,20.831934,21.593536,20.97993,21.20168,20.39889,20.392809,22.195267,22.937872,21.111649,21.22682,20.35681,20.34406,4.0,4.0,4.0,0.0,0.0,4.0,0.0,0.0
24722,2023.0,6.0,21.0,16.0,20.964794,21.385159,20.224056,20.914165,20.817467,21.14429,20.458609,20.799112,20.798567,20.933933,20.400766,20.396894,21.706768,21.886393,21.044422,21.143412,20.34493,20.334057,4.0,0.0,0.0,0.0,0.0,0.0,0.0,0.0
24723,2023.0,6.0,21.0,16.0,20.79286,21.16645,19.986843,20.47788,20.638042,20.910574,20.861523,21.623924,20.759703,20.893454,20.402164,20.400473,22.272251,23.01389,21.016483,21.116846,20.334648,20.326082,0.0,0.0,4.0,0.0,0.0,4.0,0.0,0.0
24724,2023.0,6.0,21.0,16.0,20.714699,21.087444,19.8492,20.211575,21.152855,21.945784,20.530811,20.865818,21.416367,22.152613,20.40319,20.403994,21.824158,21.998503,20.885246,20.881388,20.324888,20.31871,0.0,4.0,0.0,4.0,0.0,0.0,0.0,0.0
24725,2023.0,6.0,21.0,16.0,20.669659,21.042349,19.799795,20.14522,21.26488,22.047525,20.91658,21.66852,21.61117,22.38801,20.403131,20.4066,22.362934,23.093319,20.832722,20.820547,21.15194,21.890566,0.0,4.0,4.0,4.0,0.0,4.0,0.0,4.0
24726,2023.0,6.0,21.0,17.0,21.14909,21.958786,20.006014,20.521023,20.784143,21.110115,20.53235,20.869656,21.055431,21.272549,20.40242,20.408678,21.909115,22.143925,20.804045,20.79354,21.547415,22.46689,4.0,0.0,0.0,0.0,0.0,0.0,0.0,4.0
24727,2023.0,6.0,21.0,17.0,20.797777,21.210556,20.08932,20.626377,20.61682,20.88515,20.373957,20.654078,20.877768,21.01486,20.771326,21.104225,22.415956,23.163904,20.780008,20.770615,20.941645,21.203037,4.0,0.0,0.0,0.0,4.0,4.0,0.0,0.0
24728,2023.0,6.0,21.0,17.0,20.670431,21.03623,20.254183,20.916943,21.14954,21.93547,20.318321,20.593725,20.829239,20.962181,20.569126,20.648857,21.930357,22.156666,20.758562,20.75022,20.728436,20.86462,4.0,4.0,0.0,0.0,0.0,0.0,0.0,0.0
24729,2023.0,6.0,21.0,17.0,20.629444,20.993692,19.980959,20.410467,20.732979,21.046013,20.749884,21.419996,20.795628,20.927265,20.460567,20.47254,21.711319,21.807478,20.739025,20.731571,20.672258,20.797548,0.0,0.0,4.0,0.0,0.0,0.0,0.0,0.0
24730,2023.0,6.0,21.0,17.0,20.505547,20.778679,19.878466,20.217514,21.061962,21.792315,20.483616,20.802757,20.651525,20.668322,20.437456,20.446985,21.635113,21.72475,20.719316,20.713333,21.484625,22.352222,0.0,4.0,0.0,0.0,0.0,0.0,0.0,4.0
24731,2023.0,6.0,21.0,17.0,20.443007,20.699423,19.83439,20.155994,21.209091,21.971485,20.88939,21.623947,20.583538,20.582005,20.42476,20.434032,21.594154,21.682438,21.659897,22.5076,20.99,21.253296,0.0,4.0,4.0,0.0,0.0,0.0,4.0,0.0
24732,2023.0,6.0,21.0,18.0,20.406883,20.660374,19.67251,19.847242,20.749222,21.060383,21.038183,21.809082,20.549402,20.548384,20.414282,20.424303,21.476467,21.48071,21.179644,21.408504,20.762274,20.889343,0.0,0.0,4.0,0.0,0.0,0.0,0.0,0.0
24733,2023.0,6.0,21.0,18.0,21.088522,21.884203,20.012781,20.522951,21.284483,22.03905,21.014557,21.7447,20.519217,20.517843,20.403484,20.413517,21.416214,21.40663,20.996248,21.130463,21.564594,22.439411,4.0,4.0,0.0,0.0,0.0,0.0,0.0,4.0
24734,2023.0,6.0,21.0,18.0,21.241266,22.069067,20.162369,20.687195,21.348715,22.095757,21.111334,21.861767,20.491041,20.491117,20.392143,20.40236,21.375952,21.36709,21.902128,22.856846,21.824121,22.681597,4.0,4.0,4.0,0.0,0.0,0.0,4.0,4.0
24735,2023.0,6.0,21.0,18.0,21.374498,22.254677,20.297743,20.922918,21.363781,22.097546,21.002995,21.656363,21.151106,21.754807,20.382141,20.391985,21.345514,21.3365,21.296762,21.519215,21.172585,21.391869,4.0,4.0,0.0,4.0,0.0,0.0,0.0,0.0
24736,2023.0,6.0,21.0,18.0,20.958479,21.48157,20.37826,21.007841,20.96449,21.39399,21.01638,21.662783,20.913855,21.119976,20.371574,20.381075,21.31478,21.305742,20.990454,21.123905,20.85627,20.963907,4.0,0.0,0.0,0.0,0.0,0.0,0.0,0.0
24737,2023.0,6.0,21.0,18.0,21.348362,22.216835,20.051687,20.359798,21.283127,22.006348,21.014078,21.64045,20.715548,20.83944,20.360994,20.370188,21.286259,21.277563,21.004791,21.164255,20.769798,20.865585,0.0,4.0,0.0,0.0,0.0,0.0,0.0,0.0
24738,2023.0,6.0,21.0,19.0,20.97708,21.481382,20.266443,20.847195,21.385458,22.100939,21.107998,21.77058,20.666151,20.781143,20.350231,20.360115,21.261206,21.254017,21.890862,22.837797,20.725405,20.82053,4.0,4.0,4.0,0.0,0.0,0.0,4.0,0.0
24739,2023.0,6.0,21.0,19.0,21.016094,21.566517,20.403502,21.007832,21.41528,22.12235,21.001694,21.578077,20.543594,20.55908,20.337648,20.34677,22.022902,22.721197,21.354412,21.546223,21.506187,22.316374,4.0,4.0,0.0,0.0,0.0,4.0,0.0,4.0
24740,2023.0,6.0,21.0,19.0,21.35359,22.183006,20.089725,20.387049,21.436716,22.134819,21.016197,21.601013,21.16739,21.78318,20.323917,20.332285,21.651903,21.817646,21.024517,21.107338,21.791727,22.61396,0.0,4.0,0.0,4.0,0.0,0.0,0.0,4.0
24741,2023.0,6.0,21.0,19.0,21.487146,22.316988,20.290537,20.851158,21.454132,22.143425,21.013975,21.587715,20.889309,21.070318,20.308886,20.31702,21.409636,21.480396,21.00475,21.12556,21.13187,21.297756,4.0,4.0,0.0,0.0,0.0,0.0,0.0,0.0
24742,2023.0,6.0,21.0,19.0,20.963394,21.384651,20.058113,20.32748,21.468647,22.1493,21.01612,21.579311,20.67204,20.769642,20.682476,21.033566,21.345665,21.401293,21.003698,21.142437,20.828953,20.90602,0.0,4.0,0.0,0.0,4.0,0.0,0.0,0.0
24743,2023.0,6.0,21.0,19.0,21.38541,22.204687,20.2801,20.828281,21.48093,22.153067,21.015617,21.567677,20.609644,20.694117,20.857347,21.251818,21.257748,21.257935,21.005272,21.15537,20.738506,20.803938,4.0,4.0,0.0,0.0,4.0,0.0,0.0,0.0
24744,2023.0,6.0,21.0,20.0,21.534468,22.351675,20.03669,20.279743,21.491495,22.15528,21.015408,21.55817,20.49929,20.50421,20.624739,20.780596,21.208485,21.203121,21.00594,21.164381,20.683126,20.744322,0.0,4.0,0.0,0.0,0.0,0.0,0.0,0.0
24745,2023.0,6.0,21.0,20.0,20.983349,21.379156,19.895239,20.104506,21.49718,22.149302,21.015423,21.550093,21.155947,21.792969,20.852413,21.265112,21.177036,21.172222,21.005726,21.170696,21.496063,22.313128,0.0,4.0,0.0,4.0,4.0,0.0,0.0,4.0
24746,2023.0,6.0,21.0,20.0,21.017803,21.47493,20.148064,20.599236,21.500315,22.140734,21.015255,21.542242,20.841486,20.986702,20.649405,20.801493,21.146683,21.141924,21.006046,21.177517,21.006767,21.143238,4.0,4.0,0.0,0.0,0.0,0.0,0.0,0.0
24747,2023.0,6.0,21.0,20.0,21.394314,22.180504,20.2801,20.758902,21.501715,22.130293,21.015137,21.535173,20.584713,20.641134,20.477133,20.558853,21.116917,21.11233,21.005983,21.184074,20.69274,20.735775,4.0,4.0,0.0,0.0,0.0,0.0,0.0,0.0
24748,2023.0,6.0,21.0,20.0,21.5121,22.281864,20.348145,20.856508,21.501877,22.118778,21.177628,21.812553,20.515297,20.560463,20.76673,21.13709,21.088535,21.084585,21.006289,21.19143,20.60729,20.639015,4.0,4.0,4.0,0.0,4.0,0.0,0.0,0.0
24749,2023.0,6.0,21.0,20.0,21.54485,22.30082,20.378386,20.874998,21.500732,22.105894,20.98901,21.457224,20.435404,20.441448,20.512592,20.575134,21.06104,21.05771,21.006575,21.196323,20.550198,20.574862,4.0,4.0,0.0,0.0,0.0,0.0,0.0,0.0
24750,2023.0,6.0,21.0,21.0,21.566467,22.309683,20.391415,20.87425,21.497955,22.090937,21.03064,21.545446,20.381279,20.381424,20.337822,20.34183,21.033535,21.029753,21.013372,21.213234,20.47812,20.47552,4.0,4.0,0.0,0.0,0.0,0.0,0.0,0.0
24751,2023.0,6.0,21.0,21.0,21.57844,22.305431,19.982428,20.166325,21.492743,22.07214,21.194115,21.818556,20.346245,20.347532,20.28433,20.28878,21.008318,21.005255,21.005972,21.200247,20.431799,20.430511,0.0,4.0,4.0,0.0,0.0,0.0,0.0,0.0
24752,2023.0,6.0,21.0,21.0,21.586351,22.298515,20.246197,20.700037,20.964588,21.170488,21.213469,21.79736,20.31372,20.31475,20.627604,20.970415,21.001131,21.013912,21.007431,21.205315,20.393574,20.392212,4.0,0.0,4.0,0.0,4.0,0.0,0.0,0.0
24753,2023.0,6.0,21.0,21.0,21.590555,22.287579,19.98418,20.187359,21.323086,21.891064,20.992893,21.426334,20.283844,20.284374,20.40792,20.455824,21.653938,22.265472,21.007717,21.208168,20.358873,20.356625,0.0,4.0,0.0,0.0,0.0,4.0,0.0,0.0
24754,2023.0,6.0,21.0,21.0,21.593443,22.27674,20.198162,20.60151,21.409414,21.951082,21.01988,21.485434,20.255682,20.255537,20.238354,20.23391,21.2091,21.221045,21.007626,21.209803,20.32645,20.323265,4.0,4.0,0.0,0.0,0.0,0.0,0.0,0.0
24755,2023.0,6.0,21.0,21.0,20.982397,21.229841,19.982994,20.183525,21.40349,21.929243,21.016407,21.476833,20.886946,21.466795,20.170551,20.150293,21.649015,22.192646,21.007786,21.211111,20.294313,20.28678,0.0,4.0,0.0,4.0,0.0,4.0,0.0,0.0
24756,2023.0,6.0,21.0,22.0,21.018162,21.350176,19.809692,19.87161,20.975325,21.197512,21.118929,21.639997,21.114244,21.656336,20.136639,20.125036,21.209778,21.194183,21.008148,21.212414,21.05614,21.745983,0.0,0.0,4.0,4.0,0.0,0.0,0.0,4.0
24757,2023.0,6.0,21.0,22.0,21.009829,21.356134,19.70443,19.739618,21.019112,21.316864,21.003014,21.432045,20.555056,20.548813,20.103579,20.088459,21.718117,22.311739,21.008251,21.21345,20.57506,20.571272,0.0,0.0,0.0,0.0,0.0,4.0,0.0,0.0
24758,2023.0,6.0,21.0,22.0,21.011463,21.371666,19.651854,19.678123,21.225582,21.696278,21.09759,21.587519,20.305803,20.243944,20.357805,20.590073,21.225868,21.194778,21.72067,22.545027,20.31454,20.260128,0.0,4.0,4.0,0.0,4.0,0.0,4.0,0.0
24759,2023.0,6.0,21.0,22.0,21.011013,21.378944,19.608278,19.625546,20.971737,21.22203,21.003363,21.422674,20.212448,20.13209,20.517887,20.804977,20.995756,20.936123,21.868252,22.568678,20.230131,20.155792,0.0,0.0,0.0,0.0,4.0,0.0,4.0,0.0
24760,2023.0,6.0,21.0,22.0,21.008118,21.384962,19.57467,19.588186,21.181751,21.623562,21.02146,21.456688,20.765581,21.223135,20.248241,20.263157,21.009848,20.997923,20.981743,21.022219,20.984749,21.629375,0.0,4.0,0.0,4.0,0.0,0.0,0.0,4.0
24761,2023.0,6.0,21.0,22.0,21.009096,21.39422,19.541704,19.549032,21.251053,21.687994,21.018742,21.445297,20.387922,20.324556,20.089497,20.05513,21.006514,21.011303,21.02736,21.150908,20.508156,20.45706,0.0,4.0,0.0,0.0,0.0,0.0,0.0,0.0
24762,2023.0,6.0,21.0,23.0,21.00926,21.399284,19.510344,19.511015,20.985682,21.236862,21.194904,21.757854,20.72293,21.116976,20.03211,19.990005,21.003845,21.027138,21.010073,21.143024,20.224693,20.116022,0.0,0.0,4.0,4.0,0.0,0.0,0.0,0.0
24763,2023.0,6.0,21.0,23.0,20.766968,20.93653,19.48594,19.485184,20.623018,20.564245,20.602692,20.582212,20.34942,20.258537,19.99281,19.949205,20.9133,20.870094,20.715845,20.591862,20.149244,20.036661,0.0,0.0,0.0,0.0,0.0,0.0,0.0,0.0
24764,2023.0,6.0,21.0,23.0,20.662712,20.799532,19.467173,19.464842,20.436176,20.300798,20.337708,20.211142,20.186943,20.05628,20.269777,20.49311,20.864717,20.812275,20.604517,20.47026,20.175825,20.131931,0.0,0.0,0.0,0.0,4.0,0.0,0.0,0.0
24765,2023.0,6.0,21.0,23.0,20.609694,20.743559,19.449568,19.446127,20.462872,20.435877,20.22886,20.09552,20.213034,20.173758,20.037258,20.000645,20.831705,20.777342,20.63424,20.594433,20.162903,20.121807,0.0,0.0,0.0,0.0,0.0,0.0,0.0,0.0
24766,2023.0,6.0,21.0,23.0,20.566782,20.69913,19.43277,19.427872,20.428825,20.408772,20.265623,20.247845,20.180708,20.134008,19.965124,19.914814,20.802013,20.745987,20.5987,20.550665,20.1398,20.097431,0.0,0.0,0.0,0.0,0.0,0.0,0.0,0.0
24767,2023.0,6.0,21.0,23.0,20.530369,20.662132,19.417393,19.411736,20.386782,20.366821,20.225367,20.209146,20.147566,20.100266,19.931684,19.88013,20.775053,20.717968,20.561954,20.51301,20.117136,20.073736,0.0,0.0,0.0,0.0,0.0,0.0,0.0,0.0
24768,2023.0,6.0,22.0,0.0,20.497316,20.628448,19.402426,19.396,20.347692,20.327707,20.181583,20.165583,20.117111,20.068773,19.901825,19.849138,20.749752,20.69162,20.528036,20.478207,20.095076,20.05067,0.0,0.0,0.0,0.0,0.0,0.0,0.0,0.0
24769,2023.0,6.0,22.0,0.0,20.468405,20.599724,19.389078,19.383026,20.31405,20.296593,20.144142,20.131115,20.090359,20.042473,19.876808,19.824665,20.72715,20.66918,20.49779,20.448448,20.805223,21.406784,0.0,0.0,0.0,0.0,0.0,0.0,0.0,4.0
24770,2023.0,6.0,22.0,0.0,20.43974,20.569561,19.374691,19.367636,20.280071,20.262238,20.106512,20.093153,20.063993,20.015041,19.851765,19.798391,20.704544,20.645508,20.468243,20.418007,20.236578,20.162884,0.0,0.0,0.0,0.0,0.0,0.0,0.0,0.0
24771,2023.0,6.0,22.0,0.0,20.412231,20.539963,19.360193,19.351732,20.247448,20.228432,20.070875,20.05621,20.626965,21.09507,19.827633,19.77252,20.682526,20.621984,20.439896,20.388231,20.05112,19.916023,0.0,0.0,0.0,4.0,0.0,0.0,0.0,0.0
24772,2023.0,6.0,22.0,0.0,20.387041,20.513374,19.346325,19.336803,20.217428,20.198,20.038343,20.023262,20.242266,20.246702,19.805212,19.748985,20.661894,20.600359,20.413645,20.361164,20.695877,21.175026,0.0,0.0,0.0,0.0,0.0,0.0,0.0,4.0
24773,2023.0,6.0,22.0,0.0,20.36307,20.487782,19.332495,19.321716,20.188646,20.168463,20.007454,19.991581,20.01192,19.869745,19.783491,19.725962,20.641836,20.579142,20.388443,20.334946,20.192064,20.090523,0.0,0.0,0.0,0.0,0.0,0.0,0.0,0.0
24774,2023.0,6.0,22.0,1.0,20.338701,20.460423,19.317417,19.303997,20.15898,20.135784,19.975988,19.956911,19.928762,19.771265,19.761042,19.700764,20.62133,20.5564,20.36317,20.307539,20.027008,19.878952,0.0,0.0,0.0,0.0,0.0,0.0,0.0,0.0
24775,2023.0,6.0,22.0,1.0,20.324635,20.452988,19.303133,19.287815,20.132156,20.10766,19.947744,19.927374,19.980265,19.922693,19.740223,19.678265,20.602062,20.535633,20.339588,20.282654,20.065098,20.011566,0.0,0.0,0.0,0.0,0.0,0.0,0.0,0.0
24776,2023.0,6.0,22.0,1.0,20.313143,20.44839,19.290306,19.274632,20.108475,20.084929,19.922882,19.903622,19.968407,19.910376,19.721273,19.659237,20.584274,20.517542,20.31782,20.26081,20.7676,21.352232,0.0,0.0,0.0,0.0,0.0,0.0,0.0,4.0
24777,2023.0,6.0,22.0,1.0,20.293919,20.426802,19.274244,19.255022,20.08092,20.053638,19.894276,19.871178,19.94535,19.885525,19.699299,19.633978,20.564302,20.494867,20.29405,20.234505,20.877396,21.384085,0.0,0.0,0.0,0.0,0.0,0.0,0.0,4.0
24778,2023.0,6.0,22.0,1.0,20.275513,20.407335,19.261204,19.241459,20.058401,20.031662,19.871382,19.84874,19.924011,19.864016,19.977417,20.170128,20.54672,20.47684,20.272915,20.213121,20.232794,20.11055,0.0,0.0,0.0,0.0,4.0,0.0,0.0,0.0
24779,2023.0,6.0,22.0,1.0,20.255856,20.385445,19.246727,19.224909,20.034395,20.006084,19.847248,19.82285,20.482998,20.933058,19.78973,19.758898,20.528158,20.456766,20.250975,20.189857,20.041603,19.872679,0.0,0.0,0.0,4.0,0.0,0.0,0.0,0.0
24780,2023.0,6.0,22.0,2.0,20.2366,20.363977,19.232443,19.208563,20.011003,19.98124,19.823792,19.79783,20.113764,20.11366,19.993694,20.180449,20.509731,20.436937,20.229328,20.167013,20.71063,21.20096,0.0,0.0,0.0,0.0,4.0,0.0,0.0,4.0
24781,2023.0,6.0,22.0,2.0,20.216564,20.340725,19.216894,19.18958,19.986633,19.954012,19.799473,19.770569,19.85426,19.67779,19.798088,19.76312,20.490156,20.414839,20.206732,20.142168,20.162388,20.027885,0.0,0.0,0.0,0.0,0.0,0.0,0.0,0.0
24782,2023.0,6.0,22.0,2.0,20.195055,20.314701,19.199112,19.166409,19.960178,19.922478,19.773272,19.73919,19.75756,19.559446,19.697184,19.620405,20.469034,20.39,20.182804,20.114895,19.964943,19.77316,0.0,0.0,0.0,0.0,0.0,0.0,0.0,0.0
24783,2023.0,6.0,22.0,2.0,20.174614,20.29106,19.182657,19.146315,19.935944,19.89526,19.749218,19.712128,19.828836,19.756027,19.661016,19.58134,20.448736,20.367134,20.159754,20.089603,19.888992,19.69422,0.0,0.0,0.0,0.0,0.0,0.0,0.0,0.0
24784,2023.0,6.0,22.0,2.0,20.153706,20.266754,19.165783,19.125822,19.911781,19.868074,19.72508,19.685028,19.81745,19.741938,19.6277,19.545189,20.428085,20.343893,20.136446,20.064035,19.966908,19.91182,0.0,0.0,0.0,0.0,0.0,0.0,0.0,0.0
24785,2023.0,6.0,22.0,2.0,20.132717,20.242344,19.148613,19.105015,19.887768,19.840982,19.700987,19.657972,19.793255,19.716156,19.596624,19.511213,20.407118,20.32031,20.112928,20.038237,19.936672,19.863693,0.0,0.0,0.0,0.0,0.0,0.0,0.0,0.0
24786,2023.0,6.0,22.0,3.0,20.1116,20.217802,19.131077,19.08383,19.863735,19.813839,19.676878,19.630869,19.767527,19.687864,19.566252,19.477934,20.38575,20.296307,20.089071,20.012075,19.903906,19.828548,0.0,0.0,0.0,0.0,0.0,0.0,0.0,0.0
24787,2023.0,6.0,22.0,3.0,20.092876,20.19815,19.116362,19.068598,19.842592,19.79244,19.655659,19.60947,19.743315,19.66327,19.538868,19.450115,20.366228,20.27634,20.066858,19.989508,19.874187,19.79848,0.0,0.0,0.0,0.0,0.0,0.0,0.0,0.0
24788,2023.0,6.0,22.0,3.0,20.075006,20.179785,19.103039,19.055807,19.823204,19.773964,19.636219,19.591015,19.720457,19.6409,19.823586,20.006908,20.34765,20.257998,20.045563,19.968481,19.84622,19.77106,0.0,0.0,0.0,0.0,4.0,0.0,0.0,0.0
24789,2023.0,6.0,22.0,3.0,20.056297,20.159723,19.088522,19.040455,19.802423,19.752474,19.615458,19.569592,19.696558,19.616241,19.590994,19.511389,20.328115,20.23772,20.023363,19.945623,19.81776,19.741842,0.0,0.0,0.0,0.0,0.0,0.0,0.0,0.0
24790,2023.0,6.0,22.0,3.0,20.038078,20.14046,19.073936,19.02471,19.781658,19.730717,19.594807,19.547977,19.67289,19.591755,19.52004,19.429644,20.308605,20.21742,20.001236,19.92284,19.790085,19.713408,0.0,0.0,0.0,0.0,0.0,0.0,0.0,0.0
24791,2023.0,6.0,22.0,3.0,20.020235,20.121735,19.060003,19.010242,19.76184,19.710588,19.575115,19.528006,19.649996,19.56851,19.486666,19.39588,20.289549,20.197945,19.979534,19.9008,19.76362,19.68663,0.0,0.0,0.0,0.0,0.0,0.0,0.0,0.0
24792,2023.0,6.0,22.0,4.0,20.002295,20.102842,19.045927,18.995668,19.742094,19.690527,19.555477,19.508097,19.627289,19.54546,19.455925,19.364813,20.270527,20.17851,19.957832,19.87877,19.737713,19.660416,0.0,0.0,0.0,0.0,0.0,0.0,0.0,0.0
24793,2023.0,6.0,22.0,4.0,19.984535,20.084402,19.032288,18.982191,19.72324,19.672274,19.536716,19.489986,20.189785,20.62218,19.428692,19.33856,20.252,20.160088,19.936588,19.857733,19.712969,19.636124,0.0,0.0,0.0,4.0,0.0,0.0,0.0,0.0
24794,2023.0,6.0,22.0,4.0,19.965588,20.063633,19.016788,18.9652,19.702435,19.650158,19.516018,19.468042,19.801298,19.763939,19.400139,19.308681,20.232168,20.139109,19.914042,19.834183,19.687073,19.609179,0.0,0.0,0.0,0.0,0.0,0.0,0.0,0.0
24795,2023.0,6.0,22.0,4.0,19.946209,20.041828,18.999859,18.945526,19.680216,19.625269,19.493917,19.443354,19.666697,19.581373,19.37101,19.276833,20.211525,20.11654,19.890696,19.809114,19.660616,19.580812,0.0,0.0,0.0,0.0,0.0,0.0,0.0,0.0
24796,2023.0,6.0,22.0,4.0,19.927711,20.021885,18.984066,18.928352,19.65943,19.603323,19.473248,19.42159,19.625307,19.539133,19.34426,19.249084,20.19188,20.095926,19.868235,19.785835,19.635572,19.55495,0.0,0.0,0.0,0.0,0.0,0.0,0.0,0.0
24797,2023.0,6.0,22.0,4.0,19.908867,20.001425,18.968126,18.911028,19.638662,19.581373,19.452604,19.39983,19.590065,19.503096,19.31853,19.222387,20.172712,20.075844,19.846098,19.76291,19.611174,19.529762,0.0,0.0,0.0,0.0,0.0,0.0,0.0,0.0
24798,2023.0,6.0,22.0,5.0,19.88971,19.980648,18.951937,18.893463,19.617764,19.559292,19.431839,19.377945,19.559425,19.471624,19.29386,19.196793,20.154,20.056248,19.82438,19.740438,19.587471,19.505304,0.0,0.0,0.0,0.0,0.0,0.0,0.0,0.0
24799,2023.0,6.0,22.0,5.0,19.874773,19.968615,18.941252,18.887178,19.602335,19.548346,19.4165,19.36709,20.120316,20.550158,19.571892,19.73671,20.140131,20.045671,19.807098,19.726303,19.568645,19.48981,0.0,0.0,0.0,4.0,4.0,0.0,0.0,0.0
24800,2023.0,6.0,22.0,5.0,19.86003,19.956152,18.930855,18.880405,19.586712,19.536114,19.401026,19.354992,19.589598,19.409094,19.387571,19.331213,20.127535,20.035707,19.790865,19.712475,19.551022,19.474642,0.0,0.0,0.0,0.0,0.0,0.0,0.0,0.0
24801,2023.0,6.0,22.0,5.0,19.84599,19.9445,18.921112,18.874283,19.571598,19.524462,19.386162,19.34353,19.417654,19.198324,19.30487,19.219154,20.116741,20.027725,19.77632,19.700455,20.265495,20.836304,0.0,0.0,0.0,0.0,0.0,0.0,0.0,4.0
24802,2023.0,6.0,22.0,5.0,19.831366,19.931635,18.910976,18.867168,19.555716,19.51094,19.370731,19.33037,19.368433,19.155256,19.282564,19.197866,20.107412,20.020815,19.762852,19.688957,20.568686,21.242477,0.0,0.0,0.0,0.0,0.0,0.0,0.0,4.0
24803,2023.0,6.0,22.0,5.0,19.819292,19.923845,19.339884,19.682137,19.542057,19.501553,19.357796,19.321436,20.026825,20.444954,19.2685,19.18802,20.100758,20.017344,19.752222,19.681398,19.802702,19.67705,4.0,0.0,0.0,4.0,0.0,0.0,0.0,0.0
24804,2023.0,6.0,22.0,6.0,19.818476,19.938398,19.101803,19.141575,19.527443,19.490023,19.344086,19.310568,19.691696,19.667427,19.258224,19.180683,20.095787,20.015226,19.742838,19.674534,19.588448,19.401932,0.0,0.0,0.0,0.0,0.0,0.0,0.0,0.0
24805,2023.0,6.0,22.0,6.0,21.17154,22.322306,18.98201,18.961182,21.188263,22.460863,21.211433,22.648273,19.47298,19.301989,19.255154,19.18369,21.127752,21.78885,21.307781,22.399933,20.257484,20.721924,0.0,0.0,0.0,0.0,0.0,4.0,0.0,4.0
24806,2023.0,6.0,22.0,6.0,20.993086,21.847343,18.945526,18.92336,20.994389,21.902466,20.993462,22.018236,19.397266,19.23085,19.572758,19.785109,21.005009,21.51306,21.22931,22.057566,19.9461,20.004301,0.0,0.0,0.0,0.0,4.0,0.0,4.0,0.0
24807,2023.0,6.0,22.0,6.0,21.021809,21.825338,18.929836,18.913883,21.02561,21.855047,21.028732,21.964136,19.479319,19.425507,20.065357,20.55758,21.020401,21.463308,20.998857,21.58599,19.704607,19.5501,0.0,0.0,0.0,0.0,0.0,0.0,0.0,0.0
24808,2023.0,6.0,22.0,6.0,21.040142,21.77518,19.366209,19.747768,21.022379,21.778852,21.025202,21.87772,20.097948,20.56719,19.659216,19.680763,21.017723,21.39969,21.025278,21.576647,19.617586,19.483343,4.0,0.0,0.0,4.0,0.0,0.0,0.0,0.0
24809,2023.0,6.0,22.0,6.0,21.019522,21.738283,20.067688,20.856457,21.022507,21.731949,21.025356,21.824276,19.982742,20.191984,19.4779,19.438616,21.210108,21.695019,21.02124,21.521029,20.510462,21.21987,4.0,0.0,0.0,0.0,0.0,4.0,0.0,4.0
24810,2023.0,6.0,22.0,7.0,20.995848,21.637827,20.017685,20.670065,20.99594,21.625711,21.024485,21.784342,19.692003,19.599613,19.454746,19.414942,20.991266,21.254475,21.020363,21.482944,19.972424,20.036861,0.0,4.0,0.0,0.0,0.0,0.0,0.0,0.0
24811,2023.0,6.0,22.0,7.0,21.000225,21.629475,19.781746,20.122633,21.026999,21.690762,21.023914,21.755474,19.575245,19.471397,19.791191,20.04896,21.298973,21.805332,21.014763,21.452513,20.589888,21.2167,4.0,0.0,0.0,0.0,4.0,4.0,0.0,4.0
24812,2023.0,6.0,22.0,7.0,21.027903,21.694582,20.070858,20.690516,21.024986,21.65908,21.022985,21.73283,19.623648,19.590902,20.004137,20.328428,21.431166,21.951675,21.01516,21.436598,20.8779,21.51945,0.0,0.0,0.0,0.0,4.0,4.0,0.0,4.0
24813,2023.0,6.0,22.0,7.0,21.02112,21.66696,19.517197,19.571598,21.02468,21.63754,21.022882,21.716438,20.377584,21.004084,20.009514,20.270664,20.97444,21.114462,21.014372,21.420963,20.217222,20.187366,0.0,0.0,0.0,4.0,0.0,0.0,0.0,0.0
24814,2023.0,6.0,22.0,7.0,21.053587,21.686193,19.236824,19.221048,21.042543,21.634958,21.022514,21.703642,19.965263,20.072048,20.065351,20.312088,21.016521,21.206682,21.014038,21.408192,19.942917,19.85894,0.0,4.0,0.0,0.0,4.0,0.0,0.0,0.0
24815,2023.0,6.0,22.0,7.0,21.01735,21.640255,19.197369,19.215216,21.023191,21.616991,20.997246,21.624008,19.79862,19.752895,20.00124,20.17639,21.428621,21.969439,21.563093,22.411701,20.76415,21.469578,0.0,0.0,4.0,0.0,0.0,4.0,4.0,4.0
24816,2023.0,6.0,22.0,8.0,21.098392,21.763033,19.605383,20.015781,20.99687,21.536755,21.027592,21.70396,20.38847,20.907326,19.813751,19.793861,21.596588,22.156443,21.680513,22.427597,20.301685,20.31615,4.0,4.0,0.0,4.0,0.0,4.0,4.0,0.0
24817,2023.0,6.0,22.0,8.0,21.140732,21.819126,20.05274,20.72093,20.976927,21.499186,20.395464,20.476635,20.070452,20.094625,19.741898,19.70777,21.027613,21.02468,20.90325,20.920683,20.02837,19.976551,0.0,4.0,0.0,0.0,0.0,0.0,0.0,0.0
24818,2023.0,6.0,22.0,8.0,21.169538,21.860931,19.55605,19.693254,20.98083,21.51726,20.062466,20.072449,19.874346,19.83555,20.106405,20.393614,20.785643,20.702377,20.555676,20.47834,19.980179,19.929895,0.0,4.0,0.0,0.0,4.0,0.0,0.0,0.0
24819,2023.0,6.0,22.0,8.0,20.632467,20.846748,19.361921,19.416239,20.998234,21.549427,19.988209,20.017332,19.864323,19.827887,19.990616,20.125002,21.463755,22.022131,20.492966,20.425528,19.974289,19.932528,0.0,4.0,0.0,0.0,0.0,4.0,0.0,0.0
24820,2023.0,6.0,22.0,8.0,21.0226,21.761662,19.28411,19.335861,20.494461,20.609892,19.916906,19.955257,20.553936,21.123796,19.87936,19.871243,21.743782,22.35641,21.387268,22.154217,19.974579,19.938522,0.0,0.0,0.0,4.0,0.0,4.0,4.0,0.0
24821,2023.0,6.0,22.0,8.0,21.132698,21.873234,19.242886,19.296896,20.893837,21.476238,19.861702,19.903181,20.821547,21.445797,20.206812,20.480686,21.190655,21.240618,21.675976,22.498075,19.977207,19.94003,0.0,4.0,0.0,4.0,4.0,0.0,4.0,0.0
24822,2023.0,6.0,22.0,9.0,20.61071,20.868418,19.212769,19.27254,20.47028,20.619455,19.813383,19.860573,20.34782,20.453213,20.059254,20.106577,21.714586,22.285511,20.966827,21.056025,19.982843,19.94349,0.0,0.0,0.0,0.0,0.0,4.0,0.0,0.0
24823,2023.0,6.0,22.0,9.0,21.091227,21.880018,19.188179,19.252708,20.26553,20.340755,20.442076,21.085749,20.189737,20.183302,20.368912,20.677717,21.929338,22.58034,20.735249,20.699793,19.992586,19.949991,0.0,0.0,4.0,0.0,4.0,4.0,0.0,0.0
24824,2023.0,6.0,22.0,9.0,20.63439,20.929651,19.168095,19.237778,20.805483,21.420628,20.072256,20.270182,20.178534,20.167953,20.209284,20.274569,21.396006,21.498451,21.59981,22.377186,20.006462,19.96009,0.0,4.0,0.0,0.0,0.0,0.0,4.0,0.0
24825,2023.0,6.0,22.0,9.0,20.446209,20.681341,19.585089,20.038504,20.950434,21.595917,20.51875,21.186138,20.196836,20.189672,20.15504,20.159838,21.890121,22.46749,21.062914,21.186659,20.025093,19.974789,4.0,4.0,4.0,0.0,0.0,4.0,0.0,0.0
24826,2023.0,6.0,22.0,9.0,21.00722,21.790619,20.058466,20.81355,20.996662,21.647556,20.121212,20.335135,20.177006,20.123957,20.134882,20.079897,22.108469,22.767378,21.754133,22.54266,20.047543,19.993132,0.0,4.0,0.0,0.0,0.0,4.0,4.0,0.0
24827,2023.0,6.0,22.0,9.0,21.21448,22.017147,19.569233,19.77302,20.5227,20.729507,19.900976,20.064693,20.180998,20.117088,20.145988,20.073763,21.534016,21.582047,21.207195,21.267424,20.072948,20.014622,0.0,0.0,0.0,0.0,0.0,0.0,0.0,0.0
24828,2023.0,6.0,22.0,10.0,21.26783,22.079273,19.36229,19.461418,20.950863,21.6318,20.493448,21.213804,20.204447,20.136036,20.181772,20.103363,21.37566,21.334274,21.006649,20.979378,20.098732,20.037188,0.0,4.0,4.0,0.0,0.0,0.0,0.0,0.0
24829,2023.0,6.0,22.0,10.0,21.311928,22.13153,19.30924,19.40614,21.063377,21.75406,20.640413,21.356827,20.231716,20.159971,20.221516,20.138609,21.362766,21.325169,21.87503,22.654736,20.12491,20.060205,0.0,4.0,4.0,0.0,0.0,0.0,4.0,0.0
24830,2023.0,6.0,22.0,10.0,21.35432,22.183691,19.27623,19.377182,21.105352,21.80225,20.158236,20.401854,20.261557,20.188034,20.263931,20.178959,21.367388,21.338324,22.184324,23.055054,20.152916,20.086351,0.0,4.0,0.0,0.0,0.0,0.0,4.0,0.0
24831,2023.0,6.0,22.0,10.0,21.39264,22.230223,19.253939,19.360527,20.62939,20.885818,20.025658,20.238756,20.291473,20.215906,20.677391,20.915148,22.122591,22.761692,21.430927,21.516018,20.180635,20.112007,0.0,0.0,0.0,0.0,4.0,4.0,0.0,0.0
24832,2023.0,6.0,22.0,10.0,21.431084,22.278349,19.683483,20.18722,20.450819,20.64988,20.565563,21.28979,20.322891,20.246685,20.899233,21.211353,22.347567,23.036242,21.222305,21.211935,20.20869,20.139212,4.0,0.0,4.0,0.0,4.0,4.0,0.0,0.0
24833,2023.0,6.0,22.0,10.0,20.905687,21.272163,20.028118,20.711971,21.009447,21.757545,20.187695,20.478153,20.354172,20.27707,20.746645,20.8448,21.767303,21.843103,21.185694,21.183977,20.235853,20.165304,4.0,4.0,0.0,0.0,0.0,0.0,0.0,0.0
24834,2023.0,6.0,22.0,11.0,21.26849,22.114847,20.074364,20.726625,21.189772,21.934895,20.568848,21.305185,20.387556,20.309622,20.720854,20.78686,22.312525,22.96878,21.170692,21.177862,20.264727,20.19334,4.0,4.0,4.0,0.0,0.0,4.0,0.0,0.0
24835,2023.0,6.0,22.0,11.0,21.40239,22.27839,20.127508,20.78091,21.230665,21.976753,20.209957,20.528442,21.10557,21.635567,20.76437,20.827946,22.50966,23.204256,21.16625,21.175999,20.290062,20.216877,4.0,4.0,0.0,4.0,0.0,4.0,0.0,0.0
24836,2023.0,6.0,22.0,11.0,20.896467,21.287804,20.179464,20.837133,21.269047,22.019028,20.635395,21.385399,20.729603,20.740833,20.683258,20.615692,22.601772,23.28901,21.075779,20.996527,20.315367,20.240446,4.0,4.0,4.0,0.0,0.0,4.0,0.0,0.0
24837,2023.0,6.0,22.0,11.0,20.736925,21.085793,20.225891,20.887096,21.303564,22.056658,20.270906,20.604404,20.704922,20.733032,20.670595,20.573153,22.028011,22.124529,21.995455,22.753975,20.340069,20.263372,4.0,4.0,0.0,0.0,0.0,0.0,4.0,0.0
24838,2023.0,6.0,22.0,11.0,21.282719,22.162151,19.986856,20.458073,21.336535,22.093458,20.679132,21.43332,20.762436,20.809366,21.063375,21.28305,22.57969,23.222551,22.371735,23.261044,20.36504,20.28723,0.0,4.0,4.0,0.0,4.0,4.0,4.0,0.0
24839,2023.0,6.0,22.0,11.0,21.480343,22.369633,19.847225,20.195333,21.371822,22.132023,20.893934,21.681854,20.803387,20.853132,20.945131,20.914911,22.813461,23.489767,21.669115,21.781286,20.392015,20.313215,0.0,4.0,4.0,0.0,0.0,4.0,0.0,0.0
24840,2023.0,6.0,22.0,12.0,20.975233,21.38466,20.166128,20.818893,20.875837,21.183352,20.954853,21.74789,20.707846,20.629116,20.865398,20.763983,22.883371,23.557339,21.465506,21.477541,20.417057,20.338243,4.0,0.0,4.0,0.0,0.0,4.0,0.0,0.0
24841,2023.0,6.0,22.0,12.0,21.43953,22.352968,20.284168,20.966837,21.317606,22.11661,21.008417,21.802567,20.694248,20.60471,20.875484,20.770523,22.945503,23.615294,21.428375,21.444323,20.4421,20.36361,4.0,4.0,4.0,0.0,0.0,4.0,0.0,0.0
24842,2023.0,6.0,22.0,12.0,20.984272,21.468662,19.988525,20.425648,21.441961,22.213966,21.0524,21.84688,20.709211,20.61938,21.26397,21.48049,22.348543,22.424656,21.409298,21.427794,20.466759,20.386917,0.0,4.0,4.0,0.0,4.0,0.0,0.0,0.0
24843,2023.0,6.0,22.0,12.0,21.405762,22.293175,19.89003,20.248194,21.464195,22.235664,21.013424,21.768578,20.725912,20.635756,21.486881,21.761292,22.827892,23.456232,22.354332,23.21829,20.491297,20.411911,0.0,4.0,0.0,0.0,4.0,4.0,4.0,0.0
24844,2023.0,6.0,22.0,12.0,21.600092,22.517609,19.846592,20.197979,21.49737,22.272367,21.015587,21.749289,20.744513,20.655754,21.342443,21.426907,23.05257,23.721972,22.702206,23.582182,20.515438,20.437408,0.0,4.0,0.0,0.0,0.0,4.0,4.0,0.0
24845,2023.0,6.0,22.0,12.0,21.112135,21.559198,19.671144,19.86217,21.526321,22.301725,21.135427,21.927343,20.761654,20.673035,21.316406,21.389357,23.11262,23.776505,21.9641,22.086172,21.367662,22.029573,0.0,4.0,4.0,0.0,0.0,4.0,0.0,4.0
24846,2023.0,6.0,22.0,13.0,21.004484,21.455637,20.00971,20.535704,21.553185,22.331436,20.998056,21.67378,20.778461,20.69213,21.678503,22.050314,22.510914,22.591455,21.734688,21.752022,20.99118,21.12721,4.0,4.0,0.0,0.0,4.0,0.0,0.0,0.0
24847,2023.0,6.0,22.0,13.0,21.485533,22.396288,19.993572,20.42965,21.055422,21.37863,21.016418,21.69851,20.793991,20.708338,21.868666,22.280237,22.281961,22.290815,21.667074,21.688545,20.835033,20.907372,0.0,0.0,0.0,0.0,4.0,0.0,0.0,0.0
24848,2023.0,6.0,22.0,13.0,21.106455,21.546223,19.760214,19.967718,21.405338,22.192127,21.013573,21.680828,20.807987,20.7231,21.944672,22.35336,22.230902,22.238699,22.570587,23.425766,20.84279,20.910814,0.0,4.0,0.0,0.0,4.0,0.0,4.0,0.0
24849,2023.0,6.0,22.0,13.0,21.46215,22.350912,19.615835,19.772635,20.996645,21.401363,21.01789,21.669773,20.82094,20.73762,22.006935,22.413422,22.906937,23.547277,22.037249,22.151901,20.86164,20.92997,0.0,0.0,0.0,0.0,4.0,4.0,0.0,0.0
24850,2023.0,6.0,22.0,13.0,21.090958,21.51002,20.006567,20.5392,21.017288,21.470337,21.108585,21.7983,20.83316,20.751911,22.061678,22.467102,23.136513,23.809528,21.739904,21.769478,20.74662,20.682787,4.0,0.0,4.0,0.0,4.0,4.0,0.0,0.0
24851,2023.0,6.0,22.0,13.0,21.008877,21.494366,19.99074,20.434492,21.37696,22.146194,20.999987,21.608814,20.843496,20.764719,21.782715,21.903244,22.543798,22.631517,21.683018,21.711382,20.707827,20.636951,0.0,4.0,0.0,0.0,0.0,0.0,0.0,0.0
24852,2023.0,6.0,22.0,14.0,21.475895,22.381891,19.92344,20.295958,21.525017,22.307648,21.014482,21.637636,20.851635,20.775534,21.65565,21.729923,22.318207,22.337435,21.652496,21.68399,20.704418,20.635208,0.0,4.0,0.0,0.0,0.0,0.0,0.0,0.0
24853,2023.0,6.0,22.0,14.0,21.085987,21.504993,19.720104,19.909082,21.568188,22.345472,20.69082,21.010897,20.85679,20.782663,21.628212,21.698214,22.262543,22.278145,21.52161,21.448874,20.703037,20.63553,0.0,4.0,0.0,0.0,0.0,0.0,0.0,0.0
24854,2023.0,6.0,22.0,14.0,21.559698,22.479803,20.070438,20.602423,21.595554,22.367752,20.431355,20.579279,20.858961,20.787317,21.479122,21.415396,22.229097,22.245062,21.47058,21.393116,20.70096,20.635664,4.0,4.0,0.0,0.0,0.0,0.0,0.0,0.0
24855,2023.0,6.0,22.0,14.0,21.107563,21.53139,19.989075,20.410273,21.099163,21.415,20.315205,20.435225,20.859003,20.79025,21.409424,21.323687,22.107656,22.034014,21.440037,21.365726,20.697346,20.634699,0.0,0.0,0.0,0.0,0.0,0.0,0.0,0.0
24856,2023.0,6.0,22.0,14.0,20.901232,21.28245,19.746994,19.920727,20.867994,21.13357,20.235514,20.350994,20.857117,20.791544,21.371042,21.286993,22.03931,21.957052,21.408775,21.337307,20.69185,20.632019,0.0,0.0,0.0,0.0,0.0,0.0,0.0,0.0
24857,2023.0,6.0,22.0,14.0,20.858875,21.238504,19.669212,19.816795,21.389893,22.162582,20.189901,20.307175,20.853456,20.791096,21.345493,21.26651,22.006767,21.929152,21.384806,21.317606,21.517586,22.201742,0.0,4.0,0.0,0.0,0.0,0.0,0.0,4.0
24858,2023.0,6.0,22.0,15.0,20.72403,20.997553,19.6324,19.773813,21.009432,21.34599,20.148386,20.265503,20.848963,20.789778,21.320518,21.24587,21.976028,21.902159,22.290565,23.055124,21.114046,21.275349,0.0,0.0,0.0,0.0,0.0,0.0,4.0,0.0
24859,2023.0,6.0,22.0,15.0,21.28821,22.098463,19.60748,19.746721,20.828346,21.085611,20.11258,20.228441,20.843527,20.786922,21.296686,21.225544,21.947342,21.876825,21.774473,21.90249,20.961767,21.037567,0.0,0.0,0.0,0.0,0.0,0.0,0.0,0.0
24860,2023.0,6.0,22.0,15.0,21.517237,22.413706,20.00991,20.515654,20.769844,21.021011,20.08126,20.196089,20.837893,20.783648,21.274134,21.206352,21.920855,21.853287,21.590366,21.630604,21.780237,22.59669,4.0,0.0,0.0,0.0,0.0,0.0,0.0,4.0
24861,2023.0,6.0,22.0,15.0,21.594917,22.484623,20.150282,20.685318,20.606611,20.73512,20.701462,21.384863,20.83292,20.780888,21.253014,21.188292,22.620874,23.206593,21.547512,21.584665,22.002842,22.845127,4.0,0.0,4.0,0.0,0.0,4.0,0.0,4.0
24862,2023.0,6.0,22.0,15.0,21.107244,21.517456,20.3136,20.959526,21.154882,21.816364,20.324492,20.539042,20.828854,20.778885,21.233643,21.171892,22.21244,22.321957,21.516476,21.553308,21.331738,21.48877,4.0,4.0,0.0,0.0,0.0,0.0,0.0,0.0
24863,2023.0,6.0,22.0,15.0,20.943102,21.294777,20.058605,20.42286,20.867489,21.174196,20.266205,20.512844,20.825262,20.777216,21.216133,21.156836,22.057686,22.083477,22.40739,23.248909,21.946205,22.732218,0.0,0.0,0.0,0.0,0.0,0.0,4.0,4.0
24864,2023.0,6.0,22.0,16.0,21.464588,22.313166,20.30843,20.920212,21.304543,22.052753,20.264809,20.520182,20.821442,20.775137,21.199688,21.142504,22.022356,22.044302,21.813227,21.947468,22.143847,22.96764,4.0,4.0,0.0,0.0,0.0,0.0,0.0,4.0
24865,2023.0,6.0,22.0,16.0,21.617064,22.49254,20.09051,20.446377,20.925737,21.233372,20.136478,20.277737,20.819645,20.777042,21.186766,21.134254,21.931372,21.888973,21.606884,21.647339,21.463413,21.614334,0.0,0.0,0.0,0.0,0.0,0.0,0.0,0.0
24866,2023.0,6.0,22.0,16.0,21.1306,21.524755,20.355116,20.974018,21.359425,22.120817,20.726858,21.418316,20.819563,20.780817,21.176188,21.128641,21.889112,21.838879,21.564976,21.607456,21.252525,21.318535,4.0,4.0,4.0,0.0,0.0,0.0,0.0,0.0
24867,2023.0,6.0,22.0,16.0,21.573372,22.436333,20.475935,21.12692,21.473534,22.222466,20.44621,20.768803,20.820515,20.78542,21.167292,21.124527,21.866812,21.819975,21.539585,21.587566,22.029509,22.832115,4.0,4.0,0.0,0.0,0.0,0.0,0.0,4.0
24868,2023.0,6.0,22.0,16.0,21.70372,22.58072,20.530384,21.182627,21.52024,22.264355,20.894318,21.651505,20.822226,20.790668,21.16009,21.121622,21.848389,21.804808,21.437933,21.40574,22.232506,23.067627,4.0,4.0,4.0,0.0,0.0,0.0,0.0,4.0
24869,2023.0,6.0,22.0,16.0,21.75659,22.630278,20.237774,20.600155,21.567837,22.310991,21.052086,21.82944,21.495745,22.061682,21.154364,21.120062,21.833323,21.79328,21.39808,21.360968,21.559317,21.724224,0.0,4.0,4.0,4.0,0.0,0.0,0.0,0.0
24870,2023.0,6.0,22.0,17.0,21.266848,21.67196,20.484663,21.104153,21.609396,22.352665,20.61041,20.9385,21.111702,21.188856,21.512568,21.7995,22.58228,23.228668,21.376432,21.342266,21.352238,21.433414,4.0,4.0,0.0,0.0,4.0,4.0,0.0,0.0
24871,2023.0,6.0,22.0,17.0,21.098906,21.448736,20.598787,21.2528,21.125956,21.416647,20.463453,20.730743,21.051554,21.135557,21.310263,21.349161,22.823381,23.55667,21.358349,21.326464,21.29444,21.374596,4.0,0.0,0.0,0.0,0.0,4.0,0.0,0.0
24872,2023.0,6.0,22.0,17.0,21.633495,22.498356,20.64293,21.294502,21.564308,22.333876,20.42392,20.689922,21.07234,21.175606,21.206003,21.185778,22.903788,23.632135,21.342804,21.31345,21.256578,21.339815,4.0,4.0,0.0,0.0,0.0,4.0,0.0,0.0
24873,2023.0,6.0,22.0,17.0,21.764482,22.638718,20.681791,21.331053,21.646454,22.390768,20.964552,21.721525,20.96114,20.95365,21.18445,21.16275,22.968922,23.69347,21.328455,21.301685,21.127813,21.1143,4.0,4.0,4.0,0.0,0.0,4.0,0.0,0.0
24874,2023.0,6.0,22.0,17.0,21.822392,22.691711,20.374212,20.728825,21.679579,22.418028,20.59794,20.919178,20.923903,20.907192,21.1699,21.1508,22.367624,22.504532,21.315464,21.291443,21.070593,21.049305,0.0,4.0,0.0,0.0,0.0,0.0,0.0,0.0
24875,2023.0,6.0,22.0,17.0,21.871264,22.737993,20.632627,21.263607,21.716377,22.45334,20.466581,20.731398,20.91135,20.896675,21.157366,21.141024,22.189121,22.247437,21.303276,21.281849,21.036503,21.016964,4.0,4.0,0.0,0.0,0.0,0.0,0.0,0.0
24876,2023.0,6.0,22.0,18.0,21.373693,21.7703,20.381617,20.739119,21.746344,22.480507,20.435783,20.700518,20.901917,20.890284,21.145586,21.133024,22.847239,23.536604,21.292194,21.273857,21.00923,20.9936,0.0,4.0,0.0,0.0,0.0,4.0,0.0,0.0
24877,2023.0,6.0,22.0,18.0,21.773392,22.61097,20.610937,21.209057,21.766457,22.490492,21.074947,21.800068,20.89091,20.879827,21.130444,21.118591,22.408085,22.609919,22.210773,23.023884,21.859352,22.623407,4.0,4.0,4.0,0.0,0.0,0.0,4.0,4.0
24878,2023.0,6.0,22.0,18.0,21.391813,21.761944,20.743137,21.364418,21.275604,21.547863,21.006783,21.641209,20.878252,20.867361,21.112373,21.100283,22.12555,22.19129,22.627026,23.521078,21.499575,21.701443,4.0,0.0,0.0,0.0,0.0,0.0,4.0,0.0
24879,2023.0,6.0,22.0,18.0,21.741043,22.565262,20.770765,21.381521,21.033796,21.247183,21.013031,21.617386,20.864819,20.854303,21.09389,21.081789,22.754993,23.43332,21.954422,22.138203,21.223166,21.318756,4.0,0.0,0.0,0.0,0.0,4.0,0.0,0.0
24880,2023.0,6.0,22.0,18.0,21.370165,21.730906,20.446066,20.752165,21.003857,21.253345,21.012083,21.587511,20.851084,20.840853,21.074568,21.062323,22.348038,22.502571,21.621767,21.684948,21.143896,21.220669,0.0,0.0,0.0,0.0,0.0,0.0,0.0,0.0
24881,2023.0,6.0,22.0,18.0,21.141476,21.443722,20.26871,20.517204,21.006954,21.290508,21.180449,21.855204,20.835379,20.824768,21.052326,21.038727,22.064014,22.093079,21.524363,21.566824,21.099583,21.167248,0.0,0.0,4.0,0.0,0.0,0.0,0.0,0.0
24882,2023.0,6.0,22.0,19.0,21.07581,21.375854,20.490961,20.957947,21.406218,22.039803,20.990171,21.488678,20.820389,20.811487,21.03258,21.02159,21.997604,22.027395,21.477972,21.519705,21.887642,22.674412,4.0,4.0,0.0,0.0,0.0,0.0,0.0,4.0
24883,2023.0,6.0,22.0,19.0,21.621712,22.43528,20.603073,21.096146,21.596771,22.27072,21.22609,21.911358,20.803154,20.794659,21.009851,20.999231,21.944431,21.967808,21.43551,21.472174,21.450413,21.613527,4.0,4.0,4.0,0.0,0.0,0.0,0.0,0.0
24884,2023.0,6.0,22.0,19.0,21.207241,21.540958,20.689213,21.240747,21.122437,21.340168,20.980324,21.450842,21.468801,22.065895,20.988337,20.978027,21.87037,21.85613,21.357107,21.344425,21.225794,21.278482,4.0,0.0,0.0,4.0,0.0,0.0,0.0,0.0
24885,2023.0,6.0,22.0,19.0,20.995117,21.281229,20.73108,21.277105,21.494888,22.181301,21.0164,21.514652,21.134077,21.230032,20.964329,20.954561,21.815975,21.796963,21.306656,21.290672,21.134308,21.17544,4.0,4.0,0.0,0.0,0.0,0.0,0.0,0.0
24886,2023.0,6.0,22.0,19.0,21.004503,21.31896,20.746822,21.281368,21.118101,21.331379,21.01183,21.496828,20.945335,21.003273,21.300814,21.608034,21.776207,21.758537,22.205345,23.022377,21.076447,21.113567,4.0,0.0,0.0,0.0,4.0,0.0,4.0,0.0
24887,2023.0,6.0,22.0,19.0,21.507994,22.268328,20.757586,21.280657,21.452734,22.103355,21.0134,21.489157,20.895605,20.94218,21.157215,21.247852,21.73863,21.721945,21.732239,21.849579,20.987732,20.980955,4.0,4.0,0.0,0.0,0.0,0.0,0.0,0.0
24888,2023.0,6.0,22.0,20.0,21.167841,21.46665,20.42552,20.647024,21.599297,22.23036,21.01303,21.47944,20.861626,20.902273,20.984327,20.994846,22.470665,23.14254,21.424627,21.447657,20.929422,20.917313,0.0,4.0,0.0,0.0,0.0,4.0,0.0,0.0
24889,2023.0,6.0,22.0,20.0,20.998774,21.283716,20.62576,21.125084,21.099356,21.264338,21.012983,21.471666,20.791658,20.789454,20.919254,20.914038,22.030554,22.11127,21.335588,21.33963,20.888548,20.876776,4.0,0.0,0.0,0.0,0.0,0.0,0.0,0.0
24890,2023.0,6.0,22.0,20.0,21.500885,22.240025,20.71263,21.1994,21.011263,21.246052,21.012949,21.465014,21.429464,22.030365,21.254625,21.576946,22.492535,23.13326,21.279814,21.274317,20.851158,20.839369,4.0,0.0,0.0,4.0,4.0,4.0,0.0,0.0
24891,2023.0,6.0,22.0,20.0,21.68608,22.42419,20.713146,21.183256,21.007267,21.259684,21.012957,21.458796,21.083395,21.17595,21.396492,21.74647,22.626518,23.224297,21.22862,21.215075,21.695118,22.472902,4.0,0.0,0.0,0.0,4.0,4.0,0.0,4.0
24892,2023.0,6.0,22.0,20.0,21.18932,21.439127,20.373081,20.53633,21.362024,21.923916,21.012777,21.452234,21.50944,22.109438,21.093887,21.155289,22.03633,22.077843,21.188032,21.175264,21.225208,21.306738,0.0,4.0,0.0,4.0,0.0,0.0,0.0,0.0
24893,2023.0,6.0,22.0,20.0,21.55039,22.259535,20.170439,20.263395,20.975298,21.175325,21.23437,21.843302,21.09416,21.155613,20.908997,20.904305,21.765392,21.719997,21.15247,21.13897,20.916346,20.911263,0.0,0.0,4.0,0.0,0.0,0.0,0.0,0.0
24894,2023.0,6.0,22.0,21.0,21.704433,22.398989,20.491112,20.913738,21.3785,21.958273,21.331772,21.949873,20.83079,20.814577,20.830866,20.808413,21.672693,21.613108,21.119968,21.107248,20.832613,20.813793,4.0,4.0,4.0,0.0,0.0,0.0,0.0,0.0
24895,2023.0,6.0,22.0,21.0,21.73313,22.413767,20.566557,20.987907,20.979372,21.21378,21.309694,21.870682,20.761152,20.734663,20.797642,20.783602,21.611645,21.54376,22.082428,22.957703,20.783041,20.75667,4.0,0.0,4.0,0.0,0.0,0.0,4.0,0.0
24896,2023.0,6.0,22.0,21.0,21.225273,21.433067,20.232998,20.344406,21.01647,21.292673,21.300495,21.84407,21.380033,21.946909,21.119112,21.420341,21.597084,21.569668,21.512642,21.548725,20.75439,20.742044,0.0,0.0,4.0,4.0,4.0,0.0,0.0,0.0
24897,2023.0,6.0,22.0,21.0,21.595798,22.285694,20.029467,20.060877,21.009378,21.279604,20.97966,21.29522,21.57078,22.09133,20.929829,20.971178,21.567678,21.545038,21.158972,21.103048,21.604727,22.382936,0.0,0.0,0.0,4.0,0.0,0.0,0.0,4.0
24898,2023.0,6.0,22.0,21.0,21.72035,22.368307,19.946457,19.952795,21.008476,21.28259,21.019577,21.38976,21.018099,21.013582,20.759077,20.74437,21.525051,21.496552,21.065693,20.995502,21.074903,21.087418,0.0,0.0,0.0,0.0,0.0,0.0,0.0,0.0
24899,2023.0,6.0,22.0,21.0,21.1708,21.315893,19.91725,19.937672,21.008776,21.286453,21.184296,21.68007,20.756933,20.686783,21.031809,21.296791,21.484537,21.450954,21.004698,20.926132,21.500715,22.090355,0.0,0.0,4.0,0.0,4.0,0.0,0.0,4.0
24900,2023.0,6.0,22.0,22.0,21.002342,21.169693,19.889437,19.909458,21.009008,21.289158,20.99064,21.3196,20.663877,20.57902,21.083162,21.294662,21.446777,21.40902,21.935328,22.729324,21.753843,22.365152,0.0,0.0,0.0,0.0,4.0,0.0,4.0,4.0
24901,2023.0,6.0,22.0,22.0,21.0077,21.21609,20.276873,20.658234,21.009106,21.290348,21.156055,21.620455,20.59309,20.497522,20.755774,20.684507,22.110897,22.697245,21.380724,21.352514,21.108816,21.079475,4.0,0.0,4.0,0.0,0.0,4.0,0.0,0.0
24902,2023.0,6.0,22.0,22.0,21.007795,21.236834,20.088005,20.186432,21.009256,21.291012,20.99424,21.318377,20.6036,20.570782,20.87143,21.011707,21.610884,21.535906,21.043756,20.933744,21.56021,22.1347,0.0,0.0,0.0,0.0,4.0,0.0,0.0,4.0
24903,2023.0,6.0,22.0,22.0,21.0046,21.251303,19.895903,19.915308,21.009491,21.291855,21.019476,21.372972,20.583729,20.545824,20.936964,21.07316,22.012775,22.465601,21.003466,20.931202,21.042208,20.964903,0.0,0.0,0.0,0.0,4.0,4.0,0.0,0.0
24904,2023.0,6.0,22.0,22.0,21.504875,22.20002,19.83549,19.838034,21.00957,21.292395,21.016474,21.365797,20.54799,20.506763,20.63064,20.501122,21.548433,21.424305,21.00576,20.96207,20.750711,20.621061,0.0,0.0,0.0,0.0,0.0,0.0,0.0,0.0
24905,2023.0,6.0,22.0,22.0,20.971733,21.148829,19.798725,19.794516,21.009762,21.293207,21.012106,21.364815,20.514402,20.468552,20.458986,20.294867,21.304525,21.125183,21.002607,20.980778,21.44378,22.016281,0.0,0.0,0.0,0.0,0.0,0.0,0.0,4.0
24906,2023.0,6.0,22.0,23.0,21.018301,21.266792,19.767124,19.757765,21.010023,21.294252,21.012852,21.370502,20.481884,20.432003,20.489176,20.425503,21.219475,21.030022,21.00348,21.000267,20.933762,20.828924,0.0,0.0,0.0,0.0,0.0,0.0,0.0,0.0
24907,2023.0,6.0,22.0,23.0,20.770542,20.800835,20.180138,20.554255,20.741411,20.778149,20.673643,20.72064,20.453579,20.402649,20.780643,20.977282,21.162712,20.974636,20.937006,20.887573,20.650808,20.501822,4.0,0.0,0.0,0.0,4.0,0.0,0.0,0.0
24908,2023.0,6.0,22.0,23.0,20.792797,20.919256,19.919086,19.977177,20.615997,20.602184,20.517715,20.504333,20.430513,20.378204,20.570904,20.533794,21.234966,21.16093,20.8997,20.84567,20.577173,20.425549,0.0,0.0,0.0,0.0,0.0,0.0,0.0,0.0
24909,2023.0,6.0,22.0,23.0,20.777376,20.914396,19.690756,19.580864,20.558342,20.541803,20.445665,20.4296,20.973026,21.415836,20.488438,20.428156,21.233929,21.16739,20.872404,20.818096,21.326073,21.89381,0.0,0.0,0.0,4.0,0.0,0.0,0.0,4.0
24910,2023.0,6.0,22.0,23.0,20.747461,20.882671,19.601768,19.461382,20.512575,20.49475,20.388672,20.371372,20.618366,20.626488,20.45099,20.388586,21.214096,21.147554,20.846521,20.791346,20.764097,20.6659,0.0,0.0,0.0,0.0,0.0,0.0,0.0,0.0
24911,2023.0,6.0,22.0,23.0,20.719843,20.853502,19.662476,19.623295,21.120691,21.672749,20.339842,20.321486,20.375319,20.222624,20.417355,20.353626,21.192253,21.124794,20.821775,20.765633,21.253603,21.698727,0.0,4.0,0.0,0.0,0.0,0.0,0.0,4.0
24912,2023.0,6.0,23.0,0.0,21.337831,22.035599,19.676102,19.659004,21.277514,21.839123,20.29696,20.278059,20.29423,20.129929,20.386631,20.321823,21.17054,21.102266,20.798468,20.741531,20.738476,20.61541,0.0,4.0,0.0,0.0,0.0,0.0,0.0,0.0
24913,2023.0,6.0,23.0,0.0,21.340658,21.88529,19.659275,19.640425,20.638554,20.572712,20.255587,20.23356,20.339733,20.269667,20.355036,20.286816,21.147388,21.076067,20.774714,20.715033,20.557753,20.390022,0.0,0.0,0.0,0.0,0.0,0.0,0.0,0.0
24914,2023.0,6.0,23.0,0.0,20.798258,20.839922,19.639744,19.617348,20.383522,20.201464,20.216644,20.191574,20.337204,20.27381,20.323786,20.25219,21.124376,21.050043,21.636454,22.356522,20.47883,20.302553,0.0,0.0,0.0,0.0,0.0,0.0,4.0,0.0
24915,2023.0,6.0,23.0,0.0,21.239462,21.764444,19.618929,19.592169,20.277275,20.074377,20.178698,20.149616,20.31449,20.249023,20.582798,20.759943,21.100489,21.022558,21.758638,22.366344,20.520664,20.447166,0.0,0.0,0.0,0.0,4.0,0.0,4.0,0.0
24916,2023.0,6.0,23.0,0.0,20.765322,20.786837,19.598469,19.567574,20.2019,19.989025,20.143263,20.110844,20.290262,20.221743,20.390673,20.350367,21.076447,20.995285,20.99154,20.845901,21.218052,21.778328,0.0,0.0,0.0,0.0,0.0,0.0,0.0,4.0
24917,2023.0,6.0,23.0,0.0,20.547565,20.476053,19.57782,19.542469,20.941057,21.443708,20.109255,20.073065,20.831894,21.257648,20.288757,20.206707,21.051762,20.96714,20.762218,20.553984,20.606304,20.462753,0.0,4.0,0.0,4.0,0.0,0.0,0.0,0.0
24918,2023.0,6.0,23.0,1.0,20.458422,20.37205,19.557087,19.517181,20.441095,20.345173,20.076674,20.036577,20.470001,20.453798,20.534697,20.697004,21.026657,20.938522,20.668766,20.45423,20.392183,20.18168,0.0,0.0,0.0,0.0,4.0,0.0,0.0,0.0
24919,2023.0,6.0,23.0,1.0,20.576187,20.667007,19.536188,19.49149,20.162199,19.915003,20.044443,19.99981,20.173513,19.948084,20.30973,20.228127,21.001114,20.90921,20.59084,20.366348,20.310072,20.090855,0.0,0.0,0.0,0.0,0.0,0.0,0.0,0.0
24920,2023.0,6.0,23.0,1.0,20.572384,20.669952,19.51609,19.467104,20.075127,19.815842,20.014055,19.965727,20.078026,19.841557,20.22982,20.13355,20.976093,20.8811,20.675146,20.593159,20.387196,20.307472,0.0,0.0,0.0,0.0,0.0,0.0,0.0,0.0
24921,2023.0,6.0,23.0,1.0,20.547285,20.642418,19.497828,19.446468,20.202393,20.130623,19.986546,19.936714,20.163906,20.073387,20.188416,20.090494,20.951757,20.854649,20.66156,20.577816,20.371582,20.290245,0.0,0.0,0.0,0.0,0.0,0.0,0.0,0.0
24922,2023.0,6.0,23.0,1.0,20.522058,20.615675,19.479568,19.425999,20.203611,20.14371,19.959993,19.908886,20.159588,20.071312,20.150543,20.051458,20.927734,20.82896,20.634394,20.549498,21.06495,21.621038,0.0,0.0,0.0,0.0,0.0,0.0,0.0,4.0
24923,2023.0,6.0,23.0,1.0,20.495296,20.586184,19.460203,19.403454,20.179914,20.1193,19.932936,19.879225,20.13559,20.047005,20.113548,20.011707,20.90282,20.801561,20.604853,20.517868,20.421335,20.239586,0.0,0.0,0.0,0.0,0.0,0.0,0.0,0.0
24924,2023.0,6.0,23.0,2.0,20.466408,20.552118,19.438232,19.37584,20.150938,20.085394,19.90375,19.844584,20.10725,20.014484,20.07474,19.96712,20.876057,20.770483,20.573072,20.482107,20.198633,19.947414,0.0,0.0,0.0,0.0,0.0,0.0,0.0,0.0
24925,2023.0,6.0,23.0,2.0,20.441488,20.525652,19.419973,19.355827,20.125082,20.05838,19.878859,19.818336,20.080961,19.986807,20.04114,19.93202,20.852123,20.745096,20.544159,20.451946,20.284616,20.193817,0.0,0.0,0.0,0.0,0.0,0.0,0.0,0.0
24926,2023.0,6.0,23.0,2.0,20.417095,20.499203,19.401974,19.336084,20.099663,20.03173,19.854486,19.792646,20.055048,19.959522,20.008823,19.898232,20.82858,20.72011,20.515886,20.422441,20.26641,20.174866,0.0,0.0,0.0,0.0,0.0,0.0,0.0,0.0
24927,2023.0,6.0,23.0,2.0,20.394102,20.475437,19.385464,19.319447,20.076164,20.00883,19.83206,19.770681,20.617952,21.040033,19.979069,19.868946,20.806269,20.697502,20.489012,20.395468,20.236824,20.145351,0.0,0.0,0.0,4.0,0.0,0.0,0.0,0.0
24928,2023.0,6.0,23.0,2.0,20.369186,20.447348,19.365738,19.296316,20.049267,19.978743,19.806398,19.741863,20.84102,21.331758,19.946184,19.832674,20.781874,20.670544,20.460285,20.3644,20.204287,20.110258,0.0,0.0,0.0,4.0,0.0,0.0,0.0,0.0
24929,2023.0,6.0,23.0,2.0,20.362774,20.455381,19.349628,19.280293,20.026762,19.95708,19.78495,19.721125,20.144266,19.924488,20.208319,20.347532,20.760315,20.649023,20.434496,20.33887,20.175335,20.081814,0.0,0.0,0.0,0.0,4.0,0.0,0.0,0.0
24930,2023.0,6.0,23.0,3.0,20.344788,20.436407,19.330418,19.258087,20.000742,19.928322,19.76016,19.693602,19.913452,19.631952,19.98825,19.879852,20.736303,20.622637,20.406303,20.30842,20.143927,20.047964,0.0,0.0,0.0,0.0,0.0,0.0,0.0,0.0
24931,2023.0,6.0,23.0,3.0,20.326677,20.418947,19.315256,19.243954,19.979275,19.908443,19.73984,19.674717,19.837128,19.559132,19.918621,19.805195,20.715752,20.603094,20.38166,20.28488,20.844429,21.392986,0.0,0.0,0.0,0.0,0.0,0.0,0.0,4.0
24932,2023.0,6.0,23.0,3.0,20.30748,20.399738,19.29993,19.229269,19.957672,19.887695,19.719513,19.65509,19.92907,19.809328,19.883043,19.769753,20.695185,20.582973,20.35698,20.260675,20.19046,19.988596,0.0,0.0,0.0,0.0,0.0,0.0,0.0,0.0
24933,2023.0,6.0,23.0,3.0,20.287308,20.378872,19.284098,19.213585,19.935675,19.865795,19.698925,19.634457,19.942137,19.840057,20.157904,20.3139,20.674381,20.56203,20.332008,20.235506,19.975323,19.713629,0.0,0.0,0.0,0.0,4.0,0.0,0.0,0.0
24934,2023.0,6.0,23.0,3.0,20.267279,20.358294,19.268478,19.198174,19.914072,19.844439,19.67861,19.614298,19.91957,19.819845,19.921303,19.815063,20.654102,20.54182,20.307611,20.21116,19.904438,19.644325,0.0,0.0,0.0,0.0,0.0,0.0,0.0,0.0
24935,2023.0,6.0,23.0,3.0,20.247719,20.338617,19.253366,19.183569,19.893084,19.824133,19.658737,19.595045,19.895262,19.796055,20.169338,20.33791,20.634445,20.52256,20.283838,20.187792,20.004784,19.905375,0.0,0.0,0.0,0.0,4.0,0.0,0.0,0.0
24936,2023.0,6.0,23.0,4.0,20.229057,20.320711,19.239132,19.17062,19.87326,19.806007,19.639877,19.5778,19.871592,19.773888,19.945051,19.870306,20.615849,20.505142,20.261189,20.166418,20.72656,21.270273,0.0,0.0,0.0,0.0,0.0,0.0,0.0,4.0
24937,2023.0,6.0,23.0,4.0,20.207859,20.297815,19.222176,19.152191,19.850317,19.781513,19.618206,19.554552,19.845472,19.746462,19.836512,19.722332,20.595314,20.483608,20.236408,20.14059,20.77551,21.176935,0.0,0.0,0.0,0.0,0.0,0.0,0.0,4.0
24938,2023.0,6.0,23.0,4.0,20.18892,20.279444,19.207855,19.139282,19.830801,19.763803,19.600096,19.53792,19.822477,19.724993,19.799902,19.688606,20.577034,20.466457,20.213987,20.119398,20.122765,19.901527,0.0,0.0,0.0,0.0,0.0,0.0,0.0,0.0
24939,2023.0,6.0,23.0,4.0,20.167599,20.256496,19.190441,19.120453,19.807983,19.739454,19.578924,19.515095,19.797188,19.698565,19.76172,19.64815,20.556883,20.445423,20.189524,20.094023,19.926226,19.664917,0.0,0.0,0.0,0.0,0.0,0.0,0.0,0.0
24940,2023.0,6.0,23.0,4.0,20.148483,20.237959,19.175714,19.107233,19.788452,19.721712,19.560568,19.498337,19.774899,19.677773,19.73142,19.62029,21.230776,21.738363,20.167305,20.073042,19.850586,19.595255,0.0,0.0,0.0,0.0,0.0,4.0,0.0,0.0
24941,2023.0,6.0,23.0,4.0,20.128262,20.21728,19.159506,19.091206,19.767492,19.700975,19.540497,19.478548,19.752136,19.655342,19.701225,19.59047,20.577988,20.348267,20.144567,20.050615,19.930906,19.82205,0.0,0.0,0.0,0.0,0.0,0.0,0.0,0.0
24942,2023.0,6.0,23.0,5.0,20.106716,20.193926,19.141415,19.071558,19.744644,19.67635,19.5183,19.45479,19.728868,19.630957,19.671017,19.55842,20.372835,20.07153,20.121225,20.026344,19.934801,19.8408,0.0,0.0,0.0,0.0,0.0,0.0,0.0,0.0
24943,2023.0,6.0,23.0,5.0,20.089851,20.180052,19.129374,19.06416,19.72788,19.664062,19.502073,19.443062,19.711473,19.617064,19.958624,20.121044,20.325926,20.036003,20.102844,20.011074,19.913,19.822336,0.0,0.0,0.0,0.0,4.0,0.0,0.0,0.0
24944,2023.0,6.0,23.0,5.0,20.073345,20.166492,19.117807,19.056889,19.711302,19.6516,19.48623,19.431273,19.696283,19.605152,19.762611,19.695396,20.444342,20.319326,20.086313,19.997547,20.617098,21.169651,0.0,0.0,0.0,0.0,0.0,0.0,0.0,4.0
24945,2023.0,6.0,23.0,5.0,20.056627,20.152267,19.106468,19.049517,19.694567,19.638517,19.47057,19.419088,20.266794,20.691673,19.970503,20.127502,20.473581,20.36792,20.071342,19.985224,20.700575,21.145102,0.0,0.0,0.0,4.0,4.0,0.0,0.0,4.0
24946,2023.0,6.0,23.0,5.0,20.040516,20.138756,19.095648,19.042652,19.678307,19.62594,19.455736,19.407635,19.901915,19.871504,20.099352,20.311075,20.469992,20.370932,20.058609,19.975296,20.051786,19.868273,0.0,0.0,0.0,0.0,4.0,0.0,0.0,0.0
24947,2023.0,6.0,23.0,5.0,20.024775,20.125483,19.085268,19.036062,19.662241,19.613413,19.441273,19.396399,19.775858,19.695185,19.665123,19.439798,20.466127,20.370497,20.047998,19.967522,19.876202,19.659925,0.0,0.0,0.0,0.0,0.0,0.0,0.0,0.0
24948,2023.0,6.0,23.0,6.0,20.00945,20.112867,19.0753,19.030006,19.646631,19.601551,19.427074,19.38573,19.751219,19.672865,19.532017,19.287825,20.463377,20.3711,20.039656,19.962208,20.52324,20.936033,0.0,0.0,0.0,0.0,0.0,0.0,0.0,4.0
24949,2023.0,6.0,23.0,6.0,21.139679,22.11891,19.067604,19.028742,21.173298,22.33494,21.201012,22.558144,19.737522,19.664345,19.635214,19.540491,21.083517,21.453684,21.299948,22.175129,20.000353,19.944054,0.0,0.0,0.0,0.0,0.0,0.0,0.0,0.0
24950,2023.0,6.0,23.0,6.0,20.9921,21.72393,19.060307,19.028337,20.991226,21.816006,20.989388,21.95185,19.730753,19.66299,19.682037,19.603083,20.998333,21.24791,20.99188,21.494946,19.834112,19.654276,0.0,0.0,0.0,0.0,0.0,0.0,0.0,0.0
24951,2023.0,6.0,23.0,6.0,21.021454,21.720495,19.053417,19.028202,21.028019,21.794619,21.032446,21.925549,19.730274,19.668118,19.682749,19.610426,21.454695,22.059717,21.021103,21.489853,20.535902,21.029297,0.0,0.0,0.0,0.0,0.0,4.0,0.0,4.0
24952,2023.0,6.0,23.0,6.0,21.016277,21.669237,19.04691,19.028263,21.020643,21.717634,21.023829,21.834105,20.353258,20.84478,19.689127,19.62307,21.48257,21.926813,21.012735,21.424221,20.849405,21.36368,0.0,0.0,0.0,4.0,0.0,4.0,0.0,4.0
24953,2023.0,6.0,23.0,6.0,21.016409,21.641565,19.487705,19.866669,21.021101,21.676394,21.02423,21.784176,20.6671,21.203066,19.700026,19.640194,20.968805,21.001612,21.013117,21.388893,20.245918,20.13757,4.0,0.0,0.0,4.0,0.0,0.0,0.0,0.0
24954,2023.0,6.0,23.0,7.0,21.015238,21.621038,20.069925,20.784859,21.020485,21.646147,21.023485,21.7475,20.088673,19.997818,19.715544,19.662579,21.015001,21.096556,21.012304,21.359863,20.010403,19.86656,0.0,0.0,0.0,0.0,0.0,0.0,0.0,0.0
24955,2023.0,6.0,23.0,7.0,21.015633,21.609138,19.531502,19.644514,21.020212,21.625149,20.997166,21.65002,19.849434,19.709808,19.732292,19.683273,21.008188,21.079103,21.011734,21.337553,19.962856,19.82584,0.0,0.0,4.0,0.0,0.0,0.0,0.0,0.0
24956,2023.0,6.0,23.0,7.0,21.200056,21.925508,19.25564,19.276037,21.019905,21.609898,21.028732,21.721647,20.475683,20.928652,20.11341,20.38741,21.008242,21.073677,21.623766,22.457357,20.021254,19.970602,0.0,0.0,0.0,4.0,4.0,0.0,4.0,0.0
24957,2023.0,6.0,23.0,7.0,20.988796,21.524506,19.6205,20.00535,21.01961,21.59837,21.027647,21.695078,20.135038,20.074999,19.994852,20.070683,21.003466,21.06665,20.955496,21.122416,20.947987,21.717537,4.0,0.0,0.0,0.0,0.0,0.0,0.0,4.0
24958,2023.0,6.0,23.0,7.0,21.08539,21.683998,20.04951,20.676304,21.059137,21.636566,21.026695,21.674232,20.577858,21.040012,19.910046,19.888294,21.003698,21.066685,21.536293,22.22913,20.432674,20.41347,0.0,4.0,0.0,4.0,0.0,0.0,4.0,0.0
24959,2023.0,6.0,23.0,7.0,21.136189,21.753004,19.52062,19.58208,21.077389,21.659542,21.021278,21.659,20.842638,21.330694,20.255547,20.542126,21.00351,21.062353,21.766031,22.463203,20.96337,21.61347,0.0,4.0,0.0,4.0,4.0,0.0,4.0,4.0
24960,2023.0,6.0,23.0,8.0,21.167677,21.796432,19.243984,19.219559,20.991352,21.494642,21.006802,21.59704,20.319206,20.268957,20.105556,20.124666,21.003426,21.056133,21.853601,22.554905,21.23111,21.861015,0.0,4.0,4.0,0.0,0.0,0.0,4.0,4.0
24961,2023.0,6.0,23.0,8.0,21.190464,21.82798,19.648743,20.038767,20.438864,20.46754,20.375618,20.417421,20.756908,21.228624,20.273823,20.477118,20.906487,20.860804,21.097595,21.072567,20.585732,20.569319,4.0,0.0,0.0,4.0,4.0,0.0,0.0,0.0
24962,2023.0,6.0,23.0,8.0,21.212402,21.859339,20.029999,20.64087,20.201078,20.147379,20.11437,20.068129,20.957985,21.475487,20.079145,20.048529,20.878246,20.819664,20.832592,20.706034,21.172483,21.776676,4.0,0.0,0.0,4.0,0.0,0.0,0.0,4.0
24963,2023.0,6.0,23.0,8.0,20.65408,20.803051,20.016197,20.56269,20.0907,20.04538,19.991259,19.953968,20.445965,20.429485,20.321764,20.542654,20.872478,20.813389,20.72535,20.601858,21.454422,22.102875,0.0,0.0,0.0,0.0,4.0,0.0,0.0,4.0
24964,2023.0,6.0,23.0,8.0,20.409449,20.52934,19.936144,20.340218,20.638071,21.146847,19.942343,19.951235,20.22587,20.140968,20.144415,20.097507,21.610542,22.215649,20.665884,20.551853,20.81369,20.825447,4.0,4.0,0.0,0.0,0.0,4.0,0.0,0.0
24965,2023.0,6.0,23.0,8.0,20.336798,20.461704,20.012415,20.469322,20.246939,20.322962,19.89639,19.914944,20.18757,20.098186,20.418734,20.634201,21.12118,21.126019,20.633158,20.527035,21.377798,21.993368,4.0,0.0,0.0,0.0,4.0,0.0,0.0,4.0
24966,2023.0,6.0,23.0,9.0,20.932379,21.638567,20.016878,20.479124,20.611076,21.149796,20.489305,21.08209,20.178263,20.095558,20.271957,20.238342,21.627079,22.183897,21.592062,22.37541,21.642252,22.308613,0.0,4.0,4.0,0.0,0.0,4.0,4.0,4.0
24967,2023.0,6.0,23.0,9.0,21.134724,21.844387,19.668098,19.794968,20.274492,20.38097,20.167767,20.30718,20.192482,20.129118,20.171404,20.094563,21.24606,21.273659,21.104612,21.151737,21.011187,21.054972,0.0,0.0,0.0,0.0,0.0,0.0,0.0,0.0
24968,2023.0,6.0,23.0,9.0,20.619907,20.84958,19.523247,19.600046,20.091309,20.127571,20.57023,21.15339,20.202919,20.142303,20.18718,20.117502,21.07488,20.988897,21.773209,22.504261,21.550608,22.169783,0.0,0.0,4.0,0.0,0.0,0.0,4.0,4.0
24969,2023.0,6.0,23.0,9.0,20.442638,20.624216,19.875828,20.307259,20.036785,20.084866,20.69676,21.303673,20.21139,20.15098,20.207796,20.139055,21.051153,20.965754,21.18585,21.255836,21.042091,21.111412,4.0,0.0,4.0,0.0,0.0,0.0,0.0,0.0
24970,2023.0,6.0,23.0,9.0,21.04893,21.828678,20.0004,20.477203,20.646107,21.273842,20.742073,21.35714,20.222023,20.161743,20.599295,20.85828,21.053665,20.977333,20.94672,20.884708,20.813221,20.754913,4.0,4.0,4.0,0.0,4.0,0.0,0.0,0.0
24971,2023.0,6.0,23.0,9.0,21.22189,21.979458,20.014658,20.494493,20.848759,21.47385,20.794008,21.420729,20.937124,21.502188,20.844217,21.169388,21.065243,20.998556,20.873755,20.814245,20.73769,20.682058,0.0,4.0,4.0,4.0,4.0,0.0,0.0,0.0
24972,2023.0,6.0,23.0,10.0,21.267553,22.032648,19.734545,19.93694,20.376373,20.557043,20.31503,20.500116,20.63939,20.699318,20.611496,20.649912,21.075108,21.00949,21.757275,22.51342,21.494698,22.14376,0.0,0.0,0.0,0.0,0.0,0.0,4.0,4.0
24973,2023.0,6.0,23.0,10.0,21.310944,22.084991,20.01835,20.525333,20.193947,20.308184,20.119886,20.237661,20.502287,20.48243,20.87833,21.157131,21.8558,22.48024,21.239416,21.358782,20.996157,21.04675,4.0,0.0,0.0,0.0,4.0,4.0,0.0,0.0
24974,2023.0,6.0,23.0,10.0,20.774643,21.054388,19.997883,20.457975,20.140938,20.265461,20.0573,20.185629,20.501287,20.487469,20.698217,20.733643,22.0888,22.757805,21.007692,20.978905,20.825018,20.793566,0.0,0.0,0.0,0.0,0.0,4.0,0.0,0.0
24975,2023.0,6.0,23.0,10.0,20.559515,20.81897,19.769333,20.003904,20.711914,21.37952,20.01581,20.161596,21.14138,21.683065,20.62348,20.622742,22.203722,22.867548,21.927883,22.76088,21.637875,22.358757,0.0,4.0,0.0,4.0,0.0,4.0,4.0,4.0
24976,2023.0,6.0,23.0,10.0,20.504545,20.770147,19.586832,19.70159,20.350004,20.585077,19.915466,20.00038,21.434345,22.082153,20.58307,20.522612,21.622007,21.68344,21.376488,21.534279,21.10797,21.19164,0.0,0.0,0.0,4.0,0.0,0.0,0.0,0.0
24977,2023.0,6.0,23.0,10.0,20.473791,20.75164,19.512207,19.60961,20.19068,20.361143,19.856596,19.933823,20.916769,21.005283,20.580462,20.508657,22.156927,22.746397,21.126928,21.124,20.924149,20.914827,0.0,0.0,0.0,0.0,0.0,4.0,0.0,0.0
24978,2023.0,6.0,23.0,11.0,20.389265,20.616306,19.908043,20.387075,20.77412,21.495533,19.822329,19.904549,20.77553,20.790512,20.59632,20.526,22.37751,23.053242,21.080072,21.074549,20.898823,20.901146,4.0,4.0,0.0,0.0,0.0,4.0,0.0,0.0
24979,2023.0,6.0,23.0,11.0,20.97809,21.757647,20.032345,20.54052,20.395372,20.666803,20.440027,21.09502,21.389442,21.958988,20.61097,20.54075,21.79873,21.881294,22.027435,22.880878,20.883106,20.890371,4.0,0.0,4.0,4.0,0.0,0.0,4.0,0.0
24980,2023.0,6.0,23.0,11.0,20.635542,20.99866,20.147038,20.731056,20.82416,21.541197,20.071821,20.2732,21.013723,21.124832,20.984882,21.229408,22.32171,22.929356,21.414215,21.529362,20.808466,20.755665,4.0,4.0,0.0,0.0,4.0,4.0,0.0,0.0
24981,2023.0,6.0,23.0,11.0,20.493793,20.798855,19.987604,20.429996,20.440033,20.713879,20.59059,21.330273,20.86071,20.883026,20.815025,20.822664,21.846241,21.926468,22.089582,22.884058,20.773842,20.71238,0.0,0.0,4.0,0.0,0.0,0.0,4.0,0.0
24982,2023.0,6.0,23.0,11.0,21.052486,21.883682,20.175732,20.762941,20.79801,21.513489,20.273636,20.550276,20.835514,20.862514,20.694185,20.634981,22.359875,23.012007,22.434855,23.303947,20.753624,20.694191,4.0,4.0,0.0,0.0,0.0,4.0,4.0,0.0
24983,2023.0,6.0,23.0,11.0,20.65458,21.022114,19.986916,20.408829,20.94125,21.672226,20.72269,21.475582,20.747671,20.698109,20.691095,20.627506,21.861557,21.954073,21.662214,21.764576,20.74122,20.683683,0.0,4.0,4.0,0.0,0.0,0.0,0.0,0.0
24984,2023.0,6.0,23.0,12.0,21.048674,21.877502,19.84459,20.136784,20.494354,20.778028,20.893353,21.634724,20.70371,20.64693,20.69999,20.637857,21.644964,21.65494,21.35055,21.369036,21.615324,22.344385,0.0,0.0,4.0,0.0,0.0,0.0,0.0,4.0
24985,2023.0,6.0,23.0,12.0,21.221668,22.087776,19.670153,19.828197,21.073774,21.910273,21.012363,21.807877,20.694582,20.639927,20.713352,20.655064,22.352057,23.010351,21.297115,21.315098,21.145773,21.27687,0.0,4.0,4.0,0.0,0.0,4.0,0.0,0.0
24986,2023.0,6.0,23.0,12.0,20.98392,21.626684,20.00051,20.508108,21.00155,21.678783,21.017122,21.770544,20.691633,20.64031,20.730522,20.676086,21.93761,22.035074,21.272,21.29929,20.928228,20.98424,4.0,0.0,4.0,0.0,0.0,0.0,0.0,0.0
24987,2023.0,6.0,23.0,12.0,21.013748,21.668215,20.15024,20.676142,21.016453,21.680687,21.020456,21.776295,20.693644,20.64542,20.75036,20.699244,22.457855,23.127829,22.22167,23.108622,20.922169,20.980667,4.0,0.0,0.0,0.0,0.0,4.0,4.0,0.0
24988,2023.0,6.0,23.0,12.0,21.31311,22.196531,20.301762,20.942669,21.013498,21.652977,21.016289,21.741941,20.69971,20.654146,20.77319,20.725267,22.045612,22.167925,21.69837,21.832901,20.93606,21.00249,4.0,0.0,0.0,0.0,0.0,0.0,0.0,0.0
24989,2023.0,6.0,23.0,12.0,21.455,22.354279,20.0402,20.390762,21.118484,21.801525,21.01543,21.718763,20.709665,20.667128,21.188728,21.48928,21.837284,21.883924,21.415995,21.469757,20.845049,20.810535,0.0,4.0,0.0,0.0,4.0,0.0,0.0,0.0
24990,2023.0,6.0,23.0,13.0,20.981422,21.507788,19.932903,20.272566,21.251339,22.017366,21.143196,21.91596,20.721706,20.68196,21.0421,21.076593,21.820156,21.872925,21.3825,21.441938,21.695774,22.435362,0.0,4.0,4.0,0.0,0.0,0.0,0.0,4.0
24991,2023.0,6.0,23.0,13.0,21.016098,21.594244,20.268785,20.917593,21.321854,22.09623,20.995533,21.636715,20.733168,20.694677,20.925173,20.891354,21.815216,21.87144,21.369152,21.431396,21.335396,21.488813,4.0,4.0,0.0,0.0,0.0,0.0,0.0,0.0
24992,2023.0,6.0,23.0,13.0,21.00717,21.58325,20.438377,21.119953,20.964787,21.46816,21.016972,21.6742,20.744047,20.706686,20.923653,20.883938,21.715477,21.676409,21.258438,21.219679,21.129135,21.217463,4.0,0.0,0.0,0.0,0.0,0.0,0.0,0.0
24993,2023.0,6.0,23.0,13.0,21.38615,22.28366,20.497347,21.179697,21.016832,21.580027,21.013433,21.660086,20.75429,20.717552,20.935926,20.896055,22.445742,23.087091,21.214079,21.170431,21.949043,22.776304,4.0,0.0,0.0,0.0,0.0,4.0,0.0,4.0
24994,2023.0,6.0,23.0,13.0,20.985823,21.502193,20.20995,20.607912,21.01037,21.569754,21.106606,21.794046,20.765596,20.730358,20.950605,20.911648,22.769495,23.50194,22.186945,23.032467,21.511427,21.695265,0.0,0.0,4.0,0.0,0.0,4.0,4.0,0.0
24995,2023.0,6.0,23.0,13.0,21.398005,22.294008,20.41549,21.07145,21.274649,22.046024,21.247616,22.033571,20.77653,20.742908,21.321865,21.596128,22.216892,22.369667,21.764639,21.927757,22.080986,22.902376,4.0,4.0,4.0,0.0,4.0,0.0,0.0,4.0
24996,2023.0,6.0,23.0,14.0,20.979553,21.50996,20.532509,21.225563,20.97695,21.49288,21.305124,22.100113,20.786455,20.755,21.152864,21.192991,22.051321,22.121092,21.573427,21.651379,21.539904,21.726013,4.0,0.0,4.0,0.0,0.0,0.0,0.0,0.0
24997,2023.0,6.0,23.0,14.0,21.39669,22.297901,20.588598,21.281658,20.751774,21.071543,20.832981,21.189196,20.796259,20.766182,21.03661,21.010872,22.721039,23.42158,21.526995,21.605911,21.29439,21.396612,4.0,0.0,0.0,0.0,0.0,4.0,0.0,0.0
24998,2023.0,6.0,23.0,14.0,20.985868,21.429325,20.289682,20.69292,20.66199,20.959047,20.657658,20.960821,20.80515,20.77678,21.033628,21.002552,22.242933,22.399744,21.506493,21.588053,21.26826,21.365692,0.0,0.0,0.0,0.0,0.0,0.0,0.0,0.0
24999,2023.0,6.0,23.0,14.0,21.442244,22.356382,20.184652,20.548222,20.479347,20.635727,20.592274,20.894686,20.814388,20.787857,21.042568,21.012905,22.086653,22.163342,21.384703,21.360378,21.261675,21.362488,0.0,0.0,0.0,0.0,0.0,0.0,0.0,0.0
25000,2023.0,6.0,23.0,14.0,21.03016,21.48331,20.505215,21.168291,21.022305,21.711006,21.090271,21.8641,20.823284,20.798504,21.051374,21.023737,22.765017,23.471346,21.340284,21.307375,22.008762,22.766527,4.0,4.0,4.0,0.0,0.0,4.0,0.0,4.0
25001,2023.0,6.0,23.0,14.0,21.46638,22.372787,20.629091,21.331532,21.171843,21.87576,20.72963,21.093338,20.832418,20.809752,21.060627,21.035452,22.94092,23.68796,21.31923,21.287907,21.53482,21.719677,4.0,4.0,0.0,0.0,0.0,4.0,0.0,0.0
25002,2023.0,6.0,23.0,15.0,21.058125,21.508097,20.679682,21.38283,21.322304,22.123781,21.136354,21.921968,21.518269,22.097723,21.07013,21.047413,23.009594,23.752213,21.304415,21.27533,21.381527,21.49314,4.0,4.0,4.0,4.0,0.0,4.0,0.0,0.0
25003,2023.0,6.0,23.0,15.0,20.915731,21.316275,20.720919,21.422632,20.884789,21.245657,20.75947,21.126036,21.124,21.199644,21.078892,21.0577,23.069605,23.808193,21.292744,21.265139,21.355433,21.466383,4.0,0.0,0.0,0.0,0.0,4.0,0.0,0.0
25004,2023.0,6.0,23.0,15.0,21.45688,22.363924,20.756598,21.456802,21.295568,22.090929,20.613556,20.927181,21.101107,21.212566,21.087128,21.067389,22.474216,22.632935,21.283285,21.257183,21.340902,21.45365,4.0,4.0,0.0,0.0,0.0,0.0,0.0,0.0
25005,2023.0,6.0,23.0,15.0,21.608225,22.534384,20.789488,21.4885,20.898067,21.252714,20.568014,20.880644,21.140978,21.279959,21.094963,21.07693,22.298628,22.380676,21.275255,21.250803,21.208601,21.199833,4.0,0.0,0.0,0.0,0.0,0.0,0.0,0.0
25006,2023.0,6.0,23.0,15.0,21.126692,21.571636,20.482235,20.89107,21.31584,22.110287,20.392624,20.56298,21.017761,21.021988,21.10214,21.085777,22.9579,23.670395,21.268707,21.246035,21.160786,21.140205,0.0,4.0,0.0,0.0,0.0,4.0,0.0,0.0
25007,2023.0,6.0,23.0,15.0,20.983372,21.382387,20.3711,20.739943,20.945572,21.324343,20.303085,20.444298,20.978115,20.963774,21.462988,21.756502,22.481955,22.669247,22.260769,23.125183,21.1399,21.120872,0.0,0.0,0.0,0.0,4.0,0.0,4.0,0.0
25008,2023.0,6.0,23.0,16.0,20.935343,21.332642,20.682041,21.345612,21.332975,22.119864,20.256405,20.394356,20.970993,20.957108,21.292204,21.356653,22.988813,23.694395,21.749283,21.954618,21.123903,21.10676,4.0,4.0,0.0,0.0,0.0,4.0,0.0,0.0
25009,2023.0,6.0,23.0,16.0,20.913027,21.319746,20.452837,20.855698,20.946009,21.299236,20.222147,20.360035,20.967491,20.954662,21.189053,21.182377,23.139507,23.881672,21.57129,21.680956,21.111,21.095604,0.0,0.0,0.0,0.0,0.0,4.0,0.0,0.0
25010,2023.0,6.0,23.0,16.0,20.779678,21.072552,20.361305,20.728485,21.351898,22.130968,20.194971,20.334093,20.965948,20.954287,21.179699,21.170443,23.189135,23.925308,22.485203,23.42027,21.100576,21.087286,0.0,4.0,0.0,0.0,0.0,4.0,4.0,0.0
25011,2023.0,6.0,23.0,16.0,21.34329,22.168428,20.173918,20.378647,21.490356,22.291824,20.17121,20.310867,20.965372,20.954958,21.537756,21.844559,22.602573,22.771652,21.943226,22.210604,21.091558,21.080147,0.0,4.0,0.0,0.0,4.0,0.0,0.0,0.0
25012,2023.0,6.0,23.0,16.0,21.600544,22.536215,20.498354,21.034924,21.021446,21.36732,20.150593,20.290579,20.965467,20.956474,21.341373,21.400225,22.41462,22.499313,21.70342,21.816381,21.08367,21.074152,4.0,0.0,0.0,0.0,0.0,0.0,0.0,0.0
25013,2023.0,6.0,23.0,16.0,21.141674,21.596224,20.230644,20.465641,21.43417,22.218613,20.784058,21.498135,20.966108,20.958809,21.244184,21.244463,22.362568,22.448086,21.654295,21.759594,21.07652,21.069208,0.0,4.0,4.0,0.0,0.0,0.0,0.0,0.0
25014,2023.0,6.0,23.0,17.0,21.008104,21.414112,20.086912,20.252987,21.553621,22.349401,20.398048,20.627375,21.639215,22.230034,21.592772,21.909971,23.0274,23.743143,21.630268,21.736692,21.069706,21.064678,0.0,4.0,0.0,4.0,4.0,4.0,0.0,0.0
25015,2023.0,6.0,23.0,17.0,21.547527,22.453796,20.45795,20.982502,21.596462,22.383928,20.389503,20.695423,21.238586,21.330471,21.523241,21.72931,22.531178,22.700865,21.506203,21.505913,21.062275,21.058538,4.0,4.0,0.0,0.0,0.0,0.0,0.0,0.0
25016,2023.0,6.0,23.0,17.0,21.158607,21.610836,20.70291,21.379484,21.634987,22.416004,20.943396,21.723574,21.823812,22.49377,21.475384,21.647856,23.048767,23.751514,21.455658,21.44324,21.054247,21.052021,4.0,4.0,4.0,4.0,0.0,4.0,0.0,0.0
25017,2023.0,6.0,23.0,17.0,21.6071,22.512857,20.438753,20.825445,21.151697,21.479734,21.124918,21.935844,22.08412,22.847437,21.331179,21.362505,23.190865,23.928032,21.429697,21.417505,21.04574,21.045048,0.0,0.0,4.0,4.0,0.0,4.0,0.0,0.0
25018,2023.0,6.0,23.0,17.0,21.192945,21.628592,20.701939,21.349186,21.573923,22.364279,20.682735,21.034382,21.560053,21.777138,21.633652,21.95777,22.58921,22.746902,21.408712,21.39828,21.037527,21.038445,4.0,4.0,0.0,0.0,4.0,0.0,0.0,0.0
25019,2023.0,6.0,23.0,17.0,21.052612,21.434694,20.466894,20.84343,21.148085,21.474277,21.102276,21.879549,21.396448,21.533619,21.410723,21.481468,22.40532,22.485222,21.389503,21.380957,21.029022,21.031513,0.0,0.0,4.0,0.0,0.0,0.0,0.0,0.0
25020,2023.0,6.0,23.0,18.0,21.600765,22.492855,20.731865,21.374928,21.578318,22.371292,20.710972,21.045385,21.35762,21.49144,21.295378,21.307384,22.344646,22.423502,21.371845,21.365507,21.02003,21.024368,4.0,4.0,0.0,0.0,0.0,0.0,0.0,0.0
25021,2023.0,6.0,23.0,18.0,21.737074,22.631552,20.83084,21.490625,21.655935,22.415293,21.06867,21.725624,21.328077,21.458422,21.645239,21.992134,22.293726,22.370745,21.353691,21.348324,21.009275,21.014135,4.0,4.0,0.0,0.0,4.0,0.0,0.0,0.0
25022,2023.0,6.0,23.0,18.0,21.242754,21.637,20.528618,20.88208,21.68456,22.433985,21.003698,21.577198,21.19153,21.208754,21.545698,21.729198,22.16944,22.169403,21.334932,21.330812,20.997412,21.002947,0.0,4.0,0.0,0.0,0.0,0.0,0.0,0.0
25023,2023.0,6.0,23.0,18.0,21.046167,21.399584,20.389488,20.703861,21.201351,21.495016,21.176695,21.853182,21.12077,21.124676,21.458502,21.611353,22.096472,22.087822,21.317703,21.314943,20.985155,20.99132,0.0,0.0,4.0,0.0,0.0,0.0,0.0,0.0
25024,2023.0,6.0,23.0,18.0,21.573376,22.417397,20.224405,20.399279,21.030746,21.270977,21.318323,22.071312,21.090755,21.094645,21.32358,21.36275,22.804432,23.4671,21.302938,21.301477,20.974133,20.980936,0.0,0.0,4.0,0.0,0.0,4.0,0.0,0.0
25025,2023.0,6.0,23.0,18.0,21.198587,21.604237,20.5422,21.033272,21.536064,22.272863,20.980309,21.45685,21.06563,21.07062,21.253267,21.266668,22.401924,22.598679,22.215477,23.04219,21.840208,22.626,4.0,4.0,0.0,0.0,0.0,0.0,4.0,4.0
25026,2023.0,6.0,23.0,19.0,21.007183,21.357948,20.32845,20.531136,21.19274,21.479767,21.277548,22.006306,21.039827,21.04583,21.214731,21.22699,22.852161,23.563887,21.807451,21.98991,21.484512,21.690176,0.0,0.0,4.0,0.0,0.0,4.0,0.0,0.0
25027,2023.0,6.0,23.0,19.0,21.55108,22.39794,20.179724,20.310373,21.601183,22.334332,20.969826,21.426132,21.689545,22.291143,21.552298,21.884634,22.96296,23.66447,21.606888,21.69062,21.293476,21.398832,0.0,4.0,0.0,4.0,4.0,4.0,0.0,0.0
25028,2023.0,6.0,23.0,19.0,21.76446,22.618408,20.543152,21.038504,21.730038,22.436895,21.281305,21.999285,21.427444,21.610422,21.357067,21.430513,23.009613,23.69828,21.532845,21.606037,21.226425,21.320793,4.0,4.0,4.0,0.0,0.0,4.0,0.0,0.0
25029,2023.0,6.0,23.0,19.0,21.819649,22.662663,20.386824,20.68354,21.747604,22.44349,20.96971,21.410486,21.27817,21.381458,21.232632,21.24752,22.445541,22.592312,21.493801,21.561977,21.1159,21.129135,0.0,4.0,0.0,0.0,0.0,0.0,0.0,0.0
25030,2023.0,6.0,23.0,19.0,21.311558,21.659779,20.635824,21.202349,21.767416,22.454502,21.015387,21.495205,21.217068,21.308113,21.180351,21.190159,22.186008,22.23902,21.397438,21.399473,21.053194,21.0559,4.0,4.0,0.0,0.0,0.0,0.0,0.0,0.0
25031,2023.0,6.0,23.0,19.0,21.098785,21.404343,20.772923,21.349655,21.266426,21.496092,21.291393,21.986843,21.105513,21.117035,21.14191,21.150051,22.104465,22.144773,21.346416,21.343304,21.02003,21.021605,4.0,0.0,4.0,0.0,0.0,0.0,0.0,0.0
25032,2023.0,6.0,23.0,20.0,21.625126,22.429184,20.474113,20.756645,21.078022,21.245882,20.980309,21.405178,21.055925,21.058784,21.113504,21.120842,22.058504,22.094738,21.320068,21.31706,21.87613,22.658524,0.0,0.0,0.0,0.0,0.0,0.0,0.0,4.0
25033,2023.0,6.0,23.0,20.0,21.812185,22.610626,20.66442,21.192297,21.573406,22.25131,21.272175,21.942053,21.019293,21.018995,21.079893,21.08353,22.002823,22.026249,21.291267,21.28614,22.171621,22.941559,4.0,4.0,4.0,0.0,0.0,0.0,0.0,4.0
25034,2023.0,6.0,23.0,20.0,21.843975,22.62444,20.742529,21.275476,21.144976,21.352081,21.352095,22.01682,20.990559,20.987911,21.420774,21.745663,21.935822,21.928623,21.266523,21.259722,21.52305,21.649534,4.0,0.0,4.0,0.0,4.0,0.0,0.0,0.0
25035,2023.0,6.0,23.0,20.0,21.86552,22.628836,20.761549,21.274786,21.525719,22.150894,20.979769,21.353487,20.96294,20.95895,21.221222,21.314066,22.640581,23.300528,22.176506,23.002352,21.299778,21.328983,4.0,4.0,0.0,0.0,0.0,4.0,4.0,0.0
25036,2023.0,6.0,23.0,20.0,21.342424,21.618658,20.434282,20.638342,21.159035,21.33596,21.251894,21.86398,20.93315,20.927896,21.041636,21.052612,22.20577,22.287287,21.685856,21.782316,22.02454,22.767786,0.0,0.0,4.0,0.0,0.0,0.0,0.0,4.0
25037,2023.0,6.0,23.0,20.0,21.772005,22.530859,20.27746,20.40519,21.000107,21.138208,21.332762,21.94924,20.906813,20.900005,20.986328,20.98114,21.98744,21.955654,21.453766,21.443813,22.161974,22.872723,0.0,0.0,4.0,0.0,0.0,0.0,0.0,4.0
25038,2023.0,6.0,23.0,21.0,21.883245,22.599136,20.586973,21.03064,21.008156,21.201986,20.975513,21.313633,20.878805,20.871378,20.946478,20.938814,22.589954,23.168793,22.299372,23.120657,21.499176,21.567379,4.0,0.0,0.0,0.0,0.0,4.0,4.0,0.0
25039,2023.0,6.0,23.0,21.0,21.341131,21.56813,20.356596,20.507504,21.006916,21.226667,21.017832,21.405432,20.85158,20.84344,21.27833,21.59293,22.749672,23.3117,22.541786,23.296364,22.027443,22.74633,0.0,0.0,0.0,0.0,4.0,4.0,4.0,4.0
25040,2023.0,6.0,23.0,21.0,21.07312,21.230503,20.160355,20.237585,21.007145,21.243635,21.011889,21.392916,21.49738,22.08432,21.416922,21.75127,22.76625,23.310442,21.784698,21.814463,21.491116,21.534435,0.0,0.0,0.0,4.0,4.0,4.0,0.0,0.0
25041,2023.0,6.0,23.0,21.0,20.998856,21.16448,20.52587,20.967684,21.007448,21.254482,21.233889,21.78669,21.763508,22.368467,21.060892,21.054386,22.780205,23.30799,21.43823,21.376549,21.159153,21.109856,4.0,0.0,4.0,4.0,0.0,4.0,0.0,0.0
25042,2023.0,6.0,23.0,21.0,21.558275,22.249409,20.285553,20.407288,21.401062,21.990988,20.980299,21.300386,21.761143,22.279528,20.885044,20.831024,22.787037,23.2988,21.334642,21.26683,21.059462,21.000172,0.0,4.0,0.0,4.0,0.0,4.0,0.0,0.0
25043,2023.0,6.0,23.0,21.0,21.15835,21.33367,20.069565,20.095257,20.976233,21.160133,21.018139,21.38075,21.202578,21.199266,21.126131,21.33632,22.78861,23.284353,21.257607,21.179462,21.811024,22.47899,0.0,0.0,0.0,0.0,4.0,4.0,0.0,4.0
25044,2023.0,6.0,23.0,22.0,21.00428,21.199444,19.98248,19.977083,21.017548,21.25959,21.013472,21.369762,20.927935,20.846977,20.915598,20.870014,22.174181,22.114609,21.188505,21.100471,21.316446,21.303303,0.0,0.0,0.0,0.0,0.0,0.0,0.0,0.0
25045,2023.0,6.0,23.0,22.0,21.005804,21.227314,19.967813,19.987642,21.009563,21.251163,21.010994,21.367691,20.841743,20.76015,20.758333,20.67602,22.59991,23.107132,21.195906,21.167728,21.020914,20.944687,0.0,0.0,0.0,0.0,0.0,4.0,0.0,0.0
25046,2023.0,6.0,23.0,22.0,21.003345,21.243233,19.953499,19.979107,21.007929,21.257359,21.011507,21.369944,20.789513,20.711494,20.753716,20.72364,22.120216,22.06841,22.094332,22.883308,20.93805,20.861057,0.0,0.0,0.0,0.0,0.0,0.0,4.0,0.0
25047,2023.0,6.0,23.0,22.0,21.004057,21.25898,19.932268,19.958492,21.008188,21.263536,21.011335,21.370241,20.796507,20.772263,20.73718,20.709951,22.541868,23.049812,21.536776,21.519821,20.88661,20.812105,0.0,0.0,0.0,0.0,0.0,4.0,0.0,0.0
25048,2023.0,6.0,23.0,22.0,21.004066,21.269382,19.91223,19.93834,21.008131,21.267351,21.011465,21.370634,21.38758,21.901888,20.70563,20.677372,22.676508,23.156143,21.221212,21.137169,20.889942,20.86252,0.0,0.0,0.0,4.0,0.0,4.0,0.0,0.0
25049,2023.0,6.0,23.0,22.0,21.00435,21.276846,19.89465,19.921064,21.008194,21.270605,21.011404,21.370434,21.061142,21.094528,20.677273,20.648647,22.069958,21.996012,21.141136,21.05704,20.872904,20.846563,0.0,0.0,0.0,0.0,0.0,0.0,0.0,0.0
25050,2023.0,6.0,23.0,23.0,21.004513,21.282457,19.8781,19.904291,21.008295,21.273636,21.011242,21.369856,20.797121,20.720055,20.97729,21.233027,21.817938,21.691895,21.090101,21.003473,20.845293,20.818333,0.0,0.0,0.0,0.0,4.0,0.0,0.0,0.0
25051,2023.0,6.0,23.0,23.0,20.882843,21.053118,19.862856,19.888447,20.779966,20.8364,20.695566,20.760864,20.718006,20.637455,21.113651,21.39277,21.729898,21.604181,21.101873,21.067747,20.81974,20.792326,0.0,0.0,0.0,0.0,4.0,0.0,0.0,0.0
25052,2023.0,6.0,23.0,23.0,20.833601,20.991922,19.850248,19.87489,20.677858,20.695091,20.566572,20.58764,20.728506,20.695581,20.831497,20.833454,21.6735,21.548733,21.088442,21.055904,20.79863,20.770077,0.0,0.0,0.0,0.0,0.0,0.0,0.0,0.0
25053,2023.0,6.0,23.0,23.0,20.80427,20.961136,19.838274,19.862385,20.627195,20.641172,20.503782,20.521759,21.2907,21.767355,21.022703,21.2399,21.695778,21.643631,21.068026,21.034967,20.778486,20.74928,0.0,0.0,0.0,4.0,4.0,0.0,0.0,0.0
25054,2023.0,6.0,23.0,23.0,20.778553,20.933508,19.826324,19.849358,20.586885,20.599133,20.45408,20.47011,20.912462,20.933558,21.039454,21.223164,21.676315,21.630795,21.04743,21.01312,20.758614,20.728174,0.0,0.0,0.0,0.0,4.0,0.0,0.0,0.0
25055,2023.0,6.0,23.0,23.0,20.755527,20.90863,19.814705,19.836508,20.55183,20.562664,20.411726,20.426153,20.72455,20.635918,20.735836,20.648846,21.644619,21.597866,21.027405,20.991806,20.739336,20.707624,0.0,0.0,0.0,0.0,0.0,0.0,0.0,0.0
25056,2023.0,6.0,24.0,0.0,20.7338,20.884726,19.802628,19.822565,20.51901,20.527292,20.372751,20.384281,20.661955,20.565668,20.633636,20.523752,21.613056,21.563976,21.00784,20.970623,20.720324,20.686987,0.0,0.0,0.0,0.0,0.0,0.0,0.0,0.0
25057,2023.0,6.0,24.0,0.0,20.714478,20.864498,20.220264,20.61448,20.492237,20.501518,20.341484,20.354467,21.243505,21.700686,20.934101,21.135859,21.585377,21.536407,20.989948,20.952116,20.702868,20.668941,4.0,0.0,0.0,4.0,4.0,0.0,0.0,0.0
25058,2023.0,6.0,24.0,0.0,20.694422,20.842041,19.9834,20.076504,20.464481,20.47194,20.309498,20.320662,20.880232,20.893925,20.753716,20.74809,21.557035,21.506067,20.971449,20.931917,20.684626,20.648993,0.0,0.0,0.0,0.0,0.0,0.0,0.0,0.0
25059,2023.0,6.0,24.0,0.0,20.679062,20.828115,19.853334,19.871004,20.437517,20.442421,20.278894,20.287422,20.681149,20.57307,20.973682,21.202532,21.529425,21.475868,20.953043,20.911488,20.666348,20.628664,0.0,0.0,0.0,0.0,4.0,0.0,0.0,0.0
25060,2023.0,6.0,24.0,0.0,20.673073,20.832249,19.820957,19.8329,20.412783,20.4161,20.251223,20.258219,20.617037,20.503124,20.72959,20.700474,21.503782,21.448479,20.935446,20.892336,20.648808,20.609554,0.0,0.0,0.0,0.0,0.0,0.0,0.0,0.0
25061,2023.0,6.0,24.0,0.0,20.659853,20.818056,19.799305,19.810093,20.390272,20.393057,20.226362,20.232977,21.2059,21.65535,20.942595,21.145107,21.480133,21.424032,20.91875,20.874666,20.63213,20.591913,0.0,0.0,0.0,4.0,4.0,0.0,0.0,0.0
25062,2023.0,6.0,24.0,1.0,20.64387,20.799654,19.779865,19.78807,20.367077,20.367939,20.201054,20.205755,20.843843,20.849806,20.643744,20.536003,21.456017,21.397915,20.901423,20.855623,20.614752,20.572802,0.0,0.0,0.0,0.0,0.0,0.0,0.0,0.0
25063,2023.0,6.0,24.0,1.0,21.273691,21.99422,19.762417,19.76845,20.34499,20.344254,20.177217,20.180359,20.640936,20.522055,20.52079,20.38024,21.4331,21.373438,20.884499,20.837263,20.59775,20.554335,0.0,0.0,0.0,0.0,0.0,0.0,0.0,0.0
25064,2023.0,6.0,24.0,1.0,20.86699,21.087732,19.745548,19.749262,20.323235,20.320631,20.153898,20.15523,20.566607,20.435583,20.834333,21.019766,21.410677,21.349247,20.867456,20.818644,20.580606,20.535582,0.0,0.0,0.0,0.0,4.0,0.0,0.0,0.0
25065,2023.0,6.0,24.0,1.0,20.607924,20.653244,19.7282,19.728722,20.300919,20.295385,20.130161,20.128574,20.59848,20.5443,20.639627,20.598463,21.388067,21.324005,20.849764,20.798782,20.562784,20.515526,0.0,0.0,0.0,0.0,0.0,0.0,0.0,0.0
25066,2023.0,6.0,24.0,1.0,20.533669,20.564268,19.712126,19.710316,20.280033,20.272575,20.108164,20.104708,20.58619,20.533552,20.880272,21.095133,21.366655,21.300821,20.832527,20.779953,20.545452,20.496567,0.0,0.0,0.0,0.0,4.0,0.0,0.0,0.0
25067,2023.0,6.0,24.0,1.0,20.598255,20.736725,19.696325,19.69212,20.25946,20.250038,20.0867,20.081318,20.563433,20.509172,20.634405,20.589283,21.345371,21.277733,20.815125,20.76095,20.527966,20.477442,0.0,0.0,0.0,0.0,0.0,0.0,0.0,0.0
25068,2023.0,6.0,24.0,2.0,20.589022,20.728683,19.680754,19.674095,20.239222,20.227783,20.065763,20.05839,20.540401,20.484291,20.869629,21.080214,21.32425,21.254772,20.79758,20.741796,20.510363,20.45819,0.0,0.0,0.0,0.0,4.0,0.0,0.0,0.0
25069,2023.0,6.0,24.0,2.0,20.570465,20.70868,19.666069,19.657818,20.220062,20.207603,20.046095,20.037731,20.5186,20.46157,20.528711,20.38757,21.304052,21.233625,20.780388,20.723639,21.210941,21.792501,0.0,0.0,0.0,0.0,0.0,0.0,0.0,4.0
25070,2023.0,6.0,24.0,2.0,20.55093,20.686726,19.65055,19.639816,20.200111,20.185596,20.025867,20.015388,20.496206,20.437407,20.386162,20.203108,21.28314,21.210901,20.762388,20.704067,20.742592,20.752783,0.0,0.0,0.0,0.0,0.0,0.0,0.0,0.0
25071,2023.0,6.0,24.0,2.0,20.530148,20.66235,19.633175,19.618393,20.178568,20.160252,20.004211,19.989851,20.472815,20.410934,20.454102,20.396374,21.261478,21.186209,20.743248,20.682455,20.487701,20.330557,0.0,0.0,0.0,0.0,0.0,0.0,0.0,0.0
25072,2023.0,6.0,24.0,2.0,20.511427,20.641867,19.61838,19.602438,20.160023,20.140821,19.98557,19.970322,20.45182,20.389008,20.758787,20.972155,21.241562,21.165281,20.72529,20.663465,20.41786,20.259382,0.0,0.0,0.0,0.0,4.0,0.0,0.0,0.0
25073,2023.0,6.0,24.0,2.0,20.492039,20.620024,19.60241,19.58403,20.140316,20.119,19.965761,19.948416,20.430202,20.36562,20.525679,20.481808,21.2209,21.142845,20.706543,20.643139,20.461998,20.396017,0.0,0.0,0.0,0.0,0.0,0.0,0.0,0.0
25074,2023.0,6.0,24.0,3.0,20.472069,20.5969,19.585241,19.563122,20.119398,20.09472,19.94475,19.924076,20.407887,20.340708,20.433369,20.355518,21.19946,21.118856,20.686958,20.621399,20.453043,20.3903,0.0,0.0,0.0,0.0,0.0,0.0,0.0,0.0
25075,2023.0,6.0,24.0,3.0,20.455095,20.57965,19.57214,19.550482,20.102613,20.078695,19.927864,19.907999,20.388748,20.322058,20.399094,20.322985,21.857698,22.381512,20.669538,20.60424,20.43268,20.37038,0.0,0.0,0.0,0.0,0.0,4.0,0.0,0.0
25076,2023.0,6.0,24.0,3.0,20.43642,20.558687,19.556454,19.532532,20.083261,20.057089,19.90829,19.886263,20.367804,20.299332,20.363966,20.284773,21.88439,22.281137,20.65053,20.583794,20.410124,20.34615,0.0,0.0,0.0,0.0,0.0,4.0,0.0,0.0
25077,2023.0,6.0,24.0,3.0,20.42011,20.541992,19.543541,19.520113,20.06717,20.041576,19.891788,19.870543,20.34941,20.281403,20.336243,20.258417,21.292686,21.119282,20.633236,20.566774,20.389887,20.326365,0.0,0.0,0.0,0.0,0.0,0.0,0.0,0.0
25078,2023.0,6.0,24.0,3.0,20.40271,20.52304,19.529106,19.504673,20.049603,20.02297,19.873755,19.851656,20.910849,21.353855,20.307846,20.229042,21.126328,20.903492,20.614996,20.54783,20.368889,20.304602,0.0,0.0,0.0,4.0,0.0,0.0,0.0,0.0
25079,2023.0,6.0,24.0,3.0,20.385735,20.504795,19.514767,19.489468,20.032108,20.004663,19.855938,19.833145,20.527136,20.50613,20.281088,20.201582,21.063839,20.841955,20.596914,20.529192,20.348452,20.283579,0.0,0.0,0.0,0.0,0.0,0.0,0.0,0.0
25080,2023.0,6.0,24.0,4.0,20.368187,20.48527,19.49914,19.471731,20.0132,19.983717,19.836868,19.812084,20.39853,20.326872,20.25392,20.172218,21.008568,20.782383,20.578148,20.509172,20.327557,20.261276,0.0,0.0,0.0,0.0,0.0,0.0,0.0,0.0
25081,2023.0,6.0,24.0,4.0,20.352451,20.469387,19.486212,19.459482,19.997057,19.968437,19.820717,19.796816,20.933882,21.365019,20.231049,20.150558,21.09121,20.992022,20.561054,20.4925,21.03132,21.604294,0.0,0.0,0.0,4.0,0.0,0.0,0.0,4.0
25082,2023.0,6.0,24.0,4.0,20.335768,20.451653,19.471928,19.444534,20.6409,21.19446,19.803356,19.778845,20.425638,20.281248,20.207296,20.126324,21.099062,21.01204,20.543192,20.474236,20.558443,20.557175,0.0,4.0,0.0,0.0,0.0,0.0,0.0,0.0
25083,2023.0,6.0,24.0,4.0,20.31925,20.434097,19.457598,19.429525,20.254631,20.325056,19.786179,19.760984,20.249989,20.056932,20.184175,20.102728,21.082132,20.996449,20.525599,20.456253,20.299734,20.130096,0.0,0.0,0.0,0.0,0.0,0.0,0.0,0.0
25084,2023.0,6.0,24.0,4.0,20.302128,20.415531,19.44282,19.41371,19.932486,19.767122,19.768597,19.742334,20.187748,19.991755,20.465878,20.650074,21.063284,20.976948,20.508299,20.438284,20.213882,20.03297,0.0,0.0,0.0,0.0,4.0,0.0,0.0,0.0
25085,2023.0,6.0,24.0,4.0,20.285498,20.398209,19.428772,19.39931,19.843977,19.662546,19.751728,19.72525,20.825338,21.247047,20.267445,20.222908,21.04495,20.958601,20.491808,20.421762,20.26586,20.188177,0.0,0.0,0.0,4.0,0.0,0.0,0.0,0.0
25086,2023.0,6.0,24.0,5.0,20.268541,20.380262,19.41454,19.384398,19.917686,19.859375,19.73452,19.70754,20.486576,20.476578,20.466799,20.634632,21.700207,22.213655,20.475212,20.404932,21.030146,21.632572,0.0,0.0,0.0,0.0,4.0,4.0,0.0,4.0
25087,2023.0,6.0,24.0,5.0,20.254164,20.367191,19.40318,19.37508,19.932985,19.900341,19.720053,19.695002,20.238703,20.059784,20.283482,20.245024,21.752,22.160252,20.460966,20.392408,20.424826,20.31642,0.0,0.0,0.0,0.0,0.0,4.0,0.0,0.0
25088,2023.0,6.0,24.0,5.0,20.899843,21.593191,19.39321,19.367754,19.919292,19.890423,19.706877,19.684105,20.161028,19.975468,20.482935,20.658907,21.15096,20.977306,20.448296,20.38163,20.92329,21.360527,0.0,0.0,0.0,0.0,4.0,0.0,0.0,4.0
25089,2023.0,6.0,24.0,5.0,20.501791,20.703445,19.383713,19.360992,19.90451,19.878368,19.694246,19.673826,20.799595,21.228397,20.293444,20.257275,20.996567,20.780718,20.437153,20.3725,21.128782,21.622423,0.0,0.0,0.0,4.0,0.0,0.0,0.0,4.0
25090,2023.0,6.0,24.0,5.0,20.856977,21.41623,19.374498,19.35451,19.889542,19.866077,19.682135,19.66396,20.461418,20.454462,20.206877,20.135004,21.651148,22.071539,20.42757,20.364983,21.214659,21.710842,0.0,0.0,0.0,0.0,0.0,4.0,0.0,4.0
25091,2023.0,6.0,24.0,5.0,20.400215,20.47071,19.365454,19.348204,19.874855,19.853983,19.670431,19.65444,20.782206,21.098564,20.182531,20.111853,21.80126,22.226156,20.419596,20.359127,20.585302,20.471848,0.0,0.0,0.0,4.0,0.0,4.0,0.0,0.0
25092,2023.0,6.0,24.0,6.0,20.232128,20.24171,19.356548,19.342035,20.525757,21.09343,19.65883,19.645084,20.375105,20.247688,20.457573,20.64288,21.219612,21.070848,20.413284,20.354984,20.397139,20.234974,0.0,4.0,0.0,0.0,4.0,0.0,0.0,0.0
25093,2023.0,6.0,24.0,6.0,21.091824,21.783207,19.349632,19.339577,21.067455,21.946144,21.144178,22.270351,20.244722,20.087437,20.595282,20.839493,21.773537,22.210817,21.382477,22.182037,21.097988,21.623362,0.0,0.0,4.0,0.0,4.0,4.0,4.0,4.0
25094,2023.0,6.0,24.0,6.0,21.07531,21.661444,19.343195,19.337776,20.991825,21.650469,21.006872,21.867138,20.798862,21.173452,20.550413,20.68226,21.985167,22.426008,21.635674,22.305315,20.656248,20.564987,0.0,4.0,0.0,4.0,4.0,4.0,4.0,0.0
25095,2023.0,6.0,24.0,6.0,21.108541,21.695059,19.33743,19.336443,21.029541,21.673504,21.029144,21.804068,21.035975,21.430405,20.25822,20.134775,22.045084,22.491734,20.949236,21.057762,20.400135,20.263191,0.0,0.0,0.0,4.0,0.0,4.0,0.0,0.0
25096,2023.0,6.0,24.0,6.0,21.158567,21.75147,19.779425,20.17557,20.995216,21.533485,21.02506,21.72483,20.55566,20.460537,20.13858,19.991957,22.111769,22.56553,21.021261,21.201263,20.34491,20.216806,4.0,4.0,0.0,0.0,0.0,4.0,0.0,0.0
25097,2023.0,6.0,24.0,6.0,21.203684,21.8034,20.007845,20.452667,21.001242,21.515804,21.02009,21.676275,20.956167,21.348509,20.533762,20.77095,22.173395,22.63249,21.627705,22.31393,21.206348,21.888205,4.0,4.0,0.0,4.0,4.0,4.0,4.0,4.0
25098,2023.0,6.0,24.0,7.0,21.246529,21.855516,20.016302,20.431059,20.9999,21.494268,21.019892,21.6475,20.628578,20.567003,20.748175,21.024343,22.234316,22.700642,20.973108,21.020777,20.740242,20.703045,0.0,4.0,0.0,0.0,4.0,4.0,0.0,0.0
25099,2023.0,6.0,24.0,7.0,20.985098,21.399057,19.655695,19.697823,20.999397,21.480583,21.019558,21.626038,20.425806,20.311703,20.512703,20.52979,21.66309,21.580797,21.744108,22.502619,20.457834,20.35316,0.0,4.0,0.0,0.0,0.0,0.0,4.0,0.0
25100,2023.0,6.0,24.0,7.0,21.227541,21.852776,19.468113,19.455826,21.014421,21.499735,21.05249,21.64393,21.02772,21.479946,20.321548,20.215826,21.420424,21.270023,21.154406,21.13528,21.215508,21.827007,0.0,4.0,4.0,4.0,0.0,0.0,0.0,4.0
25101,2023.0,6.0,24.0,7.0,21.307346,21.952528,19.888819,20.281755,21.036995,21.532137,21.015926,21.588818,21.250906,21.747915,20.28802,20.175407,22.056173,22.52036,21.829092,22.524942,20.714233,20.703823,4.0,4.0,0.0,4.0,0.0,4.0,4.0,0.0
25102,2023.0,6.0,24.0,7.0,21.35197,22.004265,20.081057,20.513573,21.063156,21.568253,21.02264,21.59061,20.775503,20.763685,20.337328,20.276781,22.300991,22.806328,21.286804,21.2756,20.475529,20.392591,4.0,4.0,0.0,0.0,0.0,4.0,0.0,0.0
25103,2023.0,6.0,24.0,7.0,20.977205,21.3504,20.00341,20.357735,21.014465,21.496809,21.021008,21.578081,20.559065,20.473457,20.745502,21.021694,21.761997,21.726925,21.939116,22.697695,20.445816,20.366343,0.0,0.0,0.0,0.0,4.0,0.0,4.0,0.0
25104,2023.0,6.0,24.0,8.0,21.2815,21.939396,19.729647,19.817202,21.018482,21.499502,21.017693,21.569971,20.522985,20.438072,20.637905,20.683653,21.51784,21.394344,21.369644,21.378115,20.444622,20.371643,0.0,0.0,0.0,0.0,0.0,0.0,0.0,0.0
25105,2023.0,6.0,24.0,8.0,21.401922,22.076075,19.990086,20.39334,21.114143,21.647575,20.546074,20.660694,20.523008,20.44718,20.502975,20.467686,22.16066,22.66014,21.037249,20.952696,20.471666,20.427267,4.0,4.0,0.0,0.0,0.0,4.0,0.0,0.0
25106,2023.0,6.0,24.0,8.0,20.875656,21.068142,20.003447,20.380377,20.629738,20.720343,20.339397,20.380491,20.549765,20.500223,20.490871,20.44362,21.730103,21.725893,20.981771,20.90167,20.484333,20.443851,0.0,0.0,0.0,0.0,0.0,0.0,0.0,0.0
25107,2023.0,6.0,24.0,8.0,20.641232,20.798914,19.756834,19.882643,20.381847,20.418125,20.884914,21.502028,20.56433,20.519297,20.500683,20.45293,22.254442,22.819654,20.954447,20.88463,20.49099,20.45142,0.0,0.0,4.0,0.0,0.0,4.0,0.0,0.0
25108,2023.0,6.0,24.0,8.0,20.584818,20.75274,19.635733,19.701815,20.933533,21.514309,20.453184,20.591208,20.57194,20.528353,20.514788,20.46759,22.4121,22.99231,20.952276,20.902742,20.497137,20.458344,0.0,4.0,0.0,0.0,0.0,4.0,0.0,0.0
25109,2023.0,6.0,24.0,8.0,20.565065,20.762028,19.590818,19.65352,20.53232,20.664442,20.258621,20.328814,20.5792,20.536978,20.910406,21.198215,22.49796,23.084976,20.942106,20.89619,20.503862,20.466127,0.0,0.0,0.0,0.0,4.0,4.0,0.0,0.0
25110,2023.0,6.0,24.0,9.0,20.534222,20.735682,19.565243,19.633324,20.370207,20.447163,20.819153,21.443031,20.587091,20.546352,20.72353,20.75289,21.95514,22.000643,20.932123,20.888107,20.510897,20.474394,0.0,0.0,4.0,0.0,0.0,0.0,0.0,0.0
25111,2023.0,6.0,24.0,9.0,20.503323,20.707067,19.544556,19.616709,20.933304,21.555716,20.415617,20.587564,20.59453,20.554316,20.634449,20.596012,21.769953,21.708061,20.92323,20.880037,20.517235,20.481064,0.0,4.0,0.0,0.0,0.0,0.0,0.0,0.0
25112,2023.0,6.0,24.0,9.0,20.475634,20.68173,19.527203,19.60334,20.541798,20.717924,20.856388,21.502712,20.602371,20.562561,20.6353,20.592844,21.725151,21.66237,20.916315,20.873814,20.524063,20.488163,0.0,0.0,4.0,0.0,0.0,0.0,0.0,0.0
25113,2023.0,6.0,24.0,9.0,21.101553,21.881853,19.512617,19.592876,20.37362,20.48369,20.442945,20.633505,20.611097,20.57169,20.644629,20.602219,21.706673,21.652483,20.911842,20.869999,20.53163,20.496021,0.0,0.0,0.0,0.0,0.0,0.0,0.0,0.0
25114,2023.0,6.0,24.0,9.0,21.272299,22.06684,19.500332,19.58487,20.327217,20.445461,20.269651,20.40017,20.620901,20.581884,20.657595,20.615582,22.459627,23.095837,20.909119,20.867933,20.539928,20.50461,0.0,0.0,0.0,0.0,0.0,4.0,0.0,0.0
25115,2023.0,6.0,24.0,9.0,20.78496,21.09065,19.489882,19.578661,20.241774,20.315615,20.218285,20.357096,20.63209,20.593859,20.672075,20.63114,22.015305,22.11847,20.907398,20.866955,20.548273,20.513523,0.0,0.0,0.0,0.0,0.0,0.0,0.0,0.0
25116,2023.0,6.0,24.0,10.0,20.643454,20.906792,19.481188,19.574308,20.19169,20.260658,20.119226,20.204103,20.643808,20.60667,20.686916,20.647377,22.550137,23.173298,20.906385,20.866894,20.556072,20.522072,0.0,0.0,0.0,0.0,0.0,4.0,0.0,0.0
25117,2023.0,6.0,24.0,10.0,20.603374,20.87492,19.473913,19.571316,20.159666,20.232122,20.719826,21.378027,20.65512,20.619394,20.70171,20.663988,22.098679,22.213223,20.90587,20.867594,20.56335,20.530348,0.0,0.0,4.0,0.0,0.0,0.0,0.0,0.0
25118,2023.0,6.0,24.0,10.0,20.579376,20.860638,19.467909,19.56955,20.789473,21.444487,20.907515,21.605713,20.665741,20.631624,20.716333,20.680748,21.909325,21.903097,20.906027,20.869925,20.570438,20.538671,0.0,4.0,4.0,0.0,0.0,0.0,0.0,0.0
25119,2023.0,6.0,24.0,10.0,20.5043,20.735262,19.463049,19.568903,20.40139,20.581245,20.446619,20.688808,20.67575,20.643427,20.73085,20.697702,21.872437,21.865223,20.906794,20.87281,20.57795,20.547686,0.0,0.0,0.0,0.0,0.0,0.0,0.0,0.0
25120,2023.0,6.0,24.0,10.0,20.464256,20.68982,19.459234,19.569265,20.30933,20.490566,20.91166,21.641699,20.685415,20.655,20.745327,20.7148,21.859655,21.862356,20.908451,20.876463,20.585806,20.557241,0.0,0.0,4.0,0.0,0.0,0.0,0.0,0.0
25121,2023.0,6.0,24.0,10.0,20.439663,20.667112,19.888277,20.380053,20.91023,21.641088,20.505192,20.774227,20.695332,20.666697,20.760212,20.732172,21.810524,21.778908,20.91092,20.880882,20.593964,20.567017,4.0,4.0,0.0,0.0,0.0,0.0,0.0,0.0
25122,2023.0,6.0,24.0,11.0,20.418678,20.647629,20.02854,20.55959,21.059256,21.787386,20.343254,20.554811,20.706873,20.680544,20.778076,20.753706,21.78768,21.751507,20.914999,20.886992,20.603642,20.578695,0.0,4.0,0.0,0.0,0.0,0.0,0.0,0.0
25123,2023.0,6.0,24.0,11.0,20.399748,20.631601,19.71967,19.900797,20.59946,20.864025,20.2993,20.522661,20.718672,20.692472,20.795168,20.770466,21.776762,21.74269,20.920313,20.892902,20.613363,20.588764,0.0,0.0,0.0,0.0,0.0,0.0,0.0,0.0
25124,2023.0,6.0,24.0,11.0,20.385109,20.619005,19.608932,19.739279,21.057198,21.798744,20.753775,21.388338,20.73091,20.705324,20.813238,20.78943,22.535015,23.186457,20.92715,20.900326,20.623014,20.599049,0.0,4.0,4.0,0.0,0.0,4.0,0.0,0.0
25125,2023.0,6.0,24.0,11.0,20.371777,20.607565,19.579575,19.708021,20.65794,20.941988,20.44269,20.72125,20.744343,20.719719,20.832659,20.810366,22.77093,23.493816,20.93514,20.909208,20.634115,20.611383,0.0,0.0,0.0,0.0,0.0,4.0,0.0,0.0
25126,2023.0,6.0,24.0,11.0,20.360607,20.598415,19.563713,19.695496,21.095827,21.839277,20.334982,20.579803,20.75852,20.735088,20.852102,20.831188,22.860918,23.578236,20.943993,20.918879,20.645794,20.624138,0.0,4.0,0.0,0.0,0.0,4.0,0.0,0.0
25127,2023.0,6.0,24.0,11.0,20.351057,20.590923,19.553694,19.68911,20.704657,21.007374,20.30786,20.559368,20.772575,20.750648,20.871195,20.851856,22.282152,22.409964,20.953114,20.92901,20.657375,20.636974,0.0,0.0,0.0,0.0,0.0,0.0,0.0,0.0
25128,2023.0,6.0,24.0,12.0,20.342775,20.584623,19.546839,19.68596,21.139065,21.894178,20.76817,21.428806,20.786678,20.766872,20.890146,20.873268,22.12766,22.180523,20.962614,20.93996,20.668839,20.650314,0.0,4.0,4.0,0.0,0.0,0.0,0.0,0.0
25129,2023.0,6.0,24.0,12.0,21.097744,21.9235,19.540716,19.681932,21.264921,22.025717,21.039606,21.847769,20.798649,20.779657,20.90632,20.890305,22.09822,22.15191,21.00429,21.007868,20.678514,20.66065,0.0,4.0,0.0,0.0,0.0,0.0,0.0,0.0
25130,2023.0,6.0,24.0,12.0,21.029175,21.688927,19.534098,19.676777,21.330158,22.091871,21.033854,21.755293,20.812138,20.794779,20.924164,20.910648,22.07736,22.133028,21.001383,20.991642,20.68925,20.672653,0.0,4.0,0.0,0.0,0.0,0.0,0.0,0.0
25131,2023.0,6.0,24.0,12.0,21.262444,22.082338,19.529675,19.674458,21.382732,22.140179,21.01119,21.678562,20.82302,20.805754,20.937618,20.92409,22.749603,23.416216,20.999079,20.982279,20.69822,20.681908,0.0,4.0,0.0,0.0,0.0,4.0,0.0,0.0
25132,2023.0,6.0,24.0,12.0,21.387629,22.212996,19.52638,19.672882,21.431067,22.18814,21.01669,21.653065,20.834595,20.818472,20.951332,20.939665,22.355505,22.493265,21.001757,20.982239,20.707338,20.692183,0.0,4.0,0.0,0.0,0.0,0.0,0.0,0.0
25133,2023.0,6.0,24.0,12.0,20.985935,21.490604,19.524406,19.672659,21.473265,22.229681,21.12229,21.798147,21.550674,22.155857,20.96455,20.954334,22.849129,23.53105,22.01984,22.899452,20.716436,20.702162,0.0,4.0,4.0,4.0,0.0,4.0,4.0,0.0
25134,2023.0,6.0,24.0,13.0,21.013552,21.55353,19.523703,19.673666,21.513666,22.270721,20.99673,21.566967,21.236015,21.329243,20.978886,20.970074,23.083986,23.806116,21.646431,21.878761,20.726843,20.713371,0.0,4.0,0.0,0.0,0.0,4.0,0.0,0.0
25135,2023.0,6.0,24.0,13.0,21.005512,21.537811,19.525213,19.678082,20.99676,21.374166,21.01375,21.596367,21.12877,21.243914,20.995554,20.988644,22.514,22.66219,22.31756,23.26869,20.739277,20.727146,0.0,0.0,0.0,0.0,0.0,0.0,4.0,0.0
25136,2023.0,6.0,24.0,13.0,21.005962,21.536345,19.52827,19.684336,21.390461,22.150963,21.010828,21.583986,21.167625,21.295387,21.014717,21.009312,22.299017,22.374487,21.81962,22.060835,20.753555,20.742422,0.0,4.0,0.0,0.0,0.0,0.0,0.0,0.0
25137,2023.0,6.0,24.0,13.0,21.01938,21.550945,19.533026,19.693043,21.56166,22.337524,21.030901,21.60716,21.050253,21.039394,21.038456,21.036139,22.265194,22.339352,21.498875,21.597792,20.770859,20.761435,0.0,4.0,0.0,0.0,0.0,0.0,0.0,0.0
25138,2023.0,6.0,24.0,13.0,21.3878,22.218962,19.9523,20.47654,21.609165,22.386415,21.011047,21.556065,21.032785,21.022303,21.061045,21.057676,22.256512,22.336664,21.467144,21.571432,20.788313,20.778446,4.0,4.0,0.0,0.0,0.0,0.0,0.0,0.0
25139,2023.0,6.0,24.0,13.0,21.045134,21.463032,20.00297,20.453424,21.135355,21.46608,21.202784,21.886202,21.039818,21.02794,21.086603,21.083094,22.15814,22.146404,21.467192,21.57382,20.80718,20.797312,0.0,0.0,4.0,0.0,0.0,0.0,0.0,0.0
25140,2023.0,6.0,24.0,14.0,21.013935,21.50894,20.173952,20.721745,21.003368,21.366318,20.971407,21.453505,21.05337,21.042284,21.114227,21.112122,22.115917,22.092607,21.352629,21.339565,20.82753,20.818705,4.0,0.0,0.0,0.0,0.0,0.0,0.0,0.0
25141,2023.0,6.0,24.0,14.0,20.926548,21.348557,20.410143,21.105684,21.431395,22.19004,20.783636,21.115198,21.067232,21.055948,21.138771,21.135397,22.838129,23.472279,22.3156,23.183464,20.84547,20.83611,4.0,4.0,0.0,0.0,0.0,4.0,4.0,0.0
25142,2023.0,6.0,24.0,14.0,20.770824,21.062943,20.188612,20.62203,21.08319,21.449806,20.70878,21.023394,21.08198,21.071997,21.162542,21.1605,22.478567,22.664223,21.869057,22.139893,20.862417,20.854315,0.0,0.0,0.0,0.0,0.0,0.0,0.0,0.0
25143,2023.0,6.0,24.0,14.0,21.331518,22.154303,20.458199,21.145353,20.94359,21.258224,20.53247,20.706703,21.096518,21.088049,21.185236,21.184427,23.036083,23.753717,21.66893,21.80057,21.754473,22.52461,4.0,0.0,0.0,0.0,0.0,4.0,0.0,4.0
25144,2023.0,6.0,24.0,14.0,21.055931,21.527018,20.261232,20.700665,20.907766,21.227037,21.081274,21.792446,21.111301,21.104954,21.207357,21.208742,22.58382,22.77579,21.639362,21.763647,21.363888,21.59616,0.0,0.0,4.0,0.0,0.0,0.0,0.0,0.0
25145,2023.0,6.0,24.0,14.0,21.55182,22.500826,20.547209,21.258348,21.31054,21.987782,21.342073,22.174538,21.12643,21.122234,21.228863,21.232616,22.440971,22.556559,21.63663,21.76595,21.247107,21.408005,4.0,4.0,4.0,0.0,0.0,0.0,0.0,0.0
25146,2023.0,6.0,24.0,15.0,21.165955,21.658413,20.675062,21.41531,21.042974,21.41898,20.92294,21.320135,21.141466,21.139088,21.249523,21.255136,23.116743,23.851496,21.514544,21.522099,21.253902,21.417065,4.0,0.0,0.0,0.0,0.0,4.0,0.0,0.0
25147,2023.0,6.0,24.0,15.0,21.616688,22.559269,20.40173,20.85374,20.94001,21.274904,21.326263,22.136591,21.156355,21.155045,21.269619,21.276363,22.65888,22.863407,21.472952,21.464363,21.121069,21.140127,0.0,0.0,4.0,0.0,0.0,0.0,0.0,0.0
25148,2023.0,6.0,24.0,15.0,21.216585,21.696568,20.31769,20.730574,21.463436,22.276371,20.9525,21.341454,21.171217,21.170862,21.289185,21.296883,22.51425,22.640215,21.461973,21.45373,21.083666,21.08354,0.0,4.0,0.0,0.0,0.0,0.0,0.0,0.0
25149,2023.0,6.0,24.0,15.0,21.684727,22.637484,20.48629,21.02987,21.618011,22.452024,20.826561,21.173635,21.186178,21.186626,21.30811,21.316702,22.495434,22.62307,21.456717,21.44963,21.080524,21.080275,4.0,4.0,0.0,0.0,0.0,0.0,0.0,0.0
25150,2023.0,6.0,24.0,15.0,21.29826,21.805592,20.555195,21.113493,21.689808,22.520763,20.793585,21.143532,21.200861,21.20179,21.326141,21.335255,23.080437,23.73042,22.444317,23.316118,21.082487,21.082949,4.0,4.0,0.0,0.0,0.0,4.0,4.0,0.0
25151,2023.0,6.0,24.0,15.0,21.717768,22.651413,20.764215,21.492792,21.752258,22.583248,21.166073,21.83937,21.90936,22.52222,21.344498,21.354753,22.711288,22.929838,22.030336,22.334513,21.960224,22.735733,4.0,4.0,4.0,4.0,0.0,0.0,0.0,4.0
25152,2023.0,6.0,24.0,16.0,21.336525,21.831482,20.868326,21.620895,21.806627,22.638268,20.921562,21.316513,21.523804,21.631294,21.36283,21.37441,22.573309,22.71085,21.83219,21.99179,21.575987,21.828945,4.0,4.0,0.0,0.0,0.0,0.0,0.0,0.0
25153,2023.0,6.0,24.0,16.0,21.76546,22.69696,20.92095,21.669014,21.850492,22.677584,21.35491,22.16598,21.51765,21.672453,21.378614,21.388977,22.553457,22.688084,22.728418,23.692722,21.452326,21.63016,4.0,4.0,4.0,0.0,0.0,0.0,4.0,0.0
25154,2023.0,6.0,24.0,16.0,21.917336,22.875086,20.636286,21.09825,21.890219,22.713318,21.520372,22.367207,21.571026,21.75488,21.393597,21.402567,23.226393,23.970463,22.963425,23.93378,22.26271,23.155418,0.0,4.0,4.0,0.0,0.0,4.0,4.0,4.0
25155,2023.0,6.0,24.0,16.0,21.449423,21.940577,20.874763,21.580898,21.92709,22.74621,21.587036,22.427874,21.592567,21.776337,21.40796,21.415552,23.4039,24.180792,22.30616,22.59186,21.811192,22.128586,4.0,4.0,4.0,0.0,0.0,4.0,0.0,0.0
25156,2023.0,6.0,24.0,16.0,21.863539,22.7879,20.986969,21.724771,21.469856,21.860401,21.6437,22.47962,21.456856,21.483845,21.421677,21.428078,22.849432,23.060358,22.983173,23.933056,21.61145,21.786999,4.0,0.0,4.0,0.0,0.0,0.0,4.0,0.0
25157,2023.0,6.0,24.0,16.0,21.471924,21.959007,21.032183,21.765923,21.302675,21.634953,21.691818,22.523216,21.412045,21.410534,21.434937,21.44023,22.688992,22.814548,22.405676,22.690062,21.57663,21.738438,4.0,0.0,4.0,0.0,0.0,0.0,0.0,0.0
25158,2023.0,6.0,24.0,17.0,21.323517,21.752348,20.732767,21.171242,21.802044,22.617514,21.73536,22.562956,21.40765,21.404243,21.817932,22.147346,22.654093,22.775892,22.1539,22.287977,21.567581,21.72693,0.0,4.0,4.0,0.0,4.0,0.0,0.0,0.0
25159,2023.0,6.0,24.0,17.0,21.866219,22.802776,20.637608,21.041351,21.920841,22.738329,21.26477,21.646353,21.408674,21.405823,21.624756,21.694826,22.634396,22.7589,22.096369,22.224226,21.420961,21.433743,0.0,4.0,0.0,0.0,0.0,0.0,0.0,0.0
25160,2023.0,6.0,24.0,17.0,21.48144,21.971083,20.951448,21.643864,21.48472,21.877321,21.639765,22.429829,22.056139,22.623932,21.89194,22.208364,22.50392,22.514,22.069578,22.200405,22.230824,22.98679,4.0,0.0,4.0,4.0,4.0,0.0,0.0,4.0
25161,2023.0,6.0,24.0,17.0,21.9008,22.815466,20.753044,21.20752,21.862282,22.657883,21.778038,22.606457,21.84115,22.09198,22.051813,22.432306,22.44788,22.438433,22.968552,23.910484,21.842707,22.094275,0.0,4.0,4.0,0.0,4.0,0.0,4.0,0.0
25162,2023.0,6.0,24.0,17.0,21.526459,22.011164,21.00072,21.699001,21.99203,22.80982,21.829514,22.65598,21.750084,21.93549,21.940535,22.191504,22.423843,22.414991,22.435097,22.719622,21.693514,21.860085,4.0,4.0,4.0,0.0,0.0,0.0,0.0,0.0
25163,2023.0,6.0,24.0,17.0,21.388357,21.818686,21.122953,21.857288,22.0404,22.855137,21.36622,21.749323,21.75529,21.940432,21.913553,22.137104,22.404716,22.397213,22.20531,22.348158,21.678972,21.844727,4.0,4.0,0.0,0.0,0.0,0.0,0.0,0.0
25164,2023.0,6.0,24.0,18.0,21.354658,21.785635,20.846445,21.2995,22.08518,22.89803,21.222095,21.564833,21.6101,21.642002,21.926292,22.150585,23.126535,23.781855,22.159151,22.2973,21.675186,21.843279,0.0,4.0,0.0,0.0,0.0,4.0,0.0,0.0
25165,2023.0,6.0,24.0,18.0,21.77654,22.57757,21.079947,21.769836,21.636293,22.02593,21.166052,21.503813,21.55617,21.559612,21.770542,21.825663,23.401316,24.183025,23.043093,23.983315,21.529387,21.55324,4.0,0.0,0.0,0.0,0.0,4.0,4.0,0.0
25166,2023.0,6.0,24.0,18.0,22.023684,22.955557,21.191233,21.91312,21.46446,21.790545,21.125252,21.458694,22.189268,22.763643,21.6984,21.710148,23.48491,24.258871,22.49995,22.775278,21.472523,21.472464,4.0,0.0,0.0,4.0,0.0,4.0,0.0,0.0
25167,2023.0,6.0,24.0,18.0,22.113016,23.042227,21.232342,21.947922,21.957096,22.758923,21.508121,22.179234,21.932756,22.160433,21.681965,21.68984,23.547728,24.31346,22.26496,22.398882,21.451982,21.45069,4.0,4.0,4.0,0.0,0.0,4.0,0.0,0.0
25168,2023.0,6.0,24.0,18.0,22.171587,23.09154,20.943296,21.375961,22.07014,22.868801,21.240019,21.612684,21.844246,22.01846,21.67225,21.679567,23.032883,23.291258,22.21008,22.335634,22.292042,23.050194,0.0,4.0,0.0,0.0,0.0,0.0,0.0,4.0
25169,2023.0,6.0,24.0,18.0,22.22165,23.134604,20.826931,21.205889,22.116013,22.90564,21.125828,21.446836,21.834318,22.002228,21.664284,21.671278,23.501276,24.234966,22.177816,22.30099,21.92746,22.199112,0.0,4.0,0.0,0.0,0.0,4.0,0.0,0.0
25170,2023.0,6.0,24.0,19.0,22.264965,23.171015,20.791445,21.163595,22.15672,22.940147,21.090939,21.406351,22.385809,23.02765,21.65652,21.663937,23.6173,24.365076,22.037481,22.041553,21.758001,21.916325,0.0,4.0,0.0,4.0,0.0,4.0,0.0,0.0
25171,2023.0,6.0,24.0,19.0,22.310215,23.215742,20.956142,21.462543,22.187544,22.961946,21.473734,22.121008,22.089426,22.364199,21.648315,21.656704,23.655678,24.392218,22.881386,23.674107,21.722383,21.870382,4.0,4.0,4.0,0.0,0.0,4.0,4.0,0.0
25172,2023.0,6.0,24.0,19.0,21.830296,22.279234,20.674,20.897484,22.214766,22.980753,21.720737,22.507479,21.931139,22.092981,21.639296,21.648705,23.690338,24.41741,22.434525,22.66802,22.511415,23.369307,0.0,4.0,4.0,0.0,0.0,4.0,0.0,4.0
25173,2023.0,6.0,24.0,19.0,22.229273,23.114304,20.527912,20.679985,22.239109,22.996738,21.80689,22.591429,21.892607,22.039795,21.984165,22.30455,23.150637,23.367962,23.14535,24.06611,22.028856,22.2912,0.0,4.0,4.0,0.0,4.0,0.0,4.0,0.0
25174,2023.0,6.0,24.0,19.0,22.338781,23.228796,20.888432,21.392075,21.76857,22.091412,21.356678,21.695147,22.436264,23.064846,21.789358,21.87342,23.604967,24.305603,23.306282,24.196602,21.822823,21.961683,4.0,0.0,0.0,4.0,0.0,4.0,4.0,0.0
25175,2023.0,6.0,24.0,19.0,21.855066,22.281069,21.125988,21.7774,22.154518,22.906641,21.73133,22.46638,22.11517,22.357292,21.67655,21.695559,23.130482,23.337862,22.625042,22.838238,22.578852,23.418137,4.0,4.0,4.0,0.0,0.0,0.0,0.0,4.0
25176,2023.0,6.0,24.0,20.0,21.689178,22.055973,21.200462,21.854424,21.751646,22.06771,21.359835,21.684559,21.95127,22.090027,21.649698,21.664923,23.586952,24.279535,22.383677,22.479378,22.069422,22.300657,4.0,0.0,0.0,0.0,0.0,4.0,0.0,0.0
25177,2023.0,6.0,24.0,20.0,22.212154,23.083239,21.238403,21.879194,21.566736,21.806877,21.74877,22.48063,21.902416,22.025421,21.629572,21.644108,23.672714,24.362453,22.29998,22.382317,21.861052,21.978632,4.0,0.0,4.0,0.0,0.0,4.0,0.0,0.0
25178,2023.0,6.0,24.0,20.0,22.318384,23.174917,21.265709,21.892735,22.072748,22.80535,21.864908,22.604626,21.77401,21.794037,21.611708,21.626095,23.113956,23.280567,22.244003,22.321373,21.800095,21.905603,4.0,4.0,4.0,0.0,0.0,0.0,0.0,0.0
25179,2023.0,6.0,24.0,20.0,21.837112,22.224237,20.959204,21.292625,21.684431,21.976822,21.906582,22.632536,21.714895,21.720518,21.593596,21.608278,22.90129,22.964403,22.197212,22.270021,22.565737,23.378412,0.0,0.0,4.0,0.0,0.0,0.0,0.0,4.0
25180,2023.0,6.0,24.0,20.0,21.669973,21.994064,21.173723,21.741259,22.069237,22.77368,21.940672,22.653961,21.6826,21.688416,21.57499,21.590034,22.812637,22.86219,22.092798,22.09813,22.051508,22.250872,4.0,4.0,4.0,0.0,0.0,0.0,0.0,0.0
25181,2023.0,6.0,24.0,20.0,22.1842,23.003397,21.262098,21.851545,21.671476,21.934885,21.464636,21.730345,21.654152,21.660551,21.555834,21.571178,23.437262,24.098202,22.037586,22.03417,21.836048,21.923067,4.0,0.0,0.0,0.0,0.0,4.0,0.0,0.0
25182,2023.0,6.0,24.0,21.0,21.781458,22.146105,20.958227,21.256851,21.490808,21.676897,21.286655,21.486515,21.62882,21.636173,21.888933,22.211773,23.531744,24.179485,22.899025,23.697515,21.771048,21.846483,0.0,0.0,0.0,0.0,4.0,4.0,4.0,0.0
25183,2023.0,6.0,24.0,21.0,22.187998,22.9802,21.20174,21.764988,21.99491,22.667393,21.790794,22.483068,21.605791,21.613924,22.021742,22.395636,23.55464,24.187529,22.367281,22.515284,21.724592,21.794819,4.0,4.0,4.0,0.0,4.0,4.0,0.0,0.0
25184,2023.0,6.0,24.0,21.0,22.306208,23.102798,21.274515,21.834375,21.619028,21.860613,21.900248,22.58007,21.58488,21.593742,21.799,21.952162,23.576923,24.198994,22.160854,22.209135,22.489723,23.263012,4.0,0.0,4.0,0.0,0.0,4.0,0.0,4.0
25185,2023.0,6.0,24.0,21.0,22.345663,23.129023,21.286839,21.830118,21.437693,21.59326,21.431568,21.663855,21.566086,21.575357,21.69806,21.793144,23.017458,23.121254,22.09814,22.136292,21.974293,22.127657,4.0,0.0,0.0,0.0,0.0,0.0,0.0,0.0
25186,2023.0,6.0,24.0,21.0,21.855139,22.17201,21.302532,21.83423,21.949106,22.593971,21.82812,22.488695,21.549286,21.558666,21.65824,21.739998,22.80348,22.81223,22.052921,22.086027,22.569777,23.329813,4.0,4.0,4.0,0.0,0.0,0.0,0.0,4.0
25187,2023.0,6.0,24.0,21.0,22.300869,23.104687,21.313885,21.834196,21.558685,21.756004,21.411726,21.616022,21.533737,21.5427,21.579325,21.603567,22.714495,22.71123,21.989082,21.99058,22.69968,23.424412,4.0,0.0,0.0,0.0,0.0,0.0,0.0,4.0
25188,2023.0,6.0,24.0,22.0,21.83619,22.13378,20.989029,21.212212,21.392313,21.517332,21.236712,21.37215,21.519524,21.52811,21.537855,21.550478,22.648447,22.640974,21.95267,21.951086,22.066559,22.172253,0.0,0.0,0.0,0.0,0.0,0.0,0.0,0.0
25189,2023.0,6.0,24.0,22.0,21.658346,21.892412,20.849827,21.01532,21.33093,21.444853,21.75933,22.399977,22.11582,22.664694,21.840721,22.13886,23.291227,23.903816,21.925982,21.92449,22.561428,23.201103,0.0,0.0,4.0,4.0,4.0,4.0,0.0,4.0
25190,2023.0,6.0,24.0,22.0,22.211731,22.982658,20.7914,20.945745,21.250511,21.322481,21.364132,21.553865,21.747303,21.831696,21.944977,22.271004,23.38055,23.962954,21.90278,21.901514,22.701193,23.36061,0.0,0.0,0.0,0.0,4.0,4.0,0.0,4.0
25191,2023.0,6.0,24.0,22.0,21.777029,22.052956,20.695246,20.788918,21.202255,21.265059,21.188232,21.298819,21.601065,21.608782,21.68335,21.7507,22.821066,22.868835,21.882061,21.880882,22.101866,22.180958,0.0,0.0,0.0,0.0,0.0,0.0,0.0,0.0
25192,2023.0,6.0,24.0,22.0,21.600636,21.8033,20.634142,20.707941,21.166792,21.22457,21.122215,21.217525,21.562433,21.564245,21.564787,21.568579,22.62964,22.590141,21.862125,21.859749,21.893316,21.884743,0.0,0.0,0.0,0.0,0.0,0.0,0.0,0.0
25193,2023.0,6.0,24.0,22.0,21.547352,21.749147,20.604065,20.678743,21.141268,21.199625,21.05464,21.121576,22.147274,22.688831,21.53233,21.53782,23.243004,23.811075,21.845963,21.844442,21.81941,21.812399,0.0,0.0,0.0,4.0,0.0,4.0,0.0,0.0
25194,2023.0,6.0,24.0,23.0,21.499826,21.694231,20.57527,20.647293,21.11636,21.172716,21.009094,21.068478,21.762493,21.8301,21.503466,21.507496,22.749027,22.78157,21.829945,21.827974,21.75957,21.749144,0.0,0.0,0.0,0.0,0.0,0.0,0.0,0.0
25195,2023.0,6.0,24.0,23.0,21.462624,21.651352,20.548307,20.616005,21.092419,21.145323,20.974766,21.030287,22.194931,22.70415,21.477173,21.478565,22.562193,22.506855,21.813805,21.810102,21.713177,21.702354,0.0,0.0,0.0,4.0,0.0,0.0,0.0,0.0
25196,2023.0,6.0,24.0,23.0,21.432278,21.617207,20.523659,20.587128,21.07013,21.119692,20.944822,20.997004,21.777166,21.8093,21.452618,21.45151,22.4885,22.423048,21.798168,21.792654,21.673319,21.661676,0.0,0.0,0.0,0.0,0.0,0.0,0.0,0.0
25197,2023.0,6.0,24.0,23.0,21.405922,21.587471,20.501356,20.561085,21.049564,21.096205,20.918262,20.967659,21.630394,21.601665,21.429468,21.426235,23.183838,23.79564,21.781654,21.772387,21.638197,21.626043,0.0,0.0,0.0,0.0,0.0,4.0,0.0,0.0
25198,2023.0,6.0,24.0,23.0,21.381552,21.559242,20.480183,20.535784,21.029776,21.07302,20.89339,20.939543,22.138857,22.598022,21.406416,21.400602,22.652214,22.66172,21.765404,21.7527,21.605629,21.592297,0.0,0.0,0.0,4.0,0.0,0.0,0.0,0.0
25199,2023.0,6.0,24.0,23.0,21.358723,21.532057,20.459984,20.511127,21.01058,21.04997,20.869774,20.91222,21.736784,21.734386,21.381662,21.370352,22.443346,22.349834,21.749022,21.732624,21.57495,21.559895,0.0,0.0,0.0,0.0,0.0,0.0,0.0,0.0
25200,2023.0,6.0,25.0,0.0,21.33679,21.505081,20.439491,20.484814,20.990915,21.025259,20.846163,20.883537,21.580908,21.512959,21.355762,21.33801,22.365747,22.259228,21.731962,21.711205,21.545113,21.527311,0.0,0.0,0.0,0.0,0.0,0.0,0.0,0.0
25201,2023.0,6.0,25.0,0.0,21.31757,21.482447,20.422071,20.46381,20.973648,21.004835,20.825771,20.86018,21.572021,21.546349,21.332232,21.31037,22.379726,22.341745,21.716026,21.692125,21.516966,21.49573,0.0,0.0,0.0,0.0,0.0,0.0,0.0,0.0
25202,2023.0,6.0,25.0,0.0,21.315832,21.493885,20.406744,20.44616,20.957987,20.987055,20.807602,20.840185,21.544014,21.521044,21.6233,21.871666,22.351032,22.318956,21.700771,21.67432,21.491138,21.467628,0.0,0.0,0.0,0.0,4.0,0.0,0.0,0.0
25203,2023.0,6.0,25.0,0.0,21.302412,21.477636,20.390162,20.425337,20.941046,20.966429,20.788355,20.81731,21.511286,21.483192,21.39563,21.386099,22.311214,22.272432,21.684526,21.654602,21.465105,21.438042,0.0,0.0,0.0,0.0,0.0,0.0,0.0,0.0
25204,2023.0,6.0,25.0,0.0,21.287888,21.46018,20.375532,20.407772,20.925665,20.94858,20.771181,20.797827,21.482681,21.452187,21.32685,21.297205,22.276772,22.235693,21.669214,21.636757,22.133066,22.715633,0.0,0.0,0.0,0.0,0.0,0.0,0.0,4.0
25205,2023.0,6.0,25.0,0.0,21.271534,21.439123,20.358513,20.385138,20.908072,20.92608,20.75201,20.773642,21.452923,21.41707,21.289974,21.251549,22.240353,22.193308,21.652164,21.615515,22.385101,23.044144,0.0,0.0,0.0,0.0,0.0,0.0,0.0,4.0
25206,2023.0,6.0,25.0,1.0,21.257338,21.422205,20.345253,20.369759,20.893785,20.909937,20.73689,20.756668,21.428326,21.390837,21.55808,21.772987,22.21023,22.16194,21.637138,21.598381,21.712324,21.674911,0.0,0.0,0.0,0.0,4.0,0.0,0.0,0.0
25207,2023.0,6.0,25.0,1.0,21.242104,21.403368,20.330599,20.351393,20.878113,20.89104,20.720623,20.737017,21.402967,21.362165,21.368979,21.368748,22.179003,22.127266,21.621016,21.579306,22.213337,22.72731,0.0,0.0,0.0,0.0,0.0,0.0,0.0,4.0
25208,2023.0,6.0,25.0,1.0,21.22721,21.385061,20.316412,20.333632,20.862703,20.872541,20.704851,20.718012,21.37881,21.334932,21.272785,21.225586,22.149242,22.094324,21.604946,21.560421,21.680712,21.610695,0.0,0.0,0.0,0.0,0.0,0.0,0.0,0.0
25209,2023.0,6.0,25.0,1.0,21.211395,21.364904,20.300669,20.312716,20.845808,20.85108,20.687698,20.696152,21.35392,21.305517,21.232468,21.17874,22.118582,22.058598,21.587732,21.539408,21.48454,21.345795,0.0,0.0,0.0,0.0,0.0,0.0,0.0,0.0
25210,2023.0,6.0,25.0,1.0,21.197458,21.348423,20.288034,20.298069,20.831722,20.835266,20.67338,20.680098,21.332619,21.28267,21.203495,21.148682,22.09263,22.031393,21.572338,21.522188,22.12801,22.622524,0.0,0.0,0.0,0.0,0.0,0.0,0.0,4.0
25211,2023.0,6.0,25.0,1.0,21.182304,21.32979,20.273613,20.280058,20.815973,20.816341,20.657415,20.66094,21.310183,21.25725,21.474403,21.675772,22.06541,22.001068,21.556211,21.503368,21.605213,21.510784,0.0,0.0,0.0,0.0,4.0,0.0,0.0,0.0
25212,2023.0,6.0,25.0,2.0,21.167046,21.311047,20.259144,20.261898,20.800049,20.797178,20.64144,20.641672,21.28805,21.232138,21.279333,21.26043,22.03908,21.971619,21.539537,21.484129,22.134632,22.613407,0.0,0.0,0.0,0.0,0.0,0.0,0.0,4.0
25213,2023.0,6.0,25.0,2.0,21.152447,21.2938,20.245634,20.245676,20.784868,20.779684,20.62635,20.624187,21.266909,21.208824,21.182768,21.119438,22.01388,21.944235,21.523193,21.465904,21.60168,21.492603,0.0,0.0,0.0,0.0,0.0,0.0,0.0,0.0
25214,2023.0,6.0,25.0,2.0,21.137808,21.276447,20.232227,20.22963,20.769674,20.762154,20.611326,20.60676,21.819382,22.263628,21.145836,21.078356,21.989162,21.917196,21.506695,21.447454,21.412697,21.247221,0.0,0.0,0.0,4.0,0.0,0.0,0.0,0.0
25215,2023.0,6.0,25.0,2.0,21.123428,21.25954,20.21888,20.213785,20.75448,20.74477,20.59621,20.589457,21.439085,21.426323,21.400873,21.581018,21.965181,21.891129,21.490173,21.42913,21.33705,21.16894,0.0,0.0,0.0,0.0,4.0,0.0,0.0,0.0
25216,2023.0,6.0,25.0,2.0,21.10853,21.241545,20.204845,20.196575,20.738453,20.725908,20.580162,20.570633,21.311687,21.246601,21.184082,21.126945,21.94092,21.864058,21.473032,21.409754,21.390438,21.336044,0.0,0.0,0.0,0.0,0.0,0.0,0.0,0.0
25217,2023.0,6.0,25.0,2.0,21.093924,21.22434,20.190624,20.17907,20.7222,20.706804,20.563833,20.551537,21.27168,21.203642,21.112139,21.0355,21.917265,21.83782,21.45587,21.390545,21.36179,21.296026,0.0,0.0,0.0,0.0,0.0,0.0,0.0,0.0
25218,2023.0,6.0,25.0,3.0,21.079176,21.207079,20.17685,20.162672,20.70634,20.688656,20.547886,20.533384,21.23932,21.16929,21.076614,20.99771,21.894505,21.813004,21.438782,21.371674,21.33121,21.265139,0.0,0.0,0.0,0.0,0.0,0.0,0.0,0.0
25219,2023.0,6.0,25.0,3.0,21.06381,21.188969,20.162601,20.145689,20.69005,20.66992,20.531502,20.514658,21.210688,21.138453,21.044317,20.963087,21.871792,21.788044,21.421282,21.352247,21.300804,21.232815,0.0,0.0,0.0,0.0,0.0,0.0,0.0,0.0
25220,2023.0,6.0,25.0,3.0,21.048038,21.170431,20.147984,20.12832,20.67343,20.650822,20.514784,20.49557,21.183708,21.109272,21.01438,20.930786,21.849243,21.763243,21.403467,21.332502,21.271118,21.201218,0.0,0.0,0.0,0.0,0.0,0.0,0.0,0.0
25221,2023.0,6.0,25.0,3.0,21.03189,21.151503,20.133015,20.110579,20.656488,20.63137,20.497744,20.476126,21.15792,21.081282,20.985615,20.89966,21.826834,21.738571,21.38534,21.312443,21.242416,21.170605,0.0,0.0,0.0,0.0,0.0,0.0,0.0,0.0
25222,2023.0,6.0,25.0,3.0,21.01538,21.132193,20.1177,20.092468,20.639223,20.611565,20.480377,20.456331,21.132872,21.054031,20.95774,20.869421,21.804527,21.713993,21.36689,21.292055,21.214518,21.140793,0.0,0.0,0.0,0.0,0.0,0.0,0.0,0.0
25223,2023.0,6.0,25.0,3.0,20.999208,21.113945,20.103474,20.076912,20.622952,20.594122,20.464008,20.438902,21.673582,22.090797,20.932077,20.843088,21.783857,21.69235,21.348825,21.272831,21.188375,21.113901,0.0,0.0,0.0,4.0,0.0,0.0,0.0,0.0
25224,2023.0,6.0,25.0,4.0,20.9821,21.094025,20.08753,20.058134,20.605036,20.57364,20.446001,20.418436,21.293848,21.258532,20.905226,20.813839,21.761847,21.668203,21.329695,21.251772,21.161661,21.085245,0.0,0.0,0.0,0.0,0.0,0.0,0.0,0.0
25225,2023.0,6.0,25.0,4.0,20.965471,21.075129,20.071981,20.040403,20.587383,20.553982,20.42825,20.398773,21.027689,20.80532,20.87904,20.78558,21.74027,21.644922,21.310703,21.231325,21.135708,21.057655,0.0,0.0,0.0,0.0,0.0,0.0,0.0,0.0
25226,2023.0,6.0,25.0,4.0,20.950191,21.059,20.058075,20.025959,20.571333,20.537537,20.412123,20.382338,20.945545,20.721016,20.855547,20.762033,21.720446,21.62484,21.292812,21.213125,21.812532,22.353865,0.0,0.0,0.0,0.0,0.0,0.0,0.0,4.0
25227,2023.0,6.0,25.0,4.0,20.93379,21.041029,20.043262,20.009863,20.554363,20.519373,20.395222,20.364264,21.577707,21.97271,20.831459,20.736864,21.700047,21.603432,21.274166,21.193575,21.346693,21.329361,0.0,0.0,0.0,4.0,0.0,0.0,0.0,0.0
25228,2023.0,6.0,25.0,4.0,20.917002,21.02248,20.028137,19.993286,20.53707,20.500704,20.378168,20.3458,21.232838,21.192085,20.807606,20.711725,21.679703,21.581915,21.255264,21.173634,21.066116,20.860094,0.0,0.0,0.0,0.0,0.0,0.0,0.0,0.0
25229,2023.0,6.0,25.0,4.0,20.900747,21.005003,20.013372,19.977552,20.52015,20.482937,20.361465,20.328247,20.979454,20.7639,20.785143,20.68867,21.660362,21.56196,22.100296,22.781075,20.974005,20.759407,0.0,0.0,0.0,0.0,0.0,0.0,4.0,0.0
25230,2023.0,6.0,25.0,5.0,20.883919,20.986612,19.998083,19.960938,20.502802,20.464296,20.344055,20.309685,20.881744,20.649115,20.763203,20.665667,21.641346,21.541971,21.40631,21.265614,21.035372,20.939516,0.0,0.0,0.0,0.0,0.0,0.0,0.0,0.0
25231,2023.0,6.0,25.0,5.0,20.87881,20.992092,19.987196,19.953356,20.489708,20.454115,20.33054,20.299294,20.959194,20.85894,20.74653,20.651924,22.289324,22.783895,21.188377,20.975834,21.041094,20.958265,0.0,0.0,0.0,0.0,0.0,4.0,0.0,0.0
25232,2023.0,6.0,25.0,5.0,20.878378,21.002861,19.978527,19.949228,20.478516,20.44686,20.318867,20.291737,20.974304,20.890987,21.015842,21.16974,21.700735,21.526297,21.977713,22.51464,21.025904,20.949526,0.0,0.0,0.0,0.0,4.0,0.0,4.0,0.0
25233,2023.0,6.0,25.0,5.0,20.869093,20.99663,19.970491,19.945684,20.467802,20.440014,20.30763,20.28454,20.96444,20.885725,21.15312,21.365667,21.530396,21.296516,21.397854,21.258858,21.01138,20.938368,0.0,0.0,0.0,0.0,4.0,0.0,0.0,0.0
25234,2023.0,6.0,25.0,5.0,20.859188,20.98951,19.963058,19.942581,20.457352,20.433365,20.296774,20.27758,20.954597,20.87939,21.214113,21.436401,22.128004,22.466326,21.220695,21.031466,21.702532,22.255388,0.0,0.0,0.0,0.0,4.0,4.0,0.0,4.0
25235,2023.0,6.0,25.0,5.0,20.849249,20.982412,19.956192,19.939964,20.447098,20.42701,20.286469,20.271118,21.498405,21.911156,20.831451,20.669575,22.316158,22.707201,21.173418,20.992838,21.138266,21.024727,0.0,0.0,0.0,4.0,0.0,4.0,0.0,0.0
25236,2023.0,6.0,25.0,6.0,20.839483,20.975328,20.375061,20.735056,21.085697,21.641111,20.276424,20.264738,21.737064,22.230463,20.995407,21.055262,22.399586,22.796947,21.140957,20.969185,21.644978,22.07167,4.0,4.0,0.0,4.0,4.0,4.0,0.0,4.0
25237,2023.0,6.0,25.0,6.0,21.472569,22.175386,20.153149,20.228405,21.266737,21.834435,21.189056,21.85089,21.163286,21.052921,20.800499,20.64423,21.847538,21.701826,21.213406,21.144394,21.862305,22.354101,0.0,4.0,4.0,0.0,0.0,0.0,0.0,4.0
25238,2023.0,6.0,25.0,6.0,21.143574,21.351646,19.999346,20.015015,20.981676,21.281593,20.986216,21.425123,21.482195,21.805307,21.083092,21.267897,21.657845,21.48223,21.242949,21.188791,21.295996,21.198391,0.0,0.0,0.0,4.0,4.0,0.0,0.0,0.0
25239,2023.0,6.0,25.0,6.0,21.446356,22.029434,19.97274,19.985641,21.191544,21.638697,21.01935,21.442526,21.179834,21.083138,20.99091,20.975294,21.627077,21.46526,21.246975,21.19932,21.799044,22.308495,0.0,4.0,0.0,0.0,0.0,0.0,0.0,4.0
25240,2023.0,6.0,25.0,6.0,21.626648,22.231655,20.39314,20.7867,21.303318,21.771673,21.014002,21.400583,21.031425,20.919575,20.909334,20.869207,22.302183,22.76696,21.250616,21.209032,21.379515,21.311836,4.0,4.0,0.0,0.0,0.0,4.0,0.0,0.0
25241,2023.0,6.0,25.0,6.0,21.703854,22.32275,20.579256,21.000034,21.369783,21.8547,21.010391,21.379625,21.01097,20.9084,21.22927,21.47588,22.549244,23.030602,21.257202,21.221727,21.168816,21.065128,4.0,4.0,0.0,0.0,4.0,4.0,0.0,0.0
25242,2023.0,6.0,25.0,7.0,21.770653,22.405994,20.239061,20.314564,21.424946,21.922789,21.273924,21.846935,21.061716,21.021791,21.096575,21.114233,22.650099,23.139978,21.265839,21.23584,21.85294,22.398487,0.0,4.0,4.0,0.0,0.0,4.0,0.0,4.0
25243,2023.0,6.0,25.0,7.0,21.831038,22.487898,20.499788,20.860281,21.471975,21.985537,20.978094,21.291224,21.087898,21.061092,21.029192,21.004208,22.12883,22.097326,22.206886,23.001944,21.411108,21.411911,4.0,4.0,0.0,0.0,0.0,0.0,4.0,0.0
25244,2023.0,6.0,25.0,7.0,21.88633,22.55673,20.302729,20.403357,21.523335,22.052425,21.237144,21.767454,21.774221,22.346937,21.39693,21.69674,22.646172,23.195057,22.50591,23.229013,21.202713,21.145735,0.0,4.0,4.0,4.0,4.0,4.0,4.0,0.0
25245,2023.0,6.0,25.0,7.0,21.931133,22.614895,20.196466,20.26232,21.567041,22.111677,20.978197,21.287794,21.939709,22.47249,21.193245,21.21794,22.177404,22.183773,21.821222,21.847784,21.191746,21.142775,0.0,4.0,0.0,4.0,0.0,0.0,0.0,0.0
25246,2023.0,6.0,25.0,7.0,21.980333,22.677458,20.57095,21.000702,21.614725,22.174728,21.015224,21.36359,21.473276,21.508173,21.07684,21.050749,22.692106,23.268883,21.554974,21.511856,21.210592,21.185257,4.0,4.0,0.0,0.0,0.0,4.0,0.0,0.0
25247,2023.0,6.0,25.0,7.0,21.488111,21.730064,20.389593,20.554953,21.15305,21.290043,21.009655,21.35441,21.299915,21.279516,21.087343,21.065203,22.298878,22.338373,22.3968,23.137999,22.092237,22.844753,0.0,0.0,0.0,0.0,0.0,0.0,4.0,4.0
25248,2023.0,6.0,25.0,8.0,21.257626,21.45861,20.255812,20.391804,21.510958,22.112078,21.009914,21.35673,21.290398,21.276575,21.110678,21.09108,22.089153,22.050297,21.947819,22.016388,21.670506,21.75558,0.0,4.0,0.0,0.0,0.0,0.0,0.0,0.0
25249,2023.0,6.0,25.0,8.0,21.198807,21.413206,20.185375,20.280727,21.173609,21.348053,21.320896,21.927368,21.311426,21.311169,21.135788,21.11834,22.07189,22.038477,21.691496,21.68582,22.241055,22.975878,0.0,0.0,4.0,0.0,0.0,0.0,0.0,4.0
25250,2023.0,6.0,25.0,8.0,21.175457,21.407757,20.153402,20.245619,21.006088,21.126678,21.446465,22.090221,21.309834,21.294119,21.162798,21.14789,22.799023,23.414879,21.665277,21.662106,21.739801,21.861713,0.0,0.0,4.0,0.0,0.0,4.0,0.0,0.0
25251,2023.0,6.0,25.0,8.0,21.12145,21.332827,20.140411,20.24079,20.96206,21.10165,20.994362,21.205126,21.318521,21.301733,21.19278,21.180683,22.386673,22.490158,21.67062,21.681082,21.5691,21.59527,0.0,0.0,0.0,0.0,0.0,0.0,0.0,0.0
25252,2023.0,6.0,25.0,8.0,21.08654,21.29915,20.132553,20.242355,20.94151,21.105122,20.84716,21.018332,21.335983,21.322096,21.228247,21.222168,22.24631,22.25452,21.63923,21.619041,21.556187,21.591059,0.0,0.0,0.0,0.0,0.0,0.0,0.0,0.0
25253,2023.0,6.0,25.0,8.0,21.063183,21.282354,20.128048,20.24781,20.833723,20.923002,20.817062,21.014112,21.355326,21.343752,21.262884,21.26028,22.255505,22.280235,21.637913,21.620447,21.500586,21.484861,0.0,0.0,0.0,0.0,0.0,0.0,0.0,0.0
25254,2023.0,6.0,25.0,9.0,21.043604,21.269445,20.126074,20.256075,20.79596,20.893448,20.688307,20.795008,21.376944,21.367924,21.299297,21.300545,22.21722,22.20016,21.642805,21.628408,21.494728,21.481941,0.0,0.0,0.0,0.0,0.0,0.0,0.0,0.0
25255,2023.0,6.0,25.0,9.0,21.035263,21.276009,20.12462,20.263422,21.406689,22.074469,20.644293,20.758438,21.398924,21.3909,21.3329,21.333857,22.220156,22.205276,21.650003,21.637672,21.497128,21.48685,0.0,4.0,0.0,0.0,0.0,0.0,0.0,0.0
25256,2023.0,6.0,25.0,9.0,21.647318,22.44104,20.125559,20.273973,21.564604,22.24023,20.613075,20.734293,21.423817,21.418827,21.371225,21.375631,22.229853,22.21752,21.660627,21.650913,21.50414,21.496742,0.0,4.0,0.0,0.0,0.0,0.0,0.0,0.0
25257,2023.0,6.0,25.0,9.0,21.898102,22.78792,20.127176,20.28416,21.19709,21.51236,20.589987,20.719782,21.45018,21.448154,21.410566,21.418459,22.98633,23.642206,21.674189,21.66695,21.5146,21.510323,0.0,0.0,0.0,0.0,0.0,4.0,0.0,0.0
25258,2023.0,6.0,25.0,9.0,21.461063,21.885908,20.130606,20.29665,21.09214,21.378021,20.571829,20.71028,21.479218,21.480837,21.822441,22.160187,22.653555,22.867449,21.690498,21.686256,21.528124,21.527578,0.0,0.0,0.0,0.0,4.0,0.0,0.0,0.0
25259,2023.0,6.0,25.0,9.0,21.36134,21.763937,20.135948,20.311342,21.075657,21.378405,20.55785,20.70533,21.509863,21.515326,21.646454,21.71764,22.53516,22.65035,21.708319,21.707525,21.543892,21.547417,0.0,0.0,0.0,0.0,0.0,0.0,0.0,0.0
25260,2023.0,6.0,25.0,10.0,21.348717,21.768488,20.143473,20.328833,21.074348,21.39692,20.54742,20.704165,21.542654,21.553837,21.602818,21.62815,22.550798,22.675861,21.727968,21.731722,21.562204,21.570831,0.0,0.0,0.0,0.0,0.0,0.0,0.0,0.0
25261,2023.0,6.0,25.0,10.0,21.200247,21.488964,20.150229,20.343626,20.909855,21.081272,20.53902,20.70454,21.572641,21.586311,21.63293,21.660448,22.450914,22.460949,21.746817,21.753345,21.580076,21.591883,0.0,0.0,0.0,0.0,0.0,0.0,0.0,0.0
25262,2023.0,6.0,25.0,10.0,21.159166,21.451218,20.157759,20.359043,21.485655,22.20612,21.171003,21.907423,21.602585,21.618599,21.66673,21.696592,22.444859,22.451735,21.76621,21.77533,21.598837,21.613604,0.0,4.0,4.0,0.0,0.0,0.0,0.0,0.0
25263,2023.0,6.0,25.0,10.0,21.137281,21.434875,20.1671,20.3771,21.262938,21.681711,20.79512,21.05476,21.634542,21.654715,21.705698,21.740137,22.455845,22.465887,21.787624,21.800362,21.620033,21.638721,0.0,0.0,0.0,0.0,0.0,0.0,0.0,0.0
25264,2023.0,6.0,25.0,10.0,21.122044,21.425598,20.573792,21.137234,21.185326,21.576544,20.865944,21.279306,21.667883,21.693348,21.747734,21.788288,22.471807,22.486313,21.810997,21.827944,21.643585,21.666754,4.0,0.0,0.0,0.0,0.0,0.0,0.0,0.0
25265,2023.0,6.0,25.0,10.0,21.111843,21.421936,20.716816,21.308945,21.187778,21.595198,20.898191,21.320127,21.69997,21.72912,21.788706,21.833141,23.217915,23.888601,21.834076,21.854261,21.666908,21.693575,4.0,0.0,0.0,0.0,0.0,4.0,0.0,0.0
25266,2023.0,6.0,25.0,11.0,21.104834,21.42142,21.001263,21.807196,21.006357,21.238777,20.718582,20.955019,21.733658,21.767582,21.832329,21.881975,23.555855,24.387678,21.85845,21.882765,22.53488,23.313068,4.0,0.0,0.0,0.0,0.0,4.0,0.0,4.0
25267,2023.0,6.0,25.0,11.0,21.099342,21.421183,20.823256,21.384314,20.929747,21.137272,20.651903,20.864624,21.767063,21.805058,21.876242,21.930334,23.070028,23.355917,21.882526,21.91032,22.209715,22.513803,0.0,0.0,0.0,0.0,0.0,0.0,0.0,0.0
25268,2023.0,6.0,25.0,11.0,21.696167,22.547726,20.781414,21.316362,20.90546,21.118668,20.635368,20.85325,21.799585,21.841072,21.919086,21.976753,22.97083,23.19331,21.905918,21.936975,22.907879,23.842999,0.0,0.0,0.0,0.0,0.0,0.0,0.0,4.0
25269,2023.0,6.0,25.0,11.0,21.89395,22.781815,20.805481,21.35245,21.471125,22.197811,20.626707,20.850765,22.506927,23.147526,21.962011,22.024132,23.646816,24.466646,21.929455,21.964334,22.441,22.77939,0.0,4.0,0.0,4.0,0.0,4.0,0.0,0.0
25270,2023.0,6.0,25.0,11.0,22.152512,23.208189,20.582504,20.88947,21.654911,22.41457,20.622969,20.853485,22.141638,22.287226,22.353731,22.726267,23.23474,23.54925,21.953438,21.992569,22.308496,22.570545,0.0,4.0,0.0,0.0,4.0,0.0,0.0,0.0
25271,2023.0,6.0,25.0,11.0,22.279507,23.347569,20.889242,21.499935,21.938189,22.9035,20.622534,20.859842,22.243742,22.530003,22.191635,22.314878,23.130848,23.38029,21.978624,22.022478,22.318602,22.588634,4.0,4.0,0.0,0.0,0.0,0.0,0.0,0.0
25272,2023.0,6.0,25.0,12.0,22.368355,23.441273,20.636795,20.9537,22.060616,23.034927,20.624441,20.868563,22.32906,22.642145,22.151907,22.234493,23.145195,23.404299,22.003962,22.052109,22.340887,22.621702,0.0,4.0,0.0,0.0,0.0,0.0,0.0,0.0
25273,2023.0,6.0,25.0,12.0,21.91904,22.536673,20.55713,20.845945,22.145273,23.123127,21.059425,21.635193,22.152998,22.245323,22.177816,22.261774,22.967684,23.038078,22.028353,22.07936,22.155241,22.232716,0.0,4.0,0.0,0.0,0.0,0.0,0.0,0.0
25274,2023.0,6.0,25.0,12.0,21.767618,22.365297,20.537855,20.831207,21.75651,22.330606,20.999891,21.47682,22.101902,22.17048,22.211098,22.298483,23.60146,24.27153,23.00374,23.899189,22.093897,22.156118,0.0,0.0,0.0,0.0,0.0,4.0,4.0,0.0
25275,2023.0,6.0,25.0,12.0,21.74599,22.348001,20.531252,20.830051,21.586876,22.117205,21.006493,21.464594,22.115694,22.185263,22.247488,22.34086,23.41545,23.749289,22.724,23.072746,22.091465,22.155416,0.0,0.0,0.0,0.0,0.0,0.0,0.0,0.0
25276,2023.0,6.0,25.0,12.0,21.747332,22.358261,20.531374,20.836235,22.084984,23.0686,21.00524,21.444698,22.138243,22.21247,22.283413,22.38268,23.962994,24.838522,22.571657,22.87089,22.099218,22.167673,0.0,4.0,0.0,0.0,0.0,4.0,0.0,0.0
25277,2023.0,6.0,25.0,12.0,21.518408,21.900707,20.535892,20.847185,21.804964,22.37469,21.00475,21.431274,22.163221,22.243477,22.320017,22.42655,24.1888,25.084045,22.58593,22.888577,22.110928,22.184704,0.0,0.0,0.0,0.0,0.0,4.0,0.0,0.0
25278,2023.0,6.0,25.0,13.0,21.429972,21.804455,20.543116,20.860567,21.680616,22.238958,21.004519,21.421246,22.187557,22.273302,22.35446,22.467072,23.679905,24.040852,22.396423,22.486292,22.124302,22.203243,0.0,0.0,0.0,0.0,0.0,0.0,0.0,0.0
25279,2023.0,6.0,25.0,13.0,21.400085,21.773674,20.550276,20.871487,21.662848,22.222853,21.009562,21.422405,22.210947,22.301336,22.388094,22.50671,23.518064,23.825623,22.330717,22.400463,22.137316,22.219738,0.0,0.0,0.0,0.0,0.0,0.0,0.0,0.0
25280,2023.0,6.0,25.0,13.0,21.384022,21.76027,20.556551,20.879898,21.400997,21.705301,21.458422,22.248758,22.22998,22.321749,22.414246,22.533232,23.507317,23.820976,22.328781,22.401087,22.148762,22.23299,0.0,0.0,4.0,0.0,0.0,0.0,0.0,0.0
25281,2023.0,6.0,25.0,13.0,21.374672,21.752495,20.564003,20.889986,21.30841,21.587004,21.078312,21.425318,22.248173,22.342966,22.438913,22.561035,24.151697,25.042654,22.334145,22.408766,22.160843,22.247667,0.0,0.0,0.0,0.0,0.0,4.0,0.0,0.0
25282,2023.0,6.0,25.0,13.0,21.36799,21.747553,20.572508,20.901188,21.2716,21.549883,21.219498,21.782536,22.266596,22.36465,22.463554,22.588993,23.729975,24.123013,22.341665,22.419252,22.173864,22.263407,0.0,0.0,0.0,0.0,0.0,0.0,0.0,0.0
25283,2023.0,6.0,25.0,13.0,21.94596,22.834627,20.581844,20.913076,21.247723,21.528666,21.29211,21.88576,22.28472,22.385971,22.487247,22.616,23.61189,23.939709,23.287357,24.199888,23.000158,23.812693,0.0,0.0,0.0,0.0,0.0,0.0,4.0,4.0
25284,2023.0,6.0,25.0,14.0,21.58866,22.028484,20.955954,21.603346,21.23076,21.51419,21.047308,21.37302,22.303513,22.4085,22.511127,22.644037,23.60293,23.933943,22.920763,23.319136,22.737183,23.153828,4.0,0.0,0.0,0.0,0.0,0.0,0.0,0.0
25285,2023.0,6.0,25.0,14.0,21.729176,22.375858,20.746387,21.116676,21.21749,21.50236,20.965279,21.257425,22.321661,22.42934,22.533518,22.669603,23.370468,23.475319,22.820007,23.156233,22.663906,23.026903,0.0,0.0,0.0,0.0,0.0,0.0,0.0,0.0
25286,2023.0,6.0,25.0,14.0,22.339777,23.483473,20.68402,21.023102,21.207766,21.494427,21.50782,22.290215,22.338444,22.44793,22.553854,22.691797,23.307705,23.394945,22.826374,23.163095,22.678537,23.041517,0.0,0.0,4.0,0.0,0.0,0.0,0.0,0.0
25287,2023.0,6.0,25.0,14.0,22.525913,23.679846,20.679424,21.017412,21.776464,22.568302,21.161055,21.518232,22.355536,22.467335,22.573948,22.71456,23.284166,23.37305,22.839,23.177675,22.463348,22.59394,0.0,4.0,0.0,0.0,0.0,0.0,0.0,0.0
25288,2023.0,6.0,25.0,14.0,22.111225,22.80956,21.050417,21.708212,21.420252,21.766388,21.3146,21.894228,22.37305,22.487255,22.59343,22.73715,23.267796,23.359383,22.62873,22.74298,22.40226,22.50526,4.0,0.0,0.0,0.0,0.0,0.0,0.0,0.0
25289,2023.0,6.0,25.0,14.0,22.023628,22.688946,21.192665,21.881134,22.111801,23.146015,21.385212,21.98845,22.390076,22.5063,22.611576,22.758041,23.256195,23.350887,22.575102,22.670128,22.39273,22.497093,4.0,4.0,0.0,0.0,0.0,0.0,0.0,0.0
25290,2023.0,6.0,25.0,15.0,22.539331,23.660603,21.221056,21.914684,21.866304,22.51987,21.146673,21.48531,22.406813,22.525545,22.629557,22.779053,23.247038,23.344925,23.487507,24.403492,22.39004,22.496897,0.0,0.0,0.0,0.0,0.0,0.0,4.0,0.0
25291,2023.0,6.0,25.0,15.0,22.708046,23.85001,21.58432,22.555109,22.27125,23.297699,21.618124,22.402397,23.077408,23.77674,22.646282,22.798124,23.239006,23.33911,23.901882,25.00803,22.390322,22.49913,4.0,4.0,4.0,4.0,0.0,0.0,4.0,0.0
25292,2023.0,6.0,25.0,15.0,22.789684,23.924002,21.738499,22.732187,21.959555,22.59323,21.531036,22.156942,22.698748,22.910305,22.661726,22.81556,23.232431,23.334684,24.039555,25.131134,22.39229,22.503178,4.0,0.0,0.0,0.0,0.0,0.0,4.0,0.0
25293,2023.0,6.0,25.0,15.0,22.859776,23.987915,21.823475,22.811495,22.365627,23.384827,22.016071,23.059832,22.814695,23.194004,22.676779,22.83255,23.22718,23.33156,23.437166,23.898197,22.39572,22.508715,4.0,4.0,4.0,0.0,0.0,0.0,0.0,0.0
25294,2023.0,6.0,25.0,15.0,22.92107,24.044086,21.57961,22.290726,22.518797,23.555878,21.7032,22.340979,22.89495,23.303745,22.69164,22.849518,23.22287,23.329409,23.235182,23.576532,22.400305,22.515476,0.0,4.0,0.0,0.0,0.0,0.0,0.0,0.0
25295,2023.0,6.0,25.0,15.0,22.47313,23.152842,21.851603,22.811258,22.594913,23.625704,22.13812,23.182562,22.677088,22.836384,22.705927,22.865805,23.219572,23.328241,23.191713,23.526804,22.405947,22.52314,4.0,4.0,4.0,0.0,0.0,0.0,0.0,0.0
25296,2023.0,6.0,25.0,16.0,22.88917,24.000624,21.96887,22.945515,22.185421,22.798195,22.289665,23.34365,22.61926,22.747587,22.719627,22.881638,23.217085,23.327866,23.175823,23.5117,22.412376,22.531574,4.0,0.0,4.0,0.0,0.0,0.0,0.0,0.0
25297,2023.0,6.0,25.0,16.0,22.997215,24.105452,22.02628,22.991623,22.559433,23.551123,21.894068,22.529522,22.611134,22.736757,22.729485,22.889915,23.212297,23.322447,23.84551,24.759975,23.225266,24.060337,4.0,4.0,0.0,0.0,0.0,0.0,4.0,4.0
25298,2023.0,6.0,25.0,16.0,22.555092,23.223629,21.767876,22.459024,22.223927,22.830366,21.773628,22.350777,22.608147,22.731922,23.068691,23.516184,23.206903,23.315992,23.397863,23.783264,22.938353,23.360798,0.0,0.0,0.0,0.0,4.0,0.0,0.0,0.0
25299,2023.0,6.0,25.0,16.0,22.424587,23.047352,21.686594,22.334255,22.591734,23.56782,21.747074,22.316347,23.246523,23.932032,22.899254,23.1203,23.89029,24.614748,24.100554,25.162338,23.590204,24.60383,0.0,4.0,0.0,4.0,0.0,4.0,4.0,4.0
25300,2023.0,6.0,25.0,16.0,22.38016,22.995413,21.737158,22.396114,22.725275,23.71983,22.01784,22.796274,22.866241,23.075434,22.810879,22.96861,23.642542,24.037004,23.569324,23.997936,23.15385,23.615088,4.0,4.0,4.0,0.0,0.0,0.0,0.0,0.0
25301,2023.0,6.0,25.0,16.0,22.8809,23.950153,21.765059,22.423336,22.780632,23.76444,22.330572,23.333923,22.945824,23.29788,22.802408,22.955128,23.561396,23.899143,23.366617,23.679413,23.725973,24.728897,4.0,4.0,4.0,0.0,0.0,0.0,0.0,4.0
25302,2023.0,6.0,25.0,17.0,22.522648,23.166912,22.032074,22.931011,22.82871,23.80272,21.96609,22.558657,23.592997,24.486341,22.799038,22.950224,23.555326,23.886671,23.315603,23.617182,23.256945,23.700327,4.0,4.0,0.0,4.0,0.0,0.0,0.0,0.0
25303,2023.0,6.0,25.0,17.0,22.924734,23.968946,22.130064,23.038277,22.865805,23.826483,21.84847,22.384485,23.269258,23.736616,22.794403,22.941755,24.02226,24.750252,24.124607,25.16159,23.0773,23.411505,4.0,4.0,0.0,0.0,0.0,4.0,4.0,0.0
25304,2023.0,6.0,25.0,17.0,22.563463,23.191,21.868372,22.502628,22.898167,23.845734,21.815685,22.339218,23.123417,23.482286,22.788626,22.931852,23.744123,24.146566,24.286674,25.290188,23.763647,24.727695,0.0,4.0,0.0,0.0,0.0,0.0,4.0,4.0
25305,2023.0,6.0,25.0,17.0,22.430182,22.998772,22.09264,22.947815,22.464737,22.999664,21.569645,21.858452,23.093573,23.434256,22.782122,22.921366,23.614113,23.921124,23.663925,24.036936,23.300573,23.709642,4.0,0.0,0.0,0.0,0.0,0.0,0.0,0.0
25306,2023.0,6.0,25.0,17.0,22.389212,22.946726,22.18423,23.051956,22.80622,23.71128,22.069519,22.850103,22.8831,23.018415,22.774847,22.910429,23.580782,23.872654,23.456736,23.724258,23.116402,23.41926,4.0,4.0,4.0,0.0,0.0,0.0,0.0,0.0
25307,2023.0,6.0,25.0,17.0,22.172163,22.53293,21.904566,22.488852,22.435877,22.941763,21.877363,22.39673,22.801472,22.902716,22.767069,22.898878,23.385582,23.495329,23.387327,23.641148,23.064392,23.352741,0.0,0.0,0.0,0.0,0.0,0.0,0.0,0.0
25308,2023.0,6.0,25.0,18.0,22.670633,23.518513,21.812656,22.354744,22.301325,22.759848,22.300653,23.212631,22.771418,22.86911,22.759361,22.887657,23.317822,23.403942,24.184982,25.17588,22.864365,22.976826,0.0,0.0,4.0,0.0,0.0,0.0,4.0,0.0
25309,2023.0,6.0,25.0,18.0,22.439646,22.996424,21.557692,21.865364,22.241163,22.68128,22.441965,23.362726,23.380589,24.03351,22.746725,22.86727,23.282364,23.361603,23.638216,23.981169,22.778486,22.860886,0.0,0.0,4.0,4.0,0.0,0.0,0.0,0.0
25310,2023.0,6.0,25.0,18.0,22.336853,22.839808,21.816545,22.407728,22.012764,22.256765,22.01651,22.5023,23.01973,23.23169,22.731543,22.843496,23.950048,24.650166,23.414091,23.635302,22.736094,22.811077,4.0,0.0,0.0,0.0,0.0,4.0,0.0,0.0
25311,2023.0,6.0,25.0,18.0,22.298655,22.78346,21.544056,21.838528,21.896387,22.093746,21.873945,22.294409,22.987942,23.23735,22.71515,22.81871,23.621084,23.922434,23.340206,23.54168,22.701822,22.7706,0.0,0.0,0.0,0.0,0.0,0.0,0.0,0.0
25312,2023.0,6.0,25.0,18.0,22.68134,23.493876,21.406704,21.640652,21.837677,22.024778,22.32442,23.161146,22.978975,23.223267,23.02779,23.41137,24.122387,24.904451,23.165394,23.232712,23.475101,24.251225,0.0,0.0,4.0,0.0,4.0,4.0,0.0,4.0
25313,2023.0,6.0,25.0,18.0,22.39434,22.878092,21.739893,22.29991,21.790909,21.969248,22.45538,23.302967,22.812284,22.900759,22.833258,22.984457,23.680876,23.963694,23.082363,23.127954,23.095474,23.38612,4.0,0.0,4.0,0.0,0.0,0.0,0.0,0.0
25314,2023.0,6.0,25.0,19.0,22.28705,22.720215,21.982267,22.701767,21.750957,21.920834,22.011333,22.414082,22.740316,22.799456,22.721428,22.80557,23.503172,23.681932,23.033375,23.074123,22.932625,23.126398,4.0,0.0,0.0,0.0,0.0,0.0,0.0,0.0
25315,2023.0,6.0,25.0,19.0,22.782515,23.665812,22.04489,22.754864,21.717764,21.881693,22.375242,23.158861,22.707493,22.76188,22.69084,22.76636,23.446579,23.609365,22.993885,23.032747,23.634295,24.473135,4.0,0.0,4.0,0.0,0.0,0.0,0.0,4.0
25316,2023.0,6.0,25.0,19.0,22.921047,23.81224,21.759657,22.181583,22.289927,22.978212,22.491676,23.288866,22.679352,22.72942,23.002146,23.36608,23.997385,24.673223,22.958412,22.994776,23.14088,23.392012,0.0,4.0,4.0,0.0,4.0,4.0,0.0,0.0
25317,2023.0,6.0,25.0,19.0,22.986439,23.871292,21.982227,22.6351,21.911327,22.137959,22.528355,23.307919,22.654402,22.70024,22.819063,22.966827,23.57937,23.788992,22.926365,22.960196,22.950876,23.103085,4.0,0.0,4.0,0.0,0.0,0.0,0.0,0.0
25318,2023.0,6.0,25.0,19.0,22.524414,22.95309,21.740475,22.127754,22.45085,23.228302,22.076204,22.422585,22.631853,22.674072,22.698448,22.768242,24.075527,24.784782,22.897776,22.929482,22.890953,23.028181,0.0,4.0,0.0,0.0,0.0,4.0,0.0,0.0
25319,2023.0,6.0,25.0,19.0,22.901056,23.731153,21.951096,22.558361,22.109165,22.456589,21.91263,22.198082,22.610373,22.649212,22.653309,22.708536,24.15634,24.837103,23.789368,24.635115,22.765436,22.811293,4.0,0.0,0.0,0.0,0.0,4.0,4.0,0.0
25320,2023.0,6.0,25.0,20.0,22.499895,22.89216,22.03744,22.662416,21.947702,22.211447,21.840708,22.108255,22.588509,22.623476,22.621494,22.67079,24.18193,24.843592,23.985044,24.806135,22.70013,22.728539,4.0,0.0,0.0,0.0,0.0,4.0,4.0,0.0
25321,2023.0,6.0,25.0,20.0,22.89528,23.704641,21.733831,22.065096,21.895647,22.138731,22.346876,23.089926,22.566212,22.596415,22.59189,22.635256,24.202486,24.844389,23.332714,23.491394,22.660042,22.684551,0.0,0.0,4.0,0.0,0.0,4.0,0.0,0.0
25322,2023.0,6.0,25.0,20.0,22.494339,22.86508,21.607868,21.880144,21.76162,21.89537,22.439129,23.146278,23.194696,23.795265,22.562365,22.599707,24.214201,24.837181,23.12824,23.198069,23.435396,24.17648,0.0,0.0,4.0,4.0,0.0,4.0,0.0,4.0
25323,2023.0,6.0,25.0,20.0,22.879505,23.658901,21.811432,22.27726,22.290419,22.922636,22.463337,23.145002,22.80977,22.93273,22.532421,22.5639,24.220097,24.824406,23.917187,24.73968,23.595081,24.307201,4.0,4.0,4.0,0.0,0.0,4.0,4.0,4.0
25324,2023.0,6.0,25.0,20.0,22.469416,22.798798,21.539644,21.728834,22.462976,23.125872,21.998865,22.238913,22.665602,22.722582,22.502405,22.527863,24.221315,24.80701,24.02868,24.781576,23.00282,23.122149,0.0,4.0,0.0,0.0,0.0,4.0,4.0,0.0
25325,2023.0,6.0,25.0,20.0,22.306599,22.571037,21.391811,21.507357,22.508533,23.148787,22.37897,23.035116,22.6188,22.663733,22.473158,22.492746,24.219542,24.78666,23.349146,23.439573,22.808424,22.842863,0.0,4.0,4.0,0.0,0.0,4.0,0.0,0.0
25326,2023.0,6.0,25.0,21.0,22.826649,23.590685,21.331596,21.432604,22.542122,23.161892,22.451265,23.082108,22.55397,22.5633,22.44448,22.458467,23.666157,23.730347,23.12727,23.129597,23.49377,24.185205,0.0,4.0,4.0,0.0,0.0,0.0,0.0,4.0
25327,2023.0,6.0,25.0,21.0,22.41523,22.70885,21.680387,22.11648,22.569155,23.173779,22.465137,23.07708,22.51569,22.517708,22.757666,23.06458,23.45071,23.422684,23.911497,24.673645,22.969395,23.058298,4.0,4.0,4.0,0.0,4.0,0.0,4.0,0.0
25328,2023.0,6.0,25.0,21.0,22.830713,23.566357,21.807337,22.284504,22.109743,22.28439,21.998552,22.178547,23.102571,23.646246,22.561344,22.632366,24.011837,24.554281,23.30309,23.371363,22.76476,22.756844,4.0,0.0,0.0,4.0,0.0,4.0,0.0,0.0
25329,2023.0,6.0,25.0,21.0,22.411074,22.678473,21.509207,21.69584,21.915594,22.002934,21.79909,21.893763,22.710587,22.776049,22.443953,22.450254,23.530117,23.564957,23.878963,24.558977,22.690071,22.670261,0.0,0.0,0.0,0.0,0.0,0.0,4.0,0.0
25330,2023.0,6.0,25.0,21.0,22.226961,22.414566,21.759308,22.212559,21.832735,21.899586,21.710804,21.785679,22.542725,22.522308,22.757475,23.066442,23.322617,23.256592,24.015106,24.686857,22.631144,22.601555,4.0,0.0,0.0,0.0,4.0,0.0,4.0,0.0
25331,2023.0,6.0,25.0,21.0,22.161932,22.338995,21.487978,21.649288,21.775606,21.831774,21.648487,21.713425,22.489826,22.458817,22.829187,23.13585,23.857586,24.33371,23.337946,23.357592,23.35226,24.003315,0.0,0.0,0.0,0.0,4.0,4.0,0.0,4.0
25332,2023.0,6.0,25.0,22.0,22.128164,22.314169,21.339506,21.422258,21.728954,21.776194,21.592764,21.644798,23.092371,23.628538,22.801847,23.048807,23.96121,24.448505,23.106956,23.03591,22.819843,22.841776,0.0,0.0,0.0,4.0,4.0,4.0,0.0,0.0
25333,2023.0,6.0,25.0,22.0,22.09518,22.278168,21.276026,21.336514,21.691189,21.732729,21.54922,21.594994,23.151457,23.595137,22.775928,22.985449,23.411406,23.37968,23.006693,22.923832,23.300503,23.836239,0.0,0.0,0.0,4.0,4.0,0.0,0.0,4.0
25334,2023.0,6.0,25.0,22.0,22.063677,22.241465,21.633623,22.035822,21.657978,21.694338,21.512165,21.552776,22.666935,22.64528,22.495481,22.457188,23.222515,23.110596,22.929205,22.837326,22.799385,22.784838,4.0,0.0,0.0,0.0,0.0,0.0,0.0,0.0
25335,2023.0,6.0,25.0,22.0,22.034641,22.206697,21.745068,22.171131,21.627048,21.657986,21.478209,21.513334,23.045567,23.437733,22.364073,22.266706,23.13304,23.007328,22.86192,22.760426,22.612103,22.523073,4.0,0.0,0.0,4.0,0.0,0.0,0.0,0.0
25336,2023.0,6.0,25.0,22.0,22.00787,22.174532,21.38094,21.453264,21.59826,21.624111,21.446938,21.47696,22.624453,22.565258,22.356926,22.306944,23.059818,22.923939,22.865265,22.818583,22.532946,22.431679,0.0,0.0,0.0,0.0,0.0,0.0,0.0,0.0
25337,2023.0,6.0,25.0,22.0,21.980808,22.140297,21.20784,21.184917,21.56862,21.587156,21.415005,21.43759,22.454735,22.32877,22.33049,22.284285,23.082968,23.026094,22.837074,22.794327,22.536177,22.493038,0.0,0.0,0.0,0.0,0.0,0.0,0.0,0.0
25338,2023.0,6.0,25.0,23.0,21.958273,22.114088,21.196617,21.213362,21.544651,21.560421,21.389313,21.40933,23.031204,23.480679,22.298113,22.25115,23.053461,23.00045,22.803389,22.760344,22.506416,22.464693,0.0,0.0,0.0,4.0,0.0,0.0,0.0,0.0
25339,2023.0,6.0,25.0,23.0,21.935444,22.08648,21.170225,21.189741,21.520067,21.531504,21.363104,21.378841,22.570053,22.489197,22.547338,22.741194,23.015938,22.961521,22.766848,22.718233,22.471924,22.428642,0.0,0.0,0.0,0.0,4.0,0.0,0.0,0.0
25340,2023.0,6.0,25.0,23.0,21.913408,22.059364,21.138523,21.152975,21.496273,21.503155,21.337938,21.349152,22.930916,23.261936,22.346945,22.323284,22.974764,22.912304,22.732038,22.67854,22.43552,22.385632,0.0,0.0,0.0,4.0,0.0,0.0,0.0,0.0
25341,2023.0,6.0,25.0,23.0,21.89249,22.03373,21.10972,21.119291,21.473585,21.47628,21.314173,21.32123,23.025127,23.35316,22.252232,22.188782,22.937708,22.870275,22.69928,22.641523,23.11032,23.679813,0.0,0.0,0.0,4.0,0.0,0.0,0.0,4.0
25342,2023.0,6.0,25.0,23.0,21.871908,22.008007,21.08222,21.086445,21.451078,21.449186,21.290918,21.293348,22.534363,22.403114,22.20789,22.137672,22.901731,22.829285,22.667305,22.60494,22.63295,22.638933,0.0,0.0,0.0,0.0,0.0,0.0,0.0,0.0
25343,2023.0,6.0,25.0,23.0,21.851322,21.981882,21.055532,21.05401,21.42861,21.421745,21.267988,21.265364,22.902826,23.197672,22.167501,22.091303,22.866508,22.788654,22.635908,22.568598,22.375124,22.21737,0.0,0.0,0.0,4.0,0.0,0.0,0.0,0.0
25344,2023.0,6.0,26.0,0.0,21.83106,21.956293,21.029902,21.022837,21.406532,21.394796,21.245558,21.238035,22.465778,22.302595,22.129725,22.047918,22.832537,22.749537,22.605436,22.533398,22.276201,22.09716,0.0,0.0,0.0,0.0,0.0,0.0,0.0,0.0
25345,2023.0,6.0,26.0,0.0,21.808836,21.926722,21.001625,20.985743,21.382038,21.362852,21.220661,21.2057,22.284334,22.062866,22.090048,21.999798,22.797075,22.706657,22.57353,22.494831,22.326935,22.257683,0.0,0.0,0.0,0.0,0.0,0.0,0.0,0.0
25346,2023.0,6.0,26.0,0.0,21.789307,21.902845,20.97879,20.959274,21.361382,21.338638,21.199644,21.181227,22.332426,22.234407,22.055906,21.962353,22.766064,22.672213,22.546097,22.464216,23.015429,23.566135,0.0,0.0,0.0,0.0,0.0,0.0,0.0,4.0
25347,2023.0,6.0,26.0,0.0,21.777555,21.894997,20.953442,20.92758,21.338612,21.310213,21.176691,21.15263,22.313774,22.223215,22.019394,21.919992,22.73341,22.634123,22.516552,22.430065,22.40347,22.256498,0.0,0.0,0.0,0.0,0.0,0.0,0.0,0.0
25348,2023.0,6.0,26.0,0.0,21.7672,21.88672,20.92767,20.894909,21.315248,21.2807,21.153368,21.123112,22.807432,23.182001,21.982243,21.876421,22.701097,22.596087,22.48635,22.394789,22.874092,23.25733,0.0,0.0,0.0,4.0,0.0,0.0,0.0,4.0
25349,2023.0,6.0,26.0,0.0,21.747084,21.86024,20.901773,20.861895,21.291533,21.25064,21.129822,21.09318,22.427565,22.369186,21.944746,21.832355,22.668423,22.557653,22.455801,22.359056,22.986938,23.353624,0.0,0.0,0.0,0.0,0.0,0.0,0.0,4.0
25350,2023.0,6.0,26.0,1.0,21.726473,21.833364,20.876385,20.829885,21.26804,21.221231,21.106733,21.064066,22.143978,21.892757,21.907637,21.78938,22.6362,22.520178,22.425419,22.323967,22.374058,22.161163,0.0,0.0,0.0,0.0,0.0,0.0,0.0,0.0
25351,2023.0,6.0,26.0,1.0,21.703482,21.802439,20.84871,20.793413,21.242403,21.187815,21.081606,21.031076,22.008675,21.719606,22.162281,22.29476,22.602194,22.4792,22.393204,22.285576,22.164486,21.890905,0.0,0.0,0.0,0.0,4.0,0.0,0.0,0.0
25352,2023.0,6.0,26.0,1.0,21.680393,21.772165,20.820953,20.756887,21.216568,21.15439,21.05617,20.998053,22.11308,22.003159,22.241306,22.39624,22.568714,22.439348,22.361197,22.247978,22.06457,21.780493,0.0,0.0,0.0,0.0,4.0,0.0,0.0,0.0
25353,2023.0,6.0,26.0,1.0,21.658508,21.745047,20.79716,20.728237,21.193436,21.126799,21.033333,20.970758,22.636555,22.994522,21.96423,21.855083,22.53751,22.404135,22.330647,22.213688,22.153988,22.03414,0.0,0.0,0.0,4.0,0.0,0.0,0.0,0.0
25354,2023.0,6.0,26.0,1.0,21.632877,21.710865,20.76775,20.688421,21.165462,21.089931,21.00563,20.934248,22.807045,23.208511,21.851334,21.702955,22.502815,22.361986,22.29697,22.173496,22.132607,22.004963,0.0,0.0,0.0,4.0,0.0,0.0,0.0,0.0
25355,2023.0,6.0,26.0,1.0,21.610853,21.683887,20.743938,20.660192,21.14188,21.062338,20.98224,20.906902,22.122484,21.840775,21.80162,21.651197,22.472052,22.327782,22.266092,22.13937,22.096119,21.96986,0.0,0.0,0.0,0.0,0.0,0.0,0.0,0.0
25356,2023.0,6.0,26.0,2.0,21.583872,21.647451,20.712902,20.618008,21.112206,21.023022,20.95279,20.867922,21.866674,21.50145,21.746914,21.585789,22.436607,22.284412,22.230972,22.097178,22.053556,21.919926,0.0,0.0,0.0,0.0,0.0,0.0,0.0,0.0
25357,2023.0,6.0,26.0,2.0,21.562286,21.622742,20.689102,20.590961,21.088797,20.996786,20.929525,20.841898,21.771301,21.40592,21.702528,21.538805,22.406458,22.251862,22.200253,22.064302,22.015587,21.879782,0.0,0.0,0.0,0.0,0.0,0.0,0.0,0.0
25358,2023.0,6.0,26.0,2.0,21.540722,21.598337,20.666796,20.566624,21.066553,20.972595,20.907406,20.817892,21.915012,21.772745,21.661633,21.496502,22.37766,22.221245,22.170454,22.032818,21.97943,21.84207,0.0,0.0,0.0,0.0,0.0,0.0,0.0,0.0
25359,2023.0,6.0,26.0,2.0,21.518076,21.572203,20.642345,20.537937,21.04259,20.94492,20.883562,20.79042,21.901264,21.74808,21.620138,21.451323,22.348303,22.188974,22.140017,21.999819,21.943066,21.802996,0.0,0.0,0.0,0.0,0.0,0.0,0.0,0.0
25360,2023.0,6.0,26.0,2.0,21.495575,21.546598,20.618814,20.511261,21.019226,20.918705,20.860308,20.76439,21.866741,21.712845,21.580757,21.409426,22.31979,22.158127,22.109987,21.9677,21.9079,21.765734,0.0,0.0,0.0,0.0,0.0,0.0,0.0,0.0
25361,2023.0,6.0,26.0,2.0,21.474129,21.52347,20.597422,20.489136,20.997564,20.896255,20.83875,20.742105,21.833302,21.67918,21.544806,21.373684,22.293089,22.130684,22.081278,21.938374,22.55046,23.004879,0.0,0.0,0.0,0.0,0.0,0.0,0.0,4.0
25362,2023.0,6.0,26.0,3.0,21.450531,21.49638,20.573257,20.461563,20.973406,20.869005,20.814867,20.71513,22.3424,22.666012,21.787205,21.857689,22.264858,22.099913,22.05087,21.905693,22.769146,23.278936,0.0,0.0,0.0,4.0,4.0,0.0,0.0,4.0
25363,2023.0,6.0,26.0,3.0,21.428568,21.472694,20.550936,20.43772,20.950783,20.845098,20.792864,20.69168,21.978289,21.876324,21.592121,21.44845,22.238472,22.072668,22.021929,21.876108,21.976852,21.68541,0.0,0.0,0.0,0.0,0.0,0.0,0.0,0.0
25364,2023.0,6.0,26.0,3.0,21.404902,21.445509,20.527065,20.410473,20.926365,20.817661,20.769318,20.664951,21.826132,21.665478,21.786106,21.870842,22.210867,22.042557,21.991398,21.843239,21.713171,21.346786,0.0,0.0,0.0,0.0,4.0,0.0,0.0,0.0
25365,2023.0,6.0,26.0,3.0,21.38237,21.42089,20.504639,20.386122,20.903084,20.792746,20.74671,20.640623,21.775692,21.613764,21.536148,21.358171,22.184828,22.01528,21.962122,21.8129,21.616179,21.251606,0.0,0.0,0.0,0.0,0.0,0.0,0.0,0.0
25366,2023.0,6.0,26.0,3.0,21.359383,21.395805,20.482113,20.361656,20.879524,20.767553,20.723598,20.61589,21.73077,21.567802,21.457054,21.275587,22.15905,21.988285,21.932804,21.782541,21.762962,21.62632,0.0,0.0,0.0,0.0,0.0,0.0,0.0,0.0
25367,2023.0,6.0,26.0,3.0,21.336908,21.372066,20.460373,20.33895,20.85666,20.743942,20.70097,20.592587,22.238756,22.558235,21.694767,21.75892,22.13426,21.963001,21.904228,21.75367,21.741905,21.584166,0.0,0.0,0.0,4.0,4.0,0.0,0.0,0.0
25368,2023.0,6.0,26.0,4.0,21.312286,21.344412,20.436409,20.31212,20.831558,20.716318,20.676136,20.565298,22.128988,22.21084,21.784582,21.885185,22.10812,21.934963,21.873938,21.721651,21.707912,21.55455,0.0,0.0,0.0,4.0,4.0,0.0,0.0,0.0
25369,2023.0,6.0,26.0,4.0,21.29056,21.322363,20.415613,20.291395,20.809105,20.69422,20.654053,20.543541,22.132008,22.215004,21.251926,20.839912,22.084436,21.91171,21.84586,21.694183,22.35782,22.807652,0.0,0.0,0.0,4.0,0.0,0.0,0.0,4.0
25370,2023.0,6.0,26.0,4.0,21.267645,21.297808,20.393692,20.268309,20.785343,20.669577,20.63087,20.519386,21.594501,21.198614,21.042942,20.592012,22.060036,21.886715,21.816715,21.664549,22.316967,22.561466,0.0,0.0,0.0,0.0,0.0,0.0,0.0,4.0
25371,2023.0,6.0,26.0,4.0,21.24488,21.273932,20.371702,20.24581,20.761856,20.645647,20.608097,20.496033,21.413923,21.006262,21.514137,21.585722,22.036234,21.862719,21.78797,21.63576,21.669327,21.321692,0.0,0.0,0.0,0.0,4.0,0.0,0.0,0.0
25372,2023.0,6.0,26.0,4.0,21.221272,21.249197,20.348976,20.222492,21.375296,21.819561,20.58484,20.472033,21.324396,20.920467,21.36124,21.207817,22.653883,23.05255,21.759043,21.60659,21.473099,21.098978,0.0,4.0,0.0,0.0,0.0,4.0,0.0,0.0
25373,2023.0,6.0,26.0,4.0,21.197199,21.224226,20.326311,20.199303,21.007849,21.003038,20.561333,20.448029,21.4741,21.299793,21.257824,21.074135,21.971771,21.614735,21.730785,21.578274,21.383028,21.012344,0.0,0.0,0.0,0.0,0.0,0.0,0.0,0.0
25374,2023.0,6.0,26.0,5.0,21.172163,21.197783,20.302967,20.174862,20.565474,20.204775,20.5368,20.422554,22.051373,22.379732,21.216919,21.032074,21.760454,21.342314,21.702932,21.54989,21.526373,21.376537,0.0,0.0,0.0,4.0,0.0,0.0,0.0,0.0
25375,2023.0,6.0,26.0,5.0,21.150595,21.178396,20.283442,20.158207,20.433794,20.045986,20.515583,20.40414,21.67857,21.56685,21.458487,21.515875,21.701334,21.292595,21.678667,21.52813,22.25469,22.738483,0.0,0.0,0.0,0.0,4.0,0.0,0.0,4.0
25376,2023.0,6.0,26.0,5.0,21.133167,21.166655,20.265045,20.143024,21.230606,21.629587,20.495325,20.386755,21.83961,21.915195,21.567434,21.669891,22.503492,22.881823,21.655529,21.50746,22.208033,22.473337,0.0,4.0,0.0,4.0,4.0,4.0,0.0,4.0
25377,2023.0,6.0,26.0,5.0,21.128263,21.177397,20.247139,20.128073,20.719631,20.50302,20.475658,20.36957,21.39219,21.02835,21.311468,21.168846,21.897505,21.557076,21.633574,21.487827,21.561882,21.236282,0.0,0.0,0.0,0.0,0.0,0.0,0.0,0.0
25378,2023.0,6.0,26.0,5.0,21.11137,21.163403,20.229563,20.113384,20.4442,20.084633,20.45624,20.35259,21.794573,21.91371,21.207413,21.034405,22.383213,22.594635,21.613316,21.469925,22.083593,22.36085,0.0,0.0,0.0,4.0,0.0,4.0,0.0,4.0
25379,2023.0,6.0,26.0,5.0,21.09261,21.14668,20.63106,20.883932,20.363676,20.001373,21.083502,21.551872,21.36635,21.013577,21.171743,21.001476,21.87601,21.518969,21.594343,21.45346,21.538162,21.221375,4.0,0.0,4.0,0.0,0.0,0.0,0.0,0.0
25380,2023.0,6.0,26.0,6.0,21.74389,22.392395,20.407671,20.390284,20.521807,20.378157,21.256474,21.74132,21.201738,20.8275,21.42306,21.499086,21.7175,21.328686,21.576288,21.437927,21.350946,21.002975,0.0,0.0,4.0,0.0,4.0,0.0,0.0,0.0
25381,2023.0,6.0,26.0,6.0,21.323702,21.459396,20.271576,20.177467,21.058306,21.341955,20.990244,21.226984,21.94407,22.312284,21.244242,21.11278,22.367636,22.613281,22.463264,23.132437,22.035763,22.368952,0.0,0.0,0.0,4.0,0.0,4.0,4.0,4.0
25382,2023.0,6.0,26.0,6.0,20.986412,20.967447,20.224337,20.12722,21.346186,21.8165,21.022053,21.264465,22.249104,22.646322,21.419714,21.513031,21.935404,21.604757,22.581762,23.01675,21.573309,21.28049,0.0,4.0,0.0,4.0,4.0,0.0,4.0,0.0
25383,2023.0,6.0,26.0,6.0,21.451557,21.85665,20.61326,20.881935,21.490973,21.975616,21.0171,21.23702,22.09813,22.266329,21.567272,21.7008,21.727335,21.377388,21.821012,21.55894,21.32147,21.010326,4.0,4.0,0.0,4.0,4.0,0.0,0.0,0.0
25384,2023.0,6.0,26.0,6.0,21.614285,22.02679,20.796602,21.111155,21.341684,21.614416,21.009302,21.227251,22.073418,22.239313,21.120245,20.797863,22.362284,22.62792,21.530527,21.231485,21.254051,20.951956,4.0,4.0,0.0,4.0,0.0,4.0,0.0,0.0
25385,2023.0,6.0,26.0,6.0,21.680443,22.11318,20.63004,20.734505,21.309887,21.58439,21.010399,21.234694,22.112818,22.29079,20.90231,20.548431,22.57769,22.839123,21.452885,21.159004,21.399025,21.292465,4.0,4.0,0.0,4.0,0.0,4.0,0.0,0.0
25386,2023.0,6.0,26.0,7.0,21.724861,22.163698,20.59628,20.709564,21.332083,21.61665,21.322933,21.812796,21.604445,21.31578,21.040533,20.88276,22.652756,22.919489,21.411896,21.130514,21.425951,21.314272,4.0,4.0,4.0,0.0,0.0,4.0,0.0,0.0
25387,2023.0,6.0,26.0,7.0,21.758879,22.207563,20.230354,20.031767,21.353697,21.650473,21.23581,21.557304,21.44145,21.128496,21.096756,20.962618,22.716183,22.99176,21.53699,21.416552,22.159164,22.704952,0.0,4.0,4.0,0.0,0.0,4.0,0.0,4.0
25388,2023.0,6.0,26.0,7.0,21.248703,21.238853,20.080847,19.83458,21.375847,21.68512,21.22801,21.547365,21.984367,22.212173,21.1079,20.987637,22.777327,23.062477,22.482096,23.178911,22.239637,22.66218,0.0,4.0,4.0,4.0,0.0,4.0,4.0,4.0
25389,2023.0,6.0,26.0,7.0,21.681154,22.158823,20.434814,20.550085,21.398483,21.720812,21.251095,21.583858,22.16463,22.434238,21.118965,21.006056,22.218819,21.970133,22.549944,23.072039,21.603785,21.402956,4.0,4.0,4.0,4.0,0.0,0.0,4.0,0.0
25390,2023.0,6.0,26.0,7.0,21.780125,22.268415,20.556494,20.735456,21.42065,21.7555,20.986408,21.141241,21.666428,21.45437,21.46021,21.64218,22.709057,22.993378,21.838533,21.661682,21.426594,21.17549,4.0,4.0,0.0,0.0,4.0,4.0,0.0,0.0
25391,2023.0,6.0,26.0,7.0,21.81703,22.313932,20.226896,20.09917,21.446106,21.794292,21.019186,21.2278,21.435726,21.171663,21.314716,21.241108,22.91787,23.237461,21.561913,21.327066,21.365705,21.123684,0.0,4.0,0.0,0.0,0.0,4.0,0.0,0.0
25392,2023.0,6.0,26.0,8.0,21.853792,22.359636,20.069212,19.903912,20.972937,20.988071,21.014143,21.230717,21.999197,22.286263,21.22265,21.119858,22.36757,22.153765,21.504953,21.276604,21.33417,21.10392,0.0,0.0,0.0,4.0,0.0,0.0,0.0,0.0
25393,2023.0,6.0,26.0,8.0,21.346828,21.395441,20.120506,20.063652,20.73753,20.59157,20.678587,20.598318,21.682594,21.51322,21.210335,21.103157,22.143581,21.876083,22.359589,22.921043,22.22307,22.823885,0.0,0.0,0.0,0.0,0.0,0.0,4.0,4.0
25394,2023.0,6.0,26.0,8.0,21.140144,21.118668,20.14214,20.116558,21.23141,21.593693,20.61957,20.581749,21.515402,21.277662,21.214106,21.106726,22.0938,21.827925,21.806143,21.685167,21.662422,21.552914,0.0,4.0,0.0,0.0,0.0,0.0,0.0,0.0
25395,2023.0,6.0,26.0,8.0,21.06388,21.051592,20.13133,20.113327,20.849123,20.80282,20.58702,20.56684,22.083536,22.390781,21.55434,21.739922,22.736067,23.07489,21.613567,21.408503,21.456059,21.251085,0.0,0.0,0.0,4.0,4.0,4.0,0.0,0.0
25396,2023.0,6.0,26.0,8.0,21.01338,21.015753,20.11884,20.10672,20.657352,20.530901,21.188911,21.741428,22.281057,22.639149,21.725838,21.976696,22.925585,23.309866,21.57099,21.37056,21.412807,21.212112,0.0,0.0,4.0,4.0,4.0,4.0,0.0,0.0
25397,2023.0,6.0,26.0,8.0,21.071455,21.18447,20.106466,20.099907,20.594168,20.475513,20.79477,20.885986,21.795616,21.669205,21.373829,21.245123,22.39755,22.25112,21.54807,21.356167,21.479847,21.377447,0.0,0.0,0.0,0.0,0.0,0.0,0.0,0.0
25398,2023.0,6.0,26.0,9.0,21.068327,21.200941,20.094337,20.092842,20.63609,20.614973,20.51028,20.421915,21.616144,21.404745,21.229237,21.011757,22.22713,21.991863,21.625107,21.532787,21.497114,21.406282,0.0,0.0,0.0,0.0,0.0,0.0,0.0,0.0
25399,2023.0,6.0,26.0,9.0,21.044062,21.181585,20.504223,20.87653,21.261827,21.81866,21.052137,21.506598,21.570822,21.366184,21.296366,21.171686,22.188828,21.960274,21.635406,21.545725,21.49322,21.40566,4.0,4.0,4.0,0.0,0.0,0.0,0.0,0.0
25400,2023.0,6.0,26.0,9.0,21.692135,22.42924,20.279213,20.371819,20.80817,20.835855,20.65727,20.677622,21.627588,21.51404,21.330309,21.221956,22.166525,21.945116,21.63323,21.547173,21.488232,21.401793,0.0,0.0,0.0,0.0,0.0,0.0,0.0,0.0
25401,2023.0,6.0,26.0,9.0,21.18641,21.330626,20.147097,20.166397,20.604813,20.540394,20.474169,20.418798,21.641375,21.542212,21.340265,21.234343,22.247334,22.127937,21.629688,21.544765,21.483105,21.397627,0.0,0.0,0.0,0.0,0.0,0.0,0.0,0.0
25402,2023.0,6.0,26.0,9.0,20.998,21.070238,20.111168,20.127028,21.14238,21.601343,20.416298,20.366934,21.635605,21.539137,21.348162,21.243282,22.271252,22.168243,22.53808,23.267439,21.477972,21.393541,0.0,4.0,0.0,0.0,0.0,0.0,4.0,0.0
25403,2023.0,6.0,26.0,9.0,20.943296,21.021095,20.088516,20.107561,20.779888,20.829153,20.418303,20.420769,21.628319,21.53369,21.355415,21.252085,22.271923,22.172733,21.929262,21.906889,21.472324,21.389055,0.0,0.0,0.0,0.0,0.0,0.0,0.0,0.0
25404,2023.0,6.0,26.0,10.0,21.632185,22.366959,20.070526,20.093224,20.597984,20.564596,20.399616,20.414726,21.620554,21.52796,21.361807,21.260426,22.27006,22.173216,21.703955,21.559263,21.466125,21.384293,0.0,0.0,0.0,0.0,0.0,0.0,0.0,0.0
25405,2023.0,6.0,26.0,10.0,21.70257,22.344175,20.484829,20.888433,20.53919,20.504732,20.370016,20.387342,21.611065,21.519064,21.365398,21.26461,22.265673,22.169846,21.646421,21.496773,21.457733,21.376108,4.0,0.0,0.0,0.0,0.0,0.0,0.0,0.0
25406,2023.0,6.0,26.0,10.0,21.176805,21.324028,20.612335,21.039593,20.534866,20.54186,20.341747,20.36095,21.60155,21.51036,21.36713,21.266827,22.260393,22.16557,21.613258,21.466703,21.448153,21.366966,4.0,0.0,0.0,0.0,0.0,0.0,0.0,0.0
25407,2023.0,6.0,26.0,10.0,21.014088,21.112556,20.606682,20.981508,20.512812,20.527943,20.315292,20.336666,21.592081,21.50212,21.367907,21.268284,22.25455,22.16108,21.64097,21.55083,22.237799,22.86988,4.0,0.0,0.0,0.0,0.0,0.0,0.0,4.0
25408,2023.0,6.0,26.0,10.0,21.58261,22.237995,20.285496,20.36401,20.484709,20.502077,20.289991,20.312996,21.582005,21.493275,21.36808,21.269318,22.248173,22.156227,21.638584,21.556726,21.720598,21.722174,0.0,0.0,0.0,0.0,0.0,0.0,0.0,0.0
25409,2023.0,6.0,26.0,10.0,21.704525,22.356201,20.535522,20.887205,20.458061,20.477266,20.266136,20.290667,21.5724,21.48465,21.368423,21.270329,22.96304,23.518831,21.625134,21.545235,21.505796,21.380434,4.0,0.0,0.0,0.0,0.0,4.0,0.0,0.0
25410,2023.0,6.0,26.0,11.0,21.194006,21.361277,20.284924,20.369793,20.432793,20.453573,20.243296,20.26921,21.564451,21.477242,21.369658,21.271847,22.462786,22.427923,21.612019,21.533123,21.449398,21.318123,0.0,0.0,0.0,0.0,0.0,0.0,0.0,0.0
25411,2023.0,6.0,26.0,11.0,21.017094,21.123817,20.146511,20.166525,20.409203,20.431736,20.221767,20.249466,21.559774,21.473997,21.374697,21.278934,22.26105,22.090933,21.601389,21.523972,21.467789,21.38642,0.0,0.0,0.0,0.0,0.0,0.0,0.0,0.0
25412,2023.0,6.0,26.0,11.0,20.965223,21.087078,20.119558,20.154842,21.040579,21.641302,20.204237,20.236517,21.557411,21.473135,21.380901,21.285978,22.23396,22.071962,21.593983,21.518665,21.461727,21.385256,0.0,4.0,0.0,0.0,0.0,0.0,0.0,0.0
25413,2023.0,6.0,26.0,11.0,20.925663,21.057974,20.093025,20.133307,20.662552,20.796602,20.186481,20.222063,21.556429,21.473082,21.38961,21.295898,22.277182,22.177374,21.588396,21.514208,21.453531,21.378931,0.0,0.0,0.0,0.0,0.0,0.0,0.0,0.0
25414,2023.0,6.0,26.0,11.0,20.923498,21.093859,20.502066,20.925058,20.477068,20.514238,20.169611,20.2084,21.556921,21.47419,21.400103,21.307463,22.291553,22.20471,21.585077,21.51152,21.447147,21.373545,4.0,0.0,0.0,0.0,0.0,0.0,0.0,0.0
25415,2023.0,6.0,26.0,11.0,20.913628,21.100803,20.62733,21.076574,20.43408,20.474255,20.153019,20.194363,21.558657,21.47656,21.41275,21.321947,22.293438,22.208803,21.582966,21.510012,21.44232,21.369493,4.0,0.0,0.0,0.0,0.0,0.0,0.0,0.0
25416,2023.0,6.0,26.0,12.0,20.891577,21.082851,20.65867,21.095778,21.050756,21.664417,20.139114,20.18482,21.560982,21.47925,21.424376,21.333199,22.294863,22.211355,21.581646,21.509579,21.439156,21.367538,4.0,4.0,0.0,0.0,0.0,0.0,0.0,0.0
25417,2023.0,6.0,26.0,12.0,21.016378,21.326387,20.352396,20.49976,21.187767,21.785032,21.114027,21.935965,21.563314,21.481546,21.436825,21.34557,22.296225,22.21321,21.580254,21.50839,21.435974,21.364805,0.0,4.0,0.0,0.0,0.0,0.0,0.0,0.0
25418,2023.0,6.0,26.0,12.0,21.532104,22.289785,20.193932,20.29435,21.244455,21.838501,21.000282,21.614048,21.565458,21.483858,21.449816,21.358982,22.29779,22.21529,21.579155,21.5074,21.432957,21.36211,0.0,4.0,0.0,0.0,0.0,0.0,0.0,0.0
25419,2023.0,6.0,26.0,12.0,21.135933,21.37512,20.156132,20.259602,20.980679,21.35215,21.016014,21.588642,21.568157,21.487139,21.462015,21.371956,22.299946,22.21798,21.5786,21.50705,21.4308,21.36037,0.0,0.0,0.0,0.0,0.0,0.0,0.0,0.0
25420,2023.0,6.0,26.0,12.0,21.001383,21.265207,20.540424,21.0018,21.016016,21.417608,21.013523,21.547411,21.57041,21.490519,21.473345,21.3847,22.30172,22.220856,21.577692,21.50686,21.429062,21.359283,4.0,0.0,0.0,0.0,0.0,0.0,0.0,0.0
25421,2023.0,6.0,26.0,12.0,21.005228,21.292305,20.2877,20.412975,21.277607,21.884682,21.01375,21.523226,21.571426,21.493084,21.483139,21.396296,22.302494,22.223288,21.575886,21.506334,21.42694,21.358322,0.0,4.0,0.0,0.0,0.0,0.0,0.0,0.0
25422,2023.0,6.0,26.0,13.0,21.004604,21.304169,20.569887,21.039743,20.966677,21.283438,21.19447,21.823507,21.570705,21.494469,21.490747,21.406567,22.30218,22.225155,21.573296,21.5054,21.423988,21.357115,4.0,0.0,4.0,0.0,0.0,0.0,0.0,0.0
25423,2023.0,6.0,26.0,13.0,21.004839,21.313921,20.362635,20.549555,21.015505,21.38904,20.98793,21.426401,21.567423,21.492863,21.495089,21.412745,23.044523,23.63726,21.568426,21.502068,21.419325,21.353771,0.0,0.0,0.0,0.0,0.0,4.0,0.0,0.0
25424,2023.0,6.0,26.0,13.0,21.509768,22.264467,20.607553,21.091156,21.009756,21.380867,21.203444,21.818155,21.562166,21.489813,21.860022,22.098392,22.598944,22.585527,21.561678,21.497213,21.412905,21.349123,4.0,0.0,4.0,0.0,4.0,0.0,0.0,0.0
25425,2023.0,6.0,26.0,13.0,21.167557,21.458645,20.4004,20.60402,21.010767,21.383457,20.984848,21.39839,21.556246,21.486563,21.712374,21.713434,23.064838,23.587158,22.546394,23.366398,21.405518,21.34389,0.0,0.0,0.0,0.0,0.0,4.0,4.0,0.0
25426,2023.0,6.0,26.0,13.0,21.533081,22.27153,20.24153,20.39514,21.298489,21.907047,21.016842,21.468006,21.548704,21.482046,21.57135,21.506315,22.651619,22.645842,22.074331,22.170876,21.396677,21.33762,0.0,4.0,0.0,0.0,0.0,0.0,0.0,0.0
25427,2023.0,6.0,26.0,13.0,21.192564,21.481794,20.14693,20.241463,21.426086,22.048763,21.012201,21.45942,21.540367,21.47713,21.543816,21.475386,22.433205,22.353958,21.740923,21.711084,22.254768,22.968966,0.0,4.0,0.0,0.0,0.0,0.0,0.0,4.0
25428,2023.0,6.0,26.0,14.0,21.581774,22.342758,20.090187,20.17204,20.973867,21.2523,21.013027,21.45879,21.530449,21.470861,21.528591,21.463423,22.388067,22.308016,21.66368,21.621147,21.84612,21.937958,0.0,0.0,0.0,0.0,0.0,0.0,0.0,0.0
25429,2023.0,6.0,26.0,14.0,21.760931,22.521276,20.490175,20.947786,21.340263,21.96808,21.241829,21.867462,21.519108,21.462528,21.51384,21.45214,22.372635,22.309315,21.632095,21.5915,21.552032,21.531298,4.0,4.0,4.0,0.0,0.0,0.0,0.0,0.0
25430,2023.0,6.0,26.0,14.0,21.250305,21.522608,20.239138,20.393368,21.43129,22.061628,20.787895,20.964226,21.507835,21.454271,21.500065,21.441801,22.353933,22.295113,21.599419,21.55087,21.49533,21.46568,0.0,4.0,0.0,0.0,0.0,0.0,0.0,0.0
25431,2023.0,6.0,26.0,14.0,21.090406,21.320364,20.109737,20.19707,20.941956,21.113062,21.23083,21.888914,21.496048,21.445522,21.486225,21.431442,22.333815,22.277954,21.575386,21.528004,21.451591,21.408108,0.0,0.0,4.0,0.0,0.0,0.0,0.0,0.0
25432,2023.0,6.0,26.0,14.0,21.029661,21.26217,20.477173,20.91258,21.348854,21.966652,21.31988,21.96385,22.120922,22.636383,21.47259,21.421528,23.039911,23.635246,22.53993,23.36921,21.422674,21.38006,4.0,4.0,4.0,4.0,0.0,4.0,4.0,0.0
25433,2023.0,6.0,26.0,14.0,20.985077,21.219618,20.306074,20.523796,21.465252,22.099537,21.34735,21.985216,22.376644,22.988493,21.458935,21.411081,22.599709,22.676939,21.960854,22.071655,21.399595,21.35861,0.0,4.0,4.0,4.0,0.0,0.0,0.0,0.0
25434,2023.0,6.0,26.0,15.0,21.557812,22.32342,20.594284,21.099642,20.977367,21.159115,21.37808,22.01548,21.874937,21.968754,21.446228,21.401218,22.395126,22.343985,21.719212,21.696934,21.379562,21.340286,4.0,0.0,4.0,0.0,0.0,0.0,0.0,0.0
25435,2023.0,6.0,26.0,15.0,21.697891,22.463673,20.689775,21.199652,20.79005,20.899832,20.872366,21.048813,21.675179,21.653488,21.433264,21.389729,22.343973,22.283974,21.6578,21.627522,21.36079,21.322216,4.0,0.0,0.0,0.0,0.0,0.0,0.0,0.0
25436,2023.0,6.0,26.0,15.0,21.19522,21.466793,20.372326,20.575062,20.717491,20.823975,20.684568,20.799952,21.618456,21.588175,21.420717,21.378254,22.322977,22.274492,21.61958,21.589857,21.343672,21.306221,0.0,0.0,0.0,0.0,0.0,0.0,0.0,0.0
25437,2023.0,6.0,26.0,15.0,21.660536,22.426554,20.637783,21.120886,21.250042,21.865751,21.191833,21.814577,21.585262,21.556004,21.408636,21.367373,22.300823,22.255224,22.561625,23.394775,21.327026,21.290964,4.0,4.0,4.0,0.0,0.0,0.0,4.0,0.0
25438,2023.0,6.0,26.0,15.0,21.772057,22.52979,20.73474,21.236776,21.393614,22.026983,20.812248,21.013597,22.186434,22.71182,21.396244,21.35584,22.278656,22.234127,21.973368,22.085981,21.31035,21.27514,4.0,4.0,0.0,4.0,0.0,0.0,0.0,0.0
25439,2023.0,6.0,26.0,15.0,21.806843,22.55531,20.75887,21.253136,21.433338,22.057955,21.208523,21.841272,21.826168,21.915648,21.38431,21.3446,22.258686,22.214931,21.725231,21.697586,22.099855,22.78269,4.0,4.0,4.0,0.0,0.0,0.0,0.0,4.0
25440,2023.0,6.0,26.0,16.0,21.843348,22.587515,20.784792,21.275692,21.470469,22.091425,20.805075,20.99793,22.24796,22.75734,21.723295,21.99063,22.982298,23.603724,21.65732,21.622906,22.32834,23.037123,4.0,4.0,0.0,4.0,4.0,4.0,0.0,4.0
25441,2023.0,6.0,26.0,16.0,21.874435,22.615997,20.47401,20.678753,21.500952,22.119944,20.613605,20.727089,21.87016,21.956438,21.536764,21.576605,22.521862,22.597483,22.556057,23.354326,21.734035,21.833384,0.0,4.0,0.0,0.0,0.0,0.0,4.0,0.0
25442,2023.0,6.0,26.0,16.0,21.363567,21.635054,20.33665,20.482199,21.528164,22.145678,20.548628,20.658628,21.680992,21.657425,21.419424,21.38773,22.321003,22.270145,21.968163,22.063074,21.517576,21.503677,0.0,4.0,0.0,0.0,0.0,0.0,0.0,0.0
25443,2023.0,6.0,26.0,16.0,21.17275,21.381027,20.28872,20.43116,21.02771,21.188744,20.458267,20.52537,21.623034,21.592772,21.39337,21.35843,22.273264,22.215576,21.735462,21.706049,21.453232,21.432983,0.0,0.0,0.0,0.0,0.0,0.0,0.0,0.0
25444,2023.0,6.0,26.0,16.0,21.728285,22.487648,20.611591,21.05808,21.429438,22.04079,20.404503,20.466328,21.580664,21.545364,21.375202,21.341837,22.976707,23.579447,21.671417,21.640152,21.415342,21.398075,4.0,4.0,0.0,0.0,0.0,4.0,0.0,0.0
25445,2023.0,6.0,26.0,16.0,21.836536,22.5823,20.354847,20.513195,21.53094,22.151854,20.365452,20.427238,21.548384,21.513264,21.359558,21.327587,22.508482,22.565825,21.62959,21.60038,21.371634,21.343056,0.0,4.0,0.0,0.0,0.0,0.0,0.0,0.0
25446,2023.0,6.0,26.0,17.0,21.873766,22.613344,20.623634,21.071077,21.555908,22.171858,20.982712,21.618547,21.522905,21.489374,21.710272,21.999403,22.324512,22.27552,21.591625,21.55827,21.340948,21.312508,4.0,4.0,4.0,0.0,4.0,0.0,0.0,0.0
25447,2023.0,6.0,26.0,17.0,21.90953,22.646776,20.405783,20.605768,21.582941,22.197615,20.592297,20.75553,21.501247,21.469475,21.535929,21.610937,22.276974,22.223322,21.562515,21.530308,21.316904,21.290222,0.0,4.0,0.0,0.0,0.0,0.0,0.0,0.0
25448,2023.0,6.0,26.0,17.0,21.938005,22.672932,20.291307,20.440725,21.605062,22.218452,20.450994,20.567657,22.12467,22.66265,21.409964,21.39821,22.97169,23.57068,22.455996,23.243166,21.296406,21.271534,0.0,4.0,0.0,4.0,0.0,4.0,4.0,0.0
25449,2023.0,6.0,26.0,17.0,21.972103,22.713825,20.640795,21.121029,21.62566,22.238134,20.415834,20.535727,21.76406,21.852173,21.37049,21.346165,23.102867,23.685549,21.892319,21.98495,21.277683,21.25434,4.0,4.0,0.0,0.0,0.0,4.0,0.0,0.0
25450,2023.0,6.0,26.0,17.0,22.004452,22.750437,20.747093,21.24494,21.645163,22.256992,20.336882,20.409124,21.5918,21.579569,21.350384,21.326225,22.546568,22.58196,21.679947,21.660622,21.260178,21.2383,4.0,4.0,0.0,0.0,0.0,0.0,0.0,0.0
25451,2023.0,6.0,26.0,17.0,22.028608,22.774076,20.782887,21.278326,21.664055,22.275911,20.291424,20.354568,21.546957,21.529787,21.333637,21.309769,22.369747,22.3125,21.622759,21.599627,21.243048,21.222195,4.0,4.0,0.0,0.0,0.0,0.0,0.0,0.0
25452,2023.0,6.0,26.0,18.0,22.04841,22.791143,20.45473,20.6383,21.680092,22.290485,20.265503,20.331099,21.510433,21.485527,21.32042,21.299131,22.322542,22.270622,21.580877,21.553644,21.227894,21.209562,0.0,4.0,0.0,0.0,0.0,0.0,0.0,0.0
25453,2023.0,6.0,26.0,18.0,22.062944,22.799591,20.341314,20.485174,21.188217,21.359423,21.097046,21.832357,22.125809,22.668564,21.305403,21.28462,22.283064,22.231184,22.466015,23.256441,22.079885,22.833393,0.0,0.0,0.0,4.0,0.0,0.0,4.0,4.0
25454,2023.0,6.0,26.0,18.0,22.077888,22.808737,20.669401,21.139536,21.504684,22.109613,21.002205,21.566628,21.810719,21.883556,21.648035,21.942417,22.9795,23.58866,21.975185,22.051962,21.640755,21.73449,4.0,4.0,0.0,0.0,4.0,4.0,0.0,0.0
25455,2023.0,6.0,26.0,18.0,22.09136,22.816622,20.797718,21.276299,21.642162,22.2424,21.15409,21.782053,21.56904,21.553555,21.499355,21.56626,22.552101,22.590553,21.664454,21.647303,21.351706,21.355038,4.0,4.0,4.0,0.0,0.0,0.0,0.0,0.0
25456,2023.0,6.0,26.0,18.0,22.10153,22.82152,20.819584,21.290844,21.659855,22.253267,20.990297,21.467295,21.512314,21.487843,21.75066,22.073936,22.357393,22.294975,21.595877,21.567173,21.292429,21.282045,4.0,4.0,0.0,0.0,4.0,0.0,0.0,0.0
25457,2023.0,6.0,26.0,18.0,22.111156,22.825516,20.840117,21.30458,21.675932,22.2635,21.1792,21.78303,21.477272,21.453953,21.543787,21.605562,22.284426,22.220959,21.551306,21.523111,22.111393,22.857946,4.0,4.0,4.0,0.0,0.0,0.0,0.0,4.0
25458,2023.0,6.0,26.0,19.0,21.591856,21.844555,20.854506,21.31346,21.686852,22.269405,21.25032,21.86049,21.4496,21.426159,21.405046,21.389784,22.264494,22.224567,22.439703,23.233381,21.580036,21.674906,4.0,4.0,4.0,0.0,0.0,0.0,4.0,0.0
25459,2023.0,6.0,26.0,19.0,21.373604,21.548168,20.863226,21.313055,21.184595,21.319635,20.98397,21.385792,21.423056,21.399027,21.354576,21.330324,22.236187,22.201172,21.83857,21.902174,21.355982,21.329853,4.0,0.0,0.0,0.0,0.0,0.0,0.0,0.0
25460,2023.0,6.0,26.0,19.0,21.263512,21.428925,20.869392,21.309587,21.512394,22.09618,21.017467,21.451408,21.39412,21.369307,21.314947,21.288412,22.20066,22.165632,21.52743,21.49204,21.276545,21.244196,4.0,4.0,0.0,0.0,0.0,0.0,0.0,0.0
25461,2023.0,6.0,26.0,19.0,21.185043,21.346373,20.873156,21.304037,21.6281,22.191225,21.012928,21.437037,22.018768,22.571623,21.280485,21.25314,22.889475,23.502771,21.458998,21.416346,22.059175,22.75718,4.0,4.0,0.0,4.0,0.0,4.0,0.0,4.0
25462,2023.0,6.0,26.0,19.0,21.80161,22.561476,20.536894,20.669907,21.637083,22.190046,21.206207,21.771793,21.655909,21.686384,21.24803,21.219692,22.42983,22.438251,21.416056,21.369133,21.591469,21.638424,0.0,4.0,4.0,0.0,0.0,0.0,0.0,0.0
25463,2023.0,6.0,26.0,19.0,21.88338,22.577068,20.37243,20.43151,21.64514,22.189774,21.269876,21.83874,21.465488,21.410301,21.220589,21.191584,22.225842,22.135204,22.329327,23.125595,21.373465,21.325283,0.0,4.0,4.0,0.0,0.0,0.0,4.0,0.0
25464,2023.0,6.0,26.0,20.0,21.368568,21.579933,20.298765,20.343216,21.147156,21.249622,21.293543,21.853313,21.395147,21.33114,21.192917,21.164024,22.803455,23.28605,21.714495,21.756664,22.05285,22.669022,0.0,0.0,4.0,0.0,0.0,4.0,0.0,4.0
25465,2023.0,6.0,26.0,20.0,21.166477,21.293156,20.244608,20.281645,21.500484,22.014624,20.979198,21.306557,22.01304,22.54351,21.523296,21.808533,22.337484,22.31083,22.36319,23.079712,21.523088,21.537931,0.0,4.0,0.0,4.0,4.0,0.0,4.0,0.0
25466,2023.0,6.0,26.0,20.0,21.068863,21.180779,20.623749,21.032614,21.622713,22.136467,21.205093,21.733244,22.183393,22.660229,21.335487,21.359858,22.08569,21.97291,22.610764,23.309227,21.235102,21.165133,4.0,4.0,4.0,4.0,0.0,0.0,4.0,0.0
25467,2023.0,6.0,26.0,20.0,21.638863,22.29505,20.735361,21.167051,21.621273,22.121777,20.98699,21.33549,21.642017,21.614166,21.546034,21.808258,22.672365,23.136824,21.866505,21.85118,21.161804,21.081724,4.0,4.0,0.0,0.0,4.0,4.0,0.0,0.0
25468,2023.0,6.0,26.0,20.0,21.245098,21.391407,20.704824,21.066975,21.617682,22.10576,21.181835,21.688364,21.3723,21.27164,21.573168,21.778322,22.858286,23.32759,21.533386,21.438118,21.099583,21.014326,4.0,4.0,4.0,0.0,4.0,4.0,0.0,0.0
25469,2023.0,6.0,26.0,20.0,21.05887,21.135574,20.351574,20.39864,21.095095,21.124104,21.228102,21.72948,21.285019,21.172823,21.242554,21.166643,22.273863,22.188545,21.434303,21.327826,21.10226,21.06489,0.0,0.0,4.0,0.0,0.0,0.0,0.0,0.0
25470,2023.0,6.0,26.0,21.0,20.99918,21.087948,20.178446,20.13853,21.009298,21.073198,20.988848,21.315357,21.87175,22.333601,21.414268,21.567465,22.074419,21.913881,21.359339,21.244059,21.078733,21.04614,0.0,0.0,0.0,4.0,4.0,0.0,0.0,0.0
25471,2023.0,6.0,26.0,21.0,21.66512,22.392426,20.468922,20.738636,21.380693,21.815685,21.019403,21.380693,22.031334,22.44721,21.472073,21.62271,22.62429,23.036636,22.172382,22.835672,21.037992,20.998747,4.0,4.0,0.0,4.0,4.0,4.0,4.0,0.0
25472,2023.0,6.0,26.0,21.0,21.219824,21.344307,20.239037,20.234158,20.978579,21.064524,21.01602,21.372509,21.473103,21.372309,21.442114,21.57194,22.78733,23.197489,21.61931,21.53688,20.995338,20.950079,0.0,0.0,0.0,0.0,4.0,4.0,0.0,0.0
25473,2023.0,6.0,26.0,21.0,21.007933,21.12749,19.994576,19.871834,21.02189,21.197561,21.139725,21.577942,21.182074,21.003185,21.400057,21.503862,22.7956,23.184984,21.29242,21.13709,20.953152,20.900978,0.0,0.0,4.0,0.0,4.0,4.0,0.0,0.0
25474,2023.0,6.0,26.0,21.0,21.007439,21.160091,20.010788,19.972609,21.010458,21.178904,21.002275,21.32824,21.7194,22.100979,21.363163,21.449987,22.18423,22.01494,21.185421,21.017054,21.717075,22.37321,0.0,0.0,0.0,4.0,4.0,0.0,0.0,4.0
25475,2023.0,6.0,26.0,21.0,21.00294,21.179893,20.001554,19.971859,21.00813,21.19819,21.020325,21.364489,21.30656,21.156374,21.318935,21.384653,21.898895,21.65998,22.046017,22.710598,21.165304,21.056353,0.0,0.0,0.0,0.0,4.0,0.0,4.0,0.0
25476,2023.0,6.0,26.0,22.0,21.00432,21.202835,19.96565,19.929226,21.00881,21.216358,21.018665,21.357416,21.65924,22.011124,21.27157,21.315922,21.776625,21.519112,21.466537,21.33023,20.831108,20.642466,0.0,0.0,0.0,4.0,4.0,0.0,0.0,0.0
25477,2023.0,6.0,26.0,22.0,21.004341,21.21759,19.933714,19.894247,21.009161,21.22969,21.012562,21.354654,21.224121,21.036413,20.927866,20.700497,21.695091,21.438366,21.12577,20.925877,21.5114,22.011024,0.0,0.0,0.0,0.0,0.0,0.0,0.0,4.0
25478,2023.0,6.0,26.0,22.0,21.004793,21.230118,19.90605,19.865196,21.00948,21.240837,21.01336,21.361889,20.960545,20.735226,21.035357,21.048649,21.794287,21.705885,21.02597,20.821163,21.022463,20.859875,0.0,0.0,0.0,0.0,4.0,0.0,0.0,0.0
25479,2023.0,6.0,26.0,22.0,21.005268,21.24098,19.880571,19.838715,21.00976,21.249933,21.013308,21.36581,20.869585,20.643957,20.802925,20.570784,21.790617,21.695738,21.852762,22.439077,20.754517,20.556286,0.0,0.0,0.0,0.0,0.0,0.0,4.0,0.0
25480,2023.0,6.0,26.0,22.0,21.005112,21.24989,19.855963,19.812998,21.009912,21.256868,21.013681,21.36979,21.589417,22.084301,20.626665,20.375242,21.750448,21.653805,21.319206,21.155613,21.391132,21.828297,0.0,0.0,0.0,4.0,0.0,0.0,0.0,4.0
25481,2023.0,6.0,26.0,22.0,21.00528,21.25738,19.83215,19.788033,21.010145,21.263002,21.013657,21.372173,21.268476,21.241837,20.700478,20.602108,21.714499,21.616669,21.017712,20.806181,20.94102,20.763535,0.0,0.0,0.0,0.0,0.0,0.0,0.0,0.0
25482,2023.0,6.0,26.0,23.0,21.005638,21.264332,19.808157,19.761894,21.010386,21.268803,21.013577,21.374096,20.875778,20.634289,20.708025,20.61128,21.67975,21.579813,21.010897,20.864708,20.690855,20.480724,0.0,0.0,0.0,0.0,0.0,0.0,0.0,0.0
25483,2023.0,6.0,26.0,23.0,20.853146,20.976835,19.78687,19.740519,20.729359,20.732662,20.636848,20.65044,20.752974,20.516636,20.6721,20.575605,21.64893,21.548893,21.029957,20.94539,20.612257,20.401987,0.0,0.0,0.0,0.0,0.0,0.0,0.0,0.0
25484,2023.0,6.0,26.0,23.0,20.789978,20.897804,19.768257,19.72156,20.604534,20.561842,20.481564,20.442884,20.827366,20.722975,20.641428,20.544273,22.28459,22.774725,21.011456,20.929443,20.681974,20.5913,0.0,0.0,0.0,0.0,0.0,4.0,0.0,0.0
25485,2023.0,6.0,26.0,23.0,20.750856,20.856102,19.749353,19.702099,20.537233,20.487795,20.399439,20.353876,20.832088,20.740232,20.610964,20.51293,21.66246,21.45873,20.98341,20.90104,20.68352,20.60307,0.0,0.0,0.0,0.0,0.0,0.0,0.0,0.0
25486,2023.0,6.0,26.0,23.0,20.717567,20.821108,19.730404,19.68221,20.4855,20.434027,20.336481,20.288942,20.808928,20.717869,20.58124,20.481897,22.150436,22.49407,20.955063,20.871649,20.661604,20.580927,0.0,0.0,0.0,0.0,0.0,4.0,0.0,0.0
25487,2023.0,6.0,26.0,23.0,20.687431,20.789608,19.711708,19.662647,20.440529,20.387913,20.282667,20.234161,21.345285,21.747334,20.840076,20.989555,21.626642,21.395605,20.92734,20.843058,20.637577,20.55608,0.0,0.0,0.0,4.0,4.0,0.0,0.0,0.0
25488,2023.0,6.0,27.0,0.0,20.65793,20.757303,19.692324,19.641323,20.397846,20.342379,20.23243,20.180944,21.56403,22.038708,20.623737,20.530283,21.450785,21.171467,20.899515,20.813486,20.612383,20.529198,0.0,0.0,0.0,4.0,0.0,0.0,0.0,0.0
25489,2023.0,6.0,27.0,0.0,20.632486,20.731373,19.674776,19.623262,20.361616,20.306952,20.190641,20.140392,20.908459,20.71546,20.83918,20.9832,21.386898,21.107466,20.874077,20.788015,20.58894,20.50563,0.0,0.0,0.0,0.0,4.0,0.0,0.0,0.0
25490,2023.0,6.0,27.0,0.0,20.605034,20.700462,19.654997,19.6006,20.323442,20.26557,20.147417,20.093754,20.686396,20.427416,20.617706,20.521677,21.494402,21.378721,20.847057,20.75892,20.563631,20.478237,0.0,0.0,0.0,0.0,0.0,0.0,0.0,0.0
25491,2023.0,6.0,27.0,0.0,20.57907,20.672205,19.635458,19.57841,20.2878,20.227522,20.107742,20.051588,20.60594,20.345026,20.540852,20.432478,21.492432,21.377768,20.820997,20.731426,20.538975,20.45208,0.0,0.0,0.0,0.0,0.0,0.0,0.0,0.0
25492,2023.0,6.0,27.0,0.0,20.553907,20.645292,19.616627,19.557814,20.25493,20.193474,20.07156,20.01432,20.721573,20.641932,20.501654,20.391964,21.470652,21.35873,20.7955,20.704866,20.514692,20.426683,0.0,0.0,0.0,0.0,0.0,0.0,0.0,0.0
25493,2023.0,6.0,27.0,0.0,20.529064,20.618664,19.597717,19.537153,20.223505,20.160809,20.03727,19.978909,20.696312,20.594696,20.465734,20.354774,21.44682,21.333666,20.77021,20.678509,20.49045,20.40132,0.0,0.0,0.0,0.0,0.0,0.0,0.0,0.0
25494,2023.0,6.0,27.0,1.0,20.50575,20.594849,19.580256,19.519644,20.195164,20.133429,20.006588,19.949488,21.241566,21.645988,20.43415,20.323887,21.423264,21.310064,20.745848,20.65408,20.46703,20.37781,0.0,0.0,0.0,4.0,0.0,0.0,0.0,0.0
25495,2023.0,6.0,27.0,1.0,20.480644,20.566887,19.560139,19.49681,20.164648,20.100649,19.9739,19.914665,20.849638,20.791626,20.400824,20.288275,21.39767,21.282389,20.719774,20.626184,20.441748,20.35066,0.0,0.0,0.0,0.0,0.0,0.0,0.0,0.0
25496,2023.0,6.0,27.0,1.0,20.454689,20.536852,19.5386,19.4714,20.13339,20.065788,19.940716,19.877947,20.542446,20.266222,20.366758,20.250683,21.370907,21.252672,20.692627,20.596458,20.415268,20.321533,0.0,0.0,0.0,0.0,0.0,0.0,0.0,0.0
25497,2023.0,6.0,27.0,1.0,20.429367,20.508015,19.516684,19.445461,20.102737,20.031555,19.908422,19.842161,20.433603,20.146202,20.333176,20.213768,21.344164,21.223179,20.665455,20.566954,20.38865,20.292498,0.0,0.0,0.0,0.0,0.0,0.0,0.0,0.0
25498,2023.0,6.0,27.0,1.0,20.40484,20.480946,19.496506,19.42328,20.074718,20.002111,19.87909,19.811586,20.55379,20.456247,20.301544,20.180637,21.318235,21.195528,20.63877,20.538734,20.362501,20.26479,0.0,0.0,0.0,0.0,0.0,0.0,0.0,0.0
25499,2023.0,6.0,27.0,1.0,20.38061,20.454714,19.476046,19.400747,20.047138,19.973093,19.850388,19.78161,21.126091,21.531408,20.270164,20.147936,21.292383,21.168194,20.612099,20.510817,20.336287,20.237295,0.0,0.0,0.0,4.0,0.0,0.0,0.0,0.0
25500,2023.0,6.0,27.0,2.0,20.355577,20.42663,19.454462,19.376095,20.018753,19.942108,19.821014,19.749754,20.722939,20.654242,20.237598,20.112925,21.26551,21.139038,20.584393,20.481146,20.308956,20.207947,0.0,0.0,0.0,0.0,0.0,0.0,0.0,0.0
25501,2023.0,6.0,27.0,2.0,20.329979,20.397083,19.432016,19.349838,19.989796,19.909687,19.791195,19.71655,20.397186,20.094671,20.20407,20.076084,21.237873,21.108557,20.55586,20.450127,20.280722,20.17715,0.0,0.0,0.0,0.0,0.0,0.0,0.0,0.0
25502,2023.0,6.0,27.0,2.0,20.31019,20.37915,19.41042,19.325405,19.962225,19.879747,19.762938,19.686026,20.284544,19.973242,20.48805,20.63616,21.210915,21.079552,20.527838,20.420338,20.252974,20.147585,0.0,0.0,0.0,0.0,4.0,0.0,0.0,0.0
25503,2023.0,6.0,27.0,2.0,20.298952,20.378412,19.388721,19.30083,19.934862,19.849987,19.735056,19.655825,20.415432,20.30861,20.239231,20.11342,21.18384,21.05042,20.499601,20.390331,20.224976,20.117767,0.0,0.0,0.0,0.0,0.0,0.0,0.0,0.0
25504,2023.0,6.0,27.0,2.0,20.278118,20.35532,19.365898,19.274021,19.90663,19.818308,19.706478,19.623833,20.397963,20.27324,20.162428,20.026283,21.156105,21.020079,20.47073,20.359253,20.196268,20.086761,0.0,0.0,0.0,0.0,0.0,0.0,0.0,0.0
25505,2023.0,6.0,27.0,2.0,20.256536,20.332344,19.346172,19.253616,19.881842,19.793407,19.68148,19.598782,20.368496,20.245079,20.124321,19.988897,21.13036,20.993843,20.443468,20.331612,20.894428,21.425488,0.0,0.0,0.0,0.0,0.0,0.0,0.0,4.0
25506,2023.0,6.0,27.0,3.0,20.232857,20.305714,19.323996,19.228552,19.854847,19.763952,19.654444,19.569277,20.907522,21.283623,20.085268,19.947596,21.102993,20.964426,20.41467,20.301054,20.407297,20.35462,0.0,0.0,0.0,4.0,0.0,0.0,0.0,0.0
25507,2023.0,6.0,27.0,3.0,20.208609,20.278065,19.301186,19.20244,19.827488,19.733706,19.627266,19.539145,20.516365,20.430847,20.047619,19.907274,21.075247,20.934385,20.385397,20.269768,20.069263,19.781391,0.0,0.0,0.0,0.0,0.0,0.0,0.0,0.0
25508,2023.0,6.0,27.0,3.0,20.183556,20.248821,19.277336,19.174475,19.799295,19.701801,19.599295,19.507437,20.170265,19.832796,20.009748,19.865911,21.046875,20.903166,20.35533,20.237164,19.947203,19.640854,0.0,0.0,0.0,0.0,0.0,0.0,0.0,0.0
25509,2023.0,6.0,27.0,3.0,20.15922,20.221336,19.254229,19.148268,19.772112,19.671965,19.572193,19.477737,20.049957,19.703371,19.973522,19.82746,21.019001,20.87326,20.325705,20.205751,20.056759,19.932537,0.0,0.0,0.0,0.0,0.0,0.0,0.0,0.0
25510,2023.0,6.0,27.0,3.0,20.134356,20.193365,19.230843,19.121798,19.744862,19.64206,19.544912,19.44791,20.199759,20.081327,20.256414,20.388657,20.99086,20.843086,20.29574,20.174006,20.051228,19.930391,0.0,0.0,0.0,0.0,4.0,0.0,0.0,0.0
25511,2023.0,6.0,27.0,3.0,20.110243,20.16741,19.208595,19.097729,19.718904,19.614777,19.518969,19.420723,20.771093,21.148365,20.027664,19.907608,21.64048,22.096165,20.26644,20.143944,20.023401,19.902054,0.0,0.0,0.0,4.0,0.0,4.0,0.0,0.0
25512,2023.0,6.0,27.0,4.0,20.085186,20.13948,19.185368,19.071613,19.69198,19.585468,19.49209,19.391542,20.97115,21.402271,19.925026,19.774698,20.941837,20.625195,20.236078,20.112133,19.992374,19.869617,0.0,0.0,0.0,4.0,0.0,0.0,0.0,0.0
25513,2023.0,6.0,27.0,4.0,20.061413,20.113586,19.163322,19.047983,19.666008,19.55802,19.46609,19.364166,20.76814,20.91732,19.880274,19.72752,20.71,20.318716,20.205742,20.080704,19.960537,19.836624,0.0,0.0,0.0,4.0,0.0,0.0,0.0,0.0
25514,2023.0,6.0,27.0,4.0,20.040846,20.093319,19.14443,19.030237,19.643167,19.536493,19.44332,19.342749,20.183403,19.829967,19.842482,19.69149,20.640184,20.25206,20.177917,20.05389,19.931332,19.808512,0.0,0.0,0.0,0.0,0.0,0.0,0.0,0.0
25515,2023.0,6.0,27.0,4.0,20.018692,20.07002,19.124146,19.009672,19.618765,19.511822,19.419155,19.318308,19.993765,19.625937,19.804895,19.653189,20.804688,20.645123,20.149038,20.024668,19.900995,19.777792,0.0,0.0,0.0,0.0,0.0,0.0,0.0,0.0
25516,2023.0,6.0,27.0,4.0,19.996647,20.047562,19.10374,18.988974,19.594444,19.48728,19.395178,19.294086,19.903448,19.541311,19.76929,19.61723,20.815414,20.6577,20.120853,19.996454,19.871492,19.748222,0.0,0.0,0.0,0.0,0.0,0.0,0.0,0.0
25517,2023.0,6.0,27.0,4.0,19.974787,20.02593,19.084888,18.971498,19.571827,19.466002,19.372858,19.27309,20.065294,19.945559,19.737307,19.58675,20.798409,20.647827,20.094112,19.97052,19.843689,19.721308,0.0,0.0,0.0,0.0,0.0,0.0,0.0,0.0
25518,2023.0,6.0,27.0,5.0,19.952139,20.002995,19.064474,18.950823,19.547874,19.441761,19.349182,19.249157,20.04947,19.909874,19.705702,19.554981,20.778536,20.62824,20.06762,19.94411,19.816189,19.693861,0.0,0.0,0.0,0.0,0.0,0.0,0.0,0.0
25519,2023.0,6.0,27.0,5.0,19.932611,19.986288,19.048363,18.938814,19.528122,19.425934,19.329653,19.233543,20.608744,20.991146,19.980429,20.095457,20.760538,20.613127,20.044744,19.924017,19.79263,19.673227,0.0,0.0,0.0,4.0,4.0,0.0,0.0,0.0
25520,2023.0,6.0,27.0,5.0,19.912537,19.968054,19.031605,18.92494,19.507437,19.407875,19.30925,19.215755,20.210957,20.121166,19.776617,19.65655,20.742914,20.597652,20.022474,19.903687,19.769741,19.652336,0.0,0.0,0.0,0.0,0.0,0.0,0.0,0.0
25521,2023.0,6.0,27.0,5.0,19.893177,19.950697,19.449762,19.724527,19.487328,19.390635,19.289509,19.198837,19.893595,19.578876,19.692326,19.551329,20.726767,20.583899,20.001944,19.88539,20.475882,21.002361,4.0,0.0,0.0,0.0,0.0,0.0,0.0,4.0
25522,2023.0,6.0,27.0,5.0,19.873549,19.932713,19.605446,19.929243,19.467041,19.372805,19.269741,19.181433,20.33104,20.486502,19.664099,19.52506,20.711836,20.571123,19.982567,19.867949,20.000036,19.946928,4.0,0.0,0.0,4.0,0.0,0.0,0.0,0.0
25523,2023.0,6.0,27.0,5.0,19.85429,19.915438,19.08069,18.883314,19.447268,19.355774,19.250631,19.164919,20.493284,20.691843,19.929848,20.043056,20.69877,20.560461,20.880121,21.576012,20.372112,20.70283,0.0,0.0,0.0,4.0,4.0,0.0,4.0,4.0
25524,2023.0,6.0,27.0,6.0,19.835207,19.898066,18.83324,18.504658,19.427694,19.338705,19.231718,19.148401,20.552593,20.756742,20.066088,20.23446,20.687359,20.551413,20.125734,19.92891,19.84043,19.6079,0.0,0.0,0.0,4.0,4.0,0.0,0.0,0.0
25525,2023.0,6.0,27.0,6.0,21.121119,22.171947,18.761133,18.433586,21.201778,22.513723,21.19813,22.63397,20.006939,19.809824,20.12468,20.304321,21.38151,21.878176,21.287403,22.05537,20.431034,20.847265,0.0,0.0,4.0,0.0,4.0,4.0,0.0,4.0
25526,2023.0,6.0,27.0,6.0,21.0073,21.844313,18.906406,18.78203,20.999777,21.927982,21.006222,22.07336,20.416681,20.641008,19.999903,20.04818,21.457039,21.761688,21.004452,21.452,20.677998,21.079084,0.0,0.0,0.0,4.0,0.0,4.0,0.0,4.0
25527,2023.0,6.0,27.0,6.0,21.030327,21.793196,19.423307,19.741951,21.002611,21.803556,21.041544,21.997137,19.974354,19.757895,19.950605,19.915205,20.965324,20.888966,21.025026,21.438992,20.744373,21.154026,4.0,4.0,0.0,0.0,4.0,0.0,0.0,4.0
25528,2023.0,6.0,27.0,6.0,21.026901,21.723248,20.062351,20.743906,21.030518,21.81442,21.036045,21.88949,20.484697,20.777414,20.02816,20.06817,21.411676,21.733309,21.014166,21.3922,20.088902,19.869421,4.0,0.0,0.0,4.0,0.0,4.0,0.0,0.0
25529,2023.0,6.0,27.0,6.0,21.017914,21.680002,20.003372,20.528801,21.007515,21.68188,21.026188,21.822979,20.10041,19.868032,20.011854,20.001308,21.576092,21.910328,21.015047,21.372978,19.82511,19.58109,4.0,4.0,0.0,0.0,4.0,4.0,0.0,0.0
25530,2023.0,6.0,27.0,7.0,21.019165,21.66402,20.028568,20.532879,21.01137,21.649641,21.0008,21.718773,20.531479,20.853384,20.01338,20.012156,21.649765,21.992489,21.546919,22.337866,19.760828,19.528938,0.0,4.0,4.0,4.0,0.0,4.0,4.0,0.0
25531,2023.0,6.0,27.0,7.0,21.108614,21.792439,19.768957,19.96394,21.010164,21.620922,21.014711,21.711843,20.772285,21.104713,20.265963,20.480497,20.992584,20.81612,20.939875,21.123068,19.724249,19.502062,4.0,4.0,4.0,4.0,4.0,0.0,0.0,0.0
25532,2023.0,6.0,27.0,7.0,20.987898,21.538925,20.069384,20.574385,21.03595,21.674324,21.038551,21.757847,20.2346,20.031242,20.41117,20.656872,21.017645,20.897367,21.412163,22.012896,19.833286,19.753721,0.0,0.0,0.0,0.0,4.0,0.0,4.0,0.0
25533,2023.0,6.0,27.0,7.0,21.031782,21.644114,19.829617,20.044699,21.029593,21.642153,21.03248,21.723934,20.006746,19.768398,19.991735,19.886183,21.005573,20.889936,21.574776,22.167475,20.780113,21.523775,4.0,0.0,0.0,0.0,0.0,0.0,4.0,4.0
25534,2023.0,6.0,27.0,7.0,21.02363,21.619116,20.059414,20.52955,21.003399,21.553724,21.006145,21.633444,20.6492,21.030859,20.161282,20.22094,21.577658,21.980225,21.645107,22.242216,20.206314,20.097363,0.0,4.0,4.0,4.0,4.0,4.0,4.0,0.0
25535,2023.0,6.0,27.0,7.0,20.996496,21.536837,19.49595,19.412481,21.008013,21.557468,21.010849,21.636055,20.285337,20.11856,19.98331,19.863394,21.765606,22.15359,20.946428,21.003723,19.863464,19.669142,0.0,4.0,4.0,0.0,0.0,4.0,0.0,0.0
25536,2023.0,6.0,27.0,8.0,21.00144,21.548334,19.309597,19.263283,21.007143,21.554209,21.010143,21.632093,20.052267,19.833704,19.849623,19.618574,21.185255,21.002865,21.02424,21.19126,20.681517,21.27053,0.0,4.0,4.0,0.0,0.0,0.0,0.0,4.0
25537,2023.0,6.0,27.0,8.0,20.42016,20.467157,19.267735,19.235546,20.314428,20.254538,20.250935,20.2032,20.00473,19.787418,19.899857,19.776783,21.639734,22.009975,21.584194,22.2407,20.226921,20.124874,0.0,0.0,0.0,0.0,0.0,4.0,4.0,0.0
25538,2023.0,6.0,27.0,8.0,20.183338,20.157341,19.227098,19.19889,20.009949,19.837095,19.923641,19.759521,20.095047,19.986887,19.943918,19.841843,21.18379,21.0363,20.872324,20.777126,20.016909,19.831656,0.0,0.0,0.0,0.0,0.0,0.0,0.0,0.0
25539,2023.0,6.0,27.0,8.0,20.753147,21.32247,19.188461,19.164396,20.513504,20.892544,19.787527,19.626497,20.131556,20.040686,19.955605,19.855526,21.00128,20.758942,20.596905,20.390173,19.961016,19.776482,0.0,4.0,0.0,0.0,0.0,0.0,0.0,0.0
25540,2023.0,6.0,27.0,8.0,20.294737,20.38308,19.155266,19.135744,20.096342,20.061733,19.696278,19.550993,20.137817,20.048914,19.964167,19.86371,21.650486,22.025585,21.433723,22.048122,19.930857,19.752665,0.0,0.0,0.0,0.0,0.0,4.0,4.0,0.0
25541,2023.0,6.0,27.0,8.0,20.079014,20.087656,19.124983,19.109735,19.858284,19.724163,19.71023,19.666838,20.141104,20.052494,19.971926,19.871407,21.23142,21.114908,20.83874,20.769491,20.844572,21.512136,0.0,0.0,0.0,0.0,0.0,0.0,0.0,4.0
25542,2023.0,6.0,27.0,9.0,20.001211,20.016367,19.097597,19.086452,19.76767,19.63703,19.680109,19.66058,20.142384,20.054377,19.978754,19.878773,21.047222,20.825706,20.582756,20.397396,20.283915,20.242495,0.0,0.0,0.0,0.0,0.0,0.0,0.0,0.0
25543,2023.0,6.0,27.0,9.0,20.037817,20.156519,19.072525,19.065239,19.788809,19.754225,19.629377,19.614153,20.141857,20.055094,20.3558,20.586153,21.00498,20.78513,20.502106,20.318277,20.053875,19.895153,0.0,0.0,0.0,0.0,4.0,0.0,0.0,0.0
25544,2023.0,6.0,27.0,9.0,20.01696,20.150059,19.493044,19.877243,19.76138,19.74363,19.58429,19.574799,20.825785,21.350307,20.150204,20.116013,21.079971,20.96728,20.452156,20.279886,20.004004,19.85134,4.0,0.0,0.0,4.0,0.0,0.0,0.0,0.0
25545,2023.0,6.0,27.0,9.0,19.983036,20.120598,20.074924,20.847916,20.392357,20.972374,19.54185,19.536905,20.366913,20.326021,20.05417,19.96247,21.095345,20.99851,20.480337,20.38719,19.973705,19.830982,0.0,4.0,0.0,0.0,0.0,0.0,0.0,0.0
25546,2023.0,6.0,27.0,9.0,20.64786,21.40889,19.519299,19.669468,20.523233,21.02702,19.497822,19.498209,20.116364,19.982859,20.038143,19.948774,21.086761,20.997313,20.47001,20.389467,19.999592,19.918314,0.0,4.0,0.0,0.0,0.0,0.0,0.0,0.0
25547,2023.0,6.0,27.0,9.0,20.15004,20.322605,19.7051,20.103363,20.544136,21.0473,19.463259,19.467619,20.075287,19.940825,20.3789,20.599031,21.077068,20.992205,20.444042,20.368893,19.997425,19.927624,4.0,4.0,0.0,0.0,4.0,0.0,0.0,0.0
25548,2023.0,6.0,27.0,10.0,19.948555,20.040907,20.05142,20.686611,20.021898,20.053324,19.430414,19.438957,20.111486,20.034554,20.179272,20.154465,21.066734,20.986343,20.41696,20.346275,19.981739,19.916569,0.0,0.0,0.0,0.0,0.0,0.0,0.0,0.0
25549,2023.0,6.0,27.0,10.0,20.567856,21.269663,19.877645,20.26571,20.389917,20.904894,20.074137,20.683924,20.118597,20.04896,20.056112,19.98106,21.053143,20.975042,20.38659,20.318617,19.96185,19.898836,4.0,4.0,4.0,0.0,0.0,0.0,0.0,0.0
25550,2023.0,6.0,27.0,10.0,20.103664,20.273724,20.044437,20.585701,20.498425,21.02271,19.665512,19.780502,20.108803,20.041225,20.03394,19.95646,21.040003,20.963577,20.359955,20.293755,19.943247,19.881716,0.0,4.0,0.0,0.0,0.0,0.0,0.0,0.0
25551,2023.0,6.0,27.0,10.0,20.535297,21.236534,19.570372,19.646812,19.984728,20.03304,20.017483,20.573442,20.09595,20.029896,20.02123,19.94567,21.026035,20.951342,20.332388,20.268192,19.92329,19.863342,0.0,0.0,4.0,0.0,0.0,0.0,0.0,0.0
25552,2023.0,6.0,27.0,10.0,20.076973,20.258186,19.392397,19.412632,19.777376,19.744267,20.140846,20.692528,20.084187,20.019306,20.011108,19.937057,21.747898,22.33446,20.309423,20.246847,19.906166,19.847519,0.0,0.0,4.0,0.0,0.0,4.0,0.0,0.0
25553,2023.0,6.0,27.0,10.0,20.558235,21.247576,19.75025,20.143967,20.320889,20.830404,19.641983,19.714373,20.073215,20.009247,20.00185,19.928995,21.23246,21.212963,20.287474,20.226236,19.890663,19.83309,4.0,4.0,0.0,0.0,0.0,0.0,0.0,0.0
25554,2023.0,6.0,27.0,11.0,20.678713,21.36029,20.037708,20.62693,19.924042,19.996998,19.447855,19.43869,20.063494,20.000032,19.993868,19.921572,21.029364,20.886566,20.267529,20.207243,20.73193,21.435625,0.0,0.0,0.0,0.0,0.0,0.0,0.0,4.0
25555,2023.0,6.0,27.0,11.0,20.148224,20.326113,19.597565,19.731535,19.661205,19.649557,20.007698,20.55356,20.055597,19.993216,19.98804,19.917053,21.667355,22.143028,20.247818,20.188717,20.279314,20.307215,0.0,0.0,4.0,0.0,0.0,4.0,0.0,0.0
25556,2023.0,6.0,27.0,11.0,19.961552,20.076035,19.819866,20.231358,19.59952,19.583298,19.607351,19.69341,20.050676,19.989162,19.985497,19.91556,21.23044,21.201452,20.232222,20.173862,20.056942,19.972424,4.0,0.0,0.0,0.0,0.0,0.0,0.0,0.0
25557,2023.0,6.0,27.0,11.0,19.89829,20.017427,20.033436,20.587856,19.582832,19.592741,20.068737,20.639954,20.046524,19.98584,19.984434,19.915543,21.760342,22.256954,20.218237,20.16074,19.99633,19.910326,0.0,0.0,4.0,0.0,0.0,4.0,0.0,0.0
25558,2023.0,6.0,27.0,11.0,20.539066,21.27219,19.94122,20.349504,19.554705,19.571186,20.246073,20.816166,20.042841,19.98286,19.984928,19.916866,21.35003,21.326168,20.204687,20.147953,19.961071,19.880095,4.0,0.0,4.0,0.0,0.0,0.0,0.0,0.0
25559,2023.0,6.0,27.0,11.0,20.672728,21.387026,20.012873,20.477833,19.526829,19.54552,19.7237,19.8065,20.04163,19.98185,19.988577,19.92101,21.165216,21.03539,20.19477,20.138206,19.95975,19.900545,4.0,0.0,0.0,0.0,0.0,0.0,0.0,0.0
25560,2023.0,6.0,27.0,12.0,20.13168,20.321167,20.018383,20.496841,19.497557,19.519157,19.487518,19.51906,20.043121,19.983202,19.995108,19.927525,21.104992,20.97486,20.186365,20.12978,19.950737,19.894062,0.0,0.0,0.0,0.0,0.0,0.0,0.0,0.0
25561,2023.0,6.0,27.0,12.0,21.115808,22.161592,19.648684,19.77871,21.192852,22.562119,21.202389,22.62343,20.048216,19.98873,20.005234,19.937635,21.123747,21.043537,21.30314,22.121439,19.941124,19.885483,0.0,0.0,0.0,0.0,0.0,0.0,0.0,0.0
25562,2023.0,6.0,27.0,12.0,21.006536,21.882292,19.415823,19.473387,20.964958,21.918066,20.995361,22.042965,20.057913,19.998755,20.020065,19.953083,21.12993,21.059074,20.993357,21.449734,19.936226,19.880714,0.0,4.0,0.0,0.0,0.0,0.0,0.0,0.0
25563,2023.0,6.0,27.0,12.0,21.004953,21.791817,19.325663,19.36406,21.025173,21.936218,21.024021,21.974302,20.070866,20.01145,20.038202,19.971018,21.126617,21.056164,21.031368,21.474712,19.937498,19.882109,0.0,4.0,4.0,0.0,0.0,0.0,0.0,0.0
25564,2023.0,6.0,27.0,12.0,21.047697,21.874384,19.272663,19.315208,21.060495,21.952154,21.064762,22.014046,20.086401,20.026325,20.058992,19.990885,21.127785,21.057005,21.027212,21.405424,19.943787,19.88837,0.0,0.0,0.0,0.0,0.0,0.0,0.0,0.0
25565,2023.0,6.0,27.0,12.0,21.043055,21.81967,19.23262,19.280014,21.055298,21.879353,21.0593,21.940813,20.103128,20.04267,20.08105,20.012346,21.131727,21.06073,21.026516,21.36895,19.952753,19.897543,0.0,0.0,0.0,0.0,0.0,0.0,0.0,0.0
25566,2023.0,6.0,27.0,13.0,21.041496,21.79525,19.199924,19.252432,21.051615,21.835852,21.054737,21.90121,20.119764,20.059456,20.102995,20.034346,21.136871,21.066477,21.02437,21.33543,19.962713,19.90815,0.0,0.0,0.0,0.0,0.0,0.0,0.0,0.0
25567,2023.0,6.0,27.0,13.0,21.038866,21.774618,19.17111,19.227028,21.04804,21.80352,21.052547,21.87186,20.134188,20.073378,20.122288,20.052935,21.140873,21.070183,21.02323,21.310894,19.971432,19.91685,0.0,0.0,0.0,0.0,0.0,0.0,0.0,0.0
25568,2023.0,6.0,27.0,13.0,21.14014,21.929262,19.148258,19.209621,20.99566,21.668108,20.995363,21.727507,20.145985,20.084408,20.138132,20.067507,21.915634,22.537848,21.007687,21.267178,19.978907,19.92456,0.0,4.0,4.0,0.0,0.0,4.0,0.0,0.0
25569,2023.0,6.0,27.0,13.0,21.0021,21.677824,19.563452,20.009418,21.028887,21.745102,21.031326,21.810146,20.89619,21.494781,20.153484,20.083776,21.539032,21.606781,21.00935,21.257778,19.985954,19.932749,4.0,0.0,0.0,4.0,0.0,0.0,0.0,0.0
25570,2023.0,6.0,27.0,13.0,21.020473,21.711391,20.058468,20.78522,20.99563,21.646233,21.024012,21.782885,20.54426,20.577599,20.167423,20.099863,21.279808,21.220564,21.008957,21.247568,19.991453,19.939795,0.0,4.0,0.0,0.0,0.0,0.0,0.0,0.0
25571,2023.0,6.0,27.0,13.0,21.017712,21.700205,19.55951,19.736902,21.001524,21.652973,20.998163,21.699484,20.341394,20.31628,20.17884,20.114237,21.23393,21.167429,21.008667,21.241041,19.994968,19.945707,0.0,4.0,4.0,0.0,0.0,0.0,0.0,0.0
25572,2023.0,6.0,27.0,14.0,21.177921,21.975422,19.281696,19.354757,21.001614,21.649595,21.048695,21.82307,20.325317,20.305307,20.186962,20.1274,21.21963,21.157213,21.01898,21.258211,19.99605,19.950006,0.0,4.0,0.0,0.0,0.0,0.0,0.0,0.0
25573,2023.0,6.0,27.0,14.0,21.192104,21.950113,19.228348,19.303757,20.97999,21.604177,20.437777,20.62298,20.284399,20.23604,20.185059,20.126055,21.203768,21.142937,21.761393,22.647024,19.991169,19.945936,0.0,4.0,0.0,0.0,0.0,0.0,4.0,0.0
25574,2023.0,6.0,27.0,14.0,21.21067,21.970423,19.193514,19.264078,20.450045,20.614594,20.17621,20.268713,20.258005,20.206152,20.177214,20.120058,21.91491,22.510357,21.89548,22.726227,19.982283,19.938448,0.0,0.0,0.0,0.0,0.0,4.0,4.0,0.0
25575,2023.0,6.0,27.0,14.0,20.669481,20.945314,19.1651,19.23341,20.216568,20.29532,20.679619,21.306423,20.23803,20.188013,20.16474,20.110151,21.47212,21.548496,21.133585,21.22812,19.969725,19.927843,0.0,0.0,4.0,0.0,0.0,0.0,0.0,0.0
25576,2023.0,6.0,27.0,14.0,21.093447,21.861296,19.140333,19.206627,20.114523,20.18493,20.251192,20.427425,20.900852,21.457962,20.148409,20.097082,21.943272,22.490969,20.852053,20.813105,20.805065,21.522556,0.0,0.0,0.0,4.0,0.0,4.0,0.0,4.0
25577,2023.0,6.0,27.0,14.0,20.611156,20.876925,19.117556,19.181517,20.038239,20.10479,20.636648,21.25844,20.526468,20.620909,20.129301,20.081146,21.481321,21.532988,20.739733,20.691246,21.073067,21.840517,0.0,0.0,4.0,0.0,0.0,0.0,0.0,4.0
25578,2023.0,6.0,27.0,15.0,21.058996,21.83159,19.09711,19.159075,19.95365,19.995039,20.721989,21.338863,20.33347,20.314552,20.108797,20.063873,21.279573,21.215977,20.664242,20.616459,20.415688,20.511328,0.0,0.0,4.0,0.0,0.0,0.0,0.0,0.0
25579,2023.0,6.0,27.0,15.0,20.573627,20.8322,19.518906,19.964329,19.891699,19.927938,20.734802,21.343199,20.273096,20.246077,20.087887,20.04634,21.21001,21.139357,20.60286,20.55714,21.005651,21.71139,4.0,0.0,4.0,0.0,0.0,0.0,0.0,4.0
25580,2023.0,6.0,27.0,15.0,21.03219,21.80284,20.070595,20.872612,20.510435,21.134691,20.209396,20.345005,20.925037,21.510176,20.066908,20.02845,21.863192,22.421028,20.54986,20.506762,20.442911,20.52798,0.0,4.0,0.0,4.0,0.0,4.0,0.0,0.0
25581,2023.0,6.0,27.0,15.0,21.155302,21.887356,19.899986,20.407274,20.173792,20.32704,20.54706,21.146982,21.164883,21.758276,20.41442,20.70112,21.463346,21.506458,21.462976,22.283272,20.147875,20.136368,4.0,0.0,4.0,4.0,4.0,0.0,4.0,0.0
25582,2023.0,6.0,27.0,15.0,21.169413,21.893044,20.04118,20.65882,20.586332,21.186571,20.651873,21.257132,21.219606,21.80586,20.57763,20.94414,21.949717,22.501118,21.676754,22.48782,20.07623,20.055313,0.0,4.0,4.0,4.0,4.0,4.0,4.0,0.0
25583,2023.0,6.0,27.0,15.0,21.187775,21.906113,19.612,19.786469,20.73989,21.334455,20.13853,20.27375,20.677483,20.742668,20.296314,20.371157,22.138937,22.722324,20.92848,20.99394,20.03164,20.011738,0.0,4.0,0.0,0.0,0.0,4.0,0.0,0.0
25584,2023.0,6.0,27.0,16.0,20.633968,20.853664,19.833752,20.276491,20.764809,21.35221,19.926682,19.977869,20.454872,20.417997,20.143936,20.125858,21.542288,21.55967,20.67214,20.625713,19.9919,19.965448,4.0,4.0,0.0,0.0,0.0,0.0,0.0,0.0
25585,2023.0,6.0,27.0,16.0,21.073656,21.796122,20.030306,20.599012,20.26345,20.394957,20.46166,21.04738,20.378334,20.338501,20.098288,20.073496,21.336576,21.260834,21.501202,22.265198,19.96234,19.937311,0.0,0.0,4.0,0.0,0.0,0.0,4.0,0.0
25586,2023.0,6.0,27.0,16.0,20.655071,20.884047,19.635227,19.797422,20.605892,21.191177,20.11133,20.246508,20.323008,20.286367,20.064596,20.036434,21.247757,21.169598,20.972551,21.028503,19.935814,19.9125,0.0,4.0,0.0,0.0,0.0,0.0,0.0,0.0
25587,2023.0,6.0,27.0,16.0,21.081354,21.799543,19.862078,20.292492,20.721506,21.315565,20.516836,21.102835,20.96924,21.538954,20.042988,20.014336,21.197893,21.122013,20.726744,20.682306,20.768312,21.503952,4.0,4.0,4.0,4.0,0.0,0.0,0.0,4.0
25588,2023.0,6.0,27.0,16.0,20.605558,20.826248,20.004658,20.504131,20.216187,20.336817,20.631117,21.230198,20.546984,20.607222,20.02638,19.99825,21.185768,21.140486,20.635664,20.587242,21.001198,21.743532,4.0,0.0,4.0,0.0,0.0,0.0,0.0,4.0
25589,2023.0,6.0,27.0,16.0,21.015265,21.769775,20.016819,20.516232,20.590506,21.186779,20.659494,21.253275,20.303345,20.283308,20.010983,19.983788,21.16019,21.12118,20.569754,20.524504,21.111074,21.844376,0.0,4.0,4.0,0.0,0.0,0.0,0.0,4.0
25590,2023.0,6.0,27.0,17.0,20.602911,20.84085,19.658592,19.80519,20.748278,21.338228,20.152077,20.276106,20.243504,20.216333,19.998549,19.972641,21.130445,21.093302,20.527193,20.492992,20.454817,20.522314,0.0,4.0,0.0,0.0,0.0,0.0,0.0,0.0
25591,2023.0,6.0,27.0,17.0,21.061388,21.805313,19.905176,20.335768,20.248667,20.374949,19.950987,20.002657,20.217903,20.190863,20.337723,20.618347,21.871372,22.52061,20.494314,20.462347,20.238554,20.216637,4.0,0.0,0.0,0.0,4.0,4.0,0.0,0.0
25592,2023.0,6.0,27.0,17.0,21.157047,21.88759,20.018545,20.514437,20.043781,20.087421,19.870579,19.91841,20.19667,20.170147,20.16537,20.224958,21.355547,21.399517,20.46398,20.433533,20.163967,20.137936,0.0,0.0,0.0,0.0,0.0,0.0,0.0,0.0
25593,2023.0,6.0,27.0,17.0,21.184122,21.908028,19.666452,19.809374,20.579962,21.166962,19.807322,19.85736,20.17597,20.150473,20.022583,20.010427,21.841753,22.45376,20.4335,20.404377,20.110119,20.085619,0.0,4.0,0.0,0.0,0.0,4.0,0.0,0.0
25594,2023.0,6.0,27.0,17.0,21.21337,21.934198,19.916803,20.344074,20.70848,21.301105,19.75209,19.7917,20.160769,20.136066,19.992926,19.970564,21.338995,21.382269,21.379992,22.216719,20.07438,20.05156,4.0,4.0,0.0,0.0,0.0,0.0,4.0,0.0
25595,2023.0,6.0,27.0,17.0,20.680437,20.914503,20.014307,20.494448,20.747597,21.332605,20.366066,20.982841,20.146599,20.122704,19.979986,19.956778,21.8322,22.37942,20.767584,20.847397,20.041164,20.017174,0.0,4.0,4.0,0.0,0.0,4.0,0.0,0.0
25596,2023.0,6.0,27.0,18.0,21.058828,21.794123,20.041533,20.497406,20.789644,21.371552,20.569832,21.170755,20.131527,20.108793,19.96849,19.946146,21.421923,21.450098,20.450489,20.425552,20.85973,21.592514,4.0,4.0,4.0,0.0,0.0,0.0,0.0,4.0
25597,2023.0,6.0,27.0,18.0,21.161203,21.884357,20.010595,20.44277,21.02874,21.763493,21.062046,21.993849,20.118507,20.096148,19.959211,19.936914,21.938887,22.507353,21.097454,21.581173,20.324816,20.398365,0.0,4.0,4.0,0.0,0.0,4.0,0.0,0.0
25598,2023.0,6.0,27.0,18.0,21.19316,21.909546,19.67528,19.787027,20.996262,21.654812,20.99468,21.784721,20.104712,20.08291,19.94949,19.927786,22.124199,22.69852,21.000702,21.367384,20.043179,20.024076,0.0,4.0,4.0,0.0,0.0,4.0,0.0,0.0
25599,2023.0,6.0,27.0,18.0,21.227312,21.938013,19.51068,19.588495,21.027142,21.703928,21.030767,21.82314,20.092299,20.071558,20.30041,20.597395,21.52408,21.52607,21.011902,21.360586,19.99545,19.976284,0.0,0.0,0.0,0.0,4.0,0.0,0.0,0.0
25600,2023.0,6.0,27.0,18.0,20.98988,21.52131,19.863447,20.298498,20.995214,21.590063,21.023457,21.76476,20.080013,20.059778,20.148157,20.199076,22.012224,22.604822,21.63564,22.499737,19.970276,19.951527,4.0,4.0,0.0,0.0,0.0,4.0,4.0,0.0
25601,2023.0,6.0,27.0,18.0,21.018627,21.58088,20.007795,20.461248,21.026562,21.65414,21.0237,21.730877,20.068375,20.04918,20.0077,19.999043,22.159052,22.725567,20.957209,21.149326,19.949512,19.931456,4.0,0.0,0.0,0.0,0.0,4.0,0.0,0.0
25602,2023.0,6.0,27.0,19.0,21.20411,21.902346,20.016806,20.449331,21.011688,21.573011,20.997429,21.631968,20.730204,21.308006,19.968689,19.951221,22.190226,22.750599,21.021996,21.295525,20.83548,21.628874,4.0,4.0,4.0,4.0,0.0,4.0,0.0,4.0
25603,2023.0,6.0,27.0,19.0,21.28219,21.985292,20.031559,20.459137,21.008175,21.563978,21.002361,21.627356,20.394997,20.45029,19.950066,19.932062,22.225597,22.781973,21.010103,21.275642,21.107595,21.823044,4.0,4.0,4.0,0.0,0.0,4.0,0.0,4.0
25604,2023.0,6.0,27.0,19.0,21.307299,22.00514,20.011755,20.427328,21.024141,21.609434,21.00165,21.615595,20.16881,20.151142,20.314344,20.63345,22.254599,22.806427,21.01161,21.27917,20.420265,20.46029,0.0,0.0,4.0,0.0,4.0,4.0,0.0,0.0
25605,2023.0,6.0,27.0,19.0,20.977846,21.434216,19.693651,19.804033,21.03459,21.585155,21.00159,21.60687,20.110798,20.083197,20.14932,20.19965,22.2793,22.82695,21.684896,22.53708,20.139746,20.11262,0.0,4.0,4.0,0.0,0.0,4.0,4.0,0.0
25606,2023.0,6.0,27.0,19.0,21.224924,21.904818,19.917194,20.324638,21.04014,21.587442,21.001413,21.598944,20.727453,21.26787,19.988644,19.972736,22.300205,22.843958,20.96659,21.117216,20.06764,20.040009,4.0,4.0,4.0,4.0,0.0,4.0,0.0,0.0
25607,2023.0,6.0,27.0,19.0,21.316196,22.002512,20.013266,20.43806,21.047752,21.592693,21.001217,21.59171,20.990086,21.54973,19.942507,19.917797,21.694925,21.685036,21.680185,22.502197,20.025862,19.998781,0.0,4.0,4.0,4.0,0.0,0.0,4.0,0.0
25608,2023.0,6.0,27.0,20.0,21.339785,22.022127,20.047894,20.460855,21.05473,21.59726,21.00109,21.584995,20.476376,20.51062,19.928234,19.912167,21.409775,21.317577,20.97253,21.10505,20.002739,19.986242,4.0,4.0,4.0,0.0,0.0,0.0,0.0,0.0
25609,2023.0,6.0,27.0,20.0,21.357882,22.03733,20.008835,20.393341,21.062359,21.60369,21.00103,21.578573,20.884184,21.422646,19.91552,19.901758,21.996685,22.513708,21.02217,21.238237,20.882137,21.67619,0.0,4.0,4.0,4.0,0.0,4.0,0.0,4.0
25610,2023.0,6.0,27.0,20.0,21.373848,22.049875,19.7077,19.807236,21.070889,21.611103,21.026873,21.643597,20.495977,20.51932,19.901793,19.889563,22.199242,22.74149,21.009674,21.228342,21.134712,21.835373,0.0,4.0,0.0,0.0,0.0,4.0,0.0,4.0
25611,2023.0,6.0,27.0,20.0,21.388573,22.06183,19.534681,19.584538,21.0143,21.529928,21.020784,21.617685,20.92182,21.471056,20.251816,20.561611,22.238636,22.777811,21.011131,21.2393,21.20153,21.896008,0.0,0.0,0.0,4.0,4.0,4.0,0.0,4.0
25612,2023.0,6.0,27.0,20.0,21.403574,22.075052,19.467556,19.507702,21.073214,21.609274,21.020998,21.604443,20.51798,20.538488,20.080036,20.122023,21.633024,21.606432,21.009312,21.243822,20.517996,20.540524,0.0,4.0,0.0,0.0,0.0,0.0,0.0,0.0
25613,2023.0,6.0,27.0,20.0,21.418028,22.088018,19.862553,20.28449,21.012108,21.510632,21.020634,21.592293,20.942528,21.490532,19.945189,19.943884,22.093187,22.651451,21.009445,21.24911,20.227947,20.191057,4.0,0.0,0.0,4.0,0.0,4.0,0.0,0.0
25614,2023.0,6.0,27.0,21.0,20.965258,21.307983,20.015413,20.470516,21.019331,21.52081,21.018013,21.583157,20.532974,20.546986,19.90921,19.90112,21.596165,21.565876,21.009651,21.252653,20.146168,20.110857,0.0,0.0,0.0,0.0,0.0,0.0,0.0,0.0
25615,2023.0,6.0,27.0,21.0,21.019722,21.448454,19.683155,19.79679,21.018112,21.512178,21.018223,21.579716,20.295462,20.257645,19.889595,19.881325,22.079678,22.659082,21.009134,21.253637,20.09714,20.06423,0.0,0.0,0.0,0.0,0.0,4.0,0.0,0.0
25616,2023.0,6.0,27.0,21.0,21.2999,21.97292,19.4909,19.538153,21.01548,21.505922,21.100414,21.70512,20.230812,20.191696,20.247116,20.56935,22.213642,22.74724,21.009594,21.255518,20.058662,20.028412,0.0,0.0,4.0,0.0,4.0,4.0,0.0,0.0
25617,2023.0,6.0,27.0,21.0,20.970383,21.346006,19.432953,19.472748,21.015762,21.504196,21.010015,21.546053,20.927937,21.550001,20.057564,20.096582,22.241304,22.77243,21.009205,21.255087,20.041546,20.02786,0.0,0.0,0.0,4.0,0.0,4.0,0.0,0.0
25618,2023.0,6.0,27.0,21.0,21.018122,21.458685,19.396542,19.43468,21.015669,21.501543,21.021894,21.566813,21.121475,21.666214,19.926506,19.92415,21.646278,21.622135,21.0093,21.255106,20.92455,21.723856,0.0,0.0,0.0,4.0,0.0,0.0,0.0,4.0
25619,2023.0,6.0,27.0,21.0,21.011713,21.45451,19.367266,19.40454,21.165825,21.758581,21.01993,21.557243,20.56543,20.580688,19.892954,19.885233,21.377762,21.2843,21.009388,21.25469,20.419353,20.45816,0.0,4.0,0.0,0.0,0.0,0.0,0.0,0.0
25620,2023.0,6.0,27.0,22.0,21.010433,21.461418,19.342371,19.379162,20.99502,21.436876,21.017279,21.551678,20.319113,20.276287,20.22553,20.522095,21.288807,21.191326,21.70282,22.548056,20.12183,20.097225,0.0,0.0,0.0,0.0,4.0,0.0,4.0,0.0
25621,2023.0,6.0,27.0,22.0,21.010899,21.468237,19.318993,19.3533,21.021198,21.489798,21.017614,21.550694,20.242153,20.189108,20.001865,20.050238,21.954264,22.511103,20.967665,21.089964,20.046885,20.009909,0.0,0.0,0.0,0.0,0.0,4.0,0.0,0.0
25622,2023.0,6.0,27.0,22.0,21.010975,21.471872,19.296707,19.327957,21.017727,21.479336,21.017626,21.548433,20.810427,21.301819,19.891605,19.854794,21.495657,21.45592,21.024647,21.227072,20.805134,21.481194,0.0,0.0,0.0,4.0,0.0,0.0,0.0,4.0
25623,2023.0,6.0,27.0,22.0,21.010937,21.473478,19.276073,19.304167,21.015059,21.476004,21.017477,21.545256,20.446596,20.428976,19.866734,19.845263,21.229471,21.117992,21.009617,21.208748,20.32923,20.323885,0.0,0.0,0.0,0.0,0.0,0.0,0.0,0.0
25624,2023.0,6.0,27.0,22.0,21.010517,21.474686,19.256908,19.282011,21.015463,21.476898,21.017529,21.54235,20.216007,20.142385,19.851982,19.831478,21.90185,22.462307,21.011604,21.217861,20.069502,20.013863,0.0,0.0,0.0,0.0,0.0,4.0,0.0,0.0
25625,2023.0,6.0,27.0,22.0,21.010893,21.476133,19.238937,19.261108,21.015335,21.475712,21.017546,21.539675,20.19683,20.165106,19.832415,19.80991,21.410654,21.339512,21.008759,21.220078,19.997047,19.930788,0.0,0.0,0.0,0.0,0.0,0.0,0.0,0.0
25626,2023.0,6.0,27.0,23.0,21.022482,21.499386,19.220264,19.237865,21.03149,21.505297,21.035683,21.571857,20.17634,20.146366,19.811369,19.784153,21.149027,21.010765,21.017696,21.242828,19.997389,19.973028,0.0,0.0,0.0,0.0,0.0,0.0,0.0,0.0
25627,2023.0,6.0,27.0,23.0,20.719152,20.911823,19.208239,19.227018,20.616785,20.70046,20.563486,20.654743,20.151787,20.124516,19.796392,19.769978,21.789257,22.286177,20.761711,20.74909,19.983353,19.961182,0.0,0.0,0.0,0.0,0.0,4.0,0.0,0.0
25628,2023.0,6.0,27.0,23.0,20.595196,20.75049,19.197792,19.216372,20.425991,20.43339,20.353563,20.366951,20.130869,20.10418,19.783344,19.756245,21.28549,21.21408,20.66625,20.632307,19.964516,19.94143,0.0,0.0,0.0,0.0,0.0,0.0,0.0,0.0
25629,2023.0,6.0,27.0,23.0,20.534985,20.688234,19.188076,19.206734,20.33965,20.34043,20.258093,20.265778,20.69197,21.174292,19.770903,19.74343,21.116995,20.981394,20.616417,20.582996,20.67074,21.287403,0.0,0.0,0.0,4.0,0.0,0.0,0.0,4.0
25630,2023.0,6.0,27.0,23.0,20.48754,20.639944,19.178854,19.197388,20.275454,20.27497,20.186142,20.192629,20.323143,20.35304,19.758755,19.730717,21.060265,20.923687,20.575113,20.542276,20.1997,20.235428,0.0,0.0,0.0,0.0,0.0,0.0,0.0,0.0
25631,2023.0,6.0,27.0,23.0,20.448034,20.6003,19.170233,19.188736,20.222515,20.22227,20.12715,20.133865,20.715315,21.148056,19.747131,19.718689,21.828873,22.433765,20.539715,20.50798,19.999678,19.930685,0.0,0.0,0.0,4.0,0.0,4.0,0.0,0.0
25632,2023.0,6.0,28.0,0.0,20.412815,20.563673,19.162016,19.180372,20.176237,20.176044,20.07569,20.08243,20.30206,20.267422,20.048721,20.28993,21.269176,21.21859,20.506536,20.473324,20.686354,21.272001,0.0,0.0,0.0,0.0,4.0,0.0,0.0,4.0
25633,2023.0,6.0,28.0,0.0,20.381296,20.530872,19.154667,19.173136,20.134666,20.133945,20.029531,20.035574,20.138407,20.043016,19.853344,19.854849,21.06914,20.930355,20.47663,20.442556,20.885004,21.484243,0.0,0.0,0.0,0.0,0.0,0.0,0.0,4.0
25634,2023.0,6.0,28.0,0.0,20.354233,20.504177,19.148367,19.167398,20.09957,20.100506,19.991026,19.998613,20.091448,19.998663,19.781984,19.754293,21.016094,20.880161,20.450878,20.41726,20.26027,20.233047,0.0,0.0,0.0,0.0,0.0,0.0,0.0,0.0
25635,2023.0,6.0,28.0,0.0,20.327227,20.47553,19.141714,19.160688,20.064602,20.063988,19.952976,19.958527,20.113071,20.080894,19.759298,19.729774,21.060398,21.015142,20.42595,20.391256,20.073479,19.986101,0.0,0.0,0.0,0.0,0.0,0.0,0.0,0.0
25636,2023.0,6.0,28.0,0.0,20.303719,20.45199,19.135775,19.15525,20.035103,20.0356,19.920914,19.927446,20.09845,20.067774,19.743572,19.714182,21.040617,20.992886,20.404232,20.369633,20.01331,19.929789,0.0,0.0,0.0,0.0,0.0,0.0,0.0,0.0
25637,2023.0,6.0,28.0,0.0,20.282825,20.431978,19.130468,19.150923,20.010035,20.013618,19.893585,19.90335,20.66943,21.15719,19.731493,19.703173,21.018456,20.972902,20.385197,20.351582,20.016863,19.984453,0.0,0.0,0.0,4.0,0.0,0.0,0.0,0.0
25638,2023.0,6.0,28.0,1.0,20.262115,20.410759,19.124826,19.145704,19.98469,19.98894,19.865868,19.87627,20.285755,20.307528,19.719677,19.691315,20.995804,20.950138,20.366665,20.332964,19.9989,19.973326,0.0,0.0,0.0,0.0,0.0,0.0,0.0,0.0
25639,2023.0,6.0,28.0,1.0,20.243195,20.391556,19.119492,19.140882,19.961313,19.966333,19.840252,19.851402,20.1076,20.027931,20.04166,20.30307,20.974537,20.928955,20.349697,20.316107,19.973625,19.947802,0.0,0.0,0.0,0.0,4.0,0.0,0.0,0.0
25640,2023.0,6.0,28.0,1.0,20.22617,20.374992,19.11467,19.136738,19.940502,19.947184,19.817518,19.830366,20.053848,19.96963,19.845798,19.867193,20.955439,20.910694,20.334532,20.301603,20.675255,21.289186,0.0,0.0,0.0,0.0,0.0,0.0,0.0,4.0
25641,2023.0,6.0,28.0,1.0,20.209349,20.357998,19.109905,19.132439,19.920366,19.927916,19.795748,19.809338,20.696938,21.220919,19.758202,19.73168,20.936794,20.892752,20.319992,20.287283,20.148977,20.134592,0.0,0.0,0.0,4.0,0.0,0.0,0.0,0.0
25642,2023.0,6.0,28.0,1.0,20.193436,20.341885,19.105232,19.128223,19.901438,19.909782,19.77549,19.789707,20.302315,20.331226,19.737955,19.711586,20.919409,20.875765,20.306372,20.273878,19.984789,19.912823,0.0,0.0,0.0,0.0,0.0,0.0,0.0,0.0
25643,2023.0,6.0,28.0,1.0,20.178455,20.326666,19.10059,19.124027,19.88351,19.892563,19.756311,19.771116,20.11604,20.039293,20.055462,20.318562,20.902954,20.85968,20.293541,20.261248,19.937603,19.866375,0.0,0.0,0.0,0.0,4.0,0.0,0.0,0.0
25644,2023.0,6.0,28.0,2.0,20.169489,20.322838,19.09614,19.120039,19.866743,19.876707,19.738354,19.75401,20.05924,19.976059,19.839958,19.846333,20.887535,20.84482,20.281548,20.249592,19.945683,19.919264,0.0,0.0,0.0,0.0,0.0,0.0,0.0,0.0
25645,2023.0,6.0,28.0,2.0,20.167906,20.33181,19.089867,19.112274,19.848484,19.857008,19.718918,19.733025,20.07522,20.044918,19.762241,19.73465,20.87087,20.827068,20.268782,20.23582,19.92904,19.902784,0.0,0.0,0.0,0.0,0.0,0.0,0.0,0.0
25646,2023.0,6.0,28.0,2.0,20.15635,20.319057,19.083454,19.104612,19.83156,19.839441,19.70094,19.714378,20.05931,20.028572,19.740824,19.71196,20.855108,20.81065,20.256405,20.22274,19.90847,19.881437,0.0,0.0,0.0,0.0,0.0,0.0,0.0,0.0
25647,2023.0,6.0,28.0,2.0,20.144026,20.305635,19.077494,19.098196,19.816433,19.825092,19.684883,19.699175,20.62373,21.104057,19.723846,19.695404,20.840439,20.796375,20.244623,20.210896,20.615568,21.229424,0.0,0.0,0.0,4.0,0.0,0.0,0.0,4.0
25648,2023.0,6.0,28.0,2.0,20.130894,20.290754,19.070492,19.089867,19.80004,19.8077,19.66766,19.68086,20.246376,20.267817,19.707014,19.676954,20.824474,20.779459,20.231953,20.197327,20.894167,21.592968,0.0,0.0,0.0,0.0,0.0,0.0,0.0,4.0
25649,2023.0,6.0,28.0,2.0,20.118546,20.27716,19.063622,19.081923,19.784616,19.791754,19.651808,19.664297,20.06514,19.98127,19.691587,19.660551,20.808928,20.763393,20.219507,20.18431,20.214125,20.203014,0.0,0.0,0.0,0.0,0.0,0.0,0.0,0.0
25650,2023.0,6.0,28.0,3.0,20.105368,20.261896,19.055664,19.07197,19.767958,19.772943,19.634863,19.64495,19.995457,19.894358,19.675112,19.641542,20.791956,20.744549,20.206059,20.169437,19.99999,19.90467,0.0,0.0,0.0,0.0,0.0,0.0,0.0,0.0
25651,2023.0,6.0,28.0,3.0,20.09418,20.250593,19.049974,19.066698,19.75501,19.761246,19.621628,19.632864,20.648212,21.168657,19.979822,20.221743,20.777817,20.731398,20.194416,20.158285,19.940023,19.850594,0.0,0.0,0.0,4.0,4.0,0.0,0.0,0.0
25652,2023.0,6.0,28.0,3.0,20.082533,20.238178,19.043903,19.060362,19.74131,19.74757,19.607512,19.618694,20.251835,20.276392,19.785702,19.793238,20.762974,20.716513,20.182392,20.14612,19.892744,19.804981,0.0,0.0,0.0,0.0,0.0,0.0,0.0,0.0
25653,2023.0,6.0,28.0,3.0,20.071085,20.225763,19.037844,19.05382,19.727627,19.733564,19.593367,19.604162,20.049187,19.953283,20.023542,20.272663,20.748205,20.701408,20.170467,20.133875,19.910261,19.87916,0.0,0.0,0.0,0.0,4.0,0.0,0.0,0.0
25654,2023.0,6.0,28.0,3.0,20.06017,20.214273,19.032106,19.04782,19.714703,19.720772,19.579987,19.590881,19.987349,19.885658,19.785934,19.770813,20.734295,20.687609,20.159163,20.12255,19.89153,19.858809,0.0,0.0,0.0,0.0,0.0,0.0,0.0,0.0
25655,2023.0,6.0,28.0,3.0,20.04924,20.202826,19.026115,19.041325,19.701609,19.707375,19.56645,19.576992,20.01472,19.981516,19.720036,19.684177,20.720533,20.67368,20.148058,20.111296,19.870201,19.838764,0.0,0.0,0.0,0.0,0.0,0.0,0.0,0.0
25656,2023.0,6.0,28.0,4.0,20.038334,20.191397,19.020273,19.035267,19.689201,19.695066,19.553608,19.56423,19.998281,19.96296,19.694485,19.659868,20.707544,20.660835,20.137482,20.100733,19.850208,19.818743,0.0,0.0,0.0,0.0,0.0,0.0,0.0,0.0
25657,2023.0,6.0,28.0,4.0,20.027979,20.181114,19.01524,19.031086,19.67827,19.685621,19.542236,19.55438,20.572363,21.058226,19.675934,19.643177,20.696072,20.650703,20.127964,20.092052,19.832663,19.802425,0.0,0.0,0.0,4.0,0.0,0.0,0.0,0.0
25658,2023.0,6.0,28.0,4.0,20.017443,20.17026,19.009724,19.02594,19.666636,19.674475,19.530104,19.54274,20.188398,20.208622,19.658916,19.626186,20.684242,20.639412,20.118307,20.082733,19.815567,19.785536,0.0,0.0,0.0,0.0,0.0,0.0,0.0,0.0
25659,2023.0,6.0,28.0,4.0,20.007204,20.159636,19.00382,19.020054,19.654552,19.66223,19.517483,19.529943,19.995817,19.89853,19.643047,19.60971,20.67229,20.627542,20.10864,20.073149,19.799223,19.768948,0.0,0.0,0.0,0.0,0.0,0.0,0.0,0.0
25660,2023.0,6.0,28.0,4.0,19.99775,20.15038,18.99874,19.015854,19.64424,19.653296,19.506704,19.520601,20.544607,20.977882,19.630722,19.59878,20.661884,20.618404,20.09996,20.065277,19.785326,19.75613,0.0,0.0,0.0,4.0,0.0,0.0,0.0,0.0
25661,2023.0,6.0,28.0,4.0,19.98774,20.14011,18.993065,19.010565,19.633062,19.642578,19.49502,19.509396,20.127123,20.073868,19.61848,19.58684,20.651117,20.608198,20.09108,20.056757,19.771585,19.742672,0.0,0.0,0.0,0.0,0.0,0.0,0.0,0.0
25662,2023.0,6.0,28.0,5.0,19.978125,20.130356,18.987432,19.005344,19.62216,19.63219,19.483627,19.49854,20.59826,21.039482,19.607666,19.576454,20.640957,20.598686,20.08267,20.04878,19.759031,19.730515,0.0,0.0,0.0,4.0,0.0,0.0,0.0,0.0
25663,2023.0,6.0,28.0,5.0,19.968813,20.121147,18.982014,19.000626,19.61162,19.622475,19.47262,19.488392,20.181137,20.145279,19.598248,19.567787,21.369566,21.983046,20.07481,20.041542,20.478132,21.095417,0.0,0.0,0.0,0.0,0.0,4.0,0.0,4.0
25664,2023.0,6.0,28.0,5.0,19.959633,20.111952,18.976597,18.99585,19.601242,19.6127,19.461794,19.478191,20.022846,19.927254,19.589886,19.560066,20.815002,20.778767,20.067326,20.034597,20.021572,20.071388,0.0,0.0,0.0,0.0,0.0,0.0,0.0,0.0
25665,2023.0,6.0,28.0,5.0,19.950396,20.10265,18.971159,18.991016,19.591063,19.603004,19.451225,19.46811,20.031792,19.993433,19.900707,20.146772,21.351635,21.869036,20.060167,20.02822,19.821476,19.75284,0.0,0.0,0.0,0.0,4.0,4.0,0.0,0.0
25666,2023.0,6.0,28.0,5.0,19.941147,20.093441,18.965899,18.986364,19.58118,19.593714,19.44098,19.458464,20.019432,19.989655,19.723194,19.745573,20.85369,20.806425,20.053715,20.02249,20.520935,21.113256,0.0,0.0,0.0,0.0,0.0,0.0,0.0,4.0
25667,2023.0,6.0,28.0,5.0,19.931862,20.0842,18.960752,18.981798,19.571495,19.584606,19.430994,19.449045,19.99951,19.97073,19.638645,19.61441,21.37794,21.87198,21.025494,21.854753,20.030815,20.035248,0.0,0.0,0.0,0.0,0.0,4.0,4.0,0.0
25668,2023.0,6.0,28.0,6.0,20.575634,21.299921,18.955471,18.977007,19.56199,19.575333,19.421003,19.43936,20.573973,21.065687,19.622341,19.596186,21.550426,22.079277,21.211731,21.96478,20.607481,21.203863,0.0,0.0,0.0,4.0,0.0,4.0,4.0,4.0
25669,2023.0,6.0,28.0,6.0,21.035595,21.977318,18.951576,18.974966,21.15507,22.38784,21.20102,22.61619,20.80052,21.360106,19.92352,20.165968,21.6187,22.146297,21.291252,22.109097,20.796482,21.409988,0.0,4.0,0.0,4.0,4.0,4.0,0.0,4.0
25670,2023.0,6.0,28.0,6.0,20.99442,21.782618,19.396217,19.813759,21.006357,21.944952,21.000107,22.019106,20.26117,20.2377,20.112837,20.411022,20.987461,21.000051,21.019377,21.496367,20.899204,21.512302,4.0,0.0,0.0,0.0,4.0,0.0,0.0,4.0
25671,2023.0,6.0,28.0,6.0,21.026894,21.798569,20.083208,20.907608,21.00329,21.802677,21.027763,21.953896,20.683538,21.185373,19.990803,20.159794,21.591532,22.175434,21.01602,21.444874,20.26554,20.244097,0.0,4.0,0.0,4.0,0.0,4.0,0.0,0.0
25672,2023.0,6.0,28.0,6.0,20.997082,21.66642,19.493568,19.646984,21.004807,21.73361,21.023664,21.865696,20.304611,20.286692,20.097507,20.323708,21.086401,21.042755,21.015568,21.408632,20.010183,19.940094,0.0,4.0,0.0,0.0,4.0,0.0,0.0,0.0
25673,2023.0,6.0,28.0,6.0,21.022442,21.68022,19.599733,19.998075,21.004116,21.683878,21.02368,21.810041,20.092463,20.027195,20.166384,20.402376,21.012522,21.052973,21.578396,22.426958,20.743092,21.383284,4.0,4.0,0.0,0.0,4.0,0.0,4.0,4.0
25674,2023.0,6.0,28.0,7.0,21.05588,21.714567,20.060501,20.740513,21.029364,21.719677,20.996943,21.696062,20.045654,19.979118,19.985409,20.066994,21.569895,22.109915,20.941668,21.156006,21.009699,21.633104,0.0,0.0,4.0,0.0,0.0,4.0,0.0,4.0
25675,2023.0,6.0,28.0,7.0,21.088083,21.748995,19.883778,20.295042,20.996838,21.602243,21.028038,21.754356,20.058147,20.029396,19.859274,19.826313,21.763788,22.309761,21.024845,21.32833,20.376835,20.372292,4.0,4.0,0.0,0.0,0.0,4.0,0.0,0.0
25676,2023.0,6.0,28.0,7.0,21.116232,21.777925,20.026009,20.565388,21.002449,21.593403,21.025116,21.718283,20.75568,21.349443,20.204233,20.519094,21.185455,21.157825,21.012165,21.301508,20.978556,21.68694,4.0,4.0,0.0,4.0,4.0,0.0,0.0,4.0
25677,2023.0,6.0,28.0,7.0,21.153564,21.826149,19.998589,20.477364,21.001293,21.577238,21.024517,21.692482,20.366283,20.376595,20.379692,20.719011,21.687078,22.254004,21.013056,21.298885,21.218542,21.891306,4.0,4.0,0.0,0.0,4.0,4.0,0.0,4.0
25678,2023.0,6.0,28.0,7.0,21.187216,21.863966,20.020044,20.511509,21.000984,21.56574,21.020544,21.671408,20.135796,20.087662,20.052881,20.05766,21.210804,21.183052,21.010017,21.29254,20.530077,20.534492,0.0,4.0,0.0,0.0,0.0,0.0,0.0,0.0
25679,2023.0,6.0,28.0,7.0,21.212578,21.891172,19.96544,20.359476,21.045277,21.670456,21.04315,21.70288,20.088924,20.035524,19.887362,19.833706,21.002401,20.939863,21.020996,21.31156,20.240389,20.179573,4.0,0.0,0.0,0.0,0.0,0.0,0.0,0.0
25680,2023.0,6.0,28.0,8.0,21.23108,21.906425,20.024557,20.48962,21.008902,21.540546,21.017212,21.642344,20.09586,20.070189,19.882019,19.855371,21.643307,22.194113,21.00884,21.28386,20.171385,20.117645,0.0,4.0,0.0,0.0,0.0,4.0,0.0,0.0
25681,2023.0,6.0,28.0,8.0,20.687431,20.873869,19.654276,19.761349,20.469395,20.54395,20.478804,20.600367,20.096594,20.075851,19.879332,19.857119,21.213501,21.20357,20.729885,20.743053,20.132822,20.08782,0.0,0.0,0.0,0.0,0.0,0.0,0.0,0.0
25682,2023.0,6.0,28.0,8.0,20.488802,20.619295,19.951756,20.399786,20.254217,20.25489,20.242527,20.276638,20.093916,20.07497,20.249754,20.559866,21.050524,20.969603,20.621227,20.594522,20.126183,20.101929,4.0,0.0,0.0,0.0,4.0,0.0,0.0,0.0
25683,2023.0,6.0,28.0,8.0,20.415113,20.555367,20.012472,20.479483,20.172792,20.181587,20.141945,20.174192,20.091763,20.074135,20.034834,20.070005,21.007917,20.933609,20.573915,20.54728,20.111372,20.090736,0.0,0.0,0.0,0.0,0.0,0.0,0.0,0.0
25684,2023.0,6.0,28.0,8.0,20.356117,20.506533,20.028286,20.462452,20.112204,20.137447,20.050156,20.081318,20.090271,20.0736,19.916576,19.9002,21.011534,20.978426,20.532526,20.506262,20.093672,20.074333,4.0,0.0,0.0,0.0,0.0,0.0,0.0,0.0
25685,2023.0,6.0,28.0,8.0,20.334303,20.509567,20.054903,20.49758,20.06622,20.09565,19.994015,20.028944,20.090744,20.074892,19.90947,19.893309,20.99766,20.967285,20.507492,20.482851,20.081709,20.063808,4.0,0.0,0.0,0.0,0.0,0.0,0.0,0.0
25686,2023.0,6.0,28.0,9.0,20.302591,20.483416,20.008228,20.42211,20.027466,20.064117,19.94749,19.990196,20.091825,20.076626,19.911028,19.89576,21.712193,22.339308,20.487036,20.465185,20.919558,21.657969,0.0,0.0,0.0,0.0,0.0,4.0,0.0,4.0
25687,2023.0,6.0,28.0,9.0,20.265451,20.445904,19.71579,19.85636,20.647976,21.271883,19.895437,19.939701,20.092411,20.076838,19.912956,19.897429,21.290344,21.330555,20.464497,20.442833,20.48382,20.556496,0.0,4.0,0.0,0.0,0.0,0.0,0.0,0.0
25688,2023.0,6.0,28.0,9.0,20.8969,21.65685,19.590658,19.687885,20.782928,21.388132,19.858126,19.903101,20.093233,20.077219,19.915945,19.90003,21.117489,21.069176,20.448933,20.427206,20.297607,20.287695,0.0,4.0,0.0,0.0,0.0,0.0,0.0,0.0
25689,2023.0,6.0,28.0,9.0,21.035496,21.776697,19.50747,19.572868,20.29248,20.42542,20.492865,21.129683,20.094395,20.078184,19.91911,19.903042,21.071512,21.0219,20.435814,20.414446,20.245865,20.234404,0.0,0.0,4.0,0.0,0.0,0.0,0.0,0.0
25690,2023.0,6.0,28.0,9.0,20.522415,20.75735,19.897951,20.347048,20.11743,20.180637,20.657112,21.300089,20.096504,20.080355,19.922539,19.906467,21.058393,21.026052,20.425062,20.404055,20.2164,20.207401,4.0,0.0,4.0,0.0,0.0,0.0,0.0,0.0
25691,2023.0,6.0,28.0,9.0,20.389439,20.595955,20.008163,20.47658,20.060608,20.1265,20.694504,21.310347,20.099245,20.083263,19.926523,19.910467,21.833817,22.514877,20.41572,20.395319,20.185606,20.167568,4.0,0.0,4.0,0.0,0.0,4.0,0.0,0.0
25692,2023.0,6.0,28.0,10.0,20.964108,21.716957,20.013788,20.476469,20.64839,21.267086,20.200226,20.345394,20.10215,20.086401,19.93183,19.916111,21.953968,22.583864,20.407213,20.38719,20.165247,20.146406,0.0,4.0,0.0,0.0,0.0,4.0,0.0,0.0
25693,2023.0,6.0,28.0,10.0,20.586227,20.833138,19.709686,19.867388,20.842049,21.452698,19.968119,20.056265,20.105225,20.088907,19.93702,19.92061,22.013714,22.635172,20.398394,20.378103,20.147781,20.128866,0.0,4.0,0.0,0.0,0.0,4.0,0.0,0.0
25694,2023.0,6.0,28.0,10.0,20.436605,20.643682,19.998053,20.465563,20.350622,20.492502,19.910593,19.994322,20.108274,20.091331,19.941725,19.924545,21.436613,21.4881,20.392717,20.372124,20.135359,20.116318,4.0,0.0,0.0,0.0,0.0,0.0,0.0,0.0
25695,2023.0,6.0,28.0,10.0,20.377344,20.58069,20.003412,20.442915,20.16897,20.241804,19.87472,19.96037,20.111004,20.093466,19.946587,19.928806,21.946545,22.522968,20.387995,20.367165,20.124304,20.105146,0.0,0.0,0.0,0.0,0.0,4.0,0.0,0.0
25696,2023.0,6.0,28.0,10.0,20.31716,20.507303,20.081673,20.54817,20.70865,21.316399,19.813135,19.872726,20.808758,21.406162,19.951792,19.933094,21.517635,21.571585,20.383102,20.362038,20.113533,20.094313,4.0,4.0,0.0,4.0,0.0,0.0,0.0,0.0
25697,2023.0,6.0,28.0,10.0,20.28102,20.46858,20.121279,20.591919,20.324276,20.487965,19.775566,19.83022,21.064764,21.715662,19.957441,19.93785,21.322845,21.274212,20.379822,20.358263,20.952509,21.686325,4.0,0.0,0.0,4.0,0.0,0.0,0.0,4.0
25698,2023.0,6.0,28.0,11.0,20.907545,21.669338,19.997053,20.3731,20.135456,20.211702,20.411991,21.051144,20.549456,20.648497,19.964334,19.943855,21.257427,21.20263,20.377737,20.355574,20.464197,20.571865,0.0,0.0,4.0,0.0,0.0,0.0,0.0,0.0
25699,2023.0,6.0,28.0,11.0,20.557787,20.810957,19.7583,19.9149,20.69566,21.31784,20.638199,21.26824,21.016628,21.637093,19.973696,19.952991,21.214565,21.16434,20.37703,20.354937,20.21044,20.223125,0.0,4.0,4.0,4.0,0.0,0.0,0.0,0.0
25700,2023.0,6.0,28.0,11.0,21.062752,21.844816,19.613005,19.692724,20.29891,20.45845,20.69377,21.320728,20.585432,20.686335,19.98413,19.963343,21.198444,21.160734,20.378191,20.356062,20.184217,20.18849,0.0,0.0,4.0,0.0,0.0,0.0,0.0,0.0
25701,2023.0,6.0,28.0,11.0,20.605705,20.869835,19.981892,20.429333,20.750338,21.380733,20.205753,20.36646,20.421568,20.424742,19.99573,19.974682,21.179892,21.144682,20.380894,20.358652,20.182817,20.188578,4.0,4.0,0.0,0.0,0.0,0.0,0.0,0.0
25702,2023.0,6.0,28.0,11.0,21.104631,21.89722,20.002218,20.426075,20.339317,20.504362,20.659428,21.308449,20.39094,20.390036,20.008728,19.987684,21.163609,21.128899,20.384895,20.362448,20.158167,20.13893,0.0,0.0,4.0,0.0,0.0,0.0,0.0,0.0
25703,2023.0,6.0,28.0,11.0,20.706127,20.9809,19.759663,19.936771,20.72759,21.368086,20.28171,20.45153,20.380066,20.381546,20.376436,20.665323,21.148201,21.114052,20.389517,20.36678,20.14923,20.128878,0.0,4.0,0.0,0.0,4.0,0.0,0.0,0.0
25704,2023.0,6.0,28.0,12.0,21.155476,21.917004,20.069302,20.563185,20.320477,20.493746,20.101639,20.2102,20.35285,20.330507,20.201483,20.246248,21.138247,21.104183,20.394882,20.371834,20.15043,20.12979,4.0,0.0,0.0,0.0,0.0,0.0,0.0,0.0
25705,2023.0,6.0,28.0,12.0,21.281685,22.056812,19.991642,20.387619,21.090368,21.897284,21.096687,22.000988,20.343412,20.318563,20.121157,20.103018,21.13142,21.098589,21.09656,21.587032,20.154036,20.134241,0.0,4.0,4.0,0.0,0.0,0.0,0.0,0.0
25706,2023.0,6.0,28.0,12.0,21.333954,22.102993,19.763397,19.933542,21.007519,21.64285,21.00738,21.765463,20.342813,20.318907,20.120577,20.100182,21.125986,21.094187,20.994595,21.343847,20.15969,20.140928,0.0,4.0,0.0,0.0,0.0,0.0,0.0,0.0
25707,2023.0,6.0,28.0,12.0,20.963734,21.440796,19.61363,19.716066,21.031738,21.674574,20.994907,21.666891,20.346462,20.323889,20.132578,20.112778,21.123312,21.092682,21.010193,21.328527,20.16704,20.149187,0.0,4.0,4.0,0.0,0.0,0.0,0.0,0.0
25708,2023.0,6.0,28.0,12.0,21.023376,21.570599,19.54082,19.626314,21.037214,21.673702,21.042126,21.751522,20.352448,20.331495,20.148602,20.131105,21.122501,21.093002,21.019463,21.306505,20.176294,20.159632,0.0,0.0,0.0,0.0,0.0,0.0,0.0,0.0
25709,2023.0,6.0,28.0,12.0,21.008738,21.53072,19.940624,20.405857,21.113436,21.761423,21.01473,21.663553,21.078943,21.700605,20.163168,20.14606,21.122673,21.094437,21.005741,21.255098,20.185696,20.16996,4.0,4.0,0.0,4.0,0.0,0.0,0.0,0.0
25710,2023.0,6.0,28.0,13.0,21.01081,21.532005,20.001825,20.424364,21.165096,21.818834,21.018038,21.648579,20.815577,20.962585,20.179781,20.16497,21.918428,22.607841,21.006762,21.236013,20.195858,20.181793,0.0,4.0,0.0,0.0,0.0,4.0,0.0,0.0
25711,2023.0,6.0,28.0,13.0,21.022537,21.548975,20.128885,20.620888,21.201826,21.856367,21.09223,21.742558,20.581293,20.616938,20.19453,20.18067,22.169806,22.847374,21.015509,21.23442,20.203705,20.189663,4.0,4.0,4.0,0.0,0.0,4.0,0.0,0.0
25712,2023.0,6.0,28.0,13.0,21.00827,21.516214,19.98553,20.342308,20.98523,21.476667,21.133572,21.791458,20.556707,20.593105,20.205975,20.1914,22.25179,22.926582,21.004148,21.199757,20.209959,20.195871,0.0,0.0,4.0,0.0,0.0,4.0,0.0,0.0
25713,2023.0,6.0,28.0,13.0,21.010675,21.517149,19.81312,20.01171,21.18841,21.848726,21.158663,21.81553,20.49467,20.47546,20.216568,20.202164,22.32592,22.995613,21.006033,21.193468,20.21571,20.201994,0.0,4.0,4.0,0.0,0.0,4.0,0.0,0.0
25714,2023.0,6.0,28.0,13.0,21.33766,22.113373,19.748299,19.94457,20.988754,21.461803,20.999323,21.544775,20.473434,20.455978,20.225252,20.211136,21.75428,21.858074,21.006115,21.185696,20.22071,20.207556,0.0,0.0,0.0,0.0,0.0,0.0,0.0,0.0
25715,2023.0,6.0,28.0,13.0,20.968536,21.395397,20.032433,20.486757,21.198143,21.842964,21.018362,21.582275,20.465117,20.44772,20.233131,20.220034,22.237267,22.904243,21.005796,21.178694,20.225023,20.21266,4.0,4.0,0.0,0.0,0.0,4.0,0.0,0.0
25716,2023.0,6.0,28.0,14.0,21.016006,21.502678,19.995401,20.355463,20.984129,21.432003,21.151499,21.802574,20.459772,20.443161,20.240425,20.228127,21.777739,21.879244,21.005451,21.172668,20.22846,20.216724,0.0,0.0,4.0,0.0,0.0,0.0,0.0,0.0
25717,2023.0,6.0,28.0,14.0,20.767979,21.028112,20.164589,20.648643,21.228506,21.88561,21.209368,21.86509,20.455843,20.440054,20.247593,20.236414,21.510881,21.50988,20.816908,20.802252,20.231962,20.221073,4.0,4.0,4.0,0.0,0.0,0.0,0.0,0.0
25718,2023.0,6.0,28.0,14.0,20.661613,20.881529,19.983433,20.311531,21.283813,21.934889,20.696526,20.885267,20.453617,20.438705,20.638474,20.966568,21.463388,21.461182,20.772572,20.754316,20.235025,20.224787,0.0,4.0,0.0,0.0,4.0,0.0,0.0,0.0
25719,2023.0,6.0,28.0,14.0,20.594673,20.810953,19.853378,20.06295,20.78749,20.975246,21.077234,21.76634,20.451157,20.437098,20.466755,20.518534,21.428759,21.428381,20.744905,20.727037,20.237795,20.228231,0.0,0.0,4.0,0.0,0.0,0.0,0.0,0.0
25720,2023.0,6.0,28.0,14.0,20.556973,20.771416,20.184345,20.708517,20.607502,20.737526,21.157343,21.818605,20.449368,20.436066,20.370094,20.363903,21.379824,21.35537,20.72846,20.710794,20.239952,20.231083,4.0,0.0,4.0,0.0,0.0,0.0,0.0,0.0
25721,2023.0,6.0,28.0,14.0,20.525106,20.738386,20.291199,20.835512,20.53478,20.662895,21.192251,21.851786,20.447632,20.435137,20.354618,20.345026,21.350468,21.323793,20.714113,20.696917,20.242447,20.234406,4.0,0.0,4.0,0.0,0.0,0.0,0.0,0.0
25722,2023.0,6.0,28.0,15.0,21.150932,21.936848,20.334576,20.87348,21.07823,21.726416,21.222225,21.87806,20.44622,20.434645,20.34921,20.340755,21.330154,21.30619,20.702765,20.687113,20.24487,20.237492,4.0,4.0,4.0,0.0,0.0,0.0,0.0,0.0
25723,2023.0,6.0,28.0,15.0,21.33133,22.138885,20.378736,20.921076,21.21682,21.87585,21.252644,21.910896,20.445917,20.43603,20.347229,20.340216,21.310413,21.287367,20.69242,20.677914,20.248371,20.242804,4.0,4.0,4.0,0.0,0.0,0.0,0.0,0.0
25724,2023.0,6.0,28.0,15.0,21.404535,22.204868,20.411818,20.95184,21.26695,21.924007,21.277355,21.934391,20.446583,20.438389,20.347118,20.34196,21.295584,21.276108,21.643394,22.485432,20.251522,20.24734,4.0,4.0,4.0,0.0,0.0,0.0,4.0,0.0
25725,2023.0,6.0,28.0,15.0,21.4681,22.26681,20.10193,20.349918,21.312313,21.969698,21.302635,21.96068,21.130919,21.729073,20.34806,20.345007,21.281717,21.264137,21.105621,21.256435,20.255054,20.252686,0.0,4.0,4.0,4.0,0.0,0.0,0.0,0.0
25726,2023.0,6.0,28.0,15.0,21.52065,22.317808,20.343744,20.855879,21.3502,22.007849,21.326782,21.985744,21.389017,22.053251,20.349482,20.348692,21.269533,21.253864,21.818336,22.662008,20.258598,20.258057,4.0,4.0,4.0,4.0,0.0,0.0,4.0,0.0
25727,2023.0,6.0,28.0,15.0,21.567236,22.362976,20.44908,20.995363,21.384344,22.042189,21.350044,22.009853,20.925476,21.092443,20.351288,20.352798,22.03375,22.713398,21.236862,21.393261,21.100712,21.847818,4.0,4.0,4.0,0.0,0.0,4.0,0.0,4.0
25728,2023.0,6.0,28.0,16.0,21.045868,21.348835,20.134037,20.377687,21.416899,22.075836,21.373547,22.034782,20.756853,20.821476,20.354027,20.35776,22.217106,22.906487,21.01929,21.056784,21.408253,22.222464,0.0,4.0,4.0,0.0,0.0,4.0,0.0,4.0
25729,2023.0,6.0,28.0,16.0,21.492016,22.282476,20.393223,20.914436,21.445944,22.104229,21.39548,22.056564,20.725578,20.786304,20.356976,20.36213,21.66288,21.787163,20.969564,21.005573,20.797064,20.954842,4.0,4.0,4.0,0.0,0.0,0.0,0.0,0.0
25730,2023.0,6.0,28.0,16.0,21.606503,22.404427,20.494377,21.04441,21.473442,22.131367,21.417154,22.078255,20.712648,20.77522,20.360397,20.366821,22.232092,22.92029,20.9422,20.98164,20.622206,20.687077,4.0,4.0,4.0,0.0,0.0,4.0,0.0,0.0
25731,2023.0,6.0,28.0,16.0,21.652288,22.446728,20.53169,21.080923,21.499525,22.157158,20.919586,21.131943,21.374283,22.02235,20.364677,20.372108,21.736225,21.867685,20.877983,20.87196,20.58152,20.6432,4.0,4.0,0.0,4.0,0.0,0.0,0.0,0.0
25732,2023.0,6.0,28.0,16.0,21.694778,22.487373,20.565321,21.114332,21.007942,21.218403,20.731434,20.88588,20.98935,21.152393,20.369837,20.378014,22.287476,22.97297,20.850817,20.844187,20.563705,20.627028,4.0,0.0,0.0,0.0,0.0,4.0,0.0,0.0
25733,2023.0,6.0,28.0,16.0,21.731691,22.522722,20.249813,20.503237,21.417637,22.087967,21.26039,21.943703,20.835155,20.90368,20.375675,20.384365,22.413364,23.094185,20.83644,20.831108,20.497583,20.50598,0.0,4.0,4.0,0.0,0.0,4.0,0.0,0.0
25734,2023.0,6.0,28.0,17.0,21.765911,22.555792,20.50165,21.03108,21.508516,22.172565,20.838747,21.054363,20.805841,20.869797,20.382137,20.391272,22.47208,23.148146,20.825212,20.820799,20.468307,20.470488,4.0,4.0,0.0,0.0,0.0,4.0,0.0,0.0
25735,2023.0,6.0,28.0,17.0,21.247526,21.55759,20.246872,20.502941,21.02005,21.232965,21.275248,21.963171,20.737738,20.745985,20.388857,20.398163,21.90702,22.02979,20.817173,20.81359,20.456537,20.458914,0.0,0.0,4.0,0.0,0.0,0.0,0.0,0.0
25736,2023.0,6.0,28.0,17.0,21.701115,22.51522,20.49463,21.015205,21.430336,22.095966,20.864883,21.099398,20.707943,20.708466,20.7629,21.093058,22.434425,23.10057,20.81133,20.808428,21.288246,22.03859,4.0,4.0,0.0,0.0,4.0,4.0,0.0,4.0
25737,2023.0,6.0,28.0,17.0,21.787481,22.578186,20.602222,21.156332,21.531115,22.195957,20.681229,20.844059,20.69561,20.695662,20.591036,20.68418,22.556019,23.229507,20.806862,20.804419,21.580683,22.393953,4.0,4.0,0.0,0.0,0.0,4.0,0.0,4.0
25738,2023.0,6.0,28.0,17.0,21.272032,21.581879,20.639038,21.191402,21.563047,22.224615,20.627504,20.793442,21.372654,21.980068,20.498453,20.51947,21.985903,22.108356,20.80419,20.802338,20.967709,21.129427,4.0,4.0,0.0,4.0,0.0,0.0,0.0,0.0
25739,2023.0,6.0,28.0,17.0,21.741903,22.565691,20.672665,21.224512,21.596506,22.257257,20.516916,20.614994,21.035263,21.196154,20.480307,20.490316,21.79277,21.81743,20.802856,20.801565,20.787247,20.853697,4.0,4.0,0.0,0.0,0.0,0.0,0.0,0.0
25740,2023.0,6.0,28.0,18.0,21.301537,21.641573,20.36287,20.624615,21.11734,21.338879,20.456148,20.543371,20.89919,20.973446,20.478775,20.487858,22.454584,23.118374,20.80252,20.80185,20.740465,20.803452,0.0,0.0,0.0,0.0,0.0,4.0,0.0,0.0
25741,2023.0,6.0,28.0,18.0,21.721645,22.519629,20.23934,20.453035,21.004005,21.225864,21.139376,21.853127,20.87238,20.939732,20.47966,20.48786,21.970678,22.095205,21.033413,21.204567,20.715029,20.780561,0.0,0.0,4.0,0.0,0.0,0.0,0.0,0.0
25742,2023.0,6.0,28.0,18.0,21.343431,21.670164,20.190903,20.403376,21.006977,21.278439,21.314045,21.991814,20.803339,20.813274,20.847223,21.175318,21.722292,21.75697,21.000412,21.125462,21.536087,22.341726,0.0,0.0,4.0,0.0,4.0,0.0,0.0,4.0
25743,2023.0,6.0,28.0,18.0,21.118122,21.397118,20.073814,20.20131,21.426868,22.082552,20.976534,21.376144,20.764435,20.765665,20.72398,20.829771,22.390776,23.067081,21.003347,21.119036,21.826273,22.62153,0.0,4.0,0.0,0.0,0.0,4.0,0.0,4.0
25744,2023.0,6.0,28.0,18.0,21.04898,21.322645,19.995474,20.101154,21.583305,22.24216,21.015068,21.450235,20.748127,20.748384,20.577118,20.600492,21.969582,22.090746,21.002825,21.108902,21.186678,21.333662,0.0,4.0,0.0,0.0,0.0,0.0,0.0,0.0
25745,2023.0,6.0,28.0,18.0,21.006401,21.279846,20.37063,20.83252,21.624817,22.279688,21.290392,21.941145,21.403913,21.994865,20.902544,21.228226,21.726185,21.764086,21.926464,22.842045,20.91455,20.984558,4.0,4.0,4.0,4.0,4.0,0.0,4.0,0.0
25746,2023.0,6.0,28.0,19.0,21.539707,22.297182,20.50615,20.99889,21.656557,22.30915,20.980188,21.363424,21.660074,22.325293,21.101477,21.530706,21.670977,21.697784,21.334011,21.504375,21.694105,22.492561,4.0,4.0,0.0,4.0,4.0,0.0,0.0,4.0
25747,2023.0,6.0,28.0,19.0,21.77439,22.564894,20.258142,20.503021,21.181345,21.393885,21.283945,21.923561,21.195011,21.353481,20.876982,21.044077,21.602745,21.596972,21.988672,22.89751,21.950878,22.72866,0.0,0.0,4.0,0.0,0.0,0.0,4.0,4.0
25748,2023.0,6.0,28.0,19.0,21.830402,22.61413,20.158123,20.35476,21.55936,22.198093,21.39207,22.048729,21.01512,21.070822,20.763062,20.85435,21.564014,21.551939,21.366804,21.523626,22.015308,22.7819,0.0,4.0,4.0,0.0,0.0,0.0,0.0,4.0
25749,2023.0,6.0,28.0,19.0,21.321589,21.61981,20.124056,20.311665,21.14307,21.336983,20.971941,21.297817,20.962105,21.006424,20.72862,20.805527,21.53495,21.52259,21.140015,21.174685,21.350061,21.474768,0.0,0.0,0.0,0.0,0.0,0.0,0.0,0.0
25750,2023.0,6.0,28.0,19.0,21.098888,21.348944,20.026205,20.138592,21.005772,21.23208,21.016003,21.39482,20.925514,20.966566,21.020939,21.36163,22.24788,22.906452,21.06953,21.096807,21.04742,21.087969,0.0,0.0,0.0,0.0,4.0,4.0,0.0,0.0
25751,2023.0,6.0,28.0,19.0,21.62041,22.377573,20.379711,20.837088,21.434544,22.051823,21.00875,21.382132,21.52808,22.12283,20.838892,20.93278,21.85288,21.957005,21.029345,21.053627,21.798714,22.573872,4.0,4.0,0.0,4.0,0.0,0.0,0.0,4.0
25752,2023.0,6.0,28.0,20.0,21.277327,21.569143,20.542253,21.017452,21.085527,21.26728,21.00964,21.382397,21.780941,22.401215,20.668669,20.685707,21.603815,21.618399,21.91865,22.757778,21.320408,21.446016,4.0,0.0,0.0,4.0,0.0,0.0,4.0,0.0
25753,2023.0,6.0,28.0,20.0,21.049435,21.274897,20.605242,21.098528,21.45176,22.091017,21.010315,21.379833,21.25779,21.34869,20.610937,20.610981,21.531013,21.525835,22.236113,23.059607,20.998077,21.01966,4.0,4.0,0.0,0.0,0.0,0.0,4.0,0.0
25754,2023.0,6.0,28.0,20.0,21.577581,22.310755,20.64198,21.123638,21.004776,21.222885,21.01019,21.376081,21.682436,22.286201,20.580929,20.577503,22.238518,22.901154,21.510828,21.602673,21.754608,22.51154,4.0,0.0,0.0,4.0,0.0,4.0,0.0,4.0
25755,2023.0,6.0,28.0,20.0,21.217825,21.465675,20.315205,20.486156,21.019138,21.277245,21.30664,21.913391,21.27249,21.352825,20.55488,20.549093,21.787428,21.848404,21.181063,21.17757,21.979042,22.695776,0.0,0.0,4.0,0.0,0.0,0.0,0.0,4.0
25756,2023.0,6.0,28.0,20.0,20.998446,21.205969,20.527601,20.9787,21.36966,21.928013,20.979126,21.275682,21.00852,21.007812,20.530626,20.52341,21.5288,21.507307,21.98731,22.768353,21.315756,21.395771,4.0,4.0,0.0,0.0,0.0,0.0,4.0,0.0
25757,2023.0,6.0,28.0,20.0,21.005816,21.2475,20.289745,20.441671,20.985228,21.184422,21.017004,21.359953,21.58485,22.156279,20.507065,20.498278,21.451946,21.412828,21.46057,21.51887,21.83945,22.570904,0.0,0.0,0.0,4.0,0.0,0.0,0.0,4.0
25758,2023.0,6.0,28.0,21.0,21.542633,22.267992,20.1034,20.1923,21.381788,21.952059,21.010292,21.348146,21.210783,21.26603,20.484406,20.474354,21.401592,21.356153,21.143896,21.117537,21.303297,21.360443,0.0,4.0,0.0,0.0,0.0,0.0,0.0,0.0
25759,2023.0,6.0,28.0,21.0,21.712523,22.404562,20.439436,20.85872,21.51615,22.069565,21.316093,21.90856,21.625378,22.195183,20.811878,21.107862,21.387724,21.365906,21.057312,21.022354,20.979877,20.951756,4.0,4.0,4.0,4.0,4.0,0.0,0.0,0.0
25760,2023.0,6.0,28.0,21.0,21.20897,21.41978,20.189472,20.318808,21.540564,22.083023,21.36839,21.925962,21.157385,21.202791,20.617388,20.673622,22.09202,22.723877,21.011585,20.973162,20.898825,20.862946,0.0,4.0,4.0,0.0,0.0,4.0,0.0,0.0
25761,2023.0,6.0,28.0,21.0,21.667782,22.373226,20.443636,20.841026,21.561464,22.095451,21.390095,21.93489,21.581099,22.084118,20.848839,21.141855,22.198874,22.775135,21.000027,20.984043,21.635782,22.298883,4.0,4.0,4.0,4.0,4.0,4.0,0.0,4.0
25762,2023.0,6.0,28.0,21.0,21.261145,21.46012,20.212265,20.315372,20.993755,21.12165,20.970316,21.199152,21.779715,22.301357,20.6397,20.6557,21.606016,21.599636,21.002747,21.011448,21.895203,22.55616,0.0,0.0,0.0,4.0,0.0,0.0,0.0,4.0
25763,2023.0,6.0,28.0,21.0,21.62037,22.290422,20.033936,20.07688,21.016762,21.203754,21.018078,21.313755,21.241102,21.245224,20.482798,20.446823,21.376114,21.303974,21.00264,21.027988,21.9631,22.61319,0.0,0.0,0.0,0.0,0.0,0.0,0.0,4.0
25764,2023.0,6.0,28.0,22.0,21.225227,21.405287,19.985516,20.026299,21.008032,21.208452,21.27804,21.790262,21.622606,22.125391,20.760332,21.003275,22.043083,22.6237,21.002981,21.04156,21.286268,21.288073,0.0,0.0,4.0,4.0,4.0,4.0,0.0,0.0
25765,2023.0,6.0,28.0,22.0,20.99586,21.13625,19.957623,19.997753,21.35848,21.866827,20.967854,21.197092,21.199125,21.18123,20.57048,20.557894,22.22606,22.77251,21.003202,21.05131,20.988493,20.926382,0.0,4.0,0.0,0.0,0.0,4.0,0.0,0.0
25766,2023.0,6.0,28.0,22.0,21.005527,21.190355,19.93447,19.974485,20.974516,21.125433,21.016907,21.30861,20.963604,20.900953,20.443424,20.399994,21.635553,21.608335,21.002884,21.057205,20.892986,20.830706,0.0,0.0,0.0,0.0,0.0,0.0,0.0,0.0
25767,2023.0,6.0,28.0,22.0,21.55476,22.242367,19.914377,19.954294,21.015095,21.228842,21.010813,21.302628,20.886831,20.82281,20.431963,20.41528,21.40334,21.320917,21.003168,21.062616,21.627987,22.279377,0.0,0.0,0.0,0.0,0.0,0.0,0.0,4.0
25768,2023.0,6.0,28.0,22.0,21.146656,21.306225,19.896658,19.936468,21.35207,21.857138,21.009102,21.306177,21.43034,21.891397,20.423271,20.412458,21.338585,21.255917,21.003084,21.066275,21.837727,22.436113,0.0,4.0,0.0,4.0,0.0,0.0,0.0,4.0
25769,2023.0,6.0,28.0,22.0,21.00118,21.186056,20.31333,20.731926,20.974152,21.1285,21.009335,21.310383,21.07683,21.061207,20.40546,20.39342,21.295607,21.213993,21.002892,21.068449,21.205355,21.195211,4.0,0.0,0.0,0.0,0.0,0.0,0.0,0.0
25770,2023.0,6.0,28.0,23.0,21.00517,21.216547,20.491028,20.927994,21.376968,21.909962,21.009415,21.31309,21.497824,21.995401,20.388906,20.375969,21.313438,21.287245,21.002857,21.07033,20.93947,20.878439,4.0,4.0,0.0,4.0,0.0,0.0,0.0,0.0
25771,2023.0,6.0,28.0,23.0,20.951021,21.131096,20.120743,20.185246,21.48947,21.993546,20.750702,20.816614,21.657404,22.120247,20.374123,20.359251,21.302948,21.278368,20.910297,20.893063,20.85554,20.791508,0.0,4.0,0.0,4.0,0.0,0.0,0.0,0.0
25772,2023.0,6.0,28.0,23.0,20.92205,21.098433,19.99047,20.002445,20.983717,21.019913,20.644676,20.676184,21.697287,22.15253,20.680513,20.939686,21.283382,21.257677,20.881012,20.862192,20.808506,20.74365,0.0,0.0,0.0,4.0,4.0,0.0,0.0,0.0
25773,2023.0,6.0,28.0,23.0,20.898996,21.07379,19.94069,19.94444,21.387728,21.873642,20.589556,20.617226,21.190556,21.169802,20.495352,20.525524,21.264252,21.237484,20.863075,20.843407,21.571632,22.22729,0.0,4.0,0.0,0.0,0.0,0.0,0.0,4.0
25774,2023.0,6.0,28.0,23.0,20.877962,21.05079,19.933176,19.960632,20.974895,21.024424,20.54668,20.57261,21.003223,20.915932,20.693771,20.925636,21.246046,21.217886,20.847023,20.826138,21.032475,21.035492,0.0,0.0,0.0,0.0,4.0,0.0,0.0,0.0
25775,2023.0,6.0,28.0,23.0,20.857868,21.028408,19.919111,19.950638,21.377487,21.871618,20.509626,20.533522,20.926851,20.834345,20.507744,20.523022,21.228554,21.198782,20.832464,20.810167,20.835703,20.760033,0.0,4.0,0.0,0.0,0.0,0.0,0.0,0.0
25776,2023.0,6.0,29.0,0.0,20.839123,21.007711,19.900608,19.93096,20.93449,20.958298,20.477346,20.499985,20.927872,20.89209,20.427166,20.406307,21.212168,21.181053,20.819199,20.795712,20.774715,20.695602,0.0,0.0,0.0,0.0,0.0,0.0,0.0,0.0
25777,2023.0,6.0,29.0,0.0,20.82024,20.985903,19.881802,19.909042,20.72917,20.663261,20.445765,20.465014,20.904066,20.874811,20.39969,20.37423,21.195618,21.162273,20.806189,20.780884,20.782639,20.757141,0.0,0.0,0.0,0.0,0.0,0.0,0.0,0.0
25778,2023.0,6.0,29.0,0.0,20.804043,20.96863,19.867311,19.894695,20.664194,20.601833,20.421019,20.4415,20.874853,20.848194,20.38034,20.354765,21.181097,21.14725,20.794556,20.768597,21.523186,22.178385,0.0,0.0,0.0,0.0,0.0,0.0,0.0,4.0
25779,2023.0,6.0,29.0,0.0,20.787304,20.949686,19.851936,19.877657,20.672918,20.67323,20.395784,20.414888,20.844063,20.815207,20.361765,20.334232,21.165688,21.130318,20.78215,20.754816,20.963879,20.949083,0.0,0.0,0.0,0.0,0.0,0.0,0.0,0.0
25780,2023.0,6.0,29.0,0.0,20.770248,20.929476,19.835733,19.858217,20.652401,20.661188,20.370268,20.385843,20.813612,20.781166,20.343046,20.312286,21.149353,21.111446,20.768944,20.7395,20.759539,20.660072,0.0,0.0,0.0,0.0,0.0,0.0,0.0,0.0
25781,2023.0,6.0,29.0,0.0,20.75495,20.912188,19.82174,19.842573,20.621368,20.6293,20.348257,20.3625,20.787025,20.753006,20.326551,20.293987,21.134043,21.094555,20.75636,20.725468,20.699928,20.59889,0.0,0.0,0.0,0.0,0.0,0.0,0.0,0.0
25782,2023.0,6.0,29.0,1.0,20.739922,20.894989,19.808231,19.827377,20.592419,20.599327,20.327267,20.340187,20.761953,20.726349,20.310526,20.276146,21.118767,21.077677,20.743713,20.711357,20.723665,20.69266,0.0,0.0,0.0,0.0,0.0,0.0,0.0,0.0
25783,2023.0,6.0,29.0,1.0,20.72582,20.879292,19.796362,19.815023,20.567284,20.575184,20.308756,20.321913,20.739517,20.70367,20.295916,20.260775,21.104338,21.062435,20.731588,20.698322,21.417383,22.016977,0.0,0.0,0.0,0.0,0.0,0.0,0.0,4.0
25784,2023.0,6.0,29.0,1.0,20.711172,20.862326,19.783434,19.8002,20.541445,20.547928,20.289454,20.30101,20.716755,20.679169,20.280455,20.243374,21.089117,21.045504,20.718836,20.684017,20.861843,20.811731,0.0,0.0,0.0,0.0,0.0,0.0,0.0,0.0
25785,2023.0,6.0,29.0,1.0,20.696077,20.844181,19.76944,19.782967,20.514973,20.51797,20.26945,20.27775,20.693737,20.653101,20.264208,20.224064,21.073164,21.026947,20.705503,20.66849,20.677378,20.558527,0.0,0.0,0.0,0.0,0.0,0.0,0.0,0.0
25786,2023.0,6.0,29.0,1.0,20.68218,20.828156,19.756954,19.768522,20.491737,20.49328,20.251577,20.25822,20.67303,20.63071,20.24942,20.207348,21.058264,21.010328,20.692892,20.654322,20.618595,20.497948,0.0,0.0,0.0,0.0,0.0,0.0,0.0,0.0
25787,2023.0,6.0,29.0,1.0,20.668991,20.813387,19.745985,19.756931,20.471464,20.47349,20.235687,20.242281,20.65451,20.611834,20.236116,20.193287,21.044502,20.995798,20.68108,20.641655,21.417248,22.057102,0.0,0.0,0.0,0.0,0.0,0.0,0.0,4.0
25788,2023.0,6.0,29.0,2.0,20.655006,20.797047,19.733736,19.742638,20.449986,20.450375,20.218632,20.22347,20.635372,20.590961,20.22191,20.177132,21.029966,20.97953,20.668652,20.627666,20.847034,20.795263,0.0,0.0,0.0,0.0,0.0,0.0,0.0,0.0
25789,2023.0,6.0,29.0,2.0,20.639948,20.778446,19.719732,19.724745,20.426903,20.423277,20.200092,20.2011,20.615223,20.567425,20.206379,20.158096,21.01423,20.960718,20.655237,20.61165,20.635214,20.497116,0.0,0.0,0.0,0.0,0.0,0.0,0.0,0.0
25790,2023.0,6.0,29.0,2.0,20.62658,20.763172,19.708378,19.712172,20.407995,20.403982,20.18471,20.184917,21.177149,21.637081,20.19309,20.143526,21.000296,20.94551,20.643076,20.598225,20.575443,20.438118,0.0,0.0,0.0,4.0,0.0,0.0,0.0,0.0
25791,2023.0,6.0,29.0,2.0,20.612595,20.746609,19.695831,19.69715,20.387976,20.381977,20.168089,20.166225,20.81967,20.840242,20.464443,20.660196,20.985636,20.928846,20.630306,20.583666,21.372015,21.99585,0.0,0.0,0.0,0.0,4.0,0.0,0.0,4.0
25792,2023.0,6.0,29.0,2.0,20.598555,20.729746,19.683067,19.681536,20.367952,20.35953,20.151348,20.14699,20.673903,20.623047,20.295858,20.283888,20.970663,20.911592,20.61719,20.568531,20.797865,20.725098,0.0,0.0,0.0,0.0,0.0,0.0,0.0,0.0
25793,2023.0,6.0,29.0,2.0,20.584282,20.712482,19.670153,19.665493,20.34801,20.336859,20.134693,20.127491,21.222082,21.684038,20.506628,20.709816,20.95544,20.893904,20.603773,20.55294,20.586283,20.431776,0.0,0.0,0.0,4.0,4.0,0.0,0.0,0.0
25794,2023.0,6.0,29.0,3.0,20.569637,20.694448,19.656258,19.647371,20.327145,20.312056,20.117065,20.105993,21.257612,21.613108,20.63317,20.891195,20.939562,20.874992,20.589785,20.536371,20.5156,20.353449,0.0,0.0,0.0,4.0,4.0,0.0,0.0,0.0
25795,2023.0,6.0,29.0,3.0,20.55673,20.679548,19.645145,19.634548,20.309692,20.293858,20.102203,20.090036,21.299725,21.648813,20.250982,20.123835,20.925215,20.859236,20.57684,20.522066,21.325867,21.940636,0.0,0.0,0.0,4.0,0.0,0.0,0.0,4.0
25796,2023.0,6.0,29.0,3.0,20.551695,20.680367,19.632254,19.618183,20.29027,20.271551,20.085543,20.070389,20.785923,20.649237,20.389841,20.458864,20.90954,20.840929,20.562754,20.505665,20.740974,20.646662,0.0,0.0,0.0,0.0,4.0,0.0,0.0,0.0
25797,2023.0,6.0,29.0,3.0,20.5481,20.68076,19.618998,19.601435,20.270864,20.249146,20.068861,20.050581,20.594631,20.395231,20.161469,19.991417,20.893728,20.822416,20.548456,20.488993,21.264292,21.743319,0.0,0.0,0.0,0.0,0.0,0.0,0.0,4.0
25798,2023.0,6.0,29.0,3.0,20.535803,20.665625,19.60568,19.58494,20.251898,20.2275,20.052471,20.031353,20.517632,20.313673,20.157852,20.068727,20.878122,20.804369,21.427479,22.155313,20.734213,20.618658,0.0,0.0,0.0,0.0,0.0,0.0,4.0,0.0
25799,2023.0,6.0,29.0,3.0,20.52205,20.648684,19.591696,19.567625,20.232845,20.205381,20.035692,20.011492,20.575054,20.486912,20.46755,20.65249,20.86225,20.785831,20.744015,20.649206,20.528055,20.338976,0.0,0.0,0.0,0.0,4.0,0.0,0.0,0.0
25800,2023.0,6.0,29.0,4.0,20.50642,20.628756,19.575684,19.54638,20.21197,20.17935,20.016836,19.98776,20.575012,20.499107,20.59272,20.829535,20.845112,20.764822,20.509401,20.318016,20.447977,20.248713,0.0,0.0,0.0,0.0,4.0,0.0,0.0,0.0
25801,2023.0,6.0,29.0,4.0,20.492085,20.611809,19.562794,19.531254,20.194427,20.160131,20.000895,19.97007,20.548769,20.471628,20.165154,19.975786,20.829922,20.747803,20.448355,20.25593,20.511845,20.433254,0.0,0.0,0.0,0.0,0.0,0.0,0.0,0.0
25802,2023.0,6.0,29.0,4.0,20.475973,20.591745,19.547611,19.511654,20.17436,20.136118,19.982595,19.947895,20.520218,20.439585,20.334288,20.383118,20.813282,20.727978,20.3956,20.197496,20.502615,20.42561,0.0,0.0,0.0,0.0,4.0,0.0,0.0,0.0
25803,2023.0,6.0,29.0,4.0,20.460089,20.572422,19.531961,19.491522,20.154074,20.111898,19.964039,19.925457,20.49243,20.40856,20.37055,20.406845,20.796608,20.70824,20.4875,20.420149,20.475948,20.399658,0.0,0.0,0.0,0.0,4.0,0.0,0.0,0.0
25804,2023.0,6.0,29.0,4.0,20.44411,20.5531,19.51694,19.472692,20.134426,20.089043,19.9461,19.904257,20.46565,20.379076,20.367922,20.39523,20.77968,20.688528,20.476519,20.393703,20.448622,20.36981,0.0,0.0,0.0,0.0,4.0,0.0,0.0,0.0
25805,2023.0,6.0,29.0,4.0,20.428335,20.53456,19.945412,20.28648,20.116163,20.069107,19.929409,19.885727,21.017424,21.438442,20.36208,20.38135,20.762384,20.669289,20.460682,20.381268,20.421589,20.341427,4.0,0.0,0.0,4.0,4.0,0.0,0.0,0.0
25806,2023.0,6.0,29.0,5.0,20.41185,20.514776,19.70059,19.734343,20.096483,20.046337,19.91135,19.864511,20.633852,20.597301,20.061031,19.822258,20.744032,20.648209,20.442406,20.360859,21.113375,21.6666,0.0,0.0,0.0,0.0,0.0,0.0,0.0,4.0
25807,2023.0,6.0,29.0,5.0,20.39615,20.496614,19.565094,19.519062,20.077532,20.0251,19.894037,19.844816,21.062159,21.468914,19.919973,19.644003,20.726385,20.628592,20.423576,20.34036,20.632627,20.60909,0.0,0.0,0.0,4.0,0.0,0.0,0.0,0.0
25808,2023.0,6.0,29.0,5.0,20.380665,20.478708,19.526348,19.470465,20.058893,20.00434,19.876966,19.825542,20.50744,20.303078,20.007782,19.883219,20.709093,20.609442,20.404934,20.320097,20.344255,20.128382,0.0,0.0,0.0,0.0,0.0,0.0,0.0,0.0
25809,2023.0,6.0,29.0,5.0,20.365171,20.460798,19.500383,19.441668,20.040266,19.983595,19.8597,19.806156,20.302824,20.036644,20.025478,19.921053,20.692005,20.590544,20.386404,20.299961,20.984354,21.408766,0.0,0.0,0.0,0.0,0.0,0.0,0.0,4.0
25810,2023.0,6.0,29.0,5.0,20.348349,20.440622,19.476192,19.412827,20.019995,19.959564,19.840813,19.783606,20.223288,19.949419,20.000938,19.894096,20.673983,20.569756,20.36709,20.278147,21.143099,21.563541,0.0,0.0,0.0,0.0,0.0,0.0,0.0,4.0
25811,2023.0,6.0,29.0,5.0,20.33292,20.423658,19.457901,19.394321,20.00294,19.941969,19.825138,19.767176,20.322916,20.208351,20.2706,20.418196,20.657932,20.552887,20.349653,20.260012,20.499615,20.294928,0.0,0.0,0.0,0.0,4.0,0.0,0.0,0.0
25812,2023.0,6.0,29.0,6.0,20.316055,20.40428,19.438562,19.372593,20.645008,21.16385,19.80801,19.747738,20.332636,20.229282,20.077879,20.000895,20.640968,20.53414,20.33142,20.240192,20.298548,20.041391,0.0,4.0,0.0,0.0,0.0,0.0,0.0,0.0
25813,2023.0,6.0,29.0,6.0,21.097548,21.792585,19.421398,19.354435,21.050985,21.778938,21.15367,22.15492,20.310223,20.20738,20.274998,20.414873,21.059149,21.271652,21.329145,22.119562,20.216475,19.95834,0.0,0.0,0.0,0.0,4.0,0.0,4.0,0.0
25814,2023.0,6.0,29.0,6.0,21.211552,21.880442,19.403074,19.334555,21.021038,21.600769,21.000223,21.708641,20.867573,21.27769,20.430468,20.621334,21.002256,21.142078,20.949604,21.177519,20.308403,20.212997,0.0,0.0,0.0,4.0,4.0,0.0,0.0,0.0
25815,2023.0,6.0,29.0,6.0,20.98706,21.440004,19.386312,19.316612,20.999004,21.461506,21.022106,21.66705,20.549139,20.490427,20.27321,20.265423,21.505545,22.063515,21.025984,21.295443,21.079792,21.662651,0.0,4.0,0.0,0.0,4.0,4.0,0.0,4.0
25816,2023.0,6.0,29.0,6.0,21.024109,21.476852,19.370008,19.298979,21.003843,21.427155,20.995213,21.536797,20.18978,19.91761,19.975796,19.807096,20.95712,20.950489,21.01684,21.249817,21.187666,21.586876,0.0,4.0,4.0,0.0,0.0,0.0,0.0,4.0
25817,2023.0,6.0,29.0,6.0,21.072113,21.50874,19.353111,19.280237,21.030003,21.47116,21.025614,21.585155,20.057703,19.7758,20.120777,20.109413,21.022953,21.081352,21.017105,21.22991,21.209757,21.602722,0.0,0.0,0.0,0.0,4.0,0.0,0.0,4.0
25818,2023.0,6.0,29.0,7.0,21.014822,21.41123,19.77036,20.074526,20.99727,21.358877,21.001127,21.470266,20.82799,21.30342,19.986574,19.858664,21.012226,21.05639,21.649805,22.404375,20.552668,20.324924,4.0,4.0,4.0,4.0,0.0,0.0,4.0,0.0
25819,2023.0,6.0,29.0,7.0,21.019506,21.410217,20.007875,20.376595,21.003138,21.356318,21.005959,21.453827,20.538977,20.492628,20.306198,20.494118,21.005993,21.05596,20.944717,21.000484,20.263311,19.995293,4.0,4.0,4.0,0.0,4.0,0.0,0.0,0.0
25820,2023.0,6.0,29.0,7.0,21.11579,21.554565,20.021862,20.35914,21.02879,21.419064,21.031542,21.508018,20.160444,19.906998,20.127615,20.051445,21.006712,21.065058,21.029217,21.185038,21.052427,21.572844,0.0,0.0,0.0,0.0,0.0,0.0,0.0,4.0
25821,2023.0,6.0,29.0,7.0,21.005854,21.359617,19.530182,19.369085,21.02285,21.394276,20.998898,21.403517,20.713793,21.050526,20.311378,20.486874,21.559765,22.108736,21.500097,22.053179,21.272942,21.718855,0.0,0.0,4.0,4.0,4.0,4.0,4.0,4.0
25822,2023.0,6.0,29.0,7.0,21.020481,21.388159,19.257471,19.002455,21.022955,21.382627,21.004713,21.405382,20.293867,20.054108,19.978336,19.827965,20.961395,20.910719,20.943401,20.973679,21.326359,21.770897,0.0,0.0,4.0,0.0,0.0,0.0,0.0,4.0
25823,2023.0,6.0,29.0,7.0,21.133276,21.571714,19.333216,19.229849,21.193789,21.688326,21.030369,21.47092,20.059464,19.800663,20.10863,20.107616,21.022985,21.04703,21.025198,21.159836,20.633066,20.42159,0.0,4.0,0.0,0.0,4.0,0.0,0.0,0.0
25824,2023.0,6.0,29.0,8.0,21.002138,21.338718,19.374573,19.306456,20.995708,21.307106,21.02448,21.448322,20.684795,21.036526,19.984661,19.869823,21.391232,21.73467,21.520517,22.080112,20.327093,20.073765,0.0,0.0,0.0,4.0,0.0,4.0,4.0,0.0
25825,2023.0,6.0,29.0,8.0,21.138065,21.578917,19.789062,20.09937,20.463943,20.29553,20.932789,21.232994,20.289175,20.075878,20.110025,20.11635,20.85979,20.628916,20.838865,20.645184,20.232737,19.98481,4.0,0.0,4.0,0.0,4.0,0.0,0.0,0.0
25826,2023.0,6.0,29.0,8.0,20.604523,20.552683,20.028585,20.466892,20.829521,21.097303,20.365778,20.19322,20.104847,19.84522,20.1596,20.181196,21.384157,21.74076,20.587095,20.331837,20.177425,19.934378,0.0,4.0,0.0,0.0,4.0,4.0,0.0,0.0
25827,2023.0,6.0,29.0,8.0,21.005003,21.483845,19.652893,19.678015,20.955883,21.249077,20.052916,19.799402,20.03623,19.7814,19.988688,19.889343,20.893393,20.654789,20.472692,20.223446,20.266996,20.17263,0.0,4.0,0.0,0.0,0.0,0.0,0.0,0.0
25828,2023.0,6.0,29.0,8.0,20.5768,20.549984,19.883102,20.214205,20.41834,20.250269,20.552511,20.842337,20.132133,20.029783,20.107332,20.123453,21.3533,21.716112,20.388493,20.145536,20.280474,20.193485,4.0,0.0,4.0,0.0,4.0,4.0,0.0,0.0
25829,2023.0,6.0,29.0,8.0,21.025011,21.500257,20.02696,20.411798,20.17525,19.910975,20.13012,19.977188,20.148031,20.054726,20.153988,20.183254,20.81438,20.588552,20.471292,20.374569,20.258991,20.173607,0.0,0.0,0.0,0.0,4.0,0.0,0.0,0.0
25830,2023.0,6.0,29.0,9.0,20.58263,20.548817,19.529957,19.400848,20.677927,20.958902,19.855646,19.618519,20.134703,20.043833,20.173273,20.204609,20.577312,20.312878,20.47747,20.391996,20.234295,20.150223,0.0,4.0,0.0,0.0,4.0,0.0,0.0,0.0
25831,2023.0,6.0,29.0,9.0,20.36708,20.259905,19.464306,19.38218,20.273893,20.133286,19.775776,19.530602,20.123392,20.033644,20.187014,20.21963,21.22223,21.583134,21.346197,22.053219,20.214125,20.130917,0.0,0.0,0.0,0.0,4.0,4.0,4.0,0.0
25832,2023.0,6.0,29.0,9.0,20.924246,21.383429,19.45478,19.396755,20.65084,20.930607,19.87223,19.781334,20.112003,20.023298,19.987936,19.88265,20.73546,20.531515,20.618896,20.47146,20.195192,20.112799,0.0,4.0,0.0,0.0,0.0,0.0,0.0,0.0
25833,2023.0,6.0,29.0,9.0,20.52684,20.49658,19.418388,19.362387,20.275358,20.122835,19.897446,19.837694,20.100294,20.01263,19.814304,19.57566,20.499672,20.242624,20.281216,20.061792,20.176006,20.094507,0.0,0.0,0.0,0.0,0.0,0.0,0.0,0.0
25834,2023.0,6.0,29.0,9.0,20.320335,20.217125,19.390617,19.334959,20.051264,19.803967,19.874067,19.818201,20.722101,21.189985,19.86642,19.74933,20.454468,20.195469,20.217478,19.993492,20.160706,20.079985,0.0,0.0,0.0,4.0,0.0,0.0,0.0,0.0
25835,2023.0,6.0,29.0,9.0,20.235022,20.131227,19.800123,20.126137,19.958885,19.70809,20.511322,21.043224,20.328321,20.29936,19.887793,19.79192,20.573957,20.466545,20.178446,19.95625,20.146738,20.066957,4.0,0.0,4.0,0.0,0.0,0.0,0.0,0.0
25836,2023.0,6.0,29.0,10.0,21.026285,21.696829,20.009594,20.42531,20.046621,19.952312,20.680573,21.223238,20.065886,19.853643,19.877258,19.783749,21.277205,21.785288,21.248081,22.022898,20.13481,20.056122,4.0,0.0,4.0,0.0,0.0,4.0,4.0,0.0
25837,2023.0,6.0,29.0,10.0,21.130833,21.63823,20.002705,20.349968,20.715155,21.220778,20.57192,20.935074,19.959173,19.728565,19.868292,19.77905,20.775406,20.601746,20.646421,20.515825,20.126104,20.050787,4.0,4.0,4.0,0.0,0.0,0.0,0.0,0.0
25838,2023.0,6.0,29.0,10.0,20.52469,20.515326,20.021646,20.366648,20.39294,20.429829,20.003803,19.876753,20.05434,19.961021,19.86426,19.779446,20.514374,20.272669,20.29623,20.09118,20.120918,20.049152,0.0,0.0,0.0,0.0,0.0,0.0,0.0,0.0
25839,2023.0,6.0,29.0,10.0,20.93861,21.46213,19.578447,19.48684,20.615051,20.96794,20.37548,20.7309,20.774984,21.297031,19.861599,19.778034,20.470205,20.232563,20.228464,20.025745,20.90498,21.531895,0.0,4.0,4.0,4.0,0.0,0.0,0.0,4.0
25840,2023.0,6.0,29.0,10.0,21.052835,21.579168,19.774939,19.936522,20.179783,20.090054,19.970522,19.8914,20.852386,21.243416,19.86295,19.780794,20.58132,20.477823,21.137606,21.770298,20.302197,20.1953,4.0,0.0,0.0,4.0,0.0,0.0,4.0,0.0
25841,2023.0,6.0,29.0,10.0,21.089613,21.611675,20.039944,20.400673,20.59514,20.956285,20.398602,20.779072,20.299826,20.147675,19.867487,19.786629,20.622507,20.541925,21.393467,22.031982,20.10099,19.91001,0.0,4.0,4.0,0.0,0.0,0.0,4.0,0.0
25842,2023.0,6.0,29.0,11.0,20.562092,20.595013,19.615515,19.5503,20.764824,21.145111,20.571165,20.965551,20.08537,19.887356,20.224659,20.450777,20.632166,20.55386,20.670467,20.557423,20.056238,19.869688,0.0,4.0,4.0,0.0,4.0,0.0,0.0,0.0
25843,2023.0,6.0,29.0,11.0,21.022688,21.569496,19.534706,19.49403,20.801098,21.188362,20.062754,19.991259,20.050028,19.850828,20.056963,20.037218,20.63981,20.561779,20.455465,20.264275,20.137573,20.054596,0.0,4.0,0.0,0.0,0.0,0.0,0.0,0.0
25844,2023.0,6.0,29.0,11.0,21.121454,21.66688,19.51294,19.491362,20.833033,21.22807,20.49069,20.894001,20.04125,19.847641,19.975855,19.896782,20.64837,20.569855,20.3999,20.211666,20.165796,20.09504,0.0,4.0,4.0,0.0,0.0,0.0,0.0,0.0
25845,2023.0,6.0,29.0,11.0,21.155762,21.704033,19.9025,20.25372,20.861904,21.264324,20.606804,21.030483,20.133125,20.037508,19.973726,19.888357,20.658754,20.57921,20.370216,20.188179,21.0153,21.693281,4.0,4.0,4.0,0.0,0.0,0.0,0.0,4.0
25846,2023.0,6.0,29.0,11.0,20.623829,20.685709,20.011898,20.405628,20.357075,20.308388,20.103846,20.064968,20.177422,20.096426,20.350683,20.587313,20.671131,20.590405,20.441257,20.352177,20.43428,20.375069,0.0,0.0,0.0,0.0,4.0,0.0,0.0,0.0
25847,2023.0,6.0,29.0,11.0,21.019445,21.596962,19.710983,19.79024,20.093857,19.975672,19.85415,19.749613,20.196415,20.116056,20.248508,20.254667,20.684734,20.602364,21.429615,22.205763,20.158356,20.008888,0.0,0.0,0.0,0.0,0.0,0.0,4.0,0.0
25848,2023.0,6.0,29.0,12.0,20.59375,20.705107,19.980368,20.349085,20.630865,21.04273,20.406406,20.838045,20.212257,20.130793,20.145535,20.062983,20.698814,20.614836,20.78498,20.748842,20.127726,19.969828,4.0,4.0,4.0,0.0,0.0,0.0,0.0,0.0
25849,2023.0,6.0,29.0,12.0,21.078938,21.651514,19.995497,20.322586,21.032763,21.668537,21.067604,21.910627,20.23189,20.152218,20.137312,20.045341,21.045141,21.211521,21.069185,21.308184,20.135506,19.987267,4.0,4.0,4.0,0.0,0.0,0.0,0.0,0.0
25850,2023.0,6.0,29.0,12.0,21.032137,21.520437,20.029139,20.386847,21.00571,21.535637,21.015623,21.688435,20.255268,20.177118,20.153267,20.06212,21.011177,21.098448,21.02369,21.198343,20.217983,20.145088,0.0,4.0,4.0,0.0,0.0,0.0,0.0,0.0
25851,2023.0,6.0,29.0,12.0,21.311907,22.032198,19.70233,19.731789,21.025042,21.570795,21.028234,21.699255,20.96387,21.494158,20.175533,20.083473,21.002052,21.053331,21.004917,21.153612,20.254585,20.182526,0.0,0.0,0.0,4.0,0.0,0.0,0.0,0.0
25852,2023.0,6.0,29.0,12.0,21.337374,21.969778,19.94725,20.29759,21.033466,21.52463,20.9955,21.571815,20.685656,20.724043,20.203806,20.112165,21.00191,21.023424,21.005608,21.137358,20.28017,20.209175,4.0,4.0,4.0,0.0,0.0,0.0,0.0,0.0
25853,2023.0,6.0,29.0,12.0,21.358816,22.000858,20.009134,20.347937,21.061726,21.564915,21.001072,21.55931,20.43665,20.322895,20.234941,20.143616,21.001282,20.996477,21.845396,22.697798,21.191463,21.916239,0.0,4.0,4.0,0.0,0.0,0.0,4.0,4.0
25854,2023.0,6.0,29.0,13.0,21.399132,22.053043,20.095312,20.476599,21.101076,21.618746,20.99959,21.54151,20.399673,20.28497,20.267988,20.176483,21.000633,20.972654,22.055779,22.800175,20.777308,20.810053,4.0,4.0,4.0,0.0,0.0,0.0,4.0,0.0
25855,2023.0,6.0,29.0,13.0,20.973087,21.313618,19.997988,20.29503,21.007666,21.46272,21.025352,21.602716,21.1009,21.598328,20.301289,20.209578,21.760956,22.395597,21.312967,21.333216,20.486786,20.394236,0.0,0.0,0.0,4.0,0.0,4.0,0.0,0.0
25856,2023.0,6.0,29.0,13.0,21.313171,21.97963,20.13054,20.529007,21.017904,21.479137,21.042019,21.588842,20.774057,20.735302,20.332846,20.239202,21.336681,21.357157,20.991966,20.924505,20.451317,20.35849,4.0,0.0,4.0,0.0,0.0,0.0,0.0,0.0
25857,2023.0,6.0,29.0,13.0,20.967234,21.31187,20.203964,20.622952,21.145603,21.689253,21.061636,21.61702,21.272816,21.779026,20.363855,20.269323,21.077105,20.968126,21.006796,20.977766,20.459589,20.371904,4.0,4.0,4.0,4.0,0.0,0.0,0.0,0.0
25858,2023.0,6.0,29.0,13.0,21.320124,21.997084,20.242834,20.672604,20.997448,21.41858,21.014872,21.55023,20.925083,20.909483,20.394567,20.29978,21.767548,22.30443,21.00309,20.981552,21.37259,22.097628,4.0,0.0,0.0,0.0,0.0,4.0,0.0,4.0
25859,2023.0,6.0,29.0,13.0,20.968363,21.315508,20.278357,20.719284,21.170918,21.731674,21.09185,21.664236,21.395657,21.907831,20.42411,20.330177,21.368908,21.3332,21.003202,20.988188,21.717613,22.430346,4.0,4.0,4.0,4.0,0.0,0.0,0.0,4.0
25860,2023.0,6.0,29.0,14.0,21.343252,22.043198,19.98706,20.214972,21.248283,21.82426,21.007862,21.520184,21.033916,21.024282,20.45158,20.359905,21.183294,21.089506,21.002789,20.9928,21.029232,21.03359,0.0,4.0,0.0,0.0,0.0,0.0,0.0,0.0
25861,2023.0,6.0,29.0,14.0,21.499685,22.224169,20.200108,20.630646,21.275747,21.853825,20.585453,20.710413,20.819895,20.74037,20.47274,20.380548,21.857273,22.383474,20.928457,20.854029,21.5544,22.183428,4.0,4.0,0.0,0.0,0.0,4.0,0.0,4.0
25862,2023.0,6.0,29.0,14.0,20.991508,21.241375,20.28353,20.742487,21.295048,21.874836,21.006195,21.596386,20.78759,20.704395,20.48667,20.394949,21.40151,21.389357,20.899103,20.82251,21.01465,21.02349,4.0,4.0,4.0,0.0,0.0,0.0,0.0,0.0
25863,2023.0,6.0,29.0,14.0,21.447613,22.205486,20.3145,20.775593,21.312351,21.893959,21.107388,21.705933,20.769686,20.686369,20.497932,20.407417,21.249918,21.155914,20.882698,20.807526,20.828205,20.755539,4.0,4.0,4.0,0.0,0.0,0.0,0.0,0.0
25864,2023.0,6.0,29.0,14.0,21.532661,22.270216,20.34013,20.80276,20.815247,20.956001,20.611305,20.75981,21.409466,21.908108,20.50648,20.417692,21.913095,22.434721,21.820972,22.59801,20.784946,20.714392,4.0,0.0,0.0,4.0,0.0,4.0,4.0,0.0
25865,2023.0,6.0,29.0,14.0,21.006592,21.2584,19.995838,20.211452,20.599302,20.659628,21.01001,21.609243,21.00998,21.017782,20.513224,20.42691,21.45537,21.449308,21.271124,21.363894,20.754715,20.687965,0.0,0.0,4.0,0.0,0.0,0.0,0.0,0.0
25866,2023.0,6.0,29.0,15.0,21.374853,22.108664,19.863691,19.993347,21.1125,21.70787,21.155281,21.75735,20.799812,20.736328,20.518518,20.434675,21.949091,22.493954,20.943184,20.889574,20.721144,20.65096,0.0,4.0,4.0,0.0,0.0,4.0,0.0,0.0
25867,2023.0,6.0,29.0,15.0,21.488987,22.230179,19.8051,19.921747,20.701931,20.84714,20.644037,20.786636,20.769714,20.704145,20.520231,20.438684,21.457758,21.450298,20.889206,20.828009,20.697441,20.628437,0.0,0.0,0.0,0.0,0.0,0.0,0.0,0.0
25868,2023.0,6.0,29.0,15.0,20.979565,21.237295,19.728,19.802336,21.112148,21.705893,21.044065,21.645157,20.744587,20.672764,20.520332,20.440947,21.304924,21.223848,20.866903,20.808176,21.511745,22.188623,0.0,4.0,4.0,0.0,0.0,0.0,0.0,4.0
25869,2023.0,6.0,29.0,15.0,20.799465,20.999134,20.103596,20.53865,20.706379,20.861412,21.14167,21.7504,20.725456,20.654585,20.519138,20.44196,21.271605,21.192472,20.841486,20.77933,20.982044,21.0179,4.0,0.0,4.0,0.0,0.0,0.0,0.0,0.0
25870,2023.0,6.0,29.0,15.0,21.383795,22.158646,19.981728,20.281927,20.507137,20.579,20.63109,20.775436,20.709576,20.64065,20.517225,20.442242,21.24719,21.171335,20.821348,20.760038,20.793083,20.742376,0.0,0.0,0.0,0.0,0.0,0.0,0.0,0.0
25871,2023.0,6.0,29.0,15.0,21.539242,22.279963,19.790308,19.90546,21.040897,21.649153,20.38289,20.469215,20.693466,20.627125,20.861408,21.094015,21.228516,21.159334,20.801754,20.742277,20.743711,20.694778,0.0,4.0,0.0,0.0,4.0,0.0,0.0,0.0
25872,2023.0,6.0,29.0,16.0,21.570688,22.307798,19.69438,19.765724,20.637888,20.791557,20.926767,21.54676,20.680374,20.616377,20.670681,20.664097,21.212206,21.145739,20.785345,20.727604,20.714209,20.668022,0.0,0.0,4.0,0.0,0.0,0.0,0.0,0.0
25873,2023.0,6.0,29.0,16.0,21.032495,21.273567,19.654144,19.720512,20.454748,20.531342,20.507753,20.657194,20.667484,20.605783,20.570541,20.505014,21.196003,21.131727,20.769304,20.713259,20.676762,20.62015,0.0,0.0,0.0,0.0,0.0,0.0,0.0,0.0
25874,2023.0,6.0,29.0,16.0,20.85633,21.054125,19.626036,19.692587,21.008589,21.621403,20.334995,20.420519,20.654785,20.595634,20.550562,20.484524,21.180676,21.118834,20.75368,20.699635,20.650078,20.594496,0.0,4.0,0.0,0.0,0.0,0.0,0.0,0.0
25875,2023.0,6.0,29.0,16.0,21.427805,22.19484,19.602228,19.669014,20.606316,20.76213,20.889776,21.513794,20.641262,20.58467,20.535519,20.471497,21.165329,21.105904,20.73798,20.685957,20.62748,20.574085,0.0,0.0,4.0,0.0,0.0,0.0,0.0,0.0
25876,2023.0,6.0,29.0,16.0,21.526674,22.26948,19.581465,19.648764,21.031471,21.639242,20.48884,20.65758,21.3073,21.85576,20.522125,20.460695,21.150318,21.093493,20.722696,20.67293,21.44305,22.13767,0.0,4.0,0.0,4.0,0.0,0.0,0.0,4.0
25877,2023.0,6.0,29.0,16.0,21.002945,21.252708,19.562681,19.630262,20.623604,20.779152,20.303028,20.391426,20.892227,20.934004,20.508577,20.450758,21.135391,21.081177,20.70726,20.659771,20.956163,21.052677,0.0,0.0,0.0,0.0,0.0,0.0,0.0,0.0
25878,2023.0,6.0,29.0,17.0,21.472586,22.236338,19.545828,19.613848,21.051085,21.66669,20.862152,21.489658,20.730701,20.697863,20.494843,20.440586,21.120667,21.06928,20.691948,20.64696,20.749844,20.725866,0.0,4.0,4.0,0.0,0.0,0.0,0.0,0.0
25879,2023.0,6.0,29.0,17.0,21.55765,22.296396,19.529846,19.597742,20.64371,20.81009,20.466915,20.641068,20.696308,20.665583,20.47995,20.428791,21.105387,21.056503,21.637293,22.451565,20.68816,20.65823,0.0,0.0,0.0,0.0,0.0,0.0,4.0,0.0
25880,2023.0,6.0,29.0,17.0,21.032593,21.283916,19.941475,20.381598,21.0468,21.650715,20.2765,20.363691,21.311003,21.84723,20.464272,20.415869,21.823233,22.43605,21.066486,21.168774,20.649385,20.620289,4.0,4.0,0.0,4.0,0.0,4.0,0.0,0.0
25881,2023.0,6.0,29.0,17.0,21.492523,22.25196,20.004606,20.434278,21.160147,21.765905,20.836828,21.462881,20.932556,21.016058,20.448383,20.402517,22.010504,22.650766,20.83862,20.81227,20.606289,20.566704,0.0,4.0,4.0,0.0,0.0,4.0,0.0,0.0
25882,2023.0,6.0,29.0,17.0,21.08919,21.354902,20.10908,20.566343,21.193666,21.791096,21.01293,21.62506,20.69618,20.679575,20.431929,20.388762,21.459816,21.537592,21.677902,22.455214,21.400242,22.099834,4.0,4.0,4.0,0.0,0.0,0.0,4.0,4.0
25883,2023.0,6.0,29.0,17.0,21.521933,22.274794,20.180042,20.654816,20.705189,20.849424,21.047876,21.653442,20.643864,20.618448,20.417435,20.37614,21.255125,21.211718,21.10105,21.191818,20.908142,21.004898,4.0,0.0,4.0,0.0,0.0,0.0,0.0,0.0
25884,2023.0,6.0,29.0,18.0,21.053488,21.306234,20.221416,20.694407,21.114813,21.712612,21.07943,21.681784,20.60912,20.574781,20.403633,20.36414,21.895676,22.472382,20.87338,20.844326,20.696966,20.675623,4.0,4.0,4.0,0.0,0.0,4.0,0.0,0.0
25885,2023.0,6.0,29.0,18.0,21.511559,22.272182,19.981665,20.26573,20.989344,21.44917,21.010958,21.563026,20.582037,20.54706,20.389698,20.35109,21.423586,21.473278,21.02946,21.165407,20.632849,20.602509,0.0,0.0,0.0,0.0,0.0,0.0,0.0,0.0
25886,2023.0,6.0,29.0,18.0,21.079588,21.316282,20.172993,20.618792,21.166775,21.747076,21.01773,21.559755,20.557173,20.52319,20.374205,20.336779,21.1807,21.134998,21.004822,21.137087,20.588371,20.558449,4.0,4.0,0.0,0.0,0.0,0.0,0.0,0.0
25887,2023.0,6.0,29.0,18.0,21.017365,21.363956,19.982609,20.24664,20.990782,21.40637,21.016594,21.542326,20.5329,20.499157,20.358599,20.322084,21.878197,22.510567,21.006262,21.150225,20.547626,20.513157,0.0,0.0,0.0,0.0,0.0,4.0,0.0,0.0
25888,2023.0,6.0,29.0,18.0,21.401018,22.092987,19.820488,19.948158,21.182928,21.749723,21.016645,21.52996,20.510773,20.478758,20.342878,20.307682,21.445616,21.496359,21.006386,21.158472,21.405441,22.17121,0.0,4.0,0.0,0.0,0.0,0.0,0.0,4.0
25889,2023.0,6.0,29.0,18.0,21.548796,22.25228,20.118551,20.564041,21.261343,21.832422,21.01519,21.5191,20.489859,20.45894,20.326881,20.292881,21.931438,22.55163,21.006573,21.165485,21.669542,22.37759,4.0,4.0,0.0,0.0,0.0,4.0,0.0,4.0
25890,2023.0,6.0,29.0,19.0,20.982422,21.260138,20.252949,20.709913,21.285223,21.851753,21.015196,21.512222,20.469908,20.439817,20.310812,20.27808,21.456316,21.489044,21.006754,21.171423,20.991224,21.0398,4.0,4.0,0.0,0.0,0.0,0.0,0.0,0.0
25891,2023.0,6.0,29.0,19.0,21.020071,21.372053,20.268887,20.7085,20.9702,21.306961,21.014719,21.5061,20.448944,20.418613,20.293543,20.260712,21.182344,21.114964,21.006742,21.17671,20.680035,20.63333,4.0,0.0,0.0,0.0,0.0,0.0,0.0,0.0
25892,2023.0,6.0,29.0,19.0,21.417295,22.126112,20.285349,20.716658,21.20461,21.759472,21.015045,21.502487,20.42914,20.399797,20.276766,20.24484,21.116274,21.05023,21.006998,21.18275,20.599184,20.554161,4.0,4.0,0.0,0.0,0.0,0.0,0.0,0.0
25893,2023.0,6.0,29.0,19.0,21.540234,22.237553,20.299252,20.722935,20.975712,21.319834,21.187931,21.80326,20.408989,20.379932,20.258879,20.227509,21.068584,20.999014,21.006487,21.187632,20.544922,20.498703,4.0,0.0,4.0,0.0,0.0,0.0,0.0,0.0
25894,2023.0,6.0,29.0,19.0,21.57282,22.260542,20.309675,20.725737,21.206095,21.75786,21.181034,21.729095,20.389442,20.361443,20.240597,20.210339,21.060913,21.024027,21.007038,21.195068,20.515028,20.48365,4.0,4.0,4.0,0.0,0.0,0.0,0.0,0.0
25895,2023.0,6.0,29.0,19.0,21.593462,22.272137,19.987072,20.171982,20.98689,21.336767,20.998842,21.433899,21.051495,21.630848,20.221521,20.193037,21.03821,21.004883,21.007446,21.202818,21.377863,22.15319,0.0,0.0,0.0,4.0,0.0,0.0,0.0,4.0
25896,2023.0,6.0,29.0,20.0,21.608915,22.27868,19.814236,19.873974,21.186451,21.707785,21.019659,21.480232,20.72104,20.790438,20.19995,20.173468,21.749249,22.384144,21.008003,21.20968,21.599154,22.273493,0.0,4.0,0.0,0.0,0.0,4.0,0.0,4.0
25897,2023.0,6.0,29.0,20.0,21.616327,22.27305,20.108288,20.485563,21.254232,21.772785,21.11979,21.640701,21.09206,21.621561,20.174965,20.148846,21.265133,21.258642,21.008223,21.21563,21.635645,22.293667,4.0,4.0,4.0,4.0,0.0,0.0,0.0,4.0
25898,2023.0,6.0,29.0,20.0,21.619818,22.26381,20.219639,20.599648,20.98594,21.312565,21.148163,21.661497,20.676916,20.67975,20.147383,20.121613,21.720356,22.283108,21.00859,21.221882,20.94948,20.953207,4.0,0.0,4.0,0.0,0.0,4.0,0.0,0.0
25899,2023.0,6.0,29.0,20.0,21.06221,21.207819,20.225252,20.590248,21.169968,21.657452,21.00281,21.423803,20.416624,20.34823,20.11723,20.091625,21.236763,21.200464,21.009132,21.229067,21.46315,22.135439,4.0,4.0,0.0,0.0,0.0,0.0,0.0,4.0
25900,2023.0,6.0,29.0,20.0,21.419693,22.057104,20.226582,20.5777,21.2265,21.709045,21.095163,21.579191,20.328196,20.248304,20.433823,20.714418,21.67715,22.201958,21.009216,21.235233,20.909561,20.893751,4.0,4.0,4.0,0.0,4.0,4.0,0.0,0.0
25901,2023.0,6.0,29.0,20.0,20.967794,21.18657,19.982695,20.160023,21.2286,21.698969,21.118683,21.59628,20.948679,21.47118,20.246511,20.263597,21.844824,22.35918,21.009876,21.241825,21.381643,22.00501,0.0,4.0,4.0,4.0,0.0,4.0,0.0,4.0
25902,2023.0,6.0,29.0,21.0,21.347542,21.939405,20.127022,20.436405,20.990969,21.300814,21.008005,21.422518,20.543491,20.504093,20.41722,20.672335,21.224915,21.153704,21.009956,21.246761,20.831156,20.784033,4.0,0.0,0.0,0.0,4.0,0.0,0.0,0.0
25903,2023.0,6.0,29.0,21.0,20.96668,21.200512,20.165508,20.464405,21.020939,21.371302,21.06363,21.503717,20.264694,20.153027,20.558588,20.854088,21.677656,22.194012,21.683949,22.50899,21.315678,21.917244,4.0,0.0,4.0,0.0,4.0,4.0,4.0,4.0
25904,2023.0,6.0,29.0,21.0,21.29799,21.849615,20.14666,20.420324,21.114107,21.521385,21.059946,21.479862,20.15874,20.026266,20.468767,20.63778,21.156496,21.047644,20.949724,21.05422,21.493082,22.054373,4.0,4.0,4.0,0.0,4.0,0.0,0.0,4.0
25905,2023.0,6.0,29.0,21.0,20.970772,21.218245,19.997725,20.177547,21.126385,21.515293,21.034025,21.43054,20.905756,21.5091,20.401737,20.531826,21.572552,22.030098,21.525639,22.170938,20.775742,20.670727,0.0,4.0,4.0,4.0,4.0,4.0,4.0,0.0
25906,2023.0,6.0,29.0,21.0,21.01978,21.33581,19.685951,19.590668,21.008234,21.331623,21.003033,21.375843,20.397062,20.276937,20.002277,19.878508,20.998205,20.909695,20.954655,21.043842,20.434309,20.260218,0.0,0.0,4.0,0.0,0.0,0.0,0.0,0.0
25907,2023.0,6.0,29.0,21.0,21.238897,21.734913,19.455023,19.264038,21.022007,21.360994,21.02857,21.453775,20.060371,19.869095,19.827608,19.610323,21.02274,21.004581,21.026815,21.21541,21.158924,21.736721,0.0,0.0,0.0,0.0,0.0,0.0,0.0,4.0
25908,2023.0,6.0,29.0,22.0,20.982216,21.252138,19.483032,19.4038,21.020903,21.355885,21.02284,21.433811,19.941776,19.722921,19.706505,19.46292,21.010094,21.006453,21.016077,21.208158,20.577543,20.405197,0.0,0.0,0.0,0.0,0.0,0.0,0.0,0.0
25909,2023.0,6.0,29.0,22.0,21.196627,21.658344,19.492529,19.437876,21.231642,21.744318,21.02342,21.426636,20.635693,21.11525,19.774742,19.680477,21.012304,21.028952,21.017473,21.219452,20.24356,20.025494,0.0,4.0,0.0,4.0,0.0,0.0,0.0,0.0
25910,2023.0,6.0,29.0,22.0,20.987757,21.26592,19.89933,20.229233,20.987553,21.273123,21.023457,21.420267,20.92112,21.414783,19.787405,19.70151,21.5912,22.151512,21.01103,21.225023,20.935375,21.430016,4.0,0.0,0.0,4.0,0.0,4.0,0.0,4.0
25911,2023.0,6.0,29.0,22.0,21.189367,21.644594,20.009544,20.341297,21.025827,21.354774,21.171188,21.685316,20.24631,20.064684,20.059336,20.241478,20.97235,20.915997,21.012264,21.240078,20.430267,20.25089,0.0,0.0,4.0,0.0,4.0,0.0,0.0,0.0
25912,2023.0,6.0,29.0,22.0,20.981016,21.257257,20.091656,20.450172,21.02058,21.345291,20.993727,21.350441,19.939428,19.709314,19.982304,20.034975,21.02998,21.058517,21.011835,21.248886,20.132057,19.91146,4.0,0.0,0.0,0.0,0.0,0.0,0.0,0.0
25913,2023.0,6.0,29.0,22.0,21.189825,21.654629,20.007744,20.273384,21.013458,21.347296,21.028923,21.42217,19.849752,19.619717,19.82799,19.74731,21.010485,21.03899,21.635027,22.415987,20.037882,19.816784,0.0,0.0,0.0,0.0,0.0,0.0,4.0,0.0
25914,2023.0,6.0,29.0,23.0,20.990168,21.278713,19.577166,19.43208,21.218359,21.723751,21.023233,21.409723,20.52452,20.964815,19.739128,19.649786,21.006456,21.057152,20.943966,21.0464,20.102226,20.015022,0.0,4.0,0.0,4.0,0.0,0.0,0.0,0.0
25915,2023.0,6.0,29.0,23.0,20.58032,20.511366,19.296478,19.043007,21.07525,21.367188,20.59746,20.605146,20.647537,20.932838,19.694937,19.601374,20.827194,20.73189,20.520828,20.279058,20.106438,20.023817,0.0,4.0,0.0,4.0,0.0,0.0,0.0,0.0
25916,2023.0,6.0,29.0,23.0,20.395472,20.260836,19.379261,19.27963,20.476063,20.277182,20.402212,20.339981,20.068481,19.827791,19.659672,19.562197,20.756634,20.65551,20.365528,20.11647,20.075312,19.990484,0.0,0.0,0.0,0.0,0.0,0.0,0.0,0.0
25917,2023.0,6.0,29.0,23.0,20.50791,20.574064,19.39013,19.31759,20.195585,19.880192,20.295902,20.220835,19.877638,19.607922,19.623823,19.521646,20.707226,20.6022,20.265026,20.010443,20.040482,19.952106,0.0,0.0,0.0,0.0,0.0,0.0,0.0,0.0
25918,2023.0,6.0,29.0,23.0,20.488762,20.56335,19.361397,19.287613,20.072336,19.751722,20.219677,20.144812,19.789627,19.519089,19.591146,19.486963,21.350906,21.85846,20.345646,20.254108,20.738338,21.29438,0.0,0.0,0.0,0.0,0.0,4.0,0.0,4.0
25919,2023.0,6.0,29.0,23.0,20.447647,20.5198,19.329702,19.251928,20.176058,20.053358,20.149338,20.07072,19.883224,19.7815,19.556885,19.449171,21.31529,21.643433,20.320126,20.22576,20.23969,20.198929,0.0,0.0,0.0,0.0,0.0,4.0,0.0,0.0
25920,2023.0,6.0,30.0,0.0,20.406483,20.475208,19.297935,19.216024,20.174618,20.0829,20.086132,20.003828,19.874361,19.772972,19.818588,19.9648,20.650055,20.366354,20.272707,20.175083,19.912476,19.658638,0.0,0.0,0.0,0.0,4.0,0.0,0.0,0.0
25921,2023.0,6.0,30.0,0.0,20.367077,20.43304,19.267878,19.182669,20.129995,20.037704,20.029045,19.944014,19.835876,19.731314,19.613604,19.52476,20.451994,20.128681,20.227448,20.127518,20.497137,20.845963,0.0,0.0,0.0,0.0,0.0,0.0,0.0,4.0
25922,2023.0,6.0,30.0,0.0,20.326492,20.387003,19.236116,19.144814,20.08106,19.983017,19.97218,19.880241,19.796606,19.68728,19.509026,19.388933,20.358414,20.029303,20.181324,20.077017,20.680735,21.065262,0.0,0.0,0.0,0.0,0.0,0.0,0.0,4.0
25923,2023.0,6.0,30.0,0.0,20.981415,21.649815,19.21102,19.119638,20.040836,19.944662,19.927904,19.8379,19.762257,19.652822,19.47095,19.351288,20.48706,20.36184,20.141262,20.037022,20.020857,19.771105,0.0,0.0,0.0,0.0,0.0,0.0,0.0,0.0
25924,2023.0,6.0,30.0,0.0,20.550623,20.701113,19.610516,19.887781,19.998512,19.900309,19.882229,19.789782,19.726885,19.615093,19.431885,19.309523,20.48316,20.360035,21.010454,21.707863,20.549301,20.915924,4.0,0.0,0.0,0.0,0.0,0.0,4.0,4.0
25925,2023.0,6.0,30.0,0.0,20.12629,19.959318,19.38816,19.393974,19.957832,19.857334,19.8387,19.743738,20.258965,20.640242,19.39536,19.270138,20.446507,20.320164,20.222755,20.010046,20.690617,21.053154,0.0,0.0,0.0,4.0,0.0,0.0,0.0,4.0
25926,2023.0,6.0,30.0,1.0,19.971338,19.75853,19.223412,19.130808,19.918055,19.814276,19.796453,19.698019,19.883259,19.811472,19.359936,19.231255,20.41195,20.282467,19.944675,19.64792,20.006155,19.729858,0.0,0.0,0.0,0.0,0.0,0.0,0.0,0.0
25927,2023.0,6.0,30.0,1.0,20.144342,20.179758,19.172588,19.06967,19.882204,19.77793,19.758558,19.659304,19.736446,19.618538,19.328493,19.199215,20.38067,20.250916,19.851486,19.551233,19.789862,19.48108,0.0,0.0,0.0,0.0,0.0,0.0,0.0,0.0
25928,2023.0,6.0,30.0,1.0,20.149466,20.19859,19.139513,19.03627,19.849123,19.745487,19.723698,19.624868,19.689774,19.571909,19.299692,19.170837,20.35193,20.222786,19.778543,19.479568,19.695057,19.390776,0.0,0.0,0.0,0.0,0.0,0.0,0.0,0.0
25929,2023.0,6.0,30.0,1.0,20.126076,20.176453,19.113726,19.012941,19.81934,19.71845,19.692368,19.596268,19.650497,19.534565,19.273092,19.146101,20.325153,20.197603,19.899534,19.784422,19.822704,19.728268,0.0,0.0,0.0,0.0,0.0,0.0,0.0,0.0
25930,2023.0,6.0,30.0,1.0,20.100958,20.15212,19.088057,18.987503,19.7888,19.688616,19.660278,19.564789,19.614231,19.498621,19.245674,19.119148,20.298317,20.1714,19.899546,19.790083,19.797043,19.687063,0.0,0.0,0.0,0.0,0.0,0.0,0.0,0.0
25931,2023.0,6.0,30.0,1.0,20.075548,20.12778,19.06487,18.965609,19.760155,19.661606,19.630257,19.536385,19.580498,19.465942,19.219011,19.093628,20.272415,20.146584,19.875832,19.767315,19.760557,19.65156,0.0,0.0,0.0,0.0,0.0,0.0,0.0,0.0
25932,2023.0,6.0,30.0,2.0,20.059713,20.122368,19.042692,18.94469,19.732405,19.635406,19.601236,19.508911,19.548058,19.434536,19.192305,19.068045,20.246855,20.12209,19.849218,19.741646,19.725117,19.617111,0.0,0.0,0.0,0.0,0.0,0.0,0.0,0.0
25933,2023.0,6.0,30.0,2.0,20.042706,20.112442,19.017263,18.916483,19.701672,19.602423,19.569365,19.47483,19.513424,19.397957,19.162138,19.035673,20.218489,20.091732,19.818684,19.709377,19.687094,19.577337,0.0,0.0,0.0,0.0,0.0,0.0,0.0,0.0
25934,2023.0,6.0,30.0,2.0,20.018166,20.08667,18.993887,18.89255,19.673136,19.573877,19.539854,19.44543,20.073582,20.48083,19.13288,19.006136,20.191025,20.063648,19.78836,19.678608,19.650663,19.540785,0.0,0.0,0.0,4.0,0.0,0.0,0.0,0.0
25935,2023.0,6.0,30.0,2.0,19.990965,20.056656,18.96817,18.863949,19.642326,19.54073,19.508074,19.411364,19.66143,19.582056,19.10118,18.972267,20.162088,20.032732,19.756256,19.644806,19.612835,19.501215,0.0,0.0,0.0,0.0,0.0,0.0,0.0,0.0
25936,2023.0,6.0,30.0,2.0,19.962471,20.024046,18.941397,18.833088,19.610483,19.50528,19.475311,19.375015,19.305296,18.971636,19.068121,18.93593,20.132374,20.000198,19.723148,19.609161,19.57448,19.46012,0.0,0.0,0.0,0.0,0.0,0.0,0.0,0.0
25937,2023.0,6.0,30.0,2.0,19.934296,19.992357,18.914501,18.801985,19.578802,19.469994,19.442787,19.338915,19.180758,18.835432,19.035072,18.899782,20.103043,19.96833,19.690313,19.574127,19.536983,19.42028,0.0,0.0,0.0,0.0,0.0,0.0,0.0,0.0
25938,2023.0,6.0,30.0,3.0,19.907438,19.963774,18.89068,18.777115,19.55021,19.440783,19.413488,19.309092,19.30793,19.169004,19.313921,19.448849,20.07544,19.939816,19.658936,19.54203,19.501705,19.384466,0.0,0.0,0.0,0.0,4.0,0.0,0.0,0.0
25939,2023.0,6.0,30.0,3.0,19.880093,19.934685,18.86629,18.750988,19.521133,19.410444,19.383793,19.278185,19.898659,20.284733,19.098083,18.98489,20.04772,19.910868,19.627447,19.509617,19.466593,19.348501,0.0,0.0,0.0,4.0,0.0,0.0,0.0,0.0
25940,2023.0,6.0,30.0,3.0,19.85194,19.903765,18.841318,18.723318,19.49124,19.378283,19.353407,19.24553,19.502829,19.412575,18.998104,18.858692,20.019382,19.880497,19.595219,19.47562,19.430946,19.311043,0.0,0.0,0.0,0.0,0.0,0.0,0.0,0.0
25941,2023.0,6.0,30.0,3.0,19.823225,19.87137,18.815582,18.694078,19.46059,19.344501,19.322298,19.21129,19.138865,18.78474,18.957245,18.814728,19.990665,19.849186,19.562532,19.440609,19.395048,19.272696,0.0,0.0,0.0,0.0,0.0,0.0,0.0,0.0
25942,2023.0,6.0,30.0,3.0,19.794994,19.840023,18.789598,18.664509,19.430012,19.310795,19.291264,19.177155,19.014816,18.651396,18.918121,18.772694,19.962383,19.818577,19.530273,19.406359,19.359856,19.235416,0.0,0.0,0.0,0.0,0.0,0.0,0.0,0.0
25943,2023.0,6.0,30.0,3.0,19.768152,19.811842,18.76643,18.640781,19.402311,19.282824,19.263157,19.14885,19.150862,19.00278,19.192974,19.317904,19.935785,19.7912,19.49952,19.37505,19.326628,19.201788,0.0,0.0,0.0,0.0,4.0,0.0,0.0,0.0
25944,2023.0,6.0,30.0,4.0,19.740625,19.782732,18.74229,18.615088,19.373829,19.253206,19.23434,19.118933,19.161182,19.025833,18.977661,18.857738,19.909115,19.76348,19.46873,19.34354,20.021587,20.53863,0.0,0.0,0.0,0.0,0.0,0.0,0.0,4.0
25945,2023.0,6.0,30.0,4.0,19.710678,19.748838,18.715822,18.584585,19.342943,19.218742,19.203377,19.084326,19.716509,20.092117,18.87058,18.720665,19.880579,19.731936,19.436068,19.308243,19.526808,19.452477,0.0,0.0,0.0,4.0,0.0,0.0,0.0,0.0
25946,2023.0,6.0,30.0,4.0,19.68027,19.71407,18.68851,18.552809,19.3114,19.183239,19.171968,19.048847,19.315609,19.211477,18.826813,18.673494,19.85152,19.699656,19.402874,19.272234,19.147087,18.806732,0.0,0.0,0.0,0.0,0.0,0.0,0.0,0.0
25947,2023.0,6.0,30.0,4.0,19.64894,19.677334,18.659853,18.518707,19.278658,19.145544,19.139324,19.011204,18.9371,18.55669,18.783062,18.625067,19.821526,19.665785,19.368717,19.234623,19.007141,18.646086,0.0,0.0,0.0,0.0,0.0,0.0,0.0,0.0
25948,2023.0,6.0,30.0,4.0,19.618603,19.64287,18.632027,18.486652,19.246923,19.110079,19.107466,18.975676,18.807894,18.417473,18.742529,18.581253,19.7921,19.633312,19.335106,19.198395,19.140812,18.996687,0.0,0.0,0.0,0.0,0.0,0.0,0.0,0.0
25949,2023.0,6.0,30.0,4.0,19.587711,19.607862,18.603798,18.454199,19.214968,19.07436,19.075197,18.939777,18.957582,18.799353,18.702906,18.538359,19.762617,19.60076,19.301392,19.16205,19.136263,18.995518,0.0,0.0,0.0,0.0,0.0,0.0,0.0,0.0
25950,2023.0,6.0,30.0,5.0,19.557842,19.575426,18.576801,18.424566,19.184425,19.041634,19.044329,18.906862,19.544016,19.902576,18.666025,18.499899,19.734457,19.570658,19.26897,19.128147,19.105433,18.963522,0.0,0.0,0.0,4.0,0.0,0.0,0.0,0.0
25951,2023.0,6.0,30.0,5.0,19.532543,19.552155,18.554815,18.405176,19.158543,19.01838,19.018118,18.883333,19.169922,19.070929,18.634342,18.4706,19.710869,19.549173,19.240566,19.101835,19.802887,20.304552,0.0,0.0,0.0,0.0,0.0,0.0,0.0,4.0
25952,2023.0,6.0,30.0,5.0,19.509584,19.531916,18.535633,18.389935,19.134993,18.998455,18.994408,18.863214,19.354935,19.469067,18.895233,18.984045,19.690228,19.531143,19.214828,19.07857,19.101494,18.802757,0.0,0.0,0.0,4.0,4.0,0.0,0.0,0.0
25953,2023.0,6.0,30.0,5.0,19.486933,19.511488,18.517014,18.37491,19.111708,18.978352,18.97121,18.84307,18.86835,18.492907,18.701324,18.559002,19.671528,19.514797,19.190784,19.056623,18.866272,18.512533,0.0,0.0,0.0,0.0,0.0,0.0,0.0,0.0
25954,2023.0,6.0,30.0,5.0,19.465359,19.492731,18.499605,18.361475,19.08951,18.959915,18.949104,18.824633,18.716143,18.348433,18.913855,19.01519,19.655695,19.501833,19.169552,19.038115,19.500103,19.773214,0.0,0.0,0.0,0.0,4.0,0.0,0.0,4.0
25955,2023.0,6.0,30.0,5.0,20.15076,20.803772,18.482674,18.348545,19.73717,20.198576,18.927418,18.806656,18.654839,18.295809,18.725443,18.602903,19.642342,19.491428,20.09811,20.80629,18.995428,18.694775,0.0,4.0,0.0,0.0,0.0,0.0,4.0,0.0
25956,2023.0,6.0,30.0,6.0,20.327932,20.980293,18.466002,18.335754,19.368334,19.369766,19.57409,20.042063,18.792267,18.629063,18.631683,18.483532,20.33098,20.805136,19.294882,19.053617,19.505234,19.77388,0.0,0.0,4.0,0.0,0.0,4.0,0.0,4.0
25957,2023.0,6.0,30.0,6.0,21.131983,22.333715,18.88549,19.137997,21.22845,22.70853,21.203314,22.809448,19.427267,19.81301,18.612125,18.469986,21.090105,22.046076,21.345915,22.692812,20.08034,20.699242,4.0,0.0,0.0,4.0,0.0,0.0,0.0,0.0
25958,2023.0,6.0,30.0,6.0,21.025358,21.981302,20.155882,21.274036,21.017431,22.07414,21.026068,22.214,20.043793,20.689007,18.598392,18.46265,20.99802,21.675833,21.00734,21.923294,19.269829,19.01589,0.0,0.0,0.0,4.0,0.0,4.0,0.0,0.0
25959,2023.0,6.0,30.0,6.0,21.038176,21.913563,19.602404,19.993334,21.033152,21.99645,21.047905,22.105844,19.999063,20.484295,18.593206,18.463917,21.037914,21.66894,21.000992,21.766836,18.941246,18.645971,4.0,0.0,0.0,4.0,0.0,0.0,4.0,0.0
25960,2023.0,6.0,30.0,6.0,21.006927,21.769442,20.11025,21.003887,21.004608,21.846283,21.03133,21.99698,20.003384,20.415363,18.594622,18.472237,20.99877,21.490082,21.044003,21.807407,19.046066,18.935501,0.0,4.0,0.0,4.0,0.0,4.0,0.0,0.0
25961,2023.0,6.0,30.0,6.0,21.012419,21.744946,19.133007,18.998167,21.047358,21.883842,21.033041,21.947178,20.030003,20.435074,18.600233,18.48387,21.034054,21.527033,21.034374,21.727545,19.079956,18.978565,0.0,0.0,0.0,0.0,0.0,0.0,0.0,0.0
25962,2023.0,6.0,30.0,7.0,21.010897,21.720371,19.01261,19.064249,21.01254,21.744627,21.031895,21.90731,19.364532,19.104982,18.607933,18.498167,21.026752,21.465948,21.03352,21.678898,19.070713,18.975792,4.0,4.0,0.0,0.0,0.0,0.0,0.0,0.0
25963,2023.0,6.0,30.0,7.0,21.010838,21.706076,20.137135,21.022268,21.018135,21.72576,21.005823,21.808369,19.071085,18.781952,18.616362,18.512533,21.026344,21.42933,21.023987,21.641853,19.060255,18.970457,4.0,4.0,4.0,0.0,0.0,0.0,0.0,0.0
25964,2023.0,6.0,30.0,7.0,21.038094,21.770926,20.020842,20.71137,21.01669,21.70318,21.010765,21.804913,19.15746,19.048143,18.626394,18.528074,21.251282,21.823092,21.25976,22.03815,19.922424,20.611921,0.0,4.0,4.0,0.0,0.0,4.0,4.0,4.0
25965,2023.0,6.0,30.0,7.0,21.031275,21.744001,19.203613,19.08194,21.041979,21.759361,21.046095,21.865623,19.92071,20.484396,18.976208,19.17803,20.99582,21.311745,20.999126,21.526981,20.00943,20.501099,0.0,0.0,0.0,4.0,4.0,0.0,0.0,0.0
25966,2023.0,6.0,30.0,7.0,21.003336,21.656174,18.917837,18.83294,21.035696,21.72971,21.038448,21.823477,20.00918,20.434881,20.15254,21.111065,21.06671,21.41725,21.090616,21.659706,20.154371,20.666273,0.0,0.0,0.0,0.0,0.0,4.0,4.0,4.0
25967,2023.0,6.0,30.0,7.0,21.008917,21.66557,19.313848,19.63945,21.009333,21.642714,21.038095,21.8009,19.39166,19.188753,19.693583,20.028072,21.018555,21.33848,21.022886,21.552914,20.00351,20.358297,4.0,4.0,0.0,0.0,4.0,0.0,0.0,0.0
25968,2023.0,6.0,30.0,8.0,21.007366,21.664984,20.10284,20.96804,21.014242,21.648489,21.037146,21.7826,19.11541,18.872501,20.095163,20.792261,21.022738,21.338495,21.029924,21.559788,19.439365,19.244518,0.0,4.0,0.0,0.0,0.0,0.0,0.0,0.0
25969,2023.0,6.0,30.0,8.0,20.829731,21.327547,19.404198,19.522936,20.691435,21.028934,20.849716,21.398554,19.881025,20.400852,19.338032,19.215233,20.464895,20.255854,20.288197,20.122887,20.03972,20.569061,0.0,4.0,4.0,4.0,0.0,0.0,0.0,4.0
25970,2023.0,6.0,30.0,8.0,20.781918,21.281708,19.084234,19.046787,20.056389,19.922318,20.593122,20.937847,20.018211,20.499105,19.536163,19.73496,21.16371,21.717045,20.952133,21.545979,20.25671,20.809793,0.0,0.0,4.0,0.0,4.0,4.0,4.0,4.0
25971,2023.0,6.0,30.0,8.0,20.762676,21.276403,19.403973,19.744982,20.320858,20.645247,19.924942,19.794968,19.43031,19.281296,20.045673,20.542475,21.248997,21.657629,21.203075,21.82128,20.357138,20.915823,4.0,4.0,0.0,0.0,4.0,4.0,4.0,4.0
25972,2023.0,6.0,30.0,8.0,20.750404,21.277092,20.098883,20.906973,20.435349,20.798944,20.21171,20.56736,19.869457,20.287497,20.020517,20.445566,20.570364,20.387781,21.248888,21.876348,20.444767,21.010508,0.0,4.0,4.0,4.0,0.0,0.0,4.0,4.0
25973,2023.0,6.0,30.0,8.0,20.736036,21.266386,19.31696,19.312284,19.892687,19.806025,19.777548,19.691473,20.020452,20.403402,19.804073,19.958914,21.007912,21.403786,21.290209,21.926538,19.966734,20.149963,0.0,0.0,0.0,0.0,4.0,4.0,4.0,0.0
25974,2023.0,6.0,30.0,9.0,20.730642,21.27166,18.993618,18.960379,20.197355,20.56694,20.085955,20.469143,20.167217,20.600552,20.03951,20.418625,20.558638,20.409925,20.469786,20.36136,19.562208,19.393373,0.0,4.0,4.0,4.0,4.0,0.0,0.0,0.0
25975,2023.0,6.0,30.0,9.0,20.732943,21.286448,19.360525,19.714506,19.80236,19.741093,19.68018,19.620234,19.99564,20.26108,20.01732,20.356869,20.29754,20.079735,20.08184,19.890097,20.233862,20.80926,4.0,0.0,0.0,0.0,0.0,0.0,0.0,4.0
25976,2023.0,6.0,30.0,9.0,20.74804,21.323305,20.0929,20.943369,19.510176,19.368954,19.388828,19.257233,19.608765,19.503387,19.900421,20.080187,20.955051,21.390701,19.950893,19.760988,19.964647,20.160673,0.0,0.0,0.0,0.0,4.0,4.0,0.0,0.0
25977,2023.0,6.0,30.0,9.0,20.764181,21.354782,19.418863,19.54984,19.40825,19.271849,19.925978,20.357376,19.405449,19.2473,20.01836,20.30651,20.55055,20.443523,19.876734,19.697842,19.594128,19.454748,0.0,0.0,4.0,0.0,4.0,0.0,0.0,0.0
25978,2023.0,6.0,30.0,9.0,20.204134,20.31193,19.474829,19.85802,19.424984,19.380667,20.126165,20.592722,19.413673,19.323748,20.01628,20.292656,20.30939,20.124886,20.777163,21.454168,19.437988,19.290188,4.0,0.0,4.0,0.0,0.0,0.0,4.0,0.0
25979,2023.0,6.0,30.0,9.0,19.910667,19.955236,20.067099,20.832495,19.411356,19.388828,20.165352,20.643362,19.417036,19.337864,19.614021,19.493792,20.976025,21.439331,20.26731,20.226524,19.394617,19.256168,4.0,0.0,4.0,0.0,0.0,4.0,0.0,0.0
25980,2023.0,6.0,30.0,10.0,19.808712,19.859991,20.020758,20.695803,19.37355,19.358295,19.647823,19.661749,20.116545,20.675247,19.483213,19.383184,20.592848,20.529665,19.94155,19.807255,19.413637,19.332413,0.0,0.0,0.0,4.0,0.0,0.0,0.0,0.0
25981,2023.0,6.0,30.0,10.0,19.739075,19.796795,19.394278,19.450308,20.015224,20.60357,20.006056,20.504234,19.976393,20.248043,19.466623,19.373669,20.343546,20.182144,19.84467,19.704153,19.4079,19.33399,0.0,4.0,4.0,0.0,0.0,0.0,0.0,0.0
25982,2023.0,6.0,30.0,10.0,19.744883,19.873007,19.05979,19.02614,19.62123,19.670715,20.157862,20.661999,19.607708,19.516966,19.436743,19.345669,20.279709,20.114828,19.792328,19.656395,20.257658,20.960524,0.0,0.0,4.0,0.0,0.0,0.0,0.0,4.0
25983,2023.0,6.0,30.0,10.0,19.72324,19.86402,19.456833,19.848234,19.387266,19.328743,19.613676,19.626194,19.471102,19.343004,19.413301,19.322891,20.31855,20.223597,19.804438,19.721334,19.961004,20.30293,4.0,0.0,0.0,0.0,0.0,0.0,0.0,0.0
25984,2023.0,6.0,30.0,10.0,20.398548,21.173674,20.079561,20.881212,19.304638,19.250477,19.355532,19.315306,19.46268,19.381027,19.38741,19.299778,20.320566,20.235136,19.788256,19.71244,19.558994,19.489304,0.0,0.0,0.0,0.0,0.0,0.0,0.0,0.0
25985,2023.0,6.0,30.0,10.0,19.943863,20.10486,19.45506,19.60077,19.289011,19.279558,19.26275,19.220572,19.442434,19.368368,19.363073,19.278778,20.303415,20.221228,19.758114,19.685501,19.38735,19.286268,0.0,0.0,0.0,0.0,0.0,0.0,0.0,0.0
25986,2023.0,6.0,30.0,11.0,19.737741,19.82889,19.183216,19.205332,19.264196,19.2644,19.851772,20.373247,20.115541,20.662962,19.344486,19.263695,20.286657,20.207134,19.730682,19.660965,19.37568,19.306736,0.0,0.0,4.0,4.0,0.0,0.0,0.0,0.0
25987,2023.0,6.0,30.0,11.0,19.664158,19.75693,19.083199,19.094193,19.232277,19.235165,19.44329,19.501583,19.984594,20.335205,19.324955,19.247671,20.268862,20.191833,19.702816,19.635715,19.354628,19.291952,0.0,0.0,0.0,0.0,0.0,0.0,0.0,0.0
25988,2023.0,6.0,30.0,11.0,19.651651,19.794514,19.004921,19.017467,19.884642,20.493961,19.841394,20.392172,19.582737,19.524347,19.302916,19.22947,20.249527,20.175335,19.67343,19.609285,19.325354,19.265825,0.0,4.0,4.0,0.0,0.0,0.0,0.0,0.0
25989,2023.0,6.0,30.0,11.0,19.624985,19.775845,18.951387,18.964195,20.061558,20.684275,19.408344,19.475857,19.447811,19.353193,19.283335,19.213356,20.232147,20.160685,19.647911,19.586527,19.300482,19.243624,0.0,4.0,0.0,0.0,0.0,0.0,0.0,0.0
25990,2023.0,6.0,30.0,11.0,20.304075,21.085615,19.342587,19.739529,19.510038,19.587656,19.222902,19.213942,19.427402,19.362886,19.62267,19.871525,20.215258,20.146906,19.623905,19.565735,19.276812,19.223156,4.0,0.0,0.0,0.0,4.0,0.0,0.0,0.0
25991,2023.0,6.0,30.0,11.0,20.396273,21.099667,20.101809,21.03702,19.301653,19.28832,19.161001,19.151945,19.39843,19.340364,20.050623,20.595226,20.198545,20.133127,19.60068,19.545458,19.253607,19.202799,0.0,0.0,0.0,0.0,0.0,0.0,0.0,0.0
25992,2023.0,6.0,30.0,12.0,19.853092,20.043892,19.420076,19.602615,19.228216,19.218273,19.130226,19.14341,19.365341,19.31188,19.63242,19.713373,20.181204,20.119535,19.576271,19.524744,19.229156,19.182089,0.0,0.0,0.0,0.0,0.0,0.0,0.0,0.0
25993,2023.0,6.0,30.0,12.0,21.16819,22.464827,19.124804,19.159456,21.231571,22.813293,21.232594,22.91314,19.33664,19.28461,19.430996,19.38924,21.187296,21.92431,21.22562,22.413202,19.205235,19.15934,0.0,0.0,0.0,0.0,0.0,0.0,0.0,0.0
25994,2023.0,6.0,30.0,12.0,21.00432,22.019457,19.005926,19.022589,20.969078,22.081512,20.969889,22.160686,19.304316,19.253325,19.344818,19.288982,21.002441,21.514761,20.995258,21.876087,19.179064,19.134035,0.0,4.0,4.0,0.0,0.0,0.0,0.0,0.0
25995,2023.0,6.0,30.0,12.0,21.02645,21.990284,19.389677,19.805368,21.018274,22.051645,21.020197,22.121922,19.274984,19.226233,19.29681,19.24193,21.015999,21.49233,21.026623,21.84256,19.156214,19.113207,4.0,4.0,4.0,0.0,0.0,0.0,0.0,0.0
25996,2023.0,6.0,30.0,12.0,21.023676,21.936707,20.093641,20.97379,21.038193,22.032057,21.01425,22.024494,19.246983,19.199759,19.25584,19.201302,21.0143,21.455877,21.02261,21.771,19.135267,19.094023,0.0,0.0,4.0,0.0,0.0,0.0,0.0,0.0
25997,2023.0,6.0,30.0,12.0,21.023436,21.902098,19.716404,20.118702,21.032537,21.959259,21.04029,22.037045,19.221647,19.176798,19.222116,19.170837,21.01445,21.432917,21.022865,21.726772,19.116024,19.076853,4.0,0.0,0.0,0.0,0.0,0.0,0.0,0.0
25998,2023.0,6.0,30.0,13.0,20.995144,21.801151,20.069921,20.811028,21.031921,21.911453,21.033295,21.974144,19.19762,19.1548,19.190746,19.14126,21.013865,21.415514,21.022417,21.693846,19.097612,19.060522,4.0,0.0,0.0,0.0,0.0,0.0,0.0,0.0
25999,2023.0,6.0,30.0,13.0,21.035,21.879383,19.998882,20.627853,21.026365,21.873621,21.005985,21.861332,19.175198,19.134716,19.162224,19.115358,21.01365,21.403418,21.31208,22.186466,19.079914,19.04505,4.0,0.0,4.0,0.0,0.0,0.0,4.0,0.0
26000,2023.0,6.0,30.0,13.0,21.025904,21.840492,20.0103,20.619171,21.02788,21.854366,21.013927,21.853382,19.154825,19.117453,19.137333,19.094322,21.014168,21.395992,20.98738,21.551455,20.003176,20.813278,4.0,0.0,4.0,0.0,0.0,0.0,0.0,4.0
26001,2023.0,6.0,30.0,13.0,20.996832,21.745907,20.026241,20.643106,21.026264,21.833384,21.011406,21.830849,19.133932,19.098433,19.11218,19.071379,21.01368,21.389315,21.031155,21.633057,19.975336,20.510347,0.0,0.0,4.0,0.0,0.0,0.0,0.0,0.0
26002,2023.0,6.0,30.0,13.0,21.004866,21.75539,19.45798,19.529053,21.026896,21.819586,21.038086,21.889236,19.115074,19.082441,19.09012,19.053146,21.014095,21.385878,21.024025,21.61008,19.446697,19.437832,0.0,0.0,0.0,0.0,0.0,0.0,0.0,0.0
26003,2023.0,6.0,30.0,13.0,21.032448,21.825579,19.57171,19.93272,21.026312,21.805883,21.004803,21.784687,19.096197,19.065445,19.06725,19.032476,21.356316,22.015324,21.021444,21.603647,19.21562,19.160389,4.0,0.0,4.0,0.0,0.0,4.0,0.0,0.0
26004,2023.0,6.0,30.0,14.0,21.025282,21.79993,20.060957,20.748068,21.025787,21.794125,21.037756,21.8593,19.078089,19.048716,19.044876,19.011435,20.968967,21.2501,21.021181,21.600334,19.173422,19.14304,4.0,0.0,0.0,0.0,0.0,0.0,0.0,0.0
26005,2023.0,6.0,30.0,14.0,20.358267,20.505573,20.020151,20.642622,20.339819,20.464481,20.228914,20.289524,19.062332,19.035294,19.02577,18.994926,20.572468,20.504038,20.432365,20.461918,19.143702,19.117,0.0,0.0,0.0,0.0,0.0,0.0,0.0,0.0
26006,2023.0,6.0,30.0,14.0,20.766134,21.512499,19.467833,19.553028,19.942543,19.957973,20.402012,20.8901,19.046503,19.020794,19.007847,18.978844,20.366806,20.252916,20.128286,20.091146,19.989115,20.743675,0.0,0.0,4.0,0.0,0.0,0.0,0.0,4.0
26007,2023.0,6.0,30.0,14.0,20.215542,20.374475,19.674654,20.059694,19.811502,19.804884,19.92402,19.956774,19.032349,19.007292,18.99252,18.964424,20.350304,20.28998,20.021208,19.974796,20.005497,20.625427,4.0,0.0,0.0,0.0,0.0,0.0,0.0,0.0
26008,2023.0,6.0,30.0,14.0,19.903221,19.99689,20.050352,20.694168,19.707167,19.700472,19.612226,19.568829,19.739326,20.356455,18.97579,18.94824,20.314823,20.26389,19.931772,19.887386,19.432045,19.43663,0.0,0.0,0.0,4.0,0.0,0.0,0.0,0.0
26009,2023.0,6.0,30.0,14.0,20.461037,21.12684,19.895071,20.338573,19.61885,19.61168,19.489994,19.439293,20.030613,20.675238,18.960285,18.933737,20.267885,20.218992,19.85557,19.812654,20.020826,20.713137,4.0,0.0,0.0,0.0,0.0,0.0,0.0,4.0
26010,2023.0,6.0,30.0,15.0,20.045176,20.189507,20.047964,20.657648,19.54417,19.536818,19.447334,19.439175,19.4409,19.45017,19.33429,19.6526,20.98105,21.613762,19.790041,19.74838,19.99902,20.49667,0.0,0.0,0.0,0.0,4.0,4.0,0.0,0.0
26011,2023.0,6.0,30.0,15.0,19.777431,19.861382,19.483446,19.541517,19.480247,19.4725,19.397196,19.395872,19.175665,19.120686,20.092655,20.879168,20.46638,20.429956,19.732922,19.692375,19.481762,19.466091,0.0,0.0,0.0,0.0,0.0,0.0,0.0,0.0
26012,2023.0,6.0,30.0,15.0,19.688297,19.764803,19.168709,19.139687,20.091394,20.669804,19.341345,19.340332,19.1337,19.101406,19.483265,19.577833,20.902239,21.428696,19.68249,19.642801,19.245678,19.186451,0.0,4.0,0.0,0.0,0.0,4.0,0.0,0.0
26013,2023.0,6.0,30.0,15.0,19.693678,19.825651,19.11382,19.108343,19.685883,19.785927,19.298151,19.296059,19.108593,19.078743,19.239359,19.209648,21.047573,21.591,19.643532,19.603966,19.207441,19.173128,0.0,0.0,0.0,0.0,0.0,4.0,0.0,0.0
26014,2023.0,6.0,30.0,15.0,19.68349,19.8373,19.067383,19.06842,20.06128,20.563974,19.257992,19.256113,19.081367,19.051746,19.172508,19.135906,20.429096,20.37227,19.60807,19.569283,19.17113,19.140162,0.0,4.0,0.0,0.0,0.0,0.0,0.0,0.0
26015,2023.0,6.0,30.0,15.0,20.319613,21.055159,19.018862,19.019896,20.165838,20.67146,19.221489,19.219912,19.761,20.355238,19.125452,19.08832,20.240562,20.112986,19.576244,19.538185,19.134846,19.104519,0.0,4.0,0.0,4.0,0.0,0.0,0.0,0.0
26016,2023.0,6.0,30.0,16.0,19.815918,19.965477,19.416088,19.802113,19.641024,19.660078,19.187088,19.185389,20.039698,20.725767,19.086975,19.049307,20.169386,20.038897,19.54699,19.509165,19.101913,19.071547,4.0,0.0,0.0,0.0,0.0,0.0,0.0,0.0
26017,2023.0,6.0,30.0,16.0,19.566513,19.654406,20.085539,20.903814,20.015274,20.514904,19.151743,19.15073,19.4062,19.398628,19.04899,19.011154,20.844255,21.372482,19.517132,19.48015,19.068716,19.039066,0.0,4.0,0.0,0.0,0.0,4.0,0.0,0.0
26018,2023.0,6.0,30.0,16.0,19.499662,19.576502,19.46337,19.608957,19.626163,19.650743,19.119347,19.119053,19.137846,19.07023,19.017931,18.981716,20.391565,20.335007,19.490105,19.453793,19.039053,19.009932,0.0,0.0,0.0,0.0,0.0,0.0,0.0,0.0
26019,2023.0,6.0,30.0,16.0,20.236874,20.999413,19.617237,20.002275,20.042694,20.52426,19.093218,19.093023,19.112957,19.073875,18.995485,18.959488,20.203066,20.070763,19.46863,19.432495,19.016235,18.98707,4.0,4.0,0.0,0.0,0.0,0.0,0.0,0.0
26020,2023.0,6.0,30.0,16.0,19.748789,19.913073,20.06171,20.775059,19.621302,19.655832,19.068556,19.069023,19.091629,19.057402,18.974474,18.938717,20.13715,20.003613,20.44716,21.299938,18.995243,18.966457,0.0,0.0,0.0,0.0,0.0,0.0,4.0,0.0
26021,2023.0,6.0,30.0,16.0,19.475426,19.55824,19.782188,20.14237,19.965128,20.448153,19.042667,19.04364,19.062246,19.029018,18.953386,18.918432,20.895407,21.500483,19.860968,19.859705,19.854572,20.609266,4.0,4.0,0.0,0.0,0.0,4.0,0.0,4.0
26022,2023.0,6.0,30.0,17.0,19.433287,19.514204,20.07232,20.694752,20.093977,20.58962,19.020586,19.020752,19.039057,19.0049,18.936594,18.900936,20.99384,21.52595,19.61019,19.512405,20.033152,20.725182,0.0,4.0,0.0,0.0,0.0,4.0,0.0,4.0
26023,2023.0,6.0,30.0,17.0,19.470577,19.618587,19.817713,20.147713,19.56933,19.567244,18.998514,18.998783,19.015379,18.981722,18.919775,18.884539,21.040602,21.566692,19.526295,19.42851,20.022978,20.652637,4.0,0.0,0.0,0.0,0.0,4.0,0.0,0.0
26024,2023.0,6.0,30.0,17.0,19.465046,19.612791,20.060102,20.655807,19.323933,19.257084,19.659794,20.259926,18.993309,18.959652,18.903414,18.86791,20.42886,20.361753,19.517756,19.46927,19.40585,19.391603,0.0,0.0,4.0,0.0,0.0,0.0,0.0,0.0
26025,2023.0,6.0,30.0,17.0,20.12504,20.867321,19.479746,19.50539,19.237017,19.15839,19.322268,19.41166,18.9731,18.939192,18.888367,18.852692,20.886492,21.39256,19.496923,19.453888,19.133625,19.05537,0.0,0.0,0.0,0.0,0.0,4.0,0.0,0.0
26026,2023.0,6.0,30.0,17.0,20.214548,20.871653,19.721079,20.082897,19.922138,20.49101,19.716051,20.220545,18.957771,18.92356,18.87657,18.840557,21.021988,21.542778,19.470446,19.428284,19.065466,18.980598,4.0,4.0,4.0,0.0,0.0,4.0,0.0,0.0
26027,2023.0,6.0,30.0,17.0,20.264692,20.907152,20.044615,20.649057,19.483896,19.523436,19.283571,19.315462,18.9438,18.909468,19.240381,19.535204,20.415915,20.353285,20.444307,21.291588,19.062635,19.018845,0.0,0.0,0.0,0.0,4.0,0.0,4.0,0.0
26028,2023.0,6.0,30.0,18.0,20.323538,20.959267,19.54515,19.648632,19.19005,19.12162,19.018301,18.963549,18.92977,18.895473,20.103794,20.946527,20.14589,20.002596,19.845686,19.832428,19.042349,19.004837,0.0,0.0,0.0,0.0,0.0,0.0,0.0,0.0
26029,2023.0,6.0,30.0,18.0,21.09404,22.264349,19.661633,20.032175,21.213411,22.728788,21.23257,22.909527,18.916962,18.882767,19.46581,19.575079,21.134106,21.794672,21.225065,22.41662,19.935953,20.725527,4.0,4.0,4.0,0.0,0.0,0.0,0.0,4.0
26030,2023.0,6.0,30.0,18.0,20.99437,21.964233,20.042896,20.633982,21.006325,22.135431,20.981045,22.185461,18.905546,18.871157,19.109367,19.079035,21.00794,21.509008,21.002728,21.891338,19.994734,20.58378,4.0,0.0,4.0,0.0,0.0,0.0,0.0,0.0
26031,2023.0,6.0,30.0,18.0,21.008785,21.919674,20.020613,20.570414,21.03595,22.05895,21.019548,22.115728,18.896095,18.862022,19.029442,18.985537,21.240171,21.887785,21.031218,21.84543,20.195978,20.863161,0.0,0.0,4.0,0.0,0.0,4.0,0.0,4.0
26032,2023.0,6.0,30.0,18.0,21.03487,21.941515,19.45453,19.454664,21.002783,21.894783,21.04243,22.086117,18.888004,18.854591,18.99093,18.948084,20.994001,21.384312,21.02394,21.769539,19.99723,20.455597,0.0,4.0,0.0,0.0,0.0,0.0,0.0,0.0
26033,2023.0,6.0,30.0,18.0,21.02825,21.883535,19.139055,19.048904,21.014292,21.856333,21.035732,21.999643,18.879831,18.846685,18.959929,18.91728,21.023098,21.423012,21.219387,22.055521,19.452524,19.380302,0.0,4.0,0.0,0.0,0.0,0.0,4.0,0.0
26034,2023.0,6.0,30.0,19.0,21.014225,21.787577,19.105488,19.08319,21.029068,21.83767,21.034285,21.90728,18.871605,18.83845,18.931528,18.887901,21.040514,21.43751,21.164455,21.848818,19.21241,19.102032,0.0,4.0,4.0,0.0,0.0,0.0,4.0,0.0
26035,2023.0,6.0,30.0,19.0,21.033634,21.836374,19.061073,19.0431,21.008465,21.769506,21.037956,21.911854,18.864573,18.832142,18.908968,18.867123,21.34411,21.987516,21.00994,21.605251,19.196043,19.150873,0.0,4.0,0.0,0.0,0.0,4.0,0.0,0.0
26036,2023.0,6.0,30.0,19.0,20.997854,21.723532,19.01265,18.997194,21.011675,21.751827,21.033821,21.872276,18.857151,18.824333,18.8885,18.848043,20.972712,21.260727,21.030247,21.629805,19.164225,19.12224,0.0,4.0,0.0,0.0,0.0,0.0,0.0,0.0
26037,2023.0,6.0,30.0,19.0,21.006046,21.727043,18.969566,18.956345,21.010914,21.730587,21.034323,21.846571,18.850407,18.817799,18.870272,18.831259,21.19512,21.669542,21.026005,21.603777,20.064323,20.864141,0.0,4.0,0.0,0.0,0.0,4.0,0.0,4.0
26038,2023.0,6.0,30.0,19.0,21.004951,21.716293,19.376354,19.754217,21.010427,21.713247,21.001526,21.751255,19.5395,20.12206,18.85298,18.81452,20.994835,21.285765,21.025852,21.587597,20.262547,20.906013,4.0,4.0,4.0,4.0,0.0,0.0,0.0,4.0
26039,2023.0,6.0,30.0,19.0,21.004547,21.707588,20.092287,20.926786,21.03629,21.770702,21.013563,21.759163,20.030407,20.747602,18.83741,18.799278,21.218107,21.698135,21.362535,22.189953,20.30799,20.94619,0.0,0.0,4.0,4.0,0.0,4.0,4.0,4.0
26040,2023.0,6.0,30.0,20.0,21.004421,21.699276,19.44974,19.5785,21.00414,21.667303,21.011969,21.74483,20.024563,20.656895,18.824846,18.7878,21.28265,21.759645,20.976913,21.439123,20.377352,21.009247,0.0,4.0,4.0,0.0,0.0,4.0,0.0,4.0
26041,2023.0,6.0,30.0,20.0,21.00335,21.69068,19.559553,19.971195,21.009573,21.666977,21.03837,21.807207,20.00568,20.502308,19.207273,19.520386,21.305683,21.782402,21.032436,21.552332,20.43996,21.069431,4.0,4.0,0.0,4.0,4.0,4.0,0.0,4.0
26042,2023.0,6.0,30.0,20.0,21.003778,21.683521,20.058115,20.75763,21.034946,21.729317,21.031578,21.777958,20.027416,20.537106,20.11716,21.008358,21.32511,21.800846,21.024082,21.53338,19.96443,20.220703,4.0,0.0,0.0,0.0,0.0,4.0,0.0,0.0
26043,2023.0,6.0,30.0,20.0,21.002764,21.675459,20.00234,20.581644,21.028984,21.70329,21.005816,21.691246,20.092514,20.581715,19.41712,19.502296,20.98492,21.206059,21.024914,21.530478,19.561665,19.473915,4.0,0.0,4.0,4.0,0.0,0.0,0.0,0.0
26044,2023.0,6.0,30.0,20.0,21.002417,21.66859,20.008333,20.550734,21.028616,21.68927,21.011047,21.69526,20.008785,20.423939,19.458084,19.764835,21.022732,21.299427,21.018957,21.52354,19.349205,19.23291,4.0,0.0,4.0,0.0,4.0,0.0,0.0,0.0
26045,2023.0,6.0,30.0,20.0,21.030344,21.738613,20.026306,20.57125,20.996567,21.605505,21.036417,21.761671,19.48235,19.39221,20.089838,20.81072,21.016804,21.296194,21.02041,21.527948,19.26654,19.155342,0.0,4.0,0.0,0.0,0.0,0.0,0.0,0.0
26046,2023.0,6.0,30.0,21.0,20.995384,21.636658,19.805801,20.095648,21.009111,21.623636,21.029982,21.738224,19.246061,19.130714,19.807758,20.140501,21.017426,21.302292,21.019653,21.526154,19.270607,19.227978,4.0,4.0,0.0,0.0,4.0,0.0,0.0,0.0
26047,2023.0,6.0,30.0,21.0,21.003036,21.645906,20.062977,20.625257,21.007267,21.616844,21.003862,21.654984,19.231005,19.186537,20.065117,20.644537,21.012526,21.30495,21.019726,21.525124,19.246254,19.207396,0.0,4.0,4.0,0.0,0.0,0.0,0.0,0.0
26048,2023.0,6.0,30.0,21.0,21.002296,21.640976,19.502123,19.512535,21.033604,21.686094,21.035942,21.735346,19.20098,19.161425,19.471916,19.437147,21.375023,21.983908,21.019878,21.52284,20.146423,20.948559,0.0,0.0,0.0,0.0,0.0,4.0,0.0,4.0
26049,2023.0,6.0,30.0,21.0,21.029743,21.713717,19.704659,20.08715,21.027525,21.66321,21.029385,21.713007,19.15993,19.122215,19.513712,19.708792,20.965914,21.177946,21.41918,22.248901,19.96741,20.38197,4.0,0.0,0.0,0.0,4.0,0.0,4.0,0.0
26050,2023.0,6.0,30.0,21.0,21.024055,21.691416,20.04586,20.632164,21.027824,21.652515,21.029703,21.70396,19.123486,19.086864,20.088057,20.671902,21.022964,21.303417,21.405733,22.0763,19.457085,19.36757,0.0,0.0,0.0,0.0,0.0,0.0,4.0,0.0
26051,2023.0,6.0,30.0,21.0,21.02387,21.680628,19.542913,19.620428,21.021555,21.64158,21.023476,21.694622,19.093079,19.058678,19.789772,20.008635,21.016592,21.295809,20.977875,21.35706,19.249046,19.146782,0.0,0.0,0.0,0.0,4.0,0.0,0.0,0.0
26052,2023.0,6.0,30.0,22.0,21.024189,21.671654,19.278181,19.282648,21.022366,21.642448,21.024418,21.696802,19.814186,20.4486,20.045967,20.518839,21.012598,21.29996,21.02854,21.47384,19.243517,19.20582,0.0,0.0,0.0,4.0,4.0,0.0,0.0,0.0
26053,2023.0,6.0,30.0,22.0,21.038359,21.7003,19.173738,19.154583,21.044773,21.683952,21.048597,21.742338,20.053438,20.656437,20.04326,20.485046,21.026083,21.334414,21.04388,21.507206,19.222004,19.187939,0.0,0.0,0.0,0.0,0.0,0.0,0.0,0.0
26054,2023.0,6.0,30.0,22.0,21.015682,21.655914,19.120829,19.10582,21.018751,21.629038,21.020435,21.683401,19.418198,19.356411,19.812958,19.995504,21.01148,21.308964,21.328468,22.007345,19.189207,19.155289,0.0,0.0,0.0,0.0,4.0,0.0,4.0,0.0
26055,2023.0,6.0,30.0,22.0,21.019156,21.662859,19.072378,19.05624,21.022398,21.634336,21.024546,21.689934,19.147886,19.042946,20.060368,20.500973,21.013279,21.316463,20.979208,21.348703,19.938044,20.598007,0.0,0.0,0.0,0.0,0.0,0.0,0.0,4.0
26056,2023.0,6.0,30.0,22.0,21.01873,21.661142,19.03065,19.013197,21.021889,21.630703,21.023771,21.685432,19.804354,20.35752,19.620644,19.634127,21.013285,21.319054,21.028345,21.458355,20.005013,20.494827,0.0,0.0,0.0,4.0,0.0,0.0,0.0,0.0
26057,2023.0,6.0,30.0,22.0,21.018763,21.659372,18.994524,18.976288,21.021801,21.627756,21.023663,21.681835,20.070637,20.624695,19.380083,19.334864,21.013214,21.32053,21.021841,21.448837,19.446478,19.36458,0.0,0.0,0.0,4.0,0.0,0.0,0.0,0.0
26058,2023.0,6.0,30.0,23.0,21.037941,21.693611,18.95992,18.938538,21.044132,21.667778,21.04815,21.725725,20.016916,20.444256,19.284826,19.229214,21.026335,21.347143,21.04469,21.493347,19.21053,19.098337,0.0,0.0,0.0,4.0,0.0,0.0,0.0,0.0
26059,2023.0,6.0,30.0,23.0,20.53133,20.709488,18.934862,18.916702,20.460882,20.535269,20.41365,20.494059,20.04139,20.471209,19.227974,19.17912,20.653643,20.625425,20.54271,20.526442,19.211697,19.168604,0.0,0.0,0.0,4.0,0.0,0.0,0.0,0.0
26060,2023.0,6.0,30.0,23.0,20.329636,20.445513,18.913591,18.895803,20.19895,20.17146,20.135592,20.11504,19.489044,19.409134,19.18456,19.136448,20.52233,20.459225,20.357643,20.298744,19.196178,19.160898,0.0,0.0,0.0,0.0,0.0,0.0,0.0,0.0
26061,2023.0,6.0,30.0,23.0,20.236917,20.35244,18.89346,18.876402,20.079124,20.042387,20.007174,19.978552,19.908829,20.322317,19.145199,19.098604,20.458017,20.395824,20.26082,20.2018,19.168686,19.132513,0.0,0.0,0.0,4.0,0.0,0.0,0.0,0.0
26062,2023.0,6.0,30.0,23.0,20.17855,20.307806,18.874998,18.858786,19.992104,19.955593,19.912569,19.8845,19.442446,19.354721,19.442099,19.689428,20.405043,20.34458,20.18393,20.126991,19.143425,19.107197,0.0,0.0,0.0,0.0,4.0,0.0,0.0,0.0
26063,2023.0,6.0,30.0,23.0,20.121807,20.252914,18.857769,18.842352,19.919462,19.88388,19.833693,19.806711,19.882349,20.29724,19.215282,19.202003,20.358868,20.300032,20.118263,20.063444,19.119984,19.083769,0.0,0.0,0.0,4.0,0.0,0.0,0.0,0.0
26064,2023.0,7.0,1.0,0.0,20.070541,20.202261,18.841759,18.827045,19.856516,19.822102,19.765535,19.73977,19.42317,19.336857,19.11405,19.06999,20.316227,20.25635,20.060682,20.007812,19.098375,19.062159,0.0,0.0,0.0,0.0,0.0,0.0,0.0,0.0
26065,2023.0,7.0,1.0,0.0,20.027313,20.15932,18.829021,18.814129,19.803589,19.770315,19.708197,19.68365,19.255003,19.129625,19.077387,19.033806,20.278913,20.219543,20.010065,19.95955,19.809282,20.418377,0.0,0.0,0.0,0.0,0.0,0.0,0.0,4.0
26066,2023.0,7.0,1.0,0.0,19.9943,20.12286,18.824923,18.806019,19.76259,19.72622,19.663364,19.635618,19.188017,19.063251,19.370964,19.613846,20.244501,20.18496,19.963663,19.914312,19.329699,19.346937,0.0,0.0,0.0,0.0,4.0,0.0,0.0,0.0
26067,2023.0,7.0,1.0,0.0,19.96515,20.090528,18.822498,18.800364,19.726713,19.68747,19.624294,19.59343,19.205864,19.153488,19.145866,19.125538,20.212742,20.152676,19.920128,19.869358,19.117235,19.021854,0.0,0.0,0.0,0.0,0.0,0.0,0.0,0.0
26068,2023.0,7.0,1.0,0.0,19.936962,20.058655,18.81923,18.794746,19.69272,19.650707,19.58749,19.553532,19.188456,19.1439,19.055258,19.008913,20.18329,20.12241,19.880697,19.829082,19.051577,18.947065,0.0,0.0,0.0,0.0,0.0,0.0,0.0,0.0
26069,2023.0,7.0,1.0,0.0,19.91235,20.033173,18.815725,18.79026,19.664396,19.62378,19.55685,19.52433,19.161877,19.12023,19.3663,19.624376,20.157915,20.098057,19.846668,19.796232,19.075094,19.03532,0.0,0.0,0.0,0.0,4.0,0.0,0.0,0.0
26070,2023.0,7.0,1.0,1.0,19.8881,20.007565,18.811249,18.784946,19.6362,19.595621,19.526363,19.493809,19.136,19.095755,19.126087,19.106934,20.133604,20.073853,19.814568,19.764301,19.0634,19.026358,0.0,0.0,0.0,0.0,0.0,0.0,0.0,0.0
26071,2023.0,7.0,1.0,1.0,19.86569,19.984556,18.80689,18.780554,19.610353,19.570583,19.498478,19.466629,19.112692,19.074078,19.380621,19.639275,20.111576,20.052437,19.785538,19.73588,19.04504,19.008472,0.0,0.0,0.0,0.0,4.0,0.0,0.0,0.0
26072,2023.0,7.0,1.0,1.0,19.844454,19.962986,18.802374,18.776297,19.58605,19.547354,19.472336,19.441454,19.089956,19.05055,19.13713,19.119793,20.091118,20.032625,19.75872,19.709686,19.027948,18.991762,0.0,0.0,0.0,0.0,0.0,0.0,0.0,0.0
26073,2023.0,7.0,1.0,1.0,19.82482,19.94353,18.797821,18.772234,19.563755,19.526678,19.448425,19.41909,19.655321,20.131159,19.048494,19.006754,20.785824,21.365105,19.734356,19.68635,19.012424,18.976906,0.0,0.0,0.0,4.0,0.0,4.0,0.0,0.0
26074,2023.0,7.0,1.0,1.0,19.806177,19.924824,18.793028,18.767979,19.542507,19.506666,19.425531,19.397402,19.285984,19.307133,19.015574,18.973888,20.213268,20.133509,19.711428,19.664116,18.99792,18.962856,0.0,0.0,0.0,0.0,0.0,0.0,0.0,0.0
26075,2023.0,7.0,1.0,1.0,19.788778,19.90731,18.788048,18.763601,19.52244,19.487677,19.403774,19.376741,19.774647,20.295881,18.98924,18.948908,20.034529,19.881327,19.68992,19.64317,19.715872,20.32709,0.0,0.0,0.0,4.0,0.0,0.0,0.0,4.0
26076,2023.0,7.0,1.0,2.0,19.772297,19.89068,18.78291,18.759096,19.503315,19.469543,19.383204,19.357086,19.28626,19.23526,18.965857,18.924725,19.987944,19.835611,19.669676,19.623375,19.243483,19.267939,0.0,0.0,0.0,0.0,0.0,0.0,0.0,0.0
26077,2023.0,7.0,1.0,2.0,19.756159,19.873926,18.777195,18.753553,19.484453,19.451056,19.363241,19.3373,19.107006,18.99431,19.255133,19.485153,20.041414,19.981266,19.650152,19.60381,19.039476,18.950495,0.0,0.0,0.0,0.0,4.0,0.0,0.0,0.0
26078,2023.0,7.0,1.0,2.0,19.740444,19.857635,18.77131,18.747742,19.466318,19.43328,19.344198,19.318422,19.054499,18.941952,19.030457,19.00019,20.036945,19.981007,19.631697,19.585392,18.980742,18.88449,0.0,0.0,0.0,0.0,0.0,0.0,0.0,0.0
26079,2023.0,7.0,1.0,2.0,19.72605,19.843658,18.765863,18.742775,19.450117,19.418604,19.327227,19.30288,19.078194,19.030611,18.970587,18.931084,20.020487,19.96556,19.615013,19.569609,19.791552,20.456167,0.0,0.0,0.0,0.0,0.0,0.0,0.0,4.0
26080,2023.0,7.0,1.0,2.0,19.711224,19.828495,18.760021,18.73715,19.433764,19.40288,19.310152,19.286285,19.073936,19.03692,18.945011,18.90463,20.003891,19.94919,19.598497,19.553343,19.233044,19.206919,0.0,0.0,0.0,0.0,0.0,0.0,0.0,0.0
26081,2023.0,7.0,1.0,2.0,19.696106,19.812296,18.753525,18.730356,19.416803,19.385262,19.292585,19.267817,19.053944,19.015898,18.92243,18.880611,19.986996,19.931644,19.58195,19.536283,19.038273,18.935755,0.0,0.0,0.0,0.0,0.0,0.0,0.0,0.0
26082,2023.0,7.0,1.0,3.0,19.682463,19.798532,18.747482,18.724567,19.40169,19.370754,19.27691,19.252623,19.035917,18.99802,18.904512,18.862923,19.971788,19.916723,19.566849,19.521461,18.990513,18.89031,0.0,0.0,0.0,0.0,0.0,0.0,0.0,0.0
26083,2023.0,7.0,1.0,3.0,19.66931,19.785255,18.741718,18.71938,19.387981,19.358526,19.26263,19.239822,19.019968,18.982988,19.182451,19.39655,19.957775,19.903526,19.552805,19.508156,19.80209,20.46519,0.0,0.0,0.0,0.0,4.0,0.0,0.0,4.0
26084,2023.0,7.0,1.0,3.0,19.655682,19.77089,18.735367,18.712948,19.373446,19.344193,19.247602,19.22489,19.004175,18.967056,19.00633,19.005562,19.943407,19.889101,19.53847,19.493809,19.241726,19.214954,0.0,0.0,0.0,0.0,0.0,0.0,0.0,0.0
26085,2023.0,7.0,1.0,3.0,19.641777,19.755638,18.728476,18.705309,19.358158,19.32791,19.232042,19.208113,18.988592,18.95048,18.917717,18.875572,19.928715,19.873556,19.52387,19.478514,19.043388,18.937822,0.0,0.0,0.0,0.0,0.0,0.0,0.0,0.0
26086,2023.0,7.0,1.0,3.0,19.629099,19.74248,18.722143,18.698853,19.344404,19.314322,19.218037,19.194147,18.97487,18.936691,18.895266,18.853004,19.91525,19.860062,19.510359,19.465002,19.058657,19.020657,0.0,0.0,0.0,0.0,0.0,0.0,0.0,0.0
26087,2023.0,7.0,1.0,3.0,19.616947,19.730078,18.7163,18.693483,19.331976,19.303057,19.205261,19.182514,19.548296,20.025797,18.877396,18.836336,19.902822,19.848272,19.497774,19.45299,19.038593,19.00386,0.0,0.0,0.0,4.0,0.0,0.0,0.0,0.0
26088,2023.0,7.0,1.0,4.0,19.604757,19.717257,18.709888,18.68702,19.318895,19.290169,19.191725,19.169163,19.8023,20.364819,18.860865,18.819674,20.601456,21.180996,19.484987,19.440254,19.01556,18.980667,0.0,0.0,0.0,4.0,0.0,4.0,0.0,0.0
26089,2023.0,7.0,1.0,4.0,19.5952,19.708822,18.703058,18.679625,19.305695,19.27658,19.177938,19.155046,19.225803,19.181927,18.84532,18.803572,20.041262,19.968779,19.47208,19.426981,18.99408,18.958616,0.0,0.0,0.0,0.0,0.0,0.0,0.0,0.0
26090,2023.0,7.0,1.0,4.0,19.59774,19.723085,18.696032,18.671923,19.292673,19.263037,19.164225,19.140911,19.635073,20.046179,18.830727,18.788378,19.864191,19.713142,19.459288,19.413784,19.706291,20.31644,0.0,0.0,0.0,4.0,0.0,0.0,0.0,4.0
26091,2023.0,7.0,1.0,4.0,19.591082,19.716675,18.688894,18.664112,19.279787,19.249638,19.150827,19.127003,19.219471,19.159622,18.816923,18.773981,19.818783,19.665958,19.446655,19.400742,19.166044,19.128454,0.0,0.0,0.0,0.0,0.0,0.0,0.0,0.0
26092,2023.0,7.0,1.0,4.0,19.581507,19.705677,18.680904,18.6547,19.265886,19.23414,19.136652,19.111113,19.043982,18.917938,18.802828,18.758337,19.881416,19.826872,19.433556,19.386593,18.98302,18.873682,0.0,0.0,0.0,0.0,0.0,0.0,0.0,0.0
26093,2023.0,7.0,1.0,4.0,19.571856,19.695045,18.67407,18.647713,19.253881,19.222372,19.124466,19.099108,19.065327,19.01416,19.101131,19.328175,19.871868,19.812094,19.42162,19.374582,19.000881,18.958303,0.0,0.0,0.0,0.0,4.0,0.0,0.0,0.0
26094,2023.0,7.0,1.0,5.0,19.56125,19.68306,18.666546,18.639296,19.241013,19.208729,19.111351,19.08518,19.05034,19.005774,18.883335,18.849974,19.856844,19.798464,19.409393,19.361776,18.985964,18.9485,0.0,0.0,0.0,0.0,0.0,0.0,0.0,0.0
26095,2023.0,7.0,1.0,5.0,19.550844,19.671658,18.658995,18.630714,19.22818,19.195005,19.09829,19.071186,19.027105,18.983849,18.826008,18.77948,19.841747,19.78266,19.397417,19.349262,18.963308,18.92354,0.0,0.0,0.0,0.0,0.0,0.0,0.0,0.0
26096,2023.0,7.0,1.0,5.0,19.540648,19.660688,18.65242,18.62415,19.21687,19.184193,19.086761,19.06016,19.642708,20.165726,18.807257,18.761497,19.827765,19.768984,19.386301,19.338295,18.944555,18.90529,0.0,0.0,0.0,4.0,0.0,0.0,0.0,0.0
26097,2023.0,7.0,1.0,5.0,19.530169,19.649113,18.645134,18.616243,19.20478,19.171686,19.074389,19.047384,19.856533,20.417904,18.790047,18.743732,20.526648,21.103016,19.374868,19.326542,18.926712,18.887053,0.0,0.0,0.0,4.0,0.0,4.0,0.0,0.0
26098,2023.0,7.0,1.0,5.0,19.520344,19.638231,18.637846,18.608288,19.1929,19.159296,19.062077,19.034645,19.259377,19.207308,18.775229,18.728302,19.96553,19.889818,20.304382,21.087132,18.910282,18.870216,0.0,0.0,0.0,0.0,0.0,0.0,4.0,0.0
26099,2023.0,7.0,1.0,5.0,19.510796,19.627623,18.630487,18.600224,19.18134,19.147038,19.049795,19.021868,19.055475,18.924507,18.761904,18.714369,19.779297,19.617477,19.628527,19.587349,19.619755,20.218197,0.0,0.0,0.0,0.0,0.0,0.0,0.0,4.0
26100,2023.0,7.0,1.0,6.0,19.500813,19.616465,18.622923,18.591892,19.169903,19.134724,19.037605,19.00896,18.992048,18.85824,18.74998,18.701725,19.73259,19.568096,19.408989,19.276968,19.153477,19.174204,0.0,0.0,0.0,0.0,0.0,0.0,0.0,0.0
26101,2023.0,7.0,1.0,6.0,21.217041,22.635246,19.048798,19.394056,21.225937,22.800587,21.221708,22.87374,19.664047,20.175966,19.03014,19.233105,21.264362,22.297764,21.366722,22.724445,18.942877,18.84035,4.0,0.0,4.0,4.0,4.0,4.0,4.0,0.0
26102,2023.0,7.0,1.0,6.0,20.97278,21.96456,20.13181,21.186232,21.001308,22.124441,21.008078,22.233524,20.007193,20.574709,20.12327,21.052628,21.016684,21.738361,21.014585,21.944893,19.668325,20.273844,0.0,0.0,0.0,4.0,4.0,0.0,0.0,4.0
26103,2023.0,7.0,1.0,6.0,21.033638,22.006172,19.682928,20.118277,21.00681,21.9746,21.041513,22.134514,20.024963,20.55514,19.992102,20.65927,20.99617,21.585167,21.032623,21.867344,20.010069,20.639496,4.0,4.0,0.0,0.0,4.0,4.0,0.0,4.0
26104,2023.0,7.0,1.0,6.0,21.001242,21.838081,20.072279,20.86853,21.033161,21.958977,21.035826,22.010485,19.422838,19.33048,20.029503,20.643196,20.998934,21.5304,21.028843,21.77567,20.055695,20.634861,4.0,0.0,0.0,0.0,0.0,4.0,0.0,4.0
26105,2023.0,7.0,1.0,6.0,21.034616,21.871166,20.020113,20.69395,21.006277,21.80659,21.027365,21.928202,19.161915,19.022831,19.658407,19.825476,20.997345,21.483923,21.027077,21.709883,20.017994,20.53714,0.0,4.0,0.0,0.0,4.0,4.0,0.0,0.0
26106,2023.0,7.0,1.0,7.0,20.999758,21.738052,19.335457,19.311811,21.012314,21.765472,21.028715,21.88123,19.169842,19.109869,20.083124,20.661592,21.031513,21.51305,21.021965,21.662136,19.427414,19.347897,0.0,4.0,0.0,0.0,0.0,4.0,0.0,0.0
26107,2023.0,7.0,1.0,7.0,21.005602,21.722567,18.9772,18.85443,21.011015,21.725756,21.02794,21.842775,19.916193,20.53382,19.913979,20.24619,21.072317,21.554626,21.300655,22.124846,19.168587,19.043371,0.0,4.0,0.0,4.0,4.0,4.0,4.0,0.0
26108,2023.0,7.0,1.0,7.0,21.004301,21.700464,19.403353,19.742235,21.010197,21.695826,21.0017,21.742037,20.074379,20.560474,20.038843,20.507114,21.1131,21.59671,21.27585,21.95245,20.021399,20.722849,4.0,4.0,4.0,4.0,0.0,4.0,4.0,4.0
26109,2023.0,7.0,1.0,7.0,21.003897,21.68366,20.084524,20.856209,21.009464,21.67189,21.032652,21.807386,20.117044,20.597853,19.942167,20.258091,21.15346,21.638836,21.29143,21.97074,19.991423,20.442802,0.0,4.0,0.0,4.0,4.0,4.0,4.0,0.0
26110,2023.0,7.0,1.0,7.0,21.003532,21.669653,19.449587,19.536032,21.008785,21.652258,21.03201,21.774925,20.005949,20.373945,20.017805,20.391684,21.192442,21.679085,21.334179,22.013605,19.468395,19.390697,0.0,4.0,0.0,0.0,4.0,4.0,4.0,0.0
26111,2023.0,7.0,1.0,7.0,21.002674,21.656975,19.1138,19.091204,21.00773,21.635204,21.003275,21.673532,20.207327,20.697458,20.01941,20.381397,20.995169,21.323053,20.973806,21.382841,19.242027,19.126947,0.0,4.0,4.0,4.0,0.0,0.0,0.0,0.0
26112,2023.0,7.0,1.0,8.0,21.03025,21.723507,19.036861,19.010523,21.034107,21.695278,21.010828,21.676027,19.988441,20.26593,19.561132,19.475159,21.022081,21.369076,21.03242,21.504885,19.24183,19.190868,0.0,0.0,4.0,0.0,0.0,0.0,0.0,0.0
26113,2023.0,7.0,1.0,8.0,20.39676,20.489101,18.986317,18.959213,20.309483,20.284637,20.243814,20.223644,19.60601,19.525646,19.398085,19.327772,21.213728,21.697903,20.43346,20.345903,19.229465,19.181873,0.0,0.0,0.0,0.0,0.0,4.0,0.0,0.0
26114,2023.0,7.0,1.0,8.0,20.14619,20.15517,19.396502,19.75619,19.994812,19.846485,20.541666,20.948938,19.443338,19.308262,19.358068,19.288868,20.60435,20.502762,20.202389,20.043085,19.209818,19.161982,4.0,0.0,4.0,0.0,0.0,0.0,0.0,0.0
26115,2023.0,7.0,1.0,8.0,20.716331,21.31952,20.091246,20.928007,19.865711,19.713356,20.047815,19.99888,19.442636,19.371569,19.320639,19.250315,20.390144,20.208265,20.097887,19.93904,19.190895,19.142935,0.0,0.0,0.0,0.0,0.0,0.0,0.0,0.0
26116,2023.0,7.0,1.0,8.0,20.289808,20.384655,19.461136,19.593033,19.844728,19.78332,19.737667,19.617182,19.420769,19.358088,19.284874,19.216373,20.295757,20.115671,20.082056,20.00115,20.047478,20.779192,0.0,0.0,0.0,0.0,0.0,0.0,0.0,4.0
26117,2023.0,7.0,1.0,8.0,20.731092,21.331196,19.179386,19.162415,19.805317,19.75973,19.63041,19.498632,19.391726,19.329554,19.259792,19.190578,20.323908,20.231392,20.047644,19.97623,19.996265,20.533424,0.0,0.0,0.0,0.0,0.0,0.0,0.0,0.0
26118,2023.0,7.0,1.0,9.0,20.284784,20.373358,19.083921,19.058443,19.743345,19.701029,20.289837,20.826881,19.36105,19.299982,19.233301,19.165024,20.309414,20.22945,19.996296,19.927595,19.45664,19.412859,0.0,0.0,4.0,0.0,0.0,0.0,0.0,0.0
26119,2023.0,7.0,1.0,9.0,20.064898,20.081724,19.033741,19.006855,20.366951,20.917063,19.808613,19.79343,19.339113,19.279316,19.214449,19.147326,20.280327,20.203606,19.956636,19.889711,19.278482,19.168634,0.0,4.0,0.0,0.0,0.0,0.0,0.0,0.0
26120,2023.0,7.0,1.0,9.0,19.977118,19.998444,18.996078,18.97186,19.967962,20.052467,19.579885,19.470806,19.31948,19.261915,19.197828,19.132988,20.252018,20.178328,20.909094,21.725445,19.273472,19.21448,0.0,0.0,0.0,0.0,0.0,0.0,4.0,0.0
26121,2023.0,7.0,1.0,9.0,19.994965,20.104115,18.964802,18.942825,19.675835,19.576174,19.500832,19.391237,19.301508,19.245863,19.182844,19.120066,20.226713,20.155457,20.213873,20.196419,19.255184,19.2045,0.0,0.0,0.0,0.0,0.0,0.0,0.0,0.0
26122,2023.0,7.0,1.0,9.0,19.971457,20.095123,18.935575,18.913643,19.576727,19.458109,19.518082,19.48809,19.283993,19.229156,19.168245,19.10653,20.202341,20.132019,19.945475,19.807232,19.229908,19.179893,0.0,0.0,0.0,0.0,0.0,0.0,0.0,0.0
26123,2023.0,7.0,1.0,9.0,20.638601,21.386263,18.914392,18.89712,19.593815,19.55031,19.488575,19.465141,19.270596,19.21825,19.157549,19.098427,20.943758,21.560139,19.88171,19.752724,19.210308,19.163097,0.0,0.0,0.0,0.0,0.0,4.0,0.0,0.0
26124,2023.0,7.0,1.0,10.0,20.11363,20.248232,18.893717,18.878878,20.242422,20.799326,19.455154,19.435234,19.258896,19.207664,19.148333,19.090403,20.384483,20.345207,19.833866,19.709766,19.192736,19.146639,0.0,4.0,0.0,0.0,0.0,0.0,0.0,0.0
26125,2023.0,7.0,1.0,10.0,19.906506,19.96052,18.876917,18.866081,19.781467,19.795612,19.425577,19.409985,19.251875,19.20284,19.143509,19.087936,20.912825,21.422995,19.853954,19.789461,19.179762,19.135704,0.0,0.0,0.0,0.0,0.0,4.0,0.0,0.0
26126,2023.0,7.0,1.0,10.0,19.849997,19.91146,18.862867,18.856422,19.579084,19.50298,20.079641,20.668457,19.24817,19.201063,19.142464,19.08895,21.095072,21.645884,19.847557,19.792032,19.170647,19.128365,0.0,0.0,4.0,0.0,0.0,4.0,0.0,0.0
26127,2023.0,7.0,1.0,10.0,19.87013,20.00013,18.850647,18.848488,19.524546,19.453154,20.250282,20.845266,19.247005,19.201227,19.144745,19.092648,20.501562,20.461823,19.833605,19.780725,19.165066,19.124052,0.0,0.0,4.0,0.0,0.0,0.0,0.0,0.0
26128,2023.0,7.0,1.0,10.0,19.856432,19.996426,18.839989,18.841984,19.531645,19.511517,19.685179,19.720354,19.248087,19.203161,19.150103,19.098938,21.042671,21.561646,19.821606,19.77042,19.163088,19.122993,0.0,0.0,0.0,0.0,0.0,4.0,0.0,0.0
26129,2023.0,7.0,1.0,10.0,19.832571,19.97427,18.830208,18.835783,19.517252,19.507938,19.48446,19.437872,19.250769,19.20684,19.157888,19.108269,21.227293,21.802546,19.811005,19.760853,19.163412,19.124306,0.0,0.0,0.0,0.0,0.0,4.0,0.0,0.0
26130,2023.0,7.0,1.0,11.0,19.81294,19.95809,19.270082,19.671621,19.4977,19.493904,19.43595,19.40506,19.253712,19.210526,19.165052,19.115942,20.627378,20.61076,19.80262,19.754381,19.16418,19.126032,4.0,0.0,0.0,0.0,0.0,0.0,0.0,0.0
26131,2023.0,7.0,1.0,11.0,19.791061,19.935678,20.10829,21.076006,19.475801,19.472866,19.392231,19.363743,19.254251,19.209558,19.169914,19.119339,20.428616,20.307995,19.791948,19.742687,19.162312,19.12287,0.0,0.0,0.0,0.0,0.0,0.0,0.0,0.0
26132,2023.0,7.0,1.0,11.0,20.4322,21.159235,19.416224,19.585728,20.12155,20.708488,20.050348,20.64162,19.253298,19.207253,19.53461,19.799208,20.352457,20.228012,19.779318,19.729273,19.158352,19.117775,0.0,4.0,4.0,0.0,4.0,0.0,0.0,0.0
26133,2023.0,7.0,1.0,11.0,20.625757,21.377722,19.571917,19.976456,19.729263,19.82661,19.608126,19.662628,19.25192,19.205015,20.05892,20.672194,20.310352,20.18524,19.76795,19.717222,19.154137,19.112734,4.0,0.0,0.0,0.0,0.0,0.0,0.0,0.0
26134,2023.0,7.0,1.0,11.0,20.639652,21.311754,20.067663,20.795584,20.096436,20.637842,19.356035,19.337414,19.250011,19.202803,19.595354,19.664154,20.322369,20.24852,19.7548,19.703905,19.148182,19.10644,0.0,4.0,0.0,0.0,0.0,0.0,0.0,0.0
26135,2023.0,7.0,1.0,11.0,20.680765,21.344893,19.465809,19.558447,20.262419,20.780842,19.30062,19.275703,19.248339,19.201109,19.358465,19.3208,21.070404,21.684061,19.742485,19.691782,19.141865,19.100029,0.0,4.0,0.0,0.0,0.0,4.0,0.0,0.0
26136,2023.0,7.0,1.0,12.0,20.144209,20.304646,19.219463,19.202024,19.765875,19.807436,19.297216,19.296701,19.2471,19.19986,19.67026,19.931324,20.546541,20.547266,19.732458,19.681742,19.136019,19.093973,0.0,0.0,0.0,0.0,4.0,0.0,0.0,0.0
26137,2023.0,7.0,1.0,12.0,21.130707,22.14931,19.588554,19.958895,21.17858,22.394367,21.188908,22.6498,19.247776,19.202526,20.046114,20.546978,21.088554,21.546474,21.299528,22.439837,19.13218,19.091772,4.0,0.0,4.0,0.0,0.0,0.0,0.0,0.0
26138,2023.0,7.0,1.0,12.0,21.00795,21.824131,20.037857,20.665815,20.981672,21.84507,21.006271,22.112803,19.249609,19.206488,19.651665,19.707495,21.007713,21.37728,20.998075,21.752546,19.130323,19.091679,4.0,4.0,0.0,0.0,0.0,0.0,0.0,0.0
26139,2023.0,7.0,1.0,12.0,21.023872,21.802113,19.999163,20.53921,21.03639,21.89094,21.033474,22.035595,19.252552,19.211422,19.435226,19.39175,21.39678,22.078262,21.021149,21.709595,19.131105,19.094404,4.0,0.0,0.0,0.0,0.0,4.0,0.0,0.0
26140,2023.0,7.0,1.0,12.0,21.018482,21.760082,20.022789,20.5674,21.026234,21.81008,21.02972,21.938896,19.256653,19.217346,19.388956,19.34161,20.961962,21.204098,21.018309,21.640945,19.13399,19.099142,0.0,0.0,0.0,0.0,0.0,0.0,0.0,0.0
26141,2023.0,7.0,1.0,12.0,21.0194,21.73837,19.562527,19.65446,21.026861,21.76637,21.026224,21.87684,19.261448,19.223795,19.373713,19.327711,21.017603,21.310873,21.018183,21.595354,20.077726,20.886997,0.0,0.0,0.0,0.0,0.0,0.0,0.0,4.0
26142,2023.0,7.0,1.0,13.0,21.018635,21.719378,19.302366,19.319563,21.02191,21.729927,21.025148,21.833786,19.266752,19.231018,19.36384,19.319397,21.012295,21.29297,21.017084,21.559635,19.966171,20.427687,0.0,0.0,0.0,0.0,0.0,0.0,0.0,0.0
26143,2023.0,7.0,1.0,13.0,21.107199,21.8453,19.229233,19.24777,20.996227,21.637085,20.998857,21.729858,19.271126,19.236217,19.35625,19.31301,21.010214,21.286566,21.016968,21.533476,19.551868,19.57441,0.0,4.0,4.0,0.0,0.0,0.0,0.0,0.0
26144,2023.0,7.0,1.0,13.0,21.01,21.666643,19.179457,19.199856,21.03086,21.709745,21.033602,21.795174,19.275566,19.241608,19.35031,19.308208,21.010172,21.283236,21.016678,21.512724,20.258896,21.021,0.0,0.0,0.0,0.0,0.0,0.0,0.0,4.0
26145,2023.0,7.0,1.0,13.0,21.022436,21.683146,19.137465,19.158567,20.99737,21.605316,20.999931,21.684732,19.280098,19.247154,19.345766,19.3047,21.509108,22.216396,21.016226,21.495813,19.953112,20.275158,0.0,4.0,4.0,0.0,0.0,4.0,0.0,0.0
26146,2023.0,7.0,1.0,13.0,21.019337,21.668846,19.102907,19.125265,21.030363,21.681414,21.005938,21.683298,19.284369,19.252449,19.342476,19.30259,21.55233,22.140097,21.01617,21.482616,19.593767,19.568787,0.0,0.0,4.0,0.0,0.0,4.0,0.0,0.0
26147,2023.0,7.0,1.0,13.0,21.016409,21.660059,19.074337,19.098536,20.996006,21.580008,21.031235,21.744574,19.288221,19.257498,19.730648,20.039192,21.583302,22.174461,21.01563,21.47112,19.465933,19.43366,0.0,4.0,0.0,0.0,4.0,4.0,0.0,0.0
26148,2023.0,7.0,1.0,14.0,21.017338,21.65715,19.051481,19.078114,21.02884,21.659218,21.025192,21.717224,20.033134,20.665653,20.033041,20.479088,20.981115,21.097916,21.510818,22.374271,19.427563,19.3969,0.0,0.0,0.0,4.0,0.0,0.0,4.0,0.0
26149,2023.0,7.0,1.0,14.0,21.160147,21.896925,19.463154,19.867231,20.453018,20.540977,20.394691,20.492256,19.982264,20.371347,19.709911,19.79368,20.732813,20.661486,20.7919,20.847927,19.40114,19.372622,4.0,0.0,0.0,0.0,0.0,0.0,0.0,0.0
26150,2023.0,7.0,1.0,14.0,20.583708,20.763124,20.073235,20.842926,20.130743,20.133091,20.063179,20.091328,19.65694,19.702782,19.505157,19.487577,20.622515,20.541306,20.39453,20.333239,19.379364,19.352411,0.0,0.0,0.0,0.0,0.0,0.0,0.0,0.0
26151,2023.0,7.0,1.0,14.0,20.929178,21.605536,19.517473,19.667238,20.028498,20.037382,20.603848,21.208174,19.498535,19.489374,19.453098,19.42348,20.572094,20.496216,20.28396,20.225353,19.360323,19.335205,0.0,0.0,4.0,0.0,0.0,0.0,0.0,0.0
26152,2023.0,7.0,1.0,14.0,21.035835,21.723345,19.724838,20.141987,19.970259,19.981003,20.681469,21.243895,19.456081,19.43363,19.436815,19.40736,21.309303,21.934134,20.230686,20.1769,19.346285,19.323,4.0,0.0,4.0,0.0,0.0,4.0,0.0,0.0
26153,2023.0,7.0,1.0,14.0,21.073046,21.76083,20.04352,20.675295,20.574654,21.165882,20.158098,20.249208,20.149055,20.759665,19.425116,19.397276,20.810963,20.858139,20.194754,20.155128,19.33408,19.312794,0.0,4.0,0.0,4.0,0.0,0.0,0.0,0.0
26154,2023.0,7.0,1.0,15.0,20.54077,20.738562,19.574226,19.709068,20.224167,20.3376,19.89915,19.929733,19.969244,20.263391,19.414356,19.388922,20.545166,20.488708,20.153872,20.118153,19.321684,19.302343,0.0,0.0,0.0,0.0,0.0,0.0,0.0,0.0
26155,2023.0,7.0,1.0,15.0,20.923666,21.624706,19.724026,20.123877,19.951101,19.980062,20.441545,21.020681,20.392675,21.02967,19.404493,19.380703,20.488834,20.432507,20.114994,20.081451,19.310066,19.292107,4.0,0.0,4.0,4.0,0.0,0.0,0.0,0.0
26156,2023.0,7.0,1.0,15.0,21.032564,21.735687,20.048313,20.665941,19.882393,19.903553,20.02616,20.136362,19.970335,20.22229,19.397377,19.37477,21.235226,21.877037,20.08626,20.054392,19.301224,19.284431,0.0,0.0,0.0,0.0,0.0,4.0,0.0,0.0
26157,2023.0,7.0,1.0,15.0,21.073406,21.770977,19.951128,20.391584,19.830053,19.849995,20.40946,21.002409,19.716988,19.72988,19.390646,19.36954,20.801006,20.84429,20.056547,20.026491,19.292048,19.276394,4.0,0.0,4.0,0.0,0.0,0.0,0.0,0.0
26158,2023.0,7.0,1.0,15.0,21.108606,21.805477,20.010292,20.486324,20.464651,21.07646,19.977983,20.085852,19.635845,19.628757,19.386656,19.366709,21.330093,21.920528,20.033808,20.005075,19.28515,19.270454,4.0,4.0,0.0,0.0,0.0,4.0,0.0,0.0
26159,2023.0,7.0,1.0,15.0,20.566196,20.76173,19.998718,20.446884,20.10862,20.216185,19.746525,19.796288,19.589994,19.571688,19.382986,19.36442,21.54185,22.162518,20.011114,19.984056,19.27811,19.264446,4.0,0.0,0.0,0.0,0.0,4.0,0.0,0.0
26160,2023.0,7.0,1.0,16.0,20.323685,20.477566,19.999758,20.436022,20.49002,21.076433,19.686726,19.733019,20.276451,20.89784,19.38011,19.36286,20.947905,20.987213,19.99058,19.964928,19.271683,19.25895,4.0,4.0,0.0,4.0,0.0,0.0,0.0,0.0
26161,2023.0,7.0,1.0,16.0,20.910114,21.648252,20.005388,20.435303,20.120092,20.228554,19.636848,19.671822,19.968126,20.184793,19.378828,19.36371,20.686132,20.640497,19.973467,19.949764,19.266668,19.255508,4.0,0.0,0.0,0.0,0.0,0.0,0.0,0.0
26162,2023.0,7.0,1.0,16.0,21.078741,21.787275,20.016453,20.464764,20.51528,21.111343,20.278593,20.912624,19.751749,19.771822,19.378672,19.365837,20.616743,20.571108,19.958553,19.93682,19.262615,19.253096,0.0,4.0,4.0,0.0,0.0,0.0,0.0,0.0
26163,2023.0,7.0,1.0,16.0,20.556047,20.774258,19.68347,19.81311,20.143227,20.25885,19.932667,20.060337,19.664165,19.673634,19.379171,19.36849,20.579939,20.540024,19.945883,19.926096,19.25991,19.252071,0.0,0.0,0.0,0.0,0.0,0.0,0.0,0.0
26164,2023.0,7.0,1.0,16.0,20.391314,20.569424,19.952839,20.38798,19.968649,20.019293,20.396088,21.013256,19.621143,19.611399,19.380373,19.3719,20.560143,20.529974,19.936565,19.918655,19.25882,19.252714,4.0,0.0,4.0,0.0,0.0,0.0,0.0,0.0
26165,2023.0,7.0,1.0,16.0,20.328754,20.511957,20.031729,20.480282,19.912395,19.965982,20.51343,21.11996,19.595877,19.58554,19.381601,19.37535,20.538626,20.512321,20.912075,21.772705,19.2582,19.253902,4.0,0.0,4.0,0.0,0.0,0.0,4.0,0.0
26166,2023.0,7.0,1.0,17.0,20.896471,21.616903,20.01205,20.447285,20.50463,21.114325,20.559244,21.160358,19.57855,19.569832,19.383461,19.37962,21.261955,21.906492,20.327196,20.44271,20.134102,20.910692,0.0,4.0,4.0,0.0,0.0,4.0,0.0,4.0
26167,2023.0,7.0,1.0,17.0,21.105808,21.835552,20.059958,20.502548,20.70532,21.301641,20.610687,21.208427,20.248943,20.849638,19.384062,19.38088,20.859293,20.939959,21.04189,21.950071,19.970564,20.388382,4.0,4.0,4.0,4.0,0.0,0.0,4.0,0.0
26168,2023.0,7.0,1.0,17.0,21.151148,21.871284,20.08747,20.531456,20.745924,21.335592,20.654146,21.249588,19.944317,20.144024,19.38387,19.3812,20.599476,20.578438,21.318542,22.165787,19.631088,19.697042,4.0,4.0,4.0,0.0,0.0,0.0,4.0,0.0
26169,2023.0,7.0,1.0,17.0,21.189405,21.904226,20.003222,20.38845,20.789871,21.374964,20.689363,21.280874,19.772303,19.810343,19.383482,19.381401,20.548439,20.525845,20.562908,20.65331,19.495169,19.52629,0.0,4.0,4.0,0.0,0.0,0.0,0.0,0.0
26170,2023.0,7.0,1.0,17.0,21.222298,21.93354,20.083603,20.519352,20.828312,21.41087,20.170801,20.282213,19.686947,19.7083,19.382687,19.381285,20.519653,20.498276,20.236635,20.233177,19.427423,19.427784,4.0,4.0,0.0,0.0,0.0,0.0,0.0,0.0
26171,2023.0,7.0,1.0,17.0,21.24653,21.95441,20.113201,20.552153,20.856071,21.43575,19.988783,20.04799,20.324238,20.926607,19.381603,19.380898,20.4994,20.479239,21.107147,21.927473,19.401434,19.399406,4.0,4.0,0.0,4.0,0.0,0.0,4.0,0.0
26172,2023.0,7.0,1.0,18.0,21.269543,21.97457,20.128803,20.566347,20.882168,21.459354,20.525146,21.115902,19.97593,20.218454,19.380215,19.380201,20.48069,20.461554,20.502726,20.601759,20.25518,21.028341,4.0,4.0,4.0,0.0,0.0,0.0,0.0,4.0
26173,2023.0,7.0,1.0,18.0,20.982735,21.476744,20.14126,20.575521,21.01548,21.66834,21.070883,21.964592,19.762169,19.794086,19.747494,20.073374,21.079668,21.534615,21.09971,21.823233,19.952482,20.273046,4.0,4.0,0.0,0.0,4.0,0.0,0.0,0.0
26174,2023.0,7.0,1.0,18.0,21.019943,21.558048,19.992662,20.32365,21.023909,21.674627,21.015203,21.779587,19.677551,19.69436,20.034468,20.477175,21.422174,22.124104,21.003923,21.561188,19.667356,19.712803,0.0,0.0,0.0,0.0,0.0,4.0,0.0,0.0
26175,2023.0,7.0,1.0,18.0,21.227545,21.92648,20.106483,20.526628,20.996216,21.569828,20.997477,21.671297,19.63111,19.626772,19.700788,19.772013,20.95681,21.192036,21.018059,21.539444,19.54503,19.565283,4.0,4.0,4.0,0.0,0.0,0.0,0.0,0.0
26176,2023.0,7.0,1.0,18.0,21.29953,21.993265,19.996162,20.321121,21.00143,21.560978,21.002003,21.65004,20.31801,20.948854,19.53068,19.53396,21.016228,21.303833,21.014942,21.502003,19.480747,19.47727,0.0,4.0,4.0,4.0,0.0,0.0,0.0,0.0
26177,2023.0,7.0,1.0,18.0,21.325684,22.01547,20.110018,20.523859,21.012705,21.56872,21.027672,21.700712,19.959177,20.139738,19.485868,19.482378,21.010061,21.283264,21.014967,21.479239,19.445822,19.4407,4.0,4.0,0.0,0.0,0.0,0.0,0.0,0.0
26178,2023.0,7.0,1.0,19.0,21.348618,22.036951,19.99096,20.302328,21.023203,21.600437,20.993624,21.590958,19.758656,19.759508,19.465633,19.460665,21.008404,21.27583,21.014494,21.461382,19.423296,19.417952,0.0,0.0,4.0,0.0,0.0,0.0,0.0,0.0
26179,2023.0,7.0,1.0,19.0,21.359291,22.036398,19.72821,19.805958,21.018776,21.575657,21.029295,21.668295,19.685865,19.68655,19.833035,20.168344,21.009468,21.274153,21.014597,21.448742,19.40351,19.397001,0.0,0.0,0.0,0.0,4.0,0.0,0.0,0.0
26180,2023.0,7.0,1.0,19.0,20.9707,21.36651,20.016077,20.435608,21.043446,21.576906,21.021334,21.635601,20.381138,21.030508,20.022526,20.408476,21.00927,21.271175,21.01448,21.438503,19.38531,19.377817,4.0,4.0,0.0,4.0,0.0,0.0,0.0,0.0
26181,2023.0,7.0,1.0,19.0,21.02052,21.486958,20.139477,20.566841,21.048422,21.573193,21.021908,21.620445,19.95711,20.10604,19.70976,19.759476,21.00937,21.269815,21.014833,21.431244,19.368044,19.359354,4.0,4.0,0.0,0.0,0.0,0.0,0.0,0.0
26182,2023.0,7.0,1.0,19.0,21.237886,21.88176,20.12209,20.508486,21.049345,21.565765,21.05311,21.64118,20.426092,20.996569,19.550444,19.547733,21.459656,22.108208,21.014748,21.42474,20.22835,20.998909,4.0,4.0,4.0,4.0,0.0,4.0,0.0,4.0
26183,2023.0,7.0,1.0,19.0,21.319868,21.965942,19.999346,20.304354,21.048353,21.55603,21.019484,21.592733,19.96192,20.07143,19.493748,19.478313,20.952772,21.102797,21.014484,21.419043,20.531862,21.26496,0.0,4.0,0.0,0.0,0.0,0.0,0.0,4.0
26184,2023.0,7.0,1.0,20.0,20.974495,21.363678,19.710436,19.751616,21.046677,21.545761,20.995749,21.514997,20.492119,21.097218,19.459885,19.4424,21.408268,21.981718,21.014679,21.415195,19.943506,20.175709,0.0,4.0,4.0,4.0,0.0,4.0,0.0,0.0
26185,2023.0,7.0,1.0,20.0,21.01977,21.469522,19.959408,20.315489,21.04452,21.534815,21.00145,21.522245,20.638695,21.191338,19.431671,19.412727,20.956467,21.089806,21.014446,21.411215,19.659718,19.642035,4.0,4.0,4.0,4.0,0.0,0.0,0.0,0.0
26186,2023.0,7.0,1.0,20.0,21.027983,21.49,20.048035,20.393696,21.040129,21.54915,21.002449,21.520706,20.680298,21.222393,19.403553,19.38194,21.02266,21.251614,21.03052,21.439207,19.514072,19.471045,4.0,0.0,4.0,4.0,0.0,0.0,0.0,0.0
26187,2023.0,7.0,1.0,20.0,21.328161,22.041426,20.009972,20.332592,21.046896,21.519308,21.027548,21.5877,20.094816,20.084501,19.379196,19.357946,21.010368,21.22598,21.012663,21.401356,19.4545,19.40893,0.0,4.0,0.0,0.0,0.0,0.0,0.0,0.0
26188,2023.0,7.0,1.0,20.0,21.331438,21.938143,20.046309,20.37017,21.04242,21.50569,21.02188,21.56526,19.81946,19.748808,19.354021,19.332342,21.00992,21.238188,21.553513,22.402521,19.43312,19.411295,4.0,4.0,0.0,0.0,0.0,0.0,4.0,0.0
26189,2023.0,7.0,1.0,20.0,21.319633,21.916632,20.055498,20.37101,21.038788,21.493574,21.022627,21.554914,20.385292,20.89102,19.69934,20.00241,21.467669,22.102167,20.93633,21.185114,19.407143,19.386644,4.0,4.0,0.0,4.0,4.0,4.0,0.0,0.0
26190,2023.0,7.0,1.0,21.0,20.966307,21.310858,20.054996,20.360353,21.019928,21.483076,21.021923,21.542852,20.599783,21.109705,20.029362,20.473446,21.498333,22.01281,21.031527,21.391182,19.377083,19.355867,4.0,0.0,0.0,4.0,4.0,4.0,0.0,0.0
26191,2023.0,7.0,1.0,21.0,21.214083,21.794683,20.04803,20.339014,21.027771,21.460081,21.017992,21.534235,19.959455,19.979074,20.012997,20.395567,21.505049,22.011303,21.456911,22.169533,19.349045,19.32667,4.0,4.0,0.0,0.0,0.0,4.0,4.0,0.0
26192,2023.0,7.0,1.0,21.0,20.983025,21.348982,20.011448,20.289913,21.01815,21.436916,21.018616,21.533175,19.753674,19.639263,19.572327,19.503824,21.518373,22.010199,20.951393,21.193956,19.32153,19.29694,0.0,4.0,0.0,0.0,0.0,4.0,0.0,0.0
26193,2023.0,7.0,1.0,21.0,21.020628,21.434464,19.652306,19.595478,21.00571,21.411232,21.018688,21.530468,19.638351,19.514849,19.80481,20.09729,20.955809,21.015099,21.02738,21.363195,19.295809,19.26921,0.0,4.0,0.0,0.0,4.0,0.0,0.0,0.0
26194,2023.0,7.0,1.0,21.0,21.2007,21.754515,19.42865,19.291662,21.027458,21.47589,21.01845,21.526848,19.561548,19.429916,20.013676,20.368254,21.022799,21.184078,21.017351,21.351074,19.268524,19.236002,0.0,0.0,0.0,0.0,4.0,0.0,0.0,0.0
26195,2023.0,7.0,1.0,21.0,20.989431,21.361258,19.888315,20.231178,20.99672,21.384432,21.018608,21.523596,19.582321,19.530418,20.001144,20.305058,21.013556,21.185846,21.019478,21.358011,19.243309,19.207253,4.0,4.0,0.0,0.0,4.0,0.0,0.0,0.0
26196,2023.0,7.0,1.0,22.0,21.02138,21.431593,20.010124,20.353868,21.028738,21.463724,21.018747,21.520184,19.566027,19.517319,20.02147,20.334055,21.33256,21.786995,21.014456,21.358915,19.2186,19.178421,0.0,0.0,0.0,0.0,0.0,4.0,0.0,0.0
26197,2023.0,7.0,1.0,22.0,21.155642,21.660381,19.68695,19.707577,21.02171,21.440168,21.018732,21.516531,20.124928,20.599152,19.551464,19.40703,20.973742,21.097116,21.015816,21.368435,19.195127,19.151287,0.0,0.0,0.0,4.0,0.0,0.0,0.0,0.0
26198,2023.0,7.0,1.0,22.0,20.994421,21.36923,19.49713,19.45128,21.022612,21.431559,21.018782,21.513193,19.975069,20.186197,19.630772,19.727959,21.30369,21.73388,21.015644,21.37277,19.171782,19.123798,0.0,0.0,0.0,0.0,4.0,4.0,0.0,0.0
26199,2023.0,7.0,1.0,22.0,21.020414,21.423307,19.425674,19.365393,21.015333,21.42234,21.018656,21.509792,19.565176,19.378939,20.056883,20.425653,21.370739,21.778227,21.015587,21.376188,19.148546,19.095997,0.0,0.0,0.0,0.0,4.0,4.0,0.0,0.0
26200,2023.0,7.0,1.0,22.0,21.018456,21.418013,19.378164,19.311739,21.016787,21.42681,21.019096,21.50691,20.02886,20.408772,20.017538,20.329988,20.977098,21.085983,21.016115,21.37916,19.1267,19.070778,0.0,0.0,0.0,4.0,0.0,0.0,0.0,0.0
26201,2023.0,7.0,1.0,22.0,21.011816,21.416336,19.336052,19.262543,21.016722,21.4272,21.019037,21.503407,19.994484,20.211952,19.631681,19.573252,21.022543,21.197433,21.016224,21.380919,19.104424,19.044308,0.0,0.0,0.0,0.0,0.0,0.0,0.0,0.0
26202,2023.0,7.0,1.0,23.0,21.012281,21.424698,19.297352,19.216732,21.016592,21.426779,21.019114,21.500483,20.16139,20.48468,19.442852,19.357565,21.26625,21.65124,21.016632,21.382765,19.082254,19.017803,0.0,0.0,0.0,4.0,0.0,4.0,0.0,0.0
26203,2023.0,7.0,1.0,23.0,20.688951,20.807726,19.2672,19.185574,20.572662,20.572163,20.509245,20.516922,19.631716,19.436422,19.366333,19.281141,20.641401,20.414522,20.560755,20.505266,19.063627,18.998251,0.0,0.0,0.0,0.0,0.0,0.0,0.0,0.0
26204,2023.0,7.0,1.0,23.0,20.552446,20.629114,19.242218,19.157835,20.36508,20.279972,20.281912,20.20541,19.437601,19.204687,19.312141,19.223303,21.143084,21.50663,20.399586,20.316961,19.046919,18.979544,0.0,0.0,0.0,0.0,0.0,4.0,0.0,0.0
26205,2023.0,7.0,1.0,23.0,20.48097,20.553043,19.21812,19.1316,20.266972,20.172058,20.174404,20.089489,19.490309,19.394434,19.262516,19.171446,20.569204,20.336494,20.309938,20.223312,19.029602,18.960295,0.0,0.0,0.0,0.0,0.0,0.0,0.0,0.0
26206,2023.0,7.0,1.0,23.0,20.419527,20.485321,19.192726,19.101746,20.187756,20.084377,20.086308,19.992666,19.471708,19.384165,19.213575,19.117054,20.345913,20.051218,20.23138,20.13934,19.010794,18.93858,0.0,0.0,0.0,0.0,0.0,0.0,0.0,0.0
26207,2023.0,7.0,1.0,23.0,20.36971,20.433933,19.170258,19.077135,20.125452,20.020823,20.01749,19.922852,19.430122,19.340616,19.170536,19.071918,20.254715,19.961102,20.165665,20.07217,18.992447,18.91823,0.0,0.0,0.0,0.0,0.0,0.0,0.0,0.0
26208,2023.0,7.0,2.0,0.0,20.327269,20.392464,19.1503,19.056915,20.073648,19.971684,19.960718,19.86921,19.985134,20.417868,19.13229,19.033985,20.35159,20.234299,20.108496,20.015757,18.97462,18.899221,0.0,0.0,0.0,4.0,0.0,0.0,0.0,0.0
26209,2023.0,7.0,2.0,0.0,20.284184,20.345888,19.127295,19.030046,20.021097,19.916052,19.903692,19.809088,19.566942,19.508873,19.092106,18.990225,20.335686,20.224447,20.052675,19.957064,18.954617,18.876131,0.0,0.0,0.0,0.0,0.0,0.0,0.0,0.0
26210,2023.0,7.0,2.0,0.0,20.242048,20.298292,19.102936,19.000353,19.970097,19.859869,19.848717,19.748774,19.264896,19.010738,19.051443,18.94445,20.290775,20.17549,19.998966,19.899065,18.933231,18.85096,0.0,0.0,0.0,0.0,0.0,0.0,0.0,0.0
26211,2023.0,7.0,2.0,0.0,20.202816,20.254396,19.078512,18.97042,19.922417,19.80723,19.79759,19.692572,19.14839,18.874477,19.011963,18.90012,20.247139,20.12761,19.948832,19.845278,18.911436,18.825571,0.0,0.0,0.0,0.0,0.0,0.0,0.0,0.0
26212,2023.0,7.0,2.0,0.0,20.165976,20.213755,19.055195,18.942692,19.878944,19.760462,19.751198,19.64289,19.257366,19.165045,18.974224,18.858603,20.205357,20.082407,19.90178,19.795292,18.88937,18.800253,0.0,0.0,0.0,0.0,0.0,0.0,0.0,0.0
26213,2023.0,7.0,2.0,0.0,20.130463,20.174414,19.031914,18.91493,19.837732,19.715841,19.70742,19.595707,19.232105,19.123419,18.937124,18.817692,20.165081,20.038694,19.856825,19.747368,18.866758,18.774374,0.0,0.0,0.0,0.0,0.0,0.0,0.0,0.0
26214,2023.0,7.0,2.0,1.0,20.09599,20.136032,19.008516,18.886992,19.798147,19.67278,19.665562,19.550365,19.197044,19.084875,18.900295,18.777021,20.12593,19.996086,19.813374,19.70091,18.843493,18.747824,0.0,0.0,0.0,0.0,0.0,0.0,0.0,0.0
26215,2023.0,7.0,2.0,1.0,20.063229,20.100039,18.985912,18.86068,19.760801,19.632692,19.626188,19.508238,19.16263,19.047596,18.864384,18.73795,20.088432,19.95573,19.771755,19.65682,18.820168,18.721762,0.0,0.0,0.0,0.0,0.0,0.0,0.0,0.0
26216,2023.0,7.0,2.0,1.0,20.03138,20.064873,18.963362,18.834383,19.72481,19.593884,19.588387,19.467602,19.128204,19.010326,18.82888,18.699274,20.052008,19.916437,19.731382,19.613958,18.79645,18.695303,0.0,0.0,0.0,0.0,0.0,0.0,0.0,0.0
26217,2023.0,7.0,2.0,1.0,20.001945,20.033878,18.942778,18.812138,19.692356,19.561167,19.554417,19.433466,19.687452,20.089573,18.795727,18.665144,20.018068,19.881311,19.693468,19.575125,18.773312,18.670506,0.0,0.0,0.0,4.0,0.0,0.0,0.0,0.0
26218,2023.0,7.0,2.0,1.0,19.971363,19.99973,18.920073,18.785599,19.658247,19.524052,19.518837,19.39485,19.27477,19.185848,18.760672,18.6269,19.983246,19.84358,19.654879,19.533997,18.748755,18.64323,0.0,0.0,0.0,0.0,0.0,0.0,0.0,0.0
26219,2023.0,7.0,2.0,1.0,19.939589,19.96236,18.895065,18.754507,19.622318,19.482504,19.481491,19.35176,19.132832,19.005173,18.723545,18.58437,19.947401,19.803165,19.615427,19.490458,18.722658,18.61329,0.0,0.0,0.0,0.0,0.0,0.0,0.0,0.0
26220,2023.0,7.0,2.0,2.0,19.910131,19.929277,18.871979,18.72745,19.589516,19.446583,19.447498,19.31463,19.082188,18.951822,18.688671,18.54629,19.913713,19.766571,19.57805,19.450548,18.697224,18.58512,0.0,0.0,0.0,0.0,0.0,0.0,0.0,0.0
26221,2023.0,7.0,2.0,2.0,19.883064,19.900711,18.851564,18.705809,19.56031,19.417162,19.4173,19.284271,19.63021,20.020342,18.9568,19.075434,19.882532,19.734425,19.543097,19.414877,18.672998,18.559664,0.0,0.0,0.0,4.0,4.0,0.0,0.0,0.0
26222,2023.0,7.0,2.0,2.0,19.85489,19.86977,18.829456,18.680794,19.529604,19.384382,19.385677,19.250544,19.016218,18.72168,18.749079,18.626259,19.850758,19.700588,19.507584,19.377672,18.647766,18.53248,0.0,0.0,0.0,0.0,0.0,0.0,0.0,0.0
26223,2023.0,7.0,2.0,2.0,19.824356,19.833649,18.804434,18.649744,19.49586,19.345062,19.35112,19.210253,18.782907,18.430742,18.642147,18.490782,19.817049,19.662338,19.47014,19.336103,18.620497,18.50138,0.0,0.0,0.0,0.0,0.0,0.0,0.0,0.0
26224,2023.0,7.0,2.0,2.0,19.79659,19.80325,18.782703,18.625631,19.466335,19.313925,19.320951,19.178438,18.923557,18.795092,18.602568,18.449738,19.786419,19.629786,19.435574,19.299887,18.594995,18.473997,0.0,0.0,0.0,0.0,0.0,0.0,0.0,0.0
26225,2023.0,7.0,2.0,2.0,19.767302,19.77018,18.758377,18.596746,19.434746,19.278402,19.288685,19.142181,18.904297,18.761625,18.562126,18.405542,19.755085,19.595337,19.400372,19.26199,18.568514,18.444769,0.0,0.0,0.0,0.0,0.0,0.0,0.0,0.0
26226,2023.0,7.0,2.0,3.0,19.738647,19.738277,18.73486,18.569748,19.404469,19.245256,19.257784,19.108393,18.868671,18.72354,18.524979,18.36571,19.724771,19.562502,19.366064,19.225513,18.542362,18.416315,0.0,0.0,0.0,0.0,0.0,0.0,0.0,0.0
26227,2023.0,7.0,2.0,3.0,19.71341,19.713434,18.715178,18.550905,19.378424,19.2207,19.2312,19.083319,18.836946,18.692934,18.492804,18.335068,19.697855,19.536234,19.33485,19.195156,19.244566,19.759262,0.0,0.0,0.0,0.0,0.0,0.0,0.0,4.0
26228,2023.0,7.0,2.0,3.0,19.686235,19.684422,18.693266,18.527431,19.350157,19.191174,19.202515,19.053276,19.38413,19.749016,18.459133,18.300068,19.669746,19.506872,19.30233,19.16158,18.75865,18.67851,0.0,0.0,0.0,4.0,0.0,0.0,0.0,0.0
26229,2023.0,7.0,2.0,3.0,19.659292,19.65553,18.67123,18.503744,19.322008,19.16165,19.17419,19.023407,18.981808,18.865835,18.426203,18.265768,19.642004,19.477837,19.27006,19.128206,18.420767,18.113142,0.0,0.0,0.0,0.0,0.0,0.0,0.0,0.0
26230,2023.0,7.0,2.0,3.0,19.636488,19.634558,18.648424,18.478575,19.293207,19.130693,19.145214,18.992146,18.631308,18.270004,18.393164,18.230625,19.614088,19.448109,19.237482,19.093998,18.305405,17.983488,0.0,0.0,0.0,0.0,0.0,0.0,0.0,0.0
26231,2023.0,7.0,2.0,3.0,19.623337,19.632816,18.626352,18.455038,19.265461,19.101805,19.117136,18.962902,18.514034,18.147173,18.361683,18.198114,19.58721,19.420187,19.205853,19.061535,18.421833,18.285376,0.0,0.0,0.0,0.0,0.0,0.0,0.0,0.0
26232,2023.0,7.0,2.0,4.0,19.60089,19.609476,18.60405,18.431286,19.237715,19.0729,19.08891,18.933558,18.668312,18.533276,18.330595,18.166008,19.560556,19.392494,19.174328,19.029182,18.42134,18.28905,0.0,0.0,0.0,0.0,0.0,0.0,0.0,0.0
26233,2023.0,7.0,2.0,4.0,19.575138,19.58139,18.58031,18.404783,19.208832,19.041576,19.059525,18.901754,18.655699,18.503527,18.298906,18.132269,19.533499,19.363749,19.142366,18.995792,18.397028,18.263554,0.0,0.0,0.0,0.0,0.0,0.0,0.0,0.0
26234,2023.0,7.0,2.0,4.0,19.55014,19.555431,18.558905,18.383244,19.182407,19.015331,19.032686,18.875141,18.62677,18.474583,18.576906,18.679258,19.507889,19.337872,19.111668,18.96504,18.37135,18.237598,0.0,0.0,0.0,0.0,4.0,0.0,0.0,0.0
26235,2023.0,7.0,2.0,4.0,19.52437,19.528484,18.536495,18.359814,19.155062,18.987413,19.005018,18.84689,18.597486,18.44501,18.36475,18.217463,19.482067,19.31155,19.080702,18.933878,19.069782,19.575293,0.0,0.0,0.0,0.0,0.0,0.0,0.0,4.0
26236,2023.0,7.0,2.0,4.0,19.497334,19.499226,18.513157,18.334383,19.126606,18.95726,18.976511,18.81655,18.566572,18.412907,18.263662,18.094496,19.455511,19.283642,19.048813,18.900854,18.581284,18.492344,0.0,0.0,0.0,0.0,0.0,0.0,0.0,0.0
26237,2023.0,7.0,2.0,4.0,19.468964,19.46754,18.48852,18.306625,19.096931,18.924723,18.94701,18.783995,18.534868,18.379036,18.22556,18.054346,19.42848,19.254486,19.016281,18.866356,18.22293,17.888615,0.0,0.0,0.0,0.0,0.0,0.0,0.0,0.0
26238,2023.0,7.0,2.0,5.0,19.441694,19.438278,18.464792,18.281029,19.068466,18.894718,18.918673,18.753992,18.504753,18.347912,18.509396,18.617775,19.402922,19.227777,18.985176,18.834337,18.113428,17.774975,0.0,0.0,0.0,0.0,4.0,0.0,0.0,0.0
26239,2023.0,7.0,2.0,5.0,19.41995,19.420279,18.447378,18.268185,19.04596,18.876757,18.896088,18.735876,18.480284,18.327318,18.271288,18.106005,19.382936,19.211517,18.959126,18.811853,18.233988,18.087824,0.0,0.0,0.0,0.0,0.0,0.0,0.0,0.0
26240,2023.0,7.0,2.0,5.0,19.399431,19.403841,18.431818,18.257689,19.024965,18.860733,18.874947,18.719652,18.458475,18.309639,18.194136,18.029764,19.36535,19.197882,18.935331,18.791882,18.969727,19.476398,0.0,0.0,0.0,0.0,0.0,0.0,0.0,4.0
26241,2023.0,7.0,2.0,5.0,19.378366,19.385557,18.416426,18.247066,19.00403,18.84424,18.853954,18.703,18.438217,18.293034,18.166834,18.007267,19.34923,19.18536,18.91272,18.772608,18.308884,18.042624,0.0,0.0,0.0,0.0,0.0,0.0,0.0,0.0
26242,2023.0,7.0,2.0,5.0,19.357843,19.368172,18.401304,18.236744,18.98352,18.828121,18.833559,18.686821,18.99361,19.355062,18.142673,17.987242,20.05359,20.533762,18.891798,18.755056,18.85028,19.205135,0.0,0.0,0.0,4.0,0.0,4.0,0.0,4.0
26243,2023.0,7.0,2.0,5.0,20.010653,20.612923,18.386427,18.226625,18.963402,18.812305,19.496634,19.954142,19.253777,19.705086,18.123062,17.97165,19.582985,19.495121,18.872513,18.739172,18.311224,18.045494,0.0,0.0,4.0,4.0,0.0,0.0,0.0,0.0
26244,2023.0,7.0,2.0,6.0,19.582575,19.667828,18.823772,19.063234,18.943611,18.796602,19.092768,19.051737,19.130636,19.35633,18.10701,17.959633,19.925379,20.187765,18.854769,18.724773,18.126253,17.83119,4.0,0.0,0.0,4.0,0.0,4.0,0.0,0.0
26245,2023.0,7.0,2.0,6.0,21.234463,22.630697,20.170364,21.3655,21.245337,22.907284,21.246363,22.915846,20.156614,21.158405,18.400913,18.525173,21.172613,22.343275,21.372276,23.068987,18.850122,19.258175,0.0,0.0,0.0,0.0,4.0,0.0,0.0,4.0
26246,2023.0,7.0,2.0,6.0,21.023344,22.058847,19.566383,19.956972,21.004658,22.182425,21.018896,22.215647,19.05678,18.861662,20.210169,21.581755,21.026207,21.878893,21.000921,22.190735,20.32235,21.664787,4.0,0.0,0.0,0.0,4.0,0.0,0.0,4.0
26247,2023.0,7.0,2.0,6.0,21.040543,21.980604,20.123312,21.060102,21.012173,22.028517,21.037924,22.122784,18.554388,18.254028,20.007593,20.986887,21.007383,21.706041,21.038857,22.115923,20.027529,20.936728,0.0,4.0,0.0,0.0,0.0,4.0,0.0,0.0
26248,2023.0,7.0,2.0,6.0,21.036564,21.898172,19.112204,18.970768,21.012455,21.937637,21.034534,22.027927,18.624544,18.501257,19.456562,19.761347,21.009356,21.634949,21.032497,21.998203,18.994503,18.82969,0.0,4.0,0.0,0.0,4.0,4.0,0.0,0.0
26249,2023.0,7.0,2.0,6.0,20.997713,21.77061,18.548788,18.216549,21.022657,21.875116,21.008366,21.895445,18.653072,18.548119,20.131716,21.068754,21.007236,21.577244,21.031782,21.920765,18.534645,18.285196,0.0,4.0,4.0,0.0,0.0,4.0,0.0,0.0
26250,2023.0,7.0,2.0,7.0,21.014315,21.769257,18.986254,19.173885,21.019966,21.813858,21.012901,21.868479,18.631628,18.53439,19.30778,19.348303,21.036512,21.614166,21.030714,21.862461,18.570532,18.473896,4.0,4.0,4.0,0.0,0.0,0.0,0.0,0.0
26251,2023.0,7.0,2.0,7.0,21.012123,21.743887,20.141285,21.118286,21.018871,21.772207,21.048351,21.913708,19.317656,19.848583,19.225943,19.43759,20.9992,21.480686,21.068562,21.847687,19.457485,20.161234,0.0,4.0,0.0,4.0,4.0,4.0,4.0,4.0
26252,2023.0,7.0,2.0,7.0,21.011137,21.72801,19.32077,19.3947,21.04377,21.812971,21.040285,21.859734,20.067785,20.916935,20.129925,20.975155,21.003637,21.465635,21.035723,21.783236,20.526026,21.874405,0.0,0.0,0.0,4.0,0.0,4.0,0.0,4.0
26253,2023.0,7.0,2.0,7.0,21.010948,21.716375,19.302471,19.601934,21.011505,21.701105,21.014206,21.758257,20.028023,20.737349,19.215466,19.084639,21.002285,21.4447,21.03566,21.749378,20.031717,20.794441,4.0,4.0,4.0,0.0,0.0,4.0,0.0,0.0
26254,2023.0,7.0,2.0,7.0,21.037312,21.782145,20.096338,20.922474,21.04246,21.767216,21.044464,21.823086,19.207594,19.063206,18.882805,18.767595,21.001368,21.427675,20.995506,21.612988,19.93394,20.485237,4.0,0.0,0.0,0.0,0.0,4.0,4.0,4.0
26255,2023.0,7.0,2.0,7.0,21.031384,21.757307,20.024263,20.709724,21.00943,21.664772,21.011532,21.721775,19.554216,19.977177,18.839157,18.731426,21.000393,21.412434,21.041693,21.72046,20.0499,20.717705,0.0,4.0,4.0,4.0,0.0,4.0,0.0,0.0
26256,2023.0,7.0,2.0,8.0,21.003782,21.670677,19.247337,19.161652,21.014917,21.668888,21.043102,21.798485,20.068188,20.74092,18.793512,18.691341,20.999565,21.399004,21.031612,21.681704,20.04019,20.604515,0.0,4.0,0.0,0.0,0.0,4.0,0.0,4.0
26257,2023.0,7.0,2.0,8.0,20.816437,21.31221,19.37401,19.66703,20.163206,20.06129,20.133804,20.043133,19.319897,19.21185,18.757523,18.659018,20.355423,20.177263,20.19893,20.062307,20.068989,20.63943,4.0,0.0,0.0,0.0,0.0,0.0,0.0,4.0
26258,2023.0,7.0,2.0,8.0,20.763544,21.256554,20.094704,20.921951,19.783615,19.538177,19.735554,19.499252,19.04622,18.838358,18.736357,18.639397,20.838177,21.221455,20.839365,21.455246,20.022985,20.563,0.0,0.0,0.0,0.0,0.0,4.0,4.0,0.0
26259,2023.0,7.0,2.0,8.0,20.15791,20.161478,19.40583,19.502241,19.606667,19.370369,20.340075,20.828001,19.044205,18.938766,18.717213,18.623394,20.369616,20.205954,20.199469,20.074308,19.348957,19.247007,0.0,0.0,4.0,0.0,0.0,0.0,0.0,0.0
26260,2023.0,7.0,2.0,8.0,19.90268,19.834288,19.09787,19.05037,19.627718,19.524233,19.798431,19.722786,19.031996,18.942429,18.708378,18.61622,20.148474,19.904608,20.847645,21.476048,19.095398,18.91733,0.0,0.0,0.0,0.0,0.0,0.0,4.0,0.0
26261,2023.0,7.0,2.0,8.0,19.787552,19.7298,18.992567,18.938057,19.589249,19.51596,19.502272,19.315899,19.002708,18.916716,19.068624,19.299627,20.071386,19.834202,20.148958,20.053038,18.99723,18.825592,0.0,0.0,0.0,0.0,4.0,0.0,0.0,0.0
26262,2023.0,7.0,2.0,9.0,19.705671,19.664066,18.92111,18.87113,19.528524,19.462593,19.389706,19.211157,18.977505,18.893568,20.13542,21.109667,20.022045,19.796253,19.857073,19.662249,19.00023,18.908184,0.0,0.0,0.0,0.0,0.0,0.0,0.0,0.0
26263,2023.0,7.0,2.0,9.0,19.742067,19.829332,18.854235,18.809494,19.462427,19.40296,19.38689,19.315107,18.951044,18.86866,19.402615,19.517696,20.828646,21.386412,20.676575,21.330402,18.969112,18.88859,0.0,0.0,0.0,0.0,0.0,4.0,4.0,0.0
26264,2023.0,7.0,2.0,9.0,19.726057,19.83793,18.807142,18.764673,19.41106,19.35539,19.354223,19.305202,18.932514,18.850435,19.087696,19.008148,20.290186,20.207882,20.036085,19.97395,18.93061,18.852041,0.0,0.0,0.0,0.0,0.0,0.0,0.0,0.0
26265,2023.0,7.0,2.0,9.0,19.683172,19.80072,18.765795,18.727884,19.363756,19.313377,19.300816,19.258263,18.916317,18.835272,19.0147,18.92052,20.779266,21.216984,19.766184,19.595364,19.78049,20.49164,0.0,0.0,0.0,0.0,0.0,4.0,0.0,4.0
26266,2023.0,7.0,2.0,9.0,19.6424,19.764198,18.729517,18.695814,19.320883,19.27523,19.251472,19.213772,19.607355,20.150768,18.975874,18.88054,20.314398,20.240276,20.631685,21.313385,20.037504,20.809914,0.0,0.0,0.0,4.0,0.0,0.0,4.0,0.0
26267,2023.0,7.0,2.0,9.0,19.599571,19.725311,18.691792,18.662815,19.276659,19.235758,19.1997,19.16704,20.048597,20.752104,18.943874,18.849924,20.051636,19.87481,20.087818,20.046192,19.312386,19.308218,0.0,0.0,0.0,0.0,0.0,0.0,0.0,0.0
26268,2023.0,7.0,2.0,10.0,19.558668,19.686152,18.656244,18.629948,19.23419,19.195972,19.150177,19.119904,20.005064,20.53143,18.917675,18.824457,19.984911,19.80413,19.722088,19.56843,18.96436,18.847586,0.0,0.0,0.0,4.0,0.0,0.0,0.0,0.0
26269,2023.0,7.0,2.0,10.0,19.52643,19.655098,18.628624,18.603596,19.199722,19.16323,19.111015,19.082272,20.055893,20.588095,18.899912,18.806515,20.037163,19.939964,19.631647,19.477707,18.935282,18.859598,0.0,0.0,0.0,4.0,0.0,0.0,0.0,0.0
26270,2023.0,7.0,2.0,10.0,19.49311,19.620667,19.054539,19.42704,19.169245,19.1379,19.764288,20.346798,20.017832,20.510643,18.885124,18.793613,20.030912,19.936197,19.629974,19.537407,18.901697,18.828938,4.0,0.0,4.0,0.0,0.0,0.0,0.0,0.0
26271,2023.0,7.0,2.0,10.0,19.453411,19.57751,20.133986,21.230555,19.799892,20.354794,19.422112,19.514359,19.454506,19.393139,18.86927,18.778688,20.015894,19.923048,20.595165,21.396461,19.744791,20.456408,0.0,4.0,0.0,0.0,0.0,0.0,4.0,4.0
26272,2023.0,7.0,2.0,10.0,20.136047,20.892742,19.68053,20.170477,19.489582,19.580208,19.09362,19.042582,19.184786,19.055914,18.856817,18.767223,20.000473,19.908646,20.02481,20.023907,20.032375,20.755255,4.0,0.0,0.0,0.0,0.0,0.0,0.0,0.0
26273,2023.0,7.0,2.0,10.0,19.766047,19.979504,20.098778,20.99438,19.16679,19.11001,18.996525,18.931364,19.110443,18.98092,18.84711,18.75845,20.752245,21.350365,19.636307,19.503824,20.136496,20.83848,0.0,0.0,0.0,0.0,0.0,4.0,0.0,4.0
26274,2023.0,7.0,2.0,11.0,19.455725,19.546022,19.337317,19.431551,19.074068,19.003778,18.987982,18.965033,19.097647,19.007973,18.840162,18.752665,20.30606,20.287296,19.538145,19.407137,20.009163,20.584597,0.0,0.0,0.0,0.0,0.0,0.0,0.0,0.0
26275,2023.0,7.0,2.0,11.0,19.36343,19.439383,19.401293,19.789219,19.06936,19.041306,18.968292,18.954075,19.076597,18.993362,18.83373,18.746895,20.011633,19.860703,19.486698,19.358387,19.416246,19.415892,4.0,0.0,0.0,0.0,0.0,0.0,0.0,0.0
26276,2023.0,7.0,2.0,11.0,20.086008,20.841215,20.075144,20.936548,19.719997,20.28584,18.941835,18.929783,19.759748,20.304575,19.206993,19.454134,20.676317,21.162071,20.493841,21.301401,19.182188,19.079847,4.0,4.0,0.0,4.0,4.0,4.0,4.0,0.0
26277,2023.0,7.0,2.0,11.0,19.666618,19.818516,20.00324,20.712347,19.908329,20.425732,18.912733,18.902393,20.028418,20.611479,20.094065,20.93264,20.301357,20.270985,19.95913,19.978554,19.067057,18.96016,4.0,4.0,0.0,0.0,0.0,0.0,0.0,0.0
26278,2023.0,7.0,2.0,11.0,20.044561,20.703508,20.030312,20.729864,19.937654,20.446651,18.885107,18.876055,19.480444,19.493431,19.47083,19.58956,20.038868,19.893215,19.581774,19.46552,19.021038,18.942627,0.0,4.0,0.0,0.0,0.0,0.0,0.0,0.0
26279,2023.0,7.0,2.0,11.0,19.658625,19.81467,19.390339,19.460075,19.983696,20.492289,18.859415,18.851892,19.190144,19.092175,19.101618,19.038383,20.702251,21.20075,19.490444,19.372118,18.977966,18.90373,0.0,4.0,0.0,0.0,0.0,4.0,0.0,0.0
26280,2023.0,7.0,2.0,12.0,20.147251,20.826675,19.109734,19.064121,20.016447,20.525846,19.515392,20.104185,19.14587,19.064257,19.02996,18.946507,20.265427,20.253172,20.418663,21.157269,18.942598,18.869328,0.0,4.0,4.0,0.0,0.0,0.0,4.0,0.0
26281,2023.0,7.0,2.0,12.0,21.132395,22.49089,19.036537,19.019258,21.141838,22.470823,21.211737,22.98399,19.120895,19.042906,19.008545,18.924805,21.113865,21.755388,21.240227,22.500935,18.911373,18.839169,0.0,4.0,0.0,0.0,0.0,4.0,0.0,0.0
26282,2023.0,7.0,2.0,12.0,20.98392,22.037441,18.962639,18.951445,21.017467,22.113577,21.00467,22.336578,19.092075,19.01411,18.988167,18.903788,21.007462,21.53402,21.014904,21.900517,18.88275,18.811214,0.0,0.0,0.0,0.0,0.0,0.0,0.0,0.0
26283,2023.0,7.0,2.0,12.0,21.027384,22.040003,18.892347,18.88148,21.080244,22.13811,21.09469,22.358027,19.070444,18.993423,18.973982,18.889774,21.044403,21.551918,21.065008,21.90521,18.862076,18.7923,0.0,0.0,0.0,0.0,0.0,0.0,0.0,0.0
26284,2023.0,7.0,2.0,12.0,21.067173,22.08064,18.835714,18.827858,21.073648,22.038992,21.07842,22.20894,19.054686,18.978842,18.96482,18.881287,21.04056,21.49311,21.05309,21.804972,18.847097,18.779026,0.0,0.0,0.0,0.0,0.0,0.0,0.0,0.0
26285,2023.0,7.0,2.0,12.0,21.062803,22.012917,18.787745,18.78292,21.020042,21.86821,21.073698,22.13976,19.042639,18.967947,18.95888,18.876085,21.032598,21.45097,21.049948,21.759085,18.835756,18.769274,0.0,4.0,0.0,0.0,0.0,0.0,0.0,0.0
26286,2023.0,7.0,2.0,13.0,21.02414,21.914137,18.74902,18.749561,21.011839,21.840462,21.026094,22.012955,19.03358,18.960215,19.348602,19.615387,21.011402,21.392967,21.017786,21.672892,18.827269,18.762354,0.0,4.0,0.0,0.0,4.0,0.0,0.0,0.0
26287,2023.0,7.0,2.0,13.0,21.025457,21.898134,18.713438,18.716143,21.03739,21.890041,21.006586,21.919807,19.025803,18.952995,20.084726,20.822868,21.013363,21.379599,21.02195,21.65723,18.82015,18.75612,0.0,0.0,4.0,0.0,0.0,0.0,0.0,0.0
26288,2023.0,7.0,2.0,13.0,21.02445,21.881842,19.134119,19.533876,21.031116,21.854156,21.036785,21.979643,19.019611,18.947348,19.537235,19.647903,21.013279,21.364939,21.021107,21.636871,18.81466,18.751478,4.0,0.0,0.0,0.0,0.0,0.0,0.0,0.0
26289,2023.0,7.0,2.0,13.0,21.024614,21.869316,20.124039,21.17973,21.031044,21.8334,21.034306,21.94482,19.01496,18.943232,19.213764,19.157328,21.012774,21.351622,21.020868,21.619707,18.810467,18.74805,0.0,0.0,0.0,0.0,0.0,0.0,0.0,0.0
26290,2023.0,7.0,2.0,13.0,21.02385,21.858078,19.356823,19.549562,21.001007,21.744156,21.033926,21.91954,19.011805,18.940756,19.131025,19.052729,21.01271,21.340807,21.02078,21.60532,18.807125,18.745514,0.0,4.0,0.0,0.0,0.0,0.0,0.0,0.0
26291,2023.0,7.0,2.0,13.0,21.04927,21.897453,18.903261,18.911987,21.06174,21.881565,21.061441,21.958063,19.008951,18.938755,19.105194,19.023457,21.026928,21.359,21.044304,21.637743,18.804066,18.743387,0.0,0.0,0.0,0.0,0.0,0.0,0.0,0.0
26292,2023.0,7.0,2.0,14.0,21.048204,21.878677,18.81998,18.827303,21.016424,21.73068,21.060099,21.93416,19.006014,18.937086,19.088846,19.007973,21.026237,21.347305,21.04299,21.618425,18.80107,18.741678,0.0,4.0,0.0,0.0,0.0,0.0,0.0,0.0
26293,2023.0,7.0,2.0,14.0,20.998085,21.744999,19.212654,19.609253,20.794823,21.316647,20.275711,20.41491,19.002235,18.934559,19.075352,18.996437,20.650133,20.61527,20.426819,20.419535,18.797392,18.739246,4.0,4.0,0.0,0.0,0.0,0.0,0.0,0.0
26294,2023.0,7.0,2.0,14.0,20.988747,21.730877,20.115585,21.14845,20.729094,21.238312,19.930971,19.94266,18.998062,18.931797,19.064157,18.986141,20.514479,20.42989,21.177874,21.96987,18.793121,18.736353,0.0,4.0,0.0,0.0,0.0,0.0,4.0,0.0
26295,2023.0,7.0,2.0,14.0,20.90359,21.569695,19.375284,19.573944,20.167906,20.226381,19.752619,19.757555,18.99324,18.92878,19.052364,18.976477,20.452217,20.369358,20.575823,20.613136,18.786848,18.731722,0.0,0.0,0.0,0.0,0.0,0.0,0.0,0.0
26296,2023.0,7.0,2.0,14.0,20.301588,20.461285,19.044973,19.07038,19.899431,19.859135,19.644432,19.645006,18.988298,18.925846,19.042896,18.969074,20.409483,20.327017,20.250843,20.146267,18.779205,18.72573,0.0,0.0,0.0,0.0,0.0,0.0,0.0,0.0
26297,2023.0,7.0,2.0,14.0,20.055126,20.14243,18.9455,18.952412,19.772541,19.723251,19.548536,19.544018,18.982155,18.921658,19.032047,18.960209,20.369057,20.286789,20.117931,20.00522,18.770046,18.717968,0.0,0.0,0.0,0.0,0.0,0.0,0.0,0.0
26298,2023.0,7.0,2.0,15.0,20.630177,21.321688,18.891993,18.905535,19.715048,19.699764,19.479916,19.483109,18.97518,18.917084,19.021626,18.952911,20.33668,20.258852,20.06108,19.983343,18.760984,18.711084,0.0,0.0,0.0,0.0,0.0,0.0,0.0,0.0
26299,2023.0,7.0,2.0,15.0,20.714024,21.39042,18.844818,18.858225,19.649208,19.639198,20.091955,20.694027,18.966726,18.910263,19.009573,18.942831,20.304287,20.228415,19.997677,19.925062,18.750788,18.702248,0.0,0.0,4.0,0.0,0.0,0.0,0.0,0.0
26300,2023.0,7.0,2.0,15.0,20.730598,21.401745,18.805502,18.819307,19.58747,19.57921,20.233639,20.845242,19.66928,20.244406,18.99729,18.932425,20.274546,20.200706,19.938335,19.86856,18.74072,18.693539,0.0,0.0,4.0,4.0,0.0,0.0,0.0,0.0
26301,2023.0,7.0,2.0,15.0,20.160337,20.318459,19.218092,19.622648,20.206907,20.794413,20.213703,20.762436,20.046873,20.796286,19.354105,19.615417,20.246716,20.174498,19.884796,19.817026,18.731478,18.685574,4.0,4.0,4.0,0.0,4.0,0.0,0.0,0.0
26302,2023.0,7.0,2.0,15.0,20.580873,21.298483,20.114336,21.109837,20.35962,20.90085,19.66571,19.724194,19.433031,19.495703,20.081217,20.824442,20.217997,20.14772,19.831272,19.76617,18.722494,18.677975,0.0,4.0,0.0,0.0,0.0,0.0,0.0,0.0
26303,2023.0,7.0,2.0,15.0,20.71632,21.403458,19.39351,19.585377,20.372644,20.907104,19.404215,19.406359,19.149437,19.111944,19.872162,20.287622,20.945328,21.553045,19.784157,19.721746,18.713379,18.670313,0.0,4.0,0.0,0.0,4.0,4.0,0.0,0.0
26304,2023.0,7.0,2.0,16.0,20.15375,20.329828,19.512783,19.921473,20.39511,20.927973,19.965895,20.520712,19.090227,19.041136,20.040752,20.59533,20.487778,20.551159,19.747707,19.686703,18.70459,18.662664,4.0,4.0,4.0,0.0,0.0,0.0,0.0,0.0
26305,2023.0,7.0,2.0,16.0,20.568901,21.289328,20.061098,20.82483,20.417429,20.949894,19.58667,19.654716,19.057327,19.008951,19.56324,19.623106,20.187872,20.094538,19.71135,19.653357,18.69608,18.655983,4.0,4.0,0.0,0.0,0.0,0.0,0.0,0.0
26306,2023.0,7.0,2.0,16.0,20.702265,21.389086,20.019085,20.701466,19.879217,19.927578,19.332968,19.338531,19.031572,18.98462,19.286978,19.232946,20.121717,20.025486,19.67804,19.622519,18.687513,18.649202,0.0,0.0,0.0,0.0,0.0,0.0,0.0,0.0
26307,2023.0,7.0,2.0,16.0,20.141731,20.319918,19.79509,20.204796,19.61616,19.604527,19.900616,20.46681,19.011087,18.966364,19.210688,19.156977,20.0957,20.003107,19.647501,19.594791,18.678926,18.642504,4.0,0.0,4.0,0.0,0.0,0.0,0.0,0.0
26308,2023.0,7.0,2.0,16.0,19.944124,20.066414,20.04142,20.659393,20.17239,20.71258,19.476473,19.556248,18.99607,18.953196,19.17638,19.123024,20.10348,20.041998,19.621891,19.57147,18.671064,18.63648,4.0,4.0,0.0,0.0,0.0,0.0,0.0,0.0
26309,2023.0,7.0,2.0,16.0,20.510443,21.21297,20.002201,20.56314,19.81693,19.899118,19.24236,19.261806,18.979902,18.939775,19.142712,19.09294,20.094856,20.039476,20.591864,21.431463,18.662289,18.62985,4.0,0.0,0.0,0.0,0.0,0.0,4.0,0.0
26310,2023.0,7.0,2.0,17.0,20.109234,20.298595,20.024889,20.607706,19.547066,19.54625,19.17817,19.190643,18.964,18.926325,19.111513,19.06454,20.077267,20.024797,20.05761,20.111498,18.652824,18.622488,0.0,0.0,0.0,0.0,0.0,0.0,0.0,0.0
26311,2023.0,7.0,2.0,17.0,20.468504,21.139984,19.86999,20.26925,20.093222,20.633234,19.817183,20.426699,18.94767,18.911905,19.444286,19.71726,20.815735,21.446714,19.711937,19.6573,18.642118,18.61326,4.0,4.0,4.0,0.0,4.0,4.0,0.0,0.0
26312,2023.0,7.0,2.0,17.0,20.015976,20.201073,20.027086,20.564297,19.69621,19.78057,19.948051,20.521338,18.932877,18.898762,20.07151,20.795025,20.975494,21.595304,20.594444,21.382666,18.631664,18.604296,4.0,0.0,4.0,0.0,0.0,4.0,4.0,0.0
26313,2023.0,7.0,2.0,17.0,19.77073,19.893791,20.020689,20.559307,20.070404,20.617756,19.434326,19.514145,18.91615,18.88404,19.527851,19.639488,21.043747,21.652836,20.05966,20.102478,18.62067,18.595037,0.0,4.0,0.0,0.0,0.0,4.0,0.0,0.0
26314,2023.0,7.0,2.0,17.0,20.364485,21.064217,19.894587,20.283207,20.250416,20.793419,19.200617,19.216814,18.899307,18.869377,19.598034,19.912941,21.108524,21.710892,19.725761,19.671974,19.506664,20.281012,4.0,4.0,0.0,0.0,4.0,4.0,0.0,4.0
26315,2023.0,7.0,2.0,17.0,19.913162,20.088156,20.022913,20.525305,19.737236,19.795422,19.792109,20.367012,18.884026,18.855673,20.064213,20.71603,21.153793,21.75169,19.646954,19.587894,20.07495,21.129242,4.0,0.0,4.0,0.0,0.0,4.0,0.0,0.0
26316,2023.0,7.0,2.0,18.0,20.32642,21.010424,20.002085,20.479841,20.123632,20.669666,19.984974,20.541689,18.867764,18.841322,19.542181,19.630436,20.527042,20.528385,19.594786,19.538273,19.996416,20.768198,4.0,4.0,4.0,0.0,0.0,0.0,0.0,4.0
26317,2023.0,7.0,2.0,18.0,21.10135,22.241104,20.00468,20.480188,21.105122,22.256865,21.144798,22.524515,18.852434,18.827412,19.25053,19.229189,21.077951,21.669632,21.224176,22.410055,20.035376,20.822432,4.0,4.0,4.0,0.0,0.0,0.0,0.0,0.0
26318,2023.0,7.0,2.0,18.0,21.016888,21.967041,20.022755,20.526226,20.998167,21.926643,20.998116,22.085688,18.838314,18.814411,19.157627,19.124872,21.012129,21.495865,21.08845,21.967255,19.3331,19.394098,0.0,4.0,4.0,0.0,0.0,0.0,4.0,0.0
26319,2023.0,7.0,2.0,18.0,21.01485,21.858425,19.890753,20.23882,21.028639,21.90234,21.080832,22.169275,18.825426,18.80244,19.107737,19.07349,21.0393,21.518692,21.040874,21.824522,18.988792,18.942465,4.0,4.0,0.0,0.0,0.0,0.0,4.0,0.0
26320,2023.0,7.0,2.0,18.0,21.012411,21.81764,20.01142,20.514254,21.024035,21.833221,21.073853,22.056185,18.814137,18.792387,19.068644,19.036104,21.03284,21.484306,21.06068,21.848305,18.916157,18.88798,4.0,4.0,0.0,0.0,0.0,0.0,0.0,0.0
26321,2023.0,7.0,2.0,18.0,21.010647,21.785736,20.008648,20.46722,21.063835,21.9008,21.070076,21.995024,18.803473,18.78287,19.033905,19.003036,21.031588,21.471125,21.057428,21.783024,18.865759,18.839684,4.0,0.0,0.0,0.0,0.0,0.0,0.0,0.0
26322,2023.0,7.0,2.0,19.0,21.029734,21.82761,20.022394,20.509062,20.998367,21.712254,20.998293,21.811598,19.558779,20.223429,19.004202,18.976374,21.01357,21.430574,21.022459,21.687922,18.825283,18.802353,0.0,4.0,4.0,4.0,0.0,0.0,0.0,0.0
26323,2023.0,7.0,2.0,19.0,20.997135,21.7179,19.913998,20.268269,21.008802,21.710556,21.038765,21.885101,20.05168,20.877169,18.97514,18.948792,21.015356,21.428705,21.199446,21.958416,19.735975,20.56276,4.0,4.0,0.0,0.0,0.0,0.0,4.0,4.0
26324,2023.0,7.0,2.0,19.0,21.031193,21.790228,20.023708,20.492172,21.033808,21.762669,21.030283,21.841505,19.955906,20.534145,18.947056,18.92045,21.323336,21.990973,20.996218,21.576403,19.993284,20.734049,4.0,0.0,0.0,4.0,0.0,4.0,0.0,4.0
26325,2023.0,7.0,2.0,19.0,20.995174,21.679895,20.02036,20.493942,21.000639,21.65571,21.004642,21.74646,20.03739,20.681406,18.920631,18.894283,20.975069,21.304848,21.02838,21.630033,20.067915,20.794014,0.0,4.0,4.0,0.0,0.0,0.0,0.0,4.0
26326,2023.0,7.0,2.0,19.0,21.00187,21.68327,19.550356,19.580576,21.033422,21.728216,21.036509,21.816036,19.416115,19.422947,18.897787,18.873827,21.022465,21.40287,21.024548,21.611929,20.1373,20.852951,0.0,0.0,0.0,0.0,0.0,0.0,0.0,4.0
26327,2023.0,7.0,2.0,19.0,21.049088,21.79634,19.311123,19.29681,21.01312,21.64045,21.019382,21.73364,19.12172,19.05962,18.873041,18.848595,21.03582,21.427565,21.049616,21.649689,20.047869,20.654772,0.0,4.0,4.0,0.0,0.0,0.0,0.0,0.0
26328,2023.0,7.0,2.0,20.0,21.019886,21.716114,19.679539,20.057522,21.005987,21.627743,21.034765,21.784672,19.070332,19.041092,19.228504,19.538649,21.012596,21.387587,21.017622,21.584492,19.398087,19.391066,4.0,4.0,0.0,0.0,4.0,0.0,0.0,0.0
26329,2023.0,7.0,2.0,20.0,21.024523,21.711672,20.027508,20.588202,21.006462,21.622368,21.029894,21.760838,19.784948,20.438675,20.092901,20.943037,21.015331,21.3973,21.358967,22.200294,19.102676,19.041248,4.0,4.0,0.0,4.0,4.0,0.0,4.0,0.0
26330,2023.0,7.0,2.0,20.0,20.995766,21.62249,20.002373,20.494383,21.032444,21.687567,21.004465,21.675863,19.994686,20.586342,20.015844,20.689522,21.015184,21.399649,20.974915,21.454403,19.920355,20.681667,4.0,0.0,4.0,4.0,0.0,0.0,0.0,4.0
26331,2023.0,7.0,2.0,20.0,21.030245,21.707033,20.00521,20.47124,20.999523,21.589022,21.036392,21.752045,20.028502,20.619774,19.677322,19.934177,21.015429,21.402317,21.033058,21.576403,20.146708,20.830803,4.0,4.0,0.0,0.0,4.0,0.0,0.0,4.0
26332,2023.0,7.0,2.0,20.0,21.023283,21.683268,20.005177,20.450153,21.006805,21.595842,21.003235,21.653975,19.404385,19.36797,20.081808,20.73005,21.015379,21.4039,21.024162,21.56005,20.010159,20.57841,4.0,4.0,4.0,0.0,0.0,0.0,0.0,0.0
26333,2023.0,7.0,2.0,20.0,21.02342,21.673935,20.023663,20.485909,21.00622,21.589258,21.035572,21.732325,19.115316,19.029316,19.441393,19.426098,21.015715,21.405619,21.025225,21.559935,20.188446,20.853462,0.0,4.0,0.0,0.0,0.0,0.0,0.0,4.0
26334,2023.0,7.0,2.0,21.0,21.129639,21.84978,19.863419,20.13621,21.033266,21.657719,21.001284,21.632656,19.014616,18.921682,19.16636,19.127666,21.015562,21.406067,21.020481,21.556444,20.264938,20.923428,4.0,0.0,4.0,0.0,0.0,0.0,0.0,4.0
26335,2023.0,7.0,2.0,21.0,20.977888,21.546648,20.055538,20.53408,21.025736,21.629503,21.03812,21.719084,19.00396,18.966293,19.084723,19.038452,21.322876,21.97274,21.021544,21.560934,19.982529,20.42542,0.0,0.0,0.0,0.0,0.0,4.0,0.0,0.0
26336,2023.0,7.0,2.0,21.0,21.006746,21.605957,19.857895,20.109026,21.027939,21.620188,21.029644,21.69162,18.968452,18.930956,19.411594,19.714603,20.977398,21.295282,21.021515,21.562254,20.23604,20.875162,4.0,0.0,0.0,0.0,4.0,0.0,0.0,4.0
26337,2023.0,7.0,2.0,21.0,21.001036,21.59585,20.033068,20.465986,21.02765,21.606781,21.030344,21.679834,18.924257,18.885279,20.093088,20.83956,21.025381,21.3904,21.021667,21.562292,19.990828,20.406115,4.0,0.0,0.0,0.0,0.0,0.0,0.0,0.0
26338,2023.0,7.0,2.0,21.0,21.030447,21.672838,20.02182,20.443436,21.008347,21.54167,21.023636,21.668148,18.883192,18.842749,19.449474,19.500471,21.14474,21.589369,21.021837,21.561434,19.422607,19.321997,0.0,4.0,0.0,0.0,0.0,4.0,0.0,0.0
26339,2023.0,7.0,2.0,21.0,21.02483,21.65045,19.481726,19.390707,21.034718,21.61466,21.02457,21.668955,18.842697,18.796429,19.113441,19.066853,21.17065,21.605133,21.021635,21.559277,19.126612,18.97877,0.0,0.0,0.0,0.0,0.0,4.0,0.0,0.0
26340,2023.0,7.0,2.0,22.0,21.025549,21.639223,19.283562,19.213432,21.028166,21.589912,21.024704,21.667149,18.805023,18.754482,19.012022,18.954992,21.007498,21.332335,21.021889,21.557648,19.90274,20.551882,0.0,0.0,0.0,0.0,0.0,0.0,0.0,4.0
26341,2023.0,7.0,2.0,22.0,21.051764,21.677443,19.211763,19.136698,21.057686,21.634317,21.050026,21.712765,18.768951,18.7134,18.93503,18.868673,21.13238,21.553303,21.04392,21.597784,20.053415,20.607878,0.0,0.0,0.0,0.0,0.0,4.0,0.0,0.0
26342,2023.0,7.0,2.0,22.0,21.014832,21.609161,19.151823,19.079163,21.01699,21.558596,21.020975,21.650505,18.738546,18.680725,18.878704,18.81192,21.011156,21.336767,21.018715,21.544458,19.341375,19.212688,0.0,0.0,0.0,0.0,0.0,0.0,0.0,0.0
26343,2023.0,7.0,2.0,22.0,21.019938,21.6221,19.091627,19.013733,21.022701,21.572853,21.025265,21.656292,19.315994,19.79214,19.122732,19.313171,21.105581,21.495304,21.022316,21.550097,19.81774,20.358511,0.0,0.0,0.0,4.0,4.0,4.0,0.0,4.0
26344,2023.0,7.0,2.0,22.0,21.019249,21.62158,19.039255,18.956808,21.02206,21.57208,21.024654,21.651419,20.096378,20.993547,20.139774,21.022785,21.12026,21.500849,21.341286,22.121002,20.032164,20.586176,0.0,0.0,0.0,0.0,0.0,4.0,4.0,0.0
26345,2023.0,7.0,2.0,22.0,21.019457,21.620724,18.992687,18.905321,21.02218,21.571104,21.024607,21.64692,19.308636,19.335152,19.683413,19.994621,21.015053,21.336266,20.982813,21.421928,19.319437,19.169249,0.0,0.0,0.0,0.0,4.0,0.0,0.0,0.0
26346,2023.0,7.0,2.0,23.0,21.019117,21.61921,18.949688,18.85663,21.022305,21.569393,21.024664,21.642593,18.940475,18.870869,20.0915,20.813223,21.024841,21.35651,21.035107,21.528126,19.786121,20.304348,0.0,0.0,0.0,0.0,0.0,0.0,0.0,4.0
26347,2023.0,7.0,2.0,23.0,20.51764,20.653528,18.912453,18.815704,20.44644,20.46022,20.932365,21.431479,18.85123,18.775244,19.420622,19.435198,20.405912,20.164194,20.283445,20.0779,19.240276,19.074368,0.0,0.0,4.0,0.0,0.0,0.0,0.0,0.0
26348,2023.0,7.0,2.0,23.0,20.305008,20.370724,18.882973,18.782244,20.172028,20.07213,20.354446,20.36974,18.802624,18.72301,19.145231,19.051365,20.175846,19.87638,21.128996,21.879923,18.997032,18.778492,0.0,0.0,0.0,0.0,0.0,0.0,4.0,0.0
26349,2023.0,7.0,2.0,23.0,20.200274,20.258413,18.854149,18.749897,20.042795,19.928015,19.874792,19.587173,18.758389,18.67582,19.357847,19.53177,20.2289,20.09174,20.294546,20.126886,18.889301,18.667027,0.0,0.0,0.0,0.0,4.0,0.0,0.0,0.0
26350,2023.0,7.0,2.0,23.0,20.118097,20.17241,18.82626,18.718302,19.947044,19.827623,19.66,19.324812,18.717329,18.631578,19.108995,19.041685,20.206148,20.094856,19.939589,19.662628,19.708282,20.303614,0.0,0.0,0.0,0.0,0.0,0.0,0.0,4.0
26351,2023.0,7.0,2.0,23.0,20.048075,20.09938,18.799316,18.687767,19.865889,19.743279,19.717958,19.563831,18.678604,18.589848,18.955849,18.851065,20.143764,20.027855,19.79675,19.516033,19.066256,18.90036,0.0,0.0,0.0,0.0,0.0,0.0,0.0,0.0
26352,2023.0,7.0,3.0,0.0,19.980623,20.023788,18.769934,18.651777,19.787354,19.655388,19.688145,19.562489,18.63912,18.544765,18.876799,18.764746,20.080786,19.957739,19.674477,19.386345,18.799637,18.552118,0.0,0.0,0.0,0.0,0.0,0.0,0.0,0.0
26353,2023.0,7.0,3.0,0.0,19.926037,19.968128,18.74565,18.625605,19.724216,19.591753,19.623325,19.497578,18.604881,18.50872,18.810246,18.694374,20.026924,19.90226,19.757248,19.650032,18.86776,18.779518,0.0,0.0,0.0,0.0,0.0,0.0,0.0,0.0
26354,2023.0,7.0,3.0,0.0,19.876219,19.917137,18.722116,18.600216,19.66666,19.533672,19.562641,19.436657,18.57226,18.474287,18.751284,18.63373,19.976742,19.850437,19.714539,19.604317,18.828608,18.734768,0.0,0.0,0.0,0.0,0.0,0.0,0.0,0.0
26355,2023.0,7.0,3.0,0.0,19.830162,19.869778,18.69911,18.575335,19.613674,19.480066,19.505817,19.37946,18.540905,18.44111,18.696901,18.57764,19.929651,19.801687,19.658627,19.546928,18.782543,18.68703,0.0,0.0,0.0,0.0,0.0,0.0,0.0,0.0
26356,2023.0,7.0,3.0,0.0,19.787214,19.825417,18.67654,18.550858,19.564524,19.43019,19.45289,19.326033,18.510622,18.409,18.646162,18.525154,19.885267,19.755623,19.604338,19.491182,18.738611,18.641438,0.0,0.0,0.0,0.0,0.0,0.0,0.0,0.0
26357,2023.0,7.0,3.0,0.0,19.746866,19.783552,18.654325,18.526697,19.51859,19.383429,19.40334,19.27586,18.481234,18.377783,18.59839,18.475605,19.84322,19.711882,19.552504,19.437916,18.696978,18.598154,0.0,0.0,0.0,0.0,0.0,0.0,0.0,0.0
26358,2023.0,7.0,3.0,1.0,19.711693,19.749756,18.63482,18.507626,19.479334,19.347162,19.360964,19.236963,18.454552,18.35123,18.556717,18.435724,19.805765,19.675291,20.437014,21.145828,18.659845,18.561735,0.0,0.0,0.0,0.0,0.0,0.0,4.0,0.0
26359,2023.0,7.0,3.0,1.0,19.675259,19.711546,18.613197,18.484028,19.438652,19.30533,19.31694,19.192049,18.426617,18.321524,18.513634,18.39083,19.76757,19.635422,19.638987,19.43141,18.622267,18.522543,0.0,0.0,0.0,0.0,0.0,0.0,0.0,0.0
26360,2023.0,7.0,3.0,1.0,19.637377,19.668783,18.589102,18.455294,19.396257,19.257723,19.27092,19.140842,18.397108,18.288136,18.46875,18.340473,19.728241,19.591743,19.343397,19.039448,18.58386,18.48009,0.0,0.0,0.0,0.0,0.0,0.0,0.0,0.0
26361,2023.0,7.0,3.0,1.0,19.605919,19.637402,18.56952,18.435442,19.361929,19.224703,19.233788,19.105444,18.962654,19.37379,18.431448,18.303688,19.694487,19.55789,19.250498,18.95131,18.550684,18.446724,0.0,0.0,0.0,4.0,0.0,0.0,0.0,0.0
26362,2023.0,7.0,3.0,1.0,19.573505,19.602304,18.548183,18.4119,19.326166,19.187561,19.19544,19.065825,18.557655,18.477127,18.39319,18.263498,19.6603,19.521935,19.169275,18.86998,18.517265,18.411627,0.0,0.0,0.0,0.0,0.0,0.0,0.0,0.0
26363,2023.0,7.0,3.0,1.0,19.542866,19.569593,18.527132,18.388798,19.291775,19.152082,19.158855,19.028208,18.426067,18.313354,18.356472,18.225176,19.6274,19.487535,19.275877,19.152866,19.22011,19.76244,0.0,0.0,0.0,0.0,0.0,0.0,0.0,4.0
26364,2023.0,7.0,3.0,2.0,19.512737,19.537165,18.505844,18.365208,19.25801,19.116846,19.1233,18.991116,18.382462,18.26761,18.320465,18.187231,19.59511,19.453472,19.267193,19.14408,18.719492,18.658236,0.0,0.0,0.0,0.0,0.0,0.0,0.0,0.0
26365,2023.0,7.0,3.0,2.0,19.483072,19.50516,18.485008,18.342567,19.225183,19.082453,19.088959,18.95501,18.343641,18.226616,18.285252,18.149939,19.563663,19.420315,19.23211,19.107084,18.390123,18.114971,0.0,0.0,0.0,0.0,0.0,0.0,0.0,0.0
26366,2023.0,7.0,3.0,2.0,19.45521,19.475994,18.464914,18.321117,19.19412,19.050388,19.056482,18.921421,18.310396,18.192139,18.25213,18.115486,19.534006,19.389639,19.198166,19.07232,18.286083,18.005955,0.0,0.0,0.0,0.0,0.0,0.0,0.0,0.0
26367,2023.0,7.0,3.0,2.0,19.428608,19.448746,18.446577,18.303074,19.1659,19.023142,19.02686,18.892849,18.280657,18.162483,18.221836,18.085573,19.50631,19.361988,19.16524,19.039564,18.397165,18.29769,0.0,0.0,0.0,0.0,0.0,0.0,0.0,0.0
26368,2023.0,7.0,3.0,2.0,19.401842,19.420635,18.426752,18.281858,19.136541,18.99271,18.99595,18.860907,18.251669,18.13242,18.191128,18.053621,19.478573,19.333302,19.132204,19.005768,18.378681,18.265913,0.0,0.0,0.0,0.0,0.0,0.0,0.0,0.0
26369,2023.0,7.0,3.0,2.0,19.376638,19.395271,18.408995,18.264805,19.110191,18.96778,18.96825,18.834782,18.22544,18.106693,18.471233,18.60387,19.452936,19.308123,19.10114,18.975319,18.351091,18.238737,0.0,0.0,0.0,0.0,4.0,0.0,0.0,0.0
26370,2023.0,7.0,3.0,3.0,19.350721,19.368359,18.389984,18.245157,19.082653,18.94006,18.939438,18.805826,18.199171,18.07994,18.244894,18.113937,19.427029,19.281778,19.069784,18.943684,18.323446,18.210663,0.0,0.0,0.0,0.0,0.0,0.0,0.0,0.0
26371,2023.0,7.0,3.0,3.0,19.32572,19.342918,18.371634,18.226526,19.056253,18.914083,18.911983,18.778818,18.174316,18.055191,18.163828,18.026352,20.118498,20.611694,19.039728,18.914001,18.29664,18.184063,0.0,0.0,0.0,0.0,0.0,4.0,0.0,0.0
26372,2023.0,7.0,3.0,3.0,19.300074,19.3159,18.352446,18.206295,19.029276,18.886438,18.883884,18.75009,18.149218,18.029388,18.424173,18.542347,19.628048,19.542686,19.009253,18.883003,18.269482,18.156279,0.0,0.0,0.0,0.0,4.0,0.0,0.0,0.0
26373,2023.0,7.0,3.0,3.0,19.274319,19.288357,18.332859,18.185286,19.002275,18.858246,18.855684,18.72077,18.124193,18.003345,18.2054,18.07266,19.270245,18.921822,18.978783,18.851652,18.242361,18.128204,0.0,0.0,0.0,0.0,0.0,0.0,0.0,0.0
26374,2023.0,7.0,3.0,3.0,19.248417,19.260403,18.312458,18.162544,18.974606,18.8285,18.826946,18.68994,18.099058,17.97681,18.118944,17.977146,19.156162,18.791292,18.948288,18.819979,18.215244,18.099834,0.0,0.0,0.0,0.0,0.0,0.0,0.0,0.0
26375,2023.0,7.0,3.0,3.0,19.239758,19.266943,18.295134,18.146208,18.950703,18.80632,18.802309,18.66708,18.07645,17.955173,18.08446,17.945004,19.300007,19.146555,18.92033,18.793196,18.916859,19.44307,0.0,0.0,0.0,0.0,0.0,0.0,0.0,4.0
26376,2023.0,7.0,3.0,4.0,19.220047,19.247787,18.275513,18.125566,18.924433,18.779377,18.775524,18.639492,18.63365,19.02233,18.048851,17.908653,19.309298,19.161001,18.890875,18.763239,19.223913,19.855135,0.0,0.0,0.0,4.0,0.0,0.0,0.0,4.0
26377,2023.0,7.0,3.0,4.0,19.195925,19.221075,18.25421,18.101685,18.896866,18.749598,18.74791,18.609402,18.239742,18.14693,18.31426,18.43315,19.282034,19.131855,18.860388,18.731104,19.116602,19.51939,0.0,0.0,0.0,0.0,4.0,0.0,0.0,4.0
26378,2023.0,7.0,3.0,4.0,19.171856,19.19484,18.232891,18.078024,18.869646,18.720615,18.721096,18.58045,18.10945,17.984674,18.424774,18.576548,19.255909,19.104334,18.830124,18.699745,18.38868,18.123705,0.0,0.0,0.0,0.0,4.0,0.0,0.0,0.0
26379,2023.0,7.0,3.0,4.0,19.14612,19.165754,18.210384,18.05184,18.840992,18.688803,18.69306,18.548882,18.064669,17.936596,18.123915,17.985487,19.227816,19.073757,18.798422,18.665768,18.150696,17.837765,0.0,0.0,0.0,0.0,0.0,0.0,0.0,0.0
26380,2023.0,7.0,3.0,4.0,19.119768,19.135883,18.186832,18.02367,18.811413,18.655231,18.663887,18.515514,18.02427,17.89294,18.021452,17.869474,19.199203,19.042336,18.766321,18.631207,18.047897,17.732252,0.0,0.0,0.0,0.0,0.0,0.0,0.0,0.0
26381,2023.0,7.0,3.0,4.0,19.09431,19.10813,18.165531,18.000528,18.7844,18.62694,18.636892,18.487196,17.98994,17.85756,18.29549,18.424013,19.17204,19.013872,18.735523,18.599321,18.165462,18.048943,0.0,0.0,0.0,0.0,4.0,0.0,0.0,0.0
26382,2023.0,7.0,3.0,5.0,19.069054,19.081127,18.609379,18.85022,18.757381,18.59869,18.609669,18.458794,17.957714,17.82452,18.050545,17.910318,19.145403,18.986197,18.705227,18.56827,18.143656,18.017452,4.0,0.0,0.0,0.0,0.0,0.0,0.0,0.0
26383,2023.0,7.0,3.0,5.0,19.047169,19.061102,18.351173,18.278,18.734268,18.57832,18.586323,18.438189,18.511005,18.890171,17.954346,17.803038,19.122541,18.965618,18.678246,18.543522,18.10998,17.98572,0.0,0.0,0.0,4.0,0.0,0.0,0.0,0.0
26384,2023.0,7.0,3.0,5.0,19.026705,19.042864,18.654217,18.89067,18.712831,18.560257,18.564632,18.419868,18.1342,18.052172,17.91784,17.770115,19.101883,18.947535,18.65319,18.520906,18.805094,19.323317,4.0,0.0,0.0,0.0,0.0,0.0,0.0,4.0
26385,2023.0,7.0,3.0,5.0,19.006897,19.025219,18.395327,18.333836,18.691875,18.542576,18.543505,18.401972,17.824062,17.53115,17.88533,17.740515,19.082819,18.931,18.629549,18.499626,18.142223,17.897635,0.0,0.0,0.0,0.0,0.0,0.0,0.0,0.0
26386,2023.0,7.0,3.0,5.0,18.987093,19.00731,18.427454,18.414877,18.67109,18.524778,18.522697,18.38405,18.326942,18.559048,17.857689,17.71537,19.06529,18.915852,18.607214,18.47945,17.92785,17.63742,4.0,0.0,0.0,4.0,0.0,0.0,0.0,0.0
26387,2023.0,7.0,3.0,5.0,18.967747,18.99014,18.035109,17.670927,18.650892,18.507837,18.50235,18.36694,18.48014,18.717949,17.834347,17.695068,19.04968,18.902899,18.586699,18.46141,17.863312,17.581621,0.0,0.0,0.0,4.0,0.0,0.0,0.0,0.0
26388,2023.0,7.0,3.0,6.0,18.949306,18.97416,18.274605,18.220364,18.631304,18.491827,18.482424,18.350662,18.54148,18.781837,18.102314,18.215382,19.756113,20.253304,18.567959,18.445477,18.67627,19.179901,4.0,0.0,0.0,4.0,4.0,4.0,0.0,4.0
26389,2023.0,7.0,3.0,6.0,21.257542,23.024733,20.21383,21.643114,21.255388,23.168201,21.260057,23.271965,20.236618,21.739323,20.250462,21.926186,21.173798,22.641718,21.39418,23.312546,20.312937,21.934736,0.0,0.0,4.0,0.0,0.0,0.0,0.0,0.0
26390,2023.0,7.0,3.0,6.0,20.983637,22.265224,19.214735,19.400644,20.981644,22.317589,21.011936,22.502699,18.78758,18.675013,19.257812,19.664244,21.031229,22.131338,21.001175,22.373295,18.757395,18.642313,4.0,4.0,0.0,0.0,4.0,0.0,0.0,0.0
26391,2023.0,7.0,3.0,6.0,21.255575,22.64988,20.180387,21.298332,21.023628,22.229929,21.059,22.382837,18.702244,18.930038,20.172045,21.452608,21.209265,22.316416,21.04452,22.287325,18.868807,19.252314,4.0,4.0,0.0,4.0,4.0,4.0,0.0,4.0
26392,2023.0,7.0,3.0,6.0,21.020859,22.070284,20.006615,20.821592,21.029587,22.1068,21.02581,22.155107,20.169304,21.39115,20.029203,21.000631,21.015162,21.822636,20.997839,22.0464,20.171297,21.409904,4.0,4.0,4.0,4.0,0.0,4.0,4.0,0.0
26393,2023.0,7.0,3.0,6.0,21.020948,22.000448,20.045788,20.828403,21.027077,22.010239,21.055279,22.140593,20.027617,20.978403,18.923891,18.750462,21.01372,21.749273,21.01429,21.98239,19.588144,20.053131,0.0,4.0,0.0,0.0,0.0,4.0,4.0,4.0
26394,2023.0,7.0,3.0,7.0,21.019508,21.947351,19.423735,19.547016,21.05131,22.012943,21.048193,22.055838,18.94046,18.776789,18.832891,18.96559,21.012234,21.693098,21.01087,21.908646,20.119902,21.117891,4.0,0.0,0.0,0.0,4.0,4.0,4.0,0.0
26395,2023.0,7.0,3.0,7.0,21.045633,21.98332,20.12581,20.949198,21.019009,21.875248,21.03595,22.001844,18.409372,18.129961,20.149656,21.216196,21.010798,21.649279,21.050035,21.964804,19.004063,18.84835,4.0,4.0,0.0,0.0,4.0,4.0,0.0,0.0
26396,2023.0,7.0,3.0,7.0,21.008656,21.857306,20.002718,20.64946,21.04948,21.9211,21.035381,21.976408,18.436192,18.327044,20.001589,20.787132,21.00859,21.612432,21.038328,21.893288,18.497644,18.248268,4.0,0.0,0.0,0.0,4.0,4.0,0.0,0.0
26397,2023.0,7.0,3.0,7.0,21.04569,21.930971,20.042622,20.706404,21.016161,21.803886,21.036024,21.95799,19.181953,19.761593,20.027958,20.745373,21.00819,21.584671,21.000044,21.748367,19.470095,20.227709,0.0,4.0,0.0,4.0,4.0,4.0,4.0,4.0
26398,2023.0,7.0,3.0,7.0,21.009138,21.818432,19.521868,19.651226,21.021286,21.79612,21.009249,21.868639,20.120268,21.20899,20.020983,20.663027,21.006634,21.558933,21.047062,21.847149,20.07034,21.02047,4.0,4.0,4.0,0.0,4.0,4.0,0.0,0.0
26399,2023.0,7.0,3.0,7.0,21.04269,21.89528,20.107555,20.87741,21.01995,21.78146,21.039986,21.942942,19.613096,20.029846,20.037024,20.65858,21.036484,21.617922,21.037085,21.800835,19.040852,18.919533,0.0,4.0,0.0,4.0,0.0,0.0,0.0,0.0
26400,2023.0,7.0,3.0,8.0,21.008156,21.793468,19.57868,19.764368,21.04515,21.842688,21.017563,21.848625,20.11241,21.023046,19.235712,19.079021,21.029987,21.579582,21.0368,21.777134,19.484104,20.08091,4.0,0.0,4.0,0.0,0.0,0.0,0.0,4.0
26401,2023.0,7.0,3.0,8.0,20.68509,21.170597,20.115273,20.87251,20.07714,19.97099,19.98181,19.875092,19.144632,19.051613,19.299963,19.501612,20.9117,21.301643,20.094416,19.945904,20.04048,20.857758,0.0,0.0,0.0,0.0,4.0,4.0,0.0,4.0
26402,2023.0,7.0,3.0,8.0,19.967222,19.947968,19.265339,19.174652,20.137371,20.414515,19.411049,19.162418,18.667973,18.460817,20.100811,20.86946,20.87577,21.26805,19.745407,19.631977,20.034252,20.801308,0.0,4.0,0.0,0.0,0.0,4.0,0.0,0.0
26403,2023.0,7.0,3.0,8.0,20.276861,20.767653,18.918272,18.822672,19.676931,19.528809,19.21336,18.960331,18.634195,18.525625,19.398718,19.436335,20.880272,21.282772,19.62631,19.52017,19.935034,20.510191,0.0,0.0,0.0,0.0,0.0,4.0,0.0,4.0
26404,2023.0,7.0,3.0,8.0,19.75854,19.751728,18.844759,18.757656,19.400026,19.15043,19.241299,19.12845,18.609598,18.51699,19.086052,18.976915,20.211565,20.022345,19.540459,19.436739,20.010807,20.63116,0.0,0.0,0.0,0.0,0.0,0.0,0.0,4.0
26405,2023.0,7.0,3.0,8.0,19.453869,19.384577,18.76335,18.68232,19.251175,19.010035,19.200117,19.115835,18.560717,18.472902,18.95764,18.844034,20.63251,21.031372,19.453062,19.354197,20.035572,20.68971,0.0,0.0,0.0,0.0,0.0,4.0,0.0,0.0
26406,2023.0,7.0,3.0,9.0,19.339294,19.27506,18.69166,18.61578,19.265528,19.156574,19.124865,19.048353,18.516209,18.43132,18.871569,18.760279,20.818832,21.255224,19.377733,19.282927,19.257313,19.166409,0.0,0.0,0.0,0.0,0.0,4.0,0.0,0.0
26407,2023.0,7.0,3.0,9.0,19.391106,19.45322,18.640856,18.568228,19.23871,19.156408,19.066282,18.99361,18.486,18.402071,18.817669,18.707077,20.175392,20.019066,19.324167,19.230879,18.963673,18.778368,0.0,0.0,0.0,0.0,0.0,0.0,0.0,0.0
26408,2023.0,7.0,3.0,9.0,19.371939,19.45593,18.593838,18.525848,19.184126,19.107685,19.010592,18.942478,18.459759,18.376926,19.160675,19.394695,19.942764,19.70008,19.275923,19.184185,18.846037,18.664104,0.0,0.0,0.0,0.0,4.0,0.0,0.0,0.0
26409,2023.0,7.0,3.0,9.0,19.332224,19.422575,18.554483,18.492956,19.135717,19.066284,18.96281,18.90146,18.439709,18.358578,20.113035,21.05196,20.594202,21.012285,19.236576,19.14774,18.839664,18.74013,0.0,0.0,0.0,0.0,0.0,4.0,0.0,0.0
26410,2023.0,7.0,3.0,9.0,19.999027,20.721468,18.513056,18.457333,19.083696,19.020443,19.585415,20.121067,18.419823,18.34007,19.377377,19.481989,20.839561,21.31511,19.196291,19.109617,18.799215,18.712002,0.0,0.0,4.0,0.0,0.0,4.0,0.0,0.0
26411,2023.0,7.0,3.0,9.0,19.456524,19.551186,18.92592,19.261145,19.720282,20.256907,19.188726,19.255558,18.407146,18.32806,19.048878,18.959303,20.894522,21.379505,19.166407,19.080742,18.754944,18.670275,4.0,4.0,0.0,0.0,0.0,4.0,0.0,0.0
26412,2023.0,7.0,3.0,10.0,19.922003,20.533978,20.158014,21.379297,19.328444,19.402374,18.897434,18.785486,18.39714,18.319437,18.95759,18.85271,20.271984,20.178877,19.139797,19.056034,19.60535,20.315266,0.0,0.0,0.0,0.0,0.0,0.0,0.0,4.0
26413,2023.0,7.0,3.0,10.0,19.52248,19.63512,19.259651,19.457224,19.602266,20.044876,18.788692,18.671455,18.388592,18.312897,18.898037,18.795692,20.680271,21.11656,19.112959,19.031576,20.055496,20.899754,0.0,4.0,0.0,0.0,0.0,4.0,0.0,0.0
26414,2023.0,7.0,3.0,10.0,19.248405,19.294992,18.749275,18.751152,19.22382,19.212133,18.79327,18.743174,18.381536,18.30784,18.854336,18.754723,20.24958,20.17192,19.089485,19.010275,19.25286,19.258781,0.0,0.0,0.0,0.0,0.0,0.0,0.0,0.0
26415,2023.0,7.0,3.0,10.0,19.181667,19.229824,18.641838,18.614407,19.01496,18.91312,18.779516,18.746105,18.377298,18.305529,18.826693,18.729298,20.029478,19.843403,19.07238,18.995207,19.802477,20.42598,0.0,0.0,0.0,0.0,0.0,0.0,0.0,4.0
26416,2023.0,7.0,3.0,10.0,19.928122,20.688055,18.58905,18.563381,19.591558,20.057545,18.752174,18.724531,18.373577,18.304028,18.80337,18.709587,19.958485,19.774786,19.056593,18.981867,20.042192,20.785234,0.0,4.0,0.0,0.0,0.0,0.0,0.0,0.0
26417,2023.0,7.0,3.0,10.0,19.494091,19.643925,18.540266,18.519884,19.24451,19.256256,18.723406,18.700954,18.37009,18.30306,18.779804,18.690199,19.975693,19.868177,19.040634,18.968697,19.324598,19.337135,0.0,0.0,0.0,0.0,0.0,0.0,0.0,0.0
26418,2023.0,7.0,3.0,11.0,19.276508,19.345987,18.503284,18.484161,19.031778,18.951115,18.698391,18.678919,18.368101,18.303944,18.76178,18.674887,19.965136,19.870655,19.027163,18.957487,19.039913,18.921383,0.0,0.0,0.0,0.0,0.0,0.0,0.0,0.0
26419,2023.0,7.0,3.0,11.0,19.215668,19.29794,18.473335,18.460104,19.68999,20.259066,18.675772,18.660908,18.363888,18.301369,18.744852,18.661661,19.939703,19.849405,19.01315,18.945715,18.979828,18.902231,0.0,4.0,0.0,0.0,0.0,0.0,0.0,0.0
26420,2023.0,7.0,3.0,11.0,19.210789,19.343756,18.443905,18.433365,19.790848,20.31479,19.3417,19.935734,18.358265,18.297571,18.72724,18.64671,19.913794,19.826042,18.998196,18.932552,18.91884,18.846977,0.0,4.0,4.0,0.0,0.0,0.0,0.0,0.0
26421,2023.0,7.0,3.0,11.0,19.870312,20.612131,18.416908,18.409004,19.25358,19.28114,18.935932,19.028753,18.351595,18.293041,18.709978,18.632425,19.88902,19.803936,18.983599,18.920023,18.862974,18.793833,0.0,0.0,0.0,0.0,0.0,0.0,0.0,0.0
26422,2023.0,7.0,3.0,11.0,19.973627,20.661232,18.392815,18.388058,19.68383,20.182919,18.725262,18.70543,18.344526,18.288548,18.693537,18.619612,20.622335,21.21869,19.989616,20.836487,18.815388,18.750261,0.0,4.0,0.0,0.0,0.0,4.0,4.0,0.0
26423,2023.0,7.0,3.0,11.0,20.022333,20.702406,18.370369,18.36835,19.817926,20.346643,18.666866,18.64305,18.337582,18.284443,18.677069,18.606846,20.118088,20.127337,19.356403,19.413265,18.772058,18.71043,0.0,4.0,0.0,0.0,0.0,0.0,0.0,0.0
26424,2023.0,7.0,3.0,12.0,20.076292,20.760893,18.348148,18.347242,19.8564,20.386284,18.645016,18.639656,18.330599,18.280394,18.659712,18.59243,19.886814,19.755991,19.097013,19.013422,18.730366,18.670313,0.0,4.0,0.0,0.0,0.0,0.0,0.0,0.0
26425,2023.0,7.0,3.0,12.0,21.16064,22.654318,18.329796,18.332247,21.165682,22.647844,21.248358,23.285896,18.322865,18.275173,18.643278,18.579979,21.168476,22.04798,21.30796,22.899612,18.69442,18.638754,0.0,4.0,0.0,0.0,0.0,0.0,0.0,0.0
26426,2023.0,7.0,3.0,12.0,20.993738,22.164228,18.307854,18.311514,21.000565,22.168453,21.004467,22.518225,18.314188,18.268719,18.623554,18.563078,21.007536,21.691153,21.003387,22.187151,19.607975,20.40861,0.0,4.0,0.0,0.0,0.0,0.0,0.0,4.0
26427,2023.0,7.0,3.0,12.0,21.081022,22.271498,18.285511,18.288416,21.088602,22.259912,21.05681,22.40988,18.305347,18.262203,18.60314,18.544529,21.047148,21.708784,21.080048,22.208023,20.069323,21.01501,0.0,0.0,4.0,0.0,0.0,0.0,0.0,0.0
26428,2023.0,7.0,3.0,12.0,21.028032,22.095924,18.268429,18.27423,21.005562,21.996073,21.043898,22.300056,18.297281,18.257027,18.58627,18.531988,21.016737,21.609474,21.025345,22.01764,19.2668,19.331146,0.0,4.0,0.0,0.0,0.0,0.0,0.0,0.0
26429,2023.0,7.0,3.0,12.0,21.006893,21.986572,18.718243,19.13523,21.01735,21.970373,21.015697,22.138432,18.289646,18.251474,18.569756,18.517796,21.0195,21.58617,21.030973,21.967854,18.87336,18.812393,4.0,4.0,4.0,0.0,0.0,0.0,0.0,0.0
26430,2023.0,7.0,3.0,13.0,21.253607,22.471485,20.183702,21.597515,21.341686,22.583704,21.229954,22.528996,18.284147,18.24765,18.556839,18.5069,21.242638,22.009542,21.317875,22.495306,18.790653,18.744495,0.0,4.0,0.0,0.0,0.0,0.0,0.0,0.0
26431,2023.0,7.0,3.0,13.0,21.031271,21.993586,19.183846,19.443995,21.039364,21.96253,21.038742,22.093847,18.282763,18.248743,18.550455,18.503399,21.01776,21.535091,21.028145,21.871418,18.74492,18.701868,0.0,0.0,0.0,0.0,0.0,0.0,0.0,0.0
26432,2023.0,7.0,3.0,13.0,21.002586,21.896688,18.612652,18.645382,21.006168,21.852419,21.011183,21.984043,18.284468,18.25278,18.548307,18.50397,21.238903,21.919714,21.026941,21.842058,18.70751,18.666025,0.0,4.0,4.0,0.0,0.0,4.0,0.0,0.0
26433,2023.0,7.0,3.0,13.0,21.039206,21.978634,18.50357,18.520035,21.041555,21.926268,21.018162,21.975939,18.288338,18.25858,18.548733,18.506603,20.984993,21.42197,21.026903,21.818476,18.679338,18.639675,0.0,0.0,4.0,0.0,0.0,0.0,0.0,0.0
26434,2023.0,7.0,3.0,13.0,21.06263,22.007893,18.445742,18.461079,21.024677,21.84464,21.076468,22.09923,18.293613,18.265297,18.551167,18.510946,21.039894,21.523392,21.056725,21.8546,18.658863,18.622143,0.0,4.0,0.0,0.0,0.0,0.0,0.0,0.0
26435,2023.0,7.0,3.0,13.0,21.021408,21.920782,18.87319,19.301697,21.036615,21.887663,21.004557,21.908978,18.299244,18.272331,18.554087,18.515541,21.013178,21.462189,21.021702,21.767841,18.642706,18.608562,4.0,0.0,4.0,0.0,0.0,0.0,0.0,0.0
26436,2023.0,7.0,3.0,14.0,21.027447,21.926567,20.16396,21.473103,21.006104,21.79357,21.042236,21.992981,18.305256,18.28028,18.94897,19.258734,21.016495,21.465681,21.026518,21.764164,18.62888,18.597408,0.0,4.0,0.0,0.0,4.0,0.0,0.0,0.0
26437,2023.0,7.0,3.0,14.0,20.904863,21.654047,19.55909,20.087519,20.727743,21.253052,20.646185,21.18503,18.30521,18.276438,20.126314,21.245249,21.27487,21.931583,20.317326,20.386024,18.611729,18.577787,4.0,4.0,4.0,0.0,0.0,4.0,0.0,0.0
26438,2023.0,7.0,3.0,14.0,20.75269,21.404661,20.124025,21.20285,20.059021,20.10313,19.919783,19.967491,18.300934,18.268095,19.322636,19.499271,20.630636,20.63218,19.924517,19.876759,18.59228,18.55536,0.0,0.0,0.0,0.0,0.0,0.0,0.0,0.0
26439,2023.0,7.0,3.0,14.0,20.12248,20.275331,19.267399,19.43117,19.696703,19.642319,20.159077,20.649279,18.294735,18.25831,18.874298,18.85303,20.282782,20.163942,19.761965,19.698633,18.570929,18.53116,0.0,0.0,4.0,0.0,0.0,0.0,0.0,0.0
26440,2023.0,7.0,3.0,14.0,19.862087,19.936575,18.91217,18.91681,19.552792,19.4713,19.669594,19.694395,18.286665,18.2467,18.782557,18.728048,20.170261,20.028038,19.668938,19.598488,18.54995,18.506836,0.0,0.0,0.0,0.0,0.0,0.0,0.0,0.0
26441,2023.0,7.0,3.0,14.0,20.392853,21.035961,18.798212,18.79112,19.495497,19.452576,20.02966,20.500381,18.276491,18.233335,18.741697,18.681423,20.149347,20.056547,20.58586,21.400827,18.528912,18.483187,0.0,0.0,4.0,0.0,0.0,0.0,4.0,0.0
26442,2023.0,7.0,3.0,15.0,19.89678,20.03204,18.712172,18.697731,19.42716,19.387707,20.103825,20.587118,18.264166,18.2175,18.703922,18.638721,20.863157,21.454857,20.740858,21.500101,18.507217,18.458454,0.0,0.0,4.0,0.0,0.0,4.0,4.0,0.0
26443,2023.0,7.0,3.0,15.0,20.337688,20.983477,19.088667,19.457432,20.030561,20.57969,19.553776,19.564287,18.256348,18.211414,18.675673,18.612295,20.299875,20.265707,19.928886,19.918322,18.491018,18.444334,4.0,4.0,0.0,0.0,0.0,0.0,0.0,0.0
26444,2023.0,7.0,3.0,15.0,19.844454,19.982609,20.118692,21.215166,20.194376,20.778557,19.948318,20.427694,18.250721,18.20807,18.65244,18.591522,20.069283,19.924238,20.600246,21.330269,18.477612,18.43342,4.0,4.0,4.0,0.0,0.0,0.0,4.0,0.0
26445,2023.0,7.0,3.0,15.0,20.231098,20.893154,20.001965,20.861586,20.152605,20.64805,20.082037,20.575247,18.245728,18.205109,18.63102,18.57311,20.712679,21.219587,19.99098,19.982243,18.464846,18.422972,4.0,4.0,4.0,0.0,0.0,4.0,0.0,0.0
26446,2023.0,7.0,3.0,15.0,20.374733,21.015837,20.016169,20.812462,19.60231,19.614538,19.52598,19.538776,18.242416,18.203518,18.614388,18.559256,20.277536,20.230833,19.622612,19.520987,18.453915,18.4139,4.0,0.0,0.0,0.0,0.0,0.0,0.0,0.0
26447,2023.0,7.0,3.0,15.0,19.802351,19.926369,20.031765,20.805647,19.96462,20.46006,19.883377,20.394022,18.24115,18.203684,19.000834,19.302069,20.753887,21.282501,19.501501,19.39726,18.444147,18.405663,0.0,4.0,4.0,0.0,4.0,4.0,0.0,0.0
26448,2023.0,7.0,3.0,16.0,20.209621,20.871618,19.675028,20.053617,19.575487,19.60905,20.021376,20.529173,18.240889,18.204506,20.140585,21.201338,20.96555,21.524855,19.431255,19.332487,18.436127,18.39886,4.0,0.0,4.0,0.0,0.0,4.0,0.0,0.0
26449,2023.0,7.0,3.0,16.0,20.371872,21.027775,20.090586,20.894545,19.920187,20.411728,19.487827,19.52103,18.240854,18.204498,19.35697,19.511246,20.364885,20.340975,19.406616,19.34242,19.330994,20.095722,0.0,4.0,0.0,0.0,0.0,0.0,0.0,4.0
26450,2023.0,7.0,3.0,16.0,19.819614,19.969992,19.377115,19.463715,19.5392,19.568993,19.202757,19.159872,18.969873,19.578466,18.91865,18.882967,20.078308,19.954596,19.374407,19.3151,20.053968,21.0859,0.0,0.0,0.0,4.0,0.0,0.0,0.0,4.0
26451,2023.0,7.0,3.0,16.0,19.555676,19.649193,19.017002,19.02381,19.898325,20.398102,19.742426,20.249977,20.142424,21.438171,18.820742,18.767563,19.991165,19.860504,19.337357,19.27954,20.027447,20.933218,0.0,4.0,4.0,0.0,0.0,0.0,0.0,0.0
26452,2023.0,7.0,3.0,16.0,19.463676,19.551308,19.322649,19.685438,20.06396,20.568995,19.389233,19.439201,19.119894,19.25604,18.77898,18.724714,19.940193,19.811417,19.30414,19.247894,19.232624,19.303211,4.0,4.0,0.0,0.0,0.0,0.0,0.0,0.0
26453,2023.0,7.0,3.0,16.0,19.41148,19.497902,20.084936,20.98558,20.09433,20.596363,19.813318,20.330124,18.743107,18.684025,19.13952,19.427656,19.953262,19.875744,19.277256,19.221622,18.93267,18.865887,4.0,4.0,4.0,0.0,4.0,0.0,0.0,0.0
26454,2023.0,7.0,3.0,17.0,20.11634,20.873207,20.003017,20.736233,20.122198,20.622055,19.418455,19.459217,18.646685,18.598398,20.105932,21.06528,19.939802,19.870295,20.257292,21.099716,18.822964,18.755894,4.0,4.0,0.0,0.0,0.0,0.0,4.0,0.0
26455,2023.0,7.0,3.0,17.0,20.27012,20.929865,20.031061,20.752575,20.143976,20.639807,19.76348,20.271814,18.585823,18.538223,19.381155,19.517775,19.911797,19.843946,19.698671,19.724487,18.765484,18.715292,0.0,4.0,4.0,0.0,0.0,0.0,0.0,0.0
26456,2023.0,7.0,3.0,17.0,20.291224,20.94869,19.715649,20.080359,19.613623,19.63328,19.927372,20.435934,18.537542,18.490938,19.355091,19.65796,20.643658,21.259983,19.347807,19.269943,18.716208,18.668835,4.0,0.0,4.0,0.0,4.0,4.0,0.0,0.0
26457,2023.0,7.0,3.0,17.0,20.319761,20.967293,20.076654,20.77324,19.383957,19.31348,19.39865,19.42365,18.504158,18.458302,20.100868,20.956028,20.768785,21.341705,20.23526,21.003193,18.67778,18.63163,0.0,0.0,0.0,0.0,0.0,4.0,4.0,0.0
26458,2023.0,7.0,3.0,17.0,20.342405,20.980247,19.7679,20.120268,19.908424,20.38379,19.12204,19.071192,18.470919,18.427197,19.753143,20.148611,20.14813,20.115013,19.683033,19.684439,18.637667,18.59347,4.0,4.0,0.0,0.0,4.0,0.0,0.0,0.0
26459,2023.0,7.0,3.0,17.0,20.374165,21.018856,20.070078,20.712942,20.040543,20.534098,19.040405,18.9778,18.44523,18.402512,20.073952,20.741173,20.674988,21.202888,19.431978,19.335531,18.605316,18.562054,0.0,4.0,0.0,0.0,0.0,4.0,0.0,0.0
26460,2023.0,7.0,3.0,18.0,20.401648,21.043646,19.45213,19.502321,20.073086,20.558178,19.018082,18.994047,18.419197,18.378788,19.438238,19.463423,20.21101,20.172985,19.330696,19.232845,19.466831,20.221098,0.0,4.0,0.0,0.0,0.0,0.0,0.0,4.0
26461,2023.0,7.0,3.0,18.0,21.085968,22.223557,19.630127,19.96998,21.133804,22.38753,21.242405,22.979326,18.397709,18.358099,19.194954,19.13317,21.113922,21.814617,21.271965,22.650124,20.044289,21.05833,4.0,4.0,0.0,0.0,0.0,4.0,0.0,4.0
26462,2023.0,7.0,3.0,18.0,21.02534,22.040167,20.044266,20.664694,20.99525,21.989481,20.994892,22.262186,18.3746,18.33552,19.491816,19.786272,21.016874,21.624462,20.954582,21.909369,20.026854,20.919954,4.0,4.0,0.0,0.0,4.0,0.0,4.0,0.0
26463,2023.0,7.0,3.0,18.0,21.004965,21.91489,20.006235,20.568033,21.016788,21.945528,21.037998,22.203737,18.354418,18.316957,20.077068,20.77088,21.024805,21.594877,21.045538,22.011343,19.190962,19.209614,4.0,4.0,0.0,0.0,0.0,0.0,0.0,0.0
26464,2023.0,7.0,3.0,18.0,21.036827,21.957506,20.01006,20.557838,21.013002,21.879858,21.00541,22.02757,18.335146,18.298586,19.794249,20.135784,21.022835,21.55706,21.030329,21.905296,18.803888,18.72201,4.0,4.0,4.0,0.0,4.0,0.0,0.0,0.0
26465,2023.0,7.0,3.0,18.0,21.001518,21.831797,20.00915,20.542189,21.013111,21.836945,21.012264,21.981962,18.316988,18.281305,20.069437,20.693594,21.017963,21.531607,21.031473,21.850718,18.696587,18.610159,4.0,4.0,4.0,0.0,0.0,0.0,0.0,0.0
26466,2023.0,7.0,3.0,19.0,21.036478,21.898851,20.027756,20.582619,21.013004,21.804087,21.017687,21.940367,18.300602,18.26702,19.4329,19.42023,21.193169,21.828568,21.02721,21.80953,19.625837,20.435059,0.0,4.0,4.0,0.0,0.0,4.0,0.0,4.0
26467,2023.0,7.0,3.0,19.0,21.002098,21.7867,19.43173,19.423916,21.012558,21.777403,21.042044,21.969816,18.283163,18.250198,19.131369,19.074053,21.125132,21.629354,21.027287,21.785034,20.04732,20.93178,0.0,4.0,0.0,0.0,0.0,4.0,0.0,0.0
26468,2023.0,7.0,3.0,19.0,21.035528,21.86098,19.492903,19.736225,21.012375,21.755962,21.036188,21.920969,18.265547,18.2333,19.399754,19.66029,21.017042,21.474035,21.027098,21.766134,19.199245,19.197004,4.0,4.0,0.0,0.0,4.0,0.0,0.0,0.0
26469,2023.0,7.0,3.0,19.0,21.001896,21.756435,20.0853,20.77099,21.012064,21.737844,21.036203,21.88987,19.027208,19.691925,20.08961,20.830353,21.08443,21.573711,21.027039,21.75159,18.80937,18.71684,0.0,4.0,0.0,4.0,0.0,4.0,0.0,0.0
26470,2023.0,7.0,3.0,19.0,21.007524,21.75914,19.756603,20.05242,21.01187,21.722466,21.009966,21.79257,20.131409,21.414867,19.448221,19.514383,21.09835,21.582895,21.02683,21.739964,18.745152,18.698336,4.0,4.0,4.0,0.0,0.0,4.0,0.0,0.0
26471,2023.0,7.0,3.0,19.0,21.007172,21.750769,20.055914,20.658772,21.011675,21.708958,21.01536,21.78943,19.028208,19.083467,19.088753,19.042852,21.01755,21.460209,21.198164,22.01912,19.6345,20.429897,4.0,4.0,4.0,0.0,0.0,0.0,4.0,4.0
26472,2023.0,7.0,3.0,20.0,21.015274,21.759079,20.021925,20.548216,21.066292,21.830067,21.071966,21.915506,18.499634,18.398188,18.960232,18.896992,21.046783,21.516445,21.10456,21.768545,20.07444,20.989737,4.0,0.0,0.0,0.0,0.0,0.0,4.0,0.0
26473,2023.0,7.0,3.0,20.0,21.005919,21.73444,20.028269,20.568989,20.99909,21.652058,21.028402,21.804945,18.456234,18.412683,19.296743,19.600567,21.020288,21.457817,21.084393,21.755487,19.95449,20.58886,0.0,4.0,0.0,0.0,4.0,0.0,4.0,4.0
26474,2023.0,7.0,3.0,20.0,21.03559,21.806705,19.750622,19.993898,21.012583,21.668314,21.010069,21.732141,18.412073,18.37117,20.107199,20.954624,21.069504,21.522242,21.028381,21.693134,20.008272,20.677855,4.0,4.0,4.0,0.0,0.0,4.0,0.0,4.0
26475,2023.0,7.0,3.0,20.0,21.001171,21.70485,20.074272,20.663195,21.011333,21.658398,21.014748,21.733374,18.36271,18.321844,19.374308,19.433117,21.020885,21.45433,21.032686,21.697445,19.998545,20.622053,0.0,4.0,4.0,0.0,0.0,0.0,0.0,4.0
26476,2023.0,7.0,3.0,20.0,21.007746,21.711395,19.736189,19.95018,21.011446,21.65168,21.041037,21.79864,18.317062,18.27548,19.369177,19.657593,21.025621,21.463211,21.031935,21.687855,20.011683,20.618942,4.0,4.0,0.0,0.0,4.0,0.0,0.0,4.0
26477,2023.0,7.0,3.0,20.0,21.007656,21.706316,20.077204,20.662138,21.011728,21.645264,21.034851,21.773046,18.277,18.235579,20.110977,20.913027,21.044718,21.469776,21.031887,21.679556,20.034033,20.672052,0.0,4.0,0.0,0.0,0.0,4.0,0.0,0.0
26478,2023.0,7.0,3.0,21.0,21.035194,21.776873,19.403858,19.328289,21.011883,21.638525,21.035414,21.760155,18.238052,18.193268,19.269812,19.192371,21.025362,21.461613,21.025755,21.672712,19.264141,19.163712,0.0,4.0,0.0,0.0,0.0,0.0,0.0,0.0
26479,2023.0,7.0,3.0,21.0,21.029772,21.753239,19.12345,19.040482,21.012094,21.631752,21.027203,21.747734,18.908863,19.48638,18.933294,18.856283,21.024551,21.430159,21.026484,21.676142,18.880278,18.711617,0.0,4.0,0.0,4.0,0.0,4.0,0.0,0.0
26480,2023.0,7.0,3.0,21.0,21.030764,21.740917,19.47235,19.766367,21.01222,21.624746,21.028418,21.750908,20.161983,21.478037,18.853287,18.78053,21.006666,21.402449,21.217518,22.003494,18.737118,18.562971,4.0,4.0,0.0,0.0,0.0,4.0,4.0,0.0
26481,2023.0,7.0,3.0,21.0,21.030064,21.72717,20.056646,20.726791,21.012526,21.61787,21.0284,21.75032,18.95017,18.928793,18.769945,18.695013,21.031328,21.478416,21.008175,21.60937,18.73699,18.664162,4.0,4.0,0.0,0.0,0.0,0.0,0.0,0.0
26482,2023.0,7.0,3.0,21.0,21.02135,21.715918,20.023964,20.610876,21.012451,21.610508,21.027874,21.74797,18.367258,18.190886,18.689318,18.605543,21.02584,21.461086,21.031767,21.618687,18.70044,18.634295,0.0,4.0,0.0,0.0,0.0,0.0,4.0,0.0
26483,2023.0,7.0,3.0,21.0,21.023457,21.722338,19.28814,19.152561,21.039125,21.676426,21.02854,21.746937,18.345047,18.27152,18.624495,18.540562,21.027454,21.456934,21.020811,21.598295,18.639563,18.571705,0.0,0.0,0.0,0.0,0.0,0.0,4.0,0.0
26484,2023.0,7.0,3.0,22.0,21.004745,21.657917,19.267258,19.343824,21.033442,21.65099,21.02856,21.744326,18.991318,19.518305,18.906902,19.119858,20.996223,21.369778,21.004055,21.57259,18.579998,18.508581,4.0,0.0,0.0,4.0,4.0,4.0,4.0,0.0
26485,2023.0,7.0,3.0,22.0,21.037975,21.741152,20.10754,20.846943,21.03415,21.638636,21.028633,21.74141,20.266623,21.605091,20.170683,21.248196,21.03322,21.466885,21.0417,21.682924,18.527626,18.454473,0.0,0.0,0.0,0.0,0.0,0.0,0.0,0.0
26486,2023.0,7.0,3.0,22.0,21.003033,21.637617,19.619593,19.780264,21.008013,21.555002,21.028517,21.737505,19.49246,19.878191,19.260914,19.336514,20.99753,21.372005,21.033627,21.658066,18.47962,18.404234,4.0,4.0,0.0,4.0,0.0,4.0,0.0,0.0
26487,2023.0,7.0,3.0,22.0,21.037937,21.721027,20.08938,20.722118,21.039883,21.635788,21.028574,21.733965,20.139305,21.169582,18.76773,18.678612,21.002949,21.386885,21.03446,21.649248,19.207718,19.816492,4.0,0.0,0.0,0.0,0.0,4.0,0.0,4.0
26488,2023.0,7.0,3.0,22.0,21.031063,21.69645,20.024662,20.55937,21.033846,21.615688,21.028496,21.72995,19.028471,18.904926,18.94419,19.109743,21.002714,21.390312,21.009672,21.550491,20.108284,21.192015,0.0,0.0,0.0,0.0,4.0,4.0,4.0,0.0
26489,2023.0,7.0,3.0,22.0,21.0316,21.687433,19.278938,19.09374,21.02414,21.608454,21.028446,21.725668,18.477179,18.234724,20.164082,21.188845,21.03397,21.47389,21.042318,21.658838,18.977007,18.841997,0.0,0.0,0.0,0.0,0.0,0.0,0.0,0.0
26490,2023.0,7.0,3.0,23.0,21.021667,21.67894,19.014002,18.870274,21.025507,21.617434,21.028454,21.721323,18.461771,18.36109,19.26742,19.322874,21.028921,21.455719,21.034214,21.637127,19.211973,19.631992,0.0,0.0,0.0,0.0,0.0,0.0,0.0,4.0
26491,2023.0,7.0,3.0,23.0,21.02772,21.669186,18.96084,18.83451,20.386469,20.393892,20.30447,20.326014,18.995646,19.406345,18.782265,18.687605,20.279509,20.008204,20.138258,19.90861,18.715824,18.517153,0.0,0.0,0.0,4.0,0.0,0.0,0.0,0.0
26492,2023.0,7.0,3.0,23.0,20.22322,20.135942,18.900213,18.77161,20.068386,19.941462,19.959099,19.842093,18.591118,18.540556,18.668552,18.558903,20.00208,19.6624,19.801537,19.499992,18.485743,18.246908,0.0,0.0,0.0,0.0,0.0,0.0,0.0,0.0
26493,2023.0,7.0,3.0,23.0,19.866098,19.645681,18.838957,18.706043,19.916225,19.769854,19.79681,19.661129,18.260265,18.017818,18.586521,18.470797,20.079533,19.946411,19.816118,19.696363,18.38257,18.142038,0.0,0.0,0.0,0.0,0.0,0.0,0.0,0.0
26494,2023.0,7.0,3.0,23.0,19.71605,19.493368,18.784845,18.648668,19.805962,19.655851,19.678255,19.538855,18.133816,17.87759,18.51555,18.39708,20.024761,19.893126,19.736607,19.626766,18.458714,18.378485,0.0,0.0,0.0,0.0,0.0,0.0,0.0,0.0
26495,2023.0,7.0,3.0,23.0,19.81876,19.81639,18.741434,18.609247,19.722734,19.580921,19.589214,19.458866,18.823923,19.273758,18.457159,18.342422,19.957897,19.829582,19.64498,19.534718,18.420557,18.32973,0.0,0.0,0.0,4.0,0.0,0.0,0.0,0.0
26496,2023.0,7.0,4.0,0.0,19.801043,19.830988,18.69631,18.562822,19.641209,19.498665,19.50229,19.371275,18.425148,18.370264,18.398186,18.281881,19.891253,19.761448,19.557417,19.445488,18.374231,18.281656,0.0,0.0,0.0,0.0,0.0,0.0,0.0,0.0
26497,2023.0,7.0,4.0,0.0,19.740767,19.769842,18.653307,18.51771,19.565937,19.420923,19.422297,19.288675,18.099659,17.849749,18.342028,18.223013,19.828161,19.695719,19.47621,19.361536,18.329943,18.23532,0.0,0.0,0.0,0.0,0.0,0.0,0.0,0.0
26498,2023.0,7.0,4.0,0.0,19.684074,19.712585,18.6137,18.476686,19.49864,19.352558,19.351013,19.216257,17.986717,17.728794,18.29066,18.170029,19.771145,19.637375,19.403318,19.287596,18.288704,18.192978,0.0,0.0,0.0,0.0,0.0,0.0,0.0,0.0
26499,2023.0,7.0,4.0,0.0,19.635286,19.66817,18.58139,18.448055,19.443884,19.303951,19.293205,19.16492,18.68808,19.138187,18.247229,18.12974,19.722298,19.591251,19.340477,19.228106,18.252415,18.158316,0.0,0.0,0.0,4.0,0.0,0.0,0.0,0.0
26500,2023.0,7.0,4.0,0.0,19.582157,19.61166,18.544186,18.407652,19.383726,19.239994,19.229862,19.09753,18.933632,19.435213,18.199898,18.078777,19.671204,19.536894,19.275936,19.160196,18.214033,18.11745,0.0,0.0,0.0,4.0,0.0,0.0,0.0,0.0
26501,2023.0,7.0,4.0,0.0,19.539717,19.572699,18.515236,18.381895,19.3365,19.198038,19.180296,19.053461,18.217514,18.005062,18.161428,18.043045,19.628885,19.496883,19.221878,19.108969,18.181374,18.086237,0.0,0.0,0.0,0.0,0.0,0.0,0.0,0.0
26502,2023.0,7.0,4.0,1.0,19.49344,19.523027,18.48164,18.345278,19.28402,19.142221,19.125349,18.99496,17.974676,17.706846,18.119215,17.997559,19.584251,19.449364,19.165834,19.049976,18.146614,18.049221,0.0,0.0,0.0,0.0,0.0,0.0,0.0,0.0
26503,2023.0,7.0,4.0,1.0,19.4543,19.48564,18.45446,18.320312,19.24091,19.102339,19.080305,18.953192,17.8935,17.633461,18.40399,18.565384,19.54608,19.412325,19.11721,19.00262,18.116215,18.019558,0.0,0.0,0.0,0.0,4.0,0.0,0.0,0.0
26504,2023.0,7.0,4.0,1.0,19.41791,19.451988,18.428898,18.297153,19.200972,19.066061,19.038746,18.915318,17.976309,17.872318,18.177202,18.079899,19.511133,19.379242,19.07269,18.960321,18.815016,19.361149,0.0,0.0,0.0,0.0,0.0,0.0,0.0,4.0
26505,2023.0,7.0,4.0,1.0,19.380102,19.413908,18.402279,18.270565,19.159931,19.025307,18.996422,18.87303,17.968792,17.869219,18.380959,18.531116,19.475945,19.343567,19.028048,18.915129,19.125433,19.779768,0.0,0.0,0.0,0.0,4.0,0.0,0.0,4.0
26506,2023.0,7.0,4.0,1.0,19.34616,19.381853,18.378332,18.248234,19.12329,18.991251,18.959206,18.838064,17.936325,17.8377,18.165396,18.072763,19.444489,19.313437,18.987974,18.876667,18.314917,18.13471,0.0,0.0,0.0,0.0,0.0,0.0,0.0,0.0
26507,2023.0,7.0,4.0,1.0,19.309887,19.34367,18.352016,18.22021,19.083902,18.949951,18.919546,18.796015,17.903198,17.802832,18.05333,17.933073,19.411882,19.279318,18.946712,18.833736,18.05823,17.810888,0.0,0.0,0.0,0.0,0.0,0.0,0.0,0.0
26508,2023.0,7.0,4.0,2.0,19.27925,19.31491,18.330868,18.201977,19.051975,18.922125,18.887346,18.767706,17.875227,17.777042,18.016634,17.899864,19.384377,19.25393,18.911352,18.800789,18.72792,19.151247,0.0,0.0,0.0,0.0,0.0,0.0,0.0,4.0
26509,2023.0,7.0,4.0,2.0,19.246872,19.281788,18.307222,18.178303,19.017786,18.888386,18.852737,18.733402,17.846462,17.748089,17.979378,17.862501,19.355907,19.225286,19.830986,20.564436,18.185581,17.987926,0.0,0.0,0.0,0.0,0.0,0.0,4.0,0.0
26510,2023.0,7.0,4.0,2.0,19.213314,19.245558,18.28197,18.151222,18.982502,18.851185,18.816883,18.69553,17.817194,17.717136,18.263418,18.42578,19.326777,19.194513,19.921658,20.498674,17.977999,17.732065,0.0,0.0,0.0,0.0,4.0,0.0,4.0,0.0
26511,2023.0,7.0,4.0,2.0,19.183931,19.216877,18.260002,18.130228,18.952295,18.822515,18.785664,18.666075,17.791452,17.692291,18.041868,17.949673,19.300867,19.169464,19.091787,18.871616,17.907795,17.667784,0.0,0.0,0.0,0.0,0.0,0.0,0.0,0.0
26512,2023.0,7.0,4.0,2.0,19.152885,19.1842,18.236559,18.1057,18.92054,18.78975,18.75262,18.632242,18.35619,18.776995,18.236547,18.378548,19.273785,19.141502,18.830805,18.548063,17.976244,17.868023,0.0,0.0,0.0,4.0,4.0,0.0,0.0,0.0
26513,2023.0,7.0,4.0,2.0,19.123362,19.153723,18.213993,18.082497,18.889893,18.758848,18.720903,18.600397,17.952478,17.882553,18.016872,17.911816,19.247652,19.114973,18.7304,18.45024,17.971249,17.872707,0.0,0.0,0.0,0.0,0.0,0.0,0.0,0.0
26514,2023.0,7.0,4.0,3.0,19.094713,19.124096,18.191809,18.0596,18.859589,18.728367,18.6899,18.56919,18.412745,18.832954,17.919294,17.798706,19.2219,19.088816,18.650597,18.373291,17.943312,17.84507,0.0,0.0,0.0,4.0,0.0,0.0,0.0,0.0
26515,2023.0,7.0,4.0,3.0,19.067171,19.096004,18.170238,18.037798,18.830141,18.69927,18.65999,18.53955,17.838545,17.615095,18.174597,18.310547,19.19688,19.063791,18.74534,18.632961,17.914394,17.816244,0.0,0.0,0.0,0.0,4.0,0.0,0.0,0.0
26516,2023.0,7.0,4.0,3.0,19.039461,19.066956,18.148216,18.014833,18.800232,18.6688,18.629778,18.508652,17.638552,17.376768,17.951365,17.837183,19.171555,19.037802,18.732094,18.618368,17.884855,17.786037,0.0,0.0,0.0,0.0,0.0,0.0,0.0,0.0
26517,2023.0,7.0,4.0,3.0,19.011946,19.038145,18.12647,17.992115,18.770868,18.638865,18.600225,18.478397,17.568151,17.30811,18.182074,18.340708,19.146616,19.012285,18.696596,18.582018,17.856016,17.756632,0.0,0.0,0.0,0.0,4.0,0.0,0.0,0.0
26518,2023.0,7.0,4.0,3.0,18.98943,19.019327,18.106236,17.972275,18.743612,18.61261,18.572824,18.451906,17.663702,17.560812,17.755707,17.464031,19.12298,18.989107,18.663149,18.549355,17.828894,17.73006,0.0,0.0,0.0,0.0,0.0,0.0,0.0,0.0
26519,2023.0,7.0,4.0,3.0,18.976063,19.017382,18.083595,17.94746,18.713842,18.580856,18.542923,18.419914,17.659435,17.555412,17.58902,17.275223,19.097858,18.962711,18.6278,18.51269,17.800547,17.700443,0.0,0.0,0.0,0.0,0.0,0.0,0.0,0.0
26520,2023.0,7.0,4.0,4.0,18.953583,18.99497,18.06422,17.929474,18.68826,18.557112,18.517132,18.395952,18.225473,18.643063,18.03088,18.189075,19.075075,18.940788,18.59566,18.481792,17.774916,17.675743,0.0,0.0,0.0,4.0,4.0,0.0,0.0,0.0
26521,2023.0,7.0,4.0,4.0,18.930325,18.97176,18.044085,17.910019,18.662203,18.531996,18.490757,18.370537,17.843512,17.79332,17.85608,17.767857,19.052341,18.918732,19.531086,20.27216,17.74954,17.651041,0.0,0.0,0.0,0.0,0.0,0.0,4.0,0.0
26522,2023.0,7.0,4.0,4.0,18.907055,18.948202,18.024115,17.890322,18.63638,18.506615,18.464516,18.344791,17.554926,17.316505,17.745049,17.624088,19.029604,18.896366,18.736792,18.546793,17.724358,17.626183,0.0,0.0,0.0,0.0,0.0,0.0,0.0,0.0
26523,2023.0,7.0,4.0,4.0,18.88214,18.921343,18.002182,17.86651,18.608702,18.476835,18.436169,18.314436,17.445187,17.184942,17.70605,17.582727,19.00555,18.871143,18.457434,18.176271,17.698023,17.598587,0.0,0.0,0.0,0.0,0.0,0.0,0.0,0.0
26524,2023.0,7.0,4.0,4.0,18.858837,18.897831,17.98235,17.84694,18.583576,18.452042,18.410505,18.28918,17.557806,17.472002,17.671577,17.548738,18.983206,18.849112,18.375692,18.098984,17.673635,17.574467,0.0,0.0,0.0,0.0,0.0,0.0,0.0,0.0
26525,2023.0,7.0,4.0,4.0,18.836517,18.876394,17.96443,17.831186,18.560604,18.431547,18.387243,18.268415,17.541111,17.439966,17.64236,17.522186,18.962551,18.83002,18.456125,18.329142,18.377907,18.921387,0.0,0.0,0.0,0.0,0.0,0.0,0.0,4.0
26526,2023.0,7.0,4.0,5.0,19.50036,20.141632,17.94473,17.811773,18.535711,18.407072,18.36231,18.243773,17.51649,17.414864,17.903814,18.036228,19.671463,20.190054,18.456121,18.343363,17.903996,17.86547,0.0,0.0,0.0,0.0,4.0,4.0,0.0,0.0
26527,2023.0,7.0,4.0,5.0,19.060963,19.171913,17.926334,17.794659,18.512096,18.384733,18.338839,18.221409,17.49496,17.394318,18.032345,18.212463,19.178858,19.112253,18.429499,18.318657,17.607296,17.378828,0.0,0.0,0.0,0.0,4.0,0.0,0.0,0.0
26528,2023.0,7.0,4.0,5.0,18.691156,18.529787,17.908695,17.778149,18.488993,18.36269,18.315884,18.199383,17.474983,17.37531,17.74096,17.634642,18.848011,18.540121,18.40176,18.291813,17.513557,17.276642,0.0,0.0,0.0,0.0,0.0,0.0,0.0,0.0
26529,2023.0,7.0,4.0,5.0,18.579084,18.397043,18.352486,18.62571,18.467186,18.34292,18.29417,18.179619,18.038866,18.451967,17.945967,18.085913,18.756525,18.443504,18.37571,18.267572,17.586475,17.479748,4.0,0.0,0.0,4.0,4.0,0.0,0.0,0.0
26530,2023.0,7.0,4.0,5.0,18.720488,18.744713,18.50168,18.808647,18.44457,18.32146,18.27164,18.15817,18.29962,18.800379,17.726633,17.62059,18.888817,18.765186,18.350143,18.242952,17.591858,17.497837,4.0,0.0,0.0,4.0,0.0,0.0,0.0,0.0
26531,2023.0,7.0,4.0,5.0,18.732002,18.773113,18.344818,18.442295,18.42319,18.302319,18.250446,18.139097,17.630562,17.438328,17.644394,17.531118,18.89262,18.766619,18.32702,18.221756,17.574934,17.483057,4.0,0.0,0.0,0.0,0.0,0.0,0.0,0.0
26532,2023.0,7.0,4.0,6.0,18.713846,18.756464,18.309664,18.383709,18.401447,18.28219,18.927773,19.432016,18.011204,18.286734,17.613697,17.502108,19.608181,20.136026,18.304873,18.201014,18.284784,18.8359,4.0,0.0,4.0,4.0,0.0,4.0,0.0,4.0
26533,2023.0,7.0,4.0,6.0,21.282349,23.263733,20.24149,21.753895,21.26312,23.376717,21.26461,23.398531,20.283125,22.191063,17.893942,18.051128,21.179518,22.795029,21.414406,23.530165,20.213243,22.068983,4.0,0.0,4.0,0.0,4.0,0.0,4.0,4.0
26534,2023.0,7.0,4.0,6.0,20.995817,22.430075,20.020939,21.123898,21.00556,22.546593,21.032639,22.643465,18.576767,18.547674,20.27191,22.124718,21.031672,22.257542,21.02036,22.58526,19.998634,21.365324,0.0,0.0,0.0,0.0,0.0,0.0,0.0,4.0
26535,2023.0,7.0,4.0,6.0,21.031021,22.332983,19.2033,19.3952,21.02279,22.365646,21.059595,22.491076,17.812035,17.588133,19.167896,19.624538,21.04688,22.123041,21.057053,22.453833,20.022516,21.228745,4.0,4.0,0.0,0.0,4.0,0.0,0.0,4.0
26536,2023.0,7.0,4.0,6.0,21.227749,22.616611,20.190636,21.340778,21.256083,22.70832,21.171804,22.57386,17.804527,17.708334,20.207413,21.673525,21.255371,22.42459,21.20404,22.601868,20.302586,21.661251,0.0,4.0,0.0,0.0,0.0,4.0,0.0,4.0
26537,2023.0,7.0,4.0,6.0,21.05061,22.199865,19.02618,18.951777,21.030983,22.144749,21.040686,22.231283,17.796034,17.714071,19.322493,19.720673,21.01679,21.856506,20.99922,22.073568,20.04865,21.076563,0.0,4.0,0.0,0.0,4.0,4.0,4.0,0.0
26538,2023.0,7.0,4.0,7.0,21.017622,22.05453,18.969408,19.228922,21.02864,22.066824,21.04139,22.175669,18.401491,18.896194,20.183306,21.412111,21.0142,21.792288,21.056074,22.140278,18.888279,18.763235,4.0,4.0,0.0,4.0,0.0,4.0,0.0,0.0
26539,2023.0,7.0,4.0,7.0,21.022125,22.024141,20.130045,21.218317,21.052784,22.080877,21.015089,22.060991,20.219913,21.92015,18.96027,18.883057,21.01282,21.744158,21.00484,21.948689,18.336914,18.105127,4.0,0.0,4.0,0.0,0.0,4.0,4.0,0.0
26540,2023.0,7.0,4.0,7.0,21.020504,21.992516,20.012474,20.87123,21.046211,22.020962,21.045021,22.114576,19.266003,19.745628,18.839752,19.064623,21.0116,21.705418,21.012125,21.923315,18.17504,17.947569,4.0,0.0,0.0,4.0,4.0,4.0,4.0,0.0
26541,2023.0,7.0,4.0,7.0,21.020113,21.969244,20.04465,20.877739,21.019999,21.911718,21.023685,22.00667,20.186022,21.558077,20.149792,21.299505,21.01037,21.672926,21.050673,21.998053,18.195824,18.097065,0.0,4.0,4.0,0.0,4.0,4.0,0.0,0.0
26542,2023.0,7.0,4.0,7.0,21.018652,21.949295,19.42317,19.6054,21.02424,21.897842,21.052803,22.056055,19.439121,19.885954,20.027058,20.930883,21.009142,21.645098,21.001072,21.837013,19.149586,19.938217,4.0,4.0,0.0,4.0,0.0,4.0,4.0,4.0
26543,2023.0,7.0,4.0,7.0,21.01855,21.934618,20.127615,21.016607,21.048702,21.950453,21.02013,21.94398,20.151966,21.316593,19.328733,19.471312,21.008171,21.621853,21.00894,21.832117,20.12224,21.397066,4.0,0.0,4.0,0.0,4.0,4.0,4.0,0.0
26544,2023.0,7.0,4.0,8.0,21.044615,21.9952,20.00903,20.728317,21.016987,21.848347,21.051054,22.008638,18.977476,18.919655,20.147987,21.115793,21.03793,21.681751,21.047878,21.922544,19.634066,20.235865,4.0,4.0,0.0,0.0,0.0,0.0,0.0,4.0
26545,2023.0,7.0,4.0,8.0,20.616594,21.126057,20.040995,20.772419,19.997318,19.913626,19.944893,19.866066,18.392813,18.192959,19.142176,19.071,20.19984,20.044916,20.001537,19.885561,20.111544,21.184654,0.0,0.0,0.0,0.0,0.0,0.0,0.0,0.0
26546,2023.0,7.0,4.0,8.0,20.426146,20.922066,19.210606,19.152742,20.019022,20.303705,19.322996,19.08843,19.045704,19.568666,18.708408,18.599054,19.784626,19.522984,19.471422,19.246336,19.025486,18.982603,0.0,4.0,0.0,4.0,0.0,0.0,0.0,0.0
26547,2023.0,7.0,4.0,8.0,19.796362,19.78879,18.931509,18.810907,19.531305,19.398493,19.27876,19.16648,20.146982,21.402458,18.634123,18.529736,19.66943,19.4056,19.312437,19.08356,18.622772,18.432705,0.0,0.0,0.0,0.0,0.0,0.0,0.0,0.0
26548,2023.0,7.0,4.0,8.0,19.457123,19.393124,18.818602,18.735918,19.186302,18.967485,19.202003,19.122488,18.995401,19.006023,18.557032,18.459375,19.701859,19.571371,19.289646,19.176079,18.464916,18.285616,0.0,0.0,0.0,0.0,0.0,0.0,0.0,0.0
26549,2023.0,7.0,4.0,8.0,19.333475,19.268108,18.730015,18.65163,19.060198,18.834738,19.113678,19.03823,19.237799,19.660501,18.50192,18.40546,19.690126,19.58485,19.242352,19.147171,18.451422,18.358707,0.0,0.0,0.0,4.0,0.0,0.0,0.0,0.0
26550,2023.0,7.0,4.0,9.0,19.249666,19.199816,18.652838,18.581596,19.085964,18.985214,19.032333,18.964258,20.128347,21.202747,18.45479,18.36294,19.649294,19.550316,19.177532,19.088812,19.308163,20.03229,0.0,0.0,0.0,0.0,0.0,0.0,0.0,4.0
26551,2023.0,7.0,4.0,9.0,19.274498,19.3451,18.574574,18.50981,19.054577,18.982372,18.948593,18.886728,19.102484,19.109087,18.406382,18.318338,19.605265,19.510435,19.109367,19.025154,20.101286,21.226131,0.0,0.0,0.0,0.0,0.0,0.0,0.0,0.0
26552,2023.0,7.0,4.0,9.0,19.25315,19.348038,18.50483,18.444496,18.989416,18.924368,18.873455,18.815771,18.57313,18.427343,18.36404,18.278196,19.56605,19.47387,19.048382,18.96717,19.047127,19.062517,0.0,0.0,0.0,0.0,0.0,0.0,0.0,0.0
26553,2023.0,7.0,4.0,9.0,19.205208,19.302048,18.450474,18.388988,18.933592,18.868345,18.814068,18.755041,18.513926,18.425602,18.333569,18.246431,19.536396,19.44408,19.00106,18.918903,18.642534,18.480509,0.0,0.0,0.0,0.0,0.0,0.0,0.0,0.0
26554,2023.0,7.0,4.0,9.0,19.162361,19.266071,18.871231,19.224037,18.888405,18.831463,18.766705,18.715918,18.459658,18.37864,18.311298,18.227823,19.5132,19.424345,18.962729,18.884798,18.593632,18.508451,4.0,0.0,0.0,0.0,0.0,0.0,0.0,0.0
26555,2023.0,7.0,4.0,9.0,19.116215,19.219175,20.16817,21.460833,19.517992,20.056496,18.721937,18.676855,18.405762,18.328627,18.291843,18.21033,19.492704,19.40623,18.928188,18.85314,18.530094,18.455036,0.0,4.0,0.0,0.0,0.0,0.0,0.0,0.0
26556,2023.0,7.0,4.0,10.0,19.076302,19.189165,19.219175,19.438465,19.773712,20.353283,18.674398,18.634731,18.349842,18.276375,18.273777,18.194769,19.472286,19.388136,18.892963,18.820429,18.459337,18.388103,0.0,4.0,0.0,0.0,0.0,0.0,0.0,0.0
26557,2023.0,7.0,4.0,10.0,19.04971,19.17128,18.742252,18.690475,19.688335,20.134747,18.629602,18.58686,18.304405,18.226269,18.258293,18.176338,19.453022,19.366129,18.861568,18.78602,18.401922,18.3259,0.0,4.0,0.0,0.0,0.0,0.0,0.0,0.0
26558,2023.0,7.0,4.0,10.0,19.014778,19.136702,18.632875,18.581062,19.697943,20.148203,18.589563,18.547653,18.264725,18.186152,18.24335,18.159866,19.435396,19.347271,18.833714,18.757523,18.35317,18.27723,0.0,4.0,0.0,0.0,0.0,0.0,0.0,0.0
26559,2023.0,7.0,4.0,10.0,19.713156,20.481318,18.558733,18.515701,19.14668,19.109911,18.555285,18.51717,18.231583,18.155092,18.229773,18.146204,19.419905,19.33187,18.809422,18.734213,18.31267,18.23943,0.0,0.0,0.0,0.0,0.0,0.0,0.0,0.0
26560,2023.0,7.0,4.0,10.0,19.872377,20.624186,18.485346,18.435463,18.883684,18.731266,18.51682,18.476322,18.196486,18.117317,18.213306,18.127136,19.402561,19.31248,18.783125,18.705992,18.270702,18.195044,0.0,0.0,0.0,0.0,0.0,0.0,0.0,0.0
26561,2023.0,7.0,4.0,10.0,19.212593,19.313501,18.433712,18.389454,19.454985,19.886827,18.48593,18.44853,18.16925,18.091835,18.199541,18.113482,19.38788,19.298012,18.760206,18.68393,18.23668,18.163145,0.0,4.0,0.0,0.0,0.0,0.0,0.0,0.0
26562,2023.0,7.0,4.0,11.0,19.69016,20.325422,18.383259,18.338987,19.579851,20.031404,18.454144,18.417118,18.142834,18.065271,18.184786,18.097725,19.372713,19.28216,18.736814,18.660137,18.203434,18.129925,0.0,4.0,0.0,0.0,0.0,0.0,0.0,0.0
26563,2023.0,7.0,4.0,11.0,19.788488,20.40938,18.338604,18.295036,19.043316,19.003046,18.424507,18.38831,18.852089,19.424427,18.170813,18.083302,19.358562,19.267849,18.715195,18.638609,18.173246,18.100227,0.0,0.0,0.0,4.0,0.0,0.0,0.0,0.0
26564,2023.0,7.0,4.0,11.0,19.215319,19.305397,18.298191,18.255287,18.814613,18.678844,18.396448,18.361013,20.167164,21.625242,18.157316,18.069487,19.345015,19.254223,18.694706,18.618282,18.145357,18.07281,0.0,0.0,0.0,0.0,0.0,0.0,0.0,0.0
26565,2023.0,7.0,4.0,11.0,18.93677,18.956402,18.25638,18.214804,18.708908,18.569355,18.36719,18.332823,18.967491,19.066664,18.14285,18.055061,20.088985,20.67826,18.672796,18.59681,19.013245,19.736982,0.0,0.0,0.0,0.0,0.0,4.0,0.0,4.0
26566,2023.0,7.0,4.0,11.0,18.85728,18.865793,18.222822,18.180304,19.413046,19.95776,18.34201,18.307362,18.501434,18.355486,18.129925,18.041592,19.643288,19.684948,18.652893,18.576544,20.148989,21.591152,0.0,4.0,0.0,0.0,0.0,0.0,0.0,0.0
26567,2023.0,7.0,4.0,11.0,19.478441,20.0799,18.18861,18.147503,19.01989,19.014654,18.316885,18.282969,19.11895,19.646835,18.116356,18.028343,19.29034,19.119404,18.632729,18.556995,18.936363,19.020744,0.0,0.0,0.0,4.0,0.0,0.0,0.0,0.0
26568,2023.0,7.0,4.0,12.0,19.042656,19.1367,18.160187,18.118458,18.750717,18.615461,18.295256,18.260712,20.135757,21.355854,18.103886,18.015633,19.213663,19.026508,18.61494,18.539143,18.496939,18.360334,0.0,0.0,0.0,0.0,0.0,0.0,0.0,0.0
26569,2023.0,7.0,4.0,12.0,21.253801,23.193556,18.131268,18.090736,21.256516,23.13533,21.266436,23.549564,19.059616,19.112173,18.09072,18.003057,21.234451,22.585457,21.483944,23.570051,18.405996,18.319763,0.0,0.0,0.0,0.0,0.0,0.0,0.0,0.0
26570,2023.0,7.0,4.0,12.0,20.98152,22.378317,18.102926,18.06191,20.999548,22.385475,20.998838,22.68369,18.486683,18.333094,18.077578,17.989994,21.00564,22.033112,20.96023,22.33354,18.33974,18.256721,0.0,0.0,0.0,0.0,0.0,0.0,4.0,0.0
26571,2023.0,7.0,4.0,12.0,21.050991,22.385254,18.551485,18.926859,21.01691,22.252329,21.023275,22.507812,18.410477,18.317833,18.465271,18.731478,21.000273,21.887632,21.056396,22.375893,18.280718,18.19936,4.0,4.0,4.0,0.0,4.0,4.0,0.0,0.0
26572,2023.0,7.0,4.0,12.0,21.194681,22.568785,20.187471,21.670986,21.24059,22.591301,21.195955,22.741394,18.365921,18.279974,20.190025,21.702856,21.15532,22.128395,21.223621,22.582415,18.236677,18.159386,4.0,4.0,0.0,0.0,0.0,0.0,0.0,0.0
26573,2023.0,7.0,4.0,12.0,21.040455,22.181814,20.020578,21.15268,21.02258,22.076107,21.049234,22.331846,18.314112,18.230175,19.10371,19.329935,21.031427,21.80641,21.001286,22.01153,19.166824,19.95799,0.0,4.0,0.0,0.0,0.0,0.0,4.0,4.0
26574,2023.0,7.0,4.0,13.0,21.032526,22.127497,19.01766,19.092588,21.047792,22.094336,21.04774,22.247295,18.271206,18.189713,18.47332,18.418007,21.031221,21.752989,21.04816,22.074059,20.112,21.369343,0.0,0.0,0.0,0.0,0.0,0.0,0.0,0.0
26575,2023.0,7.0,4.0,13.0,21.032837,22.0978,18.455286,18.340595,21.016235,21.965944,21.038738,22.18326,18.233809,18.15345,18.34725,18.26344,21.02058,21.673824,21.038616,22.00302,18.98085,19.010069,0.0,4.0,0.0,0.0,0.0,4.0,0.0,0.0
26576,2023.0,7.0,4.0,13.0,21.003607,21.996273,18.383944,18.326199,21.020876,21.944176,21.012125,22.074368,18.200514,18.120213,18.699234,18.967918,21.034634,21.703606,21.037745,21.958847,18.438105,18.29643,0.0,4.0,4.0,0.0,4.0,0.0,0.0,0.0
26577,2023.0,7.0,4.0,13.0,21.044806,22.070627,18.339445,18.292948,21.020166,21.91903,21.051588,22.132898,18.173328,18.094496,20.164478,21.497013,20.998966,21.585848,21.037909,21.924177,18.375763,18.295036,0.0,4.0,0.0,0.0,0.0,4.0,0.0,0.0
26578,2023.0,7.0,4.0,13.0,21.037405,22.029703,18.28372,18.236668,21.04548,21.969656,21.044096,22.082958,18.148884,18.07034,19.178053,19.369844,21.034496,21.66035,21.031023,21.894863,18.337894,18.261885,0.0,0.0,0.0,0.0,0.0,0.0,0.0,0.0
26579,2023.0,7.0,4.0,13.0,21.00988,21.93225,18.702267,19.064413,21.039305,21.933771,21.043936,22.05295,18.127289,18.048685,18.586136,18.515444,21.028263,21.626762,21.031477,21.880938,18.2919,18.216074,4.0,0.0,0.0,0.0,0.0,0.0,0.0,0.0
26580,2023.0,7.0,4.0,14.0,21.318838,22.538755,20.187288,21.583187,21.306074,22.426325,21.238352,22.433327,18.109163,18.031256,18.458868,18.367775,21.183744,21.919062,21.29349,22.39165,19.207693,19.986046,0.0,4.0,0.0,0.0,0.0,0.0,0.0,4.0
26581,2023.0,7.0,4.0,14.0,20.106894,20.199688,19.158089,19.385057,20.569433,20.969599,20.640747,21.223568,18.092052,18.0132,18.398775,18.303652,20.440737,20.468266,21.09426,21.9263,20.105005,21.310555,0.0,4.0,4.0,0.0,0.0,0.0,4.0,0.0
26582,2023.0,7.0,4.0,14.0,20.25018,20.782688,18.567768,18.568613,20.342031,20.704027,19.878166,19.94635,18.074654,17.994484,18.352652,18.255077,20.10156,20.010252,20.103828,20.033693,18.997534,19.006586,0.0,4.0,0.0,0.0,0.0,0.0,0.0,0.0
26583,2023.0,7.0,4.0,14.0,20.295824,20.832188,18.425474,18.37047,20.274837,20.627672,19.385202,19.17171,18.058275,17.97575,18.317741,18.215551,19.986935,19.873903,19.676928,19.439838,18.577433,18.394287,0.0,4.0,0.0,0.0,0.0,0.0,0.0,0.0
26584,2023.0,7.0,4.0,14.0,20.27345,20.803972,18.355677,18.294752,20.221907,20.572016,19.832119,20.168146,18.043255,17.959587,18.287039,18.183834,19.912622,19.800009,19.50407,19.265797,18.540972,18.442184,0.0,4.0,4.0,0.0,0.0,0.0,0.0,0.0
26585,2023.0,7.0,4.0,14.0,20.25282,20.777609,18.299732,18.23624,19.630228,19.50699,19.345318,19.23621,18.028605,17.943699,18.258091,18.15348,20.605667,21.173306,20.342276,20.963554,18.486265,18.39674,0.0,0.0,0.0,0.0,0.0,4.0,4.0,0.0
26586,2023.0,7.0,4.0,15.0,19.638536,19.643686,18.250923,18.184328,19.948456,20.249931,19.68762,20.015837,18.7522,19.32012,18.230026,18.12375,19.95559,19.81431,20.553297,21.217733,18.427395,18.337719,0.0,4.0,4.0,4.0,0.0,0.0,4.0,0.0
26587,2023.0,7.0,4.0,15.0,19.369808,19.285975,18.649717,18.965015,20.022148,20.36536,19.215496,19.102165,20.146849,21.61327,18.572098,18.787378,19.675394,19.40663,19.719028,19.60616,18.375896,18.286629,4.0,4.0,0.0,4.0,4.0,0.0,0.0,0.0
26588,2023.0,7.0,4.0,15.0,19.891056,20.385458,20.190945,21.589447,19.997036,20.334673,19.493563,19.815308,20.190197,21.505909,20.188837,21.561903,20.287226,20.662933,19.291237,19.065327,18.322474,18.233908,0.0,4.0,4.0,0.0,0.0,4.0,0.0,0.0
26589,2023.0,7.0,4.0,15.0,19.489975,19.508663,19.4937,20.002155,19.432972,19.302412,19.641624,19.995209,18.93205,18.915432,19.156,19.349266,19.86188,19.702446,19.131111,18.891134,18.27378,18.185467,4.0,0.0,4.0,0.0,0.0,0.0,0.0,0.0
26590,2023.0,7.0,4.0,15.0,19.914398,20.425356,20.122997,21.135685,19.76875,20.0578,19.074286,18.93179,18.47614,18.24289,18.675457,18.576641,19.597288,19.314253,19.039051,18.794636,18.235676,18.146692,4.0,4.0,0.0,0.0,0.0,0.0,0.0,0.0
26591,2023.0,7.0,4.0,15.0,20.047802,20.554567,20.029383,20.887098,19.330395,19.16455,18.742235,18.497593,18.307014,18.064297,18.922312,19.15353,20.24041,20.628796,19.077557,18.95923,18.19542,18.107084,0.0,0.0,0.0,0.0,4.0,4.0,0.0,0.0
26592,2023.0,7.0,4.0,16.0,20.03699,20.529608,19.077782,18.998474,19.629871,19.912027,18.609991,18.352201,18.314468,18.190145,20.120914,21.224176,20.46274,20.88009,19.061882,18.95829,19.07049,19.795057,0.0,4.0,0.0,0.0,4.0,4.0,0.0,4.0
26593,2023.0,7.0,4.0,16.0,20.039648,20.533495,18.934244,19.034271,19.228678,19.073116,19.362175,19.857704,18.290628,18.190155,20.02866,20.917446,19.811876,19.624771,19.010895,18.914476,20.13513,21.438044,4.0,0.0,4.0,0.0,0.0,0.0,0.0,0.0
26594,2023.0,7.0,4.0,16.0,20.055166,20.557064,20.151394,21.22624,19.544844,19.83672,18.931276,18.821995,18.95326,19.514366,19.353153,19.52865,19.479498,19.213589,18.947172,18.861526,19.624962,20.241594,0.0,4.0,0.0,4.0,4.0,0.0,0.0,4.0
26595,2023.0,7.0,4.0,16.0,19.456165,19.432964,19.425312,19.652027,19.15545,19.004711,18.566551,18.332853,20.156342,21.468657,20.140867,21.147442,19.355,19.090572,18.885193,18.808115,20.35222,21.70106,4.0,0.0,0.0,0.0,0.0,0.0,0.0,0.0
26596,2023.0,7.0,4.0,16.0,19.137177,19.03239,20.128311,21.058739,19.477064,19.771584,18.459372,18.212675,18.912354,18.894785,19.096981,19.033415,20.005043,20.405348,19.84589,20.68072,18.98674,18.941124,4.0,4.0,0.0,0.0,0.0,4.0,4.0,0.0
26597,2023.0,7.0,4.0,16.0,19.03129,18.931211,20.025509,20.794613,19.104315,18.96183,19.226913,19.727459,18.28892,18.100649,19.027506,19.278894,19.55398,19.381134,19.156595,19.056181,18.427088,18.24745,0.0,0.0,4.0,0.0,4.0,0.0,0.0,0.0
26598,2023.0,7.0,4.0,17.0,19.649633,20.155739,19.1365,19.037607,19.440222,19.750954,18.808626,18.700392,18.969198,19.53737,20.14393,21.215307,20.007843,20.435774,18.741076,18.554728,18.251526,18.065111,0.0,4.0,0.0,4.0,0.0,4.0,0.0,0.0
26599,2023.0,7.0,4.0,17.0,19.85389,20.367401,18.78436,18.691048,19.06167,18.923677,18.46344,18.24117,20.151125,21.437765,19.236513,19.34874,19.518293,19.346071,19.62037,20.309504,18.246319,18.172832,0.0,0.0,0.0,0.0,0.0,0.0,4.0,0.0
26600,2023.0,7.0,4.0,17.0,19.302263,19.304655,19.125553,19.414045,19.393806,19.700941,18.36613,18.131138,18.929543,18.911192,18.726744,18.68083,19.236917,19.009874,19.042503,18.93805,18.21326,18.159037,4.0,4.0,0.0,0.0,0.0,0.0,0.0,0.0
26601,2023.0,7.0,4.0,17.0,19.750084,20.255417,20.130188,21.16645,19.540457,19.892052,18.453072,18.354074,18.463242,18.259026,18.58597,18.517244,19.9116,20.353867,19.759727,20.448212,18.162996,18.113117,0.0,4.0,0.0,0.0,0.0,4.0,4.0,0.0
26602,2023.0,7.0,4.0,17.0,19.915594,20.426512,19.29506,19.42786,19.579039,19.926786,18.479939,18.408852,18.41362,18.33285,18.480286,18.415316,20.138021,20.583183,20.041162,20.718752,18.105516,18.05517,0.0,4.0,0.0,0.0,0.0,4.0,4.0,0.0
26603,2023.0,7.0,4.0,17.0,19.935282,20.443846,19.336273,19.647339,19.04752,18.911777,19.152025,19.691446,18.364908,18.304993,18.409922,18.346966,20.18658,20.629734,19.193548,19.0734,18.060997,18.01023,4.0,0.0,4.0,0.0,0.0,4.0,0.0,0.0
26604,2023.0,7.0,4.0,18.0,19.951977,20.459026,20.11971,21.027765,19.461203,19.789703,18.74853,18.786953,18.297503,18.241858,18.342884,18.277794,19.517775,19.333828,18.904348,18.706053,18.020378,17.969639,0.0,4.0,0.0,0.0,0.0,0.0,0.0,0.0
26605,2023.0,7.0,4.0,18.0,21.181025,22.62496,19.183971,19.130777,21.204184,22.736607,21.245974,23.316698,18.228394,18.175566,18.61363,18.84268,21.217653,22.466028,21.4387,23.234892,17.977837,17.926239,0.0,4.0,0.0,0.0,4.0,4.0,0.0,0.0
26606,2023.0,7.0,4.0,18.0,20.996983,22.100803,19.023596,19.121204,21.027695,22.22772,21.016832,22.547157,18.164164,18.10913,20.199316,21.562872,21.02615,22.014114,21.014063,22.266266,17.939274,17.88635,4.0,0.0,0.0,0.0,0.0,0.0,0.0,0.0
26607,2023.0,7.0,4.0,18.0,21.021027,22.061975,20.119047,21.071493,21.022255,22.073492,21.04501,22.429094,18.108784,18.052534,19.136387,19.298368,21.009893,21.85399,21.049038,22.20071,17.907814,17.854372,4.0,4.0,0.0,0.0,0.0,4.0,0.0,0.0
26608,2023.0,7.0,4.0,18.0,21.04444,22.07003,20.019318,20.78834,21.021385,21.990797,21.010649,22.225246,18.059711,18.001186,18.538511,18.480925,21.0102,21.783974,21.031618,22.0889,17.88088,17.826126,0.0,4.0,4.0,0.0,0.0,4.0,0.0,0.0
26609,2023.0,7.0,4.0,18.0,21.011572,21.934645,19.463087,19.635038,21.022831,21.936222,21.031824,22.170507,18.019903,17.961885,18.403044,18.334581,21.010849,21.73438,21.035995,22.03998,17.859072,17.804321,4.0,4.0,4.0,0.0,0.0,4.0,0.0,0.0
26610,2023.0,7.0,4.0,19.0,21.01684,21.91431,20.131945,20.976866,21.021925,21.891813,21.053146,22.165014,17.983677,17.924957,18.319117,18.247742,21.04037,21.773613,21.034588,21.994045,18.750267,19.50467,0.0,4.0,0.0,0.0,0.0,0.0,0.0,4.0
26611,2023.0,7.0,4.0,19.0,21.043633,21.964912,19.535402,19.72149,21.046942,21.928888,21.021801,22.026047,17.952564,17.89423,18.25267,18.182589,21.034452,21.723356,21.03407,21.960339,20.179386,21.740208,4.0,0.0,4.0,0.0,0.0,0.0,0.0,0.0
26612,2023.0,7.0,4.0,19.0,21.010086,21.854073,20.10539,20.880875,21.01538,21.813967,21.026602,21.996332,17.925642,17.867943,18.196672,18.126915,21.034422,21.692507,21.03371,21.934296,18.750195,18.728968,4.0,4.0,4.0,0.0,0.0,0.0,0.0,0.0
26613,2023.0,7.0,4.0,19.0,21.04406,21.926672,20.0242,20.688902,21.046942,21.875385,21.051184,22.035133,17.900698,17.842743,18.529934,18.797953,21.033058,21.665787,21.03293,21.912643,18.123402,17.950647,0.0,0.0,0.0,0.0,4.0,0.0,0.0,0.0
26614,2023.0,7.0,4.0,19.0,21.295204,22.392113,19.545832,19.715347,21.2744,22.288788,21.248264,22.37966,18.572147,19.124384,20.225033,21.65282,21.181547,21.9619,21.257061,22.34449,19.072048,19.875479,4.0,4.0,4.0,4.0,0.0,0.0,0.0,4.0
26615,2023.0,7.0,4.0,19.0,21.014084,21.812283,20.089172,20.829216,21.018866,21.757595,21.049463,21.974102,20.192055,21.765331,19.098272,19.25867,21.024725,21.641262,21.031992,21.8748,20.122597,21.448414,4.0,4.0,0.0,0.0,0.0,0.0,0.0,0.0
26616,2023.0,7.0,4.0,20.0,21.014168,21.807055,20.027882,20.673183,21.018745,21.749704,21.018133,21.870293,18.771624,18.753523,18.837477,19.087471,21.024815,21.638884,21.0322,21.865301,18.835127,18.780296,0.0,4.0,4.0,0.0,4.0,0.0,0.0,0.0
26617,2023.0,7.0,4.0,20.0,21.013922,21.801691,19.55399,19.70795,21.018646,21.74206,21.023657,21.867735,18.118275,17.933802,20.198229,21.40974,21.024702,21.635216,21.031965,21.855726,19.166285,19.799515,4.0,4.0,4.0,0.0,0.0,0.0,0.0,4.0
26618,2023.0,7.0,4.0,20.0,21.014046,21.79626,20.103579,20.854555,21.018456,21.734142,21.048325,21.925152,17.971087,17.76869,19.00153,18.934843,21.02462,21.631159,21.064783,21.868923,20.125172,21.319677,0.0,4.0,0.0,0.0,0.0,0.0,4.0,0.0
26619,2023.0,7.0,4.0,20.0,21.01434,21.790827,19.578978,19.749445,21.044165,21.797499,21.042746,21.896515,18.787651,19.403397,18.520681,18.434746,21.02451,21.62691,21.039188,21.839537,18.910017,18.828396,4.0,0.0,0.0,4.0,0.0,0.0,0.0,0.0
26620,2023.0,7.0,4.0,20.0,21.013391,21.78331,20.118742,20.861319,21.012579,21.700315,21.017317,21.809502,20.169968,21.58979,18.845232,19.120773,21.024477,21.622835,21.039513,21.824003,19.256609,19.871107,0.0,4.0,4.0,0.0,4.0,0.0,0.0,4.0
26621,2023.0,7.0,4.0,20.0,21.013882,21.776524,19.24042,19.104908,21.018438,21.704405,21.048084,21.88232,18.819828,18.760534,20.148418,21.323948,21.024448,21.618694,21.039179,21.807398,20.243792,21.482803,0.0,4.0,0.0,0.0,4.0,0.0,0.0,0.0
26622,2023.0,7.0,4.0,21.0,21.012928,21.768576,18.900906,18.784382,21.01752,21.696806,21.015528,21.784027,18.176609,17.95879,20.010235,20.901224,21.024223,21.614199,20.99765,21.683107,19.675793,20.201757,0.0,4.0,4.0,0.0,4.0,0.0,4.0,4.0
26623,2023.0,7.0,4.0,21.0,21.041107,21.838495,18.829828,18.725393,21.017727,21.691462,21.021866,21.789318,18.946745,19.555466,20.028608,20.838778,21.061752,21.65489,21.047018,21.807997,20.101324,21.067883,0.0,4.0,4.0,4.0,4.0,4.0,0.0,0.0
26624,2023.0,7.0,4.0,21.0,21.034956,21.812168,18.7455,18.638947,21.01762,21.685207,21.046963,21.853203,20.148788,21.444101,20.04233,20.810453,21.031412,21.603283,20.997683,21.671713,19.00066,18.862114,0.0,4.0,0.0,0.0,0.0,0.0,4.0,0.0
26625,2023.0,7.0,4.0,21.0,21.035267,21.798323,18.670216,18.55961,21.043655,21.750813,21.04159,21.829763,19.447691,19.864447,19.08289,18.915188,21.033264,21.591362,21.047165,21.797417,18.473528,18.242752,0.0,0.0,0.0,4.0,0.0,0.0,0.0,0.0
26626,2023.0,7.0,4.0,21.0,21.00762,21.7101,19.050722,19.326488,21.037918,21.726303,21.016193,21.746822,20.150269,21.265957,18.53396,18.23488,21.032822,21.576715,21.037903,21.768614,19.235668,19.830196,4.0,0.0,4.0,0.0,0.0,0.0,0.0,4.0
26627,2023.0,7.0,4.0,21.0,21.040524,21.79289,20.135197,21.164175,21.038443,21.714409,21.047321,21.824152,18.960703,18.841719,18.915749,19.135086,21.02294,21.565212,21.038857,21.759026,20.112888,21.186214,0.0,0.0,0.0,0.0,4.0,0.0,0.0,0.0
26628,2023.0,7.0,4.0,22.0,21.006966,21.697262,19.643902,20.04577,21.038246,21.702688,21.041243,21.8017,18.363722,18.110262,20.155596,21.216673,21.08129,21.654327,21.038496,21.748009,18.941559,18.799252,4.0,0.0,0.0,0.0,0.0,4.0,0.0,0.0
26629,2023.0,7.0,4.0,22.0,21.040958,21.78402,20.115253,20.971153,21.026775,21.69273,21.041689,21.79166,18.350569,18.250559,19.217602,19.28498,20.997885,21.481384,21.029089,21.739143,18.398521,18.158213,0.0,0.0,0.0,0.0,0.0,4.0,0.0,0.0
26630,2023.0,7.0,4.0,22.0,21.034746,21.763933,19.139355,18.988567,21.002419,21.630724,21.004255,21.710865,18.97585,19.47776,18.703995,18.617027,21.008186,21.500088,21.129763,21.897825,18.395542,18.30592,0.0,4.0,4.0,4.0,0.0,4.0,4.0,0.0
26631,2023.0,7.0,4.0,22.0,21.03554,21.756123,18.562395,18.207195,21.007645,21.651321,21.037235,21.810928,20.147533,21.396175,18.553928,18.45499,21.037996,21.575998,21.02738,21.718943,18.360655,18.279842,0.0,4.0,0.0,0.0,0.0,0.0,0.0,0.0
26632,2023.0,7.0,4.0,22.0,21.024094,21.7471,18.970842,19.133268,21.019009,21.659027,21.01716,21.731941,18.8719,18.75275,18.45195,18.352955,21.002224,21.473972,21.040201,21.737757,18.29048,18.210255,4.0,4.0,4.0,0.0,0.0,4.0,0.0,0.0
26633,2023.0,7.0,4.0,22.0,21.025974,21.757318,20.14053,21.120352,21.04359,21.717888,21.047466,21.804008,18.245163,17.974882,18.362576,18.25807,21.00767,21.48287,21.038538,21.725542,18.225498,18.143833,0.0,0.0,0.0,0.0,0.0,4.0,0.0,0.0
26634,2023.0,7.0,4.0,23.0,21.025492,21.761604,19.30448,19.376875,21.012215,21.620207,21.015755,21.70879,18.25239,18.147179,18.287157,18.182493,21.007273,21.48084,21.038563,21.71748,18.946754,19.556744,0.0,4.0,4.0,0.0,0.0,4.0,0.0,4.0
26635,2023.0,7.0,4.0,23.0,20.371912,20.509083,18.823166,18.723864,20.08091,19.857769,20.004448,19.795397,18.234266,18.14351,18.508215,18.651188,20.161528,19.882238,21.151447,21.90501,18.517342,18.4913,0.0,0.0,0.0,0.0,4.0,0.0,4.0,0.0
26636,2023.0,7.0,4.0,23.0,20.075243,20.105759,18.6994,18.567215,19.64561,19.231997,19.542488,19.143667,18.180004,18.08788,18.612257,18.797647,19.83859,19.469278,20.089857,19.859394,18.849941,19.224531,0.0,0.0,0.0,0.0,4.0,0.0,0.0,4.0
26637,2023.0,7.0,4.0,23.0,19.933292,19.953127,18.625597,18.487526,19.449291,19.022469,19.332827,18.922985,18.12498,18.030588,18.316368,18.231182,19.696474,19.326824,19.672691,19.336874,18.26291,18.028397,0.0,0.0,0.0,0.0,0.0,0.0,0.0,0.0
26638,2023.0,7.0,4.0,23.0,19.821741,19.835321,18.561356,18.41793,19.537184,19.339151,19.405071,19.220375,18.073397,17.975328,18.182804,18.067171,19.57899,19.209568,19.481964,19.143175,18.046404,17.78098,0.0,0.0,0.0,0.0,0.0,0.0,0.0,0.0
26639,2023.0,7.0,4.0,23.0,19.73146,19.744741,18.507362,18.362268,19.503813,19.341583,19.360317,19.210562,18.026937,17.927177,18.122992,18.00531,19.70666,19.566463,19.334997,19.002356,17.956099,17.692936,0.0,0.0,0.0,0.0,0.0,0.0,0.0,0.0
26640,2023.0,7.0,5.0,0.0,20.363607,21.004831,18.460903,18.317081,19.438038,19.28185,19.286274,19.142958,17.985567,17.885931,18.072218,17.9551,19.679544,19.54626,19.398605,19.259014,18.036322,17.930574,0.0,0.0,0.0,0.0,0.0,0.0,0.0,0.0
26641,2023.0,7.0,5.0,0.0,19.874332,19.97635,18.415434,18.270014,20.047897,20.489359,19.210018,19.066679,17.945305,17.843876,18.023733,17.904419,19.625265,19.491089,19.361181,19.24566,18.02804,17.93288,0.0,4.0,0.0,0.0,0.0,0.0,0.0,0.0
26642,2023.0,7.0,5.0,0.0,19.413956,19.194687,18.373724,18.22716,19.618975,19.586887,19.13938,18.996243,17.90841,17.805494,17.979206,17.858171,19.572475,19.436636,19.286297,19.168299,17.990906,17.894587,0.0,0.0,0.0,0.0,0.0,0.0,0.0,0.0
26643,2023.0,7.0,5.0,0.0,19.240257,18.98645,18.33388,18.185232,19.125685,18.723804,19.072521,18.92793,17.87296,17.767887,17.93664,17.813011,19.521639,19.383184,19.213984,19.093386,17.95372,17.855234,0.0,0.0,0.0,0.0,0.0,0.0,0.0,0.0
26644,2023.0,7.0,5.0,0.0,19.39008,19.38589,18.296547,18.145918,18.966076,18.544641,19.010664,18.864773,17.839201,17.732122,17.896582,17.770563,19.473948,19.333138,19.146862,19.024204,17.917988,17.81754,0.0,0.0,0.0,0.0,0.0,0.0,0.0,0.0
26645,2023.0,7.0,5.0,0.0,19.37057,19.377575,18.262224,18.110529,19.096275,18.90241,18.954405,18.80849,17.807367,17.698841,17.859299,17.73171,19.429499,19.287115,19.085047,18.961273,17.884417,17.782564,0.0,0.0,0.0,0.0,0.0,0.0,0.0,0.0
26646,2023.0,7.0,5.0,1.0,19.325214,19.3311,18.228277,18.074062,19.097027,18.934706,18.90006,18.752224,17.776323,17.665735,17.82284,17.692724,19.38666,19.241928,19.026415,18.90068,17.85189,17.748138,0.0,0.0,0.0,0.0,0.0,0.0,0.0,0.0
26647,2023.0,7.0,5.0,1.0,19.284607,19.293015,18.20065,18.048658,19.05974,18.901173,18.854925,18.71106,18.340654,18.751406,17.791656,17.662716,19.349346,19.205576,18.975061,18.850912,17.823185,17.719915,0.0,0.0,0.0,4.0,0.0,0.0,0.0,0.0
26648,2023.0,7.0,5.0,1.0,19.243134,19.251396,18.172108,18.019766,19.01887,18.861183,18.809412,18.665949,17.933048,17.84751,17.75982,17.630053,19.312164,19.167522,18.924921,18.80019,17.794455,17.6904,0.0,0.0,0.0,0.0,0.0,0.0,0.0,0.0
26649,2023.0,7.0,5.0,1.0,19.203856,19.21166,18.14488,17.992113,18.978643,18.821499,18.766466,18.623293,18.392979,18.801725,17.729162,17.598557,19.276701,19.131178,18.877714,18.752384,17.766834,17.661995,0.0,0.0,0.0,4.0,0.0,0.0,0.0,0.0
26650,2023.0,7.0,5.0,1.0,19.167074,19.174826,18.119236,17.966413,18.940477,18.78428,18.726435,18.584078,17.810583,17.56484,17.990887,18.111986,19.243269,19.09734,18.833714,18.70836,17.740582,17.635326,0.0,0.0,0.0,0.0,4.0,0.0,0.0,0.0
26651,2023.0,7.0,5.0,1.0,19.130486,19.136448,18.093466,17.939255,18.902138,18.745073,18.686695,18.543264,17.591677,17.294573,17.779179,17.64874,19.2099,19.06227,18.790422,18.663456,17.714216,17.60756,0.0,0.0,0.0,0.0,0.0,0.0,0.0,0.0
26652,2023.0,7.0,5.0,2.0,19.10001,19.109022,18.070105,17.91581,18.86719,18.711071,18.650839,18.508202,18.12043,18.354422,17.698221,17.564323,19.179176,19.0313,18.750896,18.62406,17.689726,17.582785,0.0,0.0,0.0,4.0,0.0,0.0,0.0,0.0
26653,2023.0,7.0,5.0,2.0,19.081936,19.104074,18.046919,17.892044,18.832859,18.676865,18.615768,18.473106,17.682594,17.411938,17.664946,17.531057,19.149,19.00037,18.712502,18.585146,17.665527,17.557919,0.0,0.0,0.0,0.0,0.0,0.0,0.0,0.0
26654,2023.0,7.0,5.0,2.0,19.053297,19.074467,18.02225,17.864746,18.797207,18.638708,18.57943,18.434092,17.508112,17.207346,17.63044,17.493717,19.118282,18.967373,18.674065,18.544525,17.640837,17.531431,0.0,0.0,0.0,0.0,0.0,0.0,0.0,0.0
26655,2023.0,7.0,5.0,2.0,19.02619,19.047815,18.002304,17.846468,18.767948,18.612188,18.549711,18.407072,17.61096,17.478785,17.602829,17.467642,19.091648,18.94171,18.640554,18.512365,18.344997,18.876425,0.0,0.0,0.0,0.0,0.0,0.0,0.0,4.0
26656,2023.0,7.0,5.0,2.0,18.997238,19.01743,17.98043,17.823915,18.73679,18.580755,18.518263,18.37519,17.620262,17.50207,17.574167,17.438078,19.063965,18.913145,18.606297,18.477413,17.861277,17.796894,0.0,0.0,0.0,0.0,0.0,0.0,0.0,0.0
26657,2023.0,7.0,5.0,2.0,18.967867,18.985641,17.958012,17.79987,18.705366,18.54783,18.486835,18.34203,17.594284,17.474777,17.54572,17.407795,19.036154,18.883675,18.572273,18.441845,17.550694,17.284872,0.0,0.0,0.0,0.0,0.0,0.0,0.0,0.0
26658,2023.0,7.0,5.0,3.0,18.94004,18.956303,17.936108,17.776472,18.67509,18.516375,18.456612,18.310453,17.568201,17.447525,17.518625,17.37934,19.009418,18.855774,18.539843,18.408491,17.45432,17.180162,0.0,0.0,0.0,0.0,0.0,0.0,0.0,0.0
26659,2023.0,7.0,5.0,3.0,18.91363,18.92917,17.915838,17.756031,18.646944,18.48848,18.428375,18.282366,17.543346,17.422428,17.493454,17.353975,18.98423,18.830448,18.509174,18.37781,17.566948,17.46673,0.0,0.0,0.0,0.0,0.0,0.0,0.0,0.0
26660,2023.0,7.0,5.0,3.0,18.88787,18.902618,17.89603,17.736013,18.61963,18.461351,18.40086,18.254995,17.519442,17.398296,17.469206,17.329536,18.959776,18.80586,18.479557,18.348175,17.552345,17.439468,0.0,0.0,0.0,0.0,0.0,0.0,0.0,0.0
26661,2023.0,7.0,5.0,3.0,18.862555,18.876507,17.87645,17.716208,18.592846,18.434711,18.373892,18.228138,17.496126,17.374754,17.445417,17.30555,18.935694,18.781635,18.450554,18.319145,17.529856,17.416714,0.0,0.0,0.0,0.0,0.0,0.0,0.0,0.0
26662,2023.0,7.0,5.0,3.0,18.83767,18.850819,17.857098,17.6966,18.566576,18.408535,18.34749,18.20179,17.473286,17.351679,17.42193,17.28185,18.911842,18.757631,18.422028,18.290575,17.507387,17.393993,0.0,0.0,0.0,0.0,0.0,0.0,0.0,0.0
26663,2023.0,7.0,5.0,3.0,18.81317,18.825506,17.83794,17.677164,18.540764,18.38277,18.321592,18.175894,17.450796,17.328947,17.39862,17.258316,18.888126,18.73375,18.393862,18.262352,17.48468,17.371054,0.0,0.0,0.0,0.0,0.0,0.0,0.0,0.0
26664,2023.0,7.0,5.0,4.0,18.789692,18.801886,17.820227,17.660406,18.516762,18.360172,18.29755,18.153214,17.429352,17.308035,17.683754,17.812946,18.865265,18.711494,18.366743,18.235931,17.462797,17.349602,0.0,0.0,0.0,0.0,4.0,0.0,0.0,0.0
26665,2023.0,7.0,5.0,4.0,18.765545,18.776793,17.801245,17.640852,18.491465,18.334686,18.27229,18.127686,17.407127,17.285442,17.462105,17.326082,18.841549,18.687544,18.338928,18.207966,17.440182,17.326649,0.0,0.0,0.0,0.0,0.0,0.0,0.0,0.0
26666,2023.0,7.0,5.0,4.0,18.740906,18.750383,17.781267,17.618864,18.46508,18.30663,18.246073,18.099684,17.384184,17.261324,17.383612,17.24139,18.817,18.66195,18.310488,18.17859,17.416956,17.302391,0.0,0.0,0.0,0.0,0.0,0.0,0.0,0.0
26667,2023.0,7.0,5.0,4.0,18.718208,18.727459,17.76399,17.602135,18.44186,18.284483,18.22303,18.077616,17.362898,17.240435,17.661741,17.789371,18.794,18.639484,18.283743,18.152435,17.395164,17.28092,0.0,0.0,0.0,0.0,4.0,0.0,0.0,0.0
26668,2023.0,7.0,5.0,4.0,18.694769,18.70307,17.746178,17.583849,18.417376,18.259714,18.19876,18.052961,17.34077,17.217928,17.433437,17.296194,18.770113,18.615349,18.256227,18.124754,17.372646,17.258057,0.0,0.0,0.0,0.0,0.0,0.0,0.0,0.0
26669,2023.0,7.0,5.0,4.0,18.672306,18.680374,17.728886,17.56678,18.393991,18.236813,18.175642,18.030218,17.887646,18.262508,17.352556,17.210695,18.747068,18.592749,19.2084,19.941458,17.350971,17.23667,0.0,0.0,0.0,4.0,0.0,0.0,4.0,0.0
26670,2023.0,7.0,5.0,5.0,18.649508,18.656672,18.116701,18.30853,18.370235,18.212688,18.15196,18.00617,17.534595,17.465239,17.60458,17.709541,18.72373,18.569248,18.391249,18.162378,17.329088,17.214525,4.0,0.0,0.0,0.0,4.0,0.0,0.0,0.0
26671,2023.0,7.0,5.0,5.0,18.627071,18.633207,17.887949,17.798504,18.346754,18.188614,18.12832,17.982042,17.973995,18.370111,17.40429,17.274109,18.700651,18.545786,18.110838,17.791899,17.307539,17.192574,0.0,0.0,0.0,4.0,0.0,0.0,0.0,0.0
26672,2023.0,7.0,5.0,5.0,19.308804,19.931168,17.766195,17.608646,18.32429,18.166496,18.105892,17.959948,17.979082,18.225964,17.609758,17.722559,18.679052,18.524534,18.02984,17.71387,17.28739,17.172691,0.0,0.0,0.0,4.0,4.0,0.0,0.0,0.0
26673,2023.0,7.0,5.0,5.0,19.502293,20.1431,18.144438,18.348991,18.301556,18.144,18.083456,17.937632,17.39763,17.10856,17.72738,17.879955,18.658226,18.503916,18.14386,18.009394,17.267889,17.153332,4.0,0.0,0.0,0.0,4.0,0.0,0.0,0.0
26674,2023.0,7.0,5.0,5.0,18.732546,18.596731,17.908445,17.83444,18.279118,18.122059,18.061575,17.916046,17.213877,16.898525,17.253965,16.942154,18.638872,18.485004,19.128454,19.864422,17.968546,18.487688,0.0,0.0,0.0,0.0,0.0,0.0,4.0,4.0
26675,2023.0,7.0,5.0,5.0,18.451744,18.193697,18.182076,18.38958,18.256481,18.09928,18.039494,17.893677,17.14208,16.828754,17.054552,16.693916,18.620348,18.466585,19.23129,19.804571,17.49779,17.431631,4.0,0.0,0.0,0.0,0.0,0.0,4.0,0.0
26676,2023.0,7.0,5.0,6.0,18.354937,18.095867,17.711227,17.41992,18.234953,18.077879,18.01805,17.872442,17.870798,18.273674,17.175241,17.003515,18.603148,18.449894,18.37536,18.118073,17.200527,16.93958,0.0,0.0,0.0,4.0,0.0,0.0,0.0,0.0
26677,2023.0,7.0,5.0,6.0,21.352203,23.296722,17.469797,17.072886,21.263142,23.46148,21.269983,23.624056,20.277039,22.366272,17.501131,17.60893,21.290407,23.086052,21.38674,23.45969,17.872519,18.281422,0.0,0.0,4.0,0.0,4.0,4.0,0.0,4.0
26678,2023.0,7.0,5.0,6.0,20.99409,22.437164,17.37803,16.980213,20.982973,22.546444,21.013329,22.777613,18.902767,19.27457,20.319454,22.405945,20.990719,22.34695,21.017923,22.55771,20.4472,22.621918,0.0,4.0,0.0,4.0,0.0,4.0,0.0,4.0
26679,2023.0,7.0,5.0,6.0,21.062305,22.419317,17.509243,17.303015,21.055552,22.504335,21.044392,22.562963,20.259693,21.945501,18.983742,19.442389,21.061619,22.31197,21.02286,22.348703,20.031382,21.537426,0.0,0.0,4.0,0.0,4.0,0.0,4.0,0.0
26680,2023.0,7.0,5.0,6.0,21.174646,22.522509,17.994347,18.1847,21.164358,22.553371,21.191782,22.691065,19.12076,19.449356,20.233902,21.898478,21.164614,22.354122,21.198515,22.598915,18.460966,18.312387,4.0,0.0,4.0,4.0,4.0,4.0,0.0,0.0
26681,2023.0,7.0,5.0,6.0,21.022734,22.108837,20.263674,22.052383,21.029879,22.145115,21.038162,22.265156,20.187393,21.561775,20.034235,21.287159,21.023052,21.967201,21.051907,22.201044,17.754013,17.449907,0.0,4.0,4.0,4.0,0.0,4.0,0.0,0.0
26682,2023.0,7.0,5.0,7.0,21.05415,22.135683,18.897356,19.090683,21.033834,22.076046,21.062355,22.25252,20.035688,21.142883,18.67003,18.508656,21.021198,21.890839,21.051662,22.124008,17.756416,17.624006,0.0,4.0,0.0,0.0,0.0,4.0,0.0,0.0
26683,2023.0,7.0,5.0,7.0,21.046862,22.075329,18.534233,18.781584,21.031862,22.017962,21.03038,22.104877,18.750416,18.56967,18.496325,18.64719,21.01951,21.832165,20.999197,21.955341,17.741404,17.627352,4.0,4.0,4.0,0.0,4.0,4.0,4.0,0.0
26684,2023.0,7.0,5.0,7.0,21.254665,22.436028,20.223257,21.724007,21.232317,22.378757,21.21987,22.44028,18.821138,19.132513,20.2139,21.592207,21.204762,22.159323,21.333567,22.581236,18.682783,19.466198,0.0,4.0,4.0,4.0,4.0,4.0,4.0,4.0
26685,2023.0,7.0,5.0,7.0,21.022951,21.946327,18.759787,18.657488,21.054419,22.00593,21.032198,22.02716,20.182404,21.45246,20.015488,21.048368,21.04633,21.820055,21.01359,21.902983,20.18904,21.840448,0.0,0.0,4.0,0.0,4.0,0.0,4.0,0.0
26686,2023.0,7.0,5.0,7.0,21.022388,21.934076,17.99377,17.651281,21.02319,21.895018,21.031755,22.00187,18.830656,18.683578,20.036926,20.973759,21.010227,21.692741,21.013885,21.882242,19.313374,19.8468,0.0,4.0,4.0,0.0,4.0,4.0,4.0,4.0
26687,2023.0,7.0,5.0,7.0,21.049255,21.998838,18.399347,18.573437,21.027773,21.886057,21.056229,22.050293,18.159525,17.850552,20.048355,20.926456,21.014416,21.67862,21.053156,21.969421,20.177525,21.556606,4.0,4.0,0.0,0.0,0.0,4.0,0.0,0.0
26688,2023.0,7.0,5.0,8.0,21.273197,22.413256,20.223139,21.700422,21.254606,22.326792,21.194178,22.303194,18.141708,17.991528,18.973354,18.798275,21.152956,21.955671,21.235731,22.307203,18.767414,18.662191,0.0,4.0,0.0,0.0,0.0,0.0,0.0,0.0
26689,2023.0,7.0,5.0,8.0,19.990227,19.949574,19.402063,19.868158,20.414087,20.67969,20.35907,20.637344,18.12251,17.99747,18.884474,19.0257,20.078241,19.85171,19.92175,19.734934,18.117222,17.869925,4.0,4.0,4.0,0.0,4.0,0.0,0.0,0.0
26690,2023.0,7.0,5.0,8.0,19.554049,19.364313,20.160946,21.271229,19.615364,19.325375,19.535475,19.255844,18.809174,19.339409,20.145967,21.281797,19.709215,19.348652,19.48634,19.167355,19.022451,19.708527,0.0,0.0,0.0,4.0,0.0,0.0,0.0,4.0
26691,2023.0,7.0,5.0,8.0,19.33922,19.159006,19.015526,18.961325,19.219852,18.873703,19.128685,18.796646,20.164007,21.554523,19.190166,19.287455,19.55411,19.210243,19.421392,19.262253,20.140076,21.451555,0.0,0.0,0.0,0.0,0.0,0.0,0.0,0.0
26692,2023.0,7.0,5.0,8.0,20.072626,20.702953,18.93435,19.191648,19.048615,18.719484,18.946735,18.632114,18.859268,18.826914,18.624517,18.518095,20.353527,20.856531,20.329039,21.075876,18.852392,18.805449,4.0,0.0,0.0,0.0,0.0,4.0,4.0,0.0
26693,2023.0,7.0,5.0,8.0,20.075747,20.576754,20.161228,21.361206,19.084183,18.911705,18.972795,18.811687,18.365957,18.11935,18.488554,18.355082,19.756275,19.581543,19.53513,19.404331,18.3874,18.161844,0.0,0.0,0.0,0.0,0.0,0.0,0.0,0.0
26694,2023.0,7.0,5.0,9.0,19.441507,19.438858,19.191612,19.351341,19.061281,18.942173,18.939377,18.830307,18.316212,18.184067,18.400673,18.272951,19.403429,19.128998,19.084944,18.850224,19.211359,19.887295,0.0,0.0,0.0,0.0,0.0,0.0,0.0,4.0
26695,2023.0,7.0,5.0,9.0,19.877655,20.392273,19.163277,19.469955,19.00322,18.896822,18.874714,18.777412,18.279688,18.168304,18.348284,18.223042,19.32455,19.049873,18.96959,18.732073,20.126894,21.388947,4.0,0.0,0.0,0.0,0.0,0.0,0.0,0.0
26696,2023.0,7.0,5.0,9.0,19.407122,19.408388,20.14588,21.203747,18.933676,18.837511,18.799026,18.711483,18.221304,18.116821,18.295996,18.176317,19.394127,19.254309,18.889294,18.666634,19.657331,20.278461,0.0,0.0,0.0,0.0,0.0,0.0,0.0,4.0
26697,2023.0,7.0,5.0,9.0,19.100046,19.03877,19.124466,19.138006,18.869934,18.782648,18.730516,18.651278,18.171144,18.072233,18.253927,18.139967,19.407005,19.288479,18.916616,18.798464,20.104794,21.179564,0.0,0.0,0.0,0.0,0.0,0.0,0.0,0.0
26698,2023.0,7.0,5.0,9.0,18.999203,18.953196,18.64474,18.580835,18.812895,18.733427,19.339716,19.854225,18.129652,18.034883,18.22035,18.110865,19.385645,19.273466,18.90682,18.805994,19.037737,19.02921,0.0,0.0,4.0,0.0,0.0,0.0,0.0,0.0
26699,2023.0,7.0,5.0,9.0,19.779825,20.497366,18.538551,18.471712,19.447292,19.969461,19.53664,20.106056,18.102135,18.010284,18.199757,18.093298,19.368338,19.259706,18.876345,18.780384,18.62742,18.451576,0.0,4.0,4.0,0.0,0.0,0.0,0.0,0.0
26700,2023.0,7.0,5.0,10.0,19.246254,19.340809,18.459661,18.39863,19.052816,19.113277,18.900349,18.860353,18.81245,19.373236,18.183523,18.080812,20.132977,20.728209,18.846205,18.753891,18.488293,18.316456,0.0,0.0,0.0,4.0,0.0,4.0,0.0,0.0
26701,2023.0,7.0,5.0,10.0,19.013624,19.018633,18.393606,18.33933,18.748444,18.61666,18.64952,18.508953,20.17138,21.648422,18.171507,18.071566,20.256325,20.791187,18.82046,18.731113,18.455776,18.35327,0.0,0.0,0.0,0.0,0.0,4.0,0.0,0.0
26702,2023.0,7.0,5.0,10.0,18.919153,18.924208,18.325098,18.277342,18.629696,18.489029,18.547293,18.413372,19.515884,20.09238,18.160122,18.062567,20.326794,20.860329,18.794374,18.70744,18.398811,18.308899,0.0,0.0,0.0,4.0,0.0,4.0,0.0,0.0
26703,2023.0,7.0,5.0,10.0,18.949121,19.042284,18.276556,18.233274,19.343956,19.89199,18.493702,18.37347,20.111639,21.20197,18.155163,18.05898,20.403593,20.944868,18.775274,18.690012,18.347084,18.260113,0.0,4.0,0.0,0.0,0.0,4.0,0.0,0.0
26704,2023.0,7.0,5.0,10.0,18.94014,19.051073,18.666336,19.012802,18.96784,18.978771,18.501862,18.451988,19.120977,19.17616,18.151724,18.057001,19.804594,19.75732,19.788403,20.62268,18.293867,18.21056,4.0,0.0,0.0,0.0,0.0,0.0,4.0,0.0
26705,2023.0,7.0,5.0,10.0,18.920027,19.043373,20.1934,21.65457,19.361794,19.815489,18.48638,18.454872,18.725273,18.587294,18.153353,18.059465,19.571676,19.396193,19.14603,19.176311,18.257065,18.175072,0.0,4.0,0.0,0.0,0.0,0.0,0.0,0.0
26706,2023.0,7.0,5.0,11.0,18.892015,19.020227,19.14634,19.413483,19.557976,20.050432,18.45315,18.428537,18.620495,18.521158,18.15872,18.065302,19.497498,19.321365,18.789066,18.681139,18.220514,18.140718,0.0,4.0,0.0,0.0,0.0,0.0,0.0,0.0
26707,2023.0,7.0,5.0,11.0,18.863415,18.992168,18.644196,18.634283,19.006733,18.996294,18.421082,18.398207,18.563889,18.465935,18.166283,18.0708,19.462984,19.286015,18.727947,18.601881,18.192781,18.11081,0.0,0.0,0.0,0.0,0.0,0.0,0.0,0.0
26708,2023.0,7.0,5.0,11.0,18.836075,18.966402,18.51556,18.492691,19.451279,19.93995,18.390379,18.370068,18.512388,18.414192,18.173254,18.07542,19.500326,19.386625,18.706907,18.580221,18.16858,18.085815,0.0,4.0,0.0,0.0,0.0,0.0,0.0,0.0
26709,2023.0,7.0,5.0,11.0,19.545977,20.327541,18.429407,18.407053,18.998503,19.016378,19.05955,19.655552,18.469978,18.371233,18.179653,18.079683,19.50334,19.397243,18.726334,18.635483,18.147614,18.06403,0.0,0.0,4.0,0.0,0.0,0.0,0.0,0.0
26710,2023.0,7.0,5.0,11.0,19.10243,19.336739,18.362425,18.34147,19.410427,19.888395,18.663336,18.769638,18.43408,18.33523,18.18545,18.083647,19.493578,19.387573,19.760805,20.594059,18.129255,18.045135,0.0,4.0,0.0,0.0,0.0,0.0,4.0,0.0
26711,2023.0,7.0,5.0,11.0,18.847055,18.932829,18.305353,18.285536,19.544416,20.054062,19.059834,19.582565,18.403616,18.304451,18.191132,18.087809,19.48398,19.377474,19.133595,19.174778,18.113466,18.02879,0.0,4.0,4.0,0.0,0.0,0.0,0.0,0.0
26712,2023.0,7.0,5.0,12.0,18.77631,18.854198,18.25578,18.236921,19.003353,19.015856,18.618504,18.653105,18.377306,18.277874,18.196787,18.092216,19.475378,19.368414,18.863758,18.742847,18.099825,18.014694,0.0,0.0,0.0,0.0,0.0,0.0,0.0,0.0
26713,2023.0,7.0,5.0,12.0,21.250372,23.275665,18.213158,18.196573,21.240501,23.07425,21.254148,23.397516,18.354435,18.254946,18.202272,18.09646,21.211508,22.419403,21.452177,23.305235,18.088123,18.002676,0.0,0.0,0.0,0.0,0.0,0.0,0.0,0.0
26714,2023.0,7.0,5.0,12.0,20.991846,22.516415,18.166473,18.15003,21.003813,22.383453,21.001411,22.611965,18.33077,18.230728,18.208612,18.10192,21.001972,21.91967,20.99386,22.26575,18.076902,17.991001,0.0,0.0,0.0,0.0,0.0,0.0,0.0,0.0
26715,2023.0,7.0,5.0,12.0,21.092863,22.546381,18.12396,18.106636,21.092785,22.415024,21.06535,22.52573,18.312618,18.212679,18.215626,18.108477,21.060186,21.921587,21.084248,22.292246,18.069696,17.984056,0.0,0.0,4.0,0.0,0.0,0.0,0.0,0.0
26716,2023.0,7.0,5.0,12.0,21.083733,22.4057,18.088877,18.073359,21.042112,22.181297,21.107203,22.508295,18.299713,18.20063,18.22269,18.115177,21.054024,21.823706,21.076323,22.160885,18.066008,17.981033,0.0,4.0,0.0,0.0,0.0,0.0,0.0,0.0
26717,2023.0,7.0,5.0,12.0,21.078423,22.327261,18.057972,18.044233,21.04885,22.145296,21.09951,22.389685,18.28926,18.191385,18.22898,18.121641,21.049793,21.762386,21.071795,22.084341,18.063656,17.979706,0.0,4.0,0.0,0.0,0.0,0.0,0.0,0.0
26718,2023.0,7.0,5.0,13.0,21.074335,22.267311,18.030258,18.018337,21.086332,22.195362,21.085888,22.310728,18.27995,18.183737,18.23376,18.12721,21.088507,21.768066,21.067408,22.02393,18.061401,17.978874,0.0,0.0,0.0,0.0,0.0,4.0,0.0,0.0
26719,2023.0,7.0,5.0,13.0,21.02598,22.106358,18.006075,17.99638,21.08212,22.130434,21.082699,22.264122,18.271467,18.177725,18.237076,18.132399,21.055702,21.688744,21.064808,21.981047,18.05896,17.978582,0.0,0.0,0.0,0.0,0.0,0.0,0.0,0.0
26720,2023.0,7.0,5.0,13.0,21.07872,22.22118,17.98457,17.977072,21.037725,21.983152,21.037346,22.114786,18.263163,18.172276,18.238586,18.136345,21.009598,21.545053,21.094404,21.969028,18.055853,17.977966,0.0,4.0,4.0,0.0,0.0,4.0,4.0,0.0
26721,2023.0,7.0,5.0,13.0,21.03048,22.09026,18.440578,18.85261,21.04202,22.01143,21.02114,22.07323,18.25482,18.167257,18.631977,18.880499,21.02864,21.60271,21.028053,21.863058,18.052015,17.97694,4.0,0.0,4.0,0.0,4.0,0.0,0.0,0.0
26722,2023.0,7.0,5.0,13.0,21.037088,22.080564,20.219925,21.863913,21.037792,21.983292,21.187407,22.405334,19.013296,19.613054,20.168964,21.511232,21.02412,21.576984,21.23897,22.267693,18.047491,17.975477,0.0,0.0,0.0,4.0,0.0,0.0,0.0,0.0
26723,2023.0,7.0,5.0,13.0,21.030802,22.057356,19.062979,19.362906,21.011957,21.894026,21.04065,22.084284,20.11267,21.364044,19.23557,19.479475,21.023937,21.562502,21.031773,21.831017,18.042402,17.973434,0.0,4.0,0.0,0.0,0.0,0.0,0.0,0.0
26724,2023.0,7.0,5.0,14.0,21.003744,21.972183,18.411896,18.460127,21.042269,21.96512,21.015497,21.99408,19.113152,19.244663,18.653381,18.609161,21.019491,21.550432,21.031862,21.818497,18.037106,17.971151,0.0,0.0,4.0,0.0,0.0,0.0,0.0,0.0
26725,2023.0,7.0,5.0,14.0,20.144012,20.341162,18.272379,18.285076,20.146023,20.23116,20.036228,20.134695,18.609419,18.551735,18.521097,18.441174,21.198713,21.864433,20.275965,20.358784,18.03278,17.97058,0.0,0.0,0.0,0.0,0.0,4.0,0.0,0.0
26726,2023.0,7.0,5.0,14.0,20.458006,21.123644,18.215996,18.221655,19.743153,19.67243,20.229553,20.717352,18.521904,18.452637,18.484978,18.403734,21.148197,21.716547,20.914099,21.718578,18.029228,17.970669,0.0,0.0,4.0,0.0,0.0,4.0,4.0,0.0
26727,2023.0,7.0,5.0,14.0,19.928795,20.106136,18.177307,18.185041,19.621082,19.590054,20.256388,20.773104,19.198938,19.766079,18.459517,18.381294,20.434532,20.3661,20.163696,20.202517,18.02526,17.970133,0.0,0.0,4.0,4.0,0.0,0.0,0.0,0.0
26728,2023.0,7.0,5.0,14.0,20.330765,21.010656,18.145752,18.155869,20.174795,20.732079,19.678051,19.733889,20.108805,21.28552,18.806866,19.054588,20.196602,20.052868,19.815788,19.708704,18.940538,19.706078,0.0,4.0,0.0,0.0,4.0,0.0,0.0,4.0
26729,2023.0,7.0,5.0,14.0,20.450686,21.136133,18.114681,18.12788,19.798658,19.9143,19.343702,19.328875,19.182207,19.324429,20.1474,21.36413,20.10009,19.967083,19.65395,19.548664,20.283703,21.856928,0.0,0.0,0.0,0.0,0.0,0.0,0.0,0.0
26730,2023.0,7.0,5.0,15.0,19.867733,20.062914,18.088612,18.104113,20.040792,20.555101,19.202765,19.186993,18.721779,18.69669,19.617178,20.127754,20.735466,21.24347,19.548187,19.451859,19.029707,19.21258,0.0,4.0,0.0,0.0,4.0,4.0,0.0,0.0
26731,2023.0,7.0,5.0,15.0,20.304514,21.020794,18.070625,18.086502,19.59182,19.659391,19.13097,19.126902,18.619501,18.564928,20.090916,21.009409,20.21637,20.163187,19.492016,19.415257,18.616888,18.583439,0.0,0.0,0.0,0.0,0.0,0.0,0.0,0.0
26732,2023.0,7.0,5.0,15.0,20.410126,21.103018,18.052574,18.070038,19.303997,19.294271,19.053558,19.0546,18.561052,18.505945,19.659843,20.062449,20.716824,21.268412,19.42698,19.35594,18.47625,18.426865,0.0,0.0,0.0,0.0,4.0,4.0,0.0,0.0
26733,2023.0,7.0,5.0,15.0,19.831656,20.0204,18.04016,18.05864,19.85559,20.396322,18.99416,18.99675,19.252382,19.841547,20.076914,20.857174,20.91136,21.533981,19.374556,19.30647,18.407175,18.355568,0.0,4.0,0.0,4.0,0.0,4.0,0.0,0.0
26734,2023.0,7.0,5.0,15.0,20.22685,20.95882,18.027584,18.047573,20.046387,20.608,18.931986,18.937675,20.096504,21.17738,19.743639,20.138721,20.252502,20.226063,19.32047,19.255941,18.34994,18.300661,0.0,4.0,0.0,0.0,4.0,0.0,0.0,0.0
26735,2023.0,7.0,5.0,15.0,20.36613,21.082233,18.01665,18.038025,19.530062,19.622274,19.552895,20.155464,19.235554,19.377457,20.067635,20.81165,19.993702,19.899002,19.272358,19.211113,19.217173,19.983421,0.0,0.0,4.0,0.0,0.0,0.0,0.0,4.0
26736,2023.0,7.0,5.0,16.0,19.786913,19.985672,18.007439,18.03013,19.888557,20.459665,19.197235,19.302874,18.80441,18.79168,19.44329,19.559652,19.927248,19.83417,19.228516,19.169928,20.110603,21.347223,0.0,4.0,0.0,0.0,0.0,0.0,0.0,0.0
26737,2023.0,7.0,5.0,16.0,20.196156,20.940859,17.998837,18.022558,20.041937,20.612818,19.581747,20.184023,19.419876,20.036377,19.063875,19.030851,19.881107,19.793228,19.18932,19.13364,19.862892,20.673311,0.0,4.0,4.0,4.0,0.0,0.0,0.0,4.0
26738,2023.0,7.0,5.0,16.0,19.686367,19.889542,18.452072,18.878822,20.068947,20.638662,19.132563,19.235523,20.09295,21.136202,19.320507,19.587038,19.863377,19.796526,19.158308,19.105251,20.060986,21.033598,4.0,4.0,0.0,0.0,4.0,0.0,0.0,0.0
26739,2023.0,7.0,5.0,16.0,20.059484,20.761103,20.198654,21.807995,20.094173,20.663673,19.51854,20.105597,19.280111,19.43934,20.088459,20.930866,19.835533,19.775106,19.127,19.077875,19.231293,19.371923,4.0,4.0,4.0,0.0,0.0,0.0,0.0,0.0
26740,2023.0,7.0,5.0,16.0,20.270533,21.00389,19.995852,21.195553,20.116241,20.68651,19.160934,19.274601,19.533548,20.133297,19.440998,19.597073,19.804354,19.747202,19.096903,19.05058,19.695364,20.489367,4.0,4.0,0.0,4.0,0.0,0.0,0.0,4.0
26741,2023.0,7.0,5.0,16.0,19.707575,19.91037,20.02155,21.110369,20.135471,20.7064,18.908333,18.952784,20.07607,20.990377,19.02897,19.005741,19.775797,19.721746,19.069366,19.026,20.052364,20.993563,4.0,4.0,0.0,0.0,0.0,0.0,0.0,0.0
26742,2023.0,7.0,5.0,17.0,20.126268,20.873932,20.03505,21.057556,20.152641,20.723988,19.482374,20.08243,19.325817,19.457443,19.280481,19.570421,19.74986,19.699326,19.044338,19.004353,19.244308,19.372393,0.0,4.0,4.0,0.0,4.0,0.0,0.0,0.0
26743,2023.0,7.0,5.0,17.0,20.285656,21.011847,19.217052,19.410217,20.167255,20.737793,19.695044,20.297829,18.935959,18.935768,20.07425,20.922417,19.72516,19.67724,19.020433,18.983038,19.737265,20.536842,0.0,4.0,4.0,0.0,4.0,0.0,0.0,4.0
26744,2023.0,7.0,5.0,17.0,20.310549,21.031519,18.779247,18.85101,19.632286,19.728819,19.176235,19.283531,18.799274,18.77007,20.01775,20.746058,20.483429,21.140755,18.997728,18.962656,20.006992,20.84833,0.0,0.0,0.0,0.0,0.0,4.0,0.0,4.0
26745,2023.0,7.0,5.0,17.0,19.74752,19.951153,18.62646,18.657629,19.984024,20.563173,18.92706,18.971478,19.446257,20.058546,19.412996,19.530167,20.047136,20.100534,18.975412,18.942533,20.033236,20.883526,0.0,4.0,0.0,4.0,0.0,0.0,0.0,0.0
26746,2023.0,7.0,5.0,17.0,20.151806,20.887197,18.533487,18.557825,19.58907,19.699923,19.490562,20.08216,20.079817,21.026524,19.072386,19.071672,20.55951,21.203953,19.97819,20.859306,19.289518,19.410688,0.0,0.0,4.0,0.0,0.0,4.0,4.0,0.0
26747,2023.0,7.0,5.0,17.0,20.314552,21.038773,18.465834,18.487913,19.304972,19.332176,19.70665,20.308691,19.31282,19.44747,19.298729,19.583252,20.77065,21.425,19.463753,19.562595,18.890778,18.889107,0.0,0.0,4.0,0.0,4.0,4.0,0.0,0.0
26748,2023.0,7.0,5.0,18.0,19.773918,20.001564,18.42219,18.442598,19.855665,20.421675,19.751263,20.348602,19.678818,20.257845,20.09371,20.997078,20.150843,20.208973,20.180355,21.02254,18.782866,18.773336,0.0,4.0,4.0,4.0,0.0,0.0,4.0,0.0
26749,2023.0,7.0,5.0,18.0,21.173035,22.584444,18.811693,19.209433,21.139263,22.5305,21.207026,22.884577,20.053102,20.83744,19.426548,19.604643,21.090265,22.01048,21.214369,22.67538,18.680483,18.653484,4.0,4.0,0.0,0.0,0.0,4.0,0.0,0.0
26750,2023.0,7.0,5.0,18.0,21.016365,22.170858,20.16724,21.508219,21.024683,22.179356,21.019377,22.335066,19.985146,20.619356,18.994688,18.98963,21.020912,21.806152,21.025162,22.158329,18.599136,18.571074,0.0,0.0,0.0,4.0,0.0,0.0,0.0,0.0
26751,2023.0,7.0,5.0,18.0,21.034142,22.120995,19.21415,19.47633,21.011812,22.034096,21.01793,22.19499,20.03585,20.737333,18.868736,18.840885,21.025991,21.751316,20.996483,21.976774,18.53802,18.511702,0.0,4.0,4.0,0.0,0.0,0.0,4.0,0.0
26752,2023.0,7.0,5.0,18.0,21.030912,22.05341,18.653488,18.695847,21.014156,21.9735,21.044176,22.1902,19.373213,19.430857,18.797297,18.767437,21.024563,21.700499,21.042301,22.03515,18.485746,18.460676,0.0,4.0,0.0,0.0,0.0,0.0,0.0,0.0
26753,2023.0,7.0,5.0,18.0,21.059843,22.067547,18.512306,18.515957,21.031301,21.955553,21.082191,22.195051,19.017334,18.972334,18.734362,18.70139,21.051031,21.712906,21.071587,22.031588,18.440147,18.41593,0.0,4.0,0.0,0.0,0.0,0.0,0.0,0.0
26754,2023.0,7.0,5.0,19.0,20.995584,21.895304,18.89616,19.29222,21.010996,21.884766,21.028051,22.054281,18.913086,18.881605,18.686617,18.658867,21.017487,21.628202,21.028107,21.908333,19.370325,20.216421,4.0,4.0,0.0,0.0,0.0,0.0,0.0,4.0
26755,2023.0,7.0,5.0,19.0,21.037405,21.976505,20.158777,21.435947,21.012959,21.861723,21.034248,22.036219,19.600765,20.259027,19.039251,19.367056,21.021,21.620274,21.033087,21.886204,20.082111,21.219135,0.0,4.0,0.0,4.0,4.0,0.0,0.0,0.0
26756,2023.0,7.0,5.0,19.0,21.002317,21.864166,19.506868,19.972872,21.012432,21.838305,21.032824,22.007734,20.054564,20.88988,20.11726,21.16158,21.020578,21.607306,21.028645,21.859114,19.107737,19.19509,4.0,4.0,0.0,0.0,4.0,0.0,0.0,0.0
26757,2023.0,7.0,5.0,19.0,21.036148,21.937374,20.115753,21.169569,21.03806,21.890036,21.03238,21.98516,19.28694,19.328543,20.017015,20.850763,21.020412,21.597244,21.028713,21.843744,18.662868,18.63342,4.0,0.0,0.0,0.0,0.0,0.0,0.0,0.0
26758,2023.0,7.0,5.0,19.0,21.02931,21.906025,20.021053,20.907804,21.006422,21.783735,21.032053,21.966206,18.907272,18.849943,19.277836,19.341427,21.020552,21.589737,21.028559,21.830633,18.545744,18.506403,0.0,4.0,0.0,0.0,0.0,0.0,0.0,0.0
26759,2023.0,7.0,5.0,19.0,21.0029,21.816692,19.242899,19.349382,21.038084,21.851658,21.006216,21.87943,18.81828,18.784254,18.878952,18.816381,21.020414,21.583414,21.02845,21.819782,18.492275,18.467638,0.0,0.0,4.0,0.0,0.0,0.0,0.0,0.0
26760,2023.0,7.0,5.0,20.0,21.007868,21.820509,18.796894,18.763092,21.031845,21.82053,21.037119,21.954082,18.754961,18.723812,18.78554,18.746145,21.020458,21.578947,21.02844,21.810938,19.42324,20.280996,0.0,0.0,0.0,0.0,0.0,0.0,0.0,4.0
26761,2023.0,7.0,5.0,20.0,21.007494,21.815334,18.684767,18.662865,21.005386,21.73088,21.035898,21.928093,18.692467,18.661474,18.72429,18.688921,21.020283,21.57517,21.166199,22.027876,20.088406,21.196043,0.0,4.0,0.0,0.0,0.0,0.0,4.0,0.0
26762,2023.0,7.0,5.0,20.0,21.00803,21.810942,19.051702,19.41436,21.011724,21.733923,21.01047,21.836668,19.384068,20.019413,18.662798,18.631119,21.020708,21.573402,21.016151,21.754923,19.088236,19.136435,4.0,4.0,4.0,4.0,0.0,0.0,0.0,0.0
26763,2023.0,7.0,5.0,20.0,21.035286,21.87911,20.138023,21.26333,21.037357,21.797989,21.015705,21.83599,20.085793,21.06849,18.601593,18.569372,21.020805,21.571783,21.034897,21.787111,18.63194,18.571398,0.0,0.0,4.0,0.0,0.0,0.0,0.0,0.0
26764,2023.0,7.0,5.0,20.0,21.02933,21.852251,19.640388,20.136253,21.031834,21.773365,21.041075,21.898142,19.189293,19.215843,18.548521,18.518806,21.020935,21.570494,21.032581,21.774384,18.505276,18.436693,4.0,0.0,0.0,0.0,0.0,0.0,0.0,0.0
26765,2023.0,7.0,5.0,20.0,21.029926,21.83804,20.096096,21.027199,21.032103,21.759966,21.035526,21.872494,19.48954,20.06116,18.498556,18.468313,21.02079,21.568726,21.032314,21.765753,18.467352,18.440035,4.0,0.0,0.0,4.0,0.0,0.0,0.0,0.0
26766,2023.0,7.0,5.0,21.0,21.002281,21.749123,20.00742,20.77921,20.999945,21.676075,21.036224,21.859037,20.05093,20.887794,18.454374,18.4255,21.020954,21.56712,21.027369,21.758642,19.387077,20.22827,4.0,4.0,0.0,4.0,0.0,0.0,0.0,4.0
26767,2023.0,7.0,5.0,21.0,21.00819,21.755562,20.036266,20.80048,21.013062,21.69255,21.002394,21.771545,20.028864,20.793213,18.83138,19.175253,21.021095,21.564835,21.18764,22.026636,20.09418,21.21544,0.0,4.0,4.0,0.0,4.0,0.0,4.0,0.0
26768,2023.0,7.0,5.0,21.0,21.008205,21.75137,19.254814,19.256435,21.037785,21.755056,21.01695,21.787928,19.838,20.328812,20.149666,21.366592,21.021223,21.56218,21.014055,21.706541,19.0297,19.02495,0.0,0.0,4.0,4.0,4.0,0.0,0.0,0.0
26769,2023.0,7.0,5.0,21.0,21.035995,21.82196,19.187567,19.386837,21.00679,21.65954,21.041706,21.848032,20.034672,20.707489,20.004786,20.911015,21.021324,21.559534,21.03632,21.7472,19.4633,20.172241,4.0,4.0,0.0,4.0,4.0,0.0,0.0,4.0
26770,2023.0,7.0,5.0,21.0,21.03022,21.797287,20.11552,21.000513,21.03917,21.736433,21.036455,21.821266,20.001596,20.608353,20.039747,20.8821,21.021526,21.557226,21.033571,21.7339,20.046076,20.984552,4.0,0.0,0.0,4.0,0.0,0.0,0.0,4.0
26771,2023.0,7.0,5.0,21.0,21.003815,21.709547,20.023335,20.758995,21.007324,21.639881,21.037107,21.805704,20.005707,20.59154,19.14704,19.080551,21.021618,21.554752,21.034153,21.726664,20.036026,20.908098,0.0,4.0,0.0,4.0,0.0,0.0,0.0,0.0
26772,2023.0,7.0,5.0,22.0,21.036968,21.790052,19.216263,19.158304,21.013647,21.64565,21.028496,21.79076,20.036165,20.655462,18.774105,18.700747,21.128973,21.731161,21.186798,21.98434,19.085176,19.007286,0.0,4.0,0.0,0.0,0.0,4.0,4.0,0.0
26773,2023.0,7.0,5.0,22.0,21.03051,21.766516,18.868696,18.787687,21.039074,21.711206,21.029547,21.792152,19.245874,19.111786,18.690226,18.625599,21.008966,21.517788,21.013529,21.667461,18.630657,18.46882,0.0,0.0,0.0,0.0,0.0,0.0,0.0,0.0
26774,2023.0,7.0,5.0,22.0,21.031559,21.757511,18.775167,18.695042,21.033413,21.688213,21.029408,21.790188,18.846848,18.64918,18.93405,19.162039,21.031075,21.54825,21.037268,21.7135,19.28874,19.842361,0.0,0.0,0.0,0.0,4.0,0.0,0.0,4.0
26775,2023.0,7.0,5.0,22.0,21.022547,21.74792,18.69211,18.610428,21.033966,21.677498,21.02934,21.787073,18.698975,18.50029,20.169416,21.26911,21.028532,21.531403,21.034225,21.701971,20.338322,21.58152,0.0,0.0,0.0,0.0,0.0,0.0,0.0,0.0
26776,2023.0,7.0,5.0,22.0,21.02406,21.754505,18.621479,18.53751,21.024729,21.666513,21.029089,21.782312,19.352419,19.845297,19.258802,19.3712,20.998104,21.442114,21.00993,21.607435,19.076061,19.002546,0.0,0.0,0.0,4.0,0.0,4.0,4.0,0.0
26777,2023.0,7.0,5.0,22.0,21.024096,21.755447,18.558731,18.470701,21.02579,21.671251,21.029016,21.77783,20.087341,20.979439,18.747639,18.683275,21.003279,21.453465,21.042496,21.716269,18.587505,18.414545,0.0,0.0,0.0,0.0,0.0,4.0,0.0,0.0
26778,2023.0,7.0,5.0,23.0,21.023588,21.75428,18.506956,18.418463,21.025738,21.671722,21.029154,21.774414,19.132988,19.02617,18.90838,19.088327,21.03377,21.533796,21.03384,21.692991,18.558273,18.493696,0.0,0.0,0.0,0.0,4.0,0.0,0.0,0.0
26779,2023.0,7.0,5.0,23.0,20.407274,20.567938,18.45795,18.365492,20.90903,21.418022,20.283415,20.337711,18.6749,18.473993,18.702503,18.657438,20.279966,20.073425,20.14087,19.968075,19.23525,19.809717,0.0,4.0,0.0,0.0,0.0,0.0,0.0,4.0
26780,2023.0,7.0,5.0,23.0,20.119314,20.167847,18.416616,18.316792,20.860327,21.352106,19.909676,19.803766,18.687786,18.606316,18.555727,18.46882,19.987988,19.690557,19.95128,19.846039,19.340017,19.839655,0.0,4.0,0.0,0.0,0.0,0.0,0.0,4.0
26781,2023.0,7.0,5.0,23.0,20.000143,20.05092,18.3816,18.280241,20.08516,19.900213,19.763172,19.657907,18.645014,18.565083,18.4858,18.398636,20.031681,19.904076,19.840244,19.74634,18.637724,18.477385,0.0,0.0,0.0,0.0,0.0,0.0,0.0,0.0
26782,2023.0,7.0,5.0,23.0,19.897676,19.943134,18.345592,18.239614,19.702726,19.357082,19.639566,19.527689,19.178408,19.616297,18.719814,18.889433,19.991428,19.886105,19.72702,19.63276,18.398464,18.187984,0.0,0.0,0.0,4.0,4.0,0.0,0.0,0.0
26783,2023.0,7.0,5.0,23.0,19.81163,19.85386,18.311745,18.20174,19.530352,19.168205,19.536444,19.421131,18.74335,18.685638,18.476347,18.394962,19.91656,19.804834,19.627619,19.533728,18.293243,18.078337,0.0,0.0,0.0,0.0,0.0,0.0,0.0,0.0
26784,2023.0,7.0,6.0,0.0,19.73272,19.768654,18.278027,18.162407,19.395435,19.022387,19.44221,19.32043,18.434946,18.194975,18.35585,18.252838,19.84514,19.727589,19.531973,19.430428,18.344383,18.264473,0.0,0.0,0.0,0.0,0.0,0.0,0.0,0.0
26785,2023.0,7.0,6.0,0.0,19.668821,19.70626,18.250156,18.133673,19.47794,19.290419,19.36588,19.246704,18.317123,18.06603,18.594273,18.747921,19.784378,19.666977,19.45183,19.351326,19.04611,19.614775,0.0,0.0,0.0,0.0,4.0,0.0,0.0,4.0
26786,2023.0,7.0,6.0,0.0,19.608097,19.644312,18.222448,18.103859,19.472906,19.333374,19.293962,19.173964,18.379368,18.273083,18.370789,18.289955,19.7262,19.60693,19.376345,19.274452,18.389465,18.209816,0.0,0.0,0.0,0.0,0.0,0.0,0.0,0.0
26787,2023.0,7.0,6.0,0.0,19.55127,19.58546,18.650665,18.927048,19.422638,19.28737,19.227623,19.105703,18.366608,18.269493,18.543558,18.691534,19.671288,19.54946,19.305918,19.20178,18.914944,19.351597,4.0,0.0,0.0,0.0,4.0,0.0,0.0,4.0
26788,2023.0,7.0,6.0,0.0,19.49927,19.532106,18.405212,18.384571,19.36826,19.232712,19.167398,19.04439,18.899466,19.304667,18.320702,18.234875,19.620548,19.496824,19.24139,19.135796,18.342419,18.14168,0.0,0.0,0.0,4.0,0.0,0.0,0.0,0.0
26789,2023.0,7.0,6.0,0.0,19.449718,19.479874,18.241955,18.123917,19.314543,19.177107,19.11033,18.984823,18.496088,18.424786,18.197832,18.084007,19.571882,19.445274,19.180073,19.071829,18.122559,17.87643,0.0,0.0,0.0,0.0,0.0,0.0,0.0,0.0
26790,2023.0,7.0,6.0,1.0,19.40254,19.429018,18.189219,18.058193,19.262428,19.121983,19.055782,18.926886,18.185019,17.915966,18.46212,18.626053,19.525309,19.39528,19.121998,19.01056,18.031816,17.782001,0.0,0.0,0.0,0.0,4.0,0.0,0.0,0.0
26791,2023.0,7.0,6.0,1.0,19.359388,19.383738,18.15393,18.019789,19.214586,19.072836,19.006102,18.875828,18.06991,17.787624,18.20033,18.08701,19.482037,19.349667,19.06854,18.955286,18.11352,18.01986,0.0,0.0,0.0,0.0,0.0,0.0,0.0,0.0
26792,2023.0,7.0,6.0,1.0,19.31578,19.335917,18.121029,17.98184,19.166428,19.020912,18.956352,18.822191,18.17103,18.066422,18.416618,18.572855,19.438826,19.302588,19.015926,18.899231,18.090067,17.990349,0.0,0.0,0.0,0.0,4.0,0.0,0.0,0.0
26793,2023.0,7.0,6.0,1.0,19.276157,19.294603,18.092325,17.950384,19.122944,18.97636,18.911657,18.776398,18.152079,18.038977,17.956392,17.638794,19.398886,19.260677,18.96746,18.849352,18.051035,17.9494,0.0,0.0,0.0,0.0,0.0,0.0,0.0,0.0
26794,2023.0,7.0,6.0,1.0,19.233866,19.24645,18.060879,17.91208,19.076122,18.923347,18.863754,18.722136,18.112555,17.994215,17.75898,17.405525,19.356916,19.213573,18.917505,18.794706,18.010004,17.903706,0.0,0.0,0.0,0.0,0.0,0.0,0.0,0.0
26795,2023.0,7.0,6.0,1.0,19.198635,19.211056,18.035885,17.886353,19.038084,18.886389,18.824816,18.684362,18.07785,17.959011,17.87092,17.714184,19.32043,19.176552,19.828531,20.548822,17.97354,17.866772,0.0,0.0,0.0,0.0,0.0,0.0,4.0,0.0
26796,2023.0,7.0,6.0,2.0,19.161186,19.170118,18.007925,17.85454,18.99756,18.842804,18.783092,18.639725,18.040531,17.918732,17.882338,17.745417,19.282219,19.135258,18.998478,18.762,17.935555,17.82599,0.0,0.0,0.0,0.0,0.0,0.0,0.0,0.0
26797,2023.0,7.0,6.0,2.0,19.122618,19.125975,17.978352,17.819128,18.955616,18.794903,18.73967,18.59045,18.001633,17.875011,17.8395,17.697172,19.242895,19.09111,18.69419,18.362293,17.89659,17.7826,0.0,0.0,0.0,0.0,0.0,0.0,0.0,0.0
26798,2023.0,7.0,6.0,2.0,19.088554,19.08973,17.952826,17.79113,18.91885,18.756306,18.70178,18.550846,17.966187,17.837559,17.79962,17.655035,19.20722,19.05337,18.594656,18.26345,17.86111,17.74524,0.0,0.0,0.0,0.0,0.0,0.0,0.0,0.0
26799,2023.0,7.0,6.0,2.0,19.073462,19.090576,17.930204,17.768476,18.885788,18.724405,18.668018,18.518309,17.9334,17.804796,18.057116,18.168774,19.174276,19.020306,18.710518,18.579306,18.562677,19.095478,0.0,0.0,0.0,0.0,4.0,0.0,0.0,4.0
26800,2023.0,7.0,6.0,2.0,19.046436,19.063251,17.905483,17.741106,18.850414,18.687153,18.632315,18.480568,17.899178,17.76856,17.846071,17.71723,19.140118,18.98407,18.697447,18.564203,18.060553,17.988995,0.0,0.0,0.0,0.0,0.0,0.0,0.0,0.0
26801,2023.0,7.0,6.0,2.0,19.01582,19.0298,17.88084,17.71341,18.81535,18.649748,18.597347,18.44299,17.86516,17.732244,17.740171,17.590473,19.106283,18.947876,18.656584,18.520702,18.430286,18.762138,0.0,0.0,0.0,0.0,0.0,0.0,0.0,4.0
26802,2023.0,7.0,6.0,3.0,18.983622,18.993156,17.85431,17.681871,18.778664,18.608427,18.56095,18.401701,17.830208,17.693617,17.693169,17.539087,19.071705,18.90965,18.615551,18.476336,18.595531,18.96894,0.0,0.0,0.0,0.0,0.0,0.0,0.0,4.0
26803,2023.0,7.0,6.0,3.0,19.68473,20.337011,17.834686,17.66423,18.750078,18.582779,18.532866,18.376219,17.80107,17.666233,17.94545,18.04597,19.042887,18.882477,18.579723,18.442446,17.905994,17.622545,0.0,0.0,0.0,0.0,4.0,0.0,0.0,0.0
26804,2023.0,7.0,6.0,3.0,19.220282,19.308283,17.814133,17.643415,18.71954,18.552248,18.502941,18.345985,18.351675,18.726395,18.060915,18.203821,19.013226,18.852465,18.542856,18.405336,17.683987,17.366135,0.0,0.0,0.0,4.0,4.0,0.0,0.0,0.0
26805,2023.0,7.0,6.0,3.0,18.776537,18.527906,17.794228,17.623648,18.689945,18.52301,18.473886,18.317053,17.971157,17.881235,18.093517,18.24092,18.984896,18.824152,18.507261,18.369917,18.339111,18.685177,0.0,0.0,0.0,0.0,4.0,0.0,0.0,4.0
26806,2023.0,7.0,6.0,3.0,18.627953,18.341036,17.774271,17.603186,18.66014,18.49287,18.444681,18.287285,17.821173,17.685425,17.559757,17.196804,18.956667,18.795418,18.471844,18.334032,18.529396,18.89698,0.0,0.0,0.0,0.0,0.0,0.0,0.0,4.0
26807,2023.0,7.0,6.0,3.0,18.782204,18.725471,17.755095,17.584135,18.631681,18.464937,18.417126,18.259895,17.776764,17.641388,17.65707,17.526566,18.929665,18.768684,18.438133,18.300772,17.843847,17.557348,0.0,0.0,0.0,0.0,4.0,0.0,0.0,0.0
26808,2023.0,7.0,6.0,4.0,18.832083,18.835958,17.733658,17.560999,18.600605,18.43144,18.386978,18.227106,17.733946,17.595882,17.697378,17.582739,18.901094,18.738417,18.402924,18.263844,17.617638,17.291641,0.0,0.0,0.0,0.0,4.0,0.0,0.0,0.0
26809,2023.0,7.0,6.0,4.0,18.813282,18.817879,17.71548,17.544514,18.574432,18.40755,18.361332,18.203588,17.699823,17.563532,17.38899,17.023478,18.875967,18.71465,18.371462,18.233845,17.530882,17.21399,0.0,0.0,0.0,0.0,0.0,0.0,0.0,0.0
26810,2023.0,7.0,6.0,4.0,18.789354,18.793905,17.696003,17.525343,18.546513,18.379787,18.333633,18.17607,17.666092,17.529716,17.24336,16.854605,18.850155,18.68894,18.339357,18.201859,17.638937,17.50781,0.0,0.0,0.0,0.0,0.0,0.0,0.0,0.0
26811,2023.0,7.0,6.0,4.0,18.765163,18.770828,17.677294,17.508116,18.520319,18.355257,18.307314,18.151539,18.22589,18.61061,17.391132,17.231958,18.825823,18.665771,18.308954,18.172756,17.630953,17.50588,0.0,0.0,0.0,4.0,0.0,0.0,0.0,0.0
26812,2023.0,7.0,6.0,4.0,18.739761,18.745552,17.657677,17.489405,18.493372,18.329,18.280071,18.125154,17.818262,17.714193,17.408245,17.25761,18.801256,18.641712,18.278309,18.142664,17.600391,17.47664,0.0,0.0,0.0,0.0,0.0,0.0,0.0,0.0
26813,2023.0,7.0,6.0,4.0,18.713446,18.718267,17.63743,17.469324,18.465664,18.301016,18.252073,18.097002,17.479273,17.141268,17.37915,17.227749,18.776657,18.616999,18.247595,18.111797,17.567451,17.443447,0.0,0.0,0.0,0.0,0.0,0.0,0.0,0.0
26814,2023.0,7.0,6.0,5.0,18.687618,18.69205,17.617275,17.449305,18.438139,18.273216,18.224316,18.069056,17.368784,17.026949,17.351696,17.200256,18.753061,18.593548,18.21799,18.08238,17.535421,17.411484,0.0,0.0,0.0,0.0,0.0,0.0,0.0,0.0
26815,2023.0,7.0,6.0,5.0,18.665436,18.672956,17.601336,17.43763,18.41598,18.255867,18.201963,18.051577,18.058908,18.407272,17.32912,17.18201,18.733665,18.577572,18.192656,18.060524,17.508427,17.388115,0.0,0.0,0.0,4.0,0.0,0.0,0.0,0.0
26816,2023.0,7.0,6.0,5.0,18.641768,18.650818,17.584547,17.423693,18.39213,18.234703,18.177923,18.030262,17.72357,17.623892,17.30647,17.161749,18.714321,18.560322,18.167051,18.036806,17.481474,17.362986,0.0,0.0,0.0,0.0,0.0,0.0,0.0,0.0
26817,2023.0,7.0,6.0,5.0,18.619448,18.630686,17.568594,17.410967,18.369331,18.215168,18.154953,18.010592,17.42534,17.122791,17.576897,17.686964,19.43343,19.9384,18.143406,18.015669,17.457085,17.34108,0.0,0.0,0.0,0.0,4.0,4.0,0.0,0.0
26818,2023.0,7.0,6.0,5.0,18.59701,18.609953,17.552757,17.397974,18.346514,18.195086,18.131926,17.990349,17.318804,17.004091,17.713919,17.871666,18.940428,18.85524,18.12073,17.995121,17.434147,17.320223,0.0,0.0,0.0,0.0,4.0,0.0,0.0,0.0
26819,2023.0,7.0,6.0,5.0,18.57489,18.58974,17.537651,17.385708,18.324385,18.175856,18.10964,17.97099,18.066788,18.490696,17.767536,17.932943,18.593336,18.250748,18.099695,17.97647,17.413322,17.301743,0.0,0.0,0.0,4.0,4.0,0.0,0.0,0.0
26820,2023.0,7.0,6.0,6.0,18.552814,18.569454,17.522987,17.373669,18.30234,18.156586,18.78951,19.269978,18.339264,18.819128,17.286049,16.97728,18.486252,18.128557,18.079979,17.959059,17.394262,17.284946,0.0,0.0,4.0,4.0,0.0,0.0,0.0,0.0
26821,2023.0,7.0,6.0,6.0,21.28487,23.385513,17.511778,17.368195,21.261559,23.422926,21.268675,23.505674,20.263899,22.120192,17.111591,16.776276,21.247478,22.980099,21.461712,23.776825,17.379887,17.275349,0.0,0.0,0.0,0.0,0.0,0.0,0.0,0.0
26822,2023.0,7.0,6.0,6.0,20.978104,22.486279,17.501183,17.363945,21.005754,22.585648,21.02861,22.689949,18.553602,18.481686,17.55328,17.686111,21.011797,22.36407,21.000906,22.670004,17.37021,17.270617,0.0,0.0,0.0,0.0,4.0,0.0,0.0,0.0
26823,2023.0,7.0,6.0,6.0,21.02464,22.414227,17.899683,18.12476,21.049253,22.469837,21.064274,22.546282,18.34367,18.563105,20.286102,22.321295,21.042421,22.2534,21.01405,22.461025,17.365982,17.271736,4.0,0.0,0.0,4.0,4.0,0.0,4.0,0.0
26824,2023.0,7.0,6.0,6.0,21.056679,22.366528,20.264675,22.145079,21.017414,22.253069,21.044039,22.388058,20.250511,21.836885,20.008947,21.486143,21.03642,22.117298,21.023588,22.32181,17.365993,17.277105,4.0,4.0,0.0,0.0,0.0,0.0,4.0,0.0
26825,2023.0,7.0,6.0,6.0,21.022186,22.181717,20.007898,21.353119,21.021883,22.175304,21.0451,22.305798,18.73256,18.649563,19.091818,19.490902,21.035017,22.022436,21.059397,22.31042,17.368921,17.285347,4.0,4.0,0.0,0.0,4.0,0.0,0.0,0.0
26826,2023.0,7.0,6.0,7.0,21.165695,22.425388,20.16799,21.489607,21.161825,22.389702,21.18131,22.517042,18.849192,19.341906,20.21917,21.649813,21.142673,22.167976,21.186047,22.473345,17.37407,17.295834,4.0,0.0,0.0,4.0,0.0,0.0,0.0,0.0
26827,2023.0,7.0,6.0,7.0,21.01843,22.057293,20.050901,21.141676,21.023792,22.026056,21.042198,22.18974,20.127598,21.42435,19.133776,19.31829,21.031816,21.889435,21.048403,22.123692,17.381344,17.30883,0.0,4.0,0.0,4.0,4.0,0.0,0.0,0.0
26828,2023.0,7.0,6.0,7.0,21.023651,22.036486,19.203512,19.39909,21.02846,21.993214,21.041851,22.155474,20.209637,21.457998,20.225952,21.478596,21.030844,21.845568,21.047201,22.067863,17.390358,17.323637,4.0,4.0,0.0,0.0,0.0,0.0,0.0,0.0
26829,2023.0,7.0,6.0,7.0,21.26528,22.498238,20.192242,21.381641,21.249756,22.406073,21.293308,22.612453,19.490572,19.905235,18.969193,18.903812,21.337646,22.410244,21.256163,22.462193,18.323618,19.082592,0.0,4.0,4.0,4.0,0.0,4.0,0.0,4.0
26830,2023.0,7.0,6.0,7.0,21.020195,21.985018,19.33534,19.581076,21.050453,21.998383,21.04474,22.112904,20.101768,21.095863,18.441854,18.326733,21.033113,21.788563,21.036274,21.994457,20.23502,22.137259,4.0,0.0,0.0,4.0,0.0,0.0,0.0,0.0
26831,2023.0,7.0,6.0,7.0,21.207293,22.368176,20.173653,21.297777,21.203316,22.282194,21.245335,22.458588,20.003532,20.825571,18.746407,18.98936,21.157085,21.995966,21.26136,22.427032,18.575094,18.60182,0.0,0.0,4.0,4.0,4.0,0.0,0.0,0.0
26832,2023.0,7.0,6.0,8.0,21.01293,21.939297,19.041971,19.008839,21.01803,21.868862,21.026672,21.994556,20.355043,21.473906,20.161306,21.402784,21.034246,21.714867,21.034548,21.95134,17.85727,17.6941,0.0,4.0,4.0,4.0,4.0,0.0,0.0,0.0
26833,2023.0,7.0,6.0,8.0,20.572851,21.090107,18.968037,19.25778,20.486227,20.843945,19.888977,19.82954,20.00994,20.734653,20.025612,20.99435,20.812761,21.235302,20.986023,21.803144,17.820152,17.743927,4.0,4.0,0.0,4.0,0.0,4.0,4.0,0.0
26834,2023.0,7.0,6.0,8.0,19.795706,19.79755,20.133581,21.275644,20.236149,20.570652,19.25047,19.031654,20.009718,20.706913,19.038067,18.993334,20.07027,19.905497,20.79127,21.4352,17.807869,17.746292,4.0,4.0,0.0,4.0,0.0,0.0,4.0,0.0
26835,2023.0,7.0,6.0,8.0,20.09299,20.612587,20.028702,20.982943,19.621418,19.505547,19.0308,18.81083,20.00855,20.683191,18.856226,18.964481,20.456936,20.867329,19.862143,19.752846,17.77613,17.71819,0.0,0.0,0.0,4.0,4.0,4.0,0.0,0.0
26836,2023.0,7.0,6.0,8.0,19.631119,19.675144,19.066576,19.072622,19.251192,19.047274,19.006083,18.916105,20.478304,21.61364,20.16994,21.285976,20.649117,21.110369,20.362024,21.00772,17.748285,17.692698,0.0,0.0,0.0,4.0,0.0,4.0,4.0,0.0
26837,2023.0,7.0,6.0,8.0,19.309387,19.288774,18.52078,18.370707,19.718573,20.06203,19.614132,20.135565,20.035595,20.714937,19.153652,19.184254,20.015406,19.9048,19.734743,19.66583,17.726147,17.672613,0.0,4.0,4.0,0.0,0.0,0.0,0.0,0.0
26838,2023.0,7.0,6.0,9.0,19.873085,20.45968,18.440134,18.366653,19.911283,20.327038,19.153536,19.118797,19.260653,19.209394,18.680046,18.605064,19.695957,19.495977,20.28522,20.97701,17.709658,17.657665,0.0,4.0,0.0,0.0,0.0,0.0,4.0,0.0
26839,2023.0,7.0,6.0,9.0,19.415731,19.516666,18.395163,18.344454,19.37686,19.332441,18.882215,18.747004,18.94264,18.777393,18.961342,19.197397,19.61636,19.419125,19.592281,19.548592,17.7012,17.650194,0.0,0.0,0.0,0.0,4.0,0.0,0.0,0.0
26840,2023.0,7.0,6.0,9.0,19.193554,19.213207,18.334303,18.291254,19.121737,18.98152,19.422684,19.857412,18.819416,18.65928,20.118134,21.219976,20.306265,20.778427,19.299128,19.145966,17.695177,17.64516,0.0,0.0,4.0,0.0,4.0,4.0,0.0,0.0
26841,2023.0,7.0,6.0,9.0,19.790451,20.42615,18.270844,18.234184,19.646458,20.077324,19.616158,20.093262,19.499107,20.04551,20.00488,20.855013,19.897821,19.830683,19.176645,19.030119,17.690834,17.641647,0.0,4.0,4.0,4.0,4.0,0.0,0.0,0.0
26842,2023.0,7.0,6.0,9.0,19.375648,19.492224,18.215378,18.18363,19.841467,20.318674,19.643028,20.13206,20.0737,20.912775,20.034271,20.835958,19.637075,19.48378,19.09965,18.96438,17.68973,17.6412,0.0,4.0,4.0,0.0,0.0,0.0,0.0,0.0
26843,2023.0,7.0,6.0,9.0,19.109888,19.172043,18.169394,18.143375,19.871296,20.359968,19.112005,19.13354,19.294636,19.332773,19.299677,19.354065,20.304003,20.80651,19.086203,19.004576,17.69146,17.643637,0.0,4.0,0.0,0.0,0.0,4.0,0.0,0.0
26844,2023.0,7.0,6.0,10.0,19.72232,20.38401,18.579622,18.94306,19.894503,20.395454,18.882437,18.825386,18.979473,18.871609,18.969368,18.85221,20.544573,21.132118,20.081411,20.916689,18.618927,19.39235,4.0,4.0,0.0,0.0,0.0,4.0,4.0,4.0
26845,2023.0,7.0,6.0,10.0,19.886562,20.575512,20.185276,21.697699,19.909365,20.41511,18.789095,18.73443,18.89946,18.815254,19.267887,19.505535,20.628946,21.218569,19.436153,19.486622,20.19823,21.99619,4.0,4.0,0.0,0.0,4.0,4.0,0.0,0.0
26846,2023.0,7.0,6.0,10.0,19.34024,19.507223,20.01784,21.188208,19.923208,20.433037,18.715372,18.669165,18.830713,18.75076,20.091028,20.929007,20.028324,20.022642,19.060722,18.974356,19.513021,20.318422,0.0,4.0,0.0,0.0,0.0,0.0,0.0,4.0
26847,2023.0,7.0,6.0,10.0,19.072502,19.17099,19.392038,19.83834,19.380936,19.416119,19.369997,19.961689,18.767946,18.688925,19.431364,19.564852,19.739162,19.615177,18.975475,18.8791,20.135386,21.5243,4.0,0.0,4.0,0.0,0.0,0.0,0.0,0.0
26848,2023.0,7.0,6.0,10.0,19.668636,20.356411,20.1256,21.26343,19.705538,20.20193,19.006311,19.08862,19.426138,19.975842,19.013569,18.957586,19.66417,19.533007,19.905415,20.6683,18.992899,19.151337,4.0,4.0,0.0,4.0,0.0,0.0,4.0,0.0
26849,2023.0,7.0,6.0,10.0,19.277748,19.442951,20.022812,20.989153,19.87812,20.406013,18.704245,18.690777,20.040997,20.878502,18.876556,18.790613,19.62897,19.499723,19.415709,19.454376,18.408827,18.35462,0.0,4.0,0.0,4.0,0.0,0.0,0.0,0.0
26850,2023.0,7.0,6.0,11.0,19.02494,19.13838,19.52693,19.954971,19.900782,20.431124,19.276932,19.829597,20.0255,20.788334,18.817556,18.730703,19.642893,19.554716,20.063053,20.856623,19.148083,19.862743,4.0,4.0,4.0,0.0,0.0,0.0,4.0,4.0
26851,2023.0,7.0,6.0,11.0,18.960325,19.076237,20.12166,21.148378,19.926409,20.463411,19.490866,20.056604,19.344696,19.413214,18.77378,18.687258,19.642012,19.5608,19.495132,19.539587,20.126854,21.415253,0.0,4.0,4.0,0.0,0.0,0.0,0.0,0.0
26852,2023.0,7.0,6.0,11.0,18.938723,19.079432,19.618746,20.079903,19.40871,19.487104,18.991863,19.08602,19.6828,20.228981,19.099148,19.32857,20.387262,20.985964,19.159643,19.097174,19.073921,19.233694,4.0,0.0,0.0,4.0,4.0,4.0,0.0,0.0
26853,2023.0,7.0,6.0,11.0,19.65421,20.4543,20.103407,21.014402,19.80587,20.345964,19.429098,20.004725,20.050932,20.836823,20.114754,21.092882,19.926138,19.966402,19.080458,19.007586,18.671473,18.62378,0.0,4.0,4.0,0.0,0.0,0.0,0.0,0.0
26854,2023.0,7.0,6.0,11.0,19.846096,20.582758,19.670412,20.11712,19.96415,20.524979,19.606565,20.191046,19.389864,19.481812,19.411503,19.582169,20.45168,21.066767,19.039394,18.972626,18.517368,18.45708,4.0,4.0,4.0,0.0,0.0,4.0,0.0,0.0
26855,2023.0,7.0,6.0,11.0,19.895288,20.630997,20.089005,20.936092,19.985645,20.55163,19.64164,20.229572,19.116455,19.059803,19.074732,19.019321,19.974182,20.039846,19.013153,18.949808,19.345728,20.087517,0.0,4.0,4.0,0.0,0.0,0.0,0.0,4.0
26856,2023.0,7.0,6.0,12.0,19.965588,20.716461,19.371883,19.531067,20.010014,20.582895,19.117384,19.223026,19.71081,20.27241,18.957952,18.884756,20.491755,21.120579,18.987345,18.925922,20.086145,21.222122,0.0,4.0,0.0,4.0,0.0,4.0,0.0,0.0
26857,2023.0,7.0,6.0,12.0,21.146477,22.741959,19.379564,19.790361,21.143631,22.553091,21.241152,23.119595,20.038338,20.721216,18.907797,18.83454,21.037312,21.922674,21.370495,23.080652,19.170721,19.337296,4.0,4.0,4.0,0.0,0.0,4.0,4.0,0.0
26858,2023.0,7.0,6.0,12.0,20.998028,22.307043,20.100842,21.059853,20.99996,22.146013,21.016472,22.471296,19.393084,19.415934,19.269163,19.548557,21.024294,21.817457,21.011206,22.261154,18.686872,18.671473,0.0,4.0,0.0,0.0,4.0,0.0,0.0,0.0
26859,2023.0,7.0,6.0,12.0,21.01674,22.249456,19.341372,19.523266,21.017859,22.100416,21.04464,22.385225,19.831684,20.419273,20.089045,20.919,21.022192,21.73491,21.03651,22.172115,18.578686,18.563368,0.0,4.0,0.0,4.0,0.0,0.0,0.0,0.0
26860,2023.0,7.0,6.0,12.0,21.013193,22.17589,18.903065,18.948559,21.01446,22.037487,21.03951,22.27798,20.02235,20.62461,19.483236,19.634539,21.020712,21.673208,21.031637,22.062155,18.489826,18.439932,0.0,4.0,0.0,0.0,0.0,0.0,0.0,0.0
26861,2023.0,7.0,6.0,12.0,21.039467,22.199186,19.216988,19.64078,21.013693,21.995247,21.010778,22.13829,19.454872,19.485033,19.105701,19.064592,21.020346,21.626299,20.993288,21.886175,18.434237,18.384558,4.0,4.0,4.0,0.0,0.0,0.0,4.0,0.0
26862,2023.0,7.0,6.0,13.0,21.031954,22.141476,20.120605,21.182552,21.012732,21.962646,21.043713,22.178291,19.214966,19.193268,19.00333,18.943316,21.017946,21.589748,21.037958,21.960684,18.40063,18.35461,0.0,4.0,0.0,0.0,0.0,0.0,0.0,0.0
26863,2023.0,7.0,6.0,13.0,21.004221,22.03127,19.668558,20.177944,21.012142,21.937054,21.036469,22.125069,19.11302,19.05587,18.965843,18.905994,21.017534,21.564299,21.028353,21.90265,18.371775,18.327364,4.0,4.0,0.0,0.0,0.0,0.0,0.0,0.0
26864,2023.0,7.0,6.0,13.0,21.037888,22.096157,20.093475,21.040817,21.037577,21.987528,21.036703,22.093622,19.81504,20.442951,18.935549,18.876186,21.017607,21.545725,21.02883,21.872198,18.346287,18.303818,0.0,0.0,0.0,4.0,0.0,0.0,0.0,0.0
26865,2023.0,7.0,6.0,13.0,21.030882,22.057817,19.3786,19.592878,21.005737,21.880882,21.033667,22.066292,20.019028,20.635342,18.909441,18.852234,21.017193,21.531067,21.028597,21.847523,18.323544,18.283329,0.0,4.0,0.0,0.0,0.0,0.0,0.0,0.0
26866,2023.0,7.0,6.0,13.0,21.00364,21.961895,18.94909,19.011427,21.03713,21.948565,21.033457,22.047428,19.453371,19.496473,18.884998,18.830095,21.017107,21.520962,21.026295,21.827745,18.302774,18.264935,0.0,0.0,0.0,0.0,0.0,0.0,0.0,0.0
26867,2023.0,7.0,6.0,13.0,21.018076,21.978872,18.789238,18.815317,21.020807,21.866959,21.025436,21.985779,19.203327,19.186207,18.860083,18.806398,21.037142,21.552067,21.054888,21.869398,18.283636,18.248001,0.0,4.0,4.0,0.0,0.0,0.0,0.0,0.0
26868,2023.0,7.0,6.0,14.0,21.03445,22.022778,18.713419,18.747364,21.008974,21.843313,21.038757,22.028498,19.852507,20.47233,18.839088,18.78951,21.292475,22.00682,21.022327,21.793846,18.267422,18.23482,0.0,4.0,0.0,4.0,0.0,4.0,0.0,0.0
26869,2023.0,7.0,6.0,14.0,20.2574,20.512533,19.088028,19.508085,20.24599,20.40036,20.682192,21.298775,20.01781,20.618866,18.81877,18.773052,20.668917,20.75561,20.303806,20.401785,18.253178,18.224304,4.0,0.0,4.0,0.0,0.0,0.0,0.0,0.0
26870,2023.0,7.0,6.0,14.0,19.878494,20.068815,20.11386,21.223316,19.833551,19.886602,19.980345,20.113688,19.480759,19.545513,18.79994,18.757713,21.09345,21.73372,19.884733,19.843771,18.240189,18.214691,4.0,0.0,0.0,0.0,0.0,4.0,0.0,0.0
26871,2023.0,7.0,6.0,14.0,20.433586,21.226528,19.99772,20.888248,20.313087,20.910868,19.638618,19.706648,19.234634,19.23924,18.783634,18.745234,20.60322,20.68417,19.725365,19.67949,18.226988,18.204605,4.0,4.0,0.0,0.0,0.0,0.0,0.0,0.0
26872,2023.0,7.0,6.0,14.0,20.570225,21.337103,20.030472,20.900345,19.904089,20.02936,19.492613,19.558558,19.125887,19.091576,18.76968,18.73508,20.29284,20.257055,19.626,19.581522,18.214075,18.19451,0.0,0.0,0.0,0.0,0.0,0.0,0.0,0.0
26873,2023.0,7.0,6.0,14.0,19.99243,20.248528,19.725725,20.237715,20.259638,20.876617,19.357199,19.394087,19.05987,19.024872,19.1296,19.424711,20.203003,20.168568,19.545752,19.504433,18.20257,18.185476,4.0,4.0,0.0,0.0,4.0,0.0,0.0,0.0
26874,2023.0,7.0,6.0,15.0,20.454304,21.242048,20.073526,20.900778,20.357735,20.979834,19.948515,20.575462,19.023806,18.989996,20.111525,21.118393,20.148567,20.105734,19.490545,19.451101,18.194101,18.178762,0.0,4.0,4.0,0.0,0.0,0.0,0.0,0.0
26875,2023.0,7.0,6.0,15.0,20.590302,21.364628,19.805681,20.321268,19.840654,19.994932,20.146267,20.785116,18.992382,18.96227,19.423088,19.621078,20.102211,20.060764,19.436964,19.401073,18.188812,18.175919,4.0,0.0,4.0,0.0,0.0,0.0,0.0,0.0
26876,2023.0,7.0,6.0,15.0,20.60347,21.375986,20.042393,20.768366,20.262922,20.89367,20.175985,20.816092,18.97256,18.944729,19.11401,19.104918,20.073185,20.033104,19.39967,19.365747,18.18803,18.177221,4.0,4.0,4.0,0.0,0.0,0.0,0.0,0.0
26877,2023.0,7.0,6.0,15.0,20.031097,20.292406,20.002653,20.678217,19.863428,20.023895,20.205517,20.850079,18.954971,18.929853,19.021412,18.997074,20.046143,20.008343,19.363504,19.332392,18.190063,18.181131,4.0,0.0,4.0,0.0,0.0,0.0,0.0,0.0
26878,2023.0,7.0,6.0,15.0,19.773462,19.998869,20.025442,20.727781,19.598614,19.698381,19.667791,19.827694,18.941133,18.918211,18.98727,18.963486,20.023256,19.987099,19.33227,19.30307,18.194601,18.187387,0.0,0.0,0.0,0.0,0.0,0.0,0.0,0.0
26879,2023.0,7.0,6.0,15.0,19.703259,19.945492,19.521034,19.745039,19.517248,19.620214,19.423769,19.54792,19.641335,20.250782,18.967653,18.946405,20.004442,19.970432,19.306408,19.279682,18.199553,18.193972,0.0,0.0,0.0,4.0,0.0,0.0,0.0,0.0
26880,2023.0,7.0,6.0,16.0,20.303381,21.114344,19.30427,19.452124,20.090546,20.736176,19.991013,20.674599,20.019928,20.776903,18.95745,18.938437,19.990507,19.958307,19.287336,19.262587,18.204348,18.20075,0.0,4.0,4.0,4.0,0.0,0.0,0.0,0.0
26881,2023.0,7.0,6.0,16.0,20.506943,21.317377,19.553448,19.998209,20.296711,20.954926,19.627708,19.835419,20.103407,20.828215,19.300976,19.594894,20.724012,21.36543,20.278255,21.155392,18.208063,18.205193,4.0,4.0,0.0,4.0,4.0,4.0,4.0,0.0
26882,2023.0,7.0,6.0,16.0,19.961336,20.25176,20.054039,20.850304,20.341555,20.99788,20.06328,20.751953,20.006525,20.619217,20.089598,20.950071,20.306185,20.436625,20.614386,21.563768,18.211435,18.209618,4.0,4.0,4.0,0.0,0.0,0.0,4.0,0.0
26883,2023.0,7.0,6.0,16.0,20.360815,21.16419,19.998476,20.691038,20.383379,21.038372,20.21076,20.879253,19.572634,19.73863,19.503384,19.685791,20.080898,20.110775,19.87892,20.044731,18.214905,18.214283,4.0,4.0,4.0,0.0,0.0,0.0,0.0,0.0
26884,2023.0,7.0,6.0,16.0,19.967825,20.271915,20.02364,20.725477,20.419323,21.073605,19.687176,19.879988,19.33225,19.398687,19.153002,19.163527,20.802126,21.5015,19.545282,19.594158,18.218517,18.219395,0.0,4.0,0.0,0.0,0.0,4.0,0.0,0.0
26885,2023.0,7.0,6.0,16.0,19.73367,19.989227,19.890303,20.419222,20.451244,21.105127,20.038948,20.700453,19.26525,19.325266,19.06838,19.060974,20.396336,20.533243,19.470026,19.510149,18.22133,18.223938,4.0,4.0,4.0,0.0,0.0,0.0,0.0,0.0
26886,2023.0,7.0,6.0,17.0,19.676521,19.9287,20.041946,20.716354,20.476812,21.130854,19.595789,19.780619,19.171991,19.1664,19.043392,19.035372,20.20895,20.232426,19.442673,19.484962,18.223251,18.22775,0.0,4.0,0.0,0.0,0.0,0.0,0.0,0.0
26887,2023.0,7.0,6.0,17.0,19.576033,19.772831,19.56451,19.778193,20.501343,21.152946,19.967363,20.621668,19.112488,19.101954,19.019648,19.01344,20.145952,20.165537,19.363745,19.353588,18.223639,18.229237,0.0,4.0,4.0,0.0,0.0,0.0,0.0,0.0
26888,2023.0,7.0,6.0,17.0,20.239077,21.060852,19.308804,19.39275,20.520638,21.169971,20.101868,20.775408,19.789215,20.404606,19.002552,18.997847,20.07833,20.060852,19.325283,19.31191,18.223177,18.229937,0.0,4.0,4.0,4.0,0.0,0.0,0.0,0.0
26889,2023.0,7.0,6.0,17.0,19.824106,20.139248,19.192726,19.255507,20.539192,21.186293,20.156586,20.825672,20.02989,20.734943,18.985563,18.982862,20.040083,20.019413,20.308899,21.195194,18.222857,18.230934,0.0,4.0,4.0,0.0,0.0,0.0,4.0,0.0
26890,2023.0,7.0,6.0,17.0,20.206827,20.99024,19.108765,19.170391,20.55979,21.204775,19.659788,19.85494,19.54814,19.724447,18.966574,18.965933,20.770803,21.435389,20.726631,21.662235,18.222858,18.232418,0.0,4.0,0.0,0.0,0.0,4.0,4.0,0.0
26891,2023.0,7.0,6.0,17.0,20.372925,21.18112,19.482073,19.915522,20.577724,21.220808,19.472458,19.605324,20.012608,20.656351,18.951061,18.952154,20.339539,20.487942,19.965765,20.132723,19.131083,19.949797,4.0,4.0,0.0,4.0,0.0,0.0,0.0,4.0
26892,2023.0,7.0,6.0,18.0,19.858837,20.151588,20.05904,20.878077,20.59564,21.236963,19.401619,19.530079,20.003986,20.58068,18.935478,18.9381,20.150503,20.180878,19.700281,19.742138,20.127638,21.54656,4.0,4.0,0.0,0.0,0.0,0.0,0.0,0.0
26893,2023.0,7.0,6.0,18.0,21.191032,22.609413,20.014942,20.734785,21.057669,22.027992,21.199661,22.712948,19.60003,19.762531,18.918875,18.922297,21.182705,22.06621,21.304632,22.6256,19.871588,20.782784,0.0,4.0,4.0,0.0,0.0,0.0,0.0,4.0
26894,2023.0,7.0,6.0,18.0,20.995596,22.089968,19.85702,20.357944,21.02254,21.918453,20.975744,22.106518,19.352053,19.409815,18.9028,18.906153,21.003494,21.650238,20.998554,21.951525,20.07204,21.147093,4.0,0.0,4.0,0.0,0.0,0.0,0.0,0.0
26895,2023.0,7.0,6.0,18.0,21.00551,22.003096,20.02666,20.682228,21.027374,21.878746,21.043415,22.157028,19.234327,19.234474,18.889566,18.893854,21.02053,21.633055,21.032827,21.94282,19.250813,19.448757,4.0,0.0,0.0,0.0,0.0,0.0,0.0,0.0
26896,2023.0,7.0,6.0,18.0,21.03074,22.020012,20.000257,20.602724,21.025629,21.836758,21.004416,21.981882,19.919012,20.58675,18.876953,18.881666,21.016647,21.587261,21.024542,21.868826,19.783155,20.674625,4.0,0.0,4.0,4.0,0.0,0.0,0.0,4.0
26897,2023.0,7.0,6.0,18.0,20.994432,21.883455,20.022018,20.641048,21.024446,21.804592,21.009483,21.940434,19.99434,20.54595,18.865267,18.870192,21.252815,21.9863,21.023706,21.825302,20.034122,20.951872,0.0,0.0,4.0,0.0,0.0,4.0,0.0,0.0
26898,2023.0,7.0,6.0,19.0,21.03273,21.949928,19.915974,20.391588,20.99595,21.706959,21.008581,21.901007,20.230831,20.924038,18.854618,18.86012,20.97857,21.44538,21.233103,22.15444,20.089895,20.936193,4.0,4.0,4.0,4.0,0.0,0.0,4.0,4.0
26899,2023.0,7.0,6.0,19.0,20.994308,21.82541,20.041132,20.652708,21.032085,21.783195,21.03541,21.943398,19.974588,20.41448,18.841436,18.844864,21.254856,21.945637,20.987572,21.682688,20.014908,20.78837,0.0,0.0,0.0,0.0,0.0,4.0,0.0,0.0
26900,2023.0,7.0,6.0,19.0,21.002916,21.821888,19.92698,20.388853,20.997313,21.678547,21.02858,21.899225,19.593874,19.669739,18.828354,18.831348,21.314188,21.978111,21.029917,21.750042,20.157307,20.984953,4.0,4.0,0.0,0.0,0.0,4.0,0.0,4.0
26901,2023.0,7.0,6.0,19.0,21.00109,21.804327,20.018087,20.573017,21.004362,21.682123,21.002237,21.79834,19.392584,19.411268,19.245134,19.633907,20.981377,21.381454,21.023777,21.725018,20.00374,20.688002,4.0,4.0,4.0,0.0,4.0,0.0,0.0,0.0
26902,2023.0,7.0,6.0,19.0,21.029518,21.867977,20.001232,20.526325,21.003729,21.67298,21.008112,21.792212,20.04374,20.711824,20.110603,21.044546,21.256231,21.898691,21.025152,21.714865,19.380985,19.47278,4.0,4.0,4.0,4.0,0.0,4.0,0.0,0.0
26903,2023.0,7.0,6.0,19.0,20.995865,21.760561,20.021547,20.569971,21.003902,21.665531,21.007551,21.777308,19.98841,20.45466,19.425373,19.579546,20.985762,21.376743,21.023413,21.70431,19.072361,19.094866,0.0,4.0,4.0,0.0,0.0,0.0,0.0,0.0
26904,2023.0,7.0,6.0,20.0,21.029898,21.83563,19.929777,20.354834,21.030212,21.729898,21.00773,21.765383,19.558147,19.609362,19.049019,19.05571,21.021112,21.456722,21.02341,21.69796,18.951073,18.96654,4.0,0.0,4.0,0.0,0.0,0.0,0.0,0.0
26905,2023.0,7.0,6.0,20.0,20.996082,21.729622,20.016941,20.529663,20.998463,21.630898,21.03388,21.825382,20.049263,20.678167,19.351995,19.69663,21.017641,21.452839,21.295332,22.175295,18.845287,18.834343,4.0,4.0,0.0,4.0,4.0,0.0,4.0,0.0
26906,2023.0,7.0,6.0,20.0,21.029726,21.806831,20.020391,20.538752,21.004965,21.634071,21.028202,21.795006,19.992615,20.444437,20.096436,20.930222,21.018808,21.455935,20.984642,21.580217,18.76438,18.750483,0.0,4.0,0.0,0.0,0.0,0.0,0.0,0.0
26907,2023.0,7.0,6.0,20.0,20.99535,21.70189,19.537256,19.59352,21.030787,21.697163,21.028744,21.776949,19.519243,19.519638,19.764132,20.161276,21.01646,21.457666,21.031729,21.678183,18.699995,18.68511,0.0,0.0,0.0,0.0,4.0,0.0,0.0,0.0
26908,2023.0,7.0,6.0,20.0,21.00308,21.707952,19.69318,20.043026,21.024992,21.670437,21.02865,21.75931,19.27961,19.231983,20.07921,20.785284,21.016773,21.463106,21.025955,21.664766,18.64419,18.62963,4.0,0.0,0.0,0.0,0.0,0.0,0.0,0.0
26909,2023.0,7.0,6.0,20.0,21.029821,21.77455,20.036417,20.591204,21.026226,21.656918,21.024765,21.744848,19.20782,19.182785,19.429783,19.47208,21.01711,21.46736,21.027277,21.66321,19.553562,20.399797,4.0,0.0,0.0,0.0,0.0,0.0,0.0,4.0
26910,2023.0,7.0,6.0,21.0,20.994915,21.669989,19.999676,20.485106,20.998602,21.567673,20.997555,21.662943,19.14658,19.12008,19.059938,18.987917,21.017223,21.470297,21.023397,21.658812,20.061882,21.04778,4.0,4.0,4.0,0.0,0.0,0.0,0.0,0.0
26911,2023.0,7.0,6.0,21.0,21.032482,21.75606,20.025978,20.529268,21.006859,21.577627,21.036892,21.748838,19.84993,20.50392,18.983631,18.949043,21.25101,21.895288,21.024246,21.661022,19.932068,20.627274,0.0,4.0,0.0,4.0,0.0,4.0,0.0,4.0
26912,2023.0,7.0,6.0,21.0,21.025164,21.725464,19.477835,19.452492,21.032454,21.643097,21.029749,21.718094,19.992094,20.534927,19.300974,19.603374,21.177135,21.673773,21.284826,22.12114,20.013977,20.763775,0.0,0.0,0.0,4.0,4.0,4.0,4.0,4.0
26913,2023.0,7.0,6.0,21.0,21.025711,21.710903,19.149384,19.013563,21.02733,21.619362,21.030851,21.703627,20.030123,20.583515,20.106064,20.9541,21.010942,21.420088,20.991545,21.558891,19.996805,20.682985,0.0,0.0,0.0,0.0,0.0,0.0,0.0,4.0
26914,2023.0,7.0,6.0,21.0,21.019735,21.697163,19.552345,19.869205,21.028261,21.606861,21.024033,21.68852,19.384102,19.295269,19.38777,19.462147,21.025095,21.450836,21.126993,21.789885,20.036577,20.753853,4.0,0.0,0.0,0.0,0.0,0.0,4.0,0.0
26915,2023.0,7.0,6.0,21.0,21.067211,21.755323,20.059881,20.69014,21.021187,21.594097,21.024946,21.68641,19.061834,18.912155,18.997116,18.948109,21.024122,21.446688,21.017344,21.60226,19.217258,19.136444,0.0,0.0,0.0,0.0,0.0,0.0,0.0,0.0
26916,2023.0,7.0,6.0,22.0,20.996206,21.607058,19.516941,19.580887,20.998756,21.527693,21.025202,21.682426,18.934885,18.765396,18.879992,18.822187,21.024876,21.444344,21.032461,21.63139,19.736986,20.403046,0.0,4.0,0.0,0.0,0.0,0.0,0.0,4.0
26917,2023.0,7.0,6.0,22.0,21.005775,21.623144,19.649769,19.999067,21.036825,21.611265,21.024647,21.676702,18.95831,18.898705,18.797348,18.732893,21.017824,21.440845,21.105413,21.724377,20.049408,20.792538,4.0,0.0,0.0,0.0,0.0,0.0,4.0,0.0
26918,2023.0,7.0,6.0,22.0,21.03313,21.693865,20.047216,20.615915,21.029053,21.582115,21.025002,21.672556,19.539505,20.0134,18.727615,18.65963,21.019026,21.44941,21.023453,21.600224,19.191076,19.08509,4.0,0.0,0.0,4.0,0.0,0.0,0.0,0.0
26919,2023.0,7.0,6.0,22.0,21.027115,21.669035,20.023867,20.533247,21.029705,21.570187,21.024826,21.6678,20.070536,20.790972,18.988821,19.203043,21.223255,21.820515,21.09152,21.690058,18.781746,18.606718,0.0,0.0,0.0,0.0,4.0,4.0,4.0,0.0
26920,2023.0,7.0,6.0,22.0,21.027954,21.657463,19.363874,19.226103,21.021013,21.559042,21.02522,21.664421,19.245268,19.103743,20.159723,21.173971,21.002699,21.390734,21.02594,21.597605,18.642506,18.463316,0.0,0.0,0.0,0.0,0.0,0.0,0.0,0.0
26921,2023.0,7.0,6.0,22.0,21.027887,21.645752,18.967321,18.696707,21.022413,21.564121,20.999323,21.588474,18.862297,18.653965,19.311113,19.3919,21.029196,21.441668,21.032722,21.608488,18.656153,18.591406,0.0,0.0,4.0,0.0,0.0,0.0,0.0,0.0
26922,2023.0,7.0,6.0,23.0,21.018282,21.635237,19.002762,18.88538,21.021793,21.563707,21.032084,21.676664,18.891396,18.81957,19.164396,19.366365,20.993937,21.348402,21.030895,21.5989,18.618004,18.548098,0.0,0.0,0.0,0.0,4.0,4.0,0.0,0.0
26923,2023.0,7.0,6.0,23.0,20.497393,20.638908,18.990162,18.887094,20.454103,20.47274,20.184818,20.02735,19.433208,19.851595,19.213387,19.423029,20.313217,20.076096,20.20829,20.011484,18.561577,18.494202,0.0,0.0,0.0,4.0,4.0,0.0,0.0,0.0
26924,2023.0,7.0,6.0,23.0,20.265293,20.326246,18.952335,18.84901,20.801195,21.251007,19.794704,19.477367,19.662313,20.159447,18.755573,18.550083,20.06132,19.764732,21.032764,21.794893,18.516014,18.446276,0.0,4.0,0.0,4.0,0.0,0.0,4.0,0.0
26925,2023.0,7.0,6.0,23.0,20.153273,20.206564,18.911385,18.805927,20.361338,20.380611,19.8108,19.665077,18.988861,18.813616,18.825916,18.819532,19.942812,19.646563,20.17859,20.011303,18.472134,18.400373,0.0,0.0,0.0,0.0,4.0,0.0,0.0,0.0
26926,2023.0,7.0,6.0,23.0,20.065222,20.114155,18.872408,18.763689,19.869184,19.550701,20.433672,20.908726,19.336678,19.621817,18.560843,18.308853,20.016766,19.894958,19.81401,19.542686,18.430302,18.355803,0.0,0.0,4.0,4.0,0.0,0.0,0.0,0.0
26927,2023.0,7.0,6.0,23.0,19.991642,20.03882,19.273336,19.543444,19.67668,19.31911,19.803993,19.61603,18.870949,18.65332,18.876656,19.040045,19.98703,19.872944,19.66755,19.397373,18.391617,18.315233,4.0,0.0,0.0,0.0,4.0,0.0,0.0,0.0
26928,2023.0,7.0,7.0,0.0,19.923979,19.966967,19.005718,18.967009,19.768959,19.616385,19.469656,19.127787,18.668097,18.413088,18.665195,18.569778,19.928062,19.810911,19.543886,19.272692,18.354263,18.274843,0.0,0.0,0.0,0.0,0.0,0.0,0.0,0.0
26929,2023.0,7.0,7.0,0.0,19.867182,19.910849,18.865255,18.759443,19.746502,19.619377,19.346989,19.00136,18.58822,18.336632,18.5561,18.451168,19.876259,19.759087,19.603296,19.496185,19.056942,19.627285,0.0,0.0,0.0,0.0,0.0,0.0,0.0,4.0
26930,2023.0,7.0,7.0,0.0,19.81401,19.857147,18.808603,18.69274,19.691694,19.566444,19.447037,19.297516,18.668406,18.569223,18.50303,18.397287,19.826727,19.708525,19.564451,19.462387,18.555313,18.517584,0.0,0.0,0.0,0.0,0.0,0.0,0.0,0.0
26931,2023.0,7.0,7.0,0.0,19.76254,19.802877,18.766537,18.647196,19.635893,19.508558,19.443165,19.325619,18.65591,18.556648,18.450825,18.341913,19.77884,19.657969,19.501461,19.396671,18.254547,18.037687,0.0,0.0,0.0,0.0,0.0,0.0,0.0,0.0
26932,2023.0,7.0,7.0,0.0,19.716953,19.756887,18.732075,18.611862,19.585247,19.458113,19.396969,19.280514,18.61969,18.519196,18.72559,18.89735,19.735529,19.613722,19.44357,19.338102,18.160854,17.940123,0.0,0.0,0.0,0.0,4.0,0.0,0.0,0.0
26933,2023.0,7.0,7.0,0.0,19.675028,19.715181,18.701162,18.580847,19.538574,19.412548,19.35199,19.23679,18.585644,18.484713,18.472792,18.36792,19.695385,19.573288,19.389452,19.284086,18.224176,18.131403,0.0,0.0,0.0,0.0,0.0,0.0,0.0,0.0
26934,2023.0,7.0,7.0,1.0,19.632822,19.670446,18.669495,18.5461,19.490889,19.362259,19.304806,19.18715,18.550463,18.447304,18.375835,18.261827,19.65541,19.531006,19.33615,19.228586,18.213282,18.126081,0.0,0.0,0.0,0.0,0.0,0.0,0.0,0.0
26935,2023.0,7.0,7.0,1.0,19.593662,19.629635,18.640574,18.515516,19.44778,19.318752,19.26173,19.143726,18.516787,18.411922,18.649992,18.816387,19.617899,19.491808,19.286497,19.177683,18.183355,18.094357,0.0,0.0,0.0,0.0,4.0,0.0,0.0,0.0
26936,2023.0,7.0,7.0,1.0,19.555906,19.590025,18.611794,18.484324,19.405867,19.275648,19.219673,19.100513,18.483557,18.376862,18.394619,18.283241,19.581593,19.453674,19.239021,19.128868,18.15279,18.061972,0.0,0.0,0.0,0.0,0.0,0.0,0.0,0.0
26937,2023.0,7.0,7.0,1.0,19.517447,19.547905,18.581951,18.450392,19.36322,19.229788,19.17689,19.054491,18.449448,18.339725,18.616997,18.777115,19.545015,19.414019,19.191736,19.078835,18.121109,18.027498,0.0,0.0,0.0,0.0,4.0,0.0,0.0,0.0
26938,2023.0,7.0,7.0,1.0,19.481997,19.510399,18.554354,18.420162,19.324047,19.189161,19.137585,19.013702,18.417057,18.305471,18.358978,18.241669,19.510696,19.377813,19.147585,19.033262,18.090885,17.995447,0.0,0.0,0.0,0.0,0.0,0.0,0.0,0.0
26939,2023.0,7.0,7.0,1.0,19.447552,19.474133,18.527243,18.390596,19.286064,19.14997,19.099535,18.974379,18.385132,18.271992,18.260078,18.134993,19.477356,19.342888,19.104967,18.989613,18.787785,19.331839,0.0,0.0,0.0,0.0,0.0,0.0,0.0,4.0
26940,2023.0,7.0,7.0,2.0,19.412539,19.435806,18.49916,18.358858,19.247635,19.108702,19.06114,18.933039,18.352375,18.236568,18.209719,18.082027,19.44357,19.306374,19.062208,18.94447,18.297537,18.24446,0.0,0.0,0.0,0.0,0.0,0.0,0.0,0.0
26941,2023.0,7.0,7.0,2.0,19.37863,19.398947,18.47188,18.328678,19.210455,19.068985,19.024147,18.893337,18.320213,18.202137,18.161316,18.030416,19.410793,19.271309,19.020645,18.900717,17.97372,17.712801,0.0,0.0,0.0,0.0,0.0,0.0,0.0,0.0
26942,2023.0,7.0,7.0,2.0,19.346844,19.365328,18.445698,18.300207,19.17515,19.031836,18.988976,18.856201,18.289381,18.169739,18.117683,17.984568,19.379665,19.23862,18.98123,18.85998,17.872904,17.60668,0.0,0.0,0.0,0.0,0.0,0.0,0.0,0.0
26943,2023.0,7.0,7.0,2.0,19.318575,19.337975,18.423456,18.279327,19.144772,19.003683,18.958551,18.827976,18.261452,18.14274,18.080383,17.94931,19.351597,19.211374,18.94536,18.825354,18.679752,19.201935,0.0,0.0,0.0,0.0,0.0,0.0,0.0,4.0
26944,2023.0,7.0,7.0,2.0,19.288557,19.306562,18.398956,18.253647,19.112225,18.97038,18.925947,18.794582,18.80626,19.190165,18.041838,17.909693,19.322376,19.181164,18.908413,18.787642,18.059633,17.838385,0.0,0.0,0.0,4.0,0.0,0.0,0.0,0.0
26945,2023.0,7.0,7.0,2.0,19.270533,19.298388,18.374222,18.227257,19.079752,18.936562,18.893587,18.760767,18.416027,18.326866,18.004139,17.870377,19.293278,19.15067,18.871742,18.749723,17.843271,17.571785,0.0,0.0,0.0,0.0,0.0,0.0,0.0,0.0
26946,2023.0,7.0,7.0,3.0,19.249792,19.279974,18.34801,18.19769,19.046028,18.899704,18.859894,18.723896,18.27841,18.153872,17.966087,17.829155,19.263758,19.118862,18.834837,18.710665,17.766436,17.491463,0.0,0.0,0.0,0.0,0.0,0.0,0.0,0.0
26947,2023.0,7.0,7.0,3.0,19.225655,19.25618,18.32689,18.178202,19.017958,18.873735,18.83167,18.697788,18.235298,18.112652,18.241877,18.375906,19.23796,19.094122,18.801834,18.678867,17.86221,17.746159,0.0,0.0,0.0,0.0,4.0,0.0,0.0,0.0
26948,2023.0,7.0,7.0,3.0,19.200516,19.230558,18.304773,18.156168,18.988897,18.845081,18.802391,18.66894,18.195635,18.073093,18.011484,17.881454,19.211926,19.068243,18.768673,18.645947,17.863018,17.75575,0.0,0.0,0.0,0.0,0.0,0.0,0.0,0.0
26949,2023.0,7.0,7.0,3.0,19.174444,19.203114,18.281597,18.131527,18.958696,18.813643,18.77207,18.637344,18.158958,18.035194,17.92386,17.786856,19.185452,19.041065,18.735142,18.611736,17.83838,17.730999,0.0,0.0,0.0,0.0,0.0,0.0,0.0,0.0
26950,2023.0,7.0,7.0,3.0,19.150826,19.180504,18.262098,18.114153,18.932856,18.79052,18.746176,18.61414,18.127644,18.00609,17.888617,17.754719,19.161646,19.018902,18.704617,18.583109,18.54014,19.075054,0.0,0.0,0.0,0.0,0.0,0.0,0.0,4.0
26951,2023.0,7.0,7.0,3.0,19.125425,19.154358,18.240402,18.092384,18.904823,18.76261,18.718216,18.586205,18.09558,17.973948,17.851967,17.718075,19.136555,18.993841,18.672695,18.55126,18.054502,17.996979,0.0,0.0,0.0,0.0,0.0,0.0,0.0,0.0
26952,2023.0,7.0,7.0,4.0,19.099255,19.126585,18.217798,18.068802,18.87602,18.732826,18.689693,18.556547,18.063622,17.941027,17.816496,17.681343,19.110977,18.967585,18.640266,18.518087,17.723965,17.44932,0.0,0.0,0.0,0.0,0.0,0.0,0.0,0.0
26953,2023.0,7.0,7.0,4.0,19.074797,19.102127,18.661345,18.919844,18.849325,18.707006,18.66325,18.530859,18.625275,19.023903,17.7845,17.650341,19.086863,18.94406,18.609625,18.488224,17.625618,17.350254,4.0,0.0,0.0,4.0,0.0,0.0,0.0,0.0
26954,2023.0,7.0,7.0,4.0,19.049677,19.076174,18.391409,18.324924,18.821726,18.679255,18.635725,18.50316,18.218653,18.129631,17.75254,17.618275,19.062176,18.919289,18.578358,18.456966,17.713339,17.593891,0.0,0.0,0.0,0.0,0.0,0.0,0.0,0.0
26955,2023.0,7.0,7.0,4.0,19.024876,19.050537,18.710464,18.97287,18.794243,18.6516,18.608154,18.47546,17.90208,17.599522,17.72166,17.58731,19.0376,18.894632,18.547218,18.42584,17.71487,17.607143,4.0,0.0,0.0,0.0,0.0,0.0,0.0,0.0
26956,2023.0,7.0,7.0,4.0,19.00015,19.024971,18.41733,18.3498,18.767,18.624144,18.580793,18.447924,18.349257,18.525564,17.691742,17.557322,19.01323,18.870188,18.516354,18.394989,17.689507,17.582388,0.0,0.0,0.0,4.0,0.0,0.0,0.0,0.0
26957,2023.0,7.0,7.0,4.0,18.975525,18.99989,18.016287,17.625326,18.74013,18.597523,18.553843,18.421238,17.917807,17.61796,17.663103,17.529076,18.989449,18.846682,18.4861,18.365166,18.389317,18.92367,0.0,0.0,0.0,0.0,0.0,0.0,0.0,4.0
26958,2023.0,7.0,7.0,5.0,18.950653,18.974195,17.862963,17.44039,18.712976,18.570139,18.526775,18.393877,17.750874,17.43348,17.634954,17.500887,18.965902,18.823092,18.45606,18.335167,17.729733,17.4986,0.0,0.0,0.0,0.0,0.0,0.0,0.0,0.0
26959,2023.0,7.0,7.0,5.0,18.928062,18.95333,18.037432,17.85827,18.688852,18.548683,18.502924,18.37253,17.872473,17.74444,17.610151,17.47844,18.945515,18.805061,18.42874,18.3098,17.51651,17.239761,0.0,0.0,0.0,0.0,0.0,0.0,0.0,0.0
26960,2023.0,7.0,7.0,5.0,19.603275,20.242107,18.076025,17.925657,18.668144,18.533075,18.482378,18.356981,17.879358,17.761637,17.590076,17.4629,18.928652,18.792128,18.405233,18.290123,17.457169,17.191164,0.0,0.0,0.0,0.0,0.0,0.0,0.0,0.0
26961,2023.0,7.0,7.0,5.0,19.172918,19.290958,18.070038,17.930168,18.64738,18.516783,18.461613,18.34067,17.86393,17.750986,17.571938,17.448689,18.913353,18.78037,18.383024,18.27124,18.271305,18.790195,0.0,0.0,0.0,0.0,0.0,0.0,0.0,4.0
26962,2023.0,7.0,7.0,5.0,19.456999,19.872257,18.056246,17.921747,19.31509,19.793331,18.441044,18.324188,18.422642,18.817486,17.847595,17.980543,18.900116,18.770535,18.362495,18.25379,17.682886,17.480976,0.0,4.0,0.0,4.0,4.0,0.0,0.0,0.0
26963,2023.0,7.0,7.0,5.0,18.933546,18.81633,18.041138,17.911488,19.511763,20.014126,18.421175,18.308304,18.0652,18.009584,17.991102,18.173418,19.622105,20.149256,18.344381,18.238874,17.488832,17.24386,0.0,4.0,0.0,0.0,4.0,4.0,0.0,0.0
26964,2023.0,7.0,7.0,6.0,18.714737,18.513494,18.02618,17.900898,19.339651,19.595058,18.40166,18.292591,17.775589,17.519619,17.73038,17.64469,19.141447,19.084715,18.32917,18.22686,17.437767,17.200804,0.0,4.0,0.0,0.0,0.0,0.0,0.0,0.0
26965,2023.0,7.0,7.0,6.0,21.258972,23.085857,18.018484,17.904417,21.256594,22.96609,21.259024,23.38037,17.70263,17.453793,17.646053,17.543869,21.264793,22.776447,21.575314,23.833458,17.53646,17.444492,0.0,0.0,0.0,0.0,0.0,0.0,4.0,0.0
26966,2023.0,7.0,7.0,6.0,20.999182,22.343822,18.013357,17.911924,21.019007,22.277794,21.00287,22.554268,18.411104,18.84823,17.634102,17.542183,20.990362,22.089998,20.978754,22.44833,17.578852,17.504839,0.0,0.0,0.0,4.0,0.0,4.0,4.0,0.0
26967,2023.0,7.0,7.0,6.0,21.039122,22.286222,18.009008,17.919535,21.026268,22.130558,21.047165,22.449905,20.184008,21.723577,17.921677,18.090242,21.049898,22.08631,21.06197,22.446722,17.58249,17.517414,0.0,4.0,0.0,4.0,4.0,0.0,0.0,0.0
26968,2023.0,7.0,7.0,6.0,21.006428,22.110899,18.448849,18.755543,21.050417,22.108023,21.040451,22.30992,20.026299,21.200787,20.26569,22.083698,21.038805,21.955395,21.046194,22.27148,18.359161,18.986609,4.0,0.0,0.0,0.0,4.0,0.0,0.0,4.0
26969,2023.0,7.0,7.0,6.0,21.200554,22.443758,20.215204,21.746742,21.255386,22.431555,21.280731,22.683193,19.43677,19.867474,20.002619,21.276152,21.149334,22.094936,21.2218,22.516426,20.221422,22.023357,0.0,4.0,4.0,4.0,4.0,0.0,0.0,0.0
26970,2023.0,7.0,7.0,7.0,21.011286,21.986944,19.078438,19.289816,21.021246,21.914322,21.042822,22.163254,20.139212,21.232136,20.048111,21.182892,21.026348,21.799997,21.042307,22.073248,19.346426,19.975473,0.0,4.0,0.0,0.0,0.0,0.0,0.0,4.0
26971,2023.0,7.0,7.0,7.0,21.01636,21.965578,18.464697,18.455408,21.019829,21.885036,21.045557,22.105892,19.09325,19.074062,18.997513,19.014744,21.026194,21.76193,21.033518,22.011625,20.166325,21.578047,0.0,4.0,0.0,0.0,0.0,0.0,0.0,0.0
26972,2023.0,7.0,7.0,7.0,21.041882,22.015965,18.351336,18.318848,21.044231,21.934656,21.01725,21.98432,18.59629,18.454313,18.54232,18.485914,20.999397,21.658297,21.032625,21.972622,19.621101,20.285114,0.0,0.0,4.0,0.0,0.0,4.0,0.0,4.0
26973,2023.0,7.0,7.0,7.0,21.035275,21.981009,18.759192,19.133856,21.011395,21.829136,21.047173,22.03673,18.56634,18.508165,18.854004,19.141207,21.005003,21.637854,21.031685,21.939177,20.113728,21.265036,4.0,4.0,0.0,0.0,4.0,4.0,0.0,0.0
26974,2023.0,7.0,7.0,7.0,21.384369,22.643118,20.17796,21.537523,21.042059,21.899761,21.014202,21.927015,18.54556,18.497883,20.165676,21.380753,21.528275,22.42915,21.030577,21.90945,19.806923,20.508133,0.0,0.0,4.0,0.0,0.0,4.0,0.0,4.0
26975,2023.0,7.0,7.0,7.0,21.037666,21.954535,19.12019,19.288246,21.009241,21.801987,21.044296,21.993488,18.51534,18.471478,19.282148,19.486298,21.022253,21.583002,21.029823,21.883204,20.03812,20.95055,0.0,4.0,0.0,0.0,0.0,0.0,0.0,4.0
26976,2023.0,7.0,7.0,8.0,21.002974,21.86152,18.99414,19.356401,21.014212,21.807983,21.010122,21.891193,18.494486,18.452055,19.174578,19.518383,21.024109,21.575035,21.027937,21.85688,20.032051,20.90831,4.0,4.0,4.0,0.0,4.0,0.0,0.0,0.0
26977,2023.0,7.0,7.0,8.0,20.778769,21.434004,20.160776,21.365692,20.699905,21.203459,20.098032,20.16339,18.483065,18.440916,20.113543,21.097185,21.090284,21.658583,21.149006,22.025253,19.989433,20.727852,0.0,4.0,0.0,0.0,4.0,4.0,4.0,4.0
26978,2023.0,7.0,7.0,8.0,20.68444,21.343122,19.55115,20.008215,20.56544,21.0667,19.613752,19.578743,18.478848,18.435637,20.014977,20.799088,21.13877,21.72378,20.26192,20.301636,20.015213,20.763762,4.0,4.0,0.0,0.0,0.0,4.0,0.0,4.0
26979,2023.0,7.0,7.0,8.0,20.079988,20.247808,20.12331,21.161367,20.536192,21.056198,20.085052,20.610699,19.222326,19.836275,19.373072,19.476507,20.520164,20.533585,19.818026,19.74025,20.029594,20.787924,0.0,4.0,4.0,4.0,0.0,0.0,0.0,0.0
26980,2023.0,7.0,7.0,8.0,20.452658,21.172613,19.64706,20.118107,20.52184,21.060753,19.692495,19.776283,20.072271,21.087818,19.392506,19.674528,20.22425,20.135681,19.676983,19.599619,19.339493,19.424864,4.0,4.0,0.0,4.0,4.0,0.0,0.0,0.0
26981,2023.0,7.0,7.0,8.0,20.58957,21.310715,20.100224,21.042261,20.51578,21.072918,20.034876,20.613283,20.01919,20.869232,20.083652,20.86338,20.88077,21.45392,19.603628,19.537048,18.98944,18.96689,0.0,4.0,4.0,0.0,0.0,4.0,0.0,0.0
26982,2023.0,7.0,7.0,9.0,20.59937,21.330437,19.718529,20.211021,20.516615,21.091326,19.638191,19.760086,19.366228,19.50319,19.840136,20.266167,20.438158,20.437647,19.547544,19.48383,19.742449,20.479212,4.0,4.0,0.0,0.0,4.0,0.0,0.0,4.0
26983,2023.0,7.0,7.0,9.0,20.619583,21.363195,20.068037,20.864632,20.52238,21.111277,19.419376,19.467243,19.115305,19.101358,20.047998,20.633307,20.266808,20.192038,19.510391,19.44454,20.047209,20.908754,4.0,4.0,0.0,0.0,0.0,0.0,0.0,0.0
26984,2023.0,7.0,7.0,9.0,20.636194,21.389013,20.003233,20.722395,19.987072,20.12157,19.330355,19.396288,19.738764,20.332987,19.562887,19.635567,20.228413,20.162537,19.476208,19.411108,19.378178,19.526588,4.0,0.0,0.0,4.0,0.0,0.0,0.0,0.0
26985,2023.0,7.0,7.0,9.0,20.06351,20.31253,20.009369,20.72034,19.698519,19.770035,19.222197,19.258123,20.031656,20.691149,19.675068,19.951855,20.94346,21.542463,19.448158,19.382338,19.036324,19.045382,4.0,0.0,0.0,0.0,4.0,4.0,0.0,0.0
26986,2023.0,7.0,7.0,9.0,20.477293,21.288683,20.025772,20.756134,19.597647,19.676416,19.832552,20.476233,19.478235,19.543571,20.04264,20.547644,20.518766,20.537638,19.42716,19.360458,18.95667,18.963238,0.0,0.0,4.0,0.0,0.0,0.0,0.0,0.0
26987,2023.0,7.0,7.0,9.0,20.620617,21.41175,19.492584,19.71764,19.53975,19.636595,20.065704,20.736383,19.26602,19.273975,19.597834,19.61739,20.32364,20.283035,19.412632,19.345299,18.86854,18.815933,0.0,0.0,4.0,0.0,0.0,0.0,0.0,0.0
26988,2023.0,7.0,7.0,10.0,20.079025,20.382677,19.281292,19.441881,20.097054,20.724363,20.119646,20.798967,19.181982,19.124334,19.427729,19.351412,20.309584,20.272802,19.40665,19.338675,19.726645,20.460663,0.0,4.0,4.0,0.0,0.0,0.0,0.0,4.0
26989,2023.0,7.0,7.0,10.0,20.558243,21.406612,19.112125,19.192373,20.28331,20.969927,20.168701,20.860554,19.856138,20.414864,19.398998,19.316729,20.268827,20.194553,19.40464,19.336845,20.036222,20.875233,0.0,4.0,4.0,4.0,0.0,0.0,0.0,0.0
26990,2023.0,7.0,7.0,10.0,20.712973,21.551176,19.424839,19.873022,19.80652,20.032108,20.21846,20.921562,20.011,20.514557,19.383734,19.301321,20.249777,20.170689,19.405731,19.338675,19.4003,19.526302,4.0,0.0,4.0,0.0,0.0,0.0,0.0,0.0
26991,2023.0,7.0,7.0,10.0,20.140524,20.461874,20.088299,20.99324,19.581982,19.758621,19.703915,19.931868,19.62282,19.70366,19.379564,19.297895,20.247892,20.169113,19.409729,19.343882,19.15672,19.204473,0.0,0.0,0.0,0.0,0.0,0.0,0.0,0.0
26992,2023.0,7.0,7.0,10.0,19.9094,20.210604,19.815855,20.365469,19.531633,19.722046,20.068459,20.777063,19.493652,19.544903,19.384302,19.304367,20.99406,21.583582,20.42432,21.258114,19.135262,19.19009,4.0,0.0,4.0,0.0,0.0,4.0,4.0,0.0
26993,2023.0,7.0,7.0,10.0,19.848326,20.157812,20.0378,20.7808,19.513138,19.721489,19.673853,19.95317,19.383879,19.33244,19.398634,19.32184,20.616907,20.721182,19.9005,20.041927,19.035704,18.99297,4.0,0.0,0.0,0.0,0.0,0.0,0.0,0.0
26994,2023.0,7.0,7.0,11.0,19.807766,20.133131,20.015799,20.738312,19.37588,19.478067,20.047264,20.79387,19.330908,19.268734,19.4162,19.343735,20.45739,20.492403,19.673191,19.73386,18.983727,18.930933,0.0,0.0,4.0,0.0,0.0,0.0,0.0,0.0
26995,2023.0,7.0,7.0,11.0,20.332863,21.14592,19.60515,19.934292,19.293894,19.38298,19.693245,19.981499,19.32022,19.259571,19.435186,19.365944,20.468845,20.511368,19.67521,19.741125,18.97111,18.919767,0.0,0.0,0.0,0.0,0.0,0.0,0.0,0.0
26996,2023.0,7.0,7.0,11.0,20.557356,21.46986,19.832197,20.444464,19.94102,20.632862,19.55699,19.816425,19.322193,19.264482,19.455873,19.39033,20.383114,20.328411,19.695808,19.77235,18.97117,18.922731,4.0,4.0,0.0,0.0,0.0,0.0,0.0,0.0
26997,2023.0,7.0,7.0,11.0,20.657644,21.58736,20.031952,20.785452,20.113197,20.814426,19.513538,19.784464,19.328386,19.274593,19.4784,19.417732,21.119616,21.734516,19.591938,19.55177,18.974194,18.929432,0.0,4.0,0.0,0.0,0.0,4.0,0.0,0.0
26998,2023.0,7.0,7.0,11.0,20.728245,21.659412,19.642187,20.003162,20.296322,21.107265,19.330275,19.461504,19.338217,19.289057,19.50397,19.448257,21.559126,22.35704,19.555595,19.506966,18.979242,18.938728,0.0,4.0,0.0,0.0,0.0,4.0,0.0,0.0
26999,2023.0,7.0,7.0,11.0,20.783854,21.721708,19.36632,19.544777,20.389751,21.209648,19.25343,19.372948,20.049463,20.623238,19.52771,19.476267,21.67743,22.476591,19.55946,19.513916,18.987028,18.950478,0.0,4.0,0.0,4.0,0.0,4.0,0.0,0.0
27000,2023.0,7.0,7.0,12.0,20.260233,20.703876,19.237633,19.38131,19.924566,20.286875,19.889116,20.610973,19.986025,20.395292,19.912569,20.182724,21.069744,21.244114,19.568455,19.527163,18.99657,18.964685,0.0,0.0,4.0,0.0,4.0,0.0,0.0,0.0
27001,2023.0,7.0,7.0,12.0,21.10341,22.293995,19.165258,19.31427,21.15307,22.52393,21.152403,22.690742,19.82354,20.02042,20.00515,20.235617,21.011448,21.237778,21.21408,22.350662,19.008165,18.980946,0.0,4.0,0.0,0.0,0.0,0.0,4.0,0.0
27002,2023.0,7.0,7.0,12.0,20.987408,21.998474,19.559788,20.106472,20.98308,22.070614,20.984243,22.186586,19.775215,19.94849,19.814842,19.819885,21.002014,21.213032,20.997465,21.870783,19.023449,19.00124,4.0,4.0,4.0,0.0,0.0,0.0,0.0,0.0
27003,2023.0,7.0,7.0,12.0,20.999006,21.978748,20.064426,20.914772,21.030981,22.109955,21.033756,22.212675,20.368532,21.028107,19.743252,19.715536,21.685118,22.494768,21.34257,22.39743,19.040728,19.02356,0.0,0.0,0.0,4.0,0.0,4.0,4.0,0.0
27004,2023.0,7.0,7.0,12.0,21.035826,22.016258,19.525423,19.79757,20.9959,21.961758,21.024334,22.126474,20.115698,20.370338,19.750254,19.725422,21.932995,22.769361,20.972923,21.627697,19.06022,19.048819,0.0,4.0,0.0,0.0,0.0,4.0,0.0,0.0
27005,2023.0,7.0,7.0,12.0,21.079485,22.065756,19.644442,20.176563,21.001171,21.934168,20.998667,22.006035,20.686398,21.510996,19.76887,19.750216,21.334393,21.552402,21.019428,21.679514,19.080486,19.07481,4.0,4.0,4.0,4.0,0.0,0.0,0.0,0.0
27006,2023.0,7.0,7.0,13.0,21.12679,22.122242,20.048565,20.847712,20.99953,21.904028,21.002932,21.983885,20.325436,20.615576,19.791672,19.78075,21.137177,21.297407,21.012934,21.630442,19.10152,19.101816,0.0,4.0,4.0,0.0,0.0,0.0,0.0,0.0
27007,2023.0,7.0,7.0,13.0,21.16601,22.163698,19.775719,20.274498,20.999334,21.882889,21.027355,22.029963,20.141304,20.36891,19.81311,19.807114,21.116472,21.281046,21.012733,21.599865,20.052307,20.890678,0.0,4.0,0.0,0.0,0.0,0.0,0.0,4.0
27008,2023.0,7.0,7.0,13.0,21.208147,22.213074,19.80785,20.380705,21.020586,21.904911,21.020462,21.991257,20.132162,20.360548,19.83505,19.835194,21.11393,21.286894,21.016392,21.57218,19.967302,20.490107,4.0,4.0,0.0,0.0,0.0,0.0,0.0,0.0
27009,2023.0,7.0,7.0,13.0,21.251167,22.262695,20.041502,20.77194,21.019869,21.909729,20.997288,21.902622,19.932968,19.956408,19.856041,19.861061,21.733978,22.450853,21.015543,21.542458,19.744993,20.010584,0.0,0.0,4.0,0.0,0.0,4.0,0.0,0.0
27010,2023.0,7.0,7.0,13.0,20.984823,21.793642,19.972721,20.571142,21.017256,21.885632,21.02545,21.966103,20.596916,21.269129,19.87815,19.888683,21.385754,21.631887,21.015139,21.519035,19.67903,19.925777,4.0,0.0,0.0,4.0,0.0,0.0,0.0,0.0
27011,2023.0,7.0,7.0,13.0,21.01841,21.862474,20.017895,20.687948,21.016294,21.86598,21.038298,21.943256,20.394274,20.678753,19.900766,19.917389,21.229113,21.427416,21.014055,21.498493,19.465267,19.49053,0.0,0.0,4.0,0.0,0.0,0.0,0.0,0.0
27012,2023.0,7.0,7.0,14.0,21.260654,22.294388,19.84396,20.34004,21.130177,22.039467,21.01803,21.922886,20.287647,20.549175,19.923674,19.946888,21.21903,21.424427,21.013292,21.481392,19.398985,19.419674,0.0,4.0,0.0,0.0,0.0,0.0,0.0,0.0
27013,2023.0,7.0,7.0,14.0,20.784729,21.32408,20.151155,20.960941,21.179714,22.089222,20.544798,21.001022,20.291052,20.558668,19.943567,19.970919,21.02858,21.049696,20.574514,20.618248,19.38977,19.413628,4.0,4.0,0.0,0.0,0.0,0.0,0.0,0.0
27014,2023.0,7.0,7.0,14.0,21.232033,22.258726,20.274315,21.114305,21.214607,22.128357,20.388182,20.810148,20.074331,20.118261,19.962069,19.994825,20.970934,20.972094,20.441345,20.44669,19.390732,19.418447,4.0,4.0,0.0,0.0,0.0,0.0,0.0,0.0
27015,2023.0,7.0,7.0,14.0,20.784302,21.334585,19.982328,20.579815,20.72292,21.1873,20.108778,20.322046,20.008093,20.031807,19.980795,20.018812,20.952269,20.95768,20.388216,20.396242,19.393986,19.425898,0.0,0.0,0.0,0.0,0.0,0.0,0.0,0.0
27016,2023.0,7.0,7.0,14.0,20.590546,21.114664,19.898426,20.423672,21.054682,21.958761,20.595234,21.360767,19.989208,20.01718,20.00045,20.04344,20.937365,20.947773,20.342957,20.355759,19.39814,19.434198,0.0,4.0,4.0,0.0,0.0,0.0,0.0,0.0
27017,2023.0,7.0,7.0,14.0,21.132168,22.16303,19.630083,19.905693,20.674307,21.169275,20.891956,21.833952,19.981369,20.01378,20.01806,20.066658,21.715729,22.435993,20.315857,20.332651,19.403992,19.444214,0.0,0.0,4.0,0.0,0.0,4.0,0.0,0.0
27018,2023.0,7.0,7.0,15.0,21.29631,22.356937,19.947437,20.56201,21.077312,21.999723,20.457224,20.951597,19.977812,20.01532,20.036142,20.090912,21.395658,21.707891,20.293669,20.314981,19.411715,19.456472,4.0,4.0,0.0,0.0,0.0,0.0,0.0,0.0
27019,2023.0,7.0,7.0,15.0,20.805944,21.37665,20.03399,20.649475,21.204018,22.147158,20.88451,21.822926,19.97682,20.01852,20.052486,20.11199,21.306406,21.56754,20.276165,20.301342,19.419928,19.468182,4.0,4.0,4.0,0.0,0.0,0.0,0.0,0.0
27020,2023.0,7.0,7.0,15.0,20.67326,21.208866,19.999973,20.599476,21.257252,22.199259,21.015987,21.974205,19.977829,20.023643,20.067966,20.13187,22.030815,22.94039,20.262487,20.291712,19.428526,19.480114,0.0,4.0,4.0,0.0,0.0,4.0,0.0,0.0
27021,2023.0,7.0,7.0,15.0,21.195477,22.230345,19.95368,20.502226,21.30897,22.250603,20.574976,21.095512,20.660986,21.312532,20.084873,20.15319,21.635511,21.9945,21.21619,22.11027,19.438705,19.49377,0.0,4.0,0.0,4.0,0.0,0.0,4.0,0.0
27022,2023.0,7.0,7.0,15.0,21.361113,22.427155,19.943073,20.4864,21.35146,22.29443,20.417461,20.880413,20.261475,20.409262,20.099968,20.173637,21.476273,21.747581,20.800072,21.140064,19.449158,19.508142,0.0,4.0,0.0,0.0,0.0,0.0,0.0,0.0
27023,2023.0,7.0,7.0,15.0,21.432392,22.496374,19.682453,19.96238,20.873808,21.368992,20.92948,21.8772,20.342546,20.640343,20.113997,20.193203,21.454983,21.729548,20.677347,20.95463,19.459146,19.522177,0.0,0.0,4.0,0.0,0.0,0.0,0.0,0.0
27024,2023.0,7.0,7.0,16.0,21.494602,22.558884,19.980719,20.570509,21.271652,22.202377,20.547188,21.059647,20.419342,20.7622,20.126602,20.211592,21.233017,21.301718,20.66909,20.950045,19.468592,19.535751,4.0,4.0,0.0,0.0,0.0,0.0,0.0,0.0
27025,2023.0,7.0,7.0,16.0,21.554497,22.625233,20.090567,20.708094,21.383482,22.32922,20.9744,21.922026,20.193722,20.29038,20.134895,20.222853,21.156563,21.201021,20.66369,20.94553,19.475565,19.544712,4.0,4.0,4.0,0.0,0.0,0.0,0.0,0.0
27026,2023.0,7.0,7.0,16.0,21.60009,22.665342,20.374807,21.2329,21.42721,22.36753,20.582031,21.089046,20.124283,20.19179,20.141054,20.231556,21.124449,21.170034,20.446898,20.514841,19.481417,19.552513,4.0,4.0,0.0,0.0,0.0,0.0,0.0,0.0
27027,2023.0,7.0,7.0,16.0,21.639603,22.698887,20.153305,20.738909,21.465364,22.400434,20.451675,20.913906,20.1077,20.176619,20.146038,20.239004,21.87761,22.622406,20.380531,20.430956,19.48673,19.559809,0.0,4.0,0.0,0.0,0.0,4.0,0.0,0.0
27028,2023.0,7.0,7.0,16.0,21.677155,22.73164,20.070786,20.608387,20.984755,21.469566,20.410337,20.868391,20.096994,20.16818,20.150307,20.246101,21.547678,21.88782,20.35408,20.405788,19.491547,19.5669,0.0,0.0,0.0,0.0,0.0,0.0,0.0,0.0
27029,2023.0,7.0,7.0,16.0,21.711433,22.760206,20.061699,20.59537,21.35467,22.248047,20.166079,20.405664,20.766829,21.438574,20.153183,20.251787,21.445072,21.732126,20.335302,20.389866,20.350756,21.188124,0.0,4.0,0.0,4.0,0.0,0.0,0.0,4.0
27030,2023.0,7.0,7.0,17.0,21.745224,22.789555,19.801886,20.07533,21.483229,22.410778,20.052788,20.254744,20.582293,20.972898,20.155275,20.257095,21.42724,21.7131,20.319813,20.37674,19.98397,20.4236,0.0,4.0,0.0,0.0,0.0,0.0,0.0,0.0
27031,2023.0,7.0,7.0,17.0,21.250305,21.829773,19.671604,19.91074,21.526138,22.443577,19.995441,20.195469,20.488686,20.837414,20.154001,20.25662,21.967709,22.728832,21.267292,22.183079,19.904236,20.247852,0.0,4.0,0.0,0.0,0.0,4.0,4.0,0.0
27032,2023.0,7.0,7.0,17.0,21.641108,22.655664,20.016895,20.577942,21.558867,22.468658,19.957218,20.153101,20.485947,20.826075,20.150303,20.253426,22.276457,23.226011,20.885412,21.282795,19.908684,20.24528,4.0,4.0,0.0,0.0,0.0,4.0,0.0,0.0
27033,2023.0,7.0,7.0,17.0,21.206964,21.760372,19.99827,20.499022,21.587622,22.489346,20.54876,21.287237,20.26301,20.37221,20.1458,20.249306,21.746864,22.144194,20.720823,21.004555,19.69276,19.800926,0.0,4.0,4.0,0.0,0.0,0.0,0.0,0.0
27034,2023.0,7.0,7.0,17.0,20.998941,21.509333,19.777859,20.045343,21.123058,21.591904,20.776358,21.52204,20.8372,21.512918,20.140993,20.24479,22.204325,23.11449,21.646057,22.77239,19.604631,19.686169,0.0,0.0,4.0,4.0,0.0,4.0,4.0,0.0
27035,2023.0,7.0,7.0,17.0,21.517056,22.51196,20.058542,20.604876,21.468796,22.326406,21.008266,21.920372,21.272346,22.220213,20.136312,20.240046,21.743334,22.137545,21.061646,21.463919,19.58794,19.665766,4.0,4.0,4.0,4.0,0.0,0.0,0.0,0.0
27036,2023.0,7.0,7.0,18.0,21.665262,22.677036,20.187658,20.775206,21.585367,22.468554,21.107794,22.02263,20.83249,21.27898,20.501837,20.927639,21.54597,21.816528,21.787222,22.89714,19.580362,19.657629,4.0,4.0,4.0,0.0,4.0,0.0,4.0,0.0
27037,2023.0,7.0,7.0,18.0,21.723267,22.723728,20.091211,20.582458,21.62015,22.493364,21.00222,21.805422,21.319082,22.230135,20.668375,21.163046,21.49004,21.74535,21.97353,23.062386,19.575058,19.652092,0.0,4.0,0.0,4.0,4.0,0.0,4.0,0.0
27038,2023.0,7.0,7.0,18.0,21.773882,22.763147,20.399834,21.167439,21.652271,22.515633,21.014072,21.791452,20.956406,21.372581,20.37342,20.551903,22.17198,23.062883,21.258287,21.623516,19.570517,19.647223,4.0,4.0,0.0,0.0,0.0,4.0,0.0,0.0
27039,2023.0,7.0,7.0,18.0,21.266836,21.767454,20.570759,21.358885,21.680056,22.534332,21.194275,22.073624,20.705128,21.013517,20.456272,20.80214,22.380726,23.274452,20.994698,21.313206,19.567,19.643301,4.0,4.0,4.0,0.0,0.0,4.0,0.0,0.0
27040,2023.0,7.0,7.0,18.0,21.631784,22.59269,20.291853,20.778238,21.704054,22.549023,20.98512,21.65906,21.323105,22.210737,20.53544,20.902962,22.433126,23.314573,21.00617,21.354483,19.564669,19.640451,0.0,4.0,0.0,4.0,0.0,4.0,0.0,0.0
27041,2023.0,7.0,7.0,18.0,21.26677,21.765802,20.162172,20.604076,21.725698,22.56149,21.21764,22.068958,20.974918,21.363249,20.33403,20.482183,21.873823,22.20992,21.842033,22.932444,19.562963,19.638336,0.0,4.0,4.0,0.0,0.0,0.0,4.0,0.0
27042,2023.0,7.0,7.0,19.0,21.105925,21.54648,20.136124,20.564394,21.23228,21.615765,21.30016,22.156404,20.782394,21.061485,20.239334,20.335201,21.658007,21.879442,22.014347,23.062115,19.562098,19.636919,0.0,0.0,4.0,0.0,0.0,0.0,4.0,0.0
27043,2023.0,7.0,7.0,19.0,21.616022,22.543545,20.29386,20.83288,21.062819,21.397158,21.337612,22.181509,20.725573,20.992085,20.212923,20.304182,22.301435,23.148869,21.293074,21.616426,19.56109,19.634909,4.0,0.0,4.0,0.0,0.0,4.0,0.0,0.0
27044,2023.0,7.0,7.0,19.0,21.21957,21.699087,19.997398,20.299381,21.530987,22.326876,20.979921,21.546932,20.51942,20.610832,20.19212,20.281008,22.42273,23.273052,21.996927,23.04206,19.55989,19.632652,0.0,4.0,0.0,0.0,0.0,4.0,4.0,0.0
27045,2023.0,7.0,7.0,19.0,20.999928,21.425152,20.232597,20.744333,21.700613,22.501516,21.016449,21.623688,20.402618,20.465672,20.17101,20.258537,21.854145,22.158024,21.428846,21.742641,20.47569,21.370466,4.0,4.0,0.0,0.0,0.0,0.0,0.0,4.0
27046,2023.0,7.0,7.0,19.0,21.004751,21.454317,20.529455,21.228853,21.72898,22.518421,21.268362,22.071087,21.070292,21.771812,20.15104,20.237207,22.303444,23.147028,21.067032,21.266108,20.176859,20.510843,4.0,4.0,4.0,4.0,0.0,4.0,0.0,0.0
27047,2023.0,7.0,7.0,19.0,21.41306,22.210997,20.638288,21.339739,21.258757,21.611774,21.372227,22.173815,21.432335,22.254927,20.495852,20.897907,21.84272,22.131557,21.924109,22.954758,20.823343,21.837748,4.0,0.0,4.0,4.0,4.0,0.0,4.0,4.0
27048,2023.0,7.0,7.0,20.0,21.646765,22.562256,20.677681,21.368134,21.633558,22.408455,21.406042,22.197302,21.515362,22.331507,20.323112,20.510603,22.329653,23.136742,21.297457,21.592363,20.27685,20.622425,4.0,4.0,4.0,4.0,0.0,4.0,0.0,0.0
27049,2023.0,7.0,7.0,20.0,21.720469,22.619741,20.697454,21.364424,21.223068,21.555702,21.421978,22.192528,20.988749,21.289688,20.181906,20.271942,22.41685,23.209648,21.98572,22.99032,20.06336,20.28715,4.0,0.0,4.0,0.0,0.0,4.0,4.0,0.0
27050,2023.0,7.0,7.0,20.0,21.761436,22.638699,20.708385,21.350754,21.012993,21.251886,20.97612,21.41428,20.769156,20.958708,20.50517,20.903545,21.814728,22.043133,22.116428,23.068882,20.870558,21.837532,4.0,0.0,0.0,0.0,4.0,0.0,4.0,4.0
27051,2023.0,7.0,7.0,20.0,21.793991,22.649542,20.378931,20.708853,21.495014,22.219563,21.017946,21.514952,20.669132,20.835854,20.330994,20.48141,22.245508,23.013088,22.1631,23.092974,20.367722,20.632782,0.0,4.0,0.0,0.0,0.0,4.0,4.0,0.0
27052,2023.0,7.0,7.0,20.0,21.27991,21.647558,20.198399,20.464746,21.13242,21.39194,21.010653,21.503927,21.271666,22.013626,20.149717,20.220575,22.366919,23.100681,21.403606,21.602978,20.931639,21.871416,0.0,0.0,0.0,4.0,0.0,4.0,0.0,4.0
27053,2023.0,7.0,7.0,20.0,21.027721,21.323257,20.479855,21.022535,21.008232,21.305084,21.011892,21.503359,21.454468,22.17024,20.46057,20.845676,22.36905,23.081223,22.00696,22.961191,21.128298,22.001276,4.0,0.0,0.0,4.0,4.0,4.0,4.0,4.0
27054,2023.0,7.0,7.0,21.0,21.532152,22.326204,20.604004,21.154453,21.006945,21.320309,21.204117,21.833555,20.89221,21.072784,20.34816,20.547022,21.747606,21.886328,22.177746,23.05308,21.176067,22.026014,4.0,0.0,4.0,0.0,0.0,0.0,4.0,4.0
27055,2023.0,7.0,7.0,21.0,21.154062,21.455654,20.62027,21.148705,21.342514,21.94251,21.305635,21.95628,20.618372,20.716717,20.57408,21.027788,22.181564,22.879126,22.20289,23.059563,20.48611,20.668661,4.0,4.0,4.0,0.0,4.0,4.0,4.0,0.0
27056,2023.0,7.0,7.0,21.0,20.99804,21.257698,20.62185,21.127144,20.977356,21.265797,20.97568,21.371284,21.205214,21.87788,20.324001,20.49423,21.62501,21.741846,21.412144,21.53328,20.229452,20.30209,4.0,0.0,0.0,4.0,0.0,0.0,0.0,0.0
27057,2023.0,7.0,7.0,21.0,21.491434,22.22099,20.276932,20.466795,21.312645,21.896065,21.018385,21.462599,21.379873,22.017336,20.477894,20.857357,21.326834,21.347687,22.000816,22.880707,20.108437,20.167656,0.0,4.0,0.0,4.0,4.0,0.0,4.0,0.0
27058,2023.0,7.0,7.0,21.0,21.1109,21.358408,20.077818,20.199263,20.979387,21.239256,21.01318,21.45046,21.399769,22.013617,20.579199,20.962828,21.222837,21.22068,21.360151,21.459194,20.022161,20.069567,0.0,0.0,0.0,4.0,4.0,0.0,0.0,0.0
27059,2023.0,7.0,7.0,21.0,21.010149,21.313097,19.988605,20.077785,21.01693,21.325777,21.01346,21.447184,20.821503,20.895609,20.58907,20.95101,21.140556,21.121876,20.991514,21.027267,19.947618,19.98116,0.0,0.0,0.0,0.0,4.0,0.0,0.0,0.0
27060,2023.0,7.0,7.0,22.0,21.435646,22.117325,19.90261,19.948654,21.009989,21.315174,21.013527,21.442379,21.178648,21.742487,20.585062,20.923935,21.086182,21.072586,21.011475,21.121187,20.7805,21.605442,0.0,0.0,0.0,4.0,4.0,0.0,0.0,4.0
27061,2023.0,7.0,7.0,22.0,20.991865,21.254793,19.845705,19.879072,21.00975,21.317339,21.01335,21.436506,20.752512,20.804157,20.55865,20.862778,21.817913,22.509586,21.008165,21.156004,20.262476,20.344124,0.0,0.0,0.0,0.0,4.0,4.0,0.0,0.0
27062,2023.0,7.0,7.0,22.0,21.01577,21.325237,19.809332,19.837753,21.009726,21.317812,21.01329,21.431133,20.476309,20.456558,20.25272,20.293493,21.315697,21.34028,21.00907,21.180748,19.945734,19.952173,0.0,0.0,0.0,0.0,0.0,0.0,0.0,0.0
27063,2023.0,7.0,7.0,22.0,21.006783,21.318127,19.778585,19.80281,21.00979,21.317623,21.013224,21.426449,20.379702,20.351068,20.077387,20.066977,21.728006,22.296448,21.008417,21.19719,19.861528,19.860537,0.0,0.0,0.0,0.0,0.0,4.0,0.0,0.0
27064,2023.0,7.0,7.0,22.0,21.006256,21.326035,19.752285,19.773611,21.316828,21.87787,21.01344,21.422781,20.312605,20.279324,20.018347,20.012545,21.908194,22.469984,21.008568,21.20953,20.600931,21.301657,0.0,4.0,0.0,0.0,0.0,4.0,0.0,4.0
27065,2023.0,7.0,7.0,22.0,21.006569,21.33193,19.727877,19.745804,20.9775,21.218248,21.01321,21.418165,20.27819,20.264229,19.974375,19.968311,21.30856,21.293324,21.728086,22.562197,20.136766,20.175907,0.0,0.0,0.0,0.0,0.0,0.0,4.0,0.0
27066,2023.0,7.0,7.0,23.0,21.006914,21.335897,19.70533,19.719893,21.019192,21.308182,21.013409,21.414679,20.241997,20.229113,19.933304,19.92597,21.044458,20.95893,20.977602,21.078367,19.862133,19.840305,0.0,0.0,0.0,0.0,0.0,0.0,0.0,0.0
27067,2023.0,7.0,7.0,23.0,20.825335,20.988846,19.685781,19.698483,21.250193,21.722422,20.651217,20.713938,20.787043,21.286106,19.894468,19.882381,20.962025,20.874676,20.734838,20.669172,19.791414,19.767714,0.0,4.0,0.0,4.0,0.0,0.0,0.0,0.0
27068,2023.0,7.0,7.0,23.0,21.451172,22.214903,19.67106,19.682486,21.315819,21.7896,20.499699,20.51015,20.397879,20.435558,19.86538,19.850914,20.912077,20.824047,20.6509,20.581358,19.769878,19.759863,0.0,4.0,0.0,0.0,0.0,0.0,0.0,0.0
27069,2023.0,7.0,7.0,23.0,20.93348,21.093275,19.656858,19.667068,20.81702,20.829752,20.42591,20.430508,20.219496,20.166588,19.838415,19.821903,20.92316,20.890205,20.593018,20.522747,19.744263,19.734034,0.0,0.0,0.0,0.0,0.0,0.0,0.0,0.0
27070,2023.0,7.0,7.0,23.0,20.727318,20.799564,19.64202,19.649593,20.599003,20.515806,20.365814,20.364477,20.155663,20.092493,19.811823,19.79156,20.89832,20.862982,20.592562,20.569988,19.717607,19.704561,0.0,0.0,0.0,0.0,0.0,0.0,0.0,0.0
27071,2023.0,7.0,7.0,23.0,20.744165,20.892788,19.628939,19.635166,20.520727,20.436064,20.319117,20.317085,20.153164,20.128227,19.788628,19.766493,20.868917,20.83199,20.558899,20.530264,19.6943,19.679733,0.0,0.0,0.0,0.0,0.0,0.0,0.0,0.0
27072,2023.0,7.0,8.0,0.0,20.713251,20.86071,19.617474,19.623531,20.526337,20.506464,20.281097,20.281507,20.130503,20.105623,19.768347,19.74589,21.530916,22.108284,20.527655,20.499111,19.673859,19.658842,0.0,0.0,0.0,0.0,0.0,4.0,0.0,0.0
27073,2023.0,7.0,8.0,0.0,20.6836,20.829517,19.60609,19.61165,20.501852,20.491941,20.244383,20.24437,20.691488,21.182442,20.050156,20.289722,21.636871,22.166687,20.497694,20.468239,19.654465,19.638525,0.0,0.0,0.0,4.0,4.0,4.0,0.0,0.0
27074,2023.0,7.0,8.0,0.0,20.658163,20.803179,19.595846,19.601234,20.468893,20.459824,20.21205,20.21241,20.308182,20.337431,19.85968,19.872368,21.03999,20.983501,20.470442,20.44061,19.63704,19.620571,0.0,0.0,0.0,0.0,0.0,0.0,0.0,0.0
27075,2023.0,7.0,8.0,0.0,20.635357,20.779493,19.586163,19.591291,20.438553,20.429863,20.182602,20.183302,20.128841,20.061403,20.063549,20.29082,20.877714,20.769375,21.341766,22.104158,19.620943,19.603994,0.0,0.0,0.0,0.0,4.0,0.0,4.0,0.0
27076,2023.0,7.0,8.0,0.0,20.61396,20.757011,19.576715,19.581406,20.410194,20.40145,20.155138,20.155785,20.07054,19.996304,19.883417,19.902054,20.819115,20.710958,20.70456,20.69958,19.605785,19.588205,0.0,0.0,0.0,0.0,0.0,0.0,0.0,0.0
27077,2023.0,7.0,8.0,0.0,20.593464,20.735207,19.567402,19.571499,20.383638,20.374464,20.129349,20.129612,20.652296,21.128254,20.082396,20.31454,20.772488,20.665123,20.493347,20.408922,19.59143,19.573093,0.0,0.0,0.0,4.0,4.0,0.0,0.0,0.0
27078,2023.0,7.0,8.0,1.0,20.574158,20.71469,19.55832,19.561792,20.358727,20.34925,20.10528,20.10521,20.277294,20.295584,19.881163,19.887115,20.793455,20.745655,20.43346,20.347273,19.577919,19.558899,0.0,0.0,0.0,0.0,0.0,0.0,0.0,0.0
27079,2023.0,7.0,8.0,1.0,20.55512,20.693663,19.548445,19.5503,20.333431,20.322067,20.081032,20.079021,20.093292,20.009533,19.790619,19.760798,20.779724,20.73619,20.385172,20.296484,19.564472,19.544186,0.0,0.0,0.0,0.0,0.0,0.0,0.0,0.0
27080,2023.0,7.0,8.0,1.0,20.537697,20.675167,19.539227,19.540216,20.310793,20.29918,20.059425,20.057047,20.039465,19.954847,19.760408,19.72966,20.757,20.712751,20.40135,20.366285,19.552048,19.531044,0.0,0.0,0.0,0.0,0.0,0.0,0.0,0.0
27081,2023.0,7.0,8.0,1.0,20.521276,20.658142,19.530836,19.531954,20.290886,20.280813,20.040474,20.039444,20.047863,20.010916,19.736462,19.706799,20.736393,20.692717,20.383787,20.349285,20.271875,20.896475,0.0,0.0,0.0,0.0,0.0,0.0,0.0,4.0
27082,2023.0,7.0,8.0,1.0,20.504019,20.639305,19.521282,19.521502,20.26977,20.259148,20.020498,20.018763,20.03439,20.001701,19.713602,19.682734,20.71533,20.670757,20.361551,20.326492,19.80257,19.841684,0.0,0.0,0.0,0.0,0.0,0.0,0.0,0.0
27083,2023.0,7.0,8.0,1.0,20.486486,20.619547,19.51074,19.509192,20.247921,20.235247,20.00001,19.996096,20.011938,19.977741,19.691458,19.658262,20.694344,20.647942,20.338846,20.302137,19.611324,19.54773,0.0,0.0,0.0,0.0,0.0,0.0,0.0,0.0
27084,2023.0,7.0,8.0,2.0,20.470327,20.60216,19.501005,19.498585,20.228292,20.215155,19.981628,19.977077,19.991386,19.956478,19.67229,19.638283,20.675354,20.628242,20.317955,20.28062,19.564442,19.49992,0.0,0.0,0.0,0.0,0.0,0.0,0.0,0.0
27085,2023.0,7.0,8.0,2.0,20.455126,20.586363,19.49218,19.489845,20.210178,20.197453,19.964602,19.960327,19.972605,19.937737,19.655132,19.62114,20.657978,20.610935,20.298626,20.261347,19.571646,19.547007,0.0,0.0,0.0,0.0,0.0,0.0,0.0,0.0
27086,2023.0,7.0,8.0,2.0,20.440786,20.572002,19.484179,19.482716,20.193876,20.18288,19.949215,19.946503,20.535229,21.010899,19.640078,19.607157,20.642258,20.596142,20.280907,20.244503,19.557686,19.533901,0.0,0.0,0.0,4.0,0.0,0.0,0.0,0.0
27087,2023.0,7.0,8.0,2.0,20.426075,20.556519,19.47539,19.473915,20.176582,20.165762,19.932846,19.930244,20.157095,20.171206,19.62471,19.59164,20.626244,20.580048,20.262955,20.226458,19.541128,19.517271,0.0,0.0,0.0,0.0,0.0,0.0,0.0,0.0
27088,2023.0,7.0,8.0,2.0,20.411608,20.541008,19.466024,19.463911,20.158733,20.147102,19.915932,19.912506,19.973455,19.881031,19.609411,19.575531,20.610289,20.563477,20.245117,20.208038,19.52507,19.500507,0.0,0.0,0.0,0.0,0.0,0.0,0.0,0.0
27089,2023.0,7.0,8.0,2.0,20.398182,20.527346,19.457893,19.45637,20.14324,20.132774,19.901247,19.898878,19.97762,19.939787,19.906301,20.144499,20.596016,20.549763,20.228884,20.192318,19.510977,19.486786,0.0,0.0,0.0,0.0,4.0,0.0,0.0,0.0
27090,2023.0,7.0,8.0,3.0,20.384048,20.512367,19.449059,19.447311,20.12683,20.116272,19.885729,19.883204,19.960201,19.92529,19.68828,19.668798,20.581476,20.535067,20.212423,20.175701,19.497047,19.4726,0.0,0.0,0.0,0.0,0.0,0.0,0.0,0.0
27091,2023.0,7.0,8.0,3.0,20.37002,20.497477,19.440193,19.437986,20.11074,20.100029,19.870571,19.867802,19.938868,19.903885,19.951616,20.201647,20.567266,20.520609,20.196339,20.159409,19.483744,19.458996,0.0,0.0,0.0,0.0,4.0,0.0,0.0,0.0
27092,2023.0,7.0,8.0,3.0,20.355846,20.4824,19.430843,19.427717,20.094137,20.082708,19.854977,19.851416,19.918245,19.88262,20.065054,20.354664,20.55298,20.505817,20.180182,20.142826,19.470608,19.44537,0.0,0.0,0.0,0.0,4.0,0.0,0.0,0.0
27093,2023.0,7.0,8.0,3.0,20.342104,20.468044,19.42267,19.419527,20.079206,20.068419,19.841055,19.837955,19.89996,19.864735,19.710255,19.641996,20.539675,20.492716,20.164944,20.1278,19.45846,19.433298,0.0,0.0,0.0,0.0,0.0,0.0,0.0,0.0
27094,2023.0,7.0,8.0,3.0,20.32759,20.452322,19.413208,19.40883,20.062578,20.050688,19.825563,19.821283,19.88124,19.845112,19.606121,19.513906,20.525595,20.477917,20.148964,20.111187,19.445816,19.419996,0.0,0.0,0.0,0.0,0.0,0.0,0.0,0.0
27095,2023.0,7.0,8.0,3.0,20.314207,20.438702,19.404974,19.4009,20.04818,20.037256,19.812086,19.808617,20.446224,20.922,19.616821,19.574966,20.512852,20.465624,20.134256,20.096954,19.434366,19.408833,0.0,0.0,0.0,4.0,0.0,0.0,0.0,0.0
27096,2023.0,7.0,8.0,4.0,20.307028,20.437378,19.39559,19.390942,20.03253,20.02119,19.79734,19.79342,20.067137,20.079866,19.907988,20.135513,20.499437,20.451838,20.118877,20.081247,19.422445,19.396526,0.0,0.0,0.0,0.0,4.0,0.0,0.0,0.0
27097,2023.0,7.0,8.0,4.0,20.305948,20.444902,19.386429,19.38141,20.017078,20.005407,19.782795,19.778511,19.88402,19.790388,19.691246,19.669659,20.486328,20.438534,20.103737,20.065907,19.410856,19.384724,0.0,0.0,0.0,0.0,0.0,0.0,0.0,0.0
27098,2023.0,7.0,8.0,4.0,20.295858,20.43488,19.378252,19.373665,20.003065,19.992268,19.769646,19.766123,19.834015,19.741322,19.925682,20.14991,21.174768,21.752903,20.089628,20.052422,19.400188,19.374504,0.0,0.0,0.0,0.0,4.0,4.0,0.0,0.0
27099,2023.0,7.0,8.0,4.0,20.284504,20.423077,19.369738,19.365152,19.988665,19.97804,19.756063,19.752678,19.84904,19.807793,19.7304,19.734612,20.626776,20.567745,20.07523,20.038198,19.389357,19.36377,0.0,0.0,0.0,0.0,0.0,0.0,0.0,0.0
27100,2023.0,7.0,8.0,4.0,20.272348,20.409985,19.360857,19.355858,19.973879,19.962767,19.742037,19.738188,19.840322,19.803984,19.958809,20.206678,20.46962,20.346743,20.060589,20.023304,19.378414,19.352587,0.0,0.0,0.0,0.0,4.0,0.0,0.0,0.0
27101,2023.0,7.0,8.0,4.0,20.260996,20.398724,19.352869,19.348316,19.960484,19.950212,19.729408,19.726328,19.823776,19.78864,19.976164,20.175852,20.432116,20.311617,20.047253,20.010664,20.099678,20.719885,0.0,0.0,0.0,0.0,4.0,0.0,0.0,4.0
27102,2023.0,7.0,8.0,5.0,20.24873,20.385895,19.344482,19.339802,19.946344,19.936161,19.716347,19.713177,19.807276,19.772243,19.688044,19.623293,20.465763,20.411467,20.033867,19.99741,19.633196,19.671162,0.0,0.0,0.0,0.0,0.0,0.0,0.0,0.0
27103,2023.0,7.0,8.0,5.0,20.238873,20.377996,19.339014,19.33719,19.935122,19.927895,19.706364,19.705847,19.794516,19.762043,19.593563,19.50947,21.190088,21.787405,20.023407,19.989319,19.455402,19.4005,0.0,0.0,0.0,0.0,0.0,4.0,0.0,0.0
27104,2023.0,7.0,8.0,5.0,20.229795,20.371033,19.334612,19.336317,20.586367,21.16492,19.69733,19.6999,19.784246,19.75447,19.604572,19.568571,21.305943,21.850224,20.01462,19.98301,19.415014,19.36223,0.0,4.0,0.0,0.0,0.0,4.0,0.0,0.0
27105,2023.0,7.0,8.0,5.0,20.864483,21.571148,19.768217,20.156502,20.200684,20.29032,19.688541,19.694313,19.77622,19.749233,19.896862,20.128445,21.382154,21.925133,20.007627,19.978575,19.420275,19.399382,4.0,0.0,0.0,0.0,4.0,4.0,0.0,0.0
27106,2023.0,7.0,8.0,5.0,20.453352,20.654928,19.527056,19.60343,19.982077,19.936808,19.67991,19.688816,19.770638,19.746443,19.714682,19.727278,21.460022,22.007023,20.002728,19.976265,19.415087,19.399155,0.0,0.0,0.0,0.0,0.0,4.0,0.0,0.0
27107,2023.0,7.0,8.0,5.0,20.272781,20.373026,19.413273,19.430565,20.56208,21.065504,19.67161,19.68369,19.767876,19.746607,19.643131,19.624607,20.86661,20.833082,19.999365,19.975563,19.407946,19.394629,0.0,4.0,0.0,0.0,0.0,0.0,0.0,0.0
27108,2023.0,7.0,8.0,6.0,20.853483,21.4993,19.388102,19.403337,20.170378,20.21097,19.663435,19.678602,19.76721,19.748882,19.925226,20.16709,20.704111,20.61301,19.997467,19.976324,19.403284,19.392437,0.0,0.0,0.0,0.0,4.0,0.0,0.0,0.0
27109,2023.0,7.0,8.0,6.0,21.013918,21.67711,19.376202,19.396708,21.123642,21.966488,21.18375,22.37113,20.346088,20.835556,20.01177,20.277166,21.383764,21.950272,21.284975,22.224733,20.16674,20.8385,0.0,0.0,0.0,4.0,0.0,4.0,0.0,4.0
27110,2023.0,7.0,8.0,6.0,21.117558,21.799028,19.368427,19.394539,21.001625,21.632044,20.992579,21.840456,20.696539,21.28094,19.794926,19.816826,21.625137,22.205544,20.99098,21.572723,19.952297,20.23958,0.0,0.0,0.0,4.0,0.0,4.0,0.0,0.0
27111,2023.0,7.0,8.0,6.0,21.19341,21.877596,19.363508,19.395447,21.056831,21.650932,21.02389,21.804268,20.207151,20.24957,19.71252,19.716173,20.988619,21.057392,21.016958,21.547358,20.455095,21.140604,0.0,4.0,0.0,0.0,0.0,0.0,0.0,4.0
27112,2023.0,7.0,8.0,6.0,21.259136,21.950129,19.360397,19.39834,21.053434,21.597988,21.019783,21.732658,20.582079,21.0792,20.028698,20.317827,21.603207,22.246954,21.01343,21.488035,19.96291,20.142456,0.0,4.0,0.0,4.0,4.0,4.0,0.0,0.0
27113,2023.0,7.0,8.0,6.0,21.320505,22.02137,19.359324,19.403486,21.088072,21.644337,21.018501,21.686293,20.855684,21.418741,20.217134,20.554255,21.776749,22.38861,21.01203,21.446354,19.785564,19.81183,0.0,4.0,0.0,4.0,4.0,4.0,0.0,0.0
27114,2023.0,7.0,8.0,7.0,21.37228,22.078468,19.790941,20.217846,21.130844,21.696709,21.019611,21.656685,20.965435,21.531382,19.994242,20.124918,21.850704,22.47123,21.012556,21.417221,20.533066,21.275227,4.0,4.0,0.0,4.0,0.0,4.0,0.0,4.0
27115,2023.0,7.0,8.0,7.0,21.427156,22.146187,20.005445,20.465889,21.178812,21.76066,21.054705,21.669195,21.114485,21.736692,20.282532,20.653715,21.93642,22.570585,21.010912,21.389963,20.887804,21.674181,4.0,4.0,4.0,4.0,4.0,4.0,0.0,4.0
27116,2023.0,7.0,8.0,7.0,21.480373,22.212294,20.08904,20.57491,21.226105,21.82348,21.08373,21.70376,21.22629,21.860958,20.095467,20.192299,22.017954,22.665028,21.010406,21.368666,21.02493,21.819735,4.0,4.0,4.0,4.0,0.0,4.0,0.0,4.0
27117,2023.0,7.0,8.0,7.0,21.531214,22.27571,19.997435,20.382584,21.269405,21.878849,21.10651,21.726934,20.718388,20.838732,20.401333,20.807924,22.092262,22.747643,21.645935,22.53277,21.139008,21.936712,0.0,4.0,4.0,0.0,4.0,4.0,4.0,4.0
27118,2023.0,7.0,8.0,7.0,21.592443,22.36036,19.81035,20.005991,20.980137,21.373617,21.006807,21.562988,21.191334,21.857452,20.576002,21.008015,21.5286,21.630459,21.87834,22.742805,20.491367,20.634335,0.0,0.0,0.0,4.0,4.0,0.0,4.0,0.0
27119,2023.0,7.0,8.0,7.0,21.641314,22.420021,19.736431,19.925932,21.240536,21.865755,21.01749,21.580814,20.825377,20.986977,20.3549,20.53232,21.300522,21.335318,21.160843,21.305775,20.227146,20.30651,0.0,4.0,0.0,0.0,0.0,0.0,0.0,0.0
27120,2023.0,7.0,8.0,8.0,21.124512,21.424522,19.638697,19.74717,21.36442,22.01907,21.162567,21.824347,20.59985,20.68556,20.261074,20.395098,21.256954,21.296755,21.008802,21.210041,20.179039,20.262486,0.0,4.0,4.0,0.0,0.0,0.0,0.0,0.0
27121,2023.0,7.0,8.0,8.0,21.50952,22.307478,19.58822,19.689869,20.885426,21.092058,20.69969,20.91307,20.569387,20.6579,20.174726,20.213102,21.246723,21.298174,20.855171,20.928799,20.170773,20.264505,0.0,0.0,0.0,0.0,0.0,0.0,0.0,0.0
27122,2023.0,7.0,8.0,8.0,21.636106,22.45788,19.573885,19.679333,20.72037,20.884869,20.53968,20.718685,20.576685,20.676569,20.157066,20.179182,21.251022,21.314754,20.813528,20.884048,20.178234,20.283041,0.0,0.0,0.0,0.0,0.0,0.0,0.0,0.0
27123,2023.0,7.0,8.0,8.0,21.14015,21.486105,19.565922,19.67718,21.276072,21.989063,20.48985,20.68915,21.226645,21.88764,20.1694,20.191166,21.188532,21.19204,20.727066,20.730337,20.090675,20.105835,0.0,4.0,0.0,4.0,0.0,0.0,0.0,0.0
27124,2023.0,7.0,8.0,8.0,20.992615,21.305506,19.560637,19.67763,21.398304,22.110638,20.356432,20.47252,20.904776,21.14109,20.187933,20.209942,21.891182,22.534294,21.650625,22.501514,20.067123,20.07738,0.0,4.0,0.0,0.0,0.0,4.0,4.0,0.0
27125,2023.0,7.0,8.0,8.0,20.944326,21.26751,19.557707,19.680548,20.938557,21.214062,20.277021,20.377764,20.762714,20.897402,20.211355,20.233961,21.555313,21.764988,21.164595,21.385921,20.066242,20.077229,0.0,0.0,0.0,0.0,0.0,0.0,0.0,0.0
27126,2023.0,7.0,8.0,9.0,20.915277,21.251236,19.55671,19.685482,21.377811,22.125494,20.231688,20.33633,20.759932,20.895899,20.238466,20.26174,21.421446,21.530743,20.982685,21.09417,20.07053,20.08207,0.0,4.0,0.0,0.0,0.0,0.0,0.0,0.0
27127,2023.0,7.0,8.0,9.0,20.796497,21.044544,19.556103,19.689615,20.975393,21.276041,20.848814,21.533823,20.653822,20.67452,20.267225,20.289616,21.417429,21.525581,20.96007,21.070448,20.078203,20.08919,0.0,0.0,4.0,0.0,0.0,0.0,0.0,0.0
27128,2023.0,7.0,8.0,9.0,21.37814,22.179924,19.556437,19.694513,21.383259,22.124092,20.443878,20.642445,20.624538,20.629791,20.298218,20.3194,21.326818,21.337076,20.960535,21.076397,20.089293,20.09954,0.0,4.0,0.0,0.0,0.0,0.0,0.0,0.0
27129,2023.0,7.0,8.0,9.0,21.061722,21.477242,19.94737,20.426174,21.005245,21.328102,21.017906,21.816107,20.627516,20.631319,20.331713,20.351305,21.304842,21.299343,20.857864,20.86618,20.103846,20.113228,4.0,0.0,4.0,0.0,0.0,0.0,0.0,0.0
27130,2023.0,7.0,8.0,9.0,21.545584,22.441156,20.004854,20.465538,20.854439,21.126537,20.648373,20.984018,20.637589,20.6405,20.368324,20.387331,21.308807,21.3023,20.828554,20.823734,20.121544,20.13035,0.0,0.0,0.0,0.0,0.0,0.0,0.0,0.0
27131,2023.0,7.0,8.0,9.0,21.748295,22.652046,19.769123,19.961357,20.80844,21.089914,21.026827,21.81228,20.653015,20.655128,20.797363,21.1557,21.317822,21.310669,20.824621,20.819138,20.141718,20.149685,0.0,0.0,4.0,0.0,4.0,0.0,0.0,0.0
27132,2023.0,7.0,8.0,10.0,21.27931,21.725248,19.69269,19.85231,20.64904,20.80313,20.672552,21.042265,21.339262,21.92985,20.988712,21.39629,21.330698,21.322737,21.778124,22.61793,20.162834,20.169691,0.0,0.0,0.0,4.0,4.0,0.0,4.0,0.0
27133,2023.0,7.0,8.0,10.0,21.12091,21.51289,19.675718,19.835056,20.561747,20.68814,20.539482,20.849728,21.109432,21.34287,21.240284,21.79593,21.344551,21.334782,21.369425,21.6475,20.185118,20.19013,0.0,0.0,0.0,0.0,4.0,0.0,0.0,0.0
27134,2023.0,7.0,8.0,10.0,21.073633,21.468512,20.055069,20.551329,21.16117,21.853178,21.063639,21.853535,21.038036,21.209818,21.049591,21.331785,21.359262,21.347645,21.198833,21.345745,20.207747,20.210735,4.0,4.0,4.0,0.0,0.0,0.0,0.0,0.0
27135,2023.0,7.0,8.0,10.0,21.043133,21.442001,19.99033,20.37984,21.4219,22.225819,20.708555,21.077747,21.733406,22.494726,21.353525,21.880129,21.374916,21.361763,21.181654,21.318937,20.230946,20.232147,0.0,4.0,0.0,4.0,4.0,0.0,0.0,0.0
27136,2023.0,7.0,8.0,10.0,21.492624,22.29283,19.821678,20.023834,21.526793,22.33051,20.540024,20.867296,21.4146,21.663475,21.22714,21.50221,22.167555,22.847368,21.188766,21.325996,20.255577,20.255083,0.0,4.0,0.0,0.0,0.0,4.0,0.0,0.0
27137,2023.0,7.0,8.0,10.0,21.186237,21.631868,19.756777,19.927591,21.083324,21.447798,20.51817,20.844868,21.944466,22.692755,21.513775,22.029041,22.496304,23.314583,21.06637,21.067644,20.278463,20.277258,0.0,0.0,0.0,4.0,4.0,4.0,0.0,0.0
27138,2023.0,7.0,8.0,11.0,21.08543,21.496231,19.744358,19.916063,20.944714,21.263206,20.917858,21.581032,22.144579,22.926107,21.349812,21.627924,21.967604,22.200209,21.97306,22.794033,20.300283,20.298471,0.0,0.0,4.0,4.0,0.0,0.0,4.0,0.0
27139,2023.0,7.0,8.0,11.0,21.052485,21.457531,20.119507,20.621525,20.895882,21.207952,20.664997,21.031082,21.618752,21.847599,21.274038,21.481812,21.81993,21.950954,21.498512,21.703865,20.317337,20.311491,4.0,0.0,0.0,0.0,0.0,0.0,0.0,0.0
27140,2023.0,7.0,8.0,11.0,21.502983,22.303312,19.987011,20.332281,21.395939,22.165218,21.109764,21.900259,21.46318,21.607967,21.111765,21.13907,22.519695,23.276794,21.353123,21.478207,20.332056,20.32181,0.0,4.0,4.0,0.0,0.0,4.0,0.0,0.0
27141,2023.0,7.0,8.0,11.0,21.799288,22.720495,20.030485,20.408182,21.613132,22.408712,21.327633,22.142878,21.424648,21.557049,21.027735,21.008661,22.772108,23.55408,21.326239,21.441044,20.348253,20.334417,0.0,4.0,4.0,0.0,0.0,4.0,0.0,0.0
27142,2023.0,7.0,8.0,11.0,21.312845,21.73703,20.046469,20.419205,21.663858,22.449286,20.85639,21.205957,21.411406,21.537058,21.021244,20.994864,22.841791,23.608143,21.319021,21.427675,20.362236,20.344416,0.0,4.0,0.0,0.0,0.0,4.0,0.0,0.0
27143,2023.0,7.0,8.0,11.0,21.173231,21.554337,19.876204,20.06349,21.197102,21.535652,20.710554,21.011532,21.267597,21.249743,21.022026,20.989895,22.247276,22.414333,21.19285,21.17134,20.376543,20.354975,0.0,0.0,0.0,0.0,0.0,0.0,0.0,0.0
27144,2023.0,7.0,8.0,12.0,21.119055,21.491323,19.800894,19.948338,21.028229,21.303465,20.654272,20.945263,21.212505,21.169577,21.025719,20.98853,22.074883,22.150227,21.152655,21.113556,20.391098,20.366394,0.0,0.0,0.0,0.0,0.0,0.0,0.0,0.0
27145,2023.0,7.0,8.0,12.0,20.993984,21.29271,20.202477,20.71504,21.525593,22.279222,21.092037,21.76624,21.197886,21.152489,21.031626,20.989634,22.749605,23.45226,21.142796,21.10158,20.404312,20.375343,4.0,4.0,4.0,0.0,0.0,4.0,0.0,0.0
27146,2023.0,7.0,8.0,12.0,21.007025,21.341112,19.970304,20.2173,21.706984,22.465174,20.98594,21.497862,21.18464,21.135456,21.039211,20.992548,22.97358,23.698368,21.135454,21.091087,20.420153,20.388105,0.0,4.0,0.0,0.0,0.0,4.0,0.0,0.0
27147,2023.0,7.0,8.0,12.0,21.533724,22.339653,20.256456,20.748476,21.747715,22.495975,21.299065,22.0616,21.176336,21.124289,21.047611,20.996437,23.031776,23.74232,21.13224,21.08529,20.43522,20.399485,4.0,4.0,4.0,0.0,0.0,4.0,0.0,0.0
27148,2023.0,7.0,8.0,12.0,21.19823,21.603752,20.150692,20.499681,21.268103,21.567102,20.970566,21.439848,21.172607,21.11757,21.056337,21.001017,22.4243,22.54011,21.132254,21.082865,20.448935,20.410315,0.0,0.0,0.0,0.0,0.0,0.0,0.0,0.0
27149,2023.0,7.0,8.0,12.0,21.037169,21.394943,20.45848,21.097532,21.040262,21.282986,21.309072,22.063389,21.16849,21.110922,21.064913,21.006105,22.187912,22.220428,21.131582,21.080126,20.462574,20.421219,4.0,0.0,4.0,0.0,0.0,0.0,0.0,0.0
27150,2023.0,7.0,8.0,13.0,21.007622,21.356945,20.572363,21.218332,21.548586,22.27837,21.400143,22.14967,21.166004,21.106482,21.44154,21.70465,22.138975,22.162256,21.130898,21.077784,20.473516,20.42993,4.0,4.0,4.0,0.0,4.0,0.0,0.0,0.0
27151,2023.0,7.0,8.0,13.0,21.004602,21.355942,20.265884,20.587002,21.133587,21.395617,20.962088,21.360363,21.158434,21.092758,21.234596,21.227818,22.094013,22.101116,21.125801,21.06777,20.479582,20.430271,0.0,0.0,0.0,0.0,0.0,0.0,0.0,0.0
27152,2023.0,7.0,8.0,13.0,21.00908,21.367224,20.117567,20.378164,21.006027,21.288641,21.019115,21.489115,21.147846,21.076155,21.105234,21.027824,21.971767,21.889025,21.117521,21.054214,20.48302,20.42816,0.0,0.0,0.0,0.0,0.0,0.0,0.0,0.0
27153,2023.0,7.0,8.0,13.0,21.50062,22.282818,20.3502,20.813967,21.440947,22.1087,21.305857,21.992048,21.1382,21.062368,21.09041,21.00699,21.92361,21.84056,21.109558,21.042524,20.484835,20.425064,4.0,4.0,4.0,0.0,0.0,0.0,0.0,0.0
27154,2023.0,7.0,8.0,13.0,21.09961,21.418228,20.439348,20.919388,20.974184,21.243654,21.381495,22.059664,21.1286,21.048214,21.080376,20.98995,21.891113,21.803335,21.101383,21.03026,20.485004,20.420769,4.0,0.0,4.0,0.0,0.0,0.0,0.0,0.0
27155,2023.0,7.0,8.0,13.0,21.005352,21.351519,20.188528,20.416012,21.405088,22.059662,20.960943,21.304802,21.117113,21.032322,21.070187,20.973986,21.858454,21.767838,21.09212,21.017874,20.484392,20.416002,0.0,4.0,0.0,0.0,0.0,0.0,0.0,0.0
27156,2023.0,7.0,8.0,14.0,21.003979,21.351257,20.061264,20.243572,20.971598,21.205519,21.017315,21.42584,21.10534,21.017048,21.059122,20.958101,21.828262,21.734922,21.08313,21.005816,20.482689,20.41083,0.0,0.0,0.0,0.0,0.0,0.0,0.0,0.0
27157,2023.0,7.0,8.0,14.0,20.861717,21.075348,20.029463,20.209614,21.404501,22.037882,20.746979,20.906109,21.099249,21.0141,21.399706,21.606857,21.80551,21.71578,21.07854,21.003891,20.485258,20.415977,0.0,4.0,0.0,0.0,4.0,0.0,0.0,0.0
27158,2023.0,7.0,8.0,14.0,21.451834,22.216482,20.326237,20.761936,21.522121,22.159119,21.25194,21.915373,21.095148,21.013857,21.20759,21.178255,21.788368,21.702604,21.075697,21.004326,20.48818,20.422195,4.0,4.0,4.0,0.0,0.0,0.0,0.0,0.0
27159,2023.0,7.0,8.0,14.0,21.08245,21.39492,20.082247,20.237812,21.069042,21.265512,20.859005,21.073545,21.09043,21.013493,21.110928,21.02567,21.771654,21.690397,21.07267,21.005009,21.32541,22.00663,0.0,0.0,0.0,0.0,0.0,0.0,0.0,4.0
27160,2023.0,7.0,8.0,14.0,20.94164,21.191662,20.042988,20.217106,21.49414,22.1424,21.283611,21.95001,21.761717,22.28972,21.090668,21.008213,21.755281,21.67853,21.069202,21.005585,20.860218,20.944492,0.0,4.0,4.0,4.0,0.0,0.0,0.0,0.0
27161,2023.0,7.0,8.0,14.0,21.495718,22.253622,20.413012,20.910418,21.095478,21.29814,20.881802,21.094051,21.363695,21.399828,21.435686,21.672173,21.739376,21.667376,21.065203,21.005672,21.502542,22.21293,4.0,0.0,0.0,0.0,4.0,0.0,0.0,4.0
27162,2023.0,7.0,8.0,15.0,21.665928,22.451015,20.551083,21.084295,21.515667,22.167051,21.309563,21.978228,21.23607,21.220045,21.23714,21.236208,21.72407,21.656542,21.061237,21.005701,20.976593,21.067501,4.0,4.0,4.0,0.0,0.0,0.0,0.0,0.0
27163,2023.0,7.0,8.0,15.0,21.73968,22.519175,20.245188,20.461649,21.620417,22.258324,21.414675,22.066473,21.223207,21.214062,21.180819,21.174238,21.708658,21.644129,21.056301,21.00344,20.804861,20.81508,0.0,4.0,4.0,0.0,0.0,0.0,0.0,0.0
27164,2023.0,7.0,8.0,15.0,21.236023,21.51899,20.56115,21.09583,21.65964,22.291203,21.454971,22.10029,21.210075,21.202406,21.177982,21.178226,21.694807,21.633253,21.051855,21.001394,20.770504,20.780813,4.0,4.0,4.0,0.0,0.0,0.0,0.0,0.0
27165,2023.0,7.0,8.0,15.0,21.08853,21.327686,20.286547,20.50115,21.699139,22.327002,21.49573,22.13734,21.155716,21.104605,21.11135,21.056246,21.681885,21.622759,21.048187,20.999842,20.748877,20.76003,0.0,4.0,4.0,0.0,0.0,0.0,0.0,0.0
27166,2023.0,7.0,8.0,15.0,21.640228,22.404295,20.584484,21.10494,21.217503,21.396286,21.009869,21.197855,21.13228,21.078878,21.083746,21.023533,21.670406,21.613636,21.045473,20.998978,20.685602,20.647776,4.0,0.0,0.0,0.0,0.0,0.0,0.0,0.0
27167,2023.0,7.0,8.0,15.0,21.232355,21.527283,20.678102,21.199087,21.62304,22.24883,20.83125,20.957167,21.120403,21.067932,21.071259,21.012045,22.375538,22.96397,21.043806,20.998644,20.656725,20.614136,4.0,4.0,0.0,0.0,0.0,4.0,0.0,0.0
27168,2023.0,7.0,8.0,16.0,21.680302,22.438295,20.365965,20.582348,21.724733,22.348728,21.365593,22.015099,21.102654,21.055302,21.05077,20.997643,21.917536,21.97657,21.034456,20.993807,20.634342,20.595846,0.0,4.0,4.0,0.0,0.0,0.0,0.0,0.0
27169,2023.0,7.0,8.0,16.0,21.81432,22.581408,20.260105,20.434761,21.237532,21.406044,21.483707,22.127045,21.063597,21.032614,21.004316,20.971096,21.744413,21.738115,21.005602,20.979,20.594952,20.571083,0.0,0.0,4.0,0.0,0.0,0.0,0.0,0.0
27170,2023.0,7.0,8.0,16.0,21.316727,21.595394,20.235426,20.415144,21.076515,21.194824,21.531078,22.172655,21.027067,21.009312,20.95999,20.942692,21.695219,21.704247,20.978052,20.96279,20.559504,20.547604,0.0,0.0,4.0,0.0,0.0,0.0,0.0,0.0
27171,2023.0,7.0,8.0,16.0,21.177635,21.419744,20.520138,20.951471,21.60752,22.244156,21.576872,22.219551,21.004246,20.99359,20.931498,20.922644,22.402227,23.079458,20.961243,20.951962,20.537699,20.532337,4.0,4.0,4.0,0.0,0.0,4.0,0.0,0.0
27172,2023.0,7.0,8.0,16.0,21.729788,22.497908,20.636497,21.104103,21.735949,22.376154,21.10084,21.298765,20.992971,20.984755,20.917122,20.911081,22.557774,23.23626,20.9542,20.946932,20.527607,20.52462,4.0,4.0,0.0,0.0,0.0,4.0,0.0,0.0
27173,2023.0,7.0,8.0,16.0,21.313425,21.603884,20.390928,20.616276,21.783533,22.42151,20.93076,21.07409,20.990707,20.98257,20.913944,20.907906,22.634333,23.309607,20.955263,20.94804,20.526283,20.5236,0.0,4.0,0.0,0.0,0.0,4.0,0.0,0.0
27174,2023.0,7.0,8.0,17.0,21.786564,22.564661,20.67796,21.188091,21.830154,22.4695,21.472784,22.145811,20.99487,20.985693,21.283642,21.596844,22.094135,22.221722,20.961853,20.953716,20.530336,20.526869,4.0,4.0,4.0,0.0,4.0,0.0,0.0,0.0
27175,2023.0,7.0,8.0,17.0,21.929974,22.723436,20.792221,21.330854,21.867805,22.506393,21.08672,21.315845,21.002176,20.990978,21.106,21.17601,22.626991,23.283249,20.971159,20.961246,21.368183,22.102678,4.0,4.0,0.0,0.0,0.0,4.0,0.0,4.0
27176,2023.0,7.0,8.0,17.0,21.456484,21.783587,20.840202,21.377954,21.901838,22.540031,20.913599,21.070446,21.011614,20.998545,21.005468,20.998474,22.179428,22.328676,21.930914,22.765928,20.969837,21.154898,4.0,4.0,0.0,0.0,0.0,0.0,4.0,0.0
27177,2023.0,7.0,8.0,17.0,21.882175,22.660393,20.545834,20.795519,21.933474,22.57155,20.864933,21.022316,21.689333,22.266253,21.000479,20.986687,21.979908,22.003954,21.433355,21.59812,20.809032,20.879114,0.0,4.0,0.0,4.0,0.0,0.0,0.0,0.0
27178,2023.0,7.0,8.0,17.0,21.475773,21.80236,20.790367,21.298758,21.96309,22.601011,20.760511,20.849401,21.353918,21.476461,21.00287,20.987469,22.652897,23.308134,21.257467,21.306683,20.787476,20.850937,4.0,4.0,0.0,0.0,0.0,4.0,0.0,0.0
27179,2023.0,7.0,8.0,17.0,21.899273,22.672688,20.899117,21.43987,21.991068,22.62879,21.32587,21.949457,21.241411,21.296349,21.007069,20.991205,22.217133,22.369339,22.1222,22.955528,21.622822,22.42794,4.0,4.0,4.0,0.0,0.0,0.0,4.0,4.0
27180,2023.0,7.0,8.0,18.0,22.036232,22.82798,20.940924,21.48121,22.01817,22.65602,21.01208,21.242228,21.90208,22.540834,21.36991,21.667913,22.726786,23.383665,21.587042,21.751547,21.140514,21.331532,4.0,4.0,0.0,4.0,4.0,4.0,0.0,0.0
27181,2023.0,7.0,8.0,18.0,22.088783,22.875654,20.977766,21.516764,22.043148,22.679947,21.01584,21.300756,21.532267,21.700073,21.544369,21.914137,22.260603,22.398336,21.38947,21.43425,20.944782,21.014845,4.0,4.0,0.0,0.0,4.0,0.0,0.0,0.0
27182,2023.0,7.0,8.0,18.0,22.140429,22.923578,20.674555,20.920769,21.565792,21.765482,21.430635,22.076694,21.981781,22.63504,21.332056,21.45829,22.011816,22.04379,21.336128,21.37579,20.898947,20.963125,0.0,0.0,4.0,4.0,0.0,0.0,0.0,0.0
27183,2023.0,7.0,8.0,18.0,22.17951,22.960365,20.954588,21.502544,21.973509,22.631317,21.566551,22.23393,21.56873,21.7238,21.255426,21.334612,21.962765,21.982927,21.318012,21.358217,20.884266,20.948536,4.0,4.0,4.0,0.0,0.0,0.0,0.0,0.0
27184,2023.0,7.0,8.0,18.0,21.688452,22.009571,20.699038,20.959284,22.050997,22.692362,21.627115,22.289867,21.413353,21.474945,21.246897,21.324686,22.650002,23.303907,22.186731,23.007956,20.807371,20.803751,0.0,4.0,4.0,0.0,0.0,4.0,4.0,0.0
27185,2023.0,7.0,8.0,18.0,21.511395,21.773884,20.573763,20.777529,22.074518,22.709354,21.170935,21.392778,21.376305,21.42872,21.53121,21.852617,22.816967,23.494823,21.65823,21.819332,20.775969,20.766085,0.0,4.0,0.0,0.0,4.0,4.0,0.0,0.0
27186,2023.0,7.0,8.0,19.0,22.046606,22.831707,20.448027,20.557714,22.104027,22.737871,21.004995,21.165922,21.295416,21.2855,21.297802,21.353481,22.879654,23.551207,21.456282,21.500761,20.762707,20.754288,0.0,4.0,0.0,0.0,0.0,4.0,0.0,0.0
27187,2023.0,7.0,8.0,19.0,21.615568,21.920507,20.376696,20.460213,22.121548,22.746655,21.004868,21.209764,21.927252,22.506023,21.182652,21.174982,22.927681,23.587902,21.403536,21.43897,20.748716,20.739601,0.0,4.0,0.0,4.0,0.0,4.0,0.0,0.0
27188,2023.0,7.0,8.0,19.0,21.987398,22.747625,20.330286,20.407015,22.13686,22.752974,21.473251,22.104727,21.630728,21.756693,21.143772,21.130688,22.969826,23.61938,21.365284,21.395784,20.733475,20.724152,0.0,4.0,4.0,0.0,0.0,4.0,0.0,0.0
27189,2023.0,7.0,8.0,19.0,21.556307,21.836521,20.729893,21.178661,22.147758,22.755285,21.07536,21.259892,21.461681,21.499943,21.1134,21.101385,22.991734,23.63128,21.295176,21.28491,20.715912,20.708145,4.0,4.0,0.0,0.0,0.0,4.0,0.0,0.0
27190,2023.0,7.0,8.0,19.0,21.991745,22.725111,20.845095,21.307774,22.157232,22.756153,21.004847,21.198963,21.385952,21.421473,21.071432,21.067846,22.401594,22.508232,22.181137,23.008253,20.6874,20.6854,4.0,4.0,0.0,0.0,0.0,0.0,4.0,0.0
27191,2023.0,7.0,8.0,19.0,22.172138,22.913378,20.563236,20.744833,22.166664,22.757011,21.00571,21.224968,21.287891,21.288076,21.414036,21.759348,22.093779,22.095684,22.49837,23.324306,20.656044,20.658188,0.0,4.0,0.0,0.0,4.0,0.0,4.0,0.0
27192,2023.0,7.0,8.0,20.0,22.208818,22.938713,20.801329,21.258423,22.174772,22.756626,21.006598,21.236246,21.885372,22.47243,21.211998,21.29631,22.677378,23.286125,21.77316,21.879358,21.511866,22.310637,4.0,4.0,0.0,4.0,0.0,4.0,0.0,4.0
27193,2023.0,7.0,8.0,20.0,21.703465,21.957762,20.594654,20.774822,22.177294,22.746447,21.41226,21.991497,22.107426,22.698652,21.065987,21.118153,22.840338,23.44687,22.397295,23.259645,21.07574,21.202202,0.0,4.0,4.0,4.0,0.0,4.0,4.0,0.0
27194,2023.0,7.0,8.0,20.0,21.507967,21.690643,20.464668,20.578777,21.679882,21.806648,20.991041,21.206697,22.147097,22.722654,21.359716,21.698118,22.252718,22.310368,22.510645,23.30279,21.672653,22.425192,0.0,0.0,0.0,4.0,4.0,0.0,4.0,4.0
27195,2023.0,7.0,8.0,20.0,22.032104,22.74466,20.403284,20.49967,21.403322,21.446844,21.01415,21.254965,22.180696,22.740961,21.153713,21.227606,22.689377,23.29878,21.76048,21.831272,21.175844,21.269243,0.0,0.0,0.0,4.0,0.0,4.0,0.0,0.0
27196,2023.0,7.0,8.0,20.0,21.638348,21.84934,20.327291,20.379942,21.29236,21.314022,21.005709,21.238527,21.634787,21.68293,20.986856,21.005373,22.195377,22.225979,21.431295,21.417631,20.869638,20.885866,0.0,0.0,0.0,0.0,0.0,0.0,0.0,0.0
27197,2023.0,7.0,8.0,20.0,21.99346,22.667505,20.276934,20.31656,21.214552,21.223093,21.411533,21.9909,21.370459,21.351618,20.923588,20.92903,21.918055,21.871141,21.33033,21.308422,20.781565,20.784311,0.0,0.0,4.0,0.0,0.0,0.0,0.0,0.0
27198,2023.0,7.0,8.0,21.0,21.549303,21.742943,20.667372,21.066477,21.177473,21.194996,20.980017,21.179878,21.283651,21.250988,21.25236,21.57463,21.83728,21.78132,21.270716,21.242033,21.556679,22.28718,4.0,0.0,0.0,0.0,4.0,0.0,0.0,4.0
27199,2023.0,7.0,8.0,21.0,21.316677,21.446009,20.482111,20.598644,21.757929,22.324553,21.338387,21.852201,21.842594,22.357838,21.064981,21.120684,22.44493,22.98838,21.21583,21.18473,21.085442,21.143381,0.0,4.0,4.0,4.0,0.0,4.0,0.0,0.0
27200,2023.0,7.0,8.0,21.0,21.263334,21.388096,20.75222,21.151842,21.35184,21.437628,21.462893,21.995586,21.417233,21.4415,21.245653,21.505638,21.962364,21.966581,21.198212,21.187677,21.659586,22.33401,4.0,0.0,4.0,0.0,4.0,0.0,0.0,4.0
27201,2023.0,7.0,8.0,21.0,21.231426,21.357853,20.491676,20.593445,21.726048,22.216085,20.987827,21.150751,21.23879,21.19177,21.310534,21.579159,22.44295,22.960852,22.041227,22.79982,21.818283,22.49261,0.0,4.0,0.0,0.0,4.0,4.0,4.0,4.0
27202,2023.0,7.0,8.0,21.0,21.234434,21.398508,20.297766,20.322815,21.378998,21.434439,21.014395,21.220442,21.164516,21.112017,21.325537,21.583918,22.009817,21.994425,21.528025,21.54545,21.160395,21.187866,0.0,0.0,0.0,0.0,4.0,0.0,0.0,0.0
27203,2023.0,7.0,8.0,21.0,21.220572,21.387136,20.64499,21.005047,21.120535,21.09159,21.007275,21.210728,21.146091,21.127325,21.021942,21.000172,22.405334,22.894478,21.240557,21.19368,20.86774,20.824581,4.0,0.0,0.0,0.0,0.0,4.0,0.0,0.0
27204,2023.0,7.0,8.0,22.0,21.827873,22.546625,20.425018,20.486727,21.037937,20.99573,21.008436,21.214693,21.735893,22.260357,21.218315,21.464518,22.593456,23.107866,21.16091,21.105589,20.784515,20.73829,0.0,0.0,0.0,4.0,4.0,4.0,0.0,0.0
27205,2023.0,7.0,8.0,22.0,21.425833,21.586134,20.25355,20.250475,21.031872,21.03135,21.006414,21.215103,21.344234,21.325459,20.988647,20.958181,22.018127,21.97367,21.107607,21.04647,20.72668,20.675495,0.0,0.0,0.0,0.0,0.0,0.0,0.0,0.0
27206,2023.0,7.0,8.0,22.0,21.172567,21.254713,20.227488,20.239635,21.01037,21.01262,21.013569,21.23208,21.106668,21.027079,20.824228,20.746885,21.762005,21.64764,21.11245,21.094858,20.677267,20.620655,0.0,0.0,0.0,0.0,0.0,0.0,0.0,0.0
27207,2023.0,7.0,8.0,22.0,21.114317,21.193777,20.20911,20.22102,21.619434,22.184834,21.005966,21.218311,21.616491,22.04122,20.820948,20.793528,22.368658,22.866972,21.092516,21.069302,20.679047,20.661581,0.0,4.0,0.0,4.0,0.0,4.0,0.0,0.0
27208,2023.0,7.0,8.0,22.0,21.800943,22.526281,20.18784,20.197245,21.227081,21.250154,21.007208,21.222517,21.807508,22.231974,20.801245,20.772717,21.923275,21.864109,21.067877,21.042622,20.660233,20.640142,0.0,0.0,0.0,4.0,0.0,0.0,0.0,0.0
27209,2023.0,7.0,8.0,22.0,21.37632,21.497906,20.16748,20.173697,20.997478,20.981152,21.007185,21.223661,21.312157,21.252726,20.77089,20.739397,21.676113,21.551294,21.043346,21.015034,20.633194,20.610676,0.0,0.0,0.0,0.0,0.0,0.0,0.0,0.0
27210,2023.0,7.0,8.0,23.0,21.097214,21.13402,20.146717,20.148033,21.008123,21.030949,21.014673,21.2391,21.073341,20.95526,20.74012,20.70406,21.59125,21.45423,21.019812,20.988752,20.607615,20.582253,0.0,0.0,0.0,0.0,0.0,0.0,0.0,0.0
27211,2023.0,7.0,8.0,23.0,21.043991,21.087252,20.133837,20.137024,20.963213,20.96359,20.815046,20.852964,21.59857,22.00923,20.717009,20.68253,21.629993,21.585596,21.001482,20.971184,20.587925,20.563454,0.0,0.0,0.0,4.0,0.0,0.0,0.0,0.0
27212,2023.0,7.0,8.0,23.0,21.104626,21.24066,20.122557,20.125643,20.931076,20.926882,20.72177,20.722702,21.738895,22.156,20.696459,20.660728,21.613686,21.568136,20.985277,20.954298,20.57091,20.545677,0.0,0.0,0.0,4.0,0.0,0.0,0.0,0.0
27213,2023.0,7.0,8.0,23.0,21.099297,21.237984,20.113762,20.118643,20.90951,20.908314,20.686047,20.69114,21.257183,21.205322,20.679602,20.645452,21.590899,21.54932,21.84887,22.594912,20.556366,20.532097,0.0,0.0,0.0,0.0,0.0,0.0,4.0,0.0
27214,2023.0,7.0,8.0,23.0,21.101025,21.252579,20.104706,20.11035,21.516308,22.068575,20.653975,20.659142,21.65695,22.049486,20.662445,20.62835,21.567625,21.526236,21.219843,21.201283,20.541832,20.517548,0.0,4.0,0.0,4.0,0.0,0.0,0.0,0.0
27215,2023.0,7.0,8.0,23.0,21.091057,21.243288,20.09614,20.102528,21.148647,21.24232,20.626669,20.632206,21.79399,22.20962,20.646313,20.612299,21.545408,21.504051,21.027319,20.938221,20.528156,20.503878,0.0,0.0,0.0,4.0,0.0,0.0,0.0,0.0
27216,2023.0,7.0,9.0,0.0,21.079803,21.23186,20.088026,20.095102,20.89832,20.828049,20.602476,20.60846,21.285809,21.215857,20.631186,20.597258,21.524963,21.48363,20.977934,20.889025,20.515343,20.491081,0.0,0.0,0.0,0.0,0.0,0.0,0.0,0.0
27217,2023.0,7.0,9.0,0.0,21.067598,21.218292,20.078974,20.085428,20.822504,20.735388,20.578684,20.583235,21.123764,21.009005,20.615698,20.580603,21.50462,21.462145,20.939209,20.849037,20.502401,20.477316,0.0,0.0,0.0,0.0,0.0,0.0,0.0,0.0
27218,2023.0,7.0,9.0,0.0,21.05579,21.20573,20.070559,20.076933,20.864153,20.860367,20.55806,20.56271,21.060818,20.949451,20.601645,20.566221,21.486034,21.443296,20.967676,20.935932,20.490425,20.465023,0.0,0.0,0.0,0.0,0.0,0.0,0.0,0.0
27219,2023.0,7.0,9.0,0.0,21.664,22.356636,20.062988,20.070017,20.849537,20.848274,20.540274,20.54648,21.08254,21.04544,20.589098,20.554256,21.469254,21.42719,20.957994,20.926693,20.479467,20.454315,0.0,0.0,0.0,0.0,0.0,0.0,0.0,0.0
27220,2023.0,7.0,9.0,0.0,21.191536,21.322449,20.054747,20.061657,20.8302,20.82967,20.522043,20.528212,21.0637,21.029284,20.57616,20.540981,21.45242,21.410063,20.943218,20.911848,20.468346,20.44288,0.0,0.0,0.0,0.0,0.0,0.0,0.0,0.0
27221,2023.0,7.0,9.0,0.0,21.018642,21.073118,20.04584,20.051863,20.809782,20.807936,20.503431,20.508205,21.034212,20.997665,20.562866,20.526525,21.435701,21.392225,20.92767,20.89532,20.457056,20.430769,0.0,0.0,0.0,0.0,0.0,0.0,0.0,0.0
27222,2023.0,7.0,9.0,1.0,20.975342,21.031055,20.037743,20.0436,20.791515,20.789776,20.487015,20.491774,21.00893,20.972137,20.550842,20.514214,21.420486,21.376778,20.913256,20.880629,20.4466,20.420038,0.0,0.0,0.0,0.0,0.0,0.0,0.0,0.0
27223,2023.0,7.0,9.0,1.0,21.032427,21.178759,20.027182,20.030294,20.771694,20.767635,20.469036,20.471428,20.983305,20.944344,20.537071,20.498066,21.40384,21.35801,20.897747,20.863216,20.434744,20.406267,0.0,0.0,0.0,0.0,0.0,0.0,0.0,0.0
27224,2023.0,7.0,9.0,1.0,21.018944,21.159609,20.016031,20.016275,20.751905,20.745436,20.451078,20.451025,20.95838,20.917206,20.522646,20.481203,21.3869,21.3389,20.882023,20.84556,20.422398,20.391966,0.0,0.0,0.0,0.0,0.0,0.0,0.0,0.0
27225,2023.0,7.0,9.0,1.0,21.002306,21.14028,20.005806,20.004421,20.73397,20.726748,20.43483,20.433851,20.935556,20.893631,20.508778,20.466002,21.37074,21.321537,20.86688,20.829254,21.132563,21.739841,0.0,0.0,0.0,0.0,0.0,0.0,0.0,4.0
27226,2023.0,7.0,9.0,1.0,20.985048,21.119978,19.994068,19.989738,20.714575,20.704803,20.417362,20.41375,20.9118,20.867575,20.493227,20.447975,21.353361,21.301922,20.850733,20.811125,20.666029,20.696276,0.0,0.0,0.0,0.0,0.0,0.0,0.0,0.0
27227,2023.0,7.0,9.0,1.0,20.966839,21.097826,19.980728,19.972048,20.693672,20.679594,20.398678,20.390776,20.886961,20.838959,20.475784,20.426783,21.334637,21.279871,20.833448,20.791002,20.443148,20.33507,0.0,0.0,0.0,0.0,0.0,0.0,0.0,0.0
27228,2023.0,7.0,9.0,2.0,20.950613,21.079443,19.969702,19.959171,20.676098,20.660858,20.383005,20.373709,21.447931,21.911934,20.459951,20.409464,21.317509,21.261314,20.817324,20.773525,20.384464,20.27377,0.0,0.0,0.0,4.0,0.0,0.0,0.0,0.0
27229,2023.0,7.0,9.0,2.0,20.93381,21.05973,19.95741,19.943895,20.657248,20.639423,20.36605,20.354134,21.059347,21.058077,20.442463,20.389473,21.299232,21.240753,20.800213,20.75441,20.409418,20.36389,0.0,0.0,0.0,0.0,0.0,0.0,0.0,0.0
27230,2023.0,7.0,9.0,2.0,20.916569,21.038816,19.943726,19.925945,20.637018,20.615107,20.347708,20.331833,20.925776,20.870054,20.423164,20.366453,21.2797,21.217968,20.782019,20.733452,20.399397,20.356249,0.0,0.0,0.0,0.0,0.0,0.0,0.0,0.0
27231,2023.0,7.0,9.0,2.0,20.900303,21.019766,19.931034,19.910181,20.6183,20.593729,20.330677,20.31216,20.883936,20.82617,20.404388,20.345072,21.260765,21.196667,20.764177,20.71354,20.37893,20.333664,0.0,0.0,0.0,0.0,0.0,0.0,0.0,0.0
27232,2023.0,7.0,9.0,2.0,20.883821,21.00032,19.918142,19.894176,20.599672,20.572393,20.313688,20.29248,20.848448,20.788294,20.385101,20.32315,21.24158,21.175087,20.746048,20.693314,20.358366,20.310944,0.0,0.0,0.0,0.0,0.0,0.0,0.0,0.0
27233,2023.0,7.0,9.0,2.0,20.867796,20.981998,19.906237,19.880447,20.582397,20.553856,20.29791,20.275352,21.401669,21.854092,20.366447,20.303127,21.223013,21.15508,20.728266,20.674187,20.338617,20.289936,0.0,0.0,0.0,4.0,0.0,0.0,0.0,0.0
27234,2023.0,7.0,9.0,3.0,20.851166,20.962532,19.893011,19.864216,20.563845,20.532724,20.28091,20.255787,20.888565,20.757893,20.346235,20.28046,21.203402,21.133215,20.709562,20.653513,20.31826,20.267567,0.0,0.0,0.0,0.0,0.0,0.0,0.0,0.0
27235,2023.0,7.0,9.0,3.0,20.833498,20.940855,19.877878,19.844355,20.543352,20.507744,20.262068,20.232603,20.702976,20.511564,20.32378,20.25381,21.182198,21.108427,20.68944,20.630323,20.29671,20.242767,0.0,0.0,0.0,0.0,0.0,0.0,0.0,0.0
27236,2023.0,7.0,9.0,3.0,20.81676,20.921215,19.863941,19.82717,20.524446,20.486002,20.244652,20.21238,20.775803,20.719584,20.302359,20.229706,21.161907,21.085707,20.669928,20.60868,20.276224,20.220104,0.0,0.0,0.0,0.0,0.0,0.0,0.0,0.0
27237,2023.0,7.0,9.0,3.0,20.800045,20.9019,19.850912,19.81202,20.506716,20.466602,20.228298,20.1943,20.74763,20.676529,20.585466,20.777285,21.142197,21.064327,20.650757,20.587967,20.256418,20.19878,0.0,0.0,0.0,0.0,4.0,0.0,0.0,0.0
27238,2023.0,7.0,9.0,3.0,20.782,20.880331,19.836084,19.793459,20.487091,20.443624,20.21019,20.172876,20.715755,20.64141,20.36095,20.295162,21.121052,21.040375,20.630276,20.565037,20.235426,20.175266,0.0,0.0,0.0,0.0,0.0,0.0,0.0,0.0
27239,2023.0,7.0,9.0,3.0,20.764349,20.859589,19.8216,19.775557,20.46788,20.421474,20.192501,20.152235,20.685904,20.60916,20.609713,20.807348,21.100084,21.016941,20.609833,20.54243,20.214695,20.152327,0.0,0.0,0.0,0.0,4.0,0.0,0.0,0.0
27240,2023.0,7.0,9.0,4.0,20.746159,20.838053,19.806105,19.755835,20.447634,20.397518,20.173868,20.129917,20.6557,20.575958,20.707518,20.937431,21.078365,20.992317,20.588627,20.518734,20.193329,20.128391,0.0,0.0,0.0,0.0,4.0,0.0,0.0,0.0
27241,2023.0,7.0,9.0,4.0,20.730753,20.822214,19.794939,19.744738,20.431585,20.382082,20.159306,20.115763,21.20454,21.632177,20.2705,20.069315,21.059647,20.973906,20.569813,20.500145,20.174595,20.109901,0.0,0.0,0.0,4.0,0.0,0.0,0.0,0.0
27242,2023.0,7.0,9.0,4.0,20.7186,20.81255,19.78307,19.73189,20.414612,20.364487,20.143919,20.099651,20.815605,20.782028,20.120201,19.888428,21.040344,20.954008,20.550432,20.48024,20.155375,20.090124,0.0,0.0,0.0,0.0,0.0,0.0,0.0,0.0
27243,2023.0,7.0,9.0,4.0,20.716963,20.822308,19.770502,19.718002,20.397089,20.345732,20.127886,20.082403,20.545132,20.326315,20.213089,20.136768,21.020643,20.933193,20.530577,20.459396,20.13578,20.069496,0.0,0.0,0.0,0.0,0.0,0.0,0.0,0.0
27244,2023.0,7.0,9.0,4.0,20.70536,20.810152,19.758657,19.705944,20.38087,20.329514,20.112902,20.067387,21.01277,21.275963,20.19984,20.1107,21.002235,20.914747,20.511768,20.440569,20.11737,20.051048,0.0,0.0,0.0,4.0,0.0,0.0,0.0,0.0
27245,2023.0,7.0,9.0,4.0,20.691889,20.795778,19.746307,19.693113,20.36417,20.312492,20.097433,20.051586,20.604652,20.417545,20.173548,20.087467,20.983871,20.896101,20.492853,20.421436,20.819399,21.388924,0.0,0.0,0.0,0.0,0.0,0.0,0.0,4.0
27246,2023.0,7.0,9.0,5.0,20.677673,20.780346,19.733551,19.679537,20.347046,20.29463,20.081686,20.03505,20.448326,20.224113,20.149815,20.06346,20.965738,20.877337,20.473995,20.402021,20.350037,20.343718,0.0,0.0,0.0,0.0,0.0,0.0,0.0,0.0
27247,2023.0,7.0,9.0,5.0,20.663956,20.766483,19.721857,19.668282,20.331074,20.27911,20.067219,20.020887,20.517223,20.421295,20.127605,20.041794,21.635365,22.159697,20.456692,20.385136,20.78155,21.21541,0.0,0.0,0.0,0.0,0.0,4.0,0.0,4.0
27248,2023.0,7.0,9.0,5.0,20.6502,20.752733,19.710583,19.657766,20.31565,20.264368,20.053297,20.007504,21.09469,21.514711,20.10773,20.0227,21.02849,20.8604,20.440678,20.369743,20.254515,20.114836,0.0,0.0,0.0,4.0,0.0,0.0,0.0,0.0
27249,2023.0,7.0,9.0,5.0,20.636269,20.738543,19.699131,19.646809,20.300045,20.249084,20.039148,19.9936,20.72076,20.6879,20.387949,20.563421,20.84428,20.608835,20.425644,20.355116,20.080576,19.895657,0.0,0.0,0.0,0.0,4.0,0.0,0.0,0.0
27250,2023.0,7.0,9.0,5.0,21.254145,21.909388,19.688047,19.63643,20.284712,20.234486,20.025187,19.980284,20.46639,20.260927,20.201828,20.152987,20.797655,20.564396,20.412296,20.342533,20.023441,19.840895,0.0,0.0,0.0,0.0,0.0,0.0,0.0,0.0
27251,2023.0,7.0,9.0,5.0,20.861156,21.035255,20.101166,20.420273,20.269182,20.219696,20.010998,19.966751,20.379595,20.164148,20.121527,20.039974,21.570997,22.076914,20.400356,20.331379,20.083096,20.006704,4.0,0.0,0.0,0.0,0.0,4.0,0.0,0.0
27252,2023.0,7.0,9.0,6.0,20.56669,20.528584,19.885912,19.927221,20.253605,20.204792,19.996574,19.953003,21.01371,21.412169,20.387577,20.553759,21.017288,20.861197,21.289953,22.017319,20.090183,20.02533,0.0,0.0,0.0,4.0,4.0,0.0,4.0,0.0
27253,2023.0,7.0,9.0,6.0,21.281576,21.79877,20.169367,20.496508,21.09786,21.721378,21.131168,21.985739,20.701664,20.686224,20.221891,20.183136,21.021593,20.938179,20.967266,21.286951,20.849165,21.472271,4.0,0.0,0.0,0.0,0.0,0.0,0.0,4.0
27254,2023.0,7.0,9.0,6.0,20.971727,21.231125,19.98839,20.105923,21.001621,21.44789,21.00156,21.611065,20.963106,21.265207,20.11458,20.040009,21.542755,21.931108,21.415562,22.047768,20.334621,20.219343,0.0,0.0,0.0,4.0,0.0,4.0,4.0,0.0
27255,2023.0,7.0,9.0,6.0,21.257486,21.755312,19.711515,19.573503,21.171963,21.695755,21.018433,21.574234,20.58047,20.40332,20.400728,20.590948,21.755953,22.163359,21.615305,22.243595,20.061415,19.89776,0.0,4.0,0.0,0.0,4.0,4.0,4.0,0.0
27256,2023.0,7.0,9.0,6.0,20.974388,21.201288,19.569689,19.389137,20.98984,21.32965,21.016163,21.524113,21.00427,21.347515,20.574717,20.806581,21.832396,22.240057,21.717043,22.34184,20.795074,21.33683,0.0,0.0,0.0,4.0,4.0,4.0,4.0,4.0
27257,2023.0,7.0,9.0,6.0,21.28832,21.793337,19.635262,19.569338,21.060503,21.41507,21.015985,21.492718,20.646969,20.49342,20.208067,20.047447,21.899082,22.308723,21.80494,22.428751,20.343885,20.22783,0.0,4.0,0.0,0.0,0.0,4.0,4.0,0.0
27258,2023.0,7.0,9.0,7.0,21.41158,21.928165,20.109144,20.456526,21.103003,21.463127,21.134584,21.668417,21.035738,21.376728,20.338707,20.411676,21.958546,22.370659,21.881512,22.505331,20.105314,19.95741,4.0,4.0,4.0,4.0,4.0,4.0,4.0,0.0
27259,2023.0,7.0,9.0,7.0,21.450754,21.971346,19.985563,20.180065,21.132452,21.498339,20.999975,21.421331,20.627426,20.493912,20.132154,19.970995,22.006388,22.421967,21.107168,21.001228,20.057703,19.90613,0.0,4.0,0.0,0.0,0.0,4.0,0.0,0.0
27260,2023.0,7.0,9.0,7.0,21.486242,22.011013,19.817074,19.838037,21.160988,21.532871,21.00738,21.391888,20.426662,20.252901,20.340216,20.443476,22.05657,22.475824,21.684853,22.324354,20.116392,20.05894,0.0,4.0,4.0,0.0,4.0,4.0,4.0,0.0
27261,2023.0,7.0,9.0,7.0,21.513792,22.043612,19.733942,19.712551,21.185026,21.563534,21.024374,21.43931,20.390274,20.217981,20.461082,20.59627,21.460611,21.322327,20.96907,20.984838,20.133087,20.089529,0.0,4.0,0.0,0.0,4.0,0.0,0.0,0.0
27262,2023.0,7.0,9.0,7.0,21.541359,22.075935,20.126081,20.47506,20.995968,21.244707,21.019575,21.421753,20.463926,20.394703,20.5165,20.65758,21.202574,21.000769,21.707832,22.421057,20.128397,20.08764,4.0,0.0,0.0,0.0,4.0,0.0,4.0,0.0
27263,2023.0,7.0,9.0,7.0,21.56643,22.105944,20.192368,20.45872,21.018654,21.297176,21.019566,21.414495,20.49754,20.444616,20.24722,20.122562,21.849102,22.297157,21.092247,21.010113,20.121092,20.081264,4.0,0.0,0.0,0.0,0.0,4.0,0.0,0.0
27264,2023.0,7.0,9.0,8.0,20.963936,21.074287,20.187603,20.44684,21.176697,21.573292,21.01402,21.408512,20.499105,20.449066,20.452576,20.592604,22.062084,22.510231,21.027426,21.095985,20.11541,20.07613,4.0,4.0,0.0,0.0,4.0,4.0,0.0,0.0
27265,2023.0,7.0,9.0,8.0,21.422998,21.992155,19.98649,20.09432,20.70713,20.650341,20.63352,20.67986,20.496906,20.446205,20.268332,20.14965,21.478725,21.359083,20.796906,20.671421,20.111834,20.071783,0.0,0.0,0.0,0.0,0.0,0.0,0.0,0.0
27266,2023.0,7.0,9.0,8.0,21.002884,21.08033,19.786222,19.724161,20.44341,20.315332,20.415833,20.409557,20.496267,20.44393,20.141945,19.985569,21.93761,22.377928,20.676561,20.53237,20.109983,20.06827,0.0,0.0,0.0,0.0,0.0,4.0,0.0,0.0
27267,2023.0,7.0,9.0,8.0,21.454956,22.037611,19.684195,19.5817,20.364521,20.231264,20.34091,20.326365,20.498756,20.443983,20.203295,20.124325,21.445902,21.34063,20.635195,20.49001,20.110727,20.066652,0.0,0.0,0.0,0.0,0.0,0.0,0.0,0.0
27268,2023.0,7.0,9.0,8.0,21.543484,22.118366,19.711313,19.680353,21.047626,21.57681,20.931097,21.485071,20.503548,20.445827,20.238249,20.167639,21.27487,21.088564,20.683756,20.615677,20.113443,20.066544,0.0,4.0,4.0,0.0,0.0,0.0,0.0,0.0
27269,2023.0,7.0,9.0,8.0,21.008522,21.094147,19.71203,19.69989,20.591566,20.580902,21.084066,21.653992,20.510574,20.44967,20.251955,20.182379,21.229063,21.039564,20.69236,20.632088,20.118143,20.068188,0.0,0.0,4.0,0.0,0.0,0.0,0.0,0.0
27270,2023.0,7.0,9.0,9.0,20.817064,20.843037,19.694141,19.684832,20.372295,20.262114,20.482885,20.47446,20.519104,20.45495,20.26582,20.192936,21.20302,21.01515,20.686222,20.624506,20.124952,20.071941,0.0,0.0,0.0,0.0,0.0,0.0,0.0,0.0
27271,2023.0,7.0,9.0,9.0,20.737028,20.76356,19.675758,19.667463,20.301908,20.188887,20.8827,21.33538,20.527575,20.459553,20.279491,20.202288,21.27863,21.18523,20.679663,20.61513,20.132595,20.07607,0.0,0.0,4.0,0.0,0.0,0.0,0.0,0.0
27272,2023.0,7.0,9.0,9.0,20.677105,20.70568,19.65707,19.648434,20.341257,20.320799,20.965708,21.413744,20.536173,20.464468,20.294256,20.213238,21.297812,21.212563,20.67351,20.605713,20.14075,20.080944,0.0,0.0,4.0,0.0,0.0,0.0,0.0,0.0
27273,2023.0,7.0,9.0,9.0,20.72326,20.848927,20.083975,20.46534,20.319794,20.303614,20.44704,20.423412,20.544348,20.468607,20.308369,20.222378,21.297049,21.211376,20.669174,20.598902,20.149014,20.085651,4.0,0.0,0.0,0.0,0.0,0.0,0.0,0.0
27274,2023.0,7.0,9.0,9.0,20.711456,20.849125,19.977608,20.220524,20.292038,20.277008,20.245028,20.146976,20.553093,20.473902,20.324392,20.234852,21.295862,21.207687,20.665373,20.592165,20.1579,20.091516,0.0,0.0,0.0,0.0,0.0,0.0,0.0,0.0
27275,2023.0,7.0,9.0,9.0,20.682306,20.821655,20.17072,20.547829,20.919611,21.48533,20.781101,21.235092,20.562233,20.479326,20.340893,20.246708,21.29464,21.204077,20.662199,20.58657,20.166645,20.09695,4.0,4.0,4.0,0.0,0.0,0.0,0.0,0.0
27276,2023.0,7.0,9.0,10.0,20.656288,20.795685,19.984571,20.185661,20.531324,20.620518,20.367449,20.366093,20.57147,20.48531,20.357904,20.260366,21.295403,21.202158,20.661245,20.582941,20.175102,20.102419,0.0,0.0,0.0,0.0,0.0,0.0,0.0,0.0
27277,2023.0,7.0,9.0,10.0,21.277588,21.98818,19.769768,19.766474,20.229671,20.173489,20.129692,20.06695,20.583843,20.49668,20.378462,20.279387,21.298847,21.20538,20.662577,20.583841,20.185846,20.112276,0.0,0.0,0.0,0.0,0.0,0.0,0.0,0.0
27278,2023.0,7.0,9.0,10.0,20.80712,20.962763,19.678114,19.63967,20.777416,21.242773,20.69002,21.163021,20.596827,20.509205,20.39895,20.2993,21.304512,21.211124,20.666039,20.587135,21.041296,21.71873,0.0,4.0,4.0,0.0,0.0,0.0,0.0,4.0
27279,2023.0,7.0,9.0,10.0,20.625875,20.707432,19.680008,19.678898,20.419394,20.458794,20.323215,20.367296,20.61089,20.523266,20.420225,20.320568,21.311382,21.218443,20.670517,20.591757,20.543411,20.57231,0.0,0.0,0.0,0.0,0.0,0.0,0.0,0.0
27280,2023.0,7.0,9.0,10.0,20.583666,20.674124,20.115168,20.514025,20.25057,20.21235,20.149082,20.117376,20.62491,20.5378,20.441605,20.342577,21.319012,21.226912,20.675957,20.597696,20.34014,20.236235,4.0,0.0,0.0,0.0,0.0,0.0,0.0,0.0
27281,2023.0,7.0,9.0,10.0,20.603315,20.7514,19.980532,20.220535,20.835798,21.351093,20.107,20.08514,20.637741,20.551321,20.462187,20.364368,21.32609,21.235096,20.681032,20.603601,20.310879,20.207092,0.0,4.0,0.0,0.0,0.0,0.0,0.0,0.0
27282,2023.0,7.0,9.0,11.0,21.243473,21.96889,19.810122,19.877214,21.042492,21.564127,20.09635,20.106428,20.650337,20.5653,20.48277,20.38607,21.33305,21.243744,20.686092,20.610043,20.323637,20.246105,0.0,4.0,0.0,0.0,0.0,0.0,0.0,0.0
27283,2023.0,7.0,9.0,11.0,21.347866,22.017183,19.727356,19.753817,20.55166,20.602962,20.0767,20.092796,20.658476,20.573582,20.851452,21.067389,21.337029,21.24805,20.688745,20.612875,20.325708,20.250944,0.0,0.0,0.0,0.0,4.0,0.0,0.0,0.0
27284,2023.0,7.0,9.0,11.0,21.405752,22.071651,19.697186,19.7202,20.3795,20.368149,20.05256,20.070204,20.665104,20.580544,20.654116,20.606043,21.33963,21.25118,20.689957,20.614494,20.32279,20.248434,0.0,0.0,0.0,0.0,0.0,0.0,0.0,0.0
27285,2023.0,7.0,9.0,11.0,20.885824,21.050602,19.67734,19.701372,20.321505,20.313211,20.031065,20.050484,20.670473,20.586597,20.583635,20.490696,21.340916,21.253315,20.68953,20.614754,20.319462,20.245802,0.0,0.0,0.0,0.0,0.0,0.0,0.0,0.0
27286,2023.0,7.0,9.0,11.0,20.72711,20.849419,19.661089,19.686249,20.95331,21.544088,20.010979,20.032034,20.674597,20.591799,20.57711,20.482147,21.34096,21.2545,20.687672,20.613821,20.315739,20.243052,0.0,4.0,0.0,0.0,0.0,0.0,0.0,0.0
27287,2023.0,7.0,9.0,11.0,20.66525,20.78744,19.645756,19.670933,21.050838,21.585571,19.990822,20.011976,20.67757,20.59625,20.575726,20.481419,21.34021,21.255016,20.685165,20.61226,20.3118,20.240026,0.0,4.0,0.0,0.0,0.0,0.0,0.0,0.0
27288,2023.0,7.0,9.0,12.0,21.282179,21.987139,19.634323,19.661873,20.570847,20.648087,19.974552,19.998447,20.678965,20.598583,20.576414,20.483122,21.339285,21.255312,20.683254,20.611498,20.30839,20.237843,0.0,0.0,0.0,0.0,0.0,0.0,0.0,0.0
27289,2023.0,7.0,9.0,12.0,20.97817,21.374418,19.624802,19.655418,21.073008,21.615696,21.132698,22.075731,20.681793,20.604008,20.579468,20.488895,21.34008,21.258894,21.050507,21.252712,21.198183,21.92904,0.0,0.0,0.0,0.0,0.0,0.0,0.0,4.0
27290,2023.0,7.0,9.0,12.0,21.327423,22.007597,19.615755,19.649881,21.165525,21.71416,21.00145,21.695316,20.68574,20.610535,20.584743,20.4971,21.341726,21.263256,21.000462,21.134024,20.799631,20.88002,0.0,4.0,0.0,0.0,0.0,0.0,0.0,0.0
27291,2023.0,7.0,9.0,12.0,20.94678,21.2562,19.608013,19.64551,20.990286,21.389202,21.018244,21.65739,20.691074,20.618671,20.591543,20.506937,21.344563,21.268923,21.005138,21.122993,20.487734,20.43531,0.0,0.0,0.0,0.0,0.0,0.0,0.0,0.0
27292,2023.0,7.0,9.0,12.0,21.015003,21.396666,20.025312,20.43581,21.016218,21.431355,21.074427,21.684458,20.696575,20.626335,20.599482,20.51775,22.107397,22.72065,21.874105,22.741987,20.441938,20.391535,4.0,0.0,4.0,0.0,0.0,4.0,4.0,0.0
27293,2023.0,7.0,9.0,12.0,21.00703,21.384558,20.224834,20.668882,21.012436,21.415756,21.01046,21.560932,20.703163,20.634918,20.6099,20.530905,21.745749,21.809347,21.31869,21.408152,21.286728,22.001842,4.0,0.0,0.0,0.0,0.0,0.0,0.0,4.0
27294,2023.0,7.0,9.0,13.0,21.00758,21.38832,19.98482,20.223038,21.011925,21.409147,21.017405,21.553253,20.71102,20.64442,20.622541,20.545685,21.48393,21.41642,20.992193,20.989407,20.890043,20.982021,0.0,0.0,0.0,0.0,0.0,0.0,0.0,0.0
27295,2023.0,7.0,9.0,13.0,21.015295,21.405237,19.849506,19.964268,21.024614,21.42899,21.03297,21.563545,20.720036,20.654697,20.637337,20.562778,21.443071,21.367672,21.005499,21.033407,20.595707,20.556463,0.0,0.0,0.0,0.0,0.0,0.0,0.0,0.0
27296,2023.0,7.0,9.0,13.0,21.01522,21.403685,19.812222,19.935368,21.023468,21.41939,21.031652,21.543283,20.729574,20.664913,20.652153,20.578615,21.443596,21.375214,21.005857,21.033539,20.56071,20.529806,0.0,0.0,0.0,0.0,0.0,0.0,0.0,0.0
27297,2023.0,7.0,9.0,13.0,21.014845,21.40373,19.72962,19.78768,21.023544,21.417141,21.030714,21.53125,20.740248,20.676142,20.668217,20.595583,21.443987,21.37589,21.005125,21.03148,20.524292,20.467857,0.0,0.0,0.0,0.0,0.0,0.0,0.0,0.0
27298,2023.0,7.0,9.0,13.0,21.006428,21.389847,19.7022,19.764692,21.010014,21.391169,21.186064,21.792618,20.751278,20.686998,20.683699,20.61015,21.44593,21.377949,21.95297,22.816442,20.51205,20.4564,0.0,0.0,4.0,0.0,0.0,0.0,4.0,0.0
27299,2023.0,7.0,9.0,13.0,21.007553,21.393755,19.685753,19.749653,21.01156,21.393421,21.259806,21.875586,20.763851,20.700129,20.701826,20.629175,21.44976,21.38201,21.453594,21.575026,20.508625,20.452785,0.0,0.0,4.0,0.0,0.0,0.0,0.0,0.0
27300,2023.0,7.0,9.0,14.0,21.007578,21.394814,19.67512,19.74195,21.011192,21.391748,20.982395,21.392395,21.49411,22.071026,20.720789,20.649345,21.454992,21.387632,21.113955,21.097404,20.510021,20.4547,0.0,0.0,0.0,4.0,0.0,0.0,0.0,0.0
27301,2023.0,7.0,9.0,14.0,20.813223,21.021158,19.667292,19.737175,20.715794,20.822739,21.216026,21.832405,21.161875,21.196516,20.739641,20.669077,21.461035,21.394005,21.050255,21.02424,20.513529,20.458761,0.0,0.0,4.0,0.0,0.0,0.0,0.0,0.0
27302,2023.0,7.0,9.0,14.0,21.384838,22.141922,19.662619,19.735504,21.21807,21.834618,20.776157,20.963356,21.033384,21.012178,20.757017,20.687464,22.188866,22.770958,21.039948,21.017256,20.518915,20.464756,0.0,4.0,0.0,0.0,0.0,4.0,0.0,0.0
27303,2023.0,7.0,9.0,14.0,21.00347,21.30486,19.659002,19.735106,21.357246,21.987595,20.598562,20.72731,21.02892,21.01359,20.775045,20.706686,21.755459,21.803022,21.001625,20.94757,20.525434,20.472073,0.0,4.0,0.0,0.0,0.0,0.0,0.0,0.0
27304,2023.0,7.0,9.0,14.0,20.86961,21.12515,20.074837,20.518627,21.411905,22.050873,21.132101,21.785187,20.987326,20.93235,20.792788,20.725424,21.629347,21.59657,21.933573,22.721512,20.532364,20.47975,4.0,4.0,4.0,0.0,0.0,0.0,4.0,0.0
27305,2023.0,7.0,9.0,14.0,21.420715,22.189318,20.232048,20.710388,20.949314,21.150862,20.749958,20.967905,20.971626,20.910276,20.810766,20.744902,21.62535,21.597975,21.376892,21.465677,20.539633,20.48807,4.0,0.0,0.0,0.0,0.0,0.0,0.0,0.0
27306,2023.0,7.0,9.0,15.0,21.588594,22.389406,20.356352,20.898375,21.37473,22.040451,21.183155,21.865635,20.970306,20.909672,20.82885,20.764668,21.592478,21.533634,21.197111,21.192347,20.547293,20.497074,4.0,4.0,4.0,0.0,0.0,0.0,0.0,0.0
27307,2023.0,7.0,9.0,15.0,21.094234,21.39999,20.433872,20.983114,21.474535,22.131441,21.288225,21.957485,20.971195,20.911015,20.845016,20.781393,21.582169,21.518467,21.168371,21.162449,20.553679,20.504086,4.0,4.0,4.0,0.0,0.0,0.0,0.0,0.0
27308,2023.0,7.0,9.0,15.0,21.56676,22.368576,20.133507,20.37843,21.5092,22.16243,21.326298,21.99152,20.97267,20.91345,20.859169,20.796265,21.579685,21.516626,21.152388,21.14901,20.55924,20.510607,0.0,4.0,4.0,0.0,0.0,0.0,0.0,0.0
27309,2023.0,7.0,9.0,15.0,21.122124,21.433079,20.408106,20.932434,21.545603,22.198406,21.365547,22.030233,20.97353,20.915918,20.871325,20.809912,21.577654,21.51601,21.09054,21.036959,20.563988,20.516895,4.0,4.0,4.0,0.0,0.0,0.0,0.0,0.0
27310,2023.0,7.0,9.0,15.0,20.97799,21.245401,20.15589,20.394442,21.576992,22.229929,21.399008,22.063776,20.973316,20.91801,20.88109,20.822247,21.575073,21.515503,21.066603,21.014015,20.567564,20.522675,0.0,4.0,4.0,0.0,0.0,0.0,0.0,0.0
27311,2023.0,7.0,9.0,15.0,21.530882,22.32249,20.074907,20.286715,21.081688,21.280165,20.900745,21.106993,20.971205,20.918818,20.887676,20.831936,21.571186,21.514353,21.052675,21.003069,20.569368,20.52717,0.0,0.0,0.0,0.0,0.0,0.0,0.0,0.0
27312,2023.0,7.0,9.0,16.0,21.669092,22.471092,20.34606,20.798677,20.907597,21.054543,21.339039,22.032135,20.967134,20.918337,20.891176,20.839613,21.56557,21.512068,21.039042,20.992765,20.569191,20.530306,4.0,0.0,4.0,0.0,0.0,0.0,0.0,0.0
27313,2023.0,7.0,9.0,16.0,21.72821,22.522854,20.444298,20.92153,21.425266,22.084927,21.416698,22.085802,20.960192,20.91394,20.889568,20.840807,22.272306,22.864532,21.023733,20.979944,20.565226,20.528526,4.0,4.0,4.0,0.0,0.0,4.0,0.0,0.0
27314,2023.0,7.0,9.0,16.0,21.77602,22.565441,20.202995,20.444637,21.539682,22.19686,21.440098,22.100185,21.627895,22.183924,20.885021,20.838991,21.836792,21.912615,21.007286,20.965826,20.559317,20.524885,0.0,4.0,4.0,4.0,0.0,0.0,0.0,0.0
27315,2023.0,7.0,9.0,16.0,21.814377,22.598324,20.46686,20.971045,21.068869,21.282482,21.467678,22.123623,21.230457,21.296715,20.878536,20.835478,21.692656,21.688019,21.935856,22.739183,20.552444,20.520527,4.0,0.0,4.0,0.0,0.0,0.0,4.0,0.0
27316,2023.0,7.0,9.0,16.0,21.84811,22.627375,20.243484,20.49227,20.883608,21.023294,20.980064,21.191597,21.099447,21.113964,20.87036,20.830359,21.66222,21.658201,21.425367,21.58528,20.544762,20.515364,0.0,0.0,0.0,0.0,0.0,0.0,0.0,0.0
27317,2023.0,7.0,9.0,16.0,21.877825,22.65264,20.136078,20.334717,21.413609,22.0719,20.785694,20.928926,21.085588,21.107565,20.861269,20.8241,21.604435,21.56635,21.1978,21.219847,20.53649,20.509455,0.0,4.0,0.0,0.0,0.0,0.0,0.0,0.0
27318,2023.0,7.0,9.0,17.0,21.904137,22.674366,20.402414,20.841324,21.526146,22.175243,21.302683,21.960655,21.068495,21.092121,20.851515,20.81706,22.289295,22.891493,21.142548,21.156027,20.527624,20.502748,4.0,4.0,4.0,0.0,0.0,4.0,0.0,0.0
27319,2023.0,7.0,9.0,17.0,21.926952,22.691656,20.507019,20.977686,21.561054,22.1993,21.413925,22.067038,21.00563,20.981728,20.840889,20.808245,22.50742,23.18162,21.109032,21.122091,21.355448,22.077827,4.0,4.0,4.0,0.0,0.0,4.0,0.0,4.0
27320,2023.0,7.0,9.0,17.0,21.947674,22.707026,20.249218,20.470684,21.595604,22.22843,21.443577,22.086006,21.646152,22.214157,20.8303,20.798931,21.958584,22.076199,21.044258,21.017982,20.914698,21.070345,0.0,4.0,4.0,4.0,0.0,0.0,0.0,0.0
27321,2023.0,7.0,9.0,17.0,21.966623,22.720602,20.544722,21.066395,21.62262,22.250027,21.474022,22.11104,21.301878,21.438805,20.819927,20.789734,22.484632,23.128126,21.008268,20.978739,20.734259,20.774237,4.0,4.0,4.0,0.0,0.0,4.0,0.0,0.0
27322,2023.0,7.0,9.0,17.0,21.984179,22.732817,20.291853,20.521946,21.645613,22.267626,20.986591,21.176865,21.131088,21.157684,20.809357,20.780434,22.611467,23.266981,20.984661,20.956257,21.47721,22.207132,0.0,4.0,0.0,0.0,0.0,4.0,0.0,4.0
27323,2023.0,7.0,9.0,17.0,22.000597,22.744114,20.166142,20.337122,21.665962,22.282957,21.387459,22.027925,21.080685,21.096424,20.798065,20.770384,22.657299,23.30307,20.963879,20.936789,20.986908,21.128538,0.0,4.0,4.0,0.0,0.0,4.0,0.0,0.0
27324,2023.0,7.0,9.0,18.0,22.01558,22.753855,20.46338,20.910456,21.68401,22.295855,20.97056,21.166302,21.67237,22.232134,20.785738,20.759789,22.096216,22.203663,21.891357,22.709803,21.567232,22.283566,4.0,4.0,0.0,4.0,0.0,0.0,4.0,4.0
27325,2023.0,7.0,9.0,18.0,22.029106,22.761793,20.195646,20.343197,21.700125,22.306543,21.025698,21.347218,21.306807,21.425678,20.771547,20.74688,22.568079,23.173962,22.1599,23.006615,21.782707,22.552975,0.0,4.0,0.0,0.0,0.0,4.0,4.0,4.0
27326,2023.0,7.0,9.0,18.0,21.50128,21.757175,20.081066,20.231693,21.716753,22.317417,21.340895,21.941906,21.07133,21.091167,21.12186,21.420614,22.117859,22.1996,22.277071,23.109522,21.87429,22.633133,0.0,4.0,4.0,0.0,4.0,0.0,4.0,4.0
27327,2023.0,7.0,9.0,18.0,21.924074,22.664396,20.064384,20.214247,21.730318,22.3256,20.976915,21.274355,21.01984,21.031004,21.270977,21.636372,22.565517,23.130447,21.548454,21.660683,21.93355,22.683449,0.0,4.0,0.0,0.0,4.0,4.0,0.0,4.0
27328,2023.0,7.0,9.0,18.0,21.50476,21.752993,19.977423,20.056936,21.744455,22.334213,21.016008,21.359816,21.634588,22.21624,20.967262,21.02142,22.745176,23.356354,21.210812,21.214815,21.264795,21.371471,0.0,4.0,0.0,4.0,0.0,4.0,0.0,0.0
27329,2023.0,7.0,9.0,18.0,21.840408,22.551487,20.34992,20.786455,21.242785,21.381674,21.008862,21.349354,21.295063,21.391035,20.835451,20.858679,22.163666,22.227776,21.120058,21.116905,20.945019,20.957644,4.0,0.0,0.0,0.0,0.0,0.0,0.0,0.0
27330,2023.0,7.0,9.0,19.0,21.987274,22.697525,20.514755,20.96831,21.56943,22.153347,21.30829,21.897463,21.719015,22.312576,20.805998,20.828342,21.88304,21.854424,21.068617,21.065388,21.62998,22.329416,4.0,4.0,4.0,4.0,0.0,0.0,0.0,4.0
27331,2023.0,7.0,9.0,19.0,22.01082,22.713232,20.571234,21.037693,21.662004,22.24367,21.399939,21.995647,21.273602,21.364649,20.751385,20.742254,21.796993,21.7562,21.02844,21.02268,21.102154,21.200354,4.0,4.0,4.0,0.0,0.0,0.0,0.0,0.0
27332,2023.0,7.0,9.0,19.0,21.502378,21.743832,20.60485,21.064432,21.175802,21.309755,20.979527,21.253532,21.084684,21.084396,20.71504,20.69956,21.739035,21.697222,21.92522,22.748543,21.701498,22.423605,4.0,0.0,0.0,0.0,0.0,0.0,4.0,4.0
27333,2023.0,7.0,9.0,19.0,21.862238,22.581533,20.289326,20.446964,21.002342,21.138386,21.291607,21.851673,21.63661,22.181189,20.685928,20.670248,22.42635,23.057709,21.405806,21.483604,21.927385,22.642408,0.0,0.0,4.0,4.0,0.0,4.0,0.0,4.0
27334,2023.0,7.0,9.0,19.0,21.98969,22.679745,20.115469,20.214981,21.46726,22.040468,20.971754,21.227722,21.858791,22.425276,20.6584,20.642664,21.976204,22.018614,21.083666,21.070953,21.972328,22.677233,0.0,4.0,0.0,4.0,0.0,0.0,0.0,4.0
27335,2023.0,7.0,9.0,19.0,21.460648,21.668102,20.057007,20.142483,21.089672,21.198984,21.291626,21.841547,21.332674,21.38617,20.631887,20.616861,22.428526,23.031033,21.001001,20.982187,22.012009,22.707409,0.0,0.0,4.0,0.0,0.0,4.0,0.0,4.0
27336,2023.0,7.0,9.0,20.0,21.896378,22.59396,19.994568,20.042658,21.007359,21.13352,20.969526,21.244099,21.13018,21.102764,20.608145,20.593462,21.888386,21.912474,21.004507,21.022703,21.31309,21.363249,0.0,0.0,0.0,0.0,0.0,0.0,0.0,0.0
27337,2023.0,7.0,9.0,20.0,21.466974,21.658697,20.373812,20.783932,21.446638,21.992733,21.267387,21.801834,21.669016,22.192083,20.580519,20.565205,21.62595,21.56859,21.003918,21.046362,20.979168,20.945187,4.0,4.0,4.0,4.0,0.0,0.0,0.0,0.0
27338,2023.0,7.0,9.0,20.0,21.820236,22.49224,20.171734,20.286833,20.997253,21.139761,21.378052,21.913351,21.85616,22.382141,20.55211,20.535614,21.54317,21.473942,21.004042,21.065804,21.648983,22.304857,0.0,0.0,4.0,4.0,0.0,0.0,0.0,4.0
27339,2023.0,7.0,9.0,20.0,21.943052,22.584255,20.407616,20.818354,21.392616,21.913471,21.401962,21.924301,21.30685,21.314499,20.89346,21.200897,21.48041,21.403414,21.004274,21.084314,21.88529,22.545319,4.0,4.0,4.0,0.0,4.0,0.0,0.0,4.0
27340,2023.0,7.0,9.0,20.0,21.391756,21.531504,20.505526,20.88622,20.967033,21.087584,21.414516,21.923252,21.032263,20.96842,20.699854,20.734728,21.473074,21.438595,21.004831,21.09867,21.92731,22.572792,4.0,0.0,4.0,0.0,0.0,0.0,0.0,4.0
27341,2023.0,7.0,9.0,20.0,21.765892,22.400959,20.510748,20.872732,21.016188,21.209547,21.421656,21.917013,21.559696,22.039831,20.547812,20.536695,21.446287,21.41511,21.830465,22.65895,21.238062,21.243855,4.0,0.0,4.0,4.0,0.0,0.0,4.0,0.0
27342,2023.0,7.0,9.0,21.0,21.341078,21.469606,20.170382,20.217537,21.008923,21.20747,21.4242,21.90622,21.16125,21.132168,20.863686,21.16725,21.408802,21.376799,22.03547,22.759798,20.90643,20.833107,0.0,0.0,4.0,0.0,4.0,0.0,4.0,0.0
27343,2023.0,7.0,9.0,21.0,21.703989,22.316566,19.976673,19.955158,21.392899,21.92923,20.975721,21.139301,21.534544,22.001898,20.66518,20.695158,22.09197,22.70608,21.267405,21.255144,20.779472,20.693245,0.0,4.0,0.0,4.0,0.0,4.0,0.0,0.0
27344,2023.0,7.0,9.0,21.0,21.303324,21.429724,19.898182,19.85472,20.973827,21.109306,21.285526,21.753866,21.120768,21.077724,20.758553,20.949617,22.205647,22.706911,20.995335,20.97317,21.490288,22.108423,0.0,0.0,4.0,0.0,4.0,4.0,0.0,4.0
27345,2023.0,7.0,9.0,21.0,21.04197,21.096514,20.319324,20.683584,21.017937,21.216404,21.370651,21.821686,21.493523,21.951616,20.520962,20.450788,22.221344,22.70586,21.009535,21.042469,20.986916,20.942411,4.0,0.0,4.0,4.0,0.0,4.0,0.0,0.0
27346,2023.0,7.0,9.0,21.0,21.578005,22.168344,20.499748,20.893866,21.288786,21.713896,21.370144,21.808182,21.650116,22.089739,20.362926,20.256248,22.252792,22.724192,21.008045,21.065483,20.696945,20.599031,4.0,4.0,4.0,4.0,0.0,4.0,0.0,0.0
27347,2023.0,7.0,9.0,21.0,21.730848,22.293108,20.103226,20.107042,21.38641,21.809208,21.370115,21.79646,21.093786,21.016247,20.365234,20.318478,21.646713,21.55017,21.008474,21.082739,21.392063,21.988934,0.0,4.0,4.0,0.0,0.0,0.0,0.0,4.0
27348,2023.0,7.0,9.0,22.0,21.19731,21.264086,19.866991,19.778147,20.969685,21.080256,20.968481,21.110817,20.821972,20.686443,20.673178,20.907846,21.375492,21.211254,21.005695,21.094482,20.8803,20.802118,0.0,0.0,0.0,0.0,4.0,0.0,0.0,0.0
27349,2023.0,7.0,9.0,22.0,20.997204,21.058622,19.786333,19.678602,21.017666,21.199936,21.018883,21.242079,20.719925,20.57455,20.50014,20.4884,22.024128,22.524961,21.006422,21.108377,20.594234,20.469992,0.0,0.0,0.0,0.0,0.0,4.0,0.0,0.0
27350,2023.0,7.0,9.0,22.0,21.006964,21.117676,19.814802,19.777107,21.011646,21.198925,21.013634,21.245502,21.266026,21.668367,20.366547,20.319393,21.526142,21.399439,21.006643,21.118515,20.504623,20.377811,0.0,0.0,0.0,4.0,0.0,0.0,0.0,0.0
27351,2023.0,7.0,9.0,22.0,21.006437,21.142506,19.818588,19.792898,21.00791,21.206856,21.014425,21.2555,20.867153,20.743256,20.318695,20.266481,21.270807,21.096066,21.006733,21.126417,20.441038,20.312887,0.0,0.0,0.0,0.0,0.0,0.0,0.0,0.0
27352,2023.0,7.0,9.0,22.0,21.002625,21.162346,19.798983,19.772888,21.00876,21.218891,21.326723,21.8423,20.644388,20.49444,20.283255,20.22913,21.913656,22.386892,21.00699,21.132805,21.247036,21.894094,0.0,0.0,4.0,0.0,0.0,4.0,0.0,4.0
27353,2023.0,7.0,9.0,22.0,21.003546,21.183647,19.777718,19.749535,21.00882,21.226255,20.969467,21.147429,20.66323,20.608196,20.251003,20.194239,21.445488,21.31142,21.007215,21.138205,20.730486,20.642605,0.0,0.0,0.0,0.0,0.0,0.0,0.0,0.0
27354,2023.0,7.0,9.0,23.0,21.003733,21.198969,19.757124,19.72661,21.008928,21.231972,21.022177,21.267317,20.64694,20.588106,20.22082,20.16153,21.190052,21.00417,21.007236,21.142258,21.159605,21.661425,0.0,0.0,0.0,0.0,0.0,0.0,0.0,4.0
27355,2023.0,7.0,9.0,23.0,20.908682,21.0289,19.737192,19.704105,20.776161,20.789186,20.642002,20.543264,20.60867,20.548172,20.19231,20.130411,21.11179,20.92107,20.808836,20.763596,20.69167,20.578468,0.0,0.0,0.0,0.0,0.0,0.0,0.0,0.0
27356,2023.0,7.0,9.0,23.0,20.856651,20.961725,19.719757,19.683708,20.657684,20.620655,20.578402,20.524027,20.577187,20.513885,20.167736,20.102663,21.179785,21.105345,20.73373,20.675943,21.23901,21.735855,0.0,0.0,0.0,0.0,0.0,0.0,0.0,4.0
27357,2023.0,7.0,9.0,23.0,20.821995,20.923277,19.702383,19.66352,20.597494,20.552706,20.53587,20.491508,20.54646,20.480576,20.143354,20.075344,21.169031,21.093296,20.689833,20.629726,20.67831,20.558268,0.0,0.0,0.0,0.0,0.0,0.0,0.0,0.0
27358,2023.0,7.0,9.0,23.0,20.789112,20.885216,19.683363,19.639732,20.54697,20.495024,20.480007,20.429121,20.51497,20.44467,20.11741,20.044613,21.138905,21.058266,20.648829,20.584375,20.471088,20.294159,0.0,0.0,0.0,0.0,0.0,0.0,0.0,0.0
27359,2023.0,7.0,9.0,23.0,20.7625,20.857702,19.668058,19.623173,20.50951,20.458305,20.437405,20.387957,20.487717,20.416473,20.095142,20.02109,21.113146,21.031332,20.614895,20.549793,21.135906,21.619036,0.0,0.0,0.0,0.0,0.0,0.0,0.0,4.0
27360,2023.0,7.0,10.0,0.0,20.734745,20.826859,19.6509,19.602896,20.471552,20.417479,20.394022,20.341955,20.459194,20.385237,20.071026,19.993916,21.085836,21.001232,20.581238,20.51364,20.586464,20.450176,0.0,0.0,0.0,0.0,0.0,0.0,0.0,0.0
27361,2023.0,7.0,10.0,0.0,20.709995,20.800993,19.635845,19.586721,21.085646,21.601137,20.35585,20.303114,20.433054,20.358215,20.048935,19.970724,21.060915,20.97543,20.551086,20.482677,20.396235,20.214088,0.0,4.0,0.0,0.0,0.0,0.0,0.0,0.0
27362,2023.0,7.0,10.0,0.0,20.686998,20.77739,19.621923,19.572277,20.708464,20.76655,20.32126,20.26867,20.408567,20.333313,20.028246,19.949446,21.037691,20.951777,21.415247,22.134172,20.322851,20.142332,0.0,0.0,0.0,0.0,0.0,0.0,4.0,0.0
27363,2023.0,7.0,10.0,0.0,20.664616,20.754143,19.608147,19.557802,20.370716,20.18577,20.288422,20.235632,20.384783,20.308872,20.294075,20.46222,21.015453,20.928883,20.720367,20.615612,20.369452,20.297728,0.0,0.0,0.0,0.0,4.0,0.0,0.0,0.0
27364,2023.0,7.0,10.0,0.0,20.649689,20.744753,19.593826,19.54186,20.251848,20.03127,20.25572,20.201002,20.360807,20.283188,20.089521,20.016577,20.993082,20.904898,20.484573,20.29769,20.353514,20.283905,0.0,0.0,0.0,0.0,0.0,0.0,0.0,0.0
27365,2023.0,7.0,10.0,0.0,20.639242,20.741991,19.580061,19.526676,20.351402,20.288536,20.225525,20.16963,20.338326,20.259703,20.025593,19.942417,20.971956,20.882797,20.415703,20.229008,20.320911,20.25017,0.0,0.0,0.0,0.0,0.0,0.0,0.0,0.0
27366,2023.0,7.0,10.0,1.0,20.621696,20.72343,19.566957,19.51274,20.336712,20.27532,20.197716,20.141636,20.317005,20.237835,19.99861,19.914751,20.95179,20.86205,20.4746,20.401224,20.290638,20.219387,0.0,0.0,0.0,0.0,0.0,0.0,0.0,0.0
27367,2023.0,7.0,10.0,1.0,20.599934,20.697004,19.549736,19.490526,20.308516,20.243275,20.167358,20.107244,20.293291,20.210552,19.970943,19.883036,20.92911,20.835714,20.457832,20.381601,20.258944,20.184439,0.0,0.0,0.0,0.0,0.0,0.0,0.0,0.0
27368,2023.0,7.0,10.0,1.0,20.577322,20.66977,19.531483,19.467134,20.27941,20.210073,20.137072,20.072817,20.268784,20.182417,19.944029,19.851946,20.905775,20.808668,20.430216,20.35073,20.227476,20.149673,0.0,0.0,0.0,0.0,0.0,0.0,0.0,0.0
27369,2023.0,7.0,10.0,1.0,20.554274,20.642084,19.512632,19.44308,20.250027,20.17645,20.107124,20.038645,20.243605,20.153559,19.916954,19.820646,20.881899,20.781023,20.401796,20.318995,20.19624,20.115093,0.0,0.0,0.0,0.0,0.0,0.0,0.0,0.0
27370,2023.0,7.0,10.0,1.0,20.530886,20.614021,19.493267,19.418451,20.220842,20.142925,20.077488,20.004707,20.217659,20.123878,19.889456,19.788866,20.857395,20.75269,20.372944,20.28679,20.16508,20.08054,0.0,0.0,0.0,0.0,0.0,0.0,0.0,0.0
27371,2023.0,7.0,10.0,1.0,20.507212,20.585638,19.473436,19.393295,20.19185,20.109507,20.048122,19.970964,20.190893,20.093325,19.861282,19.756357,20.832224,20.723629,20.343897,20.254345,20.13386,20.045876,0.0,0.0,0.0,0.0,0.0,0.0,0.0,0.0
27372,2023.0,7.0,10.0,2.0,20.483274,20.556953,19.453161,19.36764,20.163055,20.076204,20.018978,19.937366,20.163294,20.061884,19.832338,19.723028,20.806526,20.694069,20.31459,20.221596,20.102491,20.011011,0.0,0.0,0.0,0.0,0.0,0.0,0.0,0.0
27373,2023.0,7.0,10.0,2.0,20.460567,20.530945,19.434296,19.345173,20.136105,20.046366,19.991678,19.90722,20.136253,20.032314,19.80414,19.691927,20.78145,20.666416,20.286238,20.190962,20.07217,19.978386,0.0,0.0,0.0,0.0,0.0,0.0,0.0,0.0
27374,2023.0,7.0,10.0,2.0,20.437948,20.505009,19.415447,19.322744,20.10964,20.016985,19.96487,19.87754,20.108974,20.002497,19.775784,19.660673,20.756227,20.638605,20.258043,20.160482,20.042095,19.945995,0.0,0.0,0.0,0.0,0.0,0.0,0.0,0.0
27375,2023.0,7.0,10.0,2.0,20.415276,20.478994,19.396435,19.300137,20.083458,19.987852,19.938358,19.848118,20.081388,19.972366,19.747156,19.629145,20.730804,20.610586,20.229908,20.130053,20.012154,19.91373,0.0,0.0,0.0,0.0,0.0,0.0,0.0,0.0
27376,2023.0,7.0,10.0,2.0,20.392513,20.452883,19.377224,19.277311,20.057482,19.958885,19.912058,19.818872,20.05353,19.941961,19.718283,19.59737,20.705214,20.582396,20.20181,20.099657,19.982327,19.881573,0.0,0.0,0.0,0.0,0.0,0.0,0.0,0.0
27377,2023.0,7.0,10.0,2.0,20.370691,20.428827,19.359581,19.257912,20.03354,19.93394,19.887823,19.793697,20.612198,21.015104,19.690922,19.568962,20.680666,20.556509,20.174791,20.0715,19.953785,19.852003,0.0,0.0,0.0,4.0,0.0,0.0,0.0,0.0
27378,2023.0,7.0,10.0,3.0,20.34621,20.399605,19.338055,19.230852,20.005741,19.90108,19.859707,19.760542,20.829424,21.29664,19.659698,19.532993,20.65351,20.525492,20.145494,20.038748,19.922762,19.817347,0.0,0.0,0.0,4.0,0.0,0.0,0.0,0.0
27379,2023.0,7.0,10.0,3.0,20.327171,20.3806,19.322718,19.216217,19.984545,19.881252,19.838226,19.74048,20.130333,19.887243,19.63442,19.509037,20.630907,20.50366,20.120499,20.014553,19.896452,19.791994,0.0,0.0,0.0,0.0,0.0,0.0,0.0,0.0
27380,2023.0,7.0,10.0,3.0,20.30545,20.355907,19.304123,19.194874,19.959677,19.853722,19.813038,19.71263,19.891869,19.58041,19.605574,19.477486,20.605873,20.476555,20.093174,19.985294,19.867596,19.761059,0.0,0.0,0.0,0.0,0.0,0.0,0.0,0.0
27381,2023.0,7.0,10.0,3.0,20.28636,20.33655,19.288809,19.18001,19.938812,19.833792,19.791908,19.692476,20.42447,20.65802,19.580791,19.453611,20.583704,20.454824,20.068645,19.961222,19.841894,19.73593,0.0,0.0,0.0,4.0,0.0,0.0,0.0,0.0
27382,2023.0,7.0,10.0,3.0,20.265997,20.315056,19.272108,19.162552,19.916603,19.811136,19.769428,19.669577,19.966955,19.69031,19.554903,19.427319,20.560896,20.431593,20.043503,19.935745,19.815544,19.70926,0.0,0.0,0.0,0.0,0.0,0.0,0.0,0.0
27383,2023.0,7.0,10.0,3.0,20.244213,20.29062,19.253563,19.141415,19.89248,19.784492,19.74503,19.64266,19.78791,19.475842,19.527336,19.39735,20.53695,20.405817,20.017244,19.907795,19.788025,19.679924,0.0,0.0,0.0,0.0,0.0,0.0,0.0,0.0
27384,2023.0,7.0,10.0,4.0,20.22388,20.269363,19.237255,19.124912,19.871008,19.763098,19.723322,19.621058,19.916616,19.805958,19.502487,19.372593,20.514875,20.383587,19.992702,19.883123,19.762472,19.654293,0.0,0.0,0.0,0.0,0.0,0.0,0.0,0.0
27385,2023.0,7.0,10.0,4.0,20.20324,20.247913,19.220335,19.107327,19.849247,19.74106,19.701345,19.598846,20.492983,20.888695,19.47768,19.347694,20.492874,20.361294,19.968287,19.858564,19.737122,19.628859,0.0,0.0,0.0,4.0,0.0,0.0,0.0,0.0
27386,2023.0,7.0,10.0,4.0,20.181183,20.223684,19.201977,19.087072,19.825985,19.716156,19.677874,19.573761,20.090357,20.00928,19.451382,19.319956,20.46976,20.336857,19.9427,19.831806,19.710579,19.601122,0.0,0.0,0.0,0.0,0.0,0.0,0.0,0.0
27387,2023.0,7.0,10.0,4.0,20.158562,20.198181,19.182823,19.06539,19.801945,19.6898,19.653635,19.547228,19.762054,19.450218,19.424292,19.290783,20.446096,20.311409,19.916504,19.803993,19.683445,19.572308,0.0,0.0,0.0,0.0,0.0,0.0,0.0,0.0
27388,2023.0,7.0,10.0,4.0,20.137774,20.17658,19.165337,19.047277,19.779928,19.667591,19.631464,19.524895,19.655342,19.341167,19.399218,19.265785,20.423985,20.28914,19.891785,19.779291,20.38417,20.91378,0.0,0.0,0.0,0.0,0.0,0.0,0.0,4.0
27389,2023.0,7.0,10.0,4.0,20.115156,20.15187,19.146345,19.02642,19.75639,19.64242,19.607925,19.499678,19.768396,19.640627,19.667376,19.788479,20.400856,20.26474,19.865934,19.75233,19.900164,19.843847,0.0,0.0,0.0,0.0,4.0,0.0,0.0,0.0
27390,2023.0,7.0,10.0,5.0,20.091225,20.125002,19.126347,19.00363,19.731787,19.615206,19.583591,19.472597,19.768303,19.638718,19.79654,19.967224,20.377323,20.239262,19.83957,19.724178,19.563068,19.274628,0.0,0.0,0.0,0.0,4.0,0.0,0.0,0.0
27391,2023.0,7.0,10.0,5.0,20.07335,20.110432,19.11303,18.993912,19.71354,19.600805,19.565744,19.458378,19.744019,19.619925,19.83962,20.012558,20.35947,20.224636,19.818443,19.706121,20.173716,20.508657,0.0,0.0,0.0,0.0,4.0,0.0,0.0,4.0
27392,2023.0,7.0,10.0,5.0,20.055365,20.09485,19.100668,18.984789,19.69544,19.58581,19.548206,19.4437,19.721209,19.599766,19.541637,19.428686,20.34281,20.2105,19.798178,19.688072,20.387066,20.779718,0.0,0.0,0.0,0.0,0.0,0.0,0.0,4.0
27393,2023.0,7.0,10.0,5.0,20.05076,20.105654,19.089262,18.977095,19.67846,19.572578,19.53205,19.430946,19.70042,19.58235,19.450079,19.323086,20.328455,20.199238,19.780144,19.67292,19.741692,19.501472,0.0,0.0,0.0,0.0,0.0,0.0,0.0,0.0
27394,2023.0,7.0,10.0,5.0,20.04228,20.104496,19.077873,18.96939,19.661623,19.55929,19.516027,19.418184,19.681602,19.566687,19.70364,19.828949,20.315853,20.189623,20.685799,21.395744,19.558315,19.29171,0.0,0.0,0.0,0.0,4.0,0.0,4.0,0.0
27395,2023.0,7.0,10.0,5.0,20.027246,20.091816,19.066534,18.961632,19.644993,19.54595,19.499792,19.405184,20.23413,20.620838,19.832989,20.015093,20.305153,20.18184,19.938555,19.75931,19.490866,19.232872,0.0,0.0,0.0,4.0,4.0,0.0,0.0,0.0
27396,2023.0,7.0,10.0,6.0,20.674938,21.323433,19.495699,19.77871,19.628578,19.53257,19.483398,19.3919,19.876719,19.81846,19.678926,19.66539,20.296492,20.176098,19.702229,19.449194,19.578268,19.465626,4.0,0.0,0.0,0.0,4.0,0.0,0.0,0.0
27397,2023.0,7.0,10.0,6.0,21.02243,21.807497,20.052458,20.676706,21.147966,22.2221,21.194414,22.453,19.751228,19.648415,20.082636,20.373634,21.169119,21.7896,21.299347,22.262741,20.34982,20.926718,4.0,4.0,0.0,0.0,0.0,4.0,0.0,4.0
27398,2023.0,7.0,10.0,6.0,21.00003,21.657457,20.021086,20.52174,21.007473,21.813034,21.001091,21.888268,20.335405,20.780846,19.547504,19.303062,21.373053,21.95094,21.074512,21.651072,20.527504,20.964785,0.0,0.0,0.0,4.0,0.0,4.0,4.0,4.0
27399,2023.0,7.0,10.0,6.0,21.002386,21.598862,19.736101,19.87775,21.007662,21.679073,21.027607,21.833117,19.947334,19.91823,19.808165,19.993422,20.976955,21.172764,21.114256,21.699945,20.577589,21.017647,4.0,4.0,0.0,0.0,4.0,0.0,4.0,4.0
27400,2023.0,7.0,10.0,6.0,21.030006,21.63342,20.075293,20.552525,21.035109,21.684696,20.997597,21.682861,20.308367,20.60087,20.009935,20.223782,21.216995,21.584663,21.014883,21.495075,19.94747,19.886415,0.0,0.0,4.0,4.0,4.0,4.0,0.0,0.0
27401,2023.0,7.0,10.0,6.0,20.99508,21.508932,19.470009,19.329235,21.002314,21.548094,21.02954,21.72566,19.968763,19.91498,20.051903,20.26728,21.317348,21.688562,21.025295,21.478779,19.739103,19.532139,0.0,4.0,0.0,0.0,4.0,4.0,0.0,0.0
27402,2023.0,7.0,10.0,7.0,21.001543,21.503538,19.303507,19.220594,21.007578,21.528591,21.003895,21.605856,20.357254,20.66364,19.993422,20.11842,20.975855,21.06138,21.277042,21.887182,19.624147,19.411177,0.0,4.0,4.0,4.0,4.0,0.0,4.0,0.0
27403,2023.0,7.0,10.0,7.0,21.027815,21.566029,19.280832,19.213936,21.006336,21.507105,21.035631,21.66036,20.584085,20.947447,20.017567,20.154943,21.32439,21.706919,21.38229,21.988266,20.470253,21.061237,0.0,4.0,0.0,4.0,0.0,4.0,4.0,4.0
27404,2023.0,7.0,10.0,7.0,21.02149,21.539799,19.686834,20.01226,21.005653,21.493084,21.028357,21.62105,19.993814,19.888893,19.687096,19.496536,21.464996,21.867264,20.975645,21.259047,19.956331,19.939823,4.0,4.0,0.0,0.0,0.0,4.0,0.0,0.0
27405,2023.0,7.0,10.0,7.0,21.06061,21.574713,20.024189,20.505686,21.004906,21.48325,21.00183,21.529549,19.81643,19.61291,20.042843,20.30022,20.958704,20.944746,21.025873,21.362951,19.749641,19.573946,4.0,4.0,4.0,0.0,4.0,0.0,0.0,0.0
27406,2023.0,7.0,10.0,7.0,21.084085,21.609238,20.002071,20.407469,21.00417,21.47659,21.03332,21.606249,19.774233,19.580559,19.981295,20.071592,21.47443,21.938763,21.418251,22.070007,19.673449,19.504248,4.0,4.0,0.0,0.0,0.0,4.0,4.0,0.0
27407,2023.0,7.0,10.0,7.0,21.102604,21.637897,20.022825,20.431007,21.003725,21.472261,20.999975,21.5112,19.855598,19.771858,20.205585,20.472172,20.960924,20.929293,20.95697,21.17432,19.74721,19.682472,0.0,4.0,4.0,0.0,4.0,0.0,0.0,0.0
27408,2023.0,7.0,10.0,8.0,21.010925,21.498728,19.537624,19.470612,21.029516,21.542137,21.032257,21.595491,19.89072,19.819649,19.974878,19.996164,21.0173,21.052015,21.024994,21.319523,19.769474,19.708864,0.0,0.0,0.0,0.0,0.0,0.0,0.0,0.0
27409,2023.0,7.0,10.0,8.0,20.526396,20.574915,19.304068,19.189112,20.425686,20.373613,20.377934,20.33295,19.895538,19.82604,19.784464,19.623423,20.77181,20.582003,20.586618,20.47537,19.768526,19.708853,0.0,0.0,0.0,0.0,0.0,0.0,0.0,0.0
27410,2023.0,7.0,10.0,8.0,20.340721,20.342245,19.315018,19.27253,20.176895,20.039606,20.114206,19.985456,19.899927,19.830976,19.721771,19.550215,21.408861,21.845196,20.423645,20.263525,19.76971,19.710327,0.0,0.0,0.0,0.0,0.0,4.0,0.0,0.0
27411,2023.0,7.0,10.0,8.0,20.272812,20.297436,19.754368,20.126425,20.07748,19.948862,20.085175,20.046253,19.905725,19.83707,19.787218,19.69348,21.624756,22.121439,20.428993,20.346199,19.772097,19.712805,4.0,0.0,0.0,0.0,0.0,4.0,0.0,0.0
27412,2023.0,7.0,10.0,8.0,21.004486,21.74643,20.036667,20.576077,20.736837,21.271273,20.6849,21.240553,19.912994,19.844252,19.817995,19.73691,21.713902,22.21782,20.407022,20.333069,19.77561,19.716097,0.0,4.0,4.0,0.0,0.0,4.0,0.0,0.0
27413,2023.0,7.0,10.0,8.0,20.57591,20.72895,19.632896,19.736813,20.87548,21.348257,20.785858,21.264837,19.922167,19.853321,19.831783,19.75194,21.801502,22.313313,21.34311,22.135624,19.78042,19.720768,0.0,4.0,4.0,0.0,0.0,4.0,4.0,0.0
27414,2023.0,7.0,10.0,9.0,20.35528,20.431974,19.443754,19.45302,20.359697,20.381012,20.259922,20.284824,19.932594,19.863998,19.845383,19.765955,21.239515,21.202688,20.706928,20.722992,19.786781,19.727222,0.0,0.0,0.0,0.0,0.0,0.0,0.0,0.0
27415,2023.0,7.0,10.0,9.0,20.945568,21.613245,19.818392,20.203056,20.138716,20.076382,20.036839,19.984533,19.94242,19.873627,19.858606,19.779213,21.030989,20.877098,20.450531,20.334084,19.792904,19.733042,4.0,0.0,0.0,0.0,0.0,0.0,0.0,0.0
27416,2023.0,7.0,10.0,9.0,20.479202,20.633192,20.029741,20.535076,20.058935,20.004217,19.952953,19.90949,19.951807,19.882963,19.8721,19.79311,20.977787,20.824541,20.388947,20.273388,19.798292,19.738226,0.0,0.0,0.0,0.0,0.0,0.0,0.0,0.0
27417,2023.0,7.0,10.0,9.0,20.244019,20.354622,19.631668,19.721178,20.028511,20.01792,19.914017,19.911646,19.96104,19.892113,19.885681,19.806421,21.635386,22.105167,21.279676,21.995525,19.803125,19.743032,0.0,0.0,0.0,0.0,0.0,4.0,4.0,0.0
27418,2023.0,7.0,10.0,9.0,20.190422,20.302694,19.466751,19.487556,20.646893,21.221212,19.87448,19.882086,19.969528,19.901083,19.89935,19.820734,21.177654,21.120693,20.71913,20.756113,19.80724,19.74744,0.0,4.0,0.0,0.0,0.0,0.0,0.0,0.0
27419,2023.0,7.0,10.0,9.0,20.183332,20.331339,19.411587,19.43142,20.760483,21.30658,19.831415,19.843681,19.977978,19.910074,19.913305,19.835503,21.722593,22.219145,20.489132,20.400064,19.811335,19.7519,0.0,4.0,0.0,0.0,0.0,4.0,0.0,0.0
27420,2023.0,7.0,10.0,10.0,20.159563,20.314028,19.372877,19.39686,20.272655,20.363073,19.793802,19.810802,19.986475,19.918964,19.927412,19.85012,21.251308,21.216301,21.358131,22.089117,19.815746,19.756622,0.0,0.0,0.0,0.0,0.0,0.0,4.0,0.0
27421,2023.0,7.0,10.0,10.0,20.132387,20.289644,19.341856,19.369955,20.082771,20.096758,19.759398,19.7807,19.995678,19.928719,19.942501,19.86596,21.77738,22.277151,20.800415,20.864578,19.820906,19.762243,0.0,0.0,0.0,0.0,0.0,4.0,0.0,0.0
27422,2023.0,7.0,10.0,10.0,20.761055,21.494223,19.316227,19.348999,20.63913,21.198439,19.72866,19.754478,20.005646,19.939184,19.958502,19.882608,21.310417,21.285091,21.489239,22.237545,19.82682,19.76863,0.0,4.0,0.0,0.0,0.0,0.0,4.0,0.0
27423,2023.0,7.0,10.0,10.0,20.92518,21.663807,19.294579,19.332222,20.787506,21.370903,19.700945,19.731369,20.016813,19.950869,19.975626,19.900364,21.840914,22.352396,20.904123,20.985357,19.833618,19.775911,0.0,4.0,0.0,0.0,0.0,4.0,0.0,0.0
27424,2023.0,7.0,10.0,10.0,20.417046,20.650774,19.275904,19.318384,20.840958,21.42867,19.675629,19.710423,20.029755,19.964676,19.994019,19.919783,22.06935,22.675247,20.659035,20.599009,19.841347,19.784342,0.0,4.0,0.0,0.0,0.0,4.0,0.0,0.0
27425,2023.0,7.0,10.0,10.0,20.901989,21.644886,19.260286,19.308084,20.355017,20.486431,20.324787,20.956509,20.043087,19.978985,20.012226,19.93897,22.153748,22.762262,20.598639,20.53945,19.849215,19.793066,0.0,0.0,4.0,0.0,0.0,4.0,0.0,0.0
27426,2023.0,7.0,10.0,11.0,20.470251,20.735064,19.2469,19.30001,20.792807,21.40219,19.9255,20.06464,20.056211,19.993692,20.030367,19.958834,21.536863,21.534063,20.569733,20.518677,19.857277,19.802515,0.0,4.0,0.0,0.0,0.0,0.0,0.0,0.0
27427,2023.0,7.0,10.0,11.0,20.316847,20.532837,19.23438,19.29171,20.380192,20.54305,19.790255,19.890322,20.763308,21.317472,20.046667,19.97619,21.365614,21.28652,20.531649,20.468386,19.864458,19.810606,0.0,0.0,0.0,4.0,0.0,0.0,0.0,0.0
27428,2023.0,7.0,10.0,11.0,20.271282,20.492785,19.223116,19.284428,20.79122,21.402626,20.379387,21.025534,20.37884,20.429659,20.061419,19.992456,22.00536,22.538044,21.471752,22.26981,20.724552,21.43157,0.0,4.0,4.0,0.0,0.0,4.0,4.0,4.0
27429,2023.0,7.0,10.0,11.0,20.857515,21.623272,19.643307,20.083658,20.919754,21.54963,20.005096,20.198515,20.886042,21.432224,20.075499,20.009115,21.54429,21.56408,20.935217,21.066582,20.246603,20.33762,4.0,4.0,0.0,4.0,0.0,0.0,0.0,0.0
27430,2023.0,7.0,10.0,11.0,21.025269,21.812305,20.049448,20.735477,20.433552,20.608877,19.847927,19.976555,20.50148,20.575481,20.463726,20.728962,22.06612,22.616539,20.699224,20.68141,20.897533,21.617487,0.0,0.0,0.0,0.0,4.0,4.0,0.0,4.0
27431,2023.0,7.0,10.0,11.0,20.531157,20.821321,19.596397,19.768244,20.813005,21.46519,19.808163,19.943926,20.31404,20.31709,20.317646,20.327171,21.63873,21.65684,20.625702,20.605305,20.43839,20.51961,0.0,4.0,0.0,0.0,0.0,0.0,0.0,0.0
27432,2023.0,7.0,10.0,12.0,20.99692,21.780504,19.41775,19.501104,20.39889,20.591211,19.71984,19.794174,20.303095,20.30918,20.2214,20.167852,21.4768,21.426035,20.599188,20.585012,20.264137,20.27281,0.0,0.0,0.0,0.0,0.0,0.0,0.0,0.0
27433,2023.0,7.0,10.0,12.0,21.008917,21.741133,19.371063,19.451101,21.09535,21.90282,21.166801,22.399382,20.251347,20.210114,20.208801,20.156424,21.43296,21.391294,21.362461,22.007862,20.223522,20.240358,0.0,0.0,0.0,0.0,0.0,0.0,0.0,0.0
27434,2023.0,7.0,10.0,12.0,21.014227,21.709955,19.335796,19.416723,21.002506,21.663242,20.993208,21.908077,20.22159,20.176582,20.204086,20.155125,21.398632,21.364582,21.002712,21.271385,20.19873,20.221924,0.0,0.0,0.0,0.0,0.0,0.0,0.0,0.0
27435,2023.0,7.0,10.0,12.0,21.01421,21.682281,19.741974,20.202415,21.045767,21.682528,21.02808,21.888348,20.213083,20.171604,20.202028,20.157417,21.345533,21.292156,21.72322,22.618769,20.122272,20.090355,4.0,4.0,0.0,0.0,0.0,0.0,4.0,0.0
27436,2023.0,7.0,10.0,12.0,21.014725,21.66253,20.031466,20.61868,21.101475,21.759773,21.021278,21.814821,20.20706,20.169584,20.201582,20.161709,21.308914,21.25562,21.16101,21.326347,20.08106,20.045887,0.0,4.0,0.0,0.0,0.0,0.0,0.0,0.0
27437,2023.0,7.0,10.0,12.0,21.01453,21.646969,19.649216,19.824202,21.00632,21.590845,21.021639,21.773846,20.202353,20.169048,20.202246,20.167152,21.28418,21.234652,21.789534,22.690865,20.062819,20.031507,0.0,0.0,0.0,0.0,0.0,0.0,4.0,0.0
27438,2023.0,7.0,10.0,13.0,21.014454,21.63547,19.83903,20.288559,21.130579,21.793911,21.021013,21.742498,20.19836,20.169367,20.20306,20.173079,21.26362,21.218378,21.229353,21.401157,20.049597,20.022615,4.0,4.0,0.0,0.0,0.0,0.0,0.0,0.0
27439,2023.0,7.0,10.0,13.0,21.014244,21.626308,20.019579,20.542377,20.999062,21.549377,21.020603,21.719078,20.194473,20.169298,20.20383,20.178312,22.028708,22.697834,21.001602,21.16909,20.038414,20.01526,0.0,0.0,0.0,0.0,0.0,4.0,0.0,0.0
27440,2023.0,7.0,10.0,13.0,21.013586,21.61807,19.749231,19.988825,21.017853,21.584366,21.0196,21.69976,20.190855,20.169516,20.204718,20.18382,22.307514,23.015629,21.007513,21.203074,20.028677,20.009317,0.0,0.0,0.0,0.0,0.0,4.0,0.0,0.0
27441,2023.0,7.0,10.0,13.0,21.24402,22.0254,19.553343,19.685335,21.173458,21.847431,21.01998,21.686409,20.187449,20.170038,20.204737,20.188305,21.697826,21.793972,21.00608,21.214008,20.020432,20.005114,0.0,4.0,0.0,0.0,0.0,0.0,0.0,0.0
27442,2023.0,7.0,10.0,13.0,20.966413,21.496906,19.457735,19.563274,20.98375,21.493448,21.046604,21.696104,20.184689,20.171402,20.204689,20.193392,21.471203,21.496605,21.007565,21.222757,20.013107,20.001686,0.0,0.0,4.0,0.0,0.0,0.0,0.0,0.0
27443,2023.0,7.0,10.0,13.0,21.023167,21.631641,19.420588,19.525564,21.028456,21.593634,21.06006,21.711742,20.182133,20.172981,20.204481,20.198393,21.430016,21.46047,21.015923,21.243746,20.007069,19.99953,0.0,0.0,4.0,0.0,0.0,0.0,0.0,0.0
27444,2023.0,7.0,10.0,14.0,21.02653,21.617426,19.397545,19.50578,21.179497,21.836256,21.12074,21.823284,20.179884,20.174788,20.204262,20.203217,21.342083,21.315714,21.015354,21.243626,20.002268,19.998594,0.0,4.0,4.0,0.0,0.0,0.0,0.0,0.0
27445,2023.0,7.0,10.0,14.0,20.660564,20.909529,19.820831,20.31887,21.265108,21.955645,20.612139,20.850864,20.177395,20.17556,20.203274,20.20612,21.306131,21.285185,20.776432,20.783705,19.998077,19.99763,4.0,4.0,0.0,0.0,0.0,0.0,0.0,0.0
27446,2023.0,7.0,10.0,14.0,21.169266,21.94681,20.025864,20.615276,21.302717,21.99644,20.437078,20.636513,20.175428,20.176748,20.2027,20.209467,22.062616,22.74179,20.69752,20.687563,19.994768,19.997322,0.0,4.0,0.0,0.0,0.0,4.0,0.0,0.0
27447,2023.0,7.0,10.0,14.0,21.402008,22.232405,19.667416,19.856897,21.331995,22.027493,20.35006,20.555202,20.174532,20.178915,20.202791,20.213186,21.711044,21.885044,20.65417,20.646338,19.991098,19.99654,0.0,4.0,0.0,0.0,0.0,0.0,0.0,0.0
27448,2023.0,7.0,10.0,14.0,21.4517,22.282804,19.527193,19.65054,20.850178,21.110834,20.864933,21.563555,20.174603,20.181969,20.203188,20.21699,21.52939,21.597048,21.582136,22.427938,19.98767,19.995846,0.0,0.0,4.0,0.0,0.0,0.0,4.0,0.0
27449,2023.0,7.0,10.0,14.0,21.500072,22.342861,19.487333,19.606962,21.244959,21.953758,21.010918,21.735611,20.175121,20.185644,20.203428,20.220913,21.481201,21.543867,21.071255,21.276342,19.984446,19.995365,0.0,4.0,4.0,0.0,0.0,0.0,0.0,0.0
27450,2023.0,7.0,10.0,15.0,21.540781,22.387629,19.462776,19.583885,20.816513,21.070364,21.062141,21.785522,20.175861,20.189722,20.203495,20.224968,21.388376,21.388788,20.861605,20.950314,19.982094,19.995861,0.0,0.0,4.0,0.0,0.0,0.0,0.0,0.0
27451,2023.0,7.0,10.0,15.0,21.567604,22.409113,19.866571,20.356544,21.229113,21.940561,21.100513,21.818567,20.86065,21.482822,20.200754,20.22387,22.08283,22.738543,20.810259,20.89359,19.97865,19.993563,4.0,4.0,4.0,4.0,0.0,4.0,0.0,0.0
27452,2023.0,7.0,10.0,15.0,21.591957,22.428646,20.017067,20.562265,21.326046,22.030457,21.130976,21.844452,21.124794,21.82334,20.196598,20.220993,21.672749,21.848507,20.776375,20.85914,19.974775,19.990757,0.0,4.0,4.0,4.0,0.0,0.0,0.0,0.0
27453,2023.0,7.0,10.0,15.0,21.61673,22.44845,19.683065,19.859911,20.82225,21.060852,21.15979,21.868433,20.680872,20.889603,20.191725,20.217396,21.445026,21.522398,20.66939,20.67466,19.970448,19.987642,0.0,0.0,4.0,0.0,0.0,0.0,0.0,0.0
27454,2023.0,7.0,10.0,15.0,21.637218,22.46399,19.559877,19.681917,20.65174,20.838675,21.181896,21.885862,20.528028,20.651451,20.186844,20.21384,22.130764,22.846558,20.626146,20.628798,19.96643,19.98493,0.0,0.0,4.0,0.0,0.0,4.0,0.0,0.0
27455,2023.0,7.0,10.0,15.0,21.10732,21.451376,19.948042,20.43824,21.180994,21.888937,21.20281,21.9024,20.486273,20.599363,20.181591,20.209839,21.661139,21.833439,20.598326,20.602314,19.962532,19.982185,4.0,4.0,4.0,0.0,0.0,0.0,0.0,0.0
27456,2023.0,7.0,10.0,16.0,21.527332,22.348331,20.006355,20.488321,20.760147,20.997152,21.222124,21.917494,20.464565,20.575891,20.17652,20.205761,21.47607,21.541681,20.574528,20.579582,19.95914,19.97973,0.0,0.0,4.0,0.0,0.0,0.0,0.0,0.0
27457,2023.0,7.0,10.0,16.0,21.654655,22.458935,20.170052,20.7439,21.100857,21.77287,21.239159,21.92722,20.361107,20.384134,20.170221,20.198492,22.14481,22.850138,20.550528,20.555855,19.95483,19.974863,4.0,4.0,4.0,0.0,0.0,4.0,0.0,0.0
27458,2023.0,7.0,10.0,16.0,21.67269,22.469603,20.244244,20.82335,20.705738,20.938599,20.731602,20.96249,20.317268,20.330936,20.164452,20.190754,21.66496,21.82235,20.531296,20.535765,19.950949,19.969936,4.0,0.0,0.0,0.0,0.0,0.0,0.0,0.0
27459,2023.0,7.0,10.0,16.0,21.687328,22.477394,19.976797,20.335253,21.150558,21.850033,21.149578,21.855701,20.298132,20.310555,20.159382,20.18335,21.474155,21.522274,20.514301,20.517935,19.947361,19.965109,0.0,4.0,4.0,0.0,0.0,0.0,0.0,0.0
27460,2023.0,7.0,10.0,16.0,21.14385,21.440536,19.838852,20.074526,20.760565,20.97055,21.257624,21.928062,20.28057,20.29186,20.154203,20.175945,21.411674,21.450623,20.497953,20.500841,19.94384,19.960249,0.0,0.0,4.0,0.0,0.0,0.0,0.0,0.0
27461,2023.0,7.0,10.0,16.0,21.580547,22.375963,20.06559,20.513296,21.174784,21.837523,21.267794,21.929249,20.268108,20.27818,20.149973,20.169504,22.102917,22.782751,20.485727,20.487808,20.78684,21.553581,4.0,4.0,4.0,0.0,0.0,4.0,0.0,4.0
27462,2023.0,7.0,10.0,17.0,21.667469,22.452173,20.167004,20.648897,20.7603,20.97085,20.759031,20.96333,20.256409,20.264952,20.145727,20.16288,21.633661,21.76924,20.474087,20.475027,20.343954,20.5224,4.0,0.0,0.0,0.0,0.0,0.0,0.0,0.0
27463,2023.0,7.0,10.0,17.0,21.692348,22.472313,20.258982,20.793497,21.168026,21.82308,20.561989,20.702496,20.24651,20.253557,20.51049,20.84724,21.445784,21.47303,20.46378,20.463629,20.985401,21.775827,4.0,4.0,0.0,0.0,4.0,0.0,0.0,4.0
27464,2023.0,7.0,10.0,17.0,21.159899,21.450598,19.984156,20.29684,20.750065,20.946596,20.475554,20.607864,20.237743,20.24313,20.338661,20.447367,22.11055,22.768724,20.45401,20.4526,20.461702,20.62646,0.0,0.0,0.0,0.0,0.0,4.0,0.0,0.0
27465,2023.0,7.0,10.0,17.0,20.916994,21.161184,19.848267,20.046114,20.512745,20.645351,21.012548,21.673283,20.228033,20.231953,20.191053,20.216507,21.68459,21.791477,20.443277,20.440691,20.206596,20.281443,0.0,0.0,4.0,0.0,0.0,0.0,0.0,0.0
27466,2023.0,7.0,10.0,17.0,21.445124,22.204998,20.152239,20.639973,20.449173,20.56659,20.59856,20.788815,20.219452,20.221731,20.159512,20.168896,22.20343,22.844612,20.433853,20.429943,20.16305,20.22379,4.0,0.0,0.0,0.0,0.0,4.0,0.0,0.0
27467,2023.0,7.0,10.0,17.0,21.013153,21.294922,20.259718,20.772093,21.003923,21.635798,21.024559,21.672306,20.210592,20.211498,20.148396,20.154251,22.32051,22.968988,20.42413,20.419115,20.142265,20.198034,4.0,4.0,4.0,0.0,0.0,4.0,0.0,0.0
27468,2023.0,7.0,10.0,18.0,21.437565,22.172981,20.29551,20.798649,21.141363,21.770046,21.122559,21.75363,20.201963,20.201782,20.13886,20.14272,22.35965,22.996994,21.380459,22.23533,20.080614,20.088697,4.0,4.0,4.0,0.0,0.0,4.0,4.0,0.0
27469,2023.0,7.0,10.0,18.0,21.560997,22.309704,20.322401,20.815626,21.185492,21.799162,21.00462,21.537647,20.192408,20.190653,20.128891,20.130108,21.767221,21.840733,20.943487,21.305529,20.046797,20.046045,4.0,4.0,0.0,0.0,0.0,0.0,0.0,0.0
27470,2023.0,7.0,10.0,18.0,21.600203,22.337564,20.345526,20.828503,21.229872,21.833492,21.016943,21.542583,20.181667,20.178373,20.517809,20.870396,21.49119,21.467194,21.018806,21.402771,20.024647,20.022366,4.0,4.0,0.0,0.0,4.0,0.0,0.0,0.0
27471,2023.0,7.0,10.0,18.0,21.624071,22.343403,20.364347,20.837065,21.263325,21.856674,21.014858,21.521334,20.171244,20.166756,20.328108,20.39653,21.406643,21.373367,21.008383,21.34846,20.006224,20.002848,4.0,4.0,0.0,0.0,0.0,0.0,0.0,0.0
27472,2023.0,7.0,10.0,18.0,21.644194,22.353,20.379454,20.841944,21.289127,21.871927,21.162962,21.76197,20.82771,21.41229,20.188984,20.19997,21.35152,21.315899,21.009836,21.326977,20.839134,21.590761,4.0,4.0,4.0,4.0,0.0,0.0,0.0,4.0
27473,2023.0,7.0,10.0,18.0,21.116205,21.341673,20.392067,20.844753,21.31074,21.88398,21.209612,21.789991,20.51862,20.608894,20.140793,20.136179,22.031143,22.647608,21.662947,22.524286,20.425398,20.534044,4.0,4.0,4.0,0.0,0.0,4.0,4.0,0.0
27474,2023.0,7.0,10.0,19.0,21.004827,21.244198,20.400862,20.84407,21.326406,21.890574,21.223967,21.794302,20.35153,20.358868,20.1213,20.11411,21.538954,21.590534,20.95839,21.182886,20.22896,20.244728,4.0,4.0,4.0,0.0,0.0,0.0,0.0,0.0
27475,2023.0,7.0,10.0,19.0,21.481379,22.186739,20.410297,20.84515,20.971863,21.274223,21.23688,21.799866,20.298449,20.300955,20.460747,20.766949,21.279097,21.234018,21.020752,21.302595,20.158794,20.166483,4.0,0.0,4.0,0.0,4.0,0.0,0.0,0.0
27476,2023.0,7.0,10.0,19.0,21.071129,21.28402,20.069386,20.196516,21.232801,21.773367,20.98785,21.37432,20.933018,21.524096,20.635284,20.984697,21.217854,21.16776,21.008417,21.2713,20.101982,20.091875,0.0,4.0,0.0,4.0,4.0,0.0,0.0,0.0
27477,2023.0,7.0,10.0,19.0,21.426569,22.100904,19.884844,19.957916,21.325813,21.868488,21.16667,21.705149,20.575787,20.644855,20.362741,20.42656,21.925545,22.547611,21.010113,21.268415,20.065321,20.054768,0.0,4.0,4.0,0.0,0.0,4.0,0.0,0.0
27478,2023.0,7.0,10.0,19.0,21.586391,22.26109,19.813898,19.872442,20.972761,21.251644,21.233406,21.775528,20.338913,20.333164,20.551811,20.856659,21.476648,21.49416,21.704845,22.561079,20.039412,20.028467,0.0,0.0,4.0,0.0,4.0,0.0,4.0,0.0
27479,2023.0,7.0,10.0,19.0,21.618334,22.283876,20.168615,20.567808,21.227272,21.73831,21.247574,21.78268,20.905123,21.442026,20.34948,20.398579,21.934044,22.504305,21.887978,22.66222,20.861864,21.601782,4.0,4.0,4.0,4.0,0.0,4.0,4.0,4.0
27480,2023.0,7.0,10.0,20.0,21.638817,22.2965,20.295769,20.727581,20.980364,21.286964,20.986961,21.338747,21.097925,21.665152,20.221323,20.203096,21.429638,21.443645,21.120132,21.154438,20.325924,20.394054,4.0,0.0,0.0,4.0,0.0,0.0,0.0,0.0
27481,2023.0,7.0,10.0,20.0,21.65916,22.310211,20.306747,20.706306,21.220997,21.730864,21.173748,21.688211,20.57808,20.612583,20.1725,20.154322,21.87991,22.438179,21.017635,21.171822,20.063368,20.057474,4.0,4.0,4.0,0.0,0.0,4.0,0.0,0.0
27482,2023.0,7.0,10.0,20.0,21.677006,22.321669,20.325874,20.716408,21.313387,21.826817,20.990202,21.343931,20.998474,21.545511,20.139711,20.121252,22.065258,22.620169,21.008692,21.180618,20.010147,19.99419,4.0,4.0,0.0,4.0,0.0,4.0,0.0,0.0
27483,2023.0,7.0,10.0,20.0,21.694637,22.334696,20.345419,20.729237,20.973034,21.230017,21.018707,21.407806,20.586958,20.59927,20.110945,20.092665,22.116941,22.663801,21.009418,21.196724,19.987381,19.975216,4.0,0.0,0.0,0.0,0.0,4.0,0.0,0.0
27484,2023.0,7.0,10.0,20.0,21.7212,22.365913,19.999199,20.133383,21.227152,21.71437,21.170395,21.669806,21.001106,21.527763,20.08562,20.068048,21.53273,21.52108,21.008486,21.207067,20.818298,21.563053,0.0,4.0,4.0,4.0,0.0,0.0,0.0,4.0
27485,2023.0,7.0,10.0,20.0,21.185066,21.34416,20.24081,20.60898,21.327026,21.824486,21.232256,21.73561,20.606306,20.61692,20.061737,20.044601,21.269836,21.18304,21.008638,21.214985,21.094757,21.789297,4.0,4.0,4.0,0.0,0.0,0.0,0.0,4.0
27486,2023.0,7.0,10.0,21.0,21.56655,22.231993,19.984478,20.115866,21.349014,21.840801,21.248644,21.746712,21.020956,21.552645,20.039776,20.022436,21.186813,21.09401,21.72628,22.560833,20.424696,20.449322,0.0,4.0,4.0,4.0,0.0,0.0,4.0,0.0
27487,2023.0,7.0,10.0,21.0,21.687065,22.317873,20.222935,20.577755,21.36167,21.844885,20.98685,21.300644,20.613438,20.618284,20.018372,20.000395,21.127928,21.031757,20.978558,21.080921,20.149382,20.112057,4.0,4.0,0.0,0.0,0.0,0.0,0.0,0.0
27488,2023.0,7.0,10.0,21.0,21.134417,21.263798,20.310331,20.661964,21.369968,21.84465,21.019676,21.37806,20.361103,20.302088,20.360968,20.66252,21.131208,21.086231,21.02282,21.199533,20.067282,20.020628,4.0,4.0,0.0,0.0,4.0,0.0,0.0,0.0
27489,2023.0,7.0,10.0,21.0,21.005657,21.193493,20.321661,20.662508,21.375708,21.841969,21.01514,21.372274,20.28355,20.215857,20.179903,20.207775,21.858139,22.490162,21.009314,21.185427,20.01917,19.968826,4.0,4.0,0.0,0.0,0.0,4.0,0.0,0.0
27490,2023.0,7.0,10.0,21.0,21.008114,21.233421,20.331812,20.663208,20.975307,21.157543,21.245974,21.79301,20.98391,21.589554,20.040056,20.023146,21.352558,21.313276,21.640244,22.364048,20.009117,19.985329,4.0,0.0,4.0,4.0,0.0,0.0,4.0,0.0
27491,2023.0,7.0,10.0,21.0,21.00797,21.254421,20.338425,20.660515,21.018549,21.272108,20.97899,21.279177,20.54862,20.52514,20.356464,20.646996,21.810318,22.356009,21.858046,22.565022,19.991772,19.969894,4.0,0.0,0.0,0.0,4.0,4.0,4.0,0.0
27492,2023.0,7.0,10.0,22.0,21.005352,21.268782,19.994133,20.073193,21.012674,21.271463,21.021036,21.370358,20.278734,20.196045,20.173729,20.193233,21.333363,21.276411,21.098135,21.068405,20.868288,21.651957,0.0,0.0,0.0,0.0,0.0,0.0,0.0,4.0
27493,2023.0,7.0,10.0,22.0,21.0063,21.283821,19.824394,19.782305,21.013382,21.278753,21.015253,21.35994,20.204725,20.118221,20.026865,20.001972,21.811768,22.353691,21.026148,21.144417,21.028547,21.628412,0.0,0.0,0.0,0.0,0.0,4.0,0.0,4.0
27494,2023.0,7.0,10.0,22.0,21.006287,21.293783,19.735497,19.677399,21.009842,21.282104,21.012281,21.360207,20.214022,20.180605,20.288006,20.52104,21.319601,21.242271,21.009048,21.141727,20.348963,20.316301,0.0,0.0,0.0,0.0,4.0,0.0,0.0,0.0
27495,2023.0,7.0,10.0,22.0,21.012173,21.313519,19.740568,19.73171,21.020023,21.30959,21.024878,21.38839,20.203844,20.175657,20.45431,20.739477,21.069681,20.93951,21.01877,21.178888,20.08972,20.013756,0.0,0.0,0.0,0.0,4.0,0.0,0.0,0.0
27496,2023.0,7.0,10.0,22.0,21.005249,21.305067,19.723701,19.717646,21.008608,21.290903,21.010504,21.361048,20.179733,20.15045,20.110157,20.043863,21.007818,20.881464,21.00661,21.168308,20.0252,19.951834,0.0,0.0,0.0,0.0,0.0,0.0,0.0,0.0
27497,2023.0,7.0,10.0,22.0,21.44748,22.131725,19.702003,19.697752,21.01066,21.299084,21.012798,21.367434,20.726158,21.196814,19.965982,19.88273,21.79427,22.429924,21.008518,21.183102,19.98196,19.911377,0.0,0.0,0.0,4.0,0.0,4.0,0.0,0.0
27498,2023.0,7.0,10.0,23.0,20.998598,21.257174,19.681025,19.677197,21.010405,21.301363,21.012627,21.368492,20.437183,20.46345,19.91532,19.829193,21.291206,21.23364,21.00821,21.190252,19.993027,19.9694,0.0,0.0,0.0,0.0,0.0,0.0,0.0,0.0
27499,2023.0,7.0,10.0,23.0,20.742983,20.79325,19.660393,19.65534,20.725899,20.755249,20.665104,20.699812,20.187256,20.105188,19.932573,19.898458,21.019464,20.896734,20.775013,20.746109,19.981604,19.957365,0.0,0.0,0.0,0.0,0.0,0.0,0.0,0.0
27500,2023.0,7.0,10.0,23.0,20.659014,20.693148,19.644455,19.638859,20.607967,20.596992,20.529661,20.524437,20.126484,20.03633,19.926146,19.893988,21.661976,22.16145,20.700832,20.6671,19.963129,19.93811,0.0,0.0,0.0,0.0,0.0,4.0,0.0,0.0
27501,2023.0,7.0,10.0,23.0,20.618391,20.661058,19.628729,19.622358,20.545376,20.528404,20.457561,20.447046,20.145002,20.108854,19.909218,19.876009,21.155226,21.078077,20.653269,20.61758,19.94476,19.918703,0.0,0.0,0.0,0.0,0.0,0.0,0.0,0.0
27502,2023.0,7.0,10.0,23.0,20.679798,20.821218,19.612518,19.603867,20.494764,20.472742,20.3984,20.382446,20.133917,20.098858,19.891394,19.855715,20.986282,20.843828,20.611322,20.572714,19.926563,19.898563,0.0,0.0,0.0,0.0,0.0,0.0,0.0,0.0
27503,2023.0,7.0,10.0,23.0,20.663225,20.80104,19.59983,19.591734,20.458237,20.439077,20.35604,20.34366,20.116076,20.081652,19.876354,19.840666,20.937042,20.797375,20.57792,20.540268,20.636385,21.248896,0.0,0.0,0.0,0.0,0.0,0.0,0.0,4.0
27504,2023.0,7.0,11.0,0.0,20.642014,20.778143,19.586164,19.576992,20.422014,20.401785,20.314575,20.301056,20.097624,20.061987,19.8605,19.82342,20.976538,20.920376,20.545797,20.506948,20.165636,20.194912,0.0,0.0,0.0,0.0,0.0,0.0,0.0,0.0
27505,2023.0,7.0,11.0,0.0,20.620739,20.754744,19.572664,19.562012,20.388445,20.366571,20.276733,20.26135,20.079546,20.0423,20.153364,20.384666,20.96663,20.91482,20.515938,20.47545,19.959229,19.874739,0.0,0.0,0.0,0.0,4.0,0.0,0.0,0.0
27506,2023.0,7.0,11.0,0.0,20.599945,20.731833,19.559679,19.547441,20.357594,20.334206,20.242304,20.22523,20.062325,20.02354,19.933897,19.905449,20.942394,20.889013,20.488451,20.446507,19.896997,19.803719,0.0,0.0,0.0,0.0,0.0,0.0,0.0,0.0
27507,2023.0,7.0,11.0,0.0,20.580166,20.7102,19.54697,19.53284,20.328632,20.303465,20.210201,20.191187,20.045778,20.00545,19.87322,19.830503,20.919144,20.864103,20.462877,20.419533,19.920898,19.890451,0.0,0.0,0.0,0.0,0.0,0.0,0.0,0.0
27508,2023.0,7.0,11.0,0.0,20.561396,20.689758,19.535172,19.51968,20.302555,20.276566,20.18141,20.16157,20.030214,19.98867,19.849964,19.805796,20.897224,20.840973,20.439314,20.394934,19.903297,19.868156,0.0,0.0,0.0,0.0,0.0,0.0,0.0,0.0
27509,2023.0,7.0,11.0,0.0,20.543968,20.67147,19.52465,19.508953,20.279764,20.254908,20.156342,20.137842,20.593353,21.06013,19.829685,19.7856,20.876354,20.820028,20.417107,20.372698,19.883795,19.848438,0.0,0.0,0.0,4.0,0.0,0.0,0.0,0.0
27510,2023.0,7.0,11.0,1.0,20.526073,20.651558,19.51305,19.49581,20.256018,20.22995,20.130344,20.110624,20.213638,20.216534,19.806927,19.7611,20.85249,20.79462,20.392542,20.346754,19.862072,19.825232,0.0,0.0,0.0,0.0,0.0,0.0,0.0,0.0
27511,2023.0,7.0,11.0,1.0,20.508976,20.632444,19.501501,19.482553,20.23345,20.206207,20.105843,20.085003,20.088861,20.045864,20.076817,20.282448,20.829185,20.769634,20.36886,20.321665,20.567698,21.170883,0.0,0.0,0.0,0.0,4.0,0.0,0.0,4.0
27512,2023.0,7.0,11.0,1.0,20.491795,20.612886,19.489717,19.468655,20.211233,20.182283,20.08206,20.059454,20.050863,20.004377,19.895586,19.885342,20.806402,20.744774,20.345911,20.296944,20.022036,19.972075,0.0,0.0,0.0,0.0,0.0,0.0,0.0,0.0
27513,2023.0,7.0,11.0,1.0,20.473648,20.591225,19.47669,19.452084,20.187817,20.155153,20.057404,20.030838,20.018488,19.967903,19.800755,19.74674,20.783163,20.718107,20.322857,20.270966,19.837566,19.720444,0.0,0.0,0.0,0.0,0.0,0.0,0.0,0.0
27514,2023.0,7.0,11.0,1.0,20.457914,20.57414,19.46627,19.440756,20.16887,20.136307,20.037554,20.011105,20.565418,21.015646,19.77461,19.72061,20.763443,20.697714,20.303055,20.250587,20.64516,21.300476,0.0,0.0,0.0,4.0,0.0,0.0,0.0,4.0
27515,2023.0,7.0,11.0,1.0,20.441256,20.554962,19.454447,19.426674,20.148539,20.1141,20.016357,19.987955,20.10956,20.02459,19.749321,19.693026,20.74303,20.675272,20.282877,20.228672,20.059244,20.004286,0.0,0.0,0.0,0.0,0.0,0.0,0.0,0.0
27516,2023.0,7.0,11.0,2.0,20.423946,20.534101,19.44117,19.40973,20.126837,20.088636,19.993956,19.961622,19.93453,19.785027,19.724846,19.664507,20.721899,20.650843,20.262283,20.205282,19.850285,19.717594,0.0,0.0,0.0,0.0,0.0,0.0,0.0,0.0
27517,2023.0,7.0,11.0,2.0,20.409468,20.518833,19.431189,19.399502,20.109188,20.070877,19.975697,19.943201,19.983587,19.933296,19.705263,19.644464,20.70392,20.632248,20.244593,20.187136,19.794655,19.665321,0.0,0.0,0.0,0.0,0.0,0.0,0.0,0.0
27518,2023.0,7.0,11.0,2.0,20.395823,20.504963,19.422558,19.391676,20.093771,20.056858,19.959673,19.928642,20.54235,20.990824,19.688765,19.628935,20.687899,20.61674,20.228748,20.171791,20.606178,21.247581,0.0,0.0,0.0,4.0,0.0,0.0,0.0,4.0
27519,2023.0,7.0,11.0,2.0,20.381315,20.489113,19.41295,19.381666,20.077005,20.03961,19.94237,19.910816,20.163773,20.152983,19.972721,20.174452,20.671087,20.599035,20.212357,20.154684,20.730227,21.277386,0.0,0.0,0.0,0.0,4.0,0.0,0.0,4.0
27520,2023.0,7.0,11.0,2.0,20.367867,20.47484,19.403934,19.372484,20.061224,20.023806,19.926504,19.894743,20.505695,20.850092,19.783558,19.757318,20.655272,20.582796,20.196964,20.139006,20.084475,19.999714,0.0,0.0,0.0,4.0,0.0,0.0,0.0,0.0
27521,2023.0,7.0,11.0,2.0,20.354477,20.460283,19.395021,19.363176,20.045547,20.007807,19.911,19.878689,20.078331,19.960323,20.001274,20.202547,20.639664,20.566534,20.181828,20.123377,19.901505,19.768248,0.0,0.0,0.0,0.0,4.0,0.0,0.0,0.0
27522,2023.0,7.0,11.0,3.0,20.341684,20.44675,19.38654,19.354519,20.030565,19.992893,19.896149,19.863766,19.940773,19.793934,19.807453,19.78436,20.624802,20.551378,20.167416,20.108797,20.582205,21.11204,0.0,0.0,0.0,0.0,0.0,0.0,0.0,4.0
27523,2023.0,7.0,11.0,3.0,20.328459,20.432493,19.377634,19.344923,20.014927,19.976398,19.880663,19.847256,19.887182,19.739447,19.71387,19.650364,20.609938,20.535872,20.153004,20.093864,20.767101,21.310137,0.0,0.0,0.0,0.0,0.0,0.0,0.0,4.0
27524,2023.0,7.0,11.0,3.0,20.316462,20.420652,19.370317,19.338505,20.001982,19.964882,19.868093,19.835873,19.930405,19.868565,19.985,20.179981,20.5972,20.524065,20.140429,20.082079,20.128225,20.042765,0.0,0.0,0.0,0.0,4.0,0.0,0.0,0.0
27525,2023.0,7.0,11.0,3.0,20.303234,20.406492,19.362003,19.330027,19.98766,19.950333,19.854256,19.821577,19.923788,19.864044,19.769905,19.718721,20.58378,20.51045,20.127306,20.068787,19.93631,19.797173,0.0,0.0,0.0,0.0,0.0,0.0,0.0,0.0
27526,2023.0,7.0,11.0,3.0,20.922611,21.57764,19.354576,19.323196,19.97479,19.938482,19.841734,19.80991,19.905548,19.847326,19.708817,19.648533,20.571688,20.499111,20.11537,20.057518,20.615122,21.14156,0.0,0.0,0.0,0.0,0.0,0.0,0.0,4.0
27527,2023.0,7.0,11.0,3.0,20.524984,20.691593,19.34665,19.315426,19.961336,19.925283,19.828562,19.796886,19.887903,19.829838,19.681717,19.620485,20.559458,20.487062,20.103212,20.045519,20.084309,20.002954,0.0,0.0,0.0,0.0,0.0,0.0,0.0,0.0
27528,2023.0,7.0,11.0,4.0,20.272131,20.266953,19.338324,19.306976,19.947554,19.911259,19.815067,19.783052,19.871155,19.812805,19.658705,19.59674,20.547413,20.474897,20.09102,20.033197,19.90156,19.765097,0.0,0.0,0.0,0.0,0.0,0.0,0.0,0.0
27529,2023.0,7.0,11.0,4.0,20.210945,20.202642,19.330534,19.299694,19.934996,19.899557,19.802643,19.771425,19.85682,19.799332,19.640915,19.579956,20.536745,20.464964,20.080069,20.022867,20.698206,21.336567,0.0,0.0,0.0,0.0,0.0,0.0,0.0,4.0
27530,2023.0,7.0,11.0,4.0,20.284681,20.389812,19.322199,19.291407,19.92186,19.886599,19.789618,19.75853,19.843307,19.786047,19.916574,20.108545,20.526617,20.455137,20.069715,20.012735,20.110502,20.049248,0.0,0.0,0.0,0.0,4.0,0.0,0.0,0.0
27531,2023.0,7.0,11.0,4.0,20.292318,20.408895,19.313133,19.281544,19.907764,19.87159,19.775778,19.743675,19.830107,19.772387,20.065664,20.323812,20.516539,20.444874,20.059519,20.00233,19.896557,19.756048,0.0,0.0,0.0,0.0,4.0,0.0,0.0,0.0
27532,2023.0,7.0,11.0,4.0,20.27952,20.395887,19.305628,19.274446,19.895523,19.86019,19.763811,19.732433,19.818697,19.76166,19.782572,19.748962,20.507477,20.436462,20.050259,19.993593,19.915148,19.857841,0.0,0.0,0.0,0.0,0.0,0.0,0.0,0.0
27533,2023.0,7.0,11.0,4.0,20.26662,20.382923,19.29799,19.266953,19.883135,19.84836,19.751583,19.720713,19.80763,19.75118,19.701887,19.64308,20.498375,20.42796,20.952026,21.70068,19.892931,19.841717,0.0,0.0,0.0,0.0,0.0,0.0,4.0,0.0
27534,2023.0,7.0,11.0,5.0,20.253084,20.368925,19.29,19.25887,19.870571,19.835838,19.738907,19.708155,19.796488,19.740278,19.961601,20.151651,20.48891,20.418818,20.292624,20.237732,20.581089,21.162863,0.0,0.0,0.0,0.0,4.0,0.0,0.0,4.0
27535,2023.0,7.0,11.0,5.0,20.24043,20.356514,19.282932,19.252638,19.85918,19.825249,19.727255,19.697397,19.786291,19.73104,19.781963,19.762661,21.170227,21.716063,20.083324,19.947105,20.02847,19.962576,0.0,0.0,0.0,0.0,0.0,4.0,0.0,0.0
27536,2023.0,7.0,11.0,5.0,20.228327,20.344755,19.276384,19.247126,19.848333,19.815357,19.716234,19.687357,19.776707,19.722483,19.693035,19.63564,20.717815,20.71943,20.032438,19.897276,19.841866,19.711443,0.0,0.0,0.0,0.0,0.0,0.0,0.0,0.0
27537,2023.0,7.0,11.0,5.0,20.216745,20.333601,19.269997,19.241842,19.837746,19.805817,19.705387,19.67762,20.349817,20.808434,19.963099,20.162846,21.149118,21.577415,20.07264,20.01641,19.786728,19.65857,0.0,0.0,0.0,4.0,4.0,4.0,0.0,0.0
27538,2023.0,7.0,11.0,5.0,20.205719,20.323,19.263775,19.236689,20.493666,21.049881,19.694553,19.66795,20.589518,21.120342,19.77502,19.755947,20.649446,20.53463,20.069431,20.016962,19.816345,19.76235,0.0,4.0,0.0,4.0,0.0,0.0,0.0,0.0
27539,2023.0,7.0,11.0,5.0,20.824003,21.490137,19.683954,20.028996,20.118122,20.194538,19.683937,19.658594,20.02357,19.959368,19.98005,20.176563,20.500704,20.333378,20.966866,21.720346,20.528446,21.115917,4.0,0.0,0.0,0.0,4.0,0.0,4.0,4.0
27540,2023.0,7.0,11.0,6.0,21.034756,21.743307,19.47107,19.533457,19.8487,19.738197,20.32773,20.877895,19.838173,19.70365,20.109995,20.365719,21.159294,21.620522,20.30999,20.265646,19.994947,19.946632,0.0,0.0,4.0,0.0,4.0,4.0,0.0,0.0
27541,2023.0,7.0,11.0,6.0,20.997293,21.592607,19.337847,19.319904,21.13071,22.026869,21.094418,22.121178,19.78723,19.652018,20.058863,20.217667,20.986818,21.223497,21.231003,22.056938,19.807331,19.685656,0.0,4.0,0.0,0.0,4.0,0.0,4.0,0.0
27542,2023.0,7.0,11.0,6.0,21.019289,21.578978,19.302317,19.277946,20.986618,21.62416,21.018024,21.81749,20.450388,20.947687,20.046366,20.190878,21.015844,21.243196,21.379366,22.062208,19.747112,19.625454,0.0,4.0,0.0,4.0,4.0,0.0,4.0,0.0
27543,2023.0,7.0,11.0,6.0,21.020594,21.570581,19.284008,19.258625,21.031115,21.660074,21.001116,21.667728,20.136091,20.131826,20.065775,20.209284,21.347929,21.824717,21.448643,22.12779,19.78136,19.734043,0.0,0.0,4.0,0.0,4.0,4.0,4.0,0.0
27544,2023.0,7.0,11.0,6.0,21.09686,21.653084,19.720839,20.090618,20.995802,21.51448,21.005016,21.617138,19.868086,19.748072,20.003136,20.099554,20.96709,21.06695,20.96178,21.23729,19.783451,19.739384,4.0,4.0,4.0,0.0,0.0,0.0,0.0,0.0
27545,2023.0,7.0,11.0,6.0,21.13844,21.691736,20.021326,20.492048,21.002045,21.493109,21.003855,21.576336,19.785032,19.653658,20.077387,20.217596,21.401688,21.88479,21.025808,21.360498,19.769247,19.726067,4.0,4.0,4.0,0.0,4.0,4.0,0.0,0.0
27546,2023.0,7.0,11.0,7.0,21.001047,21.45122,20.017033,20.437136,21.001074,21.468067,21.003622,21.548098,19.831669,19.783392,19.998482,20.068586,21.531788,22.002693,21.472944,22.168165,19.756948,19.714357,0.0,4.0,4.0,0.0,0.0,4.0,4.0,0.0
27547,2023.0,7.0,11.0,7.0,21.018835,21.479197,19.935759,20.208578,21.00088,21.450443,21.003443,21.52701,19.839754,19.792439,20.229767,20.497618,21.586409,22.053532,20.947525,21.13926,19.747753,19.706291,4.0,4.0,4.0,0.0,4.0,4.0,0.0,0.0
27548,2023.0,7.0,11.0,7.0,21.16675,21.723528,20.03161,20.399883,21.000662,21.436731,21.029474,21.582832,20.5263,21.096779,20.342842,20.629475,21.634165,22.098164,21.484158,22.155794,20.585981,21.296974,0.0,4.0,0.0,4.0,4.0,4.0,4.0,4.0
27549,2023.0,7.0,11.0,7.0,20.99442,21.400625,19.985102,20.254131,21.000233,21.42496,21.023184,21.549738,20.083588,20.00816,20.281057,20.458126,20.983284,20.93746,21.668934,22.332865,20.839176,21.450304,4.0,4.0,0.0,0.0,4.0,0.0,4.0,4.0
27550,2023.0,7.0,11.0,7.0,21.178461,21.731213,20.00436,20.289434,20.99994,21.41526,21.023224,21.531338,19.8354,19.707653,19.984531,19.95811,21.521662,22.008026,21.734001,22.393839,20.147207,20.072159,4.0,4.0,0.0,0.0,0.0,4.0,4.0,0.0
27551,2023.0,7.0,11.0,7.0,20.991646,21.378702,19.999117,20.26772,20.99947,21.406542,21.022846,21.515919,19.78614,19.65308,19.825909,19.674545,20.98241,20.943146,21.790627,22.44713,19.87638,19.749647,4.0,4.0,0.0,0.0,0.0,0.0,4.0,0.0
27552,2023.0,7.0,11.0,8.0,21.019545,21.438602,20.018211,20.312822,21.025871,21.472784,21.105387,21.643589,20.573652,21.172678,19.74246,19.584204,21.017447,21.039555,20.96489,20.998648,19.815512,19.690382,0.0,0.0,4.0,4.0,0.0,0.0,0.0,0.0
27553,2023.0,7.0,11.0,8.0,20.613232,20.656956,19.664179,19.621592,20.491823,20.432674,21.01171,21.42857,20.770536,21.238876,20.155777,20.399063,20.790245,20.615894,20.687002,20.536018,19.788643,19.668964,0.0,0.0,4.0,4.0,4.0,0.0,0.0,0.0
27554,2023.0,7.0,11.0,8.0,20.574785,20.690086,20.00789,20.345968,20.28438,20.155355,20.470352,20.43538,20.227726,20.169514,19.996412,20.05464,21.42221,21.873276,20.582027,20.42831,20.695452,21.4051,4.0,0.0,0.0,0.0,0.0,4.0,0.0,4.0
27555,2023.0,7.0,11.0,8.0,20.543879,20.67669,20.178373,20.56317,20.78815,21.191488,20.178162,20.073914,19.992233,19.87212,19.895775,19.849195,21.029081,20.94858,21.434729,22.104935,20.226156,20.205826,4.0,4.0,0.0,0.0,0.0,0.0,4.0,0.0
27556,2023.0,7.0,11.0,8.0,20.504675,20.640308,19.992107,20.229662,20.40165,20.386244,20.706217,21.13825,19.949022,19.82537,19.865047,19.803982,21.547441,22.01037,20.829262,20.78543,20.01099,19.900396,0.0,0.0,4.0,0.0,0.0,4.0,0.0,0.0
27557,2023.0,7.0,11.0,8.0,21.104883,21.804314,19.713118,19.701138,20.757086,21.196356,20.352396,20.344662,19.983171,19.91785,19.861938,19.800583,21.76929,22.264786,21.449688,22.143429,19.951427,19.842793,0.0,4.0,0.0,0.0,0.0,4.0,4.0,0.0
27558,2023.0,7.0,11.0,9.0,20.607906,20.734592,19.57874,19.513489,20.351004,20.346296,20.146856,20.060564,19.996664,19.940226,19.865118,19.803673,21.831903,22.332613,21.669117,22.37865,19.92612,19.821508,0.0,0.0,0.0,0.0,0.0,4.0,4.0,0.0
27559,2023.0,7.0,11.0,9.0,20.428925,20.49284,19.572811,19.555902,20.168116,20.085125,20.0721,19.991917,20.678686,21.226433,20.220251,20.466002,21.886791,22.39167,20.93393,20.906214,19.95365,19.895891,0.0,0.0,0.0,4.0,4.0,4.0,0.0,0.0
27560,2023.0,7.0,11.0,9.0,21.029009,21.670532,19.556921,19.554451,20.11042,20.030708,20.726234,21.28253,20.250778,20.248932,20.067766,20.093473,21.301456,21.248936,20.698858,20.575129,19.959448,19.908377,0.0,0.0,4.0,0.0,0.0,0.0,0.0,0.0
27561,2023.0,7.0,11.0,9.0,21.161957,21.797714,19.533152,19.534796,20.773748,21.325447,20.290731,20.334406,20.078941,19.981567,19.969511,19.917086,21.781378,22.243746,20.625702,20.503122,19.957273,19.907286,0.0,4.0,0.0,0.0,0.0,4.0,0.0,0.0
27562,2023.0,7.0,11.0,9.0,21.216307,21.85083,19.512512,19.517832,20.362373,20.416782,20.084127,20.038761,20.691717,21.156082,20.299809,20.540977,21.317892,21.285574,21.502039,22.199965,19.956528,19.907167,0.0,0.0,0.0,4.0,4.0,0.0,4.0,0.0
27563,2023.0,7.0,11.0,9.0,20.707289,20.858725,19.49459,19.503399,20.156488,20.110563,20.025055,19.983753,20.93581,21.468164,20.121305,20.124113,21.117939,20.978943,20.923367,20.927752,19.956896,19.90819,0.0,0.0,0.0,4.0,0.0,0.0,0.0,0.0
27564,2023.0,7.0,11.0,10.0,20.531528,20.627562,19.47936,19.491673,20.105185,20.06263,20.671215,21.245646,20.439495,20.454205,19.999544,19.912487,21.062576,20.924084,20.704033,20.60146,19.9579,19.90992,0.0,0.0,4.0,0.0,0.0,0.0,0.0,0.0
27565,2023.0,7.0,11.0,10.0,20.471107,20.571781,19.465412,19.480522,20.753061,21.321136,20.780441,21.30791,20.260244,20.175825,19.982983,19.892282,21.02925,20.896605,20.64376,20.539986,19.959154,19.911469,0.0,4.0,4.0,0.0,0.0,0.0,0.0,0.0
27566,2023.0,7.0,11.0,10.0,21.081066,21.759285,19.452696,19.47046,20.346632,20.421282,20.285198,20.344898,20.857933,21.33508,20.003662,19.9363,21.779875,22.354523,20.608852,20.509857,19.961565,19.91418,0.0,0.0,0.0,4.0,0.0,4.0,0.0,0.0
27567,2023.0,7.0,11.0,10.0,21.215534,21.882925,19.441198,19.461525,20.153843,20.136444,20.10551,20.09498,20.482273,20.504087,20.017,19.954437,21.294067,21.293291,20.614935,20.550488,19.964928,19.917923,0.0,0.0,0.0,0.0,0.0,0.0,0.0,0.0
27568,2023.0,7.0,11.0,10.0,20.704128,20.87587,19.430973,19.45387,20.728727,21.25888,20.046993,20.040445,20.316418,20.240616,20.02446,19.962648,21.106169,20.992785,20.605907,20.546494,19.968409,19.92174,0.0,4.0,0.0,0.0,0.0,0.0,0.0,0.0
27569,2023.0,7.0,11.0,10.0,20.542986,20.664412,19.421824,19.447275,20.335857,20.410677,20.02193,20.036057,20.277857,20.199135,20.032057,19.970602,21.760849,22.271345,20.593027,20.535137,19.971872,19.925465,0.0,0.0,0.0,0.0,0.0,4.0,0.0,0.0
27570,2023.0,7.0,11.0,11.0,21.145529,21.849371,19.850315,20.260454,20.787209,21.330143,20.657755,21.262604,20.275776,20.21488,20.04023,19.979074,21.967077,22.544409,20.58217,20.525442,19.975512,19.929306,4.0,4.0,4.0,0.0,0.0,4.0,0.0,0.0
27571,2023.0,7.0,11.0,11.0,21.265835,21.951036,20.019064,20.492714,20.3815,20.467194,20.23544,20.33148,20.271517,20.21459,20.05044,19.990755,21.407644,21.420538,20.573795,20.518671,19.980288,19.934927,0.0,0.0,0.0,0.0,0.0,0.0,0.0,0.0
27572,2023.0,7.0,11.0,11.0,20.741745,20.91993,19.687304,19.789284,20.788115,21.364027,20.007805,20.044384,20.266237,20.211237,20.422125,20.681046,21.158262,21.0655,20.565464,20.511976,19.985634,19.941319,0.0,4.0,0.0,0.0,4.0,0.0,0.0,0.0
27573,2023.0,7.0,11.0,11.0,20.593267,20.737709,19.996017,20.418344,20.373718,20.476099,20.599514,21.186258,20.264692,20.211441,20.235954,20.243473,21.118683,21.026096,20.560074,20.508186,19.990786,19.947603,4.0,0.0,4.0,0.0,0.0,0.0,0.0,0.0
27574,2023.0,7.0,11.0,11.0,21.210388,21.951187,20.112156,20.554941,20.212435,20.247425,20.209967,20.327177,20.263962,20.21274,20.152325,20.10011,21.104664,21.019394,20.555744,20.505646,19.996235,19.954468,4.0,0.0,0.0,0.0,0.0,0.0,0.0,0.0
27575,2023.0,7.0,11.0,11.0,20.765236,20.992144,19.997168,20.337172,20.171011,20.2118,20.684172,21.288155,20.263803,20.214918,20.149647,20.096514,21.110426,21.048532,20.551672,20.503628,20.001741,19.961834,0.0,0.0,4.0,0.0,0.0,0.0,0.0,0.0
27576,2023.0,7.0,11.0,12.0,20.54772,20.72679,20.158878,20.611599,20.122437,20.152126,20.861082,21.449797,20.2631,20.217169,20.153963,20.103903,21.104252,21.047606,20.546452,20.500715,20.00777,19.970646,4.0,0.0,4.0,0.0,0.0,0.0,0.0,0.0
27577,2023.0,7.0,11.0,12.0,21.160088,21.895624,19.989536,20.29103,21.115719,21.946241,21.016418,21.681408,20.259697,20.214447,20.155718,20.106012,21.09261,21.037743,21.073652,21.424397,20.009747,19.97293,0.0,0.0,4.0,0.0,0.0,0.0,0.0,0.0
27578,2023.0,7.0,11.0,12.0,20.97924,21.446718,19.799887,19.922926,21.002567,21.62818,21.021877,21.667086,20.978188,21.578096,20.156466,20.107744,21.868166,22.525434,21.001398,21.260538,20.010847,19.974844,0.0,0.0,0.0,4.0,0.0,4.0,0.0,0.0
27579,2023.0,7.0,11.0,12.0,21.01534,21.505323,19.659086,19.720022,21.017426,21.601562,21.018421,21.621883,20.665897,20.75544,20.155308,20.108086,21.43717,21.490015,21.008007,21.249872,20.01049,19.975697,0.0,0.0,0.0,0.0,0.0,0.0,0.0,0.0
27580,2023.0,7.0,11.0,12.0,21.022642,21.505733,19.597807,19.643478,21.03593,21.595716,21.038677,21.628134,20.39274,20.356918,20.152481,20.106918,21.155207,21.086803,21.017548,21.250978,20.00891,19.975521,0.0,0.0,0.0,0.0,0.0,0.0,0.0,0.0
27581,2023.0,7.0,11.0,12.0,21.02118,21.493685,19.568272,19.614288,21.155771,21.76772,21.035616,21.596006,20.352707,20.325058,20.149382,20.105242,21.109936,21.045172,21.016716,21.235449,20.007135,19.974972,0.0,4.0,0.0,0.0,0.0,0.0,0.0,0.0
27582,2023.0,7.0,11.0,13.0,21.020517,21.487179,19.544786,19.591301,21.030458,21.499956,21.034561,21.57864,20.320799,20.280691,20.147123,20.103912,21.098398,21.04813,21.016205,21.224813,20.00601,19.974691,0.0,0.0,0.0,0.0,0.0,0.0,0.0,0.0
27583,2023.0,7.0,11.0,13.0,21.020584,21.483253,19.527596,19.577118,21.031404,21.521948,21.033516,21.564173,20.305344,20.267305,20.148598,20.107994,21.085688,21.037989,21.01585,21.215559,20.00772,19.978552,0.0,0.0,0.0,0.0,0.0,0.0,0.0,0.0
27584,2023.0,7.0,11.0,13.0,21.353615,22.091038,19.514864,19.568521,21.012354,21.47734,21.013884,21.521067,20.297955,20.26231,20.15264,20.114166,21.832235,22.46979,21.823532,22.725302,20.011232,19.983631,0.0,0.0,0.0,0.0,0.0,4.0,4.0,0.0
27585,2023.0,7.0,11.0,13.0,20.975437,21.354858,19.503614,19.56022,21.191275,21.785292,21.15092,21.749397,20.294626,20.260288,20.159386,20.122774,22.076555,22.707495,21.226725,21.332521,20.016464,19.98996,0.0,4.0,4.0,0.0,0.0,4.0,0.0,0.0
27586,2023.0,7.0,11.0,13.0,21.354692,22.08259,19.494347,19.55373,20.981857,21.388426,21.21809,21.82938,20.294447,20.261395,20.16859,20.133938,22.156385,22.787388,21.00274,21.110714,20.023726,19.998468,0.0,0.0,4.0,0.0,0.0,4.0,0.0,0.0
27587,2023.0,7.0,11.0,13.0,20.974564,21.337667,19.487305,19.549877,21.01773,21.460032,20.990946,21.435902,20.296547,20.264816,20.178337,20.145147,21.601255,21.67491,21.840853,22.69679,20.031809,20.007656,0.0,0.0,0.0,0.0,0.0,0.0,4.0,0.0
27588,2023.0,7.0,11.0,14.0,21.366768,22.093832,19.481647,19.5473,21.01307,21.449213,21.018877,21.49835,20.299417,20.26921,20.188625,20.157505,21.345613,21.315208,21.27717,21.375849,20.039988,20.017242,0.0,0.0,0.0,0.0,0.0,0.0,0.0,0.0
27589,2023.0,7.0,11.0,14.0,20.970085,21.227552,19.474277,19.539982,20.663631,20.774578,20.640024,20.770628,20.300394,20.269428,20.195139,20.163105,21.99817,22.59487,20.941833,20.92969,20.04471,20.02081,0.0,0.0,0.0,0.0,0.0,4.0,0.0,0.0
27590,2023.0,7.0,11.0,14.0,21.441835,22.20999,19.900229,20.343828,21.143822,21.75659,20.477661,20.554905,20.30014,20.268414,20.574413,20.870693,22.17486,22.808664,20.872585,20.84618,20.047092,20.022364,4.0,4.0,0.0,0.0,4.0,4.0,0.0,0.0
27591,2023.0,7.0,11.0,14.0,20.96655,21.215664,20.01154,20.471231,20.717972,20.859993,20.378368,20.42782,20.298697,20.266525,20.371395,20.404734,21.605204,21.67204,20.835438,20.807508,20.047825,20.022541,0.0,0.0,0.0,0.0,0.0,0.0,0.0,0.0
27592,2023.0,7.0,11.0,14.0,21.33615,22.064291,19.716873,19.843536,21.067959,21.668228,20.951736,21.571959,20.992184,21.577356,20.24334,20.215357,21.346043,21.304737,20.790833,20.752985,20.047014,20.021425,0.0,4.0,4.0,4.0,0.0,0.0,0.0,0.0
27593,2023.0,7.0,11.0,14.0,21.456438,22.186754,20.027994,20.469994,20.648706,20.785309,21.068747,21.66816,20.614473,20.71282,20.228157,20.193518,21.982838,22.551657,20.761541,20.722391,20.04517,20.019474,4.0,0.0,4.0,0.0,0.0,4.0,0.0,0.0
27594,2023.0,7.0,11.0,15.0,21.505228,22.228199,20.142027,20.598083,21.076982,21.670866,21.102243,21.69132,20.450546,20.445732,20.223465,20.187935,21.5313,21.591066,20.737432,20.698612,20.043375,20.01774,4.0,4.0,4.0,0.0,0.0,0.0,0.0,0.0
27595,2023.0,7.0,11.0,15.0,21.54525,22.263212,20.192305,20.653605,20.669262,20.814064,21.13726,21.722271,20.416418,20.404434,20.219666,20.183935,21.3496,21.300312,21.67144,22.484348,20.041695,20.016184,4.0,0.0,4.0,0.0,0.0,0.0,4.0,0.0
27596,2023.0,7.0,11.0,15.0,21.577831,22.2918,19.985874,20.276155,21.073483,21.65575,21.164766,21.74658,20.381304,20.350254,20.21675,20.180567,21.29296,21.234774,21.091534,21.185669,20.040289,20.014845,0.0,4.0,4.0,0.0,0.0,0.0,0.0,0.0
27597,2023.0,7.0,11.0,15.0,21.608503,22.318005,20.171824,20.609245,21.22992,21.808167,21.190596,21.768793,20.359425,20.32557,20.21403,20.17749,21.988369,22.5904,20.78502,20.76484,20.039263,20.013784,4.0,4.0,4.0,0.0,0.0,4.0,0.0,0.0
27598,2023.0,7.0,11.0,15.0,21.632023,22.33804,20.247776,20.701225,21.257278,21.829918,20.683554,20.802847,20.349012,20.314482,20.212215,20.175081,21.520391,21.57753,20.73545,20.704012,20.038736,20.01309,4.0,4.0,0.0,0.0,0.0,0.0,0.0,0.0
27599,2023.0,7.0,11.0,15.0,21.65377,22.35631,19.976046,20.213223,21.283194,21.852793,21.107178,21.70433,20.341429,20.306688,20.211052,20.173544,21.331434,21.273817,20.71409,20.681658,20.038315,20.012415,0.0,4.0,4.0,0.0,0.0,0.0,0.0,0.0
27600,2023.0,7.0,11.0,16.0,21.67529,22.373898,20.195492,20.622787,21.308292,21.874165,20.701546,20.81965,20.334608,20.29988,20.209915,20.172132,21.966835,22.527618,20.691092,20.654774,20.03788,20.01167,4.0,4.0,0.0,0.0,0.0,4.0,0.0,0.0
27601,2023.0,7.0,11.0,16.0,21.140345,21.355452,20.27618,20.722065,21.328651,21.892164,21.110159,21.691757,20.330067,20.295542,20.209484,20.171793,21.514744,21.561018,20.676228,20.63959,20.037874,20.011745,4.0,4.0,4.0,0.0,0.0,0.0,0.0,0.0
27602,2023.0,7.0,11.0,16.0,20.946041,21.10418,19.9785,20.191616,20.814684,20.913076,21.19538,21.768272,20.325876,20.29168,20.209213,20.171772,21.334728,21.273722,20.663822,20.627535,20.037651,20.011707,0.0,0.0,4.0,0.0,0.0,0.0,0.0,0.0
27603,2023.0,7.0,11.0,16.0,20.854902,21.01463,20.216135,20.641663,20.568777,20.611387,20.680294,20.782475,20.320679,20.286953,20.208414,20.17141,21.273743,21.20868,20.650545,20.614838,20.03722,20.011564,4.0,0.0,0.0,0.0,0.0,0.0,0.0,0.0
27604,2023.0,7.0,11.0,16.0,21.44209,22.16756,19.986599,20.215183,20.495499,20.531935,21.101664,21.674128,20.315487,20.282307,20.207087,20.170614,21.98173,22.583801,20.639204,20.604118,20.036425,20.011198,0.0,0.0,4.0,0.0,0.0,4.0,0.0,0.0
27605,2023.0,7.0,11.0,16.0,21.60713,22.303717,19.847456,19.956291,21.05253,21.62572,20.717966,20.829432,20.309511,20.277079,20.20473,20.169079,21.569525,21.61123,20.626314,20.591927,20.034979,20.01035,0.0,4.0,0.0,0.0,0.0,0.0,0.0,0.0
27606,2023.0,7.0,11.0,17.0,21.639706,22.330877,19.753553,19.80839,20.645895,20.751339,20.519451,20.56113,20.30421,20.272627,20.558195,20.838118,21.374826,21.310537,20.614933,20.581219,20.032887,20.009014,0.0,0.0,0.0,0.0,4.0,0.0,0.0,0.0
27607,2023.0,7.0,11.0,17.0,21.664972,22.349438,19.70973,19.755175,21.085722,21.653868,20.438864,20.476017,20.978422,21.551262,20.35449,20.381645,22.005154,22.555637,20.602957,20.569317,20.028563,20.00449,0.0,4.0,0.0,4.0,0.0,4.0,0.0,0.0
27608,2023.0,7.0,11.0,17.0,21.685362,22.36317,20.100721,20.50896,21.194408,21.75545,20.375849,20.407846,20.606562,20.699417,20.253172,20.22115,22.169613,22.76025,21.551857,22.374971,20.022585,19.998354,4.0,4.0,0.0,0.0,0.0,4.0,4.0,0.0
27609,2023.0,7.0,11.0,17.0,21.70308,22.37471,20.238306,20.678652,21.227003,21.776697,20.977013,21.581158,20.420599,20.39547,20.229593,20.193855,22.223467,22.805632,21.784153,22.585205,20.015295,19.990887,4.0,4.0,4.0,0.0,0.0,4.0,4.0,0.0
27610,2023.0,7.0,11.0,17.0,21.718279,22.383652,20.26555,20.686357,21.259789,21.802477,21.078533,21.640104,20.376139,20.342417,20.557154,20.823633,22.264677,22.838158,21.057798,21.115665,20.007507,19.98316,4.0,4.0,4.0,0.0,4.0,4.0,0.0,0.0
27611,2023.0,7.0,11.0,17.0,21.186588,21.372898,20.29469,20.707561,21.285816,21.822023,21.107826,21.654037,21.02131,21.581776,20.727613,21.07813,22.297407,22.862995,21.736946,22.494028,19.99984,19.975637,4.0,4.0,4.0,4.0,4.0,4.0,4.0,0.0
27612,2023.0,7.0,11.0,18.0,21.61324,22.28678,19.987373,20.16774,21.308008,21.837849,21.141901,21.6815,20.615435,20.672655,20.435946,20.485243,21.7025,21.712276,21.107367,21.156443,19.992352,19.968403,0.0,4.0,4.0,0.0,0.0,0.0,0.0,0.0
27613,2023.0,7.0,11.0,18.0,21.739382,22.39296,19.848217,19.921272,20.97986,21.266993,21.001408,21.431595,20.381248,20.35405,20.262562,20.234617,21.422388,21.337322,21.763893,22.574865,20.88728,21.672913,0.0,0.0,0.0,0.0,0.0,0.0,4.0,4.0
27614,2023.0,7.0,11.0,18.0,21.200216,21.373194,19.764355,19.812988,21.017836,21.355322,21.017378,21.45348,20.32768,20.290916,20.21258,20.175476,21.331217,21.240032,21.178522,21.21788,20.432867,20.502388,0.0,0.0,0.0,0.0,0.0,0.0,0.0,0.0
27615,2023.0,7.0,11.0,18.0,20.998526,21.175102,20.13701,20.53897,21.01221,21.347706,21.014927,21.437672,20.30932,20.279842,20.193073,20.160921,21.275478,21.186317,21.813541,22.62109,20.138954,20.118792,4.0,0.0,0.0,0.0,0.0,0.0,4.0,0.0
27616,2023.0,7.0,11.0,18.0,21.496883,22.152441,20.307056,20.735182,21.23323,21.74279,21.163425,21.683386,20.29278,20.265472,20.175938,20.145805,21.26506,21.214622,22.042505,22.799803,20.892609,21.58958,4.0,4.0,4.0,0.0,0.0,0.0,4.0,4.0
27617,2023.0,7.0,11.0,18.0,20.996977,21.240284,19.986603,20.163328,21.307552,21.828022,20.994274,21.376442,20.27758,20.251328,20.160877,20.131695,21.24368,21.200487,21.282606,21.31296,20.369232,20.427906,0.0,4.0,0.0,0.0,0.0,0.0,0.0,0.0
27618,2023.0,7.0,11.0,19.0,21.016008,21.29438,19.84234,19.904156,21.34097,21.857925,21.166925,21.680738,20.26079,20.235765,20.145123,20.117994,21.21267,21.171986,20.994877,20.997477,20.927036,21.629826,0.0,4.0,4.0,0.0,0.0,0.0,0.0,4.0
27619,2023.0,7.0,11.0,19.0,21.424507,22.061737,19.754795,19.788778,20.975246,21.220383,21.23599,21.752558,20.243948,20.2194,20.128206,20.101362,21.938189,22.581404,21.009016,21.066961,20.449755,20.495573,0.0,0.0,4.0,0.0,0.0,4.0,0.0,0.0
27620,2023.0,7.0,11.0,19.0,20.986567,21.21391,20.136726,20.53411,21.241833,21.73361,21.255117,21.765444,20.921402,21.514292,20.110472,20.08357,21.4613,21.46274,21.006956,21.09267,20.181482,20.15568,4.0,4.0,4.0,4.0,0.0,0.0,0.0,0.0
27621,2023.0,7.0,11.0,19.0,21.412914,22.044012,20.305288,20.725227,21.342659,21.841404,21.267172,21.771025,20.558064,20.591717,20.093071,20.066067,21.189734,21.106352,21.007587,21.113533,20.925768,21.612442,4.0,4.0,4.0,0.0,0.0,0.0,0.0,4.0
27622,2023.0,7.0,11.0,19.0,21.576593,22.209686,19.981869,20.14226,21.363115,21.855457,21.276854,21.774303,20.30255,20.257551,20.07576,20.04816,21.821737,22.360125,21.00592,21.128035,20.450167,20.470043,0.0,4.0,4.0,0.0,0.0,4.0,0.0,0.0
27623,2023.0,7.0,11.0,19.0,21.616003,22.242931,20.187332,20.530771,21.376574,21.862219,20.98203,21.27206,20.238827,20.183863,20.05882,20.031376,21.378769,21.344814,21.006422,21.142641,20.17888,20.13198,4.0,4.0,0.0,0.0,0.0,0.0,0.0,0.0
27624,2023.0,7.0,11.0,20.0,21.655714,22.286175,19.98319,20.131613,21.386576,21.865622,21.188566,21.665562,20.92606,21.515215,20.4128,20.713722,21.145708,21.048925,21.00672,21.152685,20.107563,20.058365,0.0,4.0,4.0,4.0,4.0,0.0,0.0,0.0
27625,2023.0,7.0,11.0,20.0,21.678913,22.300217,20.20501,20.551807,21.392103,21.862669,21.258083,21.736925,21.122597,21.64051,20.58196,20.90779,21.071112,20.962505,21.006378,21.159323,20.060757,20.00592,4.0,4.0,4.0,4.0,4.0,0.0,0.0,0.0
27626,2023.0,7.0,11.0,20.0,21.148031,21.285635,19.988304,20.12967,21.395388,21.857832,21.267017,21.737154,21.171982,21.677534,20.244364,20.230034,21.807755,22.40913,21.755041,22.565378,20.900213,21.627363,0.0,4.0,4.0,4.0,0.0,4.0,4.0,4.0
27627,2023.0,7.0,11.0,20.0,21.006828,21.190786,20.179417,20.489466,21.397985,21.852169,20.985014,21.258354,21.219807,21.71445,20.0563,19.981493,21.340652,21.305824,21.119482,21.113602,21.151129,21.807253,4.0,4.0,0.0,4.0,0.0,0.0,0.0,4.0
27628,2023.0,7.0,11.0,20.0,21.445278,22.04015,20.265839,20.585636,21.39914,21.845163,21.174818,21.618034,20.662586,20.632048,20.384935,20.6513,21.759075,22.265232,21.023668,21.144053,20.464306,20.45212,4.0,4.0,4.0,0.0,4.0,4.0,0.0,0.0
27629,2023.0,7.0,11.0,20.0,21.594244,22.188885,19.975311,20.074945,21.399157,21.836952,20.988987,21.270908,21.0475,21.533693,20.209394,20.21342,21.93539,22.43264,21.008577,21.136564,20.165625,20.086174,0.0,4.0,0.0,4.0,0.0,4.0,0.0,0.0
27630,2023.0,7.0,11.0,21.0,21.056723,21.147276,19.790096,19.741879,21.39819,21.827919,21.01931,21.341148,21.211637,21.681635,20.43524,20.728941,21.975367,22.46228,21.01052,21.151793,20.073462,19.98655,0.0,4.0,0.0,4.0,4.0,4.0,0.0,0.0
27631,2023.0,7.0,11.0,21.0,21.45684,22.061617,19.74002,19.721367,20.968603,21.09689,21.163,21.590498,21.24542,21.705656,20.14488,20.081223,21.358284,21.261387,21.007336,21.159292,20.017384,19.930473,0.0,0.0,4.0,4.0,0.0,0.0,0.0,0.0
27632,2023.0,7.0,11.0,21.0,20.977577,21.13296,19.718527,19.704432,21.019028,21.231707,20.994347,21.282494,21.271505,21.722647,20.297506,20.487738,21.843422,22.362007,21.00818,21.171064,20.025629,19.993052,0.0,0.0,0.0,4.0,4.0,4.0,0.0,0.0
27633,2023.0,7.0,11.0,21.0,21.016582,21.242777,19.689093,19.672964,21.241083,21.645868,21.019371,21.338942,20.700716,20.631649,20.389269,20.576502,21.34789,21.260729,21.725267,22.518456,20.905697,21.678284,0.0,4.0,0.0,0.0,4.0,0.0,4.0,4.0
27634,2023.0,7.0,11.0,21.0,21.376148,21.919214,19.661398,19.642115,21.315851,21.719902,21.01611,21.333447,21.044422,21.469736,20.398764,20.577524,21.755714,22.21446,20.966303,21.014652,21.08796,21.70058,0.0,4.0,0.0,4.0,4.0,4.0,0.0,4.0
27635,2023.0,7.0,11.0,21.0,20.973616,21.144646,20.065496,20.417917,21.32439,21.720484,21.011946,21.333616,21.216776,21.647354,20.083462,19.98082,21.281887,21.169666,21.568968,22.19672,20.366365,20.305239,4.0,4.0,0.0,4.0,0.0,0.0,4.0,0.0
27636,2023.0,7.0,11.0,22.0,21.01645,21.254997,19.982246,20.181568,20.97509,21.12444,21.01254,21.340195,20.638424,20.533546,19.907316,19.76587,21.762611,22.258871,20.954529,20.969414,20.070604,19.95434,0.0,0.0,0.0,0.0,0.0,4.0,0.0,0.0
27637,2023.0,7.0,11.0,22.0,21.359283,21.89522,19.797579,19.81994,21.22825,21.617872,21.012754,21.344723,20.36718,20.217123,20.254976,20.486917,21.25455,21.123543,21.026693,21.143196,19.979097,19.85627,0.0,4.0,0.0,0.0,4.0,0.0,0.0,0.0
27638,2023.0,7.0,11.0,22.0,20.946115,21.104261,19.678307,19.653717,21.290619,21.666569,21.012705,21.347677,20.261894,20.101475,20.41445,20.66816,20.989805,20.82245,21.010456,21.134193,19.919369,19.793982,0.0,4.0,0.0,0.0,4.0,0.0,0.0,0.0
27639,2023.0,7.0,11.0,22.0,21.01809,21.264496,19.634848,19.602743,20.98078,21.14175,21.012989,21.35043,20.187897,20.026842,20.323288,20.45203,21.6547,22.135733,21.012495,21.149494,19.952404,19.908232,0.0,0.0,0.0,0.0,4.0,4.0,0.0,0.0
27640,2023.0,7.0,11.0,22.0,21.010294,21.260344,19.605297,19.569426,21.019093,21.239113,21.013262,21.352407,20.223427,20.159882,19.98901,19.906939,21.814266,22.2422,21.740572,22.52714,20.711578,21.348925,0.0,0.0,0.0,0.0,0.0,4.0,4.0,4.0
27641,2023.0,7.0,11.0,22.0,21.0063,21.269806,19.579868,19.541065,21.014921,21.238863,21.013124,21.35287,20.802994,21.26173,20.151743,20.25075,21.196304,21.046715,20.968544,21.001005,20.205507,20.121422,0.0,0.0,0.0,4.0,4.0,0.0,0.0,0.0
27642,2023.0,7.0,11.0,23.0,21.007145,21.28282,19.993322,20.333652,21.009987,21.24524,21.013416,21.353767,20.4818,20.465725,19.982035,19.924236,21.674578,22.13789,21.032251,21.155874,20.711056,21.287022,4.0,0.0,0.0,0.0,0.0,4.0,0.0,4.0
27643,2023.0,7.0,11.0,23.0,20.828623,20.94843,19.798433,19.841179,20.750631,20.758678,20.668486,20.690832,20.172392,20.014643,19.932474,19.868042,21.17816,21.024431,20.698633,20.535255,20.20758,20.107618,0.0,0.0,0.0,0.0,0.0,0.0,0.0,0.0
27644,2023.0,7.0,11.0,23.0,21.42864,22.127459,19.652302,19.614435,20.61235,20.561705,20.503277,20.459764,20.07217,19.894886,19.893599,19.825607,20.972342,20.753809,20.56668,20.385315,19.996536,19.840048,0.0,0.0,0.0,0.0,0.0,0.0,0.0,0.0
27645,2023.0,7.0,11.0,23.0,20.83981,20.875132,19.605791,19.559202,20.543644,20.486572,20.426477,20.377018,20.120451,20.047176,19.860353,19.791014,20.893473,20.674454,20.601572,20.528734,19.918364,19.761026,0.0,0.0,0.0,0.0,0.0,0.0,0.0,0.0
27646,2023.0,7.0,11.0,23.0,20.58261,20.501562,19.571747,19.519836,20.485933,20.422749,20.362097,20.305986,20.112337,20.04422,19.827007,19.753834,20.82503,20.60219,20.57589,20.507105,19.962128,19.909674,0.0,0.0,0.0,0.0,0.0,0.0,0.0,0.0
27647,2023.0,7.0,11.0,23.0,20.66129,20.737015,19.548302,19.496822,20.442257,20.381,20.314186,20.260298,20.085714,20.017294,20.107744,20.304775,20.908085,20.824131,20.536776,20.468012,19.934917,19.876055,0.0,0.0,0.0,0.0,4.0,0.0,0.0,0.0
27648,2023.0,7.0,12.0,0.0,20.65853,20.758886,19.525997,19.473333,20.40076,20.33922,20.26918,20.214998,20.645397,21.093046,19.892033,19.843035,20.89476,20.810606,20.499008,20.42949,19.903168,19.843351,0.0,0.0,0.0,4.0,0.0,0.0,0.0,0.0
27649,2023.0,7.0,12.0,0.0,20.629639,20.730324,19.504921,19.450308,20.361723,20.29896,20.227304,20.17181,20.245304,20.214718,19.802246,19.726513,20.864342,20.778505,20.462603,20.391693,19.872616,19.811268,0.0,0.0,0.0,0.0,0.0,0.0,0.0,0.0
27650,2023.0,7.0,12.0,0.0,20.599592,20.698158,19.48471,19.427769,20.32495,20.260365,20.188122,20.130718,20.567118,20.879583,19.766497,19.688076,20.834585,20.746796,20.4279,20.355211,19.843185,19.779997,0.0,0.0,0.0,4.0,0.0,0.0,0.0,0.0
27651,2023.0,7.0,12.0,0.0,20.571074,20.667347,19.465527,19.40662,20.290672,20.224833,20.151785,20.093105,20.685226,21.014896,20.043715,20.234303,20.805817,20.716452,20.395172,20.321095,19.815353,19.750668,0.0,0.0,0.0,4.0,4.0,0.0,0.0,0.0
27652,2023.0,7.0,12.0,0.0,20.54464,20.639168,19.447407,19.386745,20.258726,20.192015,20.118118,20.058565,20.14749,19.96354,19.826021,19.769613,20.778408,20.687778,20.364355,20.289213,19.789043,19.723156,0.0,0.0,0.0,0.0,0.0,0.0,0.0,0.0
27653,2023.0,7.0,12.0,0.0,20.518066,20.609615,19.428852,19.365305,20.226736,20.157515,20.08464,20.022472,19.97489,19.75618,20.055212,20.2531,20.750847,20.657866,20.333803,20.256525,19.762812,19.694765,0.0,0.0,0.0,0.0,4.0,0.0,0.0,0.0
27654,2023.0,7.0,12.0,1.0,20.493444,20.583405,19.411951,19.346752,20.197891,20.127953,20.05463,19.991724,19.902359,19.684246,19.812334,19.744316,20.725458,20.63133,20.305574,20.227333,19.738527,19.66939,0.0,0.0,0.0,0.0,0.0,0.0,0.0,0.0
27655,2023.0,7.0,12.0,1.0,20.46769,20.554539,19.393528,19.32484,20.167747,20.09463,20.023441,19.957241,19.9858,19.911776,19.722578,19.632633,20.699364,20.602716,20.277042,20.19656,19.713799,19.642385,0.0,0.0,0.0,0.0,0.0,0.0,0.0,0.0
27656,2023.0,7.0,12.0,1.0,20.44329,20.527939,19.37644,19.305557,20.140184,20.065525,19.995,19.927235,19.963713,19.87737,19.684315,19.592566,20.674788,20.576502,20.250124,20.168207,19.690434,19.617502,0.0,0.0,0.0,0.0,0.0,0.0,0.0,0.0
27657,2023.0,7.0,12.0,1.0,20.419382,20.501707,19.359451,19.286379,20.113527,20.037262,19.967531,19.898159,19.934866,19.848434,19.64968,19.556164,20.65087,20.550947,20.22401,20.140657,19.667686,19.59324,0.0,0.0,0.0,0.0,0.0,0.0,0.0,0.0
27658,2023.0,7.0,12.0,1.0,20.395876,20.475883,19.342436,19.267181,20.087473,20.009565,19.940723,19.869726,19.90632,19.818256,19.61809,19.522755,20.627443,20.525879,20.19846,20.11367,19.645357,19.569397,0.0,0.0,0.0,0.0,0.0,0.0,0.0,0.0
27659,2023.0,7.0,12.0,1.0,20.374073,20.453192,19.327177,19.251589,20.06414,19.986837,19.916767,19.846447,19.879848,19.791952,19.590338,19.495455,20.605803,20.503994,20.174643,20.08974,20.353659,20.92099,0.0,0.0,0.0,0.0,0.0,0.0,0.0,4.0
27660,2023.0,7.0,12.0,2.0,20.350863,20.427412,19.30997,19.232056,20.038883,19.959642,19.891024,19.818714,19.852278,19.762566,19.561487,19.464508,20.583033,20.479422,20.14981,20.063307,19.871727,19.849014,0.0,0.0,0.0,0.0,0.0,0.0,0.0,0.0
27661,2023.0,7.0,12.0,2.0,20.326794,20.399618,19.291475,19.20997,20.012653,19.930027,19.864544,19.788723,19.824257,19.731604,19.532305,19.431923,20.559578,20.453182,20.12436,20.035324,19.585537,19.37679,0.0,0.0,0.0,0.0,0.0,0.0,0.0,0.0
27662,2023.0,7.0,12.0,2.0,20.303633,20.373487,19.27286,19.187773,19.986927,19.901129,19.838612,19.75954,19.797117,19.701998,19.5041,19.400751,20.53657,20.427774,20.09942,20.008291,19.495375,19.27736,0.0,0.0,0.0,0.0,0.0,0.0,0.0,0.0
27663,2023.0,7.0,12.0,2.0,20.280926,20.348095,19.254948,19.167097,19.96231,19.874226,19.813688,19.732328,19.770752,19.67369,19.476965,19.371403,20.513927,20.403141,20.074793,19.981915,19.584082,19.512264,0.0,0.0,0.0,0.0,0.0,0.0,0.0,0.0
27664,2023.0,7.0,12.0,2.0,20.258324,20.322735,19.236986,19.146341,19.937984,19.847565,19.788954,19.705315,19.744623,19.645605,19.450092,19.342306,20.491238,20.378445,20.050146,19.955505,19.563078,19.476213,0.0,0.0,0.0,0.0,0.0,0.0,0.0,0.0
27665,2023.0,7.0,12.0,2.0,20.236937,20.299877,19.220657,19.12909,19.915722,19.825026,19.766315,19.68248,20.302885,20.715834,19.42502,19.3169,20.469585,20.356047,20.026413,19.931187,19.538494,19.451057,0.0,0.0,0.0,4.0,0.0,0.0,0.0,0.0
27666,2023.0,7.0,12.0,3.0,20.214209,20.274136,19.202215,19.107626,19.89134,19.79802,19.741558,19.655144,19.90853,19.846275,19.397818,19.287207,20.446325,20.33057,20.00116,19.903961,19.512714,19.423187,0.0,0.0,0.0,0.0,0.0,0.0,0.0,0.0
27667,2023.0,7.0,12.0,3.0,20.192287,20.249683,19.184212,19.087093,19.86751,19.772003,19.717388,19.62882,19.77604,19.672712,19.679857,19.837355,20.423243,20.30561,19.97605,19.877193,19.487072,19.395823,0.0,0.0,0.0,0.0,4.0,0.0,0.0,0.0
27668,2023.0,7.0,12.0,3.0,20.171143,20.226658,19.167032,19.068005,19.844648,19.747696,19.694279,19.604279,20.32471,20.7416,19.792248,19.983526,20.40079,20.281845,19.951538,19.85158,19.462328,19.369932,0.0,0.0,0.0,4.0,4.0,0.0,0.0,0.0
27669,2023.0,7.0,12.0,3.0,20.150137,20.20381,19.150158,19.049109,19.821966,19.72359,19.67152,19.580046,19.750721,19.525768,19.518827,19.439741,20.378485,20.258291,19.927156,19.82617,19.43794,19.34447,0.0,0.0,0.0,0.0,0.0,0.0,0.0,0.0
27670,2023.0,7.0,12.0,3.0,20.129034,20.180618,19.13317,19.029823,19.79912,19.69902,19.648678,19.555414,19.539734,19.257034,19.695265,19.828651,20.356073,20.234413,20.82024,21.528606,19.413633,19.318855,0.0,0.0,0.0,0.0,4.0,0.0,4.0,0.0
27671,2023.0,7.0,12.0,3.0,20.10751,20.1571,19.115952,19.010254,19.776371,19.67433,19.625772,19.530602,19.464588,19.180372,19.49575,19.410606,20.333681,20.210451,20.06063,19.874222,19.389503,19.293314,0.0,0.0,0.0,0.0,0.0,0.0,0.0,0.0
27672,2023.0,7.0,12.0,4.0,20.084084,20.130123,19.097382,18.988165,19.752481,19.647034,19.601522,19.503046,19.580536,19.474972,19.383123,19.260025,20.310352,20.1845,19.804333,19.532639,19.36456,19.265896,0.0,0.0,0.0,0.0,0.0,0.0,0.0,0.0
27673,2023.0,7.0,12.0,4.0,20.06164,20.105074,19.07882,18.96646,19.72903,19.6208,19.577759,19.47655,19.57182,19.457527,19.34018,19.2143,20.287874,20.160202,19.725077,19.451332,19.340551,19.240202,0.0,0.0,0.0,0.0,0.0,0.0,0.0,0.0
27674,2023.0,7.0,12.0,4.0,20.04059,20.082863,19.0624,18.949402,19.707865,19.599453,19.556437,19.455063,20.138567,20.545616,19.303993,19.178919,20.266735,20.138687,19.830004,19.724709,19.317879,19.21722,0.0,0.0,0.0,4.0,0.0,0.0,0.0,0.0
27675,2023.0,7.0,12.0,4.0,20.018686,20.05907,19.044384,18.929367,19.68511,19.575106,19.533594,19.430605,19.743092,19.674713,19.268543,19.14211,20.94487,21.440914,19.823303,19.714338,19.294243,19.192478,0.0,0.0,0.0,0.0,0.0,4.0,0.0,0.0
27676,2023.0,7.0,12.0,4.0,20.009537,20.060373,19.02614,18.909025,19.662312,19.550573,19.5106,19.40592,19.436079,19.155289,19.52577,19.650682,20.268602,20.00349,19.795721,19.68522,19.270306,19.167381,0.0,0.0,0.0,0.0,4.0,0.0,0.0,0.0
27677,2023.0,7.0,12.0,4.0,19.995775,20.048409,19.007687,18.88829,19.63943,19.525736,19.487446,19.38088,19.315126,19.01088,19.646683,19.819988,20.05539,19.72024,19.768366,19.656633,19.974215,20.512547,0.0,0.0,0.0,0.0,4.0,0.0,0.0,4.0
27678,2023.0,7.0,12.0,5.0,19.975426,20.025658,18.989155,18.86724,19.616274,19.500494,19.464376,19.35562,19.424442,19.298786,19.363243,19.262457,20.722717,21.043272,19.740505,19.627438,19.4895,19.437363,0.0,0.0,0.0,0.0,0.0,4.0,0.0,0.0
27679,2023.0,7.0,12.0,5.0,19.957096,20.007742,18.9742,18.853403,19.596218,19.481506,19.44468,19.336792,19.4322,19.313131,19.250975,19.119501,20.863146,21.173328,19.715063,19.602741,19.17071,18.903477,0.0,0.0,0.0,0.0,0.0,4.0,0.0,0.0
27680,2023.0,7.0,12.0,5.0,20.5918,21.213709,18.961992,18.844435,19.579405,19.467913,19.427914,19.32321,19.980883,20.363787,19.212914,19.085592,20.25012,19.969255,20.619093,21.3274,19.085918,18.825996,0.0,0.0,0.0,4.0,0.0,0.0,4.0,0.0
27681,2023.0,7.0,12.0,5.0,20.200653,20.340246,18.949509,18.834677,19.562422,19.453253,19.41048,19.308296,19.630253,19.578564,19.465467,19.58779,20.777164,21.083399,19.858877,19.670069,19.168068,19.04949,0.0,0.0,0.0,0.0,4.0,4.0,0.0,0.0
27682,2023.0,7.0,12.0,5.0,19.821394,19.671389,19.380617,19.655815,20.219776,20.706331,19.392883,19.29299,19.3233,19.053387,19.275562,19.178581,20.931171,21.253597,19.607016,19.338581,19.182894,19.08255,4.0,4.0,0.0,0.0,0.0,4.0,0.0,0.0
27683,2023.0,7.0,12.0,5.0,20.387732,20.80863,19.528889,19.839544,19.83288,19.836811,19.375853,19.278526,19.22681,18.94704,19.185259,19.064304,20.307549,20.03491,19.540783,19.278904,19.896875,20.441555,4.0,0.0,0.0,0.0,0.0,0.0,0.0,4.0
27684,2023.0,7.0,12.0,6.0,20.522453,20.951746,19.011843,18.80519,20.078781,20.337452,19.358952,19.263916,19.338055,19.224756,19.157782,19.038809,20.853455,21.187098,19.491047,19.234287,19.99831,20.440088,0.0,4.0,0.0,0.0,0.0,4.0,0.0,4.0
27685,2023.0,7.0,12.0,6.0,21.065851,21.862577,19.172318,19.180737,21.122334,22.104647,21.210312,22.57375,19.355928,19.25004,19.136671,19.020525,21.031857,21.42616,21.469542,22.698751,20.071522,20.508213,4.0,4.0,0.0,0.0,0.0,0.0,4.0,4.0
27686,2023.0,7.0,12.0,6.0,21.024536,21.720476,20.11408,20.83131,20.998167,21.727903,20.97752,21.893862,19.955196,20.390991,19.428463,19.586765,21.071354,21.405972,21.001255,21.703545,20.157303,20.59619,0.0,4.0,4.0,4.0,4.0,4.0,0.0,4.0
27687,2023.0,7.0,12.0,6.0,20.999428,21.59153,19.324873,19.179068,21.039577,21.746696,21.010094,21.845425,20.264568,20.743483,20.079378,20.640501,21.119373,21.454805,21.032806,21.670462,20.003824,20.2989,0.0,0.0,4.0,4.0,0.0,4.0,0.0,0.0
27688,2023.0,7.0,12.0,6.0,21.004053,21.565945,19.080812,18.970009,21.00497,21.59533,21.015089,21.76459,20.180342,20.467257,19.557974,19.527452,21.009989,21.246365,21.083353,21.649286,19.483204,19.271666,0.0,4.0,4.0,4.0,0.0,0.0,4.0,0.0
27689,2023.0,7.0,12.0,6.0,21.031942,21.61938,19.066397,18.970913,21.037067,21.64064,21.01226,21.699183,20.187954,20.471186,19.634645,19.815329,21.1833,21.533388,21.144018,21.71352,19.257069,19.022852,0.0,0.0,4.0,4.0,4.0,4.0,4.0,0.0
27690,2023.0,7.0,12.0,7.0,20.996952,21.506084,19.034647,18.943796,21.00359,21.520828,21.013462,21.659655,20.236082,20.520487,20.05829,20.498095,21.244068,21.588833,21.014345,21.475578,20.160423,20.817324,0.0,4.0,4.0,4.0,0.0,4.0,0.0,4.0
27691,2023.0,7.0,12.0,7.0,21.031206,21.584032,19.460014,19.771187,21.009176,21.513968,21.011799,21.626184,19.986351,20.073574,19.962542,20.218588,21.291367,21.64439,21.027193,21.478807,20.386288,20.902842,4.0,4.0,4.0,0.0,4.0,4.0,0.0,4.0
27692,2023.0,7.0,12.0,7.0,20.99455,21.478884,20.067822,20.723583,21.007647,21.50004,21.037699,21.675219,19.624847,19.383884,20.017403,20.297543,20.981764,21.090298,21.248533,21.839813,20.446045,20.970486,4.0,4.0,0.0,0.0,4.0,0.0,4.0,4.0
27693,2023.0,7.0,12.0,7.0,21.001522,21.490213,20.003176,20.5105,21.007393,21.492098,21.030756,21.638256,20.185354,20.583126,20.00319,20.230137,21.01953,21.167816,20.99333,21.353632,20.525822,21.052866,4.0,4.0,0.0,4.0,4.0,0.0,0.0,4.0
27694,2023.0,7.0,12.0,7.0,21.000744,21.489403,20.009565,20.466383,21.0335,21.559254,21.030432,21.618422,20.403503,20.773478,20.020744,20.249317,21.015074,21.15751,21.300295,21.906103,19.946836,20.013157,4.0,0.0,0.0,4.0,0.0,0.0,4.0,0.0
27695,2023.0,7.0,12.0,7.0,21.000673,21.490513,20.007511,20.424858,20.999512,21.461748,21.029432,21.602425,20.467894,20.845156,19.91888,20.00296,21.015045,21.154333,20.974094,21.28184,19.601555,19.382748,4.0,4.0,0.0,4.0,4.0,0.0,0.0,0.0
27696,2023.0,7.0,12.0,8.0,21.028625,21.567932,20.025946,20.450655,21.006523,21.472769,21.021769,21.592257,19.954628,19.92624,20.035313,20.24192,21.520226,22.10905,21.027721,21.38831,19.467478,19.269669,0.0,4.0,0.0,0.0,0.0,4.0,0.0,0.0
27697,2023.0,7.0,12.0,8.0,20.44851,20.446247,19.844875,20.057104,20.874466,21.219728,20.438463,20.473946,19.733444,19.539042,19.982153,20.09407,21.512148,21.923595,20.468782,20.309319,19.420847,19.2376,4.0,4.0,0.0,0.0,4.0,4.0,0.0,0.0
27698,2023.0,7.0,12.0,8.0,20.897594,21.420128,20.0317,20.41102,20.306236,20.191502,20.184309,20.13228,19.64515,19.445272,20.020855,20.173548,20.877048,20.706137,20.27153,20.065865,19.481882,19.396526,4.0,0.0,0.0,0.0,0.0,0.0,0.0,0.0
27699,2023.0,7.0,12.0,8.0,21.02994,21.556849,20.001429,20.34636,20.63367,21.002674,20.047184,19.99525,19.607725,19.421194,19.701101,19.547207,20.621403,20.395498,20.270393,20.173492,19.49595,19.424294,4.0,4.0,0.0,0.0,0.0,0.0,0.0,0.0
27700,2023.0,7.0,12.0,8.0,20.459816,20.489298,20.023344,20.402122,20.760656,21.149693,19.947996,19.901543,19.670654,19.581463,19.63131,19.537033,20.55319,20.335653,20.24164,20.157461,19.484415,19.416967,0.0,4.0,0.0,0.0,0.0,0.0,0.0,0.0
27701,2023.0,7.0,12.0,8.0,20.202177,20.196177,19.578547,19.542757,20.243036,20.184332,19.869858,19.831045,19.69148,19.613918,19.628447,19.542194,21.228138,21.657278,20.198751,20.119856,19.472742,19.408213,0.0,0.0,0.0,0.0,0.0,4.0,0.0,0.0
27702,2023.0,7.0,12.0,9.0,20.77995,21.35453,19.376738,19.263401,20.625736,21.017029,19.815403,19.782303,19.689882,19.616472,19.621408,19.538029,20.789785,20.701847,20.168354,20.092573,20.332226,21.040777,0.0,4.0,0.0,0.0,0.0,0.0,0.0,4.0
27703,2023.0,7.0,12.0,9.0,20.333128,20.418854,19.364117,19.320448,20.737398,21.16904,19.76398,19.735252,19.685022,19.61246,19.614004,19.531279,20.608377,20.424303,20.139853,20.065252,19.951292,20.217407,0.0,4.0,0.0,0.0,0.0,0.0,0.0,0.0
27704,2023.0,7.0,12.0,9.0,20.08245,20.110382,19.331581,19.306221,20.757824,21.19519,19.71057,19.685436,19.679483,19.607172,19.60618,19.523613,20.558535,20.376335,20.11148,20.037722,19.590025,19.480133,0.0,4.0,0.0,0.0,0.0,0.0,0.0,0.0
27705,2023.0,7.0,12.0,9.0,20.026913,20.061552,19.293789,19.274128,20.242987,20.226414,20.333626,20.895086,20.366606,20.905924,19.957659,20.185581,20.614689,20.514711,20.092604,20.020187,19.50989,19.396177,0.0,0.0,4.0,4.0,4.0,0.0,0.0,0.0
27706,2023.0,7.0,12.0,9.0,20.057405,20.17101,19.704641,20.0819,20.651102,21.105062,20.501545,21.08325,19.965021,20.090288,20.003756,20.207996,20.628067,20.54115,20.07518,20.00353,19.527319,19.459023,4.0,4.0,4.0,0.0,0.0,0.0,0.0,0.0
27707,2023.0,7.0,12.0,9.0,20.748857,21.496542,20.041166,20.59553,20.784304,21.245863,19.929314,19.952816,19.744215,19.637331,19.790424,19.753027,20.623741,20.538626,20.058882,19.988335,19.526081,19.462164,0.0,4.0,0.0,0.0,0.0,0.0,0.0,0.0
27708,2023.0,7.0,12.0,10.0,20.86932,21.49937,19.592468,19.677332,20.253761,20.246006,20.294666,20.806274,19.666424,19.55082,19.687183,19.607473,20.619999,20.535635,20.045408,19.975197,19.516594,19.453125,0.0,0.0,4.0,0.0,0.0,0.0,0.0,0.0
27709,2023.0,7.0,12.0,10.0,20.322706,20.451603,19.850296,20.24311,20.047659,19.97459,19.84454,19.867973,19.698185,19.620852,19.680857,19.597847,20.61993,20.536043,20.037289,19.967379,19.51162,19.448088,4.0,0.0,0.0,0.0,0.0,0.0,0.0,0.0
27710,2023.0,7.0,12.0,10.0,20.152214,20.237944,20.02994,20.532064,20.592867,21.076359,19.671343,19.633894,19.712448,19.639635,19.684298,19.60073,20.621304,20.537798,20.030672,19.96108,19.509043,19.445522,0.0,4.0,0.0,0.0,0.0,0.0,0.0,0.0
27711,2023.0,7.0,12.0,10.0,20.73445,21.406038,19.95331,20.322195,20.234169,20.272299,19.604641,19.575693,19.719515,19.64689,19.690607,19.606682,21.370972,21.959002,20.025072,19.955687,19.5076,19.444029,4.0,0.0,0.0,0.0,0.0,4.0,0.0,0.0
27712,2023.0,7.0,12.0,10.0,20.299286,20.47777,20.028097,20.472017,20.634691,21.122553,19.587353,19.587473,19.726645,19.653954,19.700523,19.616526,20.908457,20.9263,21.001862,21.804577,19.508377,19.444658,0.0,4.0,0.0,0.0,0.0,0.0,4.0,0.0
27713,2023.0,7.0,12.0,10.0,20.056307,20.173742,19.633663,19.698442,20.256887,20.296286,19.559862,19.568647,19.733555,19.661295,19.711395,19.627918,20.64642,20.527868,21.362629,22.151686,19.509075,19.445711,0.0,0.0,0.0,0.0,0.0,0.0,4.0,0.0
27714,2023.0,7.0,12.0,11.0,20.012455,20.13467,19.485235,19.505445,20.06778,20.048033,19.533087,19.546343,19.739317,19.667847,19.721441,19.638924,21.326334,21.836134,20.619379,20.660997,19.509928,19.447346,0.0,0.0,0.0,0.0,0.0,4.0,0.0,0.0
27715,2023.0,7.0,12.0,11.0,20.003994,20.154058,19.418594,19.436335,19.989845,19.972137,19.50645,19.522512,19.742737,19.671684,19.729061,19.64725,20.85659,20.809656,20.359941,20.271162,19.508968,19.446774,0.0,0.0,0.0,0.0,0.0,0.0,0.0,0.0
27716,2023.0,7.0,12.0,11.0,19.980661,20.133268,19.369356,19.389008,20.613949,21.202435,19.482124,19.500776,19.74421,19.673979,19.734306,19.65357,20.71597,20.60024,20.281149,20.189026,19.506744,19.445372,0.0,4.0,0.0,0.0,0.0,0.0,0.0,0.0
27717,2023.0,7.0,12.0,11.0,19.95474,20.107372,19.325901,19.344748,20.705845,21.24733,19.458187,19.477966,19.744177,19.67541,19.737967,19.659286,20.693789,20.58058,20.23449,20.145403,19.503344,19.443235,0.0,4.0,0.0,0.0,0.0,0.0,0.0,0.0
27718,2023.0,7.0,12.0,11.0,19.932396,20.086657,19.292196,19.314196,20.752153,21.302324,19.43774,19.460255,19.742659,19.675741,19.739498,19.663006,20.70784,20.628271,20.214705,20.143261,19.499159,19.440878,0.0,4.0,0.0,0.0,0.0,0.0,0.0,0.0
27719,2023.0,7.0,12.0,11.0,19.927376,20.099167,19.264914,19.292469,20.787764,21.337719,20.098333,20.722843,19.740051,19.67542,19.739473,19.665428,20.701923,20.625862,20.190636,20.123484,19.494423,19.438496,0.0,4.0,4.0,0.0,0.0,0.0,0.0,0.0
27720,2023.0,7.0,12.0,12.0,20.580181,21.340916,19.238592,19.269096,20.281473,20.369879,19.69485,19.81677,19.736626,19.674623,20.095787,20.33881,20.693203,20.620176,20.167278,20.103233,19.489346,19.43595,0.0,0.0,0.0,0.0,4.0,0.0,0.0,0.0
27721,2023.0,7.0,12.0,12.0,21.066324,22.089853,19.21511,19.248312,21.11229,21.939789,21.159012,22.44789,20.441463,21.012573,19.997229,20.112259,21.044186,21.248241,21.3284,22.283363,19.48406,19.432966,0.0,0.0,4.0,4.0,0.0,0.0,4.0,0.0
27722,2023.0,7.0,12.0,12.0,21.01355,21.874233,19.189783,19.224714,21.00871,21.67562,21.0116,22.023476,20.149841,20.22922,19.848618,19.806887,21.616076,22.306917,20.947601,21.359983,19.478884,19.430075,0.0,0.0,0.0,0.0,0.0,4.0,0.0,0.0
27723,2023.0,7.0,12.0,12.0,21.020884,21.818285,19.167717,19.20491,20.996498,21.593445,21.029863,21.958609,19.897636,19.866358,19.785082,19.724314,21.090204,21.136175,21.023022,21.480862,19.474758,19.4285,0.0,4.0,0.0,0.0,0.0,0.0,0.0,0.0
27724,2023.0,7.0,12.0,12.0,21.017126,21.767986,19.147692,19.186594,21.000156,21.581686,21.025799,21.880863,19.844486,19.808846,20.149858,20.426157,21.013317,21.120594,21.01453,21.440113,19.47169,19.427952,0.0,4.0,0.0,0.0,4.0,0.0,0.0,0.0
27725,2023.0,7.0,12.0,12.0,21.096228,21.857359,19.581543,20.01819,20.999485,21.569145,21.02407,21.830763,19.814165,19.765717,19.989538,20.0537,21.005217,21.105349,21.545128,22.401339,19.469711,19.4283,4.0,4.0,0.0,0.0,0.0,0.0,4.0,0.0
27726,2023.0,7.0,12.0,13.0,21.092937,21.80767,20.064587,20.762226,21.003855,21.568823,20.996939,21.72324,19.796776,19.748169,19.872986,19.827568,21.005085,21.105484,21.698538,22.511911,19.46893,19.429512,0.0,4.0,4.0,0.0,0.0,0.0,4.0,0.0
27727,2023.0,7.0,12.0,13.0,21.01244,21.681467,19.56283,19.710411,21.01412,21.58099,21.00488,21.716076,19.787851,19.740057,19.827852,19.773258,21.004778,21.103308,20.949463,21.174677,19.468906,19.430557,0.0,4.0,4.0,0.0,0.0,0.0,0.0,0.0
27728,2023.0,7.0,12.0,13.0,21.01935,21.685753,19.300823,19.357967,21.026337,21.595528,21.003609,21.698689,19.781982,19.734674,20.194132,20.474266,21.004734,21.100538,21.024876,21.34405,19.470085,19.432446,0.0,4.0,4.0,0.0,4.0,0.0,0.0,0.0
27729,2023.0,7.0,12.0,13.0,21.017683,21.67294,19.239048,19.28801,21.038002,21.608908,21.003475,21.68652,19.778683,19.731691,20.003593,20.048296,21.6657,22.34608,21.012209,21.325603,19.472473,19.435143,0.0,4.0,4.0,0.0,0.0,4.0,0.0,0.0
27730,2023.0,7.0,12.0,13.0,21.016285,21.663622,19.203806,19.251877,21.050297,21.623186,21.029222,21.747864,19.77719,19.730186,19.931921,19.913328,21.186205,21.248652,21.012836,21.326696,19.47596,19.438738,0.0,4.0,0.0,0.0,0.0,0.0,0.0,0.0
27731,2023.0,7.0,12.0,13.0,21.016293,21.657389,19.62765,20.072147,21.017067,21.582846,21.022903,21.719711,19.776953,19.729933,20.285803,20.588457,21.000595,21.033373,21.011358,21.322723,19.479803,19.442583,4.0,0.0,0.0,0.0,4.0,0.0,0.0,0.0
27732,2023.0,7.0,12.0,14.0,21.016094,21.65136,20.057367,20.727226,21.019115,21.580383,21.022747,21.704645,19.777569,19.73066,20.085014,20.096373,21.004637,21.050758,21.011591,21.321026,19.483667,19.446545,0.0,0.0,0.0,0.0,0.0,0.0,0.0,0.0
27733,2023.0,7.0,12.0,14.0,20.582901,20.812595,19.58074,19.732954,21.076021,21.652071,20.440975,20.573881,20.475754,21.047995,19.983727,19.967155,20.897352,20.849031,20.66127,20.641336,19.487417,19.450663,0.0,4.0,0.0,4.0,0.0,0.0,0.0,0.0
27734,2023.0,7.0,12.0,14.0,21.102526,21.891087,19.81004,20.238493,20.581575,20.71402,20.196089,20.242373,20.023615,20.144655,19.940466,19.89106,20.858475,20.801306,21.501589,22.307163,19.490475,19.454533,4.0,0.0,0.0,0.0,0.0,0.0,4.0,0.0
27735,2023.0,7.0,12.0,14.0,20.674454,20.93211,20.025892,20.562553,20.309174,20.371004,20.062426,20.101786,19.896963,19.894781,19.916521,19.862642,20.836988,20.780895,20.984383,21.077719,19.492432,19.457638,0.0,0.0,0.0,0.0,0.0,0.0,0.0,0.0
27736,2023.0,7.0,12.0,14.0,21.026178,21.777777,20.022482,20.497753,20.21195,20.268906,19.966932,20.005035,19.877893,19.872694,19.906528,19.854239,20.817465,20.76237,20.620647,20.586912,19.492725,19.459373,4.0,0.0,0.0,0.0,0.0,0.0,0.0,0.0
27737,2023.0,7.0,12.0,14.0,21.128714,21.87927,20.038939,20.511406,20.782385,21.386889,20.560762,21.176022,19.841637,19.805155,19.900335,19.85059,21.543858,22.156511,20.54165,20.506552,19.49138,19.459732,4.0,4.0,4.0,0.0,0.0,4.0,0.0,0.0
27738,2023.0,7.0,12.0,15.0,20.592213,20.836609,20.061504,20.536413,20.914352,21.52129,20.708464,21.339067,19.82499,19.786121,20.255114,20.52664,21.752022,22.412611,20.493969,20.462978,19.489235,19.459608,4.0,4.0,4.0,0.0,4.0,4.0,0.0,0.0
27739,2023.0,7.0,12.0,15.0,20.418774,20.617064,20.00684,20.444305,20.416237,20.553425,20.195385,20.340008,19.816357,19.778772,20.015844,20.062166,21.177795,21.257732,20.43726,20.393015,19.485895,19.457474,0.0,0.0,0.0,0.0,0.0,0.0,0.0,0.0
27740,2023.0,7.0,12.0,15.0,20.975702,21.737444,20.071299,20.53757,20.78046,21.381498,20.564344,21.185926,19.806856,19.771069,19.92195,19.88539,20.921408,20.891806,21.356918,22.177265,19.481028,19.453983,4.0,4.0,4.0,0.0,0.0,0.0,4.0,0.0
27741,2023.0,7.0,12.0,15.0,21.092304,21.839117,20.10131,20.571512,20.899616,21.505806,20.681229,21.302126,19.79774,19.763647,19.895758,19.854935,20.865816,20.824228,20.770334,20.881855,19.47542,19.449835,4.0,4.0,4.0,0.0,0.0,0.0,0.0,0.0
27742,2023.0,7.0,12.0,15.0,20.549694,20.78295,20.11861,20.587702,20.936687,21.536144,20.717077,21.330706,19.788761,19.756512,19.882446,19.84362,20.838787,20.798443,20.52465,20.503561,19.469774,19.445772,4.0,4.0,4.0,0.0,0.0,0.0,0.0,0.0
27743,2023.0,7.0,12.0,15.0,21.028116,21.783083,20.133297,20.600657,20.97086,21.567095,20.751314,21.361782,19.78025,19.750149,19.870455,19.834255,21.543146,22.157383,21.375046,22.16774,19.464476,19.44229,4.0,4.0,4.0,0.0,0.0,4.0,4.0,0.0
27744,2023.0,7.0,12.0,16.0,21.127836,21.867659,20.147102,20.613285,20.457815,20.582458,20.23238,20.366367,19.77134,19.743132,19.85875,19.824804,21.738619,22.393188,21.62761,22.47189,19.459152,19.43869,4.0,0.0,0.0,0.0,0.0,4.0,4.0,0.0
27745,2023.0,7.0,12.0,16.0,20.589462,20.826834,20.150501,20.605919,20.867783,21.450064,20.0401,20.11073,19.75967,19.730246,19.843946,19.808846,21.158869,21.233383,20.875017,20.96807,19.450603,19.428844,4.0,4.0,0.0,0.0,0.0,0.0,0.0,0.0
27746,2023.0,7.0,12.0,16.0,21.060804,21.817972,19.99446,20.342041,20.429653,20.54971,20.575943,21.181385,19.746386,19.714983,19.826519,19.788847,21.648289,22.224707,20.603905,20.566473,19.43987,19.416271,0.0,0.0,4.0,0.0,0.0,4.0,0.0,0.0
27747,2023.0,7.0,12.0,16.0,21.192392,21.91152,19.727678,19.839186,20.787493,21.375042,20.178444,20.286087,19.73152,19.698383,20.16939,20.449389,21.848284,22.461143,20.48524,20.436483,19.427546,19.402092,0.0,4.0,0.0,0.0,4.0,4.0,0.0,0.0
27748,2023.0,7.0,12.0,16.0,20.6376,20.85037,19.599373,19.661278,20.340384,20.442516,20.604712,21.186195,19.717915,19.683064,19.99235,20.089933,21.238113,21.26717,20.41626,20.36193,19.416042,19.388853,0.0,0.0,4.0,0.0,0.0,0.0,0.0,0.0
27749,2023.0,7.0,12.0,16.0,20.996758,21.69127,19.93663,20.347866,20.70058,21.261726,20.7346,21.295588,20.400549,20.983997,19.85941,19.831366,20.947529,20.867006,20.361845,20.312721,19.403559,19.374737,4.0,4.0,4.0,4.0,0.0,0.0,0.0,0.0
27750,2023.0,7.0,12.0,17.0,20.523878,20.718506,20.037844,20.47044,20.26732,20.351423,20.74382,21.291538,19.9772,20.13957,20.157637,20.424643,21.571926,22.10981,20.318598,20.268951,19.39227,19.361677,4.0,0.0,4.0,0.0,4.0,4.0,0.0,0.0
27751,2023.0,7.0,12.0,17.0,20.916475,21.60981,20.011406,20.415363,20.012506,20.013227,20.755157,21.293129,20.499605,21.100729,19.989809,20.0563,21.794868,22.37049,20.274168,20.224178,19.380579,19.34866,0.0,0.0,4.0,4.0,0.0,4.0,0.0,0.0
27752,2023.0,7.0,12.0,17.0,20.500711,20.677504,19.67671,19.753351,20.558651,21.091152,20.76337,21.291718,19.992352,20.095808,19.865429,19.829126,21.192852,21.185349,20.233944,20.18387,19.369436,19.336454,0.0,4.0,4.0,0.0,0.0,0.0,0.0,0.0
27753,2023.0,7.0,12.0,17.0,20.260517,20.383114,19.877817,20.233374,20.739132,21.260796,20.24208,20.30701,19.79178,19.742826,19.795242,19.744783,21.625818,22.156507,21.17412,21.99385,19.358528,19.32449,4.0,4.0,0.0,0.0,0.0,4.0,4.0,0.0
27754,2023.0,7.0,12.0,17.0,20.840958,21.521551,20.004467,20.411303,20.771215,21.280268,20.00835,19.980938,20.390594,20.906925,19.763107,19.70809,21.75291,22.30628,20.534403,20.577074,20.219667,20.959532,4.0,4.0,0.0,4.0,0.0,4.0,0.0,4.0
27755,2023.0,7.0,12.0,17.0,21.009878,21.658184,20.016895,20.42255,20.799383,21.297766,19.8922,19.852312,19.982758,20.056108,19.732563,19.675955,21.13694,21.101309,20.181242,20.09486,19.958603,20.270681,0.0,4.0,0.0,0.0,0.0,0.0,0.0,0.0
27756,2023.0,7.0,12.0,18.0,20.459478,20.595072,20.003864,20.350887,20.8195,21.30737,19.809425,19.76242,19.797623,19.726568,19.704224,19.647078,21.564121,22.066225,20.102583,20.010815,19.629816,19.621744,4.0,4.0,0.0,0.0,0.0,4.0,0.0,0.0
27757,2023.0,7.0,12.0,18.0,21.089619,21.811422,20.004097,20.342451,21.02497,21.648458,21.128582,22.12635,19.726257,19.643044,19.681833,19.625984,21.00983,21.045559,21.14846,21.85545,20.365437,21.077427,4.0,4.0,4.0,0.0,0.0,0.0,0.0,4.0
27758,2023.0,7.0,12.0,18.0,21.009518,21.615494,20.017323,20.378033,21.024582,21.631325,20.988525,21.733856,20.451218,21.059906,19.65741,19.602886,21.017134,21.079546,21.432379,22.282835,19.95987,20.178452,0.0,0.0,4.0,4.0,0.0,0.0,4.0,0.0
27759,2023.0,7.0,12.0,18.0,21.015865,21.60925,20.021345,20.352644,20.995646,21.52048,21.03276,21.773802,19.979881,20.057016,19.63416,19.581894,21.007675,21.082767,20.959524,21.346539,19.642538,19.584576,4.0,4.0,0.0,0.0,0.0,0.0,0.0,0.0
27760,2023.0,7.0,12.0,18.0,21.201801,21.92182,20.01537,20.357475,21.027775,21.584951,21.024452,21.706347,19.775988,19.697308,19.611631,19.560946,21.544233,22.106377,21.026001,21.46173,19.506388,19.435654,0.0,0.0,0.0,0.0,0.0,4.0,0.0,0.0
27761,2023.0,7.0,12.0,18.0,20.990896,21.511208,19.66608,19.680128,21.020952,21.550894,20.998898,21.598204,19.688707,19.601854,19.590374,19.542118,20.979101,21.007023,21.017134,21.428091,19.48308,19.442966,0.0,0.0,4.0,0.0,0.0,0.0,0.0,0.0
27762,2023.0,7.0,12.0,19.0,21.021942,21.568504,19.503765,19.49946,20.996698,21.465027,21.030554,21.660563,19.681927,19.635326,19.569216,19.522709,21.517824,22.066357,21.018192,21.41734,19.456444,19.419455,0.0,4.0,0.0,0.0,0.0,4.0,0.0,0.0
27763,2023.0,7.0,12.0,19.0,21.01754,21.552858,19.446146,19.44003,21.000494,21.465363,21.023985,21.626839,20.399456,21.013329,19.915222,20.194014,20.978264,21.001513,21.014334,21.406357,19.42754,19.39322,0.0,4.0,0.0,4.0,4.0,0.0,0.0,0.0
27764,2023.0,7.0,12.0,19.0,21.238754,21.94849,19.827803,20.192986,20.999868,21.460186,21.024372,21.610004,19.980207,20.09948,20.008066,20.273474,21.017927,21.106527,21.01499,21.404549,20.335915,21.141975,4.0,4.0,0.0,0.0,0.0,0.0,0.0,4.0
27765,2023.0,7.0,12.0,19.0,20.983204,21.453987,20.019396,20.453117,20.99978,21.456762,21.019505,21.593975,19.74438,19.668026,19.759432,19.770355,21.008802,21.111671,21.014847,21.401823,19.94277,20.201582,0.0,4.0,0.0,0.0,0.0,0.0,0.0,0.0
27766,2023.0,7.0,12.0,19.0,21.022003,21.536507,19.660213,19.725534,21.02639,21.526848,21.019875,21.588266,19.64315,19.560246,19.61897,19.586372,21.006462,21.12676,21.014591,21.399712,20.44883,21.13676,0.0,0.0,0.0,0.0,0.0,0.0,0.0,4.0
27767,2023.0,7.0,12.0,19.0,21.016764,21.525618,19.465042,19.469368,21.02021,21.504232,21.05432,21.619143,19.642872,19.605215,19.571354,19.535921,21.572596,22.207052,21.559078,22.407448,19.942995,20.122417,0.0,0.0,4.0,0.0,0.0,4.0,4.0,0.0
27768,2023.0,7.0,12.0,20.0,21.264608,21.978645,19.399921,19.395264,21.028193,21.478745,21.06457,21.629934,20.327776,20.917568,19.539482,19.506035,21.636047,22.15306,20.935518,21.178177,19.668344,19.619698,0.0,4.0,4.0,4.0,0.0,4.0,0.0,0.0
27769,2023.0,7.0,12.0,20.0,20.977724,21.423061,19.355734,19.346169,21.022377,21.491703,21.020311,21.567204,19.94976,20.075382,19.507576,19.473145,21.647636,22.1519,21.029118,21.382988,19.512661,19.437801,0.0,0.0,0.0,0.0,0.0,4.0,0.0,0.0
27770,2023.0,7.0,12.0,20.0,21.022635,21.518324,19.318647,19.3058,21.023413,21.456207,20.99818,21.495117,20.368536,20.8597,19.476093,19.441254,20.981377,20.972313,21.016975,21.366747,19.4391,19.360125,0.0,4.0,4.0,4.0,0.0,0.0,0.0,0.0
27771,2023.0,7.0,12.0,20.0,21.151922,21.735802,19.285023,19.268412,21.012907,21.43684,21.003378,21.503052,19.954416,20.039133,19.444244,19.408602,21.020493,21.095232,21.018862,21.374203,19.431063,19.397816,0.0,4.0,4.0,0.0,0.0,0.0,0.0,0.0
27772,2023.0,7.0,12.0,20.0,21.182491,21.753376,19.254728,19.234762,21.025272,21.48597,21.029474,21.573572,19.73508,19.6488,19.41302,19.376732,21.4572,21.939178,21.56543,22.396559,19.405365,19.374384,0.0,0.0,0.0,0.0,0.0,4.0,4.0,0.0
27773,2023.0,7.0,12.0,20.0,21.182003,21.742136,19.224396,19.198793,21.042847,21.510729,21.005667,21.487085,19.589817,19.47189,19.380888,19.342197,21.577562,22.051521,21.58772,22.24839,19.370232,19.339323,0.0,0.0,4.0,0.0,0.0,4.0,4.0,0.0
27774,2023.0,7.0,12.0,21.0,21.179388,21.729837,19.2012,19.175238,21.016968,21.416473,21.003527,21.489136,20.285812,20.852608,19.35133,19.310177,21.600597,22.062508,21.605183,22.268574,19.339092,19.309269,0.0,4.0,4.0,4.0,0.0,4.0,4.0,0.0
27775,2023.0,7.0,12.0,21.0,21.185324,21.736523,19.176565,19.147085,21.026333,21.46749,21.030218,21.560831,19.95096,20.079731,19.319845,19.274971,20.96204,20.933565,21.63071,22.285212,19.305164,19.270414,0.0,0.0,0.0,0.0,0.0,0.0,4.0,0.0
27776,2023.0,7.0,12.0,21.0,21.190964,21.738518,19.153776,19.121302,20.997221,21.383715,21.024235,21.539986,20.318943,20.765705,19.634594,19.88774,21.45116,21.92066,21.650196,22.29571,19.274252,19.2368,0.0,4.0,0.0,4.0,4.0,4.0,4.0,0.0
27777,2023.0,7.0,12.0,21.0,20.998861,21.423098,19.132988,19.097616,21.028141,21.464914,21.025145,21.531887,19.971031,20.079214,20.03613,20.489105,21.563845,22.003506,20.95321,21.089802,20.118235,20.855097,0.0,0.0,0.0,0.0,4.0,4.0,0.0,4.0
27778,2023.0,7.0,12.0,21.0,21.022438,21.47776,19.11246,19.07298,20.993713,21.370218,21.081448,21.61319,20.33274,20.771425,20.016542,20.400639,21.575167,22.005634,21.032272,21.295324,19.96936,20.34474,0.0,4.0,4.0,4.0,0.0,4.0,0.0,0.0
27779,2023.0,7.0,12.0,21.0,21.01898,21.471647,19.547796,19.903603,21.028519,21.45888,21.018345,21.506195,19.961506,20.0386,19.515123,19.388445,21.586502,22.008064,21.018078,21.296032,20.303404,20.910685,4.0,0.0,0.0,0.0,0.0,4.0,0.0,4.0
27780,2023.0,7.0,12.0,22.0,21.112951,21.62099,20.051142,20.66167,21.02174,21.43913,21.02632,21.515686,19.678713,19.52891,19.787918,20.089447,21.59341,22.006367,21.020302,21.316765,20.429861,21.02164,4.0,0.0,0.0,0.0,4.0,4.0,0.0,4.0
27781,2023.0,7.0,12.0,22.0,21.00704,21.438883,20.019196,20.531416,21.02278,21.43413,21.025082,21.505564,19.515362,19.346119,20.01377,20.375502,20.959532,20.896984,21.019781,21.32684,20.42437,20.949924,0.0,0.0,0.0,0.0,4.0,0.0,0.0,4.0
27782,2023.0,7.0,12.0,22.0,21.02059,21.470589,19.439663,19.353893,21.01601,21.428595,21.018364,21.498978,19.536972,19.473557,20.021229,20.35995,21.02162,21.074562,21.014677,21.335354,20.44757,20.965147,0.0,0.0,0.0,0.0,0.0,0.0,0.0,4.0
27783,2023.0,7.0,12.0,22.0,21.019667,21.469082,19.128817,18.942339,21.01702,21.435179,21.019218,21.503836,20.137331,20.620419,19.820807,19.921568,21.394648,21.796738,21.01569,21.35022,19.9605,20.10964,0.0,0.0,0.0,4.0,4.0,4.0,0.0,0.0
27784,2023.0,7.0,12.0,22.0,21.01317,21.468298,19.158714,19.08103,21.016926,21.437868,21.019253,21.505672,19.971169,20.176746,20.063383,20.408272,20.956104,20.961288,21.015842,21.359686,19.567636,19.391632,0.0,0.0,0.0,0.0,0.0,0.0,0.0,0.0
27785,2023.0,7.0,12.0,22.0,21.014235,21.477854,19.158644,19.093958,21.016768,21.439653,21.019041,21.506643,19.55484,19.36247,19.656076,19.606586,21.02278,21.1162,21.015707,21.366625,19.37997,19.205137,0.0,0.0,0.0,0.0,0.0,0.0,0.0,0.0
27786,2023.0,7.0,12.0,23.0,21.01427,21.483603,19.12814,19.0613,21.01701,21.441235,21.01951,21.508215,19.377186,19.18717,19.790855,19.998194,21.014486,21.120476,21.01613,21.372313,19.290401,19.117626,0.0,0.0,0.0,0.0,4.0,0.0,0.0,0.0
27787,2023.0,7.0,12.0,23.0,20.643408,20.775045,19.101284,19.034533,20.574097,20.590801,20.51655,20.54209,20.043093,20.521025,19.566456,19.523716,20.787348,20.709017,20.57898,20.5343,19.323872,19.257128,0.0,0.0,0.0,4.0,0.0,0.0,0.0,0.0
27788,2023.0,7.0,12.0,23.0,20.480011,20.55784,19.078964,19.010086,20.357336,20.28335,20.278416,20.211182,19.65614,19.63693,19.439987,19.360725,20.69206,20.59831,20.414736,20.336588,19.306822,19.24428,0.0,0.0,0.0,0.0,0.0,0.0,0.0,0.0
27789,2023.0,7.0,12.0,23.0,20.400526,20.475407,19.057858,18.987986,20.258738,20.1771,20.169525,20.09575,19.390139,19.211594,19.379541,19.298843,20.635069,20.541563,21.226364,21.941212,19.271872,19.208794,0.0,0.0,0.0,0.0,0.0,0.0,4.0,0.0
27790,2023.0,7.0,12.0,23.0,20.336767,20.410376,19.037443,18.966305,20.184017,20.100592,20.08566,20.010458,19.290365,19.095,19.327341,19.245222,20.583233,20.488651,20.456165,20.317926,19.238028,19.173908,0.0,0.0,0.0,0.0,0.0,0.0,0.0,0.0
27791,2023.0,7.0,12.0,23.0,20.281132,20.353453,19.01753,18.94512,20.120089,20.03528,20.01384,19.937551,19.969076,20.442886,19.572218,19.741743,20.535873,20.440042,20.17235,19.95155,19.205238,19.139977,0.0,0.0,0.0,4.0,4.0,0.0,0.0,0.0
27792,2023.0,7.0,13.0,0.0,20.231373,20.302477,18.9983,18.924547,20.063255,19.977375,19.950304,19.873112,19.583158,19.560802,19.362574,19.305319,20.492237,20.395153,20.064264,19.842842,19.17398,19.10753,0.0,0.0,0.0,0.0,0.0,0.0,0.0,0.0
27793,2023.0,7.0,13.0,0.0,20.184717,20.252985,18.9785,18.902075,20.009945,19.921541,19.89132,19.811544,19.877317,20.183407,19.253504,19.165653,20.450426,20.350882,19.974047,19.750853,19.143085,19.074455,0.0,0.0,0.0,4.0,0.0,0.0,0.0,0.0
27794,2023.0,7.0,13.0,0.0,20.143095,20.210075,18.95959,18.881157,19.96231,19.87329,19.839005,19.758707,19.395441,19.197802,19.207327,19.118065,20.412247,20.311478,20.034735,19.948025,19.113993,19.044054,0.0,0.0,0.0,0.0,0.0,0.0,0.0,0.0
27795,2023.0,7.0,13.0,0.0,20.798788,21.477423,18.94088,18.860489,19.9179,19.828281,19.790495,19.70967,19.23267,19.011374,19.16467,19.07412,20.375898,20.27398,20.008472,19.922508,19.08574,19.014553,0.0,0.0,0.0,0.0,0.0,0.0,0.0,0.0
27796,2023.0,7.0,13.0,0.0,20.356834,20.5079,18.921919,18.839252,19.875515,19.784508,19.744379,19.662174,19.753729,20.052616,19.124504,19.031902,20.340635,20.237011,19.964273,19.876747,19.786633,20.357166,0.0,0.0,0.0,4.0,0.0,0.0,0.0,4.0
27797,2023.0,7.0,13.0,0.0,19.97844,19.86084,18.902916,18.817835,19.835268,19.742558,19.700872,19.616903,19.317142,19.118086,19.085983,18.991165,20.306654,20.201122,19.92109,19.831867,19.298481,19.274843,0.0,0.0,0.0,0.0,0.0,0.0,0.0,0.0
27798,2023.0,7.0,13.0,1.0,19.846684,19.696093,18.883146,18.794758,19.795616,19.699697,19.658373,19.570969,19.141281,18.903471,19.047632,18.949316,20.272726,20.164324,19.87796,19.785948,19.009352,18.806656,0.0,0.0,0.0,0.0,0.0,0.0,0.0,0.0
27799,2023.0,7.0,13.0,1.0,19.974686,20.022226,18.864805,18.774515,19.759815,19.662777,19.620129,19.531551,19.226664,19.14277,19.012241,18.912273,20.240911,20.130983,19.83779,19.744514,18.920017,18.71363,0.0,0.0,0.0,0.0,0.0,0.0,0.0,0.0
27800,2023.0,7.0,13.0,1.0,19.971111,20.032124,18.845724,18.752724,19.72436,19.624977,19.582237,19.491262,19.204521,19.11211,18.977064,18.874521,20.209333,20.0973,19.7985,19.703403,18.984684,18.903103,0.0,0.0,0.0,0.0,0.0,0.0,0.0,0.0
27801,2023.0,7.0,13.0,1.0,19.952961,20.022236,18.82759,18.732685,19.69155,19.59099,19.547167,19.455088,19.171143,19.077187,18.94398,18.839819,20.179218,20.065659,19.761255,19.66491,18.968822,18.886253,0.0,0.0,0.0,0.0,0.0,0.0,0.0,0.0
27802,2023.0,7.0,13.0,1.0,19.926918,19.995749,18.810764,18.715252,19.661596,19.561644,19.515224,19.423935,19.139904,19.045637,19.221968,19.387804,20.150892,20.03683,19.726242,19.629675,18.942242,18.85912,0.0,0.0,0.0,0.0,4.0,0.0,0.0,0.0
27803,2023.0,7.0,13.0,1.0,19.89737,19.963396,18.791336,18.692505,19.628805,19.525759,19.480448,19.38599,19.106924,19.009993,19.339203,19.547363,20.121206,20.004604,19.69019,19.591343,18.913498,18.828106,0.0,0.0,0.0,0.0,4.0,0.0,0.0,0.0
27804,2023.0,7.0,13.0,2.0,19.870317,19.935127,18.774914,18.675224,19.60056,19.497885,19.45075,19.356718,19.077307,18.980047,19.033115,18.942577,20.09424,19.9771,19.65726,19.558136,18.886805,18.80088,0.0,0.0,0.0,0.0,0.0,0.0,0.0,0.0
27805,2023.0,7.0,13.0,2.0,19.8414,19.903149,18.755922,18.652767,19.569437,19.4637,19.418217,19.320972,19.046185,18.946405,18.931223,18.819324,20.065916,19.946375,19.623196,19.52192,18.858864,18.770758,0.0,0.0,0.0,0.0,0.0,0.0,0.0,0.0
27806,2023.0,7.0,13.0,2.0,19.81406,19.873821,18.738062,18.632792,19.54066,19.433538,19.388184,19.289524,19.016916,18.915758,18.88654,18.773224,20.03905,19.918087,19.590849,19.488392,18.832249,18.742828,0.0,0.0,0.0,0.0,0.0,0.0,0.0,0.0
27807,2023.0,7.0,13.0,2.0,19.788696,19.848072,18.7219,18.616514,19.514904,19.408861,19.36132,19.26384,18.99005,18.889322,18.849215,18.737461,20.014193,19.893414,19.56079,19.45882,19.535246,20.08813,0.0,0.0,0.0,0.0,0.0,0.0,0.0,4.0
27808,2023.0,7.0,13.0,2.0,19.761642,19.818668,18.703476,18.59594,19.486889,19.379164,19.33228,19.23305,19.543932,19.95331,18.81174,18.698027,19.987902,19.865534,19.529392,19.426046,19.049973,19.011602,0.0,0.0,0.0,4.0,0.0,0.0,0.0,0.0
27809,2023.0,7.0,13.0,2.0,19.735107,19.789764,18.684807,18.575031,19.45915,19.34961,19.303774,19.2026,19.148497,19.081299,19.076714,19.222986,19.96179,19.837776,19.49833,19.393547,18.75136,18.521793,0.0,0.0,0.0,0.0,4.0,0.0,0.0,0.0
27810,2023.0,7.0,13.0,3.0,19.709038,19.76124,18.66599,18.553797,19.43158,19.320066,19.275534,19.172276,19.01381,18.908266,18.853394,18.748035,19.93579,19.810047,19.467508,19.361206,18.649866,18.407932,0.0,0.0,0.0,0.0,0.0,0.0,0.0,0.0
27811,2023.0,7.0,13.0,3.0,19.683176,19.73295,18.646784,18.531733,19.403683,19.289614,19.246918,19.141008,18.96716,18.858665,18.764296,18.643333,19.909857,19.782282,19.436861,19.328932,18.732656,18.636223,0.0,0.0,0.0,0.0,0.0,0.0,0.0,0.0
27812,2023.0,7.0,13.0,3.0,19.658455,19.706757,18.628859,18.512365,19.377682,19.262644,19.220135,19.113274,18.928078,18.818817,18.725132,18.603306,19.885147,19.756653,19.407492,19.298826,18.72121,18.624325,0.0,0.0,0.0,0.0,0.0,0.0,0.0,0.0
27813,2023.0,7.0,13.0,3.0,19.633709,19.680422,18.610733,18.492838,19.351912,19.23588,19.19356,19.085745,18.893349,18.783249,18.688469,18.565783,19.860748,19.731346,19.378504,19.26911,18.695751,18.598028,0.0,0.0,0.0,0.0,0.0,0.0,0.0,0.0
27814,2023.0,7.0,13.0,3.0,19.609125,19.654228,18.592499,18.473211,19.326437,19.209372,19.167315,19.058506,18.860844,18.74991,18.654654,18.53106,19.836712,19.70641,19.349966,19.23985,18.669542,18.57098,0.0,0.0,0.0,0.0,0.0,0.0,0.0,0.0
27815,2023.0,7.0,13.0,3.0,19.586084,19.631226,18.575983,18.457357,19.303328,19.187595,19.143507,19.036144,18.831865,18.722162,18.624714,18.502792,19.81439,19.684732,20.262651,20.98314,18.644714,18.546915,0.0,0.0,0.0,0.0,0.0,0.0,4.0,0.0
27816,2023.0,7.0,13.0,4.0,19.561455,19.605026,18.557426,18.437534,19.278313,19.161524,19.11758,19.009298,18.802094,18.691608,18.593592,18.470806,19.7909,19.660437,19.484688,19.291353,18.618801,18.520283,0.0,0.0,0.0,0.0,0.0,0.0,0.0,0.0
27817,2023.0,7.0,13.0,4.0,19.536915,19.578932,18.538795,18.41773,19.253195,19.134848,19.091255,18.981516,18.772776,18.661045,18.562717,18.438349,19.767654,19.63643,19.215614,18.935352,18.593025,18.493591,0.0,0.0,0.0,0.0,0.0,0.0,0.0,0.0
27818,2023.0,7.0,13.0,4.0,19.514856,19.557285,18.522627,18.402555,19.230913,19.11353,19.067984,18.959322,18.746756,18.635891,18.535805,18.412462,19.74662,19.616253,19.137787,18.859753,18.56963,18.470934,0.0,0.0,0.0,0.0,0.0,0.0,0.0,0.0
27819,2023.0,7.0,13.0,4.0,19.492891,19.535553,18.506577,18.387495,19.208717,19.092365,19.045038,18.937431,18.721598,18.611599,18.50988,18.38756,19.725967,19.596458,19.240019,19.13013,18.546747,18.44879,0.0,0.0,0.0,0.0,0.0,0.0,0.0,0.0
27820,2023.0,7.0,13.0,4.0,19.471199,19.51408,18.490679,18.372562,19.186712,19.071405,19.022463,18.915873,18.697285,18.588154,18.48494,18.363638,19.705732,19.577085,19.231436,19.12261,18.524416,18.427198,0.0,0.0,0.0,0.0,0.0,0.0,0.0,0.0
27821,2023.0,7.0,13.0,4.0,19.450693,19.494965,18.476152,18.360462,19.166485,19.053997,19.001772,18.898018,19.250088,19.64765,18.462494,18.34389,19.686998,19.560318,19.208017,19.101242,19.231255,19.777891,0.0,0.0,0.0,4.0,0.0,0.0,0.0,4.0
27822,2023.0,7.0,13.0,5.0,19.429373,19.473913,18.460348,18.345675,19.144833,19.033426,18.979748,18.877,19.503395,19.990728,18.439577,18.32204,19.667885,19.542149,20.128014,20.857111,18.765814,18.738874,0.0,0.0,0.0,4.0,0.0,0.0,4.0,0.0
27823,2023.0,7.0,13.0,5.0,19.409985,19.455944,18.446003,18.333595,19.124783,19.015543,18.959337,18.8587,19.406054,19.698685,18.705145,18.83716,20.348593,20.845804,19.35839,19.180294,18.465574,18.241793,0.0,0.0,0.0,4.0,4.0,4.0,0.0,0.0
27824,2023.0,7.0,13.0,5.0,19.391497,19.438738,18.884045,19.16852,19.105413,18.998123,18.939339,18.840721,19.413124,19.689068,18.848906,19.039755,19.886065,19.829887,19.099821,18.839159,18.369293,18.134441,4.0,0.0,0.0,4.0,4.0,0.0,0.0,0.0
27825,2023.0,7.0,13.0,5.0,19.374067,19.42301,18.650734,18.640335,19.086836,18.981955,18.920101,18.823975,18.864521,18.637047,18.588354,18.516079,19.57622,19.293375,19.944084,20.492577,18.4432,18.338436,0.0,0.0,0.0,0.0,0.0,0.0,4.0,0.0
27826,2023.0,7.0,13.0,5.0,20.030527,20.671349,18.503103,18.405668,19.068188,18.96546,19.582258,20.087255,18.66615,18.399143,18.48295,18.374638,19.480143,19.183037,19.2986,19.100462,18.454145,18.365458,0.0,0.0,4.0,0.0,0.0,0.0,0.0,0.0
27827,2023.0,7.0,13.0,5.0,20.229471,20.89868,18.464767,18.361427,19.727922,20.2234,19.188776,19.201653,19.187763,19.449753,18.454842,18.348463,19.432865,19.140396,19.08975,18.841125,18.440123,18.354166,0.0,4.0,0.0,4.0,0.0,0.0,0.0,0.0
27828,2023.0,7.0,13.0,6.0,20.098192,20.551294,18.44045,18.338835,19.333418,19.337923,18.813356,18.54649,18.762733,18.539305,18.432886,18.32858,19.553352,19.421854,19.022554,18.779173,18.42622,18.34221,0.0,0.0,0.0,0.0,0.0,0.0,0.0,0.0
27829,2023.0,7.0,13.0,6.0,21.162006,22.426153,18.422401,18.32481,21.234743,22.75843,21.327211,22.935781,19.2121,19.498255,18.705694,18.85465,21.221483,22.318026,21.319754,22.811565,18.414537,18.333591,0.0,0.0,0.0,4.0,4.0,0.0,0.0,0.0
27830,2023.0,7.0,13.0,6.0,21.020798,22.012596,18.405546,18.31204,21.015932,22.105576,20.9998,22.193396,20.366486,21.431284,20.183378,21.366009,21.00665,21.792452,21.000603,22.057352,19.167107,19.766233,0.0,0.0,0.0,4.0,0.0,0.0,0.0,4.0
27831,2023.0,7.0,13.0,6.0,21.037539,21.955778,18.840202,19.141973,21.0337,22.025013,21.039068,22.138283,20.02329,20.65314,19.537867,19.877604,20.994677,21.648203,21.034145,21.9963,20.111263,21.20515,4.0,0.0,0.0,0.0,4.0,4.0,0.0,0.0
27832,2023.0,7.0,13.0,6.0,21.034515,21.887373,20.142925,21.304531,21.005291,21.86985,21.007874,21.966684,19.25453,19.09665,20.11805,21.020775,21.005453,21.5884,21.028889,21.89596,19.035065,18.940557,4.0,4.0,4.0,0.0,0.0,4.0,0.0,0.0
27833,2023.0,7.0,13.0,6.0,20.996857,21.76754,20.022228,20.90798,21.035656,21.901814,21.012745,21.920424,18.884684,18.6542,19.353973,19.409307,21.033453,21.605835,21.028091,21.829428,18.588821,18.405718,0.0,0.0,4.0,0.0,0.0,0.0,0.0,0.0
27834,2023.0,7.0,13.0,7.0,21.012371,21.769201,19.116186,19.053915,21.038631,21.849142,21.046906,21.951244,18.923,18.827963,18.95309,18.87547,21.026993,21.541279,21.027376,21.77987,18.613733,18.541338,0.0,0.0,0.0,0.0,0.0,0.0,0.0,0.0
27835,2023.0,7.0,13.0,7.0,21.037916,21.822655,19.049313,19.199438,21.009382,21.72957,21.038195,21.888529,18.934038,18.857086,19.250408,19.51198,21.025568,21.4985,21.02584,21.740776,18.61884,18.555721,4.0,4.0,0.0,0.0,4.0,0.0,0.0,0.0
27836,2023.0,7.0,13.0,7.0,21.031303,21.790684,20.154015,21.121979,21.041555,21.788439,21.03888,21.854307,19.663286,20.266665,20.111847,20.950184,21.0252,21.466532,21.026003,21.712585,18.599394,18.541367,0.0,0.0,0.0,4.0,0.0,0.0,0.0,0.0
27837,2023.0,7.0,13.0,7.0,21.030989,21.773329,19.23076,19.205147,21.034752,21.751995,21.037786,21.825798,20.043982,20.722239,19.276505,19.198788,21.232714,21.826376,21.02531,21.688734,18.582174,18.526348,0.0,0.0,0.0,0.0,0.0,4.0,0.0,0.0
27838,2023.0,7.0,13.0,7.0,21.000801,21.695759,19.284508,19.59759,21.008574,21.661516,21.028812,21.804974,19.925692,20.356552,18.844461,18.638664,20.996557,21.356602,21.024893,21.66969,19.525488,20.32867,4.0,4.0,0.0,4.0,0.0,0.0,0.0,4.0
27839,2023.0,7.0,13.0,7.0,21.009277,21.70446,20.089565,20.943079,21.013266,21.663477,21.029325,21.801342,20.015041,20.503927,18.862268,18.768723,21.096714,21.517845,21.02395,21.652649,20.062712,20.99369,4.0,4.0,0.0,4.0,0.0,4.0,0.0,0.0
27840,2023.0,7.0,13.0,8.0,21.006794,21.697443,20.024977,20.744165,21.01212,21.657434,21.028917,21.79591,20.012753,20.448004,18.87057,18.789852,21.013802,21.367521,21.274395,22.079206,19.164099,19.119774,0.0,4.0,0.0,4.0,0.0,0.0,4.0,0.0
27841,2023.0,7.0,13.0,8.0,20.268919,20.30838,19.273596,19.243021,20.71925,21.092434,20.284534,20.360533,20.026455,20.474648,18.849579,18.77258,20.462202,20.300245,21.214518,21.859016,18.776339,18.643791,0.0,4.0,0.0,0.0,0.0,0.0,4.0,0.0
27842,2023.0,7.0,13.0,8.0,19.898668,19.86604,18.86066,18.70969,20.055288,19.959326,20.503584,21.040337,19.466228,19.365128,18.831396,18.75625,20.916025,21.335966,20.343279,20.238483,18.763826,18.69914,0.0,0.0,4.0,0.0,0.0,4.0,0.0,0.0
27843,2023.0,7.0,13.0,8.0,20.45062,20.997908,19.281713,19.591198,20.389093,20.730995,20.023977,20.09161,19.248358,19.074919,18.821306,18.746912,21.075191,21.536047,20.97293,21.606905,19.6462,20.38258,4.0,4.0,0.0,0.0,0.0,4.0,4.0,4.0
27844,2023.0,7.0,13.0,8.0,19.978096,20.033695,20.105469,21.013792,20.477987,20.870918,19.636557,19.484558,19.858765,20.295773,18.814068,18.740314,20.45493,20.325323,21.148613,21.822302,20.01971,20.846855,0.0,4.0,0.0,4.0,0.0,0.0,4.0,4.0
27845,2023.0,7.0,13.0,8.0,19.703365,19.699507,19.736984,20.164585,19.91393,19.830387,19.458319,19.298796,20.109657,20.581703,19.188482,19.449108,20.189232,19.989603,21.204853,21.883322,20.02842,20.77324,4.0,0.0,0.0,4.0,4.0,0.0,4.0,0.0
27846,2023.0,7.0,13.0,9.0,19.612057,19.609062,20.082932,20.85323,20.243631,20.636433,19.447062,19.388954,20.007444,20.381113,20.11503,20.970963,20.114637,19.916428,20.390726,20.318033,19.285479,19.252134,0.0,4.0,0.0,0.0,0.0,0.0,0.0,0.0
27847,2023.0,7.0,13.0,9.0,19.649437,19.754328,19.356216,19.383669,19.84948,19.80651,20.077978,20.629675,19.550177,19.48275,19.471546,19.572187,20.076468,19.886856,20.005772,19.84354,18.957365,18.845676,0.0,0.0,4.0,0.0,0.0,0.0,0.0,0.0
27848,2023.0,7.0,13.0,9.0,19.64546,19.772247,19.049887,18.947086,20.23877,20.646658,19.59526,19.602861,20.016384,20.448309,19.208128,19.143463,20.894442,21.472002,19.899223,19.734993,18.891863,18.776987,0.0,4.0,0.0,4.0,0.0,4.0,0.0,0.0
27849,2023.0,7.0,13.0,9.0,20.320274,21.072416,19.440523,19.776619,20.358992,20.81328,19.350082,19.252426,20.2244,20.734161,19.151314,19.071285,21.047846,21.585007,19.837406,19.681864,19.793018,20.51694,4.0,4.0,0.0,4.0,0.0,4.0,0.0,4.0
27850,2023.0,7.0,13.0,9.0,20.38175,21.025639,20.085443,20.897133,20.38395,20.845903,19.27399,19.182003,19.987347,20.29204,19.127497,19.043976,21.12653,21.6644,19.792154,19.644962,20.031887,20.787989,0.0,4.0,0.0,0.0,0.0,4.0,0.0,0.0
27851,2023.0,7.0,13.0,9.0,20.405722,21.04395,19.813902,20.265892,19.866747,19.868809,19.94363,20.510498,19.581085,19.489622,19.11484,19.030937,21.215956,21.757896,19.804836,19.717854,19.361166,19.382486,4.0,0.0,4.0,0.0,0.0,4.0,0.0,0.0
27852,2023.0,7.0,13.0,10.0,20.456728,21.102282,20.04466,20.683039,19.641373,19.559126,19.492208,19.527958,19.444359,19.315228,19.501602,19.758343,20.620613,20.57874,19.796574,19.717045,19.13151,19.038319,4.0,0.0,0.0,0.0,4.0,0.0,0.0,0.0
27853,2023.0,7.0,13.0,10.0,20.505821,21.157948,20.003122,20.578074,19.541128,19.46556,19.218763,19.177507,19.402351,19.279295,20.064135,20.645365,20.354973,20.20326,19.775116,19.695997,19.05544,18.960657,4.0,0.0,0.0,0.0,0.0,0.0,0.0,0.0
27854,2023.0,7.0,13.0,10.0,19.94496,20.077711,20.026823,20.622318,19.479607,19.418629,19.159527,19.124311,19.40725,19.319536,19.62026,19.691095,20.299791,20.148249,19.756186,19.6771,19.036978,18.963614,0.0,0.0,0.0,0.0,0.0,0.0,0.0,0.0
27855,2023.0,7.0,13.0,10.0,19.70731,19.808737,19.492891,19.580061,19.460936,19.442318,19.817493,20.402445,19.402924,19.3183,19.75526,20.021603,20.282427,20.136103,19.741035,19.661747,19.906101,20.621891,0.0,0.0,4.0,0.0,4.0,0.0,0.0,4.0
27856,2023.0,7.0,13.0,10.0,19.641338,19.745943,19.248629,19.23851,19.434124,19.42677,19.41329,19.501665,20.088625,20.61535,20.032995,20.469797,21.064674,21.633623,20.729942,21.539307,20.014397,20.673801,0.0,0.0,0.0,4.0,0.0,4.0,4.0,0.0
27857,2023.0,7.0,13.0,10.0,19.597067,19.712708,19.590994,19.979158,20.078836,20.675713,19.155264,19.164951,19.981411,20.241823,19.612778,19.576782,21.348934,21.934526,21.104542,21.916077,19.40253,19.392502,4.0,4.0,0.0,0.0,0.0,4.0,4.0,0.0
27858,2023.0,7.0,13.0,11.0,19.593132,19.74882,20.04149,20.705051,19.74467,19.856865,19.112198,19.125494,19.666597,19.604893,19.43609,19.339048,21.43545,22.018703,20.361786,20.4158,19.177198,19.110304,4.0,0.0,0.0,0.0,0.0,4.0,0.0,0.0
27859,2023.0,7.0,13.0,11.0,20.297804,21.100288,20.01937,20.63673,20.097853,20.659048,19.766758,20.383678,19.533106,19.440317,19.417747,19.319946,21.512632,22.09253,19.99754,19.90737,19.135693,19.066324,0.0,4.0,4.0,0.0,0.0,4.0,0.0,0.0
27860,2023.0,7.0,13.0,11.0,20.47211,21.19914,19.859829,20.278337,20.277725,20.841896,19.97685,20.563305,19.510546,19.420183,19.778503,19.999228,20.865316,20.804443,19.910402,19.813377,19.10865,19.031864,4.0,4.0,4.0,0.0,4.0,0.0,0.0,0.0
27861,2023.0,7.0,13.0,11.0,19.913319,20.111229,20.029354,20.594097,19.761574,19.839682,19.453289,19.538784,19.501413,19.410488,20.02768,20.37568,20.682001,20.544632,19.88402,19.78918,19.096647,19.018232,4.0,0.0,0.0,0.0,0.0,0.0,0.0,0.0
27862,2023.0,7.0,13.0,11.0,20.330677,21.050415,20.019804,20.580597,19.529825,19.557064,19.237406,19.28361,20.202955,20.74336,19.70453,19.679693,20.629347,20.49651,19.863842,19.77334,19.08639,19.008375,0.0,0.0,0.0,4.0,0.0,0.0,0.0,0.0
27863,2023.0,7.0,13.0,11.0,20.531116,21.264063,19.556936,19.679718,20.097507,20.682415,19.82605,20.438225,19.97212,20.149212,19.543642,19.449503,20.595715,20.467941,19.848833,19.763407,19.077745,19.000278,0.0,4.0,4.0,0.0,0.0,0.0,0.0,0.0
27864,2023.0,7.0,13.0,12.0,20.013784,20.249392,19.305676,19.368687,19.7571,19.878534,20.02915,20.632673,19.738438,19.68644,19.52063,19.422222,21.327723,21.886398,19.833862,19.750113,19.956202,20.66741,0.0,0.0,4.0,0.0,0.0,4.0,0.0,4.0
27865,2023.0,7.0,13.0,12.0,21.14766,22.35626,19.625727,20.02355,21.18044,22.48259,21.137682,22.527012,19.656485,19.5806,19.51311,19.414406,20.992386,21.192253,21.183905,22.108873,20.007767,20.616589,4.0,0.0,4.0,0.0,0.0,0.0,0.0,0.0
27866,2023.0,7.0,13.0,12.0,21.00923,21.981497,20.052975,20.726774,21.008347,22.000921,21.021816,22.173828,19.615244,19.528227,19.506144,19.409025,21.013374,21.21111,20.999624,21.687815,19.464417,19.473978,0.0,0.0,0.0,0.0,0.0,0.0,0.0,0.0
27867,2023.0,7.0,13.0,12.0,21.000162,21.879263,19.532698,19.672523,21.003355,21.887913,21.008852,22.027756,19.58727,19.501406,19.500637,19.406004,21.008724,21.186445,21.02062,21.658428,19.263025,19.220377,0.0,4.0,4.0,0.0,0.0,0.0,0.0,0.0
27868,2023.0,7.0,13.0,12.0,21.030842,21.922747,19.237856,19.283922,21.007698,21.841564,21.037075,22.037983,19.568724,19.485743,19.495373,19.40374,21.577337,22.249657,21.0176,21.602404,19.231997,19.193895,0.0,4.0,0.0,0.0,0.0,4.0,0.0,0.0
27869,2023.0,7.0,13.0,12.0,21.023762,21.876274,19.143099,19.177843,21.032492,21.873964,21.030436,21.97216,19.553476,19.473646,19.49015,19.40173,20.98795,21.075281,21.017717,21.566145,19.185625,19.12007,0.0,0.0,0.0,0.0,0.0,0.0,0.0,0.0
27870,2023.0,7.0,13.0,13.0,21.023758,21.850492,19.537214,19.969517,21.000116,21.756207,21.03008,21.930786,19.540314,19.463556,19.485113,19.399914,21.014725,21.143358,21.017376,21.538372,19.15893,19.094374,4.0,4.0,0.0,0.0,0.0,0.0,0.0,0.0
27871,2023.0,7.0,13.0,13.0,21.02154,21.829298,20.069078,20.828983,21.032036,21.81914,21.027311,21.897732,19.528744,19.45468,19.480555,19.398254,21.56497,22.183279,21.017052,21.51692,19.144615,19.082384,0.0,0.0,0.0,0.0,0.0,4.0,0.0,0.0
27872,2023.0,7.0,13.0,13.0,21.021671,21.81563,19.52784,19.708138,21.025055,21.783417,21.027254,21.875349,19.519169,19.448116,19.477259,19.397888,21.730051,22.350538,21.016687,21.500135,19.133806,19.07442,0.0,0.0,0.0,0.0,0.0,4.0,0.0,0.0
27873,2023.0,7.0,13.0,13.0,21.04465,21.847073,19.248089,19.342724,21.051428,21.813118,21.012941,21.79887,19.510412,19.441898,19.474243,19.397797,21.790308,22.412045,21.036509,21.524822,19.124718,19.067806,0.0,0.0,4.0,0.0,0.0,4.0,0.0,0.0
27874,2023.0,7.0,13.0,13.0,21.061537,21.833136,19.581728,20.02019,21.0193,21.73701,21.006866,21.78424,19.50349,19.43792,19.471615,19.39794,21.126316,21.109243,21.013807,21.469387,19.117962,19.063717,4.0,0.0,4.0,0.0,0.0,0.0,0.0,0.0
27875,2023.0,7.0,13.0,13.0,21.041779,21.784979,20.054003,20.7673,20.9961,21.6607,21.00658,21.77623,19.498093,19.434603,19.470661,19.399395,21.014847,21.046137,21.016485,21.465855,19.113108,19.06099,4.0,4.0,4.0,0.0,0.0,0.0,0.0,0.0
27876,2023.0,7.0,13.0,14.0,21.021975,21.780197,20.011219,20.641642,21.004072,21.671816,21.032448,21.840548,19.495483,19.43382,19.472473,19.40296,21.005947,21.059322,21.015467,21.454628,20.052727,20.84684,0.0,4.0,0.0,0.0,0.0,0.0,0.0,4.0
27877,2023.0,7.0,13.0,14.0,21.0469,21.792553,19.924456,20.414406,20.93476,21.535732,20.869312,21.481903,20.193987,20.753206,19.478722,19.41214,20.863834,20.802137,20.545908,20.53673,19.974905,20.462309,4.0,4.0,4.0,4.0,0.0,0.0,0.0,0.0
27878,2023.0,7.0,13.0,14.0,21.06252,21.813894,20.01677,20.587334,20.911379,21.51537,20.803368,21.413328,19.96482,20.157223,19.488714,19.425575,20.79368,20.721777,20.326698,20.267653,19.549961,19.589317,4.0,4.0,4.0,0.0,0.0,0.0,0.0,0.0
27879,2023.0,7.0,13.0,14.0,21.077463,21.833542,20.017206,20.583902,20.384924,20.539759,20.795954,21.413933,19.79225,19.807747,19.5008,19.440365,20.765474,20.695719,20.256018,20.196518,20.241064,20.994997,0.0,0.0,4.0,0.0,0.0,0.0,0.0,4.0
27880,2023.0,7.0,13.0,14.0,21.093254,21.85448,19.62943,19.819609,20.730001,21.370033,20.24587,20.39341,19.726171,19.729795,19.882652,20.149925,20.744171,20.676535,20.205873,20.147013,19.963646,20.305426,0.0,4.0,0.0,0.0,4.0,0.0,0.0,0.0
27881,2023.0,7.0,13.0,14.0,20.551956,20.834106,19.447712,19.607697,20.85614,21.487572,19.987267,20.099674,20.357103,20.921406,20.010723,20.271805,21.468967,22.070845,21.149519,21.968798,19.66423,19.71519,0.0,4.0,0.0,4.0,0.0,4.0,4.0,0.0
27882,2023.0,7.0,13.0,15.0,20.28717,20.518297,19.31202,19.397512,20.878214,21.513964,20.505705,21.158596,20.007122,20.153242,20.157913,20.491697,21.777086,22.45154,20.634733,20.709753,19.536997,19.56512,0.0,4.0,4.0,0.0,4.0,4.0,0.0,0.0
27883,2023.0,7.0,13.0,15.0,20.19059,20.415684,19.661983,20.110504,20.360916,20.530571,20.128042,20.306324,19.859282,19.880667,19.986769,20.142557,21.151165,21.18949,20.331903,20.318342,19.500042,19.524893,4.0,0.0,0.0,0.0,0.0,0.0,0.0,0.0
27884,2023.0,7.0,13.0,15.0,20.121168,20.341702,20.055151,20.728004,20.083147,20.176561,19.862192,19.973068,19.804682,19.814602,19.85177,19.877909,20.902353,20.857285,20.260185,20.242613,19.409914,19.371965,0.0,0.0,0.0,0.0,0.0,0.0,0.0,0.0
27885,2023.0,7.0,13.0,15.0,20.036247,20.224125,19.961618,20.453669,19.994059,20.088402,19.783594,19.894958,19.730408,19.690954,20.15082,20.472317,20.850748,20.808989,20.21773,20.202188,20.233839,20.97017,4.0,0.0,0.0,0.0,4.0,0.0,0.0,4.0
27886,2023.0,7.0,13.0,15.0,19.993593,20.184797,20.027706,20.583744,20.548126,21.171803,20.335852,20.968166,19.68932,19.642492,19.993938,20.159712,20.814423,20.771938,21.136608,21.967615,19.974243,20.388308,0.0,4.0,4.0,0.0,0.0,0.0,4.0,0.0
27887,2023.0,7.0,13.0,15.0,19.958323,20.154232,20.013271,20.509212,20.208323,20.378002,20.538637,21.179344,20.352663,20.919203,20.213758,20.557371,21.5062,22.11686,21.502958,22.37605,19.629807,19.68817,4.0,0.0,4.0,4.0,4.0,4.0,4.0,0.0
27888,2023.0,7.0,13.0,16.0,20.58883,21.364344,20.01643,20.522581,20.01116,20.097382,20.574081,21.206877,20.630953,21.30338,19.993141,20.141298,21.7094,22.381184,21.587986,22.45153,20.352114,21.109432,0.0,0.0,4.0,4.0,0.0,4.0,4.0,4.0
27889,2023.0,7.0,13.0,16.0,20.82183,21.598713,20.027515,20.507912,20.542305,21.159554,20.067724,20.227222,20.739292,21.405266,20.214369,20.549677,21.084185,21.127333,20.815937,20.930256,19.965866,20.262436,4.0,4.0,0.0,4.0,4.0,0.0,0.0,0.0
27890,2023.0,7.0,13.0,16.0,20.88067,21.648844,20.031376,20.50496,20.722685,21.33841,19.8105,19.904215,20.141771,20.210989,19.992224,20.112915,20.82877,20.781893,20.4278,20.40809,19.66634,19.69681,4.0,4.0,0.0,0.0,0.0,0.0,0.0,0.0
27891,2023.0,7.0,13.0,16.0,20.346996,20.60246,20.012865,20.482914,20.753736,21.360992,20.358738,20.996838,19.88884,19.885124,19.855734,19.86587,21.482895,22.0716,20.31346,20.283443,19.537294,19.546507,0.0,4.0,4.0,0.0,0.0,4.0,0.0,0.0
27892,2023.0,7.0,13.0,16.0,20.111422,20.31942,20.036135,20.496777,20.782536,21.38293,19.992783,20.147507,19.82288,19.81366,20.102018,20.371489,21.037954,21.064295,20.249231,20.218609,20.317848,21.06158,4.0,4.0,0.0,0.0,4.0,0.0,0.0,4.0
27893,2023.0,7.0,13.0,16.0,20.04536,20.24442,20.011677,20.461514,20.275314,20.41519,19.79637,19.870888,19.78372,19.772213,20.243406,20.589096,20.852364,20.79491,21.141283,21.94138,19.968403,20.341564,0.0,0.0,0.0,0.0,4.0,0.0,4.0,0.0
27894,2023.0,7.0,13.0,17.0,20.617006,21.354288,19.684908,19.82801,20.001873,20.060675,20.334585,20.945766,19.720486,19.68323,19.99248,20.127699,20.782806,20.72342,20.636541,20.728268,19.626608,19.662241,0.0,0.0,4.0,0.0,0.0,0.0,0.0,0.0
27895,2023.0,7.0,13.0,17.0,20.832594,21.579256,19.890171,20.323051,20.53573,21.1313,20.516537,21.122282,19.674477,19.63541,19.83382,19.839304,20.736664,20.684217,20.29274,20.267086,19.479492,19.484156,4.0,4.0,4.0,0.0,0.0,0.0,0.0,0.0
27896,2023.0,7.0,13.0,17.0,20.884468,21.62613,20.002392,20.475973,20.663002,21.258614,19.994732,20.111301,19.6464,19.608658,19.764112,19.75207,20.700893,20.650856,20.212053,20.179424,19.40915,19.382627,4.0,4.0,0.0,0.0,0.0,0.0,0.0,0.0
27897,2023.0,7.0,13.0,17.0,20.927929,21.663057,20.016535,20.494267,20.173988,20.303894,19.761246,19.829689,19.619907,19.58533,19.699163,19.663946,20.665903,20.619326,21.094769,21.894175,19.360643,19.333977,0.0,0.0,0.0,0.0,0.0,0.0,4.0,0.0
27898,2023.0,7.0,13.0,17.0,20.964647,21.694664,20.025078,20.467142,20.536278,21.124678,19.680185,19.739239,20.28874,20.871273,19.650215,19.613985,21.379847,22.007088,21.438728,22.271996,19.324556,19.299057,4.0,4.0,0.0,4.0,0.0,4.0,4.0,0.0
27899,2023.0,7.0,13.0,17.0,20.41178,20.63221,20.033787,20.470078,20.11568,20.237726,19.613289,19.647467,19.967537,20.210808,19.620384,19.585842,20.889116,20.948383,21.52163,22.347633,19.29765,19.273552,4.0,0.0,0.0,0.0,0.0,0.0,4.0,0.0
27900,2023.0,7.0,13.0,18.0,20.167337,20.343882,20.012173,20.441578,19.873293,19.923058,19.561035,19.591803,19.741165,19.76066,19.963078,20.260965,20.633745,20.593967,20.74629,20.82458,19.270203,19.24842,0.0,0.0,0.0,0.0,4.0,0.0,0.0,0.0
27901,2023.0,7.0,13.0,18.0,21.115614,22.090506,19.693506,19.822844,21.124895,22.163618,21.157907,22.436056,19.637526,19.634462,20.001284,20.255653,21.0591,21.384014,21.295982,22.057035,19.24357,19.222897,0.0,4.0,4.0,0.0,0.0,0.0,0.0,0.0
27902,2023.0,7.0,13.0,18.0,21.003351,21.785511,19.919676,20.359243,21.007923,21.83696,20.980627,21.927618,19.58192,19.557966,19.741379,19.74574,21.003298,21.274551,21.005962,21.462116,19.219149,19.199398,4.0,0.0,4.0,0.0,0.0,0.0,0.0,0.0
27903,2023.0,7.0,13.0,18.0,21.042278,21.809984,20.0296,20.498276,21.012653,21.73457,21.023851,21.907162,19.546408,19.522139,19.614347,19.585974,21.019724,21.298166,21.034595,21.505909,19.198824,19.180689,0.0,4.0,4.0,0.0,0.0,0.0,0.0,0.0
27904,2023.0,7.0,13.0,18.0,21.1077,21.866484,19.651976,19.74275,21.001015,21.67797,21.029476,21.879812,19.522387,19.500854,19.572725,19.547659,21.006918,21.266787,21.012218,21.454632,19.181711,19.16562,0.0,4.0,0.0,0.0,0.0,0.0,0.0,0.0
27905,2023.0,7.0,13.0,18.0,21.0945,21.799114,19.440718,19.46539,21.050388,21.767988,21.057835,21.877024,19.499018,19.478407,19.535746,19.510754,21.018637,21.286285,21.032476,21.490051,19.165432,19.151056,0.0,0.0,0.0,0.0,0.0,0.0,0.0,0.0
27906,2023.0,7.0,13.0,19.0,21.104874,21.808552,19.372528,19.394749,21.047337,21.715187,21.011726,21.711536,19.478333,19.459545,19.504507,19.48161,21.018045,21.280193,21.031275,21.478222,19.150736,19.138136,0.0,0.0,4.0,0.0,0.0,0.0,0.0,0.0
27907,2023.0,7.0,13.0,19.0,21.009796,21.651955,19.77666,20.195717,21.01931,21.64439,21.031048,21.764824,19.458158,19.440449,19.475508,19.454891,21.00801,21.261469,21.013113,21.443714,19.135761,19.123877,4.0,0.0,0.0,0.0,0.0,0.0,0.0,0.0
27908,2023.0,7.0,13.0,19.0,21.020767,21.665434,20.012127,20.508417,21.03418,21.629297,21.024734,21.728834,19.436968,19.419249,19.444769,19.42348,21.49005,22.16453,21.01571,21.447748,19.120205,19.108555,4.0,4.0,0.0,0.0,0.0,4.0,0.0,0.0
27909,2023.0,7.0,13.0,19.0,21.01938,21.651133,20.01694,20.494524,21.02325,21.623852,21.02539,21.709469,20.16552,20.81762,19.417227,19.39715,20.9738,21.141056,21.01551,21.446259,19.105509,19.094538,0.0,0.0,0.0,4.0,0.0,0.0,0.0,0.0
27910,2023.0,7.0,13.0,19.0,21.096394,21.757324,19.97713,20.363087,20.995895,21.536224,20.995695,21.619007,19.960457,20.258926,19.390862,19.371536,21.017437,21.246922,21.535364,22.406504,19.0906,19.07986,4.0,4.0,4.0,0.0,0.0,0.0,4.0,0.0
27911,2023.0,7.0,13.0,19.0,21.127655,21.789246,20.023987,20.463297,21.001553,21.54118,21.005014,21.627542,19.65838,19.661942,19.75493,20.081749,21.01111,21.241201,20.93914,21.233603,19.076246,19.06595,0.0,4.0,4.0,0.0,4.0,0.0,0.0,0.0
27912,2023.0,7.0,13.0,20.0,21.140388,21.796644,19.99311,20.358725,21.027739,21.6086,21.03039,21.691011,19.504362,19.472889,20.013817,20.426575,21.496067,22.158758,21.028486,21.429302,19.061987,19.051964,4.0,0.0,0.0,0.0,4.0,4.0,0.0,0.0
27913,2023.0,7.0,13.0,20.0,21.141754,21.788568,20.022045,20.429424,21.021269,21.583992,20.997425,21.592344,19.447989,19.410896,20.01503,20.39809,21.549751,22.107979,21.46987,22.243782,19.04845,19.039284,0.0,0.0,4.0,0.0,0.0,4.0,4.0,0.0
27914,2023.0,7.0,13.0,20.0,21.142437,21.780703,20.004454,20.357956,21.022118,21.572796,21.030703,21.671265,20.128117,20.729801,19.65126,19.663916,21.566904,22.119282,21.592463,22.335596,19.035608,19.027622,4.0,0.0,0.0,4.0,0.0,4.0,4.0,0.0
27915,2023.0,7.0,13.0,20.0,21.00484,21.557438,20.00064,20.351412,21.087883,21.66489,20.997969,21.574017,20.353819,20.912605,19.44802,19.401823,21.593685,22.139463,20.942043,21.18511,19.02237,19.015173,4.0,4.0,4.0,4.0,0.0,4.0,0.0,0.0
27916,2023.0,7.0,13.0,20.0,21.02064,21.589437,20.018633,20.397135,21.013363,21.535225,21.030754,21.654266,19.969002,20.208574,19.81721,20.16233,20.962572,21.022451,21.481934,22.237865,19.009306,19.002777,0.0,0.0,0.0,0.0,4.0,0.0,4.0,0.0
27917,2023.0,7.0,13.0,20.0,21.116812,21.739187,20.005571,20.338877,20.99729,21.476973,21.024002,21.630093,19.658194,19.61597,20.007227,20.385319,21.017622,21.177862,20.944159,21.189333,18.996622,18.990688,4.0,4.0,0.0,0.0,4.0,0.0,0.0,0.0
27918,2023.0,7.0,13.0,21.0,21.14552,21.762482,20.00011,20.330004,21.044638,21.597746,21.049372,21.666794,19.503513,19.442652,20.00634,20.34275,21.021406,21.210205,21.03471,21.414797,18.981758,18.972761,4.0,0.0,0.0,0.0,4.0,0.0,0.0,0.0
27919,2023.0,7.0,13.0,21.0,21.00197,21.527546,20.01949,20.378906,20.99197,21.456789,21.015839,21.598818,19.480902,19.457447,20.018112,20.359657,21.01146,21.203512,21.477242,22.2159,18.96609,18.953466,0.0,4.0,0.0,0.0,0.0,0.0,4.0,0.0
27920,2023.0,7.0,13.0,21.0,21.021526,21.566639,19.62182,19.604841,21.002594,21.474997,21.021276,21.606934,19.447594,19.42439,19.61131,19.554276,21.501308,22.139427,20.949358,21.20153,18.949965,18.933826,0.0,4.0,0.0,0.0,0.0,4.0,0.0,0.0
27921,2023.0,7.0,13.0,21.0,21.019085,21.558302,19.907679,20.281128,21.028196,21.544436,21.028805,21.58888,19.408266,19.382599,19.745628,19.949152,20.946346,21.04397,21.027597,21.380154,18.934261,18.914772,4.0,0.0,4.0,0.0,4.0,0.0,0.0,0.0
27922,2023.0,7.0,13.0,21.0,21.019999,21.554516,20.01267,20.400063,20.996593,21.451536,21.028107,21.605864,20.058357,20.63719,20.046728,20.429705,21.021227,21.21485,21.018476,21.372625,19.804028,20.569307,0.0,4.0,0.0,4.0,0.0,0.0,0.0,4.0
27923,2023.0,7.0,13.0,21.0,21.226498,21.92646,19.561815,19.506393,21.003042,21.460327,21.025984,21.589918,19.986073,20.317522,19.564323,19.46592,21.340431,21.812023,21.020287,21.3811,20.021914,20.68738,0.0,4.0,0.0,0.0,0.0,4.0,0.0,0.0
27924,2023.0,7.0,13.0,22.0,20.988045,21.46607,19.300062,19.155132,21.029377,21.529663,21.026424,21.5785,19.535694,19.421946,19.413822,19.362906,21.422203,21.877716,21.015501,21.383867,20.137215,20.777334,0.0,0.0,0.0,0.0,0.0,4.0,0.0,4.0
27925,2023.0,7.0,13.0,22.0,21.025526,21.54229,19.303658,19.24684,21.023155,21.506918,21.0196,21.567215,19.331755,19.195684,19.685005,19.912395,20.963646,21.066744,21.016085,21.393156,20.004627,20.502443,0.0,0.0,0.0,0.0,4.0,0.0,0.0,0.0
27926,2023.0,7.0,13.0,22.0,21.020163,21.529877,19.731527,20.072361,21.024239,21.498056,21.02061,21.568676,19.347567,19.29933,20.05012,20.49677,21.020672,21.200792,21.016176,21.399437,19.403011,19.304575,4.0,0.0,0.0,0.0,0.0,0.0,0.0,0.0
27927,2023.0,7.0,13.0,22.0,21.015142,21.528728,20.035841,20.52588,21.0241,21.48828,21.020515,21.567087,19.331524,19.28227,19.612001,19.60401,21.01554,21.20358,21.016298,21.403826,19.138195,19.01024,0.0,0.0,0.0,0.0,0.0,0.0,0.0,0.0
27928,2023.0,7.0,13.0,22.0,21.015097,21.53474,19.603552,19.640768,21.017262,21.48065,21.020569,21.56549,19.294294,19.242853,19.39639,19.341837,21.296408,21.725527,21.016636,21.407545,19.04469,18.911045,0.0,0.0,0.0,0.0,0.0,4.0,0.0,0.0
27929,2023.0,7.0,13.0,22.0,21.015299,21.537981,19.37544,19.34046,21.018301,21.4853,21.020746,21.563925,19.2607,19.207575,19.322744,19.264008,20.981754,21.123016,21.016731,21.409811,19.902096,20.604118,0.0,0.0,0.0,0.0,0.0,0.0,0.0,4.0
27930,2023.0,7.0,13.0,23.0,21.014967,21.539122,19.289116,19.231817,21.109848,21.63397,21.020357,21.560741,19.227392,19.170479,19.261911,19.196833,21.02209,21.217728,21.016928,21.411636,19.998278,20.53459,0.0,4.0,0.0,0.0,0.0,0.0,0.0,0.0
27931,2023.0,7.0,13.0,23.0,21.204678,21.875048,19.244736,19.18817,20.432026,20.32359,20.484507,20.527617,19.200798,19.144485,19.508215,19.698511,20.589731,20.392986,20.558352,20.529095,20.095818,20.624168,0.0,0.0,0.0,0.0,4.0,0.0,0.0,4.0
27932,2023.0,7.0,13.0,23.0,20.5304,20.546984,19.211979,19.153578,20.123781,19.886862,20.877222,21.38793,19.178802,19.121357,19.308552,19.273743,20.56517,20.472828,20.388868,20.325497,19.427372,19.318985,0.0,0.0,4.0,0.0,0.0,0.0,0.0,0.0
27933,2023.0,7.0,13.0,23.0,20.236643,20.13575,19.179558,19.117607,19.984142,19.72811,20.964941,21.48508,19.156708,19.097094,19.198856,19.12963,20.532398,20.449972,20.294264,20.22298,19.197983,19.033491,0.0,0.0,4.0,0.0,0.0,0.0,0.0,0.0
27934,2023.0,7.0,13.0,23.0,20.288563,20.34787,19.155577,19.095772,20.044737,19.94294,20.271276,20.159721,19.13804,19.07884,19.162281,19.095175,20.48416,20.404219,20.224274,20.15648,19.867306,20.374905,0.0,0.0,0.0,0.0,0.0,0.0,0.0,4.0
27935,2023.0,7.0,13.0,23.0,20.261763,20.344202,19.130327,19.069752,20.02776,19.952934,19.963688,19.728405,19.118443,19.058262,19.126091,19.057756,20.43701,20.355917,20.159246,20.090292,19.314228,19.19364,0.0,0.0,0.0,0.0,0.0,0.0,0.0,0.0
27936,2023.0,7.0,14.0,0.0,20.896198,21.58283,19.107094,19.046185,20.625679,21.119238,19.83645,19.594622,19.099833,19.038984,19.094227,19.025211,20.394445,20.312954,21.011349,21.745562,19.119568,18.958668,0.0,4.0,0.0,0.0,0.0,0.0,4.0,0.0
27937,2023.0,7.0,14.0,0.0,20.307062,20.329481,19.083633,19.020897,20.24705,20.29714,19.739254,19.494781,19.081003,19.01838,19.06331,18.99231,20.354269,20.270948,20.26274,20.141294,19.04121,18.878077,0.0,0.0,0.0,0.0,0.0,0.0,0.0,0.0
27938,2023.0,7.0,14.0,0.0,20.024715,19.916346,19.059164,18.992765,19.836239,19.584175,19.818283,19.73293,19.061861,18.996445,19.032106,18.95736,20.315378,20.228422,19.988491,19.775925,19.085352,19.030064,0.0,0.0,0.0,0.0,0.0,0.0,0.0,0.0
27939,2023.0,7.0,14.0,0.0,20.6138,21.099245,19.03814,18.970737,19.72282,19.460285,19.795355,19.72261,19.044416,18.977858,19.004927,18.929327,20.281769,20.19428,19.897999,19.687431,19.060102,19.00138,0.0,0.0,0.0,0.0,0.0,0.0,0.0,0.0
27940,2023.0,7.0,14.0,0.0,20.134943,20.104862,19.016567,18.946913,19.802118,19.693281,19.752039,19.679588,19.026182,18.957752,18.977379,18.899656,20.248455,20.159088,19.820364,19.608446,19.025301,18.964737,0.0,0.0,0.0,0.0,0.0,0.0,0.0,0.0
27941,2023.0,7.0,14.0,0.0,19.910168,19.781902,18.993456,18.9194,19.800068,19.714722,19.7054,19.628447,19.006973,18.935562,18.948605,18.866837,20.214825,20.121801,19.897299,19.827415,18.990562,18.926487,0.0,0.0,0.0,0.0,0.0,0.0,0.0,0.0
27942,2023.0,7.0,14.0,1.0,20.012028,20.064043,18.974998,18.900688,20.435396,20.940096,19.667223,19.592464,18.989613,18.917395,18.924162,18.842161,20.185806,20.092604,19.869434,19.789738,18.960577,18.896332,0.0,4.0,0.0,0.0,0.0,0.0,0.0,0.0
27943,2023.0,7.0,14.0,1.0,20.02167,20.10479,18.954634,18.877693,19.871288,19.732967,19.62753,19.55127,18.970497,18.89618,18.898088,18.81378,20.156025,20.06076,19.83345,19.751863,18.930372,18.864191,0.0,0.0,0.0,0.0,0.0,0.0,0.0,0.0
27944,2023.0,7.0,14.0,1.0,20.654491,21.318655,18.934082,18.854044,19.590834,19.30891,19.588966,19.510483,18.95059,18.87385,18.871737,18.784693,20.126806,20.029057,19.798153,19.714388,18.90095,18.832438,0.0,0.0,0.0,0.0,0.0,0.0,0.0,0.0
27945,2023.0,7.0,14.0,1.0,20.049444,20.029139,18.914047,18.831173,19.494696,19.19833,19.55257,19.47228,18.930784,18.851854,18.845787,18.756348,20.098589,19.998705,19.76372,19.678194,18.872831,18.802334,0.0,0.0,0.0,0.0,0.0,0.0,0.0,0.0
27946,2023.0,7.0,14.0,1.0,19.799309,19.66775,18.893867,18.807795,19.601109,19.476051,19.517143,19.434465,19.494246,19.92566,18.819452,18.727242,20.070482,19.968096,19.729353,19.641611,18.845116,18.772282,0.0,0.0,0.0,4.0,0.0,0.0,0.0,0.0
27947,2023.0,7.0,14.0,1.0,19.71066,19.567904,18.87378,18.784384,19.615202,19.517725,19.482935,19.397707,19.10654,19.059048,18.79296,18.69789,20.042484,19.93751,19.695412,19.605356,18.81795,18.742716,0.0,0.0,0.0,0.0,0.0,0.0,0.0,0.0
27948,2023.0,7.0,14.0,2.0,19.84908,19.906097,18.853146,18.7597,19.587795,19.48864,19.448956,19.360203,18.976688,18.889503,18.765667,18.667046,20.013994,19.905836,19.661474,19.568497,18.790771,18.712633,0.0,0.0,0.0,0.0,0.0,0.0,0.0,0.0
27949,2023.0,7.0,14.0,2.0,19.850094,19.916172,18.834078,18.737984,19.559727,19.458847,19.417614,19.326767,18.937544,18.848082,18.739746,18.638966,19.98714,19.877226,19.62964,19.535143,18.765373,18.685616,0.0,0.0,0.0,0.0,0.0,0.0,0.0,0.0
27950,2023.0,7.0,14.0,2.0,19.827793,19.892838,18.818092,18.722244,19.534727,19.435429,19.390968,19.301743,19.482174,19.898943,19.008463,19.161283,19.962791,19.85323,19.6006,19.506691,19.47096,20.03445,0.0,0.0,0.0,4.0,4.0,0.0,0.0,4.0
27951,2023.0,7.0,14.0,2.0,19.803267,19.866337,19.246002,19.537643,19.507717,19.4073,19.362728,19.27215,18.937035,18.728596,18.817453,18.741323,19.937185,19.826246,19.570524,19.475399,18.98791,18.959858,4.0,0.0,0.0,0.0,0.0,0.0,0.0,0.0
27952,2023.0,7.0,14.0,2.0,19.77822,19.839008,18.982042,18.94886,19.48076,19.378695,19.335123,19.24257,18.741365,18.484861,18.724377,18.620491,19.911644,19.798996,19.540707,19.44401,18.691122,18.471985,0.0,0.0,0.0,0.0,0.0,0.0,0.0,0.0
27953,2023.0,7.0,14.0,2.0,19.752865,19.811045,18.849463,18.744637,19.453423,19.348774,19.30726,19.211864,18.67189,18.412214,18.691057,18.584288,19.886131,19.771427,19.511152,19.412603,18.592615,18.3615,0.0,0.0,0.0,0.0,0.0,0.0,0.0,0.0
27954,2023.0,7.0,14.0,3.0,19.728624,19.785309,18.816214,18.710901,19.428925,19.324083,19.2822,19.18653,18.787458,18.700167,18.66191,18.554705,19.86224,19.74682,19.483307,19.384178,18.68777,18.612621,0.0,0.0,0.0,0.0,0.0,0.0,0.0,0.0
27955,2023.0,7.0,14.0,3.0,19.706682,19.76407,18.791214,18.687286,19.406742,19.303577,19.259344,19.165339,19.366379,19.78478,18.636438,18.530523,19.840405,19.726044,19.457624,19.359638,18.674316,18.590157,0.0,0.0,0.0,4.0,0.0,0.0,0.0,0.0
27956,2023.0,7.0,14.0,3.0,19.684513,19.741497,18.769203,18.66531,19.38418,19.281555,19.23608,19.142567,18.977985,18.920746,18.912249,19.068888,19.818295,19.704086,19.43168,19.33384,18.649979,18.5653,0.0,0.0,0.0,0.0,4.0,0.0,0.0,0.0
27957,2023.0,7.0,14.0,3.0,19.662764,19.718897,18.74883,18.644558,19.361595,19.258932,19.212868,19.119228,18.689491,18.43555,18.686543,18.580212,19.796259,19.681831,19.405886,19.307795,18.6267,18.541649,0.0,0.0,0.0,0.0,0.0,0.0,0.0,0.0
27958,2023.0,7.0,14.0,3.0,19.64198,19.697826,18.729927,18.625261,19.339483,19.236797,19.190264,19.096487,18.597301,18.338066,18.619038,18.511934,19.774837,19.660404,19.380821,19.282757,18.603966,18.518827,0.0,0.0,0.0,0.0,0.0,0.0,0.0,0.0
27959,2023.0,7.0,14.0,3.0,19.621986,19.678219,18.713636,18.610521,19.319557,19.21867,19.169922,19.077896,18.707552,18.618393,18.899015,19.064257,19.754816,19.641438,19.357157,19.260147,18.58278,18.498558,0.0,0.0,0.0,0.0,4.0,0.0,0.0,0.0
27960,2023.0,7.0,14.0,4.0,19.601631,19.657898,18.696983,18.594496,19.299065,19.199074,19.14903,19.057829,19.299526,19.729067,18.682087,18.598152,19.734669,19.621891,19.33343,19.237041,18.56166,18.477926,0.0,0.0,0.0,4.0,0.0,0.0,0.0,0.0
27961,2023.0,7.0,14.0,4.0,19.581074,19.636724,18.680136,18.577469,19.278069,19.178194,19.12772,19.036545,18.900839,18.845327,18.592459,18.487762,19.714153,19.601341,19.309368,19.212997,18.540396,18.456577,0.0,0.0,0.0,0.0,0.0,0.0,0.0,0.0
27962,2023.0,7.0,14.0,4.0,19.560633,19.615343,18.663145,18.559967,19.256807,19.15667,19.106146,19.014635,18.616982,18.36912,18.867582,19.032846,19.69349,19.580389,19.285158,19.188538,18.519138,18.434994,0.0,0.0,0.0,0.0,4.0,0.0,0.0,0.0
27963,2023.0,7.0,14.0,4.0,20.21957,20.869617,18.646975,18.543938,19.236416,19.13675,19.085478,18.994385,18.524023,18.270823,18.653467,18.574772,19.673578,19.560804,19.26174,19.16554,18.498724,18.414865,0.0,0.0,0.0,0.0,0.0,0.0,0.0,0.0
27964,2023.0,7.0,14.0,4.0,20.408424,21.078007,18.62904,18.524189,19.213984,19.112644,19.06281,18.969944,18.622522,18.526484,18.554235,18.446785,19.6525,19.53862,19.236937,19.139658,18.477154,18.392202,0.0,0.0,0.0,0.0,0.0,0.0,0.0,0.0
27965,2023.0,7.0,14.0,4.0,19.674757,19.603716,18.614243,18.510765,19.195047,19.095428,19.043678,18.952497,19.19748,19.607935,18.52186,18.416985,19.634235,19.521479,19.214676,19.118614,18.458023,18.374096,0.0,0.0,0.0,4.0,0.0,0.0,0.0,0.0
27966,2023.0,7.0,14.0,5.0,19.415026,19.238668,18.597904,18.494308,19.842127,20.328438,19.02291,18.931753,18.841934,18.8058,18.490057,18.385181,19.615526,19.502851,20.138058,20.878153,18.438337,18.354427,0.0,4.0,0.0,0.0,0.0,0.0,4.0,0.0
27967,2023.0,7.0,14.0,5.0,20.002192,20.41362,18.583212,18.48112,19.474741,19.496675,19.003641,18.913982,19.09492,19.331415,18.74942,18.89367,19.598402,19.486868,19.374233,19.209007,18.420233,18.337366,0.0,0.0,0.0,4.0,4.0,0.0,0.0,0.0
27968,2023.0,7.0,14.0,5.0,20.14838,20.581522,18.56913,18.468555,19.719944,19.997293,18.984669,18.89632,18.646507,18.40782,18.558647,18.476925,19.582296,19.471704,19.118628,18.868559,18.402962,18.320908,0.0,4.0,0.0,0.0,0.0,0.0,0.0,0.0
27969,2023.0,7.0,14.0,5.0,19.589098,19.496643,18.55593,18.457268,19.236227,19.024115,18.966635,18.88014,18.502874,18.256083,18.76982,18.925879,19.56789,19.458746,19.051594,18.806707,18.387203,18.306479,0.0,0.0,0.0,0.0,4.0,0.0,0.0,0.0
27970,2023.0,7.0,14.0,5.0,19.397022,19.241764,18.542898,18.446041,19.0262,18.716654,18.948723,18.86392,19.052446,19.343483,18.895926,19.102638,19.554485,19.446733,18.999872,18.75995,18.37242,18.292952,0.0,0.0,0.0,4.0,4.0,0.0,0.0,0.0
27971,2023.0,7.0,14.0,5.0,19.331387,19.186455,18.530264,18.435137,18.94924,18.639673,18.93112,18.847965,18.626501,18.4159,18.452175,18.2188,19.541887,19.435566,19.091255,18.988398,18.35879,18.280628,0.0,0.0,0.0,0.0,0.0,0.0,0.0,0.0
27972,2023.0,7.0,14.0,6.0,19.278103,19.138002,18.517382,18.423464,19.070326,18.939165,18.913034,18.830824,18.474113,18.238508,18.289347,18.022478,19.529741,19.424522,19.104782,19.015167,18.346006,18.268843,0.0,0.0,0.0,0.0,0.0,0.0,0.0,0.0
27973,2023.0,7.0,14.0,6.0,21.217348,22.64071,18.50742,18.418034,21.2349,22.802778,21.240377,22.982502,18.571373,18.485924,18.389437,18.280088,21.22943,22.380552,21.324068,22.841768,19.091969,19.687704,0.0,0.0,0.0,0.0,0.0,0.0,0.0,4.0
27974,2023.0,7.0,14.0,6.0,20.998747,22.029325,18.496687,18.411568,21.000536,22.109896,20.977034,22.18386,18.59537,18.514791,18.429174,18.338575,21.005562,21.844797,20.997335,22.06938,20.123928,21.286276,0.0,0.0,4.0,0.0,0.0,0.0,0.0,0.0
27975,2023.0,7.0,14.0,6.0,21.0287,21.984686,18.486366,18.40548,21.033829,22.039831,21.043007,22.184587,18.579258,18.502167,18.723356,18.904898,21.026114,21.78042,21.033522,22.009232,19.676233,20.1808,0.0,0.0,0.0,0.0,4.0,0.0,0.0,4.0
27976,2023.0,7.0,14.0,6.0,21.025156,21.910027,18.477135,18.400446,21.029667,21.941833,21.042461,22.060156,19.163746,19.613857,20.182775,21.377169,20.99912,21.631899,21.028515,21.906605,20.29464,21.393929,0.0,0.0,0.0,4.0,0.0,4.0,0.0,0.0
27977,2023.0,7.0,14.0,6.0,21.024664,21.862848,18.906393,19.213598,21.029448,21.879509,21.04079,21.971216,20.110725,21.10167,19.27237,19.398436,21.027481,21.660137,21.028051,21.83881,19.157198,19.062649,4.0,0.0,0.0,0.0,0.0,0.0,0.0,0.0
27978,2023.0,7.0,14.0,7.0,21.024178,21.82899,20.131807,21.238798,21.028587,21.8337,21.030245,21.908066,19.14236,19.056602,18.783308,18.719894,20.998642,21.52475,21.02718,21.78775,18.733583,18.553045,4.0,0.0,0.0,0.0,0.0,4.0,0.0,0.0
27979,2023.0,7.0,14.0,7.0,21.050543,21.853687,20.079885,20.94677,21.05985,21.858372,21.021837,21.828259,18.703918,18.509115,18.694666,18.620327,21.059452,21.63222,21.05782,21.806223,18.743881,18.682568,0.0,0.0,4.0,0.0,0.0,0.0,0.0,0.0
27980,2023.0,7.0,14.0,7.0,21.019571,21.776258,19.512764,19.745735,20.996906,21.691116,21.042854,21.86541,18.74984,18.680784,18.664211,18.596853,21.022182,21.517094,21.021519,21.708055,18.724562,18.669363,4.0,4.0,0.0,0.0,0.0,0.0,0.0,0.0
27981,2023.0,7.0,14.0,7.0,20.997753,21.700506,20.122265,20.95556,21.032946,21.77257,21.036613,21.824345,18.759823,18.703424,18.640247,18.577374,21.025969,21.497862,21.025904,21.69576,19.644411,20.448498,0.0,0.0,0.0,0.0,0.0,0.0,0.0,4.0
27982,2023.0,7.0,14.0,7.0,21.028645,21.781075,19.290712,19.255392,21.03403,21.745018,21.036255,21.800343,19.435427,19.996746,18.964485,19.2032,21.01768,21.47424,21.02467,21.676489,20.046188,20.895222,0.0,0.0,0.0,4.0,4.0,0.0,0.0,0.0
27983,2023.0,7.0,14.0,7.0,21.029306,21.76089,18.960115,18.90809,21.03282,21.720266,21.02733,21.780106,20.081078,20.924736,20.130072,21.134605,21.01812,21.467804,21.260054,22.073935,19.176914,19.107555,0.0,0.0,0.0,0.0,4.0,0.0,4.0,0.0
27984,2023.0,7.0,14.0,8.0,21.000532,21.666492,19.332428,19.669277,21.024525,21.701801,21.002283,21.705896,19.245749,19.183018,20.017464,20.775114,21.017788,21.460464,20.996628,21.562813,18.804565,18.668146,4.0,0.0,4.0,0.0,0.0,0.0,0.0,0.0
27985,2023.0,7.0,14.0,8.0,20.857853,21.388342,20.095163,20.945692,20.917906,21.464508,20.289572,20.36883,18.875618,18.733908,19.258501,19.21105,21.240826,21.855598,20.2632,20.155275,19.571846,20.196613,0.0,4.0,0.0,0.0,0.0,4.0,0.0,4.0
27986,2023.0,7.0,14.0,8.0,20.796574,21.324804,19.77479,20.202677,20.69708,21.075033,20.36119,20.739288,19.58887,20.160793,18.868387,18.710924,21.164028,21.623217,19.894457,19.720062,20.062376,20.863628,4.0,4.0,4.0,4.0,0.0,4.0,0.0,0.0
27987,2023.0,7.0,14.0,8.0,20.199627,20.228762,20.077536,20.803083,20.077225,19.992804,20.415295,20.802597,20.056984,20.787384,18.857544,18.784058,21.142523,21.59964,19.754303,19.582314,19.257233,19.215546,0.0,0.0,4.0,0.0,0.0,4.0,0.0,0.0
27988,2023.0,7.0,14.0,8.0,20.54906,21.095512,19.367418,19.369417,20.343788,20.699633,19.857523,19.790485,19.329103,19.289562,18.850006,18.791536,20.503016,20.388441,20.74169,21.551607,18.898012,18.783897,0.0,4.0,0.0,0.0,0.0,0.0,4.0,0.0
27989,2023.0,7.0,14.0,8.0,20.092606,20.170692,19.041742,18.894972,20.44471,20.842731,19.593092,19.429977,19.720318,20.159956,18.824945,18.76927,20.25837,20.057564,20.023592,19.980639,18.877436,18.823154,0.0,4.0,0.0,4.0,0.0,0.0,0.0,0.0
27990,2023.0,7.0,14.0,9.0,19.858156,19.84667,19.0217,18.961323,19.900667,19.825516,19.47487,19.311028,20.050022,20.682148,18.799597,18.745932,20.895138,21.352411,19.727795,19.571712,18.849098,18.805128,0.0,0.0,0.0,0.0,0.0,4.0,0.0,0.0
27991,2023.0,7.0,14.0,9.0,19.753176,19.743494,18.980343,18.940874,19.599415,19.440596,20.020676,20.427223,20.007544,20.492857,18.772041,18.719091,21.093153,21.570757,19.617617,19.463625,18.805206,18.762436,0.0,0.0,4.0,4.0,0.0,4.0,0.0,0.0
27992,2023.0,7.0,14.0,9.0,19.687988,19.68098,19.373993,19.724468,19.498718,19.330761,19.584991,19.529953,20.029593,20.508593,19.122885,19.39615,21.126629,21.604712,19.549463,19.398212,18.77168,18.728525,4.0,0.0,0.0,4.0,4.0,4.0,0.0,0.0
27993,2023.0,7.0,14.0,9.0,19.723654,19.811327,20.093931,20.955385,20.059307,20.44405,19.366688,19.224749,20.023628,20.503315,20.128595,21.10384,20.485292,20.376457,19.569618,19.498394,19.640244,20.39721,0.0,4.0,0.0,0.0,0.0,0.0,0.0,4.0
27994,2023.0,7.0,14.0,9.0,20.405624,21.120228,19.792387,20.237282,19.721697,19.676985,19.891197,20.292852,19.4646,19.407177,19.39694,19.521732,20.892618,21.33505,20.55673,21.389685,20.049278,20.882797,4.0,0.0,4.0,0.0,0.0,4.0,4.0,0.0
27995,2023.0,7.0,14.0,9.0,19.93485,20.022753,20.074457,20.793879,20.058699,20.46184,20.090593,20.52248,19.159369,19.0225,19.372152,19.66374,21.098644,21.581816,20.80268,21.520277,19.249178,19.23412,0.0,4.0,4.0,0.0,4.0,4.0,4.0,0.0
27996,2023.0,7.0,14.0,10.0,19.621233,19.625174,19.367296,19.362703,19.683151,19.634064,19.564093,19.515633,19.053392,18.911575,20.094482,20.88214,21.142149,21.625975,20.865244,21.577295,19.741962,20.392992,0.0,0.0,0.0,0.0,0.0,4.0,4.0,4.0
27997,2023.0,7.0,14.0,10.0,20.224642,20.828184,18.982311,18.862753,20.044933,20.466515,19.285458,19.159138,19.054441,18.982244,19.667128,19.91365,21.17658,21.661285,20.941376,21.651205,20.042816,20.759277,0.0,4.0,0.0,0.0,4.0,4.0,4.0,0.0
27998,2023.0,7.0,14.0,10.0,19.824656,19.903732,18.945345,18.89332,19.66041,19.616903,19.832504,20.259853,19.037043,18.974628,20.089468,20.753323,21.207825,21.69309,20.131622,20.073046,19.309828,19.274954,0.0,0.0,4.0,0.0,0.0,4.0,0.0,0.0
27999,2023.0,7.0,14.0,10.0,20.241062,20.845045,19.354094,19.70022,20.019234,20.440931,19.478315,19.44532,19.004057,18.943487,19.432789,19.405384,20.573864,20.476063,19.761892,19.617256,18.978235,18.869339,4.0,4.0,0.0,0.0,0.0,0.0,0.0,0.0
28000,2023.0,7.0,14.0,10.0,20.370014,20.976267,20.078255,20.91326,19.589155,19.549025,19.267815,19.145123,18.978466,18.917685,19.2357,19.157364,20.336067,20.140263,19.65733,19.50504,18.950243,18.889256,4.0,0.0,0.0,0.0,0.0,0.0,0.0,0.0
28001,2023.0,7.0,14.0,10.0,19.832512,19.923834,20.020514,20.714308,19.957977,20.384647,19.179892,19.0582,19.669823,20.244907,19.168106,19.092201,20.234518,20.040417,19.585371,19.437729,19.802328,20.536623,0.0,4.0,0.0,4.0,0.0,0.0,0.0,4.0
28002,2023.0,7.0,14.0,11.0,19.571568,19.594347,19.354868,19.36992,19.592966,19.56179,19.19324,19.147629,20.03924,20.714735,19.110548,19.03551,20.16559,19.975353,19.52858,19.384266,20.026848,20.719324,0.0,0.0,0.0,0.0,0.0,0.0,0.0,0.0
28003,2023.0,7.0,14.0,11.0,19.491772,19.507038,18.98593,18.883865,19.326433,19.210705,19.18109,19.149271,19.3754,19.349533,19.057232,18.984886,20.193764,20.097837,19.541527,19.467169,19.32472,19.302158,0.0,0.0,0.0,0.0,0.0,0.0,0.0,0.0
28004,2023.0,7.0,14.0,11.0,20.150183,20.783388,18.958952,18.910673,19.898571,20.336737,19.151943,19.121431,19.788198,20.26115,19.367289,19.626741,20.16791,20.09298,19.51279,19.453722,19.05735,18.945137,0.0,4.0,0.0,4.0,4.0,0.0,0.0,0.0
28005,2023.0,7.0,14.0,11.0,20.290468,20.909363,19.368267,19.717134,20.042015,20.494305,19.12282,19.093288,20.013035,20.584522,20.080637,20.847897,20.121107,20.054773,19.46933,19.417572,19.80396,20.45447,4.0,4.0,0.0,4.0,4.0,0.0,0.0,4.0
28006,2023.0,7.0,14.0,11.0,19.722775,19.787512,20.093988,20.92211,20.089579,20.535524,19.092775,19.063187,19.996185,20.511591,20.019459,20.657999,20.072329,20.011412,19.423872,19.376913,20.033081,20.704634,0.0,4.0,0.0,4.0,0.0,0.0,0.0,0.0
28007,2023.0,7.0,14.0,11.0,19.491905,19.513817,19.442648,19.565668,19.579683,19.546001,19.065876,19.036882,20.008043,20.507437,19.360657,19.335379,20.029057,19.973621,19.383373,19.341122,20.108505,20.767017,0.0,0.0,0.0,4.0,0.0,0.0,0.0,4.0
28008,2023.0,7.0,14.0,12.0,19.431118,19.446312,19.155,19.134653,19.994375,20.421127,19.724842,20.294968,20.028042,20.555521,19.08439,18.952663,19.99309,19.941,19.349768,19.310486,20.01645,20.602478,0.0,4.0,4.0,0.0,0.0,0.0,0.0,0.0
28009,2023.0,7.0,14.0,12.0,21.20784,22.639524,19.042227,19.009748,21.12434,22.28908,21.176384,22.68589,19.43297,19.389732,19.391434,19.642948,21.179506,22.063831,21.365852,22.851189,19.366154,19.334457,0.0,4.0,0.0,0.0,4.0,0.0,4.0,0.0
28010,2023.0,7.0,14.0,12.0,21.000177,22.059473,18.963526,18.923698,20.999508,21.919489,20.994898,22.110195,19.81114,20.314157,20.087576,20.81468,21.055866,21.705477,20.977432,21.954302,19.021265,18.907757,0.0,4.0,4.0,4.0,0.0,4.0,4.0,0.0
28011,2023.0,7.0,14.0,12.0,21.028664,22.01431,19.360023,19.717167,21.01534,21.869013,21.020185,22.038914,20.03403,20.591702,19.77969,20.118818,21.027721,21.632782,21.044437,22.001715,18.898766,18.781727,4.0,4.0,4.0,0.0,4.0,0.0,0.0,0.0
28012,2023.0,7.0,14.0,12.0,20.997557,21.86479,20.095142,20.932188,21.038876,21.878431,21.016773,21.950489,19.378576,19.28857,20.055578,20.656464,21.024448,21.571793,21.031935,21.888206,18.88566,18.83855,0.0,0.0,4.0,0.0,4.0,0.0,0.0,0.0
28013,2023.0,7.0,14.0,12.0,21.010262,21.83735,19.415705,19.513184,21.007416,21.747261,21.042404,21.963028,19.07244,18.932962,20.023201,20.560362,21.024487,21.530724,21.032467,21.822668,18.849323,18.806868,0.0,4.0,0.0,0.0,0.0,0.0,0.0,0.0
28014,2023.0,7.0,14.0,13.0,21.007278,21.797777,19.498562,19.86948,21.012518,21.725609,21.035395,21.8994,19.048647,18.990519,19.682451,19.847305,21.017498,21.498295,21.031134,21.770372,18.799725,18.75744,4.0,4.0,0.0,0.0,4.0,0.0,0.0,0.0
28015,2023.0,7.0,14.0,13.0,21.035915,21.848877,20.071207,20.792953,21.011656,21.700762,21.03582,21.860245,19.013618,18.962011,20.085222,20.664146,21.018211,21.484444,21.025202,21.732433,18.75824,18.718445,4.0,4.0,0.0,0.0,0.0,0.0,0.0,0.0
28016,2023.0,7.0,14.0,13.0,21.028994,21.808907,20.022388,20.64246,21.01145,21.682539,21.002499,21.757456,18.965807,18.917686,19.415276,19.326248,21.018036,21.472181,21.025925,21.712807,18.720306,18.679398,0.0,4.0,4.0,0.0,0.0,0.0,0.0,0.0
28017,2023.0,7.0,14.0,13.0,21.029177,21.786337,19.358559,19.31821,21.011147,21.667414,21.04168,21.833069,18.922625,18.876621,19.526587,19.781076,21.227423,21.837812,21.02526,21.69473,18.686861,18.645796,0.0,4.0,0.0,0.0,4.0,4.0,0.0,0.0
28018,2023.0,7.0,14.0,13.0,20.999973,21.690033,18.976782,18.811518,21.03747,21.727,21.03351,21.79524,18.88215,18.834024,20.079813,20.702517,20.991611,21.374096,21.024424,21.679415,18.657791,18.616581,0.0,0.0,0.0,0.0,0.0,0.0,0.0,0.0
28019,2023.0,7.0,14.0,13.0,21.006691,21.695461,18.959135,18.884808,21.030764,21.696423,21.034288,21.777466,18.847708,18.800306,19.491688,19.515692,21.025887,21.433882,21.02499,21.66907,18.632746,18.592085,0.0,0.0,0.0,0.0,0.0,0.0,0.0,0.0
28020,2023.0,7.0,14.0,14.0,21.034824,21.767378,18.9329,18.874037,21.030487,21.679792,21.026175,21.759918,18.816357,18.76832,19.546713,19.809788,21.021872,21.418266,21.275135,22.100523,18.609718,18.568773,0.0,0.0,0.0,0.0,4.0,0.0,4.0,0.0
28021,2023.0,7.0,14.0,14.0,20.876778,21.420078,18.88808,18.832758,20.942123,21.479313,20.85811,21.404287,18.790298,18.743465,20.082563,20.708595,20.563557,20.539883,20.345493,20.259142,18.59024,18.550104,0.0,4.0,4.0,0.0,0.0,0.0,0.0,0.0
28022,2023.0,7.0,14.0,14.0,20.801266,21.333872,18.844328,18.788261,20.731752,21.103539,20.209816,20.25783,18.76535,18.718092,19.394554,19.314653,21.08519,21.689753,19.90069,19.733992,18.57149,18.531015,0.0,4.0,0.0,0.0,0.0,4.0,0.0,0.0
28023,2023.0,7.0,14.0,14.0,20.216179,20.254229,19.246243,19.566975,20.137941,20.040695,19.808657,19.636736,18.74534,18.697468,19.211193,19.127815,20.415398,20.300451,20.716955,21.38551,18.555876,18.514936,4.0,0.0,0.0,0.0,0.0,0.0,4.0,0.0
28024,2023.0,7.0,14.0,14.0,20.618458,21.150833,20.109594,21.037779,20.46158,20.78947,19.628721,19.431404,18.726057,18.677576,19.152977,19.08331,20.160217,19.954922,20.030281,19.938778,18.540169,18.49882,0.0,4.0,0.0,0.0,0.0,0.0,0.0,0.0
28025,2023.0,7.0,14.0,14.0,20.164917,20.20528,19.399107,19.5266,20.574629,20.938194,19.609255,19.526697,18.706448,18.657793,19.079943,19.01546,20.05722,19.854576,19.670858,19.51304,18.522982,18.481277,0.0,4.0,0.0,0.0,0.0,0.0,0.0,0.0
28026,2023.0,7.0,14.0,15.0,19.91329,19.866941,19.506199,19.834482,20.559862,20.92237,20.222683,20.736965,18.690237,18.640934,19.382145,19.631012,20.851257,21.436138,19.572632,19.409033,18.507698,18.465351,4.0,4.0,4.0,0.0,4.0,4.0,0.0,0.0
28027,2023.0,7.0,14.0,15.0,19.80423,19.758242,20.060251,20.780998,20.547592,20.914106,20.23129,20.633224,18.6756,18.627123,20.094183,20.849957,20.235712,20.112265,19.506031,19.348333,18.494286,18.452667,4.0,4.0,4.0,0.0,0.0,0.0,0.0,0.0
28028,2023.0,7.0,14.0,15.0,19.824425,19.89411,20.023403,20.64974,19.995558,19.89987,19.651505,19.568497,18.660776,18.613537,19.447144,19.493883,20.67303,21.141655,19.527529,19.461308,18.481468,18.440956,0.0,0.0,0.0,0.0,0.0,4.0,0.0,0.0
28029,2023.0,7.0,14.0,15.0,19.807482,19.901356,19.697603,19.94773,20.317928,20.692808,20.012348,20.418598,18.646935,18.600822,19.11515,19.064503,20.868746,21.331554,19.509268,19.4522,18.469084,18.42946,4.0,4.0,4.0,0.0,0.0,4.0,0.0,0.0
28030,2023.0,7.0,14.0,15.0,20.48963,21.224056,20.058432,20.621855,20.403858,20.791985,19.556631,19.488842,18.63588,18.590914,19.041014,18.984415,20.242792,20.111439,19.47552,19.420359,18.459084,18.42053,4.0,4.0,0.0,0.0,0.0,0.0,0.0,0.0
28031,2023.0,7.0,14.0,15.0,20.556498,21.127808,20.00384,20.491606,20.420124,20.808521,19.282022,19.13456,18.624899,18.581161,19.368528,19.656496,20.715113,21.188768,19.438,19.384417,19.290781,19.996923,4.0,4.0,0.0,0.0,4.0,4.0,0.0,4.0
28032,2023.0,7.0,14.0,16.0,19.945667,19.988638,20.010166,20.48671,20.43626,20.82737,19.195024,19.042786,19.297907,19.856867,20.093014,20.850477,20.905975,21.376093,19.403442,19.350863,20.104914,21.183155,4.0,4.0,0.0,4.0,0.0,4.0,0.0,0.0
28033,2023.0,7.0,14.0,16.0,20.363647,20.947775,20.026985,20.521158,20.450226,20.84564,19.227917,19.165726,20.096048,21.060995,19.460678,19.525578,20.955513,21.426987,19.373936,19.323652,19.132242,19.141937,0.0,4.0,0.0,0.0,0.0,4.0,0.0,0.0
28034,2023.0,7.0,14.0,16.0,19.963812,20.048113,19.820225,20.086018,20.463434,20.86355,19.228891,19.186396,19.230324,19.232443,19.44446,19.682886,20.3429,20.237856,19.347729,19.29934,18.72698,18.647379,4.0,4.0,0.0,0.0,4.0,0.0,0.0,0.0
28035,2023.0,7.0,14.0,16.0,20.434593,21.03817,20.038769,20.502178,20.475107,20.880304,19.205917,19.167557,18.939854,18.82945,20.07318,20.756098,20.130426,19.956926,19.32713,19.280155,18.698015,18.66158,4.0,4.0,0.0,0.0,4.0,0.0,0.0,0.0
28036,2023.0,7.0,14.0,16.0,20.581287,21.164547,20.003458,20.427422,20.486933,20.896618,19.85058,20.405472,18.91251,18.866291,20.019281,20.582932,20.049078,19.884867,20.247189,21.033459,18.666317,18.635042,4.0,4.0,4.0,0.0,0.0,0.0,4.0,0.0
28037,2023.0,7.0,14.0,16.0,20.022978,20.100138,20.025787,20.482208,20.499668,20.9141,19.524158,19.5901,18.88478,18.849503,19.73182,19.9528,19.989826,19.834661,19.673916,19.626108,18.630478,18.601267,0.0,4.0,0.0,0.0,4.0,0.0,0.0,0.0
28038,2023.0,7.0,14.0,17.0,20.418205,21.015966,19.512854,19.488976,20.512083,20.931128,19.199913,19.116491,18.8489,18.81823,20.073658,20.637114,20.78061,21.3948,19.378014,19.283878,18.600182,18.572807,0.0,4.0,0.0,0.0,0.0,4.0,0.0,0.0
28039,2023.0,7.0,14.0,17.0,20.58259,21.17691,19.710913,20.04702,20.520311,20.939522,19.101597,18.998636,18.814692,18.783188,19.472687,19.427046,20.273157,20.195312,19.305365,19.20711,19.410627,20.122812,4.0,4.0,0.0,0.0,0.0,0.0,0.0,4.0
28040,2023.0,7.0,14.0,17.0,20.610676,21.199583,20.046658,20.620924,20.525915,20.945127,19.128061,19.090109,18.789053,18.75669,19.302418,19.24514,20.06592,19.91503,19.266693,19.168997,20.099316,21.190386,0.0,4.0,0.0,0.0,0.0,0.0,0.0,0.0
28041,2023.0,7.0,14.0,17.0,20.060802,20.14933,19.572079,19.661354,20.531164,20.95008,19.123878,19.096064,18.764729,18.733437,19.233133,19.185469,20.703276,21.190315,19.287148,19.246248,19.150375,19.184803,0.0,4.0,0.0,0.0,0.0,4.0,0.0,0.0
28042,2023.0,7.0,14.0,17.0,20.512669,21.114676,19.765736,20.115673,19.989002,19.935392,19.104774,19.078003,18.745552,18.713877,19.536198,19.808718,20.188787,20.095724,19.277306,19.237003,18.854975,18.774336,4.0,0.0,0.0,0.0,4.0,0.0,0.0,0.0
28043,2023.0,7.0,14.0,17.0,20.021715,20.109928,20.04556,20.591608,19.758453,19.62128,19.085289,19.059357,18.727964,18.696524,20.055202,20.674845,20.016611,19.870052,19.259085,19.219011,19.708569,20.46811,0.0,0.0,0.0,0.0,4.0,0.0,0.0,4.0
28044,2023.0,7.0,14.0,18.0,19.757624,19.789581,19.476963,19.453218,20.276102,20.690382,19.06541,19.039566,18.709156,18.67799,20.002699,20.501152,19.950233,19.806131,19.239136,19.199202,20.004591,20.745281,0.0,4.0,0.0,0.0,4.0,0.0,0.0,4.0
28045,2023.0,7.0,14.0,18.0,21.169523,22.356607,19.24703,19.213043,21.08253,21.987408,21.243835,22.930145,18.69244,18.662382,20.00934,20.470924,21.154114,21.969244,21.302128,22.760963,20.032522,20.763277,0.0,4.0,0.0,0.0,4.0,0.0,0.0,0.0
28046,2023.0,7.0,14.0,18.0,20.981133,21.842339,19.179493,19.145458,20.999022,21.73834,20.97774,22.143026,18.677794,18.64871,20.024635,20.485712,21.094025,21.736427,20.998777,22.041428,19.280691,19.255419,0.0,4.0,4.0,0.0,0.0,4.0,0.0,0.0
28047,2023.0,7.0,14.0,18.0,21.008566,21.820845,19.567072,19.921442,21.00936,21.704678,21.014853,22.076893,18.666988,18.63919,19.492678,19.436903,21.009432,21.518911,21.031986,21.98399,18.956491,18.877989,4.0,4.0,4.0,0.0,0.0,4.0,0.0,0.0
28048,2023.0,7.0,14.0,18.0,21.003496,21.764326,20.069557,20.7291,21.006796,21.663128,21.040495,22.046108,18.66131,18.634869,19.286198,19.239855,21.02853,21.552263,21.025307,21.88408,18.863922,18.78776,0.0,4.0,0.0,0.0,0.0,0.0,0.0,0.0
28049,2023.0,7.0,14.0,18.0,21.032154,21.809547,19.523151,19.60836,21.007101,21.637226,21.034365,21.957691,18.659502,18.634674,19.22405,19.180359,21.020811,21.496876,21.120392,21.956154,18.848576,18.816584,0.0,4.0,0.0,0.0,0.0,0.0,4.0,0.0
28050,2023.0,7.0,14.0,19.0,21.02549,21.765825,19.668451,20.042946,21.006433,21.616385,21.034039,21.900486,19.369822,19.976095,19.171474,19.13012,21.020805,21.465532,21.019655,21.74896,18.822569,18.795073,4.0,4.0,0.0,4.0,0.0,0.0,0.0,0.0
28051,2023.0,7.0,14.0,19.0,20.996174,21.663212,20.06204,20.671894,21.03282,21.67344,21.000435,21.782967,20.065477,20.948112,19.125883,19.08491,21.276373,21.913857,21.091461,21.808542,18.791945,18.766376,0.0,0.0,4.0,4.0,0.0,4.0,4.0,0.0
28052,2023.0,7.0,14.0,19.0,21.003252,21.66321,19.816313,20.116053,21.025728,21.64076,21.013058,21.778137,20.021496,20.765522,19.483742,19.795647,20.984,21.333185,21.021519,21.68565,18.765844,18.741571,4.0,0.0,4.0,0.0,4.0,0.0,0.0,0.0
28053,2023.0,7.0,14.0,19.0,21.030361,21.728668,20.04175,20.563137,21.025791,21.623974,21.010944,21.753448,19.934464,20.46333,20.065594,20.711767,21.188831,21.701408,21.14873,21.867668,18.744463,18.721878,4.0,0.0,4.0,4.0,4.0,4.0,4.0,0.0
28054,2023.0,7.0,14.0,19.0,21.023315,21.70021,20.00131,20.45469,21.011786,21.562147,21.03695,21.808264,20.009066,20.574,20.000751,20.501024,21.245647,21.752035,21.013077,21.621134,19.67917,20.512127,4.0,4.0,0.0,4.0,4.0,4.0,0.0,4.0
28055,2023.0,7.0,14.0,19.0,20.993769,21.607718,20.024233,20.495502,21.031954,21.623072,21.02936,21.771769,20.023264,20.549675,20.023314,20.504412,21.27338,21.781013,21.192764,21.918348,19.997715,20.769781,0.0,0.0,0.0,4.0,0.0,4.0,4.0,4.0
28056,2023.0,7.0,14.0,20.0,21.001917,21.61931,19.876076,20.166023,20.996021,21.521557,21.002577,21.678928,20.02388,20.547611,19.815027,20.035675,20.981775,21.269356,21.246548,21.960167,20.02752,20.758528,4.0,4.0,4.0,0.0,4.0,0.0,4.0,0.0
28057,2023.0,7.0,14.0,20.0,21.000292,21.613714,20.024567,20.465322,21.004644,21.534636,21.00959,21.681822,19.459251,19.42907,20.034853,20.466013,21.021446,21.35438,21.275894,21.988314,19.31348,19.304873,4.0,4.0,4.0,0.0,4.0,0.0,4.0,0.0
28058,2023.0,7.0,14.0,20.0,21.000563,21.611893,20.001144,20.40593,21.00379,21.531614,21.008667,21.672852,19.909222,20.472315,20.017668,20.41964,21.017675,21.350142,20.995836,21.510231,19.012005,18.953955,4.0,4.0,4.0,4.0,0.0,0.0,0.0,0.0
28059,2023.0,7.0,14.0,20.0,21.00029,21.608208,20.003859,20.402273,21.003733,21.53024,21.0346,21.738237,20.092718,20.622967,19.565434,19.52915,21.017872,21.351574,21.24551,21.963987,19.833519,20.581587,4.0,4.0,0.0,4.0,0.0,0.0,4.0,4.0
28060,2023.0,7.0,14.0,20.0,21.02835,21.68096,20.022114,20.446476,21.030516,21.601421,21.028025,21.711985,20.01177,20.477901,19.372278,19.335022,21.374233,22.019396,20.986155,21.478996,20.096647,20.788706,0.0,0.0,0.0,0.0,0.0,4.0,0.0,4.0
28061,2023.0,7.0,14.0,20.0,21.021034,21.656013,19.933475,20.243189,21.023584,21.578766,21.02837,21.69909,19.48887,19.448677,19.312044,19.27737,21.356249,21.872328,21.0292,21.56717,20.015566,20.618076,4.0,0.0,0.0,0.0,0.0,4.0,0.0,0.0
28062,2023.0,7.0,14.0,21.0,21.038872,21.649149,20.034237,20.465425,20.99764,21.497454,20.997072,21.614609,19.256834,19.190744,19.261173,19.229235,21.358961,21.87658,21.023802,21.55523,19.392496,19.373768,0.0,4.0,4.0,0.0,0.0,4.0,0.0,0.0
28063,2023.0,7.0,14.0,21.0,21.021757,21.640322,19.580818,19.579422,21.003187,21.506998,21.034388,21.70303,19.207624,19.176281,19.594355,19.89795,21.380423,21.897306,21.024002,21.551615,19.12356,19.067385,0.0,4.0,0.0,0.0,4.0,4.0,0.0,0.0
28064,2023.0,7.0,14.0,21.0,21.02171,21.63365,19.827951,20.199986,21.028803,21.578245,21.000837,21.606411,19.917866,20.56298,20.042667,20.587667,20.976286,21.18696,21.020042,21.54653,19.038836,18.983974,4.0,0.0,4.0,4.0,4.0,0.0,0.0,0.0
28065,2023.0,7.0,14.0,21.0,21.047728,21.645517,20.026867,20.49267,20.99561,21.485468,21.034107,21.689064,20.006668,20.531157,19.998545,20.438549,21.311731,21.840588,21.020584,21.547695,19.013103,18.990265,0.0,4.0,0.0,0.0,4.0,4.0,0.0,0.0
28066,2023.0,7.0,14.0,21.0,21.061945,21.666021,19.632765,19.710556,21.002806,21.49799,21.026821,21.666067,19.480854,19.470648,20.00497,20.408602,21.391668,21.9085,21.020151,21.54563,19.931044,20.763248,0.0,4.0,0.0,0.0,4.0,4.0,0.0,4.0
28067,2023.0,7.0,14.0,21.0,21.016117,21.606682,19.387136,19.380638,21.029186,21.569845,21.026733,21.655937,19.22382,19.159729,20.020737,20.424555,20.967821,21.161629,21.417847,22.269587,19.996716,20.625938,0.0,0.0,0.0,0.0,0.0,0.0,4.0,0.0
28068,2023.0,7.0,14.0,22.0,21.021606,21.614279,19.309538,19.29583,21.022404,21.548838,21.02185,21.646149,19.185308,19.157568,19.56761,19.527206,21.020657,21.285938,21.418472,22.129223,20.17919,20.87172,0.0,0.0,0.0,0.0,0.0,0.0,4.0,4.0
28069,2023.0,7.0,14.0,22.0,21.020618,21.606913,19.256542,19.241041,21.022675,21.540606,21.022215,21.644814,19.151913,19.127417,19.39123,19.356802,21.319687,21.84588,20.968132,21.368624,19.994667,20.498707,0.0,0.0,0.0,0.0,0.0,4.0,0.0,0.0
28070,2023.0,7.0,14.0,22.0,21.016531,21.601751,19.666864,20.049488,21.018042,21.5327,21.022112,21.641953,19.116348,19.093605,19.67126,19.937485,20.975662,21.18573,21.029211,21.502056,19.438623,19.400928,4.0,0.0,0.0,0.0,4.0,0.0,0.0,0.0
28071,2023.0,7.0,14.0,22.0,21.016205,21.602968,20.033058,20.58672,21.018494,21.533314,21.021807,21.638418,19.08482,19.06277,20.055452,20.552984,21.32027,21.848118,21.021698,21.492514,19.19979,19.136915,4.0,0.0,0.0,0.0,0.0,4.0,0.0,0.0
28072,2023.0,7.0,14.0,22.0,21.016626,21.60357,20.018177,20.519516,21.018446,21.532118,21.021935,21.635578,19.0586,19.037888,19.604013,19.631353,21.406513,21.922451,21.022387,21.494638,19.117077,19.056541,0.0,0.0,0.0,0.0,0.0,4.0,0.0,0.0
28073,2023.0,7.0,14.0,22.0,21.016289,21.602085,19.526253,19.531364,21.018347,21.530403,21.02181,21.632383,19.03589,19.016024,19.385843,19.359962,20.97056,21.146992,21.018139,21.492416,19.094496,19.069742,0.0,0.0,0.0,0.0,0.0,0.0,0.0,0.0
28074,2023.0,7.0,14.0,23.0,21.01649,21.60092,19.27503,19.210234,21.018194,21.528414,21.021547,21.629103,19.01634,18.997427,19.31579,19.285128,21.339422,21.864223,21.0185,21.495838,19.062746,19.04061,0.0,0.0,0.0,0.0,0.0,4.0,0.0,0.0
28075,2023.0,7.0,14.0,23.0,20.585999,20.77124,19.242338,19.218765,20.534492,20.595743,20.447163,20.520763,18.998287,18.97937,19.594662,19.850708,20.761593,20.684214,20.506153,20.509323,19.028847,19.008495,0.0,0.0,0.0,0.0,4.0,0.0,0.0,0.0
28076,2023.0,7.0,14.0,23.0,20.412045,20.544823,19.217104,19.19912,20.309696,20.279882,20.190464,20.168327,18.982676,18.962442,19.365206,19.358826,20.548092,20.399408,20.312872,20.263952,19.00185,18.980717,0.0,0.0,0.0,0.0,0.0,0.0,0.0,0.0
28077,2023.0,7.0,14.0,23.0,20.33088,20.463203,19.62647,19.993853,20.2117,20.177588,20.077976,20.052706,18.96783,18.947008,19.267466,19.234783,21.178062,21.672798,20.217852,20.170147,18.97701,18.956182,4.0,0.0,0.0,0.0,0.0,4.0,0.0,0.0
28078,2023.0,7.0,14.0,23.0,20.26407,20.392998,19.37118,19.43502,20.135416,20.099438,19.989746,19.962877,19.538656,20.031483,19.225607,19.190367,20.638945,20.554964,20.139984,20.092697,18.953362,18.932112,0.0,0.0,0.0,4.0,0.0,0.0,0.0,0.0
28079,2023.0,7.0,14.0,23.0,20.207792,20.334114,19.221313,19.206085,20.070585,20.03282,19.9151,19.886574,19.154547,19.167917,19.190508,19.154224,20.43975,20.286015,20.0729,20.025774,18.93081,18.908867,0.0,0.0,0.0,0.0,0.0,0.0,0.0,0.0
28080,2023.0,7.0,15.0,0.0,20.158812,20.282728,19.172503,19.148788,20.013653,19.97427,19.850002,19.819912,19.030714,19.003391,19.50095,19.765974,20.360884,20.204203,20.013664,19.966606,18.909504,18.886732,0.0,0.0,0.0,0.0,4.0,0.0,0.0,0.0
28081,2023.0,7.0,15.0,0.0,20.11582,20.23817,19.138472,19.112865,19.963709,19.923859,19.793552,19.76322,19.63402,20.169638,19.273994,19.273335,20.383053,20.312382,19.961393,19.915146,18.888508,18.863485,0.0,0.0,0.0,4.0,0.0,0.0,0.0,0.0
28082,2023.0,7.0,15.0,0.0,20.075949,20.195839,19.109112,19.0808,19.917236,19.875858,19.741589,19.70974,19.162346,19.12944,19.167332,19.12706,21.115402,21.733955,19.912954,19.866528,19.599531,20.218102,0.0,0.0,0.0,0.0,0.0,4.0,0.0,4.0
28083,2023.0,7.0,15.0,0.0,20.039438,20.156563,19.08256,19.051441,19.8744,19.831093,19.69408,19.660261,18.980999,18.879736,19.128439,19.0849,20.496538,20.414682,19.86818,19.821154,19.126076,19.157167,0.0,0.0,0.0,0.0,0.0,0.0,0.0,0.0
28084,2023.0,7.0,15.0,0.0,20.003405,20.11541,19.05559,19.01916,19.831596,19.782898,19.646986,19.6074,18.921795,18.81044,19.092047,19.043928,20.26644,20.085442,19.824402,19.774323,18.896774,18.799109,0.0,0.0,0.0,0.0,0.0,0.0,0.0,0.0
28085,2023.0,7.0,15.0,0.0,19.97385,20.085026,19.035042,18.998238,19.79804,19.750456,19.61032,19.572107,18.94417,18.895401,19.064283,19.017107,20.925749,21.397022,19.787104,19.736738,18.838915,18.740057,0.0,0.0,0.0,0.0,0.0,4.0,0.0,0.0
28086,2023.0,7.0,15.0,1.0,19.942268,20.048733,19.011244,18.969568,19.761055,19.708689,19.57002,19.52684,18.93553,18.893148,19.033375,18.982384,21.062191,21.53445,19.748589,19.694366,18.858353,18.820183,0.0,0.0,0.0,0.0,0.0,4.0,0.0,0.0
28087,2023.0,7.0,15.0,1.0,19.916313,20.021715,18.992918,18.950779,19.73193,19.680298,19.538143,19.496082,18.91575,18.874027,19.00684,18.954033,20.429575,20.294432,19.715717,19.66113,18.841387,18.802198,0.0,0.0,0.0,0.0,0.0,0.0,0.0,0.0
28088,2023.0,7.0,15.0,1.0,19.888525,19.98949,18.971476,18.924816,19.699575,19.643496,19.502857,19.456322,18.891531,18.844362,18.978025,18.920555,20.226185,20.018572,19.681696,19.623568,18.81804,18.775766,0.0,0.0,0.0,0.0,0.0,0.0,0.0,0.0
28089,2023.0,7.0,15.0,1.0,19.864576,19.963684,18.954096,18.906235,19.67276,19.616398,19.473879,19.427288,18.871231,18.82248,19.263386,19.475584,20.151213,19.944979,19.651873,19.592632,18.797209,18.753418,0.0,0.0,0.0,0.0,4.0,0.0,0.0,0.0
28090,2023.0,7.0,15.0,1.0,19.839796,19.935291,18.934692,18.882795,19.643848,19.583921,19.443058,19.392801,18.850473,18.798578,19.389122,19.647196,20.084057,19.873444,19.62193,19.559853,18.77601,18.729383,0.0,0.0,0.0,0.0,4.0,0.0,0.0,0.0
28091,2023.0,7.0,15.0,1.0,19.818436,19.9128,18.919426,18.866697,19.620058,19.560612,19.418072,19.368347,18.832663,18.779772,19.11137,19.090939,20.146229,20.05216,20.526257,21.285988,18.757647,18.710075,0.0,0.0,0.0,0.0,0.0,0.0,4.0,0.0
28092,2023.0,7.0,15.0,2.0,19.796032,19.887539,18.902676,18.846987,19.594843,19.533194,19.391693,19.339708,18.814175,18.7589,19.286852,19.472712,20.837965,21.376635,19.814695,19.727493,19.462736,20.051275,0.0,0.0,0.0,0.0,4.0,4.0,0.0,4.0
28093,2023.0,7.0,15.0,2.0,19.774357,19.8629,18.886469,18.827986,19.570705,19.506567,19.366375,19.311882,18.796322,18.738739,19.070118,19.01858,20.89487,21.334612,19.572224,19.394886,19.77748,20.473532,0.0,0.0,0.0,0.0,0.0,4.0,0.0,4.0
28094,2023.0,7.0,15.0,2.0,19.755152,19.842106,18.872133,18.812155,19.549427,19.484364,19.344313,19.288849,19.357319,19.805,18.984776,18.9172,20.938482,21.369822,19.502855,19.325142,19.035673,18.954874,0.0,0.0,0.0,4.0,0.0,4.0,0.0,0.0
28095,2023.0,7.0,15.0,2.0,19.736092,19.820642,18.85743,18.79534,19.52807,19.461199,19.32235,19.26499,18.988886,18.976187,18.944963,18.872791,20.299076,20.122362,19.446522,19.26719,18.813726,18.660812,0.0,0.0,0.0,0.0,0.0,0.0,0.0,0.0
28096,2023.0,7.0,15.0,2.0,19.716967,19.798294,18.841515,18.77599,19.505583,19.435392,19.299248,19.238499,18.85518,18.791122,18.908567,18.83198,20.091856,19.846415,19.514004,19.447445,18.737646,18.578344,0.0,0.0,0.0,0.0,0.0,0.0,0.0,0.0
28097,2023.0,7.0,15.0,2.0,19.699314,19.778646,18.827082,18.759602,19.484999,19.413307,19.278208,19.215937,18.82179,18.756174,18.878468,18.800123,20.013739,19.769203,19.498213,19.424768,18.785418,18.726976,0.0,0.0,0.0,0.0,0.0,0.0,0.0,0.0
28098,2023.0,7.0,15.0,3.0,19.681538,19.758736,18.812643,18.743212,19.464602,19.391428,19.257454,19.19368,18.793863,18.726698,18.850315,18.770214,20.10098,20.008436,19.475292,19.400398,18.76681,18.705677,0.0,0.0,0.0,0.0,0.0,0.0,0.0,0.0
28099,2023.0,7.0,15.0,3.0,19.663893,19.73899,18.79828,18.726913,19.444542,19.369894,19.237148,19.171865,18.77019,18.70142,18.823822,18.74199,20.079563,19.984758,19.452316,19.376028,18.741594,18.678944,0.0,0.0,0.0,0.0,0.0,0.0,0.0,0.0
28100,2023.0,7.0,15.0,3.0,19.647148,19.721018,18.78528,18.713413,19.426243,19.351728,19.218681,19.153524,19.333075,19.776962,19.096006,19.271473,20.04803,19.95343,19.430395,19.353794,18.718504,18.655525,0.0,0.0,0.0,4.0,4.0,0.0,0.0,0.0
28101,2023.0,7.0,15.0,3.0,19.629555,19.701088,18.770847,18.696787,19.406384,19.330105,19.198725,19.13176,18.943672,18.911196,18.89517,18.834763,20.01527,19.918787,19.407616,19.329445,18.695042,18.630335,0.0,0.0,0.0,0.0,0.0,0.0,0.0,0.0
28102,2023.0,7.0,15.0,3.0,19.611845,19.680508,18.755444,18.677956,19.38547,19.306137,19.177832,19.107752,18.701511,18.513226,18.806704,18.718946,19.982428,19.882925,19.384466,19.304028,18.671862,18.604696,0.0,0.0,0.0,0.0,0.0,0.0,0.0,0.0
28103,2023.0,7.0,15.0,3.0,19.61083,19.69323,18.742798,18.664726,19.367855,19.28861,19.1603,19.090258,18.629484,18.436684,18.7771,18.689993,19.954067,19.854792,19.36362,19.282942,19.380596,19.956495,0.0,0.0,0.0,0.0,0.0,0.0,0.0,4.0
28104,2023.0,7.0,15.0,4.0,19.599058,19.681025,18.728336,18.648077,19.348494,19.267426,19.141172,19.069212,18.689396,18.605528,18.747108,18.657948,19.924812,19.823765,19.341738,19.259523,18.89887,18.884003,0.0,0.0,0.0,0.0,0.0,0.0,0.0,0.0
28105,2023.0,7.0,15.0,4.0,19.584639,19.665283,18.714422,18.632715,19.329643,19.247149,19.122765,19.049229,18.691343,18.61383,18.719398,18.628153,19.896738,19.794115,19.320532,19.23724,18.63558,18.456572,0.0,0.0,0.0,0.0,0.0,0.0,0.0,0.0
28106,2023.0,7.0,15.0,4.0,19.571024,19.651217,18.702274,18.620625,19.312822,19.230501,19.106369,19.032883,18.67306,18.595387,18.695503,18.604227,19.871595,19.768965,19.301025,19.217688,18.561417,18.379816,0.0,0.0,0.0,0.0,0.0,0.0,0.0,0.0
28107,2023.0,7.0,15.0,4.0,19.557268,19.636961,18.691027,18.610195,19.297113,19.215841,19.090952,19.018444,18.655878,18.578676,18.983082,19.163057,19.84842,19.746561,19.282604,19.199738,18.623655,18.554316,0.0,0.0,0.0,0.0,4.0,0.0,0.0,0.0
28108,2023.0,7.0,15.0,4.0,19.543571,19.622988,18.679558,18.599072,19.281158,19.200497,19.07526,19.00332,19.215288,19.644032,18.782196,18.72389,19.826128,19.724817,19.26465,19.182175,19.344473,19.917707,0.0,0.0,0.0,4.0,0.0,0.0,0.0,4.0
28109,2023.0,7.0,15.0,4.0,19.529669,19.608448,18.667946,18.587349,19.264864,19.184307,19.059446,18.987482,18.85339,18.830317,18.691608,18.602041,19.804306,19.702978,19.246813,19.164312,18.757359,18.635214,0.0,0.0,0.0,0.0,0.0,0.0,0.0,0.0
28110,2023.0,7.0,15.0,5.0,20.195465,20.87003,18.656294,18.575514,19.248573,19.16799,19.04383,18.971663,18.716276,18.639961,18.663767,18.573618,19.783367,19.681927,19.229412,19.14681,18.567396,18.38768,0.0,0.0,0.0,0.0,0.0,0.0,0.0,0.0
28111,2023.0,7.0,15.0,5.0,20.38745,21.078215,18.647518,18.569574,19.909332,20.424232,19.030985,18.96148,18.685272,18.610361,18.64193,18.554268,19.76596,19.666853,19.214752,19.134243,19.267815,19.758879,0.0,4.0,0.0,0.0,0.0,0.0,0.0,4.0
28112,2023.0,7.0,15.0,5.0,19.71832,19.726456,18.639906,18.56537,19.52581,19.555315,19.019178,18.952694,18.662666,18.58992,18.916359,19.084696,19.750883,19.654266,19.20178,19.123482,18.754732,18.63625,0.0,0.0,0.0,0.0,4.0,0.0,0.0,0.0
28113,2023.0,7.0,15.0,5.0,19.498564,19.423433,19.075663,19.390894,19.203602,18.998497,19.007942,18.944412,18.645998,18.575493,18.738752,18.689238,19.737766,19.643711,19.19048,19.114452,19.336063,19.836546,4.0,0.0,0.0,0.0,0.0,0.0,0.0,4.0
28114,2023.0,7.0,15.0,5.0,19.432526,19.361523,18.845736,18.863222,19.755053,20.092083,18.997147,18.936508,18.632229,18.564133,18.655527,18.576534,20.434505,20.974976,19.180195,19.106485,18.812916,18.7053,0.0,4.0,0.0,0.0,0.0,4.0,0.0,0.0
28115,2023.0,7.0,15.0,5.0,19.390574,19.327919,18.712734,18.6545,19.91303,20.27745,18.986645,18.928877,18.620724,18.555058,18.636646,18.559977,19.83908,19.690327,19.170927,19.099552,18.635603,18.479927,0.0,4.0,0.0,0.0,0.0,0.0,0.0,0.0
28116,2023.0,7.0,15.0,6.0,19.490818,19.567455,18.682238,18.620264,19.395239,19.262648,18.97605,18.921116,18.610981,18.54768,18.62214,18.548119,19.662285,19.449387,19.163076,19.094,18.584797,18.435133,0.0,0.0,0.0,0.0,0.0,0.0,0.0,0.0
28117,2023.0,7.0,15.0,6.0,21.17843,22.515049,18.665474,18.607273,21.196608,22.510017,21.240019,22.957027,18.603462,18.54307,18.611986,18.541279,21.200758,22.181774,21.267813,22.68756,18.633623,18.575752,0.0,4.0,0.0,0.0,0.0,0.0,4.0,0.0
28118,2023.0,7.0,15.0,6.0,21.00828,22.031,18.650803,18.595875,20.984394,21.922556,20.99229,22.217869,18.598122,18.540464,18.60309,18.535522,21.00062,21.714521,21.006113,22.067575,18.638632,18.58444,0.0,4.0,0.0,0.0,0.0,0.0,0.0,0.0
28119,2023.0,7.0,15.0,6.0,21.073631,22.036858,18.638577,18.58695,21.082499,22.02446,21.08384,22.230007,18.5957,18.5411,18.597282,18.53303,21.052134,21.72351,21.084452,22.065912,18.623907,18.573063,0.0,0.0,0.0,0.0,0.0,0.0,0.0,0.0
28120,2023.0,7.0,15.0,6.0,20.990103,21.79548,18.629047,18.581814,21.001308,21.761423,21.024843,22.018198,19.206348,19.695131,18.895575,19.097324,21.016531,21.594467,21.02638,21.857248,18.614397,18.566671,0.0,4.0,0.0,4.0,4.0,0.0,0.0,0.0
28121,2023.0,7.0,15.0,6.0,21.009523,21.784357,19.058521,19.396162,21.013468,21.736574,21.006523,21.892889,20.107937,21.09392,20.15749,21.21948,21.019823,21.556778,21.126432,21.943584,19.373234,20.008104,4.0,4.0,4.0,0.0,0.0,0.0,4.0,4.0
28122,2023.0,7.0,15.0,7.0,21.033558,21.820288,20.1302,21.170189,21.010983,21.697401,21.035498,21.926285,19.296389,19.358992,19.641912,20.004267,21.018686,21.520979,21.020481,21.724411,20.046062,20.933887,0.0,4.0,0.0,0.0,4.0,0.0,0.0,4.0
28123,2023.0,7.0,15.0,7.0,21.027615,21.777266,19.329315,19.452362,21.036451,21.742744,21.035877,21.874552,19.636189,20.214336,20.09712,20.895258,21.018137,21.493843,21.031502,21.709122,19.991655,20.700964,0.0,0.0,0.0,4.0,0.0,0.0,0.0,4.0
28124,2023.0,7.0,15.0,7.0,21.027113,21.750956,19.335316,19.680275,21.003614,21.631382,21.034197,21.831097,20.05791,20.78773,19.755503,20.094597,21.228422,21.849829,21.028631,21.671728,20.033113,20.727493,4.0,4.0,0.0,0.0,4.0,4.0,0.0,0.0
28125,2023.0,7.0,15.0,7.0,21.020937,21.729801,20.103264,20.967915,21.009472,21.62771,21.027107,21.79914,19.316807,19.261593,20.069046,20.716213,20.996342,21.384912,21.02827,21.645248,20.09734,20.736158,0.0,4.0,0.0,0.0,0.0,0.0,0.0,4.0
28126,2023.0,7.0,15.0,7.0,21.02079,21.722212,19.668425,19.982172,21.008348,21.614923,21.001637,21.712591,18.994776,18.877556,19.41419,19.369623,21.125113,21.597702,21.022455,21.62294,20.016365,20.572857,4.0,4.0,4.0,0.0,0.0,4.0,0.0,0.0
28127,2023.0,7.0,15.0,7.0,21.020855,21.715689,20.09479,20.835241,21.007895,21.605654,21.032495,21.787743,18.981485,18.929369,19.085352,18.952044,21.179125,21.658485,21.315464,22.134941,19.385681,19.322641,0.0,4.0,0.0,0.0,0.0,4.0,4.0,0.0
28128,2023.0,7.0,15.0,8.0,21.020924,21.709887,19.398016,19.4124,21.007267,21.597174,21.006124,21.692848,18.965387,18.92086,19.43155,19.688635,21.003859,21.350616,20.98473,21.491331,19.108192,19.004162,0.0,4.0,4.0,0.0,4.0,0.0,0.0,0.0
28129,2023.0,7.0,15.0,8.0,20.474895,20.654366,19.537537,19.895123,20.306389,20.274841,20.738651,21.16861,18.937563,18.89665,20.0612,20.693398,20.50345,20.39066,20.336298,20.254848,19.020807,18.922955,4.0,0.0,4.0,0.0,4.0,0.0,0.0,0.0
28130,2023.0,7.0,15.0,8.0,20.829353,21.511683,20.048931,20.719254,20.538223,20.941582,20.090988,20.0529,18.913012,18.874727,20.00128,20.49936,20.268837,20.111576,20.019049,19.888021,19.901697,20.64685,4.0,4.0,0.0,0.0,4.0,0.0,0.0,4.0
28131,2023.0,7.0,15.0,8.0,20.999893,21.704002,20.021397,20.620068,20.130999,20.10114,19.764006,19.654266,18.892763,18.856947,20.024424,20.508484,20.182919,20.029392,20.838205,21.546553,20.156948,20.827135,0.0,0.0,0.0,0.0,0.0,0.0,4.0,4.0
28132,2023.0,7.0,15.0,8.0,20.90949,21.501726,19.444254,19.468405,19.831718,19.71984,19.634333,19.523888,18.877073,18.843847,19.511713,19.481333,20.953257,21.558935,20.253792,20.205061,20.007765,20.54293,0.0,0.0,0.0,0.0,0.0,4.0,0.0,0.0
28133,2023.0,7.0,15.0,8.0,20.89769,21.500866,19.536644,19.822948,19.723988,19.610128,20.277853,20.824003,19.57758,20.177275,19.293777,19.244793,20.459644,20.40387,19.91677,19.807837,19.439333,19.416433,4.0,0.0,4.0,4.0,0.0,0.0,0.0,0.0
28134,2023.0,7.0,15.0,9.0,20.31106,20.397902,20.081366,20.770388,19.730719,19.6867,20.347641,20.824108,20.063177,20.900465,19.245415,19.194826,20.252396,20.113081,19.827955,19.716576,19.240341,19.157427,0.0,0.0,4.0,0.0,0.0,0.0,0.0,0.0
28135,2023.0,7.0,15.0,9.0,20.055906,20.115988,19.47449,19.527176,20.363947,20.915813,20.35517,20.830679,19.347912,19.373379,19.207018,19.159689,20.184769,20.05234,19.813951,19.757685,19.160015,19.084286,0.0,4.0,4.0,0.0,0.0,0.0,0.0,0.0
28136,2023.0,7.0,15.0,9.0,20.629799,21.263191,19.69312,20.04994,20.44807,20.93878,20.385254,20.865917,19.130054,19.063725,19.18688,19.140093,20.947853,21.54351,20.776833,21.605146,19.14478,19.10117,4.0,4.0,4.0,0.0,0.0,4.0,4.0,0.0
28137,2023.0,7.0,15.0,9.0,20.759151,21.399754,20.047073,20.662397,20.471874,20.953865,20.411156,20.897747,19.107124,19.064693,19.172747,19.126202,20.43712,20.421553,20.110826,20.127708,19.1236,19.08534,0.0,4.0,4.0,0.0,0.0,0.0,0.0,0.0
28138,2023.0,7.0,15.0,9.0,20.228863,20.376715,19.55925,19.674421,19.98014,20.005686,20.435934,20.928091,19.787987,20.367397,19.162436,19.116276,20.18032,20.074392,19.784286,19.708183,19.978737,20.723322,0.0,0.0,4.0,4.0,0.0,0.0,0.0,4.0
28139,2023.0,7.0,15.0,9.0,20.704832,21.377619,19.76287,20.150414,20.398647,20.890278,20.457401,20.95596,20.032333,20.675964,19.161304,19.114574,20.143442,20.032927,19.732206,19.649298,20.00487,20.618711,4.0,4.0,4.0,0.0,0.0,0.0,0.0,0.0
28140,2023.0,7.0,15.0,10.0,20.840187,21.483809,20.040657,20.597277,20.01515,20.050016,19.937134,19.972557,19.487574,19.523336,19.161716,19.115168,20.931229,21.551853,19.707537,19.629345,19.469799,19.497507,0.0,0.0,0.0,0.0,0.0,4.0,0.0,0.0
28141,2023.0,7.0,15.0,10.0,20.862133,21.505768,19.56234,19.645636,20.363935,20.86092,19.670584,19.644926,19.242569,19.199219,19.164286,19.117022,21.161966,21.742725,20.705713,21.537352,19.235514,19.194672,0.0,4.0,0.0,0.0,0.0,4.0,4.0,0.0
28142,2023.0,7.0,15.0,10.0,20.322824,20.479362,19.364342,19.37537,19.95946,20.01767,20.212612,20.724844,19.209778,19.166536,19.170567,19.122372,20.579765,20.58169,20.08891,20.13758,19.197859,19.157866,0.0,0.0,4.0,0.0,0.0,0.0,0.0,0.0
28143,2023.0,7.0,15.0,10.0,20.795584,21.485117,19.291374,19.301336,19.760199,19.731049,19.804544,19.862707,19.198145,19.15491,19.178225,19.129356,20.384537,20.280245,19.859257,19.787598,19.179413,19.139277,0.0,0.0,0.0,0.0,0.0,0.0,0.0,0.0
28144,2023.0,7.0,15.0,10.0,20.312632,20.489603,19.237186,19.249737,19.699217,19.673115,20.253576,20.795677,19.189848,19.146114,19.187164,19.13748,21.057518,21.597351,19.811493,19.737955,19.165699,19.12515,0.0,0.0,4.0,0.0,0.0,4.0,0.0,0.0
28145,2023.0,7.0,15.0,10.0,20.78947,21.49453,19.633228,20.033205,19.675272,19.674158,19.819128,19.888683,19.185179,19.14108,19.196844,19.146505,20.59237,20.598595,19.78644,19.716238,19.156015,19.11524,4.0,0.0,0.0,0.0,0.0,0.0,0.0,0.0
28146,2023.0,7.0,15.0,11.0,20.321096,20.52094,20.054396,20.732246,19.646849,19.652666,19.634157,19.636389,19.182928,19.138763,19.207354,19.156727,20.418781,20.324823,20.772902,21.599403,19.14929,19.108635,0.0,0.0,0.0,0.0,0.0,0.0,4.0,0.0
28147,2023.0,7.0,15.0,11.0,20.677498,21.349936,19.922783,20.377037,20.270897,20.85619,20.181908,20.729084,19.180376,19.136236,19.218826,19.167606,20.362825,20.265318,20.270672,20.332554,20.020807,20.761671,4.0,4.0,4.0,0.0,0.0,0.0,0.0,4.0
28148,2023.0,7.0,15.0,11.0,20.226004,20.406279,20.037472,20.588552,19.8821,19.989727,19.775642,19.859032,19.180847,19.136864,19.230469,19.17976,20.364555,20.294289,20.023037,19.958597,20.291317,21.059025,0.0,0.0,0.0,0.0,0.0,0.0,0.0,4.0
28149,2023.0,7.0,15.0,11.0,20.005482,20.14315,19.594137,19.705269,20.252724,20.813692,19.547998,19.575287,19.884321,20.464521,19.242102,19.191744,21.10203,21.707811,19.943304,19.877676,19.980412,20.432877,0.0,4.0,0.0,4.0,0.0,4.0,0.0,0.0
28150,2023.0,7.0,15.0,11.0,19.946432,20.083231,19.349373,19.390722,19.894161,19.979315,19.491169,19.516417,20.007172,20.498196,19.252628,19.203384,20.683603,20.710318,19.902187,19.839855,19.54268,19.549973,0.0,0.0,0.0,0.0,0.0,0.0,0.0,0.0
28151,2023.0,7.0,15.0,11.0,19.923353,20.077267,19.267004,19.299433,19.674429,19.703419,19.453465,19.477953,20.25794,20.884348,19.262154,19.214113,20.431934,20.356014,19.87948,19.825619,20.20711,20.917603,0.0,0.0,0.0,4.0,0.0,0.0,0.0,4.0
28152,2023.0,7.0,15.0,12.0,19.914906,20.085537,19.224485,19.255796,19.625452,19.65008,19.4263,19.451715,19.97091,20.32969,19.2707,19.224436,20.385975,20.304987,19.861284,19.809223,19.967577,20.389778,0.0,0.0,0.0,0.0,0.0,0.0,0.0,0.0
28153,2023.0,7.0,15.0,12.0,21.15322,22.285423,19.188276,19.225235,21.17763,22.442074,21.202122,22.636353,19.64073,19.664917,19.280031,19.235626,21.090498,21.564236,21.282072,22.321918,19.590355,19.619755,0.0,0.0,0.0,0.0,0.0,0.0,0.0,0.0
28154,2023.0,7.0,15.0,12.0,20.993088,21.85513,19.154305,19.19331,20.992384,21.916487,20.990627,22.030834,19.485342,19.466398,19.291836,19.25047,21.001957,21.36914,20.992807,21.680021,19.42198,19.405678,0.0,0.0,0.0,0.0,0.0,0.0,0.0,0.0
28155,2023.0,7.0,15.0,12.0,21.0242,21.84779,19.580353,20.020575,21.029585,21.893993,21.007524,21.931908,19.436285,19.39894,19.303709,19.264141,21.437834,22.150309,21.02464,21.673489,19.36811,19.33249,4.0,0.0,4.0,0.0,0.0,4.0,0.0,0.0
28156,2023.0,7.0,15.0,12.0,21.017944,21.78812,20.060678,20.769377,21.022093,21.813826,21.030464,21.928774,19.411098,19.373964,19.318253,19.281624,20.950977,21.174707,21.015797,21.603401,19.341887,19.307568,0.0,0.0,0.0,0.0,0.0,0.0,0.0,0.0
28157,2023.0,7.0,15.0,12.0,21.018694,21.756598,19.917536,20.384956,21.022411,21.769106,21.026495,21.864971,19.399296,19.365038,19.333044,19.298416,21.444168,22.099976,21.016518,21.566591,19.328722,19.297369,4.0,0.0,0.0,0.0,0.0,4.0,0.0,0.0
28158,2023.0,7.0,15.0,13.0,21.017006,21.730972,20.03957,20.626835,21.021507,21.734491,20.99893,21.74986,19.392082,19.360933,19.749516,20.075699,21.588041,22.233603,21.01587,21.537436,19.31998,19.29186,0.0,0.0,4.0,0.0,4.0,4.0,0.0,0.0
28159,2023.0,7.0,15.0,13.0,21.01754,21.714258,19.603563,19.74431,21.02147,21.709036,21.031607,21.809053,19.382826,19.350548,20.028286,20.455484,20.965418,21.104551,21.015976,21.514917,19.309526,19.280548,0.0,0.0,0.0,0.0,0.0,0.0,0.0,0.0
28160,2023.0,7.0,15.0,13.0,21.017302,21.700369,19.368855,19.434004,20.994257,21.615833,21.024443,21.770153,19.372515,19.33905,19.66125,19.678074,21.016373,21.2188,21.01581,21.49733,19.298565,19.268768,0.0,4.0,0.0,0.0,0.0,0.0,0.0,0.0
28161,2023.0,7.0,15.0,13.0,21.017422,21.689518,19.286259,19.337322,21.026926,21.691662,21.023428,21.750134,19.362284,19.328112,19.511776,19.475363,21.008915,21.210505,21.547262,22.467957,19.287956,19.257746,0.0,0.0,0.0,0.0,0.0,0.0,4.0,0.0
28162,2023.0,7.0,15.0,13.0,21.017462,21.68031,19.234861,19.281717,21.022205,21.665539,21.023296,21.734787,19.351799,19.317162,19.479122,19.4388,21.00868,21.215824,20.936201,21.267649,19.27728,19.24682,0.0,0.0,0.0,0.0,0.0,0.0,0.0,0.0
28163,2023.0,7.0,15.0,13.0,21.017422,21.672152,19.643892,20.082458,20.996082,21.578428,21.022985,21.721449,19.341038,19.30595,19.461157,19.419363,21.008652,21.219896,21.026587,21.456615,19.266495,19.235798,4.0,4.0,0.0,0.0,0.0,0.0,0.0,0.0
28164,2023.0,7.0,15.0,14.0,21.159279,21.909204,20.05837,20.721601,21.029053,21.658035,21.022236,21.709291,19.3303,19.294807,19.444849,19.40155,21.008846,21.22357,21.014881,21.433872,19.25567,19.2247,0.0,0.0,0.0,0.0,0.0,0.0,0.0,0.0
28165,2023.0,7.0,15.0,14.0,21.159563,21.859482,19.582045,19.722515,20.457912,20.54738,20.415253,20.5315,19.321909,19.287783,19.432962,19.391207,20.74453,20.715605,20.556242,20.548576,19.246641,19.217117,0.0,0.0,0.0,0.0,0.0,0.0,0.0,0.0
28166,2023.0,7.0,15.0,14.0,21.167707,21.863207,19.378174,19.424612,20.883799,21.474459,20.16067,20.18921,19.31483,19.281792,19.423866,19.383135,20.65035,20.592865,20.395128,20.344639,19.23844,19.209957,0.0,4.0,0.0,0.0,0.0,0.0,0.0,0.0
28167,2023.0,7.0,15.0,14.0,20.621546,20.83363,19.312084,19.351568,20.412504,20.519117,20.046541,20.070335,19.307764,19.275991,19.414309,19.374949,20.608362,20.551937,21.28737,22.098537,19.229511,19.202168,0.0,0.0,0.0,0.0,0.0,0.0,4.0,0.0
28168,2023.0,7.0,15.0,14.0,21.047153,21.755596,19.266228,19.304615,20.17031,20.180025,19.960075,19.983133,19.300436,19.269787,19.404173,19.365973,20.57232,20.516916,20.648243,20.720783,19.219927,19.193518,0.0,0.0,0.0,0.0,0.0,0.0,0.0,0.0
28169,2023.0,7.0,15.0,14.0,21.124336,21.818808,19.675323,20.103514,20.074839,20.077776,19.887268,19.908813,19.293062,19.26311,19.39404,19.35647,20.540188,20.48519,20.375193,20.316092,19.210228,19.184303,4.0,0.0,0.0,0.0,0.0,0.0,0.0,0.0
28170,2023.0,7.0,15.0,15.0,21.13934,21.828566,20.03167,20.65884,20.011919,20.021965,20.493336,21.10347,19.286837,19.257374,19.384958,19.347723,20.512451,20.458448,20.287504,20.225637,19.201305,19.175781,4.0,0.0,4.0,0.0,0.0,0.0,0.0,0.0
28171,2023.0,7.0,15.0,15.0,21.162115,21.853123,19.996805,20.525196,20.602812,21.19101,20.682993,21.28823,19.28384,19.256958,19.37971,19.345398,21.234531,21.855423,20.229994,20.18134,19.195108,19.171873,4.0,4.0,4.0,0.0,0.0,4.0,0.0,0.0
28172,2023.0,7.0,15.0,15.0,20.612928,20.809528,20.019377,20.545828,20.250498,20.361668,20.136505,20.23392,19.283503,19.259224,19.378294,19.347021,21.466793,22.086054,20.181911,20.136835,19.191784,19.170818,0.0,0.0,0.0,0.0,0.0,4.0,0.0,0.0
28173,2023.0,7.0,15.0,15.0,20.98265,21.679531,19.62648,19.757936,19.988922,20.025217,20.50545,21.095972,19.283972,19.262075,19.738918,20.026878,20.880749,20.920446,20.141031,20.098915,19.189651,19.170843,0.0,0.0,4.0,0.0,4.0,0.0,0.0,0.0
28174,2023.0,7.0,15.0,15.0,20.523298,20.73681,19.475847,19.553741,19.926258,19.958452,20.06077,20.169792,19.28514,19.265512,20.03355,20.493324,21.39864,21.978176,20.111778,20.072144,19.188696,19.171942,0.0,0.0,0.0,0.0,0.0,4.0,0.0,0.0
28175,2023.0,7.0,15.0,15.0,20.297318,20.468182,19.386566,19.439594,20.535088,21.146025,19.826841,19.886414,19.285885,19.268633,19.713781,19.805819,20.95334,20.996283,20.082373,20.045895,19.187439,19.172874,0.0,4.0,0.0,0.0,0.0,0.0,0.0,0.0
28176,2023.0,7.0,15.0,16.0,20.241182,20.412006,19.338839,19.388002,20.132103,20.263504,19.773739,19.832825,19.983288,20.586073,19.567087,19.55831,20.759083,20.706995,20.059883,20.026333,19.186089,19.173876,0.0,0.0,0.0,4.0,0.0,0.0,0.0,0.0
28177,2023.0,7.0,15.0,16.0,20.858437,21.609049,19.737404,20.165462,19.944359,19.988537,19.715353,19.755615,20.000347,20.499235,19.521008,19.499456,20.685503,20.625782,20.036493,20.003372,19.181429,19.168858,4.0,0.0,0.0,0.0,0.0,0.0,0.0,0.0
28178,2023.0,7.0,15.0,16.0,21.028135,21.73403,20.017134,20.554197,20.50216,21.089525,20.337666,20.96762,19.633055,19.720354,19.876043,20.192188,20.640884,20.59189,20.011356,19.978674,19.174877,19.161785,4.0,4.0,4.0,0.0,4.0,0.0,0.0,0.0
28179,2023.0,7.0,15.0,16.0,21.064213,21.763147,20.01543,20.52294,20.139843,20.24489,19.96652,20.075983,19.456066,19.472271,20.013666,20.354053,20.600622,20.553112,19.987635,19.955267,19.168116,19.154583,0.0,0.0,0.0,0.0,0.0,0.0,0.0,0.0
28180,2023.0,7.0,15.0,16.0,21.100592,21.795559,19.99376,20.423206,20.532494,21.12414,19.73251,19.78823,19.389563,19.375757,20.099464,20.467083,20.563372,20.51643,19.964758,19.932568,19.16067,19.146828,4.0,4.0,0.0,0.0,4.0,0.0,0.0,0.0
28181,2023.0,7.0,15.0,16.0,21.137526,21.839687,19.99863,20.418716,20.629328,21.195366,19.673422,19.71689,19.362846,19.34381,20.017765,20.292349,20.532726,20.48503,19.9445,19.911886,19.152674,19.138363,4.0,4.0,0.0,0.0,0.0,0.0,0.0,0.0
28182,2023.0,7.0,15.0,17.0,21.161358,21.855656,20.009438,20.424349,20.675463,21.234846,20.292463,20.91611,19.344788,19.327065,19.740086,19.763103,20.504242,20.459396,19.924921,19.894003,19.144,19.130243,4.0,4.0,4.0,0.0,0.0,0.0,0.0,0.0
28183,2023.0,7.0,15.0,17.0,20.62014,20.824856,20.020515,20.432587,20.712929,21.268187,19.880238,20.005838,19.33083,19.31392,19.624678,19.59998,21.226637,21.854263,19.907755,19.87823,19.135538,19.122637,4.0,4.0,0.0,0.0,0.0,4.0,0.0,0.0
28184,2023.0,7.0,15.0,17.0,20.420635,20.566004,20.014038,20.429781,20.205698,20.291204,19.693882,19.73422,19.317047,19.301298,19.582134,19.555552,20.721027,20.759727,19.890827,19.862837,19.127037,19.1152,0.0,0.0,0.0,0.0,0.0,0.0,0.0,0.0
28185,2023.0,7.0,15.0,17.0,20.985098,21.708805,19.684132,19.785744,19.960194,19.984592,19.634216,19.67268,19.30157,19.287434,19.544128,19.520046,21.222183,21.838348,19.871967,19.845709,19.117252,19.106697,0.0,0.0,0.0,0.0,0.0,4.0,0.0,0.0
28186,2023.0,7.0,15.0,17.0,20.51403,20.716537,19.96019,20.37352,19.889854,19.90559,19.59044,19.620626,19.287716,19.274902,19.51539,19.492895,20.69899,20.732813,19.854263,19.829489,19.107262,19.097918,4.0,0.0,0.0,0.0,0.0,0.0,0.0,0.0
28187,2023.0,7.0,15.0,17.0,20.970125,21.669916,20.009655,20.43748,19.846905,19.86466,19.55783,19.587074,19.274248,19.262882,19.488037,19.4673,20.520645,20.465824,20.818022,21.668226,19.096945,19.088873,0.0,0.0,0.0,0.0,0.0,0.0,4.0,0.0
28188,2023.0,7.0,15.0,18.0,21.118996,21.796982,19.681637,19.7861,19.805164,19.822834,19.527342,19.556446,19.95815,20.566278,19.459772,19.441345,20.455376,20.397297,20.290016,20.35534,19.085623,19.07853,0.0,0.0,0.0,4.0,0.0,0.0,0.0,0.0
28189,2023.0,7.0,15.0,18.0,21.007792,21.604599,19.5237,19.558086,21.154903,22.249813,21.1894,22.533253,20.202084,20.856499,19.435246,19.41621,21.082048,21.530275,21.838284,23.127743,19.073267,19.065035,0.0,0.0,0.0,4.0,0.0,0.0,4.0,0.0
28190,2023.0,7.0,15.0,18.0,21.134415,21.806894,19.44358,19.466894,20.976027,21.740913,20.975546,21.912094,19.987902,20.408342,19.780544,20.090204,21.004747,21.3658,20.951746,21.418228,19.059752,19.050003,0.0,4.0,4.0,0.0,4.0,0.0,0.0,0.0
28191,2023.0,7.0,15.0,18.0,21.000788,21.554846,19.837368,20.250801,21.029213,21.792301,21.007597,21.874393,19.594542,19.614534,20.030905,20.451418,21.01235,21.358547,21.028545,21.557926,19.047865,19.036963,4.0,0.0,4.0,0.0,0.0,0.0,0.0,0.0
28192,2023.0,7.0,15.0,18.0,21.019892,21.586191,20.00365,20.44371,21.023718,21.721651,21.007298,21.802435,19.415937,19.396118,19.693062,19.755228,21.011635,21.341537,21.019306,21.524576,19.975456,20.804163,4.0,0.0,4.0,0.0,0.0,0.0,0.0,4.0
28193,2023.0,7.0,15.0,18.0,21.016617,21.572496,20.017681,20.45453,21.02329,21.677721,21.032713,21.822676,19.35056,19.322546,19.896257,20.236885,21.414854,22.080631,21.020018,21.512423,19.986284,20.564255,0.0,0.0,0.0,0.0,4.0,4.0,0.0,0.0
28194,2023.0,7.0,15.0,19.0,21.014687,21.566786,19.622168,19.6663,21.020082,21.645243,21.026289,21.765951,19.317686,19.295103,20.017462,20.3864,20.959827,21.175701,21.017416,21.5011,19.451025,19.464817,0.0,0.0,0.0,0.0,0.0,0.0,0.0,0.0
28195,2023.0,7.0,15.0,19.0,21.015005,21.564613,19.84394,20.205877,21.014471,21.58341,20.999674,21.658283,19.286554,19.26325,20.03472,20.369595,21.02095,21.303362,21.01786,21.496353,19.233475,19.205927,4.0,4.0,4.0,0.0,4.0,0.0,0.0,0.0
28196,2023.0,7.0,15.0,19.0,21.030947,21.592424,20.005474,20.425468,21.005922,21.55625,21.055843,21.772856,19.256298,19.231668,20.028229,20.35358,21.027431,21.316343,21.036749,21.527454,19.180346,19.159084,4.0,4.0,0.0,0.0,0.0,0.0,0.0,0.0
28197,2023.0,7.0,15.0,19.0,21.22265,21.923914,20.017254,20.424906,21.028318,21.613184,21.022093,21.675808,19.937687,20.54102,19.680063,19.66971,21.009867,21.28759,21.015326,21.480146,20.079842,20.89471,0.0,0.0,0.0,4.0,0.0,0.0,0.0,4.0
28198,2023.0,7.0,15.0,19.0,21.310865,22.024212,19.60445,19.607908,21.022505,21.586084,20.999712,21.592533,20.233786,20.858095,19.888268,20.189724,21.012121,21.296188,21.017971,21.482653,19.971243,20.459723,0.0,0.0,4.0,4.0,4.0,0.0,0.0,0.0
28199,2023.0,7.0,15.0,19.0,21.214426,21.80223,19.437103,19.426725,21.022917,21.571808,21.005243,21.593098,19.980371,20.359459,20.020584,20.363693,21.011585,21.298342,21.017338,21.479187,20.297365,21.004631,0.0,0.0,4.0,0.0,0.0,0.0,0.0,4.0
28200,2023.0,7.0,15.0,20.0,20.99621,21.460733,19.377697,19.36389,21.01907,21.55954,21.031397,21.657568,19.538725,19.491722,19.680109,19.687136,21.012314,21.302174,21.018074,21.478455,19.976784,20.357807,0.0,0.0,0.0,0.0,0.0,0.0,0.0,0.0
28201,2023.0,7.0,15.0,20.0,21.021605,21.520313,19.327969,19.309374,21.01951,21.555159,20.999107,21.559404,19.33558,19.254618,19.492163,19.453407,21.012518,21.30496,21.018179,21.476963,19.51355,19.459736,0.0,0.0,4.0,0.0,0.0,0.0,0.0,0.0
28202,2023.0,7.0,15.0,20.0,21.01787,21.514868,19.28443,19.261179,21.019281,21.549625,21.032818,21.639135,19.257032,19.17114,19.796953,20.090647,21.012882,21.308167,21.01818,21.47588,19.300558,19.219887,0.0,0.0,0.0,0.0,4.0,0.0,0.0,0.0
28203,2023.0,7.0,15.0,20.0,21.133852,21.707462,19.695318,20.061754,21.019379,21.544867,21.02564,21.613317,19.24538,19.203123,20.033627,20.441936,21.0131,21.31068,21.455976,22.277456,19.259085,19.220552,4.0,0.0,0.0,0.0,0.0,0.0,4.0,0.0
28204,2023.0,7.0,15.0,20.0,21.003323,21.474522,20.042795,20.58388,21.065819,21.599873,21.000166,21.530565,19.975588,20.61249,19.63568,19.640022,21.013077,21.312033,20.95664,21.298384,19.217306,19.180431,0.0,4.0,4.0,4.0,0.0,0.0,0.0,0.0
28205,2023.0,7.0,15.0,20.0,21.112473,21.661982,19.585316,19.637447,21.077892,21.609818,21.005922,21.53838,19.998058,20.45025,19.424603,19.377254,21.01333,21.313084,21.030922,21.45735,19.171633,19.134228,0.0,4.0,4.0,0.0,0.0,0.0,0.0,0.0
28206,2023.0,7.0,15.0,21.0,21.00721,21.476606,19.774958,20.12285,20.994228,21.450035,21.03193,21.608084,19.485748,19.418102,19.350431,19.29774,21.35968,21.952318,21.021418,21.440504,20.064133,20.861729,4.0,4.0,0.0,0.0,0.0,4.0,0.0,4.0
28207,2023.0,7.0,15.0,21.0,21.02127,21.506907,20.01704,20.466585,21.004856,21.469496,20.999031,21.513298,19.233915,19.116463,19.293526,19.236979,20.957901,21.170708,21.01793,21.441536,20.245703,20.869991,4.0,4.0,4.0,0.0,0.0,0.0,0.0,4.0
28208,2023.0,7.0,15.0,21.0,21.114813,21.655876,20.002031,20.3958,21.029768,21.537085,21.006176,21.52314,19.22382,19.171602,19.667902,19.987726,21.023994,21.302364,21.482597,22.301737,19.993235,20.419153,4.0,0.0,4.0,0.0,4.0,0.0,4.0,0.0
28209,2023.0,7.0,15.0,21.0,21.12964,21.657497,20.00401,20.370974,21.023983,21.51465,21.005583,21.519247,19.20155,19.153728,20.051737,20.56595,21.01737,21.288437,20.952131,21.261837,20.272022,20.890213,4.0,0.0,4.0,0.0,0.0,0.0,0.0,4.0
28210,2023.0,7.0,15.0,21.0,21.007578,21.465868,20.003777,20.349873,21.02443,21.504501,21.032223,21.589293,19.163792,19.112339,19.55577,19.54005,21.013,21.28839,21.031136,21.433043,19.981174,20.316431,4.0,0.0,0.0,0.0,0.0,0.0,0.0,0.0
28211,2023.0,7.0,15.0,21.0,21.022064,21.498653,20.022888,20.387207,21.01793,21.494541,21.026024,21.5666,19.128819,19.075882,19.690788,19.947592,21.013346,21.294489,21.02145,21.418968,20.319294,20.928898,0.0,0.0,0.0,0.0,4.0,0.0,0.0,4.0
28212,2023.0,7.0,15.0,22.0,21.019545,21.493885,19.908262,20.12656,21.019064,21.497221,21.026861,21.557026,19.785782,20.340424,20.032982,20.467949,21.013617,21.298792,21.017805,21.423126,19.974987,20.256344,4.0,0.0,0.0,4.0,4.0,0.0,0.0,0.0
28213,2023.0,7.0,15.0,22.0,21.257395,21.93187,20.040947,20.408821,21.018955,21.496746,21.020044,21.546846,20.03192,20.560104,20.019981,20.406706,21.013647,21.301609,21.018673,21.431688,19.505535,19.368685,0.0,0.0,0.0,4.0,0.0,0.0,0.0,0.0
28214,2023.0,7.0,15.0,22.0,20.982288,21.399853,19.917501,20.126507,21.084843,21.593758,21.021004,21.549875,20.020855,20.494564,19.487312,19.344984,21.366964,21.957376,21.018057,21.435165,19.287527,19.13986,4.0,4.0,0.0,0.0,0.0,4.0,0.0,0.0
28215,2023.0,7.0,15.0,22.0,21.025047,21.49062,20.038593,20.390894,21.010735,21.475498,21.020952,21.550287,19.433735,19.312656,19.230852,19.051762,20.972845,21.177408,21.018278,21.4383,19.28053,19.219078,0.0,0.0,0.0,0.0,0.0,0.0,0.0,0.0
28216,2023.0,7.0,15.0,22.0,21.019722,21.480698,19.555042,19.443327,21.026888,21.496853,21.020988,21.550657,19.172731,19.019636,19.569117,19.78158,21.024084,21.286543,21.018147,21.439945,19.248075,19.192448,0.0,0.0,0.0,0.0,4.0,0.0,0.0,0.0
28217,2023.0,7.0,15.0,22.0,21.013737,21.481903,19.842363,20.153067,21.02461,21.482758,21.02108,21.55065,19.84483,20.374596,20.064781,20.564486,21.018217,21.27667,21.018497,21.441902,19.198696,19.142366,4.0,0.0,0.0,4.0,0.0,0.0,0.0,0.0
28218,2023.0,7.0,15.0,23.0,21.01463,21.491045,20.001076,20.349215,21.017439,21.47439,21.020708,21.549417,20.010708,20.48874,19.865393,20.100828,21.01275,21.278065,21.017982,21.442017,19.15268,19.09505,4.0,0.0,0.0,0.0,4.0,0.0,0.0,0.0
28219,2023.0,7.0,15.0,23.0,20.63259,20.761395,19.519167,19.415802,20.532661,20.545294,20.472176,20.493465,19.423141,19.298187,19.49503,19.449743,20.647892,20.583633,20.510622,20.465082,19.114798,19.05865,0.0,0.0,0.0,0.0,0.0,0.0,0.0,0.0
28220,2023.0,7.0,15.0,23.0,20.476038,20.559555,19.295853,19.092762,20.955841,21.451168,20.228945,20.16205,19.225811,19.058899,19.36007,19.285452,20.519854,20.431196,20.330748,20.251423,19.084251,19.02735,0.0,4.0,0.0,0.0,0.0,0.0,0.0,0.0
28221,2023.0,7.0,15.0,23.0,20.395876,20.476553,19.206167,18.994602,20.494762,20.519966,20.114475,20.040773,19.238512,19.163279,19.29923,19.222954,20.450811,20.360424,20.23625,20.15818,19.055077,18.997675,0.0,0.0,0.0,0.0,0.0,0.0,0.0,0.0
28222,2023.0,7.0,15.0,23.0,20.32937,20.406872,19.266037,19.177996,20.09236,19.857042,20.024261,19.946608,19.209967,19.14287,19.244642,19.165764,20.390009,20.29707,20.156425,20.077692,19.026798,18.967953,0.0,0.0,0.0,0.0,0.0,0.0,0.0,0.0
28223,2023.0,7.0,15.0,23.0,20.277637,20.35823,19.252953,19.17855,19.967445,19.73137,19.955395,19.882452,19.170778,19.105333,19.200815,19.1239,20.340593,20.249632,20.996338,21.718893,19.00192,18.943668,0.0,0.0,0.0,0.0,0.0,0.0,4.0,0.0
28224,2023.0,7.0,16.0,0.0,20.228624,20.309017,19.222485,19.149765,20.002846,19.893566,19.890911,19.818298,19.13262,19.066647,19.446764,19.618702,20.293697,20.2022,20.256096,20.14132,18.97722,18.918404,0.0,0.0,0.0,0.0,4.0,0.0,0.0,0.0
28225,2023.0,7.0,16.0,0.0,20.182722,20.261465,19.191244,19.117676,19.980366,19.894373,19.831398,19.75735,19.096537,19.02906,19.228626,19.15969,20.249815,20.15667,19.988762,19.792505,18.953093,18.893118,0.0,0.0,0.0,0.0,0.0,0.0,0.0,0.0
28226,2023.0,7.0,16.0,0.0,20.143286,20.223162,19.163557,19.090944,19.933542,19.850368,19.78091,19.708935,19.065052,18.99799,19.431461,19.604761,20.211689,20.11917,19.897276,19.705498,19.657883,20.239063,0.0,0.0,0.0,0.0,4.0,0.0,0.0,4.0
28227,2023.0,7.0,16.0,0.0,20.105307,20.18476,19.136488,19.063644,19.887465,19.804699,19.733114,19.661198,19.034786,18.967102,19.221815,19.166151,20.175278,20.082144,19.924067,19.837484,19.174435,19.161427,0.0,0.0,0.0,0.0,0.0,0.0,0.0,0.0
28228,2023.0,7.0,16.0,0.0,20.067505,20.143576,19.108927,19.033768,19.841297,19.755983,19.686354,19.61144,19.005142,18.935535,19.115206,19.032085,20.139912,20.044693,19.893526,19.811861,18.935108,18.788258,0.0,0.0,0.0,0.0,0.0,0.0,0.0,0.0
28229,2023.0,7.0,16.0,0.0,20.036509,20.114023,19.08716,19.014277,19.804544,19.723206,19.649403,19.578241,19.554518,19.989784,19.076445,18.996063,20.110237,20.016481,19.851725,19.772066,19.61884,20.135923,0.0,0.0,0.0,4.0,0.0,0.0,0.0,4.0
28230,2023.0,7.0,16.0,1.0,20.004711,20.080927,19.06371,18.990377,19.766302,19.684881,19.611046,19.539553,19.167213,19.132181,19.037754,18.956364,20.080173,19.98561,19.809536,19.729078,19.823664,20.358747,0.0,0.0,0.0,0.0,0.0,0.0,0.0,4.0
28231,2023.0,7.0,16.0,1.0,19.974844,20.049759,19.040854,18.966652,19.730354,19.64878,19.57534,19.50336,19.038242,18.96845,19.002922,18.920494,20.051615,19.95615,19.76981,19.68873,19.165056,19.047073,0.0,0.0,0.0,0.0,0.0,0.0,0.0,0.0
28232,2023.0,7.0,16.0,1.0,19.94408,20.015665,19.016039,18.938437,19.692972,19.608036,19.538368,19.4627,18.993761,18.919895,18.967466,18.881456,20.022396,19.924282,19.730007,19.646244,18.96716,18.800018,0.0,0.0,0.0,0.0,0.0,0.0,0.0,0.0
28233,2023.0,7.0,16.0,1.0,19.916096,19.98614,18.993904,18.915014,19.659891,19.574322,19.50553,19.429018,18.957796,18.882833,18.935926,18.848627,19.995602,19.896315,19.693697,19.609009,18.893787,18.727503,0.0,0.0,0.0,0.0,0.0,0.0,0.0,0.0
28234,2023.0,7.0,16.0,1.0,19.89005,19.959642,19.425024,19.741814,19.630322,19.546223,19.475994,19.400854,18.92775,18.853045,18.907393,18.820536,19.970755,19.87143,19.660198,19.575861,18.929104,18.857069,4.0,0.0,0.0,0.0,0.0,0.0,0.0,0.0
28235,2023.0,7.0,16.0,1.0,19.863605,19.931665,19.16677,19.170265,19.599998,19.515358,19.445585,19.369856,18.89863,18.822863,18.878561,18.790594,19.945656,19.845314,19.62694,19.541857,19.644262,20.223677,0.0,0.0,0.0,0.0,0.0,0.0,0.0,4.0
28236,2023.0,7.0,16.0,2.0,19.837788,19.90425,19.025196,18.951462,19.570623,19.485273,19.416222,19.339685,18.871197,18.794285,18.850845,18.761679,19.9211,19.819672,19.594723,19.508806,19.047495,18.93202,0.0,0.0,0.0,0.0,0.0,0.0,0.0,0.0
28237,2023.0,7.0,16.0,2.0,19.81166,19.875616,18.977425,18.89195,19.540575,19.452848,19.386364,19.307283,18.844,18.765003,18.822628,18.73105,19.896292,19.793013,19.562458,19.474665,18.846018,18.670206,0.0,0.0,0.0,0.0,0.0,0.0,0.0,0.0
28238,2023.0,7.0,16.0,2.0,19.788073,19.851286,18.948227,18.86272,19.514015,19.426374,19.359926,19.280823,18.819656,18.740253,18.797247,18.705292,19.873604,19.769922,19.53294,19.4449,18.8883,18.820253,0.0,0.0,0.0,0.0,0.0,0.0,0.0,0.0
28239,2023.0,7.0,16.0,2.0,19.766073,19.82956,18.925455,18.84204,19.49021,19.40456,19.33612,19.258963,18.797512,18.718952,18.774157,18.683413,19.852625,19.749666,19.50564,19.418604,19.593937,20.170212,0.0,0.0,0.0,0.0,0.0,0.0,0.0,4.0
28240,2023.0,7.0,16.0,2.0,19.745531,19.810366,18.902403,18.818806,19.46529,19.379745,19.311295,19.234146,18.77504,18.69617,19.0409,19.20182,19.83116,19.727905,19.478075,19.39091,18.995121,18.875986,0.0,0.0,0.0,0.0,4.0,0.0,0.0,0.0
28241,2023.0,7.0,16.0,2.0,19.737608,19.81495,18.87861,18.792503,19.438787,19.351095,19.28513,19.205662,18.751818,18.671207,19.180737,19.399881,19.808817,19.703936,19.449759,19.360971,18.793385,18.614119,0.0,0.0,0.0,0.0,4.0,0.0,0.0,0.0
28242,2023.0,7.0,16.0,3.0,19.719275,19.796053,18.859566,18.774319,19.416159,19.329634,19.262897,19.18441,18.731249,18.65097,18.882742,18.805445,19.788757,19.684147,19.424149,19.335808,18.83231,18.757805,0.0,0.0,0.0,0.0,0.0,0.0,0.0,0.0
28243,2023.0,7.0,16.0,3.0,20.371485,21.036968,18.840412,18.754972,19.39316,19.30694,19.24024,19.161917,18.710857,18.630531,19.087248,19.250145,19.768776,19.664137,19.398848,19.31067,18.808199,18.73342,0.0,0.0,0.0,0.0,4.0,0.0,0.0,0.0
28244,2023.0,7.0,16.0,3.0,19.939056,20.08137,18.821257,18.735125,19.369976,19.283478,19.21734,19.13864,18.690754,18.60997,18.878115,18.809881,19.74884,19.643785,19.37359,19.285118,18.775984,18.700575,0.0,0.0,0.0,0.0,0.0,0.0,0.0,0.0
28245,2023.0,7.0,16.0,3.0,19.624533,19.543922,18.801613,18.713852,19.346106,19.258284,19.193754,19.113644,18.6709,18.589005,19.096136,19.280575,19.728758,19.622635,19.34802,19.25849,18.745045,18.668213,0.0,0.0,0.0,0.0,4.0,0.0,0.0,0.0
28246,2023.0,7.0,16.0,3.0,19.536533,19.44386,18.783678,18.695679,19.32403,19.236372,19.171926,19.0919,18.652346,18.570358,18.850204,18.767298,19.709877,19.603674,19.323963,19.234488,18.717207,18.640402,0.0,0.0,0.0,0.0,0.0,0.0,0.0,0.0
28247,2023.0,7.0,16.0,3.0,19.649546,19.724371,18.764355,18.674438,19.300484,19.211246,19.14864,19.066969,18.632738,18.549686,18.760082,18.661465,19.690153,19.582945,19.299276,19.208883,18.689592,18.611631,0.0,0.0,0.0,0.0,0.0,0.0,0.0,0.0
28248,2023.0,7.0,16.0,4.0,19.634918,19.703901,18.74718,18.657343,19.279192,19.1903,19.127527,19.046156,18.614122,18.53099,19.041407,19.224018,19.671484,19.564213,19.275923,19.185577,18.664412,18.58648,0.0,0.0,0.0,0.0,4.0,0.0,0.0,0.0
28249,2023.0,7.0,16.0,4.0,19.614418,19.683039,18.729998,18.640139,19.257917,19.169233,19.1064,19.025194,18.595732,18.51267,18.786058,18.689505,19.653141,19.546013,19.252975,19.162834,18.64027,18.562447,0.0,0.0,0.0,0.0,0.0,0.0,0.0,0.0
28250,2023.0,7.0,16.0,4.0,19.593643,19.661852,18.713215,18.623343,19.23695,19.148487,19.085606,19.004568,18.577682,18.494713,19.032164,19.214703,19.635115,19.528154,19.230429,19.140507,18.617134,18.539436,0.0,0.0,0.0,0.0,4.0,0.0,0.0,0.0
28251,2023.0,7.0,16.0,4.0,19.572914,19.64107,18.697039,18.607538,19.216623,19.128805,19.06545,18.985,18.5602,18.47761,18.787092,18.703264,19.617619,19.511099,19.20851,19.119106,18.59515,18.517897,0.0,0.0,0.0,0.0,0.0,0.0,0.0,0.0
28252,2023.0,7.0,16.0,4.0,19.551235,19.618362,18.679514,18.58892,19.194824,19.106096,19.043844,18.962439,18.54208,18.459007,18.697803,18.598534,19.599533,19.492641,19.185972,19.09622,18.572922,18.495186,0.0,0.0,0.0,0.0,0.0,0.0,0.0,0.0
28253,2023.0,7.0,16.0,4.0,19.53067,19.597517,18.663853,18.573908,19.175068,19.087166,19.024218,18.9436,18.525364,18.442726,18.980303,19.163033,19.582739,19.47633,19.164822,19.075598,18.552519,18.47524,0.0,0.0,0.0,0.0,4.0,0.0,0.0,0.0
28254,2023.0,7.0,16.0,5.0,19.510902,19.578276,18.648415,18.559364,19.155697,19.068983,19.004967,18.925499,18.509443,18.427616,19.073587,19.280605,20.277195,20.804848,19.144554,19.056341,19.259556,19.82384,0.0,0.0,0.0,0.0,4.0,4.0,0.0,4.0
28255,2023.0,7.0,16.0,5.0,19.490335,19.557127,18.632465,18.543316,19.135563,19.048899,18.985096,18.905592,18.493404,18.411705,18.660772,18.463873,19.80008,19.758608,19.124014,19.035992,18.780994,18.75817,0.0,0.0,0.0,0.0,0.0,0.0,0.0,0.0
28256,2023.0,7.0,16.0,5.0,19.469393,19.534908,18.616133,18.526257,19.115007,19.027617,18.964922,18.884584,18.47755,18.39557,18.832027,18.888126,19.520115,19.28069,19.10355,19.015253,18.527576,18.35033,0.0,0.0,0.0,0.0,4.0,0.0,0.0,0.0
28257,2023.0,7.0,16.0,5.0,20.129562,20.791449,19.049223,19.351557,19.09626,19.009884,18.946459,18.867062,18.46338,18.38219,18.571619,18.356916,19.448149,19.20592,19.084843,18.997486,18.457527,18.28069,4.0,0.0,0.0,0.0,0.0,0.0,0.0,0.0
28258,2023.0,7.0,16.0,5.0,19.69329,19.827381,18.80183,18.79623,19.076633,18.990473,18.927065,18.847843,18.449654,18.368746,18.573244,18.461716,19.533464,19.423826,19.066122,18.97912,18.508215,18.430912,0.0,0.0,0.0,0.0,0.0,0.0,0.0,0.0
28259,2023.0,7.0,16.0,5.0,19.394354,19.322296,18.663673,18.582058,19.057121,18.971325,18.90766,18.828817,18.437376,18.356848,18.577686,18.481417,20.255962,20.790295,19.048145,18.96161,19.228256,19.793495,0.0,0.0,0.0,0.0,0.0,4.0,0.0,4.0
28260,2023.0,7.0,16.0,6.0,19.292187,19.194176,19.058746,19.348934,19.037802,18.952255,18.888363,18.809809,18.425812,18.345684,18.55404,18.459135,20.324247,20.752884,19.979687,20.731443,18.654833,18.539232,4.0,0.0,0.0,0.0,0.0,4.0,4.0,0.0
28261,2023.0,7.0,16.0,6.0,21.218351,22.675,20.116411,21.13355,21.239208,22.881716,21.244473,23.011896,18.416193,18.33797,18.533567,18.440567,21.158142,22.20953,21.15888,22.633045,18.463495,18.286303,4.0,0.0,0.0,0.0,0.0,0.0,0.0,0.0
28262,2023.0,7.0,16.0,6.0,21.000885,22.062714,20.02155,20.806961,21.002571,22.171862,21.002909,22.272627,18.408098,18.33199,18.515213,18.424698,21.023758,21.804453,21.02359,22.144358,19.199106,19.733185,0.0,0.0,0.0,0.0,0.0,0.0,0.0,4.0
28263,2023.0,7.0,16.0,6.0,21.03046,22.012281,19.192142,19.11264,21.036068,22.092705,21.038948,22.186539,18.402954,18.32921,18.795881,18.963428,21.032433,21.726854,21.04009,22.03162,20.114487,21.14179,0.0,0.0,0.0,0.0,4.0,0.0,0.0,0.0
28264,2023.0,7.0,16.0,6.0,21.025831,21.932789,18.745998,18.525787,21.031101,21.9859,21.033587,22.071022,18.399996,18.328587,20.15632,21.24598,21.02242,21.65286,21.029333,21.923296,19.097515,19.013344,0.0,0.0,0.0,0.0,4.0,0.0,0.0,0.0
28265,2023.0,7.0,16.0,6.0,21.025642,21.883863,19.204016,19.493618,21.004799,21.846395,21.032969,21.996906,19.009886,19.481293,19.992695,20.76301,21.022276,21.611107,21.028992,21.85888,18.774471,18.70666,4.0,4.0,0.0,4.0,4.0,0.0,0.0,0.0
28266,2023.0,7.0,16.0,7.0,21.025505,21.848143,20.110645,20.995876,21.009687,21.814367,21.032295,21.943289,20.139008,21.277256,20.036722,20.740738,21.021732,21.577505,21.028618,21.81013,18.725481,18.65769,0.0,4.0,0.0,0.0,0.0,0.0,0.0,0.0
28267,2023.0,7.0,16.0,7.0,21.02464,21.820702,19.386276,19.476753,21.042845,21.854626,21.00623,21.832859,19.831594,20.446623,19.26039,19.154478,21.119448,21.709896,21.027782,21.771448,19.63404,20.41776,0.0,0.0,4.0,4.0,0.0,4.0,0.0,4.0
28268,2023.0,7.0,16.0,7.0,20.995697,21.723259,18.971943,18.911278,21.034552,21.799252,21.037275,21.891289,20.07952,20.904291,18.972715,18.873539,21.013811,21.496374,21.026783,21.740307,20.052128,20.89137,0.0,0.0,0.0,0.0,0.0,0.0,0.0,0.0
28269,2023.0,7.0,16.0,7.0,21.037428,21.802685,18.873383,18.803413,21.00941,21.697897,21.012335,21.783422,19.215557,19.13178,19.28654,19.511967,20.998644,21.423191,21.026535,21.715807,19.18007,19.096182,0.0,4.0,4.0,0.0,4.0,4.0,0.0,0.0
28270,2023.0,7.0,16.0,7.0,21.002,21.690588,18.813559,18.742744,21.013931,21.689764,21.042522,21.84073,18.819864,18.64691,20.088009,20.83479,21.00432,21.422546,21.02587,21.694675,18.80667,18.649826,0.0,4.0,0.0,0.0,4.0,4.0,0.0,0.0
28271,2023.0,7.0,16.0,7.0,21.007124,21.692465,19.22513,19.556833,21.039263,21.74863,21.0355,21.804281,18.809305,18.72446,20.019777,20.61466,21.029213,21.482656,21.025547,21.677711,18.799751,18.727316,4.0,0.0,0.0,0.0,0.0,0.0,0.0,0.0
28272,2023.0,7.0,16.0,8.0,21.034637,21.762794,20.113771,21.033594,21.032953,21.720459,21.03583,21.786259,18.791803,18.715214,19.340847,19.240738,21.050777,21.47787,21.025362,21.664516,18.7822,18.714987,0.0,0.0,0.0,0.0,0.0,4.0,0.0,0.0
28273,2023.0,7.0,16.0,8.0,20.867321,21.399668,19.38944,19.506725,20.738743,21.112764,20.297995,20.366793,19.463135,20.01443,19.438421,19.65262,20.412493,20.26853,20.344625,20.343142,18.751842,18.690092,0.0,4.0,0.0,4.0,4.0,0.0,0.0,0.0
28274,2023.0,7.0,16.0,8.0,20.827755,21.358938,19.067192,19.019468,20.651384,21.012215,19.957924,19.897915,20.087175,20.988811,20.088493,20.770771,20.178204,19.954948,20.075426,19.984222,18.730417,18.672348,0.0,4.0,0.0,0.0,0.0,0.0,0.0,0.0
28275,2023.0,7.0,16.0,8.0,20.246975,20.299166,18.96379,18.914227,20.083536,20.002956,19.791628,19.735432,19.249006,19.226835,19.50306,19.553307,20.081028,19.872232,19.93902,19.854177,18.708008,18.654795,0.0,0.0,0.0,0.0,0.0,0.0,0.0,0.0
28276,2023.0,7.0,16.0,8.0,20.670265,21.237494,19.350052,19.687769,19.810003,19.634487,20.354313,20.885159,18.965765,18.832304,19.24799,19.172415,20.113974,20.00815,19.852371,19.770485,18.690348,18.640736,4.0,0.0,4.0,0.0,0.0,0.0,0.0,0.0
28277,2023.0,7.0,16.0,8.0,20.739035,21.308874,20.079876,20.916075,20.314808,20.692139,20.468086,21.018274,18.948011,18.877203,19.546022,19.798983,20.856842,21.452024,19.780725,19.705116,18.674757,18.628836,4.0,4.0,4.0,0.0,4.0,4.0,0.0,0.0
28278,2023.0,7.0,16.0,9.0,20.161404,20.230434,20.020071,20.714031,19.93453,19.88557,20.363012,20.79647,18.918001,18.859154,20.065563,20.658485,20.327158,20.241785,19.711067,19.641197,18.660473,18.61772,0.0,0.0,4.0,0.0,0.0,0.0,0.0,0.0
28279,2023.0,7.0,16.0,9.0,19.871838,19.880426,19.708357,20.026566,19.63588,19.507782,19.792274,19.761034,18.878727,18.822676,19.885271,20.222292,20.747244,21.21961,20.64369,21.461504,18.647503,18.60531,4.0,0.0,0.0,0.0,4.0,4.0,4.0,0.0
28280,2023.0,7.0,16.0,9.0,19.7909,19.80775,20.077578,20.724993,19.536589,19.400904,19.545576,19.424679,18.850965,18.794851,20.045969,20.51508,20.913765,21.42353,19.934187,19.912437,18.638094,18.595602,0.0,0.0,0.0,0.0,0.0,4.0,0.0,0.0
28281,2023.0,7.0,16.0,9.0,20.498526,21.216368,19.450048,19.47438,19.529049,19.469501,19.42419,19.30592,19.527414,20.094181,19.536293,19.496515,20.981401,21.49007,19.573685,19.456394,19.521263,20.271755,0.0,0.0,0.0,4.0,0.0,4.0,0.0,4.0
28282,2023.0,7.0,16.0,9.0,19.977997,20.090656,19.227823,19.190214,19.501047,19.457014,19.352098,19.239267,20.068684,20.930986,19.365246,19.28062,20.36568,20.286524,19.498537,19.372793,20.07385,21.07686,0.0,0.0,0.0,0.0,0.0,0.0,0.0,0.0
28283,2023.0,7.0,16.0,9.0,19.689663,19.735136,19.136127,19.105064,19.453022,19.413412,19.344183,19.298534,19.313156,19.332796,19.302149,19.222105,20.099163,19.943075,19.499899,19.427778,19.210522,19.24183,0.0,0.0,0.0,0.0,0.0,0.0,0.0,0.0
28284,2023.0,7.0,16.0,10.0,20.306479,20.945272,19.07113,19.03945,20.089071,20.646711,19.317139,19.285185,19.044039,18.937698,19.256313,19.17529,20.031572,19.868946,19.48513,19.419584,18.935738,18.845135,0.0,4.0,0.0,0.0,0.0,0.0,0.0,0.0
28285,2023.0,7.0,16.0,10.0,19.857452,19.984144,19.454245,19.806908,20.257519,20.836061,19.280186,19.254974,19.01478,18.947653,19.578897,19.81552,20.721697,21.213799,19.464201,19.40236,18.899536,18.84271,4.0,4.0,0.0,0.0,4.0,4.0,0.0,0.0
28286,2023.0,7.0,16.0,10.0,19.68044,19.743269,20.082905,20.88078,19.675795,19.687855,19.24664,19.22738,18.988888,18.930096,20.056389,20.631039,20.252876,20.202042,19.446852,19.388172,18.868597,18.817982,0.0,0.0,0.0,0.0,0.0,0.0,0.0,0.0
28287,2023.0,7.0,16.0,10.0,20.288485,20.947744,19.471956,19.605358,20.035488,20.526484,19.212349,19.19959,18.96019,18.905672,19.60006,19.66982,20.033184,19.911674,19.429623,19.37418,18.837528,18.790245,0.0,4.0,0.0,0.0,0.0,0.0,0.0,0.0
28288,2023.0,7.0,16.0,10.0,20.440136,21.10874,19.202099,19.202322,19.604757,19.627016,19.18523,19.177425,18.942703,18.89075,19.390888,19.33449,19.99717,19.876034,19.41725,19.364248,18.817894,18.772583,0.0,0.0,0.0,0.0,0.0,0.0,0.0,0.0
28289,2023.0,7.0,16.0,10.0,19.919088,20.085474,19.121351,19.118431,20.062716,20.572063,19.160507,19.158646,18.92963,18.881079,19.333338,19.270884,20.786175,21.397818,19.406921,19.35674,18.802372,18.75992,0.0,4.0,0.0,0.0,0.0,4.0,0.0,0.0
28290,2023.0,7.0,16.0,11.0,20.42601,21.134754,19.066305,19.067513,19.646708,19.700115,19.137613,19.14099,18.92004,18.874544,19.300295,19.239695,20.287088,20.294024,19.398144,19.350576,18.790037,18.750078,0.0,0.0,0.0,0.0,0.0,0.0,0.0,0.0
28291,2023.0,7.0,16.0,11.0,19.944714,20.124582,19.021002,19.02465,19.457523,19.434044,19.114103,19.120237,18.910286,18.865635,19.273945,19.213978,20.829292,21.379215,19.388405,19.34133,18.777937,18.73853,0.0,0.0,0.0,0.0,0.0,4.0,0.0,0.0
28292,2023.0,7.0,16.0,11.0,20.43066,21.136528,18.981907,18.98795,19.395592,19.373137,19.768555,20.372538,19.612175,20.197935,19.251135,19.192053,20.350985,20.362513,19.378353,19.331764,18.766817,18.727978,0.0,0.0,4.0,4.0,0.0,0.0,0.0,0.0
28293,2023.0,7.0,16.0,11.0,20.539478,21.229813,18.9473,18.955282,19.367174,19.364832,19.36627,19.471443,20.056122,20.86403,19.230862,19.17273,20.88627,21.438253,19.367939,19.321909,18.7568,18.718655,0.0,0.0,0.0,0.0,0.0,4.0,0.0,0.0
28294,2023.0,7.0,16.0,11.0,20.001942,20.186102,19.3491,19.74101,19.333832,19.336761,19.121336,19.144564,19.412458,19.494247,19.209959,19.153605,21.122522,21.72052,19.356594,19.311432,18.746286,18.709211,4.0,0.0,0.0,0.0,0.0,4.0,0.0,0.0
28295,2023.0,7.0,16.0,11.0,20.48912,21.204382,20.09703,21.005327,19.304289,19.308784,19.725744,20.309307,19.182302,19.141016,19.194883,19.139063,20.519217,20.528385,19.346966,19.302324,18.738716,18.70231,0.0,0.0,4.0,0.0,0.0,0.0,0.0,0.0
28296,2023.0,7.0,16.0,12.0,20.630129,21.31219,19.43945,19.608643,19.946222,20.544155,19.37819,19.469345,19.110605,19.066439,19.18193,19.127586,20.249876,20.158361,19.337555,19.293499,18.732197,18.696568,0.0,4.0,0.0,0.0,0.0,0.0,0.0,0.0
28297,2023.0,7.0,16.0,12.0,21.079382,22.101625,19.164694,19.196926,21.151024,22.566135,21.220455,22.811516,19.803669,20.402147,19.177279,19.125515,21.116919,21.718803,21.26126,22.643137,18.730755,18.697226,0.0,0.0,0.0,4.0,0.0,0.0,0.0,0.0
28298,2023.0,7.0,16.0,12.0,21.018692,21.911694,19.500647,19.901405,20.991508,22.047306,21.009583,22.196918,20.016937,20.600573,19.175068,19.126274,21.007517,21.47879,21.000801,22.010279,19.684235,20.505896,4.0,4.0,0.0,0.0,0.0,0.0,0.0,4.0
28299,2023.0,7.0,16.0,12.0,20.997793,21.801483,20.054615,20.79258,21.038553,22.051308,21.033747,22.128235,19.521387,19.58284,19.176443,19.130373,21.014029,21.456106,21.027876,21.942049,20.03192,20.855,4.0,0.0,0.0,0.0,0.0,0.0,0.0,0.0
28300,2023.0,7.0,16.0,12.0,21.002005,21.78269,19.999052,20.621563,21.003708,21.884636,21.02987,22.040503,19.29612,19.283854,19.181818,19.13805,21.33801,22.022392,21.023478,21.846924,19.37875,19.48352,4.0,4.0,0.0,0.0,0.0,4.0,0.0,0.0
28301,2023.0,7.0,16.0,12.0,21.029518,21.83939,20.023552,20.645985,21.008394,21.84476,21.028692,21.981865,19.218534,19.182762,19.595596,19.915318,21.414816,22.044024,21.021578,21.780619,19.084309,19.083076,0.0,4.0,0.0,0.0,4.0,4.0,0.0,0.0
28302,2023.0,7.0,16.0,13.0,21.022474,21.805174,19.526966,19.65682,21.033264,21.8794,21.00271,21.868164,19.188665,19.15365,20.04867,20.60603,20.967247,21.232138,21.02169,21.732996,19.007433,18.980576,0.0,0.0,4.0,0.0,0.0,0.0,0.0,0.0
28303,2023.0,7.0,16.0,13.0,20.996157,21.714987,19.290134,19.374258,21.000874,21.762465,21.033783,21.924952,19.170786,19.135668,19.649342,19.746504,21.397238,22.042627,21.021027,21.695309,18.97602,18.947247,0.0,4.0,0.0,0.0,0.0,4.0,0.0,0.0
28304,2023.0,7.0,16.0,13.0,21.00037,21.716496,19.170553,19.206648,21.056782,21.877762,21.061224,21.9448,19.157475,19.122131,19.399313,19.352478,21.518751,22.154894,21.04464,21.709784,18.961164,18.932518,0.0,0.0,0.0,0.0,0.0,4.0,0.0,0.0
28305,2023.0,7.0,16.0,13.0,21.000605,21.712116,19.114227,19.157133,21.021843,21.778578,21.024843,21.850904,19.852657,20.441782,19.36653,19.328129,21.565886,22.199402,21.017168,21.634266,18.952032,18.924107,0.0,0.0,0.0,4.0,0.0,4.0,0.0,0.0
28306,2023.0,7.0,16.0,13.0,21.027403,21.781855,19.066776,19.109346,21.000233,21.697195,21.02696,21.840767,20.01263,20.545736,19.352465,19.3122,20.963049,21.116901,21.384445,22.283102,18.94526,18.917864,0.0,4.0,0.0,0.0,0.0,0.0,4.0,0.0
28307,2023.0,7.0,16.0,13.0,21.020336,21.756783,19.029257,19.073372,21.031107,21.76976,21.026306,21.826563,19.548176,19.586782,19.722769,20.017311,21.016708,21.243637,20.964527,21.459433,18.940653,18.914104,0.0,0.0,0.0,0.0,4.0,0.0,0.0,0.0
28308,2023.0,7.0,16.0,14.0,21.020208,21.745525,18.997421,19.042234,21.023676,21.742266,21.025455,21.813618,19.377398,19.381124,20.038153,20.485662,21.01005,21.240583,21.027798,21.585503,18.937353,18.912014,0.0,0.0,0.0,0.0,0.0,0.0,0.0,0.0
28309,2023.0,7.0,16.0,14.0,20.500187,20.736832,18.96951,19.01402,20.412651,20.557709,20.350376,20.50468,19.308872,19.278694,19.682083,19.734713,20.717949,20.68346,20.451283,20.465054,19.816137,20.575544,0.0,0.0,0.0,0.0,0.0,0.0,0.0,4.0
28310,2023.0,7.0,16.0,14.0,20.983147,21.76704,19.380802,19.801731,20.12413,20.1502,20.686653,21.289093,19.272621,19.2343,19.517023,19.475058,21.360544,21.968737,20.24067,20.189013,20.025766,20.79454,4.0,0.0,4.0,0.0,0.0,4.0,0.0,0.0
28311,2023.0,7.0,16.0,14.0,20.502943,20.721535,20.087418,20.949486,19.977375,19.992676,20.232876,20.349174,19.244833,19.204239,19.467703,19.418283,20.91846,20.96225,20.132694,20.078773,19.433928,19.538816,0.0,0.0,0.0,0.0,0.0,0.0,0.0,0.0
28312,2023.0,7.0,16.0,14.0,20.82678,21.530607,19.832403,20.31799,19.871649,19.883265,19.897715,19.932693,19.220915,19.178957,19.4348,19.382969,21.38303,21.985506,20.047256,19.992107,19.166025,19.171837,4.0,0.0,0.0,0.0,0.0,4.0,0.0,0.0
28313,2023.0,7.0,16.0,14.0,20.35039,20.562185,20.035957,20.674318,19.801476,19.810024,19.785158,19.805573,19.202616,19.15929,19.412626,19.35846,20.856218,20.901482,19.988287,19.932245,19.969873,20.727858,4.0,0.0,0.0,0.0,0.0,0.0,0.0,4.0
28314,2023.0,7.0,16.0,15.0,20.085815,20.232038,19.998478,20.56407,19.726711,19.73102,19.686508,19.699514,19.181581,19.136765,19.388538,19.332586,20.542328,20.4462,19.925299,19.867409,19.992506,20.568344,4.0,0.0,0.0,0.0,0.0,0.0,0.0,0.0
28315,2023.0,7.0,16.0,15.0,20.007847,20.15773,20.004866,20.549208,19.66809,19.675602,19.612844,19.62881,19.164516,19.121883,19.756483,20.046076,20.473404,20.386667,19.874077,19.820036,19.485947,19.548971,4.0,0.0,0.0,0.0,4.0,0.0,0.0,0.0
28316,2023.0,7.0,16.0,15.0,19.964926,20.130293,20.02143,20.57539,20.289085,20.891142,20.225986,20.839252,19.148703,19.10807,20.028337,20.442093,20.449778,20.38641,19.828482,19.777205,19.249168,19.240126,0.0,4.0,4.0,0.0,0.0,0.0,0.0,0.0
28317,2023.0,7.0,16.0,15.0,19.912657,20.069912,19.573381,19.691748,19.936739,20.04909,19.847311,19.949308,19.133917,19.095356,19.663946,19.691658,20.420532,20.36175,19.788366,19.739521,19.154482,19.124077,0.0,0.0,0.0,0.0,0.0,0.0,0.0,0.0
28318,2023.0,7.0,16.0,15.0,20.543072,21.285282,19.791082,20.189238,19.727848,19.745625,19.647429,19.672712,19.121546,19.084831,19.51366,19.469534,20.393267,20.336597,19.757858,19.711163,19.111916,19.07913,4.0,0.0,0.0,0.0,0.0,0.0,0.0,0.0
28319,2023.0,7.0,16.0,15.0,20.080338,20.28324,20.039124,20.614616,19.656193,19.670496,19.57372,19.59733,19.109705,19.074806,19.4708,19.423916,20.366968,20.312431,19.729338,19.68506,19.080362,19.048801,0.0,0.0,0.0,0.0,0.0,0.0,0.0,0.0
28320,2023.0,7.0,16.0,16.0,20.489063,21.192423,19.587093,19.707205,19.59853,19.6123,20.183657,20.799116,19.09757,19.064648,19.436422,19.392315,20.339943,20.287743,19.699936,19.658024,19.049522,19.019703,0.0,0.0,4.0,0.0,0.0,0.0,0.0,0.0
28321,2023.0,7.0,16.0,16.0,20.058573,20.27332,19.815756,20.222998,20.222244,20.820425,19.757664,19.874592,19.087416,19.056002,19.412086,19.369465,21.065298,21.687147,19.67573,19.63555,19.026682,18.998056,4.0,4.0,0.0,0.0,0.0,4.0,0.0,0.0
28322,2023.0,7.0,16.0,16.0,19.90933,20.071009,20.012936,20.537373,20.356739,20.935833,19.560202,19.591244,19.07782,19.047907,19.761131,20.04806,20.584839,20.642796,19.652893,19.614542,19.888374,20.645891,4.0,4.0,0.0,0.0,4.0,0.0,0.0,4.0
28323,2023.0,7.0,16.0,16.0,19.843956,19.996933,20.01858,20.535353,20.396976,20.963926,20.119394,20.699068,19.789125,20.401802,20.02605,20.440283,20.318346,20.260286,19.629839,19.5932,20.009047,20.641182,0.0,4.0,4.0,4.0,0.0,0.0,0.0,0.0
28324,2023.0,7.0,16.0,16.0,19.804068,19.960348,19.600754,19.709438,20.447803,21.011145,19.76145,19.860163,20.021187,20.626022,19.700516,19.772106,20.26325,20.199587,19.60902,19.574013,19.472744,19.547262,0.0,4.0,0.0,0.0,0.0,0.0,0.0,0.0
28325,2023.0,7.0,16.0,16.0,19.773209,19.928997,19.371958,19.418186,19.932478,20.011011,19.519245,19.554098,19.520782,19.58961,19.489164,19.46122,20.253119,20.206972,19.590351,19.556862,19.21665,19.208298,0.0,0.0,0.0,0.0,0.0,0.0,0.0,0.0
28326,2023.0,7.0,16.0,17.0,19.758446,19.922302,19.296015,19.32399,19.746576,19.763805,20.07869,20.645628,19.351898,19.343586,19.435343,19.401375,20.238985,20.196163,20.571592,21.426544,19.147,19.12501,0.0,0.0,4.0,0.0,0.0,0.0,4.0,0.0
28327,2023.0,7.0,16.0,17.0,19.747171,19.917427,19.66822,20.06159,20.282343,20.827766,20.228456,20.803452,19.279509,19.252272,19.40471,19.369629,20.96352,21.588257,19.960838,20.04899,19.982815,20.73875,4.0,4.0,4.0,0.0,0.0,4.0,0.0,4.0
28328,2023.0,7.0,16.0,17.0,20.404537,21.16747,20.030413,20.642357,20.41471,20.970388,20.270304,20.831621,19.233494,19.201725,19.375515,19.338137,20.463312,20.49679,19.721724,19.68354,20.216791,20.98769,4.0,4.0,4.0,0.0,0.0,0.0,0.0,4.0
28329,2023.0,7.0,16.0,17.0,20.594856,21.301828,20.016968,20.573069,19.899746,19.96869,20.313782,20.866564,19.196062,19.16333,19.346272,19.307552,20.99197,21.620184,19.6475,19.601868,19.993813,20.53546,0.0,0.0,4.0,0.0,0.0,4.0,0.0,0.0
28330,2023.0,7.0,16.0,17.0,20.050978,20.230225,19.556602,19.64761,20.279108,20.828125,19.797203,19.866232,19.165771,19.13281,19.321056,19.282366,20.51246,20.529005,19.601782,19.552868,19.496677,19.540184,0.0,4.0,0.0,0.0,0.0,0.0,0.0,0.0
28331,2023.0,7.0,16.0,17.0,20.54339,21.252796,19.358248,19.363586,19.838863,19.905235,19.592327,19.584246,19.14314,19.10973,19.66307,19.942617,20.316385,20.232405,19.58117,19.541985,19.309336,19.274433,0.0,0.0,0.0,0.0,4.0,0.0,0.0,0.0
28332,2023.0,7.0,16.0,18.0,20.063755,20.243757,19.291649,19.298885,19.642567,19.62305,19.509579,19.493307,19.121225,19.088072,20.049816,20.57952,20.250357,20.15849,19.558357,19.520649,20.076418,20.783476,0.0,0.0,0.0,0.0,0.0,0.0,0.0,4.0
28333,2023.0,7.0,16.0,18.0,21.130123,22.229435,19.233795,19.241304,21.183746,22.421745,21.19895,22.545458,19.096458,19.06343,19.65161,19.740253,21.203686,21.965324,21.283497,22.555725,19.990292,20.459904,0.0,0.0,0.0,0.0,0.0,4.0,0.0,0.0
28334,2023.0,7.0,16.0,18.0,20.984665,21.83921,19.179703,19.182531,20.976469,21.848307,21.001362,21.993954,19.072151,19.038567,19.386837,19.353436,21.236738,21.812138,20.999569,21.89851,19.49997,19.500393,0.0,4.0,0.0,0.0,0.0,4.0,0.0,0.0
28335,2023.0,7.0,16.0,18.0,21.032932,21.890387,19.133385,19.131775,21.010593,21.826576,21.001764,21.879192,19.049677,19.016012,19.31265,19.2702,20.9912,21.37621,21.025394,21.85334,19.262314,19.204588,0.0,4.0,4.0,0.0,0.0,0.0,0.0,0.0
28336,2023.0,7.0,16.0,18.0,21.054554,21.872381,19.093073,19.087616,21.064054,21.893684,21.06921,21.967812,19.02853,18.99522,19.270142,19.226194,21.03705,21.456545,21.055908,21.838255,19.196112,19.15828,0.0,0.0,0.0,0.0,0.0,0.0,0.0,0.0
28337,2023.0,7.0,16.0,18.0,20.99219,21.695807,19.515602,19.90956,21.022846,21.761845,21.024227,21.82271,19.00915,18.976942,19.235643,19.1941,21.014523,21.390783,21.018848,21.722193,19.148947,19.113405,4.0,0.0,0.0,0.0,0.0,0.0,0.0,0.0
28338,2023.0,7.0,16.0,19.0,21.030283,21.77024,20.049746,20.735666,21.028584,21.737047,21.004929,21.726679,19.74535,20.388487,19.201517,19.159895,21.229588,21.765484,21.023367,21.697376,19.104807,19.070864,4.0,0.0,4.0,4.0,0.0,4.0,0.0,0.0
28339,2023.0,7.0,16.0,19.0,20.993362,21.653461,19.996698,20.552614,21.021725,21.704391,21.008821,21.711885,20.041357,20.678959,19.168352,19.124743,20.981676,21.287876,21.304213,22.170738,19.064249,19.029438,4.0,0.0,4.0,4.0,0.0,0.0,4.0,0.0
28340,2023.0,7.0,16.0,19.0,21.032423,21.736269,20.006874,20.521862,20.99531,21.615717,21.036266,21.769188,20.01772,20.584745,19.137754,19.092136,21.0248,21.373753,20.974081,21.527632,19.02797,18.992157,4.0,4.0,0.0,0.0,0.0,0.0,0.0,0.0
28341,2023.0,7.0,16.0,19.0,20.996443,21.627167,20.005478,20.482788,21.007776,21.622137,21.029865,21.736635,19.446482,19.426079,19.111835,19.067387,21.017618,21.357187,21.031294,21.626205,19.939352,20.749325,4.0,4.0,0.0,0.0,0.0,0.0,0.0,4.0
28342,2023.0,7.0,16.0,19.0,21.001778,21.629173,20.00535,20.456007,21.033436,21.680698,21.029217,21.715513,19.155313,19.056437,19.49273,19.810738,21.013447,21.354343,21.221668,21.936972,19.99573,20.595709,4.0,0.0,0.0,0.0,4.0,0.0,4.0,0.0
28343,2023.0,7.0,16.0,19.0,21.001795,21.622723,20.023989,20.486927,21.001144,21.57927,21.023745,21.698301,19.064764,18.957857,20.055592,20.679663,21.014238,21.35903,20.999594,21.523773,19.361609,19.308695,0.0,4.0,0.0,0.0,4.0,0.0,0.0,0.0
28344,2023.0,7.0,16.0,20.0,21.00201,21.61715,19.847887,20.1015,21.007034,21.58126,21.023874,21.691547,19.066677,19.019056,19.997568,20.479143,21.014214,21.361094,21.02991,21.58306,19.081907,18.979374,4.0,4.0,0.0,0.0,4.0,0.0,0.0,0.0
28345,2023.0,7.0,16.0,20.0,21.002073,21.611042,20.035114,20.473362,21.006733,21.572985,21.024027,21.684847,19.0435,18.997028,20.026094,20.492752,21.348282,21.980192,21.226923,21.913073,19.057766,19.013714,4.0,4.0,0.0,0.0,0.0,4.0,4.0,0.0
28346,2023.0,7.0,16.0,20.0,21.029684,21.680672,20.002306,20.392738,21.033089,21.63787,21.02412,21.678516,19.762272,20.3897,19.478586,19.395613,21.287104,21.753242,21.27407,21.940514,19.02472,18.982569,4.0,0.0,0.0,4.0,0.0,4.0,4.0,0.0
28347,2023.0,7.0,16.0,20.0,21.0227,21.65237,20.005947,20.386776,21.02662,21.610361,21.02369,21.671776,19.99685,20.569511,19.274734,19.213995,21.257376,21.7086,20.988613,21.456972,18.980742,18.937399,4.0,0.0,0.0,4.0,0.0,4.0,0.0,0.0
28348,2023.0,7.0,16.0,20.0,20.994911,21.561907,20.025238,20.429024,21.027937,21.598051,20.996134,21.591902,20.027678,20.584059,19.210165,19.142326,21.256433,21.697128,21.22401,21.892765,18.940325,18.895712,0.0,0.0,4.0,0.0,0.0,4.0,4.0,0.0
28349,2023.0,7.0,16.0,20.0,21.002634,21.570131,19.501406,19.410297,21.011429,21.537252,21.037066,21.680092,19.369854,19.261944,19.525415,19.788332,20.995255,21.251348,21.26744,21.906313,18.906063,18.862875,0.0,4.0,0.0,0.0,4.0,0.0,4.0,0.0
28350,2023.0,7.0,16.0,21.0,21.002508,21.566416,19.616934,19.797215,21.007359,21.527794,21.029533,21.650412,19.06236,18.900278,20.078796,20.686,21.0237,21.321455,20.993147,21.448158,18.870287,18.82288,4.0,4.0,0.0,0.0,0.0,0.0,0.0,0.0
28351,2023.0,7.0,16.0,21.0,21.002657,21.564053,20.049917,20.5183,21.007349,21.522919,20.99695,21.566525,19.06093,18.995022,19.51067,19.517216,21.020475,21.320951,21.031158,21.529781,18.838526,18.789421,4.0,4.0,4.0,0.0,0.0,0.0,0.0,0.0
28352,2023.0,7.0,16.0,21.0,21.031563,21.639069,19.999544,20.384884,21.034542,21.592913,21.038862,21.65993,19.037592,18.977169,19.5983,19.860754,21.172092,21.588364,21.026278,21.520506,18.808554,18.756645,4.0,0.0,0.0,0.0,4.0,4.0,0.0,0.0
28353,2023.0,7.0,16.0,21.0,21.023855,21.613207,20.027323,20.433231,21.027699,21.567558,21.029676,21.62848,19.750652,20.368053,20.056677,20.57975,21.196709,21.597898,21.027319,21.520073,19.66836,20.403593,0.0,0.0,0.0,4.0,4.0,4.0,0.0,4.0
28354,2023.0,7.0,16.0,21.0,21.02523,21.603596,19.461979,19.324883,21.002335,21.485146,21.004684,21.54586,20.00313,20.576498,20.021423,20.46797,21.003334,21.27148,21.020666,21.516558,20.045712,20.80611,0.0,4.0,4.0,4.0,0.0,0.0,0.0,0.0
28355,2023.0,7.0,16.0,21.0,21.025179,21.592192,19.28073,19.187885,21.034386,21.565588,21.010088,21.552046,20.030787,20.58516,19.39474,19.222914,21.023829,21.320032,21.021898,21.524174,20.006245,20.579418,0.0,0.0,4.0,0.0,0.0,0.0,0.0,4.0
28356,2023.0,7.0,16.0,22.0,21.01719,21.583149,19.23399,19.149776,21.001976,21.47235,21.036043,21.620834,19.334486,19.187151,19.570477,19.79691,21.021425,21.317533,21.021378,21.526289,20.034662,20.627466,0.0,4.0,0.0,0.0,4.0,0.0,0.0,0.0
28357,2023.0,7.0,16.0,22.0,21.018766,21.589249,19.175528,19.088905,21.034637,21.555378,21.030445,21.59954,19.002407,18.799778,20.045002,20.545889,21.134182,21.50723,21.021881,21.52874,19.291912,19.142454,0.0,0.0,0.0,0.0,4.0,4.0,0.0,0.0
28358,2023.0,7.0,16.0,22.0,21.037668,21.62773,19.118378,19.023737,21.057518,21.589014,21.061346,21.647707,19.025629,18.949965,20.05538,20.516102,21.159996,21.528427,21.044058,21.572405,18.957916,18.763529,0.0,0.0,0.0,0.0,0.0,4.0,0.0,0.0
28359,2023.0,7.0,16.0,22.0,21.015516,21.584192,19.077309,18.984688,21.016384,21.516483,21.017916,21.569368,18.998123,18.921106,19.398544,19.214272,21.00897,21.2803,21.018705,21.520798,18.97521,18.901138,0.0,0.0,0.0,0.0,0.0,0.0,0.0,0.0
28360,2023.0,7.0,16.0,22.0,21.018852,21.592089,19.035343,18.939789,21.021912,21.53255,21.02406,21.586962,18.950956,18.872648,19.191568,19.083757,21.024193,21.316076,21.022469,21.528814,19.726105,20.347836,0.0,0.0,0.0,0.0,0.0,0.0,0.0,4.0
28361,2023.0,7.0,16.0,22.0,21.037468,21.628452,18.993837,18.89246,21.042822,21.575588,21.04671,21.633287,18.903765,18.822111,19.144375,19.046345,21.044416,21.356047,21.045061,21.572584,20.009146,20.61302,0.0,0.0,0.0,0.0,0.0,0.0,0.0,4.0
28362,2023.0,7.0,16.0,23.0,21.015892,21.584045,18.961739,18.861197,21.029013,21.513388,21.01971,21.578976,19.481153,19.945627,19.078054,18.979393,21.012325,21.306847,21.018604,21.518673,20.031332,20.611864,0.0,4.0,0.0,4.0,0.0,0.0,0.0,0.0
28363,2023.0,7.0,16.0,23.0,20.524847,20.640028,18.92925,18.826717,20.273323,20.088737,20.422289,20.432455,19.141726,19.102943,19.013483,18.91386,20.596216,20.51849,20.421982,20.371197,19.279701,19.111399,0.0,0.0,0.0,0.0,0.0,0.0,0.0,0.0
28364,2023.0,7.0,16.0,23.0,20.30439,20.338728,18.899925,18.79266,19.910568,19.56343,20.12853,20.016499,18.836693,18.611506,18.959944,18.854357,20.435802,20.32022,20.19287,20.08769,19.01416,18.780403,0.0,0.0,0.0,0.0,0.0,0.0,0.0,0.0
28365,2023.0,7.0,16.0,23.0,20.209064,20.243979,19.326982,19.615145,19.966272,19.813622,20.007105,19.894274,18.727182,18.488333,18.912838,18.80634,20.353102,20.235527,20.081768,19.98084,19.04307,18.947332,4.0,0.0,0.0,0.0,0.0,0.0,0.0,0.0
28366,2023.0,7.0,16.0,23.0,20.133665,20.170618,19.051397,19.014189,19.926666,19.798986,19.906097,19.789293,18.796438,18.69874,18.866314,18.7565,20.278301,20.157368,19.984823,19.883753,19.002403,18.915573,0.0,0.0,0.0,0.0,0.0,0.0,0.0,0.0
28367,2023.0,7.0,16.0,23.0,20.076355,20.121283,18.904968,18.787117,19.85478,19.722614,19.81634,19.692926,18.781713,18.68502,18.820492,18.705956,20.209902,20.084387,19.895082,19.786789,18.943287,18.8528,0.0,0.0,0.0,0.0,0.0,0.0,0.0,0.0
28368,2023.0,7.0,17.0,0.0,20.022284,20.069403,18.865952,18.748964,19.796726,19.668276,19.747435,19.628675,18.74885,18.651659,19.0761,19.217886,20.152697,20.028238,19.8218,19.715347,19.626984,20.186357,0.0,0.0,0.0,0.0,4.0,0.0,0.0,4.0
28369,2023.0,7.0,17.0,0.0,19.969498,20.015614,18.831526,18.712378,19.73934,19.610535,19.681013,19.561699,18.715446,18.616695,18.868069,18.775604,20.097763,19.971966,19.752817,19.645405,18.962934,18.771696,0.0,0.0,0.0,0.0,0.0,0.0,0.0,0.0
28370,2023.0,7.0,17.0,0.0,19.92035,19.964804,18.801922,18.680592,19.685776,19.55592,19.620214,19.499485,18.682657,18.582031,18.759016,18.640583,20.046373,19.91865,19.688961,19.579859,19.486494,19.909924,0.0,0.0,0.0,0.0,0.0,0.0,0.0,4.0
28371,2023.0,7.0,17.0,0.0,19.875309,19.918695,18.775047,18.65214,19.636602,19.506361,19.565125,19.443792,18.65151,18.54941,18.71563,18.596188,19.999151,19.870117,19.630749,19.520676,18.916075,18.706917,0.0,0.0,0.0,0.0,0.0,0.0,0.0,0.0
28372,2023.0,7.0,17.0,0.0,19.829681,19.868471,18.746777,18.619488,19.58628,19.451298,19.5093,19.38256,18.619417,18.513752,18.67096,18.546682,19.952097,19.818823,19.5736,19.459398,18.69391,18.43453,0.0,0.0,0.0,0.0,0.0,0.0,0.0,0.0
28373,2023.0,7.0,17.0,0.0,19.789928,19.82748,18.722157,18.59321,19.542778,19.407185,19.461288,19.333878,18.590357,18.483126,18.632652,18.50676,19.9105,19.775791,19.523031,19.407698,18.775488,18.683792,0.0,0.0,0.0,0.0,0.0,0.0,0.0,0.0
28374,2023.0,7.0,17.0,1.0,19.752127,19.788263,18.69823,18.567585,19.501549,19.365261,19.415888,19.287806,18.562252,18.453466,18.596264,18.468763,19.87125,19.735102,19.475592,19.359108,18.738615,18.636421,0.0,0.0,0.0,0.0,0.0,0.0,0.0,0.0
28375,2023.0,7.0,17.0,1.0,19.716204,19.751007,18.674929,18.542645,19.462427,19.325504,19.372976,19.244297,18.535082,18.424906,18.561657,18.432716,19.834238,19.696882,19.431,19.313545,18.696953,18.59349,0.0,0.0,0.0,0.0,0.0,0.0,0.0,0.0
28376,2023.0,7.0,17.0,1.0,19.681776,19.71517,18.652061,18.518106,19.425028,19.287384,19.332163,19.202797,18.508537,18.39698,18.528276,18.397902,19.79893,19.660362,19.388666,19.270226,18.657473,18.552774,0.0,0.0,0.0,0.0,0.0,0.0,0.0,0.0
28377,2023.0,7.0,17.0,1.0,19.64875,19.680647,18.629627,18.493956,19.389265,19.2508,19.293322,19.163168,18.482515,18.369585,18.495949,18.364141,19.765089,19.625305,19.348333,19.228895,18.62,18.514088,0.0,0.0,0.0,0.0,0.0,0.0,0.0,0.0
28378,2023.0,7.0,17.0,1.0,19.618668,19.651102,18.60946,18.47423,19.357304,19.220755,19.258778,19.130787,18.458132,18.345318,18.46633,18.335283,19.73402,19.594776,19.311148,19.19251,19.320196,19.863605,0.0,0.0,0.0,0.0,0.0,0.0,0.0,4.0
28379,2023.0,7.0,17.0,1.0,19.587042,19.617043,18.587387,18.450394,19.323706,19.186136,19.222761,19.09369,18.432508,18.31833,18.435116,18.302616,19.702148,19.56164,19.273474,19.153769,18.817408,18.758654,0.0,0.0,0.0,0.0,0.0,0.0,0.0,0.0
28380,2023.0,7.0,17.0,2.0,19.55521,19.581898,18.564295,18.42435,19.289553,19.14938,19.186522,19.054619,18.406046,18.289555,18.403013,18.267761,19.669933,19.527039,19.235691,19.11373,18.486393,18.214825,0.0,0.0,0.0,0.0,0.0,0.0,0.0,0.0
28381,2023.0,7.0,17.0,2.0,19.524878,19.549063,18.541328,18.398436,19.25645,19.113861,19.151548,19.017092,18.379911,18.261374,18.371498,18.233765,19.638668,19.493683,19.199287,19.075539,18.376682,18.096458,0.0,0.0,0.0,0.0,0.0,0.0,0.0,0.0
28382,2023.0,7.0,17.0,2.0,19.497705,19.521843,18.521896,18.37943,19.22816,19.087135,19.121624,18.988897,18.356071,18.237755,18.343548,18.20663,19.61046,19.46592,19.1662,19.043186,19.244247,19.817757,0.0,0.0,0.0,0.0,0.0,0.0,0.0,4.0
28383,2023.0,7.0,17.0,2.0,19.46862,19.490612,18.499958,18.355522,19.19735,19.05494,19.089144,18.955027,18.330326,18.210495,18.31316,18.174608,19.580612,19.43453,19.131563,19.00726,18.594099,18.377657,0.0,0.0,0.0,0.0,0.0,0.0,0.0,0.0
28384,2023.0,7.0,17.0,2.0,19.437887,19.455608,18.475533,18.326588,19.164183,19.017405,19.054493,18.915789,18.302704,18.179552,18.280386,18.137693,19.54915,19.39956,19.09547,18.967888,18.341753,18.049898,0.0,0.0,0.0,0.0,0.0,0.0,0.0,0.0
28385,2023.0,7.0,17.0,2.0,19.410141,19.4262,18.45451,18.304497,19.135357,18.988134,19.024397,18.885273,18.277243,18.153078,18.250938,18.107416,19.520441,19.36985,19.062243,18.933859,18.445637,18.338547,0.0,0.0,0.0,0.0,0.0,0.0,0.0,0.0
28386,2023.0,7.0,17.0,3.0,19.381845,19.395329,18.431522,18.278378,19.104895,18.955034,18.992504,18.850748,18.250721,18.124485,18.220007,18.073982,19.490974,19.33828,19.028524,18.898346,18.418533,18.299446,0.0,0.0,0.0,0.0,0.0,0.0,0.0,0.0
28387,2023.0,7.0,17.0,3.0,19.35644,19.370037,18.412563,18.260443,19.078863,18.93058,18.965202,18.825142,18.226696,18.10108,18.499872,18.62363,19.464443,19.312447,18.997587,18.868177,18.384514,18.266258,0.0,0.0,0.0,0.0,4.0,0.0,0.0,0.0
28388,2023.0,7.0,17.0,3.0,19.330458,19.343307,18.392565,18.240072,19.051756,18.903494,18.936882,18.79685,18.202053,18.076178,18.274017,18.134653,19.437548,19.285322,18.966331,18.836796,18.35082,18.232342,0.0,0.0,0.0,0.0,0.0,0.0,0.0,0.0
28389,2023.0,7.0,17.0,3.0,19.305347,19.317938,18.373384,18.220903,19.025679,18.877981,18.909813,18.770327,18.178152,18.052504,18.192636,18.047142,19.411655,19.259714,18.936186,18.80707,19.052498,19.582493,0.0,0.0,0.0,0.0,0.0,0.0,0.0,4.0
28390,2023.0,7.0,17.0,3.0,19.280083,19.292034,18.353888,18.201096,18.999485,18.851877,18.882807,18.743324,18.154154,18.028412,18.158611,18.01362,19.38587,19.233862,18.906158,18.77709,18.380472,18.138124,0.0,0.0,0.0,0.0,0.0,0.0,0.0,0.0
28391,2023.0,7.0,17.0,3.0,19.253256,19.262815,18.332203,18.177038,18.971136,18.82117,18.853785,18.711744,18.128761,18.001328,18.123013,17.975441,19.358858,19.20515,18.874878,18.744171,18.155882,17.859999,0.0,0.0,0.0,0.0,0.0,0.0,0.0,0.0
28392,2023.0,7.0,17.0,4.0,19.228601,19.237755,18.313221,18.158508,18.94608,18.796883,18.828053,18.68676,18.105474,17.978304,18.09293,17.946053,19.334171,19.180744,18.845924,18.715559,18.267614,18.161123,0.0,0.0,0.0,0.0,0.0,0.0,0.0,0.0
28393,2023.0,7.0,17.0,4.0,19.203878,19.212378,18.293118,18.13769,18.920034,18.770302,18.801123,18.659302,18.08193,17.95451,18.062933,17.915592,19.309431,19.155811,18.816978,18.686493,18.24316,18.122688,0.0,0.0,0.0,0.0,0.0,0.0,0.0,0.0
28394,2023.0,7.0,17.0,4.0,19.179651,19.18784,18.273823,18.11855,18.895002,18.745611,18.775217,18.633783,18.058985,17.931782,18.034672,17.88768,19.28545,19.132092,18.788723,18.65854,18.211327,18.091095,0.0,0.0,0.0,0.0,0.0,0.0,0.0,0.0
28395,2023.0,7.0,17.0,4.0,19.164091,19.18055,18.254498,18.099373,18.870111,18.72104,18.749489,18.608412,18.036144,17.909164,18.007101,17.86046,19.261736,19.108643,18.760715,18.630838,18.180864,18.060902,0.0,0.0,0.0,0.0,0.0,0.0,0.0,0.0
28396,2023.0,7.0,17.0,4.0,19.150688,19.17564,18.235125,18.080141,18.845325,18.696554,18.723896,18.583153,18.013414,17.886665,17.980135,17.833853,19.23828,19.085455,18.732939,18.603373,18.151056,18.03138,0.0,0.0,0.0,0.0,0.0,0.0,0.0,0.0
28397,2023.0,7.0,17.0,4.0,19.13014,19.155268,18.216988,18.063408,18.821985,18.674854,18.699827,18.560795,17.991745,17.866032,18.262335,18.386286,19.215975,19.0642,18.706274,18.577791,18.12303,18.004505,0.0,0.0,0.0,0.0,4.0,0.0,0.0,0.0
28398,2023.0,7.0,17.0,5.0,19.107824,19.132559,18.197575,18.044096,18.797272,18.650429,18.674417,18.53568,17.969648,17.8442,18.03951,17.901234,19.193386,19.041906,18.679243,18.5511,18.095003,17.976772,0.0,0.0,0.0,0.0,0.0,0.0,0.0,0.0
28399,2023.0,7.0,17.0,5.0,19.087866,19.114822,18.181427,18.031017,18.775694,18.632113,18.652267,18.516768,18.523865,18.903715,17.963362,17.821371,19.896101,20.390848,18.65517,18.529682,18.070427,17.95485,0.0,0.0,0.0,4.0,0.0,4.0,0.0,0.0
28400,2023.0,7.0,17.0,5.0,19.068003,19.09669,18.165752,18.018307,18.75442,18.613625,18.630297,18.497606,18.155266,18.076042,17.936148,17.797197,19.40988,19.3261,18.6319,18.508522,18.047037,17.933535,0.0,0.0,0.0,0.0,0.0,0.0,0.0,0.0
28401,2023.0,7.0,17.0,5.0,19.738132,20.373068,18.150454,18.006104,18.733763,18.595823,18.608788,18.47905,18.023693,17.905846,17.91174,17.775568,19.074308,18.744835,18.610071,18.488962,18.02546,17.9142,0.0,0.0,0.0,0.0,0.0,0.0,0.0,0.0
28402,2023.0,7.0,17.0,5.0,19.93011,20.585909,18.13536,17.994213,18.713446,18.578487,19.275616,19.753119,17.991306,17.875622,17.891256,17.757887,18.974024,18.634287,18.589695,18.47099,18.005693,17.896809,0.0,0.0,4.0,0.0,0.0,0.0,0.0,0.0
28403,2023.0,7.0,17.0,5.0,19.194088,19.108269,18.120396,17.98248,18.693277,18.561367,18.887403,18.880407,17.96632,17.853119,17.873777,17.743292,19.89074,20.444012,18.570747,18.454496,17.987947,17.881487,0.0,0.0,0.0,0.0,0.0,4.0,0.0,0.0
28404,2023.0,7.0,17.0,6.0,18.918371,18.716942,18.10537,17.97052,18.673061,18.543953,18.477644,18.15921,17.94707,17.836105,17.859001,17.73125,19.231352,18.984482,18.552994,18.439043,17.972263,17.8681,0.0,0.0,0.0,0.0,0.0,0.0,0.0,0.0
28405,2023.0,7.0,17.0,6.0,21.2442,22.910046,18.09224,17.962214,21.242384,23.121204,21.34336,23.153461,17.9321,17.824848,17.848192,17.72476,21.233656,22.57226,21.562687,23.647982,18.710981,19.276367,0.0,0.0,0.0,0.0,0.0,0.0,4.0,4.0
28406,2023.0,7.0,17.0,6.0,20.987524,22.15857,18.078926,17.95404,20.980555,22.299112,20.998901,22.355488,17.919289,17.816015,18.130688,18.264366,21.020647,22.030958,20.981222,22.310055,20.175606,21.63604,0.0,4.0,0.0,0.0,4.0,0.0,4.0,0.0
28407,2023.0,7.0,17.0,6.0,21.052298,22.17773,18.5052,18.765903,21.047747,22.284185,21.045477,22.292093,18.499758,18.91903,20.258997,21.86975,21.032532,21.940477,21.060095,22.317863,18.772669,18.671692,4.0,0.0,0.0,4.0,0.0,0.0,0.0,0.0
28408,2023.0,7.0,17.0,6.0,21.196682,22.376749,20.208447,21.650688,21.222946,22.476997,21.207867,22.511631,20.2052,21.735329,19.011463,19.175564,21.167994,22.126661,21.215054,22.495909,18.90672,19.317453,0.0,4.0,0.0,0.0,0.0,0.0,0.0,4.0
28409,2023.0,7.0,17.0,6.0,21.013227,21.922575,19.112705,19.285585,21.025679,21.987963,21.037647,22.093231,18.797157,18.73374,18.650257,18.820782,20.997814,21.701048,21.044474,22.052038,20.127712,21.291836,0.0,4.0,0.0,0.0,4.0,4.0,0.0,4.0
28410,2023.0,7.0,17.0,7.0,21.045471,21.969906,18.499233,18.436632,21.024467,21.925873,21.037054,22.04027,18.765423,19.068367,20.20176,21.521757,21.011747,21.671553,21.043142,21.978249,20.23175,21.38825,0.0,4.0,0.0,4.0,0.0,4.0,0.0,0.0
28411,2023.0,7.0,17.0,7.0,21.011063,21.850004,18.367006,18.271458,21.023266,21.880623,21.036074,21.99979,20.18422,21.456217,19.156384,19.286797,21.039276,21.70425,21.032824,21.922003,19.743477,20.280462,0.0,4.0,0.0,0.0,0.0,0.0,0.0,4.0
28412,2023.0,7.0,17.0,7.0,21.0163,21.842772,18.73838,19.017595,21.02205,21.846766,21.010021,21.89878,18.957642,18.885246,18.928083,19.147259,21.0027,21.572311,21.033134,21.892841,20.048784,20.858715,4.0,4.0,4.0,0.0,4.0,4.0,0.0,4.0
28413,2023.0,7.0,17.0,7.0,21.27042,22.359772,20.179693,21.470926,21.021051,21.821081,21.290081,22.46244,18.512978,18.427214,20.145502,21.24342,21.353838,22.250498,21.344044,22.490023,20.54441,21.806608,0.0,4.0,0.0,0.0,4.0,4.0,0.0,4.0
28414,2023.0,7.0,17.0,7.0,21.03577,21.867682,19.503357,19.93886,21.045961,21.87225,21.01717,21.85278,18.444847,18.358849,20.02435,20.87171,21.035192,21.603907,21.0306,21.83398,20.050903,20.787956,4.0,0.0,4.0,0.0,0.0,0.0,0.0,0.0
28415,2023.0,7.0,17.0,7.0,21.00845,21.783373,20.123753,21.143831,21.013783,21.767536,21.021677,21.842619,18.389978,18.306982,19.102722,19.000004,20.999397,21.49219,21.076082,21.864586,19.94408,20.496824,4.0,4.0,4.0,0.0,0.0,4.0,4.0,4.0
28416,2023.0,7.0,17.0,8.0,21.01369,21.791815,20.026476,20.865355,21.018808,21.766264,21.020275,21.826971,19.120739,19.730785,18.605736,18.36224,21.034807,21.570913,21.034603,21.800432,20.050247,20.733175,0.0,4.0,4.0,4.0,0.0,0.0,0.0,0.0
28417,2023.0,7.0,17.0,8.0,20.145758,20.156301,19.14359,19.10314,20.58977,20.936193,20.033485,19.954824,20.124893,21.281816,18.589096,18.460663,20.945385,21.350996,20.091318,19.968987,19.23941,19.139261,0.0,4.0,0.0,0.0,0.0,4.0,0.0,0.0
28418,2023.0,7.0,17.0,8.0,20.342232,20.82595,18.642101,18.450623,20.394848,20.725916,20.0884,20.395702,19.052773,19.036215,18.587944,18.488209,20.2678,20.104116,20.555634,21.168552,19.664907,20.216887,0.0,4.0,4.0,0.0,0.0,0.0,4.0,4.0
28419,2023.0,7.0,17.0,8.0,19.831694,19.832779,19.078184,19.37809,20.354786,20.69872,19.594261,19.468044,18.662521,18.480328,18.560709,18.467667,20.008945,19.754633,20.736391,21.391321,20.06246,20.850208,4.0,4.0,0.0,0.0,0.0,0.0,4.0,0.0
28420,2023.0,7.0,17.0,8.0,20.208197,20.750183,20.1315,21.168932,20.320944,20.681524,19.271116,19.077744,18.626944,18.53548,18.911057,19.161373,19.899464,19.658262,19.914215,19.813196,19.228468,19.166002,0.0,4.0,0.0,0.0,4.0,0.0,0.0,0.0
28421,2023.0,7.0,17.0,8.0,20.356829,20.91111,19.649296,20.0923,20.295286,20.670998,19.138214,18.95001,18.592615,18.51561,20.153425,21.25527,19.932814,19.813795,19.521852,19.34174,18.833256,18.68395,4.0,4.0,0.0,0.0,0.0,0.0,0.0,0.0
28422,2023.0,7.0,17.0,9.0,19.784018,19.842577,20.107147,21.009323,20.277273,20.667376,19.145622,19.066923,18.5482,18.47537,19.310274,19.447157,20.678085,21.255762,19.39037,19.213387,18.781418,18.700485,0.0,4.0,0.0,0.0,0.0,4.0,0.0,0.0
28423,2023.0,7.0,17.0,9.0,20.152578,20.729792,19.258974,19.291166,19.725452,19.664038,19.787271,20.32125,18.51265,18.442667,19.216095,19.486364,20.169567,20.084085,19.311834,19.14577,18.74174,18.671947,0.0,0.0,4.0,0.0,4.0,0.0,0.0,0.0
28424,2023.0,7.0,17.0,9.0,19.68314,19.773449,19.295698,19.516876,19.463259,19.306479,19.851078,20.310843,18.491596,18.42348,20.12033,21.057423,19.932442,19.739891,19.331299,19.242561,19.602667,20.33588,4.0,0.0,4.0,0.0,0.0,0.0,0.0,4.0
28425,2023.0,7.0,17.0,9.0,19.403143,19.426123,20.096191,20.922682,19.336407,19.189548,19.853682,20.310776,18.471745,18.40605,19.388681,19.504505,19.856318,19.67033,19.314869,19.239075,20.017994,20.81548,4.0,0.0,4.0,0.0,0.0,0.0,0.0,4.0
28426,2023.0,7.0,17.0,9.0,19.328724,19.36713,20.004135,20.69297,19.254007,19.12449,19.335491,19.320875,19.18861,19.774122,18.96896,18.905874,20.656275,21.245922,19.279987,19.207964,20.030558,20.788778,4.0,0.0,0.0,4.0,0.0,4.0,0.0,0.0
28427,2023.0,7.0,17.0,9.0,19.353636,19.474436,20.014904,20.683353,19.251003,19.19846,19.702076,20.177572,20.109219,21.202627,18.869972,18.791914,20.872555,21.417498,19.247879,19.17814,19.290329,19.296787,4.0,0.0,4.0,0.0,0.0,4.0,0.0,0.0
28428,2023.0,7.0,17.0,10.0,20.048546,20.807724,20.030802,20.708643,19.22377,19.190151,19.330448,19.353899,19.203487,19.285326,18.832409,18.754719,20.268946,20.237474,19.221064,19.15347,18.943556,18.856083,0.0,0.0,0.0,0.0,0.0,0.0,0.0,0.0
28429,2023.0,7.0,17.0,10.0,19.604342,19.753843,19.720255,20.069868,19.177929,19.150454,19.699327,20.208996,18.765203,18.689335,18.807957,18.731031,19.986198,19.844675,19.19769,19.130774,18.838398,18.744629,4.0,0.0,4.0,0.0,0.0,0.0,0.0,0.0
28430,2023.0,7.0,17.0,10.0,19.402647,19.486994,20.07593,20.765612,19.140774,19.118425,19.263157,19.30329,18.712988,18.646786,18.797543,18.720774,20.659782,21.168806,19.181475,19.11525,18.817732,18.749863,0.0,0.0,0.0,0.0,0.0,4.0,0.0,0.0
28431,2023.0,7.0,17.0,10.0,19.327684,19.421001,19.424847,19.492455,19.102335,19.085224,19.006285,18.976551,18.683971,18.619888,18.788355,18.71275,20.947414,21.527197,19.165705,19.100222,18.787642,18.724,0.0,0.0,0.0,0.0,0.0,4.0,0.0,0.0
28432,2023.0,7.0,17.0,10.0,19.320452,19.458118,19.178429,19.176165,19.743134,20.320179,18.949709,18.922707,19.377974,19.943766,18.786745,18.711498,21.02585,21.612583,19.15495,19.090002,19.655678,20.386591,0.0,4.0,0.0,4.0,0.0,4.0,0.0,4.0
28433,2023.0,7.0,17.0,10.0,19.295465,19.441473,19.072771,19.071587,19.94105,20.556414,18.928747,18.925314,20.090406,21.085112,19.148129,19.389456,20.433765,20.448444,20.167198,21.011763,20.052225,20.950317,0.0,4.0,0.0,0.0,4.0,0.0,4.0,0.0
28434,2023.0,7.0,17.0,11.0,19.93061,20.663422,18.977839,18.980843,19.407572,19.491673,18.899351,18.903887,19.309395,19.421711,20.102133,20.986473,20.136251,20.01934,19.668861,19.738483,20.092499,20.856491,0.0,0.0,0.0,0.0,0.0,0.0,0.0,4.0
28435,2023.0,7.0,17.0,11.0,20.152725,20.871775,18.89764,18.901533,19.140423,19.141039,18.866219,18.872908,19.63786,20.21842,19.474068,19.623703,20.065084,19.94313,19.319168,19.250528,20.166874,20.926497,0.0,0.0,0.0,4.0,0.0,0.0,0.0,4.0
28436,2023.0,7.0,17.0,11.0,20.207014,20.924623,18.843067,18.8473,19.712547,20.259663,18.84022,18.84827,20.05601,20.886444,19.182455,19.127274,20.760075,21.282166,20.239082,21.028921,20.00471,20.614195,0.0,4.0,0.0,0.0,0.0,4.0,4.0,0.0
28437,2023.0,7.0,17.0,11.0,19.672504,19.879486,19.226477,19.616865,19.933308,20.498304,18.813122,18.823133,19.38905,19.487799,19.44895,19.686693,20.34151,20.298964,19.749308,19.81477,19.388245,19.387909,4.0,4.0,0.0,0.0,4.0,0.0,0.0,0.0
28438,2023.0,7.0,17.0,11.0,19.472115,19.609728,20.115164,21.140589,19.428877,19.515701,19.482035,20.101889,19.122,19.06158,20.07211,20.754848,20.90179,21.432323,19.500471,19.428852,19.183825,19.111517,0.0,0.0,4.0,0.0,0.0,4.0,0.0,0.0
28439,2023.0,7.0,17.0,11.0,20.059414,20.785856,19.375364,19.578745,19.80754,20.372507,19.156897,19.281202,19.024456,18.952806,19.518581,19.58103,20.457087,20.420488,19.414337,19.336744,19.105547,19.036144,0.0,4.0,0.0,0.0,0.0,0.0,0.0,0.0
28440,2023.0,7.0,17.0,12.0,20.20747,20.941545,19.036898,19.063377,19.386072,19.483225,18.957195,18.988743,18.982256,18.905806,19.639711,19.876059,20.270193,20.147884,19.378187,19.300854,19.054161,18.979397,0.0,0.0,0.0,0.0,4.0,0.0,0.0,0.0
28441,2023.0,7.0,17.0,12.0,21.13949,22.554245,18.939653,18.956602,21.223251,22.820887,21.234737,23.045208,18.953524,18.877092,20.05065,20.577665,21.111807,21.66234,21.256393,22.587454,19.014345,18.939508,0.0,0.0,4.0,0.0,0.0,0.0,0.0,0.0
28442,2023.0,7.0,17.0,12.0,21.016087,22.17796,18.863388,18.880276,21.007105,22.202173,21.01148,22.390177,18.92698,18.851292,19.551624,19.545586,21.006037,21.440691,20.998516,21.985826,18.977575,18.903748,0.0,0.0,0.0,0.0,0.0,0.0,0.0,0.0
28443,2023.0,7.0,17.0,12.0,21.071194,22.192154,18.800833,18.816048,21.077244,22.220518,21.092163,22.388615,18.906744,18.83232,19.318493,19.22867,21.03225,21.45902,21.064455,22.006844,18.949648,18.87762,0.0,0.0,0.0,0.0,0.0,0.0,0.0,0.0
28444,2023.0,7.0,17.0,12.0,21.021244,22.042885,19.216045,19.640905,21.024324,22.044262,21.026247,22.170942,18.89284,18.82107,19.270714,19.183994,21.01152,21.393435,21.019072,21.848034,18.929895,18.860868,4.0,0.0,0.0,0.0,0.0,0.0,0.0,0.0
28445,2023.0,7.0,17.0,12.0,21.027563,22.016937,20.115992,21.14048,21.005468,21.934338,21.034332,22.12116,18.882286,18.81273,19.239073,19.152662,21.013102,21.377327,21.024437,21.806808,18.914371,18.848026,0.0,4.0,0.0,0.0,0.0,0.0,0.0,0.0
28446,2023.0,7.0,17.0,13.0,21.026464,21.985521,19.379984,19.589943,21.037777,21.98082,21.007423,21.99927,18.875841,18.808506,19.219362,19.135252,21.392704,22.06467,21.02373,21.76377,18.903225,18.83941,0.0,0.0,4.0,0.0,0.0,4.0,0.0,0.0
28447,2023.0,7.0,17.0,13.0,21.05489,22.01521,18.936043,18.967262,21.064888,21.994825,21.072815,22.116684,18.8724,18.807123,19.205322,19.12266,21.469791,22.086828,21.052818,21.783207,18.89544,18.833834,0.0,0.0,0.0,0.0,0.0,4.0,0.0,0.0
28448,2023.0,7.0,17.0,13.0,21.020693,21.92991,18.855202,18.892418,21.022245,21.891375,21.026302,21.986473,18.871618,18.80841,19.196867,19.116947,20.963097,21.168198,21.017693,21.687601,18.890905,18.831621,0.0,0.0,0.0,0.0,0.0,0.0,0.0,0.0
28449,2023.0,7.0,17.0,13.0,21.026178,21.925856,18.80112,18.841217,21.003008,21.814508,21.033716,21.975204,18.872793,18.811441,19.191359,19.113728,21.403276,22.004982,21.022245,21.67333,19.83685,20.629715,0.0,4.0,0.0,0.0,0.0,4.0,0.0,4.0
28450,2023.0,7.0,17.0,13.0,21.052603,21.963045,18.754738,18.793745,21.059946,21.940857,21.019629,21.899193,18.875904,18.816692,19.188375,19.112844,21.561386,22.190058,21.04685,21.698973,20.0472,20.729221,0.0,0.0,4.0,0.0,0.0,4.0,0.0,0.0
28451,2023.0,7.0,17.0,13.0,21.020737,21.889044,18.723398,18.768822,21.023643,21.844383,21.035767,21.947897,18.879442,18.822147,19.18721,19.11415,21.608143,22.234758,21.017597,21.624565,19.430658,19.474886,0.0,0.0,0.0,0.0,0.0,4.0,0.0,0.0
28452,2023.0,7.0,17.0,14.0,21.024515,21.888533,18.694399,18.742962,21.028503,21.840546,21.030224,21.921646,18.883652,18.828869,19.18693,19.116743,20.971445,21.081047,21.020819,21.617516,19.207153,19.20261,0.0,0.0,0.0,0.0,0.0,0.0,0.0,0.0
28453,2023.0,7.0,17.0,14.0,20.383724,20.647348,19.108988,19.543499,20.333971,20.494581,20.265768,20.439247,18.886322,18.832924,19.1856,19.117294,20.73985,20.678112,20.4033,20.411816,19.122902,19.076963,4.0,0.0,0.0,0.0,0.0,0.0,0.0,0.0
28454,2023.0,7.0,17.0,14.0,20.121614,20.300592,20.130606,21.279507,20.017128,20.052315,19.927,19.972052,18.88819,18.836561,19.184334,19.118153,20.651232,20.57642,20.1794,20.115133,19.086004,19.035439,0.0,0.0,0.0,0.0,0.0,0.0,0.0,0.0
28455,2023.0,7.0,17.0,14.0,19.984156,20.162233,19.34672,19.595556,20.502394,21.098766,19.750435,19.788607,18.889355,18.839592,19.18338,19.11948,20.599047,20.530413,20.070341,20.006868,19.059269,19.010427,0.0,4.0,0.0,0.0,0.0,0.0,0.0,0.0
28456,2023.0,7.0,17.0,14.0,19.89831,20.074139,19.006395,19.073357,20.062794,20.200544,19.645388,19.679674,18.889645,18.842022,19.183193,19.12195,20.55273,20.479612,19.999533,19.935295,19.040037,18.99263,0.0,0.0,0.0,0.0,0.0,0.0,0.0,0.0
28457,2023.0,7.0,17.0,14.0,19.827858,20.006138,18.921034,18.978264,19.847908,19.918108,19.560452,19.597723,18.889002,18.843554,19.182167,19.123762,20.514772,20.443964,20.92999,21.750198,19.022781,18.977724,0.0,0.0,0.0,0.0,0.0,0.0,4.0,0.0
28458,2023.0,7.0,17.0,15.0,19.766867,19.94428,18.866255,18.923582,19.764074,19.836712,19.488182,19.52685,19.599123,20.186167,19.180136,19.12459,20.481983,20.413746,20.346813,20.478369,19.007044,18.96413,0.0,0.0,0.0,4.0,0.0,0.0,0.0,0.0
28459,2023.0,7.0,17.0,15.0,19.724575,19.91245,18.825583,18.883663,19.659061,19.696598,19.425447,19.465906,20.052353,20.876844,19.176888,19.123817,21.210005,21.826183,21.01417,21.827482,18.99226,18.95134,0.0,0.0,0.0,0.0,0.0,4.0,4.0,0.0
28460,2023.0,7.0,17.0,15.0,19.680819,19.873861,19.224339,19.665363,19.574116,19.606436,19.361437,19.404352,19.491688,19.675802,19.172483,19.121948,21.485819,22.155918,20.398125,20.457447,18.976599,18.937868,4.0,0.0,0.0,0.0,0.0,4.0,0.0,0.0
28461,2023.0,7.0,17.0,15.0,19.644379,19.83674,20.115873,21.178999,19.522484,19.55379,19.31421,19.357553,19.263367,19.299505,19.167751,19.11987,20.835072,20.869902,20.147411,20.120604,18.96353,18.926804,0.0,0.0,0.0,0.0,0.0,0.0,0.0,0.0
28462,2023.0,7.0,17.0,15.0,19.60645,19.80008,19.389868,19.62824,19.471853,19.505905,19.266119,19.312517,19.137346,19.11167,19.518675,19.784883,20.587076,20.548943,20.05002,20.027912,18.949717,18.91556,0.0,0.0,0.0,0.0,4.0,0.0,0.0,0.0
28463,2023.0,7.0,17.0,15.0,19.577484,19.770882,19.07535,19.149296,19.433487,19.468473,19.894985,20.526829,19.084167,19.0493,20.059767,20.697886,20.533043,20.493032,19.98916,19.970654,19.830187,20.592615,0.0,0.0,4.0,0.0,0.0,0.0,0.0,4.0
28464,2023.0,7.0,17.0,16.0,19.54656,19.740278,18.973177,19.036266,19.393522,19.430452,19.55019,19.685764,19.051214,19.017977,19.5658,19.64666,20.493399,20.458334,19.903122,19.858099,20.014008,20.701086,0.0,0.0,0.0,0.0,0.0,0.0,0.0,0.0
28465,2023.0,7.0,17.0,16.0,19.518679,19.712612,18.911728,18.973871,19.357687,19.396372,19.35019,19.47044,19.02536,18.994455,19.318672,19.292994,21.212746,21.856731,19.840471,19.795715,19.46039,19.56515,0.0,0.0,0.0,0.0,0.0,4.0,0.0,0.0
28466,2023.0,7.0,17.0,16.0,19.497398,19.690952,18.873875,18.935226,19.330452,19.37018,19.314728,19.436113,19.006924,18.978096,19.275023,19.241207,20.759134,20.883844,19.79984,19.757088,20.121023,20.893604,0.0,0.0,0.0,0.0,0.0,0.0,0.0,4.0
28467,2023.0,7.0,17.0,16.0,19.476736,19.66932,18.84115,18.901848,19.30422,19.344357,19.220337,19.275429,18.989883,18.96297,19.252686,19.21961,20.530066,20.507507,19.762875,19.721687,19.979246,20.555246,0.0,0.0,0.0,0.0,0.0,0.0,0.0,0.0
28468,2023.0,7.0,17.0,16.0,19.457296,19.650766,18.812044,18.875458,19.960136,20.602667,19.170473,19.224077,18.973898,18.950161,19.23231,19.202745,20.469604,20.450462,19.728636,19.69163,19.498764,19.587727,0.0,4.0,0.0,0.0,0.0,0.0,0.0,0.0
28469,2023.0,7.0,17.0,16.0,19.440575,19.633068,18.788647,18.85078,20.1394,20.790323,19.140217,19.19121,18.960365,18.938353,19.215094,19.18684,20.4074,20.36257,19.699665,19.663958,19.344137,19.374409,0.0,4.0,0.0,0.0,0.0,0.0,0.0,0.0
28470,2023.0,7.0,17.0,17.0,19.426527,19.61981,18.771158,18.836317,19.673931,19.858658,19.118603,19.172647,19.657534,20.266546,19.558935,19.848701,20.376991,20.337423,19.67615,19.644688,19.245293,19.230593,0.0,0.0,0.0,4.0,4.0,0.0,0.0,0.0
28471,2023.0,7.0,17.0,17.0,19.41093,19.602009,18.75284,18.81727,19.505777,19.615522,19.09605,19.149443,20.054777,20.861496,20.063314,20.706396,20.347614,20.30916,19.652576,19.622643,19.181608,19.15949,0.0,0.0,0.0,0.0,0.0,0.0,0.0,0.0
28472,2023.0,7.0,17.0,17.0,19.392546,19.580902,18.7351,18.7999,19.45082,19.561363,19.737295,20.373152,19.510796,19.706814,19.63126,19.79226,21.121143,21.80228,20.623594,21.482117,19.135813,19.116665,0.0,0.0,4.0,0.0,0.0,4.0,4.0,0.0
28473,2023.0,7.0,17.0,17.0,19.394241,19.592955,18.721176,18.784752,19.417397,19.526606,19.360018,19.514835,19.283274,19.34288,19.394157,19.395767,20.657192,20.789032,20.056498,20.205463,19.102259,19.0838,0.0,0.0,0.0,0.0,0.0,0.0,0.0,0.0
28474,2023.0,7.0,17.0,17.0,19.385626,19.583805,18.708366,18.771257,20.01266,20.662045,19.231262,19.349384,19.891716,20.526482,19.324026,19.30534,20.441238,20.441647,19.826792,19.84547,19.072954,19.056265,0.0,4.0,0.0,4.0,0.0,0.0,0.0,0.0
28475,2023.0,7.0,17.0,17.0,19.376682,19.573807,19.142927,19.595234,19.6263,19.80568,19.20871,19.331352,20.01999,20.68039,19.284695,19.266592,20.386381,20.379652,19.764223,19.777761,19.046722,19.032137,4.0,0.0,0.0,0.0,0.0,0.0,0.0,0.0
28476,2023.0,7.0,17.0,18.0,19.361917,19.55285,20.104355,21.15635,20.016514,20.656025,19.753384,20.36472,19.539059,19.69149,19.247107,19.232138,20.326551,20.302021,19.720701,19.737835,19.018873,19.00678,4.0,4.0,4.0,0.0,0.0,0.0,0.0,0.0
28477,2023.0,7.0,17.0,18.0,21.229382,22.85162,20.013004,20.868578,21.118052,22.428272,21.180767,22.72848,19.29118,19.354322,19.21383,19.199333,21.173727,21.883314,21.24924,22.503937,18.991928,18.98075,0.0,4.0,0.0,0.0,0.0,0.0,0.0,0.0
28478,2023.0,7.0,17.0,18.0,20.998428,22.203766,19.412983,19.628374,21.020277,22.112516,21.012844,22.217573,19.155336,19.147459,19.183832,19.169952,21.30305,22.022438,21.003149,21.877792,18.967585,18.957073,0.0,0.0,0.0,0.0,0.0,4.0,0.0,0.0
28479,2023.0,7.0,17.0,18.0,21.028826,22.14553,19.117058,19.245314,21.003546,21.960512,21.008074,22.072392,19.089066,19.076574,19.544668,19.87653,20.972605,21.369205,21.02476,21.836712,18.946531,18.937141,0.0,4.0,4.0,0.0,4.0,0.0,0.0,0.0
28480,2023.0,7.0,17.0,18.0,20.99669,21.979914,19.417788,19.858952,21.034027,21.97451,21.010845,22.001305,19.048456,19.036108,20.062588,20.726349,21.018484,21.444658,21.020952,21.770723,18.927586,18.919199,4.0,0.0,4.0,0.0,0.0,0.0,0.0,0.0
28481,2023.0,7.0,17.0,18.0,21.003777,21.942734,20.094866,20.981884,21.027515,21.90748,21.03645,22.018164,19.01616,19.005817,19.557484,19.66706,21.013992,21.422958,21.021816,21.730162,18.911224,18.904543,0.0,0.0,0.0,0.0,0.0,0.0,0.0,0.0
28482,2023.0,7.0,17.0,19.0,21.032135,21.979622,19.44848,19.632746,21.027908,21.865887,21.030333,21.959217,18.988445,18.979694,19.292154,19.29991,21.013147,21.41319,21.021654,21.698542,18.895939,18.890358,0.0,0.0,0.0,0.0,0.0,0.0,0.0,0.0
28483,2023.0,7.0,17.0,19.0,21.025213,21.929533,19.095242,19.159367,21.02522,21.831373,21.0304,21.921122,18.964117,18.956703,19.213253,19.206326,21.013006,21.406368,21.322252,22.210737,19.826834,20.669125,0.0,0.0,0.0,0.0,0.0,0.0,4.0,4.0
28484,2023.0,7.0,17.0,19.0,21.024935,21.898096,18.991444,19.030739,21.024414,21.806,21.026781,21.887335,18.9416,18.934814,19.17042,19.161436,21.383955,22.089455,20.968786,21.524143,20.161816,20.966787,0.0,0.0,0.0,0.0,0.0,4.0,0.0,4.0
28485,2023.0,7.0,17.0,19.0,21.024597,21.871704,18.934708,18.969934,21.023962,21.78546,21.026436,21.864079,18.92108,18.915024,19.135422,19.126692,20.96159,21.255564,21.31987,22.163864,20.257303,21.05349,0.0,0.0,0.0,0.0,0.0,0.0,4.0,4.0
28486,2023.0,7.0,17.0,19.0,21.0227,21.85033,19.333048,19.753035,21.024174,21.768808,21.026659,21.84497,19.653002,20.317972,19.104864,19.097906,21.019276,21.379004,20.979961,21.503563,19.989527,20.535769,4.0,0.0,0.0,4.0,0.0,0.0,0.0,0.0
28487,2023.0,7.0,17.0,19.0,21.022226,21.834208,20.097477,21.010515,21.023706,21.753801,21.026085,21.827702,20.040407,20.80324,19.074785,19.067913,21.013933,21.371847,21.028,21.604313,19.485641,19.541393,0.0,0.0,0.0,0.0,0.0,0.0,0.0,0.0
28488,2023.0,7.0,17.0,20.0,21.021261,21.819855,19.4361,19.61755,21.023565,21.741486,21.026033,21.813917,19.433586,19.538427,19.048645,19.043892,21.382145,22.059305,21.021366,21.589426,19.259493,19.271269,0.0,0.0,0.0,0.0,0.0,4.0,0.0,0.0
28489,2023.0,7.0,17.0,20.0,21.021557,21.808416,19.47306,19.864716,21.023386,21.730185,21.025896,21.801548,19.140558,19.154518,19.020542,19.015038,20.969982,21.251265,21.022392,21.587713,20.081148,20.89838,4.0,0.0,0.0,0.0,0.0,0.0,0.0,4.0
28490,2023.0,7.0,17.0,20.0,21.021887,21.79821,20.088863,20.899923,21.023167,21.719755,21.025532,21.789444,19.053991,19.05497,18.989946,18.982748,21.021202,21.368423,21.020168,21.58433,19.983696,20.517023,0.0,0.0,0.0,0.0,0.0,0.0,0.0,0.0
28491,2023.0,7.0,17.0,20.0,21.020956,21.787582,19.45055,19.581333,21.023088,21.710476,21.025354,21.778612,18.995995,18.98873,18.961351,18.954493,21.29403,21.87197,21.020401,21.5846,19.470398,19.502224,0.0,0.0,0.0,0.0,0.0,4.0,0.0,0.0
28492,2023.0,7.0,17.0,20.0,21.020695,21.778393,19.112366,19.137318,21.022657,21.701023,21.025066,21.768702,18.94912,18.93955,18.931877,18.923824,20.97343,21.259794,21.020472,21.583927,19.214314,19.189432,0.0,0.0,0.0,0.0,0.0,0.0,0.0,0.0
28493,2023.0,7.0,17.0,20.0,21.020868,21.770844,19.018274,19.029678,20.99689,21.621468,20.999376,21.688906,19.658419,20.31527,19.274536,19.592894,21.269894,21.823065,21.020721,21.582842,19.120953,19.08932,0.0,4.0,4.0,4.0,4.0,4.0,0.0,0.0
28494,2023.0,7.0,17.0,21.0,21.02117,21.762634,18.955055,18.958643,21.028423,21.70355,21.030756,21.770247,20.044426,20.799194,20.104628,20.963572,20.982115,21.267918,21.020555,21.580372,19.074081,19.058376,0.0,0.0,0.0,0.0,0.0,0.0,0.0,0.0
28495,2023.0,7.0,17.0,21.0,21.020735,21.75332,18.905235,18.903296,21.026712,21.683472,21.002953,21.677734,19.982073,20.54784,19.764933,20.155018,21.262146,21.801823,21.020826,21.57825,19.03021,19.015465,0.0,0.0,4.0,4.0,4.0,4.0,0.0,0.0
28496,2023.0,7.0,17.0,21.0,21.02011,21.744856,18.863167,18.856121,20.999983,21.595598,21.035715,21.753494,20.002827,20.560133,20.061678,20.717485,20.980137,21.262094,21.020035,21.57416,18.987658,18.972734,0.0,4.0,0.0,4.0,4.0,0.0,0.0,0.0
28497,2023.0,7.0,17.0,21.0,21.069296,21.802015,18.827623,18.81624,21.033005,21.674631,21.028294,21.72554,20.027285,20.595646,20.018452,20.588043,21.021807,21.354607,21.398104,22.259663,18.949095,18.933477,0.0,0.0,0.0,0.0,0.0,0.0,4.0,0.0
28498,2023.0,7.0,17.0,21.0,21.020258,21.720348,18.797201,18.782492,21.02657,21.6495,21.02946,21.713581,19.416485,19.382368,19.429867,19.409975,21.017805,21.351425,21.37236,22.074972,18.91333,18.894865,0.0,0.0,0.0,0.0,0.0,0.0,4.0,0.0
28499,2023.0,7.0,17.0,21.0,21.02515,21.719639,18.767197,18.747025,20.999506,21.563398,21.023281,21.700518,19.118273,19.026112,19.111555,19.007498,21.018425,21.354876,20.97453,21.410217,18.878567,18.856539,0.0,4.0,0.0,0.0,0.0,0.0,0.0,0.0
28500,2023.0,7.0,17.0,22.0,21.049702,21.754663,18.73978,18.71481,21.055595,21.698086,21.0495,21.74833,19.008753,18.908028,19.073954,19.036655,21.028547,21.384987,21.049715,21.589083,18.847538,18.822851,0.0,0.0,0.0,0.0,0.0,0.0,0.0,0.0
28501,2023.0,7.0,17.0,22.0,21.040337,21.729485,18.715605,18.687416,21.054255,21.664616,21.048832,21.734528,19.002886,18.971167,19.02497,18.989555,21.028975,21.389221,21.048597,21.562593,18.819208,18.791925,0.0,0.0,0.0,0.0,0.0,0.0,0.0,0.0
28502,2023.0,7.0,17.0,22.0,21.040403,21.729563,18.692871,18.661451,21.043293,21.645887,21.04869,21.729649,18.965635,18.935453,18.96625,18.925646,21.028793,21.392962,21.049135,21.563261,18.79245,18.76254,0.0,0.0,0.0,0.0,0.0,0.0,0.0,0.0
28503,2023.0,7.0,17.0,22.0,21.016499,21.685219,18.67286,18.639734,21.018665,21.603031,21.020452,21.67548,18.917227,18.881662,18.913536,18.872046,21.346504,21.981632,21.015923,21.5107,18.767324,18.734888,0.0,0.0,0.0,0.0,0.0,4.0,0.0,0.0
28504,2023.0,7.0,17.0,22.0,21.020088,21.69085,18.652067,18.615469,21.022018,21.60921,21.024408,21.68111,18.870348,18.831064,18.862612,18.817408,20.974115,21.250114,21.020802,21.526615,18.742453,18.706924,0.0,0.0,0.0,0.0,0.0,0.0,0.0,0.0
28505,2023.0,7.0,17.0,22.0,21.041407,21.729546,18.630688,18.58921,21.044224,21.649714,21.049208,21.725382,18.829044,18.786718,18.8146,18.764412,21.040543,21.395159,21.04086,21.569134,18.719637,18.681671,0.0,0.0,0.0,0.0,0.0,0.0,0.0,0.0
28506,2023.0,7.0,17.0,23.0,21.092539,21.788546,18.611372,18.566387,21.005688,21.53568,21.048782,21.712524,18.792082,18.746822,18.771963,18.71846,21.040808,21.382454,21.041393,21.564808,18.697947,18.657244,0.0,4.0,0.0,0.0,0.0,0.0,0.0,0.0
28507,2023.0,7.0,17.0,23.0,20.377142,20.41916,18.596418,18.55176,20.2913,20.19782,20.405783,20.472263,19.33924,19.801817,18.73663,18.684395,20.629175,20.601507,20.46716,20.458338,18.67932,18.638363,0.0,0.0,0.0,4.0,0.0,0.0,0.0,0.0
28508,2023.0,7.0,17.0,23.0,20.08202,20.018879,18.582094,18.535477,19.961742,19.73025,20.10726,20.05785,18.95287,18.942225,18.70525,18.65022,20.471495,20.401169,20.25119,20.191647,18.662212,18.619432,0.0,0.0,0.0,0.0,0.0,0.0,0.0,0.0
28509,2023.0,7.0,17.0,23.0,19.957115,19.891115,18.568727,18.520935,19.823631,19.584824,19.977627,19.922606,18.734808,18.603163,18.676394,18.62023,20.392523,20.321915,21.119867,21.931992,18.645447,18.601562,0.0,0.0,0.0,0.0,0.0,0.0,4.0,0.0
28510,2023.0,7.0,17.0,23.0,20.000933,20.073938,18.555365,18.506062,19.858524,19.756752,19.877214,19.820347,18.654224,18.51139,18.64838,18.590532,20.322737,20.250378,20.303436,20.21009,18.628122,18.582838,0.0,0.0,0.0,0.0,0.0,0.0,0.0,0.0
28511,2023.0,7.0,17.0,23.0,20.670021,21.376438,18.54203,18.49107,20.48349,20.979403,19.792141,19.733486,18.684273,18.621187,18.910824,19.101984,20.260265,20.185766,20.920063,21.557152,18.610504,18.563667,0.0,4.0,0.0,0.0,4.0,0.0,4.0,0.0
28512,2023.0,7.0,18.0,0.0,20.081215,20.127365,18.528982,18.476326,20.098637,20.154951,19.718225,19.658407,18.679106,18.625118,18.729542,18.704145,20.204344,20.128033,20.210398,20.086414,18.592981,18.544651,0.0,0.0,0.0,0.0,0.0,0.0,0.0,0.0
28513,2023.0,7.0,18.0,0.0,19.792086,19.704672,18.514326,18.458014,19.677797,19.42995,19.647835,19.582308,18.65459,18.597897,18.626287,18.560854,20.15078,20.069649,19.91582,19.703907,18.57412,18.522842,0.0,0.0,0.0,0.0,0.0,0.0,0.0,0.0
28514,2023.0,7.0,18.0,0.0,19.693146,19.598858,18.499567,18.43962,19.547098,19.27939,19.585377,19.516031,18.62985,18.570393,18.5914,18.52233,20.1026,20.018286,19.797392,19.583302,18.555553,18.501806,0.0,0.0,0.0,0.0,0.0,0.0,0.0,0.0
28515,2023.0,7.0,18.0,0.0,19.799297,19.885052,18.485327,18.422419,19.646187,19.559248,19.53008,19.45915,18.605541,18.543793,18.559889,18.48831,20.058239,19.97166,19.70085,19.486752,18.537106,18.481184,0.0,0.0,0.0,0.0,0.0,0.0,0.0,0.0
28516,2023.0,7.0,18.0,0.0,19.772633,19.857641,18.470917,18.40501,19.614065,19.527504,19.47889,19.406288,18.581451,18.517385,18.530577,18.456429,20.016335,19.927452,19.764767,19.697157,18.518457,18.460352,0.0,0.0,0.0,0.0,0.0,0.0,0.0,0.0
28517,2023.0,7.0,18.0,0.0,19.734196,19.815823,18.456333,18.387386,19.572252,19.484407,19.431168,19.356798,18.557621,18.491222,18.50223,18.425505,19.976603,19.88539,19.720188,19.641012,18.4996,18.4393,0.0,0.0,0.0,0.0,0.0,0.0,0.0,0.0
28518,2023.0,7.0,18.0,1.0,19.69755,19.777008,18.441568,18.369534,19.531683,19.442291,19.386404,19.310171,18.53405,18.465303,18.474615,18.395292,19.938765,19.845198,19.670591,19.589384,18.48052,18.418016,0.0,0.0,0.0,0.0,0.0,0.0,0.0,0.0
28519,2023.0,7.0,18.0,1.0,19.66129,19.737034,18.42619,18.350529,19.492228,19.400654,19.343922,19.265268,18.510437,18.439016,18.44719,18.364887,19.902323,19.80606,19.622917,19.53941,18.460981,18.395971,0.0,0.0,0.0,0.0,0.0,0.0,0.0,0.0
28520,2023.0,7.0,18.0,1.0,19.628979,19.704098,18.412395,18.335052,19.45776,19.367529,19.307125,19.229872,18.488472,18.416082,18.42215,18.339201,19.869436,19.772875,20.509085,21.247185,18.44232,18.376099,0.0,0.0,0.0,0.0,0.0,0.0,4.0,0.0
28521,2023.0,7.0,18.0,1.0,19.59524,19.667072,18.396498,18.315538,19.421417,19.328718,19.268389,19.188555,18.464949,18.389952,18.681662,18.843702,19.835373,19.736143,19.741037,19.591106,18.422165,18.353516,0.0,0.0,0.0,0.0,4.0,0.0,0.0,0.0
28522,2023.0,7.0,18.0,1.0,19.5605,19.62689,18.379059,18.293013,19.384182,19.286413,19.228718,19.143631,18.439981,18.36096,18.467655,18.379662,19.800335,19.696527,19.45535,19.207062,18.400534,18.328293,0.0,0.0,0.0,0.0,0.0,0.0,0.0,0.0
28523,2023.0,7.0,18.0,1.0,19.530485,19.59514,18.363882,18.275028,19.352194,19.253527,19.194973,19.10896,18.417349,18.3367,18.398485,18.306587,19.769318,19.664162,19.363865,19.11639,19.109165,19.678293,0.0,0.0,0.0,0.0,0.0,0.0,0.0,4.0
28524,2023.0,7.0,18.0,2.0,19.499355,19.560303,18.347174,18.254251,19.318863,19.21714,19.160278,19.070923,18.393347,18.309803,18.658155,18.819593,19.737415,19.629265,19.282822,19.031502,18.629831,18.60594,0.0,0.0,0.0,0.0,4.0,0.0,0.0,0.0
28525,2023.0,7.0,18.0,2.0,19.469908,19.528074,18.331467,18.235697,19.287287,19.183514,19.127825,19.03599,18.370106,18.284563,18.442678,18.35913,19.706938,19.596748,19.36472,19.260622,18.33864,18.127117,0.0,0.0,0.0,0.0,0.0,0.0,0.0,0.0
28526,2023.0,7.0,18.0,2.0,19.441708,19.497349,18.31632,18.217995,19.25705,19.151535,19.096996,19.003,18.347345,18.260027,18.677393,18.85955,19.677576,19.565615,19.356064,19.258524,18.246504,18.02458,0.0,0.0,0.0,0.0,4.0,0.0,0.0,0.0
28527,2023.0,7.0,18.0,2.0,19.416052,19.47095,18.302425,18.20278,19.229671,19.12439,19.06905,18.97504,18.908936,19.333487,18.446692,18.373644,19.65036,19.538158,19.325943,19.228626,18.318174,18.22471,0.0,0.0,0.0,4.0,0.0,0.0,0.0,0.0
28528,2023.0,7.0,18.0,2.0,19.38974,19.442425,18.28756,18.185583,19.201395,19.094646,19.040104,18.944412,18.520618,18.468678,18.644299,18.8044,19.622406,19.5087,19.29286,19.19432,18.320856,18.237776,0.0,0.0,0.0,0.0,4.0,0.0,0.0,0.0
28529,2023.0,7.0,18.0,2.0,19.36456,19.415344,18.272781,18.168625,19.173996,19.066,19.012066,18.914948,18.39039,18.300383,18.234419,17.96344,19.595133,19.480165,19.259745,19.160196,18.29952,18.215792,0.0,0.0,0.0,0.0,0.0,0.0,0.0,0.0
28530,2023.0,7.0,18.0,3.0,19.338842,19.3868,18.257196,18.150196,19.146103,19.035803,18.983583,18.883959,18.348597,18.255491,18.398237,18.391977,19.567482,19.45051,19.22613,19.124733,18.275848,18.190287,0.0,0.0,0.0,0.0,4.0,0.0,0.0,0.0
28531,2023.0,7.0,18.0,3.0,19.315199,19.362087,18.242832,18.134613,19.120768,19.010143,18.95768,18.85762,18.314516,18.220964,18.11458,17.817604,19.541687,19.42418,19.194582,19.092878,18.253086,18.166916,0.0,0.0,0.0,0.0,0.0,0.0,0.0,0.0
28532,2023.0,7.0,18.0,3.0,19.290636,19.335447,18.22744,18.117304,19.094555,18.982452,18.930866,18.829214,18.283138,18.187933,18.19022,18.087116,19.515295,19.396408,19.162477,19.059555,18.229626,18.142155,0.0,0.0,0.0,0.0,0.0,0.0,0.0,0.0
28533,2023.0,7.0,18.0,3.0,19.266634,19.30956,18.211403,18.0991,19.068495,18.954527,18.904135,18.80054,18.253693,18.156883,18.181618,18.070494,19.489225,19.368908,19.13097,19.026825,18.206358,18.117573,0.0,0.0,0.0,0.0,0.0,0.0,0.0,0.0
28534,2023.0,7.0,18.0,3.0,19.248566,19.295486,18.19738,18.085323,19.045668,18.932974,18.880737,18.778429,18.227757,18.131727,18.444082,18.587162,19.465319,19.345613,19.10179,18.998524,18.913055,19.467312,0.0,0.0,0.0,0.0,4.0,0.0,0.0,4.0
28535,2023.0,7.0,18.0,3.0,19.239326,19.296473,18.181587,18.067926,19.020763,18.906889,18.855442,18.751806,18.200777,18.103575,18.571667,18.765148,19.43998,19.31919,19.071224,18.967026,18.432503,18.396614,0.0,0.0,0.0,0.0,4.0,0.0,0.0,0.0
28536,2023.0,7.0,18.0,4.0,19.218616,19.274231,18.165613,18.049889,18.995644,18.880114,18.83033,18.724754,18.17409,18.075367,18.274721,18.178486,19.414465,19.29225,19.04058,18.935074,18.117817,17.87265,0.0,0.0,0.0,0.0,0.0,0.0,0.0,0.0
28537,2023.0,7.0,18.0,4.0,19.196245,19.249384,18.148743,18.030035,18.969688,18.851496,18.804491,18.695993,18.147358,18.046606,18.172865,18.056349,19.388584,19.26444,19.009758,18.90252,18.015497,17.758928,0.0,0.0,0.0,0.0,0.0,0.0,0.0,0.0
28538,2023.0,7.0,18.0,4.0,19.17439,19.225832,18.132664,18.012201,18.945227,18.825811,18.779942,18.670097,18.12189,18.020094,18.128523,18.01101,19.363617,19.238434,18.979939,18.871851,18.114935,18.020561,0.0,0.0,0.0,0.0,0.0,0.0,0.0,0.0
28539,2023.0,7.0,18.0,4.0,19.15222,19.201834,18.116205,17.994053,18.920816,18.800161,18.755226,18.64412,18.096628,17.993795,18.088312,17.96976,19.33868,19.212456,18.950232,18.841291,18.107489,18.012547,0.0,0.0,0.0,0.0,0.0,0.0,0.0,0.0
28540,2023.0,7.0,18.0,4.0,19.129892,19.17768,18.09941,17.975601,18.896442,18.77453,18.730484,18.61812,18.071524,17.967653,18.051285,17.931646,19.313766,19.186502,18.92062,18.81083,18.084032,17.988102,0.0,0.0,0.0,0.0,0.0,0.0,0.0,0.0
28541,2023.0,7.0,18.0,4.0,19.10753,19.15348,18.082392,17.956936,18.872206,18.749,18.705875,18.59222,18.046738,17.941843,18.016289,17.895573,19.289045,19.160753,18.89129,18.780657,18.059303,17.962385,0.0,0.0,0.0,0.0,0.0,0.0,0.0,0.0
28542,2023.0,7.0,18.0,5.0,19.085012,19.129133,18.065063,17.937979,18.847923,18.72342,18.681227,18.566275,18.022207,17.916304,17.982832,17.86105,19.264515,19.135206,18.862173,18.750708,18.034222,17.936354,0.0,0.0,0.0,0.0,0.0,0.0,0.0,0.0
28543,2023.0,7.0,18.0,5.0,19.06566,19.111235,18.0519,17.927595,18.828005,18.706562,18.660948,18.549057,18.001188,17.89741,18.263527,18.414862,19.243446,19.11627,18.836308,18.72693,18.012274,17.91631,0.0,0.0,0.0,0.0,4.0,0.0,0.0,0.0
28544,2023.0,7.0,18.0,5.0,19.045776,19.09194,18.038208,17.915592,18.807137,18.68726,18.639744,18.529366,17.9803,17.877588,18.02744,17.909075,19.222464,19.096424,18.810415,18.702068,17.99044,17.895432,0.0,0.0,0.0,0.0,0.0,0.0,0.0,0.0
28545,2023.0,7.0,18.0,5.0,19.027487,19.075495,18.02583,17.90574,18.788004,18.671007,18.620417,18.512848,17.961674,17.861145,17.96041,17.845528,19.20359,19.079779,18.786787,18.680714,18.69892,19.248434,0.0,0.0,0.0,0.0,0.0,0.0,0.0,4.0
28546,2023.0,7.0,18.0,5.0,19.69123,20.338007,18.464682,18.740253,19.453505,19.940615,18.600557,18.494766,17.943546,17.844439,17.929485,17.816296,19.185125,19.062798,18.76341,18.658743,18.230871,18.201752,4.0,4.0,0.0,0.0,0.0,0.0,0.0,0.0
28547,2023.0,7.0,18.0,5.0,19.260279,19.382303,18.225363,18.198122,19.055058,19.046469,18.580967,18.476765,17.927198,17.829462,17.902367,17.790651,19.168316,19.04743,18.74159,18.638262,17.92225,17.68676,0.0,0.0,0.0,0.0,0.0,0.0,0.0,0.0
28548,2023.0,7.0,18.0,6.0,18.898508,18.753195,18.08537,17.979874,18.652027,18.334288,18.561815,18.459558,17.913513,17.817444,17.880466,17.770596,19.153967,19.034828,19.685652,20.435005,17.829132,17.586367,0.0,0.0,0.0,0.0,0.0,0.0,4.0,0.0
28549,2023.0,7.0,18.0,6.0,21.252962,22.994486,18.049812,17.941298,21.335796,23.003813,21.253466,23.254026,18.492687,18.918695,17.864975,17.759975,21.254946,22.679077,21.20282,22.924183,17.92078,17.824734,0.0,4.0,0.0,4.0,0.0,0.0,0.0,0.0
28550,2023.0,7.0,18.0,6.0,20.975603,22.212257,18.02898,17.926123,21.016512,22.26738,21.004807,22.461323,20.177755,21.6762,17.852753,17.753197,21.009193,22.078222,21.027216,22.318153,17.9545,17.872875,0.0,0.0,0.0,4.0,0.0,0.0,0.0,0.0
28551,2023.0,7.0,18.0,6.0,21.027042,22.166466,18.013212,17.916042,21.0257,22.108814,21.044277,22.358332,20.027115,21.171368,17.845158,17.750917,21.033184,21.993015,21.047009,22.187696,18.721018,19.332418,0.0,4.0,0.0,0.0,0.0,0.0,0.0,4.0
28552,2023.0,7.0,18.0,6.0,21.04637,22.130354,18.000536,17.909292,21.05014,22.07597,21.03832,22.226103,18.86251,18.76836,18.131863,18.29376,21.028816,21.887943,21.042639,22.060747,20.18292,21.659992,0.0,0.0,0.0,0.0,4.0,0.0,0.0,0.0
28553,2023.0,7.0,18.0,6.0,21.040133,22.046926,17.98988,17.904207,21.018139,21.917324,21.037771,22.141256,18.31562,18.093954,20.26371,21.894072,21.027594,21.81408,21.032076,21.973007,18.803967,18.741364,0.0,4.0,0.0,0.0,4.0,0.0,0.0,0.0
28554,2023.0,7.0,18.0,7.0,21.038809,21.992285,17.98148,17.900595,21.021645,21.875778,21.035343,22.076096,18.34201,18.269346,19.996742,21.167326,20.994268,21.67512,21.030563,21.918547,18.223095,18.032207,0.0,4.0,0.0,0.0,0.0,4.0,0.0,0.0
28555,2023.0,7.0,18.0,7.0,21.001652,21.879307,17.975256,17.899384,21.020668,21.839521,21.03568,22.031593,19.027107,19.570717,19.381811,19.790342,21.039644,21.730564,21.030706,21.877203,19.216854,20.022797,0.0,4.0,0.0,4.0,4.0,0.0,0.0,4.0
28556,2023.0,7.0,18.0,7.0,21.01713,21.88287,17.970139,17.899137,21.045496,21.88379,21.034721,21.995607,20.303816,21.655403,20.156614,21.26343,21.031261,21.66506,21.029718,21.8413,20.31136,21.706482,0.0,0.0,0.0,0.0,0.0,0.0,0.0,0.0
28557,2023.0,7.0,18.0,7.0,21.042068,21.93452,18.408628,18.726551,21.0134,21.774384,21.008535,21.89714,19.026636,18.984274,19.406284,19.6295,21.000132,21.544044,21.028774,21.810558,18.970345,18.92164,4.0,4.0,4.0,0.0,4.0,4.0,0.0,0.0
28558,2023.0,7.0,18.0,7.0,21.00804,21.827715,20.2203,21.79539,21.018246,21.769276,21.306444,22.478996,18.488762,18.29372,20.160023,21.113895,21.03432,21.60629,21.25086,22.229212,18.455465,18.279566,0.0,4.0,4.0,0.0,0.0,0.0,0.0,0.0
28559,2023.0,7.0,18.0,7.0,21.040892,21.90429,19.413702,19.943804,21.042812,21.828112,21.046541,21.943802,18.496647,18.415468,19.517252,19.730425,21.027334,21.562313,21.02653,21.75227,18.354809,18.183908,4.0,0.0,0.0,0.0,4.0,0.0,0.0,0.0
28560,2023.0,7.0,18.0,8.0,21.0341,21.878014,20.165648,21.410965,21.036554,21.801231,21.039845,21.906885,18.505133,18.437826,20.135624,20.95991,20.997091,21.457142,21.026297,21.733734,18.404438,18.338423,0.0,0.0,0.0,0.0,0.0,4.0,0.0,0.0
28561,2023.0,7.0,18.0,8.0,20.198175,20.263603,19.083693,19.15733,20.664368,21.04573,20.081427,20.049513,19.188648,19.74565,19.315826,19.285757,20.340324,20.210548,20.327541,20.37093,18.415354,18.358566,0.0,4.0,0.0,4.0,0.0,0.0,0.0,0.0
28562,2023.0,7.0,18.0,8.0,19.978628,20.059174,18.607046,18.430046,19.991718,19.874325,19.639126,19.433426,20.091108,21.167604,19.062414,18.958912,20.813467,21.232834,20.027607,19.94781,18.404665,18.348501,0.0,0.0,0.0,4.0,0.0,4.0,0.0,0.0
28563,2023.0,7.0,18.0,8.0,19.868708,19.97069,18.99758,19.32461,19.635979,19.447039,20.236574,20.756233,19.994448,20.817827,19.362827,19.591738,20.336367,20.208738,19.88349,19.802399,18.391539,18.336359,4.0,0.0,4.0,4.0,4.0,0.0,0.0,0.0
28564,2023.0,7.0,18.0,8.0,19.763592,19.877129,20.125458,21.233046,19.477922,19.295359,19.739202,19.686476,20.035267,20.819395,20.065828,20.782757,20.045315,19.839283,19.779129,19.698896,18.380934,18.326149,4.0,0.0,0.0,0.0,4.0,0.0,0.0,0.0
28565,2023.0,7.0,18.0,8.0,19.683405,19.809034,20.005674,20.885155,19.473553,19.405731,19.366234,19.232925,19.26715,19.256794,20.020628,20.62614,20.687788,21.140419,20.699293,21.512882,18.373316,18.318737,4.0,0.0,0.0,0.0,0.0,4.0,4.0,0.0
28566,2023.0,7.0,18.0,9.0,19.603407,19.728628,20.03736,20.891132,19.437527,19.395512,19.87134,20.298468,18.883919,18.758419,19.415773,19.402605,20.290428,20.220251,20.076971,20.05412,18.36893,18.314192,0.0,0.0,4.0,0.0,0.0,0.0,0.0,0.0
28567,2023.0,7.0,18.0,9.0,19.535137,19.662004,19.24802,19.319996,19.373985,19.338573,20.05584,20.520487,18.786987,18.658247,19.069523,18.926575,20.021486,19.85431,19.679815,19.54245,18.36766,18.311686,0.0,0.0,4.0,0.0,0.0,0.0,0.0,0.0
28568,2023.0,7.0,18.0,9.0,20.195133,20.949913,19.300802,19.572569,19.32413,19.292759,20.07845,20.552559,19.510714,20.060575,19.409441,19.625566,20.685959,21.158903,19.588026,19.443438,19.282307,20.035448,4.0,0.0,4.0,4.0,4.0,4.0,0.0,4.0
28569,2023.0,7.0,18.0,9.0,20.255795,20.916557,20.116287,21.03655,19.947165,20.509287,20.096844,20.582645,20.071371,20.932253,20.073029,20.759775,20.929237,21.49276,20.514172,21.237755,20.104713,21.308577,0.0,4.0,4.0,0.0,0.0,4.0,4.0,0.0
28570,2023.0,7.0,18.0,9.0,19.70064,19.863794,19.336086,19.453594,20.195265,20.794931,19.573305,19.60281,19.357605,19.422611,19.901184,20.301853,21.03327,21.602531,20.024115,20.038946,19.145418,19.245487,0.0,4.0,0.0,0.0,4.0,4.0,0.0,0.0
28571,2023.0,7.0,18.0,9.0,19.500954,19.594345,19.45683,19.832481,20.158182,20.673536,19.336868,19.28014,19.072435,18.971416,20.038868,20.530914,20.378447,20.29957,19.757397,19.635344,18.819105,18.739338,4.0,4.0,0.0,0.0,0.0,0.0,0.0,0.0
28572,2023.0,7.0,18.0,10.0,19.425108,19.529106,20.08597,20.932941,20.170563,20.689169,19.885002,20.40682,19.008486,18.924305,19.515205,19.461632,20.138506,19.989964,19.666153,19.543385,18.734713,18.652306,0.0,4.0,4.0,0.0,0.0,0.0,0.0,0.0
28573,2023.0,7.0,18.0,10.0,19.375708,19.491882,19.417055,19.588566,20.201746,20.727282,19.517946,19.581226,18.97629,18.892345,19.279947,19.158386,20.099768,19.953545,19.621326,19.503727,19.605112,20.331793,0.0,4.0,0.0,0.0,0.0,0.0,0.0,4.0
28574,2023.0,7.0,18.0,10.0,19.37078,19.525558,19.083605,19.095205,19.66205,19.705381,19.298672,19.276447,18.957088,18.87058,19.264076,19.158537,20.087057,19.945692,19.622524,19.534025,20.05967,20.992424,0.0,0.0,0.0,0.0,0.0,0.0,0.0,0.0
28575,2023.0,7.0,18.0,10.0,20.068808,20.869907,18.945824,18.951998,20.0332,20.571566,19.212835,19.200918,18.939981,18.85299,19.249947,19.146982,20.112473,20.011171,19.609676,19.523985,20.089651,20.86923,0.0,4.0,0.0,0.0,0.0,0.0,0.0,4.0
28576,2023.0,7.0,18.0,10.0,20.180317,20.91739,18.866165,18.871023,19.60751,19.693657,19.848791,20.45081,18.931936,18.843788,19.240133,19.135845,20.881817,21.471443,19.595364,19.5096,20.017738,20.698315,0.0,0.0,4.0,0.0,0.0,4.0,0.0,0.0
28577,2023.0,7.0,18.0,10.0,20.22804,20.960506,18.792864,18.802126,19.34752,19.360052,20.038593,20.617344,18.92561,18.837313,19.229836,19.125237,21.1597,21.768682,19.58043,19.494757,19.358685,19.365257,0.0,0.0,4.0,0.0,0.0,4.0,0.0,0.0
28578,2023.0,7.0,18.0,11.0,19.697628,19.924147,18.741817,18.753487,19.925123,20.494146,20.073046,20.652678,19.643282,20.190811,19.227325,19.121792,20.52475,20.491917,19.570393,19.484446,19.153315,19.085361,0.0,4.0,4.0,4.0,0.0,0.0,0.0,0.0
28579,2023.0,7.0,18.0,11.0,19.511946,19.677134,18.696651,18.712173,19.526525,19.636158,19.552444,19.655941,20.047297,20.783901,19.227472,19.12144,20.344736,20.224884,19.562334,19.476076,19.099312,19.034399,0.0,0.0,0.0,0.0,0.0,0.0,0.0,0.0
28580,2023.0,7.0,18.0,11.0,19.438429,19.608,19.094978,19.502075,19.29282,19.338156,19.30122,19.349815,19.429668,19.464573,19.229092,19.122625,20.307526,20.192045,19.55518,19.468737,19.038645,18.958141,4.0,0.0,0.0,0.0,0.0,0.0,0.0,0.0
28581,2023.0,7.0,18.0,11.0,19.400581,19.577887,20.133564,21.282927,19.244461,19.289045,19.875315,20.484976,19.239857,19.179888,19.235806,19.128902,20.293056,20.182344,19.551598,19.464716,19.005953,18.921991,0.0,0.0,4.0,0.0,0.0,0.0,0.0,0.0
28582,2023.0,7.0,18.0,11.0,20.03736,20.80723,19.32768,19.567938,19.186752,19.212914,19.530157,19.675161,19.178606,19.093195,19.24546,19.13796,20.288332,20.186207,19.54896,19.461897,18.980164,18.89637,0.0,0.0,0.0,0.0,0.0,0.0,0.0,0.0
28583,2023.0,7.0,18.0,11.0,19.627459,19.903498,18.965828,19.01474,19.149204,19.173407,19.334864,19.405252,19.862293,20.400185,19.258354,19.151075,20.284184,20.183268,19.548136,19.461102,18.966373,18.882425,0.0,0.0,0.0,4.0,0.0,0.0,0.0,0.0
28584,2023.0,7.0,18.0,12.0,19.46569,19.676798,18.857992,18.887135,19.119692,19.145302,19.270939,19.345291,20.042519,20.612257,19.272184,19.16716,20.279541,20.179306,19.54748,19.461079,18.954796,18.871397,0.0,0.0,0.0,0.0,0.0,0.0,0.0,0.0
28585,2023.0,7.0,18.0,12.0,21.221994,22.807644,19.22134,19.632835,21.229052,22.924286,21.224432,22.868513,19.566963,19.60841,19.281275,19.175144,21.19526,21.814665,21.227213,22.383694,18.942524,18.859974,4.0,0.0,0.0,0.0,0.0,0.0,0.0,0.0
28586,2023.0,7.0,18.0,12.0,21.00171,22.20971,20.093904,21.08293,21.001192,22.247023,20.980019,22.165428,19.345943,19.303616,19.290215,19.184986,21.371769,22.063549,20.998013,21.848717,18.931341,18.849262,4.0,0.0,4.0,0.0,0.0,4.0,0.0,0.0
28587,2023.0,7.0,18.0,12.0,21.031384,22.166574,19.99739,20.803198,21.034016,22.175861,21.042284,22.191021,20.047325,20.65874,19.702532,19.958305,20.972897,21.255997,21.024147,21.80309,18.923504,18.842884,4.0,0.0,0.0,4.0,4.0,0.0,0.0,0.0
28588,2023.0,7.0,18.0,12.0,21.024158,22.08309,20.008398,20.767551,21.027088,22.071272,21.002617,22.010952,19.98026,20.358946,20.03642,20.437048,21.015938,21.32034,21.018711,21.723103,18.917862,18.839453,4.0,0.0,4.0,0.0,0.0,0.0,0.0,0.0
28589,2023.0,7.0,18.0,12.0,21.026382,22.037706,20.025288,20.77545,21.02895,22.011137,21.03892,22.049845,20.330582,20.96998,20.051023,20.370497,21.01077,21.292395,21.020132,21.676338,18.91264,18.837292,0.0,0.0,0.0,4.0,4.0,0.0,0.0,0.0
28590,2023.0,7.0,18.0,13.0,20.998209,21.923212,19.807531,20.29654,21.027636,21.961441,21.029484,21.987736,19.965618,20.237268,20.00652,20.277603,21.010468,21.281702,21.019531,21.639736,18.90639,18.834791,4.0,0.0,0.0,0.0,0.0,0.0,0.0,0.0
28591,2023.0,7.0,18.0,13.0,21.032476,21.987818,20.04268,20.761671,21.0272,21.92482,21.02992,21.953579,19.640554,19.615248,20.109838,20.433512,21.010574,21.277102,21.01955,21.615519,18.897211,18.828932,4.0,0.0,0.0,0.0,4.0,0.0,0.0,0.0
28592,2023.0,7.0,18.0,13.0,21.054657,22.001911,20.043411,20.746351,21.058788,21.954563,21.016977,21.871696,19.50448,19.469212,20.018057,20.235191,21.023531,21.30213,21.044697,21.64702,18.885525,18.82132,0.0,0.0,4.0,0.0,0.0,0.0,0.0,0.0
28593,2023.0,7.0,18.0,13.0,21.022005,21.917324,19.506283,19.68638,21.022167,21.860615,21.034206,21.919018,19.409296,19.338167,20.127573,20.445505,21.00964,21.277943,21.01666,21.582436,18.871807,18.812471,0.0,0.0,0.0,0.0,4.0,0.0,0.0,0.0
28594,2023.0,7.0,18.0,13.0,21.05138,21.958809,19.215466,19.316105,21.055618,21.907026,21.059475,21.945845,19.339912,19.26923,20.01681,20.220041,21.023693,21.31393,21.04238,21.629747,18.855421,18.80108,0.0,0.0,0.0,0.0,0.0,0.0,0.0,0.0
28595,2023.0,7.0,18.0,13.0,21.018982,21.882528,19.538578,19.996153,20.994202,21.750349,20.996984,21.787205,19.293772,19.230097,19.712734,19.670128,21.01034,21.29517,21.016226,21.576307,18.838308,18.789371,4.0,4.0,4.0,0.0,0.0,0.0,0.0,0.0
28596,2023.0,7.0,18.0,14.0,21.02373,21.88193,20.078852,20.897331,21.006102,21.7674,21.034853,21.874706,19.249842,19.191216,19.979311,20.285458,21.01164,21.307858,21.020264,21.586113,18.820208,18.77627,0.0,4.0,0.0,0.0,4.0,0.0,0.0,0.0
28597,2023.0,7.0,18.0,14.0,20.394203,20.65999,19.463095,19.636671,20.838276,21.436731,20.30203,20.452158,19.210768,19.157602,20.006138,20.279707,20.666573,20.650843,20.428175,20.443665,18.800804,18.760101,0.0,4.0,0.0,0.0,0.0,0.0,0.0,0.0
28598,2023.0,7.0,18.0,14.0,20.051615,20.234499,19.106041,19.154306,20.207739,20.312275,19.898048,19.94793,19.170914,19.119898,20.076944,20.402449,20.494429,20.435684,20.134592,20.082954,18.778759,18.739706,0.0,0.0,0.0,0.0,4.0,0.0,0.0,0.0
28599,2023.0,7.0,18.0,14.0,20.655218,21.454924,19.457829,19.873322,19.95928,19.982319,19.762243,19.786114,19.13702,19.087938,20.004282,20.285116,20.4352,20.375391,20.040085,19.98506,18.757845,18.72018,4.0,0.0,0.0,0.0,0.0,0.0,0.0,0.0
28600,2023.0,7.0,18.0,14.0,20.7614,21.48729,20.081964,20.908405,20.44405,21.008062,19.648815,19.667587,19.1016,19.054008,19.688759,19.686285,20.378664,20.320383,19.953714,19.900227,18.735378,18.698786,0.0,4.0,0.0,0.0,0.0,0.0,0.0,0.0
28601,2023.0,7.0,18.0,14.0,20.165634,20.374193,19.452728,19.612791,20.579756,21.142536,19.556065,19.571468,19.07003,19.023598,19.509468,19.456959,20.328733,20.271029,19.879408,19.826666,18.713882,18.677603,0.0,4.0,0.0,0.0,0.0,0.0,0.0,0.0
28602,2023.0,7.0,18.0,15.0,19.944027,20.082767,19.601183,19.997066,20.035755,20.116251,20.16977,20.78006,19.04555,18.999039,19.445492,19.38635,20.291496,20.233276,19.826311,19.77327,18.696068,18.659273,4.0,0.0,4.0,0.0,0.0,0.0,0.0,0.0
28603,2023.0,7.0,18.0,15.0,19.848427,19.985603,20.068615,20.815298,19.805166,19.80286,19.749022,19.877787,19.025845,18.98096,19.400913,19.34214,20.26043,20.203993,19.781452,19.730707,19.581947,20.346273,0.0,0.0,0.0,0.0,0.0,0.0,0.0,4.0
28604,2023.0,7.0,18.0,15.0,19.764858,19.900673,19.477886,19.614056,19.687157,19.679718,19.452414,19.477066,19.007751,18.963911,19.36025,19.30323,20.230011,20.174625,19.736721,19.687061,20.052797,20.942528,0.0,0.0,0.0,0.0,0.0,0.0,0.0,0.0
28605,2023.0,7.0,18.0,15.0,19.713184,19.86453,19.157963,19.196667,19.607502,19.602043,19.371086,19.38641,18.993092,18.94959,19.32712,19.270958,20.204016,20.149109,19.698622,19.649824,19.331305,19.435638,0.0,0.0,0.0,0.0,0.0,0.0,0.0,0.0
28606,2023.0,7.0,18.0,15.0,20.385065,21.168299,19.06368,19.08046,19.559078,19.560608,19.328693,19.342949,18.98316,18.939152,19.304083,19.247234,20.184975,20.129576,19.67111,19.622036,19.08167,19.061499,0.0,0.0,0.0,0.0,0.0,0.0,0.0,0.0
28607,2023.0,7.0,18.0,15.0,19.919477,20.150698,19.006998,19.021868,19.513319,19.517103,19.290474,19.303999,19.689493,20.27836,19.284101,19.227013,20.16804,20.112316,19.646488,19.597403,18.996302,18.957155,0.0,0.0,0.0,4.0,0.0,0.0,0.0,0.0
28608,2023.0,7.0,18.0,16.0,19.720633,19.86775,18.957996,18.970072,19.469975,19.472584,19.2552,19.267216,20.047718,20.793901,19.265768,19.207504,20.152376,20.095652,19.623793,19.573763,18.944628,18.900202,0.0,0.0,0.0,0.0,0.0,0.0,0.0,0.0
28609,2023.0,7.0,18.0,16.0,19.653732,19.802135,18.912611,18.926458,20.109695,20.714828,19.221502,19.234936,19.467463,19.549444,19.24727,19.18908,20.136387,20.079525,19.601288,19.55155,18.905603,18.861845,0.0,4.0,0.0,0.0,0.0,0.0,0.0,0.0
28610,2023.0,7.0,18.0,16.0,19.629414,19.79491,19.324747,19.727932,19.701797,19.81474,19.193699,19.206278,19.248442,19.20766,19.231369,19.172077,20.122232,20.064465,19.582577,19.532156,18.878265,18.833347,4.0,0.0,0.0,0.0,0.0,0.0,0.0,0.0
28611,2023.0,7.0,18.0,16.0,19.597408,19.760275,20.080074,20.985722,19.485876,19.484142,19.167849,19.180311,19.182724,19.130548,19.215792,19.155842,20.108492,20.050362,19.565235,19.514765,19.747953,20.497797,4.0,0.0,0.0,0.0,0.0,0.0,0.0,4.0
28612,2023.0,7.0,18.0,16.0,19.55425,19.707485,19.998205,20.71693,20.038525,20.580032,19.823942,20.436749,19.140244,19.088522,19.199823,19.139555,20.093412,20.034912,19.546507,19.495958,20.029802,20.776394,4.0,4.0,4.0,0.0,0.0,0.0,0.0,0.0
28613,2023.0,7.0,18.0,16.0,20.207016,20.95986,20.008732,20.6709,20.238522,20.782755,19.485538,19.588507,19.107641,19.05535,19.571943,19.853708,20.07878,20.019875,19.528954,19.478338,19.381577,19.444118,4.0,4.0,0.0,0.0,4.0,0.0,0.0,0.0
28614,2023.0,7.0,18.0,17.0,19.816595,20.012735,20.025286,20.6723,20.27997,20.815645,19.223484,19.23644,19.08207,19.029818,20.049877,20.611153,20.065374,20.006304,19.51331,19.462877,19.982021,20.742231,0.0,4.0,0.0,0.0,0.0,0.0,0.0,4.0
28615,2023.0,7.0,18.0,17.0,19.578388,19.715324,19.474504,19.574356,20.3194,20.850946,19.794077,20.350817,19.061243,19.009966,19.630201,19.722223,20.81542,21.442657,19.499699,19.450006,20.004316,20.616564,0.0,4.0,4.0,0.0,0.0,4.0,0.0,0.0
28616,2023.0,7.0,18.0,17.0,19.517733,19.646713,19.16295,19.167053,20.353289,20.881403,19.443977,19.509802,19.043026,18.99259,19.362411,19.320433,20.374725,20.387487,19.487604,19.438753,19.436428,19.478596,0.0,4.0,0.0,0.0,0.0,0.0,0.0,0.0
28617,2023.0,7.0,18.0,17.0,19.51517,19.670418,19.534822,19.926294,20.37814,20.903364,19.910767,20.465937,19.028986,18.979282,19.301128,19.244581,20.175999,20.076681,19.47775,19.429731,19.22204,19.167038,4.0,4.0,4.0,0.0,0.0,0.0,0.0,0.0
28618,2023.0,7.0,18.0,17.0,19.500038,19.6577,20.052494,20.784891,20.400644,20.922863,19.471474,19.534737,19.015633,18.966757,19.274195,19.216646,20.117867,20.01158,19.468288,19.421192,19.13979,19.079128,4.0,4.0,0.0,0.0,0.0,0.0,0.0,0.0
28619,2023.0,7.0,18.0,17.0,20.158188,20.910969,20.000586,20.61237,20.422972,20.94195,19.866648,20.419706,19.002136,18.954376,19.248657,19.192068,20.887512,21.514109,19.458405,19.412334,19.088844,19.040972,4.0,4.0,4.0,0.0,0.0,4.0,0.0,0.0
28620,2023.0,7.0,18.0,18.0,19.765587,19.950865,20.025282,20.6329,20.443693,20.959806,19.495111,19.5581,19.720108,20.322159,19.226418,19.170427,21.11137,21.71094,19.44871,19.403597,19.044945,18.999205,0.0,4.0,0.0,4.0,0.0,4.0,0.0,0.0
28621,2023.0,7.0,18.0,18.0,21.201445,22.607914,19.506147,19.600548,21.106709,22.128922,21.219378,22.755291,20.031372,20.684673,19.207651,19.153273,21.18593,21.852772,21.297148,22.64017,19.005175,18.960016,0.0,0.0,0.0,0.0,0.0,0.0,0.0,0.0
28622,2023.0,7.0,18.0,18.0,21.005173,22.063381,19.601337,19.94881,20.993301,21.798307,21.007849,22.135324,19.45713,19.490707,19.189405,19.135855,21.018414,21.477072,20.999435,21.93878,18.971254,18.926811,4.0,4.0,0.0,0.0,0.0,0.0,0.0,0.0
28623,2023.0,7.0,18.0,18.0,21.02616,22.016129,20.073841,20.740301,21.00935,21.777052,21.031124,22.068478,19.180477,19.11816,19.17222,19.119316,21.016785,21.446913,21.025839,21.8822,18.94415,18.901072,0.0,4.0,0.0,0.0,0.0,0.0,0.0,0.0
28624,2023.0,7.0,18.0,18.0,21.021591,21.945213,19.821663,20.173193,21.033413,21.808226,21.0,21.90982,19.108654,19.041897,19.157145,19.10563,21.016743,21.42567,21.021036,21.796581,18.922005,18.880648,4.0,0.0,4.0,0.0,0.0,0.0,0.0,0.0
28625,2023.0,7.0,18.0,18.0,20.994108,21.826479,20.046284,20.617971,20.998386,21.685497,21.040257,21.95206,19.095457,19.051323,19.142744,19.09235,21.013046,21.40947,21.022352,21.745419,18.902802,18.863026,4.0,4.0,0.0,0.0,0.0,0.0,0.0,0.0
28626,2023.0,7.0,18.0,19.0,21.03338,21.888588,20.019955,20.559425,21.007288,21.680824,21.031727,21.889338,19.076992,19.035408,19.13001,19.082312,21.014015,21.404419,21.022583,21.706713,19.839663,20.657413,0.0,4.0,0.0,0.0,0.0,0.0,0.0,4.0
28627,2023.0,7.0,18.0,19.0,21.025536,21.842207,19.870882,20.227306,21.006208,21.662882,21.031275,21.850653,19.80122,20.426401,19.116203,19.070225,21.347446,22.0137,21.02187,21.67642,20.011375,20.703222,4.0,4.0,0.0,4.0,0.0,4.0,0.0,0.0
28628,2023.0,7.0,18.0,19.0,21.025944,21.815956,20.029806,20.54408,21.006123,21.649483,21.000072,21.747736,20.021158,20.617771,19.101349,19.056684,21.356962,21.91587,21.021765,21.654537,19.366352,19.380133,4.0,4.0,4.0,0.0,0.0,4.0,0.0,0.0
28629,2023.0,7.0,18.0,19.0,21.024612,21.767672,20.020288,20.523436,21.005896,21.637383,21.036772,21.819984,19.469267,19.484583,19.086163,19.04327,21.358294,21.910267,21.021406,21.637571,19.979242,20.723663,0.0,4.0,0.0,0.0,0.0,4.0,0.0,4.0
28630,2023.0,7.0,18.0,19.0,21.001116,21.715775,19.514353,19.534193,21.00583,21.626606,21.029325,21.78307,19.19096,19.1204,19.07061,19.029732,21.377832,21.924639,21.021273,21.6247,20.23129,20.94194,0.0,4.0,0.0,0.0,0.0,4.0,0.0,4.0
28631,2023.0,7.0,18.0,19.0,21.00303,21.710917,19.22914,19.16624,21.0052,21.615719,21.001776,21.688679,19.14681,19.108826,19.05337,19.014067,21.393257,21.935156,21.020264,21.613335,19.987343,20.485909,0.0,4.0,4.0,0.0,0.0,4.0,0.0,0.0
28632,2023.0,7.0,18.0,20.0,21.002604,21.70338,19.18224,19.166727,21.031658,21.6794,21.009573,21.693903,19.115948,19.0811,19.035727,18.998938,20.973963,21.19936,21.020937,21.606924,19.432322,19.402187,0.0,0.0,4.0,0.0,0.0,0.0,0.0,0.0
28633,2023.0,7.0,18.0,20.0,21.030542,21.771622,19.576305,19.950891,20.999798,21.580437,21.008516,21.68405,19.829296,20.464056,19.015574,18.980162,21.020308,21.320723,21.365063,22.222668,19.179235,19.103159,4.0,4.0,4.0,4.0,0.0,0.0,4.0,0.0
28634,2023.0,7.0,18.0,20.0,21.024065,21.742657,20.06628,20.737461,21.03273,21.657146,21.03547,21.749992,20.016747,20.557005,18.992395,18.957338,21.016987,21.32798,20.963114,21.44479,19.076845,18.994034,0.0,0.0,0.0,4.0,0.0,0.0,0.0,0.0
28635,2023.0,7.0,18.0,20.0,21.024954,21.727232,19.524096,19.626287,21.025587,21.630085,21.029022,21.72338,20.025414,20.564121,18.970072,18.93711,21.256632,21.7719,21.03188,21.582401,19.057123,19.022463,0.0,0.0,0.0,0.0,0.0,4.0,0.0,0.0
28636,2023.0,7.0,18.0,20.0,21.024342,21.711983,19.22518,19.227571,21.02626,21.618464,21.029459,21.709858,19.444735,19.400375,18.94655,18.91493,20.986753,21.26139,21.024181,21.56667,19.022408,18.991974,0.0,0.0,0.0,0.0,0.0,0.0,0.0,0.0
28637,2023.0,7.0,18.0,20.0,21.039179,21.73807,19.123426,19.100897,21.052496,21.656605,21.058989,21.75256,19.158644,19.050196,18.920782,18.888771,21.035797,21.378914,21.050646,21.615093,18.979244,18.9501,0.0,0.0,0.0,0.0,0.0,0.0,0.0,0.0
28638,2023.0,7.0,18.0,21.0,21.016684,21.690619,19.52774,19.907764,21.045769,21.607956,20.992586,21.601204,19.139357,19.100676,18.897837,18.868027,21.236696,21.732979,21.016384,21.55184,18.941843,18.915005,4.0,4.0,4.0,0.0,0.0,4.0,0.0,0.0
28639,2023.0,7.0,18.0,21.0,21.020172,21.69448,20.073183,20.775515,21.000809,21.525959,21.036451,21.702108,19.105873,19.07308,18.873707,18.844204,21.285875,21.774101,21.021498,21.565668,19.857414,20.68479,0.0,4.0,0.0,0.0,0.0,4.0,0.0,4.0
28640,2023.0,7.0,18.0,21.0,21.097202,21.809551,19.413439,19.415459,21.006063,21.535421,21.02877,21.675346,19.772894,20.3722,18.850857,18.821814,21.293278,21.773241,21.020956,21.56593,20.055487,20.714672,0.0,4.0,0.0,4.0,0.0,4.0,0.0,4.0
28641,2023.0,7.0,18.0,21.0,21.010218,21.651237,19.030775,18.890438,21.032866,21.606676,21.028929,21.663794,20.00117,20.56369,18.824959,18.791256,20.981398,21.233416,21.02023,21.56469,20.026314,20.654594,0.0,0.0,0.0,4.0,0.0,0.0,0.0,0.0
28642,2023.0,7.0,18.0,21.0,21.028053,21.67679,19.03213,18.98581,21.025604,21.582033,21.022348,21.653502,20.026419,20.5751,19.1615,19.442814,21.026266,21.339123,21.392681,22.24157,20.139587,20.774998,0.0,0.0,0.0,0.0,4.0,0.0,4.0,4.0
28643,2023.0,7.0,18.0,21.0,21.024504,21.659937,19.014893,18.979742,21.026957,21.57345,21.023277,21.654556,19.394224,19.30728,20.1241,21.035635,21.01905,21.332777,20.97388,21.42335,20.200045,20.822546,0.0,0.0,0.0,0.0,0.0,0.0,0.0,4.0
28644,2023.0,7.0,18.0,22.0,21.125526,21.827845,19.412073,19.754942,21.026882,21.56315,21.02306,21.651632,19.761173,20.211317,19.414736,19.517963,21.020073,21.338848,21.033016,21.547367,20.242176,20.854546,4.0,0.0,0.0,4.0,0.0,0.0,0.0,4.0
28645,2023.0,7.0,18.0,22.0,21.010262,21.614784,20.084398,20.852707,21.019402,21.554604,21.022957,21.648075,20.039125,20.578419,19.030968,18.99283,21.01368,21.341135,21.02497,21.530914,20.215998,20.767061,0.0,0.0,0.0,0.0,0.0,0.0,0.0,4.0
28646,2023.0,7.0,18.0,22.0,21.02645,21.643295,19.469568,19.563215,21.054094,21.59566,21.022785,21.644228,19.987566,20.395048,18.947739,18.905293,21.014826,21.353437,21.025904,21.530243,20.000841,20.408886,0.0,4.0,0.0,4.0,0.0,0.0,0.0,0.0
28647,2023.0,7.0,18.0,22.0,21.024103,21.63208,19.137724,19.113771,21.024012,21.553713,21.022566,21.640394,20.033175,20.497625,18.898146,18.853642,21.014809,21.360497,21.421923,22.261637,20.185066,20.732435,0.0,0.0,0.0,0.0,0.0,0.0,4.0,4.0
28648,2023.0,7.0,18.0,22.0,21.017607,21.626057,19.052391,19.015785,21.027124,21.551863,21.022614,21.637043,19.433048,19.315495,18.85702,18.812605,21.015,21.36609,20.967718,21.377024,20.243494,20.784788,0.0,0.0,0.0,0.0,0.0,0.0,0.0,4.0
28649,2023.0,7.0,18.0,22.0,21.03687,21.667027,18.99673,18.952667,21.05273,21.592081,21.045647,21.67758,19.14217,18.981867,18.817379,18.769966,21.030464,21.400198,21.051172,21.566738,20.2681,20.807186,0.0,0.0,0.0,0.0,0.0,0.0,0.0,4.0
28650,2023.0,7.0,18.0,23.0,21.03659,21.661587,18.95705,18.912647,21.038267,21.562702,21.045233,21.665163,19.159567,19.117065,18.783934,18.735895,21.029676,21.396498,21.050253,21.544884,20.286991,20.82284,0.0,0.0,0.0,0.0,0.0,0.0,0.0,4.0
28651,2023.0,7.0,18.0,23.0,20.54211,20.71023,18.925697,18.883833,20.513256,20.559195,20.440948,20.498388,19.12406,19.08058,18.755234,18.708418,20.608116,20.585396,21.252117,21.892086,20.30184,20.832647,0.0,0.0,0.0,0.0,0.0,0.0,4.0,4.0
28652,2023.0,7.0,18.0,23.0,20.3414,20.447811,18.899717,18.856678,20.272131,20.224033,20.174654,20.133581,19.662626,20.128029,18.730526,18.68244,20.459948,20.399689,21.303114,21.93717,19.59268,19.488964,0.0,0.0,0.0,4.0,0.0,0.0,4.0,0.0
28653,2023.0,7.0,18.0,23.0,20.243103,20.344835,18.875383,18.8317,20.806042,21.31796,20.05052,19.999826,19.27641,19.28639,18.706612,18.657528,20.384459,20.323252,20.46155,20.335466,19.331694,19.168896,0.0,4.0,0.0,0.0,0.0,0.0,0.0,0.0
28654,2023.0,7.0,18.0,23.0,20.166876,20.26685,18.852882,18.808279,20.374144,20.426846,19.957186,19.90443,19.014347,18.870564,18.68354,18.633274,20.319313,20.256535,20.159983,19.961935,19.213625,19.050932,0.0,0.0,0.0,0.0,0.0,0.0,0.0,0.0
28655,2023.0,7.0,18.0,23.0,20.103748,20.203732,18.83219,18.78713,19.979197,19.772177,19.880035,19.827688,18.91736,18.76076,18.661583,18.610567,20.956465,21.510895,20.96778,21.609055,19.122505,18.963366,0.0,0.0,0.0,0.0,0.0,4.0,4.0,0.0
28656,2023.0,7.0,19.0,0.0,20.047718,20.1471,18.812477,18.766687,19.81785,19.5743,19.81167,19.75909,18.95724,18.904099,18.64004,18.588018,20.324415,20.189142,20.271814,20.155678,19.14744,19.092886,0.0,0.0,0.0,0.0,0.0,0.0,0.0,0.0
28657,2023.0,7.0,19.0,0.0,19.993599,20.088408,18.792019,18.7437,19.719324,19.468452,19.745314,19.687292,18.94195,18.891241,18.617386,18.562672,20.084576,19.862808,19.981218,19.776794,19.116976,19.069662,0.0,0.0,0.0,0.0,0.0,0.0,0.0,0.0
28658,2023.0,7.0,19.0,0.0,19.948606,20.0433,18.77455,18.725752,19.823748,19.753252,19.690775,19.633286,18.909758,18.85817,18.597086,18.541426,20.008034,19.78988,19.87117,19.672096,19.069899,19.021643,0.0,0.0,0.0,0.0,0.0,0.0,0.0,0.0
28659,2023.0,7.0,19.0,0.0,19.907356,20.001844,18.757872,18.708565,19.79499,19.726828,19.641077,19.584045,18.879642,18.827208,18.577461,18.520868,20.100231,20.042818,19.78116,19.586876,19.025715,18.976568,0.0,0.0,0.0,0.0,0.0,0.0,0.0,0.0
28660,2023.0,7.0,19.0,0.0,19.869272,19.963484,18.741875,18.692024,19.755594,19.688156,19.59544,19.53879,18.851086,18.797836,18.558533,18.501022,20.067698,19.996166,19.841312,19.787394,18.98467,18.934692,0.0,0.0,0.0,0.0,0.0,0.0,0.0,0.0
28661,2023.0,7.0,19.0,0.0,19.833632,19.926422,18.72654,18.6761,19.717377,19.650444,19.553453,19.497086,18.824343,18.770296,18.540375,18.481966,20.031818,19.959332,19.79975,19.737003,18.9469,18.896132,0.0,0.0,0.0,0.0,0.0,0.0,0.0,0.0
28662,2023.0,7.0,19.0,1.0,19.800411,19.89212,18.711676,18.660616,19.680618,19.614061,19.514322,19.458181,18.79912,18.744295,18.52287,18.46358,19.99841,19.92501,19.753511,19.689991,18.911888,18.860363,0.0,0.0,0.0,0.0,0.0,0.0,0.0,0.0
28663,2023.0,7.0,19.0,1.0,19.770603,19.862614,18.698904,18.64886,19.64746,19.582794,19.479328,19.424938,18.77654,18.722147,18.507355,18.448524,19.968044,19.895107,19.71114,19.648062,18.880505,18.829355,0.0,0.0,0.0,0.0,0.0,0.0,0.0,0.0
28664,2023.0,7.0,19.0,1.0,19.742828,19.835104,18.686865,18.637854,19.61646,19.553604,19.44687,19.394173,18.755663,18.701727,18.492928,18.4346,19.939955,19.867504,19.671795,19.609205,18.851713,18.80097,0.0,0.0,0.0,0.0,0.0,0.0,0.0,0.0
28665,2023.0,7.0,19.0,1.0,19.71799,19.811855,18.676228,18.629185,19.589338,19.530376,19.418629,19.369822,19.323505,19.786806,18.480194,18.423258,19.91508,19.8445,19.636932,19.576479,18.826292,18.777233,0.0,0.0,0.0,4.0,0.0,0.0,0.0,0.0
28666,2023.0,7.0,19.0,1.0,19.69312,19.786846,18.664993,18.618786,19.561451,19.503782,19.389673,19.342031,18.938894,18.928896,18.467299,18.410753,19.890388,19.820057,19.602867,19.542578,18.80137,18.75249,0.0,0.0,0.0,0.0,0.0,0.0,0.0,0.0
28667,2023.0,7.0,19.0,1.0,19.66917,19.762053,18.65347,18.60737,19.533585,19.475687,19.360825,19.312773,18.706356,18.549656,18.454632,18.397953,19.866486,19.795622,19.57036,19.509356,18.777512,18.728128,0.0,0.0,0.0,0.0,0.0,0.0,0.0,0.0
28668,2023.0,7.0,19.0,2.0,19.656363,19.758373,18.643059,18.59787,19.508808,19.452404,19.335255,19.288603,18.745533,18.69248,18.44338,18.387293,19.845083,19.774782,19.541279,19.480835,18.75619,18.707298,0.0,0.0,0.0,0.0,0.0,0.0,0.0,0.0
28669,2023.0,7.0,19.0,2.0,19.645666,19.75611,18.631971,18.58672,19.484398,19.428503,19.31016,19.263937,18.73147,18.679033,18.43206,18.375835,19.824286,19.753849,19.513594,19.453096,18.73571,18.686722,0.0,0.0,0.0,0.0,0.0,0.0,0.0,0.0
28670,2023.0,7.0,19.0,2.0,19.628613,19.7395,18.621956,18.577753,19.462751,19.409388,19.28795,19.244253,19.285622,19.737297,18.712269,18.90856,19.80551,19.736208,20.42567,21.194845,18.717207,18.669256,0.0,0.0,0.0,4.0,4.0,0.0,4.0,0.0
28671,2023.0,7.0,19.0,2.0,19.61009,19.720245,18.611057,18.56665,19.440016,19.386883,19.264532,19.22105,18.933676,18.946709,18.863815,19.119165,19.786179,19.716696,19.70554,19.618265,18.698372,18.650278,0.0,0.0,0.0,0.0,4.0,0.0,0.0,0.0
28672,2023.0,7.0,19.0,2.0,19.591461,19.700272,18.600193,18.555025,19.417503,19.36373,19.241314,19.197168,18.687744,18.540375,18.58788,18.555529,19.766876,19.696661,19.464342,19.294144,18.679695,18.63095,0.0,0.0,0.0,0.0,0.0,0.0,0.0,0.0
28673,2023.0,7.0,19.0,2.0,19.574234,19.682829,18.59028,18.545042,19.39697,19.34394,19.220335,19.17687,18.619097,18.468279,18.505568,18.451015,19.74907,19.679144,19.396204,19.227247,19.394394,19.992218,0.0,0.0,0.0,0.0,0.0,0.0,0.0,4.0
28674,2023.0,7.0,19.0,3.0,19.556398,19.664112,18.579905,18.534275,19.376122,19.323109,19.19933,19.155695,18.662174,18.599602,18.477299,18.421394,19.731075,19.66086,19.340952,19.172508,18.919004,18.92915,0.0,0.0,0.0,0.0,0.0,0.0,0.0,0.0
28675,2023.0,7.0,19.0,3.0,19.539446,19.647018,18.570148,18.524939,19.356556,19.30441,19.17988,19.136854,18.663227,18.610529,18.45494,18.399239,20.431362,21.000885,19.393373,19.323336,18.681925,18.551762,0.0,0.0,0.0,0.0,0.0,4.0,0.0,0.0
28676,2023.0,7.0,19.0,3.0,19.522003,19.628454,18.559675,18.514093,19.336092,19.283197,19.159458,19.115503,18.645844,18.59321,18.434553,18.377699,20.498137,20.962433,19.391876,19.331383,18.605904,18.465744,0.0,0.0,0.0,0.0,0.0,4.0,0.0,0.0
28677,2023.0,7.0,19.0,3.0,19.506525,19.61314,18.550777,18.506304,19.31893,19.267702,19.141964,19.099707,18.629528,18.577877,18.729046,18.945347,20.569338,21.038317,19.372162,19.312649,18.647537,18.59424,0.0,0.0,0.0,0.0,4.0,4.0,0.0,0.0
28678,2023.0,7.0,19.0,3.0,19.491272,19.59787,18.541702,18.497898,19.30184,19.25157,19.124264,19.083097,18.613586,18.562647,18.857754,19.116468,19.93385,19.785885,19.351812,19.293108,18.641382,18.593403,0.0,0.0,0.0,0.0,4.0,0.0,0.0,0.0
28679,2023.0,7.0,19.0,3.0,19.475983,19.582266,18.532751,18.48928,19.284788,19.23507,19.106686,19.066122,18.598225,18.54768,18.59217,18.577328,20.494114,20.958748,19.331469,19.273207,18.623907,18.576717,0.0,0.0,0.0,0.0,0.0,4.0,0.0,0.0
28680,2023.0,7.0,19.0,4.0,19.460894,19.566896,18.523985,18.480827,19.268036,19.218893,19.089558,19.049557,18.583729,18.533596,18.402441,18.259613,19.938637,19.797054,19.31186,19.254036,18.606543,18.559727,0.0,0.0,0.0,0.0,0.0,0.0,0.0,0.0
28681,2023.0,7.0,19.0,4.0,19.444582,19.548899,18.513428,18.46895,19.249464,19.198797,19.070585,19.029045,18.568672,18.517618,18.32661,18.168451,19.7464,19.539955,19.291595,19.232832,18.588589,18.540808,0.0,0.0,0.0,0.0,0.0,0.0,0.0,0.0
28682,2023.0,7.0,19.0,4.0,19.429987,19.53436,18.504269,18.4604,19.23369,19.184355,19.05451,19.014336,18.555655,18.50534,18.383736,18.323915,19.68731,19.48793,20.218863,20.996483,19.298086,19.890583,0.0,0.0,0.0,0.0,0.0,0.0,4.0,4.0
28683,2023.0,7.0,19.0,4.0,19.414242,19.517683,18.49376,18.449501,19.216558,19.166937,19.037094,18.996622,18.542,18.491493,18.680254,18.877539,19.6343,19.437048,19.507545,19.430773,18.845211,18.872658,0.0,0.0,0.0,0.0,4.0,0.0,0.0,0.0
28684,2023.0,7.0,19.0,4.0,19.398409,19.50079,18.483093,18.438246,19.199507,19.149326,19.019888,18.978798,19.114134,19.578407,18.502222,18.479952,19.711906,19.639004,19.273226,19.111712,18.595455,18.46739,0.0,0.0,0.0,4.0,0.0,0.0,0.0,0.0
28685,2023.0,7.0,19.0,4.0,19.382908,19.4843,18.472578,18.427073,19.18253,19.13189,19.00298,18.961296,18.735435,18.728682,18.417683,18.362535,19.706814,19.632965,19.207579,19.045435,18.522789,18.386621,0.0,0.0,0.0,0.0,0.0,0.0,0.0,0.0
28686,2023.0,7.0,19.0,5.0,20.053272,20.755655,18.462265,18.416311,19.165846,19.115114,18.986408,18.94452,18.61352,18.563953,18.39358,18.337736,19.68523,19.614775,19.156818,18.994389,18.478098,18.341911,0.0,0.0,0.0,0.0,0.0,0.0,0.0,0.0
28687,2023.0,7.0,19.0,5.0,20.249842,20.971651,18.450033,18.401873,19.147005,19.09405,18.967667,18.923489,18.578863,18.525595,18.370335,18.312105,19.662771,19.59071,19.21676,19.155891,18.527847,18.477682,0.0,0.0,0.0,0.0,0.0,0.0,0.0,0.0
28688,2023.0,7.0,19.0,5.0,19.585104,19.629066,18.439823,18.391739,19.801435,20.3379,18.951807,18.908339,19.128014,19.578047,18.35226,18.294743,19.642809,19.5714,20.156355,20.933413,18.520638,18.470682,0.0,4.0,0.0,4.0,0.0,0.0,4.0,0.0
28689,2023.0,7.0,19.0,5.0,19.3502,19.296097,18.869802,19.205143,19.428204,19.488333,18.934351,18.889936,18.66668,18.570017,18.623661,18.816668,19.622292,19.55011,19.439278,19.355495,18.50462,18.45452,4.0,0.0,0.0,0.0,4.0,0.0,0.0,0.0
28690,2023.0,7.0,19.0,5.0,19.269726,19.206858,18.614454,18.62462,19.08197,18.885073,18.916374,18.870335,18.483683,18.323347,18.431158,18.3912,19.60183,19.52827,19.198462,19.0249,18.486893,18.435629,0.0,0.0,0.0,0.0,0.0,0.0,0.0,0.0
28691,2023.0,7.0,19.0,5.0,19.217094,19.154692,18.499847,18.454279,18.991602,18.778013,18.899727,18.853165,18.433146,18.273733,18.358683,18.29925,19.582813,19.508965,19.132826,18.960426,19.20116,19.795132,0.0,0.0,0.0,0.0,0.0,0.0,0.0,4.0
28692,2023.0,7.0,19.0,6.0,20.028988,20.735971,18.464525,18.411144,19.069214,18.983313,18.882849,18.835249,18.489006,18.428413,18.333239,18.272287,19.563604,19.489029,19.079897,18.907808,18.740753,18.762854,0.0,0.0,0.0,0.0,0.0,0.0,0.0,0.0
28693,2023.0,7.0,19.0,6.0,21.143028,22.559557,18.442863,18.389458,21.21447,22.782661,21.237385,23.031187,18.491695,18.436108,18.312347,18.25172,21.21945,22.382423,21.327652,22.81383,18.484104,18.343798,0.0,4.0,0.0,0.0,0.0,0.0,0.0,0.0
28694,2023.0,7.0,19.0,6.0,21.019976,22.129461,18.423773,18.370716,21.016584,22.170572,21.00108,22.297894,18.474905,18.419514,18.594824,18.797785,21.00628,21.866669,20.99595,22.046293,19.13998,19.656254,0.0,0.0,0.0,0.0,4.0,0.0,0.0,4.0
28695,2023.0,7.0,19.0,6.0,21.036682,22.045946,18.843866,19.17024,21.016615,21.999208,21.038551,22.211166,18.461987,18.407543,20.200191,21.531485,21.026798,21.807072,20.995441,21.895578,20.25699,21.459051,4.0,4.0,0.0,0.0,0.0,0.0,4.0,0.0
28696,2023.0,7.0,19.0,6.0,21.025703,21.961788,20.159021,21.373825,21.04291,21.974567,21.032928,22.09202,18.451612,18.397964,19.500257,19.917984,21.023485,21.727854,21.043396,21.92866,19.11696,19.074297,0.0,0.0,0.0,0.0,4.0,0.0,0.0,0.0
28697,2023.0,7.0,19.0,6.0,21.026642,21.91845,19.240961,19.398518,21.010824,21.81856,21.032686,22.015924,18.444183,18.391438,20.116056,21.116167,21.037632,21.66969,21.033316,21.836634,18.679325,18.535948,0.0,4.0,0.0,0.0,4.0,4.0,0.0,0.0
28698,2023.0,7.0,19.0,7.0,21.025578,21.88409,18.748209,18.728601,21.04164,21.852354,21.03176,21.959293,19.04208,19.522974,20.023155,20.814167,21.030724,21.638454,20.994198,21.675306,19.516317,20.218267,0.0,0.0,0.0,4.0,0.0,0.0,4.0,4.0
28699,2023.0,7.0,19.0,7.0,20.998318,21.783766,18.643938,18.59742,21.034771,21.797993,21.030994,21.916334,20.13044,21.252361,19.18442,19.109428,21.027842,21.59162,21.040625,21.76334,20.063265,20.939516,0.0,0.0,0.0,0.0,0.0,0.0,0.0,0.0
28700,2023.0,7.0,19.0,7.0,21.010561,21.780722,19.023722,19.349504,21.008995,21.69436,21.030405,21.88318,19.106916,19.078936,18.863787,18.79079,20.997484,21.479612,21.031052,21.711124,19.946861,20.552374,4.0,4.0,0.0,0.0,0.0,4.0,0.0,4.0
28701,2023.0,7.0,19.0,7.0,21.036406,21.833612,20.13925,21.225487,21.013641,21.684923,21.004145,21.785885,18.637981,18.48283,18.802034,18.734585,21.032173,21.550474,21.031193,21.682707,20.047728,20.745712,0.0,4.0,4.0,0.0,0.0,0.0,0.0,0.0
28702,2023.0,7.0,19.0,7.0,21.003443,21.726555,19.174326,19.192623,21.038738,21.741653,21.034895,21.853928,18.64247,18.578814,18.743155,18.678501,20.998962,21.44317,21.030548,21.657738,19.274187,19.190401,0.0,0.0,0.0,0.0,0.0,4.0,0.0,0.0
28703,2023.0,7.0,19.0,7.0,21.037262,21.802477,18.628922,18.44454,21.005648,21.63889,21.036398,21.824467,18.646801,18.593914,19.088758,19.374262,21.031687,21.516222,21.022717,21.636044,18.899471,18.73539,0.0,4.0,0.0,0.0,4.0,0.0,0.0,0.0
28704,2023.0,7.0,19.0,8.0,21.029848,21.773045,19.076668,19.389854,21.038721,21.714716,21.036097,21.79812,18.624743,18.572788,20.118176,21.078848,21.024693,21.484148,21.023903,21.629879,19.711514,20.367138,4.0,0.0,0.0,0.0,4.0,0.0,0.0,4.0
28705,2023.0,7.0,19.0,8.0,20.257498,20.27536,20.128372,21.147558,20.737015,21.090809,20.277847,20.331963,18.60648,18.554888,20.020044,20.761894,20.368132,20.203278,21.295704,22.102488,20.039068,20.732239,0.0,4.0,0.0,0.0,0.0,0.0,4.0,0.0
28706,2023.0,7.0,19.0,8.0,20.002226,20.079124,19.346195,19.496887,20.07331,19.961046,19.863249,19.82392,19.300613,19.874239,19.259127,19.20194,20.196712,20.100637,20.391565,20.295261,19.292685,19.21812,0.0,0.0,0.0,4.0,0.0,0.0,0.0,0.0
28707,2023.0,7.0,19.0,8.0,19.935719,20.02729,19.425673,19.770271,19.777773,19.550581,20.396772,20.926182,20.107882,21.149076,18.934393,18.727959,20.158955,20.07407,20.039925,19.826735,19.026161,18.86052,4.0,0.0,4.0,0.0,0.0,0.0,0.0,0.0
28708,2023.0,7.0,19.0,8.0,20.563454,21.282595,20.098677,20.914892,19.62422,19.399319,20.55382,21.095999,19.764639,20.255089,19.318636,19.560415,20.867865,21.470592,19.883247,19.674862,19.01164,18.936775,0.0,0.0,4.0,4.0,4.0,4.0,0.0,0.0
28709,2023.0,7.0,19.0,8.0,20.010809,20.054363,19.284964,19.258995,20.302374,20.790302,19.857841,19.778572,20.07745,20.852942,20.090942,20.829952,20.290283,20.166872,20.72586,21.366732,18.984526,18.919716,0.0,4.0,0.0,0.0,0.0,0.0,4.0,0.0
28710,2023.0,7.0,19.0,9.0,19.667757,19.635082,18.839048,18.67555,19.875925,19.804882,20.096876,20.45539,19.298763,19.245783,19.484587,19.557705,19.9708,19.759878,20.164526,20.064466,18.944021,18.879879,0.0,0.0,4.0,0.0,0.0,0.0,0.0,0.0
28711,2023.0,7.0,19.0,9.0,19.594563,19.569347,18.840067,18.767769,19.594618,19.399723,19.644686,19.55852,19.01655,18.846027,19.212374,19.13422,19.90708,19.693777,19.893803,19.698153,18.917955,18.85413,0.0,0.0,0.0,0.0,0.0,0.0,0.0,0.0
28712,2023.0,7.0,19.0,9.0,19.655289,19.752205,18.82605,18.780642,19.498175,19.309471,19.422058,19.25538,19.019676,18.9318,19.138657,19.051842,19.979082,19.877468,20.753492,21.407707,18.898195,18.835669,0.0,0.0,0.0,0.0,0.0,0.0,4.0,0.0
28713,2023.0,7.0,19.0,9.0,19.653214,19.774519,19.230057,19.574602,19.536224,19.462921,19.334187,19.17288,19.004639,18.9306,19.09499,19.007435,20.764479,21.372553,20.120193,20.048199,18.883318,18.821358,4.0,0.0,0.0,0.0,0.0,4.0,0.0,0.0
28714,2023.0,7.0,19.0,9.0,19.6236,19.746973,20.114027,21.085775,20.192175,20.73323,19.36532,19.308722,18.979307,18.906523,19.453526,19.709818,20.191896,20.121506,19.87012,19.697039,18.872272,18.810684,0.0,4.0,0.0,0.0,4.0,0.0,0.0,0.0
28715,2023.0,7.0,19.0,9.0,19.581137,19.699003,19.375797,19.522993,19.769815,19.750946,19.35112,19.317495,18.954998,18.883467,20.06585,20.715343,20.637,21.110434,20.733366,21.409529,18.862461,18.801186,0.0,0.0,0.0,0.0,0.0,4.0,4.0,0.0
28716,2023.0,7.0,19.0,10.0,19.547766,19.66666,18.964962,18.964634,19.455006,19.33653,19.309593,19.282188,19.649746,20.21074,19.556274,19.6345,20.226799,20.154287,20.207554,20.157145,18.855694,18.794388,0.0,0.0,0.0,4.0,0.0,0.0,0.0,0.0
28717,2023.0,7.0,19.0,10.0,19.53635,19.669394,18.881384,18.861534,19.385464,19.264929,19.276733,19.253576,20.05441,20.7999,19.321125,19.249277,20.778406,21.266361,19.955328,19.79896,18.8538,18.792484,0.0,0.0,0.0,0.0,0.0,4.0,0.0,0.0
28718,2023.0,7.0,19.0,10.0,19.52396,19.66541,19.264872,19.627544,20.076822,20.62115,19.243195,19.225685,19.405153,19.42489,19.243328,19.16014,20.363913,20.316015,20.813204,21.504004,18.852966,18.791939,4.0,4.0,0.0,0.0,0.0,0.0,4.0,0.0
28719,2023.0,7.0,19.0,10.0,19.500896,19.63769,20.088993,21.012867,19.649956,19.674265,19.216568,19.203306,19.16044,19.04586,19.212885,19.12585,20.164114,20.005709,20.211866,20.198515,18.854834,18.793995,4.0,0.0,0.0,0.0,0.0,0.0,0.0,0.0
28720,2023.0,7.0,19.0,10.0,19.476158,19.611761,20.018377,20.777493,19.377176,19.31436,19.189342,19.181267,19.125648,19.04765,19.191881,19.1059,20.825686,21.314394,19.89224,19.772055,19.750229,20.484024,0.0,0.0,0.0,0.0,0.0,4.0,0.0,4.0
28721,2023.0,7.0,19.0,10.0,19.45741,19.595013,19.3662,19.451687,19.319656,19.256536,19.16498,19.161089,19.109343,19.03688,19.178997,19.094667,20.45178,20.429295,19.814472,19.689842,20.02779,20.730824,0.0,0.0,0.0,0.0,0.0,0.0,0.0,0.0
28722,2023.0,7.0,19.0,11.0,19.441,19.580833,19.02212,19.0071,19.330702,19.31408,19.143538,19.14369,19.090488,19.019768,19.170725,19.088364,20.199541,20.068106,19.783413,19.666328,19.409277,19.44267,0.0,0.0,0.0,0.0,0.0,0.0,0.0,0.0
28723,2023.0,7.0,19.0,11.0,19.43776,19.589748,19.418964,19.815773,19.322546,19.31568,19.125114,19.127346,19.078445,19.007639,19.165928,19.08378,20.148714,20.011827,19.79909,19.72215,19.194626,19.116066,4.0,0.0,0.0,0.0,0.0,0.0,0.0,0.0
28724,2023.0,7.0,19.0,11.0,19.432575,19.591032,20.088312,20.9542,19.304438,19.300804,19.107368,19.11205,19.79111,20.36309,19.161566,19.07998,20.173012,20.085966,19.791529,19.719337,19.150837,19.085896,0.0,0.0,0.0,4.0,0.0,0.0,0.0,0.0
28725,2023.0,7.0,19.0,11.0,19.410776,19.560774,19.442482,19.601885,19.2843,19.283335,19.088549,19.095566,20.02262,20.590601,19.158031,19.077253,20.936478,21.54325,19.775759,19.704876,19.117538,19.054192,0.0,0.0,0.0,0.0,0.0,4.0,0.0,0.0
28726,2023.0,7.0,19.0,11.0,19.395731,19.545385,19.081057,19.114468,19.94161,20.53793,19.070654,19.079811,19.48118,19.47432,19.155758,19.075766,21.177727,21.781273,19.760311,19.690311,19.0897,19.02647,0.0,4.0,0.0,0.0,0.0,4.0,0.0,0.0
28727,2023.0,7.0,19.0,11.0,20.07185,20.825151,18.994158,19.006168,20.138409,20.75501,19.055595,19.066635,19.977566,20.490417,19.156578,19.076805,20.577465,20.58813,19.749254,19.67958,19.073133,19.009506,0.0,4.0,0.0,4.0,0.0,0.0,0.0,0.0
28728,2023.0,7.0,19.0,12.0,19.63998,19.858282,18.946264,18.958164,20.152977,20.70479,19.041248,19.05443,20.009743,20.470083,19.15991,19.079792,20.365732,20.246756,19.741566,19.672003,19.061525,18.997686,0.0,4.0,0.0,0.0,0.0,0.0,0.0,0.0
28729,2023.0,7.0,19.0,12.0,21.223572,22.739298,19.330141,19.718191,21.147131,22.425999,21.225468,22.95182,19.568064,19.563194,19.166977,19.086536,21.179123,21.743181,21.197308,22.206911,19.05338,18.98961,4.0,0.0,0.0,0.0,0.0,0.0,0.0,0.0
28730,2023.0,7.0,19.0,12.0,21.000639,22.12514,20.09594,20.986782,21.01404,22.022442,20.998528,22.258493,19.363338,19.289974,19.179405,19.098785,21.006998,21.376062,20.997234,21.729242,19.051111,18.98694,0.0,0.0,0.0,0.0,0.0,0.0,0.0,0.0
28731,2023.0,7.0,19.0,12.0,21.027178,22.076302,19.747784,20.176395,21.030903,21.963186,21.03335,22.180708,19.330801,19.255867,19.196829,19.115206,21.010998,21.348639,21.019022,21.684048,19.055412,18.991028,4.0,0.0,0.0,0.0,0.0,0.0,0.0,0.0
28732,2023.0,7.0,19.0,12.0,21.023582,21.99923,20.075651,20.833057,21.027706,21.891823,21.02837,22.072517,19.31866,19.242716,19.218874,19.137129,21.010313,21.315971,21.015757,21.613317,19.064949,19.000425,0.0,0.0,0.0,0.0,0.0,0.0,0.0,0.0
28733,2023.0,7.0,19.0,12.0,21.02406,21.950083,19.48311,19.625483,21.025015,21.844963,21.02947,22.005522,19.314575,19.238724,19.241625,19.157833,21.009804,21.288328,21.016874,21.562822,19.076908,19.011936,0.0,0.0,0.0,0.0,0.0,0.0,0.0,0.0
28734,2023.0,7.0,19.0,13.0,21.051737,21.963451,19.150103,19.177929,21.054056,21.866604,21.020185,21.90382,19.314749,19.23906,19.266682,19.18398,21.021818,21.287624,21.03831,21.559515,19.090935,19.026415,0.0,0.0,4.0,0.0,0.0,0.0,0.0,0.0
28735,2023.0,7.0,19.0,13.0,21.04893,21.922138,19.064226,19.090782,21.00769,21.715017,21.065245,21.99004,19.315983,19.239235,19.287235,19.202595,21.02038,21.26336,21.036516,21.517805,19.10326,19.037687,0.0,4.0,0.0,0.0,0.0,0.0,0.0,0.0
28736,2023.0,7.0,19.0,13.0,21.047268,21.89728,19.007168,19.034657,21.054678,21.834059,21.06131,21.932098,19.31808,19.240705,19.305574,19.219496,21.020185,21.247658,21.034248,21.487059,19.114855,19.04863,0.0,0.0,0.0,0.0,0.0,0.0,0.0,0.0
28737,2023.0,7.0,19.0,13.0,21.019323,21.831127,18.966057,18.998896,20.995556,21.670301,20.997372,21.774908,20.061884,20.645666,19.320745,19.232658,21.007467,21.213022,21.56636,22.451927,19.125168,19.058369,0.0,4.0,4.0,4.0,0.0,0.0,4.0,0.0
28738,2023.0,7.0,19.0,13.0,21.022161,21.822767,19.384752,19.81928,21.005451,21.681093,21.009108,21.783335,19.980167,20.295374,19.335499,19.247458,21.55028,22.225351,21.689716,22.498516,19.13511,19.06865,4.0,4.0,4.0,0.0,0.0,4.0,4.0,0.0
28739,2023.0,7.0,19.0,13.0,21.021484,21.808468,20.070293,20.912584,21.029964,21.742804,21.033272,21.840477,19.656246,19.631308,19.348606,19.261171,21.654343,22.261633,20.952301,21.178768,19.143633,19.077757,4.0,0.0,0.0,0.0,0.0,4.0,0.0,0.0
28740,2023.0,7.0,19.0,14.0,21.020699,21.796757,20.014717,20.730728,20.997915,21.645506,21.027279,21.811956,19.52436,19.46801,19.361166,19.274925,20.98488,21.047937,21.023684,21.344172,19.15091,19.086102,0.0,4.0,0.0,0.0,0.0,0.0,0.0,0.0
28741,2023.0,7.0,19.0,14.0,21.059591,21.832468,19.485546,19.652489,20.911558,21.473904,20.32911,20.45472,19.481094,19.406876,19.370014,19.28313,20.767712,20.66566,20.607119,20.547668,19.155037,19.089905,0.0,4.0,0.0,0.0,0.0,0.0,0.0,0.0
28742,2023.0,7.0,19.0,14.0,20.479042,20.724916,19.262638,19.331968,20.349829,20.439213,20.041323,20.069622,19.459494,19.382072,19.3756,19.288858,20.690042,20.575367,20.455896,20.35914,19.156834,19.091839,0.0,0.0,0.0,0.0,0.0,0.0,0.0,0.0
28743,2023.0,7.0,19.0,14.0,20.225664,20.379562,19.622097,20.064354,20.102169,20.103645,19.91077,19.929483,19.444296,19.366888,19.378696,19.292402,20.645714,20.530558,20.38386,20.286022,19.15653,19.091848,4.0,0.0,0.0,0.0,0.0,0.0,0.0,0.0
28744,2023.0,7.0,19.0,14.0,20.120525,20.271727,20.066683,20.814981,19.993204,19.991014,19.815088,19.832539,19.43023,19.353502,19.379086,19.293474,20.629406,20.536953,20.338495,20.2543,19.153978,19.089758,0.0,0.0,0.0,0.0,0.0,0.0,0.0,0.0
28745,2023.0,7.0,19.0,14.0,20.04667,20.215895,19.505215,19.654562,19.901886,19.903145,19.725153,19.744923,19.414734,19.339678,19.377893,19.293224,20.599829,20.511536,20.286833,20.206165,19.149416,19.086,0.0,0.0,0.0,0.0,0.0,0.0,0.0,0.0
28746,2023.0,7.0,19.0,15.0,19.98606,20.15195,19.249998,19.27059,19.837843,19.839254,19.655657,19.668747,19.399637,19.325163,19.37433,19.291056,20.569101,20.48073,20.24187,20.160507,19.14268,19.08003,0.0,0.0,0.0,0.0,0.0,0.0,0.0,0.0
28747,2023.0,7.0,19.0,15.0,19.93668,20.105663,19.182915,19.208452,19.785591,19.791506,20.27584,20.887384,19.384697,19.312443,19.368155,19.286493,20.541088,20.456041,20.202536,20.125061,19.134577,19.07318,0.0,0.0,4.0,0.0,0.0,0.0,0.0,0.0
28748,2023.0,7.0,19.0,15.0,19.890018,20.05677,19.125437,19.14843,20.40645,21.003448,19.848412,19.965145,19.368185,19.29747,19.359207,19.279156,20.512407,20.429108,20.163984,20.088358,19.125025,19.06478,0.0,4.0,0.0,0.0,0.0,0.0,0.0,0.0
28749,2023.0,7.0,19.0,15.0,19.84881,20.014174,19.514877,19.916216,20.001558,20.123943,19.63034,19.645767,19.351187,19.282253,19.348463,19.270231,21.23774,21.83341,20.127893,20.054464,19.115086,19.05625,4.0,0.0,0.0,0.0,0.0,4.0,0.0,0.0
28750,2023.0,7.0,19.0,15.0,19.811579,19.975145,20.071434,20.85258,19.769653,19.768171,19.55352,19.559963,19.333834,19.266464,19.336172,19.259459,20.693235,20.671764,20.094194,20.022762,19.104443,19.04704,0.0,0.0,0.0,0.0,0.0,0.0,0.0,0.0
28751,2023.0,7.0,19.0,15.0,19.773058,19.93549,19.48573,19.625063,19.67914,19.667847,20.16663,20.767288,20.01915,20.576797,19.324034,19.24915,20.443083,20.333782,20.059244,19.989794,19.09287,19.036713,0.0,0.0,4.0,4.0,0.0,0.0,0.0,0.0
28752,2023.0,7.0,19.0,16.0,19.743729,19.904022,19.244247,19.268478,19.642849,19.642815,19.74482,19.846092,19.998814,20.436928,19.31383,19.240114,20.395079,20.279577,20.030663,19.9624,19.966576,20.69762,0.0,0.0,0.0,0.0,0.0,0.0,0.0,4.0
28753,2023.0,7.0,19.0,16.0,19.715616,19.877235,19.15607,19.176077,19.606644,19.611675,20.1074,20.67466,19.585342,19.57979,19.306189,19.236204,21.147135,21.743454,20.003601,19.938892,20.333994,21.099304,0.0,0.0,4.0,0.0,0.0,4.0,0.0,4.0
28754,2023.0,7.0,19.0,16.0,19.695387,19.857872,19.550434,19.956604,20.253475,20.856945,19.686882,19.773834,19.449986,19.392311,19.30157,19.235163,20.671944,20.70729,19.983114,19.921339,19.974669,20.414528,4.0,4.0,0.0,0.0,0.0,0.0,0.0,0.0
28755,2023.0,7.0,19.0,16.0,19.674229,19.83801,20.046747,20.734,20.441153,21.004757,19.460241,19.48858,19.41555,19.363365,19.689156,19.97288,20.407867,20.321657,19.963697,19.904867,19.52367,19.516056,4.0,4.0,0.0,0.0,4.0,0.0,0.0,0.0
28756,2023.0,7.0,19.0,16.0,20.326311,21.080297,20.016615,20.62842,20.485338,21.047094,19.41215,19.441448,19.38738,19.333351,20.034904,20.486868,21.083023,21.643904,19.947754,19.891775,19.355068,19.320515,0.0,4.0,0.0,0.0,0.0,4.0,0.0,0.0
28757,2023.0,7.0,19.0,16.0,19.981504,20.219486,19.548923,19.684935,20.538298,21.10236,19.375647,19.400398,19.367523,19.315449,19.662018,19.700823,21.376122,22.00496,19.934076,19.88075,20.15309,20.867395,0.0,4.0,0.0,0.0,0.0,4.0,0.0,4.0
28758,2023.0,7.0,19.0,17.0,19.80894,19.974773,19.76326,20.173416,20.579063,21.146933,19.35111,19.376123,19.355824,19.306307,19.503159,19.453085,20.7937,20.840225,19.923258,19.8726,19.980663,20.448372,4.0,4.0,0.0,0.0,0.0,0.0,0.0,0.0
28759,2023.0,7.0,19.0,17.0,20.405693,21.140732,20.03955,20.616713,20.613276,21.176796,19.32603,19.351067,19.3414,19.293066,19.459162,19.404602,20.51993,20.450193,19.909939,19.860582,19.547712,19.56587,0.0,4.0,0.0,0.0,0.0,0.0,0.0,0.0
28760,2023.0,7.0,19.0,17.0,20.03647,20.264198,19.592867,19.721582,20.640902,21.199976,19.302423,19.327183,19.32719,19.28029,19.430254,19.376682,20.448303,20.369913,19.895826,19.847822,20.20694,20.923342,0.0,4.0,0.0,0.0,0.0,0.0,0.0,4.0
28761,2023.0,7.0,19.0,17.0,20.535715,21.289232,19.385813,19.420567,20.117563,20.202457,19.283428,19.307295,19.31482,19.26929,19.409508,19.356705,20.414484,20.335344,19.882425,19.835743,19.975021,20.411795,0.0,0.0,0.0,0.0,0.0,0.0,0.0,0.0
28762,2023.0,7.0,19.0,17.0,20.688065,21.403,19.291527,19.317974,20.47121,21.027246,19.26387,19.28757,19.300879,19.257357,19.745956,20.010366,21.153309,21.771639,19.866653,19.821783,19.560392,19.578983,0.0,4.0,0.0,0.0,4.0,4.0,0.0,0.0
28763,2023.0,7.0,19.0,17.0,20.127518,20.316408,19.68614,20.102867,20.578938,21.13677,19.247345,19.270044,19.287903,19.246058,20.03378,20.483706,21.324707,21.952627,19.850998,19.807564,19.41567,19.38229,4.0,4.0,0.0,0.0,0.0,4.0,0.0,0.0
28764,2023.0,7.0,19.0,18.0,19.897217,20.046562,20.044691,20.659687,20.6101,21.160183,19.230509,19.253052,19.273233,19.233612,20.039446,20.419333,21.391077,22.009174,19.834528,19.793144,20.195557,20.90804,0.0,4.0,0.0,0.0,4.0,4.0,0.0,4.0
28765,2023.0,7.0,19.0,18.0,21.163832,22.329922,19.587404,19.72324,21.054132,21.904978,21.21594,22.797335,19.255451,19.21568,20.01186,20.36181,20.98554,21.259531,21.163233,22.246975,19.979618,20.354794,0.0,4.0,0.0,0.0,0.0,0.0,4.0,0.0
28766,2023.0,7.0,19.0,18.0,20.972422,21.822886,19.294035,19.318087,21.022993,21.79892,20.99303,22.137966,19.23624,19.195448,19.62976,19.603167,21.018385,21.324907,20.98239,21.656912,19.544083,19.510958,0.0,0.0,0.0,0.0,0.0,0.0,0.0,0.0
28767,2023.0,7.0,19.0,18.0,21.032484,21.895273,19.21401,19.226553,21.000278,21.681387,21.032053,22.076359,19.960926,20.583101,19.458757,19.39206,21.013517,21.312729,21.02602,21.670984,20.26448,21.002808,0.0,4.0,0.0,4.0,0.0,0.0,0.0,4.0
28768,2023.0,7.0,19.0,18.0,20.995226,21.751482,19.157536,19.16293,21.005186,21.658136,21.026896,21.975243,19.992908,20.450127,19.408981,19.355394,21.367174,21.965113,21.020987,21.611542,19.954311,20.27092,0.0,4.0,0.0,0.0,0.0,4.0,0.0,0.0
28769,2023.0,7.0,19.0,18.0,21.030107,21.809801,19.111551,19.11226,21.030901,21.70555,21.026976,21.911299,19.538517,19.528614,19.368563,19.316248,20.965883,21.18366,21.297398,22.063267,20.453571,21.203558,0.0,0.0,0.0,0.0,0.0,0.0,4.0,4.0
28770,2023.0,7.0,19.0,19.0,21.023777,21.76696,19.07166,19.068624,20.99898,21.596148,21.026688,21.863506,20.018589,20.566648,19.326902,19.275002,21.348577,21.91606,20.982422,21.447512,20.571665,21.263208,0.0,4.0,0.0,4.0,0.0,4.0,0.0,4.0
28771,2023.0,7.0,19.0,19.0,21.023787,21.741634,19.036715,19.030735,21.031769,21.665573,20.998909,21.75313,19.994781,20.386543,19.287527,19.236555,20.961475,21.165886,21.027264,21.529537,20.615671,21.29877,0.0,0.0,4.0,0.0,0.0,0.0,0.0,4.0
28772,2023.0,7.0,19.0,19.0,21.01898,21.720488,19.007498,19.000458,21.024548,21.633556,21.031475,21.815998,19.55803,19.520828,19.252241,19.20377,21.019644,21.295378,21.02095,21.508419,19.937399,20.097458,0.0,0.0,0.0,0.0,0.0,0.0,0.0,0.0
28773,2023.0,7.0,19.0,19.0,21.01948,21.711487,19.428493,19.812277,21.02512,21.618513,21.029852,21.780535,20.04364,20.580585,19.21865,19.172617,21.310728,21.833735,21.337175,22.066736,19.613253,19.52756,4.0,0.0,0.0,4.0,0.0,4.0,4.0,0.0
28774,2023.0,7.0,19.0,19.0,21.018133,21.700138,20.070684,20.820547,21.034428,21.60177,21.0024,21.680649,19.990437,20.352516,19.185387,19.140299,20.970587,21.18254,20.966436,21.359644,19.443356,19.346054,4.0,4.0,4.0,0.0,0.0,0.0,0.0,0.0
28775,2023.0,7.0,19.0,19.0,21.110102,21.839035,19.998938,20.593405,20.99982,21.532269,21.035116,21.75091,19.556763,19.501762,19.155354,19.112677,21.020454,21.293505,21.028036,21.486027,19.36049,19.264492,4.0,4.0,0.0,0.0,0.0,0.0,0.0,0.0
28776,2023.0,7.0,19.0,20.0,20.99984,21.585,20.019053,20.56919,21.007896,21.545584,21.059217,21.77696,19.335724,19.23453,19.126139,19.084864,21.031137,21.32163,21.042166,21.51354,19.291925,19.19658,4.0,4.0,0.0,0.0,0.0,0.0,0.0,0.0
28777,2023.0,7.0,19.0,20.0,21.030727,21.693426,20.005264,20.504553,21.03006,21.60546,21.019712,21.694792,20.059982,20.683262,19.097942,19.05783,21.010143,21.293201,21.014853,21.467342,20.222057,21.01967,4.0,0.0,0.0,4.0,0.0,0.0,0.0,4.0
28778,2023.0,7.0,19.0,20.0,21.022902,21.66658,20.006758,20.476986,21.02517,21.584103,20.998398,21.626148,19.98108,20.354025,19.065208,19.024178,21.013039,21.310465,21.018936,21.481726,19.954062,20.30257,4.0,0.0,4.0,0.0,0.0,0.0,0.0,0.0
28779,2023.0,7.0,19.0,20.0,21.024096,21.656256,20.025272,20.50503,21.025951,21.573217,21.036194,21.708715,19.489773,19.390759,19.032295,18.990498,21.395979,22.031706,21.0187,21.485859,20.314108,20.950125,0.0,0.0,0.0,0.0,0.0,4.0,0.0,4.0
28780,2023.0,7.0,19.0,20.0,21.023638,21.644596,19.473972,19.421522,21.025974,21.56178,21.02921,21.678848,19.958567,20.45101,19.000954,18.96025,20.96822,21.188541,21.019087,21.490227,19.973661,20.274918,0.0,0.0,0.0,4.0,0.0,0.0,0.0,0.0
28781,2023.0,7.0,19.0,20.0,21.017004,21.634575,19.142408,18.977743,21.019016,21.551695,21.02992,21.664997,20.006834,20.401768,18.96707,18.92541,21.025488,21.315334,21.454384,22.29204,20.340149,20.954073,0.0,0.0,0.0,0.0,0.0,0.0,4.0,4.0
28782,2023.0,7.0,19.0,21.0,21.14308,21.84846,19.1371,19.071281,21.020226,21.554506,20.996439,21.57915,20.115562,20.55255,18.929546,18.88223,21.019007,21.309141,20.958227,21.319399,20.441454,21.029463,0.0,0.0,4.0,4.0,0.0,0.0,0.0,4.0
28783,2023.0,7.0,19.0,21.0,21.00748,21.590403,19.570618,19.918846,21.049807,21.581753,21.037416,21.670317,20.007658,20.352234,18.891151,18.839426,21.013317,21.314629,21.032917,21.479574,20.470428,21.045343,4.0,4.0,0.0,0.0,0.0,0.0,0.0,4.0
28784,2023.0,7.0,19.0,21.0,21.02767,21.62368,20.050585,20.662224,21.025646,21.548765,21.029345,21.640709,20.126934,20.540918,18.853071,18.796213,21.014502,21.328476,21.023642,21.464556,19.952606,20.14679,4.0,0.0,0.0,4.0,0.0,0.0,0.0,0.0
28785,2023.0,7.0,19.0,21.0,20.997204,21.534254,20.023262,20.557177,21.027851,21.542229,21.030888,21.630453,20.157545,20.558084,18.817358,18.756865,21.01457,21.337368,21.025639,21.468586,19.509806,19.334175,0.0,0.0,0.0,4.0,0.0,0.0,0.0,0.0
28786,2023.0,7.0,19.0,21.0,21.002909,21.545427,19.379736,19.269924,21.001656,21.4591,21.022404,21.619467,20.006187,20.308567,18.784077,18.720844,21.014977,21.344658,21.018845,21.468077,20.171211,20.778759,0.0,4.0,0.0,0.0,0.0,0.0,0.0,4.0
28787,2023.0,7.0,19.0,21.0,21.031456,21.622335,19.421066,19.545181,21.034159,21.541245,21.023392,21.623163,19.455853,19.256079,18.749802,18.68231,21.015308,21.350355,21.020008,21.47869,19.973541,20.258984,4.0,0.0,0.0,0.0,0.0,0.0,0.0,0.0
28788,2023.0,7.0,19.0,22.0,21.025421,21.602106,20.099592,20.723951,21.027836,21.520208,20.997156,21.550676,19.179993,18.952421,18.71469,18.642052,21.015491,21.354942,21.019928,21.484497,19.434813,19.232298,0.0,0.0,4.0,0.0,0.0,0.0,0.0,0.0
28789,2023.0,7.0,19.0,22.0,21.026566,21.595098,19.372831,19.243753,21.028688,21.513319,21.038666,21.640715,19.066603,18.843216,18.684093,18.610281,21.015747,21.359047,21.020334,21.489538,19.19031,18.984331,0.0,0.0,0.0,0.0,0.0,0.0,0.0,0.0
28790,2023.0,7.0,19.0,22.0,21.025808,21.586031,19.141485,19.05224,21.018993,21.505466,21.030914,21.611797,19.130518,19.062426,18.967667,19.166737,21.015673,21.361887,21.020332,21.492685,19.078316,18.869268,0.0,0.0,0.0,0.0,4.0,0.0,0.0,0.0
28791,2023.0,7.0,19.0,22.0,21.017115,21.581205,19.098866,19.017706,21.020588,21.514761,21.006172,21.53013,19.111305,19.036896,20.16176,21.164227,21.292706,21.870777,21.02045,21.49522,19.137575,19.074238,0.0,0.0,4.0,0.0,0.0,4.0,0.0,0.0
28792,2023.0,7.0,19.0,22.0,21.144978,21.805807,19.043926,18.96033,21.049932,21.54587,21.037813,21.609364,19.059042,18.983746,19.345064,19.428644,21.16563,21.525587,21.380405,22.148348,19.876589,20.477255,0.0,4.0,0.0,0.0,0.0,4.0,4.0,4.0
28793,2023.0,7.0,19.0,22.0,21.003492,21.53817,18.990171,18.89945,21.017265,21.514261,21.030745,21.58619,19.00771,18.927057,18.897245,18.814835,21.101793,21.441963,21.273817,21.803398,20.011456,20.458454,0.0,0.0,0.0,0.0,0.0,4.0,4.0,4.0
28794,2023.0,7.0,19.0,23.0,21.054289,21.640036,18.94339,18.847542,21.059917,21.580288,21.001701,21.510498,18.961752,18.87853,18.795715,18.702768,21.046423,21.36399,21.250238,21.791836,20.055332,20.555162,0.0,0.0,4.0,0.0,0.0,0.0,4.0,0.0
28795,2023.0,7.0,19.0,23.0,20.566185,20.697384,18.9085,18.815416,20.312172,20.119627,20.208532,20.021881,18.923843,18.842224,18.738255,18.649204,20.414305,20.155838,20.396658,20.183573,19.367584,19.177107,0.0,0.0,0.0,0.0,0.0,0.0,0.0,0.0
28796,2023.0,7.0,19.0,23.0,20.34295,20.396084,18.877493,18.781898,20.170292,20.036469,19.834476,19.493265,18.889732,18.806026,18.692236,18.599955,20.179243,19.867939,20.080605,19.799574,19.882103,20.31691,0.0,0.0,0.0,0.0,0.0,0.0,0.0,4.0
28797,2023.0,7.0,19.0,23.0,20.237438,20.28627,18.848526,18.751898,20.102463,19.990866,19.67346,19.322443,18.85699,18.772223,18.65027,18.55685,20.071676,19.763763,19.935299,19.657715,19.288185,19.084435,0.0,0.0,0.0,0.0,0.0,0.0,0.0,0.0
28798,2023.0,7.0,19.0,23.0,20.15303,20.19907,19.27601,19.576872,20.01779,19.904749,19.766777,19.62789,18.824408,18.737856,18.610052,18.514517,20.174446,20.064438,19.81631,19.54071,19.056425,18.812536,4.0,0.0,0.0,0.0,0.0,0.0,0.0,0.0
28799,2023.0,7.0,19.0,23.0,20.080969,20.12511,18.99688,18.968237,19.94328,19.828608,19.746262,19.638412,18.792526,18.704298,18.571835,18.47438,20.147228,20.037106,19.71534,19.44198,18.956345,18.71354,0.0,0.0,0.0,0.0,0.0,0.0,0.0,0.0
28800,2023.0,7.0,20.0,0.0,20.016708,20.05868,18.858103,18.759052,19.87562,19.759127,19.685066,19.57719,18.761166,18.671112,18.535278,18.4357,20.094767,19.982588,19.812225,19.727392,19.023241,18.93218,0.0,0.0,0.0,0.0,0.0,0.0,0.0,0.0
28801,2023.0,7.0,20.0,0.0,19.959782,20.000835,18.811607,18.7065,19.814655,19.697077,19.626326,19.517763,18.73113,18.640074,18.500763,18.399881,20.0465,19.933163,19.77028,19.671064,18.997349,18.910065,0.0,0.0,0.0,0.0,0.0,0.0,0.0,0.0
28802,2023.0,7.0,20.0,0.0,19.9188,19.96978,18.778952,18.674006,19.760983,19.644503,19.573,19.46568,18.702465,18.611042,18.468517,18.367313,20.001574,19.88804,19.71959,19.62021,18.954498,18.866959,0.0,0.0,0.0,0.0,0.0,0.0,0.0,0.0
28803,2023.0,7.0,20.0,0.0,19.883715,19.944555,18.751024,18.646198,19.711521,19.596035,19.523298,19.417086,18.67449,18.582712,18.437422,18.335897,19.959332,19.845598,19.671228,19.571726,18.91246,18.824654,0.0,0.0,0.0,0.0,0.0,0.0,0.0,0.0
28804,2023.0,7.0,20.0,0.0,19.846134,19.909899,18.72787,18.625595,19.66941,19.558672,19.480682,19.379341,18.648865,18.558437,18.409624,18.31,19.921822,19.810226,19.62718,19.529968,19.603683,20.161715,0.0,0.0,0.0,0.0,0.0,0.0,0.0,4.0
28805,2023.0,7.0,20.0,0.0,19.806986,19.870398,18.703592,18.601011,19.62598,19.515562,19.436735,19.335718,18.622025,18.531088,18.380407,18.280237,19.883879,19.771755,19.58271,19.485054,19.104605,19.06843,0.0,0.0,0.0,0.0,0.0,0.0,0.0,0.0
28806,2023.0,7.0,20.0,1.0,19.76852,19.830164,18.679522,18.57567,19.583591,19.471914,19.393965,19.29158,18.594976,18.502756,18.351141,18.249466,19.846853,19.733189,19.539242,19.44006,18.770658,18.522911,0.0,0.0,0.0,0.0,0.0,0.0,0.0,0.0
28807,2023.0,7.0,20.0,1.0,19.731989,19.791399,18.655828,18.550177,19.543259,19.430151,19.353241,19.249353,18.5684,18.474854,18.322575,18.219273,19.811678,19.696598,19.498013,19.39762,18.662016,18.409359,0.0,0.0,0.0,0.0,0.0,0.0,0.0,0.0
28808,2023.0,7.0,20.0,1.0,19.697788,19.755964,18.633625,18.5271,19.505978,19.392742,19.315414,19.211414,18.54264,18.448296,18.295279,18.19111,19.778482,19.66264,19.458912,19.357918,18.749752,18.659027,0.0,0.0,0.0,0.0,0.0,0.0,0.0,0.0
28809,2023.0,7.0,20.0,1.0,19.664968,19.72185,18.611996,18.504543,19.47039,19.356937,19.279158,19.175003,18.517303,18.42217,18.268621,18.163595,19.746613,19.63001,19.42137,19.319777,18.732197,18.641205,0.0,0.0,0.0,0.0,0.0,0.0,0.0,0.0
28810,2023.0,7.0,20.0,1.0,19.63319,19.688763,18.590693,18.482288,19.436047,19.32232,19.244144,19.139776,18.492193,18.396282,18.242363,18.136482,19.715767,19.598406,19.384996,19.2828,18.699816,18.608133,0.0,0.0,0.0,0.0,0.0,0.0,0.0,0.0
28811,2023.0,7.0,20.0,1.0,19.602375,19.656612,18.569683,18.460297,19.402843,19.288773,19.210321,19.10565,18.46729,18.370607,18.216469,18.10974,19.685833,19.567713,19.349674,19.246874,18.666924,18.574543,0.0,0.0,0.0,0.0,0.0,0.0,0.0,0.0
28812,2023.0,7.0,20.0,2.0,19.572407,19.62529,18.54891,18.438509,19.37063,19.256151,19.177544,19.07249,18.442558,18.345108,18.190882,18.083305,19.656689,19.537811,19.315266,19.211863,18.634361,18.541307,0.0,0.0,0.0,0.0,0.0,0.0,0.0,0.0
28813,2023.0,7.0,20.0,2.0,19.540842,19.590017,18.525461,18.411148,19.336605,19.218973,19.143032,19.034885,18.415972,18.315786,18.163301,18.052654,19.62612,19.504389,19.279778,19.173904,18.60069,18.505136,0.0,0.0,0.0,0.0,0.0,0.0,0.0,0.0
28814,2023.0,7.0,20.0,2.0,19.509394,19.554829,18.501497,18.383144,19.302752,19.18186,19.108742,18.997389,18.388823,18.285866,18.135134,18.021358,19.595516,19.470892,19.244383,19.13601,18.567118,18.469034,0.0,0.0,0.0,0.0,0.0,0.0,0.0,0.0
28815,2023.0,7.0,20.0,2.0,19.480438,19.524485,18.480087,18.36056,19.27244,19.151552,19.078062,18.966797,18.363203,18.25944,18.10897,17.994507,19.567034,19.441595,20.156199,20.882225,19.257788,19.795643,0.0,0.0,0.0,0.0,0.0,0.0,4.0,4.0
28816,2023.0,7.0,20.0,2.0,19.44943,19.48975,18.455761,18.332224,19.239521,19.115246,19.04474,18.930153,18.90161,19.290707,18.080198,17.962696,19.536684,19.408413,19.345911,19.1286,18.790752,18.76035,0.0,0.0,0.0,4.0,0.0,0.0,0.0,0.0
28817,2023.0,7.0,20.0,2.0,19.417536,19.452763,18.429953,18.301035,19.205536,19.076174,19.01036,18.890741,19.168634,19.65968,18.358858,18.50736,19.50509,19.372736,19.057066,18.745964,18.42611,18.145803,0.0,0.0,0.0,4.0,4.0,0.0,0.0,0.0
28818,2023.0,7.0,20.0,3.0,19.388676,19.421015,18.406208,18.273802,19.174135,19.042149,18.978773,18.856531,18.433403,18.173342,18.149094,18.048986,19.475393,19.340847,18.96399,18.65053,18.310446,18.019844,0.0,0.0,0.0,0.0,0.0,0.0,0.0,0.0
28819,2023.0,7.0,20.0,3.0,19.358465,19.386204,18.380434,18.24236,19.140081,19.002926,18.944668,18.817179,18.185684,17.866291,18.045782,17.916494,19.444046,19.305704,18.880947,18.561033,18.415432,18.30462,0.0,0.0,0.0,0.0,0.0,0.0,0.0,0.0
28820,2023.0,7.0,20.0,3.0,19.332336,19.359528,18.360077,18.221775,19.112206,18.975838,18.916792,18.790045,18.101933,17.784212,18.012327,17.883959,19.416697,19.27835,18.99588,18.856697,19.131588,19.662352,0.0,0.0,0.0,0.0,0.0,0.0,0.0,4.0
28821,2023.0,7.0,20.0,3.0,19.304033,19.328787,18.337227,18.196419,19.081936,18.943705,18.886713,18.757977,18.203415,18.060486,17.97724,17.84708,19.38779,19.247757,19.006407,18.883139,18.459038,18.214483,0.0,0.0,0.0,0.0,0.0,0.0,0.0,0.0
28822,2023.0,7.0,20.0,3.0,19.274431,19.295565,18.313124,18.168741,19.050629,18.909174,18.855793,18.723667,18.218628,18.096487,18.251186,18.387812,19.357847,19.215065,18.97921,18.854826,18.218637,17.909273,0.0,0.0,0.0,0.0,4.0,0.0,0.0,0.0
28823,2023.0,7.0,20.0,3.0,19.245996,19.264555,18.289925,18.142832,19.020647,18.877024,18.826094,18.691715,18.19107,18.068073,18.020079,17.890837,19.3288,19.184162,18.94832,18.822437,18.135221,17.823866,0.0,0.0,0.0,0.0,0.0,0.0,0.0,0.0
28824,2023.0,7.0,20.0,4.0,19.218615,19.235512,18.267736,18.118774,18.991919,18.847183,18.797533,18.662014,18.161335,18.037611,17.933712,17.79679,19.300632,19.155035,18.916842,18.790365,18.959272,19.456568,0.0,0.0,0.0,0.0,0.0,0.0,0.0,4.0
28825,2023.0,7.0,20.0,4.0,19.19121,19.206362,18.245485,18.09478,18.963184,18.81718,18.768951,18.63213,18.130474,18.005833,17.895346,17.757832,19.272375,19.125734,18.884598,18.757328,18.329613,18.07157,0.0,0.0,0.0,0.0,0.0,0.0,0.0,0.0
28826,2023.0,7.0,20.0,4.0,19.162695,19.174713,18.222086,18.068508,18.933317,18.784557,18.739391,18.599728,18.098425,17.97146,18.177143,18.318792,19.243238,19.094358,18.851036,18.721666,18.092045,17.770784,0.0,0.0,0.0,0.0,4.0,0.0,0.0,0.0
28827,2023.0,7.0,20.0,4.0,19.136433,19.147419,18.200735,18.04626,18.90593,18.756716,18.712238,18.572067,18.068638,17.941353,17.932613,17.79731,19.216148,19.066807,18.819407,18.689783,18.0134,17.69327,0.0,0.0,0.0,0.0,0.0,0.0,0.0,0.0
28828,2023.0,7.0,20.0,4.0,19.109713,19.119131,18.17895,18.022932,18.878014,18.727692,18.684475,18.543188,18.038733,17.910614,18.153069,18.280466,19.188923,19.038677,18.787506,18.657175,18.131935,17.999393,0.0,0.0,0.0,0.0,4.0,0.0,0.0,0.0
28829,2023.0,7.0,20.0,4.0,19.090225,19.105268,18.157887,18.001038,18.851019,18.700426,18.657562,18.516024,18.010073,17.881907,17.933475,17.814024,19.162771,19.012325,18.75665,18.626379,18.864216,19.38284,0.0,0.0,0.0,0.0,0.0,0.0,0.0,4.0
28830,2023.0,7.0,20.0,5.0,19.076597,19.09996,18.136215,17.977901,18.823381,18.671778,18.630215,18.487585,17.981302,17.852455,17.824709,17.681332,19.136478,18.985271,18.725521,18.594698,18.186813,17.921024,0.0,0.0,0.0,0.0,0.0,0.0,0.0,0.0
28831,2023.0,7.0,20.0,5.0,19.054087,19.077745,18.11613,17.958189,18.79745,18.646444,18.604736,18.462551,17.954306,17.826027,18.07294,18.180065,19.111906,18.961245,19.660042,20.381308,17.954393,17.632086,0.0,0.0,0.0,0.0,4.0,0.0,4.0,0.0
28832,2023.0,7.0,20.0,5.0,19.031292,19.055191,18.096907,17.939884,18.772577,18.622526,18.580025,18.438807,17.928492,17.801071,17.879978,17.76611,19.088373,18.938532,18.826002,18.57355,17.879623,17.56097,0.0,0.0,0.0,0.0,0.0,0.0,0.0,0.0
28833,2023.0,7.0,20.0,5.0,19.007025,19.02982,18.076723,17.91936,18.746662,18.595985,18.553902,18.412209,17.902014,17.774172,17.768024,17.624884,19.064217,18.91406,18.537853,18.19712,18.004774,17.87762,0.0,0.0,0.0,0.0,0.0,0.0,0.0,0.0
28834,2023.0,7.0,20.0,5.0,18.983818,19.006596,18.056942,17.89969,18.721386,18.570784,18.52837,18.386871,17.876976,17.749506,17.728659,17.58575,19.041346,18.891598,18.452133,18.1145,18.009203,17.888456,0.0,0.0,0.0,0.0,0.0,0.0,0.0,0.0
28835,2023.0,7.0,20.0,5.0,18.960976,18.984104,18.038616,17.88309,18.697626,18.548828,18.504543,18.364885,17.853996,17.727875,17.69462,17.553755,19.020283,18.871782,18.58317,18.44911,17.988535,17.868942,0.0,0.0,0.0,0.0,0.0,0.0,0.0,0.0
28836,2023.0,7.0,20.0,6.0,18.937738,18.960817,18.018795,17.863453,18.672327,18.523722,18.479342,18.339846,17.83191,17.706316,17.663649,17.523022,19.000076,18.852139,18.585453,18.457417,17.966019,17.847008,0.0,0.0,0.0,0.0,0.0,0.0,0.0,0.0
28837,2023.0,7.0,20.0,6.0,21.25904,23.037485,18.006214,17.858543,21.245058,23.110952,21.251642,23.278244,17.817087,17.69735,17.643312,17.509851,21.261301,22.772757,21.461374,23.432518,18.701988,19.25593,0.0,0.0,0.0,0.0,0.0,0.0,0.0,4.0
28838,2023.0,7.0,20.0,6.0,21.008577,22.343946,17.992884,17.852058,20.979929,22.284918,21.004261,22.480846,17.80581,17.691,17.62492,17.497072,21.009552,22.151382,20.999353,22.357738,20.142801,21.544699,0.0,4.0,0.0,0.0,0.0,0.0,0.0,4.0
28839,2023.0,7.0,20.0,6.0,21.05071,22.261536,17.980148,17.845821,21.021177,22.201553,21.044409,22.374613,17.80026,17.690714,17.927181,18.080158,21.035088,22.058693,21.042288,22.276106,20.028137,21.13936,0.0,4.0,0.0,0.0,4.0,0.0,0.0,0.0
28840,2023.0,7.0,20.0,6.0,21.044989,22.137896,18.41028,18.665752,21.02999,22.08517,21.039963,22.241503,18.39049,18.806305,20.26414,22.034575,21.03158,21.946218,21.03686,22.146189,18.810196,18.638964,4.0,4.0,0.0,4.0,0.0,0.0,0.0,0.0
28841,2023.0,7.0,20.0,6.0,21.296442,22.569168,20.221834,21.740133,21.198309,22.332298,21.180798,22.43734,20.190323,21.751995,19.198996,19.639544,21.143883,22.092402,21.216473,22.418938,19.001678,19.375156,0.0,4.0,0.0,4.0,4.0,0.0,0.0,4.0
28842,2023.0,7.0,20.0,7.0,21.021751,21.956469,19.047754,19.20724,21.02535,21.918768,21.037907,22.0864,20.24519,21.619335,20.200165,21.60931,21.02835,21.798021,21.034153,21.98451,20.26067,21.48691,0.0,4.0,0.0,4.0,0.0,0.0,0.0,0.0
28843,2023.0,7.0,20.0,7.0,21.019115,21.916346,18.413502,18.345963,21.02447,21.873241,21.037266,22.041159,20.0189,20.991909,19.395998,19.810507,21.027605,21.749832,21.033295,21.934206,18.975006,18.834784,0.0,4.0,0.0,4.0,4.0,0.0,0.0,0.0
28844,2023.0,7.0,20.0,7.0,21.045916,21.963717,18.288746,18.190657,21.023123,21.838587,21.036436,22.006554,20.47882,21.797,20.170706,21.323261,21.026257,21.70934,21.032288,21.893446,19.355734,19.91901,0.0,4.0,0.0,4.0,0.0,0.0,0.0,4.0
28845,2023.0,7.0,20.0,7.0,21.038897,21.923857,18.227556,18.128258,21.022104,21.812733,21.035648,21.979673,20.011639,20.766558,19.00328,18.904602,21.02523,21.675932,21.038559,21.829876,20.096746,21.052652,0.0,4.0,0.0,4.0,0.0,0.0,4.0,0.0
28846,2023.0,7.0,20.0,7.0,21.010586,21.825836,18.654385,18.970112,21.047083,21.864206,21.034811,21.958328,20.041832,20.791101,18.546246,18.43227,21.024002,21.646606,21.042984,21.844606,19.799505,20.313541,4.0,0.0,0.0,0.0,0.0,0.0,0.0,4.0
28847,2023.0,7.0,20.0,7.0,21.245642,22.306734,20.174341,21.527164,21.014845,21.759748,21.034498,21.942356,19.135134,18.991203,18.488573,18.38358,21.22161,22.017992,21.037127,21.799738,20.036705,20.766632,4.0,4.0,0.0,0.0,0.0,0.0,0.0,4.0
28848,2023.0,7.0,20.0,8.0,21.036057,21.868118,20.014967,21.04166,21.019474,21.75862,21.033054,21.92761,18.65673,18.394636,18.429466,18.324419,21.022425,21.590963,21.034975,21.765648,20.033133,20.732977,0.0,4.0,0.0,0.0,0.0,0.0,0.0,0.0
28849,2023.0,7.0,20.0,8.0,20.686817,21.169931,18.989859,18.958368,20.57016,20.890652,20.178364,20.27584,18.53488,18.286331,18.393427,18.292856,20.424522,20.42611,20.280073,20.300299,19.205238,19.088062,0.0,4.0,0.0,0.0,0.0,0.0,0.0,0.0
28850,2023.0,7.0,20.0,8.0,20.004019,19.970848,18.538105,18.287207,19.8329,19.61629,20.417746,20.921658,18.603329,18.485859,18.750063,18.975132,20.189047,20.080564,19.966576,19.866222,19.74167,20.26809,0.0,0.0,4.0,0.0,4.0,0.0,0.0,4.0
28851,2023.0,7.0,20.0,8.0,20.373344,20.843,18.528152,18.407267,20.154305,20.408249,19.911577,19.962425,18.612925,18.517086,20.178318,21.419453,20.10623,19.994,19.837105,19.73327,20.299625,21.242184,0.0,4.0,0.0,0.0,0.0,0.0,0.0,0.0
28852,2023.0,7.0,20.0,8.0,19.915764,19.93289,18.939444,19.24544,20.288198,20.62112,19.986135,20.313765,18.590834,18.497404,19.275194,19.445826,20.038408,19.927147,19.72732,19.624798,19.294535,19.21141,4.0,4.0,4.0,0.0,0.0,0.0,0.0,0.0
28853,2023.0,7.0,20.0,8.0,19.631731,19.553839,20.155355,21.356964,20.273615,20.623285,19.49311,19.384445,18.578083,18.483295,18.866241,18.77072,19.999416,19.886522,19.658325,19.55408,18.995197,18.78827,0.0,4.0,0.0,0.0,0.0,0.0,0.0,0.0
28854,2023.0,7.0,20.0,9.0,20.164326,20.69292,19.579916,20.055931,20.254564,20.621067,19.161442,18.968315,18.565702,18.470114,18.760862,18.646887,19.963045,19.850624,19.592066,19.488714,18.878181,18.674978,4.0,4.0,0.0,0.0,0.0,0.0,0.0,0.0
28855,2023.0,7.0,20.0,9.0,20.27642,20.830692,20.098814,21.0014,20.246416,20.628576,19.057636,18.86808,18.563526,18.465908,18.731417,18.611433,19.944038,19.830317,19.549862,19.445396,18.907896,18.796227,4.0,4.0,0.0,0.0,0.0,0.0,0.0,0.0
28856,2023.0,7.0,20.0,9.0,20.308752,20.886923,20.02705,20.822605,20.238586,20.636757,19.766285,20.303152,18.56368,18.46449,18.71393,18.592455,19.92691,19.81302,19.508879,19.404957,18.896538,18.7955,0.0,4.0,4.0,0.0,0.0,0.0,0.0,0.0
28857,2023.0,7.0,20.0,9.0,20.334238,20.924288,19.567863,19.878256,20.234787,20.648376,19.344324,19.318115,18.568657,18.467478,18.708303,18.585165,20.683071,21.258034,19.47583,19.371317,18.866812,18.766201,4.0,4.0,0.0,0.0,0.0,4.0,0.0,0.0
28858,2023.0,7.0,20.0,9.0,19.760517,19.848543,20.106577,20.91565,20.237177,20.66551,19.086805,18.959593,18.5799,18.476618,18.716396,18.591253,20.085646,19.952541,19.457071,19.351336,18.849426,18.747328,0.0,4.0,0.0,0.0,0.0,0.0,0.0,0.0
28859,2023.0,7.0,20.0,9.0,19.47686,19.51354,19.662771,19.998037,20.241224,20.684313,19.630331,20.080029,19.31877,19.857431,18.72749,18.600609,20.575954,21.021425,19.439302,19.333113,18.832577,18.729744,4.0,4.0,4.0,4.0,0.0,4.0,0.0,0.0
28860,2023.0,7.0,20.0,10.0,20.09293,20.750269,20.073328,20.789457,20.248793,20.706318,19.77878,20.268509,20.088009,21.084873,18.745157,18.61693,20.074945,19.926905,19.429792,19.322521,18.824444,18.720152,4.0,4.0,4.0,0.0,0.0,0.0,0.0,0.0
28861,2023.0,7.0,20.0,10.0,19.6839,19.823917,20.006445,20.650864,20.258457,20.730394,19.267002,19.285034,19.289713,19.357464,18.765694,18.636171,20.621565,21.0789,19.42135,19.313898,18.817808,18.71299,4.0,4.0,0.0,0.0,0.0,4.0,0.0,0.0
28862,2023.0,7.0,20.0,10.0,19.415741,19.500587,20.01372,20.659384,19.731459,19.75305,19.00296,18.954134,18.891958,18.776726,18.788961,18.658218,20.949173,21.48272,20.427584,21.220669,18.814064,18.708416,4.0,0.0,0.0,0.0,0.0,4.0,4.0,0.0
28863,2023.0,7.0,20.0,10.0,19.331085,19.415941,20.030127,20.701706,20.056486,20.543312,18.924774,18.882143,18.818909,18.688433,18.814816,18.682947,20.344212,20.241488,19.85988,19.808344,18.81316,18.706566,0.0,4.0,0.0,0.0,0.0,0.0,0.0,0.0
28864,2023.0,7.0,20.0,10.0,19.332003,19.477825,19.397291,19.4782,19.66796,19.706404,18.883844,18.858217,18.826044,18.710985,18.842121,18.708784,20.115114,19.93907,19.549583,19.412704,18.814758,18.707241,0.0,0.0,0.0,0.0,0.0,0.0,0.0,0.0
28865,2023.0,7.0,20.0,10.0,19.315016,19.474833,19.108667,19.078526,19.444786,19.398561,18.867159,18.866491,18.83639,18.722107,18.87055,18.738214,20.09718,19.92593,19.514626,19.37862,18.819107,18.711012,0.0,0.0,0.0,0.0,0.0,0.0,0.0,0.0
28866,2023.0,7.0,20.0,11.0,19.284908,19.448383,19.020075,19.015955,19.37495,19.348896,18.837233,18.842123,18.843204,18.727901,18.896484,18.763607,20.09904,19.938274,19.507862,19.38112,18.82379,18.715397,0.0,0.0,0.0,0.0,0.0,0.0,0.0,0.0
28867,2023.0,7.0,20.0,11.0,19.255554,19.420986,18.943132,18.948849,20.013842,20.61435,18.807907,18.816916,18.84798,18.729347,19.290142,19.481579,20.124012,19.99259,19.508394,19.392923,18.826138,18.715334,0.0,4.0,0.0,0.0,4.0,0.0,0.0,0.0
28868,2023.0,7.0,20.0,11.0,19.224407,19.388813,18.871187,18.878782,20.121489,20.693464,18.778172,18.789122,18.851873,18.730766,20.08631,20.812525,20.130112,20.001394,20.512232,21.297094,18.827414,18.714819,0.0,4.0,0.0,0.0,0.0,0.0,4.0,0.0
28869,2023.0,7.0,20.0,11.0,19.182741,19.339401,19.239382,19.634136,19.590757,19.676735,18.746765,18.758995,18.854197,18.731524,19.49049,19.509232,20.891962,21.450127,20.915068,21.724388,18.827429,18.713726,4.0,0.0,0.0,0.0,0.0,4.0,4.0,0.0
28870,2023.0,7.0,20.0,11.0,19.155266,19.311436,20.112637,21.138416,19.381628,19.383696,18.721382,18.734512,18.856339,18.732779,19.247667,19.11438,20.380367,20.323519,20.08337,20.055656,18.826551,18.712358,0.0,0.0,0.0,0.0,0.0,0.0,0.0,0.0
28871,2023.0,7.0,20.0,11.0,19.127382,19.284086,19.368235,19.576307,19.290813,19.292429,19.381134,19.999113,18.858002,18.734032,19.202114,19.059875,20.149883,19.999884,19.747566,19.626184,18.824945,18.710596,0.0,0.0,4.0,0.0,0.0,0.0,0.0,0.0
28872,2023.0,7.0,20.0,12.0,19.104048,19.260464,19.0174,19.043808,19.23761,19.24258,18.982695,19.101147,18.860426,18.736235,19.188276,19.043053,20.126678,19.9725,19.682781,19.554752,18.823742,18.70933,0.0,0.0,0.0,0.0,0.0,0.0,0.0,0.0
28873,2023.0,7.0,20.0,12.0,21.244915,23.046911,19.338863,19.727356,21.216583,22.804295,21.231024,23.148624,18.86405,18.740606,19.182718,19.037521,21.10431,21.765541,21.21216,22.239126,18.82432,18.710703,4.0,0.0,0.0,0.0,0.0,4.0,0.0,0.0
28874,2023.0,7.0,20.0,12.0,20.997019,22.346365,20.101337,21.024775,21.001358,22.182184,21.005264,22.447481,18.871038,18.74841,19.180271,19.035522,21.001358,21.419224,21.004702,21.762707,18.827168,18.714352,0.0,0.0,0.0,0.0,0.0,0.0,0.0,0.0
28875,2023.0,7.0,20.0,12.0,21.034437,22.291574,19.393856,19.573044,21.033934,22.130074,21.04015,22.365519,18.880547,18.758621,19.182796,19.038551,21.016193,21.395592,21.023376,21.724916,18.832787,18.72087,0.0,0.0,0.0,0.0,0.0,0.0,0.0,0.0
28876,2023.0,7.0,20.0,12.0,21.0279,22.192024,19.455889,19.906553,21.002182,21.97098,21.033676,22.250706,18.89223,18.771383,19.188766,19.045317,21.013437,21.347403,21.333578,22.221449,18.841267,18.730476,4.0,4.0,0.0,0.0,0.0,0.0,4.0,0.0
28877,2023.0,7.0,20.0,12.0,21.02943,22.132292,20.094482,20.991987,21.012138,21.937069,21.034618,22.179083,18.904715,18.784754,19.197163,19.054647,21.011667,21.31271,20.98047,21.508696,18.851023,18.741228,0.0,4.0,0.0,0.0,0.0,0.0,0.0,0.0
28878,2023.0,7.0,20.0,13.0,21.00199,22.012123,19.420507,19.611837,21.010422,21.898361,21.034042,22.124584,18.917782,18.79857,19.20761,19.065733,21.011265,21.286333,21.335836,22.134462,18.8614,18.752605,0.0,4.0,0.0,0.0,0.0,0.0,4.0,0.0
28879,2023.0,7.0,20.0,13.0,21.034357,22.069935,19.021193,19.06728,21.009504,21.87056,21.03265,22.081562,18.930573,18.812067,19.218117,19.076925,21.010206,21.263227,20.970005,21.412567,18.87157,18.76356,0.0,4.0,0.0,0.0,0.0,0.0,0.0,0.0
28880,2023.0,7.0,20.0,13.0,21.061703,22.088085,18.890604,18.912756,21.06339,21.980633,21.06994,22.118298,18.942581,18.824902,19.228268,19.088083,21.024282,21.271755,21.043217,21.55229,18.881094,18.77389,0.0,0.0,0.0,0.0,0.0,0.0,0.0,0.0
28881,2023.0,7.0,20.0,13.0,21.059105,22.047798,18.81983,18.843287,21.059795,21.930767,21.066996,22.075365,18.95336,18.836435,19.23724,19.097822,21.022247,21.25033,21.040918,21.518843,18.889824,18.7835,0.0,0.0,0.0,0.0,0.0,0.0,0.0,0.0
28882,2023.0,7.0,20.0,13.0,21.055807,22.023596,18.763187,18.788462,21.058146,21.907825,21.022343,21.9393,18.963266,18.847397,19.245354,19.107046,21.022343,21.239214,21.039156,21.503733,18.897913,18.792728,0.0,0.0,4.0,0.0,0.0,0.0,0.0,0.0
28883,2023.0,7.0,20.0,13.0,21.05445,22.005484,18.715843,18.743114,21.056614,21.886839,21.06769,22.055618,18.971815,18.857435,19.252083,19.115402,21.021435,21.228521,21.037518,21.49241,18.904928,18.801281,0.0,0.0,0.0,0.0,0.0,0.0,0.0,0.0
28884,2023.0,7.0,20.0,14.0,21.006361,21.869793,18.675648,18.705019,21.053553,21.870264,21.064686,22.013855,18.978703,18.866323,19.256989,19.122534,21.020605,21.221077,21.0365,21.484194,18.910494,18.808828,0.0,0.0,0.0,0.0,0.0,0.0,0.0,0.0
28885,2023.0,7.0,20.0,14.0,20.87119,21.62027,18.642588,18.67548,20.356026,20.52016,20.2472,20.431038,18.981697,18.869762,19.257542,19.123734,20.724926,20.6464,20.509726,20.462194,18.912472,18.811407,0.0,0.0,0.0,0.0,0.0,0.0,0.0,0.0
28886,2023.0,7.0,20.0,14.0,20.252995,20.486221,19.06506,19.491247,20.02141,20.045418,19.86849,19.901592,18.982025,18.871582,19.254932,19.122742,20.610565,20.490074,20.305298,20.192923,18.9118,18.812159,4.0,0.0,0.0,0.0,0.0,0.0,0.0,0.0
28887,2023.0,7.0,20.0,14.0,20.678213,21.436209,20.119057,21.267319,20.538353,21.131788,19.709646,19.732634,18.979868,18.871346,19.249569,19.119537,20.565271,20.446438,20.217752,20.105913,18.908073,18.81019,4.0,4.0,0.0,0.0,0.0,0.0,0.0,0.0
28888,2023.0,7.0,20.0,14.0,20.773722,21.507315,19.988726,20.872604,20.69897,21.318443,19.565594,19.580957,18.975761,18.869492,19.242609,19.115055,20.518072,20.399622,20.131788,20.01904,18.901098,18.805084,4.0,4.0,0.0,0.0,0.0,0.0,0.0,0.0
28889,2023.0,7.0,20.0,14.0,20.172813,20.396154,20.031761,20.886179,20.656303,21.238155,19.458313,19.47792,18.969915,18.866547,19.234348,19.110296,20.478745,20.364424,20.063192,19.955757,18.891773,18.798336,0.0,4.0,0.0,0.0,0.0,0.0,0.0,0.0
28890,2023.0,7.0,20.0,15.0,20.542826,21.294346,19.389868,19.584053,20.099182,20.212936,19.365404,19.384687,18.961435,18.861355,19.224077,19.10408,20.441319,20.330238,20.001368,19.897474,18.879997,18.789341,0.0,0.0,0.0,0.0,0.0,0.0,0.0,0.0
28891,2023.0,7.0,20.0,15.0,20.040546,20.269318,19.11928,19.196842,19.851562,19.873817,19.299986,19.31768,18.95131,18.855173,19.212374,19.097174,20.410479,20.302813,19.953394,19.852795,18.867104,18.779821,0.0,0.0,0.0,0.0,0.0,0.0,0.0,0.0
28892,2023.0,7.0,20.0,15.0,19.845343,20.022589,18.995537,19.034403,20.358753,20.912657,19.242662,19.262068,18.939728,18.848005,19.198189,19.088343,20.380377,20.27755,20.899208,21.686728,19.742594,20.450266,0.0,4.0,0.0,0.0,0.0,0.0,4.0,4.0
28893,2023.0,7.0,20.0,15.0,19.76364,19.940489,18.912493,18.940767,19.951336,20.076345,19.19154,19.211159,18.926079,18.838821,19.181177,19.07664,20.350191,20.251778,20.238926,20.252195,20.035181,20.836432,0.0,0.0,0.0,0.0,0.0,0.0,0.0,0.0
28894,2023.0,7.0,20.0,15.0,19.69214,19.871357,18.845514,18.873308,19.664701,19.701403,19.139538,19.16015,18.909998,18.82731,19.161125,19.062052,20.317282,20.2236,20.859064,21.623308,19.34883,19.401937,0.0,0.0,0.0,0.0,0.0,0.0,4.0,0.0
28895,2023.0,7.0,20.0,15.0,19.637938,19.814217,18.79974,18.825682,20.206121,20.77436,19.100307,19.120476,18.893637,18.815285,19.140837,19.046865,21.037178,21.6212,20.197927,20.218027,19.124609,19.083782,0.0,4.0,0.0,0.0,0.0,4.0,0.0,0.0
28896,2023.0,7.0,20.0,16.0,19.590055,19.764368,18.759735,18.785595,19.807531,19.928736,19.064,19.084614,18.87662,18.80247,19.119688,19.030693,20.519938,20.516535,19.952612,19.875973,19.06317,19.022821,0.0,0.0,0.0,0.0,0.0,0.0,0.0,0.0
28897,2023.0,7.0,20.0,16.0,19.549212,19.722397,19.184599,19.613464,19.60109,19.628841,19.031422,19.052483,18.859728,18.789862,19.098541,19.01456,20.32884,20.236256,19.880304,19.806238,18.991682,18.928217,4.0,0.0,0.0,0.0,0.0,0.0,0.0,0.0
28898,2023.0,7.0,20.0,16.0,20.18547,20.947731,20.122164,21.207226,20.165585,20.744488,19.00262,19.025188,18.843546,18.77809,19.078066,18.999119,20.282885,20.194534,19.826416,19.758532,18.946016,18.883852,0.0,4.0,0.0,0.0,0.0,0.0,0.0,0.0
28899,2023.0,7.0,20.0,16.0,19.816902,20.058079,19.362795,19.586012,20.359802,20.948433,18.972567,18.99665,19.540083,20.109568,19.058043,18.984362,21.008293,21.613836,19.772085,19.70488,19.799131,20.53527,0.0,4.0,0.0,4.0,0.0,4.0,0.0,4.0
28900,2023.0,7.0,20.0,16.0,19.631195,19.802654,19.025059,19.068754,20.394766,20.980097,18.948805,18.973345,20.029015,20.843245,19.041323,18.972141,20.486164,20.499279,19.731096,19.666552,20.030506,20.825476,0.0,4.0,0.0,4.0,0.0,0.0,0.0,0.0
28901,2023.0,7.0,20.0,16.0,19.566807,19.74375,18.913475,18.944738,20.428236,21.012209,18.924383,18.9499,20.02059,20.748518,19.023575,18.958889,20.242607,20.17247,19.692104,19.63139,19.398157,19.511732,0.0,4.0,0.0,0.0,0.0,0.0,0.0,0.0
28902,2023.0,7.0,20.0,17.0,19.516464,19.686579,18.84493,18.874178,20.456017,21.038698,18.901937,18.928263,19.442688,19.561216,19.005836,18.945185,20.195295,20.125084,19.657497,19.600307,19.08428,19.078846,0.0,4.0,0.0,0.0,0.0,0.0,0.0,0.0
28903,2023.0,7.0,20.0,17.0,19.479301,19.646418,18.801579,18.829048,20.473942,21.052956,19.57069,20.20181,19.207258,19.19623,18.989155,18.931108,20.165735,20.096619,19.629618,19.574926,19.013592,18.997097,0.0,4.0,4.0,0.0,0.0,0.0,0.0,0.0
28904,2023.0,7.0,20.0,17.0,19.448753,19.614683,19.206526,19.619549,19.94818,20.055822,19.765835,20.410492,19.124104,19.10214,18.972216,18.916454,20.914644,21.5458,19.603247,19.55092,18.949139,18.908033,4.0,0.0,4.0,0.0,0.0,4.0,0.0,0.0
28905,2023.0,7.0,20.0,17.0,20.096462,20.852594,20.096579,21.11371,20.341724,20.902428,19.261436,19.396639,19.0507,19.005877,18.955748,18.901917,21.10408,21.764265,19.578613,19.52854,19.798439,20.549242,4.0,4.0,0.0,0.0,0.0,4.0,0.0,4.0
28906,2023.0,7.0,20.0,17.0,19.745865,19.98407,19.997622,20.799505,20.493093,21.064041,19.027552,19.09151,18.993614,18.947172,18.939295,18.887651,20.520134,20.59307,20.561693,21.41314,20.022882,20.74425,4.0,4.0,0.0,0.0,0.0,0.0,4.0,0.0
28907,2023.0,7.0,20.0,17.0,19.51463,19.696478,20.02798,20.800531,20.505287,21.07049,18.9698,19.02227,18.95179,18.90634,18.92382,18.874407,20.224674,20.16488,20.050394,20.132765,19.420712,19.520626,0.0,4.0,0.0,0.0,0.0,0.0,0.0,0.0
28908,2023.0,7.0,20.0,18.0,19.459496,19.63419,19.42617,19.585863,19.98077,20.07536,18.93832,18.988276,18.916985,18.873747,18.909225,18.862482,20.877508,21.46103,19.701784,19.663542,19.111593,19.103056,0.0,0.0,0.0,0.0,0.0,4.0,0.0,0.0
28909,2023.0,7.0,20.0,18.0,21.217745,22.754055,19.166023,19.212692,21.126143,22.181086,21.24189,23.09934,18.888828,18.846182,19.256628,19.528639,21.183393,21.962072,21.214888,22.341501,19.913277,20.67556,0.0,4.0,0.0,0.0,4.0,0.0,0.0,4.0
28910,2023.0,7.0,20.0,18.0,21.001165,22.157919,19.03949,19.062933,20.992506,21.831287,21.002653,22.367472,19.61755,20.252853,20.08976,20.931713,21.017506,21.563875,21.005934,21.858257,20.005041,20.64863,0.0,4.0,0.0,4.0,0.0,0.0,0.0,0.0
28911,2023.0,7.0,20.0,18.0,21.003002,22.036158,18.95494,18.970495,21.009789,21.81052,21.01274,22.210207,20.046925,20.82225,19.469383,19.609087,21.018555,21.525942,21.02603,21.823835,19.421873,19.482582,0.0,4.0,4.0,0.0,0.0,0.0,0.0,0.0
28912,2023.0,7.0,20.0,18.0,21.034801,22.04784,18.891745,18.903217,21.00752,21.767397,21.03808,22.180408,19.391272,19.467426,19.103449,19.081589,21.018496,21.497871,21.023172,21.766247,20.042599,20.821379,0.0,4.0,0.0,0.0,0.0,0.0,0.0,4.0
28913,2023.0,7.0,20.0,18.0,20.99797,21.898891,18.836834,18.842348,21.03383,21.810848,21.03393,22.0889,19.053406,19.009838,19.002035,18.960033,21.01534,21.478302,21.02183,21.727383,19.985813,20.560024,0.0,0.0,0.0,0.0,0.0,0.0,0.0,0.0
28914,2023.0,7.0,20.0,19.0,21.007593,21.881899,19.2458,19.646212,21.001312,21.69651,21.035957,22.029818,18.97028,18.932314,18.954443,18.913988,21.286995,21.964783,21.02288,21.703272,19.420294,19.44393,4.0,4.0,0.0,0.0,0.0,4.0,0.0,0.0
28915,2023.0,7.0,20.0,19.0,21.033754,21.926743,20.090721,21.024136,21.0075,21.690006,21.030308,21.979261,18.91687,18.87836,18.909082,18.867231,21.277441,21.85099,21.292486,22.161114,19.133028,19.077211,4.0,4.0,0.0,0.0,0.0,4.0,4.0,0.0
28916,2023.0,7.0,20.0,19.0,21.000612,21.811241,20.000147,20.740568,21.006914,21.674208,21.030642,21.948288,18.871946,18.83511,18.869444,18.82881,21.267406,21.827707,20.987885,21.56895,19.93149,20.677942,4.0,4.0,0.0,0.0,0.0,4.0,0.0,4.0
28917,2023.0,7.0,20.0,19.0,21.059057,21.93437,20.057106,20.798555,21.015265,21.67649,21.06356,21.982853,18.829813,18.792648,18.831045,18.789635,21.272095,21.820732,21.053509,21.702065,20.048187,20.663994,0.0,4.0,0.0,0.0,0.0,4.0,0.0,0.0
28918,2023.0,7.0,20.0,19.0,21.02307,21.833187,19.39387,19.458857,21.03215,21.719742,21.024904,21.885288,18.794859,18.760475,18.79963,18.761713,20.99319,21.33875,21.021988,21.62274,19.398567,19.395775,0.0,0.0,0.0,0.0,0.0,0.0,0.0,0.0
28919,2023.0,7.0,20.0,19.0,21.028038,21.824312,19.011019,18.949305,21.000698,21.620827,21.02958,21.877407,18.75858,18.724413,19.160534,19.473936,21.2027,21.73588,21.027102,21.626284,19.083826,19.004856,0.0,4.0,0.0,0.0,4.0,4.0,0.0,0.0
28920,2023.0,7.0,20.0,20.0,20.998878,21.739237,19.381739,19.73815,21.007603,21.624325,21.029003,21.860815,18.725779,18.693357,20.12254,21.077888,20.998034,21.352627,21.022154,21.61915,19.970615,20.785389,4.0,4.0,0.0,0.0,0.0,0.0,0.0,4.0
28921,2023.0,7.0,20.0,20.0,21.00646,21.744133,20.066833,20.855146,21.007198,21.616032,21.02858,21.84554,18.693052,18.661049,19.38222,19.50679,21.171005,21.673931,21.02284,21.621351,20.169554,20.845337,4.0,4.0,0.0,0.0,0.0,4.0,0.0,4.0
28922,2023.0,7.0,20.0,20.0,21.033752,21.810747,20.019932,20.69963,21.034195,21.682165,21.027922,21.830946,18.66186,18.630514,19.384386,19.724228,21.213018,21.711468,21.336529,22.185919,20.180197,20.841024,0.0,0.0,0.0,0.0,4.0,4.0,4.0,4.0
28923,2023.0,7.0,20.0,20.0,21.027742,21.78413,19.344149,19.343073,21.027878,21.655535,21.002245,21.74742,18.63299,18.603378,20.080284,20.883919,21.001545,21.354517,21.278536,21.963947,20.005785,20.527624,0.0,0.0,4.0,0.0,4.0,0.0,4.0,0.0
28924,2023.0,7.0,20.0,20.0,20.998644,21.692043,18.950066,18.816235,21.000908,21.567595,21.034346,21.826792,18.603249,18.573687,20.001108,20.641088,21.024395,21.410593,20.994694,21.513817,20.19784,20.846693,0.0,4.0,0.0,0.0,4.0,0.0,0.0,4.0
28925,2023.0,7.0,20.0,20.0,21.034885,21.778831,19.388079,19.7401,21.00838,21.576725,21.007305,21.728449,18.575788,18.547533,20.032934,20.66103,21.021374,21.408634,21.034567,21.60346,19.999395,20.469769,4.0,4.0,4.0,0.0,0.0,0.0,0.0,0.0
28926,2023.0,7.0,20.0,21.0,21.027775,21.752544,20.067993,20.836533,21.033808,21.643581,21.013409,21.726654,19.252806,19.846981,19.333752,19.271418,21.126345,21.585335,21.027136,21.589272,20.198627,20.81358,4.0,0.0,4.0,4.0,0.0,4.0,0.0,4.0
28927,2023.0,7.0,20.0,21.0,21.027794,21.740347,20.022429,20.678734,21.028347,21.62152,21.012873,21.714651,20.105946,21.149927,19.321043,19.492771,21.009686,21.38192,21.027977,21.588804,19.997005,20.435118,0.0,0.0,4.0,0.0,4.0,0.0,0.0,0.0
28928,2023.0,7.0,20.0,21.0,21.053745,21.761515,19.33047,19.2913,21.029242,21.61154,21.03917,21.776964,19.134676,19.116158,20.099886,20.814304,21.101645,21.538479,21.02223,21.586573,19.399998,19.29431,0.0,0.0,0.0,0.0,4.0,4.0,0.0,0.0
28929,2023.0,7.0,20.0,21.0,21.025175,21.723694,18.895954,18.69336,21.02069,21.59968,21.032495,21.747381,18.679842,18.544374,20.017164,20.611921,21.011145,21.386353,21.02311,21.5933,19.079397,18.920322,0.0,0.0,0.0,0.0,0.0,0.0,0.0,0.0
28930,2023.0,7.0,20.0,21.0,21.029467,21.721775,18.899689,18.8132,21.022606,21.604698,21.034418,21.734812,19.418966,20.046272,19.295704,19.185608,21.080833,21.498491,21.023075,21.59579,19.860699,20.50792,0.0,0.0,0.0,4.0,0.0,4.0,0.0,4.0
28931,2023.0,7.0,20.0,21.0,21.02838,21.707844,18.881765,18.81323,21.022211,21.60363,21.006916,21.646112,20.091604,21.012674,19.031782,18.964561,21.016886,21.398096,21.023176,21.596962,20.019594,20.59557,0.0,0.0,4.0,0.0,0.0,0.0,0.0,0.0
28932,2023.0,7.0,20.0,22.0,21.020412,21.697758,18.833168,18.764124,20.998425,21.534842,21.039917,21.72535,19.147219,19.072779,19.320742,19.579414,21.062998,21.459982,21.023218,21.596987,19.307629,19.182905,0.0,4.0,0.0,0.0,4.0,4.0,0.0,0.0
28933,2023.0,7.0,20.0,22.0,21.021687,21.702087,18.787716,18.717037,21.001982,21.547115,21.00708,21.630035,19.29981,19.654766,20.089523,20.867918,21.021015,21.404852,21.023285,21.596119,18.965513,18.790945,0.0,4.0,4.0,4.0,4.0,0.0,0.0,0.0
28934,2023.0,7.0,20.0,22.0,21.021008,21.70152,18.751577,18.681839,21.036188,21.623373,21.03964,21.711847,20.11207,20.98309,20.02501,20.667795,21.02471,21.411028,21.022993,21.594091,19.812656,20.511892,0.0,0.0,0.0,0.0,0.0,0.0,0.0,4.0
28935,2023.0,7.0,20.0,22.0,21.020853,21.700386,18.719692,18.650324,21.029388,21.595127,21.007196,21.618406,19.20234,19.117628,19.269512,19.158907,21.024317,21.407333,21.312624,22.108814,20.02133,20.647766,0.0,0.0,4.0,0.0,0.0,0.0,4.0,0.0
28936,2023.0,7.0,20.0,22.0,21.020947,21.699501,18.690786,18.621782,21.02981,21.582714,21.039156,21.699745,18.888165,18.836882,18.986664,18.914894,21.02408,21.404093,20.986753,21.476105,19.267538,19.13632,0.0,0.0,0.0,0.0,0.0,0.0,0.0,0.0
28937,2023.0,7.0,20.0,22.0,21.042597,21.740131,18.66248,18.592022,21.058374,21.626158,21.02326,21.630226,18.815474,18.757269,18.919146,18.848629,21.03354,21.434193,21.057577,21.626717,18.936064,18.76664,0.0,0.0,4.0,0.0,0.0,0.0,0.0,0.0
28938,2023.0,7.0,20.0,23.0,21.017525,21.687855,19.103376,19.442175,21.01632,21.551231,21.037558,21.687016,18.749836,18.694117,18.847734,18.78201,21.015509,21.405281,21.02376,21.545769,18.953049,18.904577,4.0,0.0,0.0,0.0,0.0,0.0,0.0,0.0
28939,2023.0,7.0,20.0,23.0,20.472376,20.639706,18.897532,18.92877,20.471464,20.512197,20.217564,20.107147,19.265114,19.71238,18.781395,18.716162,20.55396,20.523182,20.284336,20.122139,18.91774,18.863869,0.0,0.0,0.0,4.0,0.0,0.0,0.0,0.0
28940,2023.0,7.0,20.0,23.0,20.23021,20.312216,18.735506,18.675411,20.847113,21.345282,19.832344,19.565775,18.874687,18.859493,18.730227,18.661684,20.37583,20.29351,20.142857,20.056995,18.871565,18.814814,0.0,4.0,0.0,0.0,0.0,0.0,0.0,0.0
28941,2023.0,7.0,20.0,23.0,20.113867,20.185476,18.679794,18.607119,20.926756,21.439764,19.842169,19.743399,18.601933,18.427595,18.681175,18.609123,20.286432,20.199371,20.05591,19.982077,18.827444,18.768007,0.0,4.0,0.0,0.0,0.0,0.0,0.0,0.0
28942,2023.0,7.0,20.0,23.0,20.032387,20.107382,18.646694,18.574142,20.196053,20.04824,19.773563,19.69166,18.51181,18.33384,18.640003,18.56843,20.215755,20.13029,19.965588,19.891954,18.78967,18.730452,0.0,0.0,0.0,0.0,0.0,0.0,0.0,0.0
28943,2023.0,7.0,20.0,23.0,20.667524,21.368086,18.616537,18.541933,19.858438,19.568354,19.690096,19.608244,18.559109,18.493505,18.59898,18.525433,20.150066,20.062414,19.883091,19.80737,18.752243,18.691366,0.0,0.0,0.0,0.0,0.0,0.0,0.0,0.0
28944,2023.0,7.0,21.0,0.0,20.194336,20.363977,18.589952,18.514025,20.335657,20.575699,19.615408,19.533812,18.545359,18.482187,18.561184,18.486326,20.091902,20.003134,20.730972,21.468067,18.717583,18.655588,0.0,4.0,0.0,0.0,0.0,0.0,4.0,0.0
28945,2023.0,7.0,21.0,0.0,19.795008,19.698355,18.56529,18.488007,19.917543,19.751686,19.546997,19.465103,18.513264,18.448387,18.525358,18.449013,20.038748,19.948505,19.95137,19.811464,19.402845,19.972198,0.0,0.0,0.0,0.0,0.0,0.0,0.0,4.0
28946,2023.0,7.0,21.0,0.0,19.642124,19.511383,18.541655,18.462568,19.644936,19.349756,19.483583,19.400078,18.482883,18.41609,18.490896,18.41242,19.989155,19.896585,19.657335,19.428356,18.921844,18.905289,0.0,0.0,0.0,0.0,0.0,0.0,0.0,0.0
28947,2023.0,7.0,21.0,0.0,19.73358,19.780672,18.518978,18.43789,19.52889,19.221214,19.42523,19.33971,18.453438,18.384624,18.767628,18.957743,19.94293,19.847893,19.549513,19.318697,18.641039,18.459568,0.0,0.0,0.0,0.0,4.0,0.0,0.0,0.0
28948,2023.0,7.0,21.0,0.0,19.717215,19.78023,18.497883,18.415283,19.62891,19.505964,19.372694,19.286514,18.425808,18.355541,18.540329,18.470282,19.900593,19.804005,19.463133,19.23373,18.549301,18.360973,0.0,0.0,0.0,0.0,0.0,0.0,0.0,0.0
28949,2023.0,7.0,21.0,0.0,19.674187,19.735125,18.47624,18.390575,19.616522,19.513424,19.32111,19.231495,18.398382,18.325665,18.453693,18.367785,19.8595,19.759974,19.54278,19.46777,18.618723,18.560978,0.0,0.0,0.0,0.0,0.0,0.0,0.0,0.0
28950,2023.0,7.0,21.0,1.0,19.634819,19.695696,18.457546,18.371153,19.575039,19.473309,19.277061,19.188473,18.37359,18.29994,18.740194,18.936499,19.822853,19.722504,19.507376,19.420527,18.59213,18.520277,0.0,0.0,0.0,0.0,4.0,0.0,0.0,0.0
28951,2023.0,7.0,21.0,1.0,19.5943,19.65229,18.436068,18.345556,19.53104,19.427143,19.232431,19.141369,18.347595,18.270828,18.496016,18.418728,19.786057,19.682655,19.464182,19.374674,18.561054,18.486177,0.0,0.0,0.0,0.0,0.0,0.0,0.0,0.0
28952,2023.0,7.0,21.0,1.0,19.553164,19.606012,18.412853,18.316418,19.485472,19.376806,19.187498,19.091396,18.320618,18.239618,18.727016,18.914433,19.748999,19.641138,19.420507,19.327023,18.529942,18.451088,0.0,0.0,0.0,0.0,4.0,0.0,0.0,0.0
28953,2023.0,7.0,21.0,1.0,19.515167,19.56465,18.390873,18.289745,19.443262,19.33174,19.146307,19.047136,18.294638,18.210339,18.476963,18.390488,19.714087,19.602968,19.378853,19.28264,18.499987,18.41814,0.0,0.0,0.0,0.0,0.0,0.0,0.0,0.0
28954,2023.0,7.0,21.0,1.0,19.485296,19.538328,18.367424,18.260143,19.400145,19.283587,19.104486,19.000118,18.26752,18.178883,18.702723,18.880873,19.67857,19.56291,19.336853,19.236599,18.469276,18.383396,0.0,0.0,0.0,0.0,4.0,0.0,0.0,0.0
28955,2023.0,7.0,21.0,1.0,19.459545,19.516344,18.345776,18.234007,19.361143,19.24197,19.066776,18.959595,18.241726,18.150034,18.272095,17.999134,19.645353,19.526733,19.297665,19.195002,18.440237,18.351612,0.0,0.0,0.0,0.0,0.0,0.0,0.0,0.0
28956,2023.0,7.0,21.0,2.0,19.425688,19.476568,18.320478,18.200758,19.318373,19.19183,19.025465,18.910854,18.213356,18.11628,18.086512,17.768578,19.609722,19.485376,19.256426,19.14859,18.409006,18.315393,0.0,0.0,0.0,0.0,0.0,0.0,0.0,0.0
28957,2023.0,7.0,21.0,2.0,19.395153,19.44348,18.300259,18.178173,19.283136,19.155619,18.991371,18.875637,18.188316,18.089338,18.210327,18.089651,19.578392,19.45226,19.219624,19.110289,18.381132,18.285767,0.0,0.0,0.0,0.0,0.0,0.0,0.0,0.0
28958,2023.0,7.0,21.0,2.0,19.365398,19.411217,18.27964,18.154873,19.248726,19.119633,18.957943,18.840569,18.163492,18.062527,18.517204,18.668665,19.547728,19.419708,19.183887,19.073004,18.353727,18.256567,0.0,0.0,0.0,0.0,4.0,0.0,0.0,0.0
28959,2023.0,7.0,21.0,2.0,19.33565,19.37832,18.258589,18.130459,19.214485,19.082903,18.924711,18.804785,18.138262,18.034847,18.288933,18.178022,19.516981,19.386532,19.148376,19.035387,18.32613,18.226725,0.0,0.0,0.0,0.0,0.0,0.0,0.0,0.0
28960,2023.0,7.0,21.0,2.0,19.305273,19.34358,18.236172,18.10292,19.179092,19.042927,18.890472,18.765915,18.112032,18.005173,18.199633,18.073948,19.485498,19.351507,19.112461,18.996319,18.297813,18.195265,0.0,0.0,0.0,0.0,0.0,0.0,0.0,0.0
28961,2023.0,7.0,21.0,2.0,19.27858,19.315664,18.217712,18.083317,19.149448,19.013689,18.861843,18.73751,18.088408,17.980776,18.162163,18.036978,19.457289,19.322754,19.07997,18.96359,18.999456,19.537983,0.0,0.0,0.0,0.0,0.0,0.0,0.0,4.0
28962,2023.0,7.0,21.0,3.0,19.250008,19.283607,18.196655,18.058622,19.117231,18.978569,18.830816,18.70345,18.645061,19.046331,18.122816,17.994627,19.427286,19.290127,19.045893,18.927195,18.512522,18.457262,0.0,0.0,0.0,4.0,0.0,0.0,0.0,0.0
28963,2023.0,7.0,21.0,3.0,19.221317,19.250715,18.174625,18.032085,19.084688,18.942202,18.799646,18.668293,18.250597,18.169516,18.084696,17.952642,19.396694,19.256165,19.011477,18.889784,18.1815,17.90482,0.0,0.0,0.0,0.0,0.0,0.0,0.0,0.0
28964,2023.0,7.0,21.0,3.0,19.19176,19.215633,18.150187,18.00099,19.050076,18.901398,18.766436,18.628855,18.11497,17.995783,18.04515,17.907185,19.364632,19.21939,18.97587,18.849964,18.056757,17.754786,0.0,0.0,0.0,0.0,0.0,0.0,0.0,0.0
28965,2023.0,7.0,21.0,3.0,19.164331,19.184679,18.128723,17.976141,19.019388,18.8682,18.73681,18.596657,18.071535,17.950222,18.00949,17.869053,19.334492,19.186636,18.942162,18.813976,18.18153,18.075422,0.0,0.0,0.0,0.0,0.0,0.0,0.0,0.0
28966,2023.0,7.0,21.0,3.0,19.135931,19.15176,18.104765,17.946455,18.9866,18.830383,18.704962,18.559858,18.030687,17.905355,17.972084,17.827028,19.303041,19.151318,18.907461,18.775908,18.166203,18.047018,0.0,0.0,0.0,0.0,0.0,0.0,0.0,0.0
28967,2023.0,7.0,21.0,3.0,19.107893,19.119635,18.081568,17.91866,18.955069,18.794994,18.674297,18.525381,17.994081,17.865541,17.935669,17.787033,19.271875,19.116875,18.873049,18.738638,18.135866,18.01368,0.0,0.0,0.0,0.0,0.0,0.0,0.0,0.0
28968,2023.0,7.0,21.0,4.0,19.080133,19.088142,18.059267,17.892916,18.924845,18.762072,18.644924,18.493307,17.959463,17.828445,18.22037,18.350714,19.241074,19.0834,18.83899,18.70224,18.105461,17.980804,0.0,0.0,0.0,0.0,4.0,0.0,0.0,0.0
28969,2023.0,7.0,21.0,4.0,19.053293,19.05873,18.03736,17.868153,18.895226,18.730366,18.616207,18.462467,17.926252,17.793436,17.974773,17.827135,19.210745,19.051193,18.805405,18.667088,18.074888,17.948553,0.0,0.0,0.0,0.0,0.0,0.0,0.0,0.0
28970,2023.0,7.0,21.0,4.0,19.026917,19.030031,18.015915,17.844017,18.866228,18.699518,18.588213,18.432531,17.894009,17.75971,17.886127,17.730755,19.180685,19.019571,18.772173,18.632631,18.770683,19.28346,0.0,0.0,0.0,0.0,0.0,0.0,0.0,4.0
28971,2023.0,7.0,21.0,4.0,18.999514,18.999256,17.993336,17.817808,18.836205,18.66644,18.55936,18.400517,17.860954,17.72407,17.843428,17.68576,19.149414,18.985722,18.737741,18.595932,18.279366,18.197905,0.0,0.0,0.0,0.0,0.0,0.0,0.0,0.0
28972,2023.0,7.0,21.0,4.0,18.972504,18.969254,18.4223,18.636814,18.806707,18.634266,18.531157,18.369478,17.828447,17.689396,17.801647,17.64168,19.842812,20.322538,18.703508,18.559828,17.921925,17.59784,4.0,0.0,0.0,0.0,0.0,4.0,0.0,0.0
28973,2023.0,7.0,21.0,4.0,18.945116,18.938446,18.575985,18.832687,18.776909,18.601294,18.502491,18.337603,17.795656,17.65403,17.761183,17.59824,19.340256,19.23169,18.668676,18.522715,17.785826,17.438944,4.0,0.0,0.0,0.0,0.0,0.0,0.0,0.0
28974,2023.0,7.0,21.0,5.0,18.917957,18.908045,17.946323,17.577751,18.74742,18.568775,18.47375,18.305952,17.763248,17.61926,17.722221,17.556654,18.9379,18.528702,18.633862,18.485823,17.915827,17.77865,0.0,0.0,0.0,0.0,0.0,0.0,0.0,0.0
28975,2023.0,7.0,21.0,5.0,18.894518,18.885523,17.681986,17.202366,18.722025,18.544552,18.448847,18.282324,17.734253,17.59121,17.687841,17.523384,19.56333,19.81359,18.602037,18.45504,17.91794,17.78257,0.0,0.0,0.0,0.0,0.0,4.0,0.0,0.0
28976,2023.0,7.0,21.0,5.0,18.871622,18.862951,17.834698,17.59654,18.697962,18.522192,18.425268,18.26051,17.70653,17.564604,17.65525,17.492193,18.988317,18.602388,18.571228,18.425354,17.888924,17.753824,0.0,0.0,0.0,0.0,0.0,0.0,0.0,0.0
28977,2023.0,7.0,21.0,5.0,18.849396,18.841463,17.898233,17.708534,18.674414,18.500341,18.402168,18.23917,17.679585,17.538816,17.914293,18.004576,19.5497,19.804668,18.54111,18.396395,17.861227,17.727201,0.0,0.0,0.0,0.0,4.0,4.0,0.0,0.0
28978,2023.0,7.0,21.0,5.0,18.827427,18.820272,17.889124,17.706976,18.651155,18.478777,18.379457,18.218155,17.65358,17.513987,18.03702,18.169867,18.976868,18.596725,18.511772,18.368242,18.560085,19.067928,0.0,0.0,0.0,0.0,4.0,0.0,0.0,4.0
28979,2023.0,7.0,21.0,5.0,18.80499,18.798016,17.87273,17.69248,18.627508,18.456152,18.356699,18.1963,17.628445,17.489468,17.741852,17.589125,18.772308,18.35012,18.483013,18.340078,18.872587,19.492296,0.0,0.0,0.0,0.0,0.0,0.0,0.0,4.0
28980,2023.0,7.0,21.0,6.0,18.783873,18.778393,17.855955,17.678112,18.605305,18.436348,18.335957,18.177538,17.606567,17.469526,17.649359,17.491484,19.462994,19.725876,18.457281,18.31635,18.005117,17.731665,0.0,0.0,0.0,0.0,0.0,4.0,0.0,0.0
28981,2023.0,7.0,21.0,6.0,21.27071,23.166945,17.842552,17.670887,21.248075,23.14523,21.257153,23.37462,17.589924,17.45771,17.616373,17.464401,21.179287,22.670013,21.457687,23.49993,17.746658,17.41854,0.0,0.0,0.0,0.0,0.0,0.0,0.0,0.0
28982,2023.0,7.0,21.0,6.0,20.963503,22.300346,17.82969,17.665712,20.967558,22.286156,20.9914,22.52784,17.578182,17.451078,17.901022,18.028494,21.023909,22.136332,20.984148,22.401384,17.661701,17.347353,0.0,4.0,0.0,0.0,4.0,0.0,0.0,0.0
28983,2023.0,7.0,21.0,6.0,21.047297,22.334143,18.262041,18.490442,21.049086,22.290707,21.049194,22.439077,17.57273,17.451357,20.283312,22.07602,21.018238,21.951353,21.04675,22.339613,18.332283,18.668655,4.0,0.0,0.0,0.0,0.0,4.0,0.0,4.0
28984,2023.0,7.0,21.0,6.0,21.048512,22.209562,20.234316,21.845081,21.051619,22.150436,21.017124,22.224241,17.572529,17.45693,18.882942,19.057201,21.0186,21.85177,21.038914,22.198257,20.20078,21.721565,0.0,0.0,4.0,0.0,0.0,4.0,0.0,4.0
28985,2023.0,7.0,21.0,6.0,21.01949,22.044386,19.003912,19.18472,21.049234,22.045849,21.046719,22.217428,17.576794,17.466805,18.123013,18.005426,21.046535,21.853388,21.038227,22.10553,20.028286,21.187763,0.0,0.0,0.0,0.0,0.0,0.0,0.0,0.0
28986,2023.0,7.0,21.0,7.0,21.02362,21.997911,18.315615,18.234732,21.009027,21.90207,21.053368,22.138361,17.583954,17.47969,18.288605,18.414818,21.039738,21.776371,20.99696,21.927948,18.767773,18.60386,0.0,4.0,0.0,0.0,4.0,0.0,4.0,0.0
28987,2023.0,7.0,21.0,7.0,21.199762,22.333014,18.165762,18.045424,21.2249,22.325891,21.188194,22.342072,17.59289,17.494091,20.263626,21.799698,21.23216,22.09326,21.230291,22.359064,18.19541,17.91226,0.0,0.0,0.0,0.0,0.0,4.0,0.0,0.0
28988,2023.0,7.0,21.0,7.0,21.04236,21.980099,18.532879,18.789976,21.046057,21.912474,21.036354,22.011463,18.31088,18.840864,19.043343,19.202595,21.041925,21.695473,21.042416,21.924852,19.205538,19.96991,4.0,0.0,0.0,4.0,0.0,0.0,0.0,4.0
28989,2023.0,7.0,21.0,7.0,21.279238,22.408283,20.208384,21.65664,21.203365,22.191406,21.223928,22.367435,20.196537,21.891039,18.732658,18.946531,21.256824,22.077034,21.238733,22.275982,20.106237,21.267454,0.0,0.0,0.0,4.0,4.0,4.0,0.0,0.0
28990,2023.0,7.0,21.0,7.0,21.045832,21.940674,19.062428,19.21517,21.03108,21.839369,21.036333,21.971626,20.188112,21.636286,20.191889,21.486622,21.03957,21.637878,21.031033,21.841595,18.88411,18.747244,0.0,0.0,0.0,0.0,0.0,0.0,0.0,0.0
28991,2023.0,7.0,21.0,7.0,21.039778,21.914682,18.85195,19.15032,21.007,21.767973,21.036297,21.96015,19.337366,19.756279,19.23398,19.401558,21.033329,21.604467,21.032288,21.831417,18.33729,18.091703,4.0,4.0,0.0,4.0,4.0,0.0,0.0,0.0
28992,2023.0,7.0,21.0,8.0,21.039389,21.901463,20.166891,21.38961,21.048695,21.851812,21.035837,21.949926,20.29408,21.624321,20.183832,21.258232,21.03264,21.583633,21.03137,21.816828,18.212507,17.971188,4.0,0.0,0.0,0.0,4.0,0.0,0.0,0.0
28993,2023.0,7.0,21.0,8.0,20.292362,20.474861,20.00965,20.939056,20.04778,19.913866,20.13611,20.213394,18.96587,18.889317,20.022997,20.84688,20.414917,20.394047,20.209211,20.221363,18.270311,18.165611,4.0,0.0,0.0,0.0,0.0,0.0,0.0,0.0
28994,2023.0,7.0,21.0,8.0,19.858637,19.939905,20.045826,20.936338,20.07487,20.309128,19.590343,19.517265,18.37653,18.148804,19.086676,18.962206,20.08694,19.976503,19.764988,19.669714,18.284319,18.20223,0.0,4.0,0.0,0.0,0.0,0.0,0.0,0.0
28995,2023.0,7.0,21.0,8.0,19.688377,19.760416,19.08381,19.023878,20.168676,20.462698,19.390203,19.302717,18.351776,18.23966,18.71819,18.594017,19.970469,19.854994,19.598528,19.495186,18.25967,18.182467,0.0,4.0,0.0,0.0,0.0,0.0,0.0,0.0
28996,2023.0,7.0,21.0,8.0,20.302439,21.00263,18.651644,18.396233,20.158108,20.470785,19.281048,19.194744,18.341507,18.249971,18.668211,18.554749,19.909218,19.794388,19.509212,19.405573,18.240742,18.16537,0.0,4.0,0.0,0.0,0.0,0.0,0.0,0.0
28997,2023.0,7.0,21.0,8.0,20.240923,20.768867,18.626034,18.499882,19.594212,19.45075,19.189127,19.110842,19.035868,19.593891,18.61958,18.510513,20.62279,21.198053,19.436592,19.337078,18.224264,18.150991,0.0,0.0,0.0,4.0,0.0,4.0,0.0,0.0
28998,2023.0,7.0,21.0,9.0,20.219807,20.748009,18.586308,18.508661,19.958591,20.274904,19.110403,19.039766,20.150352,21.429962,18.579395,18.474037,20.65716,21.112162,19.37641,19.280739,18.210964,18.13963,0.0,4.0,0.0,0.0,0.0,4.0,0.0,0.0
28999,2023.0,7.0,21.0,9.0,20.226078,20.765406,18.512938,18.447805,19.557453,19.461544,19.028833,18.966349,19.025324,19.052876,18.5367,18.434967,20.016232,19.888971,19.315107,19.223347,19.090588,19.813433,0.0,0.0,0.0,0.0,0.0,0.0,0.0,4.0
29000,2023.0,7.0,21.0,9.0,19.65256,19.699808,18.890903,19.208342,19.909796,20.247215,19.634325,20.16125,19.270157,19.680498,18.507904,18.406748,19.779648,19.545261,20.282942,21.094454,20.134459,21.485132,4.0,4.0,4.0,4.0,0.0,0.0,4.0,0.0
29001,2023.0,7.0,21.0,9.0,20.016138,20.581955,20.16067,21.382627,19.517012,19.436255,19.287766,19.349552,20.114164,21.08786,18.864605,19.107111,19.696005,19.466526,19.652225,19.592232,19.70672,20.384789,0.0,0.0,0.0,0.0,4.0,0.0,0.0,4.0
29002,2023.0,7.0,21.0,9.0,19.596582,19.677868,19.215996,19.397842,19.20693,19.04216,18.89518,18.772966,19.178192,19.177551,20.138546,21.28711,19.646511,19.428003,19.258821,19.096209,20.330223,21.60634,0.0,0.0,0.0,0.0,0.0,0.0,0.0,0.0
29003,2023.0,7.0,21.0,9.0,19.301947,19.313297,18.67537,18.665476,19.092152,18.92869,18.760893,18.62391,19.365612,19.805035,19.286592,19.450006,20.464577,21.03213,19.153069,18.987377,19.887426,20.564276,0.0,0.0,0.0,4.0,0.0,4.0,0.0,4.0
29004,2023.0,7.0,21.0,10.0,19.90639,20.521343,18.55618,18.51808,19.115871,19.047287,18.781576,18.726187,20.105774,21.068045,18.89762,18.820301,19.937534,19.870111,19.108059,18.949299,20.057684,20.878693,0.0,0.0,0.0,0.0,0.0,0.0,0.0,0.0
29005,2023.0,7.0,21.0,10.0,19.508005,19.616253,18.479534,18.444412,19.096878,19.050623,18.767282,18.730976,19.218998,19.242027,18.781311,18.688774,19.65434,19.480278,19.12954,19.038689,19.231009,19.234354,0.0,0.0,0.0,0.0,0.0,0.0,0.0,0.0
29006,2023.0,7.0,21.0,10.0,19.295816,19.329147,18.874107,19.22984,19.057508,19.01723,19.423105,19.997013,18.872393,18.730122,18.730515,18.633228,19.606361,19.425755,19.123957,19.04255,18.909084,18.774761,4.0,0.0,4.0,0.0,0.0,0.0,0.0,0.0
29007,2023.0,7.0,21.0,10.0,19.218496,19.259071,20.147587,21.412422,19.692314,20.249697,19.515316,20.022234,18.813982,18.71741,18.697317,18.59935,19.661146,19.556803,19.105846,19.02592,18.794231,18.659317,4.0,4.0,4.0,0.0,0.0,0.0,0.0,0.0
29008,2023.0,7.0,21.0,10.0,19.951345,20.712091,20.019918,21.022724,19.944,20.5342,19.540691,20.040415,18.758354,18.669168,18.670828,18.57302,19.681952,19.589098,19.087646,19.008162,18.74889,18.660267,0.0,4.0,4.0,0.0,0.0,0.0,0.0,0.0
29009,2023.0,7.0,21.0,10.0,19.510317,19.664505,19.160137,19.275242,19.360544,19.38891,19.594028,20.098743,18.704594,18.617012,18.654942,18.557583,19.681494,19.589935,20.094517,20.924227,18.702986,18.620586,0.0,0.0,4.0,0.0,0.0,0.0,4.0,0.0
29010,2023.0,7.0,21.0,11.0,19.287039,19.364084,18.778261,18.719557,19.11195,19.036348,19.075077,19.106155,19.38586,19.929304,18.650745,18.552746,19.682657,19.591042,19.463703,19.498663,18.666891,18.58459,0.0,0.0,0.0,4.0,0.0,0.0,0.0,0.0
29011,2023.0,7.0,21.0,11.0,19.21191,19.293274,18.69453,18.669016,19.680307,20.17526,18.85387,18.797472,20.08647,21.07029,18.648563,18.549213,19.683626,19.590633,19.200474,19.08226,18.635029,18.552074,0.0,4.0,0.0,0.0,0.0,0.0,0.0,0.0
29012,2023.0,7.0,21.0,11.0,19.202295,19.340433,18.617546,18.604286,19.868856,20.376608,18.763994,18.712387,19.268831,19.346045,18.64646,18.545635,20.450752,21.044374,19.129288,19.006773,18.60402,18.521055,0.0,4.0,0.0,0.0,0.0,4.0,0.0,0.0
29013,2023.0,7.0,21.0,11.0,19.177378,19.325739,18.5553,18.542953,19.903196,20.413073,18.712284,18.667501,18.942118,18.832586,19.013506,19.231462,19.980877,19.995071,20.08561,20.8353,18.582912,18.498827,0.0,4.0,0.0,0.0,4.0,0.0,4.0,0.0
29014,2023.0,7.0,21.0,11.0,19.85385,20.629393,18.500553,18.490677,19.381971,19.421133,19.379862,19.9684,18.872658,18.77484,20.122997,21.140446,19.765524,19.623573,19.516457,19.560286,18.564362,18.47974,0.0,0.0,4.0,0.0,0.0,0.0,0.0,0.0
29015,2023.0,7.0,21.0,11.0,20.008694,20.697443,18.44632,18.43906,19.10307,19.064554,19.020851,19.093384,18.82363,18.727875,19.415771,19.593378,19.714417,19.564081,19.178902,19.069447,18.546587,18.461779,0.0,0.0,0.0,0.0,0.0,0.0,0.0,0.0
29016,2023.0,7.0,21.0,12.0,20.04823,20.73897,18.855042,19.239264,19.023943,18.979723,18.80189,18.780275,18.79024,18.692839,19.068426,18.990864,20.519363,21.1089,19.127167,19.013124,18.53539,18.449965,4.0,0.0,0.0,0.0,0.0,4.0,0.0,0.0
29017,2023.0,7.0,21.0,12.0,21.224268,22.788668,20.146175,21.441319,21.234158,22.944767,21.242542,23.161161,18.763124,18.664742,18.97973,18.871767,21.14655,22.13078,21.298645,22.796232,18.525307,18.439241,4.0,0.0,0.0,0.0,0.0,0.0,0.0,0.0
29018,2023.0,7.0,21.0,12.0,21.020426,22.271639,20.012514,21.034712,20.993769,22.258512,20.993967,22.43091,18.737886,18.638582,18.935833,18.82205,20.984625,21.662521,20.949955,21.97296,18.51579,18.429003,0.0,0.0,0.0,0.0,0.0,4.0,4.0,0.0
29019,2023.0,7.0,21.0,12.0,21.037125,22.207916,19.508707,19.937458,21.012308,22.141226,21.042439,22.373697,18.720215,18.6216,18.913908,18.799719,21.028059,21.684275,21.044008,22.061197,18.510328,18.423698,4.0,4.0,0.0,0.0,0.0,0.0,0.0,0.0
29020,2023.0,7.0,21.0,12.0,21.034946,22.135191,20.101866,21.090189,21.042847,22.132315,21.037086,22.263294,18.706606,18.608631,18.899603,18.785133,21.02137,21.602747,21.029217,21.94077,19.474342,20.254704,4.0,0.0,0.0,0.0,0.0,0.0,0.0,4.0
29021,2023.0,7.0,21.0,12.0,21.004066,22.005753,19.998573,20.817507,21.007242,21.976288,21.008348,22.116367,18.695496,18.5983,18.889757,18.77564,21.019884,21.547718,21.027973,21.871243,20.065979,21.043774,4.0,4.0,4.0,0.0,0.0,0.0,0.0,0.0
29022,2023.0,7.0,21.0,13.0,21.012327,21.99305,20.035425,20.859068,21.042171,22.022629,21.0466,22.157366,18.686779,18.591528,18.883335,18.771069,21.016901,21.508806,21.029612,21.822786,19.268648,19.363585,0.0,0.0,0.0,0.0,0.0,0.0,0.0,0.0
29023,2023.0,7.0,21.0,13.0,21.01064,21.968563,19.311966,19.429031,21.008812,21.898638,21.03841,22.095383,18.676975,18.582344,18.875893,18.764235,21.016668,21.482878,21.025145,21.781384,18.846176,18.763304,0.0,4.0,0.0,0.0,0.0,0.0,0.0,0.0
29024,2023.0,7.0,21.0,13.0,21.038746,22.027224,18.89067,18.879164,21.040747,21.957703,21.037313,22.057028,18.665838,18.571774,18.865833,18.754614,21.01603,21.46264,21.024477,21.75493,18.750704,18.66719,0.0,0.0,0.0,0.0,0.0,0.0,0.0,0.0
29025,2023.0,7.0,21.0,13.0,21.03089,21.989508,18.774553,18.771404,21.006191,21.84459,21.03319,22.028719,18.654242,18.561518,19.250568,19.49211,21.016134,21.449034,21.262897,22.153297,18.709785,18.625713,0.0,4.0,0.0,0.0,4.0,0.0,4.0,0.0
29026,2023.0,7.0,21.0,13.0,21.004824,21.897438,19.142763,19.536129,21.013577,21.84309,21.033539,22.011312,18.641857,18.55083,20.096132,20.900364,21.30225,21.963242,21.23355,22.009169,18.676565,18.593756,4.0,4.0,0.0,0.0,0.0,4.0,4.0,0.0
29027,2023.0,7.0,21.0,13.0,21.036852,21.972223,20.107807,21.153103,21.012663,21.82899,21.007513,21.924074,18.629025,18.539722,19.418154,19.468964,20.986904,21.340958,21.009243,21.64401,18.64793,18.566574,4.0,4.0,4.0,0.0,0.0,0.0,0.0,0.0
29028,2023.0,7.0,21.0,14.0,21.003357,21.871302,20.002571,20.843828,21.012474,21.817911,21.038403,21.99813,18.616446,18.52898,19.068539,18.975504,21.02221,21.41126,21.029892,21.683279,19.58254,20.363152,4.0,4.0,0.0,0.0,0.0,0.0,0.0,4.0
29029,2023.0,7.0,21.0,14.0,20.213966,20.379036,20.033678,20.856012,20.699923,21.20749,20.615242,21.132893,18.6045,18.519213,19.377253,19.61296,21.216143,21.752186,20.249168,20.169344,20.047564,20.941835,0.0,4.0,4.0,0.0,4.0,4.0,0.0,0.0
29030,2023.0,7.0,21.0,14.0,19.812845,19.896929,19.312008,19.418205,20.559816,21.05074,20.426662,20.925112,18.592041,18.508812,20.075964,20.780045,21.279634,21.821703,19.900915,19.765692,19.269466,19.336363,0.0,4.0,4.0,0.0,0.0,4.0,0.0,0.0
29031,2023.0,7.0,21.0,14.0,19.65632,19.729418,18.90252,18.88695,19.975359,20.00109,19.826544,19.85802,18.578438,18.49691,19.462465,19.505293,20.581564,20.483953,19.81004,19.711868,18.880003,18.808302,0.0,0.0,0.0,0.0,0.0,0.0,0.0,0.0
29032,2023.0,7.0,21.0,14.0,20.339186,21.098333,18.81356,18.800905,19.70001,19.625051,19.548824,19.487444,18.565403,18.48529,19.195446,19.10227,21.06216,21.526783,19.744616,19.651508,18.787443,18.700226,0.0,0.0,0.0,0.0,0.0,4.0,0.0,0.0
29033,2023.0,7.0,21.0,14.0,19.82447,20.006271,18.7507,18.740896,19.569958,19.488419,20.04471,20.529945,18.552576,18.47376,19.124907,19.026201,20.508736,20.409412,19.679153,19.58869,18.750042,18.67548,0.0,0.0,4.0,0.0,0.0,0.0,0.0,0.0
29034,2023.0,7.0,21.0,15.0,19.585806,19.675657,18.692348,18.681671,20.114532,20.593815,19.588186,19.619555,18.540606,18.462866,19.072582,18.973312,21.01575,21.491154,19.620508,19.531708,18.71426,18.641613,0.0,4.0,0.0,0.0,0.0,4.0,0.0,0.0
29035,2023.0,7.0,21.0,15.0,19.500095,19.590101,18.642895,18.633093,19.692516,19.732233,19.975826,20.464872,18.529772,18.453703,19.031445,18.933857,21.187553,21.734251,19.568926,19.48303,19.579178,20.305742,0.0,0.0,4.0,0.0,0.0,4.0,0.0,4.0
29036,2023.0,7.0,21.0,15.0,19.480375,19.61896,18.598415,18.588709,20.091702,20.581234,19.517532,19.54723,18.519175,18.44451,18.995222,18.898928,21.22838,21.776829,19.522034,19.43785,20.065428,21.029123,0.0,4.0,0.0,0.0,0.0,4.0,0.0,0.0
29037,2023.0,7.0,21.0,15.0,19.439648,19.586626,18.55336,18.545515,19.698467,19.735378,19.856335,20.360662,18.508295,18.435177,18.959055,18.865463,20.548811,20.464373,19.47543,19.394297,19.25142,19.32535,0.0,0.0,4.0,0.0,0.0,0.0,0.0,0.0
29038,2023.0,7.0,21.0,15.0,20.11674,20.898594,18.5193,18.511175,20.08863,20.572657,19.973368,20.496292,18.498623,18.426704,18.930902,18.838448,21.030352,21.500374,19.439003,19.359325,19.793585,20.462017,0.0,4.0,4.0,0.0,0.0,4.0,0.0,4.0
29039,2023.0,7.0,21.0,15.0,19.608437,19.794529,18.934126,19.31631,20.196177,20.70517,19.998163,20.516388,18.489447,18.418926,18.904959,18.814552,20.485659,20.395945,19.405054,19.32743,20.026854,20.76485,4.0,4.0,4.0,0.0,0.0,0.0,0.0,4.0
29040,2023.0,7.0,21.0,16.0,19.324781,19.429575,20.13278,21.313519,20.214,20.718689,20.022566,20.53968,18.479649,18.410694,18.878029,18.789732,20.224554,20.067593,19.370623,19.295485,20.02565,20.734446,4.0,4.0,4.0,0.0,0.0,0.0,0.0,0.0
29041,2023.0,7.0,21.0,16.0,19.24924,19.34536,20.017414,20.958656,20.235958,20.741808,19.489096,19.52885,18.470865,18.404116,18.855198,18.76984,20.148748,19.993597,19.339567,19.26708,19.355309,19.395855,0.0,4.0,0.0,0.0,0.0,0.0,0.0,0.0
29042,2023.0,7.0,21.0,16.0,19.24472,19.380234,19.579262,19.998755,20.25409,20.761353,19.205364,19.171282,18.462944,18.398691,18.836512,18.75496,20.818462,21.315882,19.312,19.242332,19.01086,18.940775,4.0,4.0,0.0,0.0,0.0,4.0,0.0,0.0
29043,2023.0,7.0,21.0,16.0,19.93242,20.693783,20.104284,20.981918,19.714163,19.743866,19.119701,19.078506,18.456064,18.394243,18.82219,18.743797,21.040094,21.624735,19.289894,19.22273,18.913914,18.833927,0.0,0.0,0.0,0.0,0.0,4.0,0.0,0.0
29044,2023.0,7.0,21.0,16.0,19.521208,19.701122,19.35401,19.470581,19.433424,19.391155,19.057981,19.023386,18.449915,18.39078,18.807487,18.733053,20.44836,20.444363,19.266304,19.202187,18.860092,18.79744,0.0,0.0,0.0,0.0,0.0,0.0,0.0,0.0
29045,2023.0,7.0,21.0,16.0,20.02314,20.73982,19.498938,19.88941,19.98913,20.501675,19.034391,19.024734,18.444794,18.388376,18.79494,18.72394,20.935278,21.451553,19.245441,19.18377,18.818054,18.758648,4.0,4.0,0.0,0.0,0.0,4.0,0.0,0.0
29046,2023.0,7.0,21.0,17.0,20.13314,20.828537,20.081543,20.92285,20.122368,20.651283,19.679115,20.271452,18.439217,18.38572,18.78166,18.714289,20.442226,20.445404,19.225368,19.166643,19.671589,20.410307,0.0,4.0,4.0,0.0,0.0,0.0,0.0,4.0
29047,2023.0,7.0,21.0,17.0,19.579107,19.747274,19.413988,19.56849,19.603773,19.646635,19.301989,19.36438,18.430939,18.37823,18.764874,18.698835,20.887032,21.424562,19.202349,19.144373,20.043917,20.8633,0.0,0.0,0.0,0.0,0.0,4.0,0.0,0.0
29048,2023.0,7.0,21.0,17.0,19.32752,19.433762,19.451332,19.851196,19.960995,20.469704,19.019518,18.997906,18.4202,18.368074,18.74557,18.68042,20.42304,20.409746,19.178543,19.121235,19.305094,19.358305,4.0,4.0,0.0,0.0,0.0,0.0,0.0,0.0
29049,2023.0,7.0,21.0,17.0,19.258608,19.355116,20.07617,20.91647,19.518162,19.550179,18.945736,18.907553,18.408445,18.356752,19.11822,19.40043,20.91487,21.430967,19.156769,19.099913,19.022295,18.946136,4.0,0.0,0.0,0.0,4.0,4.0,0.0,0.0
29050,2023.0,7.0,21.0,17.0,19.906364,20.613312,20.003489,20.704996,19.251625,19.200724,18.921734,18.90927,18.39482,18.343973,20.109083,21.075205,21.112667,21.673775,19.132792,19.077024,18.897263,18.814877,4.0,0.0,0.0,0.0,0.0,4.0,0.0,0.0
29051,2023.0,7.0,21.0,17.0,20.09668,20.76908,20.03077,20.730795,19.792147,20.27344,18.892817,18.883596,18.380608,18.330912,19.396433,19.54931,21.147528,21.702383,20.126684,20.978823,18.836292,18.777153,0.0,4.0,0.0,0.0,0.0,4.0,4.0,0.0
29052,2023.0,7.0,21.0,18.0,19.54725,19.69723,19.725986,20.086542,20.004196,20.502882,19.536812,20.121992,18.366108,18.317772,19.355207,19.655615,21.166265,21.713728,19.567015,19.596157,18.780674,18.725609,4.0,4.0,4.0,0.0,4.0,4.0,0.0,0.0
29053,2023.0,7.0,21.0,18.0,21.179422,22.656775,20.05567,20.70568,21.142986,22.456493,21.209007,22.962326,18.35036,18.301758,20.098877,20.954151,21.17225,21.708092,21.299543,22.709044,19.67636,20.466879,4.0,4.0,0.0,0.0,0.0,4.0,0.0,4.0
29054,2023.0,7.0,21.0,18.0,21.01845,22.206333,20.005495,20.589182,21.024494,22.099495,21.01882,22.346914,18.332033,18.283188,19.41244,19.516346,21.006475,21.424252,21.011347,22.05838,20.037588,20.877033,4.0,0.0,0.0,0.0,0.0,0.0,0.0,0.0
29055,2023.0,7.0,21.0,18.0,21.037193,22.140207,20.0122,20.587578,21.012486,21.955261,21.044138,22.245478,18.313673,18.264988,19.016428,18.967436,21.023363,21.456926,21.038168,22.011086,19.232239,19.238321,4.0,4.0,0.0,0.0,0.0,0.0,0.0,0.0
29056,2023.0,7.0,21.0,18.0,21.033346,22.058064,20.011322,20.572763,21.040937,21.965393,21.031752,22.13099,18.294722,18.245762,19.30286,19.601898,21.021652,21.449347,21.0278,21.929113,18.832611,18.72053,4.0,0.0,0.0,0.0,4.0,0.0,0.0,0.0
29057,2023.0,7.0,21.0,18.0,21.02734,22.004213,20.011686,20.561218,21.008959,21.82825,21.033955,22.069258,18.276217,18.227545,20.111746,20.94912,21.11838,21.603436,21.070257,21.919641,18.768816,18.708748,4.0,4.0,0.0,0.0,0.0,4.0,4.0,0.0
29058,2023.0,7.0,21.0,19.0,21.001028,21.899422,20.030071,20.601145,21.014965,21.804153,21.033485,22.019604,18.257324,18.208685,19.31053,19.29426,21.0122,21.417574,21.032804,21.849808,19.672195,20.469316,0.0,4.0,0.0,0.0,0.0,0.0,0.0,4.0
29059,2023.0,7.0,21.0,19.0,21.039927,21.965815,19.378847,19.336155,21.039778,21.847122,21.006893,21.909222,18.240477,18.19392,18.959328,18.894304,21.024128,21.442244,21.034319,21.8219,20.005592,20.78807,0.0,0.0,4.0,0.0,0.0,0.0,0.0,4.0
29060,2023.0,7.0,21.0,19.0,21.005182,21.847559,19.412685,19.616913,21.033895,21.807827,21.037691,21.967285,18.990417,19.62869,18.875845,18.810925,21.103912,21.56688,21.033419,21.793869,20.034374,20.797874,4.0,0.0,0.0,4.0,0.0,4.0,0.0,0.0
29061,2023.0,7.0,21.0,19.0,21.010841,21.8408,20.100283,20.827944,21.007992,21.712353,21.01269,21.859173,20.10769,21.351915,18.804754,18.740026,21.120636,21.581085,21.033081,21.772205,20.00941,20.645004,0.0,4.0,4.0,4.0,0.0,4.0,0.0,4.0
29062,2023.0,7.0,21.0,19.0,21.037918,21.89965,19.359198,19.33267,21.03926,21.781263,21.017538,21.844496,20.028357,21.048626,18.745077,18.684109,21.118677,21.57512,21.026905,21.75512,20.035217,20.705511,0.0,0.0,4.0,0.0,0.0,4.0,0.0,0.0
29063,2023.0,7.0,21.0,19.0,21.004042,21.792221,19.477074,19.800226,21.032953,21.75204,21.042486,21.895672,19.052652,19.047043,18.692078,18.634539,21.015238,21.416433,21.027683,21.751234,19.283197,19.22268,4.0,0.0,0.0,0.0,0.0,0.0,0.0,0.0
29064,2023.0,7.0,21.0,20.0,21.010468,21.792599,20.076504,20.815987,21.03332,21.737343,21.036852,21.862373,18.574528,18.44547,18.64123,18.585022,21.024746,21.439238,21.027285,21.745537,19.803844,20.467876,0.0,0.0,0.0,0.0,0.0,0.0,0.0,4.0
29065,2023.0,7.0,21.0,20.0,21.036884,21.857315,19.446667,19.537605,21.025536,21.723495,21.011158,21.770771,18.44065,18.302292,18.972948,19.251886,21.082659,21.523125,21.027298,21.741,20.033768,20.71688,0.0,0.0,4.0,0.0,4.0,4.0,0.0,0.0
29066,2023.0,7.0,21.0,20.0,21.03112,21.830635,19.50653,19.848547,21.026346,21.72341,21.042345,21.84117,19.199963,19.820654,20.148224,21.233624,21.087751,21.523214,21.027622,21.737453,20.041496,20.64651,4.0,0.0,0.0,4.0,0.0,4.0,0.0,4.0
29067,2023.0,7.0,21.0,20.0,21.031818,21.815586,20.065334,20.76754,21.000286,21.648252,21.010323,21.741442,20.11096,21.214415,19.287615,19.405602,21.07859,21.508099,21.027254,21.732756,20.053915,20.650263,4.0,4.0,4.0,0.0,0.0,4.0,0.0,4.0
29068,2023.0,7.0,21.0,20.0,21.03119,21.800106,20.025131,20.644552,21.031496,21.733425,21.042067,21.81558,19.061241,19.038256,18.819838,18.77809,21.021116,21.434334,21.027252,21.728586,20.027351,20.618483,0.0,0.0,0.0,0.0,0.0,0.0,0.0,0.0
29069,2023.0,7.0,21.0,20.0,21.023317,21.787352,19.311357,19.232185,21.033785,21.717073,21.00988,21.71792,19.26487,19.747929,18.700844,18.646976,21.025436,21.443018,21.026903,21.723724,19.280731,19.164331,0.0,0.0,4.0,4.0,0.0,0.0,0.0,0.0
29070,2023.0,7.0,21.0,21.0,21.023968,21.788471,18.892008,18.677431,21.00723,21.627167,21.01613,21.723753,20.116096,21.125751,19.008425,19.286587,21.025068,21.439695,21.027197,21.719885,19.831501,20.477297,0.0,4.0,4.0,0.0,4.0,0.0,0.0,4.0
29071,2023.0,7.0,21.0,21.0,21.023958,21.786488,18.875702,18.773207,21.038815,21.702549,21.041391,21.788446,19.10292,19.049314,20.143003,21.205652,21.045591,21.448448,21.02693,21.714945,20.321518,21.250664,0.0,0.0,0.0,0.0,0.0,4.0,0.0,0.0
29072,2023.0,7.0,21.0,21.0,21.02394,21.783625,18.85982,18.783756,21.006836,21.60689,21.035856,21.764536,18.601875,18.431606,19.286278,19.39523,21.025139,21.43831,21.0273,21.71118,19.265005,19.14774,0.0,4.0,0.0,0.0,0.0,0.0,0.0,0.0
29073,2023.0,7.0,21.0,21.0,20.997448,21.707705,19.246489,19.55667,21.012918,21.614103,21.036469,21.7525,18.570002,18.504248,18.81411,18.762754,21.025793,21.437807,21.026814,21.70594,19.785257,20.40976,4.0,4.0,0.0,0.0,0.0,0.0,0.0,4.0
29074,2023.0,7.0,21.0,21.0,21.030407,21.797325,20.1104,21.004978,21.038572,21.681767,21.02685,21.739914,18.533438,18.47903,19.049168,19.299458,21.02595,21.434904,21.026855,21.701912,20.036552,20.69071,0.0,0.0,0.0,0.0,4.0,0.0,0.0,0.0
29075,2023.0,7.0,21.0,21.0,21.03201,21.78034,19.738388,20.14363,21.03306,21.6601,21.028051,21.744047,18.46916,18.412209,20.150097,21.159742,21.017876,21.432005,21.026834,21.698164,20.017107,20.566021,4.0,0.0,0.0,0.0,0.0,0.0,0.0,4.0
29076,2023.0,7.0,21.0,22.0,21.03174,21.763197,20.089108,20.831884,21.033598,21.649887,21.027773,21.742575,18.409864,18.351213,19.13139,19.054508,21.01913,21.443058,21.026901,21.694916,20.019144,20.55987,0.0,0.0,0.0,0.0,0.0,0.0,0.0,4.0
29077,2023.0,7.0,21.0,22.0,21.004053,21.674763,19.266804,19.166681,21.02378,21.63946,21.027716,21.740358,18.358475,18.299284,18.89728,18.940653,21.019045,21.449167,21.026752,21.691551,19.998487,20.510054,0.0,0.0,0.0,0.0,4.0,0.0,0.0,4.0
29078,2023.0,7.0,21.0,22.0,21.037535,21.758373,18.793333,18.53469,21.024965,21.646084,21.027655,21.737516,18.313587,18.254034,20.216745,21.18468,21.210867,21.796093,21.026705,21.688545,20.8786,21.911594,0.0,0.0,0.0,0.0,0.0,4.0,0.0,4.0
29079,2023.0,7.0,21.0,22.0,21.00298,21.660965,18.791018,18.65541,21.024733,21.647348,21.027338,21.733376,18.272703,18.212208,19.620138,19.939487,21.054699,21.425371,21.02666,21.685562,20.003075,20.423067,0.0,0.0,0.0,0.0,4.0,4.0,0.0,0.0
29080,2023.0,7.0,21.0,22.0,21.037153,21.748709,19.246778,19.548645,21.024668,21.647337,21.02728,21.729654,18.23597,18.174519,20.10615,20.93714,20.99999,21.370453,21.026564,21.682589,19.310305,19.113684,4.0,0.0,0.0,0.0,0.0,4.0,0.0,0.0
29081,2023.0,7.0,21.0,22.0,21.030785,21.728022,20.107199,20.98474,21.024628,21.646534,21.027254,21.726273,18.203625,18.142132,19.348911,19.39611,21.000961,21.37868,21.026484,21.67961,19.77501,20.269634,0.0,0.0,0.0,0.0,0.0,4.0,0.0,4.0
29082,2023.0,7.0,21.0,23.0,21.03124,21.721441,19.387012,19.47855,21.024586,21.645077,21.027193,21.722761,18.174173,18.11222,18.931282,18.861906,21.03175,21.462332,21.026434,21.676638,20.0388,20.612381,0.0,0.0,0.0,0.0,0.0,0.0,0.0,0.0
29083,2023.0,7.0,21.0,23.0,20.442905,20.599804,18.969341,18.907337,20.390087,20.42362,20.32452,20.368664,18.147724,18.0856,18.800156,18.723312,20.32802,20.100092,20.306559,20.28685,19.27043,19.105307,0.0,0.0,0.0,0.0,0.0,0.0,0.0,0.0
29084,2023.0,7.0,21.0,23.0,20.17533,20.236755,18.859272,18.762995,20.06366,19.949062,19.972353,19.863367,18.124218,18.059664,18.716892,18.630968,20.067234,19.770277,20.031971,19.942793,18.990246,18.764679,0.0,0.0,0.0,0.0,0.0,0.0,0.0,0.0
29085,2023.0,7.0,21.0,23.0,20.067463,20.140102,18.808191,18.71719,19.948915,19.845991,19.847078,19.751423,18.10369,18.039753,18.943274,19.11305,19.962204,19.677803,20.8945,21.694454,19.006424,18.924572,0.0,0.0,0.0,0.0,4.0,0.0,4.0,0.0
29086,2023.0,7.0,21.0,23.0,19.971523,20.043653,18.758224,18.66628,19.84737,19.743273,19.736006,19.639582,18.0821,18.017323,18.724735,18.672522,20.033463,19.919394,20.01862,19.869705,18.954851,18.885157,0.0,0.0,0.0,0.0,0.0,0.0,0.0,0.0
29087,2023.0,7.0,21.0,23.0,19.8826,19.947289,18.70935,18.611698,19.753359,19.640635,19.633326,19.527878,18.059172,17.991926,18.586777,18.498846,20.008429,19.906933,19.656206,19.395365,18.880135,18.805647,0.0,0.0,0.0,0.0,0.0,0.0,0.0,0.0
29088,2023.0,7.0,22.0,0.0,19.8114,19.876396,18.669659,18.571642,19.678692,19.56666,19.552017,19.44758,18.03817,17.97,18.52739,18.438932,19.953585,19.851917,19.522154,19.26695,18.815657,18.74067,0.0,0.0,0.0,0.0,0.0,0.0,0.0,0.0
29089,2023.0,7.0,22.0,0.0,19.747707,19.812866,18.63301,18.534557,19.611515,19.500116,19.479197,19.375608,18.017496,17.948336,18.47274,18.383608,19.901842,19.799389,19.580515,19.498531,18.756456,18.680878,0.0,0.0,0.0,0.0,0.0,0.0,0.0,0.0
29090,2023.0,7.0,22.0,0.0,19.69,19.755167,18.598906,18.500017,19.550367,19.439585,19.413187,19.310362,17.997179,17.927029,18.423195,18.333298,19.853127,19.749903,19.522512,19.43381,18.702032,18.625826,0.0,0.0,0.0,0.0,0.0,0.0,0.0,0.0
29091,2023.0,7.0,22.0,0.0,19.637224,19.702265,18.566963,18.467623,19.494293,19.38405,19.352804,19.250658,17.977192,17.906055,18.377234,18.286552,19.807568,19.703568,19.458015,19.368748,18.651733,18.574871,0.0,0.0,0.0,0.0,0.0,0.0,0.0,0.0
29092,2023.0,7.0,22.0,0.0,19.589273,19.654066,18.538166,18.439625,19.444263,19.336212,19.299042,19.199343,17.957895,17.886171,18.657373,18.85016,19.765558,19.661545,19.398699,19.309708,18.605745,18.528936,0.0,0.0,0.0,0.0,4.0,0.0,0.0,0.0
29093,2023.0,7.0,22.0,0.0,19.545729,19.61132,18.511179,18.413395,19.39821,19.29253,19.249716,19.152622,18.523567,18.965294,18.74583,18.958048,19.726667,19.62324,19.34429,19.256462,18.563572,18.487474,0.0,0.0,0.0,4.0,4.0,0.0,0.0,0.0
29094,2023.0,7.0,22.0,1.0,19.502981,19.566929,18.484211,18.385252,19.352634,19.246563,19.201197,19.10367,18.135872,18.094385,18.448803,18.380026,19.68813,19.583483,19.291454,19.202473,18.52223,18.44498,0.0,0.0,0.0,0.0,0.0,0.0,0.0,0.0
29095,2023.0,7.0,22.0,1.0,19.464716,19.528547,18.460005,18.361122,19.31148,19.20663,19.157589,19.061272,18.010303,17.937706,18.335888,18.24522,19.652771,19.548185,19.243507,19.154852,19.214018,19.780773,0.0,0.0,0.0,0.0,0.0,0.0,0.0,4.0
29096,2023.0,7.0,22.0,1.0,19.425821,19.486574,18.434282,18.33297,19.268959,19.161417,19.112768,19.013481,17.972267,17.896603,18.283298,18.18857,19.616756,19.509771,19.19574,19.104448,19.52204,20.204529,0.0,0.0,0.0,0.0,0.0,0.0,0.0,4.0
29097,2023.0,7.0,22.0,1.0,19.393808,19.456385,18.414042,18.315025,19.235329,19.131706,19.077766,18.982368,17.943804,17.869774,18.243198,18.151615,19.586437,19.481178,19.155539,19.066448,18.704193,18.551252,0.0,0.0,0.0,0.0,0.0,0.0,0.0,0.0
29098,2023.0,7.0,22.0,1.0,19.358486,19.417973,18.389921,18.288614,19.197092,19.090816,19.038187,18.939775,17.915592,17.839125,18.200764,18.105543,19.55348,19.445889,19.113056,19.021452,18.439186,18.211493,0.0,0.0,0.0,0.0,0.0,0.0,0.0,0.0
29099,2023.0,7.0,22.0,1.0,19.32722,19.38614,18.368694,18.267374,19.163635,19.057878,19.003475,18.905495,17.891329,17.814442,18.164446,18.068954,19.52375,19.415855,19.07497,18.9832,18.35082,18.127382,0.0,0.0,0.0,0.0,0.0,0.0,0.0,0.0
29100,2023.0,7.0,22.0,2.0,19.298115,19.35731,18.34941,18.249416,19.13332,19.02978,18.971859,18.876192,17.869429,17.792948,18.441523,18.618109,19.496082,19.388853,19.039738,18.94881,18.425581,18.351236,0.0,0.0,0.0,0.0,4.0,0.0,0.0,0.0
29101,2023.0,7.0,22.0,2.0,19.268995,19.32737,18.329306,18.229115,19.102375,18.999113,18.939545,18.844213,17.847754,17.770798,18.212212,18.128397,19.46838,19.360765,19.005054,18.913866,18.4016,18.321115,0.0,0.0,0.0,0.0,0.0,0.0,0.0,0.0
29102,2023.0,7.0,22.0,2.0,19.23985,19.296358,18.308466,18.206644,19.070818,18.966091,18.90672,18.809875,17.8263,17.748133,18.124537,18.027542,19.440712,19.331804,18.970926,18.878542,18.36422,18.281933,0.0,0.0,0.0,0.0,0.0,0.0,0.0,0.0
29103,2023.0,7.0,22.0,2.0,19.212736,19.268492,18.2893,18.18719,19.041891,18.937344,18.876686,18.780054,17.8065,17.727932,18.087908,17.990677,19.414898,19.30565,18.939152,18.846558,18.33073,18.248156,0.0,0.0,0.0,0.0,0.0,0.0,0.0,0.0
29104,2023.0,7.0,22.0,2.0,19.186417,19.241306,18.27046,18.168055,19.013926,18.909485,18.847668,18.75119,17.787594,17.708645,18.054321,17.956856,19.390059,19.280483,18.9088,18.816004,18.29896,18.216135,0.0,0.0,0.0,0.0,0.0,0.0,0.0,0.0
29105,2023.0,7.0,22.0,2.0,19.160702,19.214722,18.25178,18.149084,18.98662,18.882244,18.819359,18.723,17.769392,17.690079,18.023909,17.926163,19.36602,19.25613,18.879585,18.786594,18.268875,18.185814,0.0,0.0,0.0,0.0,0.0,0.0,0.0,0.0
29106,2023.0,7.0,22.0,3.0,19.13556,19.188698,18.233278,18.130276,18.959942,18.855576,18.791735,18.695446,17.751846,17.672184,17.995491,17.897482,19.342741,19.232548,18.851429,18.758253,18.2403,18.157015,0.0,0.0,0.0,0.0,0.0,0.0,0.0,0.0
29107,2023.0,7.0,22.0,3.0,19.110556,19.162428,18.214468,18.110662,18.933392,18.828554,18.7643,18.667603,17.73456,17.654251,17.968435,17.869802,19.319817,19.20901,18.82393,18.730288,18.21279,18.129,0.0,0.0,0.0,0.0,0.0,0.0,0.0,0.0
29108,2023.0,7.0,22.0,3.0,19.085926,19.136524,18.195704,18.091057,18.907251,18.801893,18.737335,18.640177,17.717644,17.63669,17.94262,17.84336,19.297379,19.185957,18.797161,18.70305,18.186354,18.10206,0.0,0.0,0.0,0.0,0.0,0.0,0.0,0.0
29109,2023.0,7.0,22.0,3.0,19.061659,19.110975,18.177015,18.0715,18.881512,18.775585,18.710829,18.613165,17.701038,17.619444,17.917868,17.81798,19.27537,19.163332,18.771034,18.676455,18.160854,18.076057,0.0,0.0,0.0,0.0,0.0,0.0,0.0,0.0
29110,2023.0,7.0,22.0,3.0,19.037718,19.085745,18.158403,18.051996,18.856136,18.749603,18.684742,18.586527,17.68468,17.602444,17.894001,17.79348,19.253717,19.141064,18.745459,18.650408,18.136154,18.050852,0.0,0.0,0.0,0.0,0.0,0.0,0.0,0.0
29111,2023.0,7.0,22.0,3.0,19.022715,19.078085,18.13986,18.032537,18.831093,18.723915,18.659042,18.560238,17.668516,17.585634,17.870882,17.76972,19.232365,19.119091,18.72036,18.624832,18.11214,18.026327,0.0,0.0,0.0,0.0,0.0,0.0,0.0,0.0
29112,2023.0,7.0,22.0,4.0,19.010126,19.073093,18.12268,18.015697,18.807768,18.701326,18.63515,18.53716,17.65309,17.57015,18.158503,18.328205,19.211987,19.09881,18.696375,18.601065,18.08943,18.003817,0.0,0.0,0.0,0.0,4.0,0.0,0.0,0.0
29113,2023.0,7.0,22.0,4.0,18.99,19.051783,18.103941,17.995565,18.782701,18.675049,18.609583,18.510399,17.63688,17.553032,17.927135,17.824102,19.190655,19.076452,18.67159,18.57541,18.066076,17.979582,0.0,0.0,0.0,0.0,0.0,0.0,0.0,0.0
29114,2023.0,7.0,22.0,4.0,18.96878,19.02904,18.085165,17.974962,18.75765,18.648438,18.584175,18.48341,17.62071,17.535902,17.86146,17.7577,19.169415,19.05413,18.647104,18.550045,18.043142,17.95575,0.0,0.0,0.0,0.0,0.0,0.0,0.0,0.0
29115,2023.0,7.0,22.0,4.0,19.62723,20.280626,18.069168,17.959887,18.735926,18.62819,18.562151,18.462904,17.605965,17.521576,17.834675,17.732594,19.14998,19.03533,19.591421,20.349216,18.022205,17.935587,0.0,0.0,0.0,0.0,0.0,0.0,4.0,0.0
29116,2023.0,7.0,22.0,4.0,19.205837,19.343939,18.05114,17.940804,19.39917,19.893978,18.537996,18.43791,17.590343,17.505234,17.807123,17.704168,19.129341,19.013891,19.719473,20.345196,18.00013,17.912855,0.0,4.0,0.0,0.0,0.0,0.0,4.0,0.0
29117,2023.0,7.0,22.0,4.0,18.851294,18.72961,18.0333,17.922089,19.009789,19.018097,18.514307,18.41359,18.14578,18.55979,17.781952,17.678284,19.109352,18.99329,18.884712,18.69341,17.978527,17.89078,0.0,0.0,0.0,4.0,0.0,0.0,0.0,0.0
29118,2023.0,7.0,22.0,5.0,18.723051,18.560883,18.015001,17.902405,18.596607,18.285843,18.490208,18.388233,17.77581,17.72314,17.757263,17.652351,19.089266,18.972149,18.629972,18.367735,17.95672,17.868017,0.0,0.0,0.0,0.0,0.0,0.0,0.0,0.0
29119,2023.0,7.0,22.0,5.0,18.871712,18.920082,17.99814,17.885508,18.477707,18.144175,18.467527,18.365505,17.653013,17.566164,17.734608,17.629604,19.070217,18.953192,18.54004,18.280107,17.936144,17.847485,0.0,0.0,0.0,0.0,0.0,0.0,0.0,0.0
29120,2023.0,7.0,22.0,5.0,18.874374,18.928446,17.982573,17.870821,18.605347,18.46195,18.446356,18.34525,17.621323,17.534956,17.714037,17.609814,19.05193,18.935566,18.474424,18.22018,17.916769,17.828745,0.0,0.0,0.0,0.0,0.0,0.0,0.0,0.0
29121,2023.0,7.0,22.0,5.0,18.857029,18.91193,18.437248,18.738316,18.624418,18.509148,18.426275,18.326784,17.595589,17.510546,17.695105,17.592272,19.034315,18.919079,18.572813,18.475822,17.898386,17.811464,4.0,0.0,0.0,0.0,0.0,0.0,0.0,0.0
29122,2023.0,7.0,22.0,5.0,18.837818,18.892662,18.155811,18.11238,18.610699,18.5003,18.405552,18.306688,17.573503,17.48867,17.676786,17.57452,19.016613,18.901857,18.567675,18.47082,17.880116,17.793657,0.0,0.0,0.0,0.0,0.0,0.0,0.0,0.0
29123,2023.0,7.0,22.0,5.0,18.817638,18.872128,18.024038,17.912401,18.590103,18.480068,18.384323,18.285273,17.55401,17.469156,17.659971,17.557856,18.999443,18.884863,18.542578,18.445564,17.862583,17.776327,0.0,0.0,0.0,0.0,0.0,0.0,0.0,0.0
29124,2023.0,7.0,22.0,6.0,18.799131,18.854828,17.994509,17.886652,19.261477,19.760736,18.366056,18.269503,17.537733,17.45458,17.64549,17.545338,18.983923,18.870972,18.519703,18.42459,17.846712,17.76202,0.0,4.0,0.0,0.0,0.0,0.0,0.0,0.0
29125,2023.0,7.0,22.0,6.0,21.278265,23.20591,17.968504,17.861227,21.249474,23.148672,21.26442,23.42718,17.521154,17.438536,17.630022,17.530708,21.269514,22.832975,21.481306,23.550116,17.829857,17.74557,0.0,0.0,0.0,0.0,0.0,0.0,0.0,0.0
29126,2023.0,7.0,22.0,6.0,20.99747,22.438398,17.943298,17.835663,21.014677,22.402363,20.991179,22.564383,17.50521,17.422588,17.925901,18.10126,21.001732,22.182936,20.984287,22.40965,17.81264,17.728432,0.0,0.0,0.0,0.0,4.0,0.0,0.0,0.0
29127,2023.0,7.0,22.0,6.0,21.052538,22.366392,18.364656,18.641878,21.028843,22.225086,21.048689,22.473213,17.492506,17.41098,20.264454,22.099617,21.037535,22.106775,21.046196,22.35188,17.79907,17.715996,4.0,4.0,0.0,0.0,0.0,0.0,0.0,0.0
29128,2023.0,7.0,22.0,6.0,21.185,22.511839,20.229492,21.810532,21.184978,22.439651,21.197836,22.638317,17.481241,17.400356,19.175331,19.633059,21.15826,22.24535,21.237148,22.613537,18.552721,19.149738,0.0,0.0,0.0,0.0,4.0,0.0,0.0,4.0
29129,2023.0,7.0,22.0,6.0,21.00675,22.069504,19.01498,19.19168,21.021591,22.002895,21.016024,22.157572,17.472616,17.392513,20.205683,21.665077,21.031723,21.91361,21.037813,22.123081,20.32417,22.044416,0.0,4.0,4.0,0.0,0.0,0.0,0.0,4.0
29130,2023.0,7.0,22.0,7.0,21.023928,22.04386,18.354515,18.29105,21.052126,22.025972,21.045485,22.174583,18.059105,18.502674,19.311647,19.697886,21.030794,21.85639,21.03743,22.059877,19.998512,21.16794,0.0,0.0,0.0,4.0,4.0,0.0,0.0,4.0
29131,2023.0,7.0,22.0,7.0,21.020826,21.996378,18.65502,18.934586,21.019646,21.893694,21.050308,22.11004,20.277262,22.19037,20.153183,21.362587,21.029987,21.812582,20.996475,21.903677,20.226084,21.497261,4.0,4.0,0.0,4.0,4.0,0.0,4.0,0.0
29132,2023.0,7.0,22.0,7.0,21.272486,22.467161,20.193132,21.568975,21.260788,22.34429,21.194223,22.34211,20.029251,21.440517,20.015928,20.95266,21.174757,22.069147,21.236057,22.365536,18.86976,18.746696,0.0,4.0,0.0,0.0,4.0,0.0,0.0,0.0
29133,2023.0,7.0,22.0,7.0,21.018524,21.92745,19.231583,19.461588,21.022533,21.837986,21.010323,21.930555,18.645056,18.58111,20.047812,20.935188,20.998253,21.66869,21.041922,21.932224,18.318682,18.086746,4.0,4.0,4.0,0.0,0.0,4.0,0.0,0.0
29134,2023.0,7.0,22.0,7.0,21.236712,22.365095,20.193644,21.37957,21.307356,22.39113,21.256502,22.431995,17.990477,17.774204,19.009249,18.872112,21.551928,22.519444,21.272345,22.363928,19.07859,19.659254,0.0,4.0,0.0,0.0,0.0,4.0,0.0,4.0
29135,2023.0,7.0,22.0,7.0,21.039204,21.942717,19.348291,19.5608,21.02109,21.796486,21.046194,21.968864,17.958654,17.865145,18.58446,18.461742,21.03137,21.654432,21.032515,21.87213,20.132212,21.322453,4.0,4.0,0.0,0.0,0.0,0.0,0.0,0.0
29136,2023.0,7.0,22.0,8.0,21.210045,22.265648,20.168594,21.219692,21.275337,22.295477,21.201084,22.251955,17.931429,17.85623,18.48534,18.377983,21.160322,21.904472,21.268387,22.338842,18.91539,18.821516,0.0,4.0,0.0,0.0,0.0,0.0,0.0,0.0
29137,2023.0,7.0,22.0,8.0,20.61977,21.069345,19.414948,19.619944,20.519035,20.807417,20.148235,20.209328,17.874094,17.803871,18.386166,18.289434,20.143227,19.927723,20.13679,20.129536,19.216513,19.770945,4.0,4.0,0.0,0.0,0.0,0.0,0.0,4.0
29138,2023.0,7.0,22.0,8.0,20.49971,20.934795,20.107874,20.959566,19.771202,19.522297,19.73636,19.641071,18.521288,19.057018,18.319334,18.22762,19.824987,19.522598,20.78576,21.567705,20.130323,21.29678,4.0,0.0,0.0,4.0,0.0,0.0,4.0,0.0
29139,2023.0,7.0,22.0,8.0,20.434961,20.884136,20.012407,20.725286,20.007607,20.22756,19.525318,19.427658,20.184145,21.74928,18.253521,18.17018,19.827234,19.695597,19.958828,19.8173,18.970366,18.905113,4.0,4.0,0.0,4.0,0.0,0.0,0.0,0.0
29140,2023.0,7.0,22.0,8.0,20.398592,20.868467,20.041592,20.766375,20.141743,20.438074,20.045237,20.54438,20.028406,21.25779,18.196491,18.117785,19.78379,19.681435,19.443102,19.208147,18.431698,18.248762,0.0,4.0,4.0,0.0,0.0,0.0,0.0,0.0
29141,2023.0,7.0,22.0,8.0,19.786228,19.76524,19.522848,19.720621,20.118256,20.426867,19.630968,19.660091,19.404232,19.872604,18.152838,18.079979,19.70741,19.613586,19.26904,19.041737,19.305267,20.032701,4.0,4.0,0.0,4.0,0.0,0.0,0.0,4.0
29142,2023.0,7.0,22.0,9.0,19.516207,19.41168,20.104095,20.871971,19.555134,19.40263,19.20513,18.973423,20.141523,21.24492,18.522177,18.8036,19.651756,19.561386,20.151604,20.802555,20.071878,21.195452,0.0,0.0,0.0,0.0,4.0,0.0,4.0,4.0
29143,2023.0,7.0,22.0,9.0,20.027231,20.499367,19.246166,19.179094,19.829395,20.114548,19.625298,19.919434,19.609447,20.081364,20.208084,21.655945,19.594805,19.508823,19.560068,19.438416,20.335865,21.587767,0.0,4.0,4.0,4.0,0.0,0.0,0.0,4.0
29144,2023.0,7.0,22.0,9.0,19.624443,19.6345,18.86541,18.778429,19.98472,20.32535,19.257782,19.13925,20.116276,21.121351,19.112886,19.291779,20.298248,20.889898,19.178984,18.986467,20.042164,20.929926,0.0,4.0,0.0,0.0,0.0,4.0,0.0,0.0
29145,2023.0,7.0,22.0,9.0,19.31117,19.239677,18.767328,18.69019,19.450867,19.334587,18.939178,18.72688,19.080145,19.040604,18.520727,18.48055,20.407421,20.864656,19.062563,18.870241,19.093473,19.033905,0.0,0.0,0.0,0.0,0.0,4.0,0.0,0.0
29146,2023.0,7.0,22.0,9.0,19.914251,20.450085,19.139174,19.451675,19.180595,18.948595,19.4972,19.852394,18.66603,18.470776,18.410196,18.338606,19.735516,19.569582,18.998816,18.811577,18.739841,18.559307,4.0,0.0,4.0,0.0,0.0,0.0,0.0,0.0
29147,2023.0,7.0,22.0,9.0,19.439726,19.464245,20.13249,21.180672,19.075954,18.847345,19.635164,20.024862,19.350924,19.904716,18.354546,18.278963,19.534706,19.311451,19.041607,18.955963,18.616278,18.44214,0.0,0.0,4.0,4.0,0.0,0.0,0.0,0.0
29148,2023.0,7.0,22.0,10.0,19.168222,19.123219,19.642637,20.079008,19.79201,20.29146,19.670452,20.06276,20.099333,21.082144,18.308481,18.235228,20.197458,20.646214,19.035446,18.963562,18.59554,18.512413,4.0,4.0,4.0,0.0,0.0,4.0,0.0,0.0
29149,2023.0,7.0,22.0,10.0,19.085676,19.039244,20.089237,20.95435,19.377407,19.31458,19.148615,19.070919,19.112703,19.089123,18.27252,18.20124,20.43468,20.909317,19.00396,18.936134,18.553743,18.484814,4.0,0.0,0.0,0.0,0.0,4.0,0.0,0.0
29150,2023.0,7.0,22.0,10.0,19.869877,20.579727,20.026827,20.781143,19.666096,20.043,18.85522,18.69273,18.613998,18.461607,18.6325,18.90583,19.818495,19.70016,18.972305,18.906834,18.497553,18.43312,0.0,4.0,0.0,0.0,4.0,0.0,0.0,0.0
29151,2023.0,7.0,22.0,10.0,20.02326,20.617573,19.242826,19.231663,19.29566,19.234297,19.393482,19.78206,18.537537,18.454584,20.191267,21.541752,19.545046,19.356499,19.959055,20.79788,18.44805,18.387028,0.0,0.0,4.0,0.0,0.0,0.0,4.0,0.0
29152,2023.0,7.0,22.0,10.0,19.451073,19.537514,19.185034,19.382072,19.634253,20.024004,19.066933,19.02503,19.190445,19.743576,19.191753,19.3823,19.468185,19.280394,19.35922,19.328953,18.406288,18.34834,4.0,4.0,0.0,4.0,0.0,0.0,0.0,0.0
29153,2023.0,7.0,22.0,10.0,19.23278,19.236843,20.13423,21.067749,19.780272,20.211367,18.846819,18.708038,20.12618,21.293728,19.133696,19.40931,19.430815,19.25048,19.078932,18.937044,18.376379,18.320759,0.0,4.0,0.0,0.0,4.0,0.0,0.0,0.0
29154,2023.0,7.0,22.0,11.0,19.8186,20.413519,19.617197,19.939342,19.825129,20.25823,19.397543,19.816227,19.08995,19.130941,20.131119,21.145182,19.480087,19.391148,19.95962,20.680033,18.34626,18.294458,4.0,4.0,4.0,0.0,0.0,0.0,4.0,0.0
29155,2023.0,7.0,22.0,11.0,20.014032,20.60914,20.110722,20.94821,19.861086,20.292427,19.053886,19.020615,18.573025,18.456968,19.305378,19.427105,20.262081,20.882545,19.409628,19.366709,18.316113,18.264856,0.0,4.0,0.0,0.0,0.0,4.0,0.0,0.0
29156,2023.0,7.0,22.0,11.0,20.04796,20.638659,19.3067,19.325724,19.335499,19.290398,19.416704,19.855158,18.492544,18.422495,18.821726,18.758888,19.754475,19.688713,20.037565,20.769575,18.287247,18.236439,0.0,0.0,4.0,0.0,0.0,0.0,4.0,0.0
29157,2023.0,7.0,22.0,11.0,19.499327,19.590244,19.030972,18.973993,19.096544,18.95052,19.547892,20.001892,18.450432,18.387753,18.707523,18.630589,19.525398,19.353643,19.359028,19.322206,18.263428,18.212929,0.0,0.0,4.0,0.0,0.0,0.0,0.0,0.0
29158,2023.0,7.0,22.0,11.0,19.27975,19.291595,18.933811,18.882574,19.001686,18.848846,19.026337,18.992195,18.40167,18.341297,18.644644,18.569857,19.456072,19.281006,19.099306,18.959517,19.1491,19.906813,0.0,0.0,0.0,0.0,0.0,0.0,0.0,4.0
29159,2023.0,7.0,22.0,11.0,19.886408,20.504793,19.29104,19.62644,18.934734,18.78299,18.80573,18.675781,18.356283,18.297028,18.587063,18.513287,19.491215,19.40301,19.011408,18.86811,20.133358,21.481201,4.0,0.0,0.0,0.0,0.0,0.0,0.0,0.0
29160,2023.0,7.0,22.0,12.0,19.46586,19.554625,20.104273,21.012444,18.953722,18.884922,18.714712,18.58326,18.309498,18.252844,18.904716,19.164427,19.485746,19.409847,19.909096,20.62264,18.985691,19.047775,0.0,0.0,0.0,0.0,4.0,0.0,4.0,0.0
29161,2023.0,7.0,22.0,12.0,21.229189,22.84546,19.36651,19.49463,21.239689,22.973045,21.250542,23.143799,18.26391,18.206793,20.153608,21.289997,21.21682,22.472582,21.155037,22.595018,18.44729,18.336426,0.0,0.0,0.0,0.0,0.0,0.0,0.0,0.0
29162,2023.0,7.0,22.0,12.0,21.01297,22.227224,19.345453,19.687794,21.005144,22.27383,20.980799,22.333117,18.22361,18.16688,19.264446,19.406986,20.985418,21.90473,21.026031,22.172852,18.381788,18.321583,4.0,0.0,4.0,0.0,0.0,4.0,0.0,0.0
29163,2023.0,7.0,22.0,12.0,21.006191,22.091564,20.087294,20.947084,21.03802,22.196356,21.029892,22.263227,18.188099,18.131071,18.748278,18.686523,21.041456,21.924618,21.040342,22.086245,18.346508,18.28992,4.0,0.0,4.0,0.0,0.0,0.0,0.0,0.0
29164,2023.0,7.0,22.0,12.0,21.082844,22.1872,20.067375,20.825966,21.079165,22.16952,21.09984,22.304962,18.157639,18.100548,18.611029,18.529987,21.071764,21.88805,21.073864,22.072157,18.304949,18.248795,0.0,0.0,0.0,0.0,0.0,0.0,0.0,0.0
29165,2023.0,7.0,22.0,12.0,21.030268,22.02139,19.274029,19.254618,21.027674,22.009293,21.03618,22.099892,18.133858,18.078505,18.550007,18.475061,20.997202,21.665207,21.026731,21.933134,18.272263,18.218054,0.0,0.0,0.0,0.0,0.0,4.0,0.0,0.0
29166,2023.0,7.0,22.0,13.0,21.03596,21.9899,18.79756,18.613945,21.03212,21.97124,21.042017,22.052639,18.110126,18.053938,18.490364,18.41251,21.037077,21.72587,21.03075,21.903019,18.241722,18.186983,0.0,0.0,0.0,0.0,0.0,0.0,0.0,0.0
29167,2023.0,7.0,22.0,13.0,21.015324,21.89836,18.77608,18.704687,21.068556,22.002005,21.073597,22.079027,18.091326,18.035963,18.442387,18.364899,21.062746,21.732946,21.064976,21.935717,18.218145,18.164661,0.0,0.0,0.0,0.0,0.0,0.0,0.0,0.0
29168,2023.0,7.0,22.0,13.0,21.028107,21.908903,18.720633,18.652925,21.065596,21.956736,21.027811,21.92663,18.075962,18.021334,18.402994,18.32697,21.048689,21.680952,21.063189,21.896624,18.199043,18.146574,0.0,0.0,4.0,0.0,0.0,0.0,0.0,0.0
29169,2023.0,7.0,22.0,13.0,21.071505,22.001514,18.658716,18.5927,21.064066,21.931217,21.08374,22.050468,18.06294,18.008724,18.369072,18.2941,21.085997,21.711634,21.061514,21.872074,18.183014,18.131239,0.0,0.0,0.0,0.0,0.0,4.0,0.0,0.0
29170,2023.0,7.0,22.0,13.0,21.028805,21.892548,19.068703,19.412704,21.00004,21.775082,21.033354,21.918118,18.05214,17.998434,18.341385,18.268831,20.993021,21.518816,21.024958,21.790709,18.169762,18.118656,4.0,4.0,0.0,0.0,0.0,4.0,0.0,0.0
29171,2023.0,7.0,22.0,13.0,21.034237,21.887213,20.118792,21.159763,21.036236,21.860779,21.040577,21.911947,18.042095,17.98857,18.315273,18.243088,21.003439,21.531294,21.029291,21.786877,18.157753,18.107134,4.0,0.0,0.0,0.0,0.0,4.0,0.0,0.0
29172,2023.0,7.0,22.0,14.0,21.054533,21.92378,20.074766,20.929169,21.074148,21.904476,21.022146,21.842781,18.032888,17.979322,18.292105,18.219606,21.057867,21.655457,21.058578,21.83126,18.146523,18.096039,0.0,0.0,4.0,0.0,0.0,0.0,0.0,0.0
29173,2023.0,7.0,22.0,14.0,20.90804,21.601421,19.553926,19.837658,20.287956,20.37425,20.561293,20.953136,18.024149,17.970366,18.273788,18.20256,20.965221,21.416191,20.26727,20.288622,18.135933,18.085463,4.0,0.0,4.0,0.0,0.0,4.0,0.0,0.0
29174,2023.0,7.0,22.0,14.0,20.127218,20.148327,20.111736,20.897055,19.917795,19.849936,20.405493,20.760506,18.012161,17.958738,18.25277,18.181965,20.269445,20.118095,19.944927,19.856155,18.122675,18.072628,0.0,0.0,4.0,0.0,0.0,0.0,0.0,0.0
29175,2023.0,7.0,22.0,14.0,20.410732,20.953447,19.622139,19.869352,19.72933,19.649296,19.773031,19.655018,17.990366,17.940613,18.221394,18.155779,19.925152,19.700726,19.761908,19.673254,18.10049,18.053747,4.0,0.0,0.0,0.0,0.0,0.0,0.0,0.0
29176,2023.0,7.0,22.0,14.0,19.867985,19.885536,20.09972,20.79742,19.617838,19.532839,20.112701,20.456854,17.968073,17.920832,18.1909,18.128138,19.799824,19.57139,19.642927,19.5566,18.078157,18.033886,0.0,0.0,4.0,0.0,0.0,0.0,0.0,0.0
29177,2023.0,7.0,22.0,14.0,19.553951,19.506252,19.657024,19.884642,20.181622,20.68949,20.189058,20.547323,17.944813,17.899656,18.160473,18.101229,19.809677,19.703056,19.526419,19.445011,18.054796,18.012312,4.0,4.0,4.0,0.0,0.0,0.0,0.0,0.0
29178,2023.0,7.0,22.0,15.0,20.123018,20.65689,20.07237,20.683393,20.156311,20.530985,20.158045,20.51336,17.923933,17.879736,18.133886,18.075912,20.543453,21.145054,19.440432,19.361736,18.0343,17.99285,4.0,4.0,4.0,0.0,0.0,4.0,0.0,0.0
29179,2023.0,7.0,22.0,15.0,19.687641,19.703045,20.02616,20.59763,20.107038,20.466976,19.578941,19.465029,17.90371,17.861029,18.107464,18.051682,20.612045,21.0641,20.360374,21.182552,18.011992,17.968906,0.0,4.0,0.0,0.0,0.0,4.0,4.0,0.0
29180,2023.0,7.0,22.0,15.0,20.05341,20.578259,19.337635,19.266615,20.105087,20.462845,19.239515,19.03726,18.549515,19.088522,18.083227,18.029654,20.597654,21.03867,19.662405,19.573444,17.990341,17.946398,0.0,4.0,0.0,4.0,0.0,4.0,0.0,0.0
29181,2023.0,7.0,22.0,15.0,19.594543,19.633303,19.11979,19.025452,20.104557,20.460428,19.116524,18.901495,20.208794,21.883804,18.392004,18.622301,20.615248,21.053444,19.350107,19.165733,17.971863,17.926996,0.0,4.0,0.0,0.0,4.0,4.0,0.0,0.0
29182,2023.0,7.0,22.0,15.0,19.295643,19.245615,19.02377,18.946276,20.100847,20.455229,19.131912,19.033665,18.800455,18.86421,20.243431,21.748573,19.96618,19.817722,19.216038,19.033527,17.95248,17.906881,0.0,4.0,0.0,0.0,0.0,0.0,0.0,0.0
29183,2023.0,7.0,22.0,15.0,19.215422,19.16651,19.346256,19.63288,19.561392,19.455475,19.765162,20.262772,18.162886,18.04927,19.095417,19.29191,19.655743,19.439205,19.21081,19.124838,17.934002,17.887707,4.0,0.0,4.0,0.0,0.0,0.0,0.0,0.0
29184,2023.0,7.0,22.0,16.0,19.28583,19.357939,20.098797,20.940107,19.916882,20.23899,19.247324,19.15884,18.122917,18.06241,18.607851,18.543898,19.559113,19.336731,19.180386,19.109043,17.918217,17.870844,0.0,4.0,0.0,0.0,0.0,0.0,0.0,0.0
29185,2023.0,7.0,22.0,16.0,19.965765,20.644743,19.39221,19.47797,20.057304,20.409487,18.913399,18.720968,18.0872,18.036133,18.47346,18.402802,19.483051,19.265726,19.128862,19.061087,17.901997,17.854418,0.0,4.0,0.0,0.0,0.0,0.0,0.0,0.0
29186,2023.0,7.0,22.0,16.0,19.422522,19.474066,19.498314,19.799776,19.515057,19.39634,19.469326,19.821836,18.048649,17.997128,18.764917,19.012764,20.308372,20.897501,19.084194,19.015457,17.88818,17.840288,4.0,0.0,4.0,0.0,4.0,4.0,0.0,0.0
29187,2023.0,7.0,22.0,16.0,19.19475,19.147232,20.080944,20.832933,19.875427,20.187283,19.069159,18.975471,18.013075,17.961496,20.182854,21.470715,19.703241,19.582214,19.04273,18.974163,17.875172,17.827097,0.0,4.0,0.0,0.0,0.0,0.0,0.0,0.0
29188,2023.0,7.0,22.0,16.0,19.770416,20.296392,19.638435,19.875992,19.492632,19.381912,18.79322,18.60684,18.636929,19.162922,19.17384,19.321741,19.392973,19.192389,19.000393,18.932108,17.861307,17.813166,4.0,0.0,0.0,4.0,0.0,0.0,0.0,0.0
29189,2023.0,7.0,22.0,16.0,19.336704,19.369843,20.086334,20.751675,19.852959,20.166956,19.504076,20.00323,20.197865,21.79779,18.733868,18.656887,19.328636,19.122957,18.966066,18.897331,17.84925,17.800814,0.0,4.0,4.0,0.0,0.0,0.0,0.0,0.0
29190,2023.0,7.0,22.0,17.0,19.751192,20.297691,19.356157,19.297228,20.01159,20.363731,19.117167,19.050978,18.835587,18.891191,18.951145,19.182129,20.1443,20.727213,18.930897,18.862535,17.837221,17.78873,0.0,4.0,0.0,0.0,4.0,4.0,0.0,0.0
29191,2023.0,7.0,22.0,17.0,19.309559,19.350948,19.121117,19.019003,19.472002,19.3516,18.85012,18.655388,18.356604,18.19983,20.15912,21.291668,19.554426,19.427023,18.901844,18.832973,17.827291,17.778484,0.0,0.0,0.0,0.0,0.0,0.0,0.0,0.0
29192,2023.0,7.0,22.0,17.0,19.05673,19.024275,19.033995,18.94774,19.786686,20.114004,19.38872,19.74288,18.293922,18.218582,19.22944,19.34074,19.946335,20.351263,19.818598,20.585775,17.816778,17.768042,0.0,4.0,4.0,0.0,0.0,4.0,4.0,0.0
29193,2023.0,7.0,22.0,17.0,18.999063,18.956839,18.959692,18.87172,19.905466,20.26503,18.986689,18.892488,18.245935,18.183113,18.829613,18.751238,19.455488,19.308208,19.106266,19.018755,17.807379,17.758453,0.0,4.0,0.0,0.0,0.0,0.0,0.0,0.0
29194,2023.0,7.0,22.0,17.0,19.083477,19.161535,19.344997,19.651705,19.356026,19.21601,18.769728,18.572332,18.189482,18.128653,18.70583,18.618946,19.2826,19.075853,18.86766,18.700079,17.798294,17.749136,4.0,0.0,0.0,0.0,0.0,0.0,0.0,0.0
29195,2023.0,7.0,22.0,17.0,19.7835,20.481178,20.103533,20.95723,19.783453,20.123516,18.811457,18.722929,18.141796,18.083057,18.615139,18.529396,19.231422,19.026821,18.801443,18.635654,17.789516,17.740349,0.0,4.0,0.0,0.0,0.0,0.0,0.0,0.0
29196,2023.0,7.0,22.0,18.0,19.30191,19.34157,19.391304,19.473421,19.37724,19.253523,19.491568,20.021349,18.095123,18.039242,18.531372,18.45121,19.29321,19.199469,18.834635,18.760073,17.779863,17.730722,0.0,0.0,4.0,0.0,0.0,0.0,0.0,0.0
29197,2023.0,7.0,22.0,18.0,21.231089,22.85371,19.496063,19.788994,21.204657,22.565317,21.199888,22.881453,18.061378,18.006893,18.835163,19.075161,21.23695,22.558397,21.357548,23.10755,17.77185,17.722975,4.0,4.0,4.0,0.0,4.0,4.0,0.0,0.0
29198,2023.0,7.0,22.0,18.0,21.013012,22.22424,20.077635,20.796228,21.02068,22.060665,21.003433,22.263918,18.025434,17.970556,20.168407,21.35191,21.022575,22.038277,20.966755,22.168407,17.765808,17.717216,0.0,0.0,4.0,0.0,0.0,0.0,4.0,0.0
29199,2023.0,7.0,22.0,18.0,21.033978,22.156,19.638744,19.852558,21.016314,21.925226,21.052494,22.235472,17.994944,17.940819,19.513748,19.884916,21.038275,21.942,21.055374,22.21957,17.762156,17.714153,4.0,4.0,0.0,0.0,4.0,0.0,0.0,0.0
29200,2023.0,7.0,22.0,18.0,21.00351,22.000536,20.080332,20.736069,21.017948,21.860357,21.017742,22.042028,18.68601,19.265568,20.108908,21.060753,21.034985,21.843584,21.039705,22.077211,18.671621,19.434385,4.0,4.0,4.0,4.0,4.0,0.0,0.0,4.0
29201,2023.0,7.0,22.0,18.0,21.043564,22.037006,20.023376,20.593382,21.01703,21.811728,21.022682,21.98117,20.181213,21.68536,20.010944,20.764627,20.996744,21.696774,21.000261,21.889534,20.147686,21.704273,0.0,4.0,4.0,0.0,4.0,4.0,4.0,4.0
29202,2023.0,7.0,22.0,19.0,21.035526,21.96978,19.328852,19.22705,21.016342,21.775856,21.020897,21.926334,19.423033,19.927992,20.038517,20.763294,21.039316,21.754967,21.047176,21.960428,19.995518,21.188892,0.0,4.0,4.0,4.0,0.0,0.0,0.0,4.0
29203,2023.0,7.0,22.0,19.0,21.008247,21.85481,19.05418,18.95997,21.015717,21.748283,21.045837,21.956451,20.152752,21.361868,19.507504,19.666594,21.03191,21.698446,21.037369,21.894972,20.04855,21.173813,0.0,4.0,0.0,0.0,4.0,0.0,0.0,0.0
29204,2023.0,7.0,22.0,19.0,21.012804,21.839716,19.408033,19.69024,21.015268,21.726727,21.0141,21.836117,19.001013,18.980598,20.128504,20.906067,21.031855,21.665228,21.037825,21.858042,18.925179,18.890778,4.0,4.0,4.0,0.0,0.0,0.0,0.0,0.0
29205,2023.0,7.0,22.0,19.0,21.039324,21.895306,20.084232,20.830133,21.014694,21.708824,21.01903,21.821299,18.445906,18.289583,19.254269,19.159552,21.037992,21.63514,21.030205,21.82631,18.405107,18.261395,0.0,4.0,4.0,0.0,0.0,4.0,0.0,0.0
29206,2023.0,7.0,22.0,19.0,21.033295,21.862013,19.43607,19.500002,21.040384,21.76582,21.018036,21.801302,18.393557,18.319998,18.896847,18.803112,21.001856,21.554735,21.030771,21.812319,18.268179,18.123207,0.0,0.0,4.0,0.0,0.0,4.0,0.0,0.0
29207,2023.0,7.0,22.0,19.0,21.005922,21.76832,19.496628,19.812378,21.034283,21.734774,21.043686,21.857954,19.122849,19.747644,18.804483,18.718275,21.035944,21.63156,21.030027,21.798023,18.263088,18.201319,4.0,0.0,0.0,4.0,0.0,0.0,0.0,0.0
29208,2023.0,7.0,22.0,20.0,21.038713,21.844328,20.088636,20.80698,21.034286,21.717588,21.037561,21.826975,20.133913,21.332357,18.715385,18.63078,21.029556,21.601017,21.111795,21.90252,18.231485,18.176897,0.0,0.0,0.0,0.0,0.0,0.0,4.0,0.0
29209,2023.0,7.0,22.0,20.0,21.004751,21.742018,19.677452,19.911497,21.00023,21.63101,21.01214,21.7391,19.00907,18.993689,19.003206,19.240322,21.029837,21.585669,21.02773,21.756807,19.137484,19.936714,4.0,4.0,4.0,0.0,4.0,0.0,0.0,4.0
29210,2023.0,7.0,22.0,20.0,21.01024,21.74699,20.094604,20.762373,21.014233,21.648348,21.042685,21.810986,18.467428,18.315334,20.15415,21.183865,21.022482,21.57155,21.03647,21.761314,20.33013,21.825577,0.0,4.0,0.0,0.0,0.0,0.0,0.0,0.0
29211,2023.0,7.0,22.0,20.0,21.037457,21.816397,19.378117,19.320414,21.012363,21.638742,21.036173,21.783953,19.160524,19.747738,19.300825,19.403086,21.023088,21.5708,21.034695,21.743896,18.930687,18.920527,0.0,4.0,0.0,4.0,0.0,0.0,0.0,0.0
29212,2023.0,7.0,22.0,20.0,21.003473,21.716618,19.509289,19.813446,21.03859,21.706041,21.036306,21.771057,20.120205,21.240734,18.825293,18.767298,21.022646,21.567204,21.027754,21.73064,18.393974,18.261517,4.0,0.0,0.0,0.0,0.0,0.0,0.0,0.0
29213,2023.0,7.0,22.0,20.0,21.009598,21.723312,20.055372,20.707268,21.032406,21.68212,21.002144,21.687996,19.61634,20.078125,18.69659,18.620754,21.022495,21.563622,21.028412,21.729708,18.347643,18.29133,4.0,0.0,4.0,4.0,0.0,0.0,0.0,0.0
29214,2023.0,7.0,22.0,21.0,21.008736,21.717297,20.006672,20.553959,21.032574,21.670914,21.034908,21.78152,20.113619,21.071236,19.023994,19.309488,21.02235,21.559582,21.027988,21.7257,18.307884,18.25727,4.0,0.0,0.0,0.0,4.0,0.0,0.0,0.0
29215,2023.0,7.0,22.0,21.0,21.036322,21.788013,20.031208,20.58086,20.99859,21.588573,21.03622,21.767918,19.726614,20.18671,20.14257,21.192665,21.02225,21.55542,21.028095,21.722042,18.259409,18.212244,0.0,4.0,0.0,4.0,0.0,0.0,0.0,0.0
29216,2023.0,7.0,22.0,21.0,21.002314,21.688892,19.381708,19.303318,21.0126,21.609625,21.035387,21.752584,20.089787,20.930187,19.283386,19.378408,21.120033,21.711832,21.027822,21.7171,18.217636,18.172995,0.0,4.0,0.0,0.0,0.0,4.0,0.0,0.0
29217,2023.0,7.0,22.0,21.0,21.03654,21.77171,19.41758,19.585535,21.01076,21.602827,21.026962,21.740068,19.766752,20.198034,19.169683,19.419792,21.014929,21.514734,21.193298,21.99007,18.181635,18.138357,4.0,4.0,0.0,4.0,4.0,0.0,4.0,0.0
29218,2023.0,7.0,22.0,21.0,21.02931,21.746382,20.1,20.774595,21.037056,21.672134,21.028107,21.742872,20.078232,20.846392,20.141527,21.084211,20.998224,21.452864,21.01207,21.651817,18.150394,18.107075,0.0,0.0,0.0,0.0,0.0,4.0,0.0,0.0
29219,2023.0,7.0,22.0,21.0,21.029442,21.735756,19.382627,19.318914,21.00511,21.578327,21.02784,21.741154,19.214048,19.130009,19.325567,19.399157,21.002054,21.461237,21.03566,21.694096,18.1228,18.080301,0.0,4.0,0.0,0.0,0.0,4.0,0.0,0.0
29220,2023.0,7.0,22.0,22.0,21.022203,21.725943,19.5295,19.832756,21.010818,21.586084,21.00186,21.667185,19.4899,19.950994,19.229269,19.465572,21.032385,21.540903,21.03207,21.679031,19.001509,19.761871,4.0,4.0,4.0,4.0,4.0,0.0,0.0,4.0
29221,2023.0,7.0,22.0,22.0,21.019524,21.693003,20.06863,20.730167,21.036415,21.654793,21.033188,21.753069,20.084164,20.899052,20.13805,21.015646,21.02691,21.519512,21.026062,21.671412,20.144299,21.50067,0.0,0.0,0.0,0.0,0.0,0.0,0.0,0.0
29222,2023.0,7.0,22.0,22.0,21.032625,21.738596,19.503334,19.579876,21.03076,21.634062,21.034632,21.735981,19.214037,19.149662,19.252043,19.206818,21.027134,21.509596,21.026741,21.673628,18.914955,18.918945,0.0,0.0,0.0,0.0,0.0,0.0,0.0,0.0
29223,2023.0,7.0,22.0,22.0,21.028517,21.720562,19.597685,19.939617,21.030884,21.624289,21.033546,21.717794,18.76028,18.591322,18.868574,18.789042,21.026602,21.499575,21.026028,21.671535,18.370155,18.243755,4.0,0.0,0.0,0.0,0.0,0.0,0.0,0.0
29224,2023.0,7.0,22.0,22.0,21.02938,21.712082,20.074488,20.723284,21.023018,21.615196,21.026194,21.705963,19.38304,19.900831,18.786255,18.709494,21.173811,21.760452,21.02631,21.670246,19.166834,19.863485,0.0,0.0,0.0,4.0,0.0,4.0,0.0,4.0
29225,2023.0,7.0,22.0,22.0,21.021149,21.702238,19.357388,19.273754,21.024027,21.619654,21.02695,21.707256,20.083824,20.981827,18.71263,18.638628,21.041454,21.453089,21.026117,21.66721,20.119661,21.31162,0.0,0.0,0.0,0.0,0.0,4.0,0.0,0.0
29226,2023.0,7.0,22.0,23.0,21.02226,21.706377,19.511053,19.798145,21.023886,21.619934,21.026709,21.705183,19.16207,19.097847,18.65102,18.579777,21.031437,21.495039,21.026138,21.663897,18.982882,18.954351,4.0,0.0,0.0,0.0,0.0,0.0,0.0,0.0
29227,2023.0,7.0,22.0,23.0,20.446915,20.600504,19.28853,19.30161,20.412312,20.443985,20.339182,20.381405,19.306229,19.666096,18.59643,18.526703,20.342455,20.163883,20.319956,20.299992,18.482656,18.35193,0.0,0.0,0.0,4.0,0.0,0.0,0.0,0.0
29228,2023.0,7.0,22.0,23.0,20.202883,20.275057,19.10491,19.034609,20.122847,20.036934,20.025333,19.949554,18.835293,18.70356,18.556578,18.487541,20.094023,19.847673,20.054781,19.966242,18.456232,18.394854,0.0,0.0,0.0,0.0,0.0,0.0,0.0,0.0
29229,2023.0,7.0,22.0,23.0,20.08981,20.15907,19.02711,18.94965,19.99369,19.899734,19.884794,19.80267,18.640314,18.4709,18.520046,18.452898,20.110298,19.993454,19.926222,19.838982,19.203842,19.850994,0.0,0.0,0.0,0.0,0.0,0.0,0.0,4.0
29230,2023.0,7.0,22.0,23.0,20.002573,20.072361,18.970903,18.89314,19.89762,19.803741,19.77893,19.697151,18.645397,18.56579,18.48634,18.420444,20.07094,19.974836,19.823359,19.738548,18.584257,18.505539,0.0,0.0,0.0,0.0,0.0,0.0,0.0,0.0
29231,2023.0,7.0,22.0,23.0,19.923828,19.989231,18.919441,18.83789,19.81067,19.711357,19.683723,19.595898,18.613815,18.54688,18.451538,18.382416,20.007359,19.91145,19.731468,19.644604,18.356571,18.21255,0.0,0.0,0.0,0.0,0.0,0.0,0.0,0.0
29232,2023.0,7.0,23.0,0.0,19.86063,19.927696,18.878727,18.798416,19.741426,19.64422,19.6082,19.52257,18.569132,18.504475,18.422104,18.353167,19.952036,19.85882,19.655853,19.572094,18.3693,18.31278,0.0,0.0,0.0,0.0,0.0,0.0,0.0,0.0
29233,2023.0,7.0,23.0,0.0,19.804869,19.873692,18.842564,18.763672,19.68014,19.585169,19.54148,19.458174,18.528091,18.465467,18.395037,18.32645,19.901917,19.811167,19.58888,19.508009,18.33392,18.280546,0.0,0.0,0.0,0.0,0.0,0.0,0.0,0.0
29234,2023.0,7.0,23.0,0.0,19.754908,19.825327,18.809916,18.73239,19.625124,19.532309,19.481743,19.400665,18.490805,18.429945,18.369951,18.301691,19.856443,19.76783,19.528893,19.450575,18.297215,18.245728,0.0,0.0,0.0,0.0,0.0,0.0,0.0,0.0
29235,2023.0,7.0,23.0,0.0,19.709738,19.781609,18.780169,18.703953,19.575306,19.48456,19.427824,19.348856,18.456772,18.397518,18.34635,18.278387,19.812899,19.723097,19.474607,19.398605,18.263857,18.214012,0.0,0.0,0.0,0.0,0.0,0.0,0.0,0.0
29236,2023.0,7.0,23.0,0.0,19.668617,19.741806,18.752884,18.677917,19.529892,19.44112,19.378828,19.301857,18.424206,18.364548,18.323639,18.255928,19.773382,19.683914,19.424915,19.35112,18.232004,18.18133,0.0,0.0,0.0,0.0,0.0,0.0,0.0,0.0
29237,2023.0,7.0,23.0,0.0,19.630962,19.705343,18.727718,18.653938,19.488258,19.401361,19.334053,19.258966,18.394695,18.335285,18.302303,18.234835,19.737206,19.648066,19.37759,19.30256,18.203657,18.153109,0.0,0.0,0.0,0.0,0.0,0.0,0.0,0.0
29238,2023.0,7.0,23.0,1.0,19.596292,19.671751,18.704386,18.631735,19.449892,19.36477,19.292929,19.21961,18.367788,18.308624,18.282345,18.215118,19.703941,19.615122,19.335253,19.260687,18.1781,18.127686,0.0,0.0,0.0,0.0,0.0,0.0,0.0,0.0
29239,2023.0,7.0,23.0,1.0,19.564259,19.639996,18.68332,18.612267,19.415052,19.332088,19.255665,19.184483,18.343641,18.285109,18.264181,18.197645,19.67373,19.585634,19.29708,19.223322,18.15535,18.105425,0.0,0.0,0.0,0.0,0.0,0.0,0.0,0.0
29240,2023.0,7.0,23.0,1.0,19.535446,19.612534,18.664879,18.596539,19.38433,19.305069,19.222918,19.155525,18.32233,18.265144,18.556013,18.760303,19.646702,19.560179,19.262934,19.190863,18.135298,18.086435,0.0,0.0,0.0,0.0,4.0,0.0,0.0,0.0
29241,2023.0,7.0,23.0,1.0,19.506956,19.583849,18.646126,18.57878,19.353369,19.275402,19.190056,19.123844,18.301723,18.244793,18.331398,18.265749,19.620335,19.534084,19.230038,19.158249,18.11615,18.067478,0.0,0.0,0.0,0.0,0.0,0.0,0.0,0.0
29242,2023.0,7.0,23.0,1.0,19.480694,19.557688,18.628532,18.561834,19.324232,19.24723,19.159325,19.093922,18.282806,18.226149,18.27308,18.207838,19.595787,19.509829,19.199675,19.12823,18.098684,18.050251,0.0,0.0,0.0,0.0,0.0,0.0,0.0,0.0
29243,2023.0,7.0,23.0,1.0,19.456535,19.533913,18.612684,18.547274,19.297876,19.222652,19.131628,19.067911,18.26575,18.209707,18.251425,18.186956,19.573257,19.488,19.171936,19.101229,18.082935,18.035004,0.0,0.0,0.0,0.0,0.0,0.0,0.0,0.0
29244,2023.0,7.0,23.0,2.0,19.4348,19.51372,18.598822,18.53602,19.274786,19.203197,19.107431,19.04738,18.250765,18.196218,18.233309,18.170908,19.553139,19.46972,19.147154,19.078405,18.79646,19.391516,0.0,0.0,0.0,0.0,0.0,0.0,0.0,4.0
29245,2023.0,7.0,23.0,2.0,19.414904,19.495958,18.58473,18.52349,19.251442,19.181694,19.083117,19.02474,18.23634,18.182611,18.511902,18.70672,19.533457,19.451004,19.123083,19.055225,18.322977,18.327414,0.0,0.0,0.0,0.0,4.0,0.0,0.0,0.0
29246,2023.0,7.0,23.0,2.0,19.400757,19.488375,18.57074,18.510164,19.228182,19.158918,19.059202,19.000996,18.222778,18.169369,18.659815,18.913456,19.514523,19.432354,19.100077,19.032366,18.110304,17.998606,0.0,0.0,0.0,0.0,4.0,0.0,0.0,0.0
29247,2023.0,7.0,23.0,2.0,19.392393,19.48937,18.559454,18.501099,19.208645,19.142365,19.039368,18.983913,18.211353,18.15931,18.371197,18.329023,19.498114,19.417631,19.08003,19.013948,18.057894,17.94674,0.0,0.0,0.0,0.0,0.0,0.0,0.0,0.0
29248,2023.0,7.0,23.0,2.0,19.377642,19.475542,18.54759,18.490047,19.18814,19.122787,19.018547,18.96377,18.20009,18.14868,18.288313,18.227787,19.481627,19.401829,19.060204,18.994717,18.09,18.047901,0.0,0.0,0.0,0.0,0.0,0.0,0.0,0.0
29249,2023.0,7.0,23.0,2.0,19.363132,19.46231,18.537666,18.482504,19.170885,19.108765,19.000978,18.949331,18.190453,18.140554,18.263638,18.206139,19.467142,19.389294,19.042744,18.979181,18.806965,19.40601,0.0,0.0,0.0,0.0,0.0,0.0,0.0,4.0
29250,2023.0,7.0,23.0,3.0,19.348011,19.447594,18.527092,18.47337,19.15291,19.092419,18.98275,18.93256,18.180822,18.131805,18.241514,18.184792,19.4524,19.375591,19.025217,18.962591,18.262619,18.20316,0.0,0.0,0.0,0.0,0.0,0.0,0.0,0.0
29251,2023.0,7.0,23.0,3.0,19.333872,19.434328,18.517235,18.465366,19.136147,19.077686,18.965908,18.917524,18.754978,19.21943,18.223473,18.167995,19.438648,19.363308,19.008883,18.947575,18.101397,17.995768,0.0,0.0,0.0,4.0,0.0,0.0,0.0,0.0
29252,2023.0,7.0,23.0,3.0,19.320387,19.421614,18.507788,18.45774,19.120047,19.0635,18.949692,18.903053,18.37942,18.371088,18.207651,18.153408,19.425457,19.351515,18.993296,18.933212,18.058512,17.955353,0.0,0.0,0.0,0.0,0.0,0.0,0.0,0.0
29253,2023.0,7.0,23.0,3.0,19.307901,19.410025,18.498842,18.450634,19.104773,19.050205,18.934198,18.889446,18.858175,19.335443,18.193802,18.140924,19.412933,19.340467,18.97861,18.91984,18.084198,18.041088,0.0,0.0,0.0,4.0,0.0,0.0,0.0,0.0
29254,2023.0,7.0,23.0,3.0,19.2959,19.398792,18.490229,18.443903,19.090061,19.037569,18.919203,18.876469,18.389828,18.319954,18.477043,18.682585,19.400928,19.33001,18.964602,18.907227,18.078377,18.03965,0.0,0.0,0.0,0.0,4.0,0.0,0.0,0.0
29255,2023.0,7.0,23.0,3.0,19.283972,19.387192,18.48166,18.436737,19.075224,19.024073,18.904102,18.862623,18.233576,18.116152,18.271564,18.226328,19.388954,19.31914,18.95075,18.894283,18.064049,18.026049,0.0,0.0,0.0,0.0,0.0,0.0,0.0,0.0
29256,2023.0,7.0,23.0,4.0,19.273136,19.377571,18.474138,18.4312,19.062017,19.013311,18.890772,18.851645,18.195383,18.083534,18.218447,18.170294,19.37813,19.310143,18.938267,18.883497,18.780684,19.38749,0.0,0.0,0.0,0.0,0.0,0.0,0.0,4.0
29257,2023.0,7.0,23.0,4.0,19.261372,19.366081,18.46598,18.42422,19.048159,19.000755,18.876934,18.83895,18.224224,18.175007,18.199467,18.151655,19.366884,19.299925,18.925484,18.871593,18.309137,18.328785,0.0,0.0,0.0,0.0,0.0,0.0,0.0,0.0
29258,2023.0,7.0,23.0,4.0,19.249306,19.35393,18.457159,18.415934,19.03369,18.986624,18.86266,18.82481,18.223244,18.181507,18.182692,18.134783,19.35538,19.288963,18.912586,18.859104,18.106972,18.016445,0.0,0.0,0.0,0.0,0.0,0.0,0.0,0.0
29259,2023.0,7.0,23.0,4.0,19.238064,19.343174,18.449028,18.408955,19.020468,18.974655,18.849613,18.812862,18.2099,18.16895,18.169508,18.122545,19.344597,19.279217,18.900532,18.847958,18.055294,17.962519,0.0,0.0,0.0,0.0,0.0,0.0,0.0,0.0
29260,2023.0,7.0,23.0,4.0,19.226889,19.332275,18.441038,18.402098,19.007593,18.962997,18.836792,18.801168,18.197367,18.157179,18.157688,18.11166,19.334055,19.2697,18.888842,18.837162,18.079468,18.045593,0.0,0.0,0.0,0.0,0.0,0.0,0.0,0.0
29261,2023.0,7.0,23.0,4.0,19.215858,19.321526,18.433128,18.395311,18.994936,18.951515,18.824102,18.789627,18.185707,18.146286,18.146961,18.101849,19.323679,19.260372,18.877441,18.826647,18.067774,18.03351,0.0,0.0,0.0,0.0,0.0,0.0,0.0,0.0
29262,2023.0,7.0,23.0,5.0,19.205284,19.311567,18.425943,18.38991,18.983461,18.942167,18.812548,18.78021,18.175604,18.137573,18.137733,18.094198,19.314072,19.252342,19.825354,20.622866,18.054176,18.021349,0.0,0.0,0.0,0.0,0.0,0.0,4.0,0.0
29263,2023.0,7.0,23.0,5.0,19.194641,19.301397,18.418602,18.38402,18.971779,18.931831,18.800587,18.769678,18.166002,18.12897,18.418541,18.627073,19.304384,19.243912,19.144217,19.10916,18.04138,18.009409,0.0,0.0,0.0,0.0,4.0,0.0,0.0,0.0
29264,2023.0,7.0,23.0,5.0,19.183994,19.290918,18.411144,18.377483,18.959848,18.920343,18.788181,18.757835,18.156858,18.120388,18.583702,18.865257,19.294523,19.234837,18.922422,18.797653,18.029272,17.997616,0.0,0.0,0.0,0.0,4.0,0.0,0.0,0.0
29265,2023.0,7.0,23.0,5.0,19.174452,19.282331,18.405207,18.373379,18.9498,18.912415,18.777754,18.74927,18.149397,18.114399,18.318445,18.321066,19.285862,19.227901,18.875751,18.757715,18.749763,19.364216,0.0,0.0,0.0,0.0,0.0,0.0,0.0,4.0
29266,2023.0,7.0,23.0,5.0,19.16453,19.272877,18.399042,18.368456,18.939043,18.902985,18.767063,18.739656,18.726791,19.20675,18.222593,18.18473,19.276989,19.220247,18.839684,18.725128,18.281311,18.309988,0.0,0.0,0.0,4.0,0.0,0.0,0.0,0.0
29267,2023.0,7.0,23.0,5.0,19.155056,19.263891,18.392954,18.363638,18.928389,18.893656,18.756828,18.730537,18.353891,18.363483,18.199352,18.161522,19.268526,19.212988,18.8768,18.8297,18.09488,18.025133,0.0,0.0,0.0,0.0,0.0,0.0,0.0,0.0
29268,2023.0,7.0,23.0,6.0,19.146135,19.255552,18.851166,19.230402,18.917938,18.884615,18.746805,18.721743,18.240847,18.20997,18.182533,18.14571,19.260647,19.206371,18.873753,18.830307,18.045647,17.971073,4.0,0.0,0.0,0.0,0.0,0.0,0.0,0.0
29269,2023.0,7.0,23.0,6.0,21.26475,22.980034,20.166458,21.460686,21.24441,23.022787,21.267445,23.16855,18.217447,18.187098,18.170475,18.135212,21.242558,22.641512,21.365343,23.124598,18.060307,18.030687,0.0,0.0,0.0,0.0,0.0,4.0,0.0,0.0
29270,2023.0,7.0,23.0,6.0,21.000132,22.249544,19.235903,19.437767,20.978888,22.216892,21.001284,22.37518,18.202087,18.173002,18.161976,18.128399,21.014112,22.091848,20.971842,22.17887,18.822052,19.471838,0.0,4.0,0.0,0.0,0.0,0.0,4.0,4.0
29271,2023.0,7.0,23.0,6.0,21.033918,22.186596,18.726797,18.731806,21.042137,22.207357,21.04058,22.287233,18.193317,18.16572,18.156742,18.124887,21.036852,21.995253,21.051394,22.209282,20.165825,21.606205,0.0,0.0,0.0,0.0,0.0,0.0,0.0,0.0
29272,2023.0,7.0,23.0,6.0,21.028545,22.08698,18.625793,18.608583,21.037506,22.076714,21.033842,22.161022,18.188581,18.162565,18.153791,18.123682,21.031935,21.882898,21.035442,22.062847,19.608116,20.252268,0.0,0.0,0.0,0.0,0.0,0.0,0.0,4.0
29273,2023.0,7.0,23.0,6.0,21.027887,22.023516,19.033808,19.413172,21.036686,21.989267,21.033714,22.080667,18.80868,19.335808,18.45751,18.695307,21.02501,21.805296,20.995464,21.870672,20.07758,21.141397,4.0,0.0,0.0,4.0,4.0,0.0,4.0,4.0
29274,2023.0,7.0,23.0,7.0,21.027336,21.97611,20.136688,21.254158,21.029417,21.924845,21.033016,22.020166,20.25053,21.700964,20.21901,21.68818,20.998398,21.684809,21.042767,21.938887,20.253374,21.415852,0.0,0.0,0.0,0.0,0.0,4.0,0.0,0.0
29275,2023.0,7.0,23.0,7.0,21.026608,21.938908,19.314447,19.499083,21.003881,21.81521,21.031979,21.973085,19.04589,19.129238,19.173534,19.397661,21.034908,21.736395,21.033178,21.870958,19.13714,19.157576,0.0,4.0,0.0,0.0,0.0,0.0,0.0,0.0
29276,2023.0,7.0,23.0,7.0,21.024998,21.908098,18.833696,18.829119,21.034733,21.87293,21.03007,21.93473,18.5272,18.45104,18.585516,18.55731,21.026482,21.681467,21.031635,21.82777,18.702965,18.616562,0.0,0.0,0.0,0.0,0.0,0.0,0.0,0.0
29277,2023.0,7.0,23.0,7.0,20.998484,21.813007,18.741964,18.730465,21.033352,21.833717,21.030998,21.90913,19.238855,19.87696,18.50122,18.47042,21.027714,21.652523,21.151007,21.99067,19.58557,20.399834,0.0,0.0,0.0,4.0,0.0,0.0,4.0,4.0
29278,2023.0,7.0,23.0,7.0,21.031218,21.886744,18.68428,18.668297,21.032522,21.80288,21.003967,21.812836,20.109648,21.203484,18.846884,19.158165,21.10463,21.755732,21.01543,21.734898,20.05633,20.996967,0.0,0.0,4.0,0.0,4.0,4.0,0.0,0.0
29279,2023.0,7.0,23.0,7.0,21.001915,21.782362,19.082865,19.448977,21.026316,21.778433,21.03506,21.882362,19.754602,20.321926,20.166058,21.38302,21.001091,21.538794,21.032642,21.751371,19.940622,20.630163,4.0,0.0,0.0,4.0,0.0,4.0,0.0,4.0
29280,2023.0,7.0,23.0,8.0,21.034788,21.853151,20.111105,21.144417,21.02651,21.76707,21.034325,21.85284,20.082972,20.963953,19.56056,19.988052,21.032055,21.611187,21.029743,21.726656,20.011257,20.742271,4.0,0.0,0.0,0.0,4.0,0.0,0.0,4.0
29281,2023.0,7.0,23.0,8.0,20.305138,20.431528,20.018848,20.847319,20.885612,21.45597,20.184538,20.197218,19.26366,19.287117,20.119959,21.080248,20.364424,20.307426,20.253288,20.2154,20.019098,20.706856,0.0,4.0,0.0,0.0,0.0,0.0,0.0,4.0
29282,2023.0,7.0,23.0,8.0,19.937902,19.991472,19.628124,19.984196,20.250103,20.318531,20.46596,21.03041,19.573147,20.114637,19.594757,19.910599,20.782927,21.305162,19.932178,19.878366,20.058088,20.749039,4.0,0.0,4.0,4.0,4.0,4.0,0.0,4.0
29283,2023.0,7.0,23.0,8.0,19.910172,20.036137,20.094624,20.857794,19.909988,19.808908,20.452082,20.917875,20.07722,20.934282,20.09036,20.808851,20.913631,21.461416,19.836945,19.782064,20.023952,20.690172,0.0,0.0,4.0,0.0,4.0,4.0,0.0,0.0
29284,2023.0,7.0,23.0,8.0,19.849854,19.982573,19.408337,19.47514,19.74906,19.650686,19.87919,19.884264,19.309137,19.349863,20.019333,20.64279,20.291742,20.255287,20.744255,21.57973,19.347252,19.359333,0.0,0.0,0.0,0.0,0.0,0.0,4.0,0.0
29285,2023.0,7.0,23.0,8.0,19.777506,19.90847,19.082214,19.08723,19.701286,19.664272,19.584429,19.521301,18.952017,18.902357,19.427813,19.466013,20.731037,21.262653,20.122232,20.129435,19.021217,18.966227,0.0,0.0,0.0,0.0,0.0,4.0,0.0,0.0
29286,2023.0,7.0,23.0,9.0,20.43025,21.179499,19.007933,19.00625,19.656792,19.633018,19.495121,19.43085,18.895164,18.85906,19.556118,19.820896,20.89092,21.463894,20.786165,21.529945,18.933945,18.877884,0.0,0.0,0.0,0.0,4.0,4.0,4.0,0.0
29287,2023.0,7.0,23.0,9.0,20.498158,21.159716,19.393034,19.773342,19.60356,19.583204,19.469566,19.450043,19.572485,20.17312,20.070856,20.730246,20.946768,21.520561,20.107542,20.114647,18.892355,18.855469,4.0,0.0,0.0,4.0,0.0,4.0,0.0,0.0
29288,2023.0,7.0,23.0,9.0,20.51755,21.171429,20.088554,20.926264,19.548403,19.530952,19.423124,19.413734,20.061245,20.865013,19.514935,19.596493,21.000895,21.576237,19.761518,19.683163,18.84561,18.812128,0.0,0.0,0.0,0.0,0.0,4.0,0.0,0.0
29289,2023.0,7.0,23.0,9.0,19.987793,20.142889,19.816725,20.280737,20.159504,20.724218,20.033657,20.610142,19.982332,20.576271,19.202301,19.170986,21.049198,21.625309,20.61651,21.380081,18.803629,18.771465,4.0,4.0,4.0,4.0,0.0,4.0,4.0,0.0
29290,2023.0,7.0,23.0,9.0,20.468552,21.153984,20.043621,20.684984,19.765333,19.859018,20.208557,20.809572,20.032701,20.656494,19.121153,19.07239,21.091612,21.670143,20.865282,21.657835,18.775694,18.743143,4.0,0.0,4.0,0.0,0.0,4.0,4.0,0.0
29291,2023.0,7.0,23.0,9.0,20.034285,20.192484,20.021015,20.624834,20.111374,20.641405,20.19516,20.72346,19.444729,19.477554,19.07035,19.021646,20.462282,20.448902,20.976692,21.764936,18.749512,18.717829,0.0,4.0,4.0,0.0,0.0,0.0,4.0,0.0
29292,2023.0,7.0,23.0,10.0,20.435001,21.116959,19.826809,20.201021,19.716152,19.7531,19.657295,19.6947,19.15917,19.11279,19.406311,19.689114,20.181505,20.080292,21.069237,21.855213,18.728199,18.69704,4.0,0.0,0.0,0.0,4.0,0.0,4.0,0.0
29293,2023.0,7.0,23.0,10.0,19.970478,20.152466,20.05238,20.640074,19.546722,19.523293,19.476675,19.462013,19.819962,20.420414,20.061874,20.792576,20.114868,20.016848,20.276611,20.307932,18.71681,18.68825,0.0,0.0,0.0,4.0,4.0,0.0,0.0,0.0
29294,2023.0,7.0,23.0,10.0,20.378517,21.064919,19.894625,20.289633,20.106432,20.635384,20.02712,20.568424,20.0227,20.621819,20.014366,20.616703,20.072779,19.986103,20.92294,21.746185,18.705912,18.680492,4.0,4.0,4.0,0.0,0.0,0.0,4.0,0.0
29295,2023.0,7.0,23.0,10.0,20.58808,21.291721,20.044508,20.613705,19.77741,19.85807,19.681097,19.764462,19.500849,19.567915,19.524464,19.608263,20.828678,21.462296,20.312332,20.363705,18.697771,18.675312,0.0,0.0,0.0,0.0,0.0,4.0,0.0,0.0
29296,2023.0,7.0,23.0,10.0,20.065304,20.264791,19.56835,19.675283,20.17678,20.748604,19.441452,19.469292,19.24088,19.227339,19.260042,19.244337,20.395287,20.431995,19.947113,19.896376,18.691967,18.67247,0.0,4.0,0.0,0.0,0.0,0.0,0.0,0.0
29297,2023.0,7.0,23.0,10.0,20.568468,21.314991,19.368038,19.39983,19.75755,19.857185,19.390678,19.422815,19.17266,19.146605,19.198698,19.170012,20.207912,20.1507,19.871504,19.824162,18.689533,18.67292,0.0,0.0,0.0,0.0,0.0,0.0,0.0,0.0
29298,2023.0,7.0,23.0,11.0,20.098223,20.32977,19.717564,20.123371,19.589659,19.622435,19.349272,19.379095,19.136375,19.112095,19.170504,19.143814,20.875904,21.464863,19.832647,19.79551,18.688503,18.674837,4.0,0.0,0.0,0.0,0.0,4.0,0.0,0.0
29299,2023.0,7.0,23.0,11.0,19.910349,20.07671,20.04321,20.675314,20.160095,20.7356,19.97812,20.591715,19.109608,19.087326,19.149296,19.124414,20.425537,20.502024,20.784105,21.628645,18.687868,18.675934,0.0,4.0,4.0,0.0,0.0,0.0,4.0,0.0
29300,2023.0,7.0,23.0,11.0,20.505026,21.259846,19.571613,19.716269,20.377544,20.968737,19.650702,19.779234,19.083782,19.06395,19.489483,19.783175,20.173187,20.142298,20.26457,20.352554,18.68824,18.677996,0.0,4.0,0.0,0.0,4.0,0.0,0.0,0.0
29301,2023.0,7.0,23.0,11.0,20.058863,20.299877,19.78566,20.207306,20.428886,21.02113,20.105944,20.721748,19.067839,19.049856,20.065466,20.760479,20.85585,21.469408,20.023684,20.002573,18.690674,18.682196,4.0,4.0,4.0,0.0,0.0,4.0,0.0,0.0
29302,2023.0,7.0,23.0,11.0,20.461182,21.199661,20.033485,20.602396,19.933979,20.055273,19.733181,19.864141,19.051746,19.036268,19.56773,19.693293,21.13285,21.800112,19.936905,19.916727,18.69437,18.687792,0.0,0.0,0.0,0.0,0.0,4.0,0.0,0.0
29303,2023.0,7.0,23.0,11.0,20.678167,21.435555,19.96784,20.424166,20.337835,20.963457,19.503939,19.58854,19.040033,19.026867,19.693611,20.045963,21.223574,21.892967,19.889423,19.874975,18.6987,18.693962,4.0,4.0,0.0,0.0,4.0,4.0,0.0,0.0
29304,2023.0,7.0,23.0,12.0,20.14387,20.38341,20.025387,20.543598,20.445942,21.059038,19.454987,19.540798,19.03533,19.024261,20.045284,20.63893,21.287333,21.958792,19.84415,19.817127,18.703716,18.700663,0.0,4.0,0.0,0.0,0.0,4.0,0.0,0.0
29305,2023.0,7.0,23.0,12.0,21.144444,22.283354,19.666063,19.84157,21.10353,22.191418,21.188013,22.60071,19.032293,19.024343,19.642254,19.78448,21.352837,22.025942,21.289467,22.386263,18.710733,18.710066,0.0,0.0,4.0,0.0,0.0,4.0,0.0,0.0
29306,2023.0,7.0,23.0,12.0,20.974293,21.834385,19.860542,20.331669,20.986017,21.83937,21.00426,22.095968,19.032854,19.027712,19.370867,19.371544,21.419115,22.098225,20.994476,21.73737,18.721687,18.723541,4.0,4.0,0.0,0.0,0.0,4.0,0.0,0.0
29307,2023.0,7.0,23.0,12.0,21.001791,21.833557,20.02568,20.570019,21.006115,21.81523,21.006193,21.969923,19.036766,19.034285,19.317448,19.312677,20.978443,21.294432,21.021654,21.713491,19.685678,20.54192,0.0,4.0,4.0,0.0,0.0,0.0,0.0,4.0
29308,2023.0,7.0,23.0,12.0,21.047619,21.913576,19.990051,20.45008,21.011694,21.780031,21.021372,21.924913,19.044336,19.044785,19.299906,19.29557,21.025879,21.398603,21.043112,21.6962,20.055035,20.927803,4.0,4.0,4.0,0.0,0.0,0.0,0.0,0.0
29309,2023.0,7.0,23.0,12.0,21.016624,21.816204,20.02295,20.516888,21.027843,21.807343,21.030254,21.922403,19.05377,19.05612,19.294884,19.293266,21.00964,21.353485,21.014572,21.604807,19.431084,19.597006,4.0,0.0,0.0,0.0,0.0,0.0,0.0,0.0
29310,2023.0,7.0,23.0,13.0,21.020544,21.799608,20.0117,20.500044,20.99655,21.69652,21.000006,21.80245,19.066399,19.07077,19.295706,19.296108,21.010725,21.34841,21.017359,21.580532,20.090406,20.979221,0.0,4.0,4.0,0.0,0.0,0.0,0.0,4.0
29311,2023.0,7.0,23.0,13.0,21.018871,21.777246,19.696428,19.886417,21.028229,21.762054,21.031145,21.858442,19.081987,19.088732,19.302473,19.30532,21.010273,21.338081,21.015753,21.553186,19.975998,20.576992,0.0,0.0,0.0,0.0,0.0,0.0,0.0,0.0
29312,2023.0,7.0,23.0,13.0,21.017979,21.760824,19.562553,19.743378,21.020508,21.728148,20.99733,21.746338,19.09924,19.10772,19.31311,19.317993,21.009945,21.327078,21.01584,21.53248,19.55401,19.71083,0.0,0.0,4.0,0.0,0.0,0.0,0.0,0.0
29313,2023.0,7.0,23.0,13.0,21.018223,21.748686,19.440434,19.550072,21.02061,21.711794,21.029053,21.814798,19.854944,20.521177,19.327072,19.333654,21.492872,22.220385,21.015322,21.511925,19.370607,19.466545,0.0,0.0,0.0,4.0,0.0,4.0,0.0,0.0
29314,2023.0,7.0,23.0,13.0,21.130537,21.923195,19.796108,20.273365,21.02036,21.696283,21.022097,21.783733,20.006466,20.576902,19.34396,19.352554,20.979382,21.21218,21.014887,21.493155,19.252584,19.265368,4.0,0.0,0.0,0.0,0.0,0.0,0.0,0.0
29315,2023.0,7.0,23.0,13.0,20.99838,21.683046,20.029758,20.60388,21.019787,21.6828,20.994942,21.695068,19.670069,19.855755,19.36323,19.37495,21.01483,21.286966,21.014357,21.476452,19.20715,19.21693,0.0,0.0,4.0,0.0,0.0,0.0,0.0,0.0
29316,2023.0,7.0,23.0,14.0,21.018566,21.720049,19.633987,19.798967,21.019497,21.671844,21.000956,21.700516,19.534935,19.661634,19.382347,19.396471,21.006495,21.269958,21.01385,21.462135,19.195412,19.207355,0.0,0.0,4.0,0.0,0.0,0.0,0.0,0.0
29317,2023.0,7.0,23.0,14.0,20.593039,20.895844,19.439543,19.554981,20.487232,20.6374,20.988073,21.671034,19.421074,19.44645,19.39718,19.410755,21.55063,22.28868,20.575773,20.602375,19.187578,19.199501,0.0,0.0,4.0,0.0,0.0,4.0,0.0,0.0
29318,2023.0,7.0,23.0,14.0,20.396442,20.615185,19.389034,19.4976,20.922264,21.571928,20.464214,20.689402,19.38728,19.40025,19.767612,20.09662,21.038687,21.215572,20.438465,20.426462,19.18432,19.19618,0.0,4.0,0.0,0.0,4.0,0.0,0.0,0.0
29319,2023.0,7.0,23.0,14.0,20.318365,20.542152,19.35615,19.464727,20.46111,20.630774,20.266266,20.441729,19.377638,19.38917,20.028921,20.497396,20.838617,20.89562,20.377064,20.364063,19.181509,19.193748,0.0,0.0,0.0,0.0,0.0,0.0,0.0,0.0
29320,2023.0,7.0,23.0,14.0,20.2506,20.476273,19.325954,19.436037,20.84747,21.539692,20.168407,20.349316,20.065605,20.693087,19.710506,19.808092,21.527918,22.251125,20.321468,20.30979,19.177813,19.190712,0.0,4.0,0.0,4.0,0.0,4.0,0.0,0.0
29321,2023.0,7.0,23.0,14.0,20.866848,21.674822,19.305016,19.415249,20.968704,21.662657,20.644863,21.287447,19.984903,20.449,19.940466,20.270992,21.69782,22.451988,20.283785,20.272362,19.175219,19.18878,0.0,4.0,4.0,0.0,4.0,4.0,0.0,0.0
29322,2023.0,7.0,23.0,15.0,20.5511,20.904886,19.707895,20.18779,21.004421,21.693636,20.329296,20.571753,20.40837,21.173803,20.133379,20.537693,21.765747,22.514084,20.246647,20.237593,20.046736,20.838463,4.0,4.0,0.0,4.0,4.0,4.0,0.0,4.0
29323,2023.0,7.0,23.0,15.0,20.383364,20.670086,20.022047,20.65895,20.50593,20.731462,20.157307,20.339466,19.967514,20.323107,19.989841,20.264942,21.16701,21.333874,20.21805,20.208248,19.988548,20.595625,4.0,0.0,0.0,0.0,0.0,0.0,0.0,0.0
29324,2023.0,7.0,23.0,15.0,20.309671,20.589893,20.010138,20.589003,20.26576,20.437313,20.078192,20.25618,20.455969,21.21274,19.869986,20.02378,21.644367,22.375233,20.187057,20.177664,20.456926,21.382559,0.0,0.0,0.0,4.0,0.0,4.0,0.0,4.0
29325,2023.0,7.0,23.0,15.0,20.199183,20.415462,19.715492,19.97748,20.794119,21.490906,19.943657,20.042643,20.648048,21.401102,19.81044,19.94132,21.174803,21.339664,20.157774,20.148516,19.952223,20.3608,0.0,4.0,0.0,4.0,0.0,0.0,0.0,0.0
29326,2023.0,7.0,23.0,15.0,20.131023,20.337332,19.938375,20.470877,20.960087,21.638601,19.852911,19.93433,20.110207,20.32311,19.691769,19.718006,20.89505,20.949951,20.13147,20.122528,19.657232,19.787022,4.0,4.0,0.0,0.0,0.0,0.0,0.0,0.0
29327,2023.0,7.0,23.0,15.0,20.099354,20.305521,20.01363,20.561941,20.453003,20.654556,19.806498,19.882921,19.894835,19.992235,19.63835,19.643167,20.824408,20.863636,20.11156,20.102528,19.559961,19.654755,0.0,0.0,0.0,0.0,0.0,0.0,0.0,0.0
29328,2023.0,7.0,23.0,16.0,20.080637,20.29777,19.736437,19.98804,20.231525,20.390728,19.76546,19.841988,19.816557,19.90586,19.61263,19.616613,21.52656,22.230076,21.073532,21.940538,19.515947,19.609694,0.0,0.0,0.0,0.0,0.0,4.0,4.0,0.0
29329,2023.0,7.0,23.0,16.0,20.715544,21.506771,19.923466,20.371479,20.166655,20.317623,19.735144,19.811583,19.782118,19.87133,19.598433,19.603115,21.696997,22.429447,20.532436,20.712206,19.409983,19.421158,4.0,0.0,0.0,0.0,0.0,4.0,0.0,0.0
29330,2023.0,7.0,23.0,16.0,20.343052,20.670998,20.017675,20.515486,20.706724,21.360912,20.379812,21.049442,19.674862,19.681646,19.963964,20.30292,21.75833,22.485044,20.325504,20.383863,19.364267,19.370445,0.0,4.0,4.0,0.0,4.0,4.0,0.0,0.0
29331,2023.0,7.0,23.0,16.0,20.752111,21.542862,19.692093,19.855844,20.914724,21.58664,20.600939,21.257502,19.617338,19.620043,20.00039,20.27986,21.820204,22.542465,21.260565,22.194893,19.338894,19.346373,0.0,4.0,4.0,0.0,0.0,4.0,4.0,0.0
29332,2023.0,7.0,23.0,16.0,20.988836,21.805552,19.894629,20.336489,20.445389,20.660467,20.156675,20.378323,19.590715,19.593859,20.165981,20.55503,21.87474,22.59399,20.737095,20.914995,19.319504,19.327559,4.0,0.0,0.0,0.0,4.0,4.0,0.0,0.0
29333,2023.0,7.0,23.0,16.0,20.498623,20.827112,20.07642,20.620335,20.870153,21.544136,20.004316,20.171824,19.57468,19.578796,19.993246,20.222122,21.284382,21.443941,21.475718,22.404284,19.307903,19.316721,4.0,4.0,0.0,0.0,0.0,0.0,4.0,0.0
29334,2023.0,7.0,23.0,17.0,20.278673,20.550344,20.152576,20.701647,21.033491,21.702833,20.527254,21.197239,19.558577,19.564207,19.895403,20.031,20.99279,21.03818,21.731173,22.634119,19.29599,19.30597,4.0,4.0,4.0,0.0,0.0,0.0,4.0,0.0
29335,2023.0,7.0,23.0,17.0,20.839165,21.63244,19.990644,20.404165,20.539974,20.750761,20.673765,21.360931,19.54611,19.552547,19.860544,19.981155,21.676064,22.38182,20.965183,21.12997,19.286846,19.297419,0.0,0.0,4.0,0.0,0.0,4.0,0.0,0.0
29336,2023.0,7.0,23.0,17.0,20.501707,20.822392,19.794264,20.02269,20.30224,20.45482,20.743586,21.423742,19.53318,19.540861,19.754831,19.784275,21.249537,21.41015,21.587921,22.507505,20.150333,20.938322,0.0,0.0,4.0,0.0,0.0,0.0,4.0,4.0
29337,2023.0,7.0,23.0,17.0,20.343224,20.604595,19.707949,19.903955,20.236618,20.379559,20.262178,20.480232,19.52302,19.53169,19.702822,19.71259,21.761812,22.457119,20.92003,21.093727,19.97561,20.492771,0.0,0.0,0.0,0.0,0.0,4.0,0.0,0.0
29338,2023.0,7.0,23.0,17.0,20.285786,20.546627,19.58299,19.691772,20.80205,21.479532,20.601065,21.252262,19.511446,19.521378,19.676764,19.686993,21.295473,21.436138,20.560114,20.61631,19.660109,19.827383,0.0,4.0,4.0,0.0,0.0,0.0,0.0,0.0
29339,2023.0,7.0,23.0,17.0,20.211687,20.429714,19.958408,20.432724,20.934078,21.60165,20.19165,20.391888,19.50126,19.512234,19.657768,19.668646,21.072592,21.105553,20.485228,20.530289,19.543968,19.644802,4.0,4.0,0.0,0.0,0.0,0.0,0.0,0.0
29340,2023.0,7.0,23.0,18.0,20.168009,20.377731,20.057735,20.535686,20.987942,21.650534,20.043211,20.190676,19.490671,19.50238,19.639666,19.65091,20.991707,21.01658,20.441286,20.48553,19.419464,19.42347,4.0,4.0,0.0,0.0,0.0,0.0,0.0,0.0
29341,2023.0,7.0,23.0,18.0,21.121346,22.079432,20.140142,20.661385,21.026155,21.67675,21.140331,22.163422,19.479338,19.490595,19.97886,20.303009,21.006296,21.089201,21.077501,21.646112,19.38492,19.395714,4.0,4.0,0.0,0.0,4.0,0.0,0.0,0.0
29342,2023.0,7.0,23.0,18.0,20.995594,21.747091,19.98396,20.360964,21.017113,21.64924,20.997467,21.784016,19.466026,19.475662,19.995575,20.257717,21.00595,21.120909,21.000872,21.453075,19.354572,19.363447,0.0,0.0,0.0,0.0,0.0,0.0,0.0,0.0
29343,2023.0,7.0,23.0,18.0,21.019794,21.742338,19.759647,19.92685,21.016306,21.619225,21.025097,21.776981,19.453701,19.462286,19.759596,19.78644,21.006119,21.145079,21.01505,21.455738,19.33016,19.337864,0.0,0.0,0.0,0.0,0.0,0.0,0.0,0.0
29344,2023.0,7.0,23.0,18.0,21.034822,21.73133,19.663221,19.814602,21.035473,21.62997,21.045954,21.76902,19.44223,19.450275,19.660294,19.663584,21.011868,21.176638,21.028463,21.46245,19.310812,19.318727,0.0,0.0,0.0,0.0,0.0,0.0,0.0,0.0
29345,2023.0,7.0,23.0,18.0,21.033333,21.698074,19.546682,19.618187,21.035318,21.604387,21.010017,21.632702,19.43085,19.438309,19.626024,19.630417,21.012043,21.189993,21.027716,21.444185,19.293634,19.301313,0.0,0.0,4.0,0.0,0.0,0.0,0.0,0.0
29346,2023.0,7.0,23.0,19.0,21.031485,21.67489,19.483606,19.543571,21.034485,21.586992,21.042255,21.719622,19.419403,19.426342,19.597593,19.601414,21.012697,21.203447,21.026676,21.43301,19.278036,19.285511,0.0,0.0,0.0,0.0,0.0,0.0,0.0,0.0
29347,2023.0,7.0,23.0,19.0,21.219728,21.992554,19.895832,20.34752,21.147194,21.762373,21.016142,21.643454,19.408337,19.415222,19.572643,19.577349,21.006262,21.201317,21.010883,21.398788,19.263697,19.271082,4.0,4.0,0.0,0.0,0.0,0.0,0.0,0.0
29348,2023.0,7.0,23.0,19.0,20.976313,21.52574,20.047352,20.501692,21.17096,21.761705,21.01965,21.634521,19.39649,19.402239,19.546873,19.55008,21.00727,21.212687,21.013023,21.398542,19.249346,19.256104,4.0,4.0,0.0,0.0,0.0,0.0,0.0,0.0
29349,2023.0,7.0,23.0,19.0,21.031359,21.643387,20.022413,20.435926,21.030096,21.504192,21.039484,21.658905,19.384993,19.390087,19.523243,19.525328,21.015247,21.23683,21.027283,21.421755,19.236097,19.242456,0.0,0.0,0.0,0.0,0.0,0.0,0.0,0.0
29350,2023.0,7.0,23.0,19.0,21.25443,22.02078,19.737467,19.871258,21.136938,21.709633,21.015537,21.600864,19.374407,19.37959,19.502916,19.505924,21.006453,21.22402,21.614376,22.504757,19.223856,19.230133,0.0,4.0,0.0,0.0,0.0,0.0,4.0,0.0
29351,2023.0,7.0,23.0,19.0,20.980423,21.495388,19.597296,19.69534,21.175957,21.742928,21.01886,21.59878,20.102852,20.767786,19.48172,19.48465,21.007904,21.231705,20.953571,21.205055,19.211542,19.217598,0.0,4.0,0.0,4.0,0.0,0.0,0.0,0.0
29352,2023.0,7.0,23.0,20.0,21.020067,21.57641,19.50742,19.55896,20.996841,21.440536,21.01816,21.58949,19.970392,20.334106,19.459837,19.462175,21.533592,22.223036,21.026085,21.370176,19.199175,19.204838,0.0,0.0,0.0,0.0,0.0,4.0,0.0,0.0
29353,2023.0,7.0,23.0,20.0,21.01479,21.561344,19.452694,19.492397,21.127907,21.671278,21.018303,21.582462,19.668673,19.725378,19.436491,19.437595,20.97211,21.111792,21.012848,21.353968,19.185553,19.190054,0.0,4.0,0.0,0.0,0.0,0.0,0.0,0.0
29354,2023.0,7.0,23.0,20.0,21.28013,22.041466,19.414543,19.44665,20.995104,21.428286,21.017685,21.574617,19.514523,19.527798,19.410862,19.4094,21.017797,21.227306,21.013968,21.360966,19.170876,19.173798,0.0,0.0,0.0,0.0,0.0,0.0,0.0,0.0
29355,2023.0,7.0,23.0,20.0,20.976936,21.45176,19.385777,19.414938,21.111782,21.630625,21.018269,21.569304,20.1979,20.859392,19.757328,20.081991,21.451801,22.044275,21.01282,21.364141,19.156942,19.159065,0.0,4.0,0.0,4.0,4.0,4.0,0.0,0.0
29356,2023.0,7.0,23.0,20.0,21.021074,21.542921,19.358992,19.383097,21.00277,21.431425,21.096933,21.684958,20.405958,21.003801,20.03281,20.480135,20.959003,21.081326,21.013199,21.36811,19.143007,19.144144,0.0,0.0,4.0,4.0,0.0,0.0,0.0,0.0
29357,2023.0,7.0,23.0,20.0,21.015142,21.527708,19.79022,20.209787,21.01977,21.46417,21.00732,21.530716,19.961817,20.198154,19.662224,19.711338,21.445763,22.027786,21.013388,21.37044,19.129124,19.12862,4.0,0.0,0.0,0.0,0.0,4.0,0.0,0.0
29358,2023.0,7.0,23.0,21.0,21.012623,21.523561,20.009811,20.471588,21.10328,21.589544,21.023075,21.553621,20.35082,20.922781,19.47536,19.469063,21.572737,22.134974,21.013315,21.371437,19.115767,19.114155,4.0,4.0,0.0,4.0,0.0,4.0,0.0,0.0
29359,2023.0,7.0,23.0,21.0,21.291504,22.030825,20.016281,20.449837,21.12266,21.598259,21.013283,21.495224,20.479174,21.03533,19.419943,19.408623,20.96014,21.038107,21.013718,21.37234,19.103567,19.10158,0.0,4.0,4.0,4.0,0.0,0.0,0.0,0.0
29360,2023.0,7.0,23.0,21.0,20.97209,21.405792,19.986645,20.32825,21.006409,21.412142,20.999247,21.473557,20.52466,21.067883,19.38307,19.370619,21.018559,21.187082,21.59919,22.460247,19.088963,19.0826,4.0,0.0,4.0,4.0,0.0,0.0,4.0,0.0
29361,2023.0,7.0,23.0,21.0,21.021852,21.508808,20.021603,20.399078,21.020105,21.439314,21.000648,21.475536,19.966362,20.082916,19.74186,20.075611,21.420477,21.951668,20.937357,21.152382,19.074942,19.065884,0.0,0.0,4.0,0.0,4.0,4.0,0.0,0.0
29362,2023.0,7.0,23.0,21.0,21.015854,21.494837,19.633663,19.626415,21.01846,21.431482,21.027285,21.546707,19.719013,19.654669,20.033636,20.493511,20.955221,21.04885,21.028557,21.353695,19.061289,19.049345,0.0,0.0,0.0,0.0,0.0,0.0,0.0,0.0
29363,2023.0,7.0,23.0,21.0,21.011816,21.492987,19.93917,20.329853,21.014238,21.426807,21.021427,21.52473,19.57085,19.485285,19.628937,19.655863,21.018724,21.199656,21.015728,21.33654,19.047586,19.032707,4.0,0.0,0.0,0.0,0.0,0.0,0.0,0.0
29364,2023.0,7.0,23.0,22.0,21.012907,21.497524,20.00554,20.365904,21.015007,21.429422,21.022081,21.514853,19.490068,19.399086,19.433443,19.409267,21.395634,21.911787,21.017406,21.343334,19.034006,19.016413,0.0,0.0,0.0,0.0,0.0,4.0,0.0,0.0
29365,2023.0,7.0,23.0,22.0,21.297474,22.017635,19.972357,20.250643,21.01474,21.428991,21.021988,21.504711,19.488245,19.456228,19.368382,19.337261,20.959484,21.065697,21.012814,21.344301,19.019499,18.99841,4.0,0.0,0.0,0.0,0.0,0.0,0.0,0.0
29366,2023.0,7.0,23.0,22.0,20.976732,21.388885,20.024343,20.360106,21.015165,21.42865,21.017136,21.496853,19.464771,19.437231,19.323576,19.288883,21.019035,21.203897,21.578613,22.39989,19.782146,20.4495,0.0,0.0,0.0,0.0,0.0,0.0,4.0,4.0
29367,2023.0,7.0,23.0,22.0,21.023857,21.486536,19.620403,19.563307,21.015026,21.426746,21.017752,21.497461,19.42332,19.38909,19.282438,19.244343,21.344606,21.813473,20.932827,21.125227,20.023323,20.648119,0.0,0.0,0.0,0.0,0.0,4.0,0.0,0.0
29368,2023.0,7.0,23.0,22.0,21.017754,21.472513,19.933805,20.294788,21.015263,21.425104,21.017668,21.49557,19.383253,19.344929,19.552841,19.780659,20.969378,21.08973,21.449556,22.124872,20.114544,20.696512,4.0,0.0,0.0,0.0,4.0,0.0,4.0,4.0
29369,2023.0,7.0,23.0,22.0,21.012064,21.47052,20.005827,20.342043,21.015188,21.422754,21.017578,21.4929,19.999243,20.539251,20.05311,20.570837,21.02021,21.208822,20.950102,21.145124,20.008825,20.473013,0.0,0.0,0.0,4.0,4.0,0.0,0.0,0.0
29370,2023.0,7.0,23.0,23.0,21.013004,21.47686,19.930996,20.14632,21.01536,21.420992,21.017595,21.489971,19.997808,20.362635,20.002104,20.399696,21.01518,21.208338,21.027744,21.322662,19.431059,19.322332,4.0,0.0,0.0,0.0,4.0,0.0,0.0,0.0
29371,2023.0,7.0,23.0,23.0,20.677404,20.83371,19.54042,19.43742,20.610628,20.64071,20.550037,20.587639,19.518785,19.400106,19.475962,19.360432,20.73912,20.69472,20.53211,20.379725,19.957062,20.514597,0.0,0.0,0.0,0.0,0.0,0.0,0.0,4.0
29372,2023.0,7.0,23.0,23.0,20.54216,20.660156,19.368172,19.189943,20.424885,20.381287,20.345198,20.309177,19.360088,19.215014,19.279396,19.113508,20.63485,20.570908,20.355032,20.179527,19.392057,19.305616,0.0,0.0,0.0,0.0,0.0,0.0,0.0,0.0
29373,2023.0,7.0,23.0,23.0,20.475077,20.591822,19.846592,20.158047,20.339754,20.290442,20.250874,20.210176,20.021267,20.531942,19.631239,19.853756,20.576042,20.512558,20.370964,20.309763,19.207893,19.085276,4.0,0.0,0.0,4.0,4.0,0.0,0.0,0.0
29374,2023.0,7.0,23.0,23.0,20.42203,20.538942,19.635406,19.683773,20.276262,20.226929,20.179226,20.138527,19.629026,19.646946,19.438467,19.425503,20.524586,20.460981,20.330141,20.275345,19.897701,20.448027,0.0,0.0,0.0,0.0,0.0,0.0,0.0,4.0
29375,2023.0,7.0,23.0,23.0,20.375847,20.491047,19.36046,19.20671,20.222357,20.173317,20.118708,20.078165,19.37182,19.239851,19.320478,19.269506,20.479052,20.415163,20.276346,20.221373,19.352293,19.268127,0.0,0.0,0.0,0.0,0.0,0.0,0.0,0.0
29376,2023.0,7.0,24.0,0.0,20.334394,20.44776,19.26114,19.078917,20.173424,20.123278,20.064156,20.022127,19.28701,19.14718,19.600098,19.831947,20.437458,20.372301,20.226532,20.170198,19.17265,19.050234,0.0,0.0,0.0,0.0,4.0,0.0,0.0,0.0
29377,2023.0,7.0,24.0,0.0,20.296486,20.407799,19.330023,19.266552,20.12936,20.078201,20.015612,19.97263,19.318129,19.262854,19.35169,19.31261,20.399567,20.33276,20.181189,20.123512,19.105413,18.978615,0.0,0.0,0.0,0.0,0.0,0.0,0.0,0.0
29378,2023.0,7.0,24.0,0.0,20.260374,20.36911,19.779814,20.126125,20.087671,20.034763,19.969944,19.92525,19.303259,19.25161,19.261042,19.204294,20.363901,20.2951,20.138731,20.079397,19.129356,19.079632,4.0,0.0,0.0,0.0,0.0,0.0,0.0,0.0
29379,2023.0,7.0,24.0,0.0,20.225365,20.330465,19.503315,19.51911,20.047451,19.991547,19.926035,19.878325,19.275381,19.221474,19.218733,19.158424,20.329592,20.257933,20.098083,20.03617,19.112158,19.065792,0.0,0.0,0.0,0.0,0.0,0.0,0.0,0.0
29380,2023.0,7.0,24.0,0.0,20.191492,20.292206,19.365091,19.309374,20.007904,19.94738,19.883045,19.830597,19.247034,19.18969,19.17934,19.114449,20.296322,20.221077,20.05901,19.993858,19.082655,19.03339,0.0,0.0,0.0,0.0,0.0,0.0,0.0,0.0
29381,2023.0,7.0,24.0,0.0,20.16242,20.261883,19.32732,19.272217,19.975433,19.915419,19.84788,19.796238,19.808567,20.266438,19.147394,19.082186,20.267208,20.191196,20.024502,19.958906,19.056068,19.005949,0.0,0.0,0.0,4.0,0.0,0.0,0.0,0.0
29382,2023.0,7.0,24.0,1.0,20.132515,20.228395,19.74083,20.07566,19.94126,19.87833,19.811047,19.756525,19.412794,19.390892,19.114182,19.045805,20.237133,20.158318,19.989403,19.921291,19.028711,18.976038,4.0,0.0,0.0,0.0,0.0,0.0,0.0,0.0
29383,2023.0,7.0,24.0,1.0,20.10573,20.19968,19.320827,19.186872,19.910255,19.846138,19.777662,19.721998,19.169722,18.996845,19.083933,19.013939,20.209362,20.12916,19.956837,19.887548,19.003551,18.949558,0.0,0.0,0.0,0.0,0.0,0.0,0.0,0.0
29384,2023.0,7.0,24.0,1.0,20.079056,20.169918,19.102274,18.851395,19.878946,19.81175,19.744062,19.685217,19.079634,18.892258,19.054008,18.980871,20.181692,20.098995,19.924591,19.852997,18.97871,18.922485,0.0,0.0,0.0,0.0,0.0,0.0,0.0,0.0
29385,2023.0,7.0,24.0,1.0,20.054588,20.143734,19.219831,19.148167,19.851004,19.782839,19.71419,19.65443,19.162086,19.111025,19.027008,18.952503,20.156254,20.07231,19.89481,19.822153,18.955963,18.898548,0.0,0.0,0.0,0.0,0.0,0.0,0.0,0.0
29386,2023.0,7.0,24.0,1.0,20.030733,20.117998,19.20948,19.140512,19.824224,19.75502,19.685673,19.624926,19.14088,19.073215,19.001001,18.925116,20.131798,20.04661,19.866266,19.79255,18.934275,18.875675,0.0,0.0,0.0,0.0,0.0,0.0,0.0,0.0
29387,2023.0,7.0,24.0,1.0,20.007507,20.092888,19.18785,19.118021,19.798262,19.72798,19.658134,19.596354,19.117022,19.048073,18.975866,18.898598,20.10817,20.021738,19.838701,19.763926,18.913433,18.85366,0.0,0.0,0.0,0.0,0.0,0.0,0.0,0.0
29388,2023.0,7.0,24.0,2.0,19.984896,20.068382,19.166075,19.095055,19.773035,19.701624,19.63148,19.568611,19.094522,19.024336,18.951628,18.872982,20.085323,19.997656,19.812048,19.736217,18.89337,18.832432,0.0,0.0,0.0,0.0,0.0,0.0,0.0,0.0
29389,2023.0,7.0,24.0,2.0,19.96277,20.04432,19.144442,19.07207,19.748405,19.675777,19.605553,19.541508,19.072464,19.001034,18.928152,18.848103,20.06313,19.974209,19.786152,19.709251,18.873936,18.811815,0.0,0.0,0.0,0.0,0.0,0.0,0.0,0.0
29390,2023.0,7.0,24.0,2.0,19.94107,20.020672,19.123306,19.049501,19.724308,19.650417,19.58028,19.515007,19.050955,18.97828,18.905224,18.823769,20.041407,19.95123,19.76082,19.682844,18.854939,18.791636,0.0,0.0,0.0,0.0,0.0,0.0,0.0,0.0
29391,2023.0,7.0,24.0,2.0,19.91973,19.99737,19.102606,19.027313,19.700668,19.62547,19.555574,19.489025,19.02979,18.95586,18.88264,18.799768,20.019989,19.928541,19.735876,19.656815,18.836205,18.771708,0.0,0.0,0.0,0.0,0.0,0.0,0.0,0.0
29392,2023.0,7.0,24.0,2.0,19.898685,19.974356,19.08231,19.005478,19.677418,19.600866,19.531357,19.463486,19.00886,18.933659,18.860247,18.775946,19.99875,19.906021,19.71118,19.631021,18.817596,18.7519,0.0,0.0,0.0,0.0,0.0,0.0,0.0,0.0
29393,2023.0,7.0,24.0,2.0,19.878931,19.953732,19.064201,18.987726,19.656282,19.580242,19.509405,19.442137,19.57496,20.014885,18.8394,18.755213,19.978693,19.88582,19.687695,19.607573,18.799889,18.733915,0.0,0.0,0.0,4.0,0.0,0.0,0.0,0.0
29394,2023.0,7.0,24.0,3.0,19.858196,19.930767,19.044346,18.966007,19.633375,19.55568,19.485693,19.416777,19.184906,19.146967,19.119516,19.29764,19.957375,19.863022,19.663002,19.58157,18.7811,18.713757,0.0,0.0,0.0,0.0,4.0,0.0,0.0,0.0
29395,2023.0,7.0,24.0,3.0,19.839403,19.911186,19.480371,19.799881,19.612219,19.534346,19.463852,19.394735,19.058237,18.982096,18.916664,18.851904,19.93733,19.84274,19.63954,19.557951,18.763351,18.695719,4.0,0.0,0.0,0.0,0.0,0.0,0.0,0.0
29396,2023.0,7.0,24.0,3.0,19.820847,19.891682,19.204863,19.18869,19.59149,19.513325,19.44258,19.373104,19.019987,18.94249,18.833033,18.746422,19.917648,19.822699,19.616386,19.534477,18.74586,18.67783,0.0,0.0,0.0,0.0,0.0,0.0,0.0,0.0
29397,2023.0,7.0,24.0,3.0,19.80271,19.872877,19.083326,19.008116,19.57139,19.493206,19.422003,19.35246,18.988554,18.910797,19.116102,19.301222,19.89866,19.803589,19.593906,19.51193,18.728899,18.660675,0.0,0.0,0.0,0.0,4.0,0.0,0.0,0.0
29398,2023.0,7.0,24.0,3.0,19.785028,19.85486,19.046043,18.966438,19.552011,19.47424,19.402227,19.333057,19.547934,19.985596,18.906628,18.846663,19.880478,19.78565,19.57227,19.490625,18.712612,18.644512,0.0,0.0,0.0,4.0,0.0,0.0,0.0,0.0
29399,2023.0,7.0,24.0,3.0,19.778881,19.859642,19.019066,18.93873,19.532404,19.45457,19.382315,19.31301,19.011803,18.830875,18.815792,18.729284,19.862387,19.767466,19.550695,19.46901,18.6964,18.628136,0.0,0.0,0.0,0.0,0.0,0.0,0.0,0.0
29400,2023.0,7.0,24.0,4.0,19.769526,19.85405,18.994452,18.911676,19.511456,19.432026,19.361055,19.290073,18.827265,18.600695,18.78382,18.695019,19.843836,19.747925,19.528624,19.445963,18.67981,18.610645,0.0,0.0,0.0,0.0,0.0,0.0,0.0,0.0
29401,2023.0,7.0,24.0,4.0,19.755018,19.839645,18.97588,18.895136,19.493858,19.416039,19.343216,19.273842,18.912106,18.830687,18.758873,18.671988,19.827583,19.732557,19.508936,19.427286,19.396969,19.974707,0.0,0.0,0.0,0.0,0.0,0.0,0.0,4.0
29402,2023.0,7.0,24.0,4.0,19.738745,19.822506,18.956259,18.875362,19.474699,19.396734,19.323933,19.254332,18.912092,18.834347,18.734613,18.647348,19.810698,19.71547,19.488533,19.40674,18.9207,18.906916,0.0,0.0,0.0,0.0,0.0,0.0,0.0,0.0
29403,2023.0,7.0,24.0,4.0,19.722351,19.80538,18.937523,18.856625,19.455784,19.37777,19.305105,19.23531,19.474926,19.911722,18.712303,18.624916,19.79436,19.699041,19.46866,19.386852,18.654612,18.471027,0.0,0.0,0.0,4.0,0.0,0.0,0.0,0.0
29404,2023.0,7.0,24.0,4.0,19.705856,19.787981,18.919218,18.83813,19.436792,19.35855,19.286203,19.216076,19.084845,19.045502,18.69134,18.603685,19.778347,19.682835,19.449062,19.367113,18.571663,18.378654,0.0,0.0,0.0,0.0,0.0,0.0,0.0,0.0
29405,2023.0,7.0,24.0,4.0,19.68954,19.770683,18.901329,18.81995,19.417788,19.339231,19.267159,19.196692,18.822151,18.608412,18.982063,19.165873,19.762743,19.667011,19.429832,19.347713,18.639585,18.563337,0.0,0.0,0.0,0.0,4.0,0.0,0.0,0.0
29406,2023.0,7.0,24.0,5.0,19.673012,19.753162,18.883759,18.801884,19.3987,19.319675,19.247965,19.177029,18.735186,18.513107,18.754177,18.667809,19.747522,19.651527,19.41095,19.328619,18.641321,18.571436,0.0,0.0,0.0,0.0,0.0,0.0,0.0,0.0
29407,2023.0,7.0,24.0,5.0,19.656326,19.735544,18.866863,18.784672,19.379978,19.30076,19.229223,19.158089,19.447908,19.920263,18.693666,18.605526,19.73256,19.636164,19.39251,19.310038,18.625902,18.55598,0.0,0.0,0.0,4.0,0.0,0.0,0.0,0.0
29408,2023.0,7.0,24.0,5.0,19.638195,19.715454,18.848627,18.764797,19.359781,19.279068,19.209028,19.136395,19.074326,19.04975,18.963997,19.132477,19.716885,19.619286,19.373283,19.2898,18.608915,18.538017,0.0,0.0,0.0,0.0,4.0,0.0,0.0,0.0
29409,2023.0,7.0,24.0,5.0,19.619493,19.69411,18.829702,18.74336,19.338675,19.255621,19.187958,19.112976,18.782574,18.55882,18.743063,18.653168,19.700901,19.60163,19.353708,19.268705,18.59149,18.51912,0.0,0.0,0.0,0.0,0.0,0.0,0.0,0.0
29410,2023.0,7.0,24.0,5.0,19.602436,19.67615,18.812973,18.726074,19.992382,20.500721,19.845806,20.365728,19.294224,19.589754,18.68003,18.588284,19.686329,19.586603,19.335682,19.250504,18.575752,18.503141,0.0,4.0,4.0,4.0,0.0,0.0,0.0,0.0
29411,2023.0,7.0,24.0,5.0,19.58411,19.655846,18.795052,18.70643,20.177547,20.697332,19.441322,19.455214,18.864122,18.663212,18.651554,18.558214,19.67141,19.570482,19.317379,19.231201,18.560041,18.486435,0.0,4.0,0.0,0.0,0.0,0.0,0.0,0.0
29412,2023.0,7.0,24.0,6.0,19.566118,19.636131,18.777395,18.687332,19.491886,19.324738,19.084694,18.835455,19.296974,19.583431,18.919338,19.078766,19.657404,19.555471,19.300411,19.21347,18.545708,18.471315,0.0,0.0,0.0,4.0,4.0,0.0,0.0,0.0
29413,2023.0,7.0,24.0,6.0,21.201687,22.530312,18.7607,18.670012,21.221554,22.492727,21.247053,22.735477,20.31927,21.329185,20.157745,21.206831,21.243422,22.313395,21.291302,22.648376,18.532114,18.45726,0.0,0.0,0.0,4.0,0.0,4.0,0.0,0.0
29414,2023.0,7.0,24.0,6.0,21.001543,21.973043,18.74351,18.651768,20.988268,21.841986,21.000504,22.050398,20.022676,20.635979,19.321156,19.396517,21.0122,21.79021,21.000307,21.959452,18.518429,18.443321,0.0,4.0,0.0,0.0,0.0,0.0,0.0,0.0
29415,2023.0,7.0,24.0,6.0,20.999863,21.850485,18.726696,18.633741,21.045147,21.873266,21.034416,21.997755,19.245872,19.058361,19.193184,19.37677,21.033743,21.71913,20.996666,21.805899,18.506756,18.431501,0.0,0.0,0.0,0.0,4.0,0.0,4.0,0.0
29416,2023.0,7.0,24.0,6.0,21.029558,21.87036,19.157333,19.453564,21.034874,21.778763,21.003729,21.836643,19.524775,19.836542,20.12506,20.980629,21.029781,21.629421,21.04296,21.837288,18.496864,18.421436,4.0,0.0,4.0,4.0,0.0,0.0,0.0,0.0
29417,2023.0,7.0,24.0,6.0,21.032223,21.810621,20.120655,21.041527,21.009172,21.653725,21.034927,21.869144,20.076845,20.69524,19.67276,19.953934,21.096409,21.683123,21.032396,21.746649,18.488297,18.412922,0.0,4.0,0.0,0.0,4.0,4.0,0.0,0.0
29418,2023.0,7.0,24.0,7.0,21.031134,21.760317,19.3688,19.435358,21.01412,21.630579,21.038702,21.815477,19.8707,20.17777,20.07193,20.738602,21.022501,21.5213,21.033173,21.695084,18.480282,18.404902,0.0,4.0,0.0,4.0,4.0,0.0,0.0,0.0
29419,2023.0,7.0,24.0,7.0,20.990644,21.64313,18.954107,18.863129,21.012585,21.604834,21.008883,21.6915,20.066328,20.577421,20.022743,20.571556,21.02805,21.498693,21.02269,21.651077,18.472124,18.396355,0.0,4.0,4.0,0.0,0.0,0.0,0.0,0.0
29420,2023.0,7.0,24.0,7.0,21.010412,21.656517,18.879108,18.781298,21.039322,21.660688,21.043165,21.752157,19.346952,19.137325,19.582209,19.645704,21.027609,21.470161,21.024849,21.636011,18.464552,18.388784,0.0,0.0,0.0,0.0,4.0,0.0,0.0,0.0
29421,2023.0,7.0,24.0,7.0,21.03573,21.710577,18.83107,18.729069,21.033148,21.627522,21.035902,21.711319,19.159262,19.053995,20.113459,20.699791,21.018402,21.44788,21.024231,21.619404,19.372353,20.11295,0.0,0.0,0.0,0.0,0.0,0.0,0.0,4.0
29422,2023.0,7.0,24.0,7.0,21.029789,21.67907,18.79307,18.688337,21.007029,21.536922,21.035881,21.688566,19.12126,19.024876,19.618755,19.661898,21.206127,21.777126,21.024035,21.606588,20.095081,21.098455,0.0,4.0,0.0,0.0,4.0,4.0,0.0,0.0
29423,2023.0,7.0,24.0,7.0,21.002314,21.586987,19.222982,19.52238,21.012415,21.539028,21.025278,21.669113,19.061518,18.965929,20.111042,20.663763,21.027521,21.357946,21.284357,22.055908,19.798813,20.316135,4.0,4.0,0.0,0.0,0.0,4.0,4.0,4.0
29424,2023.0,7.0,24.0,8.0,21.035372,21.667816,20.095545,20.93987,21.038052,21.604382,21.026464,21.669426,19.009684,18.915503,19.641544,19.682907,21.033846,21.433533,21.143927,21.679127,20.036118,20.746431,4.0,0.0,0.0,0.0,4.0,0.0,4.0,4.0
29425,2023.0,7.0,24.0,8.0,20.276222,20.197348,20.023972,20.687468,20.738138,20.985662,20.891733,21.377775,18.965698,18.873796,20.08639,20.57912,20.330069,20.06702,21.108473,21.649672,20.032986,20.697578,0.0,4.0,4.0,0.0,4.0,0.0,4.0,0.0
29426,2023.0,7.0,24.0,8.0,19.877708,19.706848,19.570616,19.706993,20.599953,20.83372,20.267406,20.265053,18.92602,18.834175,20.022516,20.43531,20.007538,19.69128,20.252567,20.038267,19.977077,20.486769,4.0,4.0,0.0,0.0,0.0,0.0,0.0,4.0
29427,2023.0,7.0,24.0,8.0,20.622084,21.256529,20.111105,20.779875,20.55275,20.788559,20.324991,20.558796,18.889046,18.797167,19.344593,19.10813,20.61476,20.94788,20.786917,21.345621,20.04206,20.626879,0.0,4.0,4.0,0.0,0.0,4.0,4.0,0.0
29428,2023.0,7.0,24.0,8.0,20.097937,20.051046,19.314503,19.162197,19.980484,19.756165,19.826988,19.609205,18.856277,18.764769,19.134924,18.99152,20.136583,19.884329,21.003946,21.551474,19.259052,19.081648,0.0,0.0,0.0,0.0,0.0,0.0,4.0,0.0
29429,2023.0,7.0,24.0,8.0,19.800392,19.635258,19.523342,19.711702,20.315077,20.513962,19.545443,19.213932,18.830791,18.738903,19.105425,18.984943,19.91285,19.594706,21.033955,21.579277,19.820919,20.31963,4.0,4.0,0.0,0.0,0.0,0.0,4.0,4.0
29430,2023.0,7.0,24.0,9.0,20.356726,20.777388,20.073442,20.687868,19.86202,19.641985,19.41598,19.078762,19.467545,19.956123,19.048882,18.931513,19.824934,19.509226,20.185173,19.968218,20.003971,20.538727,0.0,0.0,0.0,4.0,0.0,0.0,0.0,4.0
29431,2023.0,7.0,24.0,9.0,19.919518,19.826168,19.491615,19.506998,20.166445,20.391819,19.495941,19.351202,20.073492,20.83986,18.988327,18.875465,19.920557,19.783838,19.785187,19.505848,20.019087,20.524195,0.0,4.0,0.0,0.0,0.0,0.0,0.0,4.0
29432,2023.0,7.0,24.0,9.0,19.629473,19.471659,19.588564,19.86961,20.308464,20.564388,20.15753,20.62372,19.20918,19.046343,18.934933,18.826061,20.689243,21.25248,19.644672,19.368635,20.046812,20.552166,4.0,4.0,4.0,0.0,0.0,4.0,0.0,4.0
29433,2023.0,7.0,24.0,9.0,19.539677,19.37541,20.057953,20.64674,19.777205,19.56765,19.763937,19.77,18.907873,18.643671,18.893595,18.78542,20.013575,19.805908,19.559692,19.288963,20.027798,20.531843,4.0,0.0,0.0,0.0,0.0,0.0,0.0,0.0
29434,2023.0,7.0,24.0,9.0,19.658234,19.68742,20.025814,20.537909,20.090326,20.327509,19.300964,19.02942,18.945059,18.829214,18.851849,18.746809,20.427177,20.800245,19.480251,19.217268,19.304344,19.120855,0.0,4.0,0.0,0.0,0.0,4.0,0.0,0.0
29435,2023.0,7.0,24.0,9.0,19.692451,19.75426,19.329353,19.159683,19.69481,19.489592,19.781094,20.039312,18.944931,18.849714,18.815556,18.713615,20.630886,20.999187,19.553873,19.439682,18.958385,18.722946,0.0,0.0,4.0,0.0,0.0,4.0,0.0,0.0
29436,2023.0,7.0,24.0,10.0,19.669035,19.73434,19.01163,18.692272,19.451319,19.137175,19.35582,19.154867,18.912506,18.820871,18.788597,18.687973,20.682747,21.051495,19.55722,19.462769,18.850147,18.611818,0.0,0.0,0.0,0.0,0.0,4.0,0.0,0.0
29437,2023.0,7.0,24.0,10.0,19.641556,19.708265,19.04742,18.883675,19.353645,19.036757,19.790176,20.057459,19.590784,20.130634,18.763386,18.664145,20.722828,21.08939,19.528425,19.43722,18.902132,18.796602,0.0,0.0,4.0,4.0,0.0,4.0,0.0,0.0
29438,2023.0,7.0,24.0,10.0,20.318365,21.005426,19.043232,18.929604,20.123718,20.56908,19.366596,19.18983,20.069977,20.844109,18.739723,18.64096,20.757887,21.122997,19.49802,19.408253,18.889828,18.802988,0.0,4.0,0.0,0.0,0.0,4.0,0.0,0.0
29439,2023.0,7.0,24.0,10.0,19.95465,20.109035,18.994734,18.888954,19.686592,19.521952,19.07986,18.803257,19.22082,19.072498,18.714743,18.616405,20.792788,21.156044,19.465797,19.377117,18.847124,18.763544,0.0,0.0,0.0,0.0,0.0,4.0,0.0,0.0
29440,2023.0,7.0,24.0,10.0,19.549887,19.412626,18.949198,18.84145,19.383045,19.066635,18.995201,18.702534,18.915613,18.649885,18.693624,18.59369,20.821772,21.185001,19.438225,19.34872,18.809772,18.725424,0.0,0.0,0.0,0.0,0.0,4.0,0.0,0.0
29441,2023.0,7.0,24.0,10.0,19.45003,19.313786,18.910696,18.806877,19.292645,18.981571,19.10646,18.978373,18.968336,18.846018,19.03549,19.250828,20.846073,21.206854,20.415812,21.219181,18.777489,18.69575,0.0,0.0,0.0,0.0,4.0,4.0,4.0,0.0
29442,2023.0,7.0,24.0,11.0,19.552687,19.58592,18.873705,18.770782,19.390697,19.250013,19.13193,19.03843,18.963936,18.865332,20.139149,21.124481,20.199621,19.971062,19.636026,19.498528,18.74663,18.665306,0.0,0.0,0.0,0.0,0.0,0.0,0.0,0.0
29443,2023.0,7.0,24.0,11.0,19.581219,19.645159,18.83654,18.736046,19.417763,19.313116,19.113543,19.024294,18.926584,18.831923,19.34468,19.407475,20.61757,20.960705,19.256147,19.02767,18.715778,18.636086,0.0,0.0,0.0,0.0,0.0,4.0,0.0,0.0
29444,2023.0,7.0,24.0,11.0,19.56003,19.627993,19.248322,19.532194,19.392097,19.29291,19.77212,20.281015,18.896439,18.803286,19.028578,18.92644,20.76718,21.143719,19.188936,18.954357,18.69205,18.613325,4.0,0.0,4.0,0.0,0.0,4.0,0.0,0.0
29445,2023.0,7.0,24.0,11.0,19.535982,19.605753,20.109804,20.996607,19.36304,19.26704,19.961655,20.488743,18.868584,18.777348,18.952372,18.842379,20.811457,21.188364,19.152094,18.921406,19.564272,20.281328,0.0,0.0,4.0,0.0,0.0,4.0,0.0,4.0
29446,2023.0,7.0,24.0,11.0,19.503176,19.566704,19.748419,20.131153,20.013008,20.519054,19.84671,20.177603,18.840405,18.751034,18.89592,18.787752,20.167866,19.941067,19.244576,19.145079,20.06407,20.916151,4.0,4.0,4.0,0.0,0.0,0.0,0.0,0.0
29447,2023.0,7.0,24.0,11.0,19.49096,19.569397,20.064804,20.726917,19.687088,19.71397,19.840221,20.163383,18.815786,18.728224,18.853409,18.747171,19.896128,19.614285,19.27435,19.18864,19.171398,19.06846,4.0,0.0,4.0,0.0,0.0,0.0,0.0,0.0
29448,2023.0,7.0,24.0,12.0,19.473328,19.553331,20.007072,20.545408,19.883547,20.198515,19.313927,19.154661,18.793993,18.7077,18.818855,18.7144,20.541405,20.916578,19.26649,19.18392,18.77165,18.573473,4.0,4.0,0.0,0.0,0.0,4.0,0.0,0.0
29449,2023.0,7.0,24.0,12.0,21.215212,22.638344,20.03224,20.566177,21.17449,22.391775,21.240595,22.725212,18.775879,18.691507,18.792194,18.690744,21.161196,21.900406,21.273314,22.683298,18.784029,18.695192,0.0,0.0,0.0,0.0,0.0,0.0,0.0,0.0
29450,2023.0,7.0,24.0,12.0,20.993067,22.033573,19.674639,19.818228,21.012447,21.921743,21.00337,22.054745,18.76175,18.678972,18.77047,18.671558,21.019308,21.53958,20.992607,21.999823,18.77971,18.700964,4.0,0.0,0.0,0.0,0.0,0.0,0.0,0.0
29451,2023.0,7.0,24.0,12.0,21.0018,21.922766,20.088785,20.66364,21.03783,21.870384,21.016678,21.933079,18.751524,18.670883,18.753403,18.657211,20.994564,21.4168,21.031054,21.941067,18.750975,18.675526,0.0,0.0,4.0,0.0,0.0,4.0,0.0,0.0
29452,2023.0,7.0,24.0,12.0,21.003847,21.864304,19.388493,19.268003,21.025684,21.796211,21.017683,21.859465,18.744177,18.665543,19.113184,19.347656,21.029701,21.476038,21.026419,21.841074,18.727177,18.654226,0.0,0.0,4.0,0.0,4.0,0.0,0.0,0.0
29453,2023.0,7.0,24.0,12.0,21.010807,21.821974,19.584318,19.878819,21.026615,21.76157,21.042688,21.878754,18.73933,18.66206,20.125555,21.021408,21.023148,21.432251,21.025694,21.773962,18.70856,18.637173,4.0,0.0,0.0,0.0,0.0,0.0,0.0,0.0
29454,2023.0,7.0,24.0,13.0,21.036867,21.854706,20.058044,20.658222,21.000208,21.662062,21.036282,21.823483,18.737411,18.660942,19.40294,19.463686,21.02306,21.40635,21.024927,21.723024,18.695282,18.625319,0.0,4.0,0.0,0.0,0.0,0.0,0.0,0.0
29455,2023.0,7.0,24.0,13.0,21.030247,21.805616,19.511415,19.554113,21.03129,21.73065,21.03567,21.789454,18.74064,18.666443,19.031458,18.95366,21.294739,21.892735,21.023827,21.682335,18.688133,18.620672,0.0,0.0,0.0,0.0,0.0,4.0,0.0,0.0
29456,2023.0,7.0,24.0,13.0,21.029068,21.774826,19.195309,19.135424,21.031404,21.699778,21.025852,21.761553,18.747885,18.675692,18.96154,18.869446,21.203512,21.61052,21.021992,21.64778,18.685959,18.620502,0.0,0.0,0.0,0.0,0.0,4.0,0.0,0.0
29457,2023.0,7.0,24.0,13.0,21.059006,21.809027,19.099792,19.034132,21.063494,21.735563,21.012005,21.696854,18.757952,18.686987,18.9381,18.845985,21.037636,21.328531,21.047522,21.668852,18.687735,18.623672,0.0,0.0,4.0,0.0,0.0,0.0,0.0,0.0
29458,2023.0,7.0,24.0,13.0,21.015194,21.721125,19.04431,18.98658,21.016485,21.64037,21.03996,21.76459,18.770279,18.699802,18.928541,18.838003,21.213497,21.65944,21.016628,21.58637,18.692877,18.62972,0.0,0.0,0.0,0.0,0.0,4.0,0.0,0.0
29459,2023.0,7.0,24.0,13.0,21.044456,21.777271,18.996296,18.942684,21.048264,21.701014,21.023298,21.684055,18.784597,18.71465,18.925205,18.83562,21.278646,21.72651,21.04449,21.62187,18.700344,18.637854,0.0,0.0,4.0,0.0,0.0,4.0,0.0,0.0
29460,2023.0,7.0,24.0,14.0,21.018646,21.719563,19.396658,19.73194,20.996172,21.570753,21.01039,21.662504,19.54561,20.140697,18.926432,18.83786,20.990103,21.210203,21.017183,21.551142,19.6644,20.458733,4.0,4.0,4.0,4.0,0.0,0.0,0.0,4.0
29461,2023.0,7.0,24.0,14.0,20.433685,20.590076,20.08526,20.861864,20.390312,20.440844,20.729536,21.11885,20.05196,20.80697,18.92832,18.838137,21.2713,21.732616,20.451578,20.447786,20.037369,20.827461,0.0,0.0,4.0,0.0,0.0,4.0,0.0,0.0
29462,2023.0,7.0,24.0,14.0,20.146807,20.258207,19.470942,19.57564,20.543058,20.91917,20.075111,19.997,19.340559,19.300869,18.931479,18.839565,21.353674,21.812975,20.161516,20.081247,20.063602,20.710403,0.0,4.0,0.0,0.0,0.0,4.0,0.0,4.0
29463,2023.0,7.0,24.0,14.0,20.75668,21.480358,19.629595,19.973976,20.066328,19.999018,20.419645,20.788723,19.093035,18.935123,18.936563,18.84331,21.385374,21.845533,21.053831,21.84142,20.021477,20.602123,4.0,0.0,4.0,0.0,0.0,4.0,4.0,0.0
29464,2023.0,7.0,24.0,14.0,20.340374,20.535189,20.043499,20.63541,19.753077,19.592775,19.997528,19.932486,19.08577,18.9923,18.94161,18.84777,21.4158,21.877878,20.40685,20.347797,19.403534,19.356688,4.0,0.0,0.0,0.0,0.0,4.0,0.0,0.0
29465,2023.0,7.0,24.0,14.0,20.57767,21.155588,20.021584,20.563477,19.630863,19.459883,19.666079,19.510393,19.080072,18.994017,19.35145,19.617817,21.443865,21.908792,19.98625,19.803572,19.088268,18.944895,0.0,0.0,0.0,0.0,4.0,4.0,0.0,0.0
29466,2023.0,7.0,24.0,15.0,20.092674,20.14708,19.78827,20.056149,19.653248,19.585268,20.185627,20.59183,19.062048,18.977331,20.080557,20.798157,21.468191,21.934557,19.867048,19.684381,19.0007,18.856157,4.0,0.0,4.0,0.0,0.0,4.0,0.0,0.0
29467,2023.0,7.0,24.0,15.0,19.826294,19.827314,20.045324,20.565737,20.294308,20.822573,19.807379,19.759531,19.045723,18.961878,19.532413,19.610924,21.490114,21.957285,20.748508,21.414686,19.00755,18.923033,4.0,4.0,0.0,0.0,0.0,4.0,4.0,0.0
29468,2023.0,7.0,24.0,15.0,19.727251,19.724049,20.020489,20.506243,19.871544,19.839825,20.149961,20.570839,19.03144,18.948498,19.208902,19.130234,21.511202,21.980083,20.22106,20.158936,18.997494,18.921387,0.0,0.0,4.0,0.0,0.0,4.0,0.0,0.0
29469,2023.0,7.0,24.0,15.0,19.756163,19.848806,19.494766,19.477045,20.178955,20.589027,19.764074,19.728043,19.019062,18.937447,19.137983,19.04734,21.530745,22.00156,19.882124,19.722996,19.860054,20.574572,0.0,4.0,0.0,0.0,0.0,4.0,0.0,4.0
29470,2023.0,7.0,24.0,15.0,20.457674,21.194853,19.760363,20.095541,19.762714,19.728203,19.539524,19.411936,19.009418,18.929003,19.11926,19.027447,20.838976,20.681412,19.792702,19.624453,20.057371,20.734531,4.0,0.0,0.0,0.0,0.0,0.0,0.0,4.0
29471,2023.0,7.0,24.0,15.0,19.928158,20.043436,20.0372,20.57421,19.55328,19.42163,19.453627,19.32538,19.000229,18.921339,19.104446,19.013205,20.61213,20.386194,19.741863,19.57742,20.146584,20.816948,0.0,0.0,0.0,0.0,0.0,0.0,0.0,4.0
29472,2023.0,7.0,24.0,16.0,19.65181,19.697187,19.484694,19.469208,19.468414,19.33576,19.464405,19.420406,18.990276,18.913227,19.089508,19.000225,21.237276,21.661812,19.764116,19.673555,20.005703,20.527046,0.0,0.0,0.0,0.0,0.0,4.0,0.0,0.0
29473,2023.0,7.0,24.0,16.0,19.571444,19.596504,19.175392,19.065348,19.489367,19.436329,19.44332,19.41213,18.978231,18.90112,19.072895,18.983305,20.738283,20.575499,19.75317,19.670193,19.43253,19.389444,0.0,0.0,0.0,0.0,0.0,0.0,0.0,0.0
29474,2023.0,7.0,24.0,16.0,19.625881,19.74453,19.169403,19.130423,19.475973,19.433989,19.404255,19.370584,18.965464,18.887344,19.056534,18.965073,20.53216,20.303816,19.724968,19.641659,19.194248,19.045818,0.0,0.0,0.0,0.0,0.0,0.0,0.0,0.0
29475,2023.0,7.0,24.0,16.0,19.608433,19.723785,19.573578,19.925646,19.44883,19.409168,19.37081,19.339767,18.953423,18.876087,19.041641,18.951208,21.17714,21.599932,19.697796,19.616453,19.112253,18.968298,4.0,0.0,0.0,0.0,0.0,4.0,0.0,0.0
29476,2023.0,7.0,24.0,16.0,19.58618,19.700209,20.046358,20.699167,19.420609,19.380781,19.336975,19.305498,18.940044,18.862795,19.024809,18.933956,20.677412,20.56995,19.670126,19.589363,19.106787,19.022316,4.0,0.0,0.0,0.0,0.0,0.0,0.0,0.0
29477,2023.0,7.0,24.0,16.0,19.56006,19.671726,20.051817,20.638844,19.388052,19.345913,19.298794,19.26459,18.924665,18.847143,19.006138,18.915003,20.384476,20.162489,19.63901,19.557617,19.07434,18.995846,0.0,0.0,0.0,0.0,0.0,0.0,0.0,0.0
29478,2023.0,7.0,24.0,17.0,20.21772,20.927143,19.44031,19.41451,19.361345,19.321247,19.268024,19.236156,18.910793,18.83472,18.990211,18.901028,21.027067,21.4597,19.611677,19.532537,19.033491,18.958738,0.0,0.0,0.0,0.0,0.0,4.0,0.0,0.0
29479,2023.0,7.0,24.0,17.0,19.686487,19.772268,19.176693,19.034466,19.336943,19.296225,19.925646,20.49716,18.897326,18.821838,18.974758,18.886219,20.531837,20.420855,19.586613,19.508114,18.99856,18.924738,0.0,0.0,4.0,0.0,0.0,0.0,0.0,0.0
29480,2023.0,7.0,24.0,17.0,19.491583,19.495806,19.167593,19.107384,19.99674,20.558058,19.51206,19.577332,18.883816,18.809135,18.958408,18.870811,20.322325,20.107933,19.561852,19.48424,18.965635,18.893171,0.0,4.0,0.0,0.0,0.0,0.0,0.0,0.0
29481,2023.0,7.0,24.0,17.0,20.120934,20.726494,19.577631,19.9213,19.593464,19.657248,19.869139,20.308796,18.869703,18.795889,18.9413,18.854652,20.245758,20.025568,19.53792,19.461224,18.935566,18.864437,4.0,0.0,4.0,0.0,0.0,0.0,0.0,0.0
29482,2023.0,7.0,24.0,17.0,20.247995,20.834343,20.063122,20.740105,19.309582,19.1817,19.423399,19.386211,18.855188,18.782364,18.923532,18.837767,20.2939,20.179182,20.51622,21.331919,19.789253,20.503208,0.0,0.0,0.0,0.0,0.0,0.0,4.0,4.0
29483,2023.0,7.0,24.0,17.0,19.725496,19.805933,19.885315,20.292788,19.83009,20.229845,19.148853,19.018309,18.8397,18.76798,18.904354,18.820023,21.037495,21.608068,19.908363,19.858866,20.027334,20.703398,4.0,4.0,0.0,0.0,0.0,4.0,0.0,0.0
29484,2023.0,7.0,24.0,18.0,19.476767,19.487013,20.052942,20.622477,19.487774,19.42822,19.068846,18.924517,18.823479,18.752708,18.884672,18.801228,20.510351,20.404764,19.536995,19.382013,19.325987,19.277416,0.0,0.0,0.0,0.0,0.0,0.0,0.0,0.0
29485,2023.0,7.0,24.0,18.0,21.175793,22.524082,19.45664,19.427822,21.220861,22.635101,21.240347,22.831923,18.806301,18.736336,18.864979,18.782972,21.105341,21.599695,21.243107,22.412258,18.989473,18.846375,0.0,0.0,0.0,0.0,0.0,0.0,0.0,0.0
29486,2023.0,7.0,24.0,18.0,21.014492,22.060194,19.08601,18.926609,21.009687,22.020477,20.976686,22.070364,19.538914,20.13832,18.84393,18.762798,21.139538,21.60053,21.00729,21.856934,18.955774,18.881584,0.0,0.0,4.0,4.0,0.0,4.0,0.0,0.0
29487,2023.0,7.0,24.0,18.0,21.03403,21.990913,19.069359,18.997068,21.03051,21.956617,21.022013,22.019384,20.056786,20.852293,18.822412,18.742489,21.008512,21.355408,21.128786,21.964153,19.872856,20.649078,0.0,0.0,4.0,0.0,0.0,0.0,4.0,4.0
29488,2023.0,7.0,24.0,18.0,21.031092,21.910217,19.486973,19.813614,21.001854,21.80851,21.041311,21.986576,19.275644,19.226412,18.800259,18.72155,21.158241,21.600847,21.018795,21.722641,20.013094,20.658201,4.0,4.0,0.0,0.0,0.0,4.0,0.0,0.0
29489,2023.0,7.0,24.0,18.0,21.023127,21.856565,20.052784,20.715542,21.03279,21.846672,21.035881,21.906036,19.613655,20.089436,18.777447,18.699669,21.002876,21.304628,21.031158,21.703476,19.300236,19.218863,4.0,0.0,0.0,4.0,0.0,0.0,0.0,0.0
29490,2023.0,7.0,24.0,19.0,21.022873,21.82681,20.001495,20.539661,21.005692,21.721651,21.034128,21.850786,20.067522,20.754574,18.754387,18.677425,21.022331,21.339582,21.02805,21.663244,18.961687,18.800016,4.0,4.0,0.0,0.0,0.0,0.0,0.0,0.0
29491,2023.0,7.0,24.0,19.0,20.996668,21.731253,20.030043,20.563692,21.013622,21.704987,21.002161,21.743334,19.956234,20.41152,18.73252,18.657394,21.019753,21.32977,21.029535,21.64014,19.898611,20.67813,0.0,4.0,4.0,4.0,0.0,0.0,0.0,4.0
29492,2023.0,7.0,24.0,19.0,21.03685,21.805664,19.389017,19.292206,21.038069,21.75,21.04175,21.812712,20.011864,20.513714,18.709286,18.635532,21.013716,21.327711,21.022646,21.619728,20.076056,20.675537,0.0,0.0,0.0,4.0,0.0,0.0,0.0,4.0
29493,2023.0,7.0,24.0,19.0,21.027708,21.763657,19.015787,18.795452,21.031307,21.711332,21.032724,21.767561,20.029268,20.542114,18.683641,18.610216,21.014545,21.336914,21.022642,21.614222,20.02575,20.601843,0.0,0.0,0.0,0.0,0.0,0.0,0.0,0.0
29494,2023.0,7.0,24.0,19.0,21.029522,21.7467,19.032286,18.939873,21.032846,21.69195,21.034952,21.748556,19.356674,19.218105,18.658092,18.586792,21.014977,21.344055,21.023235,21.611176,20.115858,20.695524,0.0,0.0,0.0,0.0,0.0,0.0,0.0,4.0
29495,2023.0,7.0,24.0,19.0,21.04495,21.773392,19.016504,18.942503,21.006752,21.608212,21.05439,21.781078,19.011265,18.801311,18.628529,18.556587,21.030668,21.380816,21.04735,21.65449,20.05038,20.557848,0.0,4.0,0.0,0.0,0.0,0.0,0.0,0.0
29496,2023.0,7.0,24.0,20.0,21.019018,21.719446,18.971046,18.899878,21.038778,21.687199,21.022821,21.714615,19.015862,18.931131,18.6015,18.532616,21.013798,21.351315,21.020016,21.596874,19.34813,19.202248,0.0,0.0,0.0,0.0,0.0,0.0,0.0,0.0
29497,2023.0,7.0,24.0,20.0,21.044888,21.767557,18.918993,18.840746,21.06528,21.719156,21.05414,21.772305,18.980494,18.90543,18.56844,18.498323,21.031683,21.393135,21.04804,21.65201,19.00936,18.808441,0.0,0.0,0.0,0.0,0.0,0.0,0.0,0.0
29498,2023.0,7.0,24.0,20.0,21.018282,21.709965,18.878391,18.800373,21.017872,21.630049,21.021767,21.70269,18.92117,18.849598,18.937014,19.222893,21.013784,21.361475,21.316633,22.119902,18.885681,18.686314,0.0,0.0,0.0,0.0,4.0,0.0,4.0,0.0
29499,2023.0,7.0,24.0,20.0,21.022976,21.716246,18.84027,18.760584,20.999176,21.57252,21.02718,21.709917,18.864626,18.796217,20.138329,21.213377,21.284887,21.862305,21.189621,21.775747,18.910896,18.835335,0.0,4.0,0.0,0.0,4.0,4.0,4.0,0.0
29500,2023.0,7.0,24.0,20.0,21.021645,21.711637,18.803219,18.718605,21.040323,21.66047,21.02632,21.704279,18.810247,18.741798,20.008043,20.830301,20.982498,21.269457,21.016754,21.54208,18.886698,18.820145,0.0,0.0,0.0,0.0,0.0,0.0,0.0,0.0
29501,2023.0,7.0,24.0,20.0,21.021933,21.70931,19.206648,19.498236,21.0063,21.55826,21.02653,21.700455,18.759342,18.687754,19.114912,18.999733,21.027956,21.360334,21.105412,21.677118,18.831291,18.764555,4.0,4.0,0.0,0.0,0.0,0.0,4.0,0.0
29502,2023.0,7.0,24.0,21.0,21.030489,21.69338,20.113068,21.001802,21.012424,21.56355,21.026482,21.696297,18.711105,18.637007,18.9986,19.07559,21.074749,21.421167,21.022131,21.550282,18.775839,18.70625,0.0,4.0,0.0,0.0,4.0,4.0,0.0,0.0
29503,2023.0,7.0,24.0,21.0,21.024025,21.711803,19.381248,19.451937,21.012117,21.55792,21.000727,21.620947,18.666822,18.589195,20.1803,21.048496,21.072401,21.40894,21.092669,21.646994,18.725136,18.652882,0.0,4.0,4.0,0.0,4.0,4.0,4.0,0.0
29504,2023.0,7.0,24.0,21.0,21.06242,21.76492,18.94997,18.845695,21.067642,21.688488,21.054863,21.758825,18.622686,18.539879,20.076014,20.770157,21.055817,21.380388,21.061008,21.61009,18.6766,18.600058,0.0,0.0,0.0,0.0,0.0,4.0,0.0,0.0
29505,2023.0,7.0,24.0,21.0,21.026562,21.675951,18.875256,18.773102,21.028677,21.590002,21.033016,21.67979,18.585583,18.50156,19.180082,19.001163,21.040625,21.356573,21.088606,21.622444,18.635178,18.557268,0.0,0.0,0.0,0.0,0.0,4.0,4.0,0.0
29506,2023.0,7.0,24.0,21.0,21.043604,21.716364,18.808184,18.691477,21.067179,21.653046,21.072708,21.736465,18.545471,18.45626,18.877441,18.76894,21.020811,21.32461,21.062508,21.608473,18.592146,18.509823,0.0,0.0,0.0,0.0,0.0,4.0,0.0,0.0
29507,2023.0,7.0,24.0,21.0,21.044287,21.714422,18.75901,18.637547,21.046066,21.610973,21.05173,21.690031,18.50966,18.417276,18.801064,18.688612,21.052961,21.42146,21.063574,21.607527,18.55398,18.468788,0.0,0.0,0.0,0.0,0.0,0.0,0.0,0.0
29508,2023.0,7.0,24.0,22.0,21.044611,21.715546,18.714643,18.588667,21.047232,21.623852,21.052208,21.69854,18.47487,18.379328,18.713152,18.59824,21.052328,21.401731,21.070189,21.571514,18.517319,18.429264,0.0,0.0,0.0,0.0,0.0,0.0,4.0,0.0
29509,2023.0,7.0,24.0,22.0,21.04355,21.713152,18.677404,18.550716,21.047323,21.625542,21.052233,21.698536,18.443377,18.346972,18.634644,18.519594,21.052917,21.396723,21.063835,21.605343,18.484232,18.395416,0.0,0.0,0.0,0.0,0.0,0.0,0.0,0.0
29510,2023.0,7.0,24.0,22.0,21.018707,21.668863,18.645298,18.519384,21.02003,21.57885,21.02181,21.645254,18.413763,18.316608,18.89137,19.064093,21.022442,21.337572,21.027203,21.534513,18.453096,18.363386,0.0,0.0,0.0,0.0,4.0,0.0,0.0,0.0
29511,2023.0,7.0,24.0,22.0,21.022823,21.67899,18.61668,18.491886,21.024984,21.591633,21.027407,21.658539,18.38593,18.289082,20.178087,21.249628,21.269917,21.806702,21.033718,21.546318,18.423956,18.334436,0.0,0.0,0.0,0.0,0.0,4.0,0.0,0.0
29512,2023.0,7.0,24.0,22.0,21.022243,21.678534,18.58868,18.462324,21.024206,21.591423,21.026463,21.65702,18.35771,18.25977,19.53943,19.84142,20.994509,21.270111,21.032719,21.54246,18.395006,18.304577,0.0,0.0,0.0,0.0,4.0,0.0,0.0,0.0
29513,2023.0,7.0,24.0,22.0,21.02252,21.679167,18.562943,18.435284,21.024294,21.59204,21.02661,21.65685,18.330223,18.231136,20.1217,21.012608,20.999552,21.26792,21.023159,21.541557,18.36694,18.275368,0.0,0.0,0.0,0.0,0.0,4.0,0.0,0.0
29514,2023.0,7.0,24.0,23.0,21.022902,21.67924,18.539364,18.410433,21.024302,21.591936,21.026594,21.656105,18.90295,19.331753,19.299547,19.32227,21.032612,21.364614,21.295532,22.038322,18.340385,18.24848,0.0,0.0,0.0,4.0,0.0,0.0,4.0,0.0
29515,2023.0,7.0,24.0,23.0,20.438469,20.5547,18.515692,18.38442,20.409092,20.409613,20.352955,20.361391,18.60408,18.553328,18.85217,18.746124,20.326225,20.0068,20.287354,20.040545,18.314108,18.22136,0.0,0.0,0.0,0.0,0.0,0.0,0.0,0.0
29516,2023.0,7.0,24.0,23.0,20.156242,20.158796,18.49176,18.355015,20.070726,19.909222,19.997517,19.847681,18.431911,18.325718,18.723326,18.593237,20.04473,19.650127,19.881187,19.52336,18.288218,18.192062,0.0,0.0,0.0,0.0,0.0,0.0,0.0,0.0
29517,2023.0,7.0,24.0,23.0,20.044088,20.050167,18.471064,18.332808,19.94723,19.78938,19.86448,19.719387,18.380291,18.27343,18.640896,18.511683,20.173851,20.035557,19.712656,19.36298,18.26332,18.165794,0.0,0.0,0.0,0.0,0.0,0.0,0.0,0.0
29518,2023.0,7.0,24.0,23.0,19.94724,19.94975,18.448244,18.30652,19.840208,19.677485,19.749142,19.599176,18.333673,18.223906,18.56264,18.42971,20.124235,19.980253,19.570889,19.223093,18.236887,18.137108,0.0,0.0,0.0,0.0,0.0,0.0,0.0,0.0
29519,2023.0,7.0,24.0,23.0,19.86838,19.872215,18.427284,18.28418,19.754549,19.59438,19.657246,19.510145,18.293848,18.18296,18.816145,18.9661,20.058523,19.914581,19.675947,19.556412,18.210772,18.109589,0.0,0.0,0.0,0.0,4.0,0.0,0.0,0.0
29520,2023.0,7.0,25.0,0.0,19.809439,19.825466,18.406712,18.262514,19.679441,19.52249,19.577023,19.433348,18.25751,18.146294,18.559038,18.449705,19.998116,19.855087,19.62583,19.502321,18.913769,19.454914,0.0,0.0,0.0,0.0,0.0,0.0,0.0,4.0
29521,2023.0,7.0,25.0,0.0,19.75476,19.777016,18.38466,18.237705,19.606876,19.448149,19.499956,19.35424,18.22116,18.107708,18.723152,18.845722,19.938272,19.79315,19.55587,19.430668,18.423275,18.359388,0.0,0.0,0.0,0.0,4.0,0.0,0.0,0.0
29522,2023.0,7.0,25.0,0.0,19.69505,19.71445,18.362173,18.211992,19.53934,19.377825,19.428654,19.279758,18.185709,18.0696,18.471111,18.338812,19.881361,19.733421,19.487745,19.35994,18.08252,17.796808,0.0,0.0,0.0,0.0,0.0,0.0,0.0,0.0
29523,2023.0,7.0,25.0,0.0,19.637852,19.653065,18.338652,18.18416,19.474842,19.308674,19.360765,19.206762,18.150715,18.031437,18.354664,18.212315,19.826899,19.675457,19.42199,19.290989,17.967257,17.666965,0.0,0.0,0.0,0.0,0.0,0.0,0.0,0.0
29524,2023.0,7.0,25.0,0.0,19.58782,19.60267,18.317627,18.161564,19.420027,19.25488,19.30298,19.149994,18.118408,17.99797,18.293606,18.15139,19.777971,19.625887,19.362236,19.230854,18.080736,17.964613,0.0,0.0,0.0,0.0,0.0,0.0,0.0,0.0
29525,2023.0,7.0,25.0,0.0,19.541815,19.55744,18.296747,18.13951,19.369387,19.205902,19.249489,19.098288,18.087433,17.9666,18.237421,18.096327,19.732483,19.580765,19.306742,19.176235,18.806509,19.337048,0.0,0.0,0.0,0.0,0.0,0.0,0.0,4.0
29526,2023.0,7.0,25.0,1.0,19.495808,19.509706,18.27442,18.114782,19.318968,19.154379,19.196402,19.044008,18.055548,17.933043,18.182703,18.039875,19.68712,19.533903,19.25177,19.120077,18.127037,17.865196,0.0,0.0,0.0,0.0,0.0,0.0,0.0,0.0
29527,2023.0,7.0,25.0,1.0,19.44974,19.45971,18.251007,18.088057,19.268724,19.100615,19.143784,18.98754,18.022692,17.897295,18.44956,18.58516,19.641672,19.485165,19.196964,19.062014,17.88793,17.568474,0.0,0.0,0.0,0.0,4.0,0.0,0.0,0.0
29528,2023.0,7.0,25.0,1.0,19.409212,19.418804,18.229853,18.065693,19.224703,19.056957,19.097713,18.941757,17.99223,17.866062,18.189022,18.045322,19.60057,19.443579,19.14725,19.012096,17.80878,17.488838,0.0,0.0,0.0,0.0,0.0,0.0,0.0,0.0
29529,2023.0,7.0,25.0,1.0,19.368456,19.375751,18.207682,18.041082,19.180607,19.01116,19.051538,18.893759,17.960827,17.832836,18.08692,17.93669,19.559374,19.400534,19.097788,18.960989,17.936491,17.812414,0.0,0.0,0.0,0.0,0.0,0.0,0.0,0.0
29530,2023.0,7.0,25.0,1.0,19.331757,19.339369,18.1871,18.019808,19.141035,18.972713,19.010025,18.853449,18.514181,18.89845,18.036491,17.887575,19.521301,19.3627,19.051985,18.91578,17.938276,17.818634,0.0,0.0,0.0,4.0,0.0,0.0,0.0,0.0
29531,2023.0,7.0,25.0,1.0,19.294226,19.299847,18.164982,17.995646,19.100569,18.930983,18.967588,18.809723,18.112597,18.010574,18.286182,18.3979,19.482332,19.322208,19.005457,18.867918,17.913925,17.793995,0.0,0.0,0.0,0.0,4.0,0.0,0.0,0.0
29532,2023.0,7.0,25.0,2.0,19.25784,19.261183,18.1427,17.971128,19.061178,18.8901,18.926409,18.766981,17.975275,17.843699,18.045076,17.895536,19.443947,19.282188,18.959808,18.82082,17.885395,17.764036,0.0,0.0,0.0,0.0,0.0,0.0,0.0,0.0
29533,2023.0,7.0,25.0,2.0,19.223131,19.225023,18.121305,17.948309,19.02318,18.850863,18.886774,18.725918,17.92673,17.793428,17.944271,17.789022,19.406698,19.243805,18.915466,18.77545,17.855932,17.733688,0.0,0.0,0.0,0.0,0.0,0.0,0.0,0.0
29534,2023.0,7.0,25.0,2.0,19.19274,19.196491,18.103287,17.93212,18.991045,18.822037,18.853298,18.695782,18.47971,18.870758,17.897387,17.745506,19.37341,19.212292,18.875298,18.737186,17.828506,17.707489,0.0,0.0,0.0,4.0,0.0,0.0,0.0,0.0
29535,2023.0,7.0,25.0,2.0,19.161863,19.166054,18.084019,17.913475,18.958078,18.79044,18.818941,18.662764,17.843504,17.522314,17.85085,17.7,19.340082,19.179628,18.835281,18.69797,17.800507,17.679945,0.0,0.0,0.0,0.0,0.0,0.0,0.0,0.0
29536,2023.0,7.0,25.0,2.0,19.131414,19.135468,18.064396,17.894136,18.925402,18.758537,18.784918,18.629463,18.212433,18.377932,18.098831,18.201181,19.307312,19.147058,18.795883,18.658848,18.501347,19.024063,0.0,0.0,0.0,4.0,4.0,0.0,0.0,4.0
29537,2023.0,7.0,25.0,2.0,19.101257,19.104956,18.044685,17.874529,18.893263,18.726908,18.751688,18.596598,17.749836,17.39961,18.21152,18.356392,19.275412,19.115202,18.757425,18.620476,18.011566,17.936419,0.0,0.0,0.0,0.0,4.0,0.0,0.0,0.0
29538,2023.0,7.0,25.0,3.0,19.071873,19.075436,18.025393,17.855309,18.86199,18.696293,18.719791,18.565067,17.571188,17.21514,17.669764,17.291056,19.24473,19.084784,18.720293,18.583673,17.655842,17.341152,0.0,0.0,0.0,0.0,0.0,0.0,0.0,0.0
29539,2023.0,7.0,25.0,3.0,19.0417,19.04427,18.005472,17.8348,18.829876,18.663414,18.687115,18.531301,17.4912,17.13107,17.45037,17.036184,19.21422,19.053759,18.68321,18.545963,17.52971,17.197989,0.0,0.0,0.0,0.0,0.0,0.0,0.0,0.0
29540,2023.0,7.0,25.0,3.0,19.013897,19.017242,17.987684,17.81914,18.801739,18.637875,18.658152,18.5049,17.643244,17.504335,17.641376,17.50957,19.18683,19.027975,18.649372,18.513699,17.661968,17.535915,0.0,0.0,0.0,0.0,0.0,0.0,0.0,0.0
29541,2023.0,7.0,25.0,3.0,18.98718,18.99236,17.96973,17.803719,18.774548,18.613678,18.62984,18.47972,17.656416,17.52613,17.638561,17.493273,19.160889,19.004196,18.61719,18.483805,18.394276,18.917805,0.0,0.0,0.0,0.0,0.0,0.0,0.0,4.0
29542,2023.0,7.0,25.0,3.0,18.959627,18.965431,17.950865,17.786455,18.74652,18.58731,18.60078,18.452324,17.639154,17.511747,17.60555,17.459873,19.134708,18.979216,18.584673,18.452482,17.715849,17.4488,0.0,0.0,0.0,0.0,0.0,0.0,0.0,0.0
29543,2023.0,7.0,25.0,3.0,18.930592,18.935112,17.930162,17.765368,18.716373,18.556244,18.569813,18.420242,17.61598,17.48844,17.573673,17.426933,19.10751,18.951557,18.550962,18.418102,17.481215,17.157042,0.0,0.0,0.0,0.0,0.0,0.0,0.0,0.0
29544,2023.0,7.0,25.0,4.0,18.903934,18.909136,17.911297,17.74788,18.68896,18.530304,18.541607,18.393461,17.592878,17.466413,17.544363,17.398985,19.08245,18.927635,18.519598,18.38784,17.409035,17.089031,0.0,0.0,0.0,0.0,0.0,0.0,0.0,0.0
29545,2023.0,7.0,25.0,4.0,18.878212,18.884708,17.893883,17.733234,18.663326,18.507595,18.515055,18.3699,17.57049,17.44588,17.517008,17.37409,19.058641,18.905676,18.48952,18.359573,17.5433,17.422007,0.0,0.0,0.0,0.0,0.0,0.0,0.0,0.0
29546,2023.0,7.0,25.0,4.0,18.852415,18.859676,17.875395,17.71613,18.636578,18.482048,18.487236,18.343323,17.547663,17.424086,17.489357,17.347507,19.034714,18.882782,18.459393,18.330425,17.551142,17.43684,0.0,0.0,0.0,0.0,0.0,0.0,0.0,0.0
29547,2023.0,7.0,25.0,4.0,18.82726,18.835625,17.857624,17.70042,18.61092,18.458422,18.460587,18.318758,17.525602,17.403484,17.463291,17.323215,19.011713,18.861242,18.430218,18.302662,17.53266,17.419643,0.0,0.0,0.0,0.0,0.0,0.0,0.0,0.0
29548,2023.0,7.0,25.0,4.0,18.818514,18.844229,17.841288,17.687569,18.587297,18.438673,18.436127,18.298267,18.088501,18.481745,17.735538,17.855934,18.990328,18.842442,18.402802,18.277922,17.512665,17.401905,0.0,0.0,0.0,4.0,4.0,0.0,0.0,0.0
29549,2023.0,7.0,25.0,4.0,18.799114,18.827349,17.823679,17.671778,18.561983,18.415123,18.410023,18.2739,17.698381,17.611277,17.53401,17.412004,18.9683,18.821722,18.37463,18.250967,17.490915,17.381392,0.0,0.0,0.0,0.0,0.0,0.0,0.0,0.0
29550,2023.0,7.0,25.0,5.0,18.777584,18.807186,17.806812,17.657003,18.53753,18.392965,18.384945,18.251062,17.571892,17.456047,17.448442,17.31473,19.679398,20.187263,18.347645,18.225748,17.46971,17.36182,0.0,0.0,0.0,0.0,0.0,4.0,0.0,0.0
29551,2023.0,7.0,25.0,5.0,18.754417,18.78391,17.788475,17.639242,18.511894,18.367992,18.358631,18.225418,17.533417,17.417776,17.418344,17.285906,18.957932,18.652033,18.320076,18.19875,18.169958,18.699165,0.0,0.0,0.0,0.0,0.0,0.0,0.0,4.0
29552,2023.0,7.0,25.0,5.0,18.730255,18.759058,17.769152,17.61991,18.485676,18.341711,18.331738,18.198465,17.499262,17.383427,17.388512,17.256193,18.723642,18.344406,18.292213,18.170996,17.693796,17.635757,0.0,0.0,0.0,0.0,0.0,0.0,0.0,0.0
29553,2023.0,7.0,25.0,5.0,18.705807,18.733995,18.223576,18.489677,18.459482,18.315557,18.305204,18.171833,17.469376,17.35346,17.662195,17.792454,18.65641,18.279663,18.264608,18.143564,17.365892,17.088757,4.0,0.0,0.0,0.0,4.0,0.0,0.0,0.0
29554,2023.0,7.0,25.0,5.0,18.681807,18.710123,18.362196,18.652187,18.43401,18.290941,18.279593,18.14692,17.442299,17.327166,17.466116,17.360445,18.801676,18.630678,19.219873,19.96703,17.261753,16.977432,4.0,0.0,0.0,0.0,0.0,0.0,4.0,0.0
29555,2023.0,7.0,25.0,5.0,18.657255,18.685316,17.785654,17.502935,18.408306,18.265604,18.253592,18.121231,17.416674,17.301905,17.654198,17.77059,18.833717,18.687508,18.390282,18.162815,17.354626,17.228235,0.0,0.0,0.0,0.0,4.0,0.0,0.0,0.0
29556,2023.0,7.0,25.0,6.0,19.326843,19.962423,17.518084,17.111223,18.382654,18.239899,18.227299,18.094986,17.968344,18.358929,17.465563,17.35752,18.819769,18.676222,18.109808,17.796457,18.098509,18.633963,0.0,0.0,0.0,4.0,0.0,0.0,0.0,4.0
29557,2023.0,7.0,25.0,6.0,21.239294,23.2187,17.642656,17.443666,21.254227,23.35193,21.259558,23.490253,20.264633,22.265902,17.3701,17.24294,21.272623,22.922867,21.44905,23.577335,20.27722,22.316448,0.0,0.0,0.0,4.0,0.0,0.0,0.0,0.0
29558,2023.0,7.0,25.0,6.0,21.028412,22.521284,17.71763,17.567396,21.005703,22.539835,21.006271,22.648094,20.004396,21.440948,17.630913,17.760176,20.983627,22.200249,21.00922,22.532282,18.41422,18.345907,0.0,0.0,0.0,4.0,4.0,4.0,0.0,0.0
29559,2023.0,7.0,25.0,6.0,21.054409,22.396238,18.158735,18.40912,21.023178,22.35952,21.051138,22.529457,20.061007,21.37009,20.310516,22.329632,21.057554,22.192152,21.010473,22.33927,17.61426,17.347725,4.0,4.0,0.0,0.0,0.0,0.0,4.0,0.0
29560,2023.0,7.0,25.0,6.0,21.03633,22.266947,20.252684,21.9793,21.04641,22.301628,21.043993,22.37718,19.20362,19.531366,19.046322,19.522787,21.015472,21.960749,21.06183,22.335562,18.386126,18.95753,0.0,0.0,0.0,4.0,4.0,4.0,0.0,4.0
29561,2023.0,7.0,25.0,6.0,21.03739,22.202269,18.919264,19.102425,21.028769,22.130024,21.043547,22.280182,20.190834,21.486372,20.244621,21.858452,21.01912,21.881088,21.050692,22.211044,20.19382,21.863714,0.0,4.0,0.0,0.0,0.0,4.0,0.0,4.0
29562,2023.0,7.0,25.0,7.0,21.009472,22.078476,18.596603,18.865217,21.031012,22.057695,21.04206,22.207613,18.820137,18.687098,18.716837,18.65003,21.046944,21.890621,21.01025,22.024826,20.034883,21.36046,4.0,4.0,0.0,0.0,0.0,0.0,4.0,0.0
29563,2023.0,7.0,25.0,7.0,21.248886,22.504827,20.206123,21.617302,21.234648,22.410856,21.211107,22.494122,18.137123,17.842123,18.50499,18.74424,21.216091,22.151907,21.225271,22.43145,19.392698,19.92646,4.0,4.0,0.0,0.0,4.0,4.0,0.0,4.0
29564,2023.0,7.0,25.0,7.0,21.02259,22.011713,20.010977,21.059288,21.027548,21.951267,21.039848,22.108139,18.923048,19.511633,20.213215,21.683632,21.013628,21.702139,21.045801,22.019966,20.321245,21.731106,4.0,4.0,0.0,4.0,0.0,4.0,0.0,4.0
29565,2023.0,7.0,25.0,7.0,21.022543,21.988201,20.05196,21.04263,21.027071,21.922049,21.039434,22.078074,20.150286,21.449924,19.023756,19.16575,21.042711,21.748814,21.045858,21.980646,20.03863,21.088417,0.0,4.0,0.0,0.0,0.0,0.0,0.0,0.0
29566,2023.0,7.0,25.0,7.0,21.02156,21.967985,18.946388,18.837013,21.026125,21.898176,21.013443,21.983528,18.83681,18.7348,18.367327,18.28001,21.006117,21.622423,21.044313,21.944397,18.851202,18.721783,0.0,4.0,4.0,0.0,0.0,4.0,0.0,0.0
29567,2023.0,7.0,25.0,7.0,21.048428,22.027184,18.261797,17.912638,21.051325,21.950829,21.017845,21.981133,18.18691,17.916155,18.212402,18.103542,21.041418,21.689953,20.990038,21.80045,18.263214,18.004969,0.0,0.0,4.0,0.0,0.0,0.0,4.0,0.0
29568,2023.0,7.0,25.0,8.0,21.014328,21.92028,18.687494,18.900978,21.044199,21.915499,21.054594,22.043797,18.19488,18.08429,18.135252,18.02955,21.03344,21.64679,21.052938,21.933867,18.099804,17.850021,4.0,0.0,0.0,0.0,0.0,0.0,0.0,0.0
29569,2023.0,7.0,25.0,8.0,20.522268,20.96825,20.166807,21.422548,19.964464,19.827024,19.877043,19.7559,18.178898,18.083977,18.074907,17.969093,20.163773,19.950813,19.954123,19.793894,18.126205,18.015608,4.0,0.0,0.0,0.0,0.0,0.0,0.0,0.0
29570,2023.0,7.0,25.0,8.0,19.708904,19.624342,20.009436,20.969624,19.321272,18.994177,19.194859,18.882948,18.126984,18.03326,18.028048,17.921032,20.470514,20.81177,19.38898,19.107428,18.111067,18.021074,4.0,0.0,0.0,0.0,0.0,4.0,0.0,0.0
29571,2023.0,7.0,25.0,8.0,20.039322,20.508339,20.029678,20.921883,19.287317,19.143587,19.150257,19.01947,18.08175,17.987955,17.994276,17.886946,20.626686,20.99358,19.18908,18.90674,18.06023,17.972664,4.0,0.0,0.0,0.0,0.0,4.0,0.0,0.0
29572,2023.0,7.0,25.0,8.0,19.511763,19.450188,20.044209,20.906088,19.22644,19.112528,19.771784,20.278713,18.045843,17.952267,17.970392,17.86308,20.644367,21.019766,19.202263,19.072802,18.013824,17.927292,0.0,0.0,4.0,0.0,0.0,4.0,0.0,0.0
29573,2023.0,7.0,25.0,8.0,19.178215,19.052753,19.068293,18.987856,19.13047,19.024544,19.20919,19.075752,18.017206,17.92386,17.954458,17.847267,19.987692,19.779379,19.164228,19.05235,17.975382,17.889475,0.0,0.0,0.0,0.0,0.0,0.0,0.0,0.0
29574,2023.0,7.0,25.0,9.0,19.059853,18.932098,18.616816,18.336973,19.057062,18.953983,18.88265,18.609875,17.998844,17.904362,17.948038,17.839712,19.723734,19.41437,20.125477,20.921238,18.863367,19.588589,0.0,0.0,0.0,0.0,0.0,0.0,4.0,4.0
29575,2023.0,7.0,25.0,9.0,19.131783,19.17063,18.585608,18.446054,18.990746,18.893894,18.751526,18.485535,17.984894,17.89087,17.94554,17.83779,19.629578,19.324516,20.231983,20.898312,20.1726,21.726645,0.0,0.0,0.0,0.0,0.0,0.0,4.0,0.0
29576,2023.0,7.0,25.0,9.0,19.851984,20.565098,18.533936,18.443928,18.923721,18.833475,18.787977,18.679974,17.97266,17.879154,18.32291,18.547462,19.559536,19.266768,20.289494,20.958956,19.516668,20.152132,0.0,0.0,0.0,0.0,4.0,0.0,4.0,4.0
29577,2023.0,7.0,25.0,9.0,19.274532,19.336742,18.896725,19.191736,18.874441,18.789879,19.439035,19.947058,18.688223,19.23162,20.198198,21.807543,20.412128,20.946095,20.36492,21.040485,20.121511,21.260183,4.0,0.0,4.0,4.0,0.0,4.0,4.0,0.0
29578,2023.0,7.0,25.0,9.0,19.606861,20.161242,20.138681,21.31241,18.823318,18.74514,19.121302,19.181604,20.17491,21.648062,19.05421,19.281034,20.61428,21.07546,19.561268,19.4787,19.015923,19.012354,4.0,0.0,0.0,0.0,0.0,4.0,0.0,0.0
29579,2023.0,7.0,25.0,9.0,19.192238,19.237041,20.025993,20.979473,18.776262,18.703238,18.694906,18.532703,19.48724,20.026413,18.39432,18.3145,19.968365,19.83296,19.147802,18.940248,19.31246,19.891453,0.0,0.0,0.0,4.0,0.0,0.0,0.0,4.0
29580,2023.0,7.0,25.0,10.0,19.606176,20.189768,19.41293,19.698263,18.734259,18.666811,18.553333,18.374716,20.138193,21.29762,18.28501,18.178381,19.671347,19.427166,19.025124,18.813478,20.11119,21.185547,4.0,0.0,0.0,0.0,0.0,0.0,0.0,0.0
29581,2023.0,7.0,25.0,10.0,19.191387,19.261799,20.14191,21.156614,18.696829,18.63567,19.268244,19.792772,19.087034,19.112818,18.25894,18.148048,20.322727,20.726433,19.939621,20.599262,19.089725,19.101297,0.0,0.0,4.0,0.0,0.0,4.0,4.0,0.0
29582,2023.0,7.0,25.0,10.0,19.609241,20.217037,19.192465,19.23386,19.341515,19.880337,18.892494,18.872078,18.551281,18.387846,18.616005,18.824488,20.633266,21.122366,19.449652,19.402536,18.577448,18.422382,0.0,4.0,0.0,0.0,4.0,4.0,0.0,0.0
29583,2023.0,7.0,25.0,10.0,19.162651,19.276997,18.859385,18.804892,18.978056,19.066788,18.64207,18.512224,18.509485,18.39234,20.170847,21.517826,19.989876,19.84187,20.135998,20.80233,18.46264,18.294313,0.0,0.0,0.0,0.0,0.0,0.0,4.0,0.0
29584,2023.0,7.0,25.0,10.0,18.89501,18.935202,19.168962,19.506502,18.62284,18.522326,18.553553,18.431274,18.48342,18.375309,19.533045,20.005693,19.729712,19.50346,19.596287,19.563269,18.445063,18.335775,4.0,0.0,0.0,0.0,4.0,0.0,0.0,0.0
29585,2023.0,7.0,25.0,10.0,18.833523,18.869797,20.128485,21.195065,18.546175,18.43116,18.570765,18.523794,18.457972,18.34883,20.107613,21.039555,20.44066,20.886183,20.28164,20.970701,18.423489,18.321102,0.0,0.0,0.0,0.0,0.0,4.0,4.0,0.0
29586,2023.0,7.0,25.0,11.0,19.595453,20.358484,19.648127,20.13106,18.568668,18.52005,18.557882,18.528954,18.431898,18.32346,19.295717,19.348476,20.009012,19.871595,19.645542,19.553463,18.38854,18.2878,4.0,0.0,0.0,0.0,0.0,0.0,0.0,0.0
29587,2023.0,7.0,25.0,11.0,19.095497,19.24659,20.082548,20.93257,19.259466,19.836851,18.527023,18.501118,18.41567,18.304321,18.913227,18.727255,19.828098,19.610083,19.37972,19.197334,18.362703,18.259731,4.0,4.0,0.0,0.0,0.0,0.0,0.0,0.0
29588,2023.0,7.0,25.0,11.0,18.811802,18.883867,20.00914,20.754206,18.876587,18.904161,18.492577,18.469164,19.132587,19.671438,18.836761,18.693846,19.780191,19.56328,20.256968,20.93991,18.334831,18.230871,4.0,0.0,0.0,4.0,0.0,0.0,4.0,0.0
29589,2023.0,7.0,25.0,11.0,18.74441,18.806862,20.01769,20.746376,18.585747,18.515059,18.459702,18.43814,20.07864,21.126394,18.804394,18.665405,19.820765,19.679005,19.668312,19.575592,18.31012,18.204903,4.0,0.0,0.0,4.0,0.0,0.0,0.0,0.0
29590,2023.0,7.0,25.0,11.0,19.52366,20.317259,20.034204,20.774992,19.170078,19.665216,18.429106,18.409286,20.02471,20.913063,18.76721,18.627254,19.830677,19.698479,19.335028,19.159998,18.288857,18.182676,0.0,4.0,0.0,0.0,0.0,0.0,0.0,0.0
29591,2023.0,7.0,25.0,11.0,19.697672,20.383327,19.312622,19.372395,19.396656,19.9086,18.401072,18.38339,19.148443,19.121094,19.099281,19.276049,19.819283,19.688295,19.248169,19.071505,18.270323,18.164057,0.0,4.0,0.0,0.0,4.0,0.0,0.0,0.0
29592,2023.0,7.0,25.0,12.0,19.126429,19.275345,18.95792,18.865582,19.448963,19.960709,19.077053,19.676395,18.827906,18.662888,20.114866,21.033669,19.808489,19.67814,19.200247,19.026056,18.255636,18.149475,0.0,4.0,4.0,0.0,0.0,0.0,0.0,0.0
29593,2023.0,7.0,25.0,12.0,21.244968,23.180593,19.277754,19.60903,21.245008,23.08912,21.25097,23.326073,18.725403,18.55966,19.364998,19.440819,21.173538,22.086048,21.285013,22.693304,18.23894,18.133276,4.0,0.0,0.0,0.0,0.0,0.0,0.0,0.0
29594,2023.0,7.0,25.0,12.0,21.00839,22.473202,20.090508,20.99517,20.991316,22.353739,20.992517,22.525248,18.688702,18.562834,18.929935,18.80676,21.07167,21.771273,20.998238,22.038494,18.224123,18.119177,4.0,4.0,4.0,0.0,0.0,4.0,0.0,0.0
29595,2023.0,7.0,25.0,12.0,21.098415,22.492537,20.065245,20.878017,21.063528,22.352123,21.114498,22.610981,18.648138,18.525679,18.835651,18.695845,21.058298,21.71695,21.070745,22.07524,18.211493,18.108505,0.0,4.0,0.0,0.0,0.0,0.0,0.0,0.0
29596,2023.0,7.0,25.0,12.0,20.99899,22.195278,19.614643,19.950253,21.017818,22.176003,21.011578,22.268965,18.60744,18.489367,18.792921,18.658215,21.020782,21.58912,21.022278,21.913404,18.200117,18.099968,4.0,4.0,4.0,0.0,0.0,0.0,0.0,0.0
29597,2023.0,7.0,25.0,12.0,21.019766,22.172026,20.106218,20.954983,21.048265,22.19151,21.02667,22.220896,18.568977,18.453411,18.751963,18.618662,21.023561,21.552809,21.028395,21.87903,18.188473,18.091091,0.0,0.0,4.0,0.0,0.0,0.0,0.0,0.0
29598,2023.0,7.0,25.0,13.0,21.044388,22.195398,19.319057,19.383324,21.016075,22.053017,21.049603,22.229908,18.53736,18.4263,18.718784,18.590351,21.01803,21.520338,21.027391,21.843409,18.177557,18.083279,0.0,4.0,0.0,0.0,0.0,0.0,0.0,0.0
29599,2023.0,7.0,25.0,13.0,21.036137,22.103907,18.90368,18.868374,21.085733,22.175982,21.091217,22.254791,18.508398,18.40068,18.687082,18.561384,21.040209,21.54563,21.060589,21.879826,18.167479,18.076782,0.0,0.0,0.0,0.0,0.0,0.0,0.0,0.0
29600,2023.0,7.0,25.0,13.0,21.07892,22.19362,18.788137,18.754122,21.039398,21.999811,21.087032,22.193506,18.4844,18.3811,18.660305,18.539267,21.039118,21.525135,21.056152,21.841776,18.15857,18.071533,0.0,4.0,0.0,0.0,0.0,0.0,0.0,0.0
29601,2023.0,7.0,25.0,13.0,21.07376,22.139286,18.699373,18.667938,21.038294,21.99241,21.075348,22.15064,18.462912,18.363739,18.63584,18.519192,21.037674,21.511553,21.057947,21.830004,18.150229,18.066628,0.0,4.0,0.0,0.0,0.0,0.0,0.0,0.0
29602,2023.0,7.0,25.0,13.0,21.031523,22.045425,18.632444,18.610767,21.041286,22.006645,21.031698,22.058681,18.44444,18.349909,18.614958,18.5039,21.270164,21.923826,21.023092,21.754423,19.121605,19.919046,0.0,0.0,0.0,0.0,0.0,4.0,0.0,4.0
29603,2023.0,7.0,25.0,13.0,21.030668,22.037489,18.567667,18.54716,21.0378,21.980453,21.036238,22.054468,18.426558,18.335443,18.593977,18.486565,20.992237,21.381052,21.026844,21.753307,20.118164,21.408913,0.0,0.0,0.0,0.0,0.0,0.0,0.0,0.0
29604,2023.0,7.0,25.0,14.0,21.003414,21.955559,18.950285,19.313026,21.037563,21.961725,21.035126,22.039263,18.410742,18.323296,18.575066,18.47173,21.02343,21.4425,21.02603,21.744831,19.044422,19.151318,4.0,0.0,0.0,0.0,0.0,0.0,0.0,0.0
29605,2023.0,7.0,25.0,14.0,20.133377,20.30576,20.13009,21.293695,20.198679,20.342192,20.124025,20.274925,18.395962,18.311583,18.556887,18.45655,20.447079,20.32654,20.263008,20.264458,18.53269,18.463425,4.0,0.0,0.0,0.0,0.0,0.0,0.0,0.0
29606,2023.0,7.0,25.0,14.0,20.367949,21.049204,20.018084,20.956486,20.362257,20.949017,20.263937,20.865864,18.381374,18.299534,18.540745,18.443207,20.255123,20.145718,19.883762,19.795162,18.424536,18.353216,0.0,4.0,4.0,0.0,0.0,0.0,0.0,0.0
29607,2023.0,7.0,25.0,14.0,20.433434,21.08526,19.547426,19.942247,19.800995,19.822983,19.751196,19.839863,18.367937,18.28885,18.52732,18.433207,20.19622,20.094122,19.747389,19.656532,18.371975,18.301792,4.0,0.0,0.0,0.0,0.0,0.0,0.0,0.0
29608,2023.0,7.0,25.0,14.0,20.422546,21.074728,20.087706,20.945274,20.131231,20.592903,20.042398,20.52815,18.356955,18.28029,18.516842,18.425642,20.902567,21.481945,20.6675,21.470778,18.337729,18.268772,4.0,4.0,4.0,0.0,0.0,4.0,4.0,0.0
29609,2023.0,7.0,25.0,14.0,19.827188,19.976868,20.023281,20.793013,19.704287,19.734009,19.583368,19.616173,18.346165,18.271816,18.506554,18.418121,21.091219,21.650036,20.073313,20.093128,18.303553,18.236654,0.0,0.0,0.0,0.0,0.0,4.0,0.0,0.0
29610,2023.0,7.0,25.0,15.0,19.511747,19.596329,19.316126,19.402863,19.367086,19.303698,19.244402,19.196115,18.33576,18.263458,18.497356,18.4116,20.396431,20.30708,19.65671,19.54369,18.272804,18.20732,0.0,0.0,0.0,0.0,0.0,0.0,0.0,0.0
29611,2023.0,7.0,25.0,15.0,19.409317,19.490334,19.00014,18.959358,19.253677,19.181255,19.77959,20.2928,18.327103,18.256748,18.490416,18.407148,20.906857,21.396563,19.54104,19.417562,18.250465,18.186283,0.0,0.0,4.0,0.0,0.0,4.0,0.0,0.0
29612,2023.0,7.0,25.0,15.0,19.337948,19.42574,18.909071,18.894106,19.211525,19.180178,19.326862,19.369795,18.31883,18.250343,18.483711,18.402838,20.349373,20.257883,19.472027,19.353285,18.230608,18.168186,0.0,0.0,0.0,0.0,0.0,0.0,0.0,0.0
29613,2023.0,7.0,25.0,15.0,19.320152,19.455853,18.826975,18.813162,19.153303,19.126614,19.093498,19.042904,18.310589,18.24337,18.476837,18.39772,20.150997,19.991968,19.447514,19.365587,18.21279,18.151175,0.0,0.0,0.0,0.0,0.0,0.0,0.0,0.0
29614,2023.0,7.0,25.0,15.0,19.993395,20.766045,18.765984,18.76155,19.102484,19.083519,19.042871,19.030909,18.30355,18.23835,18.470673,18.393902,20.093956,19.945175,19.408543,19.331938,19.113722,19.869019,0.0,0.0,0.0,0.0,0.0,0.0,0.0,4.0
29615,2023.0,7.0,25.0,15.0,19.49313,19.684319,18.70685,18.703976,19.05193,19.035334,18.984089,18.97931,18.29635,18.232859,18.46366,18.388948,20.768368,21.273685,19.367296,19.293013,20.13233,21.512787,0.0,0.0,0.0,0.0,0.0,4.0,0.0,0.0
29616,2023.0,7.0,25.0,16.0,19.843895,20.510036,18.64771,18.648266,19.001015,18.987867,19.58892,20.171993,18.288284,18.226934,18.455406,18.383192,20.328856,20.279367,19.324505,19.253527,19.048235,19.205143,0.0,0.0,4.0,0.0,0.0,0.0,0.0,0.0
29617,2023.0,7.0,25.0,16.0,20.000536,20.698488,19.04688,19.434696,19.64413,20.233038,19.160515,19.24209,18.279802,18.219883,18.446047,18.375523,20.842026,21.349052,19.288376,19.218569,18.654238,18.602406,4.0,4.0,0.0,0.0,0.0,4.0,0.0,0.0
29618,2023.0,7.0,25.0,16.0,20.066086,20.770842,20.122948,21.264425,19.829727,20.450214,18.942364,18.927954,18.271086,18.212957,18.435472,18.366856,20.308136,20.25307,19.254038,19.186443,18.547987,18.489548,4.0,4.0,0.0,0.0,0.0,0.0,0.0,0.0
29619,2023.0,7.0,25.0,16.0,20.111713,20.806814,20.017923,20.938725,19.272182,19.343983,18.85926,18.84356,19.011625,19.622053,18.424541,18.358356,20.057537,19.929926,19.218668,19.153727,18.470263,18.413198,0.0,0.0,0.0,4.0,0.0,0.0,0.0,0.0
29620,2023.0,7.0,25.0,16.0,19.553425,19.72998,19.26364,19.401955,18.994635,18.981743,19.49483,20.091118,20.134024,21.40526,18.413921,18.35095,20.712212,21.231037,19.184792,19.1226,18.408758,18.353909,0.0,0.0,4.0,0.0,0.0,4.0,0.0,0.0
29621,2023.0,7.0,25.0,16.0,19.957981,20.664442,19.254744,19.613981,19.546474,20.07654,19.138569,19.229395,19.732351,20.399876,18.402046,18.34234,20.992277,21.594824,20.170576,21.0177,18.35836,18.306229,4.0,4.0,0.0,4.0,0.0,4.0,4.0,0.0
29622,2023.0,7.0,25.0,17.0,19.490192,19.678646,20.102076,21.074963,19.160936,19.241856,19.555809,20.106874,20.082485,21.037066,18.389845,18.333063,20.37739,20.38902,19.535025,19.604443,18.321798,18.271976,4.0,0.0,4.0,0.0,0.0,0.0,0.0,0.0
29623,2023.0,7.0,25.0,17.0,19.86535,20.54458,20.019262,20.838568,19.541128,20.088722,19.728683,20.282738,19.253275,19.354734,18.376558,18.322266,20.061304,19.948895,19.174314,19.110245,18.284708,18.237944,0.0,4.0,4.0,0.0,0.0,0.0,0.0,0.0
29624,2023.0,7.0,25.0,17.0,19.464886,19.6321,19.6553,20.057266,19.16862,19.230152,19.186722,19.244242,18.815643,18.767134,18.36359,18.312128,19.96716,19.84951,19.094042,19.02356,18.25057,18.20612,4.0,0.0,0.0,0.0,0.0,0.0,0.0,0.0
29625,2023.0,7.0,25.0,17.0,19.286987,19.398178,20.087366,20.878464,19.6175,20.15844,18.9778,18.962372,18.713963,18.662235,18.351593,18.3027,20.651926,21.192852,19.05989,18.990782,18.224142,18.18221,0.0,4.0,0.0,0.0,0.0,4.0,0.0,0.0
29626,2023.0,7.0,25.0,17.0,19.891539,20.600391,19.390505,19.49294,19.79398,20.339695,18.881594,18.863548,18.640038,18.59163,18.338339,18.292423,20.233606,20.232336,19.043243,18.992813,18.19577,18.15668,0.0,4.0,0.0,0.0,0.0,0.0,0.0,0.0
29627,2023.0,7.0,25.0,17.0,20.01634,20.708012,19.09582,19.084604,19.827208,20.369753,18.8194,18.797052,18.583687,18.533524,18.324415,18.280386,20.00866,19.888065,19.021742,18.974274,18.170017,18.131927,0.0,4.0,0.0,0.0,0.0,0.0,0.0,0.0
29628,2023.0,7.0,25.0,18.0,20.068485,20.75926,18.991495,18.981163,19.85461,20.393633,18.790684,18.788149,18.536682,18.489779,18.309557,18.268185,19.937862,19.820404,18.998507,18.953487,18.145954,18.110382,0.0,4.0,0.0,0.0,0.0,0.0,0.0,0.0
29629,2023.0,7.0,25.0,18.0,21.13188,22.58345,18.917463,18.916359,21.166338,22.665174,21.235813,23.16242,18.49724,18.455557,18.294039,18.25613,21.156713,22.01202,21.315762,23.002934,18.12334,18.09087,0.0,4.0,0.0,0.0,0.0,0.0,0.0,0.0
29630,2023.0,7.0,25.0,18.0,20.994106,22.180813,18.832216,18.827547,21.019855,22.24508,20.993948,22.42743,18.452415,18.41241,18.274439,18.238195,21.004898,21.679274,20.992174,22.232935,18.098387,18.067413,0.0,0.0,0.0,0.0,0.0,0.0,0.0,0.0
29631,2023.0,7.0,25.0,18.0,21.036518,22.166666,18.757895,18.748251,21.047005,22.1514,21.093988,22.4515,18.41285,18.375046,18.25436,18.219633,21.046871,21.706156,21.082912,22.25856,18.077066,18.048338,0.0,4.0,0.0,0.0,0.0,0.0,0.0,0.0
29632,2023.0,7.0,25.0,18.0,21.036982,22.129807,19.16533,19.56621,21.039507,22.098269,21.003,22.152594,18.379698,18.345987,18.236166,18.20479,21.147018,21.828032,21.024267,22.051126,18.059347,18.033464,4.0,0.0,4.0,0.0,0.0,4.0,0.0,0.0
29633,2023.0,7.0,25.0,18.0,21.033417,22.071037,20.122993,21.17085,21.037067,22.036053,21.042141,22.184456,18.347898,18.317122,18.217066,18.187998,21.009972,21.558315,21.031593,21.99933,18.042719,18.019545,0.0,0.0,0.0,0.0,0.0,0.0,0.0,0.0
29634,2023.0,7.0,25.0,19.0,21.005636,21.954008,19.672674,20.1405,21.010344,21.918028,21.013964,22.045387,18.31879,18.290716,18.199205,18.172659,21.069086,21.628696,21.029686,21.947311,18.026907,18.006088,4.0,4.0,4.0,0.0,0.0,4.0,0.0,0.0
29635,2023.0,7.0,25.0,19.0,21.038961,22.013897,20.098701,20.987438,21.015718,21.899328,21.019218,22.013338,18.289682,18.26183,18.179258,18.152563,21.018982,21.544205,21.029957,21.911793,18.009848,17.989496,0.0,4.0,4.0,0.0,0.0,0.0,0.0,0.0
29636,2023.0,7.0,25.0,19.0,21.00469,21.899967,19.321852,19.404861,21.040918,21.946844,21.044119,22.0506,18.262823,18.23662,18.15988,18.13439,21.072971,21.610163,21.029573,21.883837,17.993011,17.973642,0.0,0.0,0.0,0.0,0.0,4.0,0.0,0.0
29637,2023.0,7.0,25.0,19.0,21.010387,21.895475,19.327927,19.657864,21.034107,21.907797,21.010483,21.931849,18.234964,18.208298,18.137533,18.111229,21.017365,21.521616,21.10789,21.971247,17.975025,17.955585,4.0,0.0,4.0,0.0,0.0,0.0,4.0,0.0
29638,2023.0,7.0,25.0,19.0,21.010584,21.882673,20.116266,21.017038,21.010042,21.816206,21.045002,21.99821,18.994074,19.66992,18.115486,18.089739,21.024986,21.530542,21.026234,21.828436,17.957815,17.939157,0.0,4.0,0.0,4.0,0.0,0.0,0.0,0.0
29639,2023.0,7.0,25.0,19.0,21.037663,21.94471,19.651445,19.997297,21.040878,21.883562,21.012392,21.88899,20.134872,21.463041,18.093134,18.067795,21.024006,21.52174,21.0349,21.82997,18.924282,19.788532,4.0,0.0,4.0,0.0,0.0,0.0,0.0,4.0
29640,2023.0,7.0,25.0,20.0,21.004896,21.83941,20.080067,20.855328,21.00926,21.783003,21.01814,21.884031,19.010439,19.089323,18.070013,18.044592,21.024542,21.517267,21.033905,21.812239,20.144958,21.651554,4.0,4.0,4.0,0.0,0.0,0.0,0.0,0.0
29641,2023.0,7.0,25.0,20.0,21.010366,21.83955,20.023441,20.707884,21.040863,21.855276,21.043062,21.939518,18.460924,18.376259,18.045546,18.019745,21.01913,21.513674,21.008314,21.707714,18.864094,18.951086,0.0,0.0,0.0,0.0,0.0,0.0,4.0,0.0
29642,2023.0,7.0,25.0,20.0,21.038153,21.905815,19.63162,19.893536,21.034285,21.826588,21.037025,21.908243,18.328619,18.229528,18.02081,17.994698,21.019958,21.520094,21.043543,21.816647,18.274494,18.197166,4.0,0.0,0.0,0.0,0.0,0.0,0.0,0.0
29643,2023.0,7.0,25.0,20.0,21.031384,21.87739,20.078918,20.78616,21.035288,21.812683,21.03794,21.891218,18.314405,18.27658,17.995834,17.969275,21.020023,21.523792,21.032896,21.786617,18.196424,18.16573,4.0,0.0,0.0,0.0,0.0,0.0,0.0,0.0
29644,2023.0,7.0,25.0,20.0,21.031334,21.86197,20.02218,20.653435,21.027084,21.797283,21.00281,21.800459,18.27913,18.244162,17.966646,17.933916,21.191338,21.83017,21.033802,21.777609,18.142193,18.112152,0.0,0.0,4.0,0.0,0.0,4.0,0.0,0.0
29645,2023.0,7.0,25.0,20.0,21.0323,21.849392,19.633644,19.856504,21.02859,21.797503,21.019722,21.821054,18.233656,18.200008,17.939924,17.904367,21.003464,21.470848,21.027744,21.767859,18.088093,18.059034,4.0,0.0,4.0,0.0,0.0,0.0,0.0,0.0
29646,2023.0,7.0,25.0,21.0,21.025139,21.837051,20.075583,20.742243,21.002712,21.721922,21.017488,21.807734,18.188824,18.151852,17.91359,17.874609,20.99915,21.43934,21.028818,21.769249,18.947521,19.724392,4.0,4.0,4.0,0.0,0.0,4.0,0.0,4.0
29647,2023.0,7.0,25.0,21.0,20.99834,21.763128,20.006762,20.574718,21.034065,21.80629,21.017778,21.799303,18.146149,18.105648,17.887163,17.844233,21.032307,21.528715,21.028837,21.767284,20.154047,21.59112,4.0,0.0,4.0,0.0,0.0,0.0,0.0,0.0
29648,2023.0,7.0,25.0,21.0,21.039385,21.854856,20.034134,20.622437,21.03656,21.788809,21.04351,21.86099,18.81134,19.388783,17.862932,17.817225,20.99858,21.436811,21.0288,21.764572,18.844473,18.85552,0.0,0.0,0.0,4.0,0.0,4.0,0.0,0.0
29649,2023.0,7.0,25.0,21.0,21.032179,21.825848,19.661179,19.862617,21.010202,21.69751,21.038208,21.83413,20.130798,21.478422,17.838987,17.790236,21.0331,21.526958,21.028736,21.761347,19.102972,19.724812,4.0,4.0,0.0,4.0,0.0,0.0,0.0,4.0
29650,2023.0,7.0,25.0,21.0,21.005121,21.73748,20.078184,20.706165,21.041862,21.771212,21.038548,21.818312,20.02995,21.120367,18.190298,18.467817,21.027336,21.508272,21.028368,21.75739,20.103994,21.293745,4.0,0.0,0.0,0.0,4.0,0.0,0.0,4.0
29651,2023.0,7.0,25.0,21.0,21.038631,21.818693,20.025936,20.58933,21.035822,21.745369,21.038614,21.802887,18.92938,18.871233,20.262077,21.95532,21.028318,21.502949,21.028856,21.754988,20.035479,21.069845,0.0,0.0,0.0,0.0,0.0,0.0,0.0,0.0
29652,2023.0,7.0,25.0,22.0,21.032688,21.795444,19.312126,19.198042,21.03658,21.733248,21.028698,21.788095,19.089607,19.529512,18.987772,19.21633,21.028372,21.496943,21.029016,21.751976,18.937923,18.86751,0.0,0.0,0.0,4.0,0.0,0.0,0.0,0.0
29653,2023.0,7.0,25.0,22.0,21.033298,21.784584,19.022928,18.922853,21.000668,21.649172,21.029972,21.791395,20.142048,21.269672,18.28337,18.239685,21.020144,21.492676,21.028885,21.748592,18.398304,18.214901,0.0,4.0,0.0,0.0,0.0,0.0,0.0,0.0
29654,2023.0,7.0,25.0,22.0,20.996479,21.698366,18.945484,18.8532,21.043623,21.744078,21.029884,21.790798,19.524715,19.900328,18.134682,18.068794,21.021383,21.502817,21.028877,21.74534,18.226536,18.034004,0.0,0.0,0.0,4.0,0.0,0.0,0.0,0.0
29655,2023.0,7.0,25.0,22.0,21.041235,21.797901,18.859022,18.762262,21.036085,21.71577,21.02994,21.789743,20.132324,21.12754,18.049515,17.977722,21.021524,21.508415,21.028975,21.742445,18.23828,18.172777,0.0,0.0,0.0,0.0,0.0,0.0,0.0,0.0
29656,2023.0,7.0,25.0,22.0,21.032736,21.768957,18.784077,18.68412,21.037176,21.705029,21.030092,21.788101,19.04147,18.923033,18.272043,18.4496,21.021646,21.512373,21.0291,21.739664,18.197563,18.1342,0.0,0.0,0.0,0.0,4.0,0.0,0.0,0.0
29657,2023.0,7.0,25.0,22.0,21.224665,22.140938,18.717012,18.61253,21.267654,22.176008,21.2555,22.236095,18.491127,18.257309,20.297052,21.826609,21.208122,21.887854,21.294844,22.268269,18.128937,18.063494,0.0,0.0,0.0,0.0,4.0,0.0,0.0,0.0
29658,2023.0,7.0,25.0,23.0,21.024427,21.743298,18.65483,18.540655,21.028522,21.69305,21.030603,21.774015,18.47331,18.390362,19.996542,21.14721,21.02231,21.511774,21.030045,21.725842,18.063475,17.992584,0.0,0.0,0.0,0.0,0.0,0.0,0.0,0.0
29659,2023.0,7.0,25.0,23.0,20.388243,20.537336,18.608494,18.494158,20.32872,20.363495,20.26484,20.310562,18.420105,18.33923,18.99831,19.105352,20.434473,20.38971,20.24628,20.228542,18.724943,19.283257,0.0,0.0,0.0,0.0,0.0,0.0,0.0,4.0
29660,2023.0,7.0,25.0,23.0,20.095266,20.134607,18.56902,18.449411,19.975647,19.854792,19.891768,19.782116,18.35068,18.266024,18.55834,18.46986,20.203724,20.087925,19.939215,19.839275,18.233143,18.19764,0.0,0.0,0.0,0.0,0.0,0.0,0.0,0.0
29661,2023.0,7.0,25.0,23.0,19.95873,19.989393,18.991896,19.272175,19.818342,19.681923,19.727663,19.604223,18.876398,19.311506,18.749336,18.945347,20.094181,19.974962,19.789616,19.689007,17.92511,17.717657,4.0,0.0,0.0,4.0,4.0,0.0,0.0,0.0
29662,2023.0,7.0,25.0,23.0,19.854694,19.883764,18.725632,18.697775,19.7029,19.564201,19.605757,19.480373,18.443277,18.38807,18.443342,18.366278,20.000404,19.879269,19.664948,19.561167,18.57142,19.024097,0.0,0.0,0.0,0.0,0.0,0.0,0.0,4.0
29663,2023.0,7.0,25.0,23.0,19.76556,19.792759,18.562258,18.444284,19.604137,19.463556,19.50193,19.37474,18.12073,17.878311,18.277916,18.18039,19.916618,19.79323,19.55679,19.451244,18.001186,17.8023,0.0,0.0,0.0,0.0,0.0,0.0,0.0,0.0
29664,2023.0,7.0,26.0,0.0,19.686277,19.711163,18.501204,18.369783,19.516386,19.373554,19.410055,19.28055,17.98038,17.71391,18.18324,18.078049,19.840021,19.713875,19.45962,19.351748,18.54247,18.97159,0.0,0.0,0.0,0.0,0.0,0.0,0.0,4.0
29665,2023.0,7.0,26.0,0.0,19.615604,19.63928,18.45886,18.324898,19.438522,19.294718,19.328678,19.198114,18.0529,17.94798,18.099667,17.991795,19.770565,19.64251,19.372318,19.262905,17.980175,17.77234,0.0,0.0,0.0,0.0,0.0,0.0,0.0,0.0
29666,2023.0,7.0,26.0,0.0,19.546442,19.564196,18.418661,18.279333,19.362112,19.211626,19.249002,19.111372,18.035982,17.934937,18.020489,17.905142,19.702986,19.569336,19.28872,19.173727,17.763885,17.517435,0.0,0.0,0.0,0.0,0.0,0.0,0.0,0.0
29667,2023.0,7.0,26.0,0.0,19.487797,19.50491,18.38509,18.244505,19.297981,19.147345,19.18207,19.044266,17.99192,17.889305,17.953604,17.836842,19.644161,19.509005,19.215988,19.099884,17.6821,17.437403,0.0,0.0,0.0,0.0,0.0,0.0,0.0,0.0
29668,2023.0,7.0,26.0,0.0,19.433517,19.449883,18.353395,18.211493,19.23868,19.08781,19.12002,18.982033,17.949947,17.84578,17.892122,17.773897,19.58945,19.45277,19.148796,19.031544,17.7641,17.671392,0.0,0.0,0.0,0.0,0.0,0.0,0.0,0.0
29669,2023.0,7.0,26.0,0.0,19.382868,19.398342,18.32302,18.179737,19.183445,19.03225,19.062136,18.923899,17.909563,17.803864,17.835154,17.715439,19.538301,19.40008,19.086346,18.967916,17.745298,17.65145,0.0,0.0,0.0,0.0,0.0,0.0,0.0,0.0
29670,2023.0,7.0,26.0,1.0,19.33529,19.349741,18.293688,18.148956,19.131691,18.980059,19.007915,18.869305,17.871063,17.763828,17.782085,17.660852,19.49025,19.350475,19.027987,18.908356,17.712116,17.616747,0.0,0.0,0.0,0.0,0.0,0.0,0.0,0.0
29671,2023.0,7.0,26.0,1.0,19.291265,19.305508,18.266197,18.12097,19.083899,18.932692,18.957846,18.819689,17.83499,17.726965,17.733242,17.611315,19.445759,19.30528,18.973913,18.853813,17.6794,17.583178,0.0,0.0,0.0,0.0,0.0,0.0,0.0,0.0
29672,2023.0,7.0,26.0,1.0,19.249668,19.263588,18.239609,18.093845,19.038874,18.887989,18.910717,18.772894,17.800676,17.691864,17.687601,17.564974,19.403845,19.262661,18.923115,18.802528,17.64749,17.550453,0.0,0.0,0.0,0.0,0.0,0.0,0.0,0.0
29673,2023.0,7.0,26.0,1.0,19.210083,19.223566,18.213697,18.06734,18.996174,18.845505,18.866064,18.728455,17.767834,17.65824,17.644665,17.521318,19.364103,19.222206,18.875086,18.754005,17.616716,17.518879,0.0,0.0,0.0,0.0,0.0,0.0,0.0,0.0
29674,2023.0,7.0,26.0,1.0,19.177654,19.196026,18.189459,18.043545,18.956861,18.807692,18.824997,18.688942,17.736897,17.627148,17.92594,18.08498,19.326937,19.185017,18.83011,18.709179,17.587458,17.48931,0.0,0.0,0.0,0.0,4.0,0.0,0.0,0.0
29675,2023.0,7.0,26.0,1.0,19.154604,19.185505,18.16534,18.019274,18.918736,18.770384,18.785263,18.650023,17.706966,17.596933,17.676624,17.555687,19.291302,19.14922,18.787174,18.666317,17.559122,17.460617,0.0,0.0,0.0,0.0,0.0,0.0,0.0,0.0
29676,2023.0,7.0,26.0,2.0,19.122873,19.152302,18.13951,17.99084,18.879099,18.728458,18.744112,18.60641,17.676374,17.564445,17.583887,17.457563,19.255266,19.111217,18.74418,18.621557,17.53029,17.430122,0.0,0.0,0.0,0.0,0.0,0.0,0.0,0.0
29677,2023.0,7.0,26.0,2.0,19.086779,19.110931,18.110634,17.95604,18.838324,18.682915,18.70203,18.55952,17.644299,17.528252,17.537836,17.407047,19.218082,19.069786,18.70075,18.574469,17.499943,17.395973,0.0,0.0,0.0,0.0,0.0,0.0,0.0,0.0
29678,2023.0,7.0,26.0,2.0,19.052301,19.073103,18.0837,17.925945,18.800869,18.643713,18.663393,18.519217,18.20496,18.607374,17.495176,17.362692,19.18262,19.031874,18.659323,18.531132,17.47046,17.364058,0.0,0.0,0.0,4.0,0.0,0.0,0.0,0.0
29679,2023.0,7.0,26.0,2.0,19.016336,19.032085,18.053844,17.890347,18.761118,18.59934,18.622446,18.47365,17.802313,17.716835,17.45177,17.314892,19.145649,18.990885,18.616737,18.485134,18.174932,18.7147,0.0,0.0,0.0,0.0,0.0,0.0,0.0,4.0
29680,2023.0,7.0,26.0,2.0,18.980524,18.990866,18.023233,17.853512,18.721296,18.554335,18.58162,18.427568,17.653858,17.527205,17.408476,17.266771,19.108158,18.94898,18.573874,18.43845,17.673962,17.604507,0.0,0.0,0.0,0.0,0.0,0.0,0.0,0.0
29681,2023.0,7.0,26.0,2.0,18.942703,18.945887,17.99041,17.81256,18.67981,18.50553,18.539368,18.377813,17.60062,17.467556,17.3635,17.21497,19.068926,18.903807,18.529493,18.38871,17.316502,17.007868,0.0,0.0,0.0,0.0,0.0,0.0,0.0,0.0
29682,2023.0,7.0,26.0,3.0,18.905544,18.902138,17.957363,17.771484,18.63904,18.457806,18.497877,18.329247,17.552132,17.413673,17.319136,17.164387,19.030022,18.85958,18.485777,18.340376,17.197227,16.87513,0.0,0.0,0.0,0.0,0.0,0.0,0.0,0.0
29683,2023.0,7.0,26.0,3.0,18.87386,18.869246,17.932579,17.746479,18.605429,18.424168,18.463417,18.29476,17.51189,17.372923,17.28049,17.12538,18.99543,18.824308,18.446037,18.30014,17.31266,17.18188,0.0,0.0,0.0,0.0,0.0,0.0,0.0,0.0
29684,2023.0,7.0,26.0,3.0,18.841642,18.834507,17.905718,17.717445,18.570402,18.386591,18.427341,18.25614,17.47222,17.331081,17.2408,17.083147,18.960217,18.787075,18.405924,18.258318,17.307852,17.181026,0.0,0.0,0.0,0.0,0.0,0.0,0.0,0.0
29685,2023.0,7.0,26.0,3.0,18.81056,18.801527,17.879833,17.690264,18.537193,18.352036,18.393126,18.220615,17.434801,17.292318,17.202797,17.0437,18.925982,18.751493,18.36684,18.21813,17.278936,17.150785,0.0,0.0,0.0,0.0,0.0,0.0,0.0,0.0
29686,2023.0,7.0,26.0,3.0,18.779894,18.768665,17.854063,17.663181,18.50448,18.317932,18.35947,18.185589,17.39844,17.254625,17.165403,17.004871,18.892113,18.716284,18.328213,18.178402,17.248068,17.11861,0.0,0.0,0.0,0.0,0.0,0.0,0.0,0.0
29687,2023.0,7.0,26.0,3.0,18.74949,18.736206,17.828337,17.636126,18.472147,18.284166,18.32625,18.150948,17.362934,17.217798,17.128551,16.966593,18.85857,18.68141,18.289982,18.13908,17.216555,17.085833,0.0,0.0,0.0,0.0,0.0,0.0,0.0,0.0
29688,2023.0,7.0,26.0,4.0,18.719221,18.703867,17.802614,17.609056,18.440113,18.25066,18.293373,18.116606,17.328112,17.181671,17.092188,16.928812,18.825327,18.646845,18.252102,18.100115,17.185059,17.05309,0.0,0.0,0.0,0.0,0.0,0.0,0.0,0.0
29689,2023.0,7.0,26.0,4.0,18.690838,18.675049,17.778788,17.585678,18.410362,18.22129,18.26281,18.086414,17.295399,17.149073,17.058016,16.89483,18.793934,18.615625,18.215982,18.064232,17.155056,17.023136,0.0,0.0,0.0,0.0,0.0,0.0,0.0,0.0
29690,2023.0,7.0,26.0,4.0,18.662817,18.646585,17.755388,17.56275,18.381102,18.1924,18.232767,18.05673,17.26353,17.117336,17.024702,16.861729,18.763155,18.58503,18.180458,18.028952,17.125538,16.993681,0.0,0.0,0.0,0.0,0.0,0.0,0.0,0.0
29691,2023.0,7.0,26.0,4.0,18.63502,18.618326,17.732153,17.539974,18.352169,18.163807,18.203085,18.027374,17.232306,17.086252,16.992044,16.829288,18.732834,18.554905,18.145388,17.994135,17.09638,16.964603,0.0,0.0,0.0,0.0,0.0,0.0,0.0,0.0
29692,2023.0,7.0,26.0,4.0,18.608974,18.593496,17.71084,17.521032,18.325804,18.140205,18.176043,18.003153,17.777147,18.136187,16.962185,16.802004,19.441057,19.9213,18.112373,17.963171,17.069008,16.938892,0.0,0.0,0.0,4.0,0.0,4.0,0.0,0.0
29693,2023.0,7.0,26.0,4.0,18.581205,18.564756,17.68744,17.497696,18.296986,18.111172,18.14637,17.973305,17.384533,17.266558,16.930176,16.769743,19.691736,20.249521,18.0776,17.92822,17.040073,16.909678,0.0,0.0,0.0,0.0,0.0,4.0,0.0,0.0
29694,2023.0,7.0,26.0,5.0,18.555231,18.53885,17.665041,17.476202,18.269718,18.084654,18.118015,17.945892,17.25036,17.107058,16.899899,16.7404,18.784002,18.423985,18.044327,17.895918,17.01241,16.882717,0.0,0.0,0.0,0.0,0.0,0.0,0.0,0.0
29695,2023.0,7.0,26.0,5.0,18.529505,18.51335,17.643208,17.455793,18.242966,18.058887,18.09002,17.919008,17.204138,17.060913,17.178047,17.288563,18.500616,18.057537,18.011072,17.863297,16.984951,16.855873,0.0,0.0,0.0,0.0,4.0,0.0,0.0,0.0
29696,2023.0,7.0,26.0,5.0,19.202055,19.79741,17.623625,17.43921,18.218493,18.037453,18.064657,17.896727,17.165842,17.025333,16.969107,16.829182,18.417448,17.986616,17.980433,17.8351,16.959799,16.832891,0.0,0.0,0.0,0.0,0.0,0.0,0.0,0.0
29697,2023.0,7.0,26.0,5.0,18.755976,18.816648,17.603893,17.421772,18.193289,18.014544,18.038918,17.873142,17.131298,16.992191,17.165644,17.266209,18.34338,17.916172,17.9496,17.805859,16.934542,16.8091,0.0,0.0,0.0,0.0,4.0,0.0,0.0,0.0
29698,2023.0,7.0,26.0,5.0,18.285604,17.978184,17.584145,17.404028,18.16779,17.990997,18.013119,17.849092,17.099724,16.961813,16.948015,16.794987,18.517975,18.331821,17.919207,17.776737,16.909733,16.785494,0.0,0.0,0.0,0.0,0.0,0.0,0.0,0.0
29699,2023.0,7.0,26.0,5.0,18.159346,17.845005,17.565037,17.387262,18.142902,17.96857,17.988132,17.826342,17.071491,16.93545,17.172289,17.289955,18.54079,18.371881,17.890575,17.749924,16.886574,16.764006,0.0,0.0,0.0,0.0,4.0,0.0,0.0,0.0
29700,2023.0,7.0,26.0,6.0,19.019379,19.56074,17.546629,17.371756,18.118988,17.947811,17.96411,17.80531,17.046467,16.913052,16.962421,16.835062,18.525698,18.360235,18.85742,19.596087,16.865683,16.745398,0.0,0.0,0.0,0.0,0.0,0.0,4.0,0.0
29701,2023.0,7.0,26.0,6.0,21.25739,23.339636,17.939064,18.125893,21.265293,23.518019,21.268026,23.678556,17.027662,16.900032,16.864618,16.722122,21.271883,23.103691,21.288355,23.67391,16.84984,16.734825,4.0,4.0,0.0,0.0,0.0,0.0,0.0,0.0
29702,2023.0,7.0,26.0,6.0,21.026302,22.588923,20.266375,22.102558,21.012623,22.698383,20.984371,22.72653,17.014578,16.893293,17.146772,17.28008,21.013245,22.440659,20.995644,22.713026,16.838419,16.729158,0.0,0.0,4.0,0.0,4.0,0.0,4.0,0.0
29703,2023.0,7.0,26.0,6.0,21.05924,22.470968,19.176851,19.645588,21.067614,22.562134,21.060812,22.675234,17.009098,16.89442,20.340584,22.716202,21.045204,22.324923,21.034134,22.561993,16.833899,16.73079,4.0,0.0,0.0,0.0,0.0,0.0,4.0,0.0
29704,2023.0,7.0,26.0,6.0,21.2646,22.76885,20.191187,21.644367,21.194164,22.633066,21.160944,22.694853,17.009766,16.901897,18.554407,18.848232,21.141457,22.387619,21.249714,22.839048,16.835676,16.738777,4.0,4.0,0.0,0.0,0.0,0.0,4.0,0.0
29705,2023.0,7.0,26.0,6.0,21.05936,22.284157,20.016125,21.117647,21.061337,22.274904,21.059032,22.364487,17.634748,18.082003,17.879313,18.055416,21.00701,22.00183,21.062819,22.374657,16.842096,16.751566,4.0,0.0,0.0,4.0,4.0,4.0,0.0,0.0
29706,2023.0,7.0,26.0,7.0,21.049845,22.203663,20.055939,21.093342,21.05441,22.182571,21.044216,22.276413,20.292498,22.535995,20.281134,22.21186,21.052992,22.023977,21.053946,22.266966,16.851593,16.767113,0.0,0.0,0.0,0.0,4.0,0.0,0.0,0.0
29707,2023.0,7.0,26.0,7.0,21.048923,22.154766,19.187952,19.31495,21.014729,22.05229,21.04469,22.231703,18.54635,18.747328,20.026722,21.470808,21.013922,21.855286,21.012897,22.086842,16.86574,16.789185,4.0,4.0,0.0,0.0,0.0,4.0,4.0,0.0
29708,2023.0,7.0,26.0,7.0,21.220043,22.48607,20.195974,21.341242,21.22957,22.436466,21.208223,22.52408,17.71264,17.641579,18.589897,18.520645,21.206984,22.193588,21.220423,22.483088,16.88292,16.814129,0.0,4.0,0.0,0.0,0.0,4.0,0.0,0.0
29709,2023.0,7.0,26.0,7.0,21.035902,22.102407,19.313934,19.494505,21.054173,22.06969,21.04205,22.160967,17.590353,17.518452,18.377638,18.59604,21.014528,21.76633,21.047438,22.08799,16.902357,16.841093,4.0,0.0,0.0,0.0,4.0,4.0,0.0,0.0
29710,2023.0,7.0,26.0,7.0,21.22321,22.469847,20.212385,21.335083,21.247448,22.410294,21.213253,22.484001,18.319153,18.943338,20.249775,21.819496,21.230646,22.169703,21.354717,22.638706,17.847937,18.61338,0.0,4.0,0.0,4.0,0.0,4.0,4.0,4.0
29711,2023.0,7.0,26.0,7.0,21.035053,22.080706,19.056555,18.998281,21.052174,22.017324,21.040337,22.116737,20.236868,22.083992,19.30515,19.767273,21.01115,21.699703,21.052376,22.030632,20.298304,22.60146,0.0,0.0,0.0,0.0,4.0,4.0,0.0,0.0
29712,2023.0,7.0,26.0,8.0,21.007412,22.000877,18.569157,18.474894,21.020145,21.918705,21.04001,22.102625,18.6184,18.649855,20.188745,21.51592,21.040447,21.755915,21.003397,21.881882,18.339676,18.409452,0.0,4.0,0.0,0.0,0.0,0.0,4.0,0.0
29713,2023.0,7.0,26.0,8.0,20.710724,21.434847,18.464285,18.384607,19.942327,19.876629,20.042631,20.175228,17.882372,17.715677,18.962294,18.980127,20.149925,20.013739,20.751781,21.386017,17.528368,17.397673,0.0,0.0,0.0,0.0,0.0,0.0,4.0,0.0
29714,2023.0,7.0,26.0,8.0,19.852581,19.876053,18.829407,19.137775,19.441772,19.179132,19.562038,19.502539,17.862705,17.774225,18.42784,18.187574,19.804773,19.530085,19.832098,19.704123,17.49672,17.427172,4.0,0.0,0.0,0.0,0.0,0.0,0.0,0.0
29715,2023.0,7.0,26.0,8.0,19.501045,19.431498,20.17408,21.48889,19.252024,19.001104,19.365643,19.301014,17.850285,17.776838,18.39682,18.268799,19.692833,19.42954,20.422436,21.039082,17.480526,17.421083,0.0,0.0,0.0,0.0,0.0,0.0,4.0,0.0
29716,2023.0,7.0,26.0,8.0,19.319609,19.270302,19.174967,19.38929,19.884205,20.361214,19.853409,20.37209,18.54295,19.112637,18.35245,18.248535,20.480816,21.032492,19.79038,19.709135,17.45084,17.392794,0.0,4.0,4.0,4.0,0.0,4.0,0.0,0.0
29717,2023.0,7.0,26.0,8.0,19.216818,19.188444,19.127977,19.468914,19.397818,19.364904,19.979624,20.550978,20.213087,21.9144,18.302042,18.200338,19.934933,19.856678,19.445892,19.247585,17.435373,17.376509,4.0,0.0,4.0,0.0,0.0,0.0,0.0,0.0
29718,2023.0,7.0,26.0,9.0,19.208954,19.291517,20.142345,21.254372,19.632097,20.023079,19.299427,19.281738,18.838713,18.97301,18.25004,18.15133,19.600073,19.404818,19.28213,19.093996,17.421293,17.362608,0.0,4.0,0.0,0.0,0.0,0.0,0.0,0.0
29719,2023.0,7.0,26.0,9.0,19.88278,20.623632,19.159557,19.255451,19.249413,19.226952,18.912235,18.795628,18.173721,18.07417,18.57474,18.79682,19.520172,19.322771,19.17381,18.99738,17.411228,17.351181,0.0,0.0,0.0,0.0,4.0,0.0,0.0,0.0
29720,2023.0,7.0,26.0,9.0,19.363956,19.520206,18.713919,18.609058,18.99768,18.874748,18.798496,18.683683,18.104572,18.020708,20.177055,21.596514,19.569717,19.455843,19.108677,18.943146,17.4093,17.347391,0.0,0.0,0.0,0.0,0.0,0.0,0.0,0.0
29721,2023.0,7.0,26.0,9.0,19.692387,20.336586,18.603666,18.560106,18.8812,18.76884,18.715206,18.621115,18.068676,17.98899,19.177351,19.421017,19.58201,19.483047,19.09936,18.996557,17.408312,17.345074,0.0,0.0,0.0,0.0,0.0,0.0,0.0,0.0
29722,2023.0,7.0,26.0,9.0,19.826563,20.490355,18.536272,18.509537,18.866947,18.820242,18.70359,18.67095,18.044344,17.962337,18.700085,18.627491,20.351326,20.953167,19.074457,18.980711,17.412153,17.34723,0.0,0.0,0.0,0.0,0.0,4.0,0.0,0.0
29723,2023.0,7.0,26.0,9.0,19.261227,19.401443,18.919077,19.295418,18.827015,18.79815,18.664349,18.648445,18.026594,17.943638,18.587051,18.486174,19.842749,19.837133,19.039532,18.947403,17.417955,17.35175,4.0,0.0,0.0,0.0,0.0,0.0,0.0,0.0
29724,2023.0,7.0,26.0,10.0,19.071276,19.162155,20.162386,21.457985,19.462065,20.040478,18.617123,18.608156,18.016222,17.932537,18.532219,18.42666,19.637339,19.49735,19.009653,18.918737,17.425938,17.35859,0.0,4.0,0.0,0.0,0.0,0.0,0.0,0.0
29725,2023.0,7.0,26.0,10.0,19.000254,19.114758,19.5484,20.079718,19.084877,19.152187,19.2596,19.867008,18.00569,17.92058,18.489487,18.382507,20.32293,20.839905,18.97873,18.887623,17.43446,17.365202,4.0,0.0,4.0,0.0,0.0,4.0,0.0,0.0
29726,2023.0,7.0,26.0,10.0,19.640152,20.368948,20.117502,21.146528,18.860044,18.835747,18.851292,18.972368,18.003233,17.916168,18.469137,18.359438,19.842606,19.793352,19.98628,20.810902,17.44461,17.373428,0.0,0.0,0.0,0.0,0.0,0.0,4.0,0.0
29727,2023.0,7.0,26.0,10.0,19.257687,19.47061,19.259989,19.423388,18.77187,18.752993,18.560268,18.58022,18.00196,17.913767,18.451572,18.341516,19.625439,19.492954,19.416159,19.41107,17.455952,17.383217,0.0,0.0,0.0,0.0,0.0,0.0,0.0,0.0
29728,2023.0,7.0,26.0,10.0,19.051138,19.18989,18.860676,18.843271,18.72373,18.713934,18.498096,18.51113,18.006739,17.917582,18.445158,18.333368,19.608885,19.476233,19.164803,19.055798,17.468784,17.39545,0.0,0.0,0.0,0.0,0.0,0.0,0.0,0.0
29729,2023.0,7.0,26.0,10.0,18.99274,19.147707,19.210339,19.615335,18.68262,18.679943,18.455595,18.468094,18.01239,17.922342,18.828787,19.057995,19.6282,19.520332,19.111399,19.010592,17.48102,17.406157,4.0,0.0,0.0,0.0,4.0,0.0,0.0,0.0
29730,2023.0,7.0,26.0,11.0,19.62743,20.387735,20.104036,21.169407,19.325766,19.926182,18.419378,18.435478,18.019583,17.928976,20.147371,21.335016,19.633293,19.528032,19.076714,18.98226,17.494085,17.418259,4.0,4.0,0.0,0.0,0.0,0.0,0.0,0.0
29731,2023.0,7.0,26.0,11.0,19.247528,19.48378,20.003529,20.887661,19.007029,19.138056,18.383848,18.403446,18.028545,17.93729,19.343985,19.579777,19.63447,19.528994,19.042564,18.946222,17.508133,17.431332,4.0,0.0,0.0,0.0,0.0,0.0,0.0,0.0
29732,2023.0,7.0,26.0,11.0,18.995783,19.180553,20.015924,20.86184,18.736872,18.786148,18.351696,18.374336,18.038786,17.9471,19.206778,19.483864,19.636057,19.530197,19.014484,18.917475,18.461676,19.219784,4.0,0.0,0.0,0.0,4.0,0.0,0.0,4.0
29733,2023.0,7.0,26.0,11.0,18.934956,19.122953,20.031645,20.873865,18.67494,18.724754,18.324247,18.349806,18.050047,17.958057,20.105593,21.04337,19.638668,19.532478,18.992754,18.895765,20.190409,22.031094,0.0,0.0,0.0,0.0,0.0,0.0,0.0,0.0
29734,2023.0,7.0,26.0,11.0,18.871689,19.043533,19.367186,19.570145,18.642809,18.702084,18.300652,18.328796,18.061998,17.969816,19.37189,19.485765,19.642128,19.535755,18.97517,18.878448,18.849842,19.149319,0.0,0.0,0.0,0.0,0.0,0.0,0.0,0.0
29735,2023.0,7.0,26.0,11.0,19.533709,20.320503,19.045477,19.112125,18.580132,18.60665,18.282375,18.312473,18.074034,17.982407,19.06152,18.99244,19.646236,19.540104,18.962439,18.86587,19.219555,19.982094,0.0,0.0,0.0,0.0,0.0,0.0,0.0,4.0
29736,2023.0,7.0,26.0,12.0,19.096416,19.362831,18.896034,18.927572,18.540285,18.563803,18.265955,18.298851,18.085756,17.99487,18.975727,18.86911,19.65021,19.544672,18.951267,18.855669,20.122961,21.530586,0.0,0.0,0.0,0.0,0.0,0.0,0.0,0.0
29737,2023.0,7.0,26.0,12.0,21.26389,23.271042,18.778524,18.80907,21.241562,23.3853,21.250359,23.606707,18.097933,18.008535,18.91459,18.803087,21.194418,22.253735,21.445854,23.236034,19.05155,19.302477,0.0,0.0,0.0,0.0,0.0,0.0,0.0,0.0
29738,2023.0,7.0,26.0,12.0,20.9938,22.517572,18.68464,18.713087,20.991314,22.596577,20.989517,22.755093,18.112225,18.02516,18.873953,18.760653,21.004217,21.803392,20.98741,22.210987,18.46157,18.456442,0.0,0.0,0.0,0.0,0.0,0.0,0.0,0.0
29739,2023.0,7.0,26.0,12.0,21.089714,22.556408,18.608507,18.636662,21.10171,22.614214,21.111599,22.767618,18.126822,18.042883,18.845385,18.733383,21.04786,21.761244,21.07773,22.243938,18.338652,18.322971,0.0,0.0,0.0,0.0,0.0,4.0,0.0,0.0
29740,2023.0,7.0,26.0,12.0,21.027557,22.34308,19.0169,19.4613,21.029276,22.356373,21.031769,22.479767,18.140055,18.058874,18.825792,18.71864,21.020006,21.671906,21.022297,22.046011,18.224314,18.148355,4.0,0.0,0.0,0.0,0.0,0.0,0.0,0.0
29741,2023.0,7.0,26.0,12.0,21.035402,22.293535,20.14361,21.366793,21.038641,22.29125,21.042,22.405075,18.153154,18.075737,18.809076,18.706367,21.127403,21.795483,21.029968,21.991796,18.159887,18.085278,0.0,0.0,0.0,0.0,0.0,4.0,0.0,0.0
29742,2023.0,7.0,26.0,13.0,21.006186,22.167778,19.611712,20.160337,21.036285,22.224941,21.039457,22.330482,18.165558,18.092636,18.796453,18.698986,21.008232,21.550877,21.028389,21.936768,18.124826,18.054047,4.0,0.0,0.0,0.0,0.0,0.0,0.0,0.0
29743,2023.0,7.0,26.0,13.0,21.040018,22.222044,20.108585,21.158901,21.010256,22.106712,21.038752,22.276485,18.17533,18.10622,18.784525,18.691431,21.201601,21.86977,21.0279,21.896477,18.097454,18.030254,0.0,4.0,0.0,0.0,0.0,4.0,0.0,0.0
29744,2023.0,7.0,26.0,13.0,21.005867,22.103529,19.366255,19.636,21.040455,22.156353,21.038038,22.234278,18.182629,18.117085,18.773706,18.685682,21.27861,21.949217,21.027342,21.865377,18.075373,18.012764,0.0,0.0,0.0,0.0,0.0,4.0,0.0,0.0
29745,2023.0,7.0,26.0,13.0,21.039595,22.170746,18.980036,19.14003,21.033709,22.111238,21.035957,22.197731,18.188478,18.1275,18.762102,18.679138,20.985382,21.412588,21.02599,21.840042,18.05613,17.997763,0.0,0.0,0.0,0.0,0.0,0.0,0.0,0.0
29746,2023.0,7.0,26.0,13.0,21.03096,22.130718,19.255571,19.73476,21.034548,22.0857,21.036398,22.171795,18.191923,18.13536,18.749914,18.672676,21.021406,21.483616,21.026545,21.823824,18.039944,17.986607,4.0,0.0,0.0,0.0,0.0,0.0,0.0,0.0
29747,2023.0,7.0,26.0,13.0,21.031324,22.111526,20.120228,21.211758,21.032862,22.061375,21.01051,22.077858,18.193655,18.141947,18.736958,18.665766,21.016277,21.470491,21.026657,21.810984,18.025436,17.977442,0.0,0.0,4.0,0.0,0.0,0.0,0.0,0.0
29748,2023.0,7.0,26.0,14.0,21.029997,22.093218,19.33061,19.573349,21.032598,22.042751,21.041012,22.145605,18.193962,18.14744,18.724401,18.659784,21.016445,21.469206,21.026398,21.801208,18.01209,17.96964,0.0,0.0,0.0,0.0,0.0,0.0,0.0,0.0
29749,2023.0,7.0,26.0,14.0,20.23939,20.557528,18.880697,18.971254,20.718136,21.392393,20.12953,20.375322,18.190498,18.147497,18.708681,18.64886,20.534437,20.538336,21.227785,22.141129,18.916904,19.69586,0.0,4.0,0.0,0.0,0.0,0.0,4.0,4.0
29750,2023.0,7.0,26.0,14.0,19.907469,20.11251,18.769281,18.833488,20.080446,20.264915,19.746479,19.86123,18.184326,18.144812,18.691511,18.635998,20.345688,20.277914,20.346186,20.425472,20.142828,21.731867,0.0,0.0,0.0,0.0,0.0,0.0,0.0,0.0
29751,2023.0,7.0,26.0,14.0,19.738579,19.94068,19.117476,19.55016,19.733398,19.845432,19.50559,19.568024,18.175692,18.139765,18.671352,18.620584,20.257502,20.193327,19.939148,19.931093,19.021675,19.330086,4.0,0.0,0.0,0.0,0.0,0.0,0.0,0.0
29752,2023.0,7.0,26.0,14.0,19.631691,19.828102,20.130817,21.299038,20.225151,20.868198,19.360697,19.404161,18.165285,18.132645,18.65076,18.603651,20.958239,21.582733,19.817625,19.803015,18.597824,18.664907,0.0,4.0,0.0,0.0,0.0,4.0,0.0,0.0
29753,2023.0,7.0,26.0,14.0,19.53038,19.72577,19.680328,20.258179,20.364727,21.018883,19.237848,19.28154,18.154158,18.124638,18.630468,18.58759,20.496315,20.545025,19.716736,19.707203,18.387604,18.369188,4.0,4.0,0.0,0.0,0.0,0.0,0.0,0.0
29754,2023.0,7.0,26.0,15.0,20.146435,20.94337,20.086285,21.018114,20.36639,21.017445,19.153198,19.195143,18.144176,18.11729,19.014399,19.330439,20.301332,20.275108,19.604435,19.55639,18.292881,18.264147,0.0,4.0,0.0,0.0,4.0,0.0,0.0,0.0
29755,2023.0,7.0,26.0,15.0,20.349571,21.154314,19.424776,19.683907,19.827553,20.01656,19.069088,19.11441,18.136375,18.112743,20.104525,21.15896,20.225246,20.204668,19.513664,19.466562,19.142454,19.931309,0.0,0.0,0.0,0.0,4.0,0.0,0.0,4.0
29756,2023.0,7.0,26.0,15.0,19.79953,20.092863,19.407343,19.851265,20.155882,20.818825,18.994738,19.03979,18.130453,18.109676,19.995287,20.820364,20.135597,20.087652,19.442888,19.397732,20.110998,21.459269,4.0,4.0,0.0,0.0,4.0,0.0,0.0,0.0
29757,2023.0,7.0,26.0,15.0,20.181946,20.979244,20.077457,20.992596,20.28554,20.944458,19.60557,20.24202,18.125595,18.107372,20.025152,20.814232,20.831554,21.464214,19.385416,19.344137,19.103613,19.35782,4.0,4.0,4.0,0.0,0.0,4.0,0.0,0.0
29758,2023.0,7.0,26.0,15.0,20.364895,21.177391,20.016657,20.82915,20.296055,20.952717,19.251165,19.393562,18.12254,18.106516,19.47741,19.696163,21.135317,21.857313,19.335493,19.296392,18.607624,18.684748,0.0,4.0,0.0,0.0,0.0,4.0,0.0,0.0
29759,2023.0,7.0,26.0,15.0,19.81087,20.106295,19.788034,20.324734,20.310501,20.966722,19.04604,19.180532,18.12095,18.107111,19.158348,19.24054,21.203854,21.92364,19.293394,19.257114,18.494171,18.562206,4.0,4.0,0.0,0.0,0.0,4.0,0.0,0.0
29760,2023.0,7.0,26.0,16.0,19.61632,19.85575,20.043797,20.796787,19.762945,19.932644,19.004412,19.14095,18.120245,18.108625,19.00281,18.985582,21.245861,21.96293,19.261599,19.22759,18.369392,18.359945,4.0,0.0,0.0,0.0,0.0,4.0,0.0,0.0
29761,2023.0,7.0,26.0,16.0,19.524384,19.76282,20.002312,20.695526,19.494616,19.606377,18.890217,18.953302,18.117943,18.107498,18.911777,18.886389,20.616417,20.738186,19.227863,19.196196,18.287373,18.272373,4.0,0.0,0.0,0.0,0.0,0.0,0.0,0.0
29762,2023.0,7.0,26.0,16.0,20.107235,20.911972,20.007076,20.688978,19.390812,19.493778,18.816866,18.8678,18.114323,18.104994,18.857689,18.83157,20.303684,20.30333,19.195347,19.165401,18.235159,18.220133,4.0,0.0,0.0,0.0,0.0,0.0,0.0,0.0
29763,2023.0,7.0,26.0,16.0,19.70915,19.992168,20.024538,20.724798,19.965824,20.630743,18.774216,18.823938,18.110775,18.10272,18.814749,18.79023,20.204235,20.192406,19.164907,19.136671,18.193455,18.17969,0.0,4.0,0.0,0.0,0.0,0.0,0.0,0.0
29764,2023.0,7.0,26.0,16.0,19.47784,19.714453,19.513926,19.727594,20.1467,20.801971,19.426748,20.081194,18.106556,18.099974,18.778666,18.757477,20.145535,20.13451,19.137154,19.110859,18.158146,18.14623,0.0,4.0,4.0,0.0,0.0,0.0,0.0,0.0
29765,2023.0,7.0,26.0,16.0,20.044315,20.818987,19.68269,20.152466,19.64157,19.826323,19.081127,19.293142,18.822168,19.453785,18.751078,18.731955,20.079407,20.045988,20.133339,21.015993,18.132261,18.122019,4.0,0.0,0.0,4.0,0.0,0.0,4.0,0.0
29766,2023.0,7.0,26.0,17.0,19.621033,19.910204,20.054726,20.808989,19.427168,19.524351,18.910921,19.039003,20.166039,21.698822,18.723545,18.70611,20.030005,19.994308,19.571123,19.741508,18.108936,18.10072,0.0,0.0,0.0,0.0,0.0,0.0,0.0,0.0
29767,2023.0,7.0,26.0,17.0,19.39821,19.63305,19.521746,19.739693,19.328136,19.413837,18.85393,18.971247,19.096973,19.38814,18.692762,18.675741,19.984612,19.949188,19.237553,19.272758,18.082706,18.074244,0.0,0.0,0.0,0.0,0.0,0.0,0.0,0.0
29768,2023.0,7.0,26.0,17.0,19.341028,19.557167,19.193968,19.225245,19.209932,19.232378,18.750446,18.793375,18.676384,18.716995,18.662878,18.641779,19.943531,19.904305,19.169903,19.182951,18.058325,18.047009,0.0,0.0,0.0,0.0,0.0,0.0,0.0,0.0
29769,2023.0,7.0,26.0,17.0,19.283543,19.471834,19.101362,19.138105,19.155699,19.18033,18.710194,18.750525,18.540972,18.532652,18.637587,18.617662,20.674156,21.325077,19.107695,19.087534,18.037695,18.026848,0.0,0.0,0.0,0.0,0.0,4.0,0.0,0.0
29770,2023.0,7.0,26.0,17.0,19.932642,20.718805,19.02044,19.051168,19.79579,20.424,18.676695,18.71245,18.453745,18.433773,18.609854,18.588507,20.859852,21.54267,19.065977,19.040236,18.016567,18.004614,0.0,4.0,0.0,0.0,0.0,4.0,0.0,0.0
29771,2023.0,7.0,26.0,17.0,19.484976,19.735674,18.95444,18.981064,19.377756,19.508007,18.64866,18.681112,18.397535,18.375635,18.956066,19.262611,20.235165,20.302826,19.035671,19.00877,17.99615,17.98334,0.0,0.0,0.0,0.0,4.0,0.0,0.0,0.0
29772,2023.0,7.0,26.0,18.0,19.319454,19.500433,18.898111,18.92162,19.81321,20.401184,18.62398,18.653488,18.351725,18.329718,20.134321,21.321938,20.02006,19.973564,19.008688,18.981518,17.976347,17.962984,0.0,4.0,0.0,0.0,0.0,0.0,0.0,0.0
29773,2023.0,7.0,26.0,18.0,21.244644,22.92849,18.837376,18.854548,21.147783,22.602562,21.24705,23.327951,18.301342,18.275911,19.621782,20.120848,21.187447,22.094553,21.314777,23.013308,17.951109,17.933777,0.0,4.0,0.0,0.0,4.0,0.0,0.0,0.0
29774,2023.0,7.0,26.0,18.0,21.0009,22.265451,19.230293,19.632982,20.99904,22.150398,20.977726,22.47711,18.253763,18.223875,20.091166,21.031542,20.990076,21.650398,20.962946,22.155018,17.925508,17.903952,4.0,4.0,4.0,0.0,4.0,4.0,4.0,0.0
29775,2023.0,7.0,26.0,18.0,21.0072,22.144348,20.091269,21.04234,21.018818,22.082903,21.048409,22.45815,18.212614,18.180212,20.020987,20.814949,21.031342,21.705482,21.048708,22.213667,18.896244,19.7629,4.0,4.0,0.0,0.0,0.0,0.0,0.0,4.0
29776,2023.0,7.0,26.0,18.0,21.01268,22.073689,20.019043,20.806812,21.015968,22.001022,21.017391,22.24056,18.17529,18.140726,19.291641,19.345278,21.024416,21.650782,21.034977,22.083023,20.151115,21.698687,0.0,4.0,4.0,0.0,0.0,0.0,0.0,0.0
29777,2023.0,7.0,26.0,18.0,21.012344,22.015654,19.667046,20.032593,21.016262,21.944313,21.047915,22.22771,18.141874,18.105959,18.880411,18.797709,21.025455,21.621225,21.036259,22.008644,18.877468,19.009172,4.0,4.0,0.0,0.0,0.0,0.0,0.0,0.0
29778,2023.0,7.0,26.0,19.0,21.039501,22.045874,20.095388,20.880198,21.015726,21.898344,21.015888,22.069738,18.109165,18.070414,18.771215,18.70958,21.139957,21.798403,20.995071,21.841295,19.20618,19.972961,0.0,4.0,4.0,0.0,0.0,4.0,4.0,4.0
29779,2023.0,7.0,26.0,19.0,21.006657,21.917585,19.345987,19.36257,21.041328,21.932821,21.04699,22.098547,18.854908,19.506563,18.702286,18.644222,21.012577,21.55201,21.043793,21.932554,20.125309,21.42402,0.0,0.0,0.0,4.0,0.0,0.0,0.0,0.0
29780,2023.0,7.0,26.0,19.0,21.011784,21.89888,19.013964,18.983952,21.010199,21.81437,21.040588,22.03831,20.153685,21.583673,18.632902,18.57548,21.027807,21.570328,21.034773,21.880554,18.960243,19.017475,0.0,4.0,0.0,0.0,0.0,0.0,0.0,0.0
29781,2023.0,7.0,26.0,19.0,21.038477,21.948236,18.915379,18.874361,21.041492,21.871117,21.041008,21.99903,18.939672,19.015306,18.56739,18.508816,20.999935,21.48441,21.035759,21.85293,19.299866,20.002491,0.0,0.0,0.0,0.0,0.0,4.0,0.0,4.0
29782,2023.0,7.0,26.0,19.0,21.032455,21.908323,18.834827,18.78404,21.035091,21.831001,21.006567,21.89218,18.337275,18.221521,18.505358,18.443748,21.032558,21.567213,21.035017,21.826885,20.113277,21.28546,0.0,0.0,4.0,0.0,0.0,0.0,0.0,0.0
29783,2023.0,7.0,26.0,19.0,21.006144,21.810366,19.201452,19.52127,21.010227,21.736887,21.04676,21.9646,18.270351,18.211935,18.450884,18.389093,20.998047,21.469765,21.029001,21.807167,18.985565,18.982983,4.0,4.0,0.0,0.0,0.0,4.0,0.0,0.0
29784,2023.0,7.0,26.0,20.0,21.011612,21.806166,20.116177,21.060247,21.041548,21.80421,21.039507,21.922634,18.227617,18.173082,18.397013,18.331167,21.00227,21.477419,21.125788,21.943289,18.442371,18.302639,0.0,0.0,0.0,0.0,0.0,4.0,4.0,0.0
29785,2023.0,7.0,26.0,20.0,21.011301,21.793882,19.360508,19.4764,21.009285,21.701534,21.014519,21.828953,18.177189,18.125135,18.35184,18.288189,21.00204,21.477505,21.025349,21.765602,19.338255,20.144882,0.0,4.0,4.0,0.0,0.0,4.0,0.0,4.0
29786,2023.0,7.0,26.0,20.0,21.01027,21.782623,19.385286,19.745277,21.014925,21.702091,21.019316,21.82391,18.129662,18.078577,18.307493,18.244902,21.03404,21.561033,21.037336,21.779581,20.104752,21.251368,4.0,4.0,4.0,0.0,0.0,0.0,0.0,0.0
29787,2023.0,7.0,26.0,20.0,21.038168,21.848753,20.086933,20.898214,21.040415,21.764238,21.044428,21.881826,18.08968,18.040974,18.267685,18.207113,20.99769,21.460445,21.035217,21.76306,18.963726,18.927738,4.0,0.0,0.0,0.0,0.0,4.0,0.0,0.0
29788,2023.0,7.0,26.0,20.0,21.001902,21.740414,20.020588,20.699478,21.00657,21.662325,21.03792,21.851362,18.052475,18.003256,18.229313,18.167816,21.034891,21.55195,21.034502,21.749414,18.426334,18.267986,0.0,4.0,0.0,0.0,0.0,0.0,0.0,0.0
29789,2023.0,7.0,26.0,20.0,21.039314,21.825502,19.587914,19.788603,21.041523,21.743414,21.039438,21.837034,18.794891,19.435678,18.196455,18.133436,20.996832,21.446285,21.02775,21.738424,18.377295,18.314157,4.0,0.0,0.0,4.0,0.0,4.0,0.0,0.0
29790,2023.0,7.0,26.0,21.0,21.004492,21.719955,20.107096,20.829191,21.008642,21.644156,21.029945,21.820972,20.14248,21.543678,18.163631,18.097351,21.03393,21.537632,21.028746,21.739035,18.325481,18.269335,0.0,4.0,0.0,4.0,0.0,0.0,0.0,0.0
29791,2023.0,7.0,26.0,21.0,21.010801,21.723532,19.298899,19.201675,21.040625,21.721167,21.031008,21.821856,20.030329,21.152836,18.135887,18.068956,21.027943,21.515213,21.16245,21.952074,18.261013,18.207253,0.0,0.0,0.0,0.0,0.0,0.0,4.0,0.0
29792,2023.0,7.0,26.0,21.0,21.037075,21.789959,19.42444,19.713198,21.034225,21.696373,21.030703,21.818195,19.502018,19.959198,18.1114,18.043781,20.997557,21.426207,21.01853,21.687246,19.190434,20.022047,4.0,0.0,0.0,4.0,0.0,4.0,0.0,4.0
29793,2023.0,7.0,26.0,21.0,21.003252,21.689104,20.084732,20.829025,21.034449,21.684698,21.03033,21.812662,20.101398,21.109379,18.088217,18.01912,21.002686,21.437286,21.036964,21.715727,20.119373,21.390465,0.0,0.0,0.0,4.0,0.0,4.0,0.0,0.0
29794,2023.0,7.0,26.0,21.0,21.037403,21.770512,19.42285,19.480307,21.025177,21.673399,21.030174,21.80643,20.032257,20.908009,18.068554,17.999168,21.03324,21.517792,21.034187,21.69935,19.631462,20.223688,0.0,0.0,0.0,0.0,0.0,0.0,0.0,4.0
29795,2023.0,7.0,26.0,21.0,21.030422,21.744179,19.04743,18.98616,21.026403,21.678175,21.02996,21.799665,19.052763,18.954336,18.05056,17.980667,21.027863,21.49739,21.03433,21.689125,20.109127,21.166737,0.0,0.0,0.0,0.0,0.0,0.0,0.0,0.0
29796,2023.0,7.0,26.0,22.0,21.0312,21.73373,18.923635,18.841595,21.026161,21.67785,21.029669,21.792711,18.562317,18.365374,18.03321,17.962656,21.028051,21.488352,21.026283,21.678478,19.01077,18.934795,0.0,0.0,0.0,0.0,0.0,0.0,0.0,0.0
29797,2023.0,7.0,26.0,22.0,21.021446,21.72177,18.842861,18.753172,21.025341,21.675205,21.028866,21.785246,18.401587,18.196974,18.01615,17.944427,21.027054,21.478565,21.026905,21.681173,18.493418,18.311954,0.0,0.0,0.0,0.0,0.0,0.0,0.0,0.0
29798,2023.0,7.0,26.0,22.0,21.023457,21.728659,19.227745,19.527021,20.999899,21.602118,21.029528,21.780973,19.074387,19.577785,18.001598,17.930294,21.019865,21.47338,21.027033,21.680475,18.460619,18.389778,4.0,4.0,0.0,4.0,0.0,0.0,0.0,0.0
29799,2023.0,7.0,26.0,22.0,21.02336,21.728271,20.112162,21.008854,21.031431,21.689165,21.029316,21.775324,20.127745,21.26517,17.987078,17.915123,21.176868,21.754072,21.02675,21.677864,19.267895,19.972473,0.0,0.0,0.0,0.0,0.0,4.0,0.0,4.0
29800,2023.0,7.0,26.0,22.0,21.01573,21.683254,19.386477,19.488178,21.03435,21.673449,21.029152,21.769474,19.014431,18.95797,17.97518,17.903425,21.00555,21.406334,21.207838,21.98215,20.1093,21.239382,0.0,0.0,0.0,0.0,0.0,4.0,4.0,0.0
29801,2023.0,7.0,26.0,22.0,21.03636,21.740181,18.950115,18.88398,21.033228,21.65385,21.028702,21.762835,18.469997,18.276388,17.963394,17.891232,21.035404,21.490047,21.00663,21.601551,19.645231,20.15274,0.0,0.0,0.0,0.0,0.0,0.0,0.0,4.0
29802,2023.0,7.0,26.0,23.0,21.029459,21.714409,18.837507,18.752537,21.02396,21.639738,21.028675,21.757036,18.450148,18.372131,17.95184,17.879421,21.026602,21.466118,21.0366,21.656487,20.106941,21.075842,0.0,0.0,0.0,0.0,0.0,0.0,0.0,0.0
29803,2023.0,7.0,26.0,23.0,20.286476,20.278198,18.776373,18.692997,20.394785,20.432875,20.303225,20.357773,18.420843,18.355389,17.942432,17.871725,20.334295,20.129566,20.192905,20.026464,19.07378,18.98876,0.0,0.0,0.0,0.0,0.0,0.0,0.0,0.0
29804,2023.0,7.0,26.0,23.0,20.137814,20.185484,18.735466,18.652462,20.080017,19.98376,19.95576,19.87089,18.37791,18.31592,17.935001,17.865627,20.073277,19.795528,19.871105,19.625286,19.473099,19.95385,0.0,0.0,0.0,0.0,0.0,0.0,0.0,4.0
29805,2023.0,7.0,26.0,23.0,20.061308,20.129852,18.70045,18.620466,19.945875,19.842865,19.80969,19.719501,18.33512,18.273588,17.928152,17.860361,20.112703,19.990728,19.858171,19.75106,18.867537,18.73422,0.0,0.0,0.0,0.0,0.0,0.0,0.0,0.0
29806,2023.0,7.0,26.0,23.0,19.97895,20.050917,18.669712,18.592304,19.847086,19.745964,19.700998,19.612726,18.297722,18.237421,17.921677,17.855412,20.843658,21.431986,19.794636,19.707954,18.619238,18.437933,0.0,0.0,0.0,0.0,0.0,4.0,0.0,0.0
29807,2023.0,7.0,26.0,23.0,19.908918,19.983875,18.642263,18.567621,19.765274,19.667334,19.611244,19.526205,18.264482,18.20573,17.915615,17.850885,20.153332,19.988056,19.716658,19.635805,18.514341,18.33984,0.0,0.0,0.0,0.0,0.0,0.0,0.0,0.0
29808,2023.0,7.0,27.0,0.0,19.842983,19.916098,18.615288,18.541029,19.68859,19.58778,19.527006,19.438639,18.232933,18.173758,17.909655,17.846117,19.887207,19.628025,19.641644,19.560806,18.533691,18.46875,0.0,0.0,0.0,0.0,0.0,0.0,0.0,0.0
29809,2023.0,7.0,27.0,0.0,19.789188,19.865484,18.592955,18.5214,19.626852,19.52989,19.459332,19.374971,18.206396,18.148731,17.904373,17.842308,19.80512,19.554758,19.57849,19.50169,18.491838,18.432495,0.0,0.0,0.0,0.0,0.0,0.0,0.0,0.0
29810,2023.0,7.0,27.0,0.0,19.74092,19.820248,18.572584,18.503664,19.571657,19.478485,19.39908,19.318575,18.182478,18.126286,17.899353,17.838741,19.889704,19.799969,19.520203,19.444046,18.444147,18.3886,0.0,0.0,0.0,0.0,0.0,0.0,0.0,0.0
29811,2023.0,7.0,27.0,0.0,19.697313,19.779524,18.553919,18.487558,19.521906,19.432436,19.344995,19.26819,18.160843,18.106083,17.894577,17.835403,19.863316,19.775002,19.468376,19.394012,18.400484,18.348204,0.0,0.0,0.0,0.0,0.0,0.0,0.0,0.0
29812,2023.0,7.0,27.0,0.0,19.65665,19.739735,18.536758,18.472881,19.476835,19.390936,19.296122,19.222868,18.141226,18.087868,17.890043,17.83229,19.825695,19.739342,19.42174,19.349104,18.359266,18.307182,0.0,0.0,0.0,0.0,0.0,0.0,0.0,0.0
29813,2023.0,7.0,27.0,0.0,19.619871,19.704504,18.520922,18.459452,19.435797,19.353334,19.251707,19.181862,18.123419,18.071436,17.885748,17.829407,19.790249,19.705608,19.379534,19.30857,18.322798,18.272083,0.0,0.0,0.0,0.0,0.0,0.0,0.0,0.0
29814,2023.0,7.0,27.0,1.0,19.5861,19.672203,18.506247,18.447115,19.398243,19.319088,19.211145,19.144567,18.10722,18.05659,17.88169,17.826742,19.757292,19.674362,19.341192,19.27185,18.290068,18.240698,0.0,0.0,0.0,0.0,0.0,0.0,0.0,0.0
29815,2023.0,7.0,27.0,1.0,19.555944,19.644447,18.492887,18.436317,19.36553,19.291367,19.176008,19.114613,18.092604,18.04349,17.877333,17.823286,19.727818,19.647469,19.307209,19.240456,18.991373,19.588552,0.0,0.0,0.0,0.0,0.0,0.0,0.0,4.0
29816,2023.0,7.0,27.0,1.0,19.525616,19.61424,18.478827,18.423336,19.33217,19.259731,19.1404,19.08058,18.077927,18.0293,17.872505,17.819048,19.698395,19.618633,19.27387,19.207645,18.502165,18.506,0.0,0.0,0.0,0.0,0.0,0.0,0.0,0.0
29817,2023.0,7.0,27.0,1.0,19.497566,19.58655,18.46555,18.411173,19.30128,19.23067,19.107737,19.04954,18.649017,19.115097,17.867624,17.814764,19.671011,19.591995,19.2431,19.177572,18.267977,18.14855,0.0,0.0,0.0,4.0,0.0,0.0,0.0,0.0
29818,2023.0,7.0,27.0,1.0,19.471216,19.560274,18.91534,19.26751,19.27214,19.203049,19.077026,19.020157,18.267647,18.256046,17.862686,17.81038,19.645117,19.56665,19.214243,19.149197,18.188047,18.057976,4.0,0.0,0.0,0.0,0.0,0.0,0.0,0.0
29819,2023.0,7.0,27.0,1.0,19.44672,19.535822,18.634426,18.638252,19.244684,19.176958,19.04806,18.99243,18.147871,18.101,17.857939,17.806173,19.620693,19.542725,19.187222,19.122602,18.217562,18.168135,0.0,0.0,0.0,0.0,0.0,0.0,0.0,0.0
29820,2023.0,7.0,27.0,2.0,19.423273,19.512087,18.514252,18.459728,19.217863,19.150501,19.019728,18.964321,18.117474,18.069773,17.85354,17.802217,19.597202,19.519293,19.161495,19.096922,18.20309,18.157026,0.0,0.0,0.0,0.0,0.0,0.0,0.0,0.0
29821,2023.0,7.0,27.0,2.0,19.401447,19.490334,18.486082,18.43211,19.1935,19.127363,18.994072,18.939854,18.093939,18.046606,17.848993,17.79796,19.575293,19.497799,19.13769,19.073519,18.179415,18.133644,0.0,0.0,0.0,0.0,0.0,0.0,0.0,0.0
29822,2023.0,7.0,27.0,2.0,19.380358,19.469189,18.464418,18.411314,19.170246,19.10527,18.969654,18.91656,18.074734,18.027681,17.844112,17.79335,19.554262,19.477175,19.115057,19.051277,18.157158,18.111668,0.0,0.0,0.0,0.0,0.0,0.0,0.0,0.0
29823,2023.0,7.0,27.0,2.0,19.360107,19.448864,18.446983,18.394648,19.148056,19.084177,18.946417,18.89438,18.057684,18.01091,17.839022,17.788523,19.534071,19.457386,19.093527,19.030132,18.136332,18.091135,0.0,0.0,0.0,0.0,0.0,0.0,0.0,0.0
29824,2023.0,7.0,27.0,2.0,19.340647,19.42931,18.43142,18.379778,19.126833,19.063988,18.924253,18.873213,18.042341,17.995844,17.833805,17.783566,19.514647,19.438356,19.072996,19.00998,18.116968,18.07207,0.0,0.0,0.0,0.0,0.0,0.0,0.0,0.0
29825,2023.0,7.0,27.0,2.0,19.321918,19.410477,18.417233,18.366234,19.106485,19.044619,18.903067,18.852962,18.02826,17.982037,17.828514,17.778534,19.495914,19.420017,19.053368,18.990725,18.098892,18.054295,0.0,0.0,0.0,0.0,0.0,0.0,0.0,0.0
29826,2023.0,7.0,27.0,3.0,19.303867,19.392307,18.403967,18.353577,19.086933,19.025991,18.882763,18.833546,18.015219,17.969275,17.823181,17.773466,19.477814,19.402308,19.034555,18.972282,18.081976,18.037682,0.0,0.0,0.0,0.0,0.0,0.0,0.0,0.0
29827,2023.0,7.0,27.0,3.0,19.286715,19.375305,18.391756,18.342276,19.068415,19.008665,18.863571,18.815498,18.003302,17.957872,17.818121,17.76893,19.460573,19.385725,19.016737,18.955061,18.066322,18.022543,0.0,0.0,0.0,0.0,0.0,0.0,0.0,0.0
29828,2023.0,7.0,27.0,3.0,19.270191,19.35892,18.380196,18.33161,19.050608,18.991983,18.845175,18.798204,17.992285,17.947372,17.813234,17.76458,19.443996,19.369808,18.999722,18.938644,18.051718,18.00846,0.0,0.0,0.0,0.0,0.0,0.0,0.0,0.0
29829,2023.0,7.0,27.0,3.0,19.254225,19.343079,18.369156,18.321445,19.033436,18.9759,18.827482,18.78157,17.982038,17.93765,17.808502,17.76039,19.428003,19.354479,18.983421,18.922945,18.038038,17.9953,0.0,0.0,0.0,0.0,0.0,0.0,0.0,0.0
29830,2023.0,7.0,27.0,3.0,19.238764,19.327736,18.358562,18.31171,19.016836,18.960352,18.810427,18.765533,17.97247,17.928606,17.803911,17.756344,19.412539,19.339676,18.967766,18.907888,18.025183,17.98297,0.0,0.0,0.0,0.0,0.0,0.0,0.0,0.0
29831,2023.0,7.0,27.0,3.0,19.232391,19.3301,18.348358,18.302343,19.000755,18.94529,18.793955,18.750044,17.963497,17.92016,17.799454,17.752436,19.397549,19.325348,18.952694,18.893414,18.013065,17.971375,0.0,0.0,0.0,0.0,0.0,0.0,0.0,0.0
29832,2023.0,7.0,27.0,4.0,19.228256,19.334623,18.338495,18.293306,18.985153,18.930672,18.778015,18.735056,17.955057,17.912247,17.795118,17.748653,19.38299,19.311451,18.93815,18.879467,18.001608,17.96044,0.0,0.0,0.0,0.0,0.0,0.0,0.0,0.0
29833,2023.0,7.0,27.0,4.0,19.217575,19.324476,18.330143,18.286966,18.971066,18.918612,18.76355,18.722364,17.947931,17.90648,17.791857,17.7469,19.369621,19.299637,18.92484,18.8675,17.99151,17.951624,0.0,0.0,0.0,0.0,0.0,0.0,0.0,0.0
29834,2023.0,7.0,27.0,4.0,19.20656,19.314215,18.322329,18.281178,18.957605,18.907164,18.749758,18.710371,17.941494,17.901411,17.78901,17.74558,19.356878,19.288414,18.912182,18.856192,17.98217,17.943571,0.0,0.0,0.0,0.0,0.0,0.0,0.0,0.0
29835,2023.0,7.0,27.0,4.0,19.195925,19.304678,18.315416,18.276823,18.945553,18.898056,18.73739,18.70074,18.508108,18.971287,18.076336,18.285608,19.34521,19.278929,19.858557,20.650988,17.973822,17.936926,0.0,0.0,0.0,4.0,4.0,0.0,4.0,0.0
29836,2023.0,7.0,27.0,4.0,19.1852,19.294695,18.308443,18.271742,18.933184,18.887518,18.724636,18.689718,18.168924,18.192936,17.918106,17.914076,19.333284,19.2685,19.16763,19.118973,17.965584,17.929947,0.0,0.0,0.0,0.0,0.0,0.0,0.0,0.0
29837,2023.0,7.0,27.0,4.0,19.174963,19.285109,18.301899,18.266905,18.92123,18.877058,18.712255,18.678856,18.629852,19.11879,17.841116,17.802774,19.321583,19.258114,18.946497,18.813093,17.957754,17.923265,0.0,0.0,0.0,4.0,0.0,0.0,0.0,0.0
29838,2023.0,7.0,27.0,5.0,19.165432,19.276508,18.295813,18.262682,18.909912,18.867586,18.700586,18.669004,18.17194,18.121769,17.830296,17.793083,19.310593,19.248707,18.894924,18.765509,17.950617,17.917442,0.0,0.0,0.0,0.0,0.0,0.0,0.0,0.0
29839,2023.0,7.0,27.0,5.0,19.156895,19.269552,18.290655,18.260149,18.899052,18.858887,18.689442,18.65986,18.02217,17.92592,17.82263,17.78734,19.300404,19.24048,18.859188,18.735384,17.944403,17.912975,0.0,0.0,0.0,0.0,0.0,0.0,0.0,0.0
29840,2023.0,7.0,27.0,5.0,19.149063,19.263683,18.286243,18.258766,18.88931,18.852041,18.67951,18.652605,18.046589,18.014303,17.818062,17.785213,19.29132,19.233837,18.909222,18.866879,17.939138,17.909718,0.0,0.0,0.0,0.0,0.0,0.0,0.0,0.0
29841,2023.0,7.0,27.0,5.0,19.141088,19.257399,18.282106,18.25765,18.879948,18.845552,18.669674,18.644852,18.036537,18.008703,17.814787,17.78437,19.282768,19.227709,18.900867,18.856075,17.934462,17.907034,0.0,0.0,0.0,0.0,0.0,0.0,0.0,0.0
29842,2023.0,7.0,27.0,5.0,19.133146,19.25113,18.278234,18.256886,18.871397,18.840378,18.660833,18.638905,18.02344,17.99719,17.81255,17.784533,19.27499,19.222687,19.848263,20.653326,17.930407,17.905085,0.0,0.0,0.0,0.0,0.0,0.0,4.0,0.0
29843,2023.0,7.0,27.0,5.0,19.125011,19.244423,18.274395,18.255932,18.86233,18.833471,18.651297,18.63117,18.011448,17.986477,17.81124,17.78564,19.266994,19.216736,20.078934,20.852184,17.926651,17.903175,0.0,0.0,0.0,0.0,0.0,0.0,4.0,0.0
29844,2023.0,7.0,27.0,6.0,19.117632,19.23882,18.270948,18.25548,18.855034,18.829092,18.643127,18.625753,18.002851,17.980394,17.810617,17.787275,19.260126,19.212515,19.292337,19.26367,17.92363,17.902172,0.0,0.0,0.0,0.0,0.0,0.0,0.0,0.0
29845,2023.0,7.0,27.0,6.0,21.269436,23.021336,18.266258,18.252197,21.248173,23.05852,21.291237,23.264517,17.99468,17.973557,17.81,17.788198,21.244116,22.663599,21.298996,22.8441,18.67866,19.331121,0.0,4.0,0.0,0.0,0.0,0.0,0.0,4.0
29846,2023.0,7.0,27.0,6.0,20.999706,22.277021,18.670738,19.01118,21.008497,22.345251,20.998495,22.421139,17.988405,17.96836,17.81043,17.789902,21.008373,22.078989,21.011707,22.169899,20.178581,21.744604,4.0,0.0,0.0,0.0,0.0,0.0,0.0,0.0
29847,2023.0,7.0,27.0,6.0,21.220692,22.58646,20.186224,21.560785,21.19523,22.539976,21.205608,22.667215,18.584541,19.094774,17.812862,17.793875,21.166037,22.266787,21.239065,22.49684,18.887901,18.990654,0.0,0.0,0.0,4.0,0.0,0.0,0.0,0.0
29848,2023.0,7.0,27.0,6.0,21.02845,22.106655,19.197433,19.420984,21.037745,22.099901,21.035267,22.207888,20.162973,21.655699,17.818022,17.800236,21.02678,21.89318,21.029652,21.990269,18.335241,18.284306,0.0,0.0,0.0,4.0,0.0,0.0,0.0,0.0
29849,2023.0,7.0,27.0,6.0,21.027323,22.041368,18.645355,18.651865,21.00345,21.941679,21.033943,22.125994,20.016066,21.177238,18.139692,18.400595,20.99423,21.744688,21.024958,21.874817,18.267368,18.2454,0.0,4.0,0.0,0.0,4.0,4.0,4.0,0.0
29850,2023.0,7.0,27.0,7.0,21.027988,21.993801,18.55139,18.548191,21.042528,21.978758,21.034403,22.067202,19.003143,19.073212,20.251705,21.99657,21.00557,21.7156,20.998953,21.793385,19.06205,19.784838,0.0,0.0,0.0,0.0,0.0,4.0,4.0,4.0
29851,2023.0,7.0,27.0,7.0,20.999693,21.882223,18.937963,19.311388,21.009075,21.843895,21.03325,22.01932,18.519737,18.459883,19.02957,19.312565,21.003542,21.675175,21.040535,21.87346,20.12642,21.433212,4.0,4.0,0.0,0.0,0.0,4.0,0.0,0.0
29852,2023.0,7.0,27.0,7.0,21.031883,21.946209,20.147987,21.345211,21.03975,21.893066,21.032396,21.981712,19.211105,19.863197,18.360529,18.370367,21.002718,21.645353,21.031277,21.82039,19.00976,19.087364,0.0,0.0,0.0,4.0,0.0,4.0,0.0,0.0
29853,2023.0,7.0,27.0,7.0,21.030352,21.910072,19.598976,20.079655,21.032581,21.8488,21.031445,21.95154,20.078165,21.166101,18.247412,18.23497,21.03239,21.700258,21.030981,21.789274,18.534367,18.50167,4.0,0.0,0.0,4.0,0.0,0.0,0.0,0.0
29854,2023.0,7.0,27.0,7.0,21.001957,21.807108,20.112436,21.090317,21.032614,21.823673,21.031162,21.92828,19.998486,20.887703,18.20423,18.191647,21.026127,21.65941,21.080776,21.816473,19.413631,20.258009,0.0,0.0,0.0,4.0,0.0,0.0,4.0,4.0
29855,2023.0,7.0,27.0,7.0,21.006573,21.802052,19.6163,19.995764,21.026447,21.800863,21.030323,21.907457,20.03669,20.902573,18.177174,18.167017,21.025747,21.634077,21.02568,21.73396,20.080114,21.188011,4.0,0.0,0.0,0.0,0.0,0.0,0.0,0.0
29856,2023.0,7.0,27.0,8.0,21.033314,21.865602,20.08424,20.923733,21.026758,21.790897,21.029873,21.89011,19.228731,19.274757,18.159164,18.15155,21.024931,21.612186,21.029686,21.7277,19.873209,20.607857,4.0,0.0,0.0,0.0,0.0,0.0,0.0,4.0
29857,2023.0,7.0,27.0,8.0,20.306759,20.45162,20.02068,20.754337,20.329468,20.439224,20.238506,20.351955,18.843277,18.803013,18.146866,18.141184,20.446955,20.488054,20.268553,20.24662,20.024126,20.87253,0.0,0.0,0.0,0.0,0.0,0.0,0.0,4.0
29858,2023.0,7.0,27.0,8.0,19.948635,20.027365,19.361069,19.444431,19.930698,19.9338,19.803993,19.815409,18.73648,18.697693,18.139315,18.135548,20.164545,20.132381,19.90873,19.825531,20.032143,20.857336,0.0,0.0,0.0,0.0,0.0,0.0,0.0,0.0
29859,2023.0,7.0,27.0,8.0,19.875322,20.00642,19.469301,19.869173,19.776564,19.76427,19.642933,19.640972,18.683153,18.662516,18.134247,18.132072,20.05728,20.019356,19.813734,19.771755,19.249086,19.29531,4.0,0.0,0.0,0.0,0.0,0.0,0.0,0.0
29860,2023.0,7.0,27.0,8.0,19.822514,19.961866,20.087866,20.942595,19.69394,19.678694,19.553976,19.548826,18.64454,18.626844,18.133091,18.132156,19.996801,19.95837,19.750944,19.71408,18.978704,18.939058,0.0,0.0,0.0,0.0,0.0,0.0,0.0,0.0
29861,2023.0,7.0,27.0,8.0,19.75963,19.903734,19.383152,19.495884,19.615578,19.605234,19.469141,19.469053,18.604084,18.590132,18.133413,18.133795,19.93932,19.904757,19.682257,19.650053,18.862654,18.831045,0.0,0.0,0.0,0.0,0.0,0.0,0.0,0.0
29862,2023.0,7.0,27.0,9.0,19.71253,19.856934,19.51207,19.862932,19.559473,19.550776,19.408466,19.409864,19.298382,19.926395,18.137,18.138533,19.898485,19.865456,19.63204,19.601685,18.800188,18.778917,4.0,0.0,0.0,4.0,0.0,0.0,0.0,0.0
29863,2023.0,7.0,27.0,9.0,20.359983,21.114044,20.064686,20.817966,19.510702,19.507229,19.355392,19.361876,20.108265,21.232824,18.144117,18.149282,19.863777,19.834772,19.588686,19.562403,18.747107,18.730888,4.0,0.0,0.0,0.0,0.0,0.0,0.0,0.0
29864,2023.0,7.0,27.0,9.0,19.962103,20.169718,20.019178,20.693827,19.46296,19.466158,19.303316,19.31647,19.236708,19.37755,18.154137,18.16266,20.589947,21.247503,19.547228,19.525787,19.585716,20.364687,0.0,0.0,0.0,0.0,0.0,4.0,0.0,4.0
29865,2023.0,7.0,27.0,9.0,19.714731,19.86876,19.807085,20.228579,19.42068,19.428377,19.257435,19.274855,18.842089,18.863789,18.547358,18.89423,20.137167,20.17626,19.511045,19.492647,20.056105,20.98418,4.0,0.0,0.0,0.0,4.0,0.0,0.0,0.0
29866,2023.0,7.0,27.0,9.0,19.656343,19.8144,20.039927,20.688648,19.38596,19.399328,19.220387,19.243147,18.749834,18.752144,20.202295,21.67728,19.900003,19.877901,20.474566,21.34245,19.300913,19.428104,4.0,0.0,0.0,0.0,0.0,0.0,4.0,0.0
29867,2023.0,7.0,27.0,9.0,19.621552,19.787191,20.0011,20.58697,19.356579,19.374659,19.188774,19.216162,19.415678,20.049036,19.196568,19.467564,19.851675,19.83304,19.96912,20.07143,18.94713,18.976212,4.0,0.0,0.0,4.0,0.0,0.0,0.0,0.0
29868,2023.0,7.0,27.0,10.0,19.59254,19.760643,20.023647,20.629478,19.331745,19.354736,19.162088,19.194313,20.045414,20.950502,19.046766,19.430796,19.829803,19.816385,20.66857,21.583572,18.87034,18.903084,0.0,0.0,0.0,4.0,4.0,0.0,4.0,0.0
29869,2023.0,7.0,27.0,10.0,19.573336,19.749542,19.900927,20.351788,19.30925,19.33535,19.137838,19.173264,19.993097,20.748556,20.141253,21.295467,19.810606,19.798058,20.07663,20.18507,18.797405,18.800848,4.0,0.0,0.0,4.0,0.0,0.0,0.0,0.0
29870,2023.0,7.0,27.0,10.0,19.561832,19.745216,20.022263,20.595554,19.288887,19.31794,19.116268,19.154531,20.027716,20.771654,19.324152,19.542248,19.79503,19.78273,19.73648,19.751911,18.748281,18.748857,4.0,0.0,0.0,0.0,0.0,0.0,0.0,0.0
29871,2023.0,7.0,27.0,10.0,19.54182,19.72378,20.018742,20.590088,19.269852,19.301027,19.096302,19.13654,20.062574,20.739975,18.847628,18.855274,19.782782,19.770018,19.660809,19.665924,18.71673,18.716022,0.0,0.0,0.0,4.0,0.0,0.0,0.0,0.0
29872,2023.0,7.0,27.0,10.0,19.526007,19.708593,19.573265,19.719225,19.254284,19.289085,19.080143,19.123957,20.016018,20.64478,18.772957,18.779697,19.774702,19.762354,19.6307,19.640415,18.69601,18.69679,0.0,0.0,0.0,0.0,0.0,0.0,0.0,0.0
29873,2023.0,7.0,27.0,10.0,19.512175,19.695646,19.321476,19.3952,19.240198,19.278265,19.065588,19.112665,19.515087,19.64706,18.73879,18.745445,20.53811,21.218178,19.584894,19.573713,18.68042,18.682245,0.0,0.0,0.0,0.0,0.0,4.0,0.0,0.0
29874,2023.0,7.0,27.0,11.0,19.502134,19.68656,19.668653,20.105171,19.229137,19.270067,19.054144,19.104128,19.317438,19.357412,18.722397,18.728619,20.077827,20.188896,19.562613,19.550262,18.6715,18.674019,4.0,0.0,0.0,0.0,0.0,0.0,0.0,0.0
29875,2023.0,7.0,27.0,11.0,19.49274,19.677952,20.033216,20.697206,19.218622,19.261988,19.726297,20.380272,19.205397,19.201656,18.709795,18.716215,19.92727,19.94319,19.547487,19.53561,18.664215,18.667177,4.0,0.0,4.0,0.0,0.0,0.0,0.0,0.0
29876,2023.0,7.0,27.0,11.0,19.482803,19.6687,20.015917,20.62993,19.207743,19.253332,19.387653,19.520279,19.127287,19.118881,18.698542,18.705448,19.894678,19.91214,19.53312,19.521591,18.658144,18.6615,0.0,0.0,0.0,0.0,0.0,0.0,0.0,0.0
29877,2023.0,7.0,27.0,11.0,19.47369,19.660254,19.938848,20.424822,19.19771,19.24534,19.20236,19.315239,19.794754,20.423304,18.691967,18.699486,19.854382,19.84465,19.521555,19.510387,18.654179,18.657911,4.0,0.0,0.0,4.0,0.0,0.0,0.0,0.0
29878,2023.0,7.0,27.0,11.0,19.466627,19.653652,20.035261,20.633883,19.189262,19.238432,19.182135,19.297215,20.057457,20.776344,18.69219,18.700083,19.837568,19.823545,19.513866,19.502638,18.65326,18.65726,0.0,0.0,0.0,4.0,0.0,0.0,0.0,0.0
29879,2023.0,7.0,27.0,11.0,19.460325,19.64812,19.63533,19.819088,19.861929,20.512852,19.11643,19.181774,20.011715,20.631336,18.69345,18.701845,19.829779,19.817215,19.507536,19.497313,18.653316,18.657646,0.0,4.0,0.0,0.0,0.0,0.0,0.0,0.0
29880,2023.0,7.0,27.0,12.0,19.454796,19.643282,19.375217,19.463991,19.543016,19.693897,19.078669,19.1391,19.570091,19.7312,18.69675,18.705332,19.824806,19.81267,19.503624,19.493662,19.551426,20.3532,0.0,0.0,0.0,0.0,0.0,0.0,0.0,4.0
29881,2023.0,7.0,27.0,12.0,21.222544,22.749918,19.705717,20.13849,21.177582,22.629642,21.250206,22.93036,19.389133,19.453503,18.703682,18.712753,21.15921,22.215252,21.250307,22.615465,20.062588,21.096895,4.0,4.0,4.0,0.0,0.0,0.0,0.0,0.0
29882,2023.0,7.0,27.0,12.0,20.985046,22.107744,20.044497,20.675138,21.001953,22.12989,20.989998,22.234928,19.322218,19.379782,18.714283,18.724619,20.999638,21.768911,20.989279,21.919582,20.114502,20.985346,0.0,0.0,0.0,0.0,0.0,0.0,0.0,4.0
29883,2023.0,7.0,27.0,12.0,21.003572,22.01538,19.58008,19.725714,21.008045,22.005398,21.039389,22.19633,19.2289,19.223999,18.726969,18.73746,21.021414,21.72244,21.028858,21.884813,20.008743,20.739393,0.0,4.0,0.0,0.0,0.0,0.0,0.0,0.0
29884,2023.0,7.0,27.0,12.0,21.028389,22.0156,19.338547,19.423992,21.032198,21.996403,21.028906,22.078892,19.182068,19.176138,18.741663,18.752499,21.016407,21.645998,21.019796,21.783745,19.46835,19.627842,0.0,0.0,0.0,0.0,0.0,0.0,0.0,0.0
29885,2023.0,7.0,27.0,12.0,21.052647,21.99962,19.253592,19.325203,21.05859,21.978924,21.065668,22.074656,19.161554,19.156096,18.759062,18.77137,21.0376,21.632689,21.04678,21.768684,19.21516,19.284508,0.0,0.0,0.0,0.0,0.0,0.0,0.0,0.0
29886,2023.0,7.0,27.0,13.0,20.990976,21.819149,19.66122,20.134903,20.994875,21.7918,21.022264,21.943005,19.150629,19.14708,18.775595,18.787172,21.012545,21.547722,21.015133,21.664104,19.098698,19.09762,4.0,4.0,0.0,0.0,0.0,0.0,0.0,0.0
29887,2023.0,7.0,27.0,13.0,20.999466,21.81181,20.036005,20.688782,21.03136,21.85582,21.026423,21.91394,19.14541,19.143959,18.796846,18.810553,21.01398,21.520803,21.017744,21.633682,19.05096,19.051119,4.0,0.0,0.0,0.0,0.0,0.0,0.0,0.0
29888,2023.0,7.0,27.0,13.0,21.015207,21.823038,20.031364,20.632832,21.04951,21.85748,21.056417,21.938852,19.145683,19.146406,18.8204,18.83581,21.03069,21.526163,21.03957,21.643766,19.034168,19.035727,0.0,0.0,0.0,0.0,0.0,0.0,0.0,0.0
29889,2023.0,7.0,27.0,13.0,21.023104,21.845646,20.019394,20.558298,20.99212,21.703768,21.020123,21.844664,19.149792,19.152441,18.843956,18.859453,21.011433,21.466627,21.474642,22.411621,19.026188,19.02977,4.0,4.0,0.0,0.0,0.0,0.0,4.0,0.0
29890,2023.0,7.0,27.0,13.0,21.066463,21.87754,20.014183,20.554333,21.001993,21.710333,21.025558,21.835777,19.156807,19.161127,18.870499,18.887558,21.012981,21.450077,20.945965,21.371355,19.023546,19.028988,0.0,4.0,0.0,0.0,0.0,0.0,0.0,0.0
29891,2023.0,7.0,27.0,13.0,21.094706,21.906452,19.69386,19.91954,21.027174,21.77091,21.024044,21.816366,19.16606,19.172333,18.897436,18.91584,21.418032,22.187403,21.023643,21.525118,19.024984,19.032396,0.0,0.0,0.0,0.0,0.0,4.0,0.0,0.0
29892,2023.0,7.0,27.0,14.0,21.120094,21.93259,19.465504,19.582098,21.0202,21.742134,21.023912,21.801447,19.176432,19.1847,18.922674,18.942507,20.955515,21.27677,21.013685,21.498894,19.029129,19.038643,0.0,0.0,0.0,0.0,0.0,0.0,0.0,0.0
29893,2023.0,7.0,27.0,14.0,20.574762,20.891764,19.767614,20.214874,20.488369,20.704367,20.381428,20.550966,19.185396,19.193659,18.944494,18.963419,20.687029,20.769547,20.595264,20.681602,19.032858,19.042345,4.0,0.0,0.0,0.0,0.0,0.0,0.0,0.0
29894,2023.0,7.0,27.0,14.0,20.39717,20.675028,20.043182,20.66404,20.20133,20.2706,20.111979,20.186096,19.193424,19.202131,18.963148,18.982645,20.593132,20.641201,20.401363,20.385641,19.037455,19.047241,0.0,0.0,0.0,0.0,0.0,0.0,0.0,0.0
29895,2023.0,7.0,27.0,14.0,20.316864,20.602116,20.007927,20.508305,20.722145,21.362526,19.986094,20.066746,19.902853,20.533966,18.98057,18.998693,20.4903,20.4822,20.31328,20.299316,19.040945,19.050898,4.0,4.0,0.0,4.0,0.0,0.0,0.0,0.0
29896,2023.0,7.0,27.0,14.0,20.25994,20.53984,20.076656,20.629646,20.33865,20.552658,19.904327,19.982075,20.010656,20.603874,18.996601,19.015165,20.441938,20.427279,20.262543,20.246689,19.044256,19.05468,4.0,0.0,0.0,0.0,0.0,0.0,0.0,0.0
29897,2023.0,7.0,27.0,14.0,20.142027,20.35493,19.998663,20.475588,20.11498,20.281393,19.826015,19.904863,19.667248,19.858894,19.014027,19.033243,20.406103,20.39228,20.215448,20.200567,19.04728,19.058176,0.0,0.0,0.0,0.0,0.0,0.0,0.0,0.0
29898,2023.0,7.0,27.0,15.0,20.737831,21.528963,19.754547,19.998749,20.664354,21.36846,19.762455,19.844103,20.24138,20.9985,19.030046,19.048927,20.376648,20.364279,20.177412,20.164474,19.050352,19.06159,0.0,4.0,0.0,4.0,0.0,0.0,0.0,0.0
29899,2023.0,7.0,27.0,15.0,20.343832,20.665476,20.040527,20.583422,20.799652,21.501486,19.721418,19.806189,19.963552,20.406004,19.047699,19.070412,20.359053,20.349718,20.154104,20.144232,19.056646,19.07099,4.0,4.0,0.0,0.0,0.0,0.0,0.0,0.0
29900,2023.0,7.0,27.0,15.0,20.177553,20.47536,20.18193,20.75513,20.316048,20.54781,19.681276,19.771635,19.710403,19.874289,19.068876,19.095455,20.343477,20.338278,20.133167,20.127445,19.065071,19.082663,4.0,0.0,0.0,0.0,0.0,0.0,0.0,0.0
29901,2023.0,7.0,27.0,15.0,20.15718,20.460218,19.99071,20.413132,20.764767,21.474825,19.654694,19.750095,19.6503,19.790134,19.089434,19.120173,20.334726,20.333323,21.095469,21.96115,19.07403,19.094582,0.0,4.0,0.0,0.0,0.0,0.0,4.0,0.0
29902,2023.0,7.0,27.0,15.0,20.705725,21.496498,19.818304,20.088417,20.947578,21.66547,19.627039,19.727663,19.531418,19.563002,19.112587,19.146996,20.326708,20.329176,20.680788,20.880138,19.085163,19.108982,0.0,4.0,0.0,0.0,0.0,0.0,0.0,0.0
29903,2023.0,7.0,27.0,15.0,20.929585,21.797506,19.63731,19.775356,20.45395,20.707926,19.606848,19.709505,19.493555,19.516537,19.133673,19.172344,20.323109,20.3293,20.48364,20.584023,19.096352,19.123524,0.0,0.0,0.0,0.0,0.0,0.0,0.0,0.0
29904,2023.0,7.0,27.0,16.0,20.458158,20.835567,19.566542,19.693218,20.908867,21.65706,19.589973,19.696316,19.486244,19.512657,19.154318,19.19685,20.321138,20.331331,20.44116,20.544844,19.107841,19.1382,0.0,4.0,0.0,0.0,0.0,0.0,0.0,0.0
29905,2023.0,7.0,27.0,16.0,20.92578,21.778236,19.526443,19.650778,20.49664,20.789106,19.573336,19.680155,19.480844,19.507565,19.170424,19.212923,20.317444,20.32854,20.41715,20.52293,19.993397,20.803606,0.0,0.0,0.0,0.0,0.0,0.0,0.0,4.0
29906,2023.0,7.0,27.0,16.0,21.086466,21.968985,19.886774,20.34837,20.9128,21.656351,19.557861,19.66444,20.17058,20.811718,19.184353,19.226458,20.313465,20.325054,20.308685,20.32365,19.99542,20.66239,4.0,4.0,0.0,4.0,0.0,0.0,0.0,0.0
29907,2023.0,7.0,27.0,16.0,21.16295,22.040436,20.013073,20.489697,21.07144,21.802605,19.542406,19.649078,19.982073,20.319868,19.199568,19.24157,21.070507,21.767097,20.254492,20.261961,19.646626,19.900454,0.0,4.0,0.0,0.0,0.0,4.0,0.0,0.0
29908,2023.0,7.0,27.0,16.0,21.228533,22.102213,20.095448,20.595362,21.105856,21.833221,20.14239,20.78364,19.836187,20.021637,19.2139,19.255356,20.774193,20.997215,20.23142,20.238976,19.48707,19.665186,4.0,4.0,4.0,0.0,0.0,0.0,0.0,0.0
29909,2023.0,7.0,27.0,16.0,21.276958,22.147774,20.240614,20.843945,20.620968,20.898504,20.349428,21.032013,19.800467,19.96779,19.225956,19.267422,21.3838,22.184956,20.217642,20.226067,19.34785,19.39394,4.0,0.0,4.0,0.0,0.0,4.0,0.0,0.0
29910,2023.0,7.0,27.0,17.0,20.756578,21.132639,19.98443,20.373377,21.045559,21.791737,19.971334,20.256025,19.670197,19.70969,19.23816,19.280287,20.893448,21.128168,20.205837,20.215448,19.304874,19.333939,0.0,4.0,0.0,0.0,0.0,0.0,0.0,0.0
29911,2023.0,7.0,27.0,17.0,20.537704,20.8727,20.214409,20.79739,21.183569,21.90756,19.819998,20.06201,19.609533,19.636454,19.247936,19.288479,21.398079,22.193619,21.171574,22.053808,19.288542,19.316296,4.0,4.0,0.0,0.0,0.0,4.0,4.0,0.0
29912,2023.0,7.0,27.0,17.0,20.480438,20.806648,20.311113,20.917086,21.20669,21.922731,20.360592,21.082773,19.592472,19.617304,19.254353,19.29381,20.910658,21.145855,20.665674,20.89008,19.279036,19.305458,4.0,4.0,4.0,0.0,0.0,0.0,0.0,0.0
29913,2023.0,7.0,27.0,17.0,21.049099,21.898354,19.988972,20.341002,21.232065,21.943602,20.547054,21.30101,19.579456,19.603603,19.259686,19.298355,21.480267,22.276554,20.47014,20.580029,19.271526,19.297358,0.0,4.0,4.0,0.0,0.0,4.0,0.0,0.0
29914,2023.0,7.0,27.0,17.0,20.690907,21.048418,19.87655,20.140417,20.73447,20.987661,20.637539,21.38199,19.567139,19.591314,19.264214,19.302198,21.02002,21.232248,20.418823,20.521338,19.264864,19.290531,0.0,0.0,4.0,0.0,0.0,0.0,0.0,0.0
29915,2023.0,7.0,27.0,17.0,21.140131,21.967676,19.832548,20.083324,20.54944,20.744184,20.162155,20.433954,19.55846,19.582407,19.267298,19.304708,21.579369,22.361773,20.396723,20.496872,19.261404,19.286827,0.0,0.0,0.0,0.0,0.0,4.0,0.0,0.0
29916,2023.0,7.0,27.0,18.0,21.272655,22.115446,20.07735,20.540339,21.078964,21.79767,20.008932,20.223017,19.55089,19.57462,19.27012,19.306719,21.052168,21.258965,20.294172,20.306519,19.258976,19.284164,4.0,4.0,0.0,0.0,0.0,0.0,0.0,0.0
29917,2023.0,7.0,27.0,18.0,21.32675,22.162563,20.172491,20.662472,21.186205,21.89226,21.152176,22.259247,19.546045,19.570343,19.273924,19.310635,21.011074,21.249987,21.117123,21.763882,19.258133,19.283886,4.0,4.0,0.0,0.0,0.0,0.0,0.0,0.0
29918,2023.0,7.0,27.0,18.0,20.971197,21.517088,20.304653,20.880213,20.993734,21.54143,21.002539,21.862677,19.542309,19.567091,19.648794,20.011309,21.60598,22.392307,21.000917,21.500738,19.25874,19.284906,4.0,0.0,0.0,0.0,4.0,4.0,0.0,0.0
29919,2023.0,7.0,27.0,18.0,21.017044,21.609596,20.38176,20.962624,21.202335,21.90415,21.022787,21.833103,19.539713,19.564993,20.029783,20.57126,21.7645,22.527706,21.012678,21.48304,19.260813,19.287552,4.0,4.0,0.0,0.0,4.0,4.0,0.0,0.0
29920,2023.0,7.0,27.0,18.0,21.32929,22.171911,20.055841,20.315434,21.275047,21.965971,21.019846,21.776873,19.538025,19.563879,20.114422,20.657475,21.81583,22.574903,21.01103,21.450104,19.263735,19.290976,0.0,4.0,0.0,0.0,4.0,4.0,0.0,0.0
29921,2023.0,7.0,27.0,18.0,21.437513,22.268024,20.281366,20.823086,21.31043,21.996355,21.020351,21.739372,20.227808,20.866491,19.992579,20.401386,21.226004,21.41551,21.011934,21.42934,20.202658,21.069748,4.0,4.0,0.0,4.0,0.0,0.0,0.0,4.0
29922,2023.0,7.0,27.0,19.0,21.485405,22.310362,20.059303,20.31107,20.967896,21.396204,21.01904,21.706799,19.946093,20.190928,19.823257,20.050493,20.99639,21.141235,21.011122,21.411165,20.622871,21.532614,0.0,0.0,0.0,0.0,0.0,0.0,0.0,4.0
29923,2023.0,7.0,27.0,19.0,21.516127,22.327997,20.289228,20.82181,21.23709,21.902256,21.019009,21.681839,19.850233,19.998962,19.61231,19.676624,21.649763,22.41184,21.011408,21.399385,19.958376,20.28686,4.0,4.0,0.0,0.0,0.0,4.0,0.0,0.0
29924,2023.0,7.0,27.0,19.0,20.969706,21.37055,20.420475,20.968933,21.33445,21.99988,21.018766,21.66118,19.796995,19.924416,19.517525,19.550243,21.16185,21.322824,21.011366,21.389656,19.73918,19.873568,4.0,4.0,0.0,0.0,0.0,0.0,0.0,0.0
29925,2023.0,7.0,27.0,19.0,21.353321,22.124125,20.112413,20.359009,21.35839,22.014193,21.018627,21.644056,19.692802,19.730062,19.484154,19.513306,21.635763,22.371609,21.011473,21.382002,20.53693,21.433353,0.0,4.0,0.0,0.0,0.0,4.0,0.0,4.0
29926,2023.0,7.0,27.0,19.0,20.973944,21.381191,20.302444,20.80207,21.376234,22.022688,21.077955,21.713005,20.357882,21.026348,19.45832,19.485718,21.80098,22.520954,21.011517,21.375711,19.979488,20.265915,4.0,4.0,4.0,4.0,0.0,4.0,0.0,0.0
29927,2023.0,7.0,27.0,19.0,21.017637,21.48708,20.071714,20.281744,21.391155,22.028465,21.106398,21.741425,19.980661,20.200748,19.435411,19.461395,21.831663,22.540056,21.01138,21.370184,19.758026,19.862513,0.0,4.0,4.0,0.0,0.0,4.0,0.0,0.0
29928,2023.0,7.0,27.0,20.0,21.008005,21.476116,20.288866,20.774067,20.969465,21.297787,21.0074,21.57953,19.823587,19.923697,19.413921,19.43929,21.211018,21.332174,21.642448,22.540771,19.67688,19.76693,4.0,0.0,0.0,0.0,0.0,0.0,4.0,0.0
29929,2023.0,7.0,27.0,20.0,21.009747,21.481543,20.412472,20.910023,21.018513,21.418259,21.103592,21.732306,19.77458,19.864815,19.392834,19.417736,21.685827,22.397303,20.965927,21.20679,19.633884,19.71895,4.0,0.0,4.0,0.0,0.0,4.0,0.0,0.0
29930,2023.0,7.0,27.0,20.0,21.361576,22.128094,20.08729,20.272015,21.011358,21.412703,21.005154,21.55453,19.683475,19.708311,19.372091,19.396088,21.171354,21.275934,21.022066,21.34553,19.53679,19.554398,0.0,0.0,0.0,0.0,0.0,0.0,0.0,0.0
29931,2023.0,7.0,27.0,20.0,21.481333,22.231453,19.91819,20.054626,21.244165,21.833616,21.019154,21.57679,19.630274,19.647217,19.351906,19.375368,21.005219,21.139275,21.010271,21.332703,20.405973,21.248838,0.0,4.0,0.0,0.0,0.0,0.0,0.0,4.0
29932,2023.0,7.0,27.0,20.0,20.968338,21.324003,19.85342,19.973505,21.335648,21.92644,21.016949,21.56283,19.600203,19.614367,19.331669,19.353968,21.60525,22.309195,21.011705,21.339647,19.954657,20.226152,0.0,4.0,0.0,0.0,0.0,4.0,0.0,0.0
29933,2023.0,7.0,27.0,20.0,21.019903,21.44788,19.763004,19.827524,20.964241,21.278196,21.017046,21.552824,19.575735,19.588663,19.700157,20.065575,21.728838,22.382479,21.01125,21.339985,19.717531,19.782433,0.0,0.0,0.0,0.0,4.0,4.0,0.0,0.0
29934,2023.0,7.0,27.0,21.0,21.009563,21.436605,19.707275,19.760498,21.018635,21.397379,21.135439,21.742523,19.55475,19.567091,20.04281,20.572374,21.089767,21.145788,21.011505,21.340479,19.617434,19.66817,0.0,0.0,4.0,0.0,0.0,0.0,0.0,0.0
29935,2023.0,7.0,27.0,21.0,21.010492,21.441238,20.117496,20.556932,21.012241,21.38928,20.999586,21.490358,19.53523,19.546516,19.637486,19.720833,21.015694,21.167961,21.011398,21.339375,19.566526,19.608158,4.0,0.0,0.0,0.0,0.0,0.0,0.0,0.0
29936,2023.0,7.0,27.0,21.0,21.009562,21.441353,20.269442,20.708431,21.012125,21.391937,21.019821,21.527386,20.25367,20.921131,19.830683,20.195614,21.008205,21.185438,21.01158,21.338327,19.503399,19.51387,4.0,0.0,0.0,4.0,4.0,0.0,0.0,0.0
29937,2023.0,7.0,27.0,21.0,21.009003,21.440853,19.97568,20.175606,21.012184,21.39247,21.017227,21.515263,19.950445,20.188236,20.023262,20.463333,21.009375,21.206585,21.011301,21.335989,19.46279,19.469955,0.0,0.0,0.0,0.0,0.0,0.0,0.0,0.0
29938,2023.0,7.0,27.0,21.0,21.009184,21.440144,20.194717,20.584326,21.012098,21.39162,21.015747,21.508417,19.730564,19.758478,19.669872,19.738138,21.542511,22.223768,21.01173,21.33484,19.436386,19.442259,4.0,0.0,0.0,0.0,0.0,4.0,0.0,0.0
29939,2023.0,7.0,27.0,21.0,21.009264,21.438591,19.967703,20.13933,21.011883,21.389616,21.16627,21.76471,19.624739,19.63429,19.495852,19.51474,21.630495,22.229326,21.011353,21.332003,19.414598,19.419931,0.0,0.0,4.0,0.0,0.0,4.0,0.0,0.0
29940,2023.0,7.0,27.0,22.0,21.009398,21.436457,19.810362,19.855425,21.261173,21.83792,20.997414,21.445576,20.322802,20.987986,19.803173,20.136705,20.97702,21.07019,21.011517,21.330025,19.395924,19.400602,0.0,4.0,0.0,4.0,4.0,0.0,0.0,0.0
29941,2023.0,7.0,27.0,22.0,21.00959,21.433685,20.163818,20.576197,20.974716,21.281067,21.020958,21.490852,19.96285,20.166718,20.012075,20.412228,21.015902,21.1874,21.647554,22.511642,19.378813,19.382906,4.0,0.0,0.0,0.0,4.0,0.0,4.0,0.0
29942,2023.0,7.0,27.0,22.0,21.00962,21.430689,19.986057,20.182886,21.186136,21.674223,21.017736,21.47899,19.7314,19.726673,20.014515,20.39259,21.00984,21.194767,20.952038,21.13441,19.362541,19.364199,0.0,4.0,0.0,0.0,0.0,0.0,0.0,0.0
29943,2023.0,7.0,27.0,22.0,21.009008,21.427675,19.796358,19.824018,20.987,21.293152,21.015295,21.473612,20.259996,20.808754,19.668678,19.696474,21.010838,21.208693,21.025326,21.300127,20.1406,20.847862,0.0,0.0,0.0,4.0,0.0,0.0,0.0,4.0
29944,2023.0,7.0,27.0,22.0,21.00928,21.425629,19.680414,19.668043,21.019197,21.362606,21.015234,21.470884,19.949791,20.114107,19.811337,20.080435,21.008518,21.21692,21.011736,21.28205,19.963121,20.309868,0.0,0.0,0.0,0.0,4.0,0.0,0.0,0.0
29945,2023.0,7.0,27.0,22.0,21.009249,21.422804,19.662428,19.67185,21.189009,21.65913,21.015343,21.46762,20.344837,20.847181,20.018517,20.376858,21.008852,21.22646,21.578726,22.335962,19.60759,19.591013,0.0,4.0,0.0,4.0,4.0,0.0,4.0,0.0
29946,2023.0,7.0,27.0,23.0,21.009312,21.4199,19.644398,19.655148,20.98895,21.284386,21.015278,21.463951,19.969406,20.099018,20.01436,20.353771,21.009268,21.233288,20.947756,21.09842,19.461906,19.432528,0.0,0.0,0.0,0.0,0.0,0.0,0.0,0.0
29947,2023.0,7.0,27.0,23.0,20.744732,20.90732,19.622505,19.631752,20.628613,20.60548,20.60096,20.662569,19.755182,19.708702,19.65598,19.640757,20.752438,20.742802,20.653896,20.57953,19.439526,19.432276,0.0,0.0,0.0,0.0,0.0,0.0,0.0,0.0
29948,2023.0,7.0,27.0,23.0,20.658302,20.806166,19.606314,19.614319,20.470299,20.391161,20.43312,20.440643,19.674826,19.622377,19.876766,20.139185,20.666393,20.641401,21.462523,22.193314,19.420332,19.411587,0.0,0.0,0.0,0.0,4.0,0.0,4.0,0.0
29949,2023.0,7.0,27.0,23.0,20.61796,20.7692,20.018778,20.399544,21.101015,21.648241,20.349476,20.350157,19.664927,19.64723,19.665375,19.696465,20.615889,20.587315,20.808395,20.792095,20.134449,20.773264,4.0,4.0,0.0,0.0,0.0,0.0,0.0,4.0
29950,2023.0,7.0,27.0,23.0,20.57966,20.728771,19.783073,19.863802,20.635027,20.645624,20.286732,20.285387,19.640903,19.624725,19.542313,19.529135,20.573025,20.542578,20.574518,20.480637,20.34368,20.985882,0.0,0.0,0.0,0.0,0.0,0.0,0.0,4.0
29951,2023.0,7.0,27.0,23.0,20.546833,20.694155,19.652254,19.661745,20.409595,20.318686,20.234894,20.232292,19.613401,19.595922,19.823334,20.097012,20.535845,20.504005,20.491217,20.395567,19.711292,19.707678,0.0,0.0,0.0,0.0,4.0,0.0,0.0,0.0
29952,2023.0,7.0,28.0,0.0,20.517233,20.662498,20.060146,20.451654,20.328966,20.228752,20.18949,20.18536,19.588272,19.569252,19.59363,19.609755,20.501966,20.46854,20.426212,20.330282,19.534227,19.479626,4.0,0.0,0.0,0.0,0.0,0.0,0.0,0.0
29953,2023.0,7.0,28.0,0.0,21.134535,21.842852,19.741825,19.759462,20.34396,20.315243,20.149244,20.143974,19.56523,19.544579,19.487852,19.46922,20.470888,20.435946,20.433218,20.39797,20.228539,20.840105,0.0,0.0,0.0,0.0,0.0,0.0,0.0,4.0
29954,2023.0,7.0,28.0,0.0,20.718218,20.92515,19.57317,19.499973,20.325762,20.308567,20.111553,20.104109,19.543467,19.52063,19.445358,19.423016,20.441208,20.404022,20.40679,20.373976,19.694052,19.677687,0.0,0.0,0.0,0.0,0.0,0.0,0.0,0.0
29955,2023.0,7.0,28.0,0.0,20.4558,20.492216,19.513945,19.423264,20.29053,20.269793,20.07447,20.062363,19.522385,19.496378,19.406404,19.379097,20.412086,20.37135,20.370106,20.333906,19.510569,19.433731,0.0,0.0,0.0,0.0,0.0,0.0,0.0,0.0
29956,2023.0,7.0,28.0,0.0,20.382698,20.410534,19.558521,19.545694,20.259523,20.237354,20.042704,20.028923,19.503284,19.47532,19.373928,19.344374,20.38585,20.34316,20.33677,20.298767,19.45034,19.370987,0.0,0.0,0.0,0.0,0.0,0.0,0.0,0.0
29957,2023.0,7.0,28.0,0.0,20.444376,20.581207,19.54712,19.534182,20.230146,20.206448,20.012857,19.997423,19.484428,19.454456,19.343565,19.311743,20.360693,20.316051,20.305128,20.26533,19.460997,19.438644,0.0,0.0,0.0,0.0,0.0,0.0,0.0,0.0
29958,2023.0,7.0,28.0,1.0,20.422747,20.551682,19.531382,19.51764,20.204077,20.18034,19.986399,19.970894,19.466513,19.435202,19.627745,19.867825,20.337128,20.291346,20.275993,20.235239,19.435163,19.408535,0.0,0.0,0.0,0.0,4.0,0.0,0.0,0.0
29959,2023.0,7.0,28.0,1.0,20.40024,20.52721,19.515678,19.500742,20.178354,20.153687,19.960379,19.943863,19.448845,19.41623,19.393217,19.366655,20.314041,20.26694,20.247795,20.205795,19.408,19.379892,0.0,0.0,0.0,0.0,0.0,0.0,0.0,0.0
29960,2023.0,7.0,28.0,1.0,20.379627,20.50487,19.500639,19.484352,20.154108,20.128384,19.936003,19.918333,19.432003,19.398142,19.323215,19.286802,20.292114,20.24376,20.221308,20.178173,19.383383,19.353945,0.0,0.0,0.0,0.0,0.0,0.0,0.0,0.0
29961,2023.0,7.0,28.0,1.0,20.36028,20.484177,19.486841,19.469814,20.131968,20.10594,19.913809,19.895777,19.41622,19.381456,19.291859,19.25444,20.271605,20.222403,20.19666,20.152777,19.36109,19.330757,0.0,0.0,0.0,0.0,0.0,0.0,0.0,0.0
29962,2023.0,7.0,28.0,1.0,20.342121,20.465023,19.474308,19.457457,20.11194,20.086737,19.893766,19.87652,19.401608,19.36651,19.576553,19.81223,20.252657,20.203278,20.173872,20.129904,19.341095,19.31051,0.0,0.0,0.0,0.0,4.0,0.0,0.0,0.0
29963,2023.0,7.0,28.0,1.0,20.323565,20.44454,19.460323,19.441748,20.09032,20.063559,19.872217,19.853365,19.386461,19.349953,19.70273,19.987415,20.233217,20.182373,20.150843,20.10552,19.321266,19.289232,0.0,0.0,0.0,0.0,4.0,0.0,0.0,0.0
29964,2023.0,7.0,28.0,2.0,20.306807,20.426823,19.448767,19.430103,20.071808,20.045666,19.853945,19.835615,19.372984,19.336138,19.317387,19.21613,20.21588,20.164837,20.130133,20.0847,19.303944,19.271633,0.0,0.0,0.0,0.0,0.0,0.0,0.0,0.0
29965,2023.0,7.0,28.0,2.0,20.29,20.408686,19.436419,19.416565,20.052235,20.025133,19.83472,19.815327,19.359402,19.321692,19.201136,19.079235,20.198502,20.14658,20.10949,20.063242,19.286993,19.253784,0.0,0.0,0.0,0.0,0.0,0.0,0.0,0.0
29966,2023.0,7.0,28.0,2.0,20.27444,20.392368,19.425087,19.40499,20.03441,20.007397,19.817179,19.79781,19.34693,19.308882,19.244568,19.213015,20.18252,20.130333,20.090353,20.043892,19.271666,19.238117,0.0,0.0,0.0,0.0,0.0,0.0,0.0,0.0
29967,2023.0,7.0,28.0,2.0,20.259254,20.376297,19.413809,19.39352,20.017168,19.990194,19.800146,19.780798,19.334988,19.29662,19.222525,19.180706,20.16725,20.114817,20.072044,20.025385,19.257282,19.223413,0.0,0.0,0.0,0.0,0.0,0.0,0.0,0.0
29968,2023.0,7.0,28.0,2.0,20.244373,20.36054,19.40259,19.38211,20.000305,19.973343,19.783485,19.76414,19.323446,19.284773,19.20008,19.15789,20.152552,20.099888,20.054361,20.007515,19.243637,19.209465,0.0,0.0,0.0,0.0,0.0,0.0,0.0,0.0
29969,2023.0,7.0,28.0,2.0,20.229763,20.345062,19.391459,19.370768,19.983786,19.9568,19.767181,19.747803,19.31226,19.273296,19.179838,19.137344,20.138376,20.08549,20.037235,19.990213,19.230637,19.196173,0.0,0.0,0.0,0.0,0.0,0.0,0.0,0.0
29970,2023.0,7.0,28.0,3.0,20.21589,20.330881,19.38135,19.361439,19.96874,19.94296,19.752348,19.734156,19.889265,20.367382,19.16214,19.120613,20.12533,20.07294,20.021275,19.97483,19.218735,19.18459,0.0,0.0,0.0,4.0,0.0,0.0,0.0,0.0
29971,2023.0,7.0,28.0,3.0,20.200747,20.31384,19.369196,19.34787,19.951593,19.924583,19.73546,19.71605,19.510351,19.514923,19.143356,19.100471,20.111038,20.057524,20.004107,19.956636,19.205866,19.170631,0.0,0.0,0.0,0.0,0.0,0.0,0.0,0.0
29972,2023.0,7.0,28.0,3.0,20.185772,20.296892,19.356588,19.33351,19.934187,19.905666,19.718342,19.697433,19.389448,19.349367,19.436352,19.664682,20.096544,20.041777,19.986778,19.93817,19.19288,19.156456,0.0,0.0,0.0,0.0,4.0,0.0,0.0,0.0
29973,2023.0,7.0,28.0,3.0,20.17069,20.279736,19.34382,19.318773,19.916687,19.886469,19.7012,19.678593,19.357573,19.31502,19.210714,19.172989,20.081835,20.025726,19.969257,19.919434,19.17973,19.14205,0.0,0.0,0.0,0.0,0.0,0.0,0.0,0.0
29974,2023.0,7.0,28.0,3.0,20.155754,20.262995,19.330837,19.303509,19.899038,19.86688,19.68401,19.659441,19.3316,19.287346,19.147251,19.099108,20.06686,20.009363,19.95152,19.900467,19.166355,19.127396,0.0,0.0,0.0,0.0,0.0,0.0,0.0,0.0
29975,2023.0,7.0,28.0,3.0,20.140903,20.246418,19.318357,19.289328,19.88211,19.848595,19.667538,19.641582,19.309887,19.26443,19.120878,19.071394,20.05189,19.993246,19.933802,19.881744,19.15294,19.11289,0.0,0.0,0.0,0.0,0.0,0.0,0.0,0.0
29976,2023.0,7.0,28.0,4.0,20.125849,20.22956,19.305676,19.274977,19.865187,19.830301,19.651047,19.623714,19.28946,19.242794,19.096601,19.045822,20.036577,19.976772,19.915749,19.86267,19.139181,19.098022,0.0,0.0,0.0,0.0,0.0,0.0,0.0,0.0
29977,2023.0,7.0,28.0,4.0,20.122025,20.235268,19.296705,19.268225,19.851799,19.819046,19.638035,19.612791,19.272627,19.227367,19.077257,19.028126,20.023685,19.96535,19.899866,19.848152,19.12756,19.087664,0.0,0.0,0.0,0.0,0.0,0.0,0.0,0.0
29978,2023.0,7.0,28.0,4.0,20.12089,20.243881,19.288431,19.262257,19.839144,19.808535,19.625744,19.602606,19.257523,19.213707,19.060104,19.012676,20.011652,19.954811,19.884789,19.834461,19.116747,19.078138,0.0,0.0,0.0,0.0,0.0,0.0,0.0,0.0
29979,2023.0,7.0,28.0,4.0,20.11246,20.236443,19.28084,19.257328,19.82743,19.799494,19.614374,19.593857,19.24436,19.202435,19.356808,19.584467,20.000772,19.94577,19.870844,19.822273,19.10698,19.069939,0.0,0.0,0.0,0.0,4.0,0.0,0.0,0.0
29980,2023.0,7.0,28.0,4.0,20.102962,20.227825,19.273033,19.251614,19.81518,19.789122,19.602545,19.583857,19.23204,19.191414,19.136335,19.10175,19.990368,19.936768,19.857222,19.809912,19.097704,19.06188,0.0,0.0,0.0,0.0,0.0,0.0,0.0,0.0
29981,2023.0,7.0,28.0,4.0,20.093658,20.21974,19.265497,19.246014,19.803097,19.778776,19.590965,19.573948,19.221296,19.18204,19.078957,19.036541,19.981054,19.928915,19.844625,19.79864,19.089466,19.054922,0.0,0.0,0.0,0.0,0.0,0.0,0.0,0.0
29982,2023.0,7.0,28.0,5.0,20.084276,20.21148,19.258364,19.24103,19.791573,19.76923,19.57996,19.564903,19.21227,19.174616,19.060583,19.019968,19.973003,19.92251,19.833237,19.788769,19.082396,19.049284,0.0,0.0,0.0,0.0,0.0,0.0,0.0,0.0
29983,2023.0,7.0,28.0,5.0,20.073692,20.200933,19.67945,20.037489,19.779707,19.758898,19.568542,19.55499,19.203917,19.167263,19.33726,19.550953,19.965164,19.915644,20.748005,21.523205,19.075567,19.043251,4.0,0.0,0.0,0.0,4.0,0.0,4.0,0.0
29984,2023.0,7.0,28.0,5.0,20.697285,21.378628,19.45789,19.524338,19.766823,19.746368,19.555994,19.542854,19.195824,19.159607,19.487373,19.763746,19.957363,19.908283,20.08092,20.043522,19.068787,19.036873,0.0,0.0,0.0,0.0,4.0,0.0,0.0,0.0
29985,2023.0,7.0,28.0,5.0,20.30225,20.494595,19.32273,19.31175,19.753988,19.733652,19.543411,19.530466,19.188704,19.15288,19.226429,19.229649,19.950083,19.901371,19.869303,19.750395,19.062346,19.03079,0.0,0.0,0.0,0.0,0.0,0.0,0.0,0.0
29986,2023.0,7.0,28.0,5.0,20.063196,20.09763,19.292807,19.277107,20.40815,20.975636,19.531054,19.518415,19.18273,19.147411,19.349613,19.493496,19.943478,19.89524,19.817474,19.699438,19.056295,19.025173,0.0,4.0,0.0,0.0,4.0,0.0,0.0,0.0
29987,2023.0,7.0,28.0,5.0,19.99256,20.01448,19.273321,19.25771,20.021679,20.099606,19.518835,19.506578,19.177263,19.142506,19.129389,19.044235,19.937475,19.88977,19.779978,19.663939,19.784182,20.401464,0.0,0.0,0.0,0.0,0.0,0.0,0.0,4.0
29988,2023.0,7.0,28.0,6.0,20.053728,20.177126,19.257483,19.241774,20.387331,20.837645,19.506569,19.494364,19.171885,19.13759,19.03489,18.92636,19.93202,19.884773,19.819244,19.772495,20.098316,20.815735,0.0,4.0,0.0,0.0,0.0,0.0,0.0,4.0
29989,2023.0,7.0,28.0,6.0,21.135345,22.082338,19.243675,19.22855,21.10051,22.024897,21.19047,22.501453,19.166784,19.13293,19.069378,19.027485,21.166405,22.036713,21.285284,22.322327,20.010414,20.572918,0.0,0.0,0.0,0.0,0.0,0.0,0.0,0.0
29990,2023.0,7.0,28.0,6.0,20.992804,21.702763,19.228065,19.21228,21.010069,21.728088,20.963478,21.846672,19.162195,19.128479,19.076508,19.039425,20.997057,21.62695,20.989918,21.658417,20.1828,20.789282,0.0,0.0,4.0,0.0,0.0,0.0,0.0,4.0
29991,2023.0,7.0,28.0,6.0,21.103855,21.830595,19.214197,19.198618,21.027403,21.685154,21.038322,21.907534,19.159134,19.125898,19.063383,19.02689,21.020126,21.594843,21.32181,22.186434,20.283764,20.882166,0.0,0.0,0.0,0.0,0.0,0.0,4.0,4.0
29992,2023.0,7.0,28.0,6.0,21.005478,21.614143,19.201075,19.185694,21.017412,21.623358,21.026081,21.796934,19.157291,19.124481,19.052866,19.01684,21.014784,21.528027,21.311964,21.998636,19.971218,20.298304,0.0,0.0,0.0,0.0,0.0,0.0,4.0,0.0
29993,2023.0,7.0,28.0,6.0,21.026466,21.592228,19.641052,20.02322,21.02732,21.579659,21.0284,21.738825,19.156384,19.12411,19.045078,19.009834,21.01616,21.488743,20.98717,21.424093,19.546404,19.46514,4.0,4.0,0.0,0.0,0.0,0.0,0.0,0.0
29994,2023.0,7.0,28.0,7.0,21.021687,21.593483,20.054068,20.638367,20.999517,21.50636,20.994267,21.6184,19.156433,19.124653,19.367624,19.622227,21.276878,21.930067,21.025934,21.483444,19.357546,19.254414,0.0,4.0,4.0,0.0,4.0,4.0,0.0,0.0
29995,2023.0,7.0,28.0,7.0,21.01929,21.571383,19.57631,19.63567,21.00276,21.495764,21.033888,21.68642,19.157913,19.127111,20.093895,20.79799,21.233763,21.737406,21.019495,21.452085,19.293404,19.193153,0.0,4.0,0.0,0.0,0.0,4.0,0.0,0.0
29996,2023.0,7.0,28.0,7.0,21.01958,21.556417,19.758158,20.104467,21.002115,21.482105,21.02597,21.643774,19.8501,20.430916,19.880209,20.236647,20.998478,21.330818,21.01986,21.435873,19.313301,19.276928,4.0,4.0,0.0,4.0,4.0,0.0,0.0,0.0
29997,2023.0,7.0,28.0,7.0,21.013527,21.541777,20.045313,20.528593,21.001778,21.471687,21.025461,21.620941,20.01,20.503323,20.0514,20.562561,21.231983,21.749104,21.01425,21.419239,19.307634,19.275093,0.0,4.0,0.0,0.0,0.0,4.0,0.0,0.0
29998,2023.0,7.0,28.0,7.0,21.014421,21.540367,19.58091,19.573557,21.001677,21.46338,21.020437,21.604254,19.518497,19.474115,19.630705,19.680866,20.992388,21.281412,21.015646,21.415546,20.224476,21.031916,0.0,4.0,0.0,0.0,0.0,0.0,0.0,4.0
29999,2023.0,7.0,28.0,7.0,21.014069,21.536442,19.315687,19.221075,21.001333,21.455797,21.020506,21.597023,19.293945,19.195963,19.390944,19.353128,21.252659,21.757914,21.015127,21.4081,19.952824,20.291801,0.0,4.0,0.0,0.0,0.0,4.0,0.0,0.0
30000,2023.0,7.0,28.0,8.0,21.014303,21.53402,19.316078,19.28703,21.001032,21.449125,21.0368,21.592052,20.04892,20.670605,19.334295,19.292171,20.986586,21.239048,21.536106,22.36372,19.553137,19.494884,0.0,4.0,4.0,4.0,0.0,0.0,4.0,0.0
30001,2023.0,7.0,28.0,8.0,21.241192,21.937555,19.740059,20.098913,20.9755,21.394022,20.49296,20.573225,19.983395,20.337227,19.304716,19.262268,20.591467,20.489212,20.767076,20.72786,19.371696,19.283125,4.0,4.0,0.0,0.0,0.0,0.0,0.0,0.0
30002,2023.0,7.0,28.0,8.0,21.203388,21.774073,20.03215,20.523794,20.969349,21.388071,20.081152,19.977991,19.571253,19.502575,19.281391,19.237772,20.389635,20.238928,20.369883,20.237005,19.317068,19.225605,0.0,4.0,0.0,0.0,0.0,0.0,0.0,0.0
30003,2023.0,7.0,28.0,8.0,21.187763,21.757921,19.649424,19.732374,20.973362,21.394287,19.931433,19.81827,20.056671,20.539278,19.265116,19.22189,20.31912,20.170551,21.19081,21.884865,19.333828,19.292818,0.0,4.0,0.0,4.0,0.0,0.0,4.0,0.0
30004,2023.0,7.0,28.0,8.0,20.635078,20.71545,19.902409,20.273502,20.979233,21.402393,19.93771,19.904018,20.256594,20.769756,19.256144,19.212315,20.357222,20.28887,20.555605,20.511642,19.333076,19.298456,4.0,4.0,0.0,4.0,0.0,0.0,0.0,0.0
30005,2023.0,7.0,28.0,8.0,21.073383,21.660889,20.001574,20.389513,20.985567,21.410908,20.562618,21.120108,19.984055,20.248991,19.62625,19.915285,20.354355,20.298855,21.249884,21.94229,19.322033,19.287762,4.0,4.0,4.0,0.0,4.0,0.0,4.0,0.0
30006,2023.0,7.0,28.0,9.0,21.21555,21.799267,20.019112,20.40525,20.993608,21.42118,20.125568,20.111107,19.649296,19.585165,20.046984,20.550764,20.332367,20.278421,21.534767,22.236843,19.310251,19.275696,0.0,4.0,0.0,0.0,0.0,0.0,4.0,0.0
30007,2023.0,7.0,28.0,9.0,20.655884,20.74663,19.626844,19.624138,21.003323,21.433926,20.455397,20.913382,19.488764,19.392195,19.650452,19.70367,21.070993,21.700506,20.762148,20.717043,19.30019,19.265678,0.0,4.0,4.0,0.0,0.0,4.0,0.0,0.0
30008,2023.0,7.0,28.0,9.0,21.095037,21.691587,19.453793,19.377176,21.013338,21.44713,20.03275,20.032604,19.448616,19.34998,19.485054,19.444109,20.511593,20.47723,21.425276,22.114902,19.293436,19.25885,0.0,4.0,0.0,0.0,0.0,0.0,4.0,0.0
30009,2023.0,7.0,28.0,9.0,21.182865,21.775381,19.888048,20.25143,21.023771,21.460783,20.465157,20.933506,19.47114,19.421274,19.804602,20.074812,20.314116,20.182884,21.605944,22.313261,19.287794,19.253391,4.0,4.0,4.0,0.0,4.0,0.0,4.0,0.0
30010,2023.0,7.0,28.0,9.0,20.641197,20.743395,20.014208,20.430355,21.034433,21.47442,20.578299,21.050873,19.471617,19.42918,20.028898,20.425428,20.270828,20.139965,20.835415,20.80598,20.165934,20.917757,0.0,4.0,4.0,0.0,0.0,0.0,0.0,4.0
30011,2023.0,7.0,28.0,9.0,21.037746,21.661577,19.682213,19.752134,21.04615,21.489286,20.616543,21.086897,19.46061,19.419441,19.641539,19.617989,20.30346,20.240177,20.480797,20.359869,19.966398,20.321764,0.0,4.0,4.0,0.0,0.0,0.0,0.0,0.0
30012,2023.0,7.0,28.0,10.0,21.177246,21.777168,19.937424,20.334429,21.0575,21.503775,20.102547,20.092789,19.450508,19.4096,19.44264,19.350723,20.309212,20.255032,20.37515,20.251116,19.585344,19.551405,4.0,4.0,0.0,0.0,0.0,0.0,0.0,0.0
30013,2023.0,7.0,28.0,10.0,20.628345,20.7257,20.014843,20.422981,21.07544,21.532755,19.92139,19.85734,19.448198,19.409678,19.448927,19.397802,20.303722,20.253508,20.331478,20.217915,19.472202,19.404469,0.0,4.0,0.0,0.0,0.0,0.0,0.0,0.0
30014,2023.0,7.0,28.0,10.0,20.401516,20.472536,19.634857,19.65238,21.097664,21.566364,19.847792,19.796045,19.448046,19.411951,19.452637,19.408138,20.298956,20.251907,20.297922,20.196125,19.459967,19.423412,0.0,4.0,0.0,0.0,0.0,0.0,0.0,0.0
30015,2023.0,7.0,28.0,10.0,21.015446,21.686314,19.918274,20.251328,21.117579,21.596535,19.81272,19.776793,19.451414,19.416935,19.452446,19.410276,21.05922,21.69874,20.317429,20.264393,19.451632,19.41874,4.0,4.0,0.0,0.0,0.0,4.0,0.0,0.0
30016,2023.0,7.0,28.0,10.0,20.582306,20.754566,20.015074,20.396652,21.139366,21.629242,19.811775,19.816,19.457346,19.424229,19.4552,19.414942,20.559149,20.582031,20.313896,20.26912,19.444248,19.412733,0.0,4.0,0.0,0.0,0.0,0.0,0.0,0.0
30017,2023.0,7.0,28.0,10.0,20.35869,20.48433,19.695704,19.755209,20.62327,20.654512,19.794395,19.809568,19.465366,19.433224,19.831163,20.119205,20.329124,20.262794,20.302198,20.259966,19.439314,19.408752,0.0,0.0,0.0,0.0,4.0,0.0,0.0,0.0
30018,2023.0,7.0,28.0,11.0,20.320982,20.452982,19.587093,19.615929,21.036528,21.542084,20.436876,21.041174,19.475105,19.443527,20.022406,20.388746,21.034876,21.614431,20.294842,20.254404,19.439688,19.409786,0.0,4.0,4.0,0.0,0.0,4.0,0.0,0.0
30019,2023.0,7.0,28.0,11.0,20.965628,21.699911,19.534313,19.562294,21.179655,21.694496,20.103235,20.211945,19.484007,19.450365,19.767117,19.828547,20.653542,20.67735,20.285397,20.243917,19.439812,19.408226,0.0,4.0,0.0,0.0,0.0,0.0,0.0,0.0
30020,2023.0,7.0,28.0,11.0,21.071188,21.749271,19.498554,19.523045,21.195425,21.710276,19.895031,19.901058,19.492811,19.457207,19.638355,19.5964,20.48631,20.40944,20.278383,20.234978,19.442438,19.408953,0.0,4.0,0.0,0.0,0.0,0.0,0.0,0.0
30021,2023.0,7.0,28.0,11.0,20.547976,20.716072,19.919529,20.33875,21.208334,21.722744,19.84508,19.858488,19.50183,19.463753,19.620893,19.575483,20.457176,20.380976,20.273277,20.228872,19.445667,19.410427,4.0,4.0,0.0,0.0,0.0,0.0,0.0,0.0
30022,2023.0,7.0,28.0,11.0,21.055546,21.761759,20.011642,20.444931,21.221167,21.735783,19.813292,19.836084,20.222414,20.814266,19.613928,19.564917,20.46244,20.407686,20.268995,20.223509,19.449167,19.412382,0.0,4.0,0.0,4.0,0.0,0.0,0.0,0.0
30023,2023.0,7.0,28.0,11.0,21.213238,21.889172,19.706161,19.81142,21.234556,21.749401,20.435982,21.036707,19.979813,20.196022,19.610352,19.559694,20.459715,20.40728,20.26411,20.217947,20.324818,21.06365,0.0,4.0,4.0,0.0,0.0,0.0,0.0,4.0
30024,2023.0,7.0,28.0,12.0,20.675985,20.851446,19.526833,19.56763,20.718544,20.776024,20.081936,20.169096,19.750578,19.729769,19.60838,19.556871,20.452055,20.399588,20.258875,20.212397,19.95681,20.186602,0.0,0.0,0.0,0.0,0.0,0.0,0.0,0.0
30025,2023.0,7.0,28.0,12.0,21.070995,21.691225,19.900217,20.302616,21.06221,21.544361,21.135645,22.116009,19.669104,19.631968,19.961784,20.222425,21.299156,22.00466,21.118309,21.712908,20.585295,21.345585,4.0,0.0,4.0,0.0,4.0,4.0,0.0,4.0
30026,2023.0,7.0,28.0,12.0,21.006601,21.535397,20.006857,20.403482,21.00887,21.423048,20.984598,21.71644,20.367395,20.96527,19.998623,20.195538,20.961447,21.215298,21.54937,22.42693,20.824436,21.571756,0.0,0.0,4.0,4.0,0.0,0.0,4.0,4.0
30027,2023.0,7.0,28.0,12.0,21.014875,21.532572,19.712236,19.80477,21.158585,21.672731,21.003983,21.690708,19.98884,20.131128,19.804714,19.796741,21.015926,21.301586,21.677216,22.467304,20.152328,20.22641,0.0,4.0,4.0,0.0,0.0,0.0,4.0,0.0
30028,2023.0,7.0,28.0,12.0,21.289618,22.020243,19.9652,20.368214,21.223953,21.744045,21.001146,21.64156,19.795723,19.764639,20.066603,20.3424,21.437708,22.065924,20.94871,21.152706,19.83576,19.801048,4.0,4.0,4.0,0.0,4.0,4.0,0.0,0.0
30029,2023.0,7.0,28.0,12.0,21.341078,22.013199,20.08876,20.491898,21.24934,21.76978,21.02702,21.681925,19.732164,19.69697,19.988749,20.12403,20.957737,21.119802,21.022253,21.309488,19.759085,19.722181,4.0,4.0,0.0,0.0,0.0,0.0,0.0,0.0
30030,2023.0,7.0,28.0,13.0,20.973122,21.373545,20.120802,20.521948,21.26862,21.788923,20.994919,21.567818,20.445217,21.064695,19.82896,19.808657,21.015146,21.23468,21.01097,21.287308,19.725138,19.69093,4.0,4.0,4.0,4.0,0.0,0.0,0.0,0.0
30031,2023.0,7.0,28.0,13.0,21.01761,21.475904,20.157434,20.563004,21.289955,21.814932,21.000196,21.56059,20.092606,20.16032,19.750183,19.70813,21.008816,21.218351,21.011583,21.285364,19.697159,19.661053,4.0,4.0,4.0,0.0,0.0,0.0,0.0,0.0
30032,2023.0,7.0,28.0,13.0,21.011732,21.468481,20.191624,20.601648,21.311058,21.840322,21.025318,21.61846,19.85097,19.835205,19.731323,19.68989,21.00775,21.214155,21.724874,22.618256,20.592022,21.376873,4.0,4.0,0.0,0.0,0.0,0.0,4.0,4.0
30033,2023.0,7.0,28.0,13.0,21.012175,21.470655,19.988794,20.245337,21.33275,21.866774,21.037628,21.59303,19.801605,19.782965,19.722616,19.68303,21.007572,21.210146,20.982204,21.156311,20.164482,20.267069,0.0,4.0,4.0,0.0,0.0,0.0,0.0,0.0
30034,2023.0,7.0,28.0,13.0,21.010416,21.469864,20.162445,20.569038,20.97237,21.248127,21.052969,21.611595,20.508162,21.133413,19.718824,19.68141,21.007181,21.205006,21.02301,21.255966,19.855822,19.845541,4.0,0.0,4.0,4.0,0.0,0.0,0.0,0.0
30035,2023.0,7.0,28.0,13.0,21.010664,21.470987,20.250198,20.676018,21.24583,21.781826,21.073761,21.637196,20.171309,20.260977,19.718594,19.683243,21.587637,22.294168,21.008673,21.234615,19.80278,19.795303,4.0,4.0,4.0,0.0,0.0,4.0,0.0,0.0
30036,2023.0,7.0,28.0,14.0,21.01048,21.469995,20.287567,20.719326,20.974522,21.264273,21.012922,21.544302,20.642078,21.271513,20.088318,20.37922,21.712826,22.352972,21.009594,21.238483,19.788853,19.78616,4.0,0.0,0.0,4.0,4.0,4.0,0.0,0.0
30037,2023.0,7.0,28.0,14.0,21.3471,22.086798,19.984509,20.190042,20.707611,20.781237,20.553152,20.655779,20.259144,20.355541,19.991232,20.107319,21.76459,22.404524,20.748608,20.73502,19.757275,19.734638,0.0,0.0,0.0,0.0,0.0,4.0,0.0,0.0
30038,2023.0,7.0,28.0,14.0,21.44718,22.15705,19.849613,19.958815,20.553776,20.59688,20.938143,21.537401,20.024729,20.037561,19.868856,19.857948,21.178259,21.245924,20.6289,20.595518,19.73887,19.715506,0.0,0.0,4.0,0.0,0.0,0.0,0.0,0.0
30039,2023.0,7.0,28.0,14.0,20.935007,21.168488,20.186499,20.626345,21.121885,21.711773,20.52084,20.66639,19.98525,19.993017,19.826174,19.798462,21.666119,22.247906,20.592133,20.558046,20.59301,21.337103,4.0,4.0,0.0,0.0,0.0,4.0,0.0,4.0
30040,2023.0,7.0,28.0,14.0,20.756744,20.940084,19.982328,20.233372,21.254074,21.84038,20.327848,20.398264,19.941954,19.9216,19.82071,19.794111,21.191957,21.269217,20.564314,20.531372,20.114096,20.23717,0.0,4.0,0.0,0.0,0.0,0.0,0.0,0.0
30041,2023.0,7.0,28.0,14.0,20.693663,20.890255,20.2301,20.69333,21.296278,21.882015,20.254913,20.32993,19.914238,19.891699,19.817886,19.793629,20.928093,20.89777,20.53758,20.506023,19.858727,19.879221,4.0,4.0,0.0,0.0,0.0,0.0,0.0,0.0
30042,2023.0,7.0,28.0,15.0,20.64327,20.835278,20.304094,20.773415,20.812176,20.94405,20.840986,21.471115,19.903797,19.883606,19.817856,19.796227,20.887062,20.864872,20.520958,20.49229,19.84134,19.869638,4.0,0.0,4.0,0.0,0.0,0.0,0.0,0.0
30043,2023.0,7.0,28.0,15.0,20.60125,20.791664,19.970108,20.179829,20.630033,20.695976,20.967731,21.584026,19.893793,19.874762,19.817438,19.797626,20.858906,20.840689,20.504019,20.476797,19.836721,19.867622,0.0,0.0,4.0,0.0,0.0,0.0,0.0,0.0
30044,2023.0,7.0,28.0,15.0,21.199673,21.948433,19.873491,20.012953,21.153101,21.744324,21.015347,21.62718,19.883781,19.866703,19.816296,19.798355,20.816698,20.788317,21.455566,22.294744,20.646782,21.400019,0.0,4.0,4.0,0.0,0.0,0.0,4.0,4.0
30045,2023.0,7.0,28.0,15.0,20.805088,21.078568,20.164858,20.57903,21.287971,21.889334,21.061441,21.673628,19.876108,19.860638,19.815418,19.79954,20.788303,20.759418,20.885092,21.005636,20.169758,20.3158,4.0,4.0,4.0,0.0,0.0,0.0,0.0,0.0
30046,2023.0,7.0,28.0,15.0,21.259909,22.001917,20.282763,20.735914,21.330265,21.926672,21.100817,21.71301,20.55599,21.151304,19.814405,19.800812,21.511116,22.154415,20.673891,20.68095,20.799833,21.560297,4.0,4.0,4.0,4.0,0.0,4.0,0.0,4.0
30047,2023.0,7.0,28.0,15.0,20.83746,21.101065,19.988932,20.213491,21.372667,21.969387,20.603716,20.755642,20.20868,20.347433,19.813921,19.802689,21.71296,22.396252,20.623152,20.627281,20.27113,20.408268,0.0,4.0,0.0,0.0,0.0,4.0,0.0,0.0
30048,2023.0,7.0,28.0,16.0,21.234642,21.975618,20.248411,20.705402,21.412117,22.008575,20.984015,21.623816,20.00734,20.060987,19.813187,19.804289,21.147953,21.251019,20.593054,20.601032,20.009481,20.056105,4.0,4.0,4.0,0.0,0.0,0.0,0.0,0.0
30049,2023.0,7.0,28.0,16.0,21.384361,22.144516,19.989231,20.223515,21.442978,22.040596,20.55562,20.721281,19.983515,20.033142,19.813011,19.806618,21.671402,22.30774,20.547922,20.532438,19.969439,20.01238,0.0,4.0,0.0,0.0,0.0,4.0,0.0,0.0
30050,2023.0,7.0,28.0,16.0,20.904144,21.177412,20.247665,20.706886,21.47518,22.073256,20.33252,20.447725,19.929554,19.932323,19.812822,19.808872,21.245758,21.354395,20.518076,20.50253,20.770248,21.541647,4.0,4.0,0.0,0.0,0.0,0.0,0.0,4.0
30051,2023.0,7.0,28.0,16.0,20.747229,20.968199,19.9909,20.227766,21.501875,22.101536,20.283525,20.39511,19.906069,19.903233,19.813076,19.811552,21.054125,21.061563,20.50198,20.48811,20.263386,20.409698,0.0,4.0,0.0,0.0,0.0,0.0,0.0,0.0
30052,2023.0,7.0,28.0,16.0,20.687664,20.9088,19.885698,20.033953,21.531471,22.133757,20.188986,20.24438,19.895426,19.893778,19.813696,19.81466,20.982334,20.986582,20.487133,20.475023,20.003885,20.053844,0.0,4.0,0.0,0.0,0.0,0.0,0.0,0.0
30053,2023.0,7.0,28.0,16.0,21.247068,21.983795,19.802986,19.893667,21.552757,22.154587,20.155796,20.215828,19.890274,19.890768,19.814411,19.817236,20.927292,20.91391,21.446985,22.30179,19.982565,20.039568,0.0,4.0,0.0,0.0,0.0,0.0,4.0,0.0
30054,2023.0,7.0,28.0,17.0,20.864176,21.149637,20.178381,20.62389,21.5757,22.178993,20.12693,20.18826,19.8865,19.888617,19.816046,19.82075,20.889757,20.874844,20.88695,21.024126,19.920074,19.927904,4.0,4.0,0.0,0.0,0.0,0.0,0.0,0.0
30055,2023.0,7.0,28.0,17.0,20.722141,20.953335,20.304731,20.771734,21.59765,22.202105,20.75409,21.390295,19.88465,19.888056,19.818424,19.824532,20.86436,20.8512,21.61079,22.460295,19.889732,19.892014,4.0,4.0,4.0,0.0,0.0,0.0,4.0,0.0
30056,2023.0,7.0,28.0,17.0,20.683002,20.91422,20.00387,20.240543,21.619108,22.224735,20.410776,20.608477,19.884207,19.888737,19.822247,19.82956,20.843784,20.832407,21.00855,21.144764,19.875916,19.87862,0.0,4.0,0.0,0.0,0.0,0.0,0.0,0.0
30057,2023.0,7.0,28.0,17.0,20.619032,20.81862,20.273195,20.746645,21.641836,22.248314,20.764105,21.378365,19.884422,19.889914,19.82715,19.835415,20.824398,20.814877,21.69608,22.600805,19.864973,19.868704,4.0,4.0,4.0,0.0,0.0,0.0,4.0,0.0
30058,2023.0,7.0,28.0,17.0,20.584345,20.779074,20.396885,20.907263,21.157576,21.330397,20.41505,20.616037,19.885818,19.892096,19.83264,19.841812,20.810425,20.802101,21.067204,21.220638,19.858866,19.863327,4.0,0.0,0.0,0.0,0.0,0.0,0.0,0.0
30059,2023.0,7.0,28.0,17.0,21.195938,21.94698,20.099741,20.31155,21.552073,22.174809,20.838013,21.463087,19.887838,19.894983,19.839134,19.84934,20.797955,20.790918,20.839144,20.874825,19.854841,19.860262,0.0,4.0,4.0,0.0,0.0,0.0,0.0,0.0
30060,2023.0,7.0,28.0,18.0,21.38275,22.163364,19.999018,20.171242,21.137615,21.32334,20.472692,20.67707,19.89043,19.898485,19.845812,19.857058,21.523386,22.179182,20.78635,20.820896,20.707333,21.474697,0.0,0.0,0.0,0.0,0.0,4.0,0.0,4.0
30061,2023.0,7.0,28.0,18.0,20.967564,21.392057,20.333582,20.816113,21.534616,22.164335,21.095251,21.791046,19.89234,19.900084,19.850622,19.861599,21.094618,21.222944,21.039557,21.288744,20.244555,20.405134,4.0,4.0,4.0,0.0,0.0,0.0,0.0,0.0
30062,2023.0,7.0,28.0,18.0,21.37684,22.152552,20.121437,20.3127,21.663778,22.273336,21.005379,21.595592,19.893696,19.901142,19.854969,19.865519,21.007673,21.161127,21.003366,21.218185,20.017588,20.09671,0.0,4.0,0.0,0.0,0.0,0.0,0.0,0.0
30063,2023.0,7.0,28.0,18.0,20.97207,21.345829,20.36232,20.840645,21.161484,21.316902,21.128632,21.765715,19.894907,19.902225,19.857983,19.868216,21.663486,22.39255,21.007181,21.220377,19.99141,20.064768,4.0,0.0,4.0,0.0,0.0,4.0,0.0,0.0
30064,2023.0,7.0,28.0,18.0,21.39642,22.153025,20.158478,20.36314,21.00269,21.181393,20.998728,21.509329,19.895435,19.902891,19.860353,19.870625,21.208248,21.34037,21.827232,22.759153,19.985233,20.056568,0.0,0.0,0.0,0.0,0.0,0.0,4.0,0.0
30065,2023.0,7.0,28.0,18.0,21.574556,22.341637,20.372078,20.838009,21.465273,22.081158,21.016106,21.527971,20.577154,21.188913,19.86135,19.871943,20.997562,21.079092,21.233576,21.370708,19.92051,19.930105,4.0,4.0,0.0,4.0,0.0,0.0,0.0,0.0
30066,2023.0,7.0,28.0,19.0,21.08293,21.366512,20.520884,21.016808,21.618261,22.225708,21.185818,21.807167,20.275478,20.388525,19.8615,19.87262,21.684896,22.394936,21.002846,21.145475,19.889961,19.897024,4.0,4.0,4.0,0.0,0.0,4.0,0.0,0.0
30067,2023.0,7.0,28.0,19.0,21.014421,21.375519,20.194088,20.36572,21.643087,22.239561,20.982986,21.419373,20.093746,20.164274,19.858639,19.86815,21.873878,22.555658,21.00664,21.173073,19.877754,19.88294,0.0,4.0,0.0,0.0,0.0,4.0,0.0,0.0
30068,2023.0,7.0,28.0,19.0,21.440016,22.176079,20.048986,20.189312,21.665112,22.251303,21.01721,21.481434,20.06355,20.124989,19.853117,19.861147,21.276281,21.371635,21.006182,21.183687,19.866598,19.870888,0.0,4.0,0.0,0.0,0.0,0.0,0.0,0.0
30069,2023.0,7.0,28.0,19.0,21.600811,22.338017,20.33767,20.75665,21.152636,21.26957,21.20355,21.801449,19.997898,20.007315,19.845331,19.85189,21.021152,21.030052,21.006504,21.191248,19.855707,19.859278,4.0,0.0,4.0,0.0,0.0,0.0,0.0,0.0
30070,2023.0,7.0,28.0,19.0,21.078333,21.307648,20.095985,20.210455,21.514975,22.110718,21.27403,21.8674,19.9615,19.964363,19.836504,19.841812,21.004585,21.051842,21.006569,21.197672,19.845089,19.847967,0.0,4.0,4.0,0.0,0.0,0.0,0.0,0.0
30071,2023.0,7.0,28.0,19.0,21.460482,22.175743,20.381565,20.843758,21.63036,22.192734,21.296692,21.880497,19.941181,19.94264,19.825882,19.830294,21.004324,21.07666,21.007483,21.205181,19.834316,19.836744,4.0,4.0,4.0,0.0,0.0,0.0,0.0,0.0
30072,2023.0,7.0,28.0,20.0,21.622175,22.331348,20.493883,20.93757,21.108068,21.193718,21.311937,21.886087,19.923332,19.92449,19.813263,19.817318,21.004513,21.097694,21.007404,21.209953,19.82283,19.825226,4.0,0.0,4.0,0.0,0.0,0.0,0.0,0.0
30073,2023.0,7.0,28.0,20.0,21.110884,21.330948,20.169302,20.30616,21.009104,21.167883,21.322557,21.886118,20.58843,21.194473,19.799154,19.80321,21.004707,21.115234,21.007689,21.215471,20.676676,21.451084,0.0,0.0,4.0,4.0,0.0,0.0,0.0,4.0
30074,2023.0,7.0,28.0,20.0,21.461618,22.142103,20.357737,20.749767,21.42729,21.975336,20.975363,21.287205,20.255249,20.342098,19.782948,19.786558,21.005274,21.131464,21.745844,22.601168,20.234753,20.325312,4.0,4.0,0.0,0.0,0.0,0.0,4.0,0.0
30075,2023.0,7.0,28.0,20.0,21.624123,22.301346,20.478907,20.88611,20.990887,21.138838,21.01913,21.390535,20.688684,21.29103,20.127787,20.449694,21.005491,21.142971,21.11608,21.164984,20.8365,21.632738,4.0,0.0,0.0,4.0,4.0,0.0,0.0,4.0
30076,2023.0,7.0,28.0,20.0,21.655441,22.319775,20.158417,20.261297,21.015785,21.216688,21.013128,21.382832,20.90056,21.492956,20.30127,20.653193,21.573936,22.21914,21.759306,22.596233,21.065287,21.796457,0.0,0.0,0.0,4.0,4.0,4.0,4.0,4.0
30077,2023.0,7.0,28.0,20.0,21.13005,21.306147,20.371193,20.757141,21.353989,21.84907,21.205566,21.722198,20.351295,20.398062,20.354233,20.704603,20.998226,21.082134,21.967741,22.729784,21.13229,21.848606,4.0,4.0,4.0,0.0,4.0,0.0,4.0,4.0
30078,2023.0,7.0,28.0,21.0,21.00628,21.235832,20.120514,20.197817,21.483095,21.981995,20.985249,21.304749,20.101734,20.086817,20.002827,20.082262,21.022846,21.154716,21.182333,21.200592,20.444,20.48785,0.0,4.0,0.0,0.0,0.0,0.0,0.0,0.0
30079,2023.0,7.0,28.0,21.0,21.007866,21.267754,20.333694,20.697826,21.513884,22.002542,21.193266,21.689188,20.021265,19.996405,20.231909,20.530493,21.006481,21.137617,21.010803,21.100601,20.959408,21.664183,4.0,4.0,4.0,0.0,4.0,0.0,0.0,4.0
30080,2023.0,7.0,28.0,21.0,21.00788,21.284262,20.437391,20.794525,21.531456,22.009224,21.267626,21.762966,19.969364,19.938898,19.993164,20.062454,21.00633,21.148424,21.00922,21.13487,20.424116,20.448294,4.0,4.0,4.0,0.0,0.0,0.0,0.0,0.0
30081,2023.0,7.0,28.0,21.0,21.005953,21.295153,20.44879,20.792854,20.987892,21.07512,21.28227,21.767813,20.678263,21.318905,19.86401,19.838133,21.006563,21.156235,21.70003,22.44388,20.939781,21.62232,4.0,0.0,4.0,4.0,0.0,0.0,4.0,4.0
30082,2023.0,7.0,28.0,21.0,21.00627,21.304787,20.109396,20.143131,21.36872,21.83459,20.981705,21.252275,20.254124,20.271088,19.814688,19.800896,21.548939,22.179317,21.092865,21.083382,20.414675,20.42194,0.0,4.0,0.0,0.0,0.0,4.0,0.0,0.0
30083,2023.0,7.0,28.0,21.0,21.005901,21.31107,19.913443,19.881895,20.977676,21.081953,21.019323,21.341162,19.984114,19.935532,19.786879,19.77351,20.98449,21.058067,21.72408,22.49816,20.113903,20.057047,0.0,0.0,0.0,0.0,0.0,0.0,4.0,0.0
30084,2023.0,7.0,28.0,22.0,21.006407,21.316671,19.836876,19.78786,21.016922,21.187479,21.182789,21.629774,20.584513,21.123455,19.755592,19.737959,21.019453,21.143469,21.111635,21.08657,20.023502,19.962282,0.0,0.0,4.0,4.0,0.0,0.0,0.0,0.0
30085,2023.0,7.0,28.0,22.0,21.006235,21.319489,19.834053,19.825209,21.00969,21.186893,20.989313,21.271667,20.184486,20.15858,19.72605,19.705,21.008976,21.137655,21.026855,21.150406,19.961714,19.895151,0.0,0.0,0.0,0.0,0.0,0.0,0.0,0.0
30086,2023.0,7.0,28.0,22.0,21.00684,21.322807,20.26212,20.646982,21.007511,21.198343,21.019129,21.339191,19.944376,19.874434,19.699219,19.675228,21.571774,22.209236,21.00903,21.14166,19.956802,19.93362,4.0,0.0,0.0,0.0,0.0,4.0,0.0,0.0
30087,2023.0,7.0,28.0,22.0,21.006556,21.323849,20.001879,20.11328,21.007957,21.20983,21.169361,21.59991,20.507725,20.99268,19.675028,19.648415,20.969742,21.015392,21.011187,21.159822,19.934517,19.910957,0.0,0.0,4.0,4.0,0.0,0.0,0.0,0.0
30088,2023.0,7.0,28.0,22.0,21.006765,21.325018,19.86259,19.861721,21.00828,21.218197,20.986065,21.263271,20.700111,21.149218,19.6513,19.621225,21.025032,21.142643,21.007908,21.168495,19.90208,19.87503,0.0,0.0,0.0,4.0,0.0,0.0,0.0,0.0
30089,2023.0,7.0,28.0,22.0,21.007233,21.325787,19.812092,19.804663,21.008307,21.22402,21.02113,21.339388,20.744053,21.18325,19.630972,19.599264,21.008936,21.127552,21.742619,22.55373,19.87373,19.84542,0.0,0.0,0.0,4.0,0.0,0.0,4.0,0.0
30090,2023.0,7.0,28.0,23.0,21.007288,21.325727,19.779182,19.767427,21.008497,21.22862,21.015734,21.329617,20.22289,20.165188,19.610424,19.576126,21.00705,21.139233,20.977104,21.037703,19.847147,19.816736,0.0,0.0,0.0,0.0,0.0,0.0,0.0,0.0
30091,2023.0,7.0,28.0,23.0,20.807709,20.941532,19.751638,19.736416,20.776804,20.786009,20.687397,20.705502,19.971598,19.861973,19.900967,20.135763,20.804712,20.760025,20.715677,20.59515,19.823046,19.790934,0.0,0.0,0.0,0.0,4.0,0.0,0.0,0.0
30092,2023.0,7.0,28.0,23.0,20.747162,20.875767,19.73077,19.712702,20.672926,20.643452,20.550814,20.526222,19.901443,19.785421,19.676672,19.64321,20.737104,20.68444,20.6132,20.477016,19.803457,19.769295,0.0,0.0,0.0,0.0,0.0,0.0,0.0,0.0
30093,2023.0,7.0,28.0,23.0,20.710987,20.839523,19.712809,19.69395,20.623148,20.593042,20.484236,20.46041,19.921484,19.87466,19.6179,19.577953,20.69612,20.643785,21.469368,22.150255,19.785288,19.75031,0.0,0.0,0.0,0.0,0.0,0.0,4.0,0.0
30094,2023.0,7.0,28.0,23.0,20.677267,20.803062,19.694445,19.673346,20.580078,20.547413,20.426989,20.400679,19.906015,19.864332,19.592514,19.54972,20.657513,20.603054,20.825184,20.751871,19.766623,19.729836,0.0,0.0,0.0,0.0,0.0,0.0,0.0,0.0
30095,2023.0,7.0,28.0,23.0,20.64687,20.769714,19.676487,19.652956,20.541964,20.506685,20.377052,20.348206,20.467718,20.944916,19.569454,19.52409,20.622215,20.56537,20.59963,20.45233,19.748121,19.709354,0.0,0.0,0.0,4.0,0.0,0.0,0.0,0.0
30096,2023.0,7.0,29.0,0.0,20.620104,20.740997,19.659735,19.634373,20.508364,20.47183,20.333933,20.304195,20.67605,21.208258,19.549116,19.501871,20.59065,20.532423,20.521532,20.37259,20.460634,21.06516,0.0,0.0,0.0,4.0,0.0,0.0,0.0,4.0
30097,2023.0,7.0,29.0,0.0,20.595638,20.71458,19.643778,19.616816,20.476992,20.439178,20.294565,20.26355,20.07236,19.987375,19.529844,19.480932,20.561234,20.501532,20.459044,20.309736,19.983095,19.996504,0.0,0.0,0.0,0.0,0.0,0.0,0.0,0.0
30098,2023.0,7.0,29.0,0.0,20.572018,20.688087,19.627218,19.597464,20.445698,20.404715,20.25633,20.221613,19.87464,19.727243,19.51057,19.458984,20.532772,20.470444,20.505993,20.45546,19.75233,19.631372,0.0,0.0,0.0,0.0,0.0,0.0,0.0,0.0
30099,2023.0,7.0,29.0,0.0,20.55081,20.665415,19.612494,19.581438,20.418375,20.376637,20.223663,20.188227,19.808395,19.661512,19.49338,19.440449,20.507633,20.444208,20.480946,20.423409,19.688917,19.56515,0.0,0.0,0.0,0.0,0.0,0.0,0.0,0.0
30100,2023.0,7.0,29.0,0.0,20.529999,20.642754,19.598024,19.565659,20.392391,20.349857,20.193014,20.15687,19.853714,19.8053,19.476881,19.422625,20.484095,20.419577,20.45186,20.393341,19.73119,19.692844,0.0,0.0,0.0,0.0,0.0,0.0,0.0,0.0
30101,2023.0,7.0,29.0,0.0,20.509848,20.620821,19.583824,19.55012,20.367653,20.324265,20.164186,20.127308,19.832035,19.778536,19.461044,19.405476,20.462011,20.39641,20.424036,20.364565,19.71202,19.664661,0.0,0.0,0.0,0.0,0.0,0.0,0.0,0.0
30102,2023.0,7.0,29.0,1.0,20.490232,20.599428,19.56977,19.534708,20.343813,20.299538,20.136784,20.09914,19.805214,19.7506,19.445705,19.388838,20.441122,20.374443,20.397333,20.336933,19.69166,19.643208,0.0,0.0,0.0,0.0,0.0,0.0,0.0,0.0
30103,2023.0,7.0,29.0,1.0,20.472916,20.582117,19.558495,19.524664,20.32362,20.281261,20.113657,20.07818,19.782127,19.728556,19.742908,19.958302,20.423233,20.35741,20.373772,20.314318,19.674395,19.6266,0.0,0.0,0.0,0.0,4.0,0.0,0.0,0.0
30104,2023.0,7.0,29.0,1.0,20.455482,20.563978,19.546764,19.513105,20.302809,20.260778,20.09013,20.054964,19.75957,19.70587,19.523018,19.473656,20.405743,20.339916,20.35069,20.291225,19.657463,19.609589,0.0,0.0,0.0,0.0,0.0,0.0,0.0,0.0
30105,2023.0,7.0,29.0,1.0,20.439041,20.547178,19.535366,19.501644,20.282652,20.240723,20.067709,20.032576,19.738752,19.684952,19.466152,19.40954,20.389345,20.323538,20.328964,20.269537,19.641628,19.593716,0.0,0.0,0.0,0.0,0.0,0.0,0.0,0.0
30106,2023.0,7.0,29.0,1.0,20.423298,20.531168,19.524694,19.491346,20.263885,20.22265,20.047085,20.012665,19.719868,19.666374,19.446436,19.390102,20.3742,20.308699,20.308725,20.249638,19.626959,19.57926,0.0,0.0,0.0,0.0,0.0,0.0,0.0,0.0
30107,2023.0,7.0,29.0,1.0,20.407827,20.515356,19.514112,19.481161,20.245636,20.20507,20.027218,19.993498,19.702246,19.649069,19.429377,19.373379,20.359858,20.294668,20.28944,20.2307,19.613033,19.56556,0.0,0.0,0.0,0.0,0.0,0.0,0.0,0.0
30108,2023.0,7.0,29.0,2.0,20.39267,20.49986,19.503622,19.47107,20.227861,20.18793,20.008043,19.97499,19.68574,19.632883,19.41474,19.359037,20.34623,20.281357,20.27101,20.212618,19.599756,19.552517,0.0,0.0,0.0,0.0,0.0,0.0,0.0,0.0
30109,2023.0,7.0,29.0,2.0,20.377012,20.483097,19.492233,19.459091,20.209581,20.169333,19.988579,19.955261,19.669481,19.61624,19.400534,19.344341,20.332489,20.267208,20.252659,20.193954,19.58639,19.538748,0.0,0.0,0.0,0.0,0.0,0.0,0.0,0.0
30110,2023.0,7.0,29.0,2.0,20.36143,20.466413,19.480707,19.446941,20.191479,20.150873,19.969475,19.93585,19.653814,19.600182,19.387049,19.330355,20.319061,20.253366,20.234737,20.17572,19.573286,19.52524,0.0,0.0,0.0,0.0,0.0,0.0,0.0,0.0
30111,2023.0,7.0,29.0,2.0,20.346716,20.451427,19.470308,19.43714,20.175146,20.135767,19.952349,19.920074,19.639624,19.586584,19.375078,19.3189,20.30673,20.24144,21.124935,21.868057,19.56114,19.51344,0.0,0.0,0.0,0.0,0.0,0.0,4.0,0.0
30112,2023.0,7.0,29.0,2.0,20.331167,20.434736,19.458694,19.424887,20.157629,20.117743,19.933926,19.90126,19.624924,19.57146,19.362528,19.305819,20.293846,20.228123,20.443075,20.366526,19.548477,19.50036,0.0,0.0,0.0,0.0,0.0,0.0,0.0,0.0
30113,2023.0,7.0,29.0,2.0,20.314907,20.416468,19.445826,19.410128,20.13896,20.096907,19.914206,19.879494,19.609697,19.55488,19.349367,19.291176,20.280384,20.213432,20.214975,20.051205,19.535267,19.486012,0.0,0.0,0.0,0.0,0.0,0.0,0.0,0.0
30114,2023.0,7.0,29.0,3.0,20.300549,20.40179,19.43527,19.399988,20.123325,20.082064,19.897827,19.86409,20.181492,20.641455,19.338255,19.280361,20.268557,20.201832,20.157894,19.998144,19.523527,19.474459,0.0,0.0,0.0,4.0,0.0,0.0,0.0,0.0
30115,2023.0,7.0,29.0,3.0,20.285044,20.384617,19.422956,19.386276,20.105694,20.063255,19.879644,19.844767,19.800173,19.788252,19.325943,19.26696,20.25572,20.18808,20.108847,19.947926,19.510817,19.460861,0.0,0.0,0.0,0.0,0.0,0.0,0.0,0.0
30116,2023.0,7.0,29.0,3.0,20.269365,20.366829,19.409443,19.370249,20.08678,20.041998,19.86038,19.823135,19.676128,19.61839,19.312765,19.251987,20.242237,20.173157,20.176228,20.122297,19.49749,19.446177,0.0,0.0,0.0,0.0,0.0,0.0,0.0,0.0
30117,2023.0,7.0,29.0,3.0,20.254538,20.350624,19.396984,19.356354,20.0692,20.023344,19.842651,19.804314,19.643602,19.585026,19.300148,19.238314,20.229197,20.159246,20.161951,20.098951,19.48454,19.432388,0.0,0.0,0.0,0.0,0.0,0.0,0.0,0.0
30118,2023.0,7.0,29.0,3.0,20.239428,20.333986,19.384424,19.342373,20.051666,20.004726,19.825048,19.785614,19.616442,19.557045,19.287228,19.224327,20.215935,20.145105,20.142763,20.078989,19.471352,19.41835,0.0,0.0,0.0,0.0,0.0,0.0,0.0,0.0
30119,2023.0,7.0,29.0,3.0,20.869112,21.527027,19.373007,19.330788,20.03557,19.988966,19.808949,19.769844,20.179323,20.634739,19.571724,19.766842,20.20315,20.13216,20.1241,20.060461,19.458546,19.405352,0.0,0.0,0.0,4.0,4.0,0.0,0.0,0.0
30120,2023.0,7.0,29.0,4.0,20.466862,20.632296,19.360477,19.31678,20.018179,19.970463,19.791655,19.751404,20.266188,20.649048,19.388721,19.356298,20.189556,20.117685,20.104334,20.039959,19.444874,19.39083,0.0,0.0,0.0,4.0,0.0,0.0,0.0,0.0
30121,2023.0,7.0,29.0,4.0,20.209578,20.196663,19.348757,19.304111,20.001507,19.953266,19.775192,19.734367,19.745773,19.6241,19.3076,19.243856,20.176426,20.104116,20.997368,21.739016,19.431438,19.37698,0.0,0.0,0.0,0.0,0.0,0.0,4.0,0.0
30122,2023.0,7.0,29.0,4.0,20.118092,20.07679,19.337082,19.291468,19.98505,19.936073,19.758821,19.717304,19.568268,19.392097,19.284674,19.219536,20.163134,20.090282,20.2984,20.204412,19.41785,19.36286,0.0,0.0,0.0,0.0,0.0,0.0,0.0,0.0
30123,2023.0,7.0,29.0,4.0,20.224546,20.335016,19.32405,19.27627,19.96742,19.916142,19.741085,19.697403,19.502016,19.321524,19.262907,19.195435,20.148825,20.07457,20.062227,19.878666,19.403439,19.347116,0.0,0.0,0.0,0.0,0.0,0.0,0.0,0.0
30124,2023.0,7.0,29.0,4.0,20.215601,20.3198,19.31218,19.263548,19.951311,19.899292,19.72495,19.680614,19.57341,19.514048,19.244812,19.176697,20.135258,20.060438,19.998669,19.816648,19.389828,19.332977,0.0,0.0,0.0,0.0,0.0,0.0,0.0,0.0
30125,2023.0,7.0,29.0,4.0,20.19956,20.301365,19.300232,19.250776,19.935116,19.882425,19.708916,19.663923,19.559515,19.494879,19.227612,19.158867,20.121717,20.046339,20.06949,20.009647,19.376276,19.318905,0.0,0.0,0.0,0.0,0.0,0.0,0.0,0.0
30126,2023.0,7.0,29.0,5.0,20.18404,20.284636,19.288294,19.23801,19.918938,19.8656,19.693037,19.647377,19.537539,19.472334,19.211239,19.141867,20.108301,20.032372,20.05208,19.983603,19.362864,19.304976,0.0,0.0,0.0,0.0,0.0,0.0,0.0,0.0
30127,2023.0,7.0,29.0,5.0,20.169502,20.270227,19.278032,19.228676,19.904324,19.85192,19.678753,19.633991,19.517332,19.452785,19.196808,19.1282,20.096197,20.020916,20.030804,19.96296,19.350647,19.293352,0.0,0.0,0.0,0.0,0.0,0.0,0.0,0.0
30128,2023.0,7.0,29.0,5.0,20.155432,20.256416,19.268702,19.220884,19.89079,19.840046,19.665558,19.622404,19.498867,19.435654,19.493896,19.698013,20.084969,20.010708,20.011177,19.944513,19.339258,19.28289,0.0,0.0,0.0,0.0,4.0,0.0,0.0,0.0
30129,2023.0,7.0,29.0,5.0,20.14098,20.241793,19.2588,19.211687,19.876387,19.826292,19.651588,19.60904,19.480648,19.417845,19.274017,19.214472,20.073627,19.999878,19.99145,19.925209,19.327763,19.271858,0.0,0.0,0.0,0.0,0.0,0.0,0.0,0.0
30130,2023.0,7.0,29.0,5.0,20.127682,20.229153,19.68911,20.027456,19.863033,19.814423,19.638742,19.597576,20.049406,20.502226,19.219122,19.154331,20.063288,19.990572,19.973576,19.908583,19.317225,19.262283,4.0,0.0,0.0,4.0,0.0,0.0,0.0,0.0
30131,2023.0,7.0,29.0,5.0,20.114088,20.215548,19.44131,19.46455,19.84912,19.801296,19.62538,19.584932,19.666769,19.649035,19.501333,19.70004,20.053186,19.981096,19.95609,19.891672,19.306877,19.252504,0.0,0.0,0.0,0.0,4.0,0.0,0.0,0.0
30132,2023.0,7.0,29.0,6.0,20.101137,20.202751,19.321081,19.281147,19.835436,19.78851,19.61228,19.572655,20.14048,20.605677,19.306004,19.268988,20.043951,19.972597,19.93988,19.87619,19.297314,19.243612,0.0,0.0,0.0,4.0,0.0,0.0,0.0,0.0
30133,2023.0,7.0,29.0,6.0,21.104338,21.944447,19.29081,19.24669,21.14925,22.138668,21.177525,22.369658,19.992146,20.252007,19.230629,19.168152,21.153187,21.903818,21.28379,22.228176,20.04526,20.66347,0.0,0.0,0.0,0.0,0.0,0.0,0.0,4.0
30134,2023.0,7.0,29.0,6.0,21.002054,21.680027,19.2676,19.222345,20.99596,21.696651,20.995035,21.839466,19.578077,19.415401,19.205278,19.141685,21.000574,21.543695,20.992493,21.58503,20.433126,21.116072,0.0,0.0,0.0,0.0,0.0,0.0,0.0,4.0
30135,2023.0,7.0,29.0,6.0,21.050694,21.69793,19.24818,19.201944,21.049065,21.708126,21.058037,21.849533,19.418394,19.249744,19.186945,19.12302,21.040384,21.54805,21.044127,21.608534,20.406185,20.931948,0.0,0.0,0.0,0.0,0.0,0.0,0.0,4.0
30136,2023.0,7.0,29.0,6.0,20.990475,21.512632,19.233105,19.188187,21.009138,21.53605,21.015654,21.702147,19.477026,19.417425,19.488382,19.701124,21.255825,21.880095,21.428495,22.249111,19.95846,20.138464,0.0,4.0,0.0,0.0,4.0,4.0,4.0,0.0
30137,2023.0,7.0,29.0,6.0,21.006516,21.515823,19.669456,20.020224,21.021461,21.545599,21.022173,21.667692,19.48417,19.424963,20.07786,20.648079,21.18222,21.628942,20.96115,21.309631,19.604342,19.4575,4.0,4.0,0.0,0.0,0.0,4.0,0.0,0.0
30138,2023.0,7.0,29.0,7.0,21.025826,21.558355,20.05103,20.586687,21.026241,21.542152,21.0201,21.63048,19.46934,19.410343,19.882668,20.145638,21.00202,21.319777,21.02884,21.427197,19.443663,19.285807,0.0,0.0,0.0,0.0,4.0,0.0,0.0,0.0
30139,2023.0,7.0,29.0,7.0,21.019472,21.52695,19.602987,19.636698,21.023481,21.507532,21.02101,21.607828,19.459738,19.403292,20.020632,20.396555,21.188736,21.637547,21.018518,21.388197,19.391565,19.240768,0.0,0.0,0.0,0.0,4.0,4.0,0.0,0.0
30140,2023.0,7.0,29.0,7.0,21.08222,21.60145,19.839117,20.211987,21.022858,21.483421,21.020159,21.58805,19.453928,19.399845,20.01767,20.348923,20.99269,21.253307,21.019344,21.374002,19.450062,19.396196,4.0,0.0,0.0,0.0,0.0,0.0,0.0,0.0
30141,2023.0,7.0,29.0,7.0,21.011976,21.482738,20.030869,20.457294,21.016258,21.465559,21.020185,21.574121,20.14172,20.701668,19.90676,20.06696,21.019474,21.294973,21.013977,21.359661,19.460995,19.410507,0.0,0.0,0.0,4.0,4.0,0.0,0.0,0.0
30142,2023.0,7.0,29.0,7.0,21.101349,21.620668,19.55997,19.500277,21.1297,21.64964,21.020088,21.562996,19.974987,20.193514,20.018549,20.27382,21.0163,21.276709,21.013977,21.354113,20.378386,21.160015,0.0,4.0,0.0,0.0,4.0,0.0,0.0,4.0
30143,2023.0,7.0,29.0,7.0,21.142576,21.669743,19.400188,19.357866,21.026434,21.39982,21.01956,21.552637,19.63627,19.51,20.015137,20.25353,21.010468,21.263958,21.578417,22.393915,20.575954,21.180372,0.0,4.0,0.0,0.0,0.0,0.0,4.0,4.0
30144,2023.0,7.0,29.0,8.0,21.170412,21.709475,19.377838,19.344385,21.001478,21.385578,21.019224,21.544144,19.49673,19.35434,19.65126,19.527884,21.010965,21.260971,21.620209,22.264042,19.941824,20.043644,0.0,4.0,0.0,0.0,0.0,0.0,4.0,0.0
30145,2023.0,7.0,29.0,8.0,21.192392,21.737774,19.351025,19.322561,21.002966,21.389622,20.516773,20.571663,19.537725,19.470285,19.557487,19.48049,20.719183,20.693588,20.815931,20.729364,19.701256,19.597965,0.0,4.0,0.0,0.0,0.0,0.0,0.0,0.0
30146,2023.0,7.0,29.0,8.0,21.213612,21.767015,19.76378,20.11546,21.015554,21.411518,20.295757,20.270529,20.251844,20.811644,19.552422,19.484524,20.608604,20.537903,21.479252,22.131683,19.605474,19.482798,4.0,4.0,0.0,4.0,0.0,0.0,4.0,0.0
30147,2023.0,7.0,29.0,8.0,20.6625,20.726473,20.0325,20.534082,21.029894,21.43579,20.199574,20.172352,19.966352,20.174532,19.542278,19.47652,21.31883,21.9235,21.662182,22.336594,19.572906,19.4563,0.0,4.0,0.0,0.0,0.0,4.0,4.0,0.0
30148,2023.0,7.0,29.0,8.0,21.048168,21.63352,19.652613,19.734692,21.04636,21.461782,20.75929,21.300814,19.70916,19.63954,19.534136,19.470257,21.454046,21.962074,20.90713,20.853683,20.468225,21.179981,0.0,4.0,4.0,0.0,0.0,4.0,0.0,4.0
30149,2023.0,7.0,29.0,8.0,20.587385,20.680342,19.482958,19.478916,20.529852,20.492811,20.34399,20.41483,19.615885,19.505901,19.895552,20.150032,21.50349,22.012165,20.640827,20.488808,19.94927,20.112389,0.0,0.0,0.0,0.0,4.0,4.0,0.0,0.0
30150,2023.0,7.0,29.0,9.0,20.993015,21.605038,19.42803,19.42298,20.865484,21.2898,20.617046,21.077127,20.331625,20.882017,20.009108,20.253885,21.56687,22.08192,21.457584,22.12842,20.57937,21.266495,0.0,4.0,4.0,4.0,0.0,4.0,4.0,4.0
30151,2023.0,7.0,29.0,9.0,21.161203,21.764114,19.393421,19.390047,20.496645,20.48754,20.225822,20.22656,20.596815,21.117943,19.806286,19.823372,20.975307,20.922014,20.927382,20.887707,19.980543,20.063688,0.0,0.0,0.0,4.0,0.0,0.0,0.0,0.0
30152,2023.0,7.0,29.0,9.0,21.200544,21.805546,19.798172,20.17341,20.233755,20.152555,19.97149,19.909275,20.686417,21.20671,19.678253,19.623034,20.708818,20.567373,21.521206,22.210863,19.782682,19.702286,4.0,0.0,0.0,4.0,0.0,0.0,4.0,0.0
30153,2023.0,7.0,29.0,9.0,20.662876,20.773659,20.027426,20.521734,20.785025,21.246534,20.539465,21.029383,20.768572,21.29273,19.657078,19.591623,20.648308,20.501583,21.73294,22.453257,19.726797,19.636068,0.0,4.0,4.0,4.0,0.0,0.0,4.0,0.0
30154,2023.0,7.0,29.0,9.0,21.07306,21.712286,19.663452,19.756924,20.970861,21.443739,20.724459,21.214022,20.245068,20.245146,19.656687,19.589478,20.614809,20.473988,20.998629,20.983572,19.70464,19.617315,0.0,4.0,4.0,0.0,0.0,0.0,0.0,0.0
30155,2023.0,7.0,29.0,9.0,20.619064,20.762886,19.50583,19.521276,20.48157,20.50241,20.230858,20.26177,20.042545,19.94178,19.662968,19.594551,20.648298,20.56389,21.657814,22.344507,19.72146,19.6622,0.0,0.0,0.0,0.0,0.0,0.0,4.0,0.0
30156,2023.0,7.0,29.0,10.0,21.07905,21.72202,19.882984,20.264202,20.28314,20.228197,20.039782,20.00313,19.986347,19.883303,19.670464,19.601826,20.652119,20.577183,21.038315,21.044472,20.584583,21.294168,4.0,0.0,0.0,0.0,0.0,0.0,0.0,4.0
30157,2023.0,7.0,29.0,10.0,20.639349,20.800766,20.017235,20.45399,20.825226,21.309004,19.972254,19.940098,20.618713,21.10378,20.052032,20.314215,20.644602,20.571892,20.777412,20.66069,19.981123,20.110636,0.0,4.0,0.0,4.0,4.0,0.0,0.0,0.0
30158,2023.0,7.0,29.0,10.0,20.413582,20.532167,19.67629,19.752617,20.491745,20.542114,20.598185,21.172754,20.920294,21.471972,20.281591,20.606537,21.376036,21.970274,21.595297,22.290997,19.792168,19.73028,0.0,0.0,4.0,4.0,4.0,4.0,4.0,0.0
30159,2023.0,7.0,29.0,10.0,20.362297,20.479809,19.54273,19.564526,20.29325,20.261839,20.713232,21.248865,20.392637,20.418367,19.989777,20.05186,21.549282,22.142298,21.850086,22.605091,19.754736,19.689924,0.0,0.0,4.0,0.0,0.0,4.0,4.0,0.0
30160,2023.0,7.0,29.0,10.0,20.360674,20.519522,19.49423,19.51711,20.218147,20.192686,20.212358,20.281555,20.131191,20.061966,19.861193,19.796875,21.632793,22.223928,21.125633,21.149254,19.754105,19.701622,0.0,0.0,0.0,0.0,0.0,4.0,0.0,0.0
30161,2023.0,7.0,29.0,10.0,20.343605,20.507656,19.464476,19.487999,20.198185,20.201263,20.03094,20.03123,20.072247,19.995714,20.177227,20.414661,21.707829,22.303957,20.85749,20.755236,19.75164,19.701452,0.0,0.0,0.0,0.0,4.0,4.0,0.0,0.0
30162,2023.0,7.0,29.0,11.0,20.321926,20.48856,19.442062,19.469213,20.169971,20.180323,19.977531,19.986652,20.058363,19.996073,19.998075,20.046782,21.771935,22.369219,21.687757,22.39879,19.74833,19.699352,0.0,0.0,0.0,0.0,0.0,4.0,4.0,0.0
30163,2023.0,7.0,29.0,11.0,20.298231,20.466377,19.419348,19.449368,20.137264,20.150343,19.938253,19.959572,20.041315,19.981966,19.90274,19.854214,21.195837,21.228994,21.187035,21.223509,19.74513,19.696947,0.0,0.0,0.0,0.0,0.0,0.0,0.0,0.0
30164,2023.0,7.0,29.0,11.0,20.278994,20.448174,19.403227,19.435528,20.111782,20.126781,20.573622,21.186827,20.719477,21.27524,19.872478,19.81033,21.68071,22.219717,20.930452,20.84488,19.743732,19.6962,0.0,0.0,4.0,4.0,0.0,4.0,0.0,0.0
30165,2023.0,7.0,29.0,11.0,20.261066,20.431698,19.826664,20.245106,20.750729,21.352875,20.695316,21.272537,20.334616,20.408384,19.868359,19.806206,21.149286,21.12897,20.842043,20.755323,19.743465,19.696701,4.0,4.0,4.0,0.0,0.0,0.0,0.0,0.0
30166,2023.0,7.0,29.0,11.0,20.24474,20.416729,20.023373,20.53041,20.358269,20.478231,20.2013,20.302254,20.819975,21.363346,19.86887,19.807697,21.68802,22.231873,20.789639,20.70879,19.745035,19.699123,0.0,0.0,0.0,4.0,0.0,4.0,0.0,0.0
30167,2023.0,7.0,29.0,11.0,20.88908,21.642769,20.05059,20.495409,20.12658,20.170527,19.989515,20.04416,20.419046,20.438852,19.871891,19.811789,21.230558,21.213488,20.755877,20.690882,19.747234,19.702215,4.0,0.0,0.0,0.0,0.0,0.0,0.0,0.0
30168,2023.0,7.0,29.0,12.0,21.037073,21.768959,20.007277,20.405518,20.089132,20.130596,19.943008,19.99854,20.259363,20.213102,19.878284,19.819551,21.767776,22.314861,20.727398,20.665194,19.750154,19.70597,0.0,0.0,0.0,0.0,0.0,4.0,0.0,0.0
30169,2023.0,7.0,29.0,12.0,21.014952,21.686954,19.74293,19.875978,21.120499,21.98857,21.112875,22.08226,20.214437,20.168606,19.884396,19.825089,22.006468,22.617823,21.714098,22.566236,19.752378,19.707771,0.0,0.0,4.0,0.0,0.0,4.0,4.0,0.0
30170,2023.0,7.0,29.0,12.0,21.152607,21.871542,19.601976,19.69747,21.00236,21.651937,20.985807,21.718792,20.175829,20.118868,19.89058,19.830692,21.381788,21.378433,21.197449,21.27435,19.755148,19.709984,0.0,0.0,4.0,0.0,0.0,0.0,0.0,0.0
30171,2023.0,7.0,29.0,12.0,20.995207,21.558151,19.522972,19.578861,21.057943,21.66702,21.002007,21.684927,20.151026,20.092102,19.897242,19.836922,21.885368,22.478035,21.006964,21.108936,19.759172,19.713737,0.0,4.0,4.0,0.0,0.0,4.0,0.0,0.0
30172,2023.0,7.0,29.0,12.0,21.016497,21.584967,19.921389,20.361876,21.072433,21.646109,21.025597,21.709343,20.135027,20.076174,19.903996,19.84355,22.084585,22.696043,21.006731,21.119118,19.764019,19.71862,4.0,4.0,0.0,0.0,0.0,4.0,0.0,0.0
30173,2023.0,7.0,29.0,12.0,21.229269,21.94744,20.00762,20.421919,21.101406,21.67332,20.997614,21.597296,20.122892,20.065228,19.91016,19.85016,22.133707,22.740744,21.006493,21.124172,20.674944,21.441824,0.0,4.0,4.0,0.0,0.0,4.0,0.0,4.0
30174,2023.0,7.0,29.0,13.0,20.980894,21.46752,20.092066,20.530493,21.133629,21.705547,21.002218,21.58288,20.112028,20.05566,19.915117,19.856188,22.177801,22.782482,21.00614,21.128454,20.287788,20.40303,4.0,4.0,4.0,0.0,0.0,4.0,0.0,0.0
30175,2023.0,7.0,29.0,13.0,21.252008,21.969255,19.997608,20.34525,21.002428,21.478277,21.024364,21.63304,20.101282,20.046719,19.91826,19.861038,21.518217,21.49871,21.006447,21.133848,19.98809,19.977337,0.0,0.0,0.0,0.0,0.0,0.0,0.0,0.0
30176,2023.0,7.0,29.0,13.0,21.352335,22.069355,20.12618,20.56198,21.018038,21.503078,21.018744,21.603601,20.090714,20.038557,19.919043,19.863937,21.977886,22.530458,21.845276,22.717113,19.931034,19.915764,4.0,0.0,0.0,0.0,0.0,4.0,4.0,0.0
30177,2023.0,7.0,29.0,13.0,20.976583,21.407324,19.990936,20.300585,21.14574,21.708616,21.059633,21.635666,20.07952,20.029774,19.917747,19.86541,22.18955,22.794308,21.261976,21.356174,20.742231,21.464682,0.0,4.0,4.0,0.0,0.0,4.0,0.0,4.0
30178,2023.0,7.0,29.0,13.0,21.277304,21.98311,19.787455,19.913986,21.205492,21.774403,21.081589,21.65801,20.067923,20.02127,19.914673,19.865412,21.538626,21.526197,21.000517,21.076174,20.32748,20.42548,0.0,4.0,4.0,0.0,0.0,0.0,0.0,0.0
30179,2023.0,7.0,29.0,13.0,21.389624,22.101648,20.060644,20.494637,21.230484,21.798735,21.097162,21.673403,20.057188,20.013306,19.910791,19.864355,21.9751,22.515518,21.00759,21.1154,20.924511,21.691957,4.0,4.0,4.0,0.0,0.0,4.0,0.0,4.0
30180,2023.0,7.0,29.0,14.0,20.972082,21.367935,20.191067,20.637653,21.251078,21.81879,21.009796,21.534918,20.047691,20.005867,19.907522,19.863367,22.198952,22.806425,21.006657,21.128521,20.426704,20.528948,4.0,4.0,0.0,0.0,0.0,4.0,0.0,0.0
30181,2023.0,7.0,29.0,14.0,21.305212,22.014412,20.231848,20.688923,21.277754,21.85315,20.568861,20.68758,20.042837,20.005798,19.909178,19.870115,21.624044,21.680168,20.831451,20.80073,20.127228,20.128965,4.0,4.0,0.0,0.0,0.0,0.0,0.0,0.0
30182,2023.0,7.0,29.0,14.0,21.401789,22.129013,20.269653,20.736053,21.303911,21.887218,20.400034,20.473967,20.042036,20.00947,19.91454,19.88047,21.410707,21.359442,21.722492,22.532246,20.081406,20.087088,4.0,4.0,0.0,0.0,0.0,0.0,4.0,0.0
30183,2023.0,7.0,29.0,14.0,21.448425,22.181465,19.986794,20.243242,20.812199,20.955935,20.940872,21.55638,20.044037,20.015635,19.922878,19.893797,21.340265,21.289988,21.145948,21.253698,20.067528,20.08221,0.0,0.0,4.0,0.0,0.0,0.0,0.0,0.0
30184,2023.0,7.0,29.0,14.0,21.492691,22.231672,19.852402,20.00839,21.168135,21.784184,20.58454,20.743935,20.736853,21.323341,19.933367,19.908312,21.297056,21.257896,20.838951,20.836761,20.018915,20.001694,0.0,4.0,0.0,4.0,0.0,0.0,0.0,0.0
30185,2023.0,7.0,29.0,14.0,20.988022,21.265732,19.806284,19.962244,21.272945,21.891676,20.411116,20.519857,21.014244,21.683279,19.94419,19.922995,21.976673,22.578875,20.796856,20.793915,20.845522,21.581276,0.0,4.0,0.0,4.0,0.0,4.0,0.0,4.0
30186,2023.0,7.0,29.0,15.0,21.46197,22.264576,19.719034,19.814693,20.78839,20.956179,20.963594,21.618162,20.535887,20.688314,20.308931,20.602211,21.5472,21.653917,20.784222,20.789604,20.391205,20.544552,0.0,0.0,4.0,0.0,4.0,0.0,0.0,0.0
30187,2023.0,7.0,29.0,15.0,20.992325,21.286589,19.667412,19.74912,21.216066,21.852057,20.550503,20.739477,20.369484,20.41682,20.125626,20.172115,21.363922,21.355968,20.73985,20.716427,20.214548,20.260862,0.0,4.0,0.0,0.0,0.0,0.0,0.0,0.0
30188,2023.0,7.0,29.0,15.0,20.816376,21.057146,19.639257,19.721125,20.79431,20.97706,20.381516,20.51112,20.333956,20.376587,20.039669,20.027758,22.009794,22.62066,20.715483,20.689854,20.176163,20.219046,0.0,0.0,0.0,0.0,0.0,4.0,0.0,0.0
30189,2023.0,7.0,29.0,15.0,21.363409,22.13726,20.048212,20.508287,21.216558,21.861292,20.941263,21.611248,20.322075,20.367933,20.38505,20.680424,21.568441,21.683043,20.700186,20.675606,20.10528,20.097034,4.0,4.0,4.0,0.0,4.0,0.0,0.0,0.0
30190,2023.0,7.0,29.0,15.0,21.493711,22.277895,19.989706,20.349546,20.78807,20.967644,20.520315,20.709568,20.258446,20.249447,20.185019,20.22787,21.38435,21.38585,20.687374,20.664171,20.071894,20.058609,0.0,0.0,0.0,0.0,0.0,0.0,0.0,0.0
30191,2023.0,7.0,29.0,15.0,21.550066,22.331726,20.149483,20.607529,21.158192,21.807623,20.315725,20.466537,20.22582,20.212667,20.07643,20.072355,22.064,22.721067,20.674128,20.652845,20.05214,20.04059,4.0,4.0,0.0,0.0,0.0,4.0,0.0,0.0
30192,2023.0,7.0,29.0,16.0,21.593452,22.37536,20.279987,20.807814,21.27738,21.927513,20.27289,20.42295,20.215261,20.203121,20.433233,20.746145,22.230661,22.917624,21.621761,22.456285,20.039005,20.029247,4.0,4.0,0.0,0.0,4.0,4.0,4.0,0.0
30193,2023.0,7.0,29.0,16.0,21.084175,21.39205,19.9945,20.290459,21.32003,21.963463,20.182476,20.272053,20.207518,20.196716,20.657671,21.093763,21.674187,21.810968,21.094967,21.256773,20.872799,21.617014,0.0,4.0,0.0,0.0,4.0,0.0,0.0,4.0
30194,2023.0,7.0,29.0,16.0,21.44554,22.226141,20.241343,20.751455,21.365137,22.006823,20.115759,20.191076,20.198874,20.189585,20.407814,20.551743,22.1419,22.817682,20.805067,20.848873,21.265749,22.092064,4.0,4.0,0.0,0.0,0.0,4.0,0.0,4.0
30195,2023.0,7.0,29.0,16.0,21.003948,21.306467,20.343788,20.878492,21.397202,22.037586,20.084332,20.157516,20.19163,20.183884,20.31275,20.403118,22.26943,22.95285,20.766676,20.799559,20.62689,20.79798,4.0,4.0,0.0,0.0,0.0,4.0,0.0,0.0
30196,2023.0,7.0,29.0,16.0,20.844467,21.09563,20.000265,20.270704,21.425928,22.064877,20.05922,20.1329,20.18467,20.178682,20.22132,20.23335,21.69571,21.818062,20.752918,20.787094,20.407143,20.470394,0.0,4.0,0.0,0.0,0.0,0.0,0.0,0.0
30197,2023.0,7.0,29.0,16.0,20.776905,21.027538,20.26996,20.791237,21.455107,22.093014,20.033411,20.1075,20.176554,20.172434,20.1696,20.167812,21.433468,21.45116,20.694836,20.685274,20.32878,20.387049,4.0,4.0,0.0,0.0,0.0,0.0,0.0,0.0
30198,2023.0,7.0,29.0,17.0,21.32728,22.091734,20.366486,20.901207,21.476955,22.113272,20.014462,20.08979,20.858418,21.466518,20.152925,20.152355,21.37905,21.392366,20.670002,20.659445,20.293663,20.355612,4.0,4.0,0.0,4.0,0.0,0.0,0.0,0.0
30199,2023.0,7.0,29.0,17.0,21.480648,22.265099,20.40717,20.935242,20.975653,21.15813,19.993805,20.067755,20.476673,20.599236,20.513031,20.841084,21.340036,21.35134,20.65188,20.640947,20.200706,20.20038,4.0,0.0,0.0,0.0,4.0,0.0,0.0,0.0
30200,2023.0,7.0,29.0,17.0,21.534334,22.308743,20.097624,20.32805,21.363392,21.988173,19.974293,20.046755,20.988935,21.61424,20.664948,21.057665,21.27738,21.258879,21.59389,22.43761,20.153479,20.147202,0.0,4.0,0.0,4.0,4.0,0.0,4.0,0.0
30201,2023.0,7.0,29.0,17.0,21.577324,22.34434,20.331387,20.815672,20.946535,21.133053,19.955503,20.026085,20.605068,20.768988,20.409779,20.544598,21.237928,21.21689,21.037827,21.18002,20.121372,20.115232,4.0,0.0,0.0,0.0,0.0,0.0,0.0,0.0
30202,2023.0,7.0,29.0,17.0,21.610443,22.370234,20.42752,20.9372,21.33435,21.956188,19.937822,20.006607,20.425745,20.483942,20.304937,20.382622,21.933952,22.566826,20.829689,20.858593,20.092924,20.087324,4.0,4.0,0.0,0.0,0.0,4.0,0.0,0.0
30203,2023.0,7.0,29.0,17.0,21.638231,22.391369,20.455498,20.957867,20.901196,21.06141,19.920675,19.987404,20.373545,20.421175,20.211266,20.219982,22.116165,22.782679,20.771727,20.792177,20.066511,20.061205,4.0,0.0,0.0,0.0,0.0,4.0,0.0,0.0
30204,2023.0,7.0,29.0,18.0,21.661552,22.40789,20.478466,20.973831,21.32706,21.956778,19.904562,19.96955,20.295788,20.295437,20.164516,20.161545,22.177116,22.83344,20.734468,20.753178,20.042118,20.037535,4.0,4.0,0.0,0.0,0.0,4.0,0.0,0.0
30205,2023.0,7.0,29.0,18.0,21.143824,21.417469,20.158026,20.35815,21.408213,22.01813,21.114233,22.104506,20.254484,20.24953,20.137457,20.134665,22.2252,22.871887,21.04621,21.31732,20.018713,20.014551,0.0,4.0,4.0,0.0,0.0,4.0,0.0,0.0
30206,2023.0,7.0,29.0,18.0,21.49255,22.232803,20.34772,20.808464,20.971027,21.25203,21.007195,21.788898,20.222012,20.216887,20.109556,20.106838,21.633007,21.709055,21.003635,21.232985,19.994297,19.990396,4.0,0.0,0.0,0.0,0.0,0.0,0.0,0.0
30207,2023.0,7.0,29.0,18.0,21.653053,22.394245,20.100042,20.260527,21.018658,21.36444,21.01924,21.73223,20.193935,20.188759,20.083828,20.081015,21.362143,21.34718,21.007574,21.235971,19.97232,19.96881,0.0,0.0,0.0,0.0,0.0,0.0,0.0,0.0
30208,2023.0,7.0,29.0,18.0,21.681767,22.413557,20.32096,20.766169,21.296896,21.87804,21.017956,21.673252,20.16989,20.16584,20.0606,20.058773,21.983572,22.591616,21.007553,21.234001,19.953033,19.950508,4.0,4.0,0.0,0.0,0.0,4.0,0.0,0.0
30209,2023.0,7.0,29.0,18.0,21.149366,21.390738,20.44506,20.909542,20.970379,21.252035,21.017584,21.633276,20.14753,20.144104,20.038292,20.03688,21.54702,21.606108,21.007544,21.233624,19.934677,19.932604,4.0,0.0,0.0,0.0,0.0,0.0,0.0,0.0
30210,2023.0,7.0,29.0,19.0,21.504515,22.22145,20.474161,20.933294,21.284134,21.854511,21.017263,21.603754,20.126024,20.123213,20.017282,20.016434,22.047106,22.69695,21.007719,21.234901,19.917498,19.916117,4.0,4.0,0.0,0.0,0.0,4.0,0.0,0.0
30211,2023.0,7.0,29.0,19.0,21.094204,21.319555,20.486645,20.933565,21.395027,21.964504,21.016933,21.581219,20.103922,20.099941,19.995014,19.992714,21.551859,21.602646,21.007854,21.235615,19.899174,19.896646,4.0,4.0,0.0,0.0,0.0,0.0,0.0,0.0
30212,2023.0,7.0,29.0,19.0,21.012524,21.320953,20.492186,20.926474,21.415184,21.972933,21.016785,21.563812,20.080227,20.074257,19.97185,19.967972,22.028448,22.663174,21.007877,21.236216,19.880337,19.876688,4.0,4.0,0.0,0.0,0.0,4.0,0.0,0.0
30213,2023.0,7.0,29.0,19.0,21.419369,22.097998,20.14322,20.264378,21.426056,21.972029,21.016718,21.549948,20.057095,20.050571,19.948206,19.94294,21.521835,21.551203,21.008347,21.237974,19.861286,19.856655,0.0,4.0,0.0,0.0,0.0,0.0,0.0,0.0
30214,2023.0,7.0,29.0,19.0,21.56121,22.239422,19.944376,20.002605,20.94989,21.151602,21.01639,21.538116,20.03354,20.025646,19.922874,19.915945,21.240519,21.182444,21.008642,21.240013,19.841784,19.836208,0.0,0.0,0.0,0.0,0.0,0.0,0.0,0.0
30215,2023.0,7.0,29.0,19.0,21.593536,22.262075,20.289713,20.702465,21.019697,21.316734,21.01619,21.528461,20.01036,20.001722,19.896606,19.888477,21.153173,21.089212,21.009089,21.243494,19.82157,19.814945,4.0,0.0,0.0,0.0,0.0,0.0,0.0,0.0
30216,2023.0,7.0,29.0,20.0,21.623613,22.290854,19.972794,20.088385,21.011623,21.315224,21.14154,21.73201,19.986937,19.977606,19.86935,19.860096,21.1263,21.095167,21.008953,21.246588,19.801907,19.795507,0.0,0.0,4.0,0.0,0.0,0.0,0.0,0.0
30217,2023.0,7.0,29.0,20.0,21.074541,21.239565,20.244114,20.617735,21.013197,21.325493,20.998821,21.468807,20.653563,21.257124,19.840712,19.830708,21.085348,21.055502,21.009464,21.251352,19.780378,19.772665,4.0,0.0,0.0,4.0,0.0,0.0,0.0,0.0
30218,2023.0,7.0,29.0,20.0,21.015799,21.296537,20.330254,20.692076,21.295635,21.848192,21.021717,21.508303,20.924517,21.539074,19.810852,19.799353,21.782135,22.420973,21.009819,21.255724,20.667934,21.474756,4.0,4.0,0.0,4.0,0.0,4.0,0.0,4.0
30219,2023.0,7.0,29.0,20.0,21.008936,21.307114,20.32972,20.673248,20.97129,21.2197,21.018785,21.493423,20.93507,21.468315,20.137373,20.437935,21.905788,22.43982,21.01003,21.258972,20.148815,20.178028,4.0,0.0,0.0,4.0,4.0,4.0,0.0,0.0
30220,2023.0,7.0,29.0,20.0,21.010609,21.323805,19.983616,20.077887,21.020605,21.329712,21.016012,21.485182,20.34197,20.319101,19.98587,20.092693,21.255405,21.189373,21.010418,21.262321,20.653885,21.333801,0.0,0.0,0.0,0.0,0.0,0.0,0.0,4.0
30221,2023.0,7.0,29.0,20.0,21.431108,22.118418,20.198803,20.503191,21.014154,21.32088,21.016182,21.481524,20.079855,20.005974,19.845898,19.833624,20.997402,20.891441,21.01066,21.26514,20.142233,20.13152,4.0,0.0,0.0,0.0,0.0,0.0,0.0,0.0
30222,2023.0,7.0,29.0,21.0,21.484394,22.070568,20.266224,20.56359,21.011564,21.324572,21.146297,21.698395,19.983448,19.89458,20.086164,20.341188,21.635855,22.155943,21.010956,21.267765,19.856184,19.787745,4.0,0.0,4.0,0.0,4.0,4.0,0.0,0.0
30223,2023.0,7.0,29.0,21.0,20.966452,21.181942,20.259722,20.540556,21.277527,21.81302,21.001682,21.425058,19.910769,19.810863,19.986698,20.09806,21.137575,21.035498,21.011349,21.27032,19.76549,19.681261,4.0,4.0,0.0,0.0,0.0,0.0,0.0,0.0
30224,2023.0,7.0,29.0,21.0,21.019567,21.318022,19.980494,20.064943,20.974325,21.222715,21.023268,21.46435,19.915945,19.876322,19.824804,19.794163,21.63626,22.165855,21.01124,21.27135,19.70199,19.60982,0.0,0.0,0.0,0.0,0.0,4.0,0.0,0.0
30225,2023.0,7.0,29.0,21.0,21.011614,21.316761,20.152275,20.40176,21.022274,21.325264,21.020792,21.453077,19.892204,19.848507,20.059181,20.303791,21.103077,20.97701,21.011656,21.273146,19.713543,19.679996,4.0,0.0,0.0,0.0,4.0,0.0,0.0,0.0
30226,2023.0,7.0,29.0,21.0,21.273304,21.798195,19.986921,20.092667,21.01657,21.315248,21.015974,21.44757,19.853539,19.806175,20.095768,20.263319,21.560326,22.036308,21.011827,21.274817,20.54092,21.255056,0.0,0.0,0.0,0.0,4.0,4.0,0.0,4.0
30227,2023.0,7.0,29.0,21.0,21.365294,21.889359,20.10903,20.322483,21.011993,21.316227,21.016521,21.449179,20.456717,20.968077,20.004002,20.12065,21.704716,22.133886,21.012285,21.276978,20.752253,21.344551,4.0,0.0,0.0,4.0,0.0,4.0,0.0,4.0
30228,2023.0,7.0,29.0,22.0,21.386873,21.90255,19.995777,20.11436,21.012836,21.323744,21.143251,21.66274,19.96962,19.947996,19.703596,19.544693,20.99206,20.883179,21.012455,21.27863,20.798296,21.37392,0.0,0.0,4.0,0.0,0.0,0.0,0.0,4.0
30229,2023.0,7.0,29.0,22.0,20.970385,21.184484,19.723625,19.604752,21.01293,21.328127,21.189808,21.711086,20.34817,20.694675,19.960285,20.16827,21.01997,20.990469,21.012491,21.280165,20.088793,19.98456,0.0,0.0,4.0,4.0,4.0,0.0,0.0,0.0
30230,2023.0,7.0,29.0,22.0,21.269545,21.771217,20.099087,20.419804,21.013067,21.331549,21.001293,21.382664,19.961445,19.913939,20.000237,20.160105,21.009008,20.997625,21.012978,21.282557,19.771057,19.610819,4.0,0.0,0.0,0.0,0.0,0.0,0.0,0.0
30231,2023.0,7.0,29.0,22.0,20.97431,21.206476,19.981077,20.13045,21.013378,21.334524,21.025639,21.43054,19.772402,19.59785,19.766853,19.708239,21.441444,21.830366,21.608725,22.390463,19.66547,19.500154,0.0,0.0,0.0,0.0,0.0,4.0,4.0,0.0
30232,2023.0,7.0,29.0,22.0,21.020788,21.316929,19.788885,19.772335,21.01347,21.335976,21.022745,21.420406,20.29362,20.675299,19.63568,19.55755,20.970062,20.905064,20.932985,21.051395,19.590406,19.420643,0.0,0.0,0.0,4.0,0.0,0.0,0.0,0.0
30233,2023.0,7.0,29.0,22.0,21.218784,21.675058,19.660141,19.600176,21.01374,21.337627,21.023552,21.417215,19.975578,19.97878,19.579386,19.497309,21.020355,21.03383,21.02926,21.262384,20.466276,21.14686,0.0,0.0,0.0,0.0,0.0,0.0,0.0,4.0
30234,2023.0,7.0,29.0,23.0,20.983444,21.23711,19.595743,19.522358,21.013847,21.338917,21.016033,21.412292,19.725815,19.530926,19.529415,19.442818,21.011042,21.033306,21.016685,21.24585,19.94529,19.991243,0.0,0.0,0.0,0.0,0.0,0.0,0.0,0.0
30235,2023.0,7.0,29.0,23.0,20.616426,20.556133,19.55148,19.473976,20.642933,20.626402,20.571486,20.56358,19.715092,19.635328,19.485382,19.396439,20.852524,20.754162,20.670427,20.595413,19.670238,19.496367,0.0,0.0,0.0,0.0,0.0,0.0,0.0,0.0
30236,2023.0,7.0,29.0,23.0,20.44306,20.320154,19.516228,19.433088,20.46289,20.369148,20.363289,20.274178,19.692715,19.606928,19.448215,19.354568,20.780634,20.673578,20.543839,20.451654,19.552032,19.358824,0.0,0.0,0.0,0.0,0.0,0.0,0.0,0.0
30237,2023.0,7.0,29.0,23.0,20.529274,20.574778,19.488611,19.406506,20.392069,20.303165,20.278118,20.195759,20.23634,20.655651,19.708345,19.867989,20.734676,20.628794,20.472021,20.382511,20.320665,20.8751,0.0,0.0,0.0,4.0,4.0,0.0,0.0,4.0
30238,2023.0,7.0,29.0,23.0,20.523567,20.592245,19.459682,19.375221,20.327852,20.236263,20.201292,20.116463,19.85755,19.82001,19.511301,19.44247,21.366644,21.862206,20.406042,20.31473,19.724344,19.572834,0.0,0.0,0.0,0.0,0.0,4.0,0.0,0.0
30239,2023.0,7.0,29.0,23.0,20.48586,20.55351,19.432114,19.345211,20.27201,20.17819,20.13518,20.04823,19.583576,19.373215,19.408905,19.310965,20.725277,20.514116,20.346949,20.253876,19.516865,19.313885,0.0,0.0,0.0,0.0,0.0,0.0,0.0,0.0
30240,2023.0,7.0,30.0,0.0,20.445568,20.508339,19.402761,19.310648,20.217371,20.11715,20.071014,19.977158,19.475344,19.242891,19.367315,19.264383,20.504627,20.221579,20.290182,20.192616,19.438372,19.229599,0.0,0.0,0.0,0.0,0.0,0.0,0.0,0.0
30241,2023.0,7.0,30.0,0.0,20.410519,20.472744,19.378757,19.286171,20.173445,20.07385,20.019762,19.927078,19.559595,19.474535,19.652628,19.830818,20.432789,20.152285,20.241512,20.143604,19.497412,19.408407,0.0,0.0,0.0,0.0,4.0,0.0,0.0,0.0
30242,2023.0,7.0,30.0,0.0,20.376678,20.4383,19.35509,19.261501,20.131886,20.032255,19.971828,19.879454,19.54087,19.445719,19.410328,19.316225,20.537443,20.426102,20.196194,20.09784,19.481949,19.395342,0.0,0.0,0.0,0.0,0.0,0.0,0.0,0.0
30243,2023.0,7.0,30.0,0.0,20.342585,20.402035,19.330927,19.235003,20.090897,19.989359,19.925215,19.830921,19.510162,19.412766,19.64379,19.818176,20.521395,20.40315,20.152374,20.052286,19.451777,19.363852,0.0,0.0,0.0,0.0,4.0,0.0,0.0,0.0
30244,2023.0,7.0,30.0,0.0,20.311913,20.37132,19.309141,19.212631,20.054646,19.9538,19.884462,19.791157,19.482397,19.384693,19.410105,19.326504,20.49048,20.372267,20.112827,20.012934,20.15814,20.720125,0.0,0.0,0.0,0.0,0.0,0.0,0.0,4.0
30245,2023.0,7.0,30.0,0.0,20.280806,20.338604,19.286642,19.188284,20.01839,19.916388,19.844276,19.749794,20.03597,20.448486,19.30734,19.198439,20.459824,20.34023,20.073895,19.97283,19.658867,19.619673,0.0,0.0,0.0,4.0,0.0,0.0,0.0,0.0
30246,2023.0,7.0,30.0,1.0,20.250711,20.306744,19.264408,19.164211,20.644451,21.12324,19.806274,19.71052,19.648304,19.592064,19.266148,19.155697,20.429638,20.308699,20.036669,19.934435,19.372702,19.159075,0.0,4.0,0.0,0.0,0.0,0.0,0.0,0.0
30247,2023.0,7.0,30.0,1.0,20.222914,20.278376,19.243818,19.143276,20.244154,20.244192,19.771265,19.675648,19.507624,19.407518,19.229092,19.118328,20.40163,20.280487,20.002241,19.89991,19.275106,19.052307,0.0,0.0,0.0,0.0,0.0,0.0,0.0,0.0
30248,2023.0,7.0,30.0,1.0,20.19624,20.251013,19.224123,19.123703,19.868584,19.591063,19.73827,19.643288,19.464252,19.363699,19.196018,19.085245,20.375343,20.254284,19.970224,19.868086,20.058598,20.5961,0.0,0.0,0.0,0.0,0.0,0.0,0.0,4.0
30249,2023.0,7.0,30.0,1.0,20.17017,20.224394,19.20458,19.104174,19.73726,19.426027,19.706465,19.611864,19.426758,19.325974,19.164898,19.054012,20.349884,20.228777,19.93932,19.837223,19.461903,19.287775,0.0,0.0,0.0,0.0,0.0,0.0,0.0,0.0
30250,2023.0,7.0,30.0,1.0,20.143278,20.19568,19.184189,19.082739,19.86113,19.741318,19.674496,19.578644,19.392605,19.29024,19.134207,19.021893,20.324146,20.202007,19.90812,19.804968,19.25669,19.03023,0.0,0.0,0.0,0.0,0.0,0.0,0.0,0.0
30251,2023.0,7.0,30.0,1.0,20.117794,20.169363,19.164234,19.062004,19.859936,19.753859,19.644054,19.547575,19.361776,19.25884,19.105625,18.992617,20.299648,20.177073,19.878342,19.774847,19.188482,18.962029,0.0,0.0,0.0,0.0,0.0,0.0,0.0,0.0
30252,2023.0,7.0,30.0,2.0,20.093006,20.144035,19.145197,19.042967,19.83394,19.72854,19.615282,19.519197,19.333355,19.230448,19.078947,18.965994,20.276205,20.153618,19.849682,19.74625,19.26336,19.169506,0.0,0.0,0.0,0.0,0.0,0.0,0.0,0.0
30253,2023.0,7.0,30.0,2.0,20.069864,20.121674,19.12818,19.027832,19.809242,19.706501,19.589407,19.49597,19.89916,20.318602,19.055094,18.943993,20.254707,20.133423,19.82307,19.721033,19.251944,19.159224,0.0,0.0,0.0,4.0,0.0,0.0,0.0,0.0
30254,2023.0,7.0,30.0,2.0,20.04619,20.097761,19.109978,19.01005,19.78262,19.680737,19.562424,19.46972,19.496101,19.431406,19.33132,19.482374,20.232943,20.11199,19.796211,19.69454,19.227879,19.136017,0.0,0.0,0.0,0.0,4.0,0.0,0.0,0.0
30255,2023.0,7.0,30.0,2.0,20.02237,20.07296,19.091394,18.991108,19.755411,19.653364,19.535242,19.442282,19.223259,18.980297,19.459576,19.656988,20.211239,20.090075,19.769407,19.667496,19.20221,19.110096,0.0,0.0,0.0,0.0,4.0,0.0,0.0,0.0
30256,2023.0,7.0,30.0,2.0,19.999342,20.049528,19.073233,18.972412,19.728664,19.62646,19.508888,19.415642,19.135881,18.889893,19.506056,19.707403,20.190308,20.069157,19.74349,19.641634,19.176977,19.084862,0.0,0.0,0.0,0.0,4.0,0.0,0.0,0.0
30257,2023.0,7.0,30.0,2.0,19.977434,20.028343,19.057507,18.958124,19.704878,19.605001,19.485685,19.39457,19.22458,19.126045,19.044249,18.796158,20.171074,20.05115,19.719358,19.618822,19.153662,19.062859,0.0,0.0,0.0,0.0,0.0,0.0,0.0,0.0
30258,2023.0,7.0,30.0,3.0,19.953653,20.003536,19.03989,18.939962,19.678944,19.578798,19.460442,19.368908,19.22002,19.119644,19.216526,19.236067,20.15094,20.03087,19.694235,19.593525,19.129438,19.03842,0.0,0.0,0.0,0.0,4.0,0.0,0.0,0.0
30259,2023.0,7.0,30.0,3.0,19.940746,20.000187,19.022297,18.922035,19.653986,19.55404,19.436066,19.344627,19.196047,19.09552,18.931555,18.655613,20.131306,20.011198,19.669836,19.569216,19.106098,19.015131,0.0,0.0,0.0,0.0,0.0,0.0,0.0,0.0
30260,2023.0,7.0,30.0,3.0,19.926579,19.991148,19.002502,18.900152,19.626945,19.525156,19.409607,19.316284,19.171356,19.069641,18.993446,18.892866,20.11054,19.989386,19.644258,19.54269,19.081697,18.989714,0.0,0.0,0.0,0.0,0.0,0.0,0.0,0.0
30261,2023.0,7.0,30.0,3.0,19.90538,19.968822,18.983706,18.88058,19.601658,19.4994,19.38475,19.290943,19.147327,19.04528,18.975458,18.8624,20.090378,19.968824,19.619387,19.517532,19.058144,18.965828,0.0,0.0,0.0,0.0,0.0,0.0,0.0,0.0
30262,2023.0,7.0,30.0,3.0,19.884098,19.946907,18.965986,18.863401,19.57791,19.476572,19.361359,19.268452,19.124126,19.022568,19.254944,19.41227,20.0707,19.9494,19.595036,19.493567,19.03523,18.943262,0.0,0.0,0.0,0.0,4.0,0.0,0.0,0.0
30263,2023.0,7.0,30.0,3.0,19.861351,19.922537,18.946486,18.842648,19.552298,19.449926,19.33617,19.24222,19.099573,18.997263,19.01683,18.90363,20.049793,19.92775,19.569424,19.4673,19.01114,18.91847,0.0,0.0,0.0,0.0,0.0,0.0,0.0,0.0
30264,2023.0,7.0,30.0,4.0,19.83884,19.89869,18.926783,18.821255,19.526608,19.422861,19.310987,19.215631,19.074947,18.971802,18.94499,18.829908,20.028648,19.905798,19.543667,19.440872,18.986975,18.89357,0.0,0.0,0.0,0.0,0.0,0.0,0.0,0.0
30265,2023.0,7.0,30.0,4.0,19.818144,19.878458,18.910141,18.806068,19.504383,19.402561,19.2892,19.195692,19.634096,20.043322,18.912096,18.799498,20.009224,19.88746,19.519669,19.418093,18.964636,18.872385,0.0,0.0,0.0,4.0,0.0,0.0,0.0,0.0
30266,2023.0,7.0,30.0,4.0,19.795397,19.853924,18.890295,18.78443,19.478762,19.375153,19.264032,19.168749,19.885548,20.384829,18.876925,18.762264,19.987776,19.865013,19.493542,19.39096,18.940254,18.846958,0.0,0.0,0.0,4.0,0.0,0.0,0.0,0.0
30267,2023.0,7.0,30.0,4.0,19.775887,19.835089,18.873991,18.769688,19.457249,19.355635,19.24288,19.149551,19.205544,19.008516,19.139639,19.27961,19.968586,19.847021,19.469894,19.368658,18.91837,18.826336,0.0,0.0,0.0,0.0,4.0,0.0,0.0,0.0
30268,2023.0,7.0,30.0,4.0,19.754154,19.81179,18.854992,18.749502,19.432646,19.329905,19.218721,19.124262,18.983465,18.726141,18.9172,18.803524,19.947443,19.825123,19.444096,19.342068,18.894442,18.801594,0.0,0.0,0.0,0.0,0.0,0.0,0.0,0.0
30269,2023.0,7.0,30.0,4.0,19.733046,19.789965,18.836376,18.729893,19.408646,19.30515,19.195234,19.099981,18.90906,18.653925,18.845804,18.730797,19.926863,19.804243,19.419006,19.316753,18.871233,18.7781,0.0,0.0,0.0,0.0,0.0,0.0,0.0,0.0
30270,2023.0,7.0,30.0,5.0,19.711748,19.768099,18.818419,18.711748,19.38556,19.282078,19.172628,19.077356,19.012306,18.923454,18.81092,18.696152,19.906738,19.784176,19.394384,19.29225,18.848537,18.755465,0.0,0.0,0.0,0.0,0.0,0.0,0.0,0.0
30271,2023.0,7.0,30.0,5.0,19.691402,19.748365,18.802315,18.697493,19.364656,19.263231,19.152128,19.058867,19.58441,20.003443,18.780733,18.668455,19.888006,19.766756,19.371183,19.270432,18.827286,18.735529,0.0,0.0,0.0,4.0,0.0,0.0,0.0,0.0
30272,2023.0,7.0,30.0,5.0,19.670452,19.72724,18.784988,18.680677,19.342503,19.241638,19.130379,19.03767,19.179882,19.115599,19.05188,19.201828,19.868723,19.747961,19.347397,19.24715,18.8055,18.714201,0.0,0.0,0.0,0.0,4.0,0.0,0.0,0.0
30273,2023.0,7.0,30.0,5.0,19.650229,19.707159,18.768131,18.66453,19.320843,19.220856,19.109175,19.017298,18.917854,18.687155,19.170197,19.361914,19.84991,19.729889,19.324135,19.224693,19.51125,20.062084,0.0,0.0,0.0,0.0,4.0,0.0,0.0,4.0
30274,2023.0,7.0,30.0,5.0,19.629608,19.686285,18.75124,18.647839,19.298878,19.199274,19.087957,18.996307,18.818615,18.575294,18.892939,18.812992,19.831057,19.711424,19.300764,19.20171,19.030865,18.99483,0.0,0.0,0.0,0.0,0.0,0.0,0.0,0.0
30275,2023.0,7.0,30.0,5.0,19.608055,19.663757,18.733831,18.629946,19.276264,19.176226,19.066387,18.974096,18.909807,18.818237,18.78373,18.672058,19.812363,19.692642,19.277458,19.17825,18.747736,18.530085,0.0,0.0,0.0,0.0,0.0,0.0,0.0,0.0
30276,2023.0,7.0,30.0,6.0,19.588089,19.644474,18.717957,18.61523,19.255718,19.157099,19.046766,18.955685,18.898727,18.799664,19.042126,19.18885,19.795853,19.677267,19.256498,19.158531,19.372763,19.774605,0.0,0.0,0.0,0.0,4.0,0.0,0.0,4.0
30277,2023.0,7.0,30.0,6.0,21.198952,22.499126,19.134708,19.409513,21.223955,22.677532,21.239775,22.872932,18.878595,18.782806,20.141779,21.083288,21.215248,22.157768,21.299356,22.687292,20.251905,21.261839,4.0,0.0,0.0,0.0,0.0,0.0,0.0,0.0
30278,2023.0,7.0,30.0,6.0,21.001787,21.954916,20.117783,21.038115,20.978859,21.962095,21.003698,22.166481,19.465008,19.905972,19.367975,19.419376,21.006437,21.671,21.000631,21.98348,19.20814,19.082615,0.0,4.0,0.0,4.0,0.0,0.0,0.0,0.0
30279,2023.0,7.0,30.0,6.0,20.999655,21.83704,19.38207,19.466951,21.037556,21.97841,21.035984,22.087511,20.069298,20.795242,19.26258,19.43086,21.050472,21.641447,21.03206,21.92581,19.566061,20.016691,0.0,0.0,0.0,0.0,4.0,4.0,0.0,4.0
30280,2023.0,7.0,30.0,6.0,21.001202,21.785585,19.417976,19.737347,21.036364,21.87464,21.030779,21.982569,19.407484,19.400412,20.113546,20.88836,21.114195,21.704514,21.026583,21.830498,20.066832,20.74184,4.0,0.0,0.0,0.0,0.0,4.0,0.0,0.0
30281,2023.0,7.0,30.0,6.0,21.036737,21.825039,20.08851,20.85782,21.009266,21.731075,21.03054,21.916838,19.115839,19.036655,19.434477,19.455265,21.016607,21.486652,21.026344,21.768978,20.016369,20.512985,0.0,4.0,0.0,0.0,0.0,0.0,0.0,4.0
30282,2023.0,7.0,30.0,7.0,21.029297,21.768225,19.438324,19.504848,21.039698,21.768915,21.029728,21.868677,19.058168,18.981964,19.39977,19.581642,21.013422,21.409815,21.025385,21.721764,20.031134,20.546007,0.0,0.0,0.0,0.0,4.0,4.0,0.0,0.0
30283,2023.0,7.0,30.0,7.0,21.000776,21.66077,19.082882,19.030018,21.006681,21.648033,21.029142,21.83351,19.02771,18.955187,20.094608,20.76631,21.027687,21.441727,21.21807,22.014103,19.363136,19.21489,0.0,4.0,0.0,0.0,0.0,0.0,4.0,0.0
30284,2023.0,7.0,30.0,7.0,21.006535,21.656916,18.987429,18.920849,21.012203,21.638632,21.002853,21.73584,19.00561,18.937052,19.83311,20.14243,21.022058,21.403263,21.129713,21.747469,19.975971,20.59629,0.0,4.0,4.0,0.0,4.0,0.0,4.0,4.0
30285,2023.0,7.0,30.0,7.0,21.033543,21.722063,18.933954,18.868141,21.037079,21.694698,21.03388,21.804869,19.682043,20.23027,20.046713,20.545055,21.021656,21.37983,21.12802,21.754486,20.003529,20.460878,0.0,0.0,0.0,4.0,4.0,0.0,4.0,0.0
30286,2023.0,7.0,30.0,7.0,21.027067,21.69511,19.34234,19.67236,21.004604,21.59342,21.034761,21.776197,20.045883,20.66128,20.004606,20.410826,21.014286,21.359829,21.017944,21.57411,19.399498,19.26432,4.0,4.0,0.0,0.0,4.0,0.0,0.0,0.0
30287,2023.0,7.0,30.0,7.0,20.999056,21.607391,20.094147,20.908592,21.036385,21.669378,21.007887,21.680027,19.372946,19.268227,20.025703,20.430376,21.015041,21.354973,21.029327,21.585339,20.044579,20.689837,0.0,0.0,4.0,0.0,0.0,0.0,0.0,4.0
30288,2023.0,7.0,30.0,8.0,21.004225,21.616785,19.79869,20.201359,21.02953,21.644922,21.012587,21.6789,19.084667,18.92909,19.488504,19.365332,21.014437,21.34753,21.026762,21.566587,20.281626,20.876698,4.0,0.0,4.0,0.0,0.0,0.0,0.0,4.0
30289,2023.0,7.0,30.0,8.0,20.913162,21.443493,20.077494,20.746187,20.799885,21.164213,20.699392,21.069773,19.103952,19.033247,19.30968,19.224295,21.34897,21.958944,21.213753,21.871996,19.982986,20.340918,0.0,4.0,4.0,0.0,0.0,4.0,4.0,0.0
30290,2023.0,7.0,30.0,8.0,20.885849,21.426294,19.407438,19.391726,20.71947,21.09621,20.056887,19.980013,19.105732,19.044283,19.268257,19.189745,21.306725,21.761736,20.42024,20.323729,20.298689,20.900368,0.0,4.0,0.0,0.0,0.0,4.0,0.0,4.0
30291,2023.0,7.0,30.0,8.0,20.8862,21.435928,19.554783,19.790293,20.70656,21.093845,19.783201,19.615341,19.093775,19.035725,19.235516,19.159609,21.326036,21.783392,20.130436,19.950167,19.9714,20.291965,4.0,4.0,0.0,0.0,0.0,4.0,0.0,0.0
30292,2023.0,7.0,30.0,8.0,20.305017,20.35813,20.078691,20.698236,20.692917,21.092318,19.648022,19.495705,19.079908,19.024946,19.202423,19.131002,20.694489,20.571733,19.998968,19.833094,19.532059,19.446314,0.0,4.0,0.0,0.0,0.0,0.0,0.0,0.0
30293,2023.0,7.0,30.0,8.0,20.024189,20.032867,19.47032,19.475672,20.683144,21.093939,20.29317,20.817717,19.772366,20.343695,19.533567,19.780298,20.424446,20.244333,19.976402,19.892464,19.31785,19.202887,0.0,4.0,4.0,4.0,4.0,0.0,0.0,0.0
30294,2023.0,7.0,30.0,9.0,20.608892,21.212568,19.7138,20.059132,20.139462,20.09214,19.806728,19.789392,20.024712,20.640137,20.069117,20.669695,20.351768,20.17353,19.939959,19.868132,19.253607,19.14162,4.0,0.0,0.0,4.0,0.0,0.0,0.0,0.0
30295,2023.0,7.0,30.0,9.0,20.196743,20.29445,20.042587,20.600998,19.845491,19.731289,19.506733,19.414503,20.05674,20.579762,19.59189,19.650606,20.30272,20.135878,20.875608,21.68782,20.123163,20.840586,0.0,0.0,0.0,4.0,0.0,0.0,4.0,4.0
30296,2023.0,7.0,30.0,9.0,20.580547,21.192839,19.573366,19.669369,19.73108,19.618277,20.04316,20.496191,20.126535,20.649052,19.3318,19.286234,20.3349,20.247025,20.27735,20.261032,20.396315,21.064188,0.0,0.0,4.0,4.0,0.0,0.0,0.0,4.0
30297,2023.0,7.0,30.0,9.0,20.702242,21.32521,19.769564,20.13388,19.673388,19.572182,19.654846,19.672033,20.201773,20.7312,19.282608,19.223196,20.336914,20.262573,20.950155,21.666088,20.474566,21.145378,4.0,0.0,0.0,4.0,0.0,0.0,4.0,4.0
30298,2023.0,7.0,30.0,9.0,20.174181,20.305407,20.042843,20.60382,20.340576,20.88726,19.461313,19.396992,20.273884,20.809422,19.26484,19.20441,20.32344,20.252396,20.288418,20.274654,19.960043,20.220055,0.0,4.0,0.0,4.0,0.0,0.0,0.0,0.0
30299,2023.0,7.0,30.0,9.0,20.582922,21.23768,19.881975,20.232311,20.02326,20.112282,19.39015,19.334244,19.982155,20.270897,19.252504,19.193644,21.06199,21.669748,19.960135,19.86193,19.593353,19.53153,4.0,0.0,0.0,0.0,0.0,4.0,0.0,0.0
30300,2023.0,7.0,30.0,10.0,20.173237,20.32114,20.0459,20.578144,19.708378,19.66909,19.373468,19.35769,20.305384,20.852509,19.245342,19.187515,20.617113,20.606255,20.820433,21.558064,19.431465,19.352364,0.0,0.0,0.0,4.0,0.0,0.0,4.0,0.0
30301,2023.0,7.0,30.0,10.0,20.577442,21.247768,19.566038,19.629787,19.608742,19.559137,20.016436,20.599915,19.970755,20.196875,19.241423,19.18359,21.070269,21.598045,20.299746,20.3092,19.376627,19.301117,0.0,0.0,4.0,0.0,0.0,4.0,0.0,0.0
30302,2023.0,7.0,30.0,10.0,20.74017,21.39467,19.319595,19.332773,19.587261,19.57155,19.68357,19.785727,19.65744,19.60059,19.239714,19.181898,21.310818,21.878044,20.922647,21.67487,19.354725,19.299046,0.0,0.0,0.0,0.0,0.0,4.0,4.0,0.0
30303,2023.0,7.0,30.0,10.0,20.777647,21.43387,19.247416,19.253036,19.562592,19.555056,19.456568,19.445274,19.545652,19.465261,19.241148,19.18342,20.724068,20.710325,21.147528,21.933159,19.33509,19.282393,0.0,0.0,0.0,0.0,0.0,0.0,4.0,0.0
30304,2023.0,7.0,30.0,10.0,20.822084,21.493061,19.197817,19.206549,19.533672,19.530035,20.013802,20.548477,19.522339,19.46138,19.243126,19.185923,21.227144,21.7352,21.247648,22.031073,20.185823,20.909351,0.0,0.0,4.0,0.0,0.0,4.0,4.0,4.0
30305,2023.0,7.0,30.0,10.0,20.28682,20.469357,19.155376,19.16711,19.506971,19.506355,19.613789,19.69411,19.497696,19.440649,19.245604,19.189266,20.76409,20.769602,20.472513,20.504583,19.973969,20.4038,0.0,0.0,0.0,0.0,0.0,0.0,0.0,0.0
30306,2023.0,7.0,30.0,11.0,20.033224,20.165867,19.55218,19.952274,19.479004,19.481802,19.376163,19.39259,19.469746,19.414787,19.61132,19.875809,21.256802,21.8243,20.109842,20.03117,19.554218,19.544739,4.0,0.0,0.0,0.0,4.0,4.0,0.0,0.0
30307,2023.0,7.0,30.0,11.0,20.63367,21.354795,20.04892,20.759768,19.455608,19.4606,19.327044,19.341173,19.448845,19.39451,20.049948,20.595823,21.41398,22.010769,20.02793,19.947365,19.429453,19.380447,4.0,0.0,0.0,0.0,0.0,4.0,0.0,0.0
30308,2023.0,7.0,30.0,11.0,20.210602,20.390451,20.015924,20.635115,19.43088,19.438425,19.289751,19.30591,19.427763,19.374994,19.999063,20.382215,20.828604,20.841463,19.97478,19.899693,19.382732,19.335339,0.0,0.0,0.0,0.0,4.0,0.0,0.0,0.0
30309,2023.0,7.0,30.0,11.0,19.971111,20.109552,19.880615,20.300587,19.407642,19.417784,19.923134,20.526173,20.102434,20.66492,20.016819,20.403097,20.56612,20.476559,19.93287,19.863195,20.223026,20.955553,4.0,0.0,4.0,4.0,0.0,0.0,0.0,4.0
30310,2023.0,7.0,30.0,11.0,20.57613,21.308344,20.045073,20.629744,19.385592,19.39784,20.173279,20.791363,19.974754,20.275272,19.661055,19.670069,21.220259,21.773169,19.905811,19.848183,19.958586,20.285858,0.0,0.0,4.0,0.0,0.0,4.0,0.0,0.0
30311,2023.0,7.0,30.0,11.0,20.751574,21.450825,19.930063,20.346626,19.365547,19.379837,19.639336,19.731821,19.655472,19.63761,19.503288,19.461615,21.483498,22.09145,19.878294,19.823278,19.60493,19.593288,4.0,0.0,0.0,0.0,0.0,4.0,0.0,0.0
30312,2023.0,7.0,30.0,12.0,20.211378,20.401537,20.014547,20.500093,20.03044,20.647268,19.463873,19.499773,20.236006,20.791988,19.470621,19.418783,21.551283,22.15932,19.855505,19.802265,19.500154,19.46424,4.0,4.0,0.0,4.0,0.0,4.0,0.0,0.0
30313,2023.0,7.0,30.0,12.0,21.106861,22.093922,20.000145,20.463179,21.132858,22.42299,21.205679,22.654207,20.514334,21.123482,19.449667,19.398415,21.612938,22.221077,21.275442,22.315287,19.443901,19.400833,4.0,0.0,0.0,4.0,0.0,4.0,0.0,0.0
30314,2023.0,7.0,30.0,12.0,20.984665,21.780005,20.001457,20.459177,20.988743,21.96251,20.980223,22.012753,19.96265,20.118126,19.437208,19.38731,21.672087,22.282902,21.290709,22.184137,19.40412,19.360878,4.0,4.0,4.0,0.0,0.0,4.0,4.0,0.0
30315,2023.0,7.0,30.0,12.0,21.001368,21.76883,20.019289,20.504425,21.035503,21.980177,21.038958,22.048733,20.464178,21.06852,19.430191,19.382263,21.001242,21.089611,20.986343,21.578253,19.379139,19.337929,0.0,0.0,0.0,4.0,0.0,0.0,0.0,0.0
30316,2023.0,7.0,30.0,12.0,20.998861,21.734535,19.630814,19.748285,21.026499,21.892817,21.028664,21.957367,19.970741,20.109575,19.426636,19.380703,21.018595,21.152334,21.023447,21.611628,19.36109,19.321909,0.0,0.0,0.0,0.0,0.0,0.0,0.0,0.0
30317,2023.0,7.0,30.0,12.0,21.000113,21.714483,19.428778,19.502993,20.998522,21.767305,20.99896,21.832243,19.767488,19.736847,19.424835,19.380985,21.006739,21.142286,21.017221,21.566551,19.347572,19.310472,0.0,4.0,4.0,0.0,0.0,0.0,0.0,0.0
30318,2023.0,7.0,30.0,13.0,21.026264,21.77428,19.33349,19.381937,21.006426,21.752554,21.009178,21.820618,19.706617,19.688272,19.424051,19.382326,21.007816,21.152369,21.01705,21.543295,20.267408,21.066149,0.0,4.0,4.0,0.0,0.0,0.0,0.0,4.0
30319,2023.0,7.0,30.0,13.0,21.019987,21.742544,19.261396,19.300226,21.004646,21.72725,21.007078,21.793306,19.650064,19.608114,19.420597,19.377821,21.006678,21.15685,21.016802,21.523489,19.94173,20.250614,0.0,4.0,4.0,0.0,0.0,0.0,0.0,0.0
30320,2023.0,7.0,30.0,13.0,21.020317,21.726082,19.21122,19.248259,21.004595,21.710016,21.007006,21.774792,19.610157,19.56526,19.415287,19.371262,21.007034,21.16236,21.016405,21.5074,20.536982,21.345009,0.0,4.0,4.0,0.0,0.0,0.0,0.0,4.0
30321,2023.0,7.0,30.0,13.0,21.04165,21.751745,19.165943,19.19894,21.052885,21.816128,21.057405,21.883593,19.581537,19.535666,19.4087,19.363367,21.014458,21.181147,21.03553,21.531334,20.718462,21.487385,0.0,0.0,0.0,0.0,0.0,0.0,0.0,4.0
30322,2023.0,7.0,30.0,13.0,21.014847,21.691467,19.583767,20.015366,21.02033,21.724926,20.996275,21.714561,19.55812,19.513037,19.401953,19.356472,21.00664,21.168863,21.013588,21.47885,20.793585,21.552475,4.0,0.0,4.0,0.0,0.0,0.0,0.0,4.0
30323,2023.0,7.0,30.0,13.0,21.018616,21.693375,20.05858,20.759762,21.025171,21.717436,21.006876,21.724144,19.53537,19.49073,19.776476,20.06982,21.007523,21.175255,21.01636,21.478521,20.09817,20.18205,0.0,0.0,4.0,0.0,4.0,0.0,0.0,0.0
30324,2023.0,7.0,30.0,14.0,21.140268,21.89327,19.536627,19.67142,21.024218,21.70059,21.005644,21.712706,19.51442,19.470879,20.022621,20.410843,21.007555,21.18027,21.016476,21.474651,19.749866,19.716482,0.0,0.0,4.0,0.0,0.0,0.0,0.0,0.0
30325,2023.0,7.0,30.0,14.0,21.128784,21.824856,19.260384,19.305607,20.984056,21.584791,20.324404,20.42476,19.492771,19.448534,19.682833,19.70691,20.778923,20.743793,20.525513,20.522741,19.646698,19.610077,0.0,4.0,0.0,0.0,0.0,0.0,0.0,0.0
30326,2023.0,7.0,30.0,14.0,21.12268,21.808233,19.192362,19.219818,20.385426,20.46202,20.040369,20.041407,19.472845,19.427637,19.53975,19.493366,20.692154,20.631126,20.34972,20.296556,19.592293,19.551283,0.0,0.0,0.0,0.0,0.0,0.0,0.0,0.0
30327,2023.0,7.0,30.0,14.0,21.119413,21.796986,19.59854,20.01426,20.122995,20.104797,19.909424,19.898365,19.452589,19.406597,19.496399,19.444805,20.648943,20.586586,20.266497,20.210709,19.542557,19.497267,4.0,0.0,0.0,0.0,0.0,0.0,0.0,0.0
30328,2023.0,7.0,30.0,14.0,21.11586,21.785542,20.061132,20.777765,20.003584,19.976236,20.435545,20.964184,19.432728,19.386467,19.461458,19.407953,21.356676,21.964525,20.199638,20.144234,19.500553,19.455315,0.0,0.0,4.0,0.0,0.0,4.0,0.0,0.0
30329,2023.0,7.0,30.0,14.0,20.53982,20.705763,19.52952,19.66137,19.92137,19.913197,20.044136,20.105076,19.410667,19.364452,19.788025,20.051807,21.543142,22.119518,20.130941,20.075737,19.457117,19.412048,0.0,0.0,0.0,0.0,4.0,4.0,0.0,0.0
30330,2023.0,7.0,30.0,15.0,20.973091,21.648048,19.304317,19.324768,19.858337,19.849754,19.81856,19.792204,19.389927,19.343801,20.029434,20.445255,20.915865,20.897594,20.07812,20.022848,19.421234,19.376207,0.0,0.0,0.0,0.0,0.0,0.0,0.0,0.0
30331,2023.0,7.0,30.0,15.0,21.070242,21.710182,19.650255,20.038834,20.45316,21.027971,19.691008,19.645447,19.363094,19.314617,20.029947,20.379852,20.625267,20.50588,20.018831,19.961994,19.37976,19.333029,4.0,4.0,0.0,0.0,4.0,0.0,0.0,0.0
30332,2023.0,7.0,30.0,15.0,21.056686,21.677708,20.03927,20.660011,20.029457,20.118172,20.323257,20.900614,19.335142,19.28352,20.0149,20.349775,20.525139,20.382957,19.968544,19.909306,19.341234,19.29197,4.0,0.0,4.0,0.0,0.0,0.0,0.0,0.0
30333,2023.0,7.0,30.0,15.0,21.041164,21.645254,20.01881,20.57141,20.31345,20.79086,19.884188,19.894855,19.303576,19.249918,19.627888,19.59035,21.166067,21.661098,19.91343,19.852972,19.299236,19.24859,0.0,4.0,0.0,0.0,0.0,4.0,0.0,0.0
30334,2023.0,7.0,30.0,15.0,21.024008,21.611195,19.482285,19.49351,20.43637,20.89325,20.196053,20.660316,19.270958,19.215752,19.4442,19.381578,21.36511,21.869202,19.860136,19.798328,19.256752,19.204584,0.0,4.0,4.0,0.0,0.0,4.0,0.0,0.0
30335,2023.0,7.0,30.0,15.0,20.434258,20.505861,19.64319,19.88932,19.897142,19.859434,19.728415,19.702082,19.238224,19.181797,19.73828,19.987726,20.720228,20.6196,19.81365,19.750889,19.217178,19.163933,4.0,0.0,0.0,0.0,4.0,0.0,0.0,0.0
30336,2023.0,7.0,30.0,16.0,20.181612,20.160492,20.044937,20.57472,20.275904,20.66942,19.498108,19.365774,19.199818,19.1441,20.04301,20.51001,21.184479,21.62247,20.758776,21.583078,19.17421,19.122063,4.0,4.0,0.0,0.0,0.0,4.0,4.0,0.0
30337,2023.0,7.0,30.0,16.0,20.052794,20.028864,20.00102,20.44778,19.894873,19.84993,19.396017,19.25872,19.16428,19.114073,19.611784,19.640394,21.35715,21.822641,20.124348,20.079952,20.012207,20.746157,4.0,0.0,0.0,0.0,0.0,4.0,0.0,4.0
30338,2023.0,7.0,30.0,16.0,20.638647,21.206154,20.024942,20.484846,20.230452,20.638597,19.412888,19.358553,19.133606,19.088268,19.357107,19.308052,20.720295,20.60564,20.707106,21.42583,20.238337,20.881575,0.0,4.0,0.0,0.0,0.0,0.0,4.0,4.0
30339,2023.0,7.0,30.0,16.0,20.24139,20.305822,19.518354,19.489252,20.393805,20.816624,19.403078,19.364128,19.812048,20.395779,19.271366,19.219086,20.435022,20.258638,20.092293,20.024618,19.99604,20.435034,0.0,4.0,0.0,4.0,0.0,0.0,0.0,0.0
30340,2023.0,7.0,30.0,16.0,19.98269,19.98858,19.305468,19.26709,20.423544,20.845018,19.37105,19.334587,20.104002,20.708162,19.216702,19.167526,21.05579,21.52424,19.765413,19.641071,20.273098,20.90668,0.0,4.0,0.0,4.0,0.0,4.0,0.0,4.0
30341,2023.0,7.0,30.0,16.0,19.917551,19.92289,19.689825,20.035173,19.896008,19.841913,19.344532,19.309189,20.010824,20.49769,19.177114,19.13046,20.521706,20.406498,19.683844,19.557129,19.983948,20.362589,4.0,0.0,0.0,0.0,0.0,0.0,0.0,0.0
30342,2023.0,7.0,30.0,17.0,20.66081,21.383036,20.025238,20.540962,20.245646,20.658453,19.317116,19.283571,20.097296,20.579504,19.137156,19.093473,20.996424,21.47572,19.624529,19.50273,19.506006,19.436575,4.0,4.0,0.0,4.0,0.0,4.0,0.0,0.0
30343,2023.0,7.0,30.0,17.0,20.756617,21.31908,20.001207,20.448675,20.40658,20.832272,19.28986,19.256298,20.006092,20.399097,19.10023,19.05766,21.19301,21.67472,19.647943,19.601553,19.26963,19.15812,4.0,4.0,0.0,0.0,0.0,4.0,0.0,0.0
30344,2023.0,7.0,30.0,17.0,20.77063,21.33828,20.024662,20.481766,20.434483,20.857891,19.952276,20.525349,19.515368,19.433207,19.069588,19.026861,20.56989,20.454954,19.633762,19.588358,19.190117,19.084469,0.0,4.0,4.0,0.0,0.0,0.0,0.0,0.0
30345,2023.0,7.0,30.0,17.0,20.814632,21.389626,19.51986,19.486567,20.459196,20.881512,20.19232,20.764347,19.962427,20.440208,19.380013,19.628761,21.042023,21.522987,19.610184,19.565622,19.19112,19.145819,0.0,4.0,4.0,4.0,4.0,4.0,0.0,0.0
30346,2023.0,7.0,30.0,17.0,20.265915,20.338947,19.296677,19.169939,19.940004,19.89915,19.596397,19.582561,20.014568,20.449396,20.092392,20.824085,21.17503,21.659609,20.523027,21.301008,20.05851,20.805264,0.0,0.0,0.0,0.0,0.0,4.0,4.0,4.0
30347,2023.0,7.0,30.0,17.0,19.988058,19.99112,19.70284,20.027596,20.27515,20.688631,19.300598,19.195944,19.522995,19.453012,19.513197,19.577032,21.231804,21.711971,19.947498,19.892708,19.98772,20.452543,4.0,4.0,0.0,0.0,0.0,4.0,0.0,0.0
30348,2023.0,7.0,30.0,18.0,19.898409,19.89536,20.019367,20.496586,19.883978,19.83386,19.220903,19.106638,19.289057,19.174353,19.223726,19.188852,20.61306,20.499893,19.640999,19.527111,19.460989,19.396343,4.0,0.0,0.0,0.0,0.0,0.0,0.0,0.0
30349,2023.0,7.0,30.0,18.0,21.148243,22.163939,20.003298,20.425852,21.142038,22.183653,21.20627,22.6384,19.279833,19.227444,19.53027,19.816517,21.209995,21.758457,21.282084,22.444841,19.229713,19.124615,4.0,4.0,4.0,0.0,4.0,4.0,0.0,0.0
30350,2023.0,7.0,30.0,18.0,21.000572,21.76944,20.004988,20.403822,21.016027,21.832,20.987867,22.007368,20.022532,20.656887,20.06405,20.668211,20.984583,21.250132,21.005436,21.800901,19.213509,19.167572,4.0,0.0,4.0,4.0,0.0,0.0,0.0,0.0
30351,2023.0,7.0,30.0,18.0,21.029964,21.735386,20.004545,20.384512,21.031136,21.781612,21.016912,21.944094,20.15775,20.639532,19.538694,19.566555,21.020878,21.312225,21.181957,22.012617,19.192947,19.150108,4.0,0.0,4.0,4.0,0.0,0.0,4.0,0.0
30352,2023.0,7.0,30.0,18.0,21.026058,21.712267,20.023424,20.423141,21.00004,21.64447,21.010881,21.85265,20.175476,20.646326,19.654438,19.939503,21.016161,21.292873,21.137539,21.81233,19.160883,19.118326,0.0,4.0,4.0,4.0,4.0,0.0,4.0,0.0
30353,2023.0,7.0,30.0,18.0,21.023548,21.672583,19.52789,19.45342,21.00883,21.628437,21.039055,21.872303,20.221104,20.683975,20.063961,20.585869,21.407328,22.021713,21.017044,21.613062,19.132889,19.09154,0.0,4.0,0.0,4.0,0.0,4.0,0.0,0.0
30354,2023.0,7.0,30.0,19.0,21.02309,21.645481,19.665215,19.8691,21.033327,21.674236,21.032331,21.810545,19.993902,20.278732,19.495708,19.426481,21.377745,21.834772,21.027765,21.607431,20.042437,20.841324,4.0,0.0,0.0,0.0,0.0,4.0,0.0,4.0
30355,2023.0,7.0,30.0,19.0,21.14057,21.831396,20.057413,20.531887,21.001062,21.565851,21.005846,21.699059,19.552994,19.432354,19.282215,19.224947,20.97996,21.153023,21.025455,21.57826,19.98341,20.478537,0.0,4.0,4.0,0.0,0.0,0.0,0.0,0.0
30356,2023.0,7.0,30.0,19.0,21.00692,21.575966,19.528746,19.471588,21.007208,21.56438,21.037125,21.757668,20.043251,20.520756,19.236412,19.181614,21.276794,21.721666,21.025326,21.557167,19.41188,19.323027,0.0,4.0,0.0,4.0,0.0,4.0,0.0,0.0
30357,2023.0,7.0,30.0,19.0,21.000118,21.528246,19.333832,19.283306,21.006233,21.552753,21.002377,21.64548,19.987032,20.285734,19.188932,19.13392,21.36486,21.811117,21.019083,21.538187,19.172009,19.052355,0.0,4.0,4.0,0.0,0.0,4.0,0.0,0.0
30358,2023.0,7.0,30.0,19.0,21.028477,21.60826,19.282782,19.236797,21.006426,21.544983,21.011229,21.649662,20.188469,20.627151,19.512129,19.777565,21.386955,21.829403,21.020515,21.533691,20.113344,20.90697,0.0,4.0,4.0,4.0,4.0,4.0,0.0,4.0
30359,2023.0,7.0,30.0,19.0,21.022022,21.586277,19.682499,20.030432,21.03256,21.609694,21.035704,21.707838,19.989498,20.240473,20.071524,20.67939,21.406322,21.846277,21.020115,21.526361,19.970316,20.390894,4.0,0.0,0.0,0.0,0.0,4.0,0.0,0.0
30360,2023.0,7.0,30.0,20.0,21.033901,21.570532,20.02652,20.53697,21.026413,21.583567,21.029654,21.679499,20.223146,20.659088,19.533562,19.554218,20.973171,21.08534,21.01963,21.519918,19.441525,19.338755,4.0,0.0,0.0,4.0,0.0,0.0,0.0,0.0
30361,2023.0,7.0,30.0,20.0,21.022938,21.575773,20.02059,20.485407,20.999374,21.4971,21.002998,21.59186,19.97996,20.194872,19.634575,19.90453,21.323986,21.773445,21.019995,21.515804,19.212631,19.087017,0.0,4.0,4.0,0.0,4.0,4.0,0.0,0.0
30362,2023.0,7.0,30.0,20.0,21.034882,21.563046,19.501385,19.447094,21.00585,21.505209,21.009136,21.597479,20.237265,20.665447,20.040041,20.536215,20.977026,21.105858,21.019726,21.510925,20.159412,20.957579,0.0,4.0,4.0,4.0,4.0,0.0,0.0,4.0
30363,2023.0,7.0,30.0,20.0,21.033974,21.559921,19.195507,19.037355,21.032108,21.575104,21.035212,21.664577,20.34163,20.781027,20.018753,20.450754,21.316774,21.765356,21.019367,21.506104,19.956081,20.337877,0.0,0.0,0.0,4.0,0.0,4.0,0.0,0.0
30364,2023.0,7.0,30.0,20.0,21.035696,21.562727,19.204979,19.138868,21.02549,21.553228,21.002201,21.56802,19.97348,20.135174,19.804544,19.974094,21.399605,21.837664,21.418955,22.230875,19.451187,19.337763,0.0,0.0,4.0,0.0,4.0,4.0,4.0,0.0
30365,2023.0,7.0,30.0,20.0,21.022697,21.564936,19.196405,19.146364,20.999405,21.471369,21.008415,21.576015,19.610914,19.466824,20.062752,20.490137,21.422802,21.85955,20.962645,21.335651,19.234917,19.106497,0.0,4.0,4.0,0.0,0.0,4.0,0.0,0.0
30366,2023.0,7.0,30.0,21.0,21.021376,21.55775,19.16444,19.116564,21.031506,21.553808,21.007608,21.571838,19.427496,19.27539,19.52409,19.418667,21.44193,21.877192,21.031403,21.47911,19.164215,19.041243,0.0,0.0,4.0,0.0,0.0,4.0,0.0,0.0
30367,2023.0,7.0,30.0,21.0,21.052847,21.581573,19.132227,19.083893,21.025206,21.533987,21.007927,21.569551,19.343662,19.193218,19.701246,19.949663,21.455254,21.885935,21.022621,21.46151,20.124258,20.917831,0.0,0.0,4.0,0.0,4.0,4.0,0.0,4.0
30368,2023.0,7.0,30.0,21.0,21.019567,21.54281,19.53937,19.871185,21.025726,21.527134,21.033875,21.637243,20.102139,20.69637,20.041533,20.485214,21.465837,21.892157,21.023851,21.4614,20.3136,20.918129,4.0,0.0,0.0,4.0,0.0,4.0,0.0,4.0
30369,2023.0,7.0,30.0,21.0,21.021875,21.544136,20.064543,20.704687,21.01887,21.519554,21.027859,21.613314,19.975527,20.267435,19.59018,19.575006,21.474722,21.896757,21.018131,21.457504,19.986992,20.343306,0.0,0.0,0.0,0.0,0.0,4.0,0.0,0.0
30370,2023.0,7.0,30.0,21.0,21.021,21.537146,19.536707,19.599926,21.019726,21.523855,21.028301,21.602304,19.532152,19.398182,19.704252,19.937273,21.4821,21.899803,21.01869,21.46271,19.484951,19.36297,0.0,0.0,0.0,0.0,4.0,4.0,0.0,0.0
30371,2023.0,7.0,30.0,21.0,21.015388,21.53363,19.24961,19.207758,21.01965,21.524689,21.028088,21.591766,19.31677,19.156502,20.053295,20.504282,20.955513,20.982742,21.018621,21.464615,19.256092,19.112461,0.0,0.0,0.0,0.0,0.0,0.0,0.0,0.0
30372,2023.0,7.0,30.0,22.0,21.201553,21.8669,19.175154,19.121841,21.01971,21.524897,21.021357,21.583853,20.034937,20.590004,19.492374,19.375946,21.02113,21.148819,21.018822,21.465786,20.069971,20.725605,0.0,0.0,0.0,4.0,0.0,0.0,0.0,4.0
30373,2023.0,7.0,30.0,22.0,20.989462,21.461355,19.13044,19.074026,21.019583,21.524227,21.021935,21.587074,19.986282,20.310364,19.198593,19.017618,21.346336,21.771637,21.018667,21.46558,19.979275,20.353624,0.0,0.0,0.0,0.0,0.0,4.0,0.0,0.0
30374,2023.0,7.0,30.0,22.0,21.025167,21.53121,19.097425,19.042133,21.019533,21.523207,21.021793,21.587706,19.510107,19.365995,19.20938,19.130821,21.425537,21.840948,21.445982,22.247646,19.461912,19.33001,0.0,0.0,0.0,0.0,0.0,4.0,4.0,0.0
30375,2023.0,7.0,30.0,22.0,21.057796,21.561508,19.06879,19.014498,21.019371,21.521389,21.02174,21.58788,19.302637,19.146841,19.200123,19.137455,20.968424,21.03429,20.957863,21.28923,19.242321,19.098446,0.0,0.0,0.0,0.0,0.0,0.0,0.0,0.0
30376,2023.0,7.0,30.0,22.0,21.018831,21.515705,19.04401,18.991238,21.019392,21.520052,21.021883,21.588106,19.980652,20.505003,19.458838,19.65566,21.020395,21.167025,21.03109,21.444946,19.254229,19.201534,0.0,0.0,0.0,4.0,4.0,0.0,0.0,0.0
30377,2023.0,7.0,30.0,22.0,21.02115,21.52149,19.021746,18.969543,21.019272,21.51854,21.02182,21.58743,19.990541,20.343304,20.088316,20.690868,21.015137,21.173964,21.02215,21.429804,19.234612,19.183475,0.0,0.0,0.0,0.0,0.0,0.0,0.0,0.0
30378,2023.0,7.0,30.0,23.0,21.020725,21.518711,19.002886,18.9518,21.019197,21.517153,21.021776,21.586075,19.510195,19.385433,19.552132,19.577902,21.015678,21.186821,21.01778,21.431866,19.970812,20.608763,0.0,0.0,0.0,0.0,0.0,0.0,0.0,4.0
30379,2023.0,7.0,30.0,23.0,20.63226,20.781588,18.98461,18.9336,20.521793,20.559563,20.462809,20.509516,19.286846,19.137096,19.57319,19.772703,20.745754,20.687077,20.53382,20.506653,19.462784,19.379072,0.0,0.0,0.0,0.0,4.0,0.0,0.0,0.0
30380,2023.0,7.0,30.0,23.0,20.463581,20.560406,19.400702,19.724869,20.917486,21.413631,20.205925,20.154692,19.310215,19.245071,19.347914,19.322037,20.640678,20.563894,21.314787,22.105886,19.250086,19.111216,4.0,4.0,0.0,0.0,0.0,0.0,4.0,0.0
30381,2023.0,7.0,30.0,23.0,20.378918,20.47269,19.184063,19.230736,21.02843,21.554817,20.088146,20.028776,19.296936,19.23955,19.231031,19.168987,20.578972,20.499998,20.517702,20.431963,19.91404,20.427662,0.0,4.0,0.0,0.0,0.0,0.0,0.0,4.0
30382,2023.0,7.0,30.0,23.0,20.311241,20.40363,19.033949,18.98962,20.3451,20.244734,19.998716,19.937338,19.266197,19.208313,19.183647,19.120127,20.525333,20.444864,20.203707,20.01629,20.118368,20.659555,0.0,0.0,0.0,0.0,0.0,0.0,0.0,4.0
30383,2023.0,7.0,30.0,23.0,20.254358,20.346834,18.995564,18.943705,20.058008,19.84345,19.925138,19.86387,19.237501,19.179356,19.142998,19.079082,20.478748,20.39791,20.090508,19.905163,19.459444,19.356678,0.0,0.0,0.0,0.0,0.0,0.0,0.0,0.0
30384,2023.0,7.0,31.0,0.0,20.20408,20.296598,18.970926,18.918535,19.93765,19.716862,19.86111,19.80015,19.210371,19.151957,19.107004,19.042671,21.136019,21.679127,20.00214,19.821012,19.26074,19.11476,0.0,0.0,0.0,0.0,0.0,4.0,0.0,0.0
30385,2023.0,7.0,31.0,0.0,20.839197,21.530798,18.951658,18.89986,19.973083,19.876245,19.80522,19.746077,19.185686,19.127703,19.075134,19.01135,20.53244,20.404442,21.008806,21.80346,19.922823,20.4314,0.0,0.0,0.0,0.0,0.0,0.0,4.0,4.0
30386,2023.0,7.0,31.0,0.0,20.416815,20.605776,18.934422,18.883167,19.954773,19.883966,19.754135,19.696053,19.16279,19.104918,19.045893,18.982224,20.317934,20.110191,20.278204,20.199718,19.414478,19.33552,0.0,0.0,0.0,0.0,0.0,0.0,0.0,0.0
30387,2023.0,7.0,31.0,0.0,20.061773,20.009651,18.917728,18.866106,19.906994,19.836025,19.70519,19.645529,19.141253,19.082539,19.01795,18.953026,20.250921,20.042305,19.99202,19.810728,19.20597,19.05978,0.0,0.0,0.0,0.0,0.0,0.0,0.0,0.0
30388,2023.0,7.0,31.0,0.0,19.97376,19.923952,18.903805,18.853594,19.866213,19.798866,19.664986,19.608692,19.698938,20.146452,18.995058,18.93152,20.314281,20.224468,19.908691,19.734676,19.892893,20.415735,0.0,0.0,0.0,4.0,0.0,0.0,0.0,4.0
30389,2023.0,7.0,31.0,0.0,20.03351,20.107422,18.88978,18.840057,19.825672,19.759476,19.625608,19.570185,19.948576,20.478777,18.973015,18.909569,20.308344,20.227463,19.83963,19.669092,19.359192,19.263752,0.0,0.0,0.0,4.0,0.0,0.0,0.0,0.0
30390,2023.0,7.0,31.0,1.0,20.027143,20.118378,18.876284,18.826775,19.787449,19.721777,19.58876,19.533579,19.919033,20.319983,19.2614,19.467827,20.281132,20.200033,19.880587,19.810635,19.177038,19.034317,0.0,0.0,0.0,4.0,4.0,0.0,0.0,0.0
30391,2023.0,7.0,31.0,1.0,19.999075,20.090822,18.864115,18.815342,19.753143,19.689371,19.55575,19.502182,19.36314,19.239561,19.055946,19.017925,20.256348,20.17581,19.860209,19.794003,19.195532,19.135942,0.0,0.0,0.0,0.0,0.0,0.0,0.0,0.0
30392,2023.0,7.0,31.0,1.0,19.97136,20.06283,18.85228,18.803854,19.720278,19.657446,19.524038,19.471212,19.197767,19.040508,19.284744,19.492002,20.232338,20.15186,19.827639,19.761635,19.173693,19.120672,0.0,0.0,0.0,0.0,4.0,0.0,0.0,0.0
30393,2023.0,7.0,31.0,1.0,19.945366,20.037434,18.841324,18.793657,19.690557,19.629683,19.495316,19.444239,19.73737,20.113596,19.078157,19.046944,20.210386,20.130644,19.797157,19.732044,19.879923,20.478683,0.0,0.0,0.0,4.0,0.0,0.0,0.0,4.0
30394,2023.0,7.0,31.0,1.0,19.920086,20.012245,18.830584,18.78346,19.662151,19.602644,19.467978,19.418015,19.322641,19.22089,18.989647,18.9286,20.189293,20.109976,19.767952,19.703337,19.30546,19.230755,0.0,0.0,0.0,0.0,0.0,0.0,0.0,0.0
30395,2023.0,7.0,31.0,1.0,19.895811,19.987728,18.81997,18.773277,19.635014,19.57646,19.44198,19.392696,19.156704,19.004837,18.961596,18.900055,20.169006,20.089876,19.740204,19.675766,19.873621,20.410587,0.0,0.0,0.0,0.0,0.0,0.0,0.0,4.0
30396,2023.0,7.0,31.0,2.0,19.872917,19.964985,18.809687,18.763662,19.609772,19.552557,19.417799,19.369596,19.182373,19.112112,18.938145,18.877144,20.149946,20.071314,20.637646,21.389238,19.341475,19.269342,0.0,0.0,0.0,0.0,0.0,0.0,4.0,0.0
30397,2023.0,7.0,31.0,2.0,19.8512,19.943798,18.800102,18.755316,19.586401,19.5308,19.395285,19.348507,19.175924,19.120682,19.20693,19.396748,20.132214,20.054586,19.946188,19.873138,19.88894,20.410849,0.0,0.0,0.0,0.0,4.0,0.0,0.0,4.0
30398,2023.0,7.0,31.0,2.0,19.830338,19.923286,18.791021,18.747496,19.564465,19.510262,19.373993,19.328493,19.151112,19.096016,19.026987,18.999687,20.115356,20.038658,19.71725,19.562502,19.3551,19.27205,0.0,0.0,0.0,0.0,0.0,0.0,0.0,0.0
30399,2023.0,7.0,31.0,2.0,19.810684,19.90423,18.782452,18.740223,19.543844,19.491282,19.354107,19.310045,19.710764,20.168726,18.943636,18.886084,20.099464,20.023859,19.653967,19.501656,19.169786,19.036211,0.0,0.0,0.0,4.0,0.0,0.0,0.0,0.0
30400,2023.0,7.0,31.0,2.0,19.802977,19.908014,18.774082,18.733084,19.523888,19.472834,19.334846,19.292122,19.322973,19.311605,18.91947,18.862164,20.084179,20.009552,19.690329,19.625416,19.105803,18.974852,0.0,0.0,0.0,0.0,0.0,0.0,0.0,0.0
30401,2023.0,7.0,31.0,2.0,19.79474,19.90615,18.766085,18.726503,19.505121,19.456013,19.316637,19.275723,19.128592,19.00823,18.899744,18.843758,20.069838,19.996477,19.678898,19.61922,19.912792,20.554527,0.0,0.0,0.0,0.0,0.0,0.0,0.0,4.0
30402,2023.0,7.0,31.0,3.0,19.780111,19.892189,18.758142,18.719868,19.486858,19.439363,19.298914,19.259481,19.653105,20.043774,19.174438,19.372473,20.759478,21.314016,19.65573,19.597178,19.338116,19.284592,0.0,0.0,0.0,4.0,4.0,4.0,0.0,0.0
30403,2023.0,7.0,31.0,3.0,19.765574,19.878157,18.750517,18.713488,19.469473,19.423517,19.28211,19.244051,19.252087,19.171837,19.316973,19.574432,20.192911,20.09105,19.63375,19.57617,19.136244,19.012966,0.0,0.0,0.0,0.0,4.0,0.0,0.0,0.0
30404,2023.0,7.0,31.0,3.0,20.413568,21.10661,19.1835,19.53147,20.120193,20.662449,19.26605,19.229313,19.096203,18.965387,19.057941,19.049143,20.017406,19.844002,19.61306,19.556463,19.827028,20.369429,4.0,4.0,0.0,0.0,0.0,0.0,0.0,4.0
30405,2023.0,7.0,31.0,3.0,19.997179,20.177912,18.949465,18.993317,19.730513,19.784245,19.250568,19.21501,19.120127,19.06134,18.956545,18.905615,19.974546,19.803118,19.5939,19.538187,19.303871,19.23733,0.0,0.0,0.0,0.0,0.0,0.0,0.0,0.0
30406,2023.0,7.0,31.0,3.0,19.73837,19.747278,18.81757,18.78504,19.443478,19.298735,19.235174,19.20026,19.114586,19.067253,18.927128,18.875195,20.042036,19.973925,19.576124,19.520926,19.126467,19.004206,0.0,0.0,0.0,0.0,0.0,0.0,0.0,0.0
30407,2023.0,7.0,31.0,3.0,19.67581,19.683136,18.792255,18.759285,19.379492,19.234419,19.2214,19.188448,19.095253,19.048426,18.906225,18.856339,20.0385,19.969315,19.560436,19.506838,19.92256,20.56934,0.0,0.0,0.0,0.0,0.0,0.0,0.0,4.0
30408,2023.0,7.0,31.0,4.0,19.729633,19.83324,18.774277,18.742132,19.423733,19.366297,19.207361,19.175678,19.076536,19.030535,18.887829,18.83887,20.025272,19.959246,19.544758,19.492157,19.347591,19.305914,0.0,0.0,0.0,0.0,0.0,0.0,0.0,0.0
30409,2023.0,7.0,31.0,4.0,19.729897,19.8435,18.759417,18.727215,19.426134,19.38533,19.1928,19.161276,19.05842,19.012379,18.870535,18.821505,20.011463,19.945927,19.528917,19.476562,19.138813,19.019014,0.0,0.0,0.0,0.0,0.0,0.0,0.0,0.0
30410,2023.0,7.0,31.0,4.0,19.71428,19.828608,18.747713,18.716906,19.409191,19.370089,19.17957,19.149282,19.04265,18.997583,18.856075,18.80815,19.998232,19.93373,19.51438,19.462973,19.14981,19.103045,0.0,0.0,0.0,0.0,0.0,0.0,0.0,0.0
30411,2023.0,7.0,31.0,4.0,19.699148,19.813967,18.737265,18.707808,19.392817,19.355259,19.166607,19.137592,19.028154,18.984058,18.84298,18.796143,19.985516,19.922043,19.50049,19.450018,19.123032,19.079819,0.0,0.0,0.0,0.0,0.0,0.0,0.0,0.0
30412,2023.0,7.0,31.0,4.0,19.684296,19.799583,18.727558,18.699436,19.376867,19.340786,19.153868,19.126139,19.0147,18.971565,18.830956,18.785198,19.973215,19.91077,19.487133,19.437586,19.095476,19.054699,0.0,0.0,0.0,0.0,0.0,0.0,0.0,0.0
30413,2023.0,7.0,31.0,4.0,19.670475,19.786762,18.719141,18.693079,19.362646,19.329151,19.142282,19.116755,19.002811,18.961308,18.820536,18.776546,19.961924,19.901123,19.474834,19.426788,19.800062,20.404766,0.0,0.0,0.0,0.0,0.0,0.0,0.0,4.0
30414,2023.0,7.0,31.0,5.0,19.656273,19.772648,18.710392,18.685534,19.34778,19.315536,19.130165,19.105717,19.574678,20.04706,18.810154,18.767107,19.950348,19.890488,19.462376,19.415152,19.986586,20.585222,0.0,0.0,0.0,4.0,0.0,0.0,0.0,4.0
30415,2023.0,7.0,31.0,5.0,19.643,19.759647,18.702147,18.6785,19.333588,19.30259,19.118767,19.095268,19.207125,19.221296,18.800575,18.758497,19.939144,19.880205,19.450418,19.404024,19.342817,19.295689,0.0,0.0,0.0,0.0,0.0,0.0,0.0,0.0
30416,2023.0,7.0,31.0,5.0,19.630186,19.746853,18.694159,18.671534,19.319633,19.289576,19.107567,19.08476,19.079615,19.041107,19.100761,19.330006,19.92809,19.86988,19.438713,19.39296,19.156343,19.051493,0.0,0.0,0.0,0.0,4.0,0.0,0.0,0.0
30417,2023.0,7.0,31.0,5.0,19.61843,19.73576,18.686993,18.665728,19.306858,19.278406,19.097097,19.075611,19.051376,19.013716,18.917923,18.919746,19.917833,19.860823,20.364206,21.14682,19.095726,18.995872,0.0,0.0,0.0,0.0,0.0,0.0,4.0,0.0
30418,2023.0,7.0,31.0,5.0,19.606512,19.724113,18.680029,18.659832,19.294273,19.266914,19.086428,19.065977,19.029167,18.992088,19.125862,19.338673,19.907656,19.851562,19.706076,19.684032,19.101742,19.056446,0.0,0.0,0.0,0.0,4.0,0.0,0.0,0.0
30419,2023.0,7.0,31.0,5.0,19.594307,19.71162,18.67311,18.653627,19.281694,19.254742,19.075388,19.05548,19.011179,18.973995,18.922974,18.89689,19.897615,19.84206,19.492455,19.381992,19.086578,19.049622,0.0,0.0,0.0,0.0,0.0,0.0,0.0,0.0
30420,2023.0,7.0,31.0,6.0,19.583485,19.701576,18.667145,18.64898,19.270613,19.245247,19.06555,19.047167,18.997412,18.96166,19.159588,19.37701,20.598173,21.175837,19.4463,19.340433,19.064558,19.03053,0.0,0.0,0.0,0.0,4.0,4.0,0.0,0.0
30421,2023.0,7.0,31.0,6.0,21.20501,22.556452,18.662367,18.64638,21.220865,22.726051,21.237322,22.919172,18.98628,18.952301,20.123137,21.029816,21.152178,22.06581,21.250494,22.501265,19.044567,19.012691,0.0,0.0,0.0,0.0,0.0,0.0,0.0,0.0
30422,2023.0,7.0,31.0,6.0,20.970388,21.916904,19.119944,19.511255,20.974075,22.001211,20.998632,22.201555,18.977547,18.945343,19.719875,20.068653,21.018578,21.673317,20.997807,21.901352,19.025291,18.994207,4.0,4.0,0.0,0.0,4.0,0.0,0.0,0.0
30423,2023.0,7.0,31.0,6.0,21.004242,21.89428,20.125624,21.159927,21.036005,22.0186,21.034302,22.124043,18.972527,18.942495,20.07559,20.765768,21.022894,21.598583,21.027475,21.852573,19.011694,18.982763,0.0,0.0,0.0,0.0,0.0,0.0,0.0,0.0
30424,2023.0,7.0,31.0,6.0,21.005571,21.828236,19.720798,20.18498,21.031527,21.910925,21.029552,22.015347,18.970606,18.942717,19.822823,20.16259,21.016733,21.535461,21.023163,21.767555,19.789064,20.463173,4.0,0.0,0.0,0.0,4.0,0.0,0.0,4.0
30425,2023.0,7.0,31.0,6.0,21.004383,21.778812,20.085632,20.90151,21.004427,21.76746,21.00301,21.872635,18.970703,18.94503,20.061651,20.62724,21.016382,21.496702,21.02217,21.709812,20.155592,20.871511,0.0,4.0,4.0,0.0,0.0,0.0,0.0,4.0
30426,2023.0,7.0,31.0,7.0,21.03163,21.818941,19.722303,20.07461,21.03536,21.804905,21.03365,21.908829,18.972055,18.948479,19.505869,19.48971,21.015951,21.467007,21.021666,21.66714,19.999756,20.51155,4.0,0.0,0.0,0.0,0.0,0.0,0.0,0.0
30427,2023.0,7.0,31.0,7.0,20.995396,21.695457,20.089056,20.802952,21.001125,21.679794,21.031525,21.855871,18.972832,18.950193,19.687876,20.009819,21.01516,21.44351,21.020624,21.63355,20.285406,20.96972,0.0,4.0,0.0,0.0,4.0,0.0,0.0,4.0
30428,2023.0,7.0,31.0,7.0,21.00287,21.689886,19.434511,19.473867,21.008135,21.669102,21.031473,21.81709,18.973442,18.951565,20.046995,20.571623,21.015171,21.426126,21.020918,21.609167,19.980068,20.353985,0.0,4.0,0.0,0.0,0.0,0.0,0.0,0.0
30429,2023.0,7.0,31.0,7.0,21.001825,21.673578,19.14792,19.143606,21.007051,21.649597,21.02565,21.785578,19.727242,20.378517,19.597837,19.650127,21.305887,21.943844,21.020554,21.588818,19.541952,19.500021,0.0,4.0,0.0,4.0,0.0,4.0,0.0,0.0
30430,2023.0,7.0,31.0,7.0,21.029734,21.736744,19.528093,19.917057,21.033033,21.707129,20.999763,21.697012,20.022425,20.652082,19.746153,20.067278,20.978088,21.290955,21.020298,21.572302,19.333609,19.255037,4.0,0.0,4.0,4.0,4.0,0.0,0.0,0.0
30431,2023.0,7.0,31.0,7.0,20.994492,21.628382,20.059265,20.753445,20.999548,21.602175,21.036867,21.773067,20.019104,20.578238,20.047655,20.533043,21.022587,21.375566,21.019115,21.55654,19.263876,19.186398,4.0,4.0,0.0,0.0,0.0,0.0,0.0,0.0
30432,2023.0,7.0,31.0,8.0,21.029455,21.707594,20.001026,20.57515,21.032608,21.676708,21.028826,21.739134,19.467365,19.441402,19.879517,20.133398,21.016714,21.356749,21.019342,21.544603,19.26044,19.225523,4.0,0.0,0.0,0.0,4.0,0.0,0.0,0.0
30433,2023.0,7.0,31.0,8.0,20.994984,21.595001,20.007301,20.543537,20.879036,21.335457,20.285902,20.295547,19.236103,19.166765,20.043304,20.463882,20.649498,20.64792,21.40654,22.236341,19.245123,19.21432,4.0,4.0,0.0,0.0,0.0,0.0,4.0,0.0
30434,2023.0,7.0,31.0,8.0,20.405487,20.50187,20.005827,20.509731,20.812342,21.261572,19.957022,19.943014,19.180487,19.107965,19.600788,19.570349,20.466667,20.417454,21.441944,22.15484,19.222525,19.192486,4.0,4.0,0.0,0.0,0.0,0.0,4.0,0.0
30435,2023.0,7.0,31.0,8.0,20.129135,20.177769,20.005623,20.486702,20.798452,21.25064,19.841505,19.826204,19.902424,20.50179,19.796131,20.083801,20.398113,20.344889,20.614687,20.58168,19.20333,19.173449,4.0,4.0,0.0,4.0,4.0,0.0,0.0,0.0
30436,2023.0,7.0,31.0,8.0,20.701271,21.342379,20.005024,20.4679,20.249521,20.236797,19.749788,19.733982,20.007116,20.48502,20.027016,20.421337,20.350636,20.296272,20.246572,20.135305,19.187304,19.15693,4.0,0.0,0.0,0.0,0.0,0.0,0.0,0.0
30437,2023.0,7.0,31.0,8.0,20.288778,20.411629,20.004557,20.452892,19.956161,19.872875,19.675817,19.661674,20.17031,20.702053,19.683311,19.721674,21.062113,21.68005,20.122683,20.00955,20.05126,20.8005,4.0,0.0,0.0,4.0,0.0,4.0,0.0,4.0
30438,2023.0,7.0,31.0,9.0,20.021746,20.082462,20.022669,20.492535,20.460827,20.913258,19.613314,19.599663,19.993694,20.341484,19.477262,19.438223,20.56695,20.52954,20.043816,19.933424,19.985865,20.447653,0.0,4.0,0.0,0.0,0.0,0.0,0.0,0.0
30439,2023.0,7.0,31.0,9.0,19.940228,19.99807,19.555344,19.580593,20.091953,20.091368,19.559599,19.546099,20.24673,20.772392,19.411524,19.36358,21.018875,21.54917,20.030766,19.971174,19.52025,19.500952,0.0,0.0,0.0,4.0,0.0,4.0,0.0,0.0
30440,2023.0,7.0,31.0,9.0,20.674067,21.429003,19.347137,19.288528,20.499134,20.9535,20.187143,20.759918,19.982187,20.27018,19.740482,20.00415,21.169651,21.715109,20.005854,19.952087,20.203499,20.869938,0.0,4.0,4.0,0.0,4.0,4.0,0.0,4.0
30441,2023.0,7.0,31.0,9.0,20.229902,20.36548,19.726475,20.089722,20.106077,20.104,20.417593,21.001596,20.281357,20.803198,20.034912,20.447132,20.56666,20.51219,19.970078,19.917486,19.96957,20.28264,4.0,0.0,4.0,4.0,0.0,0.0,0.0,0.0
30442,2023.0,7.0,31.0,9.0,20.595697,21.227928,20.037956,20.575386,19.83162,19.75431,19.832008,19.848297,19.971624,20.192114,20.025932,20.357906,20.320541,20.194792,19.93652,19.88452,19.60064,19.567112,0.0,0.0,0.0,0.0,4.0,0.0,0.0,0.0
30443,2023.0,7.0,31.0,9.0,20.763906,21.385935,19.586529,19.66663,20.368057,20.836924,19.551357,19.49348,20.346916,20.890306,20.01523,20.33115,20.252264,20.121552,19.906635,19.854866,19.417858,19.34024,0.0,4.0,0.0,4.0,0.0,0.0,0.0,0.0
30444,2023.0,7.0,31.0,10.0,20.808569,21.427696,19.763878,20.140896,20.008518,20.016472,19.465136,19.39973,19.969858,20.151712,19.667562,19.636911,20.933159,21.447,19.880995,19.829422,19.385971,19.338373,4.0,0.0,0.0,0.0,0.0,4.0,0.0,0.0
30445,2023.0,7.0,31.0,10.0,20.26998,20.38652,20.02053,20.516272,19.75633,19.693739,19.422546,19.3677,19.670824,19.593676,19.514711,19.463346,20.52358,20.480654,19.86128,19.812616,19.364964,19.323025,4.0,0.0,0.0,0.0,0.0,0.0,0.0,0.0
30446,2023.0,7.0,31.0,10.0,20.687601,21.337646,20.01888,20.497051,19.688158,19.62952,19.425508,19.413916,19.543295,19.461342,19.476505,19.426054,21.011978,21.536093,20.832249,21.664757,19.343773,19.305204,0.0,0.0,0.0,0.0,0.0,4.0,4.0,0.0
30447,2023.0,7.0,31.0,10.0,20.30745,20.473022,19.594568,19.658363,20.344002,20.90699,19.415228,19.415697,19.52811,19.478884,19.453213,19.40605,20.602789,20.592459,20.292725,20.32098,20.19958,20.939993,0.0,4.0,0.0,0.0,0.0,0.0,0.0,4.0
30448,2023.0,7.0,31.0,10.0,20.118412,20.218214,19.813612,20.153883,19.971388,20.069931,19.398046,19.40353,19.515709,19.47374,19.441572,19.397085,21.13857,21.680914,20.054882,19.979795,19.970802,20.391903,4.0,0.0,0.0,0.0,0.0,4.0,0.0,0.0
30449,2023.0,7.0,31.0,10.0,20.045198,20.151817,20.013264,20.451113,20.335922,20.879736,19.37985,19.390165,19.49668,19.458452,19.430735,19.389574,20.700478,20.692566,19.98489,19.915152,19.596645,19.617088,4.0,4.0,0.0,0.0,0.0,0.0,0.0,0.0
30450,2023.0,7.0,31.0,11.0,20.73803,21.510035,20.017462,20.461205,19.973587,20.044287,19.363472,19.378328,19.4805,19.445559,19.423326,19.38551,21.210823,21.793165,19.9502,19.888968,19.429085,19.397602,0.0,0.0,0.0,0.0,0.0,4.0,0.0,0.0
30451,2023.0,7.0,31.0,11.0,20.877844,21.547039,19.985182,20.361246,19.72583,19.71354,19.34514,19.360493,19.464943,19.429716,19.415697,19.377808,21.417204,22.012358,19.940329,19.898964,19.388748,19.35767,4.0,0.0,0.0,0.0,0.0,4.0,0.0,0.0
30452,2023.0,7.0,31.0,11.0,20.918846,21.591648,20.001997,20.389395,19.685873,19.68009,19.331797,19.349625,19.45629,19.422104,19.411602,19.374077,20.823832,20.843363,19.925316,19.885818,20.245813,20.991562,4.0,0.0,0.0,0.0,0.0,0.0,0.0,4.0
30453,2023.0,7.0,31.0,11.0,20.96097,21.632687,19.999638,20.381746,20.336622,20.939745,19.317026,19.335724,19.446993,19.413313,19.784233,20.080776,20.54781,20.46303,19.907461,19.868639,20.566921,21.308683,4.0,4.0,0.0,0.0,4.0,0.0,0.0,4.0
30454,2023.0,7.0,31.0,11.0,20.420729,20.590624,20.003359,20.385305,19.97068,20.048655,19.303944,19.323257,19.439562,19.406424,20.023945,20.405855,20.479727,20.393377,19.891848,19.85362,19.95482,20.180273,4.0,0.0,0.0,0.0,0.0,0.0,0.0,0.0
30455,2023.0,7.0,31.0,11.0,20.8032,21.473713,20.009998,20.393156,19.725794,19.736301,19.291906,19.311926,19.433071,19.400444,19.732813,19.792011,21.1629,21.723814,19.878036,19.840433,19.676573,19.660273,4.0,0.0,0.0,0.0,0.0,4.0,0.0,0.0
30456,2023.0,7.0,31.0,12.0,20.359146,20.55284,20.018108,20.40249,20.299719,20.850752,19.281944,19.302711,19.428602,19.396345,19.59864,19.57111,20.698675,20.723127,19.867323,19.830246,20.413868,21.111202,4.0,4.0,0.0,0.0,0.0,0.0,0.0,4.0
30457,2023.0,7.0,31.0,12.0,21.101027,21.951443,20.02203,20.403316,21.105558,22.182419,21.21884,22.758915,19.423502,19.390278,19.556671,19.517788,21.296001,21.885725,21.285446,22.33196,19.976208,20.244715,4.0,0.0,0.0,0.0,0.0,4.0,0.0,0.0
30458,2023.0,7.0,31.0,12.0,21.040266,21.717564,20.01466,20.404575,21.01101,21.864317,20.992897,22.09937,19.417671,19.383156,19.529354,19.486269,20.957077,21.17025,20.99347,21.678392,19.659758,19.625948,0.0,0.0,0.0,0.0,0.0,0.0,0.0,0.0
30459,2023.0,7.0,31.0,12.0,21.046778,21.718935,19.673954,19.744333,21.02679,21.80856,21.005451,21.96909,20.115269,20.702692,19.511387,19.467531,21.016218,21.279533,21.020374,21.648548,19.55156,19.50479,0.0,0.0,4.0,4.0,0.0,0.0,0.0,0.0
30460,2023.0,7.0,31.0,12.0,21.069317,21.732706,19.471401,19.482008,21.021475,21.74623,21.031925,21.960373,20.453335,21.096544,19.496735,19.451635,21.011305,21.26136,21.016907,21.586271,20.412498,21.169666,0.0,0.0,0.0,4.0,0.0,0.0,0.0,4.0
30461,2023.0,7.0,31.0,12.0,21.086407,21.741007,19.40297,19.413534,21.0215,21.708792,21.028849,21.884789,19.950344,20.139511,19.859797,20.146059,21.00906,21.254013,21.016335,21.545254,20.699404,21.421143,0.0,0.0,0.0,0.0,4.0,0.0,0.0,4.0
30462,2023.0,7.0,31.0,13.0,21.012173,21.61923,19.798233,20.195076,21.021141,21.68014,21.028395,21.831324,19.6955,19.648815,20.015217,20.331512,21.009344,21.251505,21.01622,21.515442,19.963964,20.092937,4.0,0.0,0.0,0.0,0.0,0.0,0.0,0.0
30463,2023.0,7.0,31.0,13.0,21.101072,21.750465,20.02622,20.51649,21.020731,21.657793,21.02407,21.789877,19.581078,19.51947,19.752434,19.787292,21.535097,22.237427,21.015932,21.492727,19.722944,19.661602,0.0,0.0,0.0,0.0,0.0,4.0,0.0,0.0
30464,2023.0,7.0,31.0,13.0,21.130718,21.77247,19.642637,19.73632,21.020515,21.640156,20.998438,21.692785,20.216488,20.745752,19.593794,19.55259,20.965128,21.109238,21.01563,21.474997,19.626535,19.561703,0.0,0.0,4.0,4.0,0.0,0.0,0.0,0.0
30465,2023.0,7.0,31.0,13.0,21.003443,21.560545,19.88202,20.305288,21.019869,21.625063,21.033888,21.761852,19.956352,20.133202,19.543068,19.49407,21.018969,21.2266,21.015114,21.46066,19.579832,19.513817,4.0,0.0,0.0,0.0,0.0,0.0,0.0,0.0
30466,2023.0,7.0,31.0,13.0,21.019829,21.588253,20.022524,20.47878,21.019918,21.613512,21.02609,21.725073,19.703136,19.640188,19.520958,19.470682,21.45647,22.045868,21.015245,21.45011,19.565199,19.52007,0.0,0.0,0.0,0.0,0.0,4.0,0.0,0.0
30467,2023.0,7.0,31.0,13.0,21.017845,21.577215,19.609253,19.649244,21.019741,21.603174,21.026564,21.706842,19.590065,19.51626,19.502586,19.4522,20.955166,21.06936,21.015266,21.441607,19.544466,19.50071,0.0,0.0,0.0,0.0,0.0,0.0,0.0,0.0
30468,2023.0,7.0,31.0,14.0,21.036638,21.605568,19.417007,19.419191,21.053656,21.630136,21.047417,21.736551,19.576818,19.529219,19.484903,19.433807,21.023046,21.229803,21.031584,21.465784,19.52143,19.478586,0.0,4.0,0.0,0.0,0.0,0.0,0.0,0.0
30469,2023.0,7.0,31.0,14.0,21.234446,21.951181,19.36223,19.364937,20.964008,21.439453,20.978031,21.557934,19.555283,19.507837,19.467072,19.41508,20.687046,20.575176,20.58608,20.595703,19.499657,19.45687,0.0,4.0,4.0,0.0,0.0,0.0,0.0,0.0
30470,2023.0,7.0,31.0,14.0,21.185163,21.795843,19.322243,19.319937,20.402328,20.40086,20.330502,20.342663,20.237312,20.814255,19.449095,19.39506,20.637335,20.564716,20.41491,20.362019,19.47999,19.436266,0.0,0.0,0.0,4.0,0.0,0.0,0.0,0.0
30471,2023.0,7.0,31.0,14.0,20.598242,20.69324,19.286333,19.280195,20.152897,20.058186,20.674759,21.13455,19.967554,20.226324,19.429745,19.373917,20.603706,20.537981,20.328724,20.270168,19.459913,19.415363,0.0,0.0,4.0,0.0,0.0,0.0,0.0,0.0
30472,2023.0,7.0,31.0,14.0,20.977503,21.595287,19.249834,19.24072,20.01596,19.910387,20.234913,20.235752,19.666588,19.621851,19.408203,19.35117,20.556608,20.491215,20.254137,20.195656,20.308023,21.036734,0.0,0.0,0.0,0.0,0.0,0.0,0.0,4.0
30473,2023.0,7.0,31.0,14.0,21.066397,21.67022,19.649664,20.009922,20.001156,19.958193,19.973234,19.871746,19.524935,19.417114,19.388584,19.329344,21.261631,21.862,21.182835,21.999018,19.962452,20.281536,4.0,0.0,0.0,0.0,0.0,4.0,4.0,0.0
30474,2023.0,7.0,31.0,15.0,20.509281,20.606565,20.045263,20.61788,19.959972,19.927221,20.450298,20.876467,20.219328,20.78392,19.367935,19.305767,20.753918,20.696375,20.561869,20.532862,19.60254,19.550806,0.0,0.0,4.0,4.0,0.0,0.0,0.0,0.0
30475,2023.0,7.0,31.0,15.0,20.89401,21.501753,19.590986,19.673012,20.57106,21.125755,20.064434,20.037903,19.959946,20.142971,19.353432,19.291887,20.454227,20.299606,20.184975,20.057283,19.426737,19.327732,0.0,4.0,0.0,0.0,0.0,0.0,0.0,0.0
30476,2023.0,7.0,31.0,15.0,21.032469,21.616327,19.800522,20.198933,20.667555,21.11401,19.779882,19.676447,19.635725,19.516592,19.342745,19.281586,20.377672,20.217686,20.080883,19.946224,19.426163,19.373955,4.0,4.0,0.0,0.0,0.0,0.0,0.0,0.0
30477,2023.0,7.0,31.0,15.0,21.059517,21.641188,20.039825,20.569801,20.143948,20.121662,19.700369,19.595774,19.544403,19.423244,19.335806,19.27483,21.175854,21.77576,20.0343,19.902853,19.419117,19.370548,0.0,0.0,0.0,0.0,0.0,4.0,0.0,0.0
30478,2023.0,7.0,31.0,15.0,20.527168,20.624802,19.904613,20.221403,20.481884,20.910105,20.351683,20.88823,19.553402,19.487099,19.329884,19.269161,21.354618,21.871216,21.031635,21.836098,19.404444,19.356525,4.0,4.0,4.0,0.0,0.0,4.0,4.0,0.0
30479,2023.0,7.0,31.0,15.0,20.959854,21.55015,20.038784,20.47476,20.608328,21.061115,19.985035,20.073076,19.54778,19.490126,19.325861,19.265287,20.745775,20.679853,20.370466,20.357811,19.392256,19.344332,0.0,4.0,0.0,0.0,0.0,0.0,0.0,0.0
30480,2023.0,7.0,31.0,16.0,20.530695,20.616306,19.950521,20.252245,20.099653,20.077005,19.649792,19.578344,19.528383,19.472448,19.684015,19.94328,21.191725,21.678326,20.029896,19.91572,19.378386,19.330994,4.0,0.0,0.0,0.0,4.0,4.0,0.0,0.0
30481,2023.0,7.0,31.0,16.0,20.341724,20.380157,20.010801,20.36094,19.902014,19.8018,20.216625,20.694864,19.51373,19.460485,20.04579,20.519226,21.347149,21.86582,19.971685,19.854162,19.368055,19.32284,4.0,0.0,4.0,0.0,0.0,4.0,0.0,0.0
30482,2023.0,7.0,31.0,16.0,20.919338,21.546953,20.018373,20.384218,19.819393,19.722673,19.855421,19.85352,19.498049,19.448368,19.664103,19.70043,20.75064,20.682053,19.93725,19.826204,19.357574,19.315203,0.0,0.0,0.0,0.0,0.0,0.0,0.0,0.0
30483,2023.0,7.0,31.0,16.0,21.074474,21.676613,19.993692,20.303001,20.485146,21.033857,20.244957,20.730444,19.483662,19.43765,19.470118,19.432405,21.207954,21.702309,19.957325,19.900286,19.347242,19.3078,4.0,4.0,4.0,0.0,0.0,4.0,0.0,0.0
30484,2023.0,7.0,31.0,16.0,21.106636,21.709267,20.001675,20.315073,20.049866,20.076838,19.829462,19.850496,20.183754,20.77294,19.428085,19.380991,21.3686,21.901148,19.953762,19.905918,19.338602,19.302008,4.0,0.0,0.0,4.0,0.0,4.0,0.0,0.0
30485,2023.0,7.0,31.0,16.0,21.141832,21.747305,20.01808,20.361715,20.408539,20.898045,20.227852,20.73808,19.964973,20.201927,19.406546,19.362213,20.769802,20.713335,19.93809,19.893932,19.329319,19.295593,0.0,4.0,4.0,0.0,0.0,0.0,0.0,0.0
30486,2023.0,7.0,31.0,17.0,21.17182,21.77923,19.678709,19.704832,20.585674,21.071814,19.870163,19.909533,20.319908,20.83359,19.391771,19.351116,20.529276,20.412285,20.904726,21.738125,19.3213,19.290342,0.0,4.0,0.0,4.0,0.0,0.0,4.0,0.0
30487,2023.0,7.0,31.0,17.0,20.634443,20.757622,19.973051,20.335468,20.630415,21.113508,19.674377,19.628325,20.45266,20.986326,19.380672,19.341454,21.168417,21.673386,20.251776,20.273258,19.314064,19.284298,4.0,4.0,0.0,4.0,0.0,4.0,0.0,0.0
30488,2023.0,7.0,31.0,17.0,20.422115,20.473036,20.085644,20.488049,20.124249,20.13597,20.24656,20.754637,20.522467,21.052902,19.732256,20.012894,21.352888,21.89899,20.01984,19.934301,19.306719,19.277884,4.0,0.0,4.0,4.0,4.0,4.0,0.0,0.0
30489,2023.0,7.0,31.0,17.0,21.002344,21.635912,20.034378,20.36367,20.553974,21.036827,19.822393,19.84845,19.968502,20.064867,20.022186,20.446987,20.745972,20.695295,19.963974,19.877192,19.299732,19.271723,4.0,4.0,0.0,0.0,4.0,0.0,0.0,0.0
30490,2023.0,7.0,31.0,17.0,21.15825,21.77004,20.023952,20.348335,20.706331,21.188961,19.58983,19.554062,19.755795,19.688408,20.01318,20.3785,21.230156,21.764357,19.924522,19.840403,19.292042,19.264812,4.0,4.0,0.0,0.0,0.0,4.0,0.0,0.0
30491,2023.0,7.0,31.0,17.0,21.198135,21.82092,20.032728,20.357216,20.734215,21.21462,20.169851,20.688185,19.65086,19.573318,19.65673,19.645157,21.429548,21.971443,19.932487,19.888779,19.284454,19.257938,4.0,4.0,4.0,0.0,0.0,4.0,0.0,0.0
30492,2023.0,7.0,31.0,18.0,21.225529,21.847757,20.04178,20.366697,20.758976,21.238924,20.311934,20.824379,20.27738,20.789196,19.549185,19.508451,21.483332,22.02288,19.925112,19.886997,19.277954,19.252089,4.0,4.0,4.0,4.0,0.0,4.0,0.0,0.0
30493,2023.0,7.0,31.0,18.0,21.245718,21.864649,20.011469,20.326431,21.033678,21.699835,21.097225,22.145712,20.468056,21.002821,19.517159,19.476955,21.525345,22.060333,21.172575,22.069525,19.271496,19.245733,0.0,4.0,4.0,4.0,0.0,4.0,0.0,0.0
30494,2023.0,7.0,31.0,18.0,21.257505,21.865374,20.04536,20.36503,21.024225,21.657871,21.02103,21.899796,19.95671,20.061625,19.485367,19.445814,21.566927,22.098219,21.000004,21.654179,19.265465,19.239828,4.0,0.0,0.0,0.0,0.0,4.0,0.0,0.0
30495,2023.0,7.0,31.0,18.0,21.271292,21.876465,20.058237,20.377434,20.994783,21.542223,21.000326,21.757599,19.735508,19.65637,19.45834,19.41895,21.602718,22.130522,21.018883,21.618248,19.26004,19.234797,4.0,4.0,4.0,0.0,0.0,4.0,0.0,0.0
30496,2023.0,7.0,31.0,18.0,20.972908,21.36708,20.063637,20.38098,21.030489,21.610178,21.034561,21.793055,19.634087,19.549648,19.435139,19.396727,21.63262,22.156532,21.016472,21.563408,19.254623,19.229883,4.0,0.0,0.0,0.0,0.0,4.0,0.0,0.0
30497,2023.0,7.0,31.0,18.0,21.020382,21.470589,20.067421,20.382797,21.021969,21.571613,21.026836,21.73527,19.625862,19.584543,19.41531,19.379412,21.656775,22.176,21.01762,21.530558,20.184399,20.999226,4.0,0.0,0.0,0.0,0.0,4.0,0.0,4.0
30498,2023.0,7.0,31.0,19.0,21.208326,21.806513,20.007364,20.29289,21.02202,21.55246,21.000105,21.627665,19.607285,19.571669,19.394806,19.359653,21.678373,22.194649,21.456099,22.307758,19.95731,20.334156,0.0,0.0,4.0,0.0,0.0,4.0,4.0,0.0
30499,2023.0,7.0,31.0,19.0,20.986723,21.393549,19.690523,19.686869,21.09581,21.656235,21.031776,21.690552,19.578817,19.544502,19.375124,19.341305,20.986492,20.983097,20.954613,21.312023,20.374933,21.062477,0.0,4.0,0.0,0.0,0.0,0.0,0.0,4.0
30500,2023.0,7.0,31.0,19.0,21.204481,21.800726,19.909594,20.20492,21.01623,21.468641,21.02509,21.655857,19.551395,19.51873,19.355022,19.322042,21.478308,21.981539,21.02801,21.459536,19.958244,20.218592,4.0,4.0,0.0,0.0,0.0,4.0,0.0,0.0
30501,2023.0,7.0,31.0,19.0,21.275755,21.871124,20.017776,20.348564,21.001953,21.463697,21.025171,21.637604,19.525316,19.493162,19.334341,19.301508,21.627008,22.13427,21.410044,22.147154,19.608402,19.54863,0.0,4.0,0.0,0.0,0.0,4.0,4.0,0.0
30502,2023.0,7.0,31.0,19.0,21.28987,21.878864,20.026636,20.327145,21.000465,21.459005,21.012808,21.576912,20.206532,20.801634,19.315363,19.284132,21.650322,22.151913,21.521978,22.232273,19.457712,19.387955,4.0,4.0,4.0,4.0,0.0,4.0,4.0,0.0
30503,2023.0,7.0,31.0,19.0,21.2986,21.881128,20.014187,20.317533,21.027082,21.529398,21.030518,21.632263,19.964317,20.189106,19.296045,19.265133,21.668367,22.16508,20.953197,21.224625,19.390398,19.31631,0.0,0.0,0.0,0.0,0.0,4.0,0.0,0.0
30504,2023.0,7.0,31.0,20.0,21.30373,21.879194,20.032095,20.322224,20.996624,21.438896,20.998352,21.53662,20.313192,20.815407,19.6571,19.963669,21.681986,22.173828,21.435019,22.153522,19.386175,19.356386,4.0,4.0,4.0,4.0,4.0,4.0,4.0,0.0
30505,2023.0,7.0,31.0,20.0,21.309069,21.879192,20.03368,20.317196,21.000992,21.442837,21.031939,21.61825,19.958357,20.112587,20.054003,20.560757,21.690458,22.17535,21.566105,22.260818,19.36465,19.336655,4.0,4.0,0.0,0.0,0.0,4.0,4.0,0.0
30506,2023.0,7.0,31.0,20.0,21.312057,21.875374,20.03162,20.308743,21.000477,21.4389,21.024729,21.593878,20.330824,20.802763,19.630733,19.673565,21.002123,20.98049,20.959997,21.197868,20.267155,21.075396,4.0,4.0,0.0,4.0,0.0,0.0,0.0,4.0
30507,2023.0,7.0,31.0,20.0,20.979172,21.311125,20.027287,20.297606,21.02717,21.50956,20.998981,21.511137,19.963558,20.07994,19.743202,20.007593,21.503635,22.010172,21.028355,21.365902,19.950245,20.264662,4.0,0.0,4.0,0.0,4.0,4.0,0.0,0.0
30508,2023.0,7.0,31.0,20.0,21.212132,21.763067,20.01456,20.292683,20.997154,21.41963,21.004375,21.518412,20.33214,20.786634,20.039986,20.466034,20.970785,20.96979,21.439358,22.129644,19.54195,19.463917,0.0,4.0,4.0,4.0,0.0,0.0,4.0,0.0
30509,2023.0,7.0,31.0,20.0,20.984827,21.335701,19.664028,19.615688,21.027758,21.497099,21.004128,21.515884,20.487694,20.955503,19.994669,20.308235,21.461323,21.96004,20.95737,21.204784,20.252714,20.953402,0.0,0.0,4.0,4.0,4.0,4.0,0.0,4.0
30510,2023.0,7.0,31.0,21.0,21.206512,21.75628,19.442116,19.317327,20.996279,21.405203,21.030664,21.585993,20.534851,20.99625,20.024544,20.364412,20.954662,20.967125,21.027853,21.367586,19.956314,20.223215,0.0,4.0,0.0,4.0,0.0,0.0,0.0,0.0
30511,2023.0,7.0,31.0,21.0,20.986149,21.34013,19.896603,20.245476,21.00153,21.413378,21.02458,21.563295,19.955996,19.980907,19.910568,20.094841,21.411024,21.8784,21.01839,21.359217,19.557224,19.45291,4.0,4.0,0.0,0.0,4.0,4.0,0.0,0.0
30512,2023.0,7.0,31.0,21.0,21.021404,21.421316,20.067368,20.437325,21.000837,21.41126,21.02482,21.552977,19.700735,19.54925,20.02647,20.320385,21.531576,21.982533,21.019815,21.367123,19.379227,19.265614,4.0,4.0,0.0,0.0,4.0,4.0,0.0,0.0
30513,2023.0,7.0,31.0,21.0,21.01589,21.414831,19.991379,20.267292,21.027884,21.484116,21.019184,21.544138,19.574047,19.426609,19.999537,20.253523,20.954468,20.956606,21.014912,21.369331,19.382847,19.342829,4.0,0.0,0.0,0.0,4.0,0.0,0.0,0.0
30514,2023.0,7.0,31.0,21.0,21.011318,21.41947,20.002226,20.273716,21.022146,21.463985,21.020065,21.545866,19.498043,19.35016,20.003794,20.251049,21.021446,21.12383,21.015984,21.37929,20.227188,20.958935,4.0,0.0,0.0,0.0,4.0,0.0,0.0,4.0
30515,2023.0,7.0,31.0,21.0,21.01173,21.430462,20.000856,20.259949,21.022501,21.4554,21.019726,21.543674,19.526943,19.471024,20.02048,20.289858,21.012812,21.132158,21.541815,22.3581,19.959538,20.249105,4.0,0.0,0.0,0.0,0.0,0.0,4.0,0.0
30516,2023.0,7.0,31.0,22.0,21.011772,21.437778,20.020248,20.304834,21.022337,21.44676,21.019722,21.541546,19.515009,19.463985,19.913769,20.052284,21.014389,21.150274,21.53717,22.16085,20.360945,20.971907,0.0,0.0,0.0,0.0,4.0,0.0,4.0,4.0
30517,2023.0,7.0,31.0,22.0,21.310905,21.990068,19.60079,19.486263,21.016142,21.440292,21.01983,21.539093,19.47665,19.422218,20.022573,20.274946,21.009197,21.161734,20.956636,21.172352,19.963612,20.180891,0.0,0.0,0.0,0.0,4.0,0.0,0.0,0.0
30518,2023.0,7.0,31.0,22.0,20.971266,21.323402,19.360743,19.170534,21.017075,21.445147,21.019657,21.536087,19.438393,19.380112,20.003225,20.230719,21.009827,21.17842,21.411623,22.0535,19.553747,19.405128,0.0,0.0,0.0,0.0,4.0,0.0,4.0,0.0
30519,2023.0,7.0,31.0,22.0,21.024513,21.436089,19.386421,19.30251,21.017075,21.4467,21.019861,21.533905,19.403996,19.343826,20.005909,20.23126,21.010214,21.190794,20.961617,21.184107,20.176985,20.748358,0.0,0.0,0.0,0.0,4.0,0.0,0.0,4.0
30520,2023.0,7.0,31.0,22.0,21.017279,21.42406,19.386307,19.319613,21.01712,21.447466,21.01981,21.53092,19.370934,19.30767,20.021759,20.271639,21.010313,21.199945,21.030361,21.343742,19.966478,20.207047,0.0,0.0,0.0,0.0,0.0,0.0,0.0,0.0
30521,2023.0,7.0,31.0,22.0,21.307308,21.96538,19.352509,19.284737,21.017286,21.448011,21.019869,21.52826,19.341257,19.27631,19.556723,19.371796,21.010897,21.20803,21.02022,21.336052,20.294397,20.800522,0.0,0.0,0.0,0.0,0.0,0.0,0.0,4.0
30522,2023.0,7.0,31.0,23.0,20.972963,21.313967,19.317451,19.246546,21.017395,21.448034,21.0198,21.525452,19.944279,20.437315,19.441263,19.352077,21.010918,21.21345,21.021416,21.3444,20.405527,20.90269,0.0,0.0,0.0,4.0,0.0,0.0,0.0,4.0
30523,2023.0,7.0,31.0,23.0,20.534096,20.493612,19.286987,19.215307,20.561272,20.570417,20.495348,20.514112,20.2122,20.722158,19.409342,19.333456,20.709795,20.638071,20.5977,20.543367,19.722319,19.579546,0.0,0.0,0.0,4.0,0.0,0.0,0.0,0.0
30524,2023.0,7.0,31.0,23.0,20.343355,20.241793,19.262817,19.189976,20.350273,20.275103,20.260939,20.191578,19.560501,19.414875,19.360317,19.280422,20.602962,20.51052,20.44179,20.36311,19.498087,19.312597,0.0,0.0,0.0,0.0,0.0,0.0,0.0,0.0
30525,2023.0,7.0,31.0,23.0,20.422607,20.49177,19.237495,19.161924,20.244095,20.15349,20.143074,20.058092,19.34443,19.141947,19.310139,19.226007,20.542835,20.44675,20.349426,20.267801,19.395826,19.206959,0.0,0.0,0.0,0.0,0.0,0.0,0.0,0.0
30526,2023.0,7.0,31.0,23.0,20.386267,20.456663,19.21745,19.143276,20.833027,21.326189,20.067743,19.989521,19.876984,20.211699,19.270643,19.188442,20.494968,20.400736,20.27687,20.1964,19.429531,19.353477,0.0,4.0,0.0,4.0,0.0,0.0,0.0,0.0
30527,2023.0,7.0,31.0,23.0,21.0398,21.726765,19.196117,19.12127,20.408646,20.431013,19.99727,19.918703,19.436945,19.272127,19.23107,19.147861,20.449636,20.354383,20.210857,20.129473,20.14202,20.727156,0.0,0.0,0.0,0.0,0.0,0.0,0.0,4.0
30528,2023.0,8.0,1.0,0.0,20.429176,20.426168,19.175697,19.100248,20.030945,19.795845,19.935703,19.857248,19.86334,20.186232,19.486666,19.656178,20.40885,20.31284,20.152758,20.070934,19.516726,19.386875,0.0,0.0,0.0,4.0,4.0,0.0,0.0,0.0
30529,2023.0,8.0,1.0,0.0,20.174582,20.063145,19.155838,19.078867,19.885576,19.616783,19.880005,19.800352,19.426031,19.254871,19.606426,19.82448,21.06696,21.591288,20.099224,20.016138,19.30154,19.114496,0.0,0.0,0.0,0.0,4.0,4.0,0.0,0.0
30530,2023.0,8.0,1.0,0.0,20.087427,19.969318,19.13854,19.059406,19.956718,19.837946,19.83136,19.7506,19.253826,19.046402,19.325024,19.27225,20.428392,20.24145,20.050312,19.966522,19.224638,19.037493,0.0,0.0,0.0,0.0,0.0,0.0,0.0,0.0
30531,2023.0,8.0,1.0,0.0,20.178566,20.215172,19.121872,19.040535,19.953415,19.860758,19.786472,19.704435,19.931236,20.396137,19.207386,19.11942,20.220657,19.96657,20.004484,19.919678,19.270077,19.192146,0.0,0.0,0.0,4.0,0.0,0.0,0.0,0.0
30532,2023.0,8.0,1.0,0.0,20.184656,20.244228,19.105293,19.022118,19.91655,19.824488,19.744741,19.66188,19.55398,19.537388,19.16192,19.072527,20.151678,19.89695,20.87676,21.599508,19.254972,19.181984,0.0,0.0,0.0,0.0,0.0,0.0,4.0,0.0
30533,2023.0,8.0,1.0,0.0,20.157309,20.216635,19.088543,19.0036,19.879608,19.786768,19.705322,19.62153,19.26893,19.074413,19.121344,19.030394,20.236046,20.124619,20.12899,19.984169,19.944212,20.507282,0.0,0.0,0.0,0.0,0.0,0.0,0.0,4.0
30534,2023.0,8.0,1.0,1.0,20.130184,20.189741,19.071491,18.98467,19.843664,19.749517,19.667828,19.582655,19.161562,18.944925,19.084352,18.991451,20.234318,20.130287,19.872467,19.647718,19.454987,19.429409,0.0,0.0,0.0,0.0,0.0,0.0,0.0,0.0
30535,2023.0,8.0,1.0,1.0,20.117384,20.191525,19.054981,18.96698,19.809351,19.713991,19.632528,19.545984,19.231522,19.148521,19.050007,18.955374,20.205564,20.100353,19.786417,19.560549,19.174276,18.981,0.0,0.0,0.0,0.0,0.0,0.0,0.0,0.0
30536,2023.0,8.0,1.0,1.0,20.094168,20.167454,19.039072,18.950315,19.77725,19.681393,19.599812,19.512627,19.21644,19.130466,19.018803,18.923223,20.178696,20.072826,19.863028,19.782705,19.083654,18.88452,0.0,0.0,0.0,0.0,0.0,0.0,0.0,0.0
30537,2023.0,8.0,1.0,1.0,20.071613,20.145626,19.025524,18.93817,19.750208,19.65743,19.572319,19.488186,19.190557,19.106115,18.992496,18.898933,20.154583,20.0501,19.836815,19.748245,19.91974,20.531738,0.0,0.0,0.0,0.0,0.0,0.0,0.0,4.0
30538,2023.0,8.0,1.0,1.0,20.046076,20.117746,19.008953,18.919989,19.719145,19.624342,19.540836,19.454533,19.16213,19.075733,18.963326,18.867496,20.128307,20.0221,19.801222,19.710506,20.008192,20.484495,0.0,0.0,0.0,0.0,0.0,0.0,0.0,4.0
30539,2023.0,8.0,1.0,1.0,20.02402,20.09622,18.995346,18.907593,19.693914,19.60158,19.51566,19.431622,19.137793,19.052599,18.939339,18.845043,20.105745,20.000584,19.770601,19.681221,19.338766,19.17404,0.0,0.0,0.0,0.0,0.0,0.0,0.0,0.0
30540,2023.0,8.0,1.0,2.0,19.999825,20.070024,18.979168,18.889956,19.665602,19.571577,19.487553,19.401571,19.111912,19.025198,18.91324,18.81717,20.081676,19.975159,19.7383,19.647467,19.136885,18.927486,0.0,0.0,0.0,0.0,0.0,0.0,0.0,0.0
30541,2023.0,8.0,1.0,2.0,19.977587,20.047192,18.964424,18.875128,19.6409,19.547934,19.462921,19.377888,19.671812,20.097853,18.890167,18.794418,20.059652,19.953121,19.70905,19.618572,19.06106,18.856707,0.0,0.0,0.0,4.0,0.0,0.0,0.0,0.0
30542,2023.0,8.0,1.0,2.0,19.954023,20.021439,18.94771,18.856537,19.614258,19.519903,19.436153,19.349716,19.277718,19.225708,18.86543,18.768074,20.036404,19.928417,19.678856,19.587086,19.117199,19.033895,0.0,0.0,0.0,0.0,0.0,0.0,0.0,0.0
30543,2023.0,8.0,1.0,2.0,19.9302,19.994638,18.929564,18.835161,19.586487,19.489096,19.408112,19.318665,19.145777,19.05422,18.83959,18.739376,20.012403,19.90209,19.648342,19.554373,19.098822,19.015211,0.0,0.0,0.0,0.0,0.0,0.0,0.0,0.0
30544,2023.0,8.0,1.0,2.0,19.90893,19.972723,18.914377,18.819818,19.563044,19.466475,19.384434,19.295856,19.10639,19.015953,19.112585,19.269646,19.99066,19.880266,19.620686,19.526955,19.8041,20.372192,0.0,0.0,0.0,0.0,4.0,0.0,0.0,4.0
30545,2023.0,8.0,1.0,2.0,19.886427,19.948393,18.897703,18.80142,19.53815,19.440464,19.359514,19.26975,19.069818,18.978167,19.239288,19.441227,19.967815,19.856247,19.592215,19.497538,19.175127,19.016817,0.0,0.0,0.0,0.0,4.0,0.0,0.0,0.0
30546,2023.0,8.0,1.0,3.0,19.86317,19.9225,18.880514,18.781652,19.512693,19.412899,19.334389,19.242325,19.036137,18.942144,18.947704,18.859882,19.944138,19.830645,19.563133,19.466658,18.964338,18.746607,0.0,0.0,0.0,0.0,0.0,0.0,0.0,0.0
30547,2023.0,8.0,1.0,3.0,19.840904,19.898508,18.86395,18.76305,19.487999,19.386538,19.310051,19.216173,19.00497,18.909399,18.853271,18.746746,19.921082,19.80633,19.534956,19.437347,18.892406,18.674532,0.0,0.0,0.0,0.0,0.0,0.0,0.0,0.0
30548,2023.0,8.0,1.0,3.0,19.81975,19.876436,18.848602,18.746962,19.465157,19.36343,19.287348,19.193155,18.97667,18.880676,18.814678,18.707827,19.899134,19.783918,19.508118,19.41017,18.975624,18.900572,0.0,0.0,0.0,0.0,0.0,0.0,0.0,0.0
30549,2023.0,8.0,1.0,3.0,19.798826,19.854567,18.833857,18.732176,19.443487,19.342205,19.265648,19.171917,18.950262,18.85436,19.101849,19.277416,19.877972,19.762672,19.482271,19.384348,18.951862,18.863548,0.0,0.0,0.0,0.0,4.0,0.0,0.0,0.0
30550,2023.0,8.0,1.0,3.0,19.77863,19.83422,18.819132,18.717545,19.42221,19.321615,19.244331,19.151306,19.508026,19.924818,18.875269,18.794615,20.569841,21.0909,19.45729,19.35985,18.924288,18.83638,0.0,0.0,0.0,4.0,0.0,4.0,0.0,0.0
30551,2023.0,8.0,1.0,3.0,19.758102,19.81274,18.80387,18.70162,19.40044,19.299576,19.222492,19.129229,19.745264,20.238276,18.77986,18.67388,19.921679,19.707062,19.432148,19.334522,18.897148,18.808992,0.0,0.0,0.0,4.0,0.0,0.0,0.0,0.0
30552,2023.0,8.0,1.0,4.0,19.738201,19.791779,18.788479,18.685455,19.378826,19.277487,19.200678,19.107029,19.081911,18.895157,18.74429,18.637735,19.723904,19.444853,19.407316,19.309376,18.870441,18.78194,0.0,0.0,0.0,0.0,0.0,0.0,0.0,0.0
30553,2023.0,8.0,1.0,4.0,19.71863,19.771255,18.772926,18.669172,19.35731,19.255566,19.179007,19.084988,19.457819,19.735838,18.711678,18.604683,19.665384,19.387161,19.38295,19.28479,19.573149,20.127314,0.0,0.0,0.0,4.0,0.0,0.0,0.0,4.0
30554,2023.0,8.0,1.0,4.0,19.698734,19.750322,18.757042,18.6525,19.335648,19.2334,19.157457,19.062849,19.007952,18.791166,18.681705,18.574053,19.775415,19.658464,19.358736,19.260248,19.864449,20.51276,0.0,0.0,0.0,0.0,0.0,0.0,0.0,4.0
30555,2023.0,8.0,1.0,4.0,19.678053,19.727917,18.740313,18.634315,19.313238,19.209656,19.135647,19.039452,18.82803,18.575554,18.652403,18.543253,19.777416,19.659384,19.33412,19.2347,19.790602,20.247326,0.0,0.0,0.0,0.0,0.0,0.0,0.0,4.0
30556,2023.0,8.0,1.0,4.0,19.658714,19.708504,18.72498,18.61915,19.292856,19.189827,19.116179,19.020166,18.903835,18.79875,18.626547,18.51817,19.757557,19.640133,19.311104,19.212244,19.09234,18.898956,0.0,0.0,0.0,0.0,0.0,0.0,0.0,0.0
30557,2023.0,8.0,1.0,4.0,19.63813,19.686977,18.708683,18.602245,19.2716,19.168144,19.095875,18.999138,18.895292,18.796543,18.896242,19.044582,19.737623,19.619959,19.287445,19.188408,19.63867,20.07715,0.0,0.0,0.0,0.0,4.0,0.0,0.0,4.0
30558,2023.0,8.0,1.0,5.0,19.61752,19.66551,18.692472,18.585487,19.25053,19.146772,19.075659,18.978397,18.863262,18.764214,18.702885,18.62207,19.717388,19.599646,19.263994,19.164913,19.06283,18.8762,0.0,0.0,0.0,0.0,0.0,0.0,0.0,0.0
30559,2023.0,8.0,1.0,5.0,19.597414,19.645113,18.677292,18.570637,19.230173,19.126783,19.056185,18.959091,18.832872,18.733881,18.91715,19.078455,19.69771,19.58035,19.24099,19.142218,18.849697,18.613705,0.0,0.0,0.0,0.0,4.0,0.0,0.0,0.0
30560,2023.0,8.0,1.0,5.0,19.578861,19.62755,18.663675,18.558552,19.87905,20.363352,19.03821,18.942743,18.805695,18.70846,18.709368,18.633871,19.679613,19.56372,20.164576,20.902,18.7726,18.544657,0.0,4.0,0.0,0.0,0.0,0.0,4.0,0.0
30561,2023.0,8.0,1.0,5.0,19.559786,19.608866,18.649794,18.545723,19.503817,19.516241,19.01961,18.925264,18.779217,18.68292,18.608778,18.502981,19.661654,19.546717,19.410587,19.253176,18.836573,18.742195,0.0,0.0,0.0,0.0,0.0,0.0,0.0,0.0
30562,2023.0,8.0,1.0,5.0,19.540796,19.590265,18.635897,18.532932,19.135775,18.871197,19.000917,18.907764,18.754234,18.658895,18.57593,18.471006,19.644606,19.530647,20.14777,20.781734,18.825932,18.737844,0.0,0.0,0.0,0.0,0.0,0.0,4.0,0.0
30563,2023.0,8.0,1.0,5.0,19.531662,19.59132,18.62192,18.52011,19.020662,18.724379,18.982224,18.89027,18.731007,18.636644,18.836126,18.98253,19.62847,19.515516,19.457579,19.293032,18.793747,18.706251,0.0,0.0,0.0,0.0,4.0,0.0,0.0,0.0
30564,2023.0,8.0,1.0,6.0,19.522959,19.589636,19.05104,19.336756,19.739962,20.146664,18.963554,18.872671,18.70967,18.61623,18.65052,18.576645,19.61331,19.50133,19.21812,18.985062,19.492853,20.049072,4.0,4.0,0.0,0.0,0.0,0.0,0.0,4.0
30565,2023.0,8.0,1.0,6.0,21.20813,22.5714,20.13585,21.177877,21.18966,22.58077,21.241344,22.937412,18.691809,18.60063,18.865572,19.031363,21.226044,22.31059,21.24572,22.533493,20.078035,20.966766,0.0,0.0,0.0,0.0,4.0,0.0,4.0,0.0
30566,2023.0,8.0,1.0,6.0,20.97954,21.935066,19.312666,19.403028,20.994865,21.97158,21.003845,22.216381,18.67676,18.58818,20.145432,21.182108,21.007116,21.790373,20.979542,21.89756,19.860739,20.35095,0.0,4.0,0.0,0.0,4.0,0.0,4.0,4.0
30567,2023.0,8.0,1.0,6.0,21.005558,21.893368,18.856022,18.772093,21.045399,21.969826,21.034561,22.126432,18.665623,18.579624,19.995861,20.722883,21.023706,21.724808,21.046694,21.947586,20.07121,20.753746,0.0,0.0,0.0,0.0,4.0,0.0,0.0,0.0
30568,2023.0,8.0,1.0,6.0,21.009598,21.825752,18.77865,18.686441,21.006609,21.788225,21.029728,22.016544,18.658176,18.575048,20.022257,20.665518,21.017202,21.607,21.030111,21.827225,19.97474,20.440178,0.0,4.0,0.0,0.0,4.0,4.0,0.0,4.0
30569,2023.0,8.0,1.0,6.0,21.024256,21.797497,18.735657,18.643332,21.03655,21.78626,21.07196,22.021088,18.653412,18.573317,20.042044,20.616014,21.063765,21.669922,21.073923,21.838879,19.997305,20.476755,0.0,4.0,0.0,0.0,4.0,0.0,0.0,4.0
30570,2023.0,8.0,1.0,7.0,21.035198,21.807785,18.706627,18.619116,21.012009,21.70367,21.025362,21.882664,19.264015,19.729717,20.01315,20.509506,20.992586,21.456606,21.02711,21.699474,20.030941,20.532282,0.0,4.0,0.0,4.0,4.0,4.0,0.0,0.0
30571,2023.0,8.0,1.0,7.0,21.03023,21.764515,18.679674,18.5937,21.040667,21.754278,21.030903,21.857895,20.103142,21.018217,20.030766,20.515886,21.001524,21.445345,21.025093,21.673439,19.338573,19.162918,0.0,0.0,0.0,0.0,0.0,4.0,0.0,0.0
30572,2023.0,8.0,1.0,7.0,21.02984,21.736557,18.656898,18.572977,21.007961,21.642668,21.029688,21.828629,19.317776,19.345963,19.685879,19.796568,20.999935,21.420528,21.238308,22.022074,19.045732,18.844316,0.0,4.0,0.0,0.0,4.0,4.0,4.0,0.0
30573,2023.0,8.0,1.0,7.0,21.02923,21.714376,19.098782,19.422567,21.013237,21.637585,21.029184,21.80718,18.96765,18.899033,20.077532,20.572092,21.03053,21.482708,20.999075,21.554302,19.064123,18.982271,4.0,4.0,0.0,0.0,4.0,0.0,0.0,0.0
30574,2023.0,8.0,1.0,7.0,21.020914,21.698723,20.130405,21.132278,21.03836,21.69719,21.028927,21.790745,18.899147,18.825548,20.021252,20.447296,21.03181,21.429827,21.033634,21.610527,19.047783,18.972435,0.0,0.0,0.0,0.0,0.0,4.0,0.0,0.0
30575,2023.0,8.0,1.0,7.0,21.022303,21.7,19.687746,20.091711,21.006083,21.598164,21.028536,21.777441,18.86485,18.791222,19.734133,19.84585,21.02563,21.433226,21.028706,21.586397,19.008034,18.935005,4.0,4.0,0.0,0.0,4.0,0.0,0.0,0.0
30576,2023.0,8.0,1.0,8.0,21.043388,21.710112,20.077866,20.834892,21.038067,21.675531,21.028343,21.767004,19.568611,20.141714,20.06066,20.491646,21.07397,21.47859,21.028517,21.572876,18.974049,18.902594,4.0,0.0,0.0,4.0,4.0,4.0,0.0,0.0
30577,2023.0,8.0,1.0,8.0,20.878761,21.37826,20.023647,20.665602,20.237955,20.12773,20.285152,20.328745,20.061762,20.800957,20.019783,20.400986,21.105211,21.516264,20.416708,20.394205,18.947426,18.8787,0.0,0.0,0.0,0.0,0.0,4.0,0.0,0.0
30578,2023.0,8.0,1.0,8.0,20.818935,21.323864,19.324688,19.268326,19.800417,19.57914,19.87292,19.818163,19.303331,19.220778,19.482533,19.346193,20.472294,20.30827,21.076103,21.856958,19.809473,20.528845,0.0,0.0,0.0,0.0,0.0,0.0,4.0,4.0
30579,2023.0,8.0,1.0,8.0,20.813879,21.326344,19.124641,19.041258,19.790113,19.68236,19.741701,19.671864,19.045755,18.866583,19.349472,19.228876,20.94447,21.327324,20.274128,20.179594,20.033936,20.76158,0.0,0.0,0.0,0.0,0.0,4.0,0.0,0.0
30580,2023.0,8.0,1.0,8.0,20.808191,21.328896,19.053928,18.987692,19.748034,19.668951,19.63399,19.56744,19.047684,18.956316,19.307587,19.20463,20.482698,20.326574,19.854107,19.66498,19.297989,19.22225,0.0,0.0,0.0,0.0,0.0,0.0,0.0,0.0
30581,2023.0,8.0,1.0,8.0,20.808416,21.336487,19.437674,19.760908,19.687334,19.612827,19.560036,19.495148,19.039162,18.96099,19.62533,19.844212,20.986761,21.399351,19.753963,19.562263,19.069307,18.913902,4.0,0.0,0.0,0.0,4.0,4.0,0.0,0.0
30582,2023.0,8.0,1.0,9.0,20.223482,20.249548,20.0686,20.822836,19.628798,19.559204,19.494003,19.433523,19.015842,18.940474,20.058743,20.57853,21.130648,21.584005,19.689337,19.50601,19.07443,18.995064,4.0,0.0,0.0,0.0,0.0,4.0,0.0,0.0
30583,2023.0,8.0,1.0,9.0,19.935745,19.910885,20.022282,20.661633,19.568214,19.503191,20.084366,20.60571,18.990246,18.91667,19.93235,20.247925,21.175472,21.629728,20.703028,21.494709,19.053076,18.98283,0.0,0.0,4.0,0.0,4.0,4.0,4.0,0.0
30584,2023.0,8.0,1.0,9.0,19.818924,19.790735,19.3611,19.334606,19.512976,19.450079,19.739594,19.79451,18.966322,18.893862,20.03398,20.458569,21.212696,21.669703,20.10102,20.036417,19.017536,18.949087,0.0,0.0,0.0,0.0,0.0,4.0,0.0,0.0
30585,2023.0,8.0,1.0,9.0,19.734488,19.706236,18.991367,18.851303,19.46419,19.403479,19.354288,19.22529,18.94463,18.873325,19.522234,19.4336,21.244268,21.704184,20.67483,21.36131,18.985128,18.917946,0.0,0.0,0.0,0.0,0.0,4.0,4.0,0.0
30586,2023.0,8.0,1.0,9.0,19.778126,19.853428,18.97933,18.908478,19.427362,19.36867,19.244848,19.096235,18.927835,18.857603,19.291822,19.10353,21.269539,21.73269,19.996647,19.929306,18.96083,18.894785,0.0,0.0,0.0,0.0,0.0,4.0,0.0,0.0
30587,2023.0,8.0,1.0,9.0,20.464222,21.174707,19.388836,19.714418,19.393139,19.337393,19.935871,20.460815,18.912004,18.843262,19.28683,19.175196,21.293036,21.759249,20.694857,21.372707,18.938406,18.874008,4.0,0.0,4.0,0.0,0.0,4.0,4.0,0.0
30588,2023.0,8.0,1.0,10.0,19.922384,20.004692,20.090572,20.91345,19.36155,19.30824,20.016531,20.466593,19.620752,20.195145,19.26738,19.172846,21.315565,21.78508,20.030653,19.971363,18.918211,18.855207,0.0,0.0,4.0,4.0,0.0,4.0,0.0,0.0
30589,2023.0,8.0,1.0,10.0,19.638449,19.652637,19.80647,20.232502,19.330976,19.282946,19.474327,19.441517,20.047245,20.75801,19.230303,19.143284,21.344645,21.822725,20.6528,21.358824,18.900187,18.840803,4.0,0.0,0.0,0.0,0.0,4.0,4.0,0.0
30590,2023.0,8.0,1.0,10.0,20.267672,20.892555,20.068937,20.752535,19.30427,19.261112,19.220884,19.119978,19.372305,19.35395,19.196817,19.114723,21.374685,21.861311,20.068869,20.022242,18.884703,18.828825,0.0,0.0,0.0,0.0,0.0,4.0,0.0,0.0
30591,2023.0,8.0,1.0,10.0,19.89625,20.007687,19.424776,19.45051,19.280224,19.241985,19.146458,19.048466,19.066357,18.963634,19.170063,19.093771,20.748276,20.66484,19.73982,19.614208,18.871145,18.818542,0.0,0.0,0.0,0.0,0.0,0.0,0.0,0.0
30592,2023.0,8.0,1.0,10.0,20.381775,21.013044,19.212347,19.181528,19.260893,19.22745,19.835651,20.390715,19.751808,20.310028,19.152693,19.081038,21.21257,21.657045,20.617357,21.338999,18.86086,18.811237,0.0,0.0,4.0,4.0,0.0,4.0,4.0,0.0
30593,2023.0,8.0,1.0,10.0,20.50387,21.135036,19.13453,19.104725,19.241257,19.211565,19.934984,20.422676,20.056849,20.754353,19.13631,19.06849,21.376394,21.89882,20.87485,21.638397,18.851473,18.804384,0.0,0.0,4.0,0.0,0.0,4.0,4.0,0.0
30594,2023.0,8.0,1.0,11.0,20.556738,21.193235,19.07238,19.05414,19.223778,19.199823,19.428162,19.446632,19.4496,19.462128,19.12168,19.059217,21.422235,21.946972,20.10896,20.10076,18.843779,18.799877,0.0,0.0,0.0,0.0,0.0,4.0,0.0,0.0
30595,2023.0,8.0,1.0,11.0,20.001131,20.118425,19.02395,19.006605,19.206856,19.185286,19.236828,19.179153,19.227322,19.137756,19.108923,19.048437,21.456255,21.984877,19.849913,19.736937,18.83685,18.79425,0.0,0.0,0.0,0.0,0.0,4.0,0.0,0.0
30596,2023.0,8.0,1.0,11.0,20.492315,21.149921,18.982422,18.968733,19.86795,20.445314,19.176035,19.123009,19.194956,19.136927,19.09679,19.038536,20.831762,20.786844,19.764086,19.65412,18.829893,18.788677,0.0,4.0,0.0,0.0,0.0,0.0,0.0,0.0
30597,2023.0,8.0,1.0,11.0,20.597015,21.248758,18.945982,18.935017,19.486473,19.583961,19.844381,20.428038,19.164639,19.112654,19.085566,19.029268,21.299507,21.777336,19.706375,19.602537,18.822956,18.78302,0.0,0.0,4.0,0.0,0.0,4.0,0.0,0.0
30598,2023.0,8.0,1.0,11.0,20.63187,21.282051,18.913342,18.905062,19.260376,19.220915,19.398413,19.449085,19.13517,19.085203,19.075216,19.020868,20.787094,20.744488,19.698101,19.635595,18.816416,18.777779,0.0,0.0,0.0,0.0,0.0,0.0,0.0,0.0
30599,2023.0,8.0,1.0,11.0,20.082426,20.225763,19.330997,19.71639,19.205097,19.161654,19.851423,20.386871,19.110598,19.062819,19.065975,19.01368,20.574745,20.435488,19.6731,19.617496,18.810741,18.773533,4.0,0.0,4.0,0.0,0.0,0.0,0.0,0.0
30600,2023.0,8.0,1.0,12.0,19.888113,19.974707,20.100824,21.017967,19.197758,19.183388,19.41275,19.461378,19.08944,19.043753,19.057648,19.007345,21.222445,21.734156,19.643866,19.59118,18.80552,18.769823,0.0,0.0,0.0,0.0,0.0,4.0,0.0,0.0
30601,2023.0,8.0,1.0,12.0,21.123209,22.214542,19.442564,19.618204,21.225462,22.811716,21.224794,22.814642,19.066978,19.022942,19.049295,19.000446,20.98668,21.203945,21.215702,22.351126,18.798685,18.763699,0.0,0.0,0.0,0.0,0.0,0.0,0.0,0.0
30602,2023.0,8.0,1.0,12.0,20.983124,21.843065,19.512709,19.940422,20.993628,22.141525,20.97582,22.09787,19.045782,19.002306,19.040718,18.992685,21.017853,21.274784,20.995996,21.841784,18.792166,18.757605,4.0,0.0,4.0,0.0,0.0,0.0,0.0,0.0
30603,2023.0,8.0,1.0,12.0,21.032717,21.902342,20.067228,20.82945,21.006289,22.012396,21.0433,22.126696,19.028347,18.985884,19.033371,18.986362,21.013004,21.268568,21.024813,21.808376,18.787714,18.754082,4.0,4.0,0.0,0.0,0.0,0.0,0.0,0.0
30604,2023.0,8.0,1.0,12.0,21.008532,21.775215,20.050537,20.728615,21.075459,22.077477,21.034842,21.98617,19.014399,18.973593,19.028025,18.982426,21.020779,21.290518,21.052814,21.793581,18.785006,18.75256,0.0,0.0,4.0,0.0,0.0,0.0,0.0,0.0
30605,2023.0,8.0,1.0,12.0,21.0024,21.750803,19.452034,19.532154,21.025608,21.911583,21.036638,21.972927,19.003378,18.964539,19.024336,18.98044,21.00929,21.271353,21.017756,21.685202,18.783224,18.752012,0.0,0.0,0.0,0.0,0.0,0.0,0.0,0.0
30606,2023.0,8.0,1.0,13.0,21.030087,21.808624,19.557878,19.91456,21.031786,21.87599,21.032612,21.92155,19.739038,20.36677,19.02028,18.977865,21.491337,22.178493,21.021864,21.661871,18.781748,18.751732,4.0,0.0,0.0,4.0,0.0,4.0,0.0,0.0
30607,2023.0,8.0,1.0,13.0,20.99509,21.698397,20.06121,20.737942,21.02556,21.835024,21.031593,21.885635,20.028534,20.67476,19.016907,18.976404,21.52214,22.082325,21.351856,22.23115,18.78089,18.752502,4.0,0.0,0.0,0.0,0.0,4.0,4.0,0.0
30608,2023.0,8.0,1.0,13.0,21.029135,21.775208,20.017744,20.623655,21.026093,21.812162,21.027575,21.858526,19.463528,19.500751,19.014921,18.976385,20.96773,21.109602,21.375488,22.146847,18.780342,18.753502,0.0,0.0,0.0,0.0,0.0,0.0,4.0,0.0
30609,2023.0,8.0,1.0,13.0,21.021608,21.746256,19.835974,20.215118,21.025236,21.79134,21.027313,21.841955,19.206358,19.167189,19.013914,18.977299,21.017923,21.232262,20.973125,21.454247,18.780043,18.754694,4.0,0.0,0.0,0.0,0.0,0.0,0.0,0.0
30610,2023.0,8.0,1.0,13.0,20.996769,21.663958,20.053602,20.658863,21.025139,21.775303,21.027153,21.827969,19.15326,19.119663,19.013618,18.978777,21.451984,22.054104,21.027418,21.563179,18.78008,18.756054,0.0,0.0,0.0,0.0,0.0,4.0,0.0,0.0
30611,2023.0,8.0,1.0,13.0,21.029102,21.744638,19.519655,19.59569,21.024668,21.761183,21.026678,21.815441,19.126974,19.094172,19.014662,18.98113,21.556238,22.130974,21.020948,21.546942,18.780954,18.757992,0.0,0.0,0.0,0.0,0.0,4.0,0.0,0.0
30612,2023.0,8.0,1.0,14.0,21.014637,21.676079,19.710815,20.12929,21.024372,21.74916,21.000391,21.73291,19.107826,19.076414,19.016605,18.983904,20.960625,21.065075,21.020653,21.539816,18.782967,18.760685,4.0,0.0,4.0,0.0,0.0,0.0,0.0,0.0
30613,2023.0,8.0,1.0,14.0,21.021582,21.695793,20.046177,20.670479,20.382572,20.504147,20.3094,20.431536,19.094606,19.064388,19.020922,18.989222,20.719248,20.63756,20.514206,20.560226,18.786776,18.76518,0.0,0.0,0.0,0.0,0.0,0.0,0.0,0.0
30614,2023.0,8.0,1.0,14.0,20.45056,20.621655,19.540195,19.650406,20.00716,20.021574,19.899809,19.902954,19.08607,19.056559,19.027534,18.996435,20.607542,20.515554,20.225447,20.180107,18.791262,18.77023,0.0,0.0,0.0,0.0,0.0,0.0,0.0,0.0
30615,2023.0,8.0,1.0,14.0,20.917253,21.630182,19.7703,20.180336,19.894575,19.896402,19.782969,19.782007,19.083395,19.05434,19.40498,19.69923,21.286915,21.842543,20.1443,20.098377,18.795845,18.774923,4.0,0.0,0.0,0.0,4.0,4.0,0.0,0.0
30616,2023.0,8.0,1.0,14.0,20.989294,21.686398,20.041052,20.641045,19.81572,19.818668,19.708954,19.720753,19.0826,19.05391,20.085846,20.826023,20.812355,20.828281,20.087507,20.042862,18.800947,18.77994,0.0,0.0,0.0,0.0,0.0,0.0,0.0,0.0
30617,2023.0,8.0,1.0,14.0,21.00453,21.702618,19.922651,20.346462,20.411617,21.011187,19.631414,19.647896,19.083118,19.05482,19.56435,19.683216,20.57944,20.509878,20.031712,19.988464,18.806505,18.78537,4.0,4.0,0.0,0.0,0.0,0.0,0.0,0.0
30618,2023.0,8.0,1.0,15.0,21.028048,21.729557,20.01616,20.514114,19.98647,20.101263,19.574968,19.592665,19.086073,19.058313,19.348442,19.321781,20.537197,20.466093,19.993399,19.950699,18.811668,18.790636,4.0,0.0,0.0,0.0,0.0,0.0,0.0,0.0
30619,2023.0,8.0,1.0,15.0,20.474363,20.67842,20.01844,20.523438,20.332872,20.90471,19.515877,19.535978,19.811445,20.425888,19.290617,19.255514,21.280657,21.907843,19.952984,19.911188,18.815685,18.793707,0.0,4.0,0.0,4.0,0.0,4.0,0.0,0.0
30620,2023.0,8.0,1.0,15.0,20.209692,20.363272,19.607592,19.720707,20.50096,21.073915,19.462149,19.482916,20.016476,20.588776,19.267355,19.230371,20.852945,20.887386,19.91684,19.875143,18.818844,18.796108,0.0,4.0,0.0,0.0,0.0,0.0,0.0,0.0
30621,2023.0,8.0,1.0,15.0,20.7878,21.528471,19.794296,20.208225,19.989056,20.085203,20.098902,20.723383,19.565958,19.645937,19.252556,19.215149,21.348927,21.958778,19.886354,19.845196,18.82141,18.798153,4.0,0.0,4.0,0.0,0.0,4.0,0.0,0.0
30622,2023.0,8.0,1.0,15.0,20.896368,21.612898,20.037018,20.61219,19.792555,19.81694,19.694277,19.828741,19.402725,19.397816,19.617926,19.910831,21.497564,22.12363,20.85539,21.697845,18.823458,18.799946,0.0,0.0,0.0,0.0,4.0,4.0,4.0,0.0
30623,2023.0,8.0,1.0,15.0,20.354208,20.560192,19.955519,20.386488,19.703554,19.725327,19.439579,19.494324,19.344965,19.33494,20.042366,20.572937,21.568674,22.18994,20.343433,20.42164,18.825012,18.801516,4.0,0.0,0.0,0.0,0.0,4.0,0.0,0.0
30624,2023.0,8.0,1.0,16.0,20.741253,21.443556,20.02954,20.545202,19.646667,19.671339,19.386261,19.435442,19.296385,19.267221,19.661003,19.764896,20.986786,21.037172,21.022936,21.887611,18.825832,18.802555,0.0,0.0,0.0,0.0,0.0,0.0,4.0,0.0
30625,2023.0,8.0,1.0,16.0,20.361574,20.581968,19.984032,20.410454,20.258036,20.860933,20.0083,20.632303,19.970747,20.56559,19.415354,19.394676,20.701818,20.640099,20.431587,20.512499,18.825851,18.80287,4.0,4.0,4.0,4.0,0.0,0.0,0.0,0.0
30626,2023.0,8.0,1.0,16.0,20.179419,20.339975,20.02267,20.493834,19.851015,19.96645,20.155582,20.759712,20.003632,20.51465,19.746157,20.052866,20.635536,20.566046,20.168974,20.13059,18.8255,18.803003,0.0,0.0,4.0,0.0,4.0,0.0,0.0,0.0
30627,2023.0,8.0,1.0,16.0,20.101168,20.262976,19.635372,19.73721,20.252857,20.858084,20.212645,20.808355,19.595348,19.662935,20.029623,20.476295,20.592026,20.52554,20.067656,20.02601,18.825556,18.803776,0.0,4.0,4.0,0.0,0.0,0.0,0.0,0.0
30628,2023.0,8.0,1.0,16.0,20.713102,21.462137,19.84826,20.26513,20.423737,21.009207,20.274385,20.866077,19.405931,19.4096,20.021568,20.391132,21.317148,21.940619,20.00824,19.969576,18.826157,18.80528,4.0,4.0,4.0,0.0,4.0,4.0,0.0,0.0
30629,2023.0,8.0,1.0,16.0,20.841272,21.569147,20.025875,20.552324,20.472336,21.054375,20.319292,20.91,19.339642,19.314827,20.012566,20.370499,20.821743,20.869295,19.967579,19.928917,18.827122,18.80728,0.0,4.0,4.0,0.0,0.0,0.0,0.0,0.0
30630,2023.0,8.0,1.0,17.0,20.893738,21.615576,19.61474,19.721706,19.960283,20.055016,20.363192,20.951872,19.302034,19.275223,19.688248,19.723211,20.56795,20.515991,19.930603,19.893522,18.828524,18.809708,0.0,0.0,4.0,0.0,0.0,0.0,0.0,0.0
30631,2023.0,8.0,1.0,17.0,20.374327,20.603556,19.864683,20.26697,19.776873,19.80913,20.394577,20.97993,19.28292,19.256275,19.556253,19.530508,20.523247,20.46633,20.893867,21.740702,19.71895,20.49154,4.0,0.0,4.0,0.0,0.0,0.0,4.0,4.0
30632,2023.0,8.0,1.0,17.0,20.836988,21.573336,20.02218,20.523703,19.702602,19.729082,20.424288,21.006956,19.266556,19.240103,19.50488,19.47182,20.497087,20.440632,20.28632,20.382599,20.020239,20.835756,0.0,0.0,4.0,0.0,0.0,0.0,0.0,4.0
30633,2023.0,8.0,1.0,17.0,20.98934,21.70183,19.99583,20.41731,19.646013,19.672699,19.890326,19.97944,19.250544,19.224442,19.464876,19.431551,20.485115,20.443743,19.95075,19.924673,20.018652,20.738348,4.0,0.0,0.0,0.0,0.0,0.0,0.0,0.0
30634,2023.0,8.0,1.0,17.0,20.432215,20.63384,20.020073,20.476273,19.591364,19.608393,20.276924,20.870155,19.237453,19.21184,19.433506,19.400293,21.226656,21.86985,19.888315,19.858599,19.443632,19.543676,0.0,0.0,4.0,0.0,0.0,4.0,0.0,0.0
30635,2023.0,8.0,1.0,17.0,20.178083,20.326815,20.017387,20.432085,20.22929,20.844788,20.433788,21.01479,19.22578,19.200497,19.77229,20.061094,21.457163,22.088717,19.857594,19.827662,19.173439,19.17958,4.0,4.0,4.0,0.0,4.0,4.0,0.0,0.0
30636,2023.0,8.0,1.0,18.0,20.108553,20.252638,20.015446,20.438927,19.815903,19.927822,19.905006,19.9965,19.216923,19.19172,20.03005,20.47501,21.51947,22.145678,19.833984,19.802107,19.122822,19.12496,0.0,0.0,0.0,0.0,0.0,4.0,0.0,0.0
30637,2023.0,8.0,1.0,18.0,21.130856,22.095476,19.68454,19.7963,21.177443,22.46557,21.138084,22.307974,19.207325,19.18247,20.045069,20.42419,20.990036,21.181494,21.184776,22.170137,19.06949,19.049112,0.0,0.0,4.0,0.0,4.0,0.0,0.0,0.0
30638,2023.0,8.0,1.0,18.0,20.99502,21.74997,19.455803,19.481943,20.996204,21.942347,20.981974,21.87736,19.19828,19.173151,20.007229,20.34548,21.017653,21.248537,20.992353,21.720455,19.03246,19.009039,0.0,0.0,4.0,0.0,0.0,0.0,0.0,0.0
30639,2023.0,8.0,1.0,18.0,21.040771,21.7949,19.376474,19.392761,21.017532,21.85971,21.065641,21.993738,19.1907,19.16592,20.061493,20.407757,21.020435,21.257275,21.048475,21.754803,19.01135,18.988348,0.0,4.0,0.0,0.0,4.0,0.0,0.0,0.0
30640,2023.0,8.0,1.0,18.0,21.013372,21.704493,19.784704,20.203737,21.003794,21.776163,21.020922,21.83757,19.184053,19.160046,20.004436,20.29873,21.0089,21.23648,21.013557,21.628738,18.995817,18.973984,4.0,4.0,0.0,0.0,0.0,0.0,0.0,0.0
30641,2023.0,8.0,1.0,18.0,21.136845,21.888899,20.02879,20.55037,21.030935,21.807415,21.001616,21.736761,19.904112,20.52766,19.717808,19.737999,21.008417,21.240498,21.018616,21.60063,18.982372,18.961817,0.0,0.0,4.0,4.0,0.0,0.0,0.0,0.0
30642,2023.0,8.0,1.0,19.0,21.12733,21.812267,20.013037,20.451391,20.999002,21.68585,21.03189,21.791195,20.003725,20.509216,19.563034,19.537432,21.008566,21.245024,21.017633,21.571089,19.925018,20.762299,4.0,4.0,0.0,0.0,0.0,0.0,0.0,4.0
30643,2023.0,8.0,1.0,19.0,21.138485,21.826729,20.0182,20.464598,21.004478,21.672043,21.025274,21.751911,19.569548,19.61298,19.50589,19.47441,21.008394,21.248777,21.017693,21.550861,19.995705,20.626245,0.0,4.0,0.0,0.0,0.0,0.0,0.0,0.0
30644,2023.0,8.0,1.0,19.0,21.148096,21.8252,20.007376,20.398457,21.029613,21.723606,20.999687,21.658405,19.374527,19.362919,19.465446,19.435236,21.00889,21.253027,21.017296,21.53493,19.446657,19.499315,4.0,0.0,4.0,0.0,0.0,0.0,0.0,0.0
30645,2023.0,8.0,1.0,19.0,21.003859,21.584688,20.0025,20.383871,21.023834,21.68969,21.031258,21.729378,20.038328,20.662874,19.430574,19.401505,21.008995,21.256468,21.017385,21.523815,19.200016,19.18676,4.0,0.0,0.0,4.0,0.0,0.0,0.0,0.0
30646,2023.0,8.0,1.0,19.0,21.116924,21.773142,20.017523,20.421093,21.024143,21.66979,21.024885,21.701183,20.275179,20.877102,19.398031,19.36994,21.009357,21.260431,21.466791,22.339329,20.035852,20.826893,0.0,0.0,0.0,4.0,0.0,0.0,4.0,4.0
30647,2023.0,8.0,1.0,19.0,21.157446,21.81117,20.018763,20.388067,20.99728,21.57841,21.025152,21.686373,19.980055,20.323425,19.36731,19.340956,21.009373,21.263887,20.947275,21.317629,20.319939,21.06992,4.0,4.0,0.0,0.0,0.0,0.0,0.0,4.0
30648,2023.0,8.0,1.0,20.0,21.000395,21.547459,20.016195,20.378181,21.00313,21.581623,21.021473,21.671957,20.282309,20.863592,19.338074,19.313839,21.488146,22.164381,21.028318,21.490496,20.395035,21.13559,4.0,4.0,0.0,4.0,0.0,4.0,0.0,4.0
30649,2023.0,8.0,1.0,20.0,21.141714,21.793892,20.015882,20.391396,21.028906,21.646784,21.021742,21.664837,20.396446,20.971687,19.723066,20.071032,20.950274,21.099443,21.018564,21.47437,19.96764,20.353283,0.0,0.0,0.0,4.0,4.0,0.0,0.0,0.0
30650,2023.0,8.0,1.0,20.0,21.179327,21.819334,19.644367,19.667734,21.0229,21.621716,20.997356,21.589228,20.439764,21.005104,20.02143,20.482533,21.01961,21.255625,21.019995,21.47733,19.529148,19.517303,0.0,0.0,4.0,4.0,4.0,0.0,0.0,0.0
30651,2023.0,8.0,1.0,20.0,20.999517,21.515919,19.853088,20.179064,21.023558,21.609518,21.03115,21.668053,19.970304,20.177584,20.016201,20.4378,21.01214,21.250517,21.016737,21.475935,20.220259,20.983475,4.0,0.0,0.0,0.0,0.0,0.0,0.0,4.0
30652,2023.0,8.0,1.0,20.0,21.14366,21.77199,20.024845,20.43354,21.052963,21.631477,21.024052,21.64146,20.331324,20.874826,19.587057,19.574432,21.010014,21.258955,21.01732,21.47965,19.962952,20.343513,0.0,4.0,0.0,4.0,0.0,0.0,0.0,0.0
30653,2023.0,8.0,1.0,20.0,21.190607,21.814863,19.622904,19.63423,21.021248,21.587723,21.02488,21.630835,19.962187,20.156866,19.37307,19.312548,21.47348,22.135048,21.017574,21.481153,19.516132,19.48554,0.0,0.0,0.0,0.0,0.0,4.0,0.0,0.0
30654,2023.0,8.0,1.0,21.0,21.195547,21.809116,19.903704,20.295141,20.99743,21.51097,21.020472,21.620224,19.659021,19.606958,19.33506,19.308205,21.496058,22.030975,21.017424,21.48089,19.30462,19.246548,4.0,4.0,0.0,0.0,0.0,4.0,0.0,0.0
30655,2023.0,8.0,1.0,21.0,21.19757,21.80213,20.032665,20.43267,21.048391,21.635754,21.043016,21.660688,19.482355,19.401728,19.299913,19.275524,21.500797,22.027124,21.035725,21.515377,19.218126,19.15818,4.0,0.0,0.0,0.0,0.0,4.0,0.0,0.0
30656,2023.0,8.0,1.0,21.0,20.997833,21.469828,19.997213,20.344183,21.019695,21.559467,21.017958,21.606535,20.194786,20.827452,19.2631,19.241182,21.519081,22.03529,21.014988,21.472067,20.138872,20.963486,4.0,0.0,0.0,4.0,0.0,4.0,0.0,4.0
30657,2023.0,8.0,1.0,21.0,21.138107,21.722954,20.001558,20.3383,20.997568,21.48543,21.021185,21.609543,19.960545,20.229542,19.225292,19.202576,20.955309,21.036966,21.017899,21.476974,19.967178,20.413403,4.0,4.0,0.0,0.0,0.0,0.0,0.0,0.0
30658,2023.0,8.0,1.0,21.0,20.999697,21.471004,20.019762,20.37846,21.029451,21.56661,21.02074,21.6046,20.249912,20.755123,19.56259,19.865936,21.02031,21.202755,21.017735,21.475193,19.448277,19.388662,0.0,0.0,0.0,4.0,4.0,0.0,0.0,0.0
30659,2023.0,8.0,1.0,21.0,21.138767,21.716934,19.612473,19.581099,20.997017,21.473532,21.020792,21.600382,19.980295,20.224579,20.063398,20.651722,21.013662,21.209984,21.017796,21.47363,20.13211,20.861475,0.0,4.0,0.0,0.0,0.0,0.0,0.0,4.0
30660,2023.0,8.0,1.0,22.0,20.995668,21.45579,19.359123,19.23943,21.00337,21.483746,21.020308,21.594662,20.281937,20.78361,19.890133,20.211525,21.014902,21.225088,21.016806,21.469921,20.347998,20.997948,0.0,4.0,0.0,4.0,4.0,0.0,0.0,4.0
30661,2023.0,8.0,1.0,22.0,21.121624,21.678322,19.35869,19.31469,21.002941,21.480957,21.020447,21.589575,19.97571,20.188826,20.04376,20.509235,21.478336,22.10938,21.476477,22.312643,20.331484,20.918016,0.0,4.0,0.0,0.0,0.0,4.0,4.0,4.0
30662,2023.0,8.0,1.0,22.0,21.00423,21.464598,19.783642,20.137274,21.003109,21.478226,21.020426,21.58439,19.607517,19.500008,19.512138,19.436857,20.956867,21.08091,20.953432,21.283045,20.355629,20.93196,4.0,4.0,0.0,0.0,0.0,0.0,0.0,4.0
30663,2023.0,8.0,1.0,22.0,21.03827,21.536171,20.035212,20.515894,21.050098,21.593792,21.04169,21.62005,19.404758,19.270584,19.33004,19.286116,21.03019,21.259249,21.0436,21.487543,20.386341,20.953682,0.0,0.0,0.0,0.0,0.0,0.0,0.0,4.0
30664,2023.0,8.0,1.0,22.0,21.01586,21.485868,19.642962,19.692398,21.02039,21.514954,21.017334,21.566338,20.07939,20.632395,19.584518,19.804409,21.013287,21.22203,21.017773,21.421885,20.41014,20.966902,0.0,0.0,0.0,4.0,4.0,0.0,0.0,4.0
30665,2023.0,8.0,1.0,22.0,21.013582,21.490608,19.410412,19.376585,20.997911,21.439554,21.020704,21.56925,19.979565,20.280066,20.071445,20.602036,21.011051,21.235268,21.022602,21.431314,19.96048,20.186771,0.0,4.0,0.0,0.0,0.0,0.0,0.0,0.0
30666,2023.0,8.0,1.0,23.0,21.26208,21.94483,19.33827,19.292177,21.030582,21.521162,21.020206,21.564491,20.127895,20.5182,19.568253,19.57283,21.011694,21.248478,21.017061,21.429462,19.537605,19.403782,0.0,0.0,0.0,4.0,0.0,0.0,0.0,0.0
30667,2023.0,8.0,1.0,23.0,20.62262,20.652403,19.2941,19.24585,20.406412,20.313118,21.041836,21.57355,19.60751,19.493834,19.333872,19.288334,20.702932,20.663061,20.544928,20.526224,19.332762,19.195307,0.0,0.0,4.0,0.0,0.0,0.0,0.0,0.0
30668,2023.0,8.0,1.0,23.0,20.355173,20.286964,19.263454,19.213129,20.120146,19.9081,20.488886,20.53,19.40911,19.250736,19.26619,19.212646,20.585794,20.518278,20.368174,20.312489,19.249283,19.110783,0.0,0.0,0.0,0.0,0.0,0.0,0.0,0.0
30669,2023.0,8.0,1.0,23.0,20.915247,21.43127,19.235868,19.184965,20.129713,20.043053,20.101099,19.91336,19.326454,19.169445,19.217508,19.162352,20.524208,20.455866,20.276041,20.221663,19.269966,19.22026,0.0,0.0,0.0,0.0,0.0,0.0,0.0,0.0
30670,2023.0,8.0,1.0,23.0,20.431444,20.440252,19.652905,19.988409,20.091663,20.026508,19.939669,19.727295,19.35638,19.298292,19.174435,19.118233,20.47017,20.400812,20.196527,20.138596,19.24265,19.198254,4.0,0.0,0.0,0.0,0.0,0.0,0.0,0.0
30671,2023.0,8.0,1.0,23.0,20.22824,20.168673,19.384048,19.397882,20.032183,19.966677,19.9754,19.899637,19.334595,19.281906,19.13464,19.076616,20.42116,20.349932,20.127449,20.067352,19.201195,19.155397,0.0,0.0,0.0,0.0,0.0,0.0,0.0,0.0
30672,2023.0,8.0,2.0,0.0,20.148361,20.090197,19.259443,19.215021,19.980629,19.916887,19.940115,19.882017,19.877872,20.334827,19.100157,19.042223,20.378683,20.30769,20.068905,20.009527,19.896862,20.498852,0.0,0.0,0.0,4.0,0.0,0.0,0.0,4.0
30673,2023.0,8.0,2.0,0.0,20.2185,20.29644,19.212502,19.158272,19.93078,19.8658,19.885054,19.82696,19.49267,19.490517,19.066057,19.006025,20.337452,20.264399,20.013762,19.952578,19.302565,19.212498,0.0,0.0,0.0,0.0,0.0,0.0,0.0,0.0
30674,2023.0,8.0,2.0,0.0,20.212812,20.308868,19.1764,19.116074,19.880596,19.810156,19.828629,19.764729,19.224325,19.057629,19.030857,18.966095,20.296375,20.218847,19.960436,19.894783,19.094687,18.944788,0.0,0.0,0.0,0.0,0.0,0.0,0.0,0.0
30675,2023.0,8.0,2.0,0.0,20.179369,20.273857,19.148863,19.086426,19.837866,19.766115,19.780329,19.715233,19.13771,18.964788,18.999533,18.932556,20.259926,20.180323,19.913603,19.846235,19.131031,19.086327,0.0,0.0,0.0,0.0,0.0,0.0,0.0,0.0
30676,2023.0,8.0,2.0,0.0,20.146164,20.238781,19.12345,19.058823,19.797935,19.7248,19.73526,19.668917,19.197632,19.145369,18.96933,18.900106,20.225363,20.143658,19.869894,19.800776,19.092957,19.03728,0.0,0.0,0.0,0.0,0.0,0.0,0.0,0.0
30677,2023.0,8.0,2.0,0.0,20.115456,20.20789,19.101633,19.036802,19.763033,19.691048,19.695963,19.631222,19.76684,20.229034,18.941814,18.872068,20.19387,20.111532,19.830355,19.761017,19.057518,19.001413,0.0,0.0,0.0,4.0,0.0,0.0,0.0,0.0
30678,2023.0,8.0,2.0,1.0,20.084234,20.173946,19.079195,19.012346,19.728037,19.65494,19.65677,19.591072,19.36956,19.356846,18.913729,18.842083,20.162632,20.078545,19.791916,19.721212,19.755785,20.3448,0.0,0.0,0.0,0.0,0.0,0.0,0.0,4.0
30679,2023.0,8.0,2.0,1.0,20.055172,20.14297,19.05813,18.989708,19.695114,19.621113,19.62012,19.553522,19.66423,19.974247,18.886656,18.813425,20.132849,20.04729,19.755518,19.683577,19.154661,19.041874,0.0,0.0,0.0,4.0,0.0,0.0,0.0,0.0
30680,2023.0,8.0,2.0,1.0,20.02725,20.112795,19.037838,18.96767,19.663643,19.588345,19.58541,19.5174,19.207872,19.034819,18.860369,18.785261,20.104141,20.016806,19.720732,19.64717,18.954351,18.787403,0.0,0.0,0.0,0.0,0.0,0.0,0.0,0.0
30681,2023.0,8.0,2.0,1.0,19.999725,20.082254,19.016928,18.943722,19.632086,19.553917,19.550716,19.479635,19.048708,18.850164,18.83405,18.756027,20.075912,19.986023,19.686975,19.611055,18.885242,18.71526,0.0,0.0,0.0,0.0,0.0,0.0,0.0,0.0
30682,2023.0,8.0,2.0,1.0,19.974253,20.055105,18.998133,18.923538,19.603846,19.524872,19.51967,19.447859,19.119823,19.058113,18.810232,18.73083,20.050112,19.958942,19.6561,19.579123,18.93664,18.871498,0.0,0.0,0.0,0.0,0.0,0.0,0.0,0.0
30683,2023.0,8.0,2.0,1.0,19.949217,20.028214,18.979765,18.903746,19.576763,19.496904,19.48993,19.417332,19.090986,19.016647,18.787453,18.70668,20.025469,19.933035,19.626776,19.54875,18.920456,18.854599,0.0,0.0,0.0,0.0,0.0,0.0,0.0,0.0
30684,2023.0,8.0,2.0,2.0,19.924683,20.001814,18.961645,18.88417,19.5505,19.469702,19.461191,19.387749,19.05967,18.984097,18.765497,18.683365,20.001772,19.908083,19.59868,19.519611,18.895048,18.828093,0.0,0.0,0.0,0.0,0.0,0.0,0.0,0.0
30685,2023.0,8.0,2.0,2.0,19.902288,19.979149,18.945791,18.868858,19.526829,19.446867,19.435228,19.3627,19.031914,18.956558,18.745958,18.66407,19.980392,19.886877,19.572998,19.494164,18.871302,18.804512,0.0,0.0,0.0,0.0,0.0,0.0,0.0,0.0
30686,2023.0,8.0,2.0,2.0,19.880703,19.95728,18.930565,18.854187,19.504185,19.42502,19.410467,19.338802,19.006296,18.931206,18.727825,18.646221,19.960316,19.867004,19.5488,19.470224,18.84884,18.782263,0.0,0.0,0.0,0.0,0.0,0.0,0.0,0.0
30687,2023.0,8.0,2.0,2.0,19.859703,19.93598,18.91572,18.839874,19.482307,19.403896,19.386623,19.315767,18.982662,18.907864,18.710897,18.629608,19.941362,19.848284,19.52588,19.447588,18.827797,18.761457,0.0,0.0,0.0,0.0,0.0,0.0,0.0,0.0
30688,2023.0,8.0,2.0,2.0,19.840075,19.916986,18.902348,18.828259,19.462545,19.386421,19.36516,19.29678,19.54813,19.989893,18.696745,18.616772,19.92482,19.832893,19.505497,19.428457,18.809443,18.74428,0.0,0.0,0.0,4.0,0.0,0.0,0.0,0.0
30689,2023.0,8.0,2.0,2.0,19.819859,19.896221,18.887915,18.814144,19.441622,19.365944,19.342499,19.27459,19.159233,19.12389,18.684235,18.604452,19.90948,19.817719,19.486315,19.409472,18.79259,18.727587,0.0,0.0,0.0,0.0,0.0,0.0,0.0,0.0
30690,2023.0,8.0,2.0,3.0,19.800364,19.876183,18.873688,18.800127,19.421112,19.34576,19.32037,19.252796,18.922129,18.735977,18.982952,19.175209,19.894732,19.803171,19.467848,19.391212,18.776611,18.711802,0.0,0.0,0.0,0.0,4.0,0.0,0.0,0.0
30691,2023.0,8.0,2.0,3.0,19.780552,19.855194,18.859009,18.784832,19.400322,19.324532,19.29811,19.230076,18.843056,18.6473,18.761337,18.683947,19.87958,19.78767,19.44915,19.372225,18.760506,18.6954,0.0,0.0,0.0,0.0,0.0,0.0,0.0,0.0
30692,2023.0,8.0,2.0,3.0,19.761992,19.836725,18.84556,18.771755,19.3812,19.306328,19.277798,19.21072,19.539497,20.01733,18.706743,18.627663,19.865065,19.773577,19.431297,19.354952,18.745224,18.680592,0.0,0.0,0.0,4.0,0.0,0.0,0.0,0.0
30693,2023.0,8.0,2.0,3.0,19.742514,19.81624,18.83127,18.75694,19.361208,19.28606,19.256615,19.18924,19.161932,19.143333,18.685392,18.60569,19.849752,19.757973,19.412651,19.336092,18.729294,18.664423,0.0,0.0,0.0,0.0,0.0,0.0,0.0,0.0
30694,2023.0,8.0,2.0,3.0,19.72289,19.79498,18.816414,18.740967,19.340738,19.264555,19.234959,19.166498,18.89586,18.703764,18.665258,18.584507,19.833923,19.741396,19.393541,19.316275,18.713,18.647451,0.0,0.0,0.0,0.0,0.0,0.0,0.0,0.0
30695,2023.0,8.0,2.0,3.0,19.704176,19.77534,18.801674,18.725227,19.32076,19.243757,19.213852,19.144548,18.813715,18.611757,18.647303,18.565832,19.81831,19.72528,19.374794,19.297138,18.697067,18.631111,0.0,0.0,0.0,0.0,0.0,0.0,0.0,0.0
30696,2023.0,8.0,2.0,4.0,19.685581,19.755947,18.787512,18.710676,19.301653,19.22445,19.193699,19.124214,18.895838,18.827742,18.63053,18.548813,19.802925,19.709644,19.356339,19.278526,18.681448,18.615301,0.0,0.0,0.0,0.0,0.0,0.0,0.0,0.0
30697,2023.0,8.0,2.0,4.0,19.668404,19.739403,18.775436,18.70029,19.284967,19.209736,19.176085,19.108664,19.470558,19.911455,18.616108,18.535856,19.788979,19.69684,19.339361,19.262749,18.66725,18.602182,0.0,0.0,0.0,4.0,0.0,0.0,0.0,0.0
30698,2023.0,8.0,2.0,4.0,19.650658,19.721327,18.762423,18.687729,19.267204,19.192444,19.157354,19.090406,19.080666,19.045685,18.60137,18.521484,19.774523,19.682705,19.321878,19.24559,18.65268,18.587914,0.0,0.0,0.0,0.0,0.0,0.0,0.0,0.0
30699,2023.0,8.0,2.0,4.0,19.633104,19.703043,18.748798,18.67371,19.248789,19.173527,19.137964,19.070465,18.836054,18.643219,18.586634,18.506506,19.759834,19.667873,19.304232,19.227795,18.638025,18.573149,0.0,0.0,0.0,0.0,0.0,0.0,0.0,0.0
30700,2023.0,8.0,2.0,4.0,19.625402,19.704184,18.73629,18.661776,19.231789,19.15715,19.120098,19.053234,18.762236,18.565462,18.573196,18.493608,19.745945,19.654434,19.287476,19.211504,18.624218,18.559772,0.0,0.0,0.0,0.0,0.0,0.0,0.0,0.0
30701,2023.0,8.0,2.0,4.0,19.619682,19.707373,18.723898,18.649973,19.215061,19.141037,19.102545,19.036306,18.842707,18.775642,18.560228,18.481188,19.732264,19.641207,19.271002,19.1955,18.610712,18.5467,0.0,0.0,0.0,0.0,0.0,0.0,0.0,0.0
30702,2023.0,8.0,2.0,5.0,19.60622,19.693779,18.711683,18.63835,19.19867,19.125242,19.085373,19.019737,18.832598,18.759708,18.547739,18.469244,19.718819,19.628218,19.254858,19.179827,18.597538,18.533964,0.0,0.0,0.0,0.0,0.0,0.0,0.0,0.0
30703,2023.0,8.0,2.0,5.0,19.593279,19.68217,18.701553,18.630796,19.184341,19.11337,19.070272,19.007072,18.81618,18.745302,18.537338,18.46108,19.707245,19.618774,19.240408,19.16728,18.585995,18.52421,0.0,0.0,0.0,0.0,0.0,0.0,0.0,0.0
30704,2023.0,8.0,2.0,5.0,19.580791,19.671381,19.136694,19.456915,19.850765,20.380888,19.056692,18.996908,19.38027,19.820354,18.528416,18.45489,19.69685,19.610983,19.227245,19.156584,18.575603,18.51606,4.0,4.0,0.0,4.0,0.0,0.0,0.0,0.0
30705,2023.0,8.0,2.0,5.0,19.568172,19.660057,18.901546,18.919653,19.461422,19.499235,19.042564,18.985117,19.018187,19.007513,18.81362,18.99722,20.39945,20.951626,19.21438,19.145573,18.565327,18.507515,0.0,0.0,0.0,0.0,4.0,4.0,0.0,0.0
30706,2023.0,8.0,2.0,5.0,19.55576,19.648525,18.762627,18.700932,19.127214,18.91922,19.028305,18.972559,18.779573,18.612514,18.614256,18.549387,20.664988,21.306032,19.202274,19.134975,18.555302,18.498913,0.0,0.0,0.0,0.0,0.0,4.0,0.0,0.0
30707,2023.0,8.0,2.0,5.0,19.54479,19.639423,18.736073,18.675295,19.057056,18.84943,19.015675,18.962748,19.309486,19.662992,18.855673,19.04142,19.924232,19.796537,20.141579,20.916573,18.546337,18.491978,0.0,0.0,0.0,4.0,4.0,0.0,4.0,0.0
30708,2023.0,8.0,2.0,6.0,19.533491,19.62944,18.716885,18.657894,19.133488,19.048101,19.002796,18.952017,18.91476,18.799824,18.681849,18.65313,20.443024,20.885195,19.432661,19.3497,18.53741,18.484732,0.0,0.0,0.0,0.0,0.0,4.0,0.0,0.0
30709,2023.0,8.0,2.0,6.0,21.212538,22.5859,18.704138,18.649033,21.231245,22.791391,21.236359,22.935238,18.761114,18.602013,18.59746,18.537096,21.145323,22.068846,21.27873,22.645807,18.530123,18.480402,0.0,0.0,0.0,0.0,0.0,0.0,0.0,0.0
30710,2023.0,8.0,2.0,6.0,20.991531,21.992952,18.692661,18.641827,20.992527,22.097404,20.992184,22.20709,18.813736,18.759396,18.576519,18.518816,21.01868,21.702883,21.00033,21.993418,18.524174,18.477417,0.0,0.0,0.0,0.0,0.0,0.0,0.0,0.0
30711,2023.0,8.0,2.0,6.0,21.02748,21.960545,19.14817,19.510546,21.032543,22.036146,21.035503,22.137411,18.820845,18.769787,18.563301,18.509396,21.026983,21.640512,20.993376,21.840868,18.520962,18.477444,4.0,0.0,0.0,0.0,0.0,0.0,4.0,0.0
30712,2023.0,8.0,2.0,6.0,20.995195,21.810196,20.104792,21.059608,21.002209,21.865513,21.03039,22.027336,18.807905,18.760584,18.554535,18.504288,20.994633,21.502264,21.041174,21.88463,18.520088,18.479765,4.0,4.0,0.0,0.0,0.0,4.0,0.0,0.0
30713,2023.0,8.0,2.0,6.0,21.029066,21.858105,20.015526,20.764772,21.03339,21.891005,21.029293,21.956324,18.797836,18.753847,18.879797,19.124056,20.998716,21.479406,21.029099,21.796993,18.520842,18.483744,0.0,0.0,0.0,0.0,4.0,4.0,0.0,0.0
30714,2023.0,8.0,2.0,7.0,21.028488,21.810684,19.63993,19.925308,21.007715,21.761116,21.029629,21.90634,18.790878,18.750378,20.145248,21.225885,21.028698,21.535736,21.030375,21.74909,19.301168,19.96012,4.0,4.0,0.0,0.0,4.0,0.0,0.0,4.0
30715,2023.0,8.0,2.0,7.0,21.02685,21.773127,20.099783,20.829298,21.037935,21.803762,21.028614,21.865885,18.784203,18.745335,20.00613,20.80709,21.022478,21.496677,21.02902,21.708143,20.095917,21.12484,0.0,0.0,0.0,0.0,0.0,0.0,0.0,0.0
30716,2023.0,8.0,2.0,7.0,21.03865,21.74984,19.749159,20.046928,21.031021,21.756609,21.028103,21.834906,18.778948,18.741941,19.688082,20.0629,21.087162,21.56943,21.023556,21.678177,19.164999,19.161121,4.0,0.0,0.0,0.0,4.0,4.0,0.0,0.0
30717,2023.0,8.0,2.0,7.0,20.999714,21.664572,20.061996,20.670998,21.004469,21.656672,21.001545,21.738356,18.774931,18.739555,20.073767,20.778088,21.122902,21.60935,21.023476,21.661476,18.789082,18.706137,4.0,4.0,4.0,0.0,4.0,4.0,0.0,0.0
30718,2023.0,8.0,2.0,7.0,21.05461,21.79131,20.04977,20.609913,21.01952,21.67054,21.058306,21.864822,18.77238,18.738832,20.055532,20.663319,21.15087,21.64107,21.048985,21.69501,18.768503,18.738386,0.0,4.0,0.0,0.0,0.0,4.0,0.0,0.0
30719,2023.0,8.0,2.0,7.0,20.991106,21.622889,19.794523,20.064257,21.006857,21.635744,21.026648,21.766735,18.771097,18.739456,19.712626,19.928602,21.175877,21.667961,21.018196,21.622189,18.750114,18.722898,4.0,4.0,0.0,0.0,4.0,4.0,0.0,0.0
30720,2023.0,8.0,2.0,8.0,21.003223,21.641405,20.043,20.564032,21.008425,21.6307,21.032207,21.7562,18.77082,18.741144,20.057781,20.60961,21.004663,21.369667,21.02308,21.62112,19.621933,20.392447,4.0,4.0,0.0,0.0,4.0,0.0,0.0,4.0
30721,2023.0,8.0,2.0,8.0,20.36751,20.44624,20.002148,20.460003,20.27755,20.249052,20.32865,20.39334,18.77113,18.742899,20.001987,20.458052,20.49022,20.381596,21.324755,22.15046,20.050196,20.886744,4.0,0.0,0.0,0.0,4.0,0.0,4.0,0.0
30722,2023.0,8.0,2.0,8.0,20.053728,20.073088,20.006884,20.453205,20.50077,20.908926,19.951433,19.934366,18.771193,18.744385,20.025175,20.488321,20.25278,20.101585,20.466011,20.424124,20.04632,20.723503,4.0,4.0,0.0,0.0,0.0,0.0,0.0,4.0
30723,2023.0,8.0,2.0,8.0,19.934603,19.949102,20.024248,20.490564,20.078959,20.04125,19.807156,19.777302,18.771177,18.745758,19.825378,20.055468,20.889996,21.39036,20.993761,21.709843,20.026197,20.672102,0.0,0.0,0.0,0.0,4.0,4.0,4.0,0.0
30724,2023.0,8.0,2.0,8.0,19.867844,19.897486,19.511412,19.490337,19.777002,19.65725,19.708765,19.677673,18.771444,18.747381,20.038725,20.481308,20.420242,20.331373,21.216194,21.923975,20.156126,20.828163,0.0,0.0,0.0,0.0,4.0,0.0,4.0,4.0
30725,2023.0,8.0,2.0,8.0,19.8938,20.010874,19.23378,19.143026,19.665878,19.542566,20.296877,20.853264,18.771496,18.74717,20.018698,20.433647,20.896112,21.404531,20.396385,20.34337,20.005404,20.532719,0.0,0.0,4.0,0.0,0.0,4.0,0.0,0.0
30726,2023.0,8.0,2.0,9.0,20.54654,21.262043,19.636522,19.985804,19.661875,19.610739,19.924414,19.99016,18.772615,18.747505,19.540188,19.493296,20.420406,20.34233,20.030725,19.910978,19.422873,19.389046,4.0,0.0,0.0,0.0,0.0,0.0,0.0,0.0
30727,2023.0,8.0,2.0,9.0,20.025274,20.141525,20.035402,20.629812,19.639101,19.602423,20.28102,20.751696,18.777304,18.752367,19.402596,19.342514,20.241976,20.103443,19.929811,19.810505,19.229387,19.144567,4.0,0.0,4.0,0.0,0.0,0.0,0.0,0.0
30728,2023.0,8.0,2.0,9.0,20.427343,21.05747,20.000824,20.502281,19.59921,19.567938,20.405396,20.875729,18.784943,18.759867,19.34502,19.290741,20.912395,21.44062,19.856962,19.746153,19.14163,19.063143,4.0,0.0,4.0,0.0,0.0,4.0,0.0,0.0
30729,2023.0,8.0,2.0,9.0,20.019596,20.127075,20.023365,20.527325,19.56171,19.534412,19.861912,19.847769,18.79605,18.770555,19.296217,19.244186,21.140898,21.6855,19.84954,19.79352,19.114717,19.072216,0.0,0.0,0.0,0.0,0.0,4.0,0.0,0.0
30730,2023.0,8.0,2.0,9.0,19.814491,19.893852,19.52672,19.544022,19.528982,19.505816,19.606647,19.54171,18.809135,18.782784,19.261568,19.211605,21.214766,21.763334,19.825611,19.775549,19.085426,19.047274,0.0,0.0,0.0,0.0,0.0,4.0,0.0,0.0
30731,2023.0,8.0,2.0,9.0,19.768385,19.852169,19.334553,19.283691,20.185144,20.766104,19.5345,19.472282,18.822681,18.795322,19.243559,19.194324,21.272718,21.825644,19.80083,19.752396,19.063017,19.026018,0.0,4.0,0.0,0.0,0.0,4.0,0.0,0.0
30732,2023.0,8.0,2.0,10.0,20.450684,21.17024,19.728563,20.093065,20.360973,20.954943,19.524082,19.507471,18.837082,18.808634,19.229942,19.181667,21.328028,21.885319,19.77906,19.731768,19.044407,19.008335,4.0,4.0,0.0,0.0,0.0,4.0,0.0,0.0
30733,2023.0,8.0,2.0,10.0,19.995998,20.169079,20.020987,20.559809,20.354832,20.871494,20.157587,20.73261,18.851976,18.822,19.220423,19.171831,20.729866,20.71849,20.755014,21.59235,19.030409,18.99439,4.0,4.0,4.0,0.0,0.0,0.0,4.0,0.0
30734,2023.0,8.0,2.0,10.0,20.399153,21.068182,20.000038,20.473402,20.39256,20.906132,19.77485,19.819069,18.868732,18.83735,19.212658,19.163792,20.44546,20.327972,21.07388,21.858788,19.017822,18.981623,4.0,4.0,0.0,0.0,0.0,0.0,4.0,0.0
30735,2023.0,8.0,2.0,10.0,20.017366,20.176346,20.002934,20.452938,20.441902,20.957531,19.516956,19.500511,19.615377,20.229845,19.209486,19.160273,21.09541,21.623674,20.311409,20.331434,19.009127,18.972704,4.0,4.0,0.0,4.0,0.0,4.0,0.0,0.0
30736,2023.0,8.0,2.0,10.0,19.801176,19.910723,20.001547,20.433044,20.488022,21.00854,19.44713,19.427202,20.04975,20.78008,19.210382,19.160831,21.361467,21.944971,19.96936,19.878254,19.003588,18.966589,4.0,4.0,0.0,0.0,0.0,4.0,0.0,0.0
30737,2023.0,8.0,2.0,10.0,19.75777,19.87393,20.001719,20.421219,19.975393,20.020956,19.42731,19.431217,19.46765,19.526646,19.21422,19.164368,21.435925,22.016073,19.905989,19.827692,19.001131,18.96404,4.0,0.0,0.0,0.0,0.0,4.0,0.0,0.0
30738,2023.0,8.0,2.0,11.0,19.755754,19.900658,20.01978,20.463114,20.359043,20.897692,19.402645,19.41231,19.903502,20.48146,19.22034,19.170471,20.835413,20.831274,19.87393,19.799692,19.000465,18.963238,0.0,4.0,0.0,4.0,0.0,0.0,0.0,0.0
30739,2023.0,8.0,2.0,11.0,20.42125,21.164814,19.624424,19.691324,19.966785,20.02438,20.059914,20.675625,20.161112,20.768684,19.226725,19.175707,21.333447,21.915348,19.867508,19.812782,19.000607,18.962576,0.0,0.0,4.0,4.0,0.0,4.0,0.0,0.0
30740,2023.0,8.0,2.0,11.0,19.986744,20.197517,19.856796,20.208576,19.775314,19.760939,20.227562,20.839468,20.252481,20.858896,19.233849,19.18174,20.81727,20.840101,19.857588,19.8047,19.890839,20.642405,4.0,0.0,4.0,4.0,0.0,0.0,0.0,4.0
30741,2023.0,8.0,2.0,11.0,20.472748,21.178867,20.026989,20.497538,19.703669,19.687952,20.245111,20.801397,19.983858,20.351614,19.241974,19.189268,21.319298,21.859495,19.845423,19.792522,20.015322,20.703867,0.0,0.0,4.0,0.0,0.0,4.0,0.0,0.0
30742,2023.0,8.0,2.0,11.0,20.075462,20.25646,19.989033,20.373396,19.662458,19.66348,20.294975,20.848005,19.601055,19.587576,19.25095,19.197395,21.541988,22.132357,19.832998,19.780195,19.465576,19.530464,4.0,0.0,4.0,0.0,0.0,4.0,0.0,0.0
30743,2023.0,8.0,2.0,11.0,19.913912,20.044298,20.021248,20.44457,19.628965,19.63327,19.783184,19.854607,19.478014,19.424826,19.259968,19.206469,20.939152,20.94812,19.82342,19.770689,19.290108,19.258284,0.0,0.0,0.0,0.0,0.0,0.0,0.0,0.0
30744,2023.0,8.0,2.0,12.0,19.852491,19.985321,19.638563,19.698313,19.592594,19.598463,19.547274,19.563812,19.43504,19.384329,19.268515,19.215166,20.65056,20.544243,19.81272,19.760368,19.226124,19.183464,0.0,0.0,0.0,0.0,0.0,0.0,0.0,0.0
30745,2023.0,8.0,2.0,12.0,21.162504,22.325611,19.502815,19.526728,21.181211,22.44998,21.193378,22.532484,19.407644,19.35567,19.273829,19.219988,21.34029,21.89879,21.69182,23.08551,19.19974,19.155647,0.0,0.0,0.0,0.0,0.0,4.0,4.0,0.0
30746,2023.0,8.0,2.0,12.0,20.975754,21.8211,19.419106,19.436462,20.975441,21.860855,21.004787,21.991774,19.380764,19.328281,19.27812,19.22428,20.958246,21.09329,21.333597,22.132698,19.177212,19.132668,0.0,4.0,0.0,0.0,0.0,0.0,4.0,0.0
30747,2023.0,8.0,2.0,12.0,21.032099,21.882607,19.358341,19.373384,21.032232,21.9023,21.000435,21.868328,19.359785,19.307852,19.28091,19.227425,21.016832,21.216248,20.976017,21.49615,19.160828,19.116768,0.0,0.0,4.0,0.0,0.0,0.0,0.0,0.0
30748,2023.0,8.0,2.0,12.0,21.02092,21.80777,19.765287,20.180365,20.999048,21.745605,21.034794,21.89298,19.343481,19.293085,19.28249,19.229431,21.485596,22.092457,21.028,21.574171,19.14913,19.106354,4.0,4.0,0.0,0.0,0.0,4.0,0.0,0.0
30749,2023.0,8.0,2.0,12.0,20.994175,21.695581,20.014448,20.516682,21.0314,21.786171,21.000877,21.756569,19.329712,19.280128,19.284327,19.23185,20.961172,21.07352,21.01762,21.528353,19.140085,19.098255,4.0,0.0,4.0,0.0,0.0,0.0,0.0,0.0
30750,2023.0,8.0,2.0,13.0,20.9997,21.684965,20.016832,20.49746,21.024437,21.735315,21.033234,21.810093,19.319382,19.270798,19.698532,20.01402,21.498375,22.106113,21.018423,21.50869,19.133617,19.092714,0.0,0.0,0.0,0.0,4.0,4.0,0.0,0.0
30751,2023.0,8.0,2.0,13.0,21.00321,21.675665,19.60472,19.672508,20.998505,21.634064,21.000053,21.695194,19.311378,19.263006,20.035471,20.498188,20.962948,21.05753,21.015886,21.490093,19.128315,19.087276,0.0,4.0,4.0,0.0,0.0,0.0,0.0,0.0
30752,2023.0,8.0,2.0,13.0,21.01451,21.685833,19.826899,20.216965,21.003756,21.62809,21.032387,21.76185,19.305021,19.256268,19.684727,19.75066,21.507704,22.106833,21.01577,21.476858,19.124472,19.083107,4.0,4.0,0.0,0.0,0.0,4.0,0.0,0.0
30753,2023.0,8.0,2.0,13.0,21.036158,21.712757,20.035793,20.546019,21.050243,21.733675,21.011024,21.668234,19.300137,19.250425,19.46286,19.401968,21.65213,22.23542,21.03444,21.499554,19.12196,19.079996,0.0,0.0,4.0,0.0,0.0,4.0,0.0,0.0
30754,2023.0,8.0,2.0,13.0,21.021078,21.698385,19.642353,19.728884,21.019518,21.648518,21.03098,21.727547,19.297333,19.246939,19.428574,19.372686,21.697979,22.275755,21.012897,21.445889,19.12066,19.077978,0.0,0.0,0.0,0.0,0.0,4.0,0.0,0.0
30755,2023.0,8.0,2.0,13.0,21.052118,21.713251,19.429464,19.456888,20.99778,21.57031,21.025171,21.701328,19.295223,19.243996,19.413265,19.354351,21.081099,21.070667,21.015541,21.441526,19.1199,19.076399,0.0,4.0,0.0,0.0,0.0,0.0,0.0,0.0
30756,2023.0,8.0,2.0,14.0,21.06541,21.723036,19.348644,19.358994,21.047905,21.690615,21.051188,21.736172,19.293583,19.241327,19.402609,19.340925,21.015009,21.104397,21.03348,21.466482,19.119444,19.07511,0.0,0.0,0.0,0.0,0.0,0.0,0.0,0.0
30757,2023.0,8.0,2.0,14.0,21.081959,21.742996,19.309021,19.32518,20.442709,20.50005,20.995008,21.584795,19.29466,19.243666,19.398188,19.337934,20.798765,20.692453,20.566132,20.549673,19.121157,19.077919,0.0,0.0,4.0,0.0,0.0,0.0,0.0,0.0
30758,2023.0,8.0,2.0,14.0,20.52456,20.688677,19.2801,19.297499,20.819338,21.336271,20.384708,20.442656,19.297157,19.247507,19.762093,20.02416,21.437613,21.963484,20.410397,20.350185,19.124056,19.082043,0.0,4.0,0.0,0.0,4.0,4.0,0.0,0.0
30759,2023.0,8.0,2.0,14.0,20.335182,20.458607,19.255016,19.274746,20.359236,20.421568,20.141653,20.13006,19.300034,19.251726,20.03027,20.440973,21.635159,22.227299,20.344149,20.28408,19.127188,19.08639,0.0,0.0,0.0,0.0,0.0,4.0,0.0,0.0
30760,2023.0,8.0,2.0,14.0,20.916044,21.63743,19.673145,20.083246,20.081041,20.075575,20.016954,20.011003,19.302784,19.255713,19.683575,19.70191,21.712658,22.304712,20.283869,20.225458,19.129866,19.090149,4.0,0.0,0.0,0.0,0.0,4.0,0.0,0.0
30761,2023.0,8.0,2.0,14.0,21.012169,21.706106,20.047718,20.682848,20.632576,21.176254,20.627144,21.231567,19.30526,19.259544,19.55099,19.496632,21.110222,21.125168,20.243284,20.18588,19.131565,19.092968,0.0,4.0,4.0,0.0,0.0,0.0,0.0,0.0
30762,2023.0,8.0,2.0,15.0,21.043217,21.732143,19.964417,20.413141,20.261618,20.338707,20.22009,20.305016,19.308292,19.263987,19.522509,19.468199,20.829597,20.736017,20.202452,20.14739,19.133308,19.095922,4.0,0.0,0.0,0.0,0.0,0.0,0.0,0.0
30763,2023.0,8.0,2.0,15.0,21.06969,21.750706,20.026798,20.51958,20.058159,20.054087,20.001926,20.00723,19.308224,19.262236,19.88094,20.154621,20.758114,20.655396,21.156347,21.979435,19.131811,19.092712,0.0,0.0,0.0,0.0,4.0,0.0,4.0,0.0
30764,2023.0,8.0,2.0,15.0,20.513988,20.685213,19.985655,20.381285,20.58582,21.12343,19.891102,19.887268,19.306652,19.258821,20.009832,20.293669,20.705095,20.598253,21.471981,22.269403,19.128094,19.087078,4.0,4.0,0.0,0.0,0.0,0.0,4.0,0.0
30765,2023.0,8.0,2.0,15.0,20.257084,20.37714,20.02251,20.46176,20.211042,20.27685,19.827036,19.834784,19.303526,19.254097,20.117617,20.447805,20.694786,20.620676,20.701881,20.739376,19.12305,19.080414,0.0,0.0,0.0,0.0,4.0,0.0,0.0,0.0
30766,2023.0,8.0,2.0,15.0,20.156857,20.263906,19.63988,19.702963,20.568384,21.100933,20.444592,21.047358,19.29891,19.248014,19.995598,20.198986,20.672297,20.601677,20.328682,20.239986,19.116873,19.072687,0.0,4.0,4.0,0.0,0.0,0.0,0.0,0.0
30767,2023.0,8.0,2.0,15.0,20.756617,21.444414,19.87802,20.275066,20.713469,21.232918,20.045633,20.11258,19.293303,19.241032,19.73427,19.684418,21.394787,22.000265,20.221786,20.127659,19.110886,19.065401,4.0,4.0,0.0,0.0,0.0,4.0,0.0,0.0
30768,2023.0,8.0,2.0,16.0,20.290564,20.444506,20.019709,20.490337,20.736412,21.246548,19.826347,19.799967,19.28766,19.233828,19.620552,19.526897,20.869797,20.868145,20.167965,20.06923,19.105743,19.05893,0.0,4.0,0.0,0.0,0.0,0.0,0.0,0.0
30769,2023.0,8.0,2.0,16.0,20.057709,20.159992,19.648031,19.73542,20.7591,21.26406,20.372902,20.90049,19.282328,19.227892,19.596184,19.522518,21.349106,21.903791,20.152842,20.086119,19.100853,19.053528,0.0,4.0,4.0,0.0,0.0,4.0,0.0,0.0
30770,2023.0,8.0,2.0,16.0,20.692558,21.395891,19.919735,20.314617,20.230566,20.259405,20.490248,21.010603,19.277885,19.222826,19.578096,19.50696,21.500208,22.074791,20.131493,20.068184,19.096695,19.048841,4.0,0.0,4.0,0.0,0.0,4.0,0.0,0.0
30771,2023.0,8.0,2.0,16.0,20.228203,20.388346,19.998867,20.40225,20.012756,19.957449,19.970524,20.000816,19.273783,19.218073,19.556955,19.48512,21.562855,22.129118,20.106283,20.043663,19.093279,19.044928,4.0,0.0,0.0,0.0,0.0,4.0,0.0,0.0
30772,2023.0,8.0,2.0,16.0,20.000786,20.106108,20.018612,20.430101,20.543638,21.039173,19.723015,19.688564,19.26934,19.213089,19.535301,19.463367,21.620657,22.17981,20.079506,20.017374,19.089228,19.040422,0.0,4.0,0.0,0.0,0.0,4.0,0.0,0.0
30773,2023.0,8.0,2.0,16.0,20.573404,21.221556,19.63188,19.664478,20.71031,21.204405,19.640673,19.596687,19.264568,19.20802,19.516115,19.444826,21.007196,20.976168,20.054499,19.992752,19.084402,19.035263,0.0,4.0,0.0,0.0,0.0,0.0,0.0,0.0
30774,2023.0,8.0,2.0,17.0,20.72522,21.37994,19.447714,19.394848,20.736414,21.225739,19.636328,19.631453,19.259392,19.202494,19.499367,19.427195,20.76914,20.613487,20.03335,19.971104,19.078781,19.029242,0.0,4.0,0.0,0.0,0.0,0.0,0.0,0.0
30775,2023.0,8.0,2.0,17.0,20.787851,21.435331,19.42735,19.417477,20.210905,20.224123,19.610598,19.60927,19.255272,19.199862,19.48493,19.415613,21.416641,21.91071,20.01542,19.955782,19.07349,19.025219,0.0,0.0,0.0,0.0,0.0,4.0,0.0,0.0
30776,2023.0,8.0,2.0,17.0,20.26938,20.418722,19.394941,19.393019,20.610813,21.07729,20.243013,20.822594,19.250608,19.196964,19.822819,20.065971,20.944902,20.926966,20.986385,21.810505,19.067179,19.020372,0.0,4.0,4.0,0.0,4.0,0.0,4.0,0.0
30777,2023.0,8.0,2.0,17.0,20.736767,21.393274,19.790688,20.165325,20.726181,21.21723,20.352026,20.873217,19.244816,19.193268,20.021915,20.378109,21.42472,21.913729,20.340569,20.369017,19.059996,19.014908,4.0,4.0,4.0,0.0,0.0,4.0,0.0,0.0
30778,2023.0,8.0,2.0,17.0,20.897814,21.536749,20.025373,20.498243,20.1935,20.195581,19.814625,19.828188,19.23756,19.188305,19.683554,19.679474,21.645636,22.193188,20.000381,19.912125,19.052086,19.008999,0.0,0.0,0.0,0.0,0.0,4.0,0.0,0.0
30779,2023.0,8.0,2.0,17.0,20.9289,21.563969,19.648842,19.730732,20.571487,21.062622,20.2355,20.759855,19.230055,19.183336,19.524963,19.472034,21.031097,20.99107,19.929165,19.835554,19.04347,19.002586,0.0,4.0,4.0,0.0,0.0,0.0,0.0,0.0
30780,2023.0,8.0,2.0,18.0,20.957983,21.590355,19.912338,20.29278,20.678123,21.170938,20.353977,20.86686,19.927551,20.50778,19.487171,19.431818,21.502802,21.986567,19.897448,19.8051,19.927721,20.68392,4.0,4.0,4.0,4.0,0.0,4.0,0.0,4.0
30781,2023.0,8.0,2.0,18.0,21.03053,21.720652,20.017002,20.444403,21.07149,21.852755,21.091558,22.110813,20.008406,20.533278,19.460936,19.407187,20.99408,21.05661,21.194128,22.246843,20.012785,20.679993,0.0,0.0,4.0,0.0,0.0,0.0,4.0,0.0
30782,2023.0,8.0,2.0,18.0,21.05215,21.696213,19.622984,19.652472,21.017117,21.677794,21.021687,21.885704,19.539146,19.546833,19.43563,19.385399,21.015944,21.12735,20.978926,21.571987,19.425133,19.44332,0.0,0.0,0.0,0.0,0.0,0.0,0.0,0.0
30783,2023.0,8.0,2.0,18.0,21.070889,21.709599,19.40917,19.375221,21.023245,21.644426,21.000927,21.748634,19.323612,19.26573,19.802265,20.101746,21.009161,21.133955,21.026047,21.60703,19.17757,19.127586,0.0,0.0,4.0,0.0,4.0,0.0,0.0,0.0
30784,2023.0,8.0,2.0,18.0,21.09351,21.731186,19.378239,19.375343,21.047932,21.655872,21.017218,21.726265,19.295664,19.260185,20.029531,20.442087,21.018686,21.170097,21.044523,21.594711,19.139067,19.10772,0.0,0.0,4.0,0.0,0.0,0.0,0.0,0.0
30785,2023.0,8.0,2.0,18.0,21.108543,21.74019,19.802574,20.201437,21.07065,21.647776,21.030043,21.741964,19.277771,19.246147,19.69943,19.738428,21.006231,21.163122,21.363909,22.133001,19.118425,19.09046,4.0,4.0,0.0,0.0,0.0,0.0,4.0,0.0
30786,2023.0,8.0,2.0,19.0,21.125755,21.756989,20.00896,20.454323,21.016813,21.56095,20.997948,21.627499,19.258303,19.229391,19.924719,20.262606,21.007917,21.182789,20.96056,21.353468,19.097494,19.07225,4.0,0.0,4.0,0.0,4.0,0.0,0.0,0.0
30787,2023.0,8.0,2.0,19.0,21.004753,21.557198,20.017239,20.446028,20.995813,21.48641,21.004868,21.620775,19.23717,19.207933,20.015425,20.354427,21.008368,21.196417,21.40974,22.185583,19.076235,19.051237,0.0,4.0,4.0,0.0,0.0,0.0,4.0,0.0
30788,2023.0,8.0,2.0,19.0,21.020184,21.583698,19.604015,19.617153,21.001228,21.491829,21.030638,21.677322,19.217237,19.189154,19.64898,19.62244,21.00868,21.207203,20.959944,21.303135,19.056631,19.032764,0.0,4.0,0.0,0.0,0.0,0.0,0.0,0.0
30789,2023.0,8.0,2.0,19.0,21.115662,21.729094,19.391188,19.344772,21.000957,21.487635,21.025024,21.646812,19.1977,19.170677,19.859861,20.143635,21.008894,21.216227,21.026283,21.445892,19.987684,20.817167,0.0,4.0,0.0,0.0,4.0,0.0,0.0,4.0
30790,2023.0,8.0,2.0,19.0,21.145218,21.751564,19.809889,20.19177,21.00123,21.484324,20.998833,21.556103,19.177652,19.150621,20.009531,20.335934,21.009312,21.224325,21.018728,21.433336,19.989145,20.557503,4.0,4.0,4.0,0.0,4.0,0.0,0.0,0.0
30791,2023.0,8.0,2.0,19.0,21.004313,21.519629,20.02384,20.478788,21.027687,21.552952,21.030619,21.63025,19.157473,19.130337,20.015839,20.336414,21.009714,21.231653,21.019953,21.435583,19.413988,19.388077,0.0,0.0,0.0,0.0,0.0,0.0,0.0,0.0
30792,2023.0,8.0,2.0,20.0,21.020906,21.553585,19.639555,19.696327,20.995409,21.456886,21.024338,21.604404,19.136808,19.110239,19.622234,19.56289,21.484072,22.126198,21.016153,21.435225,19.167526,19.10057,0.0,4.0,0.0,0.0,0.0,4.0,0.0,0.0
30793,2023.0,8.0,2.0,20.0,21.01881,21.5452,19.433064,19.424437,21.02854,21.537724,21.025097,21.593283,19.114923,19.087791,19.408665,19.300251,20.948534,21.064949,21.016703,21.441154,19.087275,19.012478,0.0,0.0,0.0,0.0,0.0,0.0,0.0,0.0
30794,2023.0,8.0,2.0,20.0,21.038477,21.577429,19.356272,19.329046,21.045708,21.557283,21.039907,21.591055,19.092234,19.064137,19.38635,19.339529,21.027521,21.252073,21.034304,21.478868,19.081944,19.053415,0.0,0.0,4.0,0.0,0.0,0.0,0.0,0.0
30795,2023.0,8.0,2.0,20.0,21.01126,21.527922,19.76752,20.138287,20.992964,21.422462,21.025845,21.583706,19.070976,19.042757,19.351376,19.307896,21.347036,21.831648,21.501358,22.334225,19.05692,19.02929,4.0,4.0,0.0,0.0,0.0,4.0,4.0,0.0
30796,2023.0,8.0,2.0,20.0,21.015398,21.539095,20.031662,20.5162,21.028948,21.511923,20.999727,21.503,19.81096,20.463226,19.305298,19.261475,20.973135,21.11334,20.951218,21.257812,19.025465,18.997852,0.0,0.0,4.0,4.0,0.0,0.0,0.0,0.0
30797,2023.0,8.0,2.0,20.0,21.014782,21.538483,19.870947,20.122425,21.02222,21.49046,21.005566,21.511997,20.016737,20.612976,19.25996,19.214804,21.333332,21.808428,21.032421,21.43305,18.994593,18.965654,4.0,0.0,4.0,0.0,0.0,4.0,0.0,0.0
30798,2023.0,8.0,2.0,21.0,21.01536,21.538403,20.045708,20.473476,21.02342,21.483906,21.005075,21.509394,19.377064,19.296307,19.21908,19.172579,20.974121,21.110392,21.020863,21.416393,18.963823,18.929708,0.0,0.0,4.0,0.0,0.0,0.0,0.0,0.0
30799,2023.0,8.0,2.0,21.0,21.219849,21.901365,19.541904,19.463976,21.01699,21.476,21.031778,21.580788,19.10916,18.990465,19.179792,19.129892,21.020452,21.220516,21.022108,21.42043,18.936974,18.901173,0.0,0.0,0.0,0.0,0.0,0.0,0.0,0.0
30800,2023.0,8.0,2.0,21.0,20.991598,21.45843,19.382656,19.332829,21.114563,21.637115,20.999632,21.487316,19.862751,20.485945,19.145103,19.094011,21.015354,21.219543,21.016653,21.41964,18.914017,18.87709,0.0,4.0,4.0,4.0,0.0,0.0,0.0,0.0
30801,2023.0,8.0,2.0,21.0,21.075052,21.59774,19.334768,19.28384,21.033936,21.481638,21.053394,21.6184,20.050333,20.585857,19.110432,19.055544,21.020779,21.24653,21.035278,21.461983,18.892591,18.853771,0.0,0.0,0.0,0.0,0.0,0.0,0.0,0.0
30802,2023.0,8.0,2.0,21.0,21.0146,21.499651,19.736628,20.076214,21.023851,21.475147,21.021837,21.537441,19.41947,19.320469,19.082388,19.02768,21.442911,22.040476,21.014849,21.422976,18.874334,18.834528,4.0,0.0,0.0,0.0,0.0,4.0,0.0,0.0
30803,2023.0,8.0,2.0,21.0,21.021744,21.512465,20.017544,20.469242,21.023594,21.46731,21.026764,21.539425,19.148476,19.010788,19.054035,18.996782,20.956598,21.080023,21.017746,21.43134,18.85666,18.815414,4.0,0.0,0.0,0.0,0.0,0.0,0.0,0.0
30804,2023.0,8.0,2.0,22.0,21.072882,21.576696,20.021503,20.440786,21.016998,21.460695,21.019445,21.531225,19.872824,20.458883,19.029243,18.97066,21.277508,21.699059,21.017622,21.43217,18.840881,18.79848,0.0,0.0,0.0,4.0,0.0,4.0,0.0,0.0
30805,2023.0,8.0,2.0,22.0,21.087812,21.591177,19.501617,19.401714,21.120638,21.63466,21.020437,21.536219,20.0145,20.504826,19.00777,18.948584,20.978737,21.11969,21.482613,22.28759,18.82672,18.783571,0.0,4.0,0.0,0.0,0.0,0.0,4.0,0.0
30806,2023.0,8.0,2.0,22.0,21.01406,21.484795,19.647924,19.832136,21.010027,21.430267,21.020393,21.537619,19.418423,19.300045,19.290783,19.494957,21.020535,21.216988,20.95307,21.245203,18.814081,18.770353,4.0,0.0,0.0,0.0,4.0,0.0,0.0,0.0
30807,2023.0,8.0,2.0,22.0,21.021257,21.500818,20.040808,20.465988,20.999283,21.38552,21.020323,21.53784,19.154743,19.002197,20.09576,20.797472,21.016045,21.214802,21.031052,21.412231,18.802116,18.757627,4.0,4.0,0.0,0.0,4.0,0.0,0.0,0.0
30808,2023.0,8.0,2.0,22.0,21.086845,21.594757,20.018167,20.39839,21.029257,21.46748,21.020332,21.537102,19.166729,19.10625,19.994278,20.509737,21.444088,22.027298,21.021189,21.395811,19.572376,20.22303,0.0,0.0,0.0,0.0,4.0,4.0,0.0,4.0
30809,2023.0,8.0,2.0,22.0,21.105154,21.612259,19.509851,19.390545,20.99647,21.377203,21.020224,21.535069,19.154474,19.099178,20.020874,20.51106,20.955341,21.061934,21.02238,21.39819,20.055605,20.842123,0.0,4.0,0.0,0.0,0.0,0.0,0.0,0.0
30810,2023.0,8.0,2.0,23.0,21.011803,21.471903,19.365269,19.294376,21.00302,21.391403,21.020061,21.532618,19.721561,20.196884,19.555267,19.563572,21.022758,21.212543,21.016546,21.396883,19.261133,19.187098,0.0,4.0,0.0,4.0,0.0,0.0,0.0,0.0
30811,2023.0,8.0,2.0,23.0,21.078485,21.575262,19.330023,19.26652,20.93815,21.268745,20.480066,20.491037,20.019419,20.547,19.300516,19.238094,20.583876,20.374847,21.499695,22.293442,18.936827,18.809752,0.0,4.0,0.0,4.0,0.0,0.0,4.0,0.0
30812,2023.0,8.0,2.0,23.0,21.091267,21.583939,19.293608,19.228735,20.916227,21.241478,20.26038,20.201086,19.39413,19.294806,19.236994,19.169504,20.564022,20.460186,20.615198,20.504915,19.72454,20.359253,0.0,4.0,0.0,0.0,0.0,0.0,0.0,4.0
30813,2023.0,8.0,2.0,23.0,20.522753,20.516916,19.25731,19.190186,20.367523,20.22904,20.147314,20.078012,19.164347,18.991856,19.481144,19.66498,20.537518,20.452372,20.29492,20.086296,19.135149,19.049133,0.0,0.0,0.0,0.0,4.0,0.0,0.0,0.0
30814,2023.0,8.0,2.0,23.0,20.936186,21.418736,19.224953,19.155874,20.713707,20.999693,20.063295,19.992212,19.087439,18.912998,19.591612,19.822044,20.486504,20.39898,21.107164,21.727337,18.92676,18.78047,0.0,4.0,0.0,0.0,4.0,0.0,4.0,0.0
30815,2023.0,8.0,2.0,23.0,21.016352,21.502968,19.194767,19.123466,20.268951,20.128223,19.99135,19.918253,19.750807,20.228022,19.185396,19.025206,20.439453,20.349916,21.27606,21.88694,18.860756,18.711731,0.0,0.0,0.0,4.0,0.0,0.0,4.0,0.0
30816,2023.0,8.0,3.0,0.0,20.449799,20.433647,19.166958,19.093592,20.63402,20.921661,19.928312,19.853863,19.369364,19.358767,19.316174,19.371195,20.396732,20.30556,20.465841,20.31298,18.894598,18.83065,0.0,4.0,0.0,0.0,4.0,0.0,0.0,0.0
30817,2023.0,8.0,3.0,0.0,20.217691,20.117731,19.141356,19.066587,20.178934,20.01738,19.87168,19.796167,19.098858,18.925436,19.071972,18.878222,20.357786,20.26537,20.195358,19.973307,18.885214,18.828024,0.0,0.0,0.0,0.0,0.0,0.0,0.0,0.0
30818,2023.0,8.0,3.0,0.0,20.119219,20.01769,19.118305,19.043066,19.95166,19.697483,19.8219,19.746914,19.011606,18.828724,19.062086,18.963884,21.020699,21.55141,20.082245,19.862741,18.86093,18.803434,0.0,0.0,0.0,0.0,0.0,4.0,0.0,0.0
30819,2023.0,8.0,3.0,0.0,20.0447,19.944536,19.096376,19.0207,19.852571,19.591312,19.776197,19.701574,19.057276,18.975578,19.059696,18.98076,20.39172,20.218302,19.993979,19.777914,19.567297,20.153387,0.0,0.0,0.0,0.0,0.0,0.0,0.0,4.0
30820,2023.0,8.0,3.0,0.0,20.129255,20.177326,19.075228,18.998856,19.92416,19.808258,19.733667,19.658752,19.054934,18.985846,19.028255,18.948847,20.1865,19.943516,20.037474,19.94203,19.080696,19.069258,0.0,0.0,0.0,0.0,0.0,0.0,0.0,0.0
30821,2023.0,8.0,3.0,0.0,20.12651,20.194004,19.05345,18.97473,19.91755,19.824081,19.691826,19.613861,19.02849,18.957903,18.995604,18.913324,20.117748,19.871235,20.015759,19.933273,18.829891,18.673452,0.0,0.0,0.0,0.0,0.0,0.0,0.0,0.0
30822,2023.0,8.0,3.0,1.0,20.096756,20.165922,19.03595,18.95826,19.883501,19.793177,19.658167,19.58268,19.597803,20.0504,18.968363,18.887045,20.203316,20.097828,19.973667,19.891857,18.757738,18.59723,0.0,0.0,0.0,4.0,0.0,0.0,0.0,0.0
30823,2023.0,8.0,3.0,1.0,20.066221,20.135786,19.018242,18.940504,19.848646,19.759398,19.624687,19.549685,19.193789,19.157106,18.941662,18.860075,20.20157,20.104965,19.931925,19.850006,18.80213,18.735514,0.0,0.0,0.0,0.0,0.0,0.0,0.0,0.0
30824,2023.0,8.0,3.0,1.0,20.03705,20.106764,19.001577,18.92383,19.815456,19.727152,19.593426,19.51895,19.660074,20.112597,18.916702,18.834902,20.176672,20.080439,19.892746,19.810753,18.79541,18.733553,0.0,0.0,0.0,4.0,0.0,0.0,0.0,0.0
30825,2023.0,8.0,3.0,1.0,20.009113,20.07832,18.985685,18.908092,19.78414,19.696966,19.564037,19.490358,19.130104,18.984076,18.89316,18.811363,20.151964,20.055792,19.856121,19.774334,18.774897,18.713066,0.0,0.0,0.0,0.0,0.0,0.0,0.0,0.0
30826,2023.0,8.0,3.0,1.0,19.981234,20.048523,18.968933,18.88994,19.752048,19.66339,19.533947,19.45862,18.939974,18.740631,18.869131,18.785671,20.126438,20.028904,19.819998,19.736633,18.75396,18.690874,0.0,0.0,0.0,0.0,0.0,0.0,0.0,0.0
30827,2023.0,8.0,3.0,1.0,19.95758,20.02592,18.955534,18.877924,19.726198,19.640522,19.509714,19.436989,19.616388,20.084347,18.8492,18.767096,20.104458,20.008116,19.789164,19.707394,18.735897,18.673536,0.0,0.0,0.0,4.0,0.0,0.0,0.0,0.0
30828,2023.0,8.0,3.0,2.0,19.933138,20.000916,18.941057,18.863407,19.699219,19.614143,19.484377,19.412012,19.119503,18.985914,18.828472,18.746164,20.081919,19.985437,19.758308,19.676474,19.447653,20.029362,0.0,0.0,0.0,0.0,0.0,0.0,0.0,4.0
30829,2023.0,8.0,3.0,2.0,19.908808,19.974808,18.925692,18.846619,19.672195,19.586298,19.459038,19.385582,18.916939,18.717304,18.807299,18.723602,20.059065,19.96136,19.727968,19.64503,18.966232,18.953243,0.0,0.0,0.0,0.0,0.0,0.0,0.0,0.0
30830,2023.0,8.0,3.0,2.0,19.883747,19.94669,18.90869,18.826523,19.643948,19.555082,19.432653,19.356009,18.848099,18.642431,18.784794,18.698263,20.035343,19.935266,19.697378,19.612114,18.71029,18.541006,0.0,0.0,0.0,0.0,0.0,0.0,0.0,0.0
30831,2023.0,8.0,3.0,2.0,19.860601,19.92193,18.893263,18.8095,19.618618,19.52884,19.408953,19.33111,18.92494,18.848705,18.7638,18.675869,20.013052,19.911795,19.66896,19.582716,18.63423,18.457047,0.0,0.0,0.0,0.0,0.0,0.0,0.0,0.0
30832,2023.0,8.0,3.0,2.0,19.84859,19.918983,18.87903,18.794743,19.595388,19.506023,19.38705,19.30935,18.912853,18.834095,19.053076,19.235283,19.991665,19.889954,19.64199,19.555508,18.692451,18.62274,0.0,0.0,0.0,0.0,4.0,0.0,0.0,0.0
30833,2023.0,8.0,3.0,2.0,19.835737,19.91054,18.86288,18.775827,19.570086,19.47834,19.363047,19.282858,18.887821,18.807215,19.180874,19.406153,19.968925,19.86528,19.614092,19.525848,18.683256,18.612991,0.0,0.0,0.0,0.0,4.0,0.0,0.0,0.0
30834,2023.0,8.0,3.0,3.0,19.816769,19.890207,18.849344,18.761515,19.548141,19.456633,19.342318,19.262098,18.863972,18.78292,18.883049,18.808657,19.947752,19.84364,19.588211,19.499683,18.662426,18.591555,0.0,0.0,0.0,0.0,0.0,0.0,0.0,0.0
30835,2023.0,8.0,3.0,3.0,19.79763,19.869862,18.83557,18.746536,19.526045,19.43421,19.321482,19.240692,19.42365,19.85505,18.794024,18.702148,19.92643,19.82171,19.562517,19.473597,18.641691,18.570148,0.0,0.0,0.0,4.0,0.0,0.0,0.0,0.0
30836,2023.0,8.0,3.0,3.0,19.778254,19.84867,18.821362,18.730679,19.503746,19.410812,19.300358,19.218306,19.029648,18.982702,18.75682,18.663067,19.904629,19.798706,19.536596,19.446611,18.620682,18.547932,0.0,0.0,0.0,0.0,0.0,0.0,0.0,0.0
30837,2023.0,8.0,3.0,3.0,19.75876,19.826769,18.806017,18.712652,19.480547,19.385172,19.278244,19.193684,18.898577,18.812353,18.722279,18.625341,19.88213,19.774218,19.510279,19.418468,18.59946,18.524837,0.0,0.0,0.0,0.0,0.0,0.0,0.0,0.0
30838,2023.0,8.0,3.0,3.0,19.7404,19.806955,18.791796,18.69701,19.459229,19.362926,19.257833,19.17224,18.858128,18.770977,18.692732,18.59465,19.860659,19.751728,19.48523,19.392563,18.579454,18.503817,0.0,0.0,0.0,0.0,0.0,0.0,0.0,0.0
30839,2023.0,8.0,3.0,3.0,20.396597,21.05396,18.778854,18.68406,19.439882,19.344301,19.23925,19.154234,18.825111,18.738924,18.666582,18.569235,19.840395,19.731575,19.461573,19.369173,18.560738,18.485046,0.0,0.0,0.0,0.0,0.0,0.0,0.0,0.0
30840,2023.0,8.0,3.0,4.0,19.964085,20.095766,18.764448,18.668285,19.419107,19.322535,19.219223,19.133146,18.794611,18.707197,18.639639,18.541092,19.819185,19.70936,19.437021,19.343763,18.541317,18.464615,0.0,0.0,0.0,0.0,0.0,0.0,0.0,0.0
30841,2023.0,8.0,3.0,4.0,19.643112,19.543459,18.750257,18.653059,19.39886,19.301609,19.199678,19.11285,18.76717,18.678984,18.613878,18.514503,19.798538,19.687998,19.412947,19.319115,19.251448,19.817455,0.0,0.0,0.0,0.0,0.0,0.0,0.0,4.0
30842,2023.0,8.0,3.0,4.0,19.52867,19.393751,18.73585,18.637453,19.378593,19.280396,19.180214,19.092318,18.741198,18.651974,18.588697,18.488203,19.777855,19.666382,19.388939,19.294281,18.770792,18.744225,0.0,0.0,0.0,0.0,0.0,0.0,0.0,0.0
30843,2023.0,8.0,3.0,4.0,19.65891,19.710726,18.72071,18.620478,19.357708,19.257757,19.160316,19.07051,18.715517,18.624557,18.563517,18.461098,19.7567,19.643711,19.364674,19.268593,18.498384,18.299147,0.0,0.0,0.0,0.0,0.0,0.0,0.0,0.0
30844,2023.0,8.0,3.0,4.0,19.660019,19.716757,18.705559,18.603579,19.337156,19.235672,19.140688,19.049225,18.691177,18.598963,18.539524,18.435617,19.736095,19.621964,19.3412,19.244154,18.417622,18.213057,0.0,0.0,0.0,0.0,0.0,0.0,0.0,0.0
30845,2023.0,8.0,3.0,4.0,19.642134,19.69779,18.691944,18.589855,19.318445,19.217216,19.122652,19.031336,18.668976,18.576796,18.826925,18.993515,19.716755,19.60252,19.319,19.221949,18.493025,18.416172,0.0,0.0,0.0,0.0,4.0,0.0,0.0,0.0
30846,2023.0,8.0,3.0,5.0,19.622454,19.676323,18.67695,18.57331,19.29822,19.195675,19.10304,19.010378,18.64643,18.553099,18.594807,18.489553,19.696735,19.581429,19.296198,19.198215,18.483112,18.400585,0.0,0.0,0.0,0.0,0.0,0.0,0.0,0.0
30847,2023.0,8.0,3.0,5.0,19.602997,19.65598,18.662535,18.557806,19.27849,19.175089,19.083948,18.990377,18.625088,18.531147,18.530642,18.424135,19.677456,19.56161,19.274143,19.175741,18.462122,18.378906,0.0,0.0,0.0,0.0,0.0,0.0,0.0,0.0
30848,2023.0,8.0,3.0,5.0,19.58389,19.636148,18.648838,18.543688,19.259655,19.15606,19.065693,18.971865,18.60488,18.510756,18.502575,18.395973,19.65882,19.542786,19.252728,19.154217,18.442541,18.359112,0.0,0.0,0.0,0.0,0.0,0.0,0.0,0.0
30849,2023.0,8.0,3.0,5.0,19.564678,19.616138,18.634974,18.529446,19.240831,19.137037,19.047384,18.953314,18.58506,18.490753,18.476383,18.369682,19.640268,19.524048,19.231388,19.132772,18.423119,18.339497,0.0,0.0,0.0,0.0,0.0,0.0,0.0,0.0
30850,2023.0,8.0,3.0,5.0,19.54551,19.59617,18.620964,18.515076,19.222021,19.118015,19.029034,18.93472,18.565605,18.471119,18.452383,18.34553,19.621826,19.505423,19.210146,19.111427,18.404118,18.320305,0.0,0.0,0.0,0.0,0.0,0.0,0.0,0.0
30851,2023.0,8.0,3.0,5.0,19.527315,19.578194,19.051094,19.332544,19.204708,19.102074,19.012121,18.919117,18.547758,18.454239,18.431265,18.325895,19.604689,19.489155,19.190159,19.0924,19.115122,19.675035,4.0,0.0,0.0,0.0,0.0,0.0,0.0,4.0
30852,2023.0,8.0,3.0,6.0,19.508074,19.558111,18.815187,18.797508,19.861553,20.35273,18.993837,18.900507,19.105705,19.517544,18.70198,18.849548,19.587074,19.47138,19.16964,19.0718,18.644316,18.621492,0.0,4.0,0.0,4.0,4.0,0.0,0.0,0.0
30853,2023.0,8.0,3.0,6.0,21.210032,22.570747,18.67643,18.58044,21.163557,22.53797,21.240734,22.909403,20.30691,21.55087,20.189161,21.411057,21.228148,22.330542,21.314262,22.773893,18.36887,18.169409,0.0,0.0,0.0,4.0,0.0,0.0,0.0,0.0
30854,2023.0,8.0,3.0,6.0,20.981886,21.93349,19.0674,19.34187,21.023664,22.04751,21.004208,22.191963,20.025461,20.834856,19.232033,19.3322,20.98877,21.75153,21.000767,22.03265,18.26722,18.06568,4.0,0.0,0.0,0.0,0.0,4.0,0.0,0.0
30855,2023.0,8.0,3.0,6.0,21.03374,21.960785,20.11035,21.058582,21.015377,21.876314,21.037018,22.107199,19.114794,18.962502,18.720354,18.625,21.03172,21.764412,20.993578,21.86293,18.347107,18.271894,4.0,4.0,0.0,0.0,0.0,0.0,4.0,0.0
30856,2023.0,8.0,3.0,6.0,21.002254,21.792065,20.017183,20.746344,21.042044,21.864481,21.028913,21.99253,18.694408,18.454597,18.958899,19.15136,20.998407,21.589478,21.044973,21.897522,18.36411,18.284212,0.0,0.0,0.0,0.0,4.0,4.0,0.0,0.0
30857,2023.0,8.0,3.0,6.0,21.039686,21.832401,19.168135,19.01985,21.036522,21.789032,21.032421,21.930752,19.391502,19.87846,20.155645,21.178062,21.03638,21.626383,20.993896,21.69273,18.354118,18.277122,0.0,0.0,0.0,4.0,0.0,0.0,4.0,0.0
30858,2023.0,8.0,3.0,7.0,21.002968,21.695671,18.712406,18.41976,21.026083,21.740204,21.030573,21.87759,20.048233,20.8167,19.588732,19.886747,21.02846,21.559309,21.042782,21.77082,18.347725,18.272364,0.0,0.0,0.0,4.0,4.0,0.0,0.0,0.0
30859,2023.0,8.0,3.0,7.0,21.037207,21.757011,18.747858,18.602007,21.026867,21.71903,21.030188,21.840256,19.99884,20.610292,20.108643,20.919563,20.997375,21.438461,21.0326,21.706264,18.34389,18.27017,0.0,0.0,0.0,4.0,0.0,4.0,0.0,0.0
30860,2023.0,8.0,3.0,7.0,21.002445,21.641563,18.76981,18.662031,21.000372,21.628386,21.02973,21.811657,20.035192,20.633205,19.374702,19.393496,21.00207,21.425356,21.032766,21.670012,19.239931,19.966232,0.0,4.0,0.0,0.0,0.0,4.0,0.0,4.0
30861,2023.0,8.0,3.0,7.0,21.007853,21.639452,19.203001,19.505342,21.04151,21.70385,21.029064,21.78842,19.886282,20.246347,19.002256,18.911892,21.032265,21.486887,21.031803,21.638424,20.112427,21.216974,4.0,0.0,0.0,4.0,0.0,0.0,0.0,0.0
30862,2023.0,8.0,3.0,7.0,21.007444,21.62973,20.11813,21.023914,21.033272,21.663855,21.02869,21.770227,20.053553,20.586298,18.897463,18.79232,20.996565,21.372742,21.023544,21.613354,19.771152,20.326685,0.0,0.0,0.0,0.0,0.0,4.0,0.0,4.0
30863,2023.0,8.0,3.0,7.0,21.007448,21.622774,19.374239,19.4522,21.033688,21.645433,21.028471,21.755693,19.341362,19.166407,18.836184,18.730654,21.000116,21.367573,21.024261,21.60533,20.07971,20.920177,0.0,0.0,0.0,0.0,0.0,4.0,0.0,0.0
30864,2023.0,8.0,3.0,8.0,21.03433,21.691965,18.96415,18.895021,21.02398,21.62931,21.028145,21.743711,19.680113,20.047575,18.79313,18.687948,21.008005,21.37205,21.023804,21.595375,19.16116,19.042927,0.0,0.0,0.0,4.0,0.0,4.0,0.0,0.0
30865,2023.0,8.0,3.0,8.0,20.861536,21.316599,18.857708,18.767258,20.934334,21.428648,20.29785,20.330112,20.050266,20.58114,18.758883,18.654589,20.350828,20.125368,20.3795,20.34519,19.60437,20.161198,0.0,4.0,0.0,0.0,0.0,0.0,0.0,4.0
30866,2023.0,8.0,3.0,8.0,20.791626,21.246721,18.802416,18.711845,20.320435,20.320688,19.881802,19.805798,19.98649,20.36479,18.731634,18.62819,20.054428,19.769436,20.055649,19.955688,20.065598,20.81402,0.0,0.0,0.0,4.0,0.0,0.0,0.0,0.0
30867,2023.0,8.0,3.0,8.0,20.198008,20.159021,18.760494,18.67292,19.822649,19.575457,19.723602,19.636421,20.034359,20.475351,18.71008,18.607643,19.957336,19.6757,19.928785,19.825415,19.22996,19.119295,0.0,0.0,0.0,0.0,0.0,0.0,0.0,0.0
30868,2023.0,8.0,3.0,8.0,19.880663,19.772394,18.724806,18.640045,20.233738,20.505568,19.615551,19.528326,19.41627,19.256535,18.692736,18.59078,20.621563,20.997707,19.839632,19.736544,18.847466,18.657684,0.0,4.0,0.0,0.0,0.0,4.0,0.0,0.0
30869,2023.0,8.0,3.0,8.0,20.459703,20.948038,18.6992,18.617043,20.353579,20.673168,19.543694,19.457533,19.174822,18.939447,19.053452,19.277872,20.809137,21.22216,19.78086,19.678194,18.8532,18.756245,0.0,4.0,0.0,0.0,4.0,4.0,0.0,0.0
30870,2023.0,8.0,3.0,9.0,19.987715,19.979692,18.676199,18.597761,19.821114,19.674303,19.479984,19.398226,19.194029,19.072403,20.139719,21.120197,20.194168,20.010445,19.729986,19.62959,18.83153,18.746706,0.0,0.0,0.0,0.0,0.0,0.0,0.0,0.0
30871,2023.0,8.0,3.0,9.0,20.392324,20.912395,19.103954,19.423243,19.523972,19.293068,19.41693,19.3415,19.175947,19.074135,19.687605,20.0393,20.66847,21.075716,19.680386,19.584064,18.7925,18.711916,4.0,0.0,0.0,0.0,4.0,4.0,0.0,0.0
30872,2023.0,8.0,3.0,9.0,20.500563,21.019382,20.130405,21.165895,20.061943,20.376123,20.03216,20.541481,19.141777,19.045322,20.078253,20.749807,20.170992,20.02408,20.63786,21.427784,18.765959,18.68839,0.0,4.0,4.0,0.0,0.0,0.0,4.0,0.0
30873,2023.0,8.0,3.0,9.0,19.973793,20.005968,19.34741,19.48191,19.730211,19.62806,20.269579,20.808022,19.105452,19.013756,19.37828,19.307596,19.92039,19.69665,20.0066,19.91965,18.739021,18.664755,0.0,0.0,4.0,0.0,0.0,0.0,0.0,0.0
30874,2023.0,8.0,3.0,9.0,20.433397,20.975912,19.014212,18.97172,19.512598,19.31887,19.635439,19.571009,19.081966,18.993364,19.086563,18.875114,19.877306,19.654818,19.72817,19.537136,19.615353,20.337494,0.0,0.0,0.0,0.0,0.0,0.0,0.0,4.0
30875,2023.0,8.0,3.0,9.0,20.551222,21.109777,18.929134,18.87757,19.433424,19.245928,20.002838,20.381956,19.062151,18.976992,19.095556,18.971972,20.718454,21.287378,19.643366,19.456516,20.023834,20.863634,0.0,0.0,4.0,0.0,0.0,4.0,0.0,4.0
30876,2023.0,8.0,3.0,10.0,20.005127,20.06256,19.30883,19.644249,20.144552,20.65909,20.16503,20.57442,19.751139,20.296207,19.092924,18.990408,20.924685,21.414997,19.584827,19.407888,20.028097,20.777288,4.0,4.0,4.0,4.0,0.0,4.0,0.0,0.0
30877,2023.0,8.0,3.0,10.0,19.754185,19.760433,20.078938,20.905493,19.758436,19.728191,20.191465,20.61085,20.084799,20.692394,19.067251,18.970776,20.32396,20.235094,20.618729,21.416327,19.301563,19.286083,4.0,0.0,4.0,4.0,0.0,0.0,4.0,0.0
30878,2023.0,8.0,3.0,10.0,19.678068,19.68963,20.020498,20.711128,20.073503,20.490335,19.674635,19.634296,20.009941,20.491522,19.047434,18.954945,20.062984,19.88289,20.059034,20.024189,18.960096,18.84573,0.0,4.0,0.0,0.0,0.0,0.0,0.0,0.0
30879,2023.0,8.0,3.0,10.0,20.322247,20.949877,19.704693,20.016943,19.703444,19.665216,20.037294,20.486683,20.127573,20.632185,19.403652,19.638433,20.006958,19.827475,19.7017,19.562899,18.876118,18.759432,4.0,0.0,4.0,4.0,4.0,0.0,0.0,0.0
30880,2023.0,8.0,3.0,10.0,20.456707,21.07058,20.07784,20.724997,20.151163,20.599821,19.587065,19.562479,20.204542,20.719948,20.077417,20.778442,19.992891,19.822329,19.635328,19.494936,18.887812,18.817526,0.0,4.0,0.0,4.0,0.0,0.0,0.0,0.0
30881,2023.0,8.0,3.0,10.0,20.51971,21.137766,19.811392,20.144955,20.321138,20.784643,19.96915,20.437742,19.99337,20.326706,19.558392,19.652025,20.812485,21.401966,20.564764,21.286179,18.87972,18.816423,4.0,4.0,4.0,0.0,0.0,4.0,4.0,0.0
30882,2023.0,8.0,3.0,11.0,20.010258,20.137402,20.044989,20.621008,19.815317,19.815071,20.157907,20.644066,19.559528,19.475348,19.250263,19.18822,20.395325,20.366024,20.066334,20.05645,18.86331,18.802317,4.0,0.0,4.0,0.0,0.0,0.0,0.0,0.0
30883,2023.0,8.0,3.0,11.0,19.764591,19.83602,20.001787,20.512041,19.547724,19.470814,19.628546,19.621689,19.361046,19.237642,19.18154,19.102142,20.125988,19.983421,19.748379,19.633677,18.847683,18.785942,4.0,0.0,0.0,0.0,0.0,0.0,0.0,0.0
30884,2023.0,8.0,3.0,11.0,20.379482,21.055494,20.025778,20.558916,19.462702,19.383875,19.382872,19.324556,19.30438,19.182161,19.161161,19.079018,20.07105,19.92243,19.668829,19.548458,18.833818,18.771658,0.0,0.0,0.0,0.0,0.0,0.0,0.0,0.0
30885,2023.0,8.0,3.0,11.0,20.558208,21.205105,19.85795,20.197502,19.45579,19.427614,19.930693,20.420366,19.300589,19.216198,19.506382,19.737566,20.104158,20.012297,19.62939,19.510542,19.714521,20.446922,4.0,0.0,4.0,0.0,4.0,0.0,0.0,4.0
30886,2023.0,8.0,3.0,11.0,19.997023,20.116285,20.031523,20.526558,19.43541,19.417534,20.078852,20.585085,19.28954,19.21093,20.064249,20.674583,20.112484,20.02934,19.643105,19.56577,20.044363,20.878458,4.0,0.0,4.0,0.0,0.0,0.0,0.0,0.0
30887,2023.0,8.0,3.0,11.0,19.766272,19.850838,20.020952,20.516144,19.403011,19.388288,20.128513,20.63253,19.26785,19.19137,19.944092,20.319998,20.87025,21.476599,19.634705,19.561949,19.335775,19.383055,0.0,0.0,4.0,0.0,4.0,4.0,0.0,0.0
30888,2023.0,8.0,3.0,12.0,19.690828,19.772978,19.528517,19.561853,20.044939,20.624123,19.621803,19.647184,19.955519,20.510088,20.0316,20.478851,20.427288,20.415867,19.61558,19.54439,19.86279,20.549149,0.0,4.0,0.0,4.0,0.0,0.0,0.0,4.0
30889,2023.0,8.0,3.0,12.0,21.174726,22.450054,19.707312,20.071198,21.108818,22.306877,21.203442,22.60144,20.002089,20.42283,19.91697,20.184013,21.16095,21.852255,21.282633,22.475956,20.023243,20.667557,4.0,4.0,0.0,0.0,4.0,0.0,0.0,0.0
30890,2023.0,8.0,3.0,12.0,20.974669,21.895771,20.042181,20.619555,21.023235,22.017704,21.009003,22.044996,19.52599,19.462614,20.033884,20.41762,21.163475,21.739866,21.14938,22.030066,19.411894,19.4297,0.0,0.0,0.0,0.0,0.0,4.0,4.0,0.0
30891,2023.0,8.0,3.0,12.0,21.035154,21.952618,19.5124,19.559832,21.031942,21.938154,21.009703,21.923126,19.327604,19.22583,19.954964,20.208681,21.002039,21.418682,21.016546,21.760906,19.115211,19.036318,0.0,0.0,4.0,0.0,4.0,0.0,0.0,0.0
30892,2023.0,8.0,3.0,12.0,21.02385,21.871984,19.659477,20.004835,21.002514,21.79248,21.037146,21.93492,19.305826,19.233284,20.027306,20.362276,21.018085,21.420837,21.02559,21.718376,19.049698,18.989676,4.0,4.0,0.0,0.0,0.0,0.0,0.0,0.0
30893,2023.0,8.0,3.0,12.0,20.997816,21.756975,20.06125,20.672646,21.034983,21.833672,21.030605,21.873901,19.283642,19.214624,19.61003,19.536585,21.016418,21.393435,21.023586,21.668457,19.012663,18.954597,0.0,0.0,0.0,0.0,0.0,0.0,0.0,0.0
30894,2023.0,8.0,3.0,13.0,21.003506,21.744583,19.527292,19.594833,21.028181,21.784124,21.026646,21.838312,20.00082,20.596054,19.452494,19.373905,21.012705,21.37409,21.02321,21.633902,18.980469,18.924696,0.0,0.0,0.0,4.0,0.0,0.0,0.0,0.0
30895,2023.0,8.0,3.0,13.0,21.029984,21.802277,19.722048,20.135447,21.027563,21.754684,21.026154,21.815683,19.986591,20.388525,19.408817,19.33348,21.423368,22.130466,21.381605,22.263044,18.953966,18.90071,4.0,0.0,0.0,0.0,0.0,4.0,4.0,0.0
30896,2023.0,8.0,3.0,13.0,21.022985,21.769466,20.046316,20.649633,21.02333,21.731268,20.999939,21.726192,19.539448,19.488913,19.371302,19.299276,20.959122,21.21315,20.96845,21.451258,18.932848,18.882689,0.0,0.0,4.0,0.0,0.0,0.0,0.0,0.0
30897,2023.0,8.0,3.0,13.0,20.995455,21.67797,19.546663,19.641348,21.023426,21.718782,21.035347,21.80232,19.364223,19.290318,19.340607,19.272535,21.02,21.33608,21.02802,21.570112,18.915071,18.867641,0.0,0.0,0.0,0.0,0.0,0.0,0.0,0.0
30898,2023.0,8.0,3.0,13.0,21.029825,21.75991,19.278831,19.294952,21.023052,21.707497,21.000803,21.6987,19.334099,19.27713,19.315247,19.250643,21.366415,21.972883,21.020397,21.549387,18.900734,18.856167,0.0,0.0,4.0,0.0,0.0,4.0,0.0,0.0
30899,2023.0,8.0,3.0,13.0,21.021814,21.73372,19.190601,19.197943,20.996393,21.62503,21.034048,21.777414,19.309587,19.255524,19.294096,19.232515,20.963852,21.192244,21.020756,21.542976,18.889261,18.847048,0.0,4.0,0.0,0.0,0.0,0.0,0.0,0.0
30900,2023.0,8.0,3.0,14.0,21.022524,21.724216,19.591194,20.000076,21.00528,21.635386,21.000885,21.679653,19.28861,19.237381,19.27751,19.218824,21.017536,21.303738,21.017849,21.534288,18.881073,18.841173,4.0,4.0,4.0,0.0,0.0,0.0,0.0,0.0
30901,2023.0,8.0,3.0,14.0,21.098808,21.837645,20.040417,20.692148,20.89437,21.417969,20.308783,20.376272,19.27227,19.223057,19.264845,19.208036,20.639105,20.571136,21.450542,22.321392,18.875454,18.837242,4.0,4.0,0.0,0.0,0.0,0.0,4.0,0.0
30902,2023.0,8.0,3.0,14.0,20.496025,20.680927,19.998932,20.553381,20.325693,20.395248,20.568945,21.10156,19.26055,19.212769,19.633211,19.910807,20.518007,20.455236,20.694706,20.75019,18.871174,18.834091,4.0,0.0,4.0,0.0,4.0,0.0,0.0,0.0
30903,2023.0,8.0,3.0,14.0,20.187624,20.311129,20.021952,20.578176,20.017733,20.0081,20.138363,20.20306,19.251648,19.204762,20.040714,20.536732,20.479158,20.419043,20.275398,20.199461,18.868488,18.832087,0.0,0.0,0.0,0.0,0.0,0.0,0.0,0.0
30904,2023.0,8.0,3.0,14.0,20.755625,21.47117,19.570335,19.679056,19.9036,19.892435,20.482786,21.04221,19.245327,19.199223,19.676065,19.761963,20.444187,20.384993,20.156298,20.083845,18.866945,18.831013,0.0,0.0,4.0,0.0,0.0,0.0,0.0,0.0
30905,2023.0,8.0,3.0,14.0,20.291798,20.494408,19.790102,20.178455,20.467651,21.007755,20.037132,20.131643,19.242294,19.196745,19.50006,19.463842,21.178091,21.800024,20.101965,20.034107,18.867037,18.831444,4.0,4.0,0.0,0.0,0.0,4.0,0.0,0.0
30906,2023.0,8.0,3.0,15.0,20.101255,20.24016,20.037462,20.601046,20.606785,21.169312,19.826609,19.843506,19.240715,19.19582,19.44727,19.394955,20.689264,20.736399,20.064268,20.008173,18.868275,18.833097,0.0,4.0,0.0,0.0,0.0,0.0,0.0,0.0
30907,2023.0,8.0,3.0,15.0,20.037851,20.197,19.60859,19.737036,20.108564,20.205286,19.737537,19.760584,19.946692,20.52955,19.780289,20.042614,20.43223,20.367723,20.022945,19.96992,18.87018,18.835669,0.0,0.0,0.0,4.0,4.0,0.0,0.0,0.0
30908,2023.0,8.0,3.0,15.0,19.99618,20.161554,19.83866,20.25054,20.529636,21.090567,20.341312,20.947716,20.00462,20.514233,20.027647,20.43289,21.115177,21.695353,19.99186,19.939987,18.872547,18.838802,4.0,4.0,4.0,0.0,0.0,4.0,0.0,0.0
30909,2023.0,8.0,3.0,15.0,20.620106,21.374672,20.024576,20.535307,20.692406,21.264132,19.972752,20.082546,19.582254,19.619436,19.681,19.70348,20.733707,20.784557,19.960115,19.910027,18.875824,18.842958,0.0,4.0,0.0,0.0,0.0,0.0,0.0,0.0
30910,2023.0,8.0,3.0,15.0,20.233282,20.454113,20.001783,20.445925,20.721365,21.295187,19.724049,19.780466,19.422039,19.41341,19.51164,19.46849,20.492811,20.440258,19.932787,19.884436,18.879208,18.847393,4.0,4.0,0.0,0.0,0.0,0.0,0.0,0.0
30911,2023.0,8.0,3.0,15.0,20.74059,21.50405,20.018875,20.487646,20.74885,21.326517,20.302637,20.916529,19.405386,19.397556,19.482857,19.43443,20.450356,20.395342,19.9132,19.866688,18.882023,18.851643,0.0,4.0,4.0,0.0,0.0,0.0,0.0,0.0
30912,2023.0,8.0,3.0,16.0,20.89387,21.624216,20.024218,20.464928,20.776876,21.357613,20.485077,21.084911,20.062462,20.643967,19.465405,19.419756,21.172478,21.790531,19.892803,19.84918,19.777018,20.542532,4.0,4.0,4.0,4.0,0.0,4.0,0.0,4.0
30913,2023.0,8.0,3.0,16.0,20.929981,21.65967,20.014116,20.458218,20.795797,21.375387,19.973255,20.091484,19.988081,20.412048,19.451962,19.406748,20.712198,20.783339,19.874504,19.831884,20.096048,20.928059,0.0,4.0,0.0,0.0,0.0,0.0,0.0,4.0
30914,2023.0,8.0,3.0,16.0,20.978199,21.713846,19.67043,19.792389,20.26467,20.36546,20.345894,20.94271,20.340025,21.002705,19.43591,19.392494,20.459309,20.417862,19.853966,19.812906,20.241322,21.06338,0.0,0.0,4.0,4.0,0.0,0.0,0.0,4.0
30915,2023.0,8.0,3.0,16.0,21.006708,21.739399,19.939653,20.371304,20.060936,20.095112,19.896446,20.004766,20.45104,21.104712,19.421768,19.380207,20.416672,20.371038,19.835703,19.796349,19.988688,20.566473,4.0,0.0,0.0,4.0,0.0,0.0,0.0,0.0
30916,2023.0,8.0,3.0,16.0,21.03594,21.765348,20.011583,20.453176,20.590738,21.174732,20.285791,20.876934,19.96641,20.217459,19.40485,19.365597,20.391228,20.348063,19.815119,19.778067,19.513992,19.61358,0.0,4.0,4.0,0.0,0.0,0.0,0.0,0.0
30917,2023.0,8.0,3.0,16.0,21.062586,21.788986,19.671326,19.789988,20.205286,20.307213,19.912043,20.021523,19.696075,19.70555,19.759443,20.049934,20.36792,20.326328,19.794857,19.759548,19.269705,19.28068,0.0,0.0,0.0,0.0,4.0,0.0,0.0,0.0
30918,2023.0,8.0,3.0,17.0,21.084019,21.808323,19.527145,19.593597,20.009071,20.038635,19.74123,19.79071,19.604551,19.595854,20.037169,20.49567,20.349405,20.3087,19.7778,19.743645,19.212702,19.220427,0.0,0.0,0.0,0.0,0.0,0.0,0.0,0.0
30919,2023.0,8.0,3.0,17.0,21.10782,21.831324,19.86112,20.27717,19.930061,19.967947,19.676863,19.733824,19.56553,19.563246,19.716604,19.814022,21.085907,21.726011,19.761879,19.730463,19.147137,19.12741,4.0,0.0,0.0,0.0,0.0,4.0,0.0,0.0
30920,2023.0,8.0,3.0,17.0,20.553389,20.775764,20.003445,20.476765,19.862919,19.886497,20.28901,20.92167,19.51358,19.487263,19.542898,19.522987,21.285313,21.95253,19.748137,19.718307,19.109812,19.08683,4.0,0.0,4.0,0.0,0.0,4.0,0.0,0.0
30921,2023.0,8.0,3.0,17.0,20.930592,21.658833,20.015732,20.486418,19.807379,19.830282,20.476809,21.081398,19.474695,19.447083,19.478361,19.44878,20.706978,20.778791,19.734365,19.706068,19.08229,19.06069,0.0,0.0,4.0,0.0,0.0,0.0,0.0,0.0
30922,2023.0,8.0,3.0,17.0,21.092731,21.822216,20.036768,20.480623,20.427523,21.035831,20.518414,21.118776,20.15065,20.745993,19.451511,19.423239,20.463161,20.440966,19.721758,19.694777,19.061298,19.041132,4.0,4.0,4.0,4.0,0.0,0.0,0.0,0.0
30923,2023.0,8.0,3.0,17.0,21.127365,21.85654,20.055717,20.49909,20.05656,20.209232,20.028143,20.170818,19.98137,20.344275,19.435968,19.408894,20.416683,20.388826,20.709831,21.573713,19.047777,19.028975,4.0,0.0,0.0,0.0,0.0,0.0,4.0,0.0
30924,2023.0,8.0,3.0,18.0,20.57413,20.792238,20.00759,20.41969,19.811499,19.879189,20.389364,20.998299,19.674896,19.715815,19.419832,19.394318,20.391506,20.367146,21.100643,21.979006,19.033276,19.016066,0.0,0.0,4.0,0.0,0.0,0.0,4.0,0.0
30925,2023.0,8.0,3.0,18.0,21.086565,21.852945,20.059849,20.491323,21.132515,22.231274,21.095118,22.127798,19.548769,19.559235,19.402231,19.37606,21.08918,21.616743,21.013754,21.753986,19.017635,18.99936,4.0,4.0,0.0,0.0,0.0,0.0,0.0,0.0
30926,2023.0,8.0,3.0,18.0,21.008614,21.664333,20.078876,20.505415,20.986572,21.809395,21.017338,21.878443,19.48083,19.458826,19.383516,19.356075,21.00518,21.425642,21.022688,21.70995,19.952173,20.785074,4.0,4.0,0.0,0.0,0.0,0.0,0.0,4.0
30927,2023.0,8.0,3.0,18.0,21.018425,21.661064,20.003433,20.382502,21.031208,21.837286,21.025473,21.829357,19.436964,19.409544,19.36353,19.334146,21.012491,21.40956,21.019905,21.65662,19.981842,20.585941,0.0,0.0,0.0,0.0,0.0,0.0,0.0,0.0
30928,2023.0,8.0,3.0,18.0,21.176767,21.92141,20.053247,20.455574,21.022806,21.759644,20.997293,21.710245,20.11521,20.715279,19.345093,19.316525,21.01188,21.387503,21.021118,21.622805,20.286524,21.070139,4.0,0.0,4.0,4.0,0.0,0.0,0.0,4.0
30929,2023.0,8.0,3.0,18.0,21.180658,21.862902,20.006626,20.376776,21.022865,21.714586,21.031668,21.767538,19.969336,20.288435,19.324585,19.29537,21.011568,21.373009,21.020262,21.594273,19.968214,20.424734,0.0,0.0,0.0,0.0,0.0,0.0,0.0,0.0
30930,2023.0,8.0,3.0,19.0,21.177446,21.849695,19.672592,19.73162,21.019686,21.679296,21.02375,21.723839,20.338497,20.949049,19.303974,19.275478,21.011795,21.364086,21.017952,21.573923,20.374685,21.152555,0.0,0.0,0.0,4.0,0.0,0.0,0.0,4.0
30931,2023.0,8.0,3.0,19.0,20.997082,21.54587,19.49948,19.519901,21.019983,21.656961,20.99801,21.627827,19.957447,20.189835,19.28208,19.254063,21.011568,21.357754,21.018194,21.56247,20.50399,21.254768,0.0,0.0,4.0,0.0,0.0,0.0,0.0,4.0
30932,2023.0,8.0,3.0,19.0,21.02039,21.593126,19.425549,19.437527,21.023382,21.614328,21.030603,21.698833,19.658884,19.628572,19.259281,19.232248,21.011942,21.354904,21.018412,21.553497,19.951454,20.260302,0.0,4.0,0.0,0.0,0.0,0.0,0.0,0.0
30933,2023.0,8.0,3.0,19.0,21.017696,21.583393,19.82588,20.232557,21.02594,21.632977,20.997824,21.596548,19.51005,19.460571,19.235107,19.208536,21.012272,21.353514,21.01871,21.546862,19.550209,19.51793,4.0,0.0,4.0,0.0,0.0,0.0,0.0,0.0
30934,2023.0,8.0,3.0,19.0,21.133276,21.770117,20.025002,20.499546,21.022459,21.609642,21.031355,21.673859,19.466896,19.436432,19.21015,19.18352,21.012335,21.352715,21.4543,22.340273,19.363846,19.314413,0.0,0.0,0.0,0.0,0.0,0.0,4.0,0.0
30935,2023.0,8.0,3.0,19.0,21.002205,21.532814,19.63666,19.713318,20.996508,21.521854,20.997866,21.574091,19.425928,19.397718,19.185835,19.160595,21.012587,21.353252,20.954962,21.361113,19.277664,19.225157,0.0,4.0,4.0,0.0,0.0,0.0,0.0,0.0
30936,2023.0,8.0,3.0,20.0,21.130928,21.755816,19.423588,19.432262,21.02951,21.60005,21.031721,21.654453,19.383753,19.35735,19.55224,19.876572,21.012817,21.355019,21.031359,21.522743,19.20685,19.151571,0.0,0.0,0.0,0.0,4.0,0.0,0.0,0.0
30937,2023.0,8.0,3.0,20.0,21.002447,21.521772,19.35276,19.34988,21.022718,21.574665,21.024567,21.628378,20.095837,20.742939,20.065844,20.68959,21.0131,21.357656,21.021019,21.506243,19.175138,19.14816,0.0,0.0,0.0,4.0,0.0,0.0,0.0,0.0
30938,2023.0,8.0,3.0,20.0,21.02128,21.558813,19.305079,19.29633,21.023577,21.563738,21.02549,21.617281,19.981766,20.35249,19.568932,19.647848,21.013374,21.360367,21.327816,22.055105,20.07521,20.89356,0.0,0.0,0.0,0.0,0.0,0.0,4.0,4.0
30939,2023.0,8.0,3.0,20.0,21.018608,21.548773,19.263285,19.247862,21.082552,21.645239,21.01983,21.604065,20.203661,20.723278,19.287903,19.268818,21.013525,21.36266,20.96826,21.374271,19.97361,20.475492,0.0,4.0,0.0,4.0,0.0,0.0,0.0,0.0
30940,2023.0,8.0,3.0,20.0,21.01442,21.54417,19.67295,20.04313,21.016933,21.531933,21.020788,21.602102,19.989523,20.298393,19.210106,19.183676,21.013853,21.36481,21.029093,21.501879,19.418842,19.369732,4.0,0.0,0.0,0.0,0.0,0.0,0.0,0.0
30941,2023.0,8.0,3.0,20.0,21.230894,21.933153,20.025936,20.553154,21.025154,21.540173,21.020718,21.598045,19.560629,19.471783,19.553999,19.87876,21.358496,22.003094,21.022524,21.491484,19.160864,19.070522,4.0,0.0,0.0,0.0,4.0,4.0,0.0,0.0
30942,2023.0,8.0,3.0,21.0,21.157894,21.709883,20.01923,20.49174,21.023884,21.52781,21.020622,21.593885,19.346104,19.225779,20.071432,20.698706,20.966503,21.231373,21.023489,21.492922,19.063784,18.96402,0.0,0.0,0.0,0.0,0.0,0.0,0.0,0.0
30943,2023.0,8.0,3.0,21.0,21.006945,21.491959,19.865084,20.123363,21.094332,21.63635,21.020744,21.590197,19.338587,19.296555,19.529373,19.575275,21.20566,21.677801,21.018328,21.490942,19.067184,19.035688,4.0,4.0,0.0,0.0,0.0,4.0,0.0,0.0
30944,2023.0,8.0,3.0,21.0,21.022287,21.52614,20.05579,20.50467,21.01214,21.491255,21.020632,21.586304,19.311728,19.275507,19.252808,19.215393,21.26843,21.735455,21.019127,21.497015,19.04117,19.008646,0.0,0.0,0.0,0.0,0.0,4.0,0.0,0.0
30945,2023.0,8.0,3.0,21.0,21.077795,21.599728,19.54887,19.487072,21.000544,21.4417,21.020908,21.58311,19.266851,19.228212,19.507639,19.757444,20.99321,21.255093,21.019037,21.49931,19.880827,20.62924,0.0,4.0,0.0,0.0,4.0,0.0,0.0,4.0
30946,2023.0,8.0,3.0,21.0,21.014463,21.502272,19.65723,19.847448,21.030434,21.520315,21.030617,21.568195,19.912252,20.481134,20.080755,20.689722,21.022604,21.324064,21.019272,21.500963,20.101522,20.725584,4.0,0.0,4.0,4.0,0.0,0.0,0.0,4.0
30947,2023.0,8.0,3.0,21.0,21.065134,21.57057,20.045559,20.475279,21.02408,21.499968,21.026682,21.561249,20.01153,20.465635,19.71211,19.86958,21.019207,21.32088,21.019003,21.500921,20.015484,20.55547,4.0,0.0,4.0,0.0,4.0,0.0,0.0,0.0
30948,2023.0,8.0,3.0,22.0,21.0735,21.573795,20.000113,20.352404,21.025164,21.493303,21.003632,21.509018,19.436144,19.307163,20.065153,20.56235,21.01979,21.323063,21.01946,21.501822,19.357214,19.241215,4.0,0.0,4.0,0.0,4.0,0.0,0.0,0.0
30949,2023.0,8.0,3.0,22.0,21.080654,21.584341,20.02438,20.391424,21.017426,21.485151,21.033775,21.581797,19.17516,19.014067,20.018318,20.446283,21.380913,22.005527,21.019102,21.501032,19.072128,18.927263,0.0,0.0,0.0,0.0,0.0,4.0,0.0,0.0
30950,2023.0,8.0,3.0,22.0,21.015968,21.495796,19.52055,19.400738,21.018488,21.49042,21.026888,21.55567,19.202827,19.15154,19.435259,19.293028,21.287188,21.70941,21.01957,21.501398,18.9767,18.830645,0.0,0.0,0.0,0.0,0.0,4.0,0.0,0.0
30951,2023.0,8.0,3.0,22.0,21.022419,21.507805,19.21188,18.982046,21.104242,21.62822,21.027145,21.544235,19.18378,19.127958,19.263607,19.203228,20.989517,21.225166,21.019382,21.500624,19.014292,18.975973,0.0,4.0,0.0,0.0,0.0,0.0,0.0,0.0
30952,2023.0,8.0,3.0,22.0,21.043407,21.542759,19.27554,19.204718,21.049837,21.51401,21.054861,21.586626,19.141636,19.084536,19.206285,19.139631,21.03982,21.347618,21.040318,21.540043,18.988525,18.93931,0.0,0.0,0.0,0.0,0.0,0.0,0.0,0.0
30953,2023.0,8.0,3.0,22.0,21.018736,21.488815,19.695448,20.008606,21.023668,21.47151,21.01555,21.516415,19.105156,19.047916,19.144361,19.08065,21.01784,21.299387,21.016779,21.491468,19.725893,20.367447,4.0,0.0,0.0,0.0,0.0,0.0,0.0,4.0
30954,2023.0,8.0,3.0,23.0,21.013514,21.491903,20.045073,20.54549,21.025612,21.468695,21.021097,21.53248,19.06798,19.007673,19.080511,19.011425,21.021147,21.309587,21.019844,21.497856,20.04142,20.705193,0.0,0.0,0.0,0.0,0.0,0.0,0.0,0.0
30955,2023.0,8.0,3.0,23.0,20.62039,20.743587,19.600391,19.626163,20.542833,20.548334,20.478817,20.490864,19.035938,18.974764,19.028091,18.959122,20.63069,20.572865,20.462233,20.422134,20.013756,20.521954,0.0,0.0,0.0,0.0,0.0,0.0,0.0,4.0
30956,2023.0,8.0,3.0,23.0,20.465458,20.548237,19.406132,19.34348,20.328745,20.255817,20.249134,20.183458,19.008846,18.94547,18.987034,18.915524,20.495846,20.413963,20.276659,20.207329,19.309092,19.167423,0.0,0.0,0.0,0.0,0.0,0.0,0.0,0.0
30957,2023.0,8.0,3.0,23.0,20.379084,20.455706,19.328186,19.251776,20.217379,20.132053,20.131504,20.05443,18.981146,18.915136,18.946165,18.871677,20.41606,20.33118,20.170776,20.098083,19.834208,20.319378,0.0,0.0,0.0,0.0,0.0,0.0,0.0,4.0
30958,2023.0,8.0,3.0,23.0,20.310816,20.384892,19.273848,19.19368,20.134403,20.045898,20.042984,19.96295,18.954079,18.885706,18.90747,18.830389,20.346601,20.259354,20.08241,20.00766,19.24374,19.0919,0.0,0.0,0.0,0.0,0.0,0.0,0.0,0.0
30959,2023.0,8.0,3.0,23.0,20.246313,20.31288,19.223131,19.134684,20.056234,19.958464,19.960094,19.870476,18.92522,18.852491,18.86671,18.783827,20.279902,20.186092,20.000294,19.918964,19.006508,18.797983,0.0,0.0,0.0,0.0,0.0,0.0,0.0,0.0
30960,2023.0,8.0,4.0,0.0,20.19721,20.265572,19.186687,19.099571,19.998348,19.904047,19.898796,19.813063,18.900192,18.826664,18.832964,18.750118,20.226063,20.133247,19.934038,19.85431,19.668083,20.129623,0.0,0.0,0.0,0.0,0.0,0.0,0.0,4.0
30961,2023.0,8.0,4.0,0.0,20.151611,20.220657,19.153006,19.066517,19.943941,19.85075,19.841112,19.756512,18.876472,18.803083,18.800514,18.71783,20.175844,20.083138,19.872643,19.793104,19.114979,18.954445,0.0,0.0,0.0,0.0,0.0,0.0,0.0,0.0
30962,2023.0,8.0,4.0,0.0,20.108171,20.17558,19.121073,19.033506,19.891861,19.796623,19.786032,19.699097,18.853249,18.779058,18.768822,18.684683,20.128138,20.033318,19.814789,19.73296,18.906982,18.7039,0.0,0.0,0.0,0.0,0.0,0.0,0.0,0.0
30963,2023.0,8.0,4.0,0.0,20.070742,20.13837,19.094648,19.008984,19.848354,19.755405,19.740005,19.655369,18.83267,18.759108,18.741453,18.658169,20.087269,19.993206,19.765022,19.683987,18.975185,18.92192,0.0,0.0,0.0,0.0,0.0,0.0,0.0,0.0
30964,2023.0,8.0,4.0,0.0,20.036388,20.104763,19.070282,18.98649,19.808395,19.7177,19.697636,19.615307,18.8134,18.74052,18.716139,18.633755,20.050043,19.956774,19.719725,19.639505,18.934956,18.867773,0.0,0.0,0.0,0.0,0.0,0.0,0.0,0.0
30965,2023.0,8.0,4.0,0.0,20.004375,20.073456,19.047613,18.965664,19.771431,19.682938,19.658442,19.578365,18.795418,18.723272,18.692804,18.611366,20.016088,19.923647,19.678375,19.598995,18.896431,18.829895,0.0,0.0,0.0,0.0,0.0,0.0,0.0,0.0
30966,2023.0,8.0,4.0,1.0,19.974483,20.044218,19.026495,18.946337,19.737202,19.65083,19.622183,19.544262,18.778742,18.707382,18.671455,18.59101,19.985165,19.893587,19.640667,19.562157,18.862164,18.79636,0.0,0.0,0.0,0.0,0.0,0.0,0.0,0.0
30967,2023.0,8.0,4.0,1.0,19.94522,20.01457,19.00549,18.926035,19.704634,19.619896,19.58787,19.511719,18.762032,18.69042,18.96077,19.151825,19.956009,19.864584,19.60535,19.527168,18.830349,18.764746,0.0,0.0,0.0,0.0,4.0,0.0,0.0,0.0
30968,2023.0,8.0,4.0,1.0,19.915117,19.982378,18.98286,18.901846,19.670607,19.584705,19.552147,19.474798,18.744503,18.671692,18.729977,18.647549,19.926771,19.833954,19.570314,19.490894,18.799023,18.732105,0.0,0.0,0.0,0.0,0.0,0.0,0.0,0.0
30969,2023.0,8.0,4.0,1.0,19.886377,19.95177,18.960651,18.877544,19.637661,19.550144,19.517733,19.438679,18.72703,18.652958,18.6648,18.580923,19.8988,19.804554,19.536993,19.456354,18.76949,18.701283,0.0,0.0,0.0,0.0,0.0,0.0,0.0,0.0
30970,2023.0,8.0,4.0,1.0,19.859165,19.923086,18.940016,18.855747,19.607212,19.519135,19.485985,19.406347,18.70986,18.634855,18.636478,18.551636,19.872356,19.777178,19.505539,19.424149,18.741867,18.672838,0.0,0.0,0.0,0.0,0.0,0.0,0.0,0.0
30971,2023.0,8.0,4.0,1.0,19.832674,19.895086,18.91972,18.834301,19.577776,19.489092,19.455309,19.375057,18.692442,18.616484,18.609627,18.52379,19.846592,19.750452,19.475042,19.39287,18.71523,18.645357,0.0,0.0,0.0,0.0,0.0,0.0,0.0,0.0
30972,2023.0,8.0,4.0,2.0,19.815506,19.885015,18.899755,18.81317,19.54927,19.459915,19.425627,19.344711,18.67471,18.59777,18.584553,18.497644,19.821337,19.724207,19.445307,19.362328,18.689363,18.618626,0.0,0.0,0.0,0.0,0.0,0.0,0.0,0.0
30973,2023.0,8.0,4.0,2.0,19.802137,19.880154,18.882898,18.798035,20.200197,20.70846,19.399982,19.321644,18.658413,18.582293,18.562582,18.477142,19.798641,19.702686,19.418255,19.336557,18.666012,18.596361,0.0,4.0,0.0,0.0,0.0,0.0,0.0,0.0
30974,2023.0,8.0,4.0,2.0,19.78247,19.860785,18.864931,18.780079,19.797184,19.81302,19.373247,19.295225,18.6413,18.565054,18.540022,18.454433,19.775614,19.679554,19.391151,19.309418,18.642403,18.572624,0.0,0.0,0.0,0.0,0.0,0.0,0.0,0.0
30975,2023.0,8.0,4.0,2.0,19.76148,19.839169,18.847368,18.762508,19.422955,19.159979,19.34736,19.269611,19.208878,19.646488,18.814657,18.986654,19.753555,19.657404,19.365429,19.28368,18.619627,18.549728,0.0,0.0,0.0,4.0,4.0,0.0,0.0,0.0
30976,2023.0,8.0,4.0,2.0,19.740597,19.817415,18.830116,18.744993,19.298857,19.00407,19.322046,19.244278,18.824638,18.785828,18.618069,18.55249,19.731937,19.635544,19.340242,19.258316,18.597422,18.527245,0.0,0.0,0.0,0.0,0.0,0.0,0.0,0.0
30977,2023.0,8.0,4.0,2.0,19.72062,19.79696,18.813692,18.728533,19.411234,19.291626,19.297924,19.220516,18.70052,18.624992,18.534498,18.448664,20.429024,20.973965,19.31576,19.234018,18.57621,18.506096,0.0,0.0,0.0,0.0,0.0,4.0,0.0,0.0
30978,2023.0,8.0,4.0,3.0,19.70083,19.776604,18.797447,18.712217,19.43091,19.341455,19.274288,19.197151,18.665585,18.589355,18.506666,18.420824,19.780405,19.587614,19.291569,19.209946,18.555555,18.485466,0.0,0.0,0.0,0.0,0.0,0.0,0.0,0.0
30979,2023.0,8.0,4.0,3.0,19.679045,19.752083,18.778587,18.690609,19.4082,19.317991,19.248047,19.168116,18.633774,18.55475,18.478151,18.389484,19.575449,19.313097,19.265787,19.182257,18.533598,18.461693,0.0,0.0,0.0,0.0,0.0,0.0,0.0,0.0
30980,2023.0,8.0,4.0,3.0,19.658499,19.730167,18.76116,18.672031,19.384499,19.29368,19.224003,19.143257,18.607897,18.528084,18.453686,18.364157,19.515327,19.251202,19.241442,19.157242,18.512981,18.440372,0.0,0.0,0.0,0.0,0.0,0.0,0.0,0.0
30981,2023.0,8.0,4.0,3.0,19.638523,19.709526,19.20193,19.51361,19.361841,19.27209,19.201921,19.122038,18.584862,18.505424,18.431585,18.3426,19.615122,19.50192,19.218256,19.134321,18.493431,18.420965,4.0,0.0,0.0,0.0,0.0,0.0,0.0,0.0
30982,2023.0,8.0,4.0,3.0,19.617212,19.68639,18.924679,18.897825,19.337177,19.246399,19.178057,19.096968,18.561619,18.481066,18.408699,18.318518,19.62454,19.522947,19.194056,19.10919,18.47297,18.399565,0.0,0.0,0.0,0.0,0.0,0.0,0.0,0.0
30983,2023.0,8.0,4.0,3.0,19.59562,19.66263,18.793858,18.69935,19.311619,19.218683,19.153376,19.070023,18.538706,18.456524,18.385948,18.293867,19.60563,19.503664,19.169533,19.083294,18.45219,18.37744,0.0,0.0,0.0,0.0,0.0,0.0,0.0,0.0
30984,2023.0,8.0,4.0,4.0,19.574968,19.640554,18.75915,18.663223,19.28782,19.194061,19.130344,19.046057,18.517212,18.434235,18.364622,18.271687,19.585339,19.482527,19.145845,19.058916,18.432154,18.356674,0.0,0.0,0.0,0.0,0.0,0.0,0.0,0.0
30985,2023.0,8.0,4.0,4.0,19.554695,19.619242,18.731682,18.63542,19.264803,19.17076,19.10801,19.02334,18.496439,18.413097,18.343796,18.25048,19.564837,19.461655,19.122602,19.035389,18.412521,18.336706,0.0,0.0,0.0,0.0,0.0,0.0,0.0,0.0
30986,2023.0,8.0,4.0,4.0,19.53557,19.60021,18.710424,18.616112,19.243977,19.15159,19.087772,19.004618,18.477224,18.394777,18.616644,18.777777,19.54553,19.443184,19.100643,19.014332,19.123167,19.6916,0.0,0.0,0.0,0.0,4.0,0.0,0.0,4.0
30987,2023.0,8.0,4.0,4.0,19.515133,19.578531,18.688389,18.593285,19.221394,19.1285,19.065962,18.982134,18.456951,18.374006,18.429895,18.36207,19.52501,19.422173,19.077543,18.990814,18.64522,18.62438,0.0,0.0,0.0,0.0,0.0,0.0,0.0,0.0
30988,2023.0,8.0,4.0,4.0,19.495123,19.557602,18.668009,18.572342,19.873392,20.37272,19.044926,18.960573,18.437164,18.353962,18.341427,18.24853,19.504873,19.401777,19.054855,18.967964,18.37275,18.180714,0.0,4.0,0.0,0.0,0.0,0.0,0.0,0.0
30989,2023.0,8.0,4.0,4.0,19.474903,19.536196,18.648071,18.551605,19.476461,19.48291,19.023743,18.938627,18.417374,18.33368,18.313084,18.219568,19.48484,19.38125,19.032364,18.945066,18.281895,18.077993,0.0,0.0,0.0,0.0,0.0,0.0,0.0,0.0
30990,2023.0,8.0,4.0,5.0,19.454012,19.513401,18.627748,18.52971,19.07579,18.774994,19.001652,18.915052,18.397207,18.312439,18.28562,18.190584,19.464756,19.360125,19.010056,18.92182,18.34993,18.268373,0.0,0.0,0.0,0.0,0.0,0.0,0.0,0.0
30991,2023.0,8.0,4.0,5.0,19.435545,19.495304,18.61043,18.513426,19.582352,19.803713,18.982138,18.896648,18.379234,18.2953,18.263048,18.169117,19.446777,19.342987,18.9898,18.902475,18.345005,18.267534,0.0,4.0,0.0,0.0,0.0,0.0,0.0,0.0
30992,2023.0,8.0,4.0,5.0,19.416199,19.475367,18.592514,18.495594,19.174042,18.956861,18.961731,18.876335,18.360859,18.276978,18.240595,18.146673,19.428337,19.324625,18.968945,18.881739,18.32545,18.248653,0.0,0.0,0.0,0.0,0.0,0.0,0.0,0.0
30993,2023.0,8.0,4.0,5.0,19.397257,19.4562,18.57515,18.478678,18.991982,18.692684,18.941748,18.856815,18.926353,19.355473,18.219524,18.126017,19.410494,19.307152,18.948656,18.861877,18.305033,18.228613,0.0,0.0,0.0,4.0,0.0,0.0,0.0,0.0
30994,2023.0,8.0,4.0,5.0,19.37829,19.436668,18.557783,18.461386,18.917873,18.614399,18.921581,18.836718,18.54243,18.49678,18.500334,18.66937,19.392689,19.289442,18.92823,18.84158,18.284561,18.208202,0.0,0.0,0.0,0.0,4.0,0.0,0.0,0.0
30995,2023.0,8.0,4.0,5.0,19.359936,19.417965,18.540964,18.444733,19.027784,18.88822,18.901781,18.817135,19.011324,19.45142,18.301188,18.22826,19.375578,19.27258,18.908285,18.821915,18.265142,18.18901,0.0,0.0,0.0,4.0,0.0,0.0,0.0,0.0
30996,2023.0,8.0,4.0,6.0,20.025955,20.684069,18.524708,18.428713,19.058014,18.95764,18.882366,18.79807,18.461483,18.278118,18.22069,18.128014,19.35948,19.25688,18.889162,18.803234,18.247042,18.171312,0.0,0.0,0.0,0.0,0.0,0.0,0.0,0.0
30997,2023.0,8.0,4.0,6.0,21.11465,22.46494,18.510748,18.417156,21.234493,22.842047,21.240519,23.004,18.889652,19.20576,18.19894,18.108463,21.239887,22.523829,21.361609,23.068356,18.231548,18.157469,0.0,0.0,0.0,4.0,0.0,0.0,0.0,0.0
30998,2023.0,8.0,4.0,6.0,21.028994,22.130596,18.496384,18.405401,20.97862,22.079325,21.003483,22.272774,20.161188,21.300623,18.179693,18.091402,21.007868,21.96286,20.999329,22.210827,18.21775,18.145496,0.0,4.0,0.0,0.0,0.0,0.0,0.0,0.0
30999,2023.0,8.0,4.0,6.0,21.037704,22.024942,18.4828,18.394495,21.04066,22.08573,21.039106,22.18597,19.0569,18.977707,18.454266,18.618223,21.030193,21.889662,21.038404,22.139843,18.208427,18.138397,0.0,0.0,0.0,0.0,4.0,0.0,0.0,0.0
31000,2023.0,8.0,4.0,6.0,21.034958,21.936064,18.470074,18.384186,21.040522,21.970945,21.033823,22.071028,18.546768,18.340828,20.20388,21.58136,20.996756,21.719593,21.03224,22.022816,18.202991,18.135195,0.0,0.0,0.0,0.0,4.0,4.0,0.0,0.0
31001,2023.0,8.0,4.0,6.0,21.006521,21.801054,18.458776,18.374739,21.038816,21.888037,21.033276,21.997187,19.22869,19.738855,20.007122,21.005941,21.030626,21.752169,21.031376,21.945127,18.978064,19.604582,0.0,0.0,0.0,4.0,0.0,0.0,0.0,4.0
31002,2023.0,8.0,4.0,7.0,21.039131,21.851295,18.448887,18.36664,21.028088,21.829153,21.032244,21.942223,20.10151,21.08669,19.457531,19.78821,21.032448,21.690008,21.030249,21.886362,20.140432,21.415104,0.0,0.0,0.0,0.0,4.0,0.0,0.0,0.0
31003,2023.0,8.0,4.0,7.0,21.004889,21.732355,18.439697,18.359303,21.028902,21.801647,21.031658,21.901402,19.112333,19.024406,20.117142,21.03261,21.00063,21.558256,21.029844,21.842371,18.949013,18.895132,0.0,0.0,0.0,0.0,4.0,4.0,0.0,0.0
31004,2023.0,8.0,4.0,7.0,21.020407,21.744999,18.430412,18.350845,21.015932,21.722855,21.065952,21.9343,18.631937,18.418121,20.075788,20.827908,21.010735,21.546776,21.062464,21.868088,18.439219,18.267036,0.0,4.0,0.0,0.0,0.0,4.0,0.0,0.0
31005,2023.0,8.0,4.0,7.0,21.007858,21.70962,18.423023,18.34573,21.041388,21.77362,21.025713,21.832937,18.665348,18.582413,19.207138,19.095999,21.002863,21.510422,21.023867,21.765886,18.459702,18.394407,0.0,0.0,0.0,0.0,0.0,4.0,0.0,0.0
31006,2023.0,8.0,4.0,7.0,21.037933,21.781145,18.414543,18.338928,21.00739,21.66141,21.030388,21.825817,18.664373,18.59399,19.278982,19.530315,21.033978,21.572428,21.02742,21.75186,18.454638,18.396278,0.0,4.0,0.0,0.0,4.0,0.0,0.0,0.0
31007,2023.0,8.0,4.0,7.0,21.030748,21.75277,18.406775,18.333147,21.01446,21.660868,21.003725,21.73934,18.63392,18.565845,20.094149,20.891985,21.027208,21.53398,21.178526,21.981998,18.430208,18.373524,0.0,4.0,4.0,0.0,4.0,0.0,4.0,0.0
31008,2023.0,8.0,4.0,8.0,21.030703,21.74,18.865442,19.202581,21.013187,21.648981,21.035164,21.817595,18.606075,18.53856,20.023422,20.67547,21.02702,21.51156,21.012743,21.663656,18.40922,18.353024,4.0,4.0,0.0,0.0,0.0,0.0,0.0,0.0
31009,2023.0,8.0,4.0,8.0,20.266434,20.262154,20.142748,21.310843,20.689722,21.021042,20.107615,20.010805,19.309444,19.886454,19.267607,19.159391,20.997227,21.407349,20.170765,20.03397,18.394,18.33985,4.0,4.0,0.0,4.0,0.0,4.0,0.0,0.0
31010,2023.0,8.0,4.0,8.0,20.730124,21.4227,20.020153,20.91044,20.004646,19.857939,19.595827,19.367676,20.099607,21.067423,18.849546,18.622202,20.318853,20.138054,19.752075,19.53789,18.380499,18.327574,0.0,0.0,0.0,0.0,0.0,0.0,0.0,0.0
31011,2023.0,8.0,4.0,8.0,20.739492,21.256874,19.495935,19.76582,20.26248,20.558632,19.555265,19.459282,19.174477,19.127302,19.198168,19.398027,20.01331,19.772541,20.549585,21.179184,18.3683,18.316471,4.0,4.0,0.0,0.0,4.0,0.0,4.0,0.0
31012,2023.0,8.0,4.0,8.0,20.123272,20.131037,20.100788,20.87807,20.361784,20.707829,19.516695,19.449688,18.845592,18.661613,20.113056,20.962374,19.921535,19.679432,19.89299,19.787157,18.359165,18.307926,4.0,4.0,0.0,0.0,0.0,0.0,0.0,0.0
31013,2023.0,8.0,4.0,8.0,20.47841,21.00843,20.00448,20.63438,20.362745,20.714832,19.440529,19.379652,18.838617,18.753283,19.417381,19.490007,19.975155,19.866777,19.530806,19.343714,18.35053,18.299784,4.0,4.0,0.0,0.0,0.0,0.0,0.0,0.0
31014,2023.0,8.0,4.0,9.0,20.024185,20.047285,20.034084,20.668755,19.823395,19.717087,19.37008,19.313435,18.824299,18.752426,19.036325,18.965847,19.9767,19.887901,20.390783,21.059017,19.251041,20.006502,0.0,0.0,0.0,0.0,0.0,0.0,4.0,4.0
31015,2023.0,8.0,4.0,9.0,20.382778,20.918037,19.673542,19.91849,20.132967,20.479898,19.979555,20.516228,19.506557,20.0697,19.304218,19.539787,19.945377,19.85947,19.826618,19.726662,20.10558,21.24708,4.0,4.0,4.0,4.0,4.0,0.0,0.0,0.0
31016,2023.0,8.0,4.0,9.0,20.52583,21.058403,20.075449,20.723,20.282995,20.659803,20.203768,20.758556,20.042328,20.792345,20.087334,20.830828,19.916775,19.830475,19.486391,19.309555,19.815674,20.45731,4.0,4.0,4.0,4.0,4.0,0.0,0.0,4.0
31017,2023.0,8.0,4.0,9.0,20.555918,21.103615,20.002754,20.547369,20.299011,20.681042,20.091808,20.489649,20.02479,20.68346,20.016136,20.60238,19.895765,19.80855,19.393847,19.213442,20.076077,20.948196,4.0,4.0,4.0,0.0,0.0,0.0,0.0,0.0
31018,2023.0,8.0,4.0,9.0,20.581152,21.13434,20.012726,20.543898,19.768353,19.687628,19.52891,19.457132,19.341518,19.286095,19.71174,19.916302,19.882532,19.79454,19.34566,19.16939,19.220926,19.19647,4.0,0.0,0.0,0.0,4.0,0.0,0.0,0.0
31019,2023.0,8.0,4.0,9.0,20.595877,21.150427,20.029503,20.575905,20.092793,20.471096,19.871918,20.27339,18.996126,18.830893,20.070234,20.626749,20.64834,21.255745,19.39296,19.301445,18.824144,18.684553,0.0,4.0,4.0,0.0,0.0,4.0,0.0,0.0
31020,2023.0,8.0,4.0,10.0,20.607454,21.163515,19.40166,19.35324,19.694244,19.616035,19.473305,19.405355,18.9077,18.733559,19.472923,19.39807,20.819904,21.324787,19.406454,19.323284,18.720472,18.570774,0.0,0.0,0.0,0.0,0.0,4.0,0.0,0.0
31021,2023.0,8.0,4.0,10.0,20.038303,20.094374,19.127823,18.97301,19.479376,19.321032,19.909779,20.330572,18.954529,18.855627,19.317568,19.207165,20.207806,20.111317,19.401718,19.3194,18.747906,18.662148,0.0,0.0,4.0,0.0,0.0,0.0,0.0,0.0
31022,2023.0,8.0,4.0,10.0,20.500885,21.091658,19.556223,19.882837,20.045141,20.459654,20.02792,20.473455,18.968597,18.880356,19.286335,19.179134,20.74594,21.203962,19.397058,19.31465,18.74814,18.669933,4.0,4.0,4.0,0.0,0.0,4.0,0.0,0.0
31023,2023.0,8.0,4.0,10.0,20.004082,20.085773,20.04783,20.712414,19.63068,19.597052,19.502056,19.467882,18.9687,18.880836,19.26037,19.151485,20.27303,20.200106,19.395037,19.312178,18.740757,18.662586,4.0,0.0,0.0,0.0,0.0,0.0,0.0,0.0
31024,2023.0,8.0,4.0,10.0,20.42407,21.057055,20.003576,20.570034,19.37945,19.276316,19.895248,20.368858,18.967693,18.879438,19.239012,19.129736,20.030548,19.854666,19.393715,19.310373,18.732494,18.654015,4.0,0.0,4.0,0.0,0.0,0.0,0.0,0.0
31025,2023.0,8.0,4.0,10.0,19.98958,20.092659,20.02725,20.600567,19.959253,20.42822,19.503561,19.497452,18.969713,18.880985,19.61988,19.859663,19.983519,19.80526,19.39389,19.310106,18.727839,18.648874,0.0,4.0,0.0,0.0,4.0,0.0,0.0,0.0
31026,2023.0,8.0,4.0,11.0,19.7406,19.802038,19.81865,20.151237,19.619661,19.629803,19.255463,19.194046,18.974022,18.885038,20.043941,20.50843,20.707663,21.191849,19.395779,19.311836,18.726116,18.64692,4.0,0.0,0.0,0.0,0.0,4.0,0.0,0.0
31027,2023.0,8.0,4.0,11.0,19.66888,19.736805,20.040134,20.59644,19.370798,19.30733,19.177671,19.113325,18.977514,18.886309,19.62545,19.62161,20.301975,20.2126,20.405905,21.219297,18.724398,18.643187,4.0,0.0,0.0,0.0,0.0,0.0,4.0,0.0
31028,2023.0,8.0,4.0,11.0,19.623323,19.699236,20.020702,20.554525,19.295517,19.224466,19.169998,19.15123,18.980787,18.887478,19.395823,19.290085,20.080238,19.911146,19.894474,19.918465,18.72298,18.639837,0.0,0.0,0.0,0.0,0.0,0.0,0.0,0.0
31029,2023.0,8.0,4.0,11.0,20.344597,21.105074,19.506395,19.552275,19.29633,19.272114,19.149506,19.140387,18.98424,18.889238,19.354515,19.239475,20.766193,21.23668,20.566954,21.351162,18.722239,18.6376,0.0,0.0,0.0,0.0,0.0,4.0,4.0,0.0
31030,2023.0,8.0,4.0,11.0,20.422144,21.078737,19.247461,19.176876,19.282375,19.267273,19.120438,19.112015,18.988348,18.892294,19.340588,19.22217,21.02963,21.597157,20.802305,21.6079,18.72254,18.636747,0.0,0.0,0.0,0.0,0.0,4.0,4.0,0.0
31031,2023.0,8.0,4.0,11.0,20.472261,21.13116,19.652548,20.025278,19.259956,19.247238,19.094307,19.088678,18.992321,18.895624,19.330786,19.212282,21.114454,21.672773,20.913164,21.71373,18.722431,18.636106,4.0,0.0,0.0,0.0,0.0,4.0,4.0,0.0
31032,2023.0,8.0,4.0,12.0,20.519527,21.17743,20.03529,20.65876,19.238865,19.227692,19.069805,19.066317,18.996132,18.899446,19.697668,19.91124,20.46805,20.384079,20.066,20.030392,18.721779,18.635395,4.0,0.0,0.0,0.0,4.0,0.0,0.0,0.0
31033,2023.0,8.0,4.0,12.0,21.066076,22.097488,20.020527,20.596294,21.196981,22.702873,21.233232,22.937502,18.999876,18.903976,20.031778,20.408764,21.159243,21.762077,21.191364,22.162441,18.720213,18.634373,0.0,4.0,0.0,0.0,0.0,4.0,0.0,0.0
31034,2023.0,8.0,4.0,12.0,20.996763,21.884638,19.840797,20.1942,20.981268,22.07535,20.999441,22.239597,19.003485,18.908836,19.641632,19.595491,21.270569,21.825853,21.006168,21.7546,18.719017,18.634045,4.0,4.0,0.0,0.0,0.0,4.0,0.0,0.0
31035,2023.0,8.0,4.0,12.0,21.005188,21.850515,20.061653,20.645763,21.040773,22.082825,21.032766,22.165379,19.00641,18.913544,19.457918,19.349142,20.985294,21.287712,21.026587,21.730467,18.719109,18.63575,0.0,0.0,0.0,0.0,0.0,0.0,0.0,0.0
31036,2023.0,8.0,4.0,12.0,21.004564,21.813051,19.531633,19.590122,21.030985,21.970974,21.030764,22.067476,19.008465,18.917389,19.786814,20.001852,21.019674,21.340664,21.024277,21.678108,18.720179,18.6387,0.0,0.0,0.0,0.0,4.0,0.0,0.0,0.0
31037,2023.0,8.0,4.0,12.0,21.032085,21.860847,19.726154,20.138113,21.030401,21.904385,21.029264,21.999502,19.010271,18.921154,20.029224,20.34564,21.014603,21.31482,21.020155,21.640772,18.722147,18.642704,4.0,0.0,0.0,0.0,0.0,0.0,0.0,0.0
31038,2023.0,8.0,4.0,13.0,21.024523,21.81915,20.046085,20.651262,21.03,21.855228,21.029322,21.951653,19.01213,18.924679,19.631653,19.534636,21.014591,21.30134,21.020306,21.616919,18.724773,18.647087,0.0,0.0,0.0,0.0,0.0,0.0,0.0,0.0
31039,2023.0,8.0,4.0,13.0,20.997383,21.721924,19.51292,19.581003,20.999783,21.747421,21.028872,21.915146,19.01361,18.92669,19.487497,19.378181,21.45035,22.108927,21.020199,21.596685,18.727362,18.650494,0.0,4.0,0.0,0.0,0.0,4.0,0.0,0.0
31040,2023.0,8.0,4.0,13.0,21.002815,21.721813,19.644144,19.994595,21.035545,21.81489,21.028385,21.886747,19.00221,18.920938,19.444477,19.34194,20.961348,21.15053,21.021046,21.59526,18.71846,18.646923,4.0,0.0,0.0,0.0,0.0,0.0,0.0,0.0
31041,2023.0,8.0,4.0,13.0,21.002056,21.713516,20.06709,20.698292,21.027748,21.77646,21.027735,21.863928,18.957678,18.89345,19.36491,19.2817,21.023798,21.330477,21.02395,21.63225,18.679625,18.62376,0.0,0.0,0.0,0.0,0.0,0.0,0.0,0.0
31042,2023.0,8.0,4.0,13.0,21.001907,21.70743,19.85847,20.222673,21.028133,21.757465,21.001186,21.773415,18.90828,18.858984,19.677935,19.962763,21.017948,21.3637,21.024197,21.657413,18.636122,18.593756,4.0,0.0,4.0,0.0,4.0,0.0,0.0,0.0
31043,2023.0,8.0,4.0,13.0,21.001795,21.701607,20.057272,20.634377,21.023342,21.739275,21.006886,21.776644,18.862585,18.82534,20.037369,20.554209,21.015347,21.398201,21.024393,21.6727,18.596554,18.56565,0.0,0.0,4.0,0.0,4.0,0.0,0.0,0.0
31044,2023.0,8.0,4.0,14.0,21.029835,21.772238,19.528704,19.57804,21.024529,21.73289,21.010386,21.769686,18.82233,18.795694,19.999662,20.458803,21.329685,22.002687,21.024124,21.680513,18.561613,18.540213,0.0,0.0,4.0,0.0,4.0,4.0,0.0,0.0
31045,2023.0,8.0,4.0,14.0,20.417154,20.580942,19.280954,19.290318,20.38948,20.502981,20.756248,21.269785,18.786285,18.768269,20.02352,20.508451,20.664843,20.662724,20.367887,20.42103,18.531067,18.517721,0.0,0.0,4.0,0.0,0.0,0.0,0.0,0.0
31046,2023.0,8.0,4.0,14.0,20.772558,21.456772,19.63324,20.017672,20.014957,20.02134,20.103567,20.135944,18.752686,18.740686,19.54129,19.569706,20.335217,20.25327,20.022572,20.001171,18.50336,18.495686,4.0,0.0,0.0,0.0,0.0,0.0,0.0,0.0
31047,2023.0,8.0,4.0,14.0,20.265537,20.42343,20.056622,20.729113,19.895452,19.883978,19.846916,19.799824,18.724516,18.716846,19.326689,19.27926,20.237698,20.154118,19.901634,19.874672,18.48022,18.476875,0.0,0.0,0.0,0.0,0.0,0.0,0.0,0.0
31048,2023.0,8.0,4.0,14.0,19.999418,20.106476,19.536106,19.655766,19.79867,19.787634,19.706717,19.66066,18.69718,18.693636,19.244617,19.223524,20.203161,20.169615,19.799057,19.776045,18.457073,18.457333,0.0,0.0,0.0,0.0,0.0,0.0,0.0,0.0
31049,2023.0,8.0,4.0,14.0,19.917397,20.013426,19.289192,19.282778,19.726995,19.710085,19.616186,19.567162,18.673494,18.671595,19.18421,19.165794,20.15908,20.131945,19.722258,19.698055,18.436413,18.438332,0.0,0.0,0.0,0.0,0.0,0.0,0.0,0.0
31050,2023.0,8.0,4.0,15.0,20.613611,21.381306,19.223736,19.22448,20.33422,20.906008,20.24506,20.820837,18.657478,18.65783,19.138145,19.126371,20.11807,20.0959,19.663437,19.644924,18.422167,18.425901,0.0,4.0,4.0,0.0,0.0,0.0,0.0,0.0
31051,2023.0,8.0,4.0,15.0,20.110928,20.290087,19.167532,19.168493,19.924427,20.024931,19.79017,19.851429,18.653608,18.650772,19.107285,19.0924,20.08972,20.065483,19.619179,19.598776,18.421621,18.425768,0.0,0.0,0.0,0.0,0.0,0.0,0.0,0.0
31052,2023.0,8.0,4.0,15.0,20.587416,21.288311,19.123041,19.125605,20.30893,20.830961,19.572754,19.54786,18.660822,18.652472,19.092175,19.071657,20.073904,20.045504,19.58941,19.565363,18.426819,18.42314,0.0,4.0,0.0,0.0,0.0,0.0,0.0,0.0
31053,2023.0,8.0,4.0,15.0,20.108381,20.284498,19.08541,19.089788,19.867683,19.923285,20.13723,20.672894,18.675106,18.660223,19.087864,19.060423,20.06667,20.033018,19.56991,19.541206,18.439196,18.429127,0.0,0.0,4.0,0.0,0.0,0.0,0.0,0.0
31054,2023.0,8.0,4.0,15.0,19.923018,20.038837,19.052496,19.0588,20.297329,20.824518,20.262209,20.804033,18.693972,18.672379,19.090797,19.056181,20.065157,20.02602,19.557476,19.523893,18.456114,18.43979,0.0,4.0,4.0,0.0,0.0,0.0,0.0,0.0
31055,2023.0,8.0,4.0,15.0,19.859749,19.97847,19.023523,19.031685,19.863155,19.925451,20.300375,20.839117,18.714731,18.686806,19.098446,19.057047,20.066982,20.022648,19.549742,19.511517,18.47562,18.453447,0.0,0.0,4.0,0.0,0.0,0.0,0.0,0.0
31056,2023.0,8.0,4.0,16.0,19.840185,19.989422,18.997952,19.008076,20.287876,20.815353,19.790958,19.859911,19.456089,20.061087,19.108818,19.06136,20.838955,21.48079,19.54519,19.50288,18.496258,18.468811,0.0,4.0,0.0,4.0,0.0,4.0,0.0,0.0
31057,2023.0,8.0,4.0,16.0,20.491283,21.242966,19.419989,19.82123,19.862406,19.930782,19.584946,19.57864,20.075489,21.003658,19.12054,19.067942,20.34826,20.378992,19.542366,19.496477,18.516886,18.485048,4.0,0.0,0.0,0.0,0.0,0.0,0.0,0.0
31058,2023.0,8.0,4.0,16.0,20.08781,20.279007,20.061756,20.834936,20.2358,20.781109,19.49772,19.494442,19.385637,19.493837,19.1328,19.076063,20.889746,21.503897,19.538555,19.489826,18.537027,18.501186,4.0,4.0,0.0,0.0,0.0,4.0,0.0,0.0
31059,2023.0,8.0,4.0,16.0,20.481962,21.175539,19.997095,20.620901,20.41135,20.958042,19.438812,19.440624,19.073465,19.049236,19.146313,19.086136,20.461737,20.493408,19.5358,19.484598,18.555723,18.51673,4.0,4.0,0.0,0.0,0.0,0.0,0.0,0.0
31060,2023.0,8.0,4.0,16.0,20.074137,20.246088,20.005056,20.581789,19.892578,19.95222,19.397644,19.408829,19.02444,18.986454,19.1602,19.097517,20.210653,20.125935,19.534294,19.481264,18.572588,18.53108,4.0,0.0,0.0,0.0,0.0,0.0,0.0,0.0
31061,2023.0,8.0,4.0,16.0,19.863426,20.00397,20.003637,20.541317,19.656284,19.664743,20.029814,20.633194,19.00568,18.955114,19.17289,19.108429,20.168102,20.08048,19.532276,19.47821,19.49156,20.253164,4.0,0.0,4.0,0.0,0.0,0.0,0.0,4.0
31062,2023.0,8.0,4.0,17.0,20.444641,21.14509,20.003136,20.513338,19.576515,19.578766,19.670385,19.755878,18.996279,18.942808,19.18413,19.119213,20.154356,20.067661,19.528797,19.474293,20.063427,21.007599,4.0,0.0,0.0,0.0,0.0,0.0,0.0,0.0
31063,2023.0,8.0,4.0,17.0,20.055664,20.23289,20.003422,20.49228,19.51446,19.504086,20.015524,20.553085,18.98839,18.930431,19.187626,19.118141,20.924786,21.545176,19.519941,19.462029,19.308249,19.411379,4.0,0.0,4.0,0.0,0.0,4.0,0.0,0.0
31064,2023.0,8.0,4.0,17.0,20.462034,21.144762,20.022087,20.526388,19.477903,19.476011,20.19509,20.73193,18.978218,18.916393,19.185202,19.11145,20.49596,20.511118,19.507057,19.44584,18.937498,18.887903,0.0,0.0,4.0,0.0,0.0,0.0,0.0,0.0
31065,2023.0,8.0,4.0,17.0,20.637785,21.305767,19.906506,20.260544,19.442387,19.43819,19.671831,19.710552,18.967047,18.90237,19.546892,19.793812,20.985558,21.561792,19.491503,19.427647,18.844124,18.778458,4.0,0.0,0.0,0.0,4.0,4.0,0.0,0.0
31066,2023.0,8.0,4.0,17.0,20.668516,21.319601,20.039013,20.52284,19.41039,19.401464,20.09908,20.611631,18.955729,18.888575,20.0417,20.597876,20.442614,20.426998,19.474697,19.40866,18.817532,18.756916,0.0,0.0,4.0,0.0,4.0,0.0,0.0,0.0
31067,2023.0,8.0,4.0,17.0,20.106012,20.23158,19.9043,20.221373,19.376226,19.363121,19.674511,19.68033,18.933767,18.868528,19.99868,20.442312,20.909552,21.453497,19.447727,19.382992,18.780716,18.722336,4.0,0.0,0.0,0.0,4.0,4.0,0.0,0.0
31068,2023.0,8.0,4.0,18.0,20.494179,21.130102,20.041548,20.515732,20.005655,20.568964,20.012554,20.481037,18.889208,18.833927,20.024204,20.494612,21.066683,21.616638,20.410164,21.252178,19.621134,20.369198,0.0,4.0,4.0,0.0,0.0,4.0,4.0,4.0
31069,2023.0,8.0,4.0,18.0,21.078571,22.05086,19.900276,20.19796,21.110125,22.330502,21.123493,22.307068,18.842073,18.79582,19.50097,19.476515,21.01991,21.537498,21.084621,22.205938,20.052567,20.930508,4.0,4.0,4.0,0.0,0.0,0.0,0.0,0.0
31070,2023.0,8.0,4.0,18.0,20.992743,21.77944,20.024353,20.453304,21.025808,22.030306,20.999758,21.936186,18.800428,18.761244,19.186417,19.070528,21.082344,21.611034,20.987114,21.869295,19.22087,19.238443,4.0,0.0,4.0,0.0,0.0,4.0,4.0,0.0
31071,2023.0,8.0,4.0,18.0,21.005575,21.756361,20.002335,20.398115,21.008081,21.869072,21.01466,21.883245,19.53192,20.181305,19.134464,19.080292,21.107273,21.628403,21.040977,21.929527,19.737255,20.46491,4.0,4.0,4.0,4.0,0.0,4.0,0.0,4.0
31072,2023.0,8.0,4.0,18.0,21.03177,21.795338,20.02436,20.448635,21.03676,21.87671,21.01058,21.817915,20.06483,20.92211,19.099302,19.052969,21.123087,21.636103,21.02826,21.840727,20.042711,20.83051,0.0,0.0,4.0,0.0,0.0,4.0,0.0,0.0
31073,2023.0,8.0,4.0,18.0,20.997671,21.674809,19.894047,20.16325,21.005175,21.738138,21.038155,21.850363,19.282074,19.281706,19.054848,19.013588,21.012667,21.445335,21.030577,21.749474,20.051508,20.724657,4.0,4.0,0.0,0.0,0.0,0.0,4.0,4.0
31074,2023.0,8.0,4.0,19.0,21.003881,21.668018,20.026121,20.434095,21.010656,21.712381,21.03154,21.798065,19.623814,20.165844,19.011173,18.969221,21.120296,21.615467,21.04924,21.76006,20.02744,20.6837,4.0,4.0,0.0,4.0,0.0,4.0,4.0,0.0
31075,2023.0,8.0,4.0,19.0,21.00217,21.651735,20.001266,20.375818,21.008646,21.68201,21.030643,21.764786,20.06574,20.801003,18.972828,18.931452,21.005836,21.404903,21.029427,21.73481,20.116276,20.775667,4.0,4.0,0.0,0.0,0.0,0.0,0.0,4.0
31076,2023.0,8.0,4.0,19.0,21.002558,21.642157,20.005774,20.378477,21.035477,21.734747,21.031397,21.740767,19.335789,19.299685,18.94164,18.90291,21.023472,21.433525,21.02987,21.711256,20.015274,20.589054,4.0,0.0,0.0,0.0,0.0,0.0,0.0,0.0
31077,2023.0,8.0,4.0,19.0,21.002413,21.633247,20.004887,20.371721,21.003023,21.626657,21.024199,21.719498,18.986076,18.875927,18.912176,18.874853,21.02086,21.420746,21.028925,21.687181,19.347118,19.285143,4.0,4.0,0.0,0.0,0.0,0.0,0.0,0.0
31078,2023.0,8.0,4.0,19.0,21.031115,21.702372,20.023973,20.4202,21.008938,21.624435,21.024786,21.713501,18.95941,18.919678,19.297655,19.629492,21.020515,21.413713,21.027985,21.666935,19.029772,18.91699,0.0,4.0,0.0,0.0,4.0,0.0,0.0,0.0
31079,2023.0,8.0,4.0,19.0,21.024143,21.674139,19.532026,19.466372,21.034168,21.684372,21.024609,21.706503,18.929092,18.894625,20.10202,20.935623,21.015282,21.409342,21.147646,21.83954,18.915419,18.805674,0.0,0.0,0.0,0.0,0.0,0.0,4.0,0.0
31080,2023.0,8.0,4.0,20.0,21.024303,21.661226,19.659134,19.868631,21.002155,21.584696,20.998539,21.628311,18.88453,18.85317,19.434464,19.519533,21.016333,21.416813,21.013714,21.605888,18.90028,18.860678,4.0,4.0,4.0,0.0,0.0,0.0,0.0,0.0
31081,2023.0,8.0,4.0,20.0,20.994589,21.570553,20.047531,20.50806,21.008236,21.588015,21.031475,21.714912,18.837841,18.806223,19.081182,19.049618,21.01666,21.423704,21.031277,21.640226,18.858116,18.82374,4.0,4.0,0.0,0.0,0.0,0.0,0.0,0.0
31082,2023.0,8.0,4.0,20.0,21.050814,21.708397,20.04257,20.47199,21.058996,21.707397,21.06206,21.751635,18.79441,18.759972,18.984905,18.941221,21.033403,21.460197,21.057365,21.683424,18.804289,18.772058,0.0,0.0,0.0,0.0,0.0,0.0,0.0,0.0
31083,2023.0,8.0,4.0,20.0,21.020525,21.628355,19.506456,19.425472,21.024109,21.616512,21.026316,21.665728,18.757046,18.721653,18.93041,18.88788,21.281603,21.907711,21.018885,21.611706,18.7575,18.727625,0.0,0.0,0.0,0.0,0.0,4.0,0.0,0.0
31084,2023.0,8.0,4.0,20.0,20.99717,21.554348,19.752382,20.075481,21.029524,21.614613,20.997944,21.591595,18.721006,18.68324,19.218143,19.467813,20.989216,21.336836,21.30678,22.12889,19.59394,20.345842,4.0,0.0,4.0,0.0,4.0,0.0,4.0,4.0
31085,2023.0,8.0,4.0,20.0,21.03105,21.641674,20.014242,20.45711,21.028776,21.601181,21.037529,21.68077,18.688116,18.64751,20.117088,20.969744,21.10576,21.543804,21.227766,21.869501,20.020424,20.815966,4.0,0.0,0.0,0.0,0.0,4.0,4.0,4.0
31086,2023.0,8.0,4.0,21.0,20.99697,21.546436,20.006027,20.404491,21.021149,21.590717,21.03019,21.652573,18.658703,18.615925,19.409245,19.474953,21.129517,21.561161,21.011448,21.548403,20.032452,20.778276,4.0,0.0,0.0,0.0,0.0,4.0,0.0,0.0
31087,2023.0,8.0,4.0,21.0,21.003164,21.559088,20.025667,20.43543,21.007994,21.538174,21.030878,21.641302,18.633009,18.589172,19.046318,19.000963,21.013172,21.374704,21.03158,21.593884,19.220085,19.140352,0.0,4.0,0.0,0.0,0.0,0.0,0.0,0.0
31088,2023.0,8.0,4.0,21.0,21.030987,21.63543,19.833925,20.022766,21.027195,21.610504,21.022552,21.630424,19.313793,19.89172,19.293163,19.537218,21.024166,21.397413,21.028784,21.586042,18.847197,18.702677,4.0,0.0,0.0,4.0,4.0,0.0,0.0,0.0
31089,2023.0,8.0,4.0,21.0,21.024216,21.614613,20.037659,20.433363,21.029646,21.598352,21.023699,21.634928,20.095201,21.063461,20.096615,20.85467,21.106993,21.526196,21.028664,21.58158,18.731552,18.58245,4.0,0.0,0.0,0.0,4.0,4.0,0.0,0.0
31090,2023.0,8.0,4.0,21.0,21.024643,21.606268,20.02131,20.399178,21.02891,21.582966,21.02338,21.634714,19.744688,20.19156,20.02046,20.630583,21.013203,21.366306,21.028994,21.577322,18.75929,18.71562,0.0,0.0,0.0,4.0,0.0,0.0,0.0,0.0
31091,2023.0,8.0,4.0,21.0,21.024916,21.598295,19.488235,19.359858,21.020752,21.571873,21.023422,21.634161,20.081083,20.849447,19.302084,19.180885,21.024054,21.387722,21.344242,22.151505,18.737778,18.693222,0.0,0.0,0.0,0.0,0.0,0.0,4.0,0.0
31092,2023.0,8.0,4.0,22.0,21.1613,21.838081,19.164371,18.930988,21.021627,21.57518,21.023533,21.633127,19.252499,19.160019,19.273703,19.37519,21.022984,21.382906,20.982498,21.452967,18.69492,18.649849,0.0,0.0,0.0,0.0,4.0,0.0,0.0,0.0
31093,2023.0,8.0,4.0,22.0,20.991047,21.495821,19.190578,19.090067,21.021456,21.575012,20.997267,21.559097,18.855337,18.681684,20.130451,20.79732,21.015537,21.379759,21.034906,21.564772,18.656803,18.61091,0.0,0.0,4.0,0.0,4.0,0.0,0.0,0.0
31094,2023.0,8.0,4.0,22.0,21.005066,21.530706,19.194881,19.121765,21.02145,21.574385,21.029093,21.647284,18.858318,18.799683,20.018349,20.555315,21.016388,21.388456,21.027754,21.55077,19.4049,20.054142,0.0,0.0,0.0,0.0,0.0,0.0,0.0,4.0
31095,2023.0,8.0,4.0,22.0,21.030056,21.605581,19.15562,19.084612,21.021435,21.573114,21.031319,21.631588,18.838177,18.78548,19.332615,19.190773,21.016418,21.392986,21.028429,21.550018,20.051434,20.93035,0.0,0.0,0.0,0.0,0.0,0.0,0.0,4.0
31096,2023.0,8.0,4.0,22.0,21.02438,21.589085,19.115276,19.043451,21.021381,21.571402,21.030424,21.613647,19.411152,19.909332,19.109158,19.035921,21.016302,21.395702,21.02109,21.546663,20.029133,20.802713,0.0,0.0,0.0,4.0,0.0,0.0,0.0,0.0
31097,2023.0,8.0,4.0,22.0,21.025064,21.58249,19.079884,19.008543,21.021223,21.569202,21.021868,21.601274,20.08359,20.933657,19.060333,18.995253,21.280571,21.879244,21.022278,21.555222,19.17834,19.078255,0.0,0.0,0.0,0.0,0.0,4.0,0.0,0.0
31098,2023.0,8.0,4.0,23.0,21.024826,21.574392,19.047035,18.975458,21.021618,21.538656,21.02302,21.605352,19.19985,19.10375,19.289682,19.482716,20.989393,21.304283,21.0221,21.558527,18.794899,18.63044,0.0,4.0,0.0,0.0,4.0,0.0,0.0,0.0
31099,2023.0,8.0,4.0,23.0,20.572687,20.714035,19.01643,18.943554,21.012085,21.527134,20.425491,20.456913,18.794868,18.618477,19.104813,19.068554,20.408228,20.19576,20.416052,20.392483,18.686672,18.522758,0.0,4.0,0.0,0.0,0.0,0.0,0.0,0.0
31100,2023.0,8.0,4.0,23.0,20.390121,20.480606,18.991964,18.917818,20.282192,20.139032,20.158667,20.093412,18.818426,18.750515,18.985937,18.919851,20.2017,19.945475,20.198542,20.129753,18.72925,18.67074,0.0,0.0,0.0,0.0,0.0,0.0,0.0,0.0
31101,2023.0,8.0,4.0,23.0,20.294048,20.380539,18.968187,18.893282,19.945438,19.664974,20.031311,19.957123,18.801577,18.743855,18.928188,18.860115,21.006308,21.579937,20.084803,20.016335,18.712614,18.661037,0.0,0.0,0.0,0.0,0.0,4.0,0.0,0.0
31102,2023.0,8.0,4.0,23.0,20.217869,20.30278,18.945326,18.869457,19.799505,19.506569,19.934778,19.85874,19.335552,19.779062,19.1682,19.349516,20.350828,20.186317,19.991362,19.923721,18.677717,18.625177,0.0,0.0,0.0,4.0,4.0,0.0,0.0,0.0
31103,2023.0,8.0,4.0,23.0,20.151327,20.233458,18.922924,18.845543,19.693289,19.398478,19.851551,19.772818,18.942577,18.916452,19.284697,19.519339,20.082342,19.821524,19.907454,19.836035,18.643482,18.589205,0.0,0.0,0.0,0.0,4.0,0.0,0.0,0.0
31104,2023.0,8.0,5.0,0.0,20.09211,20.171024,18.901323,18.821894,19.792305,19.683714,19.77791,19.696016,18.677336,18.492872,19.132803,19.188719,19.98837,19.725365,19.833012,19.758717,18.610914,18.554674,0.0,0.0,0.0,0.0,4.0,0.0,0.0,0.0
31105,2023.0,8.0,5.0,0.0,20.042967,20.12324,18.883276,18.80426,19.771557,19.678743,19.717297,19.637602,18.586462,18.393984,18.807543,18.607054,20.078785,19.984472,19.769627,19.696276,18.582478,18.526413,0.0,0.0,0.0,0.0,0.0,0.0,0.0,0.0
31106,2023.0,8.0,5.0,0.0,19.998306,20.079912,18.866175,18.78769,20.39886,20.899443,19.662752,19.585133,18.646961,18.575895,18.664557,18.435997,20.063576,19.977491,19.71262,19.640255,18.55619,18.50036,0.0,4.0,0.0,0.0,0.0,0.0,0.0,0.0
31107,2023.0,8.0,5.0,0.0,19.956533,20.038637,18.84914,18.771025,19.999035,20.032148,19.612103,19.535603,18.644028,18.581522,18.72304,18.627583,20.025461,19.94005,19.66035,19.588152,19.261889,19.850842,0.0,0.0,0.0,0.0,0.0,0.0,0.0,4.0
31108,2023.0,8.0,5.0,0.0,19.916567,19.996883,18.832186,18.754297,19.60333,19.348867,19.565086,19.48903,19.202986,19.654406,18.728415,18.652557,19.988655,19.902811,19.612518,19.539938,18.77861,18.772629,0.0,0.0,0.0,4.0,0.0,0.0,0.0,0.0
31109,2023.0,8.0,5.0,0.0,19.879717,19.958656,18.815454,18.737461,19.464659,19.177387,19.52124,19.44489,19.457352,19.997665,19.008183,19.203667,19.953392,19.866701,19.56801,19.494589,18.512484,18.349012,0.0,0.0,0.0,4.0,4.0,0.0,0.0,0.0
31110,2023.0,8.0,5.0,1.0,19.847782,19.927187,18.800316,18.72294,19.557991,19.43865,19.482769,19.408224,18.80046,18.665407,18.799917,18.75547,19.92171,19.83565,19.528284,19.45577,18.431751,18.262842,0.0,0.0,0.0,0.0,0.0,0.0,0.0,0.0
31111,2023.0,8.0,5.0,1.0,19.815441,19.892586,18.784046,18.705387,19.566095,19.477617,19.442842,19.366003,18.57554,18.371235,18.696856,18.619179,19.889498,19.801695,19.4884,19.414038,18.498167,18.448927,0.0,0.0,0.0,0.0,0.0,0.0,0.0,0.0
31112,2023.0,8.0,5.0,1.0,19.788662,19.867523,18.771063,18.694084,19.537971,19.4536,19.4114,19.338541,18.511396,18.314749,18.665056,18.590155,19.862707,19.776815,20.391478,21.146908,18.481962,18.425072,0.0,0.0,0.0,0.0,0.0,0.0,4.0,0.0
31113,2023.0,8.0,5.0,1.0,19.760887,19.839333,18.756851,18.68011,19.50784,19.424618,19.378819,19.306734,18.574677,18.498518,18.923304,19.099386,19.835657,19.749817,19.638226,19.510326,18.45983,18.40256,0.0,0.0,0.0,0.0,4.0,0.0,0.0,0.0
31114,2023.0,8.0,5.0,1.0,19.732843,19.809423,18.742126,18.66475,19.477093,19.393152,19.346394,19.27332,18.5771,18.512188,18.7055,18.63172,19.808828,19.7219,19.374855,19.15809,18.438213,18.37991,0.0,0.0,0.0,0.0,0.0,0.0,0.0,0.0
31115,2023.0,8.0,5.0,1.0,19.707207,19.78312,18.728067,18.650246,19.448233,19.36421,19.316433,19.243073,18.553112,18.487768,18.634193,18.556494,19.783962,19.696714,19.29508,19.079573,18.417994,18.359312,0.0,0.0,0.0,0.0,0.0,0.0,0.0,0.0
31116,2023.0,8.0,5.0,2.0,19.68305,19.758615,18.71477,18.637083,19.421333,19.338182,19.288849,19.216167,18.530293,18.464895,18.601332,18.523746,19.76057,19.673452,19.380857,19.316496,18.398989,18.340252,0.0,0.0,0.0,0.0,0.0,0.0,0.0,0.0
31117,2023.0,8.0,5.0,2.0,19.65952,19.734293,18.701296,18.623379,19.395819,19.313736,19.262873,19.191105,18.508299,18.442793,18.882044,19.076447,19.737986,19.650843,19.35798,19.284325,18.380554,18.32152,0.0,0.0,0.0,0.0,4.0,0.0,0.0,0.0
31118,2023.0,8.0,5.0,2.0,19.635078,19.707792,18.686235,18.606619,19.368742,19.28553,19.235374,19.162273,18.485691,18.418837,18.64476,18.569262,19.71459,19.626226,19.326788,19.25187,18.361506,18.301281,0.0,0.0,0.0,0.0,0.0,0.0,0.0,0.0
31119,2023.0,8.0,5.0,2.0,19.611597,19.68252,18.671003,18.589304,19.342203,19.257456,19.2085,19.133657,18.46371,18.395468,18.57266,18.491644,19.691582,19.601948,19.296444,19.220339,18.34278,18.281357,0.0,0.0,0.0,0.0,0.0,0.0,0.0,0.0
31120,2023.0,8.0,5.0,2.0,19.590393,19.66119,18.657951,18.576418,19.319477,19.236233,19.185513,19.112051,18.44404,18.376184,18.541023,18.461575,19.670637,19.581497,19.268581,19.193289,19.056698,19.64088,0.0,0.0,0.0,0.0,0.0,0.0,0.0,4.0
31121,2023.0,8.0,5.0,2.0,19.567959,19.636992,18.643171,18.560192,19.295073,19.210903,19.160915,19.086332,18.423332,18.354387,18.50902,18.428228,19.648472,19.55834,19.239809,19.163595,18.579645,18.572248,0.0,0.0,0.0,0.0,0.0,0.0,0.0,0.0
31122,2023.0,8.0,5.0,3.0,19.54524,19.611753,18.627628,18.542538,19.27033,19.184252,19.136156,19.05941,18.4023,18.331636,18.478462,18.395273,19.625805,19.534021,19.210957,19.133081,18.298151,18.109499,0.0,0.0,0.0,0.0,0.0,0.0,0.0,0.0
31123,2023.0,8.0,5.0,3.0,19.52442,19.589897,18.613388,18.527536,19.247847,19.16157,19.113665,19.036541,18.38264,18.311377,18.761332,18.949224,19.604311,19.511906,19.183971,19.10568,18.217052,18.02412,0.0,0.0,0.0,0.0,4.0,0.0,0.0,0.0
31124,2023.0,8.0,5.0,3.0,19.5028,19.566095,18.597853,18.509762,19.224003,19.135662,19.089699,19.010382,18.362194,18.289244,18.885788,19.119244,19.581856,19.487698,19.15641,19.076529,18.302721,18.24879,0.0,0.0,0.0,0.0,4.0,0.0,0.0,0.0
31125,2023.0,8.0,5.0,3.0,19.483274,19.54603,18.584969,18.4968,19.203566,19.116022,19.069185,18.99056,18.343838,18.270899,18.420847,18.192108,19.56144,19.467297,19.131353,19.051697,18.287287,18.22132,0.0,0.0,0.0,0.0,0.0,0.0,0.0,0.0
31126,2023.0,8.0,5.0,3.0,19.46185,19.52212,18.569597,18.47882,19.180191,19.090258,19.04575,18.964596,18.323864,18.249044,18.251024,17.98371,19.539253,19.443136,19.104744,19.023268,18.264986,18.196892,0.0,0.0,0.0,0.0,0.0,0.0,0.0,0.0
31127,2023.0,8.0,5.0,3.0,19.454529,19.526064,18.55656,18.465961,19.16046,19.071432,19.02586,18.94557,18.891195,19.33081,18.350101,18.246477,19.519487,19.423544,19.080914,18.999825,18.245684,18.177729,0.0,0.0,0.0,4.0,0.0,0.0,0.0,0.0
31128,2023.0,8.0,5.0,4.0,19.44327,19.518183,18.54165,18.449781,19.139042,19.04893,19.004128,18.922754,18.505709,18.468307,18.36361,18.274416,19.498718,19.401636,19.056276,18.974197,18.225512,18.156532,0.0,0.0,0.0,0.0,0.0,0.0,0.0,0.0
31129,2023.0,8.0,5.0,4.0,19.423319,19.493902,18.52275,18.425673,19.114046,19.019024,18.978779,18.89249,18.375294,18.29524,18.335976,18.242552,19.47562,19.374865,19.029732,18.944332,18.20357,18.131302,0.0,0.0,0.0,0.0,0.0,0.0,0.0,0.0
31130,2023.0,8.0,5.0,4.0,19.40343,19.470448,18.504526,18.403408,19.090334,18.991861,18.954754,18.865023,18.33726,18.254566,18.308668,18.212162,19.453016,19.349514,19.003937,18.916151,18.182264,18.107533,0.0,0.0,0.0,0.0,0.0,0.0,0.0,0.0
31131,2023.0,8.0,5.0,4.0,19.382698,19.445955,18.485838,18.380642,19.06644,18.964474,18.930557,18.83734,18.303724,18.218359,18.28061,18.181011,19.429892,19.323606,18.977806,18.8876,18.160658,18.083426,0.0,0.0,0.0,0.0,0.0,0.0,0.0,0.0
31132,2023.0,8.0,5.0,4.0,19.362152,19.422302,18.46831,18.360537,19.043964,18.94,18.907806,18.812614,18.27469,18.18772,18.563211,18.73301,19.40705,19.298826,18.95206,18.860207,18.13937,18.060337,0.0,0.0,0.0,0.0,4.0,0.0,0.0,0.0
31133,2023.0,8.0,5.0,4.0,19.340424,19.396803,18.448982,18.337053,19.019789,18.912277,18.883398,18.78464,18.245405,18.155588,18.337227,18.245327,19.382639,19.271578,18.924948,18.830618,18.116795,18.035204,0.0,0.0,0.0,0.0,0.0,0.0,0.0,0.0
31134,2023.0,8.0,5.0,5.0,19.319126,19.372356,18.43025,18.314774,19.676735,20.1645,18.859829,18.758224,18.217495,18.125593,18.253239,18.146626,20.078241,20.607042,18.898037,18.801888,18.094275,18.010698,0.0,4.0,0.0,0.0,0.0,4.0,0.0,0.0
31135,2023.0,8.0,5.0,5.0,19.300459,19.35331,18.414694,18.299152,19.292679,19.29874,18.839243,18.737867,18.763401,19.172363,18.218428,18.11194,19.401482,19.165022,18.87301,18.777063,18.073402,17.98994,0.0,0.0,0.0,4.0,0.0,0.0,0.0,0.0
31136,2023.0,8.0,5.0,5.0,19.28279,19.335295,18.40047,18.285515,18.86683,18.538904,18.819702,18.71883,18.384012,18.3285,18.487553,18.643766,19.177635,18.863962,18.849,18.753035,18.05309,17.969593,0.0,0.0,0.0,0.0,4.0,0.0,0.0,0.0
31137,2023.0,8.0,5.0,5.0,19.266308,19.319168,18.387226,18.2734,18.74907,18.402636,18.801346,18.70167,18.105028,17.86534,18.286669,18.209574,19.119167,18.812386,18.826262,18.731045,18.763605,19.324703,0.0,0.0,0.0,0.0,0.0,0.0,0.0,4.0
31138,2023.0,8.0,5.0,5.0,19.24951,19.302433,18.374043,18.26104,18.875977,18.718367,18.783169,18.684202,18.003084,17.749939,18.187698,18.082285,19.256319,19.142092,18.803452,18.70859,18.28579,18.25685,0.0,0.0,0.0,0.0,0.0,0.0,0.0,0.0
31139,2023.0,8.0,5.0,5.0,19.2327,19.285915,18.361095,18.249165,18.9162,18.802235,18.765673,18.667587,18.102425,18.007849,18.447166,18.595945,19.996378,20.534208,18.781546,18.68731,17.999998,17.786604,0.0,0.0,0.0,0.0,4.0,4.0,0.0,0.0
31140,2023.0,8.0,5.0,6.0,19.215761,19.269178,18.348251,18.237375,18.907482,18.799784,18.748339,18.65115,18.11247,18.023207,18.574041,18.773415,19.330091,19.108335,18.760643,18.667042,17.909052,17.686417,0.0,0.0,0.0,0.0,4.0,0.0,0.0,0.0
31141,2023.0,8.0,5.0,6.0,21.244879,22.855373,18.335829,18.225958,21.231508,22.916414,21.237457,23.083933,18.685637,19.117361,20.220215,21.618504,21.225668,22.508705,21.362831,23.150574,18.74877,19.333313,0.0,4.0,0.0,4.0,0.0,0.0,0.0,4.0
31142,2023.0,8.0,5.0,6.0,20.980595,22.1113,18.323488,18.214092,21.01044,22.252302,21.004793,22.342981,20.179207,21.570498,18.921041,18.848341,21.02037,21.991425,21.000982,22.286942,20.172089,21.580488,0.0,0.0,0.0,0.0,0.0,0.0,0.0,0.0
31143,2023.0,8.0,5.0,6.0,21.011799,22.054705,18.311314,18.202436,21.049679,22.15054,21.041187,22.244383,18.863897,18.78088,18.702745,18.839073,21.001022,21.828674,21.0017,22.103065,19.506899,20.020391,0.0,0.0,0.0,0.0,4.0,4.0,4.0,4.0
31144,2023.0,8.0,5.0,6.0,21.017706,21.968664,18.738922,19.012495,21.043085,22.016573,21.035543,22.119295,18.264103,18.027008,20.186623,21.393236,21.01346,21.76359,21.052053,22.111137,20.273506,21.533796,4.0,0.0,0.0,0.0,0.0,4.0,0.0,0.0
31145,2023.0,8.0,5.0,6.0,21.28311,22.433363,20.174234,21.425287,21.231325,22.331436,21.219316,22.407358,18.291174,18.198616,19.211647,19.320007,21.236895,22.14687,21.365751,22.61949,18.97154,18.860561,0.0,0.0,0.0,0.0,0.0,4.0,4.0,0.0
31146,2023.0,8.0,5.0,7.0,21.014296,21.84158,19.213003,19.352146,21.031197,21.879784,21.00837,21.904009,18.29587,18.209402,18.97367,19.148546,21.039482,21.716587,21.007885,21.834776,18.428116,18.19763,0.0,0.0,4.0,0.0,4.0,0.0,4.0,0.0
31147,2023.0,8.0,5.0,7.0,21.042225,21.884743,19.079992,19.360777,21.005236,21.775143,21.039145,21.951445,18.959673,19.492075,20.141048,21.171446,21.00357,21.582672,21.04797,21.903187,18.431755,18.345276,4.0,4.0,0.0,4.0,4.0,4.0,0.0,0.0
31148,2023.0,8.0,5.0,7.0,21.035295,21.838163,20.143145,21.183695,21.01006,21.765804,21.043695,21.907146,20.155529,21.382763,20.025892,20.822056,21.008163,21.565664,21.038914,21.844122,18.409279,18.329535,0.0,4.0,0.0,0.0,0.0,4.0,0.0,0.0
31149,2023.0,8.0,5.0,7.0,21.008163,21.735779,19.097506,19.004063,21.020355,21.750921,21.042381,21.864265,18.94786,18.848124,19.397945,19.501537,21.037876,21.62344,21.039011,21.80937,19.23037,19.929005,0.0,4.0,0.0,0.0,4.0,0.0,0.0,4.0
31150,2023.0,8.0,5.0,7.0,21.012789,21.731241,18.494886,18.179039,21.044382,21.793446,21.030474,21.831264,18.374172,18.128206,20.14234,20.953083,21.031982,21.585945,21.038204,21.779583,20.112661,21.23825,0.0,0.0,0.0,0.0,4.0,0.0,0.0,0.0
31151,2023.0,8.0,5.0,7.0,21.012688,21.721334,18.51122,18.34795,21.038542,21.755335,21.031483,21.822697,19.146584,19.715574,20.02503,20.674215,21.00169,21.486732,21.124067,21.898285,18.949417,18.8346,0.0,0.0,0.0,4.0,0.0,4.0,4.0,0.0
31152,2023.0,8.0,5.0,8.0,21.011938,21.713032,18.538914,18.41854,21.012396,21.660608,21.031004,21.812204,20.0867,21.11374,19.457468,19.518873,21.037586,21.57345,21.027918,21.732069,19.3316,19.922256,0.0,4.0,0.0,4.0,4.0,0.0,0.0,4.0
31153,2023.0,8.0,5.0,8.0,20.705187,21.116032,18.503918,18.38706,20.081316,19.89334,20.230145,20.263514,20.034597,20.908066,20.14129,20.88846,20.859838,21.190685,20.050278,19.846186,20.45413,21.786634,0.0,0.0,0.0,0.0,0.0,4.0,0.0,4.0
31154,2023.0,8.0,5.0,8.0,20.561714,20.952456,18.898254,19.157206,19.533241,19.179827,19.754301,19.657112,19.020372,18.864157,19.19584,19.006622,20.112179,19.84476,19.556036,19.27132,20.035679,20.87544,4.0,0.0,0.0,0.0,0.0,0.0,0.0,0.0
31155,2023.0,8.0,5.0,8.0,20.508291,20.894026,20.157398,21.286512,19.324848,18.950357,19.570807,19.451046,18.51309,18.247646,18.852648,18.721954,19.757294,19.42577,19.358006,19.067587,19.78958,20.293106,0.0,0.0,0.0,0.0,0.0,0.0,0.0,4.0
31156,2023.0,8.0,5.0,8.0,19.888676,19.772318,19.256903,19.37025,19.981583,20.327839,19.445435,19.320854,18.509655,18.392834,18.777927,18.663177,20.333233,20.643732,19.377932,19.254074,20.079676,20.886816,0.0,4.0,0.0,0.0,0.0,4.0,0.0,0.0
31157,2023.0,8.0,5.0,8.0,19.536049,19.329435,18.736156,18.645058,19.52965,19.303741,19.341816,19.214062,18.48868,18.395922,18.681189,18.569305,19.834745,19.55927,19.342516,19.241005,19.080334,18.906448,0.0,0.0,0.0,0.0,0.0,0.0,0.0,0.0
31158,2023.0,8.0,5.0,9.0,19.411316,19.19387,18.614897,18.484468,19.211197,18.83274,19.26601,19.133331,18.430157,18.332981,18.604984,18.491169,20.33094,20.653042,19.272902,19.169403,18.701935,18.419037,0.0,0.0,0.0,0.0,0.0,4.0,0.0,0.0
31159,2023.0,8.0,5.0,9.0,19.319628,19.103605,18.99622,19.247738,19.078308,18.69378,19.87166,20.330824,18.373285,18.275312,18.533182,18.416218,20.43237,20.751677,19.204489,19.100576,19.412516,19.897898,4.0,0.0,4.0,0.0,0.0,4.0,0.0,4.0
31160,2023.0,8.0,5.0,9.0,20.1685,20.796377,20.149996,21.242182,19.17177,18.977837,19.45182,19.439028,18.321808,18.222511,18.468184,18.348686,19.759037,19.469833,20.091127,20.825315,20.063538,20.935701,0.0,0.0,0.0,0.0,0.0,0.0,4.0,4.0
31161,2023.0,8.0,5.0,9.0,20.208282,20.610674,19.260597,19.35793,19.193699,19.044947,18.94129,18.615515,18.269243,18.169968,18.403105,18.284803,19.455997,19.118399,19.365883,19.153782,20.036423,20.828257,0.0,0.0,0.0,0.0,0.0,0.0,0.0,0.0
31162,2023.0,8.0,5.0,9.0,20.140652,20.522455,18.743,18.641441,19.150715,19.008543,19.335348,19.485666,18.221178,18.120981,18.343359,18.224546,19.345182,19.004948,18.953657,18.673616,19.041676,18.855127,0.0,0.0,4.0,0.0,0.0,0.0,0.0,0.0
31163,2023.0,8.0,5.0,9.0,19.547625,19.412008,18.61946,18.480625,19.791647,20.252735,18.938902,18.673634,18.184364,18.08198,18.296701,18.175209,19.271385,18.930502,18.841377,18.552622,18.669092,18.373844,0.0,4.0,0.0,0.0,0.0,0.0,0.0,0.0
31164,2023.0,8.0,5.0,10.0,19.998007,20.385754,19.002903,19.25287,19.37409,19.349516,18.723387,18.361103,18.15332,18.050032,18.601162,18.777693,19.404076,19.258896,18.765274,18.47687,18.520058,18.225737,4.0,0.0,0.0,0.0,4.0,0.0,0.0,0.0
31165,2023.0,8.0,5.0,10.0,19.493982,19.37941,20.208841,21.33904,18.950775,18.611248,18.634377,18.270723,18.126253,18.0236,20.205946,21.544533,20.122032,20.619312,18.862917,18.73828,18.565708,18.436182,4.0,0.0,0.0,0.0,0.0,4.0,0.0,0.0
31166,2023.0,8.0,5.0,10.0,19.851322,20.23459,20.028187,20.842487,19.343847,19.479801,19.358656,19.721922,18.09341,17.991528,19.136665,19.242968,20.213034,20.549845,18.87663,18.76746,18.540304,18.438631,0.0,4.0,4.0,0.0,0.0,4.0,0.0,0.0
31167,2023.0,8.0,5.0,10.0,20.025236,20.42326,19.056196,18.88056,19.007954,18.733463,19.152172,19.128372,18.061903,17.96044,18.552996,18.4488,20.21336,20.536608,19.790865,20.522354,18.46917,18.37347,0.0,0.0,0.0,0.0,0.0,4.0,4.0,0.0
31168,2023.0,8.0,5.0,10.0,20.044775,20.44015,18.616331,18.235714,18.789883,18.424078,19.376387,19.595543,18.03668,17.93514,18.44471,18.323397,20.244293,20.566439,19.002989,18.811525,18.408205,18.31041,0.0,0.0,4.0,0.0,0.0,4.0,0.0,0.0
31169,2023.0,8.0,5.0,10.0,19.46654,19.34894,18.652113,18.453691,18.70189,18.333906,19.460426,19.703053,18.01274,17.911427,18.379444,18.25667,19.580818,19.294748,19.715998,20.31496,18.35203,18.254267,0.0,0.0,4.0,0.0,0.0,0.0,4.0,0.0
31170,2023.0,8.0,5.0,11.0,19.220146,19.0106,18.645163,18.493439,18.817583,18.632227,18.915289,18.67061,18.66071,19.147257,18.323044,18.200844,19.350183,19.00457,19.005316,18.795938,18.302063,18.204523,0.0,0.0,0.0,4.0,0.0,0.0,0.0,0.0
31171,2023.0,8.0,5.0,11.0,19.119432,18.909925,19.022333,19.250507,19.519384,19.96192,18.67606,18.33225,20.195168,21.726923,18.273153,18.152102,19.262407,18.923677,18.745653,18.467733,18.256893,18.160261,4.0,4.0,0.0,0.0,0.0,0.0,0.0,0.0
31172,2023.0,8.0,5.0,11.0,19.04081,18.838463,20.138958,21.155352,19.803965,20.292192,19.152079,19.321672,18.771288,18.694391,18.220194,18.100115,19.186546,18.856762,18.647194,18.375532,18.210054,18.11472,0.0,4.0,4.0,0.0,0.0,0.0,0.0,0.0
31173,2023.0,8.0,5.0,11.0,19.168327,19.164421,19.285229,19.367065,19.646513,19.910301,19.39397,19.643383,18.122257,17.877502,18.173758,18.055378,19.298214,19.15136,18.575237,18.30977,18.16704,18.072289,0.0,4.0,4.0,0.0,0.0,0.0,0.0,0.0
31174,2023.0,8.0,5.0,11.0,19.196817,19.228924,18.856583,18.703447,19.61621,19.863033,19.437883,19.696756,18.164684,18.066738,18.137735,18.017384,19.312712,19.184275,18.687963,18.59189,18.13177,18.035444,0.0,4.0,4.0,0.0,0.0,0.0,0.0,0.0
31175,2023.0,8.0,5.0,11.0,19.897533,20.56997,18.759525,18.61903,19.06036,18.822079,18.889545,18.65831,18.80746,19.296148,18.449518,18.628378,19.288029,19.161795,18.675259,18.571156,18.953932,19.611181,0.0,0.0,0.0,4.0,4.0,0.0,0.0,4.0
31176,2023.0,8.0,5.0,12.0,19.85759,20.311947,18.67792,18.539165,19.395412,19.564255,18.659466,18.338324,20.186653,21.601637,20.219881,21.678957,19.262686,19.13745,18.651934,18.54889,20.164572,21.585768,0.0,4.0,0.0,0.0,0.0,0.0,0.0,0.0
31177,2023.0,8.0,5.0,12.0,21.202267,22.686914,18.602407,18.465439,21.214134,22.667263,21.358416,23.057194,19.411356,19.822353,19.080238,19.213123,21.267868,22.633533,21.403824,23.300455,18.801376,18.70836,0.0,4.0,4.0,4.0,0.0,0.0,0.0,0.0
31178,2023.0,8.0,5.0,12.0,21.020931,22.15079,18.537868,18.40145,21.026737,22.143665,20.99329,22.216015,20.158308,21.302036,18.457424,18.359428,21.00977,22.01916,21.00024,22.347555,18.21238,17.98664,0.0,0.0,4.0,0.0,0.0,0.0,0.0,0.0
31179,2023.0,8.0,5.0,12.0,21.043058,22.079912,18.483452,18.348284,21.022528,21.995676,21.057802,22.217136,19.527666,19.8934,18.326712,18.214102,21.00352,21.869066,21.04367,22.270493,18.2198,18.127377,0.0,4.0,0.0,4.0,0.0,4.0,0.0,0.0
31180,2023.0,8.0,5.0,12.0,21.029305,21.993176,18.436417,18.30306,21.049364,21.990631,21.02095,22.021023,20.13233,21.115889,18.254295,18.141537,21.044855,21.87495,21.036804,22.143942,18.200602,18.109077,0.0,0.0,4.0,0.0,0.0,0.0,0.0,0.0
31181,2023.0,8.0,5.0,12.0,21.029755,21.952204,18.831766,19.080019,21.017464,21.846577,21.052055,22.035328,19.02595,18.87851,18.19826,18.087965,21.037214,21.785282,21.036865,22.06384,18.15605,18.067142,4.0,4.0,0.0,0.0,0.0,0.0,0.0,0.0
31182,2023.0,8.0,5.0,13.0,21.002142,21.846436,20.165659,21.342266,21.022322,21.816696,21.045124,21.968151,18.476528,18.211903,18.50695,18.709906,21.036724,21.729036,21.035818,22.003338,18.117563,18.030275,0.0,4.0,0.0,0.0,4.0,0.0,0.0,0.0
31183,2023.0,8.0,5.0,13.0,21.044645,21.915752,19.216917,19.324604,21.021038,21.786034,21.044981,21.92678,18.460249,18.342863,20.226013,21.612757,20.997782,21.610615,21.035313,21.95887,18.084944,18.000013,0.0,4.0,0.0,0.0,0.0,4.0,0.0,0.0
31184,2023.0,8.0,5.0,13.0,21.03662,21.86967,18.675188,18.582352,21.046238,21.834455,21.033104,21.892746,18.433472,18.338566,19.111109,19.24193,21.041513,21.688412,21.034527,21.924356,18.056469,17.973722,0.0,0.0,0.0,0.0,0.0,0.0,0.0,0.0
31185,2023.0,8.0,5.0,13.0,21.009354,21.771416,18.996265,19.266214,21.014158,21.726864,21.034063,21.883924,19.126308,19.714396,18.507269,18.418482,21.003607,21.566374,21.033941,21.897846,18.031324,17.950626,4.0,4.0,0.0,4.0,0.0,4.0,0.0,0.0
31186,2023.0,8.0,5.0,13.0,21.042261,21.844318,20.147299,21.225931,21.019674,21.723753,21.007944,21.802608,20.13174,21.287685,18.732962,18.943619,21.039516,21.64312,21.033321,21.87666,18.90891,19.629543,0.0,4.0,4.0,0.0,4.0,0.0,0.0,4.0
31187,2023.0,8.0,5.0,13.0,21.007662,21.740585,19.612053,20.014526,21.018608,21.711473,21.03866,21.881277,18.951918,18.843655,20.19542,21.42867,21.00265,21.531906,21.033092,21.859896,20.226059,21.688108,4.0,4.0,0.0,0.0,0.0,4.0,0.0,0.0
31188,2023.0,8.0,5.0,14.0,21.013512,21.746023,20.120985,21.017105,21.044157,21.773705,21.042664,21.85911,18.386024,18.14959,19.169804,19.274025,21.038506,21.614805,21.032593,21.845463,18.825891,18.753887,0.0,0.0,0.0,0.0,0.0,0.0,0.0,0.0
31189,2023.0,8.0,5.0,14.0,20.148823,20.113796,19.158966,19.057003,20.094593,19.936975,20.021822,19.877388,19.098434,19.628187,18.615694,18.53517,20.192741,19.973335,21.04782,21.821726,18.25749,18.072004,0.0,0.0,0.0,4.0,0.0,0.0,4.0,0.0
31190,2023.0,8.0,5.0,14.0,20.438066,20.848333,18.733027,18.428894,19.668083,19.329905,19.743132,19.586452,20.105387,21.237007,18.508606,18.416422,19.882341,19.572798,20.012672,19.841845,18.26156,18.17877,0.0,0.0,0.0,4.0,0.0,0.0,0.0,0.0
31191,2023.0,8.0,5.0,14.0,19.941092,19.86842,18.711107,18.555342,20.300152,20.732613,20.272976,20.739668,20.031464,20.96501,18.42942,18.340492,19.899263,19.764149,19.505434,19.25302,18.236237,18.165436,0.0,4.0,4.0,0.0,0.0,0.0,0.0,0.0
31192,2023.0,8.0,5.0,14.0,19.600143,19.459,18.688097,18.5725,20.314287,20.60153,19.683159,19.517735,19.609291,20.013605,18.363028,18.275501,20.615717,21.185522,20.286207,20.895048,18.188122,18.120579,0.0,4.0,0.0,4.0,0.0,4.0,4.0,0.0
31193,2023.0,8.0,5.0,14.0,20.155773,20.600101,19.077295,19.35007,20.252645,20.530258,19.922543,20.125591,20.104258,20.946562,18.315657,18.229473,19.909248,19.71278,19.574108,19.408243,18.151924,18.085838,4.0,4.0,4.0,0.0,0.0,0.0,0.0,0.0
31194,2023.0,8.0,5.0,15.0,20.320034,20.780828,20.132515,21.143486,19.679539,19.497986,20.052715,20.339706,19.133211,19.012566,18.26665,18.183163,19.561838,19.299759,19.19569,18.973835,18.114647,18.051123,0.0,0.0,4.0,0.0,0.0,0.0,0.0,0.0
31195,2023.0,8.0,5.0,15.0,19.735317,19.687584,19.305225,19.41148,19.947296,20.202162,20.04249,20.33932,18.647726,18.43133,18.223768,18.14303,19.460947,19.199902,19.066126,18.844511,18.080448,18.018396,0.0,4.0,4.0,0.0,0.0,0.0,0.0,0.0
31196,2023.0,8.0,5.0,15.0,20.170216,20.633797,19.368448,19.66821,20.048462,20.350197,19.463118,19.278072,18.63928,18.54221,18.19293,18.113325,19.546904,19.438253,18.987705,18.771038,18.054335,17.993095,4.0,4.0,0.0,0.0,0.0,0.0,0.0,0.0
31197,2023.0,8.0,5.0,15.0,20.25235,20.722582,20.089003,20.92629,20.053602,20.357338,19.200989,18.918211,18.597908,18.521221,18.163738,18.085497,19.542427,19.448896,19.04399,18.958345,18.029938,17.96999,4.0,4.0,0.0,0.0,0.0,0.0,0.0,0.0
31198,2023.0,8.0,5.0,15.0,19.669758,19.625387,20.028433,20.739851,20.054884,20.361761,19.056154,18.779848,18.52864,18.4585,18.134266,18.058405,19.506977,19.416298,19.028843,18.953356,18.0046,17.946407,0.0,4.0,0.0,0.0,0.0,0.0,0.0,0.0
31199,2023.0,8.0,5.0,15.0,20.077396,20.57716,19.534485,19.712004,20.05376,20.363857,19.107939,18.991169,18.463734,18.39814,18.455334,18.683834,19.471893,19.383307,18.983862,18.911192,17.980507,17.923664,4.0,4.0,0.0,0.0,4.0,0.0,0.0,0.0
31200,2023.0,8.0,5.0,16.0,19.595638,19.593248,20.097288,20.814268,20.052847,20.365984,19.09732,19.009695,18.415087,18.350126,20.207008,21.675993,19.444426,19.357658,18.94652,18.875837,17.96116,17.905666,0.0,4.0,0.0,0.0,4.0,0.0,0.0,0.0
31201,2023.0,8.0,5.0,16.0,19.97581,20.478443,19.593132,19.759907,19.484903,19.310865,19.046915,18.961628,18.360659,18.29536,20.018532,21.087471,19.412277,19.324884,18.903843,18.832531,17.93842,17.882269,4.0,0.0,0.0,0.0,0.0,0.0,0.0,0.0
31202,2023.0,8.0,5.0,16.0,19.528505,19.498516,20.109558,20.823805,19.800505,20.086685,18.997211,18.912872,18.311487,18.246004,19.249899,19.436314,19.38143,19.293652,18.86338,18.792015,17.916506,17.860046,0.0,4.0,0.0,0.0,4.0,0.0,0.0,0.0
31203,2023.0,8.0,5.0,16.0,19.924416,20.417381,19.28294,19.170567,19.949675,20.263744,18.95081,18.866808,18.267023,18.201265,20.184565,21.246342,20.06295,20.607397,18.82559,18.753784,17.895382,17.838303,0.0,4.0,0.0,0.0,0.0,4.0,0.0,0.0
31204,2023.0,8.0,5.0,16.0,20.10027,20.59586,18.955309,18.847013,19.958858,20.27066,18.908665,18.824564,18.227232,18.16103,19.107677,19.043589,20.207802,20.641884,18.790878,18.718586,17.875324,17.817709,0.0,4.0,0.0,0.0,0.0,4.0,0.0,0.0
31205,2023.0,8.0,5.0,16.0,19.529495,19.502796,18.89012,18.789509,19.963255,20.273281,19.557804,20.073843,18.868584,19.391151,18.793514,18.67844,19.545315,19.35234,18.76202,18.688557,17.857906,17.799303,0.0,4.0,4.0,4.0,0.0,0.0,0.0,0.0
31206,2023.0,8.0,5.0,17.0,19.977715,20.45847,19.2527,19.525517,19.96515,20.27332,19.738224,20.272411,20.167526,21.564386,18.717012,18.622793,19.343134,19.093441,18.735085,18.661322,18.689789,19.377615,4.0,4.0,4.0,0.0,0.0,0.0,0.0,4.0
31207,2023.0,8.0,5.0,17.0,19.546768,19.521706,20.107573,20.97722,19.4144,19.246128,19.063534,18.927711,19.474476,19.940342,18.611244,18.5171,19.25681,19.00552,18.705563,18.630367,20.190037,21.763708,0.0,0.0,0.0,4.0,0.0,0.0,0.0,0.0
31208,2023.0,8.0,5.0,17.0,19.235285,19.119596,19.382557,19.476902,19.706463,19.970741,19.345125,19.643032,20.139757,21.247805,18.876959,19.097479,19.91978,20.319712,18.675909,18.599253,18.770489,18.768623,0.0,4.0,4.0,0.0,4.0,4.0,0.0,0.0
31209,2023.0,8.0,5.0,17.0,19.803999,20.267597,18.931938,18.854406,19.319897,19.14799,19.526361,19.847448,19.013046,18.928677,20.163612,21.307705,19.471516,19.277828,18.646898,18.568394,18.147642,17.985725,0.0,0.0,4.0,0.0,0.0,0.0,0.0,0.0
31210,2023.0,8.0,5.0,17.0,19.428715,19.401646,19.219831,19.482092,19.626846,19.888529,19.55249,19.865494,18.465107,18.249828,19.218983,19.321388,19.925653,20.321053,18.618263,18.537941,18.099216,18.021057,4.0,4.0,4.0,0.0,0.0,4.0,0.0,0.0
31211,2023.0,8.0,5.0,17.0,19.878286,20.346748,20.116941,21.03725,19.194057,19.011269,19.006828,18.829157,18.457357,18.352903,18.798994,18.696503,20.08421,20.490847,19.559948,20.331606,18.067888,17.996712,0.0,0.0,0.0,0.0,0.0,4.0,4.0,0.0
31212,2023.0,8.0,5.0,18.0,19.450743,19.407833,19.165127,19.064041,18.89397,18.605133,18.702822,18.42887,18.423311,18.336466,18.651155,18.543682,20.13496,20.529993,18.914644,18.776297,18.016829,17.945164,0.0,0.0,0.0,0.0,0.0,4.0,0.0,0.0
31213,2023.0,8.0,5.0,18.0,21.225536,22.659563,19.10957,19.113436,21.316183,22.814022,21.330107,22.993046,19.109743,19.68144,18.562523,18.453577,21.163252,22.347,21.352818,23.1286,18.862202,19.573463,4.0,4.0,4.0,4.0,0.0,0.0,0.0,4.0
31214,2023.0,8.0,5.0,18.0,20.988428,22.00653,20.129713,20.963964,20.991076,22.064474,21.016548,22.271822,20.130938,21.28732,18.474764,18.365683,21.028309,21.93587,20.976421,22.22109,20.164747,21.615307,0.0,4.0,0.0,0.0,0.0,0.0,4.0,0.0
31215,2023.0,8.0,5.0,18.0,21.047318,22.046768,19.548838,19.709623,21.026833,22.004868,21.051262,22.188818,18.959316,18.858316,18.400938,18.29548,21.009539,21.782173,21.05923,22.269361,18.781364,18.72306,4.0,4.0,0.0,0.0,0.0,4.0,0.0,0.0
31216,2023.0,8.0,5.0,18.0,21.010012,21.881775,20.109455,20.836872,21.046848,21.977509,21.019802,22.002619,18.386862,18.14207,18.334919,18.228779,21.011984,21.72482,21.044395,22.13041,18.158203,17.946758,4.0,0.0,4.0,0.0,0.0,4.0,0.0,0.0
31217,2023.0,8.0,5.0,18.0,21.043457,21.92472,20.004215,20.572813,21.013693,21.82519,21.02433,21.945345,18.390942,18.289827,18.696276,18.962849,21.010147,21.676311,21.043495,22.046816,18.144613,18.058662,4.0,4.0,4.0,0.0,4.0,4.0,0.0,0.0
31218,2023.0,8.0,5.0,19.0,21.00918,21.799446,20.02003,20.564999,21.04678,21.865051,21.049747,21.968496,18.366907,18.272837,20.18894,21.48282,21.04086,21.721388,20.995064,21.878069,18.115322,18.0344,4.0,0.0,0.0,0.0,0.0,0.0,4.0,0.0
31219,2023.0,8.0,5.0,19.0,21.014996,21.788534,20.036228,20.584803,21.01455,21.74184,21.018324,21.844297,18.311165,18.216795,19.140049,19.23981,21.035168,21.67358,21.052565,21.977463,18.062632,17.980871,0.0,4.0,4.0,0.0,0.0,0.0,0.0,0.0
31220,2023.0,8.0,5.0,19.0,21.014536,21.771149,19.588037,19.676996,21.045942,21.799063,21.049423,21.898172,18.259712,18.164257,18.566685,18.468365,21.035059,21.64346,21.041792,21.916157,18.91912,19.63965,4.0,0.0,0.0,0.0,0.0,0.0,0.0,4.0
31221,2023.0,8.0,5.0,19.0,21.013958,21.757381,20.079935,20.692448,21.013407,21.68905,21.042665,21.856543,18.93857,19.48396,18.432768,18.316029,21.034615,21.618837,21.042429,21.884096,20.122513,21.459631,4.0,4.0,0.0,4.0,0.0,0.0,0.0,4.0
31222,2023.0,8.0,5.0,19.0,21.04211,21.820473,20.028114,20.564299,21.019289,21.685442,21.042883,21.832106,20.119833,21.33104,18.350956,18.232454,21.024702,21.599503,21.04187,21.856176,20.035702,21.144594,0.0,4.0,0.0,4.0,0.0,0.0,0.0,0.0
31223,2023.0,8.0,5.0,19.0,21.007051,21.712614,19.563347,19.621004,21.01836,21.6722,21.005192,21.738369,20.002014,20.929644,18.288027,18.17121,21.025875,21.599688,21.032326,21.83384,19.559738,20.056196,4.0,4.0,4.0,4.0,0.0,0.0,0.0,4.0
31224,2023.0,8.0,5.0,20.0,21.014,21.715542,20.082407,20.688395,21.044542,21.734388,21.023438,21.756315,20.046835,20.927822,18.231707,18.11464,21.025724,21.596443,21.0337,21.831049,20.08325,21.062532,4.0,0.0,4.0,0.0,0.0,0.0,0.0,4.0
31225,2023.0,8.0,5.0,20.0,21.012953,21.705976,20.028408,20.55465,21.01289,21.635471,21.021158,21.73959,18.995794,18.815535,18.179852,18.061113,21.025574,21.592848,21.033224,21.824314,20.038548,20.926008,0.0,4.0,4.0,0.0,0.0,0.0,0.0,0.0
31226,2023.0,8.0,5.0,20.0,21.041006,21.774418,19.588566,19.66176,21.01849,21.6381,21.047108,21.800835,18.46582,18.175047,18.473366,18.648409,21.025557,21.589191,21.033224,21.818253,18.961142,18.789024,4.0,4.0,0.0,0.0,4.0,0.0,0.0,0.0
31227,2023.0,8.0,5.0,20.0,21.00735,21.674665,20.079582,20.672688,21.043835,21.702143,21.186512,22.063345,18.305948,18.011831,20.272556,21.623247,21.025532,21.585438,21.242449,22.230541,19.330326,19.858072,4.0,0.0,0.0,0.0,0.0,0.0,0.0,4.0
31228,2023.0,8.0,5.0,20.0,21.013235,21.68124,20.00981,20.490818,21.03831,21.678112,21.041153,21.751972,18.357445,18.226818,19.392258,19.741943,21.025553,21.581753,21.032217,21.798597,20.066013,20.981823,4.0,0.0,0.0,0.0,4.0,0.0,0.0,4.0
31229,2023.0,8.0,5.0,20.0,21.04094,21.752626,20.019033,20.482656,21.012486,21.593838,21.029778,21.738663,18.35166,18.238533,20.159233,21.26876,21.025372,21.577692,21.0327,21.795599,20.373558,21.552364,4.0,4.0,0.0,0.0,0.0,0.0,0.0,0.0
31230,2023.0,8.0,5.0,21.0,21.00708,21.655153,20.036055,20.513132,21.043877,21.671862,21.031015,21.744385,18.297316,18.18771,19.175108,19.21821,21.0254,21.574038,21.032438,21.79058,18.995432,18.804892,0.0,0.0,0.0,0.0,0.0,0.0,0.0,0.0
31231,2023.0,8.0,5.0,21.0,21.013315,21.664011,19.584236,19.604465,21.011404,21.577333,21.00459,21.672638,18.242235,18.129387,18.97514,19.152182,21.037504,21.566061,21.03249,21.78578,18.470182,18.181759,4.0,4.0,4.0,0.0,4.0,4.0,0.0,0.0
31232,2023.0,8.0,5.0,21.0,21.040594,21.736187,20.095768,20.676857,21.044058,21.65895,21.036554,21.762648,18.193163,18.079165,20.183876,21.222921,21.03653,21.573458,21.032211,21.7804,19.213367,19.740208,0.0,0.0,0.0,0.0,0.0,0.0,0.0,4.0
31233,2023.0,8.0,5.0,21.0,21.034918,21.714529,19.259056,19.0113,21.03798,21.637508,21.042366,21.747906,18.147877,18.032417,19.294802,19.346561,21.034594,21.552452,21.032413,21.776016,20.116234,21.1483,0.0,0.0,0.0,0.0,4.0,0.0,0.0,0.0
31234,2023.0,8.0,5.0,21.0,21.007782,21.62992,18.96755,18.765518,21.012611,21.557154,21.04135,21.72503,18.106936,17.990187,20.19883,21.092613,21.004074,21.458597,21.062954,21.788816,18.934313,18.745474,0.0,4.0,0.0,0.0,4.0,4.0,4.0,0.0
31235,2023.0,8.0,5.0,21.0,21.042048,21.716633,18.90701,18.723167,21.017687,21.565033,21.028109,21.706532,18.067095,17.947088,20.018892,20.719767,21.040802,21.547977,21.039715,21.764872,18.36643,18.064215,0.0,4.0,0.0,0.0,0.0,0.0,0.0,0.0
31236,2023.0,8.0,5.0,22.0,21.034618,21.693348,18.831762,18.650726,21.04377,21.635815,21.030638,21.714607,18.03292,17.912432,19.312273,19.289827,21.03385,21.523033,21.04141,21.752296,18.37938,18.250689,0.0,0.0,0.0,0.0,4.0,0.0,0.0,0.0
31237,2023.0,8.0,5.0,22.0,21.035286,21.68728,18.76195,18.581541,21.037996,21.616396,21.030365,21.715425,18.59972,19.006912,20.18669,20.977318,21.034533,21.515053,21.040726,21.736244,19.181143,19.81193,0.0,0.0,0.0,4.0,4.0,0.0,0.0,4.0
31238,2023.0,8.0,5.0,22.0,21.023527,21.679363,18.7034,18.523928,21.038336,21.60858,21.030193,21.714432,20.195545,21.636183,20.027039,20.66331,21.023357,21.506891,21.102442,21.820465,20.08706,21.159956,0.0,0.0,0.0,0.0,0.0,0.0,4.0,4.0
31239,2023.0,8.0,5.0,22.0,21.024994,21.690693,18.652403,18.473696,21.025766,21.600248,21.029936,21.712025,19.53321,20.077093,19.071638,18.795242,21.073597,21.585506,21.034203,21.713362,20.03802,20.963377,0.0,0.0,0.0,4.0,0.0,4.0,0.0,0.0
31240,2023.0,8.0,5.0,22.0,21.024492,21.694632,18.607492,18.430387,21.027283,21.612709,21.029793,21.70962,20.138836,21.251534,18.733425,18.550928,21.000082,21.434675,21.00043,21.610617,18.915464,18.709467,0.0,0.0,0.0,0.0,0.0,4.0,4.0,0.0
31241,2023.0,8.0,5.0,22.0,21.02457,21.697271,18.567116,18.391907,21.027061,21.618002,21.02987,21.708103,18.909557,18.729181,18.662336,18.507452,21.009132,21.452814,21.04792,21.734695,18.388567,18.095463,0.0,0.0,0.0,0.0,0.0,4.0,0.0,0.0
31242,2023.0,8.0,5.0,23.0,21.024141,21.697868,18.527985,18.35259,21.026495,21.620518,21.029367,21.706173,18.299704,17.980572,18.554577,18.401274,21.039509,21.531572,21.037834,21.70652,18.406347,18.29077,0.0,0.0,0.0,0.0,0.0,0.0,0.0,0.0
31243,2023.0,8.0,5.0,23.0,20.40081,20.501522,18.49365,18.320015,20.350554,20.324675,20.280329,20.26686,18.922075,19.310843,18.465178,18.320036,20.173746,19.85547,20.026888,19.754725,18.368822,18.259186,0.0,0.0,0.0,4.0,0.0,0.0,0.0,0.0
31244,2023.0,8.0,5.0,23.0,20.115076,20.110342,18.461723,18.286123,20.00482,19.827436,19.909037,19.74171,18.536375,18.446474,18.391861,18.245546,19.840008,19.425598,19.633904,19.265219,18.306389,18.192266,0.0,0.0,0.0,0.0,0.0,0.0,0.0,0.0
31245,2023.0,8.0,5.0,23.0,19.98385,19.971941,18.890394,19.11592,19.850985,19.659883,19.744678,19.565155,18.171164,17.86226,18.32177,18.17285,19.695286,19.281982,19.646727,19.477589,18.246227,18.130531,4.0,0.0,0.0,0.0,0.0,0.0,0.0,0.0
31246,2023.0,8.0,5.0,23.0,19.882023,19.867805,18.612715,18.517496,19.736036,19.542204,19.620974,19.439007,18.027576,17.70067,18.257511,18.106422,19.801506,19.616566,19.56921,19.4202,18.19104,18.07351,0.0,0.0,0.0,0.0,0.0,0.0,0.0,0.0
31247,2023.0,8.0,5.0,23.0,19.794346,19.777918,18.463068,18.286894,19.637522,19.44148,19.515535,19.331425,18.12597,17.989466,18.19702,18.043533,19.772661,19.609163,19.468727,19.322458,18.138842,18.019331,0.0,0.0,0.0,0.0,0.0,0.0,0.0,0.0
31248,2023.0,8.0,6.0,0.0,19.718622,19.702177,18.411903,18.22946,19.55271,19.356888,19.425053,19.241327,18.106329,17.974127,18.459812,18.584955,19.703745,19.536371,19.376797,19.233583,18.090528,17.969765,0.0,0.0,0.0,0.0,4.0,0.0,0.0,0.0
31249,2023.0,8.0,6.0,0.0,19.654503,19.641886,18.37716,18.19656,19.481209,19.290293,19.348938,19.170418,18.643934,19.021786,18.218319,18.085835,19.642233,19.476902,19.292635,19.15019,18.779688,19.306803,0.0,0.0,0.0,4.0,0.0,0.0,0.0,4.0
31250,2023.0,8.0,6.0,0.0,19.593866,19.581944,18.34609,18.165617,19.41347,19.22396,19.277218,19.100029,18.240482,18.140535,18.101137,17.948162,19.582964,19.417452,19.214212,19.071726,18.26711,18.183731,0.0,0.0,0.0,0.0,0.0,0.0,0.0,0.0
31251,2023.0,8.0,6.0,0.0,19.536167,19.522282,18.316408,18.134888,19.348925,19.15814,19.209286,19.030499,18.085165,17.951525,18.045237,17.889912,19.526253,19.358673,19.140512,18.995878,17.929749,17.642483,0.0,0.0,0.0,0.0,0.0,0.0,0.0,0.0
31252,2023.0,8.0,6.0,0.0,19.484238,19.469917,18.288788,18.10659,19.29024,19.099136,19.147625,18.968323,18.030218,17.895641,17.995043,17.838518,19.474712,19.306196,19.074179,18.928879,17.815044,17.518316,0.0,0.0,0.0,0.0,0.0,0.0,0.0,0.0
31253,2023.0,8.0,6.0,0.0,19.436882,19.423206,18.263475,18.08173,19.237587,19.048086,19.09223,18.914524,17.982477,17.847944,17.950665,17.794243,19.427738,19.259241,19.013893,18.868881,17.924572,17.813837,0.0,0.0,0.0,0.0,0.0,0.0,0.0,0.0
31254,2023.0,8.0,6.0,1.0,19.392466,19.379396,18.239105,18.05777,19.188425,19.000416,19.040442,18.864273,17.940742,17.806152,17.909409,17.753078,19.384012,19.215523,18.95809,18.813334,17.90021,17.77716,0.0,0.0,0.0,0.0,0.0,0.0,0.0,0.0
31255,2023.0,8.0,6.0,1.0,19.352545,19.34197,18.216784,18.0371,19.145035,18.961157,18.994848,18.823029,17.904058,17.770914,17.87271,17.718346,19.344667,19.177748,18.907965,18.76526,18.600794,19.124876,0.0,0.0,0.0,0.0,0.0,0.0,0.0,4.0
31256,2023.0,8.0,6.0,1.0,19.311922,19.301067,18.193642,18.013632,19.100653,18.917301,18.94847,18.777113,17.868002,17.734222,17.835443,17.680529,19.30553,19.138117,18.85876,18.715847,17.933083,17.683878,0.0,0.0,0.0,0.0,0.0,0.0,0.0,0.0
31257,2023.0,8.0,6.0,1.0,19.270021,19.25572,18.168459,17.98621,19.054535,18.86769,18.900618,18.725454,17.831642,17.694904,17.79689,17.638521,19.265844,19.09548,18.809534,18.663694,17.706102,17.404247,0.0,0.0,0.0,0.0,0.0,0.0,0.0,0.0
31258,2023.0,8.0,6.0,1.0,19.232777,19.218002,18.145397,17.962757,19.013992,18.827307,18.858568,18.683481,17.799116,17.661636,17.762394,17.603306,19.230055,19.059027,18.76508,18.618822,17.817196,17.703106,0.0,0.0,0.0,0.0,0.0,0.0,0.0,0.0
31259,2023.0,8.0,6.0,1.0,19.19696,19.181509,18.122715,17.93964,18.97527,18.788624,18.818304,18.643253,17.768057,17.629827,17.729189,17.569365,19.195772,19.024065,18.722767,18.576065,17.791157,17.663786,0.0,0.0,0.0,0.0,0.0,0.0,0.0,0.0
31260,2023.0,8.0,6.0,2.0,19.162235,19.146038,18.100222,17.916666,18.937881,18.751198,18.779459,18.604374,17.738049,17.599062,17.69689,17.536316,19.16264,18.990238,18.682081,18.534912,17.758926,17.63079,0.0,0.0,0.0,0.0,0.0,0.0,0.0,0.0
31261,2023.0,8.0,6.0,2.0,19.127142,19.10875,18.07653,17.89107,18.900269,18.712002,18.740519,18.563854,17.707798,17.56694,17.664085,17.501478,19.129354,18.955112,18.641792,18.49312,17.726503,17.596615,0.0,0.0,0.0,0.0,0.0,0.0,0.0,0.0
31262,2023.0,8.0,6.0,2.0,19.09335,19.073381,18.053452,17.866867,18.864744,18.6761,18.703823,18.52682,17.67842,17.536276,17.950356,18.066053,19.097109,18.921614,18.602907,18.453283,17.69487,17.563751,0.0,0.0,0.0,0.0,4.0,0.0,0.0,0.0
31263,2023.0,8.0,6.0,2.0,19.060068,19.038544,18.030077,17.841993,18.829397,18.639828,18.667433,18.489498,17.649076,17.505547,17.707226,17.54137,19.065098,18.888254,18.56462,18.413998,17.663565,17.53117,0.0,0.0,0.0,0.0,0.0,0.0,0.0,0.0
31264,2023.0,8.0,6.0,2.0,19.027153,19.00369,18.006691,17.816772,18.79449,18.60355,18.631674,18.452303,18.207624,18.579771,17.621666,17.453428,19.033205,18.854822,18.526796,18.374989,17.63249,17.498663,0.0,0.0,0.0,4.0,0.0,0.0,0.0,0.0
31265,2023.0,8.0,6.0,2.0,18.994465,18.968494,17.98292,17.790813,18.759706,18.56682,18.596087,18.414713,17.79961,17.67738,17.583006,17.41353,19.001127,18.820812,18.489052,18.335632,17.601336,17.465717,0.0,0.0,0.0,0.0,0.0,0.0,0.0,0.0
31266,2023.0,8.0,6.0,3.0,18.962593,18.933895,17.959143,17.764843,18.725615,18.530695,18.561218,18.377779,18.253515,18.62117,17.842432,17.93048,18.969267,18.787004,18.451828,18.296778,17.570482,17.43306,0.0,0.0,0.0,4.0,4.0,0.0,0.0,0.0
31267,2023.0,8.0,6.0,3.0,18.93249,18.902473,17.936607,17.741425,18.693348,18.497944,18.52826,18.344301,17.639814,17.325274,17.631924,17.475454,18.93867,18.755714,18.416004,18.260551,17.540798,17.402739,0.0,0.0,0.0,0.0,0.0,0.0,0.0,0.0
31268,2023.0,8.0,6.0,3.0,18.900505,18.866524,17.912317,17.713951,18.658596,18.459438,18.492895,18.305046,17.402836,17.03276,17.52445,17.34734,18.906265,18.7204,18.378487,18.220314,17.509537,17.36883,0.0,0.0,0.0,0.0,0.0,0.0,0.0,0.0
31269,2023.0,8.0,6.0,3.0,18.871576,18.836628,17.890736,17.69203,18.628254,18.429255,18.462044,18.274319,17.538185,17.386183,17.484613,17.307678,18.876547,18.690191,18.343811,18.185326,17.480694,17.339478,0.0,0.0,0.0,0.0,0.0,0.0,0.0,0.0
31270,2023.0,8.0,6.0,3.0,18.848846,18.819267,17.869297,17.670588,18.598682,18.400124,18.431974,18.24468,17.527918,17.37362,17.739294,17.817007,18.847662,18.661327,18.310207,18.152014,18.183632,18.687698,0.0,0.0,0.0,0.0,4.0,0.0,0.0,4.0
31271,2023.0,8.0,6.0,3.0,18.834015,18.814892,17.846811,17.64702,18.568018,18.36841,18.400995,18.212538,17.494915,17.339682,17.528732,17.363014,18.81793,18.630543,18.275824,18.116795,17.686977,17.587444,0.0,0.0,0.0,0.0,0.0,0.0,0.0,0.0
31272,2023.0,8.0,6.0,4.0,18.806622,18.785278,17.8234,17.621397,18.536257,18.334145,18.369259,18.178057,17.460457,17.302954,17.424826,17.243473,18.787354,18.597858,18.240644,18.079681,17.338324,17.007294,0.0,0.0,0.0,0.0,0.0,0.0,0.0,0.0
31273,2023.0,8.0,6.0,4.0,18.781582,18.760597,17.803122,17.602205,18.508867,18.308342,18.34186,18.152094,17.429825,17.273672,17.386364,17.207531,18.760244,18.571924,19.185085,19.886648,17.234503,16.90359,0.0,0.0,0.0,0.0,0.0,0.0,4.0,0.0
31274,2023.0,8.0,6.0,4.0,18.755373,18.733711,17.781895,17.581081,18.480616,18.280117,18.313162,18.12349,17.398712,17.242538,17.347218,17.168547,18.732424,18.544123,18.34143,18.058344,17.342268,17.191736,0.0,0.0,0.0,0.0,0.0,0.0,0.0,0.0
31275,2023.0,8.0,6.0,4.0,18.727213,18.702925,17.758583,17.555855,18.450134,18.246822,18.281727,18.089409,17.366133,17.207748,17.3075,17.125721,18.703005,18.51281,18.043787,17.669598,17.345394,17.199867,0.0,0.0,0.0,0.0,0.0,0.0,0.0,0.0
31276,2023.0,8.0,6.0,4.0,18.701155,18.676281,17.737164,17.534502,18.422365,18.218964,18.253162,18.060888,17.336334,17.1779,17.27233,17.090614,18.675688,18.485455,17.954653,17.58478,17.317415,17.17177,0.0,0.0,0.0,0.0,0.0,0.0,0.0,0.0
31277,2023.0,8.0,6.0,4.0,18.67517,18.649775,17.716404,17.514526,18.39548,18.193014,18.225775,18.034473,17.30769,17.149775,17.239298,17.058527,18.649126,18.459347,18.09932,17.951473,17.289953,17.144657,0.0,0.0,0.0,0.0,0.0,0.0,0.0,0.0
31278,2023.0,8.0,6.0,5.0,18.648693,18.622236,17.694271,17.491747,18.366825,18.163416,18.196777,18.004473,17.278555,17.120043,17.20562,17.024023,18.621933,18.431644,18.082315,17.920498,17.261412,17.11563,0.0,0.0,0.0,0.0,0.0,0.0,0.0,0.0
31279,2023.0,8.0,6.0,5.0,18.625004,18.600286,17.675678,17.476183,18.342543,18.142538,18.172916,17.98386,17.252836,17.096794,17.482521,17.571362,18.597813,18.409943,18.053064,17.893574,17.23565,17.092052,0.0,0.0,0.0,0.0,4.0,0.0,0.0,0.0
31280,2023.0,8.0,6.0,5.0,18.60079,18.577131,17.656664,17.459198,18.31736,18.119408,18.147764,17.960838,17.227013,17.072533,17.254786,17.077045,18.573526,18.387285,18.023174,17.86523,17.20969,17.067518,0.0,0.0,0.0,0.0,0.0,0.0,0.0,0.0
31281,2023.0,8.0,6.0,5.0,18.57727,18.55509,17.638468,17.443316,18.293043,18.097599,18.770304,19.157095,17.20233,17.049866,17.173668,16.998081,18.55016,18.365965,17.99358,17.837723,17.18475,17.044436,0.0,0.0,4.0,0.0,0.0,0.0,0.0,0.0
31282,2023.0,8.0,6.0,5.0,18.55365,18.532722,17.620193,17.427181,18.268713,18.075472,18.387993,18.309483,17.178116,17.02744,17.427414,17.502342,18.52714,18.344786,18.94942,19.66465,17.160482,17.02182,0.0,0.0,0.0,0.0,4.0,0.0,4.0,0.0
31283,2023.0,8.0,6.0,5.0,18.529966,18.510122,17.601883,17.410872,18.926147,19.331345,17.977726,17.577229,17.154753,17.0057,17.239214,17.090181,18.504858,18.3242,18.111414,17.844429,17.13746,17.00031,0.0,4.0,0.0,0.0,0.0,0.0,0.0,0.0
31284,2023.0,8.0,6.0,6.0,18.506098,18.48706,17.583586,17.394287,18.539457,18.465698,17.819262,17.38252,17.13245,16.984795,17.424593,17.504614,19.223549,19.703264,17.828165,17.479782,17.115349,16.97952,0.0,0.0,0.0,0.0,4.0,4.0,0.0,0.0
31285,2023.0,8.0,6.0,6.0,21.33847,23.490612,17.971855,18.138922,21.359247,23.340511,21.3865,23.59231,17.113346,16.968786,20.285557,22.454609,21.213192,23.123766,21.438444,23.791716,17.095617,16.962486,4.0,0.0,0.0,0.0,0.0,0.0,0.0,0.0
31286,2023.0,8.0,6.0,6.0,21.003977,22.548357,20.264532,22.05115,21.021425,22.500769,21.000345,22.648392,17.097218,16.95579,18.632278,18.84339,21.039448,22.477802,21.003326,22.729456,17.07771,16.94755,0.0,0.0,0.0,0.0,0.0,0.0,0.0,0.0
31287,2023.0,8.0,6.0,6.0,21.047693,22.462734,19.205498,19.656792,21.048891,22.387745,21.055466,22.551523,17.08641,16.948547,17.698002,17.54932,21.057589,22.312716,21.056816,22.622849,17.821299,18.365276,4.0,0.0,0.0,0.0,0.0,0.0,0.0,4.0
31288,2023.0,8.0,6.0,6.0,21.196266,22.645065,20.204882,21.639496,21.195688,22.566675,21.186512,22.675869,17.079342,16.945086,17.837711,17.942951,21.13954,22.360153,21.20975,22.779491,20.301712,22.49883,0.0,0.0,0.0,0.0,4.0,0.0,0.0,0.0
31289,2023.0,8.0,6.0,6.0,21.040398,22.249249,19.025196,19.11691,21.017677,22.10673,21.046173,22.295174,17.667543,18.058311,20.298164,22.166082,21.03918,22.069685,21.046646,22.341213,18.260345,18.156742,4.0,4.0,0.0,4.0,0.0,0.0,0.0,0.0
31290,2023.0,8.0,6.0,7.0,21.208664,22.529379,20.210571,21.54339,21.208054,22.45584,21.200153,22.53423,20.308819,22.501455,18.779293,18.937284,21.152317,22.230934,21.353409,22.849453,17.407732,17.113398,0.0,0.0,0.0,0.0,0.0,0.0,4.0,0.0
31291,2023.0,8.0,6.0,7.0,21.011234,22.068146,19.133806,19.239212,21.054632,22.073107,21.043974,22.167149,18.558096,18.718452,17.95795,17.828205,21.006546,21.867807,21.063284,22.213942,18.41807,19.1824,4.0,0.0,0.0,0.0,0.0,4.0,0.0,4.0
31292,2023.0,8.0,6.0,7.0,21.308865,22.639818,20.21727,21.422848,21.226639,22.346645,21.207827,22.457893,17.71914,17.603277,18.181467,18.381735,21.13587,22.089504,21.30301,22.608181,20.22152,22.052237,0.0,4.0,0.0,0.0,4.0,0.0,4.0,0.0
31293,2023.0,8.0,6.0,7.0,21.027525,22.028181,18.877884,18.68594,21.05629,21.987833,21.042158,22.093193,17.57831,17.457785,20.27348,21.961794,21.0446,21.85522,21.059475,22.102476,18.433882,18.311613,0.0,0.0,0.0,0.0,0.0,0.0,0.0,0.0
31294,2023.0,8.0,6.0,7.0,21.053123,22.072842,18.350832,18.156109,21.024635,21.877766,21.016579,22.000458,17.511383,17.391848,18.889278,19.039806,21.014084,21.736626,21.050632,22.04906,17.651854,17.359976,0.0,4.0,4.0,0.0,0.0,4.0,0.0,0.0
31295,2023.0,8.0,6.0,7.0,21.017027,21.954947,18.26495,18.086647,21.028757,21.870356,21.020868,21.998468,17.460432,17.341105,18.490046,18.684402,21.04864,21.801275,21.007362,21.904495,17.65915,17.540394,0.0,4.0,4.0,0.0,4.0,0.0,4.0,0.0
31296,2023.0,8.0,6.0,8.0,21.25213,22.409918,18.17506,18.008102,21.24644,22.294493,21.059149,22.061079,17.424707,17.309397,20.24574,21.698898,21.144245,21.964882,21.057917,22.016897,18.602018,19.357685,0.0,4.0,0.0,0.0,4.0,0.0,0.0,4.0
31297,2023.0,8.0,6.0,8.0,20.456688,20.848701,18.488167,18.66971,19.882359,19.676394,19.784323,19.583353,18.124842,18.655373,20.028933,21.124176,20.639156,20.931541,19.811543,19.5975,20.198328,21.902693,4.0,0.0,0.0,4.0,0.0,4.0,0.0,0.0
31298,2023.0,8.0,6.0,8.0,19.616083,19.4844,20.218813,21.664211,19.816212,19.946934,19.069588,18.685394,20.259314,22.203068,18.800547,18.646385,19.813974,19.510248,19.180294,18.850796,18.576174,18.516123,0.0,4.0,0.0,0.0,0.0,0.0,0.0,0.0
31299,2023.0,8.0,6.0,8.0,19.872576,20.238274,19.408697,19.859306,19.880295,20.07738,19.012506,18.809294,18.530857,18.52412,18.289776,18.117939,19.435944,19.065247,19.111254,18.941532,17.839706,17.599604,4.0,4.0,0.0,0.0,0.0,0.0,0.0,0.0
31300,2023.0,8.0,6.0,8.0,19.364353,19.264397,20.150457,21.253763,19.253515,18.951801,19.643358,20.078472,18.612368,18.9443,18.21217,18.052784,20.05384,20.347338,19.048273,18.904001,17.816801,17.68875,0.0,0.0,4.0,4.0,0.0,4.0,0.0,0.0
31301,2023.0,8.0,6.0,8.0,19.030256,18.858578,18.98413,18.90039,19.489403,19.632374,19.63598,19.913942,20.18034,21.602436,18.125639,17.976185,20.263588,20.602201,18.948208,18.813509,17.780165,17.672647,0.0,4.0,4.0,4.0,0.0,4.0,0.0,0.0
31302,2023.0,8.0,6.0,9.0,19.598742,20.044918,18.292501,17.974098,19.676332,19.930452,18.973856,18.753222,20.032803,21.19017,18.048418,17.903713,19.586418,19.319519,18.853828,18.723352,17.717932,17.614958,0.0,4.0,0.0,0.0,0.0,0.0,0.0,0.0
31303,2023.0,8.0,6.0,9.0,19.178099,19.129822,18.645817,18.81931,19.124527,18.915993,19.269342,19.517439,18.815922,18.74652,17.986526,17.849665,19.286474,18.972687,18.776468,18.653778,17.665373,17.568039,4.0,0.0,4.0,0.0,0.0,0.0,0.0,0.0
31304,2023.0,8.0,6.0,9.0,18.930012,18.786726,20.174978,21.472805,18.854795,18.548178,18.836359,18.671194,18.32271,18.057611,18.329298,18.534752,19.931665,20.27561,19.737854,20.524073,17.62911,17.535261,4.0,0.0,0.0,0.0,4.0,4.0,4.0,0.0
31305,2023.0,8.0,6.0,9.0,18.829554,18.707932,20.009361,20.988888,18.72795,18.435503,19.153692,19.445934,18.245235,18.101637,20.233427,21.765402,19.509516,19.315142,19.956074,20.613026,17.59275,17.503551,4.0,0.0,4.0,0.0,0.0,0.0,4.0,0.0
31306,2023.0,8.0,6.0,9.0,19.617985,20.28407,20.029255,20.933947,18.759815,18.604313,19.33783,19.680414,18.177551,18.057104,19.042135,19.230999,19.217018,18.945143,19.109945,18.995514,17.561848,17.476542,4.0,0.0,4.0,0.0,0.0,0.0,0.0,0.0
31307,2023.0,8.0,6.0,9.0,19.735884,20.263535,20.024803,20.862843,18.759346,18.647253,18.778147,18.625237,18.092894,17.978586,18.350243,18.25249,19.135115,18.86679,18.704525,18.487894,17.536314,17.454128,4.0,0.0,0.0,0.0,0.0,0.0,0.0,0.0
31308,2023.0,8.0,6.0,10.0,19.122715,19.13465,20.042612,20.87056,18.716103,18.617023,18.50271,18.29398,18.025417,17.918976,18.58733,18.811367,19.207684,19.06901,19.585594,20.255743,17.515627,17.437456,0.0,0.0,0.0,0.0,4.0,0.0,4.0,0.0
31309,2023.0,8.0,6.0,10.0,18.832533,18.777039,19.469162,19.713934,19.334463,19.82454,19.037495,19.385002,17.969063,17.868942,20.17712,21.584967,19.226772,19.110022,19.037128,18.959095,17.497208,17.422096,4.0,4.0,4.0,0.0,0.0,0.0,0.0,0.0
31310,2023.0,8.0,6.0,10.0,18.747248,18.705738,20.136522,21.075396,19.605612,20.152985,18.70702,18.628685,17.92101,17.825737,19.10251,19.28743,19.209963,19.0998,19.633987,20.31027,18.39545,19.133223,0.0,4.0,0.0,0.0,0.0,0.0,4.0,4.0
31311,2023.0,8.0,6.0,10.0,18.794674,18.866272,19.204325,19.21245,18.983269,18.930887,19.056498,19.442816,17.88105,17.790733,18.480322,18.413815,19.192,19.086351,19.067345,19.00604,20.224636,22.098303,0.0,0.0,4.0,0.0,0.0,0.0,0.0,0.0
31312,2023.0,8.0,6.0,10.0,18.796072,18.891438,18.745941,18.681023,18.634682,18.46944,18.703487,18.65131,17.84733,17.76132,18.328527,18.233503,19.175945,19.074291,18.695524,18.534288,18.660305,18.780924,0.0,0.0,0.0,0.0,0.0,0.0,0.0,0.0
31313,2023.0,8.0,6.0,10.0,19.502882,20.252838,19.074844,19.389317,19.199764,19.598568,18.475336,18.324448,18.56256,19.133839,18.638723,18.86402,19.16437,19.065893,18.604692,18.438213,18.119164,17.981783,4.0,4.0,0.0,4.0,4.0,0.0,0.0,0.0
31314,2023.0,8.0,6.0,11.0,18.956514,19.065125,20.120909,21.209187,19.362247,19.804577,18.401358,18.257702,20.260363,22.01723,20.17398,21.56601,19.155603,19.060123,18.556677,18.398857,18.035631,17.948637,4.0,4.0,0.0,0.0,0.0,0.0,0.0,0.0
31315,2023.0,8.0,6.0,11.0,19.344486,19.974758,20.008257,20.882195,18.860466,18.831205,18.41368,18.350687,18.833557,18.966385,19.150043,19.358366,19.917185,20.512875,18.57295,18.48054,17.962664,17.884905,4.0,0.0,0.0,0.0,0.0,4.0,0.0,0.0
31316,2023.0,8.0,6.0,11.0,19.558126,20.190441,20.021954,20.847363,18.579025,18.4581,18.401308,18.358053,18.159912,18.04728,18.525585,18.450357,19.457449,19.403221,18.56647,18.484331,17.89438,17.8177,4.0,0.0,0.0,0.0,0.0,0.0,0.0,0.0
31317,2023.0,8.0,6.0,11.0,19.000937,19.104763,20.019297,20.801615,19.155186,19.608047,19.066591,19.6451,18.0679,17.982908,18.392117,18.297216,19.178493,19.016684,18.54332,18.463379,17.841644,17.766558,4.0,4.0,4.0,0.0,0.0,0.0,0.0,0.0
31318,2023.0,8.0,6.0,11.0,19.45658,20.1304,20.018728,20.77302,18.799803,18.780756,18.710773,18.774961,18.030472,17.949738,18.341324,18.2466,19.12533,18.95936,18.52177,18.443035,17.800774,17.72716,4.0,0.0,0.0,0.0,0.0,0.0,0.0,0.0
31319,2023.0,8.0,6.0,11.0,19.625488,20.2739,20.017937,20.752096,18.546923,18.459475,19.066942,19.592482,17.9953,17.9162,18.30391,18.210228,19.172009,19.07412,18.502422,18.424986,17.76804,17.696203,4.0,0.0,4.0,0.0,0.0,0.0,0.0,0.0
31320,2023.0,8.0,6.0,12.0,19.673416,20.328669,20.064724,20.847692,18.475164,18.38878,19.22327,19.732567,17.966583,17.888573,18.274422,18.181875,19.188532,19.099783,18.484234,18.40785,17.740799,17.670265,0.0,0.0,4.0,0.0,0.0,0.0,0.0,0.0
31321,2023.0,8.0,6.0,12.0,21.19043,22.95036,19.310379,19.372618,21.24749,23.350166,21.250452,23.260483,18.69975,19.295023,18.252491,18.16292,21.221994,22.662868,21.349442,23.369,17.719172,17.650953,0.0,0.0,0.0,4.0,0.0,0.0,4.0,0.0
31322,2023.0,8.0,6.0,12.0,21.027645,22.475233,18.839462,18.761013,20.981115,22.508343,21.019945,22.565926,20.178728,21.696074,18.23047,18.14172,21.010466,22.128351,21.01753,22.562567,17.70109,17.634056,0.0,4.0,0.0,0.0,0.0,0.0,0.0,0.0
31323,2023.0,8.0,6.0,12.0,21.0186,22.3169,18.723291,18.680763,21.051119,22.491474,21.053461,22.477116,18.957443,19.104588,18.211021,18.123875,21.031778,22.04028,21.048655,22.438835,18.661333,19.467161,0.0,0.0,0.0,0.0,0.0,0.0,0.0,4.0
31324,2023.0,8.0,6.0,12.0,21.020374,22.240725,19.080072,19.431316,21.02064,22.278711,21.016047,22.287998,18.339489,18.25794,18.193096,18.107725,21.027708,21.939272,21.04234,22.294586,20.142595,21.771648,4.0,4.0,4.0,0.0,0.0,0.0,0.0,4.0
31325,2023.0,8.0,6.0,12.0,21.01876,22.182615,20.117233,21.19172,21.024744,22.199783,21.027458,22.234772,18.222342,18.147324,18.176771,18.093409,21.026804,21.870285,21.04143,22.19808,20.0303,21.373804,4.0,4.0,4.0,0.0,0.0,0.0,0.0,0.0
31326,2023.0,8.0,6.0,13.0,21.045036,22.213465,20.022598,20.92029,21.023008,22.134867,21.050222,22.24583,18.966928,19.608393,18.163067,18.08218,20.995829,21.74036,21.03522,22.12617,19.603708,20.360016,0.0,4.0,0.0,4.0,0.0,4.0,0.0,4.0
31327,2023.0,8.0,6.0,13.0,21.011702,22.08764,19.209904,19.294949,21.022243,22.087341,21.018946,22.116777,20.115076,21.407154,18.150875,18.072298,21.00515,21.721245,21.035345,22.081041,20.111588,21.34774,0.0,4.0,4.0,4.0,0.0,4.0,0.0,0.0
31328,2023.0,8.0,6.0,13.0,21.043898,22.145144,18.75425,18.706629,21.046768,22.11994,21.04919,22.164288,20.028267,21.114485,18.137913,18.061443,21.034111,21.770897,21.034698,22.045002,19.008764,19.106146,0.0,0.0,0.0,0.0,0.0,0.0,0.0,0.0
31329,2023.0,8.0,6.0,13.0,21.009365,22.028807,18.640453,18.610455,21.014534,22.000822,21.016651,22.048948,19.644407,20.232792,18.123913,18.049137,20.997572,21.650108,21.03434,22.017063,18.441805,18.358961,0.0,4.0,4.0,4.0,0.0,4.0,0.0,0.0
31330,2023.0,8.0,6.0,13.0,21.043161,22.098192,19.029085,19.4119,21.045994,22.059362,21.04811,22.111496,20.0944,21.136534,18.11,18.037054,21.003338,21.64628,21.033447,21.99347,18.280207,18.192806,4.0,0.0,0.0,0.0,0.0,4.0,0.0,0.0
31331,2023.0,8.0,6.0,13.0,21.035654,22.063128,20.143326,21.309021,21.039206,22.020723,21.041502,22.076674,19.149797,19.2244,18.097433,18.026243,21.032885,21.71162,21.033213,21.974651,18.208267,18.14195,0.0,0.0,0.0,0.0,0.0,0.0,0.0,0.0
31332,2023.0,8.0,6.0,14.0,21.036116,22.045462,19.25903,19.458834,21.013763,21.928097,21.016186,21.987154,18.645775,18.557972,18.087683,18.017815,21.027063,21.679377,21.032837,21.957577,18.143873,18.080498,0.0,4.0,4.0,0.0,0.0,0.0,0.0,0.0
31333,2023.0,8.0,6.0,14.0,20.235144,20.499296,19.169296,19.555613,20.57532,21.075869,20.019548,20.095835,18.520416,18.449677,18.080503,18.012386,20.327354,20.31501,20.150616,20.24312,18.09044,18.031494,4.0,4.0,0.0,0.0,0.0,0.0,0.0,0.0
31334,2023.0,8.0,6.0,14.0,20.578941,21.331802,20.137506,21.245853,20.427252,20.8936,20.198257,20.654991,18.460876,18.391823,18.07591,18.009054,20.031193,19.877808,19.764118,19.690516,18.053595,17.996086,0.0,4.0,4.0,0.0,0.0,0.0,0.0,0.0
31335,2023.0,8.0,6.0,14.0,20.567905,21.21798,19.237082,19.379568,20.35799,20.834146,19.711393,19.734997,18.399696,18.333883,18.073336,18.007563,19.95658,19.859713,19.569725,19.490948,18.01646,17.96153,0.0,4.0,0.0,0.0,0.0,0.0,0.0,0.0
31336,2023.0,8.0,6.0,14.0,19.925528,20.05787,18.875853,18.866343,19.765795,19.770742,20.042313,20.521057,18.356516,18.290642,18.073048,18.008219,19.903694,19.814913,19.454714,19.372494,17.98845,17.934242,0.0,0.0,4.0,0.0,0.0,0.0,0.0,0.0
31337,2023.0,8.0,6.0,14.0,19.648024,19.700108,18.75385,18.731773,19.463923,19.358967,20.084036,20.57705,18.315495,18.249466,18.071884,18.008482,19.843266,19.754435,19.355791,19.271883,17.961252,17.907562,0.0,0.0,4.0,0.0,0.0,0.0,0.0,0.0
31338,2023.0,8.0,6.0,15.0,20.198824,20.849316,19.110806,19.475292,19.970179,20.42563,20.06902,20.56969,18.282867,18.22189,18.068785,18.007317,19.795923,19.713827,20.287647,21.108717,18.851776,19.612505,4.0,4.0,4.0,0.0,0.0,0.0,4.0,4.0
31339,2023.0,8.0,6.0,15.0,20.294125,20.956165,20.133047,21.255333,20.083197,20.584743,20.049322,20.548466,18.24715,18.186789,18.061499,18.000341,19.746307,19.665205,19.598799,19.634605,20.16981,21.782192,0.0,4.0,4.0,0.0,0.0,0.0,0.0,0.0
31340,2023.0,8.0,6.0,15.0,19.709316,19.864138,19.303656,19.518812,19.541664,19.579119,19.490555,19.529354,18.209126,18.150797,18.052155,17.991812,19.694355,19.615707,19.19643,19.10996,18.89033,19.061348,0.0,0.0,0.0,0.0,0.0,0.0,0.0,0.0
31341,2023.0,8.0,6.0,15.0,19.449703,19.505505,18.89036,18.886837,19.266819,19.183138,19.8618,20.361454,18.17686,18.118814,18.041822,17.982407,19.650938,19.572294,19.083029,18.978626,18.420664,18.35588,0.0,0.0,4.0,0.0,0.0,0.0,0.0,0.0
31342,2023.0,8.0,6.0,15.0,20.032711,20.692686,19.213123,19.586136,19.800667,20.27672,19.36395,19.380981,18.145735,18.08984,18.029549,17.971771,19.610035,19.533785,19.012144,18.909529,18.305897,18.248747,4.0,4.0,0.0,0.0,0.0,0.0,0.0,0.0
31343,2023.0,8.0,6.0,15.0,20.134357,20.790537,20.106058,21.128796,19.35254,19.366035,19.763563,20.255836,18.115652,18.061083,18.015596,17.9588,19.571411,19.496716,18.981606,18.912582,18.22283,18.167437,4.0,0.0,4.0,0.0,0.0,0.0,0.0,0.0
31344,2023.0,8.0,6.0,16.0,20.161928,20.81859,20.040287,20.87286,19.04145,18.947834,19.883877,20.37453,18.08378,18.029198,18.001387,17.944973,19.529411,19.45425,18.931778,18.865646,18.142818,18.085392,4.0,0.0,4.0,0.0,0.0,0.0,0.0,0.0
31345,2023.0,8.0,6.0,16.0,19.587957,19.725138,20.014227,20.788994,19.683535,20.245314,19.88666,20.381872,18.807156,19.420023,17.992823,17.94018,19.497572,19.427998,18.885046,18.825272,18.085815,18.035938,4.0,4.0,4.0,4.0,0.0,0.0,0.0,0.0
31346,2023.0,8.0,6.0,16.0,19.982805,20.65291,20.015144,20.750824,19.844322,20.356329,19.341484,19.364826,20.164991,21.620173,17.986383,17.936731,19.468182,19.401766,18.841822,18.785276,18.0363,17.98978,4.0,4.0,0.0,0.0,0.0,0.0,0.0,0.0
31347,2023.0,8.0,6.0,16.0,20.137312,20.795523,20.01445,20.720299,19.850828,20.356466,19.043188,18.993263,19.012589,19.174149,18.36715,18.659481,19.442993,19.379595,18.804682,18.751146,17.994616,17.951275,4.0,4.0,0.0,0.0,4.0,0.0,0.0,0.0
31348,2023.0,8.0,6.0,16.0,20.162172,20.822294,20.031889,20.74725,19.878302,20.38561,19.559874,20.050306,18.442781,18.404078,20.179136,21.757545,19.420937,19.36008,18.772247,18.72123,17.958302,17.917385,0.0,4.0,4.0,0.0,4.0,0.0,0.0,0.0
31349,2023.0,8.0,6.0,16.0,20.198812,20.866999,19.70294,20.06997,19.902372,20.411951,19.763103,20.281776,18.324553,18.281006,20.013336,21.214241,19.401087,19.342937,19.773857,20.64256,18.84573,19.6243,4.0,4.0,4.0,0.0,0.0,0.0,4.0,4.0
31350,2023.0,8.0,6.0,17.0,20.217216,20.88225,20.08543,20.8559,19.924553,20.436384,19.2371,19.276548,18.997494,19.603024,19.048563,19.198147,19.382488,19.327291,19.22457,19.278551,20.160547,21.704338,0.0,4.0,0.0,4.0,0.0,0.0,0.0,0.0
31351,2023.0,8.0,6.0,17.0,19.64989,19.807266,19.738033,20.119255,19.401405,19.448078,18.956667,18.920218,20.140411,21.442825,18.533897,18.499525,19.362736,19.309029,18.86557,18.812336,18.913103,19.080105,4.0,0.0,0.0,0.0,0.0,0.0,0.0,0.0
31352,2023.0,8.0,6.0,17.0,20.012114,20.67375,20.063097,20.784187,19.714193,20.20417,18.85791,18.809671,19.07351,19.209421,18.408848,18.364977,19.341076,19.288654,18.769007,18.703176,18.308737,18.274353,4.0,4.0,0.0,0.0,0.0,0.0,0.0,0.0
31353,2023.0,8.0,6.0,17.0,20.17882,20.842396,20.023462,20.694105,19.878166,20.385466,19.511566,20.097942,18.53206,18.487753,18.33763,18.292593,19.318758,19.26763,18.714176,18.646858,18.17147,18.134306,0.0,4.0,4.0,0.0,0.0,0.0,0.0,0.0
31354,2023.0,8.0,6.0,17.0,20.202412,20.863464,19.382042,19.44338,19.345512,19.373802,19.677732,20.202866,18.407135,18.366379,18.280945,18.238747,19.296982,19.247728,18.692568,18.64812,19.012249,19.788921,0.0,0.0,4.0,0.0,0.0,0.0,0.0,4.0
31355,2023.0,8.0,6.0,17.0,19.630186,19.775814,19.554817,19.91202,19.74477,20.231777,19.693962,20.205292,18.346148,18.305817,18.239569,18.19842,19.277023,19.229286,18.667437,18.627062,20.152506,21.667294,4.0,4.0,4.0,0.0,0.0,0.0,0.0,0.0
31356,2023.0,8.0,6.0,18.0,20.011162,20.673183,20.050055,20.755539,19.356224,19.390755,19.176693,19.214136,19.00401,19.60289,18.195595,18.156834,20.022745,20.664686,18.637302,18.599424,18.916458,19.066114,4.0,0.0,0.0,4.0,0.0,4.0,0.0,0.0
31357,2023.0,8.0,6.0,18.0,21.147427,22.566515,20.00734,20.638956,21.214806,22.816998,21.246357,23.037601,20.139523,21.43443,18.152557,18.113693,21.12038,22.442894,21.371365,23.377605,18.313879,18.266212,4.0,4.0,0.0,0.0,0.0,0.0,0.0,0.0
31358,2023.0,8.0,6.0,18.0,21.021887,22.185865,20.012772,20.628101,20.995691,22.191677,21.014225,22.349564,19.042463,19.143412,18.114706,18.07655,21.026888,22.091906,21.00528,22.488518,18.163977,18.10539,4.0,4.0,0.0,0.0,0.0,0.0,0.0,0.0
31359,2023.0,8.0,6.0,18.0,21.007114,22.049517,20.01144,20.609255,21.021198,22.123028,21.017984,22.19756,18.489758,18.416328,18.080038,18.041103,21.032957,21.990456,21.040527,22.389067,18.103233,18.063915,4.0,4.0,4.0,0.0,0.0,0.0,0.0,0.0
31360,2023.0,8.0,6.0,18.0,21.03129,22.038805,20.024971,20.62113,21.087824,22.190535,21.093494,22.275415,18.389656,18.34332,18.050043,18.011242,21.064564,21.97315,21.089296,22.35239,18.049105,18.011356,4.0,0.0,0.0,0.0,0.0,0.0,0.0,0.0
31361,2023.0,8.0,6.0,18.0,21.037779,22.036297,20.028603,20.632978,21.007053,21.94528,21.034487,22.088852,18.328255,18.286407,18.02469,17.988016,21.02359,21.84412,21.03048,22.160172,18.981365,19.824657,0.0,4.0,0.0,0.0,0.0,0.0,0.0,4.0
31362,2023.0,8.0,6.0,19.0,21.033865,21.994114,19.381031,19.377485,21.04458,21.997782,21.041712,22.053068,18.26769,18.227325,17.998657,17.962969,21.027344,21.814034,21.036638,22.112137,20.142815,21.615658,0.0,0.0,0.0,0.0,0.0,0.0,0.0,0.0
31363,2023.0,8.0,6.0,19.0,21.006836,21.891056,18.996128,18.881758,21.037334,21.944962,21.00802,21.940243,18.214422,18.175207,17.972467,17.93717,21.026665,21.784548,21.035374,22.064745,18.873293,18.962656,0.0,0.0,4.0,0.0,0.0,0.0,0.0,0.0
31364,2023.0,8.0,6.0,19.0,21.012041,21.884768,19.379656,19.726156,21.011314,21.841228,21.03962,22.007454,18.164341,18.12456,17.943933,17.907694,20.995796,21.683222,21.034306,22.028688,18.272608,18.18959,4.0,4.0,0.0,0.0,0.0,4.0,0.0,0.0
31365,2023.0,8.0,6.0,19.0,21.011723,21.871115,20.07561,20.873549,21.042862,21.903893,21.040098,21.975536,18.118877,18.078852,17.914965,17.877565,21.037958,21.766344,21.034365,22.002466,18.121336,18.025604,4.0,0.0,0.0,0.0,0.0,0.0,0.0,0.0
31366,2023.0,8.0,6.0,19.0,21.01104,21.85946,20.004486,20.66441,21.009357,21.796017,21.039234,21.947006,18.077919,18.039167,18.314806,18.658987,21.03083,21.729996,21.033634,21.980965,18.087484,18.046082,4.0,4.0,0.0,0.0,4.0,0.0,0.0,0.0
31367,2023.0,8.0,6.0,19.0,21.222275,22.291224,20.229664,21.082697,21.217865,22.218245,21.375826,22.59294,18.040258,18.00405,20.221514,21.870909,21.167135,21.984585,21.266705,22.431395,18.04005,18.004292,0.0,0.0,4.0,0.0,4.0,0.0,0.0,0.0
31368,2023.0,8.0,6.0,20.0,21.03276,21.889324,19.660845,19.906757,21.009914,21.76002,21.019289,21.853258,18.778227,19.434713,20.01125,21.249506,21.027857,21.673206,21.033316,21.946306,17.98299,17.948025,4.0,4.0,4.0,4.0,0.0,4.0,0.0,0.0
31369,2023.0,8.0,6.0,20.0,21.006655,21.80077,20.073666,20.734919,21.016588,21.764431,21.01873,21.841774,20.165514,21.668093,18.895025,18.94464,21.035366,21.708986,21.03399,21.939291,18.898247,19.729193,4.0,4.0,4.0,0.0,0.0,0.0,0.0,4.0
31370,2023.0,8.0,6.0,20.0,21.0114,21.802608,20.006155,20.566542,21.041891,21.826937,21.044544,21.902042,19.422249,19.958132,18.644094,18.82494,21.032211,21.691305,21.03371,21.930769,20.15309,21.675844,4.0,0.0,0.0,4.0,4.0,0.0,0.0,0.0
31371,2023.0,8.0,6.0,20.0,21.038637,21.870596,20.033525,20.612198,21.036472,21.801369,21.038912,21.872797,20.232048,21.558046,20.224277,21.565489,21.032644,21.681452,21.03363,21.923464,19.516928,20.186697,0.0,0.0,0.0,0.0,0.0,0.0,0.0,4.0
31372,2023.0,8.0,6.0,20.0,21.032766,21.844746,19.346836,19.272243,21.036865,21.786911,21.013514,21.783897,18.971867,18.968523,19.301317,19.590717,21.025026,21.672373,21.03373,21.917015,20.13577,21.410963,0.0,0.0,4.0,0.0,4.0,0.0,0.0,0.0
31373,2023.0,8.0,6.0,20.0,21.033478,21.832037,19.302313,19.419216,21.002121,21.701668,21.044428,21.85522,18.37184,18.21479,20.189981,21.360981,21.026035,21.677273,21.033587,21.910612,18.885933,18.862385,4.0,4.0,0.0,0.0,0.0,0.0,0.0,0.0
31374,2023.0,8.0,6.0,21.0,21.033497,21.81974,20.094116,20.800827,21.017557,21.720661,21.038494,21.828676,18.307045,18.24634,19.041613,19.028017,21.026094,21.678532,21.033463,21.904448,18.290335,18.138922,4.0,4.0,0.0,0.0,0.0,0.0,0.0,0.0
31375,2023.0,8.0,6.0,21.0,20.997326,21.734179,20.023054,20.619534,21.016193,21.709925,21.013483,21.744728,19.0253,19.666424,18.922424,19.207626,21.015692,21.631073,21.02108,21.833471,18.113947,17.951286,0.0,4.0,4.0,4.0,4.0,4.0,4.0,0.0
31376,2023.0,8.0,6.0,21.0,21.041075,21.83209,19.26168,19.119036,21.0427,21.774559,21.045101,21.82148,20.145473,21.447325,20.145174,21.306152,21.038883,21.692816,21.0476,21.912968,18.101635,18.044273,0.0,0.0,0.0,0.0,4.0,0.0,0.0,0.0
31377,2023.0,8.0,6.0,21.0,21.006144,21.728231,18.979803,18.864218,21.011309,21.676939,21.013456,21.726679,19.44214,19.873856,20.030813,20.97673,21.034122,21.668459,21.040508,21.88239,18.962664,19.718122,0.0,4.0,4.0,4.0,0.0,0.0,0.0,4.0
31378,2023.0,8.0,6.0,21.0,21.012737,21.735096,18.911968,18.804722,21.017586,21.680767,21.045628,21.804111,20.14606,21.281824,18.968203,18.858374,21.004452,21.577408,21.041344,21.867752,20.11415,21.467855,0.0,4.0,0.0,0.0,0.0,4.0,0.0,4.0
31379,2023.0,8.0,6.0,21.0,21.012371,21.729496,18.829245,18.715818,21.043295,21.744486,21.039843,21.779623,18.950338,18.85173,18.356974,18.093063,21.040482,21.665192,21.00111,21.745443,20.038916,21.194185,0.0,0.0,0.0,0.0,0.0,0.0,4.0,0.0
31380,2023.0,8.0,6.0,22.0,21.04048,21.800396,18.753193,18.632492,21.038225,21.719902,21.040747,21.76816,18.33008,18.084435,18.678425,18.884035,21.035116,21.64297,21.049822,21.868181,18.799364,18.694344,0.0,0.0,0.0,0.0,4.0,0.0,0.0,0.0
31381,2023.0,8.0,6.0,22.0,21.035015,21.776861,19.119436,19.369417,21.012766,21.635292,21.029222,21.756554,18.299763,18.203869,20.182524,21.43134,21.035702,21.63357,21.041014,21.840076,18.986275,19.458973,4.0,4.0,0.0,0.0,4.0,0.0,0.0,4.0
31382,2023.0,8.0,6.0,22.0,21.035282,21.765478,20.107363,21.01925,21.044172,21.712358,21.030554,21.763655,18.252167,18.166882,20.02968,21.011438,21.027071,21.599518,21.041855,21.830101,20.123943,21.320774,4.0,0.0,0.0,0.0,0.0,4.0,0.0,4.0
31383,2023.0,8.0,6.0,22.0,21.035204,21.75464,20.027939,20.75252,21.01214,21.618029,21.0303,21.764162,18.166233,18.08039,19.172245,19.24805,21.039362,21.643684,21.032059,21.81957,20.003374,20.975306,0.0,4.0,0.0,0.0,4.0,0.0,0.0,4.0
31384,2023.0,8.0,6.0,22.0,21.024342,21.746414,19.122023,18.929592,21.018305,21.626404,21.030394,21.763367,18.681694,19.11682,20.224195,21.257576,21.035898,21.625433,21.033333,21.82599,20.26516,21.450258,0.0,4.0,0.0,4.0,4.0,0.0,0.0,0.0
31385,2023.0,8.0,6.0,22.0,21.025679,21.756035,18.967285,18.918995,21.017773,21.622715,21.030228,21.760763,20.186062,21.621286,20.027252,20.85907,21.03619,21.615515,21.033125,21.827007,18.886354,18.71009,4.0,4.0,0.0,0.0,0.0,0.0,0.0,0.0
31386,2023.0,8.0,6.0,23.0,21.26851,22.24464,20.145592,21.02899,21.018133,21.620361,21.030273,21.758337,18.773478,18.670305,18.965893,18.770388,21.029634,21.586868,21.039705,21.798777,18.319687,18.054873,0.0,4.0,0.0,0.0,0.0,4.0,4.0,0.0
31387,2023.0,8.0,6.0,23.0,20.376957,20.507105,19.15959,18.98815,20.08044,19.84916,20.269892,20.29647,18.094683,17.831161,18.546753,18.409672,20.747887,21.042776,19.93724,19.712164,18.862251,19.242668,0.0,0.0,0.0,0.0,0.0,4.0,0.0,4.0
31388,2023.0,8.0,6.0,23.0,20.760437,21.382584,18.91112,18.72032,20.198067,20.266623,20.530548,20.96164,18.114864,18.004253,18.46974,18.357584,19.979763,19.651033,19.508558,19.176,18.2902,18.056942,0.0,4.0,4.0,0.0,0.0,0.0,0.0,0.0
31389,2023.0,8.0,6.0,23.0,20.219936,20.31768,18.859762,18.702158,19.643013,19.260199,20.018362,19.985115,18.081724,17.981312,18.36319,18.244692,19.692364,19.313286,19.313053,18.982546,18.798586,19.199438,0.0,0.0,0.0,0.0,0.0,0.0,0.0,4.0
31390,2023.0,8.0,6.0,23.0,19.703398,19.46276,18.78501,18.62913,19.958187,20.024586,19.469883,19.07481,18.020529,17.919086,18.267914,18.147905,19.548035,19.173223,19.158789,18.834188,18.201422,17.963255,0.0,4.0,0.0,0.0,0.0,0.0,0.0,0.0
31391,2023.0,8.0,6.0,23.0,19.487701,19.207087,18.716734,18.558273,19.455809,19.072432,19.237514,18.803997,17.963194,17.859734,18.180355,18.05817,19.425268,19.053505,19.216988,19.08672,17.95827,17.685675,0.0,0.0,0.0,0.0,0.0,0.0,0.0,0.0
31392,2023.0,8.0,7.0,0.0,19.60273,19.565517,18.655691,18.495422,19.209911,18.765535,19.321093,19.111435,17.909655,17.804556,18.395363,18.527502,19.536232,19.384687,19.167097,19.04939,18.606821,19.006142,0.0,0.0,0.0,0.0,4.0,0.0,0.0,4.0
31393,2023.0,8.0,7.0,0.0,19.585133,19.5818,18.599575,18.436855,19.086113,18.640205,19.304846,19.14148,17.85914,17.751942,18.158157,18.05577,19.512453,19.373322,19.087374,18.968613,18.02344,17.777115,0.0,0.0,0.0,0.0,0.0,0.0,0.0,0.0
31394,2023.0,8.0,7.0,0.0,19.521605,19.51762,18.546673,18.380459,19.203444,18.981289,19.23759,19.077217,17.810648,17.700619,18.014889,17.88579,19.449936,19.30809,19.009886,18.888544,18.550333,18.937246,0.0,0.0,0.0,0.0,0.0,0.0,0.0,4.0
31395,2023.0,8.0,7.0,0.0,19.460325,19.454954,18.497871,18.328953,19.214346,19.036922,19.168974,19.007729,17.765156,17.65286,17.942219,17.810925,19.390585,19.246502,18.937489,18.814386,17.963737,17.706553,0.0,0.0,0.0,0.0,0.0,0.0,0.0,0.0
31396,2023.0,8.0,7.0,0.0,19.401064,19.393229,18.451077,18.27881,19.167595,18.993546,19.102764,18.939354,17.721102,17.605951,17.873798,17.73928,19.33313,19.186085,18.868658,18.74292,18.487219,18.86207,0.0,0.0,0.0,0.0,0.0,0.0,0.0,4.0
31397,2023.0,8.0,7.0,0.0,19.34582,19.336117,18.40725,18.232306,19.115568,18.940615,19.041098,18.876236,17.679253,17.561766,17.811266,17.67428,19.279243,19.129875,18.804564,18.676956,17.9004,17.632004,0.0,0.0,0.0,0.0,0.0,0.0,0.0,0.0
31398,2023.0,8.0,7.0,1.0,19.288921,19.27266,18.360619,18.178205,19.059067,18.87779,18.977236,18.80514,17.635824,17.513037,17.747238,17.602827,19.224365,19.069109,18.740269,18.6071,17.66252,17.351082,0.0,0.0,0.0,0.0,0.0,0.0,0.0,0.0
31399,2023.0,8.0,7.0,1.0,19.250357,19.243153,18.322535,18.139526,19.010992,18.830025,18.923714,18.751926,17.597755,17.473896,17.692606,17.547266,19.17661,19.020342,18.683762,18.54985,17.566835,17.259066,0.0,0.0,0.0,0.0,0.0,0.0,0.0,0.0
31400,2023.0,8.0,7.0,1.0,19.218102,19.22157,18.289402,18.108778,18.968311,18.79074,18.876581,18.708624,18.153486,18.550154,17.644133,17.500923,19.133448,18.978241,18.632454,18.499884,17.67539,17.561495,0.0,0.0,0.0,4.0,0.0,0.0,0.0,0.0
31401,2023.0,8.0,7.0,1.0,19.179047,19.182753,18.254745,18.073343,18.924305,18.746698,18.828241,18.66037,17.73954,17.63935,17.595062,17.450752,19.090258,18.933933,18.58161,18.448172,17.658054,17.542006,0.0,0.0,0.0,0.0,0.0,0.0,0.0,0.0
31402,2023.0,8.0,7.0,1.0,19.14031,19.143286,18.222866,18.041164,18.882385,18.70499,18.78253,18.615,17.599491,17.474062,17.548601,17.403584,19.049225,18.892107,18.533388,18.399437,18.350237,18.881456,0.0,0.0,0.0,0.0,0.0,0.0,0.0,4.0
31403,2023.0,8.0,7.0,1.0,19.102861,19.10512,18.191648,18.010035,18.842093,18.664862,18.739033,18.571705,18.118153,18.489498,17.504198,17.35854,19.009905,18.852064,18.487253,18.352875,17.660248,17.40346,0.0,0.0,0.0,4.0,0.0,0.0,0.0,0.0
31404,2023.0,8.0,7.0,2.0,19.065952,19.066757,18.160566,17.978333,18.802513,18.624664,18.69676,18.528711,17.522537,17.226376,17.460827,17.31381,18.971426,18.81227,18.442204,18.306725,17.417202,17.108685,0.0,0.0,0.0,0.0,0.0,0.0,0.0,0.0
31405,2023.0,8.0,7.0,2.0,19.029896,19.028767,18.12989,17.946615,18.76375,18.584835,18.655497,18.486362,17.293398,16.954592,17.418701,17.27001,18.933935,18.773176,18.398428,18.261587,18.03017,18.334702,0.0,0.0,0.0,0.0,0.0,0.0,0.0,4.0
31406,2023.0,8.0,7.0,2.0,18.994684,18.991928,18.09985,17.915657,18.72615,18.546293,18.615606,18.445545,17.211151,16.874126,17.378122,17.227997,18.897713,18.735561,18.356182,18.218218,17.49004,17.189844,0.0,0.0,0.0,0.0,0.0,0.0,0.0,0.0
31407,2023.0,8.0,7.0,2.0,18.958204,18.952194,18.068861,17.882355,18.687721,18.505133,18.57512,18.4022,17.356363,17.237923,17.337086,17.18387,18.861181,18.696365,18.313753,18.173326,17.303312,16.984959,0.0,0.0,0.0,0.0,0.0,0.0,0.0,0.0
31408,2023.0,8.0,7.0,2.0,18.92392,18.916403,18.039616,17.852135,18.651747,18.468082,18.537235,18.363283,17.343939,17.209358,17.298819,17.144217,18.826817,18.660648,18.273724,18.132215,17.410744,17.27873,0.0,0.0,0.0,0.0,0.0,0.0,0.0,0.0
31409,2023.0,8.0,7.0,2.0,18.8894,18.879463,18.009695,17.820158,18.615118,18.429035,18.498608,18.322283,17.31235,17.175467,17.260456,17.10342,18.792559,18.624392,18.23399,18.090805,17.398775,17.270815,0.0,0.0,0.0,0.0,0.0,0.0,0.0,0.0
31410,2023.0,8.0,7.0,3.0,18.858444,18.848598,17.983595,17.795496,18.583412,18.399221,18.465204,18.29104,17.28392,17.147676,17.226734,17.071115,19.495037,19.98097,18.197645,18.05544,17.366976,17.239748,0.0,0.0,0.0,0.0,0.0,4.0,0.0,0.0
31411,2023.0,8.0,7.0,3.0,18.82682,18.815998,17.956509,17.768494,18.55054,18.366312,18.430513,18.256454,17.25413,17.117659,17.192137,17.03625,18.749641,18.402641,18.160944,18.018631,17.333046,17.205698,0.0,0.0,0.0,0.0,0.0,0.0,0.0,0.0
31412,2023.0,8.0,7.0,3.0,18.79373,18.779713,17.927658,17.737362,18.515566,18.328274,18.39354,18.216436,17.222769,17.08402,17.155848,16.996994,18.49503,18.0718,18.122963,17.97841,17.297308,17.167696,0.0,0.0,0.0,0.0,0.0,0.0,0.0,0.0
31413,2023.0,8.0,7.0,3.0,18.765112,18.752012,17.903555,17.715422,18.48645,18.301632,18.362959,18.188538,17.195393,17.05801,17.12529,16.968437,18.666687,18.495514,18.089357,17.946306,17.999292,18.518772,0.0,0.0,0.0,0.0,0.0,0.0,0.0,4.0
31414,2023.0,8.0,7.0,3.0,18.73486,18.720873,17.87771,17.689678,18.455143,18.270294,18.330471,18.155954,17.166843,17.029186,17.093256,16.93615,18.67036,18.50064,18.054745,17.911535,17.499786,17.4159,0.0,0.0,0.0,0.0,0.0,0.0,0.0,0.0
31415,2023.0,8.0,7.0,3.0,18.70507,18.690342,17.852215,17.664404,19.115608,19.537674,18.298857,18.124294,17.138824,17.001059,17.06203,16.904861,18.638716,18.468967,18.02086,17.877682,17.153337,16.84437,0.0,4.0,0.0,0.0,0.0,0.0,0.0,0.0
31416,2023.0,8.0,7.0,4.0,18.675196,18.659346,17.826563,17.63861,18.705635,18.630884,18.267185,18.092169,17.11082,16.972614,17.030989,16.873367,18.60916,18.439001,17.987377,17.84386,17.02741,16.702068,0.0,0.0,0.0,0.0,0.0,0.0,0.0,0.0
31417,2023.0,8.0,7.0,4.0,18.645788,18.629042,17.801374,17.613577,18.199154,17.719526,18.235876,18.060724,17.08333,16.944906,17.000662,16.842808,18.580084,18.409765,17.955036,17.811384,17.136105,16.995396,0.0,0.0,0.0,0.0,0.0,0.0,0.0,0.0
31418,2023.0,8.0,7.0,4.0,18.616497,18.59859,17.775887,17.587578,18.055807,17.572716,18.203955,18.027836,17.055864,16.91686,16.970331,16.81164,18.551153,18.380318,17.922834,17.778782,17.13777,17.007627,0.0,0.0,0.0,0.0,0.0,0.0,0.0,0.0
31419,2023.0,8.0,7.0,4.0,18.58887,18.571175,17.7527,17.565985,18.251263,18.043015,18.175055,18.000654,17.030094,16.891993,16.942465,16.785044,18.523785,18.353886,17.891829,17.748697,17.110914,16.98156,0.0,0.0,0.0,0.0,0.0,0.0,0.0,0.0
31420,2023.0,8.0,7.0,4.0,18.562183,18.545446,17.729982,17.545069,18.277796,18.088709,18.146818,17.974363,17.584831,17.957209,17.209177,17.308456,18.497055,18.32852,17.861294,17.7196,17.082787,16.954773,0.0,0.0,0.0,4.0,4.0,0.0,0.0,0.0
31421,2023.0,8.0,7.0,4.0,18.534477,18.517286,17.706316,17.52187,18.259392,18.074835,18.117352,17.945196,17.191107,17.080671,17.003521,16.854488,18.469366,18.301014,17.829596,17.688103,17.052956,16.925127,0.0,0.0,0.0,0.0,0.0,0.0,0.0,0.0
31422,2023.0,8.0,7.0,5.0,18.506292,18.487656,17.681694,17.496223,18.23234,18.047071,18.086512,17.912823,17.0569,16.918179,16.912111,16.75457,18.440924,18.27174,17.79707,17.654795,17.022243,16.89358,0.0,0.0,0.0,0.0,0.0,0.0,0.0,0.0
31423,2023.0,8.0,7.0,5.0,18.482664,18.466984,17.662123,17.480663,18.20894,18.028208,18.061893,17.892683,17.59106,17.958784,16.881819,16.728792,18.416851,18.25098,17.7687,17.629658,17.720509,18.234058,0.0,0.0,0.0,4.0,0.0,0.0,0.0,4.0
31424,2023.0,8.0,7.0,5.0,18.457829,18.443409,17.641365,17.462236,18.183437,18.005106,18.035719,17.868637,17.587774,17.79609,16.850357,16.699305,18.39194,18.227829,17.73932,17.601871,17.235111,17.15716,0.0,0.0,0.0,4.0,0.0,0.0,0.0,0.0
31425,2023.0,8.0,7.0,5.0,19.131174,19.728254,17.621157,17.444582,18.158224,17.982513,18.01042,17.845665,17.048595,16.766626,16.821548,16.672653,18.367798,18.20571,17.710669,17.575113,16.903254,16.610592,0.0,0.0,0.0,0.0,0.0,0.0,0.0,0.0
31426,2023.0,8.0,7.0,5.0,18.6879,18.751589,17.60094,17.426676,18.132841,17.959398,17.98508,17.822378,16.837126,16.508875,16.793917,16.64691,18.344126,18.183798,17.682238,17.548277,16.78786,16.483452,0.0,0.0,0.0,0.0,0.0,0.0,0.0,0.0
31427,2023.0,8.0,7.0,5.0,18.250902,17.97944,17.580545,17.408327,18.107231,17.935656,17.959408,17.798466,16.750704,16.42503,17.075335,17.19857,18.32145,18.162643,17.654428,17.521767,16.891731,16.761402,0.0,0.0,0.0,0.0,4.0,0.0,0.0,0.0
31428,2023.0,8.0,7.0,6.0,18.135769,17.861135,17.56125,17.391949,18.783342,19.229654,17.935047,17.777065,16.859676,16.710548,16.871742,16.746698,18.30108,18.144716,17.62901,17.49872,17.62201,18.142717,0.0,4.0,0.0,0.0,0.0,0.0,0.0,4.0
31429,2023.0,8.0,7.0,6.0,21.364824,23.504316,17.544613,17.380474,21.268724,23.479996,21.365389,23.694689,16.883389,16.759216,16.781668,16.642488,21.270054,23.265026,21.457909,24.065536,20.30684,22.702848,0.0,0.0,0.0,0.0,0.0,0.0,0.0,0.0
31430,2023.0,8.0,7.0,6.0,21.00144,22.628708,17.528055,17.369528,21.02985,22.662645,21.005018,22.782482,16.871271,16.75285,16.759039,16.625875,21.01466,22.594406,21.001404,22.93895,18.161406,18.11763,0.0,0.0,0.0,0.0,0.0,0.0,0.0,0.0
31431,2023.0,8.0,7.0,6.0,21.01939,22.465017,17.511423,17.357744,21.061066,22.506931,21.053007,22.655752,16.858349,16.74439,16.741241,16.612389,21.046217,22.461418,21.05676,22.808403,17.225199,16.945135,0.0,0.0,0.0,0.0,0.0,0.0,0.0,0.0
31432,2023.0,8.0,7.0,6.0,21.081036,22.434591,17.495764,17.347254,21.06386,22.350328,21.115917,22.613195,16.850502,16.7414,16.730911,16.607193,21.1019,22.414656,21.124224,22.751823,17.226076,17.117615,0.0,4.0,0.0,0.0,0.0,0.0,0.0,0.0
31433,2023.0,8.0,7.0,6.0,21.05264,22.313093,17.481749,17.339437,21.034775,22.206226,21.039492,22.371418,16.84684,16.7426,16.726028,16.607632,21.034775,22.186775,21.040865,22.478043,17.973965,18.556059,0.0,4.0,0.0,0.0,0.0,0.0,0.0,4.0
31434,2023.0,8.0,7.0,7.0,21.026274,22.169615,17.46756,17.330687,21.061268,22.206474,21.048067,22.31696,16.846247,16.746702,17.013134,17.149017,21.010904,22.044374,21.0497,22.40718,20.293163,22.411396,0.0,0.0,0.0,0.0,4.0,4.0,0.0,0.0
31435,2023.0,8.0,7.0,7.0,21.02944,22.13081,17.455627,17.325207,21.05406,22.133411,21.045635,22.258194,16.849707,16.756052,20.340134,22.79195,21.043423,22.077017,21.047127,22.334326,18.333593,18.276081,0.0,0.0,0.0,0.0,4.0,0.0,0.0,0.0
31436,2023.0,8.0,7.0,7.0,21.027397,22.095346,17.881903,18.140108,21.026928,22.014484,21.01863,22.14281,16.856682,16.769218,19.985085,21.759777,21.047953,22.014038,21.00526,22.170832,17.486103,17.23789,4.0,4.0,4.0,0.0,4.0,0.0,4.0,0.0
31437,2023.0,8.0,7.0,7.0,21.026892,22.071375,20.260126,22.185566,21.031515,21.995663,21.049128,22.196983,16.86607,16.784441,20.071402,21.66183,21.015991,21.876595,21.023483,22.153316,18.459341,19.247189,0.0,4.0,0.0,0.0,0.0,4.0,4.0,4.0
31438,2023.0,8.0,7.0,7.0,21.025671,22.051764,18.844614,19.104279,21.055452,22.043198,21.029627,22.087727,16.878872,16.803087,18.839096,19.06108,21.049511,21.926394,21.020195,22.108532,20.17367,21.944756,0.0,0.0,4.0,0.0,4.0,0.0,4.0,4.0
31439,2023.0,8.0,7.0,7.0,21.254162,22.49536,18.430984,18.717909,21.194954,22.300362,21.18868,22.39319,17.625868,18.20205,20.26499,21.823086,21.210033,22.19269,21.219471,22.50353,20.187294,21.789446,4.0,0.0,0.0,4.0,4.0,4.0,0.0,0.0
31440,2023.0,8.0,7.0,8.0,21.25714,22.48363,20.218859,21.814692,21.247524,22.363249,21.188736,22.359947,20.293308,22.609125,20.012867,21.188005,21.214413,22.174042,21.218266,22.460655,18.566402,18.495602,4.0,4.0,0.0,4.0,4.0,4.0,0.0,0.0
31441,2023.0,8.0,7.0,8.0,20.449324,20.897827,20.00989,21.200447,20.378876,20.665825,20.306927,20.599918,20.028498,21.759588,20.039553,21.127344,20.620432,20.992863,20.606342,21.19184,18.7706,19.343094,4.0,4.0,4.0,0.0,4.0,4.0,4.0,4.0
31442,2023.0,8.0,7.0,8.0,19.639679,19.591286,20.035614,21.121204,19.517345,19.292973,19.440025,19.251444,18.454254,18.486149,20.04976,21.076435,20.495077,20.876099,20.460447,21.066593,20.189623,21.722128,4.0,0.0,0.0,0.0,0.0,4.0,4.0,0.0
31443,2023.0,8.0,7.0,8.0,19.253565,19.139957,20.03019,21.021004,19.729029,19.96592,19.015314,18.740034,17.702465,17.527012,18.950548,18.899513,20.47613,20.876476,19.56103,19.42681,18.744951,18.751953,4.0,4.0,0.0,0.0,0.0,4.0,0.0,0.0
31444,2023.0,8.0,7.0,8.0,19.779177,20.279583,20.046732,21.00572,19.86611,20.189896,19.426218,19.681227,17.541126,17.360281,18.432598,18.31759,20.470234,20.889248,20.051235,20.684973,18.05161,17.880909,0.0,4.0,4.0,0.0,0.0,4.0,4.0,0.0
31445,2023.0,8.0,7.0,8.0,19.929722,20.45261,19.033903,19.013872,19.28008,19.137527,19.049744,18.922716,18.278227,18.837526,18.299223,18.190477,19.79938,19.642956,20.279493,20.94751,17.956442,17.867544,0.0,0.0,0.0,4.0,0.0,0.0,4.0,0.0
31446,2023.0,8.0,7.0,9.0,19.938402,20.475275,18.580557,18.367561,19.577665,19.836094,18.797876,18.584112,20.251259,22.171856,18.220015,18.11456,19.529472,19.279655,19.439806,19.357475,17.903713,17.827658,0.0,4.0,0.0,0.0,0.0,0.0,0.0,0.0
31447,2023.0,8.0,7.0,9.0,19.361551,19.41035,18.871096,19.105297,19.764051,20.14276,18.66154,18.458885,18.673834,18.808668,18.13813,18.038794,19.409437,19.16863,18.996923,18.811922,17.83347,17.761692,4.0,4.0,0.0,0.0,0.0,0.0,0.0,0.0
31448,2023.0,8.0,7.0,9.0,19.095263,19.051525,20.167593,21.404844,19.77409,20.168383,19.359821,19.867016,18.089678,17.936222,18.082027,17.982603,20.079283,20.506561,18.864086,18.675287,17.783613,17.712442,0.0,4.0,4.0,0.0,0.0,4.0,0.0,0.0
31449,2023.0,8.0,7.0,9.0,18.975607,18.948206,19.200031,19.401392,19.222658,19.161333,19.629314,20.19767,17.97928,17.886744,18.02824,17.93377,19.673574,19.578901,18.769575,18.59354,17.734013,17.665457,0.0,0.0,4.0,0.0,0.0,0.0,0.0,0.0
31450,2023.0,8.0,7.0,9.0,18.914122,18.908598,18.707682,18.65172,18.934462,18.751766,19.522507,19.957535,17.916948,17.830387,17.994062,17.899412,19.430285,19.218298,18.705942,18.538109,17.699497,17.630108,0.0,0.0,4.0,0.0,0.0,0.0,0.0,0.0
31451,2023.0,8.0,7.0,9.0,18.943241,19.03935,18.574251,18.524683,18.836823,18.674389,18.963844,18.93447,17.862663,17.782238,17.968351,17.878187,20.095778,20.547703,19.752174,20.57875,17.67317,17.606945,0.0,0.0,0.0,0.0,0.0,4.0,4.0,0.0
31452,2023.0,8.0,7.0,10.0,18.923187,19.04172,18.908695,19.24429,18.762897,18.617928,18.710308,18.590513,17.816607,17.738274,17.946314,17.858492,19.638273,19.580147,19.074184,19.077135,17.650414,17.585636,4.0,0.0,0.0,0.0,0.0,0.0,0.0,0.0
31453,2023.0,8.0,7.0,10.0,19.598658,20.35264,20.16383,21.448446,18.765896,18.699286,19.25243,19.699125,17.778152,17.701527,17.927275,17.840942,19.4181,19.244732,18.784199,18.65235,17.630362,17.566648,0.0,0.0,4.0,0.0,0.0,0.0,0.0,0.0
31454,2023.0,8.0,7.0,10.0,19.148378,19.297567,19.107141,19.249588,18.735163,18.689236,19.450212,19.936262,18.466473,19.033052,17.909603,17.825415,19.342625,19.170778,18.68434,18.553743,18.528385,19.280943,0.0,0.0,4.0,4.0,0.0,0.0,0.0,4.0
31455,2023.0,8.0,7.0,10.0,18.913807,18.977425,18.63785,18.55667,18.691269,18.65154,19.475122,19.9681,20.21591,22.003664,17.900965,17.817963,19.367887,19.262865,18.634506,18.510397,20.211926,22.08362,0.0,0.0,4.0,0.0,0.0,0.0,0.0,0.0
31456,2023.0,8.0,7.0,10.0,19.511992,20.178278,18.514378,18.476511,19.311903,19.863394,18.951546,18.98181,18.833572,19.04198,18.259035,18.498302,19.366285,19.274742,18.624823,18.54087,18.74326,18.938261,0.0,4.0,0.0,0.0,4.0,0.0,0.0,0.0
31457,2023.0,8.0,7.0,10.0,19.673069,20.362082,18.872591,19.22153,18.948338,19.06073,18.710718,18.650131,18.301895,18.218567,20.214987,21.916916,19.349852,19.261118,18.606531,18.529589,19.077957,19.7551,4.0,0.0,0.0,0.0,0.0,0.0,0.0,4.0
31458,2023.0,8.0,7.0,11.0,19.12697,19.29788,20.161264,21.44461,19.249931,19.76152,18.609724,18.555586,18.147837,18.057722,19.042492,19.342741,20.099934,20.701496,18.57993,18.505035,20.128372,21.518913,0.0,4.0,0.0,0.0,0.0,4.0,0.0,0.0
31459,2023.0,8.0,7.0,11.0,18.8589,18.963003,19.217009,19.469606,19.450714,19.988884,18.54724,18.506746,18.07366,17.994268,18.342802,18.306799,20.378424,21.001722,19.587194,20.429302,18.963923,19.122116,0.0,4.0,0.0,0.0,0.0,4.0,4.0,0.0
31460,2023.0,8.0,7.0,11.0,19.495377,20.21313,19.186295,19.57486,18.937391,18.994741,19.21517,19.810936,18.030754,17.952341,18.603945,18.855286,19.70902,19.668222,19.893822,20.769566,18.507915,18.43816,4.0,0.0,4.0,0.0,4.0,0.0,4.0,0.0
31461,2023.0,8.0,7.0,11.0,19.066843,19.28588,20.13293,21.25559,18.73819,18.720718,19.353464,19.931152,18.730648,19.303308,20.175196,21.605347,19.52063,19.398865,19.133379,19.22924,18.374659,18.3016,0.0,0.0,4.0,4.0,0.0,0.0,0.0,0.0
31462,2023.0,8.0,7.0,11.0,18.820904,18.974363,19.243944,19.434324,19.296244,19.838482,18.839062,18.93552,20.157345,21.664059,19.18828,19.459112,20.204927,20.738743,18.755072,18.693354,18.274628,18.20213,0.0,4.0,0.0,0.0,0.0,4.0,0.0,0.0
31463,2023.0,8.0,7.0,11.0,18.771042,18.927277,18.741846,18.777199,18.97909,19.08733,18.585459,18.610664,19.020985,19.252066,18.572767,18.539154,19.8037,19.79447,18.677483,18.612648,19.093935,19.817049,0.0,0.0,0.0,0.0,0.0,0.0,0.0,4.0
31464,2023.0,8.0,7.0,12.0,19.44143,20.211948,18.61238,18.620644,18.768812,18.786118,18.527966,18.553892,19.236624,19.797178,18.45239,18.376846,20.34878,20.90475,18.65867,18.600851,20.086702,21.43584,0.0,0.0,0.0,4.0,0.0,4.0,0.0,4.0
31465,2023.0,8.0,7.0,12.0,21.224434,23.171566,18.518612,18.527405,21.25037,23.247725,21.254457,23.431126,20.078403,21.197458,18.400864,18.323803,21.149326,22.230999,21.35761,23.298985,20.030636,21.203016,0.0,0.0,0.0,4.0,0.0,0.0,0.0,0.0
31466,2023.0,8.0,7.0,12.0,20.992895,22.477894,18.438334,18.445934,21.006159,22.510365,21.006124,22.643942,20.028843,21.037468,18.355335,18.27655,21.022089,21.877737,21.002678,22.4513,19.04714,19.202543,0.0,0.0,0.0,0.0,0.0,0.0,0.0,0.0
31467,2023.0,8.0,7.0,12.0,21.049608,22.475431,18.371126,18.378536,21.043882,22.429323,21.046925,22.545639,19.167904,19.312607,18.316805,18.238333,21.027498,21.821198,21.041687,22.372885,18.526836,18.493284,0.0,0.0,0.0,0.0,0.0,0.0,0.0,0.0
31468,2023.0,8.0,7.0,12.0,21.038923,22.356577,18.779924,19.197075,21.03739,22.31127,21.014923,22.34312,18.665642,18.613674,18.282295,18.205055,21.022724,21.769495,21.034712,22.25116,18.380901,18.336626,4.0,0.0,4.0,0.0,0.0,0.0,0.0,0.0
31469,2023.0,8.0,7.0,12.0,21.220247,22.649023,20.177038,21.570549,21.237463,22.637093,21.050097,22.346975,18.522854,18.473358,18.252567,18.178005,21.21714,22.126888,21.03551,22.175608,18.283243,18.220411,0.0,0.0,0.0,0.0,0.0,0.0,0.0,0.0
31470,2023.0,8.0,7.0,13.0,21.033653,22.22577,19.180948,19.45393,21.036417,22.17516,21.017855,22.197393,18.42165,18.355331,18.227932,18.156559,21.022282,21.707275,21.034576,22.117012,19.17263,19.971079,0.0,0.0,4.0,0.0,0.0,0.0,0.0,4.0
31471,2023.0,8.0,7.0,13.0,21.033909,22.192757,18.599062,18.650879,21.035799,22.13402,21.0476,22.231514,18.345203,18.279581,18.20815,18.141367,21.022303,21.689522,21.03357,22.071918,20.114325,21.41395,0.0,0.0,0.0,0.0,0.0,0.0,0.0,0.0
31472,2023.0,8.0,7.0,13.0,21.033157,22.165049,18.461767,18.488943,21.010048,22.031515,21.040586,22.17783,18.291431,18.231606,18.192245,18.130787,21.021877,21.673967,21.033175,22.037497,19.066706,19.242634,0.0,4.0,0.0,0.0,0.0,0.0,0.0,0.0
31473,2023.0,8.0,7.0,13.0,21.031286,22.14004,18.377417,18.395817,21.014246,22.021128,21.012623,22.070566,18.245173,18.188519,18.178074,18.120886,21.020761,21.659395,21.031105,22.006344,18.522655,18.493345,0.0,4.0,4.0,0.0,0.0,0.0,0.0,0.0
31474,2023.0,8.0,7.0,13.0,21.032318,22.123943,18.78998,19.222574,21.042473,22.076248,21.045507,22.136082,18.209513,18.158388,18.167202,18.11482,21.021124,21.648981,21.03172,21.984575,18.38087,18.334394,4.0,0.0,0.0,0.0,0.0,0.0,0.0,0.0
31475,2023.0,8.0,7.0,13.0,21.28971,22.623499,20.175482,21.572947,21.010437,21.969694,21.038105,22.100113,18.179996,18.133862,18.158916,18.111,21.278978,22.154747,21.031342,21.964237,18.304893,18.26131,0.0,4.0,0.0,0.0,0.0,0.0,0.0,0.0
31476,2023.0,8.0,7.0,14.0,21.030483,22.084677,19.188152,19.472382,21.015518,21.96555,21.012745,22.01114,18.15612,18.114397,18.154596,18.110826,21.019888,21.621313,21.030977,21.946346,18.252476,18.21242,0.0,4.0,4.0,0.0,0.0,0.0,0.0,0.0
31477,2023.0,8.0,7.0,14.0,20.79781,21.598204,18.622833,18.696957,20.141226,20.304897,20.08947,20.259697,18.136572,18.09859,18.151548,18.111198,20.421516,20.458036,20.189865,20.309738,18.211647,18.1755,0.0,0.0,0.0,0.0,0.0,0.0,0.0,0.0
31478,2023.0,8.0,7.0,14.0,20.116552,20.365196,18.504593,18.545158,19.759876,19.782309,19.695038,19.730177,18.123024,18.087906,18.14996,18.112602,20.193258,20.134766,19.818798,19.770967,18.183796,18.150017,0.0,0.0,0.0,0.0,0.0,0.0,0.0,0.0
31479,2023.0,8.0,7.0,14.0,19.839773,20.018702,18.892403,19.325018,20.2413,20.818958,19.5334,19.57242,18.111265,18.079132,18.148655,18.114124,20.108942,20.050697,19.659954,19.603268,18.158508,18.127605,4.0,4.0,0.0,0.0,0.0,0.0,0.0,0.0
31480,2023.0,8.0,7.0,14.0,20.376554,21.144958,20.146162,21.468548,19.788166,19.929241,19.392979,19.418379,18.838594,19.463352,18.147976,18.11623,20.042702,19.986662,19.549885,19.49553,18.136217,18.108086,4.0,0.0,0.0,4.0,0.0,0.0,0.0,0.0
31481,2023.0,8.0,7.0,14.0,20.507015,21.268444,20.015976,21.080435,19.47391,19.532389,19.262875,19.28839,20.142094,21.593683,18.148731,18.119873,20.742626,21.37788,19.443771,19.393154,18.112501,18.087227,0.0,0.0,0.0,0.0,0.0,4.0,0.0,0.0
31482,2023.0,8.0,7.0,15.0,19.926315,20.193777,19.253172,19.521284,19.972582,20.56321,19.158945,19.187267,19.10508,19.375301,18.1501,18.124485,20.345419,20.45905,19.353567,19.30668,18.991375,19.768642,0.0,4.0,0.0,0.0,0.0,0.0,0.0,4.0
31483,2023.0,8.0,7.0,15.0,20.34988,21.122643,18.915985,19.03138,19.568628,19.720833,19.084276,19.110817,18.704071,18.748158,18.52308,18.827095,20.09555,20.064531,19.28707,19.240322,20.108315,21.558752,0.0,0.0,0.0,0.0,4.0,0.0,0.0,4.0
31484,2023.0,8.0,7.0,15.0,20.47553,21.23892,19.165184,19.592802,19.293661,19.366734,19.66859,20.2738,18.532795,18.519157,20.180122,21.68064,19.995274,19.958855,19.219337,19.176517,20.339664,21.846369,4.0,0.0,4.0,0.0,0.0,0.0,0.0,4.0
31485,2023.0,8.0,7.0,15.0,20.47572,21.237951,20.10486,21.191277,19.197668,19.259,19.330082,19.470743,19.146883,19.756884,19.16177,19.46177,19.918987,19.873318,19.15644,19.115854,20.038868,21.148567,4.0,0.0,0.0,4.0,0.0,0.0,0.0,0.0
31486,2023.0,8.0,7.0,15.0,19.892756,20.141993,20.018759,20.945148,19.100117,19.12512,19.062263,19.143053,20.07624,21.235016,18.548758,18.562931,19.858824,19.81277,19.100163,19.061888,19.137655,19.32485,0.0,0.0,0.0,4.0,0.0,0.0,0.0,0.0
31487,2023.0,8.0,7.0,15.0,20.269573,21.04716,19.314238,19.528805,19.028492,19.046738,19.631927,20.2678,20.025848,21.044838,18.419474,18.403933,19.809649,19.765554,19.049906,19.013977,18.677568,18.714233,0.0,0.0,4.0,0.0,0.0,0.0,0.0,0.0
31488,2023.0,8.0,7.0,16.0,19.817577,20.061005,18.93987,19.05229,19.667622,20.293976,19.264212,19.40954,19.821913,20.531141,18.369232,18.35227,19.76633,19.724377,19.004837,18.971083,18.54456,18.572824,0.0,4.0,0.0,4.0,0.0,0.0,0.0,0.0
31489,2023.0,8.0,7.0,16.0,19.609976,19.791262,18.795132,18.845194,19.842245,20.48688,19.075611,19.151936,20.031424,20.89476,18.338015,18.321417,19.732777,19.693108,18.970316,18.938953,19.34465,20.13586,0.0,4.0,0.0,4.0,0.0,0.0,0.0,4.0
31490,2023.0,8.0,7.0,16.0,19.507797,19.686827,18.687273,18.72265,19.892225,20.518854,18.994295,19.06753,19.998005,20.794287,18.305168,18.289698,19.698105,19.660257,18.935146,18.9056,20.069353,21.196747,0.0,4.0,0.0,4.0,0.0,0.0,0.0,4.0
31491,2023.0,8.0,7.0,16.0,19.439398,19.622602,18.619041,18.655354,19.3883,19.531572,18.902235,18.938728,20.032986,20.858683,18.277103,18.263924,20.443018,21.10549,18.905462,18.878862,19.992887,20.96094,0.0,0.0,0.0,0.0,0.0,4.0,0.0,4.0
31492,2023.0,8.0,7.0,16.0,19.365192,19.531391,19.004328,19.426073,19.769964,20.396725,18.837477,18.866787,19.337488,19.489515,18.251717,18.23987,20.0389,20.137691,18.877954,18.853281,20.000162,20.91359,4.0,4.0,0.0,0.0,0.0,0.0,0.0,4.0
31493,2023.0,8.0,7.0,16.0,19.31595,19.487242,20.143152,21.349268,19.94295,20.564884,18.794708,18.823498,18.951223,18.979023,18.229473,18.218689,19.773853,19.76755,18.853518,18.830725,20.035666,20.966425,0.0,4.0,0.0,0.0,0.0,0.0,0.0,0.0
31494,2023.0,8.0,7.0,17.0,19.993605,20.798042,19.292686,19.547808,19.43762,19.586756,18.759445,18.788584,18.819902,18.842531,18.576916,18.887373,19.707762,19.69303,19.860535,20.755306,19.255785,19.419914,0.0,0.0,0.0,0.0,4.0,0.0,4.0,0.0
31495,2023.0,8.0,7.0,17.0,19.579502,19.873165,19.325333,19.743948,19.840847,20.438202,18.732706,18.761732,18.716225,18.701468,20.176716,21.687485,19.66531,19.638773,19.285217,19.445044,18.937473,18.95994,4.0,4.0,0.0,0.0,0.0,0.0,0.0,0.0
31496,2023.0,8.0,7.0,17.0,19.320822,19.531267,20.083979,21.036493,19.485962,19.640842,18.705564,18.734985,18.627571,18.608376,19.158327,19.460054,19.629885,19.60263,18.950464,18.979633,18.790373,18.809,4.0,0.0,0.0,0.0,0.0,0.0,0.0,0.0
31497,2023.0,8.0,7.0,17.0,19.909428,20.673773,20.019396,20.85613,19.20079,19.268301,18.680126,18.709375,18.562191,18.5434,18.549683,18.57426,20.380537,21.055769,18.88904,18.907854,18.69212,18.711979,0.0,0.0,0.0,0.0,0.0,4.0,0.0,0.0
31498,2023.0,8.0,7.0,17.0,20.131126,20.893982,19.717464,20.202662,19.755033,20.370955,19.347527,19.984274,18.509987,18.493685,18.79901,19.120796,19.967485,20.063156,18.864422,18.883547,18.578232,18.562992,4.0,4.0,4.0,0.0,4.0,0.0,0.0,0.0
31499,2023.0,8.0,7.0,17.0,20.188984,20.947407,20.07487,20.88194,19.355541,19.507706,19.542826,20.192814,19.19917,19.828672,20.15804,21.455954,19.771015,19.759813,18.81642,18.806183,18.508665,18.490377,0.0,0.0,4.0,4.0,4.0,0.0,0.0,0.0
31500,2023.0,8.0,7.0,18.0,19.658072,19.904451,19.782564,20.252651,19.732512,20.353699,19.045815,19.188988,20.11008,21.263786,20.012491,21.024437,20.438446,21.083084,18.781649,18.768337,18.44868,18.432737,4.0,4.0,0.0,0.0,0.0,4.0,0.0,0.0
31501,2023.0,8.0,7.0,18.0,21.187012,22.707344,20.068531,20.847094,21.15898,22.702879,21.25653,23.19957,19.232046,19.424715,19.264225,19.481009,21.044939,21.99478,21.345839,23.243795,18.39561,18.380394,0.0,4.0,0.0,0.0,0.0,4.0,0.0,0.0
31502,2023.0,8.0,7.0,18.0,20.986897,22.166723,19.439922,19.59262,21.022057,22.279778,20.98165,22.384392,18.772924,18.800247,19.19969,19.572634,20.996529,21.809828,21.000332,22.401869,18.349327,18.33453,0.0,0.0,4.0,0.0,4.0,4.0,0.0,0.0
31503,2023.0,8.0,7.0,18.0,21.040459,22.199762,19.517565,19.94294,21.037983,22.19258,21.024614,22.31655,18.635721,18.624952,20.128607,21.186436,21.000954,21.756273,21.039307,22.317211,18.312212,18.29895,4.0,0.0,4.0,0.0,0.0,4.0,0.0,0.0
31504,2023.0,8.0,7.0,18.0,21.030386,22.10928,20.057562,20.846565,21.035028,22.101439,21.043732,22.27166,18.559864,18.545618,19.321646,19.50766,20.999796,21.708372,21.033525,22.192232,19.252724,20.111885,4.0,0.0,0.0,0.0,0.0,4.0,0.0,4.0
31505,2023.0,8.0,7.0,18.0,21.03086,22.055656,20.019928,20.737661,21.005,21.965618,21.012041,22.10899,18.50697,18.492483,18.844116,18.840158,20.999205,21.67284,21.032705,22.108732,20.101206,21.35362,0.0,4.0,4.0,0.0,0.0,4.0,0.0,0.0
31506,2023.0,8.0,7.0,19.0,21.00287,21.93972,19.783764,20.225292,21.039541,22.010782,21.04284,22.13456,18.465122,18.452713,18.71286,18.698696,20.999376,21.64671,21.032217,22.047184,19.097418,19.251694,4.0,0.0,0.0,0.0,0.0,4.0,0.0,0.0
31507,2023.0,8.0,7.0,19.0,21.035652,21.9997,20.068125,20.80317,21.00717,21.88777,21.010994,22.003223,19.200663,19.879387,18.63417,18.6154,21.003983,21.632467,21.031557,22.00006,18.630447,18.63874,0.0,4.0,4.0,4.0,0.0,4.0,0.0,0.0
31508,2023.0,8.0,7.0,19.0,21.001558,21.884903,19.434662,19.539602,21.038876,21.944326,21.016582,21.980963,20.110704,21.280895,18.9504,19.267748,21.009546,21.62525,21.030901,21.963503,18.515747,18.513445,0.0,0.0,4.0,0.0,4.0,4.0,0.0,0.0
31509,2023.0,8.0,7.0,19.0,21.035715,21.955053,19.532396,19.93026,21.03251,21.903877,21.041424,22.023735,19.7618,20.409323,20.152332,21.315928,21.028381,21.66921,21.030653,21.935434,18.43934,18.422956,4.0,0.0,0.0,4.0,0.0,0.0,0.0,0.0
31510,2023.0,8.0,7.0,19.0,21.001482,21.845663,20.071463,20.847292,21.032934,21.879717,21.01024,21.912615,20.081047,21.037178,19.278053,19.468,21.024412,21.641096,21.03036,21.913374,18.381384,18.364168,0.0,0.0,4.0,0.0,0.0,0.0,0.0,0.0
31511,2023.0,8.0,7.0,19.0,21.035109,21.919567,19.752665,20.140987,21.027977,21.857405,21.015797,21.903591,19.228786,19.303247,18.764753,18.757782,21.02499,21.625795,21.030111,21.89639,18.334206,18.31739,4.0,0.0,4.0,0.0,0.0,0.0,0.0,0.0
31512,2023.0,8.0,7.0,20.0,20.999928,21.81223,20.085472,20.816673,21.028027,21.845165,21.041298,21.95731,18.791521,18.74408,18.625345,18.599855,21.02978,21.594002,21.0295,21.88208,18.291191,18.274397,0.0,0.0,0.0,0.0,0.0,4.0,0.0,0.0
31513,2023.0,8.0,7.0,20.0,21.035767,21.891933,19.752665,20.101322,21.027992,21.833103,21.03562,21.924074,19.438026,20.084284,18.546797,18.521526,21.027412,21.613653,21.029963,21.871603,18.251862,18.235186,4.0,0.0,0.0,4.0,0.0,0.0,0.0,0.0
31514,2023.0,8.0,7.0,20.0,21.0021,21.7871,20.057915,20.717363,21.027891,21.821503,21.010756,21.832909,20.081244,21.052135,18.475267,18.44726,21.00712,21.537632,21.030224,21.86222,19.187954,20.04388,4.0,0.0,4.0,0.0,0.0,4.0,0.0,4.0
31515,2023.0,8.0,7.0,20.0,21.008074,21.789158,20.023457,20.632298,21.027802,21.810356,21.041761,21.900616,19.168983,19.19082,18.409822,18.37995,21.031963,21.614065,21.030264,21.853334,20.109726,21.39891,0.0,0.0,0.0,0.0,0.0,0.0,0.0,0.0
31516,2023.0,8.0,7.0,20.0,21.007832,21.780174,19.390604,19.392715,21.027718,21.799654,21.036104,21.870224,18.705816,18.609362,18.719582,19.011637,21.026949,21.59465,21.107288,21.95187,18.975883,19.031696,0.0,0.0,0.0,0.0,4.0,0.0,4.0,0.0
31517,2023.0,8.0,7.0,20.0,21.008297,21.772617,19.37637,19.575804,21.027636,21.78919,21.036932,21.852858,19.36932,19.988949,20.181805,21.503313,20.99815,21.509317,21.027933,21.818596,18.440796,18.351973,4.0,0.0,0.0,4.0,0.0,4.0,0.0,0.0
31518,2023.0,8.0,7.0,21.0,21.008587,21.763424,20.083942,20.796755,21.001713,21.707664,21.003426,21.76417,20.057335,20.990223,19.47159,19.906033,21.033632,21.599562,21.037193,21.82548,18.294024,18.185501,4.0,4.0,4.0,4.0,4.0,0.0,0.0,0.0
31519,2023.0,8.0,7.0,21.0,21.036772,21.82851,20.022264,20.633373,21.033148,21.787754,21.04397,21.85026,20.00284,20.792887,20.148201,21.238892,20.997667,21.500446,21.035868,21.809309,18.28035,18.241302,0.0,0.0,0.0,4.0,0.0,4.0,0.0,0.0
31520,2023.0,8.0,7.0,21.0,21.030909,21.798069,19.315548,19.236069,21.035515,21.766401,21.036884,21.818577,20.040102,20.828533,19.39794,19.630154,21.00398,21.513407,20.995626,21.68856,18.245623,18.210138,0.0,0.0,0.0,0.0,4.0,4.0,4.0,0.0
31521,2023.0,8.0,7.0,21.0,21.004105,21.706013,19.46253,19.758385,21.009321,21.672073,21.037962,21.803453,19.131172,19.02552,20.14549,21.105661,21.034706,21.593367,21.04492,21.813375,18.189463,18.145222,4.0,4.0,0.0,0.0,4.0,0.0,0.0,0.0
31522,2023.0,8.0,7.0,21.0,21.038303,21.785215,20.088564,20.811148,21.04167,21.74359,21.02825,21.786901,18.66459,18.46379,20.00557,20.763376,21.02936,21.571814,21.035357,21.783669,18.137978,18.088211,0.0,0.0,0.0,0.0,4.0,0.0,0.0,0.0
31523,2023.0,8.0,7.0,21.0,21.031727,21.758684,19.430704,19.479946,21.035265,21.714811,21.02985,21.788275,18.500206,18.290052,20.042206,20.791351,21.030598,21.562925,21.03737,21.77472,18.09324,18.039448,0.0,0.0,0.0,0.0,0.0,0.0,0.0,0.0
31524,2023.0,8.0,7.0,22.0,21.004759,21.671396,19.046988,18.964783,21.00997,21.628448,21.029657,21.784508,18.513916,18.433363,19.416058,19.521456,20.999987,21.473438,21.037283,21.762667,18.051018,17.992172,0.0,4.0,0.0,0.0,4.0,4.0,0.0,0.0
31525,2023.0,8.0,7.0,22.0,21.009968,21.678806,18.925508,18.82445,21.01525,21.632341,21.029566,21.78035,18.486488,18.421164,20.17706,21.002003,21.03641,21.56618,21.028917,21.752447,18.016283,17.956724,0.0,4.0,0.0,0.0,0.0,0.0,0.0,0.0
31526,2023.0,8.0,7.0,22.0,21.037634,21.752234,18.850266,18.745258,21.04082,21.699013,21.029438,21.775429,19.03234,19.503258,19.43864,19.535995,21.030361,21.546305,21.029886,21.756577,18.771986,19.412018,0.0,0.0,0.0,4.0,4.0,0.0,0.0,4.0
31527,2023.0,8.0,7.0,22.0,21.031494,21.7308,18.790567,18.684793,21.035114,21.676674,21.029255,21.769756,20.138561,21.301458,20.175459,20.989262,21.000233,21.460142,21.02959,21.756058,20.305801,21.918344,0.0,0.0,0.0,0.0,0.0,4.0,0.0,0.0
31528,2023.0,8.0,7.0,22.0,21.03185,21.720665,18.740156,18.633448,21.035442,21.665804,21.029034,21.763391,18.990664,18.910713,19.37146,19.433012,21.03604,21.552881,21.029531,21.754637,19.484177,20.035934,0.0,0.0,0.0,0.0,0.0,0.0,0.0,4.0
31529,2023.0,8.0,7.0,22.0,21.021992,21.7106,18.6951,18.587193,21.024925,21.654884,21.028852,21.757154,19.058924,19.400692,18.899172,18.823332,20.999527,21.454372,21.029388,21.751978,20.143755,21.33622,0.0,0.0,0.0,4.0,0.0,4.0,0.0,0.0
31530,2023.0,8.0,7.0,23.0,21.023365,21.717793,19.085585,19.35131,21.026258,21.66201,21.028667,21.7515,20.14461,21.21218,19.028141,19.195513,21.005186,21.467598,21.137306,21.915258,18.940514,18.86694,4.0,0.0,0.0,0.0,4.0,4.0,4.0,0.0
31531,2023.0,8.0,7.0,23.0,20.4365,20.591877,19.282793,19.606026,20.371378,20.406025,20.30051,20.34782,19.591175,19.961782,18.79931,18.747736,20.227644,20.00301,20.116327,19.946333,18.39047,18.20809,4.0,0.0,0.0,4.0,0.0,0.0,0.0,0.0
31532,2023.0,8.0,7.0,23.0,20.167204,20.222496,18.750864,18.560843,20.037252,19.926044,19.941805,19.84013,18.88201,18.692682,18.638338,18.553335,19.930424,19.622854,19.724396,19.45189,18.38169,18.30796,0.0,0.0,0.0,0.0,0.0,0.0,0.0,0.0
31533,2023.0,8.0,7.0,23.0,20.043835,20.091629,18.505056,18.19362,19.888939,19.764044,19.784647,19.67064,19.22364,19.516783,18.546646,18.454803,19.799664,19.492619,19.548813,19.276909,18.332346,18.261978,0.0,0.0,0.0,4.0,0.0,0.0,0.0,0.0
31534,2023.0,8.0,7.0,23.0,19.950193,19.997284,18.40855,18.087795,19.780563,19.65488,19.668943,19.554485,18.704985,18.486292,18.469824,18.376608,19.693386,19.3897,19.411995,19.144863,18.272226,18.201082,0.0,0.0,0.0,0.0,0.0,0.0,0.0,0.0
31535,2023.0,8.0,7.0,23.0,19.865929,19.908165,18.515184,18.36764,19.683325,19.552599,19.565798,19.446096,18.473286,18.215723,18.397684,18.299969,19.791098,19.680061,19.460396,19.36167,18.215332,18.140966,0.0,0.0,0.0,0.0,0.0,0.0,0.0,0.0
31536,2023.0,8.0,8.0,0.0,19.795046,19.836796,18.529425,18.40671,19.601791,19.470953,19.479733,19.359919,18.529022,18.436354,18.65554,18.838667,19.75448,19.640789,19.403637,19.306978,18.1649,18.089275,0.0,0.0,0.0,0.0,4.0,0.0,0.0,0.0
31537,2023.0,8.0,8.0,0.0,19.730831,19.77184,18.50626,18.384243,19.528862,19.398056,19.403048,19.283344,18.485384,18.395184,18.385607,18.289812,19.700644,19.586014,19.332159,19.234531,18.11818,18.040949,0.0,0.0,0.0,0.0,0.0,0.0,0.0,0.0
31538,2023.0,8.0,8.0,0.0,19.667482,19.703306,18.476309,18.349627,19.456566,19.319885,19.327248,19.201448,18.423105,18.328432,18.272802,18.165846,19.646053,19.526827,19.260857,19.158926,18.072277,17.991179,0.0,0.0,0.0,0.0,0.0,0.0,0.0,0.0
31539,2023.0,8.0,8.0,0.0,19.615639,19.653172,18.901344,19.16835,19.398853,19.265491,19.266815,19.144573,18.95134,19.368828,18.217209,18.111702,19.598442,19.479279,19.19869,19.097614,18.768757,19.337885,4.0,0.0,0.0,4.0,0.0,0.0,0.0,4.0
31540,2023.0,8.0,8.0,0.0,19.563507,19.598381,18.649628,18.615765,19.340315,19.20478,19.205711,19.081234,18.53774,18.480078,18.456186,18.604055,19.550623,19.428595,19.137373,19.03387,18.259796,18.219837,0.0,0.0,0.0,0.0,4.0,0.0,0.0,0.0
31541,2023.0,8.0,8.0,0.0,19.51475,19.54673,18.491615,18.367743,19.965502,20.426304,19.148905,19.02197,18.218225,17.964977,18.231842,18.137823,19.505116,19.380186,19.079609,18.973646,17.951376,17.729145,0.0,4.0,0.0,0.0,0.0,0.0,0.0,0.0
31542,2023.0,8.0,8.0,1.0,19.46865,19.497692,18.437006,18.30034,19.54389,19.520296,19.095654,18.966187,18.08279,17.804287,18.115381,17.999699,19.461805,19.333952,19.025263,18.916824,17.83592,17.596836,0.0,0.0,0.0,0.0,0.0,0.0,0.0,0.0
31543,2023.0,8.0,8.0,1.0,19.425747,19.453003,18.399477,18.25986,19.097757,18.740835,19.046448,18.915735,18.160372,18.043072,18.06329,17.94635,19.421558,19.291792,18.97518,18.865303,18.684275,19.279366,0.0,0.0,0.0,0.0,0.0,0.0,0.0,4.0
31544,2023.0,8.0,8.0,1.0,19.381927,19.404587,18.364222,18.21963,18.924047,18.521328,18.99669,18.861446,18.152575,18.043753,18.010237,17.888136,19.3808,19.246887,18.925064,18.811205,18.766033,19.207142,0.0,0.0,0.0,0.0,0.0,0.0,0.0,4.0
31545,2023.0,8.0,8.0,1.0,19.344522,19.367104,18.335264,18.189945,19.04174,18.843527,18.954897,18.82006,18.114159,18.00491,17.965916,17.843657,19.344894,19.210331,18.880781,18.76684,18.062838,17.839132,0.0,0.0,0.0,0.0,0.0,0.0,0.0,0.0
31546,2023.0,8.0,8.0,1.0,19.303532,19.320807,18.30267,18.151537,19.066833,18.913925,18.909008,18.768232,18.072481,17.958473,17.918156,17.789963,19.306248,19.1671,18.833912,18.71563,17.832556,17.55961,0.0,0.0,0.0,0.0,0.0,0.0,0.0,0.0
31547,2023.0,8.0,8.0,1.0,19.269508,19.287006,18.277002,18.12605,19.03487,18.883396,18.871786,18.732384,18.036478,17.92254,17.878912,17.751307,19.27297,19.133522,18.793093,18.67497,18.501617,18.90244,0.0,0.0,0.0,0.0,0.0,0.0,0.0,4.0
31548,2023.0,8.0,8.0,2.0,19.234123,19.249304,18.249393,18.095915,18.998392,18.845646,18.832787,18.691565,17.999765,17.883839,17.838598,17.708775,19.23897,19.097414,18.751928,18.632092,17.939339,17.70166,0.0,0.0,0.0,0.0,0.0,0.0,0.0,0.0
31549,2023.0,8.0,8.0,2.0,19.198774,19.210636,18.221342,18.064346,18.95999,18.80409,18.793438,18.648592,17.963224,17.844336,17.798197,17.664639,19.20525,19.06097,18.711123,18.58864,17.727945,17.446045,0.0,0.0,0.0,0.0,0.0,0.0,0.0,0.0
31550,2023.0,8.0,8.0,2.0,19.167536,19.178871,18.197128,18.0396,18.925882,18.770065,18.758928,18.614012,17.930609,17.811157,17.762733,17.628595,19.174898,19.030043,18.674097,18.551205,17.837297,17.74553,0.0,0.0,0.0,0.0,0.0,0.0,0.0,0.0
31551,2023.0,8.0,8.0,2.0,19.13875,19.150984,18.175459,18.019321,18.895002,18.741499,18.72773,18.585096,18.491632,18.89335,17.730745,17.59804,19.146877,19.002792,18.639751,18.517841,17.807919,17.70233,0.0,0.0,0.0,4.0,0.0,0.0,0.0,0.0
31552,2023.0,8.0,8.0,2.0,19.10916,19.120493,18.152311,17.995533,18.862696,18.709078,18.695127,18.552334,18.083838,17.995028,17.697989,17.564651,19.11837,18.973698,18.60513,18.482782,17.771832,17.665201,0.0,0.0,0.0,0.0,0.0,0.0,0.0,0.0
31553,2023.0,8.0,8.0,2.0,19.080729,19.091244,18.12978,17.972513,18.83146,18.677925,18.66367,18.52091,17.948568,17.829304,17.6666,17.532904,19.090813,18.94578,18.571714,18.449184,18.472948,19.015139,0.0,0.0,0.0,0.0,0.0,0.0,0.0,4.0
31554,2023.0,8.0,8.0,3.0,19.052784,19.062428,18.107466,17.949617,18.80087,18.647255,18.633026,18.490076,17.902887,17.783054,17.636097,17.501963,19.063835,18.918386,18.539074,18.416296,17.799347,17.566,0.0,0.0,0.0,0.0,0.0,0.0,0.0,0.0
31555,2023.0,8.0,8.0,3.0,19.022541,19.028671,18.082418,17.92102,18.767628,18.610552,18.599943,18.453358,17.85939,17.735954,17.603577,17.466164,19.035254,18.887253,18.504948,18.379717,17.569483,17.279793,0.0,0.0,0.0,0.0,0.0,0.0,0.0,0.0
31556,2023.0,8.0,8.0,3.0,18.996262,19.002542,18.06164,17.900883,18.739632,18.583872,18.572,18.426645,18.415596,18.813211,17.5756,17.43898,19.009794,18.862103,18.474226,18.349518,17.672441,17.564028,0.0,0.0,0.0,4.0,0.0,0.0,0.0,0.0
31557,2023.0,8.0,8.0,3.0,18.969122,18.974253,18.040266,17.87874,18.710402,18.554222,18.542635,18.396866,17.817678,17.539034,17.54671,17.409527,18.98372,18.835472,18.443068,18.31803,17.660133,17.550323,0.0,0.0,0.0,0.0,0.0,0.0,0.0,0.0
31558,2023.0,8.0,8.0,3.0,18.940224,18.941605,18.016401,17.852077,18.678429,18.518675,18.510462,18.361109,17.591913,17.258516,17.515413,17.374992,18.955788,18.80499,18.410086,18.282623,17.624683,17.511438,0.0,0.0,0.0,0.0,0.0,0.0,0.0,0.0
31559,2023.0,8.0,8.0,3.0,18.931639,18.949957,17.995066,17.830574,18.650434,18.49073,18.482288,18.332993,17.729652,17.611456,17.487299,17.346657,18.930004,18.778763,18.37941,18.251654,17.593353,17.479761,0.0,0.0,0.0,0.0,0.0,0.0,0.0,0.0
31560,2023.0,8.0,8.0,4.0,18.907598,18.923018,17.972263,17.806051,18.620836,18.459059,18.4525,18.301125,17.71628,17.588064,17.457886,17.315428,18.90338,18.750702,18.348116,18.219141,17.561691,17.446733,0.0,0.0,0.0,0.0,0.0,0.0,0.0,0.0
31561,2023.0,8.0,8.0,4.0,18.88437,18.899755,17.952461,17.787573,18.595133,18.43499,18.42662,18.27689,17.68738,17.5601,17.739298,17.867195,18.87888,18.726912,18.318916,18.190752,17.532808,17.418652,0.0,0.0,0.0,0.0,4.0,0.0,0.0,0.0
31562,2023.0,8.0,8.0,4.0,18.86089,18.876179,17.932505,17.768335,18.569056,18.409788,18.400406,18.251534,17.658619,17.531977,17.53171,17.4115,19.586357,20.087067,18.2899,18.162388,17.504507,17.390928,0.0,0.0,0.0,0.0,0.0,4.0,0.0,0.0
31563,2023.0,8.0,8.0,4.0,18.836657,18.850965,17.91224,17.747938,18.54249,18.383017,18.373695,18.224602,18.210224,18.593567,17.727894,17.841867,19.087238,18.99763,18.260447,18.132723,17.476183,17.36231,0.0,0.0,0.0,4.0,4.0,0.0,0.0,0.0
31564,2023.0,8.0,8.0,4.0,18.812737,18.825987,17.892216,17.727682,18.516293,18.35647,18.34726,18.197851,17.813911,17.717276,17.846432,18.000725,18.71426,18.348665,18.231365,18.103392,17.448593,17.3344,0.0,0.0,0.0,0.0,4.0,0.0,0.0,0.0
31565,2023.0,8.0,8.0,4.0,18.789083,18.80123,17.872507,17.707535,18.490206,18.32993,18.321085,18.171177,17.489443,17.17148,17.546385,17.411911,18.593979,18.21084,18.202635,18.074352,17.421665,17.307096,0.0,0.0,0.0,0.0,0.0,0.0,0.0,0.0
31566,2023.0,8.0,8.0,5.0,18.766489,18.778769,17.85397,17.68956,19.14357,19.578072,18.296518,18.147419,17.379784,17.054853,17.450275,17.308676,19.539196,20.088646,18.175518,18.0481,17.396524,17.282711,0.0,4.0,0.0,0.0,0.0,4.0,0.0,0.0
31567,2023.0,8.0,8.0,5.0,18.74338,18.755613,17.835255,17.671543,18.769583,18.737206,18.271847,18.12338,18.109303,18.513002,17.40862,17.268044,18.842794,18.55515,18.148823,18.022015,18.086355,18.601957,0.0,0.0,0.0,4.0,0.0,0.0,0.0,4.0
31568,2023.0,8.0,8.0,5.0,18.720247,18.732128,17.816492,17.653448,18.297497,17.890276,18.247372,18.099306,17.75933,17.681181,17.370579,17.230076,18.579556,18.197237,18.12293,17.996502,17.614927,17.55029,0.0,0.0,0.0,0.0,0.0,0.0,0.0,0.0
31569,2023.0,8.0,8.0,5.0,19.397266,20.02241,17.798038,17.635958,18.155577,17.73036,18.223658,18.07628,17.980665,18.158583,17.33685,17.196993,18.51135,18.133718,18.097637,17.971952,17.293236,17.017727,0.0,0.0,0.0,4.0,0.0,0.0,0.0,0.0
31570,2023.0,8.0,8.0,5.0,18.967545,19.07101,17.779882,17.619036,18.302103,18.094894,18.200447,18.054136,17.523964,17.229887,17.591225,17.699102,19.463043,20.017733,18.072556,17.947924,17.869698,18.181932,0.0,0.0,0.0,0.0,4.0,4.0,0.0,4.0
31571,2023.0,8.0,8.0,5.0,18.52914,18.292315,17.761341,17.601149,18.352095,18.190084,18.176695,18.030754,17.936298,18.13791,17.399452,17.27879,19.453846,19.770138,18.047016,17.922768,17.360357,17.094778,0.0,0.0,0.0,4.0,0.0,4.0,0.0,0.0
31572,2023.0,8.0,8.0,6.0,18.398796,18.136593,17.743347,17.583973,18.337845,18.180685,18.153635,18.00832,18.08739,18.301647,17.304745,17.166376,18.744457,18.400114,18.022495,17.898962,17.189043,16.902882,0.0,0.0,0.0,4.0,0.0,0.0,0.0,0.0
31573,2023.0,8.0,8.0,6.0,21.351553,23.29011,18.132086,18.328747,21.265062,23.389462,21.271322,23.553751,20.284649,22.136568,17.564491,17.679867,21.260727,22.89704,21.47255,23.837074,17.90563,18.317865,4.0,0.0,0.0,0.0,4.0,0.0,0.0,4.0
31574,2023.0,8.0,8.0,6.0,21.020447,22.492659,20.25514,21.950844,21.005686,22.549007,21.0066,22.677807,18.537373,18.429302,20.311806,22.35459,20.99807,22.218075,20.965555,22.610832,20.409224,22.547209,0.0,0.0,0.0,0.0,4.0,4.0,4.0,0.0
31575,2023.0,8.0,8.0,6.0,21.055431,22.382187,18.934599,19.096523,21.048622,22.43429,21.052074,22.55213,18.308891,18.502352,20.009811,21.46487,21.02844,22.12353,21.034779,22.521324,18.413788,18.32907,0.0,0.0,0.0,4.0,4.0,4.0,4.0,0.0
31576,2023.0,8.0,8.0,6.0,21.022522,22.175629,18.617088,18.864351,21.04183,22.28786,21.044945,22.394154,20.264908,21.777174,20.063047,21.36219,21.052303,22.078861,21.06289,22.451391,17.616665,17.351398,4.0,0.0,0.0,4.0,0.0,0.0,0.0,0.0
31577,2023.0,8.0,8.0,6.0,21.186415,22.444159,20.18871,21.570652,21.266958,22.626774,21.198025,22.600975,20.028961,21.202232,18.950657,19.041414,21.185032,22.236164,21.27783,22.735657,17.630016,17.531294,4.0,4.0,0.0,0.0,4.0,4.0,4.0,0.0
31578,2023.0,8.0,8.0,7.0,21.241608,22.47036,20.169516,21.366636,21.275305,22.577105,21.262508,22.635714,18.72121,18.553204,20.299746,21.599627,21.135237,22.08947,21.20478,22.527971,17.616228,17.521782,0.0,4.0,4.0,0.0,0.0,0.0,0.0,0.0
31579,2023.0,8.0,8.0,7.0,21.023317,21.99037,19.188158,19.321714,21.056316,22.086191,21.046825,22.172445,18.804367,19.13718,19.404945,19.778728,21.011839,21.768726,21.049952,22.147274,18.478788,19.194592,4.0,0.0,0.0,4.0,4.0,4.0,0.0,4.0
31580,2023.0,8.0,8.0,7.0,21.300287,22.520813,20.170025,21.260935,21.048697,22.019903,21.05347,22.122961,20.18323,21.46988,20.139944,21.270693,21.248104,22.2082,21.009933,21.987705,20.287321,22.125084,4.0,0.0,0.0,0.0,4.0,4.0,4.0,0.0
31581,2023.0,8.0,8.0,7.0,21.020609,21.93582,20.010614,20.845398,21.048056,21.978308,21.050821,22.070477,18.852282,18.727503,20.019503,20.921087,21.013779,21.707102,21.056305,22.07551,19.286016,19.854694,4.0,0.0,0.0,0.0,4.0,4.0,0.0,4.0
31582,2023.0,8.0,8.0,7.0,21.02087,21.92508,20.029663,20.818691,21.00938,21.874313,21.037666,22.03199,18.20518,17.931818,20.032509,20.86905,21.043715,21.765047,21.046352,22.021442,20.184437,21.632664,4.0,4.0,0.0,0.0,4.0,0.0,0.0,0.0
31583,2023.0,8.0,8.0,7.0,21.020052,21.914669,20.043941,20.816988,21.027151,21.884985,21.038563,22.021019,18.200472,18.083855,20.04532,20.850058,21.037384,21.7251,21.046225,21.991096,18.738705,18.657719,0.0,4.0,0.0,0.0,0.0,0.0,0.0,0.0
31584,2023.0,8.0,8.0,8.0,21.047234,21.98075,19.428867,19.578154,21.024166,21.863653,21.01238,21.938038,18.939186,19.514545,19.048948,18.890783,21.036524,21.699709,21.044867,21.963428,18.076372,17.85358,4.0,4.0,4.0,4.0,0.0,0.0,0.0,0.0
31585,2023.0,8.0,8.0,8.0,20.010618,19.974527,20.109795,20.982073,20.443987,20.739283,20.057426,20.130869,20.15527,21.461866,18.64271,18.507744,20.112354,19.90346,20.078083,20.097609,17.91824,17.702326,4.0,4.0,0.0,0.0,0.0,0.0,0.0,0.0
31586,2023.0,8.0,8.0,8.0,20.14427,20.583635,20.029936,20.780695,20.174309,20.44182,19.920277,20.188635,19.456116,19.88481,18.54197,18.422413,20.608402,21.168884,19.56367,19.46871,17.93581,17.841705,0.0,4.0,4.0,4.0,0.0,4.0,0.0,0.0
31587,2023.0,8.0,8.0,8.0,20.225426,20.681492,19.136137,19.03188,20.098492,20.383043,19.373692,19.199444,20.14256,21.255291,18.443176,18.333149,19.965899,19.775913,20.360258,21.147228,17.914474,17.839214,0.0,4.0,0.0,0.0,0.0,0.0,4.0,0.0
31588,2023.0,8.0,8.0,8.0,19.61849,19.586376,19.18549,19.448421,20.047407,20.347353,18.99649,18.731047,19.013556,18.95239,18.35885,18.255392,19.575712,19.302525,19.598637,19.477757,17.865654,17.796413,4.0,4.0,0.0,0.0,0.0,0.0,0.0,0.0
31589,2023.0,8.0,8.0,8.0,19.343761,19.221756,20.12356,21.109926,19.453045,19.27673,18.862112,18.594145,19.262325,19.637074,18.299181,18.198036,19.470592,19.198633,20.195463,20.816322,17.827656,17.761219,0.0,0.0,0.0,4.0,0.0,0.0,4.0,0.0
31590,2023.0,8.0,8.0,9.0,19.218266,19.118319,19.647144,20.069427,19.105556,18.845015,18.87778,18.750057,20.119139,21.087063,18.241533,18.14732,20.303713,20.880098,19.540852,19.411024,17.788502,17.725803,4.0,0.0,0.0,0.0,0.0,4.0,0.0,0.0
31591,2023.0,8.0,8.0,9.0,19.122477,19.036064,20.093124,20.95578,19.61177,19.919416,18.854761,18.770592,19.697021,20.149984,18.191898,18.102089,19.75693,19.608908,19.125235,18.92067,17.754269,17.69462,4.0,4.0,0.0,4.0,0.0,0.0,0.0,0.0
31592,2023.0,8.0,8.0,9.0,19.9023,20.599499,20.011396,20.742064,19.801767,20.167465,18.79481,18.722536,20.064726,20.89111,18.152021,18.067085,19.433422,19.210442,18.97849,18.779911,17.725857,17.669243,4.0,4.0,0.0,4.0,0.0,0.0,0.0,0.0
31593,2023.0,8.0,8.0,9.0,19.992481,20.530827,20.039303,20.779663,19.823385,20.203758,18.731174,18.663214,20.030941,20.805138,18.11985,18.03863,19.345575,19.124283,18.882702,18.693775,17.701185,17.64631,0.0,4.0,0.0,0.0,0.0,0.0,0.0,0.0
31594,2023.0,8.0,8.0,9.0,19.400665,19.443483,19.230145,19.200356,19.834957,20.226297,19.360493,19.899645,19.174055,19.120323,18.467524,18.71683,19.40544,19.302273,18.898663,18.80903,17.68244,17.631075,0.0,4.0,4.0,0.0,4.0,0.0,0.0,0.0
31595,2023.0,8.0,8.0,9.0,19.184519,19.161804,18.864069,18.67637,19.845772,20.249205,18.970692,19.047802,18.829733,18.65461,20.216562,21.727022,20.174683,20.773739,18.879156,18.805834,17.668634,17.61979,0.0,4.0,0.0,0.0,0.0,4.0,0.0,0.0
31596,2023.0,8.0,8.0,10.0,19.763506,20.338394,18.785221,18.702682,19.858372,20.273825,19.223078,19.657833,18.675812,18.510746,19.129868,19.365013,19.69302,19.633059,18.837788,18.770609,17.654394,17.608612,0.0,4.0,4.0,0.0,0.0,0.0,0.0,0.0
31597,2023.0,8.0,8.0,10.0,19.913301,20.515692,18.728811,18.66756,19.296263,19.225613,19.347979,19.800158,18.65067,18.559263,18.998104,19.2598,20.188667,20.67351,18.798775,18.732075,17.639986,17.593784,0.0,0.0,4.0,0.0,4.0,4.0,0.0,0.0
31598,2023.0,8.0,8.0,10.0,19.352377,19.435448,18.655249,18.597002,19.045624,18.881035,18.817268,18.774857,18.597996,18.519957,20.1208,21.259274,19.66121,19.573162,18.760778,18.695642,18.56188,19.348763,0.0,0.0,0.0,0.0,4.0,0.0,0.0,4.0
31599,2023.0,8.0,8.0,10.0,19.071589,19.080156,18.579134,18.522745,18.917109,18.749418,18.541603,18.41814,18.526127,18.452482,20.026337,20.954325,19.384401,19.21102,18.719942,18.656395,20.202652,21.9768,0.0,0.0,0.0,0.0,0.0,0.0,0.0,0.0
31600,2023.0,8.0,8.0,10.0,18.96583,18.958195,18.510977,18.454708,18.828333,18.663942,19.089348,19.509304,19.160267,19.708878,19.142029,19.170258,19.304113,19.123999,18.680283,18.618093,18.727997,18.853712,0.0,0.0,4.0,4.0,0.0,0.0,0.0,0.0
31601,2023.0,8.0,8.0,10.0,18.907547,18.898611,18.460506,18.402166,18.852785,18.77856,18.687363,18.647125,20.093733,21.23887,18.71696,18.539307,19.34933,19.259895,18.645742,18.583893,18.213108,18.098059,0.0,0.0,0.0,4.0,0.0,0.0,0.0,0.0
31602,2023.0,8.0,8.0,11.0,18.94505,19.028078,18.409672,18.35381,18.834433,18.778004,18.433372,18.31564,20.03008,20.998466,18.630093,18.530254,19.349354,19.273123,19.646217,20.508423,18.101305,18.037117,0.0,0.0,0.0,0.0,0.0,0.0,4.0,0.0
31603,2023.0,8.0,8.0,11.0,18.957375,19.069723,18.36173,18.306656,18.79098,18.737494,18.356453,18.227825,19.094257,19.103743,18.559223,18.475616,19.32301,19.249899,19.033756,19.020391,18.928125,19.678246,0.0,0.0,0.0,0.0,0.0,0.0,0.0,4.0
31604,2023.0,8.0,8.0,11.0,18.938545,19.055613,18.324717,18.269686,19.433271,19.977179,18.38796,18.33069,18.713572,18.561583,18.489573,18.408644,19.297415,19.225672,18.738674,18.605776,20.165789,21.73843,0.0,4.0,0.0,0.0,0.0,0.0,0.0,0.0
31605,2023.0,8.0,8.0,11.0,18.903765,19.014284,18.286386,18.233532,19.69022,20.265026,18.388027,18.345798,18.55682,18.40504,18.416441,18.34077,20.031034,20.642738,19.609182,20.340418,18.821358,18.922691,0.0,4.0,0.0,0.0,0.0,4.0,4.0,0.0
31606,2023.0,8.0,8.0,11.0,19.601612,20.350348,18.698427,19.032349,19.617645,20.065054,18.366755,18.326117,18.52823,18.444672,18.358097,18.283934,19.462442,19.408863,18.960426,18.93631,18.335052,18.215954,4.0,4.0,0.0,0.0,0.0,0.0,0.0,0.0
31607,2023.0,8.0,8.0,11.0,19.16927,19.382074,20.18808,21.59917,19.064955,19.026226,19.027071,19.58631,19.198145,19.764626,18.687035,18.952637,19.236004,19.07029,18.69736,18.567547,18.18588,18.0636,0.0,0.0,4.0,4.0,4.0,0.0,0.0,0.0
31608,2023.0,8.0,8.0,12.0,19.469627,20.07513,19.145674,19.358416,19.391157,19.802908,18.71836,18.79641,20.270428,21.536589,20.185493,21.520401,19.906372,20.400095,18.597233,18.466452,18.119482,18.0535,0.0,4.0,0.0,0.0,0.0,4.0,0.0,0.0
31609,2023.0,8.0,8.0,12.0,21.198006,22.957787,18.55736,18.546638,21.211071,22.877125,21.263628,23.399355,19.09985,19.127516,19.183239,19.38789,21.17141,22.504417,21.372807,23.335024,18.050106,17.992037,0.0,4.0,4.0,0.0,0.0,0.0,0.0,0.0
31610,2023.0,8.0,8.0,12.0,20.991734,22.354794,18.418795,18.370584,21.018566,22.326468,21.009424,22.617561,18.56684,18.426266,18.562735,18.502325,20.990755,21.968378,20.989601,22.435007,17.97875,17.92193,0.0,0.0,0.0,0.0,0.0,4.0,0.0,0.0
31611,2023.0,8.0,8.0,12.0,21.055716,22.337854,18.347382,18.29229,21.101938,22.344267,21.079615,22.51612,18.502617,18.433197,18.423868,18.349846,21.08203,22.061956,21.09887,22.476135,17.92182,17.867586,0.0,0.0,4.0,0.0,0.0,0.0,0.0,0.0
31612,2023.0,8.0,8.0,12.0,21.041708,22.248575,18.766912,19.126627,21.00945,22.055006,21.047497,22.364748,18.450695,18.386826,18.354958,18.287243,21.02815,21.871098,21.02965,22.233023,17.87785,17.827503,4.0,4.0,0.0,0.0,0.0,0.0,0.0,0.0
31613,2023.0,8.0,8.0,12.0,21.262247,22.620403,20.179018,21.521946,21.048786,22.093824,21.023376,22.206135,18.394485,18.334145,18.293818,18.227516,21.206402,22.168074,21.038675,22.172785,17.840109,17.792936,0.0,0.0,4.0,0.0,0.0,0.0,0.0,0.0
31614,2023.0,8.0,8.0,13.0,21.011793,22.040493,19.177889,19.390326,21.0412,22.029772,21.052408,22.221554,18.34482,18.28663,18.244122,18.180155,21.025415,21.769072,21.036732,22.110888,17.808344,17.763391,0.0,0.0,0.0,0.0,0.0,0.0,0.0,0.0
31615,2023.0,8.0,8.0,13.0,21.044844,22.09415,19.051783,19.442041,21.040216,21.989248,21.044386,22.15422,18.301783,18.24468,18.201555,18.138506,21.025702,21.744957,21.034925,22.063498,17.781216,17.737919,4.0,0.0,0.0,0.0,0.0,0.0,0.0,0.0
31616,2023.0,8.0,8.0,13.0,21.0378,22.049282,20.138275,21.280975,21.00716,21.887772,21.045328,22.114172,18.266632,18.212238,18.166388,18.105804,21.025537,21.72409,21.035038,22.028898,17.759327,17.718498,4.0,4.0,0.0,0.0,0.0,0.0,0.0,0.0
31617,2023.0,8.0,8.0,13.0,21.07673,22.095314,20.080164,21.02736,21.081673,22.038279,21.077751,22.155003,18.234798,18.181086,18.135036,18.07478,21.05256,21.7574,21.073673,22.072863,17.739666,17.699963,0.0,0.0,0.0,0.0,0.0,0.0,0.0,0.0
31618,2023.0,8.0,8.0,13.0,20.997633,21.912132,19.154833,19.189747,21.03307,21.90924,21.031717,22.048334,18.210653,18.15996,18.113363,18.056923,21.021511,21.680815,21.028917,21.961834,17.724314,17.686638,0.0,0.0,0.0,0.0,0.0,0.0,0.0,0.0
31619,2023.0,8.0,8.0,13.0,21.016891,21.937023,18.613308,18.463879,21.012264,21.829779,21.036734,22.045,18.186867,18.136614,18.090664,18.03457,21.023664,21.67325,21.0334,21.953075,17.709827,17.67287,0.0,4.0,0.0,0.0,0.0,0.0,0.0,0.0
31620,2023.0,8.0,8.0,14.0,21.013603,21.921772,19.026464,19.372673,21.044287,21.903852,21.010227,21.959467,18.167583,18.118864,18.07181,18.017435,21.02395,21.662518,21.032606,21.935299,17.698292,17.662464,4.0,0.0,4.0,0.0,0.0,0.0,0.0,0.0
31621,2023.0,8.0,8.0,14.0,20.10504,20.198439,20.14223,21.269932,20.6084,21.022526,20.081608,20.19867,18.88767,19.493631,18.054117,18.0,21.067959,21.708914,20.133198,20.187675,17.68824,17.652992,0.0,4.0,0.0,4.0,0.0,4.0,0.0,0.0
31622,2023.0,8.0,8.0,14.0,19.63179,19.619719,19.265749,19.441385,20.399843,20.7872,19.436443,19.304031,20.119007,21.425335,18.038939,17.984915,20.273172,20.183552,19.662138,19.604506,17.67779,17.642504,0.0,4.0,0.0,4.0,0.0,0.0,0.0,0.0
31623,2023.0,8.0,8.0,14.0,19.453691,19.428087,18.747778,18.735182,20.329584,20.718348,19.178692,19.012129,20.027872,21.089996,18.024715,17.970465,19.881157,19.686886,19.472471,19.401241,18.595768,19.38599,0.0,4.0,0.0,0.0,0.0,0.0,0.0,4.0
31624,2023.0,8.0,8.0,14.0,19.335262,19.309013,19.029596,19.36142,20.277473,20.668716,19.127098,19.056067,19.638214,20.17544,18.01082,17.95632,19.743202,19.543547,19.345554,19.274353,20.197681,21.935244,4.0,4.0,0.0,4.0,0.0,0.0,0.0,0.0
31625,2023.0,8.0,8.0,14.0,19.339577,19.414122,20.139868,21.264133,20.234777,20.627605,19.062155,19.010252,20.102528,21.081926,17.996775,17.941883,19.747326,19.648928,19.24294,19.173489,18.747684,18.858795,0.0,4.0,0.0,0.0,0.0,0.0,0.0,0.0
31626,2023.0,8.0,8.0,15.0,19.32621,19.431038,19.162275,19.229769,20.199476,20.593187,18.978045,18.927992,19.159096,19.164597,17.983982,17.929388,19.720356,19.639477,19.155773,19.088041,18.092882,18.012396,0.0,4.0,0.0,0.0,0.0,0.0,0.0,0.0
31627,2023.0,8.0,8.0,15.0,19.282703,19.388287,18.719984,18.552956,20.174274,20.565304,19.605173,20.1624,18.772038,18.613808,17.972227,17.917408,19.673532,19.594437,19.090233,19.022324,18.017588,17.965956,0.0,4.0,4.0,0.0,0.0,0.0,0.0,0.0
31628,2023.0,8.0,8.0,15.0,19.960484,20.703722,18.6664,18.576612,20.151049,20.540283,19.068367,19.029694,18.715834,18.632626,17.95903,17.904627,19.626955,19.55008,19.030893,18.965492,17.96971,17.923037,0.0,4.0,0.0,0.0,0.0,0.0,0.0,0.0
31629,2023.0,8.0,8.0,15.0,19.391924,19.481804,18.615744,18.556946,20.130507,20.517467,18.801834,18.6429,18.65015,18.579952,17.94401,17.890137,20.356081,20.97551,18.976704,18.913292,17.921389,17.87568,0.0,4.0,0.0,0.0,0.0,4.0,0.0,0.0
31630,2023.0,8.0,8.0,15.0,19.144926,19.127228,18.556072,18.500118,19.561415,19.471064,18.704365,18.536917,18.579576,18.512346,17.927452,17.874237,19.72394,19.629955,18.92648,18.865082,17.878567,17.833801,0.0,0.0,0.0,0.0,0.0,0.0,0.0,0.0
31631,2023.0,8.0,8.0,15.0,19.06092,19.036469,18.945183,19.276525,19.285862,19.086445,18.728905,18.657335,19.23797,19.812666,17.910025,17.857414,20.222013,20.68695,18.879862,18.820282,17.83958,17.795841,4.0,0.0,0.0,4.0,0.0,4.0,0.0,0.0
31632,2023.0,8.0,8.0,16.0,19.838766,20.56672,20.137564,21.314842,19.160511,18.9522,18.710342,18.657148,20.121922,21.269133,17.892296,17.839914,19.68645,19.572474,18.836397,18.77855,17.804178,17.761501,4.0,0.0,0.0,0.0,0.0,0.0,0.0,0.0
31633,2023.0,8.0,8.0,16.0,19.383518,19.468746,20.023376,20.953863,19.06072,18.857197,18.668434,18.618214,19.072329,19.081415,17.87607,17.82517,19.408665,19.222395,18.791958,18.736818,17.76817,17.727592,0.0,0.0,0.0,0.0,0.0,0.0,0.0,0.0
31634,2023.0,8.0,8.0,16.0,19.036718,19.01307,19.453627,19.738855,19.087803,18.998026,19.318167,19.876205,18.550367,18.40746,17.86242,17.813221,20.071177,20.545902,18.75014,18.696482,17.735136,17.695654,4.0,0.0,4.0,0.0,0.0,4.0,0.0,0.0
31635,2023.0,8.0,8.0,16.0,18.957472,18.922548,20.109043,20.961325,19.073177,19.005322,18.900137,18.95105,18.516848,18.445473,17.851736,17.803793,20.250381,20.750822,18.716494,18.66404,17.710339,17.671751,4.0,0.0,0.0,0.0,0.0,4.0,0.0,0.0
31636,2023.0,8.0,8.0,16.0,19.755411,20.488876,20.007545,20.713604,19.029509,18.965511,19.185623,19.615526,18.474422,18.415464,17.841297,17.794817,19.627048,19.515324,18.682312,18.63195,17.685068,17.648188,4.0,0.0,4.0,0.0,0.0,0.0,0.0,0.0
31637,2023.0,8.0,8.0,16.0,19.888714,20.474426,20.037699,20.753206,18.985332,18.922691,18.764864,18.6885,18.416653,18.360357,17.83166,17.786345,19.35287,19.167269,18.649786,18.600418,17.661936,17.62589,0.0,0.0,0.0,0.0,0.0,0.0,0.0,0.0
31638,2023.0,8.0,8.0,17.0,19.887989,20.462004,19.254032,19.217495,19.62047,20.152746,18.504084,18.356943,18.366982,18.313625,17.823034,17.779005,20.015478,20.48834,18.62056,18.57262,18.571932,19.364525,0.0,4.0,0.0,0.0,0.0,4.0,0.0,4.0
31639,2023.0,8.0,8.0,17.0,19.920813,20.492872,18.895103,18.697521,19.245806,19.319307,19.078041,19.480572,18.331587,18.280157,17.81615,17.773449,19.522535,19.428167,19.633163,20.508617,20.211742,22.074244,0.0,0.0,4.0,0.0,0.0,0.0,4.0,0.0
31640,2023.0,8.0,8.0,17.0,19.954176,20.524256,19.259403,19.54598,19.478235,19.871538,18.752592,18.703283,18.295523,18.246922,17.808537,17.767208,19.983463,20.455172,19.014896,18.990658,18.67529,18.789913,4.0,4.0,0.0,0.0,0.0,4.0,0.0,0.0
31641,2023.0,8.0,8.0,17.0,19.376974,19.423145,20.088896,20.977377,19.040333,18.965677,18.533186,18.380089,19.01,19.621853,17.801352,17.760834,20.174053,20.683882,18.722866,18.582994,18.16523,18.046436,4.0,0.0,0.0,4.0,0.0,4.0,0.0,0.0
31642,2023.0,8.0,8.0,17.0,19.092941,19.06926,20.025633,20.780073,18.77304,18.607592,19.11541,19.53916,20.145636,21.417221,18.203451,18.526052,19.545574,19.431376,18.62789,18.488634,18.077614,18.023767,0.0,0.0,4.0,0.0,4.0,0.0,0.0,0.0
31643,2023.0,8.0,8.0,17.0,19.010868,18.993612,19.244556,19.2246,18.696518,18.522522,18.76436,18.714706,19.01916,19.049692,20.237324,21.965143,20.018354,20.493258,18.565199,18.429108,18.011412,17.96664,0.0,0.0,0.0,0.0,0.0,4.0,0.0,0.0
31644,2023.0,8.0,8.0,18.0,19.635754,20.211914,18.777122,18.60754,19.423227,19.937843,18.488073,18.349361,18.478703,18.35357,19.011108,19.285128,19.57944,19.489939,18.591064,18.532001,17.946907,17.904747,0.0,4.0,0.0,0.0,0.0,0.0,0.0,0.0
31645,2023.0,8.0,8.0,18.0,21.172613,22.795874,18.760555,18.677418,21.227976,22.989416,21.272762,23.299362,18.449999,18.39062,18.472355,18.434351,21.229313,22.459127,21.377373,23.390842,17.900707,17.858477,0.0,0.0,4.0,0.0,0.0,0.0,0.0,0.0
31646,2023.0,8.0,8.0,18.0,20.991234,22.24598,18.731419,18.674774,21.010317,22.315498,20.981466,22.440712,18.419722,18.36983,18.328978,18.273926,21.012539,21.954481,20.989885,22.4578,17.85711,17.816425,0.0,0.0,4.0,0.0,0.0,0.0,0.0,0.0
31647,2023.0,8.0,8.0,18.0,21.01887,22.174118,18.670067,18.616201,21.04422,22.2219,21.055899,22.423704,18.3748,18.326942,18.656164,18.964315,21.03523,21.896978,21.041426,22.376644,17.823097,17.784449,0.0,0.0,0.0,0.0,4.0,0.0,0.0,0.0
31648,2023.0,8.0,8.0,18.0,21.016682,22.08612,18.617466,18.567286,21.033075,22.108698,21.020748,22.208418,18.338963,18.294773,20.197063,21.599888,20.996569,21.741863,21.036757,22.242437,17.798271,17.763197,0.0,0.0,4.0,0.0,0.0,4.0,0.0,0.0
31649,2023.0,8.0,8.0,18.0,21.042534,22.099295,19.00392,19.331337,21.033718,22.044739,21.05073,22.203701,18.307646,18.265423,19.151312,19.366188,21.007711,21.714859,21.03628,22.152122,17.777678,17.744946,4.0,0.0,0.0,0.0,0.0,4.0,0.0,0.0
31650,2023.0,8.0,8.0,19.0,21.036009,22.035055,20.141617,21.251856,21.00706,21.923496,21.0435,22.122908,18.28061,18.239807,18.93843,19.258026,21.005495,21.675888,21.034851,22.083546,17.760658,17.729897,0.0,4.0,0.0,0.0,4.0,4.0,0.0,0.0
31651,2023.0,8.0,8.0,19.0,21.036175,21.994423,19.285034,19.43825,21.011923,21.902596,21.043476,22.070929,18.256487,18.216234,20.170116,21.387499,21.03574,21.727959,20.994255,21.92536,17.74505,17.714977,0.0,4.0,0.0,0.0,0.0,0.0,4.0,0.0
31652,2023.0,8.0,8.0,19.0,21.035236,21.960602,19.230598,19.582596,21.044498,21.94862,21.034384,22.028196,18.987848,19.618496,19.096424,19.14496,21.030104,21.686256,21.048243,22.019495,17.730598,17.701084,4.0,0.0,0.0,4.0,0.0,0.0,0.0,0.0
31653,2023.0,8.0,8.0,19.0,21.027334,21.933033,20.104961,21.043358,21.037552,21.898935,21.034967,22.007277,20.102432,21.339275,18.498827,18.345829,20.999594,21.581978,21.038267,21.960995,18.709564,19.570192,4.0,0.0,0.0,4.0,0.0,4.0,0.0,4.0
31654,2023.0,8.0,8.0,19.0,21.027685,21.921715,20.02354,20.79978,21.03771,21.868761,21.034252,21.986357,19.999672,20.967201,18.429747,18.358303,21.035254,21.661306,20.998358,21.82192,20.140697,21.75745,0.0,0.0,0.0,4.0,0.0,0.0,4.0,4.0
31655,2023.0,8.0,8.0,19.0,21.027071,21.908426,19.542717,19.78419,21.010838,21.770212,21.00776,21.89602,20.010214,20.875212,18.784086,19.073635,20.998438,21.553202,21.005669,21.821594,19.995457,21.259613,4.0,4.0,4.0,4.0,4.0,4.0,4.0,4.0
31656,2023.0,8.0,8.0,20.0,21.027126,21.897213,20.09324,20.870207,21.042145,21.838106,21.047136,21.967957,20.305683,21.410187,20.177652,21.455254,21.004509,21.560905,21.04547,21.918991,20.277472,21.705269,4.0,0.0,0.0,0.0,0.0,4.0,0.0,0.0
31657,2023.0,8.0,8.0,20.0,21.026579,21.886124,20.02408,20.693375,21.036133,21.808165,21.039783,21.927126,19.768925,20.245848,19.189884,19.362276,21.00406,21.556963,21.037575,21.884062,18.890724,18.894314,0.0,0.0,0.0,4.0,0.0,4.0,0.0,0.0
31658,2023.0,8.0,8.0,20.0,21.02651,21.875853,19.260757,19.187382,21.03646,21.7918,21.014574,21.834055,20.049982,20.797062,18.627851,18.598911,21.004396,21.554388,21.038044,21.86608,19.240873,19.926655,0.0,0.0,4.0,4.0,0.0,4.0,0.0,4.0
31659,2023.0,8.0,8.0,20.0,21.026714,21.866234,19.234013,19.384485,21.0275,21.776,21.019674,21.83104,20.032898,20.747746,18.477169,18.423235,21.004654,21.551394,21.037657,21.849018,20.122686,21.334934,4.0,0.0,4.0,0.0,0.0,4.0,0.0,0.0
31660,2023.0,8.0,8.0,20.0,20.99873,21.782427,20.124783,20.953686,21.002913,21.705084,21.019043,21.819534,19.81457,20.257107,18.381878,18.324036,21.004543,21.547447,21.09237,21.912506,18.940533,18.927301,0.0,4.0,4.0,4.0,0.0,4.0,4.0,0.0
31661,2023.0,8.0,8.0,20.0,21.032024,21.867786,19.262741,19.197206,21.033901,21.78986,21.019224,21.810413,20.040459,20.708794,18.30716,18.249874,21.03548,21.623535,21.032799,21.82306,19.274452,19.934544,0.0,0.0,4.0,4.0,0.0,0.0,0.0,4.0
31662,2023.0,8.0,8.0,21.0,21.0344,21.846811,19.363361,19.674374,21.03691,21.772785,21.019007,21.800455,20.033813,20.6954,18.24263,18.185753,20.999321,21.519363,21.038685,21.82559,20.117096,21.277538,4.0,0.0,4.0,0.0,0.0,4.0,0.0,0.0
31663,2023.0,8.0,8.0,21.0,21.032883,21.82362,20.09871,20.92297,21.036041,21.7519,21.044962,21.862278,19.817505,20.218866,18.182714,18.12511,21.03649,21.60902,20.996405,21.702787,19.67261,20.255789,0.0,0.0,0.0,4.0,0.0,0.0,4.0,4.0
31664,2023.0,8.0,8.0,21.0,21.024168,21.807083,19.382536,19.459316,21.026712,21.73595,21.013222,21.762707,20.069532,20.75177,18.128725,18.069328,21.030104,21.584723,21.04618,21.829988,20.102673,21.132647,0.0,0.0,4.0,0.0,0.0,0.0,0.0,0.0
31665,2023.0,8.0,8.0,21.0,21.025534,21.80711,18.974741,18.917887,21.027859,21.73716,21.04498,21.83615,19.227903,19.099463,18.078674,18.01746,21.030909,21.57567,21.037312,21.80292,18.996845,18.919863,0.0,0.0,0.0,0.0,0.0,0.0,0.0,0.0
31666,2023.0,8.0,8.0,21.0,20.99776,21.72802,19.291462,19.605862,21.001541,21.662098,21.03861,21.80908,19.496819,19.918385,18.389824,18.63928,20.999855,21.486244,21.037766,21.792921,18.449787,18.260313,4.0,4.0,0.0,4.0,4.0,4.0,0.0,0.0
31667,2023.0,8.0,8.0,21.0,21.040113,21.818016,20.115177,20.981117,21.01703,21.67651,21.18723,22.092386,20.084774,20.859264,20.237307,21.764133,21.036339,21.579214,21.220324,22.14755,18.27634,18.0861,0.0,4.0,0.0,0.0,0.0,0.0,0.0,0.0
31668,2023.0,8.0,8.0,22.0,21.005167,21.711887,19.546265,19.74472,21.015448,21.662971,21.028694,21.778837,19.785042,20.176271,19.059559,19.25116,21.030767,21.559935,21.02901,21.767033,18.274076,18.204565,4.0,4.0,0.0,4.0,0.0,0.0,0.0,0.0
31669,2023.0,8.0,8.0,22.0,21.039324,21.792309,20.124483,20.916866,21.015545,21.654564,21.030416,21.786,20.08113,20.795853,18.71193,18.92595,21.03118,21.552513,21.030588,21.774256,18.23368,18.175581,0.0,4.0,0.0,0.0,4.0,0.0,0.0,0.0
31670,2023.0,8.0,8.0,22.0,21.032684,21.766312,19.571722,19.734781,21.01561,21.646868,21.030315,21.78685,19.753717,20.081163,20.210157,21.527588,21.022104,21.545237,21.030455,21.775145,18.161789,18.100912,4.0,4.0,0.0,4.0,0.0,0.0,0.0,0.0
31671,2023.0,8.0,8.0,22.0,21.033424,21.75509,20.116568,20.852688,21.041592,21.711107,21.0302,21.785473,20.054468,20.694197,19.127077,19.261892,21.023314,21.553442,21.0306,21.774841,18.096174,18.033684,0.0,0.0,0.0,4.0,0.0,0.0,0.0,0.0
31672,2023.0,8.0,8.0,22.0,21.023052,21.743044,19.244219,19.093245,21.036034,21.685848,21.030163,21.783278,20.032827,20.64564,18.523438,18.454195,21.023306,21.55668,21.03042,21.77288,18.037952,17.973137,0.0,0.0,0.0,0.0,0.0,0.0,0.0,0.0
31673,2023.0,8.0,8.0,22.0,21.024874,21.749725,18.92584,18.798195,21.036514,21.672905,21.030155,21.780851,19.181477,18.983982,18.371983,18.287092,21.023373,21.558483,21.030388,21.770527,17.986156,17.919052,0.0,0.0,0.0,0.0,0.0,0.0,0.0,0.0
31674,2023.0,8.0,8.0,23.0,21.050037,21.79976,18.849804,18.725176,21.071936,21.727867,21.061039,21.83767,18.729292,18.44873,18.265839,18.170767,21.047268,21.605322,21.061237,21.827095,17.93917,17.869228,0.0,0.0,0.0,0.0,0.0,0.0,0.0,0.0
31675,2023.0,8.0,8.0,23.0,20.400576,20.543072,18.779314,18.661673,20.38414,20.40563,20.274364,20.312914,19.360094,19.796305,18.191456,18.102066,20.406414,20.363852,20.22832,20.21004,17.901667,17.833094,0.0,0.0,0.0,4.0,0.0,0.0,0.0,0.0
31676,2023.0,8.0,8.0,23.0,20.09829,20.12269,18.718813,18.594593,20.028704,19.892384,19.885756,19.76135,19.57949,20.079494,18.449566,18.636616,20.16082,20.044271,19.901363,19.793308,17.868074,17.796482,0.0,0.0,0.0,4.0,4.0,0.0,0.0,0.0
31677,2023.0,8.0,8.0,23.0,19.977203,20.00617,18.669434,18.547203,19.889097,19.754879,19.735598,19.615309,19.414232,19.705082,18.202108,18.126682,20.05335,19.939373,19.755314,19.656225,18.566715,19.138065,0.0,0.0,0.0,4.0,0.0,0.0,0.0,4.0
31678,2023.0,8.0,8.0,23.0,19.876303,19.903135,18.622229,18.498213,19.773577,19.63655,19.611347,19.488678,19.375465,19.647772,18.079332,17.982529,19.957157,19.84104,19.629473,19.531897,18.073517,18.038162,0.0,0.0,0.0,4.0,0.0,0.0,0.0,0.0
31679,2023.0,8.0,8.0,23.0,19.790976,19.815947,18.57855,18.45291,19.675577,19.536863,19.507032,19.382753,18.790258,18.556843,18.025276,17.92745,19.872778,19.754597,19.518835,19.41811,17.785452,17.586689,0.0,0.0,0.0,0.0,0.0,0.0,0.0,0.0
31680,2023.0,8.0,9.0,0.0,19.717674,19.742498,18.538845,18.41249,19.591242,19.452944,19.417686,19.29397,18.545467,18.265049,17.975077,17.876295,20.510626,21.027555,19.423004,19.32203,17.689539,17.482656,0.0,0.0,0.0,0.0,0.0,4.0,0.0,0.0
31681,2023.0,8.0,9.0,0.0,19.649809,19.672586,18.499603,18.370512,19.513748,19.373758,19.335787,19.210571,18.41787,18.131834,17.927446,17.825827,20.451845,20.78262,19.33541,19.232542,18.470875,19.021904,0.0,0.0,0.0,0.0,0.0,4.0,0.0,4.0
31682,2023.0,8.0,9.0,0.0,19.586788,19.606886,18.461388,18.32883,20.108408,20.551125,19.260347,19.132715,19.107372,19.539957,17.88162,17.776676,19.746513,19.449316,19.254704,19.14928,17.862408,17.68001,0.0,4.0,0.0,4.0,0.0,0.0,0.0,0.0
31683,2023.0,8.0,9.0,0.0,19.527985,19.54483,18.424503,18.288145,19.68751,19.662508,19.19073,19.060083,19.337732,19.82692,17.837465,17.728874,19.508389,19.156904,19.180115,19.071701,17.646866,17.415962,0.0,0.0,0.0,4.0,0.0,0.0,0.0,0.0
31684,2023.0,8.0,9.0,0.0,19.474384,19.488604,18.3897,18.24998,19.216335,18.843374,19.127153,18.994413,18.582111,18.334414,17.795465,17.6838,19.399471,19.045996,19.112156,19.001587,17.571373,17.337156,0.0,0.0,0.0,0.0,0.0,0.0,0.0,0.0
31685,2023.0,8.0,9.0,0.0,19.419876,19.427004,18.35223,18.205172,19.02655,18.60452,19.061958,18.921394,18.297321,17.973532,17.751133,17.632849,19.29922,18.937328,19.04475,18.928194,17.668608,17.59435,0.0,0.0,0.0,0.0,0.0,0.0,0.0,0.0
31686,2023.0,8.0,9.0,1.0,19.373266,19.378822,18.32099,18.171846,19.161034,18.9719,19.007866,18.86702,18.18747,17.864998,17.712132,17.591654,19.446968,19.314455,18.985138,18.867031,17.642384,17.548426,0.0,0.0,0.0,0.0,0.0,0.0,0.0,0.0
31687,2023.0,8.0,9.0,1.0,19.329826,19.33504,18.291027,18.1402,19.15907,18.996527,18.957783,18.817282,18.282013,18.148188,17.674793,17.55295,19.42471,19.283491,18.92978,18.811369,18.338985,18.88474,0.0,0.0,0.0,0.0,0.0,0.0,0.0,4.0
31688,2023.0,8.0,9.0,1.0,19.28575,19.288048,18.259766,18.105185,19.120195,18.960136,18.907635,18.764296,18.847122,19.229753,17.63609,17.510834,19.380613,19.236942,18.874697,18.753614,17.683542,17.464357,0.0,0.0,0.0,4.0,0.0,0.0,0.0,0.0
31689,2023.0,8.0,9.0,1.0,19.24282,19.241209,18.22858,18.06958,19.074865,18.91183,18.859291,18.712124,18.435102,18.3394,17.597345,17.468042,19.33663,19.189264,18.821257,18.69676,17.459507,17.18935,0.0,0.0,0.0,0.0,0.0,0.0,0.0,0.0
31690,2023.0,8.0,9.0,1.0,19.212814,19.218138,18.198029,18.03458,19.02979,18.863476,18.81301,18.662157,18.660458,18.840937,17.559204,17.425943,19.293097,19.142115,18.770079,18.642353,17.37938,17.104973,0.0,0.0,0.0,4.0,0.0,0.0,0.0,0.0
31691,2023.0,8.0,9.0,1.0,19.185467,19.19551,18.169222,18.002563,18.987473,18.819387,18.769987,18.617205,18.143892,17.812323,17.52286,17.38701,19.25193,19.098667,18.722158,18.592663,17.467022,17.344254,0.0,0.0,0.0,0.0,0.0,0.0,0.0,0.0
31692,2023.0,8.0,9.0,2.0,19.147667,19.151781,18.136847,17.963032,18.94159,18.766935,18.723547,18.56404,17.93645,17.57427,17.48327,17.34124,19.2085,19.049725,18.672518,18.537989,17.46938,17.357183,0.0,0.0,0.0,0.0,0.0,0.0,0.0,0.0
31693,2023.0,8.0,9.0,2.0,19.114668,19.117638,18.112196,17.938202,18.903639,18.7292,18.68526,18.525877,18.073978,17.9429,17.44917,17.306206,19.170519,19.010796,18.628464,18.493214,17.442814,17.32943,0.0,0.0,0.0,0.0,0.0,0.0,0.0,0.0
31694,2023.0,8.0,9.0,2.0,19.081553,19.082685,18.086344,17.910858,18.865831,18.690063,18.647238,18.486404,18.052254,17.913155,17.735022,17.871534,19.133188,18.971766,18.58547,18.448807,17.414312,17.299314,0.0,0.0,0.0,0.0,4.0,0.0,0.0,0.0
31695,2023.0,8.0,9.0,2.0,19.049957,19.050303,18.061573,17.885418,18.830193,18.65442,18.61154,18.450567,18.600903,18.981043,17.49868,17.360756,19.097717,18.935627,18.54452,18.4075,17.385834,17.270021,0.0,0.0,0.0,4.0,0.0,0.0,0.0,0.0
31696,2023.0,8.0,9.0,2.0,19.017925,19.01615,18.036331,17.858374,18.794125,18.616844,18.575579,18.412907,18.180143,18.067677,17.403172,17.254423,19.062098,18.89829,18.503584,18.365131,17.356627,17.23922,0.0,0.0,0.0,0.0,0.0,0.0,0.0,0.0
31697,2023.0,8.0,9.0,2.0,18.986134,18.981548,18.010908,17.830774,18.75831,18.578945,18.5399,18.374987,18.39478,18.542774,17.36371,17.213423,19.02683,18.860909,18.463129,18.322823,17.32719,17.207869,0.0,0.0,0.0,4.0,0.0,0.0,0.0,0.0
31698,2023.0,8.0,9.0,3.0,18.956232,18.949991,17.986591,17.80526,18.724623,18.544422,18.506332,18.340458,17.880669,17.517382,17.620089,17.724407,18.9934,18.826462,18.424732,18.283728,17.298872,17.178524,0.0,0.0,0.0,0.0,4.0,0.0,0.0,0.0
31699,2023.0,8.0,9.0,3.0,18.924847,18.915306,17.9609,17.776981,18.68947,18.506636,18.471346,18.302711,17.685518,17.303587,17.396023,17.241257,18.958937,18.78953,18.385252,18.242033,17.26931,17.146746,0.0,0.0,0.0,0.0,0.0,0.0,0.0,0.0
31700,2023.0,8.0,9.0,3.0,18.892818,18.879465,17.934393,17.746885,18.653557,18.466766,18.435717,18.262978,17.592861,17.20841,17.304575,17.145794,18.92437,18.75196,18.345858,18.19999,17.239393,17.11422,0.0,0.0,0.0,0.0,0.0,0.0,0.0,0.0
31701,2023.0,8.0,9.0,3.0,18.862633,18.847536,17.910112,17.721497,18.621248,18.433735,18.403666,18.230078,17.759773,17.622433,17.263723,17.104292,18.891941,18.718388,18.308527,18.161743,17.210844,17.084497,0.0,0.0,0.0,0.0,0.0,0.0,0.0,0.0
31702,2023.0,8.0,9.0,3.0,18.832853,18.81654,17.885702,17.696087,18.589304,18.401052,18.37193,18.19751,18.33868,18.70661,17.224035,17.064083,18.860106,18.6857,18.271912,18.124586,17.182549,17.055328,0.0,0.0,0.0,4.0,0.0,0.0,0.0,0.0
31703,2023.0,8.0,9.0,3.0,18.802208,18.7834,17.860168,17.668568,18.556309,18.366001,18.339113,18.16257,17.924904,17.799225,17.184954,17.022945,18.827496,18.651295,18.234528,18.085701,17.15334,17.02447,0.0,0.0,0.0,0.0,0.0,0.0,0.0,0.0
31704,2023.0,8.0,9.0,4.0,18.770706,18.747995,17.833534,17.638927,18.522234,18.328571,18.305204,18.125257,17.54828,17.157152,17.145542,16.98026,18.794079,18.615154,18.196331,18.045055,17.12318,16.99187,0.0,0.0,0.0,0.0,0.0,0.0,0.0,0.0
31705,2023.0,8.0,9.0,4.0,18.74233,18.718822,17.80923,17.614124,18.490942,18.296541,18.274036,18.09328,17.419178,17.021202,17.109327,16.943232,18.763092,18.58378,18.160408,18.008865,17.094889,16.963179,0.0,0.0,0.0,0.0,0.0,0.0,0.0,0.0
31706,2023.0,8.0,9.0,4.0,18.716911,18.695229,17.788452,17.595856,18.464233,18.272892,18.247435,18.06967,18.185343,18.567108,17.07814,16.914948,18.735294,18.558096,18.127687,17.978378,17.069145,16.939148,0.0,0.0,0.0,4.0,0.0,0.0,0.0,0.0
31707,2023.0,8.0,9.0,4.0,18.689045,18.66684,17.765505,17.573189,18.434788,18.243576,18.218096,18.0404,17.826876,17.717585,17.04465,16.881361,18.70568,18.52844,18.092964,17.943632,17.041597,16.911455,0.0,0.0,0.0,0.0,0.0,0.0,0.0,0.0
31708,2023.0,8.0,9.0,4.0,18.660831,18.637085,17.741966,17.549131,18.404667,18.212553,18.188084,18.009428,17.431227,17.041096,17.010925,16.846582,18.675726,18.497728,18.057838,17.907732,17.013565,16.882652,0.0,0.0,0.0,0.0,0.0,0.0,0.0,0.0
31709,2023.0,8.0,9.0,4.0,18.63358,18.60909,17.71871,17.525585,18.375057,18.182312,18.15858,17.979246,17.305132,16.910435,16.978298,16.813398,18.646587,18.468334,18.023592,17.873312,16.986109,16.854902,0.0,0.0,0.0,0.0,0.0,0.0,0.0,0.0
31710,2023.0,8.0,9.0,5.0,18.608456,18.585556,17.69804,17.507257,18.349007,18.159021,18.132658,17.956015,18.009878,18.331745,17.239578,17.328749,18.619904,18.443584,17.99179,17.843567,17.686077,18.196218,0.0,0.0,0.0,4.0,4.0,0.0,0.0,4.0
31711,2023.0,8.0,9.0,5.0,18.582478,18.560406,17.676825,17.487623,18.32192,18.13343,18.105898,17.930586,17.682316,17.565285,17.04129,16.892302,18.592798,18.417683,17.959326,17.81223,17.200882,17.116842,0.0,0.0,0.0,0.0,0.0,0.0,0.0,0.0
31712,2023.0,8.0,9.0,5.0,18.55695,18.535427,17.656225,17.468409,18.295101,18.107893,18.079756,17.90544,17.318945,16.943956,17.25223,17.35995,18.566025,18.391905,17.92706,17.780807,16.84631,16.524197,0.0,0.0,0.0,0.0,4.0,0.0,0.0,0.0
31713,2023.0,8.0,9.0,5.0,18.53221,18.511824,17.636349,17.450338,18.269104,18.083733,18.054447,17.88172,17.196651,16.814455,17.019148,16.859938,18.540133,18.367496,17.895683,17.75083,16.735079,16.408176,0.0,0.0,0.0,0.0,0.0,0.0,0.0,0.0
31714,2023.0,8.0,9.0,5.0,19.248508,19.882833,17.617184,17.433481,18.940958,19.37008,18.030523,17.859976,17.325588,17.151201,16.932056,16.774519,18.515324,18.344769,17.865425,17.722664,16.844828,16.699795,0.0,4.0,0.0,0.0,0.0,0.0,0.0,0.0
31715,2023.0,8.0,9.0,5.0,18.77957,18.842226,17.597303,17.415339,18.530853,18.458439,18.005337,17.83659,17.350756,17.202211,16.895426,16.740261,18.490866,18.321667,17.835321,17.69381,16.860111,16.734745,0.0,0.0,0.0,0.0,0.0,0.0,0.0,0.0
31716,2023.0,8.0,9.0,6.0,18.31017,18.011585,17.577427,17.397362,18.073376,17.636457,18.632725,19.042435,17.330517,17.185122,16.860952,16.70744,18.468248,18.30059,17.807005,17.666956,16.839691,16.716658,0.0,0.0,4.0,0.0,0.0,0.0,0.0,0.0
31717,2023.0,8.0,9.0,6.0,21.356691,23.343985,17.56041,17.385168,21.350277,23.350328,21.274477,23.563808,17.895157,18.268688,16.833576,16.684235,21.320612,23.230532,21.44527,23.913567,16.819712,16.700052,0.0,0.0,0.0,4.0,0.0,4.0,0.0,0.0
31718,2023.0,8.0,9.0,6.0,20.974754,22.446556,17.949694,18.134071,20.99818,22.513662,21.030079,22.724604,20.293756,22.314566,17.09786,17.203104,21.019476,22.500025,21.001837,22.827435,16.802588,16.686342,4.0,0.0,0.0,0.0,4.0,0.0,0.0,0.0
31719,2023.0,8.0,9.0,6.0,21.067825,22.46684,20.26556,22.087523,21.052023,22.439762,21.069166,22.577284,18.383186,18.250368,20.423817,22.736586,21.061058,22.371206,21.058691,22.715187,16.790836,16.678493,0.0,0.0,0.0,0.0,4.0,0.0,0.0,0.0
31720,2023.0,8.0,9.0,6.0,21.052593,22.31098,18.845686,19.01361,21.043732,22.301695,21.045874,22.409864,17.53203,17.19106,19.99245,21.700718,21.05307,22.203522,21.049368,22.538998,16.783697,16.675373,0.0,0.0,0.0,0.0,4.0,0.0,0.0,0.0
31721,2023.0,8.0,9.0,6.0,21.052572,22.223066,18.058573,17.937521,21.017996,22.146103,21.047037,22.325193,18.247246,18.706741,20.074364,21.60501,21.037493,22.088366,21.048067,22.422342,16.78002,16.675777,0.0,4.0,0.0,4.0,0.0,0.0,0.0,0.0
31722,2023.0,8.0,9.0,7.0,21.01041,22.084383,17.9075,17.751095,21.022284,22.099867,21.045927,22.259811,20.237562,22.004526,18.481644,18.346706,21.008001,21.945936,21.046923,22.335247,17.531517,18.098122,0.0,4.0,0.0,0.0,0.0,4.0,0.0,4.0
31723,2023.0,8.0,9.0,7.0,21.02999,22.075447,17.834433,17.679161,21.060648,22.128344,21.0449,22.210732,19.109566,19.483894,17.848518,17.701893,21.054195,21.988781,21.006128,22.162445,20.29853,22.68596,0.0,0.0,0.0,4.0,0.0,0.0,4.0,4.0
31724,2023.0,8.0,9.0,7.0,21.026508,22.037085,17.785782,17.63738,21.051975,22.057337,21.04375,22.17214,20.186378,21.591694,18.13549,18.343325,21.045364,21.913017,21.023787,22.134455,20.00175,21.753584,0.0,0.0,0.0,4.0,4.0,0.0,4.0,4.0
31725,2023.0,8.0,9.0,7.0,21.052725,22.085869,18.15015,18.361021,21.02584,21.944447,21.042833,22.141508,20.005745,21.081182,20.264843,21.995409,21.044333,21.864567,21.060163,22.190008,20.06922,21.679157,4.0,4.0,0.0,4.0,4.0,0.0,0.0,0.0
31726,2023.0,8.0,9.0,7.0,21.04613,22.047504,20.254343,21.970306,21.055233,21.998371,21.016586,22.04597,20.05529,21.095516,20.031406,21.343103,21.001059,21.74563,21.011345,22.020473,19.16105,19.706757,0.0,0.0,4.0,0.0,0.0,4.0,4.0,4.0
31727,2023.0,8.0,9.0,7.0,21.018255,21.951605,19.286734,19.79035,21.022816,21.891014,21.046474,22.112597,18.854628,18.697859,18.971357,19.128784,21.047966,21.827948,21.05818,22.112335,20.202047,21.765984,4.0,4.0,0.0,0.0,4.0,0.0,0.0,0.0
31728,2023.0,8.0,9.0,8.0,21.255165,22.416822,20.213657,21.594614,21.191273,22.235304,21.18125,22.341566,18.967567,19.318085,20.251602,21.629105,21.14253,21.984888,21.214848,22.392916,19.352753,19.910051,4.0,0.0,0.0,4.0,0.0,0.0,0.0,4.0
31729,2023.0,8.0,9.0,8.0,19.952871,19.917265,20.013817,21.052649,20.426367,20.70908,19.818453,19.682264,20.158249,21.329329,18.874878,18.811758,20.048752,19.842823,19.82516,19.672829,20.171312,21.572279,4.0,4.0,0.0,0.0,0.0,0.0,0.0,0.0
31730,2023.0,8.0,9.0,8.0,20.042217,20.46247,20.03315,20.99636,19.546926,19.300922,19.313618,19.193768,19.549082,19.97424,18.292349,18.171873,19.745169,19.608038,19.210817,18.944244,18.76579,18.729074,4.0,0.0,0.0,4.0,0.0,0.0,0.0,0.0
31731,2023.0,8.0,9.0,8.0,20.136467,20.59907,20.04638,20.97306,19.782045,20.01832,19.16742,19.065851,20.131939,21.15857,18.19687,18.087059,20.454756,21.038372,19.139557,19.017103,18.077751,17.876377,0.0,4.0,0.0,0.0,0.0,4.0,0.0,0.0
31732,2023.0,8.0,9.0,8.0,20.108873,20.59121,19.033882,18.981651,19.319155,19.11786,19.697115,20.188404,19.655287,20.0977,18.118063,18.015688,19.82958,19.67019,19.068138,18.967674,17.892263,17.696384,0.0,0.0,4.0,4.0,0.0,0.0,0.0,0.0
31733,2023.0,8.0,9.0,8.0,19.494595,19.468344,18.575802,18.327534,19.058767,18.784626,19.843948,20.391539,20.101475,20.951063,18.074633,17.974146,20.295195,20.696041,18.994797,18.898808,17.898476,17.8042,0.0,0.0,4.0,0.0,0.0,4.0,0.0,0.0
31734,2023.0,8.0,9.0,9.0,19.18256,19.108946,18.902063,19.135683,19.567781,19.876522,19.690018,20.081297,19.176836,19.117851,18.033209,17.938108,19.826408,19.682608,18.918936,18.829222,17.861452,17.783808,4.0,4.0,4.0,0.0,0.0,0.0,0.0,0.0
31735,2023.0,8.0,9.0,9.0,19.763912,20.297878,20.162157,21.36613,19.722715,20.114174,19.65476,20.048868,18.798374,18.58891,18.010292,17.91557,20.320776,20.7338,18.865921,18.777966,17.819698,17.744907,0.0,4.0,4.0,0.0,0.0,4.0,0.0,0.0
31736,2023.0,8.0,9.0,9.0,19.377039,19.445469,19.565237,20.057522,19.195919,19.129686,19.65119,20.065693,18.731615,18.617083,17.990719,17.898487,20.56747,21.057787,19.843056,20.67488,17.774746,17.702568,4.0,0.0,4.0,0.0,0.0,4.0,4.0,0.0
31737,2023.0,8.0,9.0,9.0,19.83713,20.432373,20.123154,21.109701,19.590633,19.988087,19.089487,19.035137,19.41926,19.968618,17.986502,17.894522,19.94747,19.853767,20.039251,20.810081,17.747284,17.675207,0.0,4.0,0.0,4.0,0.0,0.0,4.0,0.0
31738,2023.0,8.0,9.0,9.0,19.990747,20.59784,19.190485,19.25585,19.208216,19.18085,18.783245,18.665098,20.078037,20.988932,17.985233,17.894262,20.37859,20.83362,19.241938,19.232786,17.72013,17.649424,0.0,0.0,0.0,0.0,0.0,4.0,0.0,0.0
31739,2023.0,8.0,9.0,9.0,19.420225,19.527674,19.063139,19.326141,19.544155,19.98824,18.67137,18.563541,19.236492,19.264381,17.988317,17.89748,20.645079,21.183939,18.87418,18.747566,18.63003,19.38805,4.0,4.0,0.0,0.0,0.0,4.0,0.0,4.0
31740,2023.0,8.0,9.0,10.0,19.20488,19.254618,20.151741,21.270277,19.681978,20.174612,18.617971,18.531897,18.900549,18.76289,17.998981,17.90784,20.723558,21.275778,18.801163,18.671328,20.199135,21.986713,0.0,4.0,0.0,0.0,0.0,4.0,0.0,0.0
31741,2023.0,8.0,9.0,10.0,19.114193,19.182611,19.225655,19.372866,19.175743,19.208437,18.602715,18.572073,18.814028,18.712034,18.01216,17.919298,20.790705,21.34777,19.74325,20.486967,18.804579,18.998331,0.0,0.0,0.0,0.0,0.0,4.0,4.0,0.0
31742,2023.0,8.0,9.0,10.0,19.059046,19.143036,19.274733,19.645536,18.941956,18.877548,18.573605,18.557875,18.77192,18.673075,18.030045,17.935385,20.115847,20.025145,19.177855,19.22058,18.305254,18.225603,4.0,0.0,0.0,0.0,0.0,0.0,0.0,0.0
31743,2023.0,8.0,9.0,10.0,19.790718,20.580765,20.098022,21.103533,18.865067,18.810888,19.233967,19.84087,18.73262,18.633259,18.456955,18.721294,19.916681,19.75138,18.930954,18.83186,18.19258,18.107553,4.0,0.0,4.0,0.0,4.0,0.0,0.0,0.0
31744,2023.0,8.0,9.0,10.0,19.381212,19.599113,20.199514,21.261082,19.44226,19.956427,18.873314,18.968845,18.697163,18.59826,20.183971,21.655518,19.864805,19.709866,18.859728,18.760307,18.118465,18.034267,0.0,4.0,0.0,0.0,0.0,0.0,0.0,0.0
31745,2023.0,8.0,9.0,10.0,19.743843,20.463678,19.28183,19.439915,19.681856,20.245916,18.591864,18.609467,19.375889,19.900764,19.208527,19.494825,19.83504,19.68994,18.833574,18.740538,18.063955,17.97841,0.0,4.0,0.0,4.0,0.0,0.0,0.0,0.0
31746,2023.0,8.0,9.0,11.0,19.280344,19.488735,18.93371,18.945698,19.170021,19.260216,18.538496,18.56032,20.082075,21.043839,18.730652,18.664917,20.56218,21.086775,18.821867,18.731506,18.033834,17.946762,0.0,0.0,0.0,0.0,0.0,4.0,0.0,0.0
31747,2023.0,8.0,9.0,11.0,19.033726,19.190464,19.221188,19.613947,18.90843,18.929897,19.180546,19.807251,19.926474,20.555027,18.976194,19.20133,20.143105,20.09174,18.808964,18.717833,18.005957,17.918459,4.0,0.0,4.0,4.0,4.0,0.0,0.0,0.0
31748,2023.0,8.0,9.0,11.0,18.993654,19.162941,20.119896,21.195051,18.840244,18.861675,19.340008,19.96395,20.040867,20.741083,20.114038,21.160631,20.71204,21.239893,18.800518,18.708084,17.990133,17.90152,0.0,0.0,4.0,0.0,4.0,4.0,0.0,0.0
31749,2023.0,8.0,9.0,11.0,19.67832,20.486938,19.291733,19.489895,18.796427,18.829891,18.829853,18.960705,19.37684,19.39001,20.011875,20.83849,20.276999,20.237053,18.792692,18.699411,17.97595,17.887226,0.0,0.0,0.0,0.0,0.0,0.0,0.0,0.0
31750,2023.0,8.0,9.0,11.0,19.890375,20.666822,18.85014,18.923243,18.731514,18.745935,19.245972,19.887445,19.079617,19.004496,19.310463,19.37855,20.045038,19.927595,18.786877,18.692867,17.965748,17.876904,0.0,0.0,4.0,0.0,0.0,0.0,0.0,0.0
31751,2023.0,8.0,9.0,11.0,19.342758,19.599625,18.713972,18.740389,19.380342,20.00249,19.388966,20.035015,19.716543,20.244951,19.046911,18.974665,20.740185,21.27544,18.784098,18.689678,17.961958,17.873146,0.0,4.0,4.0,4.0,0.0,4.0,0.0,0.0
31752,2023.0,8.0,9.0,12.0,19.157278,19.35623,18.630291,18.650356,18.970049,19.097372,18.872322,19.021233,20.041353,20.733356,18.96201,18.851084,20.247036,20.214638,18.782486,18.688192,17.960564,17.872469,0.0,0.0,0.0,0.0,0.0,0.0,0.0,0.0
31753,2023.0,8.0,9.0,12.0,21.215244,23.045134,18.992254,19.393911,21.24323,23.254103,21.265093,23.357231,20.107908,20.735209,18.902744,18.786411,21.163174,21.954517,21.341272,23.137405,17.960184,17.87383,4.0,0.0,0.0,4.0,0.0,0.0,0.0,0.0
31754,2023.0,8.0,9.0,12.0,20.989983,22.400013,20.143585,21.358288,21.007666,22.517195,21.007713,22.59263,20.009804,20.530033,18.866468,18.748394,21.009722,21.576056,20.999092,22.320812,17.964016,17.879494,0.0,0.0,0.0,0.0,0.0,0.0,0.0,0.0
31755,2023.0,8.0,9.0,12.0,21.044462,22.405725,19.274538,19.533022,21.04426,22.424973,21.023373,22.44478,19.513683,19.535322,18.845598,18.729647,21.017168,21.53449,21.036028,22.24422,17.971094,17.88924,0.0,0.0,4.0,0.0,0.0,0.0,0.0,0.0
31756,2023.0,8.0,9.0,12.0,21.003778,22.21774,18.744877,18.796808,21.032713,22.296759,21.045063,22.405977,19.28214,19.238396,18.832493,18.719183,21.014725,21.486696,21.026793,22.120825,17.980835,17.90255,0.0,0.0,0.0,0.0,0.0,0.0,0.0,0.0
31757,2023.0,8.0,9.0,12.0,21.04067,22.254873,19.089994,19.540966,21.036552,22.229435,21.039892,22.319204,19.173712,19.076002,18.824783,18.715542,21.015064,21.454172,21.0307,22.046335,17.99099,17.916012,4.0,0.0,0.0,0.0,0.0,0.0,0.0,0.0
31758,2023.0,8.0,9.0,13.0,21.032335,22.190874,20.117184,21.266253,21.00971,22.101467,21.014132,22.191404,19.113865,19.015669,18.820662,18.715862,21.329102,22.005028,21.028969,21.979803,18.001719,17.930376,4.0,4.0,4.0,0.0,0.0,4.0,0.0,0.0
31759,2023.0,8.0,9.0,13.0,21.030888,22.152014,20.012096,20.974775,21.040056,22.145966,21.017994,22.16215,19.079758,18.983553,18.819359,18.718048,20.971642,21.294395,21.02783,21.928318,18.011885,17.94362,0.0,0.0,4.0,0.0,0.0,0.0,0.0,0.0
31760,2023.0,8.0,9.0,13.0,21.031034,22.122845,19.343164,19.620844,21.033737,22.099377,21.016949,22.132603,19.055445,18.963358,18.820063,18.722435,21.017044,21.377527,21.027794,21.888891,18.021036,17.955582,0.0,0.0,4.0,0.0,0.0,0.0,0.0,0.0
31761,2023.0,8.0,9.0,13.0,21.063997,22.162313,18.98411,19.159653,21.068712,22.135254,21.076445,22.25118,19.03461,18.945776,18.821795,18.728724,21.027706,21.38912,21.061754,21.92036,18.030445,17.968607,0.0,0.0,0.0,0.0,0.0,0.0,0.0,0.0
31762,2023.0,8.0,9.0,13.0,20.995596,21.99004,19.260454,19.751162,20.999664,21.958063,21.002325,22.053736,19.018673,18.934378,18.822893,18.733923,21.011213,21.34956,21.02103,21.815765,18.03873,17.980211,4.0,4.0,4.0,0.0,0.0,0.0,0.0,0.0
31763,2023.0,8.0,9.0,13.0,21.008207,22.00726,20.116674,21.212984,21.012495,21.970556,21.041414,22.134579,19.00544,18.925676,18.824833,18.74038,21.399342,22.064837,21.207922,22.11329,19.022478,19.841183,0.0,4.0,0.0,0.0,0.0,4.0,4.0,4.0
31764,2023.0,8.0,9.0,14.0,21.033821,22.072943,19.331533,19.582184,21.036194,22.027828,21.008354,22.029432,18.995106,18.919695,18.82849,18.748499,20.985453,21.250637,21.276865,22.177208,20.113638,21.511213,0.0,0.0,4.0,0.0,0.0,0.0,4.0,0.0
31765,2023.0,8.0,9.0,14.0,20.311356,20.67129,18.891615,18.997469,20.259127,20.51859,20.678791,21.384949,19.691376,20.243769,18.831968,18.756193,20.68404,20.689463,20.396812,20.489508,19.895346,20.852602,0.0,0.0,4.0,4.0,0.0,0.0,0.0,4.0
31766,2023.0,8.0,9.0,14.0,20.680374,21.527197,18.783857,18.862934,19.93093,20.074734,20.043602,20.26717,20.039253,20.74992,19.199036,19.446138,20.580647,20.556133,21.034273,21.86112,20.05134,21.106186,0.0,0.0,0.0,0.0,4.0,0.0,4.0,0.0
31767,2023.0,8.0,9.0,14.0,20.223652,20.577402,19.143633,19.600285,19.778433,19.928146,20.326187,21.029602,19.52691,19.658644,20.096024,20.944197,21.245325,21.864592,20.408752,20.502256,19.20041,19.373177,4.0,0.0,4.0,0.0,0.0,4.0,0.0,0.0
31768,2023.0,8.0,9.0,14.0,19.916098,20.211071,20.124187,21.256372,19.57972,19.645561,19.896282,20.140388,19.312437,19.371151,19.440033,19.54337,20.818144,20.891861,20.036894,20.044012,18.845297,18.92247,0.0,0.0,0.0,0.0,0.0,0.0,0.0,0.0
31769,2023.0,8.0,9.0,14.0,19.798668,20.089376,19.426933,19.782923,19.443686,19.49616,19.602104,19.793037,19.284958,19.345537,19.10201,19.0525,20.58558,20.587444,19.926527,19.93973,19.622103,20.455631,0.0,0.0,0.0,0.0,0.0,0.0,0.0,4.0
31770,2023.0,8.0,9.0,15.0,20.315748,21.107775,19.16972,19.414642,19.371319,19.423807,20.137808,20.874374,19.173124,19.134495,19.054771,18.998098,21.254856,21.896736,19.865923,19.887516,20.058212,21.124607,0.0,0.0,4.0,0.0,0.0,4.0,0.0,0.0
31771,2023.0,8.0,9.0,15.0,19.973011,20.331396,18.967054,19.094826,19.301432,19.357344,19.76459,20.036518,19.806559,20.375948,19.030834,18.977345,20.831701,20.933367,19.80649,19.836025,19.24942,19.449966,0.0,0.0,0.0,4.0,0.0,0.0,0.0,0.0
31772,2023.0,8.0,9.0,15.0,19.797478,20.100008,18.851528,18.941713,19.931078,20.587973,19.555597,19.755081,20.02373,20.671072,19.013704,18.962986,20.643517,20.655598,19.677881,19.629337,18.985847,19.071968,0.0,4.0,0.0,0.0,0.0,0.0,0.0,0.0
31773,2023.0,8.0,9.0,15.0,19.731337,20.049734,19.231583,19.716702,20.154047,20.828453,19.464268,19.667795,19.558313,19.696749,18.995054,18.948484,20.582197,20.602201,19.588934,19.535686,18.787048,18.763424,4.0,4.0,0.0,0.0,0.0,0.0,0.0,0.0
31774,2023.0,8.0,9.0,15.0,20.264465,21.080862,20.100044,21.180365,19.707565,19.964516,19.967081,20.653114,19.42494,19.510212,18.980183,18.937584,20.467884,20.416866,19.54136,19.49141,18.694075,18.661276,4.0,0.0,4.0,0.0,0.0,0.0,0.0,0.0
31775,2023.0,8.0,9.0,15.0,19.917961,20.281593,19.993685,20.869373,19.499006,19.710052,19.641624,19.91089,19.274668,19.25387,18.9656,18.927526,21.156616,21.782703,19.495539,19.450409,18.6286,18.598997,4.0,0.0,0.0,0.0,0.0,4.0,0.0,0.0
31776,2023.0,8.0,9.0,16.0,19.699041,20.011253,20.04655,20.926537,19.431501,19.636595,19.409668,19.619785,19.183563,19.14566,18.953012,18.918903,21.516249,22.293327,19.452456,19.409227,18.574118,18.544827,0.0,0.0,0.0,0.0,0.0,4.0,0.0,0.0
31777,2023.0,8.0,9.0,16.0,20.267244,21.124533,19.535103,19.885345,19.925966,20.586597,19.919575,20.626007,19.148682,19.117207,18.944214,18.915209,20.896236,21.045567,20.424358,21.28248,18.535984,18.513494,0.0,4.0,4.0,0.0,0.0,0.0,4.0,0.0
31778,2023.0,8.0,9.0,16.0,19.874083,20.269556,19.31847,19.578236,19.605818,19.888077,19.552868,19.83916,19.124706,19.095894,18.938026,18.913214,20.682001,20.731224,19.870838,20.046192,18.507786,18.488316,0.0,0.0,0.0,0.0,0.0,0.0,0.0,0.0
31779,2023.0,8.0,9.0,16.0,19.722345,20.060678,19.50978,19.973919,20.073242,20.82822,19.396135,19.622255,19.105433,19.080414,18.93252,18.911976,20.628227,20.681002,19.674927,19.755033,19.38477,20.169912,4.0,4.0,0.0,0.0,0.0,0.0,0.0,4.0
31780,2023.0,8.0,9.0,16.0,20.299412,21.177334,20.084122,20.982761,20.219786,20.982035,19.34904,19.575724,19.088846,19.067282,18.927473,18.91103,20.589592,20.648521,19.63315,19.71999,20.081886,21.285892,0.0,4.0,0.0,0.0,0.0,0.0,0.0,0.0
31781,2023.0,8.0,9.0,16.0,20.515478,21.402395,19.82344,20.374971,20.277098,21.033224,19.194918,19.308104,19.073305,19.055908,18.922585,18.910353,20.470554,20.450201,19.606068,19.698977,19.298285,19.615532,4.0,4.0,0.0,0.0,0.0,0.0,0.0,0.0
31782,2023.0,8.0,9.0,17.0,19.990488,20.367117,20.054415,20.82229,20.330425,21.08725,19.798265,20.490412,19.062016,19.04835,18.918993,18.91113,20.412346,20.379684,19.477566,19.464508,19.004015,19.151775,0.0,4.0,4.0,0.0,0.0,0.0,0.0,0.0
31783,2023.0,8.0,9.0,17.0,20.37698,21.23888,19.614624,19.94566,20.377926,21.129984,20.088778,20.852053,19.75545,20.371109,18.913082,18.907707,20.372242,20.342432,19.412363,19.394321,18.910908,19.050447,0.0,4.0,4.0,4.0,0.0,0.0,0.0,0.0
31784,2023.0,8.0,9.0,17.0,19.94153,20.320663,19.79867,20.372864,20.413485,21.162111,19.615726,19.908089,20.032713,20.76079,18.906662,18.903393,21.104387,21.762907,19.384403,19.367556,19.704897,20.56905,4.0,4.0,0.0,0.0,0.0,4.0,0.0,4.0
31785,2023.0,8.0,9.0,17.0,20.342888,21.205713,20.034372,20.752167,19.921494,20.210487,19.394379,19.628448,19.582985,19.805805,18.899212,18.89808,21.458076,22.249723,20.37077,21.257895,20.038221,20.992386,0.0,0.0,0.0,0.0,0.0,4.0,4.0,0.0
31786,2023.0,8.0,9.0,17.0,20.577404,21.469786,19.975418,20.588562,20.26049,20.994999,19.918154,20.649446,20.10104,20.878443,18.891432,18.892397,21.551264,22.340784,19.962818,20.189613,19.380695,19.647734,4.0,4.0,4.0,4.0,0.0,4.0,0.0,0.0
31787,2023.0,8.0,9.0,17.0,20.042349,20.410892,20.02448,20.689884,20.38581,21.13254,19.523489,19.795092,20.296625,21.10514,18.884321,18.887175,21.598955,22.38353,19.735218,19.841139,19.128668,19.268587,0.0,4.0,0.0,4.0,0.0,4.0,0.0,0.0
31788,2023.0,8.0,9.0,18.0,19.83177,20.165834,19.998888,20.602781,19.904285,20.184631,19.338165,19.567474,19.977354,20.49222,18.876644,18.881804,21.004362,21.218002,19.659624,19.761631,19.934578,20.866655,4.0,0.0,0.0,0.0,0.0,0.0,0.0,4.0
31789,2023.0,8.0,9.0,18.0,21.14785,22.485365,20.020151,20.660355,21.151474,22.478598,21.24887,22.939924,19.643145,19.830353,18.867083,18.872871,21.024557,21.390182,21.5178,23.042645,20.007133,20.823812,0.0,4.0,0.0,0.0,0.0,0.0,4.0,0.0
31790,2023.0,8.0,9.0,18.0,20.983664,22.04884,19.648464,19.932467,21.012276,22.099949,20.977448,22.194069,20.199179,20.968758,19.233524,19.571747,21.008635,21.367605,21.001837,21.935137,19.424376,19.657236,0.0,0.0,4.0,4.0,4.0,0.0,0.0,0.0
31791,2023.0,8.0,9.0,18.0,21.031178,22.092018,19.329659,19.445782,21.02882,22.047977,21.039612,22.224586,19.966463,20.418688,20.095757,21.017702,21.01022,21.376665,21.026873,21.917793,19.127972,19.260712,0.0,0.0,0.0,0.0,0.0,0.0,0.0,0.0
31792,2023.0,8.0,9.0,18.0,21.021406,22.015837,19.182524,19.263151,21.025097,21.979488,21.027521,22.118713,20.375332,21.169048,19.781803,20.254736,21.010275,21.380901,21.02224,21.85971,19.033419,19.153696,0.0,0.0,0.0,4.0,4.0,0.0,0.0,0.0
31793,2023.0,8.0,9.0,18.0,21.022495,21.972532,19.563591,20.03633,20.999727,21.862654,21.029024,22.059193,19.95291,20.33397,20.05684,20.804707,21.012005,21.38457,21.241627,22.200209,18.86363,18.863922,4.0,4.0,0.0,0.0,0.0,0.0,4.0,0.0
31794,2023.0,8.0,9.0,19.0,21.022295,21.936195,20.046627,20.79041,21.030731,21.915064,21.02911,22.010408,19.669779,19.80162,19.599451,19.850046,21.011509,21.38419,20.991589,21.712776,18.776392,18.774927,4.0,0.0,0.0,0.0,0.0,0.0,0.0,0.0
31795,2023.0,8.0,9.0,19.0,20.996912,21.83528,20.013113,20.687243,20.998806,21.802847,21.028719,21.97138,20.24802,20.977854,19.367126,19.530369,21.011877,21.385641,21.02648,21.768196,19.687286,20.544594,0.0,4.0,0.0,4.0,0.0,0.0,0.0,4.0
31796,2023.0,8.0,9.0,19.0,21.027424,21.90077,19.589521,19.831987,21.030504,21.866985,21.027733,21.938166,19.955328,20.329174,19.171022,19.192064,21.012016,21.387154,21.021822,21.742912,20.031893,20.923664,0.0,0.0,0.0,0.0,0.0,0.0,0.0,0.0
31797,2023.0,8.0,9.0,19.0,21.02085,21.835869,19.751364,20.258408,21.023968,21.831728,21.02745,21.911648,20.369167,21.103678,19.075178,19.081636,21.439228,22.187357,21.02253,21.729631,19.375938,19.574827,4.0,0.0,0.0,4.0,0.0,4.0,0.0,0.0
31798,2023.0,8.0,9.0,19.0,21.025236,21.862364,20.02332,20.664234,20.998102,21.739286,21.026806,21.888672,19.951834,20.282936,19.024954,19.028591,20.954502,21.24143,21.022377,21.716423,19.058397,19.154552,4.0,4.0,0.0,0.0,0.0,0.0,0.0,0.0
31799,2023.0,8.0,9.0,19.0,21.023314,21.809593,20.016144,20.631184,21.029842,21.810383,21.026506,21.869528,20.396233,21.132004,18.982027,18.98583,21.017607,21.386808,21.022497,21.706549,18.96938,19.057716,0.0,0.0,0.0,4.0,0.0,0.0,0.0,0.0
31800,2023.0,8.0,9.0,20.0,21.026716,21.808998,19.963268,20.47666,20.997084,21.708542,21.026117,21.852566,19.951666,20.261753,19.333195,19.68368,21.011692,21.385,21.331402,22.252735,18.832869,18.83732,4.0,4.0,0.0,0.0,4.0,0.0,4.0,0.0
31801,2023.0,8.0,9.0,20.0,21.022749,21.816462,20.008394,20.55731,21.029652,21.782831,21.025875,21.837431,19.668364,19.7492,20.097912,20.953293,21.013193,21.394472,21.402,22.280266,18.755754,18.759882,4.0,0.0,0.0,0.0,0.0,0.0,4.0,0.0
31802,2023.0,8.0,9.0,20.0,21.028849,21.782074,19.999743,20.52248,21.023335,21.75384,21.025751,21.823372,20.184395,20.827017,19.476265,19.64411,21.375513,22.070765,20.978544,21.544838,19.665586,20.530073,4.0,0.0,0.0,4.0,0.0,4.0,0.0,4.0
31803,2023.0,8.0,9.0,20.0,21.026854,21.76872,20.019981,20.56246,21.023668,21.737705,20.998447,21.73614,20.409817,21.075861,19.102295,19.117552,21.467974,22.134253,21.326195,22.201618,20.039532,20.9473,0.0,0.0,4.0,4.0,0.0,4.0,4.0,0.0
31804,2023.0,8.0,9.0,20.0,21.023014,21.778395,19.618492,19.77262,21.02217,21.72168,21.030575,21.813816,19.970806,20.289812,19.008162,19.017097,20.973276,21.256222,20.979536,21.535582,19.30383,19.436708,0.0,0.0,0.0,0.0,0.0,0.0,0.0,0.0
31805,2023.0,8.0,9.0,20.0,21.034359,21.754559,19.376911,19.454039,21.022022,21.709528,21.025871,21.789064,20.324064,20.9636,18.949549,18.956326,21.358736,22.009527,21.029833,21.646011,18.970507,19.018848,0.0,0.0,0.0,4.0,0.0,4.0,0.0,0.0
31806,2023.0,8.0,9.0,21.0,21.020903,21.747879,19.725006,20.168653,20.995333,21.625252,21.000095,21.702375,19.96195,20.256433,18.899767,18.906155,21.448107,22.078638,21.021845,21.632187,18.870161,18.907032,4.0,4.0,4.0,0.0,0.0,4.0,0.0,0.0
31807,2023.0,8.0,9.0,21.0,21.041185,21.74271,20.04291,20.659582,21.029816,21.705507,21.006435,21.707083,19.65747,19.698803,19.246511,19.599205,20.97793,21.245731,21.290438,22.104107,19.731752,20.590382,0.0,0.0,4.0,0.0,4.0,0.0,4.0,4.0
31808,2023.0,8.0,9.0,21.0,21.021069,21.723412,19.549463,19.654007,21.023544,21.679335,21.03203,21.770584,19.465271,19.46274,20.08922,20.975168,21.327385,21.929235,20.983633,21.521576,20.031248,20.888319,0.0,0.0,0.0,0.0,4.0,4.0,0.0,0.0
31809,2023.0,8.0,9.0,21.0,21.0212,21.71255,19.286007,19.311382,20.998299,21.594885,21.026344,21.743717,19.37296,19.361801,20.015461,20.74055,21.42212,22.015905,21.028812,21.617912,19.277054,19.346764,0.0,4.0,0.0,0.0,0.0,4.0,0.0,0.0
31810,2023.0,8.0,9.0,21.0,21.021173,21.699638,19.654997,20.063915,21.003954,21.599516,21.02682,21.72849,19.311308,19.303564,19.713531,20.064426,20.969324,21.21472,21.292063,22.080194,18.945105,18.949139,4.0,4.0,0.0,0.0,4.0,0.0,4.0,0.0
31811,2023.0,8.0,9.0,21.0,21.02139,21.687586,20.055115,20.687647,21.030464,21.666296,21.02658,21.713192,19.258593,19.250296,20.066282,20.740444,21.319162,21.89833,20.978554,21.490404,18.843662,18.836483,0.0,0.0,0.0,0.0,4.0,4.0,0.0,0.0
31812,2023.0,8.0,9.0,22.0,21.017054,21.676043,19.540337,19.632639,20.99781,21.568443,21.02275,21.700184,19.212711,19.204868,20.001833,20.566942,21.391584,21.948614,21.029108,21.59288,18.7849,18.781733,0.0,4.0,0.0,0.0,4.0,4.0,0.0,0.0
31813,2023.0,8.0,9.0,22.0,21.017782,21.672886,19.272596,19.28183,21.031088,21.64749,21.023033,21.69456,19.17261,19.16539,20.010426,20.55015,20.968325,21.205294,21.023108,21.579315,18.737473,18.735205,0.0,0.0,0.0,0.0,4.0,0.0,0.0,0.0
31814,2023.0,8.0,9.0,22.0,21.018047,21.66809,19.196098,19.194714,21.024107,21.621696,21.022985,21.687971,19.744034,20.27167,20.009272,20.521305,21.28886,21.825693,21.023968,21.576448,19.480396,20.17504,0.0,0.0,0.0,4.0,4.0,4.0,0.0,4.0
31815,2023.0,8.0,9.0,22.0,21.017458,21.661215,19.145098,19.137598,21.02438,21.60949,21.022503,21.680012,20.047832,20.634905,20.00896,20.500237,21.379766,21.9175,21.406937,22.275862,20.044949,20.916246,0.0,0.0,0.0,4.0,4.0,4.0,4.0,4.0
31816,2023.0,8.0,9.0,22.0,21.017025,21.655264,19.106195,19.095802,21.019115,21.596758,21.022116,21.672112,20.013407,20.517643,20.02452,20.527529,20.972868,21.19933,20.961725,21.409306,20.025803,20.814121,0.0,0.0,0.0,0.0,0.0,0.0,0.0,0.0
31817,2023.0,8.0,9.0,22.0,21.017572,21.65022,19.074553,19.062893,21.020262,21.594807,21.02242,21.665293,19.493631,19.471617,19.493156,19.489649,21.020826,21.315912,21.030695,21.55462,19.270578,19.28135,0.0,0.0,0.0,0.0,0.0,0.0,0.0,0.0
31818,2023.0,8.0,9.0,23.0,21.035872,21.679718,19.042725,19.026056,21.04095,21.630058,21.045685,21.703123,19.243965,19.173695,19.241877,19.21601,21.03239,21.348938,21.046377,21.583853,18.932362,18.879236,0.0,0.0,0.0,0.0,0.0,0.0,0.0,0.0
31819,2023.0,8.0,9.0,23.0,20.559362,20.752014,19.02044,19.005495,20.507818,20.593573,20.450098,20.544436,19.850721,20.389612,19.165636,19.148754,20.590666,20.500994,20.412237,20.355469,19.67463,20.368639,0.0,0.0,0.0,4.0,0.0,0.0,0.0,4.0
31820,2023.0,8.0,9.0,23.0,21.059076,21.803421,19.001318,18.98515,20.255444,20.235994,20.177423,20.165874,19.390205,19.374937,19.427624,19.693089,20.50988,20.462774,20.250904,20.210852,19.099401,19.107344,0.0,0.0,0.0,0.0,4.0,0.0,0.0,0.0
31821,2023.0,8.0,9.0,23.0,20.56899,20.78476,19.427946,19.799871,20.14254,20.111647,20.055483,20.033648,19.203394,19.126945,19.518074,19.816294,20.460323,20.42137,20.16382,20.131348,18.888739,18.833042,4.0,0.0,0.0,0.0,4.0,0.0,0.0,0.0
31822,2023.0,8.0,9.0,23.0,20.251251,20.290617,19.192215,19.266308,20.061357,20.029118,19.966532,19.943466,19.145811,19.06819,19.21379,19.235138,20.403475,20.363684,20.083143,20.05267,19.575245,20.186647,0.0,0.0,0.0,0.0,0.0,0.0,0.0,4.0
31823,2023.0,8.0,9.0,23.0,20.128176,20.148546,19.046694,19.03544,19.992636,19.95885,19.891544,19.866806,19.15231,19.12778,19.308132,19.474627,20.352156,20.310455,20.01107,19.978193,19.0357,19.018425,0.0,0.0,0.0,0.0,4.0,0.0,0.0,0.0
31824,2023.0,8.0,10.0,0.0,20.050049,20.069532,19.00787,18.988316,19.933811,19.89967,19.82771,19.802496,19.13083,19.104816,19.060925,18.995716,20.306574,20.263655,19.948715,19.914907,19.606812,20.210047,0.0,0.0,0.0,0.0,0.0,0.0,0.0,4.0
31825,2023.0,8.0,10.0,0.0,20.080156,20.192827,18.98094,18.95802,19.879496,19.842922,19.769188,19.741343,19.688206,20.175001,18.930746,18.83143,20.263668,20.21785,19.891674,19.855228,19.055098,19.027906,0.0,0.0,0.0,4.0,0.0,0.0,0.0,0.0
31826,2023.0,8.0,10.0,0.0,20.059088,20.18307,18.958017,18.931734,19.829771,19.790462,19.715862,19.685097,19.295689,19.306503,18.934582,18.896683,20.22374,20.174847,19.839794,19.800583,18.858316,18.776249,0.0,0.0,0.0,0.0,0.0,0.0,0.0,0.0
31827,2023.0,8.0,10.0,0.0,20.019058,20.138008,18.935349,18.904179,19.781366,19.736547,19.66395,19.627405,19.085136,18.976198,18.907114,18.869446,20.185009,20.131588,19.790848,19.747421,18.781378,18.690716,0.0,0.0,0.0,0.0,0.0,0.0,0.0,0.0
31828,2023.0,8.0,10.0,0.0,19.982922,20.098854,18.915924,18.88179,19.739813,19.692907,19.619326,19.580746,19.015987,18.898815,18.870672,18.830158,20.150232,20.094116,19.747421,19.701729,18.789494,18.76264,0.0,0.0,0.0,0.0,0.0,0.0,0.0,0.0
31829,2023.0,8.0,10.0,0.0,19.949692,20.063744,18.89873,18.862957,19.703384,19.656557,19.580187,19.541922,19.047585,19.008572,19.148222,19.37826,20.118343,20.060682,19.708073,19.661236,18.757996,18.72725,0.0,0.0,0.0,0.0,4.0,0.0,0.0,0.0
31830,2023.0,8.0,10.0,1.0,19.915495,20.024904,18.879377,18.838947,19.66487,19.613464,19.538942,19.49601,19.028732,18.984697,19.267593,19.544931,20.085377,20.023682,19.668758,19.61835,18.722952,18.688553,0.0,0.0,0.0,0.0,4.0,0.0,0.0,0.0
31831,2023.0,8.0,10.0,1.0,19.887196,19.995916,18.865322,18.82452,19.63451,19.584324,19.506502,19.464897,19.004766,18.96024,18.859453,18.734797,20.057293,19.995224,19.635002,19.58442,18.693691,18.658884,0.0,0.0,0.0,0.0,0.0,0.0,0.0,0.0
31832,2023.0,8.0,10.0,1.0,19.858423,19.9643,18.849907,18.806522,19.602514,19.549877,19.472431,19.428219,18.980423,18.933563,18.723564,18.570797,20.028484,19.963963,19.60129,19.548536,18.664783,18.627714,0.0,0.0,0.0,0.0,0.0,0.0,0.0,0.0
31833,2023.0,8.0,10.0,1.0,19.832462,19.936598,18.835901,18.791077,19.574131,19.52077,19.442175,19.397251,18.957977,18.909718,18.77403,18.728436,20.001919,19.93597,19.570429,19.516481,18.638912,18.600527,0.0,0.0,0.0,0.0,0.0,0.0,0.0,0.0
31834,2023.0,8.0,10.0,1.0,19.807852,19.910126,18.822107,18.775871,19.547369,19.49319,19.41359,19.367907,18.936642,18.886982,18.75031,18.697315,19.976522,19.909142,19.541313,19.486166,18.61492,18.575226,0.0,0.0,0.0,0.0,0.0,0.0,0.0,0.0
31835,2023.0,8.0,10.0,1.0,19.785542,19.887234,18.809801,18.763493,19.523783,19.470814,19.388401,19.344118,19.502037,19.966337,18.723333,18.67082,19.953384,19.885944,19.51481,19.45977,18.593498,18.553644,0.0,0.0,0.0,4.0,0.0,0.0,0.0,0.0
31836,2023.0,8.0,10.0,2.0,19.762741,19.862211,18.796257,18.74828,19.498972,19.444736,19.36196,19.316446,19.117273,19.109207,18.997591,19.206491,19.92955,19.860437,19.488047,19.431538,18.572073,18.530693,0.0,0.0,0.0,0.0,4.0,0.0,0.0,0.0
31837,2023.0,8.0,10.0,2.0,19.739855,19.835842,18.781599,18.730425,19.473576,19.416475,19.335068,19.286661,18.888287,18.735886,18.770983,18.71998,19.90533,19.833416,19.461323,19.402308,18.550783,18.5069,0.0,0.0,0.0,0.0,0.0,0.0,0.0,0.0
31838,2023.0,8.0,10.0,2.0,19.719372,19.813757,18.76838,18.715315,19.45096,19.39308,19.311277,19.262144,18.817585,18.659908,18.702232,18.644285,19.883165,19.810127,19.436913,19.377043,19.261877,19.861612,0.0,0.0,0.0,0.0,0.0,0.0,0.0,4.0
31839,2023.0,8.0,10.0,2.0,19.697767,19.78917,18.753986,18.697971,19.427404,19.367146,19.286705,19.235117,18.868544,18.80925,18.667463,18.606276,19.860085,19.784714,19.411842,19.349924,18.784958,18.79496,0.0,0.0,0.0,0.0,0.0,0.0,0.0,0.0
31840,2023.0,8.0,10.0,2.0,19.675253,19.76251,18.73793,18.677507,19.402534,19.338017,19.26101,19.20497,18.860914,18.799484,18.633684,18.567707,19.835985,19.757084,19.386093,19.321058,18.53043,18.384905,0.0,0.0,0.0,0.0,0.0,0.0,0.0,0.0
31841,2023.0,8.0,10.0,2.0,19.655174,19.740345,18.724419,18.662271,19.381441,19.31599,19.23925,19.182251,18.839066,18.776306,18.915724,19.119707,19.81423,19.733976,19.362526,19.296307,18.46048,18.313347,0.0,0.0,0.0,0.0,4.0,0.0,0.0,0.0
31842,2023.0,8.0,10.0,3.0,19.635149,19.718052,18.710281,18.645721,19.360014,19.2929,19.217129,19.158453,18.817467,18.753103,19.029675,19.270315,19.792217,19.710375,19.33901,19.271461,19.226826,19.808332,0.0,0.0,0.0,0.0,4.0,0.0,0.0,4.0
31843,2023.0,8.0,10.0,3.0,19.616142,19.697561,18.697378,18.631342,19.339724,19.271742,19.196331,19.136648,18.796455,18.731184,18.757887,18.729183,19.770933,19.68824,19.316208,19.247925,18.663073,18.563162,0.0,0.0,0.0,0.0,0.0,0.0,0.0,0.0
31844,2023.0,8.0,10.0,3.0,19.596745,19.675741,18.683985,18.615541,19.31867,19.248384,19.175003,19.112764,18.774906,18.707596,18.63991,18.566473,19.748987,19.664362,19.292854,19.222795,18.465443,18.302885,0.0,0.0,0.0,0.0,0.0,0.0,0.0,0.0
31845,2023.0,8.0,10.0,3.0,19.579092,19.656998,18.671883,18.602419,19.299742,19.22888,19.155764,19.092829,18.755043,18.687017,18.600428,18.526243,19.728563,19.643284,19.271006,19.200369,18.40744,18.246,0.0,0.0,0.0,0.0,0.0,0.0,0.0,0.0
31846,2023.0,8.0,10.0,3.0,19.561543,19.63819,18.659655,18.589228,19.281103,19.20965,19.136631,19.073078,18.735533,18.666803,18.565916,18.491005,19.708382,19.62246,19.24944,19.178234,18.463,18.404526,0.0,0.0,0.0,0.0,0.0,0.0,0.0,0.0
31847,2023.0,8.0,10.0,3.0,19.544237,19.61962,18.647356,18.575987,19.262777,19.190699,19.117693,19.053543,18.716381,18.64696,18.535105,18.45943,19.688463,19.601906,19.228182,19.156414,18.451914,18.393223,0.0,0.0,0.0,0.0,0.0,0.0,0.0,0.0
31848,2023.0,8.0,10.0,4.0,19.542719,19.632603,18.636166,18.565182,19.24612,19.175018,19.100468,19.037376,18.69856,18.629652,18.800613,18.97992,19.669832,19.583836,19.208115,19.136904,19.16211,19.74817,0.0,0.0,0.0,0.0,4.0,0.0,0.0,4.0
31849,2023.0,8.0,10.0,4.0,19.53183,19.623072,18.6246,18.553556,19.228855,19.157885,19.08281,19.019764,19.26455,19.709091,18.609413,18.565275,19.650835,19.564848,19.187681,19.116478,19.318857,19.857351,0.0,0.0,0.0,4.0,0.0,0.0,0.0,4.0
31850,2023.0,8.0,10.0,4.0,19.518236,19.609184,18.613659,18.542772,19.212257,19.141651,19.066296,19.00335,18.891745,18.874996,18.515757,18.441969,19.63247,19.546692,19.167845,19.096832,18.645563,18.51713,0.0,0.0,0.0,0.0,0.0,0.0,0.0,0.0
31851,2023.0,8.0,10.0,4.0,19.503958,19.593943,18.601805,18.53013,19.194614,19.1231,19.048897,18.984781,18.753628,18.683329,18.481283,18.405083,19.613546,19.527065,19.147465,19.075777,18.450583,18.276352,0.0,0.0,0.0,0.0,0.0,0.0,0.0,0.0
31852,2023.0,8.0,10.0,4.0,19.490295,19.579985,18.590818,18.519365,19.17836,19.107208,19.03268,18.968798,18.718754,18.648693,18.452606,18.376703,19.595932,19.509712,19.128294,19.05684,18.382769,18.212778,0.0,0.0,0.0,0.0,0.0,0.0,0.0,0.0
31853,2023.0,8.0,10.0,4.0,19.476847,19.566666,18.580818,18.510656,19.163607,19.09414,19.01776,18.955551,18.691534,18.623495,18.428888,18.355093,19.57972,19.49476,19.110458,19.040203,19.158741,19.734158,0.0,0.0,0.0,0.0,0.0,0.0,0.0,4.0
31854,2023.0,8.0,10.0,5.0,19.46236,19.551723,18.5696,18.499722,19.147493,19.07838,19.001451,18.939568,18.666563,18.598497,18.404852,18.331234,19.562801,19.478123,19.091873,19.02187,18.585747,18.474194,0.0,0.0,0.0,0.0,0.0,0.0,0.0,0.0
31855,2023.0,8.0,10.0,5.0,19.447548,19.536196,18.558067,18.488241,19.131174,19.062084,18.985077,18.92314,19.227797,19.673193,18.381998,18.308224,19.545822,19.46104,19.073229,19.003159,18.390219,18.224012,0.0,0.0,0.0,4.0,0.0,0.0,0.0,0.0
31856,2023.0,8.0,10.0,5.0,19.432238,19.519608,18.54543,18.474628,19.113623,19.043344,18.967388,18.904236,19.308237,19.670275,18.358917,18.283709,19.528193,19.44251,19.053951,18.983065,18.325119,18.155226,0.0,0.0,0.0,4.0,0.0,0.0,0.0,0.0
31857,2023.0,8.0,10.0,5.0,20.084875,20.75538,18.534866,18.465141,19.098623,19.0297,18.952126,18.890392,18.764034,18.602026,18.339628,18.265871,19.512486,19.427668,19.036472,18.966457,18.375439,18.30685,0.0,0.0,0.0,0.0,0.0,0.0,0.0,0.0
31858,2023.0,8.0,10.0,5.0,19.671486,19.834557,18.523277,18.453667,19.759956,20.286827,18.935587,18.87413,18.597488,18.403372,18.31993,18.246338,19.496365,19.411644,19.018475,18.948608,18.37235,18.312937,0.0,4.0,0.0,0.0,0.0,0.0,0.0,0.0
31859,2023.0,8.0,10.0,5.0,19.361698,19.300882,18.511463,18.441908,19.374777,19.413418,18.918926,18.85761,18.53714,18.346441,18.301285,18.227734,19.48109,19.39639,19.001162,18.93136,19.082035,19.667906,0.0,0.0,0.0,0.0,0.0,0.0,0.0,4.0
31860,2023.0,8.0,10.0,6.0,19.255798,19.162836,18.499142,18.429287,19.014727,18.783127,18.901972,18.840212,18.600428,18.52259,18.59346,18.790472,19.466671,19.381706,18.984898,18.914856,19.241896,19.783894,0.0,0.0,0.0,0.0,4.0,0.0,0.0,4.0
31861,2023.0,8.0,10.0,6.0,21.226698,22.724442,18.490942,18.424845,21.233398,22.777176,21.2321,22.992355,18.604794,18.537611,20.206137,21.567808,21.227253,22.430994,21.344503,22.983646,20.222853,21.482933,0.0,0.0,0.0,0.0,0.0,4.0,0.0,0.0
31862,2023.0,8.0,10.0,6.0,20.9807,22.030132,18.484198,18.421759,20.978508,22.045214,21.003674,22.277636,18.592787,18.52938,19.199669,19.370808,21.01304,21.933264,20.999872,22.166962,19.035175,18.997627,0.0,4.0,0.0,0.0,0.0,0.0,0.0,0.0
31863,2023.0,8.0,10.0,6.0,21.04365,22.052713,18.478163,18.419424,21.04907,22.064594,21.037455,22.18594,19.193344,19.673624,18.646862,18.592522,21.034893,21.849092,21.035772,22.094654,18.561205,18.415348,0.0,0.0,0.0,4.0,0.0,0.0,0.0,0.0
31864,2023.0,8.0,10.0,6.0,21.032091,21.94455,18.472822,18.417885,21.010832,21.871964,21.032495,22.070765,20.081732,21.028366,18.851933,19.047506,21.03059,21.747616,21.02983,21.981207,19.393118,20.09238,0.0,4.0,0.0,4.0,4.0,0.0,0.0,4.0
31865,2023.0,8.0,10.0,6.0,21.031868,21.884184,18.468307,18.417032,21.016174,21.820469,21.006756,21.926304,20.29475,21.335447,20.166166,21.29386,20.999002,21.597538,21.031528,21.86201,20.299084,21.500393,0.0,4.0,4.0,0.0,0.0,4.0,4.0,0.0
31866,2023.0,8.0,10.0,7.0,21.023243,21.838444,18.464838,18.416973,21.014336,21.773794,21.010897,21.887754,19.24435,19.178268,19.305565,19.44316,21.03322,21.641533,21.039688,21.864319,19.843239,20.418713,0.0,4.0,4.0,0.0,0.0,0.0,0.0,4.0
31867,2023.0,8.0,10.0,7.0,20.993896,21.738804,18.465582,18.42543,21.012388,21.739605,21.043114,21.923883,18.89001,18.750843,18.835293,18.791279,21.024534,21.583797,21.030289,21.79554,20.036531,20.7673,0.0,4.0,0.0,0.0,0.0,0.0,0.0,4.0
31868,2023.0,8.0,10.0,7.0,21.014513,21.759417,18.468124,18.436392,21.025661,21.740698,21.032043,21.827066,18.90861,18.865694,18.758522,18.7152,21.05236,21.60172,21.065947,21.819424,20.017836,20.655268,0.0,4.0,4.0,0.0,0.0,0.0,0.0,4.0
31869,2023.0,8.0,10.0,7.0,21.004454,21.725323,18.93515,19.319187,21.00875,21.692322,21.011606,21.774694,18.90268,18.866493,18.72481,18.686867,21.014307,21.511631,21.019281,21.705923,20.030298,20.679445,4.0,4.0,4.0,0.0,0.0,0.0,0.0,0.0
31870,2023.0,8.0,10.0,7.0,21.005514,21.718868,20.131575,21.281137,21.009972,21.682812,21.038536,21.8324,19.644836,20.28858,19.09388,19.405182,21.018215,21.504488,21.25372,22.096104,19.354656,19.333735,4.0,4.0,0.0,4.0,4.0,0.0,4.0,0.0
31871,2023.0,8.0,10.0,7.0,21.003824,21.710041,20.016201,20.907526,21.008673,21.670866,21.031683,21.800388,20.011496,20.686224,20.107779,21.062231,21.016745,21.486702,21.231941,21.952854,19.044605,18.965336,0.0,4.0,0.0,4.0,4.0,0.0,4.0,0.0
31872,2023.0,8.0,10.0,8.0,21.030767,21.779,19.25893,19.343512,21.0078,21.661716,21.005466,21.712736,19.997766,20.568521,20.014297,20.749058,21.016235,21.470999,21.254225,21.989918,18.965757,18.89798,0.0,4.0,4.0,4.0,0.0,0.0,4.0,0.0
31873,2023.0,8.0,10.0,8.0,20.960577,21.60092,19.293633,19.632507,20.831497,21.317202,20.261002,20.309502,20.024677,20.581514,19.717134,20.052578,20.580433,20.615938,20.456358,20.460659,19.84084,20.59966,4.0,4.0,0.0,0.0,4.0,0.0,0.0,4.0
31874,2023.0,8.0,10.0,8.0,20.36253,20.507486,20.0916,20.965584,20.767336,21.259077,20.488123,20.996244,20.150707,20.728235,20.058832,20.692638,20.360601,20.325209,20.07833,19.997448,20.015938,20.680248,4.0,4.0,4.0,4.0,4.0,0.0,0.0,0.0
31875,2023.0,8.0,10.0,8.0,20.092299,20.200735,20.015654,20.747217,20.225502,20.267578,20.050457,20.094296,19.997688,20.41858,20.013474,20.549452,20.291874,20.251356,19.966677,19.893673,19.419867,19.461603,0.0,0.0,0.0,0.0,0.0,0.0,0.0,0.0
31876,2023.0,8.0,10.0,8.0,20.673056,21.384949,19.42707,19.558409,19.943594,19.931038,19.775469,19.776749,20.258726,20.859526,19.578857,19.657072,20.253904,20.214148,19.90964,19.850882,19.173811,19.163143,0.0,0.0,0.0,4.0,0.0,0.0,0.0,0.0
31877,2023.0,8.0,10.0,8.0,20.796398,21.506489,19.620249,20.030615,19.863838,19.863075,19.702291,19.7166,19.978952,20.322554,19.405367,19.380766,20.23685,20.197315,20.834208,21.631882,19.135067,19.128662,4.0,0.0,0.0,0.0,0.0,0.0,4.0,0.0
31878,2023.0,8.0,10.0,9.0,20.84667,21.567049,20.038818,20.714005,20.4341,21.00215,20.300499,20.910376,19.658245,19.687012,19.718935,20.016855,20.986727,21.635584,20.344448,20.42777,19.092808,19.069447,4.0,4.0,4.0,0.0,4.0,4.0,0.0,0.0
31879,2023.0,8.0,10.0,9.0,20.330648,20.569336,20.017963,20.652153,20.637533,21.229843,19.951328,20.090113,19.524576,19.523945,20.031498,20.491161,20.60673,20.696434,21.040144,21.913141,19.06717,19.040274,0.0,4.0,0.0,0.0,0.0,0.0,4.0,0.0
31880,2023.0,8.0,10.0,9.0,20.100338,20.30659,19.561258,19.746496,20.68417,21.286852,19.693596,19.776102,19.506725,19.511993,20.04133,20.424484,20.365005,20.345995,20.4809,20.595686,19.055864,19.027182,0.0,4.0,0.0,0.0,4.0,0.0,0.0,0.0
31881,2023.0,8.0,10.0,9.0,20.047235,20.264988,19.381485,19.506435,20.194593,20.352198,19.641544,19.73266,19.46793,19.435287,20.00703,20.336946,20.34587,20.325346,20.232592,20.223585,19.947626,20.71139,0.0,0.0,0.0,0.0,0.0,0.0,0.0,4.0
31882,2023.0,8.0,10.0,9.0,20.632322,21.406332,19.245804,19.314398,20.55862,21.193459,19.55326,19.605347,20.145872,20.726603,19.778221,19.85661,21.085066,21.72702,20.153439,20.144447,19.994091,20.560053,0.0,4.0,0.0,4.0,0.0,4.0,0.0,0.0
31883,2023.0,8.0,10.0,9.0,20.266716,20.545074,19.155508,19.213625,20.731047,21.375748,19.490356,19.538357,19.970205,20.230614,19.684212,19.723497,21.420015,22.142427,20.122993,20.120861,19.55005,19.633835,0.0,4.0,0.0,0.0,0.0,4.0,0.0,0.0
31884,2023.0,8.0,10.0,10.0,20.07742,20.337955,19.10591,19.169073,20.77556,21.429123,20.113516,20.74792,20.482252,21.153006,19.613554,19.577774,21.545025,22.2726,21.050558,21.887,20.294245,21.126247,0.0,4.0,4.0,4.0,0.0,4.0,4.0,4.0
31885,2023.0,8.0,10.0,10.0,20.650366,21.448587,19.075212,19.142683,20.81617,21.479519,20.335932,21.030216,19.998117,20.212011,19.593967,19.541279,20.926706,21.020565,20.525965,20.697775,19.961061,20.413733,0.0,4.0,4.0,0.0,0.0,0.0,0.0,0.0
31886,2023.0,8.0,10.0,10.0,20.322773,20.659279,19.046225,19.120451,20.333294,20.55333,20.422152,21.118935,19.85056,19.910387,19.952145,20.204742,20.70731,20.717768,21.226143,22.141827,19.648798,19.752787,0.0,0.0,4.0,0.0,4.0,0.0,4.0,0.0
31887,2023.0,8.0,10.0,10.0,20.1685,20.455618,19.027098,19.10695,20.141342,20.298506,20.491701,21.197596,20.502495,21.139568,20.002573,20.223295,20.695248,20.704746,20.637873,20.837942,19.56704,19.625004,0.0,0.0,4.0,4.0,0.0,0.0,0.0,0.0
31888,2023.0,8.0,10.0,10.0,20.730879,21.559694,19.449373,19.921259,20.688723,21.399885,20.01649,20.260534,20.17547,20.304737,19.818577,19.810646,20.702602,20.719595,20.312916,20.36125,19.565136,19.6297,4.0,4.0,0.0,0.0,0.0,0.0,0.0,0.0
31889,2023.0,8.0,10.0,10.0,20.896793,21.755852,20.079897,20.968178,20.291075,20.550354,20.477446,21.220068,20.046003,20.106289,19.761858,19.7082,21.44595,22.115368,20.279913,20.316896,19.47514,19.44113,0.0,0.0,4.0,0.0,0.0,4.0,0.0,0.0
31890,2023.0,8.0,10.0,11.0,20.425121,20.80611,19.517292,19.762697,20.636047,21.333271,20.129343,20.416513,20.723316,21.390802,19.76822,19.712704,21.078417,21.212067,21.277565,22.201199,19.441061,19.401508,0.0,4.0,0.0,4.0,0.0,0.0,4.0,0.0
31891,2023.0,8.0,10.0,11.0,20.262207,20.586636,19.691092,20.172628,20.27132,20.553177,20.498753,21.19666,20.332565,20.505436,19.785606,19.730213,21.663391,22.361162,20.669987,20.836094,19.442842,19.402945,4.0,0.0,4.0,0.0,0.0,4.0,0.0,0.0
31892,2023.0,8.0,10.0,11.0,20.217268,20.547316,20.025337,20.720688,20.113598,20.333042,20.11055,20.391426,20.175306,20.251001,19.805948,19.752586,21.170393,21.29845,20.462496,20.51258,19.448572,19.40983,4.0,0.0,0.0,0.0,0.0,0.0,0.0,0.0
31893,2023.0,8.0,10.0,11.0,20.18641,20.525095,20.011456,20.66277,20.069082,20.298615,19.909771,20.151371,20.162691,20.245163,19.828062,19.776577,21.706726,22.41626,20.431936,20.490114,20.322449,21.056545,0.0,0.0,0.0,0.0,0.0,4.0,0.0,4.0
31894,2023.0,8.0,10.0,11.0,20.0604,20.301704,20.062605,20.702818,19.917492,20.03107,19.863035,20.108082,20.04097,20.003292,19.851093,19.802322,21.972569,22.727877,20.424646,20.489311,19.969164,20.211056,4.0,0.0,0.0,0.0,0.0,4.0,0.0,0.0
31895,2023.0,8.0,10.0,11.0,20.651197,21.462637,20.004154,20.58711,19.831709,19.929953,20.309378,20.954456,19.992573,19.948376,19.874165,19.828857,21.376825,21.522297,20.319056,20.284721,20.72257,21.614328,0.0,0.0,4.0,0.0,0.0,0.0,0.0,4.0
31896,2023.0,8.0,10.0,12.0,20.963392,21.859957,20.112768,20.757826,19.791426,19.891178,20.609623,21.381184,19.98449,19.942942,19.897207,19.855356,21.88524,22.603157,21.245857,22.07191,20.235168,20.44766,4.0,0.0,4.0,0.0,0.0,4.0,4.0,0.0
31897,2023.0,8.0,10.0,12.0,21.022614,21.92518,19.994497,20.536648,21.156239,22.343489,21.046967,22.08384,20.693445,21.28677,19.918516,19.881428,21.403307,21.577868,20.979733,21.461517,20.0415,20.16148,0.0,0.0,4.0,4.0,0.0,0.0,0.0,0.0
31898,2023.0,8.0,10.0,12.0,21.014355,21.857012,19.802084,20.161972,21.002996,21.901424,20.99445,21.8989,20.503633,20.702734,19.941092,19.907919,21.911757,22.652416,21.013767,21.471806,20.881966,21.777061,0.0,0.0,4.0,0.0,0.0,4.0,0.0,4.0
31899,2023.0,8.0,10.0,12.0,21.169434,22.0846,19.54353,19.723415,21.02302,21.858244,21.000092,21.85646,20.343012,20.481407,19.963129,19.934454,22.163729,22.943401,21.008045,21.421242,20.406132,20.620468,0.0,0.0,4.0,0.0,0.0,4.0,0.0,0.0
31900,2023.0,8.0,10.0,12.0,20.991222,21.732615,19.420782,19.571335,21.019718,21.795937,21.024258,21.88676,20.340904,20.483198,19.984945,19.961056,21.55889,21.72816,21.720697,22.722446,20.14929,20.290817,0.0,0.0,0.0,0.0,0.0,0.0,4.0,0.0
31901,2023.0,8.0,10.0,12.0,21.016674,21.769997,19.37258,19.521603,21.018423,21.754192,21.016844,21.83777,20.18567,20.166977,20.008425,19.991884,21.342474,21.444563,21.981941,22.97858,20.119646,20.263916,0.0,0.0,0.0,0.0,0.0,0.0,4.0,0.0
31902,2023.0,8.0,10.0,13.0,21.011292,21.746704,19.772163,20.299221,21.01925,21.726479,21.065756,21.87278,20.86199,21.486893,20.39995,20.71228,22.05134,22.817806,21.20267,21.410225,19.964628,19.965519,4.0,0.0,4.0,4.0,4.0,4.0,0.0,0.0
31903,2023.0,8.0,10.0,13.0,21.177357,22.015505,20.009039,20.605011,21.018465,21.702309,21.01212,21.776707,20.663025,20.90057,20.265072,20.328636,21.632776,21.840866,21.866428,22.848303,19.893742,19.882208,4.0,0.0,0.0,0.0,0.0,0.0,4.0,0.0
31904,2023.0,8.0,10.0,13.0,20.986921,21.656214,20.170906,20.878426,21.07461,21.761536,21.108078,21.916697,20.504827,20.68053,20.509287,20.827454,21.408894,21.535639,21.29815,21.52568,19.873634,19.864088,4.0,4.0,4.0,0.0,4.0,0.0,0.0,0.0
31905,2023.0,8.0,10.0,13.0,21.300577,22.23664,19.987684,20.507841,21.01129,21.653326,21.162214,21.978388,20.496532,20.671865,20.720427,21.105352,22.112015,22.893524,20.99608,21.155436,19.863373,19.856384,0.0,0.0,4.0,0.0,4.0,4.0,0.0,0.0
31906,2023.0,8.0,10.0,13.0,20.977625,21.604328,20.217901,20.921967,21.013306,21.658297,21.196209,22.015507,20.341482,20.356716,20.627645,20.88662,22.359013,23.17099,21.903025,22.892735,19.858004,19.853643,4.0,0.0,4.0,0.0,0.0,4.0,4.0,0.0
31907,2023.0,8.0,10.0,13.0,21.017916,21.691847,19.956985,20.40296,21.012068,21.651785,21.22951,22.053648,20.268639,20.262146,20.59533,20.830513,22.43867,23.25238,22.22218,23.22344,19.856419,19.854652,0.0,0.0,4.0,0.0,0.0,4.0,4.0,0.0
31908,2023.0,8.0,10.0,14.0,21.008215,21.673004,19.896233,20.302094,21.115036,21.804214,20.987808,21.633207,20.25677,20.251484,20.617905,20.85548,21.841307,22.060987,21.449444,21.677755,19.857754,19.85848,0.0,4.0,0.0,0.0,0.0,0.0,0.0,0.0
31909,2023.0,8.0,10.0,14.0,21.23378,22.065464,20.051058,20.582985,21.291069,22.10944,21.195274,22.014908,20.938566,21.542116,20.8195,21.188225,21.615143,21.761896,21.145428,21.293934,19.861708,19.865467,4.0,4.0,4.0,4.0,4.0,0.0,0.0,0.0
31910,2023.0,8.0,10.0,14.0,21.433638,22.393175,20.128946,20.68383,21.363506,22.195677,21.272362,22.110237,20.69833,20.956255,20.553823,20.627474,21.581573,21.729435,21.093702,21.240377,19.867903,19.874983,4.0,4.0,4.0,0.0,0.0,0.0,0.0,0.0
31911,2023.0,8.0,10.0,14.0,20.950296,21.426485,20.354286,21.096571,21.407604,22.243628,21.312983,22.15485,20.627882,20.8422,20.452868,20.467604,21.568697,21.724678,21.07203,21.226135,19.875349,19.885794,4.0,4.0,4.0,0.0,0.0,0.0,0.0,0.0
31912,2023.0,8.0,10.0,14.0,21.384743,22.322662,20.118635,20.594027,21.447578,22.286732,21.34982,22.195084,20.639196,20.858511,20.4414,20.456322,21.413809,21.430248,21.059536,21.221613,20.73075,21.497389,0.0,4.0,4.0,0.0,0.0,0.0,0.0,4.0
31913,2023.0,8.0,10.0,14.0,20.973383,21.459547,20.031157,20.464283,20.967466,21.361296,20.864323,21.262194,20.463234,20.497112,20.439936,20.458797,21.350315,21.34459,20.89257,20.90208,20.38294,20.66103,0.0,0.0,0.0,0.0,0.0,0.0,0.0,0.0
31914,2023.0,8.0,10.0,15.0,20.841213,21.29248,20.395327,21.153807,20.814833,21.17132,20.708498,21.068916,20.41079,20.42609,20.83107,21.197365,21.32673,21.32446,20.835577,20.834686,20.295681,20.524807,4.0,0.0,0.0,0.0,4.0,0.0,0.0,0.0
31915,2023.0,8.0,10.0,15.0,20.800156,21.254465,20.514973,21.293034,20.758957,21.119112,20.650421,21.01463,20.399601,20.417347,20.598738,20.678944,21.307264,21.308691,20.809132,20.811295,20.301428,20.53345,4.0,0.0,0.0,0.0,0.0,0.0,0.0,0.0
31916,2023.0,8.0,10.0,15.0,20.604881,20.894947,20.231,20.71097,21.273207,22.116442,20.611057,20.980053,20.393377,20.414217,20.516666,20.551273,21.29091,21.296404,20.788502,20.794176,20.116753,20.157751,0.0,4.0,0.0,0.0,0.0,0.0,0.0,0.0
31917,2023.0,8.0,10.0,15.0,20.52585,20.800508,20.509356,21.263796,20.896326,21.30917,20.39379,20.57799,20.390202,20.414211,20.506474,20.54102,21.27681,21.286257,20.77202,20.781013,20.066065,20.093275,4.0,0.0,0.0,0.0,0.0,0.0,0.0,0.0
31918,2023.0,8.0,10.0,15.0,21.130842,21.973003,20.284977,20.775417,20.772154,21.144371,20.939362,21.665583,20.38878,20.416054,20.503777,20.54169,21.264965,21.27839,20.759174,20.771597,20.053888,20.083416,0.0,0.0,4.0,0.0,0.0,0.0,0.0,0.0
31919,2023.0,8.0,10.0,15.0,20.875381,21.38758,20.558506,21.31699,21.287495,22.139431,21.225906,22.103962,20.388927,20.419554,20.504549,20.546207,21.25464,21.271942,20.74863,20.764334,20.04743,20.079676,4.0,4.0,4.0,0.0,0.0,0.0,0.0,0.0
31920,2023.0,8.0,10.0,16.0,20.798416,21.28237,20.675657,21.460955,21.434757,22.30731,20.794067,21.220497,20.390589,20.424644,20.507122,20.552923,21.245934,21.267117,20.7402,20.759247,20.045284,20.080557,4.0,4.0,0.0,0.0,0.0,0.0,0.0,0.0
31921,2023.0,8.0,10.0,16.0,21.35369,22.332159,20.399149,20.900167,21.001163,21.43903,20.6689,21.052917,20.39188,20.42802,20.509375,20.557602,22.006405,22.717672,20.732996,20.754374,20.88406,21.667545,0.0,0.0,0.0,0.0,0.0,4.0,0.0,4.0
31922,2023.0,8.0,10.0,16.0,21.53384,22.54064,20.647863,21.398106,21.386747,22.22752,20.629782,21.011639,21.080906,21.728214,20.51168,20.562353,21.6777,21.971228,20.726948,20.75047,20.551085,20.872927,4.0,4.0,0.0,4.0,0.0,0.0,0.0,0.0
31923,2023.0,8.0,10.0,16.0,21.614475,22.61469,20.761082,21.540243,21.01447,21.441093,20.98914,21.681025,20.673273,20.810026,20.513765,20.567078,21.566875,21.79283,20.721764,20.747526,20.447588,20.708448,4.0,0.0,4.0,0.0,0.0,0.0,0.0,0.0
31924,2023.0,8.0,10.0,16.0,21.681602,22.676434,20.478884,20.971994,21.405508,22.23779,20.746532,21.168253,20.70138,20.929552,20.51583,20.571827,22.276093,23.140568,20.71737,20.745447,20.444672,20.705034,0.0,4.0,0.0,0.0,0.0,4.0,0.0,0.0
31925,2023.0,8.0,10.0,16.0,21.73946,22.730104,20.379534,20.826977,21.042795,21.46738,20.651455,21.03301,20.765116,21.037466,20.517675,20.576628,21.852377,22.21085,20.713316,20.743805,20.25432,20.3224,0.0,0.0,0.0,0.0,0.0,0.0,0.0,0.0
31926,2023.0,8.0,10.0,17.0,21.791418,22.77821,20.137573,20.363714,21.450087,22.29517,20.626886,21.007236,21.309301,22.027636,20.51862,20.580967,21.673124,21.907267,20.709633,20.742674,20.192486,20.238186,0.0,4.0,0.0,4.0,0.0,0.0,0.0,0.0
31927,2023.0,8.0,10.0,17.0,21.83341,22.810785,20.030962,20.219994,21.5756,22.431616,20.415545,20.600176,20.987303,21.311523,20.515507,20.578667,21.633842,21.85595,20.70404,20.737734,20.171375,20.216684,0.0,4.0,0.0,0.0,0.0,0.0,0.0,0.0
31928,2023.0,8.0,10.0,17.0,21.870602,22.83838,19.985153,20.169682,21.62573,22.471104,20.963366,21.679977,20.88733,21.155014,20.510077,20.573978,21.45289,21.513226,20.698225,20.732603,20.998808,21.795092,0.0,4.0,4.0,0.0,0.0,0.0,0.0,4.0
31929,2023.0,8.0,10.0,17.0,21.358013,21.840069,20.378757,20.93503,21.154776,21.545557,21.253937,22.113337,20.870344,21.13055,20.503065,20.567772,21.37846,21.411425,20.69246,20.72751,20.66655,21.014336,4.0,0.0,4.0,0.0,0.0,0.0,0.0,0.0
31930,2023.0,8.0,10.0,17.0,21.767645,22.697483,20.481966,21.039585,21.004585,21.34776,21.342335,22.1929,20.68115,20.758202,20.49562,20.561266,22.119095,22.84388,20.686779,20.722694,20.531061,20.786982,4.0,0.0,4.0,0.0,0.0,4.0,0.0,0.0
31931,2023.0,8.0,10.0,17.0,21.339314,21.808865,20.694807,21.421629,21.491453,22.299707,21.406,22.247078,20.60486,20.652536,20.488253,20.554222,21.77299,22.077576,20.680607,20.717136,20.501469,20.744812,4.0,4.0,4.0,0.0,0.0,0.0,0.0,0.0
31932,2023.0,8.0,10.0,18.0,21.18948,21.610575,20.786526,21.520329,21.620594,22.44161,21.457884,22.290424,20.577635,20.624056,20.481285,20.547085,21.617313,21.82011,20.674425,20.711327,20.302515,20.35455,4.0,4.0,4.0,0.0,0.0,0.0,0.0,0.0
31933,2023.0,8.0,10.0,18.0,21.705332,22.61609,20.497726,20.934162,21.669588,22.477766,21.498253,22.31842,20.557798,20.60475,20.845322,21.233774,22.30408,23.14326,21.053719,21.375977,20.254498,20.300726,0.0,4.0,4.0,0.0,4.0,4.0,0.0,0.0
31934,2023.0,8.0,10.0,18.0,21.901693,22.824158,20.358788,20.743795,21.715061,22.512644,20.98534,21.412004,20.53839,20.584846,20.677763,20.809828,21.895355,22.186014,21.000753,21.254194,20.22581,20.270391,0.0,4.0,0.0,0.0,0.0,0.0,0.0,0.0
31935,2023.0,8.0,10.0,18.0,21.951822,22.863684,20.671352,21.33896,21.751938,22.539022,21.359745,22.136,21.197222,21.840748,20.53721,20.60767,21.651836,21.847157,21.005936,21.244522,21.051058,21.848928,4.0,4.0,4.0,4.0,0.0,0.0,0.0,4.0
31936,2023.0,8.0,10.0,18.0,21.459787,21.90119,20.49505,20.898798,21.78329,22.560446,21.53084,22.322578,21.027287,21.331722,20.505327,20.566973,22.311666,23.13485,21.005331,21.228981,20.768808,21.069622,0.0,4.0,4.0,0.0,0.0,4.0,0.0,0.0
31937,2023.0,8.0,10.0,18.0,21.792341,22.664156,20.706533,21.353992,21.318302,21.661066,21.080107,21.432499,21.51534,22.317263,20.488157,20.54815,21.906723,22.187975,21.846355,22.798668,20.55748,20.776772,4.0,0.0,0.0,4.0,0.0,0.0,4.0,0.0
31938,2023.0,8.0,10.0,19.0,21.387743,21.815176,20.485954,20.874239,21.133736,21.407537,21.435802,22.178646,21.109272,21.419592,20.475098,20.533968,21.70406,21.87126,21.300873,21.577097,20.516697,20.719435,0.0,0.0,4.0,0.0,0.0,0.0,0.0,0.0
31939,2023.0,8.0,10.0,19.0,21.800297,22.660679,20.72848,21.355835,21.612772,22.354034,21.554655,22.317902,21.59653,22.385355,20.828938,21.207901,21.635809,21.785732,21.093683,21.255968,20.49297,20.684566,4.0,4.0,4.0,4.0,4.0,0.0,0.0,0.0
31940,2023.0,8.0,10.0,19.0,21.376856,21.772308,20.827402,21.469929,21.217026,21.518965,21.07623,21.381533,21.15167,21.424952,20.615469,20.739117,22.2548,22.9855,21.038063,21.18512,20.340971,20.39222,4.0,0.0,0.0,0.0,0.0,4.0,0.0,0.0
31941,2023.0,8.0,10.0,19.0,21.801857,22.645605,20.513725,20.843227,21.048302,21.279459,21.452515,22.168688,20.958824,21.128302,20.49534,20.548603,22.416409,23.184372,20.997217,21.136768,20.282486,20.318674,0.0,0.0,4.0,0.0,0.0,4.0,0.0,0.0
31942,2023.0,8.0,10.0,19.0,21.417854,21.781275,20.367367,20.6499,21.53604,22.244093,21.089369,21.36359,20.887241,21.041994,20.827305,21.19854,21.844824,22.04458,21.006147,21.165768,20.251476,20.286434,0.0,4.0,0.0,0.0,4.0,0.0,0.0,0.0
31943,2023.0,8.0,10.0,19.0,21.782694,22.60257,20.19257,20.332104,21.704668,22.403454,21.012074,21.353918,20.730984,20.769335,20.652643,20.777193,21.590677,21.703085,21.005339,21.172035,20.223179,20.256004,0.0,4.0,0.0,0.0,0.0,0.0,0.0,0.0
31944,2023.0,8.0,10.0,20.0,21.940731,22.752293,20.523304,21.009502,21.212118,21.438185,21.006582,21.359404,20.649263,20.677048,20.608643,20.782885,21.508932,21.605364,21.004852,21.17701,20.197731,20.229197,4.0,0.0,0.0,0.0,0.0,0.0,0.0,0.0
31945,2023.0,8.0,10.0,20.0,21.432987,21.754272,20.288574,20.455828,20.996271,21.191307,21.32298,21.941622,21.290266,21.923235,20.59905,20.76878,21.450293,21.53635,21.005322,21.183102,20.175425,20.206404,0.0,0.0,4.0,4.0,0.0,0.0,0.0,0.0
31946,2023.0,8.0,10.0,20.0,21.199123,21.463903,20.502808,20.949694,21.518408,22.205196,20.969778,21.25921,20.979437,21.145283,20.469286,20.527294,21.33932,21.358221,21.005838,21.188799,20.153933,20.182678,4.0,4.0,0.0,0.0,0.0,0.0,0.0,0.0
31947,2023.0,8.0,10.0,20.0,21.72331,22.502079,20.348495,20.571117,21.131535,21.318995,21.352774,21.993109,20.76912,20.872032,20.394583,20.431196,21.275427,21.28669,21.00536,21.191498,20.134533,20.16203,0.0,0.0,4.0,0.0,0.0,0.0,0.0,0.0
31948,2023.0,8.0,10.0,20.0,21.888311,22.6453,20.583612,21.068552,21.005064,21.22599,20.981209,21.262453,21.338913,21.984945,20.731045,21.089275,21.985775,22.675941,21.005901,21.193876,20.11681,20.142254,4.0,0.0,0.0,4.0,4.0,4.0,0.0,0.0
31949,2023.0,8.0,10.0,20.0,21.93291,22.680164,20.37818,20.586906,21.419157,22.009935,21.015902,21.34623,20.980001,21.12554,20.557566,20.658829,21.577953,21.70138,21.006027,21.19451,20.995436,21.821606,0.0,4.0,0.0,0.0,0.0,0.0,0.0,4.0
31950,2023.0,8.0,10.0,21.0,21.960423,22.690636,20.208153,20.3471,21.592228,22.19608,21.017033,21.350666,20.717682,20.766455,20.375256,20.3975,21.305155,21.326656,21.012949,21.206633,21.310904,22.100487,0.0,4.0,0.0,0.0,0.0,0.0,0.0,4.0
31951,2023.0,8.0,10.0,21.0,21.983051,22.701164,20.500996,20.917429,21.108932,21.246294,21.008486,21.332657,20.66388,20.716003,20.33505,20.358566,21.249903,21.27125,21.004911,21.188538,20.646746,20.763353,4.0,0.0,0.0,0.0,0.0,0.0,0.0,0.0
31952,2023.0,8.0,10.0,21.0,22.002462,22.709421,20.644247,21.086552,21.466503,22.060114,21.009558,21.332535,20.594957,20.614046,20.304184,20.325294,21.196447,21.203255,21.006361,21.189758,21.249273,22.07224,4.0,4.0,0.0,0.0,0.0,0.0,0.0,4.0
31953,2023.0,8.0,10.0,21.0,22.01833,22.714365,20.354881,20.510996,21.61419,22.18842,21.00928,21.329088,21.227503,21.842419,20.278818,20.298035,21.15657,21.160856,21.006117,21.18743,20.716814,20.82812,0.0,4.0,0.0,4.0,0.0,0.0,0.0,0.0
31954,2023.0,8.0,10.0,21.0,21.48843,21.70059,20.196098,20.30043,21.637445,22.198809,21.009348,21.326265,20.868006,20.95158,20.256613,20.274652,21.12528,21.12858,21.006124,21.184961,20.420235,20.460741,0.0,4.0,0.0,0.0,0.0,0.0,0.0,0.0
31955,2023.0,8.0,10.0,21.0,21.243898,21.408298,20.14025,20.22879,21.151176,21.260042,21.00952,21.32382,20.64517,20.673641,20.585442,20.909853,21.097885,21.10067,21.779408,22.629414,20.343914,20.373758,0.0,0.0,0.0,0.0,4.0,0.0,4.0,0.0
31956,2023.0,8.0,10.0,22.0,21.80002,22.520222,20.075256,20.126383,21.005041,21.138796,21.32902,21.906164,20.58053,20.59663,20.748005,21.098957,21.068995,21.066607,22.022064,22.815948,20.296537,20.321447,0.0,0.0,4.0,0.0,4.0,0.0,4.0,0.0
31957,2023.0,8.0,10.0,22.0,21.397306,21.598982,20.032393,20.07196,21.006893,21.170523,20.973572,21.212727,20.534218,20.539433,20.459816,20.516434,21.752813,22.384796,22.099836,22.87794,20.246353,20.253386,0.0,0.0,0.0,0.0,0.0,4.0,4.0,0.0
31958,2023.0,8.0,10.0,22.0,21.154688,21.298994,20.00507,20.039421,21.007006,21.185738,21.017365,21.3092,21.072077,21.576036,20.310638,20.319723,21.318312,21.348461,21.342997,21.382853,20.210463,20.215143,0.0,0.0,0.0,4.0,0.0,0.0,0.0,0.0
31959,2023.0,8.0,10.0,22.0,21.708408,22.396896,19.98166,20.011261,21.006165,21.19508,21.009975,21.296497,20.765177,20.814949,20.255934,20.25002,21.753708,22.309664,20.996717,20.972311,20.181505,20.181765,0.0,0.0,0.0,0.0,0.0,4.0,0.0,0.0
31960,2023.0,8.0,10.0,22.0,21.308487,21.4743,19.960796,19.986065,21.006384,21.202633,21.009396,21.297962,20.547125,20.525307,20.522402,20.776684,21.964157,22.532013,21.00978,21.049347,20.15558,20.152218,0.0,0.0,0.0,0.0,4.0,4.0,0.0,0.0
31961,2023.0,8.0,10.0,22.0,21.068314,21.174597,20.370554,20.76668,21.006655,21.207846,21.0095,21.298708,20.47461,20.438494,20.364176,20.391432,21.369371,21.349237,21.00632,21.073996,20.132404,20.125738,4.0,0.0,0.0,0.0,0.0,0.0,0.0,0.0
31962,2023.0,8.0,10.0,23.0,20.998133,21.102394,20.169966,20.25748,21.006931,21.21164,21.009588,21.298494,21.116972,21.69393,20.239843,20.228203,21.874954,22.471079,21.007017,21.094976,20.111,20.101002,0.0,0.0,0.0,4.0,0.0,4.0,0.0,0.0
31963,2023.0,8.0,10.0,23.0,20.999817,21.141327,20.001617,20.026443,21.399204,21.93911,20.754831,20.807648,20.763927,20.809797,20.19903,20.182638,22.010426,22.545425,20.87587,20.860329,20.092648,20.080973,0.0,4.0,0.0,0.0,0.0,4.0,0.0,0.0
31964,2023.0,8.0,10.0,23.0,20.980965,21.122454,19.962496,19.973873,20.986412,21.073524,20.638369,20.647345,20.554848,20.493673,20.172852,20.152878,21.39667,21.35263,20.818462,20.794868,20.077364,20.063166,0.0,0.0,0.0,0.0,0.0,0.0,0.0,0.0
31965,2023.0,8.0,10.0,23.0,20.955967,21.094065,19.940737,19.947626,20.735708,20.669037,20.581245,20.58367,21.07415,21.52759,20.148308,20.124954,21.203466,21.092133,20.780016,20.753698,20.062075,20.045288,0.0,0.0,0.0,4.0,0.0,0.0,0.0,0.0
31966,2023.0,8.0,10.0,23.0,20.932903,21.068201,19.922417,19.92633,20.64859,20.563475,20.538036,20.538153,20.64906,20.618828,20.125605,20.09949,21.124662,21.00916,20.746508,20.718117,20.76936,21.387934,0.0,0.0,0.0,0.0,0.0,0.0,0.0,4.0
31967,2023.0,8.0,10.0,23.0,20.910112,21.042051,19.905275,19.905703,20.659546,20.636322,20.499794,20.496677,20.480848,20.390366,20.10315,20.073725,21.059315,20.939377,20.715086,20.683945,20.302732,20.34075,0.0,0.0,0.0,0.0,0.0,0.0,0.0,0.0
31968,2023.0,8.0,11.0,0.0,20.88687,21.014244,19.887419,19.882814,20.639965,20.623081,20.463083,20.454197,20.48523,20.454735,20.07989,20.04569,21.086624,21.046103,20.684584,20.649483,20.100792,20.026625,0.0,0.0,0.0,0.0,0.0,0.0,0.0,0.0
31969,2023.0,8.0,11.0,0.0,21.507074,22.195034,20.301888,20.670496,20.613867,20.598345,20.436052,20.428312,20.45477,20.420326,20.061556,20.02698,21.057924,21.013632,20.659576,20.624294,20.050838,19.976297,4.0,0.0,0.0,0.0,0.0,0.0,0.0,0.0
31970,2023.0,8.0,11.0,0.0,21.55345,22.127405,20.049074,20.100958,20.58675,20.569456,20.408178,20.398426,20.423431,20.38665,20.042427,20.005608,21.024797,20.978117,20.63459,20.597378,20.059319,20.028791,0.0,0.0,0.0,0.0,0.0,0.0,0.0,0.0
31971,2023.0,8.0,11.0,0.0,21.04135,21.125385,19.938864,19.936983,20.562548,20.544827,20.38356,20.373264,20.396997,20.359346,20.025293,19.987228,20.995655,20.948061,20.612043,20.573956,20.767662,21.375664,0.0,0.0,0.0,0.0,0.0,0.0,0.0,4.0
31972,2023.0,8.0,11.0,0.0,21.506355,22.086342,19.903683,19.893353,20.53877,20.5196,20.359598,20.347689,20.372011,20.332602,20.008,19.968058,20.9675,20.918053,20.589935,20.55026,20.230368,20.19327,0.0,0.0,0.0,0.0,0.0,0.0,0.0,0.0
31973,2023.0,8.0,11.0,0.0,21.593739,22.145168,19.87867,19.864012,20.514458,20.492119,20.335382,20.320095,20.347425,20.305126,19.98982,19.946901,20.93977,20.88723,20.567923,20.525808,20.0614,19.968307,0.0,0.0,0.0,0.0,0.0,0.0,0.0,0.0
31974,2023.0,8.0,11.0,1.0,21.062592,21.113596,19.861906,19.847202,20.49451,20.472414,20.315592,20.300404,20.326853,20.284134,19.974081,19.930456,20.916286,20.863363,20.54852,20.505804,20.01243,19.917953,0.0,0.0,0.0,0.0,0.0,0.0,0.0,0.0
31975,2023.0,8.0,11.0,1.0,20.87933,20.866241,19.844326,19.827063,20.472908,20.448597,20.294086,20.276587,20.305878,20.261192,19.957043,19.911236,20.89238,20.837358,20.528679,20.484276,20.032087,19.995834,0.0,0.0,0.0,0.0,0.0,0.0,0.0,0.0
31976,2023.0,8.0,11.0,1.0,20.830061,20.837017,19.830637,19.81339,20.454708,20.430798,20.275955,20.258791,20.28722,20.242296,20.249346,20.472015,20.871412,20.816196,20.51084,20.466078,20.017563,19.981144,0.0,0.0,0.0,0.0,4.0,0.0,0.0,0.0
31977,2023.0,8.0,11.0,1.0,20.780447,20.786552,19.816383,19.797638,20.435575,20.410475,20.256948,20.238527,20.267864,20.221647,20.030243,19.993923,20.850164,20.793625,20.492756,20.446854,19.997936,19.960434,0.0,0.0,0.0,0.0,0.0,0.0,0.0,0.0
31978,2023.0,8.0,11.0,1.0,20.848186,20.963015,19.803734,19.78434,20.418028,20.392794,20.239618,20.220966,20.832191,21.298868,19.971474,19.924126,20.830584,20.77364,20.4758,20.429462,19.97968,19.941715,0.0,0.0,0.0,4.0,0.0,0.0,0.0,0.0
31979,2023.0,8.0,11.0,1.0,20.846601,20.97017,19.790918,19.770292,20.4002,20.374115,20.222025,20.202446,20.446495,20.443352,19.94677,19.897493,20.811102,20.753174,20.458752,20.411543,19.96163,19.922718,0.0,0.0,0.0,0.0,0.0,0.0,0.0,0.0
31980,2023.0,8.0,11.0,2.0,20.826286,20.947762,19.777254,19.754295,20.381433,20.353207,20.203485,20.18172,20.31937,20.269163,19.924038,19.872282,20.79136,20.731573,20.44132,20.392591,19.943579,19.903008,0.0,0.0,0.0,0.0,0.0,0.0,0.0,0.0
31981,2023.0,8.0,11.0,2.0,20.80755,20.928612,19.76625,19.743418,20.36568,20.337957,20.187925,20.166613,20.285482,20.235939,20.213488,20.431013,20.774088,20.71433,20.425594,20.376793,19.92773,19.887089,0.0,0.0,0.0,0.0,4.0,0.0,0.0,0.0
31982,2023.0,8.0,11.0,2.0,20.787453,20.906864,19.75436,19.730509,20.34882,20.320278,20.171307,20.149124,20.255476,20.204739,19.99161,19.950336,20.75643,20.695797,20.409382,20.359833,19.911655,19.87021,0.0,0.0,0.0,0.0,0.0,0.0,0.0,0.0
31983,2023.0,8.0,11.0,2.0,20.768274,20.886515,19.743097,19.71845,20.332644,20.303598,20.155434,20.132673,20.230505,20.179115,20.248903,20.476406,20.73961,20.678396,20.393654,20.343594,19.896347,19.854355,0.0,0.0,0.0,0.0,4.0,0.0,0.0,0.0
31984,2023.0,8.0,11.0,2.0,20.749294,20.866339,19.73194,19.706482,20.316532,20.28698,20.13967,20.116322,20.207504,20.155518,20.00761,19.965157,20.72316,20.661373,20.377996,20.32743,19.881338,19.838806,0.0,0.0,0.0,0.0,0.0,0.0,0.0,0.0
31985,2023.0,8.0,11.0,2.0,20.730555,20.846268,19.720419,19.693623,20.300024,20.269377,20.123547,20.09903,20.185692,20.132715,19.939407,19.883554,20.706806,20.644156,20.362244,20.310965,19.86642,19.82313,0.0,0.0,0.0,0.0,0.0,0.0,0.0,0.0
31986,2023.0,8.0,11.0,3.0,20.713037,20.828255,19.71029,19.683622,20.285273,20.255184,20.10912,20.085083,20.750326,21.21238,19.912073,19.857244,20.691788,20.6293,20.347366,20.296186,19.852556,19.809334,0.0,0.0,0.0,4.0,0.0,0.0,0.0,0.0
31987,2023.0,8.0,11.0,3.0,20.693823,20.806437,19.697397,19.668179,20.267595,20.235054,20.091768,20.065275,20.97771,21.510496,19.884312,19.826557,20.674969,20.610569,20.33079,20.277979,19.837145,19.792273,0.0,0.0,0.0,4.0,0.0,0.0,0.0,0.0
31988,2023.0,8.0,11.0,3.0,20.67711,20.78887,19.686506,19.65686,20.252363,20.21984,20.076784,20.050282,20.366451,20.26875,19.862461,19.805017,20.659803,20.595098,20.315405,20.262312,19.82303,19.777842,0.0,0.0,0.0,0.0,0.0,0.0,0.0,0.0
31989,2023.0,8.0,11.0,3.0,20.65966,20.769712,19.674257,19.64308,20.235704,20.201933,20.060385,20.03263,20.181915,20.031244,19.840168,19.781504,20.643799,20.577986,20.299097,20.24506,20.534748,21.130028,0.0,0.0,0.0,0.0,0.0,0.0,0.0,4.0
31990,2023.0,8.0,11.0,3.0,20.640924,20.748121,19.660313,19.62614,20.21733,20.180609,20.042452,20.011705,20.112768,19.956717,19.817007,19.755337,20.62666,20.55861,20.28159,20.225615,20.82589,21.511074,0.0,0.0,0.0,0.0,0.0,0.0,0.0,4.0
31991,2023.0,8.0,11.0,3.0,20.624132,20.730576,19.648884,19.614456,20.201994,20.165348,20.027834,19.996927,20.156988,20.096846,19.797714,19.736307,20.61148,20.543201,20.26563,20.20948,20.106495,20.040071,0.0,0.0,0.0,0.0,0.0,0.0,0.0,0.0
31992,2023.0,8.0,11.0,4.0,20.60485,20.708317,19.634476,19.597023,20.183527,20.143864,20.010326,19.976236,20.14263,20.08008,19.775688,19.711374,20.594233,20.523691,20.247656,20.189528,19.891619,19.753172,0.0,0.0,0.0,0.0,0.0,0.0,0.0,0.0
31993,2023.0,8.0,11.0,4.0,20.588537,20.691944,19.623325,19.586279,20.168388,20.129148,19.995907,19.962084,20.11792,20.056602,19.757318,19.693413,20.579544,20.509346,20.231762,20.173946,19.828157,19.694132,0.0,0.0,0.0,0.0,0.0,0.0,0.0,0.0
31994,2023.0,8.0,11.0,4.0,20.572445,20.67563,19.61247,19.575874,20.153547,20.11475,19.981564,19.948118,20.094902,20.033987,19.739914,19.676443,20.565348,20.495506,20.216183,20.158691,19.860323,19.80892,0.0,0.0,0.0,0.0,0.0,0.0,0.0,0.0
31995,2023.0,8.0,11.0,4.0,20.556591,20.65954,19.601748,19.565594,20.138887,20.100523,19.967243,19.93422,20.072989,20.012497,19.723328,19.660303,20.551567,20.482092,20.20087,20.143719,19.8427,19.792006,0.0,0.0,0.0,0.0,0.0,0.0,0.0,0.0
31996,2023.0,8.0,11.0,4.0,20.540838,20.643564,19.591034,19.55532,20.124266,20.086332,19.95289,19.920303,20.052214,19.992155,19.707405,19.644836,20.538137,20.469042,20.185745,20.128942,19.819452,19.769089,0.0,0.0,0.0,0.0,0.0,0.0,0.0,0.0
31997,2023.0,8.0,11.0,4.0,20.525179,20.627682,19.580318,19.545042,20.109678,20.072168,19.938536,19.90638,20.032444,19.972832,19.692118,19.630016,20.525057,20.456352,20.17082,20.114376,19.79745,19.74741,0.0,0.0,0.0,0.0,0.0,0.0,0.0,0.0
31998,2023.0,8.0,11.0,5.0,20.50959,20.611874,19.56959,19.53474,20.09511,20.058014,19.924175,19.892445,20.013594,19.954435,19.67742,19.615793,20.51231,20.444006,20.156086,20.100014,19.776714,19.727024,0.0,0.0,0.0,0.0,0.0,0.0,0.0,0.0
31999,2023.0,8.0,11.0,5.0,20.497164,20.602343,19.562792,19.532314,20.084173,20.051111,19.913374,19.885641,19.998554,19.942781,19.666636,19.608774,20.502926,20.438011,20.14421,20.09113,19.759926,19.713223,0.0,0.0,0.0,0.0,0.0,0.0,0.0,0.0
32000,2023.0,8.0,11.0,5.0,20.485525,20.59369,19.556875,19.530933,20.074343,20.04577,19.903656,19.88037,20.564157,21.020744,19.954224,20.157988,20.49507,20.433779,20.133785,20.084026,19.745697,19.702524,0.0,0.0,0.0,4.0,4.0,0.0,0.0,0.0
32001,2023.0,8.0,11.0,5.0,20.474133,20.58499,19.551311,19.529568,20.724375,21.281364,19.893839,19.874388,20.201073,20.208393,20.09776,20.35823,20.48805,20.430063,20.123987,20.077145,19.732615,19.692318,0.0,4.0,0.0,0.0,4.0,0.0,0.0,0.0
32002,2023.0,8.0,11.0,5.0,20.46338,20.576933,19.546324,19.528572,20.339739,20.410084,19.884398,19.86865,20.074608,20.03101,19.845854,19.842354,20.482353,20.427656,20.115492,20.071556,19.721235,19.683802,0.0,0.0,0.0,0.0,0.0,0.0,0.0,0.0
32003,2023.0,8.0,11.0,5.0,20.452642,20.56864,19.541603,19.527681,20.069252,19.953827,19.874767,19.862204,20.044895,20.001814,19.75413,19.710276,20.478247,20.42681,20.10857,20.06739,19.711313,19.676426,0.0,0.0,0.0,0.0,0.0,0.0,0.0,0.0
32004,2023.0,8.0,11.0,6.0,20.442438,20.56122,19.537012,19.526976,20.024506,19.920946,19.865665,19.856676,20.02545,19.985743,19.73549,19.695276,20.475563,20.427494,20.103024,20.064825,19.703495,19.67154,0.0,0.0,0.0,0.0,0.0,0.0,0.0,0.0
32005,2023.0,8.0,11.0,6.0,21.082098,21.695253,19.53226,19.525894,21.125254,21.917448,21.146248,22.147303,20.011967,19.975763,19.723955,19.68775,21.083017,21.488888,21.15562,21.881874,19.697214,19.668085,0.0,0.0,0.0,0.0,0.0,0.0,0.0,0.0
32006,2023.0,8.0,11.0,6.0,20.999578,21.477306,19.972778,20.361536,20.9993,21.568502,20.999636,21.718319,19.999743,19.966322,19.714602,19.681442,21.001394,21.291634,20.99744,21.509886,19.6919,19.665396,4.0,0.0,0.0,0.0,0.0,0.0,0.0,0.0
32007,2023.0,8.0,11.0,6.0,21.011097,21.467758,19.997396,20.297993,21.017097,21.545174,21.020582,21.677631,19.99123,19.960829,19.709633,19.679655,21.445847,22.081453,21.015707,21.483677,20.464695,21.131012,0.0,0.0,0.0,0.0,0.0,4.0,0.0,4.0
32008,2023.0,8.0,11.0,6.0,21.008835,21.443428,20.144978,20.52896,21.13076,21.692099,21.01765,21.617489,20.589468,21.096214,20.009233,20.244837,21.531715,22.072472,21.013031,21.434689,20.07363,20.112026,4.0,4.0,0.0,4.0,4.0,4.0,0.0,0.0
32009,2023.0,8.0,11.0,6.0,21.009228,21.430244,19.98502,20.207083,21.199955,21.766565,21.017487,21.57988,20.898582,21.458172,19.993404,20.129116,20.960764,21.035683,21.012691,21.402205,19.81364,19.762255,0.0,4.0,0.0,4.0,0.0,0.0,0.0,0.0
32010,2023.0,8.0,11.0,7.0,21.371479,22.087759,19.76158,19.771694,21.15062,21.625477,21.088955,21.659721,20.930523,21.409147,20.19124,20.471062,21.474949,22.020075,21.583881,22.435547,19.770271,19.728127,0.0,4.0,4.0,4.0,4.0,4.0,4.0,0.0
32011,2023.0,8.0,11.0,7.0,21.486322,22.212166,20.07235,20.398497,21.003262,21.3844,21.008608,21.513792,21.028961,21.545563,19.990667,20.084932,20.977142,21.07481,20.949808,21.218681,20.635546,21.381239,4.0,0.0,0.0,4.0,0.0,0.0,0.0,4.0
32012,2023.0,8.0,11.0,7.0,21.456865,22.086107,19.98572,20.18187,21.13444,21.610836,21.020996,21.520689,21.11509,21.63463,19.888588,19.882034,21.487226,22.040905,21.522572,22.2853,20.937513,21.62578,0.0,4.0,0.0,4.0,0.0,4.0,4.0,4.0
32013,2023.0,8.0,11.0,7.0,20.967602,21.23968,19.796408,19.821005,20.998781,21.360958,21.01866,21.501257,21.182398,21.702272,20.177923,20.452112,20.982471,21.033236,20.948042,21.137468,20.267508,20.2802,0.0,0.0,0.0,4.0,4.0,0.0,0.0,0.0
32014,2023.0,8.0,11.0,7.0,21.018208,21.363226,20.143183,20.541025,21.156036,21.639751,21.015545,21.48939,21.243685,21.76516,19.99036,20.03742,21.012903,21.111486,21.57843,22.341751,20.005665,19.96576,4.0,4.0,0.0,4.0,0.0,0.0,4.0,0.0
32015,2023.0,8.0,11.0,7.0,21.00955,21.357164,19.983137,20.177269,20.993917,21.337612,21.01581,21.48498,20.696165,20.695087,20.239962,20.503794,21.539085,22.101948,20.951365,21.097918,19.949322,19.913269,0.0,0.0,0.0,0.0,4.0,4.0,0.0,0.0
32016,2023.0,8.0,11.0,8.0,21.340742,21.970354,19.823755,19.877945,21.174314,21.665205,21.161652,21.731926,20.448154,20.392954,20.378008,20.664867,21.069197,21.058844,21.021856,21.264582,19.924017,19.894293,0.0,4.0,4.0,0.0,4.0,0.0,0.0,0.0
32017,2023.0,8.0,11.0,8.0,20.930153,21.10125,19.731691,19.760096,21.246637,21.746016,20.64468,20.713593,20.375378,20.31988,20.436312,20.72614,21.54289,22.094114,20.729452,20.71018,20.766108,21.506462,0.0,4.0,0.0,0.0,4.0,4.0,0.0,4.0
32018,2023.0,8.0,11.0,8.0,20.761335,20.879646,19.698795,19.72193,21.272396,21.774881,20.418985,20.405605,20.339228,20.287262,20.165516,20.19135,21.708527,22.28753,21.52411,22.278934,20.235695,20.30319,0.0,4.0,0.0,0.0,0.0,4.0,4.0,0.0
32019,2023.0,8.0,11.0,8.0,21.33899,22.022186,19.677263,19.700918,21.293491,21.798864,20.33231,20.319563,20.329565,20.300179,20.380026,20.633093,21.77945,22.356396,20.904627,20.940174,20.040577,20.016855,0.0,4.0,0.0,0.0,4.0,4.0,0.0,0.0
32020,2023.0,8.0,11.0,8.0,21.456287,22.125881,19.659367,19.684053,21.313454,21.821674,20.943642,21.531025,20.313223,20.288467,20.498362,20.798555,21.843601,22.420807,20.68272,20.629704,19.99889,19.974756,0.0,4.0,4.0,0.0,4.0,4.0,0.0,0.0
32021,2023.0,8.0,11.0,8.0,21.500538,22.166143,20.064322,20.456467,21.331926,21.842667,20.518274,20.615345,20.29606,20.27271,20.232216,20.269423,21.26764,21.288029,21.532068,22.291004,19.974707,19.95379,4.0,4.0,0.0,0.0,0.0,0.0,4.0,0.0
32022,2023.0,8.0,11.0,9.0,21.543415,22.209747,19.988365,20.267733,20.83719,20.908697,20.911148,21.442564,20.964167,21.544312,20.456915,20.725698,21.071896,21.000273,21.762056,22.539238,20.81096,21.550081,0.0,0.0,4.0,4.0,4.0,0.0,4.0,4.0
32023,2023.0,8.0,11.0,9.0,21.03694,21.230003,20.159908,20.54891,21.170557,21.694674,20.557922,20.648157,21.216381,21.784084,20.29529,20.338663,21.70436,22.260439,21.039463,21.085285,21.121914,21.845772,4.0,4.0,0.0,4.0,0.0,4.0,0.0,4.0
32024,2023.0,8.0,11.0,9.0,21.496326,22.198069,19.986837,20.218615,20.766363,20.858774,20.369871,20.392298,20.705114,20.76075,20.542707,20.833437,21.888351,22.488745,21.722094,22.48856,20.478956,20.554081,0.0,0.0,0.0,0.0,4.0,4.0,4.0,0.0
32025,2023.0,8.0,11.0,9.0,21.64516,22.330702,20.205927,20.612095,21.139933,21.705362,20.297714,20.327744,20.478512,20.463911,20.370481,20.42377,21.973682,22.577927,22.00271,22.78783,20.202785,20.196047,4.0,4.0,0.0,0.0,0.0,4.0,4.0,0.0
32026,2023.0,8.0,11.0,9.0,21.677,22.36638,20.296995,20.72597,20.73272,20.845587,20.250422,20.280415,20.444124,20.429596,20.276571,20.27811,22.04065,22.64873,21.258585,21.324474,20.161722,20.158955,4.0,0.0,0.0,0.0,0.0,4.0,0.0,0.0
32027,2023.0,8.0,11.0,9.0,21.710682,22.406168,19.993612,20.185259,20.556496,20.595005,20.211994,20.244877,21.085588,21.648466,20.239845,20.222277,22.10459,22.717506,21.91022,22.67676,20.14805,20.151798,0.0,0.0,0.0,4.0,0.0,4.0,4.0,0.0
32028,2023.0,8.0,11.0,10.0,21.747023,22.447918,19.887966,19.999397,21.100779,21.672377,20.824661,21.43202,20.77948,20.866573,20.222834,20.202545,22.170685,22.788101,21.359669,21.43641,20.117405,20.104387,0.0,4.0,4.0,0.0,0.0,4.0,0.0,0.0
32029,2023.0,8.0,11.0,10.0,21.777468,22.483515,20.233307,20.667559,21.248396,21.83524,20.450972,20.598045,21.269722,21.842411,20.220608,20.199648,22.226397,22.848484,21.109764,21.082085,20.103235,20.08776,4.0,4.0,0.0,4.0,0.0,4.0,0.0,0.0
32030,2023.0,8.0,11.0,10.0,21.25441,21.484245,19.984728,20.189077,21.303173,21.890585,20.911844,21.535866,20.865976,20.962282,20.223673,20.20276,21.649252,21.717358,21.025652,20.998966,20.098085,20.082598,0.0,4.0,4.0,0.0,0.0,0.0,0.0,0.0
32031,2023.0,8.0,11.0,10.0,21.621141,22.336636,20.263973,20.709389,20.83672,20.975088,20.557722,20.711105,20.648783,20.660639,20.605907,20.91438,22.130768,22.763792,20.970901,20.951012,20.096498,20.081152,4.0,0.0,0.0,0.0,4.0,4.0,0.0,0.0
32032,2023.0,8.0,11.0,10.0,21.174059,21.411695,19.989962,20.1989,20.662636,20.739124,20.393173,20.490461,20.622566,20.63354,20.7885,21.165413,22.26323,22.907223,20.940756,20.926641,20.099823,20.084423,0.0,0.0,0.0,0.0,4.0,4.0,0.0,0.0
32033,2023.0,8.0,11.0,10.0,20.971848,21.180372,19.917488,20.065695,21.205227,21.820372,20.339361,20.445715,20.586044,20.567415,20.548576,20.642445,21.702394,21.791088,20.894705,20.864773,20.105078,20.089466,0.0,4.0,0.0,0.0,0.0,0.0,0.0,0.0
32034,2023.0,8.0,11.0,11.0,21.530333,22.268694,19.837318,19.922316,21.337587,21.956564,20.91134,21.548948,20.573174,20.549257,20.47663,20.52018,22.227024,22.847752,20.86964,20.838009,20.113062,20.096916,0.0,4.0,4.0,0.0,0.0,4.0,0.0,0.0
32035,2023.0,8.0,11.0,11.0,21.128256,21.404608,19.801659,19.8773,20.872513,21.044788,20.540865,20.732779,20.57463,20.551575,20.493975,20.546068,21.760986,21.87125,20.856194,20.826408,20.125349,20.110407,0.0,0.0,0.0,0.0,0.0,0.0,0.0,0.0
32036,2023.0,8.0,11.0,11.0,20.992895,21.228243,19.789097,19.869822,21.320238,21.967548,21.013369,21.691057,21.270073,21.858255,20.453754,20.447058,21.57821,21.578655,20.849674,20.821907,20.141264,20.127739,0.0,4.0,4.0,4.0,0.0,0.0,0.0,0.0
32037,2023.0,8.0,11.0,11.0,21.56156,22.333061,19.782955,19.870619,21.439198,22.090029,21.142908,21.81299,20.965614,21.130964,20.450909,20.433985,21.54324,21.54563,20.84785,20.822098,20.159706,20.14769,0.0,4.0,4.0,0.0,0.0,0.0,0.0,0.0
32038,2023.0,8.0,11.0,11.0,21.714193,22.503374,19.780367,19.875366,21.491877,22.148678,20.67159,20.883146,20.834227,20.898096,20.470224,20.455276,21.53511,21.549364,20.850317,20.826685,20.180742,20.170597,0.0,4.0,0.0,0.0,0.0,0.0,0.0,0.0
32039,2023.0,8.0,11.0,11.0,21.24401,21.566847,19.780203,19.882639,21.545553,22.211102,20.54377,20.72547,20.835629,20.9015,20.493147,20.480896,22.25475,22.91791,20.855854,20.834553,20.20264,20.194279,0.0,4.0,0.0,0.0,0.0,4.0,0.0,0.0
32040,2023.0,8.0,11.0,12.0,21.69801,22.498503,19.782362,19.89259,21.082272,21.314184,20.509212,20.70187,20.773026,20.765837,20.518547,20.5104,21.851215,22.025864,20.863739,20.84534,20.225073,20.21945,0.0,0.0,0.0,0.0,0.0,0.0,0.0,0.0
32041,2023.0,8.0,11.0,12.0,21.833817,22.65218,19.782629,19.89679,21.523727,22.234846,21.083628,21.730127,20.759197,20.745796,20.542095,20.536089,21.675404,21.725323,21.023033,21.118032,20.245424,20.241323,0.0,4.0,0.0,0.0,0.0,0.0,0.0,0.0
32042,2023.0,8.0,11.0,12.0,21.353159,21.694921,20.183376,20.648932,21.136957,21.368631,21.00392,21.527145,20.764711,20.752487,20.566427,20.562086,21.640924,21.689226,20.999533,21.057444,20.266508,20.263535,4.0,0.0,0.0,0.0,0.0,0.0,0.0,0.0
32043,2023.0,8.0,11.0,12.0,21.738491,22.550829,19.996475,20.224672,21.00382,21.27337,21.013815,21.518017,20.772955,20.762093,20.590788,20.587776,22.335089,23.009733,21.001614,21.049585,20.286299,20.284124,0.0,0.0,0.0,0.0,0.0,4.0,0.0,0.0
32044,2023.0,8.0,11.0,12.0,21.381437,21.729849,19.896006,20.03286,21.005165,21.301628,21.012108,21.494629,20.783833,20.775047,20.61571,20.615303,22.61546,23.350517,21.001308,21.040264,20.306215,20.3058,0.0,0.0,0.0,0.0,0.0,4.0,0.0,0.0
32045,2023.0,8.0,11.0,12.0,21.77471,22.59859,19.861532,19.992496,21.38498,22.012978,21.235699,21.879776,20.795101,20.788546,20.639025,20.640976,22.034647,22.172583,21.001146,21.033495,20.32456,20.32539,0.0,4.0,4.0,0.0,0.0,0.0,0.0,0.0
32046,2023.0,8.0,11.0,13.0,21.440641,21.824318,20.226145,20.679585,21.110868,21.388662,20.984053,21.391298,20.807093,20.803051,21.020885,21.339525,21.833279,21.90934,21.974436,22.863007,20.343084,20.346304,4.0,0.0,0.0,0.0,4.0,0.0,4.0,0.0
32047,2023.0,8.0,11.0,13.0,21.236826,21.570408,20.434395,20.939392,21.004614,21.29845,21.330181,22.044106,20.817825,20.815306,20.897339,20.97597,22.516214,23.22845,21.56732,21.793802,20.359283,20.363337,4.0,0.0,4.0,0.0,0.0,4.0,0.0,0.0
32048,2023.0,8.0,11.0,13.0,21.18667,21.519518,20.624123,21.248861,21.47476,22.189335,20.96838,21.33634,20.82743,20.826393,20.780231,20.794306,22.75637,23.500824,21.276812,21.384497,20.374632,20.380318,4.0,4.0,0.0,0.0,0.0,4.0,0.0,0.0
32049,2023.0,8.0,11.0,13.0,21.678364,22.457577,20.388988,20.729685,21.662552,22.38896,21.014496,21.441683,20.836258,20.836567,20.77644,20.785717,22.168465,22.32219,21.231783,21.332575,20.388533,20.395473,0.0,4.0,0.0,0.0,0.0,0.0,0.0,0.0
32050,2023.0,8.0,11.0,13.0,21.935703,22.787933,20.62867,21.237839,21.22337,21.511929,21.368065,22.095474,20.84539,20.847408,21.148422,21.476744,22.668333,23.390532,21.224936,21.32773,20.401052,20.409153,4.0,0.0,4.0,0.0,4.0,4.0,0.0,0.0
32051,2023.0,8.0,11.0,13.0,21.462585,21.839527,20.40776,20.751427,21.073217,21.313631,20.967691,21.349163,20.854012,20.858189,21.321924,21.717634,22.819706,23.570576,21.12579,21.131199,20.412182,20.422386,0.0,0.0,0.0,0.0,4.0,4.0,0.0,0.0
32052,2023.0,8.0,11.0,14.0,21.850616,22.694977,20.658756,21.275465,21.019394,21.264713,21.013487,21.44239,20.862373,20.86867,21.175282,21.389017,22.231857,22.394543,21.085608,21.084774,20.423204,20.435213,4.0,0.0,0.0,0.0,0.0,0.0,0.0,0.0
32053,2023.0,8.0,11.0,14.0,21.4927,21.870775,20.822737,21.464882,20.864983,20.994387,21.386374,22.128061,20.870256,20.87829,21.119524,21.302649,22.015312,22.108818,21.071625,21.0713,20.432545,20.44575,4.0,0.0,4.0,0.0,0.0,0.0,0.0,0.0
32054,2023.0,8.0,11.0,14.0,21.940311,22.788416,20.880228,21.523241,20.793875,20.904942,20.983086,21.284712,20.876694,20.886547,21.476269,21.962292,21.97669,22.069077,21.063635,21.064737,20.440022,20.45478,4.0,0.0,0.0,0.0,4.0,0.0,0.0,0.0
32055,2023.0,8.0,11.0,14.0,21.523151,21.91379,20.590504,20.94432,21.389591,22.058912,20.854109,21.11394,20.882366,20.894089,21.286146,21.52409,21.95411,22.050808,21.056679,21.059643,20.447132,20.46356,0.0,4.0,0.0,0.0,0.0,0.0,0.0,0.0
32056,2023.0,8.0,11.0,14.0,21.382511,21.728065,20.494776,20.80976,21.116516,21.432085,20.814745,21.07557,20.887526,20.90125,21.542852,22.016434,21.8468,21.859041,21.986353,22.824816,20.453432,20.471659,0.0,0.0,0.0,0.0,4.0,0.0,4.0,0.0
32057,2023.0,8.0,11.0,14.0,21.337055,21.682123,20.472124,20.78686,20.99199,21.248537,20.666325,20.807745,20.892199,20.908142,21.35602,21.596762,21.796637,21.795416,21.530384,21.772232,20.459282,20.47947,0.0,0.0,0.0,0.0,0.0,0.0,0.0,0.0
32058,2023.0,8.0,11.0,15.0,21.80527,22.576204,20.319689,20.494804,20.966663,21.223684,20.59588,20.719498,20.896257,20.91426,21.607786,22.087498,22.528294,23.207663,21.355656,21.488525,20.464653,20.486612,0.0,0.0,0.0,0.0,4.0,4.0,0.0,0.0
32059,2023.0,8.0,11.0,15.0,22.017466,22.881021,20.680197,21.208765,20.825407,20.959583,20.558193,20.680117,20.900036,20.91967,21.3966,21.624716,22.766125,23.537502,21.321892,21.447561,20.469473,20.492804,4.0,0.0,0.0,0.0,0.0,4.0,0.0,0.0
32060,2023.0,8.0,11.0,15.0,21.554361,21.94548,20.40917,20.619606,21.395243,22.066544,20.531158,20.654583,20.904087,20.92496,21.324516,21.516884,22.841171,23.605505,21.309717,21.437489,20.473766,20.498037,0.0,4.0,0.0,0.0,0.0,4.0,0.0,0.0
32061,2023.0,8.0,11.0,15.0,21.984713,22.82443,20.280396,20.428114,21.543842,22.2135,20.507835,20.631035,21.581326,22.199417,21.182018,21.24045,22.904919,23.664804,21.199137,21.223948,20.47823,20.503447,0.0,4.0,0.0,4.0,0.0,4.0,0.0,0.0
32062,2023.0,8.0,11.0,15.0,21.596327,22.003054,20.645811,21.137623,21.183487,21.495945,20.488626,20.612427,21.24957,21.429417,21.119432,21.15139,22.958683,23.714067,22.159132,23.058844,20.483107,20.509624,4.0,0.0,0.0,0.0,0.0,4.0,4.0,0.0
32063,2023.0,8.0,11.0,15.0,22.004467,22.836617,20.776299,21.29737,21.061493,21.321728,21.071741,21.719898,21.174925,21.325151,21.459347,21.805199,23.007614,23.759943,21.663012,21.920347,20.488216,20.51619,4.0,0.0,4.0,0.0,4.0,4.0,0.0,0.0
32064,2023.0,8.0,11.0,16.0,21.62045,22.022238,20.600592,20.949215,21.555677,22.267542,21.25926,21.936024,21.189236,21.351963,21.263556,21.374975,22.467657,22.703165,22.392557,23.35241,21.380945,22.196728,0.0,4.0,4.0,0.0,0.0,0.0,4.0,4.0
32065,2023.0,8.0,11.0,16.0,21.470484,21.81371,20.542002,20.860394,21.724846,22.473057,21.42386,22.183977,21.075603,21.119133,21.14261,21.18053,22.251408,22.365868,21.800121,22.055931,20.997658,21.283697,0.0,4.0,4.0,0.0,0.0,0.0,0.0,0.0
32066,2023.0,8.0,11.0,16.0,22.004204,22.848701,20.878412,21.492662,21.289257,21.59567,21.003862,21.323196,21.034508,21.060421,21.11843,21.152657,22.891148,23.627262,21.56948,21.69978,20.838072,21.013836,4.0,0.0,0.0,0.0,0.0,4.0,0.0,0.0
32067,2023.0,8.0,11.0,16.0,21.623482,22.026358,20.66979,21.026157,21.152409,21.40761,21.41082,22.145178,21.024773,21.05103,21.103369,21.138437,22.426737,22.651949,21.51606,21.639767,20.819523,20.987967,0.0,0.0,4.0,0.0,0.0,0.0,0.0,0.0
32068,2023.0,8.0,11.0,16.0,21.49252,21.846596,20.934366,21.545662,21.66572,22.400448,21.555214,22.314072,21.018888,21.046097,21.09223,21.128485,22.9306,23.669106,21.487057,21.611982,20.694366,20.73995,4.0,4.0,4.0,0.0,0.0,4.0,0.0,0.0
32069,2023.0,8.0,11.0,16.0,22.032808,22.889393,21.052736,21.692547,21.2924,21.590704,21.618055,22.372417,21.014952,21.043236,21.08318,21.12072,23.045137,23.790804,21.365988,21.390676,20.653883,20.683495,4.0,0.0,4.0,0.0,0.0,4.0,0.0,0.0
32070,2023.0,8.0,11.0,17.0,21.635975,22.033855,20.769533,21.119875,21.166079,21.418262,21.163504,21.473892,21.012283,21.041704,21.076172,21.115019,22.493378,22.707466,21.319122,21.335102,20.642849,20.673147,0.0,0.0,0.0,0.0,0.0,0.0,0.0,0.0
32071,2023.0,8.0,11.0,17.0,21.504356,21.85153,20.672312,20.978151,21.691044,22.429747,21.557575,22.287083,21.009611,21.039045,21.06892,21.107615,22.294203,22.40246,21.293577,21.309326,20.63563,20.665983,0.0,4.0,4.0,0.0,0.0,0.0,0.0,0.0
32072,2023.0,8.0,11.0,17.0,21.463799,21.806269,20.495453,20.646366,21.82006,22.55552,21.678894,22.424139,21.006712,21.03605,21.061293,21.09961,22.227154,22.327326,21.272755,21.288404,20.630335,20.660696,0.0,4.0,4.0,0.0,0.0,0.0,0.0,0.0
32073,2023.0,8.0,11.0,17.0,21.95484,22.740108,20.850283,21.354364,21.366251,21.649263,21.727695,22.465612,21.003727,21.033228,21.430027,21.798347,22.185226,22.287481,21.256863,21.27345,20.626831,20.657562,4.0,0.0,4.0,0.0,4.0,0.0,0.0,0.0
32074,2023.0,8.0,11.0,17.0,21.604357,21.984324,20.94584,21.454079,21.779951,22.495003,21.770554,22.50262,21.67045,22.293938,21.218473,21.328745,22.06911,22.09132,21.242924,21.260017,20.624323,20.655424,4.0,4.0,4.0,4.0,0.0,0.0,0.0,0.0
32075,2023.0,8.0,11.0,17.0,21.486921,21.821005,20.740997,21.054289,21.899132,22.620962,21.807693,22.534897,21.291346,21.431618,21.108238,21.15082,22.010248,22.020977,21.230186,21.247734,20.622374,20.653929,0.0,4.0,4.0,0.0,0.0,0.0,0.0,0.0
32076,2023.0,8.0,11.0,18.0,21.452803,21.783876,20.677814,20.965185,21.449839,21.735767,21.84039,22.562218,21.85357,22.539024,21.08663,21.12606,22.724583,23.408728,21.219477,21.2382,20.620743,20.6529,0.0,0.0,4.0,4.0,0.0,4.0,0.0,0.0
32077,2023.0,8.0,11.0,18.0,21.951134,22.72829,20.651394,20.929184,21.285942,21.50578,21.353912,21.622282,22.061935,22.791128,21.068796,21.105982,22.909903,23.637962,21.207607,21.225632,20.617353,20.648443,0.0,0.0,0.0,4.0,0.0,4.0,0.0,0.0
32078,2023.0,8.0,11.0,18.0,22.131744,22.959663,20.874676,21.33766,21.227922,21.440197,21.189764,21.40976,21.580093,21.809732,21.052788,21.088488,22.369461,22.559776,21.195448,21.212967,21.442202,22.210657,4.0,0.0,0.0,0.0,0.0,0.0,0.0,4.0
32079,2023.0,8.0,11.0,18.0,22.204021,23.022238,20.967356,21.45532,21.725826,22.399971,21.119108,21.33091,21.405216,21.538343,21.036722,21.071037,22.18007,22.26959,22.114784,22.962471,21.042936,21.276722,4.0,4.0,0.0,0.0,0.0,0.0,4.0,0.0
32080,2023.0,8.0,11.0,18.0,22.255983,23.063965,20.755476,21.038595,21.870872,22.561298,21.597925,22.261368,21.351896,21.471424,21.020546,21.0534,22.114424,22.192263,21.611305,21.810787,20.881336,21.016638,0.0,4.0,4.0,0.0,0.0,0.0,0.0,0.0
32081,2023.0,8.0,11.0,18.0,22.296906,23.095028,21.015352,21.552313,21.42217,21.669897,21.741451,22.431345,21.318369,21.432022,21.00429,21.035982,22.774563,23.47748,21.426462,21.526228,21.690485,22.559002,4.0,0.0,4.0,0.0,0.0,4.0,0.0,4.0
32082,2023.0,8.0,11.0,19.0,22.331161,23.11983,20.789682,21.068348,21.83145,22.511686,21.789911,22.469322,21.211277,21.240078,20.987844,21.018631,22.89645,23.590092,21.3814,21.471199,21.158934,21.375414,0.0,4.0,4.0,0.0,0.0,4.0,0.0,0.0
32083,2023.0,8.0,11.0,19.0,22.356651,23.132133,20.674932,20.894026,21.427778,21.656221,21.31568,21.54215,21.824902,22.432837,20.969395,20.997507,22.327713,22.46781,21.34663,21.427464,20.955412,21.062614,0.0,0.0,0.0,4.0,0.0,0.0,0.0,0.0
32084,2023.0,8.0,11.0,19.0,21.83693,22.127653,20.54374,20.658222,21.24843,21.399595,21.13686,21.295977,22.039255,22.701664,20.949408,20.974728,22.133215,22.178514,21.257902,21.271568,20.898579,20.990969,0.0,0.0,0.0,4.0,0.0,0.0,0.0,0.0
32085,2023.0,8.0,11.0,19.0,22.245949,22.992872,20.473202,20.560678,21.182299,21.319754,21.65359,22.317238,22.106558,22.75208,20.928137,20.951603,22.775257,23.448978,21.217558,21.225872,20.792809,20.812113,0.0,0.0,4.0,4.0,0.0,4.0,0.0,0.0
32086,2023.0,8.0,11.0,19.0,22.336613,23.079542,20.434645,20.514177,21.077192,21.150223,21.750498,22.389336,21.596916,21.743393,20.905342,20.927465,22.274693,22.40191,22.123943,22.965067,20.74215,20.756245,0.0,0.0,4.0,0.0,0.0,0.0,4.0,0.0
32087,2023.0,8.0,11.0,19.0,21.833956,22.104143,20.404226,20.477957,21.637033,22.241137,21.270288,21.453447,21.395874,21.447716,20.881443,20.901947,22.06061,22.07918,21.554785,21.689806,20.70955,20.722895,0.0,4.0,0.0,0.0,0.0,0.0,0.0,0.0
32088,2023.0,8.0,11.0,20.0,21.647812,21.850868,20.794968,21.228243,21.277988,21.447409,21.673473,22.296324,21.317844,21.357027,20.857344,20.876135,22.68435,23.317009,21.349949,21.385029,20.681005,20.693504,4.0,0.0,4.0,0.0,0.0,4.0,0.0,0.0
32089,2023.0,8.0,11.0,20.0,22.191143,22.93041,20.917425,21.368467,21.10939,21.198853,21.757074,22.359213,21.26031,21.293219,20.834356,20.852022,22.174631,22.25282,21.28829,21.314331,20.655989,20.668236,4.0,0.0,4.0,0.0,0.0,0.0,0.0,0.0
32090,2023.0,8.0,11.0,20.0,22.276247,22.979012,20.972073,21.430984,21.049995,21.124987,21.254663,21.388273,21.190964,21.197412,20.81241,20.828415,21.983852,21.973383,21.242155,21.262024,20.63341,20.645092,4.0,0.0,0.0,0.0,0.0,0.0,0.0,0.0
32091,2023.0,8.0,11.0,20.0,22.303463,22.99151,20.663914,20.819407,21.61624,22.218765,21.666578,22.25406,21.14466,21.147854,20.79194,20.806366,22.585371,23.170294,21.192562,21.195503,20.61312,20.62439,0.0,4.0,4.0,0.0,0.0,4.0,0.0,0.0
32092,2023.0,8.0,11.0,20.0,22.327522,23.003494,20.534916,20.629915,21.22067,21.351927,21.74805,22.318146,21.108906,21.111292,21.139158,21.473608,22.089235,22.134247,21.157923,21.15842,20.59398,20.604427,0.0,0.0,4.0,0.0,4.0,0.0,0.0,0.0
32093,2023.0,8.0,11.0,20.0,21.810091,22.0099,20.482597,20.562445,21.040962,21.08547,21.250673,21.360903,21.750011,22.348497,20.920397,20.985104,22.582314,23.150465,21.130985,21.130682,20.576395,20.585823,0.0,0.0,0.0,4.0,0.0,4.0,0.0,0.0
32094,2023.0,8.0,11.0,21.0,21.618187,21.753815,20.423464,20.472664,21.000305,21.051271,21.057404,21.092848,21.882372,22.441885,21.142689,21.443094,22.690552,23.258825,22.10296,22.99619,20.560093,20.568485,0.0,0.0,0.0,4.0,4.0,4.0,4.0,0.0
32095,2023.0,8.0,11.0,21.0,21.521975,21.648376,20.379404,20.418785,21.56581,22.14045,21.545889,22.079193,21.366468,21.416128,20.965673,21.022745,22.121685,22.145058,21.558262,21.631828,20.541271,20.546446,0.0,4.0,4.0,0.0,0.0,0.0,0.0,0.0
32096,2023.0,8.0,11.0,21.0,21.462086,21.581945,20.773275,21.174448,21.16691,21.262121,21.149498,21.239386,21.183023,21.158642,20.841566,20.83507,21.921476,21.859007,21.314917,21.289242,20.525179,20.527338,4.0,0.0,0.0,0.0,0.0,0.0,0.0,0.0
32097,2023.0,8.0,11.0,21.0,21.460653,21.62326,20.541273,20.654675,20.997648,21.025534,20.99904,21.047438,21.730661,22.239431,20.793198,20.777473,21.841951,21.772142,21.23567,21.200676,21.329824,22.058495,0.0,0.0,0.0,4.0,0.0,0.0,0.0,4.0
32098,2023.0,8.0,11.0,21.0,21.436487,21.602741,20.364687,20.404453,21.00544,21.074455,21.006477,21.10365,21.353985,21.362509,20.763111,20.753862,21.771482,21.697147,21.1725,21.132534,20.878975,20.91591,0.0,0.0,0.0,0.0,0.0,0.0,0.0,0.0
32099,2023.0,8.0,11.0,21.0,21.402534,21.565771,20.319738,20.346245,21.003376,21.091702,21.004568,21.12668,21.12717,21.087717,20.73521,20.723984,22.492739,23.124712,21.151743,21.13698,21.400028,22.065882,0.0,0.0,0.0,0.0,0.0,4.0,0.0,4.0
32100,2023.0,8.0,11.0,22.0,21.3703,21.529861,20.294296,20.315973,21.003614,21.105783,21.005047,21.144949,21.046448,20.993658,20.706348,20.691721,22.612593,23.133192,21.12264,21.104548,20.92738,20.942648,0.0,0.0,0.0,0.0,0.0,4.0,0.0,0.0
32101,2023.0,8.0,11.0,22.0,21.342014,21.499275,20.274555,20.294044,21.00386,21.115692,21.005224,21.156855,21.0299,21.010448,20.973503,21.212385,22.002075,21.961489,21.091747,21.071884,20.67458,20.639542,0.0,0.0,0.0,0.0,4.0,0.0,0.0,0.0
32102,2023.0,8.0,11.0,22.0,21.315165,21.469183,20.256985,20.27372,21.004221,21.12373,21.005642,21.166275,21.003435,20.98257,20.799072,20.79423,21.760523,21.661396,21.064611,21.043003,20.604374,20.564112,0.0,0.0,0.0,0.0,0.0,0.0,0.0,0.0
32103,2023.0,8.0,11.0,22.0,21.291107,21.442919,20.24112,20.255476,21.007832,21.136816,21.010523,21.182943,20.971773,20.94872,20.700165,20.67748,21.68199,21.5788,21.04064,21.017693,20.561224,20.519121,0.0,0.0,0.0,0.0,0.0,0.0,0.0,0.0
32104,2023.0,8.0,11.0,22.0,21.269041,21.419085,20.227558,20.240921,21.00349,21.132288,21.004807,21.17615,20.94392,20.919886,20.982355,21.236206,21.62699,21.523258,21.018923,20.99447,20.555176,20.53917,0.0,0.0,0.0,0.0,4.0,0.0,0.0,0.0
32105,2023.0,8.0,11.0,22.0,21.247799,21.395857,20.214441,20.225954,21.004955,21.139214,21.006344,21.183577,20.917841,20.892197,20.783163,20.772305,21.651787,21.6203,20.998087,20.971828,20.536192,20.518261,0.0,0.0,0.0,0.0,0.0,0.0,0.0,0.0
32106,2023.0,8.0,11.0,23.0,21.22759,21.373478,20.201424,20.210608,21.00877,21.150707,21.012058,21.198925,20.893333,20.865583,20.682888,20.654367,21.627192,21.587431,21.00127,20.99418,20.514687,20.495821,0.0,0.0,0.0,0.0,0.0,0.0,0.0,0.0
32107,2023.0,8.0,11.0,23.0,21.208567,21.352615,20.189606,20.197435,20.879456,20.902987,20.845213,20.878624,21.453634,21.93738,20.649874,20.6215,21.59752,21.557219,20.972872,20.945734,20.494856,20.47487,0.0,0.0,0.0,4.0,0.0,0.0,0.0,0.0
32108,2023.0,8.0,11.0,23.0,21.191265,21.332512,20.17804,20.183226,20.81886,20.819527,21.405512,21.9733,21.077194,21.103678,20.911966,21.130442,21.57137,21.528763,20.9532,20.922924,20.477655,20.455572,0.0,0.0,4.0,0.0,4.0,0.0,0.0,0.0
32109,2023.0,8.0,11.0,23.0,21.174194,21.312632,20.166307,20.168745,20.786171,20.78234,21.002815,21.092697,21.41821,21.794857,20.727211,20.73162,21.545858,21.500914,20.936325,20.903913,20.461048,20.436853,0.0,0.0,0.0,4.0,0.0,0.0,0.0,0.0
32110,2023.0,8.0,11.0,23.0,21.157494,21.293068,20.154633,20.154192,20.759342,20.752724,20.743954,20.674425,21.016714,20.95339,20.639267,20.603933,21.521448,21.474125,20.920053,20.88555,21.165962,21.776943,0.0,0.0,0.0,0.0,0.0,0.0,0.0,4.0
32111,2023.0,8.0,11.0,23.0,21.140972,21.27366,20.14283,20.139475,20.735006,20.725737,20.655634,20.565348,20.870068,20.759848,20.60812,20.56888,21.497852,21.448149,20.904026,20.867424,20.696632,20.728033,0.0,0.0,0.0,0.0,0.0,0.0,0.0,0.0
32112,2023.0,8.0,12.0,0.0,21.12419,21.253769,20.13068,20.124245,20.712,20.699871,20.67483,20.653353,21.403242,21.80845,20.580927,20.538584,21.474792,21.422499,20.888016,20.849169,20.49367,20.410477,0.0,0.0,0.0,4.0,0.0,0.0,0.0,0.0
32113,2023.0,8.0,12.0,0.0,21.107677,21.234367,20.11848,20.109077,20.690353,20.67563,20.659645,20.646532,20.97357,20.885303,20.55642,20.511309,21.452616,21.398005,20.872248,20.831327,20.431072,20.338915,0.0,0.0,0.0,0.0,0.0,0.0,0.0,0.0
32114,2023.0,8.0,12.0,0.0,21.090494,21.213459,20.104887,20.09125,20.667933,20.64902,20.629818,20.612833,20.821898,20.686008,20.53158,20.482304,21.42986,21.371872,20.855795,20.812136,20.455198,20.426407,0.0,0.0,0.0,0.0,0.0,0.0,0.0,0.0
32115,2023.0,8.0,12.0,0.0,21.074162,21.194304,20.09229,20.075605,20.647762,20.626265,20.602943,20.583708,20.860018,20.815348,20.509003,20.457073,21.4085,21.3482,20.839874,20.794125,20.4335,20.395134,0.0,0.0,0.0,0.0,0.0,0.0,0.0,0.0
32116,2023.0,8.0,12.0,0.0,21.057507,21.174637,20.079525,20.059763,20.628159,20.604033,20.577187,20.555607,20.834034,20.781471,20.486956,20.432362,21.387438,21.324804,20.82383,20.775974,20.411827,20.371252,0.0,0.0,0.0,0.0,0.0,0.0,0.0,0.0
32117,2023.0,8.0,12.0,0.0,21.040684,21.154787,20.066532,20.043667,20.608896,20.582115,20.552387,20.528414,20.806198,20.751348,20.465164,20.40789,21.36652,21.301535,20.80755,20.757576,20.391285,20.348507,0.0,0.0,0.0,0.0,0.0,0.0,0.0,0.0
32118,2023.0,8.0,12.0,1.0,21.023762,21.134825,20.053331,20.027328,20.58992,20.560448,20.528404,20.501978,20.779331,20.722109,20.443531,20.383566,21.345709,21.278357,20.791025,20.73892,20.371193,20.326214,0.0,0.0,0.0,0.0,0.0,0.0,0.0,0.0
32119,2023.0,8.0,12.0,1.0,21.005007,21.111284,20.037766,20.006437,20.569202,20.535042,20.503159,20.472277,20.751741,20.690567,20.420147,20.3557,21.32333,21.251993,20.772814,20.717176,20.350079,20.301481,0.0,0.0,0.0,0.0,0.0,0.0,0.0,0.0
32120,2023.0,8.0,12.0,1.0,20.98573,21.087172,20.021461,19.984676,20.548191,20.509247,20.478037,20.442589,20.724277,20.6591,20.395988,20.326986,21.300396,21.225018,20.75377,20.694548,20.328655,20.276392,0.0,0.0,0.0,0.0,0.0,0.0,0.0,0.0
32121,2023.0,8.0,12.0,1.0,20.96725,21.065067,20.00657,19.966257,20.528961,20.487185,20.455338,20.417534,20.698479,20.630945,20.372988,20.301302,21.278357,21.200317,20.734966,20.673157,21.030727,21.614965,0.0,0.0,0.0,0.0,0.0,0.0,0.0,4.0
32122,2023.0,8.0,12.0,1.0,20.947144,21.040056,19.98928,19.943415,20.507633,20.460949,20.430721,20.388107,20.670973,20.599356,20.347433,20.27114,21.254438,21.17228,20.714432,20.648983,20.551859,20.551996,0.0,0.0,0.0,0.0,0.0,0.0,0.0,0.0
32123,2023.0,8.0,12.0,1.0,20.925703,21.01263,19.970377,19.917746,20.484959,20.43211,20.40511,20.356237,20.642149,20.565273,20.31986,20.237661,21.228983,21.141653,20.692358,20.622438,20.286015,20.114887,0.0,0.0,0.0,0.0,0.0,0.0,0.0,0.0
32124,2023.0,8.0,12.0,2.0,20.906109,20.989086,19.953327,19.896107,20.464506,20.407764,20.382242,20.32964,20.61539,20.535467,20.294077,20.208403,21.205036,21.114471,20.671162,20.598291,20.949425,21.43069,0.0,0.0,0.0,0.0,0.0,0.0,0.0,4.0
32125,2023.0,8.0,12.0,2.0,20.887827,20.968573,19.935472,19.873362,20.443312,20.382238,20.35874,20.301819,21.16248,21.585405,20.266796,20.177002,21.180077,21.08582,20.648912,20.57281,21.106556,21.573582,0.0,0.0,0.0,4.0,0.0,0.0,0.0,4.0
32126,2023.0,8.0,12.0,2.0,20.88101,20.970778,19.918139,19.851702,20.422794,20.357927,20.336424,20.275648,20.779404,20.7438,20.239857,20.146538,21.155464,21.057995,20.626724,20.547785,20.4625,20.299929,0.0,0.0,0.0,0.0,0.0,0.0,0.0,0.0
32127,2023.0,8.0,12.0,2.0,20.866503,20.953894,19.900356,19.82934,20.401949,20.33303,20.314049,20.249125,20.639875,20.551043,20.212275,20.115152,21.130404,21.02948,20.603928,20.521948,21.009777,21.458054,0.0,0.0,0.0,0.0,0.0,0.0,0.0,4.0
32128,2023.0,8.0,12.0,2.0,20.848476,20.931782,19.882248,19.806612,20.380926,20.307915,20.291616,20.222548,20.59332,20.499933,20.184324,20.083372,21.105251,21.000908,20.580729,20.495687,20.4417,20.264875,0.0,0.0,0.0,0.0,0.0,0.0,0.0,0.0
32129,2023.0,8.0,12.0,2.0,20.829319,20.908205,19.863554,19.783035,20.359453,20.282078,20.26885,20.195364,21.127523,21.536713,20.15574,20.05066,21.07961,20.971596,20.556936,20.468618,20.23606,20.005775,0.0,0.0,0.0,4.0,0.0,0.0,0.0,0.0
32130,2023.0,8.0,12.0,3.0,20.810072,20.884916,19.844952,19.759935,20.33818,20.256863,20.246256,20.168888,20.562874,20.340412,20.127354,20.018673,21.054197,20.942932,20.533148,20.441927,20.151005,19.916468,0.0,0.0,0.0,0.0,0.0,0.0,0.0,0.0
32131,2023.0,8.0,12.0,3.0,20.79068,20.861654,19.825714,19.735874,20.316248,20.230595,20.222775,20.141088,20.359068,20.080181,20.097883,19.98483,21.028334,20.913538,20.508871,20.41462,20.239405,20.161028,0.0,0.0,0.0,0.0,0.0,0.0,0.0,0.0
32132,2023.0,8.0,12.0,3.0,20.772453,20.84098,19.809464,19.717793,20.29716,20.209927,20.202232,20.11917,20.465874,20.366037,20.071587,19.957087,21.00469,20.888336,20.486217,20.390507,20.213785,20.122381,0.0,0.0,0.0,0.0,0.0,0.0,0.0,0.0
32133,2023.0,8.0,12.0,3.0,20.754303,20.821009,19.793205,19.699856,20.278267,20.189686,20.181976,20.097761,21.029293,21.42946,20.045855,19.930326,20.98165,20.86418,20.46397,20.367247,20.906525,21.454737,0.0,0.0,0.0,4.0,0.0,0.0,0.0,4.0
32134,2023.0,8.0,12.0,3.0,20.73403,20.796907,19.774025,19.676191,20.256504,20.16381,20.158957,20.070587,21.238117,21.70135,20.0171,19.89746,20.956474,20.835655,20.43973,20.340094,20.943438,21.345293,0.0,0.0,0.0,4.0,0.0,0.0,0.0,4.0
32135,2023.0,8.0,12.0,3.0,20.71643,20.777788,19.758335,19.659567,20.238102,20.144756,20.139902,20.050861,21.091368,21.328205,20.285086,20.41967,20.93406,20.81257,20.417631,20.317339,20.288458,20.06862,0.0,0.0,0.0,4.0,4.0,0.0,0.0,0.0
32136,2023.0,8.0,12.0,4.0,20.697582,20.75609,19.740618,19.63884,20.217592,20.121635,20.118883,20.02709,20.50644,20.225548,20.084166,19.984158,20.910215,20.78653,20.394125,20.29188,20.088041,19.828169,0.0,0.0,0.0,0.0,0.0,0.0,0.0,0.0
32137,2023.0,8.0,12.0,4.0,20.678303,20.733925,19.722834,19.618027,20.196812,20.098211,20.09749,20.002958,20.317421,20.00817,19.994604,19.868942,20.886585,20.760883,20.370668,20.266682,20.000956,19.739437,0.0,0.0,0.0,0.0,0.0,0.0,0.0,0.0
32138,2023.0,8.0,12.0,4.0,20.661118,20.716524,19.70842,19.604082,20.179436,20.08158,20.079388,19.985722,20.238562,19.938704,19.963972,19.840073,20.865826,20.740677,21.248465,21.93903,20.089859,19.986464,0.0,0.0,0.0,0.0,0.0,0.0,4.0,0.0
32139,2023.0,8.0,12.0,4.0,20.64194,20.695822,19.692043,19.58649,20.16036,20.061384,20.05921,19.964634,20.95095,21.366142,20.219286,20.342602,20.843863,20.717848,20.502901,20.314722,20.083652,19.983545,0.0,0.0,0.0,4.0,4.0,0.0,0.0,0.0
32140,2023.0,8.0,12.0,4.0,20.622286,20.674417,19.67534,19.568316,20.141115,20.040699,20.038677,19.942905,20.58592,20.524353,20.027035,19.927813,20.821808,20.694698,20.258144,19.991879,20.051071,19.94926,0.0,0.0,0.0,0.0,0.0,0.0,0.0,0.0
32141,2023.0,8.0,12.0,4.0,20.601946,20.651548,19.657991,19.548756,20.12094,20.018469,20.017397,19.919659,20.245333,19.94633,20.248825,20.400093,20.79933,20.67059,20.18105,19.911667,20.019371,19.915764,0.0,0.0,0.0,0.0,4.0,0.0,0.0,0.0
32142,2023.0,8.0,12.0,5.0,20.583054,20.631777,19.642094,19.53218,20.102028,19.99921,19.99772,19.899698,20.741722,20.972765,20.014473,19.907877,20.778322,20.649338,20.271416,20.152958,19.989931,19.886398,0.0,0.0,0.0,4.0,0.0,0.0,0.0,0.0
32143,2023.0,8.0,12.0,5.0,20.564268,20.612555,19.626642,19.516617,20.083271,19.980627,19.978376,19.880499,20.281061,20.004557,19.920778,19.792639,20.75781,20.628984,20.275093,20.167065,19.961449,19.85819,0.0,0.0,0.0,0.0,0.0,0.0,0.0,0.0
32144,2023.0,8.0,12.0,5.0,21.225832,21.873972,19.61134,19.501417,20.06463,19.96225,19.959177,19.861557,20.110132,19.808348,19.882967,19.75494,20.737694,20.609062,20.254087,20.147047,20.656126,21.190426,0.0,0.0,0.0,0.0,0.0,0.0,0.0,4.0
32145,2023.0,8.0,12.0,5.0,20.797533,20.916798,19.595612,19.48568,20.045704,19.94333,19.939802,19.842144,20.217068,20.095396,19.84805,19.71993,20.71774,20.58909,20.230713,20.123732,20.918056,21.525278,0.0,0.0,0.0,0.0,0.0,0.0,0.0,4.0
32146,2023.0,8.0,12.0,5.0,20.430214,20.27686,19.57996,19.47035,20.027079,19.92502,19.92107,19.823559,20.215374,20.09537,19.816921,19.689234,20.698689,20.57035,20.207289,20.100704,20.133894,19.93812,0.0,0.0,0.0,0.0,0.0,0.0,0.0,0.0
32147,2023.0,8.0,12.0,5.0,20.301182,20.110214,19.562319,19.451237,20.006449,19.902796,19.900469,19.801172,20.183641,20.063087,19.785492,19.655764,20.678904,20.549562,20.18281,20.075127,19.882235,19.614582,0.0,0.0,0.0,0.0,0.0,0.0,0.0,0.0
32148,2023.0,8.0,12.0,6.0,20.442472,20.4538,19.97279,20.234032,19.98894,19.886984,19.882837,19.78519,20.157553,20.039024,19.760649,19.633202,20.662066,20.533955,20.161537,20.05522,20.552277,20.955328,4.0,0.0,0.0,0.0,0.0,0.0,0.0,4.0
32149,2023.0,8.0,12.0,6.0,21.068031,21.57745,20.121489,20.423962,21.104095,21.857853,21.11761,21.969044,20.132895,20.01676,20.030525,20.15882,21.056393,21.231974,21.14739,21.768211,19.9848,19.88026,4.0,4.0,4.0,0.0,4.0,0.0,0.0,0.0
32150,2023.0,8.0,12.0,6.0,21.001158,21.392902,20.002132,20.171108,21.006876,21.58146,21.007063,21.652082,20.108519,19.995003,20.20285,20.38052,21.001856,21.108036,20.998985,21.42502,20.531885,20.949394,0.0,0.0,0.0,0.0,4.0,0.0,0.0,4.0
32151,2023.0,8.0,12.0,6.0,21.010948,21.384815,19.595716,19.364944,21.02739,21.537327,21.029356,21.602594,20.08821,19.9778,19.981432,19.967768,21.00732,21.10073,21.016153,21.406492,20.767202,21.184072,0.0,0.0,0.0,0.0,0.0,0.0,0.0,4.0
32152,2023.0,8.0,12.0,6.0,21.009495,21.367321,19.556433,19.437328,20.998022,21.402685,21.025965,21.53373,20.071836,19.964954,20.16874,20.323713,21.538357,22.081657,21.508825,22.273832,20.126865,19.916372,0.0,4.0,0.0,0.0,4.0,4.0,4.0,0.0
32153,2023.0,8.0,12.0,6.0,21.351105,21.985407,19.574678,19.479998,21.003286,21.381798,21.017097,21.491322,20.057926,19.954424,19.988821,19.963945,20.960718,20.914328,20.945084,21.137985,19.86892,19.636732,0.0,4.0,0.0,0.0,0.0,0.0,0.0,0.0
32154,2023.0,8.0,12.0,7.0,20.963911,21.213146,19.556963,19.467482,21.028938,21.43416,21.018126,21.476065,20.655369,21.094398,19.88802,19.787975,21.38364,21.729607,21.028849,21.297886,19.79569,19.570738,0.0,0.0,0.0,4.0,0.0,4.0,0.0,0.0
32155,2023.0,8.0,12.0,7.0,21.179468,21.615137,19.98128,20.284517,21.022436,21.402344,21.017729,21.463839,20.333345,20.27305,20.16596,20.353975,20.957638,20.872892,21.428255,22.013212,19.887947,19.8103,4.0,0.0,0.0,0.0,4.0,0.0,4.0,0.0
32156,2023.0,8.0,12.0,7.0,21.25896,21.70375,19.997753,20.221588,20.996712,21.316278,21.01769,21.455927,20.157894,20.069496,20.162218,20.218397,21.410452,21.753452,20.958885,21.102411,20.73964,21.406015,0.0,4.0,0.0,0.0,4.0,4.0,0.0,4.0
32157,2023.0,8.0,12.0,7.0,21.302862,21.766653,19.761524,19.74775,21.001108,21.32174,21.017313,21.449291,20.749569,21.2155,20.14944,20.20552,20.971964,20.878916,21.462408,22.05852,20.924065,21.438965,0.0,4.0,0.0,4.0,4.0,0.0,4.0,4.0
32158,2023.0,8.0,12.0,7.0,21.33316,21.8043,20.04777,20.35647,21.000277,21.320593,21.123707,21.620075,20.28705,20.12096,19.990232,19.932781,21.445398,21.80786,20.953943,21.062586,20.219767,20.071014,4.0,4.0,4.0,0.0,0.0,4.0,0.0,0.0
32159,2023.0,8.0,12.0,7.0,20.97265,21.184633,19.993824,20.178125,21.003132,21.327986,21.00093,21.402023,20.035406,19.831528,19.809137,19.601002,21.64116,22.028067,21.503263,22.118492,19.94367,19.760962,0.0,4.0,0.0,0.0,0.0,4.0,4.0,0.0
32160,2023.0,8.0,12.0,8.0,21.019646,21.303486,20.030788,20.21518,21.01408,21.349787,21.025715,21.443132,19.984764,19.789692,20.188967,20.412565,20.990246,20.863396,21.67904,22.28359,19.878178,19.704794,4.0,4.0,0.0,0.0,4.0,0.0,4.0,0.0
32161,2023.0,8.0,12.0,8.0,21.259819,21.74956,20.060907,20.257812,20.502293,20.395647,20.471611,20.372988,20.060535,19.976397,20.392387,20.644903,21.5232,21.924774,20.907732,20.782696,20.665094,21.23049,4.0,0.0,0.0,0.0,4.0,4.0,0.0,4.0
32162,2023.0,8.0,12.0,8.0,20.778057,20.80405,20.088022,20.298634,20.883955,21.223284,20.349594,20.28205,20.084911,20.017641,20.32311,20.455988,21.676561,22.098917,20.654703,20.4667,20.131264,20.042698,4.0,4.0,0.0,0.0,4.0,4.0,0.0,0.0
32163,2023.0,8.0,12.0,8.0,21.242542,21.784231,20.002745,20.160172,20.995605,21.37525,20.292915,20.244112,20.085186,20.023794,20.330372,20.461092,21.745296,22.175163,20.560669,20.383198,19.954237,19.810793,0.0,4.0,0.0,0.0,4.0,4.0,0.0,0.0
32164,2023.0,8.0,12.0,8.0,21.385767,21.918848,20.099943,20.328953,21.023317,21.411854,20.224396,20.183271,20.08481,20.028646,20.369143,20.51245,21.177975,21.055115,21.409954,22.061693,19.908035,19.77559,4.0,4.0,0.0,0.0,4.0,0.0,4.0,0.0
32165,2023.0,8.0,12.0,8.0,20.837093,20.875933,19.997282,20.151457,21.051542,21.452593,20.174192,20.13686,20.08604,20.035185,20.40757,20.565987,20.992832,20.802979,21.635689,22.3038,19.948788,19.891247,0.0,4.0,0.0,0.0,4.0,0.0,4.0,0.0
32166,2023.0,8.0,12.0,9.0,20.603544,20.613731,19.767054,19.717428,20.553118,20.511961,20.770882,21.309015,20.084791,20.035513,20.13109,20.03087,20.93595,20.75891,20.897207,20.831755,19.955933,19.908655,0.0,0.0,4.0,0.0,0.0,0.0,0.0,0.0
32167,2023.0,8.0,12.0,9.0,20.537615,20.554947,19.716885,19.686155,20.944166,21.352118,20.383158,20.463367,20.76012,21.311789,20.346989,20.495024,20.907288,20.74279,21.582357,22.258461,19.947453,19.904442,0.0,4.0,0.0,4.0,4.0,0.0,4.0,0.0
32168,2023.0,8.0,12.0,9.0,20.571537,20.677694,19.697578,19.681465,20.534777,20.525753,20.72597,21.180408,20.37092,20.40978,20.15237,20.081034,21.692045,22.270517,20.938679,20.90041,19.939209,19.899336,0.0,0.0,4.0,0.0,0.0,4.0,0.0,0.0
32169,2023.0,8.0,12.0,9.0,20.56162,20.68602,20.111582,20.486288,20.951641,21.40686,20.291813,20.289639,20.166658,20.074223,20.051085,19.938242,21.805628,22.314909,20.703144,20.582056,19.933163,19.895998,4.0,4.0,0.0,0.0,0.0,4.0,0.0,0.0
32170,2023.0,8.0,12.0,9.0,21.18347,21.88081,20.233736,20.63214,20.525928,20.536522,20.117392,20.058487,20.781342,21.26383,20.075226,20.013937,21.878538,22.392193,20.633293,20.521961,19.929073,19.894491,4.0,0.0,0.0,4.0,0.0,4.0,0.0,0.0
32171,2023.0,8.0,12.0,9.0,20.701223,20.8383,19.98017,20.169353,20.334797,20.273048,20.061024,20.012997,20.382553,20.37282,20.085146,20.03659,21.95439,22.476213,20.588116,20.488882,19.926115,19.893982,0.0,0.0,0.0,0.0,0.0,4.0,0.0,0.0
32172,2023.0,8.0,12.0,10.0,20.481298,20.577316,19.79829,19.827742,20.262413,20.212265,20.699938,21.268373,20.842093,21.35052,20.083628,20.039473,22.027952,22.557047,20.586142,20.533625,19.923414,19.893702,0.0,0.0,4.0,4.0,0.0,4.0,0.0,0.0
32173,2023.0,8.0,12.0,10.0,20.440384,20.536728,20.11374,20.460434,20.250101,20.238516,20.810242,21.335297,20.432348,20.444859,20.081753,20.039259,22.08334,22.617193,20.568546,20.523058,19.920498,19.891508,4.0,0.0,4.0,0.0,0.0,4.0,0.0,0.0
32174,2023.0,8.0,12.0,10.0,21.147308,21.900892,19.985027,20.202246,20.869171,21.435722,20.848244,21.36828,20.282137,20.220476,20.08015,20.039068,21.504118,21.486826,20.544237,20.50137,19.918192,19.889915,0.0,4.0,4.0,0.0,0.0,0.0,0.0,0.0
32175,2023.0,8.0,12.0,10.0,20.76006,20.94543,19.805758,19.856415,20.508259,20.573212,20.900148,21.424253,20.2437,20.18423,20.079063,20.03948,21.24215,21.135765,20.519444,20.47864,19.916567,19.889153,0.0,0.0,4.0,0.0,0.0,0.0,0.0,0.0
32176,2023.0,8.0,12.0,10.0,20.588255,20.718666,19.727032,19.750122,20.315763,20.303581,20.40276,20.469353,20.926764,21.491955,20.430838,20.701405,21.879848,22.396006,20.50087,20.461802,19.916073,19.889582,0.0,0.0,0.0,4.0,4.0,4.0,0.0,0.0
32177,2023.0,8.0,12.0,10.0,20.536585,20.672901,19.693186,19.716244,20.254265,20.246092,20.833202,21.376495,20.512812,20.556087,20.265162,20.312204,21.421305,21.420464,20.48414,20.446814,19.916132,19.890507,0.0,0.0,4.0,0.0,0.0,0.0,0.0,0.0
32178,2023.0,8.0,12.0,11.0,20.521475,20.683321,20.09921,20.501667,20.22274,20.231415,20.405447,20.491745,20.994171,21.516562,20.166159,20.13817,21.25298,21.1641,20.469568,20.43362,19.916765,19.891813,4.0,0.0,0.0,4.0,0.0,0.0,0.0,0.0
32179,2023.0,8.0,12.0,11.0,20.499243,20.665579,19.982563,20.245987,20.848738,21.442621,20.220064,20.23947,21.193285,21.76518,20.146057,20.110323,21.906126,22.444185,20.457005,20.422163,19.918419,19.8941,0.0,4.0,0.0,4.0,0.0,4.0,0.0,0.0
32180,2023.0,8.0,12.0,11.0,20.474625,20.643118,20.178215,20.585098,21.026676,21.582113,20.769848,21.338257,20.697493,20.750603,20.14196,20.106562,22.147427,22.7255,20.445665,20.411886,19.920778,19.897043,4.0,4.0,4.0,0.0,0.0,4.0,0.0,0.0
32181,2023.0,8.0,12.0,11.0,20.455828,20.625711,19.979471,20.208967,21.069216,21.62447,20.35363,20.450304,20.520048,20.482061,20.1442,20.109514,22.2174,22.799417,20.438673,20.405708,19.92393,19.900805,0.0,4.0,0.0,0.0,0.0,4.0,0.0,0.0
32182,2023.0,8.0,12.0,11.0,20.43672,20.608635,20.199669,20.610594,20.579523,20.671234,20.768734,21.371462,20.464222,20.42873,20.148542,20.114815,22.281837,22.865973,20.432915,20.40107,19.927544,19.905079,4.0,0.0,4.0,0.0,0.0,4.0,0.0,0.0
32183,2023.0,8.0,12.0,11.0,21.063108,21.798899,19.988682,20.217253,21.005102,21.564167,20.357298,20.491007,20.443956,20.414566,20.154175,20.121908,21.716621,21.761164,20.429222,20.398718,20.780563,21.514532,0.0,4.0,0.0,0.0,0.0,0.0,0.0,4.0
32184,2023.0,8.0,12.0,12.0,20.733004,20.973383,19.853045,19.962894,20.645605,20.76087,20.719425,21.300755,20.418589,20.384523,20.509483,20.786484,21.446196,21.387255,20.425184,20.39642,20.382536,20.478815,0.0,0.0,4.0,0.0,4.0,0.0,0.0,0.0
32185,2023.0,8.0,12.0,12.0,21.061066,21.617538,20.195847,20.63423,21.069382,21.602617,21.04993,21.812515,20.400364,20.365038,20.315031,20.34125,21.3824,21.312983,21.100935,21.578388,20.196724,20.194256,4.0,0.0,0.0,0.0,0.0,0.0,0.0,0.0
32186,2023.0,8.0,12.0,12.0,21.301605,22.021658,19.95665,20.137918,21.174646,21.7449,21.011606,21.658777,20.383295,20.34826,20.200619,20.172243,21.338726,21.270853,20.996922,21.341124,20.138834,20.133358,0.0,4.0,0.0,0.0,0.0,0.0,0.0,0.0
32187,2023.0,8.0,12.0,12.0,20.962738,21.370659,19.813652,19.88159,20.989937,21.405556,21.024971,21.603807,20.36866,20.334448,20.186754,20.155716,21.319805,21.269981,21.011398,21.33626,20.093304,20.069094,0.0,0.0,4.0,0.0,0.0,0.0,0.0,0.0
32188,2023.0,8.0,12.0,12.0,21.017197,21.476595,20.186558,20.63494,21.017494,21.45605,21.051388,21.627417,20.354649,20.321268,20.181273,20.150267,21.294147,21.24597,21.008982,21.307558,20.066336,20.041342,4.0,0.0,4.0,0.0,0.0,0.0,0.0,0.0
32189,2023.0,8.0,12.0,12.0,21.010262,21.460007,20.314787,20.754032,21.182047,21.736317,21.078844,21.652119,20.342426,20.310448,20.177143,20.14673,21.269655,21.224197,21.728422,22.63607,20.049763,20.025951,4.0,4.0,4.0,0.0,0.0,0.0,4.0,0.0
32190,2023.0,8.0,12.0,13.0,21.009384,21.457312,19.996075,20.191063,20.989645,21.374485,21.01168,21.539509,20.330956,20.299885,20.17366,20.143768,21.246582,21.20211,20.990723,21.175571,20.03609,20.012787,0.0,0.0,0.0,0.0,0.0,0.0,0.0,0.0
32191,2023.0,8.0,12.0,13.0,21.009695,21.455894,19.876202,19.984129,21.017302,21.433676,21.018047,21.541313,20.322756,20.294823,20.172804,20.146036,21.996254,22.650236,21.021318,21.25123,20.02661,20.006224,0.0,0.0,0.0,0.0,0.0,4.0,0.0,0.0
32192,2023.0,8.0,12.0,13.0,21.009338,21.453432,19.823576,19.928152,21.013098,21.425127,21.016388,21.527012,20.316715,20.291994,20.17354,20.150215,21.571913,21.625425,21.006947,21.228123,20.019875,20.0025,0.0,0.0,0.0,0.0,0.0,0.0,0.0,0.0
32193,2023.0,8.0,12.0,13.0,21.009672,21.452156,19.757383,19.822422,21.01292,21.424444,21.01574,21.51739,20.312048,20.290594,20.174799,20.154736,21.326601,21.297415,21.008411,21.232586,20.917337,21.711853,0.0,0.0,0.0,0.0,0.0,0.0,0.0,4.0
32194,2023.0,8.0,12.0,13.0,21.009527,21.450207,19.714422,19.772457,21.24352,21.838137,21.015272,21.508747,21.0359,21.665806,20.176893,20.15999,21.989517,22.59541,21.008062,21.231688,21.247591,22.017694,0.0,4.0,0.0,4.0,0.0,4.0,0.0,4.0
32195,2023.0,8.0,12.0,13.0,21.370224,22.112057,20.121965,20.556877,21.345638,21.952812,21.172237,21.774014,21.335382,21.982933,20.180576,20.167156,22.228725,22.85628,21.007524,21.228573,20.602192,20.714537,4.0,4.0,4.0,4.0,0.0,4.0,0.0,0.0
32196,2023.0,8.0,12.0,14.0,20.969059,21.327536,19.982994,20.221416,21.367994,21.961674,20.99103,21.4341,20.82311,20.933626,20.186535,20.175945,21.6741,21.741308,21.007572,21.225044,20.332922,20.364315,0.0,4.0,0.0,0.0,0.0,0.0,0.0,0.0
32197,2023.0,8.0,12.0,14.0,20.762989,20.960184,19.814993,19.896303,21.388271,21.979355,21.187235,21.79233,20.577353,20.593006,20.19118,20.180029,21.427877,21.40101,20.764627,20.74891,20.273073,20.296902,0.0,4.0,4.0,0.0,0.0,0.0,0.0,0.0
32198,2023.0,8.0,12.0,14.0,21.313307,22.045269,19.758797,19.825163,21.4054,21.993277,21.23045,21.82877,20.541325,20.554958,20.194998,20.182371,21.385658,21.356052,20.70699,20.686815,20.25267,20.276173,0.0,4.0,4.0,0.0,0.0,0.0,0.0,0.0
32199,2023.0,8.0,12.0,14.0,20.88837,21.139385,19.729074,19.792002,20.892485,21.019192,21.2544,21.850168,20.522278,20.533848,20.199242,20.185274,21.357996,21.326956,20.674944,20.653072,20.20433,20.193457,0.0,0.0,4.0,0.0,0.0,0.0,0.0,0.0
32200,2023.0,8.0,12.0,14.0,20.745573,20.952534,19.708082,19.77062,20.6993,20.764261,20.741257,20.872496,20.48057,20.463142,20.203373,20.188238,21.333538,21.299831,20.650597,20.627928,20.180717,20.165936,0.0,0.0,0.0,0.0,0.0,0.0,0.0,0.0
32201,2023.0,8.0,12.0,14.0,20.692278,20.895338,19.6896,19.75061,20.613134,20.671635,20.543745,20.60993,20.457289,20.434711,20.206814,20.191116,21.311949,21.276611,20.628912,20.60497,20.165981,20.150124,0.0,0.0,0.0,0.0,0.0,0.0,0.0,0.0
32202,2023.0,8.0,12.0,15.0,20.641962,20.832792,19.676403,19.738829,20.534927,20.575459,21.073444,21.672068,20.444195,20.422604,20.20842,20.192255,22.01483,22.628345,20.611032,20.588203,20.154373,20.139418,0.0,0.0,4.0,0.0,0.0,4.0,0.0,0.0
32203,2023.0,8.0,12.0,15.0,20.605658,20.794018,19.663925,19.726639,20.476978,20.51386,20.675278,20.834604,20.431702,20.41084,20.209227,20.19368,21.571949,21.659765,20.593607,20.57147,20.98292,21.715538,0.0,0.0,0.0,0.0,0.0,0.0,0.0,4.0
32204,2023.0,8.0,12.0,15.0,21.22377,21.979212,20.081427,20.518942,21.079805,21.687046,21.08712,21.69618,20.419994,20.400047,20.209204,20.194698,21.385658,21.356792,20.577106,20.555695,21.25008,22.023476,4.0,4.0,4.0,0.0,0.0,0.0,0.0,4.0
32205,2023.0,8.0,12.0,15.0,20.811722,21.072031,20.216642,20.672,21.215559,21.814587,20.663805,20.811216,20.40933,20.390593,20.58279,20.897171,21.340197,21.307003,20.562082,20.541733,20.615261,20.729399,4.0,4.0,0.0,0.0,4.0,0.0,0.0,0.0
32206,2023.0,8.0,12.0,15.0,21.265308,21.989128,20.286692,20.756329,20.747107,20.895159,20.482653,20.563066,20.400034,20.382658,20.418385,20.513102,21.31133,21.279202,21.50918,22.345728,20.42073,20.440748,4.0,0.0,0.0,0.0,0.0,0.0,4.0,0.0
32207,2023.0,8.0,12.0,15.0,20.857203,21.116116,19.99197,20.222713,21.164103,21.75725,21.022493,21.627655,20.391623,20.375463,20.662024,20.98375,22.009365,22.626522,20.936579,21.050549,21.159151,21.880745,0.0,4.0,4.0,0.0,4.0,4.0,0.0,4.0
32208,2023.0,8.0,12.0,16.0,21.245735,21.970936,19.881462,20.018782,21.323837,21.913029,21.198328,21.795767,20.382605,20.367723,20.498074,20.582577,21.610292,21.678642,20.64823,20.661762,20.716404,20.821766,0.0,4.0,4.0,0.0,0.0,0.0,0.0,0.0
32209,2023.0,8.0,12.0,16.0,21.394787,22.138414,19.846869,19.976946,21.357704,21.945745,21.236366,21.832241,21.068178,21.66863,20.742493,21.067966,21.436796,21.412096,20.612387,20.621098,20.519615,20.537191,0.0,4.0,4.0,4.0,4.0,0.0,0.0,0.0
32210,2023.0,8.0,12.0,16.0,20.905464,21.16059,19.78158,19.861153,21.390963,21.980244,20.747862,20.891838,21.303783,21.953287,20.561169,20.6751,22.077654,22.669956,20.601234,20.613604,20.45732,20.47474,0.0,4.0,0.0,4.0,0.0,4.0,0.0,0.0
32211,2023.0,8.0,12.0,16.0,20.758034,20.96634,19.745861,19.813135,21.42132,22.011621,20.568903,20.654528,20.803293,20.926468,20.459116,20.50889,22.249489,22.88175,20.568806,20.56058,21.226986,21.963348,0.0,4.0,0.0,0.0,0.0,4.0,0.0,4.0
32212,2023.0,8.0,12.0,16.0,20.710533,20.919989,19.72873,19.795456,20.921991,21.05576,20.50203,20.588924,20.630625,20.659008,20.434532,20.481518,22.31894,22.949924,20.551592,20.542374,21.453339,22.221926,0.0,0.0,0.0,0.0,0.0,4.0,0.0,4.0
32213,2023.0,8.0,12.0,16.0,21.29098,22.036764,20.144577,20.586538,21.344196,21.947916,20.419874,20.47412,20.58949,20.618067,20.380905,20.389124,22.3758,23.00514,20.541262,20.534088,20.808496,20.92733,4.0,4.0,0.0,0.0,0.0,4.0,0.0,0.0
32214,2023.0,8.0,12.0,17.0,21.442839,22.19655,20.280165,20.74174,20.923653,21.07904,20.367912,20.417797,20.567488,20.600899,20.723711,21.051626,21.800232,21.878159,20.532019,20.52707,20.605108,20.635178,4.0,0.0,0.0,0.0,4.0,0.0,0.0,0.0
32215,2023.0,8.0,12.0,17.0,20.951557,21.21466,20.353697,20.833584,20.731728,20.81072,20.328432,20.376608,21.18914,21.786058,20.532812,20.627754,21.60023,21.581047,20.520504,20.514942,21.322334,22.046293,4.0,0.0,0.0,4.0,0.0,0.0,0.0,4.0
32216,2023.0,8.0,12.0,17.0,20.787746,20.988499,20.05343,20.22904,20.656235,20.725275,20.94451,21.564518,20.791288,20.902864,20.400566,20.408493,21.522654,21.49355,20.507698,20.501156,20.785982,20.897318,0.0,0.0,4.0,0.0,0.0,0.0,0.0,0.0
32217,2023.0,8.0,12.0,17.0,20.729048,20.922829,19.938068,20.061398,20.576504,20.617172,20.561575,20.714016,21.267866,21.85625,20.359236,20.355642,22.173538,22.773,20.49434,20.486935,20.580204,20.595522,0.0,0.0,0.0,4.0,0.0,4.0,0.0,0.0
32218,2023.0,8.0,12.0,17.0,20.675657,20.853996,20.29071,20.743984,20.52261,20.556957,20.996319,21.598083,20.841251,20.94339,20.33335,20.32761,21.689825,21.755848,20.480715,20.472572,21.301117,22.012032,4.0,0.0,4.0,0.0,0.0,0.0,0.0,4.0
32219,2023.0,8.0,12.0,17.0,20.638363,20.81187,20.390114,20.847067,20.480968,20.512804,20.588245,20.725163,20.654585,20.660738,20.310934,20.303526,21.493542,21.455866,20.46682,20.457792,20.76195,20.855227,4.0,0.0,0.0,0.0,0.0,0.0,0.0,0.0
32220,2023.0,8.0,12.0,18.0,20.609213,20.78008,20.41861,20.862272,21.093567,21.695507,21.01971,21.613436,20.593966,20.591135,20.664639,20.983292,21.425838,21.380617,20.453098,20.44328,20.558048,20.558924,4.0,4.0,4.0,0.0,4.0,0.0,0.0,0.0
32221,2023.0,8.0,12.0,18.0,21.058111,21.590105,20.102272,20.243528,21.249245,21.854767,21.003277,21.523203,20.541374,20.525393,20.468618,20.546291,22.116758,22.738338,21.406143,22.256699,20.483913,20.476437,0.0,4.0,0.0,0.0,0.0,4.0,4.0,0.0
32222,2023.0,8.0,12.0,18.0,21.373598,22.119404,20.32596,20.752949,20.983229,21.354143,21.124733,21.685926,20.498798,20.481287,20.303637,20.302973,21.665453,21.69431,20.947113,21.200119,20.418552,20.402206,4.0,0.0,4.0,0.0,0.0,0.0,0.0,0.0
32223,2023.0,8.0,12.0,18.0,21.47455,22.177763,20.435413,20.85564,21.01611,21.402653,20.99982,21.439283,20.466927,20.449207,20.258574,20.246845,21.401909,21.350367,21.020123,21.328579,21.264118,22.049185,4.0,0.0,0.0,0.0,0.0,0.0,0.0,4.0
32224,2023.0,8.0,12.0,18.0,20.973501,21.286825,20.10751,20.21936,21.011917,21.380234,21.016869,21.458078,20.438457,20.419662,20.235165,20.221582,21.323763,21.260296,21.008768,21.290003,20.770155,20.835749,0.0,0.0,0.0,0.0,0.0,0.0,0.0,0.0
32225,2023.0,8.0,12.0,18.0,21.359974,22.031265,20.328825,20.729366,21.012518,21.370394,21.014467,21.439339,21.088465,21.669302,20.214626,20.199945,21.30366,21.268135,21.010208,21.27957,20.453754,20.432793,4.0,0.0,0.0,4.0,0.0,0.0,0.0,0.0
32226,2023.0,8.0,12.0,19.0,20.9739,21.270727,20.08826,20.187752,21.01101,21.361908,21.21599,21.788506,20.72083,20.764252,20.195278,20.17981,21.275331,21.241987,21.009022,21.269249,21.180696,21.869623,0.0,0.0,4.0,0.0,0.0,0.0,0.0,4.0
32227,2023.0,8.0,12.0,19.0,21.01845,21.374374,20.319693,20.718517,21.291752,21.8687,21.2479,21.768518,20.473846,20.437773,20.17483,20.156906,21.240871,21.206427,21.009071,21.262966,21.450563,22.136984,4.0,4.0,4.0,0.0,0.0,0.0,0.0,4.0
32228,2023.0,8.0,12.0,19.0,21.008678,21.361805,20.406105,20.7813,20.970186,21.240454,20.987041,21.323938,20.40672,20.361433,20.155338,20.13578,21.209045,21.173704,21.701704,22.550245,20.775831,20.795387,4.0,0.0,0.0,0.0,0.0,0.0,4.0,0.0
32229,2023.0,8.0,12.0,19.0,21.411552,22.113533,20.071672,20.137283,21.0188,21.34299,21.018915,21.393494,21.054602,21.619398,20.135462,20.114264,21.178352,21.142355,20.96909,21.096228,21.318592,22.016941,0.0,0.0,0.0,4.0,0.0,0.0,0.0,4.0
32230,2023.0,8.0,12.0,19.0,21.4989,22.133163,20.276218,20.617472,21.012709,21.330349,21.17187,21.65545,20.672375,20.683605,20.460678,20.74188,21.911709,22.564375,21.022243,21.228401,20.788761,20.803112,4.0,0.0,4.0,0.0,4.0,4.0,0.0,0.0
32231,2023.0,8.0,12.0,19.0,21.51343,22.134184,20.001608,20.092054,21.01084,21.329437,21.22828,21.709536,21.062542,21.568213,20.29406,20.322668,21.403189,21.377188,21.009745,21.214142,20.474361,20.415173,0.0,0.0,4.0,4.0,0.0,0.0,0.0,0.0
32232,2023.0,8.0,12.0,20.0,21.536491,22.147352,19.851852,19.832289,21.011196,21.33087,21.23908,21.710648,21.25665,21.756147,20.147718,20.12518,21.85088,22.394415,21.011578,21.222788,20.37242,20.301731,0.0,0.0,4.0,4.0,0.0,4.0,0.0,0.0
32233,2023.0,8.0,12.0,20.0,21.556047,22.158226,20.239988,20.611523,21.011105,21.330502,21.245914,21.710403,20.710455,20.680061,20.456942,20.738604,22.013966,22.524584,21.009058,21.225153,20.307327,20.233982,4.0,0.0,4.0,0.0,4.0,4.0,0.0,0.0
32234,2023.0,8.0,12.0,20.0,21.57341,22.16878,19.977549,20.073622,21.011095,21.329742,20.982433,21.266438,20.458921,20.369967,20.25651,20.256207,22.054028,22.55543,21.009747,21.230951,20.297697,20.265799,0.0,0.0,0.0,0.0,0.0,4.0,0.0,0.0
32235,2023.0,8.0,12.0,20.0,21.595234,22.19135,20.294926,20.693735,21.297329,21.850924,21.173239,21.624039,20.37802,20.28345,20.08346,20.009792,22.09161,22.583956,21.00917,21.232885,20.272125,20.24259,4.0,4.0,4.0,0.0,0.0,4.0,0.0,0.0
32236,2023.0,8.0,12.0,20.0,20.99581,21.168146,19.989168,20.083618,20.976385,21.23025,21.225552,21.670553,21.06985,21.643192,20.011108,19.922709,22.12147,22.604578,21.009455,21.234573,20.24048,20.212175,0.0,0.0,4.0,4.0,0.0,4.0,0.0,0.0
32237,2023.0,8.0,12.0,20.0,21.018007,21.256952,20.210455,20.508196,21.021015,21.322786,20.989899,21.27102,20.649231,20.60405,20.01801,19.977156,21.501978,21.4081,21.00956,21.235415,20.209166,20.179934,4.0,0.0,0.0,0.0,0.0,0.0,0.0,0.0
32238,2023.0,8.0,12.0,21.0,21.00873,21.263962,20.294407,20.587814,21.013979,21.307875,21.019712,21.341852,20.369116,20.26298,20.342022,20.591204,21.980417,22.498322,21.00951,21.235895,20.180077,20.150322,4.0,0.0,0.0,0.0,4.0,4.0,0.0,0.0
32239,2023.0,8.0,12.0,21.0,21.010174,21.281996,20.310246,20.596664,21.29963,21.833689,21.015667,21.33744,20.975998,21.473314,20.176607,20.173512,21.465384,21.36705,21.009657,21.236517,20.152006,20.119398,4.0,4.0,0.0,4.0,0.0,0.0,0.0,0.0
32240,2023.0,8.0,12.0,21.0,21.006502,21.291552,19.988249,20.040476,20.9701,21.191107,21.012207,21.339432,21.170214,21.627342,20.052013,20.014706,21.92226,22.417356,21.684427,22.494083,20.957516,21.662727,0.0,0.0,0.0,4.0,0.0,4.0,4.0,4.0
32241,2023.0,8.0,12.0,21.0,21.00707,21.303476,19.818003,19.743097,21.020765,21.30082,21.012547,21.344856,21.21764,21.666388,20.013365,19.972748,22.070139,22.532146,20.956528,21.050032,21.19501,21.807173,0.0,0.0,0.0,4.0,0.0,4.0,0.0,4.0
32242,2023.0,8.0,12.0,21.0,21.440186,22.115213,19.721102,19.622856,21.190477,21.597914,21.253561,21.781935,20.660732,20.581432,19.986502,19.944347,21.446571,21.333347,21.02615,21.21245,20.504011,20.445253,0.0,4.0,4.0,0.0,0.0,0.0,0.0,0.0
32243,2023.0,8.0,12.0,21.0,21.494043,22.061398,19.738714,19.702475,20.98834,21.221817,20.97885,21.249086,21.047203,21.48608,20.290014,20.532534,21.912064,22.395983,21.010994,21.193779,20.22151,20.110981,0.0,0.0,0.0,4.0,4.0,4.0,0.0,0.0
32244,2023.0,8.0,12.0,22.0,20.968311,21.15491,19.73731,19.712112,21.018671,21.289562,21.021732,21.3406,20.621637,20.531008,20.461796,20.74547,21.405144,21.28244,21.013182,21.204182,20.139656,20.028381,0.0,0.0,0.0,0.0,4.0,0.0,0.0,0.0
32245,2023.0,8.0,12.0,22.0,21.017656,21.284107,19.715765,19.689417,21.01481,21.283989,21.016119,21.330647,20.370178,20.233925,20.094522,20.001587,21.888277,22.385485,21.009096,21.207275,20.08458,19.971788,0.0,0.0,0.0,0.0,0.0,4.0,0.0,0.0
32246,2023.0,8.0,12.0,22.0,21.01023,21.282597,19.693289,19.664608,21.01051,21.284935,21.012156,21.33197,20.284266,20.143711,19.905313,19.77257,21.3735,21.244764,21.702667,22.510359,20.111008,20.070555,0.0,0.0,0.0,0.0,0.0,0.0,4.0,0.0
32247,2023.0,8.0,12.0,22.0,21.007055,21.292809,19.671932,19.641132,21.01119,21.291878,21.012882,21.33909,20.953323,21.471699,20.147522,20.275415,21.11175,20.933168,20.954882,21.02922,20.097307,20.052492,0.0,0.0,0.0,4.0,4.0,0.0,0.0,0.0
32248,2023.0,8.0,12.0,22.0,21.445696,22.119473,19.651592,19.61793,21.011385,21.296194,21.012888,21.342922,21.209705,21.724903,19.978449,19.923855,21.022419,20.837873,21.027945,21.20174,20.067505,20.020483,0.0,0.0,0.0,4.0,0.0,0.0,0.0,0.0
32249,2023.0,8.0,12.0,22.0,21.4623,21.993303,19.63285,19.596916,21.011381,21.29924,21.013111,21.345955,20.57806,20.47068,19.940699,19.883055,21.072268,20.9992,21.012087,21.184128,20.040426,19.991795,0.0,0.0,0.0,0.0,0.0,0.0,0.0,0.0
32250,2023.0,8.0,12.0,23.0,20.9487,21.11831,19.614027,19.575176,21.011477,21.301744,21.247211,21.769922,20.296555,20.135572,20.212036,20.420065,21.059877,20.984638,21.0143,21.196064,20.014982,19.96467,0.0,0.0,4.0,0.0,4.0,0.0,0.0,0.0
32251,2023.0,8.0,12.0,23.0,20.706423,20.69239,19.597776,19.55753,20.703924,20.711864,20.770407,20.803898,20.209538,20.047224,20.353558,20.593319,21.025375,20.950602,20.750458,20.701172,19.992538,19.941423,0.0,0.0,0.0,0.0,4.0,0.0,0.0,0.0
32252,2023.0,8.0,12.0,23.0,20.590286,20.547514,19.583437,19.540854,20.558834,20.507341,20.427078,20.246372,20.258839,20.198294,20.395847,20.64067,20.995441,20.918552,20.654032,20.591808,19.972763,19.919882,0.0,0.0,0.0,0.0,4.0,0.0,0.0,0.0
32253,2023.0,8.0,12.0,23.0,21.340559,22.031668,19.570827,19.527456,20.495897,20.444204,20.313444,20.128616,20.23977,20.175879,20.29346,20.40976,20.968147,20.8913,20.598057,20.5372,19.95414,19.900898,0.0,0.0,0.0,0.0,4.0,0.0,0.0,0.0
32254,2023.0,8.0,12.0,23.0,20.809881,20.873674,19.557734,19.512676,20.443298,20.38981,20.347397,20.275352,20.21055,20.14613,19.97387,19.82486,20.940853,20.862774,20.54743,20.485365,19.934582,19.880175,0.0,0.0,0.0,0.0,0.0,0.0,0.0,0.0
32255,2023.0,8.0,12.0,23.0,20.563244,20.51221,19.54324,19.49515,20.394072,20.335472,20.326681,20.271944,20.180923,20.11364,19.829496,19.638351,20.913052,20.832174,20.499844,20.434332,19.913752,19.857063,0.0,0.0,0.0,0.0,0.0,0.0,0.0,0.0
32256,2023.0,8.0,13.0,0.0,20.496645,20.450743,19.531328,19.48315,20.35717,20.301264,20.288397,20.23685,20.15526,20.088524,19.875996,19.793861,20.889183,20.808662,20.460764,20.396414,20.619102,21.20138,0.0,0.0,0.0,0.0,0.0,0.0,0.0,4.0
32257,2023.0,8.0,13.0,0.0,20.585054,20.68437,19.51677,19.466183,20.317215,20.257526,20.246107,20.190912,20.127108,20.057838,19.868214,19.79452,20.863169,20.78026,20.420858,20.353746,20.901611,21.567154,0.0,0.0,0.0,0.0,0.0,0.0,0.0,4.0
32258,2023.0,8.0,13.0,0.0,20.568241,20.667727,19.505009,19.454779,20.286343,20.229107,20.213146,20.160618,20.67111,21.10118,19.840149,19.767693,20.840782,20.758434,20.38747,20.321466,20.166893,20.070654,0.0,0.0,0.0,4.0,0.0,0.0,0.0,0.0
32259,2023.0,8.0,13.0,0.0,20.542633,20.641584,19.49175,19.440256,20.254196,20.195866,20.17892,20.12519,20.291357,20.263248,20.11082,20.298473,20.817282,20.733719,20.353975,20.286753,19.949791,19.789948,0.0,0.0,0.0,0.0,4.0,0.0,0.0,0.0
32260,2023.0,8.0,13.0,0.0,20.517889,20.616362,19.47909,19.426699,20.224873,20.166428,20.147598,20.093765,20.162453,20.093557,19.913048,19.874102,20.79504,20.710917,20.323208,20.255638,20.624447,21.12597,0.0,0.0,0.0,0.0,0.0,0.0,0.0,4.0
32261,2023.0,8.0,13.0,0.0,20.492918,20.590237,19.466225,19.412548,20.19642,20.137167,20.11726,20.06256,20.119392,20.048182,19.815172,19.74002,20.772896,20.687761,20.293428,20.22493,20.083689,19.962517,0.0,0.0,0.0,0.0,0.0,0.0,0.0,0.0
32262,2023.0,8.0,13.0,1.0,20.469057,20.565617,19.453548,19.398867,20.169804,20.110214,20.088963,20.033882,20.083858,20.011969,19.78065,19.704256,20.751604,20.665833,21.167816,21.896122,19.902761,19.737501,0.0,0.0,0.0,0.0,0.0,0.0,4.0,0.0
32263,2023.0,8.0,13.0,1.0,20.445425,20.540434,19.440916,19.385445,20.144451,20.084429,20.061714,20.006294,20.052723,19.980013,19.749622,19.672419,20.730783,20.644407,20.468014,20.367933,19.83623,19.671358,0.0,0.0,0.0,0.0,0.0,0.0,0.0,0.0
32264,2023.0,8.0,13.0,1.0,20.421223,20.513594,19.426964,19.36945,20.118195,20.05555,20.033108,19.975126,20.022243,19.947037,19.719412,19.639277,20.709206,20.620972,20.229656,20.046167,19.891722,19.837336,0.0,0.0,0.0,0.0,0.0,0.0,0.0,0.0
32265,2023.0,8.0,13.0,1.0,20.400288,20.492641,19.415337,19.358183,20.096533,20.035156,20.009443,19.953068,20.583778,21.026438,19.995867,20.179161,20.690304,20.602448,20.163797,19.985016,19.867159,19.80221,0.0,0.0,0.0,4.0,4.0,0.0,0.0,0.0
32266,2023.0,8.0,13.0,1.0,20.378899,20.470165,19.402727,19.3448,20.07378,20.012058,19.984835,19.92821,20.186586,20.154684,20.114939,20.342024,20.670929,20.582546,20.106758,19.926577,19.839005,19.773167,0.0,0.0,0.0,0.0,4.0,0.0,0.0,0.0
32267,2023.0,8.0,13.0,1.0,20.357922,20.44781,19.390146,19.331108,20.051188,19.988817,19.960724,19.90341,19.943504,19.75633,19.828264,19.770758,20.65171,20.562593,20.162048,20.083889,19.812511,19.74586,0.0,0.0,0.0,0.0,0.0,0.0,0.0,0.0
32268,2023.0,8.0,13.0,2.0,20.336975,20.425184,19.37692,19.316069,20.02811,19.964172,19.93632,19.877306,19.858002,19.661158,19.733519,19.650066,20.632412,20.542149,20.1547,20.08111,19.786514,19.718641,0.0,0.0,0.0,0.0,0.0,0.0,0.0,0.0
32269,2023.0,8.0,13.0,2.0,20.31816,20.406683,19.365974,19.305899,20.008173,19.945375,19.915161,19.857265,19.938274,19.87559,19.697124,19.61458,20.615297,20.52574,20.133547,20.06063,19.763435,19.696209,0.0,0.0,0.0,0.0,0.0,0.0,0.0,0.0
32270,2023.0,8.0,13.0,2.0,20.300024,20.389101,19.355831,19.297262,19.990004,19.929295,19.895832,19.840105,19.919659,19.843601,19.976776,20.166805,20.599533,20.51122,20.11273,20.041061,19.742434,19.676485,0.0,0.0,0.0,0.0,4.0,0.0,0.0,0.0
32271,2023.0,8.0,13.0,2.0,20.281239,20.370094,19.34481,19.286863,19.970797,19.910774,19.87542,19.820368,19.89736,19.822393,19.743153,19.67142,20.583652,20.495834,20.091454,20.020214,19.721642,19.656063,0.0,0.0,0.0,0.0,0.0,0.0,0.0,0.0
32272,2023.0,8.0,13.0,2.0,20.263176,20.35212,19.333752,19.276201,19.951826,19.89225,19.855337,19.80069,19.876932,19.802418,19.674171,19.593824,20.568481,20.48117,20.071054,20.000275,19.702038,19.636873,0.0,0.0,0.0,0.0,0.0,0.0,0.0,0.0
32273,2023.0,8.0,13.0,2.0,20.24644,20.336456,19.324,19.268219,19.9352,19.87806,19.837769,19.785646,19.858727,19.786152,19.646006,19.568699,20.55502,20.469276,20.052706,19.9836,20.413404,20.993065,0.0,0.0,0.0,0.0,0.0,0.0,0.0,4.0
32274,2023.0,8.0,13.0,3.0,20.228752,20.31875,19.313147,19.258167,19.917334,19.861046,19.819017,19.767694,19.840347,19.768463,19.619427,19.54269,20.541315,20.456266,20.03414,19.965664,19.938238,19.934471,0.0,0.0,0.0,0.0,0.0,0.0,0.0,0.0
32275,2023.0,8.0,13.0,3.0,20.211435,20.30152,19.302204,19.248028,19.89977,19.844336,19.80079,19.750217,20.404366,20.844366,19.596487,19.520426,20.52816,20.443825,20.016354,19.948551,20.398289,20.864315,0.0,0.0,0.0,4.0,0.0,0.0,0.0,4.0
32276,2023.0,8.0,13.0,3.0,20.194517,20.284668,19.291204,19.237799,19.88242,19.827803,19.78294,19.733051,20.635216,21.145397,19.57567,19.500368,20.515404,20.431782,19.999147,19.93202,19.864864,19.74503,0.0,0.0,0.0,4.0,0.0,0.0,0.0,0.0
32277,2023.0,8.0,13.0,3.0,20.177576,20.267063,19.27932,19.225735,19.86401,19.808926,19.76408,19.713552,20.570272,20.919176,19.555336,19.479628,20.502344,20.418827,19.9817,19.91454,19.693403,19.529867,0.0,0.0,0.0,4.0,0.0,0.0,0.0,0.0
32278,2023.0,8.0,13.0,3.0,20.16276,20.253023,19.269217,19.217148,19.848152,19.794968,19.74775,19.69911,20.029722,19.875603,19.839718,20.02837,20.490644,20.408365,19.96595,19.900066,19.639095,19.482155,0.0,0.0,0.0,0.0,4.0,0.0,0.0,0.0
32279,2023.0,8.0,13.0,3.0,20.146868,20.236769,19.258022,19.206223,19.830805,19.777845,19.72978,19.681343,19.864014,19.675991,19.624527,19.56034,20.478329,20.396467,19.949594,19.884026,19.692205,19.63704,0.0,0.0,0.0,0.0,0.0,0.0,0.0,0.0
32280,2023.0,8.0,13.0,4.0,20.134592,20.227968,19.24779,19.197107,20.48123,21.01678,19.713274,19.666348,19.802313,19.620949,19.565561,19.494242,20.46688,20.386122,19.934404,19.869982,19.677082,19.617615,0.0,4.0,0.0,0.0,0.0,0.0,0.0,0.0
32281,2023.0,8.0,13.0,4.0,20.13221,20.238073,19.236637,19.186224,20.088512,20.133444,19.695837,19.649311,19.854557,19.77942,19.83635,20.021906,20.455038,20.374676,19.919035,19.855005,19.654625,19.595219,0.0,0.0,0.0,0.0,4.0,0.0,0.0,0.0
32282,2023.0,8.0,13.0,4.0,20.119495,20.225554,19.224823,19.174042,19.772522,19.58925,19.677725,19.630753,19.848534,19.77917,19.9706,20.214079,20.443113,20.362736,19.903934,19.839848,19.633017,19.57323,0.0,0.0,0.0,0.0,4.0,0.0,0.0,0.0
32283,2023.0,8.0,13.0,4.0,20.105438,20.211557,19.214176,19.163881,19.698156,19.510326,19.661234,19.615105,19.825169,19.757595,19.575327,19.421413,20.431849,20.352142,19.889711,19.826351,19.613354,19.554403,0.0,0.0,0.0,0.0,0.0,0.0,0.0,0.0
32284,2023.0,8.0,13.0,4.0,20.090073,20.195278,19.202332,19.151217,19.782917,19.727367,19.643227,19.596191,19.80104,19.732803,19.436483,19.244495,20.419575,20.339716,19.874376,19.810843,19.593264,19.53388,0.0,0.0,0.0,0.0,0.0,0.0,0.0,0.0
32285,2023.0,8.0,13.0,4.0,20.07531,20.18027,19.19115,19.140203,19.773306,19.71975,19.626417,19.579674,19.778822,19.710978,19.511274,19.444273,20.407633,20.3281,19.859402,19.796194,19.57467,19.515627,0.0,0.0,0.0,0.0,0.0,0.0,0.0,0.0
32286,2023.0,8.0,13.0,5.0,20.060993,20.166162,19.180826,19.131205,19.756721,19.705275,19.611055,19.56601,20.334148,20.772673,19.501444,19.430836,20.39631,20.317766,19.845154,19.782991,20.286488,20.87196,0.0,0.0,0.0,4.0,0.0,0.0,0.0,4.0
32287,2023.0,8.0,13.0,5.0,20.046032,20.150684,19.169392,19.11997,19.73849,19.687487,19.594547,19.549671,19.965569,19.954557,19.482431,19.41237,21.08668,21.635202,19.830212,19.768318,19.811937,19.815441,0.0,0.0,0.0,0.0,0.0,4.0,0.0,0.0
32288,2023.0,8.0,13.0,5.0,20.031773,20.136173,19.158209,19.109098,19.720585,19.670113,19.578629,19.53405,19.830696,19.767002,19.463972,19.394403,20.501923,20.375383,19.815504,19.75403,19.57761,19.440048,0.0,0.0,0.0,0.0,0.0,0.0,0.0,0.0
32289,2023.0,8.0,13.0,5.0,20.017149,20.120823,19.146704,19.097485,19.702515,19.651861,19.562347,19.51753,19.791199,19.72546,19.754644,19.955425,20.320997,20.120518,19.800447,19.738976,19.499723,19.350645,0.0,0.0,0.0,0.0,4.0,0.0,0.0,0.0
32290,2023.0,8.0,13.0,5.0,20.003305,20.107086,19.136074,19.087435,19.68584,19.6361,19.547155,19.503126,19.76126,19.696684,19.56302,19.535328,20.277319,20.079626,20.708586,21.462791,19.540976,19.479841,0.0,0.0,0.0,0.0,0.0,0.0,4.0,0.0
32291,2023.0,8.0,13.0,5.0,19.988886,20.092318,19.125252,19.076761,19.669024,19.619568,19.53159,19.48783,19.735115,19.670662,19.76173,19.944925,20.3525,20.268366,20.024773,19.952898,19.535639,19.479378,0.0,0.0,0.0,0.0,4.0,0.0,0.0,0.0
32292,2023.0,8.0,13.0,6.0,20.639948,21.327261,19.114492,19.065996,19.652517,19.603098,19.516062,19.472383,19.711449,19.647022,19.89433,20.137426,20.359318,20.279781,19.801567,19.645388,19.51554,19.459246,0.0,0.0,0.0,0.0,4.0,0.0,0.0,0.0
32293,2023.0,8.0,13.0,6.0,21.054546,21.953238,19.104813,19.056992,21.172638,22.321909,21.189878,22.463793,19.690691,19.62684,20.015965,20.305317,21.101118,21.583397,21.282312,22.285442,20.257421,20.876303,0.0,0.0,0.0,0.0,4.0,0.0,0.0,4.0
32294,2023.0,8.0,13.0,6.0,21.018303,21.764269,19.0944,19.046885,20.999765,21.816225,20.99956,21.903782,19.669888,19.606527,20.000854,20.232407,21.34233,21.95973,21.00412,21.656698,19.947262,20.121576,0.0,0.0,0.0,0.0,4.0,4.0,0.0,0.0
32295,2023.0,8.0,13.0,6.0,20.994192,21.623178,19.084587,19.037392,21.023806,21.76622,21.026142,21.847013,19.652094,19.589504,20.018202,20.250378,21.296894,21.738453,21.02036,21.621288,20.394009,20.938097,0.0,0.0,0.0,0.0,0.0,4.0,0.0,4.0
32296,2023.0,8.0,13.0,6.0,21.051346,21.716433,19.07474,19.02748,21.007236,21.63246,21.056025,21.823032,19.636581,19.57474,19.92354,20.02179,21.329735,21.774635,21.044294,21.612986,20.557276,21.09098,0.0,4.0,0.0,0.0,4.0,4.0,0.0,4.0
32297,2023.0,8.0,13.0,6.0,20.992714,21.539381,19.066423,19.02032,21.006872,21.594511,21.01859,21.704744,19.623716,19.563128,20.029757,20.24257,20.979662,21.131382,21.404274,22.224215,19.94456,19.980734,0.0,4.0,0.0,0.0,0.0,0.0,4.0,0.0
32298,2023.0,8.0,13.0,7.0,21.028837,21.613384,19.057539,19.01184,21.032064,21.630522,21.022734,21.678013,19.611912,19.552212,19.765102,19.720572,21.019121,21.20919,20.95637,21.338615,19.701014,19.548498,0.0,0.0,0.0,0.0,0.0,0.0,0.0,0.0
32299,2023.0,8.0,13.0,7.0,21.019428,21.543522,19.049532,19.005201,21.024918,21.58583,20.995537,21.577696,19.60246,19.544304,20.0131,20.274315,21.013561,21.193857,21.316092,21.98802,19.58357,19.432585,0.0,0.0,4.0,0.0,4.0,0.0,4.0,0.0
32300,2023.0,8.0,13.0,7.0,21.023973,21.549105,19.042387,18.999613,20.999369,21.489466,21.001389,21.576735,20.241768,20.754204,19.999983,20.18503,21.330574,21.769972,21.421211,22.07119,19.620237,19.563663,0.0,4.0,4.0,4.0,0.0,4.0,4.0,0.0
32301,2023.0,8.0,13.0,7.0,21.040113,21.57072,19.035456,18.993937,21.031414,21.560202,21.006933,21.56743,19.949436,20.059004,19.76181,19.718187,20.965466,21.059372,21.47367,22.123625,19.619896,19.56979,0.0,0.0,4.0,0.0,0.0,0.0,4.0,0.0
32302,2023.0,8.0,13.0,7.0,21.019905,21.552387,19.483288,19.842232,21.023966,21.53063,21.032429,21.62403,19.694225,19.553574,19.64686,19.584133,21.36069,21.807642,21.519215,22.167835,19.598787,19.55099,4.0,0.0,0.0,0.0,0.0,4.0,4.0,0.0
32303,2023.0,8.0,13.0,7.0,21.020647,21.546047,20.054945,20.717796,21.024195,21.517761,21.025986,21.593443,19.578457,19.43008,20.005188,20.298613,21.485777,21.934225,20.954773,21.175522,19.579964,19.53325,4.0,0.0,0.0,0.0,4.0,4.0,0.0,0.0
32304,2023.0,8.0,13.0,8.0,21.086332,21.633448,20.017353,20.564188,21.017853,21.50635,21.026098,21.578022,19.62969,19.567966,19.995546,20.187817,21.53429,21.982853,21.438135,22.10826,19.564346,19.518084,0.0,0.0,0.0,0.0,0.0,4.0,4.0,0.0
32305,2023.0,8.0,13.0,8.0,20.553265,20.618826,19.485023,19.474503,20.545662,20.59815,20.904716,21.302656,20.331974,20.881922,20.126646,20.398588,21.578926,22.028753,20.739735,20.65905,20.415276,21.136631,0.0,0.0,4.0,4.0,4.0,4.0,0.0,4.0
32306,2023.0,8.0,13.0,8.0,20.335318,20.328695,19.769323,20.10916,20.965206,21.493683,20.872452,21.263966,19.958021,20.09234,19.99375,20.133263,21.61992,22.073381,20.461716,20.291101,19.943048,20.142649,4.0,4.0,4.0,0.0,0.0,4.0,0.0,0.0
32307,2023.0,8.0,13.0,8.0,20.888231,21.460627,20.011932,20.451872,20.569036,20.637363,20.859888,21.258842,19.725971,19.619286,19.739,19.627752,21.019863,20.910429,21.26854,21.92449,19.665245,19.575323,4.0,0.0,4.0,0.0,0.0,0.0,4.0,0.0
32308,2023.0,8.0,13.0,8.0,21.058495,21.6295,20.002304,20.39684,20.157518,20.032377,20.317436,20.262627,20.284195,20.742937,19.94502,20.100634,20.747429,20.562527,20.710014,20.6361,19.541546,19.429611,4.0,0.0,0.0,4.0,4.0,0.0,0.0,0.0
32309,2023.0,8.0,13.0,8.0,20.501932,20.56742,20.02142,20.425201,20.00513,19.86122,20.016981,19.888752,19.968819,20.022394,20.089066,20.268847,21.385607,21.843071,20.374594,20.226917,19.571093,19.516743,0.0,0.0,0.0,0.0,4.0,4.0,0.0,0.0
32310,2023.0,8.0,13.0,9.0,20.249693,20.269854,19.572096,19.537216,20.01253,19.95782,19.903372,19.774033,19.779083,19.662079,19.99799,20.094604,21.610012,22.087538,20.27207,20.122551,19.582859,19.534676,0.0,0.0,0.0,0.0,0.0,4.0,0.0,0.0
32311,2023.0,8.0,13.0,9.0,20.168009,20.189316,19.335361,19.236013,19.989185,19.948586,19.912388,19.872179,19.698078,19.571228,19.74062,19.587765,21.674557,22.155989,20.211138,20.066133,19.578348,19.530708,0.0,0.0,0.0,0.0,0.0,4.0,0.0,0.0
32312,2023.0,8.0,13.0,9.0,20.219652,20.343042,19.348629,19.32049,19.953964,19.916056,19.883192,19.851675,19.744287,19.685873,19.753742,19.681799,21.721643,22.206793,20.244331,20.176903,19.573723,19.526213,0.0,0.0,0.0,0.0,0.0,4.0,0.0,0.0
32313,2023.0,8.0,13.0,9.0,20.198366,20.32532,19.76164,20.12171,19.922691,19.890512,19.847828,19.8227,19.746939,19.690207,20.10534,20.349882,21.109867,21.020594,20.227448,20.163939,19.56928,19.522417,4.0,0.0,0.0,0.0,4.0,0.0,0.0,0.0
32314,2023.0,8.0,13.0,9.0,20.836063,21.54822,20.016169,20.503447,20.55846,21.116377,20.483963,21.053686,19.743286,19.687956,19.985989,20.093447,21.611095,22.071198,20.204798,20.143745,19.56509,19.518736,4.0,4.0,4.0,0.0,0.0,4.0,0.0,0.0
32315,2023.0,8.0,13.0,9.0,20.393167,20.508112,19.999262,20.414347,20.221508,20.295197,20.60402,21.07519,20.451387,21.030396,19.839542,19.797613,21.152037,21.070112,20.181156,20.12202,19.561796,19.51599,4.0,0.0,4.0,4.0,0.0,0.0,0.0,0.0
32316,2023.0,8.0,13.0,10.0,20.798063,21.43411,20.00129,20.385206,19.911734,19.846796,20.082726,20.089245,20.001585,20.062485,19.769493,19.707113,21.586756,22.046457,21.138025,21.951393,19.560448,19.515034,4.0,0.0,0.0,0.0,0.0,4.0,4.0,0.0
32317,2023.0,8.0,13.0,10.0,20.97071,21.589602,20.019228,20.414146,19.814646,19.732264,20.439756,20.90965,19.819588,19.724043,20.125347,20.388958,21.795923,22.297543,20.577477,20.574642,19.559513,19.513477,0.0,0.0,4.0,0.0,4.0,4.0,0.0,0.0
32318,2023.0,8.0,13.0,10.0,21.011454,21.627491,19.626152,19.637497,19.821995,19.792442,20.063107,20.06549,19.762331,19.656506,19.98947,20.061077,21.20266,21.131306,20.238844,20.13305,19.559835,19.512781,0.0,0.0,0.0,0.0,0.0,0.0,0.0,0.0
32319,2023.0,8.0,13.0,10.0,21.04572,21.655888,19.41098,19.36172,19.812357,19.792904,20.44047,20.928057,19.788095,19.723635,19.865433,19.813358,21.642591,22.11474,20.162354,20.048906,19.561214,19.512863,0.0,0.0,4.0,0.0,0.0,4.0,0.0,0.0
32320,2023.0,8.0,13.0,10.0,20.513474,20.63762,19.388767,19.370312,19.79209,19.775183,20.554163,21.040413,19.800001,19.73981,19.823494,19.754347,21.796644,22.30968,21.069914,21.786545,19.56401,19.51413,0.0,0.0,4.0,0.0,0.0,4.0,4.0,0.0
32321,2023.0,8.0,13.0,10.0,20.967463,21.600117,19.802803,20.17547,19.771322,19.75596,20.04915,20.059713,19.803097,19.742199,19.815752,19.744207,21.209423,21.1501,21.343626,22.094711,19.568,19.51671,4.0,0.0,0.0,0.0,0.0,0.0,4.0,0.0
32322,2023.0,8.0,13.0,11.0,20.489416,20.615902,20.028637,20.5266,20.423662,21.001316,19.860725,19.800253,19.805748,19.743742,19.811708,19.738297,21.709051,22.175537,21.462175,22.20723,19.572443,19.519926,0.0,4.0,0.0,0.0,0.0,4.0,4.0,0.0
32323,2023.0,8.0,13.0,11.0,20.257717,20.346046,19.651777,19.74527,20.104307,20.198587,20.409092,20.899263,19.809267,19.747883,19.811253,19.738632,21.922686,22.44024,20.72546,20.725971,19.578077,19.526007,0.0,0.0,4.0,0.0,0.0,4.0,0.0,0.0
32324,2023.0,8.0,13.0,11.0,20.869194,21.544653,19.480299,19.488535,19.8742,19.83474,20.010105,20.047525,19.81358,19.753319,19.814522,19.743212,21.335485,21.291763,20.472282,20.359924,19.583683,19.53259,0.0,0.0,0.0,0.0,0.0,0.0,0.0,0.0
32325,2023.0,8.0,13.0,11.0,20.42447,20.587755,19.426142,19.430336,19.813128,19.77186,19.835007,19.803614,19.817804,19.758986,19.818312,19.748886,21.125734,20.978184,20.395075,20.283987,19.589165,19.539309,0.0,0.0,0.0,0.0,0.0,0.0,0.0,0.0
32326,2023.0,8.0,13.0,11.0,20.261292,20.368935,19.820278,20.202282,19.806599,19.79873,19.784424,19.759684,20.508558,21.059465,19.822319,19.754938,21.058056,20.912357,20.350561,20.247389,19.594103,19.545643,4.0,0.0,0.0,4.0,0.0,0.0,0.0,0.0
32327,2023.0,8.0,13.0,11.0,20.213123,20.327255,20.025208,20.518507,19.790085,19.790854,19.76935,19.773148,20.13427,20.19139,19.827444,19.762323,21.017595,20.87999,20.320068,20.22455,19.598965,19.551966,0.0,0.0,0.0,0.0,0.0,0.0,0.0,0.0
32328,2023.0,8.0,13.0,12.0,20.19935,20.345228,19.998495,20.388052,20.437178,21.031836,19.744654,19.7561,19.907562,19.853662,19.834124,19.7706,21.030046,20.946465,20.318207,20.253609,19.604395,19.558517,4.0,4.0,0.0,0.0,0.0,0.0,0.0,0.0
32329,2023.0,8.0,13.0,12.0,21.101606,21.925781,20.017881,20.423565,21.083763,22.066097,21.16212,22.302774,19.881563,19.823261,19.843946,19.78322,21.024065,20.951384,21.10851,21.641123,19.611084,19.567251,0.0,0.0,0.0,0.0,0.0,0.0,0.0,0.0
32330,2023.0,8.0,13.0,12.0,21.004246,21.68776,19.684141,19.761427,21.011284,21.799644,20.970686,21.76376,19.88911,19.839201,19.857271,19.799383,21.00896,20.939924,20.997652,21.395866,19.620615,19.57891,0.0,0.0,4.0,0.0,0.0,0.0,0.0,0.0
32331,2023.0,8.0,13.0,12.0,21.037958,21.704203,19.509274,19.537209,21.009745,21.682577,21.056976,21.871264,19.898409,19.85105,19.8725,19.81789,20.996944,20.930712,21.02764,21.411545,19.632328,19.59282,0.0,4.0,0.0,0.0,0.0,0.0,0.0,0.0
32332,2023.0,8.0,13.0,12.0,21.152023,21.855364,19.891363,20.302076,21.02603,21.703426,21.017832,21.729864,20.594204,21.157219,19.887072,19.833752,21.001057,20.947584,21.672262,22.578886,19.645058,19.607258,4.0,0.0,0.0,4.0,0.0,0.0,4.0,0.0
32333,2023.0,8.0,13.0,12.0,20.997402,21.561691,20.010643,20.433443,21.01996,21.655508,21.022583,21.699577,20.927198,21.544235,19.904528,19.854906,21.000704,20.952606,20.960417,21.169191,19.659237,19.624105,0.0,0.0,0.0,4.0,0.0,0.0,0.0,0.0
32334,2023.0,8.0,13.0,13.0,21.01736,21.592142,19.695744,19.7994,21.0209,21.598783,21.019629,21.667723,20.43255,20.514326,19.921326,19.87495,21.000717,20.95753,21.02243,21.296875,19.672802,19.640577,0.0,4.0,0.0,0.0,0.0,0.0,0.0,0.0
32335,2023.0,8.0,13.0,13.0,21.01378,21.57651,19.531979,19.591375,21.03547,21.61655,21.019695,21.64811,20.203554,20.196115,20.288645,20.55538,21.773787,22.430204,21.008942,21.267368,19.683573,19.652647,0.0,4.0,0.0,0.0,4.0,4.0,0.0,0.0
32336,2023.0,8.0,13.0,13.0,21.26153,22.017189,19.477547,19.529953,21.018421,21.59785,21.01924,21.631857,20.156675,20.145878,20.147402,20.164099,21.36291,21.431293,21.009932,21.265127,19.692896,19.663702,0.0,0.0,0.0,0.0,0.0,0.0,0.0,0.0
32337,2023.0,8.0,13.0,13.0,20.97695,21.466824,19.446758,19.500973,21.018621,21.58657,21.019098,21.619272,20.118755,20.084002,20.03349,19.998371,21.110855,21.074665,21.009033,21.260183,20.617575,21.411816,0.0,0.0,0.0,0.0,0.0,0.0,0.0,4.0
32338,2023.0,8.0,13.0,13.0,21.02716,21.581535,19.420973,19.475853,21.036005,21.607277,21.038792,21.645748,20.096426,20.060137,20.019535,19.980812,21.061298,21.017374,21.020008,21.278677,20.9887,21.78603,0.0,0.0,0.0,0.0,0.0,0.0,0.0,4.0
32339,2023.0,8.0,13.0,13.0,21.010685,21.540144,19.833715,20.269075,21.014482,21.556017,21.015388,21.59048,20.087807,20.05454,20.019226,19.983055,21.818056,22.476307,21.007696,21.251797,20.347254,20.477613,4.0,0.0,0.0,0.0,0.0,4.0,0.0,0.0
32340,2023.0,8.0,13.0,14.0,21.282356,22.034151,20.014181,20.473303,21.016987,21.553722,21.018362,21.589859,20.08121,20.05075,20.021204,19.98841,21.42132,21.506989,21.009205,21.253601,20.057804,20.083673,4.0,0.0,0.0,0.0,0.0,0.0,0.0,0.0
32341,2023.0,8.0,13.0,14.0,21.377289,22.121494,20.009989,20.446991,20.57945,20.705294,21.10038,21.712337,20.076166,20.047913,20.023445,19.993082,21.169687,21.153992,20.74452,20.741169,20.814682,21.557339,0.0,0.0,4.0,0.0,0.0,0.0,0.0,4.0
32342,2023.0,8.0,13.0,14.0,20.870184,21.144686,19.76699,19.953619,20.963253,21.580065,20.588703,20.728912,20.072216,20.046217,20.025665,19.997736,21.840282,22.461596,20.617264,20.58703,21.152046,21.945232,0.0,4.0,0.0,0.0,0.0,4.0,0.0,4.0
32343,2023.0,8.0,13.0,14.0,21.334333,22.126335,20.044704,20.514648,21.086227,21.712412,20.398743,20.491611,20.06954,20.045895,20.405592,20.71128,21.39043,21.489609,20.576883,20.545397,20.502813,20.640013,4.0,4.0,0.0,0.0,4.0,0.0,0.0,0.0
32344,2023.0,8.0,13.0,14.0,21.409239,22.168156,20.018017,20.412628,21.118692,21.740374,20.321405,20.417454,20.066744,20.045593,20.587059,20.971134,21.200626,21.17873,20.54566,20.514904,20.271143,20.289667,0.0,4.0,0.0,0.0,4.0,0.0,0.0,0.0
32345,2023.0,8.0,13.0,14.0,20.889751,21.171446,19.738522,19.871155,20.630293,20.801483,20.854866,21.479712,20.064228,20.045607,20.33514,20.440134,21.881313,22.510178,20.518484,20.49187,20.200455,20.22867,0.0,0.0,4.0,0.0,0.0,4.0,0.0,0.0
32346,2023.0,8.0,13.0,15.0,21.357624,22.156897,19.614931,19.691614,20.437338,20.540705,20.993402,21.631035,20.06267,20.046488,20.596016,20.954483,21.428795,21.53657,20.497917,20.473333,20.163597,20.195293,0.0,0.0,4.0,0.0,4.0,0.0,0.0,0.0
32347,2023.0,8.0,13.0,15.0,21.43578,22.202053,20.009346,20.465467,20.361183,20.461445,21.030142,21.660656,20.05913,20.043308,20.373571,20.472813,21.241566,21.233759,20.477095,20.453083,20.088865,20.075027,4.0,0.0,4.0,0.0,0.0,0.0,0.0,0.0
32348,2023.0,8.0,13.0,15.0,20.910593,21.190252,20.118061,20.585718,20.911861,21.54145,20.54073,20.715883,20.055527,20.039785,20.281096,20.330633,21.913631,22.54114,20.457952,20.43456,20.0488,20.031326,4.0,4.0,0.0,0.0,0.0,4.0,0.0,0.0
32349,2023.0,8.0,13.0,15.0,20.7261,20.948586,19.994473,20.356453,20.502775,20.666441,20.345852,20.45011,20.052145,20.036278,20.206903,20.197422,22.08699,22.750544,20.439835,20.41648,20.02229,20.004534,0.0,0.0,0.0,0.0,0.0,4.0,0.0,0.0
32350,2023.0,8.0,13.0,15.0,20.64389,20.86543,20.160084,20.641302,20.283844,20.395966,20.262474,20.367632,20.048204,20.03231,20.165752,20.147112,22.155788,22.810709,20.421375,20.398687,20.84436,21.580399,4.0,0.0,0.0,0.0,0.0,4.0,0.0,4.0
32351,2023.0,8.0,13.0,15.0,20.590996,20.80994,19.984127,20.310959,20.84366,21.483583,20.210052,20.313953,20.044022,20.027897,20.14846,20.127356,21.575476,21.667154,20.406012,20.38321,20.372126,20.51368,0.0,4.0,0.0,0.0,0.0,0.0,0.0,0.0
32352,2023.0,8.0,13.0,16.0,20.51825,20.71191,20.170795,20.645164,20.50166,20.674284,20.761026,21.386883,20.039175,20.02312,20.134005,20.112951,22.041258,22.680956,20.390572,20.368275,20.981485,21.789244,4.0,0.0,4.0,0.0,0.0,4.0,0.0,4.0
32353,2023.0,8.0,13.0,16.0,21.118525,21.873184,19.98622,20.299755,20.320755,20.41758,20.907011,21.538195,20.034023,20.017643,20.122704,20.101057,21.545195,21.64624,20.377928,20.35564,20.427458,20.579195,0.0,0.0,4.0,0.0,0.0,0.0,0.0,0.0
32354,2023.0,8.0,13.0,16.0,20.762032,21.016129,19.816555,19.975296,20.247648,20.339403,20.411385,20.561768,20.028795,20.012287,20.110815,20.0895,21.27034,21.255785,20.363964,20.341806,20.130735,20.167355,0.0,0.0,0.0,0.0,0.0,0.0,0.0,0.0
32355,2023.0,8.0,13.0,16.0,20.605074,20.808842,19.66846,19.726711,20.154287,20.19339,20.238995,20.325766,20.023876,20.007187,20.100191,20.078466,21.210348,21.182268,20.351141,20.328672,20.08234,20.107851,0.0,0.0,0.0,0.0,0.0,0.0,0.0,0.0
32356,2023.0,8.0,13.0,16.0,20.55151,20.758121,20.049084,20.478817,20.113892,20.156069,20.185041,20.277075,20.018707,20.002567,20.090443,20.069965,21.932457,22.582325,20.339298,20.317875,20.024405,20.014225,4.0,0.0,0.0,0.0,0.0,4.0,0.0,0.0
32357,2023.0,8.0,13.0,16.0,21.12298,21.864311,20.171648,20.629171,20.079279,20.120571,20.101295,20.15461,20.01241,19.996622,20.079693,20.05981,22.077677,22.7256,20.326874,20.305944,20.836254,21.574993,4.0,0.0,0.0,0.0,0.0,4.0,0.0,4.0
32358,2023.0,8.0,13.0,17.0,20.707367,20.963913,20.22554,20.697609,20.049425,20.089687,20.04719,20.091513,20.694326,21.29025,20.068874,20.049555,21.493322,21.568792,20.314249,20.293728,21.099155,21.886335,4.0,0.0,0.0,4.0,0.0,0.0,0.0,4.0
32359,2023.0,8.0,13.0,17.0,20.551634,20.749683,20.262728,20.731989,20.023348,20.062674,20.010675,20.05368,20.307337,20.408049,20.057993,20.039146,21.295189,21.265839,20.301529,20.281366,21.199028,21.976086,4.0,0.0,0.0,0.0,0.0,0.0,0.0,4.0
32360,2023.0,8.0,13.0,17.0,21.113316,21.84131,19.986425,20.245049,20.653336,21.267004,20.635399,21.254627,20.161205,20.182388,20.046759,20.028248,21.947544,22.553104,20.28886,20.269178,20.538025,20.659885,0.0,4.0,4.0,0.0,0.0,4.0,0.0,0.0
32361,2023.0,8.0,13.0,17.0,21.317547,22.048985,19.829979,19.960777,20.329887,20.45929,20.30193,20.431942,20.123558,20.14133,20.034311,20.016687,21.519377,21.583817,20.275652,20.256487,20.227474,20.246979,0.0,0.0,0.0,0.0,0.0,0.0,0.0,0.0
32362,2023.0,8.0,13.0,17.0,20.801735,21.037067,19.757816,19.864677,20.171597,20.241646,20.759945,21.37602,20.075663,20.0636,20.022768,20.005816,22.03855,22.645763,20.26439,20.245806,20.157288,20.165804,0.0,0.0,4.0,0.0,0.0,4.0,0.0,0.0
32363,2023.0,8.0,13.0,17.0,20.629957,20.812124,19.678068,19.7377,20.73043,21.32624,20.874264,21.478262,20.049423,20.034288,20.3543,20.639572,21.534939,21.609367,21.22989,22.082886,20.920435,21.639359,0.0,4.0,4.0,0.0,4.0,0.0,4.0,4.0
32364,2023.0,8.0,13.0,18.0,20.56269,20.740719,20.053032,20.470171,20.876839,21.476892,20.912195,21.504807,20.711424,21.299469,20.188446,20.26578,22.027166,22.621632,20.640244,20.749384,20.408968,20.519644,4.0,4.0,4.0,4.0,0.0,4.0,0.0,0.0
32365,2023.0,8.0,13.0,18.0,21.14383,21.865036,20.180395,20.625275,21.04049,21.737091,21.035444,21.70921,20.32111,20.417849,20.063633,20.056797,21.508553,21.554691,21.087135,21.584042,20.19898,20.20111,4.0,0.0,0.0,0.0,0.0,0.0,0.0,0.0
32366,2023.0,8.0,13.0,18.0,21.330053,22.041994,20.222227,20.66381,21.041576,21.667892,21.015085,21.587597,20.084547,20.083078,20.01646,19.999044,21.226313,21.168835,21.029022,21.443638,20.119968,20.116255,4.0,0.0,4.0,0.0,0.0,0.0,0.0,0.0
32367,2023.0,8.0,13.0,18.0,21.377571,22.080322,20.254332,20.687353,21.039057,21.620413,21.040857,21.648203,20.047451,20.049995,19.992977,19.975874,21.157055,21.100325,21.027367,21.42481,20.058613,20.039118,4.0,0.0,0.0,0.0,0.0,0.0,0.0,0.0
32368,2023.0,8.0,13.0,18.0,21.416346,22.113771,19.967352,20.177328,21.011856,21.547188,21.013641,21.566582,20.01002,19.996353,19.972502,19.956196,21.129028,21.094666,21.008554,21.37346,20.016266,19.997875,0.0,0.0,0.0,0.0,0.0,0.0,0.0,0.0
32369,2023.0,8.0,13.0,18.0,21.448103,22.13851,19.793255,19.865707,21.01629,21.53597,21.01883,21.557053,19.985212,19.971777,19.95223,19.936789,21.092781,21.060715,21.012074,21.36747,19.98118,19.963455,0.0,0.0,0.0,0.0,0.0,0.0,0.0,0.0
32370,2023.0,8.0,13.0,19.0,20.945662,21.261417,20.132786,20.561474,21.14776,21.74354,21.016325,21.539627,19.965694,19.952845,19.932716,19.918571,21.057638,21.027851,21.011396,21.356737,19.95237,19.93718,4.0,4.0,0.0,0.0,0.0,0.0,0.0,0.0
32371,2023.0,8.0,13.0,19.0,21.33087,22.011377,19.978964,20.21671,21.145578,21.682663,21.134604,21.726671,19.945938,19.933006,19.91106,19.895988,21.023016,20.994019,21.011679,21.349674,19.924873,19.91071,0.0,4.0,4.0,0.0,0.0,0.0,0.0,0.0
32372,2023.0,8.0,13.0,19.0,21.43465,22.097939,20.150736,20.527357,21.144875,21.673044,21.121798,21.654434,19.927485,19.915169,20.240858,20.534378,21.728504,22.36423,21.011648,21.343615,19.899727,19.886723,4.0,4.0,4.0,0.0,4.0,4.0,0.0,0.0
32373,2023.0,8.0,13.0,19.0,21.459463,22.113895,19.98486,20.203882,21.002686,21.43684,21.110796,21.631804,19.908482,19.895954,20.418234,20.758595,21.247442,21.246824,21.01167,21.339436,19.874828,19.862114,0.0,0.0,4.0,0.0,4.0,0.0,0.0,0.0
32374,2023.0,8.0,13.0,19.0,21.476103,22.122128,20.153,20.51292,21.110973,21.618355,21.008604,21.471262,19.88936,19.877264,20.104042,20.124771,21.700241,22.264336,21.011858,21.337496,19.849808,19.836964,4.0,4.0,0.0,0.0,0.0,4.0,0.0,0.0
32375,2023.0,8.0,13.0,19.0,20.968449,21.244404,19.985271,20.188889,21.003796,21.424603,21.02012,21.492168,20.613361,21.26726,19.926735,19.889654,21.218498,21.191124,21.012104,21.33656,19.825432,19.81317,0.0,0.0,0.0,4.0,0.0,0.0,0.0,0.0
32376,2023.0,8.0,13.0,20.0,21.019087,21.379097,19.782856,19.811611,21.110516,21.601748,21.018549,21.48321,20.187685,20.20623,19.864187,19.820972,20.994757,20.937654,21.012362,21.336353,19.801773,19.79017,0.0,4.0,0.0,0.0,0.0,0.0,0.0,0.0
32377,2023.0,8.0,13.0,20.0,21.010967,21.378464,20.117228,20.515612,21.140247,21.622328,21.018723,21.47685,20.569757,21.094011,20.214993,20.520838,21.007029,20.9988,21.012085,21.335226,19.777903,19.765995,4.0,4.0,0.0,4.0,4.0,0.0,0.0,0.0
32378,2023.0,8.0,13.0,20.0,21.012493,21.388906,19.980701,20.198257,21.003986,21.399096,21.01549,21.470661,20.162622,20.144669,19.997057,20.063341,21.67162,22.291096,21.012558,21.33537,19.75428,19.74177,0.0,0.0,0.0,0.0,0.0,4.0,0.0,0.0
32379,2023.0,8.0,13.0,20.0,21.008968,21.39215,20.189487,20.584742,21.103615,21.56586,21.015581,21.469759,19.925293,19.856627,19.873432,19.849327,21.792255,22.304825,21.012226,21.334185,19.72752,19.709248,4.0,4.0,0.0,0.0,0.0,4.0,0.0,0.0
32380,2023.0,8.0,13.0,20.0,21.009937,21.40056,19.983253,20.17462,21.121786,21.569532,21.15781,21.712477,19.851437,19.774345,19.817398,19.791054,21.159233,21.082878,21.01281,21.334522,19.704065,19.683764,0.0,4.0,4.0,0.0,0.0,0.0,0.0,0.0
32381,2023.0,8.0,13.0,20.0,21.009943,21.405182,19.733488,19.704247,21.007057,21.386652,20.994762,21.412294,19.85165,19.823824,20.109943,20.370441,21.005405,20.965054,21.61447,22.451725,19.68052,19.656168,0.0,0.0,0.0,0.0,4.0,0.0,4.0,0.0
32382,2023.0,8.0,13.0,21.0,21.010351,21.40932,19.569008,19.481054,21.082315,21.504807,21.023846,21.465294,19.830502,19.799078,19.986313,20.079966,21.53618,22.003489,20.93868,21.113605,19.658033,19.630512,0.0,4.0,0.0,0.0,0.0,4.0,0.0,0.0
32383,2023.0,8.0,13.0,21.0,21.00984,21.411615,19.563025,19.52868,21.010817,21.385895,21.039068,21.457455,19.798803,19.765131,20.09711,20.277798,21.718159,22.19534,21.027864,21.310421,20.450165,21.139082,0.0,0.0,4.0,0.0,4.0,4.0,0.0,4.0
32384,2023.0,8.0,13.0,21.0,21.010408,21.414516,19.989285,20.346891,21.020132,21.402441,21.020445,21.447308,19.768997,19.73243,20.145475,20.32812,21.759989,22.22747,21.507559,22.197365,19.955524,20.045874,4.0,0.0,0.0,0.0,4.0,4.0,4.0,0.0
32385,2023.0,8.0,13.0,21.0,21.01037,21.415518,19.995193,20.270096,21.018896,21.39469,21.020893,21.443033,19.74098,19.701166,20.153101,20.326538,21.125294,20.99822,20.943026,21.100845,20.549578,21.178549,0.0,0.0,0.0,0.0,4.0,0.0,0.0,4.0
32386,2023.0,8.0,13.0,21.0,21.010788,21.41674,19.74326,19.768555,21.013735,21.390032,21.020826,21.435926,20.402397,20.969732,19.992586,20.054214,21.011736,20.96379,21.026411,21.289433,19.959547,19.985807,0.0,0.0,0.0,4.0,0.0,0.0,0.0,0.0
32387,2023.0,8.0,13.0,21.0,21.346449,22.03358,19.593987,19.568092,21.014574,21.394619,21.015072,21.429577,19.9531,19.98883,19.755558,19.613932,21.009026,20.995363,21.015493,21.278162,19.755167,19.639244,0.0,0.0,0.0,0.0,0.0,0.0,0.0,0.0
32388,2023.0,8.0,13.0,22.0,20.96245,21.275007,19.986568,20.34299,21.014559,21.396282,21.016125,21.43439,20.406687,20.855612,19.618095,19.461653,21.00957,21.020582,21.017109,21.286283,19.647963,19.522635,4.0,0.0,0.0,4.0,0.0,0.0,0.0,0.0
32389,2023.0,8.0,13.0,22.0,21.022213,21.400734,20.003767,20.279245,21.197584,21.720303,21.016209,21.436275,19.974346,19.984148,19.999563,20.247707,21.004847,21.037882,21.012266,21.28868,20.389359,20.97536,0.0,4.0,0.0,0.0,4.0,0.0,0.0,4.0
32390,2023.0,8.0,13.0,22.0,21.207466,21.726892,19.630266,19.536802,20.984745,21.32064,21.016132,21.436518,19.77708,19.643581,19.98883,20.129025,21.005754,21.059862,21.013218,21.298021,19.942032,19.992626,0.0,0.0,0.0,0.0,0.0,0.0,0.0,0.0
32391,2023.0,8.0,13.0,22.0,20.987677,21.315973,19.532944,19.48205,21.02475,21.39693,21.016005,21.43617,19.671585,19.527382,19.796204,19.755505,21.005985,21.075058,21.61464,22.42121,19.72184,19.595156,0.0,0.0,0.0,0.0,0.0,0.0,4.0,0.0
32392,2023.0,8.0,13.0,22.0,21.019829,21.38863,19.513498,19.469929,21.019527,21.381403,21.016151,21.436443,19.710001,19.661076,19.688633,19.630161,21.006283,21.087114,20.935291,21.077536,19.604383,19.471537,0.0,0.0,0.0,0.0,0.0,0.0,0.0,0.0
32393,2023.0,8.0,13.0,22.0,21.01511,21.383354,19.482613,19.43855,21.013971,21.377932,21.01631,21.43678,19.70358,19.649778,19.645393,19.585028,21.006361,21.096449,21.468979,22.109587,20.403112,21.036753,0.0,0.0,0.0,0.0,0.0,0.0,4.0,4.0
32394,2023.0,8.0,13.0,23.0,21.00986,21.38627,19.452986,19.407085,21.014784,21.383476,21.01623,21.436049,19.67502,19.619724,19.609158,19.546902,21.006832,21.104774,20.942013,21.073902,20.624655,21.15249,0.0,0.0,0.0,0.0,0.0,0.0,0.0,4.0
32395,2023.0,8.0,13.0,23.0,20.732649,20.862045,19.4269,19.3801,20.626953,20.639824,20.582434,20.60013,19.65066,19.595034,19.577814,19.514889,20.822279,20.755539,20.566164,20.397495,20.67683,21.197924,0.0,0.0,0.0,0.0,0.0,0.0,0.0,4.0
32396,2023.0,8.0,13.0,23.0,20.621956,20.724377,19.406612,19.358915,20.454105,20.402035,20.398373,20.352118,20.215399,20.672895,19.553179,19.489277,20.757793,20.682693,20.41915,20.239424,20.009676,19.898445,0.0,0.0,0.0,4.0,0.0,0.0,0.0,0.0
32397,2023.0,8.0,13.0,23.0,20.560638,20.66068,19.823162,20.156193,21.018185,21.531446,20.307844,20.254858,20.44628,20.970068,19.529402,19.464636,20.71959,20.644094,20.331877,20.154205,19.801285,19.645447,4.0,4.0,0.0,4.0,0.0,0.0,0.0,0.0
32398,2023.0,8.0,13.0,23.0,20.511347,20.610094,19.581888,19.616194,20.59615,20.641226,20.239023,20.184814,20.401283,20.78406,19.803492,19.995602,20.68515,20.60878,20.366335,20.297304,19.71555,19.560259,0.0,0.0,0.0,4.0,4.0,0.0,0.0,0.0
32399,2023.0,8.0,13.0,23.0,20.46834,20.564821,19.44199,19.397724,20.234404,20.037683,20.179718,20.12435,19.839914,19.697659,19.607643,19.565798,20.653738,20.576242,20.339466,20.275074,19.648886,19.494547,0.0,0.0,0.0,0.0,0.0,0.0,0.0,0.0
32400,2023.0,8.0,14.0,0.0,20.428743,20.522198,19.399244,19.344666,20.099684,19.873726,20.124218,20.064932,19.667725,19.490185,19.522062,19.452742,20.623486,20.543854,20.296165,20.229668,19.697325,19.647459,0.0,0.0,0.0,0.0,0.0,0.0,0.0,0.0
32401,2023.0,8.0,14.0,0.0,20.395702,20.490213,19.374641,19.321238,20.160711,20.072498,20.08064,20.024498,20.20505,20.56283,19.495287,19.426582,20.597248,20.517885,20.257908,20.192234,19.671751,19.615698,0.0,0.0,0.0,4.0,0.0,0.0,0.0,0.0
32402,2023.0,8.0,14.0,0.0,20.362165,20.454418,19.351254,19.2961,20.149323,20.082674,20.036911,19.979895,19.770472,19.632418,19.765032,19.952457,20.570683,20.490005,20.219772,20.152998,19.640408,19.58302,0.0,0.0,0.0,0.0,4.0,0.0,0.0,0.0
32403,2023.0,8.0,14.0,0.0,20.329756,20.418842,19.328926,19.271025,20.109438,20.041447,19.99461,19.934853,19.599907,19.416092,19.54544,19.478134,20.544317,20.461388,20.182661,20.113605,19.609612,19.549957,0.0,0.0,0.0,0.0,0.0,0.0,0.0,0.0
32404,2023.0,8.0,14.0,0.0,20.301575,20.390186,19.310276,19.25175,20.73289,21.246557,19.958733,19.899797,19.648897,19.57552,19.77615,19.960838,20.52091,20.437563,20.149887,20.08085,19.582197,19.522306,0.0,4.0,0.0,0.0,4.0,0.0,0.0,0.0
32405,2023.0,8.0,14.0,0.0,20.273409,20.360352,19.291664,19.231562,20.198957,20.101986,19.92363,19.863907,19.637968,19.57077,19.579288,19.538994,20.497715,20.413195,20.11824,20.048258,19.555397,19.494432,0.0,0.0,0.0,0.0,0.0,0.0,0.0,0.0
32406,2023.0,8.0,14.0,1.0,20.244429,20.327705,19.27177,19.208029,19.923002,19.680527,19.887426,19.823744,19.60685,19.536507,19.476728,19.398031,20.474072,20.38689,20.086964,20.014324,19.52833,19.464724,0.0,0.0,0.0,0.0,0.0,0.0,0.0,0.0
32407,2023.0,8.0,14.0,1.0,20.220503,20.304031,19.25646,19.193241,19.990236,19.89136,19.858997,19.797482,19.580994,19.51143,19.445787,19.368584,20.453995,20.367146,20.971556,21.704786,19.505465,19.442343,0.0,0.0,0.0,0.0,0.0,0.0,4.0,0.0
32408,2023.0,8.0,14.0,1.0,20.19556,20.277409,19.239628,19.17506,19.989334,19.916397,19.829107,19.766788,19.554579,19.483898,19.415354,19.336796,20.43293,20.344994,20.255919,20.14218,19.48208,19.41795,0.0,0.0,0.0,0.0,0.0,0.0,0.0,0.0
32409,2023.0,8.0,14.0,1.0,20.169798,20.248283,19.221266,19.153545,19.955841,19.880476,19.797861,19.7321,19.527733,19.454254,19.385735,19.30362,20.410875,20.32049,20.008713,19.807514,19.458143,19.39166,0.0,0.0,0.0,0.0,0.0,0.0,0.0,0.0
32410,2023.0,8.0,14.0,1.0,20.14811,20.226496,19.20666,19.139305,19.928116,19.854769,19.772797,19.708614,20.081354,20.51396,19.361956,19.280592,20.391731,20.30147,19.940508,19.743916,20.166298,20.743341,0.0,0.0,0.0,4.0,0.0,0.0,0.0,4.0
32411,2023.0,8.0,14.0,1.0,20.125425,20.201952,19.190477,19.121641,19.898636,19.824394,19.746273,19.680946,19.707619,19.68368,19.337296,19.254517,20.37156,20.280058,19.881393,19.684412,19.685925,19.674574,0.0,0.0,0.0,0.0,0.0,0.0,0.0,0.0
32412,2023.0,8.0,14.0,2.0,20.10381,20.178688,19.174627,19.104382,19.870491,19.795479,19.720987,19.654572,19.569386,19.495192,19.609554,19.78267,21.048866,21.5788,19.950771,19.872328,19.427555,19.257809,0.0,0.0,0.0,0.0,4.0,4.0,0.0,0.0
32413,2023.0,8.0,14.0,2.0,20.087542,20.165567,19.159906,19.089052,19.844355,19.769386,19.697376,19.630722,19.529257,19.453783,19.421755,19.37094,20.433792,20.262514,19.944519,19.867155,19.342476,19.162437,0.0,0.0,0.0,0.0,0.0,0.0,0.0,0.0
32414,2023.0,8.0,14.0,2.0,20.082085,20.171,19.145609,19.07404,20.48535,20.99688,19.674349,19.607288,20.078768,20.514935,19.329199,19.244596,20.241655,20.000368,19.920643,19.842537,19.398542,19.327133,0.0,4.0,0.0,4.0,0.0,0.0,0.0,0.0
32415,2023.0,8.0,14.0,2.0,20.065926,20.154434,19.131618,19.059467,20.656733,21.17697,19.652,19.584738,19.561193,19.40337,19.299946,19.214424,20.187645,19.946756,19.897684,19.819275,19.391897,19.322168,0.0,4.0,0.0,0.0,0.0,0.0,0.0,0.0
32416,2023.0,8.0,14.0,2.0,20.048944,20.136578,19.117844,19.04523,20.539845,20.873125,19.630348,19.563004,19.38093,19.174225,19.274035,19.188158,20.282364,20.18166,19.875938,19.797396,20.098083,20.670761,0.0,4.0,0.0,0.0,0.0,0.0,0.0,4.0
32417,2023.0,8.0,14.0,2.0,20.031576,20.11824,19.104002,19.030867,19.99395,19.843533,19.60919,19.541527,19.32113,19.114712,19.250565,19.164135,20.290592,20.195938,19.855297,19.776527,19.505579,19.378937,0.0,0.0,0.0,0.0,0.0,0.0,0.0,0.0
32418,2023.0,8.0,14.0,3.0,20.012913,20.097527,19.088799,19.013779,19.748959,19.482962,19.5869,19.51707,19.40661,19.33556,19.226973,19.138481,20.2724,20.17609,19.83418,19.754183,19.30573,19.114635,0.0,0.0,0.0,0.0,0.0,0.0,0.0,0.0
32419,2023.0,8.0,14.0,3.0,19.99566,20.079622,19.07523,18.999943,19.669191,19.4062,19.566929,19.496996,19.394436,19.314598,19.206432,19.117813,20.255764,20.159344,19.814259,19.734245,19.372896,19.308771,0.0,0.0,0.0,0.0,0.0,0.0,0.0,0.0
32420,2023.0,8.0,14.0,3.0,19.979254,20.063238,19.063084,18.988844,19.760681,19.651634,19.548872,19.480534,19.375315,19.296549,19.188196,19.100863,20.239693,20.144138,19.795275,19.71621,20.08067,20.652262,0.0,0.0,0.0,0.0,0.0,0.0,0.0,4.0
32421,2023.0,8.0,14.0,3.0,19.961967,20.045063,19.049706,18.975185,20.430424,20.928247,19.529596,19.461102,19.355268,19.276356,19.169197,19.081692,20.222708,20.127037,19.775354,19.696213,19.482006,19.35237,0.0,4.0,0.0,0.0,0.0,0.0,0.0,0.0
32422,2023.0,8.0,14.0,3.0,19.94494,20.027195,19.03639,18.96157,19.897568,19.774862,19.510794,19.442047,19.911524,20.338068,19.15074,19.063063,20.205975,20.110178,19.75587,19.676641,19.28284,19.092073,0.0,0.0,0.0,4.0,0.0,0.0,0.0,0.0
32423,2023.0,8.0,14.0,3.0,19.92815,20.009449,19.023073,18.947838,19.640434,19.38843,19.49206,19.42299,19.541658,19.513067,19.132631,19.044672,20.89156,21.422384,19.73704,19.657635,19.220028,19.029129,0.0,0.0,0.0,0.0,0.0,4.0,0.0,0.0
32424,2023.0,8.0,14.0,4.0,19.912092,19.992655,19.010048,18.934547,19.561073,19.301779,19.473648,19.404564,19.982897,20.410326,19.11477,19.02677,20.271688,20.093529,19.718252,19.638887,19.282503,19.205183,0.0,0.0,0.0,4.0,0.0,0.0,0.0,0.0
32425,2023.0,8.0,14.0,4.0,19.89435,19.972086,18.994911,18.916918,19.668083,19.571743,19.452974,19.38153,20.028156,20.358055,19.094133,19.003864,20.07278,19.818895,19.696718,19.615473,19.277079,19.202414,0.0,0.0,0.0,4.0,0.0,0.0,0.0,0.0
32426,2023.0,8.0,14.0,4.0,19.878433,19.955025,18.981071,18.902063,20.329067,20.825235,19.434164,19.362265,19.4846,19.306572,19.075123,18.984325,20.74235,21.136528,19.676332,19.594677,19.98204,20.549717,0.0,4.0,0.0,0.0,0.0,4.0,0.0,4.0
32427,2023.0,8.0,14.0,4.0,19.86153,19.936079,18.96617,18.88522,19.949741,19.974781,19.414452,19.340899,19.295904,19.068281,19.055357,18.963022,20.222898,20.02351,19.655493,19.572607,19.379457,19.24008,0.0,0.0,0.0,0.0,0.0,0.0,0.0,0.0
32428,2023.0,8.0,14.0,4.0,19.843275,19.914818,18.950144,18.866325,19.56583,19.298908,19.393894,19.317513,19.218262,18.986212,19.03489,18.940054,20.039165,19.774002,19.63461,19.549734,19.174194,18.968311,0.0,0.0,0.0,0.0,0.0,0.0,0.0,0.0
32429,2023.0,8.0,14.0,4.0,19.825275,19.894583,18.934135,18.847673,19.463612,19.181015,19.373661,19.294865,19.30824,19.225468,19.015095,18.918203,19.981104,19.71436,19.61436,19.528015,19.109468,18.901957,0.0,0.0,0.0,0.0,0.0,0.0,0.0,0.0
32430,2023.0,8.0,14.0,5.0,19.808008,19.876165,18.92022,18.833378,19.567131,19.447884,19.355644,19.276848,19.875774,20.29871,18.997345,18.90028,20.087357,19.975534,19.59513,19.508528,19.1814,19.097528,0.0,0.0,0.0,4.0,0.0,0.0,0.0,0.0
32431,2023.0,8.0,14.0,5.0,19.792233,19.8608,18.907717,18.821957,19.583717,19.49307,19.338705,19.26108,19.485512,19.439095,18.981129,18.885159,20.09631,19.992222,19.577076,19.491447,19.18011,19.100636,0.0,0.0,0.0,0.0,0.0,0.0,0.0,0.0
32432,2023.0,8.0,14.0,5.0,19.778011,19.847593,18.896759,18.812897,20.238867,20.744814,19.323214,19.247488,19.234612,19.027256,18.966883,18.872608,20.079947,19.977354,19.560392,19.476166,19.160793,19.08263,0.0,4.0,0.0,0.0,0.0,0.0,0.0,0.0
32433,2023.0,8.0,14.0,5.0,19.764084,19.834646,18.886158,18.804195,19.694143,19.562689,19.308138,19.234262,19.142803,18.922274,18.953573,18.860981,20.064438,19.963377,19.544662,19.461823,19.142488,19.06572,0.0,0.0,0.0,0.0,0.0,0.0,0.0,0.0
32434,2023.0,8.0,14.0,5.0,19.750095,19.821548,18.875734,18.795622,19.445051,19.190077,19.293339,19.221199,19.215048,19.121805,18.940971,18.849993,20.049402,19.949842,19.529987,19.448475,19.853271,20.420755,0.0,0.0,0.0,0.0,0.0,0.0,0.0,4.0
32435,2023.0,8.0,14.0,5.0,19.73599,19.80821,19.309992,19.6202,20.017292,20.321232,19.278902,19.208323,19.222134,19.139936,18.928974,18.839546,20.034878,19.936737,19.515673,19.435442,19.377987,19.361681,4.0,4.0,0.0,0.0,0.0,0.0,0.0,0.0
32436,2023.0,8.0,14.0,6.0,19.722012,19.794962,19.062634,19.0607,19.596762,19.433775,19.264885,19.195747,19.203716,19.122936,18.917965,18.830063,20.021072,19.924337,19.501858,19.42288,19.119774,18.940819,0.0,0.0,0.0,0.0,0.0,0.0,0.0,0.0
32437,2023.0,8.0,14.0,6.0,21.179369,22.37438,18.940561,18.874475,21.19935,22.352798,21.221817,22.690899,19.775417,20.214478,19.197536,19.361717,21.196445,21.984634,21.313095,22.563938,19.041687,18.856937,0.0,0.0,0.0,4.0,4.0,0.0,0.0,0.0
32438,2023.0,8.0,14.0,6.0,20.999598,21.875553,18.900244,18.828058,21.008913,21.817745,21.001095,22.038706,20.102179,20.615362,20.116022,20.891174,21.004377,21.544926,20.99801,21.837912,19.106905,19.041027,0.0,0.0,0.0,4.0,0.0,0.0,0.0,0.0
32439,2023.0,8.0,14.0,6.0,21.023436,21.835392,18.880066,18.808605,21.025686,21.770615,21.031199,21.969702,20.043337,20.391672,19.766819,20.051712,21.01812,21.506273,21.026993,21.79227,19.11513,19.04658,0.0,0.0,0.0,4.0,4.0,0.0,0.0,0.0
32440,2023.0,8.0,14.0,6.0,21.019894,21.769674,19.32549,19.659721,21.023144,21.710894,21.026701,21.875227,20.057287,20.401731,20.052439,20.599438,21.01581,21.45435,21.200977,22.006779,19.098948,19.032465,4.0,0.0,0.0,4.0,4.0,0.0,4.0,0.0
32441,2023.0,8.0,14.0,6.0,21.02129,21.697876,20.08051,20.85977,21.02291,21.67208,21.026644,21.815828,20.103863,20.448858,20.013023,20.472485,21.260918,21.862215,21.115995,21.731298,19.086967,19.022528,4.0,0.0,0.0,4.0,0.0,4.0,4.0,0.0
32442,2023.0,8.0,14.0,7.0,21.037127,21.710209,20.020525,20.640997,21.022667,21.64362,21.026384,21.772694,20.00846,20.273617,19.875832,20.138884,21.173973,21.585052,21.023666,21.595377,19.85082,20.476397,0.0,0.0,0.0,0.0,4.0,4.0,0.0,4.0
32443,2023.0,8.0,14.0,7.0,20.997807,21.60778,19.334574,19.241415,21.022251,21.622072,21.025644,21.73932,19.558594,19.393147,20.031584,20.417091,21.17057,21.581371,21.027838,21.57595,20.013113,20.538797,0.0,0.0,0.0,0.0,4.0,4.0,0.0,0.0
32444,2023.0,8.0,14.0,7.0,21.003798,21.602804,18.982187,18.785131,21.021814,21.60561,21.025066,21.713806,19.342903,19.151587,20.020601,20.371199,21.004093,21.283651,21.18983,21.818459,19.3931,19.263248,0.0,0.0,0.0,0.0,0.0,0.0,4.0,0.0
32445,2023.0,8.0,14.0,7.0,21.002869,21.588194,19.45131,19.751799,21.021538,21.59299,21.024712,21.694393,20.119999,20.699415,19.51824,19.374994,21.18645,21.602575,21.004078,21.47074,20.049341,20.694021,4.0,0.0,0.0,4.0,0.0,4.0,0.0,4.0
32446,2023.0,8.0,14.0,7.0,21.002083,21.576365,20.080502,20.758144,21.02081,21.582155,21.023907,21.677988,20.26674,20.68461,19.778633,20.061207,21.261,21.686241,21.245079,21.889303,20.302816,20.888258,0.0,0.0,0.0,4.0,4.0,4.0,4.0,4.0
32447,2023.0,8.0,14.0,7.0,21.030853,21.644888,19.858543,20.220848,21.020378,21.573639,21.023176,21.66432,20.296778,20.720179,20.033049,20.418037,21.299366,21.729683,20.98463,21.39483,20.385218,20.97502,4.0,0.0,0.0,4.0,0.0,4.0,0.0,4.0
32448,2023.0,8.0,14.0,8.0,21.02231,21.613842,20.053984,20.60256,21.020763,21.568007,21.023426,21.65455,19.978355,20.143843,19.646002,19.62697,20.98547,21.170122,21.279139,21.932589,19.96876,20.210064,0.0,0.0,0.0,0.0,0.0,0.0,4.0,0.0
32449,2023.0,8.0,14.0,8.0,20.425034,20.453127,19.804466,20.043756,20.476255,20.514938,20.40303,20.452265,20.279434,20.69544,19.45279,19.389744,21.264067,21.69376,21.375036,22.015284,19.564487,19.438623,4.0,0.0,0.0,4.0,0.0,4.0,4.0,0.0
32450,2023.0,8.0,14.0,8.0,20.195372,20.15165,20.039814,20.48155,20.877222,21.38801,20.783045,21.304844,19.976713,20.131134,19.401833,19.33111,20.670267,20.523115,20.558748,20.448322,20.250973,20.83572,4.0,4.0,4.0,0.0,0.0,0.0,0.0,4.0
32451,2023.0,8.0,14.0,8.0,20.904505,21.61052,20.002317,20.390717,20.469154,20.51889,20.348766,20.392805,19.651262,19.51181,19.362864,19.291487,21.11391,21.544075,21.123894,21.77689,19.964811,20.163513,4.0,0.0,0.0,0.0,0.0,4.0,4.0,0.0
32452,2023.0,8.0,14.0,8.0,20.964388,21.50881,20.02518,20.43849,20.02326,19.85389,19.899307,19.738764,20.149406,20.575672,19.332733,19.261402,20.645754,20.505766,20.49959,20.395042,19.603773,19.483711,0.0,0.0,0.0,4.0,0.0,0.0,0.0,0.0
32453,2023.0,8.0,14.0,8.0,20.350464,20.385235,19.869663,20.101896,19.846573,19.651318,19.721016,19.53816,20.377827,20.812868,19.309238,19.238323,20.383028,20.178396,20.139175,19.962486,19.416147,19.267479,4.0,0.0,0.0,4.0,0.0,0.0,0.0,0.0
32454,2023.0,8.0,14.0,9.0,20.133038,20.099556,20.045597,20.453562,19.88196,19.79956,20.416742,20.931309,20.437328,20.87199,19.294186,19.222378,21.035759,21.471436,20.037682,19.857153,19.355412,19.205563,0.0,0.0,4.0,4.0,0.0,4.0,0.0,0.0
32455,2023.0,8.0,14.0,9.0,20.036049,20.014757,19.56449,19.517092,19.870209,19.814358,20.530544,20.944794,19.97582,20.05163,19.28384,19.215858,21.276,21.740686,20.915071,21.584717,19.385612,19.317118,0.0,0.0,4.0,0.0,0.0,4.0,4.0,0.0
32456,2023.0,8.0,14.0,9.0,20.651417,21.238567,19.368612,19.326817,19.828352,19.77999,19.965363,19.905293,20.37593,20.829168,19.273323,19.211351,21.345516,21.82088,21.241045,21.929537,19.386295,19.333075,0.0,0.0,0.0,4.0,0.0,4.0,4.0,0.0
32457,2023.0,8.0,14.0,9.0,20.218363,20.31632,19.324507,19.292124,19.796854,19.75426,20.372915,20.781557,20.486143,20.959429,19.60939,19.869455,21.38455,21.86992,21.312435,22.006413,20.231234,20.962435,0.0,0.0,4.0,4.0,4.0,4.0,4.0,4.0
32458,2023.0,8.0,14.0,9.0,20.025822,20.044525,19.282969,19.255957,19.767456,19.730349,20.494217,20.938995,19.954802,20.027103,20.059309,20.6168,21.421223,21.917854,21.370161,22.072779,19.967804,20.361416,0.0,0.0,4.0,0.0,0.0,4.0,4.0,0.0
32459,2023.0,8.0,14.0,9.0,19.958467,19.985767,19.690844,20.06386,19.738459,19.707245,20.52991,20.984598,19.724194,19.633076,19.588364,19.625895,21.459743,21.966331,21.427296,22.137114,20.35288,21.021639,4.0,0.0,4.0,0.0,0.0,4.0,4.0,4.0
32460,2023.0,8.0,14.0,10.0,19.993608,20.10227,20.047342,20.643679,19.717134,19.691273,20.56502,21.031202,19.626436,19.535742,19.425428,19.39844,20.830313,20.76229,21.473326,22.191034,19.967997,20.28206,0.0,0.0,4.0,0.0,0.0,0.0,4.0,0.0
32461,2023.0,8.0,14.0,10.0,20.004635,20.14394,19.592407,19.695894,19.694029,19.673185,20.058561,20.067701,19.570871,19.494833,19.7248,20.014256,21.279049,21.79417,20.670124,20.648544,20.40672,21.07863,0.0,0.0,0.0,0.0,4.0,4.0,0.0,4.0
32462,2023.0,8.0,14.0,10.0,19.989532,20.136448,19.818827,20.197514,19.675398,19.658756,19.8502,19.786848,19.571022,19.540367,20.04152,20.52915,21.415989,21.959541,21.32358,22.048796,20.550377,21.23777,4.0,0.0,0.0,0.0,0.0,4.0,4.0,4.0
32463,2023.0,8.0,14.0,10.0,20.630638,21.36263,20.028992,20.511553,19.656546,19.644302,19.762863,19.708433,19.559692,19.536783,19.655754,19.710703,21.480944,22.029541,20.71437,20.705742,19.962088,20.164673,0.0,0.0,0.0,0.0,0.0,4.0,0.0,0.0
32464,2023.0,8.0,14.0,10.0,20.238916,20.415869,19.608913,19.672756,19.639034,19.631044,20.335518,20.841438,20.24018,20.833889,19.462337,19.446186,21.549526,22.105005,20.364752,20.281687,19.698967,19.68126,0.0,0.0,4.0,4.0,0.0,4.0,0.0,0.0
32465,2023.0,8.0,14.0,10.0,20.060087,20.17292,19.846987,20.20149,19.624886,19.620903,19.931463,19.976631,20.426579,21.001308,19.437033,19.413303,21.610626,22.174673,20.28208,20.201817,19.602234,19.55919,4.0,0.0,0.0,4.0,0.0,4.0,0.0,0.0
32466,2023.0,8.0,14.0,11.0,20.683712,21.395214,20.029903,20.506348,19.611685,19.61219,19.766502,19.753195,20.527153,21.103231,19.815243,20.127495,21.668736,22.239738,20.236618,20.165134,19.5689,19.53147,0.0,0.0,0.0,4.0,4.0,4.0,0.0,0.0
32467,2023.0,8.0,14.0,11.0,20.86707,21.551445,19.630686,19.704374,19.598644,19.6041,19.708881,19.706959,19.965614,20.070381,20.019415,20.381342,21.732147,22.312153,20.199331,20.137629,19.549665,19.522753,0.0,0.0,0.0,0.0,0.0,4.0,0.0,0.0
32468,2023.0,8.0,14.0,11.0,20.343927,20.529343,19.870623,20.282412,19.587166,19.597723,20.350058,20.956486,20.523117,21.123217,19.74573,19.798151,21.791569,22.379055,20.185095,20.145317,19.532438,19.507563,4.0,0.0,4.0,4.0,0.0,4.0,0.0,0.0
32469,2023.0,8.0,14.0,11.0,20.1841,20.330887,20.021282,20.513481,19.578377,19.59408,19.949385,20.070385,20.009382,20.159805,19.994532,20.290138,21.84257,22.438343,20.168703,20.13299,20.38851,21.13589,0.0,0.0,0.0,0.0,4.0,4.0,0.0,4.0
32470,2023.0,8.0,14.0,11.0,20.140045,20.311659,19.658447,19.77538,19.570007,19.591148,20.331186,20.92236,19.827765,19.823503,19.996675,20.225595,21.261776,21.306484,21.130203,21.972195,20.73352,21.497473,0.0,0.0,4.0,0.0,0.0,0.0,4.0,4.0
32471,2023.0,8.0,14.0,11.0,20.107792,20.290987,19.448841,19.499521,19.56341,19.589823,19.997238,20.12798,19.797112,19.795801,19.818851,19.863346,20.985723,20.935333,20.625889,20.71426,20.09707,20.202568,0.0,0.0,0.0,0.0,0.0,0.0,0.0,0.0
32472,2023.0,8.0,14.0,12.0,20.07725,20.260075,19.398855,19.444044,19.558874,19.590805,19.835705,19.907278,19.770037,19.752539,19.730446,19.717955,21.658714,22.261292,20.4038,20.388334,20.70131,21.431795,0.0,0.0,0.0,0.0,0.0,4.0,0.0,4.0
32473,2023.0,8.0,14.0,12.0,21.131216,22.14016,19.368898,19.418074,21.183352,22.490763,21.155178,22.293585,19.754583,19.736238,19.70543,19.68868,21.202517,21.294538,21.304953,22.057564,20.915709,21.697168,0.0,0.0,0.0,0.0,0.0,0.0,0.0,4.0
32474,2023.0,8.0,14.0,12.0,21.001274,21.789835,19.339106,19.392454,21.000124,21.949661,21.003803,21.866772,20.47347,21.107094,19.69128,19.676046,21.694983,22.354837,21.003809,21.445345,20.256859,20.369009,0.0,0.0,0.0,4.0,0.0,4.0,0.0,0.0
32475,2023.0,8.0,14.0,12.0,21.018963,21.767767,19.746689,20.181696,21.025368,21.892513,21.02464,21.831446,20.780172,21.439411,19.683294,19.670862,21.882566,22.534853,21.014204,21.443142,20.84818,21.656157,4.0,0.0,0.0,4.0,0.0,4.0,0.0,4.0
32476,2023.0,8.0,14.0,12.0,21.016302,21.723436,20.012363,20.53776,21.021612,21.81328,21.021523,21.773582,20.2777,20.411995,19.679483,19.670471,21.301567,21.387493,21.01248,21.421564,20.335272,20.468245,4.0,0.0,0.0,0.0,0.0,0.0,0.0,0.0
32477,2023.0,8.0,14.0,12.0,21.036287,21.73196,20.026873,20.537655,21.049068,21.811089,21.047138,21.78317,20.025251,20.060818,19.679089,19.674368,21.033712,21.01859,21.025791,21.432135,20.014357,20.0425,0.0,0.0,0.0,0.0,0.0,0.0,0.0,0.0
32478,2023.0,8.0,14.0,13.0,21.013603,21.669247,19.727573,19.928574,21.017197,21.715511,21.017458,21.700644,19.992882,20.041409,19.680187,19.679752,21.742012,22.412445,21.01028,21.391754,19.960052,20.001188,0.0,0.0,0.0,0.0,0.0,4.0,0.0,0.0
32479,2023.0,8.0,14.0,13.0,21.033484,21.69272,19.567793,19.720219,21.044073,21.73915,21.043842,21.731873,19.916126,19.909325,19.678396,19.678999,21.946249,22.611404,21.026407,21.414904,19.922657,19.964003,0.0,0.0,0.0,0.0,0.0,4.0,0.0,0.0
32480,2023.0,8.0,14.0,13.0,21.03279,21.674053,19.452192,19.52837,21.041794,21.70547,21.042091,21.70537,19.879885,19.873253,19.674448,19.675753,21.999844,22.662601,21.025183,21.40182,19.843771,19.836508,0.0,0.0,0.0,0.0,0.0,4.0,0.0,0.0
32481,2023.0,8.0,14.0,13.0,21.013256,21.631165,19.399137,19.474209,21.016905,21.64627,21.017414,21.650866,19.858723,19.854296,19.669897,19.672405,22.044989,22.700193,21.010399,21.37114,20.717867,21.534134,0.0,0.0,0.0,0.0,0.0,4.0,0.0,4.0
32482,2023.0,8.0,14.0,13.0,21.01467,21.628387,19.362837,19.434856,21.019476,21.638426,21.020012,21.646667,19.840008,19.836672,20.023155,20.342308,21.449997,21.539875,21.012041,21.371618,20.280685,20.422749,0.0,0.0,0.0,0.0,4.0,0.0,0.0,0.0
32483,2023.0,8.0,14.0,13.0,21.240145,22.02802,19.336023,19.406271,21.018112,21.624691,21.055164,21.675858,19.824211,19.82199,19.987957,20.194014,21.162405,21.148941,21.011223,21.367514,19.978357,20.020914,0.0,0.0,4.0,0.0,0.0,0.0,0.0,0.0
32484,2023.0,8.0,14.0,14.0,21.292343,22.051111,19.31532,19.385664,21.076832,21.698465,21.067236,21.687645,19.811617,19.810698,20.23155,20.62945,21.085768,21.07125,21.011076,21.36412,19.921917,19.966496,0.0,4.0,4.0,0.0,4.0,0.0,0.0,0.0
32485,2023.0,8.0,14.0,14.0,20.742882,20.999228,19.298447,19.369389,20.530859,20.655416,21.067196,21.679735,19.801525,19.801853,19.983614,20.13981,21.040417,21.029903,20.685608,20.732937,19.849916,19.85275,0.0,0.0,4.0,0.0,0.0,0.0,0.0,0.0
32486,2023.0,8.0,14.0,14.0,20.508865,20.73227,19.283472,19.354582,20.286621,20.381819,21.070972,21.682585,19.792583,19.793653,19.84975,19.88177,21.753702,22.418083,20.510439,20.503975,19.807768,19.807917,0.0,0.0,4.0,0.0,0.0,4.0,0.0,0.0
32487,2023.0,8.0,14.0,14.0,20.436893,20.65431,19.272154,19.342955,20.82767,21.455654,20.550692,20.703959,19.785814,19.787016,19.792507,19.799763,21.26353,21.362303,20.454008,20.441143,19.786879,19.786415,0.0,4.0,0.0,0.0,0.0,0.0,0.0,0.0
32488,2023.0,8.0,14.0,14.0,20.363735,20.557432,19.685923,20.126036,20.423819,20.601274,20.940844,21.55152,19.78018,19.781412,19.775116,19.780731,21.078821,21.07462,20.417387,20.404877,20.623951,21.382296,4.0,0.0,4.0,0.0,0.0,0.0,0.0,4.0
32489,2023.0,8.0,14.0,14.0,20.970488,21.738214,20.024529,20.637314,20.227459,20.319885,20.502104,20.660316,19.775818,19.776619,19.763458,19.767912,21.025158,21.014353,20.387037,20.373995,20.139017,20.277245,4.0,0.0,0.0,0.0,0.0,0.0,0.0,0.0
32490,2023.0,8.0,14.0,15.0,20.60484,20.8681,20.011057,20.55535,20.768972,21.401402,20.242903,20.342833,19.7734,19.773577,19.754547,19.75785,20.974445,20.95177,20.357586,20.3446,19.893995,19.946726,0.0,4.0,0.0,0.0,0.0,0.0,0.0,0.0
32491,2023.0,8.0,14.0,15.0,20.377924,20.587936,20.036627,20.529379,20.934032,21.549423,20.14947,20.235764,19.770975,19.768885,19.746815,19.746424,20.937449,20.91048,20.330708,20.315031,19.849464,19.891863,4.0,4.0,0.0,0.0,0.0,0.0,0.0,0.0
32492,2023.0,8.0,14.0,15.0,20.946491,21.693409,20.00944,20.469498,20.96685,21.575462,20.067135,20.119047,19.770004,19.76591,19.744123,19.741224,21.65104,22.28486,20.31497,20.29904,19.798147,19.799465,0.0,4.0,0.0,0.0,0.0,4.0,0.0,0.0
32493,2023.0,8.0,14.0,15.0,20.591911,20.856888,19.730312,19.908567,20.997358,21.599768,20.64164,21.251799,19.769579,19.763287,20.11245,20.430721,21.264168,21.355669,21.26916,22.117424,19.766539,19.761215,0.0,4.0,4.0,0.0,4.0,0.0,4.0,0.0
32494,2023.0,8.0,14.0,15.0,20.419308,20.619516,19.558937,19.635511,20.49589,20.640285,20.794373,21.409672,19.770023,19.761774,19.989285,20.164965,21.76233,22.356215,20.68926,20.803621,19.752924,19.744814,0.0,0.0,4.0,0.0,0.0,4.0,0.0,0.0
32495,2023.0,8.0,14.0,15.0,20.349045,20.545395,19.899366,20.326313,20.240068,20.315985,20.835966,21.438385,19.769444,19.759628,19.851273,19.87472,21.97336,22.602814,21.380856,22.26069,19.74135,19.732029,4.0,0.0,4.0,0.0,0.0,4.0,4.0,0.0
32496,2023.0,8.0,14.0,16.0,20.930614,21.668533,20.02217,20.47657,20.766798,21.354473,20.874992,21.471249,19.767721,19.756628,19.794434,19.784561,21.39876,21.473303,20.74442,20.862663,19.732826,19.722435,4.0,4.0,4.0,0.0,0.0,0.0,0.0,0.0
32497,2023.0,8.0,14.0,16.0,20.502527,20.740553,20.011408,20.44417,20.367538,20.500664,20.369196,20.494463,19.764246,19.751408,19.77984,19.765848,21.178068,21.132956,20.5054,20.495085,19.723913,19.712206,0.0,0.0,0.0,0.0,0.0,0.0,0.0,0.0
32498,2023.0,8.0,14.0,16.0,20.91637,21.651663,19.719814,19.85651,20.753294,21.362444,20.123436,20.187973,19.759079,19.74484,19.7667,19.75104,21.087921,21.034552,20.428343,20.41013,19.713009,19.700247,0.0,4.0,0.0,0.0,0.0,0.0,0.0,0.0
32499,2023.0,8.0,14.0,16.0,21.041288,21.766481,20.009869,20.452074,20.321554,20.44526,20.67348,21.27043,20.448082,21.049158,19.75596,19.738993,21.737019,22.309053,20.38743,20.36601,19.702696,19.689127,4.0,0.0,4.0,4.0,0.0,4.0,0.0,0.0
32500,2023.0,8.0,14.0,16.0,21.099066,21.81354,20.089516,20.531546,20.139874,20.181938,20.790125,21.372686,19.98808,20.144358,19.74466,19.726719,21.256325,21.297628,20.350855,20.323181,19.691929,19.677729,4.0,0.0,4.0,0.0,0.0,0.0,0.0,0.0
32501,2023.0,8.0,14.0,16.0,21.152887,21.860489,20.109547,20.540956,20.06146,20.090986,20.829899,21.402264,19.831226,19.82632,19.731604,19.711973,20.993202,20.926653,20.317688,20.288069,19.68018,19.664885,4.0,0.0,4.0,0.0,0.0,0.0,0.0,0.0
32502,2023.0,8.0,14.0,17.0,20.62402,20.833923,20.128082,20.550844,20.664814,21.258842,20.86113,21.423538,19.811333,19.810154,19.722414,19.702911,21.700497,22.315805,20.295809,20.267632,19.6716,19.656424,4.0,4.0,4.0,0.0,0.0,4.0,0.0,0.0
32503,2023.0,8.0,14.0,17.0,20.440569,20.591135,20.150116,20.571283,20.795576,21.370047,20.358181,20.4556,19.787981,19.7737,19.714897,19.696926,21.197927,21.23685,20.276222,20.249699,19.664764,19.650972,4.0,4.0,0.0,0.0,0.0,0.0,0.0,0.0
32504,2023.0,8.0,14.0,17.0,21.038374,21.773085,19.992771,20.297312,20.8417,21.406883,20.789288,21.364208,19.774681,19.759758,19.708838,19.692648,21.011185,20.952595,20.260143,20.235508,19.659142,19.646925,0.0,4.0,4.0,0.0,0.0,0.0,0.0,0.0
32505,2023.0,8.0,14.0,17.0,21.198875,21.896006,20.122984,20.528505,20.894102,21.455637,20.93046,21.491371,20.444777,21.032162,20.050201,20.340488,20.947567,20.889545,21.219057,22.064388,19.653648,19.643005,4.0,4.0,4.0,4.0,4.0,0.0,4.0,0.0
32506,2023.0,8.0,14.0,17.0,20.683262,20.896969,19.992882,20.291636,20.932323,21.49216,20.953588,21.510288,20.00421,20.162394,19.991312,20.186832,21.66343,22.284546,20.617779,20.706947,19.649435,19.640154,0.0,4.0,4.0,0.0,0.0,4.0,0.0,0.0
32507,2023.0,8.0,14.0,17.0,21.056694,21.748459,19.78119,19.886757,20.970842,21.52814,20.460388,20.566494,19.857689,19.874569,19.833082,19.85929,21.873346,22.474771,20.316362,20.305197,20.50521,21.262041,0.0,4.0,0.0,0.0,0.0,4.0,0.0,4.0
32508,2023.0,8.0,14.0,18.0,21.193443,21.90388,20.077024,20.48643,21.00137,21.557255,20.855787,21.410044,19.824755,19.831957,20.109642,20.404926,21.921692,22.516878,21.204376,22.010075,20.754803,21.51606,4.0,4.0,4.0,0.0,4.0,4.0,4.0,4.0
32509,2023.0,8.0,14.0,18.0,21.237019,21.934072,19.98817,20.297535,21.023008,21.596008,21.001766,21.599619,19.798496,19.79065,20.2658,20.625282,21.321764,21.343637,21.459106,22.275675,20.09714,20.173769,0.0,0.0,4.0,0.0,4.0,0.0,4.0,0.0
32510,2023.0,8.0,14.0,18.0,20.986462,21.48003,20.139294,20.556,21.061066,21.609114,21.001745,21.554682,20.522285,21.176271,19.98804,20.107904,21.061554,21.002821,20.95695,21.312881,19.835936,19.83832,4.0,4.0,4.0,4.0,0.0,0.0,0.0,0.0
32511,2023.0,8.0,14.0,18.0,21.017693,21.53562,20.20235,20.614756,21.086775,21.63104,21.024351,21.600058,20.147646,20.219322,20.23233,20.564003,21.714087,22.306688,21.020504,21.413862,19.783428,19.784859,4.0,4.0,0.0,0.0,4.0,4.0,0.0,0.0
32512,2023.0,8.0,14.0,18.0,21.238768,21.919666,20.226143,20.634398,21.010227,21.50144,21.051445,21.595058,20.586401,21.181913,19.99301,20.094616,21.911617,22.499187,21.012241,21.376143,19.760326,19.762655,4.0,0.0,4.0,4.0,0.0,4.0,0.0,0.0
32513,2023.0,8.0,14.0,18.0,21.338734,22.026823,20.247124,20.651617,21.098804,21.631687,21.069826,21.609396,20.207792,20.282232,19.88063,19.893034,21.331108,21.358315,21.536913,22.324936,20.588644,21.343817,4.0,4.0,4.0,0.0,0.0,0.0,4.0,4.0
32514,2023.0,8.0,14.0,19.0,21.373964,22.05868,20.263735,20.665274,21.006298,21.469213,21.087065,21.623932,20.027466,20.019966,19.826298,19.81879,21.12149,21.053234,20.944809,21.20261,20.811394,21.555895,4.0,0.0,4.0,0.0,0.0,0.0,0.0,4.0
32515,2023.0,8.0,14.0,19.0,21.40062,22.07858,20.277147,20.672642,21.018307,21.484163,21.011065,21.501297,20.618574,21.183743,19.793873,19.784618,21.033495,20.962286,21.556396,22.351961,20.146044,20.202341,4.0,0.0,0.0,4.0,0.0,0.0,4.0,0.0
32516,2023.0,8.0,14.0,19.0,20.971754,21.330822,20.28793,20.677263,21.121424,21.641918,21.019245,21.509127,20.854156,21.431042,20.125418,20.430565,21.001392,20.957617,20.956648,21.158129,20.742558,21.503145,4.0,4.0,0.0,4.0,4.0,0.0,0.0,4.0
32517,2023.0,8.0,14.0,19.0,21.01893,21.445807,19.986046,20.158539,21.162199,21.68049,21.017675,21.495333,20.92495,21.49398,20.297327,20.640364,21.00339,20.998697,21.0234,21.308704,20.224533,20.27824,0.0,4.0,0.0,4.0,4.0,0.0,0.0,0.0
32518,2023.0,8.0,14.0,19.0,21.290636,21.944836,19.815872,19.861345,20.99929,21.405283,21.098473,21.610453,20.366209,20.396664,20.311678,20.620316,21.00342,21.027372,21.011387,21.2927,19.932352,19.920774,0.0,0.0,4.0,0.0,4.0,0.0,0.0,0.0
32519,2023.0,8.0,14.0,19.0,21.385456,22.03599,20.130484,20.514109,21.01958,21.446873,21.12827,21.637796,20.104239,20.07074,19.973053,20.030886,21.003881,21.051672,21.013052,21.299273,19.854239,19.834427,4.0,0.0,4.0,0.0,0.0,0.0,0.0,0.0
32520,2023.0,8.0,14.0,20.0,21.41405,22.059656,19.985102,20.194374,21.016449,21.437326,21.13713,21.641365,20.024836,19.989847,19.85963,19.841272,21.698984,22.387014,21.649961,22.489737,20.634596,21.34589,0.0,0.0,4.0,0.0,0.0,4.0,4.0,4.0
32521,2023.0,8.0,14.0,20.0,21.430515,22.06616,20.147497,20.491907,21.202547,21.765179,21.140284,21.636284,20.61477,21.14537,19.785465,19.754883,21.159883,21.160812,20.955141,21.118269,20.156971,20.190912,4.0,4.0,4.0,4.0,0.0,0.0,0.0,0.0
32522,2023.0,8.0,14.0,20.0,20.971668,21.272654,19.98637,20.181154,20.988285,21.355253,21.004484,21.416826,20.236729,20.245996,19.758608,19.74127,21.61213,22.196142,21.577633,22.324734,20.752392,21.501575,0.0,0.0,0.0,0.0,0.0,4.0,4.0,4.0
32523,2023.0,8.0,14.0,20.0,21.301508,21.921085,19.783373,19.803415,21.020765,21.421736,21.019958,21.448915,19.996782,19.951126,20.091948,20.392725,21.122406,21.091997,20.956867,21.09657,20.207611,20.223368,0.0,0.0,0.0,0.0,4.0,0.0,0.0,0.0
32524,2023.0,8.0,14.0,20.0,20.964882,21.270557,19.677917,19.68213,21.016542,21.410606,21.017775,21.440712,19.919924,19.862165,19.984154,20.123022,21.60929,22.187178,21.025005,21.261953,19.904257,19.857166,0.0,0.0,0.0,0.0,0.0,4.0,0.0,0.0
32525,2023.0,8.0,14.0,20.0,21.01914,21.398443,20.061071,20.434626,21.01371,21.407896,21.018225,21.4367,20.620556,21.234257,20.173569,20.470081,21.110989,21.063713,21.012207,21.25199,19.819895,19.765465,4.0,0.0,0.0,4.0,4.0,0.0,0.0,0.0
32526,2023.0,8.0,14.0,21.0,21.012218,21.392982,20.224524,20.621202,21.013905,21.409042,21.204575,21.769115,20.791376,21.297739,19.972635,20.071402,21.019213,21.053629,21.013805,21.263563,19.764807,19.705173,4.0,0.0,4.0,4.0,0.0,0.0,0.0,0.0
32527,2023.0,8.0,14.0,21.0,21.010256,21.398943,20.17535,20.48508,21.013998,21.408905,20.982452,21.348654,20.82922,21.331556,19.76367,19.682545,21.00734,21.054527,21.011045,21.268496,19.763401,19.743416,4.0,0.0,0.0,4.0,0.0,0.0,0.0,0.0
32528,2023.0,8.0,14.0,21.0,21.382809,22.094595,20.169464,20.47047,21.014227,21.40891,21.023365,21.428486,20.873308,21.364887,19.72035,19.689318,21.005558,21.072872,21.011791,21.277193,19.740128,19.716661,4.0,0.0,0.0,4.0,0.0,0.0,0.0,0.0
32529,2023.0,8.0,14.0,21.0,21.386732,21.96896,19.99107,20.16563,21.209217,21.753735,21.018293,21.41768,20.29474,20.241817,19.69395,19.662931,21.005627,21.088459,21.011414,21.281366,19.711996,19.687094,0.0,4.0,0.0,0.0,0.0,0.0,0.0,0.0
32530,2023.0,8.0,14.0,21.0,20.96147,21.248562,19.73589,19.687222,21.28911,21.839596,21.201418,21.747221,20.025066,19.919415,20.001501,20.267368,21.005842,21.099997,21.011736,21.284822,19.685516,19.658773,0.0,4.0,4.0,0.0,4.0,0.0,0.0,0.0
32531,2023.0,8.0,14.0,21.0,21.020044,21.38068,19.589733,19.499626,21.188313,21.611334,20.992868,21.350218,19.932587,19.82354,20.000511,20.186499,21.57635,22.180813,21.01167,21.286388,20.514482,21.244694,0.0,4.0,0.0,0.0,0.0,4.0,0.0,4.0
32532,2023.0,8.0,14.0,22.0,21.255825,21.811935,19.584887,19.548874,21.002274,21.32956,21.023005,21.413137,20.527159,20.999126,19.792097,19.776016,20.973873,20.982157,21.01176,21.287907,20.760786,21.39314,0.0,0.0,0.0,4.0,0.0,0.0,0.0,4.0
32533,2023.0,8.0,14.0,22.0,20.977234,21.284054,19.573343,19.545969,21.020775,21.373291,21.070547,21.471855,20.114613,20.031998,19.677116,19.638355,21.021118,21.096027,21.012066,21.289654,19.969915,19.991528,0.0,0.0,4.0,0.0,0.0,0.0,0.0,0.0
32534,2023.0,8.0,14.0,22.0,21.018965,21.380152,19.543394,19.513504,21.095272,21.486553,21.013786,21.387918,20.503704,20.944025,19.62953,19.585506,21.46117,21.929148,21.01181,21.29063,19.776466,19.672892,0.0,4.0,0.0,4.0,0.0,4.0,0.0,0.0
32535,2023.0,8.0,14.0,22.0,21.013771,21.374554,19.514566,19.48167,21.00887,21.342474,21.02091,21.402037,20.658197,21.058687,19.590557,19.543455,20.97085,20.972725,21.630106,22.441858,19.678722,19.56466,0.0,0.0,0.0,4.0,0.0,0.0,4.0,0.0
32536,2023.0,8.0,14.0,22.0,21.372847,22.047667,19.916895,20.255669,21.020424,21.366117,21.020142,21.397837,20.119122,20.016115,19.554842,19.504805,21.019445,21.090498,20.947556,21.089869,19.615906,19.49729,4.0,0.0,0.0,0.0,0.0,0.0,0.0,0.0
32537,2023.0,8.0,14.0,22.0,20.969975,21.257675,20.005548,20.322023,21.019104,21.360708,21.01464,21.395493,19.863384,19.713762,19.520754,19.466955,21.010555,21.088556,21.48624,22.129745,20.475504,21.17824,0.0,0.0,0.0,0.0,0.0,0.0,4.0,4.0
32538,2023.0,8.0,14.0,23.0,21.023243,21.377344,19.721931,19.746302,21.013222,21.357603,21.015306,21.401325,19.770863,19.61386,19.791447,19.9987,21.006762,21.10062,20.942934,21.059198,19.949402,20.018116,0.0,0.0,0.0,0.0,4.0,0.0,0.0,0.0
32539,2023.0,8.0,14.0,23.0,20.609257,20.585436,19.553911,19.515638,20.63546,20.635353,20.598198,20.600384,19.806896,19.749262,19.61413,19.568918,20.81312,20.742437,20.570616,20.391655,19.699055,19.566757,0.0,0.0,0.0,0.0,0.0,0.0,0.0,0.0
32540,2023.0,8.0,14.0,23.0,20.602892,20.685003,19.503994,19.451426,20.464739,20.397448,20.420576,20.359907,19.787624,19.72644,19.526617,19.461365,20.743364,20.665691,20.425856,20.23529,19.597954,19.449757,0.0,0.0,0.0,0.0,0.0,0.0,0.0,0.0
32541,2023.0,8.0,14.0,23.0,20.558218,20.644094,19.4761,19.423368,20.392384,20.32929,20.343708,20.288015,19.756933,19.695192,19.490133,19.42493,20.699112,20.62177,20.340015,20.153147,20.356955,20.938263,0.0,0.0,0.0,0.0,0.0,0.0,0.0,4.0
32542,2023.0,8.0,14.0,23.0,20.523596,20.621254,19.447432,19.391071,20.969118,21.467485,20.273983,20.214865,19.724836,19.660374,19.453915,19.385452,20.655746,20.575623,20.376663,20.302633,19.778381,19.670687,0.0,4.0,0.0,0.0,0.0,0.0,0.0,0.0
32543,2023.0,8.0,14.0,23.0,20.483387,20.579775,19.420662,19.360561,20.561813,20.59724,20.213423,20.150856,19.69288,19.625526,19.420021,19.348095,21.303886,21.835808,20.348438,20.277687,19.574745,19.408915,0.0,0.0,0.0,0.0,0.0,4.0,0.0,0.0
32544,2023.0,8.0,15.0,0.0,20.444172,20.53801,19.395689,19.332298,20.191755,19.97083,20.15991,20.094912,19.662046,19.592176,19.680439,19.859314,20.673735,20.505543,20.303556,20.230707,19.503237,19.33346,0.0,0.0,0.0,0.0,4.0,0.0,0.0,0.0
32545,2023.0,8.0,15.0,0.0,20.406345,20.496347,19.371008,19.303408,20.045773,19.784296,20.109577,20.040852,20.224781,20.6748,19.476784,19.420546,20.461676,20.220383,20.259449,20.183487,19.543417,19.470125,0.0,0.0,0.0,4.0,0.0,0.0,0.0,0.0
32546,2023.0,8.0,15.0,0.0,20.371288,20.458036,19.347654,19.276184,20.124424,20.018494,20.063675,19.992062,19.817312,19.780434,19.383167,19.301327,20.387106,20.141026,20.217295,20.138813,19.530396,19.462008,0.0,0.0,0.0,0.0,0.0,0.0,0.0,0.0
32547,2023.0,8.0,15.0,0.0,20.336792,20.418518,19.323866,19.247488,20.116577,20.03038,20.01907,19.94295,19.678616,19.598555,19.664574,19.860832,20.485352,20.398972,20.175571,20.093508,19.499763,19.428373,0.0,0.0,0.0,0.0,4.0,0.0,0.0,0.0
32548,2023.0,8.0,15.0,0.0,20.306246,20.386032,19.302591,19.223331,20.080091,19.993393,19.980118,19.902657,20.225782,20.666864,19.427818,19.361107,20.464357,20.366484,20.137274,20.053679,19.469973,19.396757,0.0,0.0,0.0,4.0,0.0,0.0,0.0,0.0
32549,2023.0,8.0,15.0,0.0,20.275772,20.351954,19.280985,19.19799,20.042845,19.953873,19.942036,19.861935,19.661238,19.471111,19.330938,19.239386,20.431433,20.330633,20.099482,20.013618,19.439701,19.364077,0.0,0.0,0.0,0.0,0.0,0.0,0.0,0.0
32550,2023.0,8.0,15.0,1.0,20.244926,20.316387,19.258108,19.169888,20.004393,19.910858,19.903467,19.818544,19.456629,19.212963,19.6084,19.794294,20.398308,20.293388,20.061182,19.971502,19.408457,19.329084,0.0,0.0,0.0,0.0,4.0,0.0,0.0,0.0
32551,2023.0,8.0,15.0,1.0,20.21612,20.283888,19.236591,19.144377,19.969215,19.873009,19.868362,19.780617,19.37918,19.13208,19.359564,19.27303,20.36641,20.258556,20.025034,19.932812,19.378576,19.296516,0.0,0.0,0.0,0.0,0.0,0.0,0.0,0.0
32552,2023.0,8.0,15.0,1.0,20.187807,20.252558,19.215149,19.118986,19.935219,19.836445,19.83456,19.744085,19.463179,19.364851,19.268003,19.165316,20.335108,20.224577,19.989824,19.895374,20.077854,20.636545,0.0,0.0,0.0,0.0,0.0,0.0,0.0,4.0
32553,2023.0,8.0,15.0,1.0,20.158318,20.218197,19.192478,19.091337,19.900719,19.797869,19.80036,19.70562,20.040482,20.454983,19.222425,19.115326,20.303041,20.188717,19.954048,19.856216,19.587124,19.551407,0.0,0.0,0.0,4.0,0.0,0.0,0.0,0.0
32554,2023.0,8.0,15.0,1.0,20.128403,20.182772,19.168419,19.061106,19.865572,19.75714,19.765629,19.665094,20.266531,20.753027,19.177765,19.064722,20.270311,20.151167,19.91777,19.815557,19.270546,19.02786,0.0,0.0,0.0,4.0,0.0,0.0,0.0,0.0
32555,2023.0,8.0,15.0,1.0,20.102247,20.153584,19.147038,19.036327,19.834593,19.724058,19.734959,19.632153,19.560858,19.332537,19.431173,19.569042,20.240492,20.119122,19.884491,19.780487,19.172068,18.923824,0.0,0.0,0.0,0.0,4.0,0.0,0.0,0.0
32556,2023.0,8.0,15.0,2.0,20.072252,20.116514,19.121296,19.00282,19.799103,19.68139,19.69962,19.58955,19.312332,19.01215,19.55465,19.745173,20.207506,20.080471,19.848198,19.739061,19.25351,19.153313,0.0,0.0,0.0,0.0,4.0,0.0,0.0,0.0
32557,2023.0,8.0,15.0,2.0,20.047327,20.089867,19.101748,18.981588,19.770777,19.652617,19.67138,19.560764,19.226963,18.929995,19.04747,18.743328,20.17925,20.051102,19.816368,19.706358,19.239635,19.138132,0.0,0.0,0.0,0.0,0.0,0.0,0.0,0.0
32558,2023.0,8.0,15.0,2.0,20.02115,20.06083,19.080723,18.957268,19.741278,19.62081,19.641958,19.528929,19.953024,20.385197,18.864422,18.53181,20.150505,20.02024,19.784147,19.672363,19.211359,19.10856,0.0,0.0,0.0,4.0,0.0,0.0,0.0,0.0
32559,2023.0,8.0,15.0,2.0,19.994642,20.030989,19.058823,18.931824,19.711603,19.588264,19.612202,19.49627,20.18317,20.651691,18.974928,18.831732,20.121597,19.988783,19.751724,19.637714,19.908976,20.446268,0.0,0.0,0.0,4.0,0.0,0.0,0.0,4.0
32560,2023.0,8.0,15.0,2.0,19.96861,20.001368,19.0365,18.906023,19.682247,19.555983,19.58272,19.463825,19.45163,19.188786,18.985975,18.855247,20.092932,19.957565,19.71952,19.603285,19.244823,19.01585,0.0,0.0,0.0,0.0,0.0,0.0,0.0,0.0
32561,2023.0,8.0,15.0,2.0,19.940723,19.96773,19.011402,18.874834,19.650368,19.518389,19.550838,19.426111,19.1942,18.860939,18.948017,18.811373,20.06263,19.922909,19.685684,19.565474,19.017138,18.72819,0.0,0.0,0.0,0.0,0.0,0.0,0.0,0.0
32562,2023.0,8.0,15.0,3.0,19.914753,19.938334,18.988556,18.848392,19.621338,19.486353,19.521692,19.393915,19.09866,18.764502,18.913263,18.773819,20.034235,19.89197,19.653643,19.531216,19.115849,19.001171,0.0,0.0,0.0,0.0,0.0,0.0,0.0,0.0
32563,2023.0,8.0,15.0,3.0,19.890072,19.912056,19.419846,19.674597,19.594938,19.459473,19.495,19.366785,19.223583,19.094326,18.880745,18.741005,20.007563,19.86437,19.623167,19.50006,19.099676,18.984104,4.0,0.0,0.0,0.0,0.0,0.0,0.0,0.0
32564,2023.0,8.0,15.0,3.0,19.863129,19.88165,19.145432,19.07162,19.566109,19.427551,19.465796,19.334522,19.21801,19.087458,18.846205,18.703568,19.979422,19.83363,19.591171,19.465761,19.068478,18.951126,0.0,0.0,0.0,0.0,0.0,0.0,0.0,0.0
32565,2023.0,8.0,15.0,3.0,19.835335,19.849607,19.004261,18.85275,19.535967,19.392939,19.43525,19.299515,19.1801,19.045639,18.811075,18.66437,19.950718,19.801641,19.558563,19.430243,19.035006,18.91461,0.0,0.0,0.0,0.0,0.0,0.0,0.0,0.0
32566,2023.0,8.0,15.0,3.0,19.8093,19.820976,18.965315,18.812101,19.50872,19.36398,19.407629,19.270218,19.14514,19.009254,19.099054,19.232502,19.92366,19.772844,19.527433,19.397627,19.003157,18.881273,0.0,0.0,0.0,0.0,4.0,0.0,0.0,0.0
32567,2023.0,8.0,15.0,3.0,19.78301,19.792166,18.932005,18.776304,19.480936,19.334116,19.37951,19.240025,19.10972,18.972345,18.855827,18.711924,19.896498,19.743877,19.496138,19.36484,18.971395,18.847996,0.0,0.0,0.0,0.0,0.0,0.0,0.0,0.0
32568,2023.0,8.0,15.0,4.0,19.75475,19.759493,18.899458,18.738028,19.45067,19.29926,19.348974,19.204845,19.072681,18.931807,18.766888,18.61207,19.867857,19.711946,19.463358,19.329145,18.938341,18.811884,0.0,0.0,0.0,0.0,0.0,0.0,0.0,0.0
32569,2023.0,8.0,15.0,4.0,19.730337,19.734648,18.873806,18.712238,19.4249,19.273489,19.322914,19.17875,19.0395,18.898703,18.728878,18.574219,19.842419,19.686459,19.433405,19.299225,18.90849,18.78202,0.0,0.0,0.0,0.0,0.0,0.0,0.0,0.0
32570,2023.0,8.0,15.0,4.0,19.723642,19.744839,18.85178,18.692337,20.078691,20.525316,19.299301,19.157137,19.590395,19.96213,18.695202,18.543077,19.818905,19.664211,19.405327,19.272532,18.880802,18.755733,0.0,4.0,0.0,4.0,0.0,0.0,0.0,0.0
32571,2023.0,8.0,15.0,4.0,19.705484,19.728174,18.82828,18.668715,19.676126,19.631464,19.273869,19.131699,19.199963,19.10371,18.66144,18.509272,19.794626,19.6399,19.376492,19.24375,18.852222,18.727146,0.0,0.0,0.0,0.0,0.0,0.0,0.0,0.0
32572,2023.0,8.0,15.0,4.0,19.683363,19.704815,18.80474,18.644476,19.207531,18.788414,19.247938,19.105162,19.053427,18.913807,18.628252,18.475422,19.77048,19.615286,19.347889,19.214733,18.82354,18.697954,0.0,0.0,0.0,0.0,0.0,0.0,0.0,0.0
32573,2023.0,8.0,15.0,4.0,19.66189,19.68323,18.782808,18.623129,19.669542,19.755379,19.22341,19.081333,19.006573,18.867975,18.597654,18.445742,19.747593,19.592987,19.320557,19.188154,19.522823,20.038807,0.0,4.0,0.0,0.0,0.0,0.0,0.0,4.0
32574,2023.0,8.0,15.0,5.0,19.63891,19.659147,18.76,18.599842,19.263735,18.922852,19.197947,19.055344,18.963266,18.824005,18.566475,18.414167,19.723923,19.569006,19.292168,19.159512,19.816133,20.428034,0.0,0.0,0.0,0.0,0.0,0.0,0.0,4.0
32575,2023.0,8.0,15.0,5.0,19.617939,19.639376,18.739805,18.581594,19.069557,18.648605,19.175335,19.034395,18.926939,18.78954,18.53834,18.388025,19.702364,19.549114,19.265766,19.134817,18.970936,18.715641,0.0,0.0,0.0,0.0,0.0,0.0,0.0,0.0
32576,2023.0,8.0,15.0,5.0,19.596563,19.61873,18.719814,18.563234,18.986082,18.561264,19.152813,19.013033,18.892263,18.755905,18.8054,18.912554,20.398123,20.886482,19.23888,19.10902,18.708584,18.392237,0.0,0.0,0.0,0.0,4.0,4.0,0.0,0.0
32577,2023.0,8.0,15.0,5.0,19.575714,19.599052,18.700703,18.54612,19.764826,20.106882,19.130768,18.992758,18.86013,18.725515,18.61376,18.49247,19.690603,19.38248,19.212435,19.084154,18.618673,18.305899,0.0,4.0,0.0,0.0,0.0,0.0,0.0,0.0
32578,2023.0,8.0,15.0,5.0,19.55408,19.577457,18.681484,18.528214,19.472467,19.412172,19.107985,18.971157,18.82856,18.694836,18.81376,18.928858,19.466724,19.094046,19.185637,19.058247,18.545404,18.235304,0.0,0.0,0.0,0.0,4.0,0.0,0.0,0.0
32579,2023.0,8.0,15.0,5.0,19.53332,19.557867,18.663286,18.512033,19.075945,18.696894,19.085993,18.951237,18.79959,18.667849,18.926394,19.07931,19.402304,19.031385,19.160637,19.035015,19.372826,19.867928,0.0,0.0,0.0,0.0,4.0,0.0,0.0,4.0
32580,2023.0,8.0,15.0,6.0,20.181042,20.792269,19.086046,19.320608,18.935806,18.524197,19.063696,18.930374,18.771685,18.641293,18.649511,18.536266,19.54422,19.3732,19.135912,19.011568,18.750826,18.49631,4.0,0.0,0.0,0.0,0.0,0.0,0.0,0.0
32581,2023.0,8.0,15.0,6.0,21.092466,22.268763,20.131063,21.09814,21.303925,22.68234,21.228962,22.798119,19.34445,19.743242,18.841871,18.96667,21.18845,22.211086,21.32045,22.787024,18.542799,18.245146,0.0,0.0,0.0,4.0,4.0,4.0,0.0,0.0
32582,2023.0,8.0,15.0,6.0,21.031672,22.002542,19.329144,19.375086,20.997866,21.984518,21.004185,22.119623,20.323763,21.355724,20.180155,21.219534,21.023867,21.788643,20.97484,21.955765,18.471752,18.182835,0.0,0.0,0.0,0.0,0.0,0.0,4.0,0.0
32583,2023.0,8.0,15.0,6.0,21.036692,21.902933,18.892345,18.780088,21.034182,21.938046,21.036282,22.04419,19.950304,20.446411,19.08089,18.902548,21.005213,21.61925,21.053017,22.000479,18.58032,18.459038,0.0,0.0,0.0,4.0,0.0,4.0,0.0,0.0
32584,2023.0,8.0,15.0,6.0,21.034023,21.822868,19.255135,19.52302,21.02806,21.84742,21.03071,21.942074,20.052008,20.6229,18.70543,18.563158,21.03743,21.629086,21.03658,21.866344,18.622015,18.515059,4.0,0.0,0.0,0.0,0.0,0.0,0.0,0.0
32585,2023.0,8.0,15.0,6.0,21.034056,21.770832,20.108942,20.945261,21.0286,21.794958,21.031149,21.88113,19.245445,18.9948,18.688826,18.559505,21.030622,21.554214,21.037655,21.793726,18.614025,18.511517,0.0,0.0,0.0,0.0,0.0,0.0,0.0,0.0
32586,2023.0,8.0,15.0,7.0,21.022747,21.733345,19.388527,19.433136,21.028019,21.75615,21.030596,21.836699,19.498882,19.748901,18.652988,18.530075,20.9992,21.425997,21.02655,21.735374,19.381598,19.973282,0.0,0.0,0.0,4.0,0.0,4.0,0.0,4.0
32587,2023.0,8.0,15.0,7.0,20.994118,21.64607,18.977003,18.871572,21.026854,21.727005,21.002666,21.73052,20.055353,20.581125,18.624252,18.5075,21.002707,21.406694,21.171053,21.941223,20.094046,20.993597,0.0,0.0,4.0,4.0,0.0,4.0,4.0,0.0
32588,2023.0,8.0,15.0,7.0,21.0112,21.658033,19.313719,19.577288,21.00098,21.635366,21.034744,21.797424,20.026278,20.49151,18.94165,19.123882,21.001638,21.384962,21.017714,21.638002,19.117142,18.957365,4.0,4.0,0.0,0.0,4.0,4.0,0.0,0.0
32589,2023.0,8.0,15.0,7.0,21.008898,21.641983,20.097519,20.89102,21.006002,21.637527,21.038908,21.767498,19.337505,19.11527,20.142607,21.10069,21.000677,21.366709,21.00806,21.55642,18.72283,18.499844,0.0,4.0,0.0,0.0,4.0,4.0,4.0,0.0
32590,2023.0,8.0,15.0,7.0,21.008081,21.634684,19.571075,19.730598,21.015213,21.631805,21.037266,21.736477,19.019592,18.758102,20.019892,20.723604,21.030521,21.430353,21.039728,21.645475,19.739998,20.515636,4.0,4.0,0.0,0.0,0.0,0.0,0.0,4.0
32591,2023.0,8.0,15.0,7.0,21.03542,21.705969,20.11587,20.825666,21.01315,21.61272,21.026325,21.71391,19.085905,18.982422,19.205301,19.044092,21.038109,21.391233,21.030243,21.607239,20.025347,20.717674,0.0,4.0,0.0,0.0,0.0,4.0,0.0,0.0
32592,2023.0,8.0,15.0,8.0,21.0017,21.609156,19.319746,19.20449,21.038742,21.673464,21.02739,21.713465,19.10854,19.023651,19.317705,19.529837,21.063505,21.427305,21.030352,21.588589,19.229254,19.085152,0.0,0.0,0.0,0.0,4.0,4.0,0.0,0.0
32593,2023.0,8.0,15.0,8.0,20.27517,20.244806,19.474136,19.760262,20.732227,21.040377,20.327158,20.364902,19.795097,20.343182,20.07652,20.754585,20.430275,20.216228,20.255726,20.08161,19.754723,20.320702,4.0,4.0,0.0,4.0,4.0,0.0,0.0,4.0
32594,2023.0,8.0,15.0,8.0,19.906807,19.801971,20.07517,20.760374,20.60469,20.912292,19.927294,19.865887,20.029686,20.55821,20.020235,20.558352,20.89062,21.285986,20.021366,19.923212,20.038485,20.6378,0.0,4.0,0.0,0.0,0.0,4.0,0.0,0.0
32595,2023.0,8.0,15.0,8.0,19.79274,19.711302,19.494509,19.57281,20.044779,19.91088,20.425716,20.92754,20.035679,20.453373,19.388931,19.272945,21.092512,21.506596,20.933258,21.723476,19.35643,19.253403,0.0,0.0,4.0,4.0,0.0,4.0,4.0,0.0
32596,2023.0,8.0,15.0,8.0,19.864912,19.932604,19.645605,19.96175,19.780758,19.554441,20.010443,20.069595,20.092579,20.51682,19.13285,18.909779,21.1518,21.579908,20.176567,20.09544,19.129448,18.956688,4.0,0.0,0.0,4.0,0.0,4.0,0.0,0.0
32597,2023.0,8.0,15.0,8.0,19.860025,19.959927,20.044905,20.632484,20.291513,20.617794,19.635147,19.464699,20.161112,20.600613,19.17316,19.061176,21.206636,21.649694,19.876446,19.682762,20.02693,20.72962,4.0,4.0,0.0,4.0,0.0,4.0,0.0,4.0
32598,2023.0,8.0,15.0,9.0,20.521568,21.24917,20.022999,20.561563,19.935125,19.851717,19.47609,19.30055,20.000093,20.302877,19.185165,19.093647,21.265102,21.722542,19.772516,19.58878,19.990915,20.442316,0.0,0.0,0.0,0.0,0.0,4.0,0.0,0.0
32599,2023.0,8.0,15.0,9.0,20.595604,21.173332,19.433773,19.400948,19.648829,19.491676,19.49125,19.427212,20.224836,20.68861,19.16478,19.078918,20.654161,20.53622,19.710073,19.541012,20.263306,20.89664,0.0,0.0,0.0,4.0,0.0,0.0,0.0,4.0
32600,2023.0,8.0,15.0,9.0,20.019983,20.085693,19.601238,19.83416,20.210165,20.621567,20.15148,20.710247,19.985415,20.240751,19.155592,19.07289,20.44746,20.247866,19.745474,19.660177,19.984503,20.365988,4.0,4.0,4.0,0.0,0.0,0.0,0.0,0.0
32601,2023.0,8.0,15.0,9.0,19.775236,19.80482,20.047413,20.592167,20.406784,20.853643,20.269188,20.738592,20.289288,20.783413,19.521803,19.77256,21.08194,21.52558,20.732616,21.542257,19.545664,19.511612,4.0,4.0,4.0,4.0,4.0,4.0,4.0,0.0
32602,2023.0,8.0,15.0,9.0,19.713024,19.764112,20.001,20.478392,20.451431,20.91408,19.730276,19.731823,20.432219,20.949131,20.053677,20.618486,20.70298,20.64559,20.176838,20.177492,19.312855,19.21346,4.0,4.0,0.0,4.0,0.0,0.0,0.0,0.0
32603,2023.0,8.0,15.0,9.0,19.68377,19.75737,20.024609,20.527489,20.492199,20.971983,19.468084,19.406347,19.955591,20.094173,19.608438,19.6646,20.449486,20.299482,19.825274,19.719181,19.244549,19.14968,0.0,4.0,0.0,0.0,0.0,0.0,0.0,0.0
32604,2023.0,8.0,15.0,10.0,19.702257,19.838346,19.534985,19.573742,19.970783,19.983461,19.399473,19.352032,19.682838,19.587849,19.368372,19.308672,20.397255,20.254902,19.755089,19.653355,19.236475,19.17405,0.0,0.0,0.0,0.0,0.0,0.0,0.0,0.0
32605,2023.0,8.0,15.0,10.0,19.69158,19.840462,19.747429,20.075747,19.773855,19.729033,20.06127,20.644545,19.598251,19.50081,19.330618,19.261778,20.430325,20.344719,19.735825,19.64399,19.22526,19.166922,4.0,0.0,4.0,0.0,0.0,0.0,0.0,0.0
32606,2023.0,8.0,15.0,10.0,19.67033,19.825188,20.044832,20.602655,19.6987,19.666607,20.191021,20.74934,19.573818,19.488592,19.71276,19.985003,21.19366,21.79842,19.742718,19.67731,19.21201,19.154907,0.0,0.0,4.0,0.0,4.0,4.0,0.0,0.0
32607,2023.0,8.0,15.0,10.0,19.64788,19.808283,19.591568,19.700178,19.64707,19.635412,19.69343,19.78608,19.561026,19.491158,20.030247,20.442421,20.801231,20.841602,20.733047,21.557497,19.200605,19.144392,0.0,0.0,0.0,0.0,0.0,0.0,4.0,0.0
32608,2023.0,8.0,15.0,10.0,19.625315,19.788925,19.755936,20.162615,20.272898,20.86336,19.45928,19.49308,19.547539,19.480291,19.68242,19.700142,21.295485,21.88675,20.250324,20.326927,19.193058,19.13737,4.0,4.0,0.0,0.0,0.0,4.0,0.0,0.0
32609,2023.0,8.0,15.0,10.0,19.60695,19.773977,20.021477,20.590912,19.872885,19.988316,20.059536,20.666687,19.539629,19.473026,19.544588,19.479366,20.825918,20.881895,20.01128,19.959492,19.1913,19.136166,4.0,0.0,4.0,0.0,0.0,0.0,0.0,0.0
32610,2023.0,8.0,15.0,11.0,19.587658,19.758104,20.005547,20.51781,19.627138,19.67021,20.267105,20.875435,19.532717,19.467278,19.520332,19.450413,20.564518,20.486336,19.94028,19.888962,19.191025,19.137066,4.0,0.0,4.0,0.0,0.0,0.0,0.0,0.0
32611,2023.0,8.0,15.0,11.0,19.568583,19.740963,20.033863,20.581186,19.582829,19.63624,20.324224,20.937712,19.527288,19.461231,19.514389,19.443,20.538424,20.46679,19.910786,19.863895,19.191422,19.136818,0.0,0.0,4.0,0.0,0.0,0.0,0.0,0.0
32612,2023.0,8.0,15.0,11.0,19.550934,19.725756,19.990871,20.450605,20.19743,20.823236,20.371355,20.98543,19.524157,19.458033,19.514784,19.442669,20.529476,20.458208,19.873383,19.811266,19.193316,19.138342,4.0,4.0,4.0,0.0,0.0,0.0,0.0,0.0
32613,2023.0,8.0,15.0,11.0,19.535286,19.711538,20.00291,20.472101,20.353397,20.980724,19.848684,19.981245,19.523878,19.457615,19.520721,19.448187,20.524912,20.452707,19.852211,19.78783,19.197075,19.142113,4.0,4.0,0.0,0.0,0.0,0.0,0.0,0.0
32614,2023.0,8.0,15.0,11.0,20.196682,20.969395,20.01798,20.516188,20.417036,21.042412,19.620113,19.71626,20.233595,20.798323,19.527506,19.455261,21.295856,21.920347,19.837067,19.773357,19.200386,19.145756,0.0,4.0,0.0,4.0,0.0,4.0,0.0,0.0
32615,2023.0,8.0,15.0,11.0,19.858421,20.115849,19.675228,19.8527,20.48185,21.110313,20.170698,20.810822,19.985357,20.174532,19.535093,19.463415,20.890482,20.932404,19.825777,19.762968,20.083973,20.813393,0.0,4.0,4.0,0.0,0.0,0.0,0.0,4.0
32616,2023.0,8.0,15.0,12.0,20.284033,21.049955,19.880436,20.358118,20.536228,21.169044,20.373064,21.01706,20.505016,21.129335,19.543118,19.472654,21.431953,22.06504,19.817318,19.755737,19.97993,20.397692,4.0,4.0,4.0,4.0,0.0,4.0,0.0,0.0
32617,2023.0,8.0,15.0,12.0,21.103598,22.345453,20.019306,20.552383,21.063877,22.057636,21.088017,22.228464,20.036816,20.186544,19.551403,19.482145,21.009357,21.168192,21.186934,22.144234,20.494024,21.30498,0.0,4.0,4.0,0.0,0.0,0.0,0.0,4.0
32618,2023.0,8.0,15.0,12.0,20.987114,21.979559,20.02613,20.522072,20.997097,21.85153,20.996735,21.949898,20.57543,21.204082,19.56027,19.492287,21.568483,22.223833,20.998405,21.70544,20.730728,21.560345,4.0,4.0,4.0,4.0,0.0,4.0,0.0,4.0
32619,2023.0,8.0,15.0,12.0,21.003277,21.941383,20.0386,20.53736,21.030903,21.888464,21.007751,21.906906,20.161251,20.2323,19.569454,19.503141,21.780092,22.45348,21.020277,21.671015,20.832495,21.657047,4.0,0.0,4.0,0.0,0.0,4.0,0.0,4.0
32620,2023.0,8.0,15.0,12.0,21.001019,21.889692,20.057358,20.561403,20.997686,21.760118,21.031433,21.928396,19.937878,19.940641,19.578775,19.514439,21.150213,21.19329,21.017145,21.60944,20.012758,20.182579,4.0,4.0,0.0,0.0,0.0,0.0,0.0,0.0
32621,2023.0,8.0,15.0,12.0,21.00072,21.855179,20.007956,20.48414,21.029125,21.816137,21.025238,21.876348,19.90094,19.905094,19.977592,20.262619,21.674612,22.322397,21.017368,21.569729,19.797035,19.810493,0.0,0.0,0.0,0.0,4.0,4.0,0.0,0.0
32622,2023.0,8.0,15.0,13.0,21.027344,21.902918,19.704878,19.899494,21.022047,21.776495,21.02476,21.843733,19.822336,19.76865,19.995316,20.182692,21.901573,22.57955,21.500242,22.429483,19.730564,19.745787,0.0,0.0,0.0,0.0,0.0,4.0,4.0,0.0
32623,2023.0,8.0,15.0,13.0,21.020935,21.862486,19.556574,19.729366,20.995914,21.682743,21.024115,21.817722,19.77729,19.721598,20.19291,20.51651,21.962395,22.63958,20.938946,21.331078,19.696089,19.71686,0.0,4.0,0.0,0.0,4.0,4.0,0.0,0.0
32624,2023.0,8.0,15.0,13.0,21.019999,21.838037,19.414051,19.498524,21.02736,21.75458,21.023905,21.797388,19.75517,19.702955,20.352306,20.748745,21.308773,21.35506,21.023926,21.500015,19.67135,19.699022,0.0,0.0,0.0,0.0,4.0,0.0,0.0,0.0
32625,2023.0,8.0,15.0,13.0,21.062067,21.868893,19.32626,19.394148,21.020786,21.727566,21.023697,21.780684,19.73666,19.688541,20.42907,20.836693,21.812698,22.463911,21.014296,21.476637,20.504608,21.297394,0.0,0.0,0.0,0.0,4.0,4.0,0.0,4.0
32626,2023.0,8.0,15.0,13.0,21.015789,21.795525,19.27969,19.346426,21.020979,21.714937,21.023104,21.765524,19.71976,19.675251,20.478964,20.891392,22.023392,22.709604,21.015276,21.474098,19.98505,20.183784,0.0,0.0,0.0,0.0,4.0,4.0,0.0,0.0
32627,2023.0,8.0,15.0,13.0,21.083862,21.887005,19.244638,19.312702,21.007082,21.645641,20.996819,21.681261,19.705568,19.664814,20.169746,20.280293,21.376469,21.443151,21.563192,22.483784,19.7935,19.841766,0.0,4.0,4.0,0.0,0.0,0.0,4.0,0.0
32628,2023.0,8.0,15.0,14.0,21.115376,21.92105,19.215595,19.285498,21.02179,21.679739,21.02758,21.760887,19.694675,19.656883,20.026382,20.08903,21.12408,21.117838,20.947746,21.28782,19.729425,19.775764,0.0,4.0,0.0,0.0,0.0,0.0,0.0,0.0
32629,2023.0,8.0,15.0,14.0,20.57355,20.893295,19.191734,19.264452,20.514055,20.724966,20.998943,21.66799,20.37886,20.956484,20.352484,20.722717,21.063595,21.059196,20.605688,20.658628,19.708101,19.761377,0.0,0.0,4.0,4.0,4.0,0.0,0.0,0.0
32630,2023.0,8.0,15.0,14.0,20.375814,20.643011,19.17484,19.24983,20.301935,20.442333,20.459711,20.660118,19.987167,20.166546,20.144379,20.266539,21.035316,21.036358,20.485586,20.508537,19.618843,19.596985,0.0,0.0,0.0,0.0,0.0,0.0,0.0,0.0
32631,2023.0,8.0,15.0,14.0,20.286102,20.559242,19.585484,20.035894,20.20655,20.355534,20.206373,20.372908,19.893824,19.968744,20.037115,20.120474,21.744658,22.403963,21.35074,22.198715,19.571932,19.545067,4.0,0.0,0.0,0.0,0.0,4.0,4.0,0.0
32632,2023.0,8.0,15.0,14.0,20.852137,21.669304,20.039106,20.754505,20.151562,20.30735,20.123251,20.288,20.547823,21.20264,19.93189,19.91636,21.957985,22.683811,20.790075,20.976814,19.55498,19.52762,4.0,0.0,0.0,4.0,0.0,4.0,0.0,0.0
32633,2023.0,8.0,15.0,14.0,20.473429,20.794395,19.99516,20.595436,20.676985,21.339083,19.963,20.04123,20.203388,20.338776,19.875505,19.840313,22.04073,22.764284,20.460384,20.512037,19.541824,19.515656,4.0,4.0,0.0,0.0,0.0,4.0,0.0,0.0
32634,2023.0,8.0,15.0,15.0,20.87097,21.689993,20.028316,20.610092,20.350212,20.584015,19.861723,19.930622,20.025284,20.106558,19.861977,19.827177,21.41872,21.522257,20.388811,20.434824,19.531519,19.507029,4.0,0.0,0.0,0.0,0.0,0.0,0.0,0.0
32635,2023.0,8.0,15.0,15.0,20.43292,20.770712,20.061073,20.636745,20.79698,21.50511,19.806868,19.873241,20.000154,20.072737,19.854223,19.818624,21.230637,21.24431,20.358948,20.401773,19.521828,19.4967,4.0,4.0,0.0,0.0,0.0,0.0,0.0,0.0
32636,2023.0,8.0,15.0,15.0,20.2723,20.553688,20.091051,20.66094,20.367844,20.60479,19.759539,19.825584,19.901018,19.882635,19.846071,19.810186,21.173151,21.186802,20.25914,20.226345,19.511465,19.485975,4.0,0.0,0.0,0.0,0.0,0.0,0.0,0.0
32637,2023.0,8.0,15.0,15.0,20.833666,21.65095,20.001348,20.496675,20.181168,20.344791,20.380905,21.029968,19.855217,19.823837,20.207178,20.49808,21.877234,22.554953,20.214174,20.178432,19.50113,19.47571,0.0,0.0,4.0,0.0,4.0,4.0,0.0,0.0
32638,2023.0,8.0,15.0,15.0,21.043041,21.87257,19.744421,19.989365,20.103603,20.262287,20.032923,20.187344,19.831507,19.799654,20.014452,20.077915,22.109259,22.822235,20.181381,20.146416,19.490063,19.464996,0.0,0.0,0.0,0.0,0.0,4.0,0.0,0.0
32639,2023.0,8.0,15.0,15.0,21.1031,21.932392,19.610302,19.82132,19.964832,20.035746,19.861935,20.02956,19.814163,19.782751,19.906593,19.879436,21.46987,21.559528,20.151966,20.117586,19.47939,19.454777,0.0,0.0,0.0,0.0,0.0,0.0,0.0,0.0
32640,2023.0,8.0,15.0,16.0,20.582163,20.922926,19.47683,19.585493,20.54256,21.167019,20.394205,21.046185,19.8023,19.771414,19.873924,19.839512,21.953016,22.562178,20.1299,20.096073,20.339981,21.089159,0.0,4.0,4.0,0.0,0.0,4.0,0.0,4.0
32641,2023.0,8.0,15.0,16.0,20.389606,20.663145,19.396492,19.472864,20.749874,21.435667,20.01774,20.228283,19.79215,19.762022,20.221018,20.507235,22.142485,22.84587,20.109879,20.076561,19.949108,20.274658,0.0,4.0,0.0,0.0,4.0,4.0,0.0,0.0
32642,2023.0,8.0,15.0,16.0,20.309467,20.581448,19.350729,19.423588,20.27092,20.474655,19.832533,20.000082,19.782038,19.752808,20.008127,20.058205,22.200558,22.899431,20.091293,20.05901,19.735903,19.82777,0.0,0.0,0.0,0.0,0.0,4.0,0.0,0.0
32643,2023.0,8.0,15.0,16.0,20.859114,21.655832,19.738895,20.177454,20.634344,21.28316,19.790173,19.953447,20.449661,21.02005,19.993027,20.05328,21.573137,21.673176,21.055374,21.897522,19.658857,19.729939,4.0,4.0,0.0,4.0,0.0,0.0,4.0,0.0
32644,2023.0,8.0,15.0,16.0,20.455624,20.784924,20.034687,20.645557,20.258741,20.481958,19.689991,19.77343,20.018967,20.166622,20.006052,20.079515,21.348969,21.341438,21.396023,22.325645,20.526054,21.369528,0.0,0.0,0.0,0.0,0.0,0.0,4.0,4.0
32645,2023.0,8.0,15.0,16.0,20.236256,20.50819,20.003489,20.489878,20.035923,20.1889,19.621847,19.687027,19.923918,19.98484,19.915043,19.90198,21.266212,21.262064,20.692617,20.86604,20.099476,20.299316,4.0,0.0,0.0,0.0,0.0,0.0,0.0,0.0
32646,2023.0,8.0,15.0,17.0,20.80495,21.601774,20.071798,20.600355,20.594292,21.264864,19.593102,19.654522,19.912394,19.971188,19.869993,19.840445,21.213842,21.210932,21.426508,22.340435,19.869375,19.940035,4.0,4.0,0.0,0.0,0.0,0.0,4.0,0.0
32647,2023.0,8.0,15.0,17.0,20.96947,21.783537,20.117887,20.648125,20.746986,21.420395,20.22864,20.8671,19.90206,19.958813,19.850122,19.821312,21.165926,21.163206,20.781845,20.963417,19.80102,19.85889,4.0,4.0,4.0,0.0,0.0,0.0,0.0,0.0
32648,2023.0,8.0,15.0,17.0,21.03159,21.835388,20.144236,20.667824,20.272175,20.478487,20.41811,21.071527,19.824251,19.813047,19.831305,19.804277,21.873873,22.540573,21.48352,22.38726,19.760721,19.816477,4.0,0.0,4.0,0.0,0.0,4.0,4.0,0.0
32649,2023.0,8.0,15.0,17.0,21.082605,21.878798,20.166536,20.683496,20.697044,21.350555,20.510397,21.179073,20.466465,21.050005,19.812798,19.78809,22.033634,22.725876,20.829035,20.99927,19.662605,19.650152,4.0,4.0,4.0,4.0,0.0,4.0,0.0,0.0
32650,2023.0,8.0,15.0,17.0,21.12412,21.913754,20.186039,20.696756,20.820574,21.474648,20.579332,21.244062,20.127285,20.278759,20.157839,20.45663,22.075317,22.75575,20.533009,20.55241,19.612358,19.593395,4.0,4.0,4.0,0.0,4.0,4.0,0.0,0.0
32651,2023.0,8.0,15.0,17.0,21.15622,21.93581,20.203066,20.707193,20.333624,20.523193,20.094296,20.290049,19.97154,20.02887,19.99636,20.132666,21.48508,21.603762,20.44569,20.459217,20.454212,21.213427,4.0,0.0,0.0,0.0,0.0,0.0,0.0,4.0
32652,2023.0,8.0,15.0,18.0,20.60249,20.862677,19.983679,20.322325,20.71256,21.373335,19.859537,19.98839,19.913462,19.960878,19.850922,19.852762,21.183971,21.183493,20.37782,20.390644,20.833557,21.663958,0.0,4.0,0.0,0.0,0.0,0.0,0.0,4.0
32653,2023.0,8.0,15.0,18.0,21.08834,21.898598,19.793076,19.969639,21.019564,21.77338,21.126614,22.254124,20.520838,21.124329,19.78151,19.76913,21.097507,21.090548,21.086157,21.695084,20.187664,20.35222,0.0,4.0,4.0,4.0,0.0,0.0,0.0,0.0
32654,2023.0,8.0,15.0,18.0,20.999016,21.64955,20.085176,20.589588,21.02183,21.742743,21.010223,21.916313,20.197422,20.324852,19.75196,19.739582,21.042713,21.035454,21.003988,21.489193,19.860561,19.913162,4.0,0.0,0.0,0.0,0.0,0.0,0.0,0.0
32655,2023.0,8.0,15.0,18.0,21.185827,21.963284,19.984055,20.341637,21.018438,21.6922,21.023672,21.859385,19.969572,20.018726,20.12777,20.473106,20.99857,20.994518,21.015276,21.484884,19.78014,19.824444,0.0,0.0,0.0,0.0,4.0,0.0,0.0,0.0
32656,2023.0,8.0,15.0,18.0,20.982775,21.569366,19.755356,19.897793,21.017818,21.657063,21.020649,21.794453,19.914467,19.960722,19.966955,20.10756,21.004414,21.035692,21.013155,21.462368,19.737762,19.781656,0.0,0.0,0.0,0.0,0.0,0.0,0.0,0.0
32657,2023.0,8.0,15.0,18.0,21.020586,21.638676,19.600618,19.677816,21.018724,21.632719,21.021969,21.754856,19.83608,19.833616,19.828161,19.848572,21.73361,22.442833,21.014153,21.451197,20.582523,21.409935,0.0,0.0,0.0,0.0,0.0,4.0,0.0,4.0
32658,2023.0,8.0,15.0,19.0,21.014408,21.61702,19.946836,20.37803,21.017754,21.610888,21.02079,21.72046,19.786634,19.780512,19.747059,19.745438,21.273157,21.37149,21.013906,21.441103,20.119791,20.25899,4.0,0.0,0.0,0.0,0.0,0.0,0.0,0.0
32659,2023.0,8.0,15.0,19.0,21.030077,21.637087,20.101238,20.552073,21.098219,21.71978,21.044647,21.739132,19.75631,19.749395,19.71033,19.704891,21.001312,21.010809,21.02928,21.462973,19.798222,19.831028,4.0,4.0,0.0,0.0,0.0,0.0,0.0,0.0
32660,2023.0,8.0,15.0,19.0,21.23952,21.998829,19.998991,20.364729,21.008888,21.558764,21.016964,21.665977,20.44725,21.079733,19.683453,19.679663,21.004747,21.065107,21.579077,22.47113,19.73437,19.769716,0.0,0.0,0.0,4.0,0.0,0.0,4.0,0.0
32661,2023.0,8.0,15.0,19.0,20.980978,21.502766,20.116869,20.55988,21.0195,21.57128,21.028177,21.643244,20.10089,20.202116,19.656635,19.654095,21.670841,22.348757,20.945326,21.22587,19.687822,19.719967,4.0,0.0,4.0,0.0,0.0,4.0,0.0,0.0
32662,2023.0,8.0,15.0,19.0,21.01956,21.58155,20.168652,20.609877,21.017979,21.557669,20.998812,21.583473,19.86282,19.890934,19.630714,19.629204,21.173206,21.228222,21.542274,22.377428,19.617916,19.61662,4.0,0.0,4.0,0.0,0.0,0.0,4.0,0.0
32663,2023.0,8.0,15.0,19.0,21.210129,21.91399,19.989872,20.29436,21.016727,21.547611,21.00055,21.581856,19.79728,19.817337,19.603796,19.602358,21.003256,21.069248,20.947344,21.202864,19.569506,19.56607,0.0,0.0,4.0,0.0,0.0,0.0,0.0,0.0
32664,2023.0,8.0,15.0,20.0,20.985617,21.489065,19.756454,19.853037,21.01676,21.540558,21.000269,21.575758,20.486748,21.155422,19.578327,19.578577,21.00628,21.104736,21.025553,21.385536,19.53681,19.534464,0.0,0.0,4.0,4.0,0.0,0.0,0.0,0.0
32665,2023.0,8.0,15.0,20.0,21.019028,21.558308,20.014158,20.415892,21.01681,21.534077,21.026964,21.64214,19.987226,20.118732,19.550627,19.54947,21.005634,21.125023,21.01388,21.375084,19.505833,19.502565,4.0,0.0,0.0,0.0,0.0,0.0,0.0,0.0
32666,2023.0,8.0,15.0,20.0,21.194023,21.860565,20.10793,20.4958,21.016882,21.527954,20.996046,21.5458,19.80477,19.799255,19.522087,19.519026,21.594717,22.250116,21.01615,21.385056,19.476698,19.472527,4.0,0.0,4.0,0.0,0.0,4.0,0.0,0.0
32667,2023.0,8.0,15.0,20.0,21.24644,21.899029,20.104147,20.470757,21.016718,21.521566,21.001783,21.548445,19.717485,19.692415,19.865084,20.187319,20.987312,21.048512,21.013723,21.386623,19.448952,19.443161,4.0,0.0,4.0,0.0,4.0,0.0,0.0,0.0
32668,2023.0,8.0,15.0,20.0,21.248213,21.881376,20.099072,20.445805,21.131994,21.7081,21.027891,21.612944,19.68213,19.668753,20.016476,20.364603,21.019413,21.137129,21.580664,22.442247,19.423187,19.415829,4.0,4.0,0.0,0.0,0.0,0.0,4.0,0.0
32669,2023.0,8.0,15.0,20.0,20.989601,21.442593,20.003468,20.28786,21.00104,21.469584,21.022608,21.587341,19.649841,19.63506,20.062654,20.393501,21.008938,21.134932,20.95624,21.211678,20.329521,21.155052,0.0,0.0,0.0,0.0,4.0,0.0,0.0,4.0
32670,2023.0,8.0,15.0,21.0,21.021242,21.51418,19.68395,19.673203,21.016825,21.466995,21.023167,21.572311,19.61572,19.598059,20.006805,20.275633,21.01042,21.146738,21.028545,21.374063,19.941397,20.214367,0.0,4.0,0.0,0.0,0.0,0.0,0.0,0.0
32671,2023.0,8.0,15.0,21.0,21.016794,21.505693,19.490067,19.417767,21.02388,21.501842,20.996346,21.484861,19.58393,19.56203,19.67207,19.614475,21.566977,22.206522,21.016314,21.357327,19.593262,19.535927,0.0,0.0,4.0,0.0,0.0,4.0,0.0,0.0
32672,2023.0,8.0,15.0,21.0,21.016556,21.503729,19.474035,19.450876,21.020304,21.486355,21.029549,21.56591,19.555487,19.531244,19.861513,20.091785,21.611874,22.115458,21.476974,22.20679,19.444553,19.378439,0.0,0.0,0.0,0.0,4.0,4.0,4.0,0.0
32673,2023.0,8.0,15.0,21.0,21.012638,21.501383,19.453188,19.436405,21.020834,21.477434,21.022543,21.542704,20.201988,20.770134,20.025866,20.32263,21.625317,22.122147,20.953283,21.189684,20.285646,21.01783,0.0,0.0,0.0,4.0,0.0,4.0,0.0,4.0
32674,2023.0,8.0,15.0,21.0,21.0131,21.504131,19.869535,20.245222,21.01559,21.467865,21.023027,21.533163,19.962873,20.158829,19.650284,19.5736,21.652576,22.141344,21.469957,22.181602,19.947088,20.192808,4.0,0.0,0.0,0.0,0.0,4.0,4.0,0.0
32675,2023.0,8.0,15.0,21.0,21.013264,21.504328,20.030663,20.420616,21.016329,21.467937,21.017605,21.523508,19.6585,19.566528,19.537416,19.505325,21.673365,22.154137,20.945827,21.155312,19.593807,19.509798,4.0,0.0,0.0,0.0,0.0,4.0,0.0,0.0
32676,2023.0,8.0,15.0,22.0,21.013504,21.504147,20.014297,20.36783,21.016125,21.465538,21.018383,21.524435,19.517769,19.417835,19.500536,19.464733,20.985973,20.94756,21.026815,21.340158,19.440594,19.352396,0.0,0.0,0.0,0.0,0.0,0.0,0.0,0.0
32677,2023.0,8.0,15.0,22.0,21.01346,21.503191,19.616003,19.573858,21.016277,21.463732,21.01834,21.523088,19.53348,19.504099,19.76132,19.990002,21.52878,22.051601,21.017073,21.332247,19.437052,19.405586,0.0,0.0,0.0,0.0,4.0,4.0,0.0,0.0
32678,2023.0,8.0,15.0,22.0,21.013428,21.502014,19.389837,19.272253,21.016153,21.461243,21.018389,21.521347,20.12747,20.631422,20.019318,20.36214,20.982656,20.980661,21.018364,21.340849,20.198763,20.864162,0.0,0.0,0.0,4.0,4.0,0.0,0.0,4.0
32679,2023.0,8.0,15.0,22.0,21.01331,21.500174,19.396093,19.351475,21.016111,21.45879,21.018137,21.518017,19.972599,20.196842,20.011778,20.33083,21.022816,21.097872,21.601484,22.436687,19.963785,20.233107,0.0,0.0,0.0,0.0,0.0,0.0,4.0,0.0
32680,2023.0,8.0,15.0,22.0,21.013153,21.498272,19.392653,19.360504,21.01607,21.456179,21.018154,21.515001,19.62676,19.517141,19.69228,19.69246,21.010891,21.101246,20.933918,21.121897,19.577894,19.479458,0.0,0.0,0.0,0.0,0.0,0.0,0.0,0.0
32681,2023.0,8.0,15.0,22.0,21.013027,21.497602,19.366133,19.333635,21.016062,21.453842,21.0182,21.51227,19.463284,19.339085,19.5196,19.478714,21.012394,21.120762,21.030188,21.3374,20.163786,20.728249,0.0,0.0,0.0,0.0,0.0,0.0,0.0,4.0
32682,2023.0,8.0,15.0,23.0,21.013119,21.496723,19.33929,19.304937,21.016205,21.451956,21.017933,21.508953,19.483053,19.43625,19.456488,19.410746,21.563889,22.179365,21.01721,21.322763,19.975878,20.219086,0.0,0.0,0.0,0.0,0.0,4.0,0.0,0.0
32683,2023.0,8.0,15.0,23.0,20.667002,20.830177,19.315903,19.281137,20.596697,20.643072,20.546791,20.600323,20.05595,20.521502,19.41074,19.364523,20.931671,20.817331,20.539242,20.41026,19.60236,19.497877,0.0,0.0,0.0,4.0,0.0,0.0,0.0,0.0
32684,2023.0,8.0,15.0,23.0,20.512377,20.62017,19.295399,19.257816,20.379128,20.325293,20.311518,20.264019,20.31012,20.867126,19.374016,19.323526,20.692677,20.495289,20.471088,20.421305,19.464209,19.339739,0.0,0.0,0.0,4.0,0.0,0.0,0.0,0.0
32685,2023.0,8.0,15.0,23.0,20.451532,20.564697,19.706497,20.042269,20.93902,21.451038,20.22707,20.187971,19.696499,19.622421,19.34505,19.296179,20.614319,20.425528,20.407894,20.357494,20.26832,20.926134,4.0,4.0,0.0,0.0,0.0,0.0,0.0,4.0
32686,2023.0,8.0,15.0,23.0,20.396782,20.508255,19.48356,19.536339,20.53817,20.60541,20.151405,20.110561,19.491415,19.353445,19.315998,19.265915,20.663847,20.595943,20.343819,20.292278,19.66898,19.605555,0.0,0.0,0.0,0.0,0.0,0.0,0.0,0.0
32687,2023.0,8.0,15.0,23.0,20.350182,20.460644,19.340162,19.310383,20.177496,20.0063,20.088053,20.046392,20.022251,20.409521,19.582685,19.78628,20.643126,20.579882,20.287788,20.235361,20.206877,20.748146,0.0,0.0,0.0,4.0,4.0,0.0,0.0,4.0
32688,2023.0,8.0,16.0,0.0,20.95545,21.631142,19.300037,19.26171,20.042624,19.842491,20.03269,19.990395,19.601746,19.502493,19.396658,19.379688,20.603907,20.539305,20.237253,20.184023,19.65831,19.578064,0.0,0.0,0.0,0.0,0.0,0.0,0.0,0.0
32689,2023.0,8.0,16.0,0.0,21.127132,21.82811,19.27213,19.230495,20.088533,20.011505,19.981451,19.936646,20.033157,20.417036,19.298386,19.24459,20.566465,20.499294,20.189585,20.134098,19.452759,19.316631,0.0,0.0,0.0,4.0,0.0,0.0,0.0,0.0
32690,2023.0,8.0,16.0,0.0,20.458183,20.497086,19.248518,19.203924,20.073671,20.01654,19.934683,19.887877,19.596273,19.482635,19.557573,19.755276,20.531216,20.461836,20.145447,20.088112,19.375923,19.2366,0.0,0.0,0.0,0.0,4.0,0.0,0.0,0.0
32691,2023.0,8.0,16.0,0.0,20.203201,20.135557,19.225878,19.17744,20.031734,19.97245,19.88957,19.839138,19.416052,19.251127,19.347528,19.305664,20.496658,20.42392,20.10274,20.042244,19.409517,19.365234,0.0,0.0,0.0,0.0,0.0,0.0,0.0,0.0
32692,2023.0,8.0,16.0,0.0,20.105043,20.025875,19.203745,19.150633,19.98975,19.926144,19.846336,19.791283,19.34722,19.176138,19.259827,19.194946,20.463043,20.386662,20.062225,19.998457,19.379917,19.32708,0.0,0.0,0.0,0.0,0.0,0.0,0.0,0.0
32693,2023.0,8.0,16.0,0.0,20.03367,19.949965,19.183857,19.127678,19.951962,19.886312,19.808006,19.750813,19.416529,19.369503,19.223179,19.155605,20.431536,20.352682,20.024788,19.958916,19.344913,19.28984,0.0,0.0,0.0,0.0,0.0,0.0,0.0,0.0
32694,2023.0,8.0,16.0,1.0,20.127653,20.19361,19.16641,19.109175,20.582985,21.103159,19.774725,19.718344,19.976686,20.429537,19.488249,19.678331,20.402576,20.32297,19.990675,19.924385,19.313736,19.258108,0.0,4.0,0.0,4.0,4.0,0.0,0.0,0.0
32695,2023.0,8.0,16.0,1.0,20.132654,20.218048,19.147722,19.087643,20.748056,21.27964,19.740345,19.681767,19.580114,19.557173,19.282583,19.237543,20.372944,20.290985,19.95662,19.888268,19.282251,19.22448,0.0,4.0,0.0,0.0,0.0,0.0,0.0,0.0
32696,2023.0,8.0,16.0,1.0,20.107763,20.192327,19.13024,19.067865,20.086624,19.966236,19.708637,19.648727,19.33185,19.154936,19.189842,19.118141,20.34539,20.261793,19.92542,19.855762,19.252947,19.19373,0.0,0.0,0.0,0.0,0.0,0.0,0.0,0.0
32697,2023.0,8.0,16.0,1.0,20.079071,20.15954,19.110683,19.043718,19.793549,19.524261,19.674965,19.610355,19.230118,19.032604,19.149384,19.07202,20.316624,20.229311,19.893715,19.8207,19.222801,19.16008,0.0,0.0,0.0,0.0,0.0,0.0,0.0,0.0
32698,2023.0,8.0,16.0,1.0,20.053892,20.13346,19.095098,19.027498,19.710112,19.445795,19.647974,19.584177,19.285702,19.201124,19.117777,19.040861,20.291637,20.20397,19.865856,19.792715,19.926826,20.508226,0.0,0.0,0.0,0.0,0.0,0.0,0.0,4.0
32699,2023.0,8.0,16.0,1.0,20.026937,20.10365,19.077456,19.00713,19.637743,19.368374,19.619184,19.553133,19.284428,19.211006,19.085808,19.006258,20.265121,20.175238,19.836569,19.761486,19.441996,19.433653,0.0,0.0,0.0,0.0,0.0,0.0,0.0,0.0
32700,2023.0,8.0,16.0,2.0,19.999557,20.072424,19.058954,18.985025,19.755949,19.661013,19.590298,19.520731,19.258131,19.182516,19.05419,18.970991,20.23808,20.145136,19.80682,19.72896,19.155907,18.966751,0.0,0.0,0.0,0.0,0.0,0.0,0.0,0.0
32701,2023.0,8.0,16.0,2.0,19.974047,20.044317,19.041008,18.964003,19.754992,19.670542,19.563549,19.491894,19.231544,19.154003,19.314438,19.479645,20.21225,20.117157,20.701363,21.437183,19.068382,18.873676,0.0,0.0,0.0,0.0,4.0,0.0,4.0,0.0
32702,2023.0,8.0,16.0,2.0,19.95439,20.027763,19.021082,18.93924,19.729368,19.64285,19.53495,19.459198,19.203024,19.122026,19.443508,19.660732,20.184818,20.08611,19.950819,19.802286,19.84022,20.39112,0.0,0.0,0.0,0.0,4.0,0.0,0.0,4.0
32703,2023.0,8.0,16.0,2.0,19.939709,20.01752,19.000961,18.91389,19.700727,19.610199,19.5066,19.426382,19.17432,19.08964,19.48576,19.705227,20.85164,21.36841,19.694147,19.460999,19.246008,19.08724,0.0,0.0,0.0,0.0,4.0,4.0,0.0,0.0
32704,2023.0,8.0,16.0,2.0,19.91547,19.988966,18.980932,18.888565,19.671387,19.576742,19.478918,19.39418,19.145708,19.05744,19.017742,18.785091,20.198189,19.978813,19.607206,19.365189,19.033094,18.813059,0.0,0.0,0.0,0.0,0.0,0.0,0.0,0.0
32705,2023.0,8.0,16.0,2.0,19.888739,19.955711,18.958088,18.857841,19.638947,19.537132,19.448557,19.356531,19.115026,19.021137,18.812489,18.51849,19.975729,19.675417,19.5309,19.278118,18.950705,18.718224,0.0,0.0,0.0,0.0,0.0,0.0,0.0,0.0
32706,2023.0,8.0,16.0,3.0,19.865005,19.9287,18.93911,18.835703,19.611504,19.507774,19.422894,19.328657,19.087662,18.991602,19.244331,19.418728,19.906635,19.604496,19.618786,19.510555,19.024313,18.925833,0.0,0.0,0.0,0.0,4.0,0.0,0.0,0.0
32707,2023.0,8.0,16.0,3.0,19.841988,19.903427,18.92026,18.814445,19.584352,19.47911,19.397516,19.301561,19.643503,20.058004,19.057224,18.98107,20.032764,19.916435,19.619667,19.520464,19.021948,18.932304,0.0,0.0,0.0,4.0,0.0,0.0,0.0,0.0
32708,2023.0,8.0,16.0,3.0,19.819355,19.878363,18.901894,18.793655,19.557661,19.450693,19.372633,19.274744,19.250889,19.190226,18.947058,18.836569,20.035103,19.917583,19.59534,19.49542,18.99621,18.905754,0.0,0.0,0.0,0.0,0.0,0.0,0.0,0.0
32709,2023.0,8.0,16.0,3.0,19.797857,19.855032,18.884195,18.774069,19.53218,19.424112,19.348793,19.249596,19.693607,20.099133,19.197525,19.338379,20.009647,19.890545,19.568773,19.467995,19.697136,20.248007,0.0,0.0,0.0,4.0,4.0,0.0,0.0,4.0
32710,2023.0,8.0,16.0,3.0,19.776323,19.831316,18.866217,18.753841,19.506695,19.39702,19.324972,19.22395,19.123066,18.89392,18.99608,18.912443,19.985031,19.86445,19.541042,19.439018,19.05244,18.855305,0.0,0.0,0.0,0.0,0.0,0.0,0.0,0.0
32711,2023.0,8.0,16.0,3.0,19.753548,19.804918,18.846298,18.729626,19.479233,19.365591,19.299402,19.194258,18.898016,18.607683,18.884747,18.765947,19.95832,19.834757,19.511633,19.406834,18.831818,18.573725,0.0,0.0,0.0,0.0,0.0,0.0,0.0,0.0
32712,2023.0,8.0,16.0,4.0,19.732086,19.781384,18.828114,18.709185,19.454285,19.338966,19.27596,19.168957,18.821247,18.531437,18.842077,18.721758,19.933136,19.808125,19.483694,19.377628,18.920868,18.822855,0.0,0.0,0.0,0.0,0.0,0.0,0.0,0.0
32713,2023.0,8.0,16.0,4.0,19.711151,19.759296,18.81164,18.692545,19.431458,19.316416,19.254257,19.147406,18.950674,18.856743,18.8043,18.684494,19.90929,19.78416,19.456985,19.350836,18.905975,18.808155,0.0,0.0,0.0,0.0,0.0,0.0,0.0,0.0
32714,2023.0,8.0,16.0,4.0,19.69096,19.738857,19.233595,19.496567,19.409376,19.294981,19.23313,19.12682,18.940851,18.834923,18.770271,18.651514,19.886303,19.761602,19.43118,19.325571,19.607151,20.152145,4.0,0.0,0.0,0.0,0.0,0.0,0.0,4.0
32715,2023.0,8.0,16.0,4.0,19.669756,19.716347,19.003492,18.977457,19.386272,19.271255,19.211063,19.104025,18.913088,18.805693,18.736368,18.616926,19.862495,19.737226,19.404476,19.298393,18.954329,18.74482,0.0,0.0,0.0,0.0,0.0,0.0,0.0,0.0
32716,2023.0,8.0,16.0,4.0,19.648478,19.693617,18.855106,18.741962,19.363173,19.247349,19.189123,19.08111,18.886595,18.778454,18.99923,19.135454,19.838718,19.712744,19.377707,19.271002,19.438927,19.790344,0.0,0.0,0.0,0.0,4.0,0.0,0.0,4.0
32717,2023.0,8.0,16.0,4.0,19.6274,19.671276,18.81245,18.6904,19.34033,19.223837,19.167458,19.058592,18.859924,18.751293,18.79809,18.701641,19.815178,19.688646,19.351128,19.243961,18.902155,18.661133,0.0,0.0,0.0,0.0,0.0,0.0,0.0,0.0
32718,2023.0,8.0,16.0,5.0,19.606295,19.648895,18.783775,18.660156,19.317564,19.200378,19.145924,19.036158,19.415873,19.818678,18.699493,18.577896,19.791685,19.6646,19.324554,19.216932,18.720224,18.452332,0.0,0.0,0.0,4.0,0.0,0.0,0.0,0.0
32719,2023.0,8.0,16.0,5.0,19.585827,19.627644,18.759918,18.635723,19.29538,19.178066,19.124758,19.014763,19.023373,18.951664,18.962679,19.102844,19.76862,19.641378,19.298298,19.190556,18.644201,18.374643,0.0,0.0,0.0,0.0,4.0,0.0,0.0,0.0
32720,2023.0,8.0,16.0,5.0,19.565191,19.605675,18.736715,18.61076,19.272182,19.153551,19.10238,18.991089,18.88769,18.77632,19.083588,19.27331,19.744999,19.616823,19.271439,19.16282,18.747952,18.646296,0.0,0.0,0.0,0.0,4.0,0.0,0.0,0.0
32721,2023.0,8.0,16.0,5.0,19.546638,19.587852,18.718693,18.59469,19.252419,19.135815,19.083286,18.973911,18.847343,18.738853,18.59069,18.298569,19.723862,19.597095,19.246988,19.139832,19.468355,20.009518,0.0,0.0,0.0,0.0,0.0,0.0,0.0,4.0
32722,2023.0,8.0,16.0,5.0,19.526606,19.56733,18.699398,18.575323,19.230936,19.114511,19.06267,18.953344,18.809536,18.700993,18.398603,18.07114,19.70169,19.575033,19.221418,19.114412,18.818697,18.605694,0.0,0.0,0.0,0.0,0.0,0.0,0.0,0.0
32723,2023.0,8.0,16.0,5.0,19.506296,19.546396,18.680029,18.555948,19.209332,19.092924,19.041967,18.93253,18.776236,18.667425,18.522503,18.394432,19.67994,19.553274,19.19616,19.089174,19.305824,19.655384,0.0,0.0,0.0,0.0,0.0,0.0,0.0,4.0
32724,2023.0,8.0,16.0,6.0,20.164265,20.79889,18.6607,18.536888,19.187866,19.07161,19.021292,18.91192,18.746086,18.637375,18.53542,18.41528,19.659222,19.532707,19.171816,19.065027,19.52621,19.94398,0.0,0.0,0.0,0.0,0.0,0.0,0.0,4.0
32725,2023.0,8.0,16.0,6.0,21.123594,22.384115,18.644459,18.52382,21.22856,22.7198,21.234213,22.862339,18.720856,18.614233,18.798801,18.930155,21.181808,22.170052,21.313889,22.766336,20.060192,20.81749,0.0,0.0,0.0,0.0,4.0,4.0,0.0,4.0
32726,2023.0,8.0,16.0,6.0,21.024584,22.009956,19.064062,19.325737,21.003464,22.054226,21.00377,22.163652,19.293776,19.715094,20.155834,21.21862,21.012676,21.776657,21.000738,22.028944,20.569794,21.754635,4.0,0.0,0.0,4.0,4.0,0.0,0.0,4.0
32727,2023.0,8.0,16.0,6.0,21.036234,21.921623,20.11205,21.047565,21.007652,21.910906,21.036242,22.082174,20.096096,20.957762,19.994118,20.74652,21.035154,21.706524,20.993635,21.86177,20.047215,20.651754,4.0,4.0,0.0,0.0,4.0,0.0,4.0,0.0
32728,2023.0,8.0,16.0,6.0,21.023483,21.842024,20.024395,20.741291,21.034262,21.903196,21.031256,21.975601,19.699413,19.999918,20.025238,20.683014,21.030706,21.61458,21.046118,21.897503,19.235216,19.026903,0.0,0.0,0.0,4.0,4.0,0.0,0.0,0.0
32729,2023.0,8.0,16.0,6.0,21.024584,21.80534,19.494371,19.598461,21.039125,21.830523,21.005295,21.837475,20.06362,20.692345,20.019093,20.582293,20.99886,21.471655,21.035112,21.799763,19.685776,20.155844,4.0,0.0,4.0,4.0,4.0,4.0,0.0,4.0
32730,2023.0,8.0,16.0,7.0,21.023367,21.775797,20.125526,20.848253,21.037361,21.768518,21.010054,21.80595,19.99796,20.489195,20.018583,20.51687,21.003235,21.444296,21.034994,21.741726,20.05066,20.642988,0.0,0.0,4.0,4.0,4.0,4.0,0.0,0.0
32731,2023.0,8.0,16.0,7.0,20.997427,21.683933,19.278934,19.120611,21.025623,21.724737,21.019293,21.775692,20.032833,20.529127,20.03184,20.508816,21.001486,21.415453,20.994732,21.590687,19.282001,19.094994,0.0,0.0,4.0,0.0,0.0,4.0,4.0,0.0
32732,2023.0,8.0,16.0,7.0,21.038202,21.759287,19.00412,18.891579,21.026375,21.70957,21.042694,21.809643,19.969057,20.32374,19.335777,19.133165,21.00024,21.393686,21.04087,21.688757,18.955523,18.738955,0.0,0.0,0.0,4.0,0.0,4.0,0.0,0.0
32733,2023.0,8.0,16.0,7.0,21.015753,21.659977,18.975183,18.885653,21.009457,21.633879,21.074968,21.837847,20.05326,20.522198,19.149305,19.057709,20.998514,21.373007,21.064827,21.70507,19.014145,18.95108,0.0,4.0,0.0,0.0,0.0,4.0,0.0,0.0
32734,2023.0,8.0,16.0,7.0,21.03449,21.719227,18.931791,18.854351,21.013075,21.629028,21.004211,21.65742,19.420918,19.24634,19.11633,19.036486,21.02923,21.44102,21.025528,21.607355,19.003843,18.940939,0.0,4.0,4.0,0.0,0.0,0.0,0.0,0.0
32735,2023.0,8.0,16.0,7.0,21.0577,21.75005,18.888765,18.816648,21.023487,21.636787,21.070341,21.807758,19.128422,18.919413,19.071434,18.999369,21.046982,21.449636,21.059282,21.653868,18.978891,18.922768,0.0,4.0,0.0,0.0,0.0,0.0,0.0,0.0
32736,2023.0,8.0,16.0,8.0,20.995438,21.59902,19.31541,19.65567,21.035213,21.674469,21.027803,21.702608,19.175783,19.103449,19.417229,19.687551,21.125225,21.546345,21.356068,22.171047,18.960938,18.911707,4.0,0.0,0.0,0.0,4.0,4.0,4.0,0.0
32737,2023.0,8.0,16.0,8.0,20.319487,20.336546,20.0985,20.94446,20.781456,21.145641,20.730717,21.097052,19.179596,19.121199,20.083809,20.769709,21.17892,21.614218,21.292995,21.932575,19.78234,20.475327,0.0,4.0,4.0,0.0,0.0,4.0,4.0,4.0
32738,2023.0,8.0,16.0,8.0,20.641582,21.17801,19.801912,20.230988,20.678553,21.045006,20.06162,19.961634,19.861996,20.432718,19.528624,19.585714,21.229803,21.680058,20.430445,20.324686,20.030022,20.666172,4.0,4.0,0.0,4.0,0.0,4.0,0.0,0.0
32739,2023.0,8.0,16.0,8.0,20.773594,21.320604,20.05275,20.707062,20.662472,21.047522,19.7323,19.56918,20.017862,20.515047,19.238703,19.186451,21.28301,21.748331,20.999027,21.667044,19.380318,19.323645,4.0,4.0,0.0,0.0,0.0,4.0,4.0,0.0
32740,2023.0,8.0,16.0,8.0,20.2099,20.26853,20.02218,20.609133,20.119911,20.058853,20.234402,20.634546,20.121069,20.60701,19.568285,19.848589,21.338533,21.818213,20.395893,20.325804,19.954437,20.591267,0.0,0.0,4.0,4.0,4.0,4.0,0.0,4.0
32741,2023.0,8.0,16.0,8.0,19.934845,19.945177,19.779163,20.07994,20.434044,20.839586,19.862228,19.82565,20.00361,20.364056,20.057108,20.611145,21.39585,21.890495,20.99,21.684408,20.26089,20.921097,4.0,4.0,0.0,0.0,0.0,4.0,4.0,4.0
32742,2023.0,8.0,16.0,9.0,20.520493,21.135567,20.047785,20.612692,20.587963,21.031727,19.585464,19.486555,19.595938,19.549633,19.54627,19.529469,21.454086,21.962805,20.409645,20.371178,20.378878,21.049154,4.0,4.0,0.0,0.0,0.0,4.0,0.0,4.0
32743,2023.0,8.0,16.0,9.0,20.122042,20.23121,20.019375,20.546787,20.615038,21.07655,19.49798,19.410568,19.393625,19.290552,19.653233,19.859663,21.515991,22.040682,20.072876,19.952553,19.969395,20.288479,0.0,4.0,0.0,0.0,4.0,4.0,0.0,0.0
32744,2023.0,8.0,16.0,9.0,20.545492,21.200275,19.514528,19.557898,20.641886,21.120874,19.492805,19.46934,20.089598,20.652369,20.045933,20.485638,20.923664,20.885395,19.985178,19.869835,20.440792,21.155064,0.0,4.0,0.0,4.0,0.0,0.0,0.0,4.0
32745,2023.0,8.0,16.0,9.0,20.138468,20.285965,19.653658,19.989845,20.123852,20.149303,20.148035,20.740356,20.374798,20.944302,19.66875,19.686344,21.366562,21.8736,19.946579,19.842676,19.952179,20.189032,4.0,0.0,4.0,4.0,0.0,4.0,0.0,0.0
32746,2023.0,8.0,16.0,9.0,20.582363,21.288916,20.038235,20.612833,20.48422,20.999557,19.7651,19.8313,19.965784,20.181564,19.489992,19.433819,21.607542,22.182482,19.925886,19.834328,19.630474,19.580103,4.0,4.0,0.0,0.0,0.0,4.0,0.0,0.0
32747,2023.0,8.0,16.0,9.0,20.761042,21.461512,20.017303,20.557415,20.64529,21.181322,20.144466,20.70631,19.700474,19.659698,19.837872,20.106802,21.0482,21.065327,19.931154,19.866175,20.339113,21.018826,0.0,4.0,4.0,0.0,4.0,0.0,0.0,4.0
32748,2023.0,8.0,16.0,10.0,20.22404,20.421957,19.57816,19.692036,20.140228,20.220528,19.780245,19.87265,20.265385,20.799488,20.069336,20.40286,20.773443,20.672285,19.928135,19.866364,19.960636,20.177248,0.0,0.0,0.0,4.0,4.0,0.0,0.0,0.0
32749,2023.0,8.0,16.0,10.0,19.992851,20.15274,19.327032,19.36662,20.512081,21.082285,20.185648,20.785818,19.977694,20.130106,19.999117,20.22498,21.436176,21.982765,19.920315,19.857704,19.693287,19.66506,0.0,4.0,4.0,0.0,0.0,4.0,0.0,0.0
32750,2023.0,8.0,16.0,10.0,20.602123,21.363457,19.234253,19.262938,20.673237,21.252483,19.815247,19.937227,19.783562,19.750586,19.7895,19.779016,21.727509,22.345566,19.91525,19.851318,19.594233,19.555035,0.0,4.0,0.0,0.0,0.0,4.0,0.0,0.0
32751,2023.0,8.0,16.0,10.0,20.154442,20.398136,19.18882,19.218748,20.168373,20.287184,20.274162,20.89254,20.401081,20.946098,19.732012,19.688229,21.81653,22.440002,19.915525,19.850216,19.58087,19.546589,0.0,0.0,4.0,4.0,0.0,4.0,0.0,0.0
32752,2023.0,8.0,16.0,10.0,20.664392,21.447124,19.152342,19.18707,19.975374,20.031578,19.848282,19.998987,19.985172,20.111341,20.06803,20.309944,21.890108,22.515762,19.918383,19.851925,19.545893,19.484262,0.0,0.0,0.0,0.0,4.0,4.0,0.0,0.0
32753,2023.0,8.0,16.0,10.0,20.837109,21.600042,19.1173,19.157637,20.511238,21.114809,19.618433,19.719543,19.845512,19.828167,20.284859,20.594889,21.278637,21.294504,19.92274,19.85516,20.39612,21.105362,0.0,4.0,0.0,0.0,4.0,0.0,0.0,4.0
32754,2023.0,8.0,16.0,11.0,20.304129,20.568277,19.534382,19.965122,20.661922,21.294834,19.573252,19.678926,20.487011,21.049337,20.010948,20.075336,21.090492,21.013319,19.929665,19.861015,19.966501,20.204527,4.0,4.0,0.0,4.0,0.0,0.0,0.0,0.0
32755,2023.0,8.0,16.0,11.0,20.074667,20.296999,20.064625,20.80948,20.709314,21.342701,19.481108,19.533632,20.147692,20.193336,19.941607,19.92472,21.755947,22.31739,19.937677,19.866762,19.756838,19.766348,0.0,4.0,0.0,0.0,0.0,4.0,0.0,0.0
32756,2023.0,8.0,16.0,11.0,20.009123,20.234396,19.538027,19.709509,20.217072,20.387379,20.099678,20.744831,19.963614,19.946077,19.945255,19.923355,22.03513,22.667469,19.94755,19.874355,19.690126,19.679113,0.0,0.0,4.0,0.0,0.0,4.0,0.0,0.0
32757,2023.0,8.0,16.0,11.0,19.984695,20.224344,19.750763,20.195778,20.650812,21.30216,19.741262,19.94109,20.62476,21.197165,19.902729,19.814594,22.11636,22.749155,19.958822,19.883434,19.69236,19.682173,4.0,4.0,0.0,4.0,0.0,4.0,0.0,0.0
32758,2023.0,8.0,16.0,11.0,20.563274,21.329414,20.03827,20.681555,20.75958,21.416233,20.211176,20.890236,20.884083,21.529654,19.897644,19.798283,21.50727,21.537767,20.959373,21.762463,20.498877,21.191578,0.0,4.0,4.0,4.0,0.0,0.0,4.0,4.0
32759,2023.0,8.0,16.0,11.0,20.243109,20.5505,19.656612,19.897192,20.264154,20.460903,20.415966,21.098207,20.362413,20.432186,19.912779,19.810745,21.257639,21.192532,20.5105,20.580067,20.104326,20.18236,0.0,0.0,4.0,0.0,0.0,0.0,0.0,0.0
32760,2023.0,8.0,16.0,12.0,20.717445,21.520615,19.509794,19.694681,20.694542,21.365519,19.921196,20.13152,20.196192,20.177818,19.930595,19.827448,21.222824,21.155205,20.326723,20.305912,19.938288,19.932108,0.0,4.0,0.0,0.0,0.0,0.0,0.0,0.0
32761,2023.0,8.0,16.0,12.0,21.022223,21.963923,19.368149,19.459148,21.052343,21.944452,21.130741,22.33381,20.17108,20.152205,19.946844,19.842625,21.205074,21.14016,21.111425,21.691338,19.909939,19.902468,0.0,0.0,4.0,0.0,0.0,0.0,0.0,0.0
32762,2023.0,8.0,16.0,12.0,21.02179,21.914137,19.716543,20.178488,21.01629,21.804476,20.987934,21.941427,20.157871,20.14143,19.962498,19.858412,21.188755,21.12722,21.002686,21.442585,19.894964,19.889603,4.0,0.0,4.0,0.0,0.0,0.0,0.0,0.0
32763,2023.0,8.0,16.0,12.0,21.021395,21.828403,20.010283,20.628284,21.04563,21.813068,21.059862,22.035892,20.0703,19.975847,19.976969,19.874609,21.13134,21.029255,21.033016,21.454735,19.808807,19.726826,4.0,0.0,0.0,0.0,0.0,0.0,0.0,0.0
32764,2023.0,8.0,16.0,12.0,21.055513,21.86913,20.028526,20.609493,21.045568,21.773157,21.054249,21.9495,20.037447,19.94521,19.988949,19.888418,21.1057,21.006361,21.03098,21.411833,19.774982,19.693823,0.0,0.0,0.0,0.0,0.0,0.0,0.0,0.0
32765,2023.0,8.0,16.0,12.0,21.015966,21.796755,19.707012,19.964296,21.011835,21.65614,20.995317,21.785149,20.022863,19.933918,19.998175,19.899157,21.837734,22.416624,21.010592,21.3544,20.674706,21.416073,0.0,4.0,4.0,0.0,0.0,4.0,0.0,4.0
32766,2023.0,8.0,16.0,13.0,21.101873,21.912254,19.537691,19.750288,21.02495,21.70922,21.003334,21.77754,20.694992,21.215641,20.006294,19.910633,21.46137,21.501553,21.012072,21.341373,20.272554,20.364315,0.0,0.0,4.0,4.0,0.0,0.0,0.0,0.0
32767,2023.0,8.0,16.0,13.0,21.158066,21.980713,19.388645,19.49753,21.018387,21.684872,21.001883,21.757908,20.429144,20.508326,20.012129,19.920332,21.999146,22.63526,21.011827,21.329435,20.021225,20.038202,0.0,0.0,4.0,0.0,0.0,4.0,0.0,0.0
32768,2023.0,8.0,16.0,13.0,20.998896,21.700314,19.729235,20.19429,21.018568,21.674465,21.00148,21.743956,20.951902,21.588215,20.376001,20.606089,21.53559,21.580296,21.012108,21.32203,19.985287,20.004347,4.0,0.0,4.0,4.0,4.0,0.0,0.0,0.0
32769,2023.0,8.0,16.0,13.0,21.018635,21.734846,20.03707,20.657087,21.048063,21.689302,21.000998,21.731709,20.552011,20.64346,20.219162,20.192602,21.309586,21.286436,21.01176,21.316244,19.971151,19.996565,0.0,4.0,4.0,0.0,0.0,0.0,0.0,0.0
32770,2023.0,8.0,16.0,13.0,21.0158,21.720932,19.988804,20.48569,21.015839,21.651585,21.000656,21.720968,20.331163,20.35811,20.097406,20.023907,21.268057,21.247892,21.011482,21.312252,20.788301,21.552937,4.0,0.0,4.0,0.0,0.0,0.0,0.0,4.0
32771,2023.0,8.0,16.0,13.0,21.015635,21.71243,20.0644,20.63266,21.017977,21.651733,21.000006,21.71021,20.292688,20.321808,20.0778,20.003777,21.99459,22.6499,21.691721,22.581,20.354094,20.472591,4.0,0.0,4.0,0.0,0.0,4.0,4.0,0.0
32772,2023.0,8.0,16.0,14.0,21.016954,21.704357,20.13077,20.709747,21.016993,21.643497,21.025612,21.772442,20.184862,20.127811,20.072096,20.001436,21.557405,21.636293,20.988972,21.19593,20.099678,20.143696,4.0,0.0,0.0,0.0,0.0,0.0,0.0,0.0
32773,2023.0,8.0,16.0,14.0,20.573235,20.841396,19.994009,20.461443,21.07675,21.719034,20.496613,20.739159,20.827652,21.388044,20.442259,20.703835,21.328665,21.3307,20.748243,20.776896,20.06031,20.105711,0.0,4.0,0.0,4.0,4.0,0.0,0.0,0.0
32774,2023.0,8.0,16.0,14.0,20.99277,21.78068,20.134375,20.70664,20.626194,20.865528,20.83907,21.56013,20.554548,20.673153,20.290987,20.294678,22.032976,22.69576,20.660765,20.682703,20.04561,20.096037,4.0,0.0,4.0,0.0,0.0,4.0,0.0,0.0
32775,2023.0,8.0,16.0,14.0,21.181978,22.040543,20.2019,20.794374,20.431711,20.601887,20.931744,21.642588,20.410147,20.455994,20.181675,20.119112,22.226591,22.937862,20.628435,20.652256,19.935513,19.88639,4.0,0.0,4.0,0.0,0.0,4.0,0.0,0.0
32776,2023.0,8.0,16.0,14.0,20.680622,21.050875,19.988972,20.415136,20.368664,20.552877,20.445007,20.709038,20.389074,20.44127,20.170982,20.110588,21.6273,21.735445,20.532955,20.488243,20.758461,21.471102,0.0,0.0,0.0,0.0,0.0,0.0,0.0,4.0
32777,2023.0,8.0,16.0,14.0,20.452143,20.772175,19.814375,20.088041,20.202488,20.287642,20.204853,20.41461,20.27865,20.23834,20.165375,20.106718,22.135698,22.818079,20.4705,20.41809,21.215206,22.077091,0.0,0.0,0.0,0.0,0.0,4.0,0.0,4.0
32778,2023.0,8.0,16.0,15.0,20.402573,20.723003,20.102497,20.662918,20.117865,20.186989,20.144938,20.354147,20.23032,20.178793,20.164656,20.108116,21.632488,21.755,21.414694,22.228708,21.33407,22.19598,4.0,0.0,0.0,0.0,0.0,0.0,4.0,4.0
32779,2023.0,8.0,16.0,15.0,20.36594,20.685509,19.986664,20.427996,20.064394,20.13283,20.10188,20.312159,20.207588,20.155737,20.528,20.79478,22.177862,22.851166,21.777164,22.719206,20.622005,20.777058,0.0,0.0,0.0,0.0,4.0,4.0,4.0,0.0
32780,2023.0,8.0,16.0,15.0,20.246168,20.48095,20.169315,20.748154,20.014812,20.083973,20.565872,21.205019,20.187902,20.137554,20.382547,20.401108,21.73296,21.848413,21.035278,21.183773,20.330297,20.399183,4.0,0.0,4.0,0.0,0.0,0.0,0.0,0.0
32781,2023.0,8.0,16.0,15.0,20.843473,21.640882,20.249279,20.846508,19.978947,20.047071,20.239891,20.50274,20.85904,21.418945,20.377033,20.435968,21.532946,21.55118,20.794407,20.83118,20.27259,20.33313,4.0,0.0,0.0,4.0,0.0,0.0,0.0,0.0
32782,2023.0,8.0,16.0,15.0,20.478323,20.835844,20.28677,20.881844,19.946987,20.015425,20.100988,20.31091,20.52082,20.649977,20.410173,20.496231,21.479403,21.49685,20.730356,20.770353,20.24196,20.303953,4.0,0.0,0.0,0.0,0.0,0.0,0.0,0.0
32783,2023.0,8.0,16.0,15.0,20.963451,21.805586,20.317303,20.909227,19.919775,19.989372,20.058552,20.268803,20.40498,20.473694,20.30221,20.279036,21.441025,21.461885,20.688883,20.732138,21.081512,21.907345,4.0,0.0,0.0,0.0,0.0,0.0,0.0,4.0
32784,2023.0,8.0,16.0,16.0,20.559004,20.933075,20.34461,20.93422,19.894705,19.964853,19.922989,20.029356,20.381979,20.45221,20.249178,20.203869,21.343174,21.30167,20.656315,20.70235,20.525393,20.693293,4.0,0.0,0.0,0.0,0.0,0.0,0.0,0.0
32785,2023.0,8.0,16.0,16.0,20.399797,20.708223,19.973267,20.288427,19.870735,19.939903,19.842087,19.917616,20.258156,20.221703,20.230164,20.185501,21.287867,21.236586,20.540377,20.501486,20.31399,20.374763,0.0,0.0,0.0,0.0,0.0,0.0,0.0,0.0
32786,2023.0,8.0,16.0,16.0,20.345818,20.651133,20.241516,20.810162,19.846317,19.91525,19.794153,19.867361,20.201036,20.162687,20.211712,20.16995,21.247713,21.199137,20.479578,20.438187,20.252977,20.318392,4.0,0.0,0.0,0.0,0.0,0.0,0.0,0.0
32787,2023.0,8.0,16.0,16.0,20.221516,20.431488,20.321062,20.901495,19.826323,19.893593,19.76151,19.831924,20.175177,20.137882,20.194538,20.154829,21.214302,21.167267,20.445631,20.405216,20.109095,20.06787,4.0,0.0,0.0,0.0,0.0,0.0,0.0,0.0
32788,2023.0,8.0,16.0,16.0,20.8228,21.597178,20.349833,20.922314,20.459862,21.099148,20.388361,21.033125,20.15473,20.121725,20.520657,20.784603,21.965145,22.621195,21.389357,22.219332,20.064522,20.033175,4.0,4.0,4.0,0.0,4.0,4.0,4.0,0.0
32789,2023.0,8.0,16.0,16.0,20.479362,20.83137,20.375582,20.942894,20.095646,20.269718,20.013098,20.188204,20.134449,20.104134,20.32877,20.365557,21.506353,21.633669,20.881502,21.080608,20.027758,19.998772,4.0,0.0,0.0,0.0,0.0,0.0,0.0,0.0
32790,2023.0,8.0,16.0,17.0,20.933779,21.73895,20.396967,20.959055,20.61937,21.32338,19.92474,20.104153,20.116186,20.08864,20.214167,20.188229,21.324778,21.356771,20.650454,20.71188,20.846088,21.575377,4.0,4.0,0.0,0.0,0.0,0.0,0.0,4.0
32791,2023.0,8.0,16.0,17.0,20.526068,20.862902,20.066042,20.323257,20.253178,20.498526,19.911882,20.096247,20.098625,20.07293,20.533895,20.814102,21.2798,21.306877,20.585314,20.633389,20.418913,20.616695,0.0,0.0,0.0,0.0,4.0,0.0,0.0,0.0
32792,2023.0,8.0,16.0,17.0,20.379026,20.660141,20.316147,20.854654,20.097473,20.27196,19.803457,19.898212,20.082497,20.058804,20.332542,20.381634,21.964323,22.628847,21.531172,22.445791,20.218422,20.296782,4.0,0.0,0.0,0.0,0.0,4.0,4.0,0.0
32793,2023.0,8.0,16.0,17.0,20.9373,21.738504,20.398918,20.947853,20.054943,20.220718,20.392515,21.033371,20.066683,20.04458,20.28769,20.347193,21.534744,21.704517,20.937927,21.13478,20.157444,20.222248,4.0,0.0,4.0,0.0,0.0,0.0,0.0,0.0
32794,2023.0,8.0,16.0,17.0,20.52595,20.847342,20.062626,20.300617,20.59272,21.242674,20.61286,21.310043,20.051327,20.030619,20.294834,20.37252,21.311342,21.339573,20.671196,20.71754,20.120901,20.183338,0.0,4.0,4.0,0.0,0.0,0.0,0.0,0.0
32795,2023.0,8.0,16.0,17.0,20.374922,20.63619,20.333405,20.870483,20.225813,20.43367,20.13518,20.345013,20.036636,20.017391,20.19508,20.186941,21.249538,21.265741,20.599182,20.634846,20.01785,20.004152,4.0,0.0,0.0,0.0,0.0,0.0,0.0,0.0
32796,2023.0,8.0,16.0,18.0,20.327963,20.58373,20.002977,20.275433,20.703047,21.39002,20.611965,21.312143,20.021996,20.004486,20.146671,20.126522,21.208553,21.22361,20.553907,20.588564,19.972048,19.953894,0.0,4.0,4.0,0.0,0.0,0.0,0.0,0.0
32797,2023.0,8.0,16.0,18.0,21.104631,21.978575,19.862131,20.036627,21.017853,21.78996,21.058657,21.97369,20.003635,19.986238,20.115852,20.095745,21.13228,21.109621,21.06564,21.53038,19.937332,19.91868,0.0,4.0,0.0,0.0,0.0,0.0,0.0,0.0
32798,2023.0,8.0,16.0,18.0,21.004213,21.71123,19.725687,19.808521,20.996666,21.685026,20.992357,21.743284,19.985365,19.968578,20.087427,20.06806,21.082146,21.05518,21.005388,21.38196,20.81905,21.618887,0.0,4.0,4.0,0.0,0.0,0.0,0.0,4.0
32799,2023.0,8.0,16.0,18.0,21.155098,21.92648,20.064322,20.4939,20.998764,21.645073,21.026821,21.780981,20.650782,21.24086,20.059416,20.040504,21.045668,21.018482,21.011951,21.377693,20.409206,20.55908,4.0,4.0,0.0,4.0,0.0,0.0,0.0,0.0
32800,2023.0,8.0,16.0,18.0,21.233253,22.000654,20.224201,20.679535,21.015182,21.640574,21.019642,21.723858,20.324854,20.415503,20.032043,20.01353,21.012587,20.98539,21.01113,21.365028,20.10206,20.144617,4.0,4.0,0.0,0.0,0.0,0.0,0.0,0.0
32801,2023.0,8.0,16.0,18.0,21.27041,22.025656,20.278296,20.751724,21.021297,21.650137,21.02034,21.69114,20.124031,20.162628,20.006336,19.989223,21.001114,20.991568,21.6868,22.62058,20.903795,21.7075,4.0,0.0,0.0,0.0,0.0,0.0,4.0,4.0
32802,2023.0,8.0,16.0,19.0,20.98316,21.51508,20.311066,20.776981,21.017887,21.615974,21.01928,21.662815,20.07081,20.098253,19.980669,19.964516,21.002258,21.015295,20.965433,21.19864,20.420681,20.543913,4.0,0.0,0.0,0.0,0.0,0.0,0.0,0.0
32803,2023.0,8.0,16.0,19.0,21.018675,21.585905,20.32782,20.783422,21.017921,21.59182,21.019114,21.64136,20.03641,20.05856,19.955673,19.940874,21.002531,21.034512,21.671684,22.564636,20.985033,21.788073,4.0,0.0,0.0,0.0,0.0,0.0,4.0,4.0
32804,2023.0,8.0,16.0,19.0,21.013746,21.569647,20.339598,20.784885,21.082083,21.663542,21.01869,21.623274,19.978237,19.969206,19.930798,19.917696,21.732447,22.434982,20.96856,21.173788,20.449633,20.554443,4.0,4.0,0.0,0.0,0.0,4.0,0.0,0.0
32805,2023.0,8.0,16.0,19.0,21.013927,21.562254,19.992392,20.187508,21.010014,21.535328,21.018587,21.608616,19.937567,19.92658,19.904615,19.89296,21.8907,22.52142,21.02337,21.314842,21.008266,21.801605,0.0,0.0,0.0,0.0,0.0,4.0,0.0,4.0
32806,2023.0,8.0,16.0,19.0,21.0117,21.552727,20.231333,20.660147,21.018597,21.541409,21.08411,21.69238,19.908474,19.898352,19.87696,19.86677,21.92023,22.53715,21.010382,21.304535,21.204052,21.943104,4.0,0.0,4.0,0.0,0.0,4.0,0.0,4.0
32807,2023.0,8.0,16.0,19.0,21.012941,21.549303,19.98681,20.186863,21.097677,21.650314,21.012253,21.566711,20.614729,21.261019,19.851032,19.843243,21.316772,21.353918,21.012796,21.317642,20.501427,20.573738,0.0,4.0,0.0,4.0,0.0,0.0,0.0,0.0
32808,2023.0,8.0,16.0,20.0,21.012348,21.541992,19.823084,19.896805,21.12592,21.672289,21.020767,21.575073,20.238691,20.308275,19.823952,19.818165,21.04116,20.993788,21.011534,21.322325,20.176195,20.165506,0.0,4.0,0.0,0.0,0.0,0.0,0.0,0.0
32809,2023.0,8.0,16.0,20.0,21.026255,21.56247,19.703026,19.730751,21.033594,21.507229,21.039734,21.600004,19.970287,19.958841,19.794472,19.787437,21.003569,20.994745,21.022749,21.348894,20.06979,20.049225,0.0,0.0,0.0,0.0,0.0,0.0,0.0,0.0
32810,2023.0,8.0,16.0,20.0,21.010792,21.52597,19.649042,19.670288,21.017342,21.491156,21.115166,21.704512,19.906494,19.891335,19.768608,19.76362,21.654627,22.265818,21.010134,21.325583,20.003872,19.982006,0.0,0.0,4.0,0.0,0.0,4.0,0.0,0.0
32811,2023.0,8.0,16.0,20.0,21.01286,21.525278,19.603975,19.618765,21.018183,21.48573,21.007545,21.514048,19.869986,19.860779,19.740772,19.734888,21.16341,21.154861,21.635225,22.491543,19.940582,19.910814,0.0,0.0,0.0,0.0,0.0,0.0,4.0,0.0
32812,2023.0,8.0,16.0,20.0,21.276571,21.997929,19.995485,20.379543,21.015194,21.477312,21.033688,21.533884,19.840403,19.831858,19.714163,19.707499,21.005125,21.022379,20.952765,21.14321,19.907494,19.894098,4.0,0.0,4.0,0.0,0.0,0.0,0.0,0.0
32813,2023.0,8.0,16.0,20.0,20.97457,21.4072,19.993616,20.291496,21.015577,21.47436,21.020742,21.531277,20.551004,21.20243,19.685608,19.673065,21.5652,22.103197,21.026825,21.312538,19.873066,19.859928,0.0,0.0,0.0,4.0,0.0,4.0,0.0,0.0
32814,2023.0,8.0,16.0,21.0,21.1886,21.802616,20.135525,20.52635,21.167437,21.732948,21.023611,21.500599,20.723833,21.2613,19.986097,20.25447,21.078897,21.030828,21.012669,21.294113,19.838911,19.825823,4.0,4.0,4.0,4.0,4.0,0.0,0.0,0.0
32815,2023.0,8.0,16.0,21.0,20.988811,21.419613,19.991528,20.236643,21.128178,21.596277,21.01456,21.482471,20.137661,20.120274,19.999704,20.19622,21.015888,21.06128,21.535631,22.262194,20.610355,21.304283,0.0,4.0,4.0,0.0,0.0,0.0,4.0,4.0
32816,2023.0,8.0,16.0,21.0,21.019007,21.483498,19.726212,19.724852,21.010237,21.425186,21.02448,21.524897,20.573214,21.113453,19.808575,19.812551,21.006994,21.064993,20.955954,21.129135,20.119118,20.106178,0.0,0.0,0.0,4.0,0.0,0.0,0.0,0.0
32817,2023.0,8.0,16.0,21.0,21.015413,21.473858,19.55586,19.493437,21.02055,21.444778,21.013626,21.464447,20.137934,20.100866,20.027225,20.288078,21.005026,21.081556,21.02499,21.288347,20.620024,21.236233,0.0,0.0,4.0,0.0,4.0,0.0,0.0,4.0
32818,2023.0,8.0,16.0,21.0,21.011765,21.47059,19.541187,19.519388,21.019106,21.436752,21.02553,21.513008,19.881186,19.794722,19.995016,20.161446,21.005808,21.097696,21.54713,22.259916,20.119701,20.072344,0.0,0.0,0.0,0.0,0.0,0.0,4.0,0.0
32819,2023.0,8.0,16.0,21.0,21.012142,21.472803,19.5257,19.509726,21.18919,21.737251,21.009794,21.442465,19.799786,19.704437,19.738104,19.657427,21.006067,21.10924,20.946236,21.089878,19.8614,19.777039,0.0,4.0,4.0,0.0,0.0,0.0,0.0,0.0
32820,2023.0,8.0,16.0,22.0,21.012297,21.47333,19.935472,20.30098,20.993334,21.363157,21.026575,21.50234,20.447042,20.97334,19.94352,20.141506,21.006235,21.118053,21.025702,21.272959,19.778389,19.682816,4.0,0.0,0.0,4.0,4.0,0.0,0.0,0.0
32821,2023.0,8.0,16.0,22.0,21.01224,21.472315,20.003344,20.329107,21.023338,21.42349,21.021158,21.483248,19.976847,19.989222,20.01381,20.17905,21.006676,21.125774,21.014582,21.263046,19.720427,19.620808,0.0,0.0,0.0,0.0,4.0,0.0,0.0,0.0
32822,2023.0,8.0,16.0,22.0,21.025541,21.496618,20.120106,20.503723,21.03909,21.449337,21.043573,21.516685,19.790121,19.671022,20.024296,20.207964,21.013693,21.145609,21.030113,21.300356,19.745617,19.716274,4.0,0.0,0.0,0.0,0.0,0.0,0.0,0.0
32823,2023.0,8.0,16.0,22.0,21.008951,21.462748,20.04146,20.290035,21.01074,21.399965,21.011845,21.456686,19.785542,19.74062,19.789669,19.745165,21.005655,21.13372,21.00881,21.268986,19.724953,19.685684,4.0,0.0,0.0,0.0,0.0,0.0,0.0,0.0
32824,2023.0,8.0,16.0,22.0,21.012802,21.46987,20.014484,20.26912,21.015976,21.414152,21.017946,21.470163,19.764881,19.7188,19.689154,19.640568,21.536211,22.133375,21.01285,21.285753,20.470743,21.118261,0.0,0.0,0.0,0.0,0.0,4.0,0.0,4.0
32825,2023.0,8.0,16.0,22.0,21.012356,21.467836,19.66192,19.580101,21.015083,21.413744,21.016916,21.467628,20.342415,20.833769,19.939583,20.150229,20.965075,20.993912,21.630669,22.441801,19.956217,20.002232,0.0,0.0,0.0,4.0,4.0,0.0,4.0,0.0
32826,2023.0,8.0,16.0,23.0,21.01254,21.466187,19.851166,20.043335,21.015293,21.414059,21.017069,21.466684,19.989716,20.06406,20.008392,20.208029,21.022121,21.12025,20.94732,21.090155,19.731762,19.602613,4.0,0.0,0.0,0.0,0.0,0.0,0.0,0.0
32827,2023.0,8.0,16.0,23.0,20.66907,20.80258,19.9572,20.168121,20.606182,20.626055,20.559563,20.584661,19.733995,19.592617,19.765045,19.72736,20.697433,20.507383,20.559626,20.392645,19.619709,19.484713,4.0,0.0,0.0,0.0,0.0,0.0,0.0,0.0
32828,2023.0,8.0,16.0,23.0,20.53745,20.633854,19.964705,20.167406,20.425705,20.376877,20.36467,20.321426,19.637505,19.48191,19.66808,19.607187,20.709156,20.630127,20.415775,20.237633,20.379944,20.96487,4.0,0.0,0.0,0.0,0.0,0.0,0.0,4.0
32829,2023.0,8.0,16.0,23.0,20.468397,20.559961,19.611944,19.50476,20.33542,20.276642,20.267214,20.214817,19.679699,19.620037,19.622293,19.558708,20.687326,20.61363,20.32605,20.146847,19.816393,19.721392,0.0,0.0,0.0,0.0,0.0,0.0,0.0,0.0
32830,2023.0,8.0,16.0,23.0,20.413315,20.501968,19.427366,19.22895,20.919247,21.431248,20.846937,21.36699,19.667294,19.607798,19.58081,19.514418,20.64594,20.569677,20.362225,20.294508,19.620613,19.46827,0.0,4.0,4.0,0.0,0.0,0.0,0.0,0.0
32831,2023.0,8.0,16.0,23.0,20.366259,20.452715,19.346704,19.133305,20.505089,20.54859,20.42263,20.466837,19.637897,19.57578,19.542896,19.474,20.60801,20.529558,20.332376,20.265957,19.554552,19.396835,0.0,0.0,0.0,0.0,0.0,0.0,0.0,0.0
32832,2023.0,8.0,17.0,0.0,20.331171,20.422422,19.429646,19.351425,20.11506,19.883307,20.034195,19.810976,19.608786,19.543417,19.505505,19.432634,20.570919,20.48902,20.286476,20.216658,19.598309,19.535444,0.0,0.0,0.0,0.0,0.0,0.0,0.0,0.0
32833,2023.0,8.0,17.0,0.0,20.304745,20.403872,19.428732,19.363552,19.994555,19.746862,19.911343,19.672895,19.581337,19.513988,19.47104,19.395657,20.537039,20.453133,20.244318,20.17275,19.58464,19.523201,0.0,0.0,0.0,0.0,0.0,0.0,0.0,0.0
32834,2023.0,8.0,17.0,0.0,20.274902,20.373766,19.408268,19.344477,20.725075,21.204,19.979597,19.888016,19.55698,19.489897,19.44144,19.366972,20.507298,20.423948,20.206707,20.136099,19.560606,19.499304,0.0,4.0,0.0,0.0,0.0,0.0,0.0,0.0
32835,2023.0,8.0,17.0,0.0,20.244335,20.341255,19.385445,19.320501,20.223011,20.116299,19.973349,19.907444,19.531721,19.463223,19.702633,19.879875,20.477175,20.392403,20.16918,20.097357,19.534899,19.472298,0.0,0.0,0.0,0.0,4.0,0.0,0.0,0.0
32836,2023.0,8.0,17.0,0.0,20.21393,20.30746,19.361595,19.293972,19.940922,19.687904,19.933641,19.866375,19.506107,19.43513,19.481195,19.405516,20.447433,20.36005,20.132645,20.05828,19.508488,19.443548,0.0,0.0,0.0,0.0,0.0,0.0,0.0,0.0
32837,2023.0,8.0,17.0,0.0,20.187672,20.28054,19.34103,19.27303,19.85786,19.60336,20.561108,21.078798,20.066456,20.507786,19.410477,19.33139,20.42106,20.333332,20.100206,20.025822,19.484627,19.419252,0.0,0.0,4.0,4.0,0.0,0.0,0.0,0.0
32838,2023.0,8.0,17.0,1.0,20.161684,20.252787,19.320112,19.250708,19.941936,19.836542,20.010698,19.89886,19.69388,19.678473,19.37468,19.29403,20.394659,20.305723,20.06795,19.992586,19.460896,19.394379,0.0,0.0,0.0,0.0,0.0,0.0,0.0,0.0
32839,2023.0,8.0,17.0,1.0,20.136148,20.224642,19.298645,19.226732,19.950354,19.872292,19.731556,19.476221,19.5446,19.469143,19.34005,19.256247,20.368101,20.277042,20.03561,19.958147,19.437563,19.369253,0.0,0.0,0.0,0.0,0.0,0.0,0.0,0.0
32840,2023.0,8.0,17.0,1.0,20.113535,20.201246,19.280052,19.207846,19.922482,19.845028,19.834663,19.760628,19.505203,19.429335,19.31104,19.226759,20.344135,20.252588,20.006216,19.928377,19.41617,19.34742,0.0,0.0,0.0,0.0,0.0,0.0,0.0,0.0
32841,2023.0,8.0,17.0,1.0,20.091526,20.178257,19.26204,19.189514,19.89469,19.817595,19.811195,19.739445,19.471807,19.39556,19.283705,19.19896,20.321096,20.229076,19.978031,19.89983,19.395088,19.325888,0.0,0.0,0.0,0.0,0.0,0.0,0.0,0.0
32842,2023.0,8.0,17.0,1.0,20.07001,20.155743,19.24438,19.171526,19.867146,19.790289,19.780247,19.709087,19.442835,19.366144,19.25767,19.172464,20.298796,20.206312,19.950775,19.872221,19.374277,19.304626,0.0,0.0,0.0,0.0,0.0,0.0,0.0,0.0
32843,2023.0,8.0,17.0,1.0,20.05009,20.13602,19.228685,19.157211,19.842567,19.76814,19.752678,19.684387,19.993511,20.423403,19.234455,19.150656,20.278387,20.186737,19.925632,19.848104,20.083414,20.65747,0.0,0.0,0.0,4.0,0.0,0.0,0.0,4.0
32844,2023.0,8.0,17.0,2.0,20.029305,20.113995,19.211481,19.139473,19.816376,19.7418,19.723625,19.655193,19.481987,19.31973,19.21017,19.125725,20.257177,20.164936,19.899733,19.821692,19.606024,19.593004,0.0,0.0,0.0,0.0,0.0,0.0,0.0,0.0
32845,2023.0,8.0,17.0,2.0,20.007725,20.089725,19.192865,19.118612,19.789103,19.71244,19.693977,19.623283,19.30106,19.090837,19.185041,19.098349,20.235094,20.140902,19.873108,19.793226,19.328707,19.13903,0.0,0.0,0.0,0.0,0.0,0.0,0.0,0.0
32846,2023.0,8.0,17.0,2.0,19.986769,20.066723,19.174116,19.097519,19.762482,19.683847,19.665321,19.592556,19.370895,19.289751,19.160475,19.07182,20.213465,20.117634,19.847158,19.765865,19.246431,19.051702,0.0,0.0,0.0,0.0,0.0,0.0,0.0,0.0
32847,2023.0,8.0,17.0,2.0,19.96596,20.044065,19.156141,19.078001,19.737234,19.657505,19.638222,19.564396,19.357079,19.275574,19.136776,19.046814,20.192326,20.095251,19.821768,19.739431,19.312115,19.237295,0.0,0.0,0.0,0.0,0.0,0.0,0.0,0.0
32848,2023.0,8.0,17.0,2.0,19.94624,20.02353,19.139933,19.061981,19.714443,19.635603,19.613789,19.541069,19.915955,20.346825,19.114845,19.025219,20.172392,20.07523,19.797695,19.715506,19.300564,19.22569,0.0,0.0,0.0,4.0,0.0,0.0,0.0,0.0
32849,2023.0,8.0,17.0,2.0,19.925358,20.000484,19.121815,19.042065,19.689745,19.60946,19.587437,19.51333,19.525003,19.48428,19.091108,18.999947,20.151125,20.052526,19.772303,19.68886,19.277386,19.201773,0.0,0.0,0.0,0.0,0.0,0.0,0.0,0.0
32850,2023.0,8.0,17.0,3.0,19.905436,19.978985,19.10422,19.023119,19.665985,19.584833,19.562239,19.487337,19.267588,19.060894,19.359339,19.519928,20.130278,20.03071,19.747446,19.663273,19.981262,20.54714,0.0,0.0,0.0,0.0,4.0,0.0,0.0,4.0
32851,2023.0,8.0,17.0,3.0,19.887012,19.960505,19.088552,19.00789,19.644157,19.563736,19.539268,19.465038,19.17429,18.956573,19.176683,19.117262,20.110826,20.011692,19.723835,19.64014,19.376877,19.233322,0.0,0.0,0.0,0.0,0.0,0.0,0.0,0.0
32852,2023.0,8.0,17.0,3.0,19.868942,19.942482,19.073933,18.994076,19.623343,19.543875,19.517683,19.44424,19.821182,20.23634,19.083921,18.993279,20.092133,19.993532,19.700928,19.617744,19.179531,18.980932,0.0,0.0,0.0,4.0,0.0,0.0,0.0,0.0
32853,2023.0,8.0,17.0,3.0,19.851265,19.924994,19.059689,18.980787,19.603146,19.524769,19.496763,19.424318,19.471373,19.4397,19.055532,18.965384,20.074127,19.976198,19.678734,19.596214,19.823895,20.246294,0.0,0.0,0.0,0.0,0.0,0.0,0.0,4.0
32854,2023.0,8.0,17.0,3.0,19.834202,19.908281,19.045753,18.967981,19.583565,19.50646,19.476486,19.40527,19.760231,20.035416,19.030325,18.94121,20.056889,19.959822,20.583822,21.320593,19.328783,19.18144,0.0,0.0,0.0,4.0,0.0,0.0,4.0,0.0
32855,2023.0,8.0,17.0,3.0,19.817318,19.891605,19.031776,18.954983,19.564272,19.48812,19.456444,19.386179,19.338394,19.165735,19.007553,18.919155,20.040068,19.94371,19.857548,19.730251,19.15475,18.96186,0.0,0.0,0.0,0.0,0.0,0.0,0.0,0.0
32856,2023.0,8.0,17.0,4.0,19.79963,19.87314,19.016554,18.939419,19.543835,19.466932,19.434916,19.36396,19.169676,18.95806,18.984892,18.89577,20.022848,19.926258,19.615276,19.404373,19.094734,18.901724,0.0,0.0,0.0,0.0,0.0,0.0,0.0,0.0
32857,2023.0,8.0,17.0,4.0,19.782255,19.855425,19.00207,18.92535,20.188585,20.695671,19.415106,19.345112,19.225718,19.130386,18.965038,18.876741,20.006655,19.910404,19.549162,19.341211,19.880177,20.43678,0.0,4.0,0.0,0.0,0.0,0.0,0.0,4.0
32858,2023.0,8.0,17.0,4.0,19.76299,19.834633,18.985464,18.907492,19.808496,19.839897,19.393284,19.322287,19.222727,19.140291,18.94377,18.854662,19.989424,19.892485,19.491755,19.282518,19.302353,19.163733,0.0,0.0,0.0,0.0,0.0,0.0,0.0,0.0
32859,2023.0,8.0,17.0,4.0,19.742876,19.812387,18.968025,18.888186,19.437614,19.189089,19.370926,19.298132,19.196064,19.113064,19.23071,19.410212,19.971838,19.873766,19.564535,19.47486,19.10153,18.90196,0.0,0.0,0.0,0.0,4.0,0.0,0.0,0.0
32860,2023.0,8.0,17.0,4.0,19.731016,19.806782,18.950626,18.868967,19.329784,19.057331,19.34873,19.274319,19.168396,19.084263,19.002125,18.914448,19.954037,19.854979,19.563057,19.479092,19.035517,18.833836,0.0,0.0,0.0,0.0,0.0,0.0,0.0,0.0
32861,2023.0,8.0,17.0,4.0,19.721733,19.804588,18.93415,18.851488,19.440327,19.335947,19.327484,19.252476,19.14182,19.057438,19.245853,19.423727,19.936205,19.836704,19.542393,19.458317,19.098345,19.013737,0.0,0.0,0.0,0.0,4.0,0.0,0.0,0.0
32862,2023.0,8.0,17.0,5.0,19.704985,19.786491,18.916758,18.832174,19.44955,19.364191,19.305197,19.22861,19.114656,19.029097,19.007599,18.918056,19.9172,19.816635,19.518593,19.433592,19.091808,19.012932,0.0,0.0,0.0,0.0,0.0,0.0,0.0,0.0
32863,2023.0,8.0,17.0,5.0,19.689384,19.771818,18.902313,18.818766,19.431122,19.3479,19.28566,19.210163,19.090015,19.00551,18.93654,18.84312,19.900026,19.800652,19.49575,19.411839,19.068787,18.991146,0.0,0.0,0.0,0.0,0.0,0.0,0.0,0.0
32864,2023.0,8.0,17.0,5.0,19.674583,19.758564,18.890184,18.809568,19.41368,19.333925,19.268774,19.196445,19.650728,20.08104,18.906765,18.817142,19.884306,19.787247,19.47442,19.392878,19.04658,18.971384,0.0,0.0,0.0,4.0,0.0,0.0,0.0,0.0
32865,2023.0,8.0,17.0,5.0,19.659098,19.74386,18.877106,18.798317,19.394522,19.316727,19.250751,19.18015,19.263828,19.226086,18.877668,18.789438,19.867868,19.772213,19.452196,19.371908,19.023302,18.949335,0.0,0.0,0.0,0.0,0.0,0.0,0.0,0.0
32866,2023.0,8.0,17.0,5.0,19.643648,19.728909,18.863388,18.785645,19.374523,19.297565,19.231997,19.162153,19.13113,19.050472,18.85047,18.762434,19.851158,19.756365,19.429686,19.350018,18.999922,18.92647,0.0,0.0,0.0,0.0,0.0,0.0,0.0,0.0
32867,2023.0,8.0,17.0,5.0,19.628904,19.715305,18.850634,18.774834,19.355934,19.280952,19.21453,19.146547,19.092342,19.013332,18.826885,18.740625,19.835665,19.742413,19.40859,19.330347,18.97832,18.906282,0.0,0.0,0.0,0.0,0.0,0.0,0.0,0.0
32868,2023.0,8.0,17.0,6.0,19.61391,19.701227,18.838,18.764137,19.337715,19.26466,19.197319,19.131166,19.060371,18.98305,18.805588,18.721128,19.82107,19.729393,19.38848,19.311693,18.957989,18.887396,0.0,0.0,0.0,0.0,0.0,0.0,0.0,0.0
32869,2023.0,8.0,17.0,6.0,21.194765,22.499258,19.253712,19.554108,21.212795,22.618486,21.225311,22.755322,19.623787,20.067549,18.788273,18.707493,21.20639,22.148985,21.27637,22.57416,18.940079,18.872086,4.0,0.0,0.0,4.0,0.0,0.0,0.0,0.0
32870,2023.0,8.0,17.0,6.0,20.973263,21.88574,20.103054,20.947937,21.001163,21.99755,21.001312,22.090685,20.054424,20.655556,18.770372,18.691496,21.005093,21.679573,20.99857,21.92189,18.9221,18.855822,0.0,0.0,0.0,0.0,0.0,0.0,0.0,0.0
32871,2023.0,8.0,17.0,6.0,21.032253,21.934515,19.43173,19.5178,21.030457,21.935106,21.033195,22.022211,19.363697,19.22974,18.758026,18.681849,21.021727,21.630524,21.04957,21.866098,19.678532,20.298868,0.0,0.0,0.0,0.0,0.0,0.0,4.0,4.0
32872,2023.0,8.0,17.0,6.0,21.068968,21.917784,19.062426,19.00886,21.063066,21.90892,21.068457,21.992838,19.06255,18.87617,18.749327,18.675407,21.045082,21.609905,21.073112,21.86549,20.054674,20.765528,0.0,0.0,0.0,0.0,0.0,0.0,0.0,0.0
32873,2023.0,8.0,17.0,6.0,20.996958,21.70691,18.994055,18.939507,21.021461,21.77867,21.023361,21.851154,19.101362,19.026548,18.74432,18.673359,21.177736,21.788221,21.025248,21.711454,19.319695,19.211315,0.0,0.0,0.0,0.0,0.0,4.0,0.0,0.0
32874,2023.0,8.0,17.0,7.0,21.036108,21.77411,18.945461,18.887575,20.998972,21.676554,21.027918,21.819023,19.108007,19.043093,19.055357,19.262064,20.994955,21.426775,21.0296,21.67246,19.020739,18.866465,0.0,4.0,0.0,0.0,4.0,0.0,0.0,0.0
32875,2023.0,8.0,17.0,7.0,21.026915,21.730642,18.914404,18.860508,21.030489,21.737667,21.027227,21.787033,19.09078,19.030506,20.136356,21.061043,21.057917,21.48865,21.022243,21.6332,19.921824,20.641033,0.0,0.0,0.0,0.0,0.0,4.0,0.0,4.0
32876,2023.0,8.0,17.0,7.0,21.02739,21.710545,18.888933,18.838295,21.03163,21.704039,21.026562,21.76233,19.755285,20.298346,19.423975,19.510515,21.101686,21.539253,21.022423,21.6128,20.002926,20.51644,0.0,0.0,0.0,4.0,0.0,4.0,0.0,0.0
32877,2023.0,8.0,17.0,7.0,21.06659,21.751709,19.31265,19.654707,21.030281,21.674658,21.026075,21.743341,20.033258,20.583263,19.059624,19.00853,21.143335,21.5883,21.021582,21.593607,19.399992,19.294252,4.0,0.0,0.0,0.0,0.0,4.0,0.0,0.0
32878,2023.0,8.0,17.0,7.0,21.02226,21.681171,20.098295,20.938133,20.996666,21.581526,21.025728,21.729034,19.424002,19.323652,19.001148,18.94634,21.00752,21.343847,21.021423,21.578056,19.155964,19.022776,0.0,4.0,0.0,0.0,0.0,0.0,0.0,0.0
32879,2023.0,8.0,17.0,7.0,21.026674,21.68123,19.443748,19.55161,21.035677,21.666975,21.025492,21.71837,19.876848,20.361063,19.319677,19.561653,21.020678,21.357956,21.020761,21.563286,19.099209,18.975464,0.0,0.0,0.0,4.0,4.0,0.0,0.0,0.0
32880,2023.0,8.0,17.0,8.0,21.02476,21.66981,19.515747,19.867382,21.027681,21.638084,20.998934,21.637285,20.015392,20.445312,20.08321,20.790028,21.018173,21.339727,21.020098,21.55006,19.136875,19.090446,4.0,0.0,4.0,0.0,4.0,0.0,0.0,0.0
32881,2023.0,8.0,17.0,8.0,20.505287,20.67362,20.063173,20.740377,20.845673,21.248125,20.339092,20.39819,19.518547,19.436657,20.014757,20.558838,20.540947,20.408768,20.459967,20.458866,19.141293,19.10025,4.0,4.0,0.0,0.0,0.0,0.0,0.0,0.0
32882,2023.0,8.0,17.0,8.0,20.236685,20.357008,20.019365,20.60084,20.77049,21.17517,19.891665,19.779224,19.969248,20.439938,19.474878,19.440706,21.167942,21.759106,21.157347,21.965736,19.127977,19.088898,0.0,4.0,0.0,4.0,0.0,4.0,4.0,0.0
32883,2023.0,8.0,17.0,8.0,20.123308,20.236599,19.457945,19.475088,20.755133,21.17089,20.332523,20.743107,20.217945,20.711325,19.200968,19.084805,21.308525,21.808918,20.485468,20.448303,19.993507,20.735605,0.0,4.0,4.0,4.0,0.0,4.0,0.0,4.0
32884,2023.0,8.0,17.0,8.0,20.764338,21.50097,19.208912,19.117577,20.214209,20.173481,19.906582,19.877504,19.989563,20.283722,19.207838,19.142765,21.346516,21.84754,20.191122,20.052015,20.002937,20.589556,0.0,0.0,0.0,0.0,0.0,4.0,0.0,0.0
32885,2023.0,8.0,17.0,8.0,20.279058,20.40292,19.597288,19.93842,20.526138,20.94683,19.640114,19.551985,20.260782,20.755882,19.21099,19.156885,21.398222,21.906202,21.009165,21.706982,20.243628,20.915298,4.0,4.0,0.0,4.0,0.0,4.0,4.0,4.0
32886,2023.0,8.0,17.0,9.0,20.714495,21.34482,20.057316,20.716509,20.10129,20.096146,19.56598,19.478163,19.977985,20.220945,19.20437,19.151941,20.78786,20.724865,20.372412,20.346716,19.986702,20.40255,0.0,0.0,0.0,0.0,0.0,0.0,0.0,0.0
32887,2023.0,8.0,17.0,9.0,20.29674,20.431961,19.546412,19.660015,19.822334,19.740057,19.55878,19.532196,19.674395,19.633501,19.196991,19.145668,20.51736,20.377676,20.985521,21.713682,20.351961,21.03107,0.0,0.0,0.0,0.0,0.0,0.0,4.0,4.0
32888,2023.0,8.0,17.0,9.0,20.086456,20.15665,19.315971,19.319454,19.74569,19.662508,19.5354,19.522594,19.545637,19.455013,19.556593,19.8216,21.161442,21.653965,20.338284,20.331987,19.967981,20.29427,0.0,0.0,0.0,0.0,4.0,4.0,0.0,0.0
32889,2023.0,8.0,17.0,9.0,19.994873,20.074247,19.226156,19.224787,19.732754,19.704369,19.496399,19.48873,20.222382,20.785776,20.05847,20.608273,20.755949,20.719694,20.963026,21.7069,19.61101,19.598866,0.0,0.0,0.0,4.0,0.0,0.0,4.0,0.0
32890,2023.0,8.0,17.0,9.0,19.981216,20.1183,19.600086,19.977348,20.363836,20.92874,20.126347,20.709154,19.971344,20.177536,19.649464,19.72862,20.51189,20.394884,20.408195,20.417341,20.260933,20.934643,4.0,4.0,4.0,0.0,0.0,0.0,0.0,4.0
32891,2023.0,8.0,17.0,9.0,20.657011,21.428432,20.03658,20.653835,19.993944,20.050701,20.36717,20.965164,20.38842,20.945559,19.413515,19.3765,20.450869,20.333149,20.08984,20.010658,20.566875,21.278978,4.0,0.0,4.0,4.0,0.0,0.0,0.0,4.0
32892,2023.0,8.0,17.0,10.0,20.212032,20.382368,20.01755,20.577587,20.348743,20.87523,20.364265,20.89872,19.96855,20.116854,19.363695,19.312943,20.465656,20.396214,20.00568,19.9228,19.956205,20.158018,0.0,4.0,4.0,0.0,0.0,0.0,0.0,0.0
32893,2023.0,8.0,17.0,10.0,20.602118,21.293793,19.904394,20.297995,20.524643,21.059803,20.401026,20.943186,20.457748,21.038118,19.356302,19.305464,20.466043,20.404797,19.971024,19.897198,19.670296,19.627829,4.0,4.0,4.0,4.0,0.0,0.0,0.0,0.0
32894,2023.0,8.0,17.0,10.0,20.165829,20.37631,20.03613,20.553263,20.043432,20.131466,19.90915,20.001997,20.604607,21.1991,19.732704,20.009233,20.461046,20.402555,20.951366,21.773012,19.59035,19.54269,0.0,0.0,0.0,4.0,4.0,0.0,4.0,0.0
32895,2023.0,8.0,17.0,10.0,19.94401,20.101871,19.975777,20.39112,19.795488,19.81569,19.658056,19.688622,20.085266,20.155859,20.025768,20.42203,20.456673,20.399994,20.458284,20.527195,19.55813,19.520067,4.0,0.0,0.0,0.0,0.0,0.0,0.0,0.0
32896,2023.0,8.0,17.0,10.0,19.892471,20.05212,20.025297,20.508863,20.35659,20.928305,20.22342,20.81179,19.824575,19.791468,19.70887,19.739182,21.210756,21.833845,20.136322,20.09624,19.526642,19.483082,0.0,4.0,4.0,0.0,0.0,4.0,0.0,0.0
32897,2023.0,8.0,17.0,10.0,20.533962,21.288816,19.658123,19.789536,20.569092,21.156227,20.4298,21.025951,19.773691,19.742664,19.556921,19.51376,20.833036,20.897047,20.077166,20.03609,19.506266,19.46194,0.0,4.0,4.0,0.0,0.0,0.0,0.0,0.0
32898,2023.0,8.0,17.0,11.0,20.12263,20.380161,19.475437,19.523882,20.625189,21.220718,19.936337,20.066801,20.434772,20.99623,19.551125,19.50046,20.663568,20.613081,20.069225,20.034863,19.500185,19.455542,0.0,4.0,0.0,4.0,0.0,0.0,0.0,0.0
32899,2023.0,8.0,17.0,11.0,19.98014,20.186481,19.822493,20.23266,20.140951,20.285011,20.37611,20.9864,20.008566,20.146044,19.561457,19.507381,20.634779,20.579649,21.036512,21.867294,19.498466,19.45274,4.0,0.0,4.0,0.0,0.0,0.0,4.0,0.0
32900,2023.0,8.0,17.0,11.0,19.938341,20.151146,20.00413,20.475698,20.51227,21.12939,20.552294,21.17107,19.865408,19.856928,19.57681,19.520456,21.370054,21.983385,20.578981,20.69374,19.499239,19.452282,4.0,4.0,4.0,0.0,0.0,4.0,0.0,0.0
32901,2023.0,8.0,17.0,11.0,19.885471,20.077106,20.01573,20.497982,20.146023,20.296513,20.589596,21.211788,19.839191,19.825956,19.596626,19.538141,20.958862,20.989372,20.264717,20.250053,19.503723,19.455557,0.0,0.0,4.0,0.0,0.0,0.0,0.0,0.0
32902,2023.0,8.0,17.0,11.0,19.850397,20.041357,19.69812,19.872988,19.913836,20.01143,20.631535,21.259193,20.499405,21.064365,19.619131,19.558329,20.760946,20.718014,20.208828,20.186049,19.511393,19.46221,0.0,0.0,4.0,4.0,0.0,0.0,0.0,0.0
32903,2023.0,8.0,17.0,11.0,19.830122,20.022581,19.57435,19.71162,20.489202,21.136684,20.124773,20.290804,20.112844,20.183924,20.001884,20.255276,20.746607,20.701937,20.201475,20.18099,19.521622,19.471687,0.0,4.0,0.0,0.0,4.0,0.0,0.0,0.0
32904,2023.0,8.0,17.0,12.0,20.475628,21.251072,19.885689,20.33037,20.630426,21.2789,19.941635,20.05474,19.98586,19.983168,19.996626,20.163778,21.514923,22.156393,20.165676,20.112272,19.53272,19.48234,4.0,4.0,0.0,0.0,0.0,4.0,0.0,0.0
32905,2023.0,8.0,17.0,12.0,21.07161,22.134588,20.00936,20.472445,21.049614,21.96087,21.14575,22.264732,20.656239,21.255295,19.851665,19.828518,21.795118,22.471464,21.30372,22.25396,19.54411,19.493162,4.0,4.0,0.0,4.0,0.0,4.0,4.0,0.0
32906,2023.0,8.0,17.0,12.0,21.012922,21.92223,20.074203,20.580584,21.020643,21.847998,21.006786,21.881418,20.319101,20.39417,19.786102,19.723076,21.181854,21.221151,20.948717,21.364267,19.555979,19.504574,4.0,0.0,0.0,0.0,0.0,0.0,0.0,0.0
32907,2023.0,8.0,17.0,12.0,21.001226,21.801617,20.020773,20.464312,21.048998,21.841217,21.054682,21.906687,20.111074,20.108631,19.797796,19.731884,21.002695,21.001188,21.032158,21.489845,19.568914,19.517607,0.0,0.0,0.0,0.0,0.0,0.0,0.0,0.0
32908,2023.0,8.0,17.0,12.0,21.033846,21.836184,19.733295,19.917952,21.015144,21.7381,21.015965,21.78816,20.100834,20.104727,19.816608,19.749863,21.00218,21.011353,21.007048,21.393145,19.58234,19.531166,0.0,0.0,0.0,0.0,0.0,0.0,0.0,0.0
32909,2023.0,8.0,17.0,12.0,21.01816,21.802208,20.011604,20.527525,21.002045,21.654413,21.023375,21.772738,20.034487,19.9721,19.836685,19.769575,21.001219,21.012228,21.01103,21.370552,19.596285,19.545315,4.0,4.0,0.0,0.0,0.0,0.0,0.0,0.0
32910,2023.0,8.0,17.0,13.0,21.03793,21.813284,20.144766,20.683838,21.041954,21.753662,21.003227,21.679367,20.009716,19.945326,19.859009,19.793335,21.005823,21.018381,21.026236,21.370556,19.610657,19.560478,4.0,0.0,4.0,0.0,0.0,0.0,0.0,0.0
32911,2023.0,8.0,17.0,13.0,21.125793,21.925978,19.99253,20.405083,21.015617,21.676746,21.026226,21.746008,20.008453,19.945465,19.879747,19.81382,21.001944,21.007132,21.008951,21.316063,20.545486,21.321508,0.0,0.0,0.0,0.0,0.0,0.0,0.0,4.0
32912,2023.0,8.0,17.0,13.0,21.176123,21.981667,20.144258,20.676626,21.018948,21.669693,21.019827,21.720207,20.010891,19.949306,20.258137,20.506512,21.002022,21.003654,21.010437,21.301542,20.165146,20.282677,4.0,0.0,0.0,0.0,4.0,0.0,0.0,0.0
32913,2023.0,8.0,17.0,13.0,20.996744,21.669096,20.22752,20.778826,21.054586,21.694166,21.019922,21.707872,20.743765,21.33419,20.130869,20.12751,21.00186,20.999586,21.009954,21.285826,20.826256,21.654222,4.0,4.0,0.0,4.0,0.0,0.0,0.0,4.0
32914,2023.0,8.0,17.0,13.0,21.018118,21.709202,19.986689,20.352098,21.014444,21.638649,21.020512,21.695429,21.128141,21.812033,20.022987,19.9642,21.747593,22.408648,21.009693,21.272549,20.331114,20.454762,0.0,0.0,0.0,4.0,0.0,4.0,0.0,0.0
32915,2023.0,8.0,17.0,13.0,21.19904,22.018732,20.18661,20.730198,21.017632,21.639736,21.020195,21.683525,20.61804,20.74162,20.022867,19.962387,21.338501,21.425785,21.009079,21.261055,20.961283,21.789196,4.0,0.0,0.0,0.0,0.0,0.0,0.0,4.0
32916,2023.0,8.0,17.0,14.0,20.987516,21.616652,19.987585,20.344812,21.016562,21.630905,21.019705,21.672853,20.399096,20.444458,20.409624,20.683514,21.130053,21.141008,21.009148,21.252966,20.454775,20.58379,0.0,0.0,0.0,0.0,4.0,0.0,0.0,0.0
32917,2023.0,8.0,17.0,14.0,21.218328,22.039965,19.84319,20.08464,20.520412,20.664913,21.052292,21.697193,20.366453,20.405975,20.6379,20.97135,21.10344,21.109827,20.722279,20.691065,20.184132,20.231155,0.0,0.0,4.0,0.0,4.0,0.0,0.0,0.0
32918,2023.0,8.0,17.0,14.0,20.711779,21.037405,19.676758,19.796398,20.315725,20.38715,20.573204,20.792292,20.35626,20.396093,20.425102,20.527967,21.028742,20.971025,20.629896,20.575005,20.147167,20.19027,0.0,0.0,0.0,0.0,0.0,0.0,0.0,0.0
32919,2023.0,8.0,17.0,14.0,21.148403,21.958168,19.59501,19.688787,20.224997,20.292465,20.397055,20.574348,20.267258,20.226616,20.360302,20.423525,21.000626,20.93959,20.588085,20.534071,20.937046,21.696924,0.0,0.0,0.0,0.0,0.0,0.0,0.0,4.0
32920,2023.0,8.0,17.0,14.0,21.263838,22.088285,19.973553,20.432838,20.157454,20.224695,20.91742,21.619871,20.224743,20.173313,20.352657,20.41465,21.720556,22.322552,20.553524,20.500689,20.414183,20.549217,4.0,0.0,4.0,0.0,0.0,4.0,0.0,0.0
32921,2023.0,8.0,17.0,14.0,21.300535,22.120684,20.002052,20.440857,20.758583,21.404617,20.496416,20.737154,20.205725,20.1553,20.248184,20.210176,21.289545,21.379663,20.523453,20.4722,20.231619,20.27775,0.0,4.0,0.0,0.0,0.0,0.0,0.0,0.0
32922,2023.0,8.0,17.0,15.0,21.339117,22.159838,20.102228,20.581743,20.960735,21.6113,20.82316,21.501432,20.18909,20.141169,20.193268,20.141834,21.100876,21.11881,20.492966,20.443886,20.182798,20.229162,4.0,4.0,4.0,0.0,0.0,0.0,0.0,0.0
32923,2023.0,8.0,17.0,15.0,21.376852,22.204926,19.992802,20.381191,21.040783,21.728886,20.40284,20.628012,20.176231,20.130295,20.177614,20.126589,21.077055,21.090996,20.470343,20.423044,20.076937,20.04434,0.0,4.0,0.0,0.0,0.0,0.0,0.0,0.0
32924,2023.0,8.0,17.0,15.0,20.853128,21.197672,19.84209,20.08866,21.090631,21.775656,20.200514,20.386736,20.83793,21.392868,20.508938,20.763033,21.789934,22.450575,20.446941,20.402319,20.015818,19.97834,0.0,4.0,0.0,4.0,4.0,4.0,0.0,0.0
32925,2023.0,8.0,17.0,15.0,21.307459,22.16377,19.776102,19.998543,20.594315,20.821293,20.76121,21.478712,20.425955,20.473211,20.313063,20.329773,22.001768,22.722757,20.428404,20.385742,19.986322,19.949173,0.0,0.0,4.0,0.0,0.0,4.0,0.0,0.0
32926,2023.0,8.0,17.0,15.0,20.828243,21.170637,19.647045,19.765162,20.408274,20.572462,20.35338,20.595085,20.333565,20.374054,20.207365,20.166647,21.38325,21.47958,20.410707,20.370415,19.963102,19.928183,0.0,0.0,0.0,0.0,0.0,0.0,0.0,0.0
32927,2023.0,8.0,17.0,15.0,20.642408,20.92533,20.00375,20.469707,20.946156,21.641468,20.79991,21.512918,20.987158,21.616415,20.182478,20.141315,21.2107,21.221212,20.393574,20.355568,19.94309,19.910578,4.0,4.0,4.0,4.0,0.0,0.0,0.0,0.0
32928,2023.0,8.0,17.0,16.0,20.57352,20.8538,19.99885,20.416525,21.057009,21.741627,20.37573,20.610476,20.563839,20.691475,20.163523,20.12409,21.165325,21.177135,20.376917,20.34117,19.925072,19.89503,0.0,4.0,0.0,0.0,0.0,0.0,0.0,0.0
32929,2023.0,8.0,17.0,16.0,21.119244,21.924465,20.109045,20.577993,21.090073,21.763449,20.14746,20.324625,20.358034,20.413092,20.145205,20.10785,21.870483,22.543486,20.358925,20.324713,19.90535,19.876984,4.0,4.0,0.0,0.0,0.0,4.0,0.0,0.0
32930,2023.0,8.0,17.0,16.0,21.261324,22.076792,19.991795,20.361067,20.595205,20.806362,20.09226,20.258644,20.322584,20.37042,20.12889,20.09243,21.356596,21.45316,20.343403,20.3103,19.887985,19.860708,0.0,0.0,0.0,0.0,0.0,0.0,0.0,0.0
32931,2023.0,8.0,17.0,16.0,21.316265,22.122114,20.191591,20.717443,20.35632,20.509367,19.973162,20.0593,20.924086,21.516933,20.11155,20.077076,21.125563,21.139189,20.326073,20.294437,19.86929,19.8435,4.0,0.0,0.0,4.0,0.0,0.0,0.0,0.0
32932,2023.0,8.0,17.0,16.0,21.351906,22.146736,19.986588,20.332758,20.89152,21.561382,19.909445,19.977169,20.526957,20.650965,20.095684,20.06256,21.827911,22.498146,20.310118,20.279825,19.852762,19.828339,0.0,4.0,0.0,0.0,0.0,4.0,0.0,0.0
32933,2023.0,8.0,17.0,16.0,21.382639,22.167646,19.832909,20.039513,20.539665,20.74188,20.52845,21.17805,20.317434,20.362988,20.078176,20.047176,21.42714,21.566565,20.292835,20.26396,19.834743,19.811777,0.0,0.0,4.0,0.0,0.0,0.0,0.0,0.0
32934,2023.0,8.0,17.0,17.0,21.407785,22.186249,19.688047,19.792011,20.359625,20.493292,20.715517,21.39118,20.282604,20.323898,20.062248,20.033194,21.938482,22.596195,20.277752,20.250406,20.672903,21.410824,0.0,0.0,4.0,0.0,0.0,4.0,0.0,4.0
32935,2023.0,8.0,17.0,17.0,20.86842,21.151346,19.611618,19.686161,20.287416,20.410673,20.776293,21.438732,20.201391,20.182802,20.044569,20.01642,22.078552,22.768448,20.261326,20.234694,20.228706,20.400421,0.0,0.0,4.0,0.0,0.0,4.0,0.0,0.0
32936,2023.0,8.0,17.0,17.0,21.32083,22.112309,19.570927,19.639553,20.829567,21.464483,20.291185,20.480585,20.156092,20.129807,20.026138,19.998951,22.115723,22.793808,20.244331,20.218475,20.030989,20.081072,0.0,4.0,0.0,0.0,0.0,4.0,0.0,0.0
32937,2023.0,8.0,17.0,17.0,21.394772,22.155882,19.539776,19.60521,20.437748,20.618784,20.116707,20.239822,20.812687,21.395357,20.00685,19.980701,21.513742,21.621973,20.22709,20.20206,19.976969,20.014334,0.0,0.0,0.0,4.0,0.0,0.0,0.0,0.0
32938,2023.0,8.0,17.0,17.0,21.421879,22.17861,19.945013,20.385218,20.26174,20.365015,20.671309,21.328102,20.452679,20.590816,19.986586,19.961569,21.278664,21.263107,20.210001,20.185907,19.895916,19.882404,4.0,0.0,4.0,0.0,0.0,0.0,0.0,0.0
32939,2023.0,8.0,17.0,17.0,20.902899,21.179518,20.00647,20.43883,20.803349,21.422789,20.263634,20.449844,20.274717,20.30657,19.96527,19.941265,21.903725,22.51303,21.17177,22.021656,19.851006,19.832628,0.0,4.0,0.0,0.0,0.0,4.0,4.0,0.0
32940,2023.0,8.0,17.0,18.0,20.646084,20.86176,20.094292,20.542217,20.99138,21.60636,20.582167,21.176672,20.20351,20.224041,19.941797,19.919659,21.480347,21.571835,20.697382,20.821854,19.816933,19.799246,4.0,4.0,4.0,0.0,0.0,0.0,0.0,0.0
32941,2023.0,8.0,17.0,18.0,21.215784,21.986616,20.162735,20.631544,21.023903,21.65012,21.070683,21.97203,20.12976,20.112322,19.918894,19.896914,21.24341,21.21104,21.078754,21.5581,19.788452,19.770035,4.0,0.0,0.0,0.0,0.0,0.0,0.0,0.0
32942,2023.0,8.0,17.0,18.0,21.356533,22.080082,19.98814,20.306366,21.060337,21.649435,21.014261,21.766521,20.781033,21.38391,19.892632,19.870388,21.136871,21.093477,21.007761,21.42726,19.7599,19.741898,0.0,4.0,0.0,4.0,0.0,0.0,0.0,0.0
32943,2023.0,8.0,17.0,18.0,21.38569,22.104807,20.140059,20.574162,21.014063,21.565136,20.995651,21.648417,20.428686,20.52113,19.866842,19.845938,21.799393,22.415,21.014498,21.426565,19.733606,19.716328,4.0,0.0,4.0,0.0,0.0,4.0,0.0,0.0
32944,2023.0,8.0,17.0,18.0,20.976246,21.384134,20.20542,20.639917,21.018135,21.553034,21.02643,21.69337,20.173601,20.176651,20.193647,20.483498,21.351162,21.40432,21.013262,21.414156,20.625883,21.431742,4.0,0.0,0.0,0.0,4.0,0.0,0.0,4.0
32945,2023.0,8.0,17.0,18.0,21.278704,21.966255,19.985437,20.24975,21.090559,21.642954,21.020182,21.64851,20.089584,20.08022,20.011091,20.10843,21.060305,21.00954,21.013271,21.406702,20.166191,20.26179,0.0,4.0,0.0,0.0,0.0,0.0,0.0,0.0
32946,2023.0,8.0,17.0,19.0,21.387062,22.073948,19.784561,19.875692,21.008457,21.496275,20.999125,21.560013,20.035421,20.017141,19.871613,19.86277,21.001234,20.972082,21.578411,22.448126,20.734415,21.514975,0.0,0.0,4.0,0.0,0.0,0.0,4.0,4.0
32947,2023.0,8.0,17.0,19.0,20.971529,21.346312,20.0489,20.439848,21.091364,21.618805,21.00007,21.54692,19.990202,19.969528,20.16897,20.466135,21.700583,22.345919,20.952848,21.213337,20.19577,20.2655,4.0,4.0,4.0,0.0,4.0,4.0,0.0,0.0
32948,2023.0,8.0,17.0,19.0,21.264885,21.91427,19.992699,20.279163,21.116447,21.633856,20.999893,21.535376,19.950893,19.93022,19.994404,20.099514,21.206457,21.217527,21.026165,21.37743,20.751032,21.514055,0.0,4.0,4.0,0.0,0.0,0.0,0.0,4.0
32949,2023.0,8.0,17.0,19.0,21.364681,22.01261,20.118519,20.494387,21.1163,21.61968,21.044056,21.638449,19.912071,19.889473,19.830612,19.805851,21.006395,21.01552,21.029333,21.389856,20.954882,21.656322,4.0,4.0,0.0,0.0,0.0,0.0,0.0,4.0
32950,2023.0,8.0,17.0,19.0,20.969366,21.322563,20.145708,20.501299,21.007755,21.446787,21.01017,21.511131,20.605167,21.23312,19.770384,19.751688,21.007488,21.055279,21.01169,21.363472,21.001646,21.688974,4.0,0.0,4.0,4.0,0.0,0.0,0.0,4.0
32951,2023.0,8.0,17.0,19.0,21.251194,21.86764,19.994877,20.239826,21.020332,21.469156,21.000929,21.49894,20.78416,21.322166,20.099943,20.412247,21.005241,21.08458,21.014355,21.374428,20.28672,20.296665,0.0,0.0,4.0,4.0,4.0,0.0,0.0,0.0
32952,2023.0,8.0,17.0,20.0,20.974218,21.334484,19.727556,19.731823,21.0187,21.459019,21.026722,21.563622,20.187567,20.16434,19.981833,20.123337,21.006157,21.10881,21.014387,21.37805,19.951412,19.884577,0.0,0.0,0.0,0.0,0.0,0.0,0.0,0.0
32953,2023.0,8.0,17.0,20.0,21.237797,21.837358,19.604038,19.598019,21.019024,21.452253,21.021158,21.539349,19.93017,19.857765,19.76091,19.706913,21.580023,22.205832,21.014467,21.380442,19.834986,19.76027,0.0,0.0,0.0,0.0,0.0,4.0,0.0,0.0
32954,2023.0,8.0,17.0,20.0,20.979412,21.34181,19.555508,19.545118,21.014997,21.445522,21.021786,21.527727,19.841343,19.756699,19.676775,19.646954,20.974401,21.007542,21.014494,21.381855,19.758759,19.68119,0.0,0.0,0.0,0.0,0.0,0.0,0.0,0.0
32955,2023.0,8.0,17.0,20.0,21.019833,21.433826,19.95822,20.334173,21.015482,21.446037,20.99669,21.446564,19.777004,19.687098,19.64273,19.615791,21.021852,21.125221,21.01485,21.383068,19.693579,19.612854,4.0,0.0,4.0,0.0,0.0,0.0,0.0,0.0
32956,2023.0,8.0,17.0,20.0,21.014395,21.428148,20.002567,20.327785,21.015625,21.445097,21.027803,21.52589,19.782001,19.747408,19.941069,20.206392,21.009844,21.121042,21.014633,21.382673,20.606998,21.398848,0.0,0.0,0.0,0.0,4.0,0.0,0.0,4.0
32957,2023.0,8.0,17.0,20.0,21.010826,21.431536,20.10269,20.476568,21.01561,21.443476,20.997135,21.435741,19.762608,19.72693,20.00502,20.24124,21.007275,21.134733,21.014954,21.38273,19.973207,20.053936,4.0,0.0,4.0,0.0,0.0,0.0,0.0,0.0
32958,2023.0,8.0,17.0,21.0,21.01166,21.439491,20.05297,20.325207,21.167473,21.704596,21.002003,21.442593,19.72744,19.68849,20.102367,20.391598,21.007904,21.149206,21.014929,21.381968,20.53715,21.155607,4.0,4.0,4.0,0.0,4.0,0.0,0.0,4.0
32959,2023.0,8.0,17.0,21.0,21.315788,21.999546,20.02386,20.278202,20.99257,21.380083,21.02782,21.512375,20.340683,20.867222,19.999437,20.183874,21.531534,22.141346,21.01511,21.381134,19.959608,19.989544,4.0,0.0,0.0,4.0,0.0,4.0,0.0,0.0
32960,2023.0,8.0,17.0,21.0,20.961712,21.309145,20.014744,20.27542,21.024946,21.437971,20.99498,21.418417,20.526112,20.983696,19.664055,19.532383,21.552666,22.009838,21.01509,21.379982,19.743578,19.630138,0.0,0.0,4.0,4.0,0.0,4.0,0.0,0.0
32961,2023.0,8.0,17.0,21.0,21.022753,21.433218,20.022371,20.258434,21.030197,21.41019,21.028822,21.502783,20.575222,21.020304,19.952368,20.215502,20.975384,21.00151,21.015108,21.379204,20.505093,21.165312,4.0,4.0,0.0,4.0,4.0,0.0,0.0,4.0
32962,2023.0,8.0,17.0,21.0,21.015835,21.4202,20.015213,20.26014,21.022432,21.422777,21.022352,21.481043,19.962006,19.934095,20.001135,20.217005,21.021282,21.118961,21.01501,21.378033,20.733835,21.324066,0.0,0.0,0.0,0.0,0.0,0.0,0.0,4.0
32963,2023.0,8.0,17.0,21.0,21.321947,21.989895,20.018272,20.236382,21.02106,21.415224,21.02316,21.47312,20.386812,20.78046,19.74293,19.711683,21.012323,21.121738,21.015059,21.377398,19.963558,19.965105,4.0,0.0,0.0,4.0,0.0,0.0,0.0,0.0
32964,2023.0,8.0,17.0,22.0,20.968838,21.299881,20.016434,20.250917,21.021374,21.409662,21.016895,21.46528,19.970716,19.951992,19.952557,20.205057,21.013273,21.134617,21.538824,22.344847,20.556732,21.14436,0.0,0.0,0.0,0.0,4.0,0.0,4.0,4.0
32965,2023.0,8.0,17.0,22.0,21.023752,21.41913,19.649172,19.540428,21.18385,21.6993,21.12351,21.643476,19.765144,19.610672,19.997158,20.188793,21.008183,21.143122,20.93994,21.161623,19.96009,19.95227,0.0,4.0,4.0,0.0,4.0,0.0,0.0,0.0
32966,2023.0,8.0,17.0,22.0,21.015892,21.408611,19.54842,19.488516,20.988836,21.32937,21.00402,21.422266,19.64615,19.483309,20.003338,20.187037,21.009453,21.158813,21.032412,21.359495,19.73338,19.583975,0.0,0.0,0.0,0.0,4.0,0.0,0.0,0.0
32967,2023.0,8.0,17.0,22.0,21.011442,21.414326,19.51746,19.462467,21.027487,21.40771,21.026903,21.46467,19.685442,19.62913,20.018402,20.220678,21.5111,22.109402,21.017467,21.334793,19.617487,19.46825,0.0,0.0,0.0,0.0,0.0,4.0,0.0,0.0
32968,2023.0,8.0,17.0,22.0,21.011856,21.424578,19.478054,19.422688,21.020735,21.391985,21.023031,21.452326,20.282507,20.761911,19.63614,19.476982,20.959799,21.01416,21.020206,21.342773,19.546593,19.399155,0.0,0.0,0.0,4.0,0.0,0.0,0.0,0.0
32969,2023.0,8.0,17.0,22.0,21.32875,22.0126,19.440556,19.382992,21.014814,21.390875,21.016682,21.449234,19.942753,20.012566,19.5499,19.483603,21.02297,21.157312,21.014517,21.343416,19.589073,19.543139,0.0,0.0,0.0,0.0,0.0,0.0,0.0,0.0
32970,2023.0,8.0,17.0,23.0,20.970451,21.308687,19.408354,19.350424,21.015665,21.399134,21.017744,21.457106,19.680477,19.518257,19.522303,19.454117,21.013723,21.148876,21.015392,21.35311,20.351095,20.990044,0.0,0.0,0.0,0.0,0.0,0.0,0.0,4.0
32971,2023.0,8.0,17.0,23.0,20.56323,20.55022,19.379679,19.322237,20.61724,20.63828,20.568392,20.597223,19.542444,19.37871,19.476837,19.409523,20.78131,20.71945,20.606651,20.572155,19.821806,19.720552,0.0,0.0,0.0,0.0,0.0,0.0,0.0,0.0
32972,2023.0,8.0,17.0,23.0,20.367239,20.281677,19.35539,19.29618,20.407532,20.334381,20.340271,20.27197,19.590584,19.526184,19.43956,19.369318,20.685839,20.60378,20.448627,20.378511,19.601364,19.442333,0.0,0.0,0.0,0.0,0.0,0.0,0.0,0.0
32973,2023.0,8.0,17.0,23.0,21.119112,21.791397,19.336206,19.279833,20.331308,20.265984,20.256237,20.196943,19.577768,19.51499,19.409496,19.341902,20.63713,20.55852,20.372583,20.307278,19.625631,19.568789,0.0,0.0,0.0,0.0,0.0,0.0,0.0,0.0
32974,2023.0,8.0,17.0,23.0,20.563353,20.596735,19.316315,19.260666,20.263573,20.198101,20.181404,20.122217,19.555004,19.493093,19.379635,19.312176,20.59158,20.513021,20.304625,20.239319,20.325891,20.91484,0.0,0.0,0.0,0.0,0.0,0.0,0.0,4.0
32975,2023.0,8.0,17.0,23.0,20.31314,20.243778,19.29742,19.242582,20.20607,20.141335,20.118147,20.059849,19.532324,19.470718,19.351896,19.284744,20.551235,20.472939,21.147442,21.879238,19.73905,19.647865,0.0,0.0,0.0,0.0,0.0,0.0,4.0,0.0
32976,2023.0,8.0,18.0,0.0,20.225983,20.153337,19.279285,19.225119,20.155184,20.091032,20.06235,20.004726,19.510195,19.448795,19.325903,19.258928,20.514526,20.43634,20.420666,20.322374,19.532679,19.383526,0.0,0.0,0.0,0.0,0.0,0.0,0.0,0.0
32977,2023.0,8.0,18.0,0.0,20.309221,20.386505,19.708239,20.046028,20.108702,20.044338,20.011253,19.953522,19.488409,19.426876,19.301151,19.233965,20.480412,20.401905,20.16245,19.98491,19.46539,19.317314,4.0,0.0,0.0,0.0,0.0,0.0,0.0,0.0
32978,2023.0,8.0,18.0,0.0,20.312006,20.413149,19.838968,20.19756,20.064367,19.998137,19.96258,19.902891,19.4668,19.404589,19.277231,19.209072,20.448204,20.368706,20.072104,19.894053,19.501015,19.443535,4.0,0.0,0.0,0.0,0.0,0.0,0.0,0.0
32979,2023.0,8.0,18.0,0.0,20.283863,20.386189,19.377682,19.276947,20.028654,19.966177,19.923546,19.867985,19.447899,19.386889,19.257536,19.190958,20.420868,20.343044,20.113302,20.04967,19.481739,19.425713,0.0,0.0,0.0,0.0,0.0,0.0,0.0,0.0
32980,2023.0,8.0,18.0,0.0,20.253326,20.354198,19.181385,18.980484,19.990473,19.926645,19.88203,19.824965,19.427923,19.366314,19.23677,19.169436,20.392956,20.31433,20.082722,20.016397,19.453503,19.39697,0.0,0.0,0.0,0.0,0.0,0.0,0.0,0.0
32981,2023.0,8.0,18.0,0.0,20.226736,20.329264,19.242819,19.161428,19.959827,19.89986,19.848873,19.79594,19.410408,19.350193,19.511147,19.69895,20.369207,20.292414,20.045652,19.981707,20.157513,20.746328,0.0,0.0,0.0,0.0,4.0,0.0,0.0,4.0
32982,2023.0,8.0,18.0,1.0,20.199217,20.301334,19.252869,19.197887,19.928164,19.868923,19.8149,19.7626,19.392052,19.331997,19.327637,19.291988,20.345161,20.268564,20.009138,19.945286,19.674015,19.675896,0.0,0.0,0.0,0.0,0.0,0.0,0.0,0.0
32983,2023.0,8.0,18.0,1.0,20.174875,20.27857,19.236517,19.185583,19.900442,19.844046,19.785406,19.735743,19.96003,20.415499,19.242445,19.17964,20.324083,20.249456,19.976425,19.914392,20.135977,20.61972,0.0,0.0,0.0,4.0,0.0,0.0,0.0,4.0
32984,2023.0,8.0,18.0,1.0,20.152227,20.257462,19.220676,19.172726,19.874834,19.821352,19.758371,19.711367,19.579739,19.565983,19.218344,19.157204,20.304716,20.232073,19.94629,19.88597,20.331406,20.867884,0.0,0.0,0.0,0.0,0.0,0.0,0.0,4.0
32985,2023.0,8.0,18.0,1.0,20.13146,20.23859,19.205986,19.161156,19.851223,19.800991,19.733759,19.68971,19.457476,19.404732,19.198065,19.139286,20.287079,20.216684,19.918869,19.860672,19.68702,19.589796,0.0,0.0,0.0,0.0,0.0,0.0,0.0,0.0
32986,2023.0,8.0,18.0,1.0,20.111372,20.220037,19.64074,19.99229,19.828575,19.781147,19.71028,19.668745,19.424768,19.372673,19.180605,19.123825,20.27057,20.202175,19.893188,19.836721,19.499403,19.362865,4.0,0.0,0.0,0.0,0.0,0.0,0.0,0.0
32987,2023.0,8.0,18.0,1.0,20.091558,20.20121,19.773687,20.1454,19.805986,19.760223,19.686714,19.646616,19.398527,19.347189,19.164812,19.10951,20.254923,20.188074,19.8688,19.813435,19.429535,19.297628,4.0,0.0,0.0,0.0,0.0,0.0,0.0,0.0
32988,2023.0,8.0,18.0,2.0,20.073862,20.185806,19.333124,19.264765,19.786898,19.74525,19.666672,19.630703,19.379536,19.331057,19.152798,19.10042,20.241644,20.177465,19.847761,19.795105,19.461208,19.418295,0.0,0.0,0.0,0.0,0.0,0.0,0.0,0.0
32989,2023.0,8.0,18.0,2.0,20.0547,20.16688,19.155088,18.999987,19.765535,19.724762,19.644152,19.608982,19.36101,19.31314,19.140722,19.089415,20.22782,20.16465,19.826248,19.77424,19.43843,19.39347,0.0,0.0,0.0,0.0,0.0,0.0,0.0,0.0
32990,2023.0,8.0,18.0,2.0,20.037699,20.151697,19.200483,19.14374,19.747482,19.710184,19.625149,19.593542,19.34597,19.30038,19.130667,19.081627,20.215868,20.154839,19.807602,19.757893,20.142593,20.745525,0.0,0.0,0.0,0.0,0.0,0.0,0.0,4.0
32991,2023.0,8.0,18.0,2.0,20.020077,20.134865,19.205603,19.171804,19.728584,19.693169,19.6054,19.575613,19.331327,19.287062,19.120527,19.073029,20.203941,20.144367,19.789127,19.74073,19.585894,19.531858,0.0,0.0,0.0,0.0,0.0,0.0,0.0,0.0
32992,2023.0,8.0,18.0,2.0,20.002108,20.116821,19.187069,19.154953,19.70892,19.67394,19.585052,19.555517,19.317106,19.27344,19.110458,19.0639,20.192047,20.133411,19.770855,19.722954,19.398876,19.284044,0.0,0.0,0.0,0.0,0.0,0.0,0.0,0.0
32993,2023.0,8.0,18.0,2.0,19.986454,20.10268,19.171846,19.143187,19.692665,19.660824,19.568266,19.541843,19.305368,19.26374,19.102222,19.057718,20.181927,20.125326,19.755186,19.709383,20.10255,20.661478,0.0,0.0,0.0,0.0,0.0,0.0,0.0,4.0
32994,2023.0,8.0,18.0,3.0,19.969698,20.086153,19.155561,19.128365,19.675,19.64446,19.550093,19.524855,19.293457,19.252893,19.404314,19.632866,20.171513,20.116161,19.739138,19.694294,20.30861,20.889906,0.0,0.0,0.0,0.0,4.0,0.0,0.0,4.0
32995,2023.0,8.0,18.0,3.0,19.953148,20.069511,19.139921,19.113564,19.657522,19.627808,19.532541,19.50792,19.281801,19.24177,19.215227,19.207342,20.16087,20.106047,19.72352,19.679262,19.664343,19.603745,0.0,0.0,0.0,0.0,0.0,0.0,0.0,0.0
32996,2023.0,8.0,18.0,3.0,19.935474,20.050503,19.122992,19.095411,19.63835,19.607506,19.513515,19.487509,19.269503,19.229078,19.135094,19.091782,20.149424,20.094288,19.70722,19.662521,19.47038,19.352345,0.0,0.0,0.0,0.0,0.0,0.0,0.0,0.0
32997,2023.0,8.0,18.0,3.0,19.919106,20.033773,19.108038,19.080648,19.620852,19.590246,19.496052,19.470144,19.25811,19.217915,19.117455,19.074308,20.1386,20.083694,19.691969,19.64752,19.403322,19.288618,0.0,0.0,0.0,0.0,0.0,0.0,0.0,0.0
32998,2023.0,8.0,18.0,3.0,19.903366,20.018017,19.545794,19.915476,19.604826,19.575617,19.479881,19.455343,19.247452,19.207977,19.103199,19.061142,20.128279,20.07406,19.677582,19.633917,19.422766,19.381565,4.0,0.0,0.0,0.0,0.0,0.0,0.0,0.0
32999,2023.0,8.0,18.0,3.0,19.887035,20.000917,19.274446,19.308912,19.587723,19.55849,19.46248,19.437943,19.236412,19.197014,19.090078,19.047935,20.117403,20.06326,19.662771,19.619173,19.402674,19.36486,0.0,0.0,0.0,0.0,0.0,0.0,0.0,0.0
33000,2023.0,8.0,18.0,4.0,19.870934,19.983932,19.1506,19.122261,19.570272,19.540329,19.444664,19.41944,19.225412,19.18584,19.077976,19.035482,20.10632,20.05198,19.647984,19.604197,19.373606,19.33514,0.0,0.0,0.0,0.0,0.0,0.0,0.0,0.0
33001,2023.0,8.0,18.0,4.0,19.856203,19.969334,19.123121,19.097412,19.555244,19.52667,19.429321,19.40554,19.215376,19.176456,19.0677,19.026007,20.095982,20.042215,19.634375,19.591326,20.079819,20.68824,0.0,0.0,0.0,0.0,0.0,0.0,0.0,4.0
33002,2023.0,8.0,18.0,4.0,19.840742,19.953133,19.098852,19.072638,19.539125,19.510506,19.413004,19.389162,19.204706,19.165787,19.056807,19.015085,20.084902,20.031073,19.620222,19.577173,19.530325,19.488808,0.0,0.0,0.0,0.0,0.0,0.0,0.0,0.0
33003,2023.0,8.0,18.0,4.0,19.825634,19.937311,19.079103,19.052635,19.523321,19.494635,19.397186,19.373201,19.772314,20.24106,19.04607,19.004303,20.073727,20.019827,19.606243,19.56318,20.09695,20.655222,0.0,0.0,0.0,4.0,0.0,0.0,0.0,4.0
33004,2023.0,8.0,18.0,4.0,19.810905,19.921778,19.061401,19.034723,19.507727,19.478865,19.381695,19.357439,19.413635,19.430971,19.035416,18.99352,20.062403,20.008358,19.592363,19.549202,19.561499,19.506449,0.0,0.0,0.0,0.0,0.0,0.0,0.0,0.0
33005,2023.0,8.0,18.0,4.0,19.803612,19.92056,19.045176,19.018263,19.492401,19.463324,19.36656,19.341984,19.879164,20.365686,19.024878,18.982822,20.050983,19.996763,19.578634,19.535341,19.377733,19.264883,0.0,0.0,0.0,4.0,0.0,0.0,0.0,0.0
33006,2023.0,8.0,18.0,5.0,19.802301,19.927805,19.030294,19.003464,19.477633,19.448616,19.351896,19.327341,19.404137,19.34284,19.014656,18.972612,20.039688,19.985464,19.56528,19.52205,19.316616,19.204893,0.0,0.0,0.0,0.0,0.0,0.0,0.0,0.0
33007,2023.0,8.0,18.0,5.0,19.7927,19.91873,19.017094,18.99121,19.46399,19.4359,19.33822,19.314592,19.244205,19.13172,19.005354,18.964104,20.029186,19.975782,19.552818,19.510353,20.115824,20.765827,0.0,0.0,0.0,0.0,0.0,0.0,0.0,4.0
33008,2023.0,8.0,18.0,5.0,19.78229,19.908447,19.440823,19.796412,19.450762,19.42353,19.324995,19.302195,19.197863,19.086788,18.996452,18.955961,20.018837,19.966188,19.54064,19.498825,19.555002,19.523006,4.0,0.0,0.0,0.0,0.0,0.0,0.0,0.0
33009,2023.0,8.0,18.0,5.0,19.77159,19.89783,19.205639,19.260265,19.437914,19.411522,19.312311,19.290253,19.227676,19.183826,18.988043,18.948301,20.008615,19.9567,19.528753,19.487572,20.114338,20.682297,0.0,0.0,0.0,0.0,0.0,0.0,0.0,4.0
33010,2023.0,8.0,18.0,5.0,19.76087,19.887234,19.074022,19.05678,19.425493,19.40001,19.30016,19.278889,19.224764,19.187813,18.980389,18.941446,19.998621,19.947466,19.517231,19.47674,19.570644,19.522615,0.0,0.0,0.0,0.0,0.0,0.0,0.0,0.0
33011,2023.0,8.0,18.0,5.0,19.749857,19.875973,19.038305,19.013641,19.41252,19.387068,19.28754,19.266191,19.208303,19.171453,18.9727,18.934156,19.988367,19.93751,19.505615,19.465345,19.380348,19.26873,0.0,0.0,0.0,0.0,0.0,0.0,0.0,0.0
33012,2023.0,8.0,18.0,6.0,19.739628,19.866053,19.017685,18.994307,19.40071,19.376175,19.275967,19.25547,19.19348,19.157349,18.96571,18.927994,19.978863,19.9288,19.494915,19.45535,19.321604,19.214993,0.0,0.0,0.0,0.0,0.0,0.0,0.0,0.0
33013,2023.0,8.0,18.0,6.0,21.15239,22.324476,19.002918,18.982319,21.203993,22.596148,21.1914,22.644266,19.180395,19.145638,18.959488,18.922966,21.159544,21.990992,21.310654,22.601156,19.338673,19.298412,0.0,0.0,4.0,0.0,0.0,0.0,0.0,0.0
33014,2023.0,8.0,18.0,6.0,20.997871,21.912458,18.985655,18.965092,20.988848,21.972025,20.996359,22.07551,19.167,19.13236,18.952597,18.916496,20.998009,21.605303,20.98623,21.859503,19.32706,19.29327,0.0,0.0,0.0,0.0,0.0,0.0,0.0,0.0
33015,2023.0,8.0,18.0,6.0,21.030964,21.881533,18.971807,18.952917,21.032387,21.937521,21.040333,22.020985,19.156889,19.12337,18.947441,18.912325,21.153337,21.805212,21.031618,21.845255,20.076551,20.732965,0.0,0.0,0.0,0.0,0.0,4.0,0.0,4.0
33016,2023.0,8.0,18.0,6.0,21.024202,21.800272,18.958508,18.940422,21.02378,21.838343,21.031086,21.905344,19.760412,20.26915,18.943285,18.908916,21.004454,21.474113,21.021677,21.749308,20.324957,20.921515,0.0,0.0,0.0,4.0,0.0,0.0,0.0,4.0
33017,2023.0,8.0,18.0,6.0,21.01797,21.750269,18.946331,18.928839,21.023373,21.780575,21.02458,21.835823,20.030676,20.565844,19.255608,19.498648,21.126173,21.641972,21.02119,21.693697,19.969814,20.26357,0.0,0.0,0.0,0.0,4.0,4.0,0.0,0.0
33018,2023.0,8.0,18.0,7.0,21.072592,21.79416,18.936115,18.91954,20.997551,21.667034,21.025557,21.795,19.557598,19.577454,20.109888,20.904785,21.00748,21.403225,21.021305,21.65243,19.5862,19.511633,0.0,4.0,0.0,0.0,0.0,0.0,0.0,0.0
33019,2023.0,8.0,18.0,7.0,21.018461,21.689138,19.368084,19.737398,21.028782,21.72491,21.024931,21.761995,20.041243,20.619625,19.504347,19.592836,21.020126,21.407455,21.020905,21.619965,19.413881,19.320768,4.0,0.0,0.0,4.0,0.0,0.0,0.0,0.0
33020,2023.0,8.0,18.0,7.0,21.02362,21.678707,20.089296,20.896873,21.027176,21.687122,21.024372,21.736563,20.228407,20.739075,19.20138,19.177755,21.017756,21.384258,21.019997,21.593555,19.411713,19.37616,0.0,0.0,0.0,4.0,0.0,0.0,0.0,0.0
33021,2023.0,8.0,18.0,7.0,21.022081,21.65728,19.852392,20.291365,21.000889,21.58779,20.998344,21.645649,19.991592,20.302883,19.148588,19.119934,21.013245,21.368687,21.02012,21.573927,20.324162,21.123516,4.0,4.0,4.0,0.0,0.0,0.0,0.0,4.0
33022,2023.0,8.0,18.0,7.0,21.14745,21.862154,20.040815,20.635696,21.005604,21.582758,21.02959,21.718979,19.599363,19.53253,19.123865,19.093964,21.013687,21.362532,21.019321,21.55604,19.938145,20.193933,4.0,4.0,0.0,0.0,0.0,0.0,0.0,0.0
33023,2023.0,8.0,18.0,7.0,21.000912,21.586487,20.018377,20.552183,21.00455,21.571014,21.02757,21.69196,19.423006,19.332087,19.107807,19.078794,21.013287,21.354996,21.019135,21.541832,19.585228,19.508673,0.0,4.0,0.0,0.0,0.0,0.0,0.0,0.0
33024,2023.0,8.0,18.0,8.0,21.024185,21.625721,19.858013,20.177406,21.030859,21.635496,21.027355,21.67279,20.071007,20.609037,19.097395,19.069979,21.012985,21.348263,21.018892,21.529415,19.444849,19.366655,4.0,0.0,0.0,4.0,0.0,0.0,0.0,0.0
33025,2023.0,8.0,18.0,8.0,20.474064,20.55986,20.030638,20.511696,20.383095,20.37563,20.420225,20.49797,19.984596,20.28803,19.090548,19.065224,21.37606,22.014624,20.494219,20.50747,19.397753,19.325462,4.0,0.0,0.0,0.0,0.0,4.0,0.0,0.0
33026,2023.0,8.0,18.0,8.0,20.99869,21.74814,20.000023,20.42609,20.656378,21.102451,20.733984,21.30295,19.633999,19.594305,19.086462,19.063309,21.39556,21.927269,20.24159,20.207767,19.404358,19.374138,4.0,4.0,4.0,0.0,0.0,4.0,0.0,0.0
33027,2023.0,8.0,18.0,8.0,20.506124,20.635664,20.003263,20.415062,20.78767,21.248716,20.234682,20.241898,19.465265,19.396286,19.084505,19.06332,20.746935,20.691702,20.139786,20.101702,19.397135,19.373774,4.0,4.0,0.0,0.0,0.0,0.0,0.0,0.0
33028,2023.0,8.0,18.0,8.0,20.859901,21.50615,20.020788,20.452158,20.798975,21.264486,20.524454,20.995512,19.450089,19.418652,19.084044,19.064653,20.487406,20.376497,21.053564,21.892235,19.380554,19.359745,0.0,4.0,4.0,0.0,0.0,0.0,4.0,0.0
33029,2023.0,8.0,18.0,8.0,20.447226,20.594425,19.610945,19.650778,20.28671,20.303398,20.134583,20.159391,20.12644,20.712955,19.084682,19.066933,21.107897,21.626352,20.450829,20.461065,19.365046,19.345978,0.0,0.0,0.0,4.0,0.0,4.0,0.0,0.0
33030,2023.0,8.0,18.0,9.0,20.239922,20.315159,19.419981,19.381126,20.68773,21.168262,19.91065,19.850533,19.980156,20.338417,19.461369,19.776018,21.286951,21.845789,20.185425,20.10016,19.353432,19.33567,0.0,4.0,0.0,0.0,4.0,4.0,0.0,0.0
33031,2023.0,8.0,18.0,9.0,20.155025,20.2371,19.808657,20.187098,20.817276,21.300392,19.81316,19.759262,19.626137,19.611727,20.075993,20.746744,20.685009,20.651716,20.087385,20.008102,19.341352,19.325094,4.0,4.0,0.0,0.0,0.0,0.0,0.0,0.0
33032,2023.0,8.0,18.0,9.0,20.849617,21.610844,20.024294,20.496628,20.299551,20.32579,19.782364,19.773062,19.468456,19.42531,19.91122,20.291498,20.445423,20.356012,20.022177,19.949638,19.329857,19.314964,0.0,0.0,0.0,0.0,4.0,0.0,0.0,0.0
33033,2023.0,8.0,18.0,9.0,20.985388,21.644558,20.02165,20.436619,20.02516,19.97999,20.397923,20.972248,19.446608,19.42464,20.020136,20.482155,21.085665,21.629324,20.004717,19.970648,20.19806,20.966928,4.0,0.0,4.0,0.0,4.0,4.0,0.0,4.0
33034,2023.0,8.0,18.0,9.0,20.433622,20.59877,19.998796,20.38119,20.53799,21.018732,20.559303,21.080387,19.431906,19.414486,20.015457,20.435379,21.32633,21.899105,20.96305,21.813221,19.9707,20.329954,4.0,4.0,4.0,0.0,0.0,4.0,4.0,0.0
33035,2023.0,8.0,18.0,9.0,20.17952,20.284307,20.018538,20.423536,20.74048,21.248241,20.578854,21.09506,19.414335,19.39895,19.962437,20.269535,20.743883,20.744835,20.402344,20.440367,19.623125,19.633501,0.0,4.0,4.0,0.0,4.0,0.0,0.0,0.0
33036,2023.0,8.0,18.0,10.0,20.102055,20.204296,20.014475,20.378305,20.24492,20.293077,20.079115,20.130558,19.398848,19.385128,20.02464,20.392548,20.489347,20.41715,20.06869,20.025276,20.306952,21.027529,4.0,0.0,0.0,0.0,0.0,0.0,0.0,4.0
33037,2023.0,8.0,18.0,10.0,20.050343,20.15152,20.016722,20.397661,20.60267,21.116257,19.819237,19.800068,19.3833,19.368721,19.675518,19.69166,21.137533,21.706324,19.983282,19.93021,19.951859,20.206509,0.0,4.0,0.0,0.0,0.0,4.0,0.0,0.0
33038,2023.0,8.0,18.0,10.0,20.738981,21.489069,20.0234,20.37783,20.22385,20.27544,19.733316,19.705599,19.368887,19.353512,19.5106,19.494644,20.70189,20.703314,20.879255,21.662062,19.6712,19.669468,4.0,0.0,0.0,0.0,0.0,0.0,4.0,0.0
33039,2023.0,8.0,18.0,10.0,20.271164,20.450377,20.01453,20.373716,20.007471,19.963812,19.683779,19.652538,20.069231,20.6847,19.463274,19.43966,20.506983,20.419163,21.122738,21.909575,19.55573,19.516766,0.0,0.0,0.0,4.0,0.0,0.0,4.0,0.0
33040,2023.0,8.0,18.0,10.0,20.024414,20.139427,19.675638,19.718275,19.913757,19.863728,20.33027,20.911652,19.98243,20.33832,19.425253,19.401232,20.432291,20.340948,20.372452,20.390928,19.49793,19.45609,0.0,0.0,4.0,0.0,0.0,0.0,0.0,0.0
33041,2023.0,8.0,18.0,10.0,19.968708,20.075594,19.499039,19.508387,19.887177,19.873178,19.954445,20.003159,19.63353,19.630495,19.39358,19.368422,20.426996,20.382088,20.056654,19.99533,19.475359,19.45111,0.0,0.0,0.0,0.0,0.0,0.0,0.0,0.0
33042,2023.0,8.0,18.0,11.0,19.982105,20.128862,19.443014,19.445444,20.525255,21.105135,19.749834,19.712494,19.508095,19.457617,19.371696,19.3448,20.40865,20.369217,19.981987,19.91105,19.455835,19.432568,0.0,4.0,0.0,0.0,0.0,0.0,0.0,0.0
33043,2023.0,8.0,18.0,11.0,19.973932,20.126114,19.82718,20.200275,20.613993,21.129393,19.683083,19.64495,19.489513,19.460518,19.354311,19.327805,21.124973,21.751654,20.8873,21.656416,19.437159,19.414589,4.0,4.0,0.0,0.0,0.0,4.0,4.0,0.0
33044,2023.0,8.0,18.0,11.0,19.95184,20.097366,20.023466,20.505325,20.645117,21.14745,19.668558,19.664366,19.47161,19.445747,19.340353,19.313578,20.597843,20.603794,20.271992,20.296007,19.421377,19.398945,0.0,4.0,0.0,0.0,0.0,0.0,0.0,0.0
33045,2023.0,8.0,18.0,11.0,19.929165,20.072039,19.658394,19.754345,20.692625,21.194021,20.306948,20.894442,20.149202,20.74204,19.686298,19.974464,20.347296,20.267843,20.92575,21.708729,19.406221,19.383944,0.0,4.0,4.0,4.0,4.0,0.0,4.0,0.0
33046,2023.0,8.0,18.0,11.0,19.914362,20.05699,19.489647,19.503923,20.726372,21.227924,20.414318,20.94555,19.979067,20.325066,20.026945,20.495867,20.305092,20.21889,20.286776,20.31396,19.39607,19.373413,0.0,4.0,4.0,0.0,4.0,0.0,0.0,0.0
33047,2023.0,8.0,18.0,11.0,19.899319,20.04216,19.865458,20.263735,20.209665,20.23347,19.88794,19.920677,20.310093,20.87911,20.011879,20.408298,20.323725,20.280712,19.991594,19.934475,19.387138,19.364208,4.0,0.0,0.0,4.0,0.0,0.0,0.0,0.0
33048,2023.0,8.0,18.0,12.0,19.886784,20.030502,20.001377,20.40306,19.966106,19.934666,19.673763,19.66029,19.976946,20.202198,19.670692,19.698072,21.078152,21.717205,19.934355,19.873398,20.251823,21.003998,4.0,0.0,0.0,0.0,0.0,4.0,0.0,4.0
33049,2023.0,8.0,18.0,12.0,21.155708,22.275469,20.017035,20.42277,21.114304,22.007128,21.177515,22.37669,19.738861,19.74323,19.489805,19.450357,20.989037,21.377388,21.300858,22.302141,19.974028,20.284845,0.0,4.0,0.0,0.0,0.0,0.0,0.0,0.0
33050,2023.0,8.0,18.0,12.0,20.970243,21.766392,19.650635,19.694511,21.008852,21.723837,20.969784,21.800667,19.6058,19.563871,19.845512,20.155712,21.291058,21.89101,21.346125,22.222454,19.65784,19.65397,0.0,0.0,4.0,0.0,4.0,4.0,4.0,0.0
33051,2023.0,8.0,18.0,12.0,21.029705,21.824785,19.483288,19.495852,21.022903,21.686691,21.008219,21.783772,19.581835,19.552458,20.020056,20.36958,20.973698,21.244164,20.971613,21.473106,19.537346,19.506214,0.0,0.0,4.0,0.0,0.0,0.0,0.0,0.0
33052,2023.0,8.0,18.0,12.0,21.018848,21.747133,19.882088,20.293072,20.994877,21.566761,21.003607,21.718122,19.569557,19.542255,19.74196,19.788898,21.015577,21.31171,21.023058,21.535698,19.514341,19.491623,4.0,4.0,4.0,0.0,0.0,0.0,0.0,0.0
33053,2023.0,8.0,18.0,12.0,21.042006,21.71793,20.03457,20.458553,21.000181,21.553535,21.030024,21.752024,19.560795,19.534784,19.588345,19.565638,21.010563,21.28608,21.431198,22.243279,19.50496,19.483168,4.0,4.0,0.0,0.0,0.0,0.0,4.0,0.0
33054,2023.0,8.0,18.0,13.0,21.018139,21.679487,20.01038,20.403872,20.999254,21.536196,21.023071,21.703892,19.557241,19.532131,19.554657,19.527985,21.008694,21.271503,20.95375,21.297026,19.500608,19.479607,0.0,4.0,0.0,0.0,0.0,0.0,0.0,0.0
33055,2023.0,8.0,18.0,13.0,21.017523,21.658995,20.073149,20.48254,21.017887,21.560455,20.995659,21.603045,19.560595,19.538658,19.933224,20.248825,21.008265,21.25999,21.02439,21.431988,19.502972,19.484789,4.0,4.0,4.0,0.0,4.0,0.0,0.0,0.0
33056,2023.0,8.0,18.0,13.0,21.034742,21.67396,20.020926,20.372417,21.048742,21.605707,21.003218,21.60288,19.569408,19.550772,20.017925,20.293285,21.017416,21.26486,21.028746,21.427473,19.510424,19.495068,0.0,4.0,4.0,0.0,0.0,0.0,0.0,0.0
33057,2023.0,8.0,18.0,13.0,21.011024,21.617517,20.133966,20.572971,21.080496,21.649687,20.999535,21.58742,19.581753,19.565895,19.768517,19.771864,21.005442,21.229513,21.009333,21.381382,19.521473,19.508692,4.0,4.0,4.0,0.0,0.0,0.0,0.0,0.0
33058,2023.0,8.0,18.0,13.0,21.228611,22.00009,19.985601,20.29504,21.114605,21.696781,21.027073,21.65531,19.597687,19.584564,19.693365,19.676748,21.006968,21.220331,21.011648,21.37493,19.536112,19.5262,0.0,4.0,0.0,0.0,0.0,0.0,0.0,0.0
33059,2023.0,8.0,18.0,13.0,21.274168,22.01032,20.175459,20.643204,21.001484,21.50788,21.041527,21.64053,19.615652,19.605257,19.692432,19.679193,21.006577,21.207777,21.010656,21.361633,19.551487,19.543621,4.0,0.0,4.0,0.0,0.0,0.0,0.0,0.0
33060,2023.0,8.0,18.0,14.0,20.982779,21.504324,20.254307,20.733986,21.01785,21.536245,21.018204,21.617195,20.36156,21.00211,19.702394,19.692167,21.00615,21.196417,21.011269,21.352217,19.567848,19.562626,4.0,0.0,0.0,4.0,0.0,0.0,0.0,0.0
33061,2023.0,8.0,18.0,14.0,21.238125,21.983185,20.297173,20.784195,20.617592,20.761013,20.545063,20.700094,19.99552,20.169167,19.713537,19.704062,20.815342,20.81773,21.697914,22.626038,19.582088,19.576962,4.0,0.0,0.0,0.0,0.0,0.0,4.0,0.0
33062,2023.0,8.0,18.0,14.0,20.77987,21.047817,19.990099,20.24903,20.415195,20.519579,20.313498,20.430079,19.871916,19.93341,19.724915,19.716246,20.734697,20.713879,21.054813,21.189142,19.59397,19.589098,0.0,0.0,0.0,0.0,0.0,0.0,0.0,0.0
33063,2023.0,8.0,18.0,14.0,20.557669,20.795155,20.21962,20.695532,20.294802,20.352043,20.830265,21.470882,19.871096,19.933119,19.73654,19.728718,20.710974,20.688868,20.70067,20.725658,19.605057,19.600788,4.0,0.0,4.0,0.0,0.0,0.0,0.0,0.0
33064,2023.0,8.0,18.0,14.0,21.123903,21.904688,20.312727,20.819607,20.234423,20.28545,20.961899,21.608519,19.81883,19.821302,19.747831,19.741213,20.699434,20.677832,20.633253,20.65106,19.614723,19.611279,4.0,0.0,4.0,0.0,0.0,0.0,0.0,0.0
33065,2023.0,8.0,18.0,14.0,21.266108,22.059141,19.98263,20.237867,20.192112,20.245617,20.464413,20.640139,19.802456,19.797857,19.759666,19.755152,20.689556,20.669401,20.59922,20.622261,19.624474,19.62228,0.0,0.0,0.0,0.0,0.0,0.0,0.0,0.0
33066,2023.0,8.0,18.0,15.0,20.758745,21.052614,19.878801,20.063044,20.151773,20.208885,20.827448,21.465084,19.802065,19.798677,20.133251,20.450115,20.679464,20.661364,20.520458,20.502499,19.633848,19.633177,0.0,0.0,4.0,0.0,4.0,0.0,0.0,0.0
33067,2023.0,8.0,18.0,15.0,20.604532,20.856422,20.142786,20.574852,20.777098,21.413261,20.950571,21.60423,19.801771,19.797363,20.316814,20.70683,20.669724,20.65104,20.48172,20.461971,19.63845,19.636871,4.0,4.0,4.0,0.0,4.0,0.0,0.0,0.0
33068,2023.0,8.0,18.0,15.0,20.541548,20.789078,19.983175,20.267405,20.376373,20.527071,20.998093,21.645882,19.80001,19.794785,20.08756,20.223413,20.658669,20.639574,20.45182,20.432129,19.641449,19.639105,0.0,0.0,4.0,0.0,0.0,0.0,0.0,0.0
33069,2023.0,8.0,18.0,15.0,21.090305,21.85905,19.86682,20.048836,20.192057,20.321314,20.508724,20.692324,19.796684,19.791126,19.985886,20.073801,20.645628,20.626554,20.42088,20.401659,19.643688,19.640997,0.0,0.0,0.0,0.0,0.0,0.0,0.0,0.0
33070,2023.0,8.0,18.0,15.0,21.24364,22.03202,19.810474,19.972168,20.162043,20.28625,20.319178,20.434855,19.79274,19.786789,19.885023,19.877144,20.633379,20.613647,20.395441,20.375242,19.644497,19.64179,0.0,0.0,0.0,0.0,0.0,0.0,0.0,0.0
33071,2023.0,8.0,18.0,15.0,20.735235,21.021746,19.716621,19.80857,20.083996,20.1503,20.871964,21.530731,20.484774,21.095482,19.865976,19.859251,20.623243,20.604172,20.374392,20.355717,19.644575,19.641554,0.0,0.0,4.0,4.0,0.0,0.0,0.0,0.0
33072,2023.0,8.0,18.0,16.0,21.175627,21.93231,19.661152,19.73526,20.68427,21.305202,20.463633,20.660069,20.16091,20.333529,19.85491,19.846664,20.614065,20.594696,21.327093,22.174732,19.644888,19.641193,0.0,4.0,0.0,0.0,0.0,0.0,4.0,0.0
33073,2023.0,8.0,18.0,16.0,20.757027,21.053555,20.056,20.499277,20.352934,20.550917,20.88827,21.542007,20.014093,20.084435,19.851427,19.845024,20.609125,20.591703,20.777088,20.93024,19.649143,19.64721,4.0,0.0,4.0,0.0,0.0,0.0,0.0,0.0
33074,2023.0,8.0,18.0,16.0,20.59774,20.841146,20.188454,20.658596,20.818193,21.484554,21.005781,21.65633,19.997076,20.06529,19.852839,19.848825,20.607353,20.592312,20.569902,20.608738,19.655706,19.655699,4.0,4.0,4.0,0.0,0.0,0.0,0.0,0.0
33075,2023.0,8.0,18.0,16.0,20.551126,20.79843,19.990498,20.298325,20.434805,20.647509,21.048231,21.69653,19.93427,19.942411,19.857761,19.856127,20.607304,20.594212,20.531086,20.569006,20.522951,21.288622,0.0,0.0,4.0,0.0,0.0,0.0,0.0,4.0
33076,2023.0,8.0,18.0,16.0,21.084215,21.82766,19.875456,20.077332,20.225624,20.378109,20.586355,20.795307,19.90323,19.903337,19.864702,19.865229,20.607744,20.596672,21.49539,22.406734,20.197035,20.388372,0.0,0.0,0.0,0.0,0.0,0.0,4.0,0.0
33077,2023.0,8.0,18.0,16.0,20.723755,21.042297,19.832577,20.022495,20.79238,21.46395,20.406765,20.55407,19.898745,19.899717,19.872171,19.87541,20.608767,20.599993,20.909666,21.09415,20.022078,20.106447,0.0,4.0,0.0,0.0,0.0,0.0,0.0,0.0
33078,2023.0,8.0,18.0,17.0,20.581322,20.843452,20.12432,20.569382,20.41611,20.625175,20.3502,20.502853,19.898588,19.902273,19.879469,19.886274,20.609673,20.603714,20.674503,20.729412,19.989826,20.07226,4.0,0.0,0.0,0.0,0.0,0.0,0.0,0.0
33079,2023.0,8.0,18.0,17.0,20.537615,20.794376,19.978815,20.275663,20.275171,20.425995,20.301971,20.4499,19.89516,19.898226,19.880938,19.887234,20.606327,20.59963,20.619024,20.664715,19.890226,19.888924,0.0,0.0,0.0,0.0,0.0,0.0,0.0,0.0
33080,2023.0,8.0,18.0,17.0,20.453999,20.660997,20.176815,20.624838,20.840668,21.522322,20.78954,21.39062,19.889841,19.892643,19.879457,19.88496,20.600834,20.593763,20.530748,20.524652,19.853058,19.855516,4.0,4.0,4.0,0.0,0.0,0.0,0.0,0.0
33081,2023.0,8.0,18.0,17.0,20.41149,20.610802,20.312521,20.829767,20.973572,21.638027,20.44685,20.652962,19.88406,19.886671,19.876463,19.88144,20.59433,20.587011,20.488314,20.476248,20.687765,21.44747,4.0,4.0,0.0,0.0,0.0,0.0,0.0,4.0
33082,2023.0,8.0,18.0,17.0,20.382425,20.579159,19.998821,20.265083,21.027405,21.678995,20.900837,21.570665,19.877256,19.87989,19.872522,19.87749,21.370363,22.065458,20.460093,20.448486,20.238264,20.419094,0.0,4.0,4.0,0.0,0.0,4.0,0.0,0.0
33083,2023.0,8.0,18.0,17.0,20.994095,21.748596,19.888891,20.067802,21.085154,21.72944,21.06688,21.714485,19.868887,19.871925,19.866894,19.872335,20.994957,21.13692,20.433558,20.423065,19.987951,20.069218,0.0,4.0,4.0,0.0,0.0,0.0,0.0,0.0
33084,2023.0,8.0,18.0,18.0,21.183058,21.96667,19.849987,20.017342,20.608885,20.801382,20.583344,20.775537,19.86059,19.864302,19.860138,19.866356,21.564768,22.268293,21.381483,22.235714,19.950748,20.019457,0.0,0.0,0.0,0.0,0.0,4.0,4.0,0.0
33085,2023.0,8.0,18.0,18.0,21.264626,22.04372,19.75519,19.846186,21.072899,21.704033,21.076595,21.735025,19.850525,19.853514,19.849995,19.85528,20.99007,21.186514,20.944035,21.318508,19.92979,19.992205,0.0,0.0,0.0,0.0,0.0,0.0,0.0,0.0
33086,2023.0,8.0,18.0,18.0,20.979383,21.505163,19.691715,19.76538,21.144691,21.76218,21.123316,21.743,19.83902,19.84123,19.837166,19.841734,21.559544,22.266281,21.018597,21.425335,20.718916,21.4938,0.0,4.0,4.0,0.0,0.0,4.0,0.0,4.0
33087,2023.0,8.0,18.0,18.0,21.015814,21.563026,19.657436,19.72446,20.998344,21.488579,21.15554,21.765486,19.826754,19.82831,19.822847,19.826439,21.08054,21.184856,21.009577,21.380692,21.045517,21.845705,0.0,0.0,4.0,0.0,0.0,0.0,0.0,4.0
33088,2023.0,8.0,18.0,18.0,21.27975,22.022535,19.631672,19.69468,21.156292,21.752611,20.998848,21.488258,19.814415,19.815594,19.807636,19.810171,21.01356,21.196615,21.01098,21.365145,20.384651,20.50249,0.0,4.0,0.0,0.0,0.0,0.0,0.0,0.0
33089,2023.0,8.0,18.0,18.0,20.968794,21.413712,20.051336,20.498718,20.992651,21.437164,21.142338,21.730814,19.801754,19.802034,19.791813,19.79348,21.006052,21.191647,21.010654,21.351675,20.092571,20.127445,4.0,0.0,4.0,0.0,0.0,0.0,0.0,0.0
33090,2023.0,8.0,18.0,19.0,21.018152,21.512207,19.978792,20.271301,21.17992,21.76852,21.195179,21.778732,19.788551,19.787941,19.77526,19.775333,21.007181,21.201105,21.010523,21.342257,20.01513,20.041399,0.0,4.0,4.0,0.0,0.0,0.0,0.0,0.0
33091,2023.0,8.0,18.0,19.0,21.293879,22.00417,20.159864,20.581352,20.99116,21.405901,21.209263,21.78163,19.7757,19.774729,19.759525,19.759169,21.006845,21.2062,21.65536,22.536175,19.970207,19.99281,4.0,0.0,4.0,0.0,0.0,0.0,4.0,0.0
33092,2023.0,8.0,18.0,19.0,20.97205,21.380638,20.257364,20.690983,21.168411,21.721693,21.217875,21.77962,19.762001,19.759848,19.743069,19.741682,21.007055,21.21186,20.96271,21.164946,19.910156,19.90783,4.0,4.0,4.0,0.0,0.0,0.0,0.0,0.0
33093,2023.0,8.0,18.0,19.0,21.287292,21.975323,20.29178,20.714968,21.234562,21.785027,20.991293,21.39448,20.447481,21.0667,20.088428,20.405994,21.00758,21.216375,21.02292,21.309002,19.86573,19.85889,4.0,4.0,0.0,4.0,4.0,0.0,0.0,0.0
33094,2023.0,8.0,18.0,19.0,20.968,21.350554,20.313206,20.724167,21.249104,21.788881,21.019394,21.456583,20.746923,21.394981,19.985868,20.142414,21.007605,21.219244,21.623478,22.429792,19.832994,19.82535,4.0,4.0,0.0,4.0,0.0,0.0,4.0,0.0
33095,2023.0,8.0,18.0,19.0,21.01755,21.457594,20.328709,20.727398,20.98588,21.336397,21.015593,21.44757,20.189184,20.253479,19.8474,19.875338,21.52583,22.192917,20.951736,21.113974,19.804867,19.796894,4.0,0.0,0.0,0.0,0.0,4.0,0.0,0.0
33096,2023.0,8.0,18.0,20.0,21.29798,21.96611,20.339643,20.72622,21.019056,21.41012,21.14353,21.659958,20.606846,21.192062,19.761003,19.759611,20.972357,21.094831,21.02239,21.28419,19.780134,19.772501,4.0,0.0,4.0,4.0,0.0,0.0,0.0,0.0
33097,2023.0,8.0,18.0,20.0,21.401197,22.064568,19.987669,20.11906,21.014767,21.40168,21.188105,21.701235,20.806526,21.38354,19.72366,19.716722,21.515553,22.149958,21.01096,21.273857,19.758165,19.750547,0.0,0.0,4.0,4.0,0.0,4.0,0.0,0.0
33098,2023.0,8.0,18.0,20.0,20.9649,21.291872,20.235058,20.60757,21.015135,21.399565,21.197302,21.702532,20.248796,20.277878,20.057,20.364683,20.9724,21.078047,21.01243,21.282911,19.738398,19.730566,4.0,0.0,4.0,0.0,4.0,0.0,0.0,0.0
33099,2023.0,8.0,18.0,20.0,21.018984,21.417322,19.983274,20.121437,21.012743,21.395922,20.99467,21.362854,19.990234,19.953838,19.987411,20.157532,21.01596,21.189722,21.679043,22.533289,19.719778,19.710825,0.0,0.0,0.0,0.0,0.0,0.0,4.0,0.0
33100,2023.0,8.0,18.0,20.0,21.011034,21.408691,19.823545,19.838795,21.012972,21.395596,21.019857,21.41977,19.912575,19.871876,19.821531,19.831656,21.464573,22.034801,21.812239,22.552938,19.702858,19.693428,0.0,0.0,0.0,0.0,0.0,4.0,4.0,0.0
33101,2023.0,8.0,18.0,20.0,21.012438,21.41324,19.75024,19.76191,21.012949,21.39353,21.135683,21.612059,19.8619,19.817722,20.083239,20.382378,21.600576,22.161247,20.968191,21.07307,19.687597,19.677877,0.0,0.0,4.0,0.0,4.0,4.0,0.0,0.0
33102,2023.0,8.0,18.0,21.0,21.009392,21.412598,20.1331,20.508911,21.232916,21.784609,21.000252,21.368034,20.558674,21.173437,20.183,20.45771,20.98971,21.065895,21.669638,22.45274,20.581928,21.385021,4.0,4.0,0.0,4.0,4.0,0.0,4.0,4.0
33103,2023.0,8.0,18.0,21.0,21.009758,21.41544,20.304945,20.708406,20.978075,21.296726,21.019047,21.407648,20.766438,21.308784,20.200829,20.467302,21.015587,21.151718,20.966133,21.072878,19.985846,20.103235,4.0,0.0,0.0,4.0,4.0,0.0,0.0,0.0
33104,2023.0,8.0,18.0,21.0,21.00965,21.415691,19.98033,20.123247,21.020899,21.38387,21.016336,21.400213,20.1854,20.175148,19.982885,20.079247,21.009218,21.155981,21.024284,21.229696,19.791426,19.757263,0.0,0.0,0.0,0.0,0.0,0.0,0.0,0.0
33105,2023.0,8.0,18.0,21.0,21.393044,22.126238,20.178917,20.500006,21.014631,21.369534,21.235144,21.796114,19.943712,19.886868,20.156553,20.406544,21.010365,21.168547,21.010525,21.221182,19.723,19.682537,4.0,0.0,4.0,0.0,4.0,0.0,0.0,0.0
33106,2023.0,8.0,18.0,21.0,20.972431,21.298569,19.988577,20.129953,21.012362,21.368425,20.985023,21.315765,19.8781,19.818775,19.990011,20.081854,21.535429,22.164413,21.012537,21.235483,20.642076,21.455915,0.0,0.0,0.0,0.0,0.0,4.0,0.0,4.0
33107,2023.0,8.0,18.0,21.0,21.020296,21.405123,19.811474,19.805456,21.012611,21.36987,21.021027,21.392843,20.525225,21.0794,20.156727,20.39536,20.970423,21.045237,21.707403,22.544586,20.875507,21.551928,0.0,0.0,0.0,4.0,4.0,0.0,4.0,4.0
33108,2023.0,8.0,18.0,22.0,21.28938,21.89345,19.74116,19.740688,21.251362,21.799442,21.015867,21.382141,20.752064,21.278727,19.987644,20.06689,21.01789,21.161575,20.962702,21.0734,20.166615,20.162823,0.0,4.0,0.0,4.0,0.0,0.0,0.0,0.0
33109,2023.0,8.0,18.0,22.0,20.972258,21.284721,19.714064,19.716118,20.977997,21.268898,21.012917,21.381666,20.772455,21.255018,19.834448,19.789146,21.009039,21.155548,21.682093,22.476498,19.890083,19.837254,0.0,0.0,0.0,4.0,0.0,0.0,4.0,0.0
33110,2023.0,8.0,18.0,22.0,21.017601,21.386805,20.11824,20.496355,21.170767,21.626493,21.01337,21.385574,20.24951,20.236742,20.106972,20.372267,21.007187,21.164474,20.966368,21.063858,20.631104,21.298962,4.0,4.0,0.0,0.0,4.0,0.0,0.0,4.0
33111,2023.0,8.0,18.0,22.0,21.010561,21.378204,19.98279,20.170158,20.989649,21.283772,21.013052,21.38626,20.649054,21.152859,19.987125,20.09016,21.55067,22.193438,21.025183,21.21369,20.153843,20.14582,0.0,0.0,0.0,4.0,0.0,4.0,0.0,0.0
33112,2023.0,8.0,18.0,22.0,21.008522,21.38182,19.822456,19.86268,21.018246,21.347801,21.012957,21.386654,20.249691,20.230474,20.184645,20.462599,21.640808,22.189795,21.009706,21.200533,19.902018,19.857586,0.0,0.0,0.0,0.0,4.0,4.0,0.0,0.0
33113,2023.0,8.0,18.0,22.0,21.008904,21.386662,20.16667,20.559906,21.014053,21.34086,21.012981,21.387035,20.65452,21.157202,19.988514,20.074621,20.982746,21.023563,21.011583,21.214424,19.844275,19.801132,4.0,0.0,0.0,4.0,0.0,0.0,0.0,0.0
33114,2023.0,8.0,18.0,23.0,21.405495,22.123549,19.970783,20.127207,21.01127,21.34131,21.013016,21.387276,20.258196,20.242022,19.87172,19.866114,21.017897,21.125437,21.008682,21.21989,19.837818,19.8242,0.0,0.0,0.0,0.0,0.0,0.0,0.0,0.0
33115,2023.0,8.0,18.0,23.0,20.900015,21.036573,19.805733,19.816587,20.709906,20.765192,20.67272,20.73263,20.042856,19.994366,19.809254,19.796202,20.80142,20.73144,21.7175,22.551792,19.822912,19.812124,0.0,0.0,0.0,0.0,0.0,0.0,4.0,0.0
33116,2023.0,8.0,18.0,23.0,20.703526,20.77588,19.724113,19.701958,20.570728,20.572712,20.523071,20.530766,19.987238,19.935406,19.78307,19.769264,20.716366,20.629648,20.978678,20.992832,19.806189,19.79632,0.0,0.0,0.0,0.0,0.0,0.0,0.0,0.0
33117,2023.0,8.0,18.0,23.0,20.626484,20.696224,19.715542,19.718153,21.15081,21.717499,20.450665,20.453062,19.980803,19.960007,20.087091,20.359728,20.72027,20.684933,20.725246,20.645212,19.789112,19.77827,0.0,4.0,0.0,0.0,4.0,0.0,0.0,0.0
33118,2023.0,8.0,18.0,23.0,20.63011,20.7592,19.702087,19.71073,20.741127,20.835392,21.04843,21.625242,19.963081,19.947428,19.888256,19.916979,20.701797,20.674818,20.644356,20.564259,19.77416,19.763062,0.0,0.0,4.0,0.0,0.0,0.0,0.0,0.0
33119,2023.0,8.0,18.0,23.0,20.613281,20.756357,19.684507,19.693676,20.486622,20.43531,20.642284,20.743921,19.94109,19.92661,19.793325,19.780798,20.675764,20.650517,20.585712,20.508419,20.491446,21.125448,0.0,0.0,0.0,0.0,0.0,0.0,0.0,4.0
33120,2023.0,8.0,19.0,0.0,20.595608,20.748228,19.668343,19.677557,21.014936,21.488722,20.38723,20.343145,20.5523,21.09939,19.766376,19.752216,20.650349,20.624447,20.582201,20.550552,20.022148,20.0696,0.0,4.0,0.0,4.0,0.0,0.0,0.0,0.0
33121,2023.0,8.0,19.0,0.0,20.570942,20.723635,19.654135,19.663872,20.607807,20.63068,20.306791,20.253355,20.153086,20.202232,19.746178,19.732653,20.627731,20.6019,20.558931,20.533796,19.848827,19.813005,0.0,0.0,0.0,0.0,0.0,0.0,0.0,0.0
33122,2023.0,8.0,19.0,0.0,20.548273,20.700768,19.641394,19.651731,21.033354,21.511812,20.301802,20.296127,20.570343,21.052076,19.729713,19.716932,21.30501,21.902195,20.53065,20.507341,19.805023,19.766768,0.0,4.0,0.0,4.0,0.0,4.0,0.0,0.0
33123,2023.0,8.0,19.0,0.0,20.52779,20.68004,19.629843,19.640776,20.615412,20.639286,20.278467,20.281628,20.1513,20.152567,20.011698,20.256905,20.777475,20.762468,20.50462,20.48265,19.800495,19.78647,0.0,0.0,0.0,0.0,4.0,0.0,0.0,0.0
33124,2023.0,8.0,19.0,0.0,20.508259,20.659138,19.618942,19.629951,20.418793,20.356045,20.247356,20.250616,19.997734,19.943108,19.806532,19.80636,20.619158,20.537374,20.479603,20.456766,19.788254,19.777227,0.0,0.0,0.0,0.0,0.0,0.0,0.0,0.0
33125,2023.0,8.0,19.0,0.0,20.491009,20.641518,19.609138,19.620344,20.356506,20.293814,20.219421,20.222902,19.953825,19.90056,19.74827,19.734064,20.57986,20.499477,20.457243,20.43437,19.773012,19.761375,0.0,0.0,0.0,0.0,0.0,0.0,0.0,0.0
33126,2023.0,8.0,19.0,1.0,20.474936,20.625156,19.600409,19.612219,20.365114,20.359104,20.194708,20.199268,19.953382,19.934465,19.728537,19.714882,20.60088,20.574213,20.436804,20.414183,19.759947,19.74843,0.0,0.0,0.0,0.0,0.0,0.0,0.0,0.0
33127,2023.0,8.0,19.0,1.0,20.461224,20.612541,19.59394,19.608082,20.341892,20.340988,20.174797,20.183128,20.56136,21.098972,19.71431,19.702572,20.588692,20.564516,20.41954,20.398834,20.480278,21.115587,0.0,0.0,0.0,4.0,0.0,0.0,0.0,4.0
33128,2023.0,8.0,19.0,1.0,20.447996,20.599682,19.587683,19.603582,20.31661,20.318172,20.155153,20.16528,20.173632,20.227345,19.702215,19.691425,20.572943,20.550049,20.402943,20.383154,19.985119,20.0093,0.0,0.0,0.0,0.0,0.0,0.0,0.0,0.0
33129,2023.0,8.0,19.0,1.0,20.43586,20.587702,19.581778,19.599136,20.29224,20.29444,20.136316,20.147072,19.994408,19.951666,19.691698,19.681528,20.557808,20.535301,20.387291,20.367908,19.837978,19.807627,0.0,0.0,0.0,0.0,0.0,0.0,0.0,0.0
33130,2023.0,8.0,19.0,1.0,20.425303,20.577927,19.576761,19.595942,20.271652,20.27612,20.12021,20.132887,19.956436,19.918793,19.683434,19.674555,20.544806,20.523457,20.37361,20.355305,19.824024,19.814547,0.0,0.0,0.0,0.0,0.0,0.0,0.0,0.0
33131,2023.0,8.0,19.0,1.0,20.415216,20.568403,19.572208,19.593191,20.253017,20.259666,20.105343,20.119925,19.951828,19.93936,19.676481,19.668894,20.53317,20.51299,20.361153,20.343924,19.805574,19.798174,0.0,0.0,0.0,0.0,0.0,0.0,0.0,0.0
33132,2023.0,8.0,19.0,2.0,20.405632,20.559374,19.568022,19.590794,20.235907,20.24468,20.091473,20.107943,19.937038,19.927374,19.670618,19.664322,20.522675,20.503668,20.349724,20.333567,19.790829,19.785175,0.0,0.0,0.0,0.0,0.0,0.0,0.0,0.0
33133,2023.0,8.0,19.0,2.0,20.39657,20.550858,19.564182,19.588718,20.220165,20.230993,20.078526,20.096848,19.92252,19.914982,19.665695,19.660686,20.513174,20.49534,20.339214,20.324125,19.777943,19.772812,0.0,0.0,0.0,0.0,0.0,0.0,0.0,0.0
33134,2023.0,8.0,19.0,2.0,20.388012,20.542841,19.560658,19.586937,20.205624,20.218447,20.066418,20.086552,19.90995,19.904366,19.661549,19.657824,20.504513,20.487852,20.329494,20.315468,19.767365,19.763203,0.0,0.0,0.0,0.0,0.0,0.0,0.0,0.0
33135,2023.0,8.0,19.0,2.0,20.379938,20.535345,19.557545,19.585686,20.192959,20.20861,20.055737,20.078382,20.49322,21.011002,19.658173,19.655865,20.49688,20.481733,20.320768,20.308146,19.75868,19.755865,0.0,0.0,0.0,4.0,0.0,0.0,0.0,0.0
33136,2023.0,8.0,19.0,2.0,20.372211,20.528025,19.5546,19.584402,20.180227,20.1976,20.044909,20.069157,20.114243,20.163645,19.655167,19.65408,20.489433,20.475372,20.312227,20.300575,19.75076,19.748816,0.0,0.0,0.0,0.0,0.0,0.0,0.0,0.0
33137,2023.0,8.0,19.0,2.0,20.36529,20.52162,19.5519,19.583296,20.167799,20.186289,20.03401,20.05899,19.982,19.969727,19.652605,19.6527,20.482323,20.469152,20.30403,20.293154,19.74368,19.742453,0.0,0.0,0.0,0.0,0.0,0.0,0.0,0.0
33138,2023.0,8.0,19.0,3.0,20.358982,20.516012,19.549606,19.58275,20.157574,20.178566,20.025007,20.052046,19.960773,19.957888,19.650656,19.652285,20.47623,20.46451,20.296886,20.287363,20.46936,21.115482,0.0,0.0,0.0,0.0,0.0,0.0,0.0,4.0
33139,2023.0,8.0,19.0,3.0,20.35227,20.509502,19.547123,19.581627,20.1469,20.169203,20.015585,20.043383,19.94217,19.941708,19.648792,19.651562,20.469948,20.459063,20.289585,20.28081,20.007711,20.074518,0.0,0.0,0.0,0.0,0.0,0.0,0.0,0.0
33140,2023.0,8.0,19.0,3.0,20.34566,20.50302,19.54469,19.580463,20.136608,20.159985,20.006716,20.035206,19.92726,19.927929,19.981083,20.275955,20.463907,20.45377,20.282558,20.27444,19.86536,19.869627,0.0,0.0,0.0,0.0,4.0,0.0,0.0,0.0
33141,2023.0,8.0,19.0,3.0,20.339514,20.497246,19.542393,19.579134,20.12724,20.15206,19.998652,20.028177,20.50899,21.032282,19.78838,19.839382,20.45841,20.449215,20.27613,20.268885,19.838354,19.845135,0.0,0.0,0.0,4.0,0.0,0.0,0.0,0.0
33142,2023.0,8.0,19.0,3.0,20.333578,20.49151,19.540411,19.578129,20.117563,20.14303,19.99033,20.020288,20.753218,21.356995,19.70985,19.714964,20.452942,20.444374,20.269737,20.263033,19.813404,19.815472,0.0,0.0,0.0,4.0,0.0,0.0,0.0,0.0
33143,2023.0,8.0,19.0,3.0,20.328598,20.486923,19.538801,19.577633,20.10956,20.136854,19.98322,20.014555,20.246023,20.314753,19.699396,19.707336,21.173159,21.810417,20.264202,20.25853,19.799555,19.803738,0.0,0.0,0.0,0.0,0.0,4.0,0.0,0.0
33144,2023.0,8.0,19.0,4.0,20.323801,20.482372,19.537214,19.577084,20.101402,20.129772,19.97579,20.007978,20.093325,20.09645,19.69191,19.700703,20.685455,20.736742,20.258718,20.253803,19.787563,19.792023,0.0,0.0,0.0,0.0,0.0,0.0,0.0,0.0
33145,2023.0,8.0,19.0,4.0,20.31598,20.471624,19.53183,19.568886,20.089994,20.115667,19.965193,19.994837,20.043522,20.038393,20.016176,20.312414,20.538252,20.51205,20.250584,20.243544,19.774822,19.776846,0.0,0.0,0.0,0.0,4.0,0.0,0.0,0.0
33146,2023.0,8.0,19.0,4.0,20.30716,20.45971,19.525263,19.559101,20.07777,20.10044,19.953896,19.980833,20.011587,20.00585,19.80198,19.83734,20.500555,20.466652,20.241423,20.23214,19.76243,19.762083,0.0,0.0,0.0,0.0,0.0,0.0,0.0,0.0
33147,2023.0,8.0,19.0,4.0,20.297485,20.44663,19.517015,19.546314,20.064419,20.08321,19.941732,19.965284,19.983906,19.975117,19.727339,19.725065,20.49551,20.480936,20.231108,20.219193,19.749752,19.746601,0.0,0.0,0.0,0.0,0.0,0.0,0.0,0.0
33148,2023.0,8.0,19.0,4.0,20.296062,20.450365,19.50912,19.534712,20.051702,20.067377,19.929983,19.950718,19.960207,19.949724,19.70468,19.69933,20.477491,20.459759,20.220272,20.205952,19.737371,19.731768,0.0,0.0,0.0,0.0,0.0,0.0,0.0,0.0
33149,2023.0,8.0,19.0,4.0,20.296265,20.455803,19.50082,19.522713,20.038805,20.051323,19.917778,19.935549,19.938145,19.92598,19.68593,19.67779,20.459185,20.43874,20.208591,20.191803,19.724682,19.716566,0.0,0.0,0.0,0.0,0.0,0.0,0.0,0.0
33150,2023.0,8.0,19.0,5.0,20.288921,20.445278,19.492123,19.51029,20.02575,20.035053,19.905354,19.920078,19.917065,19.903223,19.667824,19.655495,20.440956,20.417433,20.196112,20.176794,19.71162,19.700932,0.0,0.0,0.0,0.0,0.0,0.0,0.0,0.0
33151,2023.0,8.0,19.0,5.0,20.280653,20.43411,19.484531,19.50042,20.014126,20.02176,19.894056,19.907106,20.490921,20.996777,19.65249,19.638775,21.126865,21.728907,20.183832,20.162909,19.699144,19.68684,0.0,0.0,0.0,4.0,0.0,4.0,0.0,0.0
33152,2023.0,8.0,19.0,5.0,20.271767,20.422094,19.475779,19.48831,20.001432,20.006145,19.88158,19.891764,20.110777,20.154211,19.932875,20.174871,20.598782,20.586985,20.170412,20.147219,19.685745,19.671099,0.0,0.0,0.0,0.0,4.0,0.0,0.0,0.0
33153,2023.0,8.0,19.0,5.0,20.262447,20.40923,19.466364,19.474873,19.988102,19.989136,19.868397,19.874985,19.926565,19.864033,19.723713,19.719753,20.435,20.346561,20.15601,20.130024,19.6716,19.654078,0.0,0.0,0.0,0.0,0.0,0.0,0.0,0.0
33154,2023.0,8.0,19.0,5.0,20.253809,20.398046,19.886703,20.266565,19.976149,19.974976,19.856647,19.861034,19.87346,19.806,19.66302,19.642286,20.389874,20.298145,20.142338,20.11463,20.389889,21.016525,4.0,0.0,0.0,0.0,0.0,0.0,0.0,4.0
33155,2023.0,8.0,19.0,5.0,20.24395,20.384975,20.03127,20.431953,19.963156,19.95889,19.844063,19.845282,19.875303,19.846254,19.932142,20.165077,20.40771,20.36884,20.1279,20.097782,19.918537,19.961187,4.0,0.0,0.0,0.0,4.0,0.0,0.0,0.0
33156,2023.0,8.0,19.0,6.0,20.233747,20.37163,19.649393,19.6603,19.950104,19.942839,19.831646,19.8297,20.453259,20.945837,19.741983,19.752413,20.39437,20.355442,20.113728,20.081295,19.729406,19.668053,0.0,0.0,0.0,4.0,0.0,0.0,0.0,0.0
33157,2023.0,8.0,19.0,6.0,21.112192,21.918226,19.505028,19.444702,21.134867,22.059872,21.14987,22.183764,20.087791,20.133415,19.656569,19.62842,21.201494,21.870409,21.153059,21.877743,19.67398,19.604364,0.0,0.0,0.0,0.0,0.0,4.0,0.0,0.0
33158,2023.0,8.0,19.0,6.0,20.999704,21.611847,19.449635,19.379972,21.001162,21.664642,21.001366,21.742716,20.410149,20.841242,19.625765,19.594736,20.981771,21.29959,20.999863,21.518757,20.52309,21.252588,0.0,0.0,0.0,4.0,0.0,0.0,0.0,4.0
33159,2023.0,8.0,19.0,6.0,21.197123,21.907618,19.468176,19.447308,21.012133,21.574621,21.0212,21.693153,19.996452,20.007137,19.60384,19.571188,21.018372,21.338245,21.016336,21.489689,19.971985,20.060343,0.0,4.0,0.0,0.0,0.0,0.0,0.0,0.0
33160,2023.0,8.0,19.0,6.0,21.30202,22.012878,19.471964,19.460508,21.021524,21.579523,21.017416,21.62666,19.856005,19.766253,19.901337,20.142988,21.013247,21.299973,21.013002,21.43905,19.761196,19.675732,0.0,0.0,0.0,0.0,4.0,0.0,0.0,0.0
33161,2023.0,8.0,19.0,6.0,21.23396,21.816109,19.896545,20.26705,20.994543,21.459875,21.018246,21.586548,20.40585,20.844038,20.013483,20.256285,21.009972,21.27868,21.013361,21.406765,19.6901,19.60622,4.0,4.0,0.0,4.0,0.0,0.0,0.0,0.0
33162,2023.0,8.0,19.0,7.0,20.991936,21.411133,20.007921,20.360292,21.026217,21.515747,21.01771,21.55576,19.976515,19.958809,19.780472,19.771196,21.010155,21.266464,21.567911,22.407448,19.710897,19.680357,0.0,0.0,0.0,0.0,0.0,0.0,4.0,0.0
33163,2023.0,8.0,19.0,7.0,21.018755,21.462242,19.724638,19.774225,21.023527,21.451841,21.01746,21.533443,19.857515,19.760698,19.677124,19.644352,21.453596,22.082151,20.936804,21.145376,19.7112,19.681799,0.0,4.0,0.0,0.0,0.0,4.0,0.0,0.0
33164,2023.0,8.0,19.0,7.0,21.205982,21.784752,19.572775,19.571594,21.036144,21.466019,21.104513,21.654072,19.868303,19.828583,19.985586,20.241816,21.500113,22.013847,21.502234,22.217403,19.702515,19.674984,0.0,4.0,4.0,0.0,4.0,4.0,4.0,0.0
33165,2023.0,8.0,19.0,7.0,21.266266,21.848923,19.538656,19.531673,21.018715,21.446053,21.005903,21.47737,20.573679,21.162807,20.003744,20.220745,21.539951,22.05206,21.63266,22.334204,19.698206,19.672184,0.0,0.0,0.0,4.0,0.0,4.0,4.0,0.0
33166,2023.0,8.0,19.0,7.0,21.303928,21.887648,19.951105,20.32572,21.018595,21.433743,21.022554,21.495632,20.152004,20.11948,19.808023,19.807518,20.971222,21.02921,20.946796,21.094534,19.695148,19.670887,4.0,0.0,0.0,0.0,0.0,0.0,0.0,0.0
33167,2023.0,8.0,19.0,7.0,21.344965,21.939877,20.000875,20.318249,21.01809,21.421652,21.037384,21.48093,19.916851,19.834902,19.713474,19.683105,21.015644,21.145151,21.02359,21.265556,20.50259,21.194427,0.0,0.0,4.0,0.0,0.0,0.0,0.0,4.0
33168,2023.0,8.0,19.0,8.0,21.379782,21.979542,20.053135,20.362751,21.013773,21.412193,21.048239,21.49505,20.533527,21.03134,20.05245,20.333784,21.009455,21.143665,21.011862,21.24788,19.971273,20.035229,4.0,0.0,4.0,4.0,4.0,0.0,0.0,0.0
33169,2023.0,8.0,19.0,8.0,21.406353,22.008564,20.006107,20.269434,20.646345,20.704159,20.535692,20.532812,20.795551,21.301737,20.237791,20.553122,20.765163,20.679134,21.575096,22.289248,20.635145,21.298388,0.0,0.0,0.0,4.0,4.0,0.0,4.0,4.0
33170,2023.0,8.0,19.0,8.0,21.432854,22.03871,20.102705,20.418844,21.074364,21.639847,20.2686,20.204544,20.28234,20.256744,19.982126,20.061758,20.703829,20.651081,21.787779,22.500978,20.145876,20.136152,4.0,4.0,0.0,0.0,0.0,0.0,4.0,0.0
33171,2023.0,8.0,19.0,8.0,21.458157,22.068048,19.996437,20.217056,20.634386,20.659193,20.17863,20.116415,20.7222,21.223621,19.836779,19.777369,20.686499,20.639011,21.872103,22.584574,20.716625,21.379477,0.0,0.0,0.0,4.0,0.0,0.0,4.0,4.0
33172,2023.0,8.0,19.0,8.0,20.929882,21.064161,20.129559,20.45093,20.343742,20.291185,20.165731,20.154297,20.357641,20.352533,19.772951,19.70109,20.665705,20.619406,21.115572,21.103132,20.247684,20.260641,4.0,0.0,0.0,0.0,0.0,0.0,0.0,0.0
33173,2023.0,8.0,19.0,8.0,21.372408,22.01093,19.991468,20.199879,20.88314,21.359173,20.14376,20.14327,20.188623,20.112055,19.794699,19.752687,20.652744,20.60684,20.85624,20.751925,20.865492,21.519978,0.0,4.0,0.0,0.0,0.0,0.0,0.0,4.0
33174,2023.0,8.0,19.0,9.0,21.507965,22.133904,20.146948,20.4795,21.07199,21.56064,20.109724,20.11313,20.138582,20.06535,19.807018,19.769108,21.384716,22.008484,20.747671,20.647053,21.140547,21.815735,4.0,4.0,0.0,0.0,0.0,4.0,0.0,4.0
33175,2023.0,8.0,19.0,9.0,21.529404,22.159147,20.21582,20.571785,21.113533,21.606894,20.083887,20.090242,20.143084,20.099613,19.8125,19.77588,20.871319,20.875683,20.691742,20.598106,20.473429,20.495243,4.0,4.0,0.0,0.0,0.0,0.0,0.0,0.0
33176,2023.0,8.0,19.0,9.0,20.998203,21.152134,19.98622,20.168493,21.14957,21.649275,20.060213,20.070475,20.139088,20.101189,19.819166,19.783894,20.707619,20.62569,20.65254,20.567858,21.061687,21.711916,0.0,4.0,0.0,0.0,0.0,0.0,0.0,4.0
33177,2023.0,8.0,19.0,9.0,20.74841,20.857933,20.18141,20.53646,20.657295,20.70626,20.036142,20.049995,20.130095,20.094233,19.82698,19.792799,21.381031,21.93702,20.644949,20.59509,20.5751,20.606688,4.0,0.0,0.0,0.0,0.0,4.0,0.0,0.0
33178,2023.0,8.0,19.0,9.0,21.32751,22.008131,19.986492,20.179876,20.46734,20.452925,20.017904,20.035063,20.124613,20.090172,19.836098,19.803226,21.58368,22.180994,20.62945,20.585567,21.158764,21.812218,0.0,0.0,0.0,0.0,0.0,4.0,0.0,4.0
33179,2023.0,8.0,19.0,9.0,21.49834,22.161839,20.1884,20.555305,20.38717,20.380112,19.999266,20.020098,20.119925,20.087162,19.845987,19.814138,21.685354,22.283222,21.565609,22.3787,20.68675,20.744717,4.0,0.0,0.0,0.0,0.0,4.0,4.0,0.0
33180,2023.0,8.0,19.0,10.0,20.980072,21.163527,19.986834,20.184795,20.34521,20.34777,19.98444,20.008366,20.1186,20.08732,19.856527,19.826405,21.12028,21.156029,20.956171,21.016363,20.455282,20.411823,0.0,0.0,0.0,0.0,0.0,0.0,0.0,0.0
33181,2023.0,8.0,19.0,10.0,21.344423,22.005169,20.201254,20.58371,20.312605,20.329378,20.61513,21.210619,20.787273,21.350441,20.213478,20.487532,20.879988,20.827713,21.627125,22.449547,20.36632,20.326187,4.0,0.0,4.0,4.0,4.0,0.0,4.0,0.0
33182,2023.0,8.0,19.0,10.0,21.476902,22.162752,20.297726,20.71383,20.284616,20.306086,20.250168,20.38016,21.059555,21.69854,20.412367,20.772635,20.837095,20.782726,20.995787,21.070726,21.126343,21.803371,4.0,0.0,0.0,4.0,4.0,0.0,0.0,4.0
33183,2023.0,8.0,19.0,10.0,21.528482,22.21701,19.992128,20.17449,20.25802,20.283264,20.701672,21.29255,21.137426,21.740578,20.171074,20.258545,21.526533,22.10817,21.685066,22.458143,20.6275,20.716389,0.0,0.0,4.0,4.0,0.0,4.0,4.0,0.0
33184,2023.0,8.0,19.0,10.0,21.021162,21.228834,19.876074,19.973717,20.232332,20.260857,20.36144,20.485752,20.630228,20.711796,20.042751,20.058662,21.15001,21.206966,21.989618,22.790363,20.355167,20.346136,0.0,0.0,0.0,0.0,0.0,0.0,4.0,0.0
33185,2023.0,8.0,19.0,10.0,20.852861,21.018126,19.799833,19.858337,20.21356,20.24508,20.202797,20.271719,20.456934,20.450378,20.00767,19.988834,21.682304,22.268314,21.259186,21.340778,20.312748,20.301228,0.0,0.0,0.0,0.0,0.0,4.0,0.0,0.0
33186,2023.0,8.0,19.0,11.0,20.79186,20.965008,20.18272,20.604357,20.19631,20.231234,20.77025,21.379414,20.416496,20.408785,20.35305,20.634697,21.233154,21.31562,21.911848,22.679483,20.277418,20.251677,4.0,0.0,4.0,0.0,4.0,0.0,4.0,0.0
33187,2023.0,8.0,19.0,11.0,21.396875,22.147432,19.98615,20.215212,20.18224,20.22181,20.91711,21.531727,20.405207,20.406366,20.181738,20.226805,21.060013,21.037725,21.303362,21.402214,20.257502,20.231825,0.0,0.0,4.0,0.0,0.0,0.0,0.0,0.0
33188,2023.0,8.0,19.0,11.0,21.579983,22.308867,19.839737,19.932602,20.82457,21.447954,20.983347,21.5998,20.372091,20.34986,20.075027,20.05989,21.017778,20.999332,20.986526,20.980434,20.245552,20.221989,0.0,4.0,4.0,0.0,0.0,0.0,0.0,0.0
33189,2023.0,8.0,19.0,11.0,21.628798,22.362133,19.78057,19.852852,20.443941,20.588085,20.513615,20.678883,21.054607,21.645575,20.080841,20.062366,20.989561,20.95856,20.931776,20.922882,20.242126,20.220566,0.0,0.0,0.0,4.0,0.0,0.0,0.0,0.0
33190,2023.0,8.0,19.0,11.0,21.675114,22.415586,19.75936,19.835312,20.327448,20.440311,20.971836,21.626282,20.715101,20.857193,20.09974,20.082794,20.977722,20.946882,20.912643,20.912954,20.24219,20.22291,0.0,0.0,4.0,0.0,0.0,0.0,0.0,0.0
33191,2023.0,8.0,19.0,11.0,21.17407,21.450163,19.746231,19.828295,20.928099,21.590876,20.56128,20.755795,20.572184,20.615694,20.496637,20.812054,20.97394,20.945679,20.866556,20.840786,20.244669,20.227852,0.0,4.0,0.0,0.0,4.0,0.0,0.0,0.0
33192,2023.0,8.0,19.0,12.0,21.619493,22.386415,19.737352,19.82576,21.079775,21.74007,21.013672,21.690636,20.55716,20.602425,20.316519,20.37715,20.973362,20.948238,20.843943,20.81764,20.248837,20.234827,0.0,4.0,4.0,0.0,0.0,0.0,0.0,0.0
33193,2023.0,8.0,19.0,12.0,21.172035,21.461306,19.729774,19.822975,21.006546,21.577177,21.126423,21.791145,20.499556,20.49103,20.2321,20.227907,21.003695,21.004072,21.023218,21.150295,20.25295,20.24089,0.0,0.0,4.0,0.0,0.0,0.0,0.0,0.0
33194,2023.0,8.0,19.0,12.0,21.002619,21.293322,19.72215,19.819826,21.028997,21.579407,21.029312,21.585932,20.47171,20.45793,20.234861,20.230099,21.001146,20.99733,21.00776,21.108557,20.257832,20.248133,0.0,0.0,0.0,0.0,0.0,0.0,0.0,0.0
33195,2023.0,8.0,19.0,12.0,21.513393,22.283905,20.099031,20.530634,21.214537,21.873217,21.17936,21.841032,20.466515,20.455597,20.246191,20.24288,21.000216,20.995403,21.91583,22.818098,20.26263,20.254824,4.0,4.0,4.0,0.0,0.0,0.0,4.0,0.0
33196,2023.0,8.0,19.0,12.0,21.1762,21.495087,19.988062,20.244387,20.980991,21.41835,21.269508,21.944382,20.46563,20.457457,20.26167,20.261477,21.000301,20.99476,21.414377,21.583094,20.268745,20.263609,0.0,0.0,4.0,0.0,0.0,0.0,0.0,0.0
33197,2023.0,8.0,19.0,12.0,21.551735,22.331028,20.232996,20.688446,21.014795,21.480635,21.320318,22.000593,20.46664,20.46175,20.645332,20.969904,21.763388,22.441988,21.105316,21.170856,20.275375,20.273201,4.0,0.0,4.0,0.0,4.0,4.0,0.0,0.0
33198,2023.0,8.0,19.0,13.0,21.751926,22.553997,20.456913,21.023712,21.282703,21.956917,21.365002,22.050806,21.156382,21.763845,20.502848,20.575771,21.441479,21.623339,21.049236,21.110695,20.282274,20.28339,4.0,4.0,4.0,4.0,0.0,0.0,0.0,0.0
33199,2023.0,8.0,19.0,13.0,21.248123,21.564966,20.538616,21.118265,20.968113,21.368553,20.96405,21.348303,20.857613,21.059547,20.41139,20.424248,21.277706,21.35039,21.033634,21.098099,20.287302,20.29054,4.0,0.0,0.0,0.0,0.0,0.0,0.0,0.0
33200,2023.0,8.0,19.0,13.0,21.040638,21.321756,20.602745,21.186846,21.019463,21.476057,21.020424,21.487913,20.671795,20.7749,20.399853,20.41036,21.239866,21.309061,21.00371,21.051018,20.291437,20.29665,4.0,0.0,0.0,0.0,0.0,0.0,0.0,0.0
33201,2023.0,8.0,19.0,13.0,20.998991,21.298456,20.651413,21.232676,21.00983,21.439735,21.295456,21.97745,20.570353,20.587212,20.76506,21.095764,21.943651,22.650415,21.002783,21.063158,20.294327,20.301147,4.0,0.0,4.0,0.0,4.0,4.0,0.0,0.0
33202,2023.0,8.0,19.0,13.0,21.003544,21.332472,20.700598,21.285007,21.011284,21.435669,21.41749,22.11655,20.528908,20.536879,20.594828,20.657652,22.210875,22.961761,21.00262,21.06977,20.29788,20.306837,4.0,0.0,4.0,0.0,0.0,4.0,0.0,0.0
33203,2023.0,8.0,19.0,13.0,21.004946,21.347439,20.743292,21.328701,21.010893,21.428774,20.97344,21.332596,20.521112,20.530222,20.487444,20.509352,21.660683,21.84944,21.002663,21.075087,20.30178,20.312803,4.0,0.0,0.0,0.0,0.0,0.0,0.0,0.0
33204,2023.0,8.0,19.0,14.0,21.004908,21.355463,20.426865,20.706753,21.010822,21.423574,21.017656,21.442144,20.517471,20.52839,20.864998,21.23057,21.418669,21.508228,21.003178,21.079826,20.305641,20.318773,0.0,0.0,0.0,0.0,4.0,0.0,0.0,0.0
33205,2023.0,8.0,19.0,14.0,21.483994,22.253193,20.643639,21.19786,20.73033,20.879711,20.800247,21.035019,20.514498,20.52628,20.78981,20.985126,22.092537,22.819881,21.941534,22.851526,20.307934,20.32165,4.0,0.0,0.0,0.0,0.0,4.0,4.0,0.0
33206,2023.0,8.0,19.0,14.0,21.684391,22.522446,20.418947,20.722395,20.60144,20.70042,21.186445,21.80126,20.512892,20.525345,20.733852,20.890165,21.653114,21.866278,21.390833,21.608189,20.309658,20.324064,0.0,0.0,4.0,0.0,0.0,0.0,0.0,0.0
33207,2023.0,8.0,19.0,14.0,21.763079,22.59886,20.317299,20.576437,21.18685,21.84623,20.855589,21.113176,20.512533,20.525791,20.620653,20.663738,22.193369,22.936087,21.174236,21.267374,20.311417,20.326502,0.0,4.0,0.0,0.0,0.0,4.0,0.0,0.0
33208,2023.0,8.0,19.0,14.0,21.277546,21.636488,20.550535,21.017874,20.78379,20.967422,20.721529,20.933882,20.51332,20.527506,20.574114,20.594736,21.71332,21.917559,21.12921,21.216766,20.313429,20.32921,4.0,0.0,0.0,0.0,0.0,0.0,0.0,0.0
33209,2023.0,8.0,19.0,14.0,21.12738,21.439611,20.640533,21.135975,20.702269,20.905943,21.223557,21.910166,21.19977,21.822165,20.562258,20.582308,21.523561,21.614534,21.106386,21.195572,20.31536,20.331882,4.0,0.0,4.0,4.0,0.0,0.0,0.0,0.0
33210,2023.0,8.0,19.0,15.0,21.077171,21.389269,20.76441,21.346556,20.685629,20.899221,21.371067,22.085512,21.455685,22.148386,20.555414,20.576323,22.203041,22.933144,21.013386,21.026411,20.317245,20.33454,4.0,0.0,4.0,4.0,0.0,4.0,0.0,0.0
33211,2023.0,8.0,19.0,15.0,21.633945,22.46127,20.480864,20.774311,20.564201,20.68103,21.429033,22.139479,21.014154,21.233257,20.550318,20.571163,22.36012,23.11017,20.971699,20.974405,20.318985,20.336405,0.0,0.0,4.0,0.0,0.0,4.0,0.0,0.0
33212,2023.0,8.0,19.0,15.0,21.22898,21.586548,20.382357,20.639494,20.50276,20.600183,21.474413,22.18066,21.541363,22.261345,20.546583,20.567493,22.421225,23.164082,20.950626,20.953804,20.321022,20.338533,0.0,0.0,4.0,4.0,0.0,4.0,0.0,0.0
33213,2023.0,8.0,19.0,15.0,21.0964,21.404634,20.703001,21.258785,20.469181,20.564167,21.512026,22.21485,21.126312,21.356453,20.543558,20.564709,21.8583,22.049978,20.933363,20.937267,20.32341,20.341091,4.0,0.0,4.0,0.0,0.0,0.0,0.0,0.0
33214,2023.0,8.0,19.0,15.0,21.638947,22.45065,20.816166,21.4018,21.087994,21.750319,21.544962,22.244541,20.947699,21.070932,20.541224,20.56268,21.657051,21.739717,20.918821,20.923523,20.326082,20.34395,4.0,4.0,4.0,0.0,0.0,0.0,0.0,0.0
33215,2023.0,8.0,19.0,15.0,21.2434,21.596865,20.521631,20.813957,20.69948,20.881618,21.06266,21.316412,20.906425,21.020569,20.540047,20.56157,21.59573,21.671011,20.906635,20.911964,20.329145,20.347134,0.0,0.0,0.0,0.0,0.0,0.0,0.0,0.0
33216,2023.0,8.0,19.0,16.0,21.107323,21.408571,20.784433,21.350685,20.63284,20.836718,20.889336,21.090277,20.789661,20.805687,20.539862,20.561277,21.55816,21.633492,20.896618,20.902063,20.332489,20.35056,4.0,0.0,0.0,0.0,0.0,0.0,0.0,0.0
33217,2023.0,8.0,19.0,16.0,21.069849,21.371275,20.542675,20.841736,20.622091,20.830254,20.826189,21.028078,20.74928,20.75978,20.54043,20.562016,21.46504,21.476309,21.902903,22.809145,20.33551,20.35362,0.0,0.0,0.0,0.0,0.0,0.0,4.0,0.0
33218,2023.0,8.0,19.0,16.0,20.971363,21.201866,20.430801,20.677992,20.514719,20.631027,21.31697,21.982452,20.72885,20.739307,20.54147,20.563265,21.41598,21.41553,21.370455,21.584728,20.338297,20.356535,0.0,0.0,4.0,0.0,0.0,0.0,0.0,0.0
33219,2023.0,8.0,19.0,16.0,21.55631,22.333431,20.66733,21.127611,21.102905,21.764494,21.468872,22.167753,20.71327,20.724194,20.542612,20.564764,21.388,21.388086,21.162985,21.257542,20.341032,20.359406,4.0,4.0,4.0,0.0,0.0,0.0,0.0,0.0
33220,2023.0,8.0,19.0,16.0,21.752077,22.57576,20.757383,21.245182,21.311512,22.021856,21.001604,21.242664,20.700954,20.71255,20.543936,20.56662,21.364573,21.365597,21.122875,21.210823,20.344252,20.362902,4.0,4.0,0.0,0.0,0.0,0.0,0.0,0.0
33221,2023.0,8.0,19.0,16.0,21.273335,21.607382,20.873493,21.440615,20.862286,21.109266,20.856363,21.054182,20.691362,20.703959,20.545336,20.56866,21.344952,21.347128,21.103079,21.191225,20.347528,20.366653,4.0,0.0,0.0,0.0,0.0,0.0,0.0,0.0
33222,2023.0,8.0,19.0,17.0,21.730114,22.535995,20.584402,20.859838,21.309723,22.011997,21.356815,22.03361,20.683506,20.697315,20.546381,20.570532,21.327707,21.331148,21.015713,21.029354,20.350044,20.369831,0.0,4.0,4.0,0.0,0.0,0.0,0.0,0.0
33223,2023.0,8.0,19.0,17.0,21.85192,22.661165,20.837635,21.379076,20.904604,21.14671,20.96235,21.19822,20.674492,20.687729,20.544445,20.567257,21.309969,21.31299,20.980047,20.985083,20.349987,20.368782,4.0,0.0,0.0,0.0,0.0,0.0,0.0,0.0
33224,2023.0,8.0,19.0,17.0,21.904387,22.70419,20.582293,20.844742,21.337372,22.026175,21.37478,22.040415,20.66551,20.67813,20.91639,21.267614,21.292868,21.295376,20.960308,20.96415,20.348936,20.36676,0.0,4.0,4.0,0.0,4.0,0.0,0.0,0.0
33225,2023.0,8.0,19.0,17.0,21.947416,22.738249,20.478891,20.70012,21.453733,22.137558,21.49607,22.174158,21.32948,21.936749,21.068338,21.474695,22.031929,22.711493,20.94385,20.947302,20.347193,20.364262,0.0,4.0,4.0,4.0,4.0,4.0,0.0,0.0
33226,2023.0,8.0,19.0,17.0,21.441442,21.752947,20.35071,20.473503,21.502275,22.175528,21.0276,21.252022,21.573446,22.243689,20.80002,20.92534,21.611303,21.779148,20.929152,20.93191,20.34513,20.36157,0.0,4.0,0.0,4.0,0.0,0.0,0.0,0.0
33227,2023.0,8.0,19.0,17.0,21.275112,21.535501,20.280184,20.37835,21.545921,22.211027,20.865576,21.03371,21.107195,21.287313,20.749079,20.86518,22.18086,22.902391,20.91655,20.919395,20.342672,20.358667,0.0,4.0,0.0,0.0,0.0,4.0,0.0,0.0
33228,2023.0,8.0,19.0,18.0,21.798506,22.56586,20.242838,20.335573,21.059362,21.263443,20.802486,20.96281,20.941225,21.028269,21.098793,21.527632,22.306015,23.012875,20.904644,20.907679,20.339106,20.354727,0.0,0.0,0.0,0.0,4.0,4.0,0.0,0.0
33229,2023.0,8.0,19.0,18.0,21.373585,21.66902,20.632004,21.0868,21.486933,22.154566,21.290874,21.906279,20.892372,20.968847,20.895224,21.079426,21.731318,21.869734,21.017101,21.113518,20.333765,20.348444,4.0,4.0,4.0,0.0,0.0,0.0,0.0,0.0
33230,2023.0,8.0,19.0,18.0,21.178686,21.433088,20.786425,21.25293,21.621939,22.264462,20.98274,21.26635,20.856592,20.928427,20.753323,20.869646,21.490261,21.54232,21.001368,21.08438,21.211605,22.017263,4.0,4.0,0.0,0.0,0.0,0.0,0.0,4.0
33231,2023.0,8.0,19.0,18.0,21.129667,21.379417,20.866419,21.371056,21.64292,22.274698,21.355467,21.975346,21.448208,22.060772,20.640669,20.670877,21.421267,21.458902,21.00285,21.087843,21.558617,22.364359,4.0,4.0,4.0,4.0,0.0,0.0,0.0,4.0
33232,2023.0,8.0,19.0,18.0,21.05973,21.269953,20.578552,20.790365,21.157312,21.337626,20.985767,21.245695,21.70257,22.351252,20.582838,20.596651,22.117086,22.806404,21.00284,21.089588,20.927937,21.080887,0.0,0.0,0.0,4.0,0.0,4.0,0.0,0.0
33233,2023.0,8.0,19.0,18.0,21.624886,22.361109,20.772362,21.234873,21.50021,22.1312,21.014954,21.318739,21.204279,21.345694,20.554045,20.56524,21.688137,21.809374,21.00301,21.09313,21.507292,22.333748,4.0,4.0,0.0,0.0,0.0,0.0,0.0,4.0
33234,2023.0,8.0,19.0,19.0,21.859346,22.611528,20.563711,20.75764,21.13191,21.302929,21.362446,21.960468,20.951757,21.008759,20.530313,20.540886,21.432604,21.465044,21.003088,21.097227,20.996918,21.141901,0.0,0.0,4.0,0.0,0.0,0.0,0.0,0.0
33235,2023.0,8.0,19.0,19.0,21.36521,21.620466,20.770449,21.22451,21.007812,21.219929,21.510868,22.12037,20.874777,20.9167,20.507488,20.517454,21.361383,21.378963,21.003551,21.10292,20.691975,20.746033,4.0,0.0,4.0,0.0,0.0,0.0,0.0,0.0
33236,2023.0,8.0,19.0,19.0,21.735004,22.449066,20.549723,20.724104,21.411991,21.988794,20.9949,21.211359,21.462067,22.057392,20.48557,20.495634,22.059765,22.738346,21.003822,21.108768,20.614616,20.657253,0.0,4.0,0.0,4.0,0.0,4.0,0.0,0.0
33237,2023.0,8.0,19.0,19.0,21.919096,22.642756,20.749392,21.1784,21.575502,22.164114,21.359325,21.924572,21.110355,21.217123,20.46252,20.472738,21.619242,21.710878,21.003784,21.114016,21.365324,22.111067,4.0,4.0,4.0,0.0,0.0,0.0,0.0,4.0
33238,2023.0,8.0,19.0,19.0,21.96763,22.681318,20.874674,21.320679,21.095655,21.224333,21.525393,22.10837,21.546734,22.172787,20.439884,20.450039,21.359686,21.367367,21.004147,21.119589,21.641954,22.38757,4.0,0.0,4.0,4.0,0.0,0.0,0.0,4.0
33239,2023.0,8.0,19.0,19.0,22.001562,22.704624,20.564028,20.711742,21.01088,21.209229,20.995861,21.184446,21.135382,21.228794,20.418282,20.428446,21.291033,21.288208,21.844486,22.70067,20.996384,21.094225,0.0,0.0,0.0,0.0,0.0,0.0,4.0,0.0
33240,2023.0,8.0,19.0,20.0,22.028399,22.721304,20.39119,20.484434,21.395056,21.93726,21.401627,21.98126,20.874784,20.89149,20.396696,20.406645,21.247087,21.242687,21.293829,21.380112,20.701435,20.722641,0.0,4.0,4.0,0.0,0.0,0.0,0.0,0.0
33241,2023.0,8.0,19.0,20.0,22.043436,22.723297,20.73572,21.160091,20.967619,21.14667,21.492197,22.052668,20.804226,20.807056,20.729753,21.04971,21.212807,21.205645,21.061281,21.048164,20.623392,20.631413,4.0,0.0,4.0,0.0,4.0,0.0,0.0,0.0
33242,2023.0,8.0,19.0,20.0,22.056221,22.722826,20.861252,21.28674,21.015093,21.26174,21.514587,22.05907,20.748018,20.741976,20.888569,21.237545,21.177382,21.167631,21.002462,21.012995,20.561317,20.560062,4.0,0.0,4.0,0.0,4.0,0.0,0.0,0.0
33243,2023.0,8.0,19.0,20.0,21.52809,21.71469,20.859385,21.249878,21.005384,21.235518,20.988333,21.141993,20.709265,20.705082,20.591972,20.638119,21.90351,22.576311,21.004911,21.054047,20.513885,20.51004,4.0,0.0,0.0,0.0,0.0,4.0,0.0,0.0
33244,2023.0,8.0,19.0,20.0,21.879663,22.540825,20.861248,21.235168,21.379625,21.929821,21.016027,21.231268,20.672262,20.666489,20.432749,20.426409,22.05949,22.641846,21.933418,22.830954,20.472063,20.466496,4.0,4.0,0.0,0.0,0.0,4.0,4.0,0.0
33245,2023.0,8.0,19.0,20.0,22.005543,22.638525,20.863794,21.223072,20.97211,21.129723,21.008741,21.231266,20.63819,20.630173,20.387268,20.381502,21.44314,21.438137,22.116879,22.862566,20.43634,20.429047,4.0,0.0,0.0,0.0,0.0,0.0,4.0,0.0
33246,2023.0,8.0,19.0,21.0,22.012663,22.630968,20.522854,20.57731,21.016087,21.233545,21.010176,21.241737,20.607666,20.597912,20.35671,20.349192,21.204128,21.137737,22.159971,22.892143,21.29613,22.087553,0.0,0.0,0.0,0.0,0.0,0.0,4.0,4.0
33247,2023.0,8.0,19.0,21.0,21.485697,21.625538,20.322645,20.310274,21.008577,21.223291,21.371372,21.915192,20.577639,20.563135,20.638863,20.898539,21.125765,21.048756,21.400316,21.39803,20.781094,20.813705,0.0,0.0,4.0,0.0,4.0,0.0,0.0,0.0
33248,2023.0,8.0,19.0,21.0,21.219994,21.29414,20.241653,20.209951,21.007582,21.227795,20.969305,21.128874,21.167189,21.693121,20.472965,20.491589,21.78913,22.351875,21.05977,20.980564,21.254452,21.903105,0.0,0.0,0.0,4.0,0.0,4.0,0.0,4.0
33249,2023.0,8.0,19.0,21.0,21.122717,21.183878,20.226027,20.223442,21.007776,21.231817,21.018314,21.241901,20.794445,20.78389,20.658995,20.915487,21.344076,21.318203,21.906721,22.673372,20.77062,20.772099,0.0,0.0,0.0,0.0,4.0,0.0,4.0,0.0
33250,2023.0,8.0,19.0,21.0,21.690485,22.30217,20.20592,20.207037,21.007717,21.233578,21.01009,21.2323,20.561287,20.493834,20.432281,20.398233,21.746382,22.231684,21.33782,21.32435,20.489998,20.42745,0.0,0.0,0.0,0.0,0.0,4.0,0.0,0.0
33251,2023.0,8.0,19.0,21.0,21.862576,22.45289,20.176662,20.174719,21.008007,21.235146,21.00832,21.238218,20.490446,20.411228,20.593079,20.802906,21.959486,22.468567,20.993523,20.926664,21.253428,21.938723,0.0,0.0,0.0,0.0,4.0,4.0,0.0,4.0
33252,2023.0,8.0,19.0,22.0,21.886059,22.462278,20.14911,20.143438,21.008034,21.23584,21.008657,21.24428,20.496021,20.46557,20.374922,20.313246,21.371908,21.30726,21.87121,22.642197,21.482023,22.101093,0.0,0.0,0.0,0.0,0.0,0.0,4.0,4.0
33253,2023.0,8.0,19.0,22.0,21.36835,21.46537,20.123331,20.113966,21.00816,21.236155,21.008722,21.247734,21.037344,21.491482,20.490854,20.630651,21.817583,22.31846,21.273323,21.235298,20.79943,20.765898,0.0,0.0,0.0,4.0,4.0,4.0,0.0,0.0
33254,2023.0,8.0,19.0,22.0,21.101288,21.124445,20.099075,20.085478,21.008274,21.236109,21.008904,21.250467,20.74802,20.763836,20.591434,20.74951,21.981852,22.461983,21.816584,22.488695,21.265102,21.852364,0.0,0.0,0.0,0.0,4.0,4.0,4.0,4.0
33255,2023.0,8.0,19.0,22.0,20.999817,21.011131,20.07633,20.058567,21.008236,21.235483,21.008976,21.252087,20.476479,20.367714,20.311731,20.212765,21.367607,21.271482,21.243902,21.172127,20.759998,20.699965,0.0,0.0,0.0,0.0,0.0,0.0,0.0,0.0
33256,2023.0,8.0,19.0,22.0,21.005476,21.061588,20.054155,20.032187,21.008532,21.23583,21.009151,21.253782,20.990465,21.411522,20.152874,20.022785,21.83414,22.335428,20.9993,20.94324,20.468513,20.35425,0.0,0.0,0.0,4.0,0.0,4.0,0.0,0.0
33257,2023.0,8.0,19.0,22.0,21.019043,21.124693,20.032782,20.006824,21.00867,21.236244,21.009418,21.255869,20.610477,20.510983,20.17208,20.119734,21.322289,21.200321,21.009651,21.003649,20.367954,20.242296,0.0,0.0,0.0,0.0,0.0,0.0,0.0,0.0
33258,2023.0,8.0,19.0,23.0,21.001001,21.108072,20.00964,19.977533,21.017809,21.254395,21.019186,21.27654,20.374832,20.227993,20.160036,20.103836,21.050041,20.870152,21.013329,21.038986,20.297829,20.166164,0.0,0.0,0.0,0.0,0.0,0.0,0.0,0.0
33259,2023.0,8.0,19.0,23.0,20.97381,21.081041,19.993523,19.962025,20.786251,20.807257,20.767162,20.790648,20.953102,21.381672,20.131546,20.076302,20.9748,20.800632,20.905876,20.854862,21.096254,21.731325,0.0,0.0,0.0,4.0,0.0,0.0,0.0,4.0
33260,2023.0,8.0,19.0,23.0,20.948868,21.05425,19.978058,19.944845,21.294899,21.815525,20.639812,20.61053,21.196404,21.70753,20.39404,20.586805,20.919075,20.742973,20.849613,20.794115,20.517582,20.445,0.0,4.0,0.0,4.0,4.0,0.0,0.0,0.0
33261,2023.0,8.0,19.0,23.0,20.924564,21.027407,19.963024,19.928247,20.892752,20.951357,20.580107,20.544537,20.5888,20.479118,20.206839,20.179764,20.980366,20.913916,20.809143,20.752483,20.311653,20.172552,0.0,0.0,0.0,0.0,0.0,0.0,0.0,0.0
33262,2023.0,8.0,19.0,23.0,20.901003,21.001083,19.947718,19.910582,20.54903,20.370277,20.532665,20.493254,20.39194,20.225008,20.113901,20.052046,20.96762,20.898909,20.771631,20.712545,20.24418,20.101236,0.0,0.0,0.0,0.0,0.0,0.0,0.0,0.0
33263,2023.0,8.0,19.0,23.0,20.87869,20.976799,19.932575,19.893196,20.446482,20.253553,20.491905,20.449968,20.320757,20.152039,20.081177,20.01664,20.940292,20.869663,20.73758,20.676884,20.281193,20.226837,0.0,0.0,0.0,0.0,0.0,0.0,0.0,0.0
33264,2023.0,8.0,20.0,0.0,20.856964,20.953314,19.91806,19.87711,20.525,20.473686,20.456207,20.413284,20.381983,20.331182,20.052359,19.986317,20.914673,20.84274,20.705881,20.644047,20.26214,20.206957,0.0,0.0,0.0,0.0,0.0,0.0,0.0,0.0
33265,2023.0,8.0,20.0,0.0,20.835625,20.930288,19.903757,19.861488,20.502941,20.452898,20.424726,20.382326,20.356125,20.292381,20.026794,19.960033,21.569529,22.103727,20.676247,20.61381,20.235863,20.179926,0.0,0.0,0.0,0.0,0.0,4.0,0.0,0.0
33266,2023.0,8.0,20.0,0.0,20.825163,20.92886,19.887571,19.84237,20.47244,20.421162,20.392328,20.347637,20.3255,20.260107,20.000175,19.930836,20.977184,20.840172,20.64628,20.581865,20.208464,20.150488,0.0,0.0,0.0,0.0,0.0,0.0,0.0,0.0
33267,2023.0,8.0,20.0,0.0,20.810055,20.914135,19.86909,19.818827,20.43916,20.382654,20.358389,20.308289,20.29451,20.224846,19.971909,19.897707,20.780722,20.569109,20.615429,20.547249,20.179718,20.11795,0.0,0.0,0.0,0.0,0.0,0.0,0.0,0.0
33268,2023.0,8.0,20.0,0.0,20.79021,20.891258,19.852236,19.798758,20.409466,20.350508,20.328629,20.276022,20.265812,20.193754,19.946087,19.869139,20.719746,20.50493,20.586897,20.516565,20.153093,20.089104,0.0,0.0,0.0,0.0,0.0,0.0,0.0,0.0
33269,2023.0,8.0,20.0,0.0,21.39678,22.043457,19.837208,19.782537,20.383514,20.32485,20.302694,20.250317,20.239754,20.167252,19.922638,19.845106,20.78724,20.689188,21.451134,22.167196,20.128534,20.063942,0.0,0.0,0.0,0.0,0.0,0.0,4.0,0.0
33270,2023.0,8.0,20.0,1.0,21.01352,21.189049,19.819925,19.762,20.355715,20.294388,20.27478,20.219736,20.773434,21.190207,19.897116,19.816816,20.789936,20.703657,20.744354,20.626049,20.102682,20.035833,0.0,0.0,0.0,4.0,0.0,0.0,0.0,0.0
33271,2023.0,8.0,20.0,1.0,20.696274,20.641268,19.803734,19.743784,20.98078,21.491104,20.248665,20.192009,21.00336,21.496803,19.872633,19.790579,20.768335,20.681673,20.507189,20.3098,20.077936,20.009659,0.0,4.0,0.0,4.0,0.0,0.0,0.0,0.0
33272,2023.0,8.0,20.0,1.0,20.590216,20.503279,19.788353,19.7269,20.593933,20.629362,20.224077,20.166384,20.919004,21.239834,19.8492,19.765882,20.746058,20.658371,20.433,20.232248,20.054234,19.984917,0.0,0.0,0.0,4.0,0.0,0.0,0.0,0.0
33273,2023.0,8.0,20.0,1.0,20.694605,20.764975,19.77291,19.709778,20.247757,20.027159,20.199963,20.140993,20.351788,20.15544,19.825981,19.74122,20.72382,20.634909,20.3735,20.170658,20.03089,19.960371,0.0,0.0,0.0,0.0,0.0,0.0,0.0,0.0
33274,2023.0,8.0,20.0,1.0,20.706177,20.793459,19.756216,19.690203,20.132303,19.879356,20.174946,20.113222,20.173018,19.944809,19.80196,19.714611,20.701075,20.61011,20.448895,20.36969,20.007198,19.934723,0.0,0.0,0.0,0.0,0.0,0.0,0.0,0.0
33275,2023.0,8.0,20.0,1.0,20.68805,20.773787,19.741428,19.674623,20.244545,20.16122,20.152887,20.09091,20.097935,19.873156,19.780233,19.692312,20.679928,20.588312,20.439604,20.359966,19.985155,19.91206,0.0,0.0,0.0,0.0,0.0,0.0,0.0,0.0
33276,2023.0,8.0,20.0,2.0,20.66935,20.754423,19.726732,19.659386,20.24509,20.173594,20.131615,20.06973,20.791653,21.254526,19.759266,19.671247,20.659573,20.567804,20.418251,20.338736,20.686344,21.250788,0.0,0.0,0.0,4.0,0.0,0.0,0.0,4.0
33277,2023.0,8.0,20.0,2.0,20.64828,20.731016,19.710245,19.640686,20.223763,20.152107,20.108852,20.04503,20.411308,20.386152,19.736753,19.646889,20.637989,20.544533,20.393843,20.312899,20.210281,20.193298,0.0,0.0,0.0,0.0,0.0,0.0,0.0,0.0
33278,2023.0,8.0,20.0,2.0,20.626806,20.706762,19.693043,19.620745,20.199871,20.126158,20.085894,20.01953,20.11094,19.886497,20.022776,20.200972,20.616192,20.520687,20.368408,20.285625,19.928673,19.729168,0.0,0.0,0.0,0.0,4.0,0.0,0.0,0.0
33279,2023.0,8.0,20.0,2.0,20.60601,20.683973,19.67647,19.602083,20.176382,20.10136,20.063972,19.995926,20.615686,20.917065,20.136137,20.346537,20.595232,20.498365,20.343597,20.259691,19.839985,19.632692,0.0,0.0,0.0,4.0,4.0,0.0,0.0,0.0
33280,2023.0,8.0,20.0,2.0,20.585123,20.661123,19.660019,19.583437,20.153011,20.076635,20.042189,19.972492,20.165197,19.963518,19.869265,19.812675,20.574444,20.476267,20.318844,20.233885,20.62665,21.177357,0.0,0.0,0.0,0.0,0.0,0.0,0.0,4.0
33281,2023.0,8.0,20.0,2.0,20.563915,20.63761,19.643208,19.56407,20.129358,20.051176,20.02017,19.948387,19.985449,19.7412,19.759577,19.663454,20.553423,20.453623,20.293762,20.207405,20.033445,19.8747,0.0,0.0,0.0,0.0,0.0,0.0,0.0,0.0
33282,2023.0,8.0,20.0,3.0,20.54204,20.613031,20.065376,20.36884,20.10546,20.025026,19.997898,19.923605,20.067003,19.97393,19.719887,19.6207,20.532145,20.430412,20.268343,20.180244,19.827738,19.60957,4.0,0.0,0.0,0.0,0.0,0.0,0.0,0.0
33283,2023.0,8.0,20.0,3.0,20.52017,20.588795,19.800655,19.780739,20.082037,19.999699,19.975824,19.899458,20.053913,19.957542,19.685333,19.584053,20.511251,20.407936,20.243235,20.153725,19.75642,19.53324,0.0,0.0,0.0,0.0,0.0,0.0,0.0,0.0
33284,2023.0,8.0,20.0,3.0,20.499063,20.566141,19.681976,19.602898,20.717968,21.214401,19.954468,19.877012,20.022074,19.926472,19.655216,19.553072,20.491123,20.38691,20.218893,20.128717,19.82547,19.728006,0.0,4.0,0.0,0.0,0.0,0.0,0.0,0.0
33285,2023.0,8.0,20.0,3.0,20.477415,20.542456,19.640646,19.55246,20.327421,20.342022,19.932425,19.853386,19.990927,19.894205,19.625763,19.52213,20.470694,20.365168,20.194305,20.103014,19.825817,19.73863,0.0,0.0,0.0,0.0,0.0,0.0,0.0,0.0
33286,2023.0,8.0,20.0,3.0,20.45471,20.516708,19.610415,19.518322,19.93076,19.638441,19.909256,19.827557,19.958715,19.859629,19.595833,19.489517,20.449707,20.342136,20.169353,20.076168,19.801104,19.712654,0.0,0.0,0.0,0.0,0.0,0.0,0.0,0.0
33287,2023.0,8.0,20.0,3.0,20.43374,20.494469,19.58674,19.49371,19.828949,19.524141,19.88795,19.80547,20.517174,20.935835,19.568483,19.461668,20.42986,20.321568,20.145594,20.051933,19.775808,19.686882,0.0,0.0,0.0,4.0,0.0,0.0,0.0,0.0
33288,2023.0,8.0,20.0,4.0,20.412123,20.470837,19.563465,19.468466,19.951576,19.830164,19.865759,19.781641,20.113907,20.053637,19.540438,19.432175,20.40905,20.299448,20.120665,20.0259,19.749254,19.65918,0.0,0.0,0.0,0.0,0.0,0.0,0.0,0.0
33289,2023.0,8.0,20.0,4.0,20.391506,20.449028,19.542152,19.446201,19.972208,19.878695,19.844439,19.759605,19.814812,19.550903,19.513245,19.404198,20.388733,20.278624,20.095894,20.000647,19.723223,19.63259,0.0,0.0,0.0,0.0,0.0,0.0,0.0,0.0
33290,2023.0,8.0,20.0,4.0,20.37271,20.430515,19.523733,19.42873,19.954657,19.86311,19.825193,19.741299,20.28497,20.514132,19.488712,19.380703,20.369867,20.260408,20.072573,19.978079,19.69909,19.609255,0.0,0.0,0.0,4.0,0.0,0.0,0.0,0.0
33291,2023.0,8.0,20.0,4.0,20.35317,20.41065,19.504982,19.410234,19.934502,19.843618,19.80526,19.721636,19.847536,19.59643,19.463787,19.35603,20.350595,20.24128,20.048672,19.954369,19.674587,19.584938,0.0,0.0,0.0,0.0,0.0,0.0,0.0,0.0
33292,2023.0,8.0,20.0,4.0,20.334045,20.391438,19.91303,20.190289,19.913895,19.823837,19.785765,19.702684,19.701538,19.439392,19.43977,19.332624,20.331795,20.222885,20.025229,19.931427,20.378538,20.931608,4.0,0.0,0.0,0.0,0.0,0.0,0.0,4.0
33293,2023.0,8.0,20.0,4.0,20.314325,20.371231,19.681107,19.670877,19.892767,19.802979,19.766052,19.683006,20.364588,20.759604,19.415916,19.308882,20.312847,20.203993,20.001484,19.90776,19.897528,19.86609,0.0,0.0,0.0,4.0,0.0,0.0,0.0,0.0
33294,2023.0,8.0,20.0,5.0,20.298084,20.358034,19.541239,19.453297,19.871626,19.782005,19.746532,19.66339,20.004297,19.944033,19.693604,19.848759,20.294094,20.185268,19.977818,19.88414,19.600252,19.374409,0.0,0.0,0.0,0.0,4.0,0.0,0.0,0.0
33295,2023.0,8.0,20.0,5.0,20.291933,20.363476,19.50052,19.406271,19.850782,19.76148,20.395025,20.900059,19.72294,19.474867,19.49625,19.416288,20.97465,21.490143,19.954435,19.860992,19.503895,19.270353,0.0,0.0,4.0,0.0,0.0,4.0,0.0,0.0
33296,2023.0,8.0,20.0,5.0,20.276646,20.34883,19.472214,19.377495,19.830004,19.740873,20.006168,20.026213,19.618134,19.357752,19.405823,19.299625,20.330805,20.11465,19.931047,19.837793,20.300886,20.839796,0.0,0.0,0.0,0.0,0.0,0.0,0.0,4.0
33297,2023.0,8.0,20.0,5.0,20.25872,20.330288,19.447876,19.352846,19.809267,19.720112,19.635714,19.376131,20.27136,20.658466,19.37529,19.269,20.132906,19.85192,19.907595,19.814407,19.70199,19.52385,0.0,0.0,0.0,4.0,0.0,0.0,0.0,0.0
33298,2023.0,8.0,20.0,5.0,20.240036,20.310818,19.858814,20.142515,19.788383,19.699106,19.514133,19.22014,19.930437,19.879341,19.346714,19.240297,20.075787,19.795374,19.884151,19.790913,20.200214,20.583817,4.0,0.0,0.0,0.0,0.0,0.0,0.0,4.0
33299,2023.0,8.0,20.0,5.0,20.221537,20.291914,19.626265,19.624891,19.767824,19.678822,20.29085,20.750887,19.646458,19.403755,19.321238,19.215092,20.873762,21.364513,20.78014,21.498732,19.685396,19.495602,0.0,0.0,4.0,0.0,0.0,4.0,4.0,0.0
33300,2023.0,8.0,20.0,6.0,20.202501,20.272163,19.47538,19.388,20.404846,20.893581,19.784662,19.627934,19.540264,19.281427,19.588966,19.735443,20.941786,21.310862,20.8951,21.483696,19.496515,19.261736,0.0,4.0,0.0,0.0,4.0,4.0,4.0,0.0
33301,2023.0,8.0,20.0,6.0,21.113218,21.891403,19.432722,19.33962,21.057434,21.918383,21.183233,22.195875,20.214844,20.621777,20.060656,20.51984,21.035803,21.45253,21.240997,22.095343,20.155739,20.563211,0.0,4.0,0.0,4.0,0.0,0.0,0.0,4.0
33302,2023.0,8.0,20.0,6.0,20.999882,21.584044,19.40181,19.30962,21.00157,21.671764,21.008465,21.714024,19.967268,20.00496,19.607542,19.55766,21.019526,21.361961,21.022123,21.570463,20.455387,20.89562,0.0,4.0,0.0,0.0,0.0,0.0,0.0,4.0
33303,2023.0,8.0,20.0,6.0,21.015352,21.565817,19.376432,19.286007,21.034937,21.674839,21.022821,21.676971,20.253206,20.535349,19.403778,19.305471,21.01999,21.320116,21.024689,21.517721,19.946386,19.973095,0.0,0.0,0.0,4.0,0.0,0.0,0.0,0.0
33304,2023.0,8.0,20.0,6.0,21.013842,21.531275,19.35427,19.266077,21.000725,21.525394,21.020735,21.628757,19.971186,19.968967,19.357035,19.257439,21.158485,21.524176,21.217625,21.800499,19.640623,19.405785,0.0,4.0,0.0,0.0,0.0,4.0,4.0,0.0
33305,2023.0,8.0,20.0,6.0,21.223255,21.88207,19.334044,19.248283,21.006844,21.499933,21.020987,21.599318,20.285133,20.563322,19.645937,19.825525,21.220222,21.585321,20.99505,21.369741,19.509588,19.292934,0.0,4.0,0.0,4.0,4.0,4.0,0.0,0.0
33306,2023.0,8.0,20.0,7.0,21.30442,21.958315,19.742073,20.030003,21.006258,21.473972,21.021345,21.578802,19.979153,19.959536,20.03643,20.412521,21.261763,21.62765,21.02672,21.417692,20.423885,21.098803,4.0,4.0,0.0,0.0,4.0,4.0,0.0,4.0
33307,2023.0,8.0,20.0,7.0,21.142815,21.595125,20.011934,20.393625,21.031998,21.528862,21.020773,21.562386,20.35834,20.686634,19.99642,20.278774,21.307777,21.682867,21.022144,21.394743,19.944178,20.001808,4.0,0.0,0.0,4.0,4.0,4.0,0.0,0.0
33308,2023.0,8.0,20.0,7.0,21.117128,21.585188,20.020924,20.368345,21.025314,21.497208,21.026731,21.532671,20.544582,20.904055,20.02226,20.293406,20.98344,21.101639,21.330948,21.934988,20.44807,20.959421,0.0,0.0,4.0,4.0,0.0,0.0,4.0,4.0
33309,2023.0,8.0,20.0,7.0,21.141043,21.62219,19.541143,19.403692,20.998741,21.409342,21.032026,21.541872,19.962902,19.866606,19.901981,19.998398,21.29663,21.692896,21.444658,22.045559,20.6787,21.215511,0.0,4.0,4.0,0.0,4.0,4.0,4.0,4.0
33310,2023.0,8.0,20.0,7.0,21.160124,21.64998,19.301462,19.098772,21.003876,21.41565,21.001667,21.47258,19.795212,19.60596,20.0388,20.273115,21.403198,21.808075,20.967392,21.201374,19.962103,19.925571,0.0,4.0,4.0,0.0,0.0,4.0,0.0,0.0
33311,2023.0,8.0,20.0,7.0,21.178247,21.676691,19.354998,19.27677,21.00299,21.413836,21.032316,21.547709,19.709953,19.522957,19.965557,20.080072,20.963848,21.020641,21.419853,22.064163,19.759003,19.597939,0.0,4.0,0.0,0.0,4.0,0.0,4.0,0.0
33312,2023.0,8.0,20.0,8.0,20.998432,21.381113,19.820179,20.158115,21.029125,21.487263,20.998343,21.450375,19.776684,19.70615,20.00798,20.16326,21.368925,21.797958,20.957386,21.164602,19.664343,19.506233,4.0,0.0,4.0,0.0,4.0,4.0,0.0,0.0
33313,2023.0,8.0,20.0,8.0,20.571978,20.579517,20.021408,20.418884,20.440344,20.350256,20.378899,20.29065,19.7967,19.738981,20.010359,20.151045,20.838955,20.692787,20.536762,20.391277,19.624338,19.480366,0.0,0.0,0.0,0.0,4.0,0.0,0.0,0.0
33314,2023.0,8.0,20.0,8.0,20.355593,20.329145,19.677324,19.713438,20.127934,19.963978,20.05918,19.90289,20.485062,21.05192,20.013376,20.162228,21.31355,21.764286,20.329685,20.167973,19.674177,19.616756,0.0,0.0,0.0,4.0,0.0,4.0,0.0,0.0
33315,2023.0,8.0,20.0,8.0,20.278164,20.26228,19.924788,20.281464,20.116085,20.05386,19.94851,19.800348,19.979286,19.983856,19.740553,19.626875,21.51827,21.985832,20.248365,20.097275,19.687044,19.641626,4.0,0.0,0.0,0.0,0.0,4.0,0.0,0.0
33316,2023.0,8.0,20.0,8.0,21.021418,21.73086,19.996084,20.30971,20.091587,20.051754,19.96358,19.914074,19.816845,19.70084,19.676334,19.612305,21.58689,22.065208,20.26797,20.201439,19.677994,19.636507,4.0,0.0,0.0,0.0,0.0,4.0,0.0,0.0
33317,2023.0,8.0,20.0,8.0,21.143158,21.725815,19.999851,20.295158,20.044615,20.012386,19.945938,19.918848,20.434216,20.912455,19.67847,19.624565,21.651464,22.141544,20.258612,20.204876,19.668432,19.629343,4.0,0.0,0.0,4.0,0.0,4.0,0.0,0.0
33318,2023.0,8.0,20.0,9.0,21.162325,21.757187,20.01687,20.313694,20.001518,19.975307,19.90439,19.885027,20.077143,20.02471,19.66988,19.619633,21.713152,22.214998,20.231281,20.181534,19.661066,19.623852,4.0,0.0,0.0,0.0,0.0,4.0,0.0,0.0
33319,2023.0,8.0,20.0,9.0,20.640715,20.756142,20.040575,20.348152,19.969372,19.94821,19.870869,19.856987,19.93492,19.83437,19.667637,19.618681,21.112291,21.047571,20.210176,20.162275,19.656448,19.619955,4.0,0.0,0.0,0.0,0.0,0.0,0.0,0.0
33320,2023.0,8.0,20.0,9.0,20.458696,20.523994,20.066187,20.385447,19.939005,19.923069,20.504986,21.0836,19.9025,19.807346,19.668293,19.620443,20.917906,20.774506,20.191523,20.145056,19.653362,19.617325,4.0,0.0,4.0,0.0,0.0,0.0,0.0,0.0
33321,2023.0,8.0,20.0,9.0,20.39214,20.468224,20.091648,20.422565,19.91149,19.90061,20.103283,20.1983,19.92385,19.871656,19.672619,19.625498,20.857618,20.720095,20.176468,20.13105,19.652445,19.616669,4.0,0.0,0.0,0.0,0.0,0.0,0.0,0.0
33322,2023.0,8.0,20.0,9.0,20.348083,20.438086,20.117117,20.459614,20.551394,21.131989,19.87961,19.853405,20.620237,21.188702,19.680069,19.633505,20.82277,20.695576,20.164415,20.119827,19.65379,19.618185,4.0,4.0,0.0,4.0,0.0,0.0,0.0,0.0
33323,2023.0,8.0,20.0,9.0,20.35707,20.502123,20.142141,20.49561,20.177713,20.298393,20.43071,20.938553,20.805603,21.361637,19.689926,19.64364,20.846338,20.775229,21.127941,21.949835,19.656588,19.621063,4.0,0.0,4.0,4.0,0.0,0.0,4.0,0.0
33324,2023.0,8.0,20.0,10.0,20.97996,21.695734,20.168062,20.533112,19.953602,19.945618,20.063194,20.145132,20.901812,21.45884,19.702103,19.656214,20.845308,20.784418,20.52604,20.585463,19.660707,19.625275,4.0,0.0,0.0,4.0,0.0,0.0,0.0,0.0
33325,2023.0,8.0,20.0,10.0,21.103634,21.789066,20.194672,20.571682,20.529253,21.072071,19.884058,19.88966,20.996254,21.561264,19.716413,19.671034,20.834974,20.777283,20.303354,20.242826,19.666325,19.631048,4.0,4.0,0.0,4.0,0.0,0.0,0.0,0.0
33326,2023.0,8.0,20.0,10.0,21.164124,21.852041,19.984995,20.212982,20.129263,20.20853,19.840254,19.85563,20.464376,20.499844,19.732788,19.688137,20.827387,20.771412,20.263191,20.204409,19.672897,19.637722,0.0,0.0,0.0,0.0,0.0,0.0,0.0,0.0
33327,2023.0,8.0,20.0,10.0,20.65933,20.857903,19.798367,19.874714,20.54765,21.124075,19.803974,19.826529,20.23438,20.192823,19.750671,19.705677,20.821016,20.766556,20.245289,20.194017,19.68045,19.645178,0.0,4.0,0.0,0.0,0.0,0.0,0.0,0.0
33328,2023.0,8.0,20.0,10.0,20.494217,20.6496,20.117659,20.523365,20.68684,21.266062,20.445135,21.062086,20.84335,21.372236,19.768787,19.723892,20.819271,20.765806,20.238714,20.192986,19.688555,19.653284,4.0,4.0,4.0,4.0,0.0,0.0,0.0,0.0
33329,2023.0,8.0,20.0,10.0,21.089989,21.825752,20.21792,20.648113,20.217478,20.338488,20.056828,20.196087,20.48267,20.566261,19.787563,19.74289,21.560482,22.174582,20.2331,20.188759,19.697338,19.662233,4.0,0.0,0.0,0.0,0.0,4.0,0.0,0.0
33330,2023.0,8.0,20.0,11.0,20.654366,20.89099,20.253666,20.690649,20.673141,21.273977,20.517809,21.134958,20.314875,20.291536,19.807302,19.76354,21.769535,22.414703,20.22946,20.186264,19.70697,19.672522,4.0,4.0,4.0,0.0,0.0,4.0,0.0,0.0
33331,2023.0,8.0,20.0,11.0,21.144775,21.901009,20.28448,20.724993,20.258366,20.394815,20.645046,21.253859,20.27689,20.24783,20.180855,20.44934,21.213604,21.28323,20.225319,20.181763,19.714645,19.67932,4.0,0.0,4.0,0.0,4.0,0.0,0.0,0.0
33332,2023.0,8.0,20.0,11.0,21.249142,21.981134,19.984453,20.204683,20.702011,21.310476,20.695686,21.300499,20.936865,21.510027,20.001986,20.06382,21.028812,20.97911,20.22131,20.177576,19.721504,19.685593,0.0,4.0,4.0,4.0,0.0,0.0,0.0,0.0
33333,2023.0,8.0,20.0,11.0,21.294847,22.023678,19.838514,19.951538,20.867998,21.468061,20.203209,20.33195,20.618065,20.704758,19.91947,19.880468,20.97644,20.921116,20.216831,20.173353,19.728298,19.692331,0.0,4.0,0.0,0.0,0.0,0.0,0.0,0.0
33334,2023.0,8.0,20.0,11.0,21.337467,22.065632,19.77681,19.879002,20.905563,21.504261,20.03911,20.121038,20.442303,20.427792,19.906002,19.859947,20.958834,20.906467,21.186384,22.010036,19.733309,19.69764,0.0,4.0,0.0,0.0,0.0,0.0,4.0,0.0
33335,2023.0,8.0,20.0,11.0,20.81924,21.065245,19.697042,19.755308,20.942902,21.543562,19.97828,20.061722,20.387173,20.364153,19.911528,19.865898,20.942616,20.889294,20.642794,20.765306,19.737226,19.702208,0.0,4.0,0.0,0.0,0.0,0.0,0.0,0.0
33336,2023.0,8.0,20.0,12.0,21.283245,22.0434,20.077589,20.502665,20.976894,21.579363,20.56307,21.198668,20.33736,20.292692,19.916935,19.872036,20.930296,20.87781,20.426868,20.415499,19.740093,19.705788,4.0,4.0,4.0,0.0,0.0,0.0,0.0,0.0
33337,2023.0,8.0,20.0,12.0,21.374401,22.115608,19.986586,20.298368,21.014275,21.624666,21.069702,22.00841,20.309195,20.263824,19.925632,19.884203,21.011381,21.030106,21.102533,21.621586,19.744797,19.713305,0.0,4.0,0.0,0.0,0.0,0.0,0.0,0.0
33338,2023.0,8.0,20.0,12.0,21.415985,22.16299,19.766933,19.861328,21.056324,21.674765,21.01201,21.797323,20.290552,20.248331,20.313738,20.609835,21.000828,21.010551,21.001104,21.400795,19.751686,19.723022,0.0,4.0,0.0,0.0,4.0,0.0,0.0,0.0
33339,2023.0,8.0,20.0,12.0,21.47485,22.236145,19.659433,19.73051,21.094723,21.719297,20.996025,21.681946,20.278492,20.239985,20.15934,20.191765,21.001799,21.012022,21.012169,21.387094,20.670223,21.459993,0.0,4.0,4.0,0.0,0.0,0.0,0.0,4.0
33340,2023.0,8.0,20.0,12.0,20.970282,21.350437,20.051882,20.498625,21.00777,21.568596,20.998343,21.650927,20.98654,21.590998,20.039085,20.010881,21.001532,21.010931,21.010664,21.357681,20.305803,20.461628,4.0,0.0,4.0,4.0,0.0,0.0,0.0,0.0
33341,2023.0,8.0,20.0,12.0,21.018047,21.47456,19.981949,20.291441,21.017305,21.57764,21.022158,21.671495,20.711779,20.848955,20.032293,20.00352,21.001654,21.01062,21.010172,21.336414,20.049042,20.107082,0.0,0.0,4.0,0.0,0.0,0.0,0.0,0.0
33342,2023.0,8.0,20.0,13.0,21.00822,21.470007,20.246723,20.775187,21.162693,21.816736,21.019436,21.671938,20.493103,20.535812,20.03976,20.014334,21.001339,21.009745,21.009321,21.318916,20.018665,20.075165,4.0,4.0,0.0,0.0,0.0,0.0,0.0,0.0
33343,2023.0,8.0,20.0,13.0,21.009277,21.480167,19.955664,20.203453,20.987186,21.48912,21.016962,21.648933,20.460112,20.504696,20.04875,20.02545,21.001015,21.008595,21.008755,21.30453,19.937223,19.914654,0.0,0.0,0.0,0.0,0.0,0.0,0.0,0.0
33344,2023.0,8.0,20.0,13.0,21.369923,22.149117,19.889275,20.087671,21.01801,21.546188,21.100134,21.762535,20.386036,20.367382,20.056906,20.03465,21.00121,21.008718,21.00927,21.294971,19.915161,19.898788,0.0,0.0,4.0,0.0,0.0,0.0,0.0,0.0
33345,2023.0,8.0,20.0,13.0,21.51009,22.298054,20.159592,20.614298,21.013445,21.533861,21.004782,21.590313,20.350853,20.327606,20.065557,20.045258,21.001131,21.008606,21.009003,21.285967,19.91011,19.89489,4.0,0.0,0.0,0.0,0.0,0.0,0.0,0.0
33346,2023.0,8.0,20.0,13.0,21.562954,22.351006,20.283148,20.753937,21.015312,21.530128,21.017742,21.609327,21.035505,21.631922,20.07434,20.055843,21.001171,21.008936,21.008871,21.278618,19.907946,19.894485,4.0,0.0,0.0,4.0,0.0,0.0,0.0,0.0
33347,2023.0,8.0,20.0,13.0,21.610064,22.403784,20.043718,20.27997,21.014896,21.52302,21.015615,21.597244,20.735199,20.854168,20.083754,20.06766,21.000982,21.00897,21.00877,21.272732,19.907244,19.895643,0.0,0.0,0.0,0.0,0.0,0.0,0.0,0.0
33348,2023.0,8.0,20.0,14.0,21.110046,21.436619,19.93827,20.155329,21.18043,21.806374,21.01726,21.589684,20.569464,20.641104,20.092419,20.078583,21.001045,21.009819,21.008713,21.267859,20.810047,21.608952,0.0,4.0,0.0,0.0,0.0,0.0,0.0,4.0
33349,2023.0,8.0,20.0,14.0,21.451082,22.232035,19.913252,20.132685,21.29279,21.964218,20.573551,20.72595,20.546774,20.618639,20.100803,20.089607,20.971807,20.954401,21.766817,22.684637,20.479761,20.688791,0.0,4.0,0.0,0.0,0.0,0.0,4.0,0.0
33350,2023.0,8.0,20.0,14.0,21.036688,21.371225,20.177376,20.621855,21.335726,22.012909,20.379736,20.460638,20.465227,20.464098,20.10837,20.100248,20.961287,20.942467,21.144453,21.33964,21.138876,21.986607,4.0,4.0,0.0,0.0,0.0,0.0,0.0,4.0
33351,2023.0,8.0,20.0,14.0,20.878618,21.160955,20.29002,20.771326,21.367155,22.047539,20.29852,20.37647,21.109282,21.701624,20.115755,20.110884,20.95811,20.941595,20.899994,20.965736,20.606716,20.829607,4.0,4.0,0.0,4.0,0.0,0.0,0.0,0.0
33352,2023.0,8.0,20.0,14.0,21.410189,22.201416,20.07511,20.34589,21.3964,22.079958,20.240112,20.319885,21.406897,22.126114,20.123276,20.121534,20.955996,20.94194,20.838966,20.900778,21.237595,22.086464,0.0,4.0,0.0,4.0,0.0,0.0,0.0,4.0
33353,2023.0,8.0,20.0,14.0,21.00101,21.331707,20.365623,20.919443,20.89763,21.12804,20.192877,20.274275,20.919952,21.122149,20.13119,20.132706,20.954653,20.943102,20.806358,20.873276,21.42828,22.291794,4.0,0.0,0.0,0.0,0.0,0.0,0.0,4.0
33354,2023.0,8.0,20.0,15.0,21.46675,22.28129,20.48391,21.069162,21.333612,22.052343,20.15463,20.238567,20.750813,20.854195,20.1391,20.143715,20.953947,20.944891,20.704088,20.695593,21.517357,22.378551,4.0,4.0,0.0,0.0,0.0,0.0,0.0,4.0
33355,2023.0,8.0,20.0,15.0,21.041704,21.38576,20.189968,20.47892,20.897133,21.15041,20.121542,20.206995,20.710161,20.807772,20.145895,20.151901,20.952454,20.944695,20.66081,20.650827,20.862566,21.07835,0.0,0.0,0.0,0.0,0.0,0.0,0.0,0.0
33356,2023.0,8.0,20.0,15.0,21.480566,22.285744,20.445805,20.998194,21.311691,22.0244,20.748014,21.412395,20.691797,20.791162,20.152443,20.159622,20.951017,20.944405,20.635008,20.626675,20.626595,20.728191,4.0,4.0,4.0,0.0,0.0,0.0,0.0,0.0
33357,2023.0,8.0,20.0,15.0,21.063932,21.409317,20.212782,20.502924,21.406004,22.10669,20.34992,20.527246,20.58547,20.59188,20.158865,20.16733,20.949656,20.944208,20.613657,20.606928,20.554033,20.649996,0.0,4.0,0.0,0.0,0.0,0.0,0.0,0.0
33358,2023.0,8.0,20.0,15.0,21.51034,22.325293,20.113932,20.362267,21.436329,22.132069,20.28276,20.488428,20.541994,20.539835,20.165525,20.175406,20.948719,20.94447,20.596224,20.591013,20.513445,20.612066,0.0,4.0,0.0,0.0,0.0,0.0,0.0,0.0
33359,2023.0,8.0,20.0,15.0,21.634937,22.459854,19.971712,20.102123,21.470036,22.164865,20.84077,21.546307,20.52406,20.523388,20.554667,20.902117,20.948221,20.945194,20.582205,20.57867,20.485876,20.58799,0.0,4.0,4.0,0.0,4.0,0.0,0.0,0.0
33360,2023.0,8.0,20.0,16.0,21.688477,22.509405,19.90392,20.01392,21.498316,22.192057,21.000065,21.725365,20.510681,20.511803,20.721762,21.129484,20.948246,20.946426,20.570984,20.569204,21.274117,22.086575,0.0,4.0,4.0,0.0,4.0,0.0,0.0,4.0
33361,2023.0,8.0,20.0,16.0,21.73448,22.552637,19.871643,19.979717,21.017143,21.271832,20.55493,20.827679,20.500406,20.502977,20.882956,21.383234,21.682795,22.34194,20.561613,20.561192,21.522764,22.388426,0.0,0.0,0.0,0.0,4.0,4.0,0.0,4.0
33362,2023.0,8.0,20.0,16.0,21.230602,21.575058,20.272661,20.75137,20.830835,21.023489,20.406494,20.619669,20.492474,20.496483,20.633236,20.85116,21.321898,21.518143,20.55371,20.55452,20.891539,21.110367,4.0,0.0,0.0,0.0,0.0,0.0,0.0,0.0
33363,2023.0,8.0,20.0,16.0,21.653364,22.46107,20.003977,20.235725,21.351524,22.059578,20.91667,21.60495,21.165604,21.77231,20.546143,20.708208,21.916689,22.667706,20.546648,20.548666,21.521612,22.375565,0.0,4.0,4.0,4.0,0.0,4.0,0.0,4.0
33364,2023.0,8.0,20.0,16.0,21.834873,22.662518,20.272453,20.734097,20.993328,21.237677,20.606606,20.86159,21.496847,22.178825,20.418264,20.4584,22.139805,22.89497,20.539543,20.542673,21.755747,22.60561,4.0,0.0,0.0,4.0,0.0,4.0,0.0,4.0
33365,2023.0,8.0,20.0,16.0,21.329483,21.681164,20.135777,20.421825,21.424328,22.139462,20.47452,20.688662,21.04597,21.25977,20.369799,20.388102,21.58067,21.773779,20.534878,20.539177,21.819925,22.66469,0.0,4.0,0.0,0.0,0.0,0.0,0.0,4.0
33366,2023.0,8.0,20.0,17.0,21.163774,21.469894,20.080528,20.337273,21.517868,22.218401,20.430578,20.64324,21.55317,22.263117,20.727629,21.070578,21.397318,21.486706,20.5306,20.53622,21.158554,21.36989,0.0,4.0,0.0,4.0,4.0,0.0,0.0,0.0
33367,2023.0,8.0,20.0,17.0,21.68019,22.488886,20.072184,20.327112,21.035011,21.28413,20.301577,20.414433,21.127588,21.347172,20.520222,20.610674,21.348604,21.431118,20.52641,20.532707,20.914255,21.015894,0.0,0.0,0.0,0.0,0.0,0.0,0.0,0.0
33368,2023.0,8.0,20.0,17.0,21.259348,21.602207,20.331182,20.796915,21.468712,22.190783,20.232346,20.32211,20.937988,21.050938,20.785332,21.139433,21.320623,21.404001,20.522345,20.52936,20.82887,20.924139,4.0,4.0,0.0,0.0,4.0,0.0,0.0,0.0
33369,2023.0,8.0,20.0,17.0,21.694592,22.494715,20.433264,20.921537,21.550997,22.248423,20.19736,20.285551,20.89024,20.99756,20.670502,20.874254,21.99997,22.704275,20.518183,20.526094,20.776442,20.87518,4.0,4.0,0.0,0.0,0.0,4.0,0.0,0.0
33370,2023.0,8.0,20.0,17.0,21.830822,22.654785,20.230234,20.514688,21.580473,22.269955,20.81494,21.469646,20.862309,20.970888,20.606379,20.770113,21.570272,21.771473,20.514225,20.523123,21.583763,22.433266,0.0,4.0,4.0,0.0,0.0,0.0,0.0,4.0
33371,2023.0,8.0,20.0,17.0,21.348661,21.705484,20.506184,21.05241,21.614552,22.301449,20.444916,20.636032,20.751331,20.770742,20.598545,20.760952,21.389591,21.481752,21.473637,22.342001,21.060999,21.29208,4.0,4.0,0.0,0.0,0.0,0.0,4.0,0.0
33372,2023.0,8.0,20.0,18.0,21.181133,21.478708,20.295767,20.590584,21.138794,21.387337,20.971004,21.700796,20.697836,20.707226,20.481504,20.531992,22.079111,22.816576,20.97437,21.184122,20.831404,20.941082,0.0,0.0,4.0,0.0,0.0,4.0,0.0,0.0
33373,2023.0,8.0,20.0,18.0,21.699934,22.496687,20.194088,20.435362,21.54362,22.242746,21.002293,21.66413,20.669127,20.67822,20.422283,20.444508,21.596228,21.779716,21.026762,21.312101,20.762484,20.861277,0.0,4.0,0.0,0.0,0.0,0.0,0.0,0.0
33374,2023.0,8.0,20.0,18.0,21.893553,22.7035,20.030916,20.133783,21.665249,22.334753,21.031563,21.655851,20.638933,20.646196,20.392496,20.409819,21.337336,21.412,21.01249,21.2877,20.613398,20.611912,0.0,4.0,0.0,0.0,0.0,0.0,0.0,0.0
33375,2023.0,8.0,20.0,18.0,21.93569,22.732267,20.385706,20.848976,21.171478,21.393724,21.010181,21.575712,21.291445,21.899109,20.745564,21.090784,22.032589,22.765684,21.0072,21.268305,20.55162,20.555328,4.0,0.0,0.0,4.0,4.0,4.0,0.0,0.0
33376,2023.0,8.0,20.0,18.0,21.970406,22.758974,20.17352,20.33269,21.497541,22.157497,21.014662,21.55139,21.026066,21.20188,20.597084,20.712378,21.602915,21.763062,21.007471,21.260386,20.50735,20.51026,0.0,4.0,0.0,0.0,0.0,0.0,0.0,0.0
33377,2023.0,8.0,20.0,18.0,21.462608,21.77721,20.385798,20.818502,21.645971,22.300457,21.013844,21.525194,21.490746,22.179216,20.804157,21.16532,22.085112,22.808977,21.79858,22.738873,20.471449,20.475485,4.0,4.0,0.0,4.0,4.0,4.0,4.0,0.0
33378,2023.0,8.0,20.0,19.0,21.788376,22.538952,20.610012,21.140886,21.673737,22.320097,21.189003,21.812256,21.689102,22.36576,20.688826,20.874556,21.636007,21.793259,21.22573,21.39805,20.440517,20.446302,4.0,4.0,4.0,4.0,0.0,0.0,0.0,0.0
33379,2023.0,8.0,20.0,19.0,21.89963,22.659828,20.663048,21.186138,21.686401,22.31688,21.282995,21.935486,21.732155,22.389025,20.579597,20.69619,21.426155,21.472223,21.882685,22.739695,21.254436,22.008167,4.0,4.0,4.0,4.0,0.0,0.0,4.0,4.0
33380,2023.0,8.0,20.0,19.0,21.93227,22.6767,20.68452,21.188124,21.693218,22.307133,20.978289,21.388573,21.190775,21.330603,20.461441,20.489323,21.346495,21.373873,21.239485,21.37988,21.506786,22.301981,4.0,4.0,0.0,0.0,0.0,0.0,0.0,4.0
33381,2023.0,8.0,20.0,19.0,21.42232,21.68664,20.700521,21.184412,21.177425,21.324562,21.017477,21.465893,21.583332,22.220028,20.384653,20.39142,21.27911,21.295002,21.000244,21.131737,21.606272,22.380121,4.0,0.0,0.0,4.0,0.0,0.0,0.0,4.0
33382,2023.0,8.0,20.0,19.0,21.775257,22.500881,20.710394,21.175114,21.002419,21.16535,21.01239,21.449217,21.7295,22.337753,20.69791,21.014389,21.203766,21.195444,21.00732,21.173222,20.932987,21.035086,4.0,0.0,0.0,4.0,4.0,0.0,0.0,0.0
33383,2023.0,8.0,20.0,19.0,21.912502,22.617064,20.715889,21.161812,21.008083,21.214193,21.21143,21.793442,21.164766,21.245817,20.51893,20.588291,21.148327,21.136923,21.007494,21.192047,20.62849,20.649218,4.0,0.0,4.0,0.0,0.0,0.0,0.0,0.0
33384,2023.0,8.0,20.0,20.0,21.370993,21.570433,20.364702,20.48924,21.398703,21.959732,21.284365,21.858091,20.884747,20.884335,20.354244,20.360031,21.104813,21.092888,21.007544,21.204548,20.531073,20.535854,0.0,4.0,4.0,0.0,0.0,0.0,0.0,0.0
33385,2023.0,8.0,20.0,20.0,21.769371,22.483303,20.579277,20.996151,20.9683,21.130922,20.978258,21.320166,20.77823,20.762634,20.294767,20.291977,21.064962,21.051966,21.00792,21.213264,20.464203,20.458782,4.0,0.0,0.0,0.0,0.0,0.0,0.0,0.0
33386,2023.0,8.0,20.0,20.0,21.330927,21.516247,20.661533,21.061544,21.370647,21.915785,21.199762,21.73419,21.338144,21.873861,20.25603,20.25218,21.028852,21.01599,21.007895,21.218985,20.410126,20.40028,4.0,4.0,4.0,4.0,0.0,0.0,0.0,0.0
33387,2023.0,8.0,20.0,20.0,21.071625,21.191956,20.662258,21.044779,20.97872,21.153645,20.985092,21.322405,21.540806,22.079723,20.221472,20.21623,21.75349,22.424421,21.00821,21.223532,21.264967,22.060627,4.0,0.0,0.0,4.0,0.0,4.0,0.0,4.0
33388,2023.0,8.0,20.0,20.0,21.608568,22.262995,20.662445,21.02906,21.334562,21.844997,21.185354,21.690796,20.998455,21.01676,20.53466,20.831417,21.907549,22.486486,21.008148,21.226315,20.753,20.801271,4.0,4.0,4.0,0.0,4.0,4.0,0.0,0.0
33389,2023.0,8.0,20.0,20.0,21.773775,22.40559,20.31105,20.363361,20.970894,21.136566,20.987137,21.31203,20.72431,20.670238,20.352316,20.386936,21.277136,21.260069,21.00837,21.22864,20.429617,20.393377,0.0,0.0,0.0,0.0,0.0,0.0,0.0,0.0
33390,2023.0,8.0,20.0,21.0,21.243858,21.376406,20.506134,20.835997,21.309408,21.791054,21.178226,21.66214,20.622993,20.554272,20.174595,20.134901,21.028734,20.949186,21.008846,21.230665,20.337381,20.28906,4.0,4.0,4.0,0.0,0.0,0.0,0.0,0.0
33391,2023.0,8.0,20.0,21.0,20.993124,21.081022,20.224907,20.23484,20.954144,21.103405,21.241545,21.721413,20.550354,20.473715,20.101881,20.04683,21.00367,20.962708,21.008322,21.230202,20.281092,20.226753,0.0,0.0,4.0,0.0,0.0,0.0,0.0,0.0
33392,2023.0,8.0,20.0,21.0,21.006817,21.149124,20.044262,20.003323,21.017345,21.242271,20.987495,21.283724,21.24302,21.839956,20.094458,20.073816,21.005075,20.995308,21.008877,21.231754,20.274427,20.25609,0.0,0.0,0.0,4.0,0.0,0.0,0.0,0.0
33393,2023.0,8.0,20.0,21.0,21.00536,21.172138,20.442976,20.807743,21.01086,21.235886,21.019447,21.356085,21.395727,21.877522,20.400318,20.660442,21.67275,22.287903,21.009003,21.232235,20.250065,20.227888,4.0,0.0,0.0,4.0,4.0,4.0,0.0,0.0
33394,2023.0,8.0,20.0,21.0,21.586956,22.285957,20.246367,20.31983,21.00849,21.240831,21.167688,21.611206,21.404993,21.869913,20.569515,20.871845,21.806576,22.322182,21.009241,21.232765,20.219563,20.195263,0.0,0.0,4.0,4.0,4.0,4.0,0.0,0.0
33395,2023.0,8.0,20.0,21.0,21.128445,21.228249,19.99004,19.925137,21.008833,21.247198,20.993078,21.28848,20.8416,20.777174,20.214287,20.154078,21.174248,21.09526,21.009373,21.232899,20.190775,20.162628,0.0,0.0,0.0,0.0,0.0,0.0,0.0,0.0
33396,2023.0,8.0,20.0,22.0,21.009878,21.171347,20.287703,20.537127,21.347593,21.87362,21.019175,21.34437,20.576826,20.459621,20.030542,19.93043,21.0023,20.941832,21.694359,22.510351,20.99149,21.695896,4.0,4.0,0.0,0.0,0.0,0.0,4.0,4.0
33397,2023.0,8.0,20.0,22.0,21.006857,21.184914,20.420168,20.690588,21.372845,21.79116,21.015656,21.336437,20.479588,20.355663,19.965282,19.857582,21.007296,20.984573,20.959564,21.05053,20.481712,20.440819,4.0,4.0,0.0,0.0,0.0,0.0,0.0,0.0
33398,2023.0,8.0,20.0,22.0,21.559256,22.240389,20.079674,20.0339,20.968884,21.105318,21.01161,21.335148,20.415102,20.290892,19.990871,19.952501,21.007046,21.005812,21.026379,21.206104,20.192688,20.094692,0.0,0.0,0.0,0.0,0.0,0.0,0.0,0.0
33399,2023.0,8.0,20.0,22.0,21.084589,21.163527,19.893541,19.786282,21.018219,21.223692,21.012253,21.340368,20.440739,20.395523,19.98445,19.943083,21.003586,21.021215,21.010757,21.186005,20.119875,20.01656,0.0,0.0,0.0,0.0,0.0,0.0,0.0,0.0
33400,2023.0,8.0,20.0,22.0,21.013256,21.208384,19.915497,19.888374,21.024435,21.243364,21.02447,21.366783,20.426657,20.38027,19.957417,19.912401,21.006329,21.044302,21.023561,21.21747,20.07127,19.963589,0.0,0.0,0.0,0.0,0.0,0.0,0.0,0.0
33401,2023.0,8.0,20.0,22.0,21.013826,21.207607,19.903471,19.876814,21.016315,21.23782,21.024326,21.363794,20.394007,20.3459,19.933664,19.886677,21.007072,21.05682,21.017084,21.211336,20.102253,20.062159,0.0,0.0,0.0,0.0,0.0,0.0,0.0,0.0
33402,2023.0,8.0,20.0,23.0,21.00555,21.211199,19.879597,19.851479,21.017244,21.249706,21.02488,21.365383,20.36257,20.312748,19.910717,19.861755,21.008081,21.068523,21.017576,21.2208,20.095427,20.054104,0.0,0.0,0.0,0.0,0.0,0.0,0.0,0.0
33403,2023.0,8.0,20.0,23.0,20.902418,21.02676,20.29319,20.64695,20.772757,20.784256,20.683775,20.708534,20.333658,20.282984,19.88918,19.838942,20.876749,20.822735,20.754244,20.717564,20.076077,20.033506,4.0,0.0,0.0,0.0,0.0,0.0,0.0,0.0
33404,2023.0,8.0,20.0,23.0,20.852661,20.965641,20.038698,20.081335,20.655981,20.62201,20.534243,20.50499,20.889137,21.34832,20.169167,20.377686,20.82622,20.765652,20.661034,20.61047,20.05667,20.011784,0.0,0.0,0.0,4.0,4.0,0.0,0.0,0.0
33405,2023.0,8.0,20.0,23.0,21.458355,22.129597,19.907007,19.879303,21.238022,21.763636,21.106659,21.640368,20.505737,20.502901,19.976526,19.95222,20.79382,20.731232,20.606024,20.553629,20.036852,19.989859,0.0,4.0,4.0,0.0,0.0,0.0,0.0,0.0
33406,2023.0,8.0,20.0,23.0,20.916378,20.966778,19.864588,19.827005,20.841291,20.904264,20.69616,20.761711,20.270784,20.119068,19.887962,19.830168,20.76346,20.698465,20.558184,20.503666,20.017008,19.967815,0.0,0.0,0.0,0.0,0.0,0.0,0.0,0.0
33407,2023.0,8.0,20.0,23.0,20.691145,20.638842,19.833702,19.791365,20.48687,20.301283,20.339882,20.163977,20.181587,20.012169,20.165173,20.372486,20.734291,20.665926,20.514297,20.456375,19.996784,19.944742,0.0,0.0,0.0,0.0,4.0,0.0,0.0,0.0
33408,2023.0,8.0,21.0,0.0,20.615189,20.552765,19.80771,19.761332,20.37004,20.158842,20.219,20.018478,20.230421,20.16143,19.93098,19.871372,20.706524,20.635128,20.474253,20.4135,19.97646,19.921751,0.0,0.0,0.0,0.0,0.0,0.0,0.0,0.0
33409,2023.0,8.0,21.0,0.0,20.722054,20.81881,19.784966,19.73584,20.45749,20.399792,20.295912,20.24279,20.219746,20.153122,19.860672,19.792042,20.68046,20.607134,20.437534,20.375038,19.956572,19.900188,0.0,0.0,0.0,0.0,0.0,0.0,0.0,0.0
33410,2023.0,8.0,21.0,0.0,20.710505,20.806309,19.76714,19.718658,20.437338,20.38236,20.271288,20.221409,20.19693,20.13063,19.830774,19.763166,21.329844,21.855774,21.302343,22.033142,20.6551,21.230734,0.0,0.0,0.0,0.0,0.0,4.0,4.0,4.0
33411,2023.0,8.0,21.0,0.0,20.688787,20.782553,19.747936,19.69781,20.408,20.35306,20.237902,20.188131,20.17202,20.104378,19.800816,19.731445,20.75419,20.622492,20.598333,20.500742,20.202642,20.21608,0.0,0.0,0.0,0.0,0.0,0.0,0.0,0.0
33412,2023.0,8.0,21.0,0.0,20.665163,20.755342,19.727331,19.673496,20.376165,20.31727,20.202219,20.148355,20.145554,20.07484,19.771135,19.697765,20.55235,20.342276,20.352167,20.169456,19.92285,19.75447,0.0,0.0,0.0,0.0,0.0,0.0,0.0,0.0
33413,2023.0,8.0,21.0,0.0,20.644274,20.733654,19.710869,19.65701,20.349857,20.29184,20.173216,20.120556,20.707298,21.151735,19.746763,19.67342,20.496923,20.286377,20.27987,20.098442,19.851927,19.684435,0.0,0.0,0.0,4.0,0.0,0.0,0.0,0.0
33414,2023.0,8.0,21.0,1.0,20.622986,20.710775,19.693497,19.638287,20.322756,20.264029,20.143787,20.090488,20.330112,20.31693,19.722252,19.647701,20.56578,20.471865,20.218525,20.035814,20.625116,21.195747,0.0,0.0,0.0,0.0,0.0,0.0,0.0,4.0
33415,2023.0,8.0,21.0,1.0,20.600695,20.685364,19.674637,19.616268,20.294586,20.233334,20.113836,20.057964,20.067097,19.87757,19.69689,19.619535,20.569498,20.48643,20.270073,20.189434,20.049873,19.928795,0.0,0.0,0.0,0.0,0.0,0.0,0.0,0.0
33416,2023.0,8.0,21.0,1.0,20.57744,20.658052,19.654549,19.59192,20.265703,20.200703,20.083668,20.023891,19.96854,19.75812,19.979813,20.169226,20.547497,20.462288,20.263893,20.190796,19.847496,19.661415,0.0,0.0,0.0,0.0,4.0,0.0,0.0,0.0
33417,2023.0,8.0,21.0,1.0,20.55422,20.630941,19.63456,19.56771,20.237589,20.168997,20.054516,19.991068,20.036678,19.950365,19.746624,19.66703,20.5239,20.435654,20.236835,20.16134,19.778353,19.585783,0.0,0.0,0.0,0.0,0.0,0.0,0.0,0.0
33418,2023.0,8.0,21.0,1.0,20.531004,20.603973,19.61416,19.54257,20.20959,20.136976,20.025593,19.958092,20.029028,19.94473,19.675695,19.586716,20.499733,20.408337,20.20821,20.129936,19.843416,19.769247,0.0,0.0,0.0,0.0,0.0,0.0,0.0,0.0
33419,2023.0,8.0,21.0,1.0,20.52494,20.611172,19.59565,19.521235,20.184105,20.109432,19.9993,19.929823,20.004047,19.917652,19.963509,20.154995,20.476444,20.382807,20.180159,20.099949,19.829977,19.753996,0.0,0.0,0.0,0.0,4.0,0.0,0.0,0.0
33420,2023.0,8.0,21.0,2.0,20.506075,20.589214,19.57499,19.49574,20.156763,20.077978,19.971247,19.89768,19.976357,19.886723,20.062637,20.28089,20.452038,20.355196,20.151133,20.068096,19.803719,19.724997,0.0,0.0,0.0,0.0,4.0,0.0,0.0,0.0
33421,2023.0,8.0,21.0,2.0,20.487875,20.570065,19.55926,19.479847,20.134525,20.056398,19.948603,19.875702,20.539331,20.967793,19.604376,19.371101,20.430676,20.333735,20.12511,20.042183,19.779194,19.700493,0.0,0.0,0.0,4.0,0.0,0.0,0.0,0.0
33422,2023.0,8.0,21.0,2.0,20.468164,20.547873,19.541752,19.459892,20.110296,20.030165,19.924088,19.849115,20.757555,21.249498,19.774107,19.803576,20.408081,20.309368,20.097918,20.013344,19.753027,19.67262,0.0,0.0,0.0,4.0,4.0,0.0,0.0,0.0
33423,2023.0,8.0,21.0,2.0,20.45004,20.528421,19.525434,19.442368,20.087837,20.007097,19.901396,19.82581,20.635124,20.916626,19.48486,19.216364,20.386753,20.287264,20.072172,19.987015,19.728245,19.647196,0.0,0.0,0.0,4.0,0.0,0.0,0.0,0.0
33424,2023.0,8.0,21.0,2.0,20.432425,20.509638,19.509254,19.425102,20.065825,19.984615,19.879217,19.803162,20.077726,19.859026,19.528511,19.418514,20.365885,20.265821,20.047026,19.961533,20.431952,20.992891,0.0,0.0,0.0,0.0,0.0,0.0,0.0,4.0
33425,2023.0,8.0,21.0,2.0,20.413992,20.489365,19.492115,19.406296,20.043163,19.960598,19.856495,19.77906,20.48229,20.751724,19.536022,19.436626,20.344572,20.243248,20.021423,19.934824,19.950563,19.925837,0.0,0.0,0.0,4.0,0.0,0.0,0.0,0.0
33426,2023.0,8.0,21.0,3.0,20.395523,20.469393,19.475126,19.38801,20.021109,19.937574,19.83457,19.75609,20.034088,19.818245,19.793348,19.94247,20.323833,20.221617,20.909576,21.62889,19.66265,19.452639,0.0,0.0,0.0,0.0,4.0,0.0,4.0,0.0
33427,2023.0,8.0,21.0,3.0,20.377,20.449577,19.458435,19.370255,19.999569,19.915186,19.81306,19.733744,19.838629,19.577337,19.608938,19.542292,20.303469,20.200552,20.16911,20.013842,19.561176,19.336645,0.0,0.0,0.0,0.0,0.0,0.0,0.0,0.0
33428,2023.0,8.0,21.0,3.0,20.357931,20.429022,19.441803,19.352436,19.978273,19.892809,19.791553,19.711285,20.361902,20.630566,19.505903,19.4037,20.283213,20.179445,19.921888,19.68606,19.627586,19.529873,0.0,0.0,0.0,4.0,0.0,0.0,0.0,0.0
33429,2023.0,8.0,21.0,3.0,20.33885,20.40869,19.4253,19.33499,19.957241,19.871016,19.770283,19.689375,19.91511,19.682613,19.469992,19.366842,20.263342,20.15895,19.846577,19.609882,19.627901,19.541405,0.0,0.0,0.0,0.0,0.0,0.0,0.0,0.0
33430,2023.0,8.0,21.0,3.0,20.318659,20.386156,19.407047,19.314219,19.934345,19.8457,19.747295,19.664019,19.738169,19.470604,19.434435,19.328337,20.242521,20.136436,19.782652,19.542994,19.603163,19.515657,0.0,0.0,0.0,0.0,0.0,0.0,0.0,0.0
33431,2023.0,8.0,21.0,3.0,20.299465,20.365904,19.390932,19.29796,19.913801,19.825249,19.72682,19.643644,19.846266,19.758804,19.404514,19.298666,20.223219,20.116888,19.875341,19.77989,19.57833,19.490686,0.0,0.0,0.0,0.0,0.0,0.0,0.0,0.0
33432,2023.0,8.0,21.0,4.0,20.28005,20.345583,19.374422,19.281002,19.893024,19.804295,19.706217,19.622843,19.824446,19.722727,19.684208,19.848337,20.204008,20.097387,19.872744,19.780743,19.553398,19.465624,0.0,0.0,0.0,0.0,4.0,0.0,0.0,0.0
33433,2023.0,8.0,21.0,4.0,20.259693,20.323698,19.357111,19.26256,19.871344,19.781672,19.684778,19.600437,19.79108,19.6899,19.447645,19.343523,20.1843,20.076939,19.851505,19.759336,19.527918,19.439415,0.0,0.0,0.0,0.0,0.0,0.0,0.0,0.0
33434,2023.0,8.0,21.0,4.0,20.240442,20.304035,19.341047,19.246418,19.851015,19.761616,19.66474,19.580626,20.352348,20.77283,19.377703,19.271452,20.165535,20.05829,19.82859,19.736713,19.503721,19.415518,0.0,0.0,0.0,4.0,0.0,0.0,0.0,0.0
33435,2023.0,8.0,21.0,4.0,20.220932,20.28375,19.324514,19.22943,19.830276,19.7407,19.644295,19.559978,20.558907,21.035505,19.342863,19.236567,20.146551,20.039164,19.804567,19.71275,20.207062,20.760935,0.0,0.0,0.0,4.0,0.0,0.0,0.0,4.0
33436,2023.0,8.0,21.0,4.0,20.201553,20.263334,19.30758,19.211761,19.809195,19.719084,19.62362,19.538708,19.87552,19.660742,19.30984,19.203085,20.127317,20.019524,19.779947,19.687855,19.734411,19.712025,0.0,0.0,0.0,0.0,0.0,0.0,0.0,0.0
33437,2023.0,8.0,21.0,4.0,20.181313,20.241116,19.289513,19.191984,19.786982,19.69521,19.602001,19.515337,19.64181,19.366037,19.277674,19.168968,20.10729,19.998295,19.754255,19.660955,19.415716,19.178028,0.0,0.0,0.0,0.0,0.0,0.0,0.0,0.0
33438,2023.0,8.0,21.0,5.0,20.162638,20.2225,19.273289,19.176163,19.767067,19.675947,19.582584,19.496487,19.563599,19.29508,19.24973,19.142193,20.088928,19.980417,20.654194,21.377594,19.3264,19.089424,0.0,0.0,0.0,0.0,0.0,0.0,4.0,0.0
33439,2023.0,8.0,21.0,5.0,20.142603,20.20175,19.256168,19.158792,19.746426,19.655025,19.562105,19.475836,19.640211,19.517908,19.221449,19.113838,20.760563,21.26699,19.900713,19.735176,19.395386,19.290037,0.0,0.0,0.0,0.0,0.0,4.0,0.0,0.0
33440,2023.0,8.0,21.0,5.0,20.122107,20.180285,19.238857,19.14113,19.72595,19.633984,19.541323,19.454773,19.64673,19.543346,19.193714,19.085806,20.29955,20.256145,19.649464,19.403349,19.399218,19.308613,0.0,0.0,0.0,0.0,0.0,0.0,0.0,0.0
33441,2023.0,8.0,21.0,5.0,20.10095,20.157503,19.220833,19.12211,19.70481,19.611624,19.519787,19.43226,19.617977,19.514797,19.16582,19.056849,19.974146,19.689749,19.57117,19.3232,19.374603,19.283966,0.0,0.0,0.0,0.0,0.0,0.0,0.0,0.0
33442,2023.0,8.0,21.0,5.0,20.081738,20.138659,19.204618,19.106787,19.685528,19.593298,19.500317,19.413883,20.159115,20.556503,19.140974,19.033403,19.890627,19.605856,20.409071,20.95225,19.35011,19.260592,0.0,0.0,0.0,4.0,0.0,0.0,4.0,0.0
33443,2023.0,8.0,21.0,5.0,20.714487,21.34263,19.187193,19.08911,19.66488,19.572369,19.47956,19.392942,20.392868,20.871597,19.115513,19.00785,19.83394,19.548399,20.674025,21.26346,20.052238,20.604795,0.0,0.0,0.0,4.0,0.0,0.0,4.0,4.0
33444,2023.0,8.0,21.0,6.0,20.903841,21.556154,19.169851,19.07156,19.644571,19.551735,19.459044,19.372252,20.272215,20.54399,19.09142,18.9838,19.944311,19.815304,19.888626,19.694492,19.579502,19.556341,0.0,0.0,0.0,4.0,0.0,0.0,0.0,0.0
33445,2023.0,8.0,21.0,6.0,21.042953,21.74212,19.154673,19.058332,21.17406,22.290075,21.197535,22.482862,19.990444,20.060276,19.070618,18.964771,21.15227,21.895897,21.293139,22.246681,19.273108,19.046461,0.0,0.0,0.0,0.0,0.0,4.0,0.0,0.0
33446,2023.0,8.0,21.0,6.0,20.990501,21.544725,19.138031,19.043192,20.991747,21.769814,20.990614,21.88972,20.228312,20.498047,19.049599,18.944931,21.010212,21.55612,20.99968,21.622484,19.152105,18.920996,0.0,0.0,0.0,4.0,0.0,0.0,0.0,0.0
33447,2023.0,8.0,21.0,6.0,21.03319,21.606707,19.122602,19.030003,21.028294,21.746967,21.032185,21.862715,19.974339,20.0131,19.033016,18.93046,21.027113,21.508392,21.03643,21.634586,19.24741,19.167768,0.0,0.0,0.0,0.0,0.0,0.0,0.0,0.0
33448,2023.0,8.0,21.0,6.0,21.02328,21.553886,19.54405,19.834732,20.996012,21.600035,21.025015,21.776495,19.65172,19.405489,19.020985,18.921307,20.998219,21.37239,21.02001,21.571493,20.032408,20.634785,4.0,4.0,0.0,0.0,0.0,4.0,0.0,4.0
33449,2023.0,8.0,21.0,6.0,21.023094,21.528557,20.06849,20.655582,21.028088,21.647606,21.024231,21.725433,19.479128,19.227438,19.338411,19.528315,21.026249,21.388992,21.01999,21.546446,19.987425,20.32548,0.0,0.0,0.0,0.0,4.0,4.0,0.0,0.0
33450,2023.0,8.0,21.0,7.0,21.200745,21.837454,19.92969,20.278074,21.030403,21.60379,21.024454,21.690254,20.191278,20.650679,20.078926,20.709505,21.064514,21.428394,21.360584,22.138792,19.467588,19.274452,4.0,0.0,0.0,4.0,4.0,4.0,4.0,0.0
33451,2023.0,8.0,21.0,7.0,21.067097,21.504313,20.038614,20.493097,21.028177,21.56497,20.99669,21.590284,19.950396,20.039444,20.005978,20.478724,21.110916,21.484253,20.965944,21.359568,19.255684,19.051191,0.0,0.0,4.0,0.0,0.0,4.0,0.0,0.0
33452,2023.0,8.0,21.0,7.0,21.02825,21.474749,19.449217,19.302963,21.019327,21.53988,21.029226,21.663292,20.273237,20.613684,19.901264,20.17883,21.155844,21.536093,21.031992,21.47781,19.324543,19.247503,0.0,0.0,0.0,4.0,4.0,4.0,0.0,0.0
33453,2023.0,8.0,21.0,7.0,21.033792,21.488693,19.567621,19.700405,21.04105,21.545921,21.030708,21.636189,20.423916,20.78427,20.046345,20.432516,21.00277,21.258833,21.023159,21.448801,19.347275,19.279005,4.0,4.0,0.0,4.0,0.0,0.0,0.0,0.0
33454,2023.0,8.0,21.0,7.0,21.042624,21.506483,20.078335,20.564396,21.000546,21.457582,21.002968,21.539064,20.499819,20.867395,19.819838,19.911623,21.203243,21.605831,21.023499,21.437832,19.34033,19.276957,0.0,4.0,4.0,4.0,4.0,4.0,0.0,0.0
33455,2023.0,8.0,21.0,7.0,21.066236,21.550934,19.502132,19.39155,21.032522,21.536526,21.035116,21.614046,20.565794,20.939114,20.03782,20.330025,21.279213,21.684471,21.016708,21.425777,20.203325,20.916784,0.0,0.0,0.0,4.0,4.0,4.0,0.0,4.0
33456,2023.0,8.0,21.0,8.0,21.016243,21.483532,19.32889,19.2581,20.998947,21.439972,21.02803,21.58824,19.963663,19.874464,20.015482,20.266348,21.331215,21.745632,21.016909,21.42435,20.428606,20.99896,0.0,4.0,0.0,0.0,0.0,4.0,0.0,4.0
33457,2023.0,8.0,21.0,8.0,20.504198,20.501747,19.745375,20.071598,20.89524,21.240961,20.847757,21.202618,19.791632,19.600822,19.611347,19.45866,20.7158,20.551546,20.555937,20.531801,20.514566,21.092083,4.0,4.0,4.0,0.0,0.0,0.0,0.0,4.0
33458,2023.0,8.0,21.0,8.0,20.969986,21.495852,20.018673,20.487608,20.875841,21.229136,20.806318,21.163197,19.724068,19.532007,19.569008,19.477251,21.241623,21.661228,20.38891,20.316732,20.605597,21.19065,4.0,4.0,4.0,0.0,0.0,4.0,0.0,4.0
33459,2023.0,8.0,21.0,8.0,21.107368,21.633478,20.020128,20.447477,20.334375,20.236887,20.245296,20.145596,19.690508,19.510094,19.572134,19.493397,21.448267,21.89598,20.298285,20.22643,19.956999,20.01804,0.0,0.0,0.0,0.0,0.0,4.0,0.0,0.0
33460,2023.0,8.0,21.0,8.0,20.558943,20.604841,19.552273,19.509996,20.041405,19.87678,19.94591,19.78968,20.448048,20.975773,19.554613,19.47857,20.855978,20.738056,20.232399,20.162254,19.713886,19.585299,0.0,0.0,0.0,4.0,0.0,0.0,0.0,0.0
33461,2023.0,8.0,21.0,8.0,21.005621,21.567225,19.757792,19.982794,19.94996,19.788292,20.479776,20.878618,19.967548,20.002537,19.548536,19.472843,20.65106,20.450485,20.191076,20.12126,19.619913,19.478333,4.0,0.0,4.0,0.0,0.0,0.0,0.0,0.0
33462,2023.0,8.0,21.0,9.0,21.143784,21.705938,20.04139,20.452055,19.885036,19.741865,20.097095,20.042198,19.787941,19.65135,19.54512,19.470327,20.58135,20.38857,20.150957,20.082561,19.57953,19.446949,0.0,0.0,0.0,0.0,0.0,0.0,0.0,0.0
33463,2023.0,8.0,21.0,9.0,20.598251,20.679655,19.966305,20.256445,20.567316,21.09614,19.840815,19.736193,20.385012,20.82122,19.546043,19.47106,21.250818,21.700407,20.118092,20.05069,19.555864,19.431751,4.0,4.0,0.0,4.0,0.0,4.0,0.0,0.0
33464,2023.0,8.0,21.0,9.0,20.386536,20.40482,20.02665,20.385414,20.118864,20.118593,19.764193,19.662312,19.978855,20.008512,19.553453,19.47803,20.805187,20.73346,20.096724,20.029078,19.592218,19.52266,0.0,0.0,0.0,0.0,0.0,0.0,0.0,0.0
33465,2023.0,8.0,21.0,9.0,20.290926,20.319883,20.003672,20.309204,19.84092,19.759657,19.76687,19.738043,20.500774,20.974813,19.562967,19.48698,21.29821,21.784712,20.0758,20.008593,19.60258,19.539564,4.0,0.0,0.0,4.0,0.0,4.0,0.0,0.0
33466,2023.0,8.0,21.0,9.0,20.246403,20.297289,20.018616,20.355509,19.784994,19.705338,20.418638,20.99946,20.09142,20.071526,19.576271,19.500015,20.834734,20.790161,20.062336,19.994953,19.600254,19.537891,0.0,0.0,4.0,0.0,0.0,0.0,0.0,0.0
33467,2023.0,8.0,21.0,9.0,20.96694,21.713821,20.032549,20.358059,19.793684,19.770918,20.556566,21.05977,20.526447,20.993902,19.945879,20.179653,21.318949,21.813818,20.049437,19.982283,19.597626,19.535284,4.0,0.0,4.0,4.0,4.0,4.0,0.0,0.0
33468,2023.0,8.0,21.0,10.0,20.468294,20.623158,20.012468,20.338505,19.782085,19.773384,20.032536,20.05943,20.144203,20.143806,20.003464,20.205704,20.869078,20.845411,20.041569,19.97412,19.598698,19.536114,0.0,0.0,0.0,0.0,0.0,0.0,0.0,0.0
33469,2023.0,8.0,21.0,10.0,20.86855,21.54654,19.698168,19.73766,19.756144,19.752733,19.79097,19.76735,20.600492,21.096525,19.81021,19.773829,20.643892,20.517834,20.03411,19.966381,19.60018,19.537128,0.0,0.0,0.0,4.0,0.0,0.0,0.0,0.0
33470,2023.0,8.0,21.0,10.0,20.421005,20.593435,19.577131,19.586905,19.733809,19.734653,20.353872,20.878689,20.828806,21.38712,19.746655,19.668167,21.322918,21.826056,20.030272,19.961987,19.60329,19.539522,0.0,0.0,4.0,4.0,0.0,4.0,0.0,0.0
33471,2023.0,8.0,21.0,10.0,20.24817,20.356659,19.522156,19.53374,19.71191,19.716742,20.502323,21.046156,20.321285,20.346138,19.751638,19.669947,21.580048,22.175789,20.027918,19.959068,19.607723,19.543266,0.0,0.0,4.0,0.0,0.0,4.0,0.0,0.0
33472,2023.0,8.0,21.0,10.0,20.201298,20.319777,19.913656,20.30896,20.363688,20.96469,20.008673,20.0838,20.1454,20.062437,19.762693,19.67928,21.683243,22.282892,20.027386,19.957962,19.614004,19.548756,4.0,4.0,0.0,0.0,0.0,4.0,0.0,0.0
33473,2023.0,8.0,21.0,10.0,20.188047,20.336817,20.035324,20.46427,19.972452,20.087706,19.834267,19.849905,20.105755,20.01831,20.13554,20.365456,21.7654,22.359934,20.028559,19.958544,19.621794,19.555851,4.0,0.0,0.0,0.0,4.0,4.0,0.0,0.0
33474,2023.0,8.0,21.0,11.0,20.1644,20.320114,20.01074,20.411953,20.422792,21.001362,19.776989,19.801476,20.768127,21.279402,19.993637,20.038609,21.842136,22.436678,20.031673,19.961115,19.630346,19.563797,0.0,4.0,0.0,4.0,0.0,4.0,0.0,0.0
33475,2023.0,8.0,21.0,11.0,20.797798,21.537163,20.07091,20.48683,20.068573,20.177366,20.39331,21.008667,20.41932,20.408491,19.903486,19.830116,21.921337,22.516214,20.03654,19.965761,19.639997,19.573078,4.0,0.0,4.0,0.0,0.0,4.0,0.0,0.0
33476,2023.0,8.0,21.0,11.0,20.943975,21.6694,20.003885,20.368353,20.51164,21.092361,19.996662,20.138172,20.277246,20.204409,20.254122,20.490705,21.987408,22.583527,20.042902,19.972027,20.51427,21.216051,0.0,4.0,0.0,0.0,4.0,4.0,0.0,4.0
33477,2023.0,8.0,21.0,11.0,21.030584,21.768618,20.10525,20.535961,20.169416,20.303844,19.762611,19.839712,20.253408,20.185987,20.490086,20.787281,22.058336,22.65612,20.050653,19.979963,20.10487,20.151035,4.0,0.0,0.0,0.0,4.0,4.0,0.0,0.0
33478,2023.0,8.0,21.0,11.0,21.097466,21.842957,19.996178,20.340187,20.610859,21.223255,20.358995,20.992123,20.232044,20.151682,20.222946,20.223335,22.119865,22.720768,20.059063,19.988821,19.935553,19.90015,0.0,4.0,4.0,0.0,0.0,4.0,0.0,0.0
33479,2023.0,8.0,21.0,11.0,20.59029,20.846079,19.7756,19.919474,20.243204,20.390345,20.56463,21.189499,20.221218,20.140081,20.47612,20.739721,21.493114,21.479994,20.068464,19.99885,19.91077,19.8802,0.0,0.0,4.0,0.0,4.0,0.0,0.0,0.0
33480,2023.0,8.0,21.0,12.0,21.062183,21.832975,20.04497,20.470207,20.067778,20.157982,20.09648,20.271936,20.220922,20.140589,20.297123,20.323837,21.984304,22.493279,21.058033,21.862392,19.870962,19.808434,4.0,0.0,0.0,0.0,0.0,4.0,4.0,0.0
33481,2023.0,8.0,21.0,12.0,20.9965,21.659689,20.148808,20.606205,21.101824,22.018713,21.137209,22.198614,20.222328,20.142725,20.21738,20.183897,22.198257,22.81046,20.992544,21.579163,19.853968,19.786173,4.0,4.0,0.0,0.0,0.0,4.0,0.0,0.0
33482,2023.0,8.0,21.0,12.0,21.162481,21.918573,19.991669,20.330675,21.011911,21.77979,21.00743,21.84444,20.224571,20.145994,20.173754,20.09249,21.584467,21.580166,21.01562,21.530651,19.848833,19.78166,0.0,0.0,0.0,0.0,0.0,0.0,0.0,0.0
33483,2023.0,8.0,21.0,12.0,21.249352,22.015062,19.790455,19.949377,21.020182,21.741564,20.996296,21.74127,20.22843,20.151455,20.158323,20.072563,21.35018,21.27499,21.011122,21.45799,19.848341,19.78262,0.0,0.0,4.0,0.0,0.0,0.0,0.0,0.0
33484,2023.0,8.0,21.0,12.0,21.299168,22.071354,19.71149,19.873499,21.008026,21.647383,21.027908,21.788841,20.233,20.157745,20.164082,20.079617,21.310295,21.242878,21.588282,22.480032,19.8504,19.78656,0.0,4.0,0.0,0.0,0.0,0.0,4.0,0.0
33485,2023.0,8.0,21.0,12.0,20.976957,21.501827,19.604372,19.696808,21.024063,21.689863,21.020613,21.744564,20.238428,20.165483,20.172415,20.090149,22.028915,22.632532,20.966215,21.231611,19.85386,19.792267,0.0,0.0,0.0,0.0,0.0,4.0,0.0,0.0
33486,2023.0,8.0,21.0,13.0,21.017908,21.593813,19.530807,19.605494,21.017752,21.65755,21.020588,21.721483,20.243877,20.17363,20.181746,20.102415,21.59131,21.614044,21.01914,21.333443,19.858097,19.799133,0.0,0.0,0.0,0.0,0.0,0.0,0.0,0.0
33487,2023.0,8.0,21.0,13.0,21.024977,21.608755,19.492733,19.565985,21.036566,21.676262,21.043839,21.745565,20.249681,20.182983,20.192574,20.11779,21.36969,21.322569,21.020504,21.324392,19.863184,19.807587,0.0,0.0,0.0,0.0,0.0,0.0,0.0,0.0
33488,2023.0,8.0,21.0,13.0,21.023325,21.602135,19.46945,19.54789,21.038017,21.658752,21.027386,21.662792,20.255129,20.191902,20.202856,20.132092,21.342817,21.306957,21.023308,21.31712,19.86841,19.816217,0.0,0.0,4.0,0.0,0.0,0.0,0.0,0.0
33489,2023.0,8.0,21.0,13.0,21.273668,22.051594,19.89303,20.364447,21.015139,21.60754,21.062754,21.734812,20.260246,20.20021,20.212389,20.14493,21.28452,21.214537,21.008936,21.281265,19.87371,19.82473,4.0,0.0,4.0,0.0,0.0,0.0,0.0,0.0
33490,2023.0,8.0,21.0,13.0,20.972029,21.475643,20.059414,20.544048,21.017962,21.605536,21.013702,21.66099,20.978968,21.558798,20.22336,20.160421,21.252457,21.18302,21.00991,21.27591,19.879915,19.8349,4.0,0.0,0.0,4.0,0.0,0.0,0.0,0.0
33491,2023.0,8.0,21.0,13.0,21.016062,21.576172,20.000362,20.425879,21.017307,21.597782,21.09042,21.776726,20.63385,20.667246,20.235283,20.177744,21.23446,21.169111,21.00976,21.269638,19.885752,19.844582,0.0,0.0,4.0,0.0,0.0,0.0,0.0,0.0
33492,2023.0,8.0,21.0,14.0,21.009687,21.56899,20.213589,20.798733,21.016645,21.591236,21.13044,21.827593,20.508835,20.560038,20.247063,20.195099,21.220512,21.1599,21.008974,21.263723,19.89172,19.855148,4.0,0.0,4.0,0.0,0.0,0.0,0.0,0.0
33493,2023.0,8.0,21.0,14.0,20.678541,20.930008,19.980503,20.338575,20.55961,20.7061,21.155264,21.8599,20.520714,20.57924,20.258307,20.212122,21.209532,21.154531,20.72029,20.701563,19.897312,19.865248,0.0,0.0,4.0,0.0,0.0,0.0,0.0,0.0
33494,2023.0,8.0,21.0,14.0,21.163698,21.957644,19.879776,20.153986,20.319029,20.413044,20.658031,20.918818,20.430975,20.400639,20.269865,20.229843,21.199484,21.150003,20.597324,20.560284,19.903053,19.875942,0.0,0.0,0.0,0.0,0.0,0.0,0.0,0.0
33495,2023.0,8.0,21.0,14.0,21.356745,22.214823,19.722454,19.869545,20.242388,20.330309,20.481016,20.701298,21.05951,21.609034,20.27946,20.246391,21.191566,21.147593,21.519846,22.339716,19.907864,19.885893,0.0,0.0,0.0,4.0,0.0,0.0,4.0,0.0
33496,2023.0,8.0,21.0,14.0,21.43231,22.296175,20.06734,20.554993,20.19032,20.282284,20.97993,21.700802,20.77128,20.940601,20.288593,20.263008,21.18433,21.1461,20.982168,21.147623,19.91196,19.89538,4.0,0.0,4.0,0.0,0.0,0.0,0.0,0.0
33497,2023.0,8.0,21.0,14.0,20.926012,21.301287,19.98724,20.370897,20.14817,20.244534,20.581497,20.867506,20.658642,20.76746,20.297026,20.279541,21.178053,21.146852,20.797466,20.882687,19.915348,19.904469,0.0,0.0,0.0,0.0,0.0,0.0,0.0,0.0
33498,2023.0,8.0,21.0,15.0,20.733086,21.087667,20.149681,20.64382,20.10784,20.210735,20.385317,20.642725,20.652317,20.772324,20.304739,20.295023,21.17122,21.147017,21.730251,22.685402,19.917913,19.912704,4.0,0.0,0.0,0.0,0.0,0.0,4.0,0.0
33499,2023.0,8.0,21.0,15.0,21.267456,22.125313,19.995134,20.363703,20.075218,20.177858,20.333187,20.584568,20.526283,20.529345,20.305574,20.299124,21.160387,21.138985,21.150566,21.41275,19.915207,19.912037,0.0,0.0,0.0,0.0,0.0,0.0,0.0,0.0
33500,2023.0,8.0,21.0,15.0,20.92263,21.313766,19.926773,20.235992,20.039612,20.142424,20.17066,20.302225,21.146582,21.744184,20.302732,20.298502,21.146976,21.12798,20.806175,20.923143,19.90977,19.90824,0.0,0.0,0.0,4.0,0.0,0.0,0.0,0.0
33501,2023.0,8.0,21.0,15.0,21.36838,22.231281,20.267117,20.880667,20.012577,20.114565,20.08601,20.19264,21.469938,22.229126,20.67684,21.007994,21.13377,21.117193,20.740881,20.843126,19.902975,19.903223,4.0,0.0,0.0,4.0,4.0,0.0,0.0,0.0
33502,2023.0,8.0,21.0,15.0,21.48568,22.355988,20.386816,21.023779,19.987934,20.090185,20.6925,21.373732,20.940683,21.141989,20.830091,21.222546,21.120085,21.106293,20.709959,20.813627,19.89523,19.89748,4.0,0.0,4.0,0.0,4.0,0.0,0.0,0.0
33503,2023.0,8.0,21.0,15.0,21.534224,22.398027,20.43906,21.07113,20.60609,21.270432,20.295828,20.5027,20.77373,20.896606,20.533031,20.620697,21.106482,21.095423,21.610165,22.527641,19.887188,19.89148,4.0,4.0,0.0,0.0,0.0,0.0,4.0,0.0
33504,2023.0,8.0,21.0,16.0,21.57565,22.434818,20.142668,20.480917,20.237478,20.438065,20.222927,20.46106,20.733318,20.853027,20.52944,20.668982,21.093176,21.084488,21.058046,21.309467,19.879494,19.885702,0.0,0.0,0.0,0.0,0.0,0.0,0.0,0.0
33505,2023.0,8.0,21.0,16.0,21.611536,22.46811,20.033209,20.325125,20.185602,20.423191,20.211481,20.457874,20.709337,20.831741,20.560957,20.728777,21.843637,22.521269,20.817833,20.933048,19.872559,19.881247,0.0,0.0,0.0,0.0,0.0,4.0,0.0,0.0
33506,2023.0,8.0,21.0,16.0,21.106651,21.495234,20.352049,20.939528,20.188536,20.43643,20.648394,21.2794,20.58256,20.598125,20.434164,20.477964,22.109667,22.8933,21.727863,22.694265,19.865978,19.877106,4.0,0.0,4.0,0.0,0.0,4.0,4.0,0.0
33507,2023.0,8.0,21.0,16.0,21.513243,22.357056,20.138699,20.47651,20.059336,20.189804,20.363384,20.661781,20.523878,20.526997,20.371122,20.385778,21.579569,21.811617,21.125015,21.377907,19.859945,19.87335,0.0,0.0,0.0,0.0,0.0,0.0,0.0,0.0
33508,2023.0,8.0,21.0,16.0,21.625282,22.48176,20.395586,20.99161,20.651197,21.332636,20.244696,20.492582,20.497162,20.502663,20.35085,20.366209,21.389242,21.500292,20.872084,20.989239,19.854773,19.870363,4.0,4.0,0.0,0.0,0.0,0.0,0.0,0.0
33509,2023.0,8.0,21.0,16.0,21.105026,21.470474,20.15943,20.486452,20.89362,21.656023,20.781794,21.521801,20.47507,20.483076,20.335802,20.353605,21.344522,21.449022,20.805153,20.916708,19.85003,19.867731,0.0,4.0,4.0,0.0,0.0,0.0,0.0,0.0
33510,2023.0,8.0,21.0,17.0,20.9482,21.27597,20.429968,21.031588,20.44485,20.737944,20.40018,20.694382,20.45659,20.467272,20.323473,20.343943,21.32184,21.429005,20.766642,20.881353,19.845818,19.865583,4.0,0.0,0.0,0.0,0.0,0.0,0.0,0.0
33511,2023.0,8.0,21.0,17.0,21.452576,22.271997,20.193773,20.52758,20.314543,20.55829,20.81459,21.526691,20.43787,20.449224,20.31008,20.33077,21.978313,22.68096,20.639366,20.657747,20.688982,21.463274,0.0,0.0,4.0,0.0,0.0,4.0,0.0,4.0
33512,2023.0,8.0,21.0,17.0,21.040993,21.406479,20.43458,21.01573,20.270027,20.50451,20.971027,21.716816,20.418976,20.4301,20.295942,20.315931,22.185387,22.95307,20.575083,20.578484,20.298431,20.550152,4.0,0.0,4.0,0.0,0.0,4.0,0.0,0.0
33513,2023.0,8.0,21.0,17.0,21.47909,22.308245,20.537552,21.143387,20.729134,21.371336,20.491308,20.763107,20.40111,20.412107,20.662487,21.016,22.25193,23.008661,20.537615,20.540419,20.137,20.28457,4.0,4.0,0.0,0.0,4.0,4.0,0.0,0.0
33514,2023.0,8.0,21.0,17.0,21.593006,22.426418,20.572638,21.17024,20.944546,21.679327,20.33977,20.558783,20.383884,20.39479,20.42441,20.498219,22.306051,23.053223,20.505573,20.508379,20.103664,20.240599,4.0,4.0,0.0,0.0,0.0,4.0,0.0,0.0
33515,2023.0,8.0,21.0,17.0,21.638136,22.464323,20.600275,21.188805,20.493492,20.762175,20.842953,21.539228,20.367998,20.379503,20.325401,20.346771,21.724766,21.910679,20.478373,20.48212,19.979654,20.007526,4.0,0.0,4.0,0.0,0.0,0.0,0.0,0.0
33516,2023.0,8.0,21.0,18.0,21.68598,22.515823,20.273687,20.554192,20.927214,21.64303,20.989357,21.709661,20.352255,20.364065,20.295004,20.31263,21.51226,21.58724,20.45289,20.456827,19.931004,19.94729,0.0,4.0,4.0,0.0,0.0,0.0,0.0,0.0
33517,2023.0,8.0,21.0,18.0,21.713226,22.532269,20.15057,20.383307,21.042337,21.752014,21.02173,21.73816,20.33521,20.34595,20.269423,20.28518,21.43595,21.498053,21.097595,21.601112,19.905334,19.919249,0.0,4.0,0.0,0.0,0.0,0.0,0.0,0.0
33518,2023.0,8.0,21.0,18.0,21.736677,22.544561,20.090837,20.313578,21.014107,21.6737,21.015537,21.681015,20.316347,20.326597,20.617912,20.960455,22.113085,22.827549,21.002235,21.398033,19.882078,19.895628,0.0,0.0,0.0,0.0,4.0,4.0,0.0,0.0
33519,2023.0,8.0,21.0,18.0,21.206245,21.524763,20.330559,20.7771,21.015327,21.63755,21.015905,21.647722,20.974695,21.586182,20.802214,21.20794,21.668343,21.816275,21.01173,21.393435,19.860613,19.8734,4.0,0.0,0.0,4.0,4.0,0.0,0.0,0.0
33520,2023.0,8.0,21.0,18.0,21.540657,22.310816,20.448254,20.917376,21.014996,21.606318,21.085749,21.721584,21.275354,21.93937,20.584616,20.773535,21.399199,21.455631,21.010538,21.375563,20.700228,21.477978,4.0,0.0,4.0,4.0,0.0,0.0,0.0,4.0
33521,2023.0,8.0,21.0,18.0,21.69652,22.468315,20.188356,20.410973,21.014782,21.581705,21.006958,21.576948,20.795498,20.956797,20.789522,21.21663,21.312313,21.351677,21.010689,21.365528,20.317791,20.487267,0.0,0.0,0.0,0.0,4.0,0.0,0.0,0.0
33522,2023.0,8.0,21.0,19.0,21.723522,22.485592,20.408962,20.898762,21.015783,21.56215,21.13417,21.780296,21.240715,21.92267,20.891453,21.32551,21.220982,21.219305,21.653337,22.555138,20.068758,20.163452,4.0,0.0,4.0,4.0,4.0,0.0,4.0,0.0
33523,2023.0,8.0,21.0,19.0,21.196463,21.472467,20.532862,21.036062,21.015388,21.544079,20.998873,21.524448,20.830606,20.981445,20.59543,20.750889,21.160686,21.155008,20.972095,21.2104,20.004908,20.083948,4.0,0.0,0.0,0.0,0.0,0.0,0.0,0.0
33524,2023.0,8.0,21.0,19.0,21.534546,22.269173,20.217182,20.416372,21.015287,21.529823,21.136574,21.757412,20.558552,20.620392,20.766138,21.157492,21.88801,22.577171,21.021296,21.33455,20.789541,21.591732,0.0,0.0,4.0,0.0,4.0,4.0,0.0,4.0
33525,2023.0,8.0,21.0,19.0,21.69328,22.432133,20.037806,20.177565,21.014965,21.517342,21.189743,21.806574,20.473663,20.522009,20.537352,20.663115,21.439632,21.5314,21.009586,21.323189,20.319271,20.451954,0.0,0.0,4.0,0.0,0.0,0.0,0.0,0.0
33526,2023.0,8.0,21.0,19.0,21.175356,21.428686,20.369766,20.836824,21.17361,21.782604,20.994629,21.469795,21.074064,21.693289,20.716896,21.093876,21.930573,22.615032,21.011099,21.332092,20.045603,20.104446,4.0,4.0,0.0,4.0,4.0,4.0,0.0,0.0
33527,2023.0,8.0,21.0,19.0,21.000969,21.26951,20.135118,20.293184,20.990694,21.435745,21.01892,21.518267,20.685549,20.777706,20.477924,20.57813,21.425215,21.491154,21.011292,21.334972,19.971428,20.018778,0.0,0.0,0.0,0.0,0.0,0.0,0.0,0.0
33528,2023.0,8.0,21.0,20.0,21.007858,21.316486,19.958132,20.05786,21.018633,21.489754,21.015715,21.506788,21.132584,21.77316,20.299856,20.345036,21.920982,22.593632,21.011278,21.336006,19.891684,19.89974,0.0,0.0,0.0,4.0,0.0,4.0,0.0,0.0
33529,2023.0,8.0,21.0,20.0,21.007381,21.3345,20.310257,20.753714,21.014746,21.47646,21.016127,21.501188,21.296448,21.893272,20.202637,20.210403,22.04787,22.661428,21.010992,21.335756,19.842947,19.849697,4.0,0.0,0.0,4.0,0.0,4.0,0.0,0.0
33530,2023.0,8.0,21.0,20.0,21.006905,21.346115,20.430073,20.866083,21.014334,21.470709,21.015255,21.494928,20.746254,20.821884,20.146505,20.15239,21.441393,21.48751,21.011347,21.335936,20.725204,21.551992,4.0,0.0,0.0,0.0,0.0,0.0,0.0,4.0
33531,2023.0,8.0,21.0,20.0,21.452892,22.184797,20.089615,20.200209,21.014193,21.465212,21.176214,21.770151,20.477577,20.48144,20.103327,20.107967,21.170141,21.137304,21.011604,21.335327,20.99714,21.746223,0.0,0.0,4.0,0.0,0.0,0.0,0.0,4.0
33532,2023.0,8.0,21.0,20.0,20.981619,21.261402,20.310219,20.709946,21.014177,21.46018,21.194902,21.745226,21.064316,21.653208,20.066675,20.071411,21.087883,21.048489,21.011587,21.333805,20.309296,20.385708,4.0,0.0,4.0,4.0,0.0,0.0,0.0,0.0
33533,2023.0,8.0,21.0,20.0,21.01673,21.35397,20.41881,20.818369,21.014166,21.455408,21.191864,21.730858,20.661583,20.7032,20.386023,20.70053,21.02616,20.981932,21.011765,21.332205,20.027403,20.040674,4.0,0.0,4.0,0.0,4.0,0.0,0.0,0.0
33534,2023.0,8.0,21.0,21.0,21.402128,22.074001,20.432194,20.819351,21.014008,21.450676,21.194551,21.724247,21.020887,21.542143,20.537025,20.87643,21.005318,20.989117,21.011713,21.32994,19.94342,19.944645,4.0,0.0,4.0,4.0,4.0,0.0,0.0,0.0
33535,2023.0,8.0,21.0,21.0,20.970718,21.236555,20.444756,20.82123,21.01415,21.446619,21.195683,21.716309,20.61943,20.634455,20.22071,20.244682,21.695673,22.32683,21.011538,21.327412,19.890675,19.886868,4.0,0.0,4.0,0.0,0.0,4.0,0.0,0.0
33536,2023.0,8.0,21.0,21.0,21.016733,21.347332,20.45297,20.818993,21.201735,21.77337,20.996265,21.3852,20.38831,20.353926,20.06131,20.043318,21.236881,21.245823,21.01165,21.325136,20.761164,21.571442,4.0,4.0,0.0,0.0,0.0,0.0,0.0,4.0
33537,2023.0,8.0,21.0,21.0,21.00854,21.340355,20.109385,20.167416,20.984774,21.360989,21.019875,21.439384,20.30692,20.263405,20.001308,19.972332,21.65507,22.193335,21.011316,21.321634,20.245493,20.288813,0.0,0.0,0.0,0.0,0.0,4.0,0.0,0.0
33538,2023.0,8.0,21.0,21.0,21.438137,22.147709,20.304913,20.640287,21.020903,21.432112,21.128847,21.61828,20.2818,20.264444,20.30057,20.566954,21.208727,21.180342,21.639307,22.487333,19.939262,19.917618,4.0,0.0,4.0,0.0,4.0,0.0,4.0,0.0
33539,2023.0,8.0,21.0,21.0,20.97166,21.231646,20.40203,20.74045,21.13471,21.614809,21.16292,21.647623,20.251701,20.233732,20.476305,20.791334,20.995897,20.940641,20.952995,21.128338,19.864386,19.833208,4.0,4.0,4.0,0.0,4.0,0.0,0.0,0.0
33540,2023.0,8.0,21.0,22.0,21.020733,21.347485,20.038176,20.045593,20.99666,21.365242,20.997334,21.37439,20.215853,20.194548,20.129948,20.089573,21.006735,20.995363,21.028069,21.296093,19.812523,19.772198,0.0,0.0,0.0,0.0,0.0,0.0,0.0,0.0
33541,2023.0,8.0,21.0,22.0,21.351583,21.96195,19.85815,19.8178,21.019295,21.409481,21.01999,21.422724,20.772366,21.26807,19.975285,19.914017,21.005688,21.01461,21.01193,21.273836,19.801252,19.785606,0.0,0.0,0.0,4.0,0.0,0.0,0.0,0.0
33542,2023.0,8.0,21.0,22.0,20.973577,21.232769,19.786676,19.735435,21.016598,21.401085,21.017254,21.416708,20.45643,20.485985,19.918417,19.852175,21.003307,21.029902,21.563406,22.297073,20.553646,21.223236,0.0,0.0,0.0,0.0,0.0,0.0,4.0,4.0
33543,2023.0,8.0,21.0,22.0,21.017754,21.337496,19.781185,19.768131,21.013088,21.397205,21.114252,21.570877,20.206083,20.135057,19.919395,19.894215,21.00378,21.046104,20.948574,21.092834,20.81192,21.429436,0.0,0.0,4.0,0.0,0.0,0.0,0.0,4.0
33544,2023.0,8.0,21.0,22.0,21.009867,21.330025,19.76609,19.759832,21.01363,21.399075,21.00412,21.377445,20.760641,21.246008,19.904768,19.879072,21.00409,21.058674,21.024696,21.268251,20.164846,20.141727,0.0,0.0,0.0,4.0,0.0,0.0,0.0,0.0
33545,2023.0,8.0,21.0,22.0,21.007444,21.336164,19.739967,19.73296,21.013527,21.398771,21.01968,21.410244,20.368147,20.312622,19.878517,19.851122,21.004484,21.068857,21.012356,21.255726,19.905874,19.842138,0.0,0.0,0.0,0.0,0.0,0.0,0.0,0.0
33546,2023.0,8.0,21.0,23.0,21.00799,21.344118,19.715565,19.70773,21.013586,21.398298,21.017712,21.404806,20.157278,20.07296,19.853893,19.825233,21.004549,21.076738,21.014225,21.265549,20.627169,21.270264,0.0,0.0,0.0,0.0,0.0,0.0,0.0,4.0
33547,2023.0,8.0,21.0,23.0,20.80237,20.954132,19.691517,19.681234,20.659853,20.71709,20.654495,20.711477,20.143671,20.105844,19.829073,19.797869,20.882435,20.848593,20.722305,20.713346,20.160429,20.14203,0.0,0.0,0.0,0.0,0.0,0.0,0.0,0.0
33548,2023.0,8.0,21.0,23.0,20.714552,20.842258,19.670921,19.657396,20.486639,20.47036,20.478241,20.465544,20.126095,20.090933,19.806887,19.772335,20.830162,20.784662,20.607174,20.573912,20.705256,21.289312,0.0,0.0,0.0,0.0,0.0,0.0,0.0,4.0
33549,2023.0,8.0,21.0,23.0,20.679214,20.813522,19.651014,19.634636,20.40679,20.381414,20.394299,20.373371,20.099136,20.061672,20.080585,20.300373,20.798407,20.750242,20.541182,20.5035,20.142178,20.098999,0.0,0.0,0.0,0.0,4.0,0.0,0.0,0.0
33550,2023.0,8.0,21.0,23.0,20.64096,20.77184,20.072294,20.439169,20.345995,20.316439,20.329254,20.304173,20.658724,21.135279,19.88571,19.8739,20.768078,20.716747,20.484838,20.443958,19.942024,19.8415,4.0,0.0,0.0,4.0,0.0,0.0,0.0,0.0
33551,2023.0,8.0,21.0,23.0,20.606619,20.734104,19.817028,19.868734,20.294455,20.261877,20.273905,20.245832,20.26305,20.265116,19.799685,19.756445,20.739447,20.685158,20.435116,20.391638,19.86412,19.758905,0.0,0.0,0.0,0.0,0.0,0.0,0.0,0.0
33552,2023.0,8.0,22.0,0.0,20.573534,20.695894,19.676441,19.647158,20.245235,20.206457,20.220875,20.186445,20.043577,19.91245,19.766338,19.717272,20.710478,20.651812,20.387918,20.340046,19.874548,19.83961,0.0,0.0,0.0,0.0,0.0,0.0,0.0,0.0
33553,2023.0,8.0,22.0,0.0,20.54511,20.664906,19.642363,19.61003,20.204525,20.16396,20.176794,20.140701,19.973211,19.836739,19.738453,19.686893,20.684378,20.623388,20.346598,20.296812,19.839693,19.798794,0.0,0.0,0.0,0.0,0.0,0.0,0.0,0.0
33554,2023.0,8.0,22.0,0.0,20.51814,20.635208,19.615362,19.580606,20.167189,20.1248,20.136309,20.09852,20.018879,19.976799,19.712564,19.658453,20.659176,20.59586,20.308264,20.256546,19.803583,19.760567,0.0,0.0,0.0,0.0,0.0,0.0,0.0,0.0
33555,2023.0,8.0,22.0,0.0,20.493837,20.609596,19.594656,19.559696,20.135378,20.09395,20.101809,20.065304,19.995863,19.943373,19.68935,19.63449,20.636137,20.571896,20.274117,20.222141,20.507719,21.115004,0.0,0.0,0.0,0.0,0.0,0.0,0.0,4.0
33556,2023.0,8.0,22.0,0.0,20.469103,20.582087,19.57342,19.535904,20.103031,20.059723,20.066902,20.028551,19.968826,19.913774,19.665207,19.607895,20.612501,20.546045,20.240517,20.186684,19.928616,19.858452,0.0,0.0,0.0,0.0,0.0,0.0,0.0,0.0
33557,2023.0,8.0,22.0,0.0,20.443575,20.552004,19.55103,19.508543,20.069553,20.021315,20.031021,19.9875,19.941582,19.882519,19.639547,19.577723,20.58793,20.517647,20.206808,20.149189,19.727394,19.589842,0.0,0.0,0.0,0.0,0.0,0.0,0.0,0.0
33558,2023.0,8.0,22.0,1.0,20.420687,20.526352,19.531647,19.486423,20.040487,19.990156,19.999866,19.954258,19.916622,19.855297,19.616255,19.551838,20.565285,20.492664,20.176418,20.116804,19.758966,19.715773,0.0,0.0,0.0,0.0,0.0,0.0,0.0,0.0
33559,2023.0,8.0,22.0,1.0,20.398973,20.502308,19.513577,19.466276,20.013498,19.961685,19.970814,19.923773,19.89295,19.829914,19.594028,19.527637,20.543705,20.46933,20.147942,20.086834,19.724625,19.671057,0.0,0.0,0.0,0.0,0.0,0.0,0.0,0.0
33560,2023.0,8.0,22.0,1.0,20.377832,20.478825,19.49598,19.446585,19.987667,19.934336,19.942993,19.894499,19.869902,19.805162,19.572237,19.503881,20.52261,20.446484,20.120659,20.058054,19.692204,19.637018,0.0,0.0,0.0,0.0,0.0,0.0,0.0,0.0
33561,2023.0,8.0,22.0,1.0,20.357143,20.45577,19.4787,19.427172,19.962803,19.907896,19.916239,19.866232,19.847345,19.780903,19.550743,19.480425,20.501875,20.423998,20.094353,20.030247,19.662306,19.605532,0.0,0.0,0.0,0.0,0.0,0.0,0.0,0.0
33562,2023.0,8.0,22.0,1.0,20.33786,20.435213,19.463306,19.411345,19.940649,19.886131,19.89241,19.842995,20.407352,20.851208,19.53092,19.460173,20.482523,20.404041,20.069986,20.005594,19.635468,19.578527,0.0,0.0,0.0,4.0,0.0,0.0,0.0,0.0
33563,2023.0,8.0,22.0,1.0,20.317656,20.412363,19.446222,19.391844,19.916954,19.860481,19.866976,19.815645,20.021822,19.997015,19.509556,19.436642,20.4621,20.381683,20.044897,19.978775,19.608387,19.549587,0.0,0.0,0.0,0.0,0.0,0.0,0.0,0.0
33564,2023.0,8.0,22.0,2.0,20.298365,20.390694,19.42954,19.372854,19.894152,19.835888,19.842545,19.789473,20.481184,20.93042,19.789677,19.97737,20.442064,20.359884,20.020641,19.952982,19.58274,19.522314,0.0,0.0,0.0,4.0,4.0,0.0,0.0,0.0
33565,2023.0,8.0,22.0,2.0,20.278849,20.368341,19.412409,19.352797,19.871225,19.810694,19.818125,19.762829,19.946112,19.796515,19.594273,19.548283,20.421665,20.337313,19.996374,19.92685,19.55754,19.495178,0.0,0.0,0.0,0.0,0.0,0.0,0.0,0.0
33566,2023.0,8.0,22.0,2.0,20.257973,20.343166,19.39307,19.328186,19.846188,19.780954,19.791626,19.731522,19.750278,19.541653,19.501175,19.418993,20.399693,20.31172,19.970827,19.89799,19.531313,19.465456,0.0,0.0,0.0,0.0,0.0,0.0,0.0,0.0
33567,2023.0,8.0,22.0,2.0,20.238184,20.320366,19.375399,19.307106,19.823362,19.755398,19.767513,19.704693,19.681261,19.469744,19.470238,19.385328,20.378757,20.288342,19.946558,19.871593,19.506771,19.438726,0.0,0.0,0.0,0.0,0.0,0.0,0.0,0.0
33568,2023.0,8.0,22.0,2.0,20.219273,20.29967,19.359634,19.290113,19.80299,19.734507,19.745975,19.682783,19.750412,19.664532,19.732162,19.896914,20.359112,20.267696,20.839682,21.57316,19.484026,19.415302,0.0,0.0,0.0,0.0,4.0,0.0,4.0,0.0
33569,2023.0,8.0,22.0,2.0,20.198507,20.275656,19.34161,19.268675,19.780659,19.709259,19.722267,19.656261,19.747158,19.66498,19.548933,19.49761,20.337847,20.243977,20.118563,19.99589,19.459934,19.388988,0.0,0.0,0.0,0.0,0.0,0.0,0.0,0.0
33570,2023.0,8.0,22.0,3.0,20.177546,20.251322,19.323397,19.24684,19.75848,19.68391,19.698626,19.629583,19.718328,19.63315,19.447437,19.356977,20.316256,20.219799,19.87535,19.667774,20.163725,20.732786,0.0,0.0,0.0,0.0,0.0,0.0,0.0,4.0
33571,2023.0,8.0,22.0,3.0,20.157326,20.228548,19.30594,19.226746,19.73718,19.660368,19.676107,19.604837,19.690964,19.603905,19.412346,19.319185,20.295197,20.19688,19.80028,19.58977,19.683233,19.665943,0.0,0.0,0.0,0.0,0.0,0.0,0.0,0.0
33572,2023.0,8.0,22.0,3.0,20.136559,20.204575,19.287872,19.205494,19.715267,19.635572,19.653307,19.579004,19.663021,19.57338,19.379154,19.282742,20.273653,20.17291,19.737556,19.521664,19.39914,19.198465,0.0,0.0,0.0,0.0,0.0,0.0,0.0,0.0
33573,2023.0,8.0,22.0,3.0,20.116512,20.182037,19.269793,19.184362,19.69357,19.611263,19.630873,19.553833,19.635973,19.544228,19.348845,19.249771,20.252497,20.149712,19.818203,19.73162,19.312363,19.106535,0.0,0.0,0.0,0.0,0.0,0.0,0.0,0.0
33574,2023.0,8.0,22.0,3.0,20.09669,20.159958,19.25237,19.1647,19.672583,19.588446,19.609135,19.530214,19.609798,19.516493,19.320427,19.219574,20.23173,20.127296,19.809462,19.72179,19.380384,19.298775,0.0,0.0,0.0,0.0,0.0,0.0,0.0,0.0
33575,2023.0,8.0,22.0,3.0,20.077826,20.139866,19.23658,19.148447,19.653393,19.56918,19.58914,19.51023,20.167412,20.585451,19.294788,19.194094,20.212135,20.107216,19.788275,19.700258,19.368195,19.286226,0.0,0.0,0.0,4.0,0.0,0.0,0.0,0.0
33576,2023.0,8.0,22.0,4.0,20.05765,20.117144,19.21872,19.128143,19.632246,19.545933,19.567076,19.4861,19.776222,19.722374,19.26753,19.164782,20.191214,20.084475,19.764215,19.674675,19.344063,19.261028,0.0,0.0,0.0,0.0,0.0,0.0,0.0,0.0
33577,2023.0,8.0,22.0,4.0,20.04666,20.112612,19.200785,19.107801,19.611046,19.522573,19.544909,19.46175,19.641743,19.543802,19.240557,19.135595,20.170542,20.062246,19.73963,19.648691,19.318851,19.23428,0.0,0.0,0.0,0.0,0.0,0.0,0.0,0.0
33578,2023.0,8.0,22.0,4.0,20.03901,20.11275,19.184612,19.090872,19.591663,19.502615,19.524632,19.440937,19.599962,19.501665,19.21601,19.11052,20.151152,20.042307,19.71617,19.62481,19.294947,19.20991,0.0,0.0,0.0,0.0,0.0,0.0,0.0,0.0
33579,2023.0,8.0,22.0,4.0,20.023647,20.096386,19.168505,19.074003,19.572468,19.482819,19.504562,19.420305,19.564064,19.465416,19.19213,19.08612,20.13201,20.022627,19.69297,19.601198,19.271618,19.186127,0.0,0.0,0.0,0.0,0.0,0.0,0.0,0.0
33580,2023.0,8.0,22.0,4.0,20.006784,20.078217,19.152308,19.057058,19.553276,19.46302,19.484514,19.399687,19.532427,19.433353,19.168684,19.062164,20.113007,20.003094,19.669933,19.577757,19.248684,19.162748,0.0,0.0,0.0,0.0,0.0,0.0,0.0,0.0
33581,2023.0,8.0,22.0,4.0,19.989416,20.059607,19.136034,19.04003,19.534084,19.44321,19.464485,19.379076,19.502836,19.403341,19.145636,19.038612,20.09414,19.9837,19.647068,19.554495,19.226135,19.139763,0.0,0.0,0.0,0.0,0.0,0.0,0.0,0.0
33582,2023.0,8.0,22.0,5.0,19.972275,20.04189,19.120985,19.025616,19.516165,19.426052,19.445797,19.361237,20.067411,20.489658,19.124172,19.017996,20.076183,19.966084,19.625154,19.533068,19.20475,19.118866,0.0,0.0,0.0,4.0,0.0,0.0,0.0,0.0
33583,2023.0,8.0,22.0,5.0,19.955702,20.025421,19.105818,19.01094,19.49791,19.408176,19.426674,19.342464,20.299623,20.798903,19.10257,18.996714,20.058598,19.94905,19.603392,19.511738,19.183607,19.0981,0.0,0.0,0.0,4.0,0.0,0.0,0.0,0.0
33584,2023.0,8.0,22.0,5.0,19.941343,20.012503,19.54252,19.84392,19.482481,19.395523,19.410503,19.329145,20.185907,20.481327,19.084408,18.981245,20.04321,19.935734,19.583916,19.494303,19.164942,19.081472,4.0,0.0,0.0,4.0,0.0,0.0,0.0,0.0
33585,2023.0,8.0,22.0,5.0,19.927074,19.99933,19.300747,19.299843,19.466484,19.381485,19.393757,19.31438,19.624353,19.413584,19.066504,18.96523,20.027925,19.922052,19.564499,19.476439,19.873697,20.433443,0.0,0.0,0.0,0.0,0.0,0.0,0.0,4.0
33586,2023.0,8.0,22.0,5.0,19.912552,19.985655,19.16034,19.0788,19.450323,19.366936,19.376991,19.299168,19.43658,19.190126,19.04946,18.949732,20.012953,19.908419,19.54527,19.458427,19.399096,19.376188,0.0,0.0,0.0,0.0,0.0,0.0,0.0,0.0
33587,2023.0,8.0,22.0,5.0,19.897324,19.971037,19.122812,19.035221,19.434057,19.352028,19.36033,19.283728,19.363678,19.12307,19.341637,19.51305,19.998466,19.895126,19.526459,19.440647,19.125021,18.925926,0.0,0.0,0.0,0.0,4.0,0.0,0.0,0.0
33588,2023.0,8.0,22.0,6.0,19.882341,19.957373,19.100016,19.01469,19.41871,19.338821,19.344648,19.270098,19.444305,19.347654,19.151455,19.08998,19.985281,19.883759,20.44125,21.180593,19.047953,18.848936,0.0,0.0,0.0,0.0,0.0,0.0,4.0,0.0
33589,2023.0,8.0,22.0,6.0,21.15734,22.217123,19.082632,19.000818,21.202438,22.527338,21.211922,22.607702,19.446758,19.35918,19.352722,19.509785,21.16302,21.93783,21.209187,22.393398,19.864788,20.448505,0.0,0.0,0.0,0.0,4.0,0.0,0.0,4.0
33590,2023.0,8.0,22.0,6.0,20.999027,21.781569,19.066496,18.988327,20.974499,21.863905,20.999544,21.983936,19.42138,19.336315,20.096308,20.744787,21.003521,21.561905,21.02156,21.852528,20.00976,20.46658,0.0,4.0,0.0,0.0,0.0,0.0,0.0,0.0
33591,2023.0,8.0,22.0,6.0,20.996355,21.681997,19.052866,18.978487,21.034039,21.893017,21.00438,21.852257,19.401115,19.319622,19.837461,20.111977,21.157768,21.75931,21.03079,21.7643,19.412352,19.255512,0.0,0.0,4.0,0.0,4.0,4.0,0.0,0.0
33592,2023.0,8.0,22.0,6.0,21.028814,21.700132,19.49281,19.818624,21.032406,21.796606,21.031557,21.853312,19.384445,19.30651,20.053839,20.538897,21.006134,21.423092,21.226465,22.032423,19.176086,18.999174,4.0,0.0,0.0,0.0,0.0,0.0,4.0,0.0
33593,2023.0,8.0,22.0,6.0,21.000118,21.60506,20.051563,20.677105,21.005724,21.659,21.033861,21.786842,19.371117,19.296524,19.905787,20.168873,21.072636,21.482584,21.00218,21.57352,19.985939,20.602398,4.0,4.0,0.0,0.0,4.0,4.0,0.0,4.0
33594,2023.0,8.0,22.0,7.0,21.031013,21.662094,19.998343,20.479612,21.036688,21.70143,21.030737,21.730034,19.360662,19.289331,20.04359,20.443306,21.124207,21.540668,21.144857,21.778553,20.212654,20.722118,4.0,0.0,0.0,0.0,0.0,4.0,4.0,4.0
33595,2023.0,8.0,22.0,7.0,21.049908,21.669144,20.049957,20.539694,21.06212,21.711502,21.051826,21.74514,19.353788,19.286522,19.972666,20.238539,21.172981,21.597914,21.053158,21.581116,20.356411,20.940697,0.0,0.0,0.0,0.0,4.0,4.0,0.0,4.0
33596,2023.0,8.0,22.0,7.0,20.995415,21.524641,19.477633,19.382471,20.994473,21.549814,21.020164,21.666698,19.349434,19.28632,20.027462,20.343788,21.003414,21.289303,21.02364,21.530506,20.446587,21.025116,0.0,4.0,0.0,0.0,0.0,0.0,0.0,4.0
33597,2023.0,8.0,22.0,7.0,21.001131,21.530457,19.180103,19.004272,21.009542,21.564026,20.997139,21.588528,19.34677,19.28782,19.888243,20.022371,21.210121,21.65296,21.247026,21.90261,19.951399,20.133331,0.0,4.0,4.0,0.0,4.0,4.0,4.0,0.0
33598,2023.0,8.0,22.0,7.0,21.027924,21.602339,19.205751,19.136093,21.006416,21.54896,21.035618,21.668348,20.026358,20.573492,20.040224,20.337545,21.286612,21.733376,20.993671,21.422937,19.597042,19.468828,0.0,4.0,0.0,4.0,0.0,4.0,0.0,0.0
33599,2023.0,8.0,22.0,7.0,21.026527,21.558657,19.210764,19.165262,21.005913,21.54183,20.999788,21.561779,19.977482,20.285505,19.93561,20.086779,20.978863,21.1792,21.028334,21.49053,19.428589,19.29575,0.0,4.0,4.0,0.0,4.0,0.0,0.0,0.0
33600,2023.0,8.0,22.0,8.0,21.024033,21.581417,19.186478,19.1475,21.032516,21.609982,21.008272,21.572912,19.563091,19.440792,20.032028,20.29525,21.022762,21.270874,21.321306,22.00447,19.373037,19.252382,0.0,0.0,4.0,0.0,0.0,0.0,4.0,0.0
33601,2023.0,8.0,22.0,8.0,21.055882,21.607258,19.164696,19.132067,20.382435,20.35117,20.332262,20.303099,19.425234,19.310875,19.98954,20.174051,20.62273,20.499369,20.573639,20.509193,20.2676,20.991589,0.0,0.0,0.0,0.0,4.0,0.0,0.0,4.0
33602,2023.0,8.0,22.0,8.0,20.512468,20.58324,19.149347,19.121855,20.096691,19.957058,20.040314,19.908358,19.459545,19.410233,20.002132,20.192926,21.186064,21.654476,21.236837,21.923693,19.962265,20.297756,0.0,0.0,0.0,0.0,4.0,4.0,4.0,0.0
33603,2023.0,8.0,22.0,8.0,20.89361,21.485298,19.133846,19.112202,20.586403,20.994198,20.526016,20.944471,19.473824,19.4368,20.01559,20.229996,20.741673,20.657772,20.628345,20.577501,19.582453,19.525541,0.0,4.0,4.0,0.0,0.0,0.0,0.0,0.0
33604,2023.0,8.0,22.0,8.0,20.474646,20.574392,19.120043,19.103867,20.225765,20.21155,20.154938,20.143627,20.16451,20.746216,19.72503,19.664734,20.499952,20.365116,20.276518,20.16303,19.422628,19.346973,0.0,0.0,0.0,4.0,0.0,0.0,0.0,0.0
33605,2023.0,8.0,22.0,8.0,20.273058,20.31158,19.550455,19.924349,20.628838,21.075157,19.936895,19.84886,19.976032,20.283205,20.010017,20.27152,21.168478,21.683138,20.182028,20.070784,19.39328,19.323452,4.0,4.0,0.0,0.0,4.0,4.0,0.0,0.0
33606,2023.0,8.0,22.0,9.0,20.859009,21.500433,20.06094,20.721684,20.778267,21.24816,19.839577,19.763342,19.661703,19.626442,19.994732,20.178488,20.735167,20.68061,20.117199,20.01816,19.404154,19.37228,0.0,4.0,0.0,0.0,0.0,0.0,0.0,0.0
33607,2023.0,8.0,22.0,9.0,20.457222,20.589956,19.567951,19.681005,20.264116,20.28052,19.818012,19.799263,19.53701,19.481031,20.157604,20.470304,20.517733,20.415276,20.110085,20.062824,19.401993,19.37638,0.0,0.0,0.0,0.0,4.0,0.0,0.0,0.0
33608,2023.0,8.0,22.0,9.0,20.289555,20.384893,19.366634,19.380617,20.68689,21.18683,19.78767,19.782818,19.546705,19.516857,19.985052,20.142134,20.48097,20.384422,20.091167,20.052366,19.395334,19.372248,0.0,4.0,0.0,0.0,0.0,0.0,0.0,0.0
33609,2023.0,8.0,22.0,9.0,20.224102,20.336548,19.30266,19.31607,20.297813,20.350224,19.746563,19.749395,19.55198,19.527018,20.147295,20.430765,21.245241,21.8678,20.064157,20.0297,19.388662,19.367794,0.0,0.0,0.0,0.0,4.0,4.0,0.0,0.0
33610,2023.0,8.0,22.0,9.0,20.217026,20.374495,19.270893,19.287334,20.0899,20.068829,19.71436,19.72257,19.554245,19.531427,19.984697,20.12599,20.744862,20.760723,20.04467,20.012848,19.385859,19.366608,0.0,0.0,0.0,0.0,0.0,0.0,0.0,0.0
33611,2023.0,8.0,22.0,9.0,20.84705,21.589804,19.683437,20.089203,20.630194,21.168392,19.68148,19.696005,19.556965,19.535885,20.190165,20.498083,21.242943,21.831844,20.025547,19.996536,19.384302,19.366755,4.0,4.0,0.0,0.0,4.0,4.0,0.0,0.0
33612,2023.0,8.0,22.0,10.0,20.962513,21.669357,20.045689,20.670729,20.765108,21.32394,20.332891,20.949705,19.563065,19.543642,19.986515,20.116169,21.43294,22.056278,20.013006,19.986052,19.385962,19.369959,0.0,4.0,4.0,0.0,0.0,4.0,0.0,0.0
33613,2023.0,8.0,22.0,10.0,21.018919,21.725006,19.603048,19.736263,20.813519,21.377102,19.99162,20.109512,19.57091,19.55218,20.22566,20.551136,21.53958,22.166378,20.001286,19.975769,19.389042,19.373816,0.0,4.0,0.0,0.0,4.0,4.0,0.0,0.0
33614,2023.0,8.0,22.0,10.0,20.503344,20.71895,19.855478,20.279623,20.319912,20.427725,19.819712,19.874498,19.58132,19.563248,19.99404,20.115475,20.96764,21.020105,19.99491,19.970366,19.394772,19.38018,4.0,0.0,0.0,0.0,0.0,0.0,0.0,0.0
33615,2023.0,8.0,22.0,10.0,20.283792,20.460936,20.019882,20.505783,20.701946,21.298317,20.40314,21.024101,19.593414,19.576036,19.894325,19.916637,21.50024,22.151451,19.98922,19.965702,19.401976,19.387949,0.0,4.0,4.0,0.0,0.0,4.0,0.0,0.0
33616,2023.0,8.0,22.0,10.0,20.227192,20.41106,19.703123,19.867426,20.341248,20.485067,20.067808,20.222979,19.606306,19.589142,20.205917,20.512829,21.705843,22.356358,19.986088,19.963385,20.280848,21.041033,0.0,0.0,0.0,0.0,4.0,4.0,0.0,4.0
33617,2023.0,8.0,22.0,10.0,20.201712,20.3952,19.578285,19.697638,20.152748,20.225925,19.895237,19.98637,20.301868,20.888681,20.010834,20.122038,21.147627,21.245377,20.972315,21.828732,19.971657,20.345377,0.0,0.0,0.0,4.0,0.0,0.0,4.0,0.0
33618,2023.0,8.0,22.0,11.0,20.159004,20.340233,19.478992,19.548397,20.08582,20.168018,20.461124,21.102198,19.993517,20.168941,19.899025,19.89316,21.639267,22.298672,20.520555,20.647076,19.711359,19.78752,0.0,0.0,4.0,0.0,0.0,4.0,0.0,0.0
33619,2023.0,8.0,22.0,11.0,20.801304,21.575367,19.414965,19.474968,19.998972,20.04566,20.658995,21.295702,19.870193,19.919802,19.863903,19.841887,21.203547,21.304985,20.229006,20.254478,19.625406,19.670872,0.0,0.0,4.0,0.0,0.0,0.0,0.0,0.0
33620,2023.0,8.0,22.0,11.0,20.39556,20.674324,19.386644,19.4479,19.948874,19.991009,20.16094,20.323322,19.856627,19.899958,19.864311,19.84098,21.007938,20.99961,20.191158,20.209991,19.574602,19.56685,0.0,0.0,0.0,0.0,0.0,0.0,0.0,0.0
33621,2023.0,8.0,22.0,11.0,20.273577,20.513994,19.365704,19.431091,19.915253,19.961185,20.00663,20.129246,20.509571,21.119074,19.86925,19.84634,21.712147,22.370989,20.183096,20.205961,19.562363,19.549583,0.0,0.0,0.0,4.0,0.0,4.0,0.0,0.0
33622,2023.0,8.0,22.0,11.0,20.867561,21.6567,19.782946,20.231812,19.886768,19.936136,20.576523,21.250393,20.785452,21.482851,19.876389,19.854769,21.245287,21.371042,20.132277,20.11216,19.562902,19.550209,4.0,0.0,4.0,4.0,0.0,0.0,0.0,0.0
33623,2023.0,8.0,22.0,11.0,21.029123,21.830843,20.011871,20.556307,19.862549,19.915655,20.165985,20.36528,20.296555,20.466145,20.268902,20.585262,21.804995,22.484993,20.114643,20.093103,19.56675,19.554821,4.0,0.0,0.0,0.0,4.0,4.0,0.0,0.0
33624,2023.0,8.0,22.0,12.0,21.113503,21.9142,20.065243,20.597406,20.503738,21.146772,20.52091,21.162458,20.076647,20.14884,20.11364,20.164795,21.371187,21.503935,20.106964,20.086426,19.572107,19.561115,4.0,4.0,4.0,0.0,0.0,0.0,0.0,0.0
33625,2023.0,8.0,22.0,12.0,21.004364,21.697845,20.003172,20.4696,21.071692,22.048576,21.078196,22.07466,20.05629,20.12076,20.019295,20.004913,21.17357,21.193735,21.144012,21.893522,19.580206,19.570787,0.0,0.0,0.0,0.0,0.0,0.0,0.0,0.0
33626,2023.0,8.0,22.0,12.0,21.015852,21.690676,19.778034,20.01405,20.989698,21.753656,21.01317,21.845728,20.766354,21.451801,20.009027,19.993431,21.114315,21.132788,20.999403,21.554369,19.591322,19.583408,0.0,4.0,0.0,4.0,0.0,0.0,0.0,0.0
33627,2023.0,8.0,22.0,12.0,21.224533,22.036083,19.67191,19.885044,21.024855,21.77956,21.02071,21.797207,20.456066,20.644567,20.01567,20.001469,21.093155,21.119106,21.014616,21.52185,19.60502,19.598772,0.0,0.0,0.0,0.0,0.0,0.0,0.0,0.0
33628,2023.0,8.0,22.0,12.0,20.97085,21.542475,19.539957,19.645937,21.036982,21.720444,21.01908,21.748407,20.237965,20.326475,20.02816,20.016272,21.023472,20.996496,21.011623,21.468487,19.620876,19.616356,0.0,4.0,0.0,0.0,0.0,0.0,0.0,0.0
33629,2023.0,8.0,22.0,12.0,21.264513,22.08761,19.92097,20.40821,21.074966,21.76467,21.02014,21.7176,20.219397,20.30989,20.043089,20.03272,20.998787,20.973888,21.012035,21.431574,19.637684,19.634245,4.0,4.0,0.0,0.0,0.0,0.0,0.0,0.0
33630,2023.0,8.0,22.0,13.0,20.973106,21.511147,20.008018,20.470625,21.010324,21.645887,21.019436,21.691761,20.135242,20.135069,20.061264,20.052553,21.780888,22.468342,21.011196,21.398863,19.655987,19.653696,0.0,0.0,0.0,0.0,0.0,4.0,0.0,0.0
33631,2023.0,8.0,22.0,13.0,21.017588,21.603573,19.702929,19.849215,21.130463,21.831114,21.01869,21.67163,20.102869,20.094103,20.08168,20.07428,22.094309,22.843258,21.010017,21.37064,19.675005,19.67352,0.0,4.0,0.0,0.0,0.0,4.0,0.0,0.0
33632,2023.0,8.0,22.0,13.0,21.312382,22.137733,19.958025,20.41379,20.999132,21.581898,21.018654,21.656593,20.104355,20.095205,20.101957,20.094915,21.553083,21.737242,21.00998,21.34782,19.693794,19.692566,4.0,0.0,0.0,0.0,0.0,0.0,0.0,0.0
33633,2023.0,8.0,22.0,13.0,20.967604,21.469221,20.219675,20.811548,21.016733,21.609013,21.078487,21.729496,20.11198,20.103422,20.124031,20.117567,22.05613,22.793823,21.009434,21.327303,19.712852,19.71175,4.0,0.0,4.0,0.0,0.0,4.0,0.0,0.0
33634,2023.0,8.0,22.0,13.0,21.016098,21.576145,19.986053,20.357695,21.013628,21.59329,21.108381,21.763391,20.122608,20.11497,20.147413,20.14172,21.632841,21.823927,21.008978,21.309385,19.732367,19.73188,0.0,0.0,4.0,0.0,0.0,0.0,0.0,0.0
33635,2023.0,8.0,22.0,13.0,21.018343,21.582127,19.871042,20.142904,21.033758,21.61707,21.0284,21.627323,20.135277,20.129084,20.173473,20.170938,21.373003,21.439157,21.020727,21.315697,19.753517,19.754925,0.0,0.0,0.0,0.0,0.0,0.0,0.0,0.0
33636,2023.0,8.0,22.0,14.0,21.010218,21.561445,19.69636,19.831293,21.011621,21.56199,21.185778,21.916996,20.148317,20.143297,20.196241,20.194267,21.341263,21.414,21.005466,21.27322,19.773018,19.775122,0.0,0.0,4.0,0.0,0.0,0.0,0.0,0.0
33637,2023.0,8.0,22.0,14.0,21.302708,22.090155,19.624931,19.754917,21.158842,21.807526,20.729149,21.014427,20.161093,20.156284,20.217642,20.21571,22.063826,22.792408,21.764956,22.68556,19.791525,19.79354,0.0,4.0,0.0,0.0,0.0,4.0,4.0,0.0
33638,2023.0,8.0,22.0,14.0,20.907953,21.287031,19.598408,19.727049,20.770966,21.051666,20.554848,20.790121,20.17417,20.170633,20.237736,20.237652,22.266901,23.042715,21.188951,21.430864,19.808907,19.812016,0.0,0.0,0.0,0.0,0.0,4.0,0.0,0.0
33639,2023.0,8.0,22.0,14.0,21.34294,22.17584,19.582766,19.714502,21.175287,21.889532,20.489353,20.728014,20.187689,20.185604,20.257067,20.258795,22.346285,23.11225,21.909067,22.855188,19.8254,19.82959,0.0,4.0,0.0,0.0,0.0,4.0,4.0,0.0
33640,2023.0,8.0,22.0,14.0,20.945848,21.338573,19.571342,19.706345,20.79886,21.101719,20.331123,20.462637,20.201317,20.20114,20.275707,20.279844,21.754822,21.926092,21.308931,21.55947,19.840937,19.846594,0.0,0.0,0.0,0.0,0.0,0.0,0.0,0.0
33641,2023.0,8.0,22.0,14.0,20.797834,21.141403,19.562445,19.699968,20.637665,20.8837,20.243185,20.355543,20.900185,21.509066,20.292828,20.299875,21.583242,21.671135,21.053816,21.160044,19.855036,19.862494,0.0,0.0,0.0,4.0,0.0,0.0,0.0,0.0
33642,2023.0,8.0,22.0,15.0,20.767057,21.126488,19.555965,19.69616,20.58954,20.839933,20.842329,21.5276,20.506004,20.605013,20.308228,20.31901,21.548515,21.639927,20.990522,21.091087,19.867573,19.87742,0.0,0.0,4.0,0.0,0.0,0.0,0.0,0.0
33643,2023.0,8.0,22.0,15.0,20.639847,20.902077,19.548637,19.688585,21.019032,21.663164,20.551388,20.871841,20.471722,20.59975,20.67943,21.00605,21.52092,21.613598,20.953363,21.054968,20.723202,21.486368,0.0,4.0,0.0,0.0,4.0,0.0,0.0,4.0
33644,2023.0,8.0,22.0,15.0,20.574675,20.821144,19.925406,20.394934,20.716293,21.018782,20.41192,20.66882,21.182959,21.925932,20.501797,20.590029,21.406221,21.408335,20.824532,20.826601,20.381392,20.66399,4.0,0.0,0.0,4.0,0.0,0.0,0.0,0.0
33645,2023.0,8.0,22.0,15.0,20.53851,20.783216,20.00947,20.484291,20.58289,20.831938,20.924658,21.653675,20.83019,21.11929,20.398588,20.41646,21.352423,21.3409,20.766186,20.757145,21.076982,21.99278,0.0,0.0,4.0,0.0,0.0,0.0,0.0,4.0
33646,2023.0,8.0,22.0,15.0,20.505136,20.749048,19.754515,19.941439,20.532625,20.78,21.144047,21.898579,20.59609,20.761683,20.383093,20.398216,21.318678,21.308615,20.728014,20.720604,20.627312,20.900692,0.0,0.0,4.0,0.0,0.0,0.0,0.0,0.0
33647,2023.0,8.0,22.0,15.0,21.119509,21.92114,20.075727,20.581003,20.386051,20.515387,21.201595,21.952589,20.563265,20.713799,20.377464,20.393421,21.293474,21.285492,20.700699,20.695091,21.262566,22.16179,4.0,0.0,4.0,0.0,0.0,0.0,0.0,4.0
33648,2023.0,8.0,22.0,16.0,20.810259,21.215675,20.196815,20.717575,20.945673,21.610224,20.733263,21.037436,20.437672,20.467485,20.373665,20.39123,21.270092,21.264553,20.676117,20.672632,20.724667,21.003014,4.0,4.0,0.0,0.0,0.0,0.0,0.0,0.0
33649,2023.0,8.0,22.0,16.0,20.691833,21.041462,19.996275,20.358149,21.100527,21.773508,20.563547,20.80606,20.386301,20.397326,20.369366,20.387697,22.027494,22.72137,20.653805,20.651724,20.490793,20.63416,0.0,4.0,0.0,0.0,0.0,4.0,0.0,0.0
33650,2023.0,8.0,22.0,16.0,21.249804,22.109945,20.289087,20.896112,21.22545,21.960674,20.493614,20.732025,20.364374,20.375256,20.36402,20.383074,21.702105,21.918476,20.631403,20.630745,20.415682,20.548332,4.0,4.0,0.0,0.0,0.0,0.0,0.0,0.0
33651,2023.0,8.0,22.0,16.0,21.412027,22.285944,20.061956,20.396275,21.293102,22.026508,20.4518,20.686476,21.040302,21.66354,20.358366,20.378138,21.51721,21.619127,20.614273,20.614862,20.382996,20.513773,0.0,4.0,0.0,4.0,0.0,0.0,0.0,0.0
33652,2023.0,8.0,22.0,16.0,21.485638,22.351248,19.971571,20.25859,20.812746,21.08285,20.308176,20.429617,20.74971,20.989925,20.352282,20.37271,21.464296,21.555538,20.598515,20.600452,20.24665,20.26463,0.0,0.0,0.0,0.0,0.0,0.0,0.0,0.0
33653,2023.0,8.0,22.0,16.0,20.983055,21.35149,19.81855,19.966562,21.260656,22.010693,20.235176,20.335707,20.611794,20.75706,20.345633,20.366877,21.351368,21.359932,20.584204,20.587532,20.192781,20.202835,0.0,4.0,0.0,0.0,0.0,0.0,0.0,0.0
33654,2023.0,8.0,22.0,17.0,20.838146,21.16365,19.750713,19.874722,21.349398,22.073034,20.194872,20.293442,20.581423,20.717386,20.338394,20.360676,22.07713,22.771353,20.570684,20.575493,21.0086,21.772297,0.0,4.0,0.0,0.0,0.0,4.0,0.0,4.0
33655,2023.0,8.0,22.0,17.0,21.374437,22.207516,20.145012,20.63587,20.86646,21.131943,20.162224,20.259285,20.45883,20.486124,20.329943,20.35282,21.658812,21.860842,20.557728,20.563438,20.588339,20.822777,4.0,0.0,0.0,0.0,0.0,0.0,0.0,0.0
33656,2023.0,8.0,22.0,17.0,21.520481,22.369617,20.265614,20.769487,20.698597,20.904684,20.13406,20.229212,20.407413,20.420527,20.711983,21.080194,21.472212,21.560213,20.545324,20.55174,20.407326,20.536068,4.0,0.0,0.0,0.0,4.0,0.0,0.0,0.0
33657,2023.0,8.0,22.0,17.0,21.033886,21.399477,20.402641,20.994633,21.226482,21.942854,20.755613,21.417482,20.385744,20.399775,20.49004,20.590977,22.155931,22.887745,20.53341,20.540953,20.364801,20.48965,4.0,4.0,4.0,0.0,0.0,4.0,0.0,0.0
33658,2023.0,8.0,22.0,17.0,20.875767,21.184454,20.476995,21.07445,20.844349,21.119564,20.927368,21.59353,20.367537,20.382242,20.373398,20.40244,21.69583,21.902588,21.482958,22.34826,20.239952,20.266973,4.0,0.0,4.0,0.0,0.0,0.0,4.0,0.0
33659,2023.0,8.0,22.0,17.0,20.820986,21.12463,20.18091,20.482,21.254433,21.963667,20.524368,20.786457,20.35109,20.3665,20.348476,20.372793,21.491383,21.577152,20.97645,21.187185,20.183279,20.196665,0.0,4.0,0.0,0.0,0.0,0.0,0.0,0.0
33660,2023.0,8.0,22.0,18.0,21.373604,22.188282,20.06955,20.319324,21.368519,22.070133,20.392206,20.598335,20.33528,20.351547,20.33118,20.35543,21.435902,21.51331,20.782526,20.884708,20.15384,20.167898,0.0,4.0,0.0,0.0,0.0,0.0,0.0,0.0
33661,2023.0,8.0,22.0,18.0,20.970486,21.40904,20.395674,20.946535,21.403738,22.09245,21.12709,21.867363,21.044746,21.70828,20.314188,20.337606,21.330788,21.340622,21.034107,21.361092,20.12706,20.140442,4.0,4.0,4.0,4.0,0.0,0.0,0.0,0.0
33662,2023.0,8.0,22.0,18.0,21.014168,21.48666,20.541937,21.110525,20.962727,21.30655,21.158892,21.85744,20.759537,20.9495,20.6773,21.035143,21.26588,21.26625,21.003328,21.290968,20.101936,20.11639,4.0,0.0,4.0,0.0,4.0,0.0,0.0,0.0
33663,2023.0,8.0,22.0,18.0,21.430222,22.248205,20.221323,20.46924,21.017813,21.429083,20.993288,21.548035,20.55012,20.667717,20.502443,20.60493,21.224876,21.22461,21.008743,21.291756,20.07862,20.092928,0.0,0.0,0.0,0.0,0.0,0.0,0.0,0.0
33664,2023.0,8.0,22.0,18.0,21.5738,22.375504,20.080706,20.29559,21.32554,21.994839,21.015799,21.570063,20.49898,20.605497,20.349167,20.382744,21.189611,21.189913,21.0082,21.284857,20.05694,20.071556,0.0,4.0,0.0,0.0,0.0,0.0,0.0,0.0
33665,2023.0,8.0,22.0,18.0,21.627861,22.419434,19.93013,20.031431,21.431564,22.09103,21.201063,21.87586,20.383354,20.398037,20.296665,20.319296,21.156939,21.157236,21.00844,21.281473,20.037413,20.053091,0.0,4.0,4.0,0.0,0.0,0.0,0.0,0.0
33666,2023.0,8.0,22.0,19.0,21.666473,22.44696,19.85601,19.943607,21.46537,22.114616,21.266026,21.926655,20.335236,20.3518,20.63739,20.98276,21.861982,22.524097,21.008305,21.27876,20.019814,20.036926,0.0,4.0,4.0,0.0,4.0,4.0,0.0,0.0
33667,2023.0,8.0,22.0,19.0,21.1458,21.435404,19.810009,19.886358,20.973658,21.254148,21.291702,21.937204,20.998302,21.628624,20.467733,20.567474,21.473776,21.594496,21.727236,22.620321,19.99965,20.01504,0.0,0.0,4.0,4.0,0.0,0.0,4.0,0.0
33668,2023.0,8.0,22.0,19.0,21.497278,22.244774,19.775661,19.844742,21.017813,21.367224,20.979107,21.389185,20.681978,20.828436,20.362633,20.456924,21.238413,21.279879,21.13319,21.262527,19.978,19.991415,0.0,0.0,0.0,0.0,0.0,0.0,0.0,0.0
33669,2023.0,8.0,22.0,19.0,21.108723,21.377829,19.7453,19.807339,21.30607,21.9013,21.202806,21.8068,21.139486,21.812593,20.324877,20.40773,21.162767,21.184204,21.014587,21.237322,19.95626,19.968653,0.0,4.0,4.0,4.0,0.0,0.0,0.0,0.0
33670,2023.0,8.0,22.0,19.0,21.009335,21.337297,19.718199,19.77367,21.411308,22.00379,21.281681,21.882175,21.308891,21.941944,20.237062,20.262413,21.0975,21.095568,21.716383,22.563148,19.93522,19.946321,0.0,4.0,4.0,4.0,0.0,0.0,4.0,0.0
33671,2023.0,8.0,22.0,19.0,21.00708,21.351957,19.693825,19.74341,21.431541,22.008757,21.294668,21.880384,21.346535,21.960272,20.176613,20.189104,21.052788,21.049175,21.122015,21.221422,20.767471,21.536125,0.0,4.0,4.0,4.0,0.0,0.0,0.0,4.0
33672,2023.0,8.0,22.0,20.0,21.00778,21.362799,19.670797,19.714165,20.976328,21.219448,20.979752,21.336063,20.791039,20.874725,20.136738,20.144573,21.795202,22.49538,21.01696,21.22241,20.327814,20.424814,0.0,0.0,0.0,0.0,0.0,4.0,0.0,0.0
33673,2023.0,8.0,22.0,20.0,21.43028,22.152546,19.650991,19.69005,21.290855,21.836685,21.193066,21.739017,21.1615,21.737286,20.476395,20.809439,21.330767,21.390139,21.008625,21.224794,20.06879,20.103151,0.0,4.0,4.0,4.0,4.0,0.0,0.0,0.0
33674,2023.0,8.0,22.0,20.0,20.971857,21.25332,19.63342,19.668198,21.398888,21.940187,20.985228,21.343042,20.738037,20.792385,20.286552,20.347782,21.7565,22.349255,21.009773,21.237463,20.000465,20.019358,0.0,4.0,0.0,0.0,0.0,4.0,0.0,0.0
33675,2023.0,8.0,22.0,20.0,21.018915,21.364328,19.61672,19.647062,21.41247,21.941776,21.019365,21.417698,20.473633,20.460983,20.487307,20.812662,21.94227,22.534233,21.008884,21.243597,19.956255,19.967247,0.0,4.0,0.0,0.0,4.0,4.0,0.0,0.0
33676,2023.0,8.0,22.0,20.0,21.0076,21.351534,20.046297,20.463215,21.421272,21.938667,21.186613,21.709314,20.382172,20.360243,20.252039,20.2807,21.986647,22.56443,21.009321,21.24928,19.91993,19.923998,4.0,4.0,4.0,0.0,0.0,4.0,0.0,0.0
33677,2023.0,8.0,22.0,20.0,21.441345,22.165146,19.986303,20.253895,21.42636,21.932024,21.241983,21.758123,20.318258,20.291365,20.10171,20.090584,21.374006,21.36757,21.0093,21.252432,19.88983,19.889288,0.0,4.0,4.0,0.0,0.0,0.0,0.0,0.0
33678,2023.0,8.0,22.0,21.0,21.53367,22.186024,20.171938,20.569117,20.975899,21.160675,20.98756,21.320274,20.97345,21.572594,20.396448,20.68323,21.11562,21.045753,21.009413,21.254715,20.709848,21.458977,4.0,0.0,0.0,4.0,4.0,0.0,0.0,4.0
33679,2023.0,8.0,22.0,21.0,20.979263,21.221647,19.984997,20.190561,21.018229,21.27847,21.01914,21.391834,21.157682,21.693521,20.181532,20.186354,21.02373,20.944527,21.009796,21.257586,20.236795,20.268251,0.0,0.0,0.0,4.0,0.0,0.0,0.0,0.0
33680,2023.0,8.0,22.0,21.0,21.37676,22.002234,20.156096,20.49623,21.262024,21.73203,21.015045,21.384647,20.586924,20.583397,20.344591,20.584566,21.670717,22.22556,21.009842,21.25972,19.960503,19.932604,4.0,4.0,0.0,0.0,4.0,4.0,0.0,0.0
33681,2023.0,8.0,22.0,21.0,21.515491,22.135254,19.982924,20.154669,21.348122,21.818243,21.012667,21.384464,20.953762,21.436779,20.12323,20.092144,21.855917,22.391687,21.009815,21.260864,19.889278,19.85202,0.0,4.0,0.0,4.0,0.0,4.0,0.0,0.0
33682,2023.0,8.0,22.0,21.0,21.547733,22.161236,19.796955,19.804338,20.969986,21.160954,21.01305,21.38734,20.545998,20.519318,20.291496,20.50071,21.896656,22.420555,21.686417,22.523563,19.843185,19.799692,0.0,0.0,0.0,0.0,4.0,4.0,4.0,0.0
33683,2023.0,8.0,22.0,21.0,20.983994,21.182379,19.713938,19.716654,21.018534,21.279263,21.013039,21.388187,20.31152,20.238811,20.08728,20.045124,21.930052,22.442913,20.95933,21.083103,19.834515,19.816174,0.0,0.0,0.0,0.0,0.0,4.0,0.0,0.0
33684,2023.0,8.0,22.0,22.0,21.017498,21.289532,19.680698,19.679964,21.012848,21.276693,21.013243,21.388647,20.224152,20.143187,19.939428,19.86334,21.955336,22.45785,21.025692,21.24002,20.678278,21.426823,0.0,0.0,0.0,0.0,0.0,4.0,0.0,4.0
33685,2023.0,8.0,22.0,22.0,21.009312,21.291906,19.650694,19.645885,21.01373,21.282557,21.013264,21.38785,20.16035,20.074022,19.92693,19.891272,21.322678,21.238922,21.01169,21.224438,20.866001,21.468367,0.0,0.0,0.0,0.0,0.0,0.0,0.0,4.0
33686,2023.0,8.0,22.0,22.0,21.010817,21.305386,19.623957,19.615377,21.010046,21.285421,21.230278,21.774609,20.772179,21.277725,19.908451,19.874645,21.04975,20.908693,21.013445,21.23431,20.910366,21.49773,0.0,0.0,4.0,4.0,0.0,0.0,0.0,4.0
33687,2023.0,8.0,22.0,22.0,21.00702,21.312117,19.599464,19.586897,21.010677,21.293562,20.977938,21.292994,20.441614,20.44658,19.87722,19.840261,21.002888,20.903425,21.010166,21.23853,20.96759,21.542818,0.0,0.0,0.0,0.0,0.0,0.0,0.0,4.0
33688,2023.0,8.0,22.0,22.0,21.007687,21.322948,19.577208,19.56121,21.010855,21.298822,21.022684,21.381172,20.162067,20.052036,19.84637,19.806433,21.007114,20.953394,21.010471,21.246246,20.298964,20.236479,0.0,0.0,0.0,0.0,0.0,0.0,0.0,0.0
33689,2023.0,8.0,22.0,22.0,21.014565,21.344202,19.553873,19.532108,21.021673,21.323828,21.035189,21.399702,20.057354,19.934052,19.814613,19.769487,21.002943,20.985067,21.021221,21.272734,20.005575,19.893785,0.0,0.0,0.0,0.0,0.0,0.0,0.0,0.0
33690,2023.0,8.0,22.0,23.0,21.007101,21.333754,19.535807,19.512531,21.009611,21.301447,21.010365,21.357355,20.07722,20.027294,19.787962,19.741442,21.656021,22.248325,21.008987,21.250963,19.91411,19.800991,0.0,0.0,0.0,0.0,0.0,4.0,0.0,0.0
33691,2023.0,8.0,22.0,23.0,21.43575,22.136003,19.517319,19.491331,20.70457,20.716534,20.647888,20.664673,20.067533,20.020649,19.76085,19.711802,21.741096,22.194208,20.701485,20.661644,19.845316,19.731846,0.0,0.0,0.0,0.0,0.0,4.0,0.0,0.0
33692,2023.0,8.0,22.0,23.0,20.841072,20.908337,19.50304,19.475323,20.57693,20.544361,20.50211,20.474997,20.042696,19.994844,19.739117,19.688429,21.110489,20.97862,20.60457,20.55636,19.866146,19.819876,0.0,0.0,0.0,0.0,0.0,0.0,0.0,0.0
33693,2023.0,8.0,22.0,23.0,20.61881,20.599308,19.932144,20.291578,20.507765,20.467102,20.4218,20.387348,20.604979,21.07378,19.716858,19.664022,20.91592,20.729519,20.543509,20.493164,19.84901,19.807302,4.0,0.0,0.0,4.0,0.0,0.0,0.0,0.0
33694,2023.0,8.0,22.0,23.0,20.534231,20.506426,19.668169,19.700031,20.454842,20.411173,20.359726,20.322426,20.82182,21.35185,19.69493,19.639843,20.832918,20.644302,20.490793,20.438261,19.81995,19.776564,0.0,0.0,0.0,4.0,0.0,0.0,0.0,0.0
33695,2023.0,8.0,22.0,23.0,20.597996,20.693396,19.552967,19.52669,20.410778,20.36676,20.308598,20.271305,20.76723,21.152916,19.674387,19.618002,20.7668,20.579395,20.445402,20.39243,20.520193,21.118912,0.0,0.0,0.0,4.0,0.0,0.0,0.0,4.0
33696,2023.0,8.0,23.0,0.0,20.596107,20.709265,19.515165,19.479298,20.36962,20.323912,20.261528,20.222523,20.220081,20.100126,19.653269,19.594973,20.827074,20.758257,20.402805,20.348211,19.945595,19.866377,0.0,0.0,0.0,0.0,0.0,0.0,0.0,0.0
33697,2023.0,8.0,23.0,0.0,20.567947,20.679396,19.489902,19.450813,20.330923,20.28277,20.21792,20.176208,20.031052,19.862923,19.941813,20.15274,20.809738,20.740183,20.36261,20.305677,19.749784,19.60971,0.0,0.0,0.0,0.0,4.0,0.0,0.0,0.0
33698,2023.0,8.0,23.0,0.0,20.539616,20.6483,19.469458,19.427904,20.295382,20.245272,20.17823,20.134407,19.954378,19.784695,19.714085,19.659767,20.775242,20.703127,20.325512,20.26675,19.685495,19.541813,0.0,0.0,0.0,0.0,0.0,0.0,0.0,0.0
33699,2023.0,8.0,23.0,0.0,20.512129,20.618557,19.450588,19.406355,20.261673,20.209272,20.140848,20.094597,20.01536,19.968672,19.647034,19.581755,20.743025,20.668795,20.290625,20.230095,19.725975,19.673456,0.0,0.0,0.0,0.0,0.0,0.0,0.0,0.0
33700,2023.0,8.0,23.0,0.0,20.485954,20.590446,19.43371,19.387661,20.231045,20.177505,20.107046,20.05969,19.982086,19.917583,19.6174,19.550457,20.712593,20.636906,20.258152,20.196377,19.708212,19.654758,0.0,0.0,0.0,0.0,0.0,0.0,0.0,0.0
33701,2023.0,8.0,23.0,0.0,20.461334,20.564655,19.418556,19.371893,20.203499,20.15048,20.076807,20.030178,19.950659,19.886997,19.901144,20.105253,20.684402,20.608305,20.228045,20.16591,19.683014,19.629023,0.0,0.0,0.0,0.0,4.0,0.0,0.0,0.0
33702,2023.0,8.0,23.0,1.0,20.435925,20.536665,19.402163,19.353182,20.174675,20.119762,20.045412,19.99685,19.919144,19.853514,19.668545,19.607262,20.655664,20.57762,20.197765,20.133919,19.656677,19.600922,0.0,0.0,0.0,0.0,0.0,0.0,0.0,0.0
33703,2023.0,8.0,23.0,1.0,20.41044,20.507738,19.384464,19.331375,20.145336,20.086859,20.013857,19.961655,19.88755,19.818918,19.596813,19.52346,20.626854,20.545826,20.167732,20.10132,19.629923,19.571522,0.0,0.0,0.0,0.0,0.0,0.0,0.0,0.0
33704,2023.0,8.0,23.0,1.0,20.38578,20.479933,19.367384,19.310873,20.117693,20.056564,19.984324,19.929483,19.85743,19.786398,19.562618,19.486486,20.599157,20.51567,20.138819,20.070261,19.604002,19.543362,0.0,0.0,0.0,0.0,0.0,0.0,0.0,0.0
33705,2023.0,8.0,23.0,1.0,20.362898,20.455484,19.352047,19.294142,20.092993,20.03172,19.958055,19.903238,19.829748,19.758247,19.53307,19.456724,20.573597,20.489391,20.111864,20.042707,20.309765,20.892834,0.0,0.0,0.0,0.0,0.0,0.0,0.0,4.0
33706,2023.0,8.0,23.0,1.0,20.338148,20.427034,19.334232,19.272581,20.065813,20.001297,19.929451,19.871315,20.392357,20.839735,19.502388,19.422644,20.546288,20.459177,20.083384,20.011648,20.585308,21.247517,0.0,0.0,0.0,4.0,0.0,0.0,0.0,4.0
33707,2023.0,8.0,23.0,1.0,20.314398,20.400066,19.31661,19.2515,20.039557,19.97218,19.902332,19.841137,19.989742,19.956573,19.473028,19.390453,20.519794,20.430178,20.055614,19.981682,20.521643,21.006353,0.0,0.0,0.0,0.0,0.0,0.0,0.0,4.0
33708,2023.0,8.0,23.0,2.0,20.291277,20.373898,19.299034,19.230627,20.01392,19.943893,19.87632,19.81218,19.723982,19.51653,19.444454,19.359325,20.493683,20.401804,20.028273,19.952356,19.831415,19.670816,0.0,0.0,0.0,0.0,0.0,0.0,0.0,0.0
33709,2023.0,8.0,23.0,2.0,20.268097,20.347511,19.28127,19.209553,19.988327,19.915388,19.850473,19.783154,19.620546,19.394684,19.725407,19.908297,20.46754,20.373192,20.000843,19.922707,19.618708,19.413725,0.0,0.0,0.0,0.0,4.0,0.0,0.0,0.0
33710,2023.0,8.0,23.0,2.0,20.245016,20.321323,19.263689,19.18876,19.963224,19.88751,19.825003,19.754766,19.695646,19.605705,19.490055,19.404963,20.441862,20.345198,19.973839,19.893639,19.526812,19.319475,0.0,0.0,0.0,0.0,0.0,0.0,0.0,0.0
33711,2023.0,8.0,23.0,2.0,20.222052,20.29544,19.245756,19.167204,19.938026,19.859196,19.799313,19.725899,19.688398,19.601702,19.417503,19.323402,20.416355,20.317326,19.947,19.864737,19.45086,19.2383,0.0,0.0,0.0,0.0,0.0,0.0,0.0,0.0
33712,2023.0,8.0,23.0,2.0,20.199495,20.270271,19.22849,19.147154,19.913885,19.832827,19.774557,19.69895,19.66194,19.573425,19.38198,19.285791,20.391495,20.290585,19.92067,19.836744,19.524141,19.445524,0.0,0.0,0.0,0.0,0.0,0.0,0.0,0.0
33713,2023.0,8.0,23.0,2.0,20.178278,20.24769,19.212831,19.130566,19.891926,19.810686,19.75193,19.676275,20.21932,20.643528,19.350946,19.255066,20.368187,20.266788,19.895706,19.811396,19.507673,19.428675,0.0,0.0,0.0,4.0,0.0,0.0,0.0,0.0
33714,2023.0,8.0,23.0,3.0,20.155664,20.22216,19.194983,19.109777,19.867764,19.784016,19.727049,19.648968,19.825356,19.776716,19.319195,19.220812,20.343416,20.239935,19.869339,19.783165,19.477646,19.397346,0.0,0.0,0.0,0.0,0.0,0.0,0.0,0.0
33715,2023.0,8.0,23.0,3.0,20.13344,20.19711,19.177048,19.088995,19.843622,19.757317,19.702206,19.62162,19.528442,19.275747,19.288204,19.187248,20.31877,20.21324,19.843002,19.754984,19.446167,19.363846,0.0,0.0,0.0,0.0,0.0,0.0,0.0,0.0
33716,2023.0,8.0,23.0,3.0,20.111881,20.17332,19.159092,19.068256,19.819777,19.731028,19.677698,19.59472,19.429037,19.168127,19.258389,19.155157,20.294628,20.187334,19.817123,19.727571,19.415327,19.331327,0.0,0.0,0.0,0.0,0.0,0.0,0.0,0.0
33717,2023.0,8.0,23.0,3.0,20.090351,20.1498,19.14176,19.048973,19.796844,19.706488,19.654161,19.569643,19.528698,19.43156,19.229952,19.12529,20.271078,20.162481,19.791685,19.700989,19.385614,19.300447,0.0,0.0,0.0,0.0,0.0,0.0,0.0,0.0
33718,2023.0,8.0,23.0,3.0,20.069723,20.128323,19.126013,19.033047,19.77589,19.68584,19.632671,19.548567,20.104559,20.520086,19.203943,19.099821,20.24896,20.140368,19.767515,19.676897,19.35799,19.27313,0.0,0.0,0.0,4.0,0.0,0.0,0.0,0.0
33719,2023.0,8.0,23.0,3.0,20.049454,20.107521,19.108538,19.013765,19.753204,19.661686,19.609459,19.523941,19.730581,19.69058,19.176517,19.071148,20.225815,20.116072,19.742321,19.650723,20.058424,20.615782,0.0,0.0,0.0,0.0,0.0,0.0,0.0,4.0
33720,2023.0,8.0,23.0,4.0,20.041927,20.111927,19.08968,18.991837,19.729063,19.63462,19.584967,19.496485,19.407578,19.137505,19.147804,19.039665,20.201586,20.089558,19.715958,19.622246,20.345406,20.996073,0.0,0.0,0.0,0.0,0.0,0.0,0.0,4.0
33721,2023.0,8.0,23.0,4.0,20.026838,20.09753,19.07424,18.976898,19.708805,19.615265,19.56478,19.47703,19.313168,19.043247,19.12325,19.016258,20.180552,20.069357,19.69259,19.599773,19.540823,19.365297,0.0,0.0,0.0,0.0,0.0,0.0,0.0,0.0
33722,2023.0,8.0,23.0,4.0,20.008532,20.078402,19.057953,18.960182,19.687578,19.593702,19.543798,19.4555,19.975163,20.361994,19.097881,18.990635,20.158833,20.047411,19.668394,19.575377,19.290367,19.04821,0.0,0.0,0.0,4.0,0.0,0.0,0.0,0.0
33723,2023.0,8.0,23.0,4.0,19.989525,20.058292,19.041502,18.94313,19.666224,19.5718,19.52252,19.43359,19.629467,19.570076,19.072702,18.964975,20.137182,20.025356,19.64415,19.550741,19.199503,18.95343,0.0,0.0,0.0,0.0,0.0,0.0,0.0,0.0
33724,2023.0,8.0,23.0,4.0,19.970964,20.03909,19.025492,18.926933,19.645435,19.550999,19.501593,19.412666,19.339012,19.08051,19.048485,18.940878,20.11623,20.004473,19.62053,19.52723,19.83401,20.207827,0.0,0.0,0.0,0.0,0.0,0.0,0.0,4.0
33725,2023.0,8.0,23.0,4.0,19.952051,20.019386,19.009295,18.910383,19.624487,19.529833,19.480488,19.391354,19.230204,18.956812,19.320332,19.469887,20.095316,19.98347,19.596836,19.503479,19.312738,19.09649,0.0,0.0,0.0,0.0,4.0,0.0,0.0,0.0
33726,2023.0,8.0,23.0,5.0,19.931644,19.997118,18.991611,18.890787,19.601881,19.505312,19.45789,19.366766,19.336397,19.234495,19.460546,19.669466,20.073486,19.960459,19.572142,19.477644,19.135128,18.8838,0.0,0.0,0.0,0.0,4.0,0.0,0.0,0.0
33727,2023.0,8.0,23.0,5.0,19.911987,19.976665,18.9756,18.87417,19.580849,19.483938,19.436945,19.345417,19.331686,19.230402,19.502962,19.711414,20.052753,19.939508,19.548471,19.453814,19.224909,19.133718,0.0,0.0,0.0,0.0,4.0,0.0,0.0,0.0
33728,2023.0,8.0,23.0,5.0,19.89287,19.957361,18.961233,18.860424,19.561378,19.465601,19.417568,19.327114,19.309439,19.209152,19.003222,18.724813,20.03311,19.920586,19.525824,19.431927,19.209764,19.119553,0.0,0.0,0.0,0.0,0.0,0.0,0.0,0.0
33729,2023.0,8.0,23.0,5.0,19.872831,19.93654,18.945574,18.844255,19.54049,19.444584,19.396757,19.306135,19.284538,19.184406,18.833538,18.534838,20.721035,21.241016,19.50235,19.408487,19.181293,19.091738,0.0,0.0,0.0,0.0,0.0,4.0,0.0,0.0
33730,2023.0,8.0,23.0,5.0,19.852814,19.915686,18.929438,18.827732,19.519608,19.42344,19.375692,19.284897,19.259052,19.158985,18.926006,18.790281,20.050478,19.81285,19.478895,19.385021,19.151728,19.06223,0.0,0.0,0.0,0.0,0.0,0.0,0.0,0.0
33731,2023.0,8.0,23.0,5.0,20.486452,21.12022,18.91282,18.810837,19.49878,19.40227,19.354385,19.263443,19.233892,19.133821,18.945084,18.83375,19.842903,19.537996,20.391722,21.12478,19.12275,19.033234,0.0,0.0,0.0,0.0,0.0,0.0,4.0,0.0
33732,2023.0,8.0,23.0,6.0,20.09215,20.24092,18.89598,18.7937,19.477985,19.381079,19.33299,19.241863,19.775993,20.171652,18.923576,18.814186,19.781889,19.477413,19.628756,19.459259,19.811895,20.353743,0.0,0.0,0.0,4.0,0.0,0.0,0.0,4.0
33733,2023.0,8.0,23.0,6.0,21.14509,22.155327,18.88233,18.782986,21.19528,22.453938,21.213633,22.606157,20.033798,20.536343,18.902227,18.795473,21.192406,21.978374,21.31104,22.465849,20.109856,20.754765,0.0,0.0,0.0,0.0,0.0,0.0,0.0,4.0
33734,2023.0,8.0,23.0,6.0,21.013424,21.774248,18.869139,18.773458,21.002022,21.888622,21.002247,21.985703,19.365898,19.149693,19.179136,19.334473,21.001976,21.547207,21.006754,21.789948,20.010246,20.483665,0.0,0.0,0.0,0.0,4.0,0.0,0.0,0.0
33735,2023.0,8.0,23.0,6.0,21.02103,21.732595,18.85704,18.764864,21.002419,21.76054,21.030792,21.922144,19.082441,18.828674,20.118738,20.90392,21.149681,21.737833,21.035727,21.757353,19.346273,19.14358,0.0,4.0,0.0,0.0,0.0,4.0,0.0,0.0
33736,2023.0,8.0,23.0,6.0,21.019611,21.69195,18.846071,18.75719,21.029802,21.770218,21.026535,21.834774,19.166058,19.065487,19.454115,19.478394,21.01034,21.425308,21.216087,22.006943,19.076096,18.851072,0.0,0.0,0.0,0.0,0.0,0.0,4.0,0.0
33737,2023.0,8.0,23.0,6.0,21.019241,21.665876,18.835524,18.750006,21.033373,21.708647,21.026436,21.780865,19.809032,20.260649,19.427267,19.603706,21.02547,21.413656,21.005194,21.578146,19.007511,18.791489,0.0,0.0,0.0,4.0,4.0,0.0,0.0,0.0
33738,2023.0,8.0,23.0,7.0,21.097195,21.766932,18.825777,18.74344,21.005299,21.584494,21.025682,21.741722,20.021399,20.45879,20.092022,20.72622,21.02245,21.374092,21.089752,21.672373,19.09222,19.013132,0.0,4.0,0.0,0.0,0.0,0.0,4.0,0.0
33739,2023.0,8.0,23.0,7.0,20.989586,21.535315,18.81994,18.743858,21.03645,21.639242,21.025213,21.713926,20.071016,20.440353,19.5253,19.53156,21.321465,21.90948,21.022331,21.554228,19.116966,19.04663,0.0,0.0,0.0,4.0,0.0,4.0,0.0,0.0
33740,2023.0,8.0,23.0,7.0,21.034288,21.635954,18.815958,18.746817,21.028383,21.599407,21.02409,21.692455,20.011827,20.315289,19.246485,19.164585,21.219845,21.594301,21.027573,21.54586,19.110764,19.046566,0.0,0.0,0.0,0.0,0.0,4.0,0.0,0.0
33741,2023.0,8.0,23.0,7.0,20.99519,21.524494,18.81215,18.749708,21.005638,21.522886,21.024382,21.678808,19.521177,19.336185,19.195686,19.122015,21.000702,21.240448,21.201735,21.818392,19.106234,19.047678,0.0,4.0,0.0,0.0,0.0,0.0,4.0,0.0
33742,2023.0,8.0,23.0,7.0,21.029951,21.611847,18.808481,18.75276,21.035084,21.598446,21.024117,21.667788,19.328417,19.14068,19.171907,19.10472,21.020452,21.276598,21.002155,21.446213,19.978243,20.701862,0.0,0.0,0.0,0.0,0.0,0.0,0.0,4.0
33743,2023.0,8.0,23.0,7.0,20.996033,21.517424,19.264576,19.619053,21.026878,21.569881,20.997095,21.585535,19.393478,19.329765,19.50338,19.74439,21.243076,21.66918,21.027725,21.491444,19.995207,20.463346,4.0,0.0,4.0,0.0,4.0,4.0,0.0,0.0
33744,2023.0,8.0,23.0,8.0,21.029451,21.605461,20.105007,20.984945,21.027079,21.560438,21.02892,21.669306,19.415966,19.364761,20.071505,20.647345,21.333693,21.771427,21.023205,21.473415,19.440228,19.326704,0.0,0.0,0.0,0.0,0.0,4.0,0.0,0.0
33745,2023.0,8.0,23.0,8.0,21.009762,21.531633,19.441305,19.563736,20.502201,20.556557,20.80451,21.189293,19.40803,19.361755,19.605885,19.647972,20.722208,20.584837,20.415737,20.2953,19.225363,19.092375,0.0,0.0,4.0,0.0,0.0,0.0,0.0,0.0
33746,2023.0,8.0,23.0,8.0,21.0132,21.540697,19.165922,19.145678,20.258762,20.22095,20.217018,20.140505,19.40027,19.352617,19.427944,19.374212,20.518887,20.31257,21.268463,22.057348,19.186962,19.056763,0.0,0.0,0.0,0.0,0.0,0.0,4.0,0.0
33747,2023.0,8.0,23.0,8.0,21.019947,21.55669,19.09197,19.061377,20.14558,20.100855,19.947279,19.780787,20.093683,20.665451,19.74457,19.998169,20.45014,20.249111,21.359934,22.034782,19.237108,19.183395,0.0,0.0,0.0,4.0,4.0,0.0,4.0,0.0
33748,2023.0,8.0,23.0,8.0,21.029417,21.576946,19.484385,19.836914,20.064142,20.021858,19.8313,19.671312,19.988407,20.343342,20.037125,20.466825,21.126871,21.581358,20.551785,20.47732,19.248337,19.2052,4.0,0.0,0.0,0.0,0.0,4.0,0.0,0.0
33749,2023.0,8.0,23.0,8.0,20.470701,20.534464,20.05293,20.737932,20.63916,21.176523,20.49752,21.033354,19.595156,19.519543,19.586763,19.524576,21.371565,21.856766,20.19597,20.046846,19.24185,19.199596,4.0,4.0,4.0,0.0,0.0,4.0,0.0,0.0
33750,2023.0,8.0,23.0,9.0,20.18305,20.188076,20.019537,20.610777,20.280884,20.350477,20.061811,20.032316,19.416105,19.29507,19.355522,19.215574,21.444672,21.93678,20.082012,19.93229,19.23513,19.192747,0.0,0.0,0.0,0.0,0.0,4.0,0.0,0.0
33751,2023.0,8.0,23.0,9.0,20.084547,20.096739,19.451982,19.466347,19.909397,19.807396,19.7472,19.644001,19.443352,19.384266,19.73908,19.98644,20.846474,20.761873,20.018793,19.87903,19.230501,19.188454,0.0,0.0,0.0,0.0,4.0,0.0,0.0,0.0
33752,2023.0,8.0,23.0,9.0,20.034193,20.060204,19.636305,19.916075,20.440386,20.880943,20.304794,20.761757,19.45886,19.408539,20.033945,20.43895,20.649282,20.48318,19.982758,19.852858,19.22922,19.18726,4.0,4.0,4.0,0.0,0.0,0.0,0.0,0.0
33753,2023.0,8.0,23.0,9.0,20.060122,20.17376,20.060495,20.634823,20.082634,20.074972,19.9403,19.936333,19.46045,19.411074,20.066404,20.407375,21.303486,21.792828,20.005152,19.94007,19.229326,19.187452,0.0,0.0,0.0,0.0,4.0,4.0,0.0,0.0
33754,2023.0,8.0,23.0,9.0,20.047495,20.176815,19.870596,20.197186,19.821514,19.741163,19.683498,19.615803,19.462078,19.412773,20.002913,20.263622,21.559658,22.101547,20.000164,19.943027,19.230913,19.18895,4.0,0.0,0.0,0.0,0.0,4.0,0.0,0.0
33755,2023.0,8.0,23.0,9.0,20.016493,20.15252,20.04401,20.561472,19.755863,19.689796,19.619144,19.566257,19.465416,19.415787,19.705368,19.655544,21.63428,22.178717,20.965366,21.786694,19.233803,19.191414,0.0,0.0,0.0,0.0,0.0,4.0,4.0,0.0
33756,2023.0,8.0,23.0,10.0,19.985046,20.124548,19.587076,19.65341,19.752035,19.734982,20.277262,20.857403,19.470907,19.42088,19.56443,19.470648,21.054853,21.037043,20.429026,20.455374,19.238194,19.19535,0.0,0.0,4.0,0.0,0.0,0.0,0.0,0.0
33757,2023.0,8.0,23.0,10.0,19.972643,20.127987,19.410202,19.418758,19.735428,19.7302,19.858568,19.933123,19.478222,19.427427,19.577465,19.509321,20.842981,20.715752,21.124823,21.872677,19.243908,19.200277,0.0,0.0,0.0,0.0,0.0,0.0,4.0,0.0
33758,2023.0,8.0,23.0,10.0,19.95392,20.114004,19.774817,20.161512,19.70926,19.708464,19.661526,19.651724,20.186678,20.756094,19.586569,19.523365,21.483465,21.984503,20.502047,20.544294,19.251055,19.20666,4.0,0.0,0.0,4.0,0.0,4.0,0.0,0.0
33759,2023.0,8.0,23.0,10.0,19.933825,20.096582,20.033522,20.590849,19.684929,19.688036,20.23715,20.781036,20.43301,21.037619,19.962427,20.22792,21.054815,21.075191,20.260122,20.183023,20.139359,20.877724,0.0,0.0,4.0,4.0,4.0,0.0,0.0,4.0
33760,2023.0,8.0,23.0,10.0,19.906,20.06428,19.980629,20.418798,19.658909,19.665628,19.886076,19.952955,19.960438,20.13377,19.99622,20.182323,20.79418,20.692398,20.178701,20.100748,19.96459,20.328959,4.0,0.0,0.0,0.0,0.0,0.0,0.0,0.0
33761,2023.0,8.0,23.0,10.0,19.880384,20.037924,20.00605,20.462435,19.635435,19.646336,20.292423,20.86624,19.768864,19.745483,19.81294,19.794983,20.746294,20.647327,21.082697,21.84685,19.629866,19.64079,4.0,0.0,4.0,0.0,0.0,0.0,4.0,0.0
33762,2023.0,8.0,23.0,11.0,20.52866,21.274792,20.017525,20.486626,20.28228,20.88477,19.943811,20.054344,19.694717,19.653952,19.718937,19.658848,21.440807,21.984861,20.609913,20.683521,20.332287,21.046581,0.0,4.0,0.0,0.0,0.0,4.0,0.0,4.0
33763,2023.0,8.0,23.0,11.0,20.184431,20.416063,20.016161,20.447184,20.54038,21.161215,20.3171,20.900242,19.69375,19.657944,19.70911,19.645418,21.751717,22.382338,20.288242,20.241573,19.960814,20.20034,4.0,4.0,4.0,0.0,0.0,4.0,0.0,0.0
33764,2023.0,8.0,23.0,11.0,20.592003,21.31414,20.015642,20.462294,20.040812,20.16302,20.51213,21.108341,20.398594,20.986525,19.711975,19.648222,21.852568,22.487495,20.219404,20.169603,19.714836,19.717184,0.0,0.0,4.0,4.0,0.0,4.0,0.0,0.0
33765,2023.0,8.0,23.0,11.0,20.241888,20.48895,19.69838,19.846395,19.81856,19.887796,20.57198,21.173681,20.019487,20.142473,20.07002,20.314388,21.930414,22.569155,21.135782,21.925266,20.451363,21.167658,0.0,0.0,4.0,0.0,4.0,4.0,4.0,4.0
33766,2023.0,8.0,23.0,11.0,20.04742,20.257685,19.920902,20.37325,20.390808,21.00619,20.082937,20.221468,19.871557,19.857918,19.99434,20.079796,21.998884,22.637169,20.677042,20.781954,19.989864,20.180662,4.0,4.0,0.0,0.0,0.0,4.0,0.0,0.0
33767,2023.0,8.0,23.0,11.0,20.002136,20.210972,20.011896,20.478264,20.06506,20.216171,19.848518,19.93901,19.849737,19.836838,19.922848,19.922401,21.36484,21.3817,20.363657,20.345434,19.78656,19.794188,0.0,0.0,0.0,0.0,0.0,0.0,0.0,0.0
33768,2023.0,8.0,23.0,12.0,19.977812,20.192528,20.066025,20.542875,19.853014,19.95379,19.789865,19.88719,19.816565,19.766153,20.268232,20.569065,21.12971,21.075296,20.301828,20.276716,20.560747,21.29552,4.0,0.0,0.0,0.0,4.0,0.0,0.0,4.0
33769,2023.0,8.0,23.0,12.0,21.145319,22.264772,20.004808,20.435429,21.153036,22.296423,21.159702,22.353062,19.809395,19.75164,20.105364,20.171644,21.83543,22.439882,21.112589,21.695002,20.10881,20.274353,0.0,0.0,0.0,0.0,0.0,4.0,0.0,0.0
33770,2023.0,8.0,23.0,12.0,21.001665,21.870052,19.743305,19.929728,21.003956,21.868916,20.979382,21.839869,20.541527,21.126852,20.011002,20.017427,22.108028,22.764265,21.002327,21.437977,20.722223,21.533453,0.0,0.0,4.0,4.0,0.0,4.0,0.0,4.0
33771,2023.0,8.0,23.0,12.0,21.020494,21.838865,19.532963,19.620428,21.023758,21.827957,21.030884,21.88678,20.258015,20.335323,19.967783,19.904108,22.189478,22.843855,21.012259,21.4056,20.271063,20.429651,0.0,0.0,0.0,0.0,0.0,4.0,0.0,0.0
33772,2023.0,8.0,23.0,12.0,21.01759,21.786442,19.436424,19.501883,21.020525,21.767555,20.995518,21.74294,20.087883,20.097101,19.965391,19.891222,21.566946,21.592916,21.010172,21.357796,19.983833,20.01052,0.0,0.0,4.0,0.0,0.0,0.0,0.0,0.0
33773,2023.0,8.0,23.0,12.0,21.03979,21.793219,19.383112,19.444353,21.04627,21.775478,21.047874,21.839306,20.095167,20.104376,19.993351,19.91699,21.343426,21.294556,21.02548,21.34667,19.942501,19.956621,0.0,0.0,0.0,0.0,0.0,0.0,0.0,0.0
33774,2023.0,8.0,23.0,13.0,21.037212,21.758074,19.35057,19.416483,21.010654,21.6429,21.001087,21.674862,20.040337,19.969893,20.025024,19.945864,21.321363,21.278158,21.022562,21.30433,19.953432,19.97194,0.0,4.0,4.0,0.0,0.0,0.0,0.0,0.0
33775,2023.0,8.0,23.0,13.0,21.169239,21.966389,19.324347,19.394611,21.039318,21.728567,21.043386,21.787874,20.039145,19.966105,20.059029,19.97688,21.316675,21.277851,21.021162,21.27282,19.889484,19.826975,0.0,0.0,0.0,0.0,0.0,0.0,0.0,0.0
33776,2023.0,8.0,23.0,13.0,20.9941,21.641212,19.753275,20.223455,21.014624,21.660194,21.015738,21.707596,20.056316,19.980585,20.09269,20.005844,21.270569,21.186146,21.006268,21.222218,19.878874,19.813467,4.0,0.0,0.0,0.0,0.0,0.0,0.0,0.0
33777,2023.0,8.0,23.0,13.0,21.211231,22.032578,20.013065,20.56324,21.01805,21.655392,21.052275,21.734531,20.0785,20.000385,20.130032,20.04085,22.015305,22.612461,21.00744,21.201889,19.887165,19.819204,4.0,0.0,4.0,0.0,0.0,4.0,0.0,0.0
33778,2023.0,8.0,23.0,13.0,20.983458,21.594425,20.094,20.670654,21.018606,21.642563,21.015785,21.682629,20.10406,20.024933,20.527027,20.751665,21.647564,21.692318,21.006863,21.180279,19.9023,19.833265,4.0,0.0,0.0,0.0,4.0,0.0,0.0,0.0
33779,2023.0,8.0,23.0,13.0,21.018599,21.667622,20.165838,20.752523,21.01778,21.62945,21.018354,21.680061,20.130852,20.051466,20.39585,20.347641,21.46535,21.443552,21.006304,21.161257,19.919693,19.850197,4.0,0.0,0.0,0.0,0.0,0.0,0.0,0.0
33780,2023.0,8.0,23.0,14.0,21.012684,21.654148,20.220432,20.81198,21.017878,21.619814,21.017227,21.669224,20.156342,20.076323,20.323547,20.234283,22.202072,22.846594,21.006115,21.145155,19.937141,19.867262,4.0,0.0,0.0,0.0,0.0,4.0,0.0,0.0
33781,2023.0,8.0,23.0,14.0,20.606731,20.864212,20.270338,20.86744,20.544283,20.699116,20.499916,20.660593,20.180676,20.100323,20.337322,20.243658,21.788486,21.855947,20.809704,20.750889,19.953959,19.8837,4.0,0.0,0.0,0.0,0.0,0.0,0.0,0.0
33782,2023.0,8.0,23.0,14.0,21.148207,21.977947,19.984852,20.362743,20.34026,20.418482,20.281689,20.36483,20.202204,20.122585,20.361952,20.268982,21.637667,21.623426,20.749685,20.671062,19.969309,19.89953,0.0,0.0,0.0,0.0,0.0,0.0,0.0,0.0
33783,2023.0,8.0,23.0,14.0,20.786182,21.139585,20.224827,20.816599,20.235853,20.310738,20.171675,20.252502,20.22445,20.145813,20.387968,20.29565,21.611975,21.603436,20.725254,20.647024,19.984661,19.915894,4.0,0.0,0.0,0.0,0.0,0.0,0.0,0.0
33784,2023.0,8.0,23.0,14.0,20.630869,20.94496,20.323656,20.945036,20.173176,20.245329,20.104248,20.18242,20.244944,20.169102,20.412148,20.323193,21.514452,21.42172,20.712204,20.634438,19.998178,19.931482,4.0,0.0,0.0,0.0,0.0,0.0,0.0,0.0
33785,2023.0,8.0,23.0,14.0,20.578695,20.902485,19.97506,20.32468,20.127615,20.205997,20.05531,20.140097,20.262333,20.18771,20.43307,20.345482,21.493498,21.404673,20.702522,20.627003,20.009367,19.94387,0.0,0.0,0.0,0.0,0.0,0.0,0.0,0.0
33786,2023.0,8.0,23.0,15.0,20.447407,20.690838,19.896803,20.192352,20.081707,20.165026,20.656136,21.317862,20.279804,20.206799,20.454376,20.368275,22.198114,22.76056,20.692795,20.619808,20.02066,19.95685,0.0,0.0,4.0,0.0,0.0,4.0,0.0,0.0
33787,2023.0,8.0,23.0,15.0,20.384813,20.618973,20.23227,20.837034,20.707535,21.373392,20.819103,21.49302,20.294489,20.224386,20.47248,20.389702,22.495468,23.20159,20.686676,20.616028,20.030607,19.969378,4.0,4.0,4.0,0.0,0.0,4.0,0.0,0.0
33788,2023.0,8.0,23.0,15.0,21.001396,21.812805,19.992857,20.379835,20.310556,20.496557,20.424854,20.718588,20.307566,20.240667,20.489443,20.410637,22.596088,23.30535,20.681189,20.613564,20.040285,19.98199,0.0,0.0,0.0,0.0,0.0,4.0,0.0,0.0
33789,2023.0,8.0,23.0,15.0,20.750061,21.163498,20.26117,20.874617,20.807436,21.575874,20.807297,21.538212,20.98716,21.513456,20.505533,20.430332,22.678392,23.386179,21.636267,22.429054,20.049595,19.994532,4.0,4.0,4.0,4.0,0.0,4.0,4.0,0.0
33790,2023.0,8.0,23.0,15.0,21.208628,22.08436,20.388878,21.041254,20.471054,20.802032,20.453289,20.776041,20.615452,20.656088,20.517902,20.447771,22.740742,23.450708,21.138752,21.2935,20.05687,20.00587,4.0,0.0,0.0,0.0,0.0,4.0,0.0,0.0
33791,2023.0,8.0,23.0,15.0,20.806477,21.225927,20.449043,21.105583,20.908302,21.675152,20.871151,21.619936,20.585598,20.661531,20.873507,21.112835,22.13144,22.250906,20.974909,21.04735,20.062803,20.016466,4.0,4.0,4.0,0.0,4.0,0.0,0.0,0.0
33792,2023.0,8.0,23.0,16.0,21.272984,22.171814,20.149591,20.508307,21.06145,21.844418,21.026552,21.809223,20.62763,20.734093,20.689226,20.690384,21.95246,21.999954,20.954134,21.031933,20.066853,20.025894,0.0,4.0,4.0,0.0,0.0,0.0,0.0,0.0
33793,2023.0,8.0,23.0,16.0,20.856264,21.285461,20.053318,20.376379,21.126387,21.903303,21.088223,21.866404,21.317343,22.025566,20.604292,20.555218,22.614649,23.302248,20.93908,21.020868,20.067217,20.030113,0.0,4.0,4.0,4.0,0.0,4.0,0.0,0.0
33794,2023.0,8.0,23.0,16.0,20.70709,21.079203,20.025057,20.346296,21.184698,21.958658,21.141008,21.916533,20.906664,21.10633,20.587809,20.540236,22.108225,22.248539,20.81111,20.780434,20.065672,20.032764,0.0,4.0,4.0,0.0,0.0,0.0,0.0,0.0
33795,2023.0,8.0,23.0,16.0,20.665136,21.035923,20.226715,20.71516,20.71236,21.03231,21.185286,21.958195,20.755566,20.876272,20.575651,20.533842,22.648794,23.353626,20.760897,20.72118,20.062695,20.034252,4.0,0.0,4.0,0.0,0.0,4.0,0.0,0.0
33796,2023.0,8.0,23.0,16.0,20.522924,20.780334,20.308027,20.819109,21.109127,21.85621,21.224436,21.994501,20.731558,20.854115,20.924597,21.203299,22.786137,23.524822,21.691368,22.508255,20.058535,20.034723,4.0,4.0,4.0,0.0,4.0,4.0,4.0,0.0
33797,2023.0,8.0,23.0,16.0,21.094236,21.89414,20.476553,21.119143,20.730705,21.059277,20.746685,21.070835,20.580475,20.572748,20.729893,20.77621,22.17345,22.328758,21.182184,21.36905,20.053389,20.03429,4.0,0.0,0.0,0.0,0.0,0.0,0.0,0.0
33798,2023.0,8.0,23.0,17.0,21.344028,22.247095,20.220675,20.59058,21.124384,21.870117,20.573286,20.840818,20.514866,20.491716,20.61072,20.589785,21.977306,22.051485,21.96757,22.922935,20.89339,21.631685,0.0,4.0,0.0,0.0,0.0,0.0,4.0,4.0
33799,2023.0,8.0,23.0,17.0,21.431091,22.329435,20.11028,20.426218,21.261017,22.02795,20.506565,20.767176,20.484089,20.463749,20.57911,20.559395,21.910889,21.984447,21.379889,21.643383,20.49537,20.712984,0.0,4.0,0.0,0.0,0.0,0.0,0.0,0.0
33800,2023.0,8.0,23.0,17.0,20.926893,21.324709,20.443834,21.066753,20.777737,21.077051,21.022379,21.76803,20.457869,20.440268,20.553965,20.537006,21.857798,21.932484,21.10945,21.215223,20.346828,20.484674,4.0,0.0,4.0,0.0,0.0,0.0,0.0,0.0
33801,2023.0,8.0,23.0,17.0,20.782648,21.139019,20.551718,21.194283,21.204966,21.96072,20.649086,20.968431,20.43529,20.421278,20.531748,20.518503,21.725307,21.714233,22.00349,22.953796,20.32197,20.458294,4.0,4.0,0.0,0.0,0.0,0.0,4.0,0.0
33802,2023.0,8.0,23.0,17.0,20.727304,21.076986,20.256529,20.602755,21.319523,22.07379,21.037182,21.758947,20.413618,20.402578,20.875582,21.18489,22.419167,23.082975,21.403917,21.652657,20.17678,20.185415,0.0,4.0,4.0,0.0,4.0,4.0,0.0,0.0
33803,2023.0,8.0,23.0,17.0,20.688868,21.034283,20.501238,21.10176,21.354908,22.098204,20.657978,20.957254,21.086687,21.693712,20.663267,20.728085,21.966194,22.127363,21.1389,21.24196,20.118837,20.115538,4.0,4.0,0.0,4.0,0.0,0.0,0.0,0.0
33804,2023.0,8.0,23.0,18.0,20.55694,20.795303,20.604189,21.230434,20.87416,21.16269,20.50537,20.746172,20.769146,20.97444,20.669115,20.79562,22.51992,23.250109,21.06342,21.157345,20.092848,20.091492,4.0,0.0,0.0,0.0,0.0,4.0,0.0,0.0
33805,2023.0,8.0,23.0,18.0,21.06947,21.733347,20.638067,21.254595,21.034761,21.530516,21.07952,21.787935,20.638338,20.77441,20.694725,20.852308,22.649176,23.395521,21.013956,21.105759,20.969362,21.775145,4.0,0.0,0.0,0.0,0.0,4.0,0.0,4.0
33806,2023.0,8.0,23.0,18.0,21.002232,21.565714,20.66861,21.275263,21.007353,21.482332,21.006712,21.598885,21.295124,22.034298,20.557951,20.585142,22.68847,23.4229,21.005493,21.121407,20.628828,20.858229,4.0,0.0,0.0,4.0,0.0,4.0,0.0,0.0
33807,2023.0,8.0,23.0,18.0,21.011078,21.560236,20.348402,20.649555,21.010675,21.487944,21.130545,21.777357,20.94128,21.17235,20.474783,20.476223,22.102297,22.276554,21.005573,21.140974,20.366552,20.500818,0.0,0.0,4.0,0.0,0.0,0.0,0.0,0.0
33808,2023.0,8.0,23.0,18.0,21.009851,21.541113,20.182028,20.43248,21.241379,21.89415,20.990145,21.511745,20.678951,20.800907,20.438978,20.436935,21.813437,21.877558,21.006077,21.156584,20.301472,20.419619,0.0,4.0,0.0,0.0,0.0,0.0,0.0,0.0
33809,2023.0,8.0,23.0,18.0,21.009876,21.528408,20.130287,20.371958,21.382215,22.087057,21.229105,21.942028,20.617079,20.730272,20.412468,20.411678,21.728188,21.785912,21.005909,21.167095,20.271755,20.385788,0.0,4.0,4.0,0.0,0.0,0.0,0.0,0.0
33810,2023.0,8.0,23.0,19.0,21.009783,21.518179,20.387629,20.864052,21.429905,22.123075,20.969769,21.438246,20.472788,20.472355,20.38715,20.387207,21.671068,21.726416,21.006403,21.176624,20.136175,20.134428,4.0,4.0,0.0,0.0,0.0,0.0,0.0,0.0
33811,2023.0,8.0,23.0,19.0,21.01025,21.51016,20.477966,20.9519,20.972466,21.319489,21.016968,21.52683,21.138025,21.785881,20.717037,21.030844,21.620401,21.672451,21.006407,21.183903,20.08449,20.087326,4.0,0.0,0.0,4.0,4.0,0.0,0.0,0.0
33812,2023.0,8.0,23.0,19.0,21.009615,21.50063,20.58772,21.133472,21.307327,21.97113,21.012014,21.51132,20.832676,21.006107,20.531994,20.591242,21.518064,21.51318,21.00689,21.192669,20.054344,20.057436,4.0,4.0,0.0,0.0,0.0,0.0,0.0,0.0
33813,2023.0,8.0,23.0,19.0,21.343834,22.105835,20.299381,20.549217,20.979841,21.331953,21.186018,21.805635,20.607737,20.708717,20.390343,20.401396,21.455421,21.445738,21.841307,22.770184,20.883123,21.64859,0.0,0.0,4.0,0.0,0.0,0.0,4.0,4.0
33814,2023.0,8.0,23.0,19.0,20.974258,21.380962,20.484278,20.98122,21.01685,21.420214,21.295164,21.948717,21.222755,21.909708,20.342318,20.347672,21.41009,21.400576,21.268705,21.422607,21.25932,22.087267,4.0,0.0,4.0,4.0,0.0,0.0,0.0,4.0
33815,2023.0,8.0,23.0,19.0,21.373123,22.14272,20.608473,21.122824,21.291399,21.92151,21.331472,21.976206,20.841265,20.999516,20.30819,20.31383,21.369081,21.360516,20.997627,21.129599,20.616516,20.77294,4.0,4.0,4.0,0.0,0.0,0.0,0.0,0.0
33816,2023.0,8.0,23.0,20.0,20.976055,21.35871,20.633894,21.137053,21.397726,22.02796,21.350061,21.983652,21.266256,21.941563,20.27788,20.284653,21.33234,21.325054,21.006952,21.177206,21.194454,22.034803,4.0,4.0,4.0,4.0,0.0,0.0,0.0,4.0
33817,2023.0,8.0,23.0,20.0,21.016306,21.452963,20.304365,20.500711,21.425179,22.043846,21.363785,21.985685,20.852667,20.992128,20.249277,20.256872,21.297363,21.291025,21.006014,21.193241,20.665089,20.812166,0.0,4.0,4.0,0.0,0.0,0.0,0.0,0.0
33818,2023.0,8.0,23.0,20.0,21.007837,21.439838,20.507488,20.980726,20.97903,21.267818,21.374105,21.984337,21.259241,21.910307,20.56401,20.872696,21.264002,21.258123,21.83736,22.768429,20.350311,20.409353,4.0,0.0,4.0,4.0,4.0,0.0,4.0,0.0
33819,2023.0,8.0,23.0,20.0,21.008434,21.44099,20.269768,20.446815,21.018002,21.368385,20.97947,21.304556,20.849318,20.971731,20.40812,20.485075,21.231956,21.226387,21.226126,21.341743,20.260069,20.303833,0.0,0.0,0.0,0.0,0.0,0.0,0.0,0.0
33820,2023.0,8.0,23.0,20.0,21.008951,21.439417,20.476034,20.932959,21.010403,21.362654,21.019005,21.404707,21.261524,21.907404,20.249332,20.264566,21.201424,21.195883,21.006325,21.152939,20.203856,20.241156,4.0,0.0,0.0,4.0,0.0,0.0,0.0,0.0
33821,2023.0,8.0,23.0,20.0,21.008266,21.434746,20.222942,20.36599,21.011595,21.368076,21.012218,21.399315,20.818481,20.904385,20.198065,20.205622,21.172215,21.166096,21.007671,21.179123,20.128984,20.132446,0.0,0.0,0.0,0.0,0.0,0.0,0.0,0.0
33822,2023.0,8.0,23.0,21.0,21.381384,22.118694,20.040535,20.126295,21.011189,21.36853,21.01343,21.403656,20.550812,20.568,20.514923,20.828613,21.898426,22.57247,21.00772,21.192421,20.986807,21.802044,0.0,0.0,0.0,0.0,4.0,4.0,0.0,4.0
33823,2023.0,8.0,23.0,21.0,20.972582,21.314457,20.371258,20.783028,21.285643,21.86644,21.252201,21.833733,21.143375,21.74821,20.349894,20.417074,22.080687,22.688261,21.007483,21.200682,20.509943,20.602749,4.0,4.0,4.0,4.0,0.0,4.0,0.0,0.0
33824,2023.0,8.0,23.0,21.0,21.351313,22.038286,20.519316,20.950851,20.967485,21.248083,20.974972,21.299475,20.74709,20.807274,20.205393,20.224876,21.472445,21.493942,21.007462,21.205673,20.209785,20.226807,4.0,0.0,0.0,0.0,0.0,0.0,0.0,0.0
33825,2023.0,8.0,23.0,21.0,20.973965,21.293425,20.526949,20.930748,21.018152,21.357794,21.018562,21.394093,20.49573,20.493294,20.157015,20.165998,21.237225,21.197788,21.752304,22.602514,20.130638,20.137669,4.0,0.0,0.0,0.0,0.0,0.0,4.0,0.0
33826,2023.0,8.0,23.0,21.0,21.016798,21.392727,20.188875,20.282467,21.011637,21.346146,21.01314,21.384386,20.413397,20.399162,20.120674,20.122211,21.165972,21.116781,21.126902,21.169855,20.083063,20.084457,0.0,0.0,0.0,0.0,0.0,0.0,0.0,0.0
33827,2023.0,8.0,23.0,21.0,21.009182,21.382387,19.998417,20.028786,21.010855,21.346773,21.012163,21.3847,20.373116,20.367416,20.090761,20.088783,21.11566,21.061375,21.715385,22.489365,20.048311,20.048738,0.0,0.0,0.0,0.0,0.0,0.0,4.0,0.0
33828,2023.0,8.0,23.0,22.0,21.405123,22.119123,20.324326,20.68202,21.010952,21.346937,21.012331,21.385355,20.337893,20.330994,20.389128,20.666811,21.878893,22.553469,21.134285,21.155582,20.017567,20.01405,4.0,0.0,0.0,0.0,4.0,4.0,0.0,0.0
33829,2023.0,8.0,23.0,22.0,21.507776,22.17098,20.10844,20.180672,21.01084,21.345589,21.253754,21.819593,20.30503,20.296284,20.231533,20.267706,21.387371,21.389587,21.01447,21.138489,19.992413,19.98789,0.0,0.0,4.0,0.0,0.0,0.0,0.0,0.0
33830,2023.0,8.0,23.0,22.0,21.535246,22.19054,19.926638,19.934364,21.010973,21.344383,20.976736,21.282892,20.8441,21.332502,20.101902,20.096352,21.12478,21.055216,21.71919,22.474709,20.749756,21.437803,0.0,0.0,0.0,4.0,0.0,0.0,4.0,4.0
33831,2023.0,8.0,23.0,22.0,20.981722,21.224817,19.883379,19.895323,21.010906,21.3425,21.019495,21.37357,20.549747,20.59368,20.062553,20.051697,21.058737,20.981531,21.121231,21.125196,20.309607,20.334929,0.0,0.0,0.0,0.0,0.0,0.0,0.0,0.0
33832,2023.0,8.0,23.0,22.0,21.018387,21.330921,19.856386,19.86819,21.01085,21.340673,21.013975,21.362377,20.317484,20.273533,20.333988,20.581009,21.013111,20.931332,21.019165,21.134008,20.795353,21.417555,0.0,0.0,0.0,0.0,4.0,0.0,0.0,4.0
33833,2023.0,8.0,23.0,22.0,21.008682,21.327284,19.830244,19.839943,21.010954,21.33926,21.011755,21.361078,20.246967,20.194757,20.49578,20.78745,21.026823,20.994144,21.008135,21.138126,20.338623,20.335882,0.0,0.0,0.0,0.0,4.0,0.0,0.0,0.0
33834,2023.0,8.0,23.0,23.0,21.01023,21.338118,19.807125,19.814575,21.010914,21.337673,21.011988,21.362392,20.850237,21.369766,20.193346,20.172163,21.0164,20.984251,21.009356,21.152945,20.098074,20.052979,0.0,0.0,0.0,4.0,0.0,0.0,0.0,0.0
33835,2023.0,8.0,23.0,23.0,20.824553,20.99053,19.787006,19.792933,20.723467,20.78347,20.700098,20.76295,20.545025,20.587389,20.315536,20.496277,20.995178,20.962559,20.828106,20.81696,20.779715,21.39418,0.0,0.0,0.0,0.0,4.0,0.0,0.0,4.0
33836,2023.0,8.0,23.0,23.0,20.74083,20.881685,20.201262,20.581722,20.5833,20.583796,20.551579,20.555862,20.890062,21.302387,20.40445,20.618834,20.97612,20.941769,20.75306,20.727163,20.262901,20.259733,4.0,0.0,0.0,4.0,4.0,0.0,0.0,0.0
33837,2023.0,8.0,23.0,23.0,20.696638,20.834747,19.966347,20.04961,20.519638,20.513493,20.483208,20.481432,21.042555,21.500603,20.133226,20.089338,20.957315,20.921421,20.708866,20.681448,20.84613,21.456415,0.0,0.0,0.0,4.0,0.0,0.0,0.0,4.0
33838,2023.0,8.0,23.0,23.0,20.661022,20.797134,19.833141,19.840488,20.472137,20.463919,20.431452,20.427574,21.097857,21.550385,20.027987,19.952484,20.93894,20.901434,20.670488,20.641506,20.30517,20.292612,0.0,0.0,0.0,4.0,0.0,0.0,0.0,0.0
33839,2023.0,8.0,23.0,23.0,20.629854,20.76314,19.796272,19.794895,20.431364,20.421137,20.387074,20.381098,20.567429,20.515507,20.364832,20.62845,20.920681,20.881397,20.635849,20.605082,20.12376,20.055407,0.0,0.0,0.0,0.0,4.0,0.0,0.0,0.0
33840,2023.0,8.0,24.0,0.0,20.602985,20.734703,19.772846,19.769712,20.396233,20.385122,20.348827,20.342005,20.980099,21.397429,20.474014,20.758842,20.903114,20.862465,20.604883,20.573055,20.805822,21.39432,0.0,0.0,0.0,4.0,4.0,0.0,0.0,4.0
33841,2023.0,8.0,24.0,0.0,20.578503,20.708796,19.754389,19.749905,20.364582,20.352657,20.314484,20.306746,20.55016,20.501793,20.197363,20.210577,20.886208,20.844595,20.576336,20.543531,20.280197,20.256542,0.0,0.0,0.0,0.0,0.0,0.0,0.0,0.0
33842,2023.0,8.0,24.0,0.0,20.56726,20.70732,19.738564,19.733059,20.335985,20.323399,20.283655,20.275097,20.976301,21.405872,20.387995,20.61802,20.869843,20.827335,20.54998,20.516258,20.104473,20.027695,0.0,0.0,0.0,4.0,4.0,0.0,0.0,0.0
33843,2023.0,8.0,24.0,0.0,20.556005,20.700628,19.724459,19.718134,20.30997,20.297024,20.255615,20.246622,20.524645,20.462267,20.104456,20.036137,20.853992,20.81074,20.525574,20.491165,20.044867,19.96782,0.0,0.0,0.0,0.0,0.0,0.0,0.0,0.0
33844,2023.0,8.0,24.0,0.0,20.539328,20.683104,19.711576,19.704674,20.286215,20.273285,20.22996,20.220991,20.363628,20.260443,19.991365,19.894625,20.838701,20.79493,20.502926,20.468147,20.832138,21.504206,0.0,0.0,0.0,0.0,0.0,0.0,0.0,4.0
33845,2023.0,8.0,24.0,0.0,20.522526,20.664824,19.699005,19.69138,20.263638,20.250305,20.205597,20.196213,20.29767,20.19391,20.006104,19.969976,20.823486,20.778978,20.481188,20.445732,20.266994,20.253962,0.0,0.0,0.0,0.0,0.0,0.0,0.0,0.0
33846,2023.0,8.0,24.0,1.0,20.505217,20.645199,19.68554,19.676027,20.240595,20.225035,20.18085,20.16906,20.316507,20.285582,19.98637,19.946104,20.807632,20.761486,20.459427,20.422241,20.064405,19.976969,0.0,0.0,0.0,0.0,0.0,0.0,0.0,0.0
33847,2023.0,8.0,24.0,1.0,20.487959,20.625181,19.671677,19.659554,20.21872,20.200972,20.15747,20.143513,20.284468,20.2452,19.960642,19.920864,20.791407,20.743048,20.43831,20.399202,20.002426,19.911985,0.0,0.0,0.0,0.0,0.0,0.0,0.0,0.0
33848,2023.0,8.0,24.0,1.0,20.471033,20.605711,19.658733,19.64498,20.198652,20.179932,20.135962,20.12118,20.252752,20.212833,20.24451,20.473158,20.775505,20.725525,20.418064,20.377626,20.009628,19.973743,0.0,0.0,0.0,0.0,4.0,0.0,0.0,0.0
33849,2023.0,8.0,24.0,1.0,20.454166,20.586267,19.645172,19.629,20.178347,20.157793,20.114225,20.097713,20.222134,20.180592,20.040789,20.035173,20.759132,20.70725,20.397839,20.355822,20.720581,21.33402,0.0,0.0,0.0,0.0,0.0,0.0,0.0,4.0
33850,2023.0,8.0,24.0,1.0,20.437202,20.56643,19.631393,19.612411,20.15814,20.135296,20.092815,20.074009,20.192358,20.148705,19.948627,19.904696,20.742262,20.688208,20.377481,20.333588,20.15972,20.114088,0.0,0.0,0.0,0.0,0.0,0.0,0.0,0.0
33851,2023.0,8.0,24.0,1.0,20.419195,20.54435,19.615799,19.592234,20.136305,20.10908,20.069914,20.046576,20.161808,20.113989,19.912018,19.861769,20.723867,20.66636,20.355938,20.308895,19.965635,19.850115,0.0,0.0,0.0,0.0,0.0,0.0,0.0,0.0
33852,2023.0,8.0,24.0,2.0,20.402603,20.524912,19.601665,19.575115,20.11668,20.086931,20.049295,20.023438,20.13417,20.08409,19.881964,19.82915,20.706297,20.646437,20.335514,20.286427,19.903282,19.784748,0.0,0.0,0.0,0.0,0.0,0.0,0.0,0.0
33853,2023.0,8.0,24.0,2.0,20.38644,20.506258,19.588058,19.55919,20.09792,20.066236,20.02945,20.001719,20.107876,20.056019,19.854673,19.799803,20.688963,20.627237,20.315502,20.264801,19.929407,19.884882,0.0,0.0,0.0,0.0,0.0,0.0,0.0,0.0
33854,2023.0,8.0,24.0,2.0,20.370462,20.487774,19.574503,19.543306,20.079556,20.045898,20.009945,19.98034,20.082537,20.028896,19.828686,19.771765,20.671568,20.607971,20.295649,20.243328,19.909111,19.863314,0.0,0.0,0.0,0.0,0.0,0.0,0.0,0.0
33855,2023.0,8.0,24.0,2.0,20.35522,20.470785,19.56222,19.530119,20.06287,20.02879,19.99219,19.962345,20.05919,20.005196,19.805248,19.748058,21.350319,21.906609,20.276697,20.223713,19.884037,19.837908,0.0,0.0,0.0,0.0,0.0,4.0,0.0,0.0
33856,2023.0,8.0,24.0,2.0,20.339312,20.452429,19.548557,19.5142,20.04503,20.008984,19.973137,19.941483,20.035156,19.97949,19.780842,19.721716,20.768726,20.657753,20.25694,20.202442,19.858429,19.810745,0.0,0.0,0.0,0.0,0.0,0.0,0.0,0.0
33857,2023.0,8.0,24.0,2.0,20.32322,20.433558,19.534407,19.497383,20.026955,19.988432,19.953749,19.91978,20.599495,21.060286,19.756393,19.694782,20.584879,20.398882,20.236773,20.180359,19.833038,19.783289,0.0,0.0,0.0,4.0,0.0,0.0,0.0,0.0
33858,2023.0,8.0,24.0,3.0,20.307478,20.415316,19.520395,19.480932,20.009197,19.96852,19.934786,19.898794,20.205473,20.192833,19.73273,19.66903,20.530695,20.34008,20.216843,20.158787,19.808802,19.757341,0.0,0.0,0.0,0.0,0.0,0.0,0.0,0.0
33859,2023.0,8.0,24.0,3.0,20.291796,20.397099,19.505774,19.463362,19.990791,19.947409,19.915234,19.876547,20.072407,20.00978,19.708672,19.642178,20.60489,20.531336,20.196657,20.13676,19.784819,19.731249,0.0,0.0,0.0,0.0,0.0,0.0,0.0,0.0
33860,2023.0,8.0,24.0,3.0,20.277134,20.380798,19.49255,19.448526,19.973923,19.929216,19.897402,19.857445,20.032267,19.96853,19.686651,19.618858,20.597773,20.521927,20.177454,20.11654,19.762684,19.70805,0.0,0.0,0.0,0.0,0.0,0.0,0.0,0.0
33861,2023.0,8.0,24.0,3.0,20.26289,20.36555,19.480606,19.436434,19.958555,19.914057,19.881187,19.841562,20.000082,19.937412,19.66651,19.599087,20.581005,20.50695,20.15921,20.098309,20.472013,21.061928,0.0,0.0,0.0,0.0,0.0,0.0,0.0,4.0
33862,2023.0,8.0,24.0,3.0,20.246601,20.346462,19.465689,19.41847,19.940197,19.892803,19.86203,19.819426,19.96799,19.902092,19.643347,19.572989,20.561226,20.485027,20.138945,20.07602,20.758963,21.43981,0.0,0.0,0.0,0.0,0.0,0.0,0.0,4.0
33863,2023.0,8.0,24.0,3.0,20.232254,20.331264,19.453566,19.406204,19.92495,19.877695,19.84649,19.803923,19.941761,19.876509,19.623672,19.553669,20.543253,20.467102,20.120691,20.057796,20.00851,19.911764,0.0,0.0,0.0,0.0,0.0,0.0,0.0,0.0
33864,2023.0,8.0,24.0,4.0,20.215715,20.311916,19.438389,19.387947,19.906637,19.856443,19.82799,19.782269,19.913557,19.845469,19.600925,19.528046,20.523016,20.444557,20.100353,20.035454,19.780104,19.610815,0.0,0.0,0.0,0.0,0.0,0.0,0.0,0.0
33865,2023.0,8.0,24.0,4.0,20.202114,20.298492,19.426775,19.376965,19.891842,19.842314,19.81289,19.767735,19.889751,19.822256,19.581757,19.509499,20.505756,20.427925,20.082447,20.018078,19.708714,19.544338,0.0,0.0,0.0,0.0,0.0,0.0,0.0,0.0
33866,2023.0,8.0,24.0,4.0,20.188599,20.284975,19.41551,19.366377,19.877388,19.82854,19.797934,19.753452,19.86721,19.800318,19.563242,19.491625,20.489023,20.411827,20.064865,20.001032,19.756178,19.696833,0.0,0.0,0.0,0.0,0.0,0.0,0.0,0.0
33867,2023.0,8.0,24.0,4.0,20.175186,20.271542,19.404411,19.355938,19.863134,19.814957,19.783049,19.739277,19.845592,19.779306,19.545135,19.474163,20.47262,20.396063,20.047457,19.98416,19.738358,19.679966,0.0,0.0,0.0,0.0,0.0,0.0,0.0,0.0
33868,2023.0,8.0,24.0,4.0,20.161764,20.258104,19.393332,19.345518,19.848927,19.801413,19.768175,19.725115,19.824581,19.7589,19.527227,19.456896,20.456408,20.380487,20.03006,19.967299,19.712242,19.654358,0.0,0.0,0.0,0.0,0.0,0.0,0.0,0.0
33869,2023.0,8.0,24.0,4.0,20.148615,20.24523,19.829569,20.175018,19.835623,19.789703,19.754242,19.712866,19.804909,19.740757,19.5104,19.441694,20.440983,20.366394,20.013214,19.951626,19.68769,19.631292,4.0,0.0,0.0,0.0,0.0,0.0,0.0,0.0
33870,2023.0,8.0,24.0,5.0,20.13781,20.237146,19.583475,19.617998,19.821564,19.776413,19.739525,19.698963,20.36928,20.819855,19.493073,19.425142,20.425133,20.351286,19.995846,19.93492,19.663202,19.60745,0.0,0.0,0.0,4.0,0.0,0.0,0.0,0.0
33871,2023.0,8.0,24.0,5.0,20.13783,20.249346,19.451197,19.411188,19.806889,19.761873,19.724194,19.683811,19.984518,19.968119,19.475529,19.407701,20.408707,20.3349,19.977797,19.916918,19.63896,19.583147,0.0,0.0,0.0,0.0,0.0,0.0,0.0,0.0
33872,2023.0,8.0,24.0,5.0,20.12861,20.240852,19.41785,19.372786,20.445244,20.974094,19.709162,19.669327,20.295862,20.603899,19.458384,19.391113,20.392649,20.319265,20.878798,21.630552,19.616032,19.56073,0.0,4.0,0.0,4.0,0.0,0.0,4.0,0.0
33873,2023.0,8.0,24.0,5.0,20.11713,20.229002,19.820442,20.145565,20.640505,21.189613,19.693747,19.654144,20.44892,20.805344,19.440792,19.373741,20.376528,20.303291,20.179605,20.093563,19.593424,19.538225,4.0,4.0,0.0,4.0,0.0,0.0,0.0,0.0
33874,2023.0,8.0,24.0,5.0,20.10539,20.21679,19.593634,19.633957,20.013641,19.930326,19.678226,19.638765,20.507135,20.86371,19.716772,19.904552,20.361052,20.287918,20.840855,21.45477,19.571522,19.516346,0.0,0.0,0.0,4.0,4.0,0.0,4.0,0.0
33875,2023.0,8.0,24.0,5.0,20.093687,20.204699,19.724236,19.903248,19.775393,19.580786,19.66278,19.623503,20.550783,20.905136,19.539465,19.509869,20.346273,20.273367,20.20575,20.095894,19.550587,19.495556,4.0,0.0,0.0,4.0,0.0,0.0,0.0,0.0
33876,2023.0,8.0,24.0,6.0,20.08182,20.192364,19.426517,19.30922,20.335106,20.690636,19.647268,19.608038,20.010418,19.862608,19.451097,19.385489,21.03223,21.585373,19.997633,19.82765,19.530487,19.475513,0.0,4.0,0.0,0.0,0.0,4.0,0.0,0.0
33877,2023.0,8.0,24.0,6.0,21.133856,22.047352,19.674215,19.829401,21.102978,21.976452,21.172842,22.33663,19.836329,19.658716,19.42849,19.364006,21.105326,21.563112,21.285828,22.124992,19.512615,19.458838,4.0,0.0,0.0,0.0,0.0,4.0,0.0,0.0
33878,2023.0,8.0,24.0,6.0,20.99853,21.682802,20.049786,20.441252,21.01474,21.6853,20.99981,21.828978,20.356745,20.711548,19.730137,19.949919,21.011995,21.362764,21.002695,21.515076,19.495241,19.442665,0.0,0.0,0.0,4.0,4.0,0.0,0.0,0.0
33879,2023.0,8.0,24.0,6.0,21.017298,21.66055,19.586687,19.497908,21.026918,21.636318,21.024736,21.780252,20.570461,20.935963,20.036243,20.400028,21.017668,21.32781,21.018114,21.503609,20.263256,20.908468,0.0,0.0,0.0,4.0,0.0,0.0,0.0,4.0
33880,2023.0,8.0,24.0,6.0,21.014622,21.615513,19.90496,20.250607,21.017736,21.582705,21.020973,21.707634,19.976368,19.890461,19.690685,19.674131,21.015812,21.289713,21.016155,21.469011,19.948023,20.1318,4.0,0.0,0.0,0.0,0.0,0.0,0.0,0.0
33881,2023.0,8.0,24.0,6.0,21.015059,21.588951,20.00744,20.338951,21.018778,21.559542,21.020987,21.662895,20.437923,20.816402,19.530947,19.473137,21.01535,21.26351,21.49356,22.324032,19.622185,19.491158,0.0,0.0,0.0,4.0,0.0,0.0,4.0,0.0
33882,2023.0,8.0,24.0,7.0,21.014866,21.568838,19.700836,19.724337,21.01835,21.540394,20.994986,21.559616,19.974606,19.894667,19.494883,19.43919,21.009386,21.24416,20.946466,21.232565,19.492487,19.36212,0.0,0.0,4.0,0.0,0.0,0.0,0.0,0.0
33883,2023.0,8.0,24.0,7.0,21.01476,21.554716,19.539679,19.52014,21.018116,21.526684,21.02613,21.626154,19.843449,19.700705,19.475103,19.423183,21.448051,22.054865,21.028423,21.397045,20.38784,21.103363,0.0,0.0,0.0,0.0,0.0,4.0,0.0,4.0
33884,2023.0,8.0,24.0,7.0,21.231651,21.932646,19.482967,19.456867,21.098362,21.641161,20.99929,21.523748,19.78068,19.64595,19.79512,20.039392,21.473219,21.946192,21.01805,21.373055,19.949253,20.075094,0.0,4.0,4.0,0.0,4.0,4.0,0.0,0.0
33885,2023.0,8.0,24.0,7.0,20.969526,21.431057,19.448954,19.42399,21.002983,21.475122,21.031256,21.592613,19.823286,19.777523,20.030342,20.363674,21.49613,21.974586,21.018518,21.369913,19.666836,19.54365,0.0,0.0,0.0,0.0,0.0,4.0,0.0,0.0
33886,2023.0,8.0,24.0,7.0,21.0384,21.575361,19.422846,19.40079,21.001917,21.436646,21.049242,21.607124,19.823866,19.782362,20.081905,20.389284,21.545732,22.03127,21.028404,21.393362,19.576904,19.478739,0.0,4.0,0.0,0.0,4.0,4.0,0.0,0.0
33887,2023.0,8.0,24.0,7.0,21.034887,21.540306,19.402071,19.38402,21.044117,21.54725,21.046711,21.583399,19.80704,19.768915,20.026144,20.254314,21.591822,22.084047,21.028946,21.392288,19.600962,19.569017,0.0,0.0,0.0,0.0,0.0,4.0,0.0,0.0
33888,2023.0,8.0,24.0,8.0,21.011156,21.503708,19.385628,19.372892,21.024782,21.45694,21.015303,21.527912,19.792494,19.758194,19.71613,19.649324,21.63346,22.129591,21.012285,21.362158,20.448887,21.179537,0.0,4.0,0.0,0.0,0.0,4.0,0.0,4.0
33889,2023.0,8.0,24.0,8.0,20.659922,20.832127,19.369762,19.360868,21.021265,21.460064,20.52806,20.59118,19.780617,19.749763,19.571411,19.484743,21.677303,22.180498,20.629482,20.624413,19.954159,20.072529,0.0,4.0,0.0,0.0,0.0,4.0,0.0,0.0
33890,2023.0,8.0,24.0,8.0,20.490334,20.640337,19.355738,19.35089,21.033278,21.481487,20.259647,20.263252,19.771507,19.744001,19.580545,19.545431,21.071543,21.009914,21.35473,22.127663,19.739532,19.678568,0.0,4.0,0.0,0.0,0.0,0.0,4.0,0.0
33891,2023.0,8.0,24.0,8.0,21.068945,21.775461,19.344755,19.343739,21.0479,21.505152,20.171083,20.166067,19.765625,19.741247,19.904371,20.158045,20.876005,20.75345,20.67125,20.666138,19.673923,19.616537,0.0,4.0,0.0,0.0,4.0,0.0,0.0,0.0
33892,2023.0,8.0,24.0,8.0,21.125465,21.754995,19.33391,19.336216,21.063953,21.532084,20.102652,20.095238,19.76148,19.740238,20.022635,20.322872,20.805649,20.688728,20.430977,20.342373,19.647196,19.597666,0.0,4.0,0.0,0.0,0.0,0.0,0.0,0.0
33893,2023.0,8.0,24.0,8.0,20.59017,20.733032,19.763739,20.155186,21.077673,21.553383,20.044746,20.045744,20.402983,20.951448,19.782776,19.8089,21.474627,22.014647,20.35567,20.281252,19.653559,19.63907,4.0,4.0,0.0,4.0,0.0,4.0,0.0,0.0
33894,2023.0,8.0,24.0,9.0,20.41315,20.5057,20.032818,20.564339,21.093372,21.578135,19.99986,20.002987,19.9686,20.08016,19.697775,19.685333,21.635098,22.191004,20.310753,20.24438,19.646414,19.635532,0.0,4.0,0.0,0.0,0.0,4.0,0.0,0.0
33895,2023.0,8.0,24.0,9.0,20.331352,20.426693,19.650475,19.751186,20.576845,20.608616,19.953918,19.96161,19.838017,19.815762,19.675135,19.66519,21.053913,21.03211,20.305683,20.281082,19.635338,19.627314,0.0,0.0,0.0,0.0,0.0,0.0,0.0,0.0
33896,2023.0,8.0,24.0,9.0,20.28925,20.394794,19.497358,19.523083,20.966394,21.452366,19.919697,19.930666,19.804585,19.776276,19.665274,19.654335,20.88892,20.807127,21.267704,22.12118,19.62717,19.619743,0.0,4.0,0.0,0.0,0.0,0.0,4.0,0.0
33897,2023.0,8.0,24.0,9.0,20.984047,21.746628,19.453453,19.474712,21.077963,21.595963,20.547047,21.142252,19.801184,19.778444,19.659883,19.649145,20.840668,20.765032,21.460901,22.249304,19.62056,19.613388,0.0,4.0,4.0,0.0,0.0,0.0,4.0,0.0
33898,2023.0,8.0,24.0,9.0,21.082598,21.774145,19.426569,19.45046,21.103163,21.6254,20.720682,21.330648,19.809034,19.796991,19.658775,19.64811,20.811655,20.745,21.57108,22.35789,20.483727,21.248333,0.0,4.0,4.0,0.0,0.0,0.0,4.0,4.0
33899,2023.0,8.0,24.0,9.0,20.55893,20.751621,19.40636,19.433132,21.132483,21.662893,20.194765,20.287184,19.814314,19.803778,19.661137,19.650194,21.567034,22.207258,20.825525,20.869257,19.961905,20.18035,0.0,4.0,0.0,0.0,0.0,4.0,0.0,0.0
33900,2023.0,8.0,24.0,10.0,20.332926,20.473932,19.386707,19.416138,21.162928,21.702654,19.950157,19.978287,19.81899,19.808256,19.66617,19.65487,21.782454,22.38649,20.501001,20.455976,19.766504,19.779736,0.0,4.0,0.0,0.0,0.0,4.0,0.0,0.0
33901,2023.0,8.0,24.0,10.0,20.299427,20.457367,19.375069,19.40893,20.662655,20.756805,20.53437,21.117357,19.825554,19.814213,19.674942,19.662865,21.857006,22.465836,20.455477,20.425379,20.565271,21.307568,0.0,0.0,4.0,0.0,0.0,4.0,0.0,4.0
33902,2023.0,8.0,24.0,10.0,20.286993,20.464111,19.364744,19.402927,21.06942,21.627705,20.144442,20.264555,19.834265,19.822483,19.687342,19.67497,21.281593,21.324203,20.43214,20.40987,19.971313,20.143644,0.0,4.0,0.0,0.0,0.0,0.0,0.0,0.0
33903,2023.0,8.0,24.0,10.0,20.261503,20.441505,19.354961,19.397696,21.216324,21.78431,20.520678,21.100006,19.845287,19.833006,19.702929,19.690447,21.045774,21.010412,20.41567,20.401098,19.829247,19.853724,0.0,4.0,4.0,0.0,0.0,0.0,0.0,0.0
33904,2023.0,8.0,24.0,10.0,20.894722,21.650661,19.348726,19.395994,21.242851,21.818031,20.677576,21.285692,19.85767,19.844624,19.720423,19.707424,21.710531,22.304565,20.3967,20.37542,20.639841,21.39427,0.0,4.0,4.0,0.0,0.0,4.0,0.0,4.0
33905,2023.0,8.0,24.0,10.0,21.065844,21.829487,19.343697,19.395813,20.74195,20.869007,20.755749,21.370415,19.872843,19.859053,19.741425,19.728012,21.919327,22.568758,20.385614,20.363443,20.146057,20.268671,0.0,0.0,4.0,0.0,0.0,4.0,0.0,0.0
33906,2023.0,8.0,24.0,11.0,20.577961,20.850628,19.771498,20.205217,20.550488,20.618303,20.28694,20.447302,19.891209,19.876274,19.765635,19.751192,21.375177,21.466093,20.381334,20.358837,20.807499,21.562765,4.0,0.0,0.0,0.0,0.0,0.0,0.0,4.0
33907,2023.0,8.0,24.0,11.0,21.060598,21.834885,20.029589,20.591892,21.099394,21.718794,20.130436,20.242622,19.914707,19.90025,19.795813,19.782286,21.925919,22.559986,20.382402,20.360582,21.070353,21.88083,0.0,4.0,0.0,0.0,0.0,4.0,0.0,4.0
33908,2023.0,8.0,24.0,11.0,20.69728,20.98934,19.666054,19.813192,20.754047,20.926195,20.088865,20.21918,19.943823,19.929613,19.832502,19.819326,22.164036,22.839565,20.387556,20.366373,20.466486,20.62014,0.0,0.0,0.0,0.0,0.0,4.0,0.0,0.0
33909,2023.0,8.0,24.0,11.0,20.554794,20.812128,19.94903,20.397045,20.58806,20.711494,20.073647,20.221117,19.973955,19.95967,19.870283,19.857037,22.251326,22.93663,21.365456,22.206667,21.130194,21.934023,4.0,0.0,0.0,0.0,0.0,4.0,4.0,4.0
33910,2023.0,8.0,24.0,11.0,20.517359,20.788252,20.001707,20.450401,20.538298,20.677414,19.98872,20.073948,20.00695,19.99313,19.912266,19.89978,21.710804,21.856642,20.873623,21.047514,20.623682,20.819628,0.0,0.0,0.0,0.0,0.0,0.0,0.0,0.0
33911,2023.0,8.0,24.0,11.0,21.099598,21.910255,20.179836,20.736536,21.067245,21.71034,19.93413,20.012566,20.043447,20.030066,19.959366,19.94752,22.204248,22.899946,20.626226,20.694262,20.35082,20.436167,4.0,4.0,0.0,0.0,0.0,4.0,0.0,0.0
33912,2023.0,8.0,24.0,12.0,20.699732,21.038746,19.978565,20.350048,20.71249,20.94256,19.914343,19.997835,20.07871,20.066679,20.005116,19.995316,22.37382,23.102894,20.626623,20.693449,20.331581,20.415253,0.0,0.0,0.0,0.0,0.0,4.0,0.0,0.0
33913,2023.0,8.0,24.0,12.0,21.0639,21.781239,19.878729,20.152987,21.166626,21.886515,21.113266,22.122143,20.115646,20.10371,20.052505,20.042034,21.859629,22.057108,21.631775,22.571089,20.34198,20.43501,0.0,4.0,4.0,0.0,0.0,0.0,4.0,0.0
33914,2023.0,8.0,24.0,12.0,21.002775,21.620878,19.705767,19.846088,21.330194,22.045584,20.988369,21.756777,20.153805,20.142916,20.101656,20.092756,21.61033,21.682909,21.190365,21.414345,20.255991,20.252472,0.0,4.0,4.0,0.0,0.0,0.0,0.0,0.0
33915,2023.0,8.0,24.0,12.0,21.256363,22.048906,19.629038,19.75321,20.977425,21.40669,21.022171,21.779999,20.190527,20.180128,20.150223,20.143332,22.308086,23.031687,21.001013,21.199299,20.225334,20.210533,0.0,0.0,0.0,0.0,0.0,4.0,0.0,0.0
33916,2023.0,8.0,24.0,12.0,20.971735,21.491323,19.60709,19.735094,21.31426,22.040781,21.013876,21.716028,20.228455,20.220825,20.19818,20.194063,21.88994,22.041798,21.002155,21.186533,20.230627,20.21767,0.0,4.0,0.0,0.0,0.0,0.0,0.0,0.0
33917,2023.0,8.0,24.0,12.0,21.016144,21.589867,19.596725,19.730991,21.473417,22.226776,21.031097,21.711082,20.266575,20.26341,20.248156,20.251606,21.695005,21.780819,21.004808,21.174988,20.242556,20.23309,0.0,4.0,0.0,0.0,0.0,0.0,0.0,0.0
33918,2023.0,8.0,24.0,13.0,21.004925,21.557777,19.592207,19.733564,20.970083,21.336016,21.09788,21.773151,20.29883,20.29796,20.287977,20.292555,21.68898,21.788107,21.003946,21.154171,20.255163,20.248955,0.0,0.0,4.0,0.0,0.0,0.0,0.0,0.0
33919,2023.0,8.0,24.0,13.0,21.010912,21.558857,19.586498,19.730045,21.015406,21.445368,21.238375,22.010246,20.325686,20.324377,20.690922,21.017294,22.413,23.16453,21.003801,21.138813,20.265095,20.259357,0.0,0.0,4.0,0.0,4.0,4.0,0.0,0.0
33920,2023.0,8.0,24.0,13.0,21.34293,22.158545,19.581608,19.726604,21.005987,21.437767,21.315918,22.09387,20.347578,20.346285,20.92974,21.32357,21.988865,22.164877,21.003904,21.128345,20.27349,20.268747,0.0,0.0,4.0,0.0,4.0,0.0,0.0,0.0
33921,2023.0,8.0,24.0,13.0,20.95709,21.416008,19.578753,19.72516,21.006945,21.445034,20.9654,21.471746,20.36757,20.368061,21.029898,21.431026,21.78312,21.88952,21.003725,21.120789,20.281197,20.2783,0.0,0.0,0.0,0.0,4.0,0.0,0.0,0.0
33922,2023.0,8.0,24.0,13.0,21.433498,22.325666,19.577723,19.72561,21.011404,21.44719,21.016323,21.576641,20.38344,20.384863,20.895838,21.13603,22.478266,23.231089,21.003786,21.116337,20.286932,20.2859,0.0,0.0,0.0,0.0,0.0,4.0,0.0,0.0
33923,2023.0,8.0,24.0,13.0,21.06701,21.484545,19.97662,20.471558,21.010626,21.440336,21.009811,21.562847,20.39783,20.401785,20.845776,21.057627,22.716368,23.49736,21.003454,21.113419,20.291224,20.29268,4.0,0.0,0.0,0.0,0.0,4.0,0.0,0.0
33924,2023.0,8.0,24.0,14.0,21.457155,22.342937,20.170671,20.695967,21.010513,21.435427,21.279772,22.047915,20.40935,20.41579,20.856327,21.069176,22.78308,23.560667,21.003544,21.113068,21.13618,21.890253,4.0,0.0,4.0,0.0,0.0,4.0,0.0,4.0
33925,2023.0,8.0,24.0,14.0,21.10583,21.52813,20.39216,21.064379,20.729874,20.890806,20.884327,21.214815,20.416718,20.423431,21.073366,21.445005,22.834679,23.60448,20.892239,20.898804,20.82676,21.046349,4.0,0.0,0.0,0.0,4.0,4.0,0.0,0.0
33926,2023.0,8.0,24.0,14.0,20.957685,21.330515,20.146055,20.535042,21.236164,21.904652,20.724842,21.001135,21.10131,21.711239,20.81428,20.90364,22.869366,23.631952,20.850683,20.845724,21.533585,22.432978,0.0,4.0,0.0,4.0,0.0,4.0,0.0,4.0
33927,2023.0,8.0,24.0,14.0,20.902864,21.269932,20.054735,20.391571,20.839722,21.051231,20.662664,20.9332,21.381721,22.08652,20.687819,20.703476,22.899637,23.655703,21.778353,22.619576,21.029442,21.32696,0.0,0.0,0.0,4.0,0.0,4.0,4.0,0.0
33928,2023.0,8.0,24.0,14.0,20.753744,21.005835,20.036777,20.365244,20.768087,21.016058,21.067518,21.710344,20.937334,21.165716,21.02347,21.355362,22.269709,22.43526,21.313675,21.56085,20.79121,20.940546,0.0,0.0,4.0,0.0,4.0,0.0,0.0,0.0
33929,2023.0,8.0,24.0,14.0,20.684034,20.919441,20.246841,20.737541,21.308842,22.046556,20.76305,21.07226,20.80557,20.963055,20.947048,21.16869,22.070282,22.157608,21.118067,21.24361,21.579802,22.463589,4.0,4.0,0.0,0.0,0.0,0.0,0.0,4.0
33930,2023.0,8.0,24.0,15.0,21.281918,22.073687,19.989882,20.2601,21.455954,22.20625,21.17727,21.903772,20.78019,20.930754,20.892149,21.076223,22.708344,23.423195,21.069489,21.182568,21.067173,21.340963,0.0,4.0,4.0,0.0,0.0,4.0,0.0,0.0
33931,2023.0,8.0,24.0,15.0,21.024279,21.412004,19.856773,20.008888,21.517805,22.258553,21.373352,22.123098,20.767328,20.914549,20.743742,20.784515,22.246134,22.403534,21.043541,21.154133,20.770245,20.91607,0.0,4.0,4.0,0.0,0.0,0.0,0.0,0.0
33932,2023.0,8.0,24.0,15.0,20.900547,21.244236,19.801971,19.932478,21.05793,21.354504,21.419157,22.163774,21.352518,22.00382,20.680895,20.691393,22.057905,22.136358,20.928814,20.93612,21.568518,22.44601,0.0,0.0,4.0,4.0,0.0,0.0,0.0,4.0
33933,2023.0,8.0,24.0,15.0,20.85783,21.196913,19.777733,19.904442,20.891706,21.125334,20.945019,21.243805,21.044014,21.307724,20.661936,20.669485,22.705309,23.412035,20.885225,20.879576,21.06424,21.32501,0.0,0.0,0.0,0.0,0.0,4.0,0.0,0.0
33934,2023.0,8.0,24.0,15.0,21.34364,22.118032,19.76058,19.885366,21.390491,22.102129,21.359167,22.11235,20.879366,21.024092,20.649992,20.656183,22.852072,23.592648,20.867025,20.860455,21.68437,22.550415,0.0,4.0,4.0,0.0,0.0,4.0,0.0,4.0
33935,2023.0,8.0,24.0,15.0,21.557201,22.416298,19.747007,19.87003,21.528101,22.255447,21.454432,22.191278,20.844856,20.9746,20.641932,20.646759,22.89637,23.628582,20.854052,20.846687,21.15518,21.405188,0.0,4.0,4.0,0.0,0.0,4.0,0.0,0.0
33936,2023.0,8.0,24.0,16.0,21.637814,22.492079,19.735722,19.856974,21.578218,22.297123,20.966906,21.245846,21.441824,22.092587,20.63655,20.639929,22.93752,23.663525,20.84528,20.83703,20.924719,21.038658,0.0,4.0,0.0,4.0,0.0,4.0,0.0,0.0
33937,2023.0,8.0,24.0,16.0,21.143028,21.508928,19.726831,19.846844,21.623375,22.337961,20.80085,21.025928,21.699417,22.451017,20.633722,20.636143,22.97435,23.695765,20.840063,20.831343,20.868011,20.970432,0.0,4.0,0.0,4.0,0.0,4.0,0.0,0.0
33938,2023.0,8.0,24.0,16.0,21.01242,21.34685,19.719893,19.838936,21.148764,21.415632,21.338852,22.08729,21.217123,21.456955,20.63243,20.634073,22.351282,22.481373,20.837324,20.828281,20.839035,20.940256,0.0,0.0,4.0,0.0,0.0,0.0,0.0,0.0
33939,2023.0,8.0,24.0,16.0,20.963678,21.294764,19.714184,19.83218,21.571554,22.299028,21.445341,22.171679,21.703348,22.413815,20.632051,20.632965,22.158651,22.210108,20.835955,20.826591,20.719057,20.71868,0.0,4.0,4.0,4.0,0.0,0.0,0.0,0.0
33940,2023.0,8.0,24.0,16.0,20.930254,21.258984,19.709517,19.826424,21.144836,21.404615,20.959698,21.220423,21.280397,21.505764,20.6323,20.632708,22.09457,22.143131,20.835102,20.82551,20.671612,20.662148,0.0,0.0,0.0,0.0,0.0,0.0,0.0,0.0
33941,2023.0,8.0,24.0,16.0,20.807358,21.035389,19.70548,19.821,20.973936,21.171452,20.801764,21.011229,21.08053,21.180042,20.632244,20.632662,22.044127,22.090862,20.834328,20.824795,20.64794,20.637804,0.0,0.0,0.0,0.0,0.0,0.0,0.0,0.0
33942,2023.0,8.0,24.0,17.0,21.401663,22.185432,20.12483,20.607924,21.509466,22.222889,20.750854,20.96503,21.043257,21.145906,20.631008,20.632048,22.694653,23.355305,20.832802,20.823778,21.462883,22.196959,4.0,4.0,0.0,0.0,0.0,4.0,0.0,4.0
33943,2023.0,8.0,24.0,17.0,21.057337,21.417503,19.98102,20.286617,21.62399,22.323305,20.702166,20.907114,21.008926,21.104393,20.62534,20.62442,22.86436,23.57581,20.828194,20.817875,21.050348,21.258375,0.0,4.0,0.0,0.0,0.0,4.0,0.0,0.0
33944,2023.0,8.0,24.0,17.0,20.882732,21.193356,19.825468,19.959742,21.136982,21.367676,20.5628,20.666721,20.884136,20.881403,20.616396,20.613415,22.912296,23.611328,20.822006,20.810568,20.804989,20.903194,0.0,0.0,0.0,0.0,0.0,4.0,0.0,0.0
33945,2023.0,8.0,24.0,17.0,20.849915,21.149311,19.765957,19.86931,20.97479,21.148596,20.490396,20.570086,20.830738,20.816734,20.606728,20.602152,22.336552,22.488232,20.81593,20.803783,20.758755,20.840876,0.0,0.0,0.0,0.0,0.0,0.0,0.0,0.0
33946,2023.0,8.0,24.0,17.0,20.759357,20.982752,19.74584,19.842106,21.505398,22.191648,21.096565,21.743755,20.799234,20.784512,20.595383,20.58965,22.821617,23.48798,20.808565,20.79596,20.733164,20.809067,0.0,4.0,4.0,0.0,0.0,4.0,0.0,0.0
33947,2023.0,8.0,24.0,17.0,20.715782,20.925634,19.731964,19.823544,21.611822,22.277378,20.69494,20.857134,21.45563,22.047985,20.582766,20.576244,22.91719,23.592127,20.800348,20.787464,20.634253,20.629759,0.0,4.0,0.0,4.0,0.0,4.0,0.0,0.0
33948,2023.0,8.0,24.0,18.0,20.691132,20.896765,19.720913,19.807985,21.646566,22.297274,21.200397,21.888643,21.116953,21.28934,20.940968,21.259933,22.329765,22.45544,20.792143,20.779179,20.591219,20.57954,0.0,4.0,4.0,0.0,4.0,0.0,0.0,0.0
33949,2023.0,8.0,24.0,18.0,21.317787,22.088367,20.141682,20.600811,21.678318,22.317362,21.323185,21.988817,20.942,21.006428,21.094639,21.480024,22.097788,22.104681,21.03592,21.210413,20.565668,20.55356,4.0,4.0,4.0,0.0,4.0,0.0,0.0,0.0
33950,2023.0,8.0,24.0,18.0,20.978006,21.343742,20.319498,20.788464,21.70501,22.332165,20.971506,21.347084,21.564438,22.219242,21.193018,21.618273,22.721838,23.36867,21.000715,21.131855,20.53958,20.526564,4.0,4.0,0.0,4.0,4.0,4.0,0.0,0.0
33951,2023.0,8.0,24.0,18.0,21.013119,21.410889,20.426104,20.940397,21.202675,21.363386,21.015287,21.426046,21.191713,21.331059,20.929705,21.079971,22.262033,22.354763,21.00427,21.130203,20.515785,20.50292,4.0,0.0,0.0,0.0,0.0,0.0,0.0,0.0
33952,2023.0,8.0,24.0,18.0,21.004742,21.388731,20.491796,20.997532,21.558266,22.185799,21.00961,21.404972,20.930311,20.973478,21.112572,21.488478,22.700176,23.341003,21.004208,21.126,20.493536,20.480936,4.0,4.0,0.0,0.0,4.0,4.0,0.0,0.0
33953,2023.0,8.0,24.0,18.0,21.00662,21.384531,20.529797,21.022314,21.687687,22.286432,21.010431,21.3971,21.543293,22.178167,20.905458,21.027897,22.21183,22.284678,21.004547,21.125225,20.47227,20.460012,4.0,4.0,0.0,4.0,0.0,0.0,0.0,0.0
33954,2023.0,8.0,24.0,19.0,21.006565,21.377203,20.202393,20.374897,21.17355,21.298492,21.285345,21.886972,21.74427,22.364264,20.734175,20.780396,21.925293,21.902058,21.004297,21.12464,20.45235,20.441021,0.0,0.0,4.0,4.0,0.0,0.0,0.0,0.0
33955,2023.0,8.0,24.0,19.0,21.00622,21.370203,20.044336,20.170322,21.53037,22.12107,21.388237,21.98134,21.19908,21.2911,20.636951,20.63422,21.82797,21.79134,21.004463,21.126833,20.433025,20.422297,0.0,4.0,4.0,0.0,0.0,0.0,0.0,0.0
33956,2023.0,8.0,24.0,19.0,21.005653,21.364944,19.983852,20.089432,21.127785,21.230108,20.960104,21.219578,20.92413,20.926802,20.578098,20.566343,21.755978,21.712435,21.004705,21.131132,20.41261,20.401983,0.0,0.0,0.0,0.0,0.0,0.0,0.0,0.0
33957,2023.0,8.0,24.0,19.0,21.005808,21.361584,20.341194,20.77875,21.493336,22.072376,21.28435,21.843111,20.829777,20.816835,20.537958,20.525854,21.713074,21.686106,21.004765,21.136328,20.392176,20.382784,4.0,4.0,4.0,0.0,0.0,0.0,0.0,0.0
33958,2023.0,8.0,24.0,19.0,21.006094,21.358887,20.09444,20.199953,21.080301,21.156948,20.965555,21.220871,20.766174,20.747097,20.501238,20.488997,21.667364,21.642828,21.005318,21.142862,20.371265,20.36198,0.0,0.0,0.0,0.0,0.0,0.0,0.0,0.0
33959,2023.0,8.0,24.0,19.0,21.006256,21.356161,20.333117,20.740355,21.01283,21.18077,21.01708,21.335434,20.718767,20.702452,20.466877,20.455791,22.38005,23.040981,21.0053,21.147226,21.24747,22.043926,4.0,0.0,0.0,0.0,0.0,4.0,0.0,4.0
33960,2023.0,8.0,24.0,20.0,21.448881,22.174725,20.112043,20.220758,21.40082,21.915562,21.010828,21.325676,20.677013,20.661983,20.433184,20.422022,21.891611,21.911491,21.00593,21.152042,20.764896,20.826403,0.0,4.0,0.0,0.0,0.0,0.0,0.0,0.0
33961,2023.0,8.0,24.0,20.0,21.57485,22.25037,19.929602,19.969767,20.967562,21.084753,21.010098,21.326656,20.63952,20.624947,20.400715,20.389433,21.593676,21.519583,21.00565,21.153942,20.457005,20.435297,0.0,0.0,0.0,0.0,0.0,0.0,0.0,0.0
33962,2023.0,8.0,24.0,20.0,21.606434,22.267109,19.873812,19.8992,21.392958,21.909714,21.01033,21.327614,20.60634,20.592665,20.370445,20.359526,22.205708,22.746233,21.006021,21.156483,20.386566,20.359598,0.0,4.0,0.0,0.0,0.0,4.0,0.0,0.0
33963,2023.0,8.0,24.0,20.0,21.083961,21.250687,20.265776,20.657372,20.984175,21.112745,21.010353,21.327223,20.57612,20.562828,20.34144,20.33033,22.384834,22.913733,21.006067,21.15759,21.198618,21.930834,4.0,0.0,0.0,0.0,0.0,4.0,0.0,4.0
33964,2023.0,8.0,24.0,20.0,21.01396,21.272001,20.070396,20.166706,21.015947,21.197912,21.303507,21.860126,20.546768,20.532303,20.31417,20.30223,21.789898,21.748577,21.006418,21.158962,20.710203,20.732325,0.0,0.0,4.0,0.0,0.0,0.0,0.0,0.0
33965,2023.0,8.0,24.0,20.0,21.435616,22.070946,19.854406,19.846313,21.366943,21.853163,20.95778,21.18758,20.517378,20.498993,20.284515,20.265965,21.533215,21.425167,21.006315,21.15908,20.420723,20.372646,0.0,4.0,0.0,0.0,0.0,0.0,0.0,0.0
33966,2023.0,8.0,24.0,21.0,20.973988,21.175144,20.19468,20.520142,20.972227,21.091366,21.221025,21.68189,21.148333,21.706955,20.258966,20.237638,21.447187,21.329819,21.006437,21.158607,20.344639,20.288813,4.0,0.0,4.0,4.0,0.0,0.0,0.0,0.0
33967,2023.0,8.0,24.0,21.0,21.016146,21.281107,19.991467,20.094551,21.015894,21.197302,21.310516,21.77038,20.753819,20.736244,20.234293,20.208807,21.38025,21.2561,21.006441,21.15791,21.185774,21.920794,0.0,0.0,4.0,0.0,0.0,0.0,0.0,4.0
33968,2023.0,8.0,24.0,21.0,21.007658,21.275084,19.82032,19.776833,21.323761,21.766796,20.969082,21.176468,20.494005,20.405031,20.548222,20.815159,21.408392,21.36436,21.006786,21.157944,21.402834,22.028006,0.0,4.0,0.0,0.0,4.0,0.0,0.0,4.0
33969,2023.0,8.0,24.0,21.0,21.00531,21.283255,19.792356,19.779764,20.970488,21.086319,21.215221,21.641632,20.421024,20.320463,20.37042,20.375864,21.390509,21.34325,21.006546,21.156237,20.70695,20.662304,0.0,0.0,4.0,0.0,0.0,0.0,0.0,0.0
33970,2023.0,8.0,24.0,21.0,21.481194,22.178413,19.779737,19.769732,21.016676,21.195303,20.98134,21.194109,20.43956,20.400934,20.241833,20.206062,22.060827,22.643185,21.006662,21.155685,20.424515,20.326132,0.0,0.0,0.0,0.0,0.0,4.0,0.0,0.0
33971,2023.0,8.0,24.0,21.0,20.964657,21.156355,20.191427,20.558226,21.010712,21.189257,21.018774,21.278723,21.081833,21.616539,20.201496,20.159754,22.166594,22.623737,21.006746,21.155415,20.33141,20.221516,4.0,0.0,0.0,4.0,0.0,4.0,0.0,0.0
33972,2023.0,8.0,24.0,22.0,21.019014,21.281858,20.361645,20.743557,21.389235,21.899227,21.19284,21.585835,20.651325,20.574938,20.172682,20.12702,22.18542,22.62687,21.757061,22.558434,20.270298,20.156042,4.0,4.0,4.0,0.0,0.0,4.0,4.0,0.0
33973,2023.0,8.0,24.0,22.0,21.008875,21.269093,19.987225,20.06496,20.974304,21.084423,20.98838,21.205387,20.394976,20.263666,20.452177,20.67019,21.592976,21.47279,20.988111,21.027758,20.301075,20.263409,0.0,0.0,0.0,0.0,4.0,0.0,0.0,0.0
33974,2023.0,8.0,24.0,22.0,21.005962,21.276194,19.763731,19.6507,21.020954,21.19422,21.019566,21.276026,20.32575,20.18912,20.27976,20.241209,21.330557,21.147589,21.037127,21.143127,20.292587,20.251608,0.0,0.0,0.0,0.0,0.0,0.0,0.0,0.0
33975,2023.0,8.0,24.0,22.0,21.006458,21.285295,19.67767,19.55504,21.010574,21.181097,21.013952,21.26769,20.374176,20.32833,20.183304,20.13682,21.983847,22.461784,21.007147,21.103758,21.035906,21.679928,0.0,0.0,0.0,0.0,0.0,4.0,0.0,4.0
33976,2023.0,8.0,24.0,22.0,21.006403,21.290943,19.716206,19.672504,21.007414,21.18855,21.00993,21.270327,20.375057,20.326965,20.145702,20.095772,21.513433,21.385418,21.01071,21.11904,20.532934,20.458912,0.0,0.0,0.0,0.0,0.0,0.0,0.0,0.0
33977,2023.0,8.0,24.0,22.0,21.006573,21.295479,20.173607,20.536116,21.00804,21.198952,21.010471,21.27816,20.352272,20.303032,20.11791,20.066143,21.257366,21.075935,21.00626,21.123404,20.257666,20.135773,4.0,0.0,0.0,0.0,0.0,0.0,0.0,0.0
33978,2023.0,8.0,24.0,23.0,21.006687,21.299307,19.965406,20.076714,21.008196,21.20613,21.010424,21.283094,20.331041,20.280598,20.093107,20.039469,21.181572,20.997656,21.007393,21.134531,20.187166,20.062899,0.0,0.0,0.0,0.0,0.0,0.0,0.0,0.0
33979,2023.0,8.0,24.0,23.0,20.826578,20.955444,19.846731,19.852118,20.7956,20.802864,20.72834,20.744377,20.894024,21.356752,20.070734,20.016457,21.24445,21.178307,20.814999,20.771078,20.216877,20.166695,0.0,0.0,0.0,4.0,0.0,0.0,0.0,0.0
33980,2023.0,8.0,24.0,23.0,20.755362,20.866196,19.78229,19.75834,20.69436,20.66238,21.245867,21.784868,20.517437,20.51858,20.051952,19.996178,21.232273,21.160671,20.746538,20.694983,20.211046,20.16519,0.0,0.0,4.0,0.0,0.0,0.0,0.0,0.0
33981,2023.0,8.0,24.0,23.0,20.715355,20.822613,19.750938,19.721294,20.641256,20.603577,20.820288,20.881283,20.297894,20.157602,20.033556,19.976233,21.206944,21.137627,20.704702,20.65191,20.192513,20.145844,0.0,0.0,0.0,0.0,0.0,0.0,0.0,0.0
33982,2023.0,8.0,24.0,23.0,20.682404,20.787296,20.16761,20.521673,20.599981,20.560097,20.490126,20.336838,20.22523,20.07442,20.315289,20.517263,21.18298,21.112383,20.668154,20.613726,20.173986,20.125944,4.0,0.0,0.0,0.0,4.0,0.0,0.0,0.0
33983,2023.0,8.0,24.0,23.0,20.656734,20.763102,20.290405,20.659918,20.562798,20.520193,20.372467,20.19524,20.272692,20.211365,20.101658,20.049595,21.158625,21.085997,20.635195,20.5787,20.15552,20.105803,4.0,0.0,0.0,0.0,0.0,0.0,0.0,0.0
33984,2023.0,8.0,25.0,0.0,20.642443,20.759209,19.845608,19.772322,20.531448,20.488787,20.424028,20.366127,20.268145,20.208363,20.043512,19.98213,21.136723,21.06335,20.606884,20.549927,20.138453,20.087994,0.0,0.0,0.0,0.0,0.0,0.0,0.0,0.0
33985,2023.0,8.0,25.0,0.0,20.62028,20.73426,19.649757,19.472105,20.497501,20.44982,20.408268,20.363344,20.250378,20.188652,20.017115,19.95085,21.112959,21.036037,20.57814,20.517899,20.119535,20.066055,0.0,0.0,0.0,0.0,0.0,0.0,0.0,0.0
33986,2023.0,8.0,25.0,0.0,20.598679,20.710814,19.591648,19.411928,20.469864,20.42194,21.02619,21.555758,20.233229,20.170113,19.996264,19.928843,21.091867,21.013733,20.5532,20.492023,20.102312,20.04749,0.0,0.0,4.0,0.0,0.0,0.0,0.0,0.0
33987,2023.0,8.0,25.0,0.0,20.57617,20.68512,19.653618,19.5791,20.441124,20.390493,20.50064,20.424278,20.214676,20.149189,19.97526,19.905018,21.069836,20.98932,20.528217,20.464926,20.084492,20.027464,0.0,0.0,0.0,0.0,0.0,0.0,0.0,0.0
33988,2023.0,8.0,25.0,0.0,20.552505,20.656599,19.665594,19.612135,20.41067,20.354498,20.23333,20.017492,20.194471,20.12516,19.952795,19.877922,21.046288,20.961794,20.50252,20.435602,20.065887,20.00549,0.0,0.0,0.0,0.0,0.0,0.0,0.0,0.0
33989,2023.0,8.0,25.0,0.0,20.531038,20.63193,19.64624,19.58975,20.383755,20.324657,20.316692,20.2574,20.175236,20.103334,19.93201,19.854176,21.024122,20.937044,20.4787,20.409492,20.047985,19.985233,0.0,0.0,0.0,0.0,0.0,0.0,0.0,0.0
33990,2023.0,8.0,25.0,1.0,20.511003,20.609701,19.62845,19.570705,20.359863,20.300035,20.291798,20.233782,20.156898,20.083565,19.912516,19.833248,21.68645,22.207941,20.456394,20.38601,20.030432,19.966253,0.0,0.0,0.0,0.0,0.0,4.0,0.0,0.0
33991,2023.0,8.0,25.0,1.0,20.490124,20.585447,19.608625,19.547647,20.334614,20.271856,20.259691,20.200111,20.137194,20.061346,19.891314,19.809175,21.071136,20.896503,20.433304,20.360678,20.733912,21.305193,0.0,0.0,0.0,0.0,0.0,0.0,0.0,4.0
33992,2023.0,8.0,25.0,1.0,20.468805,20.559937,19.588089,19.522867,20.308979,20.24219,20.227001,20.163643,20.116419,20.037315,20.177086,20.360874,20.869263,20.615246,20.409603,20.333977,21.007385,21.652956,0.0,0.0,0.0,0.0,4.0,0.0,0.0,4.0
33993,2023.0,8.0,25.0,1.0,20.449013,20.537283,19.569271,19.501131,20.2854,20.216187,20.197863,20.132376,20.096457,20.015215,19.97707,19.922964,20.807186,20.549635,20.387165,20.309683,20.251202,20.11256,0.0,0.0,0.0,0.0,0.0,0.0,0.0,0.0
33994,2023.0,8.0,25.0,1.0,20.427174,20.510511,19.547821,19.473724,20.258957,20.184208,20.166374,20.09491,20.074154,19.988758,19.880774,19.786943,20.92573,20.837591,20.36288,20.281652,20.012827,19.795935,0.0,0.0,0.0,0.0,0.0,0.0,0.0,0.0
33995,2023.0,8.0,25.0,1.0,20.407015,20.48698,19.528679,19.450825,20.234993,20.157017,20.138313,20.063696,20.052887,19.964705,19.849428,19.752445,20.90695,20.796932,20.33984,20.256119,19.931993,19.712135,0.0,0.0,0.0,0.0,0.0,0.0,0.0,0.0
33996,2023.0,8.0,25.0,2.0,20.387737,20.465082,19.511383,19.43158,20.213087,20.133682,20.112797,20.037184,20.619514,21.046955,19.821693,19.723427,20.886364,20.780449,20.317707,20.232426,20.005741,19.921429,0.0,0.0,0.0,4.0,0.0,0.0,0.0,0.0
33997,2023.0,8.0,25.0,2.0,20.368961,20.444029,19.493837,19.411764,20.847061,21.343847,20.087112,20.009928,20.235067,20.194504,19.795132,19.695042,20.86476,20.75769,20.295816,20.2092,19.997412,19.915771,0.0,4.0,0.0,0.0,0.0,0.0,0.0,0.0
33998,2023.0,8.0,25.0,2.0,20.35075,20.42353,19.476683,19.39237,20.457222,20.472069,20.062094,19.983232,20.100367,20.008556,19.769562,19.667591,20.84229,20.733694,20.274443,20.186396,19.969725,19.886562,0.0,0.0,0.0,0.0,0.0,0.0,0.0,0.0
33999,2023.0,8.0,25.0,2.0,20.332209,20.402252,19.459248,19.372246,20.078096,19.80158,20.037086,19.95593,20.05997,19.964684,20.053524,20.219711,20.81984,20.709251,20.2535,20.163673,19.942244,19.857018,0.0,0.0,0.0,0.0,4.0,0.0,0.0,0.0
34000,2023.0,8.0,25.0,2.0,20.313677,20.381025,19.442013,19.352278,19.96399,19.660088,20.012665,19.929205,20.026293,19.928772,19.820719,19.718475,20.797651,20.68518,20.23283,20.141336,19.91552,19.828403,0.0,0.0,0.0,0.0,0.0,0.0,0.0,0.0
34001,2023.0,8.0,25.0,2.0,20.2955,20.360573,19.425438,19.33337,20.102474,19.995615,19.989285,19.904024,19.997366,19.89822,19.753843,19.645103,20.77588,20.661882,20.212276,20.119398,19.89006,19.801477,0.0,0.0,0.0,0.0,0.0,0.0,0.0,0.0
34002,2023.0,8.0,25.0,3.0,20.2771,20.339657,19.40814,19.312954,20.109114,20.014368,19.965477,19.87755,19.969893,19.868633,19.721476,19.609987,20.753845,20.637913,20.191343,20.096766,19.865034,19.77461,0.0,0.0,0.0,0.0,0.0,0.0,0.0,0.0
34003,2023.0,8.0,25.0,3.0,20.258366,20.318165,19.390852,19.292734,20.08897,19.99211,19.9421,19.85179,19.943844,19.840633,19.69182,19.578167,20.731882,20.614023,20.17025,20.073912,19.840601,19.748373,0.0,0.0,0.0,0.0,0.0,0.0,0.0,0.0
34004,2023.0,8.0,25.0,3.0,20.239359,20.296331,19.373325,19.272276,20.067236,19.96808,19.918781,19.826069,19.918367,19.813204,19.663969,19.548096,20.709778,20.589985,20.148893,20.050789,19.816408,19.722376,0.0,0.0,0.0,0.0,0.0,0.0,0.0,0.0
34005,2023.0,8.0,25.0,3.0,20.220182,20.274332,19.355623,19.251642,20.044584,19.943048,19.89554,19.800411,19.893162,19.786037,19.63665,19.518555,20.687431,20.565695,20.12719,20.027315,19.792284,19.696442,0.0,0.0,0.0,0.0,0.0,0.0,0.0,0.0
34006,2023.0,8.0,25.0,3.0,20.20085,20.252174,19.337755,19.23084,20.021742,19.917784,19.872362,19.7748,19.867987,19.758896,19.609575,19.489244,20.664764,20.541069,20.105064,20.003408,19.76809,19.670427,0.0,0.0,0.0,0.0,0.0,0.0,0.0,0.0
34007,2023.0,8.0,25.0,3.0,20.18136,20.229862,19.319727,19.209875,19.998787,19.892376,19.84923,19.749216,19.842697,19.73163,19.582453,19.45988,20.641724,20.516058,20.082474,19.979027,19.743725,19.64423,0.0,0.0,0.0,0.0,0.0,0.0,0.0,0.0
34008,2023.0,8.0,25.0,4.0,20.162537,20.209126,19.749954,20.030573,19.977467,19.870348,19.8278,19.727093,19.818388,19.706612,19.85791,19.997244,20.61935,20.49282,20.060255,19.95595,19.7201,19.619827,4.0,0.0,0.0,0.0,4.0,0.0,0.0,0.0
34009,2023.0,8.0,25.0,4.0,20.142292,20.185736,19.482338,19.437098,19.954088,19.844126,19.80439,19.700823,19.792345,19.67826,19.641117,19.529396,20.595251,20.466438,20.03641,19.930038,19.69492,19.592512,0.0,0.0,0.0,0.0,0.0,0.0,0.0,0.0
34010,2023.0,8.0,25.0,4.0,20.121237,20.16105,19.348482,19.227966,19.929594,19.815666,19.779964,19.672398,19.765469,19.648392,19.557316,19.427263,20.570244,20.438541,20.011654,19.902742,19.668959,19.563877,0.0,0.0,0.0,0.0,0.0,0.0,0.0,0.0
34011,2023.0,8.0,25.0,4.0,20.10219,20.140451,19.316145,19.195751,19.908466,19.793987,20.4272,20.907705,19.740835,19.623278,19.524162,19.394405,20.547152,20.414793,19.988388,19.87883,19.644888,19.539234,0.0,0.0,4.0,0.0,0.0,0.0,0.0,0.0
34012,2023.0,8.0,25.0,4.0,20.087076,20.127926,19.72406,19.982622,19.885324,19.7683,20.026627,20.012562,19.714464,19.594915,19.489975,19.357944,20.522472,20.388105,19.963634,19.85227,19.619656,19.512152,4.0,0.0,0.0,0.0,0.0,0.0,0.0,0.0
34013,2023.0,8.0,25.0,4.0,20.08032,20.129229,19.478056,19.440287,19.862082,19.742481,19.612137,19.27459,20.270859,20.661753,19.45769,19.323305,20.497551,20.361168,19.938532,19.825356,19.594757,19.485418,0.0,0.0,0.0,4.0,0.0,0.0,0.0,0.0
34014,2023.0,8.0,25.0,5.0,20.062555,20.108877,19.77288,20.039104,19.8385,19.716078,19.473309,19.094492,19.87546,19.789999,19.426025,19.289085,20.472218,20.333609,19.912895,19.79771,19.569399,19.458042,4.0,0.0,0.0,0.0,0.0,0.0,0.0,0.0
34015,2023.0,8.0,25.0,5.0,20.044477,20.088573,19.270275,18.998983,19.815763,19.69147,19.607624,19.43017,19.743647,19.619326,19.395788,19.257317,20.447481,20.30745,19.887672,19.771229,19.544188,19.431559,0.0,0.0,0.0,0.0,0.0,0.0,0.0,0.0
34016,2023.0,8.0,25.0,5.0,20.024673,20.06532,19.00197,18.586123,19.790888,19.662588,19.653507,19.529257,19.69573,19.566479,19.363543,19.221205,20.42106,20.27804,19.860804,19.741697,19.517012,19.401604,0.0,0.0,0.0,0.0,0.0,0.0,0.0,0.0
34017,2023.0,8.0,25.0,5.0,20.671251,21.293959,19.136507,18.937284,19.769835,19.641449,19.637493,19.513266,19.658379,19.529917,19.335323,19.193365,20.397194,20.253971,19.836079,19.716782,19.492077,19.37651,0.0,0.0,0.0,0.0,0.0,0.0,0.0,0.0
34018,2023.0,8.0,25.0,5.0,20.245451,20.35114,19.622969,19.858944,19.746784,19.616364,19.61625,19.490627,19.622614,19.492437,19.304789,19.16111,21.069134,21.54692,19.809906,19.689201,19.46564,19.34861,4.0,0.0,0.0,0.0,0.0,4.0,0.0,0.0
34019,2023.0,8.0,25.0,5.0,19.84391,19.637358,19.770828,20.0477,19.723976,19.591738,19.593487,19.466433,19.589594,19.458174,19.27485,19.129774,20.367065,20.06002,19.783901,19.662062,19.439434,19.321226,4.0,0.0,0.0,0.0,0.0,0.0,0.0,0.0
34020,2023.0,8.0,25.0,6.0,19.702023,19.451923,19.188004,18.88755,19.700565,19.56589,19.569468,19.440287,19.557507,19.424183,19.245129,19.09797,20.133904,19.748589,19.757454,19.63396,19.412842,19.29292,0.0,0.0,0.0,0.0,0.0,0.0,0.0,0.0
34021,2023.0,8.0,25.0,6.0,21.163076,22.121058,18.940008,18.522106,21.167345,22.19338,21.184076,22.331589,19.528297,19.394945,19.506983,19.609694,21.134295,21.560106,21.297094,22.323673,20.142004,20.690224,0.0,0.0,0.0,0.0,4.0,0.0,0.0,4.0
34022,2023.0,8.0,25.0,6.0,20.998045,21.680641,18.828766,18.401945,21.001707,21.713606,21.001898,21.801418,20.109592,20.5175,20.070951,20.52608,21.000769,21.27192,20.999626,21.654219,19.96845,20.179205,0.0,0.0,0.0,4.0,0.0,0.0,0.0,0.0
34023,2023.0,8.0,25.0,6.0,21.020193,21.658743,18.984598,18.782816,21.024351,21.668463,21.02679,21.750296,19.976927,20.119394,19.890766,20.073269,21.013954,21.26737,21.024006,21.62303,19.429619,19.110752,0.0,0.0,0.0,0.0,4.0,0.0,0.0,0.0
34024,2023.0,8.0,25.0,6.0,21.017366,21.610508,19.06157,18.905287,21.021128,21.603031,21.02337,21.677683,19.467974,19.110731,20.025179,20.330322,21.01246,21.242275,21.297066,22.047052,19.21498,18.896662,0.0,0.0,0.0,0.0,4.0,0.0,4.0,0.0
34025,2023.0,8.0,25.0,6.0,21.1082,21.724789,19.51327,19.76285,21.021322,21.56307,21.0235,21.633467,19.258821,18.909143,19.998573,20.24464,21.012354,21.226095,21.142921,21.607157,19.357164,19.257343,4.0,0.0,0.0,0.0,4.0,0.0,4.0,0.0
34026,2023.0,8.0,25.0,7.0,21.015772,21.532942,20.07715,20.652143,21.020746,21.533766,21.022825,21.601309,19.417444,19.299309,20.029165,20.271095,21.404266,21.941837,21.021423,21.446474,19.368803,19.248367,0.0,0.0,0.0,0.0,0.0,4.0,0.0,0.0
34027,2023.0,8.0,25.0,7.0,21.028753,21.534588,19.535278,19.517355,21.00855,21.45907,21.022963,21.579592,20.126356,20.598385,19.754131,19.68319,20.970976,21.064243,21.029007,21.440445,19.347717,19.232624,0.0,4.0,0.0,4.0,4.0,0.0,0.0,0.0
34028,2023.0,8.0,25.0,7.0,21.026249,21.51141,19.247616,19.123926,21.026497,21.517197,21.02231,21.563004,19.977335,20.131397,20.098846,20.354866,21.026302,21.168753,21.026865,21.417072,19.333054,19.222103,0.0,0.0,0.0,0.0,0.0,0.0,0.0,0.0
34029,2023.0,8.0,25.0,7.0,21.01575,21.498222,19.180311,19.050262,21.004541,21.421776,21.022165,21.551702,19.50661,19.194185,19.486042,19.156813,21.195925,21.457752,21.0264,21.399958,19.322027,19.215534,0.0,4.0,0.0,0.0,0.0,4.0,0.0,0.0
34030,2023.0,8.0,25.0,7.0,21.01635,21.505001,19.14281,19.014631,21.03616,21.4893,21.021563,21.543087,19.300425,18.984207,19.425358,19.291653,21.267952,21.541256,21.016136,21.384413,19.313965,19.211721,0.0,0.0,0.0,0.0,0.0,4.0,0.0,0.0
34031,2023.0,8.0,25.0,7.0,21.016972,21.509819,19.115725,18.99336,21.027391,21.456139,21.021748,21.538338,19.444935,19.336578,19.784107,19.963379,21.307755,21.588587,21.017979,21.388046,19.309294,19.211424,0.0,0.0,0.0,0.0,4.0,4.0,0.0,0.0
34032,2023.0,8.0,25.0,8.0,21.033417,21.5455,19.091352,18.973072,21.013742,21.387192,21.043825,21.577139,19.485785,19.379772,20.003384,20.267572,21.349323,21.64,21.035412,21.419016,19.307991,19.21451,0.0,4.0,0.0,0.0,4.0,4.0,0.0,0.0
34033,2023.0,8.0,25.0,8.0,21.207615,21.84945,19.07489,18.965298,20.846243,21.071749,20.466717,20.45724,19.484013,19.384478,20.02124,20.23976,20.717764,20.42319,20.561209,20.494892,19.311234,19.223362,0.0,4.0,0.0,0.0,0.0,0.0,0.0,0.0
34034,2023.0,8.0,25.0,8.0,20.487736,20.425684,19.060318,18.958256,20.784939,21.019753,20.150976,20.069292,19.486889,19.393715,19.547295,19.28678,20.46751,20.141323,20.34368,20.250755,20.13402,20.772629,0.0,4.0,0.0,0.0,0.0,0.0,0.0,4.0
34035,2023.0,8.0,25.0,8.0,20.860214,21.281254,19.485977,19.771893,20.779995,21.03023,20.0496,19.959476,19.49473,19.407799,19.702082,19.681084,21.126392,21.447624,20.27605,20.180553,19.988867,20.348846,4.0,4.0,0.0,0.0,4.0,4.0,0.0,0.0
34036,2023.0,8.0,25.0,8.0,20.985987,21.427366,20.051456,20.652374,20.776848,21.043581,20.632887,21.135695,19.502535,19.41699,20.038267,20.195372,21.373062,21.7222,20.220325,20.127537,19.483944,19.293339,4.0,4.0,4.0,0.0,4.0,4.0,0.0,0.0
34037,2023.0,8.0,25.0,8.0,20.99122,21.44586,20.003092,20.466797,20.232265,20.0431,20.249804,20.261744,19.512217,19.427332,20.013336,20.138214,21.453314,21.813751,20.17696,20.086155,19.292341,19.078402,4.0,0.0,0.0,0.0,0.0,4.0,0.0,0.0
34038,2023.0,8.0,25.0,9.0,21.002514,21.47008,20.008312,20.421465,20.54453,20.81255,19.812908,19.595863,19.524443,19.439465,20.000898,20.064756,20.876133,20.676636,21.117369,21.89549,20.250828,20.93275,4.0,4.0,0.0,0.0,4.0,0.0,4.0,4.0
34039,2023.0,8.0,25.0,9.0,20.445572,20.431564,20.025122,20.433573,20.709032,21.025648,19.649097,19.4101,19.539173,19.453735,20.012,20.072117,20.615055,20.339214,20.469425,20.345718,19.96133,20.151037,0.0,4.0,0.0,0.0,4.0,0.0,0.0,0.0
34040,2023.0,8.0,25.0,9.0,20.148453,20.064825,19.486168,19.367544,20.734198,21.064566,19.721056,19.633904,19.55516,19.468927,20.011547,20.063843,20.555668,20.281467,20.098234,19.88318,19.613504,19.459293,0.0,4.0,0.0,0.0,0.0,0.0,0.0,0.0
34041,2023.0,8.0,25.0,9.0,20.049053,19.974028,19.607578,19.764835,20.755318,21.098804,20.397144,20.922812,19.571806,19.484217,19.723158,19.48494,21.246058,21.618607,20.022148,19.807226,19.46133,19.274284,4.0,4.0,4.0,0.0,0.0,4.0,0.0,0.0
34042,2023.0,8.0,25.0,9.0,19.998186,19.938053,20.048208,20.513943,20.22875,20.114443,20.421986,20.817152,19.589003,19.500189,20.133045,20.338165,20.811045,20.656122,19.997532,19.788988,19.436226,19.249979,4.0,0.0,4.0,0.0,4.0,0.0,0.0,0.0
34043,2023.0,8.0,25.0,9.0,20.769798,21.461258,19.998766,20.373203,20.560879,20.908703,19.885944,19.812931,20.305635,20.833292,20.01513,20.007132,21.300262,21.691866,21.064615,21.839413,19.512423,19.415543,4.0,4.0,0.0,4.0,0.0,4.0,4.0,0.0
34044,2023.0,8.0,25.0,10.0,20.902407,21.46417,20.004316,20.360308,20.734423,21.122086,20.251194,20.648096,20.000538,20.105742,19.912224,19.806149,20.932747,20.811989,20.530886,20.471498,19.552935,19.467196,4.0,4.0,4.0,0.0,0.0,0.0,0.0,0.0
34045,2023.0,8.0,25.0,10.0,20.320766,20.373028,20.00286,20.343262,20.768347,21.167782,20.441622,20.862818,19.736944,19.567282,19.883276,19.765697,20.697874,20.474266,20.177984,19.998863,19.565578,19.47975,4.0,4.0,4.0,0.0,0.0,0.0,0.0,0.0
34046,2023.0,8.0,25.0,10.0,20.088326,20.104963,20.002533,20.334099,20.244787,20.175537,20.489449,20.920261,19.663494,19.481783,20.278719,20.507706,20.66246,20.43793,20.112661,19.930916,19.576698,19.48936,4.0,0.0,4.0,0.0,4.0,0.0,0.0,0.0
34047,2023.0,8.0,25.0,10.0,20.009977,20.02718,20.02059,20.379704,20.6239,21.056452,20.534563,20.976004,19.665363,19.488249,19.988997,19.870874,20.75826,20.637672,20.093983,19.91786,19.589394,19.500603,0.0,4.0,4.0,0.0,0.0,0.0,0.0,0.0
34048,2023.0,8.0,25.0,10.0,19.967041,19.99718,19.601921,19.566088,20.772408,21.211958,20.57486,21.027327,19.742823,19.634476,19.892488,19.6885,20.801807,20.690536,20.15582,20.053946,19.60356,19.513615,0.0,4.0,4.0,0.0,0.0,0.0,0.0,0.0
34049,2023.0,8.0,25.0,10.0,20.014355,20.131624,19.444727,19.360481,20.254013,20.224556,20.606092,21.069235,19.778013,19.675022,19.947206,19.809828,20.815899,20.70483,20.17428,20.07727,19.61745,19.526516,0.0,0.0,4.0,0.0,0.0,0.0,0.0,0.0
34050,2023.0,8.0,25.0,11.0,20.677673,21.39571,19.431482,19.405499,20.68521,21.141657,20.636513,21.1104,19.797873,19.694893,19.981722,19.855173,20.82704,20.716007,20.179638,20.083208,19.631102,19.539705,0.0,4.0,4.0,0.0,0.0,0.0,0.0,0.0
34051,2023.0,8.0,25.0,11.0,20.765757,21.409513,19.403982,19.393322,20.791857,21.26651,20.122244,20.136889,19.813555,19.709158,19.996675,19.870298,21.580706,22.138134,20.181747,20.08455,19.642775,19.550194,0.0,4.0,0.0,0.0,0.0,4.0,0.0,0.0
34052,2023.0,8.0,25.0,11.0,20.816042,21.454557,19.367908,19.361038,20.819569,21.296139,20.518871,20.98927,19.827417,19.722002,20.00828,19.881319,21.049965,20.967112,21.161013,21.935001,19.652735,19.559364,0.0,4.0,4.0,0.0,0.0,0.0,4.0,0.0
34053,2023.0,8.0,25.0,11.0,20.30143,20.450596,19.335022,19.330732,20.849684,21.332458,20.10106,20.137505,19.840275,19.734697,20.018387,19.891544,20.86842,20.682583,20.572035,20.598799,19.661137,19.567635,0.0,4.0,0.0,0.0,0.0,0.0,0.0,0.0
34054,2023.0,8.0,25.0,11.0,20.800531,21.489126,19.745775,20.129404,20.335226,20.356985,20.519878,21.02547,19.851645,19.746414,20.027323,19.901066,20.85253,20.67029,20.320356,20.18865,19.668161,19.574934,4.0,0.0,4.0,0.0,0.0,0.0,0.0,0.0
34055,2023.0,8.0,25.0,11.0,20.322756,20.489376,20.018362,20.541779,20.750883,21.245024,20.081837,20.124025,19.861832,19.757261,20.0361,19.91098,20.900566,20.779446,20.265163,20.128345,19.674135,19.58138,4.0,4.0,0.0,0.0,0.0,0.0,0.0,0.0
34056,2023.0,8.0,25.0,12.0,20.70981,21.372257,19.997948,20.446022,20.897362,21.401028,20.44924,20.969898,19.871714,19.767597,20.411423,20.61031,20.919668,20.806658,21.17927,21.880493,19.679466,19.587175,4.0,4.0,4.0,0.0,4.0,0.0,4.0,0.0
34057,2023.0,8.0,25.0,12.0,21.0449,21.845274,19.99998,20.417622,21.013378,21.588816,21.082544,21.981596,20.629112,21.19474,20.274681,20.215252,21.011194,20.967375,20.973816,21.286386,20.625843,21.37986,4.0,4.0,0.0,4.0,0.0,0.0,0.0,4.0
34058,2023.0,8.0,25.0,12.0,21.016897,21.734503,19.999224,20.39554,20.997942,21.536839,21.017036,21.770748,20.286789,20.282824,20.147985,20.030361,21.75118,22.36225,21.018297,21.342255,20.127424,20.110304,4.0,4.0,0.0,0.0,0.0,4.0,0.0,0.0
34059,2023.0,8.0,25.0,12.0,21.019146,21.70231,20.017094,20.432823,21.001009,21.527584,20.998814,21.661625,20.037846,19.92893,20.14101,20.02118,21.260519,21.20272,21.583315,22.357075,19.85668,19.763878,0.0,4.0,4.0,0.0,0.0,0.0,4.0,0.0
34060,2023.0,8.0,25.0,12.0,21.018188,21.67507,20.043476,20.44603,21.024845,21.586824,21.002476,21.640265,20.703856,21.210796,20.147469,20.028757,21.023207,20.882719,20.95666,21.110674,19.830614,19.742224,4.0,0.0,4.0,4.0,0.0,0.0,0.0,0.0
34061,2023.0,8.0,25.0,12.0,21.169561,21.921104,20.06772,20.478014,21.051394,21.592829,21.02794,21.693508,20.362558,20.341322,20.15549,20.038692,21.000263,20.863949,21.639618,22.4081,20.733437,21.462418,4.0,4.0,0.0,0.0,0.0,0.0,4.0,4.0
34062,2023.0,8.0,25.0,13.0,21.189651,21.897888,20.09384,20.513462,21.073483,21.622416,20.995834,21.59052,20.152952,20.065208,20.16305,20.049273,21.014797,20.908222,20.975897,21.088459,20.262001,20.266645,4.0,4.0,4.0,0.0,0.0,0.0,0.0,0.0
34063,2023.0,8.0,25.0,13.0,21.199572,21.906488,20.021717,20.381002,21.089617,21.64023,21.045563,21.706402,20.118578,20.026659,20.16653,20.054655,21.015987,20.914513,21.021202,21.221537,19.980656,19.903269,0.0,4.0,0.0,0.0,0.0,0.0,0.0,0.0
34064,2023.0,8.0,25.0,13.0,20.991129,21.554384,19.71621,19.808641,21.10002,21.650583,21.016792,21.62835,20.095224,20.000032,20.164997,20.055122,21.00694,20.907578,21.007622,21.188644,19.938,19.86365,0.0,4.0,0.0,0.0,0.0,0.0,0.0,0.0
34065,2023.0,8.0,25.0,13.0,21.033419,21.646713,19.555677,19.608654,21.110023,21.661337,20.998344,21.552773,20.074867,19.981699,20.159136,20.052217,21.000328,20.908535,21.021145,21.226826,19.910837,19.840136,0.0,4.0,4.0,0.0,0.0,0.0,0.0,0.0
34066,2023.0,8.0,25.0,13.0,21.013853,21.601122,19.935486,20.372595,21.006487,21.499714,21.028004,21.637255,20.056482,19.96715,20.149435,20.04658,21.001637,20.924122,21.00837,21.211643,19.875357,19.795778,4.0,0.0,0.0,0.0,0.0,0.0,0.0,0.0
34067,2023.0,8.0,25.0,13.0,21.033365,21.637747,20.026875,20.457315,21.103642,21.661045,21.042019,21.655289,20.036201,19.950716,20.135857,20.037254,21.00159,20.939556,21.020056,21.24849,19.846722,19.770536,0.0,4.0,0.0,0.0,0.0,0.0,0.0,0.0
34068,2023.0,8.0,25.0,14.0,21.23325,21.988197,20.077545,20.51284,21.127293,21.679764,21.071917,21.674345,20.016148,19.935987,20.492466,20.729294,21.002214,20.95383,21.009127,21.237436,19.823181,19.752104,4.0,4.0,4.0,0.0,4.0,0.0,0.0,0.0
34069,2023.0,8.0,25.0,14.0,20.683472,20.893272,20.003666,20.377367,21.13542,21.685055,21.03684,21.595554,19.994081,19.918438,20.675055,20.971056,20.955286,20.879803,21.723251,22.588757,19.798729,19.732075,0.0,4.0,4.0,0.0,4.0,0.0,4.0,0.0
34070,2023.0,8.0,25.0,14.0,20.404495,20.558409,19.727571,19.842655,21.14083,21.687847,20.498606,20.60258,19.969711,19.898645,20.365835,20.350096,20.920588,20.84481,21.074507,21.157053,19.773335,19.710854,0.0,4.0,0.0,0.0,0.0,0.0,0.0,0.0
34071,2023.0,8.0,25.0,14.0,20.321507,20.468204,19.590332,19.646036,21.145565,21.689962,20.87053,21.42018,19.945131,19.878366,20.545752,20.755045,20.896181,20.82377,21.666002,22.403759,19.749056,19.690594,0.0,4.0,4.0,0.0,4.0,0.0,4.0,0.0
34072,2023.0,8.0,25.0,14.0,20.980072,21.763178,19.940037,20.342838,21.149574,21.691364,20.425982,20.528662,19.919159,19.856918,20.309801,20.284182,20.871994,20.803783,21.0157,21.077137,19.723957,19.66977,4.0,4.0,0.0,0.0,0.0,0.0,0.0,0.0
34073,2023.0,8.0,25.0,14.0,20.496958,20.718557,20.00916,20.432877,21.153193,21.69236,20.196945,20.210913,20.601374,21.173637,20.180223,20.10854,20.84795,20.783552,20.723064,20.650795,19.699022,19.648643,0.0,4.0,0.0,4.0,0.0,0.0,0.0,0.0
34074,2023.0,8.0,25.0,15.0,20.867897,21.576765,19.689781,19.790297,21.15624,21.69277,20.08934,20.100304,20.211935,20.230888,20.12686,20.060146,20.823124,20.762306,20.591913,20.516975,19.672937,19.626106,0.0,4.0,0.0,0.0,0.0,0.0,0.0,0.0
34075,2023.0,8.0,25.0,15.0,20.415102,20.622747,19.9811,20.399035,21.164696,21.704548,20.026304,20.039742,20.034405,19.988998,20.089966,20.028166,20.803213,20.746841,20.521656,20.453129,19.651356,19.608717,4.0,4.0,0.0,0.0,0.0,0.0,0.0,0.0
34076,2023.0,8.0,25.0,15.0,20.936007,21.689573,20.006126,20.4123,21.174395,21.71767,19.973179,19.98972,20.655832,21.207788,20.058184,20.001354,20.785786,20.733915,20.474833,20.421824,19.631977,19.593548,0.0,4.0,0.0,4.0,0.0,0.0,0.0,0.0
34077,2023.0,8.0,25.0,15.0,21.08523,21.798439,20.073284,20.496864,21.185577,21.732359,19.92008,19.939005,20.303736,20.366983,20.027893,19.976257,20.76895,20.720894,20.424797,20.377024,19.612833,19.577904,4.0,4.0,0.0,0.0,0.0,0.0,0.0,0.0
34078,2023.0,8.0,25.0,15.0,21.124235,21.839329,20.022032,20.391804,21.19689,21.74785,19.878622,19.897085,20.112238,20.078526,20.004114,19.955353,20.755299,20.710028,20.38399,20.338337,19.596952,19.564466,0.0,4.0,0.0,0.0,0.0,0.0,0.0,0.0
34079,2023.0,8.0,25.0,15.0,20.588865,20.803762,19.744034,19.862318,21.207966,21.761406,20.511477,21.126768,20.049686,20.026417,19.982952,19.939726,20.743052,20.70152,20.346478,20.306383,19.582516,19.553596,0.0,4.0,4.0,0.0,0.0,0.0,0.0,0.0
34080,2023.0,8.0,25.0,16.0,21.056452,21.792728,20.021233,20.43734,21.219158,21.775928,20.117935,20.25527,20.000036,19.966284,19.965206,19.925583,21.47953,22.11281,20.31609,20.279186,19.570456,19.54422,4.0,4.0,0.0,0.0,0.0,4.0,0.0,0.0
34081,2023.0,8.0,25.0,16.0,20.577024,20.798368,20.117887,20.559225,21.223133,21.775389,19.931383,19.981283,19.96228,19.926886,19.945833,19.907064,21.00138,21.059917,20.285772,20.249847,19.55733,19.531427,4.0,4.0,0.0,0.0,0.0,0.0,0.0,0.0
34082,2023.0,8.0,25.0,16.0,20.381495,20.535772,19.998566,20.347797,20.695694,20.784424,19.873068,19.91567,19.931822,19.896425,19.925827,19.88684,21.533316,22.122938,20.25736,20.222235,19.54395,19.518204,0.0,0.0,0.0,0.0,0.0,4.0,0.0,0.0
34083,2023.0,8.0,25.0,16.0,20.959446,21.693855,19.735886,19.840801,21.02812,21.579693,19.811724,19.838322,19.901379,19.867083,19.90474,19.86698,21.753075,22.369183,20.226715,20.192532,19.529024,19.503557,0.0,4.0,0.0,0.0,0.0,4.0,0.0,0.0
34084,2023.0,8.0,25.0,16.0,20.49424,20.704103,19.611176,19.664843,21.113031,21.6601,20.444534,21.060577,20.573626,21.159481,19.885717,19.848465,21.15704,21.190805,20.200361,20.16673,19.515173,19.489899,0.0,4.0,4.0,4.0,0.0,0.0,0.0,0.0
34085,2023.0,8.0,25.0,16.0,20.316,20.462612,19.536278,19.564234,21.12976,21.667767,20.02681,20.137733,20.77039,21.377302,19.866259,19.829681,21.659712,22.225368,20.175217,20.142384,19.501503,19.476574,0.0,4.0,0.0,4.0,0.0,4.0,0.0,0.0
34086,2023.0,8.0,25.0,17.0,20.929459,21.666807,19.486412,19.507895,20.61419,20.68666,20.475374,21.055632,20.227262,20.289288,19.846914,19.810951,21.150616,21.174698,20.151697,20.119633,19.48863,19.464104,0.0,0.0,4.0,0.0,0.0,0.0,0.0,0.0
34087,2023.0,8.0,25.0,17.0,21.040363,21.748415,19.886724,20.289202,21.011122,21.538107,20.046364,20.142103,20.030014,19.99626,19.827446,19.791954,21.649593,22.201117,20.129011,20.097582,19.476007,19.451817,4.0,4.0,0.0,0.0,0.0,4.0,0.0,0.0
34088,2023.0,8.0,25.0,17.0,20.494316,20.677473,20.015848,20.470097,21.09562,21.622591,19.858652,19.873468,19.959028,19.916264,19.807632,19.772013,21.79583,22.385113,20.106758,20.075726,19.46359,19.439653,0.0,4.0,0.0,0.0,0.0,4.0,0.0,0.0
34089,2023.0,8.0,25.0,17.0,20.896927,21.584457,20.05761,20.48296,21.108152,21.62642,20.419733,20.98321,19.906803,19.863194,19.787228,19.752707,21.195736,21.200758,20.083769,20.053562,19.450151,19.426733,4.0,4.0,4.0,0.0,0.0,0.0,0.0,0.0
34090,2023.0,8.0,25.0,17.0,20.438875,20.624601,20.007732,20.384182,21.12157,21.63372,20.546831,21.09934,20.590275,21.189484,20.153645,20.460997,20.98536,20.89399,20.063843,20.034058,19.437725,19.4146,0.0,4.0,4.0,4.0,4.0,0.0,0.0,0.0
34091,2023.0,8.0,25.0,17.0,20.84104,21.520048,19.68985,19.75587,21.13211,21.638077,20.04254,20.106646,20.195333,20.23027,19.989132,20.091274,21.607286,22.151627,20.042837,20.01375,19.424728,19.40208,0.0,4.0,0.0,0.0,0.0,4.0,0.0,0.0
34092,2023.0,8.0,25.0,18.0,20.449646,20.625023,19.509457,19.520454,20.608356,20.648142,19.806898,19.806929,19.933018,19.889118,19.85266,19.837763,21.157808,21.145063,20.022402,19.99391,19.411362,19.389206,0.0,0.0,0.0,0.0,0.0,0.0,0.0,0.0
34093,2023.0,8.0,25.0,18.0,21.074951,21.832169,19.461523,19.468676,21.114828,21.660551,21.133228,22.17349,19.862894,19.806997,19.790743,19.757742,20.998283,20.942478,21.15583,21.980322,19.397537,19.374594,0.0,4.0,4.0,0.0,0.0,0.0,0.0,0.0
34094,2023.0,8.0,25.0,18.0,21.03903,21.66187,19.415483,19.415709,21.03275,21.440458,21.062454,21.89318,19.833666,19.796505,19.751867,19.713923,21.008553,21.018604,21.370983,22.248882,19.381655,19.357327,0.0,0.0,0.0,0.0,0.0,0.0,4.0,0.0
34095,2023.0,8.0,25.0,18.0,21.017323,21.61316,19.81065,20.186096,21.097553,21.563536,21.02287,21.765331,19.803194,19.767467,19.722504,19.68585,21.004124,21.041191,20.976051,21.459053,20.29576,21.103012,4.0,4.0,0.0,0.0,0.0,0.0,0.0,4.0
34096,2023.0,8.0,25.0,18.0,21.018423,21.594347,20.002968,20.420824,21.007038,21.40845,20.999172,21.641624,19.768824,19.731844,19.690971,19.651606,21.00544,21.0729,21.02529,21.523878,19.940704,20.223354,4.0,0.0,4.0,0.0,0.0,0.0,0.0,0.0
34097,2023.0,8.0,25.0,18.0,21.214006,21.9306,20.01796,20.42621,21.02016,21.433592,21.03056,21.68954,19.737917,19.701143,19.662148,19.62173,21.66493,22.34344,21.366564,22.10796,19.615482,19.584234,0.0,0.0,0.0,0.0,0.0,4.0,4.0,0.0
34098,2023.0,8.0,25.0,19.0,20.988194,21.491177,19.981314,20.299946,21.083319,21.520271,21.024399,21.646315,19.708239,19.6707,19.634829,19.594131,20.99896,21.033419,20.96963,21.331396,19.454039,19.387293,4.0,4.0,0.0,0.0,0.0,0.0,0.0,0.0
34099,2023.0,8.0,25.0,19.0,21.127249,21.73506,20.00312,20.341133,21.036575,21.438438,21.051682,21.670845,19.676254,19.636154,19.603504,19.559093,21.0181,21.121143,21.040373,21.48188,19.431507,19.39862,4.0,0.0,0.0,0.0,0.0,0.0,0.0,0.0
34100,2023.0,8.0,25.0,19.0,21.035297,21.543953,20.032484,20.395,21.073519,21.48794,21.030256,21.581007,19.646252,19.604912,19.57309,19.526934,21.017824,21.118093,21.039072,21.455719,19.405523,19.372042,0.0,4.0,4.0,0.0,0.0,0.0,0.0,0.0
34101,2023.0,8.0,25.0,19.0,21.108534,21.672106,19.627104,19.591564,21.070004,21.469921,21.001253,21.524422,20.321753,20.905966,19.910393,20.187332,21.006021,21.11787,21.013752,21.41458,19.375761,19.341986,0.0,4.0,4.0,4.0,4.0,0.0,0.0,0.0
34102,2023.0,8.0,25.0,19.0,21.037397,21.534845,19.362043,19.221048,21.054958,21.44058,21.009863,21.533213,20.462904,20.924276,20.023996,20.30325,21.01391,21.151085,21.033733,21.45636,19.34485,19.308897,0.0,4.0,4.0,4.0,0.0,0.0,0.0,0.0
34103,2023.0,8.0,25.0,19.0,21.100069,21.63783,19.819887,20.15919,21.039867,21.413652,21.00392,21.51369,19.953606,20.02046,19.728249,19.706627,21.007334,21.148289,21.013924,21.415955,19.317562,19.280674,4.0,4.0,4.0,0.0,0.0,0.0,0.0,0.0
34104,2023.0,8.0,25.0,20.0,21.008654,21.484327,20.022928,20.42687,21.021769,21.382097,21.032162,21.58202,20.35737,20.797026,19.93693,20.199236,21.008911,21.161224,21.01697,21.42263,19.287933,19.246191,0.0,4.0,0.0,4.0,4.0,0.0,0.0,0.0
34105,2023.0,8.0,25.0,20.0,21.021128,21.506718,19.638115,19.650751,21.008337,21.360588,20.998495,21.480963,19.952995,19.993187,20.065544,20.343435,21.009026,21.169666,21.016716,21.422556,19.260689,19.216032,0.0,4.0,4.0,0.0,4.0,0.0,0.0,0.0
34106,2023.0,8.0,25.0,20.0,21.019897,21.498642,19.448538,19.409273,21.026089,21.420944,21.031883,21.559845,19.705542,19.552658,20.009565,20.22584,21.009153,21.176664,21.487411,22.287647,20.106607,20.834627,0.0,0.0,0.0,0.0,0.0,0.0,4.0,4.0
34107,2023.0,8.0,25.0,20.0,21.252306,21.923204,19.819607,20.155869,21.02117,21.403814,20.998825,21.460821,19.547209,19.374115,19.606438,19.436932,21.009506,21.18322,20.946617,21.221767,20.325165,20.917816,4.0,0.0,4.0,0.0,0.0,0.0,0.0,4.0
34108,2023.0,8.0,25.0,20.0,20.984133,21.402931,20.031828,20.440317,21.021952,21.396795,21.03219,21.541239,19.58496,19.521944,19.773561,19.906378,21.490435,22.08864,21.031446,21.403131,19.980904,20.287487,0.0,0.0,0.0,0.0,4.0,4.0,0.0,0.0
34109,2023.0,8.0,25.0,20.0,21.070871,21.553791,19.500298,19.369373,21.021893,21.389038,20.99895,21.443766,19.572126,19.508196,20.024864,20.271923,20.949354,21.010496,21.020758,21.385784,19.49268,19.333168,0.0,0.0,4.0,0.0,4.0,0.0,0.0,0.0
34110,2023.0,8.0,25.0,21.0,21.08589,21.562935,19.81197,20.129812,21.19244,21.696035,21.032444,21.526413,19.533588,19.467566,20.018038,20.250696,21.022827,21.17029,21.022442,21.389584,19.282888,19.112982,4.0,4.0,0.0,0.0,0.0,0.0,0.0,0.0
34111,2023.0,8.0,25.0,21.0,21.014194,21.463306,20.023651,20.420689,21.055439,21.365982,20.999779,21.431984,20.175583,20.707794,19.581741,19.394096,21.302567,21.685442,21.016335,21.388992,20.099625,20.727743,0.0,4.0,4.0,4.0,0.0,4.0,0.0,4.0
34112,2023.0,8.0,25.0,21.0,21.02185,21.478897,19.498085,19.363459,21.000908,21.313465,21.032394,21.514303,20.304415,20.692724,19.850973,20.089657,20.977945,21.062614,21.017296,21.398102,19.98098,20.302593,0.0,4.0,0.0,4.0,4.0,0.0,0.0,0.0
34113,2023.0,8.0,25.0,21.0,21.021101,21.472952,19.19594,18.954092,21.001566,21.32112,21.025892,21.492643,20.319517,20.694792,20.01654,20.290707,21.020456,21.161741,21.017414,21.403124,19.46249,19.28147,0.0,4.0,0.0,4.0,0.0,0.0,0.0,0.0
34114,2023.0,8.0,25.0,21.0,21.042477,21.508566,19.265024,19.178637,21.046827,21.441774,21.009779,21.42296,20.357136,20.72464,20.033794,20.284355,21.03147,21.190226,21.034843,21.440708,19.244337,19.057089,0.0,0.0,4.0,4.0,4.0,0.0,0.0,0.0
34115,2023.0,8.0,25.0,21.0,21.0097,21.454418,19.257576,19.172132,20.991405,21.29777,21.005384,21.421835,19.96563,20.038742,20.00053,20.201582,21.007402,21.160894,21.014212,21.401333,19.295784,19.237352,0.0,4.0,4.0,0.0,4.0,0.0,0.0,0.0
34116,2023.0,8.0,25.0,22.0,21.014923,21.472347,19.228333,19.142065,21.030039,21.39563,21.032627,21.497887,19.602606,19.365576,20.006035,20.199326,21.010895,21.181751,21.01764,21.410624,19.274485,19.203829,0.0,0.0,0.0,0.0,4.0,0.0,0.0,0.0
34117,2023.0,8.0,25.0,22.0,21.014366,21.47729,19.1987,19.110971,21.023144,21.376324,21.026897,21.479534,19.426819,19.19386,20.02266,20.237652,21.010845,21.192013,21.017708,21.412523,20.014282,20.637356,0.0,0.0,0.0,0.0,0.0,0.0,0.0,4.0
34118,2023.0,8.0,25.0,22.0,21.014872,21.482716,19.169306,19.078413,21.023773,21.371477,21.027208,21.47212,19.335255,19.099117,19.529291,19.279934,21.011229,21.20092,21.01796,21.41466,19.995466,20.383062,0.0,0.0,0.0,0.0,0.0,0.0,0.0,0.0
34119,2023.0,8.0,25.0,22.0,21.01513,21.486137,19.14223,19.049171,21.014986,21.366621,21.01818,21.465118,19.41445,19.328787,19.277903,19.004763,21.011385,21.207897,21.017834,21.41614,19.410713,19.215553,0.0,0.0,0.0,0.0,0.0,0.0,0.0,0.0
34120,2023.0,8.0,25.0,22.0,21.01438,21.488016,19.115948,19.020586,21.016333,21.377193,21.019646,21.474535,19.415813,19.327917,19.670036,19.852713,21.011667,21.214045,21.018085,21.418194,19.979708,20.501904,0.0,0.0,0.0,0.0,4.0,0.0,0.0,4.0
34121,2023.0,8.0,25.0,22.0,21.014605,21.490408,19.0901,18.99106,21.016443,21.383017,21.019161,21.477709,19.375862,19.285294,20.035551,20.384708,21.01164,21.219072,21.017822,21.419353,20.000118,20.359953,0.0,0.0,0.0,0.0,4.0,0.0,0.0,0.0
34122,2023.0,8.0,25.0,23.0,21.015263,21.492876,19.068125,18.967726,21.016323,21.386667,21.019472,21.480415,19.339811,19.248363,20.010098,20.318785,21.012127,21.224348,21.456184,22.22466,19.411757,19.195568,0.0,0.0,0.0,0.0,0.0,0.0,4.0,0.0
34123,2023.0,8.0,25.0,23.0,20.61923,20.733032,19.474152,19.743742,20.601618,20.593176,20.523895,20.530329,19.306276,19.214931,19.642813,19.593988,20.69158,20.611973,20.559162,20.37732,19.165411,18.945242,4.0,0.0,0.0,0.0,0.0,0.0,0.0,0.0
34124,2023.0,8.0,25.0,23.0,20.43835,20.48786,19.259834,19.257895,20.38742,20.285881,20.276608,20.181602,19.27747,19.184679,19.47192,19.36579,20.564518,20.452213,20.215435,19.941448,20.00505,20.61458,0.0,0.0,0.0,0.0,0.0,0.0,0.0,4.0
34125,2023.0,8.0,25.0,23.0,20.352907,20.397636,19.108124,19.013819,20.2887,20.17726,20.163628,20.059237,19.820587,20.22749,19.403025,19.294962,20.501888,20.38862,20.07392,19.801815,19.362068,19.195559,0.0,0.0,0.0,4.0,0.0,0.0,0.0,0.0
34126,2023.0,8.0,25.0,23.0,20.282282,20.321775,19.061075,18.953442,20.21056,20.093233,20.073938,19.963171,20.069721,20.564041,19.6614,19.831503,20.443836,20.326757,19.958593,19.685728,19.11669,18.883562,0.0,0.0,0.0,4.0,4.0,0.0,0.0,0.0
34127,2023.0,8.0,25.0,23.0,20.228348,20.269812,19.034447,18.926947,20.15032,20.035751,20.005499,19.898064,19.379305,19.170015,19.734072,19.92401,20.39625,20.280159,20.028826,19.922625,19.040627,18.81256,0.0,0.0,0.0,0.0,4.0,0.0,0.0,0.0
34128,2023.0,8.0,26.0,0.0,20.176638,20.215982,19.010065,18.900543,20.092157,19.976023,19.940037,19.830948,19.153408,18.889671,19.23691,18.956161,20.350151,20.232231,19.999401,19.898924,19.103697,19.005545,0.0,0.0,0.0,0.0,0.0,0.0,0.0,0.0
34129,2023.0,8.0,26.0,0.0,20.126202,20.160633,18.984785,18.870626,20.035156,19.913687,19.876493,19.761726,19.06783,18.79819,19.039082,18.719835,20.305592,20.183893,19.94327,19.839142,19.093885,19.0032,0.0,0.0,0.0,0.0,0.0,0.0,0.0,0.0
34130,2023.0,8.0,26.0,0.0,20.101141,20.153168,18.964348,18.85011,19.989967,19.871326,19.826326,19.715021,19.789375,20.2371,19.137476,19.003149,20.267912,20.14684,19.8942,19.791277,19.063738,18.973166,0.0,0.0,0.0,4.0,0.0,0.0,0.0,0.0
34131,2023.0,8.0,26.0,0.0,20.064892,20.11691,18.941467,18.824621,19.943054,19.822374,19.774458,19.661268,19.408575,19.355598,19.139692,19.020533,20.22954,20.106346,19.844286,19.739513,19.03114,18.938707,0.0,0.0,0.0,0.0,0.0,0.0,0.0,0.0
34132,2023.0,8.0,26.0,0.0,20.0256,20.073605,18.917864,18.797302,19.89697,19.772509,19.723835,19.606844,19.076212,18.79769,19.097046,18.97423,20.191633,20.065222,19.795341,19.687445,18.997692,18.902431,0.0,0.0,0.0,0.0,0.0,0.0,0.0,0.0
34133,2023.0,8.0,26.0,0.0,19.988735,20.033709,18.894691,18.77054,19.853693,19.726059,19.676622,19.5565,18.96489,18.674341,19.055462,18.929514,20.15566,20.02672,19.749243,19.63914,18.965294,18.867777,0.0,0.0,0.0,0.0,0.0,0.0,0.0,0.0
34134,2023.0,8.0,26.0,1.0,19.956278,20.001577,18.87504,18.750692,19.817259,19.691446,19.637123,19.519238,19.068954,18.954556,19.018324,18.893402,20.123375,19.99464,19.707714,19.598356,19.664143,20.209667,0.0,0.0,0.0,0.0,0.0,0.0,0.0,4.0
34135,2023.0,8.0,26.0,1.0,19.922745,19.96641,18.854029,18.728022,19.779594,19.65269,19.596603,19.477636,19.652388,20.054287,18.979557,18.853218,20.090452,19.960403,19.665812,19.555323,19.171658,19.120926,0.0,0.0,0.0,4.0,0.0,0.0,0.0,0.0
34136,2023.0,8.0,26.0,1.0,19.890713,19.932734,18.83353,18.70599,19.74361,19.615654,19.55833,19.43822,19.25148,19.173077,19.243063,19.377752,20.058607,19.927265,19.62548,19.513859,19.56778,19.942402,0.0,0.0,0.0,0.0,4.0,0.0,0.0,4.0
34137,2023.0,8.0,26.0,1.0,19.860542,19.901373,18.813787,18.68505,19.709597,19.581213,19.522552,19.401901,18.94712,18.665306,19.029716,18.923756,20.028242,19.896128,19.587172,19.475027,18.98147,18.735832,0.0,0.0,0.0,0.0,0.0,0.0,0.0,0.0
34138,2023.0,8.0,26.0,1.0,19.828941,19.866337,18.792206,18.660072,19.67369,19.541842,19.485155,19.36075,18.82362,18.519697,18.924746,18.792135,19.996939,19.862213,19.548134,19.433453,18.787601,18.51207,0.0,0.0,0.0,0.0,0.0,0.0,0.0,0.0
34139,2023.0,8.0,26.0,1.0,19.800428,19.837032,18.773409,18.640717,19.642511,19.511019,19.452686,19.328642,18.953966,18.851698,19.205208,19.355217,19.968622,19.83347,19.51254,19.397629,18.71052,18.438202,0.0,0.0,0.0,0.0,4.0,0.0,0.0,0.0
34140,2023.0,8.0,26.0,2.0,19.772287,19.808167,18.75427,18.620647,19.611694,19.480091,19.42053,19.296446,18.94045,18.823904,18.95607,18.833096,19.941034,19.805382,19.478016,19.362848,18.802433,18.688215,0.0,0.0,0.0,0.0,0.0,0.0,0.0,0.0
34141,2023.0,8.0,26.0,2.0,19.742245,19.77497,18.733,18.596127,19.578962,19.44464,19.386505,19.25974,18.909687,18.790262,19.18428,19.330719,19.912268,19.774294,19.442575,19.325342,18.798496,18.691051,0.0,0.0,0.0,0.0,4.0,0.0,0.0,0.0
34142,2023.0,8.0,26.0,2.0,19.714615,19.74632,18.713196,18.574753,19.548899,19.414164,19.355408,19.228329,18.881565,18.761593,18.948095,18.83855,19.885384,19.746717,19.409428,19.291933,19.499422,20.034399,0.0,0.0,0.0,0.0,0.0,0.0,0.0,4.0
34143,2023.0,8.0,26.0,2.0,19.685595,19.714632,18.691927,18.55055,19.517447,19.380497,19.323204,19.193851,18.851688,18.729935,18.835407,18.697304,19.857521,19.716946,19.37537,19.256266,18.828978,18.590086,0.0,0.0,0.0,0.0,0.0,0.0,0.0,0.0
34144,2023.0,8.0,26.0,2.0,19.654518,19.678602,18.667942,18.521275,19.483444,19.341377,19.288687,19.154062,18.819838,18.694338,18.784714,18.641085,19.828094,19.683886,19.339842,19.217318,18.600136,18.30446,0.0,0.0,0.0,0.0,0.0,0.0,0.0,0.0
34145,2023.0,8.0,26.0,2.0,19.626003,19.647478,18.645947,18.49639,19.452503,19.308157,19.25722,19.120314,18.78983,18.662504,18.740162,18.594593,19.800455,19.654335,19.306353,19.182222,18.7035,18.588123,0.0,0.0,0.0,0.0,0.0,0.0,0.0,0.0
34146,2023.0,8.0,26.0,3.0,19.597471,19.616167,18.623648,18.47122,19.421751,19.2751,19.225803,19.08668,18.759815,18.630655,18.69851,18.550934,19.77287,19.624832,19.273058,19.147318,18.68701,18.570303,0.0,0.0,0.0,0.0,0.0,0.0,0.0,0.0
34147,2023.0,8.0,26.0,3.0,19.571823,19.590405,18.604746,18.452995,19.394724,19.249151,19.19813,19.06018,18.732265,18.603624,18.982351,19.118015,19.747686,19.600016,19.242132,19.116854,18.657612,18.54131,0.0,0.0,0.0,0.0,4.0,0.0,0.0,0.0
34148,2023.0,8.0,26.0,3.0,19.547234,19.56644,18.58628,18.435337,19.368433,19.224218,19.171305,19.03478,19.28825,19.672518,18.750153,18.626171,19.723465,19.57657,19.212305,19.088013,18.628168,18.512829,0.0,0.0,0.0,4.0,0.0,0.0,0.0,0.0
34149,2023.0,8.0,26.0,3.0,19.521744,19.540075,18.567019,18.41564,19.341095,19.196705,19.143559,19.006855,18.891867,18.797237,18.648321,18.502512,19.698673,19.551493,19.181868,19.057364,18.598017,18.482405,0.0,0.0,0.0,0.0,0.0,0.0,0.0,0.0
34150,2023.0,8.0,26.0,3.0,19.495686,19.51199,18.546442,18.39327,19.312449,19.16625,19.114532,18.976013,18.757174,18.626852,18.605553,18.457712,19.6735,19.52517,19.151093,19.025486,18.567719,18.45089,0.0,0.0,0.0,0.0,0.0,0.0,0.0,0.0
34151,2023.0,8.0,26.0,3.0,19.471283,19.487034,18.527319,18.373966,19.285902,19.139761,19.087639,18.949215,18.713795,18.583662,18.567509,18.419878,19.649887,19.501524,19.12198,18.99644,18.539425,18.422613,0.0,0.0,0.0,0.0,0.0,0.0,0.0,0.0
34152,2023.0,8.0,26.0,4.0,19.44774,19.463688,18.509483,18.357239,19.261152,19.11649,19.06258,18.925695,18.677225,18.548594,18.842815,18.966923,19.627586,19.479975,19.094286,18.96962,18.512838,18.396877,0.0,0.0,0.0,0.0,4.0,0.0,0.0,0.0
34153,2023.0,8.0,26.0,4.0,19.422468,19.437136,18.489515,18.336323,19.234247,19.088902,19.035429,18.89789,18.642822,18.513603,18.610485,18.472097,19.604275,19.45612,19.065596,18.940527,18.485443,18.369015,0.0,0.0,0.0,0.0,0.0,0.0,0.0,0.0
34154,2023.0,8.0,26.0,4.0,19.396444,19.409132,18.468874,18.313988,19.206663,19.059885,19.007727,18.868746,18.609648,18.479324,18.843452,18.977287,19.580544,19.431429,19.036526,18.91062,18.457855,18.34052,0.0,0.0,0.0,0.0,4.0,0.0,0.0,0.0
34155,2023.0,8.0,26.0,4.0,19.371664,19.383547,18.44928,18.29369,19.180449,19.033413,18.981476,18.842222,18.57884,18.44849,18.593636,18.45386,19.557476,19.408142,19.008268,18.882322,18.43123,18.31379,0.0,0.0,0.0,0.0,0.0,0.0,0.0,0.0
34156,2023.0,8.0,26.0,4.0,19.345098,19.354599,18.427567,18.269327,19.151941,19.002504,18.953014,18.811333,18.546827,18.414799,18.499464,18.34853,19.532867,19.382109,18.978434,18.851208,18.403149,18.284351,0.0,0.0,0.0,0.0,0.0,0.0,0.0,0.0
34157,2023.0,8.0,26.0,4.0,19.323353,19.3352,18.408827,18.251148,19.126963,18.978582,18.92807,18.78744,19.109861,19.500235,18.458307,18.30947,19.509829,19.359537,18.950275,18.823706,18.376854,18.258648,0.0,0.0,0.0,4.0,0.0,0.0,0.0,0.0
34158,2023.0,8.0,26.0,5.0,19.312227,19.336834,18.388178,18.229385,19.100147,18.950905,18.901253,18.759785,18.70085,18.6026,18.416595,18.267172,19.48539,19.33447,18.920732,18.793688,18.349247,18.230501,0.0,0.0,0.0,0.0,0.0,0.0,0.0,0.0
34159,2023.0,8.0,26.0,5.0,19.293098,19.318075,18.368605,18.209951,19.07432,18.925182,18.875385,18.73404,18.359303,18.021685,18.377802,18.228151,19.46151,19.310846,18.891571,18.764711,18.322105,18.203491,0.0,0.0,0.0,0.0,0.0,0.0,0.0,0.0
34160,2023.0,8.0,26.0,5.0,19.272274,19.297552,18.349628,18.19147,19.04925,18.900532,18.850264,18.709358,18.248512,17.908758,18.341478,18.192146,19.438236,19.288149,18.863068,18.736755,18.29567,18.177538,0.0,0.0,0.0,0.0,0.0,0.0,0.0,0.0
34161,2023.0,8.0,26.0,5.0,19.251125,19.27689,18.332146,18.175962,19.025991,18.879265,18.826958,18.688072,18.378063,18.240356,18.30853,18.161318,19.41597,19.26725,18.835562,18.710579,18.2703,18.15344,0.0,0.0,0.0,0.0,0.0,0.0,0.0,0.0
34162,2023.0,8.0,26.0,5.0,19.229815,19.256319,18.314508,18.159992,19.00278,18.857729,18.803715,18.666527,18.383707,18.254179,18.585602,18.710308,19.394108,19.246714,18.80854,18.684875,18.245441,18.129827,0.0,0.0,0.0,0.0,4.0,0.0,0.0,0.0
34163,2023.0,8.0,26.0,5.0,19.207893,19.234777,18.296488,18.143198,18.979055,18.835205,18.780024,18.644033,18.36246,18.234856,18.356667,18.220526,19.372442,19.226055,18.7816,18.658905,18.220743,18.10604,0.0,0.0,0.0,0.0,0.0,0.0,0.0,0.0
34164,2023.0,8.0,26.0,6.0,19.185362,19.211945,18.277624,18.12434,18.95424,18.810287,18.755358,18.619236,18.338175,18.210917,18.2719,18.12699,19.351034,19.205023,18.75484,18.63244,18.196302,18.081846,0.0,0.0,0.0,0.0,0.0,0.0,0.0,0.0
34165,2023.0,8.0,26.0,6.0,21.252682,22.870136,18.261217,18.110416,21.236834,22.88639,21.24364,23.057241,18.31567,18.190338,18.239626,18.098228,21.23945,22.489511,21.370623,23.145668,18.92838,19.483978,0.0,0.0,0.0,0.0,0.0,0.0,0.0,4.0
34166,2023.0,8.0,26.0,6.0,21.001575,22.171299,18.240955,18.090626,21.003014,22.175867,21.00345,22.308329,18.89489,19.302328,18.204277,18.063337,21.00816,21.932335,20.99923,22.26506,20.148218,21.420586,0.0,0.0,0.0,4.0,0.0,0.0,0.0,0.0
34167,2023.0,8.0,26.0,6.0,21.035467,22.114344,18.221254,18.071693,21.038248,22.096277,21.041971,22.219639,20.152508,21.340746,18.17424,18.034399,21.031404,21.863632,21.04194,22.195297,18.837664,18.670925,0.0,0.0,0.0,0.0,0.0,0.0,0.0,0.0
34168,2023.0,8.0,26.0,6.0,21.030449,22.02138,18.201527,18.05238,21.033155,21.987339,21.03644,22.099815,19.129156,19.160002,18.148273,18.009134,21.027477,21.773085,21.035591,22.07454,18.26931,17.978302,0.0,0.0,0.0,0.0,0.0,0.0,0.0,0.0
34169,2023.0,8.0,26.0,6.0,21.002361,21.887955,18.651077,18.913832,21.032509,21.91786,21.035738,22.023912,18.639929,18.521595,18.12582,17.987001,20.99585,21.630634,21.034279,21.993963,18.33538,18.234959,4.0,0.0,0.0,0.0,0.0,4.0,0.0,0.0
34170,2023.0,8.0,26.0,7.0,21.23105,22.33242,20.19338,21.514996,21.227684,22.259535,21.21906,22.33774,18.541523,18.418333,18.412348,18.54023,21.231945,22.042929,21.25655,22.380877,18.330334,18.219236,0.0,0.0,0.0,0.0,4.0,4.0,0.0,0.0
34171,2023.0,8.0,26.0,7.0,21.283924,22.360245,19.143038,19.256788,21.241457,22.246372,21.228157,22.312613,18.48941,18.369293,20.238161,21.622215,21.256725,22.044027,21.264475,22.347094,18.292797,18.184837,0.0,0.0,0.0,0.0,0.0,4.0,0.0,0.0
34172,2023.0,8.0,26.0,7.0,21.043835,21.863642,18.551456,18.442274,21.030504,21.79438,21.033764,21.89147,18.451336,18.334183,19.13641,19.247972,21.0079,21.509647,21.031986,21.844044,18.26522,18.160286,0.0,0.0,0.0,0.0,0.0,4.0,0.0,0.0
34173,2023.0,8.0,26.0,7.0,21.007462,21.747572,18.425634,18.284786,21.002867,21.702272,21.032557,21.869785,18.421392,18.306871,18.528425,18.39301,21.006845,21.484854,21.040806,21.793215,18.24363,18.14158,0.0,4.0,0.0,0.0,0.0,4.0,4.0,0.0
34174,2023.0,8.0,26.0,7.0,21.016977,21.753876,18.826426,19.088549,21.036283,21.781918,21.033304,21.856117,19.106602,19.62117,18.78768,18.964119,21.006355,21.464302,21.04352,21.807774,18.22783,18.129494,4.0,0.0,0.0,4.0,4.0,4.0,0.0,0.0
34175,2023.0,8.0,26.0,7.0,21.365273,22.44281,20.169857,21.367882,21.04118,21.75689,21.032934,21.843552,20.133781,21.202812,20.17072,21.278103,21.355942,22.146338,20.998392,21.661074,18.215788,18.12091,0.0,0.0,0.0,0.0,4.0,4.0,4.0,0.0
34176,2023.0,8.0,26.0,8.0,21.040941,21.798243,19.549068,19.956099,21.01376,21.657034,21.032555,21.832874,19.013098,18.850286,20.024078,20.84237,21.003645,21.417238,21.046423,21.769356,18.20708,18.11558,4.0,4.0,0.0,0.0,0.0,4.0,0.0,0.0
34177,2023.0,8.0,26.0,8.0,20.692293,21.08972,20.137838,21.110249,20.581013,20.81668,20.210175,20.244518,18.500626,18.223188,19.064945,18.878529,20.242981,19.972778,20.059315,19.847448,18.203882,18.11832,0.0,4.0,0.0,0.0,0.0,0.0,0.0,0.0
34178,2023.0,8.0,26.0,8.0,19.972414,19.875732,19.114195,19.01236,20.38707,20.610817,20.36071,20.82333,18.551693,18.424318,18.571173,18.259106,19.89256,19.55513,19.581434,19.291756,18.203463,18.123913,0.0,4.0,4.0,0.0,0.0,0.0,0.0,0.0
34179,2023.0,8.0,26.0,8.0,19.681084,19.495033,18.663694,18.349041,19.789837,19.546482,19.882778,19.890963,19.291449,19.823801,18.633224,18.47692,20.526953,20.843174,19.444136,19.156929,19.049007,19.71867,0.0,0.0,0.0,4.0,0.0,4.0,0.0,4.0
34180,2023.0,8.0,26.0,8.0,20.24088,20.672697,19.092897,19.300158,19.509506,19.17544,19.411993,19.125462,20.113146,21.12701,19.036236,19.246635,20.013464,19.76475,19.499058,19.372305,20.112476,21.377615,4.0,0.0,0.0,0.0,4.0,0.0,0.0,4.0
34181,2023.0,8.0,26.0,8.0,19.817226,19.778017,20.108856,21.015594,19.362501,19.049541,19.827911,20.080397,19.11615,19.020048,20.126883,21.04047,19.764147,19.473467,19.478048,19.372734,20.22112,21.424253,4.0,0.0,4.0,0.0,4.0,0.0,0.0,0.0
34182,2023.0,8.0,26.0,9.0,19.501545,19.387903,20.025831,20.773575,20.079893,20.52574,19.450642,19.289314,18.654772,18.436104,20.00428,20.670565,19.69919,19.41561,20.423443,21.216015,19.012026,18.93118,0.0,4.0,0.0,0.0,4.0,0.0,4.0,0.0
34183,2023.0,8.0,26.0,9.0,20.064259,20.549597,19.187252,19.102196,19.650368,19.527252,19.771948,20.08185,18.675678,18.566788,20.033276,20.647913,19.80374,19.671022,19.748333,19.631153,19.420979,19.996996,0.0,0.0,4.0,0.0,0.0,0.0,0.0,4.0
34184,2023.0,8.0,26.0,9.0,20.26463,20.783253,18.723267,18.50473,19.285915,19.054209,19.940212,20.293407,19.410887,19.956976,19.632399,19.782173,20.610455,21.191044,20.325073,20.983906,20.05148,20.909555,0.0,0.0,4.0,4.0,4.0,4.0,4.0,4.0
34185,2023.0,8.0,26.0,9.0,19.708618,19.722605,18.700222,18.586943,19.820312,20.153133,19.968004,20.33702,20.053743,20.85955,20.090614,20.698778,20.751554,21.20701,19.721577,19.607178,20.030176,20.806168,0.0,4.0,4.0,4.0,0.0,4.0,0.0,0.0
34186,2023.0,8.0,26.0,9.0,19.438671,19.400572,18.687449,18.615196,19.481956,19.389019,19.99326,20.377396,19.995625,20.638578,19.415,19.33076,20.806644,21.268744,20.347153,21.015043,19.214039,19.160599,0.0,0.0,4.0,4.0,0.0,4.0,4.0,0.0
34187,2023.0,8.0,26.0,9.0,20.048378,20.628523,18.64479,18.584415,19.209934,19.034218,19.454752,19.368605,20.031696,20.661352,19.143518,19.03716,20.200321,20.067436,20.667093,21.369537,18.827171,18.673624,0.0,0.0,0.0,0.0,0.0,0.0,4.0,0.0
34188,2023.0,8.0,26.0,10.0,20.2407,20.820763,19.045792,19.380495,19.13185,18.964527,19.812382,20.219181,19.986328,20.47478,19.09275,18.98943,20.670513,21.110573,19.882952,19.81672,18.7244,18.574076,4.0,0.0,4.0,4.0,0.0,4.0,0.0,0.0
34189,2023.0,8.0,26.0,10.0,20.28145,20.865753,20.140217,21.260733,19.85139,20.373035,19.929037,20.363504,20.015268,20.502165,19.06114,18.955746,20.867071,21.369598,19.60193,19.428055,19.635002,20.345165,0.0,4.0,4.0,4.0,0.0,4.0,0.0,4.0
34190,2023.0,8.0,26.0,10.0,19.739355,19.826889,19.30906,19.491373,20.019863,20.468725,19.408375,19.371069,20.063026,20.556286,19.031105,18.926563,20.956873,21.463001,19.486639,19.31331,20.047682,20.845856,0.0,4.0,0.0,4.0,0.0,4.0,0.0,0.0
34191,2023.0,8.0,26.0,10.0,20.142818,20.76009,19.264805,19.643074,20.027481,20.471281,19.124315,19.005892,20.018156,20.472734,19.006966,18.901909,21.03341,21.54534,19.417917,19.249481,20.057934,20.731653,4.0,4.0,0.0,0.0,0.0,4.0,0.0,4.0
34192,2023.0,8.0,26.0,10.0,20.297401,20.902458,20.123285,21.103014,20.065733,20.515549,19.693304,20.15191,20.12611,20.620283,18.989082,18.883324,20.422825,20.340927,19.371315,19.209608,20.11242,20.78896,0.0,4.0,4.0,4.0,0.0,0.0,0.0,4.0
34193,2023.0,8.0,26.0,10.0,19.73064,19.816622,19.599888,19.950003,20.09902,20.55534,19.888613,20.358751,20.006916,20.393518,18.978584,18.873032,20.142803,19.95388,19.393988,19.295977,20.180141,20.86088,4.0,4.0,4.0,0.0,0.0,0.0,0.0,4.0
34194,2023.0,8.0,26.0,11.0,20.162365,20.80739,20.090738,20.925913,19.567554,19.545692,19.931973,20.40744,19.477589,19.358292,18.97311,18.86755,20.067894,19.875376,19.391329,19.300825,20.003565,20.53736,4.0,0.0,4.0,0.0,0.0,0.0,0.0,0.0
34195,2023.0,8.0,26.0,11.0,20.31784,20.94552,20.021542,20.747316,19.929758,20.394173,19.411514,19.410364,19.247505,19.092632,18.972109,18.866545,20.768013,21.235832,19.37333,19.28444,19.368315,19.29113,0.0,4.0,0.0,0.0,0.0,4.0,0.0,0.0
34196,2023.0,8.0,26.0,11.0,19.771303,19.900612,19.35048,19.419338,19.554533,19.568954,19.142544,19.074327,19.842438,20.273046,18.974117,18.868626,20.347559,20.245468,20.366669,21.178646,19.094162,18.967974,0.0,0.0,0.0,4.0,0.0,0.0,4.0,0.0
34197,2023.0,8.0,26.0,11.0,19.561148,19.62249,19.084658,19.06515,19.974237,20.456898,19.718107,20.217964,20.09721,20.62347,18.979237,18.873974,20.900734,21.373829,20.619543,21.419851,19.024235,18.897621,0.0,4.0,4.0,4.0,0.0,4.0,4.0,0.0
34198,2023.0,8.0,26.0,11.0,19.495691,19.572361,18.99019,18.973888,19.538227,19.563818,19.302458,19.33781,20.009111,20.431805,18.984612,18.879812,21.115932,21.66523,19.848547,19.867693,18.980158,18.860424,0.0,0.0,0.0,0.0,0.0,4.0,0.0,0.0
34199,2023.0,8.0,26.0,11.0,19.438276,19.52501,18.900785,18.886772,19.923054,20.443142,19.046608,19.006248,19.490833,19.393547,18.989933,18.885824,21.206717,21.758476,19.483324,19.357576,18.961128,18.870283,0.0,4.0,0.0,0.0,0.0,4.0,0.0,0.0
34200,2023.0,8.0,26.0,12.0,20.163755,20.93923,19.282864,19.655983,20.037811,20.558544,18.992186,18.95359,19.336512,19.204332,18.995195,18.89176,21.267485,21.819706,19.422005,19.301605,18.939089,18.85238,4.0,4.0,0.0,0.0,0.0,4.0,0.0,0.0
34201,2023.0,8.0,26.0,12.0,21.096888,22.444563,20.0862,21.020197,21.165237,22.520462,21.228624,22.940672,19.28094,19.148697,18.998598,18.894123,20.994678,21.307747,21.298405,22.596058,18.911852,18.82489,4.0,0.0,4.0,0.0,0.0,0.0,0.0,0.0
34202,2023.0,8.0,26.0,12.0,20.992098,22.09203,19.996449,20.746618,20.982698,21.99623,21.002316,22.286373,19.26029,19.15755,19.002804,18.897123,21.018318,21.336756,20.993134,21.899712,18.88319,18.795092,4.0,4.0,0.0,0.0,0.0,0.0,0.0,0.0
34203,2023.0,8.0,26.0,12.0,21.04066,22.118404,20.03226,20.773647,21.04506,22.051453,21.020304,22.159575,19.234915,19.133972,19.00803,18.901382,21.015072,21.311043,21.03143,21.885218,19.815557,20.58387,0.0,0.0,4.0,0.0,0.0,0.0,0.0,4.0
34204,2023.0,8.0,26.0,12.0,21.030653,22.030777,19.371048,19.456503,21.032446,21.960108,21.016657,22.06086,19.207848,19.107481,19.387383,19.608658,21.014816,21.293888,21.023075,21.802902,20.016247,20.693615,0.0,0.0,4.0,0.0,4.0,0.0,0.0,0.0
34205,2023.0,8.0,26.0,12.0,21.003416,21.907862,19.004404,18.984154,21.033106,21.91257,21.04177,22.068075,19.18513,19.084797,20.07225,20.717682,21.011175,21.27922,21.02343,21.755774,19.323551,19.275578,0.0,0.0,0.0,0.0,0.0,0.0,0.0,0.0
34206,2023.0,8.0,26.0,13.0,21.007853,21.887882,18.903349,18.889515,21.026518,21.87245,21.033552,22.000683,19.166489,19.065912,19.871052,20.19041,21.011147,21.271246,21.021626,21.713829,19.051826,18.94644,0.0,0.0,0.0,0.0,4.0,0.0,0.0,0.0
34207,2023.0,8.0,26.0,13.0,21.007349,21.867235,18.837282,18.825033,21.000294,21.779196,21.034605,21.962482,19.152187,19.051598,20.028057,20.45953,21.010702,21.26228,21.02147,21.682178,19.009325,18.917927,0.0,4.0,0.0,0.0,4.0,0.0,0.0,0.0
34208,2023.0,8.0,26.0,13.0,21.061499,21.984894,18.77773,18.76426,21.022707,21.803047,21.064165,21.994514,19.141743,19.041573,20.03782,20.433315,21.023697,21.278782,21.049368,21.707897,18.981419,18.890852,0.0,4.0,0.0,0.0,0.0,0.0,0.0,0.0
34209,2023.0,8.0,26.0,13.0,20.996807,21.809406,18.733892,18.726065,21.008564,21.761705,21.025578,21.900036,19.875374,20.436092,19.944054,20.180101,21.009129,21.241564,21.018318,21.62396,19.909588,20.672663,0.0,4.0,0.0,4.0,4.0,0.0,0.0,4.0
34210,2023.0,8.0,26.0,13.0,21.035917,21.897242,18.68954,18.679722,21.036808,21.827866,21.002905,21.82021,20.000639,20.459763,20.031054,20.34995,21.01008,21.235947,21.021324,21.610992,19.9955,20.577682,0.0,0.0,4.0,0.0,0.0,0.0,0.0,0.0
34211,2023.0,8.0,26.0,13.0,21.026974,21.86356,18.655485,18.648113,21.029287,21.796984,21.013575,21.826376,19.49594,19.418304,19.98858,20.20835,21.010191,21.229235,21.020607,21.592978,19.377125,19.316153,0.0,0.0,4.0,0.0,4.0,0.0,0.0,0.0
34212,2023.0,8.0,26.0,14.0,21.02716,21.850739,19.089361,19.491407,21.029858,21.78329,21.037678,21.884068,19.291588,19.170935,20.019613,20.27511,21.01011,21.223436,21.020372,21.578474,19.13644,19.03232,4.0,0.0,0.0,0.0,0.0,0.0,0.0,0.0
34213,2023.0,8.0,26.0,14.0,20.332235,20.50381,20.1125,21.173054,20.808203,21.31526,20.731005,21.248976,19.249334,19.127472,19.659441,19.557957,20.707787,20.63413,20.403954,20.374401,19.080109,18.976192,4.0,4.0,4.0,0.0,0.0,0.0,0.0,0.0
34214,2023.0,8.0,26.0,14.0,20.736107,21.51547,20.016191,20.871155,20.16046,20.185944,20.04426,20.073183,19.23966,19.135237,19.888027,20.104399,20.56762,20.458572,20.112253,20.017296,19.055119,18.962858,0.0,0.0,0.0,0.0,4.0,0.0,0.0,0.0
34215,2023.0,8.0,26.0,14.0,20.207134,20.374504,19.64956,20.056274,19.829544,19.776752,20.338482,20.847698,19.226833,19.125067,20.011805,20.250013,20.518755,20.407715,20.006401,19.906584,19.029593,18.939043,4.0,0.0,4.0,0.0,0.0,0.0,0.0,0.0
34216,2023.0,8.0,26.0,14.0,19.878492,19.979177,20.07298,20.87404,20.315845,20.804838,19.8965,19.939184,19.210436,19.109816,19.708231,19.64475,21.237347,21.806963,19.929996,19.830475,19.00477,18.915411,4.0,4.0,0.0,0.0,0.0,4.0,0.0,0.0
34217,2023.0,8.0,26.0,14.0,20.433987,21.121319,20.019857,20.728346,20.47784,20.988977,19.583797,19.549019,19.194433,19.094957,19.538641,19.421013,20.728134,20.64202,19.866945,19.768444,18.981504,18.89328,0.0,4.0,0.0,0.0,0.0,0.0,0.0,0.0
34218,2023.0,8.0,26.0,15.0,20.592398,21.262552,19.396114,19.48801,19.936829,19.972132,19.459846,19.417784,19.179604,19.08175,19.489923,19.371906,20.466238,20.303429,19.813011,19.715908,18.959526,18.872597,0.0,0.0,0.0,0.0,0.0,0.0,0.0,0.0
34219,2023.0,8.0,26.0,15.0,20.031664,20.192991,19.131311,19.114418,20.329388,20.823635,19.415838,19.401125,19.877504,20.411125,19.461233,19.344696,20.412539,20.247787,19.77338,19.67811,18.94105,18.855589,0.0,4.0,0.0,4.0,0.0,0.0,0.0,0.0
34220,2023.0,8.0,26.0,15.0,19.815641,19.908066,19.47405,19.839533,20.428652,20.946306,20.025415,20.59766,20.019178,20.549082,19.43419,19.320381,21.167904,21.722624,20.732779,21.528028,18.922697,18.83913,4.0,4.0,4.0,0.0,0.0,4.0,4.0,0.0
34221,2023.0,8.0,26.0,15.0,20.38169,21.061295,20.07489,20.853624,19.900839,19.948492,20.190645,20.72643,19.492815,19.453941,19.404562,19.293125,20.700394,20.628157,20.14017,20.111614,18.903517,18.821918,0.0,0.0,4.0,0.0,0.0,0.0,0.0,0.0
34222,2023.0,8.0,26.0,15.0,20.554829,21.225077,19.455284,19.591162,20.241396,20.754301,19.63917,19.684208,19.936726,20.430166,19.377443,19.269005,20.432312,20.2767,19.796415,19.680138,18.885391,18.805714,0.0,4.0,0.0,4.0,0.0,0.0,0.0,0.0
34223,2023.0,8.0,26.0,15.0,20.588446,21.262997,19.636217,20.046783,20.343899,20.864122,19.420738,19.38333,20.015493,20.48588,19.355925,19.250027,20.375925,20.217829,19.72081,19.60012,18.869781,18.792017,4.0,4.0,0.0,0.0,0.0,0.0,0.0,0.0
34224,2023.0,8.0,26.0,16.0,20.028215,20.18761,20.065413,20.769732,19.816744,19.853672,19.972792,20.505669,19.510044,19.453264,19.33245,19.23016,20.383854,20.280115,19.666906,19.550907,18.853054,18.778032,0.0,0.0,4.0,0.0,0.0,0.0,0.0,0.0
34225,2023.0,8.0,26.0,16.0,19.752842,19.85021,19.441738,19.518927,20.173399,20.682444,20.137808,20.660423,19.287405,19.177698,19.672455,19.893446,20.366137,20.268518,19.644495,19.556559,18.833813,18.759233,0.0,4.0,4.0,0.0,4.0,0.0,0.0,0.0
34226,2023.0,8.0,26.0,16.0,20.329998,20.998112,19.168234,19.125643,20.271479,20.778095,19.604979,19.641068,19.253872,19.163534,20.042889,20.510115,20.336334,20.239363,19.613846,19.529463,19.716558,20.445372,0.0,4.0,0.0,0.0,0.0,0.0,0.0,4.0
34227,2023.0,8.0,26.0,16.0,20.502785,21.155497,19.070356,19.047756,20.289238,20.780664,19.315002,19.263193,19.216084,19.129498,19.604147,19.602581,21.05431,21.634987,19.574432,19.491234,20.048195,20.780334,0.0,4.0,0.0,0.0,0.0,4.0,0.0,4.0
34228,2023.0,8.0,26.0,16.0,19.931194,20.056702,19.452482,19.817894,20.303438,20.783916,19.22184,19.149403,19.17858,19.092573,19.404305,19.308722,21.180721,21.738232,19.538298,19.455763,20.021807,20.697468,4.0,4.0,0.0,0.0,0.0,4.0,0.0,0.0
34229,2023.0,8.0,26.0,16.0,19.658003,19.718155,20.080305,20.863276,19.76566,19.762701,19.199123,19.168932,19.85541,20.41,19.330154,19.231314,20.494137,20.39024,19.499208,19.418514,19.363121,19.375223,0.0,0.0,0.0,4.0,0.0,0.0,0.0,0.0
34230,2023.0,8.0,26.0,17.0,20.231445,20.869345,19.456583,19.579706,20.093868,20.545248,19.842043,20.412273,20.019117,20.539188,19.269547,19.171783,20.221527,20.040907,19.45881,19.379513,19.020313,18.918322,0.0,4.0,4.0,0.0,0.0,0.0,0.0,0.0
34231,2023.0,8.0,26.0,17.0,19.816545,19.922459,19.52916,19.90416,20.241867,20.69947,19.420807,19.422337,19.414421,19.331917,19.217012,19.122814,20.141542,19.957838,19.420448,19.344276,18.898767,18.784687,4.0,4.0,0.0,0.0,0.0,0.0,0.0,0.0
34232,2023.0,8.0,26.0,17.0,20.289286,20.912334,20.082495,20.852318,19.709553,19.68615,19.192839,19.09592,19.202965,19.06091,19.173069,19.082,20.816677,21.286062,19.387638,19.314964,18.878048,18.805302,0.0,0.0,0.0,0.0,0.0,4.0,0.0,0.0
34233,2023.0,8.0,26.0,17.0,19.844273,19.932596,19.719442,20.04069,19.417156,19.303326,19.745241,20.208727,19.168516,19.085495,19.127718,19.041763,20.387062,20.304832,19.352016,19.282763,18.841,18.776388,4.0,0.0,4.0,0.0,0.0,0.0,0.0,0.0
34234,2023.0,8.0,26.0,17.0,19.638746,19.660912,20.057747,20.670042,19.325066,19.196152,19.316511,19.302616,19.84921,20.41498,19.088978,19.006489,20.173029,19.993177,19.31998,19.253891,18.801628,18.740492,4.0,0.0,0.0,4.0,0.0,0.0,0.0,0.0
34235,2023.0,8.0,26.0,17.0,20.232767,20.857244,20.003761,20.53806,19.902674,20.33828,19.047401,18.944017,20.021046,20.56023,19.047604,18.969027,20.075039,19.890125,19.285742,19.222555,18.75848,18.7004,4.0,4.0,0.0,0.0,0.0,0.0,0.0,0.0
34236,2023.0,8.0,26.0,18.0,20.391367,20.985636,20.028946,20.583508,20.092882,20.533623,19.6096,20.054071,20.061338,20.559092,19.008583,18.934052,20.098608,20.005947,19.253454,19.193241,19.614252,20.35624,0.0,4.0,4.0,4.0,0.0,0.0,0.0,4.0
34237,2023.0,8.0,26.0,18.0,21.11486,22.252014,19.44353,19.440142,21.157404,22.38955,21.173517,22.640396,20.018959,20.485495,18.973063,18.903496,21.130709,21.841827,21.308073,22.800556,20.053638,20.910791,0.0,0.0,4.0,0.0,0.0,0.0,0.0,0.0
34238,2023.0,8.0,26.0,18.0,20.992905,21.890703,19.071817,18.944614,21.018745,21.979708,20.998848,22.116774,19.466309,19.404085,18.939318,18.873732,21.007648,21.56381,21.003056,22.078867,19.229448,19.217894,0.0,0.0,4.0,0.0,0.0,0.0,0.0,0.0
34239,2023.0,8.0,26.0,18.0,21.009998,21.863813,19.024872,18.965622,21.036152,21.924498,21.020435,22.044344,19.865355,20.348652,18.907156,18.845247,21.01868,21.539995,20.99259,21.911097,19.754566,20.452291,0.0,0.0,4.0,4.0,0.0,0.0,4.0,4.0
34240,2023.0,8.0,26.0,18.0,21.019846,21.836977,18.983559,18.93565,21.017664,21.802778,21.04223,21.998156,20.047255,20.557058,18.874577,18.814243,21.037785,21.542349,21.077934,22.02764,20.06357,20.836687,0.0,4.0,4.0,0.0,0.0,0.0,0.0,0.0
34241,2023.0,8.0,26.0,18.0,21.005484,21.783615,19.375547,19.720032,21.038052,21.83357,21.01316,21.891472,19.455614,19.383596,18.847301,18.79227,21.014503,21.476269,21.026644,21.85379,19.285295,19.245777,4.0,0.0,4.0,0.0,0.0,0.0,0.0,0.0
34242,2023.0,8.0,26.0,19.0,21.006788,21.76451,20.09024,20.905268,21.03188,21.78495,21.041592,21.92646,19.86902,20.369413,18.818163,18.76582,21.253008,21.893774,20.9945,21.714087,18.923971,18.808088,0.0,0.0,0.0,4.0,0.0,4.0,4.0,0.0
34243,2023.0,8.0,26.0,19.0,21.00661,21.745485,19.80493,20.23086,21.032356,21.755724,21.03545,21.87505,20.036318,20.507538,18.78766,18.736803,20.992601,21.375998,21.040512,21.808754,19.718437,20.411055,4.0,0.0,0.0,4.0,0.0,0.0,0.0,4.0
34244,2023.0,8.0,26.0,19.0,21.035337,21.805882,20.058916,20.713722,20.997746,21.657429,21.008461,21.768885,20.023836,20.494625,18.754068,18.702612,21.026087,21.437712,21.030975,21.76374,20.042627,20.780216,4.0,4.0,4.0,0.0,0.0,0.0,0.0,0.0
34245,2023.0,8.0,26.0,19.0,21.000357,21.695816,20.006233,20.562105,21.012667,21.668365,21.040873,21.83188,20.057365,20.503517,18.721594,18.671503,21.104193,21.55369,21.032343,21.743826,19.24307,19.171038,4.0,4.0,0.0,4.0,0.0,4.0,0.0,0.0
34246,2023.0,8.0,26.0,19.0,21.01293,21.708273,20.026022,20.563328,21.023418,21.674849,21.028915,21.753971,20.046555,20.498198,18.687012,18.636082,21.044231,21.443844,21.065939,21.789,18.866959,18.719124,4.0,4.0,4.0,0.0,0.0,0.0,0.0,0.0
34247,2023.0,8.0,26.0,19.0,21.013355,21.69672,20.054758,20.609377,21.065926,21.771503,21.071743,21.858171,20.066216,20.48925,18.654469,18.604156,21.045527,21.45538,21.053457,21.752665,18.849422,18.799427,0.0,0.0,0.0,4.0,0.0,0.0,0.0,0.0
34248,2023.0,8.0,26.0,20.0,21.005074,21.674461,19.717667,19.90496,21.02604,21.671263,21.028522,21.75117,20.020292,20.431744,18.61777,18.561977,21.020597,21.40625,21.022947,21.698902,18.800179,18.753206,4.0,0.0,0.0,0.0,0.0,0.0,0.0,0.0
34249,2023.0,8.0,26.0,20.0,21.03499,21.7464,20.084522,20.666697,21.032396,21.66898,21.009405,21.678596,20.053324,20.4579,18.578657,18.51832,21.283945,21.900993,21.026745,21.70626,18.740757,18.695183,0.0,0.0,4.0,4.0,0.0,4.0,0.0,0.0
34250,2023.0,8.0,26.0,20.0,21.028698,21.717716,19.73607,19.931635,21.02358,21.654661,21.014793,21.683168,20.052565,20.449745,18.544724,18.48382,20.992176,21.334074,21.026962,21.705145,19.570417,20.310007,4.0,0.0,4.0,4.0,0.0,0.0,0.0,4.0
34251,2023.0,8.0,26.0,20.0,21.028275,21.702576,20.088144,20.663168,21.024649,21.656479,21.014297,21.677269,20.043709,20.43341,18.88782,19.157026,21.028843,21.413382,21.02664,21.702898,20.069626,20.945854,0.0,0.0,4.0,4.0,4.0,0.0,0.0,0.0
34252,2023.0,8.0,26.0,20.0,21.028877,21.690447,19.384165,19.268917,20.99864,21.582848,21.014389,21.671791,20.033804,20.416956,20.170704,21.28817,21.024466,21.406708,21.02695,21.701242,19.130238,19.029554,0.0,4.0,4.0,4.0,0.0,0.0,0.0,0.0
34253,2023.0,8.0,26.0,20.0,21.020746,21.679829,19.120464,19.02439,21.039156,21.66981,21.0144,21.665403,20.027056,20.438507,19.267467,19.372107,21.01731,21.408203,21.026875,21.698544,18.709307,18.537256,0.0,0.0,4.0,0.0,0.0,0.0,0.0,0.0
34254,2023.0,8.0,26.0,21.0,21.066755,21.742575,19.49749,19.792744,21.031927,21.64025,21.014563,21.659271,20.02231,20.391287,18.788313,18.728003,21.244442,21.829517,21.026749,21.695673,19.510658,20.156342,4.0,0.0,4.0,4.0,0.0,4.0,0.0,4.0
34255,2023.0,8.0,26.0,21.0,21.024221,21.67284,20.083277,20.765612,21.005478,21.553999,21.041323,21.72511,20.00372,20.360872,18.669937,18.590185,21.083656,21.441578,21.027206,21.69357,20.079454,20.94202,0.0,4.0,0.0,4.0,0.0,4.0,0.0,0.0
34256,2023.0,8.0,26.0,21.0,21.002888,21.599077,19.841898,20.211565,21.012354,21.561525,21.035181,21.699156,20.000431,20.3597,18.599985,18.518986,21.027094,21.382135,21.201674,21.984957,19.123716,18.99965,4.0,4.0,0.0,4.0,0.0,4.0,4.0,0.0
34257,2023.0,8.0,26.0,21.0,21.035273,21.681438,20.049875,20.607725,21.038424,21.62966,21.035921,21.686537,20.032478,20.447474,18.90304,19.13631,21.028944,21.419586,21.010378,21.622952,19.539097,20.090199,4.0,0.0,0.0,0.0,4.0,0.0,0.0,4.0
34258,2023.0,8.0,26.0,21.0,21.02966,21.66045,20.028316,20.537897,21.006952,21.536102,21.035954,21.673733,19.353458,19.133211,20.152332,21.210537,20.999996,21.339533,21.037714,21.671457,20.037498,20.767885,0.0,4.0,0.0,0.0,4.0,4.0,0.0,4.0
34259,2023.0,8.0,26.0,21.0,21.029966,21.652145,19.290771,19.087091,21.039377,21.616228,21.025303,21.661703,19.707155,20.06892,20.007713,20.784098,21.032621,21.427092,21.034252,21.655575,19.997282,20.626657,0.0,0.0,0.0,4.0,4.0,0.0,0.0,4.0
34260,2023.0,8.0,26.0,22.0,21.019873,21.643538,18.833904,18.46818,21.032452,21.59242,21.026533,21.667912,20.053797,20.566965,20.040281,20.761232,21.026323,21.408136,21.034292,21.647184,20.040443,20.697401,0.0,0.0,0.0,0.0,0.0,0.0,0.0,0.0
34261,2023.0,8.0,26.0,22.0,21.02155,21.65337,18.88182,18.704498,21.034075,21.58558,21.026468,21.669361,19.878317,20.148527,19.132332,18.941906,21.027658,21.404396,21.025768,21.640717,19.172113,18.983454,0.0,0.0,0.0,4.0,0.0,0.0,0.0,0.0
34262,2023.0,8.0,26.0,22.0,21.021748,21.657244,18.902744,18.77146,21.022774,21.576546,21.026794,21.67067,20.058908,20.54092,18.946112,18.919441,21.02749,21.398958,21.026985,21.649155,19.558632,20.030848,0.0,0.0,0.0,0.0,4.0,0.0,0.0,4.0
34263,2023.0,8.0,26.0,22.0,21.021612,21.659342,19.292772,19.544487,21.02438,21.587301,21.026686,21.67031,19.31229,19.074677,20.19499,21.045713,21.017925,21.395254,21.216349,21.976645,20.498806,21.631004,4.0,0.0,0.0,0.0,4.0,0.0,4.0,4.0
34264,2023.0,8.0,26.0,22.0,21.021278,21.660677,20.101824,20.897594,20.998028,21.519012,21.026543,21.668581,19.573853,19.857965,20.019598,20.671463,21.019213,21.407757,21.008299,21.58331,20.032688,20.661478,0.0,4.0,0.0,4.0,0.0,0.0,0.0,0.0
34265,2023.0,8.0,26.0,22.0,21.021389,21.662134,19.413752,19.460102,21.02992,21.612238,21.026463,21.666758,20.070135,20.633356,19.345825,19.335684,21.019287,21.414715,21.038614,21.641611,19.164036,18.952322,0.0,0.0,0.0,0.0,0.0,0.0,0.0,0.0
34266,2023.0,8.0,26.0,23.0,21.021805,21.66298,19.01351,18.910028,21.035223,21.601646,21.02658,21.665646,19.261759,19.020552,18.962605,18.858223,21.01948,21.420008,21.034693,21.628344,18.753069,18.492443,0.0,0.0,0.0,0.0,0.0,0.0,0.0,0.0
34267,2023.0,8.0,26.0,23.0,20.45849,20.580278,19.32981,19.579206,20.70303,20.91876,20.347324,20.360058,19.052584,18.944803,19.11789,19.258802,20.503557,20.430786,20.133062,19.890224,18.615204,18.362307,4.0,4.0,0.0,0.0,4.0,0.0,0.0,0.0
34268,2023.0,8.0,26.0,23.0,20.202557,20.230507,19.0681,19.035366,19.986727,19.648546,20.016573,19.895369,19.004915,18.900568,18.866362,18.76971,20.308302,20.183361,19.985956,19.863842,18.684835,18.592762,0.0,0.0,0.0,0.0,0.0,0.0,0.0,0.0
34269,2023.0,8.0,26.0,23.0,20.082521,20.102783,18.65215,18.29094,19.702053,19.289467,19.86602,19.73222,18.93774,18.831408,18.725065,18.60883,20.21316,20.086143,19.886967,19.777386,18.652462,18.560614,0.0,0.0,0.0,0.0,0.0,0.0,0.0,0.0
34270,2023.0,8.0,26.0,23.0,19.993402,20.015034,18.516232,18.14001,20.161724,20.281075,19.757156,19.625011,18.878725,18.772867,18.653952,18.538908,20.13337,20.006838,19.778465,19.670399,18.600702,18.5088,0.0,4.0,0.0,0.0,0.0,0.0,0.0,0.0
34271,2023.0,8.0,26.0,23.0,19.916693,19.939182,18.631355,18.447311,19.67508,19.34297,19.664074,19.533258,18.823444,18.71778,18.58775,18.472996,20.062634,19.93612,19.681849,19.57431,18.55161,18.459736,0.0,0.0,0.0,0.0,0.0,0.0,0.0,0.0
34272,2023.0,8.0,27.0,0.0,19.843473,19.861456,18.665775,18.527622,19.43799,19.029184,19.574995,19.43843,18.768686,18.659838,18.52333,18.404057,19.99516,19.86473,19.59041,19.47866,18.502485,18.407963,0.0,0.0,0.0,0.0,0.0,0.0,0.0,0.0
34273,2023.0,8.0,27.0,0.0,19.781523,19.799595,18.637197,18.49877,19.55434,19.371979,19.501637,19.366705,18.719572,18.609863,18.467604,18.347818,19.93644,19.805162,19.511066,19.399042,18.457603,18.362003,0.0,0.0,0.0,0.0,0.0,0.0,0.0,0.0
34274,2023.0,8.0,27.0,0.0,19.724731,19.743103,19.06543,19.328798,19.540956,19.39105,19.434238,19.300537,19.265966,19.677876,18.716658,18.858889,19.88229,19.750479,19.438549,19.326752,18.415026,18.318697,4.0,0.0,0.0,4.0,4.0,0.0,0.0,0.0
34275,2023.0,8.0,27.0,0.0,19.669195,19.684694,18.782457,18.719654,19.491405,19.343735,19.368504,19.23232,19.483343,19.964365,18.472532,18.35253,19.829443,19.694824,19.36865,19.25435,18.37249,18.273743,0.0,0.0,0.0,4.0,0.0,0.0,0.0,0.0
34276,2023.0,8.0,27.0,0.0,19.619888,19.634611,18.640522,18.507328,19.439886,19.292627,19.310076,19.174051,18.740366,18.479902,18.371696,18.246569,19.781458,19.645899,19.305552,19.191011,19.061287,19.60438,0.0,0.0,0.0,0.0,0.0,0.0,0.0,4.0
34277,2023.0,8.0,27.0,0.0,19.571741,19.583588,18.58066,18.433945,19.38785,19.238708,19.253288,19.115011,19.08358,19.295673,18.614094,18.743893,19.734297,19.596169,19.244284,19.127504,18.558674,18.500257,0.0,0.0,0.0,4.0,4.0,0.0,0.0,0.0
34278,2023.0,8.0,27.0,1.0,19.526348,19.535753,18.538572,18.388319,19.338272,19.187424,19.200388,19.060095,18.598251,18.295153,18.712185,18.877848,19.689438,19.549013,19.186586,19.067911,18.225882,17.961184,0.0,0.0,0.0,0.0,4.0,0.0,0.0,0.0
34279,2023.0,8.0,27.0,1.0,19.484154,19.492184,18.50328,18.351246,19.292036,19.140633,19.151632,19.01046,19.00911,19.223675,18.195631,17.869688,19.64726,19.505495,19.132421,19.012615,18.104582,17.826124,0.0,0.0,0.0,4.0,0.0,0.0,0.0,0.0
34280,2023.0,8.0,27.0,1.0,19.442472,19.447529,18.469091,18.31355,19.245829,19.091516,19.103136,18.958702,19.127907,19.342657,17.987518,17.626244,19.605707,19.461266,19.079647,18.957256,18.198162,18.08994,0.0,0.0,0.0,4.0,0.0,0.0,0.0,0.0
34281,2023.0,8.0,27.0,1.0,19.424019,19.447157,18.441658,18.288006,19.207472,19.056164,19.062813,18.921515,18.574411,18.282331,18.115398,17.973652,19.569384,19.425875,19.033169,18.912111,18.18211,18.074173,0.0,0.0,0.0,0.0,0.0,0.0,0.0,0.0
34282,2023.0,8.0,27.0,1.0,19.392073,19.414394,18.410246,18.253664,19.16516,19.011087,19.01828,18.874128,18.356668,18.021753,18.114372,17.97803,19.531176,19.38516,18.985191,18.861738,18.148458,18.039087,0.0,0.0,0.0,0.0,0.0,0.0,0.0,0.0
34283,2023.0,8.0,27.0,1.0,19.359932,19.382027,18.383326,18.227448,19.1284,18.97561,18.979706,18.836948,18.475334,18.360374,18.075975,17.939882,19.496628,19.350468,18.941553,18.818195,18.115284,18.00571,0.0,0.0,0.0,0.0,0.0,0.0,0.0,0.0
34284,2023.0,8.0,27.0,2.0,19.326777,19.347485,18.354792,18.197157,19.090384,18.9362,18.939959,18.795773,18.444473,18.316975,18.036772,17.898867,19.462059,19.314478,18.898397,18.773865,18.081322,17.970514,0.0,0.0,0.0,0.0,0.0,0.0,0.0,0.0
34285,2023.0,8.0,27.0,2.0,19.293653,19.312391,18.3274,18.168447,19.054213,18.89932,18.902363,18.757555,18.399048,18.270346,18.319437,18.462309,19.428295,19.279064,18.85661,18.730825,18.047846,17.935608,0.0,0.0,0.0,0.0,4.0,0.0,0.0,0.0
34286,2023.0,8.0,27.0,2.0,19.26163,19.279243,18.300465,18.140238,19.019058,18.863749,18.86601,18.720837,18.356339,18.227148,18.083904,17.960186,19.395748,19.245443,18.816565,18.690247,18.751455,19.28881,0.0,0.0,0.0,0.0,0.0,0.0,0.0,4.0
34287,2023.0,8.0,27.0,2.0,19.228378,19.24322,18.272396,18.109205,18.982765,18.825167,18.828836,18.681252,18.895323,19.275509,17.978964,17.835697,19.362581,19.209923,18.776094,18.647839,18.248434,18.179588,0.0,0.0,0.0,4.0,0.0,0.0,0.0,0.0
34288,2023.0,8.0,27.0,2.0,19.19594,19.20821,18.244852,18.079021,18.947487,18.787933,18.792978,18.643276,18.50467,18.422543,17.935995,17.791504,19.33037,19.175705,19.698616,20.418097,17.916435,17.633999,0.0,0.0,0.0,0.0,0.0,0.0,4.0,0.0
34289,2023.0,8.0,27.0,2.0,19.163776,19.17307,18.217129,18.048393,18.912573,18.750616,18.75731,18.6052,18.691315,18.83837,17.893559,17.746792,19.298445,19.14153,18.862585,18.612814,17.792212,17.490637,0.0,0.0,0.0,4.0,0.0,0.0,0.0,0.0
34290,2023.0,8.0,27.0,3.0,19.130997,19.13626,18.188553,18.015976,18.877237,18.711699,18.72082,18.56529,18.193169,17.841568,18.152653,18.263863,19.266129,19.106106,18.570654,18.236452,17.884386,17.748951,0.0,0.0,0.0,0.0,4.0,0.0,0.0,0.0
34291,2023.0,8.0,27.0,3.0,19.100065,19.102865,18.162756,17.98803,18.843775,18.676355,18.68625,18.52895,18.015976,17.658066,17.922565,17.772501,19.235636,19.073954,18.472433,18.13422,17.884956,17.760988,0.0,0.0,0.0,0.0,0.0,0.0,0.0,0.0
34292,2023.0,8.0,27.0,3.0,19.069159,19.069496,18.137068,17.960663,18.81058,18.641247,18.6523,18.493048,18.159002,18.030014,17.832047,17.67695,19.205683,19.042301,18.58819,18.44523,17.855965,17.731108,0.0,0.0,0.0,0.0,0.0,0.0,0.0,0.0
34293,2023.0,8.0,27.0,3.0,19.03838,19.036491,18.111015,17.932613,18.777235,18.605602,18.618416,18.456776,18.137474,17.9933,17.78906,17.632015,19.176035,19.010899,18.579355,18.440098,17.824781,17.698412,0.0,0.0,0.0,0.0,0.0,0.0,0.0,0.0
34294,2023.0,8.0,27.0,3.0,19.008373,19.004793,18.085785,17.906292,18.745337,18.57251,18.586025,18.423157,18.099691,17.954435,17.748434,17.590286,19.147179,18.980833,18.54638,18.406157,17.79359,17.6662,0.0,0.0,0.0,0.0,0.0,0.0,0.0,0.0
34295,2023.0,8.0,27.0,3.0,18.98063,18.977402,18.062767,17.884386,18.716549,18.545252,18.55679,18.395481,18.065065,17.921064,17.713099,17.55663,19.120268,18.954437,18.5133,18.373953,18.49057,19.004534,0.0,0.0,0.0,0.0,0.0,0.0,0.0,4.0
34296,2023.0,8.0,27.0,4.0,18.950573,18.945267,18.037437,17.857798,18.68508,18.512268,18.524979,18.36209,18.028149,17.882906,17.970486,18.068384,19.09165,18.924433,18.477629,18.33719,17.998482,17.916529,0.0,0.0,0.0,0.0,4.0,0.0,0.0,0.0
34297,2023.0,8.0,27.0,4.0,18.920807,18.913544,18.012241,17.83131,18.653896,18.479582,18.493746,18.329174,17.99192,17.84555,17.755901,17.606089,19.063353,18.894974,18.442139,18.300734,18.364231,18.679396,0.0,0.0,0.0,0.0,0.0,0.0,0.0,4.0
34298,2023.0,8.0,27.0,4.0,18.89177,18.883123,17.987782,17.805962,18.623562,18.448324,18.46362,18.297884,17.956858,17.809975,17.659676,17.498615,19.035671,18.866615,18.407387,18.265568,17.767021,17.45813,0.0,0.0,0.0,0.0,0.0,0.0,0.0,0.0
34299,2023.0,8.0,27.0,4.0,18.861174,18.849482,17.96194,17.77788,18.591688,18.413801,18.432024,18.263424,17.920708,17.771742,17.937393,18.055746,19.006813,18.835863,18.371447,18.227821,17.569748,17.23779,0.0,0.0,0.0,0.0,4.0,0.0,0.0,0.0
34300,2023.0,8.0,27.0,4.0,18.832693,18.819975,17.937807,17.7532,18.562037,18.383606,18.402454,18.233213,17.886806,17.737623,17.686146,17.524677,18.9794,18.808002,18.337284,18.193466,17.485485,17.153364,0.0,0.0,0.0,0.0,0.0,0.0,0.0,0.0
34301,2023.0,8.0,27.0,4.0,18.804634,18.791252,17.914139,17.729237,18.532871,18.354273,18.373234,18.203798,17.853682,17.704735,17.883389,17.968414,18.952349,18.780893,18.303734,18.160196,18.310726,18.791086,0.0,0.0,0.0,0.0,4.0,0.0,0.0,4.0
34302,2023.0,8.0,27.0,5.0,18.775557,18.760462,17.889624,17.703543,18.502716,18.322857,18.343048,18.1723,17.819767,17.67001,17.680346,17.537779,18.924414,18.752064,18.269323,18.125095,17.673744,17.391058,0.0,0.0,0.0,0.0,0.0,0.0,0.0,0.0
34303,2023.0,8.0,27.0,5.0,18.748686,18.73405,17.867405,17.682375,18.474974,18.29614,18.315512,18.145617,17.787878,17.63908,17.566639,17.402529,18.898287,18.726873,18.236658,18.093359,18.190504,18.519503,0.0,0.0,0.0,0.0,0.0,0.0,0.0,4.0
34304,2023.0,8.0,27.0,5.0,18.722916,18.709293,17.846365,17.663033,18.448452,18.271246,18.986773,19.430983,17.757338,17.60988,17.523983,17.36215,18.873173,18.703047,18.20507,18.063019,18.377728,18.726881,0.0,0.0,4.0,0.0,0.0,0.0,0.0,4.0
34305,2023.0,8.0,27.0,5.0,18.697487,18.68484,17.825562,17.644028,18.422375,18.246782,18.579811,18.523754,18.301865,18.659317,17.483496,17.323185,18.848612,18.679789,18.174145,18.03335,17.693277,17.391666,0.0,0.0,0.0,4.0,0.0,0.0,0.0,0.0
34306,2023.0,8.0,27.0,5.0,18.672272,18.660332,18.223537,18.411072,18.396404,18.222263,18.106697,17.678392,18.550365,18.994827,17.44661,17.287476,18.8245,18.656862,18.143707,18.00402,18.234755,18.57426,4.0,0.0,0.0,4.0,0.0,0.0,0.0,4.0
34307,2023.0,8.0,27.0,5.0,18.648165,18.637173,17.99676,17.907862,18.371136,18.198847,17.962393,17.521194,17.809507,17.501707,17.41324,17.25596,18.80159,18.635511,19.09892,19.829882,17.664532,17.37524,0.0,0.0,0.0,0.0,0.0,0.0,4.0,0.0
34308,2023.0,8.0,27.0,6.0,18.63275,18.631004,18.258938,18.4416,18.346062,18.175339,18.116737,17.90413,17.558563,17.1966,17.382471,17.2268,18.779573,18.614923,18.256016,18.000084,17.448824,17.124878,4.0,0.0,0.0,0.0,0.0,0.0,0.0,0.0
34309,2023.0,8.0,27.0,6.0,21.257998,23.308653,20.234194,21.843277,21.262283,23.367025,21.268068,23.465944,18.090673,18.278429,17.353956,17.199512,21.280672,22.948406,21.435667,23.562178,17.366756,17.048952,4.0,0.0,4.0,4.0,0.0,0.0,0.0,0.0
34310,2023.0,8.0,27.0,6.0,20.98207,22.454996,20.029354,21.198833,21.006231,22.535908,21.012568,22.649206,20.275951,21.969994,17.327646,17.174854,21.012629,22.282759,21.012295,22.56098,17.470045,17.333267,0.0,0.0,0.0,0.0,0.0,0.0,0.0,0.0
34311,2023.0,8.0,27.0,6.0,21.049934,22.43953,18.713985,18.51114,21.024487,22.35468,21.042803,22.453022,19.140854,19.435072,17.3077,17.157505,21.012318,22.10564,21.012974,22.369978,17.499016,17.374708,0.0,4.0,4.0,4.0,0.0,4.0,4.0,0.0
34312,2023.0,8.0,27.0,6.0,21.026157,22.228575,18.36075,18.252653,21.047714,22.295197,21.063896,22.36336,20.18413,21.48643,17.580172,17.683094,21.011974,22.000118,21.065403,22.367092,17.476648,17.354923,4.0,0.0,0.0,4.0,4.0,4.0,0.0,0.0
34313,2023.0,8.0,27.0,6.0,21.02933,22.141756,20.218052,21.58546,21.05683,22.192041,21.057806,22.242348,20.183413,21.357689,20.365261,22.30938,21.023563,21.921566,21.054476,22.24192,17.45498,17.335264,0.0,0.0,0.0,0.0,0.0,4.0,0.0,0.0
34314,2023.0,8.0,27.0,7.0,21.027739,22.07402,18.81794,18.64702,21.028688,22.030285,21.056774,22.16023,19.333836,19.565351,18.771046,18.978436,21.02051,21.841585,21.05391,22.162066,18.196302,18.752806,0.0,4.0,0.0,4.0,0.0,4.0,0.0,4.0
34315,2023.0,8.0,27.0,7.0,21.05364,22.099058,18.277927,18.08824,21.032515,21.98179,21.015507,22.028591,20.164738,21.22365,17.921072,17.80327,21.049221,21.861504,21.052296,22.099049,20.208181,22.027523,0.0,4.0,4.0,0.0,0.0,0.0,0.0,4.0
34316,2023.0,8.0,27.0,7.0,21.019835,21.97009,18.216867,18.045832,21.05638,22.009691,21.047184,22.092384,19.478086,19.741247,17.762249,17.624674,21.042456,21.795721,21.039076,22.049955,19.99988,21.35234,0.0,0.0,0.0,4.0,0.0,0.0,0.0,4.0
34317,2023.0,8.0,27.0,7.0,21.052101,22.028833,18.139835,17.974234,21.02423,21.890366,21.054298,22.057877,20.144423,21.10789,17.689219,17.553907,21.011219,21.672895,21.039999,22.03034,20.059517,21.3192,0.0,4.0,0.0,0.0,0.0,4.0,0.0,0.0
34318,2023.0,8.0,27.0,7.0,21.017908,21.915684,18.47103,18.658422,21.029295,21.87824,21.052109,22.01763,18.967363,18.745426,17.63945,17.509743,21.015366,21.656488,21.039146,22.0094,18.67055,18.504683,4.0,4.0,0.0,0.0,0.0,4.0,0.0,0.0
34319,2023.0,8.0,27.0,7.0,21.202364,22.291002,20.221476,21.674858,21.198498,22.22048,21.220488,22.35426,18.36178,18.00861,17.600414,17.474699,21.151976,21.928612,21.255808,22.425266,18.018194,17.717844,0.0,0.0,0.0,0.0,0.0,0.0,0.0,0.0
34320,2023.0,8.0,27.0,8.0,21.016077,21.879423,19.386923,19.8144,21.047043,21.8947,21.038876,21.983463,18.378368,18.224178,17.573267,17.452866,21.007477,21.592476,21.037252,21.966825,17.850246,17.557886,4.0,0.0,0.0,0.0,0.0,4.0,0.0,0.0
34321,2023.0,8.0,27.0,8.0,19.949364,19.860212,20.175632,21.370573,20.41058,20.630789,20.057571,20.09731,18.366806,18.242174,17.919027,18.122314,20.050184,19.769506,20.033646,20.022383,17.903051,17.776142,0.0,4.0,0.0,0.0,4.0,0.0,0.0,0.0
34322,2023.0,8.0,27.0,8.0,19.37876,19.160707,19.254597,19.41824,19.530025,19.218704,20.112946,20.558315,18.302107,18.18626,20.272732,22.079979,19.60143,19.23429,19.517962,19.403868,17.903297,17.803799,4.0,0.0,4.0,0.0,4.0,0.0,0.0,0.0
34323,2023.0,8.0,27.0,8.0,19.167917,18.947147,20.186525,21.307156,19.12959,18.74739,20.194502,20.673138,18.24237,18.131493,20.007307,21.292053,19.449753,19.089245,19.314875,19.192602,17.86046,17.768427,0.0,0.0,4.0,0.0,4.0,0.0,0.0,0.0
34324,2023.0,8.0,27.0,8.0,19.23709,19.232328,19.013247,18.911688,18.958292,18.591673,19.923615,20.184296,18.192389,18.086489,20.038599,21.15993,19.528254,19.360132,20.172169,20.938644,18.72875,19.448145,0.0,0.0,4.0,0.0,4.0,0.0,4.0,4.0
34325,2023.0,8.0,27.0,8.0,19.92737,20.58247,18.95964,19.205593,19.614105,19.972984,19.794867,20.053534,18.870768,19.40569,20.047796,21.05596,20.301727,20.853796,20.289839,20.884848,20.183348,21.757694,4.0,4.0,4.0,4.0,0.0,4.0,4.0,0.0
34326,2023.0,8.0,27.0,9.0,19.935701,20.404394,20.151682,21.276724,19.365942,19.364805,19.204275,19.007826,20.155321,21.484238,18.944693,18.834759,19.700315,19.498081,19.39594,19.225916,19.444414,20.042547,0.0,0.0,0.0,0.0,0.0,0.0,0.0,4.0
34327,2023.0,8.0,27.0,9.0,19.897995,20.378735,19.22908,19.372332,19.52331,19.794899,18.847788,18.561693,18.912098,18.868433,18.485214,18.355272,20.072533,20.427517,18.980394,18.734112,20.148909,21.437384,0.0,4.0,0.0,0.0,0.0,4.0,0.0,0.0
34328,2023.0,8.0,27.0,9.0,19.33092,19.322668,19.083776,19.388483,19.095663,18.94554,19.292246,19.52336,18.31943,18.108156,18.39837,18.282642,19.638044,19.451786,18.842539,18.60318,18.889828,18.858826,4.0,0.0,4.0,0.0,0.0,0.0,0.0,0.0
34329,2023.0,8.0,27.0,9.0,19.076895,18.979511,20.15595,21.268843,19.43078,19.684528,18.917936,18.77452,18.321032,18.21126,18.335072,18.222229,20.160122,20.552122,19.766047,20.420141,18.434649,18.22884,0.0,4.0,0.0,0.0,0.0,4.0,4.0,0.0
34330,2023.0,8.0,27.0,9.0,18.968817,18.888376,19.101086,19.103262,19.07639,18.95135,19.280935,19.613556,18.31331,18.223799,18.274103,18.169931,19.723217,19.567692,19.216858,19.116852,18.271399,18.078949,0.0,0.0,4.0,0.0,0.0,0.0,0.0,0.0
34331,2023.0,8.0,27.0,9.0,18.90901,18.84749,19.156742,19.406792,19.495,19.845064,19.434149,19.825363,18.285688,18.201134,18.236504,18.13634,20.25093,20.676159,18.937593,18.7381,18.266487,18.16922,4.0,4.0,4.0,0.0,0.0,4.0,0.0,0.0
34332,2023.0,8.0,27.0,10.0,18.974771,19.045885,20.135662,21.167398,19.053486,18.964321,19.475622,19.879725,18.259832,18.179588,18.2054,18.110796,19.735939,19.603811,18.849586,18.661701,18.227016,18.14622,0.0,0.0,4.0,0.0,0.0,0.0,0.0,0.0
34333,2023.0,8.0,27.0,10.0,18.966448,19.054394,19.163248,19.189072,19.402044,19.781694,19.511267,19.925882,18.2337,18.156294,18.174837,18.084795,20.199501,20.638023,18.782194,18.606598,18.170317,18.094765,0.0,4.0,4.0,0.0,0.0,4.0,0.0,0.0
34334,2023.0,8.0,27.0,10.0,18.931921,19.025093,18.729565,18.54679,19.548157,19.976553,18.953407,18.874172,18.215845,18.139534,18.156775,18.068615,20.40594,20.913534,18.812498,18.721596,18.128796,18.054716,0.0,4.0,0.0,0.0,0.0,4.0,0.0,0.0
34335,2023.0,8.0,27.0,10.0,18.898678,18.997662,19.081182,19.348503,19.590149,20.026392,19.395857,19.824913,18.200886,18.126642,18.142073,18.057034,19.785955,19.68471,18.79881,18.71887,18.093231,18.022469,4.0,4.0,4.0,0.0,0.0,0.0,0.0,0.0
34336,2023.0,8.0,27.0,10.0,19.602016,20.354168,20.141266,21.226057,19.626764,20.072935,19.507666,19.964102,18.18877,18.116371,18.13072,18.048258,19.58715,19.396456,18.774134,18.697828,18.06352,17.99566,0.0,4.0,4.0,0.0,0.0,0.0,0.0,0.0
34337,2023.0,8.0,27.0,10.0,19.860838,20.621447,19.291046,19.468977,19.107788,19.087566,19.53756,20.000393,18.17787,18.107485,18.489477,18.732431,20.247883,20.711971,18.748005,18.674658,18.03388,17.9689,0.0,0.0,4.0,0.0,4.0,4.0,0.0,0.0
34338,2023.0,8.0,27.0,11.0,19.234259,19.386602,19.309383,19.656515,18.874727,18.763556,19.014524,19.012716,18.172775,18.10399,20.186886,21.690289,19.810055,19.768068,18.72823,18.657074,18.013855,17.950768,4.0,0.0,0.0,0.0,0.0,0.0,0.0,0.0
34339,2023.0,8.0,27.0,11.0,19.592869,20.24428,20.113047,21.068304,19.404842,19.845778,19.352095,19.817299,18.166496,18.098112,19.132536,19.375704,19.543554,19.3885,18.706425,18.63622,17.991894,17.929886,0.0,4.0,4.0,0.0,0.0,0.0,0.0,0.0
34340,2023.0,8.0,27.0,11.0,19.174606,19.305508,19.249287,19.325167,19.063942,19.068464,19.534412,20.025463,18.161339,18.092957,18.506868,18.455654,19.482718,19.320711,18.686165,18.616228,17.972237,17.910479,0.0,0.0,4.0,0.0,0.0,0.0,0.0,0.0
34341,2023.0,8.0,27.0,11.0,19.65023,20.307817,18.865295,18.774267,18.84263,18.755592,19.003252,19.015087,18.159266,18.090902,18.409359,18.3321,20.297897,20.896505,18.670967,18.601309,17.959194,17.897655,0.0,0.0,0.0,0.0,0.0,4.0,0.0,0.0
34342,2023.0,8.0,27.0,11.0,19.771503,20.433743,18.781693,18.738209,19.412962,19.895601,19.424772,19.917824,18.157906,18.08981,18.380278,18.301874,19.793318,19.778471,18.656876,18.5877,17.948023,17.887035,0.0,4.0,4.0,0.0,0.0,0.0,0.0,0.0
34343,2023.0,8.0,27.0,11.0,19.821518,20.494547,19.14536,19.497707,19.562044,20.074352,18.98255,19.015394,18.88517,19.461376,18.356401,18.27773,19.583195,19.440306,18.644354,18.575785,18.861452,19.621851,4.0,4.0,0.0,4.0,0.0,0.0,0.0,4.0
34344,2023.0,8.0,27.0,12.0,19.857513,20.526556,20.12875,21.21655,19.044888,19.07423,18.758703,18.702734,20.158442,21.575306,18.337488,18.258183,19.536346,19.389132,18.633497,18.56556,20.168335,21.76105,0.0,0.0,0.0,0.0,0.0,0.0,0.0,0.0
34345,2023.0,8.0,27.0,12.0,21.193407,22.865734,19.305655,19.504532,21.24272,23.086956,21.249577,23.166931,19.053658,19.194185,18.318676,18.239058,21.212326,22.360083,21.355911,23.30353,18.899075,19.04768,0.0,4.0,4.0,0.0,0.0,0.0,0.0,0.0
34346,2023.0,8.0,27.0,12.0,20.994303,22.292404,18.796452,18.805199,21.017693,22.42454,20.993305,22.41588,18.505417,18.427738,18.682503,18.936596,20.985186,21.813623,21.000687,22.434174,19.239098,19.999163,0.0,0.0,4.0,0.0,4.0,4.0,0.0,4.0
34347,2023.0,8.0,27.0,12.0,21.02108,22.24613,18.65444,18.639742,21.046734,22.330494,21.053953,22.405157,18.419315,18.346077,20.161238,21.47247,21.035213,21.837166,21.041311,22.343998,20.381111,21.887623,0.0,0.0,0.0,0.0,0.0,0.0,0.0,4.0
34348,2023.0,8.0,27.0,12.0,21.043701,22.243393,19.005589,19.366564,21.016752,22.147755,21.04313,22.276554,18.388918,18.31571,19.229477,19.449745,21.026049,21.744434,21.034733,22.211325,20.030453,21.08173,4.0,4.0,0.0,0.0,0.0,0.0,0.0,0.0
34349,2023.0,8.0,27.0,12.0,21.010847,22.102997,20.142174,21.304232,21.046522,22.1594,21.043097,22.199114,18.363728,18.290417,18.661028,18.608164,21.025827,21.688538,21.034472,22.124168,19.081501,19.158443,0.0,0.0,0.0,0.0,0.0,0.0,0.0,0.0
34350,2023.0,8.0,27.0,13.0,21.015848,22.076372,19.529917,19.944508,21.014114,22.021414,21.010988,22.069965,19.107798,19.715328,18.535818,18.455448,21.11383,21.793991,21.033096,22.057337,18.600128,18.51859,4.0,4.0,4.0,4.0,0.0,4.0,0.0,0.0
34351,2023.0,8.0,27.0,13.0,21.041729,22.120062,20.126053,21.140734,21.044796,22.066544,21.047243,22.122604,20.123459,21.300331,18.493536,18.410799,21.014547,21.59448,21.032173,22.006958,18.464819,18.379192,0.0,0.0,0.0,0.0,0.0,0.0,0.0,0.0
34352,2023.0,8.0,27.0,13.0,21.035505,22.077896,19.61437,20.02954,21.037975,22.02013,21.01454,22.003998,19.16537,19.276917,18.465736,18.385077,21.051212,21.6139,21.031574,21.968199,19.368736,20.1586,4.0,0.0,4.0,0.0,0.0,4.0,0.0,4.0
34353,2023.0,8.0,27.0,13.0,21.00736,21.977262,20.112053,21.043386,21.01202,21.921059,21.04522,22.062761,18.679861,18.60534,18.848618,19.128057,21.022007,21.567743,21.030693,21.936651,20.046272,21.091373,0.0,4.0,0.0,0.0,4.0,0.0,0.0,4.0
34354,2023.0,8.0,27.0,13.0,21.04025,22.048576,19.310957,19.42311,21.042376,21.985146,21.038366,22.02506,18.584387,18.514866,20.140116,21.32558,21.022802,21.552896,21.030506,21.912,20.775362,22.09114,0.0,0.0,0.0,0.0,0.0,0.0,0.0,4.0
34355,2023.0,8.0,27.0,13.0,21.033236,22.018263,18.891418,18.900646,21.035803,21.953285,21.012625,21.932543,18.543587,18.475962,19.286648,19.485762,21.02225,21.537508,21.029999,21.891489,20.025755,20.823378,0.0,0.0,4.0,0.0,0.0,0.0,0.0,0.0
34356,2023.0,8.0,27.0,14.0,21.033352,22.00315,18.767653,18.764048,21.035694,21.935862,21.042845,22.000772,18.509195,18.444052,18.76663,18.72136,21.01829,21.526093,21.029642,21.875252,19.252874,19.30402,0.0,0.0,0.0,0.0,0.0,0.0,0.0,0.0
34357,2023.0,8.0,27.0,14.0,20.265106,20.51916,18.682844,18.677307,20.222958,20.365868,20.114853,20.202917,18.478666,18.415232,18.64176,18.573818,20.47168,20.467245,20.22247,20.307299,18.855564,18.798483,0.0,0.0,0.0,0.0,0.0,0.0,0.0,0.0
34358,2023.0,8.0,27.0,14.0,19.93239,20.068647,18.623999,18.61473,20.507414,21.083408,20.342813,20.835953,18.454391,18.391407,18.59661,18.5251,20.2605,20.173973,19.863968,19.790485,18.73311,18.660587,0.0,4.0,4.0,0.0,0.0,0.0,0.0,0.0
34359,2023.0,8.0,27.0,14.0,19.789852,19.924572,18.573694,18.56554,19.936142,19.984955,19.820179,19.859646,18.430712,18.369705,18.559586,18.489428,20.178692,20.093853,19.71091,19.633282,19.557358,20.29162,0.0,0.0,0.0,0.0,0.0,0.0,0.0,4.0
34360,2023.0,8.0,27.0,14.0,19.67647,19.80822,18.988367,19.383259,20.25959,20.747293,19.52358,19.458149,18.406609,18.346735,18.907352,19.175282,20.10754,20.022652,19.594782,19.5157,20.036142,20.994799,4.0,4.0,0.0,0.0,4.0,0.0,0.0,4.0
34361,2023.0,8.0,27.0,14.0,19.570353,19.704,20.147984,21.339506,20.342884,20.83907,19.404116,19.377918,19.116655,19.711296,20.139074,21.295933,20.038765,19.957113,19.487875,19.414072,20.858126,22.207468,0.0,4.0,0.0,4.0,0.0,0.0,0.0,4.0
34362,2023.0,8.0,27.0,15.0,19.483187,19.621653,19.27642,19.493103,20.313993,20.8098,19.302711,19.282322,20.117916,21.293287,19.292252,19.485662,19.97741,19.897722,19.394564,19.323118,20.016819,20.750448,0.0,4.0,0.0,0.0,0.0,0.0,0.0,0.0
34363,2023.0,8.0,27.0,15.0,19.40772,19.54463,19.200777,19.599186,20.29358,20.79146,19.209953,19.190445,19.167265,19.291342,18.783787,18.752085,19.924946,19.847847,19.31607,19.247684,19.295048,19.349003,4.0,4.0,0.0,0.0,0.0,0.0,0.0,0.0
34364,2023.0,8.0,27.0,15.0,19.353779,19.489302,20.109503,21.163334,20.282677,20.781738,19.831932,20.41867,18.796116,18.728153,18.671783,18.609262,19.885511,19.80972,19.259212,19.192274,18.982935,18.908146,4.0,4.0,4.0,0.0,0.0,0.0,0.0,0.0
34365,2023.0,8.0,27.0,15.0,20.024942,20.8037,20.020428,20.894707,19.724768,19.754454,19.966574,20.493969,18.685606,18.625616,18.613499,18.551117,19.846245,19.773436,19.20271,19.139513,18.832952,18.759064,0.0,0.0,4.0,0.0,0.0,0.0,0.0,0.0
34366,2023.0,8.0,27.0,15.0,19.62636,19.853867,19.269037,19.379793,20.037027,20.530535,19.412354,19.455774,18.61841,18.560371,18.938326,19.201612,19.810448,19.739922,19.151134,19.090479,18.740486,18.682053,0.0,4.0,0.0,0.0,4.0,0.0,0.0,0.0
34367,2023.0,8.0,27.0,15.0,20.045038,20.737068,18.949833,18.92442,20.134836,20.648916,19.184944,19.142656,18.5745,18.517628,20.136263,21.295156,20.545935,21.162987,19.112007,19.053354,18.676458,18.620636,0.0,4.0,0.0,0.0,0.0,4.0,0.0,0.0
34368,2023.0,8.0,27.0,16.0,19.626474,19.814016,18.837454,18.827396,19.608004,19.654348,19.078897,19.035711,18.532711,18.4787,19.300848,19.498222,20.768976,21.369085,19.072271,19.016336,18.60926,18.557074,0.0,0.0,0.0,0.0,0.0,4.0,0.0,0.0
34369,2023.0,8.0,27.0,16.0,20.082748,20.782856,19.210024,19.58448,19.99566,20.490185,19.719122,20.299353,19.224985,19.813347,18.911644,18.871763,20.144184,20.142874,19.04,18.985165,18.55832,18.506828,4.0,4.0,4.0,4.0,0.0,0.0,0.0,0.0
34370,2023.0,8.0,27.0,16.0,19.574905,19.735603,20.12143,21.162209,19.542946,19.577486,19.260725,19.314566,20.11972,21.280893,18.80186,18.741314,20.655146,21.202105,19.009466,18.956205,18.511599,18.46194,0.0,0.0,0.0,0.0,0.0,4.0,0.0,0.0
34371,2023.0,8.0,27.0,16.0,19.317513,19.430471,19.34982,19.54363,19.883324,20.38069,19.612236,20.135145,19.187853,19.309034,18.727907,18.669441,20.199493,20.201796,18.977724,18.92674,19.360037,20.109411,0.0,4.0,4.0,0.0,0.0,0.0,0.0,4.0
34372,2023.0,8.0,27.0,16.0,19.943876,20.658241,18.98564,18.989304,20.008606,20.528444,19.748734,20.285164,19.512844,20.051748,19.052267,19.321947,19.961235,19.843937,18.950392,18.900452,20.099237,21.281364,0.0,4.0,4.0,4.0,4.0,0.0,0.0,0.0
34373,2023.0,8.0,27.0,16.0,20.118973,20.798117,18.856781,18.85037,19.494766,19.540953,19.239416,19.292358,20.079397,20.963491,20.119947,21.166084,19.866678,19.747963,18.922882,18.875372,19.115599,19.2179,0.0,0.0,0.0,0.0,0.0,0.0,0.0,0.0
34374,2023.0,8.0,27.0,17.0,19.580364,19.755993,19.202045,19.567339,19.213228,19.171831,19.604128,20.125292,19.905107,20.510788,19.341276,19.518675,20.520325,21.044714,19.922346,20.790808,18.6494,18.603367,4.0,0.0,4.0,4.0,0.0,4.0,4.0,0.0
34375,2023.0,8.0,27.0,17.0,19.367575,19.459978,20.120882,21.153889,19.127987,19.071936,19.738474,20.272324,20.0511,20.792206,18.964928,18.922676,20.726233,21.320696,20.162722,21.004007,18.5615,18.517414,0.0,0.0,4.0,0.0,0.0,4.0,4.0,0.0
34376,2023.0,8.0,27.0,17.0,19.27281,19.358559,19.298986,19.4306,19.771065,20.33749,19.22446,19.2723,19.34437,19.396101,18.83207,18.78046,20.120619,20.11824,19.374763,19.41919,18.501392,18.46149,0.0,4.0,0.0,0.0,0.0,0.0,0.0,0.0
34377,2023.0,8.0,27.0,17.0,19.913319,20.607924,18.946566,18.904594,19.33019,19.374458,19.66039,20.185526,19.040123,18.962212,18.763313,18.710102,19.888746,19.773567,19.10557,19.034243,18.454426,18.415358,0.0,0.0,4.0,0.0,0.0,0.0,0.0,0.0
34378,2023.0,8.0,27.0,17.0,20.040703,20.715395,19.314333,19.682278,19.115644,19.060946,19.20617,19.244463,18.944395,18.88824,18.706593,18.655931,19.808006,19.689413,19.018158,18.94344,18.411995,18.3752,4.0,0.0,0.0,0.0,0.0,0.0,0.0,0.0
34379,2023.0,8.0,27.0,17.0,19.482815,19.621319,20.106775,21.058275,19.697744,20.207775,19.651089,20.176205,18.866322,18.814993,18.65495,18.60561,19.74916,19.632881,18.957756,18.885,18.37402,18.339434,0.0,4.0,4.0,0.0,0.0,0.0,0.0,0.0
34380,2023.0,8.0,27.0,18.0,19.943924,20.649141,19.725876,20.189844,19.32582,19.350374,19.243284,19.272572,19.511255,20.10746,18.604273,18.55972,19.744223,19.68124,18.929293,18.884018,18.334631,18.302626,4.0,0.0,0.0,4.0,0.0,0.0,0.0,0.0
34381,2023.0,8.0,27.0,18.0,21.13448,22.631046,20.059954,20.798359,21.208,22.745502,21.235626,22.902708,20.079409,21.021242,18.564049,18.521063,21.183844,22.237144,21.28198,22.970402,18.302439,18.27155,4.0,4.0,0.0,0.0,0.0,0.0,4.0,0.0
34382,2023.0,8.0,27.0,18.0,21.019644,22.261513,20.00406,20.653885,20.985641,22.128202,21.004276,22.250002,19.838024,20.401232,18.51973,18.47825,21.005413,21.824371,21.00923,22.325573,18.267603,18.2376,4.0,4.0,0.0,4.0,0.0,0.0,0.0,0.0
34383,2023.0,8.0,27.0,18.0,21.006187,22.10162,20.012028,20.642235,21.04521,22.147404,21.009853,22.124928,20.038902,20.781557,18.479727,18.44035,21.023973,21.783731,21.04002,22.236044,18.237146,18.208845,4.0,0.0,4.0,4.0,0.0,0.0,0.0,0.0
34384,2023.0,8.0,27.0,18.0,21.032143,22.075043,20.024351,20.642496,21.081821,22.12138,21.046389,22.107409,20.059477,20.79409,18.443192,18.406067,21.052645,21.780857,21.08684,22.210915,18.210562,18.184341,4.0,0.0,4.0,0.0,0.0,0.0,0.0,0.0
34385,2023.0,8.0,27.0,18.0,21.036482,22.057804,20.027775,20.649067,21.005192,21.895569,21.01501,21.993484,19.314058,19.31673,18.411566,18.378685,21.01926,21.680262,21.026608,22.033733,18.187403,18.163986,0.0,4.0,4.0,0.0,0.0,0.0,0.0,0.0
34386,2023.0,8.0,27.0,19.0,21.033327,22.00664,19.388199,19.403011,21.041943,21.949425,21.043945,22.030165,18.934414,18.848984,18.379015,18.34926,21.022676,21.6614,21.033445,22.000484,18.164082,18.142773,0.0,0.0,0.0,0.0,0.0,0.0,0.0,0.0
34387,2023.0,8.0,27.0,19.0,21.003464,21.891582,19.007618,18.905,21.006287,21.823648,21.036066,21.976435,18.793028,18.698421,18.343958,18.314875,21.100039,21.764168,21.031033,21.961573,18.139866,18.119474,0.0,4.0,0.0,0.0,0.0,4.0,0.0,0.0
34388,2023.0,8.0,27.0,19.0,21.011295,21.886604,19.37959,19.71748,21.015621,21.818789,21.012543,21.877195,18.747978,18.704237,18.310667,18.284685,21.020021,21.612879,21.032284,21.937624,19.093372,19.950321,4.0,4.0,4.0,0.0,0.0,0.0,0.0,4.0
34389,2023.0,8.0,27.0,19.0,21.010227,21.868631,20.091835,20.91787,21.013714,21.796854,21.01694,21.865162,18.691212,18.653131,18.275146,18.248941,21.027729,21.613644,21.031494,21.915215,20.090809,21.394804,0.0,4.0,4.0,0.0,0.0,0.0,0.0,4.0
34390,2023.0,8.0,27.0,19.0,21.010612,21.855587,19.41389,19.529726,21.039871,21.853254,21.042145,21.918585,18.63051,18.59594,18.243576,18.21902,21.02695,21.598328,21.031372,21.897913,20.032692,21.145712,0.0,0.0,0.0,0.0,0.0,0.0,0.0,0.0
34391,2023.0,8.0,27.0,19.0,21.037449,21.917652,19.451122,19.808182,21.008455,21.75008,21.036463,21.885983,19.314236,19.93859,18.213556,18.18991,21.131092,21.769867,21.031183,21.88324,18.994225,19.022419,4.0,4.0,0.0,4.0,0.0,4.0,0.0,0.0
34392,2023.0,8.0,27.0,20.0,21.00341,21.810982,20.075953,20.846764,21.04022,21.820147,21.036627,21.866505,20.100058,21.132565,18.180756,18.15227,20.99403,21.49473,21.030909,21.87012,18.507147,18.42068,4.0,0.0,0.0,0.0,0.0,4.0,0.0,0.0
34393,2023.0,8.0,27.0,20.0,21.03755,21.887442,20.024204,20.696308,21.007973,21.718758,21.029533,21.849583,19.13336,19.13008,18.151234,18.120388,21.00304,21.513504,21.031015,21.859182,18.374743,18.282452,0.0,4.0,0.0,0.0,0.0,4.0,0.0,0.0
34394,2023.0,8.0,27.0,20.0,21.031134,21.857887,19.31135,19.282173,21.039883,21.792301,21.004602,21.775133,19.38755,19.905592,18.47266,18.74273,21.001379,21.510075,21.030396,21.847933,18.34747,18.31228,0.0,0.0,4.0,4.0,4.0,4.0,0.0,0.0
34395,2023.0,8.0,27.0,20.0,21.367123,22.493774,18.906395,18.755026,21.227367,22.152458,21.21968,22.210838,20.246334,21.32726,20.231089,21.705194,21.17738,21.878805,21.096054,21.92366,19.257853,20.077784,0.0,0.0,0.0,0.0,0.0,0.0,4.0,4.0
34396,2023.0,8.0,27.0,20.0,21.00865,21.760738,18.857086,18.779497,21.03363,21.744831,21.009605,21.748667,19.175734,19.138575,19.420273,19.883142,20.997572,21.484558,21.030237,21.817041,20.062101,21.205214,0.0,0.0,4.0,0.0,4.0,4.0,0.0,4.0
34397,2023.0,8.0,27.0,20.0,21.009634,21.76028,18.822817,18.762037,21.026285,21.734035,21.04216,21.824528,19.430733,19.919107,20.134151,21.282671,21.033083,21.572866,21.037045,21.81847,20.035854,21.05081,0.0,0.0,0.0,4.0,4.0,0.0,0.0,0.0
34398,2023.0,8.0,27.0,21.0,21.009613,21.756828,19.223158,19.562757,21.000845,21.663101,21.035622,21.797003,20.061945,20.884937,20.008257,20.900593,20.996367,21.470675,21.035812,21.802746,19.758772,20.373472,4.0,4.0,0.0,4.0,4.0,4.0,0.0,4.0
34399,2023.0,8.0,27.0,21.0,21.009418,21.751434,20.116255,21.055769,21.040726,21.751226,21.036203,21.783703,20.000107,20.69278,20.040974,20.88896,21.002436,21.482405,21.03589,21.790789,20.04539,20.915848,0.0,0.0,0.0,4.0,0.0,4.0,0.0,4.0
34400,2023.0,8.0,27.0,21.0,21.009647,21.745358,19.711258,20.121542,21.033371,21.722603,21.001713,21.698326,20.037996,20.743011,19.42529,19.612127,21.002094,21.481607,21.02877,21.779724,19.999146,20.77169,4.0,0.0,4.0,0.0,4.0,4.0,0.0,4.0
34401,2023.0,8.0,27.0,21.0,21.009302,21.738665,20.072817,20.816946,21.008263,21.63941,21.042707,21.789186,19.207329,19.100502,20.12934,20.997387,21.033207,21.561186,21.134537,21.942802,20.041378,20.84388,4.0,4.0,0.0,0.0,4.0,0.0,4.0,0.0
34402,2023.0,8.0,27.0,21.0,21.00911,21.732815,20.00779,20.622488,21.039583,21.716814,21.035303,21.760798,18.787586,18.604837,20.025068,20.753887,20.997145,21.459099,21.023611,21.748123,19.111542,19.012094,4.0,0.0,0.0,0.0,0.0,4.0,0.0,0.0
34403,2023.0,8.0,27.0,21.0,21.037008,21.802639,20.034021,20.644583,21.033476,21.694471,21.010128,21.678059,18.645832,18.462082,19.168238,19.064562,21.03369,21.548878,21.037569,21.769312,18.669085,18.501436,0.0,0.0,4.0,0.0,0.0,0.0,0.0,0.0
34404,2023.0,8.0,27.0,22.0,21.031569,21.778488,19.297495,19.19257,21.034061,21.685326,21.041685,21.757046,18.656553,18.587208,18.821789,18.742031,20.997066,21.446812,21.035633,21.756317,18.517073,18.349722,0.0,0.0,0.0,0.0,0.0,4.0,0.0,0.0
34405,2023.0,8.0,27.0,22.0,21.031647,21.765154,19.287998,19.412579,20.998096,21.602388,21.035324,21.735682,18.622442,18.558277,19.06734,19.300451,21.003323,21.458654,20.993656,21.636442,18.402294,18.23108,4.0,4.0,0.0,0.0,4.0,4.0,4.0,0.0
34406,2023.0,8.0,27.0,22.0,21.004215,21.679031,20.09986,20.82428,21.04118,21.699162,21.027376,21.728733,19.17219,19.648363,20.153221,21.165771,21.033846,21.537916,21.044542,21.766888,19.255554,19.945541,4.0,0.0,0.0,4.0,0.0,0.0,0.0,4.0
34407,2023.0,8.0,27.0,22.0,21.037699,21.763103,20.004734,20.571503,21.033989,21.673035,21.028275,21.733292,20.115305,21.156626,19.264612,19.340357,20.998068,21.437254,21.035467,21.740932,20.068724,21.109198,4.0,0.0,0.0,0.0,0.0,4.0,0.0,4.0
34408,2023.0,8.0,27.0,22.0,21.004057,21.665743,20.035532,20.606157,21.03484,21.663002,21.028093,21.732773,19.58521,19.942513,19.08752,19.292065,21.03502,21.528637,21.036346,21.733276,20.034792,20.952715,0.0,0.0,0.0,4.0,4.0,0.0,0.0,0.0
34409,2023.0,8.0,27.0,22.0,21.037931,21.751457,19.27925,19.11962,21.024889,21.652796,21.02817,21.731455,20.083776,20.915493,20.151976,21.1437,21.029028,21.506657,21.028336,21.725187,18.997635,18.867758,0.0,0.0,0.0,4.0,0.0,0.0,0.0,0.0
34410,2023.0,8.0,27.0,23.0,21.031975,21.730207,19.432543,19.680477,21.000313,21.588196,21.02817,21.729097,20.031013,20.758642,19.271152,19.339542,21.029716,21.49871,21.029415,21.730896,18.51105,18.297762,4.0,4.0,0.0,0.0,0.0,0.0,0.0,0.0
34411,2023.0,8.0,27.0,23.0,20.230099,20.181826,19.222084,19.213598,20.344408,20.368181,20.309038,20.345242,19.1277,18.964901,18.783764,18.709211,20.26816,20.027857,20.249985,20.232153,18.49527,18.41335,0.0,0.0,0.0,0.0,0.0,0.0,0.0,0.0
34412,2023.0,8.0,27.0,23.0,20.087482,20.115227,18.81449,18.505993,19.797731,19.46433,19.958988,19.852446,19.391571,19.672035,18.959984,19.132008,20.173449,20.047668,19.946579,19.851995,18.457672,18.385698,0.0,0.0,0.0,4.0,4.0,0.0,0.0,0.0
34413,2023.0,8.0,27.0,23.0,20.0038,20.050232,19.042385,19.04377,19.589905,19.22683,19.807535,19.693655,18.871347,18.646406,18.69308,18.618017,20.110937,20.002829,19.799648,19.708315,18.398346,18.32663,4.0,0.0,0.0,0.0,0.0,0.0,0.0,0.0
34414,2023.0,8.0,27.0,23.0,20.620932,21.29422,18.72368,18.43716,19.641066,19.461954,19.692183,19.577522,18.637917,18.380806,18.54927,18.455912,20.026222,19.918335,19.678616,19.590158,18.342983,18.270472,0.0,0.0,0.0,0.0,0.0,0.0,0.0,0.0
34415,2023.0,8.0,27.0,23.0,19.942549,19.89783,18.553877,18.22037,19.618015,19.48701,19.595953,19.482464,18.674082,18.569197,18.47487,18.382383,19.95032,19.842382,19.572042,19.481462,18.291862,18.219109,0.0,0.0,0.0,0.0,0.0,0.0,0.0,0.0
34416,2023.0,8.0,28.0,0.0,19.618706,19.437887,18.64181,18.475544,19.555202,19.429491,19.509645,19.395475,18.641586,18.555094,18.404697,18.310616,19.880283,19.770775,19.477003,19.384632,18.981268,19.559103,0.0,0.0,0.0,0.0,0.0,0.0,0.0,4.0
34417,2023.0,8.0,28.0,0.0,19.495115,19.309397,18.660568,18.535706,19.491968,19.367538,19.434095,19.320633,19.16384,19.590456,18.342583,18.247845,19.817785,19.707739,19.3935,19.300781,18.46679,18.435522,0.0,0.0,0.0,4.0,0.0,0.0,0.0,0.0
34418,2023.0,8.0,28.0,0.0,19.604107,19.622456,18.63185,18.512156,19.432444,19.30855,19.365543,19.252188,18.734701,18.676903,18.285402,18.18964,19.760284,19.649296,19.317617,19.22404,18.165459,17.964577,0.0,0.0,0.0,0.0,0.0,0.0,0.0,0.0
34419,2023.0,8.0,28.0,0.0,19.594297,19.63697,18.597017,18.476824,19.375854,19.251066,19.301487,19.186792,18.420946,18.17927,18.553045,18.737753,19.706522,19.59368,19.247498,19.152029,18.056273,17.845068,0.0,0.0,0.0,0.0,4.0,0.0,0.0,0.0
34420,2023.0,8.0,28.0,0.0,19.550869,19.595505,18.56502,18.446028,19.326181,19.203527,19.245848,19.133358,18.303131,18.054665,18.294493,18.201775,19.659054,19.546621,19.185755,19.091038,18.124018,18.052881,0.0,0.0,0.0,0.0,0.0,0.0,0.0,0.0
34421,2023.0,8.0,28.0,0.0,19.507742,19.553501,18.994364,19.279367,19.279385,19.158253,19.193827,19.082872,18.374706,18.281567,18.195763,18.097822,19.614761,19.502413,19.128546,19.034214,18.100378,18.023458,4.0,0.0,0.0,0.0,0.0,0.0,0.0,0.0
34422,2023.0,8.0,28.0,1.0,19.464891,19.510498,18.711796,18.669603,19.234303,19.113348,19.144014,19.033127,18.356726,18.266912,18.1468,18.048378,19.572515,19.459259,19.074347,18.979206,18.064325,17.986076,0.0,0.0,0.0,0.0,0.0,0.0,0.0,0.0
34423,2023.0,8.0,28.0,1.0,19.421598,19.464308,18.563562,18.445477,19.189156,19.06562,19.09464,18.981075,18.31344,18.220598,18.41992,18.60068,19.530794,19.414553,19.02187,18.924068,18.02907,17.948177,0.0,0.0,0.0,0.0,4.0,0.0,0.0,0.0
34424,2023.0,8.0,28.0,1.0,19.382124,19.424063,18.97251,19.252266,19.148117,19.024239,19.050089,18.9363,18.866049,19.294153,18.173847,18.083912,19.492311,19.374767,18.973753,18.875189,17.995846,17.913692,4.0,0.0,0.0,4.0,0.0,0.0,0.0,0.0
34425,2023.0,8.0,28.0,1.0,19.343212,19.38299,18.496914,18.26382,19.107533,18.98195,19.006351,18.890827,18.456413,18.401033,18.069454,17.963524,19.454344,19.334621,18.926836,18.82655,17.962809,17.878695,0.0,0.0,0.0,0.0,0.0,0.0,0.0,0.0
34426,2023.0,8.0,28.0,1.0,19.304686,19.340782,18.246008,17.888203,19.06709,18.938349,18.962967,18.844183,18.718817,18.967047,18.021051,17.91193,19.416393,19.293385,18.880465,18.777206,17.929502,17.842499,0.0,0.0,0.0,4.0,0.0,0.0,0.0,0.0
34427,2023.0,8.0,28.0,1.0,19.26905,19.302813,18.346617,18.17167,19.029482,18.899012,18.922758,18.802277,18.21575,17.94896,17.975624,17.864418,19.380465,19.255337,18.836887,18.731966,17.897707,17.80879,0.0,0.0,0.0,0.0,0.0,0.0,0.0,0.0
34428,2023.0,8.0,28.0,2.0,19.234615,19.26599,18.370861,18.228422,18.993074,18.860834,18.883982,18.761765,18.04096,17.758837,18.223951,18.36324,19.345253,19.218056,18.794615,18.688095,18.59428,19.145765,0.0,0.0,0.0,0.0,4.0,0.0,0.0,4.0
34429,2023.0,8.0,28.0,2.0,19.201267,19.23064,18.348978,18.209536,18.958063,18.824326,18.846947,18.72312,18.560162,18.807125,18.336792,18.517376,19.310873,19.18184,18.75347,18.6454,18.10324,18.058304,0.0,0.0,0.0,4.0,4.0,0.0,0.0,0.0
34430,2023.0,8.0,28.0,2.0,19.16939,19.197193,18.322395,18.181768,18.92473,18.789879,18.812174,18.686987,18.10685,17.842443,18.05109,17.962015,19.277784,19.147232,18.714016,18.604712,17.795862,17.559626,0.0,0.0,0.0,0.0,0.0,0.0,0.0,0.0
34431,2023.0,8.0,28.0,2.0,19.138483,19.164564,18.29569,18.153494,18.892347,18.756329,18.778624,18.652033,17.928429,17.639738,17.928019,17.809765,19.245611,19.11355,18.675816,18.565283,18.391659,18.760109,0.0,0.0,0.0,0.0,0.0,0.0,0.0,4.0
34432,2023.0,8.0,28.0,2.0,19.108168,19.13255,18.26917,18.125385,18.860743,18.723503,18.745909,18.61794,18.02849,17.91486,17.874987,17.754501,19.214334,19.080774,18.638796,18.527048,17.85792,17.62579,0.0,0.0,0.0,0.0,0.0,0.0,0.0,0.0
34433,2023.0,8.0,28.0,2.0,19.077946,19.100344,18.706966,18.968235,18.829506,18.690695,18.713663,18.583971,18.022144,17.910868,17.827564,17.704885,19.183662,19.04837,18.6026,18.489374,17.680014,17.42321,4.0,0.0,0.0,0.0,0.0,0.0,0.0,0.0
34434,2023.0,8.0,28.0,3.0,19.048609,19.069311,18.838999,19.126427,18.79911,18.658983,18.682178,18.551132,18.579157,18.987263,17.785099,17.66073,19.15407,19.017319,18.56769,18.453281,17.606411,17.346827,4.0,0.0,0.0,4.0,0.0,0.0,0.0,0.0
34435,2023.0,8.0,28.0,3.0,19.021637,19.042233,18.262316,17.981647,18.77104,18.631424,18.652878,18.522396,18.178486,18.10641,17.74768,17.62349,19.126858,18.990257,18.535149,18.421036,17.690275,17.576073,0.0,0.0,0.0,0.0,0.0,0.0,0.0,0.0
34436,2023.0,8.0,28.0,3.0,18.995787,19.016273,18.017712,17.63046,18.74389,18.604902,18.62444,18.49467,17.86965,17.59417,17.713274,17.589354,19.100758,18.964376,18.503786,18.389994,18.422503,18.963194,0.0,0.0,0.0,0.0,0.0,0.0,0.0,4.0
34437,2023.0,8.0,28.0,3.0,18.97031,18.990547,17.926485,17.53279,18.71715,18.578579,18.5966,18.467241,18.34637,18.57681,17.680407,17.556608,19.07526,18.93897,18.47316,18.35953,17.780775,17.570026,0.0,0.0,0.0,4.0,0.0,0.0,0.0,0.0
34438,2023.0,8.0,28.0,3.0,18.948603,18.971956,18.082441,17.909208,18.689571,18.550043,18.568161,18.437706,18.500065,18.745256,17.647346,17.522223,19.049395,18.912209,18.442217,18.32766,17.566668,17.304024,0.0,0.0,0.0,4.0,0.0,0.0,0.0,0.0
34439,2023.0,8.0,28.0,3.0,18.937162,18.972864,18.112823,17.959833,18.664848,18.52682,18.542646,18.413698,17.944546,17.666012,17.618132,17.494411,19.025934,18.889719,18.413984,18.30055,17.50017,17.241352,0.0,0.0,0.0,0.0,0.0,0.0,0.0,0.0
34440,2023.0,8.0,28.0,4.0,18.91805,18.95398,18.1009,17.953209,18.63946,18.501911,18.516327,18.38791,17.764154,17.466194,17.588951,17.465553,19.00226,18.866306,18.385565,18.272484,18.311407,18.837404,0.0,0.0,0.0,0.0,0.0,0.0,0.0,4.0
34441,2023.0,8.0,28.0,4.0,18.895384,18.930197,18.081146,17.93373,18.613575,18.475693,18.48959,18.360851,17.687748,17.392586,17.560064,17.436296,18.978405,18.842136,18.357046,18.243753,17.700302,17.48805,0.0,0.0,0.0,0.0,0.0,0.0,0.0,0.0
34442,2023.0,8.0,28.0,4.0,18.870775,18.903244,18.058084,17.9092,18.586348,18.446625,18.461718,18.331026,17.812288,17.709702,17.530294,17.40475,18.953611,18.816006,18.327581,18.212975,17.48727,17.221766,0.0,0.0,0.0,0.0,0.0,0.0,0.0,0.0
34443,2023.0,8.0,28.0,4.0,18.848011,18.880278,18.036875,17.888647,18.561886,18.422806,18.436674,18.306625,17.800804,17.687046,17.503502,17.378685,18.930693,18.793558,18.300247,18.186287,18.122763,18.477041,0.0,0.0,0.0,0.0,0.0,0.0,0.0,4.0
34444,2023.0,8.0,28.0,4.0,18.823994,18.855066,18.472809,18.724653,18.536222,18.396633,18.410425,18.279844,17.770922,17.6561,17.475632,17.350395,18.90676,18.76926,18.271845,18.157629,17.598793,17.356249,4.0,0.0,0.0,0.0,0.0,0.0,0.0,0.0
34445,2023.0,8.0,28.0,4.0,18.799473,18.82877,18.197538,18.118858,18.510122,18.369373,18.38388,18.252054,17.74139,17.625626,17.44749,17.321222,18.882252,18.743912,18.24287,18.127872,17.425959,17.159454,0.0,0.0,0.0,0.0,0.0,0.0,0.0,0.0
34446,2023.0,8.0,28.0,5.0,18.776134,18.804768,18.069756,17.925714,18.485313,18.344587,18.358595,18.226786,18.294632,18.690445,17.420927,17.294813,18.858526,18.720263,18.214794,18.100025,18.059334,18.40907,0.0,0.0,0.0,4.0,0.0,0.0,0.0,4.0
34447,2023.0,8.0,28.0,5.0,19.452507,20.094086,18.022018,17.872423,18.461298,18.32128,18.334093,18.202965,17.908226,17.835518,17.394913,17.269516,18.835272,18.697714,18.187075,18.072985,17.537088,17.292126,0.0,0.0,0.0,0.0,0.0,0.0,0.0,0.0
34448,2023.0,8.0,28.0,5.0,19.646122,20.308308,17.989595,17.840576,18.43788,18.298767,18.31034,18.180033,17.765112,17.651567,17.369349,17.244806,18.81248,18.67573,18.159698,18.046364,18.06982,18.419695,0.0,0.0,0.0,0.0,0.0,0.0,0.0,4.0
34449,2023.0,8.0,28.0,5.0,18.869024,18.748423,17.962461,17.814638,18.414888,18.276815,18.287092,18.157732,17.72152,17.608582,17.344225,17.220686,18.79034,18.65454,18.132723,18.02029,17.547047,17.310772,0.0,0.0,0.0,0.0,0.0,0.0,0.0,0.0
34450,2023.0,8.0,28.0,5.0,18.596233,18.362328,17.937311,17.790659,18.391953,18.25476,18.264,18.135403,17.683699,17.571423,17.319344,17.196644,18.768524,18.633564,18.1059,17.994226,18.112343,18.510738,0.0,0.0,0.0,0.0,0.0,0.0,0.0,4.0
34451,2023.0,8.0,28.0,5.0,18.497202,18.260754,17.913542,17.768064,18.369188,18.232859,18.94029,19.4268,17.650278,17.538643,17.295187,17.17332,19.483864,20.00658,18.079597,17.96869,17.560991,17.332624,0.0,0.0,4.0,0.0,0.0,4.0,0.0,0.0
34452,2023.0,8.0,28.0,6.0,18.427807,18.19339,17.89057,17.74611,18.346554,18.21087,18.524403,18.495552,18.201443,18.602154,17.567444,17.702906,19.743443,20.34718,18.053915,17.94366,17.361477,17.09753,0.0,0.0,0.0,4.0,4.0,4.0,0.0,0.0
34453,2023.0,8.0,28.0,6.0,21.34989,23.30169,17.86954,17.727072,21.264633,23.404478,21.266415,23.392353,20.35739,22.292614,20.277298,22.38451,21.177824,22.809828,21.562407,23.990707,18.012104,18.387455,0.0,0.0,0.0,0.0,0.0,0.0,4.0,4.0
34454,2023.0,8.0,28.0,6.0,20.975832,22.404114,17.848728,17.70733,20.98252,22.499928,21.021475,22.580606,18.56635,18.48524,18.72294,18.978941,21.036238,22.298038,20.985903,22.63345,20.285097,22.202517,0.0,4.0,0.0,0.0,0.0,0.0,4.0,0.0
34455,2023.0,8.0,28.0,6.0,21.036234,22.341011,17.828852,17.688465,21.028767,22.396067,21.048481,22.456827,17.782822,17.49332,18.140312,18.305546,21.021578,22.092192,21.070864,22.614643,19.159061,19.66202,0.0,4.0,0.0,0.0,4.0,4.0,0.0,4.0
34456,2023.0,8.0,28.0,6.0,21.02713,22.206984,18.21397,18.42721,21.035814,22.255018,21.043879,22.326986,18.457516,18.925209,20.251175,22.000177,21.022505,21.988129,21.05528,22.42516,20.207943,21.744022,4.0,4.0,0.0,4.0,4.0,4.0,0.0,0.0
34457,2023.0,8.0,28.0,6.0,21.053759,22.199173,20.250751,21.901306,21.03309,22.143593,21.043026,22.24006,20.206926,21.813156,20.000607,21.286875,21.020601,21.907331,21.0155,22.201662,18.640783,18.51122,0.0,4.0,0.0,0.0,4.0,4.0,4.0,0.0
34458,2023.0,8.0,28.0,7.0,21.019878,22.04728,18.970312,19.135857,21.031847,22.064947,21.01696,22.106499,18.644665,18.528393,20.060787,21.241123,21.0492,21.92384,21.06075,22.241142,17.929808,17.651138,0.0,4.0,4.0,0.0,0.0,0.0,0.0,0.0
34459,2023.0,8.0,28.0,7.0,21.02481,22.014603,18.263102,18.165905,21.030228,22.006388,21.046392,22.145605,17.93529,17.658163,18.77392,18.637897,21.042421,21.855639,21.050648,22.154707,17.929403,17.826694,0.0,4.0,0.0,0.0,0.0,0.0,0.0,0.0
34460,2023.0,8.0,28.0,7.0,21.023335,21.982922,18.126057,17.998741,21.028807,21.962603,21.052696,22.098248,18.732275,19.313223,18.260168,18.127932,21.041225,21.808899,21.049793,22.099459,17.904274,17.815918,0.0,4.0,0.0,4.0,0.0,0.0,0.0,0.0
34461,2023.0,8.0,28.0,7.0,21.022324,21.959259,18.511217,18.777004,21.053307,22.00011,21.024956,21.979979,20.149412,21.538527,18.172585,18.059156,21.039839,21.77019,21.04833,22.053577,17.842161,17.759365,4.0,0.0,4.0,4.0,0.0,0.0,0.0,0.0
34462,2023.0,8.0,28.0,7.0,21.247078,22.391666,20.193195,21.633661,21.230822,22.305332,21.22062,22.3457,20.03558,21.157576,18.079279,17.9715,21.162674,22.007496,21.234152,22.41057,17.79338,17.71672,4.0,4.0,4.0,0.0,0.0,0.0,0.0,0.0
34463,2023.0,8.0,28.0,7.0,21.046852,21.991413,20.027746,21.12255,21.051086,21.94087,21.05303,22.007576,18.832743,18.711046,18.003618,17.899342,21.028265,21.723412,20.997126,21.88772,17.754387,17.682247,0.0,0.0,0.0,0.0,0.0,0.0,4.0,0.0
34464,2023.0,8.0,28.0,8.0,21.013966,21.890232,18.893156,18.817026,21.019268,21.8395,21.047636,21.978909,18.240973,17.982187,17.949244,17.850525,21.027761,21.710701,21.013947,21.898287,18.630035,19.366127,0.0,4.0,0.0,0.0,0.0,0.0,4.0,4.0
34465,2023.0,8.0,28.0,8.0,20.561178,21.01676,18.245207,17.956085,19.949713,19.810095,20.40497,20.701313,18.779814,19.125937,18.275146,18.501963,20.301937,20.300652,20.705338,21.287361,20.155802,21.737677,0.0,0.0,4.0,4.0,4.0,0.0,4.0,4.0
34466,2023.0,8.0,28.0,8.0,19.779768,19.720842,18.222864,18.076382,19.33196,19.022001,19.5587,19.358873,20.177755,21.450512,20.2551,21.861504,20.673016,21.237938,20.60212,21.193668,19.999409,21.220675,0.0,0.0,0.0,0.0,0.0,4.0,4.0,4.0
34467,2023.0,8.0,28.0,8.0,20.04131,20.468271,18.225763,18.122992,19.68791,19.870636,19.143183,18.853008,18.963068,18.919317,19.033712,19.246424,20.005829,19.831673,20.58938,21.195028,20.05215,21.211872,0.0,4.0,0.0,0.0,0.0,0.0,4.0,0.0
34468,2023.0,8.0,28.0,8.0,20.176828,20.656096,18.179173,18.087692,19.882946,20.183504,18.964506,18.678978,18.364922,18.154917,18.344896,18.277925,20.313807,20.669592,19.71984,19.581667,18.874731,18.832787,0.0,4.0,0.0,0.0,0.0,4.0,0.0,0.0
34469,2023.0,8.0,28.0,8.0,19.576996,19.54904,18.140581,18.05337,19.89708,20.2191,19.000902,18.865385,18.359282,18.251328,18.223915,18.124754,19.779312,19.581108,19.35337,19.098852,18.433105,18.222961,0.0,4.0,0.0,0.0,0.0,0.0,0.0,0.0
34470,2023.0,8.0,28.0,9.0,19.322706,19.223097,18.105312,18.024216,19.315962,19.154488,18.97288,18.882395,18.340755,18.249628,18.563782,18.804337,19.561989,19.291046,19.20621,18.960178,18.294361,18.0902,0.0,0.0,0.0,0.0,4.0,0.0,0.0,0.0
34471,2023.0,8.0,28.0,9.0,19.206562,19.11465,18.07571,18.001583,19.06581,18.823742,19.576155,20.07604,18.305588,18.21786,20.209415,21.64946,19.492292,19.231089,19.107063,18.877163,19.194582,19.892303,0.0,0.0,4.0,0.0,0.0,0.0,0.0,4.0
34472,2023.0,8.0,28.0,9.0,19.106218,19.027874,18.044977,17.977137,18.929144,18.694893,19.24476,19.30025,18.267431,18.181442,19.15059,19.361376,19.554657,19.424225,19.988419,20.631361,20.111578,21.296028,0.0,0.0,0.0,0.0,0.0,0.0,4.0,0.0
34473,2023.0,8.0,28.0,9.0,19.15981,19.228186,18.017427,17.95519,18.841679,18.624475,18.81511,18.654835,18.235775,18.150225,18.52385,18.458755,19.56944,19.462156,19.461527,19.38614,18.99362,19.001963,0.0,0.0,0.0,0.0,0.0,0.0,0.0,0.0
34474,2023.0,8.0,28.0,9.0,19.881573,20.62264,17.997507,17.940336,19.579702,20.09004,18.688486,18.505806,18.217388,18.13134,18.408895,18.306908,20.327507,20.920311,19.165531,18.969732,18.57778,18.406078,0.0,4.0,0.0,0.0,0.0,4.0,0.0,0.0
34475,2023.0,8.0,28.0,9.0,19.903292,20.507639,17.979387,17.928234,19.102184,19.060368,18.721233,18.64571,18.935951,19.499882,18.366682,18.263147,19.747168,19.664505,19.065626,18.874054,18.450811,18.28149,0.0,0.0,0.0,4.0,0.0,0.0,0.0,0.0
34476,2023.0,8.0,28.0,10.0,19.320946,19.399612,18.41243,18.758423,19.48967,19.889006,19.38658,19.934881,20.153395,21.520859,18.335962,18.233105,19.521727,19.316536,19.003029,18.822218,18.430305,18.331177,4.0,4.0,4.0,0.0,0.0,0.0,0.0,0.0
34477,2023.0,8.0,28.0,10.0,19.719734,20.32115,20.203701,21.782665,19.678278,20.122383,19.52538,19.994007,19.033316,19.122871,18.307138,18.206003,19.461416,19.259415,20.032242,20.832047,18.386385,18.2997,4.0,4.0,4.0,0.0,0.0,0.0,4.0,0.0
34478,2023.0,8.0,28.0,10.0,19.907478,20.521763,20.0016,21.171213,19.15899,19.133705,18.965448,18.9459,18.474459,18.351892,18.287165,18.187372,19.515049,19.401989,19.482225,19.469675,18.33282,18.24921,4.0,0.0,0.0,0.0,0.0,0.0,0.0,0.0
34479,2023.0,8.0,28.0,10.0,19.956364,20.587692,20.02612,21.08601,19.535656,20.008724,18.685768,18.590317,18.366138,18.232414,18.275866,18.178078,19.535324,19.437359,19.090916,18.95072,18.286572,18.2046,4.0,4.0,0.0,0.0,0.0,0.0,0.0,0.0
34480,2023.0,8.0,28.0,10.0,20.006306,20.652296,20.05269,21.035975,19.69964,20.184116,18.602577,18.511631,18.370592,18.284939,18.270874,18.17536,19.53064,19.436106,18.991571,18.848368,18.247433,18.166164,4.0,4.0,0.0,0.0,0.0,0.0,0.0,0.0
34481,2023.0,8.0,28.0,10.0,20.036318,20.685442,20.034704,20.960596,19.737745,20.229486,19.30108,19.885393,18.360542,18.278255,18.27038,18.17733,19.526217,19.43442,18.951239,18.820389,18.218401,18.141354,0.0,4.0,4.0,0.0,0.0,0.0,0.0,0.0
34482,2023.0,8.0,28.0,11.0,20.065489,20.721851,19.19246,19.294703,19.774652,20.27661,19.485754,20.015657,19.07062,19.631878,18.272814,18.18204,19.523438,19.434126,18.957172,18.87047,18.193262,18.118444,0.0,4.0,4.0,4.0,0.0,0.0,0.0,0.0
34483,2023.0,8.0,28.0,11.0,20.085875,20.746048,18.814014,18.759493,19.79757,20.304377,19.511522,20.034725,20.125069,21.38431,18.276466,18.18607,19.52071,19.431862,18.946508,18.865688,18.174873,18.100323,0.0,4.0,4.0,0.0,0.0,0.0,0.0,0.0
34484,2023.0,8.0,28.0,11.0,19.525522,19.685823,19.118315,19.47398,19.819094,20.329245,19.550566,20.07624,19.137344,19.268366,18.278212,18.188309,19.517021,19.428778,19.948238,20.779102,18.156359,18.082952,4.0,4.0,4.0,0.0,0.0,0.0,4.0,0.0
34485,2023.0,8.0,28.0,11.0,19.288952,19.367825,20.132097,21.255547,19.836727,20.351278,19.57957,20.109365,19.428347,19.936413,18.279583,18.19051,19.513474,19.426004,19.326908,19.383205,18.141878,18.069204,0.0,4.0,4.0,4.0,0.0,0.0,0.0,0.0
34486,2023.0,8.0,28.0,11.0,19.868822,20.551323,19.277773,19.487537,19.306856,19.353039,19.608946,20.141659,20.081299,21.005766,18.280659,18.192698,19.508884,19.422655,18.97138,18.887798,18.126724,18.055634,0.0,0.0,4.0,0.0,0.0,0.0,0.0,0.0
34487,2023.0,8.0,28.0,11.0,19.477945,19.65839,19.194353,19.597095,19.008572,18.970438,19.077873,19.133064,19.277954,19.36364,18.28046,18.194153,19.50302,19.418293,18.890396,18.794945,18.112154,18.042667,4.0,0.0,0.0,0.0,0.0,0.0,0.0,0.0
34488,2023.0,8.0,28.0,12.0,19.264242,19.369509,20.114988,21.189753,18.919641,18.875237,18.849298,18.82189,18.936346,18.844038,18.675016,18.940683,19.496632,19.413614,18.86203,18.769108,18.099735,18.031982,4.0,0.0,0.0,0.0,4.0,0.0,0.0,0.0
34489,2023.0,8.0,28.0,12.0,21.203869,22.861269,20.004652,20.881031,21.243265,23.02939,21.247663,23.157635,18.814623,18.73152,20.158785,21.473244,21.213572,22.435093,21.336802,23.09719,18.084774,18.018475,4.0,4.0,0.0,0.0,0.0,0.0,0.0,0.0
34490,2023.0,8.0,28.0,12.0,20.991924,22.266386,20.017778,20.849943,20.992668,22.30887,21.01247,22.449936,18.736805,18.655045,19.241713,19.476746,21.00859,21.941666,21.00284,22.302074,18.070183,18.005444,4.0,4.0,0.0,0.0,0.0,0.0,0.0,0.0
34491,2023.0,8.0,28.0,12.0,21.018015,22.211761,20.01533,20.805597,21.049356,22.304045,21.017761,22.303778,18.674814,18.5949,18.670929,18.623781,21.026094,21.87569,21.037546,22.229984,19.04159,19.86111,4.0,0.0,4.0,0.0,0.0,0.0,0.0,4.0
34492,2023.0,8.0,28.0,12.0,21.01409,22.133762,20.0331,20.827166,21.013336,22.11622,21.048023,22.286842,18.624414,18.547022,18.546474,18.472836,21.022694,21.797241,21.032024,22.121117,20.12946,21.514742,0.0,4.0,0.0,0.0,0.0,0.0,0.0,0.0
34493,2023.0,8.0,28.0,12.0,21.040607,22.157673,19.330109,19.452515,21.01914,22.064564,21.04123,22.201172,18.58307,18.509815,18.504251,18.431103,21.022602,21.74555,21.032131,22.051802,19.012331,19.160057,0.0,4.0,0.0,0.0,0.0,0.0,0.0,0.0
34494,2023.0,8.0,28.0,13.0,21.034443,22.101606,18.902613,18.897652,21.04295,22.086935,21.040827,22.146341,18.545788,18.475748,18.470844,18.399416,21.021898,21.706749,21.030958,21.999006,19.406233,20.185272,0.0,0.0,0.0,0.0,0.0,0.0,0.0,4.0
34495,2023.0,8.0,28.0,13.0,21.034504,22.066225,18.767498,18.76053,21.03667,22.033812,21.03496,22.102585,18.511303,18.443947,18.833126,19.111097,21.02132,21.678259,21.030275,21.960497,20.0956,21.248766,0.0,0.0,0.0,0.0,4.0,0.0,0.0,0.0
34496,2023.0,8.0,28.0,13.0,21.006042,21.963116,18.6786,18.674078,21.03675,22.00044,21.009949,22.006426,18.479973,18.416265,20.145462,21.36456,21.02134,21.658382,21.03055,21.933498,19.101086,19.205406,0.0,0.0,4.0,0.0,0.0,0.0,0.0,0.0
34497,2023.0,8.0,28.0,13.0,21.038662,22.033607,18.601204,18.595604,21.036129,21.971977,21.040077,22.070587,18.449905,18.389462,19.268446,19.484272,21.021177,21.643543,21.030207,21.91221,19.522535,20.284714,0.0,0.0,0.0,0.0,0.0,0.0,0.0,4.0
34498,2023.0,8.0,28.0,13.0,21.031685,22.002556,18.533487,18.52507,21.030445,21.947693,21.037642,22.0376,18.42108,18.363605,18.715317,18.671926,21.020805,21.632101,21.02953,21.895042,20.083218,21.121191,0.0,0.0,0.0,0.0,0.0,0.0,0.0,0.0
34499,2023.0,8.0,28.0,13.0,21.032679,21.987545,18.479773,18.473583,21.03124,21.93653,21.037762,22.013573,18.395254,18.34168,18.590794,18.535852,21.020733,21.62336,21.029703,21.882313,19.153343,19.24035,0.0,0.0,0.0,0.0,0.0,0.0,0.0,0.0
34500,2023.0,8.0,28.0,14.0,21.027191,21.970592,18.42865,18.42021,21.029871,21.922565,21.036207,21.990953,18.370281,18.318914,18.526495,18.468138,21.162767,21.862398,21.028854,21.869423,18.69157,18.639763,0.0,0.0,0.0,0.0,0.0,4.0,0.0,0.0
34501,2023.0,8.0,28.0,14.0,20.865013,21.621998,18.39058,18.387003,20.236301,20.385757,20.717876,21.34194,18.35099,18.304476,18.48263,18.429823,20.453365,20.47623,21.129957,22.011942,18.569456,18.525873,0.0,0.0,4.0,0.0,0.0,0.0,4.0,0.0
34502,2023.0,8.0,28.0,14.0,20.73348,21.395943,18.361092,18.35961,19.864098,19.861725,20.047201,20.15539,18.33598,18.292765,18.451279,18.400663,20.17155,20.0658,20.229874,20.277624,18.507465,18.464943,0.0,0.0,0.0,0.0,0.0,0.0,0.0,0.0
34503,2023.0,8.0,28.0,14.0,20.70191,21.37737,18.33454,18.336153,19.70439,19.690018,19.695509,19.666273,18.323153,18.28297,18.424324,18.376717,20.066467,19.959642,20.807646,21.55648,19.361841,20.128218,0.0,0.0,0.0,0.0,0.0,0.0,4.0,4.0
34504,2023.0,8.0,28.0,14.0,20.106579,20.28731,18.760658,19.157661,20.253899,20.823984,20.163553,20.677818,18.312479,18.274855,18.401533,18.35639,20.02848,19.961704,20.09948,20.13795,20.06006,21.193047,4.0,4.0,4.0,0.0,0.0,0.0,0.0,4.0
34505,2023.0,8.0,28.0,14.0,19.785646,19.905392,20.155937,21.491919,19.87263,19.991411,19.748085,19.818302,18.301998,18.266785,18.379368,18.336802,19.975916,19.918516,19.698923,19.636866,20.02889,21.030636,4.0,0.0,0.0,0.0,0.0,0.0,0.0,0.0
34506,2023.0,8.0,28.0,15.0,20.31742,21.018822,19.998276,21.016901,19.512037,19.50396,20.048197,20.587963,18.29303,18.259783,18.362122,18.321753,19.920408,19.865795,20.511389,21.294996,19.170319,19.283718,4.0,0.0,4.0,0.0,0.0,0.0,4.0,0.0
34507,2023.0,8.0,28.0,15.0,19.903854,20.104239,20.017677,20.95118,19.381077,19.362625,19.63447,19.713442,18.286242,18.2548,18.350163,18.312157,19.872353,19.81971,19.94654,20.001314,18.75703,18.749067,4.0,0.0,0.0,0.0,0.0,0.0,0.0,0.0
34508,2023.0,8.0,28.0,15.0,20.264305,20.966099,20.014072,20.87222,19.9844,20.571457,19.97185,20.53541,18.280933,18.251257,18.741802,19.060516,20.60799,21.255661,19.58063,19.535563,19.50002,20.24912,4.0,4.0,4.0,0.0,4.0,4.0,0.0,4.0
34509,2023.0,8.0,28.0,15.0,19.852015,20.061712,20.03144,20.86936,20.16242,20.732124,20.116318,20.682684,19.012604,19.636526,20.153078,21.469088,20.17413,20.233934,19.459423,19.410213,20.33837,21.614729,0.0,4.0,4.0,4.0,0.0,0.0,0.0,0.0
34510,2023.0,8.0,28.0,15.0,19.581024,19.728382,19.360308,19.53583,19.643482,19.748852,20.132792,20.700705,20.128733,21.399542,19.249674,19.498611,19.892067,19.843853,19.389374,19.34515,19.249891,19.387718,0.0,0.0,4.0,0.0,0.0,0.0,0.0,0.0
34511,2023.0,8.0,28.0,15.0,19.501074,19.654076,19.371954,19.778557,19.979868,20.539204,19.613052,19.719654,19.175713,19.364956,18.71347,18.714437,19.82031,19.765526,19.332737,19.29102,18.83744,18.844889,4.0,4.0,0.0,0.0,0.0,0.0,0.0,0.0
34512,2023.0,8.0,28.0,16.0,20.192812,21.001303,20.084953,21.007341,20.109941,20.693201,20.01525,20.589622,18.826841,18.831316,18.618187,18.591072,20.57207,21.225784,19.290785,19.250547,18.739998,18.736118,4.0,4.0,4.0,0.0,0.0,4.0,0.0,0.0
34513,2023.0,8.0,28.0,16.0,20.345291,21.070066,20.056967,20.876915,20.144215,20.721418,20.153376,20.7259,18.687506,18.65128,18.573128,18.541674,20.820808,21.48024,19.245892,19.204441,18.641901,18.608507,0.0,4.0,4.0,0.0,0.0,4.0,0.0,0.0
34514,2023.0,8.0,28.0,16.0,20.368553,21.086645,19.381805,19.5399,19.624367,19.720793,20.161072,20.731512,18.622997,18.591272,18.913008,19.208189,20.881361,21.531258,19.209948,19.171528,18.58113,18.551888,0.0,0.0,4.0,0.0,4.0,4.0,0.0,0.0
34515,2023.0,8.0,28.0,16.0,20.398642,21.113138,19.08467,19.115034,20.028606,20.581669,19.623133,19.718513,18.582382,18.549332,20.138279,21.34385,20.260769,20.316471,19.180422,19.142517,18.539652,18.509756,0.0,4.0,0.0,0.0,0.0,0.0,0.0,0.0
34516,2023.0,8.0,28.0,16.0,19.848553,20.05486,18.945644,18.962175,20.188082,20.753332,19.969738,20.547108,18.544947,18.512573,19.594225,20.07034,19.957363,19.894325,19.149738,19.112564,18.49742,18.468258,0.0,4.0,4.0,0.0,4.0,0.0,0.0,0.0
34517,2023.0,8.0,28.0,16.0,20.32755,21.072174,18.8687,18.879845,20.205544,20.765331,19.503317,19.588837,18.51822,18.486198,20.091013,20.997284,19.886818,19.819113,19.12535,19.08878,18.4659,18.436941,0.0,4.0,0.0,0.0,0.0,0.0,0.0,0.0
34518,2023.0,8.0,28.0,17.0,20.46218,21.177792,18.797482,18.808613,20.223558,20.779276,19.23687,19.254856,18.491047,18.460474,19.368246,19.509542,19.838482,19.77218,19.100466,19.06507,18.433012,18.405407,0.0,4.0,0.0,0.0,0.0,0.0,0.0,0.0
34519,2023.0,8.0,28.0,17.0,20.479372,21.188654,19.189672,19.584093,20.237602,20.790373,19.801853,20.367825,18.470514,18.44078,19.059761,19.0401,20.589159,21.233437,19.080141,19.045624,18.407215,18.38025,4.0,4.0,4.0,0.0,0.0,4.0,0.0,0.0
34520,2023.0,8.0,28.0,17.0,20.497965,21.203665,20.11857,21.17746,20.250774,20.800453,19.941141,20.513851,19.178108,19.793549,19.324003,19.617775,20.09234,20.154598,20.082811,20.95955,18.383432,18.35777,0.0,4.0,4.0,4.0,4.0,0.0,4.0,0.0
34521,2023.0,8.0,28.0,17.0,20.511787,21.207645,19.342052,19.534128,20.265383,20.811977,19.428467,19.51464,20.108597,21.24668,20.069643,20.896368,19.812714,19.760157,20.44727,21.305822,18.359179,18.33475,0.0,4.0,0.0,0.0,4.0,0.0,4.0,0.0
34522,2023.0,8.0,28.0,17.0,19.938858,20.119164,19.344522,19.763449,20.279678,20.823421,19.813604,20.389486,19.806927,20.461967,20.01911,20.7377,19.744823,19.682318,20.555508,21.404741,18.336243,18.312891,4.0,4.0,4.0,4.0,0.0,0.0,4.0,0.0
34523,2023.0,8.0,28.0,17.0,20.356628,21.085844,20.085451,20.99319,19.746536,19.815437,19.975674,20.537,20.069942,20.974773,19.400822,19.49903,19.728329,19.68666,19.756903,19.818487,18.315596,18.293863,4.0,0.0,4.0,0.0,0.0,0.0,0.0,0.0
34524,2023.0,8.0,28.0,18.0,19.914091,20.105955,20.000645,20.7443,20.087908,20.626888,20.00856,20.563683,19.29576,19.394827,19.043188,19.017847,19.706375,19.668861,19.396658,19.362217,18.296532,18.276466,4.0,4.0,4.0,0.0,0.0,0.0,0.0,0.0
34525,2023.0,8.0,28.0,18.0,21.183975,22.498762,20.011473,20.712519,21.138481,22.383274,21.142479,22.517109,18.907747,18.888903,18.923903,18.888985,21.244701,22.395243,21.266531,22.689108,18.277588,18.258068,4.0,0.0,4.0,0.0,0.0,4.0,0.0,0.0
34526,2023.0,8.0,28.0,18.0,20.971449,21.94194,20.027596,20.721788,20.985493,21.940731,20.99191,22.087025,18.77925,18.745588,18.845352,18.807394,20.981728,21.792255,20.996805,22.064693,18.259863,18.240492,0.0,4.0,4.0,0.0,0.0,4.0,0.0,0.0
34527,2023.0,8.0,28.0,18.0,21.013702,21.958086,19.743774,20.118237,21.016928,21.928324,21.019997,22.053885,18.711863,18.680891,18.78563,18.751062,21.036472,21.839025,20.998854,21.938345,18.244804,18.226654,4.0,4.0,4.0,0.0,0.0,0.0,4.0,0.0
34528,2023.0,8.0,28.0,18.0,21.006535,21.898865,20.05333,20.734655,21.011045,21.86511,21.014656,21.97968,19.428493,20.089893,19.127102,19.44496,20.994913,21.67096,21.040155,21.984058,18.230877,18.214167,4.0,4.0,4.0,4.0,4.0,4.0,0.0,0.0
34529,2023.0,8.0,28.0,18.0,21.006607,21.866707,20.021772,20.658012,21.037048,21.898945,21.040321,22.003485,20.046494,20.960682,20.124372,21.123943,21.031052,21.721186,21.031673,21.914171,18.217005,18.201412,0.0,0.0,0.0,4.0,0.0,0.0,0.0,0.0
34530,2023.0,8.0,28.0,19.0,21.00646,21.840122,19.435999,19.508108,21.005344,21.78026,21.034124,21.948137,20.027578,20.854584,19.358696,19.512299,20.997557,21.598799,21.032204,21.874395,18.203222,18.18927,0.0,4.0,0.0,0.0,0.0,4.0,0.0,0.0
34531,2023.0,8.0,28.0,19.0,21.034111,21.893478,19.489735,19.803059,21.011093,21.76778,21.034399,21.912663,19.25358,19.292734,18.912659,18.897022,21.03095,21.665161,21.026554,21.789347,18.186934,18.173439,4.0,4.0,0.0,0.0,0.0,0.0,4.0,0.0
34532,2023.0,8.0,28.0,19.0,20.998451,21.778818,20.076889,20.793728,21.036663,21.819523,21.033485,21.88173,18.863451,18.800873,18.784597,18.753698,21.001497,21.555891,21.022566,21.775162,18.168993,18.155638,4.0,0.0,0.0,0.0,0.0,4.0,4.0,0.0
34533,2023.0,8.0,28.0,19.0,21.006388,21.779081,20.001316,20.602497,21.030127,21.784079,21.027836,21.857792,18.730724,18.655895,19.141981,19.497612,21.031954,21.636652,21.036665,21.828825,18.150488,18.137148,4.0,0.0,0.0,0.0,4.0,0.0,0.0,0.0
34534,2023.0,8.0,28.0,19.0,21.006205,21.766603,20.011013,20.589777,21.005455,21.693344,21.029041,21.847212,19.457003,20.111301,20.110579,21.1027,21.025524,21.607862,21.034304,21.764975,19.113571,19.980865,4.0,4.0,0.0,4.0,4.0,0.0,4.0,4.0
34535,2023.0,8.0,28.0,19.0,21.034105,21.83058,20.009966,20.563501,21.036785,21.763788,21.002542,21.761988,20.042994,20.921358,20.020254,20.824282,20.998878,21.52257,21.036228,21.802553,20.121891,21.472696,4.0,0.0,4.0,4.0,0.0,4.0,0.0,0.0
34536,2023.0,8.0,28.0,20.0,21.000267,21.725393,20.010181,20.544344,21.030739,21.735424,21.040085,21.83873,20.03098,20.833992,19.253883,19.274317,21.031832,21.604162,21.032356,21.781324,18.960451,19.029985,4.0,0.0,0.0,0.0,0.0,0.0,0.0,0.0
34537,2023.0,8.0,28.0,20.0,21.034227,21.802523,20.010204,20.528465,21.005344,21.649446,21.03334,21.805906,19.216043,19.196783,18.807358,18.695076,20.998775,21.508623,21.032564,21.76744,18.442429,18.380562,4.0,4.0,0.0,0.0,0.0,4.0,0.0,0.0
34538,2023.0,8.0,28.0,20.0,21.057709,21.829126,20.051146,20.614292,21.063293,21.783756,21.068333,21.854475,18.797615,18.678083,18.743984,18.698963,21.054329,21.643238,21.040792,21.728054,18.370016,18.346077,0.0,0.0,0.0,0.0,0.0,0.0,4.0,0.0
34539,2023.0,8.0,28.0,20.0,20.99503,21.671623,19.757788,19.998758,20.998356,21.614143,20.99423,21.687551,18.754066,18.712927,18.689531,18.650553,20.991856,21.481478,21.034935,21.753792,18.319954,18.294256,4.0,4.0,4.0,0.0,0.0,4.0,0.0,0.0
34540,2023.0,8.0,28.0,20.0,21.034641,21.766064,20.07139,20.655697,21.011534,21.634436,21.041336,21.790611,19.465628,20.116468,19.019798,19.333082,21.00205,21.500753,21.03845,21.709993,18.27032,18.243423,0.0,4.0,0.0,4.0,4.0,4.0,4.0,0.0
34541,2023.0,8.0,28.0,20.0,21.027796,21.741297,19.756962,19.991951,21.03654,21.699913,21.00766,21.69013,20.077633,21.003935,20.12483,21.17664,21.001493,21.499168,21.035992,21.743729,18.225191,18.195127,4.0,0.0,4.0,0.0,4.0,4.0,0.0,0.0
34542,2023.0,8.0,28.0,21.0,21.000738,21.656042,20.074648,20.656904,21.03121,21.677437,21.039942,21.767378,19.149464,19.10251,20.02346,20.858229,21.03256,21.578136,21.032871,21.728994,18.186594,18.15465,0.0,0.0,0.0,0.0,0.0,0.0,0.0,0.0
34543,2023.0,8.0,28.0,21.0,21.03414,21.739756,19.76372,19.995705,21.005487,21.594156,21.007627,21.671137,18.70841,18.572884,19.165546,19.118711,20.997143,21.47708,21.03291,21.718882,18.153149,18.120052,4.0,4.0,4.0,0.0,0.0,4.0,0.0,0.0
34544,2023.0,8.0,28.0,21.0,21.000216,21.643456,20.075495,20.649612,21.036953,21.672874,21.013762,21.67814,18.67918,18.632465,19.07575,19.239304,21.032972,21.565105,21.03281,21.709177,19.030846,19.803337,0.0,0.0,4.0,0.0,4.0,0.0,0.0,4.0
34545,2023.0,8.0,28.0,21.0,21.03458,21.73073,19.408077,19.327162,21.030792,21.651224,21.039047,21.74407,19.330273,19.89639,20.156525,21.100786,20.997356,21.464506,21.026049,21.700386,20.316772,21.838802,0.0,0.0,0.0,4.0,0.0,4.0,0.0,0.0
34546,2023.0,8.0,28.0,21.0,21.00051,21.633873,19.143301,19.068836,21.00527,21.570639,21.033283,21.720425,20.066456,20.979803,19.229176,19.202076,21.002012,21.472773,21.02686,21.703264,18.92823,18.936924,0.0,4.0,0.0,4.0,0.0,4.0,0.0,0.0
34547,2023.0,8.0,28.0,21.0,21.011862,21.654476,19.068344,18.99363,21.06249,21.709185,21.066597,21.771217,20.073917,20.899897,18.82925,18.772867,21.055866,21.603329,21.054283,21.755722,18.380344,18.255116,0.0,0.0,0.0,0.0,0.0,0.0,0.0,0.0
34548,2023.0,8.0,28.0,22.0,21.005024,21.638517,19.0048,18.936262,21.026234,21.61962,21.020767,21.685658,19.79433,20.25027,19.08411,19.322113,21.02363,21.519617,21.022787,21.689945,19.32494,20.15776,0.0,0.0,0.0,4.0,4.0,0.0,0.0,4.0
34549,2023.0,8.0,28.0,22.0,21.033842,21.714586,18.942255,18.871304,21.03168,21.623142,21.026812,21.700397,20.075747,20.823603,20.131409,21.087711,21.027527,21.517473,21.02699,21.697031,20.093222,21.244799,0.0,0.0,0.0,0.0,4.0,0.0,0.0,0.0
34550,2023.0,8.0,28.0,22.0,21.027552,21.692331,18.889355,18.816908,21.022594,21.614544,21.025827,21.698002,19.80084,20.198708,20.023571,20.789362,21.027122,21.507896,21.026474,21.693916,18.970203,18.928541,0.0,0.0,0.0,4.0,0.0,0.0,0.0,0.0
34551,2023.0,8.0,28.0,22.0,21.027761,21.681858,18.842346,18.76756,21.023783,21.621435,21.025908,21.696627,20.07369,20.767393,19.174274,19.084011,21.01961,21.5004,21.026255,21.690916,18.472794,18.33731,0.0,0.0,0.0,0.0,0.0,0.0,0.0,0.0
34552,2023.0,8.0,28.0,22.0,21.028128,21.67279,18.800646,18.724197,21.02355,21.623154,21.025938,21.695076,19.257042,19.146313,18.843624,18.774128,21.175379,21.777344,21.02634,21.688229,18.34087,18.197845,0.0,0.0,0.0,0.0,0.0,4.0,0.0,0.0
34553,2023.0,8.0,28.0,22.0,21.020088,21.664743,18.762848,18.685064,21.023632,21.623755,21.02606,21.693605,19.46705,19.83213,18.765911,18.701786,21.026852,21.434774,21.02629,21.68523,19.201382,19.91844,0.0,0.0,0.0,4.0,0.0,4.0,0.0,4.0
34554,2023.0,8.0,28.0,23.0,21.021004,21.670137,18.727564,18.647898,21.023493,21.622772,21.025808,21.690804,20.090889,20.850079,18.679138,18.61278,21.035322,21.514622,21.02624,21.68222,20.11832,21.29038,0.0,0.0,0.0,0.0,0.0,0.0,0.0,0.0
34555,2023.0,8.0,28.0,23.0,20.500444,20.672913,18.697865,18.619333,20.43159,20.484802,20.3747,20.437462,19.245293,19.149029,18.606916,18.542961,20.334616,20.160294,20.328337,20.335867,18.98836,18.950579,0.0,0.0,0.0,0.0,0.0,0.0,0.0,0.0
34556,2023.0,8.0,28.0,23.0,20.243587,20.311903,18.67101,18.590038,20.105434,20.003437,20.028782,19.935917,19.045904,18.975994,18.547804,18.477852,20.053345,19.788979,20.03764,19.95705,18.599659,18.425766,0.0,0.0,0.0,0.0,0.0,0.0,0.0,0.0
34557,2023.0,8.0,28.0,23.0,20.148588,20.22717,18.650137,18.572186,19.996353,19.906107,19.911018,19.831343,18.969353,18.910725,18.50156,18.43555,20.853586,21.430992,19.91647,19.847752,19.371777,20.006762,0.0,0.0,0.0,0.0,0.0,4.0,0.0,4.0
34558,2023.0,8.0,28.0,23.0,20.064056,20.142508,18.628185,18.550814,19.899767,19.808842,19.806463,19.726347,18.886782,18.826803,18.745712,18.930468,20.185686,20.025255,19.809637,19.743385,18.730204,18.633776,0.0,0.0,0.0,0.0,4.0,0.0,0.0,0.0
34559,2023.0,8.0,28.0,23.0,19.991371,20.069103,18.607069,18.529942,19.817612,19.725965,19.717762,19.6369,18.814423,18.75309,18.86344,19.100172,20.6479,21.055992,19.714087,19.644087,18.469187,18.304335,0.0,0.0,0.0,0.0,4.0,4.0,0.0,0.0
34560,2023.0,8.0,29.0,0.0,19.928848,20.007376,18.587564,18.510866,19.747227,19.656672,19.641966,19.56223,18.751442,18.690193,18.583021,18.555933,20.073051,19.882044,19.632435,19.562628,18.37543,18.21356,0.0,0.0,0.0,0.0,0.0,0.0,0.0,0.0
34561,2023.0,8.0,29.0,0.0,19.871748,19.949896,19.029339,19.356615,19.683212,19.592558,19.573065,19.49317,18.694061,18.631807,18.455297,18.38877,19.847422,19.596722,19.558493,19.487694,18.402506,18.347198,4.0,0.0,0.0,0.0,0.0,0.0,0.0,0.0
34562,2023.0,8.0,29.0,0.0,19.820148,19.898247,18.755018,18.749413,19.62552,19.535229,19.511019,19.431452,18.642565,18.57963,18.403805,18.335451,19.757174,19.509165,19.492163,19.420769,18.370665,18.317701,0.0,0.0,0.0,0.0,0.0,0.0,0.0,0.0
34563,2023.0,8.0,29.0,0.0,19.771555,19.84838,18.618973,18.540552,19.570711,19.478863,19.452206,19.370867,18.59489,18.530296,18.359413,18.288923,19.849417,19.773098,19.430994,19.358084,18.326021,18.271587,0.0,0.0,0.0,0.0,0.0,0.0,0.0,0.0
34564,2023.0,8.0,29.0,0.0,19.728708,19.806364,18.584051,18.505554,19.523031,19.432661,19.401184,19.321304,18.552975,18.488482,18.322264,18.251831,19.814232,19.728199,19.376753,19.3041,18.28636,18.231844,0.0,0.0,0.0,0.0,0.0,0.0,0.0,0.0
34565,2023.0,8.0,29.0,0.0,19.688911,19.767284,18.556906,18.479,19.478943,19.389961,19.354048,19.275547,18.514486,18.450077,18.288317,18.217924,19.772884,19.687101,19.326979,19.254557,18.249794,18.195211,0.0,0.0,0.0,0.0,0.0,0.0,0.0,0.0
34566,2023.0,8.0,29.0,1.0,19.654078,19.73536,18.536148,18.460789,19.44108,19.356491,19.313587,19.239695,18.480911,18.418497,18.259068,18.190767,20.453384,21.010242,19.283133,19.212986,18.2178,18.16476,0.0,0.0,0.0,0.0,0.0,4.0,0.0,0.0
34567,2023.0,8.0,29.0,1.0,19.618492,19.699488,18.514612,18.438896,19.402208,19.318026,19.272017,19.198591,18.447456,18.38453,18.229303,18.160387,19.79729,19.62447,19.240068,19.169584,18.186272,18.132668,0.0,0.0,0.0,0.0,0.0,0.0,0.0,0.0
34568,2023.0,8.0,29.0,1.0,19.582897,19.660965,18.493418,18.41632,19.364132,19.278748,19.231237,19.156618,18.41493,18.350393,18.510204,18.711039,19.57853,19.332893,19.198425,19.126337,18.15581,18.10068,0.0,0.0,0.0,0.0,4.0,0.0,0.0,0.0
34569,2023.0,8.0,29.0,1.0,19.55037,19.627163,18.473917,18.396044,19.32907,19.243595,19.193867,19.119164,18.38508,18.319792,18.286743,18.228155,19.508137,19.263306,19.160168,19.087477,18.127897,18.072014,0.0,0.0,0.0,0.0,0.0,0.0,0.0,0.0
34570,2023.0,8.0,29.0,1.0,19.51919,19.594692,18.455296,18.376547,19.295612,19.210026,19.158506,19.083601,18.3568,18.290756,18.515,18.71406,19.606396,19.521126,19.123968,19.050667,18.101515,18.04488,0.0,0.0,0.0,0.0,4.0,0.0,0.0,0.0
34571,2023.0,8.0,29.0,1.0,19.48925,19.56346,18.437325,18.357647,19.263596,19.177855,19.124874,19.049686,18.329876,18.26307,18.285555,18.225777,19.594213,19.505579,19.089556,19.015636,18.07644,18.019054,0.0,0.0,0.0,0.0,0.0,0.0,0.0,0.0
34572,2023.0,8.0,29.0,2.0,19.459435,19.531277,18.418688,18.336807,19.231209,19.143509,19.090973,19.013613,18.303179,18.234669,18.197302,18.121187,19.56372,19.473196,19.055763,18.98029,18.051752,17.992876,0.0,0.0,0.0,0.0,0.0,0.0,0.0,0.0
34573,2023.0,8.0,29.0,2.0,19.432524,19.503662,18.402433,18.320333,19.203161,19.116423,19.061659,18.98526,18.27908,18.210415,18.472836,18.668488,19.536345,19.445684,19.024946,18.949474,18.029236,17.970053,0.0,0.0,0.0,0.0,4.0,0.0,0.0,0.0
34574,2023.0,8.0,29.0,2.0,19.405222,19.474651,18.385025,18.301432,19.174173,19.086622,19.0314,18.954119,18.254519,18.184744,18.242874,18.17966,19.508165,19.41639,18.994001,18.917587,18.006447,17.946205,0.0,0.0,0.0,0.0,0.0,0.0,0.0,0.0
34575,2023.0,8.0,29.0,2.0,19.37775,19.444439,18.366678,18.280256,19.144474,19.054388,19.00051,18.920538,18.229477,18.157667,18.154234,18.073912,19.479568,19.385675,18.962933,18.88468,17.983362,17.921337,0.0,0.0,0.0,0.0,0.0,0.0,0.0,0.0
34576,2023.0,8.0,29.0,2.0,19.352098,19.417122,18.349674,18.261686,19.1172,19.026182,18.972168,18.891205,18.205568,18.132608,18.116653,18.035069,19.452305,19.357248,18.933273,18.854044,17.96121,17.898092,0.0,0.0,0.0,0.0,0.0,0.0,0.0,0.0
34577,2023.0,8.0,29.0,2.0,19.327082,19.390327,18.332771,18.24323,19.090742,18.998722,18.944664,18.862667,18.181871,18.107737,18.08174,17.998875,19.425426,19.329184,18.90413,18.8239,17.939264,17.875032,0.0,0.0,0.0,0.0,0.0,0.0,0.0,0.0
34578,2023.0,8.0,29.0,3.0,19.302542,19.364006,18.315853,18.224771,19.064827,18.971767,18.917736,18.834682,18.158169,18.082834,18.049189,17.964977,19.398722,19.30127,18.875238,18.793985,17.91732,17.851955,0.0,0.0,0.0,0.0,0.0,0.0,0.0,0.0
34579,2023.0,8.0,29.0,3.0,19.280418,19.342134,18.301222,18.210943,19.04217,18.950855,18.894157,18.812933,18.708115,19.134653,18.02061,17.937975,19.374247,19.277693,19.808344,20.576141,17.896969,17.832119,0.0,0.0,0.0,4.0,0.0,0.0,4.0,0.0
34580,2023.0,8.0,29.0,3.0,19.257416,19.317812,18.285112,18.193901,19.018122,18.926186,18.86896,18.787199,18.35557,18.342754,18.2781,18.44306,19.34861,19.251354,19.046274,18.91226,17.875648,17.810081,0.0,0.0,0.0,0.0,4.0,0.0,0.0,0.0
34581,2023.0,8.0,29.0,3.0,19.234312,19.29252,18.268496,18.175524,18.993763,18.900074,18.843271,18.759853,18.19883,18.122347,18.074383,18.001816,19.32242,19.223518,18.77992,18.554783,17.853806,17.786757,0.0,0.0,0.0,0.0,0.0,0.0,0.0,0.0
34582,2023.0,8.0,29.0,3.0,19.216366,19.27716,18.25304,18.159166,18.970997,18.876852,18.819456,18.735626,18.752573,19.198715,17.991238,17.905222,19.297794,19.198402,18.701181,18.475086,17.833168,17.765574,0.0,0.0,0.0,4.0,0.0,0.0,0.0,0.0
34583,2023.0,8.0,29.0,3.0,19.208385,19.280052,18.23766,18.142921,18.948442,18.853937,18.796068,18.711855,18.207478,18.03446,18.249092,18.416338,19.996016,20.540379,18.637342,18.411228,17.812864,17.74479,0.0,0.0,0.0,0.0,4.0,4.0,0.0,0.0
34584,2023.0,8.0,29.0,4.0,19.191772,19.263336,18.222084,18.126173,18.925768,18.830505,18.772638,18.687626,18.009785,17.786743,18.053791,17.996048,19.334427,19.129517,18.711914,18.614143,17.792551,17.72372,0.0,0.0,0.0,0.0,0.0,0.0,0.0,0.0
34585,2023.0,8.0,29.0,4.0,19.17244,19.242266,18.206266,18.108812,18.903011,18.806581,18.749197,18.662971,18.545067,18.852694,17.951082,17.862421,19.122654,18.847483,18.714643,18.628668,17.772198,17.702356,0.0,0.0,0.0,4.0,0.0,0.0,0.0,0.0
34586,2023.0,8.0,29.0,4.0,19.152718,19.220905,18.190346,18.091465,18.880438,18.782972,18.72604,18.638721,18.104092,17.903152,17.913868,17.82403,19.056805,18.779118,18.691324,18.605286,17.752022,17.681282,0.0,0.0,0.0,0.0,0.0,0.0,0.0,0.0
34587,2023.0,8.0,29.0,4.0,19.133072,19.199835,18.174435,18.074368,18.858168,18.759943,18.703268,18.615135,17.939423,17.709831,17.879587,17.788982,19.88242,20.40628,18.665728,18.57924,17.732052,17.660625,0.0,0.0,0.0,0.0,0.0,4.0,0.0,0.0
34588,2023.0,8.0,29.0,4.0,19.112932,19.178047,18.15812,18.05669,18.835775,18.73647,18.680323,18.591095,18.005531,17.904247,17.847403,17.755571,19.261444,19.054607,18.639103,18.551872,17.711798,17.639479,0.0,0.0,0.0,0.0,0.0,0.0,0.0,0.0
34589,2023.0,8.0,29.0,4.0,19.09239,19.155664,18.141542,18.038668,18.813494,18.71291,18.657375,18.566912,18.008852,17.923363,18.10869,18.269146,19.04161,18.757635,18.612146,18.524021,18.421211,18.99211,0.0,0.0,0.0,0.0,4.0,0.0,0.0,4.0
34590,2023.0,8.0,29.0,5.0,19.071648,19.13307,18.124886,18.02048,18.79121,18.689322,18.63469,18.542835,17.983305,17.89771,17.912159,17.84269,18.974136,18.686514,18.585054,18.49599,17.941706,17.920609,0.0,0.0,0.0,0.0,0.0,0.0,0.0,0.0
34591,2023.0,8.0,29.0,5.0,19.729317,20.38271,18.110456,18.006643,18.77111,18.670143,18.614586,18.523401,17.957697,17.872957,17.816555,17.723095,19.80753,20.330418,18.559723,18.471514,17.666838,17.474785,0.0,0.0,0.0,0.0,0.0,4.0,0.0,0.0
34592,2023.0,8.0,29.0,5.0,19.304052,19.437016,18.096453,17.993357,18.7514,18.6512,18.59481,18.504221,17.932396,17.848097,17.781885,17.68882,19.876297,20.27365,18.534424,18.4467,17.574184,17.370155,0.0,0.0,0.0,0.0,0.0,4.0,0.0,0.0
34593,2023.0,8.0,29.0,5.0,18.95679,18.83548,18.082819,17.98073,18.73255,18.633339,18.575466,18.48592,17.908577,17.82512,18.042416,18.203987,19.208437,18.969324,18.509706,18.422844,18.36693,18.925493,0.0,0.0,0.0,0.0,4.0,0.0,0.0,4.0
34594,2023.0,8.0,29.0,5.0,19.543156,20.00765,18.069157,17.967865,18.713755,18.615269,18.55613,18.467335,18.46945,18.90037,17.846373,17.780144,19.018436,18.73399,18.484863,18.398592,18.530098,19.033249,0.0,0.0,0.0,4.0,0.0,0.0,0.0,4.0
34595,2023.0,8.0,29.0,5.0,19.6678,20.124626,18.055874,17.955479,19.384161,19.892262,18.53766,18.44963,18.721392,19.238337,17.74974,17.659166,18.946924,18.663961,18.460493,18.375072,17.85228,17.690844,0.0,4.0,0.0,4.0,0.0,0.0,0.0,0.0
34596,2023.0,8.0,29.0,6.0,19.711754,20.16199,18.495382,18.79072,18.990713,19.004576,19.213305,19.736023,18.046,17.86797,17.714605,17.624727,18.88747,18.606634,18.43651,18.351814,17.650581,17.446627,4.0,0.0,4.0,0.0,0.0,0.0,0.0,0.0
34597,2023.0,8.0,29.0,6.0,21.233229,22.823435,20.196918,21.688066,21.243113,23.037176,21.24518,23.193094,17.827953,17.597698,17.681927,17.592344,21.272858,22.780592,21.39695,23.448212,17.576326,17.37457,4.0,0.0,0.0,0.0,0.0,0.0,0.0,0.0
34598,2023.0,8.0,29.0,6.0,21.012613,22.208868,20.01665,21.11488,21.006134,22.304329,21.014797,22.449022,17.747185,17.518732,17.650787,17.561066,20.969484,22.058475,20.984415,22.473469,17.51281,17.312996,0.0,0.0,0.0,0.0,0.0,4.0,0.0,0.0
34599,2023.0,8.0,29.0,6.0,21.018515,22.078588,18.907816,18.831444,21.03992,22.221376,21.054863,22.339588,17.81952,17.726154,17.916355,18.079506,21.052256,22.094793,21.008343,22.308758,17.582092,17.503141,0.0,0.0,0.0,0.0,4.0,0.0,4.0,0.0
34600,2023.0,8.0,29.0,6.0,21.046764,22.080585,18.272007,17.974693,21.010906,22.044744,21.037693,22.204391,17.843822,17.764332,20.288225,22.10676,21.040838,21.965092,21.018066,22.19472,17.602173,17.532509,0.0,4.0,0.0,0.0,4.0,0.0,4.0,0.0
34601,2023.0,8.0,29.0,6.0,21.040083,22.009676,18.276705,18.13307,21.015188,21.989567,21.038383,22.13227,17.824133,17.746279,20.007025,21.33676,21.010107,21.807428,21.055021,22.203959,18.364895,18.990246,0.0,4.0,0.0,0.0,0.0,4.0,0.0,4.0
34602,2023.0,8.0,29.0,7.0,21.012905,21.892294,18.730272,19.00412,21.025627,21.942791,21.037413,22.075788,18.393915,18.83655,18.994135,19.178804,21.044432,21.845062,21.00658,22.003128,20.198906,21.937654,4.0,4.0,0.0,4.0,4.0,0.0,4.0,4.0
34603,2023.0,8.0,29.0,7.0,21.292336,22.425632,20.23763,21.571497,21.260197,22.364128,21.221983,22.403229,20.293196,21.992178,20.242582,21.590473,21.152468,22.015562,21.231434,22.429386,20.195778,21.72108,4.0,4.0,0.0,4.0,0.0,0.0,0.0,0.0
34604,2023.0,8.0,29.0,7.0,21.015167,21.845936,20.008917,20.945086,21.021475,21.84446,21.035131,21.992113,20.029171,21.254045,18.92159,18.867373,21.036777,21.743813,21.003326,21.893377,18.68606,18.624466,4.0,4.0,0.0,0.0,0.0,0.0,4.0,0.0
34605,2023.0,8.0,29.0,7.0,21.015802,21.835436,20.026842,20.872444,21.021265,21.818735,21.009546,21.897638,19.377466,19.79506,18.389002,18.30262,21.026358,21.712376,21.011183,21.88032,18.081114,17.89472,4.0,4.0,4.0,4.0,0.0,0.0,4.0,0.0
34606,2023.0,8.0,29.0,7.0,21.01523,21.82395,20.023293,20.792095,21.020498,21.797195,21.0145,21.896019,20.153093,21.308382,18.304556,18.222284,20.997898,21.624046,21.009363,21.854494,18.059645,18.000412,4.0,4.0,4.0,0.0,0.0,4.0,4.0,0.0
34607,2023.0,8.0,29.0,7.0,21.01442,21.814163,20.040762,20.79011,21.045609,21.850906,21.049961,21.957916,18.979216,18.899017,18.226778,18.149277,21.010216,21.626204,21.049034,21.941992,18.022438,17.964014,0.0,0.0,0.0,0.0,0.0,4.0,0.0,0.0
34608,2023.0,8.0,29.0,8.0,21.04149,21.880651,19.144741,19.028395,21.013695,21.74767,21.042572,21.91666,18.407331,18.198128,18.509655,18.735464,21.038538,21.684256,21.040123,21.896152,17.966547,17.910387,0.0,4.0,0.0,0.0,4.0,0.0,0.0,0.0
34609,2023.0,8.0,29.0,8.0,20.701273,21.183931,18.632496,18.370043,20.06793,19.954716,20.505913,20.836435,18.38766,18.30325,20.227797,21.65322,20.82657,21.222996,20.004799,19.879131,17.92587,17.874344,0.0,0.0,4.0,0.0,0.0,4.0,0.0,0.0
34610,2023.0,8.0,29.0,8.0,19.978033,19.9577,18.994455,19.203367,19.511383,19.237278,20.247953,20.546944,18.369164,18.30842,19.12629,19.31374,20.089895,19.901176,19.483952,19.262873,17.893177,17.845078,4.0,0.0,4.0,0.0,0.0,0.0,0.0,0.0
34611,2023.0,8.0,29.0,8.0,19.679155,19.56117,20.145329,21.209337,19.34686,19.054193,20.194662,20.503181,18.328167,18.27067,18.649618,18.583565,20.54833,20.931484,19.327839,19.103384,17.87157,17.825895,0.0,0.0,4.0,0.0,0.0,4.0,0.0,0.0
34612,2023.0,8.0,29.0,8.0,20.211113,20.706337,19.635445,20.060667,19.377216,19.257391,20.144583,20.467001,18.281744,18.227077,18.51162,18.43844,20.027191,19.831566,19.324705,19.234768,17.849957,17.807543,4.0,0.0,4.0,0.0,0.0,0.0,0.0,0.0
34613,2023.0,8.0,29.0,8.0,20.307257,20.818052,20.103643,20.932892,19.350346,19.261906,20.116247,20.450134,18.250242,18.19682,18.441898,18.368225,19.798801,19.548471,19.28288,19.210096,18.69211,19.40748,0.0,0.0,4.0,0.0,0.0,0.0,0.0,4.0
34614,2023.0,8.0,29.0,9.0,19.72885,19.737022,19.569656,19.819456,19.281565,19.201168,20.086586,20.433043,18.218891,18.16752,18.381144,18.311882,19.688148,19.44859,19.212168,19.144466,20.188614,21.782995,4.0,0.0,4.0,0.0,0.0,0.0,0.0,0.0
34615,2023.0,8.0,29.0,9.0,20.095066,20.620718,20.116205,20.943117,19.871145,20.370773,19.527584,19.425209,18.193333,18.143816,18.3334,18.26701,19.611513,19.38624,19.147804,19.083921,18.811066,18.867765,0.0,4.0,0.0,0.0,0.0,0.0,0.0,0.0
34616,2023.0,8.0,29.0,9.0,19.684076,19.728521,19.272453,19.251753,19.550285,19.60807,19.189976,18.999556,18.174368,18.12633,18.29755,18.234352,19.668716,19.570515,19.093145,19.031559,18.199837,18.091467,0.0,0.0,0.0,0.0,0.0,0.0,0.0,0.0
34617,2023.0,8.0,29.0,9.0,19.459057,19.429342,19.003368,18.915058,19.830229,20.214684,19.084091,18.896395,18.164862,18.117805,18.27815,18.216972,20.447052,21.064957,19.05594,18.996038,18.16103,18.106728,0.0,4.0,0.0,0.0,0.0,4.0,0.0,0.0
34618,2023.0,8.0,29.0,9.0,19.374533,19.3571,18.915339,18.860865,19.926355,20.342693,19.016525,18.847498,18.158323,18.112394,18.263453,18.204647,19.84391,19.761894,19.024042,18.966368,18.132906,18.087404,0.0,4.0,0.0,0.0,0.0,0.0,0.0,0.0
34619,2023.0,8.0,29.0,9.0,19.416948,19.516037,18.835884,18.789833,19.39109,19.329393,19.050653,18.988655,18.15458,18.109392,18.253307,18.19617,20.37571,20.864687,18.997772,18.941734,18.10052,18.05647,0.0,0.0,0.0,0.0,0.0,4.0,0.0,0.0
34620,2023.0,8.0,29.0,10.0,19.400896,19.521645,19.209444,19.554369,19.175402,19.036104,19.713171,20.274246,18.153187,18.108582,18.24701,18.19131,20.56066,21.092358,18.976095,18.921751,18.075115,18.032234,4.0,0.0,4.0,0.0,0.0,4.0,0.0,0.0
34621,2023.0,8.0,29.0,10.0,19.363607,19.487116,20.100775,21.079857,19.092089,18.958576,19.220747,19.215994,18.9046,19.52736,18.24344,18.18778,20.636154,21.173634,18.956924,18.90307,18.054426,18.011602,4.0,0.0,0.0,4.0,0.0,4.0,0.0,0.0
34622,2023.0,8.0,29.0,10.0,19.32494,19.451588,20.02227,20.837149,19.031294,18.912123,18.922663,18.834051,20.14905,21.502207,18.242437,18.186584,20.031324,19.975842,18.93775,18.884302,18.034061,17.991386,0.0,0.0,0.0,0.0,0.0,0.0,0.0,0.0
34623,2023.0,8.0,29.0,10.0,19.94905,20.65366,19.288492,19.36352,19.04189,18.994385,19.477709,19.936935,19.067122,19.185791,18.245499,18.189138,20.469776,20.957512,18.921507,18.868088,18.018135,17.975151,0.0,0.0,4.0,0.0,0.0,4.0,0.0,0.0
34624,2023.0,8.0,29.0,10.0,19.463615,19.598452,19.356583,19.632828,19.0297,19.000471,19.657381,20.157536,18.668678,18.576538,18.253374,18.196411,20.680786,21.247305,18.910387,18.856255,18.009956,17.96593,4.0,0.0,4.0,0.0,0.0,4.0,0.0,0.0
34625,2023.0,8.0,29.0,10.0,19.27942,19.346807,20.088432,20.918903,19.001469,18.977833,19.71214,20.214025,18.588003,18.494211,18.263693,18.2061,20.090714,20.072926,19.930777,20.792522,18.005709,17.961172,4.0,0.0,4.0,0.0,0.0,0.0,4.0,0.0
34626,2023.0,8.0,29.0,11.0,19.213047,19.284666,20.020885,20.744734,19.649092,20.22501,19.211086,19.238422,19.291512,19.874636,18.66887,18.955696,19.817047,19.689772,19.391554,19.429909,18.003815,17.958534,0.0,4.0,0.0,4.0,4.0,0.0,0.0,0.0
34627,2023.0,8.0,29.0,11.0,19.945337,20.711714,19.354797,19.428532,19.911774,20.514566,19.588089,20.102339,20.285007,21.488718,20.141548,21.430407,19.754135,19.621853,19.056221,18.983768,18.004587,17.95817,0.0,4.0,4.0,0.0,4.0,0.0,0.0,0.0
34628,2023.0,8.0,29.0,11.0,20.136671,20.82787,19.440878,19.820045,19.354134,19.40873,19.778923,20.30724,19.257765,19.346682,20.01411,20.982376,20.463598,20.990158,18.989622,18.907858,18.937248,19.716558,4.0,0.0,4.0,0.0,0.0,4.0,0.0,4.0
34629,2023.0,8.0,29.0,11.0,20.166872,20.851566,20.065336,20.866488,19.075378,19.04999,19.825224,20.357918,18.844385,18.781796,19.248924,19.363995,20.103788,20.112871,18.97104,18.891869,20.106392,21.476408,4.0,0.0,4.0,0.0,0.0,0.0,0.0,4.0
34630,2023.0,8.0,29.0,11.0,19.634968,19.814266,20.00379,20.68918,19.637695,20.164127,19.31758,19.377617,18.757128,18.69193,19.244484,19.536482,20.625858,21.202492,20.009447,20.866793,20.026026,21.16574,4.0,4.0,0.0,0.0,4.0,4.0,4.0,0.0
34631,2023.0,8.0,29.0,11.0,20.015705,20.690462,20.010923,20.668297,19.318808,19.396889,19.057617,19.055452,18.719053,18.652317,20.096691,21.003536,20.880356,21.501944,19.520184,19.601717,19.08179,19.210436,4.0,0.0,0.0,0.0,0.0,4.0,0.0,0.0
34632,2023.0,8.0,29.0,12.0,19.62543,19.806112,20.0273,20.69157,19.06991,19.07353,19.632927,20.19889,18.6918,18.624937,19.428938,19.581942,20.966633,21.59213,19.166155,19.106443,18.61787,18.579845,0.0,0.0,4.0,0.0,0.0,4.0,0.0,0.0
34633,2023.0,8.0,29.0,12.0,21.220554,22.755434,19.459866,19.580568,21.226944,22.945673,21.170818,22.739033,18.669586,18.602463,19.02363,18.980108,21.036255,21.660751,21.327633,22.892513,18.512169,18.46776,0.0,0.0,4.0,0.0,0.0,4.0,4.0,0.0
34634,2023.0,8.0,29.0,12.0,20.999943,22.167461,19.104382,19.112389,20.968555,22.195108,21.017525,22.284138,18.650919,18.583359,18.908443,18.83589,21.019983,21.603975,21.004808,22.169065,18.447493,18.387188,0.0,4.0,0.0,0.0,0.0,0.0,0.0,0.0
34635,2023.0,8.0,29.0,12.0,21.073475,22.205904,18.988604,18.987932,21.0473,22.199564,21.046389,22.183136,18.636211,18.56959,18.865183,18.788916,21.140629,21.765831,21.0793,22.173485,18.406086,18.346085,0.0,4.0,4.0,0.0,0.0,4.0,0.0,0.0
34636,2023.0,8.0,29.0,12.0,21.021854,22.04713,18.920141,18.92817,21.036552,22.113094,21.01336,22.05631,19.386517,20.002014,18.836128,18.763,21.008984,21.50261,20.988934,21.88076,18.37882,18.32167,0.0,0.0,4.0,4.0,0.0,0.0,4.0,0.0
34637,2023.0,8.0,29.0,12.0,21.02776,22.01717,19.315342,19.727314,21.034334,22.04046,21.015734,22.009075,20.075777,21.028452,18.80851,18.736414,21.019974,21.503595,21.039593,21.954378,18.355074,18.300117,4.0,0.0,4.0,0.0,0.0,0.0,0.0,0.0
34638,2023.0,8.0,29.0,13.0,21.026602,21.982918,20.08162,20.981142,21.008072,21.916973,21.014647,21.968826,19.314384,19.429543,18.78501,18.715227,21.01844,21.483109,21.050474,21.880161,18.335825,18.283981,4.0,4.0,4.0,0.0,0.0,0.0,4.0,0.0
34639,2023.0,8.0,29.0,13.0,21.02568,21.956299,19.995167,20.725925,21.038692,21.964792,21.013302,21.937029,18.926702,18.887613,18.76325,18.69499,21.238495,21.866388,21.030458,21.856201,18.317625,18.267738,4.0,0.0,4.0,0.0,0.0,4.0,0.0,0.0
34640,2023.0,8.0,29.0,13.0,21.05471,21.99053,20.052925,20.804638,21.02468,21.872734,21.071377,22.051928,18.823734,18.766966,18.744238,18.678474,21.294361,21.911257,21.060411,21.883835,18.30125,18.253925,0.0,4.0,0.0,0.0,0.0,4.0,0.0,0.0
34641,2023.0,8.0,29.0,13.0,21.021376,21.909191,19.44159,19.573292,21.009924,21.83561,21.0281,21.933073,19.531214,20.149311,19.102797,19.370968,21.319,21.932207,21.024345,21.789783,18.286545,18.242306,0.0,4.0,0.0,4.0,4.0,4.0,0.0,0.0
34642,2023.0,8.0,29.0,13.0,21.025518,21.904444,19.105536,19.143175,21.036572,21.894224,21.00799,21.85137,20.061121,20.908175,20.111055,21.079565,20.98977,21.345278,21.02866,21.780256,18.271841,18.23016,0.0,0.0,4.0,0.0,0.0,0.0,0.0,0.0
34643,2023.0,8.0,29.0,13.0,21.024824,21.891266,19.430544,19.833685,21.030428,21.862867,21.012106,21.847328,19.36048,19.461277,19.405262,19.572025,21.0203,21.41822,21.024927,21.763088,18.258745,18.219748,4.0,0.0,4.0,0.0,0.0,0.0,0.0,0.0
34644,2023.0,8.0,29.0,14.0,21.024189,21.88045,20.082573,20.922966,21.03054,21.845098,21.037298,21.90805,19.005943,18.981981,18.986832,18.960163,21.017183,21.4168,21.025293,21.754538,19.222322,20.060255,0.0,0.0,0.0,0.0,0.0,0.0,0.0,4.0
34645,2023.0,8.0,29.0,14.0,20.384506,20.640427,19.814777,20.297506,20.858595,21.474974,20.226536,20.333899,18.895868,18.85352,18.876608,18.828642,20.539106,20.497322,20.336527,20.418331,20.09927,21.338898,4.0,4.0,0.0,0.0,0.0,0.0,0.0,0.0
34646,2023.0,8.0,29.0,14.0,20.674742,21.408974,20.0645,20.803465,20.18504,20.27464,19.788664,19.795279,18.840288,18.796396,19.212763,19.49849,21.092386,21.696836,19.938646,19.892006,19.12102,19.281721,0.0,0.0,0.0,0.0,4.0,4.0,0.0,0.0
34647,2023.0,8.0,29.0,14.0,20.833248,21.592052,19.452755,19.570446,20.443222,20.980919,20.262394,20.812492,18.798714,18.755209,20.097761,20.99735,20.624224,20.647947,19.786879,19.732754,18.661242,18.665674,0.0,4.0,4.0,0.0,0.0,0.0,0.0,0.0
34648,2023.0,8.0,29.0,14.0,20.776499,21.467995,19.137383,19.175167,20.010252,20.087894,20.397352,20.947968,18.765898,18.72409,19.434452,19.590935,20.324194,20.246658,19.693785,19.64128,18.532808,18.505363,0.0,0.0,4.0,0.0,0.0,0.0,0.0,0.0
34649,2023.0,8.0,29.0,14.0,20.184511,20.365147,19.043303,19.059076,19.765894,19.751356,19.853458,19.92586,18.742182,18.70155,19.126726,19.097088,20.964125,21.526585,19.629057,19.576937,18.478903,18.446264,0.0,0.0,0.0,0.0,0.0,4.0,0.0,0.0
34650,2023.0,8.0,29.0,15.0,20.630093,21.339136,19.427582,19.829786,20.294298,20.83327,20.25968,20.81332,18.720236,18.681639,19.032917,18.987494,21.147133,21.769918,19.570856,19.521116,18.441704,18.410118,4.0,4.0,4.0,0.0,0.0,4.0,0.0,0.0
34651,2023.0,8.0,29.0,15.0,20.69574,21.387281,20.069115,20.903053,19.851568,19.927885,19.786741,19.863308,18.698847,18.661396,18.973185,18.924622,20.526354,20.551043,19.518705,19.470676,18.409952,18.379337,4.0,0.0,0.0,0.0,0.0,0.0,0.0,0.0
34652,2023.0,8.0,29.0,15.0,20.699106,21.385128,20.015795,20.73134,19.565523,19.556578,19.49546,19.49669,18.675907,18.639679,19.324825,19.638372,20.236431,20.156254,19.462801,19.41598,18.376038,18.346254,0.0,0.0,0.0,0.0,4.0,0.0,0.0,0.0
34653,2023.0,8.0,29.0,15.0,20.723223,21.418222,19.429869,19.547667,19.471802,19.458815,20.031757,20.583523,19.38045,19.989532,20.086988,20.92595,20.148083,20.065073,19.413477,19.36975,18.346056,18.318281,0.0,0.0,4.0,4.0,0.0,0.0,0.0,0.0
34654,2023.0,8.0,29.0,15.0,20.736416,21.427135,19.116127,19.145304,19.415949,19.412008,19.671675,19.7613,20.050064,20.956102,19.463829,19.618423,20.090126,20.00799,20.376432,21.233053,18.318916,18.292845,0.0,0.0,0.0,4.0,0.0,0.0,4.0,0.0
34655,2023.0,8.0,29.0,15.0,20.745764,21.432417,19.015055,19.027908,20.031702,20.613567,20.017822,20.569395,20.02334,20.822899,19.071674,19.055223,20.068048,20.014074,19.833712,19.90587,18.293913,18.269285,0.0,4.0,4.0,0.0,0.0,0.0,0.0,0.0
34656,2023.0,8.0,29.0,16.0,20.178616,20.361471,18.95037,18.959297,19.673698,19.756208,19.632607,19.708916,19.340265,19.427952,18.956842,18.921616,20.79914,21.434834,19.466055,19.420362,18.271515,18.248348,0.0,0.0,0.0,0.0,0.0,4.0,0.0,0.0
34657,2023.0,8.0,29.0,16.0,20.615955,21.307058,19.347301,19.7372,19.45634,19.440798,19.421339,19.414066,19.076046,19.045782,18.905779,18.868526,20.277369,20.310534,19.38431,19.333815,18.253496,18.231215,4.0,0.0,0.0,0.0,0.0,0.0,0.0,0.0
34658,2023.0,8.0,29.0,16.0,20.696383,21.376125,20.097881,21.013388,20.021072,20.560007,19.33667,19.322012,18.981098,18.94197,18.861145,18.82349,20.06299,19.981937,19.3344,19.283585,18.235897,18.21453,0.0,4.0,0.0,0.0,0.0,0.0,0.0,0.0
34659,2023.0,8.0,29.0,16.0,20.706604,21.378315,19.78249,20.255798,20.20227,20.73851,19.284933,19.286316,19.634998,20.242321,18.817562,18.782103,19.987238,19.901468,19.299675,19.262344,18.217316,18.196947,4.0,4.0,0.0,4.0,0.0,0.0,0.0,0.0
34660,2023.0,8.0,29.0,16.0,20.721987,21.388212,20.04758,20.726559,20.232582,20.761065,19.243109,19.246317,20.05969,20.894238,18.784538,18.749586,19.97759,19.926605,19.2691,19.234287,19.116037,19.91017,4.0,4.0,0.0,0.0,0.0,0.0,0.0,4.0
34661,2023.0,8.0,29.0,16.0,20.731125,21.387888,20.020847,20.650007,20.261162,20.783707,19.878792,20.480686,19.345085,19.41253,18.749575,18.716093,19.954342,19.909689,19.235744,19.202328,20.123392,21.440975,0.0,4.0,4.0,0.0,0.0,0.0,0.0,0.0
34662,2023.0,8.0,29.0,17.0,20.736856,21.38576,19.475271,19.569763,20.283825,20.800426,19.511326,19.5906,19.003548,18.973665,18.718653,18.687452,19.924086,19.881737,19.205582,19.173702,19.064766,19.209564,0.0,4.0,0.0,0.0,0.0,0.0,0.0,0.0
34663,2023.0,8.0,29.0,17.0,20.749159,21.398106,19.609568,19.92855,20.296339,20.804285,19.914627,20.437641,18.926363,18.893286,18.692709,18.660965,19.896566,19.853779,19.179834,19.147503,19.552038,20.28104,4.0,4.0,4.0,0.0,0.0,0.0,0.0,4.0
34664,2023.0,8.0,29.0,17.0,20.178844,20.319714,20.049675,20.686407,20.30565,20.804348,19.46559,19.500807,18.877035,18.843805,19.062445,19.380985,20.64343,21.296844,19.155321,19.122818,20.080233,21.13742,4.0,4.0,0.0,0.0,4.0,4.0,0.0,0.0
34665,2023.0,8.0,29.0,17.0,20.534042,21.173513,20.002123,20.551815,20.314346,20.803782,19.827503,20.3334,19.544542,20.14907,20.131042,21.1647,20.158392,20.15588,20.147924,21.02195,19.15236,19.23226,4.0,4.0,4.0,4.0,0.0,0.0,4.0,0.0
34666,2023.0,8.0,29.0,17.0,20.686697,21.321693,20.008036,20.535734,19.780617,19.794325,19.455856,19.48282,20.062267,20.887045,19.680426,20.111378,19.867498,19.766947,19.572712,19.599825,18.712387,18.669989,4.0,0.0,0.0,0.0,4.0,0.0,0.0,0.0
34667,2023.0,8.0,29.0,17.0,20.693325,21.314638,20.00719,20.512873,19.478985,19.398958,19.182447,19.123535,19.302195,19.32235,20.096018,20.925505,20.527937,21.076166,20.197517,20.995594,18.578861,18.520956,4.0,0.0,0.0,0.0,0.0,4.0,4.0,0.0
34668,2023.0,8.0,29.0,18.0,20.70128,21.311039,20.007193,20.49573,19.995783,20.446344,19.095535,19.019978,19.618658,20.14221,19.353628,19.394335,20.758549,21.313204,19.596748,19.599913,18.520803,18.484844,4.0,4.0,0.0,4.0,0.0,4.0,0.0,0.0
34669,2023.0,8.0,29.0,18.0,21.042164,21.894241,20.025517,20.53286,21.119692,22.28435,21.215958,22.807169,20.059679,20.801329,19.380976,19.679377,21.056742,21.811083,21.304203,22.762182,18.468359,18.43483,0.0,4.0,4.0,0.0,4.0,0.0,0.0,0.0
34670,2023.0,8.0,29.0,18.0,21.027008,21.838854,19.481298,19.47019,20.99895,21.920383,20.990524,22.139912,19.327206,19.312767,20.091393,20.886929,21.02222,21.668804,21.01046,22.075659,18.418745,18.385792,0.0,4.0,4.0,0.0,0.0,0.0,0.0,0.0
34671,2023.0,8.0,29.0,18.0,21.026552,21.798927,19.573574,19.823841,21.039936,21.939737,21.019941,22.063482,18.97264,18.876244,19.42908,19.521395,21.025347,21.622122,20.997593,21.90959,18.37807,18.346312,4.0,0.0,4.0,0.0,0.0,0.0,4.0,0.0
34672,2023.0,8.0,29.0,18.0,20.996998,21.690329,20.08008,20.689201,21.004398,21.786493,21.014275,21.96339,18.920536,18.87603,19.052996,19.015621,21.02395,21.580973,21.042084,21.955912,18.344313,18.313835,0.0,4.0,4.0,0.0,0.0,0.0,0.0,0.0
34673,2023.0,8.0,29.0,18.0,21.032227,21.763676,19.458887,19.442638,21.037792,21.829926,21.015331,21.901829,18.875746,18.835295,18.93794,18.892365,21.174385,21.822691,21.032362,21.878775,18.316109,18.287445,0.0,0.0,4.0,0.0,0.0,4.0,0.0,0.0
34674,2023.0,8.0,29.0,19.0,20.995756,21.652515,19.20208,19.163464,21.029736,21.776865,21.04032,21.925074,18.82338,18.782808,18.864347,18.815878,20.999489,21.478945,21.031635,21.832275,18.2905,18.2626,0.0,0.0,0.0,0.0,0.0,0.0,0.0,0.0
34675,2023.0,8.0,29.0,19.0,21.004955,21.661161,19.582413,19.941162,21.005434,21.677607,21.008268,21.798767,18.77831,18.739254,19.190237,19.484106,21.027954,21.52309,21.15226,21.99651,18.26787,18.240969,4.0,4.0,4.0,0.0,4.0,0.0,4.0,0.0
34676,2023.0,8.0,29.0,19.0,21.00337,21.65176,20.061226,20.71692,21.01064,21.669535,21.040274,21.853426,19.502073,20.14685,20.101505,20.994646,21.02379,21.50218,21.017912,21.742157,19.225584,20.077345,0.0,4.0,0.0,4.0,4.0,0.0,0.0,4.0
34677,2023.0,8.0,29.0,19.0,21.003666,21.645643,19.498379,19.563417,21.0362,21.72663,21.007555,21.738607,20.06768,20.93375,20.019749,20.736206,21.01842,21.492233,21.034277,21.756598,20.105816,21.345465,0.0,0.0,4.0,0.0,0.0,0.0,0.0,0.0
34678,2023.0,8.0,29.0,19.0,21.031391,21.713812,19.615717,19.954453,21.004673,21.625143,21.039362,21.802038,19.23667,19.213333,19.29491,19.267897,21.018917,21.492031,21.031706,21.733274,18.996391,19.020006,4.0,4.0,0.0,0.0,0.0,0.0,0.0,0.0
34679,2023.0,8.0,29.0,19.0,21.024605,21.685606,20.053827,20.64806,21.037397,21.699265,21.031937,21.765392,18.825048,18.693512,19.266666,19.45852,21.228752,21.868002,21.031101,21.715792,18.49932,18.397045,4.0,0.0,0.0,0.0,4.0,4.0,0.0,0.0
34680,2023.0,8.0,29.0,20.0,21.026009,21.674402,20.018827,20.540125,21.003675,21.596254,21.033867,21.749191,18.804626,18.752089,20.13052,20.932621,21.000391,21.421438,21.02538,21.702171,18.456495,18.41663,0.0,4.0,0.0,0.0,0.0,0.0,0.0,0.0
34681,2023.0,8.0,29.0,20.0,20.998114,21.586292,19.422089,19.35727,21.036386,21.673283,20.999851,21.659342,18.779545,18.734365,19.31548,19.267168,21.053955,21.498829,21.02613,21.699306,18.422573,18.387127,0.0,0.0,4.0,0.0,0.0,4.0,0.0,0.0
34682,2023.0,8.0,29.0,20.0,21.03199,21.670918,19.06459,18.879805,21.0039,21.575453,21.03984,21.746109,19.49371,20.125175,18.986668,18.92431,21.022202,21.457855,21.025858,21.693956,19.361773,20.2086,0.0,4.0,0.0,4.0,0.0,0.0,0.0,4.0
34683,2023.0,8.0,29.0,20.0,21.024485,21.647795,19.062239,18.98159,21.009743,21.580927,21.031773,21.714695,20.048428,20.861368,18.911493,18.851377,21.024853,21.45814,21.02522,21.687702,20.100615,21.233755,0.0,4.0,0.0,4.0,0.0,0.0,0.0,0.0
34684,2023.0,8.0,29.0,20.0,20.998053,21.56493,19.044868,18.980398,21.009247,21.575388,21.007019,21.630365,20.029598,20.752905,18.844423,18.788206,21.059608,21.490564,21.025637,21.683159,19.02432,19.005672,0.0,4.0,4.0,0.0,0.0,4.0,0.0,0.0
34685,2023.0,8.0,29.0,20.0,21.032774,21.652002,18.998653,18.93321,21.009155,21.570427,21.012135,21.634575,19.845049,20.282558,19.175987,19.46905,21.02133,21.441584,21.025385,21.677454,18.540394,18.41051,0.0,4.0,4.0,4.0,4.0,0.0,0.0,0.0
34686,2023.0,8.0,29.0,21.0,21.025286,21.628954,19.405676,19.73208,21.03556,21.637945,21.03793,21.70201,20.060371,20.71219,20.108543,21.012037,21.024874,21.444407,21.025448,21.672369,18.423183,18.288681,4.0,0.0,0.0,0.0,4.0,0.0,0.0,0.0
34687,2023.0,8.0,29.0,21.0,21.025436,21.62114,20.065277,20.786089,21.029774,21.61376,21.032307,21.679468,19.288721,19.169361,20.0222,20.737207,21.02462,21.438585,21.249657,22.05799,18.437761,18.391323,4.0,0.0,0.0,0.0,0.0,0.0,4.0,0.0
34688,2023.0,8.0,29.0,21.0,21.017889,21.613981,20.022278,20.621004,21.030182,21.60139,21.032663,21.668194,18.917383,18.734066,19.531727,19.689548,21.017344,21.433416,20.999327,21.577587,18.418242,18.375013,0.0,0.0,0.0,0.0,4.0,0.0,0.0,0.0
34689,2023.0,8.0,29.0,21.0,21.019098,21.62011,19.326618,19.216803,21.003878,21.517338,20.998043,21.585245,18.910135,18.839657,20.122711,20.851007,21.018381,21.440603,21.035227,21.645792,18.378202,18.33405,0.0,4.0,4.0,0.0,0.0,0.0,0.0,0.0
34690,2023.0,8.0,29.0,21.0,21.118793,21.784517,19.351873,19.47252,21.035763,21.597912,21.013212,21.606686,19.601862,20.179949,19.607206,19.759071,21.018356,21.443531,21.030693,21.629194,18.341606,18.295874,4.0,0.0,4.0,4.0,4.0,0.0,0.0,0.0
34691,2023.0,8.0,29.0,21.0,21.012878,21.587181,20.107046,20.779186,21.029549,21.57702,21.037893,21.670986,20.063005,20.813011,20.097837,20.739374,21.018328,21.444996,21.091553,21.696629,18.30976,18.26275,0.0,0.0,0.0,0.0,4.0,0.0,4.0,0.0
34692,2023.0,8.0,29.0,22.0,21.027802,21.610235,19.707314,19.891008,21.030241,21.569086,21.03239,21.648312,19.22021,19.093487,20.022934,20.564247,21.018513,21.445868,21.025663,21.60401,18.281416,18.233192,4.0,0.0,0.0,0.0,0.0,0.0,0.0,0.0
34693,2023.0,8.0,29.0,22.0,21.025963,21.598394,20.088064,20.668816,21.01607,21.521082,21.03279,21.63733,18.820911,18.618784,19.29262,19.12679,21.018555,21.445747,21.032253,21.614044,18.25567,18.20601,0.0,4.0,0.0,0.0,0.0,0.0,0.0,0.0
34694,2023.0,8.0,29.0,22.0,21.017946,21.5922,19.707212,19.844584,21.03602,21.581629,21.023165,21.62656,18.839922,18.769438,19.395847,19.612043,21.018503,21.444805,21.030714,21.604462,18.231956,18.180344,4.0,0.0,0.0,0.0,4.0,0.0,0.0,0.0
34695,2023.0,8.0,29.0,22.0,21.018364,21.599163,20.08426,20.620724,21.02979,21.56015,21.024662,21.63314,18.819178,18.750942,20.102343,20.79732,21.018414,21.443409,21.031096,21.59835,18.210861,18.157894,0.0,0.0,0.0,0.0,0.0,0.0,0.0,0.0
34696,2023.0,8.0,29.0,22.0,21.01885,21.603325,19.392529,19.237282,21.030516,21.552074,21.024492,21.634066,18.770927,18.70301,19.74957,20.03412,21.018467,21.442118,21.023441,21.592304,18.19167,18.137506,0.0,0.0,0.0,0.0,4.0,0.0,0.0,0.0
34697,2023.0,8.0,29.0,22.0,21.019201,21.605364,19.17322,19.065947,21.020657,21.54318,21.024445,21.63379,19.348454,19.831623,20.07692,20.70865,21.018436,21.440472,21.024084,21.598284,18.17356,18.11769,0.0,0.0,0.0,4.0,0.0,0.0,0.0,0.0
34698,2023.0,8.0,29.0,23.0,21.018484,21.604729,19.126434,19.02884,21.02215,21.551651,21.024422,21.632807,20.09485,20.981255,19.44564,19.440626,21.018345,21.43855,21.024029,21.600584,18.157112,18.099928,0.0,0.0,0.0,0.0,0.0,0.0,0.0,0.0
34699,2023.0,8.0,29.0,23.0,20.535856,20.676281,19.06648,18.967718,21.009665,21.50184,20.40184,20.435312,19.156475,19.032778,19.406378,19.579086,20.5232,20.483519,20.378958,20.359543,18.141973,18.083624,0.0,4.0,0.0,0.0,4.0,0.0,0.0,0.0
34700,2023.0,8.0,29.0,23.0,20.315895,20.37573,19.020254,18.916397,20.44057,20.43911,20.095472,20.004139,18.81466,18.56987,19.138617,19.071655,20.330061,20.23084,20.120333,20.030104,18.12842,18.067924,0.0,0.0,0.0,0.0,0.0,0.0,0.0,0.0
34701,2023.0,8.0,29.0,23.0,20.212595,20.264215,18.97682,18.869293,19.940327,19.604654,19.957182,19.852875,18.857613,18.762644,19.332638,19.538729,20.240498,20.13908,19.993166,19.899767,18.114248,18.051556,0.0,0.0,0.0,0.0,4.0,0.0,0.0,0.0
34702,2023.0,8.0,29.0,23.0,20.135445,20.186735,18.939295,18.830122,19.757946,19.397493,19.857363,19.75323,19.465794,19.94902,18.87583,18.626347,20.165298,20.061426,19.893566,19.802778,18.100142,18.03575,0.0,0.0,0.0,4.0,0.0,0.0,0.0,0.0
34703,2023.0,8.0,29.0,23.0,20.066896,20.115238,19.357178,19.643373,19.825079,19.651485,19.769524,19.662546,19.651173,20.161558,18.65411,18.353018,20.097628,19.990658,19.804682,19.713615,18.085207,18.018646,4.0,0.0,0.0,4.0,0.0,0.0,0.0,0.0
34704,2023.0,8.0,30.0,0.0,20.008144,20.055067,19.098684,19.084377,19.810732,19.683088,19.694138,19.586681,18.932003,18.734354,18.72553,18.591497,20.038095,19.929571,19.72584,19.633297,18.070383,18.00196,0.0,0.0,0.0,0.0,0.0,0.0,0.0,0.0
34705,2023.0,8.0,30.0,0.0,19.950335,19.990772,18.919743,18.798983,19.752407,19.624004,19.6194,19.504509,18.666677,18.390642,18.728197,18.625195,19.979885,19.865786,19.650219,19.552057,18.054365,17.98301,0.0,0.0,0.0,0.0,0.0,0.0,0.0,0.0
34706,2023.0,8.0,30.0,0.0,19.90132,19.939917,18.870964,18.74754,19.695988,19.566679,19.557276,19.441376,18.571623,18.295973,18.680689,18.573238,19.929619,19.813488,19.584936,19.485193,18.039177,17.965784,0.0,0.0,0.0,0.0,0.0,0.0,0.0,0.0
34707,2023.0,8.0,30.0,0.0,19.85561,19.892399,18.831272,18.705849,19.642761,19.512398,19.500269,19.383238,18.674437,18.579302,18.63447,18.524801,19.88306,19.76485,19.52496,19.423573,18.023912,17.948465,0.0,0.0,0.0,0.0,0.0,0.0,0.0,0.0
34708,2023.0,8.0,30.0,0.0,19.812717,19.847666,18.796669,18.669186,19.592905,19.46137,19.447535,19.32925,18.655273,18.55843,18.590302,18.47841,19.83963,19.7193,19.469456,19.366379,18.008562,17.931044,0.0,0.0,0.0,0.0,0.0,0.0,0.0,0.0
34709,2023.0,8.0,30.0,0.0,19.773245,19.807135,18.766178,18.637953,19.547709,19.416513,19.400131,19.282177,18.619629,18.52131,18.870432,19.039726,19.799623,19.677887,19.418509,19.314438,17.993382,17.914045,0.0,0.0,0.0,0.0,4.0,0.0,0.0,0.0
34710,2023.0,8.0,30.0,1.0,19.737017,19.770782,18.738104,18.609266,19.505888,19.37554,19.356567,19.239424,18.585184,18.48622,18.63796,18.54766,19.76278,19.640448,19.371933,19.267897,18.707096,19.269274,0.0,0.0,0.0,0.0,0.0,0.0,0.0,4.0
34711,2023.0,8.0,30.0,1.0,19.701542,19.733936,18.710861,18.580452,19.464983,19.333887,19.314314,19.19613,18.55111,18.450706,18.529606,18.414078,19.727144,19.603456,19.326994,19.221798,18.230686,18.193304,0.0,0.0,0.0,0.0,0.0,0.0,0.0,0.0
34712,2023.0,8.0,30.0,1.0,19.666965,19.696886,18.684288,18.551527,19.425304,19.292187,19.273676,19.15308,18.518105,18.415426,18.485807,18.3679,19.692724,19.566862,19.283836,19.176517,17.938587,17.712475,0.0,0.0,0.0,0.0,0.0,0.0,0.0,0.0
34713,2023.0,8.0,30.0,1.0,19.63498,19.663372,18.659025,18.52421,19.38818,19.253544,19.23573,19.113321,18.487345,18.383045,18.44504,18.325085,19.660599,19.53323,19.243792,19.13519,17.849937,17.611567,0.0,0.0,0.0,0.0,0.0,0.0,0.0,0.0
34714,2023.0,8.0,30.0,1.0,19.604992,19.632408,18.635698,18.49991,19.354025,19.219086,19.200712,19.07785,18.458605,18.353312,18.408583,18.287636,19.630434,19.50215,19.206247,19.096941,17.9586,17.881647,0.0,0.0,0.0,0.0,0.0,0.0,0.0,0.0
34715,2023.0,8.0,30.0,1.0,19.57624,19.602573,18.613209,18.476404,19.321512,19.186178,19.167286,19.043941,18.431196,18.324915,18.37423,18.252289,19.601545,19.472343,19.170523,19.060501,17.950306,17.862623,0.0,0.0,0.0,0.0,0.0,0.0,0.0,0.0
34716,2023.0,8.0,30.0,2.0,19.549847,19.576202,18.593256,18.4575,19.292566,19.15928,19.137548,19.01625,18.989012,19.395443,18.34358,18.222868,19.57506,19.446432,19.137655,19.028498,17.934052,17.846117,0.0,0.0,0.0,4.0,0.0,0.0,0.0,0.0
34717,2023.0,8.0,30.0,2.0,19.521715,19.545368,18.570496,18.43229,19.261078,19.125978,19.105314,18.982132,18.608902,18.548925,18.31093,18.18805,19.546883,19.41622,19.103554,18.992697,18.644247,19.197073,0.0,0.0,0.0,0.0,0.0,0.0,0.0,4.0
34718,2023.0,8.0,30.0,2.0,19.494041,19.514692,18.547344,18.406115,19.229765,19.092285,19.07348,18.947779,18.461075,18.351513,18.278477,18.153013,19.518724,19.385706,19.069847,18.956976,18.00684,17.804287,0.0,0.0,0.0,0.0,0.0,0.0,0.0,0.0
34719,2023.0,8.0,30.0,2.0,19.464838,19.48052,18.521772,18.374905,19.196304,19.053534,19.039736,18.908493,18.414198,18.299025,18.244108,18.11354,19.48917,19.352026,19.035036,18.918343,17.788452,17.521261,0.0,0.0,0.0,0.0,0.0,0.0,0.0,0.0
34720,2023.0,8.0,30.0,2.0,19.446543,19.467865,18.498827,18.348835,19.166248,19.020983,19.009388,18.875525,18.375637,18.258226,18.212717,18.079565,19.461641,19.322123,19.002588,18.883877,17.902822,17.814098,0.0,0.0,0.0,0.0,0.0,0.0,0.0,0.0
34721,2023.0,8.0,30.0,2.0,19.430546,19.457563,18.47607,18.322897,19.136822,18.988983,18.97953,18.843052,18.341368,18.22162,18.18184,18.046083,19.434418,19.29251,18.97075,18.850002,17.887833,17.787413,0.0,0.0,0.0,0.0,0.0,0.0,0.0,0.0
34722,2023.0,8.0,30.0,3.0,19.408474,19.433914,18.455746,18.301891,19.110338,18.962582,18.952633,18.816254,18.31091,18.190918,18.1535,18.017532,20.126038,20.62264,18.94087,18.819777,17.865833,17.764479,0.0,0.0,0.0,0.0,0.0,4.0,0.0,0.0
34723,2023.0,8.0,30.0,3.0,19.384464,19.407158,18.43363,18.277143,19.082275,18.932333,18.924057,18.785505,18.280153,18.158129,18.123493,17.98535,19.641811,19.565802,18.910027,18.78723,18.570845,19.109993,0.0,0.0,0.0,0.0,0.0,0.0,0.0,4.0
34724,2023.0,8.0,30.0,3.0,19.359205,19.377855,18.41043,18.250042,19.05336,18.899696,18.894667,18.752357,18.24913,18.12382,18.092293,17.950542,19.249681,18.876915,18.87833,18.752657,18.65156,19.062449,0.0,0.0,0.0,0.0,0.0,0.0,0.0,4.0
34725,2023.0,8.0,30.0,3.0,19.336472,19.353626,18.390013,18.228388,19.027851,18.873455,18.869175,18.725952,18.221437,18.095467,18.064178,17.921768,19.135012,18.747896,18.849234,18.723053,17.962723,17.708946,0.0,0.0,0.0,0.0,0.0,0.0,0.0,0.0
34726,2023.0,8.0,30.0,3.0,19.312136,19.326384,18.368093,18.20371,19.00078,18.843996,18.842443,18.696535,18.192728,18.064611,18.034414,17.88966,19.059326,18.667639,18.818897,18.690832,18.502783,18.87204,0.0,0.0,0.0,0.0,0.0,0.0,0.0,4.0
34727,2023.0,8.0,30.0,3.0,19.288044,19.299763,18.346468,18.17963,18.974133,18.81536,18.816223,18.668058,18.164688,18.034779,18.005,17.858284,19.223078,19.054827,18.788979,18.65937,17.936497,17.673225,0.0,0.0,0.0,0.0,0.0,0.0,0.0,0.0
34728,2023.0,8.0,30.0,4.0,19.263313,19.271935,18.324228,18.15434,18.946905,18.785488,18.789522,18.638449,18.727592,19.115982,17.974834,17.82548,19.245623,19.089272,18.7585,18.626747,17.721346,17.409767,0.0,0.0,0.0,4.0,0.0,0.0,0.0,0.0
34729,2023.0,8.0,30.0,4.0,19.238123,19.242956,18.301033,18.127106,18.919012,18.754105,18.761925,18.607246,18.319458,18.214241,17.943895,17.791271,19.22208,19.063625,18.727482,18.593088,17.636808,17.322002,0.0,0.0,0.0,0.0,0.0,0.0,0.0,0.0
34730,2023.0,8.0,30.0,4.0,19.212843,19.21372,18.277239,18.098955,18.890747,18.722101,18.733656,18.575258,18.776035,19.158247,17.912119,17.75608,19.1963,19.034763,18.695944,18.558817,17.756481,17.630285,0.0,0.0,0.0,4.0,0.0,0.0,0.0,0.0
34731,2023.0,8.0,30.0,4.0,19.18792,19.185226,18.253624,18.071383,18.86286,18.690916,18.705566,18.543953,18.137209,17.813974,17.880178,17.72122,19.168955,19.004704,18.664402,18.524961,17.758053,17.635681,0.0,0.0,0.0,0.0,0.0,0.0,0.0,0.0
34732,2023.0,8.0,30.0,4.0,19.16064,19.15211,18.226444,18.0369,18.83158,18.653,18.67403,18.505842,17.884445,17.492985,17.84429,17.679173,19.138248,18.968933,18.630108,18.486063,17.726442,17.59953,0.0,0.0,0.0,0.0,0.0,0.0,0.0,0.0
34733,2023.0,8.0,30.0,4.0,19.136164,19.125322,18.205656,18.015299,18.805662,18.625929,18.647924,18.478642,18.643015,19.026524,17.812946,17.646994,19.110329,18.93966,18.59888,18.453825,18.423012,18.935415,0.0,0.0,0.0,4.0,0.0,0.0,0.0,4.0
34734,2023.0,8.0,30.0,5.0,19.109184,19.094015,18.181595,17.987738,18.776934,18.593271,18.61916,18.445913,18.043562,17.705742,17.778255,17.60879,19.079847,18.905933,18.565388,18.417498,17.937416,17.85936,0.0,0.0,0.0,0.0,0.0,0.0,0.0,0.0
34735,2023.0,8.0,30.0,5.0,19.085167,19.068512,18.160007,17.965488,18.751137,18.566587,18.593525,18.419254,18.404907,18.54525,17.745447,17.575012,19.051144,18.876373,18.533556,18.384945,17.57363,17.249338,0.0,0.0,0.0,4.0,0.0,0.0,0.0,0.0
34736,2023.0,8.0,30.0,5.0,19.788431,20.41129,18.140463,17.946548,18.72741,18.54338,18.569933,18.396082,17.9424,17.574694,17.714779,17.54476,19.024035,18.849493,18.503338,18.355062,17.451944,17.11549,0.0,0.0,0.0,0.0,0.0,0.0,0.0,0.0
34737,2023.0,8.0,30.0,5.0,19.955482,20.561766,18.11994,17.925407,18.70237,18.517311,18.544825,18.369944,17.745323,17.349112,17.682764,17.511318,18.995962,18.820211,18.47199,18.322557,17.591125,17.469799,0.0,0.0,0.0,0.0,0.0,0.0,0.0,0.0
34738,2023.0,8.0,30.0,5.0,19.143753,18.940092,18.50539,18.665329,18.68005,18.496492,18.52226,18.348957,17.892155,17.723385,17.654392,17.484522,18.970991,18.796364,18.443464,18.295265,17.58147,17.449749,4.0,0.0,0.0,0.0,0.0,0.0,0.0,0.0
34739,2023.0,8.0,30.0,5.0,18.84689,18.518408,18.291267,18.187603,18.656532,18.473143,18.498451,18.32538,17.911312,17.759087,17.91295,17.991955,18.945538,18.77087,19.38755,20.098782,17.55397,17.421616,0.0,0.0,0.0,0.0,4.0,0.0,4.0,0.0
34740,2023.0,8.0,30.0,6.0,18.740202,18.408695,18.15359,17.968054,19.30795,19.715557,18.474857,18.302044,17.882893,17.730682,17.727304,17.579937,19.638758,20.102777,18.537199,18.255024,17.527493,17.395178,0.0,4.0,0.0,0.0,0.0,4.0,0.0,0.0
34741,2023.0,8.0,30.0,6.0,21.328764,22.918497,18.110497,17.919533,21.242777,23.016165,21.257977,23.2578,17.854733,17.703514,17.626059,17.456783,21.175303,22.729073,21.551825,23.632187,17.501732,17.37013,0.0,0.0,0.0,0.0,0.0,0.0,4.0,0.0
34742,2023.0,8.0,30.0,6.0,20.987558,22.123621,18.079262,17.889107,21.00059,22.233322,20.976318,22.371502,17.824762,17.674583,17.591381,17.424215,21.033932,22.199915,21.019272,22.4303,17.475883,17.345161,0.0,4.0,4.0,0.0,0.0,0.0,0.0,0.0
34743,2023.0,8.0,30.0,6.0,21.062647,22.127342,18.052055,17.862452,21.123041,22.313366,21.107615,22.462835,17.797678,17.648655,17.558622,17.391947,21.060944,22.049477,21.127209,22.448309,17.454197,17.324883,0.0,0.0,0.0,0.0,0.0,4.0,0.0,0.0
34744,2023.0,8.0,30.0,6.0,21.01859,21.956871,18.442583,18.617985,21.041393,22.031704,21.032387,22.189953,17.775415,17.629091,17.533016,17.370033,21.018122,21.875364,21.043028,22.1603,18.206697,18.763535,4.0,0.0,0.0,0.0,0.0,4.0,0.0,4.0
34745,2023.0,8.0,30.0,6.0,21.23951,22.33896,20.223665,21.648323,21.217018,22.279024,21.262354,22.545086,17.754799,17.610508,17.509113,17.347946,21.177954,22.120775,21.199686,22.381927,20.248634,22.127491,0.0,4.0,4.0,0.0,0.0,4.0,0.0,0.0
34746,2023.0,8.0,30.0,7.0,21.02116,21.853231,19.080593,19.187815,21.02796,21.840714,21.03358,21.995592,17.737326,17.594812,17.490822,17.331694,21.048687,21.82075,20.99724,21.902412,18.44429,18.303434,0.0,4.0,4.0,0.0,0.0,0.0,4.0,0.0
34747,2023.0,8.0,30.0,7.0,21.020584,21.824121,18.863485,19.096487,21.026335,21.80123,21.056004,22.003853,17.725443,17.587606,17.854368,18.028913,21.041327,21.75647,21.018349,21.896767,17.67821,17.367462,4.0,4.0,0.0,0.0,4.0,0.0,4.0,0.0
34748,2023.0,8.0,30.0,7.0,21.275515,22.313053,20.17271,21.314363,21.254364,22.230267,21.192062,22.229,18.425186,18.915646,20.285877,22.12787,21.218567,22.052233,21.345455,22.519028,18.702541,19.46141,4.0,4.0,0.0,4.0,0.0,4.0,4.0,4.0
34749,2023.0,8.0,30.0,7.0,21.018173,21.775154,20.02937,20.896906,21.024273,21.743267,21.023071,21.829788,20.179733,21.74289,19.138182,19.55429,21.045038,21.69462,21.012762,21.81951,20.176336,21.7453,0.0,4.0,4.0,4.0,4.0,0.0,4.0,0.0
34750,2023.0,8.0,30.0,7.0,21.018251,21.764599,18.927652,18.68294,21.02421,21.729315,21.02758,21.81735,20.1893,21.541105,20.196655,21.624964,21.03887,21.656368,21.053236,21.909708,18.584446,18.426802,0.0,4.0,4.0,0.0,4.0,0.0,0.0,0.0
34751,2023.0,8.0,30.0,7.0,21.01723,21.754034,18.541637,18.346008,21.023266,21.716682,21.052013,21.871353,18.726454,18.532768,20.032522,21.109156,21.038279,21.632437,21.003832,21.757015,17.904377,17.622173,0.0,4.0,0.0,0.0,0.0,0.0,4.0,0.0
34752,2023.0,8.0,30.0,8.0,21.044333,21.821585,18.505177,18.342955,21.048521,21.778233,21.046007,21.842146,18.111464,17.788527,18.812399,18.625813,21.025745,21.61117,21.05196,21.865843,17.928097,17.817724,0.0,0.0,0.0,0.0,0.0,0.0,0.0,0.0
34753,2023.0,8.0,30.0,8.0,20.09681,19.991215,18.4387,18.286276,20.01422,19.781008,20.45008,20.656767,17.981846,17.670311,18.158054,17.80373,20.331392,20.273956,19.938143,19.701288,17.920275,17.82467,0.0,0.0,4.0,0.0,0.0,0.0,0.0,0.0
34754,2023.0,8.0,30.0,8.0,19.688087,19.436472,18.391087,18.243801,19.54287,19.116863,19.644821,19.288237,18.090437,17.958157,18.209259,18.039812,20.062595,19.914444,19.517027,19.169008,17.885439,17.794725,0.0,0.0,0.0,0.0,0.0,0.0,0.0,0.0
34755,2023.0,8.0,30.0,8.0,19.531828,19.296692,18.349052,18.210325,20.177368,20.509432,19.3471,18.95099,18.110258,18.007181,18.588627,18.785429,19.95398,19.811222,19.348898,19.018717,17.854961,17.77051,0.0,4.0,0.0,0.0,4.0,0.0,0.0,0.0
34756,2023.0,8.0,30.0,8.0,19.622309,19.610268,18.313313,18.182938,19.627867,19.411766,19.768974,19.89551,18.806324,19.339684,20.205702,21.580189,20.611195,21.13941,20.388247,21.12803,17.830456,17.751913,0.0,0.0,4.0,4.0,0.0,4.0,4.0,0.0
34757,2023.0,8.0,30.0,8.0,19.614199,19.64783,18.276953,18.154737,19.211174,18.865038,19.401327,19.17006,20.172089,21.531496,19.123356,19.261576,19.96821,19.741697,19.702473,19.528595,17.80303,17.727053,0.0,0.0,0.0,0.0,0.0,0.0,0.0,0.0
34758,2023.0,8.0,30.0,9.0,19.534758,19.569933,18.245012,18.13021,19.066942,18.725958,19.071426,18.75775,18.893398,18.837868,18.524513,18.444748,19.586306,19.275225,19.23425,18.969542,17.779137,17.705677,0.0,0.0,0.0,0.0,0.0,0.0,0.0,0.0
34759,2023.0,8.0,30.0,9.0,20.191256,20.860527,18.222345,18.11387,19.773575,20.154486,19.109217,18.952421,18.431654,18.179546,18.773983,18.985205,19.496153,19.18784,19.110304,18.845129,17.763308,17.691557,0.0,4.0,0.0,0.0,4.0,0.0,0.0,0.0
34760,2023.0,8.0,30.0,9.0,19.580427,19.57548,18.201946,18.101103,19.841864,20.158613,19.758202,20.229996,18.44145,18.317856,20.181786,21.431921,19.589773,19.44405,19.0336,18.782808,17.750067,17.680593,0.0,4.0,4.0,0.0,0.0,0.0,0.0,0.0
34761,2023.0,8.0,30.0,9.0,19.232313,19.13586,18.619024,18.905325,19.289024,19.135008,19.281147,19.157871,18.419708,18.32085,19.20025,19.341764,20.363914,20.923182,19.081572,18.96296,18.650728,19.39338,4.0,0.0,0.0,0.0,0.0,4.0,0.0,4.0
34762,2023.0,8.0,30.0,9.0,19.8319,20.329002,20.178621,21.566744,19.667845,19.951153,19.569235,19.823647,18.378714,18.284597,18.758146,18.649912,19.757233,19.61493,19.078121,18.981226,20.199219,21.934708,4.0,4.0,4.0,0.0,0.0,0.0,0.0,0.0
34763,2023.0,8.0,30.0,9.0,19.45788,19.46885,20.004705,21.019876,19.307251,19.182673,19.756193,20.097885,18.336658,18.247206,18.998013,19.214548,19.437553,19.196033,19.043253,18.952261,18.721407,18.775984,4.0,0.0,4.0,0.0,4.0,0.0,0.0,0.0
34764,2023.0,8.0,30.0,10.0,19.174826,19.11332,20.043274,20.984102,19.638083,19.971544,19.23047,19.107105,18.301456,18.215317,20.110538,21.137922,19.373959,19.133839,19.007141,18.919773,18.937508,19.5682,0.0,4.0,0.0,0.0,4.0,0.0,0.0,4.0
34765,2023.0,8.0,30.0,10.0,19.776217,20.313543,19.101618,19.081327,19.814608,20.185614,18.93495,18.737577,18.27352,18.19043,20.025204,20.849388,19.456402,19.33742,20.000038,20.828453,20.16211,21.569029,0.0,4.0,0.0,0.0,0.0,0.0,4.0,0.0
34766,2023.0,8.0,30.0,10.0,19.985525,20.533434,18.585333,18.41115,19.303923,19.216837,18.83255,18.63699,18.251364,18.170855,19.195799,19.166874,19.488781,19.39022,19.386244,19.335785,18.902166,18.944721,0.0,0.0,0.0,0.0,0.0,0.0,0.0,0.0
34767,2023.0,8.0,30.0,10.0,20.032784,20.589922,18.57004,18.482061,19.043093,18.835546,18.899235,18.834322,18.237072,18.157475,18.789541,18.550558,19.486097,19.392052,19.074924,18.885704,18.438437,18.268816,0.0,0.0,0.0,0.0,0.0,0.0,0.0,0.0
34768,2023.0,8.0,30.0,10.0,19.47415,19.522575,18.536766,18.474478,18.972168,18.785748,18.875467,18.819138,18.227495,18.150686,18.787542,18.659264,19.48047,19.389038,19.001686,18.825802,19.300095,20.020313,0.0,0.0,0.0,0.0,0.0,0.0,0.0,4.0
34769,2023.0,8.0,30.0,10.0,19.259272,19.237808,18.493994,18.440546,19.69666,20.223001,18.84362,18.793566,18.219807,18.14476,18.758009,18.651438,19.475739,19.38636,18.949472,18.781338,20.112543,21.343145,0.0,4.0,0.0,0.0,0.0,0.0,0.0,0.0
34770,2023.0,8.0,30.0,11.0,19.17227,19.163757,18.444572,18.397549,19.302896,19.27853,18.808727,18.764538,18.212059,18.138863,18.704157,18.603838,20.231764,20.826523,18.976248,18.885305,19.008223,19.058065,0.0,0.0,0.0,0.0,0.0,4.0,0.0,0.0
34771,2023.0,8.0,30.0,11.0,19.129087,19.139162,18.852615,19.196688,19.035433,18.886368,19.464918,20.02756,18.204666,18.130636,19.030504,19.25236,20.371367,20.912424,18.971296,18.890816,19.45458,20.074652,4.0,0.0,4.0,0.0,4.0,4.0,0.0,4.0
34772,2023.0,8.0,30.0,11.0,19.16354,19.259605,20.168047,21.463121,18.945944,18.795177,19.060055,19.130676,18.196848,18.122055,20.124681,21.170303,19.757206,19.687948,19.97856,20.815855,20.290382,21.548832,0.0,0.0,0.0,0.0,0.0,0.0,4.0,0.0
34773,2023.0,8.0,30.0,11.0,19.16726,19.288143,19.220589,19.43665,19.627888,20.149797,19.341032,19.788649,18.188726,18.113518,19.3454,19.502308,20.207047,20.673311,19.399235,19.391514,19.10885,19.14621,0.0,4.0,4.0,0.0,0.0,4.0,0.0,0.0
34774,2023.0,8.0,30.0,11.0,19.140686,19.263758,19.217499,19.57456,19.17373,19.156023,18.911985,18.88754,18.18235,18.106697,18.966433,18.884575,19.73125,19.661371,19.098097,18.946894,18.71532,18.57242,4.0,0.0,0.0,0.0,0.0,0.0,0.0,0.0
34775,2023.0,8.0,30.0,11.0,19.111784,19.235651,20.125643,21.178167,18.933548,18.802633,18.710705,18.594124,18.176168,18.10041,18.858395,18.754457,19.531635,19.34849,19.008368,18.853033,18.630646,18.537966,0.0,0.0,0.0,0.0,0.0,0.0,0.0,0.0
34776,2023.0,8.0,30.0,12.0,19.75325,20.465664,19.202343,19.276484,18.845999,18.714775,18.635973,18.520119,18.170023,18.094383,18.788605,18.686598,19.46929,19.28338,18.946495,18.795042,18.54686,18.463144,0.0,0.0,0.0,0.0,0.0,0.0,0.0,0.0
34777,2023.0,8.0,30.0,12.0,21.18061,22.87948,19.198704,19.429035,21.240873,23.019417,21.247795,23.200714,18.166456,18.091711,19.108942,19.325546,21.216045,22.354773,21.32429,22.969404,18.478249,18.394625,4.0,0.0,0.0,0.0,4.0,4.0,0.0,0.0
34778,2023.0,8.0,30.0,12.0,20.99411,22.278872,20.13141,21.08353,21.00227,22.308598,21.002329,22.444975,18.164999,18.091467,20.111591,21.04738,21.01732,21.893091,20.962927,22.106316,18.410067,18.328644,0.0,0.0,0.0,0.0,0.0,0.0,4.0,0.0
34779,2023.0,8.0,30.0,12.0,21.018963,22.203293,19.268826,19.328735,21.039179,22.238022,21.042746,22.362322,18.165812,18.093803,19.391127,19.521519,21.030378,21.816166,21.049976,22.17434,18.355478,18.27747,0.0,0.0,0.0,0.0,0.0,0.0,0.0,0.0
34780,2023.0,8.0,30.0,12.0,21.01357,22.111267,18.846571,18.815596,21.030872,22.126766,21.033533,22.236921,18.168037,18.097822,19.371899,19.67206,21.025185,21.731207,21.031612,22.040407,18.310896,18.234924,0.0,0.0,0.0,0.0,4.0,0.0,0.0,0.0
34781,2023.0,8.0,30.0,12.0,21.015446,22.057981,19.19365,19.55939,21.034136,22.066896,21.037222,22.169144,18.170969,18.102211,20.096848,20.923754,21.02122,21.678085,21.035837,21.975752,18.277006,18.204798,4.0,0.0,0.0,0.0,0.0,0.0,0.0,0.0
34782,2023.0,8.0,30.0,13.0,21.04052,22.087704,20.12062,21.13905,21.032614,22.015982,21.010256,22.041649,18.175064,18.107729,19.355656,19.384584,21.020815,21.641905,21.033787,21.916962,18.249315,18.180067,0.0,0.0,4.0,0.0,0.0,0.0,0.0,0.0
34783,2023.0,8.0,30.0,13.0,21.033796,22.036753,19.662014,20.113846,21.00628,21.908,21.040668,22.088362,18.180012,18.113579,19.00037,18.92426,21.019958,21.612162,21.027975,21.872993,18.226809,18.159512,4.0,4.0,0.0,0.0,0.0,0.0,0.0,0.0
34784,2023.0,8.0,30.0,13.0,21.034105,22.00607,20.082886,20.945007,21.037216,21.968842,21.039541,22.044142,18.18559,18.120094,18.908676,18.818184,21.019342,21.588228,21.028124,21.846632,18.208714,18.14311,4.0,0.0,0.0,0.0,0.0,0.0,0.0,0.0
34785,2023.0,8.0,30.0,13.0,21.06865,22.045176,20.062056,20.84673,21.07409,22.004126,21.079226,22.0846,18.191824,18.127127,18.85831,18.766895,21.040943,21.60959,21.058563,21.88142,18.194403,18.13053,0.0,0.0,0.0,0.0,0.0,0.0,0.0,0.0
34786,2023.0,8.0,30.0,13.0,21.022882,21.946299,19.322844,19.390503,21.030014,21.892588,21.027096,21.968143,18.197874,18.1337,18.82664,18.739069,21.016087,21.545263,21.02323,21.793907,18.183435,18.12155,0.0,0.0,0.0,0.0,0.0,0.0,0.0,0.0
34787,2023.0,8.0,30.0,13.0,21.028704,21.950296,18.902418,18.844088,21.029501,21.883022,21.033321,21.968992,18.203842,18.141043,18.79567,18.70828,21.018276,21.537271,21.02706,21.78814,18.173319,18.113031,0.0,0.0,0.0,0.0,0.0,0.0,0.0,0.0
34788,2023.0,8.0,30.0,14.0,21.057451,21.996996,18.81304,18.789143,21.01765,21.821241,21.066723,22.021374,18.208288,18.147066,18.76917,18.683428,21.039925,21.568462,21.054768,21.829344,18.164534,18.106358,0.0,4.0,0.0,0.0,0.0,0.0,0.0,0.0
34789,2023.0,8.0,30.0,14.0,20.325,20.572554,18.745268,18.730392,20.172462,20.223778,20.7435,21.350897,18.209312,18.148142,18.745773,18.662912,21.242117,21.91712,20.313486,20.38368,18.15532,18.09854,0.0,0.0,4.0,0.0,0.0,4.0,0.0,0.0
34790,2023.0,8.0,30.0,14.0,20.710936,21.468222,18.688673,18.67274,19.799019,19.707394,20.629461,21.204002,18.941782,19.53133,18.724337,18.642048,21.186539,21.747974,19.985664,19.912088,18.146189,18.090397,0.0,0.0,4.0,4.0,0.0,4.0,0.0,0.0
34791,2023.0,8.0,30.0,14.0,20.099321,20.255106,19.07584,19.442781,19.642487,19.545763,20.488514,20.971148,20.151379,21.531746,18.70285,18.622187,20.464607,20.378504,19.839209,19.757236,18.136332,18.08192,4.0,0.0,4.0,0.0,0.0,0.0,0.0,0.0
34792,2023.0,8.0,30.0,14.0,19.734621,19.814503,20.1308,21.226736,20.211992,20.74127,19.86879,19.89163,19.079634,19.22768,18.679064,18.600147,20.161713,20.007408,19.7164,19.63684,18.124813,18.072004,0.0,4.0,0.0,0.0,0.0,0.0,0.0,0.0
34793,2023.0,8.0,30.0,14.0,20.273237,20.937344,19.652138,20.134846,19.789005,19.807972,19.504272,19.436562,18.546577,18.48972,18.656647,18.579653,20.790764,21.289627,19.611912,19.532368,18.111593,18.060083,4.0,0.0,0.0,0.0,0.0,4.0,0.0,0.0
34794,2023.0,8.0,30.0,15.0,20.368835,21.018541,20.075855,20.907938,20.148779,20.609217,19.377003,19.302372,18.468224,18.408585,19.02355,19.287973,20.97559,21.54385,20.546312,21.365416,18.098885,18.04883,4.0,4.0,0.0,0.0,4.0,4.0,4.0,0.0
34795,2023.0,8.0,30.0,15.0,20.387989,21.036129,20.005598,20.723576,19.746267,19.770508,19.90619,20.39279,18.423794,18.366392,20.118832,21.14633,21.029871,21.597675,19.95194,19.974815,18.085499,18.037695,4.0,0.0,4.0,0.0,0.0,4.0,0.0,0.0
34796,2023.0,8.0,30.0,15.0,20.424334,21.085125,20.031769,20.755571,20.059715,20.539778,20.077887,20.584122,18.38799,18.332884,19.358404,19.515858,20.404938,20.390917,19.552845,19.459328,18.072945,18.027487,0.0,4.0,4.0,0.0,0.0,0.0,0.0,0.0
34797,2023.0,8.0,30.0,15.0,20.442547,21.103828,19.709202,20.080992,19.65649,19.678577,20.089287,20.596786,18.359114,18.30654,18.910542,18.866207,20.819155,21.344942,19.42369,19.322443,18.061432,18.018244,4.0,0.0,4.0,0.0,0.0,4.0,0.0,0.0
34798,2023.0,8.0,30.0,15.0,20.456972,21.119974,20.080616,20.800442,20.082027,20.588188,20.101398,20.611727,18.339151,18.288862,18.821001,18.759232,20.972633,21.553095,19.360096,19.262877,18.051804,18.010958,0.0,4.0,4.0,0.0,0.0,4.0,0.0,0.0
34799,2023.0,8.0,30.0,15.0,20.470371,21.134659,19.42225,19.505045,19.66817,19.703888,20.110952,20.623777,18.318771,18.272131,18.77458,18.716076,20.355818,20.345154,19.328375,19.264381,18.041945,18.003876,0.0,0.0,4.0,0.0,0.0,0.0,0.0,0.0
34800,2023.0,8.0,30.0,16.0,20.482439,21.14832,19.160276,19.156263,19.438416,19.38541,19.574104,19.6198,18.302605,18.259083,18.742367,18.686443,20.12132,20.00225,19.292269,19.235016,18.95197,19.734287,0.0,0.0,0.0,0.0,0.0,0.0,0.0,4.0
34801,2023.0,8.0,30.0,16.0,20.489979,21.153448,19.481289,19.847609,19.340225,19.281452,19.959835,20.46358,18.285252,18.24391,18.710247,18.656462,20.03093,19.90673,19.25045,19.195875,20.154945,21.689152,4.0,0.0,4.0,0.0,0.0,0.0,0.0,0.0
34802,2023.0,8.0,30.0,16.0,20.49633,21.15709,20.057411,20.811695,19.292591,19.267475,20.101433,20.617012,18.265886,18.226765,18.674665,18.622921,19.959318,19.83886,19.205906,19.154367,18.955608,19.126534,4.0,0.0,4.0,0.0,0.0,0.0,0.0,0.0
34803,2023.0,8.0,30.0,16.0,20.502026,21.160204,20.00432,20.659716,19.917679,20.493122,20.103233,20.614725,18.246647,18.209377,18.640347,18.590296,20.71357,21.335104,19.162373,19.112549,18.400785,18.384481,4.0,4.0,4.0,0.0,0.0,4.0,0.0,0.0
34804,2023.0,8.0,30.0,16.0,19.917126,20.059248,20.029606,20.694874,20.071947,20.592556,20.109812,20.619204,18.228424,18.193293,19.004221,19.306517,20.239016,20.233963,19.122486,19.074917,18.281252,18.251177,0.0,4.0,4.0,0.0,4.0,0.0,0.0,0.0
34805,2023.0,8.0,30.0,16.0,19.624525,19.705748,19.410666,19.479607,20.081495,20.591955,20.115389,20.622732,18.210297,18.177496,20.123377,21.214497,19.942507,19.840025,19.085945,19.040794,18.220104,18.189116,0.0,4.0,4.0,0.0,0.0,0.0,0.0,0.0
34806,2023.0,8.0,30.0,17.0,20.188911,20.853756,19.052664,19.019583,20.107555,20.614454,20.120388,20.625675,18.191647,18.160894,19.314081,19.483013,20.571226,21.105143,19.052101,19.009186,18.174234,18.144682,0.0,4.0,4.0,0.0,0.0,4.0,0.0,0.0
34807,2023.0,8.0,30.0,17.0,20.32566,20.99937,19.431559,19.810547,20.128227,20.635393,19.560219,19.574549,18.175247,18.14679,18.954597,18.922356,20.763296,21.352543,19.02397,18.98335,18.142296,18.114395,4.0,4.0,0.0,0.0,0.0,4.0,0.0,0.0
34808,2023.0,8.0,30.0,17.0,20.362772,21.031845,20.068647,20.887608,20.146624,20.653364,19.972416,20.470062,18.160294,18.134802,18.856995,18.815224,20.820763,21.405785,18.998154,18.961,19.02939,19.81904,4.0,4.0,4.0,0.0,0.0,4.0,0.0,4.0
34809,2023.0,8.0,30.0,17.0,20.391867,21.051647,20.02046,20.732754,20.165968,20.672628,20.117916,20.628017,18.891281,19.53137,18.781693,18.74148,20.1985,20.186228,18.970882,18.936666,20.138235,21.537458,0.0,4.0,4.0,4.0,0.0,0.0,0.0,0.0
34810,2023.0,8.0,30.0,17.0,20.41413,21.069004,19.743528,20.129763,19.64976,19.697977,20.12559,20.634783,20.11791,21.45764,19.080109,19.356134,20.627678,21.164833,18.945192,18.914188,19.000336,19.148945,4.0,0.0,4.0,4.0,4.0,4.0,0.0,0.0
34811,2023.0,8.0,30.0,17.0,20.446575,21.108906,20.056978,20.746733,19.97181,20.469273,20.138622,20.64848,20.02526,21.12579,20.13076,21.144056,20.176079,20.167862,19.944265,20.82844,19.324413,20.068409,4.0,4.0,4.0,0.0,0.0,0.0,4.0,4.0
34812,2023.0,8.0,30.0,18.0,19.889277,20.046072,20.021267,20.657005,19.59576,19.642939,20.151476,20.661915,19.092836,19.206728,19.682972,20.119286,20.617783,21.171728,19.382929,19.436352,20.104717,21.298212,0.0,0.0,4.0,0.0,4.0,4.0,0.0,0.0
34813,2023.0,8.0,30.0,18.0,21.172592,22.493599,19.780472,20.144789,21.209991,22.658283,21.123928,22.352886,18.629618,18.605124,20.077,20.889893,21.147676,22.020823,21.299044,22.946724,19.824417,20.584814,4.0,0.0,4.0,0.0,4.0,0.0,0.0,4.0
34814,2023.0,8.0,30.0,18.0,21.00594,22.038733,20.057737,20.695227,20.978556,22.010239,21.02327,22.068947,18.490688,18.449306,20.019434,20.724375,21.02031,21.700687,20.961899,22.134556,20.082321,21.100407,4.0,4.0,0.0,0.0,0.0,0.0,4.0,0.0
34815,2023.0,8.0,30.0,18.0,21.033463,22.01195,20.021832,20.617788,21.043425,22.05374,21.01159,21.946608,19.205456,19.873753,19.341393,19.372768,21.02613,21.665525,21.049488,22.206356,19.898125,20.628195,0.0,0.0,4.0,4.0,0.0,0.0,0.0,4.0
34816,2023.0,8.0,30.0,18.0,21.024837,21.951515,19.782022,20.113523,21.007822,21.8911,21.040619,21.973682,20.113876,21.285648,19.007309,18.978249,20.997667,21.557543,21.035654,22.085442,20.059935,20.968897,4.0,4.0,0.0,0.0,0.0,4.0,0.0,0.0
34817,2023.0,8.0,30.0,18.0,21.025764,21.921925,20.04712,20.646711,21.014063,21.857418,21.034521,21.919237,19.104717,19.19033,18.893513,18.859304,21.030582,21.627274,21.03695,22.018734,19.179039,19.222824,4.0,4.0,0.0,0.0,0.0,0.0,0.0,0.0
34818,2023.0,8.0,30.0,19.0,20.99585,21.819324,20.021162,20.59081,21.012234,21.821306,21.033464,21.884161,18.605364,18.549963,18.80225,18.765932,21.024025,21.596157,21.034369,21.963001,18.72369,18.656906,0.0,4.0,0.0,0.0,0.0,0.0,0.0,0.0
34819,2023.0,8.0,30.0,19.0,21.039219,21.90318,19.748302,20.024927,21.012766,21.796753,21.000874,21.785475,18.506002,18.474325,18.725733,18.689175,21.025356,21.583635,21.029873,21.925322,18.560652,18.480415,4.0,4.0,4.0,0.0,0.0,0.0,0.0,0.0
34820,2023.0,8.0,30.0,19.0,21.029108,21.862528,20.076859,20.69711,21.039679,21.848478,21.015354,21.79486,18.436575,18.406786,18.656662,18.620428,21.020416,21.5726,21.031572,21.906185,18.496418,18.461498,0.0,0.0,4.0,0.0,0.0,0.0,0.0,0.0
34821,2023.0,8.0,30.0,19.0,21.003038,21.770258,19.40998,19.382923,21.007404,21.739458,21.040113,21.851238,18.371096,18.342691,18.974604,19.276043,21.021103,21.572058,21.03094,21.886942,18.424679,18.392982,0.0,4.0,0.0,0.0,4.0,0.0,0.0,0.0
34822,2023.0,8.0,30.0,19.0,21.036774,21.847137,19.561228,19.893818,21.013613,21.73531,21.034891,21.822628,18.31186,18.283478,20.15009,21.26797,21.021357,21.570889,21.074417,21.9141,18.35269,18.3223,4.0,4.0,0.0,0.0,0.0,0.0,4.0,0.0
34823,2023.0,8.0,30.0,19.0,21.002666,21.745445,20.06421,20.742033,21.013079,21.720802,21.035553,21.806067,18.257715,18.228722,19.26417,19.397272,21.138115,21.766806,21.03435,21.85702,19.2514,20.084764,0.0,4.0,0.0,0.0,0.0,4.0,0.0,4.0
34824,2023.0,8.0,30.0,20.0,21.009148,21.751722,19.465038,19.534708,21.039404,21.78075,21.001762,21.717688,18.208183,18.178259,18.775581,18.743238,20.993748,21.473745,21.03686,21.846243,20.10651,21.341398,0.0,0.0,4.0,0.0,0.0,4.0,0.0,0.0
34825,2023.0,8.0,30.0,20.0,21.008757,21.745922,19.123278,19.087091,21.007889,21.679916,21.041952,21.804993,18.160511,18.125153,18.648182,18.604631,21.003803,21.49697,21.036482,21.830051,18.951735,18.954376,0.0,4.0,0.0,0.0,0.0,4.0,0.0,0.0
34826,2023.0,8.0,30.0,20.0,21.017817,21.757858,18.981953,18.90876,21.069252,21.816948,21.071104,21.842958,18.114168,18.073626,18.55328,18.498323,21.05749,21.629683,21.073008,21.88557,18.41278,18.28887,0.0,0.0,0.0,0.0,0.0,0.0,0.0,0.0
34827,2023.0,8.0,30.0,20.0,21.03617,21.808235,19.367104,19.699007,21.002007,21.639019,21.021996,21.749634,18.075977,18.033855,18.482986,18.429201,21.024263,21.545685,21.132645,21.949318,18.365025,18.324896,4.0,4.0,0.0,0.0,0.0,0.0,4.0,0.0
34828,2023.0,8.0,30.0,20.0,21.00335,21.709448,20.079147,20.868347,21.014156,21.65642,21.003016,21.69278,18.037828,17.992222,18.413164,18.353844,21.02891,21.546515,21.02575,21.774704,18.299448,18.254288,4.0,4.0,4.0,0.0,0.0,0.0,0.0,0.0
34829,2023.0,8.0,30.0,20.0,21.009512,21.715744,20.025223,20.690014,21.039248,21.721092,21.042753,21.780317,18.727518,19.320454,18.353794,18.293259,21.028597,21.538246,20.997427,21.684732,19.13379,19.890745,0.0,0.0,0.0,4.0,0.0,0.0,4.0,4.0
34830,2023.0,8.0,30.0,21.0,21.03688,21.785418,19.266525,19.172682,21.007782,21.625963,21.035614,21.751669,20.145237,21.57415,18.300577,18.238499,21.147562,21.748146,21.04492,21.809193,20.127743,21.397976,0.0,4.0,0.0,4.0,0.0,4.0,0.0,0.0
34831,2023.0,8.0,30.0,21.0,21.003893,21.685736,19.221743,19.323765,21.040035,21.703856,21.010569,21.668016,20.002031,21.096336,18.25033,18.18538,21.015287,21.501373,21.036383,21.783157,18.905098,18.866877,4.0,0.0,4.0,4.0,0.0,0.0,0.0,0.0
34832,2023.0,8.0,30.0,21.0,21.037495,21.76639,20.127771,20.916204,21.033966,21.679913,21.042114,21.745615,20.048,21.079517,18.2001,18.129719,21.031162,21.530113,20.996302,21.664793,18.344755,18.184406,0.0,0.0,0.0,0.0,0.0,0.0,4.0,0.0
34833,2023.0,8.0,30.0,21.0,21.031443,21.740988,19.281115,19.185284,21.034832,21.669561,21.036331,21.72415,18.95424,18.870989,18.155787,18.083008,21.029562,21.521742,21.004635,21.681803,18.191715,18.021383,0.0,0.0,0.0,0.0,0.0,0.0,4.0,0.0
34834,2023.0,8.0,30.0,21.0,21.00226,21.651375,18.94731,18.843346,20.997162,21.583612,21.036314,21.714504,18.398626,18.189535,18.111078,18.032362,21.020933,21.516962,21.04645,21.794569,18.211807,18.161518,0.0,4.0,0.0,0.0,0.0,0.0,0.0,0.0
34835,2023.0,8.0,30.0,21.0,21.0385,21.741137,18.877115,18.776072,21.042732,21.684952,21.00092,21.635273,18.971972,19.410786,18.425087,18.65237,21.02258,21.5273,20.99533,21.654016,18.167156,18.102404,0.0,0.0,4.0,4.0,4.0,0.0,4.0,0.0
34836,2023.0,8.0,30.0,22.0,21.22774,22.110565,18.804758,18.70069,21.331114,22.22962,21.044554,21.733585,20.233212,21.506523,20.240826,21.720943,21.205156,21.896946,21.046154,21.781403,18.995596,19.716743,0.0,4.0,0.0,0.0,0.0,0.0,0.0,4.0
34837,2023.0,8.0,30.0,22.0,21.031803,21.703503,19.169058,19.432278,21.01433,21.58263,21.037113,21.706028,18.939787,18.84174,19.074244,19.232574,21.02223,21.529099,21.037401,21.752602,20.10767,21.387924,4.0,4.0,0.0,0.0,0.0,0.0,0.0,4.0
34838,2023.0,8.0,30.0,22.0,21.024702,21.672815,20.121063,21.038235,21.041185,21.655188,21.03786,21.6946,18.910837,19.175522,18.430315,18.347765,21.022875,21.53302,21.038311,21.742056,20.035553,21.114166,0.0,0.0,0.0,4.0,0.0,0.0,0.0,0.0
34839,2023.0,8.0,30.0,22.0,21.036787,21.718185,19.359531,19.44108,21.03576,21.635387,21.02678,21.683878,20.196058,21.326822,18.577425,18.730837,21.02295,21.534557,20.997583,21.622473,18.858025,18.731113,0.0,0.0,0.0,0.0,4.0,0.0,4.0,0.0
34840,2023.0,8.0,30.0,22.0,21.032898,21.700869,18.89837,18.801435,21.036499,21.626677,21.028528,21.69302,19.496374,19.829596,20.22146,21.554193,21.023113,21.535627,21.005846,21.640682,19.085033,19.550892,0.0,0.0,0.0,4.0,0.0,0.0,4.0,4.0
34841,2023.0,8.0,30.0,22.0,21.033955,21.691925,18.767714,18.63889,21.024855,21.617285,21.028261,21.69486,20.157366,21.134457,19.112795,19.224934,21.023367,21.536484,21.046219,21.752508,20.14021,21.286518,0.0,0.0,0.0,0.0,0.0,0.0,0.0,0.0
34842,2023.0,8.0,30.0,23.0,21.02221,21.682104,18.690914,18.552795,21.026546,21.628057,21.028366,21.695549,19.539782,19.84038,18.499096,18.40218,21.023617,21.537045,21.038761,21.728792,18.892012,18.740742,0.0,0.0,0.0,4.0,0.0,0.0,0.0,0.0
34843,2023.0,8.0,30.0,23.0,20.429888,20.552519,19.062517,19.296349,20.367071,20.366556,20.312016,20.320055,19.277304,19.523775,18.632584,18.767885,21.085722,21.629341,20.032965,19.786049,19.050182,19.447891,4.0,0.0,0.0,4.0,4.0,4.0,0.0,4.0
34844,2023.0,8.0,30.0,23.0,20.156443,20.179787,18.822575,18.784054,20.031816,19.887312,19.960062,19.825592,18.674894,18.432856,18.397465,18.308897,20.181473,19.88378,19.648046,19.314112,18.44174,18.210634,0.0,0.0,0.0,0.0,0.0,0.0,0.0,0.0
34845,2023.0,8.0,30.0,23.0,20.024883,20.038918,18.641867,18.503733,19.877506,19.716791,19.799282,19.65044,18.381336,18.072317,18.249332,18.129093,19.85043,19.467974,19.659214,19.523148,18.943052,19.342653,0.0,0.0,0.0,0.0,0.0,0.0,0.0,4.0
34846,2023.0,8.0,30.0,23.0,19.924631,19.937658,18.576416,18.42695,19.765121,19.603008,19.680807,19.530811,18.234283,17.924482,18.176386,18.054712,19.70931,19.329977,19.580942,19.46189,18.338314,18.094118,0.0,0.0,0.0,0.0,0.0,0.0,0.0,0.0
34847,2023.0,8.0,30.0,23.0,19.832972,19.84052,18.525814,18.371248,19.663433,19.49531,19.574162,19.41786,18.311834,18.200272,18.10642,17.97997,19.826288,19.686615,19.474503,19.351383,18.09159,17.810572,0.0,0.0,0.0,0.0,0.0,0.0,0.0,0.0
34848,2023.0,8.0,31.0,0.0,19.759045,19.769602,18.486353,18.332312,19.582062,19.417519,19.488924,19.336382,18.8496,19.250462,18.048365,17.92295,20.501114,21.001232,19.382715,19.261776,17.986488,17.711502,0.0,0.0,0.0,4.0,0.0,4.0,0.0,0.0
34849,2023.0,8.0,31.0,0.0,19.690413,19.70152,18.449034,18.294504,19.506496,19.342894,19.40953,19.258072,18.433582,18.36748,17.993147,17.867338,19.742655,19.435377,19.296886,19.176231,18.838467,19.424788,0.0,0.0,0.0,0.0,0.0,0.0,0.0,4.0
34850,2023.0,8.0,31.0,0.0,19.627455,19.638172,18.414013,18.258656,19.437109,19.273605,19.336508,19.18526,18.073845,17.789772,17.941229,17.814453,19.469067,19.089043,19.21744,19.096174,18.158985,17.938112,0.0,0.0,0.0,0.0,0.0,0.0,0.0,0.0
34851,2023.0,8.0,31.0,0.0,19.564606,19.570272,18.377409,18.217821,19.367542,19.198524,19.263683,19.106573,17.910563,17.593304,17.888643,17.757103,19.35934,18.975216,19.140127,19.014187,17.887474,17.601658,0.0,0.0,0.0,0.0,0.0,0.0,0.0,0.0
34852,2023.0,8.0,31.0,0.0,19.511784,19.518826,18.347168,18.188337,19.310482,19.144094,19.204115,19.049656,18.023117,17.91649,17.843945,17.712906,19.517204,19.3836,19.073433,18.948154,17.98256,17.889687,0.0,0.0,0.0,0.0,0.0,0.0,0.0,0.0
34853,2023.0,8.0,31.0,0.0,19.459558,19.465422,18.315403,18.15459,19.253283,19.085478,19.144382,18.988379,17.99112,17.873371,17.799137,17.666136,19.487034,19.337877,19.009476,18.882887,17.940214,17.832966,0.0,0.0,0.0,0.0,0.0,0.0,0.0,0.0
34854,2023.0,8.0,31.0,1.0,19.411436,19.417162,18.28598,18.12449,19.201366,19.034018,19.090157,18.934586,17.943794,17.82537,17.75744,17.623686,19.442099,19.293428,18.950348,18.823385,17.891811,17.783878,0.0,0.0,0.0,0.0,0.0,0.0,0.0,0.0
34855,2023.0,8.0,31.0,1.0,19.365076,19.369722,18.256464,18.093264,19.151497,18.983583,19.038116,18.881971,17.898024,17.778303,17.716711,17.581465,19.398342,19.248388,18.894062,18.766119,17.845755,17.73658,0.0,0.0,0.0,0.0,0.0,0.0,0.0,0.0
34856,2023.0,8.0,31.0,1.0,19.320753,19.324198,18.227478,18.062504,19.103968,18.935375,18.988546,18.831715,17.85353,17.73253,17.677162,17.540417,19.355444,19.204224,18.840532,18.711588,17.801613,17.6912,0.0,0.0,0.0,0.0,0.0,0.0,0.0,0.0
34857,2023.0,8.0,31.0,1.0,19.281118,19.286144,18.201767,18.037712,19.06216,18.896423,18.94499,18.79115,17.813148,17.693285,17.936787,18.057896,19.316263,19.166006,18.791796,18.66422,18.497995,19.03932,0.0,0.0,0.0,0.0,4.0,0.0,0.0,4.0
34858,2023.0,8.0,31.0,1.0,19.240503,19.244474,18.174255,18.008617,19.019003,18.85279,18.900269,18.745848,18.342237,18.72079,17.73268,17.616133,19.276558,19.125395,18.743216,18.615023,17.80608,17.557552,0.0,0.0,0.0,4.0,0.0,0.0,0.0,0.0
34859,2023.0,8.0,31.0,1.0,19.200096,19.201542,18.146362,17.977997,18.976017,18.807802,18.856098,18.699398,17.943165,17.846128,17.621061,17.480947,19.236862,19.083612,18.695047,18.564886,17.56262,17.260927,0.0,0.0,0.0,0.0,0.0,0.0,0.0,0.0
34860,2023.0,8.0,31.0,2.0,19.159784,19.157162,18.118633,17.946577,18.93237,18.760067,18.811169,18.650154,17.796085,17.668795,17.576174,17.432762,19.197191,19.040833,18.64746,18.514378,17.469217,17.1593,0.0,0.0,0.0,0.0,0.0,0.0,0.0,0.0
34861,2023.0,8.0,31.0,2.0,19.12337,19.119537,18.093128,17.920305,18.89399,18.72168,18.77146,18.610476,17.74235,17.61473,17.5351,17.391119,19.160553,19.003273,18.603378,18.469625,17.582039,17.459715,0.0,0.0,0.0,0.0,0.0,0.0,0.0,0.0
34862,2023.0,8.0,31.0,2.0,19.08597,19.079264,18.06569,17.890186,18.853786,18.678555,18.729733,18.56583,17.69137,17.561169,17.493818,17.346863,19.123177,18.963547,18.559011,18.423243,17.574574,17.455887,0.0,0.0,0.0,0.0,0.0,0.0,0.0,0.0
34863,2023.0,8.0,31.0,2.0,19.050035,19.041224,18.039171,17.86192,18.815817,18.63901,18.69033,18.524899,17.645872,17.514084,17.454508,17.305737,19.086946,18.92566,18.516058,18.378923,17.542461,17.422245,0.0,0.0,0.0,0.0,0.0,0.0,0.0,0.0
34864,2023.0,8.0,31.0,2.0,19.014658,19.003696,18.012695,17.833677,18.778625,18.600168,18.651796,18.484743,17.602522,17.469133,17.41588,17.26528,19.051111,18.888151,18.47378,18.335264,17.50814,17.386387,0.0,0.0,0.0,0.0,0.0,0.0,0.0,0.0
34865,2023.0,8.0,31.0,2.0,18.979782,18.966627,17.986238,17.805435,18.742096,18.561926,18.614008,18.445255,17.56079,17.42578,17.377634,17.225195,19.015556,18.85091,18.432026,18.292116,17.472956,17.34968,0.0,0.0,0.0,0.0,0.0,0.0,0.0,0.0
34866,2023.0,8.0,31.0,3.0,18.947937,18.935139,17.962172,17.781944,18.709372,18.530651,18.580206,18.41301,17.522732,17.388678,17.342537,17.19117,18.982368,18.818195,18.39289,18.25378,18.167173,18.686216,0.0,0.0,0.0,0.0,0.0,0.0,0.0,4.0
34867,2023.0,8.0,31.0,3.0,18.912142,18.895393,17.934372,17.75096,18.671808,18.48911,18.5416,18.37025,17.481153,17.34365,17.302675,17.14743,18.945843,18.778605,18.350437,18.208424,18.480747,19.11476,0.0,0.0,0.0,0.0,0.0,0.0,0.0,4.0
34868,2023.0,8.0,31.0,3.0,18.88226,18.866827,17.91151,17.72962,18.641256,18.46086,18.510653,18.34143,17.44563,17.309826,17.269045,17.115763,18.914026,18.748093,18.312948,18.172497,17.588337,17.311844,0.0,0.0,0.0,0.0,0.0,0.0,0.0,0.0
34869,2023.0,8.0,31.0,3.0,18.849676,18.832472,17.886215,17.703228,18.607744,18.426088,18.47692,18.306128,17.40794,17.270857,17.527693,17.629498,18.880024,18.712845,18.273302,18.13175,18.064909,18.398464,0.0,0.0,0.0,0.0,4.0,0.0,0.0,4.0
34870,2023.0,8.0,31.0,3.0,18.82493,18.813423,17.861519,17.677814,18.5752,18.39284,18.444172,18.272442,17.371506,17.23376,17.32221,17.182995,18.846836,18.678959,18.234642,18.092604,17.468384,17.154396,0.0,0.0,0.0,0.0,0.0,0.0,0.0,0.0
34871,2023.0,8.0,31.0,3.0,18.804964,18.800013,17.834719,17.647839,18.539888,18.353676,18.408731,18.232872,17.33315,17.192251,17.213154,17.053343,18.811705,18.640924,18.194084,18.0493,17.240221,16.893682,0.0,0.0,0.0,0.0,0.0,0.0,0.0,0.0
34872,2023.0,8.0,31.0,4.0,18.776077,18.76958,17.810032,17.622194,18.507698,18.320528,18.376202,18.199272,17.297585,17.155855,17.171127,17.010529,18.778801,18.607155,18.155865,18.010399,17.142841,16.793827,0.0,0.0,0.0,0.0,0.0,0.0,0.0,0.0
34873,2023.0,8.0,31.0,4.0,18.747997,18.741192,17.78719,17.600403,18.478006,18.292147,18.345867,18.170286,17.264048,17.12304,17.131926,16.97256,18.747627,18.5766,18.119299,17.974499,17.271494,17.134487,0.0,0.0,0.0,0.0,0.0,0.0,0.0,0.0
34874,2023.0,8.0,31.0,4.0,18.719244,18.71148,17.763016,17.575735,18.446646,18.259964,18.313622,18.137281,17.229893,17.088264,17.093029,16.932701,18.715797,18.544237,18.082214,17.937004,17.26527,17.13405,0.0,0.0,0.0,0.0,0.0,0.0,0.0,0.0
34875,2023.0,8.0,31.0,4.0,18.69099,18.682661,17.739637,17.55266,18.416586,18.23011,18.28268,18.106625,17.196907,17.055346,17.056316,16.896116,18.684872,18.513369,18.046034,17.90096,17.23195,17.100752,0.0,0.0,0.0,0.0,0.0,0.0,0.0,0.0
34876,2023.0,8.0,31.0,4.0,18.66273,18.653782,17.71629,17.529613,18.38677,18.200472,18.252022,18.076202,17.164427,17.022942,17.020666,16.8606,18.654303,18.482868,18.010248,17.865324,17.196747,17.065596,0.0,0.0,0.0,0.0,0.0,0.0,0.0,0.0
34877,2023.0,8.0,31.0,4.0,18.636206,18.62834,17.69489,17.510462,18.359673,18.176052,18.224197,18.051159,17.13435,16.994911,16.98837,16.830992,18.62582,18.45624,17.976637,17.833693,17.890512,18.403051,0.0,0.0,0.0,0.0,0.0,0.0,0.0,4.0
34878,2023.0,8.0,31.0,5.0,18.607918,18.599415,17.671581,17.487467,19.02742,19.456371,18.19418,18.021238,17.102736,16.96338,16.954248,16.796991,18.595913,18.42642,17.941587,17.798803,17.40245,17.326332,0.0,4.0,0.0,0.0,0.0,0.0,0.0,0.0
34879,2023.0,8.0,31.0,5.0,18.578823,18.568819,17.647385,17.462727,18.61259,18.537428,18.163591,17.989687,17.070623,16.930523,16.919792,16.761736,18.565516,18.395195,17.906286,17.762835,17.026012,16.697512,0.0,0.0,0.0,0.0,0.0,0.0,0.0,0.0
34880,2023.0,8.0,31.0,5.0,18.549063,18.537027,17.622389,17.436638,18.118404,17.643076,18.132275,17.956787,17.038132,16.89678,16.88505,16.725588,18.535013,18.3634,17.871178,17.72661,16.891,16.545378,0.0,0.0,0.0,0.0,0.0,0.0,0.0,0.0
34881,2023.0,8.0,31.0,5.0,18.520275,18.50726,17.598137,17.412182,18.5876,18.64753,18.101875,17.926048,17.006865,16.865273,16.851877,16.692192,18.505571,18.333609,17.83721,17.692528,17.007082,16.859594,0.0,4.0,0.0,0.0,0.0,0.0,0.0,0.0
34882,2023.0,8.0,31.0,5.0,18.491472,18.477533,17.573826,17.387709,18.146626,17.743704,18.071352,17.895315,16.97592,16.834175,17.11028,17.202765,19.220259,19.711031,17.80338,17.658676,17.011694,16.878656,0.0,0.0,0.0,0.0,4.0,4.0,0.0,0.0
34883,2023.0,8.0,31.0,5.0,18.46202,18.44647,17.54898,17.362072,17.91295,17.417187,18.041203,17.864466,16.944647,16.802122,16.90775,16.758549,18.706713,18.593279,17.769049,17.62368,16.981956,16.849476,0.0,0.0,0.0,0.0,0.0,0.0,0.0,0.0
34884,2023.0,8.0,31.0,6.0,18.432161,18.414503,17.523884,17.335663,17.816378,17.3138,18.010357,17.832653,16.9133,16.769588,17.11582,17.222225,18.284597,17.85401,17.734272,17.587816,16.948666,16.815157,0.0,0.0,0.0,0.0,4.0,0.0,0.0,0.0
34885,2023.0,8.0,31.0,6.0,21.29619,23.464605,17.50399,17.319624,21.391161,23.54069,21.376366,23.64847,17.47648,17.855053,20.29785,22.71159,21.268051,23.058496,21.46878,24.00719,17.67652,18.21792,0.0,0.0,0.0,4.0,4.0,0.0,0.0,4.0
34886,2023.0,8.0,31.0,6.0,21.004108,22.60133,17.485216,17.303612,20.975058,22.52283,21.005306,22.720825,20.32034,22.673332,20.010263,21.797312,20.997492,22.35752,21.00243,22.874033,20.321854,22.66023,0.0,4.0,0.0,0.0,0.0,4.0,0.0,0.0
34887,2023.0,8.0,31.0,6.0,21.048698,22.511444,17.46876,17.289354,21.058046,22.509533,21.055626,22.603603,18.971613,19.619648,18.51126,18.675419,21.037144,22.264465,21.06081,22.76381,18.134018,18.025028,0.0,0.0,0.0,4.0,0.0,4.0,0.0,0.0
34888,2023.0,8.0,31.0,6.0,21.04196,22.378351,17.45309,17.276161,21.06142,22.347874,21.047995,22.44351,20.26458,22.145372,17.659119,17.518518,21.05992,22.208023,21.051453,22.588684,17.91633,18.22121,0.0,0.0,0.0,0.0,0.0,0.0,0.0,4.0
34889,2023.0,8.0,31.0,6.0,21.014702,22.221146,17.846697,18.02944,21.033947,22.157803,21.047544,22.34242,18.368757,18.21317,17.450712,17.299757,21.053614,22.100033,21.050892,22.475874,20.314945,22.349796,4.0,4.0,0.0,0.0,0.0,0.0,0.0,0.0
34890,2023.0,8.0,31.0,7.0,21.0194,22.177439,20.271889,22.17056,21.037563,22.088482,21.04619,22.26785,17.468033,17.101732,17.328197,17.178015,21.022623,21.947989,21.04926,22.390808,18.318098,18.179842,0.0,4.0,0.0,0.0,0.0,4.0,0.0,0.0
34891,2023.0,8.0,31.0,7.0,21.05978,22.212532,19.152285,19.642408,21.060902,22.101412,21.04523,22.213566,17.482128,17.353733,17.237537,17.096268,21.025726,21.908306,21.009024,22.221998,18.30601,18.746649,4.0,0.0,0.0,0.0,0.0,4.0,4.0,4.0
34892,2023.0,8.0,31.0,7.0,21.18311,22.407358,20.217033,21.75623,21.18369,22.301746,21.206474,22.496986,17.451914,17.331257,17.540054,17.731716,21.135347,22.110954,21.278387,22.697187,20.21744,21.954784,0.0,0.0,0.0,0.0,4.0,0.0,4.0,4.0
34893,2023.0,8.0,31.0,7.0,21.050123,22.098595,18.640839,18.481588,21.053022,22.001205,21.042873,22.135044,17.372383,17.258753,20.312195,22.443367,21.04719,21.894869,21.023582,22.136549,20.214956,21.772966,0.0,0.0,0.0,0.0,4.0,0.0,4.0,4.0
34894,2023.0,8.0,31.0,7.0,21.049591,22.06979,17.80723,17.40108,21.011927,21.902958,21.042337,22.110064,18.030317,18.557142,20.029657,21.610058,21.046417,21.861536,21.023342,22.103205,20.21792,21.672539,0.0,4.0,0.0,4.0,0.0,0.0,4.0,0.0
34895,2023.0,8.0,31.0,7.0,21.007854,21.972956,18.238966,18.398314,21.058504,21.99206,21.041378,22.08884,20.2559,22.222275,18.434944,18.33003,21.044918,21.831402,21.021826,22.07254,18.591587,18.426184,4.0,0.0,0.0,4.0,0.0,0.0,4.0,0.0
34896,2023.0,8.0,31.0,8.0,21.25436,22.447617,20.223225,21.77895,21.194689,22.243887,21.298296,22.568491,20.0358,21.544497,17.580296,17.233818,21.324087,22.37245,21.218544,22.46894,17.883295,17.588509,4.0,0.0,4.0,0.0,0.0,4.0,0.0,0.0
34897,2023.0,8.0,31.0,8.0,20.428425,20.826902,20.030422,21.209955,19.871716,19.675503,20.00186,20.074203,19.088787,19.49923,17.989294,18.206846,20.578075,20.889536,19.71926,19.535637,17.692013,17.420471,0.0,0.0,0.0,4.0,4.0,4.0,0.0,0.0
34898,2023.0,8.0,31.0,8.0,19.582739,19.46593,19.094063,19.260754,19.41026,19.254608,19.151886,18.819744,20.21373,21.711138,20.280704,22.090965,20.422047,20.729746,19.053137,18.755844,17.721724,17.620132,4.0,0.0,0.0,0.0,0.0,4.0,0.0,0.0
34899,2023.0,8.0,31.0,8.0,19.847294,20.237106,20.188206,21.484316,19.927235,20.365381,19.409561,19.55617,19.30427,19.739304,19.165062,19.653873,19.721111,19.459278,18.824705,18.536306,17.700785,17.62878,0.0,4.0,4.0,4.0,4.0,0.0,0.0,0.0
34900,2023.0,8.0,31.0,8.0,19.963774,20.398186,19.228554,19.44077,19.549574,19.572601,18.982311,18.725622,20.26915,21.669172,20.204447,21.685038,20.100182,20.436321,18.678394,18.4106,18.558891,19.31149,4.0,0.0,0.0,4.0,4.0,4.0,0.0,4.0
34901,2023.0,8.0,31.0,8.0,19.949022,20.407106,20.195654,21.4,18.987068,18.704641,19.257338,19.46281,20.036634,21.128807,20.031044,21.192429,20.291212,20.672182,19.74857,20.567377,20.208675,21.978107,0.0,0.0,4.0,0.0,0.0,4.0,4.0,0.0
34902,2023.0,8.0,31.0,9.0,19.949263,20.432913,19.01802,18.998365,19.342688,19.547709,19.458292,19.76897,18.86744,18.8071,18.852371,18.81437,19.642956,19.44848,19.082108,18.973324,18.612478,18.635374,0.0,4.0,4.0,0.0,0.0,0.0,0.0,0.0
34903,2023.0,8.0,31.0,9.0,19.339916,19.311203,19.04433,19.28283,18.933079,18.744465,18.907059,18.743624,18.392462,18.154816,18.33214,18.06389,20.145239,20.543716,18.738602,18.51521,18.07094,17.875893,4.0,0.0,0.0,0.0,0.0,4.0,0.0,0.0
34904,2023.0,8.0,31.0,9.0,19.776972,20.282051,20.13206,21.223309,19.314316,19.57465,18.663113,18.417028,18.9405,19.332954,18.321024,18.195665,19.605898,19.438614,18.630096,18.418955,17.930313,17.74539,4.0,4.0,0.0,4.0,0.0,0.0,0.0,0.0
34905,2023.0,8.0,31.0,9.0,19.923937,20.460392,20.03006,20.954292,18.943825,18.802637,19.139988,19.436293,20.12918,21.306114,18.275553,18.17541,19.319557,19.080898,18.548035,18.35134,17.91064,17.826017,0.0,0.0,4.0,4.0,0.0,0.0,0.0,0.0
34906,2023.0,8.0,31.0,9.0,19.314125,19.328827,19.391483,19.654716,18.6646,18.453438,18.793732,18.688173,20.030891,21.03656,18.200495,18.106005,19.245514,19.013077,18.580816,18.489498,17.871426,17.800314,4.0,0.0,0.0,0.0,0.0,0.0,0.0,0.0
34907,2023.0,8.0,31.0,9.0,19.005241,18.958923,20.13027,21.13459,18.569294,18.370268,18.52252,18.348915,19.613228,20.121431,18.140057,18.046534,19.20953,18.989872,18.575459,18.497377,18.746078,19.502106,4.0,0.0,0.0,4.0,0.0,0.0,0.0,4.0
34908,2023.0,8.0,31.0,10.0,18.909779,18.885742,20.009422,20.843931,19.293251,19.812304,19.081196,19.485031,20.108303,21.11622,18.09544,18.002636,19.288107,19.18111,18.546804,18.470955,20.180223,21.79786,4.0,4.0,4.0,0.0,0.0,0.0,0.0,0.0
34909,2023.0,8.0,31.0,10.0,19.532238,20.122524,20.04215,20.89144,18.918024,18.900967,18.745491,18.71106,19.131243,19.152449,18.063644,17.969357,19.317343,19.225117,18.519873,18.442768,18.802668,18.904274,0.0,0.0,0.0,0.0,0.0,0.0,0.0,0.0
34910,2023.0,8.0,31.0,10.0,19.752783,20.367775,19.174726,19.201069,18.576529,18.444939,19.09886,19.535591,18.592049,18.437517,18.042156,17.945974,19.312923,19.22044,19.543352,20.395897,18.149883,18.036983,0.0,0.0,4.0,0.0,0.0,0.0,4.0,0.0
34911,2023.0,8.0,31.0,10.0,19.789135,20.408524,19.166803,19.371218,19.147635,19.579916,18.676176,18.659452,19.144081,19.575054,18.03466,17.935417,19.310247,19.215408,18.865751,18.873259,18.024271,17.890488,4.0,4.0,0.0,4.0,0.0,0.0,0.0,0.0
34912,2023.0,8.0,31.0,10.0,19.205374,19.29774,20.13926,21.146387,19.319054,19.796698,18.456846,18.345448,20.122026,21.25354,18.431759,18.684223,19.309824,19.212664,18.592749,18.451885,18.00743,17.917154,0.0,4.0,0.0,0.0,4.0,0.0,0.0,0.0
34913,2023.0,8.0,31.0,10.0,18.92302,18.956718,19.551298,19.909134,19.37244,19.85187,18.375088,18.271486,19.136137,19.204052,20.171354,21.641052,20.079468,20.669727,18.51945,18.376074,17.974688,17.889126,4.0,4.0,0.0,0.0,4.0,4.0,0.0,0.0
34914,2023.0,8.0,31.0,11.0,18.835285,18.87618,20.10701,21.043278,18.86133,18.863958,19.066917,19.634218,19.2833,19.751043,20.017803,21.121899,19.66402,19.643747,19.489744,20.23661,17.936167,17.849287,4.0,0.0,4.0,4.0,0.0,0.0,4.0,0.0
34915,2023.0,8.0,31.0,11.0,19.473097,20.129068,20.025402,20.852882,19.226131,19.707582,18.700823,18.73677,20.07067,21.03337,19.096329,19.19331,19.37335,19.21324,19.017017,19.04377,17.905537,17.817705,0.0,4.0,0.0,4.0,0.0,0.0,0.0,0.0
34916,2023.0,8.0,31.0,11.0,19.697273,20.362707,19.562126,19.911835,19.423002,19.933617,19.066465,19.596119,20.027134,20.886711,18.929905,19.110584,19.321016,19.152113,18.669685,18.553883,17.881073,17.792337,4.0,4.0,4.0,0.0,4.0,0.0,0.0,0.0
34917,2023.0,8.0,31.0,11.0,19.756765,20.43417,20.111923,21.03255,19.467627,19.984869,19.250427,19.782398,19.233288,19.293295,20.14739,21.253752,19.3657,19.253084,18.593016,18.47184,17.86285,17.77426,0.0,4.0,4.0,0.0,0.0,0.0,0.0,0.0
34918,2023.0,8.0,31.0,11.0,19.206684,19.368896,19.288822,19.391748,19.510529,20.036795,18.73449,18.783012,18.785645,18.675385,19.572878,19.958406,19.388605,19.284435,18.567505,18.45134,17.848791,17.7607,0.0,4.0,0.0,0.0,4.0,0.0,0.0,0.0
34919,2023.0,8.0,31.0,11.0,18.993011,19.084475,18.953232,18.935532,19.544142,20.080467,19.19127,19.744379,18.67297,18.548218,20.080027,20.885284,19.39282,19.290842,18.572067,18.478651,17.839355,17.752567,0.0,4.0,4.0,0.0,4.0,0.0,0.0,0.0
34920,2023.0,8.0,31.0,12.0,19.606699,20.32128,19.246157,19.615376,19.578793,20.123749,19.36557,19.924946,18.614939,18.512768,20.02265,20.731464,20.182446,20.793835,18.564219,18.475763,17.828104,17.744368,4.0,4.0,4.0,0.0,0.0,4.0,0.0,0.0
34921,2023.0,8.0,31.0,12.0,21.204966,22.997095,20.09352,21.069014,21.20658,22.95122,21.237425,23.171745,19.313017,19.88915,19.304144,19.306923,21.139929,22.336992,21.350494,23.327116,18.791231,19.584332,4.0,4.0,4.0,4.0,0.0,0.0,0.0,4.0
34922,2023.0,8.0,31.0,12.0,20.993885,22.376978,20.023542,20.878284,21.001635,22.36815,21.001253,22.495853,20.084805,21.097597,18.921438,18.81476,21.022564,21.961,21.000677,22.479387,20.11129,21.637268,0.0,4.0,4.0,0.0,0.0,0.0,0.0,4.0
34923,2023.0,8.0,31.0,12.0,21.021873,22.320066,19.261137,19.370066,21.027191,22.300703,21.05564,22.48494,19.212025,19.306406,18.812216,18.703066,21.000011,21.804144,21.043102,22.401777,20.031553,21.322662,0.0,4.0,0.0,0.0,0.0,4.0,0.0,0.0
34924,2023.0,8.0,31.0,12.0,21.044672,22.309528,18.817812,18.794336,21.022871,22.209711,21.020672,22.293991,18.73525,18.650337,19.0952,19.312044,21.03375,21.834272,20.998009,22.175367,18.92879,19.064447,0.0,4.0,4.0,0.0,4.0,0.0,4.0,0.0
34925,2023.0,8.0,31.0,12.0,21.038612,22.236938,19.130177,19.499065,21.022125,22.14787,21.050627,22.303572,18.596157,18.510971,20.116308,21.093771,20.997154,21.696295,21.00925,22.12269,18.350906,18.277628,4.0,4.0,0.0,0.0,0.0,4.0,4.0,0.0
34926,2023.0,8.0,31.0,13.0,21.011753,22.11622,20.129135,21.215775,21.021162,22.100132,21.018454,22.163197,18.52036,18.437191,19.677822,20.119665,21.032557,21.76109,21.047333,22.175495,18.200642,18.12675,0.0,4.0,4.0,0.0,4.0,0.0,0.0,0.0
34927,2023.0,8.0,31.0,13.0,21.04311,22.170078,19.276848,19.456636,21.020367,22.06316,21.048878,22.204939,18.45814,18.380487,20.085249,20.951792,20.99638,21.642378,21.038858,22.11146,18.124931,18.057388,0.0,4.0,0.0,0.0,0.0,4.0,0.0,0.0
34928,2023.0,8.0,31.0,13.0,21.00952,22.05541,19.222422,19.618053,21.01962,22.033516,21.04202,22.156136,18.403795,18.330421,19.325445,19.414715,21.031689,21.719648,21.038769,22.07246,18.061808,17.99815,4.0,4.0,0.0,0.0,0.0,0.0,0.0,0.0
34929,2023.0,8.0,31.0,13.0,21.042564,22.124216,20.126627,21.18055,21.01894,22.009193,21.041971,22.1267,18.355658,18.285704,18.864735,18.77246,21.02602,21.688341,21.03799,22.04001,18.00866,17.948399,0.0,4.0,0.0,0.0,0.0,0.0,0.0,0.0
34930,2023.0,8.0,31.0,13.0,21.008131,22.016758,19.257227,19.3973,21.018284,21.988712,21.036364,22.10155,18.315033,18.249773,18.734753,18.656544,21.026196,21.671324,21.03738,22.013952,18.951443,19.780445,0.0,4.0,0.0,0.0,0.0,0.0,0.0,4.0
34931,2023.0,8.0,31.0,13.0,21.041645,22.092518,18.776453,18.765179,21.043373,22.041765,21.036386,22.08758,18.279041,18.217157,18.662333,18.588608,21.02551,21.655273,21.033054,21.992582,20.144014,21.632896,0.0,0.0,0.0,0.0,0.0,0.0,0.0,0.0
34932,2023.0,8.0,31.0,14.0,21.03505,22.06303,19.083927,19.448635,21.037422,22.008493,21.035885,22.073387,18.248014,18.18939,18.597736,18.527464,21.02131,21.642067,21.033173,21.980156,18.927391,19.085396,4.0,0.0,0.0,0.0,0.0,0.0,0.0,0.0
34933,2023.0,8.0,31.0,14.0,20.146946,20.34183,20.131062,21.244596,20.61779,21.154009,20.110706,20.282274,18.221249,18.165384,18.541037,18.471941,20.439331,20.515085,20.140512,20.248098,18.350607,18.326532,0.0,4.0,0.0,0.0,0.0,0.0,0.0,0.0
34934,2023.0,8.0,31.0,14.0,19.727215,19.8715,19.298414,19.513227,20.415178,20.923061,19.557358,19.574867,18.197699,18.144163,18.494766,18.428543,20.10507,20.054817,19.638466,19.594757,18.2123,18.173767,0.0,4.0,0.0,0.0,0.0,0.0,0.0,0.0
34935,2023.0,8.0,31.0,14.0,19.612303,19.759789,18.897896,18.908636,19.829716,19.874401,20.044401,20.616982,18.908144,19.501907,18.462515,18.397837,19.998734,19.930876,20.483631,21.318958,18.144674,18.098186,0.0,0.0,4.0,4.0,0.0,0.0,4.0,0.0
34936,2023.0,8.0,31.0,14.0,20.222609,20.994896,18.768522,18.76275,20.157038,20.641611,19.582758,19.697166,20.15655,21.584328,18.432793,18.370508,19.929321,19.86127,19.765528,19.821663,18.093264,18.047098,0.0,4.0,0.0,0.0,0.0,0.0,0.0,0.0
34937,2023.0,8.0,31.0,14.0,20.318592,21.009842,18.670248,18.665894,19.736137,19.799934,19.20364,19.190886,19.067327,19.253777,18.400873,18.341852,19.861904,19.79681,19.341475,19.276783,18.947695,19.706446,0.0,0.0,0.0,0.0,0.0,0.0,0.0,4.0
34938,2023.0,8.0,31.0,15.0,19.725412,19.90091,18.602625,18.596128,20.075792,20.570642,19.079145,19.047743,18.644167,18.60327,18.373058,18.316326,19.811216,19.746967,19.217047,19.138935,20.154814,21.697676,0.0,4.0,0.0,0.0,0.0,0.0,0.0,0.0
34939,2023.0,8.0,31.0,15.0,20.076345,20.75561,18.966858,19.335474,19.662212,19.724295,18.999668,18.987333,18.508533,18.456608,18.339954,18.284986,19.75581,19.693356,19.119066,19.041769,18.931622,19.112751,4.0,0.0,0.0,0.0,0.0,0.0,0.0,0.0
34940,2023.0,8.0,31.0,15.0,20.181166,20.86825,20.15117,21.38359,19.377302,19.318447,18.93464,18.921888,18.434696,18.380981,18.307415,18.252207,19.709024,19.646076,19.06374,19.004454,19.334108,20.048666,0.0,0.0,0.0,0.0,0.0,0.0,0.0,4.0
34941,2023.0,8.0,31.0,15.0,20.195591,20.875378,19.519453,19.962734,19.86735,20.354712,18.86352,18.84977,18.36888,18.31731,18.273184,18.220058,19.658922,19.597538,18.996778,18.941805,20.070324,21.207138,4.0,4.0,0.0,0.0,0.0,0.0,0.0,4.0
34942,2023.0,8.0,31.0,15.0,20.205723,20.87564,20.10958,21.123732,19.471008,19.498964,18.799253,18.783274,19.057894,19.67219,18.64149,18.94715,20.393652,21.038355,18.92947,18.876617,20.03489,21.09216,4.0,0.0,0.0,4.0,4.0,4.0,0.0,0.0
34943,2023.0,8.0,31.0,15.0,19.620949,19.769642,20.022688,20.884396,19.785223,20.2627,19.418795,19.993786,20.246044,21.618921,20.167519,21.58115,19.903887,19.90796,18.867918,18.81772,19.053629,19.141962,0.0,4.0,4.0,0.0,0.0,0.0,0.0,0.0
34944,2023.0,8.0,31.0,16.0,19.985472,20.647243,19.262094,19.364988,19.941599,20.438828,19.673054,20.27905,19.089731,19.210287,19.153502,19.39465,19.587208,19.48137,19.836685,20.700598,18.547268,18.493256,0.0,4.0,4.0,0.0,0.0,0.0,4.0,0.0
34945,2023.0,8.0,31.0,16.0,20.09805,20.762724,19.301842,19.583195,19.401236,19.416248,19.636137,20.153524,18.674536,18.59728,18.68852,18.65793,19.503517,19.384048,19.149897,19.18903,18.399075,18.32688,4.0,0.0,4.0,0.0,0.0,0.0,0.0,0.0
34946,2023.0,8.0,31.0,16.0,20.119335,20.772238,20.117182,21.041008,19.78274,20.243484,19.64155,20.145023,18.574095,18.518627,18.953382,19.24734,20.288254,20.92719,18.868793,18.785002,19.236303,19.99712,0.0,4.0,4.0,0.0,4.0,4.0,0.0,4.0
34947,2023.0,8.0,31.0,16.0,20.133615,20.771334,19.28496,19.350222,19.93212,20.411892,19.659882,20.156393,18.4887,18.43946,20.15394,21.319527,19.798628,19.77611,18.763512,18.674273,20.50115,22.105192,0.0,4.0,4.0,0.0,0.0,0.0,0.0,4.0
34948,2023.0,8.0,31.0,16.0,20.15138,20.788462,19.31069,19.667469,19.935564,20.408155,19.67582,20.165323,19.12553,19.710266,19.250942,19.431154,19.495043,19.3787,18.692245,18.602118,20.033377,21.085852,4.0,4.0,4.0,4.0,0.0,0.0,0.0,0.0
34949,2023.0,8.0,31.0,16.0,20.16766,20.799301,20.084625,20.981594,19.93912,20.405542,19.68912,20.171915,20.126955,21.318235,19.10382,19.414595,20.147722,20.682707,19.715157,20.59115,19.03601,19.090921,4.0,4.0,4.0,0.0,4.0,4.0,4.0,0.0
34950,2023.0,8.0,31.0,17.0,20.172628,20.792974,20.00675,20.753372,19.942118,20.402428,19.699738,20.175997,19.082142,19.151663,20.143686,21.226501,20.392231,20.950348,19.130234,19.151453,18.53995,18.46439,4.0,4.0,4.0,0.0,0.0,4.0,0.0,0.0
34951,2023.0,8.0,31.0,17.0,20.17807,20.791048,20.034393,20.774181,19.944698,20.399729,19.70897,20.17957,18.556854,18.468382,19.484747,19.79656,19.758047,19.699818,18.743507,18.656483,18.37078,18.280645,0.0,4.0,4.0,0.0,4.0,0.0,0.0,0.0
34952,2023.0,8.0,31.0,17.0,20.19489,20.812162,19.633377,19.93983,19.945984,20.395876,19.716505,20.18159,18.464016,18.412043,20.133802,21.10418,19.477713,19.341707,18.641819,18.544302,18.306776,18.257256,4.0,4.0,4.0,0.0,0.0,0.0,0.0,0.0
34953,2023.0,8.0,31.0,17.0,20.20052,20.809443,20.09852,20.884392,19.945967,20.390787,19.722723,20.18232,19.132048,19.730162,19.234465,19.269678,19.389357,19.245443,18.58186,18.482544,18.245312,18.202444,0.0,4.0,4.0,4.0,0.0,0.0,0.0,0.0
34954,2023.0,8.0,31.0,17.0,19.604193,19.684689,19.668898,19.974043,19.944866,20.384563,19.16563,19.134848,20.126968,21.312092,18.802114,18.75241,20.080185,20.60486,18.585472,18.536749,18.18246,18.141018,4.0,4.0,0.0,0.0,0.0,4.0,0.0,0.0
34955,2023.0,8.0,31.0,17.0,19.97357,20.56938,20.075617,20.800999,19.943785,20.378479,19.491053,19.922623,19.072643,19.12297,19.059841,19.336494,19.641155,19.580767,18.57192,18.529852,18.127188,18.087576,4.0,4.0,4.0,0.0,4.0,0.0,0.0,0.0
34956,2023.0,8.0,31.0,18.0,20.127779,20.719965,20.006117,20.628448,19.384449,19.332537,19.652336,20.101294,18.543997,18.436869,20.139038,21.194704,19.364096,19.217916,18.545376,18.504438,18.07738,18.038122,4.0,0.0,4.0,0.0,0.0,0.0,0.0,0.0
34957,2023.0,8.0,31.0,18.0,21.126472,22.452818,20.033262,20.67329,21.210108,22.714031,21.196835,22.78556,18.464882,18.409935,19.299288,19.446043,21.216173,22.511368,21.350744,23.39456,18.033932,17.995466,0.0,4.0,4.0,0.0,0.0,0.0,0.0,0.0
34958,2023.0,8.0,31.0,18.0,21.001661,22.091173,19.335918,19.31197,21.020199,22.180283,21.002583,22.232033,19.171448,19.798784,18.798618,18.762808,20.980555,21.93715,21.003618,22.527847,18.979736,19.823341,0.0,0.0,4.0,4.0,0.0,4.0,0.0,4.0
34959,2023.0,8.0,31.0,18.0,21.016026,22.04354,18.911037,18.752821,21.017595,22.039846,21.05177,22.237162,20.120342,21.284056,18.653908,18.599316,21.042755,21.970352,21.044418,22.428556,20.142975,21.602104,0.0,4.0,0.0,0.0,0.0,0.0,0.0,0.0
34960,2023.0,8.0,31.0,18.0,21.04122,22.058617,18.854431,18.776773,21.044754,22.039776,21.017244,22.064037,19.055283,19.074385,18.565302,18.510775,21.033068,21.867382,21.038351,22.290913,19.603828,20.303827,0.0,0.0,4.0,0.0,0.0,0.0,0.0,4.0
34961,2023.0,8.0,31.0,18.0,21.007113,21.924133,18.810139,18.751543,21.038244,21.968887,21.022171,22.016293,18.527788,18.401402,18.490849,18.43648,21.032803,21.805826,21.037462,22.19946,20.121277,21.320028,0.0,0.0,4.0,0.0,0.0,0.0,0.0,0.0
34962,2023.0,8.0,31.0,19.0,21.040527,21.980076,19.177492,19.498,21.012968,21.854174,21.046528,22.04235,18.466654,18.410631,18.427624,18.376463,21.02558,21.760468,21.03689,22.133007,18.982523,18.993208,4.0,4.0,0.0,0.0,0.0,0.0,0.0,0.0
34963,2023.0,8.0,31.0,19.0,21.006647,21.862997,20.09906,21.036642,21.01753,21.83521,21.015133,21.921057,19.199657,19.848738,18.368786,18.318247,20.997803,21.662607,21.03606,22.082483,19.360376,20.060432,4.0,4.0,4.0,4.0,0.0,4.0,0.0,4.0
34964,2023.0,8.0,31.0,19.0,21.01269,21.855831,20.00508,20.745836,21.01646,21.81235,21.046072,21.97607,20.117773,21.270567,18.317577,18.269047,21.007141,21.657984,21.035433,22.043802,20.10342,21.219501,4.0,4.0,0.0,0.0,0.0,4.0,0.0,0.0
34965,2023.0,8.0,31.0,19.0,21.038624,21.913832,20.017204,20.703365,21.016354,21.794985,21.039495,21.935833,19.040977,19.039345,18.273909,18.22856,21.036287,21.718456,21.035013,22.013506,19.01326,19.003918,4.0,4.0,0.0,0.0,0.0,0.0,0.0,0.0
34966,2023.0,8.0,31.0,19.0,21.031727,21.88105,20.014023,20.651487,21.042473,21.852043,21.038595,21.910782,18.513681,18.37591,18.232986,18.188608,21.029547,21.683094,21.033117,21.986397,18.488266,18.358068,4.0,0.0,0.0,0.0,0.0,0.0,0.0,0.0
34967,2023.0,8.0,31.0,19.0,21.066706,21.929256,20.062487,20.730196,21.073242,21.886927,21.021252,21.84305,18.473238,18.4242,18.19706,18.15445,21.062391,21.726118,21.07127,22.03886,18.423199,18.376095,0.0,0.0,4.0,0.0,0.0,0.0,0.0,0.0
34968,2023.0,8.0,31.0,20.0,20.993057,21.762556,19.315994,19.254345,21.03097,21.786112,21.018328,21.830875,18.426302,18.383703,18.16664,18.128712,21.019876,21.64061,20.996708,21.84699,18.358631,18.317898,0.0,0.0,4.0,0.0,0.0,0.0,4.0,0.0
34969,2023.0,8.0,31.0,20.0,21.012695,21.79199,19.309542,19.490414,21.036074,21.78105,21.018013,21.820728,18.365938,18.325525,18.496332,18.777027,21.024654,21.650341,21.009684,21.858282,18.285767,18.247202,4.0,0.0,4.0,0.0,4.0,0.0,4.0,0.0
34970,2023.0,8.0,31.0,20.0,21.315033,22.391705,20.225956,21.113548,21.236637,22.185102,21.270353,22.316446,18.314095,18.277636,20.231396,21.701595,21.174217,21.94755,21.22406,22.305317,18.225422,18.191547,4.0,0.0,4.0,0.0,0.0,0.0,0.0,0.0
34971,2023.0,8.0,31.0,20.0,21.009323,21.767176,20.021975,20.658562,21.027605,21.760645,21.042944,21.865242,18.262928,18.221895,19.112667,19.311499,21.067163,21.694994,21.038315,21.90911,18.168623,18.132416,0.0,0.0,0.0,0.0,0.0,4.0,0.0,0.0
34972,2023.0,8.0,31.0,20.0,21.037857,21.841125,19.285147,19.204271,21.00189,21.68831,21.03798,21.841494,18.219767,18.177485,18.502193,18.471642,21.02782,21.630573,21.03902,21.891806,18.11955,18.082073,0.0,4.0,0.0,0.0,0.0,0.0,0.0,0.0
34973,2023.0,8.0,31.0,20.0,21.032024,21.816988,18.996584,18.922985,21.033375,21.77523,21.038137,21.82778,18.897726,19.487202,18.373493,18.325853,21.030943,21.623976,21.038427,21.873142,18.07704,18.038422,0.0,0.0,0.0,4.0,0.0,0.0,0.0,0.0
34974,2023.0,8.0,31.0,21.0,21.00464,21.729551,19.352526,19.66458,21.035807,21.759142,21.012184,21.743895,20.16269,21.498158,18.300747,18.250801,21.030344,21.610264,21.07094,21.891947,18.040628,18.001448,4.0,0.0,4.0,0.0,0.0,0.0,4.0,0.0
34975,2023.0,8.0,31.0,21.0,21.009792,21.735006,20.092335,20.915455,21.035032,21.74031,21.017553,21.75059,18.952383,18.949785,18.24254,18.19081,21.022604,21.598886,21.036922,21.852848,18.899494,19.649813,0.0,0.0,4.0,0.0,0.0,0.0,0.0,4.0
34976,2023.0,8.0,31.0,21.0,21.009436,21.731342,19.763136,20.166868,21.026014,21.725422,21.04276,21.8176,18.388027,18.244537,18.194397,18.142206,21.023312,21.600601,21.03824,21.843313,20.15653,21.595093,4.0,0.0,0.0,0.0,0.0,0.0,0.0,0.0
34977,2023.0,8.0,31.0,21.0,21.03711,21.804062,20.081562,20.801147,21.027052,21.72703,21.011343,21.724318,18.359018,18.304882,18.51068,18.769257,21.023205,21.599031,21.037638,21.828411,18.84865,18.849579,0.0,0.0,4.0,0.0,4.0,0.0,0.0,0.0
34978,2023.0,8.0,31.0,21.0,21.03106,21.781359,19.293474,19.217861,21.026861,21.724699,21.017097,21.730673,18.330618,18.28235,20.222876,21.654575,21.023012,21.596346,21.03724,21.814856,19.119774,19.737265,0.0,0.0,4.0,0.0,0.0,0.0,0.0,4.0
34979,2023.0,8.0,31.0,21.0,21.03165,21.771406,19.228704,19.347654,21.000856,21.649963,21.042011,21.795431,18.973532,19.535835,19.121794,19.307755,21.022978,21.593506,21.029757,21.803326,20.131636,21.349613,4.0,4.0,0.0,4.0,0.0,0.0,0.0,0.0
34980,2023.0,8.0,31.0,22.0,21.03129,21.760006,20.122223,20.91658,21.03198,21.735363,21.036428,21.772238,20.115791,21.314358,18.512293,18.46647,21.022837,21.59004,21.030373,21.803999,18.95276,18.920506,0.0,0.0,0.0,4.0,0.0,0.0,0.0,0.0
34981,2023.0,8.0,31.0,22.0,21.023008,21.74964,19.281986,19.200739,21.035124,21.719582,21.036888,21.760923,20.0299,21.016264,18.383244,18.326206,21.022818,21.586376,21.030186,21.80126,18.401134,18.244894,0.0,0.0,0.0,0.0,0.0,0.0,0.0,0.0
34982,2023.0,8.0,31.0,22.0,21.02343,21.753418,18.955694,18.868729,21.008615,21.629076,21.02762,21.750463,19.007666,18.937582,18.312246,18.252844,21.022764,21.582582,21.03009,21.797451,18.252203,18.088501,0.0,4.0,0.0,0.0,0.0,0.0,0.0,0.0
34983,2023.0,8.0,31.0,22.0,20.994352,21.676311,18.88052,18.793606,21.04104,21.705717,21.001738,21.682507,18.48515,18.283688,18.574598,18.796951,21.022274,21.577852,21.029081,21.791164,18.267796,18.214191,0.0,0.0,4.0,0.0,4.0,0.0,0.0,0.0
34984,2023.0,8.0,31.0,22.0,21.039248,21.774548,18.813826,18.729156,21.033625,21.678488,21.044151,21.775705,18.471676,18.394537,20.207766,21.556917,21.10295,21.701502,21.030066,21.787859,18.23646,18.185743,0.0,0.0,0.0,0.0,4.0,4.0,0.0,0.0
34985,2023.0,8.0,31.0,22.0,21.000736,21.665648,18.747345,18.654415,21.034014,21.66747,21.035225,21.744125,18.437403,18.370932,19.984528,20.965176,21.018684,21.543293,21.029549,21.78171,18.181719,18.126442,0.0,0.0,0.0,0.0,4.0,0.0,0.0,0.0
34986,2023.0,8.0,31.0,23.0,21.064291,21.81586,18.692142,18.593704,21.05085,21.706886,21.073832,21.804203,18.376234,18.310371,20.09268,21.06145,21.060583,21.614002,21.06067,21.835808,18.133902,18.077065,0.0,0.0,0.0,0.0,0.0,0.0,0.0,0.0
34987,2023.0,8.0,31.0,23.0,20.81438,21.274923,19.090935,19.377731,20.3853,20.424747,20.339668,20.388542,18.89875,19.338034,19.350807,19.497627,20.26658,20.06488,20.241657,20.243221,18.096651,18.042414,4.0,0.0,0.0,4.0,4.0,0.0,0.0,0.0
34988,2023.0,8.0,31.0,23.0,20.736471,21.18148,18.85846,18.868145,20.6994,21.164804,19.993528,19.90901,19.142149,19.668098,19.080532,19.121105,20.13908,20.016811,20.908312,21.696842,18.066856,18.012194,0.0,4.0,0.0,4.0,4.0,0.0,4.0,0.0
34989,2023.0,8.0,31.0,23.0,20.133076,20.088547,18.693876,18.610798,20.237633,20.26817,20.479301,20.948238,18.4911,18.360603,19.00153,19.044395,20.079689,19.983088,20.010496,19.871082,18.75757,19.336071,0.0,0.0,4.0,0.0,4.0,0.0,0.0,4.0
34990,2023.0,8.0,31.0,23.0,20.520514,20.97021,18.639091,18.544968,19.750315,19.460752,20.018501,20.03104,18.248959,18.04751,18.655996,18.457956,19.998737,19.905941,19.63189,19.382582,18.280106,18.266018,0.0,0.0,0.0,0.0,0.0,0.0,0.0,0.0
34991,2023.0,8.0,31.0,23.0,19.98994,19.936735,19.053823,19.353256,19.563377,19.240007,19.568993,19.29627,18.774372,19.107065,18.451391,18.20286,19.927174,19.837439,19.479044,19.23389,18.024141,17.872332,4.0,0.0,0.0,4.0,0.0,0.0,0.0,0.0
34992,2023.0,9.0,1.0,0.0,19.735394,19.596622,18.79986,18.800766,19.610216,19.451595,19.390213,19.086554,18.338818,18.173498,18.477365,18.36696,19.86113,19.770926,19.358898,19.120592,17.938198,17.7745,0.0,0.0,0.0,0.0,0.0,0.0,0.0,0.0
34993,2023.0,9.0,1.0,0.0,19.62195,19.481411,18.483732,18.238045,19.59377,19.482462,19.436731,19.293299,18.76883,19.103188,18.459112,18.37695,19.802153,19.712322,19.394543,19.298254,17.987185,17.926476,0.0,0.0,0.0,4.0,0.0,0.0,0.0,0.0
34994,2023.0,9.0,1.0,0.0,19.713158,19.747337,18.38063,18.109798,19.546587,19.440147,19.42442,19.324457,18.932936,19.292118,18.408514,18.332376,19.74911,19.659988,19.35878,19.281454,18.71158,19.301697,0.0,0.0,0.0,4.0,0.0,0.0,0.0,4.0
34995,2023.0,9.0,1.0,0.0,19.709927,19.769457,18.494701,18.38489,19.494135,19.384151,19.37406,19.274908,18.98868,19.351181,18.354559,18.277634,19.697842,19.606354,19.296797,19.220552,18.872122,19.411726,0.0,0.0,0.0,4.0,0.0,0.0,0.0,4.0
34996,2023.0,9.0,1.0,0.0,19.674404,19.736588,18.506998,18.405746,19.452478,19.34696,19.329706,19.235113,18.426323,18.263357,18.310009,18.236263,19.656067,19.567436,19.241238,19.167334,18.19526,18.065193,0.0,0.0,0.0,0.0,0.0,0.0,0.0,0.0
34997,2023.0,9.0,1.0,0.0,19.637222,19.699379,18.49944,18.402039,19.409985,19.305157,19.28419,19.190031,18.844858,19.185677,18.265974,18.192263,19.615343,19.52682,19.187159,19.11324,18.000582,17.832048,0.0,0.0,0.0,4.0,0.0,0.0,0.0,0.0
34998,2023.0,9.0,1.0,1.0,19.602161,19.665169,18.487022,18.390577,19.37109,19.267872,19.242329,19.14966,18.387,18.22681,18.226517,18.15361,19.578508,19.490704,19.138323,19.065203,17.932507,17.767323,0.0,0.0,0.0,0.0,0.0,0.0,0.0,0.0
34999,2023.0,9.0,1.0,1.0,19.567884,19.630558,18.473776,18.378222,19.332914,19.229515,19.200903,19.10774,18.2,17.998653,18.188753,18.114948,19.5435,19.455357,19.091925,19.018076,17.990948,17.939306,0.0,0.0,0.0,0.0,0.0,0.0,0.0,0.0
35000,2023.0,9.0,1.0,1.0,19.537905,19.60268,18.461885,18.368427,19.30023,19.199617,19.165314,19.074919,18.264725,18.199715,18.156868,18.084703,19.513153,19.426533,19.051483,18.979065,17.974693,17.920921,0.0,0.0,0.0,0.0,0.0,0.0,0.0,0.0
35001,2023.0,9.0,1.0,1.0,19.511192,19.57968,18.451185,18.360796,19.272125,19.176603,19.134745,19.049644,18.874184,19.371748,18.129847,18.061255,19.48673,19.403126,19.01616,18.946949,18.68413,19.277782,0.0,0.0,0.0,4.0,0.0,0.0,0.0,4.0
35002,2023.0,9.0,1.0,1.0,19.483524,19.552385,18.439957,18.351683,19.24356,19.150595,19.103838,19.021172,18.351849,18.232481,18.103277,18.036081,19.46082,19.378586,18.981848,18.913883,18.105268,18.007761,0.0,0.0,0.0,0.0,0.0,0.0,0.0,0.0
35003,2023.0,9.0,1.0,1.0,19.4566,19.52487,18.428741,18.341837,19.214752,19.122234,19.072908,18.990316,18.142561,17.957203,18.077375,18.009933,19.435492,19.353325,18.948595,18.880337,17.91091,17.756258,0.0,0.0,0.0,0.0,0.0,0.0,0.0,0.0
35004,2023.0,9.0,1.0,2.0,19.432802,19.502237,18.418428,18.333662,19.189672,19.099712,19.046015,18.965855,18.207142,18.149544,18.055302,17.989374,19.413212,19.332497,18.919277,18.852364,17.860144,17.710741,0.0,0.0,0.0,0.0,0.0,0.0,0.0,0.0
35005,2023.0,9.0,1.0,2.0,19.408827,19.478184,18.407291,18.323517,19.164808,19.076145,19.019352,18.940447,18.188889,18.130999,18.034054,17.968626,19.391445,19.311209,18.89116,18.82474,17.921091,17.876728,0.0,0.0,0.0,0.0,0.0,0.0,0.0,0.0
35006,2023.0,9.0,1.0,2.0,19.385807,19.455072,18.39619,18.313324,19.141083,19.05363,18.993876,18.91617,18.162893,18.105303,18.014133,17.949179,19.370728,19.29096,18.86465,18.798714,17.908064,17.858353,0.0,0.0,0.0,0.0,0.0,0.0,0.0,0.0
35007,2023.0,9.0,1.0,2.0,19.363678,19.432865,18.385218,18.303205,19.118309,19.032013,18.969456,18.892899,18.138237,18.080935,17.995321,17.930822,19.350895,19.271587,18.83947,18.774002,17.88988,17.840368,0.0,0.0,0.0,0.0,0.0,0.0,0.0,0.0
35008,2023.0,9.0,1.0,2.0,19.342405,19.411507,18.374414,18.293213,19.09645,19.011246,18.946075,18.870594,18.115322,18.058327,17.977493,17.913433,19.331835,19.252975,18.81548,18.750467,17.872568,17.823269,0.0,0.0,0.0,0.0,0.0,0.0,0.0,0.0
35009,2023.0,9.0,1.0,2.0,19.322807,19.39278,18.36451,18.284834,19.076889,18.99429,18.925213,18.852425,18.68072,19.140148,18.258648,18.454477,19.314312,19.23682,18.793459,18.729902,17.856688,17.808397,0.0,0.0,0.0,4.0,4.0,0.0,0.0,0.0
35010,2023.0,9.0,1.0,3.0,19.302877,19.37249,18.354097,18.274992,19.056376,18.974522,18.903423,18.831312,18.293211,18.276484,18.067413,18.027554,19.296307,19.219082,18.771202,18.707876,17.840778,17.792562,0.0,0.0,0.0,0.0,0.0,0.0,0.0,0.0
35011,2023.0,9.0,1.0,3.0,19.284388,19.354038,18.34443,18.266136,19.03693,18.956116,18.882874,18.811693,18.644396,18.997646,17.987991,17.926346,19.279121,19.202477,18.750046,18.687218,17.825897,17.778025,0.0,0.0,0.0,4.0,0.0,0.0,0.0,0.0
35012,2023.0,9.0,1.0,3.0,19.267286,19.337473,18.335358,18.258154,19.01876,18.939486,18.86371,18.794004,18.188246,18.045712,17.965317,17.90453,19.26287,19.187185,18.730162,18.668253,17.812117,17.76491,0.0,0.0,0.0,0.0,0.0,0.0,0.0,0.0
35013,2023.0,9.0,1.0,3.0,19.250875,19.3216,18.32644,18.250362,19.001245,18.923483,18.845253,18.777008,18.043205,17.875626,17.945143,17.88532,19.247103,19.172401,18.711042,18.650082,18.531006,19.130806,0.0,0.0,0.0,0.0,0.0,0.0,0.0,4.0
35014,2023.0,9.0,1.0,3.0,19.237133,19.310776,18.317442,18.242325,18.983946,18.90728,18.827185,18.759903,17.990826,17.825647,18.224308,18.423517,19.231443,19.157423,18.692228,18.631859,18.059095,18.068447,0.0,0.0,0.0,0.0,4.0,0.0,0.0,0.0
35015,2023.0,9.0,1.0,3.0,19.235285,19.322378,18.308338,18.233847,18.966608,18.890408,18.809353,18.742298,18.057016,18.002722,18.012714,17.957382,19.215734,19.141983,18.67356,18.613335,17.82052,17.687,0.0,0.0,0.0,0.0,0.0,0.0,0.0,0.0
35016,2023.0,9.0,1.0,4.0,19.223034,19.310785,18.299591,18.225761,18.949944,18.87437,18.792337,18.725693,18.052685,17.99964,17.951881,17.892513,19.200611,19.127384,18.655752,18.595995,17.755417,17.617905,0.0,0.0,0.0,0.0,0.0,0.0,0.0,0.0
35017,2023.0,9.0,1.0,4.0,19.2096,19.297556,18.291403,18.218704,18.934412,18.860172,18.776373,18.710943,18.035439,17.983149,17.929089,17.870644,19.186184,19.113865,18.638807,18.579876,17.812332,17.773756,0.0,0.0,0.0,0.0,0.0,0.0,0.0,0.0
35018,2023.0,9.0,1.0,4.0,19.196217,19.284384,18.28335,18.211805,18.919376,18.84643,18.76079,18.696604,18.01878,17.967243,17.909174,17.851679,19.1722,19.10079,18.622492,18.564386,17.800438,17.75584,0.0,0.0,0.0,0.0,0.0,0.0,0.0,0.0
35019,2023.0,9.0,1.0,4.0,19.182905,19.271296,18.275345,18.204958,18.90467,18.832996,18.745512,18.682568,18.002844,17.95209,17.891981,17.835392,19.158606,19.088108,18.606705,18.549423,17.785275,17.74132,0.0,0.0,0.0,0.0,0.0,0.0,0.0,0.0
35020,2023.0,9.0,1.0,4.0,19.16975,19.258366,18.267408,18.198172,18.890297,18.819864,18.730577,18.668846,17.987963,17.938004,17.876383,17.82071,19.145424,19.07584,18.591463,18.535007,17.771276,17.727982,0.0,0.0,0.0,0.0,0.0,0.0,0.0,0.0
35021,2023.0,9.0,1.0,4.0,19.156769,19.24561,18.259542,18.191446,18.876228,18.807007,18.715963,18.655424,17.974081,17.924925,17.862183,17.807425,19.13265,19.063986,18.576757,18.521128,17.758104,17.715492,0.0,0.0,0.0,0.0,0.0,0.0,0.0,0.0
35022,2023.0,9.0,1.0,5.0,19.144335,19.233828,18.252268,18.185856,18.863441,18.796476,18.702713,18.64445,17.961832,17.914211,17.849947,17.796986,19.120893,19.053808,18.563187,18.50906,18.479141,19.084864,0.0,0.0,0.0,0.0,0.0,0.0,0.0,4.0
35023,2023.0,9.0,1.0,5.0,19.131504,19.22117,18.244513,18.1792,18.849895,18.784071,18.688824,18.6316,17.949692,17.90284,17.83779,17.785685,19.108887,19.042753,18.549446,18.496151,17.927544,17.86322,0.0,0.0,0.0,0.0,0.0,0.0,0.0,0.0
35024,2023.0,9.0,1.0,5.0,19.118914,19.208723,18.236803,18.172512,18.836542,18.771732,18.675343,18.618973,18.524939,18.99488,18.124092,18.331766,19.097097,19.031857,18.536026,18.483492,17.7508,17.628725,0.0,0.0,0.0,4.0,4.0,0.0,0.0,0.0
35025,2023.0,9.0,1.0,5.0,19.106392,19.195982,18.229073,18.165483,18.82297,18.758728,18.661652,18.605692,18.804495,19.378113,17.919462,17.874662,19.08519,19.020535,18.522583,18.470491,17.704805,17.58317,0.0,0.0,0.0,4.0,0.0,0.0,0.0,0.0
35026,2023.0,9.0,1.0,5.0,19.09571,19.186142,18.22232,18.159956,18.810808,18.74827,18.6494,18.59507,18.190536,18.118176,17.865345,17.816833,19.07425,19.011003,18.51027,18.45949,18.532515,19.187891,0.0,0.0,0.0,0.0,0.0,0.0,0.0,4.0
35027,2023.0,9.0,1.0,5.0,19.084776,19.175417,18.624966,18.922737,18.79815,18.736591,18.636705,18.583227,18.58594,18.969032,18.14021,18.34704,19.062893,19.00053,18.497608,18.447577,17.9682,17.916271,4.0,0.0,0.0,4.0,4.0,0.0,0.0,0.0
35028,2023.0,9.0,1.0,6.0,19.073874,19.164652,18.3955,18.39757,18.785597,18.724882,18.624327,18.571474,18.152916,18.043577,18.28698,18.55399,19.05155,18.989965,18.48503,18.435638,17.773514,17.653708,0.0,0.0,0.0,0.0,4.0,0.0,0.0,0.0
35029,2023.0,9.0,1.0,6.0,21.27284,23.030752,18.289864,18.234173,21.251713,23.11407,21.255287,23.254208,18.614012,19.01325,20.244139,21.922379,21.26463,22.825443,21.400293,23.450087,17.723995,17.605467,0.0,0.0,0.0,4.0,4.0,0.0,0.0,0.0
35030,2023.0,9.0,1.0,6.0,21.000105,22.276382,18.256042,18.195387,21.003122,22.343256,21.003956,22.454863,20.198715,21.658031,20.016996,21.237684,20.981928,22.129223,20.999672,22.489738,18.595919,19.304453,0.0,0.0,0.0,0.0,0.0,4.0,0.0,4.0
35031,2023.0,9.0,1.0,6.0,21.035002,22.210375,18.638855,18.925459,21.039461,22.244534,21.042526,22.34681,18.918682,18.949532,18.905506,18.935694,21.040272,22.130972,21.044796,22.399174,20.190996,21.85225,4.0,0.0,0.0,0.0,0.0,0.0,0.0,0.0
35032,2023.0,9.0,1.0,6.0,21.225595,22.499418,20.190712,21.546398,21.305655,22.64272,21.210835,22.55931,18.900583,19.273104,18.41397,18.359934,21.211838,22.337746,21.240503,22.663906,18.74664,18.79184,0.0,4.0,0.0,4.0,0.0,4.0,0.0,0.0
35033,2023.0,9.0,1.0,6.0,21.028898,22.0355,19.043453,19.090214,21.037832,22.044687,21.010366,22.047716,20.137173,21.328224,18.328548,18.278131,21.041548,21.931652,21.036127,22.15774,18.120121,18.002508,0.0,0.0,4.0,4.0,0.0,0.0,0.0,0.0
35034,2023.0,9.0,1.0,7.0,21.02703,21.984863,18.398996,18.195114,21.03876,21.972202,21.04012,22.071936,19.990362,20.905659,18.25611,18.203474,21.033009,21.85026,21.032995,22.084826,18.078478,18.040657,0.0,0.0,0.0,4.0,0.0,0.0,0.0,0.0
35035,2023.0,9.0,1.0,7.0,20.999477,21.873747,18.409286,18.327198,21.03846,21.91573,21.041431,22.011024,20.045547,20.944252,18.607765,18.918642,21.003227,21.722296,20.993101,21.92693,18.04498,18.007734,0.0,0.0,0.0,0.0,4.0,4.0,4.0,0.0
35036,2023.0,9.0,1.0,7.0,21.373962,22.606367,18.409946,18.34222,21.343752,22.480347,21.041245,21.961884,19.71737,20.199013,20.201694,21.632187,21.139273,21.981016,21.008862,21.912138,18.007383,17.97286,0.0,4.0,0.0,4.0,0.0,0.0,4.0,0.0
35037,2023.0,9.0,1.0,7.0,21.03907,21.910337,18.383915,18.320457,21.043217,21.858265,21.031715,21.922403,20.089546,20.948883,19.133883,19.33783,21.032135,21.730492,21.006544,21.875336,18.877354,19.644587,0.0,0.0,0.0,0.0,0.0,0.0,4.0,4.0
35038,2023.0,9.0,1.0,7.0,21.033197,21.870424,18.357613,18.294662,21.036255,21.816748,21.00659,21.833355,19.178751,19.121677,18.534285,18.5075,21.032093,21.702707,21.046278,21.955866,20.157679,21.6307,0.0,0.0,4.0,0.0,0.0,0.0,0.0,0.0
35039,2023.0,9.0,1.0,7.0,21.032656,21.84608,18.334404,18.27185,21.01023,21.721462,21.045507,21.903687,18.715475,18.550093,18.402346,18.351961,21.043213,21.685577,20.996601,21.796225,19.573847,20.230158,0.0,4.0,0.0,0.0,0.0,4.0,4.0,4.0
35040,2023.0,9.0,1.0,8.0,21.004604,21.750977,18.314228,18.252434,21.04114,21.789879,21.037617,21.862307,18.672459,18.603943,18.33402,18.280272,21.031687,21.672668,21.004793,21.79215,20.124084,21.309662,0.0,0.0,0.0,0.0,0.0,0.0,4.0,0.0
35041,2023.0,9.0,1.0,8.0,20.76357,21.281656,18.297606,18.237968,20.176174,20.11281,20.107992,20.056984,18.633324,18.577827,18.286423,18.234194,20.246243,20.142538,20.046314,19.974432,19.003592,19.010012,0.0,0.0,0.0,0.0,0.0,0.0,0.0,0.0
35042,2023.0,9.0,1.0,8.0,20.695042,21.203611,18.735882,19.071266,19.782713,19.550364,19.820522,19.726618,18.58772,18.533758,18.256432,18.20349,20.667871,21.097906,20.632475,21.293621,18.610449,18.469238,4.0,0.0,0.0,0.0,0.0,4.0,4.0,0.0
35043,2023.0,9.0,1.0,8.0,20.67419,21.192894,20.182327,21.54392,20.3414,20.756403,19.704567,19.640326,19.270395,19.859444,18.23222,18.179556,20.117397,20.000654,19.904964,19.828608,18.486813,18.347963,0.0,4.0,0.0,4.0,0.0,0.0,0.0,0.0
35044,2023.0,9.0,1.0,8.0,20.061167,20.075815,19.531452,20.025894,19.89954,19.807251,20.23715,20.755787,20.104597,21.140049,18.583433,18.857407,19.799082,19.601328,20.449896,21.130598,18.458385,18.396997,4.0,0.0,4.0,0.0,4.0,0.0,4.0,0.0
35045,2023.0,9.0,1.0,8.0,20.405842,20.940474,20.11392,21.141676,19.533995,19.338882,19.852411,19.910587,19.749308,20.267502,20.182343,21.54416,20.418428,20.869534,19.834217,19.76813,18.417103,18.366497,4.0,0.0,0.0,4.0,4.0,4.0,0.0,0.0
35046,2023.0,9.0,1.0,9.0,20.552475,21.100704,20.022964,20.86375,19.389526,19.183064,19.39345,19.229107,20.054304,20.845407,20.015577,21.023283,19.958847,19.833027,19.437845,19.275764,18.36507,18.315191,0.0,0.0,0.0,4.0,0.0,0.0,0.0,0.0
35047,2023.0,9.0,1.0,9.0,20.563618,21.120869,19.550951,19.85434,19.404388,19.305807,19.23477,19.060999,20.028095,20.746773,19.113733,19.145803,19.699743,19.521654,19.318277,19.16018,18.324402,18.276932,4.0,0.0,0.0,0.0,0.0,0.0,0.0,0.0
35048,2023.0,9.0,1.0,9.0,20.57873,21.14323,20.117527,20.980164,19.394432,19.331186,19.155317,18.993715,19.277678,19.2417,18.997536,19.181305,20.371294,20.861748,19.247114,19.097559,18.292334,18.24587,0.0,0.0,0.0,0.0,4.0,4.0,0.0,0.0
35049,2023.0,9.0,1.0,9.0,20.013594,20.082903,19.298708,19.31583,20.020786,20.552904,19.180887,19.117746,18.913961,18.78891,20.147139,21.181046,19.94951,19.875753,20.177778,20.907173,18.26827,18.222687,0.0,4.0,0.0,0.0,0.0,0.0,4.0,0.0
35050,2023.0,9.0,1.0,9.0,19.721716,19.726177,18.935843,18.904545,20.27125,20.839598,19.172314,19.131666,18.80819,18.681458,19.263187,19.327131,19.696724,19.546808,19.657944,19.638657,18.250772,18.205717,0.0,4.0,0.0,0.0,0.0,0.0,0.0,0.0
35051,2023.0,9.0,1.0,9.0,19.635662,19.641174,18.862764,18.82883,19.652431,19.625664,19.142231,19.107325,18.816494,18.746893,18.964407,18.897161,19.647846,19.4956,19.403488,19.276234,18.241638,18.19635,0.0,0.0,0.0,0.0,0.0,0.0,0.0,0.0
35052,2023.0,9.0,1.0,10.0,20.257372,20.867155,18.80898,18.778578,19.41768,19.300924,19.111944,19.082504,18.803204,18.742908,18.902328,18.834667,20.46709,21.083118,19.332392,19.209099,18.235994,18.190779,0.0,0.0,0.0,0.0,0.0,4.0,0.0,0.0
35053,2023.0,9.0,1.0,10.0,19.807167,19.910439,18.762184,18.733494,19.333109,19.216879,19.082697,19.056616,18.78152,18.721119,19.226763,19.483925,20.62969,21.211569,19.287369,19.167957,18.232553,18.186085,0.0,0.0,0.0,0.0,4.0,4.0,0.0,0.0
35054,2023.0,9.0,1.0,10.0,20.306858,20.946589,18.722338,18.695864,19.929796,20.392273,19.055477,19.032742,18.763903,18.702585,20.102781,21.00902,20.011787,19.975597,19.302488,19.233759,18.23143,18.183441,0.0,4.0,0.0,0.0,0.0,0.0,0.0,0.0
35055,2023.0,9.0,1.0,10.0,20.470442,21.096096,18.68185,18.658497,20.132805,20.61058,19.027777,19.008572,18.747488,18.685514,19.765987,20.198088,20.497028,21.023724,19.295471,19.232006,19.149416,19.916496,0.0,4.0,0.0,0.0,4.0,4.0,0.0,4.0
35056,2023.0,9.0,1.0,10.0,20.513517,21.149454,18.653923,18.631596,20.176537,20.65731,19.005787,18.988987,19.453531,20.02133,20.045877,20.685757,20.03497,20.031713,20.30387,21.150707,20.123299,21.458876,0.0,4.0,0.0,4.0,4.0,0.0,4.0,0.0
35057,2023.0,9.0,1.0,10.0,20.556595,21.197462,18.625013,18.605015,19.672781,19.68641,18.983616,18.969265,20.070984,20.915157,20.0192,20.59042,20.518215,21.057844,19.768047,19.803205,19.817913,20.592487,0.0,0.0,0.0,0.0,0.0,4.0,0.0,4.0
35058,2023.0,9.0,1.0,11.0,20.588608,21.23087,18.599537,18.581066,19.402456,19.33708,18.963581,18.951088,19.362425,19.419413,19.818813,20.13439,20.799587,21.399252,19.415392,19.324423,20.034163,20.96199,0.0,0.0,0.0,0.0,4.0,4.0,0.0,4.0
35059,2023.0,9.0,1.0,11.0,20.618929,21.264326,19.026608,19.401936,19.96116,20.453432,19.635324,20.231771,19.017723,18.938135,20.05032,20.591864,20.222475,20.224642,19.33981,19.239033,20.028463,20.884733,4.0,4.0,4.0,0.0,0.0,0.0,0.0,0.0
35060,2023.0,9.0,1.0,11.0,20.644754,21.291729,20.137672,21.2544,20.17212,20.682861,19.308722,19.400232,19.695911,20.27477,19.503994,19.479403,20.688517,21.22791,19.31645,19.216995,19.27445,19.349337,0.0,4.0,0.0,4.0,0.0,4.0,0.0,0.0
35061,2023.0,9.0,1.0,11.0,20.671284,21.32195,19.693176,20.203096,19.681059,19.727669,19.04236,19.03612,20.03544,20.686464,19.266907,19.176907,20.959318,21.56351,20.347242,21.178837,18.896671,18.830656,4.0,0.0,0.0,0.0,0.0,4.0,4.0,0.0
35062,2023.0,9.0,1.0,11.0,20.707853,21.37269,20.076532,20.939064,19.420568,19.388699,19.63019,20.183672,20.109575,20.701105,19.602858,19.84393,21.058514,21.663443,19.857016,19.914314,18.797297,18.721598,4.0,0.0,4.0,4.0,4.0,4.0,0.0,0.0
35063,2023.0,9.0,1.0,11.0,20.74144,21.412962,20.01936,20.764006,19.348146,19.315062,19.287983,19.351397,20.008442,20.479692,20.046452,20.549696,20.397938,20.342295,19.510496,19.424143,18.760818,18.68747,0.0,0.0,0.0,0.0,0.0,0.0,0.0,0.0
35064,2023.0,9.0,1.0,12.0,20.765148,21.438808,19.388702,19.49453,19.310144,19.28567,19.063513,19.07165,19.509645,19.468697,19.973457,20.312445,20.894846,21.43032,19.44369,19.353062,18.731932,18.654482,0.0,0.0,0.0,0.0,4.0,4.0,0.0,0.0
35065,2023.0,9.0,1.0,12.0,21.032171,21.892265,19.13851,19.144043,21.216034,22.707174,21.234896,22.956244,19.352861,19.257769,20.006151,20.335213,21.02242,21.57754,21.247805,22.49616,18.716824,18.636724,0.0,0.0,0.0,0.0,4.0,0.0,0.0,0.0
35066,2023.0,9.0,1.0,12.0,21.025585,21.862171,19.026812,19.024017,20.994211,22.077309,20.992693,22.251074,19.301926,19.206743,20.01512,20.33257,21.016096,21.497028,20.990692,21.900581,18.70312,18.621428,0.0,0.0,0.0,0.0,0.0,0.0,0.0,0.0
35067,2023.0,9.0,1.0,12.0,20.996958,21.75116,18.956585,18.955767,21.031078,22.029615,21.035824,22.191841,20.018614,20.592129,19.654474,19.6023,21.01649,21.447088,21.02567,21.864471,18.69625,18.614088,0.0,0.0,0.0,4.0,0.0,0.0,0.0,0.0
35068,2023.0,9.0,1.0,12.0,21.030039,21.817072,19.360973,19.76549,21.000713,21.871408,21.00474,22.016203,19.989168,20.349665,19.478102,19.368322,21.015211,21.40517,21.021584,21.780302,18.694721,18.612144,4.0,4.0,4.0,0.0,0.0,0.0,0.0,0.0
35069,2023.0,9.0,1.0,12.0,20.994604,21.705555,20.076942,20.925528,21.009272,21.834263,21.039219,22.038363,19.572115,19.505991,19.43828,19.32325,21.012447,21.371983,21.303675,22.219704,18.697588,18.614817,4.0,4.0,0.0,0.0,0.0,0.0,4.0,0.0
35070,2023.0,9.0,1.0,13.0,21.029274,21.784504,20.014362,20.734743,21.007124,21.7932,21.030853,21.969881,19.417122,19.328764,19.418741,19.302752,21.42544,22.117186,20.980192,21.565947,18.703722,18.620676,0.0,4.0,0.0,0.0,0.0,4.0,0.0,0.0
35071,2023.0,9.0,1.0,13.0,21.00408,21.690346,19.776707,20.19314,21.006136,21.763878,21.030293,21.928284,19.376144,19.278013,19.409882,19.29408,21.475876,22.075632,21.026297,21.623594,18.713366,18.6309,4.0,4.0,0.0,0.0,0.0,4.0,0.0,0.0
35072,2023.0,9.0,1.0,13.0,21.027735,21.763357,20.04766,20.714087,21.03288,21.815454,21.00121,21.825014,19.356476,19.257763,19.40804,19.292717,20.962065,21.136839,21.018932,21.57822,18.725246,18.643114,4.0,0.0,4.0,0.0,0.0,0.0,0.0,0.0
35073,2023.0,9.0,1.0,13.0,21.042534,21.780403,20.012651,20.600826,21.012072,21.719074,21.019722,21.840567,19.346046,19.247408,19.411581,19.296871,21.024109,21.265759,21.043604,21.595768,18.739296,18.657717,4.0,4.0,4.0,0.0,0.0,0.0,0.0,0.0
35074,2023.0,9.0,1.0,13.0,21.017834,21.723358,20.022,20.62197,21.004444,21.700815,21.007017,21.801723,19.342268,19.244392,19.418663,19.304308,21.448286,22.037886,21.01496,21.518663,19.718319,20.502138,0.0,4.0,4.0,0.0,0.0,4.0,0.0,4.0
35075,2023.0,9.0,1.0,13.0,21.07108,21.7894,19.545717,19.68312,21.003977,21.689987,21.033821,21.863327,19.341358,19.244335,19.428339,19.315096,20.965612,21.084984,21.017307,21.50507,20.022575,20.765045,0.0,4.0,0.0,0.0,0.0,0.0,0.0,0.0
35076,2023.0,9.0,1.0,14.0,21.014763,21.702961,19.312428,19.403978,21.029497,21.752346,21.001373,21.761347,19.34242,19.2469,19.437529,19.325827,21.014437,21.191198,21.016842,21.4884,19.383406,19.423176,0.0,0.0,4.0,0.0,0.0,0.0,0.0,0.0
35077,2023.0,9.0,1.0,14.0,20.509893,20.732061,19.180521,19.216625,20.93281,21.52045,20.310823,20.454971,19.342583,19.247683,19.444313,19.33333,20.74482,20.672115,20.495445,20.466671,19.141386,19.116385,0.0,4.0,0.0,0.0,0.0,0.0,0.0,0.0
35078,2023.0,9.0,1.0,14.0,20.308317,20.471212,19.11099,19.132915,20.910149,21.490103,20.65919,21.264036,19.342314,19.248476,19.448553,19.338873,20.651789,20.55285,20.305437,20.21403,19.110834,19.081966,0.0,4.0,4.0,0.0,0.0,0.0,0.0,0.0
35079,2023.0,9.0,1.0,14.0,20.203762,20.352926,19.06284,19.081755,20.907272,21.489632,20.702301,21.292809,19.34032,19.248127,19.450678,19.343082,20.607761,20.505375,20.225348,20.130217,19.04446,18.964378,0.0,4.0,4.0,0.0,0.0,0.0,0.0,0.0
35080,2023.0,9.0,1.0,14.0,20.847567,21.632492,19.463709,19.865717,20.907177,21.491522,20.174362,20.310358,19.336931,19.246883,19.80692,20.014242,21.318102,21.887749,20.169382,20.079851,19.912958,20.629524,4.0,4.0,0.0,0.0,4.0,4.0,0.0,4.0
35081,2023.0,9.0,1.0,14.0,20.382755,20.63354,20.059551,20.848719,20.369358,20.48764,19.942038,19.997858,19.332705,19.245052,20.02272,20.3406,21.53785,22.177208,20.118475,20.030409,20.012228,20.668085,4.0,0.0,0.0,0.0,0.0,4.0,0.0,0.0
35082,2023.0,9.0,1.0,15.0,20.754047,21.495852,19.995085,20.6383,20.085484,20.137484,20.466173,21.081654,19.327776,19.242756,19.708862,19.674881,20.89562,20.88972,20.066927,19.981892,19.445906,19.48531,4.0,0.0,4.0,0.0,0.0,0.0,0.0,0.0
35083,2023.0,9.0,1.0,15.0,20.932644,21.674934,20.003262,20.603212,20.60839,21.2074,20.619074,21.22695,19.323492,19.2412,19.554714,19.461807,20.655518,20.57938,20.02067,19.938198,19.22987,19.217344,4.0,4.0,4.0,0.0,0.0,0.0,0.0,0.0
35084,2023.0,9.0,1.0,15.0,20.979012,21.71905,20.001833,20.565607,20.241013,20.377872,20.095366,20.233656,20.03969,20.600336,19.527763,19.434607,20.599215,20.523197,19.980604,19.901045,19.185757,19.172739,4.0,0.0,0.0,4.0,0.0,0.0,0.0,0.0
35085,2023.0,9.0,1.0,15.0,21.016973,21.755548,20.001467,20.539555,19.976822,20.041748,19.8293,19.90479,19.987091,20.317896,19.513521,19.422989,21.287436,21.864075,19.944767,19.868025,20.004047,20.74026,4.0,0.0,0.0,0.0,0.0,4.0,0.0,4.0
35086,2023.0,9.0,1.0,15.0,20.471066,20.704271,20.000956,20.519165,19.891567,19.94978,20.376368,21.005287,19.6792,19.691042,19.502083,19.414997,21.573376,22.225134,19.912384,19.83831,19.995768,20.525063,4.0,0.0,4.0,0.0,0.0,4.0,0.0,0.0
35087,2023.0,9.0,1.0,15.0,20.226553,20.417303,20.018942,20.55444,19.803795,19.828035,20.019152,20.17766,20.215738,20.784002,19.492052,19.40859,20.95456,20.987957,20.878176,21.693739,19.527826,19.583105,0.0,0.0,0.0,4.0,0.0,0.0,4.0,0.0
35088,2023.0,9.0,1.0,16.0,20.14671,20.335331,19.994274,20.46551,19.74031,19.757278,19.757696,19.843174,20.53578,21.188412,19.482769,19.40293,20.68387,20.622892,20.359827,20.41522,20.159887,20.90532,4.0,0.0,0.0,4.0,0.0,0.0,0.0,4.0
35089,2023.0,9.0,1.0,16.0,20.7575,21.519476,20.001568,20.471159,20.380026,20.992882,19.690823,19.766697,19.976715,20.163038,19.474146,19.396677,21.355473,21.944843,20.130651,20.094173,19.986248,20.49457,4.0,4.0,0.0,0.0,0.0,4.0,0.0,0.0
35090,2023.0,9.0,1.0,16.0,20.37206,20.610893,20.017902,20.511677,20.047558,20.17703,19.595938,19.626476,20.474648,21.106804,19.464287,19.389305,21.621126,22.27944,20.055021,20.018011,19.51894,19.551397,0.0,0.0,0.0,4.0,0.0,4.0,0.0,0.0
35091,2023.0,9.0,1.0,16.0,20.148392,20.338926,19.653206,19.798243,20.459948,21.088867,19.53299,19.556963,19.972677,20.111927,19.454357,19.382025,21.686731,22.3427,20.004381,19.968857,19.33652,19.334162,0.0,4.0,0.0,0.0,0.0,4.0,0.0,0.0
35092,2023.0,9.0,1.0,16.0,20.08286,20.269352,19.866507,20.317135,20.086067,20.227684,19.49176,19.515755,19.776945,19.766102,19.443705,19.374151,21.026094,21.051178,19.940533,19.881926,19.281382,19.278692,4.0,0.0,0.0,0.0,0.0,0.0,0.0,0.0
35093,2023.0,9.0,1.0,16.0,20.02746,20.19228,20.02472,20.567644,20.52741,21.139074,19.461489,19.484907,20.37776,20.955927,19.43258,19.36557,21.521547,22.095785,19.901102,19.841139,19.203186,19.155653,0.0,4.0,0.0,4.0,0.0,4.0,0.0,0.0
35094,2023.0,9.0,1.0,17.0,19.984833,20.146172,20.000412,20.458687,20.689255,21.289558,19.431122,19.454987,19.973207,20.108356,19.419928,19.356228,21.749292,22.398619,19.868174,19.810799,19.147562,19.097174,4.0,4.0,0.0,0.0,0.0,4.0,0.0,0.0
35095,2023.0,9.0,1.0,17.0,20.614023,21.353722,20.000626,20.451931,20.720234,21.311964,19.40349,19.427216,19.77986,19.770826,19.405401,19.344187,21.788925,22.434443,19.838991,19.784456,19.997227,20.738348,4.0,4.0,0.0,0.0,0.0,4.0,0.0,4.0
35096,2023.0,9.0,1.0,17.0,20.273907,20.510014,20.005812,20.447533,20.752424,21.337717,20.053982,20.67137,19.67936,19.657942,19.389378,19.330965,21.111635,21.129763,19.81154,19.759344,19.995434,20.533808,4.0,4.0,4.0,0.0,0.0,0.0,0.0,0.0
35097,2023.0,9.0,1.0,17.0,20.687935,21.423376,20.011423,20.44707,20.779547,21.358816,20.305721,20.929153,19.599094,19.548773,19.37251,19.316847,20.814602,20.742023,19.785807,19.736025,19.49465,19.533049,4.0,4.0,4.0,0.0,0.0,0.0,0.0,0.0
35098,2023.0,9.0,1.0,17.0,20.814327,21.542412,20.015854,20.464025,20.798775,21.37189,19.812033,19.947302,20.250263,20.819563,19.356266,19.303608,20.73708,20.665154,20.762815,21.606,20.172182,20.899935,0.0,4.0,0.0,4.0,0.0,0.0,4.0,4.0
35099,2023.0,9.0,1.0,17.0,20.308325,20.530949,19.673254,19.794035,20.284784,20.389591,19.567406,19.626507,19.980679,20.196556,19.70018,19.969877,21.378862,21.944782,20.270052,20.367426,19.9731,20.398842,0.0,0.0,0.0,0.0,4.0,4.0,0.0,0.0
35100,2023.0,9.0,1.0,18.0,20.719166,21.441107,19.472094,19.532156,20.635567,21.208235,19.50279,19.549173,20.43704,21.061214,20.03544,20.490639,20.911402,20.91061,19.925817,19.901834,19.53985,19.567379,0.0,4.0,0.0,4.0,0.0,0.0,0.0,0.0
35101,2023.0,9.0,1.0,18.0,21.016615,21.81137,19.794252,20.184938,21.057518,21.85588,21.196384,22.585194,19.99476,20.20529,20.030706,20.414646,21.402348,21.998314,21.299824,22.381834,19.343613,19.334896,4.0,0.0,0.0,0.0,4.0,4.0,0.0,0.0
35102,2023.0,9.0,1.0,18.0,20.993149,21.709839,20.008284,20.478178,21.014801,21.709467,20.990656,21.999762,19.703121,19.673004,20.011974,20.383038,21.619318,22.2479,21.207521,22.050219,19.265062,19.252823,4.0,0.0,0.0,0.0,0.0,4.0,4.0,0.0
35103,2023.0,9.0,1.0,18.0,21.011429,21.705452,20.01464,20.473356,21.023346,21.682161,21.006393,21.901987,19.602524,19.57862,19.660486,19.689342,20.965874,21.086262,21.000689,21.6538,19.19006,19.158394,0.0,0.0,4.0,0.0,0.0,0.0,0.0,0.0
35104,2023.0,9.0,1.0,18.0,21.022692,21.723042,19.627144,19.701912,20.994339,21.5728,21.032322,21.900425,19.543915,19.520079,19.489523,19.473766,21.018326,21.226814,21.024519,21.666664,19.135712,19.106363,0.0,4.0,0.0,0.0,0.0,0.0,0.0,0.0
35105,2023.0,9.0,1.0,18.0,21.01763,21.685925,19.871536,20.280579,21.00118,21.568306,20.999731,21.75966,19.485226,19.454319,19.415499,19.386652,21.011087,21.238804,21.020863,21.632364,19.094002,19.067802,4.0,4.0,4.0,0.0,0.0,0.0,0.0,0.0
35106,2023.0,9.0,1.0,19.0,21.091267,21.772041,20.005627,20.435955,21.026627,21.627167,21.032356,21.807922,20.147224,20.749811,19.744932,20.058012,21.4464,22.072136,21.021807,21.61355,20.006964,20.836878,4.0,0.0,0.0,4.0,4.0,4.0,0.0,4.0
35107,2023.0,9.0,1.0,19.0,21.122057,21.793682,19.998363,20.397346,20.995752,21.528656,20.999321,21.688007,19.968937,20.27595,20.032965,20.49912,20.95421,21.12215,21.019636,21.598335,19.985123,20.560972,4.0,4.0,4.0,0.0,0.0,0.0,0.0,0.0
35108,2023.0,9.0,1.0,19.0,21.13543,21.796099,20.01793,20.434341,21.000652,21.529058,21.031548,21.74976,20.317589,20.913137,19.992485,20.363293,21.01834,21.27939,21.40819,22.297411,19.45126,19.49017,0.0,4.0,0.0,4.0,4.0,0.0,4.0,0.0
35109,2023.0,9.0,1.0,19.0,21.149302,21.803804,20.012438,20.381485,21.000027,21.520636,20.99769,21.63926,19.957623,20.206682,20.00489,20.380928,21.399536,22.001644,21.44811,22.232513,19.214384,19.204924,4.0,4.0,4.0,0.0,4.0,4.0,4.0,0.0
35110,2023.0,9.0,1.0,19.0,21.00318,21.557953,20.011435,20.372604,21.026394,21.586046,21.03108,21.710295,20.324854,20.893799,20.01764,20.406971,21.495937,22.080528,20.971369,21.409729,20.042877,20.844328,4.0,0.0,0.0,4.0,0.0,4.0,0.0,4.0
35111,2023.0,9.0,1.0,19.0,21.019836,21.588152,20.014956,20.369284,21.004202,21.497515,21.024305,21.677858,19.960056,20.178778,19.967184,20.274496,20.957443,21.118547,21.028692,21.540703,19.985905,20.528263,4.0,4.0,0.0,0.0,4.0,0.0,0.0,0.0
35112,2023.0,9.0,1.0,20.0,21.017189,21.575054,20.017445,20.365,21.02737,21.566837,20.998625,21.588797,19.670862,19.65053,20.02546,20.405891,21.019835,21.273144,21.02054,21.529196,19.443062,19.448076,4.0,0.0,4.0,0.0,0.0,0.0,0.0,0.0
35113,2023.0,9.0,1.0,20.0,21.017708,21.56782,20.01878,20.359356,21.01998,21.54032,21.031078,21.664349,19.513247,19.473715,19.620422,19.612808,21.013329,21.277243,21.361467,22.14495,19.216106,19.195044,4.0,0.0,0.0,0.0,0.0,0.0,4.0,0.0
35114,2023.0,9.0,1.0,20.0,21.230024,21.944956,20.019192,20.352978,21.021103,21.530163,21.02422,21.637806,19.440586,19.401957,19.817291,20.12798,21.343567,21.896566,20.973839,21.401545,20.038866,20.821575,4.0,0.0,0.0,0.0,4.0,4.0,0.0,4.0
35115,2023.0,9.0,1.0,20.0,20.979061,21.464668,20.015194,20.359009,21.020596,21.518316,21.024254,21.6242,19.40908,19.39504,20.030012,20.450884,20.962997,21.164225,21.029377,21.522552,20.290699,21.009315,0.0,0.0,0.0,0.0,0.0,0.0,0.0,4.0
35116,2023.0,9.0,1.0,20.0,21.022217,21.550474,19.643736,19.635283,21.016499,21.508883,21.01968,21.610727,19.37282,19.361012,19.626871,19.649626,21.34979,21.908772,21.36698,22.133568,19.98283,20.443384,0.0,0.0,0.0,0.0,0.0,4.0,4.0,0.0
35117,2023.0,9.0,1.0,20.0,21.016796,21.537191,19.880356,20.197886,21.016993,21.506893,21.020243,21.606339,19.335142,19.32438,19.435959,19.42522,20.96686,21.162329,20.96703,21.36783,20.314804,21.030048,4.0,0.0,0.0,0.0,0.0,0.0,0.0,4.0
35118,2023.0,9.0,1.0,21.0,21.013628,21.53447,20.024584,20.401814,21.130085,21.692217,21.036045,21.601236,19.297215,19.281843,19.357908,19.343102,21.019747,21.285496,21.027847,21.500486,19.97059,20.350922,0.0,4.0,4.0,0.0,0.0,0.0,0.0,0.0
35119,2023.0,9.0,1.0,21.0,21.014435,21.53672,19.995977,20.298975,21.00423,21.457834,21.024817,21.597803,19.264652,19.248322,19.6563,19.951712,21.339142,21.88226,21.020523,21.489017,20.354448,21.057772,4.0,0.0,0.0,0.0,4.0,4.0,0.0,4.0
35120,2023.0,9.0,1.0,21.0,21.013935,21.53621,20.020636,20.361507,21.023027,21.491152,21.023972,21.58574,19.23549,19.21724,20.060472,20.585514,20.969553,21.168383,21.021202,21.489502,19.962915,20.289803,0.0,0.0,0.0,0.0,0.0,0.0,0.0,0.0
35121,2023.0,9.0,1.0,21.0,21.014124,21.535437,19.645655,19.626793,21.020887,21.480331,21.024115,21.574764,19.899517,20.490795,19.542543,19.52473,21.019691,21.282814,21.017809,21.487888,20.36353,21.039665,0.0,0.0,0.0,4.0,0.0,0.0,0.0,4.0
35122,2023.0,9.0,1.0,21.0,21.257101,21.971989,19.488503,19.462902,21.149378,21.701162,21.0629,21.618864,20.1238,20.656263,19.340605,19.317532,21.014675,21.280092,21.01815,21.490538,19.954124,20.245142,0.0,4.0,4.0,4.0,0.0,0.0,0.0,0.0
35123,2023.0,9.0,1.0,21.0,20.981215,21.43295,19.886513,20.254665,21.002115,21.426128,20.99399,21.481977,20.187147,20.709595,19.28838,19.264912,21.011166,21.285013,21.0181,21.4905,19.54703,19.483238,4.0,0.0,4.0,4.0,0.0,0.0,0.0,0.0
35124,2023.0,9.0,1.0,22.0,21.024012,21.518124,20.032278,20.414343,21.02395,21.46826,21.031546,21.576405,20.247192,20.761333,19.240055,19.214483,21.440245,22.09388,21.017971,21.48899,19.344984,19.266325,4.0,0.0,0.0,4.0,0.0,4.0,0.0,0.0
35125,2023.0,9.0,1.0,22.0,21.136305,21.699453,20.014671,20.369322,21.02072,21.4575,21.023312,21.552929,20.23995,20.695679,19.195965,19.165962,21.419142,21.915888,21.476448,22.330559,19.24991,19.166191,0.0,0.0,0.0,4.0,0.0,4.0,4.0,0.0
35126,2023.0,9.0,1.0,22.0,21.001776,21.457256,19.593685,19.536608,21.016022,21.452732,21.024633,21.546055,19.988586,20.25681,19.159298,19.128513,21.414957,21.904417,20.95232,21.300154,19.23873,19.213327,0.0,0.0,0.0,0.0,0.0,4.0,0.0,0.0
35127,2023.0,9.0,1.0,22.0,21.020563,21.495113,19.354425,19.219656,21.016619,21.455475,21.018652,21.537125,19.576313,19.467358,19.124395,19.090403,20.964983,21.111937,21.032045,21.467772,19.202808,19.175714,0.0,0.0,0.0,0.0,0.0,0.0,0.0,0.0
35128,2023.0,9.0,1.0,22.0,21.01834,21.487608,19.808615,20.148579,21.016758,21.455948,21.019634,21.539314,19.388905,19.270206,19.092285,19.055758,21.311106,21.78438,21.02082,21.448164,19.158268,19.129374,4.0,0.0,0.0,0.0,0.0,4.0,0.0,0.0
35129,2023.0,9.0,1.0,22.0,21.268826,21.946646,20.021912,20.43217,21.01671,21.455145,21.019665,21.538303,19.912994,20.3275,19.375317,19.61033,20.977383,21.140665,21.022587,21.450153,19.894682,20.554914,0.0,0.0,0.0,4.0,4.0,0.0,0.0,4.0
35130,2023.0,9.0,1.0,23.0,20.97839,21.380976,19.642094,19.66226,21.01685,21.453987,21.019514,21.535494,20.012728,20.37146,20.09241,20.787231,21.021193,21.24643,21.017063,21.44694,20.114523,20.68783,0.0,0.0,0.0,0.0,0.0,0.0,0.0,4.0
35131,2023.0,9.0,1.0,23.0,20.52959,20.535831,19.876207,20.217884,20.576185,20.604666,20.506124,20.544338,19.543169,19.437777,19.515444,19.564152,20.595638,20.437551,20.533335,20.519585,19.438549,19.364435,4.0,0.0,0.0,0.0,0.0,0.0,0.0,0.0
35132,2023.0,9.0,1.0,23.0,20.339113,20.284948,19.492762,19.419748,20.373072,20.320297,20.27911,20.233252,19.46624,19.416891,19.304964,19.263805,20.44234,20.255407,20.358969,20.310581,19.99537,20.553862,0.0,0.0,0.0,0.0,0.0,0.0,0.0,4.0
35133,2023.0,9.0,1.0,23.0,20.373264,20.442892,19.298302,19.125391,20.279604,20.219423,20.174715,20.122114,19.430552,19.388853,19.541407,19.755884,20.479677,20.41035,20.267126,20.220203,19.425507,19.351883,0.0,0.0,0.0,0.0,4.0,0.0,0.0,0.0
35134,2023.0,9.0,1.0,23.0,20.349768,20.437826,19.22675,19.04704,20.21014,20.14889,20.09625,20.042429,19.980227,20.46319,19.64766,19.912477,20.453037,20.393255,20.189253,20.140047,19.22322,19.102772,0.0,0.0,0.0,4.0,4.0,0.0,0.0,0.0
35135,2023.0,9.0,1.0,23.0,20.314726,20.411373,19.272787,19.18774,20.152351,20.091429,20.031324,19.977734,19.563162,19.561302,19.348919,19.332806,20.408852,20.349192,20.123266,20.073828,19.14808,19.029673,0.0,0.0,0.0,0.0,0.0,0.0,0.0,0.0
35136,2023.0,9.0,2.0,0.0,20.289722,20.397778,19.281841,19.224888,20.102877,20.043495,19.975958,19.92397,19.339212,19.218477,19.426466,19.535147,20.368483,20.309366,20.066069,20.017467,19.946552,20.60232,0.0,0.0,0.0,0.0,4.0,0.0,0.0,4.0
35137,2023.0,9.0,2.0,0.0,20.255474,20.362406,19.266218,19.212988,20.056871,19.997099,19.924852,19.87236,19.248775,19.114319,19.172712,19.044216,20.329662,20.269524,20.013113,19.96351,19.35747,19.302114,0.0,0.0,0.0,0.0,0.0,0.0,0.0,0.0
35138,2023.0,9.0,2.0,0.0,20.220737,20.324291,19.244228,19.188627,20.011692,19.948183,19.875141,19.818409,19.286993,19.248768,19.040854,18.883947,20.291622,20.228472,19.962738,19.909904,19.136166,19.009764,0.0,0.0,0.0,0.0,0.0,0.0,0.0,0.0
35139,2023.0,9.0,2.0,0.0,20.190325,20.292816,19.224411,19.168308,19.97374,19.910307,19.833498,19.776833,19.259197,19.21202,19.095966,19.051712,20.258266,20.194366,19.919056,19.865656,19.068375,18.94355,0.0,0.0,0.0,0.0,0.0,0.0,0.0,0.0
35140,2023.0,9.0,2.0,0.0,20.16167,20.262949,19.205284,19.148706,19.938656,19.87526,19.794956,19.738413,19.228998,19.181015,19.070803,19.01836,20.227041,20.162388,19.878792,19.824804,19.102901,19.069267,0.0,0.0,0.0,0.0,0.0,0.0,0.0,0.0
35141,2023.0,9.0,2.0,0.0,20.136347,20.238022,19.18879,19.13352,19.908772,19.848122,19.762177,19.708742,19.202637,19.155596,19.042734,18.991642,20.199383,20.135702,19.843344,19.790674,19.80688,20.413013,0.0,0.0,0.0,0.0,0.0,0.0,0.0,4.0
35142,2023.0,9.0,2.0,1.0,20.110668,20.21094,19.171225,19.115326,19.878101,19.817215,19.728802,19.675137,19.75467,20.21494,19.013954,18.961855,20.1715,20.106972,19.808346,19.754946,19.231186,19.160831,0.0,0.0,0.0,4.0,0.0,0.0,0.0,0.0
35143,2023.0,9.0,2.0,1.0,20.086355,20.185032,19.154373,19.097765,19.849031,19.787619,19.697495,19.643198,19.369986,19.363218,18.986294,18.932987,20.144741,20.079113,19.775171,19.720728,19.03557,18.907537,0.0,0.0,0.0,0.0,0.0,0.0,0.0,0.0
35144,2023.0,9.0,2.0,1.0,20.062977,20.159506,19.137291,19.078966,19.820238,19.756912,19.666584,19.610226,19.136547,18.987232,18.959084,18.903515,20.118538,20.051085,19.74322,19.687025,18.97147,18.841797,0.0,0.0,0.0,0.0,0.0,0.0,0.0,0.0
35145,2023.0,9.0,2.0,1.0,20.041828,20.1374,19.12211,19.063389,19.794758,19.731432,19.639229,19.582926,19.06792,18.919067,18.934822,18.8786,20.09467,20.02658,19.714207,19.657515,19.005634,18.960043,0.0,0.0,0.0,0.0,0.0,0.0,0.0,0.0
35146,2023.0,9.0,2.0,1.0,20.02229,20.117731,19.108809,19.051016,19.772476,19.710972,19.615314,19.561049,19.692951,20.146822,18.913467,18.858149,20.07313,20.005623,19.688068,19.632137,18.988161,18.9433,0.0,0.0,0.0,4.0,0.0,0.0,0.0,0.0
35147,2023.0,9.0,2.0,1.0,20.001991,20.096022,19.094301,19.035896,19.748907,19.687035,19.5901,19.535522,19.32326,19.313538,18.891312,18.835096,20.051025,19.98268,19.661636,19.604963,18.963255,18.917984,0.0,0.0,0.0,0.0,0.0,0.0,0.0,0.0
35148,2023.0,9.0,2.0,2.0,19.98263,20.075224,19.080137,19.020975,19.72618,19.663769,19.565887,19.510815,19.097977,18.951357,19.180431,19.394855,20.029713,19.960472,19.63635,19.57888,18.938871,18.892735,0.0,0.0,0.0,0.0,4.0,0.0,0.0,0.0
35149,2023.0,9.0,2.0,2.0,19.963455,20.05425,19.065977,19.005575,19.703821,19.640402,19.542238,19.486168,19.022635,18.869318,18.952785,18.90004,20.008846,19.938417,19.611845,19.55332,18.915344,18.868093,0.0,0.0,0.0,0.0,0.0,0.0,0.0,0.0
35150,2023.0,9.0,2.0,2.0,19.945826,20.03612,19.053257,18.992653,19.683681,19.62078,19.52112,19.46562,19.640474,20.08242,18.89019,18.83248,19.989733,19.919287,19.589417,19.531073,19.62506,20.223217,0.0,0.0,0.0,4.0,0.0,0.0,0.0,4.0
35151,2023.0,9.0,2.0,2.0,19.927477,20.016161,19.039793,18.97807,19.662823,19.599117,19.499474,19.4431,19.911127,20.451174,18.862082,18.802738,19.970167,19.89873,19.566679,19.507477,19.14611,19.15601,0.0,0.0,0.0,4.0,0.0,0.0,0.0,0.0
35152,2023.0,9.0,2.0,2.0,19.91015,19.99739,19.02658,18.963808,19.642632,19.578205,19.47876,19.421555,19.27983,19.16843,18.837124,18.776752,19.951189,19.878883,19.544739,19.48481,18.905073,18.774017,0.0,0.0,0.0,0.0,0.0,0.0,0.0,0.0
35153,2023.0,9.0,2.0,2.0,19.893345,19.979149,19.013458,18.949625,19.622856,19.557682,19.458536,19.400505,19.081816,18.91596,18.814604,18.753176,19.932608,19.859434,19.523355,19.462704,19.534914,20.016335,0.0,0.0,0.0,0.0,0.0,0.0,0.0,4.0
35154,2023.0,9.0,2.0,3.0,19.876474,19.960835,19.00034,18.935457,19.603449,19.537487,19.43876,19.379875,19.013493,18.84751,18.793383,18.730978,19.914368,19.840326,19.502449,19.441074,19.024326,18.91869,0.0,0.0,0.0,0.0,0.0,0.0,0.0,0.0
35155,2023.0,9.0,2.0,3.0,19.860088,19.943634,18.987967,18.922812,19.58512,19.51907,19.420177,19.361107,19.063906,19.003277,18.773819,18.71111,20.609632,21.171907,19.482512,19.420986,18.862312,18.719275,0.0,0.0,0.0,0.0,0.0,4.0,0.0,0.0
35156,2023.0,9.0,2.0,3.0,19.844011,19.926855,18.976046,18.910854,19.567581,19.501621,19.40224,19.34327,19.055315,18.99735,19.047943,19.23901,20.004505,19.871695,19.463203,19.401688,18.806604,18.665606,0.0,0.0,0.0,0.0,4.0,0.0,0.0,0.0
35157,2023.0,9.0,2.0,3.0,19.827305,19.908539,18.963646,18.89762,19.549503,19.482584,19.383568,19.323702,19.02831,18.968712,18.839844,18.781908,19.815638,19.612186,19.443386,19.381065,18.84641,18.791277,0.0,0.0,0.0,0.0,0.0,0.0,0.0,0.0
35158,2023.0,9.0,2.0,3.0,19.811525,19.891941,18.951674,18.884914,19.531965,19.464428,19.365522,19.30507,19.00386,18.943647,18.776794,18.711933,19.764349,19.56029,19.424252,19.361578,18.834986,18.782207,0.0,0.0,0.0,0.0,0.0,0.0,0.0,0.0
35159,2023.0,9.0,2.0,3.0,19.796053,19.875792,18.94029,18.873308,19.515205,19.447649,19.348398,19.287941,18.980837,18.920513,18.75129,18.686283,19.848288,19.771412,19.405605,19.342842,18.81359,18.760696,0.0,0.0,0.0,0.0,0.0,0.0,0.0,0.0
35160,2023.0,9.0,2.0,4.0,19.780521,19.859528,18.92885,18.86168,19.498537,19.430975,19.33144,19.270975,18.958748,18.898314,18.728046,18.66293,19.844048,19.767614,19.387062,19.324202,18.79227,18.739237,0.0,0.0,0.0,0.0,0.0,0.0,0.0,0.0
35161,2023.0,9.0,2.0,4.0,19.764622,19.84245,18.917233,18.849714,19.482101,19.41458,19.314753,19.254353,18.93755,18.877098,19.016829,19.22287,19.827234,19.750706,19.36853,19.305494,18.771435,18.718285,0.0,0.0,0.0,0.0,4.0,0.0,0.0,0.0
35162,2023.0,9.0,2.0,4.0,19.748577,19.825336,18.904976,18.83659,19.465097,19.397114,19.297552,19.236692,18.916533,18.855808,18.818008,18.787024,19.809322,19.732458,19.349771,19.286474,19.480917,20.07196,0.0,0.0,0.0,0.0,0.0,0.0,0.0,4.0
35163,2023.0,9.0,2.0,4.0,19.734692,19.812521,18.892223,18.822353,19.447496,19.378336,19.279984,19.217848,18.895334,18.833622,18.72488,18.65889,19.790474,19.712679,19.330439,19.266302,19.003086,19.007637,0.0,0.0,0.0,0.0,0.0,0.0,0.0,0.0
35164,2023.0,9.0,2.0,4.0,19.73253,19.821917,18.878159,18.805641,19.428612,19.356915,19.26134,19.19653,18.87354,18.809805,18.6938,18.624329,19.770758,19.691101,19.3103,19.24453,18.742603,18.585623,0.0,0.0,0.0,0.0,0.0,0.0,0.0,0.0
35165,2023.0,9.0,2.0,4.0,19.719465,19.807392,18.865173,18.79131,19.411186,19.3384,19.24412,19.178131,18.85331,18.788748,18.667627,18.597227,19.752127,19.671635,19.291046,19.224545,18.670668,18.512777,0.0,0.0,0.0,0.0,0.0,0.0,0.0,0.0
35166,2023.0,9.0,2.0,5.0,19.705572,19.792477,18.85343,18.779642,19.395342,19.323023,19.228334,19.162792,18.834667,18.770527,18.6455,18.575928,20.44291,20.994278,19.272793,19.206577,19.441797,20.01948,0.0,0.0,0.0,0.0,0.0,4.0,0.0,4.0
35167,2023.0,9.0,2.0,5.0,19.691263,19.777266,18.841118,18.766935,19.378906,19.306284,19.211884,19.146053,18.815727,18.751415,18.915737,19.09957,19.834467,19.6877,19.254135,19.187805,18.877954,18.776764,0.0,0.0,0.0,0.0,4.0,0.0,0.0,0.0
35168,2023.0,9.0,2.0,5.0,19.677141,19.762392,18.829239,18.754818,19.362965,19.290134,19.19599,19.12993,18.797363,18.732958,18.733963,18.698008,20.379421,20.821535,19.235735,19.169348,18.687563,18.530947,0.0,0.0,0.0,0.0,0.0,4.0,0.0,0.0
35169,2023.0,9.0,2.0,5.0,20.322136,20.98368,18.817478,18.742693,19.347078,19.273941,19.180143,19.11377,18.779322,18.71473,18.641317,18.571617,19.838049,19.669867,19.217382,19.150848,19.332558,19.79387,0.0,0.0,0.0,0.0,0.0,0.0,0.0,4.0
35170,2023.0,9.0,2.0,5.0,19.90597,20.058268,18.805779,18.730745,19.331396,19.258047,19.164492,19.097908,18.762005,18.697348,18.613056,18.542768,19.6636,19.444395,19.19927,19.132698,19.576769,20.111574,0.0,0.0,0.0,0.0,0.0,0.0,0.0,4.0
35171,2023.0,9.0,2.0,5.0,20.245459,20.74016,18.793983,18.718744,19.315704,19.242182,19.149181,19.082268,18.745642,18.680939,18.587872,18.517395,19.60767,19.390636,19.181355,19.11475,18.924582,18.804531,0.0,0.0,0.0,0.0,0.0,0.0,0.0,0.0
35172,2023.0,9.0,2.0,6.0,19.77122,19.76579,18.78222,18.706947,19.300138,19.226654,19.1342,19.067118,18.73004,18.66549,18.56554,18.495098,20.389322,20.924368,20.111301,20.882019,19.47773,19.972069,0.0,0.0,0.0,0.0,0.0,4.0,4.0,4.0
35173,2023.0,9.0,2.0,6.0,21.179543,22.347038,19.19867,19.495447,21.188902,22.569693,21.209764,22.742052,18.714558,18.64982,18.544476,18.473904,21.182518,22.213524,21.21926,22.679674,20.050076,20.859268,4.0,4.0,4.0,0.0,0.0,4.0,0.0,4.0
35174,2023.0,9.0,2.0,6.0,20.98275,21.800583,20.092297,20.943491,20.982523,21.962622,21.007494,22.13969,18.697912,18.632837,18.522247,18.450941,21.029217,21.792122,21.022923,22.082159,19.99306,20.645832,4.0,4.0,0.0,0.0,0.0,0.0,0.0,4.0
35175,2023.0,9.0,2.0,6.0,21.010155,21.7759,19.999887,20.633123,21.018312,21.895496,21.041338,22.048883,18.683016,18.61782,18.830927,19.048214,21.028957,21.698074,20.994486,21.865984,20.034739,20.686968,4.0,4.0,0.0,0.0,4.0,0.0,4.0,0.0
35176,2023.0,9.0,2.0,6.0,21.034155,21.793259,20.013948,20.575922,21.013937,21.794964,21.037413,21.93336,18.67034,18.605589,20.167938,21.299177,20.998293,21.550184,21.00273,21.798037,19.26972,19.154293,4.0,4.0,0.0,0.0,0.0,4.0,4.0,0.0
35177,2023.0,9.0,2.0,6.0,21.0284,21.739477,20.011665,20.51367,21.039501,21.801498,21.02789,21.857311,18.658524,18.593864,19.291,19.400242,21.002827,21.518774,21.001352,21.739067,18.914375,18.73791,4.0,0.0,0.0,0.0,0.0,4.0,4.0,0.0
35178,2023.0,9.0,2.0,7.0,20.998724,21.627829,20.010494,20.470196,21.004274,21.658646,21.000164,21.740437,18.647743,18.583002,19.16425,19.398508,21.00088,21.486214,20.99925,21.694181,18.807362,18.631035,4.0,4.0,4.0,0.0,4.0,4.0,4.0,0.0
35179,2023.0,9.0,2.0,7.0,21.006598,21.626469,20.010458,20.44065,21.012833,21.64151,21.042625,21.803251,18.642208,18.581182,20.131994,21.052902,21.00107,21.464903,20.99987,21.664532,18.854372,18.799555,4.0,4.0,0.0,0.0,0.0,4.0,4.0,0.0
35180,2023.0,9.0,2.0,7.0,21.005,21.612564,20.009075,20.416397,21.036623,21.68497,21.033342,21.750353,18.639841,18.582518,19.681679,20.015808,20.999865,21.445137,20.998665,21.637745,18.844788,18.790297,4.0,0.0,0.0,0.0,4.0,4.0,4.0,0.0
35181,2023.0,9.0,2.0,7.0,21.032082,21.680489,20.008553,20.399305,21.003736,21.575066,21.033468,21.723719,18.64004,18.586554,20.096832,20.827967,21.030344,21.509935,21.03921,21.726507,18.812304,18.761335,4.0,4.0,0.0,0.0,0.0,0.0,0.0,0.0
35182,2023.0,9.0,2.0,7.0,21.025465,21.654888,20.02635,20.43779,21.009418,21.573145,21.024584,21.701077,18.642435,18.592773,19.620562,19.787819,21.023443,21.473936,21.075396,21.722172,18.787874,18.740835,0.0,4.0,0.0,0.0,4.0,0.0,4.0,0.0
35183,2023.0,9.0,2.0,7.0,20.996971,21.566866,19.830742,20.024834,21.034655,21.634933,21.025564,21.697058,18.646715,18.600826,20.107056,20.754763,21.07062,21.515842,21.02599,21.648546,18.76903,18.725658,4.0,0.0,0.0,0.0,0.0,4.0,0.0,0.0
35184,2023.0,9.0,2.0,8.0,21.03083,21.652779,20.036476,20.444223,21.002161,21.536968,21.025143,21.690462,18.652693,18.610533,19.399975,19.323124,21.018675,21.429415,21.02903,21.635782,18.755278,18.715929,4.0,4.0,0.0,0.0,0.0,0.0,0.0,0.0
35185,2023.0,9.0,2.0,8.0,20.402678,20.437986,20.02034,20.416304,20.308504,20.231615,20.374662,20.434336,18.661499,18.624102,19.147552,19.091389,20.446877,20.318249,21.163332,21.832348,18.746561,18.712059,0.0,0.0,0.0,0.0,0.0,0.0,4.0,0.0
35186,2023.0,9.0,2.0,8.0,20.74805,21.305191,19.538712,19.48282,19.935217,19.76686,20.00617,19.976078,18.671637,18.63909,19.106829,19.062363,20.195276,20.027906,20.366425,20.290033,18.740944,18.711111,0.0,0.0,0.0,0.0,0.0,0.0,0.0,0.0
35187,2023.0,9.0,2.0,8.0,20.26468,20.323755,19.319954,19.178812,19.829723,19.662445,19.89,19.848036,18.682598,18.655136,19.074665,19.033928,20.220655,20.151567,20.087532,19.940788,18.738901,18.713549,0.0,0.0,0.0,0.0,0.0,0.0,0.0,0.0
35188,2023.0,9.0,2.0,8.0,20.068611,20.074835,19.747957,20.066942,20.50924,21.023933,19.810938,19.77471,18.695023,18.672373,19.048084,19.011591,20.207096,20.155216,19.978195,19.844418,18.738743,18.717896,4.0,4.0,0.0,0.0,0.0,0.0,0.0,0.0
35189,2023.0,9.0,2.0,8.0,19.996758,20.0167,20.034689,20.546274,20.5831,21.034485,19.744871,19.714283,18.70909,18.691494,19.028172,18.994242,20.939217,21.576416,19.902966,19.783678,18.740871,18.724474,0.0,4.0,0.0,0.0,0.0,4.0,0.0,0.0
35190,2023.0,9.0,2.0,9.0,20.009197,20.116604,19.61362,19.69258,20.048147,20.03485,19.678312,19.654589,19.440346,20.059267,19.010921,18.98033,21.094212,21.643112,19.890318,19.837202,18.741781,18.725237,0.0,0.0,0.0,4.0,0.0,4.0,0.0,0.0
35191,2023.0,9.0,2.0,9.0,19.988197,20.107944,19.839195,20.196363,19.841478,19.748837,19.630196,19.61056,20.078192,21.032454,19.003498,18.973528,20.48799,20.455532,19.863365,19.81999,19.63719,20.414692,4.0,0.0,0.0,0.0,0.0,0.0,0.0,4.0
35192,2023.0,9.0,2.0,9.0,19.949362,20.072855,20.00785,20.426653,19.754175,19.669907,19.580194,19.565647,19.325756,19.399435,18.997179,18.967867,20.9502,21.485012,19.823109,19.782854,20.0446,20.873964,4.0,0.0,0.0,0.0,0.0,4.0,0.0,0.0
35193,2023.0,9.0,2.0,9.0,20.578386,21.288347,20.001297,20.398357,20.402922,20.95481,20.203913,20.781662,19.006226,18.979856,19.377535,19.686262,20.519627,20.505053,19.787094,19.748415,19.342213,19.39586,4.0,4.0,4.0,0.0,4.0,0.0,0.0,0.0
35194,2023.0,9.0,2.0,9.0,20.763037,21.427313,20.02006,20.440752,20.574398,21.079905,19.853739,19.933817,18.971125,18.947088,20.083807,20.815495,20.280256,20.192358,19.7579,19.720243,19.055643,19.033485,0.0,4.0,0.0,0.0,0.0,0.0,0.0,0.0
35195,2023.0,9.0,2.0,9.0,20.22921,20.390867,19.985624,20.33944,20.598852,21.10682,20.206644,20.747877,18.965649,18.94131,19.54833,19.654001,20.228775,20.142948,19.735313,19.698633,19.003857,18.980827,4.0,4.0,4.0,0.0,0.0,0.0,0.0,0.0
35196,2023.0,9.0,2.0,10.0,20.05848,20.175425,20.021736,20.42274,20.6369,21.153696,19.773766,19.83507,18.968235,18.943296,19.334183,19.305367,20.213675,20.13508,19.721565,19.685501,18.987526,18.96313,0.0,4.0,0.0,0.0,0.0,0.0,0.0,0.0
35197,2023.0,9.0,2.0,10.0,19.9903,20.115868,19.654173,19.710215,20.121466,20.16495,19.542955,19.54749,18.971169,18.945177,19.278336,19.242266,20.226772,20.178995,19.708231,19.67214,18.973639,18.948147,0.0,0.0,0.0,0.0,0.0,0.0,0.0,0.0
35198,2023.0,9.0,2.0,10.0,19.950214,20.081799,19.50919,19.521591,20.541502,21.05818,19.498325,19.50529,18.977242,18.949768,19.26234,19.223759,20.226889,20.1823,19.700117,19.663746,19.854626,20.616812,0.0,4.0,0.0,0.0,0.0,0.0,0.0,4.0
35199,2023.0,9.0,2.0,10.0,20.602283,21.342636,19.441238,19.450722,20.662115,21.20393,19.467693,19.478027,18.984735,18.956043,19.254345,19.214252,20.222277,20.17757,19.69352,19.656584,20.020206,20.754475,0.0,4.0,0.0,0.0,0.0,0.0,0.0,0.0
35200,2023.0,9.0,2.0,10.0,20.221222,20.423937,19.384321,19.39707,20.154135,20.228794,19.437174,19.450607,18.99448,18.964533,19.249626,19.208618,20.2185,20.173307,19.688288,19.650826,19.451248,19.542805,0.0,0.0,0.0,0.0,0.0,0.0,0.0,0.0
35201,2023.0,9.0,2.0,10.0,20.66811,21.351068,19.767654,20.149988,20.567816,21.10386,19.414595,19.430752,19.00633,18.975092,19.251308,19.209034,20.959803,21.579496,20.682028,21.530521,19.275166,19.273026,4.0,4.0,0.0,0.0,0.0,4.0,4.0,0.0
35202,2023.0,9.0,2.0,11.0,20.242937,20.459242,20.013294,20.523975,20.162407,20.264874,19.393703,19.412636,19.019573,18.987541,19.634743,19.926634,20.527494,20.604588,20.106554,20.208406,19.231844,19.225588,4.0,0.0,0.0,0.0,4.0,0.0,0.0,0.0
35203,2023.0,9.0,2.0,11.0,20.627272,21.3211,20.0152,20.497528,19.909245,19.943653,20.039892,20.647997,19.033432,18.999964,20.022556,20.488316,20.292614,20.254501,20.822252,21.703283,19.181623,19.149755,0.0,0.0,4.0,0.0,4.0,0.0,4.0,0.0
35204,2023.0,9.0,2.0,11.0,20.271141,20.49423,19.660011,19.78228,20.458649,21.03199,19.720383,19.836525,19.048613,19.013794,20.010221,20.410305,20.262815,20.21767,20.278105,20.383587,19.15176,19.115215,0.0,4.0,0.0,0.0,0.0,0.0,0.0,0.0
35205,2023.0,9.0,2.0,11.0,20.054014,20.22905,19.474888,19.550852,20.108603,20.209772,19.500437,19.567188,19.064205,19.028385,19.690414,19.736404,20.259033,20.210058,19.945627,19.926937,19.137531,19.099586,0.0,0.0,0.0,0.0,0.0,0.0,0.0,0.0
35206,2023.0,9.0,2.0,11.0,20.639944,21.368137,19.394947,19.432072,20.566172,21.156944,19.470633,19.540253,19.078707,19.041767,19.592478,19.585815,20.259989,20.209564,19.900648,19.877703,19.13259,19.093958,0.0,4.0,0.0,0.0,0.0,0.0,0.0,0.0
35207,2023.0,9.0,2.0,11.0,20.21604,20.453743,19.784567,20.19723,20.14308,20.268864,19.455097,19.53081,19.093733,19.055819,19.544117,19.499897,20.262794,20.211494,19.887543,19.866835,19.130186,19.091192,4.0,0.0,0.0,0.0,0.0,0.0,0.0,0.0
35208,2023.0,9.0,2.0,12.0,20.067913,20.25423,20.012962,20.532682,19.961025,20.017498,20.047037,20.653027,19.109745,19.071148,19.52143,19.46857,20.267132,20.21511,19.856384,19.813475,19.13033,19.091002,4.0,0.0,4.0,0.0,0.0,0.0,0.0,0.0
35209,2023.0,9.0,2.0,12.0,21.108818,22.10122,20.01392,20.503548,21.114607,22.096127,21.13659,22.414986,19.127216,19.087776,19.513956,19.459766,21.103792,21.684261,21.183418,22.133833,19.132444,19.092827,0.0,4.0,0.0,0.0,0.0,0.0,0.0,0.0
35210,2023.0,9.0,2.0,12.0,20.980204,21.766994,19.666819,19.80144,21.008665,21.808544,21.008856,22.018127,19.146389,19.106462,19.513754,19.458624,21.002083,21.43244,20.994316,21.692518,19.138088,19.098282,0.0,0.0,0.0,0.0,0.0,0.0,0.0,0.0
35211,2023.0,9.0,2.0,12.0,21.026861,21.827068,19.91072,20.360563,20.996597,21.696356,21.027939,21.957975,19.165731,19.125347,19.906246,20.195457,21.424788,22.164364,21.0182,21.66091,19.146505,19.106836,4.0,4.0,0.0,0.0,4.0,4.0,0.0,0.0
35212,2023.0,9.0,2.0,12.0,21.051264,21.796806,20.016966,20.479467,21.0268,21.736673,21.024492,21.885784,19.184637,19.143162,20.009098,20.26926,20.955517,21.217588,21.016094,21.598541,19.15639,19.116608,0.0,0.0,0.0,0.0,0.0,0.0,0.0,0.0
35213,2023.0,9.0,2.0,12.0,21.016836,21.734716,19.711546,19.865803,20.994095,21.618492,21.024284,21.837938,19.20415,19.162813,20.163166,20.498533,21.458954,22.147528,21.015915,21.553944,19.167433,19.12804,0.0,4.0,0.0,0.0,4.0,4.0,0.0,0.0
35214,2023.0,9.0,2.0,13.0,21.122854,21.88649,19.50267,19.562136,20.999592,21.610167,21.022768,21.799541,19.222645,19.181477,19.977695,20.119318,21.62949,22.321041,21.01423,21.516466,19.178652,19.139874,0.0,4.0,0.0,0.0,0.0,4.0,0.0,0.0
35215,2023.0,9.0,2.0,13.0,21.033659,21.696842,19.42216,19.466042,21.01311,21.621477,21.05024,21.822485,19.240232,19.199923,19.851595,19.86468,21.704372,22.393995,21.035673,21.528719,19.18963,19.151657,0.0,4.0,0.0,0.0,0.0,4.0,0.0,0.0
35216,2023.0,9.0,2.0,13.0,21.016205,21.67411,19.38706,19.436327,21.022444,21.650566,21.019117,21.740152,19.994392,20.612896,19.765251,19.719923,21.018162,21.140383,21.012394,21.461628,19.199814,19.162514,0.0,0.0,0.0,4.0,0.0,0.0,0.0,0.0
35217,2023.0,9.0,2.0,13.0,21.016132,21.662537,19.804934,20.24833,21.018404,21.627491,21.022749,21.730782,19.987663,20.387903,19.724487,19.669928,21.013031,21.154982,21.01455,21.44901,19.210402,19.174486,4.0,0.0,0.0,0.0,0.0,0.0,0.0,0.0
35218,2023.0,9.0,2.0,13.0,21.015692,21.65111,20.026342,20.541752,21.017992,21.612745,21.021599,21.714529,19.679518,19.74043,19.715334,19.661457,21.005701,21.152159,21.014027,21.433807,19.220507,19.18606,0.0,0.0,0.0,0.0,0.0,0.0,0.0,0.0
35219,2023.0,9.0,2.0,13.0,21.01572,21.641602,19.662504,19.792736,21.017788,21.60046,21.021559,21.702288,19.58737,19.632046,19.712076,19.65997,21.601973,22.280893,21.01388,21.421228,19.230375,19.197134,0.0,0.0,0.0,0.0,0.0,4.0,0.0,0.0
35220,2023.0,9.0,2.0,14.0,21.014761,21.632658,19.898355,20.343044,21.01783,21.589787,21.021257,21.691116,19.503174,19.4702,19.711903,19.6615,21.025572,21.14219,21.01342,21.409218,19.24086,19.209007,4.0,0.0,0.0,0.0,0.0,0.0,0.0,0.0
35221,2023.0,9.0,2.0,14.0,21.216576,21.984478,20.091118,20.600454,21.104622,21.718008,20.463482,20.608263,19.471558,19.43498,19.714779,19.666214,21.60568,22.267962,20.605583,20.609648,19.251509,19.220552,4.0,4.0,0.0,0.0,0.0,4.0,0.0,0.0
35222,2023.0,9.0,2.0,14.0,21.29539,22.078815,19.99811,20.41844,21.15745,21.790726,20.219,20.274378,19.470875,19.43475,19.72128,19.674707,21.097853,21.189636,20.460987,20.416185,19.2623,19.232605,0.0,4.0,0.0,0.0,0.0,0.0,0.0,0.0
35223,2023.0,9.0,2.0,14.0,20.781403,21.084978,19.786503,19.997734,21.187258,21.826288,20.096764,20.15005,19.474226,19.439281,19.729353,19.684217,21.619516,22.293991,20.395908,20.351198,19.274076,19.245384,0.0,4.0,0.0,0.0,0.0,4.0,0.0,0.0
35224,2023.0,9.0,2.0,14.0,21.2111,21.995941,19.705242,19.88927,20.686205,20.875214,20.683716,21.317932,19.4812,19.447422,19.738749,19.695152,21.808678,22.529205,20.358246,20.31321,19.285011,19.257372,0.0,0.0,4.0,0.0,0.0,4.0,0.0,0.0
35225,2023.0,9.0,2.0,14.0,20.762371,21.072983,19.586576,19.67973,20.494572,20.626,20.253248,20.402447,19.489023,19.456617,19.748539,19.706562,21.185186,21.277294,20.328358,20.284807,19.295889,19.26924,0.0,0.0,0.0,0.0,0.0,0.0,0.0,0.0
35226,2023.0,9.0,2.0,15.0,21.205639,22.000677,19.954405,20.406197,21.03188,21.702925,20.752232,21.445572,19.4975,19.466652,19.758377,19.718243,21.720793,22.362886,20.304214,20.262339,19.306856,19.281439,4.0,4.0,4.0,0.0,0.0,4.0,0.0,0.0
35227,2023.0,9.0,2.0,15.0,21.323732,22.12923,20.071592,20.542692,21.143042,21.810734,20.354418,20.592222,19.504797,19.474472,19.76657,19.727097,21.232544,21.341404,20.28261,20.241875,20.18998,20.941961,4.0,4.0,0.0,0.0,0.0,0.0,0.0,4.0
35228,2023.0,9.0,2.0,15.0,20.81724,21.143284,20.17934,20.717226,21.176094,21.83778,20.168497,20.332458,19.512014,19.482409,19.77428,19.73566,21.052479,21.066704,21.246777,22.083828,19.976921,20.415438,4.0,4.0,0.0,0.0,0.0,0.0,4.0,0.0
35229,2023.0,9.0,2.0,15.0,21.175772,21.964626,20.257856,20.804693,21.215069,21.876915,20.101616,20.267054,19.519085,19.490515,19.782404,19.744978,21.004036,21.01981,20.83069,21.00656,19.69842,19.814194,4.0,4.0,0.0,0.0,0.0,0.0,0.0,0.0
35230,2023.0,9.0,2.0,15.0,21.307346,22.1165,20.298975,20.84711,20.711327,20.910578,20.58531,21.197258,19.525267,19.497997,19.7893,19.753504,20.978123,20.99647,20.59468,20.634792,19.62923,19.709122,4.0,0.0,4.0,0.0,0.0,0.0,0.0,0.0
35231,2023.0,9.0,2.0,15.0,20.80241,21.123117,19.991108,20.304136,21.131422,21.800232,20.242788,20.46826,20.235725,20.835413,19.79546,19.761461,21.689756,22.360893,20.533318,20.568882,20.398966,21.161194,0.0,4.0,0.0,4.0,0.0,4.0,0.0,4.0
35232,2023.0,9.0,2.0,16.0,20.578903,20.851162,19.866722,20.083614,21.278114,21.943594,20.058577,20.234194,19.978325,20.189848,19.80091,19.76886,21.260641,21.365683,20.49536,20.533918,19.97515,20.225855,0.0,4.0,0.0,0.0,0.0,0.0,0.0,0.0
35233,2023.0,9.0,2.0,16.0,20.514904,20.782146,20.17601,20.699276,20.764154,20.962421,20.590961,21.262684,19.859749,19.954903,19.80333,19.77209,21.033068,21.060991,20.397984,20.36937,19.795902,19.8869,4.0,0.0,4.0,0.0,0.0,0.0,0.0,0.0
35234,2023.0,9.0,2.0,16.0,21.08578,21.878271,19.983912,20.321272,20.580332,20.722542,20.749138,21.439785,19.828022,19.91132,19.80329,19.772896,20.9909,21.014061,20.352,20.317884,19.745533,19.822834,0.0,0.0,4.0,0.0,0.0,0.0,0.0,0.0
35235,2023.0,9.0,2.0,16.0,21.301735,22.103765,20.212711,20.734032,21.09882,21.770372,20.825039,21.508375,19.817654,19.899717,19.802282,19.772955,20.959457,20.983126,20.319012,20.285824,19.721973,19.798178,4.0,4.0,4.0,0.0,0.0,0.0,0.0,0.0
35236,2023.0,9.0,2.0,16.0,21.357166,22.154078,20.303585,20.842657,21.209387,21.871742,20.87665,21.555004,19.722395,19.713932,19.800303,19.772362,21.67173,22.349388,20.294851,20.262934,19.616991,19.601107,4.0,4.0,4.0,0.0,0.0,4.0,0.0,0.0
35237,2023.0,9.0,2.0,16.0,21.399841,22.192127,19.982033,20.266117,21.24263,21.896091,20.376005,20.57743,19.67904,19.657497,20.17859,20.490242,21.874706,22.611328,20.27301,20.242512,19.57437,19.553177,0.0,4.0,0.0,0.0,4.0,4.0,0.0,0.0
35238,2023.0,9.0,2.0,17.0,21.439442,22.225498,19.874767,20.074532,21.278978,21.927246,20.163013,20.323885,19.660696,19.640558,20.01066,20.103441,21.315615,21.48564,20.252005,20.223848,20.421072,21.175367,0.0,4.0,0.0,0.0,0.0,0.0,0.0,4.0
35239,2023.0,9.0,2.0,17.0,21.472694,22.251905,20.177935,20.674026,21.307192,21.949272,20.093662,20.244326,19.64593,19.626633,19.891752,19.878801,21.02963,21.065268,20.231663,20.204704,20.076601,20.268291,4.0,4.0,0.0,0.0,0.0,0.0,0.0,0.0
35240,2023.0,9.0,2.0,17.0,20.947342,21.242903,19.988535,20.302275,20.814861,21.009388,20.61407,21.240362,20.32961,20.928068,19.851406,19.828299,21.658388,22.295815,21.19514,22.043652,20.735285,21.572979,0.0,0.0,4.0,4.0,0.0,4.0,4.0,4.0
35241,2023.0,9.0,2.0,17.0,21.295107,22.054264,19.856802,20.0456,21.147642,21.786987,20.314018,20.513468,20.72672,21.456818,19.830978,19.809351,21.28201,21.42548,20.75858,20.920301,20.99977,21.849474,0.0,4.0,0.0,4.0,0.0,0.0,0.0,4.0
35242,2023.0,9.0,2.0,17.0,20.86112,21.14925,20.102753,20.517635,21.250282,21.884676,20.153538,20.288095,20.212915,20.408253,20.16472,20.45247,21.763407,22.400354,21.447659,22.303175,20.31884,20.50668,4.0,4.0,0.0,0.0,4.0,4.0,4.0,0.0
35243,2023.0,9.0,2.0,17.0,21.289204,22.03659,20.212202,20.662909,21.279327,21.902384,20.709085,21.371012,20.655544,21.304773,19.996658,20.117823,21.92528,22.624466,20.826656,20.983646,20.868702,21.642502,4.0,4.0,4.0,4.0,0.0,4.0,0.0,4.0
35244,2023.0,9.0,2.0,18.0,21.476677,22.241215,20.303593,20.796654,21.311548,21.92806,20.892815,21.537704,20.277298,20.443285,20.254057,20.595688,21.337248,21.460386,20.491837,20.528666,20.365559,20.526192,4.0,4.0,4.0,0.0,4.0,0.0,0.0,0.0
35245,2023.0,9.0,2.0,18.0,21.51531,22.27351,20.344904,20.833263,21.330822,21.93836,21.038774,21.776432,20.067703,20.12517,20.054981,20.175867,21.113316,21.117805,21.09494,21.622486,20.981949,21.800264,4.0,4.0,0.0,0.0,0.0,0.0,0.0,4.0
35246,2023.0,9.0,2.0,18.0,20.970716,21.317932,20.37204,20.849203,21.348003,21.945925,21.016193,21.67987,20.665813,21.32265,19.927172,19.995098,21.012804,21.00755,21.004278,21.438513,21.183905,21.987684,4.0,4.0,0.0,4.0,0.0,0.0,0.0,4.0
35247,2023.0,9.0,2.0,18.0,21.01843,21.440449,20.006327,20.215797,21.36194,21.95044,21.01875,21.645363,20.290203,20.435059,19.887592,19.945576,21.661074,22.296022,21.01418,21.439425,20.473372,20.610659,0.0,4.0,0.0,0.0,0.0,4.0,0.0,0.0
35248,2023.0,9.0,2.0,18.0,21.356323,22.070457,19.87437,19.99174,21.373611,21.952843,21.055431,21.653912,20.705755,21.366253,19.800343,19.798412,21.228691,21.314358,21.01292,21.424477,20.114332,20.143623,0.0,4.0,4.0,4.0,0.0,0.0,0.0,0.0
35249,2023.0,9.0,2.0,18.0,21.480902,22.194605,20.210358,20.660372,21.38299,21.953035,21.015226,21.585506,20.2735,20.39702,20.1071,20.420322,21.713905,22.383347,21.013205,21.417168,19.994383,20.012787,4.0,4.0,0.0,0.0,4.0,4.0,0.0,0.0
35250,2023.0,9.0,2.0,19.0,20.973242,21.300238,20.330862,20.773367,21.390722,21.951645,21.073,21.650375,19.990574,20.025888,20.279537,20.651825,21.218721,21.29778,21.013563,21.413315,20.741383,21.48935,4.0,4.0,4.0,0.0,4.0,0.0,0.0,4.0
35251,2023.0,9.0,2.0,19.0,21.354198,22.045965,19.986238,20.165373,21.387318,21.929626,21.087538,21.648634,19.883503,19.899513,19.988625,20.132135,21.000431,21.057648,21.0136,21.410248,20.242796,20.329205,0.0,4.0,4.0,0.0,0.0,0.0,0.0,0.0
35252,2023.0,9.0,2.0,19.0,21.482689,22.164906,19.829086,19.886324,20.958244,21.19668,21.083942,21.625832,19.795994,19.78634,19.821276,19.835863,21.007925,21.112635,21.013819,21.408504,19.927975,19.928413,0.0,0.0,4.0,0.0,0.0,0.0,0.0,0.0
35253,2023.0,9.0,2.0,19.0,21.496578,22.157501,20.178267,20.595785,21.020447,21.34379,21.075726,21.5985,19.732956,19.720066,20.079172,20.38342,21.008156,21.142008,21.013374,21.406494,19.817673,19.802797,4.0,0.0,4.0,0.0,4.0,0.0,0.0,0.0
35254,2023.0,9.0,2.0,19.0,21.499819,22.139774,20.296125,20.703812,21.013704,21.340508,21.014894,21.509735,20.380518,20.985544,19.992443,20.177353,21.007326,21.163767,21.559822,22.416552,20.616423,21.374025,4.0,0.0,0.0,4.0,0.0,0.0,4.0,4.0
35255,2023.0,9.0,2.0,19.0,21.497557,22.116405,20.265657,20.608135,21.18789,21.649311,21.043833,21.526983,20.588308,21.151627,19.774092,19.765795,21.007969,21.181793,20.95083,21.21566,20.098906,20.136972,4.0,4.0,4.0,4.0,0.0,0.0,0.0,0.0
35256,2023.0,9.0,2.0,20.0,21.49226,22.090475,20.246225,20.561401,20.98767,21.274706,21.039139,21.5039,19.961823,20.03998,19.658798,19.639153,21.008577,21.19499,21.484776,22.242012,19.766005,19.718748,4.0,0.0,4.0,0.0,0.0,0.0,4.0,0.0
35257,2023.0,9.0,2.0,20.0,20.956669,21.168045,20.241467,20.540855,21.019527,21.344597,21.029934,21.481459,20.46289,21.026226,19.976158,20.277977,21.525833,22.174862,20.94179,21.171053,19.663177,19.602604,4.0,0.0,4.0,4.0,4.0,4.0,0.0,0.0
35258,2023.0,9.0,2.0,20.0,21.0206,21.33186,19.97967,20.091928,21.01555,21.33697,21.020126,21.458483,19.958567,20.027662,20.114021,20.434185,21.564812,22.084545,21.483656,22.215378,19.593538,19.525423,0.0,0.0,4.0,0.0,4.0,4.0,4.0,0.0
35259,2023.0,9.0,2.0,20.0,21.012028,21.332401,19.758398,19.689583,21.01199,21.336517,21.023792,21.488289,20.409641,20.915783,19.998972,20.214876,20.95786,21.013895,20.943266,21.155342,19.584332,19.559418,0.0,0.0,0.0,4.0,0.0,0.0,0.0,0.0
35260,2023.0,9.0,2.0,20.0,21.28471,21.836653,19.611399,19.49349,21.263336,21.795254,21.011862,21.42375,19.958035,20.017277,20.013248,20.215471,21.020082,21.166739,21.027267,21.346048,19.558306,19.534878,0.0,4.0,4.0,0.0,4.0,0.0,0.0,0.0
35261,2023.0,9.0,2.0,20.0,20.970594,21.235895,20.067837,20.410692,20.977472,21.237648,21.026066,21.475746,19.726732,19.618946,20.015224,20.231237,21.012459,21.170103,21.01711,21.33589,19.520267,19.491564,4.0,0.0,0.0,0.0,0.0,0.0,0.0,0.0
35262,2023.0,9.0,2.0,21.0,21.020105,21.348986,19.97844,20.159817,21.02385,21.333662,21.020786,21.454647,19.586813,19.462063,19.652649,19.527323,21.377071,21.856565,21.458364,22.149267,19.4843,19.452248,0.0,0.0,0.0,0.0,0.0,4.0,4.0,0.0
35263,2023.0,9.0,2.0,21.0,21.013315,21.343092,19.785353,19.787302,21.114716,21.477016,21.021664,21.44532,19.594854,19.552322,19.566933,19.51746,20.965368,21.058588,20.951862,21.168337,19.452133,19.417923,0.0,4.0,0.0,0.0,0.0,0.0,0.0,0.0
35264,2023.0,9.0,2.0,21.0,21.008862,21.348577,20.088873,20.421715,21.005245,21.286674,21.015709,21.436214,19.573666,19.533169,19.535221,19.489182,21.340143,21.783546,21.431225,22.085958,20.279692,21.005688,4.0,0.0,0.0,0.0,0.0,4.0,4.0,4.0
35265,2023.0,9.0,2.0,21.0,21.009998,21.359562,19.986546,20.159687,21.020147,21.31782,21.016378,21.4373,19.530903,19.487284,19.485434,19.435375,20.96746,21.058935,20.951065,21.150866,20.502855,21.108418,0.0,0.0,0.0,0.0,0.0,0.0,0.0,4.0
35266,2023.0,9.0,2.0,21.0,21.37425,22.037853,19.668804,19.543905,21.097584,21.434525,21.15363,21.67077,19.491627,19.446327,19.77683,20.019,21.02012,21.184343,21.027887,21.326527,19.952694,20.11674,0.0,4.0,4.0,0.0,4.0,0.0,0.0,0.0
35267,2023.0,9.0,2.0,21.0,20.950047,21.206366,19.470259,19.271503,21.00668,21.282198,20.999607,21.377281,19.454485,19.405529,20.03705,20.401405,21.337507,21.778776,21.018126,21.318016,19.592638,19.440554,0.0,0.0,0.0,0.0,0.0,4.0,0.0,0.0
35268,2023.0,9.0,2.0,22.0,21.022648,21.356295,19.51448,19.426132,21.02044,21.309576,21.025331,21.421686,19.42042,19.369682,20.019238,20.307753,21.413723,21.837112,21.409672,22.035559,20.318926,20.961456,0.0,0.0,0.0,0.0,4.0,4.0,4.0,4.0
35269,2023.0,9.0,2.0,22.0,21.014887,21.3437,19.531376,19.463825,21.018866,21.303583,20.995277,21.334099,19.386887,19.332827,20.02121,20.307226,21.42966,21.842985,20.958406,21.167473,20.48134,20.994797,0.0,0.0,4.0,0.0,0.0,4.0,0.0,4.0
35270,2023.0,9.0,2.0,22.0,21.009415,21.346537,19.508106,19.438868,21.012041,21.301056,21.028719,21.42033,19.355001,19.297832,19.545923,19.369581,21.438965,21.842363,21.02778,21.324968,19.957579,20.077776,0.0,0.0,0.0,0.0,0.0,4.0,0.0,0.0
35271,2023.0,9.0,2.0,22.0,21.010191,21.357035,19.481922,19.408827,21.013088,21.309668,21.022264,21.401064,19.324816,19.264828,19.445679,19.378456,21.443752,21.837408,21.019487,21.317732,20.375908,20.877867,0.0,0.0,0.0,0.0,0.0,4.0,0.0,4.0
35272,2023.0,9.0,2.0,22.0,21.010485,21.36368,19.45688,19.380112,21.013063,21.31428,21.022999,21.395435,19.295364,19.2321,19.411312,19.337702,20.96456,20.999367,21.020498,21.324806,19.955162,20.053755,0.0,0.0,0.0,0.0,0.0,0.0,0.0,0.0
35273,2023.0,9.0,2.0,22.0,21.01043,21.36786,19.432837,19.352514,21.013084,21.317461,21.015064,21.389553,19.267353,19.201298,19.356314,19.279846,21.022083,21.147894,21.014341,21.328426,19.598988,19.399336,0.0,0.0,0.0,0.0,0.0,0.0,0.0,0.0
35274,2023.0,9.0,2.0,23.0,21.011005,21.37184,19.410282,19.32712,21.0135,21.32041,21.016554,21.398325,19.851843,20.324053,19.307213,19.22907,21.016619,21.15689,21.015657,21.341743,19.42619,19.23365,0.0,0.0,0.0,4.0,0.0,0.0,0.0,0.0
35275,2023.0,9.0,2.0,23.0,20.726236,20.826239,19.388226,19.301867,20.652842,20.628197,20.581375,20.565489,19.522102,19.488415,19.260868,19.180052,20.571804,20.315268,20.591368,20.532202,19.466618,19.403252,0.0,0.0,0.0,0.0,0.0,0.0,0.0,0.0
35276,2023.0,9.0,2.0,23.0,20.613226,20.68157,19.36773,19.276516,20.474312,20.37119,20.375885,20.278404,19.37452,19.299688,19.221415,19.135237,20.606499,20.523077,20.439262,20.354742,19.44062,19.370445,0.0,0.0,0.0,0.0,0.0,0.0,0.0,0.0
35277,2023.0,9.0,2.0,23.0,20.558744,20.629337,19.3509,19.258785,20.40416,20.304884,20.29252,20.20068,19.32623,19.252169,19.187887,19.101799,21.252108,21.777897,20.357073,20.275148,19.403,19.332792,0.0,0.0,0.0,0.0,0.0,4.0,0.0,0.0
35278,2023.0,9.0,2.0,23.0,20.508514,20.575495,19.332413,19.237522,20.341415,20.239342,20.218157,20.123905,19.28302,19.20652,19.445103,19.60977,20.56371,20.348547,20.282877,20.199203,19.365616,19.293453,0.0,0.0,0.0,0.0,4.0,0.0,0.0,0.0
35279,2023.0,9.0,2.0,23.0,20.463406,20.526516,19.313513,19.21525,20.285563,20.179794,20.152424,20.05458,19.837448,20.280277,19.239574,19.167753,20.322084,20.033667,20.215523,20.128809,19.328474,19.25367,0.0,0.0,0.0,4.0,0.0,0.0,0.0,0.0
35280,2023.0,9.0,3.0,0.0,20.423624,20.484413,19.295494,19.194447,20.236788,20.12936,20.095758,19.996502,19.279387,19.086987,19.143408,19.049818,20.232311,19.94315,20.155901,20.067972,20.022226,20.588772,0.0,0.0,0.0,0.0,0.0,0.0,0.0,4.0
35281,2023.0,9.0,3.0,0.0,20.38355,20.438896,19.275227,19.169197,20.187815,20.074911,20.039898,19.934801,19.068003,18.820171,19.100338,19.001669,20.3501,20.256773,20.09739,20.00475,20.088259,20.527367,0.0,0.0,0.0,0.0,0.0,0.0,0.0,4.0
35282,2023.0,9.0,3.0,0.0,20.3489,20.402445,19.256878,19.148138,20.146376,20.032665,19.993578,19.887762,18.994122,18.742104,19.062775,18.962706,20.322346,20.214739,20.04657,19.95326,19.405174,19.193766,0.0,0.0,0.0,0.0,0.0,0.0,0.0,0.0
35283,2023.0,9.0,3.0,0.0,20.311508,20.359177,19.234901,19.120125,20.101582,19.98131,19.944149,19.831236,19.090626,18.997097,19.022823,18.916742,20.277966,20.164728,19.994455,19.896183,19.192713,18.942366,0.0,0.0,0.0,0.0,0.0,0.0,0.0,0.0
35284,2023.0,9.0,3.0,0.0,20.277697,20.32187,19.214758,19.096056,20.06235,19.939148,19.901041,19.785204,19.082056,18.986454,18.986662,18.877428,20.238586,20.122551,19.947327,19.846622,19.10097,18.845613,0.0,0.0,0.0,0.0,0.0,0.0,0.0,0.0
35285,2023.0,9.0,3.0,0.0,20.24489,20.28544,19.19436,19.07168,20.024694,19.898502,19.85976,19.741041,19.055058,18.956635,18.951267,18.838865,20.199917,20.081081,19.902279,19.799118,19.19084,19.098034,0.0,0.0,0.0,0.0,0.0,0.0,0.0,0.0
35286,2023.0,9.0,3.0,1.0,20.215073,20.254002,19.175968,19.051514,19.99148,19.865368,19.823444,19.705221,19.610312,20.022606,18.918924,18.805914,20.164488,20.04498,19.861084,19.757574,19.173164,19.079145,0.0,0.0,0.0,4.0,0.0,0.0,0.0,0.0
35287,2023.0,9.0,3.0,1.0,20.186068,20.223238,19.157446,19.031242,19.958452,19.831413,19.787413,19.66838,19.232346,19.182924,18.886328,18.77202,20.129616,20.008974,19.820852,19.71643,19.868666,20.416334,0.0,0.0,0.0,0.0,0.0,0.0,0.0,4.0
35288,2023.0,9.0,3.0,1.0,20.15854,20.194035,19.139542,19.011868,19.92694,19.799025,19.753366,19.633469,18.914936,18.64758,18.854763,18.739166,20.096117,19.974272,19.782278,19.676823,19.204687,18.987854,0.0,0.0,0.0,0.0,0.0,0.0,0.0,0.0
35289,2023.0,9.0,3.0,1.0,20.129898,20.161892,19.119785,18.98875,19.893808,19.762285,19.718023,19.594269,18.793394,18.501453,18.821697,18.702482,20.0619,19.936892,19.743233,19.634779,18.974613,18.699171,0.0,0.0,0.0,0.0,0.0,0.0,0.0,0.0
35290,2023.0,9.0,3.0,1.0,20.103853,20.134617,19.102674,18.97103,19.865337,19.734018,19.687761,19.564295,18.905561,18.792612,18.792683,18.673136,20.031471,19.905962,19.708113,19.599277,19.067606,18.963036,0.0,0.0,0.0,0.0,0.0,0.0,0.0,0.0
35291,2023.0,9.0,3.0,1.0,20.07867,20.108871,19.085596,18.953465,19.837845,19.706953,19.658533,19.535656,19.490015,19.894375,18.76488,18.645397,20.00265,19.87713,19.674835,19.566208,19.05507,18.955204,0.0,0.0,0.0,4.0,0.0,0.0,0.0,0.0
35292,2023.0,9.0,3.0,2.0,20.052608,20.080816,19.067297,18.9335,19.809286,19.67714,19.62829,19.504223,19.102213,19.030031,18.736296,18.615377,19.97346,19.846582,19.641214,19.531385,19.024382,18.924057,0.0,0.0,0.0,0.0,0.0,0.0,0.0,0.0
35293,2023.0,9.0,3.0,2.0,20.025507,20.050007,19.04692,18.909416,19.77916,19.643675,19.596632,19.469248,18.778906,18.480396,18.706676,18.582668,19.94373,19.814104,19.607176,19.49482,18.99118,18.888258,0.0,0.0,0.0,0.0,0.0,0.0,0.0,0.0
35294,2023.0,9.0,3.0,2.0,20.000298,20.022882,19.027714,18.888002,19.751354,19.61455,19.567564,19.438972,19.237993,19.425665,18.679125,18.553911,19.91609,19.78533,19.575367,19.46215,18.96004,18.856184,0.0,0.0,0.0,4.0,0.0,0.0,0.0,0.0
35295,2023.0,9.0,3.0,2.0,19.973938,19.993687,19.00714,18.864334,19.722412,19.583157,19.537445,19.406462,18.790033,18.482607,18.650461,18.523066,19.887833,19.755104,19.542898,19.427973,18.928362,18.822704,0.0,0.0,0.0,0.0,0.0,0.0,0.0,0.0
35296,2023.0,9.0,3.0,2.0,19.946236,19.961647,18.984282,18.836334,19.691399,19.54739,19.505316,19.369566,18.632196,18.31476,18.619875,18.488443,19.8584,19.722313,19.509323,19.391336,18.895712,18.78686,0.0,0.0,0.0,0.0,0.0,0.0,0.0,0.0
35297,2023.0,9.0,3.0,2.0,19.920185,19.933144,18.964083,18.814016,19.6638,19.518337,19.47682,19.339706,18.756012,18.629889,18.591738,18.458944,19.830969,19.693455,19.477665,19.358461,18.865236,18.755117,0.0,0.0,0.0,0.0,0.0,0.0,0.0,0.0
35298,2023.0,9.0,3.0,3.0,19.893959,19.90454,18.944172,18.791845,19.636034,19.488667,19.448254,19.309303,18.757387,18.636824,18.871422,19.00662,19.803583,19.664557,19.446152,19.3257,18.835024,18.723585,0.0,0.0,0.0,0.0,4.0,0.0,0.0,0.0
35299,2023.0,9.0,3.0,3.0,19.871372,19.883467,18.927776,18.777647,19.612417,19.46742,19.423904,19.287294,18.736067,18.618206,18.649708,18.524855,19.779505,19.642399,19.41751,19.298872,18.807785,18.698067,0.0,0.0,0.0,0.0,0.0,0.0,0.0,0.0
35300,2023.0,9.0,3.0,3.0,19.849545,19.862818,18.912601,18.764467,19.589458,19.446266,19.400347,19.26543,18.711996,18.59552,18.569279,18.437626,19.756046,19.620375,19.389343,19.271938,18.781155,18.672585,0.0,0.0,0.0,0.0,0.0,0.0,0.0,0.0
35301,2023.0,9.0,3.0,3.0,19.829168,19.844353,18.898659,18.75327,19.568361,19.42807,19.378752,19.246681,18.688437,18.57407,18.538887,18.40976,19.733986,19.600487,19.36259,19.247171,18.756044,18.649391,0.0,0.0,0.0,0.0,0.0,0.0,0.0,0.0
35302,2023.0,9.0,3.0,3.0,19.809032,19.825996,18.884869,18.742239,19.547665,19.410244,19.357574,19.228336,18.665092,18.552816,18.51009,18.383432,19.71241,19.581062,19.33625,19.2228,18.731432,18.626675,0.0,0.0,0.0,0.0,0.0,0.0,0.0,0.0
35303,2023.0,9.0,3.0,3.0,19.796476,19.822624,18.872066,18.73312,19.528723,19.395658,19.338238,19.213364,18.643265,18.53437,18.776405,18.906382,19.69233,19.564247,19.311432,19.201195,19.43574,19.975853,0.0,0.0,0.0,0.0,4.0,0.0,0.0,4.0
35304,2023.0,9.0,3.0,4.0,19.789577,19.827204,18.858503,18.722158,19.508501,19.378078,19.317808,19.19545,18.6204,18.513426,18.5852,18.487179,19.671423,19.545336,19.285587,19.177145,18.955246,18.908882,0.0,0.0,0.0,0.0,0.0,0.0,0.0,0.0
35305,2023.0,9.0,3.0,4.0,19.768911,19.804838,18.841515,18.703987,19.4846,19.352814,19.294113,19.170208,18.59478,18.486588,18.488276,18.366335,19.647581,19.520168,19.257065,19.147429,19.336332,19.694725,0.0,0.0,0.0,0.0,0.0,0.0,0.0,4.0
35306,2023.0,9.0,3.0,4.0,19.746664,19.780577,18.823118,18.684114,19.459839,19.326473,19.269741,19.144072,19.150808,19.552937,18.452543,18.32962,19.623339,19.494665,19.228231,19.117596,18.74992,18.490921,0.0,0.0,0.0,4.0,0.0,0.0,0.0,0.0
35307,2023.0,9.0,3.0,4.0,19.72233,19.752598,18.802195,18.659815,19.432245,19.294796,19.242607,19.112726,19.414425,19.91466,18.415327,18.28836,19.597471,19.465918,19.197657,19.084356,18.55408,18.262241,0.0,0.0,0.0,4.0,0.0,0.0,0.0,0.0
35308,2023.0,9.0,3.0,4.0,19.700478,19.729366,18.783718,18.640764,19.408129,19.270336,19.21872,19.088446,19.247236,19.484224,18.692968,18.835804,19.574013,19.441881,19.169456,19.05581,18.476269,18.186146,0.0,0.0,0.0,4.0,4.0,0.0,0.0,0.0
35309,2023.0,9.0,3.0,4.0,19.678679,19.706154,18.76467,18.620626,19.383232,19.244492,19.193914,19.062723,18.657621,18.372568,18.800241,18.970655,19.550638,19.417797,19.141392,19.02737,19.292631,19.800915,0.0,0.0,0.0,0.0,4.0,0.0,0.0,4.0
35310,2023.0,9.0,3.0,5.0,19.654882,19.679329,18.744123,18.597378,19.356224,19.214588,19.16721,19.033066,18.447386,18.128775,18.503696,18.38502,19.525948,19.390898,19.111801,18.995735,19.398647,19.793484,0.0,0.0,0.0,0.0,0.0,0.0,0.0,4.0
35311,2023.0,9.0,3.0,5.0,19.6341,19.659307,18.727146,18.581425,19.333448,19.193169,19.145144,19.012054,18.36476,18.049816,18.699566,18.823137,20.218632,20.72096,19.085955,18.97138,18.712088,18.453396,0.0,0.0,0.0,0.0,4.0,4.0,0.0,0.0
35312,2023.0,9.0,3.0,5.0,19.612795,19.638367,18.710503,18.565786,19.311018,19.171795,19.123468,18.991184,18.46873,18.330181,18.282436,17.96574,19.526133,19.244663,19.060556,18.947083,18.502436,18.208673,0.0,0.0,0.0,0.0,0.0,0.0,0.0,0.0
35313,2023.0,9.0,3.0,5.0,19.59106,19.61661,18.693766,18.549873,19.288607,19.150074,19.10149,18.969837,19.069761,19.466343,18.090944,17.743082,19.997677,20.263922,19.035429,18.922739,19.120829,19.4464,0.0,0.0,0.0,4.0,0.0,4.0,0.0,4.0
35314,2023.0,9.0,3.0,5.0,19.569866,19.595657,18.676952,18.534222,19.266594,19.129013,19.079605,18.948954,19.322891,19.806698,18.21285,18.058006,20.173021,20.477522,19.011103,18.899446,18.591194,18.325422,0.0,0.0,0.0,4.0,0.0,4.0,0.0,0.0
35315,2023.0,9.0,3.0,5.0,19.549604,19.5757,18.660048,18.518658,19.245037,19.108465,19.73387,20.198242,18.59695,18.338905,18.242613,18.115507,20.229511,20.532131,18.987528,18.877043,18.413004,18.12349,0.0,0.0,4.0,0.0,0.0,4.0,0.0,0.0
35316,2023.0,9.0,3.0,6.0,19.529617,19.555786,18.642986,18.502678,19.223501,19.087603,19.335903,19.30676,18.957846,19.176554,18.521181,18.653841,20.275711,20.57687,18.964342,18.854788,18.34159,18.054813,0.0,0.0,0.0,4.0,4.0,4.0,0.0,0.0
35317,2023.0,9.0,3.0,6.0,21.243027,22.575432,19.017305,19.219479,21.219002,22.629854,21.221846,22.694643,20.241234,21.36029,20.215305,21.57622,21.150219,22.128744,21.345247,22.965473,19.209463,19.767406,4.0,4.0,0.0,4.0,0.0,0.0,0.0,4.0
35318,2023.0,9.0,3.0,6.0,20.986317,21.914343,20.136257,21.090187,20.985838,21.96507,21.018969,22.071245,20.026134,20.804935,19.148224,19.25824,21.027885,21.763546,21.001362,22.152203,20.105953,21.08467,0.0,4.0,0.0,0.0,0.0,0.0,0.0,0.0
35319,2023.0,9.0,3.0,6.0,21.01816,21.86248,19.35331,19.413776,21.05104,21.966404,21.008593,21.918463,19.049585,18.824387,18.572456,18.46875,21.036654,21.696688,20.997911,21.978336,19.716415,20.13515,0.0,0.0,4.0,0.0,0.0,0.0,4.0,4.0
35320,2023.0,9.0,3.0,6.0,21.01253,21.77655,18.901196,18.783354,21.0128,21.767391,21.049805,21.924343,19.171478,19.378345,18.768051,18.916819,21.003132,21.550093,21.051004,22.003733,20.061346,20.793535,0.0,4.0,0.0,4.0,4.0,4.0,0.0,4.0
35321,2023.0,9.0,3.0,6.0,21.012686,21.725752,18.803604,18.66821,21.019379,21.713783,21.041681,21.837843,20.260288,21.196182,20.192762,21.34233,21.038996,21.604122,21.0004,21.792332,20.27219,21.171,0.0,4.0,0.0,0.0,0.0,0.0,4.0,0.0
35322,2023.0,9.0,3.0,7.0,21.011803,21.687195,19.145628,19.351974,21.017956,21.665087,21.041473,21.78518,19.126102,18.90746,19.525013,19.857498,21.00191,21.47625,21.048393,21.863144,19.860294,20.255102,4.0,4.0,0.0,0.0,4.0,4.0,0.0,4.0
35323,2023.0,9.0,3.0,7.0,21.011095,21.65999,20.123953,20.997097,21.016918,21.63066,21.00186,21.67329,18.85566,18.760216,20.110676,21.011822,21.006638,21.466934,20.997498,21.687168,20.063795,20.676594,0.0,4.0,4.0,0.0,4.0,4.0,4.0,0.0
35324,2023.0,9.0,3.0,7.0,21.010225,21.640423,19.738066,20.090998,21.01605,21.605423,21.02061,21.681128,18.814846,18.717041,20.013222,20.70156,21.00522,21.450012,21.046347,21.784822,19.204994,18.974993,4.0,4.0,4.0,0.0,4.0,4.0,0.0,0.0
35325,2023.0,9.0,3.0,7.0,21.01017,21.626991,20.076036,20.73057,21.015257,21.58665,21.017643,21.657236,19.461195,19.996284,20.023434,20.641047,21.004736,21.4369,21.036121,21.734402,18.814064,18.542145,4.0,4.0,4.0,4.0,4.0,4.0,0.0,0.0
35326,2023.0,9.0,3.0,7.0,21.008825,21.615019,20.006886,20.523836,21.014233,21.572008,21.04386,21.716593,20.093351,20.907768,20.036642,20.621675,21.035158,21.504807,21.035597,21.707136,18.87613,18.79498,4.0,4.0,0.0,0.0,0.0,0.0,0.0,0.0
35327,2023.0,9.0,3.0,7.0,21.00859,21.60747,20.034927,20.546295,21.013956,21.561962,21.037075,21.687605,19.147787,18.971447,19.535421,19.588387,21.028503,21.47185,21.035473,21.684835,18.860613,18.780283,0.0,4.0,0.0,0.0,4.0,0.0,0.0,0.0
35328,2023.0,9.0,3.0,8.0,21.035994,21.67726,19.284693,19.067371,21.013294,21.553696,21.036913,21.67367,18.709108,18.450365,20.14858,20.7773,20.99714,21.372522,21.025345,21.664692,18.810844,18.734507,0.0,4.0,0.0,0.0,0.0,4.0,0.0,0.0
35329,2023.0,9.0,3.0,8.0,20.831049,21.241545,18.878736,18.559423,20.182692,19.984528,20.663193,20.916883,18.757284,18.656473,19.299875,19.112453,20.962925,21.301283,21.227869,22.009499,18.771765,18.700754,0.0,0.0,4.0,0.0,0.0,4.0,4.0,0.0
35330,2023.0,9.0,3.0,8.0,20.775331,21.181644,18.937853,18.782265,20.374985,20.522377,20.011192,19.78762,18.772379,18.697613,19.128366,18.99442,20.309725,20.072756,20.23982,20.074472,18.74613,18.678675,0.0,4.0,0.0,0.0,0.0,0.0,0.0,0.0
35331,2023.0,9.0,3.0,8.0,20.180311,20.097778,18.957182,18.846151,19.894194,19.63105,19.707375,19.386673,18.750957,18.681774,19.460245,19.67785,20.784086,21.122713,20.819046,21.392815,18.723518,18.659813,0.0,0.0,0.0,0.0,4.0,4.0,4.0,0.0
35332,2023.0,9.0,3.0,8.0,20.577435,20.991932,18.925632,18.82398,19.657444,19.334343,19.562885,19.2511,18.731672,18.666666,20.082561,20.753973,20.247929,20.030315,20.095491,19.92727,18.704756,18.644781,0.0,0.0,0.0,0.0,0.0,0.0,0.0,0.0
35333,2023.0,9.0,3.0,8.0,20.70743,21.14948,19.329405,19.62112,19.538263,19.22904,19.60116,19.465649,18.709211,18.645021,19.47231,19.495829,19.956743,19.67906,19.694344,19.452478,18.686205,18.630001,4.0,0.0,0.0,0.0,0.0,0.0,0.0,0.0
35334,2023.0,9.0,3.0,9.0,20.126049,20.07131,20.099483,20.929546,19.615358,19.472406,20.25521,20.747513,18.695604,18.631691,19.223783,19.13575,20.620514,21.003773,19.583883,19.344519,18.671427,18.614729,0.0,0.0,4.0,0.0,0.0,4.0,0.0,0.0
35335,2023.0,9.0,3.0,9.0,19.830263,19.720577,19.44224,19.538351,19.629663,19.53293,19.917007,19.954967,18.685144,18.623981,19.128738,19.040438,20.86483,21.280638,20.46856,21.101023,18.660067,18.605515,0.0,0.0,0.0,0.0,0.0,4.0,4.0,0.0
35336,2023.0,9.0,3.0,9.0,19.743723,19.643906,19.569805,19.880323,19.599173,19.516048,20.146896,20.469822,18.682173,18.622868,19.083897,18.997566,20.265118,20.107971,19.840927,19.736187,18.655846,18.602938,4.0,0.0,4.0,0.0,0.0,0.0,0.0,0.0
35337,2023.0,9.0,3.0,9.0,20.376568,20.900417,20.076818,20.75097,19.562634,19.488,20.231226,20.590322,18.682383,18.624748,19.051062,18.967644,20.05857,19.82425,19.592382,19.397484,18.65486,18.60339,0.0,0.0,4.0,0.0,0.0,0.0,0.0,0.0
35338,2023.0,9.0,3.0,9.0,20.576435,21.11383,19.381319,19.334732,19.524931,19.458925,19.705666,19.605925,18.68566,18.629112,19.024042,18.94474,19.99612,19.774965,19.512407,19.329716,18.656487,18.606007,0.0,0.0,0.0,0.0,0.0,0.0,0.0,0.0
35339,2023.0,9.0,3.0,9.0,20.045122,20.094524,19.095373,18.921686,19.495533,19.436916,20.066185,20.392862,18.694246,18.638168,19.012835,18.935232,20.699146,21.143229,19.474709,19.304724,18.66201,18.611929,0.0,0.0,4.0,0.0,0.0,4.0,0.0,0.0
35340,2023.0,9.0,3.0,10.0,19.846642,19.83702,19.09142,19.012465,19.468004,19.417034,19.659685,19.58845,18.706087,18.65018,19.37603,19.624392,20.244005,20.149593,19.528461,19.449284,18.670082,18.620022,0.0,0.0,0.0,0.0,4.0,0.0,0.0,0.0
35341,2023.0,9.0,3.0,10.0,19.782639,19.79161,19.518345,19.862606,19.44414,19.401142,20.109335,20.535105,18.72114,18.665369,20.090614,20.817488,20.815853,21.298164,19.536924,19.469866,18.681437,18.631418,4.0,0.0,4.0,0.0,0.0,4.0,0.0,0.0
35342,2023.0,9.0,3.0,10.0,20.41642,21.043602,20.068407,20.759468,19.420412,19.385214,20.284489,20.736294,18.739536,18.68355,19.54787,19.635084,21.088015,21.628145,19.528929,19.464085,18.696068,18.64565,0.0,0.0,4.0,0.0,0.0,4.0,0.0,0.0
35343,2023.0,9.0,3.0,10.0,20.025385,20.13353,19.5161,19.62088,19.399256,19.371252,20.326982,20.795485,18.761116,18.70418,19.256159,19.199287,21.195604,21.75128,19.522585,19.458557,18.713753,18.662638,0.0,0.0,4.0,0.0,0.0,4.0,0.0,0.0
35344,2023.0,9.0,3.0,10.0,19.855299,19.917286,19.279345,19.274942,20.055687,20.626114,19.820648,19.836079,18.784863,18.726723,19.217093,19.143261,20.617462,20.603792,19.522234,19.45824,18.7333,18.681103,0.0,4.0,0.0,0.0,0.0,0.0,0.0,0.0
35345,2023.0,9.0,3.0,10.0,19.811031,19.896786,19.200987,19.191435,19.675196,19.768335,20.255526,20.762728,18.810944,18.75154,19.22072,19.144655,20.416834,20.286224,19.525202,19.461006,18.755135,18.70176,0.0,0.0,4.0,0.0,0.0,0.0,0.0,0.0
35346,2023.0,9.0,3.0,11.0,19.828754,19.978191,19.14752,19.139795,19.462048,19.433289,20.373074,20.900879,18.840143,18.780762,19.232553,19.155674,20.377787,20.251213,19.532375,19.468,18.77985,18.726269,0.0,0.0,4.0,0.0,0.0,0.0,0.0,0.0
35347,2023.0,9.0,3.0,11.0,19.805138,19.958708,19.54747,19.928493,19.431131,19.419746,19.869705,19.936731,18.865982,18.801567,19.608778,19.845354,21.082993,21.605038,19.54012,19.473236,18.802534,18.744738,4.0,0.0,0.0,0.0,4.0,4.0,0.0,0.0
35348,2023.0,9.0,3.0,11.0,19.779974,19.936255,20.047695,20.747084,19.412477,19.415833,19.67539,19.67624,18.895012,18.827597,20.046713,20.543745,20.611698,20.57609,19.549826,19.48051,18.827766,18.767199,4.0,0.0,0.0,0.0,0.0,0.0,0.0,0.0
35349,2023.0,9.0,3.0,11.0,20.404697,21.132437,19.997438,20.574776,19.387901,19.393179,20.221155,20.774921,18.926855,18.855663,19.66327,19.690233,21.13561,21.665668,20.567163,21.391466,18.854565,18.790634,4.0,0.0,4.0,0.0,0.0,4.0,4.0,0.0
35350,2023.0,9.0,3.0,11.0,20.056923,20.27447,20.003014,20.542412,20.041588,20.643576,20.430292,21.0062,18.9617,18.88771,19.494736,19.436476,20.742596,20.726095,20.136354,20.241856,18.882908,18.816387,4.0,4.0,4.0,0.0,0.0,0.0,0.0,0.0
35351,2023.0,9.0,3.0,11.0,19.836554,20.006811,20.001335,20.510838,19.722578,19.833868,19.91716,20.013983,18.997894,18.921532,19.475142,19.38443,20.545187,20.45143,19.818157,19.77344,18.912846,18.844076,4.0,0.0,0.0,0.0,0.0,0.0,0.0,0.0
35352,2023.0,9.0,3.0,12.0,19.795847,19.973648,20.000757,20.490345,20.113165,20.694607,19.696798,19.760723,19.033745,18.954027,19.484571,19.386986,21.243093,21.786924,19.777718,19.726887,19.835577,20.558687,4.0,4.0,0.0,0.0,0.0,4.0,0.0,4.0
35353,2023.0,9.0,3.0,12.0,21.170918,22.420746,20.018387,20.526575,21.101105,22.274199,21.14762,22.365046,19.071728,18.99014,19.509516,19.408583,20.99265,21.173832,21.193878,22.181086,20.01023,20.605644,0.0,4.0,4.0,0.0,0.0,0.0,0.0,0.0
35354,2023.0,9.0,3.0,12.0,20.999466,21.95241,19.650183,19.802662,21.0184,22.004642,20.98542,21.908384,19.11232,19.028824,19.540504,19.436815,21.010527,21.181067,20.995537,21.71112,19.511658,19.539742,0.0,0.0,4.0,0.0,0.0,0.0,0.0,0.0
35355,2023.0,9.0,3.0,12.0,21.052113,21.972301,19.469193,19.58794,21.0611,21.99158,21.019222,21.890022,19.154665,19.07023,19.576317,19.471823,21.013891,21.15492,21.047733,21.708382,19.36088,19.34749,0.0,0.0,4.0,0.0,0.0,0.0,0.0,0.0
35356,2023.0,9.0,3.0,12.0,21.014732,21.847843,19.800102,20.252384,21.018263,21.850885,21.028063,21.880156,19.195463,19.10813,19.611603,19.503242,21.004063,21.110102,21.01114,21.564352,19.299732,19.22025,4.0,0.0,0.0,0.0,0.0,0.0,0.0,0.0
35357,2023.0,9.0,3.0,12.0,21.024433,21.796707,20.037363,20.631033,21.008432,21.754671,21.052137,21.879278,19.239119,19.15117,19.65226,19.543886,21.01203,21.098484,21.038115,21.55164,19.289362,19.206034,0.0,4.0,0.0,0.0,0.0,0.0,0.0,0.0
35358,2023.0,9.0,3.0,13.0,21.057642,21.841963,20.059351,20.581436,21.027533,21.79739,21.019281,21.78584,19.27804,19.186506,19.689262,19.577133,21.66699,22.312683,21.011478,21.454512,19.303125,19.218721,4.0,0.0,0.0,0.0,0.0,4.0,0.0,0.0
35359,2023.0,9.0,3.0,13.0,21.015387,21.770613,20.08229,20.606087,21.021223,21.75963,20.996784,21.697615,19.318611,19.22649,19.72801,19.614178,21.19553,21.220207,21.013922,21.420475,19.32034,19.234623,4.0,0.0,4.0,0.0,0.0,0.0,0.0,0.0
35360,2023.0,9.0,3.0,13.0,21.037998,21.79904,20.02126,20.484941,21.043919,21.779852,21.00301,21.697916,19.357664,19.265575,19.767601,19.6548,21.001081,20.962729,21.031214,21.4186,19.339027,19.252687,0.0,0.0,4.0,0.0,0.0,0.0,0.0,0.0
35361,2023.0,9.0,3.0,13.0,21.01269,21.735544,19.728844,19.927504,21.016573,21.70749,21.000034,21.68478,19.392143,19.299017,19.80207,19.687563,21.001614,20.97291,21.009111,21.350332,19.357946,19.271324,0.0,0.0,4.0,0.0,0.0,0.0,0.0,0.0
35362,2023.0,9.0,3.0,13.0,21.01755,21.733944,19.623547,19.82407,21.021902,21.702824,21.026196,21.750452,19.424095,19.329329,19.834042,19.717627,21.740398,22.369154,21.012611,21.33543,20.31208,21.063684,0.0,0.0,0.0,0.0,0.0,4.0,0.0,4.0
35363,2023.0,9.0,3.0,13.0,21.139093,21.92494,19.475052,19.569809,21.01835,21.65223,21.022316,21.697872,19.4547,19.360067,19.865475,19.749813,21.318218,21.361315,21.011688,21.314966,19.970625,20.196278,0.0,4.0,4.0,0.0,0.0,0.0,0.0,0.0
35364,2023.0,9.0,3.0,14.0,20.99767,21.665218,19.826275,20.288746,21.022097,21.68699,21.0226,21.721016,19.48381,19.390903,19.894377,19.780327,21.109657,21.077234,21.011236,21.298512,19.786314,19.817884,4.0,0.0,0.0,0.0,0.0,0.0,0.0,0.0
35365,2023.0,9.0,3.0,14.0,21.18727,22.00368,20.00496,20.50335,21.079967,21.76104,21.052153,21.736502,19.509808,19.417694,20.290861,20.505732,21.83911,22.476286,20.661963,20.609756,20.568092,21.325262,4.0,4.0,4.0,0.0,4.0,4.0,0.0,4.0
35366,2023.0,9.0,3.0,14.0,21.2686,22.094324,20.010828,20.506134,20.594803,20.837069,21.073,21.762035,19.53395,19.443695,20.168278,20.124594,21.428905,21.50241,21.469036,22.243624,20.145466,20.263123,0.0,0.0,4.0,0.0,0.0,0.0,4.0,0.0
35367,2023.0,9.0,3.0,14.0,21.30357,22.132442,19.789516,20.059528,20.932352,21.635536,21.093779,21.787996,19.556433,19.468727,20.049307,19.9471,21.20255,21.187662,20.987778,21.071692,19.906015,19.94029,0.0,4.0,4.0,0.0,0.0,0.0,0.0,0.0
35368,2023.0,9.0,3.0,14.0,20.761631,21.094898,19.705603,19.94554,21.041918,21.749693,21.115063,21.814503,19.575083,19.491018,20.047106,19.943308,21.176546,21.161823,20.77809,20.776302,19.884663,19.921455,0.0,4.0,4.0,0.0,0.0,0.0,0.0,0.0
35369,2023.0,9.0,3.0,14.0,21.209953,22.049414,19.944515,20.397556,20.54223,20.784655,20.600067,20.839855,19.591549,19.511099,20.05481,19.954401,21.168385,21.161674,20.721962,20.725588,19.884048,19.927786,4.0,0.0,0.0,0.0,0.0,0.0,0.0,0.0
35370,2023.0,9.0,3.0,15.0,20.753199,21.113441,20.015938,20.498365,20.977577,21.69868,21.021637,21.74517,19.605732,19.529165,20.429592,20.658312,21.865593,22.488531,20.687147,20.698826,19.777338,19.719307,0.0,4.0,4.0,0.0,4.0,4.0,0.0,0.0
35371,2023.0,9.0,3.0,15.0,20.516376,20.824965,20.19038,20.786934,21.130339,21.847408,21.157108,21.871115,19.619097,19.546373,20.268223,20.221518,22.168362,22.880514,20.554266,20.47165,19.719332,19.6501,4.0,4.0,4.0,0.0,0.0,4.0,0.0,0.0
35372,2023.0,9.0,3.0,15.0,21.081785,21.929914,20.263145,20.868263,21.159971,21.877266,21.176895,21.89169,19.627974,19.55883,20.184097,20.099468,22.241854,22.952446,20.506315,20.428606,19.704329,19.63786,4.0,4.0,4.0,0.0,0.0,4.0,0.0,0.0
35373,2023.0,9.0,3.0,15.0,20.674303,21.055223,20.310026,20.917114,20.67734,20.95476,20.686565,20.96236,19.635807,19.570593,20.169191,20.086452,22.30154,23.011972,20.47552,20.402607,20.556103,21.260242,4.0,0.0,0.0,0.0,0.0,4.0,0.0,4.0
35374,2023.0,9.0,3.0,15.0,20.513012,20.830885,20.352537,20.962917,21.098234,21.846453,20.48895,20.70148,19.64313,19.58248,20.161377,20.08311,22.355747,23.068542,20.448391,20.379444,20.970629,21.8614,4.0,4.0,0.0,0.0,0.0,4.0,0.0,4.0
35375,2023.0,9.0,3.0,15.0,21.076317,21.926039,20.389677,21.001879,20.670574,20.95881,20.41949,20.638477,19.648973,19.592701,20.50245,20.733227,22.401903,23.115992,20.425097,20.360992,20.303818,20.48069,4.0,0.0,0.0,0.0,4.0,4.0,0.0,0.0
35376,2023.0,9.0,3.0,16.0,21.239874,22.116888,20.425169,21.039663,21.071127,21.801634,20.934381,21.647373,19.65401,19.602371,20.321568,20.322815,21.781008,21.907772,21.37683,22.184586,20.108751,20.193594,4.0,4.0,4.0,0.0,0.0,0.0,4.0,0.0
35377,2023.0,9.0,3.0,16.0,21.31157,22.189491,20.457605,21.0728,21.188694,21.926031,21.083311,21.822508,19.658195,19.610752,20.347897,20.423298,22.294842,22.975304,20.855326,21.010185,20.067701,20.153992,4.0,4.0,4.0,0.0,0.0,4.0,0.0,0.0
35378,2023.0,9.0,3.0,16.0,21.36849,22.24568,20.488787,21.105156,21.224667,21.95769,21.134918,21.871914,19.661993,19.61901,20.780346,21.224945,22.439121,23.16668,20.670372,20.731794,20.044067,20.136055,4.0,4.0,4.0,0.0,4.0,4.0,0.0,0.0
35379,2023.0,9.0,3.0,16.0,20.855585,21.244068,20.517452,21.133501,21.262533,21.994205,21.178192,21.913519,19.664804,19.626099,20.573011,20.756073,21.802498,21.925808,20.636017,20.704803,19.89733,19.862217,4.0,4.0,4.0,0.0,0.0,0.0,0.0,0.0
35380,2023.0,9.0,3.0,16.0,20.690947,21.03121,20.546017,21.162445,21.295946,22.02738,21.215158,21.950123,19.666761,19.632679,20.487162,20.61849,22.341274,23.042322,20.613344,20.687496,19.84158,19.804455,4.0,4.0,4.0,0.0,0.0,4.0,0.0,0.0
35381,2023.0,9.0,3.0,16.0,20.632631,20.97359,20.229624,20.551931,21.32693,22.058136,20.726603,21.009937,19.667074,19.63778,20.329525,20.314365,21.799929,21.938417,20.483282,20.449453,19.8161,19.78394,0.0,4.0,0.0,0.0,0.0,0.0,0.0,0.0
35382,2023.0,9.0,3.0,17.0,21.18865,22.049068,20.468864,21.055845,21.355988,22.087059,21.154552,21.913956,19.66564,19.641287,20.25861,20.222473,21.60159,21.65957,20.431213,20.39552,19.793945,19.7667,4.0,4.0,4.0,0.0,0.0,0.0,0.0,0.0
35383,2023.0,9.0,3.0,17.0,21.342861,22.22235,20.22557,20.552383,21.380648,22.108711,21.24321,21.984032,19.662,19.641926,20.231287,20.199295,22.266335,22.974545,20.40297,20.37166,19.773438,19.75064,0.0,4.0,4.0,0.0,0.0,4.0,0.0,0.0
35384,2023.0,9.0,3.0,17.0,21.40846,22.283194,20.480892,21.079863,21.40406,22.129652,21.269836,22.002344,19.657305,19.641628,20.2063,20.178833,22.41917,23.17405,20.376911,20.349333,19.753845,19.735142,4.0,4.0,4.0,0.0,0.0,4.0,0.0,0.0
35385,2023.0,9.0,3.0,17.0,21.459343,22.327858,20.567144,21.180515,20.908567,21.183434,20.780355,21.05853,19.651854,19.640854,20.18373,20.162216,21.783545,21.932737,20.353981,20.331285,19.73606,19.722313,4.0,0.0,0.0,0.0,0.0,0.0,0.0,0.0
35386,2023.0,9.0,3.0,17.0,20.958628,21.351078,20.60185,21.2117,21.304686,22.027687,20.605124,20.83184,20.328762,20.92741,20.161276,20.145845,21.585909,21.658028,20.331816,20.313963,20.576254,21.330494,4.0,4.0,0.0,4.0,0.0,0.0,0.0,4.0
35387,2023.0,9.0,3.0,17.0,20.78001,21.110182,20.631956,21.23863,21.405483,22.131044,20.534636,20.75691,19.990353,20.229662,20.480349,20.770884,22.240055,22.95825,21.28454,22.140501,20.211685,20.483896,4.0,4.0,0.0,0.0,4.0,4.0,4.0,0.0
35388,2023.0,9.0,3.0,18.0,21.314621,22.171604,20.661844,21.265285,21.428055,22.144989,21.032145,21.732382,19.915686,20.082563,20.309845,20.365334,22.451138,23.214918,20.89067,21.114525,19.962955,20.118359,4.0,4.0,4.0,0.0,0.0,4.0,0.0,0.0
35389,2023.0,9.0,3.0,18.0,20.976173,21.511045,20.344028,20.652308,21.45207,22.16036,21.176674,21.89963,20.590395,21.35912,20.188215,20.192537,22.468016,23.217995,21.033909,21.442684,20.784771,21.691162,0.0,4.0,4.0,4.0,0.0,4.0,0.0,4.0
35390,2023.0,9.0,3.0,18.0,21.014992,21.575548,20.522762,21.078217,21.473307,22.172575,21.232454,21.944183,20.860044,21.651758,20.135752,20.141363,21.864092,22.059715,21.00767,21.397408,20.33515,20.589485,4.0,4.0,4.0,4.0,0.0,0.0,0.0,0.0
35391,2023.0,9.0,3.0,18.0,21.353405,22.183205,20.646055,21.221783,21.49086,22.181355,20.984919,21.492973,20.326555,20.579563,20.091845,20.100353,21.552073,21.635162,21.0106,21.40535,20.026146,20.170607,4.0,4.0,0.0,0.0,0.0,0.0,0.0,0.0
35392,2023.0,9.0,3.0,18.0,20.969389,21.42961,20.672665,21.240108,20.976189,21.292204,21.206131,21.88994,20.059134,20.215282,20.051662,20.06455,21.440708,21.511665,21.66303,22.62188,19.946548,20.07826,4.0,0.0,4.0,0.0,0.0,0.0,4.0,0.0
35393,2023.0,9.0,3.0,18.0,21.01593,21.529816,20.352062,20.622189,21.329855,21.994343,20.983297,21.455368,19.97814,20.12136,20.360922,20.684603,21.36559,21.436792,20.980743,21.289818,20.776342,21.676243,0.0,4.0,0.0,0.0,4.0,0.0,0.0,4.0
35394,2023.0,9.0,3.0,19.0,21.008038,21.514435,20.17138,20.38409,20.94517,21.251541,21.227081,21.902863,19.928589,20.06756,20.15803,20.223772,21.296179,21.365479,21.023952,21.4041,21.044006,21.91824,0.0,0.0,4.0,0.0,0.0,0.0,0.0,4.0
35395,2023.0,9.0,3.0,19.0,21.316587,22.0717,20.097979,20.28664,21.28654,21.912235,20.981098,21.422606,20.52002,21.2032,20.008316,20.035118,21.172268,21.179895,21.620531,22.522732,20.349428,20.543955,0.0,4.0,0.0,4.0,0.0,0.0,4.0,0.0
35396,2023.0,9.0,3.0,19.0,21.45331,22.220545,19.956232,20.044283,20.976646,21.308027,21.194128,21.812603,20.154634,20.341562,19.939829,19.959532,21.845434,22.52866,20.963438,21.23781,20.01776,20.11268,0.0,0.0,4.0,0.0,0.0,4.0,0.0,0.0
35397,2023.0,9.0,3.0,19.0,21.484446,22.229721,19.853186,19.904106,21.25836,21.847784,21.266026,21.874712,19.880735,19.971119,19.88453,19.900509,21.398117,21.498568,21.023245,21.389498,19.905764,19.977596,0.0,4.0,4.0,0.0,0.0,0.0,0.0,0.0
35398,2023.0,9.0,3.0,19.0,21.496399,22.218313,19.794598,19.831453,20.97172,21.290668,21.26841,21.853996,20.459087,21.118776,19.833374,19.846176,21.869354,22.554012,21.01198,21.379278,19.826963,19.882925,0.0,0.0,4.0,4.0,0.0,4.0,0.0,0.0
35399,2023.0,9.0,3.0,19.0,20.969358,21.300283,19.749624,19.7769,21.018595,21.394527,21.261404,21.823317,20.662138,21.30708,19.784649,19.794104,21.335274,21.387388,21.014389,21.389307,19.726255,19.736645,0.0,0.0,4.0,4.0,0.0,0.0,0.0,0.0
35400,2023.0,9.0,3.0,20.0,21.01943,21.42743,20.142963,20.54081,21.214909,21.743004,21.249273,21.787384,20.079733,20.160343,19.738049,19.743937,21.039997,21.006374,21.013823,21.391977,19.65731,19.660824,4.0,4.0,4.0,0.0,0.0,0.0,0.0,0.0
35401,2023.0,9.0,3.0,20.0,21.319101,21.98391,20.306726,20.723421,21.279634,21.79835,21.240294,21.761463,19.806755,19.821417,20.053633,20.372614,21.652302,22.244392,21.013578,21.392954,19.609737,19.611929,4.0,4.0,4.0,0.0,4.0,4.0,0.0,0.0
35402,2023.0,9.0,3.0,20.0,20.976826,21.326155,19.989569,20.154095,20.982397,21.283113,20.990133,21.341404,19.706675,19.703537,19.99077,20.189665,21.82239,22.395773,21.013914,21.393496,20.497198,21.331017,0.0,0.0,0.0,0.0,0.0,4.0,0.0,4.0
35403,2023.0,9.0,3.0,20.0,21.018763,21.423058,19.815481,19.836296,21.0195,21.367395,21.141584,21.621506,20.318634,20.911795,19.79796,19.819849,21.8459,22.401363,21.567045,22.417137,19.963251,20.160742,0.0,0.0,4.0,4.0,0.0,4.0,4.0,0.0
35404,2023.0,9.0,3.0,20.0,21.280556,21.89846,19.696531,19.668743,21.176697,21.639822,21.185287,21.657373,19.965084,20.139032,20.005999,20.284275,21.861427,22.399622,20.940063,21.18019,20.522234,21.22071,0.0,4.0,4.0,0.0,4.0,4.0,0.0,4.0
35405,2023.0,9.0,3.0,20.0,21.366798,21.972845,20.099287,20.464903,20.991331,21.294657,20.997204,21.34334,19.712366,19.674683,20.00194,20.212437,21.869576,22.39051,21.027735,21.373095,19.958332,20.091965,4.0,0.0,0.0,0.0,0.0,4.0,0.0,0.0
35406,2023.0,9.0,3.0,21.0,20.968147,21.273556,19.982025,20.171354,21.019512,21.354252,21.020641,21.39447,20.29117,20.872198,19.727818,19.67936,21.216776,21.14108,21.01592,21.356081,20.535494,21.211142,0.0,0.0,0.0,4.0,0.0,0.0,0.0,4.0
35407,2023.0,9.0,3.0,21.0,21.019514,21.392353,20.190313,20.550684,21.150496,21.574648,21.017378,21.386423,19.962212,20.13551,19.578382,19.505943,21.660646,22.181316,21.017273,21.360819,19.959345,20.056896,4.0,4.0,0.0,0.0,0.0,4.0,0.0,0.0
35408,2023.0,9.0,3.0,21.0,21.012709,21.384884,20.19907,20.479622,21.193878,21.613245,21.11191,21.535685,19.662823,19.574806,19.56281,19.532368,21.792854,22.282589,21.01397,21.361034,19.726366,19.659475,4.0,4.0,4.0,0.0,0.0,4.0,0.0,0.0
35409,2023.0,9.0,3.0,21.0,21.013866,21.388454,20.19215,20.461803,21.200289,21.61073,21.00566,21.350489,20.191217,20.685131,19.53776,19.507887,21.806133,22.288187,21.01396,21.364445,19.607967,19.533802,4.0,4.0,0.0,4.0,0.0,4.0,0.0,0.0
35410,2023.0,9.0,3.0,21.0,21.369604,22.051138,19.987785,20.110838,20.994614,21.267263,21.020138,21.380835,20.418314,20.914917,19.852575,20.126652,21.165705,21.062426,21.570154,22.396576,19.535175,19.45805,0.0,0.0,0.0,4.0,4.0,0.0,4.0,0.0
35411,2023.0,9.0,3.0,21.0,20.966145,21.259243,19.759333,19.687119,21.019928,21.326017,21.018448,21.375206,19.97148,20.107325,20.018093,20.320044,21.006681,20.956408,20.948172,21.169155,20.388525,21.122892,0.0,0.0,0.0,0.0,4.0,0.0,0.0,4.0
35412,2023.0,9.0,3.0,22.0,21.23914,21.783173,19.599257,19.467258,21.016737,21.32077,21.013405,21.371778,19.695995,19.605772,19.996313,20.23825,21.010046,21.00976,21.460684,22.15597,20.63018,21.260275,0.0,0.0,0.0,0.0,4.0,0.0,4.0,4.0
35413,2023.0,9.0,3.0,22.0,20.976528,21.275574,19.61817,19.562769,21.017199,21.320288,21.014072,21.376015,20.14629,20.570032,20.018255,20.275215,21.009949,21.04098,20.946684,21.145811,20.621616,21.187363,0.0,0.0,0.0,4.0,0.0,0.0,0.0,4.0
35414,2023.0,9.0,3.0,22.0,21.019758,21.37322,19.61722,19.573233,21.01189,21.318731,21.014103,21.377441,20.332615,20.750809,19.645313,19.539295,21.599392,22.189646,21.02696,21.3278,19.958818,20.022444,0.0,0.0,0.0,4.0,0.0,4.0,0.0,0.0
35415,2023.0,9.0,3.0,22.0,21.014486,21.366085,19.592304,19.546959,21.01273,21.325731,21.014124,21.378384,19.972075,20.103163,19.44934,19.31279,20.973055,20.946215,21.017395,21.318975,19.701769,19.58504,0.0,0.0,0.0,0.0,0.0,0.0,0.0,0.0
35416,2023.0,9.0,3.0,22.0,21.009336,21.367605,19.565105,19.515818,21.012577,21.329144,21.014198,21.37952,20.272146,20.677647,19.459324,19.404179,21.02802,21.087767,21.018532,21.326359,19.561338,19.438362,0.0,0.0,0.0,4.0,0.0,0.0,0.0,0.0
35417,2023.0,9.0,3.0,22.0,21.019577,21.395557,19.539545,19.486464,21.025848,21.357664,21.029305,21.409592,20.3704,20.766788,19.44106,19.386719,21.020134,21.093735,21.027035,21.35556,19.483515,19.35825,0.0,0.0,0.0,4.0,0.0,0.0,0.0,0.0
35418,2023.0,9.0,3.0,23.0,21.009058,21.377592,19.518148,19.464025,21.010656,21.328503,21.012081,21.3754,19.960964,20.048536,19.405748,19.35055,21.005545,21.091904,21.012157,21.333412,19.50359,19.45748,0.0,0.0,0.0,0.0,0.0,0.0,0.0,0.0
35419,2023.0,9.0,3.0,23.0,20.738241,20.861095,19.496565,19.440182,20.656254,20.648106,20.612555,20.6073,19.673788,19.529177,19.369469,19.312445,20.815655,20.74688,20.608156,20.561098,19.4849,19.4389,0.0,0.0,0.0,0.0,0.0,0.0,0.0,0.0
35420,2023.0,9.0,3.0,23.0,20.63133,20.725063,19.477015,19.416878,20.49551,20.4229,20.441689,20.376158,19.539335,19.374826,19.33806,19.27706,20.7438,20.668808,20.4755,20.41243,19.452787,19.404047,0.0,0.0,0.0,0.0,0.0,0.0,0.0,0.0
35421,2023.0,9.0,3.0,23.0,20.57819,20.674007,19.9039,20.231924,20.428102,20.358698,20.36776,20.306496,19.572985,19.5195,19.612324,19.81405,20.696772,20.622318,20.399185,20.337925,19.422686,19.373493,4.0,0.0,0.0,0.0,4.0,0.0,0.0,0.0
35422,2023.0,9.0,3.0,23.0,20.52931,20.622246,19.638056,19.640244,20.367514,20.294699,20.301283,20.23679,19.540293,19.483627,19.734585,19.980175,20.651024,20.57404,20.330166,20.26632,19.392216,19.340801,0.0,0.0,0.0,0.0,4.0,0.0,0.0,0.0
35423,2023.0,9.0,3.0,23.0,20.48689,20.577847,19.515518,19.454535,20.315775,20.24093,20.24493,20.178476,19.496294,19.437288,19.439486,19.39311,20.60914,20.530182,20.269697,20.204105,19.363028,19.309752,0.0,0.0,0.0,0.0,0.0,0.0,0.0,0.0
35424,2023.0,9.0,4.0,0.0,20.44636,20.532822,19.474104,19.402546,20.266548,20.18709,20.191677,20.120386,19.454285,19.391743,19.339155,19.268557,20.568441,20.486118,20.213238,20.14432,19.333881,19.27783,0.0,0.0,0.0,0.0,0.0,0.0,0.0,0.0
35425,2023.0,9.0,4.0,0.0,20.411053,20.495525,19.447529,19.374126,20.22456,20.14396,20.146393,20.07398,19.416422,19.352345,19.297548,19.225206,20.531633,20.447748,20.16318,20.092968,19.306795,19.249237,0.0,0.0,0.0,0.0,0.0,0.0,0.0,0.0
35426,2023.0,9.0,4.0,0.0,20.380325,20.465105,19.427364,19.354652,20.189287,20.111135,20.108412,20.038742,19.383211,19.320034,19.263407,19.192339,20.49903,20.415867,21.027658,21.761269,19.282177,19.224741,0.0,0.0,0.0,0.0,0.0,0.0,4.0,0.0
35427,2023.0,9.0,4.0,0.0,20.348787,20.43129,19.406113,19.331396,20.152863,20.07322,20.069101,19.998032,19.34934,19.284515,19.22935,19.156252,20.4657,20.380877,20.288109,20.165918,19.25663,19.197666,0.0,0.0,0.0,0.0,0.0,0.0,0.0,0.0
35428,2023.0,9.0,4.0,0.0,20.316587,20.394602,19.383673,19.304676,20.115469,20.03101,20.028616,19.952652,19.314886,19.2462,19.19464,19.116978,20.431673,20.343075,20.023476,19.814264,19.230156,19.16812,0.0,0.0,0.0,0.0,0.0,0.0,0.0,0.0
35429,2023.0,9.0,4.0,0.0,20.289146,20.366098,19.36565,19.28613,20.08497,20.001015,19.99573,19.920511,19.285307,19.216244,19.475075,19.667847,20.402147,20.31306,19.938435,19.729992,19.206577,19.143843,0.0,0.0,0.0,0.0,4.0,0.0,0.0,0.0
35430,2023.0,9.0,4.0,1.0,20.262169,20.337494,19.347265,19.266184,20.713112,21.208565,19.963238,19.887354,19.25638,19.186348,19.58726,19.814692,20.373224,20.283123,19.866331,19.656906,19.18315,19.119394,0.0,4.0,0.0,0.0,4.0,0.0,0.0,0.0
35431,2023.0,9.0,4.0,1.0,20.235472,20.308542,19.328978,19.245657,20.31917,20.337072,19.931488,19.854002,19.227884,19.156284,19.307775,19.260506,20.344833,20.253149,19.927004,19.83856,19.159678,19.094454,0.0,0.0,0.0,0.0,0.0,0.0,0.0,0.0
35432,2023.0,9.0,4.0,1.0,20.208334,20.27794,19.310085,19.223488,19.919308,19.632866,19.89959,19.819006,19.199219,19.125011,19.046883,18.816761,20.316557,20.222313,19.919182,19.839613,19.135756,19.068262,0.0,0.0,0.0,0.0,0.0,0.0,0.0,0.0
35433,2023.0,9.0,4.0,1.0,20.182743,20.249767,19.29133,19.201645,19.81145,19.510101,19.86903,19.785757,19.171785,19.095495,18.948557,18.706968,20.289434,20.193157,19.888643,19.807543,19.11249,19.043169,0.0,0.0,0.0,0.0,0.0,0.0,0.0,0.0
35434,2023.0,9.0,4.0,1.0,20.15838,20.223467,19.274065,19.183113,19.921686,19.796125,19.841301,19.75751,19.146027,19.068766,19.031599,18.934744,20.263649,20.166344,19.85753,19.775587,19.090096,19.019718,0.0,0.0,0.0,0.0,0.0,0.0,0.0,0.0
35435,2023.0,9.0,4.0,1.0,20.133827,20.196299,19.25494,19.161041,19.934114,19.837147,19.81222,19.72579,19.119764,19.040445,19.030409,18.939903,20.237232,20.137878,19.82542,19.741682,19.067112,18.994913,0.0,0.0,0.0,0.0,0.0,0.0,0.0,0.0
35436,2023.0,9.0,4.0,2.0,20.110022,20.170248,19.236574,19.140566,19.910753,19.812717,19.784685,19.696632,19.094353,19.013514,19.005125,18.913017,20.211563,20.110653,19.79408,19.709013,19.044497,18.970856,0.0,0.0,0.0,0.0,0.0,0.0,0.0,0.0
35437,2023.0,9.0,4.0,2.0,20.08768,20.146841,19.220152,19.123913,19.887033,19.789612,19.75982,19.67222,19.070587,18.989576,19.289005,19.467388,20.187487,20.086325,19.764486,19.679361,19.02299,18.949001,0.0,0.0,0.0,0.0,4.0,0.0,0.0,0.0
35438,2023.0,9.0,4.0,2.0,20.064249,20.12108,19.202137,19.103851,19.860743,19.761816,19.733315,19.643944,19.045773,18.96323,19.053991,18.961258,20.162441,20.059729,19.734074,19.647552,19.000486,18.925102,0.0,0.0,0.0,0.0,0.0,0.0,0.0,0.0
35439,2023.0,9.0,4.0,2.0,20.04269,20.098707,19.185741,19.08669,19.836388,19.737602,19.709183,19.619745,19.605635,20.035336,18.985146,18.891352,20.13902,20.036058,19.70563,19.61912,18.979187,18.903519,0.0,0.0,0.0,4.0,0.0,0.0,0.0,0.0
35440,2023.0,9.0,4.0,2.0,20.020296,20.07426,19.168245,19.067314,19.810839,19.71069,19.683975,19.593,19.216635,19.171549,18.950552,18.855145,20.11478,20.010473,19.676462,19.58876,18.957003,18.880112,0.0,0.0,0.0,0.0,0.0,0.0,0.0,0.0
35441,2023.0,9.0,4.0,2.0,19.99755,20.048641,19.149273,19.045082,19.783957,19.680786,19.657429,19.56332,19.08164,18.994501,18.916218,18.817572,20.089846,19.983269,19.646786,19.556974,18.934078,18.85519,0.0,0.0,0.0,0.0,0.0,0.0,0.0,0.0
35442,2023.0,9.0,4.0,3.0,19.97719,20.027546,19.133362,19.02904,19.761112,19.658548,19.634848,19.541231,19.634958,20.070889,18.888054,18.790033,20.067411,19.960823,19.619835,19.530207,18.913128,18.834152,0.0,0.0,0.0,4.0,0.0,0.0,0.0,0.0
35443,2023.0,9.0,4.0,3.0,19.956623,20.006104,19.116785,19.011892,19.737627,19.634924,19.611584,19.517736,19.069529,18.867184,18.859898,18.761616,20.04483,19.937967,19.592766,19.503,18.891926,18.812695,0.0,0.0,0.0,0.0,0.0,0.0,0.0,0.0
35444,2023.0,9.0,4.0,3.0,19.935272,19.982649,19.09878,18.991724,19.712591,19.607725,19.58673,19.490646,18.872839,18.625332,18.830881,18.730305,20.021294,19.912815,19.564764,19.47344,18.869768,18.789108,0.0,0.0,0.0,0.0,0.0,0.0,0.0,0.0
35445,2023.0,9.0,4.0,3.0,20.582817,21.21544,19.083855,18.977787,19.691563,19.588243,19.565819,19.47121,18.9483,18.844164,18.806396,18.707264,20.000463,19.8928,19.539639,19.449272,18.849844,18.76987,0.0,0.0,0.0,0.0,0.0,0.0,0.0,0.0
35446,2023.0,9.0,4.0,3.0,20.158165,20.276096,19.067335,18.960732,19.66895,19.565311,19.543291,19.448301,18.949812,18.860537,18.78083,18.681322,19.978857,19.870821,19.51364,19.422997,18.82902,18.748703,0.0,0.0,0.0,0.0,0.0,0.0,0.0,0.0
35447,2023.0,9.0,4.0,3.0,19.793558,19.638391,19.049906,18.941912,19.645481,19.540464,19.519873,19.423452,18.92409,18.834465,18.754837,18.653929,19.956963,19.847818,19.487103,19.395359,18.807598,18.726242,0.0,0.0,0.0,0.0,0.0,0.0,0.0,0.0
35448,2023.0,9.0,4.0,4.0,19.699854,19.536701,19.03421,18.926603,19.624365,19.520144,19.49879,19.403112,18.899052,18.810259,18.731588,18.631502,19.936897,19.828281,19.462633,19.371595,19.515905,20.077566,0.0,0.0,0.0,0.0,0.0,0.0,0.0,4.0
35449,2023.0,9.0,4.0,4.0,19.837307,19.870947,19.018166,18.910648,19.602818,19.49879,19.477392,19.381783,18.873466,18.784811,18.708132,18.608208,19.916527,19.808086,19.43785,19.346983,19.03951,19.01414,0.0,0.0,0.0,0.0,0.0,0.0,0.0,0.0
35450,2023.0,9.0,4.0,4.0,19.861471,19.92071,19.002531,18.895376,19.581846,19.478264,19.45674,19.361382,19.431702,19.855814,18.685534,18.586021,19.896568,19.788488,19.413618,19.323116,18.752113,18.542097,0.0,0.0,0.0,4.0,0.0,0.0,0.0,0.0
35451,2023.0,9.0,4.0,4.0,19.845398,19.90474,18.986633,18.879454,19.560602,19.456991,19.435787,19.340252,19.681442,20.192293,18.971895,19.142603,19.87642,19.768333,19.389208,19.29866,18.657236,18.435978,0.0,0.0,0.0,4.0,4.0,0.0,0.0,0.0
35452,2023.0,9.0,4.0,4.0,19.828579,19.888245,18.971811,18.865343,19.540562,19.437977,19.415918,19.32131,19.579521,19.89323,18.772127,18.703028,19.857279,19.75004,19.365955,19.276337,19.455442,20.003992,0.0,0.0,0.0,4.0,0.0,0.0,0.0,4.0
35453,2023.0,9.0,4.0,4.0,19.810738,19.87027,18.956802,18.850471,19.52006,19.417885,19.395664,19.301327,18.99727,18.784452,18.678095,18.580164,19.837791,19.730923,19.342304,19.253065,18.864336,18.699251,0.0,0.0,0.0,0.0,0.0,0.0,0.0,0.0
35454,2023.0,9.0,4.0,5.0,19.792494,19.851719,18.941689,18.835438,19.499546,19.397633,19.375526,19.281261,19.405882,19.69176,18.648571,18.550817,19.818306,19.711697,19.318645,19.229658,18.66144,18.441824,0.0,0.0,0.0,4.0,0.0,0.0,0.0,0.0
35455,2023.0,9.0,4.0,5.0,19.773804,19.832705,18.926418,18.820276,19.479103,19.37744,19.355328,19.261208,18.946247,18.72938,18.916523,19.075876,19.798878,19.69249,19.295095,19.206362,18.597868,18.37967,0.0,0.0,0.0,0.0,4.0,0.0,0.0,0.0
35456,2023.0,9.0,4.0,5.0,19.754045,19.811739,18.910362,18.803526,19.457756,19.355402,19.334068,19.23922,18.765724,18.52189,18.695574,18.597866,19.778835,19.671984,19.270872,19.181644,18.676815,18.592096,0.0,0.0,0.0,0.0,0.0,0.0,0.0,0.0
35457,2023.0,9.0,4.0,5.0,19.735672,19.79387,18.895947,18.789968,19.438414,19.337305,19.314754,19.221115,19.243818,19.48071,18.628794,18.531973,20.466814,20.990812,19.248367,19.160255,19.401608,19.964062,0.0,0.0,0.0,4.0,0.0,4.0,0.0,4.0
35458,2023.0,9.0,4.0,5.0,19.716225,19.773943,18.880592,18.774672,19.418188,19.317225,19.294569,19.201023,19.431503,19.730911,18.597113,18.500477,19.818457,19.604414,19.22511,19.13725,19.522903,20.00366,0.0,0.0,0.0,4.0,0.0,0.0,0.0,4.0
35459,2023.0,9.0,4.0,5.0,19.697126,19.754194,18.865084,18.759119,19.398062,19.297037,19.274681,19.180931,18.89376,18.677366,18.567614,18.470997,20.303572,20.633722,19.201916,19.114185,18.84163,18.658726,0.0,0.0,0.0,0.0,0.0,4.0,0.0,0.0
35460,2023.0,9.0,4.0,6.0,19.678364,19.734974,18.849583,18.743706,19.378143,19.277191,19.255075,19.161245,18.719135,18.480646,18.540886,18.44443,19.781986,19.537945,19.179052,19.091589,18.648039,18.429907,0.0,0.0,0.0,0.0,0.0,0.0,0.0,0.0
35461,2023.0,9.0,4.0,6.0,21.155874,22.32339,18.835901,18.732096,21.179585,22.468645,21.223433,22.680626,18.648388,18.412746,18.805586,18.96057,21.185892,22.038376,21.33803,22.828825,19.294659,19.714897,0.0,4.0,0.0,0.0,4.0,4.0,0.0,4.0
35462,2023.0,9.0,4.0,6.0,20.985754,21.853403,18.821932,18.720198,21.00923,21.966116,20.978914,21.96307,19.315067,19.744066,20.154675,21.236277,21.018917,21.67175,21.000595,22.043333,20.341267,21.444756,0.0,0.0,4.0,4.0,4.0,0.0,0.0,0.0
35463,2023.0,9.0,4.0,6.0,21.012571,21.806538,19.267147,19.568602,21.013487,21.816694,21.037525,21.97714,20.090815,20.922342,19.992634,20.766138,21.00026,21.540302,20.992998,21.877523,19.870295,20.34286,4.0,4.0,0.0,0.0,4.0,4.0,4.0,4.0
35464,2023.0,9.0,4.0,6.0,21.007978,21.732473,20.083138,20.873747,21.014347,21.732454,21.037773,21.872187,19.186346,19.043821,20.024225,20.710743,21.00315,21.499168,21.00475,21.809334,20.02492,20.632938,4.0,4.0,0.0,0.0,4.0,4.0,4.0,4.0
35465,2023.0,9.0,4.0,6.0,21.035387,21.762573,20.00333,20.589703,21.013115,21.672373,21.009832,21.723532,19.378256,19.685831,20.033676,20.659103,21.032875,21.543385,21.04321,21.852509,20.030994,20.622446,4.0,4.0,4.0,4.0,0.0,0.0,0.0,0.0
35466,2023.0,9.0,4.0,7.0,21.00118,21.635563,20.032078,20.58144,21.01269,21.631346,21.04095,21.759949,20.097672,20.832314,19.246069,19.079754,20.996162,21.41632,21.03427,21.779663,19.271235,19.114613,0.0,4.0,0.0,0.0,0.0,4.0,0.0,0.0
35467,2023.0,9.0,4.0,7.0,21.006508,21.623833,19.348646,19.208517,21.011557,21.60089,21.033949,21.709608,19.27149,19.132433,18.985693,18.886496,21.031523,21.486364,20.994846,21.62937,18.933847,18.74035,0.0,4.0,0.0,0.0,0.0,0.0,4.0,0.0
35468,2023.0,9.0,4.0,7.0,21.033192,21.683104,19.34905,19.422125,21.010702,21.57896,21.033812,21.682371,19.026201,18.950548,18.957039,18.877808,21.021667,21.412294,20.999516,21.614634,19.901762,20.686758,4.0,4.0,0.0,0.0,0.0,4.0,4.0,4.0
35469,2023.0,9.0,4.0,7.0,20.998953,21.577778,20.089998,20.690008,21.036047,21.634623,21.023745,21.659708,18.998133,18.932745,19.27013,19.51574,21.040663,21.44148,21.024172,21.643045,20.060974,20.628319,4.0,0.0,0.0,0.0,4.0,4.0,4.0,4.0
35470,2023.0,9.0,4.0,7.0,21.00404,21.582783,19.999508,20.452469,21.003145,21.531162,21.024645,21.65722,18.962362,18.903196,20.090746,20.85692,21.022678,21.416365,21.060257,21.689522,20.028877,20.592539,4.0,4.0,0.0,0.0,4.0,0.0,4.0,0.0
35471,2023.0,9.0,4.0,7.0,21.003164,21.579607,20.028265,20.488651,21.008665,21.534016,20.998133,21.580324,18.936523,18.883087,20.019451,20.619987,21.1049,21.527588,21.100615,21.739422,19.350124,19.236837,0.0,4.0,4.0,0.0,0.0,4.0,4.0,0.0
35472,2023.0,9.0,4.0,8.0,21.002926,21.579002,19.45865,19.365335,21.03353,21.599382,21.02959,21.666693,18.919987,18.871992,19.35655,19.265207,21.012053,21.35654,21.144392,21.793232,19.059587,18.914787,0.0,0.0,0.0,0.0,0.0,0.0,4.0,0.0
35473,2023.0,9.0,4.0,8.0,20.95002,21.478498,19.558172,19.73825,20.340658,20.259457,20.796555,21.173748,18.913477,18.873224,19.042484,18.888851,21.1694,21.620022,20.331383,20.238773,18.994823,18.869177,4.0,0.0,4.0,0.0,0.0,4.0,0.0,0.0
35474,2023.0,9.0,4.0,8.0,20.954403,21.500137,20.057358,20.593887,20.680115,21.048582,20.742584,21.12291,18.916931,18.88424,19.079151,19.019365,21.246855,21.722755,20.054178,19.892584,19.03652,18.992006,4.0,4.0,4.0,0.0,0.0,4.0,0.0,0.0
35475,2023.0,9.0,4.0,8.0,20.390469,20.4507,20.017143,20.485773,20.79873,21.20075,20.732613,21.1376,18.921116,18.891417,19.092632,19.048086,20.639542,20.541924,19.942368,19.800676,19.040533,19.00752,0.0,4.0,4.0,0.0,0.0,0.0,0.0,0.0
35476,2023.0,9.0,4.0,8.0,20.124514,20.14892,19.519588,19.501764,20.808142,21.232864,20.179676,20.129745,18.927895,18.90016,19.08428,19.044424,20.395409,20.250427,19.87384,19.751045,19.028608,18.999176,0.0,4.0,0.0,0.0,0.0,0.0,0.0,0.0
35477,2023.0,9.0,4.0,8.0,20.056278,20.09946,19.385193,19.359615,20.27605,20.246382,19.96438,19.863358,18.93859,18.911963,19.08651,19.048752,20.351824,20.219318,19.839462,19.734697,19.023384,18.995644,0.0,0.0,0.0,0.0,0.0,0.0,0.0,0.0
35478,2023.0,9.0,4.0,9.0,20.015331,20.083313,19.330338,19.314455,20.055195,19.957802,19.874964,19.793673,18.952417,18.927114,19.093712,19.058338,20.336327,20.221912,19.857344,19.809977,19.020933,18.994333,0.0,0.0,0.0,0.0,0.0,0.0,0.0,0.0
35479,2023.0,9.0,4.0,9.0,20.025738,20.15754,19.289923,19.28691,19.989378,19.925709,20.501078,21.049171,18.96703,18.940796,19.10445,19.069258,20.371815,20.314194,20.832644,21.67005,19.022232,18.996307,0.0,0.0,4.0,0.0,0.0,0.0,4.0,0.0
35480,2023.0,9.0,4.0,9.0,20.655867,21.371164,19.253769,19.258516,19.942055,19.905733,20.621923,21.160233,18.985292,18.959112,19.478655,19.758303,20.381868,20.335638,20.224596,20.297686,19.026924,19.001377,0.0,0.0,4.0,0.0,4.0,0.0,0.0,0.0
35481,2023.0,9.0,4.0,9.0,20.233139,20.450972,19.224375,19.237326,20.563803,21.129276,20.654572,21.200409,19.00643,18.980442,20.069834,20.723003,20.381918,20.337997,20.938988,21.733059,19.035769,19.010725,0.0,4.0,4.0,0.0,0.0,0.0,4.0,0.0
35482,2023.0,9.0,4.0,9.0,20.007713,20.174335,19.19616,19.21794,20.240185,20.349798,20.171232,20.273947,19.031181,19.005558,19.978285,20.394579,21.14084,21.779766,20.428692,20.515041,19.04825,19.023977,0.0,0.0,0.0,0.0,4.0,4.0,0.0,0.0
35483,2023.0,9.0,4.0,9.0,20.614765,21.348957,19.17877,19.20865,20.054129,20.097754,19.987383,20.038948,19.056992,19.03242,20.01898,20.435665,20.703775,20.791811,20.202112,20.183565,19.064045,19.040936,0.0,0.0,0.0,0.0,0.0,0.0,0.0,0.0
35484,2023.0,9.0,4.0,10.0,20.273222,20.525818,19.162352,19.20188,19.998127,20.06429,20.550383,21.17431,19.086979,19.063402,19.741161,19.838827,20.498995,20.494236,20.138498,20.129606,19.082003,19.060158,0.0,0.0,4.0,0.0,0.0,0.0,0.0,0.0
35485,2023.0,9.0,4.0,10.0,20.763931,21.530699,19.592266,20.025265,19.921543,19.957705,20.689018,21.325811,19.117184,19.095217,19.67069,19.726377,20.501183,20.500832,20.123005,20.12827,19.101084,19.080744,4.0,0.0,4.0,0.0,0.0,0.0,0.0,0.0
35486,2023.0,9.0,4.0,10.0,20.913635,21.706152,20.058033,20.783289,20.529861,21.14573,20.213375,20.40148,19.86684,20.484163,19.609995,19.595144,20.481255,20.447891,20.070166,20.038258,19.122305,19.103586,0.0,4.0,0.0,4.0,0.0,0.0,0.0,0.0
35487,2023.0,9.0,4.0,10.0,20.421442,20.727768,19.943027,20.438416,20.265944,20.477383,20.56748,21.205923,20.004179,20.514912,19.587322,19.559994,21.241598,21.889729,20.040638,20.006527,19.146515,19.129734,4.0,0.0,4.0,0.0,0.0,4.0,0.0,0.0
35488,2023.0,9.0,4.0,10.0,20.222836,20.50047,20.030956,20.614712,20.0734,20.246597,20.791283,21.483873,20.424864,21.209057,19.601885,19.576677,21.629662,22.3998,20.030685,19.99856,19.173794,19.160076,0.0,0.0,4.0,4.0,0.0,4.0,0.0,0.0
35489,2023.0,9.0,4.0,10.0,20.816366,21.656338,19.747978,20.032738,20.634975,21.337513,20.33338,20.58028,20.633326,21.426147,19.625736,19.602964,21.125183,21.331093,20.028677,19.999645,19.20182,19.190235,0.0,4.0,0.0,4.0,0.0,0.0,0.0,0.0
35490,2023.0,9.0,4.0,11.0,20.424898,20.799213,19.666862,19.932331,20.813725,21.550745,20.186127,20.40263,20.142668,20.411455,19.655916,19.63736,20.956566,21.044611,20.033102,20.007397,19.230194,19.22204,0.0,4.0,0.0,0.0,0.0,0.0,0.0,0.0
35491,2023.0,9.0,4.0,11.0,20.313614,20.658098,19.89916,20.369602,20.354338,20.630259,20.140753,20.369364,19.976095,20.12719,19.686375,19.668674,20.943455,21.031519,20.039082,20.01474,19.256569,19.24922,4.0,0.0,0.0,0.0,0.0,0.0,0.0,0.0
35492,2023.0,9.0,4.0,11.0,20.291956,20.648365,20.031506,20.59366,20.22523,20.465921,20.112839,20.355688,19.961882,20.111383,19.719034,19.705502,20.956043,21.054874,20.047935,20.025433,19.283667,19.278414,0.0,0.0,0.0,0.0,0.0,0.0,0.0,0.0
35493,2023.0,9.0,4.0,11.0,20.782396,21.575016,19.696201,19.892586,20.740252,21.469324,19.959797,20.083952,19.82615,19.833818,19.750202,19.735172,20.858553,20.85065,20.057266,20.03571,20.180218,20.94824,0.0,4.0,0.0,0.0,0.0,0.0,0.0,4.0
35494,2023.0,9.0,4.0,11.0,21.044334,21.967321,19.971634,20.475365,20.397417,20.723646,20.54267,21.230116,19.78237,19.769278,19.78508,19.772715,20.83092,20.805267,20.068676,20.04912,19.968369,20.416222,4.0,0.0,4.0,0.0,0.0,0.0,0.0,0.0
35495,2023.0,9.0,4.0,11.0,21.167225,22.098799,19.995035,20.46354,20.227808,20.517702,20.862257,21.65841,19.781,19.769642,19.822603,19.81306,20.832012,20.808023,20.081299,20.063835,20.663708,21.643417,0.0,0.0,4.0,0.0,0.0,0.0,0.0,4.0
35496,2023.0,9.0,4.0,12.0,21.253565,22.19281,19.89136,20.262058,20.7752,21.567965,20.96918,21.778343,19.788755,19.780022,19.861265,19.855423,20.839046,20.817741,20.095036,20.080141,20.967644,21.960041,0.0,4.0,4.0,0.0,0.0,0.0,0.0,4.0
35497,2023.0,9.0,4.0,12.0,21.312378,22.25485,19.863455,20.231901,21.038256,21.94562,21.024199,21.853943,19.800798,19.79316,19.894323,19.889914,21.017778,21.133337,21.14433,21.896267,21.094673,22.079453,0.0,0.0,0.0,0.0,0.0,0.0,0.0,4.0
35498,2023.0,9.0,4.0,12.0,21.366085,22.305264,20.040926,20.548473,21.011282,21.812557,21.097536,21.916353,19.815504,19.809532,19.929827,19.926805,21.00042,21.07588,21.000498,21.548487,20.422712,20.698801,4.0,0.0,4.0,0.0,0.0,0.0,0.0,0.0
35499,2023.0,9.0,4.0,12.0,21.422039,22.368128,20.147034,20.68408,21.13647,21.969913,21.030588,21.765554,19.833788,19.831043,19.968863,19.971195,21.005232,21.066568,21.033491,21.540678,20.160706,20.348782,4.0,4.0,0.0,0.0,0.0,0.0,0.0,0.0
35500,2023.0,9.0,4.0,12.0,21.479065,22.4358,20.385086,21.120895,20.992353,21.681763,21.177042,22.013552,19.85226,19.851381,20.002865,20.005983,21.000679,21.043934,21.00711,21.440739,20.144825,20.341103,4.0,0.0,4.0,0.0,0.0,0.0,0.0,0.0
35501,2023.0,9.0,4.0,12.0,20.962612,21.522367,20.492878,21.234066,21.197258,22.032936,21.247972,22.085659,19.872362,19.87383,20.421598,20.763584,21.000988,21.032547,21.011375,21.410646,20.150583,20.353685,4.0,4.0,4.0,0.0,4.0,0.0,0.0,0.0
35502,2023.0,9.0,4.0,13.0,21.36961,22.315367,20.2241,20.68712,21.298262,22.14142,20.98341,21.61238,19.892519,19.896002,20.65224,21.047678,21.000551,21.02158,21.0102,21.377506,21.02919,22.001034,0.0,4.0,0.0,0.0,4.0,0.0,0.0,4.0
35503,2023.0,9.0,4.0,13.0,20.981272,21.554008,20.095861,20.52332,21.354107,22.202065,21.229738,22.065578,19.913477,19.919882,20.397957,20.485317,21.00019,21.012241,21.009542,21.351,20.588636,20.891384,0.0,4.0,4.0,0.0,0.0,0.0,0.0,0.0
35504,2023.0,9.0,4.0,13.0,21.40874,22.3829,20.07945,20.511492,20.963947,21.507292,21.347294,22.202679,19.933882,19.942987,20.51273,20.772614,20.999916,21.0046,21.009304,21.329643,20.347658,20.570995,0.0,0.0,4.0,0.0,0.0,0.0,0.0,0.0
35505,2023.0,9.0,4.0,13.0,20.967274,21.519396,19.851505,20.062561,21.01586,21.622627,21.397764,22.258074,19.95453,19.966972,20.633808,20.929813,20.998442,20.996489,21.008875,21.311977,20.329779,20.554268,0.0,0.0,4.0,0.0,0.0,0.0,0.0,0.0
35506,2023.0,9.0,4.0,13.0,21.01706,21.632772,19.73479,19.919277,21.330734,22.200043,20.951185,21.472305,19.974977,19.991268,20.44176,20.498312,21.004059,21.003632,21.008726,21.297968,20.123318,20.141218,0.0,4.0,0.0,0.0,0.0,0.0,0.0,0.0
35507,2023.0,9.0,4.0,13.0,21.005074,21.619118,20.106709,20.647198,21.455673,22.328537,21.016796,21.618025,19.994516,20.01488,20.369595,20.395914,21.012737,21.015753,21.008331,21.285254,20.05076,20.062025,4.0,4.0,0.0,0.0,0.0,0.0,0.0,0.0
35508,2023.0,9.0,4.0,14.0,21.012115,21.624683,19.987598,20.351404,21.511116,22.385958,21.32603,22.188759,20.736874,21.404943,20.73741,21.084421,21.021605,21.027994,21.007736,21.273539,20.035542,20.051676,0.0,4.0,4.0,4.0,4.0,0.0,0.0,0.0
35509,2023.0,9.0,4.0,14.0,21.311522,22.16215,19.830246,20.047781,21.55843,22.434572,20.95652,21.396349,20.404728,20.52552,20.590683,20.686953,21.029457,21.038433,20.771145,20.806337,20.02743,20.046316,0.0,4.0,0.0,0.0,0.0,0.0,0.0,0.0
35510,2023.0,9.0,4.0,14.0,21.560005,22.569412,19.766188,19.961695,21.596767,22.474314,20.8101,21.20516,20.446497,20.682827,20.497671,20.534782,21.820581,22.534214,20.695473,20.705667,20.024534,20.04624,0.0,4.0,0.0,0.0,0.0,4.0,0.0,0.0
35511,2023.0,9.0,4.0,14.0,21.656641,22.673285,20.134201,20.668558,21.121597,21.556383,20.76039,21.157934,20.5222,20.808935,20.4881,20.524261,22.208685,23.131618,20.667639,20.679117,20.023079,20.047915,4.0,0.0,0.0,0.0,0.0,4.0,0.0,0.0
35512,2023.0,9.0,4.0,14.0,21.174198,21.715242,19.98296,20.353718,20.972183,21.369352,20.52139,20.716457,20.321777,20.385765,20.487846,20.527233,21.663261,21.98496,20.649078,20.663445,20.022818,20.05079,0.0,0.0,0.0,0.0,0.0,0.0,0.0,0.0
35513,2023.0,9.0,4.0,14.0,21.564758,22.578632,20.45261,21.239561,20.908777,21.3098,20.383963,20.553278,20.238144,20.274868,20.490614,20.53396,21.487299,21.73777,20.631208,20.648724,20.022709,20.053955,4.0,0.0,0.0,0.0,0.0,0.0,0.0,0.0
35514,2023.0,9.0,4.0,15.0,21.69723,22.719889,20.290878,20.82818,21.406189,22.268581,20.335863,20.504757,20.230299,20.26803,20.49518,20.54255,22.202217,23.09252,20.620466,20.641155,20.023573,20.058039,0.0,4.0,0.0,0.0,0.0,4.0,0.0,0.0
35515,2023.0,9.0,4.0,15.0,21.233574,21.792942,20.2287,20.720745,21.068977,21.537828,20.299417,20.469687,20.229025,20.26829,20.498865,20.54869,22.403225,23.331034,21.562433,22.433632,20.862352,21.644413,0.0,0.0,0.0,0.0,0.0,4.0,4.0,4.0
35516,2023.0,9.0,4.0,15.0,21.080658,21.581974,20.356245,20.917953,21.461178,22.329035,20.267818,20.437046,20.229387,20.270504,20.502161,20.554317,21.823675,22.151009,21.141739,21.456089,20.554455,20.90086,4.0,4.0,0.0,0.0,0.0,0.0,0.0,0.0
35517,2023.0,9.0,4.0,15.0,21.035912,21.53597,20.420076,20.991688,21.603258,22.496172,20.242083,20.411463,20.2304,20.27352,20.505224,20.55981,22.394655,23.285519,21.013107,21.2602,20.458582,20.746805,4.0,4.0,0.0,0.0,0.0,4.0,0.0,0.0
35518,2023.0,9.0,4.0,15.0,21.57678,22.570822,20.68021,21.46965,21.662477,22.550825,20.220533,20.390285,20.913445,21.561686,20.508144,20.565248,22.554594,23.473057,20.999607,21.24607,20.45798,20.74595,4.0,4.0,0.0,4.0,0.0,4.0,0.0,0.0
35519,2023.0,9.0,4.0,15.0,21.199137,21.74557,20.799368,21.612179,21.714499,22.59983,20.79103,21.473623,20.734856,21.100248,20.510933,20.570772,21.9613,22.285677,20.994905,21.242836,20.244684,20.31622,4.0,4.0,4.0,0.0,0.0,0.0,0.0,0.0
35520,2023.0,9.0,4.0,16.0,21.641813,22.63183,20.861938,21.67092,21.264605,21.720097,20.982824,21.705017,20.670305,20.986998,20.513582,20.576117,22.505293,23.381033,21.813547,22.76973,20.175426,20.219624,4.0,0.0,4.0,0.0,0.0,4.0,4.0,0.0
35521,2023.0,9.0,4.0,16.0,21.789366,22.79759,20.912746,21.71414,21.631702,22.484188,20.716923,21.16,20.674772,20.986597,20.514425,20.577932,22.65782,23.567097,21.344072,21.723425,20.15296,20.197962,4.0,4.0,0.0,0.0,0.0,4.0,0.0,0.0
35522,2023.0,9.0,4.0,16.0,21.850962,22.850029,20.956087,21.749624,21.752995,22.62649,21.192316,22.075752,20.451866,20.531431,20.513985,20.57823,22.70908,23.609531,21.143099,21.391953,20.137901,20.183493,4.0,4.0,4.0,0.0,0.0,4.0,0.0,0.0
35523,2023.0,9.0,4.0,16.0,21.902058,22.891768,20.669617,21.17814,21.797018,22.661743,21.344795,22.238953,20.380987,20.433376,20.512556,20.577793,22.115986,22.44093,21.09887,21.33868,21.026302,21.870298,0.0,4.0,4.0,0.0,0.0,0.0,0.0,4.0
35524,2023.0,9.0,4.0,16.0,21.946196,22.928381,20.903187,21.651987,21.337038,21.763147,21.419256,22.304169,21.046406,21.707026,20.510042,20.576542,22.627771,23.491411,21.075462,21.312918,20.661415,21.01402,4.0,0.0,4.0,4.0,0.0,4.0,0.0,0.0
35525,2023.0,9.0,4.0,16.0,21.45184,21.962618,21.005875,21.778193,21.705574,22.533825,20.97246,21.40861,20.82621,21.178429,20.50623,20.57436,22.156984,22.517752,20.878,20.933165,20.535305,20.816626,4.0,4.0,0.0,0.0,0.0,0.0,0.0,0.0
35526,2023.0,9.0,4.0,17.0,21.848007,22.789703,20.722168,21.210388,21.822653,22.671394,20.829805,21.21045,21.397821,22.27202,20.866325,21.25422,21.941492,22.178347,20.805752,20.843203,21.357931,22.372683,0.0,4.0,0.0,4.0,4.0,0.0,0.0,4.0
35527,2023.0,9.0,4.0,17.0,21.972605,22.934742,20.94818,21.668674,21.86069,22.698315,21.315678,22.145767,21.029272,21.442957,20.672485,20.820105,22.570992,23.418667,20.770988,20.808256,20.863598,21.263634,4.0,4.0,4.0,0.0,0.0,4.0,0.0,0.0
35528,2023.0,9.0,4.0,17.0,22.014454,22.964958,20.71672,21.176775,21.892466,22.719759,20.959602,21.373318,21.509241,22.384254,20.551558,20.625818,22.104454,22.442719,20.742476,20.780241,20.65059,20.919752,0.0,4.0,0.0,4.0,0.0,0.0,0.0,0.0
35529,2023.0,9.0,4.0,17.0,22.05067,22.990486,20.61233,21.02211,21.918264,22.735407,21.36172,22.180277,21.08736,21.471663,20.523937,20.593586,21.893066,22.110619,20.7181,20.756804,20.599424,20.855513,0.0,4.0,4.0,0.0,0.0,0.0,0.0,0.0
35530,2023.0,9.0,4.0,17.0,21.554514,22.026995,20.744411,21.259262,21.940626,22.747696,20.996693,21.397877,21.555561,22.405193,20.502602,20.572199,21.82283,22.028273,20.696209,20.736128,21.415155,22.4122,4.0,4.0,0.0,4.0,0.0,0.0,0.0,4.0
35531,2023.0,9.0,4.0,17.0,21.380894,21.794426,20.797836,21.326136,21.960472,22.757689,21.375633,22.164272,21.140718,21.516361,20.848743,21.23742,21.62897,21.687738,21.626947,22.51546,21.605394,22.590082,4.0,4.0,4.0,0.0,4.0,0.0,4.0,4.0
35532,2023.0,9.0,4.0,18.0,21.88257,22.782629,20.984718,21.672823,21.481152,21.838327,21.523083,22.340637,20.931572,21.18859,20.638592,20.782202,22.2524,22.931787,21.180387,21.484718,20.963644,21.299358,4.0,0.0,4.0,0.0,0.0,4.0,0.0,0.0
35533,2023.0,9.0,4.0,18.0,21.4655,21.902693,21.050032,21.736706,21.843338,22.609852,21.568663,22.36703,21.534819,22.363108,20.876549,21.269081,22.512297,23.337414,20.996798,21.208027,20.743109,20.969215,4.0,4.0,4.0,4.0,4.0,4.0,0.0,0.0
35534,2023.0,9.0,4.0,18.0,21.818,22.68645,20.746836,21.132019,21.475056,21.802317,21.104979,21.45042,21.155413,21.476734,21.183498,21.782608,22.582804,23.390217,21.004232,21.244059,21.49796,22.454138,0.0,0.0,0.0,0.0,4.0,4.0,0.0,4.0
35535,2023.0,9.0,4.0,18.0,21.994257,22.8645,20.585238,20.912008,21.74929,22.459568,21.404932,22.136911,20.883854,21.10746,20.96901,21.304258,22.015396,22.277473,21.885468,22.912888,21.722212,22.641129,0.0,4.0,4.0,0.0,0.0,0.0,4.0,4.0
35536,2023.0,9.0,4.0,18.0,22.0311,22.885124,20.533724,20.836975,21.36827,21.672228,20.995863,21.380116,20.801905,20.999594,21.169424,21.716158,21.787197,21.936422,21.260813,21.537191,21.057238,21.337214,0.0,0.0,0.0,0.0,4.0,0.0,0.0,0.0
35537,2023.0,9.0,4.0,18.0,22.059725,22.898275,20.350622,20.496782,21.672241,22.367964,21.368572,22.082731,21.328785,22.020172,20.95539,21.242601,21.679966,21.81174,20.99767,21.231707,20.728388,20.904688,0.0,4.0,4.0,4.0,0.0,0.0,0.0,0.0
35538,2023.0,9.0,4.0,19.0,22.092836,22.92717,20.651339,21.1226,21.831347,22.529493,21.533083,22.250418,20.982985,21.223194,20.783306,21.008429,22.336216,23.114132,21.005753,21.261747,20.622452,20.779715,4.0,4.0,4.0,0.0,0.0,4.0,0.0,0.0
35539,2023.0,9.0,4.0,19.0,22.106,22.916359,20.78088,21.255877,21.852617,22.52556,20.979923,21.270952,20.734964,20.890184,20.577738,20.649664,22.46916,23.196629,21.005524,21.269594,20.543676,20.680853,4.0,4.0,0.0,0.0,0.0,4.0,0.0,0.0
35540,2023.0,9.0,4.0,19.0,21.562735,21.87268,20.873888,21.409208,21.337652,21.533035,21.350481,22.003805,20.638,20.763973,20.836561,21.208273,22.473475,23.175667,21.008284,21.27369,20.38336,20.413054,4.0,0.0,4.0,0.0,4.0,4.0,0.0,0.0
35541,2023.0,9.0,4.0,19.0,21.898083,22.66221,20.908266,21.421446,21.673635,22.317862,20.975069,21.253765,21.180033,21.823074,20.61488,20.71727,22.478073,23.156204,21.008408,21.272991,20.293901,20.313993,4.0,4.0,0.0,4.0,0.0,4.0,0.0,0.0
35542,2023.0,9.0,4.0,19.0,22.025984,22.769726,20.56714,20.759579,21.265676,21.421267,21.016766,21.352024,20.800909,20.943268,20.424799,20.458786,21.849348,21.949986,21.008726,21.272497,20.236906,20.252743,0.0,0.0,0.0,0.0,0.0,0.0,0.0,0.0
35543,2023.0,9.0,4.0,19.0,22.033745,22.753178,20.376595,20.502964,20.998657,21.094238,21.00887,21.340462,20.554457,20.624702,20.347445,20.368765,22.279373,22.940306,21.00879,21.271717,21.092695,21.917093,0.0,0.0,0.0,0.0,0.0,4.0,0.0,4.0
35544,2023.0,9.0,4.0,20.0,22.032791,22.727808,20.28375,20.372583,21.007305,21.149878,21.305527,21.880243,21.100664,21.710974,20.634756,20.952122,21.761774,21.830244,21.70551,22.57171,20.621845,20.741537,0.0,0.0,4.0,4.0,4.0,0.0,4.0,0.0
35545,2023.0,9.0,4.0,20.0,22.034931,22.713696,20.605177,21.006071,21.456404,22.008871,21.409388,21.96801,20.707787,20.794975,20.442852,20.508823,22.165926,22.778381,20.98831,21.158823,20.315065,20.352024,4.0,4.0,4.0,0.0,0.0,4.0,0.0,0.0
35546,2023.0,9.0,4.0,20.0,22.03636,22.699198,20.745808,21.164381,21.082802,21.171904,20.976465,21.207485,21.049559,21.588846,20.288208,20.314894,22.290237,22.875534,21.649263,22.462646,21.074419,21.851898,4.0,0.0,0.0,4.0,0.0,4.0,4.0,4.0
35547,2023.0,9.0,4.0,20.0,22.03592,22.68282,20.404825,20.497501,21.412579,21.929682,21.272736,21.778093,20.665588,20.71507,20.225254,20.236433,21.66738,21.683794,20.982252,21.120867,20.57065,20.643347,0.0,4.0,4.0,0.0,0.0,0.0,0.0,0.0
35548,2023.0,9.0,4.0,20.0,22.032812,22.663635,20.20238,20.21846,21.555363,22.055292,20.969967,21.188368,20.424568,20.416183,20.172127,20.17307,22.075901,22.636723,21.023262,21.231445,21.055185,21.749575,0.0,4.0,0.0,0.0,0.0,4.0,0.0,4.0
35549,2023.0,9.0,4.0,20.0,21.484827,21.627666,20.519175,20.854523,21.571178,22.052448,21.017729,21.296345,20.979126,21.523417,20.126148,20.12081,22.207558,22.748001,21.662548,22.430445,20.543234,20.567436,4.0,4.0,0.0,4.0,0.0,4.0,4.0,0.0
35550,2023.0,9.0,4.0,21.0,21.207668,21.280367,20.288017,20.327156,21.584064,22.047894,21.01156,21.287302,21.171312,21.695894,20.40628,20.674686,22.215416,22.738876,20.971657,21.076529,21.046156,21.706928,0.0,4.0,0.0,4.0,4.0,4.0,0.0,4.0
35551,2023.0,9.0,4.0,21.0,21.729158,22.33918,20.486137,20.789537,21.000544,21.049498,21.009699,21.28831,21.209845,21.716282,20.228922,20.247618,21.581781,21.525236,21.026928,21.208462,20.532837,20.525555,4.0,0.0,0.0,4.0,0.0,0.0,0.0,0.0
35552,2023.0,9.0,4.0,21.0,21.317278,21.416151,20.2321,20.229464,21.021116,21.132772,21.010244,21.291119,21.23585,21.72419,20.41398,20.678734,22.023115,22.554766,21.009956,21.195505,20.24306,20.180235,0.0,0.0,0.0,4.0,4.0,4.0,0.0,0.0
35553,2023.0,9.0,4.0,21.0,21.680199,22.257463,20.032494,19.951643,21.008408,21.129284,21.01025,21.291813,21.252298,21.722979,20.472536,20.689634,21.493925,21.41105,21.619705,22.335947,20.141298,20.065947,0.0,0.0,0.0,4.0,4.0,0.0,4.0,0.0
35554,2023.0,9.0,4.0,21.0,21.248552,21.310074,20.020233,19.982185,21.010536,21.145988,21.010515,21.292328,20.662054,20.59448,20.13604,20.055101,21.92843,22.431452,20.951317,21.025093,20.06608,19.9803,0.0,0.0,0.0,0.0,0.0,4.0,0.0,0.0
35555,2023.0,9.0,4.0,21.0,20.99678,21.015123,20.426949,20.759329,21.006449,21.15366,21.293583,21.806934,20.374348,20.25143,19.961527,19.846146,22.04337,22.495472,21.024311,21.197824,20.85733,21.524517,4.0,0.0,4.0,0.0,0.0,4.0,0.0,4.0
35556,2023.0,9.0,4.0,22.0,21.007038,21.077318,20.231798,20.274254,21.007307,21.166008,20.976976,21.194178,20.253555,20.115234,19.878872,19.745872,21.400156,21.267889,21.01195,21.187384,20.341545,20.275063,0.0,0.0,0.0,0.0,0.0,0.0,0.0,0.0
35557,2023.0,9.0,4.0,22.0,21.000492,21.103785,20.045113,20.014996,21.007454,21.174349,21.022345,21.286217,20.172955,20.034563,19.893618,19.832867,21.84302,22.306553,21.57845,22.244331,20.047598,19.930128,0.0,0.0,0.0,0.0,0.0,4.0,4.0,0.0
35558,2023.0,9.0,4.0,22.0,21.002663,21.13305,19.988905,19.944857,21.405386,21.917757,21.014854,21.269585,20.865509,21.4154,20.188528,20.3955,21.328312,21.18186,20.949167,21.01433,19.960728,19.835665,0.0,4.0,0.0,4.0,4.0,0.0,0.0,0.0
35559,2023.0,9.0,4.0,22.0,21.002981,21.152617,19.956194,19.907644,20.981339,21.092638,21.010326,21.26897,20.504091,20.506016,20.34057,20.583805,21.060469,20.869404,21.024752,21.191504,19.9,19.770323,0.0,0.0,0.0,0.0,4.0,0.0,0.0,0.0
35560,2023.0,9.0,4.0,22.0,21.003561,21.167969,19.928713,19.876177,21.021946,21.183222,21.011097,21.27532,20.743122,21.10526,20.056452,20.015818,21.000582,20.841454,21.01282,21.182058,19.931145,19.881021,0.0,0.0,0.0,4.0,0.0,0.0,0.0,0.0
35561,2023.0,9.0,4.0,22.0,21.00357,21.179224,19.904884,19.849699,21.012163,21.167599,21.011127,21.278791,20.301292,20.151037,19.923002,19.863195,21.007587,20.897371,21.01427,21.193352,19.922556,19.871279,0.0,0.0,0.0,0.0,0.0,0.0,0.0,0.0
35562,2023.0,9.0,4.0,23.0,21.00457,21.190197,19.881123,19.822079,21.0076,21.171988,21.01116,21.281403,20.078426,19.908224,20.191912,20.41054,21.002821,20.927885,21.009823,21.199825,19.89436,19.840763,0.0,0.0,0.0,0.0,4.0,0.0,0.0,0.0
35563,2023.0,9.0,4.0,23.0,20.893835,20.985134,19.861343,19.800894,20.791698,20.766102,20.700203,20.684237,19.997814,19.825703,20.31355,20.548925,20.96447,20.886232,20.72884,20.669283,19.868073,19.813974,0.0,0.0,0.0,0.0,4.0,0.0,0.0,0.0
35564,2023.0,9.0,4.0,23.0,20.845274,20.926197,19.844898,19.782627,20.691895,20.629908,20.57415,20.51817,20.043278,19.969303,19.895863,19.727081,20.929867,20.850363,20.636145,20.571518,19.845495,19.790184,0.0,0.0,0.0,0.0,0.0,0.0,0.0,0.0
35565,2023.0,9.0,4.0,23.0,20.813187,20.89249,19.82868,19.764864,20.63697,20.570152,20.507988,20.447561,20.034437,19.968386,20.047258,20.11642,20.89648,20.816133,20.576586,20.511606,20.549425,21.13443,0.0,0.0,0.0,0.0,4.0,0.0,0.0,4.0
35566,2023.0,9.0,4.0,23.0,20.78599,20.86487,19.811718,19.745537,20.59182,20.521664,20.454071,20.390022,20.006111,19.93868,19.782835,19.580158,20.8634,20.78084,20.522509,20.454876,20.823414,21.483498,0.0,0.0,0.0,0.0,0.0,0.0,0.0,4.0
35567,2023.0,9.0,4.0,23.0,20.771843,20.861492,19.795938,19.728523,20.55424,20.48375,20.410553,20.346186,19.97801,19.909983,19.671902,19.47002,20.833149,20.750057,20.476255,20.40852,20.077974,19.96819,0.0,0.0,0.0,0.0,0.0,0.0,0.0,0.0
35568,2023.0,9.0,5.0,0.0,20.751461,20.84084,19.779337,19.710087,20.518343,20.446121,20.369797,20.303474,19.949215,19.879635,19.723392,19.630548,21.485542,22.01059,20.432346,20.363075,19.85413,19.682795,0.0,0.0,0.0,0.0,0.0,4.0,0.0,0.0
35569,2023.0,9.0,5.0,0.0,20.728403,20.815426,19.762249,19.690886,20.484764,20.410765,20.332008,20.263947,19.920853,19.849611,20.013988,20.187943,20.866838,20.697231,20.391449,20.320728,19.773645,19.598646,0.0,0.0,0.0,0.0,4.0,0.0,0.0,0.0
35570,2023.0,9.0,5.0,0.0,20.70363,20.786411,19.742903,19.667116,20.449696,20.370655,20.2928,20.219511,19.89082,19.815868,20.144846,20.374475,20.661688,20.419472,20.350428,20.275923,19.703775,19.521143,0.0,0.0,0.0,0.0,4.0,0.0,0.0,0.0
35571,2023.0,9.0,5.0,0.0,20.681774,20.763102,19.727278,19.650423,20.421158,20.342402,20.261328,20.188631,20.454868,20.899763,19.701408,19.495037,20.597734,20.354689,20.314863,20.240213,19.757828,19.68217,0.0,0.0,0.0,4.0,0.0,0.0,0.0,0.0
35572,2023.0,9.0,5.0,0.0,20.658913,20.737621,19.710117,19.630516,20.391273,20.310495,20.228828,20.15412,20.053638,20.016973,19.858719,19.90108,20.679455,20.57383,20.279331,20.203016,19.749197,19.679966,0.0,0.0,0.0,0.0,4.0,0.0,0.0,0.0
35573,2023.0,9.0,5.0,0.0,20.63651,20.712612,19.692774,19.610447,20.362288,20.27946,20.197636,20.120888,20.507805,20.948477,19.589954,19.353844,20.679726,20.58402,20.24516,20.167181,19.722216,19.651714,0.0,0.0,0.0,4.0,0.0,0.0,0.0,0.0
35574,2023.0,9.0,5.0,1.0,20.614433,20.688147,19.675333,19.590492,20.334135,20.249548,20.1676,20.089128,19.945272,19.7619,19.616724,19.524927,20.654856,20.558598,20.212128,20.13276,19.694006,19.622013,0.0,0.0,0.0,0.0,0.0,0.0,0.0,0.0
35575,2023.0,9.0,5.0,1.0,20.591228,20.661222,19.655733,19.566647,20.304235,20.215433,20.135838,20.053091,19.74317,19.509638,19.608522,19.514685,20.626755,20.527372,20.178307,20.095873,19.6642,19.58916,0.0,0.0,0.0,0.0,0.0,0.0,0.0,0.0
35576,2023.0,9.0,5.0,1.0,20.569294,20.636993,19.637695,19.546238,20.277256,20.1866,20.107319,20.022814,19.668594,19.432476,19.572563,19.476828,20.599817,20.49875,20.14682,20.062916,19.63618,19.559568,0.0,0.0,0.0,0.0,0.0,0.0,0.0,0.0
35577,2023.0,9.0,5.0,1.0,20.546833,20.612041,19.619411,19.525576,20.250708,20.158155,20.079416,19.99311,19.753204,19.664185,19.53952,19.441923,20.573124,20.470379,20.115978,20.030603,19.608505,19.53033,0.0,0.0,0.0,0.0,0.0,0.0,0.0,0.0
35578,2023.0,9.0,5.0,1.0,20.524162,20.58685,19.600958,19.504723,20.224606,20.13011,20.052134,19.96397,19.740705,19.650757,19.507006,19.407593,20.54675,20.442331,20.085766,19.998922,19.581244,19.501514,0.0,0.0,0.0,0.0,0.0,0.0,0.0,0.0
35579,2023.0,9.0,5.0,1.0,20.502728,20.56437,19.584225,19.487648,20.200977,20.106907,20.02756,19.939981,19.714079,19.624336,19.477531,19.37875,20.522165,20.417694,20.057438,19.970736,20.284496,20.848072,0.0,0.0,0.0,0.0,0.0,0.0,0.0,4.0
35580,2023.0,9.0,5.0,2.0,20.479532,20.538465,19.56515,19.466026,20.175066,20.078812,20.000883,19.911112,19.684423,19.592924,19.445957,19.345125,20.496084,20.389774,20.027725,19.939375,19.799257,19.773088,0.0,0.0,0.0,0.0,0.0,0.0,0.0,0.0
35581,2023.0,9.0,5.0,2.0,20.457418,20.514729,19.547022,19.4465,20.150454,20.053112,19.975817,19.884876,20.238823,20.659363,19.415884,19.314024,20.471104,20.363842,19.999132,19.909977,19.50444,19.290339,0.0,0.0,0.0,4.0,0.0,0.0,0.0,0.0
35582,2023.0,9.0,5.0,2.0,20.4355,20.491056,19.529,19.427095,20.126116,20.027607,19.951109,19.85895,19.843441,19.789162,19.38642,19.283394,20.446459,20.338127,19.970867,19.880758,19.402552,19.175642,0.0,0.0,0.0,0.0,0.0,0.0,0.0,0.0
35583,2023.0,9.0,5.0,2.0,20.413395,20.466717,19.5104,19.406538,20.101322,20.000988,19.925865,19.8319,19.547531,19.293612,19.356909,19.252064,20.421726,20.31187,19.942518,19.851002,19.47739,19.387817,0.0,0.0,0.0,0.0,0.0,0.0,0.0,0.0
35584,2023.0,9.0,5.0,2.0,20.392418,20.4447,19.492916,19.388296,20.07809,19.977352,19.902145,19.807863,19.452724,19.195435,19.6386,19.803902,20.398407,20.288103,19.915594,19.823765,19.468681,19.382666,0.0,0.0,0.0,0.0,4.0,0.0,0.0,0.0
35585,2023.0,9.0,5.0,2.0,20.37015,20.420454,19.474459,19.368107,20.053886,19.951637,19.877523,19.781776,19.542683,19.439411,19.401928,19.295868,20.374638,20.26312,19.88819,19.795277,19.442787,19.35609,0.0,0.0,0.0,0.0,0.0,0.0,0.0,0.0
35586,2023.0,9.0,5.0,3.0,20.347778,20.396305,19.455662,19.347158,20.029457,19.925367,19.852837,19.75525,19.539433,19.44119,19.330545,19.221823,20.351112,20.238346,19.86104,19.767054,19.415556,19.327702,0.0,0.0,0.0,0.0,0.0,0.0,0.0,0.0
35587,2023.0,9.0,5.0,3.0,20.325146,20.371603,19.436918,19.326399,20.005379,19.899635,19.828575,19.729362,19.51406,19.414606,19.295547,19.185501,20.327803,20.213709,19.834131,19.739017,19.3883,19.29928,0.0,0.0,0.0,0.0,0.0,0.0,0.0,0.0
35588,2023.0,9.0,5.0,3.0,20.303596,20.349405,19.419764,19.30932,19.983252,19.878065,19.80631,19.707699,19.488682,19.389706,19.556282,19.700363,20.305935,20.191944,19.808596,19.713795,20.090912,20.64498,0.0,0.0,0.0,0.0,4.0,0.0,0.0,4.0
35589,2023.0,9.0,5.0,3.0,20.280212,20.323727,19.400343,19.287739,19.958773,19.851744,19.781904,19.68139,19.461063,19.360725,19.680483,19.87297,20.282665,20.167202,19.781607,19.685532,19.605736,19.570667,0.0,0.0,0.0,0.0,4.0,0.0,0.0,0.0
35590,2023.0,9.0,5.0,3.0,20.255886,20.296268,19.380112,19.264284,19.933243,19.823322,19.75684,19.653261,19.43265,19.33006,19.721014,19.917446,20.25879,20.141146,19.753954,19.655872,19.289423,19.045218,0.0,0.0,0.0,0.0,4.0,0.0,0.0,0.0
35591,2023.0,9.0,5.0,3.0,20.233305,20.272425,19.361855,19.244566,19.909746,19.799015,19.73395,19.629354,19.406204,19.303183,19.221128,18.935678,20.236504,20.118181,19.727913,19.629385,19.194847,18.948402,0.0,0.0,0.0,0.0,0.0,0.0,0.0,0.0
35592,2023.0,9.0,5.0,4.0,20.208548,20.244377,19.340853,19.21954,19.883392,19.769072,19.708118,19.599869,19.377806,19.272217,19.04158,18.730999,20.212551,20.091806,19.70016,19.599438,19.280949,19.18527,0.0,0.0,0.0,0.0,0.0,0.0,0.0,0.0
35593,2023.0,9.0,5.0,4.0,20.187622,20.224092,19.324465,19.204542,19.862257,19.7497,19.687147,19.580662,19.353626,19.249542,19.135435,18.993147,20.192173,20.072538,19.675837,19.576357,19.998531,20.545979,0.0,0.0,0.0,0.0,0.0,0.0,0.0,4.0
35594,2023.0,9.0,5.0,4.0,20.165329,20.200993,19.306087,19.185942,19.83939,19.726606,19.66442,19.55774,19.328407,19.224241,19.150969,19.033033,20.170921,20.051123,19.650545,19.550983,19.36042,19.16536,0.0,0.0,0.0,0.0,0.0,0.0,0.0,0.0
35595,2023.0,9.0,5.0,4.0,20.141699,20.175165,19.285776,19.163572,19.814651,19.699654,19.640001,19.531082,19.302025,19.196264,19.123608,19.005524,20.148676,20.027483,19.624157,19.523228,19.144627,18.89091,0.0,0.0,0.0,0.0,0.0,0.0,0.0,0.0
35596,2023.0,9.0,5.0,4.0,20.135992,20.18503,19.269176,19.148525,19.793983,19.680683,19.619555,19.51231,19.279072,19.174755,19.097376,18.98134,20.129156,20.00904,19.600597,19.500887,19.94518,20.477566,0.0,0.0,0.0,0.0,0.0,0.0,0.0,4.0
35597,2023.0,9.0,5.0,4.0,20.11937,20.169556,19.250656,19.129774,19.771296,19.65779,19.597113,19.489658,19.25481,19.150452,19.069162,18.953144,20.10856,19.988317,19.575817,19.476063,19.329737,19.133541,0.0,0.0,0.0,0.0,0.0,0.0,0.0,0.0
35598,2023.0,9.0,5.0,5.0,20.099155,20.148445,19.23199,19.110697,19.748507,19.634596,19.57474,19.466805,19.812983,20.220154,19.336662,19.476988,20.088026,19.967527,19.551043,19.4511,19.819876,20.187296,0.0,0.0,0.0,4.0,4.0,0.0,0.0,4.0
35599,2023.0,9.0,5.0,5.0,20.079884,20.129465,19.214853,19.094484,19.727102,19.614138,20.227348,20.713383,20.049673,20.531462,19.14089,19.050116,20.068783,19.949167,19.527431,19.428349,19.28768,19.067749,0.0,0.0,4.0,4.0,0.0,0.0,0.0,0.0
35600,2023.0,9.0,5.0,5.0,20.708033,21.323732,19.19873,19.079617,19.706459,19.594849,19.840572,19.844788,19.941416,20.221607,19.337002,19.472986,20.050274,19.931831,20.437468,21.163635,19.110756,18.864605,0.0,0.0,0.0,4.0,4.0,0.0,4.0,0.0
35601,2023.0,9.0,5.0,5.0,20.904678,21.55143,19.182825,19.064812,19.68601,19.575531,19.452784,19.161999,19.372025,19.140867,19.150963,19.07197,20.032074,19.914692,19.683353,19.516514,19.72674,20.083664,0.0,0.0,0.0,0.0,0.0,0.0,0.0,4.0
35602,2023.0,9.0,5.0,5.0,20.18972,20.114458,19.16693,19.049822,19.665676,19.556004,19.327019,19.008308,19.17683,18.911232,19.04502,18.933565,20.014278,19.89778,19.427996,19.178492,19.232502,19.027582,0.0,0.0,0.0,0.0,0.0,0.0,0.0,0.0
35603,2023.0,9.0,5.0,5.0,19.9367,19.760004,19.15109,19.03512,19.645525,19.536901,20.056116,20.454659,19.650368,19.865421,19.010242,18.899897,19.99708,19.881618,19.355564,19.108898,19.055536,18.816484,0.0,0.0,4.0,4.0,0.0,0.0,0.0,0.0
35604,2023.0,9.0,5.0,6.0,19.850384,19.672098,19.56285,19.820307,19.625383,19.517977,19.573235,19.38715,19.829998,20.100521,19.267124,19.407812,20.673397,21.176474,20.203419,20.75523,19.680315,20.04939,4.0,0.0,0.0,4.0,4.0,4.0,4.0,4.0
35605,2023.0,9.0,5.0,6.0,21.125341,21.95767,20.060253,20.63849,21.14851,22.215416,21.264536,22.379772,20.04732,20.465475,20.107643,20.845213,21.01666,21.659653,21.307467,22.578444,20.250628,21.009943,0.0,4.0,0.0,0.0,0.0,4.0,4.0,0.0
35606,2023.0,9.0,5.0,6.0,20.986444,21.584084,19.547878,19.54809,20.982588,21.73557,21.008953,21.801163,19.998417,20.275307,19.76221,20.023468,20.999523,21.517586,20.989855,21.786945,20.075415,20.517284,0.0,4.0,0.0,4.0,4.0,4.0,4.0,4.0
35607,2023.0,9.0,5.0,6.0,21.004965,21.563625,19.273779,19.173138,21.041124,21.76122,20.99975,21.687143,20.001076,20.272953,20.06111,20.601425,20.99972,21.447998,21.000843,21.71559,20.01836,20.408953,0.0,0.0,4.0,4.0,4.0,4.0,4.0,0.0
35608,2023.0,9.0,5.0,6.0,21.002909,21.522911,19.650177,19.925138,21.004475,21.590212,21.040226,21.721153,20.02646,20.297981,20.024311,20.470407,20.999619,21.398573,20.999245,21.648882,19.395428,19.175566,4.0,4.0,0.0,4.0,0.0,4.0,4.0,0.0
35609,2023.0,9.0,5.0,6.0,21.030876,21.574804,20.030577,20.491634,21.010519,21.55324,21.032164,21.656033,20.022198,20.29953,19.632395,19.642246,20.99876,21.361599,21.040146,21.713346,19.133064,18.90134,4.0,4.0,0.0,0.0,4.0,4.0,0.0,0.0
35610,2023.0,9.0,5.0,7.0,20.996204,21.461721,20.024233,20.42465,21.009323,21.518217,21.006174,21.548485,19.46486,19.210009,20.101776,20.54039,21.008965,21.35207,21.020452,21.583738,19.183401,19.094843,0.0,4.0,4.0,0.0,4.0,4.0,4.0,0.0
35611,2023.0,9.0,5.0,7.0,21.002075,21.463404,19.771967,19.86585,21.008123,21.493963,21.010769,21.539585,19.239994,18.998499,20.0165,20.369402,21.047226,21.403145,21.037397,21.636463,19.180151,19.09765,4.0,4.0,4.0,0.0,0.0,4.0,0.0,0.0
35612,2023.0,9.0,5.0,7.0,21.001032,21.457436,20.04558,20.405853,21.03407,21.550604,21.036165,21.599863,19.316223,19.235682,19.441,19.23211,21.090485,21.456955,21.100843,21.68569,20.017975,20.711449,4.0,0.0,0.0,0.0,0.0,4.0,4.0,4.0
35613,2023.0,9.0,5.0,7.0,21.000418,21.456137,19.99871,20.286533,21.026642,21.518642,21.00135,21.49746,19.321182,19.240149,19.320353,19.244268,21.139036,21.5201,21.018456,21.547186,19.984037,20.405764,4.0,0.0,4.0,0.0,0.0,4.0,0.0,0.0
35614,2023.0,9.0,5.0,7.0,21.003841,21.464071,20.025255,20.339083,21.027443,21.506203,21.035868,21.581947,19.960913,20.473555,19.295914,19.213062,21.008114,21.283335,21.029324,21.552828,20.221151,20.773531,0.0,0.0,0.0,4.0,0.0,0.0,0.0,4.0
35615,2023.0,9.0,5.0,7.0,21.027422,21.532095,19.529814,19.372236,20.999706,21.421219,21.001598,21.485535,20.00574,20.35949,19.258755,19.183233,21.020256,21.295301,21.025948,21.52947,19.988073,20.301647,0.0,4.0,4.0,0.0,0.0,0.0,0.0,0.0
35616,2023.0,9.0,5.0,8.0,21.020683,21.513733,19.26993,19.049349,21.03182,21.506214,21.03408,21.570608,19.503372,19.34325,19.234324,19.165758,21.017675,21.276937,21.025417,21.513586,19.500305,19.347733,0.0,0.0,0.0,0.0,0.0,0.0,0.0,0.0
35617,2023.0,9.0,5.0,8.0,20.50394,20.517313,19.296259,19.193472,20.404335,20.297802,20.350494,20.253721,19.318256,19.162487,19.220568,19.160732,20.5683,20.400345,20.490845,20.481062,19.315002,19.172068,0.0,0.0,0.0,0.0,0.0,0.0,0.0,0.0
35618,2023.0,9.0,5.0,8.0,20.30341,20.261389,19.760733,20.092348,20.76693,21.117952,20.062378,19.868492,19.37285,19.313196,19.21885,19.166998,20.541256,20.457869,20.295488,20.233345,19.274828,19.144966,4.0,4.0,0.0,0.0,0.0,0.0,0.0,0.0
35619,2023.0,9.0,5.0,8.0,20.34988,20.448914,20.039736,20.53648,20.850424,21.233496,20.06683,20.003448,19.387857,19.343782,19.222849,19.17989,20.53041,20.46533,20.206732,20.145828,19.323454,19.278383,0.0,4.0,0.0,0.0,0.0,0.0,0.0,0.0
35620,2023.0,9.0,5.0,8.0,21.01037,21.733776,20.015598,20.399927,20.335266,20.277296,20.01242,19.96997,19.384298,19.344044,19.225632,19.183115,20.50246,20.443836,20.134367,20.081268,19.326187,19.288055,4.0,0.0,0.0,0.0,0.0,0.0,0.0,0.0
35621,2023.0,9.0,5.0,8.0,21.036207,21.63717,20.00213,20.352589,20.725054,21.12381,20.604874,21.14202,19.38498,19.347048,19.235388,19.19496,20.486246,20.430986,20.08731,20.037088,20.192163,20.933844,4.0,4.0,4.0,0.0,0.0,0.0,0.0,4.0
35622,2023.0,9.0,5.0,9.0,20.466759,20.568176,20.018978,20.386896,20.349062,20.325294,20.247091,20.31051,19.387793,19.351952,19.24985,19.211676,20.47167,20.419813,20.041546,19.994627,19.963076,20.292656,0.0,0.0,0.0,0.0,0.0,0.0,0.0,0.0
35623,2023.0,9.0,5.0,9.0,20.907242,21.56381,19.653696,19.671942,20.089838,20.01514,19.925722,19.874197,19.394499,19.361017,19.268414,19.232454,20.463171,20.414898,20.005365,19.962036,19.61948,19.604925,0.0,0.0,0.0,0.0,0.0,0.0,0.0,0.0
35624,2023.0,9.0,5.0,9.0,21.022379,21.673105,19.506886,19.477356,20.025822,19.965652,19.852425,19.807083,19.406265,19.375645,19.292091,19.260231,20.463259,20.418203,19.983114,19.941572,19.511522,19.463331,0.0,0.0,0.0,0.0,0.0,0.0,0.0,0.0
35625,2023.0,9.0,5.0,9.0,21.082438,21.748508,19.47907,19.480646,20.013174,19.998865,19.836329,19.830725,19.41891,19.389006,19.313961,19.281776,20.466074,20.42358,20.950129,21.787731,20.358675,21.093184,0.0,0.0,0.0,0.0,0.0,0.0,4.0,4.0
35626,2023.0,9.0,5.0,9.0,20.559238,20.736559,19.449139,19.463068,19.98477,19.98522,19.807295,19.815012,19.436005,19.408222,19.341156,19.311546,20.472887,20.433006,21.208406,22.041157,19.941185,20.220448,0.0,0.0,0.0,0.0,0.0,0.0,4.0,0.0
35627,2023.0,9.0,5.0,9.0,20.354233,20.515757,19.418266,19.44231,19.948927,19.958477,19.772419,19.78929,19.45497,19.42877,19.37113,19.342962,20.481195,20.443356,20.490463,20.578623,19.699255,19.72608,0.0,0.0,0.0,0.0,0.0,0.0,0.0,0.0
35628,2023.0,9.0,5.0,10.0,20.310095,20.487003,19.398188,19.431139,19.922138,19.939402,20.41721,21.033619,19.475178,19.451307,19.402134,19.376757,20.492476,20.456675,20.271389,20.25787,19.638083,19.649641,0.0,0.0,4.0,0.0,0.0,0.0,0.0,0.0
35629,2023.0,9.0,5.0,10.0,20.91602,21.660963,19.382584,19.426317,19.898876,19.925533,20.047697,20.207756,19.497189,19.476131,19.435486,19.413322,20.506031,20.472916,20.227373,20.225,19.643604,19.671839,0.0,0.0,0.0,0.0,0.0,0.0,0.0,0.0
35630,2023.0,9.0,5.0,10.0,20.5047,20.771461,19.371393,19.426207,19.879282,19.915554,19.913313,20.031712,19.521563,19.503828,19.471657,19.453444,20.522251,20.49221,20.215778,20.23086,19.600246,19.58517,0.0,0.0,0.0,0.0,0.0,0.0,0.0,0.0
35631,2023.0,9.0,5.0,10.0,20.388472,20.632837,19.808258,20.26469,19.862745,19.909105,19.898226,20.040802,19.548042,19.533674,19.5096,19.495266,20.54063,20.51375,20.220995,20.256638,19.588959,19.572292,4.0,0.0,0.0,0.0,0.0,0.0,0.0,0.0
35632,2023.0,9.0,5.0,10.0,20.97736,21.774054,20.027401,20.587196,19.849081,19.905813,19.806805,19.884747,19.576324,19.565533,19.550259,19.540667,20.56141,20.538372,20.159857,20.140303,19.592299,19.578768,0.0,0.0,0.0,0.0,0.0,0.0,0.0,0.0
35633,2023.0,9.0,5.0,10.0,20.650427,20.98562,19.668861,19.82948,19.836224,19.903585,20.418377,21.081926,19.60912,19.601845,19.595833,19.58959,20.585579,20.566675,20.134691,20.114325,19.600006,19.590271,0.0,0.0,4.0,0.0,0.0,0.0,0.0,0.0
35634,2023.0,9.0,5.0,11.0,21.123322,21.952404,19.536034,19.64134,19.827892,19.905834,20.65836,21.398195,19.64185,19.63891,19.641098,19.640125,20.610125,20.595774,20.133574,20.116812,19.612747,19.607016,0.0,0.0,4.0,0.0,0.0,0.0,0.0,0.0
35635,2023.0,9.0,5.0,11.0,20.70528,21.070274,19.50268,19.61091,19.818808,19.905054,20.212759,20.491613,19.673624,19.673216,19.685434,19.688038,20.633842,20.622084,20.135382,20.120947,19.627052,19.623676,0.0,0.0,0.0,0.0,0.0,0.0,0.0,0.0
35636,2023.0,9.0,5.0,11.0,21.186913,22.053204,19.88262,20.34421,19.810926,19.905142,20.09934,20.348764,19.705132,19.706947,19.728798,19.734365,20.657623,20.648195,20.140419,20.12897,19.643524,19.642422,4.0,0.0,0.0,0.0,0.0,0.0,0.0,0.0
35637,2023.0,9.0,5.0,11.0,20.784782,21.200724,20.018787,20.534279,19.804588,19.906822,20.08024,20.345959,19.736334,19.739902,19.771486,19.7793,20.681364,20.673943,21.19971,22.124796,19.660969,19.661947,0.0,0.0,0.0,0.0,0.0,0.0,4.0,0.0
35638,2023.0,9.0,5.0,11.0,20.590115,20.96347,19.88726,20.243883,19.799746,19.909975,19.924564,20.057362,19.771402,19.778036,19.82019,19.831806,20.708113,20.703873,20.84011,21.125668,19.681108,19.685072,0.0,0.0,0.0,0.0,0.0,0.0,0.0,0.0
35639,2023.0,9.0,5.0,11.0,21.163849,22.06629,20.222427,20.882097,19.797552,19.915707,19.860561,19.982607,19.803276,19.813236,19.864769,19.880571,20.733118,20.732416,20.645496,20.810472,19.700882,19.707966,4.0,0.0,0.0,0.0,0.0,0.0,0.0,0.0
35640,2023.0,9.0,5.0,12.0,21.341087,22.276062,20.006844,20.461084,19.79602,19.921604,19.83228,19.959324,19.835272,19.848326,19.909082,19.92903,21.54857,22.258348,20.62127,20.789436,19.721128,19.731396,0.0,0.0,0.0,0.0,0.0,4.0,0.0,0.0
35641,2023.0,9.0,5.0,12.0,21.433365,22.370132,20.288265,20.972649,21.140133,22.27024,21.14541,22.258377,19.868597,19.882826,19.954576,19.976294,21.167042,21.293013,21.050076,21.557175,19.74215,19.754509,4.0,4.0,4.0,0.0,0.0,0.0,0.0,0.0
35642,2023.0,9.0,5.0,12.0,20.980879,21.551228,20.135696,20.575155,20.987307,21.837313,20.987495,21.835745,19.902517,19.919006,19.99971,20.023178,21.83944,22.672422,21.645647,22.598106,19.764263,19.778173,0.0,4.0,4.0,0.0,0.0,4.0,4.0,0.0
35643,2023.0,9.0,5.0,12.0,21.01391,21.627901,20.381207,21.089325,21.067848,21.918903,21.021914,21.867144,19.935516,19.954262,20.04367,20.069164,21.501377,21.788948,21.11937,21.398617,20.70658,21.546228,4.0,4.0,0.0,0.0,0.0,0.0,0.0,4.0
35644,2023.0,9.0,5.0,12.0,21.006006,21.614698,20.206305,20.64861,21.004662,21.769613,21.012754,21.804405,19.967737,19.989145,20.088797,20.118095,21.31652,21.52036,21.011662,21.331442,21.265781,22.296608,0.0,0.0,0.0,0.0,0.0,0.0,0.0,4.0
35645,2023.0,9.0,5.0,12.0,21.418995,22.377909,20.121542,20.555626,21.013227,21.75034,21.1608,22.022179,19.99701,20.01937,20.129704,20.160341,21.32525,21.5331,21.002653,21.307045,20.658077,20.981571,0.0,0.0,4.0,0.0,0.0,0.0,0.0,0.0
35646,2023.0,9.0,5.0,13.0,21.611818,22.600563,19.872705,20.067553,21.010263,21.716408,20.983912,21.675655,20.028725,20.055187,20.173445,20.209787,21.351994,21.569706,21.00284,21.298853,20.428465,20.67295,0.0,0.0,0.0,0.0,0.0,0.0,0.0,0.0
35647,2023.0,9.0,5.0,13.0,21.123367,21.624718,19.77737,19.96463,21.010653,21.694992,21.016882,21.728811,20.056488,20.083364,20.209589,20.24606,21.18813,21.222082,21.00759,21.287344,20.42311,20.669956,0.0,0.0,0.0,0.0,0.0,0.0,0.0,0.0
35648,2023.0,9.0,5.0,13.0,21.00346,21.539349,19.740917,19.926521,21.036451,21.711578,21.023418,21.725527,20.08519,20.11533,20.248035,20.28948,21.13241,21.144983,21.017313,21.287416,20.438833,20.691177,0.0,0.0,0.0,0.0,0.0,0.0,0.0,0.0
35649,2023.0,9.0,5.0,13.0,21.004662,21.562082,19.722809,19.91284,21.011423,21.639624,21.014824,21.684687,20.110552,20.142132,20.280346,20.322565,21.131695,21.146221,21.004986,21.249727,20.230062,20.258469,0.0,0.0,0.0,0.0,0.0,0.0,0.0,0.0
35650,2023.0,9.0,5.0,13.0,21.010418,21.569855,20.087492,20.605991,21.015942,21.630812,21.111143,21.82047,20.13438,20.166843,20.310781,20.353535,21.13533,21.151777,21.006594,21.240955,21.082209,21.912083,4.0,0.0,4.0,0.0,0.0,0.0,0.0,4.0
35651,2023.0,9.0,5.0,13.0,21.354742,22.198477,20.287325,20.855415,21.166672,21.875616,20.994946,21.618277,20.158371,20.192793,20.343319,20.38926,21.141367,21.16039,21.005728,21.22887,20.800632,21.123425,4.0,4.0,0.0,0.0,0.0,0.0,0.0,0.0
35652,2023.0,9.0,5.0,14.0,21.089317,21.60439,20.233046,20.732988,20.98761,21.536314,21.011162,21.65238,20.182693,20.220047,20.375662,20.425428,21.149282,21.171202,21.005161,21.218567,20.634262,20.907366,0.0,0.0,0.0,0.0,0.0,0.0,0.0,0.0
35653,2023.0,9.0,5.0,14.0,20.970823,21.473728,20.224657,20.7231,20.83017,21.249525,20.780678,21.205406,20.205437,20.245083,20.405546,20.458284,21.156868,21.181086,20.815487,20.842138,20.630836,20.905506,0.0,0.0,0.0,0.0,0.0,0.0,0.0,0.0
35654,2023.0,9.0,5.0,14.0,20.950975,21.458565,20.239435,20.741817,21.335247,22.232237,20.50265,20.705221,20.223833,20.26489,20.429249,20.483488,21.163624,21.189957,20.77429,20.796465,20.41774,20.472065,0.0,4.0,0.0,0.0,0.0,0.0,0.0,0.0
35655,2023.0,9.0,5.0,14.0,20.738228,21.047438,19.997345,20.243414,20.964617,21.435139,20.388815,20.566963,20.242254,20.285608,20.453125,20.510225,21.17058,21.199623,20.75583,20.779545,20.356434,20.38887,0.0,0.0,0.0,0.0,0.0,0.0,0.0,0.0
35656,2023.0,9.0,5.0,14.0,20.661167,20.95346,19.910805,20.123903,20.847736,21.279888,20.975204,21.720463,20.259714,20.305481,20.475538,20.535736,21.17747,21.209347,20.74451,20.770754,20.339642,20.373964,0.0,0.0,4.0,0.0,0.0,0.0,0.0,0.0
35657,2023.0,9.0,5.0,14.0,20.62593,20.918678,20.267227,20.80944,21.35667,22.257637,20.561586,20.822533,20.276392,20.325052,20.496906,20.560946,21.183998,21.219175,20.73683,20.766056,20.330112,20.367262,4.0,4.0,0.0,0.0,0.0,0.0,0.0,0.0
35658,2023.0,9.0,5.0,15.0,20.599905,20.89366,20.407164,20.992893,21.001564,21.485586,20.644527,21.095434,20.292295,20.34427,20.517464,20.585886,21.190174,21.229029,20.73167,20.764229,20.325573,20.36683,4.0,0.0,0.0,0.0,0.0,0.0,0.0,0.0
35659,2023.0,9.0,5.0,15.0,20.579151,20.872969,20.700829,21.52287,21.414423,22.311708,20.660519,21.110626,20.30528,20.358568,20.534481,20.604687,21.97144,22.707909,20.727064,20.761461,20.32183,20.365396,4.0,4.0,0.0,0.0,0.0,4.0,0.0,0.0
35660,2023.0,9.0,5.0,15.0,20.561659,20.854826,20.49688,21.052364,21.568363,22.496986,20.415834,20.62809,20.317719,20.373096,20.93352,21.341742,21.679974,22.024826,20.723322,20.75952,20.319082,20.364937,0.0,4.0,0.0,0.0,4.0,0.0,0.0,0.0
35661,2023.0,9.0,5.0,15.0,21.17392,22.014797,20.783308,21.598822,21.632595,22.556482,20.328392,20.51689,20.328812,20.386328,21.0979,21.558065,21.60223,21.893938,20.720888,20.758976,20.317373,20.365719,4.0,4.0,0.0,0.0,4.0,0.0,0.0,0.0
35662,2023.0,9.0,5.0,15.0,21.543106,22.590271,20.917583,21.761316,21.178589,21.656641,20.28943,20.474676,20.339445,20.399445,20.806246,20.94844,21.60714,21.89836,20.719498,20.759546,20.316187,20.367323,4.0,0.0,0.0,0.0,0.0,0.0,0.0,0.0
35663,2023.0,9.0,5.0,15.0,21.678917,22.728525,20.984385,21.82474,21.04311,21.479338,20.262066,20.447126,20.349815,20.412098,20.992104,21.356916,22.174448,22.948074,20.718588,20.760853,20.315233,20.369404,4.0,0.0,0.0,0.0,0.0,4.0,0.0,0.0
35664,2023.0,9.0,5.0,16.0,21.77778,22.82801,21.042727,21.879293,21.000673,21.436562,20.829136,21.526463,20.36001,20.424412,21.088861,21.495451,21.815859,22.170313,20.71746,20.762367,20.314394,20.37175,4.0,0.0,4.0,0.0,0.0,0.0,0.0,0.0
35665,2023.0,9.0,5.0,16.0,21.328028,21.917196,20.77067,21.327356,21.48797,22.365915,20.47983,20.748737,20.367851,20.432444,20.864597,21.015451,22.405626,23.313875,21.732012,22.680964,20.312033,20.370811,0.0,4.0,0.0,0.0,0.0,4.0,4.0,0.0
35666,2023.0,9.0,5.0,16.0,21.742863,22.755116,20.667469,21.169275,21.656645,22.570309,21.096022,21.98369,20.374323,20.43927,21.12685,21.530293,21.99993,22.426937,22.159872,23.283487,20.3095,20.369385,0.0,4.0,4.0,0.0,4.0,0.0,4.0,0.0
35667,2023.0,9.0,5.0,16.0,21.886806,22.916676,20.64492,21.139364,21.212816,21.675766,21.324244,22.25693,20.379482,20.445993,20.907736,21.053545,21.805294,22.094301,22.307343,23.416672,20.306982,20.368057,0.0,0.0,4.0,0.0,0.0,0.0,4.0,0.0
35668,2023.0,9.0,5.0,16.0,21.421122,21.982605,20.394875,20.64578,21.60749,22.476458,20.907078,21.393515,21.060646,21.727257,20.800266,20.887613,22.473318,23.380991,21.624907,22.02647,20.304922,20.367117,0.0,4.0,0.0,4.0,0.0,4.0,0.0,0.0
35669,2023.0,9.0,5.0,16.0,21.276642,21.781712,20.282207,20.488184,21.747646,22.642975,20.779045,21.20363,20.66225,20.826134,21.145548,21.553482,22.638699,23.572863,21.38676,21.656487,20.302942,20.366287,0.0,4.0,0.0,0.0,4.0,4.0,0.0,0.0
35670,2023.0,9.0,5.0,17.0,21.792233,22.775442,20.2412,20.443087,21.31374,21.779087,20.750753,21.16954,20.714754,20.99587,20.93763,21.102858,22.699232,23.62146,22.261894,23.349846,20.300417,20.365263,0.0,0.0,0.0,0.0,0.0,4.0,4.0,0.0
35671,2023.0,9.0,5.0,17.0,21.946444,22.948645,20.208736,20.404245,21.155659,21.552414,21.263903,22.134132,21.448318,22.357224,21.053028,21.387787,22.154594,22.540289,21.673384,22.061398,20.294847,20.359098,0.0,0.0,4.0,4.0,0.0,0.0,0.0,0.0
35672,2023.0,9.0,5.0,17.0,22.008911,22.998148,20.182352,20.371977,21.642437,22.496416,21.43388,22.327436,21.075352,21.496218,21.121191,21.494902,21.94005,22.199688,21.425041,21.674545,20.287971,20.351288,0.0,4.0,4.0,0.0,0.0,0.0,0.0,0.0
35673,2023.0,9.0,5.0,17.0,22.05892,23.035105,20.161228,20.346334,21.770983,22.632328,21.005863,21.455454,20.925934,21.24623,20.897442,21.04101,22.570566,23.438175,21.358343,21.597853,21.175665,22.030827,0.0,4.0,0.0,0.0,0.0,4.0,0.0,4.0
35674,2023.0,9.0,5.0,17.0,22.10133,23.066198,20.520683,21.027225,21.824347,22.67325,20.857063,21.235392,20.890749,21.19376,20.78675,20.872522,22.107416,22.461538,21.31376,21.548,20.837017,21.21729,4.0,4.0,0.0,0.0,0.0,0.0,0.0,0.0
35675,2023.0,9.0,5.0,17.0,22.138203,23.091892,20.658915,21.203012,21.867254,22.704762,21.363722,22.20737,21.391155,22.12272,20.74958,20.831142,21.904629,22.143528,21.108116,21.16668,20.691832,20.97399,4.0,4.0,4.0,4.0,0.0,0.0,0.0,0.0
35676,2023.0,9.0,5.0,18.0,22.170935,23.11348,20.903908,21.634823,21.901712,22.727922,21.505054,22.357119,21.077322,21.439425,20.720036,20.800825,21.840845,22.068481,21.028769,21.07001,20.66487,20.935904,4.0,4.0,4.0,0.0,0.0,0.0,0.0,0.0
35677,2023.0,9.0,5.0,18.0,21.654873,22.109694,20.653593,21.085842,21.922968,22.729881,20.9798,21.411583,20.93754,21.212223,20.689135,20.76502,21.629992,21.688908,21.000017,21.056038,20.459156,20.533537,0.0,4.0,0.0,0.0,0.0,0.0,0.0,0.0
35678,2023.0,9.0,5.0,18.0,22.004051,22.908365,20.529415,20.908165,21.427725,21.769678,21.378044,22.176785,20.878094,21.132303,20.6543,20.725367,21.519018,21.555544,21.004026,21.09132,20.365574,20.417156,0.0,0.0,4.0,0.0,0.0,0.0,0.0,0.0
35679,2023.0,9.0,5.0,18.0,22.149775,23.041687,20.494211,20.849056,21.746138,22.508902,21.551054,22.34447,20.668152,20.738432,20.6195,20.685747,21.458616,21.491306,21.003521,21.112785,20.330414,20.378149,0.0,4.0,4.0,0.0,0.0,0.0,0.0,0.0
35680,2023.0,9.0,5.0,18.0,22.180544,23.054314,20.281588,20.429136,21.88669,22.641632,21.597597,22.371866,20.562967,20.609756,20.583387,20.643715,21.405472,21.434317,21.004543,21.131456,20.302141,20.34655,0.0,4.0,4.0,0.0,0.0,0.0,0.0,0.0
35681,2023.0,9.0,5.0,18.0,21.673176,22.071295,20.601547,21.089111,21.410137,21.713472,21.62733,22.38116,20.518818,20.564825,20.550798,20.609957,21.361303,21.39135,21.004446,21.145016,21.12347,21.920204,4.0,0.0,4.0,0.0,0.0,0.0,0.0,4.0
35682,2023.0,9.0,5.0,19.0,21.995821,22.824406,20.745018,21.237646,21.704876,22.406559,21.651348,22.386148,20.478846,20.52212,20.516018,20.5718,21.31659,21.345188,21.00463,21.157652,20.789644,21.037601,4.0,4.0,4.0,0.0,0.0,0.0,0.0,0.0
35683,2023.0,9.0,5.0,19.0,22.138035,22.956427,20.876616,21.45898,21.846828,22.5426,21.663279,22.372774,20.441338,20.480425,20.479832,20.529913,21.27313,21.298597,21.005249,21.16877,21.411972,22.334991,4.0,4.0,4.0,0.0,0.0,0.0,0.0,4.0
35684,2023.0,9.0,5.0,19.0,21.626005,21.961018,20.938227,21.50428,21.861156,22.532593,21.66851,22.352798,20.405624,20.440042,20.443096,20.48657,21.23127,21.253036,21.005276,21.176779,20.895218,21.11668,4.0,4.0,4.0,0.0,0.0,0.0,0.0,0.0
35685,2023.0,9.0,5.0,19.0,21.948748,22.71817,20.951057,21.488844,21.863157,22.509611,21.14788,21.354662,20.370861,20.400042,20.786345,21.156502,21.190825,21.208328,21.005089,21.182943,20.58478,20.708172,4.0,4.0,0.0,0.0,4.0,0.0,0.0,0.0
35686,2023.0,9.0,5.0,19.0,22.080866,22.833302,20.95423,21.46399,21.86037,22.482872,21.004538,21.2468,20.339672,20.365192,20.595028,20.69742,21.153673,21.168129,21.005909,21.189796,21.356201,22.215082,4.0,4.0,0.0,0.0,0.0,0.0,0.0,4.0
35687,2023.0,9.0,5.0,19.0,22.096247,22.825853,20.950943,21.432913,21.351187,21.515667,21.383343,21.975115,20.982159,21.599947,20.423847,20.459124,21.117905,21.12885,21.786919,22.654821,20.844557,21.00107,4.0,0.0,4.0,4.0,0.0,0.0,4.0,0.0
35688,2023.0,9.0,5.0,20.0,22.098446,22.804844,20.942566,21.397247,21.705574,22.28243,20.979057,21.229383,20.571705,20.674122,20.369003,20.388884,21.820028,22.487087,21.144312,21.263151,20.605751,20.65583,4.0,4.0,0.0,0.0,0.0,4.0,0.0,0.0
35689,2023.0,9.0,5.0,20.0,22.105484,22.797668,20.9406,21.378674,21.307413,21.425493,21.326063,21.890125,21.02742,21.66709,20.330236,20.348183,22.03523,22.682268,21.01263,21.193377,20.507103,20.548878,4.0,0.0,4.0,4.0,0.0,4.0,0.0,0.0
35690,2023.0,9.0,5.0,20.0,22.113474,22.791994,20.602724,20.736649,21.035788,21.08007,21.467295,22.03615,20.649519,20.751806,20.297407,20.314398,22.084612,22.714666,21.746304,22.567371,21.240816,21.98471,0.0,0.0,4.0,0.0,0.0,4.0,4.0,4.0
35691,2023.0,9.0,5.0,20.0,21.584166,21.784805,20.44275,20.504936,21.536379,22.07441,21.495337,22.05093,20.476418,20.508364,20.270176,20.285656,21.488928,21.547407,21.098743,21.181175,21.427507,22.167631,0.0,4.0,4.0,0.0,0.0,0.0,0.0,4.0
35692,2023.0,9.0,5.0,20.0,21.37219,21.49757,20.758177,21.137728,21.648916,22.184141,20.983929,21.162956,20.414557,20.435648,20.240728,20.250166,21.971155,22.557869,21.794905,22.603031,20.760668,20.836685,4.0,4.0,0.0,0.0,0.0,4.0,4.0,0.0
35693,2023.0,9.0,5.0,20.0,21.264708,21.378565,20.526415,20.617435,21.157297,21.229973,21.016422,21.259602,20.947132,21.470814,20.20931,20.21427,22.136776,22.72422,21.219017,21.271969,20.473013,20.478102,0.0,0.0,0.0,4.0,0.0,4.0,0.0,0.0
35694,2023.0,9.0,5.0,21.0,21.827328,22.496225,20.718521,21.076756,21.004025,21.08891,21.009283,21.257019,21.202423,21.76453,20.502098,20.784218,22.159983,22.733131,21.793818,22.568851,20.382341,20.375458,4.0,0.0,0.0,4.0,4.0,4.0,4.0,0.0
35695,2023.0,9.0,5.0,21.0,21.987629,22.62651,20.47582,20.539892,21.454292,21.954462,21.01047,21.264462,20.682562,20.718302,20.338886,20.376509,22.17915,22.740114,21.22143,21.2504,20.3226,20.310003,0.0,4.0,0.0,0.0,0.0,4.0,0.0,0.0
35696,2023.0,9.0,5.0,21.0,22.00842,22.632437,20.281456,20.275251,21.073565,21.106209,21.354675,21.903093,20.434464,20.412382,20.523272,20.798346,21.554049,21.537205,21.0022,21.054678,20.285896,20.279316,0.0,0.0,4.0,0.0,4.0,0.0,0.0,0.0
35697,2023.0,9.0,5.0,21.0,21.46738,21.588413,20.23602,20.237125,21.430641,21.920782,20.9574,21.126272,20.351288,20.316236,20.299856,20.287554,21.2846,21.208752,21.009466,21.101805,20.250517,20.240414,0.0,4.0,0.0,0.0,0.0,0.0,0.0,0.0
35698,2023.0,9.0,5.0,21.0,21.213316,21.275864,20.205576,20.205435,20.97307,21.036182,21.27689,21.74041,20.897736,21.386084,20.156166,20.112492,21.182009,21.096321,21.008139,21.121655,20.217514,20.205173,0.0,0.0,4.0,4.0,0.0,0.0,0.0,0.0
35699,2023.0,9.0,5.0,21.0,21.117264,21.165205,20.174992,20.17155,21.392157,21.849794,21.384945,21.845621,21.135332,21.645725,20.097021,20.041954,21.802141,22.336823,21.71241,22.44877,20.188196,20.173271,0.0,4.0,4.0,4.0,0.0,4.0,4.0,0.0
35700,2023.0,9.0,5.0,22.0,21.693352,22.287853,20.150879,20.143387,20.978292,21.080603,20.975752,21.131166,21.191624,21.691425,20.091644,20.064823,21.28332,21.241926,21.871855,22.590366,20.996634,21.719057,0.0,0.0,0.0,4.0,0.0,0.0,4.0,4.0
35701,2023.0,9.0,5.0,22.0,21.315699,21.411533,20.125715,20.115128,21.015566,21.162827,21.018215,21.234842,20.636673,20.606777,20.370457,20.60287,21.033907,20.928072,21.113562,21.080582,20.500883,20.490313,0.0,0.0,0.0,0.0,4.0,0.0,0.0,0.0
35702,2023.0,9.0,5.0,22.0,21.060888,21.08425,20.102247,20.087914,21.008642,21.153074,21.011417,21.229109,20.375946,20.293406,20.21377,20.216705,21.626818,22.11011,21.022926,21.113178,20.210613,20.137182,0.0,0.0,0.0,0.0,0.0,4.0,0.0,0.0
35703,2023.0,9.0,5.0,22.0,21.633707,22.220089,20.080564,20.062645,21.005936,21.157633,21.012642,21.23468,20.282907,20.189545,20.088926,20.059576,21.18466,21.09631,21.008762,21.111921,20.129827,20.045605,0.0,0.0,0.0,0.0,0.0,0.0,0.0,0.0
35704,2023.0,9.0,5.0,22.0,21.242256,21.311539,20.487331,20.8402,21.006536,21.165728,21.008509,21.236166,20.21199,20.110182,20.044472,20.009462,20.998695,20.91026,21.010536,21.1302,20.076015,19.984524,4.0,0.0,0.0,0.0,0.0,0.0,0.0,0.0
35705,2023.0,9.0,5.0,22.0,21.649454,22.230492,20.281275,20.32402,21.00679,21.171604,21.009373,21.24422,20.218367,20.177088,20.00973,19.970821,21.007172,20.960253,21.010895,21.14049,20.092775,20.058336,0.0,0.0,0.0,0.0,0.0,0.0,0.0,0.0
35706,2023.0,9.0,5.0,23.0,21.217516,21.26368,20.115335,20.099323,21.006918,21.176033,21.009453,21.248808,20.202482,20.163643,19.978354,19.936306,21.002747,20.982042,21.007233,21.14763,20.082848,20.04737,0.0,0.0,0.0,0.0,0.0,0.0,0.0,0.0
35707,2023.0,9.0,5.0,23.0,20.969305,20.955868,20.066717,20.037886,20.825985,20.831703,20.762838,20.77802,20.747948,21.21527,19.949245,19.904902,21.630352,22.193157,20.807268,20.773643,20.05935,20.02282,0.0,0.0,0.0,4.0,0.0,4.0,0.0,0.0
35708,2023.0,9.0,5.0,23.0,20.89826,20.871788,20.042892,20.010002,20.734007,20.70088,20.646534,20.618183,20.374971,20.390535,20.216251,20.42238,21.03941,20.942677,20.728365,20.682877,20.038399,19.999958,0.0,0.0,0.0,0.0,4.0,0.0,0.0,0.0
35709,2023.0,9.0,5.0,23.0,20.98427,21.087904,20.0215,19.984608,20.684353,20.642248,20.584707,20.547222,20.13156,19.994963,20.002645,19.95934,20.842089,20.671867,20.678139,20.628866,20.016407,19.975126,0.0,0.0,0.0,0.0,0.0,0.0,0.0,0.0
35710,2023.0,9.0,5.0,23.0,20.976059,21.080423,20.002087,19.961647,20.646729,20.60089,20.537764,20.496477,20.05416,19.909004,19.933445,19.87953,20.77632,20.600645,20.634863,20.583078,19.995277,19.951668,0.0,0.0,0.0,0.0,0.0,0.0,0.0,0.0
35711,2023.0,9.0,5.0,23.0,20.954477,21.056112,19.984308,19.941242,20.614248,20.566269,20.498089,20.454855,20.09647,20.044596,19.901741,19.845387,20.835697,20.771976,20.596119,20.542479,19.974728,19.929136,0.0,0.0,0.0,0.0,0.0,0.0,0.0,0.0
35712,2023.0,9.0,6.0,0.0,20.932184,21.031061,19.967012,19.921295,20.584272,20.534134,20.46215,20.416897,20.079521,20.026154,19.872637,19.813896,20.818003,20.752592,20.560379,20.504868,19.954535,19.906958,0.0,0.0,0.0,0.0,0.0,0.0,0.0,0.0
35713,2023.0,9.0,6.0,0.0,20.910814,21.008123,19.951403,19.90444,20.55734,20.50637,20.4301,20.384125,20.054798,20.00035,19.846909,19.786907,20.791573,20.725311,20.527815,20.471392,19.935482,19.886856,0.0,0.0,0.0,0.0,0.0,0.0,0.0,0.0
35714,2023.0,9.0,6.0,0.0,20.88996,20.985682,19.93632,19.888126,20.532047,20.480228,20.400368,20.353653,20.030506,19.974966,19.822613,19.761395,20.765676,20.698349,20.497332,20.440002,19.916876,19.867218,0.0,0.0,0.0,0.0,0.0,0.0,0.0,0.0
35715,2023.0,9.0,6.0,0.0,20.869522,20.963629,19.921541,19.872093,20.50798,20.45528,20.37243,20.324934,20.006845,19.950245,19.799337,19.736916,20.740534,20.672161,20.468468,20.410236,19.89853,19.847855,0.0,0.0,0.0,0.0,0.0,0.0,0.0,0.0
35716,2023.0,9.0,6.0,0.0,20.849476,20.941954,19.906973,19.856245,20.484894,20.431278,20.345955,20.297638,19.983932,19.926283,19.776773,19.713163,20.716322,20.646917,20.440918,20.38179,19.880356,19.828674,0.0,0.0,0.0,0.0,0.0,0.0,0.0,0.0
35717,2023.0,9.0,6.0,0.0,20.830742,20.922615,19.893923,19.843311,20.464334,20.411602,20.32263,20.275513,20.543348,20.99657,20.052944,20.247826,21.382195,21.927872,20.41559,20.356812,19.863136,19.81137,0.0,0.0,0.0,4.0,4.0,4.0,0.0,0.0
35718,2023.0,9.0,6.0,1.0,20.811543,20.901802,19.879843,19.827917,20.442873,20.389212,20.298481,20.250525,20.174526,20.1746,19.8666,19.837406,20.784067,20.649399,20.390066,20.330505,19.845194,19.792545,0.0,0.0,0.0,0.0,0.0,0.0,0.0,0.0
35719,2023.0,9.0,6.0,1.0,20.790895,20.87737,19.863768,19.808167,20.419565,20.362402,20.272648,20.221167,19.912088,19.73651,19.769936,19.702423,20.589104,20.380884,20.363274,20.300943,19.825552,19.77032,0.0,0.0,0.0,0.0,0.0,0.0,0.0,0.0
35720,2023.0,9.0,6.0,1.0,20.770737,20.854166,19.84731,19.78796,20.396566,20.336119,20.247528,20.19277,19.830688,19.645903,19.73772,19.6668,20.52778,20.314081,20.337395,20.272863,19.806015,19.748573,0.0,0.0,0.0,0.0,0.0,0.0,0.0,0.0
35721,2023.0,9.0,6.0,1.0,20.751667,20.833443,19.832985,19.772383,20.376371,20.315401,20.225737,20.170639,20.472,20.909851,19.710735,19.639606,20.602348,20.512108,20.313457,20.248323,19.787624,19.729303,0.0,0.0,0.0,4.0,0.0,0.0,0.0,0.0
35722,2023.0,9.0,6.0,1.0,20.73098,20.809671,19.816526,19.752789,20.354103,20.290451,20.201971,20.14419,20.105951,20.08073,19.683283,19.609451,20.605421,20.52543,20.288399,20.221224,19.767902,19.707525,0.0,0.0,0.0,0.0,0.0,0.0,0.0,0.0
35723,2023.0,9.0,6.0,1.0,20.709988,20.785072,19.799252,19.73174,20.331255,20.26421,20.177769,20.116577,19.844282,19.64588,19.656034,19.578913,20.583473,20.501726,20.263117,20.19345,19.747616,19.684786,0.0,0.0,0.0,0.0,0.0,0.0,0.0,0.0
35724,2023.0,9.0,6.0,2.0,20.689423,20.761395,19.781624,19.71022,20.308498,20.23804,20.153805,20.089205,19.756643,19.548664,19.629595,19.549376,20.560207,20.47592,20.238276,20.166384,19.727352,19.662266,0.0,0.0,0.0,0.0,0.0,0.0,0.0,0.0
35725,2023.0,9.0,6.0,2.0,20.672947,20.746162,19.76811,19.697214,20.290209,20.220743,20.134556,20.07106,19.821486,19.734425,19.607622,19.5284,20.539797,20.456106,20.216381,20.145092,20.44033,21.020895,0.0,0.0,0.0,0.0,0.0,0.0,0.0,4.0
35726,2023.0,9.0,6.0,2.0,20.667263,20.752546,19.753103,19.681074,20.270422,20.200008,20.11396,20.049465,19.826103,19.752352,19.584482,19.504309,20.5185,20.433966,20.193598,20.121567,19.963575,19.956556,0.0,0.0,0.0,0.0,0.0,0.0,0.0,0.0
35727,2023.0,9.0,6.0,2.0,20.653297,20.738377,19.738216,19.665167,20.250982,20.179737,20.094015,20.028572,20.3883,20.827885,19.561974,19.481024,20.497696,20.412458,20.171194,20.098562,19.693445,19.514185,0.0,0.0,0.0,4.0,0.0,0.0,0.0,0.0
35728,2023.0,9.0,6.0,2.0,20.636475,20.719988,19.723192,19.648937,20.231487,20.159216,20.074099,20.007544,19.999718,19.966982,19.841824,20.02341,20.477081,20.39098,20.148804,20.075405,19.604761,19.41386,0.0,0.0,0.0,0.0,4.0,0.0,0.0,0.0
35729,2023.0,9.0,6.0,2.0,20.619135,20.700697,19.707798,19.631796,20.211535,20.1377,20.053703,19.985538,19.729504,19.516459,19.619514,19.540386,20.456385,20.369034,20.12617,20.051632,19.670109,19.597809,0.0,0.0,0.0,0.0,0.0,0.0,0.0,0.0
35730,2023.0,9.0,6.0,3.0,20.601955,20.682072,19.692438,19.614567,20.191648,20.116264,20.033401,19.963663,19.642815,19.42387,19.552702,19.467533,20.436148,20.347748,20.103855,20.028418,19.663578,19.594124,0.0,0.0,0.0,0.0,0.0,0.0,0.0,0.0
35731,2023.0,9.0,6.0,3.0,20.585133,20.664494,19.678896,19.601086,20.173918,20.09902,20.015327,19.946112,20.298935,20.722092,19.5249,19.44086,20.417439,20.329264,20.082863,20.007725,19.643427,19.574238,0.0,0.0,0.0,4.0,0.0,0.0,0.0,0.0
35732,2023.0,9.0,6.0,3.0,20.566786,20.644356,19.663412,19.584087,20.154251,20.078074,19.995306,19.924824,19.938171,19.901085,19.496536,19.41125,20.397575,20.308388,20.060577,19.984543,19.621174,19.55105,0.0,0.0,0.0,0.0,0.0,0.0,0.0,0.0
35733,2023.0,9.0,6.0,3.0,20.549034,20.6253,19.6482,19.567766,20.135061,20.05807,19.975813,19.904535,19.677708,19.46971,19.47087,19.384935,20.37829,20.288519,20.038763,19.962292,20.329628,20.90391,0.0,0.0,0.0,0.0,0.0,0.0,0.0,4.0
35734,2023.0,9.0,6.0,3.0,20.53081,20.605507,19.632528,19.550722,20.115513,20.03737,19.956131,19.883656,19.579248,19.35554,19.445738,19.35882,20.358839,20.26821,20.01664,19.939438,19.71708,19.571592,0.0,0.0,0.0,0.0,0.0,0.0,0.0,0.0
35735,2023.0,9.0,6.0,3.0,20.51102,20.583002,19.614956,19.530102,20.094147,20.013052,19.934837,19.859303,19.662268,19.579866,19.419477,19.32974,20.338303,20.245636,19.993317,19.914213,19.510366,19.301086,0.0,0.0,0.0,0.0,0.0,0.0,0.0,0.0
35736,2023.0,9.0,6.0,4.0,20.492165,20.562685,19.59884,19.51262,20.074461,19.992186,19.915178,19.83842,19.654757,19.572325,19.395567,19.304916,20.319012,20.22549,19.971113,19.891283,19.581112,19.505972,0.0,0.0,0.0,0.0,0.0,0.0,0.0,0.0
35737,2023.0,9.0,6.0,4.0,20.473173,20.542189,19.582804,19.49537,20.054934,19.971615,19.895544,19.817766,19.632116,19.549032,19.372263,19.280836,20.29996,20.20571,19.949055,19.868608,19.565813,19.49056,0.0,0.0,0.0,0.0,0.0,0.0,0.0,0.0
35738,2023.0,9.0,6.0,4.0,20.454039,20.521574,19.566622,19.47798,20.035316,19.950958,19.875792,19.797012,19.608265,19.52449,19.349241,19.257042,20.280954,20.185978,19.926935,19.845875,19.54053,19.464617,0.0,0.0,0.0,0.0,0.0,0.0,0.0,0.0
35739,2023.0,9.0,6.0,4.0,20.434782,20.500843,19.550308,19.460451,20.015629,19.930225,19.855984,19.776194,19.58411,19.499668,19.326447,19.233479,20.261988,20.16628,19.904755,19.823082,19.51502,19.438442,0.0,0.0,0.0,0.0,0.0,0.0,0.0,0.0
35740,2023.0,9.0,6.0,4.0,20.416395,20.482067,19.535515,19.446173,19.99756,19.912893,19.837833,19.758812,19.561531,19.477928,19.305445,19.213417,20.244133,20.148846,19.8836,19.802492,20.221294,20.789967,0.0,0.0,0.0,0.0,0.0,0.0,0.0,4.0
35741,2023.0,9.0,6.0,4.0,20.396725,20.460909,19.518936,19.428396,19.977726,19.892012,19.818071,19.737957,19.537682,19.45341,19.282923,19.190128,20.225178,20.12917,19.861258,19.779547,19.597687,19.438244,0.0,0.0,0.0,0.0,0.0,0.0,0.0,0.0
35742,2023.0,9.0,6.0,5.0,20.377104,20.439917,19.502327,19.410656,19.957966,19.87127,19.798542,19.717354,19.514132,19.429293,19.55009,19.707424,20.894278,21.410555,20.760834,21.493296,19.391005,19.17295,0.0,0.0,0.0,0.0,4.0,4.0,4.0,0.0
35743,2023.0,9.0,6.0,5.0,20.357876,20.419735,19.486214,19.393831,19.938852,19.851479,19.779367,19.697575,19.491104,19.406025,19.372208,19.312502,20.272392,20.07782,20.01592,19.865639,20.015953,20.403923,0.0,0.0,0.0,0.0,0.0,0.0,0.0,4.0
35744,2023.0,9.0,6.0,5.0,20.338556,20.39927,19.47028,19.377058,19.920042,19.831757,19.760248,19.677696,20.052591,20.48083,19.275484,19.181597,20.742857,21.075562,19.769161,19.537931,20.246956,20.701462,0.0,0.0,0.0,4.0,0.0,4.0,0.0,4.0
35745,2023.0,9.0,6.0,5.0,20.975067,21.610172,19.454554,19.360714,19.901434,19.812532,19.741665,19.658464,20.28602,20.785496,19.24598,19.151651,20.228539,19.994184,19.69603,19.46454,19.598108,19.410484,0.0,0.0,0.0,4.0,0.0,0.0,0.0,0.0
35746,2023.0,9.0,6.0,5.0,20.558098,20.685482,19.874008,20.160072,19.882656,19.793226,19.723179,19.639332,20.181896,20.483004,19.218819,19.12423,20.064568,19.791965,19.637173,19.405931,20.11206,20.507921,4.0,0.0,0.0,4.0,0.0,0.0,0.0,4.0
35747,2023.0,9.0,6.0,5.0,20.21521,20.087711,19.634796,19.621428,19.863598,19.77375,19.704594,19.620169,19.604818,19.382107,19.19426,19.099365,20.68693,21.0192,19.722866,19.626617,19.572233,19.379354,0.0,0.0,0.0,0.0,0.0,4.0,0.0,0.0
35748,2023.0,9.0,6.0,6.0,20.095432,19.931568,19.92063,20.19921,19.844627,19.754604,20.340233,20.829723,19.42567,19.18027,19.46123,19.617128,20.191355,19.967886,20.658062,21.39263,19.389336,19.163609,4.0,0.0,4.0,0.0,4.0,0.0,4.0,0.0
35749,2023.0,9.0,6.0,6.0,21.159729,21.94586,20.010654,20.314802,21.148983,22.091581,21.09255,22.054657,19.35121,19.10772,20.078823,20.657822,21.125261,21.646826,21.020628,21.82561,20.045082,20.464344,0.0,0.0,0.0,0.0,0.0,4.0,4.0,4.0
35750,2023.0,9.0,6.0,6.0,21.053068,21.486866,19.874804,19.9729,21.001234,21.66273,21.022072,21.761076,20.008848,20.421965,19.872166,20.130322,21.031918,21.403048,21.032755,21.752499,19.989916,20.199171,4.0,0.0,0.0,4.0,4.0,4.0,0.0,0.0
35751,2023.0,9.0,6.0,6.0,21.027143,21.485699,20.046143,20.31363,20.99525,21.549753,21.031002,21.682222,20.157179,20.453657,20.04617,20.47299,21.050508,21.418528,21.027445,21.653048,19.534803,19.312286,0.0,4.0,0.0,4.0,0.0,4.0,0.0,0.0
35752,2023.0,9.0,6.0,6.0,21.01928,21.441963,19.558117,19.335653,21.02443,21.581905,21.019583,21.613932,20.18506,20.478636,19.925394,20.163752,21.093037,21.46011,21.103947,21.689287,19.34704,19.12699,0.0,0.0,0.0,4.0,4.0,4.0,4.0,0.0
35753,2023.0,9.0,6.0,6.0,21.064833,21.476938,19.886967,20.123512,21.000988,21.460363,21.020935,21.584496,19.995138,20.138554,20.032795,20.38266,21.13123,21.498077,21.16313,21.74643,19.41796,19.341717,4.0,4.0,0.0,0.0,0.0,4.0,4.0,0.0
35754,2023.0,9.0,6.0,7.0,21.015676,21.399208,20.100557,20.405107,21.005709,21.43748,21.00692,21.503698,19.589565,19.35828,19.469673,19.251184,21.009638,21.277498,21.21382,21.795067,19.423607,19.349953,4.0,4.0,4.0,0.0,0.0,0.0,4.0,0.0
35755,2023.0,9.0,6.0,7.0,21.086943,21.499971,19.989975,20.157429,21.00485,21.414612,21.035322,21.562368,20.034164,20.355371,19.53331,19.57096,21.1579,21.522018,21.003654,21.42449,19.39805,19.325281,4.0,4.0,0.0,4.0,4.0,4.0,0.0,0.0
35756,2023.0,9.0,6.0,7.0,21.114445,21.529501,20.004591,20.173481,21.00464,21.39936,21.027075,21.522602,20.277609,20.625536,20.108196,20.493763,21.216835,21.582388,21.237259,21.826538,19.374556,19.302876,4.0,4.0,0.0,4.0,0.0,4.0,4.0,0.0
35757,2023.0,9.0,6.0,7.0,21.00892,21.36312,20.001923,20.159372,21.004436,21.3878,21.028122,21.505428,20.341715,20.686441,19.507334,19.30217,21.247711,21.611917,21.313192,21.889711,20.216387,20.911688,4.0,4.0,0.0,4.0,0.0,4.0,4.0,4.0
35758,2023.0,9.0,6.0,7.0,21.11779,21.547651,20.021305,20.20685,21.003876,21.378185,21.018383,21.489496,19.966156,20.019094,19.398829,19.322224,20.989576,21.154213,21.354744,21.930822,19.95462,20.198137,0.0,4.0,0.0,0.0,0.0,0.0,4.0,0.0
35759,2023.0,9.0,6.0,7.0,21.005653,21.350502,19.59263,19.374895,21.030668,21.445107,21.019579,21.492619,19.643055,19.415625,19.394108,19.310085,21.02086,21.214998,20.981466,21.278954,19.503914,19.299833,0.0,0.0,0.0,0.0,0.0,0.0,0.0,0.0
35760,2023.0,9.0,6.0,8.0,21.114681,21.538263,19.35256,19.063854,21.02414,21.420462,21.019379,21.49263,19.473042,19.234686,19.714617,19.939108,21.017143,21.202341,21.02907,21.381037,19.319948,19.112568,0.0,0.0,0.0,0.0,4.0,0.0,0.0,0.0
35761,2023.0,9.0,6.0,8.0,20.576477,20.507729,19.42251,19.292889,20.406668,20.224718,20.511236,20.515575,19.418816,19.192137,20.04176,20.420176,20.568754,20.332512,20.438868,20.242594,19.398224,19.326061,0.0,0.0,0.0,0.0,0.0,0.0,0.0,0.0
35762,2023.0,9.0,6.0,8.0,20.304802,20.180359,19.90983,20.213953,20.70296,20.987612,20.225386,20.161125,19.518353,19.434343,19.674276,19.646416,20.535603,20.438885,20.168936,19.944706,19.42717,19.368288,4.0,4.0,0.0,0.0,0.0,0.0,0.0,0.0
35763,2023.0,9.0,6.0,8.0,20.230255,20.114716,20.049314,20.386627,20.262688,20.110926,20.13637,20.067375,19.550226,19.484589,19.555477,19.482626,20.539398,20.459927,20.092072,19.875765,20.238941,20.902983,4.0,0.0,0.0,0.0,0.0,0.0,0.0,4.0
35764,2023.0,9.0,6.0,8.0,20.343086,20.404598,20.013578,20.29478,20.037634,19.793955,20.733995,21.253445,19.55268,19.48991,19.528292,19.453003,20.521645,20.44519,20.160522,20.074755,19.970821,20.27463,0.0,0.0,4.0,0.0,0.0,0.0,0.0,0.0
35765,2023.0,9.0,6.0,8.0,20.375345,20.473278,19.618525,19.507189,19.942352,19.710464,20.383537,20.437891,19.553202,19.490929,19.51227,19.437803,20.503262,20.428457,21.14033,21.936583,19.580183,19.464756,0.0,0.0,0.0,0.0,0.0,0.0,4.0,0.0
35766,2023.0,9.0,6.0,9.0,20.353674,20.4567,19.43385,19.233618,20.0172,19.925072,20.021818,19.84363,20.244862,20.791164,19.509207,19.434105,20.493666,20.418865,20.426104,20.355593,20.280888,20.855194,0.0,0.0,0.0,4.0,0.0,0.0,0.0,4.0
35767,2023.0,9.0,6.0,9.0,20.323778,20.425583,19.483686,19.398844,20.027376,19.97113,19.902132,19.71601,19.954773,20.143782,19.514256,19.44171,20.489756,20.4175,20.167479,19.990154,19.951445,20.151106,0.0,0.0,0.0,0.0,0.0,0.0,0.0,0.0
35768,2023.0,9.0,6.0,9.0,20.296122,20.402016,19.502718,19.456104,20.002306,19.95647,19.941809,19.879879,19.699917,19.604837,19.523483,19.452988,21.234467,21.835417,20.106155,19.944216,20.486525,21.106428,0.0,0.0,0.0,0.0,0.0,4.0,0.0,4.0
35769,2023.0,9.0,6.0,9.0,20.278166,20.389748,19.495295,19.462982,19.98113,19.943346,19.937943,19.904272,19.611511,19.478033,19.538649,19.47008,21.3459,21.865313,20.083666,19.936035,19.941782,20.057814,0.0,0.0,0.0,0.0,0.0,4.0,0.0,0.0
35770,2023.0,9.0,6.0,9.0,20.26036,20.378323,19.909777,20.261621,19.95861,19.929441,19.906794,19.882715,20.35602,20.905077,19.556787,19.489246,20.777496,20.724815,20.13214,20.059496,19.719753,19.622543,4.0,0.0,0.0,4.0,0.0,0.0,0.0,0.0
35771,2023.0,9.0,6.0,9.0,20.246529,20.370043,20.009638,20.383223,20.586647,21.131575,19.881895,19.86524,19.98358,20.122482,19.57925,19.512835,20.613403,20.47136,21.125198,21.934366,19.66198,19.562178,0.0,4.0,0.0,0.0,0.0,0.0,4.0,0.0
35772,2023.0,9.0,6.0,10.0,20.232239,20.361475,19.726448,19.793356,20.29238,20.382881,19.855364,19.84637,19.787455,19.708212,19.606188,19.539667,20.585272,20.451408,20.609684,20.629698,19.659164,19.572962,0.0,0.0,0.0,0.0,0.0,0.0,0.0,0.0
35773,2023.0,9.0,6.0,10.0,20.221157,20.355766,20.023954,20.399559,20.67521,21.171587,19.835321,19.833265,19.760328,19.677319,19.63537,19.568413,20.59291,20.47262,20.383392,20.291653,20.55266,21.265587,4.0,4.0,0.0,0.0,0.0,0.0,0.0,4.0
35774,2023.0,9.0,6.0,10.0,20.21061,20.350487,19.995646,20.308043,20.28321,20.34823,20.481302,21.071508,19.793133,19.730669,19.669012,19.602169,21.39512,21.997906,20.339088,20.251875,19.986797,20.140478,0.0,0.0,4.0,0.0,0.0,4.0,0.0,0.0
35775,2023.0,9.0,6.0,10.0,20.211506,20.367567,19.757689,19.829529,20.684881,21.239305,20.158653,20.26118,19.819231,19.758326,19.70739,19.638884,21.036995,21.079098,20.327423,20.25241,19.813593,19.773592,0.0,4.0,0.0,0.0,0.0,0.0,0.0,0.0
35776,2023.0,9.0,6.0,10.0,20.858704,21.591223,20.085367,20.49098,20.291258,20.391563,20.614311,21.198853,19.842354,19.780514,19.746412,19.67675,20.872944,20.79755,20.332565,20.267735,19.807203,19.769318,4.0,0.0,4.0,0.0,0.0,0.0,0.0,0.0
35777,2023.0,9.0,6.0,10.0,20.458313,20.694801,19.986912,20.277468,20.765991,21.357529,20.7497,21.341845,19.868467,19.805914,19.789946,19.720604,20.8602,20.787952,20.336824,20.27281,19.834127,19.80766,0.0,4.0,4.0,0.0,0.0,0.0,0.0,0.0
35778,2023.0,9.0,6.0,11.0,20.889078,21.616455,19.823101,19.95252,20.43085,20.571302,20.284431,20.425371,20.58753,21.135391,19.83692,19.765144,20.8763,20.816183,20.343582,20.279514,19.830797,19.777384,0.0,0.0,0.0,4.0,0.0,0.0,0.0,0.0
35779,2023.0,9.0,6.0,11.0,20.502335,20.765192,19.709301,19.769112,20.272177,20.361109,20.134819,20.233639,20.247282,20.311598,19.884415,19.81361,20.881573,20.811766,20.355938,20.292542,19.843811,19.78723,0.0,0.0,0.0,0.0,0.0,0.0,0.0,0.0
35780,2023.0,9.0,6.0,11.0,20.405298,20.644209,19.668728,19.725115,20.24342,20.356102,20.730669,21.398735,20.169676,20.178814,20.289644,20.532616,20.895784,20.825317,20.37096,20.30826,19.865658,19.809195,0.0,0.0,4.0,0.0,4.0,0.0,0.0,0.0
35781,2023.0,9.0,6.0,11.0,20.39927,20.657267,19.650265,19.714441,20.156988,20.217506,20.353436,20.570572,20.206898,20.229328,20.527794,20.852133,21.659016,22.25752,20.388609,20.326696,19.890898,19.83497,0.0,0.0,0.0,0.0,4.0,4.0,0.0,0.0
35782,2023.0,9.0,6.0,11.0,20.4062,20.685234,20.080486,20.54036,20.110836,20.167011,20.211863,20.379673,20.162,20.105236,20.379105,20.481678,21.978304,22.6996,20.408897,20.348328,19.919569,19.865053,4.0,0.0,0.0,0.0,0.0,4.0,0.0,0.0
35783,2023.0,9.0,6.0,11.0,20.328297,20.535763,19.98561,20.311604,20.74936,21.396141,20.19601,20.385435,20.171173,20.110058,20.384981,20.463854,22.118961,22.847427,20.430676,20.371296,19.949383,19.896029,0.0,4.0,0.0,0.0,0.0,4.0,0.0,0.0
35784,2023.0,9.0,6.0,12.0,20.289127,20.49287,20.18076,20.639431,21.054409,21.775904,20.078049,20.174479,20.201923,20.142183,20.46051,20.556618,21.563545,21.683187,20.456041,20.398375,19.982426,19.930775,4.0,4.0,0.0,0.0,0.0,0.0,0.0,0.0
35785,2023.0,9.0,6.0,12.0,21.105843,21.938425,20.047121,20.352247,21.008327,21.656914,21.097826,21.9958,20.23334,20.174534,20.388723,20.355286,22.170383,22.871681,21.084658,21.472494,20.013327,19.963058,0.0,0.0,4.0,0.0,0.0,4.0,0.0,0.0
35786,2023.0,9.0,6.0,12.0,20.996515,21.650879,20.368252,20.988499,21.19593,21.946484,21.002455,21.744495,20.269732,20.2128,20.374374,20.311954,22.446056,23.191967,20.996489,21.247099,20.047617,19.99887,4.0,4.0,0.0,0.0,0.0,4.0,0.0,0.0
35787,2023.0,9.0,6.0,12.0,21.235334,22.033062,20.198915,20.548277,20.984112,21.523914,21.014767,21.712523,20.305626,20.248795,20.414618,20.350348,21.867235,22.006086,21.006104,21.212688,20.08146,20.033663,0.0,0.0,0.0,0.0,0.0,0.0,0.0,0.0
35788,2023.0,9.0,6.0,12.0,20.966936,21.505966,20.484375,21.139296,21.014051,21.571493,21.011843,21.669827,20.345093,20.291595,20.463497,20.40226,21.682442,21.759918,21.003876,21.168383,20.116869,20.071375,4.0,0.0,0.0,0.0,0.0,0.0,0.0,0.0
35789,2023.0,9.0,6.0,12.0,21.01216,21.58785,20.283958,20.643888,21.007902,21.548681,21.01609,21.64216,20.38535,20.335075,20.514257,20.45691,21.683569,21.771791,21.00343,21.135548,20.152155,20.109266,0.0,0.0,0.0,0.0,0.0,0.0,0.0,0.0
35790,2023.0,9.0,6.0,13.0,21.004128,21.566395,20.569994,21.238533,21.01432,21.541124,21.015772,21.615566,20.422691,20.373896,20.933357,21.203014,22.432905,23.184988,21.003752,21.110369,20.185781,20.144522,4.0,0.0,0.0,0.0,4.0,4.0,0.0,0.0
35791,2023.0,9.0,6.0,13.0,21.010523,21.562521,20.415253,20.835188,21.012657,21.522669,21.01506,21.59447,20.461227,20.415741,21.190516,21.525904,22.040428,22.227957,21.002836,21.087212,20.220133,20.181862,0.0,0.0,0.0,0.0,4.0,0.0,0.0,0.0
35792,2023.0,9.0,6.0,13.0,21.009537,21.547913,20.326452,20.730072,21.012602,21.510674,21.01463,21.578375,20.498634,20.456495,21.156168,21.391842,22.588583,23.360355,21.002539,21.068623,20.253508,20.218292,0.0,0.0,0.0,0.0,0.0,4.0,0.0,0.0
35793,2023.0,9.0,6.0,13.0,21.009087,21.536858,20.48351,20.998629,21.01203,21.500103,21.01412,21.565329,20.53552,20.497244,21.178427,21.405827,22.1984,22.427094,21.94235,22.824066,20.286325,20.25454,4.0,0.0,0.0,0.0,0.0,0.0,4.0,0.0
35794,2023.0,9.0,6.0,13.0,21.008242,21.527126,20.587383,21.129408,21.0113,21.490723,21.01318,21.553854,20.573683,20.541462,21.25115,21.49718,22.00559,22.15981,22.444529,23.480753,20.319891,20.293276,4.0,0.0,0.0,0.0,0.0,0.0,4.0,0.0
35795,2023.0,9.0,6.0,13.0,21.376017,22.197668,20.849072,21.607565,21.011152,21.483511,21.01332,21.545876,20.607315,20.5777,21.082747,21.104258,22.008533,22.175638,21.741163,22.001638,20.350597,20.327398,4.0,0.0,0.0,0.0,0.0,0.0,0.0,0.0
35796,2023.0,9.0,6.0,14.0,21.137522,21.643929,21.011244,21.809256,21.292646,21.990442,21.234625,21.93549,20.643904,20.620592,21.010853,20.987886,22.029251,22.212896,21.484941,21.672905,20.381796,20.363369,4.0,4.0,4.0,0.0,0.0,0.0,0.0,0.0
35797,2023.0,9.0,6.0,14.0,21.069391,21.565865,21.078093,21.882824,21.044226,21.480688,20.752329,20.972872,20.672897,20.65211,21.02499,21.000715,21.846159,21.838007,21.47018,21.66119,20.40636,20.390139,4.0,0.0,0.0,0.0,0.0,0.0,0.0,0.0
35798,2023.0,9.0,6.0,14.0,21.05288,21.55664,20.810463,21.341837,20.972408,21.39073,20.828976,21.245768,20.700218,20.68183,21.04701,21.024954,22.554146,23.204208,21.475178,21.672915,20.429996,20.416065,0.0,0.0,0.0,0.0,0.0,4.0,0.0,0.0
35799,2023.0,9.0,6.0,14.0,20.842432,21.148508,21.063553,21.847528,20.957632,21.38368,20.847021,21.279081,21.39879,21.978466,21.070312,21.052109,22.266602,22.545237,21.485764,21.691284,20.452648,20.441736,4.0,0.0,0.0,4.0,0.0,0.0,0.0,0.0
35800,2023.0,9.0,6.0,14.0,21.388287,22.221842,20.866335,21.414093,20.724356,20.930922,21.166098,21.859322,21.035812,21.128109,21.093695,21.080086,22.866173,23.703424,21.293774,21.301428,20.474213,20.466633,0.0,0.0,4.0,0.0,0.0,4.0,0.0,0.0
35801,2023.0,9.0,6.0,14.0,21.200262,21.773779,21.12985,21.933882,21.252846,21.979712,20.973902,21.45127,21.124842,21.351044,21.116976,21.10873,22.416084,22.720768,21.230438,21.214449,20.495205,20.491465,4.0,4.0,0.0,0.0,0.0,0.0,0.0,0.0
35802,2023.0,9.0,6.0,15.0,21.140371,21.688528,21.258549,22.100403,21.602879,22.540043,21.455585,22.38373,21.233397,21.519875,21.139784,21.137514,22.285097,22.517828,21.21457,21.201845,20.515694,20.516224,4.0,4.0,4.0,0.0,0.0,0.0,0.0,0.0
35803,2023.0,9.0,6.0,15.0,21.13772,21.688171,21.318634,22.161745,21.717157,22.658276,21.09913,21.601526,21.022684,21.058372,21.159653,21.161314,22.275612,22.511532,21.204874,21.195135,20.53379,20.53716,4.0,4.0,0.0,0.0,0.0,0.0,0.0,0.0
35804,2023.0,9.0,6.0,15.0,20.913853,21.240679,21.040028,21.599092,21.795755,22.735338,21.533386,22.464945,20.966803,20.970009,21.178007,21.183542,22.27338,22.51449,21.199327,21.192661,20.550814,20.55723,0.0,4.0,4.0,0.0,0.0,0.0,0.0,0.0
35805,2023.0,9.0,6.0,15.0,21.457785,22.304695,21.296492,22.113308,21.861765,22.79997,21.679977,22.629635,20.964464,20.969454,21.194818,21.20448,22.795345,23.485699,21.196342,21.193012,20.566717,20.576351,4.0,4.0,4.0,0.0,0.0,4.0,0.0,0.0
35806,2023.0,9.0,6.0,15.0,21.825397,22.89584,21.080122,21.644464,21.417141,21.91779,21.24418,21.751097,20.968054,20.977337,21.210566,21.225258,22.454214,22.75555,21.195032,21.195333,20.582289,20.595787,0.0,0.0,0.0,0.0,0.0,0.0,0.0,0.0
35807,2023.0,9.0,6.0,15.0,21.948872,23.016787,21.006124,21.540613,21.799036,22.699833,21.126503,21.595718,20.973864,20.987299,21.224129,21.24362,22.363787,22.621313,22.193434,23.08421,20.596397,20.613531,0.0,4.0,0.0,0.0,0.0,0.0,4.0,0.0
35808,2023.0,9.0,6.0,16.0,21.505613,22.10908,21.077951,21.647854,21.951685,22.894121,21.625391,22.553862,20.981037,20.999313,21.236603,21.2623,22.35292,22.614683,21.78727,22.123402,20.609661,20.631376,4.0,4.0,4.0,0.0,0.0,0.0,0.0,0.0
35809,2023.0,9.0,6.0,16.0,21.382208,21.936691,21.111393,21.686234,21.50765,22.008741,21.779802,22.730959,20.98579,21.006706,21.24434,21.273685,22.866495,23.577438,21.65771,21.920944,20.619368,20.643631,4.0,0.0,4.0,0.0,0.0,4.0,0.0,0.0
35810,2023.0,9.0,6.0,16.0,21.352867,21.903873,21.37515,22.1899,21.377853,21.836002,21.84673,22.789265,20.98875,21.01225,21.249186,21.281546,22.525862,22.856833,22.572338,23.6504,20.627348,20.65388,4.0,0.0,4.0,0.0,0.0,0.0,4.0,0.0
35811,2023.0,9.0,6.0,16.0,21.895868,22.929077,21.169273,21.737793,21.85152,22.751057,21.904528,22.84103,20.99065,21.01741,21.252605,21.288414,23.087296,23.959524,21.982504,22.340511,20.634775,20.664068,0.0,4.0,4.0,0.0,0.0,4.0,0.0,0.0
35812,2023.0,9.0,6.0,16.0,22.065405,23.117022,21.41707,22.225325,21.510252,22.011074,21.954136,22.884912,21.661455,22.285002,21.254574,21.294018,22.615566,22.957098,21.789047,22.049778,20.641384,20.673672,4.0,0.0,4.0,4.0,0.0,0.0,0.0,0.0
35813,2023.0,9.0,6.0,16.0,22.144436,23.187082,21.205635,21.761618,21.905632,22.804415,21.998636,22.923578,21.26317,21.391405,21.254915,21.298248,22.45853,22.722054,21.756405,22.015244,20.647058,20.68249,0.0,4.0,4.0,0.0,0.0,0.0,0.0,0.0
35814,2023.0,9.0,6.0,17.0,22.21108,23.246195,21.455246,22.25469,22.044691,22.96403,21.547499,22.041132,21.338219,21.6067,21.253777,21.301239,23.117355,23.998486,21.737158,21.997246,20.651787,20.690544,4.0,4.0,0.0,0.0,0.0,4.0,0.0,0.0
35815,2023.0,9.0,6.0,17.0,22.264118,23.288258,21.232002,21.768427,21.599932,22.07432,21.92072,22.816353,21.410727,21.726849,21.620382,21.995958,23.261702,24.163645,21.508924,21.554577,20.65339,20.693584,0.0,0.0,4.0,0.0,4.0,4.0,0.0,0.0
35816,2023.0,9.0,6.0,17.0,22.309387,23.321825,21.475208,22.250769,21.465664,21.891598,22.0286,22.932468,21.425526,21.740562,21.414845,21.540876,22.687359,23.022535,21.430954,21.45549,21.47879,22.255545,4.0,0.0,4.0,0.0,0.0,0.0,0.0,4.0
35817,2023.0,9.0,6.0,17.0,22.35068,23.352507,21.25898,21.78104,21.938843,22.806797,22.070816,22.963562,21.199144,21.27714,21.298714,21.354591,23.195257,24.057777,21.39314,21.418056,21.18027,21.5335,0.0,4.0,4.0,0.0,0.0,4.0,0.0,0.0
35818,2023.0,9.0,6.0,17.0,21.857292,22.385569,21.504595,22.2701,22.077665,22.962822,22.108067,22.990673,21.116774,21.15963,21.272467,21.325489,23.317614,24.201576,21.36285,21.38928,21.083582,21.37523,4.0,4.0,4.0,0.0,0.0,4.0,0.0,0.0
35819,2023.0,9.0,6.0,17.0,22.259586,23.221395,21.280907,21.787216,22.132612,23.005312,22.139326,23.011549,21.09121,21.13471,21.6034,21.96441,23.353205,24.228197,21.337923,21.366701,21.902235,22.916508,0.0,4.0,4.0,0.0,4.0,4.0,0.0,4.0
35820,2023.0,9.0,6.0,18.0,21.85607,22.377684,21.515303,22.255306,22.178596,23.040808,22.168327,23.030758,21.070501,21.11545,21.39999,21.525053,22.75467,23.060705,21.315626,21.346445,22.113377,23.125872,4.0,4.0,4.0,0.0,0.0,0.0,0.0,4.0
35821,2023.0,9.0,6.0,18.0,22.256683,23.199825,21.60562,22.354986,21.71807,22.137472,22.18649,23.030388,21.717846,22.354065,21.279385,21.337906,22.55511,22.774452,21.292841,21.323051,21.500164,21.87428,4.0,0.0,4.0,4.0,0.0,0.0,0.0,0.0
35822,2023.0,9.0,6.0,18.0,22.366283,23.30951,21.629639,22.357555,21.548294,21.899242,21.701206,22.09318,21.478743,21.793764,21.603872,21.974314,22.474022,22.678,21.270157,21.299313,21.284653,21.535158,4.0,0.0,0.0,0.0,4.0,0.0,0.0,0.0
35823,2023.0,9.0,6.0,18.0,22.40201,23.325212,21.646397,22.353004,21.990442,22.765392,22.040394,22.814436,21.381147,21.638285,21.579243,21.901194,23.087982,23.886686,22.17622,23.03221,21.216967,21.449163,4.0,4.0,4.0,0.0,0.0,4.0,4.0,0.0
35824,2023.0,9.0,6.0,18.0,22.431036,23.335754,21.333672,21.742207,22.120234,22.914906,22.145348,22.938335,22.00831,22.827578,21.529514,21.816046,23.205923,24.014626,21.742472,22.035492,21.168621,21.387424,0.0,4.0,4.0,4.0,0.0,4.0,0.0,0.0
35825,2023.0,9.0,6.0,18.0,22.453175,23.33965,21.206146,21.556131,22.156696,22.93094,21.683142,22.04045,21.61005,21.945023,21.825964,22.378426,22.647913,22.927464,22.49402,23.504736,20.974445,21.028208,0.0,4.0,0.0,0.0,4.0,0.0,4.0,0.0
35826,2023.0,9.0,6.0,19.0,22.471558,23.34014,21.48159,22.094635,22.184107,22.939438,22.01295,22.739307,21.413528,21.628609,21.631426,21.957064,22.418634,22.577135,21.878336,22.161114,20.888153,20.920973,4.0,4.0,4.0,0.0,0.0,0.0,0.0,0.0
35827,2023.0,9.0,6.0,19.0,22.484306,23.332964,21.566677,22.192541,22.201382,22.935694,22.11344,22.852797,21.348478,21.539072,21.829317,22.358128,23.02433,23.787075,21.633778,21.790108,20.843513,20.874596,4.0,4.0,4.0,0.0,4.0,4.0,0.0,0.0
35828,2023.0,9.0,6.0,19.0,21.97586,22.354761,21.580967,22.183475,22.213236,22.926676,21.640741,21.934622,21.173838,21.222164,21.887417,22.414518,22.521378,22.74732,21.556313,21.693096,21.62899,22.392252,4.0,4.0,0.0,0.0,4.0,0.0,0.0,4.0
35829,2023.0,9.0,6.0,19.0,22.35383,23.1609,21.587236,22.166431,22.221087,22.913824,22.025072,22.744846,21.091991,21.119709,21.588684,21.835934,22.293646,22.401756,21.498375,21.62053,21.204807,21.434124,4.0,4.0,4.0,0.0,0.0,0.0,0.0,0.0
35830,2023.0,9.0,6.0,19.0,21.91292,22.257023,21.264637,21.544714,22.225962,22.898394,22.091383,22.776613,21.696646,22.296387,21.445261,21.616484,22.203129,22.29122,21.365421,21.389402,21.858261,22.72605,0.0,4.0,4.0,4.0,0.0,0.0,0.0,4.0
35831,2023.0,9.0,6.0,19.0,22.296238,23.064693,21.11747,21.330906,22.228144,22.880413,21.603628,21.836584,21.373259,21.570393,21.276539,21.326723,22.833607,23.535126,21.302814,21.316929,21.296057,21.508215,0.0,4.0,0.0,0.0,0.0,4.0,0.0,0.0
35832,2023.0,9.0,6.0,20.0,22.402803,23.177681,21.043974,21.230652,21.722223,21.915144,21.992477,22.657572,21.211151,21.31716,21.183256,21.204744,22.923433,23.598042,21.264433,21.276432,21.072783,21.171518,0.0,0.0,4.0,0.0,0.0,4.0,0.0,0.0
35833,2023.0,9.0,6.0,20.0,22.43145,23.192871,20.905025,20.990242,22.115868,22.755451,22.057348,22.690863,21.158264,21.253532,21.132584,21.153076,22.949636,23.609993,21.233707,21.246162,21.003374,21.092592,0.0,4.0,4.0,0.0,0.0,4.0,0.0,0.0
35834,2023.0,9.0,6.0,20.0,21.925985,22.213394,20.832577,20.895775,21.683548,21.86898,22.073137,22.691362,21.726786,22.347778,21.089901,21.110718,22.973955,23.621878,21.207493,21.220549,20.954924,21.038906,0.0,0.0,4.0,4.0,0.0,4.0,0.0,0.0
35835,2023.0,9.0,6.0,20.0,22.360106,23.12853,20.791494,20.849447,21.484526,21.586967,21.588612,21.759796,21.903353,22.549625,21.051563,21.072166,22.385523,22.48631,21.184109,21.197292,20.861795,20.886131,0.0,0.0,0.0,4.0,0.0,0.0,0.0,0.0
35836,2023.0,9.0,6.0,20.0,22.430418,23.163534,21.162516,21.569925,21.404673,21.49351,21.969175,22.569122,21.966576,22.597435,21.016794,21.0372,22.181414,22.198626,21.162933,21.176086,21.636446,22.38969,4.0,0.0,4.0,4.0,0.0,0.0,0.0,4.0
35837,2023.0,9.0,6.0,20.0,22.448967,23.165768,21.286488,21.722546,21.929403,22.521387,22.053387,22.643522,22.017881,22.635096,20.984419,21.003918,22.090208,22.097782,21.14309,21.15569,21.856415,22.621126,4.0,4.0,4.0,4.0,0.0,0.0,0.0,4.0
35838,2023.0,9.0,6.0,21.0,21.941162,22.184738,21.334412,21.77752,21.536997,21.681492,22.066828,22.641,21.483763,21.587502,21.293444,21.60975,22.01963,22.021961,21.12508,21.137024,21.216806,21.329933,4.0,0.0,4.0,0.0,4.0,0.0,0.0,0.0
35839,2023.0,9.0,6.0,21.0,21.75594,21.937288,21.363419,21.796482,21.355536,21.41678,21.586454,21.71932,21.297913,21.330711,21.087067,21.15874,21.959944,21.95807,21.109207,21.120646,21.80365,22.532757,4.0,0.0,0.0,0.0,0.0,0.0,0.0,4.0
35840,2023.0,9.0,6.0,21.0,21.675772,21.846666,21.050362,21.188837,21.86855,22.423868,21.383635,21.434853,21.222248,21.246443,20.975615,20.993586,21.910408,21.908386,21.092627,21.100664,21.252913,21.35824,0.0,4.0,0.0,0.0,0.0,0.0,0.0,0.0
35841,2023.0,9.0,6.0,21.0,22.237223,22.947052,21.290138,21.692423,21.987356,22.539623,21.297756,21.335121,21.164368,21.182463,20.938763,20.952713,21.866493,21.864204,21.077326,21.08247,21.046673,21.070066,4.0,4.0,0.0,0.0,0.0,0.0,0.0,0.0
35842,2023.0,9.0,6.0,21.0,21.808935,22.028902,21.028791,21.149328,21.518047,21.621647,21.234648,21.263905,21.109892,21.116194,20.907528,20.917004,22.532034,23.163544,21.063992,21.066582,20.975658,20.991917,0.0,0.0,0.0,0.0,0.0,4.0,0.0,0.0
35843,2023.0,9.0,6.0,21.0,22.240498,22.92125,20.88152,20.929031,21.328526,21.3471,21.18317,21.205938,21.06879,21.072973,20.880104,20.885923,22.02439,22.071514,21.051796,21.051847,21.703978,22.408695,0.0,0.0,0.0,0.0,0.0,0.0,0.0,4.0
35844,2023.0,9.0,6.0,22.0,21.808168,22.008522,21.203156,21.563782,21.835619,22.349123,21.141594,21.161276,21.035696,21.039364,20.854822,20.857273,21.84076,21.804855,21.040028,21.0376,21.167845,21.23901,4.0,4.0,0.0,0.0,0.0,0.0,0.0,0.0
35845,2023.0,9.0,6.0,22.0,21.622784,21.748459,20.965538,21.058834,21.46051,21.548954,21.107012,21.125034,21.004515,21.004124,21.111116,21.353256,21.781267,21.739555,21.90507,22.675539,21.686613,22.312592,0.0,0.0,0.0,0.0,4.0,0.0,4.0,4.0
35846,2023.0,9.0,6.0,22.0,21.554731,21.670807,20.821629,20.839245,21.265858,21.258453,21.076315,21.09243,20.976713,20.973562,20.939571,20.977034,21.764643,21.751675,21.328852,21.380182,21.179384,21.230145,0.0,0.0,0.0,0.0,0.0,0.0,0.0,0.0
35847,2023.0,9.0,6.0,22.0,22.20495,22.940937,20.781754,20.798649,21.198322,21.178255,21.048735,21.062855,20.951393,20.945683,20.848959,20.844852,21.73251,21.716158,21.14884,21.124071,20.988527,20.969902,0.0,0.0,0.0,0.0,0.0,0.0,0.0,0.0
35848,2023.0,9.0,6.0,22.0,22.258356,22.890078,21.164192,21.540815,21.178795,21.181965,21.657478,22.2291,20.928316,20.92024,20.819624,20.811842,22.360964,22.932896,21.101465,21.069893,20.920967,20.897123,4.0,0.0,4.0,0.0,0.0,4.0,0.0,0.0
35849,2023.0,9.0,6.0,22.0,22.283043,22.897312,20.927727,21.018848,21.153055,21.158667,21.278563,21.381554,20.907621,20.897207,20.794561,20.784012,21.849508,21.840471,21.064703,21.027332,20.868261,20.84087,0.0,0.0,0.0,0.0,0.0,0.0,0.0,0.0
35850,2023.0,9.0,6.0,23.0,22.315586,22.920208,21.219542,21.615526,21.124548,21.127783,21.058071,21.0285,20.888575,20.875479,20.772125,20.758324,21.687836,21.614288,21.06121,21.045004,20.849058,20.84232,4.0,0.0,0.0,0.0,0.0,0.0,0.0,0.0
35851,2023.0,9.0,6.0,23.0,21.794718,21.915182,20.898212,20.934843,21.10026,21.102776,20.996145,20.95634,20.872274,20.857826,21.044613,21.28391,21.63506,21.556374,21.047178,21.030882,20.8187,20.807768,0.0,0.0,0.0,0.0,4.0,0.0,0.0,0.0
35852,2023.0,9.0,6.0,23.0,21.612902,21.674658,20.744787,20.706034,21.0769,21.077595,20.95212,20.9064,20.856432,20.840029,20.836151,20.830786,21.642662,21.612514,21.030783,21.012676,20.789366,20.7759,0.0,0.0,0.0,0.0,0.0,0.0,0.0,0.0
35853,2023.0,9.0,6.0,23.0,21.54201,21.603943,21.084959,21.377699,21.057026,21.057705,20.963436,20.95976,20.84185,20.82455,20.776064,20.758684,21.622488,21.59372,21.016083,20.997074,21.477556,22.09445,4.0,0.0,0.0,0.0,0.0,0.0,0.0,4.0
35854,2023.0,9.0,6.0,23.0,21.485344,21.543943,21.17772,21.48588,21.037481,21.037073,20.953154,20.955675,21.39009,21.867174,20.749247,20.72912,21.596724,21.566742,21.001518,20.981092,20.960724,20.961605,4.0,0.0,0.0,4.0,0.0,0.0,0.0,0.0
35855,2023.0,9.0,6.0,23.0,21.510412,21.637054,20.852674,20.853565,21.018892,21.01717,20.934544,20.936092,21.024517,21.048876,20.726124,20.70391,21.571579,21.53987,20.98736,20.96543,20.798557,20.743536,0.0,0.0,0.0,0.0,0.0,0.0,0.0,0.0
35856,2023.0,9.0,7.0,0.0,21.495167,21.626196,21.122683,21.414993,21.001152,20.99801,20.91624,20.916393,20.903467,20.882528,20.705372,20.68108,21.547346,21.513863,20.973526,20.950077,20.74537,20.685568,4.0,0.0,0.0,0.0,0.0,0.0,0.0,0.0
35857,2023.0,9.0,7.0,0.0,21.470957,21.600534,20.829185,20.812138,20.984749,20.980658,20.899078,20.898325,20.870342,20.847212,20.68622,20.660454,21.524593,21.48982,20.960306,20.935686,20.74359,20.721203,0.0,0.0,0.0,0.0,0.0,0.0,0.0,0.0
35858,2023.0,9.0,7.0,0.0,21.447014,21.57425,20.691187,20.60998,20.968033,20.962084,20.881502,20.878908,20.842344,20.816776,20.666998,20.638922,21.502,21.465254,20.946875,20.920721,20.72292,20.700798,0.0,0.0,0.0,0.0,0.0,0.0,0.0,0.0
35859,2023.0,9.0,7.0,0.0,21.42528,21.55105,20.718021,20.708294,20.952888,20.945967,20.865543,20.862038,20.819626,20.79275,20.649143,20.619669,21.480932,21.442997,20.93403,20.906744,20.69934,20.676058,0.0,0.0,0.0,0.0,0.0,0.0,0.0,0.0
35860,2023.0,9.0,7.0,0.0,21.405584,21.530897,20.699656,20.692726,20.939318,20.932615,20.85126,20.84808,20.799788,20.77283,20.920609,21.141626,21.461538,21.423532,20.921843,20.894058,21.393671,22.003479,0.0,0.0,0.0,0.0,4.0,0.0,0.0,4.0
35861,2023.0,9.0,7.0,0.0,21.388378,21.514757,20.678122,20.670694,20.924898,20.917107,20.836294,20.831987,20.780048,20.751743,21.04895,21.319141,21.441597,21.402388,20.909094,20.880198,20.861736,20.838114,0.0,0.0,0.0,0.0,4.0,0.0,0.0,0.0
35862,2023.0,9.0,7.0,1.0,21.383488,21.52116,20.657383,20.648165,20.910448,20.901173,20.821615,20.815672,20.760855,20.730858,20.778662,20.773258,21.421766,21.380976,20.896103,20.865862,20.695856,20.615475,0.0,0.0,0.0,0.0,0.0,0.0,0.0,0.0
35863,2023.0,9.0,7.0,1.0,21.369413,21.506027,20.639368,20.629477,20.89716,20.887238,20.808207,20.801498,20.743366,20.712616,20.980267,21.19808,21.403334,21.361872,20.883741,20.852777,21.330349,21.851192,0.0,0.0,0.0,0.0,4.0,0.0,0.0,4.0
35864,2023.0,9.0,7.0,1.0,21.353848,21.488777,20.621933,20.610912,20.883698,20.872808,20.794699,20.786896,20.726086,20.694242,20.708857,20.634516,21.384945,21.342451,20.871117,20.83921,20.844122,20.803186,0.0,0.0,0.0,0.0,0.0,0.0,0.0,0.0
35865,2023.0,9.0,7.0,1.0,21.338503,21.47174,20.60543,20.593237,20.870403,20.8585,20.781502,20.772526,21.275236,21.740294,20.864965,20.992908,21.36702,21.323502,20.85852,20.82568,21.372782,21.885963,0.0,0.0,0.0,4.0,4.0,0.0,0.0,4.0
35866,2023.0,9.0,7.0,1.0,21.323586,21.455137,20.58963,20.576258,20.857214,20.844267,20.768476,20.758308,21.50034,22.032991,20.655024,20.562046,21.349518,21.304989,20.845938,20.812174,20.874258,20.826378,0.0,0.0,0.0,4.0,0.0,0.0,0.0,0.0
35867,2023.0,9.0,7.0,1.0,21.308725,21.437914,20.572992,20.55693,20.842976,20.82785,20.754467,20.74198,21.473883,21.88499,20.55321,20.434784,21.331474,21.28501,20.832756,20.797472,20.70683,20.608154,0.0,0.0,0.0,4.0,0.0,0.0,0.0,0.0
35868,2023.0,9.0,7.0,2.0,21.295881,21.424026,20.559517,20.543564,20.830824,20.815588,20.742373,20.729717,20.954685,20.872547,20.581907,20.53287,21.315506,21.268843,20.820673,20.78499,20.649942,20.55214,0.0,0.0,0.0,0.0,0.0,0.0,0.0,0.0
35869,2023.0,9.0,7.0,2.0,21.282486,21.408978,20.544952,20.527842,20.817656,20.80129,20.729078,20.715332,20.801628,20.687044,20.575546,20.533478,21.299093,21.251457,20.808058,20.771458,21.371548,21.959557,0.0,0.0,0.0,0.0,0.0,0.0,0.0,4.0
35870,2023.0,9.0,7.0,2.0,21.268457,21.392952,20.530077,20.511372,20.804026,20.786133,20.715334,20.700073,20.73672,20.618732,20.554913,20.512009,21.282553,21.233576,20.795095,20.75731,20.831896,20.779621,0.0,0.0,0.0,0.0,0.0,0.0,0.0,0.0
35871,2023.0,9.0,7.0,2.0,21.253471,21.375319,20.51398,20.49231,20.789236,20.768694,20.700544,20.682594,20.681679,20.55827,20.53236,20.486595,21.265474,21.214357,20.781532,20.742008,20.65265,20.541515,0.0,0.0,0.0,0.0,0.0,0.0,0.0,0.0
35872,2023.0,9.0,7.0,2.0,21.2398,21.36044,20.500902,20.479132,20.776693,20.755835,21.331036,21.879864,21.281221,21.730934,20.802328,21.008095,21.250433,21.198975,20.769184,20.729185,20.596415,20.4861,0.0,0.0,4.0,4.0,4.0,0.0,0.0,0.0
35873,2023.0,9.0,7.0,2.0,21.225275,21.343927,20.486607,20.463202,20.762877,20.740505,20.95218,21.020945,20.929756,20.941767,20.61979,20.607765,21.234737,21.182043,20.756168,20.715067,20.615877,20.571405,0.0,0.0,0.0,0.0,0.0,0.0,0.0,0.0
35874,2023.0,9.0,7.0,3.0,21.210323,21.326359,20.471802,20.445892,20.748253,20.723652,20.668447,20.536104,20.70433,20.572775,20.845398,21.072252,21.21867,21.164162,20.742653,20.7,20.602865,20.562729,0.0,0.0,0.0,0.0,4.0,0.0,0.0,0.0
35875,2023.0,9.0,7.0,3.0,21.196264,21.31062,20.458166,20.430714,20.734438,20.708515,20.598072,20.455242,20.635328,20.49893,20.606573,20.567099,21.203611,21.148129,20.729708,20.68616,20.579542,20.53864,0.0,0.0,0.0,0.0,0.0,0.0,0.0,0.0
35876,2023.0,9.0,7.0,3.0,21.181934,21.294527,20.444063,20.41445,20.720076,20.692324,20.670792,20.64185,20.676779,20.62828,20.537369,20.484722,21.188448,21.131727,20.716503,20.671875,20.556314,20.514147,0.0,0.0,0.0,0.0,0.0,0.0,0.0,0.0
35877,2023.0,9.0,7.0,3.0,21.168037,21.279446,20.431757,20.401852,20.707186,20.679157,20.662148,20.634218,21.23953,21.69889,20.508581,20.456572,21.17431,21.117321,20.703852,20.658865,20.535013,20.492867,0.0,0.0,0.0,4.0,0.0,0.0,0.0,0.0
35878,2023.0,9.0,7.0,3.0,21.153591,21.26327,20.418211,20.38683,20.693172,20.66382,20.646114,20.617859,20.856129,20.853455,20.481161,20.427862,21.1595,21.101545,20.69049,20.64462,20.513548,20.47047,0.0,0.0,0.0,0.0,0.0,0.0,0.0,0.0
35879,2023.0,9.0,7.0,3.0,21.138803,21.246202,20.40341,20.369331,20.67799,20.646233,20.628014,20.597483,20.625486,20.474127,20.45497,20.398905,21.143957,21.084335,20.676352,20.629051,20.491884,20.447002,0.0,0.0,0.0,0.0,0.0,0.0,0.0,0.0
35880,2023.0,9.0,7.0,4.0,21.12525,21.23155,20.391024,20.35667,20.664898,20.632853,20.612272,20.58186,21.110666,21.44313,20.433187,20.377388,21.129778,21.069878,20.663103,20.61546,20.472591,20.427647,0.0,0.0,0.0,4.0,0.0,0.0,0.0,0.0
35881,2023.0,9.0,7.0,4.0,21.110868,21.215502,20.377312,20.341516,20.65059,20.617228,20.59533,20.563791,20.698492,20.568296,20.410858,20.353905,21.1148,21.053947,20.649006,20.600494,20.452822,20.406971,0.0,0.0,0.0,0.0,0.0,0.0,0.0,0.0
35882,2023.0,9.0,7.0,4.0,21.096657,21.199747,20.363716,20.326597,20.636349,20.601791,20.578693,20.546144,20.562267,20.404696,20.389368,20.331469,21.099804,21.038122,20.634718,20.585445,21.155048,21.746714,0.0,0.0,0.0,0.0,0.0,0.0,0.0,4.0
35883,2023.0,9.0,7.0,4.0,21.082085,21.18353,20.349905,20.311327,20.62189,20.585987,20.562166,20.528357,20.601809,20.537199,20.658642,20.852415,21.084482,21.02184,20.619963,20.569817,20.68223,20.696413,0.0,0.0,0.0,0.0,4.0,0.0,0.0,0.0
35884,2023.0,9.0,7.0,4.0,21.067034,21.16666,20.335966,20.295738,20.607216,20.569809,20.545834,20.510492,20.594769,20.539154,20.468124,20.43668,21.068792,21.005049,20.604702,20.553556,21.133007,21.60793,0.0,0.0,0.0,0.0,0.0,0.0,0.0,4.0
35885,2023.0,9.0,7.0,4.0,21.052113,21.15021,20.322392,20.28075,20.592756,20.554129,20.530117,20.49349,20.570456,20.514559,20.38497,20.32472,21.053097,20.988508,20.589277,20.537365,20.597544,20.488789,0.0,0.0,0.0,0.0,0.0,0.0,0.0,0.0
35886,2023.0,9.0,7.0,5.0,21.036963,21.1334,20.308603,20.265423,20.57807,20.538073,20.51435,20.476284,20.545311,20.488432,20.354588,20.292402,21.714762,22.254925,20.573326,20.520523,20.427553,20.276085,0.0,0.0,0.0,0.0,0.0,4.0,0.0,0.0
35887,2023.0,9.0,7.0,5.0,21.022114,21.117218,20.295164,20.250944,20.563784,20.522802,20.498867,20.459894,20.520876,20.463305,20.327475,20.264412,21.13607,21.012533,20.557236,20.50378,20.363766,20.211508,0.0,0.0,0.0,0.0,0.0,0.0,0.0,0.0
35888,2023.0,9.0,7.0,5.0,21.007156,21.100775,20.281593,20.236221,21.196331,21.724535,20.483097,20.443136,20.496794,20.438244,20.593184,20.782131,20.956244,20.763718,20.540752,20.486467,20.403055,20.341885,0.0,4.0,0.0,0.0,4.0,0.0,0.0,0.0
35889,2023.0,9.0,7.0,5.0,20.992184,21.08444,20.268148,20.221691,20.81687,20.865913,20.467361,20.426538,20.47347,20.414099,20.404224,20.372412,20.905836,20.711885,20.524479,20.469465,20.395126,20.341597,0.0,0.0,0.0,0.0,0.0,0.0,0.0,0.0
35890,2023.0,9.0,7.0,5.0,20.978466,21.070791,20.254858,20.207363,20.513424,20.342016,20.45176,20.410147,20.45088,20.390835,20.313787,20.248863,21.653027,22.174843,20.508783,20.45316,20.370993,20.31734,0.0,0.0,0.0,0.0,0.0,4.0,0.0,0.0
35891,2023.0,9.0,7.0,5.0,20.976423,21.080517,20.241306,20.19259,20.416103,20.216343,20.435932,20.393301,20.999249,21.440214,20.572685,20.759024,21.7381,22.170273,20.492825,20.43643,21.069489,21.654642,0.0,0.0,0.0,4.0,4.0,4.0,0.0,4.0
35892,2023.0,9.0,7.0,6.0,20.96683,21.071123,20.227886,20.17799,20.497942,20.425974,20.42037,20.376728,21.220886,21.729057,20.690548,20.924736,21.131756,20.974436,20.47659,20.419508,21.175386,21.678625,0.0,0.0,0.0,4.0,4.0,0.0,0.0,4.0
35893,2023.0,9.0,7.0,6.0,21.006351,21.149538,20.215012,20.164095,21.06483,21.445436,21.078634,21.560974,20.591984,20.45377,20.28885,20.124964,21.000856,20.82832,21.097328,21.50147,20.529585,20.40077,0.0,0.0,0.0,0.0,0.0,0.0,0.0,0.0
35894,2023.0,9.0,7.0,6.0,21.57893,22.224161,20.200953,20.149416,21.30821,21.818283,21.00132,21.34422,20.336042,20.160986,20.096088,19.903708,21.006762,20.882088,21.000397,21.28107,21.019873,21.513407,0.0,4.0,0.0,0.0,0.0,0.0,0.0,4.0
35895,2023.0,9.0,7.0,6.0,21.233522,21.38544,20.609787,20.928144,21.266819,21.611712,21.011423,21.326618,20.26884,20.09151,20.14565,20.06188,21.550493,21.934177,21.010702,21.270107,20.545338,20.411974,4.0,4.0,0.0,0.0,0.0,4.0,0.0,0.0
35896,2023.0,9.0,7.0,6.0,21.478743,21.949793,20.782131,21.118177,20.986908,21.140503,21.274185,21.776554,20.32353,20.247992,20.163929,20.09174,21.109287,20.93979,21.668665,22.472813,20.303442,20.143162,4.0,0.0,4.0,0.0,0.0,0.0,4.0,0.0
35897,2023.0,9.0,7.0,6.0,21.620764,22.097689,20.333845,20.220901,21.017586,21.201084,20.97685,21.19227,20.339905,20.274187,20.149218,20.078295,21.566954,21.957022,20.949091,21.031284,20.229555,20.066196,0.0,0.0,0.0,0.0,0.0,4.0,0.0,0.0
35898,2023.0,9.0,7.0,7.0,21.666878,22.141048,20.49562,20.651154,21.013315,21.188997,21.139166,21.476599,20.327496,20.262667,20.131924,20.060526,21.795036,22.20858,21.02824,21.19722,20.277584,20.21369,4.0,0.0,4.0,0.0,0.0,4.0,0.0,0.0
35899,2023.0,9.0,7.0,7.0,21.151829,21.14661,20.248783,20.11995,21.007519,21.186502,20.996851,21.204184,20.944162,21.43407,20.122618,20.055658,21.209585,21.047901,21.01117,21.166502,20.287502,20.232086,0.0,0.0,0.0,4.0,0.0,0.0,0.0,0.0
35900,2023.0,9.0,7.0,7.0,21.568481,22.088778,20.083723,19.90612,21.00814,21.194109,21.0172,21.24533,21.125355,21.534685,20.11897,20.056698,20.996492,20.820438,21.012335,21.167505,20.277842,20.226915,0.0,0.0,0.0,4.0,0.0,0.0,0.0,0.0
35901,2023.0,9.0,7.0,7.0,21.17729,21.209486,20.575632,20.886555,21.381783,21.88993,21.014013,21.23788,21.200155,21.614315,20.448164,20.676773,21.00538,20.872488,21.007246,21.162825,20.269428,20.22262,4.0,4.0,0.0,4.0,4.0,0.0,0.0,0.0
35902,2023.0,9.0,7.0,7.0,21.598846,22.155281,20.427303,20.463842,20.964539,21.067955,21.344477,21.852943,20.679829,20.577547,20.65122,20.926838,21.622288,22.061552,21.007292,21.163595,20.265312,20.222622,0.0,0.0,4.0,0.0,4.0,4.0,0.0,0.0
35903,2023.0,9.0,7.0,7.0,21.211885,21.275686,20.682747,21.02581,21.265423,21.64839,21.360191,21.75995,20.47406,20.349718,20.633549,20.808617,21.875729,22.34273,21.007349,21.161915,21.05266,21.70936,4.0,4.0,4.0,0.0,4.0,4.0,0.0,4.0
35904,2023.0,9.0,7.0,8.0,21.624886,22.205137,20.38382,20.34261,20.969894,21.07643,21.361706,21.764364,21.072641,21.52011,20.337181,20.23689,21.32003,21.218136,21.00655,21.156908,21.332272,21.938202,0.0,0.0,4.0,4.0,0.0,0.0,0.0,4.0
35905,2023.0,9.0,7.0,8.0,21.79099,22.357557,20.193165,20.103273,20.742865,20.672106,21.40153,21.821667,20.734043,20.681274,20.5602,20.7369,21.127304,20.996937,21.773407,22.587244,20.711172,20.679163,0.0,0.0,4.0,0.0,4.0,0.0,4.0,0.0
35906,2023.0,9.0,7.0,8.0,21.284037,21.37394,20.575571,20.853077,20.6463,20.555153,21.442003,21.881672,20.597723,20.502213,20.379461,20.319487,21.107014,20.98861,21.890194,22.607044,20.536932,20.451887,4.0,0.0,4.0,0.0,0.0,0.0,4.0,0.0
35907,2023.0,9.0,7.0,8.0,21.768454,22.384874,20.356363,20.37355,21.304283,21.845648,21.48039,21.937618,20.582117,20.501493,20.327095,20.250484,21.79965,22.314892,21.166916,21.164803,20.506454,20.435152,0.0,4.0,4.0,0.0,0.0,4.0,0.0,0.0
35908,2023.0,9.0,7.0,8.0,21.884184,22.503815,20.256266,20.232862,20.902815,20.95635,21.519302,21.994705,20.614918,20.579779,20.371504,20.33539,22.015944,22.571703,21.874575,22.608843,20.49828,20.441479,0.0,0.0,4.0,0.0,0.0,4.0,4.0,0.0
35909,2023.0,9.0,7.0,8.0,21.397556,21.561192,20.259226,20.26684,20.722744,20.70089,21.557707,22.050821,20.63151,20.604082,20.40374,20.376415,21.499731,21.513058,21.276077,21.319784,21.351635,22.064888,0.0,0.0,4.0,0.0,0.0,0.0,0.0,4.0
35910,2023.0,9.0,7.0,9.0,21.863754,22.533533,20.256374,20.27756,20.688553,20.683105,21.596731,22.107862,20.641752,20.61605,20.428726,20.40279,21.358221,21.29291,21.063414,21.01314,20.858267,20.92521,0.0,0.0,4.0,0.0,0.0,0.0,0.0,0.0
35911,2023.0,9.0,7.0,9.0,21.980303,22.652458,20.25067,20.280787,21.318892,21.904308,21.121284,21.205126,20.655518,20.631376,20.456951,20.43259,21.351748,21.300077,21.02305,20.984362,20.697176,20.681604,0.0,4.0,0.0,0.0,0.0,0.0,0.0,0.0
35912,2023.0,9.0,7.0,9.0,21.481453,21.683474,20.247509,20.287035,20.935259,21.051298,20.953192,20.995226,20.673424,20.651129,20.48889,20.466433,21.366903,21.333109,21.01212,20.990072,20.690641,20.687115,0.0,0.0,0.0,0.0,0.0,0.0,0.0,0.0
35913,2023.0,9.0,7.0,9.0,21.967508,22.694733,20.246359,20.295456,21.392597,21.981659,20.906876,20.97443,21.365646,21.93881,20.886784,21.182465,21.37876,21.34919,21.919981,22.715382,20.70471,20.716913,0.0,4.0,0.0,4.0,4.0,0.0,4.0,0.0
35914,2023.0,9.0,7.0,9.0,21.55581,21.823301,20.661642,21.082344,21.549507,22.163635,21.476854,22.090517,21.653524,22.30059,20.776937,20.871637,21.392397,21.365349,21.399862,21.534464,20.686148,20.670965,4.0,4.0,4.0,4.0,0.0,0.0,0.0,0.0
35915,2023.0,9.0,7.0,9.0,21.40417,21.630423,20.809753,21.259201,21.62246,22.251873,21.627987,22.259333,21.206127,21.35135,21.066963,21.394537,21.409927,21.385506,21.221245,21.24852,20.686987,20.670069,4.0,4.0,4.0,0.0,4.0,0.0,0.0,0.0
35916,2023.0,9.0,7.0,10.0,21.95207,22.702126,20.591648,20.815153,21.181824,21.384642,21.69682,22.343313,21.72677,22.352575,20.963501,21.10695,21.43019,21.408155,21.20853,21.250986,20.699974,20.685318,0.0,0.0,4.0,4.0,0.0,0.0,0.0,0.0
35917,2023.0,9.0,7.0,10.0,21.57437,21.892614,20.547144,20.760754,21.63986,22.32846,21.765373,22.43124,21.38744,21.583927,20.957912,21.07639,21.45289,21.43344,21.221165,21.280872,20.717484,20.705458,0.0,4.0,4.0,0.0,0.0,0.0,0.0,0.0
35918,2023.0,9.0,7.0,10.0,22.040897,22.838947,20.56565,20.804724,21.25078,21.497175,21.828093,22.514212,21.260555,21.36449,21.022371,21.160803,21.477951,21.46163,21.155785,21.144136,20.738537,20.729578,0.0,0.0,4.0,0.0,0.0,0.0,0.0,0.0
35919,2023.0,9.0,7.0,10.0,22.187164,23.011732,20.821892,21.265276,21.12869,21.349852,21.391375,21.66921,21.272528,21.386568,20.960579,20.987253,22.247772,22.900246,22.081669,22.90242,20.761688,20.755348,4.0,0.0,0.0,0.0,0.0,4.0,4.0,0.0
35920,2023.0,9.0,7.0,10.0,21.733358,22.109686,20.585316,20.76022,21.109447,21.351095,21.777302,22.47844,21.310127,21.443806,20.958658,20.961931,21.958141,22.198622,21.651606,21.891958,20.787724,20.784948,0.0,0.0,4.0,0.0,0.0,0.0,0.0,0.0
35921,2023.0,9.0,7.0,10.0,22.18748,23.040579,20.487125,20.618958,21.545927,22.17717,21.412323,21.718908,21.213812,21.22408,21.366854,21.698135,21.852543,21.993095,21.496887,21.631454,20.815268,20.816225,0.0,4.0,0.0,0.0,4.0,0.0,0.0,0.0
35922,2023.0,9.0,7.0,11.0,22.327461,23.208155,20.859571,21.335558,21.803307,22.580507,21.837605,22.5925,21.200928,21.20153,21.203194,21.277626,21.882391,22.033573,21.500057,21.64524,20.844204,20.848896,4.0,4.0,4.0,0.0,0.0,0.0,0.0,0.0
35923,2023.0,9.0,7.0,11.0,22.396507,23.285334,20.821142,21.209427,21.416758,21.784231,21.976265,22.76249,21.216717,21.218449,21.152086,21.16961,22.524271,23.210175,22.459383,23.444654,20.87165,20.87744,0.0,0.0,4.0,0.0,0.0,4.0,4.0,0.0
35924,2023.0,9.0,7.0,11.0,22.459917,23.359459,20.812754,21.194319,21.816767,22.590462,22.044638,22.842781,21.237793,21.241516,21.181293,21.19634,22.844904,23.678425,21.953741,22.277895,20.900402,20.907988,0.0,4.0,4.0,0.0,0.0,4.0,0.0,0.0
35925,2023.0,9.0,7.0,11.0,21.995476,22.452198,20.842335,21.241444,21.982555,22.802752,21.612188,21.995003,21.925766,22.52,21.577324,21.908003,22.331026,22.589783,21.754232,21.937675,20.930197,20.939941,0.0,4.0,0.0,4.0,4.0,0.0,0.0,0.0
35926,2023.0,9.0,7.0,11.0,22.408024,23.310354,21.022095,21.536795,22.06172,22.892393,21.995514,22.790947,21.740517,22.02351,21.77678,22.171244,22.922575,23.732628,21.74198,21.92607,20.96025,20.97211,4.0,4.0,4.0,0.0,4.0,4.0,0.0,0.0
35927,2023.0,9.0,7.0,11.0,22.547005,23.485117,20.760265,20.993185,22.134897,22.97807,22.142635,22.984436,21.696,21.932205,21.751898,22.065302,22.487621,22.76854,21.758429,21.953583,20.990898,21.005575,0.0,4.0,4.0,0.0,0.0,0.0,0.0,0.0
35928,2023.0,9.0,7.0,12.0,22.614113,23.564589,20.660192,20.849308,22.201782,23.05789,21.710636,22.131996,21.740328,21.987782,22.131342,22.732609,22.37767,22.589815,21.602003,21.626038,21.022146,21.040068,0.0,4.0,0.0,0.0,4.0,0.0,0.0,0.0
35929,2023.0,9.0,7.0,12.0,22.679085,23.64525,20.639921,20.83158,22.257252,23.118544,21.587591,21.978724,22.248734,22.889084,22.310858,22.948957,22.389015,22.604923,21.563812,21.570683,21.862123,22.60293,0.0,4.0,0.0,4.0,4.0,0.0,0.0,4.0
35930,2023.0,9.0,7.0,12.0,22.730896,23.702528,20.629564,20.825195,21.829277,22.282194,22.06492,22.907309,22.615942,23.45854,22.418825,23.05876,23.09658,23.930325,21.56052,21.566751,22.352184,23.34049,0.0,0.0,4.0,4.0,4.0,4.0,0.0,4.0
35931,2023.0,9.0,7.0,12.0,22.778294,23.755253,20.62555,20.825441,21.686695,22.09467,22.222794,23.104616,22.182674,22.516998,22.206738,22.57935,22.6718,22.978113,21.564041,21.571035,22.54149,23.53117,0.0,0.0,4.0,0.0,0.0,0.0,0.0,4.0
35932,2023.0,9.0,7.0,12.0,22.822546,23.804096,20.985548,21.499838,22.154612,23.006088,22.292852,23.178616,22.076984,22.343449,22.16746,22.495192,22.56072,22.794258,22.482807,23.303757,21.954317,22.300285,4.0,4.0,4.0,0.0,0.0,0.0,4.0,0.0
35933,2023.0,9.0,7.0,12.0,22.359566,22.906301,20.792072,21.054302,21.830095,22.30568,22.355843,23.248178,22.722824,23.547842,22.204468,22.536737,22.570686,22.80847,22.110456,22.41171,21.802181,22.06183,0.0,0.0,4.0,4.0,0.0,0.0,0.0,0.0
35934,2023.0,9.0,7.0,13.0,22.746067,23.71647,20.705738,20.922758,21.715464,22.151636,22.410479,23.308184,22.937014,23.797396,22.00342,22.096966,22.389915,22.435165,22.921883,23.965418,21.8019,22.064447,0.0,0.0,4.0,4.0,0.0,0.0,4.0,0.0
35935,2023.0,9.0,7.0,13.0,22.374716,22.94307,20.694506,20.91226,21.691267,22.133343,22.460253,23.362421,23.045202,23.901417,21.926022,21.96195,22.332954,22.345144,22.358027,22.697458,21.816736,22.083391,0.0,0.0,4.0,4.0,0.0,0.0,0.0,0.0
35936,2023.0,9.0,7.0,13.0,22.76873,23.754644,20.691225,20.912197,21.98819,22.67685,22.033852,22.53223,22.575388,22.932589,21.928028,21.96168,23.039911,23.692247,22.189602,22.43913,21.618057,21.66822,0.0,4.0,0.0,0.0,0.0,4.0,0.0,0.0
35937,2023.0,9.0,7.0,13.0,22.387794,22.952991,20.692362,20.91676,21.79725,22.277473,21.888266,22.34008,22.440472,22.724453,21.939562,21.975245,22.786648,23.096502,22.180832,22.432367,21.55861,21.579218,0.0,0.0,0.0,0.0,0.0,0.0,0.0,0.0
35938,2023.0,9.0,7.0,13.0,22.267096,22.799793,20.6964,20.924856,21.738022,22.200512,21.8459,22.302876,22.434483,22.7226,21.956385,21.996382,22.726908,22.994835,22.18806,22.445826,21.551403,21.573008,0.0,0.0,0.0,0.0,0.0,0.0,0.0,0.0
35939,2023.0,9.0,7.0,13.0,22.784998,23.804693,21.074154,21.62837,21.486755,21.71329,21.823973,22.290388,22.442324,22.737078,21.972055,22.013968,22.74288,23.01637,21.979616,22.020658,21.551828,21.575874,4.0,0.0,0.0,0.0,0.0,0.0,0.0,0.0
35940,2023.0,9.0,7.0,14.0,22.91659,23.945965,21.221474,21.811584,21.997696,22.732931,22.106413,22.807154,22.216173,22.276773,21.990324,22.035809,22.537827,22.593567,21.9227,21.944735,21.556183,21.582825,4.0,4.0,4.0,0.0,0.0,0.0,0.0,0.0
35941,2023.0,9.0,7.0,14.0,22.493057,23.097593,21.225925,21.79833,21.852402,22.37612,21.927153,22.438034,22.13884,22.16494,22.007555,22.054512,22.478197,22.50324,22.867598,23.741941,21.561472,21.589354,0.0,0.0,0.0,0.0,0.0,0.0,4.0,0.0
35942,2023.0,9.0,7.0,14.0,22.885471,23.899881,21.252682,21.821772,22.287832,23.212511,21.852926,22.33295,22.750097,23.334599,22.025146,22.07395,22.467356,22.491955,22.473553,22.815971,21.568624,21.598385,0.0,4.0,0.0,4.0,0.0,0.0,0.0,0.0
35943,2023.0,9.0,7.0,14.0,23.00719,24.035727,21.607317,22.453098,21.978373,22.52172,22.33369,23.244556,22.606262,22.964905,22.042093,22.092562,22.462738,22.488932,22.354517,22.63152,22.423584,23.205961,4.0,0.0,4.0,0.0,0.0,0.0,0.0,4.0
35944,2023.0,9.0,7.0,14.0,22.556597,23.14124,21.4475,22.05279,22.378784,23.312742,22.50166,23.448603,22.548273,22.86219,22.059563,22.11259,22.461376,22.489439,22.350397,22.6274,22.134308,22.492548,0.0,4.0,4.0,0.0,0.0,0.0,0.0,0.0
35945,2023.0,9.0,7.0,14.0,22.97337,23.995893,21.40773,21.981554,22.034883,22.563007,22.090977,22.61551,22.559559,22.875494,22.076607,22.131952,22.46174,22.492062,22.355862,22.6358,22.061605,22.372026,0.0,0.0,0.0,0.0,0.0,0.0,0.0,0.0
35946,2023.0,9.0,7.0,15.0,23.084484,24.113317,21.144236,21.438404,22.431147,23.351442,22.477335,23.39428,22.968307,23.607384,22.09279,22.150522,22.46304,22.495857,22.143597,22.204193,22.856413,23.856836,0.0,4.0,4.0,4.0,0.0,0.0,0.0,4.0
35947,2023.0,9.0,7.0,15.0,22.640446,23.2331,21.037613,21.282507,22.579937,23.52663,22.61687,23.560625,22.744411,23.108633,22.106861,22.16625,22.463678,22.49797,22.072666,22.104568,22.37058,22.758024,0.0,4.0,4.0,0.0,0.0,0.0,0.0,0.0
35948,2023.0,9.0,7.0,15.0,23.043932,24.062191,21.009829,21.25098,22.645945,23.587801,22.195639,22.717573,22.670372,22.989756,22.119078,22.180244,22.464323,22.500061,22.052881,22.084534,22.229725,22.53889,0.0,4.0,0.0,0.0,0.0,0.0,0.0,0.0
35949,2023.0,9.0,7.0,15.0,22.648,23.231611,20.99382,21.23395,22.70344,23.64082,22.584528,23.508366,22.667597,22.986639,22.129719,22.192924,22.464996,22.50237,22.041002,22.073898,22.219862,22.52713,0.0,4.0,4.0,0.0,0.0,0.0,0.0,0.0
35950,2023.0,9.0,7.0,15.0,23.047615,24.047762,21.33953,21.8848,22.288546,22.82024,22.23732,22.771198,22.430964,22.512209,22.138786,22.204218,23.193008,23.883663,22.033447,22.068024,21.987074,22.061985,4.0,0.0,0.0,0.0,0.0,4.0,0.0,0.0
35951,2023.0,9.0,7.0,15.0,22.670101,23.249298,21.48508,22.074598,22.655811,23.573895,22.10558,22.58471,22.33962,22.381098,22.147093,22.215374,22.947021,23.300926,22.027874,22.064346,21.905823,21.946291,4.0,4.0,0.0,0.0,0.0,0.0,0.0,0.0
35952,2023.0,9.0,7.0,16.0,23.08672,24.09704,21.481373,22.052313,22.771763,23.702547,22.583364,23.504211,22.312206,22.354841,22.15429,22.225391,22.880447,23.1882,22.023531,22.06235,21.880816,21.923923,0.0,4.0,4.0,0.0,0.0,0.0,0.0,0.0
35953,2023.0,9.0,7.0,16.0,23.195225,24.204649,21.495882,22.05667,22.820374,23.741568,22.711926,23.640366,22.291565,22.335676,22.158308,22.23028,22.881058,23.184526,22.018715,22.058489,22.696922,23.480158,0.0,4.0,4.0,0.0,0.0,0.0,0.0,4.0
35954,2023.0,9.0,7.0,16.0,23.243908,24.244688,21.512653,22.066536,22.864138,23.777878,22.77108,23.69083,22.274012,22.31911,22.16058,22.23346,23.378271,24.101784,22.014034,22.054552,23.123812,24.137014,0.0,4.0,4.0,0.0,0.0,4.0,0.0,4.0
35955,2023.0,9.0,7.0,16.0,22.793169,23.357496,21.257767,21.534094,22.901203,23.806833,22.81936,23.730337,22.259272,22.306194,22.161295,22.235218,23.054298,23.404243,22.009735,22.051258,22.542429,22.916702,0.0,4.0,4.0,0.0,0.0,0.0,0.0,0.0
35956,2023.0,9.0,7.0,16.0,23.18303,24.165792,21.529913,22.080944,22.935524,23.833689,22.38446,22.874424,22.24554,22.294312,22.160542,22.235844,22.957268,23.249979,22.005444,22.048101,22.384615,22.682144,4.0,4.0,0.0,0.0,0.0,0.0,0.0,0.0
35957,2023.0,9.0,7.0,16.0,22.78109,23.327873,21.638773,22.212648,22.966927,23.857565,22.754179,23.638367,22.232264,22.283205,22.15806,22.235117,22.941643,23.230825,22.001062,22.04508,22.353207,22.646606,4.0,4.0,4.0,0.0,0.0,0.0,0.0,0.0
35958,2023.0,9.0,7.0,17.0,23.184355,24.155273,21.598707,22.129782,22.996082,23.87936,22.383059,22.862486,22.219368,22.272615,22.15411,22.23317,22.717487,22.792435,21.996729,22.042894,22.333899,22.625696,0.0,4.0,0.0,0.0,0.0,0.0,0.0,0.0
35959,2023.0,9.0,7.0,17.0,22.782812,23.31291,21.591373,22.104109,23.018518,23.889292,22.754332,23.62191,22.204039,22.25737,22.145748,22.2241,22.640219,22.686735,21.989956,22.036173,22.100945,22.172567,0.0,4.0,4.0,0.0,0.0,0.0,0.0,0.0
35960,2023.0,9.0,7.0,17.0,22.654915,23.145159,21.910265,22.681948,23.037907,23.896065,22.399391,22.87429,22.188133,22.241753,22.472807,22.844969,22.606491,22.652103,22.872822,23.712894,22.019304,22.06731,4.0,4.0,0.0,0.0,4.0,0.0,4.0,0.0
35961,2023.0,9.0,7.0,17.0,23.135809,24.077307,22.040668,22.833736,22.597885,23.048264,22.2473,22.653938,22.171183,22.22482,22.287603,22.43569,23.278765,23.953524,22.529919,22.89564,21.979776,22.026571,4.0,0.0,0.0,0.0,0.0,4.0,0.0,0.0
35962,2023.0,9.0,7.0,17.0,23.26201,24.21278,21.77623,22.27993,22.930403,23.75277,22.704432,23.540306,22.153639,22.207195,22.171682,22.251183,22.974972,23.283432,22.3744,22.631012,21.947172,21.993809,0.0,4.0,4.0,0.0,0.0,0.0,0.0,0.0
35963,2023.0,9.0,7.0,17.0,22.80775,23.307108,22.027073,22.769613,23.017832,23.844358,22.820448,23.660263,22.136368,22.19026,22.142496,22.217726,22.869188,23.122019,22.342012,22.586666,21.91891,21.96619,4.0,4.0,4.0,0.0,0.0,0.0,0.0,0.0
35964,2023.0,9.0,7.0,18.0,23.199501,24.112541,22.122864,22.873606,23.044672,23.858086,22.865446,23.690872,22.119024,22.1736,22.118767,22.193588,23.516163,24.365458,22.322365,22.560844,21.893522,21.941866,4.0,4.0,4.0,0.0,0.0,4.0,0.0,0.0
35965,2023.0,9.0,7.0,18.0,23.296305,24.205238,21.841393,22.30063,22.59437,22.985043,22.893215,23.698027,22.731237,23.345104,22.092793,22.163713,23.06272,23.390678,22.1348,22.196508,21.867294,21.91398,0.0,0.0,4.0,4.0,0.0,0.0,0.0,0.0
35966,2023.0,9.0,7.0,18.0,22.8368,23.300459,21.73334,22.132643,22.4228,22.7489,22.44655,22.829391,22.374588,22.552107,22.065435,22.132359,23.542006,24.351107,22.064243,22.105463,22.620708,23.35984,0.0,0.0,0.0,0.0,0.0,4.0,0.0,4.0
35967,2023.0,9.0,7.0,18.0,23.208805,24.074694,21.857069,22.35363,22.850065,23.595755,22.269587,22.57923,22.333456,22.539434,22.03613,22.098736,23.63469,24.42413,22.027843,22.065983,22.961607,23.85312,4.0,4.0,0.0,0.0,0.0,4.0,0.0,4.0
35968,2023.0,9.0,7.0,18.0,23.291445,24.14606,21.559746,21.765247,22.471903,22.807016,22.194548,22.485071,22.3244,22.535059,22.006626,22.06646,23.086353,23.347828,21.996662,22.033264,22.387478,22.66691,0.0,0.0,0.0,0.0,0.0,0.0,0.0,0.0
35969,2023.0,9.0,7.0,18.0,22.809761,23.20249,21.978928,22.629232,22.838526,23.565144,22.649258,23.36867,22.15437,22.212914,21.974865,22.031662,22.888897,23.051434,21.967499,22.002407,22.192423,22.375336,4.0,4.0,4.0,0.0,0.0,0.0,0.0,0.0
35970,2023.0,9.0,7.0,19.0,22.65374,22.994911,22.069876,22.696918,22.916832,23.625124,22.756271,23.473475,22.08346,22.123816,21.942799,21.99726,23.489933,24.24447,21.940353,21.97415,22.121574,22.287943,4.0,4.0,4.0,0.0,0.0,4.0,0.0,0.0
35971,2023.0,9.0,7.0,19.0,23.101036,23.877419,22.07474,22.665047,22.927002,23.606056,22.308283,22.588413,22.04186,22.077328,21.907845,21.95646,22.991848,23.206415,21.912613,21.942886,22.850506,23.694279,4.0,4.0,0.0,0.0,0.0,0.0,0.0,4.0
35972,2023.0,9.0,7.0,19.0,22.69733,23.032408,22.07781,22.636372,22.930874,23.582413,22.124445,22.321873,22.002827,22.032854,21.871586,21.912977,23.456257,24.166304,21.88536,21.911474,22.971935,23.76022,4.0,4.0,0.0,0.0,0.0,4.0,0.0,4.0
35973,2023.0,9.0,7.0,19.0,22.531237,22.797445,21.761091,22.022844,22.927814,23.55281,22.585472,23.231512,21.967312,21.992655,22.174162,22.504206,22.945484,23.113537,22.762491,23.589956,23.014973,23.774132,0.0,4.0,4.0,0.0,4.0,0.0,4.0,4.0
35974,2023.0,9.0,7.0,19.0,22.449842,22.688814,21.606277,21.789902,22.448938,22.639866,22.196945,22.404655,22.56709,23.149239,21.97388,22.071718,22.719646,22.769226,22.227905,22.380606,22.382057,22.530685,0.0,0.0,0.0,4.0,0.0,0.0,0.0,0.0
35975,2023.0,9.0,7.0,19.0,22.957092,23.67711,21.90063,22.375048,22.229326,22.32241,21.99544,22.102337,22.18244,22.29345,22.192898,22.528332,22.620714,22.644457,22.028952,22.080309,22.144579,22.188118,4.0,0.0,0.0,0.0,4.0,0.0,0.0,0.0
35976,2023.0,9.0,7.0,20.0,23.039509,23.721935,21.613358,21.774626,22.695173,23.26068,22.487185,23.072178,22.024643,22.060457,21.967594,22.056171,22.538006,22.541866,21.958754,21.988588,22.037743,22.059776,0.0,4.0,4.0,0.0,0.0,0.0,0.0,0.0
35977,2023.0,9.0,7.0,20.0,23.070797,23.7367,21.463932,21.548748,22.760271,23.295364,22.562958,23.111414,21.961271,21.979729,21.84532,21.875072,22.470974,22.46379,21.90679,21.924595,21.958176,21.968096,0.0,4.0,4.0,0.0,0.0,0.0,0.0,0.0
35978,2023.0,9.0,7.0,20.0,22.572111,22.766253,21.791136,22.195887,22.283354,22.376856,22.090826,22.191828,21.910793,21.91635,21.784544,21.794394,22.42437,22.41961,21.861975,21.866661,21.893492,21.8932,4.0,0.0,0.0,0.0,0.0,0.0,0.0,0.0
35979,2023.0,9.0,7.0,20.0,22.982658,23.631195,21.538868,21.662565,22.645958,23.144949,21.914797,21.945505,21.874205,21.877296,21.740173,21.745295,22.381342,22.37675,22.735931,23.546804,21.843664,21.84271,0.0,4.0,0.0,0.0,0.0,0.0,4.0,0.0
35980,2023.0,9.0,7.0,20.0,22.554111,22.74185,21.774462,22.155514,22.72955,23.227493,22.396343,22.901295,22.415466,22.918442,21.70416,21.707144,23.025652,23.635946,22.126785,22.187754,21.800945,21.799154,4.0,4.0,4.0,4.0,0.0,4.0,0.0,0.0
35981,2023.0,9.0,7.0,20.0,22.359241,22.466976,21.508821,21.59651,22.248247,22.305471,22.007902,22.080456,22.008568,22.029154,21.666697,21.661312,22.504084,22.518072,21.91987,21.896196,21.76259,21.759747,0.0,0.0,0.0,0.0,0.0,0.0,0.0,0.0
35982,2023.0,9.0,7.0,21.0,22.872637,23.485146,21.721195,22.047224,22.046541,22.017265,21.817982,21.801908,22.447424,22.931366,21.633053,21.62238,22.969595,23.487,22.724352,23.462238,21.725126,21.716854,4.0,0.0,0.0,4.0,0.0,4.0,4.0,0.0
35983,2023.0,9.0,7.0,21.0,22.456371,22.604471,21.79044,22.124088,21.95457,21.907135,21.740726,21.706917,22.026705,22.02799,21.601864,21.586632,23.08031,23.593065,22.114927,22.133337,21.690966,21.678839,4.0,0.0,0.0,0.0,0.0,4.0,0.0,0.0
35984,2023.0,9.0,7.0,21.0,22.269276,22.33566,21.793179,22.109049,22.457445,22.898321,22.339767,22.880497,21.854214,21.791618,21.572071,21.552208,23.109539,23.606388,21.908064,21.850586,21.65902,21.643038,4.0,4.0,4.0,0.0,0.0,4.0,0.0,0.0
35985,2023.0,9.0,7.0,21.0,22.799541,23.382357,21.466532,21.485655,22.561962,22.9984,21.907125,21.938328,21.789299,21.717003,21.543728,21.519476,22.530752,22.480476,21.836485,21.770205,21.629286,21.609688,0.0,4.0,0.0,0.0,0.0,0.0,0.0,0.0
35986,2023.0,9.0,7.0,21.0,22.377785,22.488218,21.677523,21.93948,22.096277,22.095316,21.701202,21.632362,21.783293,21.750738,21.81271,22.041655,22.988388,23.453781,21.77771,21.701273,22.336935,22.963594,4.0,0.0,0.0,0.0,4.0,4.0,0.0,4.0
35987,2023.0,9.0,7.0,21.0,22.191816,22.220465,21.742422,22.018133,22.449593,22.83868,22.1908,22.597878,21.760672,21.729412,21.626085,21.635876,22.493408,22.435745,22.6256,23.340261,21.797419,21.780327,4.0,4.0,4.0,0.0,0.0,0.0,4.0,0.0
35988,2023.0,9.0,7.0,22.0,22.715971,23.254744,21.414,21.394121,22.543425,22.940817,21.81835,21.807264,21.729939,21.694927,21.523876,21.488018,22.292599,22.160345,22.002497,21.968147,21.603624,21.511082,0.0,4.0,0.0,0.0,0.0,0.0,0.0,0.0
35989,2023.0,9.0,7.0,22.0,22.286812,22.34669,21.247765,21.143335,22.054504,22.002754,21.62186,21.512718,21.70068,21.662355,21.488165,21.44755,22.21333,22.074888,21.796465,21.690567,21.540253,21.439363,0.0,0.0,0.0,0.0,0.0,0.0,0.0,0.0
35990,2023.0,9.0,7.0,22.0,22.1121,22.101208,21.173523,21.05102,21.850986,21.709892,21.548174,21.42381,21.672586,21.630733,21.757608,21.978773,22.145842,22.00221,21.727205,21.61309,21.486912,21.378298,0.0,0.0,0.0,0.0,4.0,0.0,0.0,0.0
35991,2023.0,9.0,7.0,22.0,22.655233,23.173126,21.21124,21.170952,21.770927,21.624746,21.589767,21.553751,21.64732,21.603998,21.550848,21.539408,22.17627,22.115969,22.492676,23.096146,22.197737,22.75937,0.0,0.0,0.0,0.0,0.0,0.0,4.0,4.0
35992,2023.0,9.0,7.0,22.0,22.256989,22.32367,21.210598,21.186584,21.704718,21.550663,21.586433,21.5645,21.621449,21.575445,21.454636,21.406157,22.159168,22.105747,21.914682,21.841602,22.329641,22.835924,0.0,0.0,0.0,0.0,0.0,0.0,0.0,4.0
35993,2023.0,9.0,7.0,22.0,22.073393,22.05851,21.18756,21.161678,21.75928,21.708923,21.562813,21.538973,21.596197,21.547361,21.41722,21.364693,22.125963,22.070345,21.722107,21.588717,21.72037,21.627743,0.0,0.0,0.0,0.0,0.0,0.0,0.0,0.0
35994,2023.0,9.0,7.0,23.0,22.004585,21.979225,21.164356,21.135786,21.757694,21.723606,21.539362,21.513077,21.571507,21.520191,21.383308,21.327858,22.726456,23.233694,22.472908,23.055466,21.5421,21.404898,0.0,0.0,0.0,0.0,0.0,4.0,4.0,0.0
35995,2023.0,9.0,7.0,23.0,22.079618,22.176373,21.141554,21.110079,21.731989,21.696568,21.51601,21.487152,21.546648,21.492691,21.351326,21.292728,22.771784,23.18576,21.884079,21.789495,21.466225,21.323006,0.0,0.0,0.0,0.0,0.0,4.0,0.0,0.0
35996,2023.0,9.0,7.0,23.0,22.08586,22.197948,21.119299,21.08465,21.705448,21.667324,21.492853,21.461237,21.52172,21.464941,21.32032,21.258448,22.180786,22.032154,21.685875,21.531927,21.403051,21.25364,0.0,0.0,0.0,0.0,0.0,0.0,0.0,0.0
35997,2023.0,9.0,7.0,23.0,22.064688,22.173763,21.097551,21.05959,21.678995,21.637976,21.46993,21.43546,22.053131,22.483887,21.290247,21.225048,22.012388,21.821585,21.611223,21.450865,21.442572,21.381617,0.0,0.0,0.0,4.0,0.0,0.0,0.0,0.0
35998,2023.0,9.0,7.0,23.0,22.645159,23.280346,21.48157,21.794973,21.653313,21.60993,21.447731,21.410812,21.685623,21.672441,21.261572,21.193626,21.937418,21.738363,21.549494,21.384151,21.431446,21.375172,4.0,0.0,0.0,0.0,0.0,0.0,0.0,0.0
35999,2023.0,9.0,7.0,23.0,22.107473,22.124517,21.255295,21.290169,21.627607,21.581602,21.425552,21.38587,21.553055,21.489723,21.233519,21.162558,21.873432,21.668161,21.59759,21.528902,21.40497,21.34675,0.0,0.0,0.0,0.0,0.0,0.0,0.0,0.0
36000,2023.0,9.0,8.0,0.0,21.900482,21.827087,21.121655,21.081116,22.216566,22.709692,21.403566,21.361036,21.51216,21.4451,21.206429,21.132467,21.9403,21.852026,21.590384,21.527798,21.37774,21.317106,0.0,4.0,0.0,0.0,0.0,0.0,0.0,0.0
36001,2023.0,9.0,8.0,0.0,21.830688,21.750137,21.08061,21.031544,21.849634,21.892763,21.3834,21.339615,21.478691,21.41019,21.181427,21.10603,21.940321,21.862894,21.566967,21.503775,22.047659,22.601181,0.0,0.0,0.0,0.0,0.0,0.0,0.0,4.0
36002,2023.0,9.0,8.0,0.0,21.949625,22.037033,21.0514,20.999262,21.500216,21.27946,21.363253,21.31749,21.448437,21.377602,21.156517,21.078917,21.917023,21.838783,21.54273,21.477846,22.293438,22.912962,0.0,0.0,0.0,0.0,0.0,0.0,0.0,4.0
36003,2023.0,9.0,8.0,0.0,21.951677,22.04512,21.02936,20.97735,21.411558,21.182096,21.345692,21.299707,21.422474,21.351725,21.134438,21.05682,21.894434,21.816208,21.520514,21.455614,21.567715,21.440928,0.0,0.0,0.0,0.0,0.0,0.0,0.0,0.0
36004,2023.0,9.0,8.0,0.0,21.933582,22.025137,21.00645,20.951927,21.51786,21.449665,21.326454,21.278175,21.39572,21.322756,21.417046,21.606873,21.870052,21.789856,21.496853,21.430166,21.34698,21.155802,0.0,0.0,0.0,0.0,4.0,0.0,0.0,0.0
36005,2023.0,9.0,8.0,0.0,21.915497,22.00631,20.987207,20.932459,21.519573,21.46294,21.309072,21.26042,21.372179,21.299097,21.210588,21.16002,21.848085,21.767717,21.475166,21.408306,21.940504,22.33858,0.0,0.0,0.0,0.0,0.0,0.0,0.0,4.0
36006,2023.0,9.0,8.0,1.0,21.89462,21.982737,20.965933,20.907946,21.498592,21.440817,21.28938,21.23793,21.347301,21.271856,21.121555,21.03847,21.824766,21.742199,21.452164,21.383362,22.123987,22.564144,0.0,0.0,0.0,0.0,0.0,0.0,0.0,4.0
36007,2023.0,9.0,8.0,1.0,21.876402,21.964556,20.949526,20.892647,21.479511,21.423203,21.273514,21.222769,21.326288,21.25163,21.094744,21.013102,21.804981,21.723072,21.432087,21.363834,21.507526,21.346403,0.0,0.0,0.0,0.0,0.0,0.0,0.0,0.0
36008,2023.0,9.0,8.0,1.0,21.856209,21.942455,20.931036,20.872694,21.457579,21.400112,21.255629,21.203386,21.30404,21.228151,21.374228,21.561045,21.784168,21.70109,21.410954,21.341623,21.321188,21.120647,0.0,0.0,0.0,0.0,4.0,0.0,0.0,0.0
36009,2023.0,9.0,8.0,1.0,21.83702,21.922256,20.913866,20.854912,21.436668,21.378895,21.23838,21.185514,21.283222,21.206915,21.141178,21.063562,21.764765,21.68126,21.390945,21.321224,21.244825,21.044857,0.0,0.0,0.0,0.0,0.0,0.0,0.0,0.0
36010,2023.0,9.0,8.0,1.0,21.817863,21.90204,20.897116,20.837477,21.415897,21.357775,21.22096,21.167522,21.262941,21.186235,21.383196,21.568842,21.745981,21.66206,21.371342,21.30124,21.30792,21.233624,0.0,0.0,0.0,0.0,4.0,0.0,0.0,0.0
36011,2023.0,9.0,8.0,1.0,21.798555,21.881474,20.879957,20.818872,21.394592,21.335373,21.202785,21.148186,21.24274,21.165268,21.478086,21.692652,21.727428,21.642775,21.351818,21.281078,21.293854,21.222618,0.0,0.0,0.0,0.0,4.0,0.0,0.0,0.0
36012,2023.0,9.0,8.0,2.0,21.7804,21.863056,20.865326,20.804775,21.375689,21.31747,21.18656,21.132593,21.224304,21.147383,21.04088,20.824446,21.71054,21.626291,21.333658,21.263292,21.26703,21.196594,0.0,0.0,0.0,0.0,0.0,0.0,0.0,0.0
36013,2023.0,9.0,8.0,2.0,21.761112,21.842455,20.849241,20.78768,21.355219,21.296387,21.1688,21.114056,21.76818,22.187265,20.894112,20.65528,21.693089,21.608315,21.314817,21.243982,21.239094,21.168198,0.0,0.0,0.0,4.0,0.0,0.0,0.0,0.0
36014,2023.0,9.0,8.0,2.0,21.742247,21.822483,20.833092,20.770746,21.335016,21.275684,21.150959,21.095613,21.401197,21.372501,20.967924,20.862194,22.331707,22.832438,21.296232,21.225063,21.2121,21.140932,0.0,0.0,0.0,0.0,0.0,4.0,0.0,0.0
36015,2023.0,9.0,8.0,2.0,21.723667,21.80285,20.81669,20.753593,21.314936,21.254984,21.132837,21.076887,21.27228,21.195732,20.9791,20.890902,21.735838,21.558031,21.277653,21.206116,21.185987,21.114483,0.0,0.0,0.0,0.0,0.0,0.0,0.0,0.0
36016,2023.0,9.0,8.0,2.0,21.703789,21.780544,20.798435,20.732758,21.293133,21.230597,21.112844,21.054527,21.232573,21.152096,20.95729,20.868431,21.548483,21.303825,21.25798,21.184992,21.159157,21.085785,0.0,0.0,0.0,0.0,0.0,0.0,0.0,0.0
36017,2023.0,9.0,8.0,2.0,21.68506,21.760706,20.781862,20.71528,21.273087,21.209772,21.094381,21.035295,21.201393,21.12047,20.934479,20.845058,21.49532,21.250227,21.239206,21.16574,21.13443,21.060612,0.0,0.0,0.0,0.0,0.0,0.0,0.0,0.0
36018,2023.0,9.0,8.0,3.0,21.666056,21.740454,20.765358,20.697855,21.253078,21.189003,21.075937,21.01606,21.174074,21.092638,20.9117,20.821726,21.60569,21.516422,21.220419,21.146471,21.110373,21.036106,0.0,0.0,0.0,0.0,0.0,0.0,0.0,0.0
36019,2023.0,9.0,8.0,3.0,21.648771,21.723875,20.7512,20.685173,21.235186,21.172558,21.059547,21.001034,21.150034,21.069775,20.891108,20.80249,21.607954,21.520245,21.203024,21.13009,21.088318,21.015139,0.0,0.0,0.0,0.0,0.0,0.0,0.0,0.0
36020,2023.0,9.0,8.0,3.0,22.233988,22.837366,20.73856,20.67515,21.21894,21.159006,21.044592,20.988602,21.12882,21.05089,20.872595,20.786554,21.595545,21.509895,21.186666,21.115473,21.068037,20.996902,0.0,0.0,0.0,0.0,0.0,0.0,0.0,0.0
36021,2023.0,9.0,8.0,3.0,21.845285,21.980274,20.724983,20.662933,21.20163,21.142935,21.028564,20.973782,21.107687,21.030718,20.85347,20.76859,21.581583,21.497046,21.169737,21.09943,21.047356,20.977123,0.0,0.0,0.0,0.0,0.0,0.0,0.0,0.0
36022,2023.0,9.0,8.0,3.0,21.547281,21.463491,20.71126,20.650208,21.184149,21.126253,21.012287,20.958313,21.087677,21.011354,20.834658,20.750553,21.567232,21.483526,21.152786,21.083105,21.026983,20.957327,0.0,0.0,0.0,0.0,0.0,0.0,0.0,0.0
36023,2023.0,9.0,8.0,3.0,21.463789,21.370546,20.698732,20.639679,21.168104,21.112228,20.99729,20.94525,21.069614,20.995106,21.103329,21.269695,21.55385,21.471739,21.13692,21.06873,21.713789,22.269882,0.0,0.0,0.0,0.0,4.0,0.0,0.0,4.0
36024,2023.0,9.0,8.0,4.0,21.578684,21.6523,20.685884,20.628195,21.151552,21.096975,20.981941,20.931087,21.051304,20.977957,20.923996,20.87427,21.540165,21.459198,21.120792,21.053598,21.249992,21.241686,0.0,0.0,0.0,0.0,0.0,0.0,0.0,0.0
36025,2023.0,9.0,8.0,4.0,21.59522,21.687689,20.670166,20.61062,21.13209,21.075699,20.963938,20.911161,21.030823,20.95611,20.83815,20.755947,21.52432,21.442137,21.102676,21.0343,20.970625,20.775661,0.0,0.0,0.0,0.0,0.0,0.0,0.0,0.0
36026,2023.0,9.0,8.0,4.0,21.578072,21.668812,20.653542,20.5917,21.112047,21.053633,20.945276,20.8904,21.010284,20.934341,20.809853,20.725718,21.508234,21.424896,21.08437,21.014978,20.88647,20.686188,0.0,0.0,0.0,0.0,0.0,0.0,0.0,0.0
36027,2023.0,9.0,8.0,4.0,21.56065,21.65074,20.63913,20.577421,21.094345,21.036343,20.928606,20.874006,20.991488,20.915968,21.068506,21.230268,21.493313,21.41007,21.067131,20.99794,21.654858,22.195557,0.0,0.0,0.0,0.0,4.0,0.0,0.0,4.0
36028,2023.0,9.0,8.0,4.0,21.541037,21.629494,20.622847,20.559578,21.074697,21.015388,20.910078,20.85411,20.97137,20.895023,20.889393,20.839619,21.477285,21.393183,21.048689,20.978754,21.080854,20.935127,0.0,0.0,0.0,0.0,0.0,0.0,0.0,0.0
36029,2023.0,9.0,8.0,4.0,21.519943,21.60552,20.604805,20.53815,21.053207,20.990751,20.889935,20.830782,20.949976,20.871515,20.794477,20.707096,21.460157,21.374191,21.029087,20.957403,20.879213,20.669638,0.0,0.0,0.0,0.0,0.0,0.0,0.0,0.0
36030,2023.0,9.0,8.0,5.0,21.500883,21.585716,20.58983,20.523006,21.03489,20.972538,20.872663,20.813469,21.500217,21.923933,21.057026,21.22457,21.444632,21.358532,21.011017,20.9393,20.816525,20.608377,0.0,0.0,0.0,4.0,4.0,0.0,0.0,0.0
36031,2023.0,9.0,8.0,5.0,21.482729,21.567675,20.575537,20.509209,21.01708,20.95538,20.855768,20.797194,21.12159,21.085424,20.857449,20.797775,21.429878,21.344526,20.993523,20.922499,20.889082,20.807436,0.0,0.0,0.0,0.0,0.0,0.0,0.0,0.0
36032,2023.0,9.0,8.0,5.0,21.465546,21.550907,20.562305,20.496946,21.000128,20.939512,20.83962,20.782103,21.000479,20.925442,20.773174,20.689192,21.41565,21.33128,20.976484,20.906366,21.60102,22.157207,0.0,0.0,0.0,0.0,0.0,0.0,0.0,4.0
36033,2023.0,9.0,8.0,5.0,21.447674,21.532568,20.548029,20.482485,20.982027,20.921104,20.822477,20.764633,20.962048,20.884912,20.739967,20.654392,21.400667,21.316471,20.958601,20.888521,21.665327,22.099918,0.0,0.0,0.0,0.0,0.0,0.0,0.0,4.0
36034,2023.0,9.0,8.0,5.0,21.430878,21.516228,20.534933,20.470371,20.965425,20.90544,20.80707,20.74996,20.931932,20.855755,20.712381,20.627872,21.386381,21.303047,20.941437,20.872126,21.737215,22.178844,0.0,0.0,0.0,0.0,0.0,0.0,0.0,4.0
36035,2023.0,9.0,8.0,5.0,21.41398,21.499607,20.521881,20.458328,20.949009,20.889944,20.792093,20.73562,20.90575,20.83045,20.687353,20.603857,21.372103,21.28962,20.924255,20.855701,21.793276,22.232134,0.0,0.0,0.0,0.0,0.0,0.0,0.0,4.0
36036,2023.0,9.0,8.0,6.0,21.39713,21.48303,20.508875,20.446344,20.932749,20.874592,20.77742,20.721537,20.881355,20.806927,20.663687,20.5812,21.357841,21.2762,20.90707,20.839266,21.838583,22.275875,0.0,0.0,0.0,0.0,0.0,0.0,0.0,4.0
36037,2023.0,9.0,8.0,6.0,21.380346,21.466505,20.496271,20.435093,21.010345,21.027445,21.030893,21.186008,20.858923,20.785942,20.933884,21.107742,22.03455,22.573685,21.018782,21.046705,21.87398,22.307114,0.0,0.0,0.0,0.0,4.0,4.0,0.0,4.0
36038,2023.0,9.0,8.0,6.0,21.361418,21.447252,20.481602,20.42045,21.573353,22.087027,21.001183,21.111485,20.833736,20.761072,20.779436,20.728142,22.120937,22.500858,21.001274,21.013987,21.909973,22.340815,0.0,4.0,0.0,0.0,0.0,4.0,0.0,4.0
36039,2023.0,9.0,8.0,6.0,21.34282,21.428247,20.466911,20.4057,21.773752,22.274601,21.005377,21.112438,20.809336,20.736837,20.661755,20.583815,21.498692,21.299517,21.003546,21.021204,21.250505,21.0746,0.0,4.0,0.0,0.0,0.0,0.0,0.0,0.0
36040,2023.0,9.0,8.0,6.0,21.324316,21.409336,20.452213,20.391039,21.122095,20.975605,21.005154,21.109127,20.786112,20.713774,20.622839,20.543018,21.276031,21.045525,21.003326,21.023588,21.746231,22.237597,0.0,0.0,0.0,0.0,0.0,0.0,0.0,4.0
36041,2023.0,9.0,8.0,6.0,21.919773,22.542263,20.437685,20.376785,21.0144,20.954954,21.0052,21.108715,20.764683,20.692743,20.880362,21.049324,21.860306,22.207771,21.853037,22.621626,21.228067,21.074228,0.0,0.0,0.0,0.0,4.0,4.0,4.0,0.0
36042,2023.0,9.0,8.0,7.0,21.611765,21.769009,20.83181,21.126896,21.406538,21.701447,21.005358,21.110098,21.298298,21.711151,20.739088,20.694677,22.098696,22.472767,21.193827,21.077675,20.928715,20.726408,4.0,4.0,0.0,4.0,0.0,4.0,0.0,0.0
36043,2023.0,9.0,8.0,7.0,21.252022,21.200817,20.663904,20.687986,20.994684,20.919373,21.4377,21.914845,21.026829,21.012033,20.933945,21.13086,21.537645,21.359806,21.730272,22.32694,21.58137,22.038145,0.0,0.0,4.0,0.0,4.0,0.0,4.0,4.0
36044,2023.0,9.0,8.0,7.0,21.77626,22.268106,20.502277,20.464748,21.417578,21.743546,21.099014,21.135061,20.736254,20.565199,20.635056,20.459864,21.322327,21.115421,22.043621,22.656849,21.140558,20.997402,0.0,4.0,0.0,0.0,0.0,0.0,4.0,0.0
36045,2023.0,9.0,8.0,7.0,21.90399,22.390709,20.882647,21.200111,21.543093,21.887297,21.009447,21.034828,21.252796,21.590015,20.515749,20.324623,21.28207,21.085554,21.30431,21.19647,21.797955,22.36376,4.0,4.0,0.0,4.0,0.0,0.0,0.0,4.0
36046,2023.0,9.0,8.0,7.0,21.968798,22.461697,20.690557,20.719019,21.066885,20.956009,21.009373,21.062403,20.919186,20.77826,20.486473,20.310259,21.257349,21.073812,21.01235,20.863304,22.013906,22.536238,0.0,0.0,0.0,0.0,0.0,0.0,0.0,4.0
36047,2023.0,9.0,8.0,7.0,21.490719,21.523033,20.425632,20.296246,21.01217,20.988522,21.00415,21.077322,20.753492,20.607569,20.562567,20.492096,22.028088,22.570475,21.901585,22.617437,21.357264,21.26287,0.0,0.0,0.0,0.0,0.0,4.0,4.0,0.0
36048,2023.0,9.0,8.0,8.0,21.89207,22.424604,20.335697,20.190971,21.462456,21.846558,21.004816,21.096031,21.305532,21.678034,20.924204,21.147518,22.228168,22.684507,21.358973,21.293201,21.077686,20.938166,0.0,4.0,0.0,4.0,4.0,4.0,0.0,0.0
36049,2023.0,9.0,8.0,8.0,22.061823,22.589405,20.818428,21.137852,21.118454,21.070765,20.891914,20.893099,21.600754,22.030306,20.808813,20.806288,22.297424,22.759857,21.908152,22.536871,21.793144,22.358967,4.0,0.0,0.0,4.0,0.0,4.0,4.0,4.0
36050,2023.0,9.0,8.0,8.0,22.112219,22.649977,20.995821,21.369852,21.545849,21.95392,20.835377,20.821201,21.706888,22.151846,20.742907,20.706482,22.37587,22.850153,22.153845,22.83746,21.2705,21.214392,4.0,4.0,0.0,4.0,0.0,4.0,4.0,0.0
36051,2023.0,9.0,8.0,8.0,22.170506,22.730783,20.960379,21.244913,21.6732,22.101704,21.439945,21.986359,21.794819,22.249947,20.744846,20.71265,21.826763,21.759874,22.275202,22.963728,21.884218,22.464933,4.0,4.0,4.0,4.0,0.0,0.0,4.0,4.0
36052,2023.0,9.0,8.0,8.0,22.22086,22.795908,20.984962,21.272306,21.725624,22.16307,21.074562,21.169622,21.880238,22.346205,21.091837,21.356693,21.66859,21.537382,21.564009,21.543404,22.087265,22.692362,4.0,4.0,0.0,4.0,4.0,0.0,0.0,4.0
36053,2023.0,9.0,8.0,8.0,22.263626,22.85025,21.026733,21.32917,21.778305,22.228542,21.432625,21.902922,21.963541,22.440401,21.263409,21.576233,21.638206,21.515337,22.246767,22.944115,22.188614,22.800974,4.0,4.0,4.0,4.0,4.0,0.0,4.0,4.0
36054,2023.0,9.0,8.0,9.0,21.77164,21.907452,21.067877,21.385305,21.825003,22.288118,21.043764,21.084251,21.472496,21.46241,21.287584,21.539003,21.629826,21.517513,21.646105,21.654495,21.575531,21.576975,4.0,4.0,0.0,0.0,4.0,0.0,0.0,0.0
36055,2023.0,9.0,8.0,9.0,22.22561,22.865736,21.112917,21.449684,21.358528,21.393272,21.481874,21.986307,21.927551,22.389595,21.0493,21.04303,21.637793,21.538654,21.438917,21.357859,21.381783,21.300644,4.0,0.0,4.0,4.0,0.0,0.0,0.0,0.0
36056,2023.0,9.0,8.0,9.0,21.801075,21.983372,21.15752,21.51286,21.769602,22.257801,21.108627,21.191156,21.562792,21.592756,20.984035,20.924635,22.393118,22.973087,22.287292,23.002434,21.339962,21.266397,4.0,4.0,0.0,0.0,0.0,4.0,4.0,0.0
36057,2023.0,9.0,8.0,9.0,22.245348,22.914507,21.202797,21.577536,21.901142,22.421858,20.942797,20.959406,22.015196,22.489765,21.322073,21.544292,21.982386,22.025288,22.557655,23.322214,22.102535,22.725702,4.0,4.0,0.0,4.0,4.0,0.0,4.0,4.0
36058,2023.0,9.0,8.0,9.0,22.35774,23.027187,21.247522,21.641163,21.95072,22.483366,20.910635,20.944006,21.676634,21.736639,21.19128,21.199162,21.840883,21.778421,21.889986,21.958883,21.664736,21.735815,4.0,4.0,0.0,0.0,0.0,0.0,0.0,0.0
36059,2023.0,9.0,8.0,9.0,22.407848,23.087736,20.953768,21.075998,21.494379,21.601652,21.513426,22.10891,21.527075,21.48583,21.477352,21.722761,22.529226,23.082697,21.680113,21.634594,22.266989,22.912941,0.0,0.0,4.0,0.0,4.0,4.0,0.0,4.0
36060,2023.0,9.0,8.0,10.0,21.937305,22.176702,21.227755,21.64778,21.33465,21.395006,21.664928,22.260176,21.516933,21.47752,21.350471,21.382904,22.168995,22.259228,22.519135,23.256346,21.81992,21.927746,4.0,0.0,4.0,0.0,0.0,0.0,4.0,0.0
36061,2023.0,9.0,8.0,10.0,22.393162,23.133455,21.00291,21.170088,21.28858,21.364752,21.217083,21.371145,22.163002,22.68855,21.634174,21.895615,22.726063,23.320557,22.006319,22.113485,21.630018,21.610392,0.0,0.0,0.0,4.0,4.0,4.0,0.0,0.0
36062,2023.0,9.0,8.0,10.0,22.489841,23.217129,20.906206,21.045126,21.266489,21.36383,21.084398,21.198254,21.8091,21.869333,21.508286,21.558395,22.278034,22.33425,22.68167,23.436987,21.609324,21.589796,0.0,0.0,0.0,0.0,0.0,0.0,4.0,0.0
36063,2023.0,9.0,8.0,10.0,22.012608,22.292751,21.243803,21.700134,21.192259,21.24698,21.057602,21.189297,21.697706,21.687572,21.821375,22.12377,22.154335,22.128391,22.094982,22.169777,22.437109,23.152008,4.0,0.0,0.0,0.0,4.0,0.0,0.0,4.0
36064,2023.0,9.0,8.0,10.0,22.469072,23.246058,21.049873,21.27527,21.14886,21.199753,21.048574,21.19983,21.713848,21.713217,21.688478,21.76869,22.16809,22.151897,22.78769,23.550983,22.69061,23.445158,0.0,0.0,0.0,0.0,0.0,0.0,4.0,4.0
36065,2023.0,9.0,8.0,10.0,22.0568,22.376446,20.971756,21.170397,21.745981,22.350342,20.95808,21.037703,21.67449,21.616941,21.654137,21.687927,22.906853,23.537249,22.215858,22.308722,22.07438,22.174606,0.0,4.0,0.0,0.0,0.0,4.0,0.0,0.0
36066,2023.0,9.0,8.0,11.0,21.90117,22.175087,21.232897,21.662403,21.454601,21.683014,20.911823,20.980328,21.669626,21.602346,21.972113,22.239254,23.133656,23.812386,22.038155,22.043833,21.911863,21.933187,4.0,0.0,0.0,0.0,4.0,4.0,0.0,0.0
36067,2023.0,9.0,8.0,11.0,21.862612,22.14994,20.975616,21.127325,21.9344,22.639229,20.891788,20.965265,22.340433,22.855883,21.776617,21.773983,22.592619,22.688412,22.020327,22.03982,21.9002,21.930576,0.0,4.0,0.0,4.0,0.0,0.0,0.0,0.0
36068,2023.0,9.0,8.0,11.0,22.396744,23.182844,21.380386,21.950722,21.580969,21.859665,21.504614,22.136475,22.06621,22.186314,21.70431,21.632484,23.153437,23.78273,22.021397,22.052084,22.715849,23.471443,4.0,0.0,4.0,0.0,0.0,4.0,0.0,4.0
36069,2023.0,9.0,8.0,11.0,22.562239,23.384724,21.21028,21.539145,21.986301,22.680944,21.681465,22.325844,22.576477,23.155247,21.721737,21.645931,23.365707,24.05657,22.958637,23.818506,22.957226,23.74616,0.0,4.0,4.0,4.0,0.0,4.0,4.0,4.0
36070,2023.0,9.0,8.0,11.0,22.640572,23.47295,21.467367,22.05027,21.649343,21.948334,21.338291,21.634819,22.842705,23.513098,21.751436,21.676716,22.82751,22.950418,23.220322,24.104847,22.342896,22.482412,4.0,0.0,0.0,4.0,0.0,0.0,4.0,0.0
36071,2023.0,9.0,8.0,11.0,22.707851,23.550478,21.603428,22.232954,22.058216,22.77497,21.787945,22.521376,22.375753,22.530188,22.145132,22.387714,23.401594,24.07876,23.350546,24.234098,22.193434,22.266638,4.0,4.0,4.0,0.0,4.0,4.0,4.0,0.0
36072,2023.0,9.0,8.0,12.0,22.767076,23.620033,21.674793,22.31925,22.217125,22.97344,21.461592,21.806128,22.263012,22.35377,21.995451,22.001255,22.95768,23.113825,22.649252,22.810184,22.18258,22.265196,4.0,4.0,0.0,0.0,0.0,0.0,0.0,0.0
36073,2023.0,9.0,8.0,12.0,22.820421,23.682371,21.7393,22.396902,21.800838,22.139307,21.347805,21.647612,22.27233,22.370255,22.082693,22.17355,23.512796,24.204107,22.457195,22.536428,22.188908,22.28162,4.0,0.0,0.0,0.0,0.0,4.0,0.0,0.0
36074,2023.0,9.0,8.0,12.0,22.869768,23.740362,21.798124,22.468296,21.68018,21.982006,21.86801,22.639957,22.932945,23.600618,22.52519,22.955772,23.69091,24.4147,22.428852,22.514929,22.204481,22.307669,4.0,0.0,4.0,4.0,4.0,4.0,0.0,0.0
36075,2023.0,9.0,8.0,12.0,22.917301,23.796759,21.854753,22.537535,21.656446,21.970816,21.544655,21.922934,22.572157,22.768301,22.412045,22.627085,23.155725,23.323511,22.423119,22.519533,22.075752,22.039991,4.0,0.0,0.0,0.0,0.0,0.0,0.0,0.0
36076,2023.0,9.0,8.0,12.0,22.966936,23.858852,21.914736,22.61504,21.648914,21.977888,21.440638,21.778582,22.465569,22.594334,22.396935,22.574928,23.029428,23.130348,22.430487,22.539082,22.038742,21.985722,4.0,0.0,0.0,0.0,0.0,0.0,0.0,0.0
36077,2023.0,9.0,8.0,12.0,23.008608,23.906258,21.64499,22.080032,22.016754,22.656725,21.434956,21.787277,22.483452,22.622225,22.249668,22.236639,23.70753,24.426596,22.288296,22.253391,22.03736,21.987623,0.0,4.0,0.0,0.0,0.0,4.0,0.0,0.0
36078,2023.0,9.0,8.0,13.0,23.052519,23.95933,21.896425,22.590504,22.302483,23.125893,21.243233,21.413984,22.992016,23.548113,22.559845,22.815601,23.271658,23.475424,22.24534,22.19492,22.040724,21.994764,4.0,4.0,0.0,4.0,4.0,0.0,0.0,0.0
36079,2023.0,9.0,8.0,13.0,23.092245,24.004438,22.01178,22.743782,22.414452,23.250845,21.784508,22.476326,22.72856,22.944164,22.389782,22.408,23.819353,24.551775,22.234924,22.187542,22.04599,22.002987,4.0,4.0,4.0,0.0,0.0,4.0,0.0,0.0
36080,2023.0,9.0,8.0,13.0,22.639828,23.131474,21.758648,22.234375,22.489094,23.329222,22.094376,22.950703,23.255726,23.951344,22.313381,22.27068,23.984686,24.744907,22.231304,22.186665,22.887573,23.588179,0.0,4.0,4.0,4.0,0.0,4.0,0.0,4.0
36081,2023.0,9.0,8.0,13.0,22.486168,22.934011,21.673937,22.114826,22.555042,23.400196,22.211485,23.079247,22.9172,23.180918,22.322172,22.278261,24.06307,24.822002,23.18435,23.988857,22.576391,22.833248,0.0,4.0,4.0,0.0,0.0,4.0,4.0,0.0
36082,2023.0,9.0,8.0,13.0,22.993778,23.934914,21.66489,22.114563,22.616938,23.469074,21.801254,22.243954,22.783812,22.965694,22.339579,22.300287,24.13999,24.90299,23.586447,24.553549,22.464182,22.646227,0.0,4.0,0.0,0.0,0.0,4.0,4.0,0.0
36083,2023.0,9.0,8.0,13.0,23.123821,24.08125,21.436893,21.66666,22.672892,23.529768,21.696491,22.107439,22.785944,22.975208,22.35848,22.324057,23.612534,23.84883,22.935612,23.191841,23.249172,24.11993,0.0,4.0,0.0,0.0,0.0,0.0,0.0,4.0
36084,2023.0,9.0,8.0,14.0,22.688332,23.21555,21.724077,22.255882,22.25219,22.703959,22.195436,23.061102,23.240932,23.808767,22.3782,22.350143,23.465519,23.632753,22.769875,22.94698,22.773836,23.048384,4.0,0.0,4.0,4.0,0.0,0.0,0.0,0.0
36085,2023.0,9.0,8.0,14.0,23.077608,24.016085,21.486307,21.747147,22.608776,23.441456,22.354612,23.245712,23.555574,24.312372,22.394327,22.369932,24.07953,24.820929,23.622978,24.574745,22.634066,22.834929,0.0,4.0,4.0,4.0,0.0,4.0,4.0,0.0
36086,2023.0,9.0,8.0,14.0,22.716438,23.255175,21.73483,22.265657,22.743832,23.611767,22.430935,23.320023,23.125277,23.408697,22.409243,22.388546,24.241053,25.02252,23.060335,23.333271,22.6223,22.823269,4.0,4.0,4.0,0.0,0.0,4.0,0.0,0.0
36087,2023.0,9.0,8.0,14.0,22.581673,23.072302,22.060545,22.835958,22.798567,23.666151,22.007566,22.471584,22.98741,23.197315,22.423494,22.407001,24.30343,25.082647,22.87729,23.060791,22.622581,22.827112,4.0,4.0,0.0,0.0,0.0,4.0,0.0,0.0
36088,2023.0,9.0,8.0,14.0,23.076818,24.03249,21.852987,22.374811,22.376236,22.83541,21.888489,22.31513,23.57526,24.318958,22.43664,22.4241,24.359316,25.137405,22.850618,23.03628,22.4302,22.440607,0.0,0.0,0.0,4.0,0.0,4.0,0.0,0.0
36089,2023.0,9.0,8.0,14.0,22.721424,23.266039,21.78842,22.275055,22.732958,23.574265,21.856764,22.285004,23.202654,23.4993,22.449127,22.44086,23.825235,24.083893,22.838036,23.028282,23.184372,23.899529,0.0,4.0,0.0,0.0,0.0,0.0,0.0,4.0
36090,2023.0,9.0,8.0,15.0,23.12064,24.071386,22.10655,22.868074,22.861084,23.732706,22.34544,23.212801,23.063856,23.287432,22.460701,22.457212,23.663752,23.85127,23.570185,24.401184,22.85516,23.140364,4.0,4.0,4.0,0.0,0.0,0.0,4.0,0.0
36091,2023.0,9.0,8.0,15.0,22.760923,23.30206,21.925945,22.454405,22.444267,22.908981,22.030003,22.512756,23.045666,23.271748,22.471329,22.472715,23.623705,23.814766,23.096699,23.363867,22.737513,22.959877,0.0,0.0,0.0,0.0,0.0,0.0,0.0,0.0
36092,2023.0,9.0,8.0,15.0,22.640911,23.140976,21.86045,22.35368,22.312479,22.733677,22.423334,23.292814,22.833082,22.859474,22.481207,22.487263,23.597916,23.795427,23.823423,24.796219,22.727896,22.953104,0.0,0.0,4.0,0.0,0.0,0.0,4.0,0.0
36093,2023.0,9.0,8.0,15.0,23.131218,24.085745,21.950287,22.490417,22.765348,23.613539,22.104387,22.596104,22.74727,22.743269,22.490486,22.501514,23.579285,23.78346,23.245981,23.542652,22.726433,22.956614,4.0,4.0,0.0,0.0,0.0,0.0,0.0,0.0
36094,2023.0,9.0,8.0,15.0,22.774069,23.311632,21.997028,22.546598,22.433292,22.898457,21.984322,22.423254,22.716347,22.714893,22.499388,22.515747,23.372475,23.391031,23.054502,23.264498,22.522413,22.550598,4.0,0.0,0.0,0.0,0.0,0.0,0.0,0.0
36095,2023.0,9.0,8.0,15.0,22.668556,23.172318,22.262178,23.046549,22.828182,23.694105,22.479391,23.368023,22.694605,22.697691,22.507378,22.529013,23.298143,23.297255,23.019936,23.233246,22.456968,22.466343,4.0,4.0,4.0,0.0,0.0,0.0,0.0,0.0
36096,2023.0,9.0,8.0,16.0,22.641394,23.146444,22.368351,23.171326,22.953709,23.835108,22.140574,22.624443,22.677559,22.685518,22.514683,22.541756,23.264694,23.267776,23.000553,23.21969,22.43388,22.44661,4.0,4.0,0.0,0.0,0.0,0.0,0.0,0.0
36097,2023.0,9.0,8.0,16.0,22.43077,22.743515,22.420424,23.216263,23.006683,23.880205,22.532698,23.402573,22.660913,22.671566,22.854692,23.17779,23.934,24.56594,22.797424,22.82981,22.415663,22.430424,4.0,4.0,4.0,0.0,4.0,4.0,0.0,0.0
36098,2023.0,9.0,8.0,16.0,22.341795,22.626877,22.152504,22.673437,23.052752,23.920284,22.677774,23.571754,22.644817,22.657494,22.67245,22.763079,23.638403,23.913885,22.716959,22.724714,22.400167,22.41648,0.0,4.0,4.0,0.0,0.0,0.0,0.0,0.0
36099,2023.0,9.0,8.0,16.0,22.889359,23.68791,22.388597,23.146112,23.0912,23.952204,22.264845,22.74037,22.62999,22.645077,22.58418,22.62115,24.189013,24.99468,22.683537,22.692413,22.38737,22.405628,4.0,4.0,0.0,0.0,0.0,4.0,0.0,0.0
36100,2023.0,9.0,8.0,16.0,23.202724,24.179918,22.489666,23.270365,23.127323,23.983368,22.1333,22.554665,22.615524,22.63253,22.569252,22.603624,24.328766,25.153215,22.656713,22.666502,22.375765,22.395647,4.0,4.0,0.0,0.0,0.0,4.0,0.0,0.0
36101,2023.0,9.0,8.0,16.0,22.786465,23.306509,22.530298,23.303106,23.158808,24.00811,22.61114,23.475233,22.603334,22.623749,22.5611,22.597605,24.383999,25.202063,22.63639,22.64895,22.365576,22.387964,4.0,4.0,4.0,0.0,0.0,4.0,0.0,0.0
36102,2023.0,9.0,8.0,17.0,23.208693,24.148773,22.26129,22.765598,23.18898,24.032328,22.743341,23.617483,22.59224,22.61513,22.554535,22.593136,23.84411,24.131876,22.61866,22.633522,22.355911,22.380663,0.0,4.0,4.0,0.0,0.0,0.0,0.0,0.0
36103,2023.0,9.0,8.0,17.0,22.833729,23.341837,22.163416,22.622332,23.214827,24.049753,22.802195,23.665743,22.579933,22.603384,22.546288,22.585073,23.681568,23.89588,22.602127,22.61798,22.345633,22.370806,0.0,4.0,4.0,0.0,0.0,0.0,0.0,0.0
36104,2023.0,9.0,8.0,17.0,23.23895,24.156654,22.1328,22.5831,23.237923,24.06406,22.384176,22.835032,22.567953,22.591991,22.53733,22.576338,24.270634,25.049292,22.587122,22.60418,23.156183,23.910221,0.0,4.0,0.0,0.0,0.0,4.0,0.0,4.0
36105,2023.0,9.0,8.0,17.0,23.36758,24.297018,21.890886,22.11312,23.259823,24.077623,22.737509,23.561205,22.55632,22.581045,22.527534,22.566742,23.814348,24.094652,22.57317,22.591078,22.816437,23.116253,0.0,4.0,4.0,0.0,0.0,0.0,0.0,0.0
36106,2023.0,9.0,8.0,17.0,23.42037,24.338425,21.777842,21.954317,23.280312,24.089684,22.39355,22.834587,23.15073,23.71188,22.517235,22.55701,24.283764,25.048555,23.427635,24.219742,22.70064,22.935064,0.0,4.0,0.0,4.0,0.0,4.0,4.0,0.0
36107,2023.0,9.0,8.0,17.0,23.46701,24.376055,21.72794,21.895601,23.30032,24.101728,22.75546,23.572235,22.773924,22.877094,22.505737,22.545988,24.41015,25.201061,23.058182,23.356802,22.682306,22.909946,0.0,4.0,4.0,0.0,0.0,4.0,0.0,0.0
36108,2023.0,9.0,8.0,18.0,23.022125,23.501377,22.07574,22.573753,23.319395,24.112558,22.402363,22.823627,22.802755,23.00522,22.493717,22.535076,24.443453,25.223516,23.784945,24.762093,22.67067,22.894814,4.0,4.0,0.0,0.0,0.0,4.0,4.0,0.0
36109,2023.0,9.0,8.0,18.0,23.38147,24.247652,22.181307,22.694239,23.330383,24.107769,22.748575,23.528803,22.83349,23.05855,22.478287,22.518087,23.931902,24.223822,23.227531,23.535782,22.491104,22.541471,4.0,4.0,4.0,0.0,0.0,0.0,0.0,0.0
36110,2023.0,9.0,8.0,18.0,23.483835,24.355452,22.0572,22.454008,22.870785,23.226032,22.3847,22.76008,22.821363,23.035955,22.460905,22.498259,23.714577,23.884575,23.002167,23.180592,22.418442,22.441435,0.0,0.0,0.0,0.0,0.0,0.0,0.0,0.0
36111,2023.0,9.0,8.0,18.0,23.017136,23.436632,22.339396,22.988794,23.242992,24.016964,22.244305,22.562613,23.30531,23.93515,22.44238,22.477907,23.631405,23.78368,22.93893,23.100868,22.387285,22.407951,4.0,4.0,0.0,4.0,0.0,0.0,0.0,0.0
36112,2023.0,9.0,8.0,18.0,22.871578,23.242918,22.43026,23.083899,23.294062,24.031565,22.189112,22.492031,23.009848,23.2896,22.42173,22.45675,23.568125,23.711958,23.764809,24.687433,22.360289,22.380836,4.0,4.0,0.0,0.0,0.0,0.0,4.0,0.0
36113,2023.0,9.0,8.0,18.0,22.805689,23.161642,22.462204,23.097021,22.829098,23.136816,21.996546,22.137272,23.471476,24.196905,22.398325,22.4322,23.507875,23.641043,23.920763,24.80156,22.333807,22.353785,4.0,0.0,0.0,4.0,0.0,0.0,4.0,0.0
36114,2023.0,9.0,8.0,19.0,23.298828,24.11588,22.484385,23.100212,23.20095,23.92188,22.503233,23.139267,23.57195,24.271013,22.374641,22.408094,24.050068,24.70118,23.254168,23.471964,22.309013,22.32939,4.0,4.0,4.0,4.0,0.0,4.0,0.0,0.0
36115,2023.0,9.0,8.0,19.0,22.920359,23.301062,22.187428,22.516626,22.795792,23.08279,22.229345,22.527775,23.084229,23.30592,22.351742,22.385893,24.191257,24.886126,23.034225,23.155853,22.286207,22.307846,0.0,0.0,0.0,0.0,0.0,4.0,0.0,0.0
36116,2023.0,9.0,8.0,19.0,23.319073,24.108181,22.400421,22.958918,23.162245,23.85449,22.619352,23.30414,23.51535,24.188034,22.33006,22.365541,24.223715,24.904829,22.955698,23.06903,23.092438,23.85047,4.0,4.0,4.0,4.0,0.0,4.0,0.0,4.0
36117,2023.0,9.0,8.0,19.0,23.438957,24.237614,22.170858,22.47997,23.240793,23.91567,22.75344,23.456884,23.09684,23.30888,22.308191,22.344273,23.692057,23.869736,22.898855,23.006704,22.668196,22.88288,0.0,4.0,4.0,0.0,0.0,0.0,0.0,0.0
36118,2023.0,9.0,8.0,19.0,22.977535,23.322176,22.39166,22.934101,23.256248,23.915388,22.312714,22.578135,23.53,24.201504,22.287027,22.3232,23.500504,23.593323,22.8526,22.95488,22.509678,22.643333,4.0,4.0,0.0,4.0,0.0,0.0,0.0,0.0
36119,2023.0,9.0,8.0,19.0,23.388172,24.168835,22.148798,22.426458,22.799807,23.03492,22.171436,22.3854,23.60696,24.244673,22.266869,22.302948,23.4229,23.505713,22.735723,22.755255,22.466791,22.590092,0.0,0.0,0.0,4.0,0.0,0.0,0.0,0.0
36120,2023.0,9.0,8.0,20.0,22.991463,23.336584,22.044834,22.277597,23.160187,23.798693,22.641054,23.299694,23.634457,24.256685,22.247948,22.283998,24.013958,24.6712,23.547394,24.333303,23.207418,24.005013,0.0,4.0,4.0,4.0,0.0,4.0,4.0,4.0
36121,2023.0,9.0,8.0,20.0,22.832048,23.111021,21.903692,22.025103,23.242725,23.874825,22.29181,22.543953,23.66374,24.274435,22.229591,22.265198,24.107845,24.746826,23.039482,23.201483,22.7075,22.894558,0.0,4.0,0.0,4.0,0.0,4.0,0.0,0.0
36122,2023.0,9.0,8.0,20.0,23.331696,24.086317,22.218689,22.65537,22.780209,22.983732,22.135715,22.316349,23.686863,24.28666,22.21203,22.246792,24.134375,24.759235,22.854069,22.92718,22.522999,22.621958,4.0,0.0,0.0,4.0,0.0,4.0,0.0,0.0
36123,2023.0,9.0,8.0,20.0,23.434072,24.173246,21.964535,22.11201,22.611729,22.7532,22.657652,23.330242,23.706448,24.295397,22.553085,22.901287,24.161232,24.77531,22.796505,22.864357,22.472427,22.562544,0.0,0.0,4.0,4.0,4.0,4.0,0.0,0.0
36124,2023.0,9.0,8.0,20.0,22.97202,23.256706,22.229696,22.661304,22.537542,22.66773,22.74981,23.384102,23.195854,23.313564,22.339193,22.424728,23.6111,23.709404,22.754229,22.816532,22.435026,22.518888,4.0,0.0,4.0,0.0,0.0,0.0,0.0,0.0
36125,2023.0,9.0,8.0,20.0,23.39653,24.132357,22.050615,22.270935,22.48299,22.606018,22.787992,23.406393,23.016235,23.069927,22.241095,22.276014,24.082226,24.693277,23.611397,24.457722,22.354248,22.380747,0.0,0.0,4.0,0.0,0.0,4.0,4.0,0.0
36126,2023.0,9.0,8.0,21.0,23.483154,24.194248,21.944815,22.110262,22.385513,22.449198,22.348553,22.544237,22.931494,22.975391,22.548058,22.871113,24.150723,24.741575,23.025055,23.156443,22.313168,22.329554,0.0,0.0,0.0,0.0,4.0,4.0,0.0,0.0
36127,2023.0,9.0,8.0,21.0,23.018114,23.287405,21.9072,22.06051,22.911455,23.476185,22.177889,22.30347,23.440735,23.98319,22.353086,22.4374,24.163454,24.74109,23.643192,24.413107,23.05747,23.757847,0.0,4.0,0.0,4.0,0.0,4.0,4.0,4.0
36128,2023.0,9.0,8.0,21.0,22.85324,23.061071,22.171618,22.562517,22.587212,22.759336,22.112833,22.226774,23.048204,23.148745,22.60757,22.955204,23.626654,23.704838,23.06363,23.169939,23.256468,23.956352,4.0,0.0,0.0,0.0,4.0,0.0,0.0,4.0
36129,2023.0,9.0,8.0,21.0,23.369991,24.080856,21.937468,22.06655,22.973267,23.54552,22.065273,22.170134,22.875973,22.901754,22.409414,22.515606,24.049114,24.59719,22.861599,22.882895,22.671835,22.770706,0.0,4.0,0.0,0.0,0.0,4.0,0.0,0.0
36130,2023.0,9.0,8.0,21.0,22.959654,23.203917,21.862343,21.975698,22.596281,22.743626,21.987679,22.044727,22.811165,22.82886,22.310677,22.366344,24.13221,24.686535,22.79473,22.808641,23.23194,23.908936,0.0,0.0,0.0,0.0,0.0,4.0,0.0,4.0
36131,2023.0,9.0,8.0,21.0,22.795424,22.972425,22.220331,22.664133,22.421267,22.485706,21.941908,21.987425,22.751055,22.75459,22.580519,22.886625,24.15043,24.69406,22.74445,22.752514,23.37235,24.040691,4.0,0.0,0.0,0.0,4.0,4.0,0.0,4.0
36132,2023.0,9.0,8.0,22.0,22.737167,22.905752,21.954037,22.088438,22.361021,22.41426,21.913452,21.955975,22.708456,22.710371,22.665754,22.990591,24.166046,24.69967,22.704393,22.707634,23.43523,24.092047,0.0,0.0,0.0,0.0,4.0,4.0,0.0,4.0
36133,2023.0,9.0,8.0,22.0,23.320845,24.041044,21.850245,21.937279,22.306314,22.342693,21.889996,21.930132,22.67375,22.675674,22.399574,22.459522,24.175953,24.699238,22.671005,22.671448,22.823238,22.886078,0.0,0.0,0.0,0.0,0.0,4.0,0.0,0.0
36134,2023.0,9.0,8.0,22.0,22.89317,23.106195,21.785858,21.837225,22.267801,22.298744,21.868807,21.905985,23.221935,23.737772,22.295546,22.307102,23.62093,23.636984,22.64183,22.639227,22.624645,22.61437,0.0,0.0,0.0,4.0,0.0,0.0,0.0,0.0
36135,2023.0,9.0,8.0,22.0,22.724342,22.865402,21.747747,21.789284,22.237782,22.266075,21.849596,21.884012,22.845173,22.90603,22.251612,22.253214,23.426212,23.368479,22.616163,22.610989,23.222515,23.807966,0.0,0.0,0.0,0.0,0.0,0.0,0.0,4.0
36136,2023.0,9.0,8.0,22.0,22.664875,22.79438,21.722898,21.7606,22.211325,22.237177,22.44226,23.012863,23.170597,23.577911,22.2201,22.21828,23.336466,23.270988,22.5928,22.58508,22.728712,22.764856,0.0,0.0,4.0,4.0,0.0,0.0,0.0,0.0
36137,2023.0,9.0,8.0,22.0,22.65152,22.805056,21.701733,21.73622,22.18724,22.210674,22.084873,22.204817,23.30876,23.755949,22.193161,22.187891,23.89057,24.38114,22.571196,22.560926,22.550232,22.51744,0.0,0.0,0.0,4.0,0.0,4.0,0.0,0.0
36138,2023.0,9.0,8.0,23.0,22.62991,22.784447,21.68291,21.714252,22.164986,22.185934,21.906052,21.924583,22.848394,22.845766,22.168238,22.15945,23.418673,23.40336,22.55096,22.538134,22.478941,22.438488,0.0,0.0,0.0,0.0,0.0,0.0,0.0,0.0
36139,2023.0,9.0,8.0,23.0,22.605928,22.75761,21.66559,21.693794,22.14406,22.162317,21.853922,21.858486,22.68774,22.627163,22.144485,22.13189,23.242834,23.155626,22.532055,22.516884,22.424246,22.379932,0.0,0.0,0.0,0.0,0.0,0.0,0.0,0.0
36140,2023.0,9.0,8.0,23.0,22.585564,22.73525,21.651646,21.678656,22.126461,22.143896,21.842594,21.86375,22.627806,22.566456,22.12424,22.10991,23.177979,23.091011,22.515423,22.498919,22.41468,22.402607,0.0,0.0,0.0,0.0,0.0,0.0,0.0,0.0
36141,2023.0,9.0,8.0,23.0,22.566763,22.714783,21.638699,21.664495,22.109911,22.126495,21.824184,21.84483,22.626219,22.610575,22.105125,22.089064,23.187054,23.163742,22.499794,22.48196,22.38351,22.368298,0.0,0.0,0.0,0.0,0.0,0.0,0.0,0.0
36142,2023.0,9.0,8.0,23.0,22.549202,22.695517,21.626585,21.651133,22.094286,22.109968,21.807163,21.82696,22.594992,22.574886,22.087038,22.069246,23.150517,23.123566,22.48505,22.465897,22.35446,22.33774,0.0,0.0,0.0,0.0,0.0,0.0,0.0,0.0
36143,2023.0,9.0,8.0,23.0,22.533377,22.678799,21.61616,21.64057,22.08052,22.09648,21.792978,21.813112,22.566704,22.54681,22.07105,22.05294,23.755444,24.298267,22.47162,22.45183,22.329931,22.313185,0.0,0.0,0.0,0.0,0.0,4.0,0.0,0.0
36144,2023.0,9.0,9.0,0.0,22.517473,22.661022,21.60509,21.628124,22.066229,22.081081,21.778599,21.797653,22.53916,22.517605,22.054338,22.034462,23.239265,23.207092,22.458084,22.43696,22.30542,22.287268,0.0,0.0,0.0,0.0,0.0,0.0,0.0,0.0
36145,2023.0,9.0,9.0,0.0,22.514765,22.66879,21.594873,21.616928,22.052948,22.066998,21.765524,21.783854,22.513973,22.49118,22.038614,22.017366,23.076408,22.981209,23.266249,23.971287,22.94406,23.509245,0.0,0.0,0.0,0.0,0.0,0.0,4.0,4.0
36146,2023.0,9.0,9.0,0.0,22.509026,22.666216,21.585056,21.60609,22.040234,22.053347,21.753273,21.770739,22.490475,22.466331,22.023842,22.001062,23.020515,22.923372,22.687263,22.688374,22.5186,22.568727,0.0,0.0,0.0,0.0,0.0,0.0,0.0,0.0
36147,2023.0,9.0,9.0,0.0,22.497353,22.652807,21.575367,21.595165,22.027794,22.039682,21.74153,21.757841,23.013193,23.467539,22.286488,22.504265,22.971395,22.869436,22.508621,22.436752,22.324022,22.261564,0.0,0.0,0.0,4.0,4.0,0.0,0.0,0.0
36148,2023.0,9.0,9.0,0.0,22.48595,22.639868,21.566286,21.585016,22.015888,22.026884,21.730543,21.74597,22.659649,22.689684,22.115717,22.129658,23.606766,24.113787,22.460587,22.385807,22.265715,22.197582,0.0,0.0,0.0,0.0,0.0,4.0,0.0,0.0
36149,2023.0,9.0,9.0,0.0,22.474588,22.626661,21.557407,21.574867,22.004007,22.01397,21.719715,21.734125,22.478333,22.398003,22.310564,22.521938,23.1189,23.068668,22.423573,22.346302,22.224688,22.153946,0.0,0.0,0.0,0.0,4.0,0.0,0.0,0.0
36150,2023.0,9.0,9.0,1.0,22.462852,22.612625,21.54825,21.56389,21.991693,22.00001,21.708546,21.721401,22.41625,22.325445,22.112396,22.101297,22.96429,22.851265,22.44335,22.413424,22.236588,22.20923,0.0,0.0,0.0,0.0,0.0,0.0,0.0,0.0
36151,2023.0,9.0,9.0,1.0,22.45108,22.598581,21.539028,21.552612,21.979399,21.986027,21.697458,21.708643,22.43438,22.39925,22.345161,22.5743,22.912825,22.79577,22.432735,22.402107,22.221565,22.194122,0.0,0.0,0.0,0.0,4.0,0.0,0.0,0.0
36152,2023.0,9.0,9.0,1.0,22.43917,22.58458,21.529877,21.54157,21.967176,21.972364,21.686546,21.696249,22.42072,22.387104,22.063023,21.98998,22.941786,22.894838,22.417995,22.386633,22.202927,22.174269,0.0,0.0,0.0,0.0,0.0,0.0,0.0,0.0
36153,2023.0,9.0,9.0,1.0,22.426453,22.569212,21.519518,21.528246,21.953678,21.956303,21.674564,21.68175,22.399368,22.363445,21.966887,21.86545,22.927767,22.884615,22.402163,22.368828,22.183289,22.1525,0.0,0.0,0.0,0.0,0.0,0.0,0.0,0.0
36154,2023.0,9.0,9.0,1.0,22.41436,22.55506,21.510477,21.517776,21.941713,21.943295,21.663946,21.670006,22.379833,22.342943,22.27463,22.482601,22.905268,22.861595,22.387367,22.352926,22.165318,22.133558,0.0,0.0,0.0,0.0,4.0,0.0,0.0,0.0
36155,2023.0,9.0,9.0,1.0,22.401394,22.539429,21.500118,21.504917,21.928467,21.92787,21.65216,21.656075,22.35946,22.320429,22.077776,22.055367,22.881659,22.835752,22.372013,22.33578,22.146833,22.113224,0.0,0.0,0.0,0.0,0.0,0.0,0.0,0.0
36156,2023.0,9.0,9.0,2.0,22.38865,22.524313,21.48942,21.491417,21.914936,21.911924,21.64014,21.641687,22.339493,22.29825,22.01469,21.972977,22.858519,22.810274,22.356783,22.318754,22.128708,22.093239,0.0,0.0,0.0,0.0,0.0,0.0,0.0,0.0
36157,2023.0,9.0,9.0,2.0,22.377003,22.511417,21.480392,21.4814,21.903034,21.899282,21.629658,21.630428,22.321402,22.279411,21.987288,21.94459,22.837706,22.788723,22.34277,22.304058,22.1121,22.075958,0.0,0.0,0.0,0.0,0.0,0.0,0.0,0.0
36158,2023.0,9.0,9.0,2.0,22.365337,22.498428,21.47141,21.471476,21.891237,21.886745,21.619247,21.61926,22.303892,22.261166,21.963379,21.919855,22.817713,22.768005,22.329042,22.289656,22.095976,22.059172,0.0,0.0,0.0,0.0,0.0,0.0,0.0,0.0
36159,2023.0,9.0,9.0,2.0,22.354002,22.486193,21.463194,21.463226,21.880354,21.876087,21.609642,21.609755,22.287752,22.24529,21.94331,21.900398,22.799498,22.750206,22.316067,22.276648,22.755379,23.315577,0.0,0.0,0.0,0.0,0.0,0.0,0.0,4.0
36160,2023.0,9.0,9.0,2.0,22.342066,22.472904,21.454004,21.453117,21.868505,21.863472,21.599274,21.598553,22.271006,22.227804,21.923077,21.879261,22.780779,22.73074,22.302603,22.262522,22.316475,22.341732,0.0,0.0,0.0,0.0,0.0,0.0,0.0,0.0
36161,2023.0,9.0,9.0,2.0,22.32958,22.458557,21.443773,21.44105,21.855629,21.848825,21.588116,21.585632,22.25362,22.208733,21.902636,21.856646,22.76155,22.709705,22.288605,22.247248,22.099161,21.986471,0.0,0.0,0.0,0.0,0.0,0.0,0.0,0.0
36162,2023.0,9.0,9.0,3.0,22.317669,22.445383,21.43475,21.43151,21.844067,21.83688,21.578089,21.57509,22.237797,22.192533,22.181644,22.39675,22.744268,22.69209,22.27546,22.233648,22.041466,21.928627,0.0,0.0,0.0,0.0,4.0,0.0,0.0,0.0
36163,2023.0,9.0,9.0,3.0,22.304049,22.428965,21.422907,21.416294,21.829792,21.819595,21.565418,21.559444,22.220049,22.172283,22.286388,22.536768,22.725126,22.670336,22.260693,22.216799,22.071918,22.02987,0.0,0.0,0.0,0.0,4.0,0.0,0.0,0.0
36164,2023.0,9.0,9.0,3.0,22.290834,22.413763,21.412556,21.404251,21.816858,21.805433,21.553936,21.546581,22.20354,22.154812,21.938114,21.836493,22.70762,22.651882,22.246515,22.20155,22.772877,23.35892,0.0,0.0,0.0,0.0,0.0,0.0,0.0,4.0
36165,2023.0,9.0,9.0,3.0,22.276314,22.396395,21.400524,21.389076,21.802216,21.788136,21.54104,21.53093,22.185625,22.134703,22.060057,22.131865,22.688837,22.63082,22.231195,22.18432,22.221146,22.157381,0.0,0.0,0.0,0.0,4.0,0.0,0.0,0.0
36166,2023.0,9.0,9.0,3.0,22.260578,22.37687,21.386576,21.370476,21.785774,21.767508,21.526602,21.512321,22.166212,22.111813,22.132143,22.232672,22.668707,22.607061,22.21466,22.164978,22.029531,21.890965,0.0,0.0,0.0,0.0,4.0,0.0,0.0,0.0
36167,2023.0,9.0,9.0,3.0,22.246038,22.359959,21.374874,21.356577,21.77148,21.751442,21.514015,21.497787,22.14854,22.092646,21.846148,21.686508,22.650623,22.587435,22.199131,22.147974,21.971128,21.829748,0.0,0.0,0.0,0.0,0.0,0.0,0.0,0.0
36168,2023.0,9.0,9.0,4.0,22.230885,22.342138,21.36206,21.340767,21.756182,21.733633,21.50034,21.481562,22.682999,23.111938,21.748383,21.576183,22.632301,22.567049,22.182983,22.130049,22.008898,21.95117,0.0,0.0,0.0,4.0,0.0,0.0,0.0,0.0
36169,2023.0,9.0,9.0,4.0,22.216438,22.325819,21.349665,21.326359,21.741463,21.717249,21.487024,21.466599,22.331726,22.3334,21.794355,21.71667,22.614477,22.548027,22.167196,22.113176,22.717432,23.294292,0.0,0.0,0.0,0.0,0.0,0.0,0.0,4.0
36170,2023.0,9.0,9.0,4.0,22.201988,22.309347,21.336952,21.311623,21.726562,21.700542,21.473572,21.451334,22.198906,22.140615,21.797018,21.729254,22.59654,22.528677,22.15112,22.095837,22.147211,22.057484,0.0,0.0,0.0,0.0,0.0,0.0,0.0,0.0
36171,2023.0,9.0,9.0,4.0,22.186436,22.290884,21.322594,21.293804,21.710136,21.680885,21.458815,21.433413,22.159332,22.095757,21.775145,21.708008,22.577515,22.507114,22.133974,22.076551,21.950508,21.788578,0.0,0.0,0.0,0.0,0.0,0.0,0.0,0.0
36172,2023.0,9.0,9.0,4.0,22.172537,22.275892,21.310925,21.28154,21.696405,21.66674,21.446383,21.420448,22.6562,23.054634,21.75472,21.687729,22.560734,22.490036,22.952656,23.633474,21.891964,21.73079,0.0,0.0,0.0,4.0,0.0,0.0,4.0,0.0
36173,2023.0,9.0,9.0,4.0,22.157492,22.258764,21.297655,21.266226,21.681263,21.649708,22.044167,22.55509,22.18863,22.053732,21.732365,21.663841,22.542847,22.47074,22.295708,22.19575,21.936537,21.868822,0.0,0.0,4.0,0.0,0.0,0.0,0.0,0.0
36174,2023.0,9.0,9.0,5.0,22.142187,22.241137,21.283945,21.250196,21.665852,21.63207,21.6783,21.728012,22.01382,21.824532,21.709929,21.639473,22.524675,22.450886,22.090378,21.917871,21.93218,21.870363,0.0,0.0,0.0,0.0,0.0,0.0,0.0,0.0
36175,2023.0,9.0,9.0,5.0,22.13624,22.24257,21.271772,21.237476,21.651812,21.617455,21.387152,21.224457,21.954746,21.762932,21.689276,21.61828,22.507835,22.43371,22.030005,21.856697,21.912283,21.852743,0.0,0.0,0.0,0.0,0.0,0.0,0.0,0.0
36176,2023.0,9.0,9.0,5.0,22.132553,22.246574,21.261164,21.227674,21.639204,21.60565,21.31867,21.151394,22.01957,21.940466,21.671026,21.601084,23.1263,23.619,21.9859,21.81539,21.892931,21.834337,0.0,0.0,0.0,0.0,0.0,4.0,0.0,0.0
36177,2023.0,9.0,9.0,5.0,22.122683,22.237255,21.250185,21.21707,21.626163,21.59293,21.390219,21.336899,22.025705,21.958336,21.652607,21.583073,22.568775,22.427998,22.04734,21.976748,21.872854,21.814627,0.0,0.0,0.0,0.0,0.0,0.0,0.0,0.0
36178,2023.0,9.0,9.0,5.0,22.683815,23.29839,21.239227,21.206459,21.61317,21.580214,21.40522,21.373674,22.008892,21.943035,21.634594,21.565437,22.398418,22.194246,22.94638,23.670437,22.520048,23.050642,0.0,0.0,0.0,0.0,0.0,0.0,4.0,4.0
36179,2023.0,9.0,9.0,5.0,22.338362,22.524454,21.619976,21.92911,21.60028,21.567461,21.392872,21.362896,21.990555,21.925085,21.616978,21.54812,22.350597,22.146976,22.267315,22.180923,22.098442,22.113632,4.0,0.0,0.0,0.0,0.0,0.0,0.0,0.0
36180,2023.0,9.0,9.0,6.0,22.623522,23.097778,21.417555,21.465582,21.587463,21.55467,21.37914,21.349525,21.972496,21.907291,21.599943,21.53131,23.056885,23.532536,22.847368,23.385935,21.842138,21.68759,0.0,0.0,0.0,0.0,0.0,4.0,4.0,0.0
36181,2023.0,9.0,9.0,6.0,22.72237,23.203915,21.291689,21.26691,21.575203,21.542866,21.979622,22.491383,22.485752,22.887056,21.85753,22.027006,23.126028,23.509321,22.268234,22.154825,21.762308,21.59969,0.0,0.0,4.0,4.0,4.0,4.0,0.0,0.0
36182,2023.0,9.0,9.0,6.0,22.764664,23.243246,21.259361,21.22856,21.563345,21.531437,21.631496,21.701157,22.699669,23.16956,21.69294,21.663214,23.171455,23.546686,22.880674,23.419659,22.365576,22.77573,0.0,0.0,0.0,4.0,0.0,4.0,4.0,4.0
36183,2023.0,9.0,9.0,6.0,22.802015,23.279434,21.641008,21.962107,22.168524,22.680954,21.34375,21.205694,22.114012,21.97884,21.611168,21.545843,23.222229,23.596264,23.083899,23.660963,22.571787,23.032156,4.0,4.0,0.0,0.0,0.0,4.0,4.0,4.0
36184,2023.0,9.0,9.0,6.0,22.832424,23.30878,21.76586,22.111586,21.81204,21.873005,21.854801,22.217056,21.938955,21.758646,21.587992,21.522488,23.263578,23.636263,23.16362,23.735767,22.653177,23.111015,4.0,0.0,4.0,0.0,0.0,4.0,4.0,4.0
36185,2023.0,9.0,9.0,6.0,22.34184,22.368925,21.349247,21.280262,22.100388,22.453333,21.98537,22.358232,21.882402,21.70489,21.569832,21.505077,22.706995,22.554754,22.452702,22.340876,22.065811,21.95347,0.0,4.0,4.0,0.0,0.0,0.0,0.0,0.0
36186,2023.0,9.0,9.0,7.0,22.767277,23.268885,21.552011,21.725124,22.201015,22.559622,21.512377,21.430876,21.942427,21.870998,21.555677,21.491419,22.53442,22.332169,22.23111,22.060623,21.884035,21.72565,4.0,4.0,0.0,0.0,0.0,0.0,0.0,0.0
36187,2023.0,9.0,9.0,7.0,22.328663,22.36922,21.306711,21.231655,21.74851,21.680338,21.945244,22.32337,21.952864,21.895115,21.549446,21.490229,23.137524,23.535713,22.160322,22.004988,21.829168,21.683197,0.0,0.0,4.0,0.0,0.0,4.0,0.0,0.0
36188,2023.0,9.0,9.0,7.0,22.767723,23.289333,21.563627,21.766676,22.16653,22.54338,22.07076,22.470762,22.52728,22.985668,21.548813,21.495077,23.273165,23.678978,22.11599,21.976322,21.795912,21.663603,4.0,4.0,4.0,4.0,0.0,4.0,0.0,0.0
36189,2023.0,9.0,9.0,7.0,22.868729,23.390604,21.340132,21.30426,22.290928,22.69145,21.621752,21.598093,22.633825,23.031898,21.849556,22.058853,22.74787,22.63955,22.890503,23.471506,21.845789,21.795914,0.0,4.0,0.0,4.0,4.0,0.0,4.0,0.0
36190,2023.0,9.0,9.0,7.0,22.397911,22.481476,21.595064,21.830647,22.342579,22.752344,21.455074,21.367563,22.160114,22.083105,21.698729,21.698792,22.608267,22.458406,23.140144,23.770363,22.585045,23.19088,4.0,4.0,0.0,0.0,0.0,0.0,4.0,4.0
36191,2023.0,9.0,9.0,7.0,22.830849,23.386576,21.379395,21.377924,21.901857,21.898493,21.409004,21.333893,22.03228,21.921057,21.638924,21.603603,23.218563,23.655056,22.484655,22.44068,22.067568,22.038845,0.0,0.0,0.0,0.0,0.0,4.0,0.0,0.0
36192,2023.0,9.0,9.0,8.0,22.935461,23.495659,21.2653,21.214329,22.307024,22.742332,21.386106,21.329046,22.012075,21.912773,21.64596,21.61483,22.787422,22.720743,22.306261,22.205873,21.91675,21.832552,0.0,4.0,0.0,0.0,0.0,0.0,0.0,0.0
36193,2023.0,9.0,9.0,8.0,22.46146,22.580223,21.285467,21.289871,21.9307,21.95816,21.414745,21.417542,22.018353,21.94149,21.664171,21.641857,22.67351,22.568157,22.27271,22.191185,21.905344,21.839968,0.0,0.0,0.0,0.0,0.0,0.0,0.0,0.0
36194,2023.0,9.0,9.0,8.0,22.331272,22.430597,21.28912,21.312881,22.37767,22.879208,21.415613,21.435013,22.068542,22.043541,21.69029,21.677174,22.67181,22.588041,22.265123,22.204258,21.91275,21.867609,0.0,4.0,0.0,0.0,0.0,0.0,0.0,0.0
36195,2023.0,9.0,9.0,8.0,22.901243,23.558271,21.686947,22.07378,22.500444,23.016356,21.40711,21.435366,22.094156,22.078829,21.716042,21.705307,22.68462,22.622534,22.271666,22.230156,21.939814,21.922068,4.0,4.0,0.0,0.0,0.0,0.0,0.0,0.0
36196,2023.0,9.0,9.0,8.0,22.500835,22.6987,21.466461,21.573671,22.565668,23.101366,21.399405,21.436142,22.11261,22.100067,21.746698,21.738337,22.726412,22.703009,22.291597,22.271925,21.956175,21.944838,0.0,4.0,0.0,0.0,0.0,0.0,0.0,0.0
36197,2023.0,9.0,9.0,8.0,22.3842,22.563244,21.361752,21.419498,22.131645,22.254961,21.393206,21.438637,22.133331,22.122053,21.781803,21.775278,22.74752,22.730087,22.302956,22.286324,21.970472,21.961193,0.0,0.0,0.0,0.0,0.0,0.0,0.0,0.0
36198,2023.0,9.0,9.0,9.0,22.361374,22.562147,21.341927,21.404778,21.998533,22.090502,21.38899,21.443691,22.158564,22.149641,21.824286,21.822731,22.766176,22.751564,22.314863,22.300451,21.988752,21.982006,0.0,0.0,0.0,0.0,0.0,0.0,0.0,0.0
36199,2023.0,9.0,9.0,9.0,22.315182,22.501522,21.33402,21.407135,22.545507,23.165882,22.008028,22.620766,22.183516,22.173471,21.863188,21.859291,22.785204,22.770193,22.328428,22.31406,22.007818,22.000946,0.0,4.0,4.0,0.0,0.0,0.0,0.0,0.0
36200,2023.0,9.0,9.0,9.0,22.287136,22.477411,21.331036,21.414412,22.683037,23.314503,21.663227,21.830841,22.212654,22.202753,21.90865,21.905535,22.80815,22.793865,22.346207,22.332502,22.864702,23.598637,0.0,4.0,0.0,0.0,0.0,0.0,0.0,4.0
36201,2023.0,9.0,9.0,9.0,22.267279,22.463507,21.331486,21.425764,22.752079,23.398453,22.18245,22.874968,22.245089,22.235874,21.958368,21.956915,23.558424,24.194227,22.367756,22.354975,23.150742,23.924314,0.0,4.0,4.0,0.0,0.0,4.0,0.0,4.0
36202,2023.0,9.0,9.0,9.0,22.25192,22.454813,21.333336,21.437231,22.823881,23.491291,21.86491,22.143475,22.280203,22.271944,22.01123,22.011837,23.229969,23.41047,22.39267,22.380856,22.636555,22.834303,0.0,4.0,0.0,0.0,0.0,0.0,0.0,0.0
36203,2023.0,9.0,9.0,9.0,22.239983,22.449915,21.337753,21.452171,22.89142,23.581268,21.76125,22.004663,22.318264,22.311846,22.440119,22.772657,23.131733,23.224518,22.420885,22.410671,22.508387,22.621307,0.0,4.0,0.0,0.0,4.0,0.0,0.0,0.0
36204,2023.0,9.0,9.0,10.0,22.231035,22.44852,21.34367,21.468142,22.951965,23.659792,21.766615,22.033155,22.356186,22.349743,22.299633,22.384367,23.165138,23.269049,23.393497,24.221941,22.521807,22.646154,0.0,4.0,0.0,0.0,0.0,0.0,4.0,0.0
36205,2023.0,9.0,9.0,10.0,22.222574,22.445976,21.350218,21.483583,23.009583,23.73397,21.631012,21.769297,22.397024,22.391356,22.247173,22.25756,23.809044,24.452534,22.9903,23.235462,22.553642,22.690031,0.0,4.0,0.0,0.0,0.0,4.0,0.0,0.0
36206,2023.0,9.0,9.0,10.0,22.220818,22.45518,21.73546,22.206736,23.065155,23.806171,21.578356,21.70362,22.438457,22.43436,22.29088,22.298357,24.08708,24.837738,22.85183,22.986507,22.451931,22.459002,4.0,4.0,0.0,0.0,0.0,4.0,0.0,0.0
36207,2023.0,9.0,9.0,10.0,22.807718,23.566803,21.527275,21.730913,23.116938,23.871952,21.56312,21.696241,22.478935,22.474869,22.340631,22.347391,23.60799,23.818205,22.870218,23.009678,22.442896,22.439686,0.0,4.0,0.0,0.0,0.0,0.0,0.0,0.0
36208,2023.0,9.0,9.0,10.0,22.580305,23.024307,21.446968,21.608915,23.170643,23.942568,21.55413,21.694843,22.522387,22.52056,22.396536,22.405876,23.520874,23.67006,22.908693,23.059753,22.459126,22.456932,0.0,4.0,0.0,0.0,0.0,0.0,0.0,0.0
36209,2023.0,9.0,9.0,10.0,22.544867,22.984985,21.442835,21.611687,23.2209,24.00711,22.135143,22.79772,22.564913,22.563728,22.451305,22.461327,23.548676,23.708435,22.799793,22.808304,22.480242,22.479546,0.0,4.0,4.0,0.0,0.0,0.0,0.0,0.0
36210,2023.0,9.0,9.0,11.0,22.56014,23.016924,21.446016,21.62382,22.803564,23.198948,21.782032,22.00018,22.60931,22.610739,22.508863,22.522284,23.588352,23.761852,22.785875,22.777874,22.505692,22.507627,0.0,0.0,0.0,0.0,0.0,0.0,0.0,0.0
36211,2023.0,9.0,9.0,11.0,22.398676,22.690283,21.44973,21.632841,22.677677,23.045748,21.881865,22.271978,22.649832,22.650358,22.562271,22.574821,24.158302,24.800394,22.801039,22.791803,22.530308,22.531609,0.0,0.0,0.0,0.0,0.0,4.0,0.0,0.0
36212,2023.0,9.0,9.0,11.0,22.348278,22.627192,21.454449,21.642508,23.13769,23.949137,22.449036,23.306648,22.68915,22.688667,22.614136,22.625511,23.837542,24.07227,22.819815,22.809778,22.555428,22.55609,0.0,4.0,4.0,0.0,0.0,0.0,0.0,0.0
36213,2023.0,9.0,9.0,11.0,22.331541,22.613113,21.816294,22.316704,23.265877,24.100636,22.14899,22.614143,22.72765,22.726183,22.665154,22.67516,24.421545,25.18336,22.84085,22.83026,22.58143,22.581408,4.0,4.0,0.0,0.0,0.0,4.0,0.0,0.0
36214,2023.0,9.0,9.0,11.0,22.893429,23.679617,21.626638,21.876228,22.870937,23.315928,22.06862,22.49481,22.7662,22.76442,23.055767,23.362007,24.022924,24.288473,22.864073,22.853245,22.608984,22.60856,0.0,0.0,0.0,0.0,4.0,0.0,0.0,0.0
36215,2023.0,9.0,9.0,11.0,22.711702,23.233347,21.546926,21.752243,22.750664,23.159788,22.074453,22.510029,22.805613,22.804588,22.91076,22.970358,23.925508,24.122932,22.889235,22.878918,22.637901,22.637955,0.0,0.0,0.0,0.0,0.0,0.0,0.0,0.0
36216,2023.0,9.0,9.0,12.0,22.683231,23.196669,21.542126,21.750687,23.217129,24.066639,21.852682,22.062912,22.843826,22.842375,22.88176,22.894682,23.943468,24.145662,22.914213,22.904062,22.666143,22.666204,0.0,4.0,0.0,0.0,0.0,0.0,0.0,0.0
36217,2023.0,9.0,9.0,12.0,22.693686,23.2133,21.542511,21.754513,23.350933,24.222765,21.775658,21.96143,22.883173,22.882963,22.919676,22.930548,23.967022,24.173704,22.93998,22.930517,22.695229,22.696037,0.0,4.0,0.0,0.0,0.0,0.0,0.0,0.0
36218,2023.0,9.0,9.0,12.0,23.058966,23.868387,21.90612,22.43334,22.949463,23.419775,22.310528,22.9865,22.916986,22.913527,22.95678,22.963263,24.474724,25.097578,22.963713,22.952372,22.720863,22.719658,4.0,0.0,4.0,0.0,0.0,4.0,0.0,0.0
36219,2023.0,9.0,9.0,12.0,22.839884,23.38356,21.693384,21.947338,22.837778,23.276075,22.189342,22.6723,22.953129,22.949442,22.999027,23.005142,24.780777,25.57532,22.989376,22.977919,22.748264,22.747126,0.0,0.0,0.0,0.0,0.0,4.0,0.0,0.0
36220,2023.0,9.0,9.0,12.0,22.802279,23.336082,21.9005,22.396688,23.281235,24.133615,22.169353,22.641582,22.987373,22.982086,23.039675,23.043781,24.88831,25.674126,23.928928,24.730236,22.7747,22.772612,0.0,4.0,0.0,0.0,0.0,4.0,4.0,0.0
36221,2023.0,9.0,9.0,12.0,23.32795,24.321024,22.014223,22.557632,23.432287,24.321745,22.18431,22.66213,23.022429,23.017574,23.08192,23.086555,24.412355,24.690485,23.57693,23.86249,22.802147,22.8006,0.0,4.0,0.0,0.0,0.0,0.0,0.0,0.0
36222,2023.0,9.0,9.0,13.0,22.997337,23.575218,21.779999,22.048256,23.499249,24.391285,21.947407,22.176514,23.056608,23.052519,23.123327,23.128916,24.304222,24.51944,23.491539,23.714458,22.829124,22.828457,0.0,4.0,0.0,0.0,0.0,0.0,0.0,0.0
36223,2023.0,9.0,9.0,13.0,22.918133,23.466011,21.707272,21.940195,23.090752,23.579529,21.871037,22.075207,23.090578,23.087965,23.16433,23.17184,24.304068,24.522648,23.515768,23.74081,22.855927,22.856884,0.0,0.0,0.0,0.0,0.0,0.0,0.0,0.0
36224,2023.0,9.0,9.0,13.0,22.915049,23.468805,21.698006,21.932526,22.986187,23.452007,21.84843,22.053497,23.124792,23.125587,23.206072,23.218376,24.314924,24.539974,23.54762,23.778053,22.882822,22.88682,0.0,0.0,0.0,0.0,0.0,0.0,0.0,0.0
36225,2023.0,9.0,9.0,13.0,22.69103,23.02156,21.697195,21.935175,22.960173,23.435488,21.837011,22.045887,23.15371,23.154493,23.240175,23.251898,24.77583,25.386745,23.360107,23.374615,22.906029,22.910793,0.0,0.0,0.0,0.0,0.0,4.0,0.0,0.0
36226,2023.0,9.0,9.0,13.0,22.620718,22.933126,21.700752,21.942106,23.432123,24.33663,21.830462,22.042309,23.183554,23.187016,23.275944,23.290907,24.49325,24.770996,23.320227,23.315256,22.9299,22.937386,0.0,4.0,0.0,0.0,0.0,0.0,0.0,0.0
36227,2023.0,9.0,9.0,13.0,22.595057,22.90785,21.707739,21.953318,23.575153,24.500803,21.827682,22.042654,23.214314,23.223017,23.31352,23.335274,24.430958,24.673054,23.321848,23.318796,22.954641,22.966661,0.0,4.0,0.0,0.0,0.0,0.0,0.0,0.0
36228,2023.0,9.0,9.0,14.0,22.58036,22.895857,21.716173,21.965454,23.647379,24.575521,21.827892,22.046165,23.241909,23.254087,23.346806,23.372526,24.439663,24.689518,23.330172,23.330133,22.97742,22.9927,0.0,4.0,0.0,0.0,0.0,0.0,0.0,0.0
36229,2023.0,9.0,9.0,14.0,22.570168,22.887043,21.723278,21.97343,23.268932,23.818655,21.82844,22.0481,23.264523,23.276388,23.373598,23.398176,24.231955,24.268795,24.234524,25.030539,22.996458,23.01187,0.0,0.0,0.0,0.0,0.0,0.0,4.0,0.0
36230,2023.0,9.0,9.0,14.0,23.125177,23.935442,21.732101,21.98403,23.611893,24.518028,22.373922,23.068493,23.28864,23.303072,23.402636,23.430054,24.160519,24.161753,23.901308,24.218084,23.016756,23.034468,0.0,4.0,4.0,0.0,0.0,0.0,0.0,0.0
36231,2023.0,9.0,9.0,14.0,23.527502,24.590094,21.742153,21.996252,23.735394,24.664412,22.567495,23.29951,23.312853,23.330795,23.431585,23.463177,24.144253,24.146072,23.81195,24.069525,23.037333,23.058075,0.0,4.0,4.0,0.0,0.0,0.0,0.0,0.0
36232,2023.0,9.0,9.0,14.0,23.647713,24.694431,21.75248,22.008274,23.791922,24.720383,22.40636,22.950026,23.335672,23.355986,23.457994,23.492449,24.135357,24.139858,23.825972,24.085796,23.05712,23.07996,0.0,4.0,0.0,0.0,0.0,0.0,0.0,0.0
36233,2023.0,9.0,9.0,14.0,23.735931,24.775349,21.762913,22.019804,23.840698,24.766712,22.403349,22.942852,23.986385,24.564724,23.481833,23.518059,24.130377,24.137817,23.84453,24.106588,23.075811,23.100006,0.0,4.0,0.0,4.0,0.0,0.0,0.0,0.0
36234,2023.0,9.0,9.0,15.0,23.332735,23.949757,22.127535,22.691685,23.886848,24.813227,22.92204,23.897062,23.622871,23.725384,23.505964,23.546,24.127356,24.137774,23.635384,23.669199,23.09488,23.121796,4.0,4.0,4.0,0.0,0.0,0.0,0.0,0.0
36235,2023.0,9.0,9.0,15.0,23.237572,23.822535,22.269121,22.862005,23.501629,24.058311,23.089266,24.072773,24.335867,25.123964,23.52672,23.568678,24.124565,24.13714,24.460936,25.254417,23.111673,23.139875,4.0,0.0,4.0,4.0,0.0,0.0,4.0,0.0
36236,2023.0,9.0,9.0,15.0,23.723425,24.746428,22.31716,22.930672,23.364151,23.869003,22.726614,23.309006,24.078196,24.46946,23.546747,23.591265,24.789623,25.403902,24.115465,24.44089,23.128325,23.158342,0.0,0.0,0.0,0.0,0.0,4.0,0.0,0.0
36237,2023.0,9.0,9.0,15.0,23.86518,24.896612,22.668655,23.543915,23.782688,24.682804,22.63444,23.171303,24.539787,25.34849,23.565,23.611917,25.1481,25.981112,24.01269,24.280684,23.929394,24.658579,4.0,4.0,0.0,4.0,0.0,4.0,0.0,4.0
36238,2023.0,9.0,9.0,15.0,23.949833,24.98577,22.506025,23.130516,23.914371,24.840168,22.625818,23.160236,24.726168,25.566067,23.582932,23.633835,25.26261,26.100689,24.009438,24.27731,24.384834,25.36112,0.0,4.0,0.0,4.0,0.0,4.0,0.0,4.0
36239,2023.0,9.0,9.0,15.0,24.020245,25.055285,22.494446,23.1045,23.534382,24.079208,22.359015,22.622547,24.810987,25.641724,23.597214,23.65042,24.78984,25.133957,24.013714,24.283684,23.866386,24.243177,0.0,0.0,0.0,4.0,0.0,0.0,0.0,0.0
36240,2023.0,9.0,9.0,16.0,24.079779,25.110378,22.543482,23.133627,23.878439,24.779833,22.842913,23.58273,24.888754,25.714651,23.610516,23.667442,24.672195,24.955193,23.799086,23.849083,23.748268,24.059277,4.0,4.0,4.0,4.0,0.0,0.0,0.0,0.0
36241,2023.0,9.0,9.0,16.0,23.677393,24.307552,22.58333,23.169363,23.565876,24.115673,22.739733,23.301939,24.950752,25.767601,23.61953,23.678238,24.649727,24.92959,24.59896,25.396824,23.738598,24.04521,4.0,0.0,0.0,4.0,0.0,0.0,4.0,0.0
36242,2023.0,9.0,9.0,16.0,24.04734,25.061417,22.901373,23.763418,23.903738,24.801466,22.686338,23.209232,24.49454,24.85408,23.626122,23.68677,24.63345,24.911339,24.979656,25.965355,23.737331,24.041372,4.0,4.0,0.0,0.0,0.0,0.0,4.0,0.0
36243,2023.0,9.0,9.0,16.0,24.148695,25.159662,23.023195,23.897264,24.008686,24.911953,22.686865,23.203556,24.363348,24.668497,23.63043,23.69303,24.40568,24.467474,24.374016,24.707119,23.509972,23.582617,4.0,4.0,0.0,0.0,0.0,0.0,0.0,0.0
36244,2023.0,9.0,9.0,16.0,23.73043,24.323948,22.789692,23.398174,24.054916,24.950054,22.42773,22.676157,24.327106,24.628109,23.63317,23.698036,24.322542,24.354204,24.214344,24.476522,23.433594,23.477821,0.0,4.0,0.0,0.0,0.0,0.0,0.0,0.0
36245,2023.0,9.0,9.0,16.0,23.617151,24.175314,22.730581,23.302599,24.094381,24.98141,22.339962,22.55687,24.845211,25.620544,23.633862,23.701254,24.289728,24.323141,24.978361,25.945314,23.409164,23.45475,0.0,4.0,0.0,4.0,0.0,0.0,4.0,0.0
36246,2023.0,9.0,9.0,17.0,23.577448,24.12932,22.725666,23.289795,24.128904,25.008835,22.3089,22.521904,24.49221,24.856068,23.632236,23.702799,24.921381,25.549824,25.146051,26.106314,23.390486,23.438574,0.0,4.0,0.0,0.0,0.0,4.0,4.0,0.0
36247,2023.0,9.0,9.0,17.0,23.551239,24.096973,22.778767,23.343464,23.73065,24.23123,22.28861,22.49912,24.354599,24.653118,23.627232,23.700386,25.23327,26.058641,24.51023,24.82993,23.374105,23.424555,4.0,0.0,0.0,0.0,0.0,4.0,0.0,0.0
36248,2023.0,9.0,9.0,17.0,23.854702,24.651703,22.485104,22.764442,24.057922,24.912615,22.273468,22.48049,24.317696,24.612501,23.944946,24.30626,24.757547,25.083673,24.331264,24.58146,23.358728,23.41167,0.0,4.0,0.0,0.0,4.0,0.0,0.0,0.0
36249,2023.0,9.0,9.0,17.0,23.638742,24.195547,22.375551,22.610487,24.148535,25.008242,22.262531,22.466755,24.078106,24.160707,23.757563,23.896936,25.230843,26.034113,24.277773,24.525717,23.344366,23.400164,0.0,4.0,0.0,0.0,0.0,4.0,0.0,0.0
36250,2023.0,9.0,9.0,17.0,24.072428,25.038334,22.716228,23.27721,23.747633,24.219412,22.254135,22.455343,23.974747,24.025854,23.981178,24.350115,24.834576,25.201555,24.239832,24.486649,23.330423,23.388908,4.0,0.0,0.0,0.0,4.0,0.0,0.0,0.0
36251,2023.0,9.0,9.0,17.0,24.188904,25.149778,22.736612,23.271732,23.621906,24.052643,22.80142,23.484556,23.92806,23.98085,23.779297,23.924458,24.670197,24.940928,24.21088,24.457426,23.317278,23.378572,0.0,0.0,4.0,0.0,0.0,0.0,0.0,0.0
36252,2023.0,9.0,9.0,18.0,24.24626,25.196274,23.03828,23.818233,24.032318,24.854033,22.96723,23.66034,24.49682,25.089226,23.916855,24.25261,25.219059,26.016607,24.00445,24.069426,23.304813,23.368635,4.0,4.0,4.0,4.0,0.0,4.0,0.0,0.0
36253,2023.0,9.0,9.0,18.0,24.28583,25.217266,23.150116,23.936167,24.135199,24.959806,23.237425,24.117252,24.278957,24.598583,23.97227,24.334991,24.80213,25.139055,23.91828,23.959831,23.289803,23.351992,4.0,4.0,4.0,0.0,0.0,0.0,0.0,0.0
36254,2023.0,9.0,9.0,18.0,23.849102,24.355251,23.193808,23.957825,24.166195,24.971304,22.877798,23.34087,24.178669,24.44622,23.741468,23.869171,24.63057,24.869701,23.87339,23.912746,23.274818,23.334866,4.0,4.0,0.0,0.0,0.0,0.0,0.0,0.0
36255,2023.0,9.0,9.0,18.0,24.211996,25.105656,23.22634,23.96875,23.749956,24.15606,23.262522,24.095913,24.138983,24.391912,23.642591,23.723492,24.565647,24.786758,23.835724,23.87371,23.25989,23.317844,4.0,0.0,4.0,0.0,0.0,0.0,0.0,0.0
36256,2023.0,9.0,9.0,18.0,23.842524,24.333744,23.25048,23.971706,23.607145,23.96248,22.935472,23.379187,24.519274,25.109928,23.603428,23.679415,24.998247,25.627092,24.670176,25.479675,24.012323,24.750212,4.0,0.0,0.0,4.0,0.0,4.0,4.0,4.0
36257,2023.0,9.0,9.0,18.0,24.18675,25.041811,23.269161,23.969612,24.00251,24.740067,23.286272,24.074833,24.732311,25.442223,23.888739,24.241535,24.660425,24.930086,24.244982,24.517904,23.690535,23.994873,4.0,4.0,4.0,4.0,4.0,0.0,0.0,0.0
36258,2023.0,9.0,9.0,19.0,24.278893,25.129559,23.283533,23.963438,23.657255,24.013899,23.40724,24.199167,24.30246,24.57493,23.67972,23.8052,24.50383,24.690493,24.072422,24.255108,23.555466,23.77824,4.0,0.0,4.0,0.0,0.0,0.0,0.0,0.0
36259,2023.0,9.0,9.0,19.0,23.836359,24.256021,23.291925,23.949026,24.008926,24.735704,23.451696,24.22091,24.142075,24.337404,23.565037,23.634153,24.437395,24.605862,24.01424,24.180202,23.51547,23.719858,4.0,4.0,4.0,0.0,0.0,0.0,0.0,0.0
36260,2023.0,9.0,9.0,19.0,24.185715,24.981745,23.006529,23.393156,24.08104,24.786615,23.03725,23.39623,24.073196,24.249773,23.523321,23.585466,24.382349,24.537281,24.787577,25.665792,23.360552,23.426346,0.0,4.0,0.0,0.0,0.0,0.0,4.0,0.0
36261,2023.0,9.0,9.0,19.0,24.274439,25.07039,23.183847,23.76814,24.097918,24.781075,22.88266,23.171442,24.016758,24.177324,23.805542,24.140814,24.238192,24.285984,24.238787,24.461422,23.29546,23.33829,4.0,4.0,0.0,0.0,4.0,0.0,0.0,0.0
36262,2023.0,9.0,9.0,19.0,23.837027,24.213404,23.247272,23.839382,24.1114,24.774595,23.303013,23.987005,24.46476,25.039602,23.623764,23.752207,24.824116,25.442726,24.8463,25.689083,23.264019,23.302757,4.0,4.0,4.0,4.0,0.0,4.0,4.0,0.0
36263,2023.0,9.0,9.0,19.0,23.676683,23.98995,23.252851,23.822683,24.118593,24.762178,22.967867,23.269196,24.127901,24.318794,23.604324,23.767303,24.440966,24.619736,24.272694,24.459455,24.017433,24.74567,4.0,4.0,0.0,0.0,0.0,0.0,0.0,4.0
36264,2023.0,9.0,9.0,20.0,23.604233,23.897858,22.956522,23.249582,24.122124,24.7462,22.819029,23.047737,23.965693,24.075686,23.590796,23.750534,24.89611,25.542622,24.05284,24.140186,24.21226,24.943707,0.0,4.0,0.0,0.0,0.0,4.0,0.0,4.0
36265,2023.0,9.0,9.0,20.0,23.55125,23.83155,23.147478,23.657766,24.127518,24.737253,23.27793,23.935179,23.904242,23.999815,23.47408,23.535748,24.957502,25.56149,23.979025,24.053232,23.665562,23.832867,4.0,4.0,4.0,0.0,0.0,4.0,0.0,0.0
36266,2023.0,9.0,9.0,20.0,23.45323,23.666613,23.208097,23.726023,24.131948,24.727762,22.927605,23.177715,23.799314,23.828995,23.412613,23.451237,24.979187,25.566614,23.924244,23.989561,24.23361,24.978159,4.0,4.0,0.0,0.0,0.0,4.0,0.0,4.0
36267,2023.0,9.0,9.0,20.0,23.39734,23.594744,23.215097,23.716469,24.134804,24.71675,22.782503,22.96459,23.741686,23.759462,23.380026,23.414076,24.466082,24.564444,23.83677,23.85113,24.325348,25.011053,4.0,4.0,0.0,0.0,0.0,0.0,0.0,4.0
36268,2023.0,9.0,9.0,20.0,23.362463,23.555141,23.218956,23.704458,24.136292,24.704588,23.281834,23.931808,23.703602,23.71949,23.352427,23.38334,24.30072,24.334923,23.791468,23.801636,24.374722,25.045403,4.0,4.0,4.0,0.0,0.0,0.0,0.0,4.0
36269,2023.0,9.0,9.0,20.0,23.333977,23.522991,22.919573,23.132658,23.694862,23.867085,22.908627,23.120502,24.25191,24.782524,23.327618,23.355656,24.227428,24.25016,23.759275,23.768784,23.80061,23.913424,0.0,0.0,0.0,4.0,0.0,0.0,0.0,0.0
36270,2023.0,9.0,9.0,21.0,23.30907,23.494202,23.127998,23.579962,23.50668,23.604305,22.753126,22.88998,23.887966,23.981081,23.30421,23.329046,24.800568,25.379398,23.730848,23.739231,23.60814,23.649078,4.0,0.0,0.0,0.0,0.0,4.0,0.0,0.0
36271,2023.0,9.0,9.0,21.0,23.898516,24.623116,23.178616,23.626745,23.422836,23.507607,22.701488,22.82532,23.747372,23.7767,23.28122,23.301258,24.86647,25.4027,23.70598,23.713932,23.5322,23.56417,4.0,0.0,0.0,0.0,0.0,4.0,0.0,0.0
36272,2023.0,9.0,9.0,21.0,23.540298,23.81291,23.180742,23.614449,23.361074,23.437967,23.187843,23.759071,23.697618,23.719992,23.260225,23.276316,24.891356,25.414175,23.68346,23.691017,24.206806,24.878727,4.0,0.0,4.0,0.0,0.0,4.0,0.0,4.0
36273,2023.0,9.0,9.0,21.0,23.398815,23.604183,22.887722,23.055595,23.291906,23.343506,22.858694,23.033264,23.651203,23.65861,23.240551,23.252644,24.916613,25.428905,24.42223,25.100895,23.708725,23.80005,0.0,0.0,0.0,0.0,0.0,4.0,4.0,0.0
36274,2023.0,9.0,9.0,21.0,23.35543,23.54854,22.745556,22.84735,23.241901,23.28523,22.69876,22.790674,23.617691,23.619432,23.534664,23.815441,24.934673,25.43687,24.616106,25.29365,23.519493,23.52478,0.0,0.0,0.0,0.0,4.0,4.0,4.0,0.0
36275,2023.0,9.0,9.0,21.0,23.325195,23.511894,22.68739,22.777967,23.206068,23.24756,22.651447,22.732975,23.590696,23.590137,23.625845,23.924253,24.41699,24.43917,23.9957,24.037642,23.456524,23.459564,0.0,0.0,0.0,0.0,4.0,0.0,0.0,0.0
36276,2023.0,9.0,9.0,22.0,23.87344,24.55957,22.998037,23.38981,23.173483,23.212088,22.592506,22.64309,23.565239,23.561573,23.364708,23.39901,24.241392,24.196428,23.82216,23.802912,23.406136,23.40308,4.0,0.0,0.0,0.0,0.0,0.0,0.0,0.0
36277,2023.0,9.0,9.0,22.0,23.47316,23.68125,22.752615,22.870174,23.143976,23.179876,22.557909,22.601112,24.057356,24.50499,23.270397,23.26076,24.16198,24.10942,23.755795,23.728912,23.373484,23.374525,0.0,0.0,0.0,4.0,0.0,0.0,0.0,0.0
36278,2023.0,9.0,9.0,22.0,23.34013,23.493597,22.619926,22.670809,23.116549,23.149755,22.533417,22.573362,23.713285,23.751738,23.227419,23.206335,24.700033,25.182585,23.704586,23.671234,23.339659,23.336023,0.0,0.0,0.0,0.0,0.0,4.0,0.0,0.0
36279,2023.0,9.0,9.0,22.0,23.293142,23.43523,22.571129,22.61271,23.657558,24.18838,22.51254,22.549757,24.040352,24.412594,23.209028,23.197342,24.243025,24.23196,23.660078,23.617872,23.309816,23.30314,0.0,4.0,0.0,4.0,0.0,0.0,0.0,0.0
36280,2023.0,9.0,9.0,22.0,23.290323,23.457083,22.535444,22.57269,23.310629,23.418396,22.493418,22.52756,23.681301,23.66145,23.18672,23.17352,24.08284,24.006643,23.652065,23.633602,23.282265,23.272215,0.0,0.0,0.0,0.0,0.0,0.0,0.0,0.0
36281,2023.0,9.0,9.0,22.0,23.274265,23.43862,22.505362,22.538553,23.115114,23.105778,22.475721,22.506693,24.04598,24.413418,23.162682,23.145374,24.015741,23.93095,23.631874,23.61219,23.256697,23.243252,0.0,0.0,0.0,4.0,0.0,0.0,0.0,0.0
36282,2023.0,9.0,9.0,23.0,23.256912,23.418112,22.47956,22.510004,23.05079,23.02615,22.459833,22.488274,23.676243,23.642591,23.140285,23.119728,24.020514,23.990969,23.609488,23.587465,23.917088,24.504051,0.0,0.0,0.0,0.0,0.0,0.0,0.0,4.0
36283,2023.0,9.0,9.0,23.0,23.24098,23.399158,22.455847,22.483398,23.004375,22.971018,22.445063,22.470972,24.053833,24.426594,23.118464,23.094704,23.991064,23.960814,23.587814,23.563404,23.468233,23.51482,0.0,0.0,0.0,4.0,0.0,0.0,0.0,0.0
36284,2023.0,9.0,9.0,23.0,23.22588,23.38091,22.433899,22.458426,23.015085,23.023703,22.431234,22.454445,23.666634,23.612223,23.097212,23.070118,23.956388,23.9227,23.566935,23.54,23.886131,24.360683,0.0,0.0,0.0,0.0,0.0,0.0,0.0,4.0
36285,2023.0,9.0,9.0,23.0,23.211578,23.363647,22.413422,22.435171,23.002632,23.01578,22.418158,22.438766,23.527422,23.430859,23.07707,23.046762,23.924543,23.888067,23.54688,23.517605,23.41185,23.370378,0.0,0.0,0.0,0.0,0.0,0.0,0.0,0.0
36286,2023.0,9.0,9.0,23.0,23.196863,23.345228,22.392242,22.409393,22.980211,22.989748,22.4045,22.421412,23.463932,23.3581,23.055595,23.020975,23.892813,23.851921,23.526663,23.494246,23.263937,23.175907,0.0,0.0,0.0,0.0,0.0,0.0,0.0,0.0
36287,2023.0,9.0,9.0,23.0,23.18368,23.32966,22.375374,22.391386,22.96109,22.969786,22.39308,22.408365,23.99047,24.396296,23.036943,23.000679,23.865988,23.82401,23.508524,23.474562,23.206436,23.114756,0.0,0.0,0.0,4.0,0.0,0.0,0.0,0.0
36288,2023.0,9.0,10.0,0.0,23.169394,23.311716,22.356647,22.368898,22.939987,22.945377,22.380152,22.392252,24.1772,24.642681,23.303741,23.516582,23.838837,23.793322,23.489483,23.45269,23.218706,23.183537,0.0,0.0,0.0,4.0,4.0,0.0,0.0,0.0
36289,2023.0,9.0,10.0,0.0,23.157856,23.298758,22.341578,22.352932,22.922298,22.927235,22.369537,22.380653,23.651123,23.582146,23.118254,23.118675,24.392662,24.861965,24.243702,24.888983,23.876425,24.439276,0.0,0.0,0.0,0.0,0.0,4.0,4.0,4.0
36290,2023.0,9.0,10.0,0.0,23.146109,23.284916,22.326456,22.33595,22.904509,22.907877,22.358786,22.36823,23.4744,23.3452,23.03592,22.994946,23.904497,23.8245,23.658823,23.606834,23.357784,23.31429,0.0,0.0,0.0,0.0,0.0,0.0,0.0,0.0
36291,2023.0,9.0,10.0,0.0,23.133627,23.269602,22.310257,22.316338,22.88587,22.88599,22.347275,22.353973,23.403385,23.266842,23.005709,22.959373,23.739653,23.590206,23.471678,23.347717,23.175837,23.060568,0.0,0.0,0.0,0.0,0.0,0.0,0.0,0.0
36292,2023.0,9.0,10.0,0.0,23.122208,23.256598,22.297226,22.302784,22.870323,22.870075,22.337568,22.343407,23.434679,23.380316,22.983236,22.936571,24.258217,24.613787,23.41811,23.293108,23.120241,23.00409,0.0,0.0,0.0,0.0,0.0,4.0,0.0,0.0
36293,2023.0,9.0,10.0,0.0,23.10994,23.242172,22.283115,22.286848,22.853655,22.851797,22.326874,22.331068,23.42235,23.374393,22.961102,22.912544,23.820566,23.698023,23.372385,23.243814,23.145586,23.099545,0.0,0.0,0.0,0.0,0.0,0.0,0.0,0.0
36294,2023.0,9.0,10.0,1.0,23.097046,23.226559,22.267912,22.268538,22.83586,22.831137,22.315144,22.316849,23.39466,23.34426,22.938501,22.88682,23.690372,23.527252,23.419262,23.372887,23.132668,23.090834,0.0,0.0,0.0,0.0,0.0,0.0,0.0,0.0
36295,2023.0,9.0,10.0,1.0,23.084007,23.210707,22.25318,22.250977,22.818481,22.811249,22.3033,22.302492,23.367634,23.314894,22.917068,22.8628,23.636436,23.467949,23.408539,23.35883,23.108355,23.064138,0.0,0.0,0.0,0.0,0.0,0.0,0.0,0.0
36296,2023.0,9.0,10.0,1.0,23.070429,23.194178,22.238249,22.233156,22.800858,22.791086,22.29109,22.28772,23.341055,23.28598,22.895695,22.838827,23.700275,23.63869,23.390846,23.340668,23.084364,23.037811,0.0,0.0,0.0,0.0,0.0,0.0,0.0,0.0
36297,2023.0,9.0,10.0,1.0,23.056509,23.177309,22.2232,22.215168,22.783094,22.770744,22.278587,22.272612,23.315145,23.257732,22.87441,22.814938,23.688139,23.624792,23.371647,23.319384,23.060814,23.011932,0.0,0.0,0.0,0.0,0.0,0.0,0.0,0.0
36298,2023.0,9.0,10.0,1.0,23.043028,23.161623,22.2096,22.200209,22.76675,22.753359,22.266966,22.259537,23.804417,24.197176,22.85464,22.794113,23.66773,23.60399,23.35286,23.299479,23.729197,24.287867,0.0,0.0,0.0,4.0,0.0,0.0,0.0,4.0
36299,2023.0,9.0,10.0,1.0,23.02872,23.144413,22.194471,22.182165,22.748922,22.732985,22.254198,22.244125,23.980032,24.421343,23.091316,23.252342,23.645512,23.579674,23.333153,23.277813,23.170656,23.07937,0.0,0.0,0.0,4.0,4.0,0.0,0.0,0.0
36300,2023.0,9.0,10.0,2.0,23.014408,23.127028,22.179106,22.16352,22.73072,22.711912,22.241152,22.228119,23.408644,23.269117,22.92573,22.895119,23.622839,23.554533,23.313116,23.255566,23.60121,23.985106,0.0,0.0,0.0,0.0,0.0,0.0,0.0,4.0
36301,2023.0,9.0,10.0,2.0,23.00045,23.110466,22.163662,22.144667,22.712265,22.690416,22.228113,22.212225,23.222614,23.027758,22.84245,22.773464,23.600397,23.529596,23.29313,23.233503,23.764593,24.189157,0.0,0.0,0.0,0.0,0.0,0.0,0.0,4.0
36302,2023.0,9.0,10.0,2.0,22.993116,23.10736,22.151365,22.132038,22.696987,22.675108,22.21752,22.200987,23.157213,22.963783,22.816116,22.747644,23.5809,23.510054,23.275192,23.215364,23.196444,23.066666,0.0,0.0,0.0,0.0,0.0,0.0,0.0,0.0
36303,2023.0,9.0,10.0,2.0,22.993135,23.116713,22.137747,22.116858,22.680468,22.657265,22.205893,22.187796,23.213459,23.1319,23.048798,23.203457,23.560768,23.488852,24.037813,24.668861,23.026215,22.855381,0.0,0.0,0.0,0.0,4.0,0.0,4.0,0.0
36304,2023.0,9.0,10.0,2.0,22.981937,23.10411,22.124008,22.101423,22.663937,22.639212,22.193876,22.174204,23.214195,23.144989,22.883354,22.849957,24.129128,24.580862,23.402699,23.28629,23.564678,23.928135,0.0,0.0,0.0,0.0,0.0,4.0,0.0,4.0
36305,2023.0,9.0,10.0,2.0,22.969265,23.089499,22.1102,22.085768,22.647469,22.621006,22.18156,22.160227,23.190222,23.120605,23.058346,23.21445,23.582865,23.42101,23.203573,23.02009,23.105585,22.96321,0.0,0.0,0.0,0.0,4.0,0.0,0.0,0.0
36306,2023.0,9.0,10.0,3.0,22.95603,23.074242,22.096355,22.069996,22.630898,22.602667,22.169071,22.146004,23.164682,23.0937,22.873533,22.829494,23.418232,23.19984,23.13889,22.95173,23.576258,23.947243,0.0,0.0,0.0,0.0,0.0,0.0,0.0,4.0
36307,2023.0,9.0,10.0,3.0,22.943062,23.059969,22.083313,22.055859,22.614841,22.585758,22.15718,22.133127,23.666311,24.058388,23.056692,23.215141,23.364824,23.144964,23.08808,22.899935,23.087727,22.930122,0.0,0.0,0.0,4.0,4.0,0.0,0.0,0.0
36308,2023.0,9.0,10.0,3.0,22.930033,23.045723,22.070538,22.042097,22.598707,22.568943,22.145359,22.120409,23.310467,23.282991,22.982212,23.01642,23.450249,23.360577,23.160088,23.085733,22.935513,22.74812,0.0,0.0,0.0,0.0,4.0,0.0,0.0,0.0
36309,2023.0,9.0,10.0,3.0,22.91647,23.030504,22.057373,22.02737,22.581795,22.550793,22.132887,22.10663,23.051615,22.840946,22.66144,22.427736,23.457771,23.377205,23.162716,23.093132,22.866388,22.676497,0.0,0.0,0.0,0.0,0.0,0.0,0.0,0.0
36310,2023.0,9.0,10.0,3.0,22.903131,23.015982,22.044052,22.012491,22.56484,22.532597,22.12007,22.092596,22.965918,22.749474,22.57013,22.344006,23.441563,23.362383,23.146503,23.079102,22.933777,22.867483,0.0,0.0,0.0,0.0,0.0,0.0,0.0,0.0
36311,2023.0,9.0,10.0,3.0,22.889437,23.00114,22.030888,21.998468,22.548393,22.515453,22.10725,22.07908,23.050623,22.974625,22.658895,22.577457,23.423918,23.344187,23.128094,23.060192,22.919163,22.851963,0.0,0.0,0.0,0.0,0.0,0.0,0.0,0.0
36312,2023.0,9.0,10.0,4.0,22.875256,22.985697,22.017403,21.984213,22.53195,22.49829,22.094172,22.065332,23.04361,22.967873,22.651888,22.566872,23.405746,23.325478,23.10881,23.040426,22.894085,22.827261,0.0,0.0,0.0,0.0,0.0,0.0,0.0,0.0
36313,2023.0,9.0,10.0,4.0,22.85956,22.967525,22.002268,21.966818,22.514011,22.478249,22.079575,22.048738,23.02063,22.94317,22.629734,22.54747,23.386366,23.304373,23.08819,23.01829,22.867067,22.798712,0.0,0.0,0.0,0.0,0.0,0.0,0.0,0.0
36314,2023.0,9.0,10.0,4.0,22.844172,22.950504,21.98824,21.952066,22.497192,22.460892,22.065802,22.034254,22.997835,22.92018,22.606997,22.524616,23.367819,23.285215,23.068085,22.997679,23.490871,23.997234,0.0,0.0,0.0,0.0,0.0,0.0,0.0,4.0
36315,2023.0,9.0,10.0,4.0,22.826727,22.929796,21.971504,21.932102,22.477663,22.4383,22.049809,22.01537,22.972141,22.891933,22.868113,23.03582,23.347424,23.262342,23.046112,22.973482,23.524645,23.905642,0.0,0.0,0.0,0.0,4.0,0.0,0.0,4.0
36316,2023.0,9.0,10.0,4.0,22.810629,22.91203,21.956343,21.915392,22.459753,22.419127,22.035389,21.999434,23.459723,23.828875,22.67123,22.617937,23.328518,23.242437,23.02542,22.951984,22.942686,22.769066,0.0,0.0,0.0,4.0,0.0,0.0,0.0,0.0
36317,2023.0,9.0,10.0,4.0,22.792614,22.89056,21.938509,21.893358,22.439035,22.394539,22.018665,21.979002,23.65652,24.092642,22.582764,22.492693,23.30778,23.21882,23.002876,22.926882,22.763466,22.545658,0.0,0.0,0.0,4.0,0.0,0.0,0.0,0.0
36318,2023.0,9.0,10.0,5.0,22.776876,22.873394,21.923903,21.87787,22.421455,22.376387,22.004301,21.963764,23.032713,22.834585,22.552412,22.462692,23.289356,23.19976,22.982367,22.905876,23.31884,23.654926,0.0,0.0,0.0,0.0,0.0,0.0,0.0,4.0
36319,2023.0,9.0,10.0,5.0,22.761288,22.856829,22.297539,22.590847,22.40353,22.357876,21.989702,21.94855,22.842146,22.598423,22.523462,22.433178,23.271126,23.181078,22.961855,22.88502,22.846674,22.663334,4.0,0.0,0.0,0.0,0.0,0.0,0.0,0.0
36320,2023.0,9.0,10.0,5.0,22.745342,22.839718,22.070091,22.083834,22.38567,22.339277,21.975182,21.933321,22.76989,22.525911,22.774391,22.926216,23.253172,23.16246,22.941435,22.864,22.687357,22.468401,0.0,0.0,0.0,0.0,4.0,0.0,0.0,0.0
36321,2023.0,9.0,10.0,5.0,22.729029,22.822248,21.958078,21.912523,22.36787,22.320782,21.96057,21.918077,22.861784,22.769255,22.564669,22.482588,23.235666,23.14437,22.921333,22.843405,22.621792,22.40311,0.0,0.0,0.0,0.0,0.0,0.0,0.0,0.0
36322,2023.0,9.0,10.0,5.0,22.713417,22.806488,21.926836,21.878885,22.35123,22.304625,22.550611,23.041094,22.861008,22.773617,22.503796,22.41354,23.219368,23.128386,22.902346,22.824837,22.695988,22.607073,0.0,0.0,4.0,0.0,0.0,0.0,0.0,0.0
36323,2023.0,9.0,10.0,5.0,22.697083,22.789402,21.90286,21.854185,22.333904,22.287107,22.205193,22.260984,23.348026,23.708138,22.473036,22.38197,23.20289,23.111738,23.68185,24.31141,22.697836,22.618296,0.0,0.0,0.0,4.0,0.0,0.0,4.0,0.0
36324,2023.0,9.0,10.0,6.0,23.26209,23.864399,21.882225,21.832848,22.907978,23.382303,21.885393,21.698849,23.017128,22.980482,22.44561,22.354052,23.795046,24.246973,23.74869,24.238777,22.677029,22.59998,0.0,4.0,0.0,0.0,0.0,4.0,4.0,0.0
36325,2023.0,9.0,10.0,6.0,23.416317,24.027288,21.863976,21.814846,23.06019,23.538174,21.788471,21.576895,23.234262,23.429955,22.684519,22.821705,23.224745,23.03283,23.06764,22.895739,23.303253,23.79923,0.0,4.0,0.0,4.0,4.0,0.0,0.0,4.0
36326,2023.0,9.0,10.0,6.0,23.29822,23.718916,21.846891,21.797977,22.937317,23.227158,21.881092,21.80949,23.33872,23.564373,22.517118,22.46108,23.052135,22.800518,23.642365,24.100115,22.735424,22.577217,0.0,4.0,0.0,4.0,0.0,0.0,4.0,0.0
36327,2023.0,9.0,10.0,6.0,23.299326,23.709164,22.220325,22.512732,22.447021,22.303408,21.903028,21.857977,22.869955,22.653812,22.431498,22.342003,23.003654,22.752934,23.062664,22.883001,22.549183,22.33576,4.0,0.0,0.0,0.0,0.0,0.0,0.0,0.0
36328,2023.0,9.0,10.0,6.0,23.3198,23.728035,22.343935,22.664238,22.803076,23.058508,21.8904,21.847136,22.719131,22.48116,22.665827,22.804678,23.713589,24.149094,22.879074,22.661024,23.116337,23.455679,4.0,4.0,0.0,0.0,4.0,4.0,0.0,4.0
36329,2023.0,9.0,10.0,6.0,23.33687,23.743547,21.901821,21.782572,22.90438,23.184818,22.473434,22.95696,23.145943,23.33697,22.496428,22.441927,23.18517,22.994705,22.8075,22.590748,22.6649,22.493877,0.0,4.0,4.0,4.0,0.0,0.0,0.0,0.0
36330,2023.0,9.0,10.0,7.0,23.35188,23.757296,21.698496,21.471792,22.925985,23.20312,22.639977,23.13641,22.779547,22.563927,22.677782,22.821463,23.601765,23.872684,22.750381,22.534985,23.142565,23.488571,0.0,4.0,4.0,0.0,4.0,4.0,0.0,4.0
36331,2023.0,9.0,10.0,7.0,23.378557,23.796644,22.020311,22.126043,22.476158,22.347641,22.05837,21.97071,23.19209,23.434563,22.637009,22.67659,23.763647,24.079765,22.834696,22.751308,23.365475,23.796381,4.0,0.0,0.0,4.0,4.0,4.0,0.0,4.0
36332,2023.0,9.0,10.0,7.0,23.407095,23.83829,21.811611,21.69713,22.295424,22.098856,21.856642,21.684313,22.817871,22.635809,22.353754,22.151371,23.834778,24.162285,22.848606,22.780966,22.785772,22.63897,0.0,0.0,0.0,0.0,0.0,4.0,0.0,0.0
36333,2023.0,9.0,10.0,7.0,22.93994,22.954205,21.693615,21.524975,22.237131,22.052965,22.375332,22.712942,22.695835,22.50033,22.265211,22.061565,23.898396,24.236916,23.642532,24.290468,22.629679,22.455763,0.0,0.0,4.0,0.0,0.0,4.0,4.0,0.0
36334,2023.0,9.0,10.0,7.0,23.353088,23.831404,22.15978,22.449106,22.764141,23.087599,22.036175,21.989103,22.666397,22.486324,22.632933,22.798447,23.95741,24.307892,23.01758,22.918478,22.58241,22.422182,4.0,4.0,0.0,0.0,4.0,4.0,0.0,0.0
36335,2023.0,9.0,10.0,7.0,22.939205,22.984245,22.330135,22.681799,22.914482,23.276398,21.871817,21.750648,22.74517,22.677378,22.50111,22.473145,23.430532,23.276098,22.839872,22.688402,22.55289,22.406359,4.0,4.0,0.0,0.0,0.0,0.0,0.0,0.0
36336,2023.0,9.0,10.0,8.0,23.36166,23.872694,21.956825,21.934406,22.491909,22.450897,21.835192,21.72752,23.326828,23.764545,22.44487,22.39205,23.304346,23.129189,22.806015,22.667765,23.317049,23.883595,0.0,0.0,0.0,4.0,0.0,0.0,0.0,4.0
36337,2023.0,9.0,10.0,8.0,23.470308,23.997272,21.817295,21.734991,22.33759,22.23846,21.889227,21.872023,22.90486,22.824196,22.445644,22.39992,23.278057,23.1248,22.794655,22.676254,22.812334,22.75474,0.0,0.0,0.0,0.0,0.0,0.0,0.0,0.0
36338,2023.0,9.0,10.0,8.0,23.018055,23.126081,21.79907,21.741003,22.303957,22.227457,22.509232,23.05153,22.79185,22.684048,22.455109,22.417818,23.27098,23.140434,22.854816,22.814167,23.354303,23.854063,0.0,0.0,4.0,0.0,0.0,0.0,0.0,4.0
36339,2023.0,9.0,10.0,8.0,22.876637,22.952644,21.834335,21.839169,22.338758,22.336391,22.119877,22.182049,22.791584,22.703377,22.471752,22.443218,23.275772,23.166553,22.876482,22.847942,22.90825,22.883978,0.0,0.0,0.0,0.0,0.0,0.0,0.0,0.0
36340,2023.0,9.0,10.0,8.0,22.83772,22.937098,21.844034,21.869785,22.339346,22.356308,21.969175,21.967327,22.85264,22.832382,22.496517,22.479841,23.352762,23.327549,22.887955,22.86789,22.78633,22.721544,0.0,0.0,0.0,0.0,0.0,0.0,0.0,0.0
36341,2023.0,9.0,10.0,8.0,22.82053,22.947054,21.839457,21.873747,22.326353,22.351273,21.959867,21.9859,22.875448,22.863945,22.523876,22.516794,23.37556,23.359793,22.901833,22.889666,22.778374,22.731695,0.0,0.0,0.0,0.0,0.0,0.0,0.0,0.0
36342,2023.0,9.0,10.0,9.0,22.828295,22.99649,21.835196,21.877491,22.909327,23.467495,21.944195,21.979511,22.88775,22.873756,22.546242,22.536367,23.386826,23.370367,22.911676,22.898891,22.7857,22.757393,0.0,4.0,0.0,0.0,0.0,0.0,0.0,0.0
36343,2023.0,9.0,10.0,9.0,23.379692,24.051819,21.831982,21.882313,22.57917,22.721415,22.52319,23.08662,22.903843,22.889002,22.574461,22.563871,24.0942,24.698158,22.924675,22.911493,23.60582,24.305807,0.0,0.0,4.0,0.0,0.0,4.0,0.0,4.0
36344,2023.0,9.0,10.0,9.0,23.023106,23.265074,21.830206,21.88895,22.996473,23.565517,22.699795,23.285154,22.923952,22.908363,22.607988,22.597256,23.68128,23.750277,22.941187,22.927326,23.14486,23.237585,0.0,4.0,4.0,0.0,0.0,0.0,0.0,0.0
36345,2023.0,9.0,10.0,9.0,22.908924,23.11906,21.829975,21.897547,23.127802,23.703905,22.285849,22.453478,22.948015,22.93164,22.645891,22.634947,23.567747,23.559036,22.960781,22.946156,23.003876,23.018381,0.0,4.0,0.0,0.0,0.0,0.0,0.0,0.0
36346,2023.0,9.0,10.0,9.0,22.892061,23.120584,21.831196,21.907938,22.715029,22.886757,22.184328,22.329254,22.975176,22.95793,22.687525,22.676104,23.585909,23.588583,22.983404,22.96782,23.007439,23.03197,0.0,0.0,0.0,0.0,0.0,0.0,0.0,0.0
36347,2023.0,9.0,10.0,9.0,22.840584,23.042515,21.833666,21.919714,23.141315,23.756865,22.699093,23.323133,23.004274,22.985846,22.731312,22.7189,23.58416,23.566805,23.931738,24.736948,23.02946,23.067606,0.0,4.0,4.0,0.0,0.0,0.0,4.0,0.0
36348,2023.0,9.0,10.0,10.0,22.812218,23.015007,21.83795,21.933998,23.273012,23.904406,22.393375,22.6426,23.036116,23.017574,22.778795,22.767086,23.599026,23.577993,23.470737,23.63657,22.99941,22.989725,0.0,4.0,0.0,0.0,0.0,0.0,0.0,0.0
36349,2023.0,9.0,10.0,10.0,22.795649,23.004593,22.240776,22.695978,22.863884,23.098616,22.801455,23.46221,23.07045,23.053139,22.829615,22.82041,23.623272,23.60349,23.322983,23.3871,23.002623,22.987005,4.0,0.0,4.0,0.0,0.0,0.0,0.0,0.0
36350,2023.0,9.0,10.0,10.0,22.78345,22.999352,22.0245,22.195831,22.761618,22.980146,22.472681,22.750338,23.107014,23.091478,22.881853,22.875135,23.650457,23.63242,23.338373,23.412165,23.02099,23.007025,0.0,0.0,0.0,0.0,0.0,0.0,0.0,0.0
36351,2023.0,9.0,10.0,10.0,22.774363,22.997602,22.299644,22.744328,23.248247,23.925934,22.38443,22.643866,23.144724,23.131966,22.936077,22.932455,23.679691,23.66414,23.373226,23.46295,23.04346,23.031973,4.0,4.0,0.0,0.0,0.0,0.0,0.0,0.0
36352,2023.0,9.0,10.0,10.0,22.767883,22.998795,22.249222,22.598814,22.943613,23.263077,22.38309,22.665495,23.182863,23.17287,22.990646,22.989992,24.393488,24.993465,23.310293,23.310623,23.864727,24.563854,0.0,0.0,0.0,0.0,0.0,4.0,0.0,4.0
36353,2023.0,9.0,10.0,10.0,23.325647,24.057032,22.247126,22.59965,23.334457,24.047405,22.76887,23.382399,23.222788,23.21721,23.047525,23.052094,24.099955,24.290136,23.307444,23.298532,24.196909,25.008535,0.0,4.0,4.0,0.0,0.0,0.0,0.0,4.0
36354,2023.0,9.0,10.0,11.0,23.606586,24.473818,22.286345,22.66545,23.490482,24.247042,23.042345,23.822645,23.26317,23.262476,23.104494,23.114864,24.678293,25.386612,23.327293,23.321884,23.733086,24.014277,0.0,4.0,4.0,0.0,0.0,4.0,0.0,0.0
36355,2023.0,9.0,10.0,11.0,23.22868,23.675493,22.121195,22.318481,23.10327,23.46892,22.6817,23.067095,23.300278,23.30078,23.157053,23.169298,24.28484,24.495417,23.34759,23.342928,23.588093,23.75788,0.0,0.0,0.0,0.0,0.0,0.0,0.0,0.0
36356,2023.0,9.0,10.0,11.0,23.670004,24.550518,22.065811,22.242804,23.00222,23.342896,22.591494,22.950466,23.33587,23.336914,23.2068,23.219896,24.20651,24.362442,23.368807,23.364754,23.585714,23.75516,0.0,0.0,0.0,0.0,0.0,0.0,0.0,0.0
36357,2023.0,9.0,10.0,11.0,23.807375,24.701838,22.40044,22.880245,22.9824,23.335934,23.0748,23.872612,23.37062,23.372349,23.254908,23.268955,24.85534,25.575863,23.390387,23.387331,23.606907,23.784153,4.0,0.0,4.0,0.0,0.0,4.0,0.0,0.0
36358,2023.0,9.0,10.0,11.0,23.400549,23.878424,22.200275,22.432209,23.466139,24.258537,22.767683,23.192589,23.405886,23.409258,23.303125,23.319586,24.463835,24.696106,23.412668,23.411493,23.469894,23.490238,0.0,4.0,0.0,0.0,0.0,0.0,0.0,0.0
36359,2023.0,9.0,10.0,11.0,23.306795,23.76357,22.12188,22.318556,23.614807,24.43198,23.17942,24.00855,23.44063,23.445719,23.35039,23.369148,24.384403,24.564703,23.435244,23.436079,23.440598,23.445,0.0,4.0,4.0,0.0,0.0,0.0,0.0,0.0
36360,2023.0,9.0,10.0,12.0,23.290691,23.759085,22.111048,22.312096,23.255062,23.701822,22.875633,23.342373,23.473911,23.480602,23.395802,23.416359,24.404142,24.59209,24.348396,25.142338,23.44485,23.45039,0.0,0.0,0.0,0.0,0.0,0.0,4.0,0.0
36361,2023.0,9.0,10.0,12.0,23.275661,23.743881,22.101595,22.302391,23.606281,24.409786,22.757866,23.168676,23.501413,23.505194,23.434916,23.452255,24.255478,24.277308,23.967978,24.224329,23.449677,23.452002,0.0,4.0,0.0,0.0,0.0,0.0,0.0,0.0
36362,2023.0,9.0,10.0,12.0,23.086424,23.375452,22.094044,22.293625,23.275528,23.704586,22.732727,23.140732,23.525785,23.525795,23.469742,23.482462,24.214033,24.20764,23.86337,24.047739,23.45579,23.454628,0.0,0.0,0.0,0.0,0.0,0.0,0.0,0.0
36363,2023.0,9.0,10.0,12.0,23.575663,24.337505,22.088295,22.286842,23.163935,23.553408,22.509722,22.709076,23.548859,23.545097,23.50262,23.510624,24.210571,24.199802,23.869986,24.047827,23.46319,23.458876,0.0,0.0,0.0,0.0,0.0,0.0,0.0,0.0
36364,2023.0,9.0,10.0,12.0,23.858364,24.781864,22.444742,22.956459,23.130783,23.517857,22.418125,22.587057,23.57131,23.564264,23.534456,23.53847,24.211477,24.197527,23.883442,24.057102,23.471516,23.464436,4.0,0.0,0.0,0.0,0.0,0.0,0.0,0.0
36365,2023.0,9.0,10.0,12.0,23.475046,23.979265,22.562502,23.092787,23.42378,24.0613,22.379217,22.546694,23.59242,23.581892,23.563692,23.563501,24.214464,24.197943,23.732786,23.736153,23.47968,23.47024,4.0,4.0,0.0,0.0,0.0,0.0,0.0,0.0
36366,2023.0,9.0,10.0,13.0,23.380747,23.853008,22.514435,22.981644,23.196075,23.588434,22.349386,22.515272,23.613174,23.600464,23.592306,23.589834,24.218187,24.199686,23.695139,23.67862,23.487555,23.476616,0.0,0.0,0.0,0.0,0.0,0.0,0.0,0.0
36367,2023.0,9.0,10.0,13.0,23.352894,23.820858,22.834257,23.563848,23.620922,24.420065,22.324991,22.488707,23.62833,23.610409,23.613867,23.604954,24.219421,24.197084,23.68847,23.66797,23.491938,23.477303,4.0,4.0,0.0,0.0,0.0,0.0,0.0,0.0
36368,2023.0,9.0,10.0,13.0,23.332325,23.79493,22.653912,23.139383,23.293934,23.713526,22.887201,23.562923,23.6413,23.619001,23.63296,23.6185,24.21971,24.193874,23.684872,23.660795,23.49513,23.477196,0.0,0.0,4.0,0.0,0.0,0.0,0.0,0.0
36369,2023.0,9.0,10.0,13.0,23.152557,23.44545,22.901148,23.609097,23.648548,24.427242,22.531797,22.764887,23.652523,23.626453,23.650114,23.630697,24.888632,25.460728,23.683296,23.656046,23.497753,23.47681,4.0,4.0,0.0,0.0,0.0,4.0,0.0,0.0
36370,2023.0,9.0,10.0,13.0,23.080723,23.351091,22.70912,23.173637,23.314522,23.71395,22.60077,22.980717,23.66231,23.632942,23.665619,23.64176,24.595976,24.788733,23.682613,23.652588,23.500278,23.476456,0.0,0.0,0.0,0.0,0.0,0.0,0.0,0.0
36371,2023.0,9.0,10.0,13.0,23.047459,23.31344,22.641928,23.067812,23.679924,24.453825,22.621353,22.998667,23.671026,23.638533,23.67977,23.651571,24.514643,24.651491,23.682976,23.650324,23.502705,23.476185,0.0,4.0,0.0,0.0,0.0,0.0,0.0,0.0
36372,2023.0,9.0,10.0,14.0,23.582378,24.33778,22.417889,22.623095,23.335674,23.722963,22.42201,22.596928,23.679258,23.64374,23.69314,23.660744,24.509861,24.639473,23.684233,23.649021,23.505398,23.476217,0.0,0.0,0.0,0.0,0.0,0.0,0.0,0.0
36373,2023.0,9.0,10.0,14.0,23.853785,24.745928,22.326546,22.495413,23.218254,23.563046,22.9323,23.593071,23.68976,23.653713,23.70849,23.674902,24.368982,24.353403,23.68859,23.653055,23.510838,23.48139,0.0,0.0,4.0,0.0,0.0,0.0,0.0,0.0
36374,2023.0,9.0,10.0,14.0,23.954676,24.84505,22.290308,22.452219,23.177443,23.514593,23.235065,24.057579,23.702019,23.666645,23.725306,23.692905,24.323605,24.284376,23.694132,23.659084,23.517628,23.48871,0.0,0.0,4.0,0.0,0.0,0.0,0.0,0.0
36375,2023.0,9.0,10.0,14.0,24.016018,24.894289,22.27129,22.43472,23.49368,24.106907,22.847483,23.243008,23.71274,23.676521,23.738514,23.705027,24.314514,24.275982,23.69903,23.664143,23.52414,23.494947,0.0,4.0,0.0,0.0,0.0,0.0,0.0,0.0
36376,2023.0,9.0,10.0,14.0,24.069603,24.94118,22.25518,22.417253,23.735477,24.507225,22.743761,23.093435,23.724115,23.688345,23.752136,23.719627,24.307316,24.268791,23.704292,23.6702,23.531317,23.502552,0.0,4.0,0.0,0.0,0.0,0.0,0.0,0.0
36377,2023.0,9.0,10.0,14.0,23.642597,24.095648,22.24392,22.405989,23.80264,24.561054,22.72129,23.067684,24.354353,24.868044,23.762985,23.730726,24.30235,24.264576,23.709202,23.67559,23.537317,23.508858,0.0,4.0,0.0,4.0,0.0,0.0,0.0,0.0
36378,2023.0,9.0,10.0,15.0,24.003872,24.839907,22.601553,23.082817,23.85062,24.601303,23.186302,23.942163,24.009336,24.077492,23.772589,23.741507,24.29784,24.260887,24.594805,25.345282,24.30865,24.961018,4.0,4.0,4.0,0.0,0.0,0.0,4.0,4.0
36379,2023.0,9.0,10.0,15.0,23.652678,24.098969,22.403723,22.625893,23.449848,23.812178,22.889582,23.276703,23.994656,24.101376,24.100847,24.352,24.293903,24.258615,24.168848,24.355104,23.972942,24.169264,0.0,0.0,0.0,0.0,4.0,0.0,0.0,0.0
36380,2023.0,9.0,10.0,15.0,24.03095,24.870354,22.300148,22.46479,23.788116,24.512407,23.272154,24.031569,24.606009,25.239605,23.93828,23.974667,24.289888,24.25673,24.039984,24.155273,23.865063,23.997904,0.0,4.0,4.0,4.0,0.0,0.0,0.0,0.0
36381,2023.0,9.0,10.0,15.0,24.14392,24.99239,22.655243,23.144794,23.897173,24.63912,23.410635,24.18767,24.264906,24.466616,23.854877,23.836002,24.951918,25.5202,24.02738,24.140287,23.857832,23.988356,4.0,4.0,4.0,0.0,0.0,4.0,0.0,0.0
36382,2023.0,9.0,10.0,15.0,23.71742,24.144346,22.622015,23.021511,23.940437,24.677324,23.474438,24.24543,24.720999,25.359325,23.846071,23.826563,24.624252,24.788315,24.022636,24.135672,23.722158,23.718096,0.0,4.0,4.0,4.0,0.0,0.0,0.0,0.0
36383,2023.0,9.0,10.0,15.0,24.106573,24.941977,22.921055,23.57358,23.978485,24.710772,23.529135,24.294481,24.340385,24.52945,23.842413,23.825996,24.52975,24.641092,23.897923,23.88781,23.68048,23.6633,4.0,4.0,4.0,0.0,0.0,0.0,0.0,0.0
36384,2023.0,9.0,10.0,16.0,23.732895,24.156307,23.041124,23.710588,24.011295,24.739256,23.115786,23.47629,24.21917,24.350466,23.839848,23.826979,24.516968,24.627657,23.859118,23.838713,23.66671,23.651367,4.0,4.0,0.0,0.0,0.0,0.0,0.0,0.0
36385,2023.0,9.0,10.0,16.0,24.12474,24.955755,23.103935,23.769842,24.04293,24.768509,23.48204,24.228292,24.198294,24.330286,23.837526,23.828878,24.391933,24.388258,23.84518,23.827297,23.657223,23.645031,4.0,4.0,4.0,0.0,0.0,0.0,0.0,0.0
36386,2023.0,9.0,10.0,16.0,23.756506,24.177488,23.15801,23.820715,24.072708,24.796085,23.592707,24.351292,24.660353,25.201992,23.835054,23.830814,24.348892,24.333632,23.835142,23.82054,23.649574,23.640963,4.0,4.0,4.0,4.0,0.0,0.0,0.0,0.0
36387,2023.0,9.0,10.0,16.0,23.64327,24.02954,23.204994,23.864405,24.100704,24.821754,23.19227,23.556328,24.359678,24.553324,23.832281,23.832464,24.992758,25.575603,23.827274,23.816158,23.64314,23.638197,4.0,4.0,0.0,0.0,0.0,4.0,0.0,0.0
36388,2023.0,9.0,10.0,16.0,24.117645,24.94755,23.248474,23.905502,24.127954,24.847183,23.064459,23.382763,24.819067,25.461998,23.82915,23.833828,24.65153,24.828747,23.820501,23.812891,23.63737,23.636106,4.0,4.0,0.0,4.0,0.0,0.0,0.0,0.0
36389,2023.0,9.0,10.0,16.0,24.233828,25.065119,22.999979,23.408264,24.153616,24.870424,23.496494,24.220072,24.95249,25.612314,24.13379,24.412386,25.146843,25.805923,24.686222,25.457655,24.385061,25.056606,0.0,4.0,4.0,4.0,4.0,4.0,4.0,4.0
36390,2023.0,9.0,10.0,17.0,24.291891,25.118584,23.215061,23.842672,24.17948,24.89463,23.638466,24.392653,25.009447,25.666584,23.968058,24.043678,24.739391,24.937746,24.96952,25.814966,24.03349,24.248308,4.0,4.0,4.0,4.0,0.0,0.0,4.0,0.0
36391,2023.0,9.0,10.0,17.0,24.340364,25.162828,23.311079,23.962198,24.204374,24.917233,23.24644,23.606861,24.550896,24.759584,24.187424,24.48477,25.21139,25.885439,25.074816,25.909422,23.915552,24.070063,4.0,4.0,0.0,0.0,4.0,4.0,4.0,0.0
36392,2023.0,9.0,10.0,17.0,23.920555,24.337753,23.353071,24.00109,24.228865,24.939459,23.600214,24.328175,24.400936,24.549356,24.143335,24.370012,25.32966,26.017628,24.487827,24.7241,23.899584,24.054306,4.0,4.0,4.0,0.0,0.0,4.0,0.0,0.0
36393,2023.0,9.0,10.0,17.0,24.291218,25.105646,23.391018,24.036331,24.253,24.961555,23.719027,24.46627,24.35772,24.506458,24.110584,24.31736,25.374144,26.056274,24.28867,24.423853,23.8907,24.047693,4.0,4.0,4.0,0.0,0.0,4.0,0.0,0.0
36394,2023.0,9.0,10.0,17.0,24.386806,25.204063,23.107439,23.47439,24.27683,24.983814,23.770727,24.51506,24.327656,24.478945,23.945234,23.989573,25.415535,26.093729,24.232306,24.36275,23.74906,23.771563,0.0,4.0,4.0,0.0,0.0,4.0,0.0,0.0
36395,2023.0,9.0,10.0,17.0,24.42946,25.241232,23.342524,23.954298,24.298409,25.00233,23.813133,24.551905,24.7659,25.31373,23.895922,23.928703,24.950783,25.183952,25.01198,25.862461,24.46851,25.16042,4.0,4.0,4.0,4.0,0.0,0.0,4.0,4.0
36396,2023.0,9.0,10.0,18.0,24.468702,25.277046,23.144135,23.532707,24.320524,25.022442,23.40746,23.757927,24.4997,24.741356,24.188026,24.497217,25.369587,26.040545,24.498547,24.73365,24.726803,25.502653,0.0,4.0,0.0,0.0,4.0,4.0,0.0,4.0
36397,2023.0,9.0,10.0,18.0,24.021027,24.403397,23.34853,23.945505,24.323736,25.00519,23.252903,23.53852,24.344938,24.489521,23.988644,24.07205,25.434158,26.086695,24.291641,24.41321,24.198065,24.4175,4.0,4.0,0.0,0.0,0.0,4.0,0.0,0.0
36398,2023.0,9.0,10.0,18.0,24.394257,25.186522,23.410423,24.004112,24.321457,24.981968,23.668821,24.354324,24.280436,24.399979,23.879398,23.904585,24.930756,25.106861,24.22052,24.320623,24.02109,24.14666,4.0,4.0,4.0,0.0,0.0,0.0,0.0,0.0
36399,2023.0,9.0,10.0,18.0,23.990065,24.349236,23.120293,23.432274,23.876797,24.1346,23.760347,24.439253,24.142504,24.158072,23.839928,23.85587,25.35175,25.97648,24.165892,24.24996,23.951746,24.055302,0.0,0.0,4.0,0.0,0.0,4.0,0.0,0.0
36400,2023.0,9.0,10.0,18.0,23.840199,24.144857,23.315832,23.841112,23.6991,23.890656,23.335749,23.602203,24.075172,24.075169,23.805729,23.816774,25.395159,25.991566,24.051926,24.056185,24.620373,25.346037,4.0,0.0,0.0,0.0,0.0,4.0,0.0,4.0
36401,2023.0,9.0,10.0,18.0,24.288364,25.027618,23.371119,23.895138,23.605816,23.772562,23.170261,23.364275,24.029907,24.026428,23.77213,23.778404,24.875565,24.991028,23.99408,23.988619,24.730207,25.411095,4.0,0.0,0.0,0.0,0.0,0.0,0.0,4.0
36402,2023.0,9.0,10.0,19.0,23.904282,24.218864,23.080048,23.33004,24.04088,24.632744,23.096159,23.268091,23.989965,23.984774,23.739906,23.742876,24.681433,24.707352,24.76209,25.476841,24.772648,25.432133,0.0,4.0,0.0,0.0,0.0,0.0,4.0,4.0
36403,2023.0,9.0,10.0,19.0,24.295252,25.02602,23.288897,23.772123,24.125933,24.704344,23.57189,24.193508,23.954046,23.948175,23.709476,23.710772,25.205734,25.764362,24.260212,24.37201,24.20842,24.32483,4.0,4.0,4.0,0.0,0.0,4.0,0.0,0.0
36404,2023.0,9.0,10.0,19.0,24.354666,25.041025,23.024673,23.22629,24.140833,24.701138,23.66278,24.257408,23.920622,23.91388,23.679888,23.679522,25.264786,25.800459,24.071854,24.089613,23.99658,24.021126,0.0,4.0,4.0,0.0,0.0,4.0,0.0,0.0
36405,2023.0,9.0,10.0,19.0,24.374773,25.045918,23.253641,23.708523,24.153637,24.698915,23.226624,23.400143,23.890789,23.884134,23.652462,23.651337,24.747498,24.802114,24.006796,24.01484,23.912983,23.926455,4.0,4.0,0.0,0.0,0.0,0.0,0.0,0.0
36406,2023.0,9.0,10.0,19.0,23.92409,24.172047,23.299032,23.739319,24.15989,24.69046,23.600153,24.173115,24.43929,24.944332,23.625748,23.6235,24.5708,24.547783,23.956543,23.956812,23.849085,23.853981,4.0,4.0,4.0,4.0,0.0,0.0,0.0,0.0
36407,2023.0,9.0,10.0,19.0,23.757925,23.946547,23.298681,23.719505,23.7253,23.863085,23.226828,23.391724,24.07701,24.145405,23.599924,23.596191,25.055086,25.529512,24.7207,25.434286,23.79418,23.790285,4.0,0.0,0.0,0.0,0.0,4.0,4.0,0.0
36408,2023.0,9.0,10.0,20.0,24.225117,24.875671,23.003208,23.154158,23.530085,23.583033,23.568863,24.105742,23.91544,23.901724,23.574919,23.569235,25.148592,25.63534,24.176325,24.237766,23.746752,23.736025,0.0,0.0,4.0,0.0,0.0,4.0,0.0,0.0
36409,2023.0,9.0,10.0,20.0,24.305449,24.931023,22.86169,22.945719,23.977678,24.483086,23.655645,24.184757,24.414793,24.881468,23.552187,23.545826,25.166773,25.64234,23.980877,23.955069,23.70967,23.69811,0.0,4.0,4.0,4.0,0.0,4.0,0.0,0.0
36410,2023.0,9.0,10.0,20.0,24.330524,24.943901,23.156496,23.535898,24.053993,24.545206,23.677149,24.19359,24.022825,24.041513,23.854786,24.133463,24.649277,24.643845,23.918283,23.88596,23.678932,23.667717,4.0,4.0,4.0,0.0,4.0,0.0,0.0,0.0
36411,2023.0,9.0,10.0,20.0,24.352768,24.955465,23.22069,23.600672,24.071339,24.550192,23.240522,23.349741,23.8828,23.845102,23.658493,23.70368,25.054493,25.501993,23.871721,23.835503,24.368696,24.997353,4.0,4.0,0.0,0.0,0.0,4.0,0.0,4.0
36412,2023.0,9.0,10.0,20.0,23.89048,24.065393,22.92237,23.024174,23.632347,23.70689,23.603825,24.113888,24.371305,24.8066,23.557302,23.551455,25.128416,25.578924,23.857574,23.841545,24.48011,25.044985,0.0,0.0,4.0,4.0,0.0,4.0,0.0,4.0
36413,2023.0,9.0,10.0,20.0,24.270477,24.869007,22.796469,22.840488,23.457636,23.463139,23.221773,23.3247,23.994946,23.9994,23.525335,23.515514,25.141283,25.58111,24.648844,25.360558,23.927906,23.945354,0.0,0.0,0.0,0.0,0.0,4.0,4.0,0.0
36414,2023.0,9.0,10.0,21.0,24.336191,24.914904,22.737984,22.767208,23.37759,23.36923,23.562195,24.039125,23.843279,23.783466,23.499405,23.487938,25.151361,25.581219,24.07604,24.094042,23.751976,23.700651,0.0,0.0,4.0,0.0,0.0,4.0,0.0,0.0
36415,2023.0,9.0,10.0,21.0,23.88637,24.050385,23.074501,23.42845,23.841825,24.282782,23.2005,23.2878,24.319273,24.7208,23.758512,23.988329,25.159266,25.581919,24.656424,25.281942,24.358051,24.89721,4.0,4.0,0.0,4.0,4.0,4.0,4.0,4.0
36416,2023.0,9.0,10.0,21.0,24.262844,24.84396,22.867367,22.9759,23.502161,23.561197,23.551512,24.021404,24.446466,24.854862,23.863264,24.131115,24.641455,24.593815,24.099712,24.089724,23.881775,23.875616,0.0,0.0,4.0,4.0,4.0,0.0,0.0,0.0
36417,2023.0,9.0,10.0,21.0,23.857962,24.009096,22.738007,22.776028,23.333263,23.310896,23.179308,23.247623,23.993753,23.960276,23.832466,24.031609,24.461859,24.351858,24.69563,25.31475,24.392902,24.927046,0.0,0.0,0.0,0.0,4.0,0.0,4.0,4.0
36418,2023.0,9.0,10.0,21.0,23.68691,23.77195,22.695248,22.72405,23.269957,23.23671,23.002728,22.991089,23.84277,23.757994,23.830826,24.015423,24.379868,24.265963,24.125504,24.103426,23.898,23.879448,0.0,0.0,0.0,0.0,4.0,0.0,0.0,0.0
36419,2023.0,9.0,10.0,21.0,24.172808,24.737242,22.666433,22.692469,23.268326,23.275,22.936539,22.914272,23.78119,23.691744,23.568142,23.515104,24.89336,25.296879,23.937656,23.853004,24.401573,24.92343,0.0,0.0,0.0,0.0,0.0,4.0,0.0,4.0
36420,2023.0,9.0,10.0,22.0,23.783503,23.91661,22.642687,22.666317,23.249273,23.261324,22.926367,22.936876,23.732168,23.63956,23.458742,23.367533,24.455973,24.389826,23.867603,23.778608,23.901703,23.870962,0.0,0.0,0.0,0.0,0.0,0.0,0.0,0.0
36421,2023.0,9.0,10.0,22.0,23.619127,23.68444,22.621157,22.642267,23.222971,23.233463,22.903866,22.918169,24.286156,24.727001,23.40599,23.308176,24.297,24.1723,23.812712,23.72047,23.724337,23.633667,0.0,0.0,0.0,4.0,0.0,0.0,0.0,0.0
36422,2023.0,9.0,10.0,22.0,24.121826,24.678154,22.601025,22.619385,23.197649,23.205978,22.876392,22.888708,23.93874,23.951452,23.42515,23.386448,24.229742,24.099491,23.828703,23.795198,23.653097,23.556612,0.0,0.0,0.0,0.0,0.0,0.0,0.0,0.0
36423,2023.0,9.0,10.0,22.0,23.713926,23.81678,22.582336,22.598173,23.173769,23.180168,22.851116,22.861486,23.74505,23.641151,23.411375,23.373634,24.25771,24.208538,23.807306,23.771036,23.596857,23.497057,0.0,0.0,0.0,0.0,0.0,0.0,0.0,0.0
36424,2023.0,9.0,10.0,22.0,23.558668,23.600962,22.56481,22.57828,23.151245,23.15587,22.827696,22.836323,23.672068,23.555344,23.386482,23.346003,24.828506,25.310177,23.781677,23.744741,23.615065,23.578196,0.0,0.0,0.0,0.0,0.0,4.0,0.0,0.0
36425,2023.0,9.0,10.0,22.0,23.494858,23.527729,22.547855,22.558714,23.129568,23.13207,22.80545,22.812035,23.698761,23.65485,23.362183,23.318752,24.311903,24.223572,23.756847,23.717796,24.26382,24.816607,0.0,0.0,0.0,0.0,0.0,0.0,0.0,4.0
36426,2023.0,9.0,10.0,23.0,23.532578,23.6467,22.531502,22.539707,23.10881,23.10909,22.784527,22.788937,23.684431,23.640692,23.338377,23.292028,24.144556,23.993246,23.732899,23.691637,23.730656,23.668373,0.0,0.0,0.0,0.0,0.0,0.0,0.0,0.0
36427,2023.0,9.0,10.0,23.0,23.52595,23.65021,22.51572,22.521343,23.08851,23.086353,22.764559,22.766535,23.657887,23.611029,23.314688,23.264954,24.082972,23.927305,23.709923,23.66634,23.55674,23.434484,0.0,0.0,0.0,0.0,0.0,0.0,0.0,0.0
36428,2023.0,9.0,10.0,23.0,23.50445,23.628078,22.502344,22.507053,23.070719,23.067867,22.74735,22.748644,23.63458,23.586422,23.29467,23.243603,24.14347,24.096695,23.68937,23.644627,23.50034,23.378841,0.0,0.0,0.0,0.0,0.0,0.0,0.0,0.0
36429,2023.0,9.0,10.0,23.0,23.483665,23.606615,22.49001,22.494316,23.054045,23.051046,22.731361,22.732523,23.61272,23.563742,23.552086,23.743786,24.118092,24.06053,23.670177,23.62456,23.53795,23.500332,0.0,0.0,0.0,0.0,4.0,0.0,0.0,0.0
36430,2023.0,9.0,10.0,23.0,23.47301,23.60476,22.478195,22.48208,23.038025,23.034986,22.716124,22.717253,23.592283,23.542835,23.368378,23.351475,24.691437,25.167501,23.652275,23.60612,24.192247,24.743353,0.0,0.0,0.0,0.0,0.0,4.0,0.0,4.0
36431,2023.0,9.0,10.0,23.0,23.465069,23.603632,22.466099,22.468817,23.021719,23.017738,22.700815,22.701015,23.571947,23.521204,23.291899,23.239452,24.171303,24.065662,23.634563,23.587255,23.653234,23.579878,0.0,0.0,0.0,0.0,0.0,0.0,0.0,0.0
36432,2023.0,9.0,11.0,0.0,23.4481,23.584995,22.454092,22.455484,23.005655,23.000498,22.685902,22.684937,24.065922,24.466064,23.264612,23.209335,24.013128,23.850437,23.61742,23.568842,23.48531,23.357632,0.0,0.0,0.0,4.0,0.0,0.0,0.0,0.0
36433,2023.0,9.0,11.0,0.0,23.43028,23.564507,22.441088,22.440014,22.988754,22.98142,22.670218,22.66712,23.72194,23.710226,23.240576,23.182737,23.958313,23.7916,23.60009,23.549515,23.425531,23.292383,0.0,0.0,0.0,0.0,0.0,0.0,0.0,0.0
36434,2023.0,9.0,11.0,0.0,23.412512,23.544083,22.427742,22.424065,22.97163,22.962101,22.654339,22.649094,23.609653,23.554077,23.21835,23.158049,24.006437,23.931015,23.582912,23.530407,24.087563,24.588648,0.0,0.0,0.0,0.0,0.0,0.0,0.0,4.0
36435,2023.0,9.0,11.0,0.0,23.394552,23.523306,22.414015,22.407515,22.954184,22.94222,22.638287,22.63063,23.572199,23.513584,23.196608,23.133652,24.002012,23.933445,23.565607,23.511005,23.578962,23.482801,0.0,0.0,0.0,0.0,0.0,0.0,0.0,0.0
36436,2023.0,9.0,11.0,0.0,23.375414,23.500208,22.398565,22.387695,22.935108,22.919098,22.62087,22.609274,23.539368,23.476269,23.173721,23.106546,23.978806,23.907969,23.547365,23.489788,23.410063,23.256903,0.0,0.0,0.0,0.0,0.0,0.0,0.0,0.0
36437,2023.0,9.0,11.0,0.0,23.35746,23.479448,22.38435,22.370523,22.917442,22.898842,22.604725,22.59057,23.511993,23.446415,23.152527,23.082666,23.956476,23.883272,23.529808,23.470074,23.45713,23.407858,0.0,0.0,0.0,0.0,0.0,0.0,0.0,0.0
36438,2023.0,9.0,11.0,1.0,23.339346,23.458334,22.369955,22.35311,22.89972,22.878456,22.588423,22.571688,23.48611,23.418024,23.131418,23.058838,23.933765,23.858114,23.5121,23.45018,23.425919,23.363174,0.0,0.0,0.0,0.0,0.0,0.0,0.0,0.0
36439,2023.0,9.0,11.0,1.0,23.32182,23.438509,22.356133,22.337057,22.882614,22.859434,22.57268,22.554089,23.461895,23.39202,23.110998,23.036463,23.911978,23.834604,23.494772,23.431284,23.39894,23.335655,0.0,0.0,0.0,0.0,0.0,0.0,0.0,0.0
36440,2023.0,9.0,11.0,1.0,23.30442,23.418873,22.342932,22.322268,22.86615,22.841648,22.557533,22.537632,23.43894,23.367762,23.369894,23.539328,23.890968,23.812258,23.477623,23.41281,23.372873,23.308434,0.0,0.0,0.0,0.0,4.0,0.0,0.0,0.0
36441,2023.0,9.0,11.0,1.0,23.28744,23.400192,22.329626,22.30729,22.849615,22.823826,22.54236,22.52116,23.933298,24.315872,23.178051,23.12964,23.870409,23.790562,23.460476,23.394535,23.347803,23.282457,0.0,0.0,0.0,4.0,0.0,0.0,0.0,0.0
36442,2023.0,9.0,11.0,1.0,23.27002,23.380453,22.315716,22.291,22.832355,22.804571,22.526558,22.503387,23.583656,23.551258,23.103468,23.025143,23.849491,23.767876,23.442719,23.375195,23.322847,23.2559,0.0,0.0,0.0,0.0,0.0,0.0,0.0,0.0
36443,2023.0,9.0,11.0,1.0,23.252115,23.359585,22.301039,22.2733,22.814306,22.783823,22.51002,22.484234,23.346619,23.150097,23.07316,22.991037,23.828169,23.744183,23.424301,23.35473,23.297863,23.228676,0.0,0.0,0.0,0.0,0.0,0.0,0.0,0.0
36444,2023.0,9.0,11.0,2.0,23.234629,23.339642,22.286068,22.255253,22.796152,22.762978,22.493347,22.464966,23.265297,23.060152,23.046114,22.96128,23.807205,23.721054,23.405855,23.334429,23.273628,23.202478,0.0,0.0,0.0,0.0,0.0,0.0,0.0,0.0
36445,2023.0,9.0,11.0,2.0,23.21829,23.322248,22.273363,22.242031,22.780361,22.746986,22.478853,22.450188,23.33845,23.258368,23.023506,22.938803,23.788258,23.70185,23.388636,23.31682,23.885616,24.375189,0.0,0.0,0.0,0.0,0.0,0.0,0.0,4.0
36446,2023.0,9.0,11.0,2.0,23.200508,23.302286,22.258955,22.22557,22.762926,22.727736,22.46294,22.432446,23.334476,23.25408,22.999725,22.913248,23.768244,23.680313,23.370306,23.297125,23.451984,23.425343,0.0,0.0,0.0,0.0,0.0,0.0,0.0,0.0
36447,2023.0,9.0,11.0,2.0,23.182232,23.281403,22.243889,22.207972,22.744896,22.707373,22.446592,22.413757,23.310362,23.227451,22.975864,22.887077,23.747936,23.658089,23.351446,23.276585,23.204283,23.012972,0.0,0.0,0.0,0.0,0.0,0.0,0.0,0.0
36448,2023.0,9.0,11.0,2.0,23.165163,23.262981,22.2299,22.1927,22.728065,22.689537,22.431318,22.397383,23.797358,24.162645,22.953796,22.86425,23.728815,23.63817,23.333284,23.25767,23.126055,22.931957,0.0,0.0,0.0,4.0,0.0,0.0,0.0,0.0
36449,2023.0,9.0,11.0,2.0,23.147535,23.243399,22.215126,22.175997,22.710415,22.670214,22.415152,22.379562,23.451103,23.406061,22.931124,22.840061,23.709173,23.617172,23.314419,23.237593,23.181622,23.096352,0.0,0.0,0.0,0.0,0.0,0.0,0.0,0.0
36450,2023.0,9.0,11.0,3.0,23.129353,23.222624,22.19954,22.157812,22.691916,22.649353,22.39806,22.360224,23.200848,22.979675,22.907772,22.814453,23.688984,23.595074,23.29482,23.216309,23.175531,23.094797,0.0,0.0,0.0,0.0,0.0,0.0,0.0,0.0
36451,2023.0,9.0,11.0,3.0,23.112371,23.204424,22.184753,22.141438,22.674252,22.630323,22.381746,22.342625,23.117332,22.890749,22.885536,22.791039,23.669836,23.57504,23.275915,23.19665,23.153221,23.07386,0.0,0.0,0.0,0.0,0.0,0.0,0.0,0.0
36452,2023.0,9.0,11.0,3.0,23.096289,23.188065,22.172043,22.129179,22.65869,22.615389,22.367373,22.328808,23.755854,24.16034,22.865784,22.772139,23.652369,23.558043,23.258215,23.17932,23.131292,23.052572,0.0,0.0,0.0,4.0,0.0,0.0,0.0,0.0
36453,2023.0,9.0,11.0,3.0,23.078896,23.16938,22.15774,22.113897,22.641476,22.597319,22.351463,22.312077,23.40869,23.366865,23.109682,23.24648,23.633965,23.538996,23.23948,23.159996,23.107927,23.028616,0.0,0.0,0.0,0.0,4.0,0.0,0.0,0.0
36454,2023.0,9.0,11.0,3.0,23.06117,23.150005,22.143038,22.097704,22.623728,22.578228,22.33509,22.294407,23.142405,22.914686,22.91359,22.82765,23.615469,23.51952,23.220455,23.140089,23.084549,23.00424,0.0,0.0,0.0,0.0,0.0,0.0,0.0,0.0
36455,2023.0,9.0,11.0,3.0,23.044685,23.133142,22.129646,22.084082,22.607302,22.561865,22.319992,22.279291,23.060688,22.832249,22.856348,22.761887,23.59833,23.502539,23.20248,23.122278,23.703478,24.190134,0.0,0.0,0.0,0.0,0.0,0.0,0.0,4.0
36456,2023.0,9.0,11.0,4.0,23.026941,23.114103,22.11524,22.068615,22.589832,22.543505,22.304033,22.262383,23.145187,23.057997,22.827374,22.731388,23.58063,23.484236,23.18378,23.103031,23.266092,23.231224,0.0,0.0,0.0,0.0,0.0,0.0,0.0,0.0
36457,2023.0,9.0,11.0,4.0,23.010021,23.097017,22.101925,22.05559,22.573387,22.527296,22.289227,22.247738,23.141354,23.05192,22.802382,22.706501,23.564138,23.468143,23.165964,23.085556,23.009901,22.803217,0.0,0.0,0.0,0.0,0.0,0.0,0.0,0.0
36458,2023.0,9.0,11.0,4.0,22.993912,23.081139,22.08909,22.043352,22.557419,22.511826,22.274845,22.233809,23.119614,23.030828,22.780396,22.685055,23.548542,23.453228,23.148829,23.069033,22.93169,22.724571,0.0,0.0,0.0,0.0,0.0,0.0,0.0,0.0
36459,2023.0,9.0,11.0,4.0,22.97861,23.066776,22.077673,22.033895,22.542957,22.499329,22.261677,22.22248,23.61491,23.981754,22.761429,22.668285,23.534325,23.440577,23.132803,23.054434,22.998316,22.910799,0.0,0.0,0.0,4.0,0.0,0.0,0.0,0.0
36460,2023.0,9.0,11.0,4.0,22.962944,23.051592,22.065521,22.02291,22.527674,22.485159,22.247652,22.209568,23.276411,23.23864,22.742723,22.650805,23.520092,23.4274,23.116617,23.039213,23.688303,24.216589,0.0,0.0,0.0,0.0,0.0,0.0,0.0,4.0
36461,2023.0,9.0,11.0,4.0,22.951096,23.043839,22.052736,22.010626,22.511616,22.469429,22.233068,22.195297,23.021784,22.80287,22.72418,22.632685,23.505768,23.41359,23.10012,23.023108,23.702738,24.078465,0.0,0.0,0.0,0.0,0.0,0.0,0.0,4.0
36462,2023.0,9.0,11.0,5.0,22.939943,23.037321,22.040022,21.998482,22.49576,22.454033,22.218983,22.181534,22.945383,22.725138,22.706835,22.616076,23.492126,23.400713,23.08418,23.007849,23.761156,24.144861,0.0,0.0,0.0,0.0,0.0,0.0,0.0,4.0
36463,2023.0,9.0,11.0,5.0,22.934519,23.040802,22.028782,21.989332,22.48153,22.44187,22.206573,22.170826,23.533041,23.889267,22.954144,23.093874,23.479687,23.389841,23.069304,22.994474,23.188915,23.026796,0.0,0.0,0.0,4.0,4.0,0.0,0.0,0.0
36464,2023.0,9.0,11.0,5.0,22.922539,23.030092,22.016665,21.97828,22.466215,22.42752,22.193232,22.15823,23.227787,23.194319,22.789333,22.733864,23.467037,23.378128,23.054066,22.980093,23.67916,24.069405,0.0,0.0,0.0,0.0,0.0,0.0,0.0,4.0
36465,2023.0,9.0,11.0,5.0,22.908785,23.016705,22.004692,21.967304,22.45089,22.413157,22.179838,22.145617,22.991667,22.793165,22.714928,22.629442,23.45482,23.366858,23.039124,22.966022,23.177155,23.022839,0.0,0.0,0.0,0.0,0.0,0.0,0.0,0.0
36466,2023.0,9.0,11.0,5.0,22.894625,23.002884,21.992733,21.95636,22.435564,22.39879,22.166391,22.132978,23.401375,23.622631,22.692019,22.606758,23.443033,23.35603,23.024492,22.952274,23.668713,24.062752,0.0,0.0,0.0,4.0,0.0,0.0,0.0,4.0
36467,2023.0,9.0,11.0,5.0,23.452991,24.06484,21.980745,21.94541,22.420246,22.384432,22.1529,22.120317,23.04212,22.863688,22.935574,23.079937,23.43168,23.345646,23.010181,22.938856,23.787619,24.177567,0.0,0.0,0.0,0.0,4.0,0.0,0.0,4.0
36468,2023.0,9.0,11.0,6.0,23.078257,23.235758,21.968748,21.934305,22.40484,22.369843,22.1395,22.107544,22.914457,22.71035,23.05008,23.242416,23.420755,23.33563,22.996094,22.925573,23.833246,24.221972,0.0,0.0,0.0,0.0,4.0,0.0,0.0,4.0
36469,2023.0,9.0,11.0,6.0,22.817066,22.791008,22.342564,22.646288,22.388561,22.353436,22.12544,22.093071,23.548203,23.965006,22.814941,22.769579,23.409517,23.324455,22.981565,22.91114,23.253769,23.100164,4.0,0.0,0.0,4.0,0.0,0.0,0.0,0.0
36470,2023.0,9.0,11.0,6.0,22.732052,22.687904,22.13707,22.182209,22.37185,22.336367,22.110935,22.077974,23.724354,24.154509,22.983936,23.126179,23.398092,23.312979,23.760277,24.392155,23.718441,24.098036,0.0,0.0,0.0,4.0,4.0,0.0,4.0,4.0
36471,2023.0,9.0,11.0,6.0,22.817032,22.903214,22.394743,22.701195,22.354965,22.318815,22.096004,22.062304,23.62808,23.891289,22.670103,22.48263,23.986206,24.436487,23.857624,24.378904,23.832584,24.21865,4.0,0.0,0.0,4.0,0.0,4.0,4.0,4.0
36472,2023.0,9.0,11.0,6.0,23.441124,24.087196,22.497911,22.824888,22.928812,23.412428,22.68003,23.173756,23.137264,22.956795,22.811102,22.826584,24.005304,24.33403,23.184584,23.041788,23.86637,24.248423,4.0,4.0,4.0,0.0,4.0,4.0,0.0,4.0
36473,2023.0,9.0,11.0,6.0,23.413025,23.875704,22.08221,22.002539,23.079868,23.565418,22.337128,22.399857,22.975475,22.75827,22.6046,22.403263,24.046007,24.365944,23.817024,24.350992,23.288044,23.136549,0.0,4.0,0.0,0.0,0.0,4.0,4.0,0.0
36474,2023.0,9.0,11.0,7.0,23.423851,23.871418,21.89182,21.713427,22.98725,23.314304,22.050426,21.902565,22.907173,22.689947,22.625826,22.528233,24.092602,24.408564,23.959042,24.469774,23.744019,24.120987,0.0,4.0,0.0,0.0,0.0,4.0,4.0,4.0
36475,2023.0,9.0,11.0,7.0,23.45576,23.901657,21.827402,21.642466,22.995419,23.31297,22.537289,22.869135,22.981344,22.892347,22.637579,22.548227,24.13272,24.446484,23.280802,23.133898,23.23738,23.08156,0.0,4.0,4.0,0.0,0.0,4.0,0.0,0.0
36476,2023.0,9.0,11.0,7.0,22.969334,22.968348,22.305323,22.592878,23.019838,23.337042,22.66153,23.007133,23.551632,23.970528,22.90915,23.076101,24.168842,24.480993,23.082064,22.88312,23.04861,22.841927,4.0,4.0,4.0,4.0,4.0,4.0,0.0,0.0
36477,2023.0,9.0,11.0,7.0,22.799492,22.744774,22.447958,22.7753,23.040487,23.356937,22.21263,22.13019,23.047895,22.888123,23.028261,23.237942,23.6348,23.445442,23.006348,22.810299,22.972528,22.769053,4.0,4.0,0.0,0.0,4.0,0.0,0.0,0.0
36478,2023.0,9.0,11.0,7.0,23.308176,23.761326,22.041801,21.966011,23.058594,23.374556,22.036293,21.875086,22.878096,22.66686,22.927505,22.98959,24.074476,24.377209,23.772223,24.308163,23.769073,24.344114,0.0,4.0,0.0,0.0,4.0,4.0,4.0,4.0
36479,2023.0,9.0,11.0,7.0,23.41163,23.864594,21.858614,21.687326,22.602074,22.509905,21.971176,21.80525,22.824535,22.614052,22.628094,22.433054,24.183477,24.497692,23.205986,23.077143,23.183733,23.061533,0.0,0.0,0.0,0.0,0.0,4.0,0.0,0.0
36480,2023.0,9.0,11.0,8.0,23.44206,23.89046,22.159605,22.295517,22.398365,22.218636,22.034536,21.976967,22.90235,22.812395,22.51208,22.285406,24.217854,24.52932,23.829044,24.36011,22.970266,22.771738,4.0,0.0,0.0,0.0,0.0,4.0,4.0,0.0
36481,2023.0,9.0,11.0,8.0,22.978935,23.000994,21.948437,21.862675,22.323679,22.144758,22.045229,22.010477,23.473598,23.884075,22.473925,22.253418,23.69983,23.524567,23.255453,23.132185,22.906563,22.712887,0.0,0.0,0.0,4.0,0.0,0.0,0.0,0.0
36482,2023.0,9.0,11.0,8.0,22.80035,22.759108,21.814976,21.661562,22.27699,22.107288,22.030865,22.000443,23.00828,22.867373,22.565012,22.467203,23.531267,23.300348,23.058775,22.872654,22.862381,22.67609,0.0,0.0,0.0,0.0,0.0,0.0,0.0,0.0
36483,2023.0,9.0,11.0,8.0,22.736238,22.700518,22.256937,22.540306,22.933193,23.394701,22.015852,21.988985,22.853065,22.660578,22.93768,23.152697,23.475965,23.251389,23.00007,22.819174,22.929855,22.850658,4.0,4.0,0.0,0.0,4.0,0.0,0.0,0.0
36484,2023.0,9.0,11.0,8.0,22.691734,22.664127,22.064907,22.100655,22.978212,23.335835,22.000824,21.976952,22.815321,22.626268,22.74735,22.711914,23.437496,23.219921,22.959732,22.784695,22.942179,22.878305,0.0,4.0,0.0,0.0,0.0,0.0,0.0,0.0
36485,2023.0,9.0,11.0,8.0,22.783049,22.889622,21.950396,21.925884,23.007544,23.368818,21.986387,21.965118,22.905817,22.836403,22.675627,22.602789,23.540098,23.459488,23.036064,22.970947,22.931295,22.869225,0.0,4.0,0.0,0.0,0.0,0.0,0.0,0.0
36486,2023.0,9.0,11.0,9.0,22.77401,22.88343,21.92513,21.905773,22.560968,22.508741,22.576406,23.090313,22.917147,22.849812,22.6675,22.595467,23.546291,23.467743,23.03808,22.972088,22.921516,22.861158,0.0,0.0,4.0,0.0,0.0,0.0,0.0,0.0
36487,2023.0,9.0,11.0,9.0,23.37385,24.032347,21.904697,21.8891,22.38407,22.262323,22.22738,22.304382,22.917841,22.852852,22.664797,22.593332,23.541965,23.46795,23.032902,22.972265,22.913286,22.854145,0.0,0.0,0.0,0.0,0.0,0.0,0.0,0.0
36488,2023.0,9.0,11.0,9.0,22.891085,22.97973,22.277342,22.605896,22.324203,22.208527,21.99716,21.921406,22.917917,22.85404,22.666687,22.595942,23.537374,23.465082,23.027355,22.968264,22.907267,22.849028,4.0,0.0,0.0,0.0,0.0,0.0,0.0,0.0
36489,2023.0,9.0,11.0,9.0,22.717892,22.739641,22.066633,22.135798,22.849594,23.237799,21.939398,21.859116,23.527885,24.004827,22.67126,22.601278,23.533802,23.462801,23.022074,22.964006,22.90276,22.845373,0.0,4.0,0.0,4.0,0.0,0.0,0.0,0.0
36490,2023.0,9.0,11.0,9.0,22.673235,22.702362,21.885925,21.82936,22.503286,22.496557,21.970098,21.955526,23.607895,23.989897,22.986956,23.18952,24.177961,24.689964,23.018068,22.960855,22.899418,22.842947,0.0,0.0,0.0,4.0,4.0,4.0,0.0,0.0
36491,2023.0,9.0,11.0,9.0,22.71868,22.83152,21.838034,21.776762,22.346457,22.270624,21.9708,21.97048,23.148829,23.073107,22.843416,22.84467,23.679874,23.601915,23.015514,22.959118,22.897118,22.841623,0.0,0.0,0.0,0.0,0.0,0.0,0.0,0.0
36492,2023.0,9.0,11.0,10.0,22.720621,22.848156,21.864311,21.857567,22.30291,22.233444,22.562475,23.098583,23.007305,22.867525,22.764254,22.70275,24.133722,24.5185,23.0139,22.958317,22.895746,22.84127,0.0,0.0,4.0,0.0,0.0,4.0,0.0,0.0
36493,2023.0,9.0,11.0,10.0,22.710245,22.844559,21.868837,21.877981,22.325905,22.317167,22.168545,22.221336,22.976318,22.842484,22.756727,22.69046,24.292952,24.716768,23.014074,22.960396,22.896656,22.84435,0.0,0.0,0.0,0.0,0.0,4.0,0.0,0.0
36494,2023.0,9.0,11.0,10.0,22.711313,22.862654,21.86189,21.877153,22.321875,22.327547,22.58906,23.077642,23.019873,22.949915,22.762558,22.69863,23.801855,23.732038,23.015358,22.963596,22.89926,22.849037,0.0,0.0,4.0,0.0,0.0,0.0,0.0,0.0
36495,2023.0,9.0,11.0,10.0,22.704613,22.861177,21.854925,21.875511,22.306341,22.31689,22.703133,23.187609,23.034618,22.976149,22.773272,22.712969,23.660324,23.517017,23.017658,22.967823,22.90322,22.855194,0.0,0.0,4.0,0.0,0.0,0.0,0.0,0.0
36496,2023.0,9.0,11.0,10.0,23.276232,23.946915,21.84879,21.874723,22.292902,22.309185,22.27504,22.344955,23.036509,22.980457,22.784115,22.725262,23.635023,23.503517,23.020374,22.971973,22.907652,22.860933,0.0,0.0,0.0,0.0,0.0,0.0,0.0,0.0
36497,2023.0,9.0,11.0,10.0,22.875294,23.06154,21.843184,21.874172,22.873053,23.417908,22.132675,22.150568,23.03955,22.985964,22.797234,22.741121,23.6238,23.5031,23.024227,22.97797,22.913094,22.867994,0.0,4.0,0.0,0.0,0.0,0.0,0.0,0.0
36498,2023.0,9.0,11.0,11.0,22.744173,22.882498,21.838264,21.874252,23.025639,23.574095,22.094103,22.121128,23.044271,22.993498,22.812624,22.760563,23.670208,23.609613,23.029108,22.985239,22.919054,22.876255,0.0,4.0,0.0,0.0,0.0,0.0,0.0,0.0
36499,2023.0,9.0,11.0,11.0,23.359058,24.076796,22.223265,22.605053,22.574741,22.670574,22.067217,22.099907,23.048018,22.998306,22.824465,22.77273,23.676159,23.621273,23.033346,22.990015,22.923182,22.8811,4.0,0.0,0.0,0.0,0.0,0.0,0.0,0.0
36500,2023.0,9.0,11.0,11.0,22.9512,23.173162,22.0214,22.141361,22.427029,22.465147,22.044523,22.08076,23.052532,23.004147,22.83773,22.787495,24.361254,24.922028,23.038275,22.995724,22.927454,22.886534,0.0,0.0,0.0,0.0,0.0,4.0,0.0,0.0
36501,2023.0,9.0,11.0,11.0,22.805983,22.97373,21.906807,21.961481,22.387695,22.432718,22.61239,23.16808,23.058002,23.010937,22.851501,22.802732,23.936543,23.979467,23.96068,24.735199,22.93168,22.892035,0.0,0.0,4.0,0.0,0.0,0.0,4.0,0.0
36502,2023.0,9.0,11.0,11.0,22.77311,22.946125,21.882215,21.9346,22.916573,23.452724,22.290276,22.438097,23.063913,23.018269,22.865705,22.81863,24.385477,24.867073,23.416367,23.492363,22.936235,22.897871,0.0,4.0,0.0,0.0,0.0,4.0,0.0,0.0
36503,2023.0,9.0,11.0,11.0,23.329372,24.016607,21.869446,21.925508,23.057558,23.602528,22.149311,22.233608,23.070122,23.02584,22.880402,22.835081,24.54,25.058252,23.221891,23.181572,22.941547,22.904291,0.0,4.0,0.0,0.0,0.0,4.0,0.0,0.0
36504,2023.0,9.0,11.0,12.0,22.947638,23.178326,21.861015,21.921118,22.63454,22.762201,22.124321,22.21668,23.077099,23.03414,22.895714,22.85226,24.057539,24.088373,23.190582,23.15034,22.947372,22.911308,0.0,0.0,0.0,0.0,0.0,0.0,0.0,0.0
36505,2023.0,9.0,11.0,12.0,22.83423,23.031271,22.242691,22.646725,22.50644,22.591213,22.66513,23.251595,23.084806,23.04273,22.910944,22.868706,23.908665,23.852016,23.18249,23.14978,22.953161,22.917974,4.0,0.0,4.0,0.0,0.0,0.0,0.0,0.0
36506,2023.0,9.0,11.0,12.0,22.806322,23.009943,22.03422,22.17014,22.469234,22.561148,22.329533,22.502846,23.093159,23.052,22.926954,22.885952,24.524273,25.045507,23.170614,23.131994,22.959476,22.925179,0.0,0.0,0.0,0.0,0.0,4.0,0.0,0.0
36507,2023.0,9.0,11.0,12.0,22.765675,22.953781,22.317883,22.739326,23.002127,23.589035,22.201426,22.322493,23.102016,23.06183,22.944073,22.904343,24.12121,24.178768,23.165646,23.12725,22.966616,22.933193,4.0,4.0,0.0,0.0,0.0,0.0,0.0,0.0
36508,2023.0,9.0,11.0,12.0,22.741724,22.930094,22.133768,22.324558,22.650654,22.81761,22.177975,22.307285,23.111115,23.07188,22.961489,22.923012,23.968405,23.929705,23.164621,23.127434,22.973928,22.941502,0.0,0.0,0.0,0.0,0.0,0.0,0.0,0.0
36509,2023.0,9.0,11.0,12.0,23.30375,24.003862,22.06563,22.231157,22.527397,22.649628,22.103472,22.18049,23.120256,23.082062,22.978857,22.941698,23.940495,23.901737,23.165508,23.129599,22.981035,22.949831,0.0,0.0,0.0,0.0,0.0,0.0,0.0,0.0
36510,2023.0,9.0,11.0,13.0,22.954905,23.22709,22.059494,22.233185,22.498919,22.628582,22.066708,22.137291,23.12967,23.092972,22.996193,22.961153,23.92031,23.87854,23.16732,23.133041,22.988018,22.958483,0.0,0.0,0.0,0.0,0.0,0.0,0.0,0.0
36511,2023.0,9.0,11.0,13.0,23.401974,24.121843,22.333658,22.743422,22.417233,22.49113,22.046164,22.117931,23.137386,23.100594,23.010405,22.975424,23.90641,23.864147,23.1677,23.133629,22.992733,22.963264,4.0,0.0,0.0,0.0,0.0,0.0,0.0,0.0
36512,2023.0,9.0,11.0,13.0,23.022573,23.305567,22.10175,22.24759,22.962994,23.54788,22.029156,22.102383,23.144196,23.10731,23.022913,22.987753,23.895796,23.853924,23.167671,23.13389,22.996359,22.966997,0.0,4.0,0.0,0.0,0.0,0.0,0.0,0.0
36513,2023.0,9.0,11.0,13.0,23.448746,24.170078,21.993086,22.083366,22.6455,22.836512,22.014286,22.08874,23.150707,23.114092,23.034756,22.999884,23.88693,23.84549,23.167679,23.134335,22.999353,22.970406,0.0,0.0,0.0,0.0,0.0,0.0,0.0,0.0
36514,2023.0,9.0,11.0,13.0,23.556814,24.27201,21.964209,22.051958,22.527626,22.672976,22.600574,23.205061,23.156279,23.120182,23.045044,23.010729,23.879364,23.838743,23.16779,23.134985,23.001556,22.973251,0.0,0.0,4.0,0.0,0.0,0.0,0.0,0.0
36515,2023.0,9.0,11.0,13.0,23.609829,24.322727,21.945623,22.034311,23.056005,23.693226,22.752844,23.35262,23.160889,23.12597,23.053596,23.020744,23.871859,23.832422,23.16707,23.135332,23.00284,22.975603,0.0,4.0,4.0,0.0,0.0,0.0,0.0,0.0
36516,2023.0,9.0,11.0,14.0,23.157682,23.434162,21.931993,22.022049,22.688017,22.888336,22.363394,22.568274,23.164074,23.13091,23.059898,23.029087,23.864084,23.8264,23.16524,23.13508,23.003279,22.977367,0.0,0.0,0.0,0.0,0.0,0.0,0.0,0.0
36517,2023.0,9.0,11.0,14.0,23.557058,24.264524,22.304298,22.731197,22.557154,22.705418,22.25315,22.418695,23.764328,24.26479,23.061775,23.031612,23.85414,23.817118,23.160915,23.13117,23.000856,22.975096,4.0,0.0,0.0,4.0,0.0,0.0,0.0,0.0
36518,2023.0,9.0,11.0,14.0,23.653667,24.36074,22.082891,22.231167,22.51653,22.660511,22.217196,22.379318,23.392593,23.43425,23.060402,23.031174,23.84239,23.806238,23.154533,23.125534,22.995928,22.970772,0.0,0.0,0.0,0.0,0.0,0.0,0.0,0.0
36519,2023.0,9.0,11.0,14.0,23.193712,23.460613,22.062096,22.241076,22.42361,22.502056,22.19277,22.352602,23.293837,23.301186,23.056534,23.028696,23.829481,23.79473,23.146399,23.118706,22.988886,22.964935,0.0,0.0,0.0,0.0,0.0,0.0,0.0,0.0
36520,2023.0,9.0,11.0,14.0,23.624493,24.356155,22.064009,22.246939,22.964052,23.550028,22.647627,23.210192,23.278088,23.287664,23.050354,23.024426,23.81563,23.782711,23.13694,23.110949,22.980246,22.957924,0.0,4.0,4.0,0.0,0.0,0.0,0.0,0.0
36521,2023.0,9.0,11.0,14.0,23.21602,23.497936,21.982822,22.091124,23.119701,23.722769,22.350119,22.557228,23.22721,23.202778,23.042622,23.018732,23.80127,23.770224,23.12692,23.10261,23.77082,24.460915,0.0,4.0,0.0,0.0,0.0,0.0,0.0,4.0
36522,2023.0,9.0,11.0,15.0,23.054678,23.279398,21.938091,22.02459,23.174288,23.768955,22.230593,22.382933,23.799585,24.30421,23.03399,23.01194,23.787003,23.757439,23.11716,23.094105,23.32603,23.4542,0.0,4.0,0.0,4.0,0.0,0.0,0.0,0.0
36523,2023.0,9.0,11.0,15.0,23.536804,24.226925,22.303759,22.724203,23.221134,23.810314,22.198675,22.346863,23.47923,23.587791,23.024576,23.00397,24.46189,25.052229,23.107807,23.08553,23.146818,23.17184,4.0,4.0,0.0,0.0,0.0,4.0,0.0,0.0
36524,2023.0,9.0,11.0,15.0,23.646582,24.337263,22.087471,22.236433,23.258486,23.842583,22.110785,22.191721,23.324314,23.337837,23.014984,22.995506,24.042141,24.133575,23.098982,23.077232,23.102985,23.120321,0.0,4.0,0.0,0.0,0.0,0.0,0.0,0.0
36525,2023.0,9.0,11.0,15.0,23.196856,23.451363,21.970047,22.053726,22.815239,22.981897,22.066769,22.134804,23.856731,24.367933,23.005672,22.986897,23.874252,23.861345,23.090662,23.069187,23.045406,23.030388,0.0,0.0,0.0,4.0,0.0,0.0,0.0,0.0
36526,2023.0,9.0,11.0,15.0,23.650637,24.387306,22.333622,22.757133,23.212887,23.811699,22.043186,22.109592,23.495728,23.585188,22.996666,22.978542,23.834818,23.814674,23.082802,23.06159,23.016031,22.99789,4.0,4.0,0.0,0.0,0.0,0.0,0.0,0.0
36527,2023.0,9.0,11.0,15.0,23.710316,24.399176,22.478945,22.952896,23.28228,23.85468,22.022425,22.086405,23.3408,23.337698,22.987362,22.969038,23.801254,23.772097,23.074802,23.053463,22.995197,22.976542,4.0,4.0,0.0,0.0,0.0,0.0,0.0,0.0
36528,2023.0,9.0,11.0,16.0,23.745867,24.432419,22.523195,22.987911,23.313438,23.88266,22.00708,22.071579,23.303661,23.301867,22.980148,22.962637,24.470507,25.061043,23.068535,23.047987,22.979578,22.96261,4.0,4.0,0.0,0.0,0.0,4.0,0.0,0.0
36529,2023.0,9.0,11.0,16.0,23.780817,24.466505,22.253277,22.449926,23.34636,23.915516,22.594715,23.19026,23.855194,24.363989,23.30964,23.587288,24.039093,24.120146,23.063845,23.044983,22.966423,22.95148,0.0,4.0,4.0,4.0,4.0,0.0,0.0,0.0
36530,2023.0,9.0,11.0,16.0,23.811052,24.496271,22.159136,22.318344,22.91032,23.076904,22.24264,22.393042,23.513145,23.608332,23.127527,23.179565,24.502945,25.046991,23.060175,23.043056,22.955528,22.942625,0.0,0.0,0.0,0.0,0.0,4.0,0.0,0.0
36531,2023.0,9.0,11.0,16.0,23.838713,24.523436,22.487364,22.953249,23.280764,23.857162,22.151814,22.286655,23.367004,23.37919,23.030407,23.023582,24.089357,24.171844,23.056904,23.041468,23.742447,24.438908,4.0,4.0,0.0,0.0,0.0,0.0,0.0,4.0
36532,2023.0,9.0,11.0,16.0,23.864536,24.549213,22.274265,22.482536,22.91008,23.086786,22.703676,23.337618,23.328457,23.33776,23.01289,23.003645,24.547998,25.093063,23.053616,23.039782,23.286703,23.406113,0.0,0.0,4.0,0.0,0.0,4.0,0.0,0.0
36533,2023.0,9.0,11.0,16.0,23.888721,24.573484,22.54243,23.02477,23.29649,23.893684,22.346067,22.540686,23.281704,23.2684,23.00266,22.994993,24.663061,25.218111,23.050385,23.038164,23.120178,23.150873,4.0,4.0,0.0,0.0,0.0,4.0,0.0,0.0
36534,2023.0,9.0,11.0,17.0,23.911207,24.595741,22.311413,22.523293,23.377747,23.959034,22.783127,23.417498,23.85217,24.367994,23.329182,23.616335,24.1717,24.246374,23.047033,23.036512,23.086424,23.116104,0.0,4.0,4.0,4.0,4.0,0.0,0.0,0.0
36535,2023.0,9.0,11.0,17.0,23.928528,24.608736,22.569942,23.04956,23.404844,23.978443,22.891432,23.503511,23.505247,23.59518,23.16135,23.238451,24.004732,23.992086,23.042326,23.03209,23.062801,23.091173,4.0,4.0,4.0,0.0,0.0,0.0,0.0,0.0
36536,2023.0,9.0,11.0,17.0,23.94372,24.619432,22.640388,23.109741,22.96067,23.119917,22.938871,23.541727,23.366415,23.382103,23.053423,23.057402,23.948658,23.930752,23.037169,23.027243,23.012905,23.008322,4.0,0.0,4.0,0.0,0.0,0.0,0.0,0.0
36537,2023.0,9.0,11.0,17.0,23.95748,24.628729,22.665737,23.126423,23.338083,23.914162,22.507795,22.691404,23.88757,24.394352,23.022322,23.01727,24.536934,25.0795,23.031532,23.022072,22.987776,22.979973,4.0,4.0,0.0,4.0,0.0,4.0,0.0,0.0
36538,2023.0,9.0,11.0,17.0,23.970362,24.637367,22.376385,22.560356,22.947277,23.10524,22.354958,22.480005,23.520641,23.59819,23.004362,22.998425,24.651804,25.195421,23.025059,23.016066,22.970224,22.962439,0.0,0.0,0.0,0.0,0.0,4.0,0.0,0.0
36539,2023.0,9.0,11.0,17.0,23.983093,24.646467,22.26351,22.400347,22.775455,22.864216,22.299753,22.41758,23.371977,23.373934,22.988054,22.981241,24.697384,25.235825,23.01787,23.009193,22.953306,22.945393,0.0,0.0,0.0,0.0,0.0,4.0,0.0,0.0
36540,2023.0,9.0,11.0,18.0,23.993877,24.652426,22.55797,22.977278,22.721972,22.814037,22.816553,23.415901,23.331516,23.33543,22.974367,22.969475,24.732113,25.262535,23.010445,23.002672,22.938597,22.932434,4.0,0.0,4.0,0.0,0.0,4.0,0.0,0.0
36541,2023.0,9.0,11.0,18.0,24.00105,24.652113,22.632538,23.055193,23.206123,23.757954,22.932978,23.519753,23.866114,24.370398,22.958546,22.953436,24.756973,25.278324,23.849895,24.59911,22.922743,22.916634,4.0,4.0,4.0,4.0,0.0,4.0,4.0,0.0
36542,2023.0,9.0,11.0,18.0,23.532145,23.763035,22.362366,22.52946,22.867212,23.023596,22.502645,22.667366,24.009138,24.519302,22.942104,22.936005,24.245872,24.290224,23.32911,23.42102,22.907011,22.900293,0.0,0.0,0.0,4.0,0.0,0.0,0.0,0.0
36543,2023.0,9.0,11.0,18.0,23.347336,23.516418,22.246777,22.359692,23.233107,23.776947,22.342783,22.437965,24.054943,24.552256,22.925423,22.918663,24.054077,24.011835,23.954628,24.669899,22.891579,22.884466,0.0,4.0,0.0,4.0,0.0,0.0,4.0,0.0
36544,2023.0,9.0,11.0,18.0,23.265303,23.426407,22.2,22.30191,23.330639,23.869102,22.834814,23.401512,23.591042,23.643543,22.907331,22.9006,24.591803,25.092041,23.40328,23.477882,22.875353,22.868364,0.0,4.0,4.0,0.0,0.0,4.0,0.0,0.0
36545,2023.0,9.0,11.0,18.0,23.203459,23.359402,22.508087,22.898336,23.356358,23.882364,22.476795,22.6283,23.410194,23.38714,22.888273,22.88187,24.682583,25.18276,23.209656,23.196371,23.66035,24.366367,4.0,4.0,0.0,0.0,0.0,4.0,0.0,4.0
36546,2023.0,9.0,11.0,19.0,23.16368,23.326164,22.281902,22.41031,23.382269,23.899849,22.309113,22.381271,23.893093,24.352457,22.869028,22.862896,24.167795,24.185091,23.957575,24.656612,23.155165,23.233688,0.0,4.0,0.0,4.0,0.0,0.0,4.0,0.0
36547,2023.0,9.0,11.0,19.0,23.124949,23.28598,22.516617,22.895275,23.398458,23.904715,22.80287,23.344315,24.01156,24.48141,22.848804,22.841629,23.982632,23.917278,23.40378,23.455458,23.668325,24.273766,4.0,4.0,4.0,4.0,0.0,0.0,0.0,4.0
36548,2023.0,9.0,11.0,19.0,23.088526,23.2463,22.59621,22.981358,22.943779,23.03471,22.43628,22.553663,23.530493,23.542706,22.828117,22.819313,23.901415,23.826376,23.206099,23.170914,23.170744,23.210314,4.0,0.0,0.0,0.0,0.0,0.0,0.0,0.0
36549,2023.0,9.0,11.0,19.0,23.65453,24.338943,22.298248,22.402796,22.753208,22.765413,22.268808,22.306692,23.896067,24.31741,22.808111,22.797638,24.43363,24.8865,23.948534,24.62435,22.995607,22.96143,0.0,0.0,0.0,4.0,0.0,4.0,4.0,0.0
36550,2023.0,9.0,11.0,19.0,23.226006,23.403786,22.519375,22.865353,23.21554,23.691511,22.20664,22.229263,23.490025,23.48315,22.788023,22.77544,23.992912,23.968878,24.110447,24.768469,22.929934,22.885977,4.0,4.0,0.0,0.0,0.0,0.0,4.0,0.0
36551,2023.0,9.0,11.0,19.0,23.624132,24.229319,22.269222,22.349651,23.308216,23.779974,22.769104,23.32092,23.3141,23.239532,22.768272,22.753647,23.826014,23.73051,23.445166,23.444603,22.879528,22.829308,0.0,4.0,4.0,0.0,0.0,0.0,0.0,0.0
36552,2023.0,9.0,11.0,20.0,23.700186,24.276806,22.487974,22.809069,22.856617,22.906841,22.853634,23.350435,23.237587,23.154049,22.747303,22.72834,24.358171,24.793257,23.242163,23.17058,22.86989,22.846846,4.0,0.0,4.0,0.0,0.0,4.0,0.0,0.0
36553,2023.0,9.0,11.0,20.0,23.723997,24.288439,22.234213,22.287111,22.668936,22.635761,22.880959,23.360865,23.744963,24.158823,23.034328,23.278715,24.461487,24.898188,23.160477,23.082415,22.849396,22.82992,0.0,0.0,4.0,4.0,4.0,4.0,0.0,0.0
36554,2023.0,9.0,11.0,20.0,23.260153,23.392052,22.101442,22.090733,23.13575,23.567139,22.91192,23.381443,23.859049,24.268307,22.846405,22.868757,24.4919,24.917881,23.100965,23.020514,23.628252,24.321602,0.0,4.0,4.0,4.0,0.0,4.0,0.0,4.0
36555,2023.0,9.0,11.0,20.0,23.642479,24.199373,22.078506,22.08739,23.243595,23.684092,22.459627,22.5085,23.384953,23.339052,22.754133,22.72874,24.515362,24.931988,23.050486,22.966652,23.060131,23.064793,0.0,4.0,0.0,0.0,0.0,4.0,0.0,0.0
36556,2023.0,9.0,11.0,20.0,23.716185,24.257704,22.450094,22.808702,23.265747,23.693748,22.83455,23.296143,23.773678,24.16384,22.72355,22.693367,24.531746,24.939463,23.061447,23.029554,22.857786,22.776316,4.0,4.0,4.0,4.0,0.0,4.0,0.0,0.0
36557,2023.0,9.0,11.0,20.0,23.736261,24.270374,22.215685,22.296947,22.804382,22.80618,22.909014,23.356066,23.340334,23.265612,22.697876,22.664888,24.543642,24.942446,23.043222,23.013262,22.796448,22.708885,0.0,0.0,4.0,0.0,0.0,4.0,0.0,0.0
36558,2023.0,9.0,11.0,21.0,23.76407,24.299694,22.088545,22.10207,23.174044,23.587038,22.927664,23.36308,23.17704,23.05392,22.674572,22.638836,24.551935,24.942028,23.017134,22.98523,22.748325,22.656588,0.0,4.0,4.0,0.0,0.0,4.0,0.0,0.0
36559,2023.0,9.0,11.0,21.0,23.27946,23.37235,22.045837,22.050797,23.246792,23.65443,22.947044,23.374659,23.106874,22.980082,22.652605,22.61468,23.999546,23.887213,22.992048,22.9584,22.771818,22.740135,0.0,4.0,4.0,0.0,0.0,0.0,0.0,0.0
36560,2023.0,9.0,11.0,21.0,23.100628,23.133442,22.016354,22.01885,22.78061,22.761301,22.471497,22.46642,23.049488,22.920773,22.919687,23.131367,24.429146,24.811148,22.968445,22.933104,22.757416,22.724152,0.0,0.0,0.0,0.0,4.0,4.0,0.0,0.0
36561,2023.0,9.0,11.0,21.0,23.598007,24.132055,22.379501,22.71939,22.593863,22.497263,22.282549,22.20412,23.677702,24.159262,23.03363,23.288565,24.49556,24.871105,22.946318,22.909489,22.735804,22.700937,4.0,0.0,0.0,4.0,4.0,4.0,0.0,0.0
36562,2023.0,9.0,11.0,21.0,23.680695,24.198265,22.40569,22.6798,22.511478,22.403994,22.199722,22.111044,23.213404,23.13926,22.970545,23.119646,24.506239,24.874022,23.722435,24.390474,22.714615,22.678207,4.0,0.0,0.0,0.0,4.0,4.0,4.0,0.0
36563,2023.0,9.0,11.0,21.0,23.701431,24.208181,22.082306,22.061428,22.45111,22.337921,22.13902,22.044767,23.027262,22.885748,22.955317,23.08452,23.962498,23.834866,23.849306,24.438023,23.395004,23.977839,0.0,0.0,0.0,0.0,4.0,0.0,4.0,4.0
36564,2023.0,9.0,11.0,22.0,23.226042,23.295687,21.93905,21.843912,22.488237,22.457407,22.165781,22.143349,22.964252,22.818691,22.956964,23.078674,23.777248,23.593735,23.175573,23.094877,22.843336,22.7764,0.0,0.0,0.0,0.0,4.0,0.0,0.0,0.0
36565,2023.0,9.0,11.0,22.0,23.034388,23.030304,21.876991,21.76612,22.480812,22.462101,22.154911,22.14276,23.010693,22.961733,22.657017,22.513409,23.689352,23.500793,22.983784,22.848,22.670969,22.546642,0.0,0.0,0.0,0.0,0.0,0.0,0.0,0.0
36566,2023.0,9.0,11.0,22.0,22.955027,22.945766,21.920084,21.888458,22.455713,22.4364,22.129728,22.11683,22.9956,22.944183,22.548655,22.386217,23.619673,23.43087,22.910418,22.772684,23.292952,23.768137,0.0,0.0,0.0,0.0,0.0,0.0,0.0,4.0
36567,2023.0,9.0,11.0,22.0,22.892355,22.878332,21.924149,21.90762,22.429981,22.409134,22.104599,22.090023,23.483337,23.882133,22.489128,22.322235,23.676397,23.604948,23.679003,24.2726,22.809464,22.724752,0.0,0.0,0.0,4.0,0.0,0.0,4.0,0.0
36568,2023.0,9.0,11.0,22.0,22.95592,23.053926,21.906883,21.889236,22.40471,22.382013,22.08027,22.063742,23.149797,23.149712,22.541937,22.4763,23.661013,23.595974,23.09789,23.009844,22.64039,22.50018,0.0,0.0,0.0,0.0,0.0,0.0,0.0,0.0
36569,2023.0,9.0,11.0,22.0,22.956308,23.07013,21.887856,21.867325,22.37967,22.354208,22.056147,22.036917,23.40646,23.68247,22.538969,22.475246,23.624437,23.556116,22.898046,22.742325,22.576784,22.43064,0.0,0.0,0.0,4.0,0.0,0.0,0.0,0.0
36570,2023.0,9.0,11.0,23.0,22.932281,23.044777,21.86985,21.847208,22.356503,22.329374,22.033922,22.013063,22.985346,22.826332,22.514256,22.450481,23.590261,23.520128,22.82944,22.671144,22.616459,22.557102,0.0,0.0,0.0,0.0,0.0,0.0,0.0,0.0
36571,2023.0,9.0,11.0,23.0,22.906864,23.0167,21.851402,21.825743,22.332903,22.303076,22.011477,21.987993,22.840477,22.651382,22.488977,22.422358,23.556042,23.482944,22.772467,22.6114,22.607706,22.553097,0.0,0.0,0.0,0.0,0.0,0.0,0.0,0.0
36572,2023.0,9.0,11.0,23.0,22.883537,22.992502,21.835865,21.809555,22.312496,22.282427,21.992281,21.968485,22.909866,22.851667,22.754456,22.941393,23.52553,23.451675,22.828674,22.768085,22.585096,22.529633,0.0,0.0,0.0,0.0,4.0,0.0,0.0,0.0
36573,2023.0,9.0,11.0,23.0,22.861294,22.969994,21.820896,21.793955,22.292902,22.262756,21.974054,21.950039,22.889791,22.825346,22.558174,22.52401,24.093428,24.552309,22.81928,22.760548,23.221712,23.748985,0.0,0.0,0.0,0.0,0.0,4.0,0.0,4.0
36574,2023.0,9.0,11.0,23.0,22.838634,22.945906,21.805523,21.777025,22.272972,22.241669,21.955687,21.930403,22.859549,22.793217,22.473963,22.405682,23.530201,23.367393,22.797842,22.738388,22.666039,22.550116,0.0,0.0,0.0,0.0,0.0,0.0,0.0,0.0
36575,2023.0,9.0,11.0,23.0,22.816416,22.921913,21.790253,21.760021,22.253414,22.22068,21.937769,21.910965,23.353983,23.747316,22.441338,22.370287,23.356836,23.137516,22.774998,22.7142,22.493612,22.325745,0.0,0.0,0.0,4.0,0.0,0.0,0.0,0.0
36576,2023.0,9.0,12.0,0.0,22.795084,22.898994,21.7753,21.743484,22.234348,22.200377,21.920317,21.892199,22.995176,22.967344,22.412321,22.339659,23.295433,23.07505,22.752254,22.69026,22.432682,22.261919,0.0,0.0,0.0,0.0,0.0,0.0,0.0,0.0
36577,2023.0,9.0,12.0,0.0,22.773623,22.87519,21.759998,21.726137,22.214922,22.17918,21.902517,21.872637,22.742674,22.542149,22.384523,22.309507,23.37825,23.29187,22.729324,22.66567,22.489897,22.424788,0.0,0.0,0.0,0.0,0.0,0.0,0.0,0.0
36578,2023.0,9.0,12.0,0.0,22.753069,22.852858,21.74476,21.70884,22.195753,22.158295,21.884933,21.853361,22.656496,22.450516,22.35801,22.280941,23.372515,23.289797,22.707027,22.641981,22.48016,22.414278,0.0,0.0,0.0,0.0,0.0,0.0,0.0,0.0
36579,2023.0,9.0,12.0,0.0,22.733028,22.831383,21.730183,21.692858,22.177427,22.138865,21.868124,21.835428,22.731356,22.656015,22.33304,22.254644,23.349583,23.265968,22.685425,22.619308,22.45925,22.394924,0.0,0.0,0.0,0.0,0.0,0.0,0.0,0.0
36580,2023.0,9.0,12.0,0.0,22.714024,22.811857,21.716862,21.679396,22.160587,22.12219,21.852674,21.820034,23.259134,23.65726,22.310192,22.231936,23.326899,23.243206,22.665022,22.59867,22.438007,22.373516,0.0,0.0,0.0,4.0,0.0,0.0,0.0,0.0
36581,2023.0,9.0,12.0,0.0,22.69424,22.790451,21.70229,21.663372,22.142557,22.102964,21.83611,21.802275,22.896133,22.863134,22.28646,22.206873,23.303085,23.218233,22.644129,22.576714,22.415657,22.35011,0.0,0.0,0.0,0.0,0.0,0.0,0.0,0.0
36582,2023.0,9.0,12.0,1.0,22.67463,22.76879,21.687525,21.64687,22.124401,22.083302,21.819418,21.784101,23.149767,23.387794,22.262987,22.18177,23.279425,23.19312,22.623365,22.55467,22.393412,22.326551,0.0,0.0,0.0,4.0,0.0,0.0,0.0,0.0
36583,2023.0,9.0,12.0,1.0,22.655722,22.748312,21.67282,21.630608,22.106316,22.063852,21.802814,21.766188,23.245428,23.502794,22.239964,22.157291,23.25642,23.169016,22.603113,22.533525,22.371674,22.30383,0.0,0.0,0.0,4.0,0.0,0.0,0.0,0.0
36584,2023.0,9.0,12.0,1.0,22.63898,22.73152,21.660496,21.618877,22.090681,22.049059,21.788473,21.752567,22.758467,22.556795,22.494019,22.651432,23.235834,23.149132,22.58458,22.515425,22.351942,22.284628,0.0,0.0,0.0,0.0,4.0,0.0,0.0,0.0
36585,2023.0,9.0,12.0,1.0,22.620758,22.711676,21.646664,21.603947,22.073393,22.03082,21.772642,21.735794,22.60624,22.381285,22.292473,22.22026,23.21421,23.12666,22.565132,22.49523,22.331247,22.263132,0.0,0.0,0.0,0.0,0.0,0.0,0.0,0.0
36586,2023.0,9.0,12.0,1.0,23.227186,23.869942,21.634098,21.59145,22.057514,22.015326,21.758156,21.721571,22.541252,22.321413,22.233433,22.152138,23.194323,23.107233,22.546926,22.47734,22.312002,22.24426,0.0,0.0,0.0,0.0,0.0,0.0,0.0,0.0
36587,2023.0,9.0,12.0,1.0,22.832998,22.990318,21.620796,21.577583,22.040913,21.99834,21.742998,21.705978,22.610607,22.51724,22.473654,22.62564,23.174181,23.08683,22.528261,22.458406,22.292326,22.224312,0.0,0.0,0.0,0.0,4.0,0.0,0.0,0.0
36588,2023.0,9.0,12.0,2.0,22.505898,22.42144,21.606785,21.562323,22.023565,21.979843,21.72716,21.688997,22.614351,22.533602,22.271173,22.197962,23.153894,23.06561,22.509108,22.438406,22.272188,22.20327,0.0,0.0,0.0,0.0,0.0,0.0,0.0,0.0
36589,2023.0,9.0,12.0,2.0,22.436623,22.359407,21.593933,21.54933,22.007528,21.963959,21.712557,21.674423,22.592243,22.512537,22.208773,22.126226,23.135054,23.047022,22.491032,22.420496,22.922209,23.445364,0.0,0.0,0.0,0.0,0.0,0.0,0.0,4.0
36590,2023.0,9.0,12.0,2.0,22.54571,22.625797,21.580236,21.534796,21.990654,21.946436,21.697283,21.658398,22.567749,22.487736,22.446331,22.597105,23.115623,23.027136,22.47239,22.401428,22.480698,22.470074,0.0,0.0,0.0,0.0,4.0,0.0,0.0,0.0
36591,2023.0,9.0,12.0,2.0,22.563255,22.665169,21.566332,21.519884,21.973574,21.92853,21.68199,21.642126,22.542728,22.462133,22.552849,22.750631,23.096205,23.007103,22.453672,22.382154,22.862158,23.241524,0.0,0.0,0.0,0.0,4.0,0.0,0.0,4.0
36592,2023.0,9.0,12.0,2.0,22.54774,22.649242,21.55289,21.505728,21.956913,21.911446,21.667265,21.626726,22.51863,22.43797,22.147673,21.9458,23.077438,22.98815,23.255714,23.9103,23.00041,23.405455,0.0,0.0,0.0,0.0,0.0,0.0,4.0,4.0
36593,2023.0,9.0,12.0,2.0,22.530132,22.630653,21.539242,21.4912,21.94018,21.894018,21.652536,21.61108,22.494793,22.413832,21.988821,21.746458,23.058743,22.96909,22.590704,22.460905,22.426085,22.27381,0.0,0.0,0.0,0.0,0.0,0.0,0.0,0.0
36594,2023.0,9.0,12.0,3.0,22.511387,22.610619,21.524996,21.475956,21.92327,21.87607,21.6374,21.594849,22.47114,22.389532,22.380484,22.555141,23.040016,22.94973,22.375463,22.17134,22.928099,23.338844,0.0,0.0,0.0,0.0,4.0,0.0,0.0,4.0
36595,2023.0,9.0,12.0,3.0,22.492174,22.589848,21.510117,21.459774,21.905912,21.857445,21.621723,21.57785,22.972485,23.351788,22.216696,22.168694,23.021257,22.930096,22.30962,22.10324,22.400755,22.234072,0.0,0.0,0.0,4.0,0.0,0.0,0.0,0.0
36596,2023.0,9.0,12.0,3.0,22.472616,22.568449,21.494862,21.442846,21.887959,21.838024,21.605612,21.56016,22.619757,22.57728,22.39476,22.546867,23.0023,22.910067,22.255764,22.047298,22.217968,22.008377,0.0,0.0,0.0,0.0,4.0,0.0,0.0,0.0
36597,2023.0,9.0,12.0,3.0,22.452715,22.546251,21.479086,21.424833,21.86922,21.817343,21.58875,21.541306,22.499063,22.414164,22.178146,22.097433,22.982948,22.88926,22.341045,22.261497,22.141535,21.930155,0.0,0.0,0.0,0.0,0.0,0.0,0.0,0.0
36598,2023.0,9.0,12.0,3.0,22.43324,22.524996,21.463165,21.406595,21.850286,21.796497,21.57158,21.522219,22.458405,22.371487,22.1062,22.012966,22.963703,22.868729,22.33955,22.258358,22.2152,22.138151,0.0,0.0,0.0,0.0,0.0,0.0,0.0,0.0
36599,2023.0,9.0,12.0,3.0,22.413912,22.50406,21.447784,21.389618,21.83197,21.776892,21.554762,21.50412,22.42414,22.336409,22.069899,21.975649,22.944754,22.848839,22.3235,22.245703,22.19911,22.11863,0.0,0.0,0.0,0.0,0.0,0.0,0.0,0.0
36600,2023.0,9.0,12.0,4.0,22.395256,22.484753,21.433605,21.37545,21.815002,21.760172,21.53909,21.488611,22.395046,22.30814,22.038893,21.945925,22.926676,22.830862,22.305414,22.227678,22.844858,23.361511,0.0,0.0,0.0,0.0,0.0,0.0,0.0,4.0
36601,2023.0,9.0,12.0,4.0,22.377108,22.466629,21.840498,22.153908,21.798428,21.744232,21.523983,21.4741,22.36729,22.280851,22.00979,21.917202,22.909168,22.81408,22.28674,22.20967,22.88531,23.277405,4.0,0.0,0.0,0.0,0.0,0.0,0.0,4.0
36602,2023.0,9.0,12.0,4.0,22.36011,22.450329,21.58818,21.595592,21.783054,21.73019,21.510294,21.461552,22.342255,22.25702,21.984045,21.8928,22.892736,22.79886,22.268694,22.192696,22.938255,23.331264,0.0,0.0,0.0,0.0,0.0,0.0,0.0,4.0
36603,2023.0,9.0,12.0,4.0,22.343632,22.434835,21.480284,21.433361,21.768255,21.717031,21.497337,21.449947,22.319094,22.235523,21.960848,21.871437,22.877018,22.784632,22.251156,22.176527,22.336731,22.15982,0.0,0.0,0.0,0.0,0.0,0.0,0.0,0.0
36604,2023.0,9.0,12.0,4.0,22.326992,22.418858,21.44541,21.392738,21.7533,21.703396,21.484236,21.437952,22.296637,22.214289,22.211462,22.3609,22.861412,22.770235,22.233627,22.160069,22.847548,23.252726,0.0,0.0,0.0,0.0,4.0,0.0,0.0,4.0
36605,2023.0,9.0,12.0,4.0,22.310486,22.403002,21.423265,21.371496,21.738459,21.689865,21.471176,21.426033,22.275146,22.194029,22.326143,22.523327,22.846193,22.75624,22.216438,22.143951,22.318129,22.150377,0.0,0.0,0.0,0.0,4.0,0.0,0.0,0.0
36606,2023.0,9.0,12.0,5.0,22.29334,22.385746,21.403875,21.351772,21.722672,21.674326,21.457335,21.412374,22.25348,22.172556,22.372072,22.577656,22.83065,22.741219,22.1989,22.12678,22.131584,21.921427,0.0,0.0,0.0,0.0,4.0,0.0,0.0,0.0
36607,2023.0,9.0,12.0,5.0,22.277342,22.3706,21.38866,21.338503,21.708424,21.661776,21.444687,21.401157,22.2342,22.155111,22.21946,22.244396,23.439281,23.907713,22.182682,22.111937,22.062832,21.86129,0.0,0.0,0.0,0.0,4.0,4.0,0.0,0.0
36608,2023.0,9.0,12.0,5.0,22.856133,23.472841,21.373,21.323174,21.693058,21.646915,22.052649,22.558163,22.214312,22.13598,21.921753,21.70703,23.43893,23.764463,22.165834,22.09573,22.120428,22.038755,0.0,0.0,4.0,0.0,0.0,4.0,0.0,0.0
36609,2023.0,9.0,12.0,5.0,23.015854,23.643955,21.357763,21.308186,21.677711,21.631851,21.680197,21.720947,22.73504,23.133768,21.791927,21.552208,22.86801,22.648575,22.148903,22.079313,22.11414,22.041739,0.0,0.0,0.0,4.0,0.0,0.0,0.0,0.0
36610,2023.0,9.0,12.0,5.0,22.898693,23.336336,21.342964,21.294065,22.276789,22.773224,21.38108,21.20247,22.929552,23.381227,22.184004,22.36497,22.729582,22.485386,22.132227,22.063383,22.088608,22.019526,0.0,4.0,0.0,4.0,4.0,0.0,0.0,0.0
36611,2023.0,9.0,12.0,5.0,22.386211,22.366121,21.723244,22.020054,21.925428,21.980871,21.285707,21.083055,22.324795,22.155022,22.024385,21.986818,23.26244,23.542393,22.951618,23.623604,22.729874,23.251537,4.0,0.0,0.0,0.0,0.0,4.0,4.0,4.0
36612,2023.0,9.0,12.0,6.0,22.194675,22.103987,21.52089,21.56196,21.606913,21.42314,21.370611,21.300177,22.67151,22.926394,22.191374,22.34341,22.831482,22.635633,22.282074,22.16102,22.79459,23.21506,0.0,0.0,0.0,4.0,4.0,0.0,0.0,4.0
36613,2023.0,9.0,12.0,6.0,22.728899,23.17189,21.783667,22.09249,21.502884,21.288187,22.015085,22.52147,22.787764,23.050068,22.009363,21.962618,22.679129,22.435202,22.067417,21.872396,22.841282,23.25355,4.0,0.0,4.0,4.0,0.0,0.0,0.0,4.0
36614,2023.0,9.0,12.0,6.0,22.831293,23.268166,21.406952,21.300962,22.212069,22.681557,21.5243,21.447277,22.30229,22.112621,22.03694,22.041494,23.220972,23.505215,22.814863,23.33324,22.244265,22.09015,0.0,4.0,0.0,0.0,4.0,4.0,4.0,0.0
36615,2023.0,9.0,12.0,6.0,22.338573,22.313553,21.200565,20.983719,22.240688,22.57151,21.29635,21.101057,22.136755,21.91499,22.061657,22.076176,22.779602,22.574562,23.034628,23.586832,22.748627,23.16951,0.0,4.0,0.0,0.0,4.0,0.0,4.0,4.0
36616,2023.0,9.0,12.0,6.0,22.157982,22.066196,21.135706,20.910782,22.250237,22.564749,21.820427,22.133095,22.070751,21.853996,21.792786,21.577364,23.233387,23.51827,22.339802,22.197449,22.866606,23.28027,0.0,4.0,4.0,0.0,0.0,4.0,0.0,4.0
36617,2023.0,9.0,12.0,6.0,22.084028,21.989605,21.233269,21.149996,22.283829,22.597128,21.457647,21.360205,22.673649,23.052656,21.67641,21.445812,23.38874,23.716103,22.999369,23.572073,22.263584,22.110361,0.0,4.0,0.0,4.0,0.0,4.0,4.0,0.0
36618,2023.0,9.0,12.0,7.0,22.646172,23.094307,21.667192,21.970568,22.309793,22.622093,21.267487,21.073048,22.358152,22.335108,21.754396,21.65695,23.440449,23.766119,23.14535,23.689447,22.067438,21.86856,4.0,4.0,0.0,0.0,0.0,4.0,4.0,0.0
36619,2023.0,9.0,12.0,7.0,22.767279,23.217514,21.459335,21.50029,22.33432,22.64757,21.797739,22.115273,22.10139,21.902115,22.06516,22.241907,23.483564,23.808722,22.432604,22.28989,21.98874,21.795645,0.0,4.0,4.0,0.0,4.0,4.0,0.0,0.0
36620,2023.0,9.0,12.0,7.0,22.283478,22.271801,21.326462,21.28896,22.356785,22.671854,21.421988,21.315428,22.010515,21.79966,22.20347,22.43724,23.521477,23.847391,22.21811,22.023186,21.926338,21.735756,0.0,4.0,0.0,0.0,4.0,4.0,0.0,0.0
36621,2023.0,9.0,12.0,7.0,22.728748,23.196974,21.692839,22.001991,22.37615,22.692642,21.251047,21.066732,22.08542,22.001667,21.791473,21.60701,22.961422,22.762829,22.139013,21.949621,21.990126,21.916307,4.0,4.0,0.0,0.0,0.0,0.0,0.0,0.0
36622,2023.0,9.0,12.0,7.0,22.287128,22.284422,21.322224,21.216438,22.393456,22.71185,21.192677,21.005552,22.09793,22.028156,21.964825,22.022724,22.794598,22.555267,22.080286,21.89553,21.990402,21.925451,0.0,4.0,0.0,0.0,4.0,0.0,0.0,0.0
36623,2023.0,9.0,12.0,7.0,22.717176,23.18308,21.143751,20.949776,21.914465,21.80792,21.27471,21.21266,22.655529,23.088034,21.735146,21.541338,23.369394,23.70484,22.843594,23.374115,21.972647,21.912159,0.0,0.0,0.0,4.0,0.0,4.0,4.0,0.0
36624,2023.0,9.0,12.0,8.0,22.300602,22.319841,21.084406,20.884758,21.698717,21.501163,21.292253,21.254864,22.714548,23.044146,21.628109,21.412056,22.910507,22.733603,22.285727,22.15821,21.955893,21.896845,0.0,0.0,0.0,4.0,0.0,0.0,0.0,0.0
36625,2023.0,9.0,12.0,8.0,22.114794,22.060171,21.58352,21.87341,22.200342,22.513449,21.279497,21.24551,22.206207,22.043251,22.058935,22.269432,23.395164,23.741507,22.110334,21.93153,21.942003,21.884638,4.0,4.0,0.0,0.0,4.0,4.0,0.0,0.0
36626,2023.0,9.0,12.0,8.0,22.66606,23.153107,21.403677,21.448202,22.32304,22.664804,21.265175,21.233595,22.059464,21.860287,21.909271,21.88737,22.929598,22.755964,22.061436,21.886133,21.931782,21.876295,0.0,4.0,0.0,0.0,0.0,0.0,0.0,0.0
36627,2023.0,9.0,12.0,8.0,22.774446,23.25544,21.269547,21.23367,22.358997,22.704805,21.249676,21.21937,22.014069,21.815977,21.833754,21.769728,22.774471,22.544645,22.026884,21.854048,21.924915,21.8712,0.0,4.0,0.0,0.0,0.0,0.0,0.0,0.0
36628,2023.0,9.0,12.0,8.0,22.818523,23.302292,21.243896,21.2119,21.876713,21.782082,21.236284,21.208961,22.107334,22.032845,22.133207,22.33501,22.737976,22.514698,22.112335,22.050306,21.92181,21.870361,0.0,0.0,0.0,0.0,4.0,0.0,0.0,0.0
36629,2023.0,9.0,12.0,8.0,22.854328,23.340086,21.222233,21.192286,22.265455,22.605423,21.222586,21.197443,22.135765,22.074404,22.134157,22.241636,23.357336,23.716618,22.132687,22.079685,21.921303,21.872002,0.0,4.0,0.0,0.0,4.0,4.0,0.0,0.0
36630,2023.0,9.0,12.0,9.0,22.361298,22.395802,21.20468,21.176674,22.366726,22.728653,21.209314,21.186157,22.139397,22.077536,21.86015,21.704529,22.927332,22.777712,22.133358,22.07947,21.919,21.866547,0.0,4.0,0.0,0.0,0.0,0.0,0.0,0.0
36631,2023.0,9.0,12.0,9.0,22.795864,23.314262,21.189602,21.16411,21.886276,21.809835,21.196892,21.1761,22.142727,22.079283,21.762934,21.561567,22.78746,22.572159,22.133787,22.078375,21.918816,21.864138,0.0,0.0,0.0,0.0,0.0,0.0,0.0,0.0
36632,2023.0,9.0,12.0,9.0,22.357828,22.415966,21.176271,21.153795,21.70374,21.559818,21.185223,21.167114,22.777245,23.270058,21.744776,21.543568,22.76006,22.546335,22.135216,22.078045,22.704597,23.346369,0.0,0.0,0.0,4.0,0.0,0.0,0.0,4.0
36633,2023.0,9.0,12.0,9.0,22.765245,23.2748,21.163702,21.144154,22.201029,22.5561,21.78858,22.313437,22.327898,22.251236,22.15863,22.337984,22.85784,22.760075,23.03073,23.768116,22.154978,22.108452,0.0,4.0,4.0,0.0,4.0,0.0,4.0,0.0
36634,2023.0,9.0,12.0,9.0,22.360992,22.43762,21.546381,21.873722,21.85136,21.822485,21.973911,22.519627,22.145031,21.96837,22.071285,22.077116,22.894175,22.811865,22.411617,22.369509,21.958603,21.805855,4.0,0.0,4.0,0.0,0.0,0.0,0.0,0.0
36635,2023.0,9.0,12.0,9.0,22.77149,23.299845,21.34546,21.415518,21.66025,21.541735,21.936398,22.370256,22.115185,21.935072,21.986032,21.910873,22.901958,22.821827,23.051317,23.656815,21.923342,21.767262,0.0,0.0,4.0,0.0,0.0,0.0,4.0,0.0
36636,2023.0,9.0,12.0,10.0,22.358028,22.441946,21.613834,21.956356,22.176905,22.563986,21.46339,21.456795,22.190163,22.097498,21.981585,21.895662,22.908184,22.826761,22.496328,22.443901,21.90995,21.756302,4.0,4.0,0.0,0.0,0.0,0.0,0.0,0.0
36637,2023.0,9.0,12.0,10.0,22.17886,22.197142,21.305355,21.297611,22.318228,22.736153,21.284708,21.205156,22.224583,22.145054,21.99315,21.905363,22.915075,22.832855,22.293816,22.139868,21.977785,21.899073,0.0,4.0,0.0,0.0,0.0,0.0,0.0,0.0
36638,2023.0,9.0,12.0,10.0,22.123684,22.150778,21.562513,21.838943,22.36763,22.791456,21.232937,21.16074,22.23649,22.157244,22.008463,21.919382,22.922983,22.840057,22.250782,22.097794,22.002531,21.930094,4.0,4.0,0.0,0.0,0.0,0.0,0.0,0.0
36639,2023.0,9.0,12.0,10.0,22.165056,22.282595,21.644623,21.936804,22.410202,22.840357,21.204447,21.145247,22.24646,22.166231,22.025005,21.934343,23.605902,24.129654,22.23287,22.086237,22.011265,21.939577,4.0,4.0,0.0,0.0,0.0,4.0,0.0,0.0
36640,2023.0,9.0,12.0,10.0,22.159304,22.292452,21.34867,21.363476,22.447296,22.8853,21.224497,21.216913,22.893223,23.377213,22.043266,21.95146,23.705345,24.160343,22.283495,22.20081,22.019062,21.946814,0.0,4.0,0.0,4.0,0.0,4.0,0.0,0.0
36641,2023.0,9.0,12.0,10.0,22.77849,23.482334,21.609266,21.902155,21.985107,22.001627,21.849407,22.40933,22.496546,22.471525,22.062628,21.969767,23.20007,23.140465,22.299574,22.223976,22.026701,21.953766,4.0,0.0,4.0,0.0,0.0,0.0,0.0,0.0
36642,2023.0,9.0,12.0,11.0,22.309406,22.455065,21.706934,22.030188,22.377731,22.830742,21.94957,22.450472,22.329443,22.192467,22.082947,21.989088,23.03984,22.874702,22.303818,22.228668,22.034994,21.96137,4.0,4.0,4.0,0.0,0.0,0.0,0.0,0.0
36643,2023.0,9.0,12.0,11.0,22.743273,23.354734,21.739176,22.065401,21.983667,22.02153,21.487057,21.540236,22.301237,22.157574,22.103233,22.00725,23.005121,22.83462,22.306719,22.230507,22.043505,21.96829,4.0,0.0,0.0,0.0,0.0,0.0,0.0,0.0
36644,2023.0,9.0,12.0,11.0,22.323837,22.468328,21.770185,22.101282,21.800035,21.763924,21.32977,21.319267,22.343159,22.247484,22.123875,22.025677,23.629522,24.030495,22.309824,22.232363,22.052397,21.975578,4.0,0.0,0.0,0.0,0.0,4.0,0.0,0.0
36645,2023.0,9.0,12.0,11.0,22.163626,22.252075,21.467787,21.521435,22.316404,22.789337,21.281569,21.274002,22.363403,22.272917,22.144773,22.044477,23.837156,24.30017,22.313204,22.234467,22.06112,21.98275,0.0,4.0,0.0,0.0,0.0,4.0,0.0,0.0
36646,2023.0,9.0,12.0,11.0,22.113787,22.206354,21.34071,21.341957,21.94347,22.000475,21.252697,21.252493,22.372473,22.281258,22.165455,22.063244,23.294611,23.195417,22.316875,22.236937,22.069418,21.989594,0.0,0.0,0.0,0.0,0.0,0.0,0.0,0.0
36647,2023.0,9.0,12.0,11.0,22.762104,23.470514,21.298908,21.303091,21.772722,21.756962,21.238802,21.25275,22.380316,22.28803,22.185099,22.081343,23.155722,22.990149,22.32076,22.239882,22.077051,21.99604,0.0,0.0,0.0,0.0,0.0,0.0,0.0,0.0
36648,2023.0,9.0,12.0,12.0,22.316275,22.490051,21.27888,21.295893,22.297836,22.791708,21.850746,22.424473,22.387465,22.294466,22.203249,22.098417,23.131409,22.968084,22.32414,22.242672,22.0838,22.001978,0.0,4.0,4.0,0.0,0.0,0.0,0.0,0.0
36649,2023.0,9.0,12.0,12.0,22.151688,22.263744,21.661211,22.035398,22.422668,22.9257,21.467411,21.5681,22.394173,22.300762,22.21975,22.114172,23.117159,22.95731,22.326834,22.245007,22.089703,22.007343,4.0,4.0,0.0,0.0,0.0,0.0,0.0,0.0
36650,2023.0,9.0,12.0,12.0,22.118582,22.247478,21.420036,21.50527,22.46802,22.971188,21.30542,21.330294,22.400255,22.306908,22.23545,22.129845,23.160612,23.056646,22.329517,22.247686,22.095362,22.01291,0.0,4.0,0.0,0.0,0.0,0.0,0.0,0.0
36651,2023.0,9.0,12.0,12.0,22.118242,22.281492,21.304976,21.335884,22.004925,22.072983,21.269508,21.298172,22.40523,22.311993,22.249691,22.143885,23.169476,23.07107,22.332125,22.250496,22.100067,22.017633,0.0,0.0,0.0,0.0,0.0,0.0,0.0,0.0
36652,2023.0,9.0,12.0,12.0,22.099964,22.266407,21.678589,22.066694,22.420567,22.94166,21.236464,21.261038,22.409443,22.316597,22.262861,22.157347,23.168602,23.071934,22.334417,22.253223,22.103834,22.02167,4.0,4.0,0.0,0.0,0.0,0.0,0.0,0.0
36653,2023.0,9.0,12.0,12.0,22.079226,22.246582,21.43642,21.538614,22.010252,22.092869,21.212584,21.237719,22.413042,22.32077,22.27495,22.169947,23.166838,23.071247,22.33613,22.255512,22.106754,22.02501,0.0,0.0,0.0,0.0,0.0,0.0,0.0,0.0
36654,2023.0,9.0,12.0,13.0,22.059507,22.22707,21.320288,21.36683,21.832916,21.844015,21.19225,21.217842,22.416414,22.325073,22.287119,22.18363,23.164864,23.070362,22.33756,22.257729,22.109365,22.028694,0.0,0.0,0.0,0.0,0.0,0.0,0.0,0.0
36655,2023.0,9.0,12.0,13.0,22.041756,22.20997,21.699297,22.105892,21.780876,21.799728,21.175982,21.203491,22.418037,22.326645,22.295895,22.19185,23.161777,23.067823,22.337383,22.257626,22.110214,22.029718,4.0,0.0,0.0,0.0,0.0,0.0,0.0,0.0
36656,2023.0,9.0,12.0,13.0,22.02457,22.192892,21.436409,21.538427,21.73636,21.756443,21.160492,21.188927,22.418776,22.327724,22.303612,22.199879,23.157906,23.0647,22.335995,22.256533,22.110132,22.030157,0.0,0.0,0.0,0.0,0.0,0.0,0.0,0.0
36657,2023.0,9.0,12.0,13.0,22.00794,22.176006,21.329157,21.383583,21.697624,21.716845,21.145584,21.174273,22.418531,22.328161,22.310438,22.20787,23.153118,23.060837,22.333376,22.254408,22.108984,22.02983,0.0,0.0,0.0,0.0,0.0,0.0,0.0,0.0
36658,2023.0,9.0,12.0,13.0,21.993092,22.16165,21.279902,21.315735,21.667755,21.689993,21.133299,21.163654,22.41708,22.32775,22.656445,22.857313,23.147827,23.057161,22.329777,22.251738,22.106764,22.0288,0.0,0.0,0.0,0.0,4.0,0.0,0.0,0.0
36659,2023.0,9.0,12.0,13.0,21.978619,22.147291,21.67349,22.08153,21.639738,21.663145,21.121391,21.152695,22.414373,22.326494,22.45353,22.401146,23.141441,23.052578,22.325018,22.248158,22.103388,22.02694,4.0,0.0,0.0,0.0,0.0,0.0,0.0,0.0
36660,2023.0,9.0,12.0,14.0,21.96468,22.133204,21.774418,22.18814,21.613268,21.636591,21.109907,21.141613,22.410345,22.324167,22.376684,22.278265,23.133873,23.046888,22.319056,22.243546,22.09876,22.024038,4.0,0.0,0.0,0.0,0.0,0.0,0.0,0.0
36661,2023.0,9.0,12.0,14.0,21.95111,22.11901,21.461763,21.567318,21.590508,21.615047,21.098991,21.130838,22.404379,22.319277,22.364279,22.267168,23.124853,23.039387,22.311485,22.23694,22.092257,22.018703,0.0,0.0,0.0,0.0,0.0,0.0,0.0,0.0
36662,2023.0,9.0,12.0,14.0,22.531927,23.220102,21.35898,21.423805,21.568575,21.593693,21.08808,21.1198,22.397152,22.313341,22.354149,22.258318,23.11478,23.03096,23.190544,23.909067,22.08458,22.01241,0.0,0.0,0.0,0.0,0.0,0.0,4.0,0.0
36663,2023.0,9.0,12.0,14.0,22.713644,23.427156,21.68843,22.068121,22.157393,22.719501,21.701708,22.283026,22.388924,22.306396,22.344515,22.249998,23.103733,23.021328,22.669765,22.740303,22.075838,22.004953,4.0,4.0,4.0,0.0,0.0,0.0,0.0,0.0
36664,2023.0,9.0,12.0,14.0,22.741636,23.403162,21.789976,22.188818,21.810587,21.937826,21.881557,22.473484,22.380562,22.299555,22.334631,22.241762,23.805223,24.363344,23.281364,23.950592,22.066656,21.997103,4.0,0.0,4.0,0.0,0.0,4.0,4.0,0.0
36665,2023.0,9.0,12.0,14.0,22.787151,23.44096,21.818184,22.210037,22.208092,22.742859,21.426668,21.554037,22.372044,22.292782,22.324608,22.233559,23.908873,24.425741,22.68223,22.681984,22.05744,21.989117,4.0,4.0,0.0,0.0,0.0,4.0,0.0,0.0
36666,2023.0,9.0,12.0,15.0,22.298513,22.484802,21.845175,22.23394,22.330978,22.866035,21.266136,21.317955,22.362892,22.285484,22.313953,22.224869,23.95497,24.459854,22.478683,22.390615,22.04767,21.98058,4.0,4.0,0.0,0.0,0.0,4.0,0.0,0.0
36667,2023.0,9.0,12.0,15.0,22.738317,23.399801,21.853605,22.22625,22.363329,22.878922,21.208162,21.243462,22.349344,22.270546,22.298502,22.207869,23.369179,23.301727,22.413809,22.315304,22.033607,21.964909,4.0,4.0,0.0,0.0,0.0,0.0,0.0,0.0
36668,2023.0,9.0,12.0,15.0,22.807455,23.431238,21.854334,22.20969,21.892748,21.96133,21.160883,21.180454,22.951777,23.42127,22.279625,22.186773,23.184647,23.033207,22.35941,22.2511,22.016872,21.946295,4.0,0.0,0.0,4.0,0.0,0.0,0.0,0.0
36669,2023.0,9.0,12.0,15.0,22.824326,23.4289,21.850485,22.188395,22.280657,22.7727,21.12855,21.142076,22.55193,22.541052,22.258514,22.163342,23.113028,22.94847,22.349874,22.270756,21.99818,21.925669,4.0,4.0,0.0,0.0,0.0,0.0,0.0,0.0
36670,2023.0,9.0,12.0,15.0,22.840618,23.42879,21.843515,22.164352,22.35396,22.826206,21.102179,21.11105,22.929985,23.308657,22.235813,22.138792,23.68292,24.072985,22.325743,22.248598,21.978327,21.904266,4.0,4.0,0.0,4.0,0.0,4.0,0.0,0.0
36671,2023.0,9.0,12.0,15.0,22.849873,23.421988,21.509895,21.536913,21.873991,21.901821,21.701563,22.254652,22.48725,22.397036,22.202099,22.107254,23.828064,24.26896,22.290249,22.215258,22.733114,23.357754,0.0,0.0,4.0,0.0,0.0,4.0,0.0,4.0
36672,2023.0,9.0,12.0,16.0,22.334213,22.437204,21.331848,21.26854,22.23722,22.668116,21.793222,22.277643,22.276524,22.122591,22.14275,22.058653,23.207167,23.084064,22.237146,22.170174,22.849863,23.434639,0.0,4.0,4.0,0.0,0.0,0.0,0.0,4.0
36673,2023.0,9.0,12.0,16.0,22.135197,22.166857,21.631794,21.879744,22.323837,22.756481,21.82579,22.290392,22.186985,22.036703,22.08295,22.009174,22.99846,22.815384,22.185461,22.12662,22.19365,22.160713,4.0,4.0,4.0,0.0,0.0,0.0,0.0,0.0
36674,2023.0,9.0,12.0,16.0,22.04575,22.066202,21.712551,21.985538,21.831469,21.81113,21.86497,22.319147,22.187119,22.116463,22.026833,21.960268,22.906107,22.724611,22.137777,22.084692,21.958834,21.834877,4.0,0.0,4.0,0.0,0.0,0.0,0.0,0.0
36675,2023.0,9.0,12.0,16.0,21.979794,21.994486,21.718431,21.980577,21.634995,21.532475,21.893555,22.337133,22.776205,23.271406,21.975958,21.915226,22.828802,22.649294,22.094772,22.04636,21.861153,21.734673,4.0,0.0,4.0,4.0,0.0,0.0,0.0,0.0
36676,2023.0,9.0,12.0,16.0,22.646618,23.303278,21.397438,21.374447,21.547773,21.432472,21.916273,22.349527,22.281216,22.218773,21.92922,21.87266,23.51889,24.031479,22.948233,23.699484,21.789303,21.663101,0.0,0.0,4.0,0.0,0.0,4.0,4.0,0.0
36677,2023.0,9.0,12.0,16.0,22.179882,22.280748,21.592426,21.79887,22.055151,22.431166,21.93428,22.357624,22.059412,21.908922,21.885422,21.831182,22.982498,22.89117,22.278008,22.239008,21.80041,21.744987,4.0,4.0,4.0,0.0,0.0,0.0,0.0,0.0
36678,2023.0,9.0,12.0,17.0,22.566439,23.0961,21.33414,21.286713,22.186924,22.584578,21.948526,22.362152,22.573235,22.942093,21.84411,21.79067,23.397778,23.780706,22.029736,21.892141,21.780638,21.736307,0.0,4.0,4.0,4.0,0.0,4.0,0.0,0.0
36679,2023.0,9.0,12.0,17.0,22.648321,23.15863,21.540447,21.729704,21.715527,21.669209,21.957886,22.360157,22.144222,22.0365,21.805458,21.751982,22.90833,22.775812,21.947535,21.803474,22.534721,23.192867,4.0,0.0,4.0,0.0,0.0,0.0,0.0,4.0
36680,2023.0,9.0,12.0,17.0,22.670362,23.169504,21.282269,21.215923,22.080114,22.433228,21.964281,22.355204,21.957308,21.785519,22.05674,22.249916,22.716072,22.512003,21.88248,21.733442,21.917831,21.849106,0.0,4.0,4.0,0.0,4.0,0.0,0.0,0.0
36681,2023.0,9.0,12.0,17.0,22.69946,23.196966,21.48901,21.659012,22.177746,22.543354,21.968405,22.34803,22.480446,22.829554,21.854164,21.823778,23.280195,23.644812,21.921797,21.862103,21.696196,21.543901,4.0,4.0,4.0,4.0,0.0,4.0,0.0,0.0
36682,2023.0,9.0,12.0,17.0,22.710754,23.19661,21.21644,21.11636,22.191431,22.542952,21.970242,22.338606,22.032877,21.878578,22.052889,22.246662,23.382517,23.738567,21.907663,21.849466,21.61963,21.458967,0.0,4.0,4.0,0.0,4.0,4.0,0.0,0.0
36683,2023.0,9.0,12.0,17.0,22.717499,23.191744,21.052006,20.86666,21.690033,21.585457,21.451727,21.359413,21.864666,21.66564,22.15062,22.382801,23.408773,23.751524,21.879726,21.818409,21.558538,21.391964,0.0,0.0,0.0,0.0,4.0,4.0,0.0,0.0
36684,2023.0,9.0,12.0,18.0,22.720743,23.183638,21.508526,21.785278,21.476877,21.280237,21.230743,21.048334,22.395016,22.720753,21.7249,21.543997,22.833109,22.63818,21.852688,21.788397,21.612022,21.545649,4.0,0.0,0.0,4.0,0.0,0.0,0.0,0.0
36685,2023.0,9.0,12.0,18.0,22.2012,22.201473,21.311487,21.341528,21.97355,22.280508,21.132418,20.938953,21.960358,21.790926,21.553688,21.322334,22.646757,22.398071,21.827349,21.761227,21.604609,21.540775,0.0,4.0,0.0,0.0,0.0,0.0,0.0,0.0
36686,2023.0,9.0,12.0,18.0,22.599281,23.056982,21.57015,21.870481,22.088116,22.415062,21.661446,21.98864,21.790537,21.575565,21.796204,21.833803,22.566605,22.315945,21.803444,21.7356,21.580345,21.514769,4.0,4.0,4.0,0.0,4.0,0.0,0.0,0.0
36687,2023.0,9.0,12.0,18.0,22.669048,23.119785,21.515076,21.685366,21.595648,21.46682,21.783205,22.12734,21.72474,21.506823,21.551891,21.331846,22.50085,22.249083,21.780792,21.711063,21.556345,21.488834,4.0,0.0,4.0,0.0,0.0,0.0,0.0,0.0
36688,2023.0,9.0,12.0,18.0,22.679178,23.122082,21.484755,21.634014,21.972935,22.261593,21.302296,21.198551,22.43009,22.89862,21.432907,21.191286,23.268774,23.772163,21.759842,21.68873,21.533937,21.465038,4.0,4.0,0.0,4.0,0.0,4.0,0.0,0.0
36689,2023.0,9.0,12.0,18.0,22.688734,23.125368,21.481441,21.624523,21.57599,21.456738,21.675806,21.984093,21.918442,21.75828,21.5133,21.405458,22.682726,22.500332,21.739687,21.666895,21.512516,21.441908,4.0,0.0,4.0,0.0,0.0,0.0,0.0,0.0
36690,2023.0,9.0,12.0,19.0,22.694002,23.124588,21.476225,21.613295,21.952291,22.248163,21.257051,21.131882,21.71063,21.47943,21.833393,22.007019,22.472202,22.208492,21.720215,21.645483,21.491753,21.419165,4.0,4.0,0.0,0.0,4.0,0.0,0.0,0.0
36691,2023.0,9.0,12.0,19.0,22.698702,23.125164,21.47286,21.60608,22.043444,22.348139,21.661476,21.97935,21.648035,21.415535,21.631535,21.564966,22.407898,22.143156,21.702423,21.626747,21.472807,21.399265,4.0,4.0,4.0,0.0,0.0,0.0,0.0,0.0
36692,2023.0,9.0,12.0,19.0,22.70165,23.124134,21.112354,20.933458,22.064163,22.363039,21.753899,22.076859,21.738808,21.647917,21.547173,21.453346,22.515186,22.41125,21.685452,21.608713,21.454525,21.379889,0.0,4.0,4.0,0.0,0.0,0.0,0.0,0.0
36693,2023.0,9.0,12.0,19.0,22.70329,23.121922,21.333158,21.416286,21.580051,21.44178,21.267519,21.144838,22.318436,22.736998,21.51838,21.423922,22.514732,22.411554,22.521608,23.19812,22.17696,22.75459,4.0,0.0,0.0,4.0,0.0,0.0,4.0,4.0
36694,2023.0,9.0,12.0,19.0,22.704132,23.118965,21.07748,20.917715,21.359497,21.12238,21.054146,20.834593,21.812096,21.63674,21.491539,21.395988,22.493088,22.391708,21.843206,21.71017,21.577528,21.443853,0.0,0.0,0.0,0.0,0.0,0.0,0.0,0.0
36695,2023.0,9.0,12.0,19.0,22.70438,23.115383,21.3035,21.402857,21.265516,21.015024,21.001049,20.802675,21.613003,21.369953,21.465729,21.367947,22.47043,22.3676,21.619883,21.40729,21.369915,21.162083,4.0,0.0,0.0,0.0,0.0,0.0,0.0,0.0
36696,2023.0,9.0,12.0,20.0,22.704037,23.111418,21.0263,20.829088,21.783424,22.046188,21.054682,20.96554,21.547571,21.306252,21.440126,21.342249,22.446234,22.343153,21.549652,21.33843,22.070517,22.543793,0.0,4.0,0.0,0.0,0.0,0.0,0.0,4.0
36697,2023.0,9.0,12.0,20.0,22.184294,22.138746,20.867493,20.60352,21.918377,22.208714,21.053158,20.981228,21.63606,21.529942,21.709593,21.863047,22.423018,22.317299,22.378412,22.942554,21.541191,21.388634,0.0,4.0,0.0,0.0,4.0,0.0,4.0,0.0
36698,2023.0,9.0,12.0,20.0,22.552065,22.94243,21.357317,21.590868,21.440706,21.284544,21.64682,22.119781,21.649538,21.55452,21.83617,22.036318,23.019789,23.464659,21.771944,21.60843,22.107561,22.563744,4.0,0.0,4.0,0.0,4.0,4.0,0.0,4.0
36699,2023.0,9.0,12.0,20.0,22.102192,22.04511,21.528286,21.829544,21.807137,22.052689,21.638351,21.952599,22.208319,22.618484,21.399193,21.163069,23.015997,23.312878,22.449038,23.00157,22.26217,22.705395,4.0,4.0,4.0,4.0,0.0,4.0,4.0,4.0
36700,2023.0,9.0,12.0,20.0,22.480995,22.860514,21.381388,21.49582,21.913162,22.182253,21.632553,21.92105,22.234749,22.508389,21.216988,20.922249,23.037863,23.317844,21.815573,21.638834,21.613895,21.4297,4.0,4.0,4.0,4.0,0.0,4.0,0.0,0.0
36701,2023.0,9.0,12.0,20.0,22.030949,21.953773,20.962078,20.722624,21.419607,21.236437,21.652918,21.933254,22.259256,22.514214,21.464304,21.439074,22.461306,22.195667,21.593256,21.34741,21.400988,21.15418,0.0,0.0,4.0,4.0,4.0,0.0,0.0,0.0
36702,2023.0,9.0,12.0,21.0,22.424248,22.792212,20.792036,20.486738,21.783749,22.006235,21.153921,20.984888,22.293139,22.538729,21.228071,20.945868,22.2782,21.962667,21.51508,21.265383,22.083931,22.512413,0.0,4.0,0.0,4.0,0.0,0.0,0.0,4.0
36703,2023.0,9.0,12.0,21.0,21.974806,21.883263,21.102455,21.120838,21.372492,21.177212,21.517786,21.760914,22.315397,22.55023,21.408192,21.369068,22.856842,23.124308,21.449936,21.195282,22.238245,22.653654,4.0,0.0,4.0,4.0,4.0,4.0,0.0,4.0
36704,2023.0,9.0,12.0,21.0,21.761879,21.582207,20.828085,20.574099,21.151897,20.850838,21.106724,20.933037,21.778074,21.524675,21.172201,20.877188,22.964556,23.2193,22.457586,23.16047,21.59404,21.390594,0.0,0.0,0.0,0.0,0.0,4.0,4.0,0.0
36705,2023.0,9.0,12.0,21.0,21.66555,21.471155,20.663038,20.326986,21.05528,20.735048,21.008251,20.837461,21.557123,21.24209,21.025911,20.692688,22.989912,23.231096,21.745058,21.569399,21.357834,21.077183,0.0,0.0,0.0,0.0,0.0,4.0,0.0,0.0
36706,2023.0,9.0,12.0,21.0,21.777826,21.770697,20.766705,20.605959,21.159498,21.013437,21.00897,20.880985,21.449999,21.12882,21.13324,20.974716,23.012098,23.242428,22.209505,22.674746,22.061495,22.497864,0.0,0.0,0.0,0.0,0.0,4.0,4.0,4.0
36707,2023.0,9.0,12.0,21.0,21.802986,21.82008,20.80877,20.681301,21.189516,21.069412,21.001867,20.90704,21.363539,21.037594,21.479322,21.605042,22.423641,22.113485,21.67724,21.43974,21.552473,21.312317,0.0,0.0,0.0,0.0,4.0,0.0,0.0,0.0
36708,2023.0,9.0,12.0,22.0,21.770596,21.786242,20.78736,20.658924,21.161747,21.040066,21.003252,20.937319,21.468208,21.317787,21.317255,21.197937,22.156862,21.793806,21.386894,21.100416,22.054733,22.485296,0.0,0.0,0.0,0.0,0.0,0.0,0.0,4.0
36709,2023.0,9.0,12.0,22.0,21.735435,21.748798,20.761112,20.629637,21.13054,21.006355,21.003386,20.957842,21.494816,21.36026,21.190664,21.047031,22.721327,22.945444,21.294214,21.000036,22.177786,22.499537,0.0,0.0,0.0,0.0,0.0,4.0,0.0,4.0
36710,2023.0,9.0,12.0,22.0,21.701778,21.712591,20.735275,20.600681,21.10049,20.973717,21.003809,20.974337,21.467062,21.331957,21.1463,20.998337,22.880522,23.086697,21.227974,20.930145,21.510187,21.231363,0.0,0.0,0.0,0.0,0.0,4.0,0.0,0.0
36711,2023.0,9.0,12.0,22.0,21.681934,21.702436,21.120806,21.342278,21.071463,20.942068,21.004131,20.987959,21.43366,21.29635,21.10947,20.958548,22.287422,21.942638,21.341305,21.211048,21.219566,20.900166,4.0,0.0,0.0,0.0,0.0,0.0,0.0,0.0
36712,2023.0,9.0,12.0,22.0,21.661575,21.684992,20.931585,20.876219,21.043182,20.911196,21.004612,21.000097,21.400324,21.260609,21.075367,20.921686,22.035091,21.650015,21.36535,21.239407,21.884266,22.250761,0.0,0.0,0.0,0.0,0.0,0.0,0.0,4.0
36713,2023.0,9.0,12.0,22.0,22.28505,22.8817,20.754446,20.624533,21.015474,20.880922,21.004885,21.0101,21.367699,21.22557,21.042461,20.886084,21.939638,21.547895,21.344406,21.217213,21.380234,21.088257,0.0,0.0,0.0,0.0,0.0,0.0,0.0,0.0
36714,2023.0,9.0,12.0,23.0,21.926682,22.013975,20.695545,20.550264,21.000324,20.874624,21.005243,21.019032,21.3363,21.191776,21.010351,20.851255,21.864365,21.467833,21.318632,21.188484,21.867062,22.226734,0.0,0.0,0.0,0.0,0.0,0.0,0.0,4.0
36715,2023.0,9.0,12.0,23.0,21.481598,21.288826,20.661388,20.511997,20.968628,20.831491,20.862326,20.751148,21.30578,21.159122,20.979534,20.818392,22.018831,21.83988,21.293802,21.162605,21.348913,21.05214,0.0,0.0,0.0,0.0,0.0,0.0,0.0,0.0
36716,2023.0,9.0,12.0,23.0,21.333347,21.08611,21.045877,21.252052,20.942173,20.801199,20.793798,20.659145,21.278704,21.129694,20.95235,20.788582,22.040735,21.870176,21.27105,21.137856,21.855871,22.152822,4.0,0.0,0.0,0.0,0.0,0.0,0.0,4.0
36717,2023.0,9.0,12.0,23.0,21.490557,21.46615,20.818342,20.753227,20.918236,20.775192,20.756643,20.61859,21.80016,22.13087,20.925356,20.759216,22.020134,21.852789,21.247902,21.112778,21.298502,20.994715,0.0,0.0,0.0,4.0,0.0,0.0,0.0,0.0
36718,2023.0,9.0,12.0,23.0,21.51856,21.524012,20.673643,20.52353,20.894497,20.749115,20.72371,20.582895,21.42391,21.301363,20.898506,20.729727,21.99705,21.827633,21.224476,21.087214,21.089355,20.74046,0.0,0.0,0.0,0.0,0.0,0.0,0.0,0.0
36719,2023.0,9.0,12.0,23.0,21.49933,21.503515,21.035925,21.233593,20.87138,20.724087,20.693575,20.55085,21.298819,21.143438,21.154413,21.228594,21.97217,21.800776,21.201311,21.062286,21.725212,22.01783,4.0,0.0,0.0,0.0,4.0,0.0,0.0,4.0
36720,2023.0,9.0,13.0,0.0,21.476553,21.478281,20.573832,20.273958,20.848145,20.698656,20.664618,20.519693,21.2549,21.09692,20.962591,20.808691,21.946604,21.77297,21.177883,21.036903,21.86398,22.146652,0.0,0.0,0.0,0.0,0.0,0.0,0.0,4.0
36721,2023.0,9.0,13.0,0.0,21.454231,21.455324,20.33459,19.910131,20.826918,20.677078,20.638985,20.493559,21.217892,21.059565,21.156881,21.227608,21.922756,21.748873,21.156075,21.01484,21.228853,20.912008,0.0,0.0,0.0,0.0,4.0,0.0,0.0,0.0
36722,2023.0,9.0,13.0,0.0,21.431145,21.430798,20.473764,20.266556,20.805609,20.654802,20.614027,20.467325,21.1843,21.024637,20.935524,20.755487,21.898746,21.724014,21.13419,20.99218,21.019056,20.658657,0.0,0.0,0.0,0.0,0.0,0.0,0.0,0.0
36723,2023.0,9.0,13.0,0.0,21.4099,21.409891,20.92796,21.125387,20.786203,20.636068,20.591724,20.445791,21.154793,20.995958,20.86754,20.692446,21.876387,21.702242,21.1137,20.972115,20.933224,20.578856,4.0,0.0,0.0,0.0,0.0,0.0,0.0,0.0
36724,2023.0,9.0,13.0,0.0,21.387669,21.386873,20.688435,20.596382,20.765991,20.615526,20.568693,20.422503,21.125633,20.966429,20.832758,20.657454,21.853405,21.678984,21.092642,20.950762,21.060753,20.908978,0.0,0.0,0.0,0.0,0.0,0.0,0.0,0.0
36725,2023.0,9.0,13.0,0.0,21.365108,21.363037,20.55408,20.384531,20.745075,20.593435,20.545082,20.397772,21.096972,20.936783,20.79916,20.622437,21.830153,21.654964,21.071316,20.928783,21.05951,20.913548,0.0,0.0,0.0,0.0,0.0,0.0,0.0,0.0
36726,2023.0,9.0,13.0,1.0,21.343725,21.341244,20.517403,20.347355,20.725464,20.573729,20.523258,20.376049,21.07022,20.910063,20.769753,20.593086,21.807875,21.63268,21.050695,20.908098,21.029478,20.883478,0.0,0.0,0.0,0.0,0.0,0.0,0.0,0.0
36727,2023.0,9.0,13.0,1.0,21.322975,21.320625,20.488598,20.319395,20.706558,20.555368,20.502445,20.355938,21.044682,20.8852,20.74217,20.566265,21.786396,21.611883,21.030647,20.88856,20.99919,20.853785,0.0,0.0,0.0,0.0,0.0,0.0,0.0,0.0
36728,2023.0,9.0,13.0,1.0,21.303444,21.302309,20.465607,20.29944,20.689182,20.539957,20.483562,20.339275,21.020988,20.863504,20.717283,20.54383,21.766174,21.593409,21.011524,20.870829,21.671057,22.146614,0.0,0.0,0.0,0.0,0.0,0.0,0.0,4.0
36729,2023.0,9.0,13.0,1.0,21.28289,21.281809,20.442112,20.2766,20.670578,20.521868,20.463701,20.319973,20.996447,20.83962,20.691463,20.518719,21.745058,21.572973,20.99158,20.851402,21.195114,21.104044,0.0,0.0,0.0,0.0,0.0,0.0,0.0,0.0
36730,2023.0,9.0,13.0,1.0,21.262358,21.261135,20.419664,20.25459,20.651915,20.503525,20.444159,20.300718,21.535843,21.875803,20.66599,20.49374,21.72386,21.552288,20.971445,20.83164,20.854181,20.52736,0.0,0.0,0.0,4.0,0.0,0.0,0.0,0.0
36731,2023.0,9.0,13.0,1.0,21.242334,21.241125,20.398323,20.233889,20.633486,20.485577,20.425026,20.282074,21.150833,21.027758,20.641174,20.469637,21.702875,21.531977,20.951384,20.812098,20.730167,20.384912,0.0,0.0,0.0,0.0,0.0,0.0,0.0,0.0
36732,2023.0,9.0,13.0,2.0,21.222977,21.22204,20.378107,20.214712,20.615461,20.468397,20.40631,20.264297,21.027733,20.87362,20.617167,20.446804,21.682287,21.512428,20.931562,20.793135,21.601372,22.117565,0.0,0.0,0.0,0.0,0.0,0.0,0.0,4.0
36733,2023.0,9.0,13.0,2.0,21.20347,21.202608,20.358177,20.195572,20.597279,20.450863,20.387545,20.24625,21.529076,21.850035,20.872124,20.944025,21.661474,21.49239,20.91142,20.773619,20.953785,20.685392,0.0,0.0,0.0,4.0,4.0,0.0,0.0,0.0
36734,2023.0,9.0,13.0,2.0,21.184025,21.183134,20.33879,20.17686,20.579132,20.433292,20.369146,20.228394,20.94801,20.622417,20.69206,20.547726,21.640713,21.472324,20.891203,20.75396,20.70752,20.363499,0.0,0.0,0.0,0.0,0.0,0.0,0.0,0.0
36735,2023.0,9.0,13.0,2.0,21.163633,21.161549,20.318329,20.155323,20.559618,20.412952,20.349487,20.207886,20.720434,20.33353,20.598585,20.428152,21.61905,21.450302,20.8701,20.732506,20.625206,20.27964,0.0,0.0,0.0,0.0,0.0,0.0,0.0,0.0
36736,2023.0,9.0,13.0,2.0,21.144623,21.142975,20.30061,20.139101,20.542156,20.396736,20.331806,20.191534,20.876043,20.723497,20.569038,20.400385,21.599037,21.43144,20.850292,20.713625,20.770502,20.637527,0.0,0.0,0.0,0.0,0.0,0.0,0.0,0.0
36737,2023.0,9.0,13.0,2.0,21.125845,21.125288,20.283112,20.123255,20.524887,20.380901,20.314264,20.175552,20.876316,20.724194,20.541525,20.374943,21.57954,21.413418,20.830883,20.695486,21.474453,21.961195,0.0,0.0,0.0,0.0,0.0,0.0,0.0,4.0
36738,2023.0,9.0,13.0,3.0,21.106272,21.106066,20.264997,20.106062,20.506954,20.363724,20.296251,20.158333,20.851488,20.70061,20.51509,20.349472,21.559631,21.394426,20.810997,20.676373,20.805914,20.527119,0.0,0.0,0.0,0.0,0.0,0.0,0.0,0.0
36739,2023.0,9.0,13.0,3.0,21.086184,21.085741,20.246435,20.087826,20.488474,20.345438,20.277977,20.140202,21.383389,21.723286,20.489096,20.323889,21.539331,21.37454,20.790636,20.656326,21.320778,21.63436,0.0,0.0,0.0,4.0,0.0,0.0,0.0,4.0
36740,2023.0,9.0,13.0,3.0,21.071821,21.076696,20.227982,20.069723,20.46996,20.32717,20.25978,20.122206,21.012154,20.905241,20.463852,20.299181,21.51905,21.35476,20.770185,20.636278,20.766827,20.464453,0.0,0.0,0.0,0.0,0.0,0.0,0.0,0.0
36741,2023.0,9.0,13.0,3.0,21.066452,21.082762,20.208744,20.04993,20.45055,20.30718,20.240814,20.102613,20.663113,20.301077,20.437992,20.27289,21.497974,21.33349,20.748878,20.614735,20.56865,20.224794,0.0,0.0,0.0,0.0,0.0,0.0,0.0,0.0
36742,2023.0,9.0,13.0,3.0,21.04933,21.065538,20.190432,20.031937,20.431871,20.288742,20.22246,20.084515,20.54562,20.170748,20.72592,20.836132,21.477436,21.31344,20.727953,20.5942,20.492617,20.15268,0.0,0.0,0.0,0.0,4.0,0.0,0.0,0.0
36743,2023.0,9.0,13.0,3.0,21.031767,21.048622,20.173237,20.016006,20.414057,20.272121,20.204853,20.068151,21.294258,21.671223,20.817383,20.941235,21.457554,21.294851,20.707531,20.57494,20.621037,20.477108,0.0,0.0,0.0,4.0,4.0,0.0,0.0,0.0
36744,2023.0,9.0,13.0,4.0,21.012217,21.028234,20.154846,19.997198,20.39468,20.252447,20.185755,20.04881,21.521723,21.92829,20.536879,20.38605,21.43618,21.273458,20.68558,20.552895,20.630596,20.495197,0.0,0.0,0.0,4.0,0.0,0.0,0.0,0.0
36745,2023.0,9.0,13.0,4.0,20.992994,21.008116,20.13678,19.978643,20.375357,20.23291,20.166824,20.02967,20.800404,20.482061,20.447186,20.283989,21.41471,21.252018,20.663532,20.5309,20.604631,20.469349,0.0,0.0,0.0,0.0,0.0,0.0,0.0,0.0
36746,2023.0,9.0,13.0,4.0,20.972658,20.98595,20.537962,20.745756,20.354862,20.21133,20.14678,20.008566,20.556194,20.175203,20.406311,20.242218,21.392096,21.228687,20.64031,20.507029,21.289217,21.782846,4.0,0.0,0.0,0.0,0.0,0.0,0.0,4.0
36747,2023.0,9.0,13.0,4.0,20.952166,20.964184,20.31874,20.257315,20.334564,20.190308,20.12703,19.98807,20.467897,20.089046,20.369589,20.205183,21.369623,21.20586,21.503561,22.152718,20.821045,20.752434,0.0,0.0,0.0,0.0,0.0,0.0,4.0,0.0
36748,2023.0,9.0,13.0,4.0,20.930895,20.941616,20.17071,20.019814,20.314116,20.168886,20.107122,19.9672,20.601364,20.431133,20.33555,20.170507,21.346834,21.182562,20.736568,20.488447,20.470507,20.15608,0.0,0.0,0.0,0.0,0.0,0.0,0.0,0.0
36749,2023.0,9.0,13.0,4.0,20.909,20.918325,20.123436,19.96103,20.293566,20.147123,20.08688,19.945877,20.623152,20.471752,20.584831,20.663153,21.323717,21.158773,21.394514,21.877333,20.338793,20.000568,0.0,0.0,0.0,0.0,4.0,0.0,4.0,0.0
36750,2023.0,9.0,13.0,5.0,20.886993,20.894997,20.092424,19.928219,20.273,20.125439,20.066416,19.924494,20.5952,20.443508,20.397776,20.259174,21.300518,21.134989,20.72906,20.454832,20.455511,20.30955,0.0,0.0,0.0,0.0,0.0,0.0,0.0,0.0
36751,2023.0,9.0,13.0,5.0,21.542957,22.148844,20.065374,19.899508,20.252148,20.103254,20.045506,19.902498,20.565554,20.413076,20.294407,20.12653,21.942284,22.36976,20.483292,20.142393,20.46168,20.323357,0.0,0.0,0.0,0.0,0.0,4.0,0.0,0.0
36752,2023.0,9.0,13.0,5.0,21.688778,22.273153,20.451162,20.641623,20.231583,20.081917,20.024937,19.881344,21.0883,21.419373,20.539225,20.615864,21.258522,20.923681,20.39769,20.058971,20.432705,20.293877,4.0,0.0,0.0,4.0,4.0,0.0,0.0,0.0
36753,2023.0,9.0,13.0,5.0,20.93923,20.776375,20.23485,20.163584,20.210396,20.05967,20.00393,19.859373,20.728664,20.624022,20.344187,20.200434,21.031836,20.622253,20.326893,19.990007,20.40321,20.263803,0.0,0.0,0.0,0.0,0.0,0.0,0.0,0.0
36754,2023.0,9.0,13.0,5.0,20.665724,20.387398,20.086798,19.929174,20.189177,20.037865,19.983229,19.838036,20.583591,20.43102,20.241535,20.0722,20.963594,20.556044,21.420218,22.131243,20.373579,20.234081,0.0,0.0,0.0,0.0,0.0,0.0,4.0,0.0
36755,2023.0,9.0,13.0,5.0,20.563303,20.275244,20.03594,19.866232,20.167389,20.01518,20.599981,21.012684,21.08457,21.409887,20.201143,20.0314,21.128473,20.947096,20.644402,20.397326,20.343555,20.203535,0.0,0.0,4.0,4.0,0.0,0.0,0.0,0.0
36756,2023.0,9.0,13.0,6.0,20.492264,20.20319,20.002014,19.830404,20.783825,21.19034,20.246853,20.216137,20.492704,20.162563,20.162563,19.992092,21.841604,22.278664,21.28289,21.759918,21.01847,21.49861,0.0,4.0,0.0,0.0,0.0,4.0,4.0,4.0
36757,2023.0,9.0,13.0,6.0,21.062832,21.282513,20.388407,20.577799,21.028816,21.534775,21.101727,21.740473,20.251762,19.859562,20.126524,19.955336,21.143675,20.800957,21.453562,21.906784,21.277308,21.831844,4.0,0.0,4.0,0.0,0.0,0.0,4.0,4.0
36758,2023.0,9.0,13.0,6.0,21.48398,22.038803,20.566404,20.79855,20.998648,21.35479,21.021423,21.51072,20.159176,19.772583,20.089012,19.917892,21.498865,21.683273,21.520144,21.96438,20.465698,20.174063,4.0,4.0,0.0,0.0,0.0,4.0,4.0,0.0
36759,2023.0,9.0,13.0,6.0,21.400087,21.698856,19.975262,19.741274,21.004246,21.309778,21.00302,21.389303,20.305239,20.143167,20.0523,19.880089,21.712347,21.905016,21.581516,22.0189,20.842663,21.141363,0.0,4.0,4.0,0.0,0.0,4.0,4.0,4.0
36760,2023.0,9.0,13.0,6.0,21.354662,21.64197,20.094776,19.988192,21.003435,21.273167,21.033543,21.43185,20.33918,20.18265,20.315617,20.403261,21.101942,20.707464,21.628391,22.059355,20.34393,20.009157,4.0,4.0,0.0,0.0,4.0,0.0,4.0,0.0
36761,2023.0,9.0,13.0,6.0,21.362465,21.643385,19.995863,19.811531,21.002998,21.249414,21.025988,21.385433,20.309677,20.152409,20.119165,19.936346,21.018183,20.730688,21.667053,22.093328,20.07378,19.719065,0.0,4.0,0.0,0.0,0.0,0.0,4.0,0.0
36762,2023.0,9.0,13.0,7.0,21.367033,21.642267,20.087406,19.985209,21.003714,21.235329,21.027988,21.365664,20.851685,21.196123,20.315687,20.402058,21.516594,21.702927,20.943771,20.830095,19.98448,19.632069,4.0,4.0,0.0,4.0,4.0,4.0,0.0,0.0
36763,2023.0,9.0,13.0,7.0,21.374327,21.649912,20.0024,19.842762,21.003267,21.224281,21.015747,21.347616,21.183832,21.626358,20.48415,20.6256,21.701288,21.89151,21.502047,21.948902,20.139986,20.012539,0.0,4.0,0.0,4.0,4.0,4.0,4.0,0.0
36764,2023.0,9.0,13.0,7.0,21.38255,21.659464,20.08346,19.991821,21.002954,21.216745,21.134829,21.551355,20.444733,20.112423,20.276571,20.159533,21.752947,21.942982,21.676588,22.104162,20.166302,20.02906,4.0,4.0,4.0,0.0,4.0,4.0,4.0,0.0
36765,2023.0,9.0,13.0,7.0,21.391138,21.671482,20.114004,20.037096,21.029572,21.285437,21.182688,21.608839,20.749397,20.937109,20.186945,20.067183,21.144995,20.763325,21.720371,22.148096,20.931896,21.492487,4.0,0.0,4.0,4.0,4.0,0.0,4.0,4.0
36766,2023.0,9.0,13.0,7.0,21.397625,21.680256,20.003126,19.86299,20.99707,21.190628,21.00869,21.30149,20.933191,21.107088,19.983358,19.742428,21.61688,21.854156,20.95981,20.826412,20.298422,20.006004,0.0,4.0,0.0,4.0,0.0,4.0,0.0,0.0
36767,2023.0,9.0,13.0,7.0,20.965847,20.948135,19.68021,19.259598,21.029835,21.275152,21.029455,21.33962,20.36121,20.00177,20.099936,19.981821,21.129593,20.748999,21.03032,21.02557,19.969234,19.635508,0.0,0.0,0.0,0.0,4.0,0.0,0.0,0.0
36768,2023.0,9.0,13.0,8.0,21.283924,21.582308,19.73453,19.518253,21.0233,21.256872,20.999588,21.255455,20.108826,19.734068,19.989632,19.779097,21.620695,21.882406,21.014412,21.023085,19.892902,19.55957,0.0,0.0,4.0,0.0,0.0,4.0,0.0,0.0
36769,2023.0,9.0,13.0,8.0,21.374647,21.679186,19.804203,19.635906,20.979483,21.13973,20.380539,20.105043,20.038229,19.674377,20.10121,19.99696,21.789642,22.00813,20.632998,20.312094,20.884169,21.498245,0.0,4.0,0.0,0.0,4.0,4.0,0.0,4.0
36770,2023.0,9.0,13.0,8.0,20.838814,20.672724,19.800577,19.647392,20.972752,21.139307,20.095695,19.709993,20.000925,19.648855,19.990393,19.801834,21.83966,22.064991,20.482073,20.147514,20.219034,19.982935,0.0,4.0,0.0,0.0,0.0,4.0,0.0,0.0
36771,2023.0,9.0,13.0,8.0,20.560986,20.328318,19.783852,19.638592,20.45567,20.191254,19.96082,19.586845,20.151117,19.993675,19.82043,19.490004,21.895458,22.129805,21.538418,22.244143,19.897923,19.607239,0.0,0.0,0.0,0.0,0.0,4.0,4.0,0.0
36772,2023.0,9.0,13.0,8.0,21.130411,21.468857,19.768753,19.630102,20.203432,19.834362,20.062351,19.879496,20.209286,20.08466,19.912134,19.739246,21.31177,21.002369,20.796066,20.590082,19.854868,19.56604,0.0,0.0,0.0,0.0,0.0,0.0,0.0,0.0
36773,2023.0,9.0,13.0,8.0,20.71104,20.594086,20.181112,20.422693,20.099342,19.735912,20.086296,19.958708,20.21528,20.097385,19.972265,19.839409,21.110237,20.738956,20.509863,20.203545,19.83621,19.556528,4.0,0.0,0.0,0.0,0.0,0.0,0.0,0.0
36774,2023.0,9.0,13.0,9.0,20.521566,20.333992,19.98686,20.038914,20.80251,21.15478,20.057585,19.941252,20.218704,20.106037,19.980917,19.856024,21.051716,20.691263,20.43617,20.139147,19.972425,19.851322,0.0,4.0,0.0,0.0,0.0,0.0,0.0,0.0
36775,2023.0,9.0,13.0,9.0,20.448244,20.274876,19.841572,19.759346,20.404247,20.211048,20.02059,19.913023,20.220419,20.110321,19.984085,19.86016,21.011211,20.666567,21.310644,21.84919,20.034811,19.935545,0.0,0.0,0.0,0.0,0.0,0.0,4.0,0.0
36776,2023.0,9.0,13.0,9.0,21.267607,21.887592,19.77785,19.671907,20.709562,20.889572,19.991415,19.89119,20.222954,20.115414,19.990126,19.868572,21.883604,22.373358,20.713963,20.532682,20.045889,19.95184,0.0,4.0,0.0,0.0,0.0,4.0,0.0,0.0
36777,2023.0,9.0,13.0,9.0,21.28616,21.7384,19.757088,19.656937,20.333424,20.152405,19.963537,19.87115,20.226944,20.121664,19.998802,19.879782,21.320835,21.115208,20.494492,20.234295,20.894358,21.552122,0.0,0.0,0.0,0.0,0.0,0.0,0.0,4.0
36778,2023.0,9.0,13.0,9.0,21.30082,21.745565,19.741678,19.64914,20.125706,19.856354,19.938265,19.853249,20.233053,20.129791,20.352337,20.53557,21.11137,20.806358,21.366564,21.934563,20.269278,20.14589,0.0,0.0,0.0,0.0,4.0,0.0,4.0,0.0
36779,2023.0,9.0,13.0,9.0,21.347498,21.804695,19.728926,19.643963,20.05484,19.79509,19.915035,19.837082,20.240612,20.13945,20.200436,20.155394,21.767763,22.088024,20.770275,20.624477,20.863262,21.361734,0.0,0.0,0.0,0.0,0.0,4.0,0.0,4.0
36780,2023.0,9.0,13.0,10.0,20.820135,20.797722,19.717922,19.640446,20.14388,20.034952,19.893764,19.822645,20.24887,20.149975,20.112148,20.004572,21.326338,21.127596,20.554148,20.324404,20.331654,20.200727,0.0,0.0,0.0,0.0,0.0,0.0,0.0,0.0
36781,2023.0,9.0,13.0,10.0,20.62095,20.532053,19.708063,19.637928,20.156101,20.079288,19.873373,19.808214,20.258404,20.16303,20.106775,19.996717,21.163183,20.886297,20.497293,20.273249,20.13944,19.928326,0.0,0.0,0.0,0.0,0.0,0.0,0.0,0.0
36782,2023.0,9.0,13.0,10.0,20.559362,20.489462,19.699148,19.636383,20.13479,20.065634,19.855122,19.796791,20.267115,20.174366,20.113564,20.006485,21.137579,20.873463,20.580742,20.483898,20.102158,19.902264,0.0,0.0,0.0,0.0,0.0,0.0,0.0,0.0
36783,2023.0,9.0,13.0,10.0,20.640963,20.713129,19.69083,19.635283,20.772345,21.291336,19.838512,19.78764,20.275053,20.183926,20.123037,20.017746,21.248924,21.121206,20.582636,20.49053,20.171978,20.072643,0.0,4.0,0.0,0.0,0.0,0.0,0.0,0.0
36784,2023.0,9.0,13.0,10.0,20.645863,20.743555,19.68277,19.634018,20.389135,20.441582,19.821756,19.777208,20.28392,20.194777,20.135439,20.032488,21.286148,21.178535,20.574976,20.486837,20.191576,20.106293,0.0,0.0,0.0,0.0,0.0,0.0,0.0,0.0
36785,2023.0,9.0,13.0,10.0,20.624783,20.729252,20.115252,20.459154,20.102856,19.962845,19.805632,19.76702,20.2934,20.205976,20.14983,20.048994,21.294338,21.192905,20.567802,20.482346,20.192215,20.110062,4.0,0.0,0.0,0.0,0.0,0.0,0.0,0.0
36786,2023.0,9.0,13.0,11.0,20.601957,20.71017,19.971127,20.147177,20.025745,19.881643,19.789919,19.756687,20.303947,20.218199,20.166729,20.068327,21.301355,21.20312,20.561876,20.4785,20.192533,20.112282,0.0,0.0,0.0,0.0,0.0,0.0,0.0,0.0
36787,2023.0,9.0,13.0,11.0,20.577225,20.68901,19.811783,19.82508,20.06137,20.007318,19.772264,19.743093,20.994627,21.512344,20.18238,20.081944,21.305698,21.207094,20.554674,20.471327,20.191444,20.110714,0.0,0.0,0.0,4.0,0.0,0.0,0.0,0.0
36788,2023.0,9.0,13.0,11.0,20.55515,20.6691,20.16512,20.51695,20.719675,21.266691,20.426304,20.99119,20.638842,20.67814,20.197382,20.095617,21.309881,21.21084,20.548838,20.464941,20.190983,20.109497,4.0,4.0,4.0,0.0,0.0,0.0,0.0,0.0
36789,2023.0,9.0,13.0,11.0,20.5339,20.65021,19.981386,20.141586,20.262331,20.264582,20.039976,20.120827,20.399616,20.24654,20.21304,20.110266,22.03866,22.590322,20.543797,20.459492,20.191143,20.108995,0.0,0.0,0.0,0.0,0.0,4.0,0.0,0.0
36790,2023.0,9.0,13.0,11.0,20.51151,20.629974,20.134483,20.404139,19.989153,19.899437,19.739809,19.676115,20.327734,20.16261,20.22945,20.125471,21.590284,21.518673,20.53826,20.453638,20.19116,20.108517,4.0,0.0,0.0,0.0,0.0,0.0,0.0,0.0
36791,2023.0,9.0,13.0,11.0,20.491966,20.611925,19.989515,20.13425,20.57048,21.028763,19.682594,19.608297,20.376736,20.275005,20.244398,20.14035,21.389118,21.192799,20.533703,20.448925,20.191265,20.108341,0.0,4.0,0.0,0.0,0.0,0.0,0.0,0.0
36792,2023.0,9.0,13.0,12.0,21.127495,21.826963,19.79979,19.770859,20.78113,21.248703,19.699747,19.675842,20.400412,20.306093,20.259098,20.154434,21.333296,21.135223,20.529041,20.44451,20.190823,20.107943,0.0,4.0,0.0,0.0,0.0,0.0,0.0,0.0
36793,2023.0,9.0,13.0,12.0,21.21526,21.838268,19.753218,19.731705,21.027283,21.637594,21.165617,22.299355,20.403168,20.309546,20.27044,20.165207,21.393206,21.278175,21.39679,22.040945,20.189322,20.106134,0.0,4.0,0.0,0.0,0.0,0.0,0.0,0.0
36794,2023.0,9.0,13.0,12.0,20.985554,21.414543,19.730068,19.714785,20.993685,21.519424,20.99162,21.803259,20.404175,20.310709,20.282272,20.177256,21.416405,21.313278,20.999212,21.208597,20.187496,20.104124,0.0,4.0,0.0,0.0,0.0,0.0,0.0,0.0
36795,2023.0,9.0,13.0,12.0,21.029678,21.488579,19.702902,19.688498,21.002213,21.501007,21.05411,21.835522,20.404604,20.311464,20.292694,20.187988,21.412842,21.31144,21.019947,21.23461,20.186298,20.103252,0.0,4.0,0.0,0.0,0.0,0.0,0.0,0.0
36796,2023.0,9.0,13.0,12.0,21.026978,21.453833,19.680109,19.66747,21.043304,21.585148,21.048307,21.746906,20.404522,20.311924,20.301682,20.19731,21.407927,21.307587,21.017378,21.197472,20.1856,20.103184,0.0,0.0,0.0,0.0,0.0,0.0,0.0,0.0
36797,2023.0,9.0,13.0,12.0,21.020386,21.438637,19.660135,19.649252,21.03989,21.54025,21.045465,21.703526,20.403894,20.312054,20.309488,20.20575,21.403166,21.304039,21.016771,21.184198,20.184822,20.103258,0.0,0.0,0.0,0.0,0.0,0.0,0.0,0.0
36798,2023.0,9.0,13.0,13.0,21.020576,21.43778,19.642202,19.633095,21.03808,21.519812,21.042978,21.66993,20.402699,20.311817,20.316122,20.213274,21.39842,21.300665,21.016184,21.173534,20.183664,20.103123,0.0,0.0,0.0,0.0,0.0,0.0,0.0,0.0
36799,2023.0,9.0,13.0,13.0,21.019506,21.434023,19.624199,19.615166,21.037333,21.504112,21.036827,21.608364,20.399446,20.308296,20.319868,20.216501,21.391994,21.29423,21.015476,21.16588,20.180689,20.100075,0.0,0.0,4.0,0.0,0.0,0.0,0.0,0.0
36800,2023.0,9.0,13.0,13.0,21.362507,22.064522,19.608767,19.60139,21.172113,21.730127,20.997192,21.527813,20.395218,20.304375,20.321487,20.217794,21.385214,21.28813,21.817863,22.669037,20.176779,20.096457,0.0,4.0,4.0,0.0,0.0,0.0,4.0,0.0
36801,2023.0,9.0,13.0,13.0,20.973246,21.303522,19.592676,19.585295,20.99625,21.40162,21.027987,21.602173,20.390047,20.299463,20.321585,20.218166,21.377522,21.280798,21.17558,21.198849,20.171745,20.091887,0.0,0.0,0.0,0.0,0.0,0.0,0.0,0.0
36802,2023.0,9.0,13.0,13.0,21.020294,21.409954,20.023294,20.407534,21.093342,21.566906,21.021389,21.57634,20.383587,20.293625,20.31991,20.21711,21.368969,21.273027,21.01474,21.105064,20.165493,20.086258,4.0,4.0,0.0,0.0,0.0,0.0,0.0,0.0
36803,2023.0,9.0,13.0,13.0,21.024092,21.42162,20.016817,20.268248,21.033812,21.452845,21.044098,21.606804,20.375916,20.286654,20.316864,20.214897,21.359499,21.264252,21.017212,21.123756,20.158052,20.079596,0.0,0.0,0.0,0.0,0.0,0.0,0.0,0.0
36804,2023.0,9.0,13.0,14.0,21.007063,21.397297,19.764126,19.790318,21.016396,21.43641,21.01373,21.543293,20.367598,20.279526,20.312777,20.212112,21.349531,21.255484,21.004986,21.112396,20.149855,20.072464,0.0,0.0,0.0,0.0,0.0,0.0,0.0,0.0
36805,2023.0,9.0,13.0,14.0,20.75854,20.926859,19.661888,19.666298,20.576292,20.591806,20.532999,20.617147,20.359348,20.273869,20.308184,20.21012,22.064455,22.6246,20.810606,20.748583,20.14178,20.066826,0.0,0.0,0.0,0.0,0.0,4.0,0.0,0.0
36806,2023.0,9.0,13.0,14.0,21.339546,22.086466,19.625652,19.621588,20.420738,20.404213,20.310522,20.308384,20.35097,20.26782,20.30283,20.207457,21.571163,21.552221,20.732386,20.654694,20.133532,20.060713,0.0,0.0,0.0,0.0,0.0,0.0,0.0,0.0
36807,2023.0,9.0,13.0,14.0,20.828934,20.997133,20.027353,20.391693,20.348703,20.33485,20.213404,20.206467,20.342205,20.261591,20.296553,20.204018,21.366938,21.21859,21.65257,22.432869,20.124348,20.05381,4.0,0.0,0.0,0.0,0.0,0.0,4.0,0.0
36808,2023.0,9.0,13.0,14.0,21.249056,21.8886,20.17783,20.58363,20.287832,20.274462,20.140724,20.133707,20.33345,20.255337,20.289606,20.199886,21.312222,21.157137,21.031715,21.070055,20.114195,20.045824,4.0,0.0,0.0,0.0,0.0,0.0,0.0,0.0
36809,2023.0,9.0,13.0,14.0,20.798883,20.949883,19.988493,20.226091,20.23646,20.223553,20.080261,20.073517,20.324713,20.249004,20.28258,20.1955,22.068,22.629902,20.759684,20.652254,20.103481,20.037148,0.0,0.0,0.0,0.0,0.0,4.0,0.0,0.0
36810,2023.0,9.0,13.0,15.0,21.202265,21.868994,20.135395,20.475851,20.18514,20.173325,20.683514,21.26345,20.315033,20.241755,20.275215,20.19094,21.653591,21.63758,20.66433,20.553362,20.091894,20.027527,4.0,0.0,4.0,0.0,0.0,0.0,0.0,0.0
36811,2023.0,9.0,13.0,15.0,21.30668,21.951277,19.99039,20.204977,20.79261,21.348257,20.285013,20.394861,20.305912,20.234564,20.26812,20.186031,21.44238,21.30465,21.537954,22.246395,20.081284,20.018616,0.0,4.0,0.0,0.0,0.0,0.0,4.0,0.0
36812,2023.0,9.0,13.0,15.0,21.349228,21.988401,20.154629,20.494997,21.03388,21.61714,19.983656,19.971603,20.98119,21.520023,20.260183,20.180384,21.364088,21.219946,21.894835,22.655739,20.069601,20.008503,4.0,4.0,0.0,4.0,0.0,0.0,4.0,0.0
36813,2023.0,9.0,13.0,15.0,21.38854,22.026382,20.220945,20.57666,21.015676,21.52803,20.53144,21.0444,20.626892,20.709265,20.252874,20.175295,22.005322,22.46941,21.979763,22.734726,20.909697,21.607328,4.0,4.0,4.0,0.0,0.0,4.0,4.0,4.0
36814,2023.0,9.0,13.0,15.0,20.86098,21.01054,19.986338,20.160864,20.506296,20.55633,20.685715,21.21759,21.040834,21.525217,20.24542,20.169905,21.590958,21.581861,21.218653,21.244925,20.399124,20.456121,0.0,0.0,4.0,4.0,0.0,0.0,0.0,0.0
36815,2023.0,9.0,13.0,15.0,21.263138,21.930138,20.178371,20.518972,20.243523,20.215918,20.192867,20.249144,21.294361,21.84124,20.23746,20.164337,22.083689,22.62113,20.843416,20.74501,20.104305,20.038002,4.0,0.0,0.0,4.0,0.0,4.0,0.0,0.0
36816,2023.0,9.0,13.0,16.0,20.810286,20.979605,19.986448,20.165577,20.17168,20.136667,20.010386,19.995321,21.360016,21.902786,20.229908,20.158957,21.598494,21.599405,20.75318,20.652363,20.878784,21.53379,0.0,0.0,0.0,4.0,0.0,0.0,0.0,4.0
36817,2023.0,9.0,13.0,16.0,21.1915,21.842178,19.81384,19.841656,20.741194,21.251411,20.55939,21.08882,20.816395,20.833223,20.21999,20.150229,21.326431,21.204458,20.689331,20.589634,20.454885,20.489538,0.0,4.0,4.0,0.0,0.0,0.0,0.0,0.0
36818,2023.0,9.0,13.0,16.0,20.75846,20.928911,19.738438,19.74083,20.881859,21.399277,20.156326,20.22467,20.591827,20.497799,20.209656,20.140762,21.270823,21.14064,20.641628,20.542315,21.050762,21.69327,0.0,4.0,0.0,0.0,0.0,0.0,0.0,4.0
36819,2023.0,9.0,13.0,16.0,21.236942,21.910347,19.701157,19.699799,20.925404,21.433651,20.586813,21.110796,20.506802,20.402424,20.198378,20.130297,21.239222,21.10824,20.632616,20.567125,21.260979,21.954422,0.0,4.0,4.0,0.0,0.0,0.0,0.0,4.0
36820,2023.0,9.0,13.0,16.0,21.338259,21.989305,19.672066,19.669336,20.963463,21.466568,20.70431,21.227404,20.452282,20.347433,20.186424,20.119284,21.26605,21.190733,20.609188,20.548855,20.58862,20.61704,0.0,4.0,4.0,0.0,0.0,0.0,0.0,0.0
36821,2023.0,9.0,13.0,16.0,21.37369,22.015478,20.07381,20.442709,20.992153,21.490345,20.740583,21.254513,21.115356,21.641575,20.173883,20.107885,21.262325,21.195425,20.581295,20.522936,20.351002,20.268856,4.0,4.0,4.0,4.0,0.0,0.0,0.0,0.0
36822,2023.0,9.0,13.0,17.0,21.408218,22.044765,20.21556,20.620865,21.016071,21.509798,20.77597,21.285162,20.684095,20.69398,20.512964,20.758074,21.24629,21.18177,20.55424,20.497334,20.263437,20.173382,4.0,4.0,4.0,0.0,4.0,0.0,0.0,0.0
36823,2023.0,9.0,13.0,17.0,20.876495,21.022802,20.203995,20.550411,21.034496,21.522226,20.801807,21.304722,20.475115,20.375324,20.31399,20.317572,21.9564,22.547134,20.52826,20.472725,21.017576,21.645472,4.0,4.0,4.0,0.0,0.0,4.0,0.0,4.0
36824,2023.0,9.0,13.0,17.0,21.310986,21.944258,19.98866,20.170439,20.527317,20.55849,20.29343,20.33306,20.402271,20.292858,20.197718,20.136923,21.44359,21.435438,21.471071,22.279991,20.503622,20.53179,0.0,0.0,0.0,0.0,0.0,0.0,4.0,0.0
36825,2023.0,9.0,13.0,17.0,21.453482,22.073286,20.148455,20.461798,20.858791,21.337063,20.014801,19.968119,20.390425,20.324112,20.163109,20.101385,21.887724,22.408363,21.751844,22.495829,20.192863,20.103287,4.0,4.0,0.0,0.0,0.0,4.0,4.0,0.0
36826,2023.0,9.0,13.0,17.0,20.908342,21.034105,19.988169,20.167433,20.9607,21.441275,20.555794,21.03942,20.369204,20.310188,20.138672,20.077442,22.022879,22.550106,20.983402,20.98258,20.123882,20.0312,0.0,4.0,4.0,0.0,0.0,4.0,0.0,0.0
36827,2023.0,9.0,13.0,17.0,21.290728,21.92319,19.781193,19.773552,20.988142,21.458847,20.19973,20.219196,21.017359,21.566212,20.11343,20.054232,21.437164,21.385674,20.624477,20.514174,20.074741,19.982378,0.0,4.0,0.0,4.0,0.0,0.0,0.0,0.0
36828,2023.0,9.0,13.0,18.0,20.81498,20.936836,20.07726,20.370237,21.011595,21.476336,19.99698,19.930466,20.54101,20.527082,20.09029,20.032986,21.927525,22.400661,20.536186,20.424341,20.074543,20.021893,4.0,4.0,0.0,0.0,0.0,4.0,0.0,0.0
36829,2023.0,9.0,13.0,18.0,21.252628,21.854223,19.992184,20.192331,21.026062,21.481432,21.111948,21.939516,20.32936,20.216791,20.064442,20.00783,22.063557,22.566647,21.08159,21.419167,20.05259,20.005505,0.0,4.0,4.0,0.0,0.0,4.0,0.0,0.0
36830,2023.0,9.0,13.0,18.0,21.395367,21.97969,20.115267,20.397762,21.037415,21.48318,21.014332,21.681856,20.875034,21.313215,20.386631,20.641027,22.103806,22.594744,21.006014,21.269903,20.93412,21.709564,4.0,4.0,0.0,4.0,4.0,4.0,0.0,4.0
36831,2023.0,9.0,13.0,18.0,20.964857,21.230799,20.17175,20.456238,21.019262,21.462507,21.02466,21.643742,20.501848,20.444881,20.562494,20.873505,21.483349,21.391739,21.011475,21.281155,21.127207,21.766106,4.0,0.0,0.0,0.0,4.0,0.0,0.0,4.0
36832,2023.0,9.0,13.0,18.0,21.018995,21.358852,19.990002,20.137558,21.049263,21.475306,21.023106,21.59826,20.240294,20.115389,20.182848,20.120972,21.203882,21.038074,21.011217,21.283445,20.403643,20.368706,0.0,4.0,0.0,0.0,0.0,0.0,0.0,0.0
36833,2023.0,9.0,13.0,18.0,21.012169,21.354322,20.118975,20.372498,21.056623,21.47385,21.05668,21.609777,20.823574,21.294827,19.956484,19.826323,21.09913,20.925238,21.011316,21.287636,20.085747,19.977476,4.0,4.0,4.0,4.0,0.0,0.0,0.0,0.0
36834,2023.0,9.0,13.0,19.0,21.26611,21.816654,19.993464,20.136398,21.0573,21.465645,20.994865,21.475306,20.424328,20.355999,19.867218,19.725092,21.025234,20.85029,21.011763,21.292706,20.84312,21.494911,0.0,4.0,4.0,0.0,0.0,0.0,0.0,4.0
36835,2023.0,9.0,13.0,19.0,21.355988,21.903727,20.106606,20.34036,21.054708,21.453787,21.029503,21.553848,20.790913,21.222717,19.883774,19.820978,21.06318,20.99053,21.012003,21.29722,20.320583,20.262754,4.0,4.0,0.0,4.0,0.0,0.0,0.0,0.0
36836,2023.0,9.0,13.0,19.0,21.373274,21.90952,20.149103,20.384323,21.05024,21.440048,21.022911,21.524862,20.979195,21.413446,19.880043,19.831991,21.793194,22.397655,21.012321,21.301323,20.868277,21.520206,4.0,4.0,0.0,4.0,0.0,4.0,0.0,4.0
36837,2023.0,9.0,13.0,19.0,21.382214,21.907412,20.15165,20.377308,21.04508,21.425611,20.997263,21.438429,20.413342,20.314686,19.847656,19.80201,21.229816,21.116686,21.012537,21.304646,20.304497,20.228642,4.0,4.0,4.0,0.0,0.0,0.0,0.0,0.0
36838,2023.0,9.0,13.0,19.0,20.967632,21.193672,20.147934,20.36323,21.019794,21.404482,21.029242,21.516233,20.13103,19.972582,19.808647,19.757301,21.000908,20.88336,21.618292,22.433197,19.979698,19.843254,4.0,0.0,0.0,0.0,0.0,0.0,4.0,0.0
36839,2023.0,9.0,13.0,19.0,21.257586,21.763544,20.14134,20.346334,21.020788,21.399706,21.02312,21.493587,20.028706,19.863586,19.770765,19.715502,21.008017,20.932129,20.93637,21.082508,19.874527,19.729408,4.0,0.0,0.0,0.0,0.0,0.0,0.0,0.0
36840,2023.0,9.0,13.0,20.0,20.963682,21.205902,20.131845,20.325748,21.020088,21.390152,21.023603,21.484531,19.951887,19.77898,19.73433,19.674177,21.002943,20.95572,21.032564,21.293903,19.802042,19.652649,4.0,0.0,0.0,0.0,0.0,0.0,0.0,0.0
36841,2023.0,9.0,13.0,20.0,21.243843,21.752428,20.122381,20.306911,21.029436,21.370773,21.115059,21.634794,20.000929,19.938765,20.043324,20.279194,21.004015,20.981356,21.014164,21.266428,19.842007,19.790709,4.0,4.0,4.0,0.0,4.0,0.0,0.0,0.0
36842,2023.0,9.0,13.0,20.0,21.320732,21.816664,20.111055,20.284878,21.020191,21.352451,21.046482,21.492907,19.99182,19.928242,20.013283,20.12376,21.005505,21.003962,21.034813,21.311539,19.82673,19.770452,4.0,4.0,0.0,0.0,0.0,0.0,0.0,0.0
36843,2023.0,9.0,13.0,20.0,21.32582,21.807537,20.100346,20.265026,21.008526,21.332647,21.021809,21.459177,19.95858,19.89291,19.798607,19.724844,21.00388,21.01209,21.009003,21.271593,19.792835,19.733963,4.0,4.0,0.0,0.0,0.0,0.0,0.0,0.0
36844,2023.0,9.0,13.0,20.0,21.32572,21.79675,20.088873,20.244757,21.026196,21.394016,20.998636,21.38709,20.563448,21.057028,20.043943,20.260887,21.004587,21.024063,21.013676,21.290102,19.760153,19.699587,4.0,0.0,4.0,4.0,4.0,0.0,0.0,0.0
36845,2023.0,9.0,13.0,20.0,20.97734,21.205132,20.00584,20.120613,21.02162,21.378845,21.030666,21.471916,19.988068,19.893074,19.9923,20.097546,21.618471,22.197342,21.013378,21.296015,19.728119,19.664541,0.0,0.0,0.0,0.0,0.0,4.0,0.0,0.0
36846,2023.0,9.0,13.0,21.0,21.20538,21.648325,19.67507,19.493359,20.99778,21.303463,21.024508,21.454042,20.462196,20.839409,19.989819,20.062527,21.634083,22.01119,21.013601,21.301468,19.698223,19.63222,0.0,4.0,0.0,4.0,4.0,4.0,0.0,0.0
36847,2023.0,9.0,13.0,21.0,20.985653,21.236364,19.458305,19.196733,21.001444,21.310616,21.025211,21.448744,19.962912,19.84101,20.02037,20.127138,20.963612,20.83798,21.013838,21.30559,19.670166,19.602245,0.0,4.0,0.0,0.0,0.0,0.0,0.0,0.0
36848,2023.0,9.0,13.0,21.0,21.020372,21.320868,19.51092,19.382883,21.027939,21.385191,21.017153,21.44269,20.4465,20.805227,19.992956,20.050215,21.021173,20.989609,21.014013,21.308739,19.643093,19.572964,0.0,0.0,0.0,4.0,4.0,0.0,0.0,0.0
36849,2023.0,9.0,13.0,21.0,21.195055,21.6337,19.97905,20.269669,21.022226,21.367708,21.112228,21.60298,19.963858,19.833633,20.021608,20.120628,21.009825,20.988209,21.59143,22.383537,19.618176,19.546936,4.0,0.0,4.0,0.0,0.0,0.0,4.0,0.0
36850,2023.0,9.0,13.0,21.0,21.240044,21.667345,19.993103,20.208069,20.994894,21.286018,21.009785,21.414494,19.783836,19.55276,19.980125,20.019505,21.011795,21.005661,21.55668,22.105276,19.592955,19.518888,0.0,4.0,0.0,0.0,4.0,0.0,4.0,0.0
36851,2023.0,9.0,13.0,21.0,21.243975,21.664482,19.746922,19.719263,21.029245,21.375097,21.028915,21.447487,19.68401,19.448622,20.024076,20.122246,21.004826,21.015308,20.95761,21.090563,20.428392,21.117493,0.0,0.0,0.0,0.0,0.0,0.0,0.0,4.0
36852,2023.0,9.0,13.0,22.0,20.988968,21.239195,20.016768,20.304262,21.022617,21.356445,21.025648,21.4338,19.76569,19.678862,19.643198,19.390825,21.006374,21.035124,21.028564,21.260706,19.942417,20.012695,4.0,0.0,0.0,0.0,0.0,0.0,0.0,0.0
36853,2023.0,9.0,13.0,22.0,21.022562,21.32289,20.00139,20.195099,21.023224,21.352085,21.017086,21.428223,19.77287,19.68212,19.612066,19.51704,21.006462,21.048962,21.428968,22.003578,19.614853,19.397013,0.0,0.0,0.0,0.0,0.0,0.0,4.0,0.0
36854,2023.0,9.0,13.0,22.0,21.017529,21.320978,19.58072,19.368725,21.01458,21.347618,21.018467,21.437946,19.742764,19.652443,19.90516,20.067358,21.57,22.119137,20.960686,21.107344,19.46583,19.249102,0.0,0.0,0.0,0.0,4.0,4.0,0.0,0.0
36855,2023.0,9.0,13.0,22.0,21.01831,21.326721,19.894934,20.112347,21.015842,21.357885,21.018425,21.442564,19.713266,19.621601,20.01432,20.196735,20.961103,20.90276,21.405733,21.962337,19.546974,19.476793,4.0,0.0,0.0,0.0,0.0,0.0,4.0,0.0
36856,2023.0,9.0,13.0,22.0,21.009657,21.32989,20.009315,20.234667,21.015734,21.362947,21.018532,21.445812,20.31717,20.785646,19.744709,19.664217,21.024536,21.047667,20.960474,21.101437,20.341246,20.967785,0.0,0.0,0.0,4.0,0.0,0.0,0.0,4.0
36857,2023.0,9.0,13.0,22.0,21.366947,22.003054,19.550438,19.324291,21.174707,21.644035,21.018589,21.447357,19.96685,20.001026,19.60157,19.499577,21.012281,21.034014,21.028732,21.260572,20.461,20.898695,0.0,4.0,0.0,0.0,0.0,0.0,0.0,4.0
36858,2023.0,9.0,13.0,23.0,20.961569,21.203772,19.298134,18.991274,20.991207,21.306362,21.018549,21.44776,19.643414,19.387804,19.547571,19.442972,21.586145,22.137909,21.40662,21.956816,20.492771,20.92322,0.0,0.0,0.0,0.0,0.0,4.0,4.0,4.0
36859,2023.0,9.0,13.0,23.0,20.550018,20.442451,19.363384,19.208967,20.411667,20.194258,20.541183,20.530426,19.498755,19.244732,19.504656,19.400093,21.542791,21.8662,20.662523,20.447771,19.830467,19.632223,0.0,0.0,0.0,0.0,0.0,4.0,0.0,0.0
36860,2023.0,9.0,13.0,23.0,20.351027,20.170954,19.39554,19.277147,20.138687,19.800764,20.31203,20.208853,19.59545,19.493385,19.470526,19.364153,20.874506,20.599142,20.385685,20.108267,20.362831,20.788424,0.0,0.0,0.0,0.0,0.0,0.0,0.0,4.0
36861,2023.0,9.0,13.0,23.0,20.448492,20.458555,19.807674,20.066057,20.19065,20.021055,20.20741,20.09654,19.603834,19.507023,19.438484,19.33135,20.666368,20.346146,20.263327,19.988464,19.792051,19.59303,4.0,0.0,0.0,0.0,0.0,0.0,0.0,0.0
36862,2023.0,9.0,13.0,23.0,20.44833,20.48766,19.55753,19.514154,20.185324,20.058884,20.125662,20.010828,19.58162,19.483078,19.407188,19.298145,20.572609,20.251453,20.163376,19.889278,19.569782,19.31861,0.0,0.0,0.0,0.0,0.0,0.0,0.0,0.0
36863,2023.0,9.0,13.0,23.0,20.407331,20.445005,19.417368,19.297688,20.135824,20.009525,20.054369,19.935188,19.558859,19.45858,19.376822,19.26543,20.49533,20.17413,20.256594,20.161343,19.481916,19.229942,0.0,0.0,0.0,0.0,0.0,0.0,0.0,0.0
36864,2023.0,9.0,14.0,0.0,20.371817,20.41188,19.381933,19.264948,20.092474,19.970587,20.000128,19.886356,19.537743,19.438078,19.351017,19.24092,20.61496,20.480072,20.223875,20.12364,20.337217,20.926338,0.0,0.0,0.0,0.0,0.0,0.0,0.0,4.0
36865,2023.0,9.0,14.0,0.0,20.337011,20.378626,19.35188,19.235785,20.049915,19.930334,19.948341,19.836525,19.517128,19.418629,19.325905,19.217089,20.623928,20.50565,20.180298,20.08156,19.709003,19.537409,0.0,0.0,0.0,0.0,0.0,0.0,0.0,0.0
36866,2023.0,9.0,14.0,0.0,20.304749,20.347824,19.327581,19.213108,20.010925,19.89356,19.901957,19.791992,20.079273,20.493353,19.302433,19.194992,20.595736,20.479095,20.1382,20.04047,19.4681,19.22569,0.0,0.0,0.0,4.0,0.0,0.0,0.0,0.0
36867,2023.0,9.0,14.0,0.0,20.274864,20.319395,19.306152,19.193594,19.975037,19.859972,19.85984,19.751984,19.694489,19.635696,19.280273,19.174292,20.568382,20.453066,20.098495,20.001902,19.3945,19.156797,0.0,0.0,0.0,0.0,0.0,0.0,0.0,0.0
36868,2023.0,9.0,14.0,0.0,20.247353,20.293472,19.286861,19.17639,19.942009,19.829502,19.82137,19.716055,20.161003,20.588593,19.259449,19.155098,20.542164,20.42838,20.061672,19.966492,19.479391,19.390766,0.0,0.0,0.0,4.0,0.0,0.0,0.0,0.0
36869,2023.0,9.0,14.0,0.0,20.221716,20.269476,19.26911,19.160854,19.911427,19.801672,19.785982,19.683498,19.594572,19.38578,19.239857,19.137285,20.517561,20.405468,20.027504,19.933975,19.473745,19.388973,0.0,0.0,0.0,0.0,0.0,0.0,0.0,0.0
36870,2023.0,9.0,14.0,1.0,20.19751,20.246763,19.2524,19.146267,19.88266,19.775482,19.752981,19.653126,19.993998,20.263597,19.221212,19.120354,20.494257,20.383793,19.995464,19.903492,20.17505,20.733622,0.0,0.0,0.0,4.0,0.0,0.0,0.0,4.0
36871,2023.0,9.0,14.0,1.0,20.17141,20.219099,19.23329,19.125984,19.852388,19.744532,19.719145,19.618572,19.5633,19.347576,19.200588,19.098608,20.469465,20.3579,19.962862,19.86994,19.547766,19.37589,0.0,0.0,0.0,0.0,0.0,0.0,0.0,0.0
36872,2023.0,9.0,14.0,1.0,20.14435,20.1891,19.212734,19.102793,19.8214,19.71131,19.685146,19.582151,19.375841,19.112345,19.48714,19.652906,20.443922,20.330305,19.930115,19.835243,19.330729,19.095297,0.0,0.0,0.0,0.0,4.0,0.0,0.0,0.0
36873,2023.0,9.0,14.0,1.0,20.117867,20.159985,19.192535,19.080002,19.791529,19.679394,19.652653,19.547512,19.305157,19.039145,19.25708,19.151762,20.418894,20.303442,19.898535,19.802027,19.25729,19.019274,0.0,0.0,0.0,0.0,0.0,0.0,0.0,0.0
36874,2023.0,9.0,14.0,1.0,20.093744,20.135422,19.174482,19.061098,19.764832,19.652945,19.623747,19.518993,19.401741,19.291239,19.48153,19.624626,20.395605,20.279877,20.787006,21.501108,19.340899,19.245935,0.0,0.0,0.0,0.0,4.0,0.0,4.0,0.0
36875,2023.0,9.0,14.0,1.0,20.068344,20.10805,19.155382,19.0398,19.737339,19.623867,19.593935,19.487701,19.412083,19.312881,19.609022,19.803572,20.371237,20.254044,20.025452,19.84749,19.340332,19.250555,0.0,0.0,0.0,0.0,4.0,0.0,0.0,0.0
36876,2023.0,9.0,14.0,2.0,20.042414,20.07915,19.135914,19.017252,19.709759,19.593607,19.564096,19.455236,19.386236,19.284883,19.314726,19.220966,20.346134,20.226704,19.761007,19.494535,19.31225,19.220064,0.0,0.0,0.0,0.0,0.0,0.0,0.0,0.0
36877,2023.0,9.0,14.0,2.0,20.031841,20.08047,19.119085,18.999708,19.685354,19.56924,19.537924,19.429163,19.94364,20.353563,19.219433,19.108572,20.323204,20.203682,19.681232,19.41711,19.286457,19.194254,0.0,0.0,0.0,4.0,0.0,0.0,0.0,0.0
36878,2023.0,9.0,14.0,2.0,20.016523,20.067324,19.100658,18.97876,19.659107,19.540686,19.510067,19.39884,20.188187,20.68324,19.17543,19.060875,20.299006,20.17775,19.61288,19.347197,19.259022,19.165092,0.0,0.0,0.0,4.0,0.0,0.0,0.0,0.0
36879,2023.0,9.0,14.0,2.0,19.99831,20.049236,19.08571,18.964674,19.637331,19.520678,19.487175,19.37778,19.488922,19.269796,19.141972,19.029627,20.277704,20.157324,19.718079,19.613962,19.961971,20.510643,0.0,0.0,0.0,0.0,0.0,0.0,0.0,4.0
36880,2023.0,9.0,14.0,2.0,19.97878,20.028454,19.06905,18.947086,19.613775,19.496645,19.462698,19.35269,19.255474,18.970837,19.108997,18.99571,20.255274,20.134283,19.719885,19.618902,19.479631,19.441792,0.0,0.0,0.0,0.0,0.0,0.0,0.0,0.0
36881,2023.0,9.0,14.0,2.0,19.958614,20.006737,19.052082,18.928925,19.590302,19.472244,19.43856,19.327446,19.173746,18.888216,19.386175,19.541332,20.23286,20.110968,19.694775,19.592648,19.168863,18.925306,0.0,0.0,0.0,0.0,4.0,0.0,0.0,0.0
36882,2023.0,9.0,14.0,3.0,19.938951,19.986368,19.036047,18.912516,20.24055,20.714489,19.416027,19.304903,19.27834,19.163427,19.17501,19.086681,20.21163,20.089695,19.67037,19.56835,19.069407,18.81804,0.0,4.0,0.0,0.0,0.0,0.0,0.0,0.0
36883,2023.0,9.0,14.0,3.0,19.918417,19.964466,19.019531,18.894922,19.845224,19.831697,19.39306,19.281202,19.285786,19.18062,19.0792,18.963991,20.190268,20.067728,19.645254,19.542797,19.158876,19.060974,0.0,0.0,0.0,0.0,0.0,0.0,0.0,0.0
36884,2023.0,9.0,14.0,3.0,19.897366,19.941515,19.002491,18.87635,19.432604,19.097012,19.369656,19.256548,19.25913,19.152914,19.043266,18.926458,20.168882,20.04533,19.620216,19.516865,19.156254,19.060057,0.0,0.0,0.0,0.0,0.0,0.0,0.0,0.0
36885,2023.0,9.0,14.0,3.0,19.877417,19.920631,18.986221,18.859444,19.319452,18.972713,19.347542,19.234255,19.814993,20.219957,19.011147,18.894331,20.148283,20.024546,19.59603,19.49268,19.130898,19.034378,0.0,0.0,0.0,4.0,0.0,0.0,0.0,0.0
36886,2023.0,9.0,14.0,3.0,19.857067,19.898697,18.969313,18.841295,19.442812,19.282316,19.324919,19.210684,19.422306,19.354029,18.980282,18.862373,20.126808,20.002293,19.570843,19.466835,19.105206,19.007895,0.0,0.0,0.0,0.0,0.0,0.0,0.0,0.0
36887,2023.0,9.0,14.0,3.0,19.836601,19.876183,18.951859,18.822067,19.474785,19.348143,19.301905,19.1861,19.111055,18.826466,18.949831,18.830223,20.104595,19.97885,19.54488,19.43974,19.078817,18.98028,0.0,0.0,0.0,0.0,0.0,0.0,0.0,0.0
36888,2023.0,9.0,14.0,4.0,19.81667,19.854746,18.934269,18.802643,19.457895,19.331892,19.279118,19.161762,19.002455,18.704567,18.920378,18.799273,20.08233,19.955526,19.518986,19.412941,19.052813,18.953281,0.0,0.0,0.0,0.0,0.0,0.0,0.0,0.0
36889,2023.0,9.0,14.0,4.0,19.797281,19.834513,18.918436,18.786772,19.438467,19.312977,19.258617,19.141718,19.736467,20.168842,18.893732,18.77335,20.060966,19.934145,19.494194,19.388361,19.02823,18.928951,0.0,0.0,0.0,4.0,0.0,0.0,0.0,0.0
36890,2023.0,9.0,14.0,4.0,19.775986,19.810913,18.900232,18.766516,19.415707,19.288685,19.23577,19.117128,19.370422,19.31448,18.86469,18.742622,20.037636,19.909266,19.467495,19.360327,19.001854,18.901197,0.0,0.0,0.0,0.0,0.0,0.0,0.0,0.0
36891,2023.0,9.0,14.0,4.0,19.75418,19.786032,18.881037,18.744337,19.391594,19.261923,19.212011,19.090631,19.029797,18.733742,18.834723,18.709896,20.013275,19.882599,19.439873,19.330606,18.974697,18.871881,0.0,0.0,0.0,0.0,0.0,0.0,0.0,0.0
36892,2023.0,9.0,14.0,4.0,20.405638,21.025402,18.863657,18.725933,19.36953,19.239367,19.190456,19.0685,18.922935,18.619362,18.807278,18.682142,19.990393,19.859138,19.413855,19.304256,18.949316,18.846151,0.0,0.0,0.0,0.0,0.0,0.0,0.0,0.0
36893,2023.0,9.0,14.0,4.0,19.983185,20.08975,18.845987,18.70676,19.346497,19.21486,19.167992,19.044514,19.653862,20.080626,18.778826,18.652338,19.966656,19.834099,19.38694,19.276276,18.923132,18.818861,0.0,0.0,0.0,4.0,0.0,0.0,0.0,0.0
36894,2023.0,9.0,14.0,5.0,19.589956,19.395206,18.827955,18.687376,19.323452,19.190256,19.14549,19.020428,19.300724,19.251196,19.038183,19.15945,20.636282,21.119734,20.297224,21.013264,18.896837,18.791418,0.0,0.0,0.0,0.0,4.0,4.0,4.0,0.0
36895,2023.0,9.0,14.0,5.0,19.461548,19.232199,18.81111,18.670324,19.30209,19.168552,19.124397,18.999075,19.502068,19.685583,18.856544,18.761086,20.18737,20.136477,19.514359,19.31075,18.871538,18.766027,0.0,0.0,0.0,4.0,0.0,0.0,0.0,0.0
36896,2023.0,9.0,14.0,5.0,19.602322,19.576496,18.794613,18.653353,19.281153,19.146832,19.103426,18.977499,19.027164,18.726429,18.752747,18.623808,20.501726,20.778372,19.243216,18.951622,18.846096,18.74001,0.0,0.0,0.0,0.0,0.0,4.0,0.0,0.0
36897,2023.0,9.0,14.0,5.0,19.63991,19.656857,18.778778,18.637646,19.261108,19.126772,19.083313,18.957504,18.860819,18.54653,18.718988,18.590403,19.925951,19.611454,19.16373,18.875319,18.821615,18.715685,0.0,0.0,0.0,0.0,0.0,0.0,0.0,0.0
36898,2023.0,9.0,14.0,5.0,19.62995,19.650621,18.762339,18.620897,19.240358,19.10545,19.062622,18.936295,18.786978,18.475437,18.994234,19.134415,19.744522,19.39163,19.096031,18.806025,18.796722,18.690323,0.0,0.0,0.0,0.0,4.0,0.0,0.0,0.0
36899,2023.0,9.0,14.0,5.0,19.612707,19.633972,18.746853,18.60607,19.879574,20.32276,19.043264,18.91763,18.905191,18.778141,19.102377,19.274076,20.400139,20.696718,20.146875,20.852219,18.773266,18.667627,0.0,4.0,0.0,0.0,4.0,4.0,4.0,0.0
36900,2023.0,9.0,14.0,6.0,20.302393,20.949165,18.730858,18.589867,19.510986,19.49045,19.023153,18.897194,18.918585,18.801617,19.145868,19.32416,20.556725,20.860641,20.279963,20.841253,18.749075,18.64325,0.0,0.0,0.0,0.0,4.0,4.0,4.0,0.0
36901,2023.0,9.0,14.0,6.0,21.112413,22.243732,18.716324,18.576126,21.221905,22.566645,21.234499,22.843977,19.481934,19.883524,20.133327,21.010775,21.085375,21.778278,21.140104,22.310944,18.725643,18.62011,0.0,0.0,0.0,4.0,4.0,0.0,0.0,0.0
36902,2023.0,9.0,14.0,6.0,20.991198,21.828043,18.700968,18.560751,21.008343,21.947557,20.993301,22.128708,20.07732,20.76619,20.002861,20.620865,21.021864,21.558039,21.020756,21.924278,18.70118,18.595795,0.0,0.0,0.0,0.0,4.0,0.0,0.0,0.0
36903,2023.0,9.0,14.0,6.0,21.041014,21.85051,18.687428,18.54802,21.005436,21.8169,21.036648,22.064259,19.201704,18.961788,20.038113,20.612776,20.999407,21.428122,21.039417,21.853937,18.680506,18.576502,0.0,4.0,0.0,0.0,0.0,4.0,0.0,0.0
36904,2023.0,9.0,14.0,6.0,21.004972,21.691841,18.673918,18.534851,21.020042,21.759604,21.031534,21.957647,19.388405,19.588896,19.208303,18.952179,21.033895,21.47824,21.036594,21.774227,18.66178,18.558706,0.0,4.0,0.0,4.0,0.0,0.0,0.0,0.0
36905,2023.0,9.0,14.0,6.0,21.010778,21.662498,18.660046,18.521324,21.01704,21.696613,21.031048,21.890263,20.070354,20.649384,18.978786,18.845188,20.99646,21.349667,21.02584,21.718788,18.64504,18.542936,0.0,4.0,0.0,4.0,0.0,4.0,0.0,0.0
36906,2023.0,9.0,14.0,7.0,21.022095,21.653524,18.645401,18.506546,21.080286,21.80256,21.067287,21.908167,20.063616,20.570404,18.93828,18.805326,21.005238,21.348152,21.183918,21.953896,18.629911,18.528719,0.0,0.0,0.0,0.0,0.0,4.0,4.0,0.0
36907,2023.0,9.0,14.0,7.0,21.007471,21.608282,18.637144,18.504925,21.004642,21.591574,21.025078,21.793697,19.303312,19.052132,18.879797,18.757992,21.000444,21.327087,21.017033,21.6253,18.621021,18.525126,0.0,4.0,0.0,0.0,0.0,4.0,0.0,0.0
36908,2023.0,9.0,14.0,7.0,21.008564,21.597685,19.04748,19.28914,21.015856,21.594297,21.029947,21.779833,18.96584,18.682428,18.828362,18.71244,21.031338,21.398184,20.995455,21.5334,18.614952,18.52415,4.0,4.0,0.0,0.0,0.0,0.0,4.0,0.0
36909,2023.0,9.0,14.0,7.0,21.007666,21.587694,20.138828,21.104628,21.013731,21.577238,21.028912,21.759844,19.046938,18.947884,18.788446,18.678898,21.027905,21.343689,21.007547,21.54795,19.495726,20.19596,0.0,4.0,0.0,0.0,0.0,4.0,4.0,4.0
36910,2023.0,9.0,14.0,7.0,21.007322,21.581505,19.69654,20.058851,21.012905,21.566402,21.028212,21.744158,19.057323,18.962969,18.758793,18.655727,21.045128,21.37235,21.030397,21.582619,20.07332,20.935709,4.0,4.0,0.0,0.0,0.0,4.0,4.0,0.0
36911,2023.0,9.0,14.0,7.0,21.034592,21.652527,20.088581,20.838085,21.012129,21.557995,21.027737,21.731771,19.025036,18.93637,18.737953,18.640951,21.074085,21.413933,21.0345,21.615116,19.911753,20.436666,0.0,4.0,0.0,0.0,0.0,4.0,0.0,4.0
36912,2023.0,9.0,14.0,8.0,21.000065,21.55401,19.590406,19.748188,21.03794,21.624445,21.00138,21.650087,19.002476,18.920101,18.725426,18.63514,21.018593,21.32548,21.089966,21.662828,20.013708,20.597815,4.0,0.0,4.0,0.0,0.0,0.0,4.0,4.0
36913,2023.0,9.0,14.0,8.0,20.311441,20.262695,20.088781,20.734299,20.757673,21.045036,20.29812,20.327463,19.648975,20.155003,18.719343,18.635603,20.446386,20.2151,20.25736,20.079319,20.043945,20.588293,4.0,4.0,0.0,4.0,0.0,0.0,0.0,4.0
36914,2023.0,9.0,14.0,8.0,19.96456,19.846561,20.002571,20.506706,20.638575,20.924795,20.350704,20.65075,20.052593,20.663885,19.075768,19.31047,20.928234,21.32105,19.879992,19.653658,20.02558,20.545282,4.0,4.0,4.0,0.0,4.0,4.0,0.0,0.0
36915,2023.0,9.0,14.0,8.0,19.84155,19.729088,20.031258,20.541836,20.613218,20.916275,19.853563,19.696043,19.984581,20.394787,20.113688,20.99504,21.118303,21.514185,19.75399,19.538242,19.363628,19.23067,0.0,4.0,0.0,4.0,4.0,4.0,0.0,0.0
36916,2023.0,9.0,14.0,8.0,19.763926,19.665054,19.382734,19.264088,20.053371,19.900864,19.53579,19.306154,20.013851,20.426884,19.999428,20.6192,20.49532,20.304935,19.674826,19.472902,19.072021,18.902517,0.0,0.0,0.0,4.0,4.0,0.0,0.0,0.0
36917,2023.0,9.0,14.0,8.0,20.53354,21.194407,19.44297,19.585938,19.74421,19.519482,19.423267,19.204615,20.022512,20.424065,20.012371,20.544222,20.956736,21.362053,20.715937,21.51746,18.992237,18.83182,4.0,0.0,0.0,0.0,4.0,4.0,4.0,0.0
36918,2023.0,9.0,14.0,9.0,20.65496,21.18223,20.091024,20.712614,19.621357,19.399004,19.452879,19.353355,19.495796,19.373024,20.025274,20.51238,20.50518,20.345499,20.965483,21.633461,19.027172,18.95936,0.0,0.0,0.0,0.0,0.0,0.0,4.0,0.0
36919,2023.0,9.0,14.0,9.0,20.070223,20.095808,19.788471,20.036713,20.194464,20.552164,19.448095,19.3844,19.261175,19.103275,19.786133,19.971674,20.269943,20.068172,21.034033,21.712988,19.029976,18.97487,4.0,4.0,0.0,0.0,4.0,0.0,4.0,0.0
36920,2023.0,9.0,14.0,9.0,19.881754,19.85843,20.063198,20.570526,20.352598,20.757584,19.417736,19.36498,19.215776,19.065947,20.060572,20.47775,20.226027,20.032759,20.242767,20.17064,19.016432,18.964937,0.0,4.0,0.0,0.0,0.0,0.0,0.0,0.0
36921,2023.0,9.0,14.0,9.0,19.815617,19.818472,19.514395,19.489367,19.862495,19.809801,20.049965,20.594627,19.960144,20.514154,19.581854,19.520847,20.202593,20.024004,19.90147,19.759785,19.00127,18.952435,0.0,0.0,4.0,4.0,0.0,0.0,0.0,0.0
36922,2023.0,9.0,14.0,9.0,19.77765,19.800028,19.346933,19.298483,19.65899,19.526672,19.666626,19.747414,20.006155,20.464737,19.806807,20.037745,20.27478,20.190496,20.77302,21.476372,19.877111,20.616257,0.0,0.0,0.0,0.0,4.0,0.0,4.0,4.0
36923,2023.0,9.0,14.0,9.0,19.816149,19.928162,19.709412,20.051796,20.209515,20.639297,19.97119,20.447607,19.555336,19.525368,20.024305,20.36723,21.056097,21.666246,20.243137,20.212395,20.011337,20.614246,4.0,4.0,4.0,0.0,0.0,4.0,0.0,0.0
36924,2023.0,9.0,14.0,10.0,19.816774,19.947565,20.041162,20.584955,19.874186,19.867249,19.591457,19.595798,20.026966,20.538305,19.71416,19.746222,20.590662,20.550089,19.927557,19.821775,19.443445,19.444004,0.0,0.0,0.0,4.0,0.0,0.0,0.0,0.0
36925,2023.0,9.0,14.0,10.0,19.793526,19.929077,19.575447,19.649786,19.629656,19.55779,19.358492,19.306686,19.993288,20.331518,19.522577,19.471695,20.345192,20.22275,19.849018,19.74539,19.200874,19.136318,0.0,0.0,0.0,0.0,0.0,0.0,0.0,0.0
36926,2023.0,9.0,14.0,10.0,19.770727,19.910915,19.325356,19.329517,19.564463,19.501549,19.933367,20.438932,19.659338,19.661512,19.461689,19.40228,20.307032,20.188334,20.764309,21.513498,19.14878,19.087574,0.0,0.0,4.0,0.0,0.0,0.0,4.0,0.0
36927,2023.0,9.0,14.0,10.0,19.75178,19.895657,19.680717,20.048298,19.559368,19.534739,19.558031,19.61969,20.1769,20.687914,19.44045,19.378963,20.343702,20.275047,20.179743,20.215654,19.143194,19.096485,4.0,0.0,0.0,4.0,0.0,0.0,0.0,0.0
36928,2023.0,9.0,14.0,10.0,19.733906,19.881617,20.049255,20.662241,19.539972,19.527311,19.386894,19.377335,19.978628,20.26355,19.428724,19.368132,21.109951,21.727243,20.900215,21.660292,19.135597,19.091503,0.0,0.0,0.0,0.0,0.0,4.0,4.0,0.0
36929,2023.0,9.0,14.0,10.0,20.376259,21.105947,19.915792,20.317593,19.513178,19.50584,19.973227,20.529602,20.374027,20.964537,19.419996,19.361027,21.365978,21.97772,20.37493,20.425964,19.126154,19.083069,4.0,0.0,4.0,4.0,0.0,4.0,0.0,0.0
36930,2023.0,9.0,14.0,11.0,19.951494,20.16361,20.017864,20.497807,20.171314,20.767527,19.580585,19.673683,19.96683,20.188961,19.41967,19.361969,21.454052,22.072742,20.130312,20.067923,19.12216,19.079855,4.0,4.0,0.0,0.0,0.0,4.0,0.0,0.0
36931,2023.0,9.0,14.0,11.0,19.735952,19.890284,20.017656,20.499151,20.416897,21.024086,19.36243,19.399668,19.717001,19.698786,19.41929,19.361986,20.882082,20.921057,20.042517,19.980656,19.1173,19.075026,0.0,4.0,0.0,0.0,0.0,0.0,0.0,0.0
36932,2023.0,9.0,14.0,11.0,20.342358,21.057684,19.982761,20.395266,20.44894,21.020811,19.962933,20.566288,19.616196,19.579786,19.420818,19.363682,20.624537,20.555689,19.997023,19.940554,19.113838,19.071487,4.0,4.0,4.0,0.0,0.0,0.0,0.0,0.0
36933,2023.0,9.0,14.0,11.0,19.926773,20.144842,20.022223,20.483337,19.943478,20.044155,19.561016,19.680334,19.581522,19.530487,19.426317,19.369606,20.580505,20.505083,19.967499,19.911343,19.113644,19.071314,0.0,0.0,0.0,0.0,0.0,0.0,0.0,0.0
36934,2023.0,9.0,14.0,11.0,19.73397,19.907131,19.652254,19.764624,20.347965,20.953344,19.949259,20.534323,19.557285,19.50505,19.432577,19.376406,20.56299,20.493702,19.939932,19.884737,19.113754,19.071806,0.0,4.0,4.0,0.0,0.0,0.0,0.0,0.0
36935,2023.0,9.0,14.0,11.0,19.72071,19.909115,19.892136,20.291958,20.461054,21.058836,20.110369,20.722786,19.54626,19.49444,19.439945,19.384445,20.557116,20.495304,20.90741,21.73222,19.115509,19.074108,4.0,4.0,4.0,0.0,0.0,0.0,4.0,0.0
36936,2023.0,9.0,14.0,12.0,19.693918,19.871058,20.018852,20.504734,19.970682,20.10121,20.1901,20.806982,19.537243,19.486418,19.448149,19.394308,20.549212,20.489738,20.345268,20.464079,19.118382,19.078035,0.0,0.0,4.0,0.0,0.0,0.0,0.0,0.0
36937,2023.0,9.0,14.0,12.0,21.18454,22.515753,20.025372,20.473356,21.129875,22.260159,21.111841,22.363354,19.527555,19.47742,19.455585,19.402138,21.221355,21.729294,21.11364,21.967655,19.121273,19.081535,4.0,4.0,4.0,0.0,0.0,0.0,0.0,0.0
36938,2023.0,9.0,14.0,12.0,20.962605,21.913425,20.014002,20.465677,21.007225,21.918652,21.01585,22.069897,19.519924,19.470171,19.463486,19.411364,21.001972,21.258709,20.999758,21.64918,19.125359,19.086508,0.0,0.0,0.0,0.0,0.0,0.0,0.0,0.0
36939,2023.0,9.0,14.0,12.0,21.008345,21.9199,19.672457,19.801414,21.028458,21.882084,21.005157,21.941236,19.515219,19.466896,19.470594,19.419468,21.009827,21.251184,21.020824,21.63136,19.129745,19.092035,0.0,0.0,4.0,0.0,0.0,0.0,0.0,0.0
36940,2023.0,9.0,14.0,12.0,21.007532,21.856115,19.436495,19.46735,21.054268,21.86943,21.021667,21.909105,19.51204,19.465326,19.477356,19.428066,21.018152,21.24592,21.041218,21.62303,19.134487,19.098259,0.0,0.0,4.0,0.0,0.0,0.0,0.0,0.0
36941,2023.0,9.0,14.0,12.0,20.999727,21.809443,19.791136,20.202183,21.019293,21.767643,21.03129,21.912863,19.510223,19.465258,19.482716,19.434355,21.006117,21.208775,21.013824,21.540276,20.079891,20.888391,4.0,0.0,0.0,0.0,0.0,0.0,0.0,4.0
36942,2023.0,9.0,14.0,13.0,20.999443,21.781212,20.008362,20.499603,20.997139,21.676416,21.000578,21.795023,19.509687,19.46638,19.489368,19.442764,21.581558,22.280838,21.518536,22.44818,19.968994,20.440563,4.0,4.0,4.0,0.0,0.0,4.0,4.0,0.0
36943,2023.0,9.0,14.0,13.0,20.999022,21.758757,20.0227,20.498438,21.002321,21.670973,21.00591,21.781757,19.510038,19.467808,19.865845,20.146214,21.751734,22.4315,20.941355,21.311567,19.582607,19.645714,4.0,4.0,4.0,0.0,4.0,4.0,0.0,0.0
36944,2023.0,9.0,14.0,13.0,21.013857,21.768091,20.01279,20.482197,21.001291,21.658247,21.004723,21.761757,19.51128,19.47002,20.012102,20.30174,21.154737,21.247522,21.024378,21.477482,19.437773,19.464758,0.0,4.0,4.0,0.0,0.0,0.0,0.0,0.0
36945,2023.0,9.0,14.0,13.0,21.043829,21.807627,19.70387,19.874296,21.001165,21.649437,21.03027,21.818192,19.513311,19.472952,19.762201,19.771627,21.649536,22.312696,21.01401,21.450243,19.355175,19.323622,0.0,4.0,0.0,0.0,0.0,4.0,0.0,0.0
36946,2023.0,9.0,14.0,13.0,21.074163,21.84149,19.545227,19.68147,21.026894,21.712994,21.024006,21.786808,19.5159,19.47646,19.64211,19.602201,21.196114,21.297346,21.014763,21.443373,19.319216,19.285723,0.0,0.0,0.0,0.0,0.0,0.0,0.0,0.0
36947,2023.0,9.0,14.0,13.0,21.014465,21.744028,19.419645,19.482565,20.998518,21.622679,20.998272,21.698233,20.251516,20.86663,19.62333,19.580091,20.99913,21.06149,21.014292,21.434359,19.306065,19.273474,0.0,4.0,4.0,4.0,0.0,0.0,0.0,0.0
36948,2023.0,9.0,14.0,14.0,21.10016,21.86655,19.33953,19.385187,21.00036,21.619545,21.003063,21.699728,20.625378,21.317863,19.999357,20.295774,21.004988,21.090591,21.014229,21.426615,19.297411,19.26567,0.0,4.0,4.0,4.0,4.0,0.0,0.0,0.0
36949,2023.0,9.0,14.0,14.0,20.571554,20.844557,19.30219,19.35054,21.00942,21.631832,20.405375,20.574697,20.132786,20.295183,19.99761,20.19503,20.89347,20.886608,20.583866,20.586927,19.293362,19.264349,0.0,4.0,0.0,0.0,0.0,0.0,0.0,0.0
36950,2023.0,9.0,14.0,14.0,20.33221,20.568642,19.274418,19.326391,20.504696,20.685566,20.716421,21.361242,20.576958,21.237167,20.19228,20.525967,20.816364,20.776545,21.358204,22.185421,19.291008,19.26468,0.0,0.0,4.0,4.0,4.0,0.0,4.0,0.0
36951,2023.0,9.0,14.0,14.0,20.882679,21.656282,19.686726,20.117481,20.291563,20.399725,20.816532,21.470108,20.780033,21.494051,20.346962,20.766394,20.786737,20.743862,20.790197,20.947006,19.290646,19.266933,4.0,0.0,4.0,4.0,4.0,0.0,0.0,0.0
36952,2023.0,9.0,14.0,14.0,21.03213,21.82996,20.043379,20.68849,20.8224,21.469584,20.310705,20.506441,20.267332,20.459156,20.074482,20.206427,21.513842,22.143805,20.54518,20.568697,19.291435,19.270521,0.0,4.0,0.0,0.0,0.0,4.0,0.0,0.0
36953,2023.0,9.0,14.0,14.0,20.52436,20.8267,19.982449,20.464699,20.997084,21.653397,20.654032,21.312061,20.708162,21.400988,19.950897,20.034925,21.129515,21.221457,20.457306,20.4813,19.292006,19.274233,4.0,4.0,4.0,4.0,0.0,0.0,0.0,0.0
36954,2023.0,9.0,14.0,15.0,20.974024,21.763178,20.018631,20.529137,20.511055,20.72285,20.248821,20.472202,20.293346,20.507267,19.945488,20.035355,20.981335,21.003128,20.420208,20.452158,20.166513,20.929766,0.0,0.0,0.0,0.0,0.0,0.0,0.0,4.0
36955,2023.0,9.0,14.0,15.0,21.15792,21.958956,20.100607,20.635208,20.85549,21.523123,20.57418,21.220987,20.023977,20.109997,19.843761,19.838367,21.686924,22.378824,20.323036,20.299513,19.967901,20.364126,4.0,4.0,4.0,0.0,0.0,4.0,0.0,0.0
36956,2023.0,9.0,14.0,15.0,21.195189,21.991682,20.15073,20.686056,21.00506,21.665386,20.76474,21.43618,19.960693,20.031841,19.782696,19.761063,21.277796,21.429142,20.256605,20.227888,19.687387,19.798862,4.0,4.0,4.0,0.0,0.0,0.0,0.0,0.0
36957,2023.0,9.0,14.0,15.0,21.223701,22.016436,19.991013,20.39978,21.03164,21.686674,20.25977,20.45319,19.938292,20.008228,19.761395,19.739809,21.062132,21.08757,20.2197,20.191711,19.600471,19.679174,0.0,4.0,0.0,0.0,0.0,0.0,0.0,0.0
36958,2023.0,9.0,14.0,15.0,21.251768,22.040121,20.136242,20.655392,21.058018,21.709558,20.630959,21.302092,19.839643,19.832504,19.741314,19.722647,20.985722,21.00466,20.184103,20.158846,19.567488,19.64622,4.0,4.0,4.0,0.0,0.0,0.0,0.0,0.0
36959,2023.0,9.0,14.0,15.0,20.69576,20.975246,19.989729,20.383009,21.07788,21.72633,20.739597,21.409676,19.792446,19.77737,19.723673,19.707193,20.89874,20.871487,20.155827,20.133036,19.467031,19.466656,0.0,4.0,4.0,0.0,0.0,0.0,0.0,0.0
36960,2023.0,9.0,14.0,16.0,20.461365,20.70768,20.139187,20.645643,21.097448,21.742212,20.784208,21.447096,19.76226,19.74987,19.705545,19.692852,20.845581,20.819395,21.110556,21.967995,19.41103,19.405556,4.0,4.0,4.0,0.0,0.0,0.0,4.0,0.0
36961,2023.0,9.0,14.0,16.0,20.998638,21.768414,20.199837,20.718208,21.112589,21.752985,20.288954,20.489439,19.73811,19.726852,19.688738,19.678045,21.553688,22.196507,20.560883,20.728905,19.385138,19.37919,4.0,4.0,0.0,0.0,0.0,4.0,0.0,0.0
36962,2023.0,9.0,14.0,16.0,20.571667,20.864489,20.225243,20.738546,21.12696,21.762766,20.09541,20.22558,20.414152,21.024815,19.671871,19.663153,21.76891,22.479357,20.338486,20.383667,19.364553,19.359854,4.0,4.0,0.0,4.0,0.0,4.0,0.0,0.0
36963,2023.0,9.0,14.0,16.0,20.420757,20.666864,20.245657,20.753468,21.140575,21.771734,20.022226,20.148853,20.080833,20.262953,19.65553,19.648962,21.835115,22.536533,21.20675,22.070652,19.345913,19.34286,4.0,4.0,0.0,0.0,0.0,4.0,4.0,0.0
36964,2023.0,9.0,14.0,16.0,20.363392,20.604845,20.263151,20.765762,21.153996,21.780647,20.577442,21.233412,19.91036,19.98661,19.9887,20.290512,21.887358,22.581347,20.616549,20.779633,20.201935,20.977936,4.0,4.0,4.0,0.0,4.0,4.0,0.0,4.0
36965,2023.0,9.0,14.0,16.0,20.935081,21.709654,20.279068,20.776665,21.167274,21.789564,20.171957,20.357023,20.537546,21.199188,20.000702,20.271381,21.9295,22.617208,20.376698,20.41509,20.516747,21.376251,4.0,4.0,0.0,4.0,0.0,4.0,0.0,4.0
36966,2023.0,9.0,14.0,17.0,21.136139,21.909286,20.295132,20.78747,20.643372,20.794321,20.52699,21.158802,20.79753,21.489338,19.776653,19.815641,21.969593,22.650585,20.294226,20.327724,19.940315,20.274712,4.0,0.0,4.0,4.0,0.0,4.0,0.0,0.0
36967,2023.0,9.0,14.0,17.0,20.616629,20.880863,19.98383,20.248266,20.996672,21.622412,20.71379,21.351608,20.261902,20.410885,19.663477,19.664972,21.358515,21.463087,20.242146,20.27426,19.679909,19.773924,0.0,4.0,4.0,0.0,0.0,0.0,0.0,0.0
36968,2023.0,9.0,14.0,17.0,20.386356,20.601376,19.824305,19.970613,21.128666,21.739195,20.767096,21.397362,19.995451,20.054996,19.986736,20.301975,21.822897,22.502264,20.161629,20.153774,19.556177,19.619919,0.0,4.0,4.0,0.0,4.0,4.0,0.0,0.0
36969,2023.0,9.0,14.0,17.0,20.946777,21.695148,20.146772,20.61694,21.146017,21.747768,20.799751,21.422707,19.927576,19.975164,20.1425,20.527695,21.917084,22.585546,20.116207,20.104273,19.518826,19.57882,4.0,4.0,4.0,0.0,4.0,4.0,0.0,0.0
36970,2023.0,9.0,14.0,17.0,20.531141,20.802704,20.23001,20.702692,21.161404,21.756613,20.827135,21.44236,19.886784,19.932106,20.21779,20.629726,21.321169,21.426878,21.065304,21.928188,19.440441,19.44754,4.0,4.0,4.0,0.0,4.0,0.0,4.0,0.0
36971,2023.0,9.0,14.0,17.0,20.353971,20.548729,19.98843,20.274446,21.174664,21.763386,20.322664,20.474651,19.808697,19.808928,20.25824,20.666052,21.092697,21.083218,20.482552,20.616388,20.268282,21.044376,0.0,4.0,0.0,0.0,4.0,0.0,0.0,4.0
36972,2023.0,9.0,14.0,18.0,20.912907,21.645964,20.164356,20.599703,21.187185,21.769402,20.679962,21.302023,19.751465,19.745428,20.287811,20.686947,21.721409,22.355242,20.16505,20.189474,19.954979,20.283697,4.0,4.0,4.0,0.0,4.0,4.0,0.0,0.0
36973,2023.0,9.0,14.0,18.0,21.111086,21.841284,19.988783,20.258207,21.196304,21.769886,21.024263,21.777561,19.71587,19.708921,19.994556,20.169859,21.267942,21.34402,21.143194,21.931383,19.68836,19.770884,0.0,4.0,4.0,0.0,0.0,0.0,0.0,0.0
36974,2023.0,9.0,14.0,18.0,21.004072,21.629555,20.162489,20.58058,21.20358,21.768402,21.023512,21.741968,20.424192,21.076714,19.838629,19.889647,20.996647,21.00045,21.003378,21.602476,19.542713,19.580688,4.0,4.0,0.0,4.0,0.0,0.0,0.0,0.0
36975,2023.0,9.0,14.0,18.0,21.016983,21.62997,19.982779,20.232126,20.993511,21.413576,20.995165,21.62197,19.989754,20.150473,19.752634,19.780296,21.67848,22.342556,21.017899,21.577774,19.48605,19.516365,0.0,0.0,4.0,0.0,0.0,4.0,0.0,0.0
36976,2023.0,9.0,14.0,18.0,21.015003,21.60369,20.157995,20.558413,21.144579,21.68635,21.026953,21.678017,19.815079,19.833803,20.048986,20.370262,21.188665,21.236969,21.455126,22.338528,19.418934,19.41556,4.0,4.0,0.0,0.0,4.0,0.0,4.0,0.0
36977,2023.0,9.0,14.0,18.0,21.183613,21.878094,20.231567,20.637989,21.196304,21.735977,20.996204,21.57025,20.4165,21.018518,19.990952,20.204397,21.680227,22.330309,20.950401,21.332958,19.377245,19.372179,4.0,4.0,4.0,4.0,0.0,4.0,0.0,0.0
36978,2023.0,9.0,14.0,19.0,21.251005,21.93859,19.98117,20.197515,20.994146,21.392166,21.026638,21.634838,19.981323,20.115538,19.798325,19.833965,21.162098,21.187258,21.025352,21.478592,19.349815,19.344595,0.0,0.0,0.0,0.0,0.0,0.0,0.0,0.0
36979,2023.0,9.0,14.0,19.0,21.279154,21.959557,20.168037,20.553268,21.153564,21.68135,21.019705,21.602787,19.816387,19.822174,19.675264,19.672348,21.005768,21.063166,21.486609,22.315603,19.328161,19.324371,4.0,4.0,0.0,0.0,0.0,0.0,4.0,0.0
36980,2023.0,9.0,14.0,19.0,20.983168,21.442581,19.988832,20.208916,21.203848,21.727682,21.021091,21.55817,19.74903,19.749664,19.627357,19.622303,21.609993,22.234459,21.628536,22.427023,20.189756,20.970932,0.0,4.0,4.0,0.0,0.0,4.0,4.0,4.0
36981,2023.0,9.0,14.0,19.0,21.219564,21.88449,20.159943,20.530128,21.22028,21.740791,21.023193,21.582655,20.40863,21.02855,19.593325,19.5889,21.114977,21.136189,20.945265,21.205564,19.962029,20.336758,4.0,4.0,0.0,4.0,0.0,0.0,0.0,0.0
36982,2023.0,9.0,14.0,19.0,20.981667,21.427156,19.98352,20.19137,21.232426,21.74919,21.019678,21.5636,19.978443,20.111166,19.564735,19.560694,21.591719,22.208351,21.026045,21.393476,20.445507,21.203865,0.0,4.0,0.0,0.0,0.0,4.0,0.0,4.0
36983,2023.0,9.0,14.0,19.0,21.018415,21.505825,19.794472,19.843456,21.243208,21.756153,21.043612,21.567186,19.811008,19.814814,19.903824,20.222363,21.098545,21.107687,21.014633,21.382008,19.954006,20.213005,0.0,4.0,4.0,0.0,4.0,0.0,0.0,0.0
36984,2023.0,9.0,14.0,20.0,21.255587,21.930923,20.13055,20.54677,20.982744,21.316181,21.052042,21.572426,19.733711,19.728973,20.010592,20.324707,21.015076,21.106806,21.016209,21.389294,19.665586,19.672142,4.0,0.0,4.0,0.0,0.0,0.0,0.0,0.0
36985,2023.0,9.0,14.0,20.0,20.97929,21.40149,20.253784,20.665762,21.165325,21.655977,21.052217,21.563826,19.696627,19.692772,19.738947,19.77209,21.53123,22.09784,21.01579,21.389704,20.376898,21.116957,4.0,4.0,4.0,0.0,0.0,4.0,0.0,4.0
36986,2023.0,9.0,14.0,20.0,21.233698,21.877356,19.979132,20.17336,21.22667,21.71767,21.01801,21.523716,19.66607,19.661863,19.587599,19.57561,20.988503,21.041765,21.013681,21.389048,20.648241,21.37586,0.0,4.0,0.0,0.0,0.0,0.0,0.0,4.0
36987,2023.0,9.0,14.0,20.0,21.319109,21.957182,20.139677,20.473465,21.233524,21.7149,21.044071,21.535925,19.639809,19.635101,19.547411,19.541931,21.017878,21.126444,21.58708,22.454763,20.724838,21.439775,4.0,4.0,4.0,0.0,0.0,0.0,4.0,4.0
36988,2023.0,9.0,14.0,20.0,21.336521,21.96328,20.199886,20.534508,21.235767,21.70725,21.018614,21.507183,19.615377,19.607986,19.88852,20.20857,21.502377,22.050293,20.94013,21.178003,19.9642,20.08571,4.0,4.0,0.0,0.0,4.0,4.0,0.0,0.0
36989,2023.0,9.0,14.0,20.0,21.34753,21.96345,19.985477,20.160212,20.98912,21.29205,21.042469,21.514795,20.258083,20.83583,20.012573,20.338682,21.658848,22.20597,21.027502,21.37109,19.732115,19.699076,0.0,0.0,4.0,4.0,0.0,4.0,0.0,0.0
36990,2023.0,9.0,14.0,21.0,20.972843,21.31584,19.764603,19.75049,21.019957,21.364697,21.019144,21.491467,19.965157,20.135584,20.076368,20.406662,20.98749,21.003817,21.015224,21.354258,19.605904,19.555717,0.0,0.0,0.0,0.0,4.0,0.0,0.0,0.0
36991,2023.0,9.0,14.0,21.0,21.236795,21.824223,19.621117,19.560238,21.15097,21.589096,21.03922,21.492998,20.37812,20.894632,20.003578,20.256826,21.018164,21.104212,21.016766,21.359901,20.379658,21.076187,0.0,4.0,4.0,4.0,0.0,0.0,0.0,4.0
36992,2023.0,9.0,14.0,21.0,21.331844,21.925636,19.602983,19.577904,20.995686,21.306664,21.019691,21.47765,20.55542,21.07861,19.691582,19.642857,21.494585,22.017862,21.013466,21.360075,19.937908,20.103308,0.0,0.0,0.0,4.0,0.0,4.0,0.0,0.0
36993,2023.0,9.0,14.0,21.0,20.971273,21.295801,20.031372,20.403889,21.019548,21.358683,21.036518,21.472906,19.962,20.013004,19.531437,19.456322,20.964869,20.986712,21.013678,21.364298,19.667324,19.60527,4.0,0.0,4.0,0.0,0.0,0.0,0.0,0.0
36994,2023.0,9.0,14.0,21.0,21.019909,21.409624,20.190536,20.574911,21.13682,21.553587,21.033722,21.461758,19.769258,19.687353,19.890041,20.18979,21.447746,21.940197,21.013845,21.367022,19.53199,19.464275,4.0,4.0,4.0,0.0,4.0,4.0,0.0,0.0
36995,2023.0,9.0,14.0,21.0,21.027245,21.42937,20.116919,20.3843,21.03084,21.339563,21.041185,21.502834,19.658861,19.564838,20.02526,20.34249,21.612473,22.114573,21.028551,21.396942,19.46345,19.388346,4.0,0.0,0.0,0.0,0.0,4.0,0.0,0.0
36996,2023.0,9.0,14.0,22.0,21.012833,21.40194,19.998842,20.198576,21.132046,21.533829,21.017107,21.44727,19.597496,19.500639,19.710424,19.703249,21.644701,22.132618,21.011677,21.363409,19.468752,19.449024,0.0,4.0,0.0,0.0,0.0,4.0,0.0,0.0
36997,2023.0,9.0,14.0,22.0,21.010387,21.406374,19.69229,19.605812,21.000004,21.297495,21.019115,21.413574,19.615255,19.586645,19.561829,19.528864,21.660463,22.132124,21.014547,21.369688,19.441488,19.41437,0.0,0.0,4.0,0.0,0.0,4.0,0.0,0.0
36998,2023.0,9.0,14.0,22.0,21.010448,21.41259,19.514833,19.37011,21.020279,21.339674,21.02451,21.449848,19.593626,19.556833,19.503061,19.464476,20.98893,20.953344,21.014372,21.369581,20.182875,20.843493,0.0,0.0,0.0,0.0,0.0,0.0,0.0,4.0
36999,2023.0,9.0,14.0,22.0,21.010778,21.416466,19.53143,19.468904,21.095781,21.45253,21.021252,21.435717,19.556898,19.514605,19.76771,19.999105,21.02338,21.074877,21.014597,21.369947,19.96098,20.23794,0.0,4.0,0.0,0.0,4.0,0.0,0.0,0.0
37000,2023.0,9.0,14.0,22.0,21.011282,21.419384,19.526604,19.471802,21.008875,21.30625,21.022104,21.427958,19.523354,19.476555,20.021482,20.361732,21.011572,21.082672,21.01453,21.369444,19.543427,19.414457,0.0,0.0,0.0,0.0,4.0,0.0,0.0,0.0
37001,2023.0,9.0,14.0,22.0,21.011648,21.420483,19.935093,20.259134,21.020914,21.329853,21.01552,21.419882,20.106775,20.60034,20.00312,20.282246,21.013304,21.105465,21.01499,21.369621,19.357998,19.21904,4.0,0.0,0.0,4.0,4.0,0.0,0.0,0.0
37002,2023.0,9.0,14.0,23.0,21.011887,21.420015,20.00383,20.289669,21.019855,21.32388,21.016691,21.423908,19.980108,20.210894,20.021254,20.301811,21.007603,21.119665,21.01521,21.369385,20.223444,20.932549,0.0,0.0,0.0,0.0,0.0,0.0,0.0,4.0
37003,2023.0,9.0,14.0,23.0,20.706024,20.830893,19.734604,19.74434,20.683996,20.688381,20.5965,20.616451,19.587885,19.434174,19.86665,19.960129,20.79946,20.738901,20.604296,20.577639,19.68337,19.594858,0.0,0.0,0.0,0.0,4.0,0.0,0.0,0.0
37004,2023.0,9.0,14.0,23.0,20.58284,20.672523,19.594353,19.529346,21.151253,21.646217,21.036415,21.540474,19.435322,19.250126,19.524311,19.348783,20.708412,20.629341,20.444946,20.3796,19.428986,19.26404,0.0,4.0,4.0,0.0,0.0,0.0,0.0,0.0
37005,2023.0,9.0,14.0,23.0,20.522825,20.610014,19.543377,19.468622,20.55598,20.421669,21.13923,21.64922,19.490799,19.422775,19.361214,19.14577,20.655481,20.57475,20.36517,20.298027,19.343307,19.176249,0.0,0.0,4.0,0.0,0.0,0.0,0.0,0.0
37006,2023.0,9.0,14.0,23.0,20.472563,20.557228,19.506966,19.428688,20.255552,19.982462,20.4397,20.29785,19.480558,19.41563,19.40665,19.318552,20.607248,20.524115,20.297682,20.228266,19.386656,19.328144,0.0,0.0,0.0,0.0,0.0,0.0,0.0,0.0
37007,2023.0,9.0,14.0,23.0,20.428436,20.510256,19.47569,19.39429,20.13847,19.849926,20.142046,19.867765,20.033949,20.480076,19.39767,19.321264,20.562733,20.476954,20.23815,20.166239,19.368399,19.309216,0.0,0.0,0.0,4.0,0.0,0.0,0.0,0.0
37008,2023.0,9.0,15.0,0.0,20.38945,20.469004,19.447863,19.363958,20.807785,21.196552,20.015854,19.732967,19.653835,19.638237,19.357857,19.279507,20.521742,20.433863,20.184916,20.11123,19.3351,19.27366,0.0,4.0,0.0,0.0,0.0,0.0,0.0,0.0
37009,2023.0,9.0,15.0,0.0,20.352793,20.428308,19.421204,19.333834,20.320688,20.156132,19.921103,19.633383,19.928692,20.213348,19.318636,19.237194,20.482565,20.3918,20.135504,20.059246,20.033556,20.61422,0.0,0.0,0.0,4.0,0.0,0.0,0.0,4.0
37010,2023.0,9.0,15.0,0.0,20.318928,20.390884,19.395687,19.304659,20.061508,19.763256,19.99629,19.859215,19.48213,19.29496,19.280455,19.195827,20.445421,20.35171,20.08984,20.010973,19.415232,19.27224,0.0,0.0,0.0,0.0,0.0,0.0,0.0,0.0
37011,2023.0,9.0,15.0,0.0,20.284746,20.350864,19.368412,19.270933,19.95192,19.63298,20.006294,19.909378,19.29827,19.06515,19.240587,19.149797,20.407524,20.308613,20.044527,19.960728,19.199179,18.994772,0.0,0.0,0.0,0.0,0.0,0.0,0.0,0.0
37012,2023.0,9.0,15.0,0.0,20.25653,20.321478,19.347437,19.249084,20.047369,19.894232,19.973207,19.877628,19.373932,19.284904,19.496817,19.656277,20.375294,20.275785,20.005926,19.921988,20.040344,20.66006,0.0,0.0,0.0,0.0,4.0,0.0,0.0,4.0
37013,2023.0,9.0,15.0,0.0,20.226706,20.287966,19.324276,19.222118,20.069202,19.957855,19.935575,19.837605,19.367382,19.283152,19.304424,19.241455,20.341574,20.239052,19.96644,19.879835,19.406693,19.25961,0.0,0.0,0.0,0.0,0.0,0.0,0.0,0.0
37014,2023.0,9.0,15.0,1.0,20.195576,20.25085,19.29896,19.190128,20.041788,19.92991,19.89497,19.79049,19.331347,19.241194,19.191893,19.090763,20.306307,20.198465,19.926025,19.834448,19.15879,18.931559,0.0,0.0,0.0,0.0,0.0,0.0,0.0,0.0
37015,2023.0,9.0,15.0,1.0,20.169037,20.222,19.278254,19.167059,20.011686,19.89848,19.860477,19.754541,19.300203,19.208166,19.151316,19.048199,20.27512,20.165401,19.890121,19.796917,19.082083,18.854698,0.0,0.0,0.0,0.0,0.0,0.0,0.0,0.0
37016,2023.0,9.0,15.0,1.0,20.14334,20.193834,19.258047,19.144522,19.981516,19.866848,19.82721,19.71984,19.269896,19.175991,19.113134,19.008026,20.24486,20.133263,19.855566,19.760729,19.162601,19.078339,0.0,0.0,0.0,0.0,0.0,0.0,0.0,0.0
37017,2023.0,9.0,15.0,1.0,20.780869,21.410564,19.240131,19.12628,19.95436,19.840584,19.797672,19.691486,19.825266,20.243744,19.080029,18.975378,20.216986,20.105152,19.823692,19.728823,19.149092,19.064257,0.0,0.0,0.0,4.0,0.0,0.0,0.0,0.0
37018,2023.0,9.0,15.0,1.0,20.354736,20.47178,19.220438,19.1042,19.925379,19.809937,19.766514,19.658726,19.439085,19.389698,19.045755,18.938986,20.188234,20.0745,19.791132,19.694592,19.12159,19.035719,0.0,0.0,0.0,0.0,0.0,0.0,0.0,0.0
37019,2023.0,9.0,15.0,1.0,19.963223,19.78146,19.200356,19.081142,19.896307,19.77841,19.735544,19.625328,19.132168,18.871975,19.01188,18.902246,20.159681,20.043482,19.758745,19.659945,19.092222,19.004086,0.0,0.0,0.0,0.0,0.0,0.0,0.0,0.0
37020,2023.0,9.0,15.0,2.0,20.52962,20.924625,19.181473,19.060308,19.86927,19.750198,19.706951,19.595661,19.630299,19.890282,18.980497,18.869497,20.132803,20.015278,19.728302,19.62842,19.064096,18.974787,0.0,0.0,0.0,4.0,0.0,0.0,0.0,0.0
37021,2023.0,9.0,15.0,2.0,20.061123,19.945517,19.161743,19.037903,19.841738,19.720661,19.678032,19.564802,19.183266,18.9349,18.948887,18.835772,20.105608,19.98617,19.697649,19.596104,19.76392,20.315485,0.0,0.0,0.0,0.0,0.0,0.0,0.0,4.0
37022,2023.0,9.0,15.0,2.0,19.843512,19.629892,19.141542,19.01458,19.814121,19.690502,19.649326,19.533531,19.00238,18.718048,18.917292,18.801603,20.078365,19.956654,19.66699,19.563404,19.276289,19.234795,0.0,0.0,0.0,0.0,0.0,0.0,0.0,0.0
37023,2023.0,9.0,15.0,2.0,19.756676,19.528965,19.120209,18.989138,19.785677,19.658329,19.620108,19.500458,19.123783,19.029728,18.884901,18.765509,20.05038,19.925556,19.635757,19.529299,18.947145,18.686646,0.0,0.0,0.0,0.0,0.0,0.0,0.0,0.0
37024,2023.0,9.0,15.0,2.0,19.938896,19.952374,19.09981,18.965738,19.758778,19.628983,19.592575,19.470434,19.10672,18.997307,18.854097,18.73237,20.023382,19.896448,19.605711,19.497406,18.844002,18.576399,0.0,0.0,0.0,0.0,0.0,0.0,0.0,0.0
37025,2023.0,9.0,15.0,2.0,19.950083,19.973814,19.07984,18.943308,19.732666,19.60103,19.565771,19.441841,19.076275,18.964952,19.132895,19.279593,19.996815,19.868225,19.576195,19.466492,18.934666,18.825243,0.0,0.0,0.0,0.0,4.0,0.0,0.0,0.0
37026,2023.0,9.0,15.0,3.0,19.931759,19.953945,19.059256,18.919613,19.706017,19.57186,19.538397,19.412014,19.045998,18.932564,18.904797,18.787834,19.96978,19.839073,19.546259,19.43471,18.931845,18.829308,0.0,0.0,0.0,0.0,0.0,0.0,0.0,0.0
37027,2023.0,9.0,15.0,3.0,19.91036,19.930609,19.03894,18.896343,19.679472,19.542784,19.511223,19.382292,19.015556,18.900112,18.818916,18.690025,19.942987,19.810408,19.51651,19.403318,18.905169,18.801464,0.0,0.0,0.0,0.0,0.0,0.0,0.0,0.0
37028,2023.0,9.0,15.0,3.0,19.88934,19.909216,19.021801,18.879194,19.656475,19.520298,19.487738,19.359362,18.98793,18.872719,19.093077,19.235107,19.918472,19.785908,19.488873,19.375778,18.878588,18.77492,0.0,0.0,0.0,0.0,4.0,0.0,0.0,0.0
37029,2023.0,9.0,15.0,3.0,19.866846,19.885492,19.003298,18.859385,19.632126,19.49504,19.462944,19.333664,18.959486,18.843452,18.86074,18.740501,19.893232,19.759806,19.46048,19.346666,18.850775,18.746334,0.0,0.0,0.0,0.0,0.0,0.0,0.0,0.0
37030,2023.0,9.0,15.0,3.0,19.843126,19.859182,18.983557,18.836916,19.606495,19.467016,19.436977,19.305258,18.930353,18.812454,18.77151,18.639376,19.86732,19.73215,19.431414,19.316057,18.822323,18.71623,0.0,0.0,0.0,0.0,0.0,0.0,0.0,0.0
37031,2023.0,9.0,15.0,3.0,19.820406,19.835049,18.964987,18.816982,19.58235,19.441889,19.41254,19.279833,18.902557,18.783861,18.732414,18.599506,19.842447,19.706434,19.403261,19.287203,18.794971,18.688116,0.0,0.0,0.0,0.0,0.0,0.0,0.0,0.0
37032,2023.0,9.0,15.0,4.0,19.810387,19.836386,18.948027,18.80053,19.56023,19.420752,19.390139,19.258453,19.45891,19.852707,18.697958,18.566788,19.81909,19.683586,19.376522,19.261093,18.769245,18.66299,0.0,0.0,0.0,4.0,0.0,0.0,0.0,0.0
37033,2023.0,9.0,15.0,4.0,19.796318,19.825964,18.929976,18.78145,19.536297,19.395933,19.365898,19.23335,19.064169,18.980095,18.964067,19.093899,19.794611,19.658342,19.348576,19.23249,18.742447,18.635477,0.0,0.0,0.0,0.0,4.0,0.0,0.0,0.0
37034,2023.0,9.0,15.0,4.0,19.776087,19.804346,18.911734,18.762442,19.512352,19.37102,19.341713,19.208202,18.93018,18.810741,18.741026,18.615791,19.770273,19.63319,19.320675,19.203878,18.715862,18.608128,0.0,0.0,0.0,0.0,0.0,0.0,0.0,0.0
37035,2023.0,9.0,15.0,4.0,19.75486,19.78128,18.892658,18.741705,19.487381,19.344015,19.316608,19.181032,18.884218,18.762373,18.652967,18.517075,19.745548,19.607103,19.292341,19.174335,18.688974,18.57996,0.0,0.0,0.0,0.0,0.0,0.0,0.0,0.0
37036,2023.0,9.0,15.0,4.0,19.733883,19.759174,18.874395,18.722853,19.463745,19.319714,19.29286,19.15661,18.845299,18.723104,18.614712,18.478441,19.72179,19.582832,19.264843,19.146437,18.66307,18.553604,0.0,0.0,0.0,0.0,0.0,0.0,0.0,0.0
37037,2023.0,9.0,15.0,4.0,19.713322,19.738234,18.857195,18.706427,19.44178,19.298773,19.270767,19.135567,19.404163,19.804573,18.58054,18.446014,19.69926,19.560883,19.23847,19.120749,18.638403,18.529568,0.0,0.0,0.0,4.0,0.0,0.0,0.0,0.0
37038,2023.0,9.0,15.0,5.0,19.690979,19.71388,18.837856,18.685902,19.417234,19.272684,19.246069,19.109348,19.373236,19.586823,18.545515,18.409327,19.675146,19.535625,19.210403,19.091629,18.612148,18.50222,0.0,0.0,0.0,4.0,0.0,0.0,0.0,0.0
37039,2023.0,9.0,15.0,5.0,19.671051,19.693996,18.820232,18.668915,19.39491,19.251102,19.223597,19.08765,18.796595,18.485432,18.514587,18.379593,19.652908,19.514042,19.18416,19.066174,18.587759,18.478525,0.0,0.0,0.0,0.0,0.0,0.0,0.0,0.0
37040,2023.0,9.0,15.0,5.0,19.64909,19.670063,18.80029,18.647356,19.369682,19.223688,19.19821,19.060097,18.607208,18.274637,18.481394,18.344168,19.62881,19.488583,19.155872,19.036566,18.561443,18.450848,0.0,0.0,0.0,0.0,0.0,0.0,0.0,0.0
37041,2023.0,9.0,15.0,5.0,19.628809,19.649887,19.195,19.40605,19.34805,19.203384,19.176449,19.039701,19.09336,19.258636,18.45307,18.31755,19.607115,19.467787,19.129969,19.01165,18.53754,18.427855,4.0,0.0,0.0,4.0,0.0,0.0,0.0,0.0
37042,2023.0,9.0,15.0,5.0,20.274002,20.878414,18.964813,18.895527,19.324999,19.18043,19.15329,19.016659,18.66348,18.354239,18.424147,18.288996,19.58477,19.445639,19.103271,18.985266,19.240494,19.77302,0.0,0.0,0.0,0.0,0.0,0.0,0.0,4.0
37043,2023.0,9.0,15.0,5.0,19.848064,19.936953,18.832428,18.68574,19.301401,19.156351,19.12975,18.992586,18.496145,18.169863,18.690746,18.81186,19.56221,19.422829,19.076067,18.957865,18.756512,18.69815,0.0,0.0,0.0,0.0,4.0,0.0,0.0,0.0
37044,2023.0,9.0,15.0,6.0,19.414164,19.163866,18.789186,18.635721,19.277393,19.131454,19.106077,18.96788,18.61572,18.478357,18.47769,18.348158,19.539656,19.39975,19.048521,18.929798,18.416761,18.127783,0.0,0.0,0.0,0.0,0.0,0.0,0.0,0.0
37045,2023.0,9.0,15.0,6.0,21.240988,22.381155,18.760891,18.607922,21.22014,22.607128,21.225945,22.75495,18.623701,18.499178,18.396145,18.260386,21.222763,22.332848,21.335506,22.88291,18.308922,18.012894,0.0,0.0,0.0,0.0,0.0,0.0,0.0,0.0
37046,2023.0,9.0,15.0,6.0,21.016531,21.886625,18.732336,18.578825,21.003408,21.970589,21.003881,22.085701,18.599031,18.475563,18.65067,18.770056,20.983904,21.754904,21.000591,22.095583,19.171843,19.730757,0.0,0.0,0.0,0.0,4.0,4.0,0.0,4.0
37047,2023.0,9.0,15.0,6.0,21.011116,21.76085,18.70649,18.552586,21.006962,21.833319,21.035824,22.01128,19.16291,19.561872,20.206942,21.406893,21.003172,21.703604,20.997416,21.931034,20.27316,21.44342,0.0,4.0,0.0,4.0,0.0,4.0,4.0,0.0
37048,2023.0,9.0,15.0,6.0,21.012985,21.705942,18.68288,18.52797,21.007893,21.759445,21.005453,21.839272,20.112974,21.067074,19.495703,19.81529,21.011816,21.636017,21.051083,21.96362,18.986446,18.777733,0.0,4.0,4.0,0.0,4.0,4.0,0.0,0.0
37049,2023.0,9.0,15.0,6.0,21.01202,21.664892,18.660719,18.504826,21.046612,21.779673,21.036339,21.86406,19.016983,18.780209,20.132984,21.082829,21.009636,21.572102,21.04064,21.864326,18.483917,18.1762,0.0,0.0,0.0,0.0,0.0,4.0,0.0,0.0
37050,2023.0,9.0,15.0,7.0,21.011871,21.637106,18.63944,18.482075,21.012438,21.63251,21.043123,21.806011,19.09348,19.265478,19.55302,19.807957,21.008682,21.526243,21.040298,21.804441,18.54557,18.42447,0.0,4.0,0.0,4.0,4.0,4.0,0.0,0.0
37051,2023.0,9.0,15.0,7.0,21.011335,21.616732,18.625652,18.473717,21.017666,21.606236,21.040953,21.751455,20.163458,21.010096,20.128437,20.937616,21.038364,21.57136,21.100878,21.852922,19.448284,20.132599,0.0,4.0,0.0,0.0,0.0,0.0,4.0,4.0
37052,2023.0,9.0,15.0,7.0,21.037949,21.676523,18.61637,18.47066,21.04215,21.650629,21.001377,21.641634,19.734829,20.034624,19.12454,18.893465,21.00134,21.444397,21.032995,21.726427,20.044022,20.887474,0.0,0.0,4.0,4.0,0.0,4.0,0.0,4.0
37053,2023.0,9.0,15.0,7.0,21.002077,21.568457,18.608076,18.468847,21.008162,21.539965,21.04703,21.72369,20.06847,20.686998,18.81877,18.696306,21.03709,21.514904,21.037672,21.71022,20.033978,20.786533,0.0,4.0,0.0,4.0,0.0,0.0,0.0,0.0
37054,2023.0,9.0,15.0,7.0,21.009043,21.575256,18.997368,19.21193,21.04102,21.612919,21.011461,21.610264,20.030195,20.579847,18.782059,18.664452,21.029558,21.475681,21.03604,21.683485,19.10003,18.899923,4.0,0.0,4.0,0.0,0.0,0.0,0.0,0.0
37055,2023.0,9.0,15.0,7.0,21.03611,21.646486,20.14164,21.125244,21.034048,21.585598,21.016953,21.610514,19.23726,19.003733,18.720884,18.609228,21.0289,21.45287,21.035284,21.661968,19.532084,20.022387,0.0,0.0,4.0,0.0,0.0,0.0,0.0,4.0
37056,2023.0,9.0,15.0,8.0,21.00157,21.550138,19.345768,19.419918,21.007805,21.502514,21.0417,21.674131,18.865171,18.584972,18.677052,18.572847,21.027693,21.431992,21.024914,21.64263,20.072048,20.801096,0.0,4.0,0.0,0.0,0.0,0.0,0.0,0.0
37057,2023.0,9.0,15.0,8.0,20.286217,20.210476,19.345524,19.636719,20.727598,20.966208,20.15878,19.969372,18.772802,18.512413,18.648874,18.553957,21.233961,21.80221,21.242718,22.017317,19.205662,19.044441,4.0,4.0,0.0,0.0,0.0,4.0,4.0,0.0
37058,2023.0,9.0,15.0,8.0,19.992699,19.824926,20.082365,20.885912,20.097134,19.857712,19.785461,19.463085,19.606895,20.156687,18.991774,19.2143,20.4371,20.225945,21.108797,21.678259,19.775572,20.296427,4.0,0.0,0.0,4.0,4.0,0.0,4.0,4.0
37059,2023.0,9.0,15.0,8.0,20.526855,20.963879,20.024601,20.677416,19.758427,19.44823,20.381487,20.775633,20.019295,20.621195,20.151474,21.130272,20.082237,19.805239,20.216534,20.041,20.037188,20.609798,0.0,0.0,4.0,4.0,0.0,0.0,0.0,0.0
37060,2023.0,9.0,15.0,8.0,20.687998,21.146406,19.275305,19.164404,19.62924,19.338142,20.459948,20.767004,19.997368,20.49884,19.69206,20.054678,20.72002,21.10915,19.824165,19.595844,20.110373,20.665304,0.0,0.0,4.0,4.0,4.0,4.0,0.0,4.0
37061,2023.0,9.0,15.0,8.0,20.70742,21.183596,19.290312,19.419847,20.297785,20.707909,19.87063,19.715366,20.02953,20.530886,20.094988,20.825972,20.271221,20.086662,19.693615,19.476715,20.17924,20.749874,4.0,4.0,0.0,0.0,0.0,0.0,0.0,4.0
37062,2023.0,9.0,15.0,9.0,20.74456,21.251154,20.093552,20.793707,20.441557,20.790895,19.567417,19.344917,20.048388,20.478903,19.663528,19.854855,20.030102,19.805246,20.57748,21.22984,20.246494,20.832457,4.0,4.0,0.0,4.0,4.0,0.0,4.0,4.0
37063,2023.0,9.0,15.0,9.0,20.771059,21.294548,19.999775,20.540169,20.446594,20.808575,20.047762,20.351185,20.020023,20.42721,20.079515,20.65668,20.719383,21.168638,20.916702,21.59509,19.994434,20.384226,4.0,4.0,4.0,0.0,4.0,4.0,4.0,0.0
37064,2023.0,9.0,15.0,9.0,20.792963,21.330757,20.029236,20.5721,19.927147,19.831388,19.716272,19.617167,20.15051,20.611767,20.01546,20.484661,20.30354,20.179197,21.02316,21.714806,20.286316,20.907393,0.0,0.0,0.0,4.0,0.0,0.0,4.0,4.0
37065,2023.0,9.0,15.0,9.0,20.225622,20.264563,19.435728,19.398682,20.292004,20.686703,20.120428,20.531195,19.998898,20.31936,19.491781,19.424723,20.084173,19.907598,21.114393,21.819881,19.978704,20.311224,0.0,4.0,4.0,0.0,0.0,0.0,4.0,0.0
37066,2023.0,9.0,15.0,9.0,20.626637,21.209349,19.535921,19.778301,19.91967,19.876362,19.75277,19.71639,19.594944,19.53302,19.657644,19.899385,20.050505,19.883118,20.329641,20.287207,19.506147,19.409687,4.0,0.0,0.0,0.0,4.0,0.0,0.0,0.0
37067,2023.0,9.0,15.0,9.0,20.744596,21.346058,20.077467,20.726215,20.343391,20.772076,19.555748,19.448792,19.429256,19.302507,20.04454,20.547405,20.12293,20.041094,20.054962,19.913815,20.201214,20.833233,0.0,4.0,0.0,0.0,0.0,0.0,0.0,4.0
37068,2023.0,9.0,15.0,10.0,20.218958,20.33678,19.842707,20.182177,20.524265,20.991074,19.484392,19.396612,20.04888,20.530945,19.994415,20.355812,20.155224,20.085646,19.949951,19.818779,19.968512,20.26325,4.0,4.0,0.0,4.0,4.0,0.0,0.0,0.0
37069,2023.0,9.0,15.0,10.0,19.989843,20.076323,20.035831,20.571878,20.029161,20.050232,20.158836,20.727135,20.359943,20.923124,20.020416,20.3931,20.165985,20.100422,19.900728,19.78976,19.57971,19.522568,4.0,0.0,4.0,4.0,0.0,0.0,0.0,0.0
37070,2023.0,9.0,15.0,10.0,19.9304,20.035923,20.01756,20.528454,19.782408,19.751125,19.805164,19.8657,20.484318,21.07268,19.646334,19.624716,20.177496,20.114735,19.875856,19.78514,19.42131,19.353596,0.0,0.0,0.0,4.0,0.0,0.0,0.0,0.0
37071,2023.0,9.0,15.0,10.0,19.905497,20.037825,19.58537,19.681515,20.358362,20.905466,19.563612,19.576885,20.585184,21.194948,19.497925,19.440434,20.191074,20.130363,19.870863,19.805079,19.390383,19.34014,0.0,4.0,0.0,4.0,0.0,0.0,0.0,0.0
37072,2023.0,9.0,15.0,10.0,19.893362,20.049324,19.826408,20.225357,20.518421,21.095636,20.160816,20.74635,20.667995,21.291792,19.483444,19.419384,20.966593,21.591223,19.861725,19.800835,19.364737,19.310186,4.0,4.0,4.0,4.0,0.0,4.0,0.0,0.0
37073,2023.0,9.0,15.0,10.0,19.872309,20.037968,20.029219,20.572445,20.039438,20.159657,19.78062,19.915943,20.010628,20.11791,19.484028,19.420803,21.23436,21.927536,19.853163,19.795149,19.347643,19.29463,0.0,0.0,0.0,0.0,0.0,4.0,0.0,0.0
37074,2023.0,9.0,15.0,11.0,20.557356,21.357525,20.014338,20.493326,20.455984,21.083817,20.188951,20.815325,19.840977,19.834316,19.849154,20.102898,21.383121,22.090021,19.846992,19.79193,19.335842,19.285818,4.0,4.0,4.0,0.0,4.0,4.0,0.0,0.0
37075,2023.0,9.0,15.0,11.0,20.723688,21.513546,20.015789,20.506237,20.594307,21.232296,19.795134,19.964045,19.817608,19.815636,20.0164,20.328857,20.827715,20.95335,19.84379,19.788628,19.33069,19.280367,0.0,4.0,0.0,0.0,0.0,0.0,0.0,0.0
37076,2023.0,9.0,15.0,11.0,20.79825,21.588558,20.053728,20.549797,20.12534,20.312027,20.164377,20.78014,20.453594,21.025839,19.766356,19.7778,21.336914,22.005733,20.83521,21.665236,19.326313,19.276224,4.0,0.0,4.0,4.0,0.0,4.0,4.0,0.0
37077,2023.0,9.0,15.0,11.0,20.867344,21.666124,20.085245,20.595442,20.56466,21.224638,19.808012,20.010778,20.018019,20.1737,19.666162,19.607323,21.548943,22.27139,20.341335,20.517385,19.327192,19.277279,4.0,4.0,0.0,0.0,0.0,4.0,0.0,0.0
37078,2023.0,9.0,15.0,11.0,20.346975,20.640759,20.115133,20.639334,20.19512,20.384548,19.618282,19.773592,19.890368,19.919197,20.02793,20.290089,21.659927,22.380915,20.048262,20.079826,19.32915,19.280184,4.0,0.0,0.0,0.0,4.0,4.0,0.0,0.0
37079,2023.0,9.0,15.0,11.0,20.811363,21.611464,19.998549,20.443533,20.035563,20.184692,20.165483,20.821667,19.886955,19.92091,20.216726,20.549885,21.054903,21.157877,20.970732,21.832878,19.333963,19.2861,0.0,0.0,4.0,0.0,4.0,0.0,4.0,0.0
37080,2023.0,9.0,15.0,12.0,21.009674,21.832838,20.117664,20.657335,19.977358,20.139494,19.883585,20.119928,19.810947,19.766134,20.046745,20.161997,21.585863,22.274824,20.475128,20.599184,19.340782,19.294718,4.0,0.0,0.0,0.0,0.0,4.0,0.0,0.0
37081,2023.0,9.0,15.0,12.0,21.060745,21.89317,19.994354,20.43701,21.137619,22.233295,21.182348,22.454086,20.466846,21.018862,19.996637,20.072624,21.782337,22.51748,21.33399,22.21,20.271126,21.052387,0.0,0.0,0.0,4.0,0.0,4.0,0.0,4.0
37082,2023.0,9.0,15.0,12.0,21.111504,21.94929,20.142027,20.703793,21.00567,21.858282,20.978209,21.916294,20.2295,20.355974,20.383104,20.784817,21.170658,21.271795,21.004894,21.535065,19.968542,20.270605,4.0,0.0,4.0,0.0,4.0,0.0,0.0,0.0
37083,2023.0,9.0,15.0,12.0,21.006437,21.758896,19.987457,20.409426,21.023775,21.826096,21.031816,21.973969,20.070524,20.144377,20.240782,20.390795,21.71932,22.426771,21.541235,22.490818,19.776636,19.88066,0.0,0.0,0.0,0.0,0.0,4.0,4.0,0.0
37084,2023.0,9.0,15.0,12.0,21.017866,21.767756,20.167051,20.74388,21.02095,21.774672,21.02219,21.902445,20.061567,20.140162,20.501307,20.91416,21.280035,21.40997,20.969248,21.346416,20.609716,21.485664,4.0,0.0,0.0,0.0,4.0,0.0,0.0,4.0
37085,2023.0,9.0,15.0,12.0,21.014685,21.748955,20.266666,20.871805,21.020828,21.742306,20.9962,21.791498,19.950405,19.919497,20.355469,20.528269,21.80768,22.530819,21.019972,21.446808,20.957428,21.864836,4.0,0.0,4.0,0.0,0.0,4.0,0.0,4.0
37086,2023.0,9.0,15.0,13.0,21.014778,21.738129,20.312258,20.928919,21.02028,21.717827,21.0265,21.848476,20.621077,21.23283,20.255953,20.388784,22.049046,22.808077,21.01046,21.423037,20.2593,20.44618,4.0,0.0,0.0,4.0,0.0,4.0,0.0,0.0
37087,2023.0,9.0,15.0,13.0,21.15406,21.960796,20.341177,20.956715,21.025782,21.679705,20.996288,21.745214,20.352222,20.51183,20.101501,20.085855,22.11279,22.866327,21.011404,21.42104,19.977615,20.08338,4.0,4.0,4.0,0.0,0.0,4.0,0.0,0.0
37088,2023.0,9.0,15.0,13.0,20.994421,21.66432,20.362469,20.975216,21.021759,21.692343,20.999897,21.738876,20.883158,21.609806,20.025383,19.991917,21.468239,21.596119,21.014067,21.419283,19.92176,20.024393,4.0,0.0,4.0,4.0,0.0,0.0,0.0,0.0
37089,2023.0,9.0,15.0,13.0,21.016657,21.708132,20.38147,20.991373,21.113194,21.832218,21.005625,21.73887,21.129965,21.885393,19.997442,19.966293,21.222496,21.283617,21.013731,21.415722,20.765617,21.642387,4.0,4.0,4.0,4.0,0.0,0.0,0.0,4.0
37090,2023.0,9.0,15.0,13.0,21.013613,21.69737,20.399265,21.006643,21.153114,21.87448,21.02402,21.787138,20.560116,20.747898,19.974165,19.94722,21.156021,21.214983,21.01402,21.416142,20.268942,20.459267,4.0,4.0,0.0,0.0,0.0,0.0,0.0,0.0
37091,2023.0,9.0,15.0,13.0,21.1864,21.990479,20.416426,21.021852,21.170456,21.890505,21.01842,21.760784,20.296883,20.400755,19.951256,19.928505,21.108944,21.169983,21.013483,21.416811,19.978645,20.084808,4.0,4.0,0.0,0.0,0.0,0.0,0.0,0.0
37092,2023.0,9.0,15.0,14.0,21.300169,22.153328,20.431427,21.033718,21.184301,21.901781,21.048744,21.774052,20.943438,21.668219,19.930693,19.913841,20.996832,21.00005,21.013968,21.42017,19.923374,20.033012,4.0,4.0,4.0,4.0,0.0,0.0,0.0,0.0
37093,2023.0,9.0,15.0,14.0,21.361324,22.223314,20.106737,20.416733,21.199955,21.917152,20.54531,20.821579,20.54673,20.744545,19.911028,19.900003,21.695328,22.359943,20.605057,20.633245,19.770452,19.76647,0.0,4.0,0.0,0.0,0.0,4.0,0.0,0.0
37094,2023.0,9.0,15.0,14.0,20.82361,21.188862,20.343962,20.927208,21.216806,21.934132,20.966501,21.725964,20.354065,20.467213,19.893995,19.888231,21.946371,22.728739,20.450392,20.43325,19.70503,19.697529,4.0,4.0,4.0,0.0,0.0,4.0,0.0,0.0
37095,2023.0,9.0,15.0,14.0,21.26127,22.118475,20.424873,21.030096,20.710909,20.975986,21.033587,21.767551,20.299633,20.4169,19.877644,19.877363,21.32633,21.490026,20.382734,20.368963,19.669735,19.667288,4.0,0.0,4.0,0.0,0.0,0.0,0.0,0.0
37096,2023.0,9.0,15.0,14.0,20.81924,21.210493,20.450659,21.054798,21.108044,21.829348,21.051579,21.780184,20.143875,20.151188,19.862562,19.867403,21.85995,22.577631,21.299728,22.155262,20.498528,21.26433,4.0,4.0,4.0,0.0,0.0,4.0,4.0,4.0
37097,2023.0,9.0,15.0,14.0,20.636942,20.96584,20.12892,20.43686,21.204653,21.929373,20.54997,20.823013,20.06687,20.065311,19.84886,19.858225,22.033245,22.813625,21.631758,22.606768,20.09865,20.353657,0.0,4.0,0.0,0.0,0.0,4.0,4.0,0.0
37098,2023.0,9.0,15.0,15.0,21.177546,22.032001,20.365257,20.940002,21.227285,21.946983,20.366695,20.589165,20.02681,20.029627,19.836847,19.850487,22.084936,22.86091,21.739737,22.705936,20.790808,21.707796,4.0,4.0,0.0,0.0,0.0,4.0,4.0,4.0
37099,2023.0,9.0,15.0,15.0,20.760244,21.14807,20.117687,20.431614,21.25487,21.972864,20.292318,20.51537,19.992208,19.99816,19.825314,19.842209,22.130121,22.90189,20.993021,21.226196,20.240557,20.513987,0.0,4.0,0.0,0.0,0.0,4.0,0.0,0.0
37100,2023.0,9.0,15.0,15.0,20.597124,20.925571,20.355745,20.929714,20.757412,21.02272,20.797268,21.504065,19.962847,19.971498,19.814571,19.834213,21.538042,21.748632,20.718113,20.823044,20.008179,20.1539,4.0,0.0,4.0,0.0,0.0,0.0,0.0,0.0
37101,2023.0,9.0,15.0,15.0,21.140919,21.987213,20.45364,21.057644,20.570072,20.775122,20.942467,21.678608,19.937483,19.948858,19.804893,19.827076,21.316477,21.413548,20.628483,20.728065,19.949211,20.089226,4.0,0.0,4.0,0.0,0.0,0.0,0.0,0.0
37102,2023.0,9.0,15.0,15.0,21.285772,22.150612,20.148046,20.461737,20.497036,20.70232,20.995016,21.726997,19.915579,19.929708,19.796663,19.821291,21.242537,21.334549,21.557318,22.530094,20.78127,21.685347,0.0,0.0,4.0,0.0,0.0,0.0,4.0,4.0
37103,2023.0,9.0,15.0,15.0,20.79716,21.181786,20.3757,20.938908,21.035816,21.757917,20.522003,20.806599,19.89669,19.913218,19.789581,19.816488,21.194487,21.28978,20.939737,21.187344,20.263529,20.53995,4.0,4.0,0.0,0.0,0.0,0.0,0.0,0.0
37104,2023.0,9.0,15.0,16.0,21.236582,22.09072,20.134256,20.43868,21.16884,21.894028,20.341955,20.563799,20.571104,21.20304,19.783176,19.812237,21.156277,21.254717,20.673737,20.784864,20.036602,20.184958,0.0,4.0,0.0,4.0,0.0,0.0,0.0,0.0
37105,2023.0,9.0,15.0,16.0,21.353964,22.210838,20.380613,20.947935,21.209831,21.925692,20.276087,20.492607,20.184105,20.332989,19.776451,19.806683,21.035603,21.048143,20.599056,20.703615,19.98037,20.121546,4.0,4.0,0.0,0.0,0.0,0.0,0.0,0.0
37106,2023.0,9.0,15.0,16.0,21.400751,22.250622,20.12666,20.418358,20.716902,20.96665,20.228249,20.4423,20.106697,20.247814,19.769625,19.800709,20.977646,20.979235,20.550621,20.655376,19.827541,19.850325,0.0,0.0,0.0,0.0,0.0,0.0,0.0,0.0
37107,2023.0,9.0,15.0,16.0,21.442066,22.286148,20.387173,20.954004,21.161854,21.89735,20.081465,20.183939,20.102488,20.252491,19.763245,19.79513,20.942717,20.945694,20.417793,20.427013,19.766594,19.783913,4.0,4.0,0.0,0.0,0.0,0.0,0.0,0.0
37108,2023.0,9.0,15.0,16.0,20.931274,21.296904,20.142595,20.441414,21.244965,21.955778,20.646667,21.292255,19.977337,20.012276,19.75732,19.790047,20.912958,20.917978,20.360302,20.367043,20.588367,21.368053,0.0,4.0,4.0,0.0,0.0,0.0,0.0,4.0
37109,2023.0,9.0,15.0,16.0,20.746054,21.049057,20.02428,20.269775,21.272697,21.973394,20.805834,21.46436,19.924314,19.946186,19.751732,19.785088,20.886003,20.892128,20.323921,20.33186,20.159758,20.396477,0.0,4.0,4.0,0.0,0.0,0.0,0.0,0.0
37110,2023.0,9.0,15.0,17.0,20.67776,20.977234,19.866123,19.985163,20.774193,21.009878,20.922394,21.638622,19.903616,19.926273,20.108648,20.461906,20.861715,20.86901,20.293802,20.30304,19.986713,20.128746,0.0,0.0,4.0,0.0,4.0,0.0,0.0,0.0
37111,2023.0,9.0,15.0,17.0,21.224516,22.039474,19.78484,19.87754,21.201838,21.910294,20.452417,20.70204,19.885555,19.908588,19.989416,20.19828,20.839048,20.847225,20.268091,20.278511,19.943455,20.078604,0.0,4.0,0.0,0.0,0.0,0.0,0.0,0.0
37112,2023.0,9.0,15.0,17.0,21.427301,22.252748,19.735249,19.823689,20.805742,21.034027,20.238981,20.436775,19.868135,19.891445,19.847542,19.90777,20.815336,20.824165,20.242002,20.253275,19.912708,20.045918,0.0,0.0,0.0,0.0,0.0,0.0,0.0,0.0
37113,2023.0,9.0,15.0,17.0,21.474817,22.292622,20.126955,20.581545,21.219885,21.910666,20.189175,20.379461,19.855463,19.87918,19.792828,19.827612,20.796427,20.80602,20.22242,20.234606,20.71165,21.559772,4.0,4.0,0.0,0.0,0.0,0.0,0.0,4.0
37114,2023.0,9.0,15.0,17.0,20.961397,21.295132,20.254162,20.732826,21.313257,21.995062,20.156143,20.342087,20.527874,21.15833,19.775175,19.808306,20.777996,20.788296,20.20393,20.21693,20.206997,20.439068,4.0,4.0,0.0,4.0,0.0,0.0,0.0,0.0
37115,2023.0,9.0,15.0,17.0,20.779192,21.051512,19.990011,20.26537,21.336296,22.007257,20.64327,21.263166,20.209486,20.413843,19.761202,19.793737,20.760447,20.771175,20.18726,20.200823,20.006102,20.132067,0.0,4.0,4.0,0.0,0.0,0.0,0.0,0.0
37116,2023.0,9.0,15.0,18.0,21.297915,22.086224,19.919216,20.137852,21.36546,22.02968,20.893847,21.57951,20.041473,20.184835,19.748297,19.781565,20.742384,20.75429,20.170956,20.185745,20.81832,21.706276,0.0,4.0,4.0,0.0,0.0,0.0,0.0,4.0
37117,2023.0,9.0,15.0,18.0,20.971697,21.451523,20.243904,20.7539,21.382168,22.035519,21.033592,21.790722,20.693924,21.425499,19.73526,19.766378,21.487005,22.185213,21.137281,21.878897,20.254301,20.46427,4.0,4.0,0.0,4.0,0.0,4.0,0.0,0.0
37118,2023.0,9.0,15.0,18.0,21.32457,22.09996,20.397448,20.92601,21.397642,22.039278,21.015173,21.696676,20.335316,20.527416,19.720182,19.74928,21.11443,21.265184,21.459326,22.371395,19.958447,20.071156,4.0,4.0,0.0,0.0,0.0,0.0,4.0,0.0
37119,2023.0,9.0,15.0,18.0,21.462894,22.235224,20.095497,20.320042,20.979048,21.314234,21.017471,21.658817,20.098814,20.212255,19.704794,19.732489,21.635923,22.371449,20.96266,21.385614,20.77424,21.649168,0.0,0.0,0.0,0.0,0.0,4.0,0.0,4.0
37120,2023.0,9.0,15.0,18.0,20.973457,21.361765,20.289238,20.764069,21.263655,21.867025,21.016787,21.624788,20.034899,20.129229,19.688452,19.714651,21.176537,21.317577,21.515266,22.40431,20.285025,20.461016,4.0,4.0,0.0,0.0,0.0,0.0,4.0,0.0
37121,2023.0,9.0,15.0,18.0,21.370228,22.129505,20.05351,20.228764,20.962702,21.286945,21.08932,21.706375,19.93406,19.955818,20.0478,20.404942,21.002235,21.136618,21.723846,22.59976,19.974861,20.055908,0.0,0.0,4.0,0.0,4.0,0.0,4.0,0.0
37122,2023.0,9.0,15.0,19.0,20.969843,21.341925,20.282656,20.740444,21.258856,21.849943,21.12786,21.742714,19.879925,19.894306,19.990618,20.216925,21.005335,21.161581,20.950684,21.207518,19.902,19.971693,4.0,4.0,4.0,0.0,0.0,0.0,0.0,0.0
37123,2023.0,9.0,15.0,19.0,21.347918,22.069942,20.400558,20.86052,20.975306,21.299047,21.139854,21.737438,19.846815,19.857548,19.827465,19.891258,21.00576,21.17448,21.645359,22.555637,19.852188,19.910416,4.0,0.0,4.0,0.0,0.0,0.0,4.0,0.0
37124,2023.0,9.0,15.0,19.0,20.973463,21.33338,20.070831,20.214329,21.231577,21.784048,21.141947,21.721437,19.818329,19.824486,19.718266,19.735462,21.567797,22.236921,20.95815,21.198277,20.637741,21.420439,0.0,4.0,4.0,0.0,0.0,4.0,0.0,4.0
37125,2023.0,9.0,15.0,19.0,21.327366,22.013197,19.881182,19.958242,21.322617,21.87124,21.003683,21.489307,19.792238,19.795135,20.034866,20.36049,21.010498,21.136753,21.0242,21.359198,20.157421,20.254065,0.0,4.0,0.0,0.0,4.0,0.0,0.0,0.0
37126,2023.0,9.0,15.0,19.0,20.973019,21.317142,20.209745,20.611801,21.331587,21.861765,21.095947,21.634148,20.498102,21.149445,19.990711,20.202526,21.021461,21.177187,21.012327,21.343857,20.698004,21.450592,4.0,4.0,4.0,4.0,0.0,0.0,0.0,4.0
37127,2023.0,9.0,15.0,19.0,21.3121,21.966055,20.351395,20.765793,21.331776,21.843222,21.121428,21.646051,20.12313,20.193106,19.808582,19.844082,21.006834,21.164368,21.014074,21.348866,20.179588,20.24612,4.0,4.0,4.0,0.0,0.0,0.0,0.0,0.0
37128,2023.0,9.0,15.0,20.0,20.954004,21.26794,20.334927,20.698008,21.326872,21.819,21.004667,21.454386,19.854305,19.838182,20.07253,20.405779,21.007288,21.174858,21.014194,21.347454,19.874773,19.857254,4.0,4.0,0.0,0.0,4.0,0.0,0.0,0.0
37129,2023.0,9.0,15.0,20.0,21.317507,21.961502,20.338045,20.688148,21.328321,21.810753,21.090443,21.586712,19.787867,19.763239,19.988968,20.180138,21.00711,21.18135,21.01223,21.345255,19.78902,19.764355,4.0,4.0,4.0,0.0,0.0,0.0,0.0,0.0
37130,2023.0,9.0,15.0,20.0,20.960093,21.262299,20.346697,20.68572,20.970797,21.198643,21.007786,21.441721,19.765924,19.752758,20.118538,20.402027,21.00715,21.186483,21.01222,21.345312,19.73495,19.703686,4.0,0.0,0.0,0.0,4.0,0.0,0.0,0.0
37131,2023.0,9.0,15.0,20.0,21.017467,21.3894,19.988363,20.069405,21.019371,21.315866,21.01951,21.45943,20.48745,21.140345,19.992435,20.155558,21.537891,22.186527,21.01273,21.3458,19.711494,19.697437,0.0,0.0,0.0,4.0,0.0,4.0,0.0,0.0
37132,2023.0,9.0,15.0,20.0,21.011318,21.380484,20.229643,20.54588,21.01374,21.313002,21.018055,21.44845,20.67367,21.220528,19.780571,19.75141,20.970362,21.058777,21.01282,21.345257,19.684795,19.67113,4.0,0.0,0.0,4.0,0.0,0.0,0.0,0.0
37133,2023.0,9.0,15.0,20.0,21.384975,22.07494,19.989845,20.08605,21.014688,21.317581,21.178125,21.725067,20.708868,21.2384,19.690641,19.671041,21.43379,21.957552,21.012875,21.344519,20.527597,21.288927,0.0,0.0,4.0,4.0,0.0,4.0,0.0,4.0
37134,2023.0,9.0,15.0,21.0,20.967854,21.254498,19.80805,19.7611,21.011059,21.317547,21.147537,21.600664,20.14741,20.131245,19.656271,19.637915,20.97682,21.054134,21.60482,22.442312,19.970478,20.091534,0.0,0.0,4.0,0.0,0.0,0.0,4.0,0.0
37135,2023.0,9.0,15.0,21.0,21.280771,21.854511,19.753933,19.728085,21.284,21.817513,21.00692,21.388628,20.541708,21.047249,19.6214,19.601707,21.440565,21.955688,20.939777,21.125792,19.750956,19.696547,0.0,4.0,0.0,4.0,0.0,4.0,0.0,0.0
37136,2023.0,9.0,15.0,21.0,20.96906,21.244658,20.166124,20.525475,20.971935,21.208584,21.02047,21.416378,20.109713,20.065298,19.58746,19.563602,20.971178,21.031496,21.027422,21.318903,19.64942,19.581194,4.0,0.0,0.0,0.0,0.0,0.0,0.0,0.0
37137,2023.0,9.0,15.0,21.0,21.017887,21.354767,19.984196,20.123726,21.164488,21.568811,21.080608,21.497833,20.563284,21.098558,19.555853,19.528286,21.43483,21.934704,21.014523,21.300486,19.59942,19.527267,0.0,4.0,4.0,4.0,0.0,4.0,0.0,0.0
37138,2023.0,9.0,15.0,21.0,21.011532,21.345783,19.828054,19.833439,21.226124,21.627316,21.011208,21.385794,20.730185,21.211512,19.866894,20.133486,20.958258,20.998007,21.016031,21.305399,19.612343,19.588905,0.0,4.0,0.0,4.0,4.0,0.0,0.0,0.0
37139,2023.0,9.0,15.0,21.0,21.0083,21.348415,19.736687,19.712212,21.233316,21.624676,21.020397,21.401615,20.144053,20.075985,20.018095,20.312883,21.017792,21.140856,21.620855,22.436079,20.452438,21.183733,0.0,4.0,0.0,0.0,0.0,0.0,4.0,4.0
37140,2023.0,9.0,15.0,22.0,21.008984,21.354921,19.691917,19.657715,21.23532,21.616701,21.01916,21.393227,19.87195,19.751404,19.735245,19.73358,21.011246,21.141039,21.697775,22.364246,19.95132,20.064661,0.0,4.0,0.0,0.0,0.0,0.0,4.0,0.0
37141,2023.0,9.0,15.0,22.0,21.008982,21.358051,19.660234,19.620947,20.98938,21.203337,21.01389,21.387312,19.776978,19.645048,19.58725,19.548841,21.012333,21.151184,20.945623,21.055098,19.695248,19.59023,0.0,0.0,0.0,0.0,0.0,0.0,0.0,0.0
37142,2023.0,9.0,15.0,22.0,21.009254,21.360544,19.632063,19.588078,21.020573,21.277172,21.01483,21.391043,19.70822,19.569864,19.537167,19.492477,21.541159,22.158926,21.027609,21.255232,19.570375,19.453989,0.0,0.0,0.0,0.0,0.0,4.0,0.0,0.0
37143,2023.0,9.0,15.0,22.0,21.009394,21.362116,20.042555,20.376244,21.016306,21.27198,21.014767,21.39173,19.74248,19.692608,19.498482,19.449965,20.962652,21.012083,21.015442,21.250006,19.50933,19.385984,4.0,0.0,0.0,0.0,0.0,0.0,0.0,0.0
37144,2023.0,9.0,15.0,22.0,21.009005,21.362701,19.979162,20.172033,21.016975,21.273342,21.014706,21.391638,19.732628,19.6807,19.4613,19.406944,21.026045,21.155876,21.017218,21.264154,19.552614,19.516474,0.0,0.0,0.0,0.0,0.0,0.0,0.0,0.0
37145,2023.0,9.0,15.0,22.0,21.009432,21.36424,19.638716,19.494421,21.01091,21.272947,21.014816,21.391296,19.699844,19.645731,19.428694,19.37155,21.012135,21.142775,21.012207,21.270927,19.540426,19.492994,0.0,0.0,0.0,0.0,0.0,0.0,0.0,0.0
37146,2023.0,9.0,15.0,23.0,21.00935,21.364542,19.884497,20.052906,21.011637,21.281866,21.015003,21.390862,19.666328,19.608343,19.396427,19.335278,21.008617,21.155584,21.012793,21.284119,19.51252,19.46165,4.0,0.0,0.0,0.0,0.0,0.0,0.0,0.0
37147,2023.0,9.0,15.0,23.0,20.75368,20.872456,19.619032,19.47645,20.705704,20.69888,20.616539,20.623106,20.22314,20.679958,19.66505,19.861368,20.77127,20.713444,20.664124,20.621723,19.489527,19.4387,0.0,0.0,0.0,4.0,4.0,0.0,0.0,0.0
37148,2023.0,9.0,15.0,23.0,20.648708,20.736082,19.463772,19.239523,20.555433,20.486404,20.436005,20.37477,19.830727,19.81023,19.465391,19.423239,20.679337,20.604576,20.534384,20.46977,19.469254,19.416744,0.0,0.0,0.0,0.0,0.0,0.0,0.0,0.0
37149,2023.0,9.0,15.0,23.0,20.595623,20.679504,19.528227,19.424582,20.482405,20.405857,20.350948,20.282719,20.164072,20.49852,19.377739,19.311512,20.62534,20.548695,20.460419,20.393747,19.448837,19.39469,0.0,0.0,0.0,4.0,0.0,0.0,0.0,0.0
37150,2023.0,9.0,15.0,23.0,20.55388,20.635803,19.544846,19.47064,20.428362,20.350948,20.287792,20.218992,19.694017,19.52667,19.346579,19.27892,20.578167,20.500566,20.398373,20.331043,19.429102,19.37375,0.0,0.0,0.0,0.0,0.0,0.0,0.0,0.0
37151,2023.0,9.0,15.0,23.0,20.515549,20.593674,19.530893,19.457884,20.377464,20.295408,20.229225,20.155369,19.536482,19.340815,19.315474,19.24429,20.532982,20.451906,20.340742,20.269947,19.40855,19.350935,0.0,0.0,0.0,0.0,0.0,0.0,0.0,0.0
37152,2023.0,9.0,16.0,0.0,20.484842,20.563456,19.515078,19.442417,20.338774,20.259516,20.185265,20.114796,19.599173,19.528566,19.290802,19.220015,20.495813,20.415758,20.293398,20.224087,20.121357,20.708965,0.0,0.0,0.0,0.0,0.0,0.0,0.0,4.0
37153,2023.0,9.0,16.0,0.0,20.451431,20.525557,19.494877,19.418198,20.295864,20.211555,20.13731,20.061321,19.587688,19.517979,19.262924,19.188036,20.456514,20.372408,20.244823,20.171486,20.418669,21.097477,0.0,0.0,0.0,0.0,0.0,0.0,0.0,4.0
37154,2023.0,9.0,16.0,0.0,20.424185,20.49803,19.478697,19.401756,20.262566,20.179996,20.100903,20.02679,19.560154,19.490473,19.239826,19.164839,20.423851,20.34013,20.204304,20.13174,19.646286,19.522661,0.0,0.0,0.0,0.0,0.0,0.0,0.0,0.0
37155,2023.0,9.0,16.0,0.0,20.394394,20.463913,19.458855,19.37768,20.225134,20.13785,20.06055,19.981205,19.530172,19.456806,19.21328,19.134298,20.388815,20.301281,20.161964,20.085695,19.411634,19.218992,0.0,0.0,0.0,0.0,0.0,0.0,0.0,0.0
37156,2023.0,9.0,16.0,0.0,20.368052,20.435349,19.44121,19.357735,20.1927,20.103872,20.025799,19.944788,19.502687,19.427532,19.188862,19.107843,20.357258,20.267998,20.123915,20.046158,19.333725,19.140247,0.0,0.0,0.0,0.0,0.0,0.0,0.0,0.0
37157,2023.0,9.0,16.0,0.0,20.342628,20.407566,19.423767,19.337963,20.161789,20.071384,19.99274,19.910126,19.475803,19.39886,19.164476,19.081423,20.326841,20.235842,20.087557,20.0083,19.412428,19.359241,0.0,0.0,0.0,0.0,0.0,0.0,0.0,0.0
37158,2023.0,9.0,16.0,1.0,20.31813,20.380678,19.406544,19.31837,20.132288,20.040247,19.961279,19.877052,19.449402,19.370674,19.140081,19.054993,20.297394,20.204649,20.052673,19.971905,19.38449,19.314167,0.0,0.0,0.0,0.0,0.0,0.0,0.0,0.0
37159,2023.0,9.0,16.0,1.0,20.294973,20.355827,19.390293,19.300644,20.104624,20.011732,19.931889,19.846834,19.423824,19.343895,19.116161,19.029705,20.269218,20.175291,20.019365,19.937597,19.355185,19.283653,0.0,0.0,0.0,0.0,0.0,0.0,0.0,0.0
37160,2023.0,9.0,16.0,1.0,20.916548,21.539614,19.37601,19.28667,20.080395,19.989084,19.906301,19.822975,19.400316,19.320908,19.384012,19.549267,20.243574,20.15024,20.904858,21.633427,20.053003,20.620401,0.0,0.0,0.0,0.0,4.0,0.0,4.0,4.0
37161,2023.0,9.0,16.0,1.0,20.522182,20.663067,19.360218,19.269314,20.054781,19.962364,19.87939,19.79495,19.94811,20.369318,19.20321,19.148664,20.905144,21.423765,20.151335,19.99736,19.44337,19.296556,0.0,0.0,0.0,4.0,0.0,4.0,0.0,0.0
37162,2023.0,9.0,16.0,1.0,20.171055,20.0511,19.344633,19.251955,20.030125,19.936285,19.853567,19.76771,19.584812,19.557564,19.397379,19.562992,20.266462,20.063168,20.788792,21.339214,19.927063,20.329182,0.0,0.0,0.0,0.0,4.0,0.0,4.0,4.0
37163,2023.0,9.0,16.0,1.0,20.046597,19.885817,19.329336,19.234901,20.006428,19.91121,19.828764,19.741581,19.43848,19.356792,19.52257,19.738432,20.061665,19.794455,20.128498,19.942223,19.408733,19.231281,0.0,0.0,0.0,0.0,4.0,0.0,0.0,0.0
37164,2023.0,9.0,16.0,2.0,20.178057,20.209036,19.313974,19.217419,19.982838,19.885874,19.804369,19.715385,19.395353,19.31097,19.058779,18.817581,19.993649,19.72106,19.90082,19.659908,19.222326,19.006119,0.0,0.0,0.0,0.0,0.0,0.0,0.0,0.0
37165,2023.0,9.0,16.0,2.0,20.206093,20.269453,19.298859,19.200438,19.959766,19.861616,19.78085,19.690569,19.358776,19.273237,18.89657,18.631886,20.093351,19.976105,19.813848,19.570698,19.854902,20.255072,0.0,0.0,0.0,0.0,0.0,0.0,0.0,4.0
37166,2023.0,9.0,16.0,2.0,20.19514,20.26083,19.283058,19.182745,19.936384,19.836887,19.757233,19.665464,19.32591,19.238853,18.994692,18.89571,20.103876,20.000818,19.74102,19.49593,19.328442,19.133066,0.0,0.0,0.0,0.0,0.0,0.0,0.0,0.0
37167,2023.0,9.0,16.0,2.0,20.176163,20.23983,19.266777,19.164675,19.913048,19.81221,19.733862,19.640587,19.879799,20.30553,19.295395,19.45795,20.083124,19.980291,19.82271,19.719833,19.86006,20.252384,0.0,0.0,0.0,4.0,4.0,0.0,0.0,4.0
37168,2023.0,9.0,16.0,2.0,20.156528,20.218485,19.25062,19.14685,19.890112,19.788174,19.711092,19.61652,19.334562,19.135391,19.101467,19.035769,20.060377,19.95661,20.745966,21.470274,20.063562,20.506102,0.0,0.0,0.0,0.0,0.0,0.0,4.0,4.0
37169,2023.0,9.0,16.0,2.0,20.136526,20.19658,19.234383,19.12868,19.867348,19.763966,19.688684,19.592442,19.126986,18.87061,18.999561,18.900757,20.036905,19.931984,19.985214,19.814846,19.417355,19.231941,0.0,0.0,0.0,0.0,0.0,0.0,0.0,0.0
37170,2023.0,9.0,16.0,3.0,20.115656,20.17339,19.217571,19.10961,19.844484,19.73907,19.666063,19.56768,19.056627,18.797188,18.963638,18.862835,20.01309,19.906563,19.719793,19.461895,19.955019,20.3888,0.0,0.0,0.0,0.0,0.0,0.0,0.0,4.0
37171,2023.0,9.0,16.0,3.0,20.094505,20.15007,19.200733,19.09084,19.821823,19.714659,19.64367,19.543428,19.151743,19.046093,19.239763,19.408243,19.9896,19.881626,19.635004,19.374434,20.10634,20.540155,0.0,0.0,0.0,0.0,4.0,0.0,0.0,4.0
37172,2023.0,9.0,16.0,3.0,20.074116,20.128475,19.184772,19.07387,19.800243,19.692503,19.62275,19.52166,19.158382,19.062428,19.02559,18.947329,19.96734,19.858858,19.56755,19.307491,19.419794,19.203663,0.0,0.0,0.0,0.0,0.0,0.0,0.0,0.0
37173,2023.0,9.0,16.0,3.0,20.053192,20.105867,19.16839,19.05598,19.77806,19.669247,19.601511,19.499016,19.137892,19.042196,18.928333,18.824152,19.944897,19.835459,19.660034,19.550264,19.9681,20.391068,0.0,0.0,0.0,0.0,0.0,0.0,0.0,4.0
37174,2023.0,9.0,16.0,3.0,20.032526,20.083733,19.152052,19.038366,19.75608,19.646458,19.58043,19.47687,19.686195,20.090885,19.182045,19.327925,19.922937,19.812784,20.594969,21.318768,19.392078,19.188728,0.0,0.0,0.0,4.0,4.0,0.0,4.0,0.0
37175,2023.0,9.0,16.0,3.0,20.011904,20.061504,19.135464,19.02033,19.73411,19.623377,19.559135,19.454348,19.33164,19.2969,18.992758,18.92011,19.901043,19.79002,19.827585,19.645735,19.168882,18.915827,0.0,0.0,0.0,0.0,0.0,0.0,0.0,0.0
37176,2023.0,9.0,16.0,4.0,19.991287,20.039042,19.118633,19.001749,19.712103,19.599852,19.537369,19.431149,19.017591,18.762644,18.884752,18.77751,19.879086,19.76694,20.467037,20.993954,19.079365,18.827353,0.0,0.0,0.0,0.0,0.0,0.0,4.0,0.0
37177,2023.0,9.0,16.0,4.0,19.9713,20.017952,19.102324,18.984503,19.690928,19.577915,19.516031,19.409246,18.908672,18.636791,18.847538,18.739794,19.857975,19.745392,19.79862,19.578238,19.14979,19.042505,0.0,0.0,0.0,0.0,0.0,0.0,0.0,0.0
37178,2023.0,9.0,16.0,4.0,19.949842,19.99417,19.084291,18.964071,19.668165,19.552635,19.492779,19.383738,19.016195,18.914894,18.81058,18.699818,19.835953,19.721764,19.566526,19.289381,19.144604,19.05093,0.0,0.0,0.0,0.0,0.0,0.0,0.0,0.0
37179,2023.0,9.0,16.0,4.0,19.930084,19.973997,19.068861,18.949093,19.648298,19.533401,19.472544,19.364326,19.013567,18.912762,19.090202,19.251522,19.81602,19.702177,19.483969,19.210173,19.1122,19.019281,0.0,0.0,0.0,0.0,4.0,0.0,0.0,0.0
37180,2023.0,9.0,16.0,4.0,19.908863,19.951025,19.051138,18.929485,19.625818,19.509207,19.44995,19.340065,18.991997,18.890818,19.209103,19.411991,19.794815,19.679916,19.411081,19.136005,19.077547,18.983349,0.0,0.0,0.0,0.0,4.0,0.0,0.0,0.0
37181,2023.0,9.0,16.0,4.0,19.889292,19.931297,19.036158,18.915035,19.605883,19.49033,19.43023,19.321327,18.969753,18.869362,18.7105,18.421587,19.77529,19.660963,19.512306,19.399624,19.045843,18.952753,0.0,0.0,0.0,0.0,0.0,0.0,0.0,0.0
37182,2023.0,9.0,16.0,5.0,19.867733,19.907694,19.018425,18.895014,19.582804,19.465277,19.40756,19.296587,18.944605,18.842802,18.537579,18.2267,19.753992,19.638384,19.515368,19.413593,19.012505,18.917824,0.0,0.0,0.0,0.0,0.0,0.0,0.0,0.0
37183,2023.0,9.0,16.0,5.0,19.847876,19.887474,19.002918,18.880089,19.562468,19.445751,19.387445,19.277254,18.921305,18.820065,18.679213,18.581785,19.734388,19.619184,19.490698,19.389389,18.982283,18.888203,0.0,0.0,0.0,0.0,0.0,0.0,0.0,0.0
37184,2023.0,9.0,16.0,5.0,19.827715,19.866554,18.985788,18.862293,19.540924,19.423553,19.365938,19.255157,18.897352,18.795767,18.669687,18.55743,19.714323,19.598812,19.463333,19.3618,18.952276,18.857851,0.0,0.0,0.0,0.0,0.0,0.0,0.0,0.0
37185,2023.0,9.0,16.0,5.0,19.808826,19.84824,18.970737,18.848894,19.521751,19.40622,19.346762,19.237873,19.45212,19.858301,18.644178,18.533958,19.695786,19.581467,19.436962,19.336992,19.654514,20.205708,0.0,0.0,0.0,4.0,0.0,0.0,0.0,4.0
37186,2023.0,9.0,16.0,5.0,19.788887,19.827688,18.954166,18.832306,19.50093,19.385431,19.32608,19.217216,19.084429,19.037598,18.91056,19.05405,20.387503,20.907541,19.40934,19.309536,19.175245,19.145405,0.0,0.0,0.0,0.0,4.0,4.0,0.0,0.0
37187,2023.0,9.0,16.0,5.0,20.426384,21.039421,18.9378,18.8159,19.480358,19.364904,19.30577,19.1969,18.93891,18.840487,18.724384,18.64454,19.72194,19.485044,20.321865,21.052702,18.855562,18.615198,0.0,0.0,0.0,0.0,0.0,0.0,4.0,0.0
37188,2023.0,9.0,16.0,6.0,20.625357,21.269035,18.921572,18.799528,19.460073,19.344503,19.94537,20.414963,18.897812,18.798733,18.91185,19.050535,20.18201,20.470987,19.541573,19.355814,18.744184,18.489515,0.0,0.0,4.0,0.0,4.0,4.0,0.0,0.0
37189,2023.0,9.0,16.0,6.0,21.056572,21.936943,18.906982,18.786343,21.169329,22.37183,21.14908,22.432419,18.863832,18.765135,20.143116,21.15849,21.085348,21.973778,21.244312,22.362455,19.59068,20.163568,0.0,4.0,0.0,0.0,4.0,4.0,4.0,4.0
37190,2023.0,9.0,16.0,6.0,21.001974,21.728912,19.341034,19.614225,20.982584,21.828466,21.023438,21.980772,19.446182,19.891602,20.020569,20.76274,20.998926,21.676783,21.015991,21.86848,20.052605,20.728256,4.0,4.0,0.0,4.0,0.0,4.0,0.0,0.0
37191,2023.0,9.0,16.0,6.0,21.009169,21.67708,20.09177,20.829733,21.04473,21.845234,21.039955,21.886164,20.057325,20.75456,19.40014,19.438972,21.037868,21.689348,21.038057,21.818697,19.94037,20.373838,0.0,0.0,0.0,4.0,4.0,0.0,0.0,4.0
37192,2023.0,9.0,16.0,6.0,21.006784,21.628523,19.446306,19.45862,21.007982,21.663544,21.000113,21.723204,20.027407,20.616436,20.17743,20.91109,21.030424,21.606596,20.993315,21.632763,20.045984,20.583525,0.0,4.0,4.0,0.0,0.0,0.0,4.0,0.0
37193,2023.0,9.0,16.0,6.0,21.006548,21.597061,19.543365,19.817755,21.013697,21.618542,21.043486,21.768549,19.822363,20.112024,19.249878,19.066149,21.030077,21.55518,21.041931,21.717264,19.30749,19.108448,4.0,4.0,0.0,4.0,0.0,0.0,0.0,0.0
37194,2023.0,9.0,16.0,7.0,21.005913,21.573671,20.056128,20.633059,21.011713,21.576914,21.007498,21.631498,20.041887,20.525684,18.964434,18.857838,21.028576,21.514269,20.989088,21.547787,18.968868,18.724873,4.0,4.0,4.0,4.0,0.0,0.0,4.0,0.0
37195,2023.0,9.0,16.0,7.0,21.033619,21.63218,20.025743,20.512712,21.03774,21.621872,21.0409,21.689833,20.027563,20.481012,18.92343,18.82075,21.171774,21.748722,21.006428,21.560184,19.887129,20.570526,0.0,0.0,0.0,0.0,0.0,4.0,4.0,4.0
37196,2023.0,9.0,16.0,7.0,20.999193,21.523746,19.346304,19.1518,21.031307,21.58277,21.033745,21.650536,19.979496,20.315441,19.207497,19.406092,20.995129,21.378414,21.031593,21.59197,20.010962,20.52527,0.0,0.0,0.0,4.0,4.0,4.0,4.0,0.0
37197,2023.0,9.0,16.0,7.0,21.004276,21.526217,18.982443,18.684528,21.031153,21.561226,21.007639,21.558552,20.035656,20.444082,20.106718,20.885553,21.034004,21.467678,21.033947,21.616047,19.301346,19.105438,0.0,0.0,4.0,0.0,4.0,0.0,0.0,0.0
37198,2023.0,9.0,16.0,7.0,21.031734,21.597466,19.442583,19.663847,21.00403,21.4715,21.038773,21.632227,19.39328,19.18083,20.005333,20.583738,21.007124,21.368288,21.091402,21.663568,19.010418,18.799696,4.0,4.0,0.0,0.0,4.0,4.0,4.0,0.0
37199,2023.0,9.0,16.0,7.0,21.024593,21.574137,20.084246,20.690388,21.03634,21.550915,21.031466,21.606909,19.103575,18.870728,20.015318,20.527712,21.031067,21.437487,21.02214,21.555256,18.927261,18.724442,0.0,0.0,0.0,0.0,4.0,0.0,0.0,0.0
37200,2023.0,9.0,16.0,8.0,21.025415,21.567684,19.528273,19.54455,21.028852,21.528528,21.022842,21.59873,19.15631,19.07687,20.029669,20.514307,21.04759,21.423634,21.029667,21.556261,19.005676,18.94446,0.0,0.0,0.0,0.0,0.0,4.0,0.0,0.0
37201,2023.0,9.0,16.0,8.0,20.404041,20.369541,19.242193,19.172073,20.316736,20.155691,20.420319,20.445978,19.159641,19.092024,19.378431,19.217339,20.401892,20.199799,20.288746,20.116016,19.014044,18.953474,0.0,0.0,0.0,0.0,0.0,0.0,0.0,0.0
37202,2023.0,9.0,16.0,8.0,20.325838,20.384768,19.176954,19.097126,20.77099,21.180437,20.146267,20.07315,19.136175,19.074192,19.125998,18.8911,20.194105,19.944857,20.036104,19.814644,18.998919,18.94288,0.0,4.0,0.0,0.0,0.0,0.0,0.0,0.0
37203,2023.0,9.0,16.0,8.0,20.276701,20.3622,19.141268,19.067474,20.757055,21.08414,20.025711,19.952765,19.116169,19.060392,19.172953,19.074835,20.845337,21.258574,20.05207,19.96607,18.98741,18.936954,0.0,4.0,0.0,0.0,0.0,4.0,0.0,0.0
37204,2023.0,9.0,16.0,8.0,20.91684,21.631006,19.553848,19.873547,20.735567,21.067474,19.93564,19.868357,19.101637,19.05155,19.177094,19.109455,21.012468,21.459055,20.01654,19.950808,18.979498,18.934338,4.0,4.0,0.0,0.0,0.0,4.0,0.0,0.0
37205,2023.0,9.0,16.0,8.0,20.875626,21.412086,20.06572,20.727074,20.203516,20.087626,20.521818,21.042395,19.092237,19.047873,19.151802,19.09009,20.405172,20.269802,19.966452,19.906172,19.803469,20.495352,0.0,0.0,4.0,0.0,0.0,0.0,0.0,4.0
37206,2023.0,9.0,16.0,9.0,20.28233,20.322308,19.426737,19.39441,20.521975,20.872238,20.152105,20.198786,19.79123,20.375917,19.126009,19.068447,20.159567,19.97423,19.914434,19.857956,20.02659,20.642948,0.0,4.0,0.0,4.0,0.0,0.0,0.0,0.0
37207,2023.0,9.0,16.0,9.0,20.0276,20.020807,19.1016,18.970472,20.680346,21.072203,19.756472,19.621817,20.02667,20.585691,19.108847,19.055147,20.106615,19.933493,19.87232,19.81956,19.398722,19.344318,0.0,4.0,0.0,0.0,0.0,0.0,0.0,0.0
37208,2023.0,9.0,16.0,9.0,19.957394,19.967531,19.10552,19.053532,20.712132,21.12422,20.27048,20.695375,19.471823,19.429916,19.100243,19.049765,20.087982,19.932854,19.840546,19.79109,19.156029,19.063238,0.0,4.0,4.0,0.0,0.0,0.0,0.0,0.0
37209,2023.0,9.0,16.0,9.0,20.591742,21.205069,19.10827,19.080515,20.209656,20.183111,19.875387,19.866938,19.3084,19.211128,19.102278,19.053911,20.911621,21.521475,19.822485,19.77558,19.123688,19.039087,0.0,0.0,0.0,0.0,0.0,4.0,0.0,0.0
37210,2023.0,9.0,16.0,9.0,20.176376,20.307415,19.529673,19.893164,20.611149,21.049831,19.684374,19.602997,19.315367,19.26454,19.109264,19.06292,20.414011,20.400146,19.808767,19.764074,19.147335,19.104681,4.0,4.0,0.0,0.0,0.0,0.0,0.0,0.0
37211,2023.0,9.0,16.0,9.0,20.01213,20.088377,20.056591,20.742056,20.733671,21.213055,19.634624,19.572397,19.314869,19.272036,19.121891,19.07763,20.242338,20.134497,19.799608,19.756449,19.153812,19.117764,4.0,4.0,0.0,0.0,0.0,0.0,0.0,0.0
37212,2023.0,9.0,16.0,10.0,19.969618,20.068848,20.01515,20.595592,20.774698,21.27016,19.625908,19.612484,20.02558,20.621212,19.138266,19.094877,20.224545,20.129978,19.79282,19.75133,19.153088,19.118258,0.0,4.0,0.0,4.0,0.0,0.0,0.0,0.0
37213,2023.0,9.0,16.0,10.0,19.972843,20.11897,19.535913,19.617357,20.270212,20.307247,19.602266,19.602968,19.984852,20.35717,19.159317,19.116838,20.256668,20.202639,19.789913,19.749548,19.154964,19.12086,0.0,0.0,0.0,0.0,0.0,0.0,0.0,0.0
37214,2023.0,9.0,16.0,10.0,19.950968,20.099033,19.328848,19.375702,20.039434,20.04057,19.571922,19.580914,19.688936,19.746737,19.183088,19.141207,21.03654,21.675274,19.789946,19.750448,19.160282,19.126844,0.0,0.0,0.0,0.0,0.0,4.0,0.0,0.0
37215,2023.0,9.0,16.0,10.0,19.92946,20.08175,19.26454,19.292204,19.98299,19.997704,19.548573,19.564714,19.577229,19.5678,19.209671,19.169256,20.588251,20.661633,19.793617,19.754835,19.169895,19.137339,0.0,0.0,0.0,0.0,0.0,0.0,0.0,0.0
37216,2023.0,9.0,16.0,10.0,19.910585,20.06773,19.228645,19.257906,19.958025,19.998064,19.527105,19.550282,19.529333,19.490356,19.240873,19.204287,20.430311,20.393047,19.799652,19.762169,19.182577,19.151913,0.0,0.0,0.0,0.0,0.0,0.0,0.0,0.0
37217,2023.0,9.0,16.0,10.0,19.895525,20.058928,19.633825,20.043186,20.549978,21.143612,20.167238,20.775997,19.51993,19.48269,19.269056,19.231497,20.43207,20.40854,20.801355,21.650625,19.195845,19.165709,4.0,4.0,4.0,0.0,0.0,0.0,4.0,0.0
37218,2023.0,9.0,16.0,11.0,19.888054,20.063704,20.050312,20.724266,20.734188,21.36426,20.366005,21.00155,19.520247,19.484375,19.30318,19.269129,20.450077,20.442432,20.280022,20.433275,19.212242,19.184156,0.0,4.0,4.0,0.0,0.0,0.0,0.0,0.0
37219,2023.0,9.0,16.0,11.0,19.886648,20.075428,19.587645,19.74718,20.267529,20.439974,20.460453,21.112373,19.522985,19.487333,19.338238,19.30366,21.20845,21.86893,20.006298,20.041487,19.229435,19.201534,0.0,0.0,4.0,0.0,0.0,4.0,0.0,0.0
37220,2023.0,9.0,16.0,11.0,19.87608,20.068417,19.39428,19.461237,20.72707,21.38808,19.991352,20.181581,19.53025,19.494972,19.370749,19.336922,20.805956,20.958574,19.990314,20.018463,19.246649,19.219418,0.0,4.0,0.0,0.0,0.0,0.0,0.0,0.0
37221,2023.0,9.0,16.0,11.0,20.505894,21.260801,19.34282,19.409668,20.849371,21.510489,19.845821,19.993141,19.539108,19.50482,19.40265,19.369501,21.396723,22.09506,20.948467,21.820295,19.263945,19.237528,0.0,4.0,0.0,0.0,0.0,4.0,4.0,0.0
37222,2023.0,9.0,16.0,11.0,20.12672,20.408554,19.310278,19.382559,20.900232,21.564547,20.370007,21.013166,19.54984,19.517153,19.433983,19.402508,21.610954,22.364573,20.430092,20.63005,20.158112,20.913446,0.0,4.0,4.0,0.0,0.0,4.0,0.0,4.0
37223,2023.0,9.0,16.0,11.0,20.046272,20.32953,19.286705,19.364489,20.957808,21.633635,20.557226,21.257631,19.56243,19.532446,19.465437,19.43738,21.709364,22.463036,20.214352,20.26763,19.961851,20.423399,0.0,4.0,4.0,0.0,0.0,4.0,0.0,0.0
37224,2023.0,9.0,16.0,12.0,20.04829,20.346003,19.266357,19.351341,21.012197,21.695797,20.102903,20.34019,19.575323,19.547861,19.496813,19.470686,21.10105,21.225288,20.18362,20.241364,19.693027,19.826214,0.0,4.0,0.0,0.0,0.0,0.0,0.0,0.0
37225,2023.0,9.0,16.0,12.0,21.142694,22.273844,19.25204,19.34122,21.020123,21.707336,21.152607,22.247751,19.586647,19.561012,19.522985,19.498585,21.005066,21.105423,21.108435,21.890165,19.632929,19.732435,0.0,0.0,0.0,0.0,0.0,0.0,0.0,0.0
37226,2023.0,9.0,16.0,12.0,20.994623,21.874409,19.236256,19.328707,21.015285,21.67153,20.99756,21.857067,19.599354,19.575872,19.55149,19.529894,21.003597,21.125393,20.999346,21.584185,19.513975,19.493237,0.0,0.0,0.0,0.0,0.0,0.0,0.0,0.0
37227,2023.0,9.0,16.0,12.0,21.04503,21.906734,19.223446,19.319452,21.033747,21.683966,21.054222,21.908487,19.612123,19.590927,19.578054,19.559155,21.004978,21.136522,21.03845,21.599806,19.484152,19.46695,0.0,0.0,0.0,0.0,0.0,0.0,0.0,0.0
37228,2023.0,9.0,16.0,12.0,21.012579,21.793829,19.638811,20.10976,21.012157,21.626259,21.01599,21.786133,19.624762,19.60559,19.602531,19.585533,21.005192,21.133944,21.010046,21.499815,19.482584,19.467375,4.0,0.0,0.0,0.0,0.0,0.0,0.0,0.0
37229,2023.0,9.0,16.0,12.0,21.108389,21.913162,20.061174,20.747757,21.017622,21.619587,20.99433,21.691074,19.638784,19.622438,19.628567,19.615133,21.004774,21.129955,21.012762,21.472172,19.48575,19.472834,0.0,0.0,4.0,0.0,0.0,0.0,0.0,0.0
37230,2023.0,9.0,16.0,13.0,21.00271,21.716764,19.624636,19.81689,21.016964,21.605011,21.024435,21.759493,19.652998,19.638916,19.652697,19.640678,21.669231,22.382236,21.01327,21.447268,19.491518,19.48083,0.0,0.0,0.0,0.0,0.0,4.0,0.0,0.0
37231,2023.0,9.0,16.0,13.0,21.01557,21.731308,19.397621,19.516401,21.016718,21.593819,21.01757,21.73072,19.666277,19.653036,19.675108,19.663784,21.24327,21.394012,21.01256,21.42485,19.497494,19.487452,0.0,0.0,0.0,0.0,0.0,0.0,0.0,0.0
37232,2023.0,9.0,16.0,13.0,21.013447,21.715458,19.761051,20.234648,21.016218,21.584188,21.017536,21.716757,19.678612,19.665983,19.696012,19.685423,21.045406,21.129728,21.012112,21.406385,19.503828,19.494328,4.0,0.0,0.0,0.0,0.0,0.0,0.0,0.0
37233,2023.0,9.0,16.0,13.0,21.015963,21.703903,20.035303,20.636072,21.146553,21.798727,21.019924,21.7032,19.690998,19.67907,19.716583,19.706724,21.019909,21.103374,21.01117,21.389603,19.510902,19.502058,0.0,4.0,0.0,0.0,0.0,0.0,0.0,0.0
37234,2023.0,9.0,16.0,13.0,21.033884,21.72355,20.16077,20.80056,21.022629,21.549488,21.041418,21.728445,19.70337,19.692175,19.737116,19.728197,21.007154,21.083307,21.02614,21.404253,19.518484,19.510368,4.0,0.0,0.0,0.0,0.0,0.0,0.0,0.0
37235,2023.0,9.0,16.0,13.0,21.213951,22.024773,19.980476,20.445732,21.24289,21.979704,21.014688,21.663815,19.715033,19.70428,19.75584,19.746738,21.00343,21.080425,21.008793,21.358906,19.526203,19.518959,0.0,4.0,0.0,0.0,0.0,0.0,0.0,0.0
37236,2023.0,9.0,16.0,14.0,20.985628,21.597374,19.822157,20.136656,20.979847,21.477304,21.019886,21.664349,19.726599,19.716555,19.77325,19.764027,21.70124,22.402002,21.011492,21.354897,19.533838,19.527435,0.0,0.0,0.0,0.0,0.0,4.0,0.0,0.0
37237,2023.0,9.0,16.0,14.0,20.692583,21.046396,19.593683,19.736736,20.689034,20.936636,20.51004,20.673223,19.734585,19.72285,19.786322,19.774847,21.30668,21.467781,20.666393,20.678762,19.53847,19.53042,0.0,0.0,0.0,0.0,0.0,0.0,0.0,0.0
37238,2023.0,9.0,16.0,14.0,21.184229,22.034449,19.505484,19.616142,21.161568,21.89601,20.943972,21.604382,19.739159,19.725737,19.794378,19.780525,21.145956,21.222631,20.546824,20.521128,19.540922,19.531364,0.0,4.0,4.0,0.0,0.0,0.0,0.0,0.0
37239,2023.0,9.0,16.0,14.0,20.750841,21.127651,19.465506,19.570808,20.735893,21.002943,20.479357,20.650621,19.742203,19.727337,19.800066,19.784374,21.10422,21.172438,20.494415,20.466461,19.54214,19.531326,0.0,0.0,0.0,0.0,0.0,0.0,0.0,0.0
37240,2023.0,9.0,16.0,14.0,20.582184,20.895887,19.432514,19.531898,20.543808,20.732723,20.371391,20.575266,19.743994,19.728054,19.803776,19.786713,20.970892,20.931736,20.450848,20.419798,19.542343,19.530529,0.0,0.0,0.0,0.0,0.0,0.0,0.0,0.0
37241,2023.0,9.0,16.0,14.0,21.134272,21.977175,19.410425,19.50946,20.377806,20.462511,20.312225,20.5103,19.743992,19.727272,19.80486,19.786589,20.935038,20.900414,20.417246,20.387766,19.541056,19.528625,0.0,0.0,0.0,0.0,0.0,0.0,0.0,0.0
37242,2023.0,9.0,16.0,15.0,21.260668,22.106485,19.389881,19.486597,20.922401,21.547619,20.741291,21.342834,19.742426,19.725346,19.803747,19.785019,21.63531,22.256908,21.356342,22.192675,19.538172,19.525436,0.0,4.0,4.0,0.0,0.0,4.0,4.0,0.0
37243,2023.0,9.0,16.0,15.0,20.757933,21.112638,19.369482,19.461302,20.601532,20.845133,20.934866,21.627026,19.738134,19.719357,19.798485,19.777674,21.217995,21.352982,20.855988,21.06845,20.397465,21.152475,0.0,0.0,4.0,0.0,0.0,0.0,0.0,4.0
37244,2023.0,9.0,16.0,15.0,21.193521,22.018393,19.349771,19.435728,20.424152,20.583845,20.989422,21.673128,19.731766,19.711258,19.790133,19.766966,21.042875,21.073734,20.60073,20.651217,19.959324,20.242336,0.0,0.0,4.0,0.0,0.0,0.0,0.0,0.0
37245,2023.0,9.0,16.0,15.0,20.778759,21.0956,19.764591,20.22594,20.957277,21.634697,20.49242,20.703445,19.724045,19.70237,20.162321,20.4727,20.987074,21.011705,20.513752,20.550423,19.786764,19.882547,4.0,4.0,0.0,0.0,4.0,0.0,0.0,0.0
37246,2023.0,9.0,16.0,15.0,20.597202,20.853882,20.01459,20.579002,21.072775,21.731422,20.918846,21.601282,20.432167,21.048237,19.991764,20.123096,20.895605,20.860895,20.466118,20.494215,19.73116,19.799978,4.0,4.0,4.0,4.0,0.0,0.0,0.0,0.0
37247,2023.0,9.0,16.0,15.0,21.125586,21.910345,20.056911,20.588568,21.108961,21.74953,20.515076,20.706299,20.008501,20.133427,19.85566,19.851952,20.84059,20.8012,20.366735,20.333649,19.633345,19.623556,4.0,4.0,0.0,0.0,0.0,0.0,0.0,0.0
37248,2023.0,9.0,16.0,16.0,21.301092,22.075455,20.096184,20.610855,21.144253,21.770845,20.810726,21.416239,19.907455,19.958843,19.785583,19.759003,21.546255,22.174082,20.310183,20.276522,19.578619,19.559582,4.0,4.0,4.0,0.0,0.0,4.0,0.0,0.0
37249,2023.0,9.0,16.0,16.0,20.769608,21.04095,19.999502,20.426062,21.171158,21.78992,20.935574,21.56794,19.882458,19.930237,19.763332,19.736143,21.116419,21.24362,20.279203,20.246944,19.555,19.535572,0.0,4.0,4.0,0.0,0.0,0.0,0.0,0.0
37250,2023.0,9.0,16.0,16.0,20.537558,20.763897,20.111046,20.597446,20.681372,20.847233,20.45772,20.631,20.494106,21.093916,20.09206,20.372198,21.60666,22.277855,21.226906,22.069132,19.535133,19.517647,4.0,0.0,0.0,4.0,4.0,4.0,4.0,0.0
37251,2023.0,9.0,16.0,16.0,21.069826,21.805655,20.161598,20.650309,21.068363,21.669748,20.86431,21.485592,20.139645,20.304508,19.994385,20.161154,21.756536,22.447495,21.510765,22.395578,20.390862,21.151468,4.0,4.0,4.0,0.0,0.0,4.0,4.0,4.0
37252,2023.0,9.0,16.0,16.0,20.700768,20.950935,20.191889,20.67199,21.215376,21.81409,21.015114,21.626343,19.891615,19.940592,19.83133,19.839617,21.81257,22.49022,21.628952,22.49888,19.96589,20.200783,4.0,4.0,4.0,0.0,0.0,4.0,4.0,0.0
37253,2023.0,9.0,16.0,16.0,21.07315,21.790161,20.216394,20.687977,20.711489,20.851501,21.032976,21.634386,19.834309,19.874079,19.74552,19.730051,21.861702,22.528677,20.87985,21.00071,20.638666,21.468086,4.0,0.0,4.0,0.0,0.0,4.0,0.0,4.0
37254,2023.0,9.0,16.0,17.0,20.649279,20.899122,20.234518,20.698204,21.105074,21.687819,21.05327,21.647425,19.764587,19.75707,19.7178,19.701736,21.893732,22.551659,20.60921,20.608667,19.980013,20.221619,4.0,4.0,4.0,0.0,0.0,4.0,0.0,0.0
37255,2023.0,9.0,16.0,17.0,20.43692,20.636127,19.981256,20.252396,21.242167,21.81652,21.069687,21.65312,19.716331,19.702303,20.066622,20.38305,21.27681,21.353764,20.491241,20.48119,19.75194,19.79251,0.0,4.0,4.0,0.0,4.0,0.0,0.0,0.0
37256,2023.0,9.0,16.0,17.0,20.98346,21.699036,19.800056,19.919785,21.250835,21.812792,21.082218,21.654858,19.686386,19.672241,20.25755,20.634815,20.983633,20.959562,21.339022,22.144432,19.66868,19.696798,0.0,4.0,4.0,0.0,4.0,0.0,4.0,0.0
37257,2023.0,9.0,16.0,17.0,20.574762,20.812914,20.097706,20.518633,21.26096,21.812342,21.090687,21.652834,20.356087,20.956799,19.989595,20.157524,21.595957,22.184454,20.72651,20.818037,19.631092,19.6526,4.0,4.0,4.0,4.0,0.0,4.0,0.0,0.0
37258,2023.0,9.0,16.0,17.0,20.962505,21.66283,20.211527,20.633047,21.270155,21.810736,21.0981,21.649563,20.644142,21.276852,19.8284,19.859158,21.156435,21.202297,20.393618,20.374277,19.570765,19.56306,4.0,4.0,4.0,4.0,0.0,0.0,0.0,0.0
37259,2023.0,9.0,16.0,17.0,21.104044,21.81271,19.983665,20.231125,21.275948,21.805996,21.102804,21.643784,20.092304,20.1765,19.752434,19.756836,20.947012,20.896204,20.319927,20.293335,19.535555,19.524155,0.0,4.0,4.0,0.0,0.0,0.0,0.0,0.0
37260,2023.0,9.0,16.0,18.0,21.166567,21.860039,20.138414,20.516273,21.280476,21.799938,20.587946,20.671276,19.835007,19.83917,19.694458,19.682451,20.848864,20.79078,21.196991,21.99247,20.373287,21.133287,4.0,4.0,0.0,0.0,0.0,0.0,4.0,4.0
37261,2023.0,9.0,16.0,18.0,20.996267,21.542608,20.192842,20.58107,21.284422,21.795103,21.063435,21.654394,19.76106,19.748785,19.653688,19.637405,21.031614,21.160635,20.974407,21.466175,19.941586,20.233006,4.0,4.0,4.0,0.0,0.0,0.0,0.0,0.0
37262,2023.0,9.0,16.0,18.0,21.172483,21.833517,20.209726,20.58824,21.288465,21.790567,21.103872,21.620169,20.376646,20.94923,19.618196,19.603193,21.00482,21.138851,21.02088,21.505682,19.67669,19.70277,4.0,4.0,4.0,4.0,0.0,0.0,0.0,0.0
37263,2023.0,9.0,16.0,18.0,21.24738,21.904299,19.983204,20.19339,21.291597,21.785093,21.099804,21.60533,19.964104,20.08238,19.583944,19.56898,21.007193,21.164606,21.01556,21.461609,19.542906,19.538418,0.0,4.0,4.0,0.0,0.0,0.0,0.0,0.0
37264,2023.0,9.0,16.0,18.0,21.29064,21.948946,19.76605,19.791664,21.293835,21.778751,21.103926,21.600824,19.786089,19.767477,19.552412,19.538523,21.007679,21.180058,21.464077,22.258911,19.492144,19.481358,0.0,4.0,4.0,0.0,0.0,0.0,4.0,0.0
37265,2023.0,9.0,16.0,18.0,21.314922,21.962284,19.63836,19.629545,21.29572,21.77219,21.00908,21.450897,19.697317,19.66952,19.52335,19.510391,21.544489,22.199358,20.948616,21.243713,19.460392,19.450819,0.0,4.0,0.0,0.0,0.0,4.0,0.0,0.0
37266,2023.0,9.0,16.0,19.0,21.332552,21.969292,19.5912,19.587688,21.296988,21.765047,21.080753,21.5577,19.662397,19.646229,19.495348,19.482956,20.971088,21.06503,21.024775,21.401228,19.43413,19.425575,0.0,4.0,4.0,0.0,0.0,0.0,0.0,0.0
37267,2023.0,9.0,16.0,19.0,21.34538,21.9707,19.97897,20.343018,21.29624,21.75483,21.011135,21.44065,20.318537,20.911816,19.468294,19.455475,21.016415,21.181534,21.472794,22.217148,20.32897,21.142754,4.0,4.0,0.0,4.0,0.0,0.0,4.0,4.0
37268,2023.0,9.0,16.0,19.0,21.355593,21.969496,20.152273,20.546726,21.294321,21.743141,21.077509,21.535803,19.964735,20.120285,19.442091,19.428118,21.439972,21.978998,20.946276,21.190884,19.94443,20.216333,4.0,4.0,4.0,0.0,0.0,4.0,0.0,0.0
37269,2023.0,9.0,16.0,19.0,21.363466,21.965923,20.119278,20.440231,20.979088,21.21009,21.09483,21.545763,20.391895,20.919136,19.417746,19.402426,21.572685,22.106583,21.026102,21.365934,19.620304,19.586842,4.0,0.0,4.0,4.0,0.0,4.0,0.0,0.0
37270,2023.0,9.0,16.0,19.0,20.971224,21.289297,20.111937,20.416962,21.181906,21.60116,21.011465,21.418331,19.973145,20.085289,19.39505,19.378565,21.606274,22.128162,21.477907,22.196707,20.353588,21.086704,4.0,4.0,0.0,0.0,0.0,4.0,4.0,4.0
37271,2023.0,9.0,16.0,19.0,21.247963,21.826382,20.116558,20.409899,21.248531,21.669827,21.020247,21.432735,20.38281,20.871576,19.371075,19.350348,21.631031,22.141863,20.94361,21.159643,19.939901,20.148127,4.0,4.0,0.0,4.0,0.0,4.0,0.0,0.0
37272,2023.0,9.0,16.0,20.0,20.971855,21.299591,20.119127,20.401169,21.252745,21.66427,21.069378,21.490705,20.563845,21.067953,19.347668,19.32321,21.649277,22.1491,21.027622,21.34488,19.629263,19.55968,4.0,4.0,4.0,4.0,0.0,4.0,0.0,0.0
37273,2023.0,9.0,16.0,20.0,21.243057,21.81243,19.998894,20.20001,20.98562,21.214401,21.07724,21.490057,19.96164,19.992413,19.325314,19.2973,21.66323,22.153,21.016,21.330996,19.49301,19.422201,0.0,0.0,4.0,0.0,0.0,4.0,0.0,0.0
37274,2023.0,9.0,16.0,20.0,20.977667,21.302628,19.714508,19.658628,21.020067,21.298153,21.014452,21.402233,19.763329,19.666176,19.640121,19.902441,20.982302,20.959854,21.468748,22.16442,19.479223,19.452608,0.0,0.0,0.0,0.0,4.0,0.0,4.0,0.0
37275,2023.0,9.0,16.0,20.0,21.019897,21.398458,19.535263,19.418922,21.160158,21.542875,21.053703,21.447607,20.35643,20.878078,20.03389,20.483767,21.020893,21.091284,20.9488,21.154823,19.452625,19.424543,0.0,4.0,4.0,4.0,4.0,0.0,0.0,0.0
37276,2023.0,9.0,16.0,20.0,21.222095,21.759209,19.533602,19.47782,21.201815,21.578999,21.017195,21.400412,20.538588,21.00908,20.015837,20.397755,21.434778,21.893362,21.026312,21.327934,20.278055,21.011904,0.0,4.0,0.0,4.0,0.0,4.0,0.0,4.0
37277,2023.0,9.0,16.0,20.0,21.292036,21.825342,19.967024,20.309309,21.204008,21.572145,21.045885,21.422518,19.957582,19.982925,19.89108,20.087147,21.559902,22.020369,21.46874,22.144358,19.950335,20.19379,4.0,4.0,4.0,0.0,4.0,4.0,4.0,0.0
37278,2023.0,9.0,16.0,21.0,21.304146,21.825918,20.125816,20.482155,20.990623,21.219627,21.018364,21.393644,20.375055,20.807446,20.027323,20.339193,21.580877,22.03097,21.600677,22.251955,19.569338,19.45371,4.0,0.0,0.0,4.0,4.0,4.0,4.0,0.0
37279,2023.0,9.0,16.0,21.0,21.311052,21.82351,19.999369,20.2348,21.020496,21.287231,21.038452,21.398623,19.957756,19.979202,20.000006,20.261911,21.596092,22.03741,20.940931,21.0849,19.41439,19.301636,0.0,0.0,4.0,0.0,4.0,4.0,0.0,0.0
37280,2023.0,9.0,16.0,21.0,20.977415,21.253416,20.012009,20.22129,21.13345,21.477516,21.020432,21.389866,19.729177,19.585161,20.020113,20.2967,20.961142,20.920485,21.027918,21.291265,19.427008,19.38804,4.0,4.0,0.0,0.0,0.0,0.0,0.0,0.0
37281,2023.0,9.0,16.0,21.0,21.020767,21.35924,20.013735,20.213612,21.001184,21.24322,21.021013,21.387121,20.292084,20.75715,19.600882,19.47252,21.020943,21.089289,21.467354,22.110743,19.405336,19.361145,4.0,0.0,0.0,4.0,0.0,0.0,4.0,0.0
37282,2023.0,9.0,16.0,21.0,21.215694,21.711843,20.016151,20.229446,21.020132,21.286259,21.020857,21.381433,19.953362,20.012543,19.481846,19.420588,21.012499,21.101528,20.947517,21.110313,19.370485,19.323957,0.0,0.0,0.0,0.0,0.0,0.0,0.0,0.0
37283,2023.0,9.0,16.0,21.0,20.981133,21.276928,19.640818,19.497833,21.113043,21.436058,21.014328,21.376667,20.342756,20.76273,19.445427,19.38296,21.014067,21.123402,21.029572,21.297302,19.338753,19.289867,0.0,4.0,0.0,4.0,0.0,0.0,0.0,0.0
37284,2023.0,9.0,16.0,22.0,21.204876,21.69501,19.562162,19.483603,21.132706,21.447245,21.01555,21.383993,19.956089,19.99462,19.3937,19.32869,21.008282,21.137003,21.017351,21.287395,19.309118,19.257597,0.0,4.0,0.0,0.0,0.0,0.0,0.0,0.0
37285,2023.0,9.0,16.0,22.0,20.985361,21.280079,19.536402,19.463451,21.00447,21.244984,21.015402,21.386913,20.296932,20.66107,19.346504,19.279554,21.009604,21.157375,21.0194,21.298645,19.282131,19.22886,0.0,0.0,0.0,4.0,0.0,0.0,0.0,0.0
37286,2023.0,9.0,16.0,22.0,21.03247,21.388744,19.497236,19.420195,21.03629,21.316107,21.031382,21.420122,20.401937,20.75219,19.302044,19.23167,21.017876,21.188011,21.026628,21.328941,19.257227,19.202543,0.0,0.0,0.0,4.0,0.0,0.0,0.0,0.0
37287,2023.0,9.0,16.0,22.0,21.013329,21.34693,19.465385,19.388569,21.015598,21.27209,21.012972,21.384134,19.95598,19.972479,19.263939,19.193213,21.008556,21.178596,21.012405,21.310692,19.233889,19.177687,0.0,0.0,0.0,0.0,0.0,0.0,0.0,0.0
37288,2023.0,9.0,16.0,22.0,21.010088,21.355745,19.434343,19.355202,21.012146,21.279804,21.016031,21.391853,20.294645,20.641163,19.226603,19.15366,21.010403,21.191097,21.014936,21.32474,19.210588,19.152336,0.0,0.0,0.0,4.0,0.0,0.0,0.0,0.0
37289,2023.0,9.0,16.0,22.0,21.01052,21.367443,19.405882,19.32462,21.012922,21.290733,21.01586,21.392653,19.966234,19.997746,19.191668,19.116709,21.010403,21.198324,21.014406,21.330622,19.18873,19.128881,0.0,0.0,0.0,0.0,0.0,0.0,0.0,0.0
37290,2023.0,9.0,16.0,23.0,21.011084,21.375734,19.379028,19.295088,21.013044,21.297468,21.015938,21.393457,19.660809,19.448608,19.158411,19.081118,21.010555,21.204515,21.015043,21.336979,19.16786,19.106567,0.0,0.0,0.0,0.0,0.0,0.0,0.0,0.0
37291,2023.0,9.0,16.0,23.0,20.729324,20.840328,19.35773,19.274946,20.681007,20.664522,20.601568,20.597572,20.259506,20.733461,19.130417,19.054235,20.72269,20.655409,20.609999,20.561184,19.149868,19.089264,0.0,0.0,0.0,4.0,0.0,0.0,0.0,0.0
37292,2023.0,9.0,16.0,23.0,20.604452,20.675978,19.339613,19.256609,20.515099,20.430075,20.408619,20.33287,19.730474,19.58235,19.106287,19.029385,20.61455,20.523798,20.457968,20.380085,19.133808,19.07279,0.0,0.0,0.0,0.0,0.0,0.0,0.0,0.0
37293,2023.0,9.0,16.0,23.0,20.540781,20.609125,19.322144,19.239141,20.435621,20.343258,20.31795,20.236073,19.511898,19.304703,19.08301,19.005602,21.247978,21.772177,20.37708,20.298521,19.117548,19.056114,0.0,0.0,0.0,0.0,0.0,4.0,0.0,0.0
37294,2023.0,9.0,16.0,23.0,20.4909,20.559258,19.305649,19.2228,20.376919,20.284395,20.249866,20.168179,19.437689,19.233273,19.061087,18.983452,20.599005,20.416752,20.309263,20.230822,19.10148,19.039806,0.0,0.0,0.0,0.0,0.0,0.0,0.0,0.0
37295,2023.0,9.0,16.0,23.0,20.446754,20.514687,19.289417,19.206495,20.325733,20.232819,20.190975,20.109034,19.498228,19.419777,19.03978,18.961681,21.100729,21.496693,20.249144,20.17015,19.085302,19.023207,0.0,0.0,0.0,0.0,0.0,4.0,0.0,0.0
37296,2023.0,9.0,17.0,0.0,20.40727,20.475206,19.273737,19.190817,20.28036,20.187613,20.13921,20.057571,19.487062,19.412365,19.01949,18.941088,20.545727,20.341736,20.195572,20.116453,19.069387,19.006979,0.0,0.0,0.0,0.0,0.0,0.0,0.0,0.0
37297,2023.0,9.0,17.0,0.0,20.366808,20.430422,19.25493,19.168468,20.233858,20.136166,20.08686,19.999989,19.451357,19.372896,18.996927,18.915245,20.345276,20.08559,20.143253,20.060425,19.0515,18.986673,0.0,0.0,0.0,0.0,0.0,0.0,0.0,0.0
37298,2023.0,9.0,17.0,0.0,20.33269,20.396103,19.238668,19.151274,20.195704,20.098866,20.04444,19.958761,19.420094,19.34117,19.285755,19.473581,20.271687,20.014757,20.098005,20.015152,19.03453,18.968615,0.0,0.0,0.0,0.0,4.0,0.0,0.0,0.0
37299,2023.0,9.0,17.0,0.0,20.297846,20.358538,19.220758,19.13056,20.156475,20.057209,20.001392,19.913158,19.387789,19.306646,19.055347,18.970325,20.370836,20.279396,20.0536,19.96868,19.016356,18.948503,0.0,0.0,0.0,0.0,0.0,0.0,0.0,0.0
37300,2023.0,9.0,17.0,0.0,20.26655,20.326475,19.204271,19.112385,20.121347,20.02188,19.963352,19.87491,19.950438,20.390575,19.292347,19.468405,20.349365,20.24958,20.013155,19.927822,18.998528,18.929506,0.0,0.0,0.0,4.0,4.0,0.0,0.0,0.0
37301,2023.0,9.0,17.0,0.0,20.235537,20.293354,19.187159,19.092743,20.08649,19.985373,19.925926,19.835697,19.543507,19.497564,19.081589,19.013514,20.314716,20.21303,19.973516,19.886677,18.979761,18.90907,0.0,0.0,0.0,0.0,0.0,0.0,0.0,0.0
37302,2023.0,9.0,17.0,1.0,20.204212,20.257715,19.168585,19.069979,20.05065,19.945402,19.887749,19.793095,19.403769,19.315928,18.987661,18.894892,20.28009,20.17505,19.93394,19.844076,18.959692,18.886475,0.0,0.0,0.0,0.0,0.0,0.0,0.0,0.0
37303,2023.0,9.0,17.0,1.0,20.17794,20.231325,19.15401,19.055368,20.020939,19.916449,19.856096,19.76208,19.358854,19.271275,18.954737,18.862095,20.249626,20.144814,19.898966,19.809376,18.941671,18.868408,0.0,0.0,0.0,0.0,0.0,0.0,0.0,0.0
37304,2023.0,9.0,17.0,1.0,20.152771,20.205881,19.139881,19.041296,19.992905,19.88913,19.826311,19.732916,19.3202,19.232878,18.924747,18.832256,20.220778,20.116196,19.865793,19.776468,18.923864,18.850567,0.0,0.0,0.0,0.0,0.0,0.0,0.0,0.0
37305,2023.0,9.0,17.0,1.0,20.129679,20.183908,19.127134,19.030005,19.968061,19.867218,19.800035,19.709627,19.863909,20.284018,18.899284,18.808867,20.194584,20.091816,19.83537,19.74791,19.635517,20.206177,0.0,0.0,0.0,4.0,0.0,0.0,0.0,4.0
37306,2023.0,9.0,17.0,1.0,20.105839,20.1595,19.1131,19.01596,19.94182,19.841383,19.77251,19.682339,19.91456,20.232656,18.873049,18.782494,20.16773,20.064985,19.80431,19.716883,19.15866,19.13828,0.0,0.0,0.0,4.0,0.0,0.0,0.0,0.0
37307,2023.0,9.0,17.0,1.0,20.083675,20.137238,19.099459,19.002527,19.916897,19.817251,19.746655,19.657072,19.367563,19.175312,18.848394,18.758154,20.142244,20.03994,20.69719,21.425232,18.89448,18.71215,0.0,0.0,0.0,0.0,0.0,0.0,4.0,0.0
37308,2023.0,9.0,17.0,2.0,20.06203,20.11527,19.085726,18.988838,19.89259,19.793339,19.721354,19.632069,19.767162,20.051126,18.824316,18.734142,20.117334,20.015211,19.94841,19.79622,19.497608,19.90906,0.0,0.0,0.0,4.0,0.0,0.0,0.0,4.0
37309,2023.0,9.0,17.0,2.0,20.03995,20.092096,19.071358,18.973892,19.868319,19.768557,19.695993,19.606201,19.325653,19.121788,18.800201,18.709354,20.092325,19.989523,19.699015,19.471546,18.99488,18.827284,0.0,0.0,0.0,0.0,0.0,0.0,0.0,0.0
37310,2023.0,9.0,17.0,2.0,20.018127,20.06916,19.056787,18.95865,19.844332,19.744057,19.671196,19.580805,19.760105,20.065025,18.776606,18.685083,20.067896,19.964417,19.619175,19.389277,18.8304,18.63191,0.0,0.0,0.0,4.0,0.0,0.0,0.0,0.0
37311,2023.0,9.0,17.0,2.0,19.996868,20.047165,19.0424,18.94387,19.820965,19.720675,19.647192,19.556705,19.299267,19.094084,18.754023,18.662249,20.044506,19.940744,19.556313,19.32762,18.771214,18.573874,0.0,0.0,0.0,0.0,0.0,0.0,0.0,0.0
37312,2023.0,9.0,17.0,2.0,19.974468,20.022648,19.026407,18.925957,19.79569,19.693342,19.621277,19.52862,19.11945,18.879652,18.730347,18.636637,20.020348,19.91491,19.640831,19.550438,18.841455,18.765026,0.0,0.0,0.0,0.0,0.0,0.0,0.0,0.0
37313,2023.0,9.0,17.0,2.0,19.969717,20.033457,19.013117,18.913599,19.774433,19.673874,19.599546,19.508677,19.195011,19.102873,18.710346,18.61784,19.999336,19.894793,19.631538,19.541668,19.561466,20.128399,0.0,0.0,0.0,0.0,0.0,0.0,0.0,4.0
37314,2023.0,9.0,17.0,3.0,19.953962,20.018648,18.998243,18.898209,19.751478,19.650675,19.576248,19.485027,19.760395,20.177782,18.689287,18.596378,19.977575,19.872602,19.6083,19.518885,18.958326,18.811968,0.0,0.0,0.0,4.0,0.0,0.0,0.0,0.0
37315,2023.0,9.0,17.0,3.0,19.935652,20.00008,18.984146,18.884422,19.729528,19.629177,19.554155,19.463192,19.366919,19.317583,18.669386,18.576784,19.957062,19.852427,19.583508,19.494497,18.761665,18.562517,0.0,0.0,0.0,0.0,0.0,0.0,0.0,0.0
37316,2023.0,9.0,17.0,3.0,19.918219,19.983086,19.40189,19.678267,19.708984,19.609985,19.533417,19.443695,19.102541,18.888247,18.939837,19.098434,19.93799,19.834423,20.490414,21.225058,18.703136,18.50696,4.0,0.0,0.0,0.0,4.0,0.0,4.0,0.0
37317,2023.0,9.0,17.0,3.0,19.900303,19.965271,19.181473,19.174799,19.688515,19.590355,19.512491,19.423634,19.001234,18.77591,18.765438,18.706623,19.919107,19.816277,19.745176,19.59791,18.761374,18.674257,0.0,0.0,0.0,0.0,0.0,0.0,0.0,0.0
37318,2023.0,9.0,17.0,3.0,19.882,19.946945,19.037773,18.947231,19.668427,19.570911,19.49175,19.40363,19.062508,18.96039,18.67351,18.58357,19.900608,19.798435,19.500448,19.276262,19.493628,20.062239,0.0,0.0,0.0,0.0,0.0,0.0,0.0,4.0
37319,2023.0,9.0,17.0,3.0,19.862528,19.926508,18.997593,18.897535,19.646938,19.54859,19.469831,19.380796,19.065065,18.977879,18.646675,18.55567,19.881523,19.779093,19.424593,19.198809,19.623259,20.117716,0.0,0.0,0.0,0.0,0.0,0.0,0.0,4.0
37320,2023.0,9.0,17.0,4.0,19.84506,19.910004,18.97598,18.87891,19.628607,19.532578,19.451698,19.364746,19.041807,18.956749,18.624964,18.53628,19.86461,19.763819,19.49313,19.396236,18.955984,18.795826,0.0,0.0,0.0,0.0,0.0,0.0,0.0,0.0
37321,2023.0,9.0,17.0,4.0,19.825796,19.889946,18.954264,18.856218,19.607485,19.510965,19.431047,19.343302,19.015512,18.930035,18.602434,18.513166,19.84626,19.745401,19.490995,19.40504,18.764645,18.567743,0.0,0.0,0.0,0.0,0.0,0.0,0.0,0.0
37322,2023.0,9.0,17.0,4.0,19.807798,19.872257,18.936127,18.839106,19.58794,19.492403,19.411806,19.32486,18.990837,18.906239,18.58234,18.493958,19.829046,19.729002,19.466467,19.381311,18.693764,18.499239,0.0,0.0,0.0,0.0,0.0,0.0,0.0,0.0
37323,2023.0,9.0,17.0,4.0,19.789692,19.854282,18.919064,18.823036,19.568523,19.47395,19.392456,19.306402,18.96692,18.883198,18.563114,18.47561,19.812103,19.712873,19.441359,19.356989,18.756454,18.68342,0.0,0.0,0.0,0.0,0.0,0.0,0.0,0.0
37324,2023.0,9.0,17.0,4.0,19.7717,19.836412,18.902733,18.807669,19.549314,19.455677,19.373163,19.288034,18.943836,18.860985,18.544638,18.458014,19.795467,19.697052,19.416481,19.332916,18.741806,18.669933,0.0,0.0,0.0,0.0,0.0,0.0,0.0,0.0
37325,2023.0,9.0,17.0,4.0,19.754528,19.820253,18.88821,18.79556,19.531622,19.440472,19.355377,19.272738,19.49895,19.923983,18.527864,18.443356,19.779903,19.683203,19.393217,19.311655,19.447062,20.02072,0.0,0.0,0.0,4.0,0.0,0.0,0.0,4.0
37326,2023.0,9.0,17.0,5.0,19.73665,19.802465,18.872646,18.780895,19.512552,19.422308,19.336351,19.254541,19.750038,20.263615,18.51037,18.426708,19.763685,19.667788,19.369316,19.288536,18.847002,18.71659,0.0,0.0,0.0,4.0,0.0,0.0,0.0,0.0
37327,2023.0,9.0,17.0,5.0,19.719118,19.784712,18.857082,18.7658,19.49321,19.40344,19.31727,19.235802,19.098505,18.941713,18.492966,18.409786,20.455221,20.991047,19.345585,19.265226,19.347496,19.775309,0.0,0.0,0.0,0.0,0.0,4.0,0.0,4.0
37328,2023.0,9.0,17.0,5.0,20.3661,21.013334,18.841644,18.750729,19.473919,19.384495,19.29825,19.21703,18.88764,18.676332,18.475811,18.393066,19.832079,19.653046,19.322222,19.242252,19.582266,20.087093,0.0,0.0,0.0,0.0,0.0,0.0,0.0,4.0
37329,2023.0,9.0,17.0,5.0,19.946308,20.08013,18.826233,18.735603,19.454697,19.365435,19.279436,19.198236,18.818954,18.611214,18.458881,18.376474,19.63983,19.394524,19.299152,19.219452,18.920546,18.773071,0.0,0.0,0.0,0.0,0.0,0.0,0.0,0.0
37330,2023.0,9.0,17.0,5.0,19.613718,19.505491,18.810282,18.719357,19.434757,19.344995,19.260086,19.178213,18.884905,18.79997,18.441729,18.359127,19.586897,19.341919,19.27591,19.195917,18.722244,18.53426,0.0,0.0,0.0,0.0,0.0,0.0,0.0,0.0
37331,2023.0,9.0,17.0,5.0,19.5179,19.392412,18.794508,18.70341,19.414934,19.324936,19.240768,19.15855,18.878395,18.798536,18.425129,18.342588,19.690401,19.5943,19.253445,19.173573,18.64664,18.462631,0.0,0.0,0.0,0.0,0.0,0.0,0.0,0.0
37332,2023.0,9.0,17.0,6.0,19.626959,19.66633,18.780865,18.691624,19.397285,19.30931,19.223448,19.143167,19.432611,19.860233,18.410347,18.3294,19.690283,19.594864,19.232718,19.154354,19.41851,19.982817,0.0,0.0,0.0,4.0,0.0,0.0,0.0,4.0
37333,2023.0,9.0,17.0,6.0,21.158564,22.34563,19.194172,19.477242,21.205553,22.543287,21.227495,22.725323,20.055756,20.836897,18.68454,18.85511,21.176468,22.1662,21.335968,22.79675,20.058245,20.94676,4.0,0.0,0.0,4.0,4.0,4.0,0.0,4.0
37334,2023.0,9.0,17.0,6.0,20.990316,21.859,20.089493,20.929615,21.003555,21.947704,21.00391,22.062977,20.292883,21.20937,20.170692,21.362658,21.02124,21.786333,20.979864,21.951086,20.489038,21.695261,4.0,0.0,0.0,0.0,4.0,0.0,4.0,4.0
37335,2023.0,9.0,17.0,6.0,21.009422,21.803684,19.998127,20.619905,21.001043,21.805717,21.030605,21.984371,19.817358,20.140444,19.998556,20.86539,20.998434,21.62112,21.049742,21.991102,20.002348,20.615467,4.0,4.0,0.0,4.0,0.0,4.0,0.0,4.0
37336,2023.0,9.0,17.0,6.0,21.007956,21.739174,20.016228,20.572086,21.006256,21.74466,21.02892,21.89282,20.031975,20.542736,19.235632,19.283182,21.004778,21.569347,21.033958,21.866621,20.041292,20.678171,4.0,4.0,0.0,4.0,0.0,4.0,0.0,0.0
37337,2023.0,9.0,17.0,6.0,21.007145,21.694798,20.01225,20.506458,21.014004,21.694357,21.00254,21.75953,19.998629,20.433817,19.15164,19.348618,21.002794,21.519665,21.03456,21.799307,19.250826,19.103657,4.0,4.0,4.0,4.0,4.0,4.0,0.0,0.0
37338,2023.0,9.0,17.0,7.0,21.007069,21.663364,20.012018,20.465082,21.012295,21.645544,21.03328,21.804146,20.030802,20.488602,20.115488,20.99407,21.002295,21.484768,21.033743,21.746964,18.89372,18.695044,4.0,4.0,0.0,0.0,4.0,4.0,0.0,0.0
37339,2023.0,9.0,17.0,7.0,21.015203,21.654108,20.024635,20.456573,21.06902,21.747858,21.074423,21.829504,20.00529,20.371923,20.072565,20.77805,21.005346,21.462675,21.205486,22.01104,18.785484,18.59648,4.0,0.0,0.0,4.0,0.0,4.0,4.0,0.0
37340,2023.0,9.0,17.0,7.0,21.00445,21.618614,20.00858,20.405771,21.026207,21.626255,21.02004,21.705713,20.0215,20.397686,19.542759,19.671864,21.000423,21.435068,21.066788,21.66455,18.833061,18.770117,4.0,0.0,0.0,4.0,4.0,4.0,4.0,0.0
37341,2023.0,9.0,17.0,7.0,21.00529,21.60807,20.028536,20.444908,21.005327,21.540995,21.000957,21.633472,20.047874,20.429932,20.106382,20.775328,21.030935,21.498217,21.03553,21.669813,18.817205,18.75412,0.0,4.0,4.0,4.0,4.0,0.0,0.0,0.0
37342,2023.0,9.0,17.0,7.0,21.004585,21.597656,19.420397,19.25939,21.009619,21.53821,21.013607,21.636934,20.021477,20.39669,20.003908,20.52266,21.018719,21.420511,21.030771,21.644918,18.779362,18.71941,0.0,4.0,4.0,0.0,4.0,4.0,0.0,0.0
37343,2023.0,9.0,17.0,7.0,21.055204,21.71721,19.0864,18.834055,21.061007,21.659037,21.024725,21.643438,20.097303,20.4947,20.058645,20.604113,21.050571,21.503513,21.061953,21.686234,18.749214,18.692268,0.0,0.0,4.0,4.0,0.0,0.0,0.0,0.0
37344,2023.0,9.0,17.0,8.0,21.021606,21.629152,19.10969,18.992165,21.024643,21.567152,21.009638,21.605318,20.013351,20.350195,19.378868,19.25001,21.071068,21.483578,21.025394,21.598362,18.726452,18.673147,0.0,0.0,4.0,0.0,0.0,4.0,0.0,0.0
37345,2023.0,9.0,17.0,8.0,20.383749,20.395,19.109533,19.025356,20.314966,20.19748,20.7423,21.086555,19.502268,19.36276,19.138561,19.056847,20.43,20.265898,21.312473,22.109785,18.71009,18.662071,0.0,0.0,4.0,0.0,0.0,0.0,4.0,0.0
37346,2023.0,9.0,17.0,8.0,20.134842,20.07081,19.083267,19.009657,20.13741,20.024437,20.141644,20.028633,19.3141,19.139961,19.100777,19.035154,20.925936,21.337284,20.409447,20.324215,18.701828,18.658667,0.0,0.0,0.0,0.0,0.0,4.0,0.0,0.0
37347,2023.0,9.0,17.0,8.0,20.171928,20.257967,19.051483,18.983557,20.058174,19.97643,19.850954,19.634695,19.340067,19.275003,19.054276,18.991396,21.082483,21.541399,20.06887,19.878231,18.696236,18.65811,0.0,0.0,0.0,0.0,0.0,4.0,0.0,0.0
37348,2023.0,9.0,17.0,8.0,20.81783,21.526438,19.027912,18.96946,20.640007,21.144297,20.378088,20.736969,19.312439,19.256067,19.022219,18.966951,21.131157,21.600187,19.960884,19.793388,18.69318,18.660084,0.0,4.0,4.0,0.0,0.0,4.0,0.0,0.0
37349,2023.0,9.0,17.0,8.0,20.259445,20.346346,19.005169,18.954247,20.655008,21.062101,19.957039,19.894554,19.280205,19.229097,18.994377,18.943275,20.517097,20.413368,19.877996,19.726227,18.692135,18.664051,0.0,4.0,0.0,0.0,0.0,0.0,0.0,0.0
37350,2023.0,9.0,17.0,9.0,20.026245,20.028831,18.985191,18.94167,20.108385,20.044357,19.736618,19.596014,19.252794,19.20556,18.972815,18.925507,21.035217,21.509708,19.885109,19.817007,18.690315,18.663492,0.0,0.0,0.0,0.0,0.0,4.0,0.0,0.0
37351,2023.0,9.0,17.0,9.0,19.95509,19.970514,18.967283,18.930758,19.893444,19.755068,19.656973,19.529215,19.230005,19.186153,18.956213,18.912258,20.51564,20.43548,19.855236,19.80028,18.689575,18.664368,0.0,0.0,0.0,0.0,0.0,0.0,0.0,0.0
37352,2023.0,9.0,17.0,9.0,20.683294,21.409615,18.951418,18.92176,19.811384,19.684639,19.663582,19.615824,19.211246,19.170559,18.943882,18.903107,21.040352,21.529406,19.815758,19.7657,18.689835,18.666216,0.0,0.0,0.0,0.0,0.0,4.0,0.0,0.0
37353,2023.0,9.0,17.0,9.0,20.747665,21.375427,18.93732,18.91432,19.816334,19.765533,19.63747,19.609585,19.196146,19.158255,18.935205,18.89737,20.540916,20.488144,19.779629,19.733109,18.690983,18.66893,0.0,0.0,0.0,0.0,0.0,0.0,0.0,0.0
37354,2023.0,9.0,17.0,9.0,20.188871,20.300858,18.924942,18.908506,19.790106,19.75726,19.598469,19.577589,19.185081,19.149939,18.929857,18.894928,20.359467,20.23456,19.747814,19.70447,18.693003,18.672539,0.0,0.0,0.0,0.0,0.0,0.0,0.0,0.0
37355,2023.0,9.0,17.0,9.0,20.025064,20.099981,18.91423,18.904394,19.753996,19.728668,19.563408,19.549536,19.177307,19.145082,18.927326,18.895334,21.024649,21.547747,19.720654,19.680857,18.695692,18.676792,0.0,0.0,0.0,0.0,0.0,4.0,0.0,0.0
37356,2023.0,9.0,17.0,10.0,19.964529,20.05232,18.904818,18.901367,19.720524,19.701427,19.531002,19.523296,19.171383,19.141943,18.927149,18.898127,20.552013,20.541288,19.696632,19.659771,18.699121,18.68198,0.0,0.0,0.0,0.0,0.0,0.0,0.0,0.0
37357,2023.0,9.0,17.0,10.0,19.920403,20.01816,18.894354,18.894844,19.68691,19.670404,19.498306,19.493164,19.16517,19.136616,18.9273,18.899546,20.372229,20.272675,19.67361,19.637362,18.701817,18.685188,0.0,0.0,0.0,0.0,0.0,0.0,0.0,0.0
37358,2023.0,9.0,17.0,10.0,19.917593,20.056084,18.885408,18.890453,19.660032,19.649939,19.47203,19.473125,19.160471,19.133076,18.928337,18.901335,21.045448,21.59362,19.655226,19.621447,18.704266,18.687714,0.0,0.0,0.0,0.0,0.0,4.0,0.0,0.0
37359,2023.0,9.0,17.0,10.0,19.893505,20.037596,18.876616,18.88555,19.632984,19.6268,19.445484,19.450365,19.156712,19.12999,18.93101,18.904766,20.57855,20.595022,19.637962,19.605236,18.707384,18.691076,0.0,0.0,0.0,0.0,0.0,0.0,0.0,0.0
37360,2023.0,9.0,17.0,10.0,19.866184,20.012585,19.314892,19.718033,19.608347,19.60601,20.101416,20.709856,19.154312,19.128262,18.93509,18.90959,20.40731,20.334932,19.622995,19.591297,18.710978,18.69494,4.0,0.0,4.0,0.0,0.0,0.0,0.0,0.0
37361,2023.0,9.0,17.0,10.0,19.841091,19.989681,20.101048,21.030987,19.585594,19.586962,19.68794,19.788017,19.152897,19.127695,18.94061,18.916351,20.364359,20.29445,19.609661,19.579021,18.715012,18.699453,0.0,0.0,0.0,0.0,0.0,0.0,0.0,0.0
37362,2023.0,9.0,17.0,11.0,19.815279,19.96648,19.443913,19.615248,19.562122,19.56747,19.46017,19.498402,19.151863,19.12778,18.947361,18.924109,20.35254,20.306423,19.595932,19.566677,18.719051,18.704191,0.0,0.0,0.0,0.0,0.0,0.0,0.0,0.0
37363,2023.0,9.0,17.0,11.0,19.790567,19.939653,19.158092,19.172579,19.538399,19.54234,19.414185,19.441471,19.148731,19.12295,18.952057,18.927567,20.333147,20.28797,19.58165,19.55041,18.71981,18.703373,0.0,0.0,0.0,0.0,0.0,0.0,0.0,0.0
37364,2023.0,9.0,17.0,11.0,20.434053,21.167013,19.103506,19.123152,19.518192,19.524078,19.378796,19.397108,19.144554,19.117807,18.953861,18.927767,21.070656,21.70799,19.568201,19.536863,18.718859,18.701069,0.0,0.0,0.0,0.0,0.0,4.0,0.0,0.0
37365,2023.0,9.0,17.0,11.0,20.012373,20.232983,19.057806,19.075502,19.497206,19.502905,19.349339,19.365124,19.13908,19.111418,18.953632,18.926517,20.56889,20.617203,19.553617,19.521595,18.7164,18.697577,0.0,0.0,0.0,0.0,0.0,0.0,0.0,0.0
37366,2023.0,9.0,17.0,11.0,19.84024,19.980904,19.023369,19.039995,20.153185,20.754364,19.325447,19.34087,19.133186,19.105042,18.951555,18.923775,20.37791,20.315107,19.538916,19.506615,18.71279,18.693306,0.0,4.0,0.0,0.0,0.0,0.0,0.0,0.0
37367,2023.0,9.0,17.0,11.0,19.788145,19.92194,18.992035,19.00541,20.329554,20.93403,19.301743,19.31524,19.126556,19.097612,18.948332,18.919643,20.322384,20.25039,19.524176,19.490957,18.708447,18.68814,0.0,4.0,0.0,0.0,0.0,0.0,0.0,0.0
37368,2023.0,9.0,17.0,12.0,20.438925,21.176098,18.96973,18.984991,20.359018,20.9155,19.282938,19.297857,19.120728,19.091679,18.945578,18.916405,20.310934,20.261314,19.512594,19.479876,18.704733,18.684057,0.0,4.0,0.0,0.0,0.0,0.0,0.0,0.0
37369,2023.0,9.0,17.0,12.0,21.086876,22.21506,19.375616,19.762627,21.116552,22.221937,21.219206,22.760525,19.11586,19.086832,18.94381,18.914507,21.098541,21.666744,21.294199,22.601519,18.701918,18.681183,4.0,0.0,0.0,0.0,0.0,0.0,0.0,0.0
37370,2023.0,9.0,17.0,12.0,20.983927,21.868814,20.07631,20.874908,21.011871,21.899427,20.993832,22.105429,19.112667,19.08349,18.943739,18.914207,21.002619,21.447199,20.992382,21.903063,18.700733,18.679783,4.0,0.0,0.0,0.0,0.0,0.0,0.0,0.0
37371,2023.0,9.0,17.0,12.0,21.01041,21.84224,20.018366,20.651985,21.061604,21.908741,21.07169,22.118176,19.112185,19.083,18.94672,18.917044,21.028969,21.456104,21.05879,21.915659,18.702223,18.681263,4.0,0.0,0.0,0.0,0.0,0.0,0.0,0.0
37372,2023.0,9.0,17.0,12.0,21.05244,21.9038,20.044165,20.679316,21.05272,21.828917,21.064356,22.003418,19.113731,19.084478,18.952095,18.92222,21.02671,21.417347,21.05256,21.815165,18.706009,18.684998,0.0,0.0,0.0,0.0,0.0,0.0,0.0,0.0
37373,2023.0,9.0,17.0,12.0,21.016865,21.791735,19.88016,20.286842,21.018492,21.736845,21.02094,21.876314,19.116331,19.086845,18.958622,18.92816,21.410286,22.108961,21.016272,21.704098,18.71107,18.689901,4.0,0.0,0.0,0.0,0.0,4.0,0.0,0.0
37374,2023.0,9.0,17.0,13.0,20.994911,21.696272,20.044878,20.62364,21.022835,21.717644,21.00055,21.773443,19.119606,19.089863,18.96617,18.93542,20.959368,21.208345,21.020752,21.672901,18.716919,18.695534,0.0,0.0,4.0,0.0,0.0,0.0,0.0,0.0
37375,2023.0,9.0,17.0,13.0,21.027811,21.764889,19.561605,19.65543,21.021847,21.69425,21.0312,21.829655,19.12406,19.094671,19.361513,19.673204,21.017456,21.322056,21.019997,21.6411,18.723965,18.703135,0.0,0.0,0.0,0.0,4.0,0.0,0.0,0.0
37376,2023.0,9.0,17.0,13.0,21.020227,21.73159,19.764393,20.189224,21.021467,21.676321,21.026966,21.791052,19.128761,19.099768,20.0806,20.844296,21.42112,22.065876,21.019672,21.61655,18.731318,18.711016,4.0,0.0,0.0,0.0,0.0,4.0,0.0,0.0
37377,2023.0,9.0,17.0,13.0,21.050383,21.742258,20.03768,20.612276,21.021273,21.661583,21.026716,21.765507,19.133377,19.10469,19.53261,19.654493,20.966454,21.176058,21.019135,21.59632,18.738405,18.718468,0.0,0.0,0.0,0.0,0.0,0.0,0.0,0.0
37378,2023.0,9.0,17.0,13.0,21.067095,21.759897,19.576536,19.67927,21.020908,21.648863,20.997643,21.671936,19.13829,19.110205,19.23781,19.222383,21.016798,21.283022,21.018358,21.57927,18.745481,18.726225,0.0,0.0,4.0,0.0,0.0,0.0,0.0,0.0
37379,2023.0,9.0,17.0,13.0,21.080967,21.774172,19.349268,19.396015,21.04303,21.680283,21.0535,21.79789,19.143124,19.116192,19.176472,19.146582,21.023457,21.295734,21.038363,21.604027,18.752234,18.733988,0.0,0.0,0.0,0.0,0.0,0.0,0.0,0.0
37380,2023.0,9.0,17.0,14.0,21.089426,21.77828,19.264301,19.290718,21.016916,21.619392,21.02067,21.70902,19.146704,19.12067,19.16007,19.131676,21.526304,22.240572,21.015423,21.548376,18.757895,18.74065,0.0,0.0,0.0,0.0,0.0,4.0,0.0,0.0
37381,2023.0,9.0,17.0,14.0,21.098768,21.78531,19.205503,19.227118,21.039417,21.626507,20.390297,20.486631,19.149025,19.12375,19.14633,19.118376,20.950853,21.006659,20.512579,20.57172,18.762081,18.745321,0.0,4.0,0.0,0.0,0.0,0.0,0.0,0.0
37382,2023.0,9.0,17.0,14.0,20.539333,20.727541,19.17164,19.19156,20.494074,20.592749,20.79258,21.387278,19.150034,19.125738,19.502935,19.797367,21.426754,21.999893,20.296085,20.261103,18.764774,18.748875,0.0,0.0,4.0,0.0,4.0,4.0,0.0,0.0
37383,2023.0,9.0,17.0,14.0,20.335339,20.46912,19.585154,19.992191,20.24206,20.24124,20.289574,20.374874,19.150063,19.126839,20.0647,20.746428,20.911339,20.945715,20.19968,20.159578,18.766388,18.751434,4.0,0.0,0.0,0.0,0.0,0.0,0.0,0.0
37384,2023.0,9.0,17.0,14.0,20.888575,21.598179,20.055998,20.728724,20.726963,21.254799,20.601461,21.158678,19.148966,19.126905,19.58554,19.715027,20.64672,20.59168,20.119898,20.082167,19.660397,20.441507,0.0,4.0,4.0,0.0,0.0,0.0,0.0,4.0
37385,2023.0,9.0,17.0,14.0,20.483889,20.684309,19.932507,20.38537,20.891514,21.43506,20.73835,21.290623,19.854065,20.459894,19.300552,19.296644,20.566074,20.50676,20.052967,20.016405,20.039684,20.86514,4.0,4.0,4.0,4.0,0.0,0.0,0.0,0.0
37386,2023.0,9.0,17.0,15.0,20.851883,21.544022,20.035383,20.588915,20.906485,21.44825,20.749403,21.299532,20.012175,20.550545,19.231775,19.211683,21.230576,21.809757,20.985735,21.832033,19.397627,19.518475,0.0,4.0,4.0,0.0,0.0,4.0,4.0,0.0
37387,2023.0,9.0,17.0,15.0,21.02784,21.721912,19.609282,19.72631,20.387886,20.464687,20.225275,20.30717,20.218847,20.845728,19.200352,19.177282,20.820982,20.860516,20.43696,20.50602,19.101873,19.123657,0.0,0.0,0.0,4.0,0.0,0.0,0.0,0.0
37388,2023.0,9.0,17.0,15.0,20.494486,20.69177,19.821754,20.200392,20.16043,20.146683,20.002125,20.003178,20.310497,20.932655,19.179333,19.15425,20.616705,20.551582,20.174797,20.132067,19.899883,20.672478,4.0,0.0,0.0,4.0,0.0,0.0,0.0,4.0
37389,2023.0,9.0,17.0,15.0,20.950882,21.657774,20.032043,20.550694,20.68393,21.202946,19.901001,19.889864,19.97641,20.316004,19.157663,19.130621,20.537868,20.46096,20.07386,20.020502,20.1295,20.91248,0.0,4.0,0.0,0.0,0.0,0.0,0.0,4.0
37390,2023.0,9.0,17.0,15.0,20.51142,20.691092,19.961338,20.349094,20.838707,21.354372,19.81764,19.801996,20.28657,20.872927,19.496428,19.786547,21.2519,21.873165,19.996317,19.940638,20.224518,20.99224,4.0,4.0,0.0,4.0,4.0,4.0,0.0,4.0
37391,2023.0,9.0,17.0,15.0,20.295988,20.3992,20.00862,20.425127,20.31987,20.36484,19.774733,19.769531,19.97467,20.288347,20.07371,20.758436,20.71625,20.730537,19.954971,19.915543,20.29087,21.04758,4.0,0.0,0.0,0.0,0.0,0.0,0.0,4.0
37392,2023.0,9.0,17.0,16.0,20.193111,20.287958,19.999865,20.394785,20.6589,21.162888,20.400967,20.991257,19.629946,19.639854,19.531527,19.626266,20.430185,20.356281,19.8992,19.86638,19.98709,20.49745,4.0,4.0,4.0,0.0,0.0,0.0,0.0,0.0
37393,2023.0,9.0,17.0,16.0,20.797415,21.483978,20.00087,20.38589,20.798038,21.295624,20.545956,21.064472,19.436512,19.405848,19.23476,19.22688,20.345974,20.26845,19.844917,19.817347,19.46783,19.499552,4.0,4.0,4.0,0.0,0.0,0.0,0.0,0.0
37394,2023.0,9.0,17.0,16.0,20.963028,21.615076,20.000704,20.37626,20.29217,20.331604,20.028164,20.076513,19.355759,19.324745,19.151651,19.13843,20.330715,20.294518,20.78715,21.64405,19.217293,19.201616,4.0,0.0,0.0,0.0,0.0,0.0,4.0,0.0
37395,2023.0,9.0,17.0,16.0,20.42603,20.576944,20.000572,20.36795,20.620031,21.102858,19.7626,19.732214,19.314934,19.296507,19.106897,19.093477,20.307669,20.278248,20.215807,20.255005,19.119026,19.09703,4.0,4.0,0.0,0.0,0.0,0.0,0.0,0.0
37396,2023.0,9.0,17.0,16.0,20.168625,20.257458,20.000477,20.360544,20.77601,21.263987,19.676077,19.634295,19.280962,19.264055,19.073902,19.059996,21.034836,21.687056,19.875599,19.830853,19.05675,19.033651,4.0,4.0,0.0,0.0,0.0,4.0,0.0,0.0
37397,2023.0,9.0,17.0,16.0,20.085241,20.165207,20.018957,20.405638,20.26359,20.28354,20.32123,20.89713,19.250029,19.232761,19.04773,19.032768,20.551926,20.550573,19.789183,19.735071,19.016254,18.999876,0.0,0.0,4.0,0.0,0.0,0.0,0.0,0.0
37398,2023.0,9.0,17.0,17.0,20.698118,21.362452,19.998028,20.330969,20.61441,21.0991,19.936771,19.97178,19.223726,19.205885,19.027073,19.011648,20.290554,20.212404,19.738964,19.68217,18.981562,18.965612,4.0,4.0,0.0,0.0,0.0,0.0,0.0,0.0
37399,2023.0,9.0,17.0,17.0,20.828175,21.4739,20.01978,20.385632,20.716202,21.199772,19.731281,19.682001,19.204723,19.186035,19.012472,18.995703,20.966995,21.53778,19.734774,19.706047,18.956469,18.94044,0.0,4.0,0.0,0.0,0.0,4.0,0.0,0.0
37400,2023.0,9.0,17.0,17.0,20.889435,21.532106,20.008469,20.3331,20.204206,20.210928,19.648993,19.596039,19.186274,19.167679,18.997824,18.981138,20.51629,20.49047,19.717741,19.692242,18.931023,18.915447,4.0,0.0,0.0,0.0,0.0,0.0,0.0,0.0
37401,2023.0,9.0,17.0,17.0,20.36679,20.512917,20.00517,20.323782,20.612537,21.071089,20.295979,20.857454,19.172676,19.153929,18.98648,18.969385,21.04895,21.584402,19.698092,19.673107,19.800034,20.575146,4.0,4.0,4.0,0.0,0.0,4.0,0.0,4.0
37402,2023.0,9.0,17.0,17.0,20.173336,20.249287,20.004782,20.320711,20.20393,20.228477,20.403307,20.91019,19.853527,20.44834,18.97542,18.958149,21.209522,21.773613,20.672848,21.533546,20.01068,20.751972,4.0,0.0,4.0,4.0,0.0,4.0,4.0,4.0
37403,2023.0,9.0,17.0,17.0,20.749731,21.38891,20.00449,20.31752,20.592922,21.047443,20.430794,20.918781,20.01898,20.619225,19.3267,19.626556,20.604431,20.581068,20.004715,20.034557,20.026384,20.720453,4.0,4.0,4.0,0.0,4.0,0.0,0.0,0.0
37404,2023.0,9.0,17.0,18.0,20.924149,21.544188,20.017921,20.358356,20.75641,21.222757,19.9223,19.924538,19.48037,19.484877,20.094957,20.878334,21.070562,21.622698,19.682898,19.627045,19.381807,19.39812,0.0,4.0,0.0,0.0,0.0,4.0,0.0,0.0
37405,2023.0,9.0,17.0,18.0,21.007473,21.656492,19.670988,19.685291,21.060106,21.756565,21.163477,22.270613,19.25204,19.205452,19.518703,19.64055,20.998117,21.366764,21.278479,22.454437,19.98495,20.723587,0.0,0.0,0.0,0.0,0.0,0.0,0.0,4.0
37406,2023.0,9.0,17.0,18.0,21.017904,21.637571,19.4373,19.366957,20.988256,21.540964,20.999949,21.81257,19.189528,19.134954,19.19106,19.183947,21.01883,21.386549,20.995544,21.796776,19.988823,20.54506,0.0,4.0,0.0,0.0,0.0,0.0,0.0,0.0
37407,2023.0,9.0,17.0,18.0,21.023136,21.649263,19.850067,20.208906,21.030483,21.612885,21.027565,21.793076,19.185867,19.162373,19.11842,19.10095,21.01593,21.363428,21.0284,21.77749,19.424343,19.41693,4.0,0.0,0.0,0.0,0.0,0.0,0.0,0.0
37408,2023.0,9.0,17.0,18.0,21.019138,21.616863,20.016064,20.402025,20.994186,21.492434,21.02103,21.729382,19.17137,19.151028,19.463966,19.790716,21.01627,21.351357,21.268648,22.131815,19.171013,19.117355,4.0,4.0,0.0,0.0,4.0,0.0,4.0,0.0
37409,2023.0,9.0,17.0,18.0,21.07058,21.662785,19.997858,20.338575,21.02833,21.562984,20.996077,21.622944,19.151236,19.132446,20.082216,20.78927,21.390524,22.04256,20.989624,21.567999,19.088978,19.03455,4.0,0.0,4.0,0.0,0.0,4.0,0.0,0.0
37410,2023.0,9.0,17.0,19.0,21.014353,21.567963,20.0004,20.325298,20.995232,21.458256,21.006145,21.613634,19.132252,19.114021,19.50756,19.578472,20.966345,21.20231,21.229671,21.968735,19.066101,19.043734,4.0,4.0,4.0,0.0,0.0,0.0,4.0,0.0
37411,2023.0,9.0,17.0,19.0,21.107967,21.709621,20.000013,20.311434,21.02862,21.535257,21.004133,21.590172,19.114878,19.097187,19.2269,19.213858,21.023006,21.322615,20.984493,21.492943,19.036524,19.016684,4.0,0.0,4.0,0.0,0.0,0.0,0.0,0.0
37412,2023.0,9.0,17.0,19.0,21.137527,21.73287,20.031359,20.382755,21.001162,21.435923,21.054094,21.6992,19.099655,19.082434,19.148962,19.124233,21.031406,21.338049,21.048746,21.619457,19.004906,18.986778,0.0,4.0,0.0,0.0,0.0,0.0,0.0,0.0
37413,2023.0,9.0,17.0,19.0,21.002502,21.508587,20.007586,20.29128,21.000898,21.440773,20.993093,21.532364,19.084637,19.06596,19.107603,19.085659,21.428616,22.081987,21.01784,21.534449,18.977625,18.96107,4.0,4.0,4.0,0.0,0.0,4.0,0.0,0.0
37414,2023.0,9.0,17.0,19.0,21.113232,21.69219,20.018812,20.333874,21.026787,21.509134,21.005173,21.545633,19.74363,20.318195,19.071754,19.050383,20.962288,21.165361,21.023258,21.533464,18.953114,18.938055,0.0,0.0,4.0,4.0,0.0,0.0,0.0,0.0
37415,2023.0,9.0,17.0,19.0,21.147736,21.721853,19.634794,19.585888,21.003159,21.421877,21.003515,21.535278,20.03423,20.634802,19.040514,19.019913,21.306385,21.828592,21.018595,21.522327,18.931099,18.91678,0.0,4.0,4.0,0.0,0.0,4.0,0.0,0.0
37416,2023.0,9.0,17.0,20.0,21.004023,21.483559,19.936703,20.285133,21.02713,21.49572,21.003937,21.529495,19.455791,19.435223,19.012848,18.991793,20.978672,21.190582,21.019156,21.520388,19.790592,20.558136,4.0,0.0,4.0,0.0,0.0,0.0,0.0,4.0
37417,2023.0,9.0,17.0,20.0,21.036043,21.550343,20.08969,20.466562,21.01247,21.426792,21.007694,21.529387,19.200312,19.128235,18.986238,18.963959,21.030434,21.315752,21.038092,21.553482,20.078156,20.771788,4.0,4.0,4.0,0.0,0.0,0.0,0.0,4.0
37418,2023.0,9.0,17.0,20.0,21.035557,21.536053,20.029068,20.341946,21.04229,21.517641,21.049921,21.632038,19.193695,19.172596,18.964958,18.94326,21.030024,21.309124,21.037838,21.542892,20.049824,20.666998,0.0,0.0,0.0,0.0,0.0,0.0,0.0,0.0
37419,2023.0,9.0,17.0,20.0,21.011168,21.497213,19.654451,19.624037,21.017294,21.454622,20.993597,21.479998,19.172237,19.15146,19.289919,19.568745,21.009975,21.284277,21.016178,21.500828,19.413239,19.389498,0.0,0.0,4.0,0.0,4.0,0.0,0.0,0.0
37420,2023.0,9.0,17.0,20.0,21.014164,21.506876,19.448286,19.360285,21.020876,21.455,21.003511,21.494772,19.146406,19.126036,20.086302,20.853533,21.417927,22.053286,21.44358,22.281448,19.15001,19.090302,0.0,0.0,4.0,0.0,4.0,4.0,4.0,0.0
37421,2023.0,9.0,17.0,20.0,21.264236,21.960182,19.865623,20.207401,21.159945,21.694817,21.002195,21.488817,19.77814,20.333454,20.014585,20.620157,21.433577,21.95211,21.473812,22.184069,19.978992,20.727642,4.0,4.0,4.0,4.0,0.0,4.0,4.0,4.0
37422,2023.0,9.0,17.0,21.0,20.971857,21.39483,20.051207,20.430569,20.994904,21.386053,21.001698,21.484194,20.03238,20.593369,19.748075,20.008495,21.437342,21.9523,20.958145,21.302917,19.99396,20.533752,4.0,0.0,4.0,0.0,4.0,4.0,0.0,0.0
37423,2023.0,9.0,17.0,21.0,21.15513,21.729671,19.998116,20.302574,21.022747,21.439861,21.028116,21.552982,19.481201,19.458437,20.049295,20.58338,21.463531,21.9781,21.028378,21.456762,19.428843,19.39794,4.0,0.0,0.0,0.0,4.0,4.0,0.0,0.0
37424,2023.0,9.0,17.0,21.0,20.991655,21.426058,20.018942,20.342508,21.066061,21.490171,21.02173,21.529654,19.252302,19.195496,20.01577,20.485035,20.956713,21.084595,21.019682,21.447088,19.194258,19.142605,0.0,4.0,0.0,0.0,0.0,0.0,0.0,0.0
37425,2023.0,9.0,17.0,21.0,21.020329,21.486998,20.025002,20.313545,21.01312,21.414642,20.994482,21.444975,19.23261,19.216887,19.83787,20.083046,21.022146,21.241423,21.020878,21.451544,19.159847,19.145649,4.0,0.0,4.0,0.0,4.0,0.0,0.0,0.0
37426,2023.0,9.0,17.0,21.0,21.196358,21.795715,20.013704,20.304588,21.020618,21.429348,21.030113,21.53343,19.207182,19.188705,20.039345,20.473427,21.012592,21.239374,21.016535,21.449867,19.122192,19.10597,0.0,0.0,0.0,0.0,4.0,0.0,0.0,0.0
37427,2023.0,9.0,17.0,21.0,21.24042,21.826012,20.046825,20.336447,21.014906,21.424461,21.021511,21.510532,19.84253,20.407566,20.017612,20.424109,21.347635,21.868357,21.017317,21.455402,19.087677,19.07407,4.0,0.0,0.0,4.0,0.0,4.0,0.0,0.0
37428,2023.0,9.0,17.0,22.0,20.989233,21.395641,20.009357,20.277102,21.015318,21.427847,21.021809,21.503809,20.090012,20.635315,19.905838,20.166191,20.97225,21.142586,21.016832,21.45594,19.933409,20.700296,0.0,0.0,0.0,4.0,4.0,0.0,0.0,4.0
37429,2023.0,9.0,17.0,22.0,21.21195,21.814264,20.063395,20.354624,21.015041,21.42842,21.016836,21.495724,20.00636,20.4465,20.041346,20.447582,21.367281,21.905964,21.016945,21.456263,20.00024,20.571661,4.0,0.0,0.0,0.0,0.0,4.0,0.0,0.0
37430,2023.0,9.0,17.0,22.0,20.98647,21.38658,20.006073,20.256788,21.014997,21.428534,21.017403,21.49666,19.542965,19.514082,19.598469,19.573126,20.967321,21.124937,21.498287,22.342096,19.434639,19.421097,0.0,0.0,0.0,0.0,0.0,0.0,4.0,0.0
37431,2023.0,9.0,17.0,22.0,21.01981,21.462275,19.7015,19.672274,21.014866,21.427822,21.017315,21.495922,19.983355,20.502525,19.417349,19.396442,21.018986,21.247221,20.943148,21.250847,19.203236,19.161922,0.0,0.0,0.0,4.0,0.0,0.0,0.0,0.0
37432,2023.0,9.0,17.0,22.0,21.030075,21.483778,19.58224,19.559479,21.03031,21.457104,21.035126,21.529793,20.0344,20.434093,19.356527,19.335659,21.02624,21.271292,21.038477,21.470667,19.133093,19.08954,0.0,0.0,0.0,0.0,0.0,0.0,0.0,0.0
37433,2023.0,9.0,17.0,22.0,21.009455,21.450901,19.541927,19.523521,21.0125,21.420404,21.014477,21.487453,19.57092,19.531364,19.308355,19.292963,21.008228,21.248533,21.015413,21.413063,19.120483,19.10995,0.0,0.0,0.0,0.0,0.0,0.0,0.0,0.0
37434,2023.0,9.0,17.0,23.0,21.023695,21.485233,19.500706,19.480148,21.029997,21.454775,21.034927,21.52783,19.37498,19.315414,19.260193,19.242575,21.02065,21.2838,21.037466,21.459461,19.09409,19.08209,0.0,0.0,0.0,0.0,0.0,0.0,0.0,0.0
37435,2023.0,9.0,17.0,23.0,21.3058,21.996983,19.470596,19.453564,20.63623,20.69135,20.57777,20.641563,19.353437,19.3363,19.51731,19.758734,20.730371,20.72755,20.596388,20.609552,19.802658,20.441662,0.0,0.0,0.0,0.0,4.0,0.0,0.0,4.0
37436,2023.0,9.0,17.0,23.0,20.718018,20.817043,19.445702,19.428095,20.448391,20.426678,20.368298,20.354008,19.915531,20.417944,19.645172,19.941467,20.620687,20.58964,20.426645,20.39727,19.281506,19.2858,0.0,0.0,0.0,4.0,4.0,0.0,0.0,0.0
37437,2023.0,9.0,17.0,23.0,21.158916,21.766623,19.423302,19.405947,20.364214,20.335997,20.274115,20.25435,19.526398,19.561062,19.364784,19.386343,20.56397,20.530996,20.340393,20.31124,19.123365,19.084404,0.0,0.0,0.0,0.0,0.0,0.0,0.0,0.0
37438,2023.0,9.0,17.0,23.0,20.682093,20.790798,19.403288,19.386045,20.301748,20.272888,20.203085,20.182783,19.909302,20.351059,19.253948,19.238766,20.516424,20.48277,20.27077,20.24284,19.078686,19.040657,0.0,0.0,0.0,4.0,0.0,0.0,0.0,0.0
37439,2023.0,9.0,17.0,23.0,20.483274,20.525454,19.384655,19.367466,20.248684,20.219366,20.142868,20.122118,19.48894,19.46103,19.21376,19.19714,20.474705,20.440233,20.210865,20.183788,19.070398,19.060003,0.0,0.0,0.0,0.0,0.0,0.0,0.0,0.0
37440,2023.0,9.0,18.0,0.0,20.403164,20.441486,19.366253,19.348036,20.199734,20.167711,20.087442,20.063684,19.347345,19.286158,19.179192,19.160288,20.436201,20.399738,20.15569,20.125658,19.047941,19.034727,0.0,0.0,0.0,0.0,0.0,0.0,0.0,0.0
37441,2023.0,9.0,18.0,0.0,20.434933,20.565203,19.350155,19.332125,20.159042,20.127718,20.041504,20.018555,19.340319,19.322071,19.151573,19.13239,20.403128,20.366533,20.10901,20.078978,19.026815,19.013277,0.0,0.0,0.0,0.0,0.0,0.0,0.0,0.0
37442,2023.0,9.0,18.0,0.0,20.403978,20.533966,19.336506,19.320152,20.125448,20.097948,20.00368,19.985046,19.888144,20.376083,19.129045,19.111446,21.06582,21.646368,20.983904,21.76472,19.73703,20.36635,0.0,0.0,0.0,4.0,0.0,4.0,4.0,4.0
37443,2023.0,9.0,18.0,0.0,20.37033,20.49968,19.32222,19.305916,20.091957,20.064684,19.965921,19.947607,20.052835,20.549301,19.107141,19.089087,20.533388,20.503561,20.318344,20.314379,19.24222,19.261549,0.0,0.0,0.0,4.0,0.0,0.0,0.0,0.0
37444,2023.0,9.0,18.0,0.0,20.33937,20.467356,19.308556,19.291964,20.060993,20.033218,19.930935,19.912169,19.523785,19.49543,19.08706,19.068213,20.34703,20.238491,20.086779,19.997835,19.07223,19.028948,0.0,0.0,0.0,0.0,0.0,0.0,0.0,0.0
37445,2023.0,9.0,18.0,0.0,20.310303,20.436403,19.294956,19.277363,20.03115,20.001755,19.897367,19.876831,19.366282,19.295105,19.068277,19.048079,20.29385,20.183043,20.013819,19.9222,19.028397,18.982958,0.0,0.0,0.0,0.0,0.0,0.0,0.0,0.0
37446,2023.0,9.0,18.0,1.0,20.284557,20.410206,19.283003,19.265446,20.005123,19.976175,19.868319,19.848274,19.312113,19.242746,19.052198,19.031757,20.328472,20.294485,20.02007,19.989975,19.02896,19.016174,0.0,0.0,0.0,0.0,0.0,0.0,0.0,0.0
37447,2023.0,9.0,18.0,1.0,20.259287,20.383432,19.270502,19.25187,19.980272,19.951345,19.840988,19.821127,19.31235,19.286312,19.348276,19.599667,20.307549,20.269165,19.989988,19.958752,19.00968,18.993479,0.0,0.0,0.0,0.0,4.0,0.0,0.0,0.0
37448,2023.0,9.0,18.0,1.0,20.234964,20.357567,19.257679,19.237385,19.955889,19.92625,19.814356,19.79385,19.292707,19.270498,19.156904,19.173838,20.283659,20.24427,20.877136,21.658175,18.990992,18.973663,0.0,0.0,0.0,0.0,0.0,0.0,4.0,0.0
37449,2023.0,9.0,18.0,1.0,20.21089,20.33102,19.244635,19.221989,19.931877,19.900429,19.788136,19.76585,19.267456,19.244642,19.358446,19.58743,20.955236,21.533012,20.206888,20.19006,18.973577,18.954533,0.0,0.0,0.0,0.0,4.0,4.0,0.0,0.0
37450,2023.0,9.0,18.0,1.0,20.841606,21.532526,19.231844,19.20669,19.909082,19.875536,19.763065,19.738811,19.24229,19.216528,19.174723,19.185501,20.404877,20.348377,19.974165,19.866297,18.957024,18.936214,0.0,0.0,0.0,0.0,0.0,0.0,0.0,0.0
37451,2023.0,9.0,18.0,1.0,20.42329,20.605839,19.219316,19.19157,19.887253,19.851543,19.739103,19.71279,19.219236,19.191347,19.080873,19.052782,20.21998,20.08353,19.900768,19.78703,18.941141,18.918535,0.0,0.0,0.0,0.0,0.0,0.0,0.0,0.0
37452,2023.0,9.0,18.0,2.0,20.159307,20.167845,19.20629,19.17536,19.865202,19.826544,19.715172,19.685863,19.197508,19.166933,19.050528,19.018219,20.162716,20.018812,19.842133,19.723454,18.925358,18.900494,0.0,0.0,0.0,0.0,0.0,0.0,0.0,0.0
37453,2023.0,9.0,18.0,2.0,20.087439,20.0883,19.195175,19.162966,19.846132,19.807043,19.694708,19.665018,19.178837,19.14757,19.026882,18.993938,20.206892,20.149242,19.869087,19.82198,19.645046,20.267319,0.0,0.0,0.0,0.0,0.0,0.0,0.0,4.0
37454,2023.0,9.0,18.0,2.0,20.036005,20.031769,19.183372,19.149069,19.826405,19.785652,19.673885,19.642387,19.159903,19.126913,19.00463,18.969534,20.20188,20.151205,19.85598,19.81404,19.170279,19.201021,0.0,0.0,0.0,0.0,0.0,0.0,0.0,0.0
37455,2023.0,9.0,18.0,2.0,20.112892,20.22273,19.170547,19.133017,19.80583,19.761919,19.652472,19.61756,19.140669,19.105003,18.982634,18.944193,20.178501,20.125143,19.828995,19.784624,18.95996,18.872387,0.0,0.0,0.0,0.0,0.0,0.0,0.0,0.0
37456,2023.0,9.0,18.0,2.0,20.09868,20.201115,19.159012,19.11944,19.787392,19.741875,19.63335,19.596708,19.123117,19.08583,18.96333,18.923056,20.156624,20.101547,19.80359,19.757767,18.900387,18.804537,0.0,0.0,0.0,0.0,0.0,0.0,0.0,0.0
37457,2023.0,9.0,18.0,2.0,20.08125,20.181726,19.148834,19.108477,19.771036,19.725496,19.61636,19.579685,19.686964,20.15821,18.946318,18.90563,20.136591,20.081118,19.780418,19.73442,19.713617,20.38205,0.0,0.0,0.0,4.0,0.0,0.0,0.0,4.0
37458,2023.0,9.0,18.0,3.0,20.062849,20.160671,19.13724,19.094543,19.753141,19.705574,19.597897,19.559078,19.309374,19.31195,18.928247,18.885365,20.115602,20.058075,19.756655,19.708836,19.872402,20.472733,0.0,0.0,0.0,0.0,0.0,0.0,0.0,4.0
37459,2023.0,9.0,18.0,3.0,20.046621,20.143589,19.127514,19.084206,19.737465,19.689617,19.58207,19.542717,19.187313,19.1486,18.912455,18.869017,20.096836,20.038836,19.735388,19.687243,19.212685,19.15515,0.0,0.0,0.0,0.0,0.0,0.0,0.0,0.0
37460,2023.0,9.0,18.0,3.0,20.030619,20.126326,19.118145,19.074165,19.72216,19.673721,19.566809,19.526587,19.15358,19.112604,19.208393,19.43637,20.078634,20.01977,19.714949,19.666035,19.024216,18.910513,0.0,0.0,0.0,0.0,4.0,0.0,0.0,0.0
37461,2023.0,9.0,18.0,3.0,20.015732,20.110857,19.109598,19.065369,19.708025,19.659674,19.552664,19.51235,19.128208,19.087124,19.012016,18.99978,20.777561,21.357447,19.696367,19.647411,18.961704,18.849855,0.0,0.0,0.0,0.0,0.0,4.0,0.0,0.0
37462,2023.0,9.0,18.0,3.0,20.001026,20.095253,19.10126,19.056543,19.694147,19.645573,19.538607,19.497993,19.10741,19.065754,19.22492,19.435923,20.194244,20.100924,19.678743,19.62951,19.670286,20.227766,0.0,0.0,0.0,0.0,4.0,0.0,0.0,4.0
37463,2023.0,9.0,18.0,3.0,19.986599,20.079697,19.093082,19.047724,19.680557,19.631517,19.524803,19.483658,19.089054,19.046724,19.03753,19.024828,20.012222,19.843212,19.661938,19.61225,19.152111,19.092003,0.0,0.0,0.0,0.0,0.0,0.0,0.0,0.0
37464,2023.0,9.0,18.0,4.0,19.972702,20.064884,19.085232,19.039328,19.667425,19.618114,19.511703,19.470123,19.072866,19.030123,18.951853,18.90691,19.964956,19.795465,19.646126,19.59618,19.735882,20.290127,0.0,0.0,0.0,0.0,0.0,0.0,0.0,4.0
37465,2023.0,9.0,18.0,4.0,19.958147,20.048515,19.07654,19.029263,19.653519,19.60301,19.498028,19.455072,19.057222,19.013268,18.926138,18.87896,20.026644,19.957241,19.630135,19.579111,19.199385,19.134995,0.0,0.0,0.0,0.0,0.0,0.0,0.0,0.0
37466,2023.0,9.0,18.0,4.0,19.94293,20.030668,19.066591,19.016935,19.638376,19.585457,19.483252,19.437716,19.041628,18.99566,18.90296,18.852882,20.027563,19.963596,19.613785,19.560976,19.010853,18.884241,0.0,0.0,0.0,0.0,0.0,0.0,0.0,0.0
37467,2023.0,9.0,18.0,4.0,19.94481,20.046812,19.058107,19.007662,19.625277,19.571896,19.47038,19.42428,19.028131,18.981531,19.195559,19.416782,20.010868,19.946163,19.59893,19.545498,18.953346,18.829529,0.0,0.0,0.0,0.0,4.0,0.0,0.0,0.0
37468,2023.0,9.0,18.0,4.0,20.57391,21.232397,19.049343,18.99775,19.61196,19.55778,19.45718,19.410244,19.01515,18.9678,19.001957,18.98889,19.994308,19.928783,19.584372,19.530294,19.760183,20.40357,0.0,0.0,0.0,0.0,0.0,0.0,0.0,4.0
37469,2023.0,9.0,18.0,4.0,20.18204,20.353456,19.040207,18.986963,19.598143,19.54254,19.443575,19.39514,19.002407,18.953798,18.911715,18.859806,19.977371,19.91042,19.56955,19.514307,19.189674,19.135519,0.0,0.0,0.0,0.0,0.0,0.0,0.0,0.0
37470,2023.0,9.0,18.0,5.0,19.915339,19.90072,19.03097,18.97606,19.584377,19.527296,19.430162,19.380129,19.57557,20.0401,18.88677,18.8326,19.960997,19.892588,19.554916,19.498478,18.98517,18.856167,0.0,0.0,0.0,4.0,0.0,0.0,0.0,0.0
37471,2023.0,9.0,18.0,5.0,19.836962,19.804796,19.022688,18.967188,19.571718,19.514185,19.417738,19.367193,19.206089,19.205994,18.86633,18.811548,20.663885,21.235899,19.541304,19.484495,18.926338,18.79729,0.0,0.0,0.0,0.0,0.0,4.0,0.0,0.0
37472,2023.0,9.0,18.0,5.0,19.911905,19.995573,19.014858,18.959024,19.559662,19.501873,19.405642,19.3549,19.657763,20.115715,18.848974,18.793798,20.075058,19.966715,19.528227,19.471188,18.954859,18.899704,0.0,0.0,0.0,4.0,0.0,0.0,0.0,0.0
37473,2023.0,9.0,18.0,5.0,20.573116,21.239096,19.007029,18.950764,19.547731,19.489494,20.073847,20.622484,19.773243,20.19278,18.832977,18.777287,19.892765,19.709177,19.515297,19.457888,18.949549,18.904644,0.0,0.0,4.0,4.0,0.0,0.0,0.0,0.0
37474,2023.0,9.0,18.0,5.0,20.039587,20.078163,18.999346,18.942696,19.535967,19.477402,19.669012,19.704834,19.830114,20.241386,18.81842,18.762342,19.846178,19.662584,19.502687,19.444984,18.928925,18.883305,0.0,0.0,0.0,4.0,0.0,0.0,0.0,0.0
37475,2023.0,9.0,18.0,5.0,19.857002,19.821136,18.991783,18.934795,19.524296,19.46552,19.392607,19.238504,19.303318,19.205708,18.805096,18.748741,19.911434,19.831015,19.490366,19.432442,19.639977,20.23845,0.0,0.0,0.0,0.0,0.0,0.0,0.0,4.0
37476,2023.0,9.0,18.0,6.0,20.484116,21.043013,18.984127,18.926708,19.512508,19.45338,19.310802,19.136175,19.723562,20.10183,19.088736,19.289581,19.917265,19.845964,19.478094,19.419815,19.938623,20.632662,0.0,0.0,0.0,4.0,4.0,0.0,0.0,4.0
37477,2023.0,9.0,18.0,6.0,21.082088,22.00573,18.977112,18.919725,21.190144,22.448,21.214636,22.564268,20.049229,20.607052,20.11723,21.027445,21.169981,22.037104,21.312164,22.5966,20.249846,21.151525,0.0,0.0,0.0,0.0,4.0,0.0,0.0,0.0
37478,2023.0,9.0,18.0,6.0,21.016281,21.760809,19.411226,19.738651,20.976442,21.818787,21.000278,21.947855,19.427967,19.328426,19.99306,20.647587,21.005579,21.64208,21.054222,21.883265,19.320705,19.242872,4.0,4.0,0.0,0.0,4.0,0.0,4.0,0.0
37479,2023.0,9.0,18.0,6.0,20.996996,21.629293,20.061773,20.751085,21.006235,21.770533,21.029146,21.889082,19.147873,18.994387,20.015062,20.59018,21.02055,21.597826,21.039131,21.841742,19.831316,20.423796,4.0,4.0,0.0,0.0,4.0,0.0,0.0,4.0
37480,2023.0,9.0,18.0,6.0,21.052382,21.720592,20.054707,20.626022,21.026869,21.719372,21.060047,21.861477,19.166939,19.10825,20.055088,20.605877,21.170639,21.802696,21.066458,21.801579,20.052319,20.6073,0.0,4.0,0.0,0.0,0.0,4.0,0.0,4.0
37481,2023.0,9.0,18.0,6.0,21.019264,21.613228,19.423708,19.343744,21.032145,21.699955,21.019972,21.734077,19.82035,20.358381,19.415535,19.312733,21.071716,21.526592,21.023186,21.66295,20.020369,20.527258,0.0,0.0,0.0,4.0,0.0,4.0,0.0,0.0
37482,2023.0,9.0,18.0,7.0,21.02367,21.594658,19.670507,20.00158,21.02784,21.64341,20.998276,21.631975,20.076582,20.614466,19.19901,19.1274,21.069283,21.519287,21.296238,22.111889,20.148743,20.693453,4.0,0.0,4.0,4.0,0.0,4.0,4.0,4.0
37483,2023.0,9.0,18.0,7.0,21.172022,21.840054,20.051533,20.585234,21.000166,21.531199,21.029541,21.691526,20.012335,20.453722,19.559177,19.858051,21.017729,21.4277,20.980873,21.488691,20.000973,20.40711,0.0,4.0,0.0,0.0,4.0,0.0,0.0,0.0
37484,2023.0,9.0,18.0,7.0,21.06809,21.574516,19.952879,20.311806,21.00633,21.520573,21.029385,21.65515,19.462025,19.347252,20.065672,20.668306,21.112463,21.562262,21.03097,21.568401,20.275633,20.877665,4.0,4.0,0.0,0.0,0.0,4.0,0.0,4.0
37485,2023.0,9.0,18.0,7.0,21.020935,21.542261,20.03968,20.476496,21.004902,21.502457,21.000198,21.548973,19.213175,19.061129,19.842402,20.135859,21.15538,21.607187,21.023708,21.537455,19.969662,20.283573,0.0,4.0,4.0,0.0,4.0,4.0,0.0,0.0
37486,2023.0,9.0,18.0,7.0,21.022165,21.538153,19.514389,19.424288,21.031452,21.563421,21.034384,21.621677,19.973972,20.578823,20.053162,20.547813,21.181452,21.632973,21.025293,21.525677,19.49038,19.374544,0.0,0.0,0.0,4.0,0.0,4.0,0.0,0.0
37487,2023.0,9.0,18.0,7.0,21.020668,21.52712,19.641453,19.826591,20.998747,21.461185,21.026955,21.589584,19.99595,20.405582,19.466341,19.36388,21.20677,21.659441,21.018976,21.511328,19.264837,19.125734,4.0,4.0,0.0,0.0,0.0,4.0,0.0,0.0
37488,2023.0,9.0,18.0,8.0,21.228674,21.901285,20.06106,20.525692,21.031235,21.537281,21.027277,21.575386,19.470346,19.352156,19.67214,19.963806,21.231058,21.684952,21.019606,21.508837,19.180742,19.045645,0.0,0.0,0.0,0.0,4.0,4.0,0.0,0.0
37489,2023.0,9.0,18.0,8.0,21.144533,21.659956,19.530663,19.450727,20.924425,21.287819,21.030542,21.552258,19.254698,19.120747,20.04611,20.541811,20.582996,20.4449,20.482946,20.469574,19.200893,19.149113,0.0,4.0,4.0,0.0,0.0,0.0,0.0,0.0
37490,2023.0,9.0,18.0,8.0,20.552258,20.58241,19.356554,19.298416,20.356575,20.266624,20.881516,21.260231,19.964506,20.52864,19.599047,19.629568,20.316336,20.13648,21.20028,22.014658,19.192858,19.153328,0.0,0.0,4.0,4.0,0.0,0.0,4.0,0.0
37491,2023.0,9.0,18.0,8.0,20.325092,20.282585,19.32906,19.27988,20.10934,19.924953,20.30242,20.208334,20.006586,20.474838,19.407698,19.357939,20.969522,21.446638,21.260742,21.937305,19.17149,19.136105,0.0,0.0,0.0,0.0,0.0,4.0,4.0,0.0
37492,2023.0,9.0,18.0,8.0,20.220924,20.187077,19.294323,19.249195,19.993275,19.815,20.616774,20.996853,19.499321,19.429781,19.335562,19.287495,20.5079,20.403214,20.436146,20.359098,19.147165,19.115294,0.0,0.0,4.0,0.0,0.0,0.0,0.0,0.0
37493,2023.0,9.0,18.0,8.0,20.158611,20.130594,19.268316,19.223862,20.038465,19.977982,20.70669,21.104536,19.328228,19.207794,19.289465,19.239868,20.312714,20.142424,20.172043,20.01848,19.128311,19.097757,0.0,0.0,4.0,0.0,0.0,0.0,0.0,0.0
37494,2023.0,9.0,18.0,9.0,20.22907,20.329163,19.24811,19.208857,20.005795,19.952847,20.172264,20.096554,19.345999,19.298582,19.258686,19.21451,20.25485,20.097105,20.082262,19.942627,19.114153,19.0863,0.0,0.0,0.0,0.0,0.0,0.0,0.0,0.0
37495,2023.0,9.0,18.0,9.0,20.919891,21.652256,19.230303,19.195444,19.96978,19.92254,19.971802,19.836418,19.334412,19.297487,19.234205,19.1932,20.292667,20.225412,20.01676,19.888391,19.10344,19.07759,0.0,0.0,0.0,0.0,0.0,0.0,0.0,0.0
37496,2023.0,9.0,18.0,9.0,20.395157,20.508867,19.21473,19.184282,20.59304,21.128857,19.887632,19.75946,19.315954,19.281712,19.215498,19.176865,21.04802,21.678633,20.029953,19.973589,19.09541,19.071018,0.0,4.0,0.0,0.0,0.0,4.0,0.0,0.0
37497,2023.0,9.0,18.0,9.0,20.19316,20.22851,19.20138,19.175398,20.207798,20.280317,20.561295,21.09724,19.30206,19.269506,19.202251,19.165476,20.475182,20.435333,20.012077,19.966627,19.090029,19.066673,0.0,0.0,4.0,0.0,0.0,0.0,0.0,0.0
37498,2023.0,9.0,18.0,9.0,20.810677,21.443455,19.631329,19.996128,19.940804,19.846342,20.634302,21.095322,19.29233,19.261074,19.193787,19.158455,20.286259,20.161736,19.985676,19.94294,19.087402,19.064796,4.0,0.0,4.0,0.0,0.0,0.0,0.0,0.0
37499,2023.0,9.0,18.0,9.0,20.35387,20.46634,20.053373,20.675514,20.501022,20.957403,20.657566,21.114933,19.286083,19.256018,19.18961,19.155643,20.248089,20.129234,19.962765,19.9221,19.08762,19.065762,0.0,4.0,4.0,0.0,0.0,0.0,0.0,0.0
37500,2023.0,9.0,18.0,10.0,20.12857,20.19156,19.570555,19.64878,20.14141,20.127802,20.146017,20.130127,19.280828,19.25211,19.187963,19.155651,20.277355,20.221998,19.94008,19.901348,19.089592,19.068642,0.0,0.0,0.0,0.0,0.0,0.0,0.0,0.0
37501,2023.0,9.0,18.0,10.0,20.752247,21.402563,19.3936,19.389536,20.588324,21.054808,19.954765,19.877274,19.277308,19.2471,19.188253,19.154375,20.27647,20.227707,19.923048,19.883778,19.090994,19.068466,0.0,4.0,0.0,0.0,0.0,0.0,0.0,0.0
37502,2023.0,9.0,18.0,10.0,20.298977,20.419682,19.33973,19.32886,20.698114,21.168446,19.874426,19.79565,19.27415,19.242264,19.188364,19.152636,20.264687,20.215881,19.907166,19.867165,19.091757,19.067442,0.0,4.0,0.0,0.0,0.0,0.0,0.0,0.0
37503,2023.0,9.0,18.0,10.0,20.80251,21.4496,19.30458,19.293625,20.732212,21.197712,19.817322,19.741983,19.272614,19.238989,19.189157,19.151396,20.254442,20.204876,19.893923,19.853046,19.092527,19.06636,0.0,4.0,0.0,0.0,0.0,0.0,0.0,0.0
37504,2023.0,9.0,18.0,10.0,20.333672,20.453438,19.277452,19.26677,20.222965,20.21766,19.818115,19.793037,19.272184,19.236855,19.190592,19.150742,20.245914,20.195509,19.8828,19.841022,19.093424,19.065393,0.0,0.0,0.0,0.0,0.0,0.0,0.0,0.0
37505,2023.0,9.0,18.0,10.0,20.158886,20.21732,19.254625,19.244421,20.021822,19.939949,20.466755,21.042925,19.272848,19.235826,19.192749,19.150782,20.238926,20.187593,19.873228,19.830502,19.094551,19.064674,0.0,0.0,4.0,0.0,0.0,0.0,0.0,0.0
37506,2023.0,9.0,18.0,11.0,20.773087,21.421652,19.234814,19.225113,19.944414,19.860104,20.624418,21.199715,19.274012,19.235306,19.195683,19.15161,20.232763,20.18042,19.86443,19.82067,19.096209,19.064543,0.0,0.0,4.0,0.0,0.0,0.0,0.0,0.0
37507,2023.0,9.0,18.0,11.0,20.315321,20.439209,19.2185,19.21064,20.52695,21.00256,20.055422,20.071095,19.276781,19.237474,19.200811,19.15591,20.22837,20.175943,19.857191,19.813257,19.100008,19.067663,0.0,4.0,0.0,0.0,0.0,0.0,0.0,0.0
37508,2023.0,9.0,18.0,11.0,20.830872,21.497305,19.20451,19.198767,20.664799,21.148455,19.858831,19.800638,19.280958,19.241198,19.207409,19.161919,20.225489,20.173044,19.85133,19.807259,19.105026,19.072197,0.0,4.0,0.0,0.0,0.0,0.0,0.0,0.0
37509,2023.0,9.0,18.0,11.0,20.376925,20.528883,19.192192,19.188639,20.175394,20.192068,19.793823,19.738644,19.285955,19.245728,19.214752,19.168634,20.986898,21.620237,19.847157,19.802975,19.110182,19.07684,0.0,0.0,0.0,0.0,0.0,4.0,0.0,0.0
37510,2023.0,9.0,18.0,11.0,20.202217,20.292389,19.181087,19.179562,20.614859,21.103563,19.75051,19.702145,19.291609,19.251068,19.222492,19.175936,21.138832,21.732729,19.844004,19.79976,19.115065,19.081305,0.0,4.0,0.0,0.0,0.0,4.0,0.0,0.0
37511,2023.0,9.0,18.0,11.0,20.15127,20.245756,19.171263,19.171843,20.729105,21.222841,20.412457,20.986275,19.296432,19.255928,19.22947,19.182867,20.55602,20.557547,19.840776,19.796852,19.11896,19.085075,0.0,4.0,4.0,0.0,0.0,0.0,0.0,0.0
37512,2023.0,9.0,18.0,12.0,20.158424,20.300976,19.161724,19.163698,20.771477,21.266323,20.50766,21.011269,19.299938,19.26028,19.2357,19.190285,20.367767,20.261904,19.837023,19.79373,19.122055,19.088787,0.0,4.0,4.0,0.0,0.0,0.0,0.0,0.0
37513,2023.0,9.0,18.0,12.0,21.120316,22.013624,19.15187,19.154057,21.057161,21.760893,21.068104,21.950022,19.298973,19.258116,19.236895,19.189955,21.097397,21.578192,21.183912,22.140339,19.122133,19.087769,0.0,0.0,4.0,0.0,0.0,0.0,0.0,0.0
37514,2023.0,9.0,18.0,12.0,20.99535,21.683458,19.138678,19.13897,21.014822,21.621126,21.018908,21.784256,19.295984,19.25418,19.235632,19.18777,21.003708,21.373995,20.991505,21.680126,19.121048,19.086037,0.0,0.0,0.0,0.0,0.0,0.0,0.0,0.0
37515,2023.0,9.0,18.0,12.0,21.019619,21.68111,19.5829,19.983004,20.996752,21.524487,21.026514,21.733894,19.2915,19.24967,19.231907,19.18397,21.3832,22.055702,21.023272,21.664375,19.118446,19.083464,4.0,4.0,0.0,0.0,0.0,4.0,0.0,0.0
37516,2023.0,9.0,18.0,12.0,21.014317,21.636522,20.063791,20.714003,21.000683,21.50932,20.99708,21.608356,19.285463,19.243837,19.226141,19.178347,20.957403,21.202808,21.016525,21.597082,19.114235,19.07956,0.0,4.0,4.0,0.0,0.0,0.0,0.0,0.0
37517,2023.0,9.0,18.0,12.0,21.015656,21.614494,19.561735,19.655329,21.026636,21.565794,21.003798,21.59271,19.279348,19.238083,19.220701,19.173326,21.018812,21.318949,21.017647,21.560476,19.109587,19.075249,0.0,0.0,4.0,0.0,0.0,0.0,0.0,0.0
37518,2023.0,9.0,18.0,13.0,21.015467,21.596634,19.310663,19.319866,21.020273,21.53488,21.002916,21.571882,19.273289,19.231846,19.215208,19.167608,21.34385,21.909706,21.448671,22.320095,19.105072,19.070656,0.0,0.0,4.0,0.0,0.0,4.0,4.0,0.0
37519,2023.0,9.0,18.0,13.0,21.015013,21.582752,19.705563,20.104162,21.01746,21.482803,21.028934,21.630068,19.271688,19.23336,19.214367,19.170115,21.452246,22.0153,20.95409,21.336655,19.104652,19.07318,4.0,4.0,0.0,0.0,0.0,4.0,0.0,0.0
37520,2023.0,9.0,18.0,13.0,21.01382,21.571747,20.04507,20.605688,21.023918,21.518614,21.022003,21.599255,19.272999,19.237606,19.217247,19.176462,20.95509,21.115862,21.028046,21.47997,19.106499,19.077673,0.0,0.0,0.0,0.0,0.0,0.0,0.0,0.0
37521,2023.0,9.0,18.0,13.0,21.01451,21.56609,19.569735,19.623304,21.049519,21.528692,21.022375,21.584799,19.276175,19.243166,19.222593,19.184448,21.017023,21.249218,21.017029,21.450966,19.109589,19.082914,0.0,4.0,0.0,0.0,0.0,0.0,0.0,0.0
37522,2023.0,9.0,18.0,13.0,21.029705,21.58962,19.357224,19.360662,21.038164,21.52687,21.044228,21.613688,19.2811,19.250353,19.230139,19.194914,21.023134,21.264898,21.03582,21.477148,19.114113,19.0894,0.0,0.0,0.0,0.0,0.0,0.0,0.0,0.0
37523,2023.0,9.0,18.0,13.0,21.028467,21.57762,19.313875,19.323235,21.036957,21.517677,21.037598,21.59,19.286957,19.25806,19.238346,19.20528,21.01899,21.259483,21.030573,21.456465,19.119553,19.096529,0.0,0.0,0.0,0.0,0.0,0.0,0.0,0.0
37524,2023.0,9.0,18.0,14.0,21.26689,22.004166,19.286346,19.300133,21.012321,21.473124,21.015253,21.548203,19.293663,19.26633,19.24725,19.215939,21.007828,21.241102,21.011316,21.418375,19.125942,19.104546,0.0,0.0,0.0,0.0,0.0,0.0,0.0,0.0
37525,2023.0,9.0,18.0,14.0,20.683277,20.824688,19.255487,19.263836,20.58333,20.647585,20.518614,20.590588,19.292858,19.258678,19.612566,19.895002,20.731565,20.707127,20.60221,20.625715,19.124805,19.096968,0.0,0.0,0.0,0.0,4.0,0.0,0.0,0.0
37526,2023.0,9.0,18.0,14.0,21.109818,21.748264,19.668314,20.053537,21.032509,21.588902,20.30022,20.293644,19.287628,19.24575,20.038818,20.563189,20.627493,20.56431,20.426012,20.373184,19.1196,19.084814,4.0,4.0,0.0,0.0,4.0,0.0,0.0,0.0
37527,2023.0,9.0,18.0,14.0,21.202667,21.7957,20.044401,20.616882,21.071646,21.520445,20.175135,20.156858,19.272984,19.225946,19.994917,20.405901,21.314207,21.9213,20.31783,20.256735,19.10546,19.066158,0.0,4.0,0.0,0.0,4.0,4.0,0.0,0.0
37528,2023.0,9.0,18.0,14.0,20.62992,20.722576,19.585735,19.657375,21.017921,21.438997,20.076748,20.048233,19.240286,19.194202,20.02216,20.441105,20.768896,20.714962,20.221203,20.159761,19.07393,19.035286,0.0,4.0,0.0,0.0,0.0,0.0,0.0,0.0
37529,2023.0,9.0,18.0,14.0,20.9962,21.591236,19.767414,20.128714,20.457619,20.394878,19.993267,19.954254,19.201881,19.154982,19.544718,19.49884,21.152603,21.64095,20.134083,20.07146,19.037552,18.998148,4.0,0.0,0.0,0.0,0.0,4.0,0.0,0.0
37530,2023.0,9.0,18.0,15.0,21.052977,21.606401,20.0427,20.562258,20.804344,21.159918,20.58075,21.101833,19.872007,20.449358,19.314219,19.17072,21.242264,21.724102,21.044989,21.852575,19.003008,18.961424,0.0,4.0,4.0,4.0,0.0,4.0,4.0,0.0
37531,2023.0,9.0,18.0,15.0,21.063478,21.606588,19.525997,19.498096,20.405582,20.328505,20.790255,21.321302,20.160213,20.759727,19.269505,19.192884,20.61065,20.50716,20.393164,20.335451,19.85548,20.601416,0.0,0.0,4.0,4.0,0.0,0.0,0.0,4.0
37532,2023.0,9.0,18.0,15.0,20.502226,20.534744,19.814123,20.13637,20.157036,19.972837,20.692715,21.08518,20.002832,20.44162,19.238968,19.177628,21.10312,21.564707,20.102201,19.949583,20.026854,20.74909,4.0,0.0,4.0,0.0,0.0,4.0,0.0,0.0
37533,2023.0,9.0,18.0,15.0,20.895721,21.450039,20.006153,20.391714,20.03618,19.845013,20.669296,21.051008,19.481,19.401857,19.189848,19.132692,20.601097,20.479681,19.978674,19.827547,19.322514,19.279848,4.0,0.0,4.0,0.0,0.0,0.0,0.0,0.0
37534,2023.0,9.0,18.0,15.0,21.033642,21.565702,20.003384,20.354847,20.712038,21.20115,20.1362,20.046398,19.22849,19.103779,19.142406,19.087606,21.036312,21.497646,19.968307,19.899496,19.028648,18.930784,4.0,4.0,0.0,0.0,0.0,4.0,0.0,0.0
37535,2023.0,9.0,18.0,15.0,21.04918,21.573914,20.022272,20.385431,20.812822,21.18353,20.485622,20.87431,19.143612,19.013544,19.10143,19.048138,21.203062,21.65949,19.93611,19.8774,19.010118,18.966816,0.0,4.0,4.0,0.0,0.0,4.0,0.0,0.0
37536,2023.0,9.0,18.0,16.0,20.49019,20.50843,19.557463,19.470558,20.794334,21.154137,20.60888,20.9806,19.163149,19.104734,19.435732,19.704142,20.563826,20.421286,19.892576,19.835443,18.992125,18.951494,0.0,4.0,4.0,0.0,4.0,0.0,0.0,0.0
37537,2023.0,9.0,18.0,16.0,20.284624,20.240875,19.741543,19.90178,20.263937,20.151247,20.633854,21.00975,19.164198,19.11746,20.087553,20.787848,20.37034,20.176996,19.862476,19.807743,18.975965,18.937387,4.0,0.0,4.0,0.0,0.0,0.0,0.0,0.0
37538,2023.0,9.0,18.0,16.0,20.858065,21.407598,20.02798,20.368881,20.628698,20.998186,20.660606,21.041891,19.150782,19.107487,19.848215,20.179407,20.292633,20.108751,19.834642,19.782951,18.961868,18.92619,4.0,4.0,4.0,0.0,4.0,0.0,0.0,0.0
37539,2023.0,9.0,18.0,16.0,21.02024,21.55439,19.998755,20.294579,20.783102,21.164507,20.68536,21.072351,19.138445,19.09756,20.050144,20.570656,20.238544,20.064177,19.81104,19.761826,19.78256,20.483543,4.0,4.0,4.0,0.0,0.0,0.0,0.0,4.0
37540,2023.0,9.0,18.0,16.0,21.065418,21.61523,20.00184,20.289806,20.81626,21.202358,20.71009,21.103125,19.128908,19.090267,19.49765,19.431192,20.28521,20.20754,19.79118,19.744137,20.029648,20.675503,4.0,4.0,4.0,0.0,0.0,0.0,0.0,0.0
37541,2023.0,9.0,18.0,16.0,21.1037,21.657494,20.000973,20.280436,20.846687,21.238165,20.73377,21.132608,19.121716,19.085564,19.235655,19.111658,20.289877,20.226748,19.77439,19.729874,19.3859,19.344467,4.0,4.0,4.0,0.0,0.0,0.0,0.0,0.0
37542,2023.0,9.0,18.0,17.0,20.548565,20.595543,20.000702,20.274614,20.324709,20.245771,20.756466,21.161432,19.11592,19.082571,19.234978,19.179672,20.270031,20.211857,19.75941,19.717554,19.131578,19.050882,4.0,0.0,4.0,0.0,0.0,0.0,0.0,0.0
37543,2023.0,9.0,18.0,17.0,20.301115,20.306683,20.00081,20.270031,20.676165,21.066666,20.767815,21.168612,19.106474,19.072676,19.601456,19.886831,21.000254,21.622192,19.741812,19.699903,19.109888,19.070934,4.0,4.0,4.0,0.0,4.0,4.0,0.0,0.0
37544,2023.0,9.0,18.0,17.0,20.206,20.202997,20.000736,20.264957,20.822128,21.21612,20.234041,20.162882,19.094454,19.059904,20.054049,20.593239,20.467669,20.384432,19.723005,19.680761,19.088701,19.054117,4.0,4.0,0.0,0.0,0.0,0.0,0.0,0.0
37545,2023.0,9.0,18.0,17.0,20.813494,21.398712,20.019327,20.312178,20.840403,21.22845,20.57576,20.97755,19.08125,19.046225,19.577415,19.60152,20.19385,20.044357,19.703741,19.660389,19.05953,19.025625,0.0,4.0,4.0,0.0,0.0,0.0,0.0,0.0
37546,2023.0,9.0,18.0,17.0,20.404652,20.456184,19.991999,20.22717,20.85626,21.239557,20.166792,20.092222,19.067682,19.032595,19.33687,19.295923,20.124508,19.96941,19.684326,19.640093,19.031914,18.998522,4.0,4.0,0.0,0.0,0.0,0.0,0.0,0.0
37547,2023.0,9.0,18.0,17.0,20.21311,20.195635,20.00262,20.246117,20.865908,21.244938,20.58824,20.988756,19.054707,19.019482,19.272915,19.22231,20.170732,20.102827,19.666203,19.620802,19.009426,18.976294,4.0,4.0,4.0,0.0,0.0,0.0,0.0,0.0
37548,2023.0,9.0,18.0,18.0,20.126348,20.105078,20.019651,20.294031,20.874445,21.249063,20.709892,21.095598,19.037739,18.999815,19.620876,19.924522,20.17018,20.112091,19.646051,19.599592,18.985352,18.952896,0.0,4.0,4.0,0.0,4.0,0.0,0.0,0.0
37549,2023.0,9.0,18.0,18.0,21.087915,21.916464,19.986242,20.200167,21.018229,21.49045,21.042364,21.664455,19.018139,18.976955,20.037985,20.55311,21.13763,21.788109,21.225258,22.29872,18.958393,18.921824,4.0,4.0,4.0,0.0,4.0,4.0,4.0,0.0
37550,2023.0,9.0,18.0,18.0,20.998709,21.58741,20.006516,20.24435,20.999004,21.428785,21.024834,21.605139,18.994015,18.946678,20.018543,20.464998,21.008888,21.505741,21.000181,21.792454,18.929216,18.887644,4.0,4.0,0.0,0.0,0.0,0.0,0.0,0.0
37551,2023.0,9.0,18.0,18.0,20.997776,21.518526,20.001055,20.229734,21.00298,21.418781,21.026688,21.570728,18.971039,18.919863,19.450062,19.32611,21.024237,21.480156,21.03434,21.76339,18.902498,18.857534,4.0,4.0,0.0,0.0,0.0,0.0,0.0,0.0
37552,2023.0,9.0,18.0,18.0,20.998922,21.494673,20.021177,20.281208,21.02899,21.476768,21.026207,21.540207,19.639868,20.19667,19.148308,18.957743,21.021725,21.43433,21.027443,21.679571,18.875227,18.825933,0.0,0.0,0.0,4.0,0.0,0.0,0.0,0.0
37553,2023.0,9.0,18.0,18.0,21.028181,21.55558,19.938726,20.090984,21.022566,21.445826,21.018496,21.517223,20.05018,20.721127,19.15581,19.07444,21.014692,21.404217,21.0206,21.628626,18.848394,18.79474,4.0,0.0,0.0,0.0,0.0,0.0,0.0,0.0
37554,2023.0,9.0,18.0,19.0,21.013426,21.472519,20.017067,20.251966,21.023914,21.431532,21.046532,21.534864,19.930286,20.337954,19.130203,19.05299,21.015987,21.394768,21.312746,22.1222,18.822773,18.76545,4.0,0.0,4.0,4.0,0.0,0.0,4.0,0.0
37555,2023.0,9.0,18.0,19.0,21.026342,21.518581,20.002464,20.219315,21.01676,21.41886,21.000395,21.433893,20.042374,20.557936,19.430017,19.65601,21.268908,21.845558,21.217716,21.817772,19.675661,20.39475,4.0,0.0,4.0,0.0,4.0,4.0,4.0,4.0
37556,2023.0,9.0,18.0,19.0,21.024149,21.468264,20.022856,20.270174,21.12278,21.592442,21.00689,21.439075,19.37602,19.218876,20.06609,20.674488,21.165295,21.549255,21.011759,21.500252,20.04566,20.785452,0.0,4.0,4.0,0.0,4.0,4.0,0.0,0.0
37557,2023.0,9.0,18.0,19.0,21.011003,21.440208,19.55722,19.367046,20.991213,21.320549,21.032679,21.503584,19.061813,18.855589,20.022524,20.51802,21.013948,21.324759,21.03067,21.531994,19.22031,19.086552,0.0,4.0,0.0,0.0,0.0,0.0,0.0,0.0
37558,2023.0,9.0,18.0,19.0,21.000006,21.420443,19.809547,20.015102,21.006433,21.349695,21.001095,21.407036,19.076838,18.986145,19.343252,19.153185,21.024496,21.34335,21.16186,21.731424,19.765299,20.377703,4.0,4.0,4.0,0.0,0.0,0.0,4.0,4.0
37559,2023.0,9.0,18.0,19.0,21.048079,21.541355,20.014841,20.308256,21.008574,21.351416,21.01345,21.425367,19.054745,18.964367,19.14123,19.035404,21.092731,21.441494,21.053703,21.518188,20.064756,20.718796,4.0,4.0,4.0,0.0,0.0,4.0,0.0,0.0
37560,2023.0,9.0,18.0,20.0,20.998411,21.403154,20.00407,20.247555,21.03067,21.413523,21.006147,21.405783,19.006042,18.91413,19.09046,18.981487,21.093967,21.42725,21.163065,21.708702,19.274395,19.107944,4.0,0.0,4.0,0.0,0.0,4.0,4.0,0.0
37561,2023.0,9.0,18.0,20.0,21.001982,21.410246,20.044321,20.329195,21.008905,21.330276,21.014574,21.419165,18.957338,18.861488,19.023506,18.910543,21.089296,21.41603,21.054266,21.501328,18.908543,18.681934,0.0,4.0,4.0,0.0,0.0,4.0,0.0,0.0
37562,2023.0,9.0,18.0,20.0,21.000982,21.406458,19.504595,19.26503,21.004797,21.328686,21.006544,21.40064,18.918188,18.821997,18.969494,18.858358,21.08506,21.40643,21.027395,21.477259,18.943588,18.85741,0.0,4.0,4.0,0.0,0.0,4.0,0.0,0.0
37563,2023.0,9.0,18.0,20.0,21.001087,21.40702,19.592897,19.610823,21.032589,21.403566,21.007488,21.400845,18.878605,18.779451,18.91331,18.798164,21.079031,21.394222,21.028772,21.478588,18.916002,18.824265,4.0,0.0,4.0,0.0,0.0,4.0,0.0,0.0
37564,2023.0,9.0,18.0,20.0,21.001507,21.40731,20.073456,20.447552,20.997992,21.307241,21.007845,21.399652,18.843239,18.74237,18.863352,18.746147,21.072927,21.38248,21.028818,21.475649,18.86548,18.773483,0.0,4.0,4.0,0.0,0.0,4.0,0.0,0.0
37565,2023.0,9.0,18.0,20.0,21.029985,21.483698,19.456118,19.208588,21.032654,21.39502,21.008053,21.398188,18.810328,18.708254,18.818045,18.700518,21.021551,21.316984,21.378141,22.120329,18.82018,18.727386,0.0,0.0,4.0,0.0,0.0,0.0,4.0,0.0
37566,2023.0,9.0,18.0,21.0,20.994095,21.384886,19.307854,19.146711,21.025766,21.374723,21.035492,21.470688,18.777863,18.673332,18.773726,18.653345,21.025097,21.322018,20.966986,21.32904,18.777721,18.682674,0.0,0.0,0.0,0.0,0.0,0.0,0.0,0.0
37567,2023.0,9.0,18.0,21.0,21.03029,21.475893,19.285185,19.137367,21.027124,21.37057,21.02909,21.449402,18.747795,18.64194,19.071287,19.243748,21.052906,21.343773,21.036333,21.47226,19.62044,20.307198,0.0,0.0,0.0,0.0,4.0,4.0,0.0,4.0
37568,2023.0,9.0,18.0,21.0,21.024347,21.456614,19.672983,19.904703,21.016891,21.36495,21.029686,21.44079,18.717655,18.609371,20.128075,20.98239,21.023884,21.315798,21.151402,21.654041,20.056665,20.81774,4.0,0.0,0.0,0.0,4.0,0.0,4.0,0.0
37569,2023.0,9.0,18.0,21.0,20.994953,21.371628,20.052042,20.499187,21.018538,21.37731,21.01854,21.43071,18.687916,18.576777,20.017195,20.653418,21.042349,21.32221,21.009472,21.416822,19.896418,20.354092,0.0,0.0,0.0,0.0,0.0,4.0,0.0,4.0
37570,2023.0,9.0,18.0,21.0,21.031944,21.467178,19.5887,19.54155,21.11159,21.53378,21.020731,21.44141,18.66091,18.548632,19.462732,19.4752,21.03499,21.309547,21.033712,21.471184,20.054478,20.667332,0.0,4.0,0.0,0.0,4.0,4.0,0.0,0.0
37571,2023.0,9.0,18.0,21.0,21.024254,21.448402,19.318592,19.178782,21.00597,21.356506,21.020605,21.44554,18.63371,18.519505,20.157923,20.801752,21.02712,21.325815,21.029718,21.463928,19.208103,18.976059,0.0,0.0,0.0,0.0,0.0,0.0,0.0,0.0
37572,2023.0,9.0,18.0,22.0,21.025467,21.446596,19.22673,19.067049,21.031382,21.39407,21.020742,21.448969,18.606611,18.49043,19.255264,19.01069,21.026257,21.32126,21.021679,21.465223,18.826574,18.55317,0.0,0.0,0.0,0.0,0.0,0.0,0.0,0.0
37573,2023.0,9.0,18.0,22.0,21.030575,21.472607,19.165234,18.995142,21.056087,21.4296,21.04171,21.49278,18.57917,18.460333,18.98491,18.843712,21.051573,21.366106,21.0451,21.523483,18.87174,18.768087,0.0,0.0,0.0,0.0,0.0,0.0,0.0,0.0
37574,2023.0,9.0,18.0,22.0,21.209328,21.794827,19.123617,18.955914,21.013414,21.359266,21.043308,21.462362,18.55536,18.436485,19.22086,19.332998,21.01356,21.30585,21.019491,21.47828,19.575836,20.117512,0.0,0.0,4.0,0.0,4.0,0.0,0.0,4.0
37575,2023.0,9.0,18.0,22.0,20.999361,21.391644,19.083927,18.914795,21.019651,21.38163,21.021133,21.458048,18.530365,18.409624,20.127903,20.876303,21.018322,21.32707,21.023499,21.493383,20.036533,20.701464,0.0,0.0,0.0,0.0,0.0,0.0,0.0,4.0
37576,2023.0,9.0,18.0,22.0,21.029629,21.454115,19.04756,18.87718,21.019024,21.387403,21.032782,21.461731,18.50597,18.38399,19.387499,19.35318,21.247068,21.74889,21.023254,21.49805,20.033415,20.644978,0.0,0.0,0.0,0.0,0.0,4.0,0.0,0.0
37577,2023.0,9.0,18.0,22.0,21.026188,21.445187,19.013205,18.84135,21.019268,21.392952,21.03114,21.444042,19.084307,19.492584,18.993282,18.852335,20.998613,21.261055,21.023476,21.50241,19.166437,18.915108,0.0,0.0,0.0,4.0,0.0,0.0,0.0,0.0
37578,2023.0,9.0,18.0,23.0,21.016094,21.443605,18.980698,18.807356,21.019424,21.3973,21.019999,21.434668,20.129574,21.153078,18.87517,18.725859,21.030474,21.324764,21.023458,21.505655,18.772398,18.475758,0.0,0.0,0.0,0.0,0.0,0.0,0.0,0.0
37579,2023.0,9.0,18.0,23.0,20.602316,20.662838,18.951681,18.77889,20.533516,20.468138,20.4929,20.4326,19.214006,19.212841,18.79342,18.644978,20.343113,20.002083,20.402712,20.314142,18.808773,18.678576,0.0,0.0,0.0,0.0,0.0,0.0,0.0,0.0
37580,2023.0,9.0,18.0,23.0,20.402988,20.391466,18.92612,18.752146,20.270708,20.084263,20.21563,20.03775,18.88923,18.757889,18.731272,18.57875,20.314604,20.14549,20.158909,20.017008,18.789316,18.668596,0.0,0.0,0.0,0.0,0.0,0.0,0.0,0.0
37581,2023.0,9.0,18.0,23.0,20.309286,20.295572,18.901787,18.727749,20.160196,19.96757,20.094625,19.911465,18.801563,18.668863,18.675552,18.522305,20.256424,20.089811,20.035208,19.889183,18.739714,18.618675,0.0,0.0,0.0,0.0,0.0,0.0,0.0,0.0
37582,2023.0,9.0,18.0,23.0,20.240004,20.232388,18.880491,18.708853,20.739435,21.13216,20.009588,19.835499,18.73652,18.608229,18.628937,18.4795,20.187296,20.026218,19.938759,19.798494,18.695877,18.577284,0.0,4.0,0.0,0.0,0.0,0.0,0.0,0.0
37583,2023.0,9.0,18.0,23.0,20.174385,20.16716,18.857876,18.686924,20.310066,20.241037,19.929243,19.75621,18.678831,18.550432,18.5821,18.433052,20.121279,19.960657,19.850597,19.710865,18.65183,18.533438,0.0,0.0,0.0,0.0,0.0,0.0,0.0,0.0
37584,2023.0,9.0,19.0,0.0,20.113968,20.105753,18.835148,18.66436,19.808271,19.365852,19.856115,19.682638,18.626717,18.497395,18.84446,18.963358,20.059746,19.898392,19.77073,19.630173,18.609537,18.490532,0.0,0.0,0.0,0.0,4.0,0.0,0.0,0.0
37585,2023.0,9.0,19.0,0.0,20.057837,20.047913,18.812288,18.64098,19.644976,19.192987,19.788042,19.612444,18.579033,18.448332,18.944462,19.092415,20.002756,19.840118,19.697737,19.555956,18.569109,18.449165,0.0,0.0,0.0,0.0,4.0,0.0,0.0,0.0
37586,2023.0,9.0,19.0,0.0,20.010317,20.003256,18.792383,18.62267,19.779676,19.563116,19.732323,19.561384,18.538176,18.409277,18.638643,18.501314,19.953398,19.793007,19.634142,19.49491,18.53294,18.414333,0.0,0.0,0.0,0.0,0.0,0.0,0.0,0.0
37587,2023.0,9.0,19.0,0.0,19.964798,19.959276,18.77233,18.60347,19.785803,19.600431,19.678967,19.510406,18.499561,18.371637,18.53288,18.385098,19.906824,19.74775,19.574507,19.436907,19.231754,19.76203,0.0,0.0,0.0,0.0,0.0,0.0,0.0,4.0
37588,2023.0,9.0,19.0,0.0,19.921005,19.915922,18.751942,18.58354,19.74745,19.567225,19.628038,19.460474,19.043163,19.425346,18.481209,18.333351,19.862486,19.703754,19.517885,19.380753,18.726542,18.648706,0.0,0.0,0.0,4.0,0.0,0.0,0.0,0.0
37589,2023.0,9.0,19.0,0.0,19.87929,19.874077,18.73145,18.563366,19.704645,19.52563,19.579952,19.412865,18.636923,18.534025,18.435123,18.287094,19.820662,19.66194,19.46453,19.327457,18.405867,18.131739,0.0,0.0,0.0,0.0,0.0,0.0,0.0,0.0
37590,2023.0,9.0,19.0,1.0,19.840364,19.835348,18.711256,18.54367,19.66282,19.485111,19.534903,19.368757,19.090172,19.481617,18.39382,18.246048,19.781654,19.623272,19.414757,19.278141,18.295458,18.012554,0.0,0.0,0.0,4.0,0.0,0.0,0.0,0.0
37591,2023.0,9.0,19.0,1.0,19.801373,19.794485,18.690023,18.52177,19.61988,19.440794,19.489193,19.321323,19.063442,19.284437,18.353264,18.203756,19.743254,19.583662,19.366035,19.228174,18.405018,18.303911,0.0,0.0,0.0,4.0,0.0,0.0,0.0,0.0
37592,2023.0,9.0,19.0,1.0,19.768349,19.763489,18.6716,18.505266,19.583746,19.408545,19.450996,19.287123,18.510502,18.231844,18.319197,18.172266,19.709848,19.552216,19.323118,19.187477,18.380806,18.263674,0.0,0.0,0.0,0.0,0.0,0.0,0.0,0.0
37593,2023.0,9.0,19.0,1.0,19.73289,19.726181,18.650764,18.483772,19.544,19.367498,19.409157,19.243788,18.299932,17.976824,18.282867,18.134462,19.675072,19.516375,19.278988,19.142256,18.348436,18.22983,0.0,0.0,0.0,0.0,0.0,0.0,0.0,0.0
37594,2023.0,9.0,19.0,1.0,19.702211,19.69774,18.632666,18.46775,19.510773,19.338129,19.374382,19.21295,18.392681,18.254925,18.546227,18.655916,19.644732,19.488073,19.24,19.105597,19.053974,19.585213,0.0,0.0,0.0,0.0,4.0,0.0,0.0,4.0
37595,2023.0,9.0,19.0,1.0,19.669989,19.665749,18.613316,18.448994,19.476051,19.304426,19.338354,19.177773,18.38554,18.258123,18.663027,18.809887,19.613953,19.457647,19.200726,19.066776,18.554441,18.480644,0.0,0.0,0.0,0.0,4.0,0.0,0.0,0.0
37596,2023.0,9.0,19.0,2.0,19.638346,19.633972,18.594288,18.430208,19.442266,19.271236,19.303822,19.14349,18.937637,19.329542,18.380552,18.255758,19.584045,19.427847,19.162626,19.028831,18.951794,19.307903,0.0,0.0,0.0,4.0,0.0,0.0,0.0,4.0
37597,2023.0,9.0,19.0,2.0,19.608528,19.60506,18.576296,18.413242,19.410376,19.241064,19.271547,19.112564,18.532118,18.442118,18.27349,18.129463,19.55587,19.400684,19.126495,18.993818,18.37121,18.110197,0.0,0.0,0.0,0.0,0.0,0.0,0.0,0.0
37598,2023.0,9.0,19.0,2.0,19.579767,19.577002,18.558512,18.396563,19.379494,19.2118,19.240381,19.08269,18.773428,18.964987,18.229284,18.085974,19.528727,19.374512,19.091608,18.95998,18.932825,19.311758,0.0,0.0,0.0,4.0,0.0,0.0,0.0,4.0
37599,2023.0,9.0,19.0,2.0,19.55167,19.549376,18.54062,18.379738,19.349247,19.18294,19.209793,19.05325,18.902395,19.129368,18.190374,18.047857,19.502382,19.348988,19.057682,18.926912,18.379944,18.134785,0.0,0.0,0.0,4.0,0.0,0.0,0.0,0.0
37600,2023.0,9.0,19.0,2.0,19.524221,19.522053,18.522655,18.362741,19.319557,19.154408,19.17978,19.024178,18.3492,18.061121,18.155237,18.013332,19.476778,19.324066,19.02464,18.894552,18.177277,17.897352,0.0,0.0,0.0,0.0,0.0,0.0,0.0,0.0
37601,2023.0,9.0,19.0,2.0,19.49596,19.492521,18.503523,18.34341,19.288546,19.12256,19.14823,18.991648,18.158665,17.84568,18.120794,17.97777,19.450901,19.297794,18.99135,18.860739,18.09901,17.8207,0.0,0.0,0.0,0.0,0.0,0.0,0.0,0.0
37602,2023.0,9.0,19.0,3.0,19.471369,19.470325,18.48709,18.329565,19.262651,19.10037,19.12171,18.968882,18.252388,18.115782,18.380205,18.489233,19.42841,19.277588,18.96198,18.833912,18.968233,19.539864,0.0,0.0,0.0,0.0,4.0,0.0,0.0,4.0
37603,2023.0,9.0,19.0,3.0,19.444693,19.44407,18.469185,18.31264,19.234772,19.073593,19.093231,18.941458,18.251717,18.129023,18.191847,18.07586,19.40499,19.254852,18.93162,18.804289,18.329113,18.119473,0.0,0.0,0.0,0.0,0.0,0.0,0.0,0.0
37604,2023.0,9.0,19.0,3.0,19.417728,19.416956,18.451084,18.295055,19.206781,19.046068,19.064959,18.913462,18.80685,19.203627,18.090462,17.950895,19.381622,19.231745,18.901354,18.774242,18.092413,17.819912,0.0,0.0,0.0,4.0,0.0,0.0,0.0,0.0
37605,2023.0,9.0,19.0,3.0,19.391827,19.39139,18.433363,18.278204,19.179747,19.020023,19.037592,18.886988,18.395027,18.302298,18.057047,17.918873,19.359072,19.20986,18.872131,18.745743,18.020102,17.75202,0.0,0.0,0.0,0.0,0.0,0.0,0.0,0.0
37606,2023.0,9.0,19.0,3.0,19.36876,19.37052,18.415407,18.260908,19.152733,18.99363,19.010035,18.860052,18.097414,17.81466,18.332026,18.463055,19.336636,19.18785,18.843096,18.717144,18.117552,18.011444,0.0,0.0,0.0,0.0,4.0,0.0,0.0,0.0
37607,2023.0,9.0,19.0,3.0,19.348682,19.355486,18.396866,18.242311,19.12502,18.965464,18.98168,18.831247,17.987244,17.691282,18.446901,18.612724,19.314045,19.165226,18.81401,18.68802,18.104855,17.99252,0.0,0.0,0.0,0.0,4.0,0.0,0.0,0.0
37608,2023.0,9.0,19.0,4.0,19.334291,19.350069,18.380436,18.227524,19.100431,18.94318,18.956684,18.80854,18.094374,17.974756,18.144115,18.01568,19.29309,19.145624,18.786795,18.662271,18.077808,17.966911,0.0,0.0,0.0,0.0,0.0,0.0,0.0,0.0
37609,2023.0,9.0,19.0,4.0,19.98846,20.596754,18.364998,18.21449,19.75276,20.192207,18.932787,18.787483,18.664778,19.049696,18.05206,17.917877,19.273464,19.128351,18.760937,18.638792,18.052301,17.943684,0.0,4.0,0.0,4.0,0.0,0.0,0.0,0.0
37610,2023.0,9.0,19.0,4.0,19.556545,19.644352,18.349533,18.20116,19.352943,19.302908,18.90878,18.765676,18.286346,18.208889,18.013453,17.88154,19.254309,19.11106,18.735462,18.61503,18.02672,17.91974,0.0,0.0,0.0,0.0,0.0,0.0,0.0,0.0
37611,2023.0,9.0,19.0,4.0,19.16766,18.963257,18.764797,18.998957,18.958937,18.604067,18.884804,18.743586,17.995451,17.727753,17.978647,17.848166,19.236048,19.094484,18.710938,18.59198,18.001816,17.896177,4.0,0.0,0.0,0.0,0.0,0.0,0.0,0.0
37612,2023.0,9.0,19.0,4.0,19.064873,18.854105,18.507336,18.427774,19.448011,19.620537,18.861929,18.72335,17.901884,17.629736,17.949095,17.821077,19.21876,19.07937,18.687609,18.570751,17.978426,17.874771,0.0,4.0,0.0,0.0,0.0,0.0,0.0,0.0
37613,2023.0,9.0,19.0,4.0,19.189383,19.167097,18.390709,18.253817,19.035175,18.761482,18.83941,18.703482,17.995098,17.878286,17.922401,17.796879,19.923683,20.4298,18.66477,18.550041,17.955915,17.854273,0.0,0.0,0.0,0.0,0.0,4.0,0.0,0.0
37614,2023.0,9.0,19.0,5.0,19.224154,19.245886,18.35296,18.213083,18.835001,18.480595,18.816896,18.683256,18.001701,17.893064,17.897371,17.773968,20.176992,20.75792,18.642176,18.529278,18.660566,19.201628,0.0,0.0,0.0,0.0,0.0,4.0,0.0,4.0
37615,2023.0,9.0,19.0,5.0,19.210089,19.23513,18.327238,18.189066,18.94111,18.76628,18.794725,18.66315,17.979027,17.87169,17.87371,17.752281,20.05018,20.40185,18.619638,18.5084,18.17854,18.128475,0.0,0.0,0.0,0.0,0.0,4.0,0.0,0.0
37616,2023.0,9.0,19.0,5.0,19.190191,19.21594,18.305586,18.169197,18.96823,18.823956,18.772785,18.642857,17.957245,17.85136,18.158987,18.308392,20.077333,20.422977,18.596989,18.487137,17.892847,17.664764,0.0,0.0,0.0,0.0,4.0,4.0,0.0,0.0
37617,2023.0,9.0,19.0,5.0,19.170534,19.19793,18.286879,18.15326,18.950706,18.811125,18.75221,18.62491,18.510944,18.91099,18.275259,18.454567,20.119013,20.464716,18.575464,18.467812,18.557411,18.991667,0.0,0.0,0.0,4.0,4.0,4.0,0.0,4.0
37618,2023.0,9.0,19.0,5.0,19.150536,19.179098,18.269335,18.13785,18.929596,18.792477,18.731647,18.60641,18.766483,19.253672,18.325548,18.512121,20.156199,20.503263,19.52169,20.270317,18.771675,19.235888,0.0,0.0,0.0,4.0,4.0,4.0,4.0,4.0
37619,2023.0,9.0,19.0,5.0,19.131287,19.161001,18.253073,18.12354,18.908243,18.773237,18.711874,18.588446,18.697372,19.016335,18.186554,18.201172,20.189692,20.53838,18.75585,18.591854,18.123037,17.949097,0.0,0.0,0.0,4.0,4.0,4.0,0.0,0.0
37620,2023.0,9.0,19.0,6.0,19.793165,20.419823,18.237593,18.109772,19.568901,20.034666,18.692415,18.57053,18.116163,17.903044,17.866581,17.630096,19.522638,19.259579,18.501486,18.257233,18.659185,19.094742,0.0,4.0,0.0,0.0,0.0,0.0,0.0,4.0
37621,2023.0,9.0,19.0,6.0,21.147686,22.669369,18.222185,18.095856,21.178629,22.734814,21.246317,23.12057,18.531843,18.818336,18.024261,18.013762,21.22019,22.345848,21.366764,23.277277,20.169298,21.623772,0.0,4.0,0.0,4.0,4.0,0.0,0.0,4.0
37622,2023.0,9.0,19.0,6.0,21.031212,22.24803,18.205425,18.080454,21.031294,22.225782,21.005573,22.358803,20.213236,21.644896,20.345764,21.905918,21.021708,21.882282,20.970266,22.308613,20.025482,21.169128,0.0,0.0,0.0,0.0,0.0,0.0,4.0,0.0
37623,2023.0,9.0,19.0,6.0,21.01631,22.05997,18.191017,18.066248,21.022125,22.032467,21.017778,22.189701,18.8434,18.764402,19.03905,19.20946,21.040272,21.826923,21.022905,22.235653,18.817722,18.707699,0.0,4.0,4.0,0.0,0.0,0.0,4.0,0.0
37624,2023.0,9.0,19.0,6.0,21.017847,21.97519,18.600477,18.849302,21.02282,21.933502,21.016361,22.078285,18.209883,17.973923,18.331053,18.225714,20.996326,21.67295,21.05357,22.205708,18.257547,18.024694,4.0,4.0,4.0,0.0,0.0,4.0,0.0,0.0
37625,2023.0,9.0,19.0,6.0,21.314278,22.508997,20.182695,21.496948,21.022224,21.863743,21.052847,22.076149,18.848742,19.31744,18.498299,18.653225,21.274729,22.183123,21.045603,22.09573,18.24445,18.145876,4.0,4.0,0.0,4.0,4.0,4.0,0.0,0.0
37626,2023.0,9.0,19.0,7.0,21.016163,21.861269,20.005945,20.945852,21.021368,21.812944,21.019667,21.918743,20.23664,21.606892,20.216854,21.584684,21.009138,21.612352,21.005125,21.916363,18.213417,18.124645,4.0,4.0,4.0,0.0,4.0,4.0,4.0,0.0
37627,2023.0,9.0,19.0,7.0,21.015732,21.8321,20.026999,20.858515,21.020325,21.774605,21.02433,21.880238,18.880602,18.780216,19.997648,21.000084,21.009262,21.59029,21.011639,21.88601,18.153912,18.068014,4.0,4.0,4.0,0.0,4.0,4.0,4.0,0.0
37628,2023.0,9.0,19.0,7.0,21.014751,21.808414,20.02202,20.759953,21.019188,21.744862,21.022459,21.842522,19.039076,19.474401,20.04914,20.981018,21.008125,21.570208,21.050837,21.961695,18.102695,18.01893,4.0,4.0,4.0,4.0,0.0,4.0,0.0,0.0
37629,2023.0,9.0,19.0,7.0,21.014591,21.790575,20.039751,20.747215,21.044678,21.794348,21.022003,21.816286,20.11914,21.213516,19.298195,19.414888,21.007725,21.554806,21.001255,21.80184,18.0607,17.980341,0.0,0.0,4.0,4.0,4.0,4.0,4.0,0.0
37630,2023.0,9.0,19.0,7.0,21.013653,21.77523,19.15653,19.00058,21.012619,21.687187,21.021406,21.795595,20.26153,21.402626,20.177624,21.151545,21.007286,21.54184,21.009302,21.799278,18.024435,17.946732,0.0,4.0,4.0,0.0,0.0,4.0,4.0,0.0
37631,2023.0,9.0,19.0,7.0,21.012976,21.762463,18.811974,18.670828,21.043848,21.755745,21.046482,21.84963,19.006222,18.873953,19.410969,19.550625,21.03743,21.610268,21.04832,21.891863,17.993185,17.918003,0.0,0.0,0.0,0.0,4.0,0.0,0.0,0.0
37632,2023.0,9.0,19.0,8.0,21.040398,21.828247,18.741655,18.61478,21.037186,21.726461,21.014612,21.746922,18.50891,18.284842,20.162893,21.069294,21.03146,21.580194,21.039558,21.853014,17.966385,17.893822,0.0,0.0,4.0,0.0,0.0,0.0,0.0,0.0
37633,2023.0,9.0,19.0,8.0,20.725277,21.177822,18.667109,18.54589,20.135778,19.984406,20.042212,19.902328,18.476606,18.37034,19.458395,19.606258,20.229698,20.023937,20.011839,19.857292,17.944845,17.876616,0.0,0.0,0.0,0.0,4.0,0.0,0.0,0.0
37634,2023.0,9.0,19.0,8.0,20.054644,19.993282,19.016523,19.248337,19.885254,19.724249,19.622173,19.327032,18.449635,18.366352,20.165464,20.90704,19.937368,19.647942,19.630661,19.379166,17.928892,17.864075,4.0,0.0,0.0,0.0,0.0,0.0,0.0,0.0
37635,2023.0,9.0,19.0,8.0,20.37854,20.83975,20.1276,21.12095,19.763453,19.63283,20.003576,20.230019,19.126554,19.704014,19.366297,19.380674,19.943073,19.80759,19.558764,19.440666,17.912086,17.851149,4.0,0.0,4.0,4.0,0.0,0.0,0.0,0.0
37636,2023.0,9.0,19.0,8.0,19.886532,19.836113,20.023102,20.808065,19.64375,19.520357,20.15316,20.455366,20.133644,21.2916,18.929876,18.831713,20.670874,21.251942,19.467882,19.370039,17.89677,17.839495,0.0,0.0,4.0,0.0,0.0,4.0,0.0,0.0
37637,2023.0,9.0,19.0,8.0,19.589787,19.496313,19.528854,19.756666,19.544312,19.427431,19.61359,19.469982,19.025045,18.990425,18.781868,18.686825,20.06397,19.911465,19.365677,19.276987,17.883965,17.830408,4.0,0.0,0.0,0.0,0.0,0.0,0.0,0.0
37638,2023.0,9.0,19.0,9.0,19.494238,19.402273,20.10431,20.871265,19.47359,19.359705,19.34805,19.106133,18.630707,18.450129,18.699945,18.606222,19.796333,19.554,19.288723,19.203844,17.874743,17.82458,0.0,0.0,0.0,0.0,0.0,0.0,0.0,0.0
37639,2023.0,9.0,19.0,9.0,20.251429,20.921701,19.288107,19.23307,19.405598,19.301653,19.220837,18.995531,18.585371,18.501074,18.625517,18.543509,19.702343,19.477377,19.215408,19.139254,17.867682,17.822659,0.0,0.0,0.0,0.0,0.0,0.0,0.0,0.0
37640,2023.0,9.0,19.0,9.0,19.715601,19.763369,19.037077,18.931328,19.355272,19.25865,19.241661,19.126835,18.54564,18.479647,18.575733,18.50078,19.749992,19.643856,19.161343,19.090954,17.863634,17.823622,0.0,0.0,0.0,0.0,0.0,0.0,0.0,0.0
37641,2023.0,9.0,19.0,9.0,20.16575,20.72592,18.956352,18.871687,19.309477,19.221388,19.220762,19.139688,18.497194,18.438616,18.532343,18.465185,19.741283,19.65804,19.113478,19.049133,17.861216,17.826262,0.0,0.0,0.0,0.0,0.0,0.0,0.0,0.0
37642,2023.0,9.0,19.0,9.0,20.272606,20.835958,18.882761,18.805351,19.268824,19.188383,19.178097,19.107075,18.457212,18.40417,18.886456,19.170753,19.712305,19.636087,19.072254,19.012852,17.86063,17.830732,0.0,0.0,0.0,0.0,4.0,0.0,0.0,0.0
37643,2023.0,9.0,19.0,9.0,20.309738,20.878832,19.255535,19.561071,19.23409,19.162952,19.138674,19.077318,18.426048,18.37975,20.16708,21.365896,19.687233,19.617687,19.038074,18.98487,18.71116,19.434774,4.0,0.0,0.0,0.0,0.0,0.0,0.0,4.0
37644,2023.0,9.0,19.0,10.0,19.761763,19.830494,20.087112,20.947346,19.197636,19.134747,19.097628,19.04408,18.395329,18.35457,19.245737,19.389944,19.66213,19.59824,19.003336,18.955082,20.18229,21.763096,4.0,0.0,0.0,0.0,0.0,0.0,0.0,0.0
37645,2023.0,9.0,19.0,10.0,19.504477,19.528076,20.022232,20.746521,19.162964,19.105717,19.059566,19.011055,18.368704,18.331335,18.753193,18.717718,19.638582,19.577324,18.971655,18.926119,18.881012,18.99632,0.0,0.0,0.0,0.0,0.0,0.0,0.0,0.0
37646,2023.0,9.0,19.0,10.0,19.425379,19.453293,19.318314,19.33615,19.130995,19.078579,19.02468,18.98058,18.346632,18.312176,18.64717,18.599648,20.384031,21.013235,18.943506,18.899961,18.317602,18.274345,0.0,0.0,0.0,0.0,0.0,4.0,0.0,0.0
37647,2023.0,9.0,19.0,10.0,19.385569,19.42552,19.077318,19.018211,19.106771,19.059416,18.998304,18.959011,18.332872,18.301332,18.609232,18.5637,19.821522,19.784025,18.923075,18.8818,18.249231,18.218525,0.0,0.0,0.0,0.0,0.0,0.0,0.0,0.0
37648,2023.0,9.0,19.0,10.0,19.408102,19.514898,18.993187,18.950169,19.084738,19.043102,18.974,18.940413,19.03566,19.639029,18.579288,18.538342,19.641235,19.523983,18.904963,18.866581,19.115026,19.890938,0.0,0.0,0.0,4.0,0.0,0.0,0.0,4.0
37649,2023.0,9.0,19.0,10.0,19.396345,19.515455,18.92805,18.89208,19.065031,19.02916,18.952288,18.924417,20.138945,21.453344,18.55451,18.518589,19.605726,19.495594,19.909342,20.78209,20.134823,21.541634,0.0,0.0,0.0,0.0,0.0,0.0,4.0,0.0
37650,2023.0,9.0,19.0,11.0,19.371452,19.494993,18.8666,18.838192,19.046068,19.015995,18.930964,18.909039,19.105886,19.238802,18.52886,18.49931,19.62068,19.56054,19.360062,19.41038,18.996576,19.133095,0.0,0.0,0.0,0.0,0.0,0.0,0.0,0.0
37651,2023.0,9.0,19.0,11.0,19.348204,19.471712,18.816824,18.785763,19.02683,18.997608,18.90975,18.888393,18.728512,18.672277,18.505117,18.47553,19.614588,19.56348,19.094751,19.0276,18.6019,18.553276,0.0,0.0,0.0,0.0,0.0,0.0,0.0,0.0
37652,2023.0,9.0,19.0,11.0,20.008577,20.731869,18.778898,18.754032,19.00988,18.983925,18.891405,18.873312,18.663591,18.629545,18.855093,19.154503,19.59808,19.550076,19.029388,18.969444,18.514288,18.483953,0.0,0.0,0.0,0.0,4.0,0.0,0.0,0.0
37653,2023.0,9.0,19.0,11.0,19.588326,19.801868,18.743195,18.721058,18.99266,18.968946,18.872923,18.85693,18.607847,18.57794,20.150639,21.357262,19.581537,19.535889,18.999846,18.962637,18.442938,18.416168,0.0,0.0,0.0,0.0,4.0,0.0,0.0,0.0
37654,2023.0,9.0,19.0,11.0,19.313103,19.408968,18.706137,18.685993,19.651838,20.2258,18.85336,18.839024,18.553871,18.526432,20.010828,20.93613,19.563696,19.520224,18.965858,18.933064,18.375364,18.351103,0.0,4.0,0.0,0.0,0.0,0.0,0.0,0.0
37655,2023.0,9.0,19.0,11.0,19.247995,19.335754,18.67369,18.655119,19.330713,19.414087,18.835104,18.82236,18.508862,18.48407,19.23568,19.334167,19.547247,19.505964,18.9327,18.90233,18.319933,18.298521,0.0,0.0,0.0,0.0,0.0,0.0,0.0,0.0
37656,2023.0,9.0,19.0,12.0,19.263802,19.395533,18.649931,18.632065,19.742104,20.256836,19.502466,20.091091,18.47647,18.453226,18.923283,18.872301,19.533663,19.494198,18.907248,18.878544,18.281092,18.261242,0.0,4.0,4.0,0.0,0.0,0.0,0.0,0.0
37657,2023.0,9.0,19.0,12.0,21.243242,22.893492,18.627766,18.611317,21.192472,22.73387,21.21515,22.990515,18.447155,18.42568,18.843956,18.804955,21.211393,22.437885,21.333559,23.11581,18.246508,18.228456,0.0,0.0,0.0,0.0,0.0,4.0,0.0,0.0
37658,2023.0,9.0,19.0,12.0,20.964811,22.13303,18.603157,18.587074,20.984488,22.112173,21.00914,22.339855,18.418238,18.397806,18.773102,18.73673,20.980263,21.887068,20.992325,22.297474,18.213476,18.19689,0.0,4.0,0.0,0.0,0.0,4.0,0.0,0.0
37659,2023.0,9.0,19.0,12.0,21.043167,22.180054,19.041405,19.430143,21.044668,22.126848,21.042337,22.245808,18.395231,18.377106,18.713566,18.680853,21.0365,21.904818,21.038458,22.230272,18.188025,18.174168,4.0,0.0,0.0,0.0,0.0,0.0,0.0,0.0
37660,2023.0,9.0,19.0,12.0,21.004341,21.99631,20.139671,21.255808,21.034834,22.019938,21.03362,22.132023,18.376125,18.360188,18.663158,18.632998,21.027433,21.800243,21.032879,22.112362,18.167574,18.156387,0.0,0.0,0.0,0.0,0.0,0.0,0.0,0.0
37661,2023.0,9.0,19.0,12.0,21.037983,22.02692,19.309145,19.48216,21.035055,21.956038,21.00871,21.993876,18.360577,18.346775,18.62268,18.59616,21.027128,21.735327,21.032742,22.035418,18.150772,18.14193,0.0,0.0,4.0,0.0,0.0,0.0,0.0,0.0
37662,2023.0,9.0,19.0,13.0,21.066956,22.029467,18.849909,18.847992,21.021542,21.8566,21.073067,22.09891,18.34698,18.33456,18.586687,18.560894,21.05567,21.737965,21.070019,22.044859,18.136713,18.129648,0.0,4.0,0.0,0.0,0.0,0.0,0.0,0.0
37663,2023.0,9.0,19.0,13.0,21.020485,21.913488,19.230764,19.63418,21.038109,21.887985,21.029333,21.959986,18.335356,18.32411,18.557997,18.535484,21.093035,21.746527,21.024605,21.916645,18.124992,18.119133,4.0,0.0,0.0,0.0,0.0,4.0,0.0,0.0
37664,2023.0,9.0,19.0,13.0,20.999237,21.828701,20.119017,21.115213,21.03229,21.846443,21.036438,21.937164,18.324747,18.314312,18.531479,18.510517,21.019213,21.609076,21.030987,21.896563,18.114616,18.109781,0.0,0.0,0.0,0.0,0.0,0.0,0.0,0.0
37665,2023.0,9.0,19.0,13.0,21.008455,21.827684,19.35545,19.509315,21.027979,21.820864,21.030664,21.905659,18.316036,18.306286,18.50974,18.490612,21.025276,21.60084,21.029934,21.868782,18.105766,18.101665,0.0,0.0,0.0,0.0,0.0,0.0,0.0,0.0
37666,2023.0,9.0,19.0,13.0,21.061344,21.943893,18.924385,18.919863,21.057764,21.861252,21.063543,21.949963,18.30822,18.298626,18.489437,18.47024,21.048742,21.62611,21.061216,21.905977,18.097961,18.094162,0.0,0.0,0.0,0.0,0.0,0.0,0.0,0.0
37667,2023.0,9.0,19.0,13.0,21.024025,21.844212,18.835787,18.829563,21.023462,21.779415,21.000296,21.789082,18.301859,18.292936,18.473373,18.456432,21.017141,21.556095,21.024738,21.816523,19.05831,19.920395,0.0,0.0,4.0,0.0,0.0,0.0,0.0,4.0
37668,2023.0,9.0,19.0,14.0,21.029078,21.837864,18.770811,18.759098,21.02764,21.776564,21.03608,21.874077,18.295486,18.286793,18.457087,18.440727,21.02047,21.556011,21.02923,21.81146,20.129702,21.523264,0.0,0.0,0.0,0.0,0.0,0.0,0.0,0.0
37669,2023.0,9.0,19.0,14.0,20.974405,21.695978,19.148794,19.505003,20.34666,20.457878,20.215466,20.278736,18.290144,18.282053,18.44298,18.427881,20.491186,20.53112,20.270924,20.339146,19.008093,19.14679,4.0,0.0,0.0,0.0,0.0,0.0,0.0,0.0
37670,2023.0,9.0,19.0,14.0,20.301409,20.431704,20.124966,21.172104,20.655666,21.189205,20.460928,20.917957,18.285988,18.278185,18.431349,18.416584,20.267097,20.211355,19.952772,19.902792,18.64105,18.621006,0.0,4.0,4.0,0.0,0.0,0.0,0.0,0.0
37671,2023.0,9.0,19.0,14.0,19.971611,20.047094,19.348568,19.517448,20.220701,20.298063,20.005793,20.017767,18.281471,18.274067,18.421053,18.407331,20.160618,20.105104,19.792408,19.742998,18.533882,18.51767,0.0,0.0,0.0,0.0,0.0,0.0,0.0,0.0
37672,2023.0,9.0,19.0,14.0,20.535278,21.193977,19.01517,19.012558,19.891768,19.807812,19.739403,19.662754,18.2773,18.270075,18.413673,18.400562,20.093025,20.037745,19.692377,19.642807,18.47245,18.455269,0.0,0.0,0.0,0.0,0.0,0.0,0.0,0.0
37673,2023.0,9.0,19.0,14.0,20.620092,21.2592,19.365417,19.738327,20.383926,20.840311,19.657358,19.621744,18.27317,18.266136,18.406395,18.394037,20.035187,19.982895,19.608799,19.562819,18.42522,18.409431,4.0,4.0,0.0,0.0,0.0,0.0,0.0,0.0
37674,2023.0,9.0,19.0,15.0,20.060375,20.191761,20.098288,20.99875,20.478846,20.954504,19.58023,19.553556,18.269743,18.262869,18.398973,18.387115,20.748062,21.382998,19.538582,19.496103,18.387037,18.372793,0.0,4.0,0.0,0.0,0.0,4.0,0.0,0.0
37675,2023.0,9.0,19.0,15.0,19.797094,19.879652,19.400818,19.540464,19.946703,19.955986,20.159187,20.718567,18.2667,18.260494,18.392477,18.381716,20.903315,21.473515,19.46772,19.428873,18.349865,18.33766,0.0,0.0,4.0,0.0,0.0,4.0,0.0,0.0
37676,2023.0,9.0,19.0,15.0,19.718359,19.796705,19.53885,19.916475,20.344149,20.812532,20.302277,20.876448,18.264326,18.258762,18.388313,18.378534,20.262907,20.232052,19.415796,19.378674,18.323334,18.31222,4.0,4.0,4.0,0.0,0.0,0.0,0.0,0.0
37677,2023.0,9.0,19.0,15.0,20.418629,21.172451,20.060476,20.799465,20.435806,20.918259,19.719372,19.746674,18.261932,18.257038,18.38463,18.375948,20.062151,19.962267,19.369139,19.334948,18.300846,18.291533,4.0,4.0,0.0,0.0,0.0,0.0,0.0,0.0
37678,2023.0,9.0,19.0,15.0,20.542799,21.187172,20.002161,20.624763,20.449385,20.9291,20.06576,20.575758,18.260187,18.255947,18.381275,18.373617,20.7058,21.26339,19.321928,19.290178,18.27815,18.27042,4.0,4.0,4.0,0.0,0.0,4.0,0.0,0.0
37679,2023.0,9.0,19.0,15.0,20.547503,21.18381,20.009422,20.600405,20.466387,20.945879,20.207697,20.70551,18.259754,18.256187,18.37906,18.372414,20.91275,21.481892,20.283138,21.145172,18.259094,18.25295,4.0,4.0,4.0,0.0,0.0,4.0,4.0,0.0
37680,2023.0,9.0,19.0,16.0,20.580814,21.216736,20.008034,20.569788,19.947668,19.967415,19.687944,19.71598,18.260576,18.25768,18.377983,18.372252,20.964394,21.53199,19.70952,19.7446,18.243326,18.238314,4.0,0.0,0.0,0.0,0.0,4.0,0.0,0.0
37681,2023.0,9.0,19.0,16.0,20.03174,20.166277,20.00734,20.547709,19.666725,19.610092,19.424986,19.390265,18.263878,18.263174,18.3794,18.376345,20.345392,20.33012,20.33933,21.153925,18.23116,18.228546,4.0,0.0,0.0,0.0,0.0,0.0,4.0,0.0
37682,2023.0,9.0,19.0,16.0,19.79222,19.894638,20.025124,20.582005,19.57381,19.51578,19.343204,19.309448,18.267849,18.269396,18.382387,18.38213,20.078854,19.998146,19.745327,19.775833,18.221474,18.22126,0.0,0.0,0.0,0.0,0.0,0.0,0.0,0.0
37683,2023.0,9.0,19.0,16.0,20.347631,21.00058,19.511889,19.579237,20.207037,20.764538,19.310163,19.300346,18.271715,18.275265,18.38578,18.387928,19.998217,19.920242,19.432339,19.40073,18.213549,18.215548,0.0,4.0,0.0,0.0,0.0,0.0,0.0,0.0
37684,2023.0,9.0,19.0,16.0,20.500648,21.176863,19.693586,20.027887,20.323784,20.848354,19.952374,20.539595,19.001442,19.64975,18.38946,18.394026,20.677488,21.251427,19.362398,19.3289,18.208256,18.212234,4.0,4.0,4.0,4.0,0.0,4.0,0.0,0.0
37685,2023.0,9.0,19.0,16.0,20.56021,21.236807,20.035294,20.611006,19.821404,19.875374,20.07201,20.618319,20.144112,21.515997,18.393383,18.40044,20.858953,21.467424,20.289347,21.11633,18.20429,18.210283,4.0,0.0,4.0,0.0,0.0,4.0,4.0,0.0
37686,2023.0,9.0,19.0,17.0,20.615942,21.293388,20.01916,20.564835,20.18677,20.700571,19.573883,19.648348,19.124838,19.306303,18.398243,18.407547,20.281149,20.31385,19.761827,19.8313,18.201502,18.20951,0.0,4.0,0.0,0.0,0.0,0.0,0.0,0.0
37687,2023.0,9.0,19.0,17.0,20.075546,20.243748,19.531942,19.606403,19.824163,19.876253,19.333506,19.339207,19.319052,19.91811,18.401693,18.411684,20.751028,21.35221,19.43857,19.421839,18.198135,18.20684,0.0,0.0,0.0,4.0,0.0,4.0,0.0,0.0
37688,2023.0,9.0,19.0,17.0,20.562849,21.269766,19.770174,20.15724,20.265974,20.795143,19.27925,19.280645,20.082804,21.150473,18.778948,19.119362,20.89547,21.510292,19.371527,19.349722,18.195044,18.20431,4.0,4.0,0.0,4.0,4.0,4.0,0.0,0.0
37689,2023.0,9.0,19.0,17.0,20.127033,20.303024,20.036318,20.589443,20.42318,20.947935,19.906574,20.495327,20.472498,21.804213,20.172682,21.4526,20.960516,21.569727,19.331589,19.316572,19.098114,19.913855,0.0,4.0,4.0,4.0,0.0,4.0,0.0,4.0
37690,2023.0,9.0,19.0,17.0,19.868912,19.99627,19.587574,19.698208,20.453756,20.975157,19.563793,19.648237,20.031382,20.846348,19.267689,19.48122,20.359816,20.387535,19.29796,19.284664,20.083662,21.356712,0.0,4.0,0.0,0.0,0.0,0.0,0.0,4.0
37691,2023.0,9.0,19.0,17.0,20.424936,21.095152,19.736362,20.128557,20.48597,21.00645,19.312077,19.327015,19.322176,19.415369,18.790716,18.81845,20.808939,21.399664,19.268734,19.256859,20.026855,21.112293,4.0,4.0,0.0,0.0,0.0,4.0,0.0,0.0
37692,2023.0,9.0,19.0,18.0,20.060312,20.244284,20.04268,20.617363,20.51414,21.033445,19.254772,19.264105,18.987543,19.000303,19.072342,19.413095,20.348675,20.379292,19.243647,19.233913,19.131054,19.265951,0.0,4.0,0.0,0.0,4.0,0.0,0.0,0.0
37693,2023.0,9.0,19.0,18.0,21.159708,22.308979,19.561262,19.648436,21.06931,21.982418,21.224993,22.797638,18.868332,18.86274,20.130402,21.194675,21.110083,21.833725,21.318645,22.871246,19.621115,20.437086,0.0,4.0,0.0,0.0,0.0,4.0,0.0,4.0
37694,2023.0,9.0,19.0,18.0,21.007744,21.898905,19.289932,19.30032,21.025175,21.842579,21.003761,22.144619,18.792147,18.784073,19.335142,19.503843,21.040379,21.639378,20.97481,22.03447,20.056957,21.041769,0.0,0.0,0.0,0.0,0.0,4.0,4.0,0.0
37695,2023.0,9.0,19.0,18.0,20.996773,21.794369,19.204494,19.201946,21.002192,21.719713,21.032913,22.07218,19.493345,20.161812,18.906912,18.921814,21.02523,21.616386,21.044092,22.074839,19.967073,20.727785,0.0,4.0,0.0,4.0,0.0,0.0,0.0,4.0
37696,2023.0,9.0,19.0,18.0,21.030695,21.838892,19.597084,19.986301,21.006706,21.69168,21.02806,21.974642,20.073692,20.999563,18.797832,18.793993,21.08133,21.65931,21.029676,21.95346,20.043585,20.87816,4.0,4.0,0.0,0.0,0.0,4.0,0.0,0.0
37697,2023.0,9.0,19.0,18.0,21.023853,21.78858,20.039248,20.664474,21.006132,21.6639,21.028456,21.913319,19.278069,19.353352,18.735008,18.727999,21.016678,21.537779,21.031197,21.887468,20.049276,20.790398,4.0,4.0,0.0,0.0,0.0,0.0,0.0,4.0
37698,2023.0,9.0,19.0,19.0,21.004488,21.69005,20.015303,20.54239,21.013708,21.655561,21.061066,21.925539,18.900908,18.874033,18.68413,18.673777,21.044212,21.571354,21.060123,21.893246,20.056906,20.812565,4.0,4.0,0.0,0.0,0.0,0.0,0.0,0.0
37699,2023.0,9.0,19.0,19.0,21.029274,21.75494,20.004131,20.495016,21.030762,21.694515,21.02267,21.817665,18.825233,18.811726,18.648708,18.64109,21.130539,21.685785,21.022346,21.787622,19.321234,19.355766,4.0,0.0,0.0,0.0,0.0,4.0,0.0,0.0
37700,2023.0,9.0,19.0,19.0,21.002754,21.653198,20.041443,20.558998,21.053608,21.714144,21.013205,21.7432,18.766111,18.751528,18.614166,18.605639,21.04055,21.505812,21.19926,22.061768,18.967035,18.926569,0.0,0.0,4.0,0.0,0.0,0.0,4.0,0.0
37701,2023.0,9.0,19.0,19.0,21.001675,21.652773,19.53412,19.548714,21.021822,21.633402,21.009174,21.721468,18.72249,18.710554,18.973951,19.308327,21.01957,21.477608,21.007143,21.692757,18.87039,18.848648,0.0,0.0,4.0,0.0,4.0,0.0,0.0,0.0
37702,2023.0,9.0,19.0,19.0,21.001295,21.645397,19.275534,19.228657,21.021835,21.626513,21.009214,21.70544,19.429026,20.08232,20.14847,21.273083,21.14501,21.68466,21.0315,21.727419,19.746809,20.5816,0.0,0.0,4.0,4.0,0.0,4.0,0.0,4.0
37703,2023.0,9.0,19.0,19.0,21.028482,21.713598,19.212675,19.186064,21.021637,21.618664,21.008726,21.690224,20.042435,20.938332,19.306896,19.467424,21.00644,21.430248,21.028206,21.70561,20.031565,20.856655,0.0,0.0,4.0,4.0,0.0,0.0,0.0,0.0
37704,2023.0,9.0,19.0,20.0,20.997427,21.616741,19.604115,19.960949,21.00724,21.554335,21.008406,21.676615,20.026966,20.82507,18.85729,18.85486,21.022663,21.462091,21.151865,21.886951,19.252457,19.278376,4.0,4.0,4.0,0.0,0.0,0.0,4.0,0.0
37705,2023.0,9.0,19.0,20.0,21.028986,21.69224,20.054726,20.677053,21.031073,21.6213,21.008148,21.664743,19.283052,19.30987,18.757565,18.74319,21.153837,21.682707,21.195456,21.926039,18.90597,18.86544,0.0,0.0,4.0,0.0,0.0,4.0,4.0,0.0
37706,2023.0,9.0,19.0,20.0,21.021759,21.665007,19.899551,20.284307,21.023552,21.594503,21.034777,21.727549,18.940968,18.894644,18.704128,18.689186,21.195852,21.724842,21.00306,21.605703,18.82343,18.803593,4.0,0.0,0.0,0.0,0.0,4.0,0.0,0.0
37707,2023.0,9.0,19.0,20.0,21.022491,21.653791,20.048307,20.577429,21.025751,21.566038,20.999395,21.621918,18.870424,18.847174,18.662573,18.646784,20.996529,21.38279,21.033155,21.664074,18.763649,18.744198,0.0,4.0,4.0,0.0,0.0,0.0,0.0,0.0
37708,2023.0,9.0,19.0,20.0,21.131886,21.83283,19.861431,20.154911,21.027678,21.59048,21.035759,21.704002,18.820793,18.801464,18.629879,18.616478,21.176928,21.710142,21.02654,21.644447,18.712416,18.694866,4.0,0.0,0.0,0.0,0.0,4.0,0.0,0.0
37709,2023.0,9.0,19.0,20.0,21.05046,21.633997,20.027418,20.483889,20.998745,21.504278,21.001852,21.604645,19.500542,20.12629,18.602375,18.590618,21.21192,21.732018,21.027372,21.637634,18.671457,18.657804,4.0,4.0,4.0,4.0,0.0,4.0,0.0,0.0
37710,2023.0,9.0,19.0,21.0,21.017298,21.594545,20.019592,20.462662,21.00392,21.51171,21.007643,21.610058,20.039902,20.858906,18.576172,18.56303,21.22474,21.741623,21.304739,22.1284,19.582754,20.419426,0.0,4.0,4.0,4.0,0.0,4.0,4.0,4.0
37711,2023.0,9.0,19.0,21.0,21.025618,21.6372,19.890749,20.17167,21.030823,21.583057,21.03372,21.677002,19.992268,20.672998,18.55274,18.53808,21.235376,21.748652,21.283756,21.984324,20.057095,20.998354,4.0,0.0,0.0,4.0,0.0,4.0,4.0,0.0
37712,2023.0,9.0,19.0,21.0,21.021076,21.620943,20.04036,20.485825,20.99737,21.486483,21.026865,21.651009,20.001804,20.628971,18.533484,18.518358,21.244282,21.753466,21.28592,21.991924,19.212309,19.240295,0.0,4.0,0.0,4.0,0.0,4.0,4.0,0.0
37713,2023.0,9.0,19.0,21.0,21.043114,21.623549,19.552345,19.524094,21.030434,21.568874,21.027435,21.640125,20.03006,20.662893,18.515516,18.499346,20.995102,21.324818,20.99403,21.499311,18.84437,18.801075,0.0,0.0,0.0,0.0,0.0,0.0,0.0,0.0
37714,2023.0,9.0,19.0,21.0,21.020334,21.604336,19.813864,20.184917,21.023268,21.545715,21.022179,21.629313,19.99872,20.522053,18.499235,18.481857,21.02311,21.390568,21.243418,21.957787,18.775377,18.754257,4.0,0.0,0.0,4.0,0.0,0.0,4.0,0.0
37715,2023.0,9.0,19.0,21.0,21.02186,21.600985,20.03007,20.503029,21.024357,21.538328,21.023071,21.628794,20.006033,20.524975,18.840649,19.133665,21.019537,21.386858,21.30256,21.998579,19.67248,20.49814,0.0,0.0,0.0,4.0,4.0,0.0,4.0,4.0
37716,2023.0,9.0,19.0,22.0,21.02121,21.592646,19.981823,20.355652,21.019068,21.529335,20.998,21.55507,20.027077,20.541452,20.163963,21.343353,21.019846,21.387787,20.994013,21.474398,20.31335,21.443935,4.0,0.0,4.0,4.0,0.0,0.0,0.0,0.0
37717,2023.0,9.0,19.0,22.0,21.016138,21.58526,20.009708,20.401329,21.019583,21.530008,21.027905,21.637423,20.024658,20.547533,19.275953,19.424074,21.015293,21.386675,21.248697,21.943756,19.248075,19.261604,4.0,0.0,0.0,0.0,0.0,0.0,4.0,0.0
37718,2023.0,9.0,19.0,22.0,21.016922,21.587366,20.021034,20.423122,21.0194,21.528513,21.026876,21.621231,19.434406,19.39225,18.82227,18.811005,21.015923,21.392467,20.990938,21.46079,19.69733,20.359179,0.0,0.0,0.0,0.0,0.0,0.0,0.0,4.0
37719,2023.0,9.0,19.0,22.0,21.01703,21.58717,19.56171,19.524279,21.019253,21.52675,21.026413,21.608213,19.153486,19.070477,18.733618,18.712845,21.015635,21.394583,21.029093,21.54596,20.014734,20.723883,0.0,0.0,0.0,0.0,0.0,0.0,0.0,4.0
37720,2023.0,9.0,19.0,22.0,21.016666,21.585796,19.379326,19.342007,21.01877,21.524311,21.02086,21.597044,19.054075,18.973143,18.689526,18.668274,21.328367,21.972864,21.0237,21.536446,20.029137,20.719646,0.0,0.0,0.0,0.0,0.0,4.0,0.0,0.0
37721,2023.0,9.0,19.0,22.0,21.016426,21.58541,19.321222,19.288408,21.019064,21.522875,21.021688,21.596968,19.027773,18.992321,18.657959,18.639917,20.981747,21.292633,21.024347,21.535982,19.325567,19.312197,0.0,0.0,0.0,0.0,0.0,0.0,0.0,0.0
37722,2023.0,9.0,19.0,23.0,21.016409,21.584726,19.268875,19.235815,21.018799,21.52036,21.021349,21.594368,18.990398,18.960941,18.975056,19.26398,21.02389,21.38209,21.41407,22.251345,19.012156,18.95033,0.0,0.0,0.0,0.0,4.0,0.0,4.0,0.0
37723,2023.0,9.0,19.0,23.0,20.575237,20.734583,19.226946,19.195242,20.52366,20.565462,20.45734,20.507252,18.94924,18.923477,18.784178,18.79584,20.530787,20.433748,21.405876,22.100739,18.948553,18.921034,0.0,0.0,0.0,0.0,0.0,0.0,4.0,0.0
37724,2023.0,9.0,19.0,23.0,20.400959,20.510155,19.19627,19.16431,20.301886,20.257938,20.214052,20.179623,19.54264,20.07199,19.004728,19.2667,20.43263,20.365759,20.570217,20.517475,19.693274,20.370514,0.0,0.0,0.0,4.0,4.0,0.0,0.0,4.0
37725,2023.0,9.0,19.0,23.0,20.315973,20.422733,19.168123,19.136627,20.199106,20.147121,20.10002,20.059256,19.144348,19.183144,18.798897,18.81654,20.377953,20.321405,20.275833,20.146654,19.125404,19.130072,0.0,0.0,0.0,0.0,0.0,0.0,0.0,0.0
37726,2023.0,9.0,19.0,23.0,20.24598,20.34821,19.140812,19.107317,20.117796,20.059607,20.008312,19.960808,18.97217,18.94291,18.687222,18.663326,20.316612,20.258913,20.137835,20.004229,18.915564,18.851131,0.0,0.0,0.0,0.0,0.0,0.0,0.0,0.0
37727,2023.0,9.0,19.0,23.0,20.887072,21.604578,19.553589,19.900887,20.060457,20.008732,19.943964,19.903704,19.555086,20.083675,18.658728,18.637907,20.268791,20.21633,20.044596,19.921972,19.672514,20.344961,4.0,0.0,0.0,4.0,0.0,0.0,0.0,4.0
37728,2023.0,9.0,20.0,0.0,20.423195,20.603317,19.690973,20.067816,20.005049,19.95386,19.88216,19.842329,19.096924,19.082697,18.956625,19.22085,20.222738,20.17157,20.022236,19.963192,19.834768,20.472809,4.0,0.0,0.0,0.0,4.0,0.0,0.0,4.0
37729,2023.0,9.0,20.0,0.0,20.809423,21.414097,19.292238,19.27557,19.956266,19.906052,19.828445,19.789318,18.92787,18.860558,18.753147,18.766409,20.181793,20.131964,19.974117,19.924267,19.166649,19.153526,0.0,0.0,0.0,0.0,0.0,0.0,0.0,0.0
37730,2023.0,9.0,20.0,0.0,20.31016,20.391424,19.134052,19.0446,19.912489,19.863281,19.780746,19.742294,18.876648,18.80974,18.656599,18.635654,20.144787,20.096138,19.920324,19.873285,18.966232,18.900335,0.0,0.0,0.0,0.0,0.0,0.0,0.0,0.0
37731,2023.0,9.0,20.0,0.0,20.108978,20.11977,19.079628,18.984818,19.87201,19.822968,19.736721,19.698141,18.872503,18.842176,18.968704,19.24733,20.110474,20.062208,19.870016,19.82416,18.889519,18.823338,0.0,0.0,0.0,0.0,4.0,0.0,0.0,0.0
37732,2023.0,9.0,20.0,0.0,20.035574,20.047445,19.096935,19.056093,19.83597,19.788012,19.697533,19.659918,18.853733,18.827988,18.734459,18.733206,20.078465,20.02928,19.82511,19.781055,18.867306,18.83676,0.0,0.0,0.0,0.0,0.0,0.0,0.0,0.0
37733,2023.0,9.0,20.0,0.0,20.067593,20.169744,19.086979,19.053818,19.801268,19.752663,19.659868,19.62136,18.829733,18.804453,18.64858,18.623663,20.048471,19.998322,19.783031,19.739279,18.832764,18.805338,0.0,0.0,0.0,0.0,0.0,0.0,0.0,0.0
37734,2023.0,9.0,20.0,1.0,20.038958,20.141293,19.0705,19.039698,19.773378,19.728277,19.629667,19.594826,18.809574,18.786621,18.62418,18.602043,20.023134,19.974483,19.747847,19.707504,19.587643,20.263899,0.0,0.0,0.0,0.0,0.0,0.0,0.0,4.0
37735,2023.0,9.0,20.0,1.0,20.007359,20.109564,19.05364,19.023396,19.745323,19.701181,19.599417,19.565424,18.7897,18.767488,18.601896,18.580286,19.998234,19.949596,19.713757,19.674562,19.03315,19.040276,0.0,0.0,0.0,0.0,0.0,0.0,0.0,0.0
37736,2023.0,9.0,20.0,1.0,19.978317,20.08034,19.038,19.008347,19.719477,19.676352,19.57177,19.53864,18.771568,18.750053,18.899334,19.155025,19.975153,19.926634,20.605974,21.382984,18.841356,18.781872,0.0,0.0,0.0,0.0,4.0,0.0,4.0,0.0
37737,2023.0,9.0,20.0,1.0,19.951262,20.052979,19.023523,18.99427,19.695477,19.653107,19.546005,19.513569,18.754286,18.73233,19.030664,19.322775,19.953466,19.90496,19.94048,19.923538,18.784916,18.725182,0.0,0.0,0.0,0.0,4.0,0.0,0.0,0.0
37738,2023.0,9.0,20.0,1.0,19.925934,20.027004,19.010221,18.981045,19.673037,19.631052,19.521791,19.48973,19.321327,19.811455,19.07966,19.373308,19.932898,19.884203,19.715694,19.614264,18.77305,18.745022,0.0,0.0,0.0,4.0,4.0,0.0,0.0,0.0
37739,2023.0,9.0,20.0,1.0,19.913843,20.025518,18.998186,18.968992,19.652042,19.610512,19.499273,19.467606,18.939322,18.955986,18.748194,18.714893,19.913555,19.86474,19.650593,19.54881,18.75131,18.727787,0.0,0.0,0.0,0.0,0.0,0.0,0.0,0.0
37740,2023.0,9.0,20.0,2.0,19.901321,20.01774,18.9863,18.956347,19.63108,19.588951,19.476974,19.444529,18.815151,18.789211,18.63154,18.561768,19.89464,19.845104,19.658918,19.61572,18.725836,18.702633,0.0,0.0,0.0,0.0,0.0,0.0,0.0,0.0
37741,2023.0,9.0,20.0,2.0,19.88325,19.998787,18.975134,18.944763,19.612295,19.570763,19.45716,19.425364,19.418215,19.955029,18.628134,18.59416,19.876905,19.826994,19.634981,19.593775,18.703632,18.68144,0.0,0.0,0.0,4.0,0.0,0.0,0.0,0.0
37742,2023.0,9.0,20.0,2.0,19.864445,19.978039,18.962708,18.930698,19.592407,19.549759,19.436186,19.403267,18.957567,18.939112,18.611753,18.582853,19.858343,19.80702,19.606401,19.565376,18.68158,18.658953,0.0,0.0,0.0,0.0,0.0,0.0,0.0,0.0
37743,2023.0,9.0,20.0,2.0,19.84661,19.958439,18.950615,18.917086,19.573378,19.529758,19.416117,19.382256,18.794918,18.71967,18.905607,19.15337,19.84011,19.787542,20.505796,21.28237,18.660477,18.63647,0.0,0.0,0.0,0.0,4.0,0.0,4.0,0.0
37744,2023.0,9.0,20.0,2.0,19.829023,19.938873,18.93864,18.90336,19.554878,19.509912,19.3965,19.361378,18.745329,18.66633,18.716953,18.730776,19.821741,19.767702,19.834755,19.808434,18.640318,18.61491,0.0,0.0,0.0,0.0,0.0,0.0,0.0,0.0
37745,2023.0,9.0,20.0,2.0,19.810558,19.9171,18.925657,18.887217,19.535463,19.487366,19.37582,19.337603,18.75254,18.717812,18.608253,18.573397,19.802216,19.7455,19.602,19.481585,18.619947,18.591997,0.0,0.0,0.0,0.0,0.0,0.0,0.0,0.0
37746,2023.0,9.0,20.0,3.0,19.794588,19.899908,18.915312,18.876219,19.519579,19.47146,19.358942,19.320873,19.368727,19.897003,18.581087,18.547976,19.784851,19.727598,19.540314,19.422676,18.602404,18.573977,0.0,0.0,0.0,4.0,0.0,0.0,0.0,0.0
37747,2023.0,9.0,20.0,3.0,19.778967,19.88293,18.904839,18.86488,19.503443,19.454802,19.341887,19.303324,18.962738,18.986036,18.556078,18.523355,19.767366,19.70938,19.490473,19.373795,18.585302,18.556149,0.0,0.0,0.0,0.0,0.0,0.0,0.0,0.0
37748,2023.0,9.0,20.0,3.0,19.763683,19.865751,18.893965,18.852406,19.486717,19.436516,19.324324,19.284142,18.809425,18.771732,18.531578,18.49548,19.749495,19.689974,19.517105,19.468481,18.568428,18.537848,0.0,0.0,0.0,0.0,0.0,0.0,0.0,0.0
37749,2023.0,9.0,20.0,3.0,19.750343,19.851965,18.885191,18.84396,19.47284,19.423565,19.309862,19.270638,18.77376,18.739384,18.512524,18.477152,19.733845,19.674639,19.498096,19.44842,19.28174,19.893492,0.0,0.0,0.0,0.0,0.0,0.0,0.0,4.0
37750,2023.0,9.0,20.0,3.0,19.736208,19.836473,18.875484,18.833532,19.457937,19.408167,19.294518,19.254705,18.742624,18.708563,18.493422,18.457085,19.717524,19.657578,19.473906,19.423693,18.807655,18.831934,0.0,0.0,0.0,0.0,0.0,0.0,0.0,0.0
37751,2023.0,9.0,20.0,3.0,19.721815,19.82025,18.86504,18.821539,19.442324,19.390987,19.278671,19.237122,18.71408,18.676296,18.474545,18.436243,19.70084,19.63944,19.449467,19.397682,18.612728,18.534693,0.0,0.0,0.0,0.0,0.0,0.0,0.0,0.0
37752,2023.0,9.0,20.0,4.0,19.708458,19.805843,18.855549,18.811382,19.428087,19.376303,19.264273,19.222164,18.690882,18.65248,18.45794,18.418917,19.685303,19.623291,19.427042,19.37477,18.561216,18.480825,0.0,0.0,0.0,0.0,0.0,0.0,0.0,0.0
37753,2023.0,9.0,20.0,4.0,19.696384,19.793825,18.847864,18.804785,19.416052,19.365778,19.251997,19.211367,19.241854,19.704033,18.44411,18.406256,19.671673,19.610659,20.342003,21.116507,18.57145,18.537058,0.0,0.0,0.0,4.0,0.0,0.0,4.0,0.0
37754,2023.0,9.0,20.0,4.0,19.684067,19.780966,18.83961,18.796774,19.403404,19.353418,19.238848,19.198566,18.88916,18.912645,18.430197,18.39235,19.657698,19.596815,19.668953,19.63181,18.559155,18.526575,0.0,0.0,0.0,0.0,0.0,0.0,0.0,0.0
37755,2023.0,9.0,20.0,4.0,19.671953,19.768013,18.831247,18.788357,19.390785,19.340597,19.225492,19.18513,18.69568,18.608877,18.72517,18.956596,19.643785,19.582664,19.448729,19.327599,18.540895,18.507719,0.0,0.0,0.0,0.0,4.0,0.0,0.0,0.0
37756,2023.0,9.0,20.0,4.0,19.660173,19.755583,18.823168,18.780262,19.378448,19.32823,19.212536,19.172216,18.641762,18.549608,18.506123,18.473522,19.630465,19.569319,19.390173,19.26984,18.524717,18.491346,0.0,0.0,0.0,0.0,0.0,0.0,0.0,0.0
37757,2023.0,9.0,20.0,4.0,19.648804,19.743979,18.815676,18.773046,19.36667,19.31697,19.200396,19.160578,18.660019,18.621758,18.75981,18.991434,19.617918,19.55714,19.414047,19.363276,18.510214,18.477118,0.0,0.0,0.0,0.0,4.0,0.0,0.0,0.0
37758,2023.0,9.0,20.0,5.0,19.636818,19.731316,18.807873,18.765148,19.354303,19.304668,19.187817,19.147976,18.647673,18.60956,18.532831,18.5005,19.605244,19.544468,19.395979,19.344414,18.496256,18.463037,0.0,0.0,0.0,0.0,0.0,0.0,0.0,0.0
37759,2023.0,9.0,20.0,5.0,19.625454,19.719858,18.800507,18.757975,19.342627,19.293646,19.17604,19.13678,18.6307,18.593246,18.762398,18.974941,19.593288,19.532988,20.309668,21.085842,18.483646,18.450842,0.0,0.0,0.0,0.0,4.0,0.0,4.0,0.0
37760,2023.0,9.0,20.0,5.0,19.61337,19.707033,18.792612,18.74974,19.330416,19.28129,19.163588,19.124178,18.614079,18.576431,18.896591,19.166124,20.285116,20.85193,19.63297,19.596132,18.470997,18.438028,0.0,0.0,0.0,0.0,4.0,4.0,0.0,0.0
37761,2023.0,9.0,20.0,5.0,19.601318,19.694193,18.784811,18.741463,19.318443,19.268974,19.151203,19.111519,18.598211,18.560328,18.571169,18.513643,19.827045,19.842106,19.412073,19.292355,19.186655,19.795807,0.0,0.0,0.0,0.0,0.0,0.0,0.0,4.0
37762,2023.0,9.0,20.0,5.0,19.589478,19.681702,18.777103,18.733353,19.306684,19.256964,19.139141,19.09922,18.583231,18.54525,18.447283,18.349844,19.606981,19.477566,20.315918,21.050953,18.729065,18.765804,0.0,0.0,0.0,0.0,0.0,0.0,4.0,0.0
37763,2023.0,9.0,20.0,5.0,19.577566,19.669096,18.769098,18.725012,19.294893,19.24486,19.127129,19.086882,19.139145,19.60076,18.772886,19.002647,19.544651,19.404978,19.660166,19.618134,18.529142,18.456047,0.0,0.0,0.0,4.0,4.0,0.0,0.0,0.0
37764,2023.0,9.0,20.0,6.0,19.5656,19.656294,19.207108,19.552723,19.964237,20.513905,19.114904,19.074244,18.778894,18.789831,18.58828,18.584066,19.583862,19.520872,19.43387,19.308748,18.474995,18.396486,4.0,4.0,0.0,0.0,0.0,0.0,0.0,0.0
37765,2023.0,9.0,20.0,6.0,21.177296,22.463856,20.113466,21.07134,21.122091,22.410059,21.212328,22.785059,19.249771,19.740435,18.493275,18.454176,21.218695,22.3717,21.367672,22.727705,18.486927,18.45506,0.0,4.0,4.0,4.0,0.0,0.0,4.0,0.0
37766,2023.0,9.0,20.0,6.0,21.006369,21.997965,19.387844,19.502022,20.999523,21.97672,20.98469,22.10767,20.078695,21.006083,18.75569,18.972328,20.985533,21.799484,20.978355,21.856833,18.477129,18.443619,0.0,4.0,4.0,4.0,4.0,4.0,4.0,0.0
37767,2023.0,9.0,20.0,6.0,21.005262,21.86368,19.011717,18.990551,21.01456,21.885567,21.020426,22.027393,20.023878,20.800072,20.163618,21.350685,21.007124,21.740881,21.042282,21.916395,18.460175,18.42721,0.0,4.0,4.0,0.0,4.0,4.0,0.0,0.0
37768,2023.0,9.0,20.0,6.0,21.033401,21.870064,18.931246,18.889927,21.011389,21.797638,21.040293,21.986609,19.24173,19.202602,20.008938,20.897299,21.03304,21.741447,21.02991,21.81515,19.224846,19.883675,0.0,4.0,0.0,0.0,0.0,0.0,0.0,4.0
37769,2023.0,9.0,20.0,6.0,20.9991,21.7265,18.892653,18.847372,21.036627,21.809875,21.033787,21.89656,19.535023,19.997911,19.549543,19.881102,20.996407,21.59043,21.03344,21.717047,20.110117,21.21715,0.0,0.0,0.0,4.0,4.0,4.0,4.0,0.0
37770,2023.0,9.0,20.0,7.0,21.005077,21.704018,18.866398,18.821005,21.00461,21.676907,21.033907,21.838491,20.04571,20.7533,20.09399,20.917631,21.001534,21.564384,21.03347,21.727251,19.112597,19.117191,0.0,4.0,0.0,4.0,4.0,4.0,0.0,0.0
37771,2023.0,9.0,20.0,7.0,21.00401,21.6777,19.295044,19.64342,21.009523,21.65476,21.000774,21.721113,20.024765,20.665377,20.020437,20.70427,21.000404,21.53584,21.028551,21.68572,19.56395,20.243502,4.0,4.0,4.0,0.0,0.0,4.0,0.0,4.0
37772,2023.0,9.0,20.0,7.0,21.002607,21.658022,20.103455,20.961197,21.008026,21.629114,21.01225,21.713455,19.971039,20.469799,19.621328,19.85584,20.999638,21.513771,21.027716,21.657238,20.03141,20.838888,0.0,4.0,4.0,4.0,4.0,4.0,0.0,4.0
37773,2023.0,9.0,20.0,7.0,21.030739,21.720043,19.774519,20.167868,21.00743,21.610664,21.036196,21.759977,20.004772,20.519728,20.0808,20.759512,21.02978,21.575628,21.298868,22.124325,20.029428,20.781292,4.0,4.0,0.0,4.0,4.0,0.0,4.0,0.0
37774,2023.0,9.0,20.0,7.0,21.022945,21.686222,20.078644,20.756065,21.033823,21.668982,21.0029,21.651411,20.02839,20.564514,20.001324,20.555359,21.023022,21.538612,20.980528,21.510422,20.057444,20.72389,0.0,0.0,4.0,0.0,4.0,0.0,0.0,4.0
37775,2023.0,9.0,20.0,7.0,21.02371,21.67096,19.429365,19.428967,21.026953,21.637524,21.03556,21.722176,19.432291,19.388918,20.02846,20.586817,21.023188,21.51834,21.031342,21.60383,20.024176,20.658354,0.0,0.0,0.0,0.0,0.0,0.0,0.0,0.0
37776,2023.0,9.0,20.0,8.0,20.996326,21.582613,19.603722,19.95846,21.026775,21.621086,21.028645,21.691967,19.149298,19.061764,19.751345,20.001827,21.022568,21.500336,21.02523,21.583885,19.343998,19.310642,4.0,0.0,0.0,0.0,4.0,0.0,0.0,0.0
37777,2023.0,9.0,20.0,8.0,20.409874,20.484896,20.038794,20.63741,21.002445,21.540627,20.297953,20.27407,19.103361,19.064129,20.070574,20.654137,21.223927,21.85411,20.360647,20.297363,19.902477,20.587233,4.0,4.0,0.0,0.0,0.0,4.0,0.0,4.0
37778,2023.0,9.0,20.0,8.0,20.790455,21.401817,20.02011,20.559393,20.351044,20.324877,19.985601,19.949282,19.064157,19.033918,19.476587,19.468224,20.532515,20.478691,20.106817,20.057901,20.019108,20.634453,0.0,0.0,0.0,0.0,0.0,0.0,0.0,0.0
37779,2023.0,9.0,20.0,8.0,20.35099,20.450096,19.49067,19.500906,20.004992,19.892593,19.876398,19.840845,19.021166,18.99517,19.211823,19.177074,20.21914,20.098598,20.00895,19.963623,19.380077,19.365849,0.0,0.0,0.0,0.0,0.0,0.0,0.0,0.0
37780,2023.0,9.0,20.0,8.0,20.150047,20.193243,19.276627,19.202497,20.530865,20.96467,19.806326,19.772083,18.991322,18.968199,19.146072,19.1124,20.137527,20.019459,19.943176,19.90062,19.17531,19.114176,0.0,4.0,0.0,0.0,0.0,0.0,0.0,0.0
37781,2023.0,9.0,20.0,8.0,20.06741,20.117817,19.240543,19.207087,20.115726,20.114878,19.745045,19.715223,18.96526,18.94541,19.095274,19.065779,20.136944,20.081549,19.885992,19.847624,19.995901,20.746302,0.0,0.0,0.0,0.0,0.0,0.0,0.0,4.0
37782,2023.0,9.0,20.0,9.0,20.06621,20.183952,19.204515,19.183676,19.89787,19.805962,20.352459,20.907143,18.942965,18.925419,19.052464,19.026089,20.872103,21.512218,19.837084,19.801416,20.00749,20.650015,0.0,0.0,4.0,0.0,0.0,4.0,0.0,0.0
37783,2023.0,9.0,20.0,9.0,20.034218,20.162718,19.5923,19.9535,19.85125,19.809637,19.9993,20.075493,18.920961,18.905499,19.009922,18.98701,20.36606,20.348312,19.787876,19.755022,19.400356,19.41853,4.0,0.0,0.0,0.0,0.0,0.0,0.0,0.0
37784,2023.0,9.0,20.0,9.0,19.996262,20.12576,20.0623,20.735985,19.813036,19.781517,20.38041,20.882717,18.905611,18.891146,18.980692,18.95857,20.16474,20.068588,19.75155,19.719713,19.200094,19.155386,0.0,0.0,4.0,0.0,0.0,0.0,0.0,0.0
37785,2023.0,9.0,20.0,9.0,20.622137,21.338346,19.90625,20.32575,19.765343,19.738682,19.957119,19.973246,18.891588,18.878925,18.953703,18.935,20.095833,20.006155,19.715313,19.685862,19.132076,19.107904,4.0,0.0,0.0,0.0,0.0,0.0,0.0,0.0
37786,2023.0,9.0,20.0,9.0,20.149223,20.315165,20.040031,20.570013,20.377098,20.922098,20.368803,20.85135,19.592228,20.2089,18.9373,18.920433,20.841549,21.466484,20.67669,21.527891,19.957916,20.710009,0.0,4.0,4.0,4.0,0.0,4.0,4.0,4.0
37787,2023.0,9.0,20.0,9.0,19.904415,20.0066,19.573862,19.63851,20.06347,20.151953,19.997915,20.036835,20.049316,20.819473,18.921274,18.907413,20.38944,20.39617,20.1149,20.148966,20.238647,20.966244,0.0,0.0,0.0,0.0,0.0,0.0,0.0,4.0
37788,2023.0,9.0,20.0,10.0,19.854286,19.957129,19.760202,20.140991,19.769232,19.739971,19.72995,19.700893,19.408194,19.473372,18.907404,18.896214,20.127403,20.060751,19.792404,19.751019,19.99361,20.504631,4.0,0.0,0.0,0.0,0.0,0.0,0.0,0.0
37789,2023.0,9.0,20.0,10.0,19.85258,19.987072,20.016712,20.517078,19.687174,19.649235,19.64631,19.614824,19.131224,19.124224,18.89477,18.885014,20.065744,19.997944,20.66637,21.461855,19.499874,19.537062,4.0,0.0,0.0,0.0,0.0,0.0,4.0,0.0
37790,2023.0,9.0,20.0,10.0,19.83649,19.973183,20.018694,20.503193,19.665396,19.649858,19.612104,19.602726,19.067326,19.05607,18.884197,18.875864,20.056484,20.019358,20.122885,20.15478,19.258991,19.242535,0.0,0.0,0.0,0.0,0.0,0.0,0.0,0.0
37791,2023.0,9.0,20.0,10.0,19.809061,19.94213,19.92997,20.281765,19.639856,19.62821,19.574968,19.568687,19.031729,19.019117,18.875673,18.868553,20.03864,20.006119,19.80176,19.746405,19.174366,19.153866,4.0,0.0,0.0,0.0,0.0,0.0,0.0,0.0
37792,2023.0,9.0,20.0,10.0,19.792803,19.927942,20.010916,20.42831,19.619032,19.61183,20.207956,20.787298,19.724346,20.344982,18.871275,18.865955,20.775295,21.423954,19.754736,19.714638,20.009544,20.77254,4.0,0.0,4.0,4.0,0.0,4.0,0.0,4.0
37793,2023.0,9.0,20.0,10.0,19.787493,19.935385,19.999733,20.397657,19.595392,19.590534,20.44587,21.03406,20.03392,20.706615,18.867151,18.863297,20.316925,20.336107,19.727303,19.702995,19.993917,20.540674,4.0,0.0,4.0,0.0,0.0,0.0,0.0,0.0
37794,2023.0,9.0,20.0,11.0,19.772846,19.916761,20.019333,20.444681,19.57399,19.571537,20.45163,20.985249,19.475046,19.547321,18.864868,18.862312,20.855555,21.498442,19.700012,19.678621,19.498749,19.549704,0.0,0.0,4.0,0.0,0.0,4.0,0.0,0.0
37795,2023.0,9.0,20.0,11.0,19.75619,19.899529,19.642532,19.709969,19.554806,19.554562,19.937206,19.995424,19.225918,19.230673,18.864695,18.86367,20.375406,20.403801,19.674208,19.654207,19.272116,19.270359,0.0,0.0,0.0,0.0,0.0,0.0,0.0,0.0
37796,2023.0,9.0,20.0,11.0,19.745245,19.889427,19.487467,19.50278,19.540043,19.542128,19.753944,19.752983,19.167469,19.16025,18.866358,18.866774,20.904602,21.485949,19.655489,19.636852,20.08105,20.846596,0.0,0.0,0.0,0.0,0.0,4.0,0.0,4.0
37797,2023.0,9.0,20.0,11.0,20.408253,21.144705,19.419945,19.431986,20.20154,20.801256,20.319395,20.873285,19.134752,19.126587,18.86847,18.870394,20.404282,20.436811,19.638802,19.62136,20.29174,21.055603,0.0,4.0,4.0,0.0,0.0,0.0,0.0,4.0
37798,2023.0,9.0,20.0,11.0,19.986229,20.200434,19.371925,19.386204,20.379255,20.980677,19.891842,19.96412,19.11172,19.104946,18.870884,18.874207,20.231834,20.185474,19.624914,19.608765,19.98334,20.466791,0.0,4.0,0.0,0.0,0.0,0.0,0.0,0.0
37799,2023.0,9.0,20.0,11.0,19.774958,19.92209,19.326822,19.344309,19.870785,19.952312,20.296335,20.868395,19.089897,19.085093,18.87343,18.878202,20.896767,21.500443,19.612133,19.597555,19.545347,19.600658,0.0,0.0,4.0,0.0,0.0,4.0,0.0,0.0
37800,2023.0,9.0,20.0,12.0,19.746214,19.890594,19.295582,19.315119,19.704056,19.720144,20.416574,20.975813,19.07553,19.07231,18.87614,18.882504,20.402878,20.447393,19.603016,19.589928,19.392262,19.3952,0.0,0.0,4.0,0.0,0.0,0.0,0.0,0.0
37801,2023.0,9.0,20.0,12.0,21.175886,22.422016,19.264591,19.283632,21.173042,22.367609,21.108547,22.165184,19.059233,19.054361,19.233072,19.550682,21.175573,21.870962,21.220211,22.409115,19.324842,19.321642,0.0,0.0,0.0,0.0,4.0,0.0,0.0,0.0
37802,2023.0,9.0,20.0,12.0,20.9755,21.86533,19.671598,20.07407,20.97765,21.815756,21.0162,21.87339,19.041475,19.034151,20.10724,20.985067,21.009974,21.521746,21.000711,21.874676,19.258144,19.242374,4.0,4.0,0.0,0.0,0.0,0.0,0.0,0.0
37803,2023.0,9.0,20.0,12.0,21.032846,21.912579,20.049448,20.642952,21.0349,21.859459,21.027643,21.823143,19.02616,19.01673,19.774113,20.170107,21.016129,21.500809,21.024342,21.819464,19.209671,19.192354,0.0,0.0,0.0,0.0,4.0,0.0,0.0,0.0
37804,2023.0,9.0,20.0,12.0,21.022266,21.827765,19.570599,19.65174,21.024641,21.773811,21.022997,21.76752,19.013277,19.002384,20.064674,20.735086,21.015055,21.47274,21.021347,21.741137,19.173084,19.155415,0.0,0.0,0.0,0.0,0.0,0.0,0.0,0.0
37805,2023.0,9.0,20.0,12.0,21.023005,21.781624,19.341108,19.359238,20.999472,21.655294,21.023447,21.734188,19.001057,18.988834,19.53255,19.626272,21.015076,21.453636,21.021189,21.689445,19.141558,19.123863,0.0,4.0,0.0,0.0,0.0,0.0,0.0,0.0
37806,2023.0,9.0,20.0,13.0,21.019108,21.745138,19.703064,20.082342,21.030758,21.707615,21.02324,21.707743,18.98905,18.975643,19.248802,19.240673,21.015114,21.439215,21.020998,21.65135,20.047363,20.866056,4.0,0.0,0.0,0.0,0.0,0.0,0.0,4.0
37807,2023.0,9.0,20.0,13.0,21.019012,21.721836,20.043657,20.597866,21.023758,21.66532,21.022495,21.68555,18.972666,18.958166,19.15673,19.133799,21.015078,21.431602,21.020466,21.625484,19.976257,20.499035,0.0,0.0,0.0,0.0,0.0,0.0,0.0,0.0
37808,2023.0,9.0,20.0,13.0,21.019201,21.703247,19.584938,19.656498,21.021036,21.642286,21.022404,21.668358,18.948914,18.93699,19.096485,19.077019,21.015984,21.435432,21.021645,21.615667,19.45374,19.455442,0.0,0.0,0.0,0.0,0.0,0.0,0.0,0.0
37809,2023.0,9.0,20.0,13.0,21.099615,21.812391,19.339033,19.32811,21.044436,21.67056,21.0467,21.700253,18.923693,18.912748,19.040136,19.020258,21.032759,21.46936,21.043858,21.648113,19.222382,19.187145,0.0,0.0,0.0,0.0,0.0,0.0,0.0,0.0
37810,2023.0,9.0,20.0,13.0,21.011435,21.650208,19.278399,19.266901,21.016874,21.603437,20.990595,21.55861,18.901333,18.891462,19.383154,19.711193,21.013868,21.430553,21.017683,21.587513,19.162128,19.143644,0.0,0.0,4.0,0.0,4.0,0.0,0.0,0.0
37811,2023.0,9.0,20.0,13.0,21.02354,21.660786,19.233664,19.2189,21.021269,21.601057,21.002106,21.578257,18.880154,18.87069,20.092033,20.87764,21.27825,21.9115,21.021776,21.587654,20.052303,20.877253,0.0,0.0,4.0,0.0,0.0,4.0,0.0,4.0
37812,2023.0,9.0,20.0,14.0,21.02149,21.644535,19.195618,19.176266,21.020641,21.589907,21.03135,21.646118,18.85992,18.849619,19.45861,19.54737,20.985176,21.33782,21.021267,21.579065,19.98452,20.516768,0.0,0.0,0.0,0.0,0.0,0.0,0.0,0.0
37813,2023.0,9.0,20.0,14.0,20.541618,20.716644,19.163902,19.141819,20.472893,20.52669,20.894138,21.335413,18.840073,18.826313,19.131279,19.117302,21.185108,21.70642,20.43579,20.442905,19.432976,19.413374,0.0,0.0,4.0,0.0,0.0,4.0,0.0,0.0
37814,2023.0,9.0,20.0,14.0,21.050314,21.785486,19.140844,19.116285,20.235094,20.197277,20.318546,20.283104,18.824442,18.80851,19.059143,19.036743,21.228846,21.749207,20.228537,20.182796,19.258062,19.20005,0.0,0.0,0.0,0.0,0.0,4.0,0.0,0.0
37815,2023.0,9.0,20.0,14.0,21.019245,21.613934,19.568098,19.935274,20.126944,20.079283,20.70112,21.135191,18.809982,18.792034,19.012121,18.988552,21.24536,21.759855,20.12429,20.077097,19.216415,19.189304,4.0,0.0,4.0,0.0,0.0,4.0,0.0,0.0
37816,2023.0,9.0,20.0,14.0,21.010845,21.595766,20.06416,20.744596,20.049881,20.001696,20.755793,21.18511,19.456705,20.016024,18.971945,18.948078,21.258947,21.767763,21.021107,21.846317,19.17217,19.149162,0.0,0.0,4.0,4.0,0.0,4.0,4.0,0.0
37817,2023.0,9.0,20.0,14.0,20.437393,20.51295,19.530382,19.609333,19.973349,19.923193,20.744951,21.166742,20.042606,20.824913,18.930422,18.904213,21.26979,21.773388,21.209185,21.916422,19.124043,19.101292,0.0,0.0,4.0,4.0,0.0,4.0,4.0,0.0
37818,2023.0,9.0,20.0,15.0,20.166716,20.192726,19.258348,19.244688,20.56192,21.084347,20.207453,20.16438,20.023752,20.70564,18.894062,18.866453,21.27849,21.777044,20.380308,20.32911,19.081257,19.056438,0.0,4.0,0.0,0.0,0.0,4.0,0.0,0.0
37819,2023.0,9.0,20.0,15.0,20.72471,21.321707,19.185722,19.154903,20.77614,21.315386,19.91346,19.793308,19.984089,20.510843,18.861732,18.833035,21.287714,21.782804,20.029928,19.920437,19.864012,20.562105,0.0,4.0,0.0,4.0,0.0,4.0,0.0,4.0
37820,2023.0,9.0,20.0,15.0,20.839718,21.424683,19.58108,19.918682,20.181763,20.154812,19.815426,19.683783,20.009409,20.52301,19.16637,19.421038,20.645557,20.564217,20.870527,21.591747,20.02901,20.71464,4.0,0.0,0.0,4.0,4.0,0.0,4.0,0.0
37821,2023.0,9.0,20.0,15.0,20.296257,20.371479,20.037872,20.61416,19.864174,19.735762,20.472553,20.995867,20.051085,20.55955,20.121525,21.013178,21.062344,21.55172,21.143145,21.844162,19.367252,19.338747,4.0,0.0,4.0,4.0,0.0,4.0,4.0,0.0
37822,2023.0,9.0,20.0,15.0,20.698847,21.287617,20.000217,20.468372,19.761509,19.619576,20.59185,21.017313,20.01918,20.498024,19.4107,19.493496,21.220583,21.71127,20.345194,20.285349,19.101954,19.032932,4.0,0.0,4.0,0.0,0.0,4.0,0.0,0.0
37823,2023.0,9.0,20.0,15.0,20.2807,20.353765,20.004745,20.430656,20.436005,20.948765,20.039703,19.985943,20.107288,20.602856,19.06315,19.030998,20.584766,20.48967,20.003262,19.883774,19.07366,19.040623,4.0,4.0,0.0,4.0,0.0,0.0,0.0,0.0
37824,2023.0,9.0,20.0,16.0,20.69696,21.299074,20.022316,20.447891,20.573582,20.994589,20.396334,20.817257,20.155712,20.648148,18.989874,18.951769,21.028288,21.517286,19.890553,19.76459,19.048513,19.016705,0.0,4.0,4.0,4.0,0.0,4.0,0.0,0.0
37825,2023.0,9.0,20.0,16.0,20.254059,20.310234,19.898375,20.15635,20.575258,20.982967,19.990103,19.927704,20.00342,20.379198,18.950197,18.910076,20.518198,20.406502,19.816729,19.68914,19.01984,18.987116,4.0,4.0,0.0,0.0,0.0,0.0,0.0,0.0
37826,2023.0,9.0,20.0,16.0,19.99839,19.996431,20.023497,20.401602,20.599974,21.000916,20.36278,20.787903,19.508575,19.421253,18.917486,18.874605,20.2567,20.092512,19.824554,19.763058,18.993654,18.959532,4.0,4.0,4.0,0.0,0.0,0.0,0.0,0.0
37827,2023.0,9.0,20.0,16.0,20.59717,21.184505,20.00098,20.338678,20.61901,21.013456,20.49472,20.896358,19.273083,19.151941,18.889828,18.845407,20.897457,21.382195,19.80642,19.750587,18.970907,18.935701,4.0,4.0,4.0,0.0,0.0,4.0,0.0,0.0
37828,2023.0,9.0,20.0,16.0,20.194168,20.252647,20.0038,20.330748,20.634188,21.022457,20.515228,20.909151,19.239204,19.176256,18.866137,18.820461,21.091877,21.567955,20.766052,21.593927,18.950865,18.914564,4.0,4.0,4.0,0.0,0.0,4.0,4.0,0.0
37829,2023.0,9.0,20.0,16.0,19.93444,19.922895,20.021952,20.371048,20.11466,20.037962,19.996864,19.92142,19.912796,20.485504,18.844742,18.797554,21.135044,21.603964,20.136236,20.07794,18.932709,18.895077,0.0,0.0,0.0,4.0,0.0,4.0,0.0,0.0
37830,2023.0,9.0,20.0,17.0,19.854315,19.830078,19.926153,20.149746,20.44726,20.823198,19.713707,19.555698,20.06757,20.542894,18.825521,18.777464,20.497255,20.367277,19.782866,19.647423,18.915003,18.875849,4.0,4.0,0.0,4.0,0.0,0.0,0.0,0.0
37831,2023.0,9.0,20.0,17.0,19.910486,19.981575,20.034111,20.369446,20.54955,20.934177,20.25408,20.630663,20.098368,20.564108,18.811117,18.762844,20.292109,20.100748,20.658316,21.359768,19.720184,20.402555,0.0,4.0,4.0,4.0,0.0,0.0,4.0,4.0
37832,2023.0,9.0,20.0,17.0,20.62224,21.328093,19.945211,20.163494,20.578238,20.956234,19.898668,19.817032,20.01173,20.404972,18.796312,18.748695,20.196484,20.005823,20.965864,21.647982,20.012306,20.651562,4.0,4.0,0.0,0.0,0.0,0.0,4.0,4.0
37833,2023.0,9.0,20.0,17.0,20.141378,20.192547,20.014309,20.310184,20.60601,20.980614,20.263458,20.653118,19.504189,19.411104,18.78189,18.734255,20.125889,19.937805,20.179737,20.086866,20.025618,20.62249,4.0,4.0,4.0,0.0,0.0,0.0,0.0,0.0
37834,2023.0,9.0,20.0,17.0,19.851377,19.825888,20.001383,20.279049,20.08048,19.979538,19.870304,19.776937,19.931105,20.39283,19.157885,19.454983,20.16479,20.076529,19.852903,19.704313,20.170864,20.794712,4.0,0.0,0.0,4.0,4.0,0.0,0.0,4.0
37835,2023.0,9.0,20.0,17.0,19.790627,19.768854,20.021675,20.329565,20.432423,20.801268,19.61373,19.449997,20.014967,20.418695,20.103706,20.983738,20.159758,20.08478,19.755426,19.6029,20.00179,20.457228,0.0,4.0,0.0,0.0,4.0,0.0,0.0,0.0
37836,2023.0,9.0,20.0,18.0,20.570095,21.281273,19.590393,19.491493,20.037754,19.94279,20.163677,20.542616,19.498177,19.398924,20.011395,20.692305,20.129816,20.058334,19.693089,19.542192,19.440172,19.353487,0.0,0.0,4.0,0.0,0.0,0.0,0.0,0.0
37837,2023.0,9.0,20.0,18.0,21.031103,21.867615,19.857038,20.147152,21.150679,22.063437,21.122143,22.104284,19.245325,19.102571,19.339798,19.30485,21.129066,21.839321,21.207417,22.222836,19.178692,19.049961,4.0,0.0,0.0,0.0,0.0,0.0,0.0,0.0
37838,2023.0,9.0,20.0,18.0,21.024994,21.787235,20.012754,20.35869,20.975664,21.58634,20.984192,21.692875,19.23943,19.178783,18.97236,18.826128,21.00221,21.537931,20.991205,21.717356,19.085035,18.953552,0.0,4.0,4.0,0.0,0.0,0.0,0.0,0.0
37839,2023.0,9.0,20.0,18.0,21.055376,21.774889,20.053024,20.39139,21.018372,21.61183,21.06726,21.812555,19.213964,19.156328,18.969646,18.907475,21.041368,21.557177,21.054224,21.762283,19.102785,19.05033,4.0,4.0,0.0,0.0,0.0,0.0,0.0,0.0
37840,2023.0,9.0,20.0,18.0,21.018154,21.660202,19.994577,20.265032,21.002516,21.538357,20.994148,21.58568,19.176832,19.121967,19.360386,19.667622,21.01282,21.460417,21.015059,21.62572,19.083708,19.034733,4.0,4.0,4.0,0.0,4.0,0.0,0.0,0.0
37841,2023.0,9.0,20.0,18.0,21.017801,21.637241,20.022192,20.325047,21.005207,21.516453,21.03485,21.652952,19.142786,19.090118,20.096413,20.86072,21.016518,21.439281,21.021158,21.59761,19.05466,19.008183,0.0,4.0,0.0,0.0,0.0,0.0,0.0,0.0
37842,2023.0,9.0,20.0,19.0,21.017431,21.620094,19.95113,20.152702,21.030952,21.568062,21.027092,21.608034,19.113594,19.06314,19.452148,19.500511,21.015938,21.417658,21.020557,21.567337,19.02778,18.983448,4.0,0.0,0.0,0.0,0.0,0.0,0.0,0.0
37843,2023.0,9.0,20.0,19.0,21.036942,21.643118,20.0066,20.284048,21.009424,21.471308,21.013344,21.526234,19.086512,19.036373,19.121872,19.063898,21.033415,21.434996,21.043755,21.588373,19.002022,18.956688,4.0,4.0,4.0,0.0,0.0,0.0,0.0,0.0
37844,2023.0,9.0,20.0,19.0,21.014679,21.588346,20.019156,20.301958,21.030338,21.531303,21.005556,21.50839,19.762228,20.331776,19.050264,18.993477,21.013592,21.384882,21.016321,21.518919,18.980137,18.935175,0.0,0.0,4.0,4.0,0.0,0.0,0.0,0.0
37845,2023.0,9.0,20.0,19.0,21.01734,21.584747,19.952711,20.142305,20.997145,21.430225,21.03291,21.575096,20.030035,20.605509,18.998348,18.941833,21.015764,21.382053,21.409512,22.225157,18.958836,18.913553,4.0,4.0,0.0,0.0,0.0,0.0,4.0,0.0
37846,2023.0,9.0,20.0,19.0,21.016973,21.57563,20.011103,20.26427,21.004107,21.436037,21.000023,21.476887,19.386072,19.282925,18.959663,18.904726,21.015356,21.375475,20.968124,21.3546,18.940289,18.895119,4.0,4.0,4.0,0.0,0.0,0.0,0.0,0.0
37847,2023.0,9.0,20.0,19.0,21.034285,21.602087,20.004232,20.244148,21.007093,21.436304,21.054098,21.605549,19.107435,18.958015,18.923462,18.86666,21.031622,21.401669,21.04786,21.525469,18.923182,18.87764,4.0,4.0,0.0,0.0,0.0,0.0,0.0,0.0
37848,2023.0,9.0,20.0,20.0,21.03332,21.589474,20.004719,20.244009,21.006844,21.430628,21.051971,21.571053,19.131191,19.076687,18.894033,18.837383,21.031069,21.39157,21.046253,21.496355,18.90835,18.862747,4.0,4.0,0.0,0.0,0.0,0.0,0.0,0.0
37849,2023.0,9.0,20.0,20.0,21.013016,21.548973,20.021048,20.289682,21.029942,21.493809,21.014801,21.508667,19.1158,19.063663,18.867342,18.810211,21.343235,21.962994,21.014523,21.445673,18.894066,18.847786,0.0,0.0,0.0,0.0,0.0,4.0,0.0,0.0
37850,2023.0,9.0,20.0,20.0,21.01716,21.553083,19.960703,20.143347,20.996996,21.396696,21.021095,21.522371,19.775158,20.33072,18.84392,18.787357,20.980427,21.24674,21.019272,21.45829,18.880804,18.834232,4.0,4.0,0.0,4.0,0.0,0.0,0.0,0.0
37851,2023.0,9.0,20.0,20.0,21.033207,21.579092,20.035847,20.333553,21.049053,21.523287,21.054543,21.556942,20.055235,20.637693,18.820963,18.762463,21.039621,21.37283,21.03717,21.493668,18.867992,18.820578,0.0,0.0,4.0,0.0,0.0,0.0,0.0,0.0
37852,2023.0,9.0,20.0,20.0,21.218578,21.898252,19.960945,20.131683,20.990667,21.368563,21.023157,21.511894,20.038017,20.473076,18.80177,18.742958,21.009981,21.315338,21.014162,21.446892,18.856525,18.808432,4.0,4.0,0.0,4.0,0.0,0.0,0.0,0.0
37853,2023.0,9.0,20.0,20.0,20.983936,21.44826,20.01219,20.245733,21.005096,21.395248,21.026487,21.509539,20.021873,20.44496,18.782831,18.722422,21.015318,21.331165,21.01977,21.457088,18.845213,18.796253,4.0,4.0,0.0,0.0,0.0,0.0,0.0,0.0
37854,2023.0,9.0,20.0,21.0,21.02558,21.523354,20.020065,20.275328,21.002598,21.3898,21.026182,21.500265,19.456966,19.321856,18.767025,18.706903,21.014841,21.333189,21.018457,21.453608,18.835184,18.786074,0.0,4.0,0.0,0.0,0.0,0.0,0.0,0.0
37855,2023.0,9.0,20.0,21.0,21.021088,21.507885,19.587315,19.437202,21.002817,21.388897,21.018803,21.49153,19.196108,19.026796,18.750994,18.68958,21.014538,21.33385,21.018236,21.4513,18.824366,18.773933,0.0,4.0,0.0,0.0,0.0,0.0,0.0,0.0
37856,2023.0,9.0,20.0,21.0,21.030973,21.533201,19.477247,19.39124,21.04897,21.505074,21.071243,21.566647,19.210144,19.142881,18.73392,18.67012,21.02997,21.36449,21.037199,21.485914,18.81339,18.76153,0.0,0.0,4.0,0.0,0.0,0.0,0.0,0.0
37857,2023.0,9.0,20.0,21.0,21.234663,21.89596,19.434423,19.349966,21.018427,21.42656,21.020138,21.48248,19.186865,19.122297,18.71799,18.652876,21.012276,21.328753,21.014711,21.43886,18.802877,18.749657,0.0,0.0,0.0,0.0,0.0,0.0,0.0,0.0
37858,2023.0,9.0,20.0,21.0,21.10752,21.57601,19.835886,20.144682,20.998371,21.35705,21.027504,21.490002,19.150084,19.087662,18.70224,18.63597,21.015131,21.334856,21.019054,21.446476,18.792318,18.737986,4.0,4.0,0.0,0.0,0.0,0.0,0.0,0.0
37859,2023.0,9.0,20.0,21.0,21.015945,21.47447,20.024225,20.395952,21.030506,21.439304,21.018345,21.47882,19.11064,19.0441,19.060032,19.321232,21.339563,21.933187,21.01861,21.444347,18.78147,18.725737,0.0,0.0,0.0,0.0,4.0,4.0,0.0,0.0
37860,2023.0,9.0,20.0,22.0,21.02228,21.488157,19.651134,19.642723,21.023554,21.41876,21.019787,21.484114,19.076471,19.009457,20.145756,21.097927,20.980808,21.22223,21.018528,21.442799,18.770832,18.713943,0.0,0.0,0.0,0.0,0.0,0.0,0.0,0.0
37861,2023.0,9.0,20.0,22.0,21.021706,21.483276,19.439013,19.36242,21.024311,21.4125,21.019472,21.483864,19.045547,18.97753,19.362843,19.428524,21.025335,21.313885,21.018442,21.441528,18.760056,18.701988,0.0,0.0,0.0,0.0,0.0,0.0,0.0,0.0
37862,2023.0,9.0,20.0,22.0,21.243374,21.890373,19.366972,19.27595,21.016142,21.405,21.070562,21.552614,19.016846,18.947437,18.966915,18.89792,21.020075,21.302307,21.463837,22.258518,18.74916,18.689882,0.0,0.0,4.0,0.0,0.0,0.0,4.0,0.0
37863,2023.0,9.0,20.0,22.0,20.99028,21.40048,19.758265,20.045546,21.01742,21.41188,21.022284,21.470545,19.596483,20.060625,18.886671,18.81198,21.014036,21.302303,20.961075,21.26874,19.51316,20.141785,4.0,0.0,0.0,4.0,0.0,0.0,0.0,4.0
37864,2023.0,9.0,20.0,22.0,21.026625,21.476234,20.034336,20.45108,21.016874,21.413479,20.999937,21.396627,20.061451,20.709265,18.832594,18.752708,21.015127,21.312084,21.034576,21.423801,20.072721,20.897911,0.0,0.0,4.0,0.0,0.0,0.0,0.0,0.0
37865,2023.0,9.0,20.0,22.0,21.020784,21.46235,19.62568,19.608143,21.017273,21.415468,21.033007,21.479708,20.067327,20.583807,18.793097,18.713814,21.014688,21.316595,21.022224,21.400347,19.924433,20.425938,0.0,0.0,0.0,4.0,0.0,0.0,0.0,4.0
37866,2023.0,9.0,20.0,23.0,21.01409,21.461132,19.86233,20.179928,21.017195,21.41588,21.025826,21.456627,20.021276,20.480331,18.757233,18.676514,21.015085,21.321306,21.017878,21.404852,20.05193,20.672245,4.0,0.0,0.0,0.0,0.0,0.0,0.0,0.0
37867,2023.0,9.0,20.0,23.0,20.630663,20.730686,19.425806,19.245117,20.56743,20.550901,20.357216,20.16388,19.383215,19.206064,18.724827,18.642776,20.609303,20.542736,20.531076,20.475916,19.295559,19.146883,0.0,0.0,0.0,0.0,0.0,0.0,0.0,0.0
37868,2023.0,9.0,20.0,23.0,20.46042,20.502316,19.185633,18.888996,20.344643,20.231443,20.234295,20.093487,19.143251,18.90157,19.006481,19.19162,20.45832,20.353727,20.343145,20.246822,19.042395,18.828424,0.0,0.0,0.0,0.0,4.0,0.0,0.0,0.0
37869,2023.0,9.0,20.0,23.0,20.380405,20.420921,19.642384,19.836033,20.249254,20.131294,20.170904,20.059101,19.184193,19.07834,18.799116,18.734825,20.385775,20.283567,20.24756,20.154228,19.848503,20.452896,4.0,0.0,0.0,0.0,0.0,0.0,0.0,4.0
37870,2023.0,9.0,20.0,23.0,20.995419,21.634298,19.46611,19.434814,20.172997,20.051445,20.096771,19.985563,19.167593,19.082466,18.699072,18.607573,20.31737,20.209993,20.164713,20.071444,19.20384,19.054127,0.0,0.0,0.0,0.0,0.0,0.0,0.0,0.0
37871,2023.0,9.0,20.0,23.0,21.128098,21.761623,19.130243,18.829424,20.106968,19.981821,20.027966,19.913374,19.12005,19.03127,18.66599,18.571829,20.957214,21.471743,20.08934,19.99154,18.944935,18.717888,0.0,0.0,0.0,0.0,0.0,4.0,0.0,0.0
37872,2023.0,9.0,21.0,0.0,20.378323,20.291117,19.005877,18.678043,20.049507,19.922203,19.967016,19.850422,19.076717,18.985556,18.635185,18.538322,20.264183,20.02678,20.024052,19.924387,18.852793,18.622452,0.0,0.0,0.0,0.0,0.0,0.0,0.0,0.0
37873,2023.0,9.0,21.0,0.0,20.083935,19.876308,19.127758,18.981794,19.996864,19.866833,19.910501,19.791153,19.03735,18.943956,18.607536,18.508402,20.024614,19.711239,19.964544,19.86239,18.924026,18.83774,0.0,0.0,0.0,0.0,0.0,0.0,0.0,0.0
37874,2023.0,9.0,21.0,0.0,19.983253,19.78131,19.147245,19.020529,19.954294,19.82697,19.864635,19.748253,19.004469,18.912155,18.877325,19.032621,19.947151,19.639252,19.915009,19.81467,19.637564,20.199268,0.0,0.0,0.0,0.0,4.0,0.0,0.0,4.0
37875,2023.0,9.0,21.0,0.0,19.902866,19.701744,19.13377,19.011253,19.912962,19.78599,19.820446,19.70431,18.972322,18.879562,18.688562,18.610615,20.052399,19.920324,19.867893,19.767324,19.000637,18.823864,0.0,0.0,0.0,0.0,0.0,0.0,0.0,0.0
37876,2023.0,9.0,21.0,0.0,20.043228,20.04959,19.11449,18.99147,19.873642,19.745941,19.778904,19.661686,18.941349,18.847368,18.905752,19.075663,20.055685,19.938934,19.82348,19.721693,18.780523,18.54451,0.0,0.0,0.0,0.0,4.0,0.0,0.0,0.0
37877,2023.0,9.0,21.0,0.0,20.048817,20.073772,19.094173,18.96963,19.836256,19.707054,19.739483,19.62044,18.911877,18.81648,19.02435,19.230259,20.023193,19.906185,19.782143,19.67911,18.70578,18.4686,0.0,0.0,0.0,0.0,4.0,0.0,0.0,0.0
37878,2023.0,9.0,21.0,1.0,20.039845,20.0827,19.50904,19.761684,19.806032,19.680153,19.707668,19.591959,18.886679,18.792624,18.577253,18.340591,19.99388,19.878473,19.746552,19.645428,19.567446,20.16574,4.0,0.0,0.0,0.0,0.0,0.0,0.0,4.0
37879,2023.0,9.0,21.0,1.0,20.01682,20.06059,19.281624,19.24884,19.773,19.64555,19.67314,19.555674,18.859575,18.763554,18.689665,18.661194,19.961864,19.844486,19.709572,19.60671,18.941566,18.771954,0.0,0.0,0.0,0.0,4.0,0.0,0.0,0.0
37880,2023.0,9.0,21.0,1.0,19.98797,20.028656,19.59155,19.875683,19.739704,19.609093,19.638561,19.517677,18.832052,18.73302,18.444126,18.157162,19.9294,19.80883,19.672718,19.566923,18.701551,18.45487,4.0,0.0,0.0,0.0,0.0,0.0,0.0,0.0
37881,2023.0,9.0,21.0,1.0,19.96084,19.999838,19.098602,18.849384,19.709494,19.577572,19.607159,19.484879,19.39037,19.803017,18.490091,18.359394,19.899275,19.777086,19.638714,19.531631,18.627981,18.380663,0.0,0.0,0.0,4.0,0.0,0.0,0.0,0.0
37882,2023.0,9.0,21.0,1.0,19.932838,19.968098,18.865189,18.50866,19.679232,19.54489,19.57549,19.450787,18.992294,18.919596,18.504662,18.391747,19.868935,19.744225,19.604755,19.495447,18.715221,18.615911,0.0,0.0,0.0,0.0,0.0,0.0,0.0,0.0
37883,2023.0,9.0,21.0,1.0,19.905472,19.936918,18.98656,18.824896,19.649046,19.511425,19.543789,19.415817,18.860788,18.754028,18.477325,18.361969,19.838514,19.71068,19.571026,19.458912,18.711624,18.615704,0.0,0.0,0.0,0.0,0.0,0.0,0.0,0.0
37884,2023.0,9.0,21.0,2.0,19.8793,19.90758,19.005577,18.86028,19.619717,19.478851,19.51303,19.381817,18.81703,18.707146,18.448664,18.329937,19.808784,19.678104,19.538298,19.423725,18.683926,18.585485,0.0,0.0,0.0,0.0,0.0,0.0,0.0,0.0
37885,2023.0,9.0,21.0,2.0,19.855473,19.882523,18.987463,18.842043,19.594528,19.453873,19.48668,19.355793,18.78136,18.671755,18.422459,18.303375,19.78183,19.650751,19.508335,19.393557,19.386675,19.931046,0.0,0.0,0.0,0.0,0.0,0.0,0.0,4.0
37886,2023.0,9.0,21.0,2.0,19.830011,19.85393,18.965471,18.817411,19.56724,19.424032,19.458353,19.324837,18.74695,18.634745,18.394136,18.272326,19.753336,19.619938,19.477028,19.360186,18.894379,18.839602,0.0,0.0,0.0,0.0,0.0,0.0,0.0,0.0
37887,2023.0,9.0,21.0,2.0,19.804956,19.825686,18.943697,18.792803,19.540451,19.394535,19.43083,19.294441,18.714447,18.599697,18.365942,18.241339,19.725101,19.589315,19.44612,19.327145,19.295252,19.667002,0.0,0.0,0.0,0.0,0.0,0.0,0.0,4.0
37888,2023.0,9.0,21.0,2.0,19.780539,19.79858,18.921995,18.769121,19.514433,19.366337,19.404297,19.265549,18.683647,18.566929,18.6342,18.764576,19.697449,19.559752,19.415829,19.295214,18.707476,18.45446,0.0,0.0,0.0,0.0,4.0,0.0,0.0,0.0
37889,2023.0,9.0,21.0,2.0,19.755554,19.770061,18.899633,18.743858,19.48786,19.336617,19.377361,19.235245,18.652826,18.533272,18.418228,18.29117,19.66918,19.528782,19.38498,19.261919,18.510483,18.220171,0.0,0.0,0.0,0.0,0.0,0.0,0.0,0.0
37890,2023.0,9.0,21.0,3.0,19.73052,19.741232,18.876822,18.717281,19.460619,19.305302,19.3497,19.203346,18.622143,18.499302,18.335709,18.201069,19.640617,19.49711,19.35397,19.22816,18.426882,18.131992,0.0,0.0,0.0,0.0,0.0,0.0,0.0,0.0
37891,2023.0,9.0,21.0,3.0,19.709381,19.719908,18.85862,18.699821,19.438824,19.284603,19.327368,19.182125,18.596014,18.473944,18.304712,18.17157,19.615938,19.473076,19.326618,19.201548,19.313663,19.88572,0.0,0.0,0.0,0.0,0.0,0.0,0.0,4.0
37892,2023.0,9.0,21.0,3.0,19.686792,19.69556,18.83883,18.678982,19.415098,19.259758,19.303036,19.156643,18.568604,18.445446,18.272165,18.13781,19.589935,19.446054,19.297949,19.172005,18.659128,18.430462,0.0,0.0,0.0,0.0,0.0,0.0,0.0,0.0
37893,2023.0,9.0,21.0,3.0,19.66421,19.67095,18.818954,18.657835,19.391375,19.234575,19.278908,19.130932,18.541426,18.416904,18.241333,18.10529,19.563969,19.418802,19.269283,19.142187,19.172392,19.54511,0.0,0.0,0.0,0.0,0.0,0.0,0.0,4.0
37894,2023.0,9.0,21.0,3.0,19.642214,19.647366,19.199121,19.387291,19.368275,19.210442,19.255499,19.106373,18.515131,18.389723,18.212135,18.075048,19.5387,19.392693,19.241299,19.113516,18.604256,18.338797,4.0,0.0,0.0,0.0,0.0,0.0,0.0,0.0
37895,2023.0,9.0,21.0,3.0,19.6195,19.622265,18.955353,18.84867,19.34443,19.184679,19.231415,19.080229,18.488403,18.361294,18.182981,18.043882,19.512901,19.36528,19.212685,19.083408,18.393545,18.083979,0.0,0.0,0.0,0.0,0.0,0.0,0.0,0.0
37896,2023.0,9.0,21.0,4.0,19.598034,19.59958,18.846092,18.68613,19.3219,19.161484,19.208513,19.056635,19.046532,19.431622,18.156164,18.016518,19.48846,19.34037,19.185368,19.055779,18.31483,18.00759,0.0,0.0,0.0,4.0,0.0,0.0,0.0,0.0
37897,2023.0,9.0,21.0,4.0,19.575157,19.573872,18.802198,18.634155,19.297567,19.134695,19.183578,19.029282,19.299784,19.77135,18.127853,17.98575,19.462524,19.312325,19.156511,19.024988,18.443829,18.334396,0.0,0.0,0.0,4.0,0.0,0.0,0.0,0.0
37898,2023.0,9.0,21.0,4.0,19.555006,19.552958,18.774158,18.60633,19.275608,19.112556,19.160938,19.006596,18.554268,18.263903,18.102278,17.96014,19.438663,19.288273,19.12974,18.998228,18.43302,18.314222,0.0,0.0,0.0,0.0,0.0,0.0,0.0,0.0
37899,2023.0,9.0,21.0,4.0,19.532423,19.527197,18.745813,18.574371,19.250103,19.083546,19.134678,18.976862,18.303343,17.949081,18.073454,17.927973,19.412302,19.259192,19.100386,18.966387,18.402702,18.280922,0.0,0.0,0.0,0.0,0.0,0.0,0.0,0.0
37900,2023.0,9.0,21.0,4.0,19.51084,19.503876,18.721342,18.548786,19.226606,19.058588,19.110529,18.951313,18.21912,17.867289,18.046873,17.90008,19.387558,19.233234,19.072538,18.937515,18.374035,18.251152,0.0,0.0,0.0,0.0,0.0,0.0,0.0,0.0
37901,2023.0,9.0,21.0,4.0,19.488626,19.479902,18.69851,18.525635,19.203863,19.035198,19.087189,18.927395,18.37171,18.244398,18.021227,17.873833,19.363396,19.208311,19.045143,18.909498,18.345558,18.222067,0.0,0.0,0.0,0.0,0.0,0.0,0.0,0.0
37902,2023.0,9.0,21.0,5.0,19.465548,19.454613,18.674625,18.49981,19.179464,19.008453,19.062191,18.900072,18.366314,18.229347,17.994488,17.845087,19.338537,19.181807,19.017101,18.880053,18.31665,18.191664,0.0,0.0,0.0,0.0,0.0,0.0,0.0,0.0
37903,2023.0,9.0,21.0,5.0,19.44399,19.432514,18.653225,18.478695,19.157242,18.986256,19.03939,18.877323,18.34044,18.2035,17.969883,17.820564,19.315454,19.15884,18.990528,18.853642,18.289558,18.164667,0.0,0.0,0.0,0.0,0.0,0.0,0.0,0.0
37904,2023.0,9.0,21.0,5.0,19.423561,19.412558,18.633932,18.461267,19.1368,18.967558,19.018427,18.858168,18.898655,19.275475,17.947258,17.799608,19.293846,19.138515,18.965294,18.829744,18.264244,18.1407,0.0,0.0,0.0,4.0,0.0,0.0,0.0,0.0
37905,2023.0,9.0,21.0,5.0,19.405659,19.397442,18.613302,18.440714,19.114565,18.945145,18.995642,18.83522,18.499947,18.39301,17.923178,17.775421,19.271143,19.115765,18.938852,18.803286,18.237959,18.114311,0.0,0.0,0.0,0.0,0.0,0.0,0.0,0.0
37906,2023.0,9.0,21.0,5.0,19.398304,19.401749,18.592428,18.419369,19.091736,18.921545,18.972267,18.811073,18.160847,17.816526,17.898726,17.750328,19.248144,19.092308,18.912,18.775993,18.211561,18.087372,0.0,0.0,0.0,0.0,0.0,0.0,0.0,0.0
37907,2023.0,9.0,21.0,5.0,19.380651,19.383736,18.571756,18.398275,19.068909,18.89797,18.949953,18.788357,18.046543,17.692862,17.874527,17.725636,19.225435,19.069345,18.885386,18.749199,18.18567,18.061205,0.0,0.0,0.0,0.0,0.0,0.0,0.0,0.0
37908,2023.0,9.0,21.0,6.0,19.362171,19.36564,18.55341,18.38181,19.048622,18.879526,18.929264,18.769527,18.185368,18.043077,17.852655,17.705555,19.204412,19.049723,18.860369,18.725677,18.89019,19.410051,0.0,0.0,0.0,0.0,0.0,0.0,0.0,4.0
37909,2023.0,9.0,21.0,6.0,21.231133,22.672764,18.53369,18.362532,21.238932,22.79183,21.310751,22.899788,18.199816,18.06488,17.829266,17.68236,21.25313,22.610207,21.368038,23.057135,20.1636,21.529722,0.0,0.0,0.0,0.0,0.0,0.0,0.0,0.0
37910,2023.0,9.0,21.0,6.0,21.002998,22.03876,18.51201,18.341175,21.004744,22.090675,21.003824,22.15915,18.767206,19.1548,17.803644,17.656965,21.010563,22.021582,21.001991,22.194178,18.767515,18.57955,0.0,0.0,0.0,4.0,0.0,0.0,0.0,0.0
37911,2023.0,9.0,21.0,6.0,21.031765,21.983438,18.490341,18.319397,21.036318,22.009672,21.03903,22.081553,20.144003,21.37715,17.778534,17.63179,21.034435,21.945316,21.040354,22.125124,18.166107,17.846401,0.0,0.0,0.0,4.0,0.0,0.0,0.0,0.0
37912,2023.0,9.0,21.0,6.0,21.026081,21.896671,18.468643,18.296991,21.029789,21.902353,21.031975,21.97059,20.026798,20.976921,18.068213,18.196507,21.029009,21.84755,21.03242,22.010294,18.247902,18.140705,0.0,0.0,0.0,0.0,4.0,0.0,0.0,0.0
37913,2023.0,9.0,21.0,6.0,20.999895,21.77166,18.844755,19.019077,21.031479,21.839272,21.033857,21.906076,19.426432,19.650534,20.319386,21.91831,21.029867,21.785793,21.034277,21.942251,18.237658,18.113064,4.0,0.0,0.0,4.0,4.0,0.0,0.0,0.0
37914,2023.0,9.0,21.0,7.0,21.032516,21.826555,20.163763,21.234102,21.03066,21.790545,21.032923,21.855183,20.146015,21.069723,19.993351,21.14358,20.998783,21.659105,21.033712,21.889877,18.19101,18.0665,0.0,0.0,0.0,0.0,4.0,4.0,0.0,0.0
37915,2023.0,9.0,21.0,7.0,21.01143,21.711155,19.612467,19.948673,21.004416,21.68371,21.032337,21.817827,18.993893,18.72661,20.026608,21.050442,21.03369,21.721718,21.032993,21.850733,18.153706,18.030539,4.0,4.0,0.0,0.0,4.0,0.0,0.0,0.0
37916,2023.0,9.0,21.0,7.0,21.043154,21.763117,20.11482,20.946297,21.035341,21.746202,21.031712,21.78945,18.426205,18.049791,20.051733,20.972708,21.03986,21.681053,21.032372,21.821014,18.120157,17.997728,0.0,0.0,0.0,0.0,0.0,0.0,0.0,0.0
37917,2023.0,9.0,21.0,7.0,21.009151,21.6469,19.39974,19.407244,21.016953,21.642185,21.031462,21.76829,18.491823,18.342552,19.176369,19.164047,21.00787,21.559458,21.032053,21.798742,18.984816,19.657543,4.0,4.0,0.0,0.0,4.0,4.0,0.0,4.0
37918,2023.0,9.0,21.0,7.0,21.042562,21.719278,20.134758,20.911238,21.020563,21.621168,21.031134,21.751015,18.488811,18.351404,20.240088,21.208403,21.012535,21.547916,21.053999,21.781277,20.252836,21.638622,0.0,4.0,0.0,0.0,0.0,4.0,4.0,0.0
37919,2023.0,9.0,21.0,7.0,21.036036,21.689451,19.127718,18.844585,21.045774,21.671597,21.030647,21.73627,19.114948,19.589418,19.286259,19.283278,21.042326,21.610596,21.003061,21.663937,19.526512,19.96825,0.0,0.0,0.0,4.0,4.0,0.0,4.0,4.0
37920,2023.0,9.0,21.0,8.0,21.008425,21.60002,18.809092,18.600885,21.013865,21.566504,21.030376,21.72442,20.293499,21.505428,20.226137,21.128658,21.036644,21.577194,21.008402,21.66083,20.434973,21.745512,0.0,4.0,0.0,0.0,0.0,0.0,4.0,4.0
37921,2023.0,9.0,21.0,8.0,20.70102,21.00854,19.182852,19.341389,20.570387,20.706846,20.266792,20.2479,18.951235,18.734554,19.038027,18.788908,20.763323,21.005081,19.95765,19.672588,20.035698,20.868053,4.0,4.0,0.0,0.0,0.0,4.0,0.0,0.0
37922,2023.0,9.0,21.0,8.0,19.973629,19.763174,20.100908,20.879889,19.76221,19.353498,20.456385,20.879795,18.384758,18.049395,19.02934,19.215893,19.972635,19.604904,20.417625,20.920767,19.72502,20.155119,4.0,0.0,4.0,0.0,4.0,0.0,4.0,4.0
37923,2023.0,9.0,21.0,8.0,19.616737,19.332867,20.028648,20.645203,19.418907,18.970974,19.99841,19.941353,18.444609,18.31003,20.130873,21.06085,20.383953,20.651909,19.721964,19.430223,20.052624,20.794397,0.0,0.0,0.0,0.0,4.0,4.0,0.0,4.0
37924,2023.0,9.0,21.0,8.0,20.108109,20.395988,19.47891,19.494684,19.27767,18.84337,19.399202,18.99812,18.455229,18.341625,20.014769,20.735502,20.541603,20.817066,19.321531,18.991798,20.037922,20.75041,4.0,0.0,0.0,0.0,4.0,4.0,0.0,0.0
37925,2023.0,9.0,21.0,8.0,19.71601,19.559755,20.09429,20.738913,19.382647,19.173462,19.177917,18.775341,18.415134,18.308764,20.04415,20.735844,19.870758,19.557673,19.18438,18.86793,19.074743,18.856884,4.0,0.0,0.0,0.0,0.0,0.0,0.0,0.0
37926,2023.0,9.0,21.0,9.0,19.434324,19.21146,20.0078,20.502716,19.414455,19.252817,19.8892,20.244553,18.379408,18.278807,19.098337,18.86327,19.56819,19.217854,19.08919,18.787197,19.470182,19.940203,4.0,0.0,4.0,0.0,0.0,0.0,0.0,4.0
37927,2023.0,9.0,21.0,9.0,19.331404,19.116451,20.03658,20.537003,19.37364,19.226841,19.996359,20.22648,18.351727,18.25729,18.784092,18.64112,19.473497,19.135899,20.205332,20.99454,20.085613,20.898376,0.0,0.0,4.0,0.0,0.0,0.0,4.0,0.0
37928,2023.0,9.0,21.0,9.0,20.101828,20.662004,19.290688,19.078053,19.327854,19.189905,19.413448,19.172356,18.991457,19.481335,18.738976,18.62128,20.146988,20.481125,20.41073,20.993341,19.116886,18.952305,0.0,0.0,0.0,4.0,0.0,4.0,4.0,0.0
37929,2023.0,9.0,21.0,9.0,19.565811,19.493727,18.946459,18.59764,19.292297,19.161821,19.167677,18.83715,20.147728,21.39678,19.047604,19.254965,19.648664,19.406666,19.565289,19.366783,18.779682,18.519413,0.0,0.0,0.0,0.0,4.0,0.0,0.0,0.0
37930,2023.0,9.0,21.0,9.0,19.927711,20.359062,18.968317,18.800133,19.910742,20.363075,19.636383,19.82445,18.972692,18.895533,20.119331,21.058283,19.40488,19.11875,19.213758,18.964783,18.643255,18.397593,0.0,4.0,4.0,0.0,4.0,0.0,0.0,0.0
37931,2023.0,9.0,21.0,9.0,20.135866,20.594774,19.375914,19.604942,19.593397,19.587645,19.881346,20.163792,18.43304,18.208387,20.023735,20.756804,19.356375,19.077023,19.110031,18.8639,18.677149,18.573397,4.0,0.0,4.0,0.0,0.0,0.0,0.0,0.0
37932,2023.0,9.0,21.0,10.0,20.19412,20.66707,20.073322,20.76094,19.164217,18.909481,19.933475,20.231743,18.464241,18.36412,19.484686,19.611177,20.268406,20.856329,19.054071,18.820528,18.665388,18.579935,4.0,0.0,4.0,0.0,4.0,4.0,0.0,0.0
37933,2023.0,9.0,21.0,10.0,20.239683,20.722603,20.006197,20.553452,19.615849,19.872221,19.400959,19.225344,18.484797,18.402971,20.125366,20.839426,19.7498,19.580244,19.135012,19.033453,18.62533,18.54508,4.0,4.0,0.0,0.0,4.0,0.0,0.0,0.0
37934,2023.0,9.0,21.0,10.0,19.687315,19.668337,20.032295,20.57465,19.30494,19.155054,19.120201,18.874933,18.473911,18.39576,20.021826,20.614534,19.47295,19.235786,20.17987,21.002886,18.589893,18.512878,0.0,0.0,0.0,0.0,0.0,0.0,4.0,0.0
37935,2023.0,9.0,21.0,10.0,20.08402,20.593899,19.364292,19.257296,19.696829,20.0261,19.621786,19.90582,19.18518,19.74641,19.314106,19.199247,20.17083,20.598246,19.545889,19.45528,18.561451,18.486462,0.0,4.0,4.0,4.0,0.0,4.0,0.0,0.0
37936,2023.0,9.0,21.0,10.0,20.208323,20.731993,19.445208,19.543522,19.283813,19.163794,19.249586,19.12375,20.093994,21.168543,19.501694,19.705248,20.409603,20.891712,19.275414,19.079428,18.544191,18.470245,4.0,0.0,0.0,4.0,4.0,4.0,0.0,0.0
37937,2023.0,9.0,21.0,10.0,19.655191,19.663202,20.086208,20.698744,19.04008,18.848877,19.679207,20.066475,20.0232,20.883284,20.065233,20.6647,20.52739,21.018505,19.194546,19.006025,18.527857,18.455471,0.0,0.0,4.0,0.0,0.0,4.0,0.0,0.0
37938,2023.0,9.0,21.0,11.0,19.422188,19.395636,19.769869,20.009026,19.573328,19.909237,19.86883,20.269241,19.193316,19.164553,19.5374,19.591673,20.627771,21.126987,19.152115,18.974451,18.515434,18.444609,4.0,4.0,4.0,0.0,0.0,4.0,0.0,0.0
37939,2023.0,9.0,21.0,11.0,19.357307,19.32996,20.07627,20.605696,19.785877,20.20034,19.914202,20.320145,18.878021,18.700111,19.268238,19.16853,20.702585,21.208004,19.206926,19.11698,18.506126,18.434132,0.0,4.0,4.0,0.0,0.0,4.0,0.0,0.0
37940,2023.0,9.0,21.0,11.0,20.010551,20.60746,19.449446,19.379358,19.864985,20.2802,19.385891,19.30478,18.775818,18.601738,19.530048,19.747454,20.772766,21.279299,19.2137,19.129759,18.496864,18.424566,0.0,4.0,0.0,0.0,4.0,4.0,0.0,0.0
37941,2023.0,9.0,21.0,11.0,20.14922,20.73517,19.278688,19.194412,19.353722,19.288694,19.76846,20.126526,19.522308,20.066477,20.064367,20.673944,20.829838,21.339693,19.202013,19.11944,18.49003,18.41739,0.0,0.0,4.0,4.0,0.0,4.0,0.0,0.0
37942,2023.0,9.0,21.0,11.0,20.208996,20.793106,19.199776,19.138529,19.730743,20.144846,19.959705,20.377533,20.034424,20.754648,19.44804,19.406408,20.212475,20.129667,19.18647,19.104643,19.390587,20.126055,0.0,4.0,4.0,4.0,0.0,0.0,0.0,4.0
37943,2023.0,9.0,21.0,11.0,20.26759,20.854849,19.565819,19.896358,19.92014,20.353804,19.43619,19.36919,19.995142,20.600967,19.08518,18.904089,20.653055,21.119759,19.17162,19.090061,20.046904,20.999752,4.0,4.0,0.0,4.0,0.0,4.0,0.0,4.0
37944,2023.0,9.0,21.0,12.0,19.699379,19.752718,20.06469,20.720171,19.3986,19.343992,19.16865,19.038057,19.998886,20.556154,19.05778,18.944754,20.888939,21.41349,19.159092,19.07788,20.02785,20.869253,0.0,0.0,0.0,4.0,0.0,4.0,0.0,0.0
37945,2023.0,9.0,21.0,12.0,21.193695,22.570377,19.885721,20.293032,21.2222,22.726564,21.217085,22.717249,20.028486,20.599838,19.043991,18.938126,21.476309,22.290941,21.311796,22.83548,19.237019,19.25149,4.0,0.0,4.0,0.0,0.0,4.0,0.0,0.0
37946,2023.0,9.0,21.0,12.0,21.009403,22.052546,20.035305,20.582462,20.984837,22.039766,21.014688,22.144108,20.043625,20.550919,19.01338,18.906214,21.010723,21.483086,20.999428,22.08944,19.746115,20.43483,4.0,4.0,0.0,4.0,0.0,0.0,0.0,4.0
37947,2023.0,9.0,21.0,12.0,21.033934,22.00819,20.022789,20.544823,21.045275,22.064915,21.039064,22.071714,20.021843,20.515224,19.40265,19.664293,21.118908,21.63724,21.030682,22.021633,20.043098,20.78668,0.0,0.0,0.0,0.0,4.0,4.0,0.0,0.0
37948,2023.0,9.0,21.0,12.0,20.9976,21.865284,19.43981,19.40094,21.034485,21.963234,21.03583,21.9828,19.391342,19.269032,20.058119,20.70927,21.011427,21.428276,21.026484,21.921469,20.102808,20.78745,0.0,0.0,0.0,0.0,4.0,0.0,0.0,4.0
37949,2023.0,9.0,21.0,12.0,21.021143,21.870659,19.102959,18.96183,21.07459,21.977234,21.022924,21.87752,19.11564,18.947168,20.049095,20.60169,21.17567,21.701622,21.060568,21.916004,20.049904,20.665213,0.0,0.0,4.0,0.0,0.0,4.0,0.0,0.0
37950,2023.0,9.0,21.0,13.0,21.006287,21.818378,19.524931,19.852573,21.022894,21.848463,21.039516,21.904402,19.097864,18.993237,19.421978,19.335426,21.005566,21.374802,21.02136,21.796562,19.326038,19.242928,4.0,0.0,0.0,0.0,0.0,0.0,0.0,0.0
37951,2023.0,9.0,21.0,13.0,21.035936,21.880058,20.054426,20.69414,21.002214,21.765543,21.033407,21.860283,19.061264,18.96146,19.500914,19.664757,21.021078,21.39894,21.025663,21.772978,19.014952,18.874323,4.0,4.0,0.0,0.0,4.0,0.0,0.0,0.0
37952,2023.0,9.0,21.0,13.0,21.028732,21.845179,20.002115,20.53988,21.013538,21.764765,21.03354,21.83497,19.014278,18.915665,20.063873,20.588758,21.205063,21.718258,21.227692,22.095638,18.916624,18.773787,4.0,4.0,0.0,0.0,4.0,4.0,4.0,0.0
37953,2023.0,9.0,21.0,13.0,21.029448,21.827185,20.008675,20.51781,21.037909,21.817177,21.027925,21.814692,19.733316,20.317236,20.01841,20.470917,21.25072,21.75649,21.003576,21.662542,19.861118,20.635607,4.0,0.0,0.0,4.0,0.0,4.0,0.0,4.0
37954,2023.0,9.0,21.0,13.0,21.000751,21.734428,20.026155,20.543648,21.032127,21.785885,21.028145,21.805965,20.00079,20.57665,19.43678,19.31412,21.267363,21.770557,21.032742,21.710613,20.010105,20.664204,0.0,0.0,0.0,4.0,0.0,4.0,0.0,0.0
37955,2023.0,9.0,21.0,13.0,21.034237,21.815529,19.819319,20.10136,21.006336,21.696857,21.02786,21.797096,20.02721,20.600933,19.596375,19.809092,21.2811,21.782196,21.028406,21.69066,19.333532,19.3114,4.0,4.0,0.0,0.0,4.0,4.0,0.0,0.0
37956,2023.0,9.0,21.0,14.0,21.000095,21.716352,20.040844,20.547632,21.037588,21.770782,21.027779,21.789717,19.354593,19.257544,20.050417,20.558907,21.293253,21.792782,21.028616,21.681005,18.97948,18.846764,4.0,0.0,0.0,0.0,0.0,4.0,0.0,0.0
37957,2023.0,9.0,21.0,14.0,20.279755,20.360174,20.00291,20.455387,20.754032,21.182955,20.2989,20.38108,19.059061,18.908888,19.542175,19.535854,20.582897,20.438704,21.283783,22.131329,18.87039,18.740671,4.0,4.0,0.0,0.0,0.0,0.0,4.0,0.0
37958,2023.0,9.0,21.0,14.0,19.911066,19.914387,20.007736,20.453522,20.622839,21.037275,20.529121,21.07306,18.9753,18.825726,19.266752,19.172758,20.289429,20.085934,20.392698,20.365227,18.850939,18.769106,4.0,4.0,4.0,0.0,0.0,0.0,0.0,0.0
37959,2023.0,9.0,21.0,14.0,19.765297,19.759865,20.007156,20.44443,20.578321,20.993656,20.07825,20.139477,19.695906,20.250973,19.183016,19.082634,20.191273,19.987423,19.918245,19.761976,18.819277,18.744516,4.0,4.0,0.0,4.0,0.0,0.0,0.0,0.0
37960,2023.0,9.0,21.0,14.0,20.476843,21.19872,20.025543,20.48992,20.544458,20.9611,19.645273,19.524658,20.009304,20.597567,19.12608,19.025938,20.11827,19.917463,19.745758,19.580164,18.778479,18.705673,0.0,4.0,0.0,4.0,0.0,0.0,0.0,0.0
37961,2023.0,9.0,21.0,14.0,20.570246,21.161842,19.851164,20.123173,20.516611,20.93426,19.469427,19.328363,20.026922,20.605515,19.44123,19.66111,20.904364,21.47731,19.63748,19.474339,18.740118,18.668766,4.0,4.0,0.0,0.0,4.0,4.0,0.0,0.0
37962,2023.0,9.0,21.0,15.0,19.967028,20.046335,20.052847,20.5502,20.494017,20.912184,19.444403,19.38159,19.42149,19.397278,20.069061,20.712393,20.437244,20.377817,20.621996,21.4235,18.704674,18.63454,0.0,4.0,0.0,0.0,0.0,0.0,4.0,0.0
37963,2023.0,9.0,21.0,15.0,19.688244,19.709019,19.514935,19.494707,19.939672,19.895618,19.402756,19.356071,19.084991,18.95389,19.545912,19.624842,20.827682,21.288595,20.029512,20.005898,18.672691,18.604656,0.0,0.0,0.0,0.0,0.0,4.0,0.0,0.0
37964,2023.0,9.0,21.0,15.0,19.607073,19.624565,19.333826,19.277782,20.309853,20.716824,20.037897,20.597788,18.990387,18.849356,19.278896,19.203363,20.321241,20.242744,19.718147,19.566198,18.646475,18.58032,0.0,4.0,4.0,0.0,0.0,0.0,0.0,0.0
37965,2023.0,9.0,21.0,15.0,19.550724,19.57323,19.703741,20.041525,20.395954,20.829758,20.08154,20.543877,18.985489,18.901508,19.1898,19.102592,20.842552,21.320587,19.604975,19.452751,18.62171,18.55812,4.0,4.0,4.0,0.0,0.0,4.0,0.0,0.0
37966,2023.0,9.0,21.0,15.0,19.580545,19.685595,20.046785,20.629717,20.401987,20.835983,19.5419,19.51667,19.678522,20.24486,19.131893,19.045431,21.008934,21.539505,20.496336,21.20959,18.599024,18.538328,0.0,4.0,0.0,4.0,0.0,4.0,4.0,0.0
37967,2023.0,9.0,21.0,15.0,19.564138,19.67743,19.553528,19.63181,20.409788,20.846195,19.265114,19.159773,20.044094,20.724669,19.078144,18.99603,20.39288,20.32647,19.94155,19.910315,18.574377,18.516556,0.0,4.0,0.0,0.0,0.0,0.0,0.0,0.0
37968,2023.0,9.0,21.0,16.0,20.241959,20.987741,19.689705,20.044937,19.868502,19.834892,19.173626,19.063173,19.377468,19.37246,19.395641,19.638365,20.105305,19.946978,19.586132,19.462997,18.55008,18.495113,4.0,0.0,0.0,0.0,4.0,0.0,0.0,0.0
37969,2023.0,9.0,21.0,16.0,19.705332,19.818436,20.056416,20.664133,20.246588,20.661486,19.87194,20.430378,19.795,20.28003,20.079798,20.827038,20.759834,21.253384,19.481031,19.347189,18.526825,18.472912,0.0,4.0,4.0,4.0,0.0,4.0,0.0,0.0
37970,2023.0,9.0,21.0,16.0,20.121439,20.771866,19.450008,19.435125,20.381372,20.814644,19.45597,19.436571,20.008413,20.534575,19.812254,20.185831,20.305426,20.225496,19.40206,19.26856,18.501703,18.449091,0.0,4.0,0.0,4.0,4.0,0.0,0.0,0.0
37971,2023.0,9.0,21.0,16.0,20.291214,20.908855,19.11489,18.991566,19.81517,19.753635,19.154306,19.04543,20.02778,20.57565,20.066425,20.687529,20.030813,19.866276,19.396496,19.325333,18.476173,18.424631,0.0,0.0,0.0,0.0,0.0,0.0,0.0,0.0
37972,2023.0,9.0,21.0,16.0,20.33357,20.942694,19.0776,19.014135,20.147524,20.555912,19.705347,20.144838,19.425983,19.395838,19.44016,19.42359,19.940592,19.771597,19.366385,19.303059,19.360268,20.119598,0.0,4.0,4.0,0.0,0.0,0.0,0.0,4.0
37973,2023.0,9.0,21.0,16.0,20.366327,20.969957,19.506927,19.854935,20.251787,20.681519,19.85495,20.30921,19.155437,19.015392,19.14307,18.986774,19.972574,19.889572,19.32587,19.264446,20.103003,21.275534,4.0,4.0,4.0,0.0,0.0,0.0,0.0,0.0
37974,2023.0,9.0,21.0,17.0,19.807787,19.895086,20.070126,20.769194,20.266666,20.689219,19.349194,19.319595,19.701468,20.154436,19.089067,19.004145,20.714415,21.320492,19.283115,19.225266,19.093462,19.145916,0.0,4.0,0.0,4.0,0.0,4.0,0.0,0.0
37975,2023.0,9.0,21.0,17.0,19.508953,19.508322,19.496773,19.583181,19.726595,19.665705,19.714613,20.151752,20.045359,20.652994,19.038134,18.965384,20.188911,20.111195,19.239403,19.182571,18.624952,18.532484,0.0,0.0,4.0,0.0,0.0,0.0,0.0,0.0
37976,2023.0,9.0,21.0,17.0,19.407461,19.392483,19.165068,19.13257,20.054813,20.451853,19.881342,20.313875,19.376144,19.324907,18.970533,18.90076,20.607626,21.091759,19.196514,19.141027,18.556908,18.503988,0.0,4.0,4.0,0.0,0.0,4.0,0.0,0.0
37977,2023.0,9.0,21.0,17.0,19.360542,19.3512,19.074728,19.019037,19.613657,19.555964,19.907167,20.329033,19.101353,18.95179,18.914717,18.846607,20.748896,21.254595,20.177961,21.031855,19.416908,20.168045,0.0,0.0,4.0,0.0,0.0,4.0,4.0,4.0
37978,2023.0,9.0,21.0,17.0,20.136715,20.86201,19.452545,19.770374,19.997736,20.371223,19.926895,20.34046,19.057842,18.980606,18.860048,18.793924,20.78858,21.283564,20.325788,21.070131,20.054491,21.116915,4.0,4.0,4.0,0.0,0.0,4.0,4.0,4.0
37979,2023.0,9.0,21.0,17.0,20.254932,20.830647,20.076967,20.800993,19.606907,19.525097,19.381805,19.300888,18.997208,18.933195,18.800802,18.735567,20.821583,21.306755,19.490717,19.428713,20.031897,20.96765,0.0,0.0,0.0,0.0,0.0,4.0,0.0,0.0
37980,2023.0,9.0,21.0,18.0,20.241215,20.794628,19.364098,19.333727,19.92902,20.292036,19.718746,20.102047,18.922812,18.863134,18.746147,18.684607,20.175505,20.063272,19.137953,19.000162,19.104286,19.087242,0.0,4.0,4.0,0.0,0.0,0.0,0.0,0.0
37981,2023.0,9.0,21.0,18.0,21.137285,22.365484,19.400555,19.518557,21.13855,22.345083,21.196346,22.64641,19.593401,20.18542,18.697874,18.63627,21.149347,21.877188,21.319992,22.860046,18.756098,18.60756,4.0,4.0,0.0,4.0,0.0,0.0,0.0,0.0
37982,2023.0,9.0,21.0,18.0,20.994308,21.943441,20.098719,20.75355,21.025326,21.995527,21.019377,22.114143,20.057987,20.83215,18.642843,18.579626,21.017025,21.600855,21.010298,22.131544,19.516682,20.181755,0.0,0.0,0.0,0.0,0.0,0.0,0.0,4.0
37983,2023.0,9.0,21.0,18.0,21.014109,21.908684,19.359165,19.25606,21.038446,21.9229,21.042871,22.04431,19.830923,20.270704,18.591051,18.528101,21.029293,21.587479,21.035936,22.075819,20.035929,20.88479,0.0,0.0,0.0,4.0,0.0,0.0,0.0,4.0
37984,2023.0,9.0,21.0,18.0,21.010513,21.851374,19.0864,18.990547,21.00876,21.775463,21.029146,21.954926,20.073444,20.759552,18.540215,18.47554,21.020033,21.556145,21.030598,21.991734,20.035252,20.843409,0.0,4.0,0.0,0.0,0.0,0.0,0.0,0.0
37985,2023.0,9.0,21.0,18.0,21.012133,21.816006,19.45475,19.740717,21.04216,21.816803,21.03173,21.913567,19.870058,20.277548,18.867214,19.132008,21.021402,21.548199,21.032373,21.941818,19.108797,19.000162,4.0,0.0,0.0,4.0,4.0,0.0,0.0,0.0
37986,2023.0,9.0,21.0,19.0,21.011583,21.786589,20.077469,20.776278,21.010235,21.695435,21.031237,21.878386,20.326853,21.214632,20.162544,21.320383,21.021385,21.540045,21.03191,21.902464,18.663145,18.468563,0.0,4.0,0.0,0.0,0.0,0.0,0.0,0.0
37987,2023.0,9.0,21.0,19.0,21.011438,21.763556,19.830795,20.195646,21.041935,21.754732,21.030851,21.85152,19.89406,20.277002,19.240135,19.352896,21.136591,21.72752,21.038458,21.84306,18.507246,18.307539,4.0,0.0,0.0,4.0,0.0,4.0,4.0,0.0
37988,2023.0,9.0,21.0,19.0,21.01075,21.743212,20.061945,20.63202,21.034386,21.715528,21.029753,21.829248,20.065369,20.651012,18.727743,18.654846,21.011269,21.484785,21.043098,21.864712,18.533375,18.466139,4.0,0.0,0.0,0.0,0.0,0.0,0.0,0.0
37989,2023.0,9.0,21.0,19.0,21.011135,21.728365,20.006954,20.478271,21.036474,21.698317,21.004766,21.743313,19.267447,19.082853,18.604488,18.520126,21.0318,21.513958,21.038109,21.828077,18.499104,18.436295,4.0,0.0,4.0,0.0,0.0,0.0,0.0,0.0
37990,2023.0,9.0,21.0,19.0,21.03915,21.790369,20.015015,20.463432,20.999332,21.60734,21.036,21.819153,19.590933,19.99461,18.525057,18.436144,21.028872,21.49696,21.038244,21.805227,18.434021,18.36451,4.0,4.0,0.0,4.0,0.0,0.0,0.0,0.0
37991,2023.0,9.0,21.0,19.0,21.004229,21.681738,20.032736,20.49103,21.044077,21.701029,21.013138,21.72234,20.078634,20.742418,18.459589,18.367735,21.01996,21.488407,21.03767,21.785294,18.374659,18.302713,0.0,0.0,4.0,0.0,0.0,0.0,0.0,0.0
37992,2023.0,9.0,21.0,20.0,21.011158,21.68473,19.317663,19.096899,21.035545,21.66847,21.045195,21.786827,19.825136,20.163301,18.404043,18.312386,21.021338,21.496132,21.029299,21.771078,19.224554,19.953619,0.0,0.0,0.0,4.0,0.0,0.0,0.0,4.0
37993,2023.0,9.0,21.0,20.0,21.01104,21.67601,18.895739,18.548307,21.036268,21.655027,21.012619,21.681181,20.072775,20.686142,18.349628,18.254402,21.021334,21.499329,21.030518,21.773006,20.120766,21.276869,0.0,0.0,4.0,0.0,0.0,0.0,0.0,0.0
37994,2023.0,9.0,21.0,20.0,21.038599,21.744667,18.921448,18.747328,20.999388,21.570925,21.044947,21.753397,19.234472,19.032942,18.299776,18.203115,21.141481,21.705492,21.030481,21.771414,18.92143,18.797268,0.0,4.0,0.0,0.0,0.0,4.0,0.0,0.0
37995,2023.0,9.0,21.0,20.0,21.032427,21.718466,19.354797,19.589636,21.033384,21.668877,21.01176,21.652393,18.779222,18.486416,18.248995,18.147207,21.01404,21.461082,21.113623,21.888523,18.378975,18.143297,4.0,0.0,4.0,0.0,0.0,0.0,4.0,0.0
37996,2023.0,9.0,21.0,20.0,21.005985,21.631804,20.100111,20.83767,21.011492,21.584042,21.04544,21.731283,18.810444,18.705301,18.202698,18.097729,21.001587,21.408203,21.030893,21.745874,18.39609,18.31572,0.0,4.0,0.0,0.0,0.0,4.0,0.0,0.0
37997,2023.0,9.0,21.0,20.0,21.012218,21.640083,19.419922,19.430965,21.016314,21.583054,21.039198,21.706728,18.776028,18.673843,18.159664,18.052633,21.005495,21.41706,20.999577,21.644678,18.359936,18.272245,0.0,4.0,0.0,0.0,0.0,4.0,4.0,0.0
37998,2023.0,9.0,21.0,21.0,21.040337,21.714315,19.015303,18.873806,21.015793,21.574558,21.039154,21.695105,18.693169,18.586576,18.116243,18.004353,21.00528,21.417997,21.04918,21.770052,18.292759,18.20131,0.0,4.0,0.0,0.0,0.0,4.0,0.0,0.0
37999,2023.0,9.0,21.0,21.0,21.032187,21.689543,18.906109,18.754734,21.043135,21.642214,21.027418,21.685886,18.621319,18.514288,18.44664,18.657665,21.005976,21.419981,21.036776,21.735079,18.236324,18.144073,0.0,0.0,0.0,0.0,4.0,4.0,0.0,0.0
38000,2023.0,9.0,21.0,21.0,21.216688,22.048887,18.83911,18.689404,21.213404,21.970615,21.003515,21.625534,18.557577,18.451437,20.239944,21.682104,21.303726,22.015436,21.039707,21.730112,18.186335,18.094158,0.0,0.0,4.0,0.0,0.0,4.0,0.0,0.0
38001,2023.0,9.0,21.0,21.0,21.02228,21.66911,19.176434,19.370802,21.03681,21.600073,21.034534,21.71772,19.1853,19.684174,19.374683,19.753716,21.036316,21.491415,21.039518,21.720592,18.139387,18.045774,4.0,0.0,0.0,4.0,4.0,0.0,0.0,0.0
38002,2023.0,9.0,21.0,21.0,21.02393,21.682848,20.119013,20.962261,21.011072,21.520018,21.041286,21.707165,20.113438,21.140299,20.161459,21.317383,21.031721,21.473812,21.028877,21.712824,18.096313,18.001057,0.0,4.0,0.0,0.0,0.0,0.0,0.0,0.0
38003,2023.0,9.0,21.0,21.0,21.023863,21.688446,19.739334,20.078188,21.042747,21.602428,21.040218,21.686708,19.561365,19.874,19.214159,19.288612,21.032097,21.465971,21.03045,21.723402,18.056854,17.960524,4.0,0.0,0.0,4.0,4.0,0.0,0.0,0.0
38004,2023.0,9.0,21.0,22.0,21.023851,21.69164,20.094429,20.767395,21.036892,21.584362,21.027412,21.672428,20.377298,21.4512,20.220228,21.211401,21.001448,21.378956,21.030462,21.728071,18.019564,17.921497,0.0,0.0,0.0,4.0,4.0,4.0,0.0,0.0
38005,2023.0,9.0,21.0,22.0,20.998749,21.622854,19.167994,18.893042,21.02458,21.578566,21.029045,21.681074,20.032244,20.723587,20.025837,20.798948,21.037508,21.473413,21.030346,21.730755,17.985691,17.887146,0.0,0.0,0.0,0.0,0.0,0.0,0.0,0.0
38006,2023.0,9.0,21.0,22.0,21.041815,21.712435,18.652475,18.22843,21.026234,21.592606,21.0288,21.683464,19.061464,18.80062,18.982721,18.728807,21.031801,21.456608,21.030554,21.732763,18.714603,19.290455,0.0,0.0,0.0,0.0,0.0,0.0,0.0,4.0
38007,2023.0,9.0,21.0,22.0,21.006392,21.606277,18.718391,18.504293,21.02602,21.599106,21.028912,21.684769,19.185158,19.390484,18.629063,18.481863,21.032486,21.452757,21.030642,21.73383,20.176767,21.64457,0.0,0.0,0.0,4.0,0.0,0.0,0.0,0.0
38008,2023.0,9.0,21.0,22.0,21.040625,21.689066,18.756218,18.582302,21.02617,21.603765,21.02876,21.684484,20.144228,20.973068,18.561472,18.428816,21.020771,21.448343,21.030546,21.734144,18.704123,18.552906,0.0,0.0,0.0,0.0,0.0,0.0,0.0,0.0
38009,2023.0,9.0,21.0,22.0,21.034063,21.665497,18.716518,18.548046,21.026165,21.606476,21.02882,21.684332,19.05909,18.805868,18.745295,18.865675,21.022247,21.463655,21.030622,21.734413,18.063202,17.78153,0.0,0.0,0.0,0.0,4.0,0.0,0.0,0.0
38010,2023.0,9.0,21.0,23.0,21.007032,21.582178,18.670149,18.502035,21.026318,21.608362,21.003012,21.612577,18.750998,18.62871,20.2327,21.371954,21.022465,21.472855,21.030762,21.734667,18.087934,17.97514,0.0,0.0,4.0,0.0,0.0,0.0,0.0,0.0
38011,2023.0,9.0,21.0,23.0,20.723751,21.04127,18.62867,18.460442,20.368856,20.346912,20.284035,20.268784,18.69105,18.571177,19.175262,19.238731,21.124537,21.648693,20.219296,20.173218,18.079971,17.976713,0.0,0.0,0.0,0.0,0.0,4.0,0.0,0.0
38012,2023.0,9.0,21.0,23.0,20.031998,19.816475,18.596582,18.427397,20.031742,19.862421,19.64912,19.211145,18.613884,18.491596,18.736698,18.605415,20.204248,19.86439,19.900572,19.775555,18.036049,17.932753,0.0,0.0,0.0,0.0,0.0,0.0,0.0,0.0
38013,2023.0,9.0,21.0,23.0,19.727993,19.417852,18.565363,18.39595,19.880228,19.695204,19.999744,20.064304,18.542204,18.418919,18.601984,18.464003,19.873837,19.455498,19.742682,19.614712,17.99108,17.88708,0.0,0.0,4.0,0.0,0.0,0.0,0.0,0.0
38014,2023.0,9.0,21.0,23.0,19.57947,19.272821,18.536322,18.367727,19.772118,19.587915,19.468723,19.055208,18.479126,18.356394,18.792757,18.913076,19.73828,19.328299,19.614399,19.487486,17.950264,17.846397,0.0,0.0,0.0,0.0,4.0,0.0,0.0,0.0
38015,2023.0,9.0,21.0,23.0,19.702307,19.640263,18.50796,18.340033,19.679077,19.495564,19.222822,18.766323,18.420046,18.297365,18.53277,18.41774,19.865044,19.703821,19.502378,19.375502,18.650387,19.199802,0.0,0.0,0.0,0.0,0.0,0.0,0.0,4.0
38016,2023.0,9.0,22.0,0.0,19.70574,19.693792,18.480694,18.313412,19.596956,19.41449,19.102482,18.65183,18.949791,19.340914,18.383753,18.246191,19.840557,19.690493,19.403059,19.276272,18.137457,18.068548,0.0,0.0,0.0,4.0,0.0,0.0,0.0,0.0
38017,2023.0,9.0,22.0,0.0,19.655506,19.649277,18.454763,18.288647,19.523296,19.342161,19.238531,19.032814,18.524319,18.424555,18.302843,18.165121,19.77887,19.62978,19.313898,19.18726,17.802084,17.529305,0.0,0.0,0.0,0.0,0.0,0.0,0.0,0.0
38018,2023.0,9.0,22.0,0.0,19.599457,19.59222,18.428566,18.26242,19.452875,19.269571,19.248129,19.077494,18.371449,18.246576,18.227564,18.086746,19.71996,19.56927,19.23104,19.102346,17.684748,17.400385,0.0,0.0,0.0,0.0,0.0,0.0,0.0,0.0
38019,2023.0,9.0,22.0,0.0,19.551302,19.548653,18.406204,18.243166,19.396576,19.219791,19.20242,19.037685,18.908648,19.310894,18.167784,18.031776,19.669516,19.522078,19.161081,19.036222,17.778662,17.662188,0.0,0.0,0.0,4.0,0.0,0.0,0.0,0.0
38020,2023.0,9.0,22.0,0.0,19.503769,19.503286,18.383356,18.2222,19.341526,19.167772,19.15364,18.992313,18.27781,17.988317,18.110743,17.976496,19.621328,19.475348,19.09517,18.972048,17.779106,17.675287,0.0,0.0,0.0,0.0,0.0,0.0,0.0,0.0
38021,2023.0,9.0,22.0,0.0,19.455168,19.45274,18.359013,18.197584,19.285273,19.109371,19.101131,18.938223,18.041899,17.709232,18.053867,17.916723,19.573338,19.425543,19.030405,18.905022,17.751345,17.647583,0.0,0.0,0.0,0.0,0.0,0.0,0.0,0.0
38022,2023.0,9.0,22.0,1.0,19.413147,19.413061,18.337603,18.178366,19.238384,19.066296,19.056217,18.897053,18.175764,18.066954,18.00628,17.871498,19.531878,19.385714,18.974098,18.850506,17.723883,17.621052,0.0,0.0,0.0,0.0,0.0,0.0,0.0,0.0
38023,2023.0,9.0,22.0,1.0,19.371399,19.371965,18.314674,18.155622,19.19221,19.021559,19.01134,18.853594,18.74697,19.15041,17.96043,17.826155,19.491585,19.345438,18.920467,18.797407,17.695587,17.592434,0.0,0.0,0.0,4.0,0.0,0.0,0.0,0.0
38024,2023.0,9.0,22.0,1.0,19.328165,19.326033,18.289663,18.128822,19.14451,18.971632,18.964588,18.804665,18.709814,18.921288,17.913641,17.776691,19.450712,19.302242,18.866861,18.74161,17.66605,17.561012,0.0,0.0,0.0,4.0,0.0,0.0,0.0,0.0
38025,2023.0,9.0,22.0,1.0,19.289904,19.287746,18.266533,18.105534,19.102026,18.930096,18.924135,18.765392,18.143942,17.843601,17.871788,17.735048,19.413593,19.264936,18.81823,18.693287,17.638395,17.53295,0.0,0.0,0.0,0.0,0.0,0.0,0.0,0.0
38026,2023.0,9.0,22.0,1.0,19.249542,19.243555,18.240955,18.077173,19.056688,18.881016,18.880518,18.719246,17.929174,17.585112,17.827734,17.687271,19.375065,19.223442,18.7686,18.640846,17.609192,17.501408,0.0,0.0,0.0,0.0,0.0,0.0,0.0,0.0
38027,2023.0,9.0,22.0,1.0,19.215164,19.210459,18.219164,18.056358,19.643312,20.020216,18.843405,18.684795,18.668718,19.089241,17.790548,17.65184,19.34147,19.190706,18.72501,18.59869,18.312824,18.849585,0.0,4.0,0.0,4.0,0.0,0.0,0.0,4.0
38028,2023.0,9.0,22.0,2.0,19.178843,19.172602,18.195425,18.031515,19.267721,19.20438,18.804756,18.645662,18.072224,17.780298,17.751589,17.611574,19.306879,19.154795,18.680887,18.553553,17.828665,17.770435,0.0,0.0,0.0,0.0,0.0,0.0,0.0,0.0
38029,2023.0,9.0,22.0,2.0,19.143417,19.135233,18.171753,18.006622,18.818134,18.397186,18.7672,18.607197,18.440836,18.636065,18.01504,18.136341,19.273167,19.119608,18.63827,18.509647,17.48808,17.206102,0.0,0.0,0.0,4.0,4.0,0.0,0.0,0.0
38030,2023.0,9.0,22.0,2.0,19.109163,19.099182,18.148514,17.982195,18.649012,18.195915,18.730944,18.570147,18.560854,18.751244,17.784582,17.642529,19.240396,19.085503,18.597082,18.467346,17.375214,17.080667,0.0,0.0,0.0,4.0,0.0,0.0,0.0,0.0
38031,2023.0,9.0,22.0,2.0,19.076939,19.06594,18.126316,17.959326,18.805922,18.596693,18.69645,18.53576,18.009596,17.69348,17.695982,17.551414,19.208876,19.053366,18.55753,18.427494,17.474922,17.349474,0.0,0.0,0.0,0.0,0.0,0.0,0.0,0.0
38032,2023.0,9.0,22.0,2.0,19.043266,19.028902,18.102299,17.932734,18.837175,18.655987,18.660124,18.497099,17.794127,17.433664,17.652573,17.505331,19.176037,19.018097,18.516766,18.384472,17.479122,17.364927,0.0,0.0,0.0,0.0,0.0,0.0,0.0,0.0
38033,2023.0,9.0,22.0,2.0,19.01241,18.99729,18.080523,17.910809,18.811771,18.634321,18.62736,18.464916,17.931433,17.806181,17.613491,17.466433,19.145702,18.987337,18.478868,18.346392,17.454197,17.339476,0.0,0.0,0.0,0.0,0.0,0.0,0.0,0.0
38034,2023.0,9.0,22.0,3.0,18.980473,18.963467,18.057154,17.88578,18.781216,18.603039,18.593508,18.4298,17.909672,17.773882,17.574902,17.42584,19.114819,18.954908,18.440767,18.30701,17.426834,17.31079,0.0,0.0,0.0,0.0,0.0,0.0,0.0,0.0
38035,2023.0,9.0,22.0,3.0,18.95002,18.932161,18.035173,17.863565,18.750526,18.572834,18.56187,18.398514,17.870398,17.734447,17.86096,17.994493,19.085423,18.925055,18.404392,18.2704,17.39973,17.283178,0.0,0.0,0.0,0.0,4.0,0.0,0.0,0.0
38036,2023.0,9.0,22.0,3.0,18.920017,18.90135,18.013054,17.840881,18.71956,18.542059,18.530598,18.367268,17.832254,17.696007,17.61317,17.464487,19.056282,18.895376,18.368597,18.234335,17.37262,17.25554,0.0,0.0,0.0,0.0,0.0,0.0,0.0,0.0
38037,2023.0,9.0,22.0,3.0,18.888445,18.866976,17.989313,17.814667,18.686615,18.507141,18.497774,18.332272,17.792648,17.65409,17.52372,17.370806,19.025785,18.862837,18.331654,18.195576,17.344202,17.225332,0.0,0.0,0.0,0.0,0.0,0.0,0.0,0.0
38038,2023.0,9.0,22.0,3.0,18.858583,18.835634,17.966782,17.790974,18.655363,18.475336,18.466787,18.300583,17.755281,17.615805,17.482687,17.328842,18.996323,18.832338,18.295984,18.159107,17.316557,17.196732,0.0,0.0,0.0,0.0,0.0,0.0,0.0,0.0
38039,2023.0,9.0,22.0,3.0,18.838442,18.82341,17.944126,17.767193,18.62442,18.443796,18.436121,18.269207,17.718634,17.57823,17.442621,17.287785,18.966862,18.801826,18.260532,18.12284,17.288828,17.168041,0.0,0.0,0.0,0.0,0.0,0.0,0.0,0.0
38040,2023.0,9.0,22.0,4.0,18.820717,18.813852,17.921362,17.743317,18.593773,18.41251,18.405739,18.238096,17.682598,17.541248,17.404577,17.248674,18.93734,18.771246,18.225218,18.0867,17.260975,17.139215,0.0,0.0,0.0,0.0,0.0,0.0,0.0,0.0
38041,2023.0,9.0,22.0,4.0,18.794899,18.786757,17.89875,17.719843,18.56361,18.381884,18.375826,18.20765,17.647203,17.505028,17.367563,17.210741,18.90785,18.740784,18.19012,18.050869,17.233118,17.110504,0.0,0.0,0.0,0.0,0.0,0.0,0.0,0.0
38042,2023.0,9.0,22.0,4.0,18.767897,18.758095,17.876125,17.696358,18.533754,18.351532,18.346203,18.177471,17.612352,17.469343,17.3314,17.173649,18.878378,18.710337,18.155201,18.015211,17.205225,17.081755,0.0,0.0,0.0,0.0,0.0,0.0,0.0,0.0
38043,2023.0,9.0,22.0,4.0,18.741838,18.731411,17.854836,17.675472,18.505644,18.324265,18.318302,18.150352,17.579376,17.436764,17.606617,17.7199,18.850039,18.68203,18.12158,17.98183,17.17828,17.054808,0.0,0.0,0.0,0.0,4.0,0.0,0.0,0.0
38044,2023.0,9.0,22.0,4.0,18.714869,18.703201,17.832577,17.652615,18.476631,18.29508,18.289545,18.121353,18.13855,18.517477,17.378756,17.228855,18.82103,18.652393,18.087406,17.947283,17.150692,17.02668,0.0,0.0,0.0,4.0,0.0,0.0,0.0,0.0
38045,2023.0,9.0,22.0,4.0,19.427187,20.066292,17.810558,17.629921,18.447878,18.26617,18.26114,18.092684,17.739668,17.639013,17.283525,17.12434,18.792196,18.623001,18.05354,17.913128,17.123219,16.99874,0.0,0.0,0.0,0.0,0.0,0.0,0.0,0.0
38046,2023.0,9.0,22.0,5.0,18.953934,19.016356,17.787987,17.606173,18.418653,18.23614,18.232244,18.062904,17.586763,17.44226,17.243427,17.084028,18.762987,18.592659,18.01922,17.877876,17.095238,16.969757,0.0,0.0,0.0,0.0,0.0,0.0,0.0,0.0
38047,2023.0,9.0,22.0,5.0,18.486778,18.1887,17.765734,17.5833,18.390144,18.207376,18.203978,18.034332,17.538395,17.39349,17.204195,17.044422,19.472792,19.959915,17.985697,17.844065,17.067793,16.94186,0.0,0.0,0.0,0.0,0.0,4.0,0.0,0.0
38048,2023.0,9.0,22.0,5.0,18.33609,18.017403,17.743265,17.560125,18.361782,18.17854,18.175697,18.00559,17.494404,17.348854,17.166796,17.006287,19.720331,20.2801,17.95214,17.810059,17.76899,18.285542,0.0,0.0,0.0,0.0,0.0,4.0,0.0,4.0
38049,2023.0,9.0,22.0,5.0,18.507034,18.435848,17.720903,17.537264,18.334066,18.150454,18.147915,17.977499,17.454363,17.308426,17.130638,16.969786,18.817343,18.462605,17.91884,17.77657,18.068708,18.680542,0.0,0.0,0.0,0.0,0.0,0.0,0.0,4.0
38050,2023.0,9.0,22.0,5.0,18.558872,18.532368,17.6974,17.512178,18.305382,18.120102,18.119463,17.947287,17.414238,17.266369,17.402544,17.509932,18.530237,18.086325,17.88421,17.740444,17.935257,18.293867,0.0,0.0,0.0,0.0,4.0,0.0,0.0,4.0
38051,2023.0,9.0,22.0,5.0,18.541489,18.516775,17.675577,17.4904,18.278576,18.09363,18.093481,17.921295,17.94793,18.300116,17.502348,17.629885,19.20746,19.454443,18.847427,19.583767,17.204212,16.90016,0.0,0.0,0.0,4.0,4.0,4.0,4.0,0.0
38052,2023.0,9.0,22.0,6.0,18.516989,18.490797,17.652784,17.466223,18.250492,18.064346,18.066305,17.89265,17.550528,17.427797,17.214464,17.068014,19.345833,19.583406,18.899908,19.425926,16.961617,16.618992,0.0,0.0,0.0,0.0,0.0,4.0,4.0,0.0
38053,2023.0,9.0,22.0,6.0,21.267996,23.39178,17.632486,17.446728,21.362537,23.444492,21.375292,23.609089,17.195597,16.8316,17.103872,16.94169,21.199165,22.831764,21.360638,23.722107,16.863306,16.526848,0.0,0.0,0.0,0.0,0.0,4.0,0.0,0.0
38054,2023.0,9.0,22.0,6.0,21.001093,22.561424,18.043505,18.240206,20.997482,22.539293,20.997622,22.664373,17.021168,16.641857,17.04798,16.885036,21.038574,22.312105,21.026306,22.746954,16.77196,16.4349,4.0,0.0,0.0,0.0,0.0,0.0,0.0,0.0
38055,2023.0,9.0,22.0,6.0,21.047026,22.46975,20.25262,21.976908,21.051327,22.447025,21.055183,22.566168,17.750137,18.112783,17.305187,17.408087,21.026741,22.112812,21.0686,22.621416,16.890736,16.747938,4.0,0.0,0.0,4.0,4.0,4.0,0.0,0.0
38056,2023.0,9.0,22.0,6.0,21.041267,22.337303,20.014053,21.227537,21.01939,22.230461,21.04773,22.40953,20.419653,22.611443,20.406723,22.572521,21.027758,22.009953,21.06232,22.46213,16.927681,16.798353,4.0,4.0,0.0,0.0,4.0,4.0,0.0,0.0
38057,2023.0,9.0,22.0,6.0,21.04074,22.251802,20.06163,21.155756,21.049097,22.221796,21.022373,22.239824,18.306328,18.133589,20.027308,21.633625,21.05608,22.00913,21.04736,22.354538,17.671934,18.226048,0.0,0.0,4.0,0.0,0.0,0.0,0.0,4.0
38058,2023.0,9.0,22.0,7.0,21.039883,22.189495,18.708298,18.424803,21.058973,22.140566,21.051195,22.250238,17.977072,18.087595,18.319807,18.116276,21.049799,21.931429,21.04833,22.29697,20.323893,22.665905,0.0,0.0,0.0,4.0,0.0,0.0,0.0,0.0
38059,2023.0,9.0,22.0,7.0,21.012394,22.070526,18.21979,17.990322,21.030869,21.992039,21.061188,22.182531,20.367725,22.118511,17.686266,17.51358,21.04927,21.879843,21.047043,22.248934,18.821127,19.304478,0.0,4.0,0.0,0.0,0.0,0.0,0.0,4.0
38060,2023.0,9.0,22.0,7.0,21.044355,22.12559,18.160612,17.958294,21.060686,22.023077,21.058588,22.113094,18.486973,18.291199,17.945396,18.080042,21.018164,21.76024,21.046429,22.211535,20.276394,22.179802,0.0,0.0,0.0,0.0,4.0,4.0,0.0,0.0
38061,2023.0,9.0,22.0,7.0,21.052649,22.085752,18.068626,17.869846,21.028505,21.898256,21.041355,22.062681,17.861935,17.701946,20.337963,22.097818,21.05276,21.825502,21.006111,22.074541,18.322445,18.13409,0.0,4.0,0.0,0.0,4.0,0.0,4.0,0.0
38062,2023.0,9.0,22.0,7.0,21.050362,22.03987,17.986172,17.78565,21.033443,21.88149,21.017048,21.977945,18.500902,18.991852,20.031717,21.37753,21.046127,21.785442,21.0266,22.073843,17.467152,17.119968,0.0,4.0,4.0,4.0,0.0,0.0,4.0,0.0
38063,2023.0,9.0,22.0,7.0,21.00797,21.934185,17.91897,17.719797,21.058115,21.930876,21.047462,22.050882,20.198725,21.765749,18.484175,18.24214,21.046284,21.76195,21.06337,22.145775,17.470476,17.337,0.0,0.0,0.0,4.0,0.0,0.0,0.0,0.0
38064,2023.0,9.0,22.0,8.0,21.057657,22.02535,17.85729,17.65695,21.025953,21.825027,21.031513,21.955877,20.037624,21.275059,18.312761,18.48311,21.031277,21.739468,21.05472,22.094524,17.427122,17.297176,0.0,4.0,4.0,0.0,4.0,0.0,0.0,0.0
38065,2023.0,9.0,22.0,8.0,20.384804,20.678535,17.810635,17.617136,19.787485,19.47023,19.686861,19.382435,18.58575,18.345375,20.260283,21.834795,20.182972,20.108553,19.651535,19.367374,17.350471,17.230503,0.0,0.0,0.0,0.0,0.0,0.0,0.0,0.0
38066,2023.0,9.0,22.0,8.0,20.081856,20.348965,17.771408,17.58373,19.08262,18.583536,18.944363,18.462162,17.873085,17.49241,19.213627,19.598179,19.759203,19.599335,18.954237,18.559237,17.285679,17.171276,0.0,0.0,0.0,0.0,4.0,0.0,0.0,0.0
38067,2023.0,9.0,22.0,8.0,19.410124,19.166254,17.743546,17.560965,18.865196,18.355358,18.723795,18.23285,17.920246,17.74986,20.228199,21.375187,20.389238,20.90725,18.963001,18.7862,17.240946,17.13013,0.0,0.0,0.0,0.0,4.0,4.0,0.0,0.0
38068,2023.0,9.0,22.0,8.0,19.658195,19.901396,17.716404,17.539675,18.944324,18.697947,19.426271,19.75148,18.641872,19.160664,20.022526,20.961674,20.27634,20.513964,18.896307,18.755783,18.074648,18.743979,0.0,0.0,4.0,4.0,4.0,4.0,0.0,4.0
38069,2023.0,9.0,22.0,8.0,19.181437,18.962954,17.69231,17.521254,19.547394,19.880968,18.904682,18.585896,20.20608,21.731436,20.057331,20.979628,19.499943,19.13326,18.780561,18.649637,20.242598,22.26051,0.0,4.0,0.0,0.0,0.0,0.0,0.0,4.0
38070,2023.0,9.0,22.0,9.0,19.481283,19.751556,18.074598,18.2612,19.811693,20.255562,18.477427,18.057182,18.662212,18.522112,18.854858,18.618843,19.158424,18.744545,19.701275,20.486702,20.038473,21.616438,4.0,4.0,0.0,0.0,0.0,0.0,4.0,0.0
38071,2023.0,9.0,22.0,9.0,19.667973,20.018425,20.25231,21.966665,19.590498,19.783691,18.330214,17.91738,18.608593,18.88714,18.772337,18.927324,19.0448,18.642836,19.800722,20.354301,19.157944,19.690199,4.0,4.0,0.0,4.0,4.0,0.0,4.0,4.0
38072,2023.0,9.0,22.0,9.0,19.08607,18.9336,20.010057,21.2302,19.484554,19.66551,18.4345,18.236956,20.282036,21.703566,20.187944,21.378431,18.970861,18.585716,19.797153,20.356152,20.254486,21.848719,4.0,4.0,0.0,0.0,0.0,0.0,4.0,0.0
38073,2023.0,9.0,22.0,9.0,18.773052,18.55479,20.038866,21.123299,19.47343,19.673084,18.472887,18.319391,18.791754,18.676918,19.452642,19.817894,19.113789,18.941998,18.94878,18.731686,18.643358,18.561094,4.0,4.0,0.0,0.0,4.0,0.0,0.0,0.0
38074,2023.0,9.0,22.0,9.0,19.300556,19.656647,20.050592,21.050482,19.473589,19.694338,18.43778,18.297167,18.089472,17.787003,20.159393,21.227282,19.169594,19.034899,18.533272,18.237211,18.774221,19.282818,0.0,4.0,0.0,0.0,0.0,0.0,0.0,4.0
38075,2023.0,9.0,22.0,9.0,19.535072,19.96231,19.24888,19.407015,18.87701,18.597898,18.397236,18.265554,18.07537,17.927889,18.994595,18.859028,19.159428,19.031866,18.407106,18.117725,20.191956,21.6883,4.0,0.0,0.0,0.0,0.0,0.0,0.0,0.0
38076,2023.0,9.0,22.0,10.0,19.591969,20.038612,20.162922,21.285414,19.159252,19.34342,18.358658,18.234634,18.802908,19.335844,18.514622,18.360157,19.14576,19.021658,18.331625,18.055265,19.441444,20.01924,0.0,4.0,0.0,4.0,0.0,0.0,0.0,4.0
38077,2023.0,9.0,22.0,10.0,19.019564,18.957933,19.004747,18.927263,19.38603,19.668018,18.945961,19.377428,20.1745,21.564398,18.425993,18.283497,19.90747,20.47821,18.280216,18.019949,20.151386,21.46019,0.0,4.0,4.0,0.0,0.0,4.0,0.0,0.0
38078,2023.0,9.0,22.0,10.0,19.393034,19.848585,18.50696,18.389044,19.429354,19.7302,19.256107,19.778809,19.45043,19.919418,18.34375,18.207115,19.370754,19.208382,18.36287,18.237906,18.834614,18.798262,0.0,4.0,4.0,4.0,0.0,0.0,0.0,0.0
38079,2023.0,9.0,22.0,10.0,19.53991,20.03987,18.825165,19.073225,19.451876,19.771519,18.585749,18.450916,20.128235,21.206133,18.291973,18.157408,19.120825,18.836485,18.385101,18.283163,18.333363,18.09336,4.0,4.0,0.0,0.0,0.0,0.0,0.0,0.0
38080,2023.0,9.0,22.0,10.0,18.995155,18.99458,20.175287,21.421337,18.91705,18.774231,18.259848,18.04383,19.026356,18.975243,18.241415,18.112286,19.067663,18.794188,18.374533,18.277414,18.140202,17.91433,0.0,0.0,0.0,0.0,0.0,0.0,0.0,0.0
38081,2023.0,9.0,22.0,10.0,18.719145,18.651146,19.180319,19.353481,19.203688,19.495274,18.170141,17.96223,18.46183,18.248394,18.201561,18.077429,19.167774,19.030373,18.360594,18.266752,18.10312,17.982237,0.0,4.0,0.0,0.0,0.0,0.0,0.0,0.0
38082,2023.0,9.0,22.0,11.0,18.650034,18.589136,18.696123,18.607973,19.380066,19.766335,18.133362,17.944065,18.434942,18.31587,18.179668,18.05829,19.20755,19.097092,18.349274,18.257683,18.05749,17.952038,0.0,4.0,0.0,0.0,0.0,0.0,0.0,0.0
38083,2023.0,9.0,22.0,11.0,19.316082,19.891708,18.963665,19.235409,19.41915,19.81093,18.18802,18.099611,18.39261,18.282915,18.160576,18.041685,19.20819,19.098768,18.337719,18.246822,17.999157,17.899134,4.0,4.0,0.0,0.0,0.0,0.0,0.0,0.0
38084,2023.0,9.0,22.0,11.0,19.472132,20.06025,20.16232,21.362518,18.882914,18.795057,18.19313,18.124844,18.342033,18.234064,18.143305,18.02518,19.207775,19.098839,18.326801,18.236153,17.946577,17.848705,0.0,0.0,0.0,0.0,0.0,0.0,0.0,0.0
38085,2023.0,9.0,22.0,11.0,19.530207,20.119118,19.082617,19.135473,18.59044,18.420794,18.801054,19.293642,18.29004,18.18454,18.126974,18.010548,19.206835,19.098488,18.314753,18.224623,17.892603,17.79755,0.0,0.0,4.0,0.0,0.0,0.0,0.0,0.0
38086,2023.0,9.0,22.0,11.0,19.58118,20.17978,19.01067,19.193394,18.50557,18.33711,19.056484,19.640965,18.25335,18.146603,18.11772,18.001892,19.206804,19.099216,18.303703,18.213478,17.85194,17.756153,4.0,0.0,4.0,0.0,0.0,0.0,0.0,0.0
38087,2023.0,9.0,22.0,11.0,19.616825,20.21772,20.147274,21.27465,18.459146,18.306246,19.026312,19.49757,18.958046,19.505705,18.110416,17.996777,19.206598,19.100079,18.293526,18.204586,17.81938,17.727587,0.0,0.0,4.0,4.0,0.0,0.0,0.0,0.0
38088,2023.0,9.0,22.0,12.0,19.061985,19.157024,19.13849,19.203455,19.102894,19.578205,18.485746,18.465948,20.101778,21.326815,18.102583,17.991331,19.206083,19.101013,18.281893,18.19418,17.785206,17.696217,0.0,4.0,0.0,4.0,0.0,0.0,0.0,0.0
38089,2023.0,9.0,22.0,12.0,21.257212,23.212795,18.640678,18.59995,21.261152,23.20543,21.272568,23.540743,19.999525,20.975296,18.093193,17.982946,21.234509,22.65759,21.595093,23.985361,17.752169,17.66375,0.0,0.0,0.0,4.0,0.0,0.0,4.0,0.0
38090,2023.0,9.0,22.0,12.0,20.984068,22.41724,18.5007,18.444859,21.015493,22.476254,20.985407,22.63327,20.010277,20.898664,18.083271,17.973724,20.97767,22.015179,21.01189,22.648224,17.723112,17.635454,0.0,0.0,4.0,4.0,0.0,4.0,0.0,0.0
38091,2023.0,9.0,22.0,12.0,21.053162,22.434896,18.873318,19.230461,21.050625,22.38967,21.062222,22.612366,20.037935,20.907759,18.477577,18.72657,21.041882,22.027739,21.050518,22.523018,17.7002,17.614395,4.0,0.0,0.0,0.0,4.0,0.0,0.0,0.0
38092,2023.0,9.0,22.0,12.0,21.042356,22.317228,20.146315,21.39122,21.038826,22.274076,21.050575,22.45744,19.1826,19.202196,20.187841,21.665434,21.032032,21.907402,21.04569,22.3712,17.68238,17.599627,4.0,0.0,0.0,0.0,0.0,0.0,0.0,0.0
38093,2023.0,9.0,22.0,12.0,21.015512,22.176182,20.0237,21.030394,21.014261,22.139257,21.02543,22.294622,18.69,18.536379,19.133492,19.369442,21.001373,21.7547,21.044546,22.267517,17.666454,17.586405,0.0,4.0,4.0,0.0,0.0,4.0,0.0,0.0
38094,2023.0,9.0,22.0,13.0,21.04687,22.216032,19.099272,19.1689,21.043575,22.174606,21.02903,22.239998,18.541042,18.386078,18.889,19.164907,21.035553,21.796719,20.998016,22.085352,17.652256,17.575205,0.0,0.0,4.0,0.0,4.0,0.0,4.0,0.0
38095,2023.0,9.0,22.0,13.0,21.040207,22.165956,18.98281,19.240814,21.043917,22.124113,21.052902,22.262157,18.502918,18.398487,20.147812,21.386776,21.02923,21.743326,21.01121,22.063856,17.63735,17.561861,4.0,0.0,0.0,0.0,0.0,0.0,4.0,0.0
38096,2023.0,9.0,22.0,13.0,21.040222,22.136095,20.14413,21.263605,21.017502,22.012146,21.021616,22.139206,18.45431,18.356352,19.206024,19.388437,20.998833,21.632757,21.049255,22.134861,17.62224,17.548502,4.0,4.0,4.0,0.0,0.0,4.0,0.0,0.0
38097,2023.0,9.0,22.0,13.0,21.00375,22.032711,20.015682,20.93057,21.048052,22.067825,21.02571,22.119509,18.396385,18.299559,19.056461,19.358246,21.034752,21.707914,21.039318,22.080584,17.60682,17.534597,0.0,0.0,4.0,0.0,4.0,0.0,0.0,0.0
38098,2023.0,9.0,22.0,13.0,21.01982,22.047235,19.123272,19.156206,21.04087,22.028217,21.025574,22.097332,18.347923,18.255676,20.138374,21.259275,20.997272,21.594751,21.041346,22.05461,17.592045,17.52216,0.0,0.0,4.0,0.0,0.0,4.0,0.0,0.0
38099,2023.0,9.0,22.0,13.0,21.0438,22.104261,18.69541,18.654005,21.015886,21.937054,21.024937,22.077633,18.302183,18.213041,19.174644,19.250608,21.033272,21.680218,21.04052,22.02924,17.576576,17.508947,0.0,4.0,4.0,0.0,0.0,0.0,0.0,0.0
38100,2023.0,9.0,22.0,14.0,21.038488,22.076534,18.56565,18.514187,21.046282,22.00552,21.02448,22.060598,19.030561,19.632204,18.681389,18.607533,21.02785,21.65531,21.0348,22.010057,17.560549,17.495237,0.0,0.0,4.0,4.0,0.0,0.0,0.0,0.0
38101,2023.0,9.0,22.0,14.0,20.613415,21.213112,18.905983,19.232832,20.039906,20.057482,20.422209,20.89009,20.136456,21.388954,18.546558,18.456959,20.293966,20.232681,20.967573,21.832422,17.54334,17.479965,4.0,0.0,4.0,0.0,0.0,0.0,4.0,0.0
38102,2023.0,9.0,22.0,14.0,20.417013,20.994196,20.139042,21.331753,19.456161,19.309744,19.594305,19.556028,19.049429,19.120518,18.838276,19.08118,19.989418,19.892385,19.944628,19.93203,17.523651,17.461893,4.0,0.0,0.0,0.0,4.0,0.0,0.0,0.0
38103,2023.0,9.0,22.0,14.0,20.346903,20.92032,20.0062,20.942097,19.316452,19.231876,19.797052,20.200293,18.485174,18.363752,20.12897,21.311577,20.637245,21.221014,19.397112,19.240639,17.500837,17.44052,4.0,0.0,4.0,0.0,4.0,4.0,0.0,0.0
38104,2023.0,9.0,22.0,14.0,20.302496,20.883991,20.040937,20.9443,19.212313,19.138468,19.316229,19.255924,19.124723,19.700905,20.023909,20.976273,20.07089,19.988693,19.170874,19.000868,17.476358,17.417404,0.0,0.0,0.0,4.0,0.0,0.0,0.0,0.0
38105,2023.0,9.0,22.0,14.0,19.67837,19.75022,19.16141,19.192572,19.10394,19.030594,19.590342,19.993313,20.0957,21.217001,19.120264,19.148424,19.710028,19.521158,19.020119,18.853235,17.451097,17.39384,0.0,0.0,4.0,4.0,0.0,0.0,0.0,0.0
38106,2023.0,9.0,22.0,15.0,19.318743,19.300482,18.632927,18.486366,19.006048,18.930183,19.141304,19.07554,20.030258,21.002316,18.586695,18.428854,19.57406,19.371983,18.962034,18.865438,17.42542,17.369122,0.0,0.0,0.0,0.0,0.0,0.0,0.0,0.0
38107,2023.0,9.0,22.0,15.0,19.177908,19.157442,18.541822,18.457935,18.925386,18.852476,18.8219,18.680353,19.076454,19.089674,18.487577,18.388115,20.345816,20.926508,18.890108,18.806227,17.40214,17.349026,0.0,0.0,0.0,0.0,0.0,4.0,0.0,0.0
38108,2023.0,9.0,22.0,15.0,19.095118,19.076889,18.938408,19.258543,19.551395,20.083181,18.70984,18.560026,18.680098,18.529825,18.433659,18.346445,19.772991,19.703062,18.819834,18.740162,17.381594,17.330992,4.0,4.0,0.0,0.0,0.0,0.0,0.0,0.0
38109,2023.0,9.0,22.0,15.0,19.111841,19.185884,20.1591,21.384054,19.725197,20.297176,18.699142,18.622446,18.536774,18.384436,18.370213,18.286818,20.259932,20.735048,18.754189,18.67924,17.362307,17.31429,0.0,4.0,0.0,0.0,0.0,4.0,0.0,0.0
38110,2023.0,9.0,22.0,15.0,19.08292,19.173594,19.218704,19.405087,19.10615,19.084375,18.658978,18.602083,18.479216,18.392635,18.306227,18.228413,19.799929,19.725718,18.688326,18.61789,17.342762,17.297146,0.0,0.0,0.0,0.0,0.0,0.0,0.0,0.0
38111,2023.0,9.0,22.0,15.0,19.768673,20.507078,19.183136,19.480001,18.837803,18.690668,18.608799,18.55519,18.42412,18.3494,18.258392,18.183048,20.295864,20.774862,18.635778,18.567907,17.3255,17.281754,4.0,0.0,0.0,0.0,0.0,4.0,0.0,0.0
38112,2023.0,9.0,22.0,16.0,19.209919,19.310387,20.122644,21.136915,19.3391,19.71655,19.258259,19.822653,18.36063,18.290176,18.212397,18.139765,19.761793,19.684444,18.586765,18.522396,17.308899,17.267254,4.0,4.0,4.0,0.0,0.0,0.0,0.0,0.0
38113,2023.0,9.0,22.0,16.0,19.593927,20.218637,20.024366,20.877434,19.552813,19.989893,18.882454,18.929049,18.291872,18.222769,18.162144,18.090271,19.465815,19.29312,18.53377,18.47017,17.289595,17.24769,0.0,4.0,0.0,0.0,0.0,0.0,0.0,0.0
38114,2023.0,9.0,22.0,16.0,19.137629,19.202072,19.493362,19.778934,19.012842,18.949001,18.516771,18.399307,18.228794,18.16087,18.11481,18.044088,19.364088,19.181211,18.483488,18.420338,17.269276,17.226957,4.0,0.0,0.0,0.0,0.0,0.0,0.0,0.0
38115,2023.0,9.0,22.0,16.0,19.625704,20.226593,20.118557,20.978825,18.77818,18.616877,19.01822,19.4123,18.924395,19.518206,18.075542,18.0042,19.39391,19.299067,18.441547,18.378748,17.250336,17.207676,0.0,0.0,4.0,4.0,0.0,0.0,0.0,0.0
38116,2023.0,9.0,22.0,16.0,19.191435,19.265226,19.240335,19.236727,18.656588,18.487946,18.665812,18.610369,20.150526,21.50887,18.033876,17.96431,20.15043,20.760296,19.442318,20.311474,17.229864,17.187286,0.0,0.0,0.0,0.0,0.0,4.0,4.0,0.0
38117,2023.0,9.0,22.0,16.0,19.562601,20.141033,19.242893,19.544016,19.266668,19.7155,18.390312,18.24775,18.954147,19.008617,17.99177,17.923193,19.626003,19.55397,18.817564,18.804232,17.208437,17.165909,4.0,4.0,0.0,0.0,0.0,0.0,0.0,0.0
38118,2023.0,9.0,22.0,17.0,19.685453,20.268417,20.120808,21.100885,19.388063,19.80915,18.9217,19.309246,18.479273,18.314491,17.95226,17.8821,19.353117,19.152,18.499048,18.353638,17.187605,17.144552,0.0,4.0,4.0,0.0,0.0,0.0,0.0,0.0
38119,2023.0,9.0,22.0,17.0,19.712675,20.281927,19.296661,19.415272,18.83732,18.754183,18.562204,18.48246,19.11004,19.659512,17.91185,17.84303,19.249168,19.042828,18.376795,18.22684,18.111216,18.909262,0.0,0.0,0.0,4.0,0.0,0.0,0.0,4.0
38120,2023.0,9.0,22.0,17.0,19.137758,19.180717,18.915527,18.841627,18.602829,18.413465,18.353315,18.186434,20.13869,21.387714,17.876198,17.807438,20.054493,20.641073,18.296227,18.14258,20.270319,22.528593,0.0,0.0,0.0,0.0,0.0,4.0,0.0,0.0
38121,2023.0,9.0,22.0,17.0,18.820826,18.765802,19.163506,19.446602,19.075575,19.386835,18.252218,18.075449,18.978115,18.987194,17.836098,17.767962,19.543982,19.443144,18.298029,18.220163,18.420311,18.571213,4.0,4.0,0.0,0.0,0.0,0.0,0.0,0.0
38122,2023.0,9.0,22.0,17.0,18.731163,18.663908,20.11076,21.097248,18.684244,18.569792,18.280321,18.189758,18.506086,18.309273,17.797375,17.727562,19.264915,19.039951,18.272398,18.205442,17.79467,17.656248,4.0,0.0,0.0,0.0,0.0,0.0,0.0,0.0
38123,2023.0,9.0,22.0,17.0,18.654951,18.575872,20.027117,20.84789,19.038477,19.377966,18.273994,18.194723,18.421549,18.323383,17.756088,17.685747,19.152025,18.919882,18.225788,18.159794,17.66844,17.596893,0.0,4.0,0.0,0.0,0.0,0.0,0.0,0.0
38124,2023.0,9.0,22.0,18.0,19.448936,20.137802,19.458366,19.669308,19.22423,19.587149,18.239521,18.160221,18.339626,18.254887,17.717768,17.648954,19.191746,19.082502,18.180046,18.115501,17.57243,17.509087,4.0,4.0,0.0,0.0,0.0,0.0,0.0,0.0
38125,2023.0,9.0,22.0,18.0,21.200583,23.057615,20.094683,20.892538,21.249832,23.092508,21.349161,23.536272,18.255306,18.169817,17.680605,17.60967,21.22532,22.66,21.430902,23.794352,18.469984,19.280321,4.0,4.0,0.0,0.0,0.0,4.0,0.0,4.0
38126,2023.0,9.0,22.0,18.0,21.004932,22.432156,20.01266,20.686745,21.028086,22.443169,20.981743,22.614025,18.167833,18.08338,17.639292,17.566813,21.029886,22.17054,21.007599,22.755207,20.218882,22.126053,4.0,0.0,4.0,0.0,0.0,0.0,0.0,0.0
38127,2023.0,9.0,22.0,18.0,21.028774,22.328493,20.02355,20.677961,21.054974,22.338747,21.032253,22.518831,18.089611,18.005423,18.006166,18.292208,21.044344,22.064737,21.053637,22.642635,19.202166,19.848902,4.0,0.0,4.0,0.0,4.0,0.0,0.0,4.0
38128,2023.0,9.0,22.0,18.0,21.025211,22.219423,20.02224,20.65139,21.025408,22.148445,21.036388,22.374866,18.021017,17.93788,20.256058,22.121944,21.041637,21.96283,21.046484,22.487183,20.331816,22.095951,4.0,4.0,4.0,0.0,0.0,0.0,0.0,0.0
38129,2023.0,9.0,22.0,18.0,21.025354,22.145924,20.022274,20.63103,21.030067,22.082035,21.034449,22.264097,17.958088,17.874964,18.839897,19.057758,21.031303,21.891989,21.046135,22.385735,19.34476,19.947247,4.0,4.0,4.0,0.0,0.0,0.0,0.0,4.0
38130,2023.0,9.0,22.0,19.0,21.024288,22.089588,20.022429,20.613956,21.028883,22.02439,21.033587,22.183292,17.900728,17.817524,18.052525,17.977896,21.031761,21.854954,21.04498,22.309963,20.177309,21.632183,4.0,4.0,4.0,0.0,0.0,0.0,0.0,0.0
38131,2023.0,9.0,22.0,19.0,21.023638,22.046778,20.022486,20.599993,21.028414,21.981054,21.032625,22.12156,17.845736,17.758802,17.880508,17.785862,21.031364,21.82568,21.044243,22.25369,19.400293,19.950487,4.0,4.0,4.0,0.0,0.0,0.0,0.0,4.0
38132,2023.0,9.0,22.0,19.0,21.051096,22.087208,20.022535,20.588394,21.027798,21.94604,21.057394,22.143562,17.795074,17.705824,17.787043,17.6877,21.030987,21.803226,21.043737,22.210985,20.125473,21.406696,4.0,4.0,0.0,0.0,0.0,0.0,0.0,4.0
38133,2023.0,9.0,22.0,19.0,21.043274,22.038437,20.041344,20.630194,21.027063,21.916815,21.050203,22.085163,17.74681,17.654104,18.095224,18.33399,21.030403,21.78522,21.042095,22.17541,20.003717,21.094461,0.0,4.0,0.0,0.0,4.0,0.0,0.0,4.0
38134,2023.0,9.0,22.0,19.0,21.044607,22.011189,19.160917,18.929655,21.027271,21.893454,21.051504,22.049025,17.70409,17.610426,20.314383,22.016188,21.030874,21.772598,21.042883,22.150724,20.199251,21.455582,0.0,4.0,0.0,0.0,0.0,0.0,0.0,0.0
38135,2023.0,9.0,22.0,19.0,21.044094,21.985395,18.989862,18.925167,21.052645,21.943144,21.050673,22.01486,17.661913,17.565561,18.879637,19.065456,21.030748,21.761522,21.042686,22.128998,18.753448,18.607668,4.0,0.0,0.0,0.0,0.0,0.0,0.0,0.0
38136,2023.0,9.0,22.0,20.0,21.005308,21.890965,20.128962,20.968056,21.02127,21.836176,21.012243,21.917133,18.345652,18.886242,18.450691,18.666409,21.030664,21.752462,21.042114,22.110325,19.001524,19.54083,4.0,4.0,4.0,4.0,4.0,0.0,0.0,4.0
38137,2023.0,9.0,22.0,20.0,21.023579,21.909294,20.01057,20.650284,21.026766,21.831282,21.018978,21.931755,20.22912,21.98799,20.29059,21.79422,21.030575,21.744678,21.042068,22.09512,20.120573,21.38109,4.0,4.0,4.0,0.0,0.0,0.0,0.0,4.0
38138,2023.0,9.0,22.0,20.0,21.021046,21.89163,20.043577,20.680468,21.025982,21.817238,21.030703,21.928757,19.143435,19.547869,19.002947,19.142805,21.030466,21.737595,21.04173,22.081244,20.044044,21.168427,0.0,4.0,4.0,4.0,4.0,0.0,0.0,0.0
38139,2023.0,9.0,22.0,20.0,21.271486,22.38148,19.456352,19.492376,21.259306,22.272842,21.245695,22.33892,20.271984,21.755812,20.3016,21.64249,21.17607,22.022549,21.250063,22.48602,19.471409,19.957193,4.0,4.0,4.0,4.0,0.0,0.0,0.0,4.0
38140,2023.0,9.0,22.0,20.0,21.02025,21.861221,20.124039,20.879692,21.050634,21.858255,21.02799,21.88044,20.00625,21.075409,19.09702,19.197374,20.999712,21.641867,21.040741,22.050892,20.14422,21.3264,0.0,0.0,4.0,4.0,4.0,4.0,0.0,0.0
38141,2023.0,9.0,22.0,20.0,21.207838,22.2471,19.125422,18.875473,21.262444,22.247795,21.250269,22.31209,20.213062,21.407927,20.279129,21.501583,21.490038,22.379421,21.453571,22.840834,18.769384,18.589338,0.0,4.0,4.0,0.0,0.0,4.0,4.0,0.0
38142,2023.0,9.0,22.0,21.0,21.041431,21.89431,18.76109,18.560257,21.050566,21.828499,21.027308,21.848368,18.815416,18.620756,18.86442,18.703531,21.039083,21.66261,21.0179,21.939522,18.098825,17.803728,0.0,0.0,4.0,0.0,0.0,0.0,4.0,0.0
38143,2023.0,9.0,22.0,21.0,21.042273,21.881693,18.700178,18.517397,21.044538,21.805363,21.054453,21.91359,18.164467,17.834232,18.709255,18.921337,21.008259,21.57803,21.016811,21.929163,17.876154,17.578482,0.0,0.0,0.0,0.0,4.0,4.0,4.0,0.0
38144,2023.0,9.0,22.0,21.0,21.042248,21.86989,19.006664,19.171457,21.045597,21.795395,21.04818,21.887196,18.685568,18.996368,20.208525,21.507988,21.014568,21.5936,21.057562,22.030405,17.897207,17.780928,4.0,0.0,0.0,4.0,0.0,4.0,0.0,0.0
38145,2023.0,9.0,22.0,21.0,21.029747,21.858984,20.14439,21.131777,21.006493,21.713118,21.02278,21.802588,20.189787,21.44975,19.034945,19.108274,21.014137,21.595024,21.04933,21.995913,17.851807,17.753038,0.0,4.0,4.0,4.0,0.0,4.0,0.0,0.0
38146,2023.0,9.0,22.0,21.0,21.003767,21.79357,19.262249,19.296679,21.013504,21.741814,21.053751,21.878372,20.006052,20.994335,18.371881,18.2496,21.044891,21.675072,21.009584,21.871155,17.755974,17.651989,0.0,4.0,0.0,4.0,0.0,0.0,4.0,0.0
38147,2023.0,9.0,22.0,21.0,21.021652,21.814505,18.708496,18.521545,21.026127,21.751461,21.046503,21.854195,20.055777,21.027473,18.17085,18.026987,21.038473,21.651707,21.05936,21.992296,17.667465,17.559916,0.0,4.0,0.0,0.0,0.0,0.0,0.0,0.0
38148,2023.0,9.0,22.0,22.0,21.019796,21.80196,18.58085,18.397278,21.024591,21.737726,21.035017,21.848236,18.834156,18.607185,18.04324,17.906227,21.009562,21.564674,21.047892,21.95573,17.595123,17.48948,0.0,4.0,0.0,0.0,0.0,4.0,0.0,0.0
38149,2023.0,9.0,22.0,22.0,21.048908,21.873075,18.485357,18.2947,21.0512,21.801756,21.036146,21.859892,18.185907,17.825895,18.24512,18.385674,21.04626,21.656393,21.04827,21.9433,17.525593,17.416857,0.0,0.0,0.0,0.0,4.0,0.0,0.0,0.0
38150,2023.0,9.0,22.0,22.0,21.041212,21.845654,18.414925,18.22901,21.04473,21.773895,21.0364,21.865276,18.186724,18.03492,20.298592,21.838272,21.039036,21.632908,21.037664,21.932785,17.467659,17.36018,0.0,0.0,0.0,0.0,0.0,0.0,0.0,0.0
38151,2023.0,9.0,22.0,22.0,21.042288,21.836222,18.74558,18.903067,21.045494,21.76151,21.036274,21.866781,18.144432,18.018883,18.935656,19.061058,21.039923,21.626314,21.03924,21.940922,17.412868,17.304405,4.0,0.0,0.0,0.0,0.0,0.0,0.0,0.0
38152,2023.0,9.0,22.0,22.0,21.324903,22.417686,20.181244,21.361237,21.03144,21.749199,21.036293,21.86695,18.041664,17.911594,18.18146,18.049448,21.242527,22.048618,21.03894,21.942627,17.36339,17.254114,0.0,0.0,0.0,0.0,0.0,0.0,0.0,0.0
38153,2023.0,9.0,22.0,22.0,21.029997,21.829283,19.179115,19.24125,21.03331,21.761173,21.036388,21.866549,17.948593,17.817902,17.98963,17.843567,21.028637,21.625017,21.039028,21.943268,18.073275,18.632793,0.0,0.0,0.0,0.0,0.0,0.0,0.0,4.0
38154,2023.0,9.0,22.0,23.0,21.031015,21.839735,18.588316,18.422398,21.033129,21.765522,21.036364,21.864826,17.867722,17.736483,17.873041,17.725767,21.029018,21.633932,21.038826,21.942205,20.267572,22.279268,0.0,0.0,0.0,0.0,0.0,0.0,0.0,0.0
38155,2023.0,9.0,22.0,23.0,20.265478,20.375591,18.434824,18.245392,20.216564,20.20111,20.13698,20.13595,18.355333,18.712767,17.774223,17.627787,20.278387,20.195961,20.021318,19.983728,18.381609,18.296625,0.0,0.0,0.0,4.0,0.0,0.0,0.0,0.0
38156,2023.0,9.0,22.0,23.0,19.895548,19.86078,18.363583,18.170351,19.784214,19.57356,19.688578,19.48796,17.947786,17.829052,17.698702,17.548635,19.976988,19.805069,19.60375,19.44878,17.753159,17.434917,0.0,0.0,0.0,0.0,0.0,0.0,0.0,0.0
38157,2023.0,9.0,22.0,23.0,19.738146,19.701885,18.305283,18.114313,19.611355,19.391983,19.5001,19.29722,17.793514,17.661308,17.631733,17.483234,19.842535,19.671978,19.41426,19.266315,18.530746,19.084007,0.0,0.0,0.0,0.0,0.0,0.0,0.0,4.0
38158,2023.0,9.0,22.0,23.0,19.607077,19.564314,18.24936,18.056492,19.470604,19.246029,19.34745,19.138319,17.726799,17.592407,17.565693,17.413914,19.720903,19.545084,19.249895,19.099483,18.519892,18.891684,0.0,0.0,0.0,0.0,0.0,0.0,0.0,4.0
38159,2023.0,9.0,22.0,23.0,19.507072,19.470581,18.203009,18.013502,19.362051,19.14478,19.23185,19.03035,17.67012,17.537806,17.803707,17.909939,19.622965,19.451128,19.120193,18.979551,17.808874,17.559286,0.0,0.0,0.0,0.0,4.0,0.0,0.0,0.0
38160,2023.0,9.0,23.0,0.0,19.412699,19.375349,18.15719,17.967737,19.260172,19.043161,19.124168,18.922615,17.616259,17.48257,17.566833,17.41972,19.530193,19.35671,18.99405,18.847546,17.514528,17.200998,0.0,0.0,0.0,0.0,0.0,0.0,0.0,0.0
38161,2023.0,9.0,23.0,0.0,19.330881,19.295427,18.115393,17.926588,19.17177,18.957941,19.03111,18.832733,17.56729,17.433338,17.458681,17.307657,20.169788,20.64049,18.886179,18.74098,17.37836,17.067867,0.0,0.0,0.0,0.0,0.0,4.0,0.0,0.0
38162,2023.0,9.0,23.0,0.0,19.255226,19.22024,18.075045,17.886152,19.090162,18.878134,18.945097,18.748608,17.520512,17.38568,17.401136,17.249645,20.06384,20.303438,18.78752,18.642513,18.219688,18.774965,0.0,0.0,0.0,0.0,0.0,4.0,0.0,4.0
38163,2023.0,9.0,23.0,0.0,19.185066,19.149487,18.036116,17.846617,19.01462,18.803242,18.865278,18.669596,17.4755,17.339275,17.34628,17.193377,20.033587,20.252079,18.696283,18.55038,17.52923,17.275871,0.0,0.0,0.0,0.0,0.0,4.0,0.0,0.0
38164,2023.0,9.0,23.0,0.0,19.119856,19.083136,17.9987,17.80837,18.94471,18.733511,18.791489,18.596083,17.432224,17.294418,17.295012,17.140337,19.328829,18.926899,18.611881,18.464695,17.250711,16.937506,0.0,0.0,0.0,0.0,0.0,0.0,0.0,0.0
38165,2023.0,9.0,23.0,0.0,19.059757,19.022524,17.963114,17.772282,18.880325,18.669895,18.723518,18.529041,17.39097,17.251984,17.246813,17.090925,19.82325,20.043777,19.499807,20.204226,17.146332,16.83552,0.0,0.0,0.0,0.0,0.0,4.0,4.0,0.0
38166,2023.0,9.0,23.0,1.0,19.003244,18.965355,17.928745,17.737318,18.820047,18.610195,18.659725,18.466063,17.351055,17.21084,17.20071,17.043533,19.23485,18.847612,18.614672,18.33068,17.230808,17.096294,0.0,0.0,0.0,0.0,0.0,0.0,0.0,0.0
38167,2023.0,9.0,23.0,1.0,19.678083,20.2815,17.896254,17.704945,18.76405,18.555075,18.600105,18.407608,17.312952,17.172092,17.156986,16.999126,18.979115,18.534916,18.288334,17.923073,17.216732,17.091118,0.0,0.0,0.0,0.0,0.0,0.0,0.0,0.0
38168,2023.0,9.0,23.0,1.0,19.199076,19.249533,17.865433,17.674536,18.711601,18.503942,18.544601,18.353506,17.276777,17.13552,17.115524,16.95729,18.874031,18.43418,18.16696,17.804695,17.170183,17.04388,0.0,0.0,0.0,0.0,0.0,0.0,0.0,0.0
38169,2023.0,9.0,23.0,1.0,18.699938,18.375416,17.835194,17.644238,18.660936,18.453997,18.491577,18.301039,17.241858,17.099792,17.07508,16.915918,19.035059,18.852049,18.278381,18.132385,17.12501,16.997734,0.0,0.0,0.0,0.0,0.0,0.0,0.0,0.0
38170,2023.0,9.0,23.0,1.0,18.553167,18.227083,17.805897,17.614895,18.612669,18.406593,18.441502,18.25159,17.208006,17.065294,17.35548,17.476088,19.020367,18.837818,18.246407,18.09531,17.081415,16.953415,0.0,0.0,0.0,0.0,4.0,0.0,0.0,0.0
38171,2023.0,9.0,23.0,1.0,18.71735,18.647429,17.778694,17.58875,18.568354,18.36474,18.395704,18.208107,17.175684,17.033405,17.106886,16.94294,18.975414,18.793566,18.194569,18.044294,17.040825,16.91334,0.0,0.0,0.0,0.0,0.0,0.0,0.0,0.0
38172,2023.0,9.0,23.0,2.0,18.733364,18.691141,17.752174,17.562893,18.525705,18.324036,18.35177,18.165947,17.733364,18.110395,17.317072,17.417257,18.93149,18.750156,18.144226,17.994635,17.00162,16.874445,0.0,0.0,0.0,4.0,4.0,0.0,0.0,0.0
38173,2023.0,9.0,23.0,2.0,18.70203,18.662231,17.725311,17.535568,18.48372,18.28278,18.30865,18.123402,17.329672,17.217299,17.09625,16.944836,18.88747,18.705683,18.094282,17.944477,17.696575,18.216694,0.0,0.0,0.0,0.0,0.0,0.0,0.0,4.0
38174,2023.0,9.0,23.0,2.0,18.663029,18.619991,17.696226,17.503355,18.439713,18.236122,18.26376,18.075544,17.180809,17.033875,16.985779,16.821102,18.841951,18.656925,18.043133,17.890371,17.994505,18.615232,0.0,0.0,0.0,0.0,0.0,0.0,0.0,4.0
38175,2023.0,9.0,23.0,2.0,18.62865,18.587505,17.671907,17.480568,18.402868,18.202465,18.226646,18.041325,17.135466,16.990961,16.94379,16.781858,18.802711,18.619492,17.998442,17.8477,17.123943,16.859737,0.0,0.0,0.0,0.0,0.0,0.0,0.0,0.0
38176,2023.0,9.0,23.0,2.0,18.5885,18.543257,17.642773,17.44811,18.360935,18.157408,18.18455,17.9957,17.087925,16.939379,16.896069,16.72965,18.759413,18.572662,17.949902,17.795864,16.840424,16.50872,0.0,0.0,0.0,0.0,0.0,0.0,0.0,0.0
38177,2023.0,9.0,23.0,2.0,18.551908,18.505627,17.6161,17.42057,18.322931,18.119314,18.146198,17.95707,17.047613,16.898134,16.854645,16.687237,18.719776,18.532152,17.90518,17.750486,16.74051,16.41183,0.0,0.0,0.0,0.0,0.0,0.0,0.0,0.0
38178,2023.0,9.0,23.0,3.0,18.516478,18.469717,17.590437,17.394953,18.286737,18.083979,18.109394,17.921087,17.009958,16.860304,16.815788,16.648466,18.681818,18.494024,17.86221,17.707478,16.863188,16.742094,0.0,0.0,0.0,0.0,0.0,0.0,0.0,0.0
38179,2023.0,9.0,23.0,3.0,18.48095,18.433067,17.56392,17.367504,18.250088,18.046915,18.071918,17.883198,16.972977,16.822298,16.776875,16.608257,18.644041,18.455364,17.819626,17.66421,16.836494,16.70089,0.0,0.0,0.0,0.0,0.0,0.0,0.0,0.0
38180,2023.0,9.0,23.0,3.0,18.446886,18.39857,17.538588,17.342155,18.21523,18.012594,18.036257,17.848087,16.93798,16.787045,16.740246,16.57141,18.60791,18.419054,17.778713,17.62324,16.797815,16.661953,0.0,0.0,0.0,0.0,0.0,0.0,0.0,0.0
38181,2023.0,9.0,23.0,3.0,18.413357,18.364536,17.513441,17.316973,18.181065,17.978903,18.001335,17.813646,16.90402,16.752834,16.70469,16.53564,18.572649,18.38362,17.738775,17.58324,16.760458,16.624369,0.0,0.0,0.0,0.0,0.0,0.0,0.0,0.0
38182,2023.0,9.0,23.0,3.0,18.380323,18.330952,17.488424,17.2919,18.147478,17.945736,17.967043,17.779772,16.870918,16.71949,16.670063,16.500803,18.538172,18.348969,17.699707,17.544113,16.723684,16.587404,0.0,0.0,0.0,0.0,0.0,0.0,0.0,0.0
38183,2023.0,9.0,23.0,3.0,18.366228,18.334732,17.465448,17.270786,18.765173,19.13888,17.935547,17.750893,17.420063,17.77919,16.63852,16.471312,18.506195,18.318598,17.663212,17.509312,16.689672,16.55494,0.0,4.0,0.0,4.0,0.0,0.0,0.0,0.0
38184,2023.0,9.0,23.0,4.0,18.340382,18.31063,17.440983,17.246506,18.379179,18.284138,17.90268,17.718695,17.039927,16.934204,16.60582,16.438738,18.473602,18.28616,18.62541,19.353525,16.655209,16.520613,0.0,0.0,0.0,0.0,0.0,0.0,4.0,0.0
38185,2023.0,9.0,23.0,4.0,18.310867,18.280092,17.416101,17.22125,17.928108,17.482243,17.869682,17.685783,16.883242,16.732866,16.573233,16.405787,18.441395,18.253712,17.754038,17.468012,16.621172,16.486275,0.0,0.0,0.0,0.0,0.0,0.0,0.0,0.0
38186,2023.0,9.0,23.0,4.0,18.27841,18.24391,17.3886,17.190813,17.7357,17.233816,17.83408,17.647337,16.83231,16.678324,16.538162,16.367521,18.407227,18.217037,17.446056,17.069986,16.58548,16.448044,0.0,0.0,0.0,0.0,0.0,0.0,0.0,0.0
38187,2023.0,9.0,23.0,4.0,18.248884,18.213764,17.364277,17.16681,17.929693,17.708,17.802368,17.616377,16.789799,16.636366,16.506857,16.336592,18.375816,18.18586,17.350939,16.979311,16.552858,16.41555,0.0,0.0,0.0,0.0,0.0,0.0,0.0,0.0
38188,2023.0,9.0,23.0,4.0,18.2187,18.182407,17.339123,17.14112,17.953121,17.748674,17.770117,17.58397,16.750448,16.596544,16.474897,16.304144,18.343882,18.153559,17.478275,17.316095,16.520094,16.382378,0.0,0.0,0.0,0.0,0.0,0.0,0.0,0.0
38189,2023.0,9.0,23.0,4.0,18.189682,18.153177,17.314959,17.117304,17.93138,17.729263,17.739277,17.553963,17.30328,17.668715,16.7433,16.833559,18.312958,18.123123,17.471468,17.314339,16.488546,16.351244,0.0,0.0,0.0,4.0,4.0,0.0,0.0,0.0
38190,2023.0,9.0,23.0,5.0,18.909874,19.533388,17.290306,17.092426,17.903728,17.702415,17.708008,17.52292,17.524761,17.951544,16.853628,16.968119,18.28159,18.091825,17.439337,17.283247,17.181425,17.683102,0.0,0.0,0.0,4.0,4.0,0.0,0.0,4.0
38191,2023.0,9.0,23.0,5.0,18.446695,18.504961,17.266514,17.068499,17.874475,17.673887,17.677593,17.492744,16.773132,16.442982,16.602499,16.476198,18.991371,19.460835,18.41098,19.143734,16.703518,16.622242,0.0,0.0,0.0,0.0,0.0,4.0,4.0,0.0
38192,2023.0,9.0,23.0,5.0,17.990622,17.697943,17.243387,17.04532,17.845293,17.645264,17.64806,17.463455,16.51087,16.12635,16.47548,16.309332,18.504986,18.398533,17.537418,17.252983,16.347382,16.03237,0.0,0.0,0.0,0.0,0.0,0.0,0.0,0.0
38193,2023.0,9.0,23.0,5.0,17.810331,17.471554,17.218561,17.018974,17.814497,17.612953,17.616806,17.430628,16.414888,16.03058,16.419199,16.246431,18.054066,17.604197,17.22318,16.844818,16.213573,15.87485,0.0,0.0,0.0,0.0,0.0,0.0,0.0,0.0
38194,2023.0,9.0,23.0,5.0,17.98675,17.908714,17.195988,16.997526,18.44245,18.821783,17.588362,17.403677,16.557858,16.397913,16.378225,16.207142,17.934872,17.483816,17.13092,16.760302,16.320452,16.165009,0.0,4.0,0.0,0.0,0.0,0.0,0.0,0.0
38195,2023.0,9.0,23.0,5.0,18.02554,17.978306,17.584763,17.74656,18.058187,17.963163,17.559076,17.3752,16.565693,16.412432,16.339678,16.169044,18.917463,19.445316,17.049982,16.679716,16.327686,16.188591,4.0,0.0,0.0,0.0,0.0,4.0,0.0,0.0
38196,2023.0,9.0,23.0,6.0,18.006115,17.963161,17.759472,17.972427,18.197523,18.268373,17.529509,17.346088,16.532553,16.378723,16.302988,16.13241,18.88202,19.14245,18.184479,18.897715,16.301043,16.163368,4.0,4.0,0.0,0.0,0.0,4.0,4.0,0.0
38197,2023.0,9.0,23.0,6.0,21.45189,23.94427,20.267838,22.280384,21.287413,23.61687,21.364038,23.945875,17.093655,17.46242,16.267323,16.095764,21.29657,23.398094,21.349422,24.232616,17.02048,17.546314,0.0,0.0,0.0,4.0,0.0,4.0,0.0,4.0
38198,2023.0,9.0,23.0,6.0,20.98307,22.791098,18.356781,18.201767,21.025383,22.752192,21.006378,23.000902,20.341408,22.98079,16.522558,16.601461,21.045965,22.634268,21.03558,23.178692,20.36021,23.168594,0.0,0.0,0.0,0.0,4.0,0.0,0.0,4.0
38199,2023.0,9.0,23.0,6.0,21.03609,22.684444,17.571756,17.348492,21.051548,22.557981,21.041697,22.794834,18.426138,18.755764,20.478552,23.193943,21.066658,22.47361,21.080751,22.98498,21.533943,24.637152,0.0,4.0,4.0,4.0,4.0,0.0,0.0,0.0
38200,2023.0,9.0,23.0,6.0,21.071404,22.60185,17.504293,17.293648,21.072718,22.469208,21.060976,22.683178,20.315458,22.489895,20.007898,22.065361,21.0326,22.243052,21.019812,22.673145,18.687716,18.645283,0.0,0.0,0.0,0.0,0.0,4.0,4.0,0.0
38201,2023.0,9.0,23.0,6.0,21.03671,22.38865,17.833092,17.975658,21.041533,22.27659,21.073301,22.548418,18.165068,18.004444,18.548138,18.964195,21.035883,22.15304,21.081404,22.683762,17.949638,18.20986,4.0,4.0,0.0,0.0,4.0,4.0,0.0,4.0
38202,2023.0,9.0,23.0,7.0,21.06821,22.385368,20.271376,22.149786,21.045755,22.208258,21.069963,22.427965,17.366133,17.197935,20.273695,22.329967,21.034082,22.079185,21.069555,22.554035,21.541399,24.336306,4.0,4.0,0.0,0.0,0.0,4.0,0.0,0.0
38203,2023.0,9.0,23.0,7.0,21.060417,22.303442,20.018177,21.369188,21.06881,22.218195,21.025259,22.27107,17.23124,17.068186,18.54573,18.714111,21.032507,22.023413,21.029827,22.36807,18.985641,18.946726,4.0,0.0,4.0,0.0,0.0,4.0,4.0,0.0
38204,2023.0,9.0,23.0,7.0,21.030657,22.17544,20.06789,21.3027,21.034735,22.083702,21.05725,22.320557,17.103624,16.944607,17.929804,18.098932,21.030264,21.978394,21.07531,22.434038,17.50344,17.103914,0.0,4.0,0.0,0.0,4.0,4.0,0.0,0.0
38205,2023.0,9.0,23.0,7.0,21.037142,22.156773,18.553728,18.26634,21.06694,22.134338,21.042084,22.206764,17.721497,18.200636,20.289495,22.246685,21.02989,21.944574,21.065237,22.366972,17.39739,17.23373,0.0,0.0,4.0,4.0,0.0,4.0,0.0,0.0
38206,2023.0,9.0,23.0,7.0,21.035767,22.132126,17.976189,17.732843,21.05993,22.089983,21.069462,22.239187,20.307627,22.54369,18.599741,18.69755,21.028751,21.915329,21.025543,22.221046,17.306099,17.169722,0.0,0.0,0.0,0.0,4.0,4.0,4.0,0.0
38207,2023.0,9.0,23.0,7.0,21.06178,22.185884,17.89846,17.688532,21.059523,22.06368,21.063019,22.18966,18.161198,18.03125,20.359055,22.071754,21.027626,21.890196,21.071396,22.316551,18.173994,18.94239,0.0,0.0,0.0,0.0,4.0,4.0,0.0,4.0
38208,2023.0,9.0,23.0,8.0,21.055426,22.1515,17.793158,17.590603,21.042332,22.040962,21.062225,22.157377,17.150013,16.77988,20.034904,21.389486,21.056686,21.946291,21.022377,22.16422,20.270544,22.395426,0.0,0.0,0.0,0.0,0.0,0.0,4.0,0.0
38209,2023.0,9.0,23.0,8.0,19.725069,19.582859,18.102127,18.25366,20.484486,20.947172,19.901981,19.934017,17.137466,16.971527,18.461374,18.259079,19.768957,19.444607,19.47343,19.215734,18.207575,18.110598,4.0,4.0,0.0,0.0,0.0,0.0,0.0,0.0
38210,2023.0,9.0,23.0,8.0,19.411118,19.322424,20.253399,21.998613,19.716002,19.644943,19.349785,19.154255,17.128994,17.003365,18.008717,17.786997,20.009727,20.179504,18.876806,18.460115,17.506042,17.160458,0.0,0.0,0.0,0.0,0.0,4.0,0.0,0.0
38211,2023.0,9.0,23.0,8.0,19.263023,19.225254,18.875944,19.059528,19.569122,19.622614,19.066956,18.870485,17.06244,16.943876,18.239315,18.381199,20.113691,20.32892,18.581615,18.184145,17.437283,17.284988,0.0,4.0,0.0,0.0,4.0,4.0,0.0,0.0
38212,2023.0,9.0,23.0,8.0,19.115814,19.077333,18.618446,18.791842,18.933035,18.506065,19.49689,19.829983,17.012451,16.898176,20.240824,21.921494,19.4348,19.096973,19.384806,19.873297,17.363934,17.242712,4.0,0.0,4.0,0.0,0.0,0.0,4.0,0.0
38213,2023.0,9.0,23.0,8.0,18.979761,18.95947,20.192415,21.65052,18.54988,18.08264,19.099031,19.041159,16.95983,16.851948,18.830713,18.985262,19.02977,18.613018,18.730135,18.459679,18.172503,18.873915,0.0,0.0,0.0,0.0,0.0,0.0,0.0,4.0
38214,2023.0,9.0,23.0,9.0,18.85143,18.834417,18.71012,18.590633,18.383352,17.933823,18.480297,18.07546,16.913355,16.809706,18.00369,17.882467,18.859638,18.447855,18.267796,17.930567,20.27077,22.356443,0.0,0.0,0.0,0.0,0.0,0.0,0.0,0.0
38215,2023.0,9.0,23.0,9.0,18.742788,18.731827,17.880182,17.499847,19.079027,19.399467,18.210754,17.800684,16.87534,16.775879,17.773584,17.62864,19.493208,19.759678,18.0948,17.768017,18.312756,18.27884,0.0,4.0,0.0,0.0,0.0,4.0,0.0,0.0
38216,2023.0,9.0,23.0,9.0,19.402817,20.047567,17.884521,17.68333,18.560783,18.300037,18.298868,18.09919,16.850626,16.754192,17.659698,17.512514,19.685547,20.00986,18.161325,18.01427,17.63537,17.340488,0.0,0.0,0.0,0.0,0.0,4.0,0.0,0.0
38217,2023.0,9.0,23.0,9.0,18.906658,19.008053,17.872726,17.717241,18.259792,17.883669,18.93944,19.353455,16.830685,16.737846,17.571499,17.43117,19.012165,18.71362,18.139708,18.020674,17.588156,17.452278,0.0,0.0,4.0,0.0,0.0,0.0,0.0,0.0
38218,2023.0,9.0,23.0,9.0,18.460825,18.261627,17.812515,17.66855,18.15133,17.787626,18.912245,19.178476,16.815834,16.725977,17.49871,17.36369,18.794622,18.44275,18.086615,17.973879,17.502884,17.389193,0.0,0.0,4.0,0.0,0.0,0.0,0.0,0.0
38219,2023.0,9.0,23.0,9.0,18.334616,18.151539,17.757694,17.624699,18.242458,18.06556,18.328564,18.103062,17.569511,18.159643,17.440746,17.313805,18.723736,18.389156,18.037909,17.931559,17.415781,17.311228,0.0,0.0,0.0,4.0,0.0,0.0,0.0,0.0
38220,2023.0,9.0,23.0,10.0,18.411152,18.399961,17.707336,17.584097,18.248928,18.104195,18.084267,17.78505,20.286219,22.746483,17.391502,17.270824,18.673283,18.355858,17.993448,17.892113,17.341188,17.243134,0.0,0.0,0.0,4.0,0.0,0.0,0.0,0.0
38221,2023.0,9.0,23.0,10.0,18.429443,18.464571,17.653736,17.539473,18.209465,18.08271,17.96716,17.682177,20.019026,21.873922,17.341213,17.226078,18.792702,18.655163,17.947626,17.850264,17.265093,17.171284,0.0,0.0,0.0,0.0,0.0,0.0,0.0,0.0
38222,2023.0,9.0,23.0,10.0,18.406836,18.466341,17.609734,17.506886,18.17018,18.055656,18.652407,19.071638,18.928545,19.482275,17.303194,17.195608,19.59369,20.168531,17.910885,17.819492,17.20548,17.119457,0.0,0.0,4.0,4.0,0.0,4.0,0.0,0.0
38223,2023.0,9.0,23.0,10.0,19.10142,19.805855,17.577276,17.482882,18.136545,18.031322,18.21424,18.110298,20.229952,21.888132,17.279621,17.176182,19.000198,18.873352,17.8839,17.796041,17.16396,17.081654,0.0,0.0,0.0,0.0,0.0,0.0,0.0,0.0
38224,2023.0,9.0,23.0,10.0,18.62019,18.676847,17.948606,18.216702,18.725538,19.178913,17.898508,17.700117,18.69691,18.760267,17.631723,17.859964,18.682222,18.44734,17.857773,17.773815,17.123117,17.045544,4.0,4.0,0.0,0.0,4.0,0.0,0.0,0.0
38225,2023.0,9.0,23.0,10.0,18.353834,18.293646,20.254173,22.183674,18.38629,18.427744,17.83092,17.639278,18.085249,17.873823,20.234743,22.426691,18.640532,18.408054,17.838833,17.757986,17.094305,17.019863,4.0,0.0,0.0,0.0,0.0,0.0,0.0,0.0
38226,2023.0,9.0,23.0,11.0,18.970652,19.543537,20.021925,21.467999,18.663767,19.059622,18.51125,18.982334,17.947601,17.829563,18.706036,19.059229,18.727373,18.610918,17.819614,17.742426,17.065475,16.995234,0.0,4.0,4.0,0.0,0.0,0.0,0.0,0.0
38227,2023.0,9.0,23.0,11.0,18.595732,18.671286,18.74378,18.840736,18.84646,19.266985,18.166224,18.116451,17.844873,17.742912,17.80077,17.757793,18.762884,18.665129,17.799385,17.722479,17.037611,16.967972,0.0,4.0,0.0,0.0,0.0,0.0,0.0,0.0
38228,2023.0,9.0,23.0,11.0,18.365364,18.341179,18.172365,17.994072,18.307507,18.229124,17.925901,17.771154,18.50007,19.056587,17.654034,17.564014,19.559553,20.183546,17.781776,17.704718,17.015474,16.945732,0.0,0.0,0.0,4.0,0.0,4.0,0.0,0.0
38229,2023.0,9.0,23.0,11.0,18.9234,19.463522,18.094587,18.002958,18.091396,17.931892,17.849627,17.699497,20.227968,22.019085,17.602203,17.511415,18.991415,18.937387,17.764614,17.688574,16.994455,16.92603,0.0,0.0,0.0,0.0,0.0,0.0,0.0,0.0
38230,2023.0,9.0,23.0,11.0,18.56874,18.649925,18.017729,17.949617,18.59344,18.95786,17.85929,17.78647,18.716581,18.848347,17.54786,17.458664,18.681442,18.499437,17.745123,17.670408,16.971249,16.904362,0.0,4.0,0.0,0.0,0.0,0.0,0.0,0.0
38231,2023.0,9.0,23.0,11.0,19.071692,19.696901,17.941458,17.8752,18.79839,19.24394,17.848349,17.79224,18.107935,17.934706,17.5082,17.418201,18.629257,18.437452,17.72714,17.653364,16.95106,16.885096,0.0,4.0,0.0,0.0,0.0,0.0,0.0,0.0
38232,2023.0,9.0,23.0,12.0,19.18644,19.808273,18.282684,18.578196,18.855137,19.304033,18.462454,18.97877,18.000446,17.891207,17.473211,17.38549,19.49172,20.106163,17.71028,17.63821,16.932156,16.867992,4.0,4.0,4.0,0.0,0.0,4.0,0.0,0.0
38233,2023.0,9.0,23.0,12.0,21.25862,23.422474,20.228676,21.946928,21.27314,23.491165,21.283762,23.819693,17.906622,17.808762,17.441832,17.355486,21.16892,22.925611,21.427973,24.090664,16.914513,16.851875,4.0,4.0,0.0,0.0,0.0,4.0,0.0,0.0
38234,2023.0,9.0,23.0,12.0,20.992521,22.63496,20.01971,21.333918,20.99863,22.678278,21.01567,22.934248,17.804781,17.709984,17.411772,17.327099,21.031816,22.42919,20.996553,22.999092,16.89981,16.838646,0.0,4.0,0.0,0.0,0.0,0.0,0.0,0.0
38235,2023.0,9.0,23.0,12.0,21.0608,22.638296,18.85098,18.956028,21.040419,22.582752,21.065126,22.807648,17.725145,17.637386,17.389845,17.308783,21.015713,22.208668,21.057627,22.876003,16.889912,16.831257,0.0,4.0,0.0,0.0,0.0,4.0,0.0,0.0
38236,2023.0,9.0,23.0,12.0,21.018713,22.42812,18.62028,18.891966,21.03029,22.440948,21.044432,22.632416,17.655363,17.569456,17.36999,17.29081,21.014809,22.094486,21.043798,22.67923,16.88272,16.826256,4.0,4.0,0.0,0.0,0.0,4.0,0.0,0.0
38237,2023.0,9.0,23.0,12.0,21.181662,22.701092,20.223288,21.715368,21.177681,22.666449,21.050854,22.548357,17.602148,17.522635,17.354723,17.278645,21.207235,22.398264,21.049416,22.567583,16.878057,16.82388,0.0,0.0,0.0,0.0,0.0,4.0,0.0,0.0
38238,2023.0,9.0,23.0,13.0,21.047009,22.37003,19.285627,19.69517,21.025545,22.268076,21.048193,22.471893,17.556334,17.480413,17.343739,17.269686,21.012918,21.94355,21.046371,22.470371,16.875107,16.822746,4.0,4.0,0.0,0.0,0.0,4.0,0.0,0.0
38239,2023.0,9.0,23.0,13.0,21.04702,22.325779,20.16744,21.464605,21.055439,22.298044,21.047327,22.416311,17.518763,17.445604,17.336285,17.263945,21.04211,21.97437,21.045372,22.398975,16.873817,16.82289,4.0,0.0,0.0,0.0,0.0,0.0,0.0,0.0
38240,2023.0,9.0,23.0,13.0,21.082674,22.369577,20.089962,21.191349,21.058958,22.227135,21.097961,22.467789,17.487356,17.415592,17.332914,17.26178,21.075157,21.986412,21.02712,22.263758,16.874094,16.824316,0.0,4.0,0.0,0.0,0.0,0.0,4.0,0.0
38241,2023.0,9.0,23.0,13.0,21.033516,22.254911,19.038322,19.130177,21.049232,22.209574,21.038698,22.3185,17.46525,17.39703,17.33329,17.263315,21.000689,21.784723,21.055256,22.317232,16.875668,16.826632,0.0,0.0,0.0,0.0,0.0,4.0,0.0,0.0
38242,2023.0,9.0,23.0,13.0,21.039608,22.251734,18.491463,18.46341,21.046944,22.176802,21.045717,22.30699,18.236769,18.875883,17.334494,17.265461,21.039783,21.860073,21.046638,22.257215,16.87841,16.830069,0.0,0.0,0.0,4.0,0.0,0.0,0.0,0.0
38243,2023.0,9.0,23.0,13.0,21.011383,22.161764,18.327589,18.289648,21.04619,22.150446,21.01909,22.212557,20.239506,22.186247,17.335487,17.267372,21.03279,21.82052,21.046576,22.220472,16.881418,16.833797,0.0,0.0,4.0,0.0,0.0,0.0,0.0,0.0
38244,2023.0,9.0,23.0,14.0,21.02238,22.164404,18.2125,18.17354,21.038708,22.127766,21.023737,22.209276,18.698263,18.894363,17.335855,17.26896,21.032652,21.798725,21.00589,22.082493,16.884424,16.837885,0.0,0.0,4.0,0.0,0.0,0.0,4.0,0.0
38245,2023.0,9.0,23.0,14.0,19.966122,20.153044,18.117544,18.07971,20.570074,21.189306,19.823298,19.913204,17.943642,17.878023,17.333382,17.266235,20.979778,21.661528,20.683273,21.449085,16.885298,16.838528,0.0,4.0,0.0,0.0,0.0,4.0,4.0,0.0
38246,2023.0,9.0,23.0,14.0,19.504063,19.521906,18.049442,18.009727,19.825365,19.899117,19.8551,20.227728,17.827223,17.756958,17.328615,17.26123,20.836468,21.377728,19.653929,19.571325,16.884195,16.837456,0.0,0.0,4.0,0.0,0.0,4.0,0.0,0.0
38247,2023.0,9.0,23.0,14.0,19.312561,19.326174,17.988855,17.95003,19.38074,19.246347,19.317032,19.286839,17.766973,17.698349,17.321667,17.254538,20.056313,19.931519,19.27288,19.110186,16.880573,16.83417,0.0,0.0,0.0,0.0,0.0,0.0,0.0,0.0
38248,2023.0,9.0,23.0,14.0,19.868086,20.496218,17.935602,17.89735,19.17456,19.017689,19.01143,18.887075,17.710762,17.642801,17.31261,17.24616,20.520527,20.986916,19.093727,18.935934,16.874426,16.828588,0.0,0.0,0.0,0.0,0.0,4.0,0.0,0.0
38249,2023.0,9.0,23.0,14.0,19.340092,19.44884,17.888023,17.850847,19.097538,19.010094,19.449778,19.853384,17.661198,17.594639,17.693653,17.973112,20.653063,21.19081,18.949663,18.798811,16.86593,16.820942,0.0,0.0,4.0,0.0,4.0,4.0,0.0,0.0
38250,2023.0,9.0,23.0,15.0,19.756838,20.367891,18.247114,18.561628,19.666067,20.176113,19.550943,20.016994,17.616774,17.552904,20.229607,22.414967,19.936672,19.839039,18.878956,18.785465,16.855835,16.812109,4.0,4.0,4.0,0.0,0.0,0.0,0.0,0.0
38251,2023.0,9.0,23.0,15.0,19.894003,20.52058,20.229355,21.9422,19.238714,19.250048,18.996534,18.99488,17.570011,17.509426,18.734299,19.123474,19.59959,19.424608,18.783272,18.703085,16.844902,16.803293,4.0,0.0,0.0,0.0,0.0,0.0,0.0,0.0
38252,2023.0,9.0,23.0,15.0,19.887888,20.521305,20.00059,21.273323,19.500853,19.954166,18.653414,18.556946,17.52772,17.469688,18.238552,18.582172,20.23841,20.741377,18.680931,18.60456,16.832872,16.79336,4.0,4.0,0.0,0.0,4.0,4.0,0.0,0.0
38253,2023.0,9.0,23.0,15.0,19.888039,20.522945,20.03099,21.194286,19.085732,19.088814,18.523623,18.425802,17.49205,17.438011,20.216679,22.099325,20.46287,21.020363,18.59303,18.52294,16.8205,16.7834,4.0,0.0,0.0,0.0,0.0,4.0,0.0,0.0
38254,2023.0,9.0,23.0,15.0,19.877712,20.507965,20.04332,21.136578,18.75873,18.658049,19.096804,19.590704,17.46005,17.409428,18.866026,19.194275,20.499023,21.060114,19.542475,20.391327,17.748116,18.547672,0.0,0.0,4.0,0.0,0.0,4.0,4.0,4.0
38255,2023.0,9.0,23.0,15.0,19.883455,20.523966,19.069254,19.192413,18.636951,18.52561,19.29751,19.796608,17.431787,17.384779,18.053434,18.040539,19.851362,19.829279,18.954195,18.993114,20.291782,22.754288,0.0,0.0,4.0,0.0,0.0,0.0,0.0,0.0
38256,2023.0,9.0,23.0,16.0,19.890041,20.534502,18.489735,18.428583,19.21928,19.694073,18.762306,18.783085,18.137213,18.739273,17.864498,17.81878,19.508648,19.373117,18.536074,18.455194,18.367977,18.644695,0.0,4.0,0.0,4.0,0.0,0.0,0.0,0.0
38257,2023.0,9.0,23.0,16.0,19.88873,20.53036,18.770247,19.064293,18.828003,18.854082,18.519587,18.435038,20.26266,22.358122,17.789522,17.739706,19.398474,19.25058,18.421757,18.327534,17.702482,17.657373,4.0,0.0,0.0,0.0,0.0,0.0,0.0,0.0
38258,2023.0,9.0,23.0,16.0,19.887192,20.525702,20.160082,21.461622,18.52448,18.435936,18.40173,18.312271,19.197601,19.911623,17.713312,17.663158,19.315123,19.16953,18.33904,18.246386,17.50673,17.463892,4.0,0.0,0.0,4.0,0.0,0.0,0.0,0.0
38259,2023.0,9.0,23.0,16.0,19.879652,20.508198,20.006918,21.035656,18.430464,18.32681,18.321623,18.231974,20.201923,21.884588,17.646776,17.597227,19.307692,19.228374,18.302296,18.244337,17.38121,17.337557,4.0,0.0,0.0,0.0,0.0,0.0,0.0,0.0
38260,2023.0,9.0,23.0,16.0,19.30042,19.428288,20.026093,20.994463,18.4149,18.35327,18.920498,19.421047,18.800823,18.967932,17.590601,17.542604,19.27879,19.211828,18.259207,18.207787,17.285826,17.243425,4.0,0.0,4.0,0.0,0.0,0.0,0.0,0.0
38261,2023.0,9.0,23.0,16.0,18.975258,19.01421,20.040777,20.982597,18.39108,18.341002,18.61977,18.678875,18.080599,18.013695,17.944893,18.254734,20.022465,20.669804,18.209778,18.160194,17.208405,17.166925,0.0,0.0,0.0,0.0,4.0,4.0,0.0,0.0
38262,2023.0,9.0,23.0,17.0,19.528608,20.144821,19.474258,19.826777,18.356522,18.308695,18.309029,18.238838,17.922411,17.872644,20.249668,22.20495,19.513563,19.49853,18.164291,18.117195,17.145142,17.106644,4.0,0.0,0.0,0.0,0.0,0.0,0.0,0.0
38263,2023.0,9.0,23.0,17.0,19.136335,19.258282,20.13537,21.165962,18.3211,18.272898,18.793682,19.221054,18.559721,19.162184,19.159174,19.755526,19.182169,19.052416,18.12072,18.074707,17.089369,17.052654,0.0,0.0,4.0,4.0,4.0,0.0,0.0,0.0
38264,2023.0,9.0,23.0,17.0,18.835289,18.869959,19.175484,19.23688,18.96659,19.512411,19.037777,19.518326,20.255816,22.007826,20.219397,21.84518,19.822186,20.339373,18.079632,18.034603,17.040424,17.00515,0.0,4.0,4.0,0.0,0.0,4.0,0.0,0.0
38265,2023.0,9.0,23.0,17.0,19.403545,20.009901,19.10738,19.435404,18.669502,18.753334,19.092615,19.56858,18.785,18.938875,18.890486,19.070923,20.07701,20.636568,18.041403,17.99741,16.997625,16.964111,4.0,0.0,4.0,0.0,0.0,4.0,0.0,0.0
38266,2023.0,9.0,23.0,17.0,19.558273,20.180243,20.137163,21.258087,18.36841,18.260101,19.120356,19.590109,18.222918,18.114174,18.649773,18.837706,19.434072,19.383097,19.069952,19.97118,16.964134,16.93177,0.0,0.0,4.0,0.0,4.0,0.0,4.0,0.0
38267,2023.0,9.0,23.0,17.0,19.01558,19.12478,19.132336,19.195845,18.255875,18.130445,19.144358,19.606785,18.071268,18.009403,20.171883,21.588837,19.129128,18.984793,18.468876,18.496948,16.93003,16.899857,0.0,0.0,4.0,0.0,4.0,0.0,0.0,0.0
38268,2023.0,9.0,23.0,18.0,19.419773,20.0453,18.947203,19.16077,18.25545,18.187868,19.163914,19.619644,17.95764,17.903082,20.028952,21.192217,19.78077,20.301699,18.07011,17.98198,16.897099,16.868433,4.0,0.0,4.0,0.0,0.0,4.0,0.0,0.0
38269,2023.0,9.0,23.0,18.0,21.23782,23.118345,20.14915,21.262186,21.258339,23.506191,21.25716,23.259165,17.85002,17.795567,18.920223,18.982056,21.167295,22.629808,21.394732,23.80314,16.864809,16.836464,4.0,4.0,4.0,0.0,0.0,0.0,0.0,0.0
38270,2023.0,9.0,23.0,18.0,20.996727,22.412413,20.023678,20.929127,21.02002,22.71592,21.028612,22.598528,17.756851,17.702724,18.345713,18.28812,21.029043,22.18845,21.012648,22.84299,17.855423,18.741146,0.0,0.0,0.0,0.0,0.0,0.0,0.0,4.0
38271,2023.0,9.0,23.0,18.0,21.055223,22.417978,19.440735,19.723513,21.033167,22.50665,21.032652,22.430267,17.680605,17.629177,18.170906,18.107677,21.04302,22.102636,21.054314,22.72604,20.283659,22.715279,4.0,4.0,4.0,0.0,0.0,0.0,0.0,0.0
38272,2023.0,9.0,23.0,18.0,21.018158,22.230782,20.122368,21.07676,21.056885,22.430792,21.057539,22.392181,17.612646,17.561686,18.035387,17.968485,21.002947,21.938326,21.047718,22.571888,18.26965,18.431883,4.0,0.0,0.0,0.0,0.0,4.0,0.0,0.0
38273,2023.0,9.0,23.0,18.0,21.022602,22.176647,20.00402,20.783258,21.047462,22.306341,21.022575,22.220842,17.551062,17.499159,17.916254,17.845589,21.046288,21.986322,21.043879,22.462938,17.354599,17.252018,4.0,0.0,4.0,0.0,0.0,0.0,0.0,0.0
38274,2023.0,9.0,23.0,19.0,21.023188,22.131472,20.044645,20.837751,21.02585,22.163298,21.032541,22.18276,18.293959,18.95295,17.822166,17.755924,21.039164,21.921856,21.046545,22.392572,18.242996,19.098293,0.0,4.0,4.0,4.0,0.0,0.0,0.0,4.0
38275,2023.0,9.0,23.0,19.0,21.049364,22.166471,19.478205,19.693134,21.029617,22.115107,21.055658,22.203917,20.233656,22.157589,17.737299,17.673677,21.039724,21.883408,21.045166,22.332142,20.249866,22.377815,4.0,4.0,0.0,0.0,0.0,0.0,0.0,0.0
38276,2023.0,9.0,23.0,19.0,21.016268,22.042822,20.103996,20.980276,21.028667,22.070759,21.050072,22.150026,18.562527,18.621822,17.658398,17.59289,21.000635,21.77341,21.04449,22.285746,18.375988,18.455015,4.0,4.0,0.0,0.0,0.0,4.0,0.0,0.0
38277,2023.0,9.0,23.0,19.0,21.021334,22.026884,20.00778,20.733686,21.027002,22.033033,21.022106,22.038836,17.754028,17.578335,17.58437,17.515587,21.01526,21.780676,21.042257,22.245657,17.506235,17.353565,4.0,4.0,4.0,0.0,0.0,4.0,0.0,0.0
38278,2023.0,9.0,23.0,19.0,21.088953,22.163696,20.049963,20.781008,21.057304,22.058985,21.101269,22.19616,17.694283,17.624035,17.52023,17.449677,21.029364,21.78984,21.023096,22.136036,17.40267,17.340836,4.0,4.0,0.0,0.0,0.0,4.0,4.0,0.0
38279,2023.0,9.0,23.0,19.0,21.041964,21.9941,20.048035,20.738161,21.055801,22.020096,21.09845,22.136824,17.635645,17.56684,17.46399,17.392464,21.02864,21.77012,21.039965,22.145445,17.319103,17.25889,4.0,4.0,0.0,0.0,0.0,4.0,4.0,0.0
38280,2023.0,9.0,23.0,20.0,21.043274,21.997011,20.047604,20.717377,21.055052,21.994627,21.078571,22.097145,17.567064,17.497818,17.411972,17.338976,21.081093,21.88486,21.105272,22.282473,17.234934,17.175034,4.0,4.0,0.0,0.0,0.0,0.0,0.0,0.0
38281,2023.0,9.0,23.0,20.0,21.018206,21.93912,20.020926,20.655008,21.023531,21.919737,21.034716,22.017626,17.509413,17.443935,17.36684,17.293549,21.00436,21.68798,21.043304,22.123625,18.168924,19.01182,4.0,4.0,0.0,0.0,0.0,4.0,0.0,4.0
38282,2023.0,9.0,23.0,20.0,21.021175,21.935907,20.024185,20.649391,21.052652,21.98082,21.039768,22.023418,17.455498,17.39096,17.321789,17.24642,21.04516,21.77988,21.051414,22.114498,20.262072,22.42246,4.0,0.0,0.0,0.0,0.0,0.0,0.0,0.0
38283,2023.0,9.0,23.0,20.0,21.047962,21.999687,20.041985,20.688625,21.0465,21.946024,21.038616,22.014135,17.404486,17.33528,17.280203,17.20235,21.008692,21.672976,21.04999,22.08966,18.321856,18.34531,0.0,0.0,0.0,0.0,0.0,4.0,0.0,0.0
38284,2023.0,9.0,23.0,20.0,21.042076,21.970825,19.46477,19.544687,21.04655,21.924425,21.038452,22.005892,17.358644,17.287214,17.60436,17.84034,21.014437,21.679523,21.0397,22.070024,17.443968,17.250055,4.0,0.0,0.0,0.0,4.0,4.0,0.0,0.0
38285,2023.0,9.0,23.0,20.0,21.015265,21.880383,20.10026,20.862217,21.02071,21.833961,21.01307,21.927408,18.039804,18.60383,20.360628,22.407925,21.013742,21.674517,21.001347,21.963032,17.368933,17.292126,4.0,4.0,4.0,4.0,0.0,4.0,4.0,0.0
38286,2023.0,9.0,23.0,21.0,21.047953,21.956573,20.03155,20.691566,21.051569,21.904642,21.017859,21.93457,20.270317,22.313719,18.705666,18.965757,21.013977,21.671051,21.05899,22.09108,17.312017,17.246618,0.0,0.0,4.0,0.0,0.0,4.0,0.0,0.0
38287,2023.0,9.0,23.0,21.0,21.04151,21.928656,19.466003,19.553247,21.045555,21.877392,21.055302,22.002169,18.444103,18.439001,17.810255,17.746063,21.014206,21.667131,21.009146,21.945536,17.229494,17.161955,4.0,0.0,0.0,0.0,0.0,4.0,4.0,0.0
38288,2023.0,9.0,23.0,21.0,21.042097,21.914783,20.12547,20.926783,21.007734,21.791454,21.04816,21.961945,17.593166,17.363752,17.992601,18.221973,21.014305,21.662563,21.017548,21.954391,17.15591,17.086088,0.0,4.0,0.0,0.0,4.0,4.0,4.0,0.0
38289,2023.0,9.0,23.0,21.0,21.002905,21.827124,19.121443,18.915417,21.052979,21.885286,21.048887,21.940453,17.552507,17.45532,20.32516,22.11818,21.014364,21.657534,21.016699,21.947083,17.092472,17.021187,0.0,0.0,0.0,0.0,4.0,4.0,4.0,0.0
38290,2023.0,9.0,23.0,21.0,21.05051,21.92934,18.736649,18.56334,21.044344,21.850496,21.047821,21.91833,17.513817,17.4226,20.003672,21.354166,21.045444,21.732107,21.058151,22.05042,17.034584,16.959738,0.0,0.0,0.0,0.0,4.0,0.0,0.0,0.0
38291,2023.0,9.0,23.0,21.0,21.040686,21.896479,19.08848,19.303411,21.018934,21.763618,21.034676,21.900986,17.44258,17.349209,20.0621,21.317389,21.007967,21.624561,21.0476,22.013325,16.984037,16.906275,4.0,4.0,0.0,0.0,0.0,4.0,0.0,0.0
38292,2023.0,9.0,23.0,22.0,21.182043,22.16517,20.138374,21.111603,21.051105,21.839365,21.037033,21.907488,17.38222,17.28971,18.678627,18.539963,21.132298,21.886505,21.049541,21.998228,17.858616,18.593428,0.0,0.0,0.0,0.0,0.0,0.0,0.0,4.0
38293,2023.0,9.0,23.0,22.0,21.029379,21.868221,19.280924,19.339386,21.045292,21.814829,21.036736,21.905823,17.325348,17.229769,17.892574,17.550367,21.039543,21.685257,21.049377,21.981422,20.306038,22.613605,0.0,0.0,0.0,0.0,0.0,0.0,0.0,0.0
38294,2023.0,9.0,23.0,22.0,21.031488,21.879486,18.740307,18.594198,21.03267,21.80303,21.036596,21.9024,17.274101,17.175343,17.838377,17.674545,21.009897,21.596329,21.038269,21.9673,18.209536,18.184559,0.0,0.0,0.0,0.0,0.0,4.0,0.0,0.0
38295,2023.0,9.0,23.0,22.0,21.03048,21.881002,18.56799,18.387096,21.03379,21.810883,21.035997,21.89743,17.225132,17.121172,17.784088,17.650806,21.046862,21.687878,21.038803,21.971264,17.287018,17.041887,0.0,0.0,0.0,0.0,0.0,0.0,0.0,0.0
38296,2023.0,9.0,23.0,22.0,21.063135,21.94488,18.466387,18.27912,21.06799,21.878628,21.073992,21.966316,17.181425,17.073875,17.67234,17.538921,21.080448,21.739965,21.079546,22.04989,17.249733,17.157328,0.0,0.0,0.0,0.0,0.0,0.0,0.0,0.0
38297,2023.0,9.0,23.0,22.0,21.062506,21.93156,18.382671,18.193213,21.067358,21.86465,21.073137,21.947458,17.141342,17.030458,17.568197,17.431267,21.07946,21.718218,21.010113,21.859447,17.184,17.083715,0.0,0.0,0.0,0.0,0.0,0.0,4.0,0.0
38298,2023.0,9.0,23.0,23.0,21.062845,21.929136,18.308733,18.117039,21.06776,21.861666,21.073328,21.942316,17.10327,16.98897,17.47236,17.33237,21.057413,21.689585,21.10136,22.08537,17.106668,17.004038,0.0,0.0,0.0,0.0,0.0,0.0,0.0,0.0
38299,2023.0,9.0,23.0,23.0,20.25609,20.376053,18.251535,18.066753,20.207695,20.20625,20.143423,20.151924,17.072025,16.959234,17.39559,17.262493,20.279636,20.206894,19.807137,19.549692,17.749384,18.270561,0.0,0.0,0.0,0.0,0.0,0.0,0.0,4.0
38300,2023.0,9.0,23.0,23.0,19.876938,19.850689,18.201607,18.014967,19.758207,19.553055,19.684557,19.491632,17.043375,16.92838,17.329144,17.192028,19.961433,19.790552,19.287735,18.88658,17.253944,17.179054,0.0,0.0,0.0,0.0,0.0,0.0,0.0,0.0
38301,2023.0,9.0,23.0,23.0,19.706005,19.666443,18.154058,17.965841,19.568266,19.341217,19.47931,19.27097,17.014452,16.89718,17.265669,17.124952,19.812445,19.639408,19.052246,18.649828,16.909348,16.641226,0.0,0.0,0.0,0.0,0.0,0.0,0.0,0.0
38302,2023.0,9.0,23.0,23.0,19.582006,19.543697,18.111946,17.924078,19.43241,19.20744,19.332848,19.126741,16.986675,16.868114,17.20903,17.067217,19.688393,19.513853,19.103193,18.941,16.79068,16.51499,0.0,0.0,0.0,0.0,0.0,0.0,0.0,0.0
38303,2023.0,9.0,23.0,23.0,19.476957,19.439426,18.072153,17.884552,19.316887,19.093998,19.209545,19.005758,16.958946,16.83908,17.47458,17.612116,19.57968,19.404776,19.016815,18.869184,16.885042,16.786812,0.0,0.0,0.0,0.0,4.0,0.0,0.0,0.0
38304,2023.0,9.0,24.0,0.0,19.388723,19.355604,18.0363,17.850464,19.219677,19.002811,19.106104,18.908745,16.932467,16.812323,17.233784,17.107904,19.485542,19.313559,18.910894,18.766464,17.592129,18.133183,0.0,0.0,0.0,0.0,0.0,0.0,0.0,4.0
38305,2023.0,9.0,24.0,0.0,19.307335,19.275526,18.001642,17.816475,19.130247,18.916168,19.011406,18.816814,16.905844,16.785007,17.116447,16.973772,19.398016,19.226368,18.809399,18.665728,16.923218,16.687311,0.0,0.0,0.0,0.0,0.0,0.0,0.0,0.0
38306,2023.0,9.0,24.0,0.0,19.232168,19.199823,17.968029,17.782785,19.047817,18.834604,18.924576,18.730583,17.458628,17.8453,17.06285,16.91907,20.040304,20.512836,18.713829,18.568853,16.688417,16.409527,0.0,0.0,0.0,4.0,0.0,4.0,0.0,0.0
38307,2023.0,9.0,24.0,0.0,19.165407,19.134026,17.936583,17.75197,18.974415,18.76369,18.847229,18.655674,17.084486,16.999329,17.013763,16.869755,19.253235,18.893545,18.627794,18.483322,17.348623,17.72447,0.0,0.0,0.0,0.0,0.0,0.0,0.0,4.0
38308,2023.0,9.0,24.0,0.0,19.103312,19.071497,17.905909,17.721327,18.906008,18.696474,18.77508,18.584652,17.504517,17.881378,17.257391,17.36305,18.96408,18.529997,18.547354,18.40212,16.806791,16.54855,0.0,0.0,0.0,4.0,4.0,0.0,0.0,0.0
38309,2023.0,9.0,24.0,0.0,19.04619,19.014261,17.876581,17.692068,18.842947,18.6349,18.709003,18.519838,16.92583,16.643303,17.05591,16.93048,18.85551,18.425432,18.473347,18.327719,16.608614,16.32724,0.0,0.0,0.0,0.0,0.0,0.0,0.0,0.0
38310,2023.0,9.0,24.0,1.0,18.990133,18.955212,17.846989,17.660955,18.781378,18.5721,18.644796,18.453997,16.703693,16.38185,16.939472,16.790154,19.017298,18.847198,18.402075,18.253487,16.533257,16.252523,0.0,0.0,0.0,0.0,0.0,0.0,0.0,0.0
38311,2023.0,9.0,24.0,1.0,18.946804,18.918766,17.825197,17.644749,18.73293,18.53185,18.594164,18.411469,16.64384,16.337381,16.899336,16.755592,18.997765,18.825659,18.344072,18.201082,17.339611,17.843653,0.0,0.0,0.0,0.0,0.0,0.0,0.0,4.0
38312,2023.0,9.0,24.0,1.0,18.904495,18.88092,17.804466,17.628826,18.686499,18.491,18.545584,18.368238,16.76274,16.636915,16.86193,16.721542,18.955051,18.785955,18.288704,18.148573,16.740002,16.509357,0.0,0.0,0.0,0.0,0.0,0.0,0.0,0.0
38313,2023.0,9.0,24.0,1.0,18.862741,18.84134,17.78383,17.611916,18.641092,18.44853,18.498236,18.323391,16.776457,16.657545,16.827513,16.688555,18.913385,18.74556,18.235764,18.096329,16.538023,16.277866,0.0,0.0,0.0,0.0,0.0,0.0,0.0,0.0
38314,2023.0,9.0,24.0,1.0,18.826311,18.8097,17.765457,17.5985,18.60151,18.414677,18.456923,18.287611,16.759092,16.643242,16.799044,16.66396,18.876322,18.712101,18.189568,18.053497,16.628849,16.524845,0.0,0.0,0.0,0.0,0.0,0.0,0.0,0.0
38315,2023.0,9.0,24.0,1.0,18.792135,18.780006,17.748032,17.585953,18.564623,18.383362,18.418262,18.254404,16.743357,16.630651,16.773933,16.64273,18.842281,18.681677,18.147255,18.014544,16.619246,16.518671,0.0,0.0,0.0,0.0,0.0,0.0,0.0,0.0
38316,2023.0,9.0,24.0,2.0,18.760221,18.752357,17.732206,17.57594,18.531841,18.358171,18.383915,18.227673,16.72904,16.620264,16.752796,16.626839,18.812374,18.657015,18.109837,17.982323,17.32406,17.866165,0.0,0.0,0.0,0.0,0.0,0.0,0.0,4.0
38317,2023.0,9.0,24.0,2.0,18.7283,18.723328,17.715794,17.563972,18.498587,18.329842,18.349215,18.197714,17.287834,17.684084,16.73242,16.60997,18.783024,18.630966,18.073233,17.948753,16.70904,16.519714,0.0,0.0,0.0,4.0,0.0,0.0,0.0,0.0
38318,2023.0,9.0,24.0,2.0,18.69821,18.696192,17.699873,17.552366,18.466959,18.30296,18.316484,18.169455,16.930893,16.86905,16.713926,16.594975,18.75564,18.606861,18.038982,17.917517,17.261091,17.697105,0.0,0.0,0.0,0.0,0.0,0.0,0.0,4.0
38319,2023.0,9.0,24.0,2.0,18.669418,18.669949,17.684319,17.540863,18.436441,18.276695,18.285034,18.141962,17.38518,17.80359,16.69681,16.581165,18.729641,18.583834,18.00636,17.887524,17.47618,17.93969,0.0,0.0,0.0,4.0,0.0,0.0,0.0,4.0
38320,2023.0,9.0,24.0,2.0,18.642687,18.64638,17.669548,17.53035,18.407925,18.252916,18.255978,18.117275,17.437635,17.74452,16.681337,16.569311,18.70558,18.56322,17.976082,17.860468,16.807428,16.616955,0.0,0.0,0.0,4.0,0.0,0.0,0.0,0.0
38321,2023.0,9.0,24.0,2.0,19.317726,19.938377,17.655201,17.520075,18.38046,18.22987,18.228144,18.093485,16.913092,16.721542,16.666893,16.558361,18.682625,18.543522,17.947124,17.8345,16.619371,16.407288,0.0,0.0,0.0,0.0,0.0,0.0,0.0,0.0
38322,2023.0,9.0,24.0,3.0,18.87564,18.967428,17.64135,17.510313,18.354227,18.208113,18.201382,18.07097,17.322456,17.613007,16.653494,16.548504,18.661,18.525244,17.919645,17.810125,17.29933,17.755909,0.0,0.0,0.0,4.0,0.0,0.0,0.0,4.0
38323,2023.0,9.0,24.0,3.0,18.508867,18.335415,17.62726,17.499687,18.328289,18.18586,18.174858,18.047935,16.8879,16.685413,16.640406,16.538393,18.63996,18.506954,17.892729,17.785679,17.519236,18.009329,0.0,0.0,0.0,0.0,0.0,0.0,0.0,4.0
38324,2023.0,9.0,24.0,3.0,18.392414,18.20083,17.61339,17.489216,18.303303,18.164536,18.149597,18.026024,17.323511,17.627844,16.627928,16.52888,18.619705,18.489506,17.866898,17.762402,16.852661,16.688663,0.0,0.0,0.0,4.0,0.0,0.0,0.0,0.0
38325,2023.0,9.0,24.0,3.0,18.504457,18.491915,17.59969,17.478785,18.278969,18.143604,18.125132,18.004642,16.885212,16.685205,16.615936,16.51975,18.599842,18.472288,17.841793,17.739664,16.658607,16.464584,0.0,0.0,0.0,0.0,0.0,0.0,0.0,0.0
38326,2023.0,9.0,24.0,3.0,18.53562,18.563282,17.58654,17.469112,18.25587,18.124332,18.101734,17.984888,16.734678,16.524057,16.604675,16.511536,18.580832,18.456257,17.81797,17.71864,17.336113,17.810287,0.0,0.0,0.0,0.0,0.0,0.0,0.0,4.0
38327,2023.0,9.0,24.0,3.0,18.52632,18.56316,17.57343,17.459246,18.233082,18.104889,18.078547,17.964897,16.79691,16.70847,16.593729,16.503437,18.56201,18.44007,17.794525,17.697569,16.803019,16.658268,0.0,0.0,0.0,0.0,0.0,0.0,0.0,0.0
38328,2023.0,9.0,24.0,4.0,18.506052,18.544495,17.559902,17.44828,18.209887,18.083853,18.055004,17.943306,16.793015,16.713875,16.582819,16.494911,18.542995,18.422956,17.771034,17.675638,16.620792,16.441273,0.0,0.0,0.0,0.0,0.0,0.0,0.0,0.0
38329,2023.0,9.0,24.0,4.0,18.48546,18.526,17.54711,17.438475,18.18836,18.065468,18.033045,17.924376,16.769876,16.693003,16.572626,16.487337,18.525108,18.407598,17.749,17.655907,16.670403,16.60745,0.0,0.0,0.0,0.0,0.0,0.0,0.0,0.0
38330,2023.0,9.0,24.0,4.0,18.464777,18.507181,17.534597,17.42891,18.167486,18.047684,18.011568,17.905949,16.748379,16.673777,16.562853,16.480156,18.507706,18.392704,17.72769,17.636873,16.642626,16.576036,0.0,0.0,0.0,0.0,0.0,0.0,0.0,0.0
38331,2023.0,9.0,24.0,4.0,18.445091,18.490269,17.52304,17.421045,18.148302,18.032808,17.991785,17.890493,16.729382,16.658123,16.844204,17.016085,18.491482,18.379807,17.707819,17.6202,17.340073,17.916876,0.0,0.0,0.0,0.0,4.0,0.0,0.0,4.0
38332,2023.0,9.0,24.0,4.0,18.423855,18.46993,17.51062,17.410973,18.127626,18.01429,17.970642,17.871359,16.710133,16.640371,16.644478,16.56221,18.47426,18.364464,17.686953,17.60088,17.511223,18.058905,0.0,0.0,0.0,0.0,0.0,0.0,0.0,4.0
38333,2023.0,9.0,24.0,4.0,18.405043,18.45387,17.499647,17.403198,18.109224,17.999619,18.588823,19.053627,16.693708,16.62685,16.59265,16.517632,18.458637,18.3519,18.665373,19.462555,16.855968,16.757505,0.0,0.0,4.0,0.0,0.0,0.0,4.0,0.0
38334,2023.0,9.0,24.0,5.0,18.385473,18.43587,17.488321,17.394487,18.090527,17.98347,18.204714,18.187767,16.677652,16.612808,16.577084,16.504766,18.442617,18.338158,18.855814,19.570507,16.651041,16.500786,0.0,0.0,0.0,0.0,0.0,0.0,4.0,0.0
38335,2023.0,9.0,24.0,5.0,18.366611,18.418745,17.477139,17.385904,18.072922,17.968332,17.91024,17.691124,16.662834,16.60008,16.563082,16.493132,18.427063,18.324947,18.016651,17.89596,16.586174,16.442694,0.0,0.0,0.0,0.0,0.0,0.0,0.0,0.0
38336,2023.0,9.0,24.0,5.0,18.347939,18.40158,17.465929,17.377151,18.055676,17.95331,17.807983,17.57261,16.64882,16.587984,16.551052,16.483181,18.411657,18.311714,17.768171,17.57614,17.390535,18.01971,0.0,0.0,0.0,0.0,0.0,0.0,0.0,4.0
38337,2023.0,9.0,24.0,5.0,18.329512,18.38445,17.454786,17.368353,18.038475,17.938274,17.879198,17.769949,17.21661,17.6678,16.540014,16.474194,18.396446,18.298525,17.6864,17.498661,17.562208,18.137726,0.0,0.0,0.0,4.0,0.0,0.0,0.0,4.0
38338,2023.0,9.0,24.0,5.0,18.312065,18.368582,17.444046,17.360075,18.661499,19.127853,17.894398,17.806149,16.855473,16.848368,16.530066,16.466425,19.125574,19.69258,17.628826,17.44819,16.888699,16.80525,0.0,4.0,0.0,0.0,0.0,4.0,0.0,0.0
38339,2023.0,9.0,24.0,5.0,18.29526,18.353125,17.856289,18.145576,18.28291,18.275309,18.533571,19.027264,17.301481,17.757204,16.815363,17.009539,18.632965,18.610218,17.680965,17.604176,16.685495,16.551601,4.0,0.0,4.0,4.0,4.0,0.0,0.0,0.0
38340,2023.0,9.0,24.0,6.0,18.27944,18.33888,17.624905,17.61091,17.996456,17.787235,18.753231,19.28725,17.427155,17.848747,16.64527,16.615435,19.067604,19.483335,18.67061,19.480545,17.358042,17.88374,0.0,0.0,4.0,4.0,0.0,4.0,4.0,4.0
38341,2023.0,9.0,24.0,6.0,21.30062,23.629036,17.903963,18.181807,21.381807,23.639626,21.285856,23.640905,20.317268,22.862898,16.563002,16.505365,21.201828,23.166862,21.340715,23.994045,20.327055,22.95032,4.0,4.0,0.0,0.0,0.0,4.0,0.0,4.0
38342,2023.0,9.0,24.0,6.0,20.985044,22.706902,20.267496,22.220057,21.018167,22.744526,21.02434,22.796791,18.734947,19.321312,16.546877,16.49067,21.010574,22.522245,20.993462,22.906868,19.999538,21.946207,0.0,0.0,0.0,4.0,0.0,4.0,4.0,4.0
38343,2023.0,9.0,24.0,6.0,21.039291,22.603662,18.965313,19.329802,21.039059,22.5456,21.065342,22.664417,20.26924,22.329906,16.537685,16.48297,21.030415,22.379942,21.035435,22.752157,20.072182,21.87698,4.0,4.0,0.0,4.0,0.0,4.0,4.0,0.0
38344,2023.0,9.0,24.0,6.0,21.206501,22.796934,20.236864,21.82739,21.166588,22.67302,21.184986,22.777998,20.008997,21.588142,16.839502,17.055447,21.16348,22.516766,21.243937,23.008244,19.031002,19.652344,4.0,0.0,0.0,4.0,4.0,4.0,4.0,4.0
38345,2023.0,9.0,24.0,6.0,21.055529,22.40858,20.026827,21.24769,21.02899,22.26705,21.02293,22.339163,20.170626,21.773214,20.357506,23.034016,21.023466,22.138086,21.064766,22.555048,21.47962,24.041945,0.0,4.0,4.0,0.0,0.0,4.0,0.0,0.0
38346,2023.0,9.0,24.0,7.0,21.022312,22.244,18.819944,18.810305,21.03318,22.201273,21.036596,22.282837,18.590273,18.600153,18.442497,18.869085,21.022184,22.065739,21.017199,22.340515,19.43066,19.622757,0.0,4.0,4.0,0.0,0.0,4.0,4.0,0.0
38347,2023.0,9.0,24.0,7.0,21.026522,22.19821,18.687698,18.966434,21.030704,22.141768,21.033072,22.216078,18.57048,19.046595,17.323984,17.281324,21.020315,22.008821,21.023235,22.28909,18.033504,17.836876,4.0,4.0,4.0,4.0,0.0,4.0,4.0,0.0
38348,2023.0,9.0,24.0,7.0,21.191639,22.5078,20.180359,21.551374,21.189354,22.436075,21.184849,22.494158,20.22714,21.912737,17.545996,17.847008,21.136847,22.218231,21.298918,22.793396,17.832996,17.748774,4.0,0.0,0.0,0.0,4.0,0.0,4.0,0.0
38349,2023.0,9.0,24.0,7.0,21.01829,22.099247,20.012346,21.075417,21.048687,22.110582,21.051353,22.182394,18.649277,18.673021,20.289383,22.574928,21.013319,21.908388,21.019766,22.190228,17.695896,17.624397,4.0,0.0,0.0,0.0,0.0,4.0,4.0,0.0
38350,2023.0,9.0,24.0,7.0,21.024294,22.08631,20.050253,21.071959,21.023277,22.00737,21.02589,22.078728,17.86435,17.692429,18.604132,18.939531,21.048138,21.970552,21.01961,22.161676,17.56236,17.497957,0.0,4.0,4.0,0.0,0.0,0.0,4.0,0.0
38351,2023.0,9.0,24.0,7.0,21.022535,22.065369,18.98171,18.950314,21.02738,21.994637,21.03016,22.06634,17.747269,17.666761,17.640318,17.61176,21.011612,21.849966,21.05844,22.241667,17.452507,17.394363,0.0,4.0,4.0,0.0,0.0,4.0,0.0,0.0
38352,2023.0,9.0,24.0,8.0,21.04949,22.124395,18.351229,18.122019,21.05212,22.047579,21.054897,22.11974,17.658915,17.589811,17.42964,17.368523,21.047245,21.92309,21.047897,22.188747,17.358192,17.302504,0.0,0.0,0.0,0.0,0.0,0.0,0.0,0.0
38353,2023.0,9.0,24.0,8.0,19.981949,20.054577,18.285236,18.17529,19.936008,19.885832,19.874344,19.835545,17.571814,17.516335,17.335009,17.28372,20.012312,19.910688,20.601093,21.258675,17.288292,17.243547,0.0,0.0,0.0,0.0,0.0,0.0,4.0,0.0
38354,2023.0,9.0,24.0,8.0,19.521496,19.427416,18.240936,18.153696,19.42751,19.168009,19.91456,20.168428,17.507263,17.455854,17.272434,17.2229,19.611406,19.366808,19.613508,19.49164,17.23663,17.19615,0.0,0.0,4.0,0.0,0.0,0.0,0.0,0.0
38355,2023.0,9.0,24.0,8.0,19.33977,19.252357,18.176023,18.096048,19.342375,19.203894,19.397856,19.266912,17.44947,17.403662,17.219845,17.175428,20.34271,20.914593,19.227951,19.024866,17.190065,17.15459,0.0,0.0,0.0,0.0,0.0,4.0,0.0,0.0
38356,2023.0,9.0,24.0,8.0,19.331758,19.379984,18.520784,18.797997,19.909842,20.3845,19.097073,18.87989,17.399384,17.358175,17.175924,17.135904,19.682636,19.568087,19.038963,18.84682,17.149351,17.118013,4.0,4.0,0.0,0.0,0.0,0.0,0.0,0.0
38357,2023.0,9.0,24.0,8.0,19.27105,19.34697,20.19884,21.695621,19.486197,19.53893,18.9445,18.73667,17.35534,17.318386,17.138102,17.101923,19.392412,19.185825,18.89786,18.721764,17.113304,17.085901,4.0,0.0,0.0,0.0,0.0,0.0,0.0,0.0
38358,2023.0,9.0,24.0,9.0,19.902235,20.623737,20.004698,21.12328,19.64094,20.007305,18.901669,18.801252,17.310701,17.277403,17.101376,17.069035,19.26157,19.064783,18.842548,18.760279,17.076069,17.051786,4.0,4.0,0.0,0.0,0.0,0.0,0.0,0.0
38359,2023.0,9.0,24.0,9.0,19.355783,19.417542,20.047264,21.106192,19.18798,19.105078,18.837463,18.76478,17.275059,17.24673,17.07449,17.047632,19.26245,19.174568,18.766794,18.702236,17.045023,17.024956,0.0,0.0,0.0,0.0,0.0,0.0,0.0,0.0
38360,2023.0,9.0,24.0,9.0,19.018217,19.015776,19.05261,19.112522,18.880304,18.718218,18.756907,18.695282,17.24709,17.224146,17.05645,17.035767,19.229885,19.163061,18.682034,18.626719,17.019548,17.003721,0.0,0.0,0.0,0.0,0.0,0.0,0.0,0.0
38361,2023.0,9.0,24.0,9.0,18.94089,18.949783,18.609713,18.474314,19.38751,19.755655,18.695042,18.639008,17.22811,17.209078,17.04736,17.031473,19.184523,19.12484,18.61737,18.566786,17.001196,16.98856,0.0,4.0,0.0,0.0,0.0,0.0,0.0,0.0
38362,2023.0,9.0,24.0,9.0,19.6956,20.441183,18.932386,19.219648,18.997725,18.959097,18.64019,18.592451,17.212278,17.197653,17.040346,17.029495,19.142324,19.089525,18.561062,18.51704,16.98592,16.976902,4.0,0.0,0.0,0.0,0.0,0.0,0.0,0.0
38363,2023.0,9.0,24.0,9.0,19.17496,19.311247,20.162348,21.389486,18.801796,18.680944,18.592203,18.552084,17.19989,17.189123,17.035797,17.029404,19.106377,19.059448,18.51305,18.474802,16.973663,16.967884,0.0,0.0,0.0,0.0,0.0,0.0,0.0,0.0
38364,2023.0,9.0,24.0,10.0,18.872314,18.931389,19.21786,19.426651,18.714863,18.606304,18.543058,18.510818,17.188808,17.181711,17.033625,17.031193,19.070875,19.029661,18.465143,18.432365,16.962461,16.959745,0.0,0.0,0.0,0.0,0.0,0.0,0.0,0.0
38365,2023.0,9.0,24.0,10.0,18.811747,18.869322,18.773262,18.74796,18.709967,18.655222,19.19536,19.775105,17.181992,17.176947,17.0357,17.0359,19.043007,19.004074,18.427837,18.397226,16.954754,16.953808,0.0,0.0,4.0,0.0,0.0,0.0,0.0,0.0
38366,2023.0,9.0,24.0,10.0,18.820692,18.932772,19.034777,19.356104,18.683619,18.643406,18.771692,18.845497,17.176912,17.17406,17.431667,17.779472,19.017792,18.981346,18.394316,18.366308,16.949232,16.950224,4.0,0.0,0.0,0.0,4.0,0.0,0.0,0.0
38367,2023.0,9.0,24.0,10.0,19.48402,20.20137,20.130451,21.274614,18.650398,18.616354,18.546207,18.507711,17.174002,17.17339,20.2656,22.620913,18.996443,18.962664,18.365969,18.34098,16.946545,16.94961,4.0,0.0,0.0,0.0,4.0,0.0,0.0,0.0
38368,2023.0,9.0,24.0,10.0,19.092224,19.250637,20.02167,20.968945,18.614756,18.58563,18.467297,18.429445,17.17369,17.17552,20.004618,21.767267,18.975044,18.943478,18.336887,18.314138,16.944983,16.95032,0.0,0.0,0.0,0.0,0.0,0.0,0.0,0.0
38369,2023.0,9.0,24.0,10.0,18.85704,18.975206,19.207897,19.339481,19.251118,19.811476,18.440876,18.426569,17.175314,17.17973,18.672464,18.96109,18.957157,18.92847,18.312244,18.292442,16.944632,16.952343,0.0,4.0,0.0,0.0,0.0,0.0,0.0,0.0
38370,2023.0,9.0,24.0,11.0,19.46962,20.165071,18.837177,18.794273,18.868767,18.95497,18.417507,18.410517,17.178968,17.18641,18.121824,18.119661,18.943697,18.917223,18.293642,18.275894,16.945948,16.956331,0.0,0.0,0.0,0.0,0.0,0.0,0.0,0.0
38371,2023.0,9.0,24.0,11.0,19.02525,19.207308,18.728373,18.701344,18.66169,18.641,18.39214,18.388544,17.181452,17.190243,17.983929,17.967972,18.93093,18.906082,18.276716,18.260567,16.946276,16.957752,0.0,0.0,0.0,0.0,0.0,0.0,0.0,0.0
38372,2023.0,9.0,24.0,11.0,18.864761,18.987782,18.638155,18.618307,18.605637,18.582546,18.367632,18.365492,17.184416,17.194628,17.88392,17.86206,18.918604,18.894638,18.260658,18.245275,16.946796,16.959333,0.0,0.0,0.0,0.0,0.0,0.0,0.0,0.0
38373,2023.0,9.0,24.0,11.0,19.534786,20.291374,18.574575,18.564768,18.577538,18.566021,18.347435,18.348621,17.187105,17.198303,17.82078,17.8083,18.908148,18.88625,18.247162,18.233944,16.947605,16.961119,0.0,0.0,0.0,0.0,0.0,0.0,0.0,0.0
38374,2023.0,9.0,24.0,11.0,19.059324,19.259144,18.963308,19.348885,18.550634,18.542898,18.32782,18.331179,17.19042,17.202902,17.764046,17.755276,18.897863,18.877424,18.234158,18.222393,16.949036,16.96368,4.0,0.0,0.0,0.0,0.0,0.0,0.0,0.0
38375,2023.0,9.0,24.0,11.0,18.89379,19.035004,20.155613,21.410164,18.526928,18.52248,18.310133,18.315905,17.194622,17.20849,17.716604,17.711199,18.888556,18.869669,18.222387,18.2122,16.950977,16.96681,0.0,0.0,0.0,0.0,0.0,0.0,0.0,0.0
38376,2023.0,9.0,24.0,12.0,18.839334,18.984705,19.23921,19.47099,18.50357,18.502417,18.292004,18.30034,17.199808,17.21505,17.671066,17.67096,18.879124,18.861872,18.210405,18.201843,16.953533,16.970642,0.0,0.0,0.0,0.0,0.0,0.0,0.0,0.0
38377,2023.0,9.0,24.0,12.0,21.267036,23.257158,18.824966,18.845867,21.251049,23.363981,21.281796,23.567856,17.205492,17.222557,17.641743,17.644537,21.24056,22.997334,21.436357,23.816856,17.948097,18.85269,0.0,4.0,0.0,0.0,0.0,0.0,0.0,4.0
38378,2023.0,9.0,24.0,12.0,21.014252,22.541931,18.680946,18.69033,21.010748,22.61051,21.00206,22.69649,17.21394,17.232483,17.611712,17.618698,21.014278,22.403334,21.004763,22.753298,20.277817,22.654789,0.0,0.0,0.0,0.0,0.0,0.0,0.0,0.0
38379,2023.0,9.0,24.0,12.0,21.04412,22.447178,18.589445,18.59903,21.024246,22.41936,21.04886,22.589748,17.224,17.24435,17.586212,17.596687,21.037924,22.286674,21.049078,22.628345,18.479584,18.793478,0.0,4.0,0.0,0.0,0.0,0.0,0.0,0.0
38380,2023.0,9.0,24.0,12.0,21.007687,22.249443,18.516478,18.524374,21.01917,22.281298,21.03719,22.431856,17.235596,17.258293,17.565033,17.577839,21.029892,22.153637,21.036709,22.45462,17.676237,17.730543,0.0,4.0,0.0,0.0,0.0,0.0,0.0,0.0
38381,2023.0,9.0,24.0,12.0,21.083649,22.351274,18.46022,18.470072,21.09184,22.352144,21.092928,22.43525,17.247423,17.272108,17.549133,17.564936,21.073057,22.144115,21.093744,22.446728,17.518343,17.527105,0.0,0.0,0.0,0.0,0.0,0.0,0.0,0.0
38382,2023.0,9.0,24.0,13.0,21.02905,22.180765,18.881462,19.304491,21.006477,22.090082,21.03164,22.24876,17.25895,17.28499,17.537954,17.55749,21.025438,21.98956,21.030703,22.246965,17.451414,17.46381,4.0,4.0,0.0,0.0,0.0,0.0,0.0,0.0
38383,2023.0,9.0,24.0,13.0,21.036276,22.151678,20.16306,21.465635,21.044785,22.137678,21.039427,22.212475,17.271353,17.29904,17.529602,17.55205,21.029894,21.950525,21.03843,22.202133,17.408981,17.424511,0.0,0.0,0.0,0.0,0.0,0.0,0.0,0.0
38384,2023.0,9.0,24.0,13.0,21.031193,22.113123,19.225931,19.471008,21.036871,22.078749,21.03756,22.167948,17.284342,17.313599,17.525677,17.550865,21.02879,21.910538,21.036469,22.151062,17.37988,17.398306,0.0,0.0,0.0,0.0,0.0,0.0,0.0,0.0
38385,2023.0,9.0,24.0,13.0,21.001846,22.01098,18.688627,18.72833,21.035343,22.039867,21.03547,22.131197,17.297966,17.32954,17.52414,17.552223,21.027431,21.877914,21.034227,22.109154,17.35841,17.379168,0.0,0.0,0.0,0.0,0.0,0.0,0.0,0.0
38386,2023.0,9.0,24.0,13.0,21.023119,22.03446,18.573257,18.59891,21.068695,22.077215,21.075932,22.179512,17.311178,17.34466,17.523972,17.554876,21.057318,21.909075,21.074404,22.153076,17.343725,17.367414,0.0,0.0,0.0,0.0,0.0,0.0,0.0,0.0
38387,2023.0,9.0,24.0,13.0,21.06708,22.127748,18.512846,18.541773,21.06636,22.040018,21.07289,22.137003,17.32416,17.359392,17.524889,17.558445,21.055622,21.876438,21.071312,22.107697,17.333971,17.360537,0.0,0.0,0.0,0.0,0.0,0.0,0.0,0.0
38388,2023.0,9.0,24.0,14.0,21.063847,22.084442,18.467232,18.499834,21.021421,21.905361,21.071129,22.113106,17.337208,17.374187,17.52692,17.56303,21.054306,21.855429,21.069532,22.081099,17.327883,17.357183,0.0,4.0,0.0,0.0,0.0,0.0,0.0,0.0
38389,2023.0,9.0,24.0,14.0,20.253857,20.511398,18.431911,18.469563,20.182337,20.32534,20.154663,20.333244,17.347275,17.383068,17.527437,17.563492,20.32884,20.442587,20.133268,20.257221,17.323166,17.353397,0.0,0.0,0.0,0.0,0.0,0.0,0.0,0.0
38390,2023.0,9.0,24.0,14.0,19.946478,20.115005,18.403276,18.440123,19.819897,19.827063,20.416227,21.032799,17.356472,17.392159,17.528057,17.564043,20.03075,20.007763,19.75265,19.727861,17.320967,17.3515,0.0,0.0,4.0,0.0,0.0,0.0,0.0,0.0
38391,2023.0,9.0,24.0,14.0,19.811756,19.976072,18.378647,18.416603,20.304022,20.860565,19.865257,19.977049,17.364248,17.399487,17.528538,17.564438,19.911621,19.88518,19.58969,19.562304,17.318922,17.349844,0.0,4.0,0.0,0.0,0.0,0.0,0.0,0.0
38392,2023.0,9.0,24.0,14.0,20.377733,21.128437,18.357107,18.395758,20.38319,20.955532,19.58865,19.620222,17.37111,17.405924,17.913029,18.28578,19.821562,19.79646,19.468328,19.44269,17.317478,17.348608,0.0,4.0,0.0,0.0,4.0,0.0,0.0,0.0
38393,2023.0,9.0,24.0,14.0,19.90581,20.158106,18.337904,18.376316,19.856056,19.974672,19.466372,19.501232,17.377808,17.41195,20.25468,22.293758,19.74826,19.726246,19.371933,19.35053,17.316479,17.347624,0.0,0.0,0.0,0.0,4.0,0.0,0.0,0.0
38394,2023.0,9.0,24.0,15.0,20.229837,20.941181,18.725649,19.11371,20.157303,20.722225,19.337847,19.360733,17.385328,17.418766,20.00731,21.528652,20.441729,21.111877,19.2742,19.25533,18.25372,19.118835,4.0,4.0,0.0,0.0,0.0,4.0,0.0,4.0
38395,2023.0,9.0,24.0,15.0,20.405506,21.137491,20.160091,21.5078,20.299114,20.876818,19.236403,19.25745,17.39464,17.42768,18.92928,19.256853,20.015587,20.130903,19.192366,19.176323,20.240353,22.34267,4.0,4.0,0.0,0.0,0.0,0.0,0.0,0.0
38396,2023.0,9.0,24.0,15.0,19.879461,20.124788,20.013588,21.062859,20.308723,20.88515,19.156925,19.177795,18.144995,18.831024,18.349607,18.460913,19.711414,19.715559,20.123747,20.998068,18.689823,19.016544,0.0,4.0,0.0,4.0,0.0,0.0,4.0,0.0
38397,2023.0,9.0,24.0,15.0,19.602493,19.780737,19.257088,19.496294,19.796328,19.921587,19.745266,20.339293,20.25116,22.309921,18.170517,18.199217,19.62516,19.621447,19.612032,19.74417,17.99277,18.093454,0.0,0.0,4.0,0.0,0.0,0.0,0.0,0.0
38398,2023.0,9.0,24.0,15.0,19.512957,19.686083,19.207941,19.618237,20.10603,20.671349,19.983461,20.605654,18.793121,19.1509,18.07894,18.096148,19.574635,19.573017,19.253263,19.278801,17.812103,17.842278,4.0,4.0,4.0,0.0,0.0,0.0,0.0,0.0
38399,2023.0,9.0,24.0,15.0,20.113909,20.85251,20.111557,21.171188,19.67748,19.790985,19.447617,19.564112,18.2781,18.357605,18.037725,18.052286,19.526499,19.512823,19.167593,19.181683,17.74406,17.761969,4.0,0.0,0.0,0.0,0.0,0.0,0.0,0.0
38400,2023.0,9.0,24.0,16.0,20.32731,21.073355,20.031927,20.878803,19.40148,19.431654,19.190128,19.24482,18.078123,18.081,17.998034,18.012915,19.482533,19.466633,19.08269,19.06995,17.694504,17.710684,4.0,0.0,0.0,0.0,0.0,0.0,0.0,0.0
38401,2023.0,9.0,24.0,16.0,20.37669,21.11433,20.057936,20.9054,19.323853,19.35329,19.113256,19.165735,17.986631,17.991798,17.965229,17.979877,19.447006,19.430666,19.026106,19.013083,17.656048,17.6716,0.0,0.0,0.0,0.0,0.0,0.0,0.0,0.0
38402,2023.0,9.0,24.0,16.0,19.821054,20.0365,19.729744,20.191801,19.251257,19.263521,19.035545,19.06388,17.932125,17.941565,17.939028,17.955677,19.417091,19.402626,18.98398,18.973333,17.625902,17.642756,4.0,0.0,0.0,0.0,0.0,0.0,0.0,0.0
38403,2023.0,9.0,24.0,16.0,19.628262,19.788795,20.056284,20.799295,19.886444,20.496702,18.985634,19.007647,17.895168,17.903696,17.91853,17.933786,19.391117,19.376148,18.950329,18.93933,17.603874,17.6198,4.0,4.0,0.0,0.0,0.0,0.0,0.0,0.0
38404,2023.0,9.0,24.0,16.0,20.179483,20.896275,20.003603,20.672127,20.07869,20.661364,19.636478,20.26959,17.85893,17.868464,17.89673,17.912163,19.36383,19.349121,18.91655,18.906067,17.580751,17.596645,4.0,4.0,4.0,0.0,0.0,0.0,0.0,0.0
38405,2023.0,9.0,24.0,16.0,19.765045,19.957441,20.028193,20.715261,19.547697,19.630543,19.830652,20.423054,17.82765,17.837828,17.876707,17.892464,19.337866,19.323278,18.885815,18.87559,17.560291,17.575956,0.0,0.0,4.0,0.0,0.0,0.0,0.0,0.0
38406,2023.0,9.0,24.0,17.0,19.550098,19.715229,19.79622,20.22399,19.310106,19.338177,19.316544,19.42042,18.53753,19.20135,17.858952,17.87575,19.313284,19.299574,18.857862,18.84865,17.543365,17.559462,4.0,0.0,0.0,4.0,0.0,0.0,0.0,0.0
38407,2023.0,9.0,24.0,17.0,19.482422,19.636276,20.041363,20.68423,19.23617,19.249025,19.743626,20.3138,20.209288,22.018583,17.842754,17.858202,19.290104,19.275745,18.833065,18.823498,17.52962,17.544758,4.0,0.0,4.0,0.0,0.0,0.0,0.0,0.0
38408,2023.0,9.0,24.0,17.0,19.436838,19.594322,20.022482,20.649784,19.176289,19.180447,19.916527,20.483953,18.880852,19.160635,17.82368,17.838007,19.264214,19.249355,18.805704,18.795837,17.514198,17.528557,0.0,0.0,4.0,0.0,0.0,0.0,0.0,0.0
38409,2023.0,9.0,24.0,17.0,20.077951,20.830473,19.456198,19.5472,19.812016,20.414381,19.375221,19.445452,18.22178,18.26334,17.804821,17.818285,19.23783,19.221972,18.778267,18.767447,17.49917,17.512388,0.0,4.0,0.0,0.0,0.0,0.0,0.0,0.0
38410,2023.0,9.0,24.0,17.0,20.196442,20.904228,19.217741,19.225597,19.37374,19.44951,19.814938,20.377195,18.090263,18.093786,17.788181,17.800655,19.214523,19.197998,18.754902,18.743576,17.486893,17.499268,0.0,0.0,4.0,0.0,0.0,0.0,0.0,0.0
38411,2023.0,9.0,24.0,17.0,19.651346,19.827211,19.111826,19.110832,19.17772,19.161865,19.348095,19.410654,18.023048,18.022385,17.770292,17.781946,19.19169,19.17475,18.732405,18.720856,17.47443,17.48615,0.0,0.0,0.0,0.0,0.0,0.0,0.0,0.0
38412,2023.0,9.0,24.0,18.0,19.476984,19.594484,19.457378,19.82332,19.114132,19.087883,19.765709,20.293468,17.971285,17.970987,17.751724,17.76282,19.938757,20.612059,19.739223,20.64321,17.462273,17.473541,4.0,0.0,4.0,0.0,0.0,4.0,4.0,0.0
38413,2023.0,9.0,24.0,18.0,21.222988,22.712105,20.080175,20.89708,21.214422,22.829807,21.160204,22.656778,17.924273,17.922697,17.731098,17.74071,21.162754,22.665987,21.185453,23.009218,17.44907,17.4594,0.0,4.0,4.0,0.0,0.0,4.0,0.0,0.0
38414,2023.0,9.0,24.0,18.0,20.98063,22.05438,19.432362,19.55852,20.985315,22.165365,21.02492,22.236752,17.87712,17.875408,17.709846,17.718523,21.002327,22.157328,21.022947,22.437895,17.436243,17.44564,0.0,4.0,0.0,0.0,0.0,4.0,0.0,0.0
38415,2023.0,9.0,24.0,18.0,21.03003,22.053652,19.04994,19.040047,21.047945,22.139862,21.088642,22.234333,17.835094,17.831692,17.688076,17.694164,21.08537,22.210379,21.098791,22.408398,17.4252,17.433609,0.0,4.0,0.0,0.0,0.0,0.0,0.0,0.0
38416,2023.0,9.0,24.0,18.0,21.005104,21.944668,18.94724,18.928326,21.034883,22.046082,21.00087,21.96514,17.80118,17.79801,17.668715,17.673977,21.025608,21.994703,20.981495,22.053839,17.416151,17.423777,0.0,0.0,4.0,0.0,0.0,0.0,4.0,0.0
38417,2023.0,9.0,24.0,18.0,21.037615,21.984436,19.331326,19.709291,21.010029,21.90287,21.04549,22.020414,17.771183,17.76838,17.649773,17.654081,21.035578,21.94269,21.05118,22.145855,17.407967,17.414831,4.0,4.0,0.0,0.0,0.0,0.0,0.0,0.0
38418,2023.0,9.0,24.0,19.0,21.002642,21.852976,20.084091,20.938911,21.014332,21.860537,21.01019,21.884647,17.743443,17.739326,17.630417,17.632158,21.002739,21.804455,21.036797,22.053873,17.400146,17.405733,4.0,4.0,4.0,0.0,0.0,4.0,0.0,0.0
38419,2023.0,9.0,24.0,19.0,21.01976,21.85712,20.031605,20.718428,21.072884,21.959959,21.07656,22.00905,17.720383,17.716238,17.614412,17.615126,21.069813,21.926485,21.08009,22.081852,17.393894,17.399143,4.0,0.0,0.0,0.0,0.0,0.0,0.0,0.0
38420,2023.0,9.0,24.0,19.0,21.01903,21.830444,20.028566,20.667376,21.069319,21.895452,21.031088,21.840235,17.70122,17.69707,17.601532,17.601578,21.066504,21.866207,21.06908,22.017391,17.386734,17.389065,4.0,0.0,4.0,0.0,0.0,0.0,0.0,0.0
38421,2023.0,9.0,24.0,19.0,21.0636,21.928316,20.025854,20.620274,21.025394,21.751318,21.073309,21.947857,17.683996,17.679556,17.58761,17.583773,21.05629,21.828608,21.018532,21.855328,17.380302,17.380758,4.0,4.0,0.0,0.0,0.0,0.0,4.0,0.0
38422,2023.0,9.0,24.0,19.0,21.061237,21.883213,20.024017,20.587269,21.067596,21.85691,21.028894,21.793535,17.66836,17.66337,17.575045,17.568834,21.002323,21.681646,21.008173,21.83192,17.374477,17.37305,4.0,0.0,4.0,0.0,0.0,4.0,4.0,0.0
38423,2023.0,9.0,24.0,19.0,20.998201,21.72835,20.009418,20.540998,21.001925,21.68003,21.039732,21.841682,17.652721,17.644814,17.564125,17.556149,21.038025,21.77094,21.003326,21.813034,18.288086,19.10112,4.0,4.0,0.0,0.0,0.0,0.0,4.0,4.0
38424,2023.0,9.0,24.0,20.0,21.036083,21.81424,20.02914,20.577585,21.038656,21.76162,21.034998,21.815783,18.348068,18.96441,17.55286,17.54252,21.031368,21.738148,21.043905,21.910593,20.237854,22.23728,0.0,0.0,0.0,4.0,0.0,0.0,0.0,0.0
38425,2023.0,9.0,24.0,20.0,21.000946,21.710627,19.430223,19.409922,21.03174,21.731657,21.034903,21.79886,20.2242,22.041882,17.543179,17.531567,21.031736,21.72157,20.995796,21.765863,18.606173,18.757414,0.0,0.0,0.0,0.0,0.0,0.0,4.0,0.0
38426,2023.0,9.0,24.0,20.0,21.00693,21.715202,19.458584,19.668573,21.03215,21.716711,21.028166,21.783258,19.318493,19.9485,17.533434,17.520529,21.02574,21.70642,21.044043,21.87918,18.746538,19.45654,4.0,0.0,0.0,4.0,0.0,0.0,0.0,4.0
38427,2023.0,9.0,24.0,20.0,21.033855,21.782864,20.069595,20.710766,20.999369,21.630224,21.002863,21.707932,20.175402,21.628115,17.889793,18.195568,21.01184,21.647476,20.995008,21.735445,20.189064,21.831667,4.0,4.0,4.0,0.0,4.0,4.0,4.0,0.0
38428,2023.0,9.0,24.0,20.0,21.027782,21.756868,20.021336,20.583523,21.005407,21.645004,21.033785,21.78987,18.902008,18.980175,20.278933,22.21957,21.005665,21.634583,21.043453,21.851929,18.75489,18.842089,0.0,4.0,0.0,0.0,0.0,4.0,0.0,0.0
38429,2023.0,9.0,24.0,20.0,21.028479,21.74397,19.75197,20.009233,21.037313,21.71721,21.008436,21.698734,18.991066,19.532827,18.87657,19.186127,21.00558,21.629509,21.034473,21.817808,18.106657,18.040352,4.0,0.0,4.0,4.0,0.0,4.0,0.0,0.0
38430,2023.0,9.0,24.0,21.0,21.031408,21.718391,20.074821,20.667038,21.004885,21.61708,21.013407,21.697992,20.156025,21.477957,18.08876,18.07873,21.005583,21.624552,21.034954,21.802626,17.996958,17.966927,0.0,4.0,4.0,0.0,0.0,4.0,0.0,0.0
38431,2023.0,9.0,24.0,21.0,21.030018,21.735136,19.42549,19.37255,21.0369,21.692642,21.038826,21.76145,19.533785,20.076973,18.324532,18.636377,21.005232,21.618587,21.034414,21.787329,17.925758,17.900143,0.0,0.0,0.0,4.0,4.0,4.0,0.0,0.0
38432,2023.0,9.0,24.0,21.0,21.027458,21.719147,19.157902,19.096237,21.004541,21.595444,21.033228,21.73711,20.095392,21.184822,20.248915,21.911802,21.035818,21.692486,21.028723,21.77515,17.860228,17.837532,0.0,4.0,0.0,4.0,0.0,0.0,0.0,0.0
38433,2023.0,9.0,24.0,21.0,21.02754,21.707594,19.082205,19.021648,21.010244,21.601143,21.033394,21.723648,20.033747,21.006454,18.986197,19.234133,21.03025,21.666117,21.029274,21.773207,18.778872,19.629854,0.0,4.0,0.0,0.0,0.0,0.0,0.0,4.0
38434,2023.0,9.0,24.0,21.0,21.020712,21.696808,19.01491,18.952654,21.035616,21.667704,21.000164,21.63853,19.044653,19.041237,18.290854,18.284075,21.030546,21.652529,21.029041,21.768755,20.132198,21.710945,0.0,0.0,4.0,0.0,0.0,0.0,0.0,4.0
38435,2023.0,9.0,24.0,21.0,21.021355,21.698399,18.954435,18.887823,21.029102,21.64392,21.040428,21.729498,18.535212,18.417284,18.123384,18.08842,21.029764,21.639137,21.027674,21.76207,20.027746,21.343973,0.0,0.0,0.0,0.0,0.0,0.0,0.0,0.0
38436,2023.0,9.0,24.0,22.0,21.053478,21.729738,19.331043,19.63403,21.030485,21.635115,21.03146,21.699457,19.14171,19.706972,18.03944,18.009178,21.065546,21.681828,21.028717,21.759502,18.800087,18.8439,4.0,0.0,0.0,4.0,0.0,4.0,0.0,0.0
38437,2023.0,9.0,24.0,22.0,21.019598,21.692364,20.095135,20.902393,21.023186,21.624014,21.032578,21.690529,20.101068,21.223705,18.313309,18.587687,21.027048,21.624842,21.1609,21.96818,18.226261,18.140022,0.0,0.0,0.0,4.0,4.0,0.0,4.0,0.0
38438,2023.0,9.0,24.0,22.0,21.028122,21.69606,19.441238,19.531874,20.998323,21.55447,21.025385,21.680765,20.032572,21.005724,20.240513,21.86903,21.030256,21.622736,21.01786,21.70837,18.07388,17.98478,0.0,4.0,0.0,0.0,0.0,0.0,0.0,0.0
38439,2023.0,9.0,24.0,22.0,21.026817,21.68114,19.060207,19.01386,21.029255,21.641857,21.026098,21.682903,19.60727,20.077923,19.007677,19.248837,21.029842,21.61297,21.035711,21.737982,18.027771,17.991371,0.0,0.0,0.0,4.0,0.0,0.0,0.0,0.0
38440,2023.0,9.0,24.0,22.0,21.019964,21.670414,19.40568,19.726332,21.030304,21.627848,21.025953,21.682028,20.113781,21.09549,18.303848,18.274666,21.023233,21.604603,21.032856,21.723736,17.975016,17.944073,4.0,0.0,0.0,0.0,0.0,0.0,0.0,0.0
38441,2023.0,9.0,24.0,22.0,21.02103,21.672056,20.085443,20.849289,21.003918,21.542059,21.026014,21.680986,19.112106,19.08596,18.151083,18.11109,21.023869,21.607452,21.027115,21.715834,18.741232,19.449808,0.0,4.0,0.0,0.0,0.0,0.0,0.0,4.0
38442,2023.0,9.0,24.0,23.0,21.02074,21.671062,19.449537,19.525883,21.035482,21.620779,21.025917,21.678669,19.33853,19.863604,18.066458,18.026802,21.023834,21.607254,21.027794,21.71749,20.13912,21.66778,0.0,0.0,0.0,4.0,0.0,0.0,0.0,4.0
38443,2023.0,9.0,24.0,23.0,21.074688,21.743633,19.089956,19.043764,20.316977,20.233479,20.383108,20.441576,18.929499,18.960405,18.002222,17.966202,20.402704,20.411657,20.301825,20.32,18.76821,18.837212,0.0,0.0,0.0,0.0,0.0,0.0,0.0,0.0
38444,2023.0,9.0,24.0,23.0,20.372488,20.395737,19.432108,19.739952,19.971922,19.731989,20.063992,19.99239,18.599394,18.474882,17.95538,17.920097,20.148134,20.068007,20.000242,19.927174,18.307243,18.202559,4.0,0.0,0.0,0.0,0.0,0.0,0.0,0.0
38445,2023.0,9.0,24.0,23.0,20.078377,20.000376,19.141502,19.132996,19.943521,19.816557,19.924597,19.842352,18.46261,18.32985,17.909521,17.87126,20.036238,19.955183,19.85806,19.782944,18.171305,18.065004,0.0,0.0,0.0,0.0,0.0,0.0,0.0,0.0
38446,2023.0,9.0,24.0,23.0,19.961828,19.889835,18.895031,18.729073,19.888247,19.79202,19.826742,19.749258,18.44148,18.383938,17.872171,17.835255,20.69655,21.291788,20.738073,21.548717,18.133158,18.089153,0.0,0.0,0.0,0.0,0.0,4.0,4.0,0.0
38447,2023.0,9.0,24.0,23.0,19.99129,20.04534,18.793615,18.60859,19.820248,19.7291,19.741428,19.665668,18.395144,18.352024,17.837347,17.800783,20.043201,19.939552,19.93868,19.866022,18.080368,18.04697,0.0,0.0,0.0,0.0,0.0,0.0,0.0,0.0
38448,2023.0,9.0,25.0,0.0,19.959848,20.033756,18.838148,18.755547,19.750784,19.655653,19.660336,19.579668,18.334066,18.290619,17.802862,17.764019,19.7695,19.56719,19.609007,19.428747,18.02065,17.98691,0.0,0.0,0.0,0.0,0.0,0.0,0.0,0.0
38449,2023.0,9.0,25.0,0.0,19.910147,19.988417,18.827044,18.75798,19.695948,19.605452,19.597322,19.52153,18.28387,18.245384,17.775707,17.739279,19.798933,19.723482,19.497456,19.329092,17.973047,17.94395,0.0,0.0,0.0,0.0,0.0,0.0,0.0,0.0
38450,2023.0,9.0,25.0,0.0,19.864763,19.947092,18.803242,18.738607,19.646633,19.560791,19.541348,19.47029,18.236538,18.198261,17.751886,17.717852,19.752333,19.684458,19.503183,19.439678,17.929058,17.900402,0.0,0.0,0.0,0.0,0.0,0.0,0.0,0.0
38451,2023.0,9.0,25.0,0.0,19.823162,19.909365,18.780487,18.719852,19.601917,19.520655,19.491034,19.424553,18.195704,18.159716,17.731041,17.699373,19.698233,19.630026,19.451471,19.394472,17.891241,17.864447,0.0,0.0,0.0,0.0,0.0,0.0,0.0,0.0
38452,2023.0,9.0,25.0,0.0,19.786348,19.876724,18.760887,18.705633,19.564013,19.489979,19.448658,19.38974,18.161636,18.129702,18.009087,18.237158,19.653465,19.59002,19.396477,19.342937,18.595657,19.222475,0.0,0.0,0.0,0.0,4.0,0.0,0.0,4.0
38453,2023.0,9.0,25.0,0.0,19.748945,19.839949,18.740694,18.688244,19.525124,19.453693,19.405489,19.348791,18.128784,18.097834,17.79802,17.767902,19.610336,19.547787,19.343206,19.290163,18.903645,19.63811,0.0,0.0,0.0,0.0,0.0,0.0,0.0,4.0
38454,2023.0,9.0,25.0,1.0,19.717354,19.81188,18.723852,18.675617,19.492464,19.42658,19.369934,19.318579,18.10195,18.074188,17.74163,17.717432,19.57475,19.515959,19.298523,19.249336,18.190485,18.18745,0.0,0.0,0.0,0.0,0.0,0.0,0.0,0.0
38455,2023.0,9.0,25.0,1.0,19.682314,19.774427,18.703037,18.653627,19.455534,19.388151,19.330284,19.276772,18.073534,18.044128,17.718872,17.693281,19.537516,19.476841,19.252588,19.20137,17.97298,17.904932,0.0,0.0,0.0,0.0,0.0,0.0,0.0,0.0
38456,2023.0,9.0,25.0,1.0,19.652699,19.746075,18.685673,18.638008,20.10079,20.631685,19.297861,19.247612,18.6322,19.115627,17.700504,17.675888,19.506508,19.447515,19.213867,19.16455,17.908403,17.845543,0.0,4.0,0.0,4.0,0.0,0.0,0.0,0.0
38457,2023.0,9.0,25.0,1.0,19.622953,19.715675,18.667292,18.619589,19.692827,19.73259,19.264423,19.214687,18.251911,18.268208,17.683264,17.658098,19.476274,19.417175,19.176468,19.127129,17.855772,17.793768,0.0,0.0,0.0,0.0,0.0,0.0,0.0,0.0
38458,2023.0,9.0,25.0,1.0,20.26932,20.953047,18.649609,18.601807,19.395933,19.23904,19.232603,19.18336,18.11361,18.085531,17.667423,17.641771,19.448357,19.389153,19.14212,19.092766,17.850065,17.82551,0.0,0.0,0.0,0.0,0.0,0.0,0.0,0.0
38459,2023.0,9.0,25.0,1.0,19.83284,19.995289,18.632542,18.584614,19.298807,19.122356,19.202293,19.153503,18.075163,18.046165,17.65266,17.626522,19.422228,19.362923,19.109886,19.060518,17.8263,17.803719,0.0,0.0,0.0,0.0,0.0,0.0,0.0,0.0
38460,2023.0,9.0,25.0,2.0,19.56837,19.563917,18.616137,18.568172,19.337275,19.25528,19.173594,19.125372,18.0439,18.014616,17.63878,17.61225,19.39773,19.338455,19.079353,19.030113,18.526875,19.146458,0.0,0.0,0.0,0.0,0.0,0.0,0.0,4.0
38461,2023.0,9.0,25.0,2.0,19.480343,19.459776,18.601192,18.554115,19.332323,19.26925,19.147095,19.100054,18.018187,17.989122,17.626387,17.600237,19.375048,19.316475,19.050764,19.002157,18.043924,18.07319,0.0,0.0,0.0,0.0,0.0,0.0,0.0,0.0
38462,2023.0,9.0,25.0,2.0,19.530378,19.61217,18.587355,18.541496,19.307037,19.2466,19.122643,19.077,17.995588,17.967112,17.615297,17.589739,19.353924,19.29627,19.02414,18.976381,18.554623,19.116642,0.0,0.0,0.0,0.0,0.0,0.0,0.0,4.0
38463,2023.0,9.0,25.0,2.0,19.521067,19.610697,18.573046,18.52732,19.280424,19.220022,19.097898,19.051888,17.974192,17.945251,17.604578,17.579004,19.333054,19.275343,18.99803,18.950043,18.80696,19.456877,0.0,0.0,0.0,0.0,0.0,0.0,0.0,4.0
38464,2023.0,9.0,25.0,2.0,19.499008,19.590406,18.561403,18.517897,19.258396,19.201416,19.07762,19.033897,18.539803,19.024822,17.596024,17.571653,19.315292,19.25944,18.975561,18.929468,18.141163,18.121965,0.0,0.0,0.0,4.0,0.0,0.0,0.0,0.0
38465,2023.0,9.0,25.0,2.0,19.4767,19.568323,18.549107,18.506607,19.235548,19.179873,19.056688,19.013565,18.15751,18.168669,17.587694,17.563858,19.297567,19.242485,18.953266,18.907848,17.948185,17.877966,0.0,0.0,0.0,0.0,0.0,0.0,0.0,0.0
38466,2023.0,9.0,25.0,3.0,19.454918,19.54616,18.536552,18.494272,19.212584,19.157022,19.035412,18.991972,17.98679,17.913883,17.579903,17.556292,19.280334,19.225483,18.931675,18.886353,17.879456,17.809078,0.0,0.0,0.0,0.0,0.0,0.0,0.0,0.0
38467,2023.0,9.0,25.0,3.0,19.434841,19.526373,18.524857,18.483229,19.191622,19.137178,19.015594,18.97283,17.988667,17.962654,17.572939,17.549639,19.264439,19.210253,18.911747,18.867043,17.872526,17.84644,0.0,0.0,0.0,0.0,0.0,0.0,0.0,0.0
38468,2023.0,9.0,25.0,3.0,19.415758,19.507826,18.514193,18.47388,19.17259,19.120224,18.99731,18.956171,17.968935,17.942976,17.875805,18.123573,19.249699,19.196636,18.89326,18.849651,17.845657,17.822857,0.0,0.0,0.0,0.0,4.0,0.0,0.0,0.0
38469,2023.0,9.0,25.0,3.0,19.396124,19.487724,18.502388,18.461624,19.152134,19.099764,18.977695,18.93636,17.948418,17.922113,18.022812,18.318098,19.234478,19.181585,18.874435,18.83092,17.81676,17.794624,0.0,0.0,0.0,0.0,4.0,0.0,0.0,0.0
38470,2023.0,9.0,25.0,3.0,19.377949,19.469728,18.49217,18.451843,19.133478,19.082077,18.959862,18.919264,17.930693,17.904747,18.083761,18.379835,19.220167,19.1679,18.856777,18.813831,17.791677,17.770842,0.0,0.0,0.0,0.0,4.0,0.0,0.0,0.0
38471,2023.0,9.0,25.0,3.0,19.37545,19.482285,18.483442,18.444345,19.116934,19.067877,18.944107,18.905523,17.915546,17.89088,17.763174,17.734255,19.20699,19.156088,18.840542,18.79897,18.499054,19.123121,0.0,0.0,0.0,0.0,0.0,0.0,0.0,4.0
38472,2023.0,9.0,25.0,4.0,19.363537,19.471855,18.474085,18.43533,19.099451,19.051079,18.927654,18.889568,17.900633,17.876143,17.6457,17.577812,19.193312,19.142918,18.823925,18.782778,18.020702,18.057278,0.0,0.0,0.0,0.0,0.0,0.0,0.0,0.0
38473,2023.0,9.0,25.0,4.0,19.347715,19.454556,18.462885,18.422684,19.080544,19.030811,18.909863,18.870111,17.885483,17.859838,17.654934,17.62932,19.178616,19.127417,18.806541,18.764553,17.815706,17.748894,0.0,0.0,0.0,0.0,0.0,0.0,0.0,0.0
38474,2023.0,9.0,25.0,4.0,19.332628,19.438728,18.452297,18.411531,19.06323,19.013365,18.893349,18.853205,17.871721,17.845688,17.642286,17.618418,19.164558,19.113207,18.790049,18.747917,17.762047,17.69509,0.0,0.0,0.0,0.0,0.0,0.0,0.0,0.0
38475,2023.0,9.0,25.0,4.0,19.31815,19.42399,18.44279,18.40256,19.047728,18.999117,18.87815,18.838818,17.859295,17.833675,17.627094,17.603565,19.151295,19.100592,18.774563,18.733103,18.5515,19.226423,0.0,0.0,0.0,0.0,0.0,0.0,0.0,4.0
38476,2023.0,9.0,25.0,4.0,19.303036,19.407902,18.4323,18.391558,19.031216,18.98241,18.862118,18.822365,17.846453,17.820408,17.61156,17.587358,19.13719,19.086325,18.75841,18.716784,18.003222,18.002611,0.0,0.0,0.0,0.0,0.0,0.0,0.0,0.0
38477,2023.0,9.0,25.0,4.0,19.2882,19.392044,18.421852,18.380527,19.015017,18.9659,18.846544,18.806284,18.418325,18.905565,17.596912,17.571974,19.122944,19.071825,18.742302,18.70041,17.809254,17.737526,0.0,0.0,0.0,4.0,0.0,0.0,0.0,0.0
38478,2023.0,9.0,25.0,5.0,19.273863,19.376686,18.411535,18.3696,18.999163,18.94969,18.831188,18.790411,18.041172,18.055191,17.583012,17.557333,19.108614,19.057207,18.7263,18.684107,17.75439,17.680758,0.0,0.0,0.0,0.0,0.0,0.0,0.0,0.0
38479,2023.0,9.0,25.0,5.0,19.260036,19.361776,18.401367,18.358763,18.98356,18.933636,18.815876,18.7745,17.919477,17.892542,17.879627,18.124355,19.094133,19.042326,18.710352,18.667776,17.757982,17.729416,0.0,0.0,0.0,0.0,4.0,0.0,0.0,0.0
38480,2023.0,9.0,25.0,5.0,19.247015,19.34824,18.39192,18.349077,18.968943,18.919207,19.427261,19.930119,17.889812,17.862574,17.689579,17.695904,19.08013,19.028429,18.695072,18.652634,18.530582,19.209103,0.0,0.0,4.0,0.0,0.0,0.0,0.0,4.0
38481,2023.0,9.0,25.0,5.0,19.233458,19.33356,18.382263,18.338646,18.953976,18.903742,19.04024,19.065699,17.8649,17.836636,17.604237,17.577316,19.065554,19.013403,18.679369,18.636492,18.720148,19.367071,0.0,0.0,0.0,0.0,0.0,0.0,0.0,4.0
38482,2023.0,9.0,25.0,5.0,19.220411,19.319727,18.826468,19.178823,18.939749,18.88938,18.798204,18.66449,18.429571,18.914852,17.584301,17.556662,19.05131,18.999018,18.664158,18.621159,18.80786,19.443918,4.0,0.0,0.0,4.0,0.0,0.0,0.0,4.0
38483,2023.0,9.0,25.0,5.0,19.20774,19.306288,18.585554,18.623362,18.925903,18.875408,18.725687,18.576563,18.003754,17.973326,17.567097,17.539028,19.759096,20.349821,19.616032,20.427298,18.887217,19.518845,0.0,0.0,0.0,0.0,0.0,4.0,4.0,4.0
38484,2023.0,9.0,25.0,6.0,19.194805,19.291798,18.439575,18.391167,18.911295,18.859142,18.779095,18.722519,17.835697,17.740158,17.55112,17.521217,20.04506,20.741919,19.833353,20.595942,18.957546,19.589874,0.0,0.0,0.0,0.0,0.0,4.0,4.0,4.0
38485,2023.0,9.0,25.0,6.0,21.230291,22.842342,18.41511,18.367548,21.238987,22.977348,21.247,23.116173,17.8525,17.815552,17.53728,17.50677,21.166552,22.637802,21.156944,22.81233,20.145243,21.622013,0.0,4.0,0.0,0.0,0.0,4.0,4.0,4.0
38486,2023.0,9.0,25.0,6.0,20.970413,22.144543,18.389595,18.338272,20.97402,22.206572,20.96705,22.270126,17.844744,17.810509,17.835184,18.078497,21.000216,22.124865,20.988003,22.273693,19.992258,21.161465,0.0,4.0,4.0,0.0,4.0,4.0,4.0,4.0
38487,2023.0,9.0,25.0,6.0,21.019762,22.102528,18.370556,18.317486,21.050945,22.201569,21.028944,22.205969,18.416098,18.90327,20.259932,22.213638,21.045696,22.104473,21.053053,22.283092,20.312979,21.686674,0.0,0.0,4.0,4.0,4.0,0.0,0.0,4.0
38488,2023.0,9.0,25.0,6.0,21.013647,21.998894,18.790781,19.113611,21.039398,22.057016,21.046877,22.141848,20.188484,21.817898,19.994093,21.410246,21.008131,21.911598,21.002111,22.042871,20.011147,20.993141,4.0,0.0,0.0,4.0,4.0,4.0,4.0,4.0
38489,2023.0,9.0,25.0,6.0,21.013294,21.932123,20.167948,21.42073,21.014036,21.8987,21.016014,21.97015,20.02629,21.290064,20.05434,21.33966,21.042656,21.932697,21.049274,22.089619,20.045029,21.025345,0.0,4.0,4.0,0.0,0.0,0.0,0.0,0.0
38490,2023.0,9.0,25.0,7.0,21.012505,21.881086,19.24006,19.414993,21.01832,21.848564,21.046228,21.988,18.8494,18.863272,18.88027,18.93186,21.00619,21.783707,21.039858,22.006716,19.712477,20.289804,0.0,4.0,0.0,0.0,0.0,4.0,0.0,4.0
38491,2023.0,9.0,25.0,7.0,21.010754,21.84092,19.131926,19.461388,21.042479,21.874414,21.011488,21.848824,18.272974,18.133291,18.73105,19.033787,21.0105,21.756649,20.996449,21.843203,20.06614,20.983759,4.0,0.0,4.0,0.0,4.0,4.0,4.0,4.0
38492,2023.0,9.0,25.0,7.0,21.038618,21.887083,20.142647,21.168808,21.036148,21.82329,21.044271,21.898882,18.99691,19.631668,20.175093,21.528828,21.009062,21.726978,21.006092,21.831768,20.285976,21.41627,0.0,0.0,0.0,4.0,4.0,4.0,4.0,0.0
38493,2023.0,9.0,25.0,7.0,21.004128,21.768734,19.184505,19.166979,21.035702,21.79034,21.037254,21.852835,20.10707,21.350142,20.00981,21.051659,21.00843,21.703936,21.004566,21.80781,19.077991,19.024517,0.0,0.0,0.0,4.0,4.0,4.0,4.0,0.0
38494,2023.0,9.0,25.0,7.0,21.009367,21.760452,19.112562,19.314259,21.026289,21.761736,21.036543,21.824823,19.998077,20.995327,20.02824,20.987375,21.007687,21.683914,21.003311,21.788044,18.602512,18.460638,4.0,0.0,0.0,4.0,4.0,4.0,4.0,0.0
38495,2023.0,9.0,25.0,7.0,21.008123,21.744211,20.145199,21.094482,21.001513,21.681557,21.028393,21.802763,20.044142,21.009619,20.041412,20.953014,21.00697,21.665836,21.04404,21.880783,18.453188,18.320496,0.0,4.0,0.0,0.0,0.0,4.0,0.0,0.0
38496,2023.0,9.0,25.0,8.0,21.035486,21.807493,19.266409,19.266163,21.040117,21.760298,21.0291,21.797197,19.067333,19.047678,19.112783,19.10894,21.036713,21.727882,20.994518,21.728548,18.426838,18.376148,0.0,0.0,0.0,0.0,0.0,0.0,4.0,0.0
38497,2023.0,9.0,25.0,8.0,20.833176,21.370443,18.889114,18.833755,20.208363,20.143663,20.287886,20.365635,18.590536,18.46996,18.595366,18.45541,20.86695,21.347298,20.942505,21.614445,18.383183,18.34456,0.0,0.0,0.0,0.0,0.0,4.0,4.0,0.0
38498,2023.0,9.0,25.0,8.0,20.21217,20.248714,18.828012,18.772327,19.850275,19.637093,20.588198,21.09827,18.477514,18.353277,18.536469,18.465147,20.839136,21.313448,20.082245,19.999805,18.337004,18.301561,0.0,0.0,4.0,0.0,0.0,4.0,0.0,0.0
38499,2023.0,9.0,25.0,8.0,20.620405,21.167385,18.779875,18.725481,19.806309,19.698456,20.093464,20.13691,18.46979,18.41684,18.485418,18.432299,20.840097,21.321518,19.755215,19.58465,18.294508,18.261486,0.0,0.0,0.0,0.0,0.0,4.0,0.0,0.0
38500,2023.0,9.0,25.0,8.0,20.102783,20.1476,18.739681,18.687895,19.747879,19.674292,19.706196,19.539728,18.43794,18.397167,18.799416,19.080093,20.162382,20.047892,19.616644,19.453012,18.259228,18.22819,0.0,0.0,0.0,0.0,4.0,0.0,0.0,0.0
38501,2023.0,9.0,25.0,8.0,20.525116,21.072231,18.705725,18.657206,19.678225,19.611853,19.551838,19.374746,18.398098,18.360596,20.178358,21.4718,19.924028,19.743803,19.516869,19.364279,18.229052,18.199886,0.0,0.0,0.0,0.0,0.0,0.0,0.0,0.0
38502,2023.0,9.0,25.0,9.0,20.104588,20.179203,18.670887,18.625578,19.602337,19.540792,19.531822,19.458471,18.356253,18.321192,19.209248,19.408293,19.806986,19.634123,19.426023,19.283916,18.198612,18.171015,0.0,0.0,0.0,0.0,0.0,0.0,0.0,0.0
38503,2023.0,9.0,25.0,9.0,19.852428,19.832294,18.646034,18.601467,19.543272,19.480488,19.491144,19.43711,18.327026,18.291418,18.756039,18.695868,19.734987,19.568262,19.438206,19.378763,18.176271,18.148487,0.0,0.0,0.0,0.0,0.0,0.0,0.0,0.0
38504,2023.0,9.0,25.0,9.0,19.771437,19.771673,19.076708,19.430597,19.497517,19.443703,20.115131,20.667143,18.305408,18.273413,18.662725,18.611855,19.762468,19.688429,19.403254,19.350569,18.159624,18.13434,4.0,0.0,4.0,0.0,0.0,0.0,0.0,0.0
38505,2023.0,9.0,25.0,9.0,19.793207,19.892323,20.117348,21.179142,19.454498,19.40593,20.154055,20.608912,18.287102,18.256735,18.975916,19.267235,19.745132,19.686234,19.364956,19.316145,18.146015,18.121975,4.0,0.0,4.0,0.0,4.0,0.0,0.0,0.0
38506,2023.0,9.0,25.0,9.0,19.765905,19.879793,20.01787,20.850552,19.409897,19.366964,19.603193,19.578478,18.26974,18.24098,20.148102,21.2716,19.709543,19.65492,19.325094,19.279444,18.133965,18.111076,0.0,0.0,0.0,0.0,0.0,0.0,0.0,0.0
38507,2023.0,9.0,25.0,9.0,20.378656,21.072454,19.297287,19.369902,20.026854,20.565073,19.339338,19.249035,18.256878,18.229342,19.30209,19.483093,19.677486,19.625711,19.290308,19.24685,18.124777,18.102694,0.0,4.0,0.0,0.0,0.0,0.0,0.0,0.0
38508,2023.0,9.0,25.0,10.0,19.881824,20.006388,18.990482,18.90927,19.644035,19.717358,19.270292,19.179838,18.251186,18.224213,18.918886,18.881804,19.655489,19.60514,19.265726,19.223303,18.11997,18.098236,0.0,0.0,0.0,0.0,0.0,0.0,0.0,0.0
38509,2023.0,9.0,25.0,10.0,19.69458,19.756618,18.942793,18.910618,19.394686,19.320845,19.275011,19.24203,18.248346,18.222004,18.815928,18.767645,20.408861,21.053871,19.245432,19.204615,18.116936,18.095451,0.0,0.0,0.0,0.0,0.0,4.0,0.0,0.0
38510,2023.0,9.0,25.0,10.0,20.299232,20.947632,18.902472,18.884037,19.323017,19.244745,19.25528,19.236729,18.247902,18.221832,18.751968,18.70413,19.886911,19.906805,20.240334,21.101233,18.11582,18.094305,0.0,0.0,0.0,0.0,0.0,0.0,4.0,0.0
38511,2023.0,9.0,25.0,10.0,20.445414,21.099995,18.861168,18.846481,19.989277,20.543715,19.225391,19.211506,18.249552,18.223503,18.704674,18.657701,19.68439,19.591629,19.593288,19.643099,18.116426,18.09469,0.0,4.0,0.0,0.0,0.0,0.0,0.0,0.0
38512,2023.0,9.0,25.0,10.0,19.913969,20.061098,18.826366,18.815166,19.573265,19.62208,19.197329,19.18748,18.98496,19.60658,18.66824,18.62233,19.647411,19.55532,19.356289,19.290106,18.118868,18.09677,0.0,0.0,0.0,4.0,0.0,0.0,0.0,0.0
38513,2023.0,9.0,25.0,10.0,20.407509,21.088032,18.796871,18.789354,19.372763,19.329039,19.848404,20.438103,20.146156,21.508858,19.009743,19.288893,19.662119,19.60808,19.307205,19.241228,18.123295,18.100632,0.0,0.0,4.0,0.0,4.0,0.0,0.0,0.0
38514,2023.0,9.0,25.0,11.0,20.010519,20.1882,19.196718,19.56631,19.31315,19.27554,19.525515,19.63001,19.127052,19.298002,20.10464,21.142895,19.66296,19.614502,19.279793,19.219383,18.130236,18.106756,4.0,0.0,0.0,0.0,4.0,0.0,0.0,0.0
38515,2023.0,9.0,25.0,11.0,19.743492,19.854012,20.113338,21.088026,19.295172,19.282888,19.241875,19.241354,18.65206,18.645336,20.01463,20.837984,19.656717,19.60902,19.274973,19.230654,18.13982,18.115953,0.0,0.0,0.0,0.0,0.0,0.0,0.0,0.0
38516,2023.0,9.0,25.0,11.0,19.672089,19.784372,19.399284,19.571035,19.274559,19.269976,19.820955,20.378586,18.56967,18.540909,19.6842,20.080292,19.653149,19.60559,19.26798,19.225483,18.151121,18.126627,0.0,0.0,4.0,0.0,4.0,0.0,0.0,0.0
38517,2023.0,9.0,25.0,11.0,19.66932,19.820105,19.099508,19.119276,19.25441,19.253954,19.425627,19.50959,18.549023,18.515242,20.069075,20.791512,20.43162,21.084185,19.262085,19.219643,18.163792,18.138847,0.0,0.0,0.0,0.0,0.0,4.0,0.0,0.0
38518,2023.0,9.0,25.0,11.0,19.642323,19.792112,19.001451,19.013231,19.234388,19.237812,19.206701,19.233095,18.536991,18.502703,19.494032,19.61155,20.030134,20.089659,19.257193,19.214783,18.17819,18.152819,0.0,0.0,0.0,0.0,0.0,0.0,0.0,0.0
38519,2023.0,9.0,25.0,11.0,19.615627,19.765724,18.949732,18.958433,19.218124,19.224304,19.174696,19.203794,18.534836,18.500065,19.220404,19.166199,19.84688,19.788895,19.25521,19.21282,18.19316,18.168468,0.0,0.0,0.0,0.0,0.0,0.0,0.0,0.0
38520,2023.0,9.0,25.0,12.0,20.252127,20.98119,18.91833,18.934843,19.20506,19.216196,19.14271,19.16334,18.535315,18.501144,19.15317,19.103392,19.822008,19.771605,20.26779,21.12832,18.20652,18.181074,0.0,0.0,0.0,0.0,0.0,0.0,4.0,0.0
38521,2023.0,9.0,25.0,12.0,21.110283,22.390833,18.889496,18.909204,21.22688,22.825485,21.24438,22.890469,18.537712,18.5037,19.103699,19.05139,21.171614,22.15454,21.104776,22.428173,18.220526,18.195465,0.0,0.0,0.0,0.0,0.0,0.0,0.0,0.0
38522,2023.0,9.0,25.0,12.0,20.982782,21.976894,18.85968,18.881956,20.967424,22.076681,20.99104,22.182463,18.541706,18.5083,19.450216,19.743998,21.002048,21.757618,21.01311,22.062931,18.237747,18.213179,0.0,4.0,0.0,0.0,4.0,0.0,0.0,0.0
38523,2023.0,9.0,25.0,12.0,21.033241,22.00979,18.835938,18.861704,21.011768,22.03181,21.03399,22.133442,18.548145,18.515627,20.073786,20.783175,21.020113,21.712193,21.027672,21.966345,18.255669,18.23178,0.0,4.0,0.0,0.0,0.0,0.0,0.0,0.0
38524,2023.0,9.0,25.0,12.0,21.023703,21.930222,19.26491,19.686543,21.034475,22.009449,21.02887,22.035625,18.556452,18.525085,19.556849,19.700169,21.017656,21.649115,21.025105,21.874975,18.274,18.251001,4.0,0.0,0.0,0.0,0.0,0.0,0.0,0.0
38525,2023.0,9.0,25.0,12.0,21.02409,21.886232,20.103077,21.057755,21.02833,21.93042,21.028877,21.97389,19.338095,19.998343,19.627457,19.953108,21.017162,21.605179,21.023361,21.812466,18.29194,18.27024,0.0,0.0,0.0,4.0,4.0,0.0,0.0,0.0
38526,2023.0,9.0,25.0,13.0,21.022028,21.851116,19.407875,19.57903,21.02785,21.879047,21.028143,21.927187,20.080975,21.091303,20.051037,20.666342,21.245874,21.982828,21.02265,21.767239,18.309395,18.289669,0.0,0.0,0.0,0.0,0.0,4.0,0.0,0.0
38527,2023.0,9.0,25.0,13.0,21.021593,21.825714,19.455286,19.858187,21.026815,21.838669,21.027473,21.891592,19.359343,19.550644,19.581533,19.696844,21.293087,21.982124,21.022036,21.733078,18.324741,18.306234,4.0,0.0,0.0,0.0,0.0,4.0,0.0,0.0
38528,2023.0,9.0,25.0,13.0,21.021137,21.805481,20.064928,20.85078,21.024689,21.807425,21.026844,21.863768,19.749138,20.445034,19.349295,19.377296,20.987356,21.43235,21.021883,21.707418,18.338495,18.321451,4.0,0.0,0.0,4.0,0.0,0.0,0.0,0.0
38529,2023.0,9.0,25.0,13.0,21.043873,21.832142,20.043144,20.738712,21.051563,21.835499,21.055782,21.89639,20.052034,20.865105,19.228735,19.182531,21.033842,21.520924,21.045813,21.73188,18.351389,18.336533,0.0,0.0,0.0,0.0,0.0,0.0,0.0,0.0
38530,2023.0,9.0,25.0,13.0,21.016653,21.766512,19.53863,19.726461,21.020052,21.756296,21.021704,21.812473,19.469479,19.634212,19.185722,19.149506,21.013687,21.466635,21.017426,21.660788,18.36222,18.349035,0.0,0.0,0.0,0.0,0.0,0.0,0.0,0.0
38531,2023.0,9.0,25.0,13.0,21.077707,21.845598,19.683842,20.148476,21.023857,21.750296,20.999418,21.735556,19.165728,19.211077,19.154432,19.120335,21.015436,21.462149,21.020933,21.65557,18.372936,18.362175,4.0,0.0,4.0,0.0,0.0,0.0,0.0,0.0
38532,2023.0,9.0,25.0,14.0,21.073866,21.815752,20.057522,20.753448,20.996653,21.66409,21.030933,21.813692,19.03453,19.017868,19.129755,19.098433,21.014467,21.454107,21.420546,22.375618,18.38275,18.374588,0.0,4.0,0.0,0.0,0.0,0.0,4.0,0.0
38533,2023.0,9.0,25.0,14.0,20.51764,20.775324,19.935257,20.439379,20.93507,21.54162,20.381933,20.554842,18.976152,18.95874,19.110703,19.083702,20.583101,20.614592,20.64661,20.79069,18.390121,18.38295,4.0,4.0,0.0,0.0,0.0,0.0,0.0,0.0
38534,2023.0,9.0,25.0,14.0,20.308662,20.511045,20.032955,20.627178,20.923126,21.526464,20.111769,20.19636,18.948278,18.930622,19.09675,19.072218,20.418005,20.3808,21.25361,22.074623,18.396164,18.390762,0.0,4.0,0.0,0.0,0.0,0.0,4.0,0.0
38535,2023.0,9.0,25.0,14.0,20.219002,20.43453,19.628021,19.82513,20.39344,20.545712,19.939775,19.987387,18.922403,18.907213,19.08231,19.0612,20.346159,20.31042,20.660904,20.789114,18.40146,18.397724,0.0,0.0,0.0,0.0,0.0,0.0,0.0,0.0
38536,2023.0,9.0,25.0,14.0,20.775906,21.531929,19.39359,19.464088,20.774815,21.382023,19.839312,19.878624,18.904285,18.890913,19.071114,19.052837,21.057508,21.704021,21.290884,22.113745,18.404772,18.40277,0.0,4.0,0.0,0.0,0.0,4.0,4.0,0.0
38537,2023.0,9.0,25.0,14.0,20.916315,21.69299,19.72515,20.151535,20.337769,20.50389,20.421026,21.040472,18.887846,18.876862,19.420237,19.7212,20.61067,20.74754,20.629562,20.767113,18.407072,18.406767,4.0,0.0,4.0,0.0,4.0,0.0,0.0,0.0
38538,2023.0,9.0,25.0,15.0,20.370031,20.624088,20.043581,20.686563,20.745829,21.380312,20.565351,21.202486,18.873787,18.864977,20.076841,20.843693,20.402792,20.414335,20.33782,20.342823,18.40895,18.41049,0.0,4.0,4.0,0.0,0.0,0.0,0.0,0.0
38539,2023.0,9.0,25.0,15.0,20.141033,20.357908,19.571447,19.721418,20.334509,20.493343,20.599203,21.232025,18.85847,18.851658,19.549614,19.714153,20.330875,20.340435,20.210455,20.216087,18.410412,18.412937,0.0,0.0,4.0,0.0,0.0,0.0,0.0,0.0
38540,2023.0,9.0,25.0,15.0,20.083782,20.302874,19.808643,20.253922,20.123272,20.20745,20.081139,20.235191,18.845976,18.840536,19.30785,19.313244,20.257757,20.233644,20.13763,20.145597,18.411469,18.415161,4.0,0.0,0.0,0.0,0.0,0.0,0.0,0.0
38541,2023.0,9.0,25.0,15.0,20.677101,21.451036,20.013882,20.575672,20.65204,21.272476,19.902016,20.008503,19.557741,20.196928,19.23673,19.228518,20.212793,20.1872,20.042383,20.018654,18.412027,18.416956,4.0,4.0,0.0,4.0,0.0,0.0,0.0,0.0
38542,2023.0,9.0,25.0,15.0,20.892694,21.6748,19.997301,20.512753,20.274006,20.424412,19.813251,19.920277,20.025515,20.809235,19.57954,19.91679,20.17436,20.150297,19.964249,19.938543,18.41161,18.417894,4.0,0.0,0.0,4.0,4.0,0.0,0.0,0.0
38543,2023.0,9.0,25.0,15.0,20.945585,21.719746,19.99906,20.497087,20.65193,21.297121,19.750721,19.858898,20.019533,20.741432,20.053896,20.6895,20.141132,20.119232,19.90581,19.88257,18.409824,18.417501,4.0,4.0,0.0,0.0,0.0,0.0,0.0,0.0
38544,2023.0,9.0,25.0,16.0,20.982504,21.747992,20.009327,20.501196,20.261189,20.429716,19.647076,19.702589,19.510967,19.697397,19.602451,19.753036,20.876785,21.544909,19.856585,19.836842,18.407057,18.416231,4.0,0.0,0.0,0.0,0.0,4.0,0.0,0.0
38545,2023.0,9.0,25.0,16.0,21.010242,21.769007,20.01572,20.518547,20.67629,21.305334,19.584324,19.626556,19.302961,19.377947,19.370396,19.376827,20.426071,20.557863,19.816233,19.797106,18.40156,18.410316,0.0,4.0,0.0,0.0,0.0,0.0,0.0,0.0
38546,2023.0,9.0,25.0,16.0,21.0359,21.78719,19.674644,19.84882,20.813269,21.427446,20.209988,20.845491,19.21745,19.284698,19.273973,19.269869,20.965048,21.691542,19.774591,19.756899,18.394295,18.402582,0.0,4.0,4.0,0.0,0.0,4.0,0.0,0.0
38547,2023.0,9.0,25.0,16.0,20.483429,20.730864,19.930405,20.399109,20.291466,20.432335,20.366505,20.99911,19.11268,19.117233,19.225838,19.219696,20.433266,20.559248,19.740234,19.723436,18.386843,18.394768,4.0,0.0,4.0,0.0,0.0,0.0,0.0,0.0
38548,2023.0,9.0,25.0,16.0,20.950108,21.724747,20.015976,20.526382,20.703539,21.312689,20.420424,21.044163,19.049671,19.045288,19.57445,19.914299,20.237312,20.252153,19.707333,19.691805,18.379585,18.387415,0.0,4.0,4.0,0.0,4.0,0.0,0.0,0.0
38549,2023.0,9.0,25.0,16.0,21.068552,21.801016,19.64016,19.775782,20.833035,21.428045,20.473566,21.090021,19.002022,18.997627,20.042276,20.659452,20.16711,20.174742,19.67221,19.657536,18.37175,18.37964,0.0,4.0,4.0,0.0,4.0,0.0,0.0,0.0
38550,2023.0,9.0,25.0,17.0,21.089087,21.826054,19.843584,20.270802,20.842777,21.430716,19.969862,20.10852,19.676298,20.306606,19.99722,20.523647,20.852291,21.511423,19.640038,19.627546,18.363974,18.372488,4.0,4.0,0.0,4.0,4.0,4.0,0.0,0.0
38551,2023.0,9.0,25.0,17.0,20.519032,20.731184,20.025173,20.538773,20.305887,20.408978,19.71503,19.785074,20.042149,20.785711,20.019424,20.550568,21.097824,21.784004,19.607264,19.594717,18.353165,18.36076,0.0,0.0,0.0,0.0,0.0,4.0,0.0,0.0
38552,2023.0,9.0,25.0,17.0,20.876993,21.579664,20.005127,20.445215,20.645786,21.213846,20.221209,20.790289,19.47269,19.614052,19.619474,19.75632,21.155767,21.828876,19.57549,19.563879,19.247963,20.062168,4.0,4.0,4.0,0.0,0.0,4.0,0.0,4.0
38553,2023.0,9.0,25.0,17.0,20.99246,21.708027,19.999687,20.422834,20.206968,20.309547,20.37125,20.96118,19.241913,19.275166,19.412977,19.441885,21.191086,21.853754,19.546068,19.534328,20.111897,21.425972,4.0,0.0,4.0,0.0,0.0,4.0,0.0,0.0
38554,2023.0,9.0,25.0,17.0,20.462729,20.679335,19.999804,20.413906,19.943293,19.971132,20.419188,20.995022,19.821812,20.444801,19.286716,19.282473,21.222443,21.873753,19.514818,19.50422,19.130678,19.325771,4.0,0.0,4.0,4.0,0.0,4.0,0.0,0.0
38555,2023.0,9.0,25.0,17.0,20.824594,21.519163,20.018269,20.457619,20.478096,21.037586,20.45879,21.024174,20.065485,20.71326,19.197166,19.186636,20.577171,20.62701,19.482447,19.472153,18.683891,18.730934,0.0,4.0,4.0,4.0,0.0,0.0,0.0,0.0
38556,2023.0,9.0,25.0,18.0,20.987717,21.677763,20.002815,20.391993,20.649183,21.193808,20.487856,21.043623,20.109013,20.74677,19.128002,19.115408,20.26474,20.212736,19.449095,19.4384,18.55087,18.550198,4.0,4.0,4.0,4.0,0.0,0.0,0.0,0.0
38557,2023.0,9.0,25.0,18.0,21.003902,21.67226,19.99985,20.381214,21.048807,21.859127,21.073503,22.04372,20.124916,20.742039,19.07856,19.06881,21.115469,21.77569,21.24518,22.586363,19.449768,20.298862,4.0,4.0,4.0,4.0,0.0,0.0,0.0,4.0
38558,2023.0,9.0,25.0,18.0,21.011644,21.66088,20.020245,20.431648,20.99557,21.688782,20.995436,21.809158,20.135082,20.731804,19.017273,19.004663,21.008629,21.554842,20.991205,21.981129,20.037903,21.063145,0.0,4.0,4.0,4.0,0.0,0.0,0.0,4.0
38559,2023.0,9.0,25.0,18.0,21.026812,21.6672,19.965538,20.291382,21.01431,21.678205,21.022825,21.804134,20.04034,20.558357,18.961082,18.946842,21.039305,21.594564,21.027739,21.908688,20.070717,21.029604,4.0,4.0,4.0,0.0,0.0,0.0,4.0,0.0
38560,2023.0,9.0,25.0,18.0,21.021423,21.637213,20.026318,20.43017,21.029629,21.6961,21.006245,21.730051,19.467806,19.465164,18.911877,18.898798,21.015432,21.529634,20.995296,21.782013,19.96298,20.699308,0.0,0.0,4.0,0.0,0.0,0.0,4.0,4.0
38561,2023.0,9.0,25.0,18.0,21.00985,21.603249,19.583298,19.564829,21.025345,21.654078,21.008436,21.701694,19.860586,20.40554,18.861683,18.847244,21.018631,21.525496,21.012545,21.765324,20.007986,20.766869,0.0,0.0,4.0,4.0,0.0,0.0,4.0,4.0
38562,2023.0,9.0,25.0,19.0,20.997593,21.570189,19.38686,19.349367,21.010778,21.565468,21.061998,21.804365,20.01169,20.536839,18.81146,18.792007,21.038437,21.55513,21.066355,21.87283,20.062878,20.866858,0.0,4.0,0.0,4.0,0.0,0.0,0.0,0.0
38563,2023.0,9.0,25.0,19.0,21.00017,21.568235,19.324179,19.290226,21.004526,21.54695,21.02439,21.695114,20.027142,20.569946,18.768856,18.748152,21.016132,21.504366,21.079292,21.800304,19.258844,19.262358,0.0,4.0,0.0,0.0,0.0,0.0,4.0,0.0
38564,2023.0,9.0,25.0,19.0,21.027279,21.634304,19.713911,20.07013,21.004898,21.536232,21.029459,21.681684,20.04581,20.546915,18.72366,18.69826,21.018763,21.505337,21.02747,21.725473,18.860153,18.779806,4.0,4.0,0.0,4.0,0.0,0.0,0.0,0.0
38565,2023.0,9.0,25.0,19.0,21.022814,21.578094,20.02188,20.516651,21.005161,21.527042,21.002949,21.589342,20.050653,20.54056,18.682379,18.652912,21.018547,21.501007,21.030159,21.709463,19.635103,20.363874,4.0,4.0,4.0,4.0,0.0,0.0,0.0,4.0
38566,2023.0,9.0,25.0,19.0,21.00798,21.54563,20.001602,20.426847,21.03227,21.59221,21.008326,21.59026,20.021566,20.507666,18.642612,18.608135,21.01825,21.496986,21.029171,21.687212,20.057707,20.91705,4.0,0.0,4.0,0.0,0.0,0.0,0.0,0.0
38567,2023.0,9.0,25.0,19.0,21.02678,21.602203,20.006437,20.403933,20.999458,21.491255,21.034214,21.654465,19.420788,19.341732,18.609018,18.572294,21.018734,21.494461,21.029692,21.670807,19.195955,19.167145,4.0,4.0,0.0,0.0,0.0,0.0,0.0,0.0
38568,2023.0,9.0,25.0,20.0,21.022322,21.581568,20.00567,20.37912,21.006035,21.496191,21.002611,21.558004,19.82065,20.324732,18.939465,19.218027,21.018724,21.491318,21.119144,21.785847,18.786682,18.681353,4.0,4.0,4.0,4.0,4.0,0.0,4.0,0.0
38569,2023.0,9.0,25.0,20.0,21.016909,21.52884,20.024136,20.413435,21.005165,21.488684,21.034933,21.63631,20.031103,20.573793,20.15229,21.244696,21.018728,21.488487,21.019531,21.620676,18.661581,18.554842,0.0,4.0,0.0,0.0,0.0,0.0,0.0,0.0
38570,2023.0,9.0,25.0,20.0,21.019419,21.535778,19.879744,20.094213,21.005342,21.483932,21.002495,21.540546,19.397163,19.320986,19.3157,19.449226,21.210579,21.827242,21.127808,21.78478,18.649876,18.617426,4.0,4.0,4.0,0.0,0.0,4.0,4.0,0.0
38571,2023.0,9.0,25.0,20.0,21.02577,21.571707,20.054697,20.460352,21.032309,21.552637,21.008566,21.548576,19.063885,18.92345,18.858809,18.82299,21.100252,21.542,21.012732,21.589787,18.608868,18.573689,0.0,0.0,4.0,0.0,0.0,4.0,0.0,0.0
38572,2023.0,9.0,25.0,20.0,21.020082,21.522709,19.536142,19.435465,21.025255,21.526436,21.007914,21.544903,19.043821,18.995586,19.101822,19.35607,21.07703,21.525509,21.032185,21.625502,18.558558,18.524326,0.0,0.0,4.0,0.0,4.0,4.0,0.0,0.0
38573,2023.0,9.0,25.0,20.0,21.007736,21.503262,19.78855,20.09404,21.026123,21.516489,21.034317,21.61488,19.003922,18.959597,20.125269,21.055141,21.020258,21.447395,21.028692,21.611675,19.410763,20.174438,4.0,0.0,0.0,0.0,4.0,0.0,0.0,4.0
38574,2023.0,9.0,25.0,21.0,21.027048,21.567276,20.02697,20.451569,21.025852,21.506,21.002007,21.519392,19.648031,20.22467,20.00313,20.70519,21.0691,21.510534,21.028784,21.604654,20.084831,21.108027,0.0,0.0,4.0,4.0,4.0,4.0,0.0,0.0
38575,2023.0,9.0,25.0,21.0,21.02208,21.55045,19.849125,20.04635,21.018574,21.497849,21.008217,21.526468,20.021715,20.664793,20.034082,20.69976,21.075989,21.511219,21.02276,21.597979,19.088667,19.047419,4.0,0.0,4.0,4.0,0.0,4.0,0.0,0.0
38576,2023.0,9.0,25.0,21.0,21.02259,21.542587,20.05377,20.466858,21.01957,21.502611,21.007715,21.521748,20.02936,20.635195,19.277653,19.182243,21.07303,21.501614,21.023489,21.60143,19.497255,20.12106,0.0,0.0,4.0,0.0,0.0,4.0,0.0,4.0
38577,2023.0,9.0,25.0,21.0,21.017853,21.495115,19.514978,19.396173,21.019543,21.503649,21.034252,21.590845,19.318937,19.212143,18.88235,18.70496,21.06932,21.49126,21.023264,21.601362,20.040705,20.866562,0.0,0.0,0.0,0.0,0.0,4.0,0.0,4.0
38578,2023.0,9.0,25.0,21.0,21.02706,21.542446,19.781721,20.088066,21.019533,21.503654,21.02842,21.567993,18.97396,18.806442,19.251934,19.523006,21.065039,21.480125,21.02356,21.601145,19.994995,20.702242,4.0,0.0,0.0,0.0,4.0,4.0,0.0,4.0
38579,2023.0,9.0,25.0,21.0,21.022533,21.529726,20.029964,20.45643,21.019567,21.50306,21.029133,21.557676,19.586023,20.060783,20.092352,20.896917,21.060701,21.469063,21.023224,21.59924,20.038076,20.763374,0.0,0.0,0.0,4.0,4.0,4.0,0.0,0.0
38580,2023.0,9.0,25.0,22.0,21.023195,21.525515,19.990728,20.325989,21.01968,21.50213,21.029072,21.547184,20.061447,20.73796,20.024109,20.678804,21.022942,21.424835,21.023672,21.598375,19.192379,19.084763,4.0,0.0,0.0,0.0,0.0,0.0,0.0,0.0
38581,2023.0,9.0,25.0,22.0,21.015173,21.519794,20.030336,20.402626,21.019682,21.50094,21.020603,21.538832,19.28415,19.159206,19.543797,19.668703,21.025045,21.422956,21.023577,21.59645,18.79555,18.628935,0.0,0.0,0.0,0.0,4.0,0.0,0.0,0.0
38582,2023.0,9.0,25.0,22.0,21.19358,21.840416,19.471783,19.302666,21.019648,21.499632,21.021797,21.546104,18.918818,18.735027,20.14442,20.81998,21.024527,21.414717,21.023191,21.593962,18.665567,18.498262,0.0,0.0,0.0,0.0,0.0,0.0,0.0,0.0
38583,2023.0,9.0,25.0,22.0,20.998777,21.466213,19.16316,18.902992,21.019712,21.498528,21.021826,21.548992,18.929276,18.86219,19.316954,19.19088,21.02471,21.408634,21.023355,21.592455,19.513115,20.201458,0.0,0.0,0.0,0.0,0.0,0.0,0.0,4.0
38584,2023.0,9.0,25.0,22.0,21.027452,21.523806,19.191256,19.065184,21.019539,21.49678,21.021563,21.549656,18.900928,18.832685,19.372904,19.60135,21.016983,21.40347,21.023642,21.591078,20.07293,20.95121,0.0,0.0,0.0,0.0,4.0,0.0,0.0,0.0
38585,2023.0,9.0,25.0,22.0,21.023233,21.513563,19.194271,19.09032,21.019823,21.495897,21.021751,21.550114,18.848251,18.780807,20.100258,20.820189,21.018002,21.41187,21.023499,21.58918,19.120522,19.013128,0.0,0.0,0.0,0.0,0.0,0.0,0.0,0.0
38586,2023.0,9.0,25.0,23.0,21.015667,21.51232,19.15937,19.058071,21.01988,21.494602,21.021788,21.549751,18.799316,18.730436,19.424824,19.45008,21.01801,21.416203,21.02338,21.587313,18.693445,18.517212,0.0,0.0,0.0,0.0,0.0,0.0,0.0,0.0
38587,2023.0,9.0,25.0,23.0,20.588316,20.699745,19.12028,19.01759,20.501749,20.49675,20.451385,20.452597,18.756279,18.686962,19.061049,18.98941,20.527067,20.473473,20.37807,20.342325,18.687117,18.623405,0.0,0.0,0.0,0.0,0.0,0.0,0.0,0.0
38588,2023.0,9.0,25.0,23.0,20.410175,20.469748,19.08972,18.985518,20.263239,20.163816,20.195692,20.103725,18.722605,18.652155,18.962969,18.882359,20.35534,20.261879,21.123446,21.910858,18.654762,18.593996,0.0,0.0,0.0,0.0,0.0,0.0,4.0,0.0
38589,2023.0,9.0,25.0,23.0,20.317284,20.372408,19.059996,18.954832,20.14965,20.039051,20.072319,19.970848,18.689661,18.618168,18.889418,18.806822,20.267443,20.172945,20.248627,20.101704,18.605932,18.544312,0.0,0.0,0.0,0.0,0.0,0.0,0.0,0.0
38590,2023.0,9.0,25.0,23.0,20.242481,20.294918,19.031275,18.924477,20.06421,19.949965,19.97757,19.872934,18.657614,18.5844,18.823212,18.738205,20.190086,20.093035,19.891624,19.639585,19.297533,19.885916,0.0,0.0,0.0,0.0,0.0,0.0,0.0,4.0
38591,2023.0,9.0,25.0,23.0,20.17951,20.231266,19.004356,18.896658,19.993176,19.87821,19.899029,19.794046,18.627325,18.553055,18.764353,18.678406,20.123135,20.02516,19.751303,19.500813,18.663296,18.521376,0.0,0.0,0.0,0.0,0.0,0.0,0.0,0.0
38592,2023.0,9.0,26.0,0.0,20.120127,20.167913,18.976868,18.866556,19.92646,19.807402,19.8259,19.716589,18.59668,18.519873,19.028502,19.221249,20.059872,19.958107,19.633173,19.381006,18.442049,18.247713,0.0,0.0,0.0,0.0,4.0,0.0,0.0,0.0
38593,2023.0,9.0,26.0,0.0,20.066874,20.111597,18.94971,18.835966,19.86616,19.743637,19.760311,19.647417,18.566912,18.487478,19.111696,19.328457,20.002724,19.897953,19.703732,19.62084,18.36195,18.16498,0.0,0.0,0.0,0.0,4.0,0.0,0.0,0.0
38594,2023.0,9.0,26.0,0.0,20.02169,20.067413,19.379538,19.662323,19.816244,19.696232,19.706352,19.596287,18.539751,18.4597,18.805304,18.739794,19.953169,19.84885,19.65508,19.56511,18.425413,18.357994,4.0,0.0,0.0,0.0,0.0,0.0,0.0,0.0
38595,2023.0,9.0,26.0,0.0,19.977036,20.020994,19.123596,19.097536,19.76659,19.64542,19.652882,19.541666,18.512037,18.430132,18.679632,18.58626,19.9051,19.799051,19.597008,19.505795,19.142204,19.722214,0.0,0.0,0.0,0.0,0.0,0.0,0.0,4.0
38596,2023.0,9.0,26.0,0.0,19.931679,19.970413,18.961527,18.838686,19.715792,19.589066,19.598473,19.481367,18.48303,18.397388,18.615221,18.51448,19.857138,19.746426,19.538221,19.442541,19.23971,19.71907,0.0,0.0,0.0,0.0,0.0,0.0,0.0,4.0
38597,2023.0,9.0,26.0,0.0,19.894608,19.933405,18.924313,18.802746,19.675705,19.551268,19.556013,19.441273,18.45785,18.37188,18.56653,18.467669,19.816982,19.706837,19.487717,19.393158,18.555916,18.377007,0.0,0.0,0.0,0.0,0.0,0.0,0.0,0.0
38598,2023.0,9.0,26.0,1.0,19.853827,19.887205,18.88604,18.75771,19.630215,19.500223,19.508093,19.387384,18.429453,18.3396,18.51442,18.409372,19.77383,19.65901,19.43445,19.335348,18.332663,18.104244,0.0,0.0,0.0,0.0,0.0,0.0,0.0,0.0
38599,2023.0,9.0,26.0,1.0,19.817493,19.848204,18.856647,18.726309,19.591074,19.45991,19.466852,19.344994,18.402943,18.310875,18.790514,18.965939,19.735142,19.618284,19.386559,19.285814,18.245642,18.016655,0.0,0.0,0.0,0.0,4.0,0.0,0.0,0.0
38600,2023.0,9.0,26.0,1.0,19.78235,19.810331,18.828281,18.695065,19.552845,19.419815,19.426502,19.302855,18.376348,18.281958,18.536966,18.434662,19.697754,19.578691,19.340696,19.23821,18.32353,18.243792,0.0,0.0,0.0,0.0,0.0,0.0,0.0,0.0
38601,2023.0,9.0,26.0,1.0,19.74612,19.769123,18.80013,18.662235,19.512684,19.374443,19.384186,19.255253,18.348175,18.249863,18.437656,18.322756,19.659569,19.536259,19.29459,19.188282,18.29979,18.211546,0.0,0.0,0.0,0.0,0.0,0.0,0.0,0.0
38602,2023.0,9.0,26.0,1.0,19.712358,19.73183,18.77369,18.632755,19.476,19.334822,19.34559,19.21378,18.32102,18.21984,18.389355,18.271439,19.62377,19.49757,19.251398,19.142628,18.263062,18.172165,0.0,0.0,0.0,0.0,0.0,0.0,0.0,0.0
38603,2023.0,9.0,26.0,1.0,19.679373,19.695234,18.7475,18.603485,19.440308,19.296108,19.308102,19.173336,18.293808,18.18974,18.34324,18.22224,19.588861,19.459743,19.209568,19.098309,18.227665,18.134123,0.0,0.0,0.0,0.0,0.0,0.0,0.0,0.0
38604,2023.0,9.0,26.0,2.0,19.647072,19.659279,18.721544,18.574408,19.405455,19.258142,19.271563,19.133759,18.2665,18.159521,18.299934,18.175764,19.554686,19.422623,19.168884,19.055107,18.192959,18.096773,0.0,0.0,0.0,0.0,0.0,0.0,0.0,0.0
38605,2023.0,9.0,26.0,2.0,19.61707,19.627169,18.697977,18.549782,19.37393,19.225876,19.238516,19.100086,18.240648,18.13222,18.580843,18.73741,19.522783,19.389328,19.130745,19.015862,18.16068,18.063223,0.0,0.0,0.0,0.0,4.0,0.0,0.0,0.0
38606,2023.0,9.0,26.0,2.0,19.597803,19.61602,18.674574,18.524931,19.342632,19.193348,19.205822,19.066229,18.214748,18.104782,18.332123,18.21062,19.491465,19.356506,19.093483,18.977442,18.129223,18.030432,0.0,0.0,0.0,0.0,0.0,0.0,0.0,0.0
38607,2023.0,9.0,26.0,2.0,19.578987,19.601807,18.651827,18.500803,19.312262,19.161875,19.174274,19.033602,18.189137,18.077875,18.240732,18.112318,19.46102,19.324827,19.057432,18.940552,18.825527,19.366665,0.0,0.0,0.0,0.0,0.0,0.0,0.0,4.0
38608,2023.0,9.0,26.0,2.0,19.552279,19.5724,18.628319,18.475,19.28124,19.128485,19.142265,18.999144,18.162636,18.04919,18.196882,18.066605,19.430035,19.291574,19.020971,18.902119,18.33575,18.281118,0.0,0.0,0.0,0.0,0.0,0.0,0.0,0.0
38609,2023.0,9.0,26.0,2.0,19.52504,19.542122,18.60476,18.449099,19.250608,19.095339,19.110912,18.96514,18.136036,18.020344,18.154093,18.021229,19.399393,19.258598,18.985046,18.864153,18.722155,19.084196,0.0,0.0,0.0,0.0,0.0,0.0,0.0,4.0
38610,2023.0,9.0,26.0,3.0,19.49828,19.51281,18.581656,18.42411,19.22095,19.063711,19.080725,18.932846,18.109825,17.992338,18.114529,17.97972,19.369598,19.226974,18.95018,18.827797,18.134829,17.874857,0.0,0.0,0.0,0.0,0.0,0.0,0.0,0.0
38611,2023.0,9.0,26.0,3.0,19.473103,19.486633,18.560225,18.402456,19.193342,19.035835,19.052702,18.904396,18.084911,17.967003,18.368435,18.485085,19.341528,19.198503,18.917025,18.794436,18.691748,19.069197,0.0,0.0,0.0,0.0,4.0,0.0,0.0,4.0
38612,2023.0,9.0,26.0,3.0,19.448425,19.461004,18.53963,18.381752,19.166553,19.008884,19.025549,18.876936,18.060432,17.942118,18.169598,18.055054,19.314173,19.170744,18.884623,18.761763,18.136528,17.887836,0.0,0.0,0.0,0.0,0.0,0.0,0.0,0.0
38613,2023.0,9.0,26.0,3.0,19.422445,19.4325,18.517813,18.358046,19.137962,18.977833,18.99673,18.845444,18.034698,17.914488,18.062054,17.922802,19.285757,19.140343,18.851181,18.726406,17.925077,17.63557,0.0,0.0,0.0,0.0,0.0,0.0,0.0,0.0
38614,2023.0,9.0,26.0,3.0,19.39845,19.407715,18.497856,18.337967,19.111986,18.95169,18.9704,18.818876,18.01068,17.890112,18.022453,17.883068,19.25941,19.113653,18.81993,18.69494,17.847902,17.562866,0.0,0.0,0.0,0.0,0.0,0.0,0.0,0.0
38615,2023.0,9.0,26.0,3.0,19.376074,19.3859,18.4798,18.321592,19.088717,18.930555,18.946604,18.797293,17.988514,17.869186,18.275255,18.3875,19.235209,19.090763,18.790987,18.667515,18.657516,19.164143,0.0,0.0,0.0,0.0,4.0,0.0,0.0,4.0
38616,2023.0,9.0,26.0,4.0,19.351847,19.360558,18.459929,18.301498,19.063082,18.904606,18.920452,18.770828,17.964705,17.844946,18.39633,18.55318,19.209524,19.064632,18.760456,18.636648,18.037733,17.800339,0.0,0.0,0.0,0.0,4.0,0.0,0.0,0.0
38617,2023.0,9.0,26.0,4.0,19.328533,19.336897,18.441309,18.283375,19.03848,18.880428,18.895681,18.746302,17.941648,17.822094,18.09734,17.968002,19.184847,19.040195,18.730787,18.607147,17.821838,17.539984,0.0,0.0,0.0,0.0,0.0,0.0,0.0,0.0
38618,2023.0,9.0,26.0,4.0,19.305744,19.313904,18.423168,18.265549,19.014025,18.856056,18.871075,18.721638,17.91894,17.799524,17.996614,17.857706,19.160717,19.016266,18.701708,18.578226,17.746923,17.464134,0.0,0.0,0.0,0.0,0.0,0.0,0.0,0.0
38619,2023.0,9.0,26.0,4.0,19.28396,19.292675,18.405985,18.24968,18.991074,18.834444,18.848707,18.700794,17.897217,17.778719,17.952803,17.815283,19.137743,18.99428,18.673805,18.55128,17.856878,17.747965,0.0,0.0,0.0,0.0,0.0,0.0,0.0,0.0
38620,2023.0,9.0,26.0,4.0,19.262392,19.271626,18.389378,18.234976,18.96918,18.814589,18.826368,18.680569,17.876154,17.758978,18.234402,18.38063,19.115562,18.973475,18.646723,18.525534,17.851368,17.74374,0.0,0.0,0.0,0.0,4.0,0.0,0.0,0.0
38621,2023.0,9.0,26.0,4.0,19.241491,19.252031,18.372953,18.2206,18.947535,18.795206,18.80432,18.660885,18.4367,18.831793,18.325134,18.488543,19.093922,18.953564,18.62023,18.500832,17.828953,17.72322,0.0,0.0,0.0,4.0,4.0,0.0,0.0,0.0
38622,2023.0,9.0,26.0,5.0,19.21984,19.230606,18.356073,18.20476,18.924921,18.773645,18.781542,18.63928,18.048159,17.964529,17.817171,17.487059,19.071598,18.932043,18.592928,18.474276,17.803837,17.698858,0.0,0.0,0.0,0.0,0.0,0.0,0.0,0.0
38623,2023.0,9.0,26.0,5.0,19.19948,19.211332,18.340155,18.19057,18.903343,18.75399,18.759811,18.619514,18.495213,18.885986,17.64207,17.301239,19.776815,20.286343,18.566639,18.449545,17.779001,17.675514,0.0,0.0,0.0,4.0,0.0,4.0,0.0,0.0
38624,2023.0,9.0,26.0,5.0,19.17913,19.191654,18.323793,18.17584,18.881653,18.733767,18.737728,18.599081,18.515081,18.773987,17.76849,17.63133,19.285776,19.211935,18.540243,18.424253,17.754091,17.651636,0.0,0.0,0.0,4.0,0.0,0.0,0.0,0.0
38625,2023.0,9.0,26.0,5.0,19.159523,19.17284,18.307283,18.161161,18.860344,18.713993,18.715721,18.5789,17.93182,17.65654,17.781834,17.655159,18.940176,18.614809,18.514334,18.399595,17.729805,17.628517,0.0,0.0,0.0,0.0,0.0,0.0,0.0,0.0
38626,2023.0,9.0,26.0,5.0,19.140085,19.154306,18.290838,18.146614,18.839243,18.694563,18.693933,18.559023,17.753002,17.463715,17.752665,17.62672,18.832312,18.493563,18.488913,18.375566,18.43308,18.974283,0.0,0.0,0.0,0.0,0.0,0.0,0.0,4.0
38627,2023.0,9.0,26.0,5.0,19.119823,19.134754,18.274157,18.13164,18.817833,18.674614,18.672163,18.538803,17.67962,17.394444,17.725521,17.600878,18.771748,18.435534,18.46357,18.351353,17.95165,17.902586,0.0,0.0,0.0,0.0,0.0,0.0,0.0,0.0
38628,2023.0,9.0,26.0,6.0,19.099293,19.115252,18.25769,18.117142,19.415802,19.819197,18.651081,18.519491,17.770441,17.640999,17.987474,18.11397,19.633963,20.131905,18.43896,18.328241,18.340698,18.704842,0.0,4.0,0.0,0.0,4.0,4.0,0.0,4.0
38629,2023.0,9.0,26.0,6.0,21.236414,22.866766,18.243433,18.106874,21.20143,22.835155,21.323954,23.13016,18.377287,18.789774,20.2481,22.009895,21.173054,22.69824,21.39683,23.420673,20.218664,21.89872,0.0,4.0,4.0,4.0,4.0,4.0,0.0,4.0
38630,2023.0,9.0,26.0,6.0,20.983261,22.166574,18.628231,18.842365,21.0312,22.267395,21.009338,22.375937,20.223602,21.86392,19.995148,21.251747,21.008707,22.14719,21.001257,22.470078,19.996666,21.2302,4.0,0.0,0.0,0.0,4.0,4.0,0.0,4.0
38631,2023.0,9.0,26.0,6.0,21.239664,22.53178,20.192883,21.485052,21.182701,22.406227,21.17444,22.509722,18.681572,18.593449,20.057104,21.192171,21.174416,22.329494,21.223606,22.73558,20.021597,21.128162,0.0,0.0,0.0,0.0,0.0,4.0,0.0,4.0
38632,2023.0,9.0,26.0,6.0,21.018343,21.987392,19.189041,19.318823,21.019747,21.945042,21.047523,22.120928,17.991951,17.739792,18.845818,18.72108,21.047188,21.98454,21.00022,22.133846,20.016537,21.013283,0.0,4.0,0.0,0.0,0.0,0.0,4.0,4.0
38633,2023.0,9.0,26.0,6.0,21.045485,21.997435,19.039719,19.31245,21.022984,21.880672,21.00716,21.955526,18.010614,17.909914,18.68376,18.839043,21.008749,21.807585,21.016558,22.069965,20.048931,21.026024,4.0,4.0,4.0,0.0,4.0,4.0,4.0,0.0
38634,2023.0,9.0,26.0,7.0,21.01149,21.857973,20.149315,21.217392,21.02233,21.829803,21.052828,21.998981,18.001925,17.91005,20.209635,21.467236,21.01483,21.765186,21.053757,22.105003,18.905867,18.757214,0.0,4.0,0.0,0.0,0.0,4.0,0.0,0.0
38635,2023.0,9.0,26.0,7.0,21.016777,21.835981,19.069237,18.96537,21.047253,21.86359,21.01865,21.859814,18.65479,19.175644,19.465168,19.85272,21.013193,21.72223,21.045095,22.028704,19.263123,19.825384,0.0,0.0,4.0,4.0,4.0,4.0,0.0,4.0
38636,2023.0,9.0,26.0,7.0,21.01513,21.81008,18.47347,18.172594,21.015156,21.746498,21.023613,21.836824,20.19636,21.679083,20.126568,21.176476,21.012257,21.68974,21.004423,21.873045,20.113747,21.189823,0.0,4.0,4.0,0.0,4.0,4.0,4.0,0.0
38637,2023.0,9.0,26.0,7.0,21.014675,21.7919,18.88187,19.075804,21.04609,21.807302,21.02219,21.810745,19.375504,19.810646,20.016356,20.850374,21.041811,21.742682,21.011023,21.859789,18.937052,18.8113,4.0,0.0,4.0,4.0,4.0,0.0,4.0,0.0
38638,2023.0,9.0,26.0,7.0,21.014359,21.777048,20.154797,21.221516,21.013367,21.701036,21.021526,21.79211,20.165415,21.377016,20.045223,20.848103,21.035683,21.701025,21.050272,21.947327,18.394287,18.178236,0.0,4.0,4.0,0.0,0.0,0.0,0.0,0.0
38639,2023.0,9.0,26.0,7.0,21.04085,21.839695,19.295612,19.407238,21.04474,21.772436,21.020979,21.777937,18.944735,18.864124,19.091263,18.959278,21.004766,21.595963,21.041464,21.904346,18.368347,18.28595,0.0,0.0,4.0,0.0,0.0,4.0,0.0,0.0
38640,2023.0,9.0,26.0,8.0,21.033398,21.8092,18.760588,18.654228,21.036871,21.743046,21.019829,21.765846,18.346024,18.125834,18.530828,18.252098,21.009058,21.593536,21.040236,21.878836,18.32118,18.246813,0.0,0.0,4.0,0.0,0.0,4.0,0.0,0.0
38641,2023.0,9.0,26.0,8.0,20.179096,20.156843,19.082727,19.348345,20.116842,19.967161,20.032272,19.894209,18.326664,18.236963,18.515795,18.39472,20.144827,19.952398,19.989826,19.840052,18.255426,18.190603,4.0,0.0,0.0,0.0,0.0,0.0,0.0,0.0
38642,2023.0,9.0,26.0,8.0,19.8199,19.674212,20.138184,21.177757,19.866373,19.714453,19.598997,19.299465,18.980352,19.506422,18.880678,19.134045,19.832218,19.550594,19.738478,19.62872,18.206182,18.144287,0.0,0.0,0.0,4.0,4.0,0.0,0.0,0.0
38643,2023.0,9.0,26.0,8.0,19.807129,19.830948,19.13556,19.083494,19.747179,19.629864,19.39769,19.114117,20.237253,21.564018,20.162088,21.32139,20.414934,20.794155,19.603306,19.516417,18.154827,18.097952,0.0,0.0,0.0,0.0,0.0,4.0,0.0,0.0
38644,2023.0,9.0,26.0,8.0,19.748686,19.794882,18.603708,18.38341,19.625362,19.515665,19.258509,18.992613,18.987045,18.97034,19.540216,19.940107,20.605799,21.017288,19.464926,19.386059,18.107866,18.05513,0.0,0.0,0.0,0.0,4.0,4.0,0.0,0.0
38645,2023.0,9.0,26.0,8.0,19.678513,19.728254,18.607483,18.490192,20.210426,20.69405,19.291105,19.16157,18.556658,18.375933,20.110165,20.981344,19.934736,19.745289,19.365246,19.289268,18.071928,18.021713,0.0,4.0,0.0,0.0,4.0,0.0,0.0,0.0
38646,2023.0,9.0,26.0,9.0,19.616102,19.682487,19.00795,19.272497,19.82628,19.839882,19.266806,19.171587,18.506096,18.431,20.028507,20.782852,19.651962,19.43257,19.268255,19.199663,18.035812,17.98975,4.0,0.0,0.0,0.0,0.0,0.0,0.0,0.0
38647,2023.0,9.0,26.0,9.0,19.563139,19.64197,20.145462,21.202698,20.01493,20.355349,19.208359,19.126072,18.449701,18.39484,19.187944,19.12325,19.560825,19.359352,19.185959,19.126263,18.00559,17.965534,0.0,4.0,0.0,0.0,0.0,0.0,0.0,0.0
38648,2023.0,9.0,26.0,9.0,20.206944,20.906334,19.326,19.471888,19.594519,19.50419,19.151947,19.0793,18.38374,18.339197,18.745323,18.589,19.502504,19.322128,19.116417,19.064661,17.980118,17.945782,0.0,0.0,0.0,0.0,0.0,0.0,0.0,0.0
38649,2023.0,9.0,26.0,9.0,19.759989,19.934248,18.948885,18.89757,19.362312,19.17676,19.794527,20.333136,18.337065,18.29936,18.710796,18.637886,19.55557,19.483759,19.065647,19.020031,17.961433,17.93223,0.0,0.0,4.0,0.0,0.0,0.0,0.0,0.0
38650,2023.0,9.0,26.0,9.0,19.45957,19.453949,18.842978,18.782028,19.275633,19.103655,19.959547,20.518747,18.296774,18.266062,18.670404,18.620996,19.54833,19.493166,19.017962,18.975899,17.945328,17.921413,0.0,0.0,4.0,0.0,0.0,0.0,0.0,0.0
38651,2023.0,9.0,26.0,9.0,19.392351,19.406218,18.78315,18.733912,19.970964,20.490543,19.9097,20.364723,18.265526,18.243736,18.619982,18.58373,19.52436,19.476479,18.979393,18.9444,17.93332,17.915306,0.0,4.0,4.0,0.0,0.0,0.0,0.0,0.0
38652,2023.0,9.0,26.0,10.0,19.418852,19.52005,18.73511,18.693968,19.512209,19.501743,19.93371,20.395546,18.23741,18.22273,18.573166,18.546206,19.50169,19.459978,18.944199,18.914682,17.923824,17.91133,0.0,0.0,4.0,0.0,0.0,0.0,0.0,0.0
38653,2023.0,9.0,26.0,10.0,19.402973,19.520662,18.693596,18.658083,19.289495,19.184996,19.395105,19.37192,18.209898,18.197681,18.52987,18.508865,19.479853,19.44211,18.9118,18.885721,17.91459,17.905495,0.0,0.0,0.0,0.0,0.0,0.0,0.0,0.0
38654,2023.0,9.0,26.0,10.0,19.3708,19.489492,18.655577,18.623133,19.22009,19.120993,19.18646,19.093796,18.18492,18.17515,18.488947,18.471191,19.459126,19.424505,18.88137,18.857765,17.905828,17.899693,0.0,0.0,0.0,0.0,0.0,0.0,0.0,0.0
38655,2023.0,9.0,26.0,10.0,19.343254,19.465567,18.624886,18.598103,19.224726,19.188625,19.117846,19.041641,18.164051,18.15773,18.454708,18.442247,19.440926,19.410067,18.854412,18.834183,17.897686,17.894594,0.0,0.0,0.0,0.0,0.0,0.0,0.0,0.0
38656,2023.0,9.0,26.0,10.0,19.318987,19.445837,18.599989,18.580751,19.195524,19.168003,19.102465,19.074871,18.146677,18.144566,18.426392,18.42095,20.141388,20.753666,18.830772,18.814856,17.890219,17.890337,0.0,0.0,0.0,0.0,0.0,4.0,0.0,0.0
38657,2023.0,9.0,26.0,10.0,19.29529,19.425003,18.575811,18.561504,19.164127,19.142021,19.07049,19.054968,18.131796,18.132736,18.399832,18.397348,19.624815,19.629747,18.809052,18.796091,17.88417,17.887169,0.0,0.0,0.0,0.0,0.0,0.0,0.0,0.0
38658,2023.0,9.0,26.0,11.0,19.95156,20.678213,18.554651,18.545397,19.812368,20.390375,19.035105,19.025127,18.123066,18.12722,18.3816,18.38281,20.219656,20.827974,18.79288,18.783068,17.882362,17.888315,0.0,4.0,0.0,0.0,0.0,4.0,0.0,0.0
38659,2023.0,9.0,26.0,11.0,19.524317,19.732718,18.536018,18.531794,19.4125,19.502237,19.003233,18.998077,18.119745,18.127546,18.367878,18.370296,19.716448,19.739128,18.781347,18.774782,17.88435,17.893759,0.0,0.0,0.0,0.0,0.0,0.0,0.0,0.0
38660,2023.0,9.0,26.0,11.0,19.337208,19.453169,18.519064,18.519194,19.198801,19.175205,18.973204,18.971224,18.117563,18.12512,18.358358,18.361774,19.563581,19.519571,18.773516,18.770216,17.889256,17.902681,0.0,0.0,0.0,0.0,0.0,0.0,0.0,0.0
38661,2023.0,9.0,26.0,11.0,19.302053,19.43089,18.506222,18.51269,19.799366,20.348978,18.949808,18.95456,18.118666,18.127542,18.353748,18.35937,20.275808,20.89972,18.765514,18.762213,17.891962,17.904602,0.0,4.0,0.0,0.0,0.0,4.0,0.0,0.0
38662,2023.0,9.0,26.0,11.0,19.277699,19.416275,18.93883,19.338463,19.408348,19.499578,19.60984,20.21993,18.121662,18.132063,18.351519,18.359034,20.481308,21.14379,18.759579,18.757393,17.896772,17.910461,4.0,0.0,4.0,0.0,0.0,4.0,0.0,0.0
38663,2023.0,9.0,26.0,11.0,19.25964,19.40545,20.134605,21.352749,19.86517,20.431799,19.215168,19.332178,18.125986,18.138266,18.351925,18.361866,19.899282,19.969507,18.75574,18.755133,17.903057,17.918259,4.0,4.0,0.0,0.0,0.0,0.0,0.0,0.0
38664,2023.0,9.0,26.0,12.0,19.239635,19.388628,19.994135,20.914116,20.066181,20.643969,19.587563,20.163593,18.131832,18.146454,18.35509,18.36795,19.662966,19.65387,18.752724,18.754076,17.910439,17.927706,4.0,4.0,4.0,0.0,0.0,0.0,0.0,0.0
38665,2023.0,9.0,26.0,12.0,21.24324,22.934937,20.013212,20.851107,21.13287,22.468105,21.181501,22.792238,18.13631,18.151093,18.3584,18.371677,21.194813,22.37877,21.336771,23.244875,17.916918,17.934254,4.0,4.0,4.0,0.0,0.0,0.0,0.0,0.0
38666,2023.0,9.0,26.0,12.0,20.991034,22.242737,20.008856,20.774466,21.018478,22.126394,21.01439,22.296549,18.142464,18.157389,18.36322,18.377056,20.97709,21.838802,20.989096,22.388725,17.925245,17.942795,4.0,0.0,0.0,0.0,0.0,4.0,0.0,0.0
38667,2023.0,9.0,26.0,12.0,21.03119,22.195929,20.027308,20.77686,21.033098,22.05551,21.037636,22.212095,18.150177,18.165766,18.80537,19.210632,21.0328,21.87543,21.037346,22.305355,17.93473,17.952919,0.0,0.0,0.0,0.0,4.0,0.0,0.0,0.0
38668,2023.0,9.0,26.0,12.0,21.027882,22.105919,19.77886,20.233412,21.006065,21.910543,21.035282,22.116228,18.158476,18.174168,20.169434,21.473967,21.024137,21.785479,20.993229,22.067945,17.944412,17.962706,4.0,4.0,0.0,0.0,0.0,0.0,4.0,0.0
38669,2023.0,9.0,26.0,12.0,21.027594,22.046535,20.067442,20.817057,21.036196,21.944304,21.031702,22.0485,18.168598,18.18469,19.268105,19.50376,21.02366,21.729313,21.042295,22.110186,17.955542,17.97414,0.0,0.0,0.0,0.0,0.0,0.0,0.0,0.0
38670,2023.0,9.0,26.0,13.0,21.026497,22.000963,19.47303,19.623795,21.029276,21.890848,21.030989,22.001194,18.180304,18.19618,18.77622,18.800922,21.105751,21.817284,20.991514,21.91211,17.967915,17.986439,0.0,0.0,0.0,0.0,0.0,4.0,4.0,0.0
38671,2023.0,9.0,26.0,13.0,21.026167,21.966658,19.54222,19.939167,21.02882,21.858345,21.03024,21.964655,18.962645,19.663803,18.699389,18.71053,21.012625,21.63012,21.03933,21.989813,17.98442,18.005203,4.0,0.0,0.0,4.0,0.0,0.0,0.0,0.0
38672,2023.0,9.0,26.0,13.0,20.99759,21.86358,20.073988,20.846079,21.000366,21.760391,21.029613,21.935852,20.137989,21.497711,19.079926,19.448477,21.131355,21.806301,21.029007,21.92482,18.003872,18.027023,0.0,4.0,0.0,0.0,4.0,4.0,0.0,0.0
38673,2023.0,9.0,26.0,13.0,21.02997,21.933435,19.855087,20.337217,21.032654,21.830736,21.003456,21.84159,19.175827,19.416336,20.12639,21.181887,21.006643,21.563894,21.02857,21.885544,18.024488,18.049278,4.0,0.0,4.0,0.0,0.0,0.0,0.0,0.0
38674,2023.0,9.0,26.0,13.0,21.02466,21.902344,20.053722,20.750706,21.02557,21.800526,21.033848,21.910019,18.760027,18.862965,19.39973,19.608292,21.019567,21.574183,21.027327,21.850851,18.046803,18.073353,0.0,0.0,0.0,0.0,0.0,0.0,0.0,0.0
38675,2023.0,9.0,26.0,13.0,20.996647,21.808737,19.551413,19.742527,20.999046,21.713316,21.027864,21.880562,18.636335,18.66033,18.997015,19.028542,21.016972,21.553297,21.204243,22.123043,18.07015,18.098763,0.0,4.0,0.0,0.0,0.0,0.0,4.0,0.0
38676,2023.0,9.0,26.0,14.0,21.003986,21.815956,19.31448,19.46002,21.007513,21.724373,21.01361,21.807112,18.590933,18.610134,18.923136,18.939194,21.034653,21.57249,21.261126,22.157927,18.094084,18.125074,0.0,4.0,4.0,0.0,0.0,0.0,4.0,0.0
38677,2023.0,9.0,26.0,14.0,20.403767,20.68578,19.1822,19.266094,20.397926,20.577215,20.325815,20.516052,18.579542,18.60003,18.902874,18.921114,21.28091,22.001684,20.448048,20.598677,18.113956,18.143501,0.0,0.0,0.0,0.0,0.0,4.0,0.0,0.0
38678,2023.0,9.0,26.0,14.0,20.184132,20.40852,19.104603,19.168531,20.149088,20.246593,20.057196,20.169775,18.577105,18.597544,18.893711,18.911469,20.694977,20.83237,20.14991,20.183441,18.13299,18.162762,0.0,0.0,0.0,0.0,0.0,0.0,0.0,0.0
38679,2023.0,9.0,26.0,14.0,20.094698,20.325575,19.059,19.12427,20.655956,21.28629,19.948818,20.070011,18.576912,18.598057,18.887949,18.906609,20.488039,20.52566,20.969446,21.833384,18.150581,18.180267,0.0,4.0,0.0,0.0,0.0,0.0,4.0,0.0
38680,2023.0,9.0,26.0,14.0,20.033413,20.274788,19.456713,19.902325,20.245682,20.44169,19.805864,19.871706,18.57859,18.600554,18.884863,18.90451,20.417501,20.453485,20.338924,20.50876,18.167135,18.197165,4.0,0.0,0.0,0.0,0.0,0.0,0.0,0.0
38681,2023.0,9.0,26.0,14.0,19.942213,20.146446,20.080906,20.95128,20.043272,20.164566,19.709602,19.765604,18.581167,18.604424,18.883322,18.904587,21.086815,21.76687,20.074644,20.124872,18.182404,18.213135,0.0,0.0,0.0,0.0,0.0,4.0,0.0,0.0
38682,2023.0,9.0,26.0,15.0,19.868734,20.070316,19.842175,20.35528,20.578655,21.247112,19.63063,19.689978,18.583635,18.608604,18.882164,18.905668,21.342094,22.084509,19.965961,20.01933,18.197336,18.22903,4.0,4.0,0.0,0.0,0.0,4.0,0.0,0.0
38683,2023.0,9.0,26.0,15.0,19.819643,20.014078,20.030994,20.690243,20.161592,20.364704,20.250553,20.90547,18.585405,18.610588,19.275301,19.648443,21.400122,22.141184,19.904818,19.960567,18.207651,18.239138,4.0,0.0,4.0,0.0,4.0,4.0,0.0,0.0
38684,2023.0,9.0,26.0,15.0,19.766935,19.955568,20.015411,20.645235,19.922249,20.063335,19.864704,20.0015,18.585789,18.611422,20.089851,20.997955,20.784803,20.938425,19.787003,19.7862,18.217472,18.248856,0.0,0.0,0.0,0.0,0.0,0.0,0.0,0.0
38685,2023.0,9.0,26.0,15.0,19.733727,19.929382,19.628746,19.874207,19.853508,19.989906,20.266193,20.926716,18.585636,18.612001,19.484959,19.69286,20.504568,20.565685,19.707273,19.70299,18.225662,18.257261,0.0,0.0,4.0,0.0,0.0,0.0,0.0,0.0
38686,2023.0,9.0,26.0,15.0,19.715778,19.918047,19.473501,19.660715,20.383566,21.008492,19.885677,20.108019,18.585413,18.612793,19.223091,19.263556,20.429815,20.481348,19.66118,19.658068,19.136908,19.973639,0.0,4.0,0.0,0.0,0.0,0.0,0.0,4.0
38687,2023.0,9.0,26.0,15.0,20.364634,21.157522,19.720707,20.154938,20.566195,21.239069,20.315538,20.989586,18.584375,18.61315,19.150545,19.175352,20.383476,20.437937,19.620913,19.620016,20.087103,21.448107,4.0,4.0,4.0,0.0,0.0,0.0,0.0,4.0
38688,2023.0,9.0,26.0,16.0,20.615389,21.420334,20.027897,20.634438,20.095009,20.300148,20.495588,21.170197,19.311876,19.988817,19.105223,19.130098,20.284765,20.28806,19.581951,19.58438,20.021477,21.161705,4.0,0.0,4.0,4.0,0.0,0.0,0.0,0.0
38689,2023.0,9.0,26.0,16.0,20.120232,20.425224,19.997879,20.546741,20.443512,21.08467,20.535028,21.200422,20.0588,21.077099,19.067383,19.091003,20.974407,21.648949,19.544142,19.547337,19.210794,19.465784,4.0,4.0,4.0,4.0,0.0,4.0,0.0,0.0
38690,2023.0,9.0,26.0,16.0,20.52993,21.332664,20.018335,20.58208,20.630793,21.28489,20.014366,20.191622,19.987642,20.819925,19.034073,19.056301,21.2546,21.991215,19.508558,19.511427,18.831944,18.958355,0.0,4.0,0.0,4.0,0.0,4.0,0.0,0.0
38691,2023.0,9.0,26.0,16.0,20.12237,20.396122,20.009007,20.519255,20.125042,20.29378,19.77983,19.910902,20.02705,20.841621,19.005085,19.027267,21.317532,22.04405,19.476904,19.48013,18.746416,18.860924,4.0,0.0,0.0,0.0,0.0,4.0,0.0,0.0
38692,2023.0,9.0,26.0,16.0,20.532917,21.307291,20.01726,20.545502,19.892975,20.008707,20.297195,20.941092,19.434378,19.63146,18.977957,18.999416,20.698753,20.830597,19.44735,19.45107,18.619934,18.651236,0.0,0.0,4.0,0.0,0.0,0.0,0.0,0.0
38693,2023.0,9.0,26.0,16.0,20.728132,21.507029,19.665653,19.854715,20.435818,21.084427,20.48174,21.123579,19.873108,20.616665,18.952782,18.97413,20.417427,20.456936,19.419127,19.422943,18.545046,18.56628,0.0,4.0,4.0,4.0,0.0,0.0,0.0,0.0
38694,2023.0,9.0,26.0,17.0,20.778494,21.550978,19.451273,19.521252,20.026188,20.200888,20.519012,21.15191,20.027279,20.812151,18.932499,18.953203,21.111677,21.826357,19.395508,19.399246,18.511454,18.530685,0.0,0.0,4.0,0.0,0.0,4.0,0.0,0.0
38695,2023.0,9.0,26.0,17.0,20.831842,21.605537,19.770525,20.198679,19.78458,19.882912,20.549551,21.172678,19.445284,19.61574,19.27683,19.619268,21.296995,21.997274,19.369883,19.373022,18.480146,18.498602,4.0,0.0,4.0,0.0,4.0,4.0,0.0,0.0
38696,2023.0,9.0,26.0,17.0,20.85492,21.610855,20.036068,20.633234,20.33815,20.95413,20.032696,20.182955,19.234213,19.308384,20.105762,21.026424,20.675661,20.788374,19.347765,19.35028,19.363573,20.187426,0.0,4.0,0.0,0.0,0.0,0.0,0.0,4.0
38697,2023.0,9.0,26.0,17.0,20.87679,21.619453,19.598383,19.737123,20.535488,21.14533,19.770065,19.85393,19.788633,20.425804,19.457191,19.633642,20.382278,20.39569,19.32452,19.326359,20.084757,21.22651,0.0,4.0,0.0,4.0,0.0,0.0,0.0,0.0
38698,2023.0,9.0,26.0,17.0,20.899937,21.632542,19.76514,20.184662,20.574423,21.171259,20.29722,20.905386,20.031275,20.72951,19.096638,19.12623,21.036316,21.702538,19.303053,19.304447,19.21769,19.409,4.0,4.0,4.0,0.0,0.0,4.0,0.0,0.0
38699,2023.0,9.0,26.0,17.0,20.922474,21.647158,20.016272,20.550066,20.61074,21.197655,20.476124,21.07246,20.102762,20.779696,19.00306,19.014097,20.571194,20.65157,19.282629,19.283463,18.820417,18.88965,4.0,4.0,4.0,4.0,0.0,0.0,0.0,0.0
38700,2023.0,9.0,26.0,18.0,20.37197,20.59314,20.016768,20.533373,20.638456,21.215221,20.503864,21.08784,20.01053,20.602798,18.955206,18.964901,21.056328,21.728355,20.274424,21.176174,19.565466,20.368706,0.0,4.0,4.0,0.0,0.0,4.0,4.0,4.0
38701,2023.0,9.0,26.0,18.0,21.122597,22.072903,19.9736,20.399431,21.052025,21.910826,21.071964,22.049728,20.132107,20.782463,19.28505,19.620594,20.996758,21.50657,21.098814,22.36145,20.061161,21.052649,4.0,4.0,4.0,4.0,4.0,0.0,0.0,0.0
38702,2023.0,9.0,26.0,18.0,20.994982,21.738935,20.006699,20.457878,20.998766,21.74276,20.998941,21.825794,20.181997,20.82413,20.10101,20.977001,21.020725,21.530748,21.022284,22.061228,19.242773,19.36957,4.0,4.0,4.0,4.0,0.0,0.0,0.0,0.0
38703,2023.0,9.0,26.0,18.0,21.028917,21.791916,20.01825,20.480799,21.005043,21.710556,21.007675,21.788097,20.000546,20.508396,19.441072,19.581385,21.018059,21.505878,21.030687,21.974695,19.77338,20.611938,0.0,4.0,4.0,0.0,0.0,0.0,0.0,4.0
38704,2023.0,9.0,26.0,18.0,20.996075,21.676687,19.615229,19.688276,21.030138,21.746778,21.032139,21.816015,19.502249,19.549383,19.487295,19.85628,21.018164,21.490702,21.02878,21.89664,20.035364,20.89493,0.0,0.0,0.0,0.0,4.0,0.0,0.0,0.0
38705,2023.0,9.0,26.0,18.0,21.028051,21.743395,19.397068,19.411108,20.998295,21.629948,21.00035,21.694561,19.251091,19.248808,20.08154,20.847485,21.27726,21.954325,21.025763,21.841496,19.26982,19.347517,0.0,4.0,4.0,0.0,0.0,4.0,0.0,0.0
38706,2023.0,9.0,26.0,19.0,21.02071,21.70865,19.74799,20.13025,21.00401,21.619242,21.006163,21.680986,19.139826,19.127668,19.456415,19.552935,20.984632,21.380404,21.025707,21.803913,18.921112,18.924252,4.0,4.0,4.0,0.0,0.0,0.0,0.0,0.0
38707,2023.0,9.0,26.0,19.0,21.021338,21.691563,20.037384,20.567162,21.030138,21.673819,21.03228,21.733656,19.064682,19.051107,19.54811,19.915714,21.023226,21.457867,21.21377,22.094067,18.81089,18.80605,0.0,0.0,0.0,0.0,4.0,0.0,4.0,0.0
38708,2023.0,9.0,26.0,19.0,21.11987,21.84199,19.59018,19.661245,20.997515,21.56755,20.999708,21.626585,19.005539,18.993576,20.074663,20.793886,21.01853,21.445724,21.001793,21.683283,18.738176,18.730295,0.0,4.0,4.0,0.0,0.0,0.0,0.0,0.0
38709,2023.0,9.0,26.0,19.0,21.00836,21.635914,19.353706,19.354364,21.030273,21.639532,21.032297,21.697588,18.953613,18.940731,19.47817,19.567068,21.015837,21.442835,21.031149,21.7265,18.68066,18.672667,0.0,0.0,0.0,0.0,0.0,0.0,0.0,0.0
38710,2023.0,9.0,26.0,19.0,21.029253,21.641935,19.719881,20.09774,20.997377,21.536564,21.025871,21.666977,18.907629,18.894373,19.154562,19.142214,21.01603,21.443766,21.027159,21.701614,18.632277,18.623346,4.0,4.0,0.0,0.0,0.0,0.0,0.0,0.0
38711,2023.0,9.0,26.0,19.0,21.023716,21.652565,20.043835,20.584518,21.004164,21.540281,21.000717,21.580275,19.629686,20.296665,19.442247,19.765934,21.01638,21.443855,21.163403,21.9052,18.59129,18.582048,0.0,4.0,4.0,4.0,4.0,0.0,4.0,0.0
38712,2023.0,9.0,26.0,20.0,21.020391,21.605844,19.533203,19.543312,21.003635,21.531303,21.006372,21.58345,20.047749,20.827961,20.083776,20.817835,21.28081,21.924398,21.01047,21.628866,19.520939,20.37716,0.0,4.0,4.0,0.0,0.0,4.0,0.0,4.0
38713,2023.0,9.0,26.0,20.0,21.026402,21.61606,19.736012,20.086926,21.003658,21.52388,21.031778,21.647644,19.326086,19.337559,19.408377,19.42476,21.25136,21.77528,21.029997,21.661802,20.060682,21.060755,4.0,4.0,0.0,0.0,0.0,4.0,0.0,0.0
38714,2023.0,9.0,26.0,20.0,21.022093,21.602415,20.016891,20.493927,21.003624,21.51643,21.0262,21.62316,18.998337,18.937992,19.114021,19.090929,20.999746,21.357296,21.02724,21.646744,19.162865,19.197926,4.0,4.0,0.0,0.0,0.0,0.0,0.0,0.0
38715,2023.0,9.0,26.0,20.0,21.025326,21.632473,20.000883,20.419813,21.030758,21.583273,21.026026,21.60984,18.94828,18.924051,19.03226,19.0026,21.188786,21.70642,21.026262,21.635168,18.768023,18.717678,4.0,0.0,0.0,0.0,0.0,4.0,0.0,0.0
38716,2023.0,9.0,26.0,20.0,21.016838,21.574532,20.040743,20.48835,21.049715,21.601936,21.043537,21.642147,18.908243,18.884415,18.971706,18.941097,21.223808,21.725353,21.047241,21.674765,18.705782,18.686245,0.0,0.0,0.0,0.0,0.0,4.0,0.0,0.0
38717,2023.0,9.0,26.0,20.0,21.011969,21.566177,19.565979,19.541033,21.021156,21.533167,21.022587,21.564331,18.870344,18.849941,18.925959,18.900274,21.230993,21.725676,21.019737,21.61753,19.56417,20.351357,0.0,0.0,4.0,0.0,0.0,4.0,0.0,4.0
38718,2023.0,9.0,26.0,21.0,21.026325,21.616854,19.261665,19.124016,21.024412,21.528343,21.031559,21.606632,18.828472,18.801754,18.875864,18.844425,20.992043,21.315939,21.022812,21.6219,20.067654,21.006369,0.0,0.0,0.0,0.0,0.0,0.0,0.0,0.0
38719,2023.0,9.0,26.0,21.0,21.027494,21.578259,19.679842,19.992695,21.018444,21.518232,21.000088,21.513056,18.794348,18.76724,18.83373,18.801744,21.024618,21.390282,21.314436,22.138935,19.190039,19.188147,4.0,0.0,4.0,0.0,0.0,0.0,4.0,0.0
38720,2023.0,9.0,26.0,21.0,21.024797,21.59896,20.024668,20.498798,21.080317,21.60765,21.006544,21.52183,18.760622,18.72926,19.163002,19.453897,21.171375,21.646694,21.26614,21.93474,18.793674,18.711681,4.0,4.0,4.0,0.0,4.0,4.0,4.0,0.0
38721,2023.0,9.0,26.0,21.0,21.022493,21.585312,20.021387,20.461794,20.991962,21.427208,21.00597,21.518064,19.443407,20.041668,20.10768,21.001083,21.002974,21.337982,21.002506,21.519066,18.680178,18.587835,0.0,4.0,4.0,4.0,4.0,0.0,0.0,0.0
38722,2023.0,9.0,26.0,21.0,21.023193,21.546412,19.84451,20.059324,21.032667,21.526674,21.033216,21.588629,20.089098,20.961779,20.015465,20.710783,21.023735,21.383411,21.031364,21.582516,18.671215,18.642097,4.0,0.0,0.0,0.0,0.0,0.0,0.0,0.0
38723,2023.0,9.0,26.0,21.0,21.024612,21.575514,20.05101,20.479305,21.02448,21.502047,21.02682,21.565342,19.85276,20.342518,19.290173,19.229237,21.146524,21.591978,21.02706,21.57272,18.637619,18.60494,0.0,0.0,0.0,4.0,0.0,4.0,0.0,0.0
38724,2023.0,9.0,26.0,22.0,21.022318,21.563305,19.51762,19.41656,21.025225,21.493435,21.027498,21.555174,20.06247,20.753176,19.268578,19.426956,21.006393,21.339766,21.188044,21.836977,18.593761,18.558813,0.0,0.0,0.0,0.0,4.0,0.0,4.0,0.0
38725,2023.0,9.0,26.0,22.0,21.016878,21.513512,19.337238,19.262005,21.018024,21.48416,21.027462,21.544947,19.304455,19.219368,20.125841,20.887589,21.023613,21.377785,21.231249,21.869257,18.555038,18.518099,0.0,0.0,0.0,0.0,0.0,0.0,4.0,0.0
38726,2023.0,9.0,26.0,22.0,21.027212,21.561687,19.292229,19.221869,21.018951,21.487455,21.020086,21.536173,18.949242,18.801636,19.33363,19.266115,21.021915,21.374369,21.005262,21.495897,19.288609,19.932388,0.0,0.0,0.0,0.0,0.0,0.0,0.0,4.0
38727,2023.0,9.0,26.0,22.0,21.021898,21.545948,19.239508,19.164982,21.018816,21.487288,21.020906,21.539757,18.933697,18.879179,19.03126,18.971693,21.015697,21.37424,21.031342,21.554625,20.100601,21.148767,0.0,0.0,0.0,0.0,0.0,0.0,0.0,0.0
38728,2023.0,9.0,26.0,22.0,21.023142,21.541693,19.620375,19.914385,21.083366,21.581703,21.02086,21.539974,18.89994,18.846973,18.965405,18.904741,21.01673,21.384047,21.027704,21.546547,19.089884,19.043266,4.0,4.0,0.0,0.0,0.0,0.0,0.0,0.0
38729,2023.0,9.0,26.0,22.0,21.211462,21.883322,20.058708,20.609457,21.10408,21.603842,21.02053,21.539053,18.844158,18.787659,18.891285,18.823877,21.016403,21.38848,21.187273,21.809076,18.65077,18.51321,0.0,4.0,0.0,0.0,0.0,0.0,4.0,0.0
38730,2023.0,9.0,26.0,23.0,20.996998,21.470997,19.577156,19.604752,21.018166,21.461674,21.021112,21.539518,18.797398,18.739738,18.832516,18.765804,21.016817,21.392252,21.007711,21.488169,18.638788,18.592463,0.0,0.0,0.0,0.0,0.0,0.0,0.0,0.0
38731,2023.0,9.0,26.0,23.0,20.422724,20.377481,19.301033,19.235811,20.368813,20.210142,20.478094,20.495056,18.756212,18.698727,19.072622,19.25917,20.56515,20.524721,20.293251,20.124365,19.337252,19.93267,0.0,0.0,0.0,0.0,4.0,0.0,0.0,4.0
38732,2023.0,9.0,26.0,23.0,20.175924,20.046665,19.227425,19.14378,20.07351,19.78677,20.227055,20.149418,18.724699,18.665947,18.86931,18.82639,20.399094,20.315403,20.025316,19.803053,18.739988,18.636745,0.0,0.0,0.0,0.0,0.0,0.0,0.0,0.0
38733,2023.0,9.0,26.0,23.0,20.240496,20.28731,19.18357,19.097107,19.938267,19.642845,20.11089,20.024506,18.694305,18.63453,18.759325,18.689459,21.013197,21.550007,19.89026,19.66948,18.533155,18.38013,0.0,0.0,0.0,0.0,0.0,4.0,0.0,0.0
38734,2023.0,9.0,26.0,23.0,20.220531,20.293526,19.146845,19.059557,19.991035,19.84605,20.024456,19.937683,18.666004,18.605484,18.717203,18.646982,20.33309,20.151838,19.91278,19.826359,18.464458,18.311995,0.0,0.0,0.0,0.0,0.0,0.0,0.0,0.0
38735,2023.0,9.0,26.0,23.0,20.169886,20.24339,19.11373,19.025307,20.646088,21.124928,19.95012,19.862549,18.638733,18.577158,18.677351,18.605957,20.088406,19.834585,19.868385,19.794472,18.506435,18.453814,0.0,4.0,0.0,0.0,0.0,0.0,0.0,0.0
38736,2023.0,9.0,27.0,0.0,20.122818,20.19643,19.083908,18.994946,20.077505,19.926275,19.885618,19.798443,18.613163,18.550865,18.933838,19.115145,19.995817,19.74349,19.80418,19.73064,18.489382,18.436079,0.0,0.0,0.0,0.0,4.0,0.0,0.0,0.0
38737,2023.0,9.0,27.0,0.0,20.077223,20.148329,19.055399,18.964848,19.792133,19.499626,19.826435,19.738232,19.171926,19.621498,18.732626,18.681345,20.070168,19.972433,19.743048,19.668127,18.458563,18.403358,0.0,0.0,0.0,4.0,0.0,0.0,0.0,0.0
38738,2023.0,9.0,27.0,0.0,20.035784,20.105436,19.029009,18.93706,19.684841,19.383888,19.773195,19.684582,19.419792,19.9486,18.631863,18.556515,20.051956,19.961586,19.686598,19.610937,19.159824,19.747456,0.0,0.0,0.0,4.0,0.0,0.0,0.0,4.0
38739,2023.0,9.0,27.0,0.0,19.997478,20.06543,19.00395,18.910383,19.762074,19.615608,19.724089,19.634604,18.768808,18.627634,18.59312,18.516512,20.00809,19.916836,19.63348,19.556707,18.562178,18.442368,0.0,0.0,0.0,0.0,0.0,0.0,0.0,0.0
38740,2023.0,9.0,27.0,0.0,19.959442,20.023258,18.977585,18.879969,19.774828,19.667665,19.674852,19.580519,18.54512,18.339806,18.553537,18.47262,19.963732,19.86869,19.580906,19.500404,18.357302,18.182774,0.0,0.0,0.0,0.0,0.0,0.0,0.0,0.0
38741,2023.0,9.0,27.0,0.0,19.925814,19.988096,18.954666,18.855598,19.74141,19.634272,19.632675,19.537695,18.472263,18.267265,18.5194,18.437033,19.923512,19.827263,19.533855,19.452356,18.405943,18.343084,0.0,0.0,0.0,0.0,0.0,0.0,0.0,0.0
38742,2023.0,9.0,27.0,1.0,19.894564,19.956278,18.934078,18.835127,19.708916,19.603384,19.595152,19.501791,18.548004,18.47944,18.797565,18.98605,19.88645,19.790306,19.49054,19.409296,18.38432,18.32142,0.0,0.0,0.0,0.0,4.0,0.0,0.0,0.0
38743,2023.0,9.0,27.0,1.0,19.862486,19.92155,18.911701,18.810236,19.674068,19.567091,19.556555,19.461437,18.533741,18.460064,18.567884,18.493357,19.848799,19.750551,19.44731,19.364244,18.354357,18.289745,0.0,0.0,0.0,0.0,0.0,0.0,0.0,0.0
38744,2023.0,9.0,27.0,1.0,19.832289,19.889463,18.890451,18.786964,19.64101,19.533342,19.520756,19.424772,18.503897,18.428528,18.481142,18.39493,19.813261,19.713785,19.406685,19.322748,19.05437,19.632034,0.0,0.0,0.0,0.0,0.0,0.0,0.0,4.0
38745,2023.0,9.0,27.0,1.0,19.802193,19.856543,18.868742,18.762434,19.607857,19.498304,19.48543,19.387272,18.474432,18.396812,18.441946,18.353512,19.777922,19.676222,19.366547,19.280684,18.44062,18.297022,0.0,0.0,0.0,0.0,0.0,0.0,0.0,0.0
38746,2023.0,9.0,27.0,1.0,19.773006,19.8245,18.847218,18.73809,19.575665,19.464125,19.451597,19.351137,19.021673,19.44762,18.404333,18.313417,19.743652,19.639723,19.327766,19.239971,18.98403,19.451845,0.0,0.0,0.0,4.0,0.0,0.0,0.0,4.0
38747,2023.0,9.0,27.0,1.0,19.744282,19.792418,18.825462,18.713085,19.543789,19.429657,19.418392,19.315025,18.632462,18.584684,18.368418,18.27437,19.709831,19.603188,19.289644,19.199406,19.182663,19.672184,0.0,0.0,0.0,0.0,0.0,0.0,0.0,4.0
38748,2023.0,9.0,27.0,2.0,19.717505,19.763235,18.804672,18.689785,19.513765,19.39799,19.387543,19.282188,18.362026,18.143145,18.334867,18.238882,19.677826,19.569427,19.253609,19.161945,18.500525,18.327908,0.0,0.0,0.0,0.0,0.0,0.0,0.0,0.0
38749,2023.0,9.0,27.0,2.0,19.692078,19.736286,18.785114,18.66887,19.485365,19.368845,19.358532,19.252052,18.25883,18.02326,18.30302,18.20584,19.647411,19.538124,19.219114,19.126665,19.043665,19.49899,0.0,0.0,0.0,0.0,0.0,0.0,0.0,4.0
38750,2023.0,9.0,27.0,2.0,19.667725,19.710936,18.766651,18.649738,19.458607,19.341988,19.331205,19.224344,18.330217,18.226936,18.273115,18.175398,19.618666,19.509037,19.186384,19.093685,18.472425,18.294336,0.0,0.0,0.0,0.0,0.0,0.0,0.0,0.0
38751,2023.0,9.0,27.0,2.0,19.642841,19.684181,18.747742,18.629467,19.43163,19.313934,19.303707,19.195492,18.337307,18.249184,18.552406,18.72366,19.589943,19.479132,19.153711,19.05985,18.258656,18.034811,0.0,0.0,0.0,0.0,4.0,0.0,0.0,0.0
38752,2023.0,9.0,27.0,2.0,19.619165,19.659384,18.729746,18.610655,19.406027,19.288027,19.277536,19.168846,18.31469,18.226654,18.32732,18.236631,19.562733,19.451488,19.122675,19.028448,18.177649,17.955685,0.0,0.0,0.0,0.0,0.0,0.0,0.0,0.0
38753,2023.0,9.0,27.0,2.0,19.59506,19.633314,18.710855,18.589619,19.379467,19.259695,19.250286,19.139679,18.289509,18.200068,18.242712,18.140406,19.535307,19.422739,19.091524,18.99608,18.250639,18.169453,0.0,0.0,0.0,0.0,0.0,0.0,0.0,0.0
38754,2023.0,9.0,27.0,3.0,19.573498,19.611925,18.695646,18.575485,19.356733,19.238605,19.226854,19.117916,18.849836,19.27406,18.506474,18.663145,19.510792,19.399244,19.063272,18.968899,18.233572,18.153206,0.0,0.0,0.0,4.0,4.0,0.0,0.0,0.0
38755,2023.0,9.0,27.0,3.0,19.552614,19.591492,18.680523,18.561687,19.334206,19.21752,19.203562,19.096014,18.460419,18.407906,18.29972,18.217545,19.486824,19.376266,19.035452,18.941961,18.204515,18.125505,0.0,0.0,0.0,0.0,0.0,0.0,0.0,0.0
38756,2023.0,9.0,27.0,3.0,19.53343,19.573467,18.666712,18.549702,19.313255,19.198788,19.181984,19.076578,18.188528,17.960154,18.209213,18.111141,19.464472,19.355534,19.00927,18.917315,18.905384,19.4714,0.0,0.0,0.0,0.0,0.0,0.0,0.0,4.0
38757,2023.0,9.0,27.0,3.0,19.513805,19.554222,18.652609,18.536926,19.291952,19.178808,19.160213,19.055965,18.088917,17.846521,18.484535,18.65795,19.442106,19.333994,18.982975,18.891655,19.02223,19.504978,0.0,0.0,0.0,0.0,4.0,0.0,0.0,4.0
38758,2023.0,9.0,27.0,3.0,19.49477,19.536074,18.639036,18.525042,19.271679,19.160358,19.139944,19.037214,18.177805,18.082191,18.257252,18.171772,19.421024,19.314268,18.958023,18.86793,19.09024,19.567308,0.0,0.0,0.0,0.0,0.0,0.0,0.0,4.0
38759,2023.0,9.0,27.0,3.0,19.476162,19.518763,18.626022,18.514006,19.252306,19.143286,19.121,19.020145,18.185333,18.100954,18.1748,18.080755,19.401102,19.29618,18.934278,18.845955,18.403809,18.225773,0.0,0.0,0.0,0.0,0.0,0.0,0.0,0.0
38760,2023.0,9.0,27.0,4.0,19.45617,19.498518,18.611713,18.500359,19.23113,19.1223,19.10027,18.999262,18.167831,18.084822,18.139263,18.044378,19.380259,19.27561,18.909447,18.821184,18.182337,17.961382,0.0,0.0,0.0,0.0,0.0,0.0,0.0,0.0
38761,2023.0,9.0,27.0,4.0,19.451836,19.509205,18.597626,18.48716,19.211336,19.103748,19.080614,18.980711,18.148678,18.066359,18.109512,18.016384,19.360409,19.256367,18.885973,18.798468,18.80577,19.209757,0.0,0.0,0.0,0.0,0.0,0.0,0.0,4.0
38762,2023.0,9.0,27.0,4.0,19.436354,19.494331,18.581705,18.470938,19.18947,19.081423,19.05873,18.958305,18.1279,18.045189,18.08009,17.986353,19.33954,19.234985,18.861435,18.773554,18.273165,18.084743,0.0,0.0,0.0,0.0,0.0,0.0,0.0,0.0
38763,2023.0,9.0,27.0,4.0,19.416512,19.47235,18.56419,18.451775,19.165766,19.055403,19.035,18.932182,18.106339,18.022053,18.050753,17.954601,19.317984,19.211803,18.836182,18.746796,18.091257,17.873234,0.0,0.0,0.0,0.0,0.0,0.0,0.0,0.0
38764,2023.0,9.0,27.0,4.0,19.39734,19.452139,18.547752,18.434973,19.143806,19.0329,19.012846,18.909489,18.086475,18.001816,18.025106,17.928562,19.29802,19.19137,18.81253,18.722813,18.01766,17.798412,0.0,0.0,0.0,0.0,0.0,0.0,0.0,0.0
38765,2023.0,9.0,27.0,4.0,19.378653,19.433186,18.532522,18.420689,19.12363,19.01395,18.992296,18.89027,18.652025,19.081182,18.298563,18.46055,19.27959,19.17354,18.790447,18.701492,18.08549,17.996023,0.0,0.0,0.0,4.0,4.0,0.0,0.0,0.0
38766,2023.0,9.0,27.0,5.0,19.358706,19.411821,18.515898,18.403488,19.101524,18.991095,18.969715,18.867033,18.266705,18.218393,18.100166,18.022451,19.260418,19.153765,18.767591,18.678148,18.083067,18.004892,0.0,0.0,0.0,0.0,0.0,0.0,0.0,0.0
38767,2023.0,9.0,27.0,5.0,19.34078,19.394293,18.501123,18.389727,19.081413,18.972132,18.949192,18.847706,18.142292,18.060087,18.305504,18.460989,19.243233,19.137573,19.709795,20.472225,18.781284,19.341707,0.0,0.0,0.0,0.0,4.0,0.0,4.0,4.0
38768,2023.0,9.0,27.0,5.0,19.32283,19.376577,18.486734,18.376295,19.061724,18.953354,18.929123,18.828568,18.107613,18.025501,18.124298,18.063288,19.226517,19.121704,18.945028,18.795631,18.918224,19.413717,0.0,0.0,0.0,0.0,0.0,0.0,0.0,4.0
38769,2023.0,9.0,27.0,5.0,19.304651,19.358423,18.472462,18.362825,19.04235,18.934563,18.909584,18.80953,18.078602,17.996809,18.022234,17.929205,19.210047,19.105923,18.686981,18.451485,18.23575,18.066742,0.0,0.0,0.0,0.0,0.0,0.0,0.0,0.0
38770,2023.0,9.0,27.0,5.0,19.286615,19.340567,18.862106,19.107258,19.023272,18.916306,18.89057,18.791183,18.054314,17.973097,17.992447,17.90029,19.194014,19.090708,18.616623,18.38365,18.78349,19.238548,4.0,0.0,0.0,0.0,0.0,0.0,0.0,4.0
38771,2023.0,9.0,27.0,5.0,19.26857,19.322681,19.03279,19.337591,19.004175,18.898127,18.871634,18.773006,18.03231,17.951803,18.25779,18.41975,19.178253,19.075768,18.561417,18.33153,18.231455,18.067547,4.0,0.0,0.0,0.0,4.0,0.0,0.0,0.0
38772,2023.0,9.0,27.0,6.0,19.250597,19.304863,18.526276,18.318794,18.985119,18.880026,18.852879,18.755013,18.588715,19.01491,18.072674,18.010117,19.8882,20.4334,18.644577,18.545763,18.030687,17.82455,0.0,0.0,0.0,4.0,0.0,4.0,0.0,0.0
38773,2023.0,9.0,27.0,6.0,21.244007,22.829964,18.30948,18.007946,21.230433,22.885632,21.234951,23.001266,20.20465,21.756462,18.268074,18.428436,21.127651,22.483362,21.371796,23.231884,17.956852,17.75294,0.0,0.0,0.0,0.0,4.0,4.0,0.0,0.0
38774,2023.0,9.0,27.0,6.0,20.981134,22.092861,18.60401,18.625689,21.196388,22.5736,21.250502,22.753035,19.331001,19.744268,20.244438,21.784546,21.126875,22.303371,20.971777,22.261623,18.012882,17.932222,4.0,0.0,4.0,4.0,4.0,0.0,4.0,0.0
38775,2023.0,9.0,27.0,6.0,21.381107,22.776602,20.186193,21.306852,21.036507,22.097372,21.044046,22.196743,20.14168,21.315407,20.00559,21.083973,21.226961,22.341791,21.059881,22.291842,18.019201,17.9448,4.0,0.0,0.0,4.0,4.0,4.0,0.0,0.0
38776,2023.0,9.0,27.0,6.0,21.015953,21.940681,19.999054,20.772255,21.031704,21.988651,21.045263,22.071487,20.029211,20.97791,20.048788,21.028763,21.013329,21.817179,21.003633,22.028599,18.7695,19.387394,4.0,0.0,0.0,0.0,0.0,4.0,4.0,4.0
38777,2023.0,9.0,27.0,6.0,21.015383,21.876951,20.022999,20.71444,21.03171,21.91906,21.01847,21.90884,18.965046,18.830807,18.970205,18.840559,21.012487,21.752068,21.05207,22.07202,20.142662,21.536028,4.0,0.0,4.0,0.0,0.0,4.0,0.0,4.0
38778,2023.0,9.0,27.0,7.0,21.079561,21.979063,20.074814,20.755205,21.067677,21.932789,21.091778,22.015093,18.422775,18.162918,18.563568,18.464344,21.027653,21.729815,21.092682,22.074684,20.101603,21.252197,0.0,0.0,0.0,0.0,0.0,4.0,0.0,0.0
38779,2023.0,9.0,27.0,7.0,21.003675,21.762104,19.233032,19.075165,21.02563,21.815336,21.009949,21.780577,19.186049,19.75369,18.486427,18.390657,21.039465,21.73965,20.996246,21.809902,18.87984,18.782867,0.0,0.0,4.0,4.0,0.0,0.0,4.0,0.0
38780,2023.0,9.0,27.0,7.0,21.014456,21.759928,19.117453,19.137594,21.030182,21.797125,21.04804,21.847412,20.087252,21.105143,18.751093,18.963915,21.035147,21.694,21.050848,21.918247,18.326296,18.115223,4.0,0.0,0.0,4.0,4.0,0.0,0.0,0.0
38781,2023.0,9.0,27.0,7.0,21.012346,21.73842,20.127699,20.94594,21.02933,21.773867,21.014698,21.733917,20.259747,21.360813,20.196638,21.424881,21.004457,21.583717,20.999863,21.758741,18.315954,18.238047,0.0,0.0,4.0,0.0,0.0,4.0,4.0,0.0
38782,2023.0,9.0,27.0,7.0,21.012178,21.724468,19.557835,19.701712,21.028996,21.755812,21.020082,21.728207,19.030918,18.886465,19.178751,19.29122,21.008886,21.57686,21.04859,21.867117,18.280655,18.20502,4.0,0.0,4.0,0.0,0.0,4.0,0.0,0.0
38783,2023.0,9.0,27.0,7.0,21.012028,21.713152,20.106237,20.801546,21.028528,21.740658,21.019001,21.714409,18.524334,18.276768,18.614,18.52785,21.007885,21.562447,21.039078,21.825403,18.21981,18.144394,4.0,0.0,4.0,0.0,0.0,4.0,0.0,0.0
38784,2023.0,9.0,27.0,8.0,21.069483,21.843725,20.067822,20.660395,21.058304,21.785295,21.080025,21.850775,18.53243,18.44239,18.469593,18.367786,21.06869,21.694788,21.07932,21.879381,18.169287,18.093693,0.0,0.0,0.0,0.0,0.0,0.0,0.0,0.0
38785,2023.0,9.0,27.0,8.0,20.765608,21.196808,19.61906,19.746325,20.324602,20.356926,20.10286,19.942015,19.204723,19.748264,18.402435,18.311052,20.202513,19.99238,20.227436,20.225185,18.133242,18.063114,4.0,0.0,0.0,4.0,0.0,0.0,0.0,0.0
38786,2023.0,9.0,27.0,8.0,20.080587,19.979303,20.071531,20.625515,19.968977,19.849894,19.669495,19.342115,20.129026,21.253555,18.354,18.263166,19.884249,19.575394,19.893953,19.79295,18.106413,18.038282,4.0,0.0,0.0,0.0,0.0,0.0,0.0,0.0
38787,2023.0,9.0,27.0,8.0,20.40138,20.819649,20.026962,20.53052,20.436552,20.872849,20.223972,20.593811,19.018877,18.936989,18.307291,18.22155,19.746727,19.453257,19.721252,19.627033,18.07962,18.015064,0.0,4.0,4.0,0.0,0.0,0.0,0.0,0.0
38788,2023.0,9.0,27.0,8.0,19.947348,19.88672,19.314646,19.147676,20.051483,20.05093,20.280973,20.56049,19.17433,19.567854,18.267614,18.186106,19.794712,19.666843,19.583092,19.491188,18.055555,17.9936,0.0,0.0,4.0,4.0,0.0,0.0,0.0,0.0
38789,2023.0,9.0,27.0,8.0,19.691874,19.543983,19.145426,19.006165,19.611465,19.328474,19.688786,19.494577,20.136156,21.192822,18.582176,18.798721,20.550688,21.140339,19.492277,19.403383,18.038961,17.979519,0.0,0.0,0.0,0.0,4.0,4.0,0.0,0.0
38790,2023.0,9.0,27.0,9.0,19.566675,19.430511,19.496897,19.750246,19.409626,19.11669,19.357174,19.085669,19.089544,19.022434,20.215647,21.550676,20.602497,21.015875,19.403112,19.320614,18.022163,17.965849,4.0,0.0,0.0,0.0,0.0,4.0,0.0,0.0
38791,2023.0,9.0,27.0,9.0,20.339537,20.988602,20.071297,20.729046,19.438715,19.292095,19.227839,18.968403,18.588547,18.40663,19.178473,19.335327,20.597761,21.012056,20.317373,21.121252,18.009472,17.958252,0.0,0.0,0.0,0.0,0.0,4.0,4.0,0.0
38792,2023.0,9.0,27.0,9.0,20.452116,20.965048,19.845646,20.214844,20.09409,20.562763,19.268454,19.145487,18.568514,18.486773,18.624516,18.580025,19.97404,19.813528,19.644772,19.550354,18.000433,17.954447,4.0,4.0,0.0,0.0,0.0,0.0,0.0,0.0
38793,2023.0,9.0,27.0,9.0,19.852617,19.845396,20.061739,20.62283,19.713396,19.736723,19.270372,19.187006,18.556723,18.495516,18.529984,18.465218,19.754847,19.529316,19.345655,19.161394,17.995356,17.954489,0.0,0.0,0.0,0.0,0.0,0.0,0.0,0.0
38794,2023.0,9.0,27.0,9.0,19.58794,19.536543,19.399899,19.320549,19.950148,20.310429,19.23381,19.162724,18.51952,18.466135,18.476439,18.416666,19.677034,19.469141,19.23928,19.0708,17.9916,17.956017,0.0,4.0,0.0,0.0,0.0,0.0,0.0,0.0
38795,2023.0,9.0,27.0,9.0,20.186798,20.732306,19.117565,18.926517,20.063457,20.452065,19.200857,19.138145,18.493025,18.444584,18.448988,18.394123,19.634373,19.443592,19.179861,19.026545,18.838825,19.556118,0.0,4.0,0.0,0.0,0.0,0.0,0.0,4.0
38796,2023.0,9.0,27.0,10.0,19.756361,19.823635,19.491592,19.738947,19.564371,19.493898,19.169415,19.115095,18.469559,18.426302,18.427309,18.378286,20.458517,21.06186,19.207016,19.139723,20.176033,21.74216,4.0,0.0,0.0,0.0,0.0,4.0,0.0,0.0
38797,2023.0,9.0,27.0,10.0,20.163174,20.742996,20.051653,20.66037,19.301743,19.155445,19.793892,20.321842,18.445368,18.40617,18.405876,18.361383,19.990494,19.935078,19.19682,19.144121,18.89735,19.000866,4.0,0.0,4.0,0.0,0.0,0.0,0.0,0.0
38798,2023.0,9.0,27.0,10.0,20.360111,20.947031,20.021696,20.572891,19.221745,19.076796,19.46993,19.518478,18.42518,18.38892,18.3892,18.348318,19.695168,19.55186,19.16554,19.117605,18.354029,18.306868,0.0,0.0,0.0,0.0,0.0,0.0,0.0,0.0
38799,2023.0,9.0,27.0,10.0,19.810017,19.884008,19.433548,19.413801,19.250456,19.18846,19.147894,19.057245,18.410818,18.377867,18.378405,18.341492,19.638498,19.50129,19.136396,19.092218,18.283327,18.254265,0.0,0.0,0.0,0.0,0.0,0.0,0.0,0.0
38800,2023.0,9.0,27.0,10.0,19.62904,19.656546,19.194016,19.079025,19.246527,19.203733,19.709742,20.166546,18.403517,18.37353,18.374384,18.340893,20.443762,21.066687,19.114882,19.074047,18.255844,18.229618,0.0,0.0,4.0,0.0,0.0,4.0,0.0,0.0
38801,2023.0,9.0,27.0,10.0,19.578852,19.63026,19.15173,19.09325,19.225908,19.190174,19.31372,19.312424,18.39787,18.370836,18.372353,18.342358,20.58798,21.162958,19.09569,19.057838,18.232964,18.209053,0.0,0.0,0.0,0.0,0.0,4.0,0.0,0.0
38802,2023.0,9.0,27.0,11.0,19.539991,19.606373,19.110516,19.078295,19.205547,19.17489,19.136642,19.064043,18.39418,18.36973,18.37293,18.346308,20.67069,21.253948,19.079098,19.043434,18.215862,18.19361,0.0,0.0,0.0,0.0,0.0,4.0,0.0,0.0
38803,2023.0,9.0,27.0,11.0,19.56279,19.694065,19.070856,19.051533,19.190262,19.167995,19.80452,20.372784,19.111725,19.72635,18.743183,19.04189,20.076683,20.074816,19.067755,19.036669,19.115793,19.907177,0.0,0.0,4.0,4.0,4.0,0.0,0.0,4.0
38804,2023.0,9.0,27.0,11.0,20.206373,20.91989,19.460443,19.820747,19.176107,19.16122,19.389437,19.45384,20.284899,21.69531,20.178934,21.490097,19.890097,19.805313,19.058662,19.031322,20.2817,21.83219,4.0,0.0,0.0,0.0,0.0,0.0,0.0,0.0
38805,2023.0,9.0,27.0,11.0,19.85262,20.049194,20.053944,20.770365,19.16204,19.154564,19.736685,20.251917,19.192638,19.35251,19.275347,19.504923,19.840063,19.767105,19.050976,19.027294,19.058146,19.227396,4.0,0.0,4.0,0.0,0.0,0.0,0.0,0.0
38806,2023.0,9.0,27.0,11.0,20.256998,20.95839,20.016829,20.643244,19.149422,19.148998,19.415289,19.48375,18.758526,18.766376,18.767817,18.771471,19.819098,19.76175,19.045588,19.025368,18.58128,18.598875,0.0,0.0,0.0,0.0,0.0,0.0,0.0,0.0
38807,2023.0,9.0,27.0,11.0,19.8681,20.058048,19.49693,19.59638,19.138823,19.14566,19.219482,19.25319,18.679197,18.671541,19.067602,19.39196,19.817446,19.783447,19.042223,19.025864,18.480776,18.475298,0.0,0.0,0.0,0.0,4.0,0.0,0.0,0.0
38808,2023.0,9.0,27.0,12.0,19.731438,19.89477,19.320518,19.369112,19.131367,19.145576,19.829605,20.432806,18.658203,18.653135,20.121397,21.172312,19.81038,19.783892,19.040873,19.028791,18.447649,18.44409,0.0,0.0,4.0,0.0,4.0,0.0,0.0,0.0
38809,2023.0,9.0,27.0,12.0,21.185478,22.502762,19.222841,19.25341,21.232428,22.893003,21.167639,22.633194,18.638361,18.63523,20.01173,20.833422,21.259216,22.383152,21.349356,23.036192,18.417421,18.415438,0.0,0.0,0.0,0.0,0.0,4.0,4.0,0.0
38810,2023.0,9.0,27.0,12.0,21.00191,22.014273,19.151224,19.176506,20.9757,22.13221,21.014671,22.159243,18.621763,18.620033,19.397568,19.55876,20.987371,21.73936,21.01061,22.246952,18.393784,18.393362,0.0,4.0,0.0,0.0,0.0,4.0,0.0,0.0
38811,2023.0,9.0,27.0,12.0,21.05705,22.040495,19.099884,19.123411,21.077106,22.2153,21.075937,22.159988,18.60933,18.609507,19.068697,19.105759,21.053026,21.81315,21.080067,22.224585,18.377005,18.3788,0.0,0.0,0.0,0.0,0.0,0.0,0.0,0.0
38812,2023.0,9.0,27.0,12.0,20.99069,21.837292,19.518213,19.945406,21.023354,22.00713,21.022818,21.98803,18.600803,18.603832,19.346258,19.684055,21.08004,21.757973,21.023632,22.015497,18.365608,18.370445,4.0,0.0,0.0,0.0,4.0,4.0,0.0,0.0
38813,2023.0,9.0,27.0,12.0,21.003706,21.829367,20.050411,20.771193,21.03014,21.951273,21.02925,21.949793,18.594542,18.6002,20.099737,20.9588,21.015482,21.626303,21.029675,21.952314,18.357063,18.36474,4.0,0.0,0.0,0.0,0.0,0.0,0.0,0.0
38814,2023.0,9.0,27.0,13.0,21.00127,21.802694,20.014334,20.645874,21.001005,21.82584,21.002214,21.837778,19.360071,20.055447,19.468708,19.632526,21.019457,21.601164,21.026445,21.893028,18.35143,18.361828,0.0,4.0,4.0,4.0,0.0,0.0,0.0,0.0
38815,2023.0,9.0,27.0,13.0,21.028896,21.85955,19.548134,19.699131,21.033604,21.87761,21.033192,21.896442,20.083199,21.113539,19.104624,19.118004,21.01788,21.570786,21.025707,21.850567,18.347605,18.359919,0.0,0.0,0.0,0.0,0.0,0.0,0.0,0.0
38816,2023.0,9.0,27.0,13.0,21.02192,21.823835,19.33729,19.446566,21.026415,21.832863,21.027859,21.859573,19.328535,19.509869,19.016619,19.021162,21.017649,21.548851,21.025328,21.817606,18.345474,18.359575,0.0,0.0,0.0,0.0,0.0,0.0,0.0,0.0
38817,2023.0,9.0,27.0,13.0,21.021677,21.803064,19.213812,19.259491,21.025648,21.8058,21.02686,21.83564,18.986135,19.051308,18.97107,18.974762,21.277203,22.006348,21.023787,21.78897,18.344854,18.360664,0.0,0.0,0.0,0.0,0.0,4.0,0.0,0.0
38818,2023.0,9.0,27.0,13.0,21.022053,21.786474,19.602596,20.041485,21.024391,21.784264,21.025871,21.817741,18.875618,18.888674,18.93909,18.945955,20.983627,21.429276,21.02446,21.768955,18.345524,18.362906,4.0,0.0,0.0,0.0,0.0,0.0,0.0,0.0
38819,2023.0,9.0,27.0,13.0,21.019934,21.770742,20.063974,20.765413,21.023716,21.766672,21.02506,21.802515,18.821445,18.830809,18.912607,18.92088,21.019974,21.49915,21.023817,21.749754,18.347496,18.366404,0.0,0.0,0.0,0.0,0.0,0.0,0.0,0.0
38820,2023.0,9.0,27.0,14.0,21.02031,21.761305,19.542498,19.687967,21.023685,21.75235,21.025225,21.790716,18.796127,18.807251,18.893599,18.904823,21.275427,21.956177,21.023472,21.733164,18.350536,18.3708,0.0,0.0,0.0,0.0,0.0,4.0,0.0,0.0
38821,2023.0,9.0,27.0,14.0,20.47751,20.706638,19.274036,19.337114,20.391365,20.522053,20.354103,20.487808,18.776476,18.787148,19.243784,19.577703,20.702385,20.796883,20.366459,20.451553,18.352253,18.371433,0.0,0.0,0.0,0.0,4.0,0.0,0.0,0.0
38822,2023.0,9.0,27.0,14.0,20.267027,20.433636,19.205946,19.252232,20.119112,20.146643,20.07184,20.1082,18.76334,18.77271,20.112995,21.052721,20.486221,20.48067,20.110252,20.09547,18.353638,18.371555,0.0,0.0,0.0,0.0,0.0,0.0,0.0,0.0
38823,2023.0,9.0,27.0,14.0,20.817501,21.564758,19.157389,19.201143,19.97821,19.999199,19.92428,19.956133,18.74946,18.758097,19.458723,19.642694,20.388351,20.379292,19.971493,19.952482,18.354303,18.37092,0.0,0.0,0.0,0.0,0.0,0.0,0.0,0.0
38824,2023.0,9.0,27.0,14.0,20.360018,20.605886,19.564621,19.989471,19.893177,19.909395,19.833092,19.86036,18.739225,18.74653,19.179955,19.193432,20.318237,20.295586,19.88852,19.866795,18.354237,18.369509,4.0,0.0,0.0,0.0,0.0,0.0,0.0,0.0
38825,2023.0,9.0,27.0,14.0,20.8116,21.555838,20.06641,20.817442,19.82198,19.837091,19.756489,19.782606,18.730116,18.736387,19.10351,19.101152,20.26443,20.239975,19.818785,19.797163,18.353512,18.367502,0.0,0.0,0.0,0.0,0.0,0.0,0.0,0.0
38826,2023.0,9.0,27.0,15.0,20.39165,20.631916,19.53397,19.691132,19.753132,19.769558,19.682602,19.710217,18.721815,18.727654,19.053757,19.051506,20.974508,21.633598,19.75119,19.731718,18.352186,18.36509,0.0,0.0,0.0,0.0,0.0,4.0,0.0,0.0
38827,2023.0,9.0,27.0,15.0,20.863283,21.62909,19.309113,19.353867,19.703762,19.719183,19.629324,19.655872,18.716562,18.722399,19.388536,19.707386,21.148552,21.828938,19.701714,19.682634,18.351107,18.363596,0.0,0.0,0.0,0.0,4.0,4.0,0.0,0.0
38828,2023.0,9.0,27.0,15.0,20.942156,21.678324,19.244703,19.282482,20.31027,20.897245,20.234085,20.834066,18.71174,18.717993,20.089474,20.901993,20.556494,20.656065,20.650688,21.517895,18.350073,18.36238,0.0,4.0,4.0,0.0,0.0,0.0,4.0,0.0
38829,2023.0,9.0,27.0,15.0,20.954542,21.675806,19.626453,20.039906,19.98648,20.109009,20.463774,21.079832,19.422495,20.063326,19.510948,19.671503,20.280962,20.276787,20.130219,20.24295,18.349562,18.361814,4.0,0.0,4.0,4.0,0.0,0.0,0.0,0.0
38830,2023.0,9.0,27.0,15.0,20.982952,21.701687,20.03568,20.690697,20.422155,21.01393,19.949202,20.075754,20.051844,21.012466,19.248268,19.250538,20.94844,21.588423,19.885422,19.893925,18.350077,18.36247,4.0,4.0,0.0,4.0,0.0,4.0,0.0,0.0
38831,2023.0,9.0,27.0,15.0,21.010632,21.726614,20.014044,20.59555,20.050125,20.170372,19.703547,19.771156,20.01896,20.838387,19.156965,19.152578,20.515936,20.59196,19.787878,19.794048,18.350193,18.36296,0.0,0.0,0.0,0.0,0.0,0.0,0.0,0.0
38832,2023.0,9.0,27.0,16.0,21.039255,21.756361,19.59703,19.745546,20.422665,21.022259,20.23218,20.819115,19.395678,19.539492,19.105501,19.102674,21.047178,21.738586,19.72564,19.733969,18.349424,18.362726,0.0,4.0,4.0,0.0,0.0,4.0,0.0,0.0
38833,2023.0,9.0,27.0,16.0,21.066603,21.785543,19.430225,19.509283,19.987276,20.106247,19.822906,19.94319,19.854572,20.493301,19.435966,19.754446,21.158672,21.829086,19.660229,19.647121,18.346731,18.35934,0.0,0.0,0.0,4.0,4.0,4.0,0.0,0.0
38834,2023.0,9.0,27.0,16.0,21.080786,21.790802,19.33633,19.374573,20.41201,20.984772,19.653023,19.705769,20.031036,20.734707,20.066704,20.81063,20.543898,20.618965,19.613459,19.59899,19.254183,20.076862,0.0,4.0,0.0,0.0,4.0,0.0,0.0,4.0
38835,2023.0,9.0,27.0,16.0,20.513165,20.709812,19.703575,20.113115,20.03523,20.135395,20.217886,20.818432,19.460285,19.567087,19.996033,20.591415,21.028435,21.688578,19.570803,19.556623,20.063332,21.215183,4.0,0.0,4.0,0.0,4.0,4.0,0.0,4.0
38836,2023.0,9.0,27.0,16.0,20.88164,21.577791,20.023214,20.576452,19.777493,19.805428,20.39231,20.965534,19.186369,19.217579,20.005259,20.55903,21.197395,21.84137,19.532255,19.518486,20.025124,21.027523,4.0,0.0,4.0,0.0,4.0,4.0,0.0,0.0
38837,2023.0,9.0,27.0,16.0,20.463242,20.662214,20.016214,20.530487,20.315018,20.8709,19.889023,19.983965,19.078234,19.079084,20.020735,20.56774,20.578163,20.633665,19.498112,19.485613,19.212076,19.351511,0.0,4.0,0.0,0.0,0.0,0.0,0.0,0.0
38838,2023.0,9.0,27.0,17.0,20.813547,21.479097,19.965652,20.372364,19.979082,20.077967,20.225233,20.759062,19.011223,19.008293,19.5793,19.688904,20.294903,20.262001,20.46774,21.346882,18.840557,18.876394,4.0,0.0,4.0,0.0,0.0,0.0,4.0,0.0
38839,2023.0,9.0,27.0,17.0,20.941399,21.62778,20.006975,20.434574,20.397638,20.946571,19.82196,19.91063,19.692999,20.329533,19.367805,19.374477,20.93718,21.539564,20.70939,21.567947,19.618107,20.40446,4.0,4.0,0.0,4.0,0.0,4.0,4.0,4.0
38840,2023.0,9.0,27.0,17.0,20.40605,20.581387,19.99909,20.404064,20.562138,21.107077,20.19389,20.742357,20.009163,20.682718,19.259157,19.248808,21.157764,21.781685,19.93872,20.00975,20.056858,20.98787,4.0,4.0,4.0,4.0,0.0,4.0,0.0,0.0
38841,2023.0,9.0,27.0,17.0,20.788502,21.45835,20.01834,20.445148,20.59182,21.129568,20.382303,20.932613,20.024149,20.673252,19.563236,19.88519,21.20868,21.826466,20.645216,21.53852,19.285349,19.405289,0.0,4.0,4.0,0.0,4.0,4.0,4.0,0.0
38842,2023.0,9.0,27.0,17.0,20.969702,21.643059,19.657412,19.735846,20.09257,20.16724,19.890228,19.967932,19.470295,19.553314,20.043695,20.651247,21.248693,21.860641,20.03647,20.117317,18.928131,18.950743,0.0,0.0,0.0,0.0,4.0,4.0,0.0,0.0
38843,2023.0,9.0,27.0,17.0,21.00736,21.674677,19.848082,20.210335,20.438732,20.96872,20.259903,20.808765,19.199896,19.21463,19.999706,20.51386,20.62708,20.657104,20.699505,21.585909,18.814165,18.81699,4.0,4.0,4.0,0.0,4.0,0.0,4.0,0.0
38844,2023.0,9.0,27.0,18.0,21.039164,21.702717,20.024164,20.468214,20.601164,21.131147,19.887644,19.96091,19.106504,19.105309,20.021734,20.53789,20.340168,20.288286,20.077934,20.15126,18.748394,18.74993,0.0,4.0,0.0,0.0,0.0,0.0,0.0,0.0
38845,2023.0,9.0,27.0,18.0,21.018291,21.666843,19.661297,19.74233,21.082748,21.96992,21.170496,22.379883,19.774574,20.418344,19.58146,19.663872,21.107452,21.704494,21.132603,22.189117,18.69871,18.700377,0.0,0.0,0.0,4.0,0.0,0.0,4.0,0.0
38846,2023.0,9.0,27.0,18.0,21.076088,21.726606,19.872671,20.257208,21.018042,21.765388,21.0093,21.914755,20.02465,20.68184,19.322865,19.32553,21.010548,21.49902,21.016,21.884386,19.61197,20.469137,4.0,0.0,0.0,0.0,0.0,0.0,0.0,4.0
38847,2023.0,9.0,27.0,18.0,21.116545,21.774357,20.008554,20.414972,20.999716,21.655403,21.026735,21.86608,19.447054,19.503212,19.230978,19.225306,21.01643,21.48741,21.028543,21.832895,20.047052,20.986773,4.0,4.0,0.0,0.0,0.0,0.0,0.0,0.0
38848,2023.0,9.0,27.0,18.0,21.007952,21.588688,20.016798,20.425581,21.003792,21.631237,21.0241,21.803873,19.190151,19.19386,19.170603,19.164623,21.015633,21.46853,21.026234,21.771065,19.257181,19.350677,0.0,4.0,0.0,0.0,0.0,0.0,0.0,0.0
38849,2023.0,9.0,27.0,18.0,21.109852,21.750078,19.65743,19.71517,21.029219,21.67936,21.024014,21.763063,19.110336,19.109182,19.122553,19.118605,21.015596,21.455591,21.02572,21.726969,19.81381,20.628832,0.0,0.0,0.0,0.0,0.0,0.0,0.0,4.0
38850,2023.0,9.0,27.0,19.0,21.003653,21.558556,19.877705,20.24582,20.995853,21.569326,21.022846,21.7304,19.060146,19.05741,19.08119,19.077866,21.015268,21.445143,21.021965,21.6924,20.02862,20.815535,4.0,4.0,0.0,0.0,0.0,0.0,0.0,0.0
38851,2023.0,9.0,27.0,19.0,21.019732,21.585888,20.023436,20.444723,21.028976,21.640469,21.022882,21.706728,19.022665,19.022903,19.04757,19.04741,21.015339,21.437628,21.022604,21.671835,19.32594,19.390734,0.0,0.0,0.0,0.0,0.0,0.0,0.0,0.0
38852,2023.0,9.0,27.0,19.0,21.035187,21.608776,20.007652,20.362494,21.046667,21.65396,21.003504,21.619982,18.991158,18.99295,19.017822,19.019413,21.03141,21.461912,21.046406,21.698484,19.01751,19.021433,4.0,0.0,4.0,0.0,0.0,0.0,0.0,0.0
38853,2023.0,9.0,27.0,19.0,21.010605,21.560354,20.016882,20.39259,20.990564,21.509237,21.004568,21.617552,18.966795,18.971094,18.995098,18.999805,21.012083,21.418123,21.358326,22.238024,18.93084,18.930561,0.0,4.0,4.0,0.0,0.0,0.0,4.0,0.0
38854,2023.0,9.0,27.0,19.0,21.222017,21.937738,19.68744,19.747105,21.028872,21.599981,21.029915,21.67916,18.947115,18.954784,18.976261,18.984615,21.015158,21.419981,20.979042,21.504274,19.819735,20.669796,0.0,0.0,0.0,0.0,0.0,0.0,0.0,4.0
38855,2023.0,9.0,27.0,19.0,21.226913,21.86754,19.957272,20.370516,21.020668,21.57305,21.02334,21.651348,18.929949,18.93906,18.958746,18.968857,21.014727,21.414967,21.03006,21.60585,20.016384,20.775843,4.0,0.0,0.0,0.0,0.0,0.0,0.0,0.0
38856,2023.0,9.0,27.0,20.0,20.99383,21.484161,20.06467,20.469606,21.01873,21.564095,20.9978,21.565933,18.916325,18.927206,18.943348,18.953957,21.014462,21.410526,21.021748,21.584658,19.349577,19.415918,4.0,0.0,4.0,0.0,0.0,0.0,0.0,0.0
38857,2023.0,9.0,27.0,20.0,21.178873,21.826519,20.0408,20.398933,21.01829,21.557617,21.030493,21.645115,18.901377,18.909824,18.92748,18.936094,21.014305,21.406393,21.022581,21.579124,19.060194,19.070988,4.0,0.0,0.0,0.0,0.0,0.0,0.0,0.0
38858,2023.0,9.0,27.0,20.0,20.993408,21.479195,20.041258,20.393728,21.018702,21.552567,20.996508,21.546478,19.581398,20.201351,19.25526,19.560265,21.014303,21.40252,21.019968,21.571228,18.973959,18.976109,4.0,0.0,4.0,4.0,4.0,0.0,0.0,0.0
38859,2023.0,9.0,27.0,20.0,21.020348,21.537436,20.011202,20.349718,21.086662,21.648388,21.029512,21.62817,20.05499,20.831522,20.108856,20.9601,21.014242,21.39892,21.01999,21.567331,18.918325,18.91913,0.0,4.0,0.0,0.0,0.0,0.0,0.0,0.0
38860,2023.0,9.0,27.0,20.0,21.166452,21.785944,20.046207,20.385756,21.013151,21.521078,20.99686,21.533154,19.407146,19.470823,19.470488,19.589228,21.0142,21.39542,21.020012,21.562582,18.877518,18.879124,4.0,0.0,4.0,0.0,0.0,0.0,0.0,0.0
38861,2023.0,9.0,27.0,20.0,20.994602,21.46864,20.009354,20.326418,21.022488,21.533993,21.029379,21.614378,19.794933,20.38018,19.147266,19.150387,21.34423,22.000784,21.019787,21.557232,18.84288,18.844149,0.0,0.0,0.0,4.0,0.0,4.0,0.0,0.0
38862,2023.0,9.0,27.0,21.0,21.178999,21.803497,19.677856,19.683958,21.01608,21.48386,21.022573,21.59156,20.03543,20.649513,19.078272,19.076004,20.966692,21.260239,21.019747,21.552286,18.813704,18.814713,0.0,4.0,0.0,0.0,0.0,0.0,0.0,0.0
38863,2023.0,9.0,27.0,21.0,20.989405,21.446474,19.533157,19.526297,21.004597,21.465343,21.023298,21.583147,20.1,20.673512,19.039349,19.034033,21.021969,21.372519,21.41973,22.277374,18.78727,18.78658,0.0,4.0,0.0,4.0,0.0,0.0,4.0,0.0
38864,2023.0,9.0,27.0,21.0,21.176401,21.787544,19.4726,19.460146,20.99976,21.458012,21.048164,21.598993,20.149319,20.71171,19.006521,18.999084,21.015793,21.36015,20.958086,21.374746,18.764671,18.763273,0.0,4.0,4.0,4.0,0.0,0.0,0.0,0.0
38865,2023.0,9.0,27.0,21.0,20.986887,21.431822,19.424158,19.406826,21.0279,21.533054,20.994364,21.494448,19.998085,20.432707,18.976255,18.96561,21.01353,21.360123,21.031067,21.526379,18.743544,18.739954,0.0,0.0,4.0,0.0,0.0,0.0,0.0,0.0
38866,2023.0,9.0,27.0,21.0,21.022863,21.50707,19.38538,19.366468,20.997017,21.442484,21.030931,21.587254,19.50998,19.481482,19.329754,19.652937,21.01409,21.36326,21.020483,21.504753,18.72496,18.720097,0.0,4.0,0.0,0.0,4.0,0.0,0.0,0.0
38867,2023.0,9.0,27.0,21.0,21.016363,21.493067,19.350754,19.32894,21.027603,21.519646,21.023487,21.563648,19.98036,20.535955,20.07981,20.854437,21.01429,21.364563,21.018927,21.505808,19.594347,20.376339,0.0,0.0,0.0,4.0,4.0,0.0,0.0,4.0
38868,2023.0,9.0,27.0,22.0,21.012777,21.491121,19.318966,19.292366,21.020855,21.496708,21.023716,21.553276,20.0019,20.440691,20.013302,20.632542,21.358238,22.00114,21.019102,21.507193,20.019339,20.823734,0.0,0.0,0.0,0.0,0.0,4.0,0.0,4.0
38869,2023.0,9.0,27.0,22.0,21.268255,21.955338,19.290339,19.258747,21.02211,21.488293,21.05913,21.589418,19.504557,19.460659,19.414553,19.40406,20.973793,21.242516,21.019325,21.507042,20.028505,20.773897,0.0,0.0,4.0,0.0,0.0,0.0,0.0,0.0
38870,2023.0,9.0,27.0,22.0,20.980082,21.393759,19.262068,19.224567,21.01723,21.478643,21.021297,21.533424,19.87846,20.33853,19.168022,19.132881,21.0231,21.347069,21.019552,21.506195,19.295082,19.279156,0.0,0.0,0.0,4.0,0.0,0.0,0.0,0.0
38871,2023.0,9.0,27.0,22.0,21.025257,21.487265,19.233187,19.187887,21.017656,21.477852,21.024998,21.532742,20.020132,20.476515,19.094988,19.050333,21.233467,21.724678,21.0191,21.503822,18.9675,18.885113,0.0,0.0,0.0,0.0,0.0,4.0,0.0,0.0
38872,2023.0,9.0,27.0,22.0,21.017435,21.469181,19.20874,19.158976,21.018005,21.475775,21.019148,21.523308,19.476833,19.395618,19.03974,18.99347,20.99308,21.26917,21.4136,22.22097,18.868484,18.777397,0.0,0.0,0.0,0.0,0.0,0.0,4.0,0.0
38873,2023.0,9.0,27.0,22.0,21.01284,21.468538,19.183344,19.127382,21.017977,21.4725,21.020046,21.524668,19.282967,19.229467,19.32218,19.566969,21.202724,21.658205,20.962431,21.337986,18.85446,18.812883,0.0,0.0,0.0,0.0,4.0,4.0,0.0,0.0
38874,2023.0,9.0,27.0,23.0,21.257692,21.914642,19.15996,19.098408,21.101538,21.600277,21.020088,21.522898,19.218906,19.165535,20.10171,20.86714,21.248417,21.690067,21.268974,21.910368,19.658316,20.365068,0.0,4.0,0.0,0.0,0.0,4.0,4.0,4.0
38875,2023.0,9.0,27.0,23.0,20.64352,20.671911,19.14086,19.076609,20.586432,20.612198,20.502897,20.52561,19.16097,19.10849,19.457258,19.51171,20.598019,20.45404,20.506578,20.393656,19.123379,19.070805,0.0,0.0,0.0,0.0,0.0,0.0,0.0,0.0
38876,2023.0,9.0,27.0,23.0,20.373953,20.29846,19.125593,19.05828,20.190971,19.963379,20.256727,20.179428,19.116539,19.062428,19.194067,19.127602,20.361134,20.14269,20.209383,20.014452,18.889818,18.767908,0.0,0.0,0.0,0.0,0.0,0.0,0.0,0.0
38877,2023.0,9.0,27.0,23.0,20.275496,20.20443,19.112545,19.044344,20.67673,20.981016,20.158533,20.08308,19.078869,19.027376,19.121386,19.057177,20.267534,20.055235,20.08598,19.8991,19.666265,20.31143,0.0,4.0,0.0,0.0,0.0,0.0,0.0,4.0
38878,2023.0,9.0,27.0,23.0,20.32126,20.375204,19.098854,19.028988,20.253319,20.13253,20.077074,19.999935,19.040554,18.986183,19.060463,18.99627,20.187296,19.976862,19.98469,19.800404,19.068628,19.005194,0.0,0.0,0.0,0.0,0.0,0.0,0.0,0.0
38879,2023.0,9.0,27.0,23.0,20.999767,21.688059,19.085148,19.01358,20.63266,20.945578,20.007982,19.929241,19.00517,18.948917,19.009062,18.944931,20.229412,20.131462,19.996788,19.911608,18.850672,18.723358,0.0,4.0,0.0,0.0,0.0,0.0,0.0,0.0
38880,2023.0,9.0,28.0,0.0,20.413483,20.436762,19.071747,18.998695,20.193914,20.066698,19.94815,19.86895,18.973206,18.915586,18.963976,18.900635,20.211803,20.129688,19.960838,19.888296,18.778862,18.65079,0.0,0.0,0.0,0.0,0.0,0.0,0.0,0.0
38881,2023.0,9.0,28.0,0.0,20.15949,20.070614,19.057894,18.982811,19.941238,19.691988,19.890493,19.807001,18.942709,18.88247,18.917953,18.848413,20.167599,20.080954,19.907814,19.835594,18.799519,18.749365,0.0,0.0,0.0,0.0,0.0,0.0,0.0,0.0
38882,2023.0,9.0,28.0,0.0,20.235498,20.302073,19.045753,18.970081,20.005445,19.907724,19.842728,19.759876,18.916143,18.855227,18.88021,18.810072,20.128286,20.040993,19.85728,19.783113,18.772793,18.721395,0.0,0.0,0.0,0.0,0.0,0.0,0.0,0.0
38883,2023.0,9.0,28.0,0.0,20.205023,20.273233,19.033834,18.957544,19.967766,19.872221,19.799246,19.71693,18.891033,18.829409,18.845772,18.775023,20.091442,20.003511,19.810951,19.736336,18.741713,18.68954,0.0,0.0,0.0,0.0,0.0,0.0,0.0,0.0
38884,2023.0,9.0,28.0,0.0,20.16966,20.237528,19.022514,18.94609,19.927568,19.834244,19.760363,19.679806,18.86756,18.805653,19.133791,19.343924,20.057436,19.96945,19.768496,19.69399,18.71308,18.660555,0.0,0.0,0.0,0.0,4.0,0.0,0.0,0.0
38885,2023.0,9.0,28.0,0.0,20.135593,20.20191,19.010824,18.933697,19.888659,19.79595,19.722866,19.642605,18.844656,18.782005,18.883768,18.813501,20.02482,19.936165,19.728222,19.65322,18.685806,18.632507,0.0,0.0,0.0,0.0,0.0,0.0,0.0,0.0
38886,2023.0,9.0,28.0,1.0,20.103628,20.168512,18.998861,18.920431,19.851189,19.757742,19.686869,19.605625,18.822361,18.758554,18.811596,18.738075,19.99356,19.903713,19.690062,19.614052,18.659996,18.605558,0.0,0.0,0.0,0.0,0.0,0.0,0.0,0.0
38887,2023.0,9.0,28.0,1.0,20.074903,20.139566,18.988375,18.91005,19.818964,19.727388,19.655787,19.57614,18.802162,18.73834,19.09741,19.305183,19.965408,19.875763,19.655573,19.579866,18.636856,18.58234,0.0,0.0,0.0,0.0,4.0,0.0,0.0,0.0
38888,2023.0,9.0,28.0,1.0,20.0472,20.111286,18.977486,18.8988,19.787497,19.696617,19.62533,19.546158,18.782415,18.718197,18.84636,18.774609,19.938269,19.84833,19.62255,19.546663,18.614729,18.559788,0.0,0.0,0.0,0.0,0.0,0.0,0.0,0.0
38889,2023.0,9.0,28.0,1.0,20.020555,20.083641,18.966278,18.886705,19.756907,19.665657,19.595663,19.515919,18.763174,18.698221,18.774515,18.699474,19.912136,19.821478,19.590982,19.514507,18.593596,18.537943,0.0,0.0,0.0,0.0,0.0,0.0,0.0,0.0
38890,2023.0,9.0,28.0,1.0,19.996931,20.060839,18.95651,18.877588,19.731098,19.642672,19.57056,19.493391,18.746113,18.681885,18.742952,18.670124,19.889093,19.79956,19.562908,19.487741,19.301058,19.886597,0.0,0.0,0.0,0.0,0.0,0.0,0.0,4.0
38891,2023.0,9.0,28.0,1.0,19.971127,20.032772,18.944448,18.864067,19.702034,19.611784,19.542301,19.463118,18.727522,18.661856,18.709982,18.634552,19.864397,19.773228,19.533302,19.456522,19.620586,20.31847,0.0,0.0,0.0,0.0,0.0,0.0,0.0,4.0
38892,2023.0,9.0,28.0,2.0,19.949276,20.011652,18.9344,18.854723,19.678501,19.590704,19.519743,19.442598,18.711578,18.646582,18.684607,18.61086,19.843306,19.753159,19.507692,19.432098,18.874964,18.794746,0.0,0.0,0.0,0.0,0.0,0.0,0.0,0.0
38893,2023.0,9.0,28.0,2.0,19.927895,19.990826,18.924784,18.84638,19.655296,19.569223,19.49764,19.421814,18.696356,18.63226,18.660519,18.587751,19.823122,19.73402,19.482944,19.408325,19.4188,19.949915,0.0,0.0,0.0,0.0,0.0,0.0,0.0,4.0
38894,2023.0,9.0,28.0,2.0,19.907887,19.971727,18.915861,18.839155,19.63372,19.549742,19.477058,19.402975,18.68234,18.619387,18.639112,18.567692,19.804482,19.7167,19.459856,19.386465,18.862625,18.766796,0.0,0.0,0.0,0.0,0.0,0.0,0.0,0.0
38895,2023.0,9.0,28.0,2.0,19.88859,19.95331,18.907045,18.832035,20.283752,20.792435,19.457325,19.384966,18.669111,18.607317,18.619543,18.549496,19.786926,19.700478,19.437975,19.365822,18.679214,18.542194,0.0,4.0,0.0,0.0,0.0,0.0,0.0,0.0
38896,2023.0,9.0,28.0,2.0,19.86992,19.935503,18.89827,18.82493,19.884916,19.902111,19.438105,19.36752,19.23818,19.68854,18.601572,18.532906,19.770506,19.6854,19.417444,19.346542,18.617102,18.484276,0.0,0.0,0.0,4.0,0.0,0.0,0.0,0.0
38897,2023.0,9.0,28.0,2.0,19.859581,19.93362,18.88962,18.81799,19.582115,19.38817,19.41946,19.350876,18.880312,18.878696,18.585167,18.51805,19.755411,19.671803,19.398592,19.329138,19.418732,20.053144,0.0,0.0,0.0,0.0,0.0,0.0,0.0,4.0
38898,2023.0,9.0,28.0,3.0,19.854626,19.938389,18.880901,18.81081,19.486118,19.2685,19.401064,19.334126,19.316902,19.763466,18.86069,19.047113,19.740845,19.658546,19.38027,19.312029,18.844631,18.778048,0.0,0.0,0.0,4.0,4.0,0.0,0.0,0.0
38899,2023.0,9.0,28.0,3.0,19.83991,19.924192,18.871742,18.802528,19.542795,19.433243,19.382832,19.31686,18.844915,18.743677,18.680376,18.643105,19.726316,19.644918,19.361908,19.29448,19.401327,19.94341,0.0,0.0,0.0,0.0,0.0,0.0,0.0,4.0
38900,2023.0,9.0,28.0,3.0,19.824696,19.909065,18.86255,18.794056,19.554356,19.475283,19.36509,19.300013,18.683634,18.541529,18.598629,18.534693,19.712029,19.631554,19.343735,19.277159,18.851685,18.766676,0.0,0.0,0.0,0.0,0.0,0.0,0.0,0.0
38901,2023.0,9.0,28.0,3.0,19.809229,19.893787,18.853218,18.785467,19.538807,19.464195,19.347723,19.283491,18.635548,18.49579,18.576239,18.512825,19.697954,19.618385,19.325756,19.26001,19.426882,19.9679,0.0,0.0,0.0,0.0,0.0,0.0,0.0,4.0
38902,2023.0,9.0,28.0,3.0,19.793486,19.878214,18.843687,18.776724,19.519402,19.44628,19.330612,19.267227,18.675753,18.617363,18.556414,18.493782,19.684074,19.605402,19.307985,19.243055,18.874247,18.790136,0.0,0.0,0.0,0.0,0.0,0.0,0.0,0.0
38903,2023.0,9.0,28.0,3.0,19.777746,19.862776,18.834105,18.76805,19.500078,19.428417,19.313944,19.251562,18.670956,18.61583,18.539038,18.477303,19.670494,19.592836,20.230238,20.996202,18.68883,18.559036,0.0,0.0,0.0,0.0,0.0,0.0,4.0,0.0
38904,2023.0,9.0,28.0,4.0,19.761879,19.847054,18.824316,18.759062,19.481031,19.410448,19.297157,19.235666,18.652538,18.597853,18.522644,18.461678,19.656939,19.580156,19.534939,19.461817,18.622759,18.495037,0.0,0.0,0.0,0.0,0.0,0.0,0.0,0.0
38905,2023.0,9.0,28.0,4.0,19.743841,19.826889,18.811995,18.745054,19.459955,19.387707,19.277843,19.214764,18.633188,18.57702,18.81324,19.020449,19.641386,19.56339,19.30379,19.14583,18.64352,18.591166,0.0,0.0,0.0,0.0,4.0,0.0,0.0,0.0
38906,2023.0,9.0,28.0,4.0,19.725529,19.806484,18.798903,18.729868,19.438665,19.364672,19.258062,19.193264,18.613747,18.556202,18.588171,18.528282,19.625246,19.546028,19.237608,19.077019,18.620317,18.568237,0.0,0.0,0.0,0.0,0.0,0.0,0.0,0.0
38907,2023.0,9.0,28.0,4.0,19.707373,19.78653,18.785393,18.713923,19.417099,19.341143,19.23802,19.171215,18.594284,18.5353,18.525501,18.459051,19.608559,19.528057,19.288128,19.229347,18.58862,18.535093,0.0,0.0,0.0,0.0,0.0,0.0,0.0,0.0
38908,2023.0,9.0,28.0,4.0,19.689404,19.766901,18.772282,18.698997,19.3964,19.319227,19.218712,19.150581,18.575174,18.515104,18.49892,18.431265,19.591684,19.51017,19.26459,19.196255,18.558897,18.504374,0.0,0.0,0.0,0.0,0.0,0.0,0.0,0.0
38909,2023.0,9.0,28.0,4.0,19.671272,19.74705,18.758886,18.683847,19.375805,19.297422,19.199345,19.129917,18.555925,18.49476,18.473864,18.405016,19.57431,19.491768,19.23804,19.168806,18.530287,18.474771,0.0,0.0,0.0,0.0,0.0,0.0,0.0,0.0
38910,2023.0,9.0,28.0,5.0,19.653858,19.72877,18.74658,18.671194,20.035408,20.555016,19.181486,19.11238,18.537554,18.476387,18.451862,18.383377,19.557411,19.474798,19.213274,19.144331,18.504038,18.448868,0.0,4.0,0.0,0.0,0.0,0.0,0.0,0.0
38911,2023.0,9.0,28.0,5.0,19.635271,19.70823,18.732557,18.655277,19.638271,19.662773,19.161924,19.091335,18.517822,18.455399,18.428577,18.358662,19.539124,19.455244,19.18768,19.117685,19.204979,19.790709,0.0,0.0,0.0,0.0,0.0,0.0,0.0,4.0
38912,2023.0,9.0,28.0,5.0,19.616383,19.68714,18.717997,18.63853,19.308397,19.094177,19.142132,19.069641,18.49759,18.433615,18.405193,18.333485,19.520458,19.435041,19.162615,19.091251,18.720295,18.717558,0.0,0.0,0.0,0.0,0.0,0.0,0.0,0.0
38913,2023.0,9.0,28.0,5.0,19.597408,19.665916,18.703182,18.621479,19.207447,18.96918,19.122496,19.047953,18.477146,18.411558,18.381866,18.308311,19.501362,19.414362,19.137695,19.064928,19.189161,19.674524,0.0,0.0,0.0,0.0,0.0,0.0,0.0,4.0
38914,2023.0,9.0,28.0,5.0,19.578749,19.645359,18.688509,18.604885,19.275217,19.157415,19.103388,19.027134,18.456905,18.390041,18.359013,18.28403,19.482063,19.393778,19.112993,19.039183,18.63633,18.518219,0.0,0.0,0.0,0.0,0.0,0.0,0.0,0.0
38915,2023.0,9.0,28.0,5.0,19.55985,19.62443,18.673513,18.587805,19.288467,19.196875,19.084171,19.005995,19.018585,19.461876,18.335958,18.259336,19.462162,19.372412,19.087965,19.012896,19.214573,19.725569,0.0,0.0,0.0,4.0,0.0,0.0,0.0,4.0
38916,2023.0,9.0,28.0,6.0,19.54108,19.603552,18.65838,18.570572,19.2708,19.180607,19.06494,18.984854,19.271593,19.800158,18.312868,18.234608,19.441917,19.35069,19.062899,18.986555,18.653341,18.531935,0.0,0.0,0.0,4.0,0.0,0.0,0.0,0.0
38917,2023.0,9.0,28.0,6.0,21.205143,22.54787,18.644758,18.55637,21.221964,22.669056,21.237082,22.861761,20.130236,21.239447,18.291191,18.212685,21.236698,22.474285,21.332891,22.907394,18.461407,18.294455,0.0,0.0,0.0,0.0,0.0,0.0,0.0,0.0
38918,2023.0,9.0,28.0,6.0,21.001692,21.980906,18.63026,18.541313,21.003883,22.025957,21.00422,22.159912,19.071493,19.012054,18.557362,18.729334,20.986862,21.868738,21.001417,22.127302,18.379711,18.214357,0.0,0.0,0.0,0.0,4.0,4.0,0.0,0.0
38919,2023.0,9.0,28.0,6.0,21.000532,21.857801,18.616383,18.526651,21.032316,21.955116,21.036074,22.078386,18.58648,18.407703,20.189495,21.496878,21.034832,21.883488,21.036472,22.065102,18.42027,18.357014,0.0,0.0,0.0,0.0,4.0,0.0,0.0,0.0
38920,2023.0,9.0,28.0,6.0,21.001984,21.800722,19.06476,19.378225,21.00136,21.789,21.030167,21.970188,18.587141,18.517242,19.99179,20.922445,21.033382,21.786604,20.989733,21.852762,18.412836,18.34643,4.0,4.0,0.0,0.0,4.0,0.0,4.0,0.0
38921,2023.0,9.0,28.0,6.0,21.010435,21.761269,20.1348,21.144915,21.00729,21.748447,21.030655,21.903868,18.563602,18.489264,20.018482,20.854841,21.0023,21.638071,21.046305,21.922792,18.382475,18.316738,0.0,4.0,0.0,0.0,4.0,4.0,0.0,0.0
38922,2023.0,9.0,28.0,7.0,21.036335,21.793964,19.322422,19.402292,21.041365,21.782204,21.004467,21.78319,18.520763,18.447191,20.023142,20.76073,21.037313,21.684952,21.03599,21.844341,19.126587,19.745546,0.0,0.0,4.0,0.0,4.0,0.0,0.0,4.0
38923,2023.0,9.0,28.0,7.0,21.002144,21.670815,18.890793,18.81561,21.033863,21.72237,21.009077,21.762398,18.484396,18.411194,20.019865,20.680067,21.030674,21.632713,21.036087,21.799496,20.12191,21.281006,0.0,0.0,4.0,0.0,4.0,0.0,0.0,0.0
38924,2023.0,9.0,28.0,7.0,21.00843,21.661684,18.802137,18.70724,21.033957,21.687246,21.043304,21.810562,18.452871,18.380157,20.01941,20.62647,21.030588,21.601755,21.027708,21.763424,19.729607,20.29133,0.0,0.0,0.0,0.0,4.0,0.0,0.0,4.0
38925,2023.0,9.0,28.0,7.0,21.035591,21.72087,18.756832,18.659311,20.99824,21.586935,21.009827,21.688236,19.1334,19.687431,20.018742,20.586147,21.02213,21.576525,21.146963,21.934029,20.089447,20.995995,0.0,4.0,4.0,4.0,4.0,0.0,4.0,0.0
38926,2023.0,9.0,28.0,7.0,21.028767,21.688845,19.156538,19.43594,21.01375,21.597395,21.04151,21.748713,20.095488,21.13304,20.018286,20.55528,21.02282,21.568953,20.994268,21.616493,19.10928,19.000862,4.0,4.0,0.0,4.0,4.0,0.0,4.0,0.0
38927,2023.0,9.0,28.0,7.0,21.001118,21.59668,20.099907,20.983763,21.037914,21.652592,21.035004,21.712675,20.02826,20.8795,20.017628,20.5298,21.022263,21.559084,21.044754,21.73845,19.58408,20.215797,4.0,0.0,0.0,0.0,4.0,0.0,0.0,4.0
38928,2023.0,9.0,28.0,8.0,21.006443,21.601105,20.023125,20.718702,21.006346,21.552925,21.009327,21.621738,19.100412,18.985582,20.016924,20.50723,21.022303,21.550385,20.9975,21.599667,20.026993,20.783495,0.0,4.0,4.0,0.0,4.0,0.0,4.0,4.0
38929,2023.0,9.0,28.0,8.0,20.85549,21.308517,19.237993,19.123335,20.732233,21.020105,20.670135,20.962273,18.672787,18.480103,20.032871,20.534431,20.427925,20.396685,20.124372,19.95716,20.034647,20.75909,0.0,4.0,4.0,0.0,0.0,0.0,0.0,0.0
38930,2023.0,9.0,28.0,8.0,20.219456,20.175306,19.189281,19.267384,20.606747,20.882906,20.51848,20.799805,18.673965,18.589735,19.334763,19.177309,20.834137,21.359022,19.713657,19.489466,19.189205,19.07356,4.0,4.0,4.0,0.0,0.0,4.0,0.0,0.0
38931,2023.0,9.0,28.0,8.0,20.61636,21.064419,20.112852,20.872658,20.57741,20.85774,19.945742,19.768019,18.66119,18.592167,19.162825,19.043648,20.159739,19.984379,20.539112,21.16146,19.737034,20.28921,4.0,4.0,0.0,0.0,0.0,0.0,4.0,4.0
38932,2023.0,9.0,28.0,8.0,20.734547,21.192202,20.00021,20.563858,20.001747,19.814716,20.228577,20.511278,18.621727,18.555471,19.09405,18.9949,20.562185,20.97785,20.804733,21.420712,20.04649,20.705406,4.0,0.0,4.0,0.0,0.0,4.0,4.0,0.0
38933,2023.0,9.0,28.0,8.0,20.723442,21.184198,20.014818,20.539465,19.673859,19.399847,20.341684,20.64566,19.256653,19.78241,19.004313,18.910833,20.049541,19.859203,20.85161,21.467983,19.246035,19.123014,4.0,0.0,4.0,4.0,0.0,0.0,4.0,0.0
38934,2023.0,9.0,28.0,9.0,20.714228,21.172737,20.030775,20.550438,19.541058,19.26588,20.333424,20.641945,20.111183,21.091429,18.928461,18.838606,19.773933,19.538328,20.019999,19.87723,18.879705,18.704103,0.0,0.0,4.0,0.0,0.0,0.0,0.0,0.0
38935,2023.0,9.0,28.0,9.0,20.140266,20.109053,19.36774,19.247963,19.454718,19.187662,20.326296,20.640211,19.7439,20.190117,18.86662,18.780884,19.685715,19.451662,19.632076,19.424614,18.85091,18.771318,0.0,0.0,4.0,4.0,0.0,0.0,0.0,0.0
38936,2023.0,9.0,28.0,9.0,19.910994,19.810526,19.196861,19.077623,19.51602,19.37812,20.322475,20.641302,20.07872,20.807695,18.82444,18.740883,19.758783,19.652983,19.51618,19.307941,19.704596,20.4252,0.0,0.0,4.0,0.0,0.0,0.0,0.0,4.0
38937,2023.0,9.0,28.0,9.0,20.447392,20.921837,19.557144,19.834465,20.183582,20.6589,20.31854,20.642553,19.267212,19.173737,18.781174,18.700634,20.526896,21.120684,19.426447,19.22575,20.044456,20.8074,4.0,4.0,4.0,0.0,0.0,4.0,0.0,0.0
38938,2023.0,9.0,28.0,9.0,20.616014,21.101337,20.045439,20.631989,19.872541,19.897825,20.316113,20.645088,18.870707,18.691547,19.127216,19.387884,19.970596,19.834974,19.354635,19.161171,19.221212,19.137627,4.0,0.0,4.0,0.0,4.0,0.0,0.0,0.0
38939,2023.0,9.0,28.0,9.0,20.05049,20.030615,20.025154,20.55493,19.459906,19.25437,20.315218,20.649086,19.576431,20.137474,20.107395,20.997358,19.6689,19.459066,19.392527,19.303402,19.698229,20.29559,0.0,0.0,4.0,4.0,4.0,0.0,0.0,4.0
38940,2023.0,9.0,28.0,10.0,19.770084,19.687445,19.388954,19.295668,19.894018,20.167862,19.772915,19.643026,20.028925,20.716604,20.020533,20.70984,19.598898,19.388445,20.392477,21.21168,20.050327,20.759983,0.0,4.0,0.0,4.0,0.0,0.0,4.0,0.0
38941,2023.0,9.0,28.0,10.0,20.337543,20.835758,19.41673,19.552168,20.132378,20.481632,19.46247,19.246202,20.030142,20.674164,19.278585,19.19611,19.664536,19.56658,19.747236,19.662945,19.270838,19.191902,4.0,4.0,0.0,0.0,0.0,0.0,0.0,0.0
38942,2023.0,9.0,28.0,10.0,19.945692,19.945858,20.096863,20.73699,19.634134,19.508661,19.943304,20.243088,19.913895,20.358435,18.989851,18.90518,19.684113,19.604067,19.370506,19.203253,18.905455,18.75352,0.0,0.0,4.0,4.0,0.0,0.0,0.0,0.0
38943,2023.0,9.0,28.0,10.0,20.36013,20.888203,19.414303,19.350065,19.368565,19.167631,20.151937,20.509037,20.048088,20.636297,18.933964,18.854193,20.4328,21.041973,20.2456,20.934381,19.760574,20.476513,0.0,0.0,4.0,0.0,0.0,4.0,4.0,4.0
38944,2023.0,9.0,28.0,10.0,19.949694,19.971178,19.570343,19.867882,19.863869,20.168829,20.198174,20.562248,19.978817,20.426987,18.881552,18.804432,19.895622,19.784199,19.676455,19.579628,20.033466,20.73889,4.0,4.0,4.0,4.0,0.0,0.0,0.0,0.0
38945,2023.0,9.0,28.0,10.0,20.365177,20.917648,20.04406,20.630081,19.540045,19.424908,20.22253,20.589985,20.037458,20.567036,18.836285,18.760405,19.613457,19.428202,19.353798,19.195467,20.051449,20.662668,4.0,0.0,4.0,0.0,0.0,0.0,0.0,4.0
38946,2023.0,9.0,28.0,11.0,20.51854,21.048828,20.005335,20.500652,19.303022,19.116701,19.678673,19.56184,19.382782,19.28234,18.799139,18.725143,19.552824,19.365768,19.2671,19.107256,20.026209,20.61802,4.0,0.0,0.0,0.0,0.0,0.0,0.0,0.0
38947,2023.0,9.0,28.0,11.0,20.549356,21.077263,20.028503,20.528957,19.864574,20.232075,20.031284,20.397541,19.06115,18.899233,19.153278,19.420792,19.61694,19.530334,19.215265,19.059782,19.338335,19.261885,0.0,4.0,4.0,0.0,4.0,0.0,0.0,0.0
38948,2023.0,9.0,28.0,11.0,20.578638,21.105646,19.441946,19.375605,19.534592,19.456877,20.191013,20.5733,19.025286,18.941998,20.11747,21.019146,19.637833,19.565327,20.265434,21.092896,19.011534,18.873125,0.0,0.0,4.0,0.0,0.0,0.0,4.0,0.0
38949,2023.0,9.0,28.0,11.0,20.612343,21.14938,19.093315,18.919147,19.271759,19.105614,20.215157,20.598875,18.99327,18.923944,19.731594,20.10558,19.629452,19.559706,19.673267,19.62243,18.896908,18.755907,0.0,0.0,4.0,0.0,4.0,0.0,0.0,0.0
38950,2023.0,9.0,28.0,11.0,20.06646,20.114508,19.478832,19.725496,19.207525,19.032248,20.234674,20.621557,18.95381,18.887333,20.073277,20.734388,20.387173,21.007912,20.367334,21.067617,18.90368,18.832966,4.0,0.0,4.0,0.0,0.0,4.0,4.0,0.0
38951,2023.0,9.0,28.0,11.0,20.45274,21.017912,20.054178,20.655426,19.257313,19.180107,20.253847,20.643585,18.909775,18.845625,19.690628,19.898338,20.54964,21.062817,20.663034,21.374737,18.87991,18.82052,4.0,0.0,4.0,0.0,4.0,4.0,4.0,0.0
38952,2023.0,9.0,28.0,12.0,20.591429,21.135582,20.021063,20.54811,19.267466,19.207148,20.270596,20.663147,18.871208,18.809196,20.084667,20.692312,20.602476,21.110851,19.86064,19.796164,18.840014,18.783699,0.0,0.0,4.0,0.0,0.0,4.0,0.0,0.0
38953,2023.0,9.0,28.0,12.0,21.057447,21.932037,19.458017,19.42875,21.193348,22.621857,21.105892,22.114677,18.839884,18.781006,19.46156,19.427721,21.045282,21.837397,21.177563,22.256332,18.804316,18.750675,0.0,4.0,4.0,0.0,0.0,4.0,4.0,0.0
38954,2023.0,9.0,28.0,12.0,20.996077,21.751328,19.544434,19.774864,20.97581,21.998764,20.996967,21.81185,18.813868,18.75746,19.174067,19.100843,20.995718,21.656147,21.015354,21.905964,18.77456,18.72319,4.0,4.0,4.0,0.0,0.0,4.0,0.0,0.0
38955,2023.0,9.0,28.0,12.0,21.00532,21.72886,20.08335,20.69512,21.01678,21.944645,21.039095,21.85612,18.793348,18.73978,19.107008,19.033596,21.031395,21.685307,21.032421,21.85568,18.751322,18.702784,0.0,4.0,0.0,0.0,0.0,0.0,0.0,0.0
38956,2023.0,9.0,28.0,12.0,21.031235,21.774233,19.479183,19.470537,21.037806,21.920267,21.031456,21.79421,18.777971,18.728271,19.059347,18.993155,20.996796,21.543827,21.032925,21.747068,19.680662,20.484228,0.0,0.0,0.0,0.0,0.0,4.0,4.0,4.0
38957,2023.0,9.0,28.0,12.0,20.997486,21.660168,19.217127,19.176392,21.005919,21.77103,21.031082,21.758135,19.513203,20.133163,19.01915,18.956615,21.00512,21.525597,21.033657,21.75753,20.03739,20.849695,0.0,4.0,0.0,4.0,0.0,4.0,0.0,0.0
38958,2023.0,9.0,28.0,13.0,21.031298,21.73269,19.60234,19.958746,21.01061,21.737646,21.030104,21.729612,20.06257,20.895706,18.985542,18.926153,21.037663,21.562824,21.11592,21.83678,20.058298,20.739416,4.0,4.0,0.0,0.0,0.0,4.0,4.0,4.0
38959,2023.0,9.0,28.0,13.0,21.024141,21.700417,20.039152,20.637444,21.00936,21.704752,20.998331,21.637035,19.308388,19.316381,18.957487,18.900269,21.071648,21.598394,21.018333,21.662392,20.022936,20.655077,4.0,4.0,4.0,0.0,0.0,4.0,0.0,0.0
38960,2023.0,9.0,28.0,13.0,21.024353,21.685417,20.001987,20.508245,21.03491,21.752647,21.035769,21.719439,19.68834,20.242878,18.934439,18.879246,21.104792,21.633848,21.028643,21.664618,20.173681,20.853012,4.0,0.0,0.0,4.0,0.0,4.0,0.0,4.0
38961,2023.0,9.0,28.0,13.0,21.108515,21.814182,20.005827,20.4813,21.00049,21.63976,21.00031,21.615364,20.051968,20.735651,18.916246,18.86283,21.137999,21.670393,21.025427,21.640633,19.994282,20.501541,4.0,4.0,4.0,0.0,0.0,4.0,0.0,0.0
38962,2023.0,9.0,28.0,13.0,21.011818,21.64059,20.023882,20.508463,21.008753,21.641521,21.008753,21.626696,19.408379,19.40838,19.293135,19.588148,21.009407,21.442453,21.026009,21.62642,19.436459,19.413857,0.0,4.0,4.0,0.0,4.0,0.0,0.0,0.0
38963,2023.0,9.0,28.0,13.0,21.02484,21.66177,19.506536,19.4906,21.006855,21.627245,21.033379,21.692488,19.095764,19.01555,20.100164,20.90374,21.021511,21.456575,21.02144,21.61249,19.161457,19.077879,0.0,4.0,0.0,0.0,0.0,0.0,0.0,0.0
38964,2023.0,9.0,28.0,14.0,21.012377,21.601297,19.247595,19.175882,21.006538,21.618109,21.02742,21.670883,19.04696,18.99886,19.48175,19.58246,21.019533,21.44182,21.021698,21.6075,19.072031,18.993235,0.0,4.0,0.0,0.0,0.0,0.0,0.0,0.0
38965,2023.0,9.0,28.0,14.0,20.440563,20.54266,19.19935,19.164204,20.845144,21.300318,20.347252,20.35614,19.016836,18.97425,19.146729,19.113,20.516396,20.464884,20.436068,20.474031,19.926683,20.665058,0.0,4.0,0.0,0.0,0.0,0.0,0.0,4.0
38966,2023.0,9.0,28.0,14.0,20.215244,20.251345,19.602118,19.953936,20.26521,20.250778,20.112719,20.07701,19.69784,20.284002,19.438751,19.708544,20.377844,20.307835,20.189613,20.13431,20.0142,20.680666,4.0,0.0,0.0,4.0,4.0,0.0,0.0,0.0
38967,2023.0,9.0,28.0,14.0,20.105738,20.148043,20.036,20.623331,19.947855,19.853163,20.64622,21.19248,20.041147,20.711803,20.062815,20.718174,21.07176,21.695433,20.057732,20.000536,19.392094,19.4012,4.0,0.0,4.0,0.0,4.0,4.0,0.0,0.0
38968,2023.0,9.0,28.0,14.0,20.78329,21.510563,20.018755,20.54797,20.442274,20.885122,20.714981,21.178663,19.422308,19.44116,19.99916,20.517109,21.205816,21.75939,19.960394,19.90466,19.111013,19.05488,0.0,4.0,4.0,0.0,4.0,4.0,0.0,0.0
38969,2023.0,9.0,28.0,14.0,20.331556,20.460724,19.51494,19.537683,20.070974,20.067087,20.68112,21.14131,19.130152,19.072601,20.023064,20.528109,21.222363,21.77373,19.88135,19.827673,19.051441,19.013493,0.0,0.0,4.0,0.0,0.0,4.0,0.0,0.0
38970,2023.0,9.0,28.0,15.0,20.05119,20.12455,19.661366,19.967524,20.424385,20.893354,20.681633,21.144768,19.070808,19.031612,19.531889,19.544052,20.586454,20.549948,19.814747,19.764053,19.011904,18.977749,4.0,4.0,4.0,0.0,0.0,0.0,0.0,0.0
38971,2023.0,9.0,28.0,15.0,19.97216,20.035835,20.064991,20.653572,20.527456,21.002739,20.681599,21.14365,19.035788,18.997957,19.313766,19.227411,20.354622,20.225437,19.76382,19.713772,18.97913,18.945433,0.0,4.0,4.0,0.0,0.0,0.0,0.0,0.0
38972,2023.0,9.0,28.0,15.0,19.971184,20.095104,19.53286,19.568089,20.554655,21.025167,20.679314,21.14034,18.997824,18.96249,19.250937,19.197409,20.2522,20.126562,19.713268,19.66665,18.945555,18.914158,0.0,4.0,4.0,0.0,0.0,0.0,0.0,0.0
38973,2023.0,9.0,28.0,15.0,19.947248,20.077263,19.354738,19.333187,20.0318,20.02869,20.136572,20.127766,18.967634,18.933214,19.210665,19.163216,20.912106,21.438295,19.67301,19.628141,18.918713,18.888487,0.0,0.0,0.0,0.0,0.0,4.0,0.0,0.0
38974,2023.0,9.0,28.0,15.0,19.914078,20.043486,19.289894,19.266962,19.811056,19.72004,20.537764,21.003925,18.938648,18.90552,19.167147,19.122211,21.073727,21.634836,19.634886,19.59196,18.892847,18.864029,0.0,0.0,4.0,0.0,0.0,4.0,0.0,0.0
38975,2023.0,9.0,28.0,15.0,19.884193,20.013214,19.2388,19.216042,19.723074,19.628721,20.066648,20.062202,18.912174,18.880756,19.492855,19.771587,20.44806,20.410175,19.599865,19.55925,18.868862,18.84175,0.0,0.0,0.0,0.0,4.0,0.0,0.0,0.0
38976,2023.0,9.0,28.0,16.0,19.856115,19.984486,19.196365,19.173288,20.295097,20.757603,20.468405,20.927467,18.886875,18.856936,20.078146,20.765728,20.239433,20.118362,19.566322,19.52765,18.84581,18.820127,0.0,4.0,4.0,0.0,0.0,0.0,0.0,0.0
38977,2023.0,9.0,28.0,16.0,19.825901,19.95302,19.593267,19.954355,20.476818,20.94321,20.05546,20.043064,18.859346,18.830338,19.520971,19.600134,20.871975,21.399336,19.530924,19.493546,18.821022,18.796247,4.0,4.0,0.0,0.0,0.0,4.0,0.0,0.0
38978,2023.0,9.0,28.0,16.0,19.800034,19.924162,20.051685,20.693039,20.50569,20.966072,19.821499,19.715744,18.835009,18.805368,19.283028,19.242882,21.025843,21.580864,19.500668,19.463106,18.799133,18.774075,4.0,4.0,0.0,0.0,0.0,4.0,0.0,0.0
38979,2023.0,9.0,28.0,16.0,19.774946,19.898659,19.9952,20.502048,20.528374,20.98204,20.351883,20.804188,18.810959,18.782927,19.574833,19.87072,20.399437,20.34852,19.471195,19.435835,18.776852,18.753283,4.0,4.0,4.0,0.0,4.0,0.0,0.0,0.0
38980,2023.0,9.0,28.0,16.0,19.750656,19.873117,20.02425,20.527641,20.54606,20.99405,19.975481,19.963585,18.787542,18.760447,20.0439,20.619402,20.13501,20.01586,20.444674,21.302485,18.754927,18.732185,0.0,4.0,0.0,0.0,4.0,0.0,4.0,0.0
38981,2023.0,9.0,28.0,16.0,19.721836,19.83684,19.51956,19.518509,20.021229,19.998177,19.689135,19.591202,19.484285,20.095173,20.002346,20.483084,20.043034,19.915918,20.726357,21.491291,18.733328,18.71088,0.0,0.0,0.0,4.0,4.0,0.0,4.0,0.0
38982,2023.0,9.0,28.0,17.0,20.372211,21.076609,19.640749,19.901047,20.355108,20.787968,20.221466,20.660511,20.037682,20.851774,20.024456,20.505333,20.714191,21.242233,19.922186,19.903976,18.712822,18.690657,4.0,4.0,4.0,4.0,0.0,4.0,0.0,0.0
38983,2023.0,9.0,28.0,17.0,20.638605,21.359404,20.041706,20.547995,20.507864,20.94835,19.846113,19.80426,20.024855,20.74654,19.48836,19.443811,20.941177,21.481201,19.586243,19.495335,18.694435,18.672964,4.0,4.0,0.0,0.0,0.0,4.0,0.0,0.0
38984,2023.0,9.0,28.0,17.0,20.608942,21.213173,19.99971,20.425108,19.989374,19.958448,19.600431,19.499329,19.337885,19.341606,19.572792,19.782158,20.997137,21.53137,19.493229,19.39954,18.677773,18.657366,4.0,0.0,0.0,0.0,4.0,4.0,0.0,0.0
38985,2023.0,9.0,28.0,17.0,20.634882,21.237797,20.00451,20.408691,19.712664,19.600624,19.515968,19.405693,19.69624,20.220303,20.069254,20.624859,20.376045,20.319004,19.434597,19.341888,19.563448,20.346418,4.0,0.0,0.0,4.0,0.0,0.0,0.0,4.0
38986,2023.0,9.0,28.0,17.0,20.676695,21.274883,20.022083,20.440037,19.612638,19.488258,19.530443,19.486292,20.047838,20.713818,19.494425,19.460693,20.097649,19.96738,19.4384,19.39803,20.021454,20.868832,0.0,0.0,0.0,0.0,0.0,0.0,0.0,4.0
38987,2023.0,9.0,28.0,17.0,20.707703,21.298906,19.574686,19.562714,20.17159,20.586826,19.521435,19.488201,19.404425,19.40598,19.262463,19.222683,20.01255,19.880901,20.431211,21.29599,20.029305,20.80854,0.0,4.0,0.0,0.0,0.0,0.0,4.0,0.0
38988,2023.0,9.0,28.0,18.0,20.163536,20.254602,19.69631,19.93589,20.387094,20.82719,19.49415,19.462044,19.083796,19.006357,19.196104,19.159103,19.95345,19.82372,19.82734,19.822348,19.286993,19.29603,4.0,4.0,0.0,0.0,0.0,0.0,0.0,0.0
38989,2023.0,9.0,28.0,18.0,21.130117,22.072876,20.033487,20.498438,21.086546,22.013575,21.193256,22.505808,19.046045,19.006954,19.141724,19.101513,21.153069,21.972422,21.41027,22.710844,19.025604,18.939745,4.0,4.0,0.0,0.0,0.0,0.0,4.0,0.0
38990,2023.0,9.0,28.0,18.0,21.005352,21.752718,19.998201,20.390585,20.993156,21.7332,20.991283,21.928782,18.999926,18.962358,19.08157,19.037828,21.001253,21.622803,21.014091,21.884527,18.906216,18.809755,4.0,4.0,0.0,0.0,0.0,0.0,0.0,0.0
38991,2023.0,9.0,28.0,18.0,21.009567,21.684776,20.04142,20.471724,21.024319,21.727945,21.022003,21.854763,18.948326,18.910112,19.028944,18.983171,21.045622,21.650827,21.07169,21.92581,18.886305,18.847082,0.0,4.0,4.0,0.0,0.0,0.0,0.0,0.0
38992,2023.0,9.0,28.0,18.0,21.001904,21.647741,19.52409,19.44308,21.0058,21.646479,21.009169,21.758146,18.905064,18.867395,18.985718,18.94148,21.015259,21.547909,21.023672,21.76335,18.848639,18.81094,0.0,4.0,4.0,0.0,0.0,0.0,0.0,0.0
38993,2023.0,9.0,28.0,18.0,21.030945,21.706554,19.79027,20.123156,21.008192,21.617523,21.036636,21.781084,18.863535,18.824167,19.325876,19.619392,21.18272,21.812933,21.053314,21.730932,18.805784,18.767574,4.0,4.0,0.0,0.0,4.0,4.0,4.0,0.0
38994,2023.0,9.0,28.0,19.0,20.997074,21.59651,20.011889,20.429634,21.03408,21.662601,21.030596,21.724745,18.827013,18.786459,20.10088,20.893766,21.083746,21.54513,21.030607,21.701422,18.76816,18.729937,4.0,0.0,0.0,0.0,0.0,4.0,0.0,0.0
38995,2023.0,9.0,28.0,19.0,21.031073,21.672266,20.004797,20.380919,21.028042,21.622772,21.030748,21.689922,18.79359,18.750587,19.43731,19.492832,21.022852,21.471548,21.02987,21.675676,18.73611,18.699297,4.0,0.0,0.0,0.0,0.0,0.0,0.0,0.0
38996,2023.0,9.0,28.0,19.0,21.005322,21.573843,20.043316,20.452036,21.014738,21.54211,21.049753,21.710218,18.763317,18.718204,19.088537,19.030807,21.071915,21.523678,21.060108,21.710304,18.704367,18.663519,0.0,4.0,0.0,0.0,0.0,4.0,0.0,0.0
38997,2023.0,9.0,28.0,19.0,21.002483,21.571234,19.859438,20.042965,21.005774,21.521555,20.991259,21.564213,18.737743,18.69161,19.011906,18.9546,21.08436,21.529316,21.016943,21.61959,18.677563,18.635544,4.0,4.0,4.0,0.0,0.0,4.0,0.0,0.0
38998,2023.0,9.0,28.0,19.0,21.00249,21.566269,20.05702,20.457375,21.00679,21.51541,21.01243,21.589363,18.713018,18.664959,18.952892,18.891743,21.016676,21.423866,21.024979,21.629608,18.652775,18.609205,0.0,4.0,4.0,0.0,0.0,0.0,0.0,0.0
38999,2023.0,9.0,28.0,19.0,21.03147,21.639874,19.859941,20.032852,21.006443,21.50799,21.008251,21.570908,18.691334,18.642433,18.906925,18.846737,21.023914,21.430063,21.022997,21.620384,18.63117,18.586634,4.0,4.0,4.0,0.0,0.0,0.0,0.0,0.0
39000,2023.0,9.0,28.0,20.0,21.024082,21.614523,20.056652,20.446339,21.006392,21.501543,21.009027,21.563726,18.670887,18.620636,18.864489,18.801815,21.092316,21.525505,21.314764,22.137445,18.611546,18.566061,0.0,4.0,4.0,0.0,0.0,4.0,4.0,0.0
39001,2023.0,9.0,28.0,20.0,20.995382,21.525736,19.859608,20.02343,21.006386,21.495115,21.036196,21.629585,18.652054,18.600878,18.828293,18.766,21.014027,21.394016,20.974934,21.482214,18.59344,18.54697,4.0,4.0,0.0,0.0,0.0,0.0,0.0,0.0
39002,2023.0,9.0,28.0,20.0,21.002434,21.535946,20.047785,20.424488,21.032915,21.561892,21.029703,21.60349,18.63524,18.583769,18.796003,18.733624,21.02429,21.409481,21.03425,21.593193,19.466103,20.20985,0.0,0.0,0.0,0.0,0.0,0.0,0.0,4.0
39003,2023.0,9.0,28.0,20.0,21.029974,21.610422,19.509584,19.36665,21.000381,21.464159,21.002865,21.515661,18.618595,18.56592,18.764988,18.701563,21.022772,21.400873,21.027624,21.57433,20.076807,21.015846,0.0,4.0,4.0,0.0,0.0,0.0,0.0,0.0
39004,2023.0,9.0,28.0,20.0,21.024136,21.589817,19.772886,20.050444,21.03303,21.54351,21.034842,21.593584,18.603168,18.549686,18.737236,18.673368,21.268038,21.852747,21.15735,21.775387,19.155611,19.09811,4.0,0.0,0.0,0.0,0.0,4.0,4.0,0.0
39005,2023.0,9.0,28.0,20.0,20.995186,21.502426,20.010633,20.391497,21.025862,21.518341,21.027817,21.569511,18.587381,18.532055,18.708843,18.641973,20.980162,21.293001,21.19908,21.814117,18.758047,18.61936,4.0,0.0,0.0,0.0,0.0,0.0,4.0,0.0
39006,2023.0,9.0,28.0,21.0,21.030855,21.592794,20.022652,20.396633,21.001205,21.43805,21.029642,21.562908,18.573595,18.517641,19.038328,19.280184,21.088394,21.489304,21.010069,21.506508,19.705532,20.507257,0.0,4.0,0.0,0.0,4.0,4.0,0.0,4.0
39007,2023.0,9.0,28.0,21.0,20.995932,21.495794,19.84421,20.006378,21.006372,21.446075,21.021063,21.552273,18.560726,18.504356,20.128462,21.058628,21.120008,21.52332,21.030859,21.55198,20.035131,20.816183,4.0,4.0,0.0,0.0,4.0,4.0,0.0,0.0
39008,2023.0,9.0,28.0,21.0,21.030727,21.585041,20.053476,20.440697,21.005833,21.444572,21.010752,21.505661,18.548916,18.49216,20.002823,20.678911,21.014315,21.356134,21.027916,21.543499,19.194387,19.09956,0.0,4.0,4.0,0.0,4.0,0.0,0.0,0.0
39009,2023.0,9.0,28.0,21.0,20.996313,21.49062,19.508564,19.362226,21.032352,21.51703,21.026636,21.571339,18.537863,18.480776,20.033031,20.657598,21.02395,21.37611,21.028097,21.5395,19.737951,20.396814,0.0,0.0,0.0,0.0,0.0,0.0,0.0,4.0
39010,2023.0,9.0,28.0,21.0,21.002464,21.503408,19.33574,19.234503,21.026424,21.49703,21.029224,21.55979,18.52735,18.46987,19.602797,19.734901,21.106956,21.505232,21.367159,22.159676,20.040516,20.736954,0.0,0.0,0.0,0.0,4.0,4.0,4.0,0.0
39011,2023.0,9.0,28.0,21.0,21.029366,21.579582,19.298721,19.208492,21.026821,21.488749,21.028608,21.545017,18.517572,18.459875,20.105389,20.728258,21.127651,21.524359,21.288397,21.886772,19.240412,19.122353,0.0,0.0,0.0,0.0,0.0,4.0,4.0,0.0
39012,2023.0,9.0,28.0,22.0,20.996262,21.48636,19.248535,19.158268,21.0187,21.480318,21.02042,21.533985,18.508072,18.450033,19.362839,19.23362,21.012943,21.339798,21.00222,21.442108,18.892054,18.727606,0.0,0.0,0.0,0.0,0.0,0.0,0.0,0.0
39013,2023.0,9.0,28.0,22.0,21.002474,21.49862,19.652159,19.954977,21.073517,21.561543,21.023197,21.513409,18.499233,18.441072,19.104486,19.017746,21.023983,21.362951,21.031044,21.511106,18.888418,18.82462,4.0,4.0,4.0,0.0,0.0,0.0,0.0,0.0
39014,2023.0,9.0,28.0,22.0,21.030857,21.5763,20.057732,20.588995,21.01902,21.470531,21.032312,21.550262,18.49095,18.432598,19.047749,18.968447,21.021957,21.356833,21.026546,21.504763,18.860079,18.80078,0.0,0.0,0.0,0.0,0.0,0.0,0.0,0.0
39015,2023.0,9.0,28.0,22.0,21.023378,21.553837,19.5713,19.57872,21.001617,21.409737,21.027952,21.532917,18.483456,18.425278,18.987427,18.91363,21.015219,21.354557,21.027058,21.50493,18.815569,18.757822,0.0,4.0,0.0,0.0,0.0,0.0,0.0,0.0
39016,2023.0,9.0,28.0,22.0,20.995886,21.47136,19.308912,19.235123,21.005737,21.418272,21.028536,21.526049,18.475895,18.417746,18.93127,18.857393,21.016445,21.363684,21.390373,22.17451,19.552334,20.187159,0.0,4.0,0.0,0.0,0.0,0.0,4.0,4.0
39017,2023.0,9.0,28.0,22.0,21.002266,21.485165,19.223274,19.133625,21.005186,21.41828,21.040352,21.527496,18.468302,18.410027,19.19043,19.38764,21.016203,21.367477,20.961782,21.348913,20.074133,20.882887,0.0,4.0,4.0,0.0,4.0,0.0,0.0,0.0
39018,2023.0,9.0,28.0,23.0,21.028923,21.56222,19.175777,19.086184,21.031786,21.49198,21.028948,21.52638,18.4611,18.40293,20.130737,20.96087,21.016327,21.370512,21.033987,21.498184,19.923996,20.445324,0.0,0.0,0.0,0.0,0.0,0.0,0.0,4.0
39019,2023.0,9.0,28.0,23.0,20.435383,20.416714,19.14001,19.053392,20.901266,21.204025,20.337708,20.193502,18.456505,18.40102,19.419107,19.468937,20.580553,20.533491,20.34692,20.1797,19.191402,19.074156,0.0,4.0,0.0,0.0,0.0,0.0,0.0,0.0
39020,2023.0,9.0,28.0,23.0,20.195456,20.100796,19.116686,19.03324,20.31738,20.142391,20.041899,19.782274,18.453676,18.400986,19.144686,19.075193,20.42256,20.335821,20.097101,19.882143,18.968575,18.80788,0.0,0.0,0.0,0.0,0.0,0.0,0.0,0.0
39021,2023.0,9.0,28.0,23.0,20.239544,20.295895,19.096685,19.018007,20.686035,20.966581,20.644745,21.048542,18.450897,18.401049,19.389746,19.602482,20.351683,20.270908,20.09481,20.004192,19.638884,20.152905,0.0,4.0,4.0,0.0,4.0,0.0,0.0,4.0
39022,2023.0,9.0,28.0,23.0,20.216415,20.299652,19.078943,19.004631,20.240137,20.098923,20.143545,20.018782,18.448168,18.401133,19.154467,19.122961,20.291882,20.215815,20.044659,19.97323,19.099907,19.000797,0.0,0.0,0.0,0.0,0.0,0.0,0.0,0.0
39023,2023.0,9.0,28.0,23.0,20.167084,20.251245,19.063046,18.992989,19.999077,19.762518,19.89718,19.669949,18.445692,18.40146,19.371132,19.610704,20.2377,20.161623,19.979862,19.913616,18.913206,18.777622,0.0,0.0,0.0,0.0,4.0,0.0,0.0,0.0
39024,2023.0,9.0,29.0,0.0,20.122993,20.208893,19.048662,18.982565,19.904364,19.672565,19.801737,19.580477,18.44367,18.402273,19.450941,19.708956,20.191004,20.116686,19.92037,19.857616,18.85044,18.72396,0.0,0.0,0.0,0.0,4.0,0.0,0.0,0.0
39025,2023.0,9.0,29.0,0.0,20.086357,20.177057,19.488497,19.82319,19.960587,19.8634,19.852386,19.765133,18.441847,18.402996,19.357815,19.504221,20.152882,20.08342,19.869043,19.810537,18.872604,18.825125,4.0,0.0,0.0,0.0,4.0,0.0,0.0,0.0
39026,2023.0,9.0,29.0,0.0,20.052036,20.146013,19.62422,19.980846,19.946056,19.872522,19.836489,19.772354,18.440454,18.404129,19.340677,19.484173,20.1179,20.051897,19.822023,19.766838,19.644585,20.30969,4.0,0.0,0.0,0.0,4.0,0.0,0.0,4.0
39027,2023.0,9.0,29.0,0.0,20.020666,20.117474,19.212284,19.155895,19.909525,19.842115,19.79938,19.741102,19.011257,19.478468,19.346987,19.498055,20.086433,20.023474,20.701105,21.463015,19.067572,19.035498,0.0,0.0,0.0,4.0,4.0,0.0,4.0,0.0
39028,2023.0,9.0,29.0,0.0,19.992281,20.091726,19.04236,18.89772,19.874744,19.812037,19.764221,19.710371,18.677567,18.703768,19.063675,18.972818,20.058178,19.998089,20.004831,19.951145,18.865822,18.770597,0.0,0.0,0.0,0.0,0.0,0.0,0.0,0.0
39029,2023.0,9.0,29.0,0.0,19.966639,20.06854,18.994198,18.852146,19.842617,19.784206,19.731503,19.681824,19.126398,19.605528,18.935038,18.813831,20.032688,19.975334,19.768831,19.639727,19.565147,20.141302,0.0,0.0,0.0,4.0,0.0,0.0,0.0,4.0
39030,2023.0,9.0,29.0,1.0,19.943426,20.047752,19.030794,18.96029,19.813108,19.758873,19.701376,19.65575,18.703276,18.671288,19.272585,19.506163,20.00968,19.955013,19.700134,19.577587,19.046144,19.008814,0.0,0.0,0.0,0.0,4.0,0.0,0.0,0.0
39031,2023.0,9.0,29.0,1.0,19.920177,20.024734,19.041588,18.996132,19.783394,19.73077,19.671257,19.62702,18.560358,18.485603,19.06495,19.048655,19.986908,19.932974,19.644121,19.524263,18.873245,18.787512,0.0,0.0,0.0,0.0,0.0,0.0,0.0,0.0
39032,2023.0,9.0,29.0,1.0,19.898912,20.004522,19.03186,18.990284,19.756369,19.706343,19.643974,19.602129,18.526512,18.45383,18.974783,18.939274,19.966263,19.913784,19.666628,19.617949,19.572002,20.155022,0.0,0.0,0.0,0.0,0.0,0.0,0.0,4.0
39033,2023.0,9.0,29.0,1.0,19.877884,19.983736,19.019264,18.979,19.73005,19.681595,19.617466,19.576958,18.54289,18.514374,18.93771,18.902515,19.946314,19.894632,19.650059,19.607206,19.048666,19.014814,0.0,0.0,0.0,0.0,0.0,0.0,0.0,0.0
39034,2023.0,9.0,29.0,1.0,19.858053,19.96426,19.006832,18.967756,19.705486,19.65868,19.592812,19.553709,19.12433,19.614477,19.202948,19.426077,19.92765,19.876863,19.622618,19.580664,18.87522,18.791204,0.0,0.0,0.0,4.0,4.0,0.0,0.0,0.0
39035,2023.0,9.0,29.0,1.0,19.83925,19.945597,18.994925,18.956795,19.68218,19.636747,19.569366,19.531446,18.746088,18.762623,19.332947,19.612553,19.909899,19.85986,19.596226,19.554832,18.819221,18.736055,0.0,0.0,0.0,0.0,4.0,0.0,0.0,0.0
39036,2023.0,9.0,29.0,2.0,19.821268,19.92731,18.983204,18.945158,19.659021,19.61373,19.546051,19.508074,18.5786,18.507103,19.384657,19.674175,19.892532,19.842682,19.570665,19.529137,18.828716,18.799547,0.0,0.0,0.0,0.0,4.0,0.0,0.0,0.0
39037,2023.0,9.0,29.0,2.0,19.80402,19.90957,18.972197,18.934038,19.638103,19.59394,19.525053,19.488054,18.53255,18.455912,18.99748,18.911753,19.875969,19.826403,19.547125,19.505936,18.808455,18.781408,0.0,0.0,0.0,0.0,0.0,0.0,0.0,0.0
39038,2023.0,9.0,29.0,2.0,19.786873,19.891766,18.960814,18.922005,19.617203,19.573366,19.504044,19.467234,19.184597,19.719294,18.870674,18.75549,19.859575,19.810001,19.52439,19.483273,18.783762,18.756092,0.0,0.0,0.0,4.0,0.0,0.0,0.0,0.0
39039,2023.0,9.0,29.0,2.0,19.769156,19.87216,18.948069,18.907309,19.59499,19.549353,19.481565,19.442854,19.434772,20.02771,18.81043,18.688084,19.842394,19.79163,19.501263,19.458813,18.75927,18.729746,0.0,0.0,0.0,4.0,0.0,0.0,0.0,0.0
39040,2023.0,9.0,29.0,2.0,19.754467,19.857464,18.937746,18.897419,19.576887,19.532757,19.463133,19.425926,18.837397,18.810526,18.836563,18.784426,19.827398,19.777279,19.481186,19.43952,19.471342,20.089262,0.0,0.0,0.0,0.0,0.0,0.0,0.0,4.0
39041,2023.0,9.0,29.0,2.0,19.739367,19.84128,18.926313,18.885214,19.557688,19.513205,19.443624,19.405996,19.249516,19.68541,18.833803,18.79517,19.8117,19.761202,19.460745,19.41866,18.992237,19.021542,0.0,0.0,0.0,4.0,0.0,0.0,0.0,0.0
39042,2023.0,9.0,29.0,3.0,19.72465,19.825321,19.370983,19.729221,19.53914,19.494246,19.424927,19.386755,18.807993,18.745409,18.811602,18.772928,19.796282,19.745392,19.441038,19.398521,18.772894,18.681578,4.0,0.0,0.0,0.0,0.0,0.0,0.0,0.0
39043,2023.0,9.0,29.0,3.0,19.70959,19.808315,19.098345,19.11521,19.52031,19.474087,19.405954,19.36638,18.646841,18.53734,18.788364,18.74809,19.78028,19.728104,19.421278,19.377598,18.704456,18.603949,0.0,0.0,0.0,0.0,0.0,0.0,0.0,0.0
39044,2023.0,9.0,29.0,3.0,19.694971,19.792223,18.98466,18.9458,19.502419,19.455435,19.387825,19.347483,19.195389,19.617924,18.767015,18.725853,19.764801,19.711752,19.402464,19.35813,18.724127,18.685526,0.0,0.0,0.0,4.0,0.0,0.0,0.0,0.0
39045,2023.0,9.0,29.0,3.0,19.679956,19.775215,18.949705,18.902824,19.484283,19.435879,19.369337,19.327602,18.76744,18.691854,18.746,18.703262,19.749002,19.694626,19.383621,19.338121,18.713337,18.679243,0.0,0.0,0.0,0.0,0.0,0.0,0.0,0.0
39046,2023.0,9.0,29.0,3.0,19.664839,19.757675,18.925035,18.874302,19.465397,19.414427,19.350039,19.305752,18.608921,18.484035,18.724743,18.679417,19.732822,19.67657,19.364672,19.317436,18.69158,18.655651,0.0,0.0,0.0,0.0,0.0,0.0,0.0,0.0
39047,2023.0,9.0,29.0,3.0,19.663017,19.766594,18.9087,18.858421,19.449713,19.399017,19.33401,19.29005,19.26037,19.767918,19.000603,19.210342,19.718407,19.661934,19.34782,19.30052,19.40536,20.016397,0.0,0.0,0.0,4.0,4.0,0.0,0.0,4.0
39048,2023.0,9.0,29.0,4.0,19.656784,19.762953,18.892113,18.840143,19.432804,19.380775,19.316917,19.271563,18.795235,18.736729,18.820715,18.81016,19.703201,19.645561,19.330427,19.282104,18.852276,18.799358,0.0,0.0,0.0,0.0,0.0,0.0,0.0,0.0
39049,2023.0,9.0,29.0,4.0,19.643984,19.747297,18.874939,18.819235,19.414268,19.358929,19.298477,19.249676,18.595425,18.45765,18.727282,18.677189,19.686707,19.626463,19.3121,19.26145,18.660389,18.534678,0.0,0.0,0.0,0.0,0.0,0.0,0.0,0.0
39050,2023.0,9.0,29.0,4.0,19.631983,19.7337,18.861717,18.805592,19.398968,19.343376,19.283262,19.234127,18.62213,18.5663,18.99613,19.200909,19.67211,19.611155,19.295828,19.244682,19.363787,19.906462,0.0,0.0,0.0,0.0,4.0,0.0,0.0,4.0
39051,2023.0,9.0,29.0,4.0,19.618498,19.717714,18.847216,18.788857,19.382153,19.324568,19.266577,19.215363,18.613121,18.568756,18.806696,18.786854,19.656473,19.593702,19.278746,19.22604,18.840733,18.76304,0.0,0.0,0.0,0.0,0.0,0.0,0.0,0.0
39052,2023.0,9.0,29.0,4.0,19.604239,19.700363,18.831806,18.76981,19.364172,19.303226,19.248907,19.1942,18.587767,18.54232,18.713734,18.657833,19.640062,19.57466,19.261139,19.206137,18.659138,18.519829,0.0,0.0,0.0,0.0,0.0,0.0,0.0,0.0
39053,2023.0,9.0,29.0,4.0,19.591524,19.686106,18.819677,18.75711,19.349373,19.288105,19.234318,19.179195,19.187664,19.693445,18.68705,18.631624,19.625597,19.559486,19.2455,19.189983,19.46887,20.1082,0.0,0.0,0.0,4.0,0.0,0.0,0.0,4.0
39054,2023.0,9.0,29.0,5.0,19.577806,19.669819,19.246143,19.565332,19.332973,19.269625,19.218115,19.16085,18.80192,18.820786,18.953653,19.150131,19.610012,19.542038,19.22895,19.171835,18.886053,18.817142,4.0,0.0,0.0,0.0,4.0,0.0,0.0,0.0
39055,2023.0,9.0,29.0,5.0,19.564367,19.653793,18.999641,19.005013,19.31655,19.250948,19.20203,19.142384,19.15976,19.558071,18.759783,18.725908,19.594402,19.524536,19.212452,19.153671,18.670977,18.522362,0.0,0.0,0.0,4.0,0.0,0.0,0.0,0.0
39056,2023.0,9.0,29.0,5.0,19.55147,19.63868,18.872574,18.808945,19.300682,19.233261,19.186474,19.124907,18.697672,18.584953,18.675375,18.614271,19.579147,19.50775,19.196367,19.136274,18.605759,18.454151,0.0,0.0,0.0,0.0,0.0,0.0,0.0,0.0
39057,2023.0,9.0,29.0,5.0,19.537827,19.62203,18.833357,18.758045,19.28331,19.212488,19.169243,19.104273,18.519444,18.348757,18.643852,18.57827,19.562712,19.488747,19.179321,19.11697,18.653975,18.599777,0.0,0.0,0.0,0.0,0.0,0.0,0.0,0.0
39058,2023.0,9.0,29.0,5.0,19.524773,19.60676,18.809734,18.732357,19.267374,19.19453,19.153263,19.086313,18.572212,18.51195,18.617432,18.550003,19.546923,19.471237,19.16297,19.099129,18.641031,18.588331,0.0,0.0,0.0,0.0,0.0,0.0,0.0,0.0
39059,2023.0,9.0,29.0,5.0,19.51187,19.592094,18.792067,18.714697,19.253004,19.179615,19.138767,19.071342,18.557472,18.50018,18.595116,18.527636,20.246368,20.807129,19.147406,19.082954,18.618137,18.563917,0.0,0.0,0.0,0.0,0.0,4.0,0.0,0.0
39060,2023.0,9.0,29.0,6.0,19.498041,19.575785,18.77375,18.694086,19.237286,19.161774,19.122808,19.053368,18.533838,18.47733,18.864334,19.048555,19.638834,19.498459,19.13083,19.064856,19.325014,19.913633,0.0,0.0,0.0,0.0,4.0,0.0,0.0,4.0
39061,2023.0,9.0,29.0,6.0,21.21771,22.602125,18.756792,18.674856,21.225447,22.71047,21.23898,22.83002,19.10001,19.561716,20.149876,21.243614,21.21896,22.339272,21.320148,22.840519,20.245024,21.434853,0.0,0.0,0.0,4.0,4.0,0.0,0.0,0.0
39062,2023.0,9.0,29.0,6.0,20.999243,22.00274,18.73931,18.654184,21.001713,22.045626,21.001963,22.123253,20.124378,21.199911,19.99371,20.778416,21.016266,21.848091,20.96707,21.991362,19.794374,20.327274,0.0,0.0,0.0,0.0,4.0,0.0,4.0,4.0
39063,2023.0,9.0,29.0,6.0,21.028046,21.95499,18.72373,18.635483,21.032045,21.970823,21.034306,22.04309,19.088501,19.020597,20.022854,20.717014,20.996508,21.703297,21.04993,22.045462,20.039654,20.777256,0.0,0.0,0.0,0.0,4.0,4.0,0.0,4.0
39064,2023.0,9.0,29.0,6.0,21.023542,21.874311,19.169365,19.481571,21.026878,21.869606,21.028662,21.93449,19.24232,19.61531,20.01768,20.624376,21.03791,21.733036,20.993612,21.803833,20.03007,20.710546,4.0,0.0,0.0,4.0,4.0,0.0,4.0,0.0
39065,2023.0,9.0,29.0,6.0,20.996292,21.748962,20.098606,20.981987,21.001572,21.735214,21.029135,21.866865,20.119482,21.043102,20.018055,20.565622,21.000149,21.580006,21.00345,21.757938,19.212679,19.073385,4.0,4.0,0.0,0.0,4.0,4.0,4.0,0.0
39066,2023.0,9.0,29.0,7.0,21.028967,21.803505,20.021402,20.703875,21.00626,21.70415,21.002628,21.744068,19.69544,20.052547,20.032602,20.56225,21.036055,21.633768,21.042746,21.818188,19.641926,20.156143,0.0,4.0,4.0,4.0,0.0,0.0,0.0,4.0
39067,2023.0,9.0,29.0,7.0,21.031849,21.761374,19.24162,19.109003,21.040863,21.745344,21.007582,21.722906,20.091942,20.84858,19.304928,19.126595,21.029636,21.58482,21.033987,21.755667,20.058338,20.744144,0.0,0.0,4.0,0.0,0.0,0.0,0.0,0.0
39068,2023.0,9.0,29.0,7.0,21.002638,21.647457,18.81934,18.548166,21.033716,21.689722,21.04232,21.770403,19.828075,20.215954,19.418377,19.623695,21.029818,21.55617,21.034023,21.718246,19.233368,19.081923,0.0,0.0,0.0,4.0,4.0,0.0,0.0,0.0
39069,2023.0,9.0,29.0,7.0,21.00824,21.637442,19.264267,19.496218,21.007313,21.583582,21.034817,21.718466,20.04027,20.634502,20.087515,20.749208,21.020761,21.53215,21.033415,21.686985,18.851673,18.632856,4.0,4.0,0.0,4.0,0.0,0.0,0.0,0.0
39070,2023.0,9.0,29.0,7.0,21.007383,21.620993,20.082537,20.812695,21.012875,21.574764,21.03562,21.689545,20.00073,20.51788,19.787325,20.08031,21.021715,21.526806,21.025232,21.662668,19.810741,20.569529,4.0,4.0,0.0,4.0,4.0,0.0,0.0,4.0
39071,2023.0,9.0,29.0,7.0,21.036133,21.685411,20.002077,20.552757,21.038929,21.631824,21.024477,21.662338,20.036411,20.582438,20.085045,20.66861,21.020876,21.51769,21.237133,22.020393,19.980133,20.56674,4.0,0.0,0.0,0.0,0.0,0.0,4.0,4.0
39072,2023.0,9.0,29.0,8.0,21.02875,21.65378,20.033178,20.561848,21.00631,21.52819,21.026127,21.657995,19.26836,19.07261,19.614027,19.678864,21.02125,21.510574,21.005312,21.57134,20.036987,20.646221,0.0,4.0,0.0,0.0,4.0,0.0,0.0,0.0
39073,2023.0,9.0,29.0,8.0,20.29864,20.235733,19.666952,19.782898,20.723347,20.97611,20.352959,20.356064,19.57438,19.921705,20.109343,20.63655,20.446732,20.39574,20.174587,19.97114,20.039768,20.55462,4.0,4.0,0.0,4.0,4.0,0.0,0.0,4.0
39074,2023.0,9.0,29.0,8.0,20.585941,21.020502,20.092752,20.643396,20.600096,20.843996,19.967972,19.869255,20.071795,20.696535,20.004606,20.419638,20.94623,21.535273,19.77732,19.518646,20.069849,20.586067,0.0,4.0,0.0,0.0,4.0,4.0,0.0,4.0
39075,2023.0,9.0,29.0,8.0,20.118284,20.049194,19.729954,19.860365,20.565165,20.816664,19.823515,19.71421,19.29147,19.128963,20.031624,20.45756,20.913034,21.287329,20.588541,21.183832,20.023256,20.507614,4.0,4.0,0.0,0.0,0.0,4.0,4.0,0.0
39076,2023.0,9.0,29.0,8.0,20.472832,20.91033,20.082748,20.592043,20.001406,19.793251,19.725834,19.616028,19.593859,19.962116,19.37538,19.16991,20.19833,19.972582,20.862814,21.451706,19.338984,19.169872,0.0,0.0,0.0,4.0,0.0,0.0,4.0,0.0
39077,2023.0,9.0,29.0,8.0,20.610758,21.048862,19.752588,19.882751,20.298704,20.543608,20.315973,20.797174,20.067146,20.683123,19.53698,19.733372,20.637125,21.016993,20.919977,21.51069,19.015574,18.799227,4.0,4.0,4.0,0.0,4.0,4.0,4.0,0.0
39078,2023.0,9.0,29.0,9.0,20.625587,21.066467,20.075579,20.556309,20.434048,20.710207,20.517527,21.01441,19.307407,19.148859,20.066467,20.59928,20.814812,21.19942,20.969273,21.5616,19.76361,20.307693,0.0,4.0,4.0,0.0,0.0,4.0,4.0,4.0
39079,2023.0,9.0,29.0,9.0,20.6441,21.091963,19.436405,19.285385,20.447266,20.731226,19.820143,19.65845,18.955072,18.734438,19.545332,19.536932,20.180492,19.975538,20.139074,19.967056,20.036346,20.605349,0.0,4.0,0.0,0.0,0.0,0.0,0.0,0.0
39080,2023.0,9.0,29.0,9.0,20.659878,21.113743,19.220585,19.106035,20.457056,20.748537,20.086962,20.371943,18.970964,18.866697,19.258984,19.166695,19.903847,19.64299,19.766523,19.533827,19.338371,19.200727,0.0,4.0,4.0,0.0,0.0,0.0,0.0,0.0
39081,2023.0,9.0,29.0,9.0,20.673418,21.13319,19.607965,19.878796,20.465618,20.76439,19.65766,19.508657,18.970629,18.884037,19.54001,19.746378,19.833633,19.573235,20.61749,21.22979,19.102184,18.896568,4.0,4.0,0.0,0.0,4.0,0.0,4.0,0.0
39082,2023.0,9.0,29.0,9.0,20.121195,20.098883,20.057673,20.643614,20.473692,20.779816,19.43563,19.188665,18.946598,18.862617,20.06877,20.64149,19.790762,19.537254,19.97353,19.844519,20.01216,20.705732,0.0,4.0,0.0,0.0,0.0,0.0,0.0,4.0
39083,2023.0,9.0,29.0,9.0,20.500563,20.994492,19.54182,19.58148,20.482552,20.795937,19.340412,19.098354,18.919939,18.8376,19.410238,19.277447,19.879057,19.759237,20.596224,21.240034,19.994467,20.447763,0.0,4.0,0.0,0.0,0.0,0.0,4.0,0.0
39084,2023.0,9.0,29.0,10.0,20.651619,21.146957,19.690228,20.018538,20.493092,20.814081,19.399864,19.287724,18.89679,18.814802,19.421757,19.500292,19.908257,19.808516,20.893244,21.537863,20.206215,20.784225,4.0,4.0,0.0,0.0,4.0,0.0,4.0,4.0
39085,2023.0,9.0,29.0,10.0,20.09775,20.09454,20.042578,20.579151,19.963276,19.825823,19.407642,19.324896,18.885048,18.805344,20.085537,20.659157,19.902224,19.806854,20.0984,19.974903,19.997837,20.389875,4.0,0.0,0.0,0.0,0.0,0.0,0.0,0.0
39086,2023.0,9.0,29.0,10.0,20.50005,21.02909,20.00352,20.446777,20.293987,20.618565,19.389046,19.315508,18.873373,18.79617,19.459188,19.352562,19.892536,19.800312,19.754126,19.560896,19.468325,19.358166,4.0,4.0,0.0,0.0,0.0,0.0,0.0,0.0
39087,2023.0,9.0,29.0,10.0,20.069118,20.081417,20.02652,20.474619,20.456602,20.812765,19.365015,19.297459,18.865047,18.789936,19.243269,19.14586,19.88478,19.79507,19.657576,19.465076,19.203423,19.035025,0.0,4.0,0.0,0.0,0.0,0.0,0.0,0.0
39088,2023.0,9.0,29.0,10.0,20.47944,21.028591,19.477299,19.393368,19.937592,19.828533,20.02211,20.559458,18.859737,18.786524,19.217724,19.124222,19.8797,19.792276,19.606853,19.423134,19.116835,18.951502,0.0,0.0,4.0,0.0,0.0,0.0,0.0,0.0
39089,2023.0,9.0,29.0,10.0,20.586903,21.129866,19.61975,19.76504,20.35013,20.711472,19.623726,19.670477,18.858896,18.787151,19.565187,19.793049,19.878313,19.792797,19.66098,19.569191,19.149939,19.06414,4.0,4.0,0.0,0.0,4.0,0.0,0.0,0.0
39090,2023.0,9.0,29.0,11.0,20.632637,21.180874,20.05683,20.528156,20.46098,20.851707,19.336472,19.190603,18.860657,18.790363,20.071733,20.629108,19.878958,19.795229,19.666008,19.58669,19.145353,19.070913,4.0,4.0,0.0,0.0,0.0,0.0,0.0,0.0
39091,2023.0,9.0,29.0,11.0,20.11067,20.174355,20.018284,20.442825,19.956556,19.891422,19.8754,20.275866,18.863134,18.792467,19.6245,19.677074,20.635027,21.229233,20.644985,21.450586,19.12439,19.051868,0.0,0.0,4.0,0.0,0.0,4.0,4.0,0.0
39092,2023.0,9.0,29.0,11.0,20.511766,21.09399,19.531754,19.489315,19.67714,19.526402,19.552933,19.511227,18.866358,18.795116,19.361084,19.289902,20.177063,20.116898,20.070333,20.034492,19.1043,19.031982,0.0,0.0,0.0,0.0,0.0,0.0,0.0,0.0
39093,2023.0,9.0,29.0,11.0,20.629288,21.211634,19.80823,20.118229,20.221382,20.607145,19.980757,20.397202,18.87087,18.799006,19.660904,19.879946,19.965864,19.788986,20.74723,21.428377,19.09155,19.01905,4.0,4.0,4.0,0.0,4.0,0.0,4.0,0.0
39094,2023.0,9.0,29.0,11.0,20.669886,21.250807,20.009666,20.441906,19.8403,19.800919,20.120213,20.563059,18.876448,18.804195,20.043,20.511503,19.921148,19.741016,20.983532,21.708462,19.968317,20.68602,4.0,0.0,4.0,0.0,0.0,0.0,4.0,4.0
39095,2023.0,9.0,29.0,11.0,20.714308,21.299004,20.003344,20.399834,20.224852,20.662899,20.169685,20.612978,18.883072,18.810741,19.647345,19.67312,19.974142,19.87525,21.093197,21.81793,19.996386,20.502327,4.0,4.0,4.0,0.0,0.0,0.0,4.0,0.0
39096,2023.0,9.0,29.0,12.0,20.749607,21.336945,20.004076,20.384783,19.849241,19.814585,19.668993,19.640139,18.88989,18.81766,19.426977,19.350513,19.990858,19.900816,20.317339,20.28314,19.48333,19.457241,4.0,0.0,0.0,0.0,0.0,0.0,0.0,0.0
39097,2023.0,9.0,29.0,12.0,21.034227,21.812098,20.003708,20.373829,21.173588,22.30024,21.197412,22.49708,18.896637,18.824818,19.360891,19.270031,21.139072,21.899195,21.270285,22.157314,19.226799,19.11239,4.0,0.0,0.0,0.0,0.0,4.0,0.0,0.0
39098,2023.0,9.0,29.0,12.0,20.998304,21.700243,20.003418,20.3665,21.00891,21.83126,21.009882,21.961819,19.664822,20.274004,19.336668,19.244184,21.011702,21.601246,21.00974,21.608858,19.196236,19.121286,4.0,0.0,0.0,4.0,0.0,0.0,0.0,0.0
39099,2023.0,9.0,29.0,12.0,21.029844,21.754688,20.003119,20.361164,20.999771,21.718153,21.034777,21.912464,20.033728,20.708065,19.321716,19.230072,21.07747,21.623882,21.02443,21.594856,20.11829,20.884548,4.0,4.0,0.0,0.0,0.0,4.0,0.0,4.0
39100,2023.0,9.0,29.0,12.0,20.99497,21.637306,20.002693,20.356953,21.033628,21.752638,20.999556,21.76662,19.41941,19.41952,19.310484,19.220222,21.014069,21.48101,21.021967,21.558676,19.970009,20.382689,4.0,0.0,4.0,0.0,0.0,0.0,0.0,0.0
39101,2023.0,9.0,29.0,12.0,21.02911,21.710333,20.002552,20.354301,21.026154,21.69746,21.010685,21.746069,19.130339,19.031063,19.301668,19.213362,21.019001,21.453545,21.017805,21.535406,19.47209,19.387882,4.0,0.0,4.0,0.0,0.0,0.0,0.0,0.0
39102,2023.0,9.0,29.0,13.0,21.001032,21.60662,20.034409,20.435333,21.05481,21.719812,21.020344,21.733746,19.09743,19.027893,19.294165,19.208109,21.039413,21.461199,21.038017,21.561972,19.284786,19.17895,0.0,0.0,4.0,0.0,0.0,0.0,0.0,0.0
39103,2023.0,9.0,29.0,13.0,21.001118,21.610973,19.964455,20.260704,21.00143,21.565826,21.061062,21.81908,19.083862,19.016642,19.287647,19.204277,21.030993,21.424807,21.037516,21.546244,19.270685,19.20229,4.0,4.0,0.0,0.0,0.0,0.0,0.0,0.0
39104,2023.0,9.0,29.0,13.0,21.027357,21.68037,20.026125,20.410746,21.032034,21.651405,20.998432,21.648916,19.068829,19.004381,19.281626,19.201323,21.368769,22.037746,21.0156,21.501446,20.18057,20.951189,0.0,0.0,4.0,0.0,0.0,4.0,0.0,4.0
39105,2023.0,9.0,29.0,13.0,21.020935,21.65828,19.98242,20.296803,21.02385,21.621956,21.035147,21.730318,19.054499,18.992113,19.275585,19.198267,20.960196,21.238132,21.017748,21.501657,19.95203,20.31577,4.0,0.0,0.0,0.0,0.0,0.0,0.0,0.0
39106,2023.0,9.0,29.0,13.0,21.021658,21.64983,20.005209,20.351646,21.02471,21.61182,21.026714,21.699371,19.04244,18.982607,19.269875,19.195713,21.021118,21.355347,21.017801,21.498623,19.514015,19.447577,4.0,0.0,0.0,0.0,0.0,0.0,0.0,0.0
39107,2023.0,9.0,29.0,13.0,21.042896,21.682415,20.001278,20.343689,21.0421,21.642593,21.011477,21.62687,19.031496,18.974154,19.26426,19.19329,21.033218,21.37378,21.03822,21.535885,19.341402,19.260319,4.0,0.0,4.0,0.0,0.0,0.0,0.0,0.0
39108,2023.0,9.0,29.0,14.0,21.035671,21.662598,20.001106,20.345306,21.039669,21.60002,21.054247,21.74224,19.022049,18.967539,19.25898,19.191393,21.026741,21.359777,21.034853,21.521328,19.311995,19.254381,4.0,4.0,0.0,0.0,0.0,0.0,0.0,0.0
39109,2023.0,9.0,29.0,14.0,20.553322,20.735586,20.019075,20.396685,20.420525,20.439175,20.893782,21.379833,19.01276,18.960598,19.635046,19.908264,20.639812,20.613155,21.511736,22.3994,19.282545,19.228998,0.0,0.0,4.0,0.0,4.0,0.0,4.0,0.0
39110,2023.0,9.0,29.0,14.0,20.301756,20.434233,20.005232,20.342266,20.092571,20.031061,20.272343,20.277468,19.002563,18.952284,20.042934,20.534702,20.46361,20.394743,21.543123,22.293015,19.252592,19.201015,4.0,0.0,0.0,0.0,0.0,0.0,4.0,0.0
39111,2023.0,9.0,29.0,14.0,20.201584,20.330961,20.000679,20.338657,19.972889,19.909187,19.980183,19.93497,18.992289,18.944065,19.667324,19.74315,20.399778,20.331589,20.715918,20.729948,19.225433,19.176392,4.0,0.0,0.0,0.0,0.0,0.0,0.0,0.0
39112,2023.0,9.0,29.0,14.0,20.129658,20.2608,20.018417,20.390192,19.92533,19.898252,20.483734,20.98413,18.981497,18.935099,19.425035,19.378937,20.349524,20.282604,20.323414,20.231247,19.199661,19.152575,0.0,0.0,4.0,0.0,0.0,0.0,0.0,0.0
39113,2023.0,9.0,29.0,14.0,20.73612,21.453098,20.018576,20.363482,19.874292,19.854849,20.636627,21.139912,19.680052,20.264368,19.357286,19.303358,20.30728,20.243044,20.18524,20.089516,19.176197,19.131403,4.0,0.0,4.0,4.0,0.0,0.0,0.0,0.0
39114,2023.0,9.0,29.0,15.0,20.901798,21.64083,20.015741,20.375637,19.829063,19.81142,20.653748,21.156818,20.044907,20.792372,19.706196,19.982052,21.02641,21.63957,20.112246,20.020306,20.034395,20.771992,0.0,0.0,4.0,0.0,4.0,4.0,0.0,4.0
39115,2023.0,9.0,29.0,15.0,20.884184,21.539576,20.028051,20.374851,20.447664,21.01948,20.668581,21.17293,19.434929,19.500603,20.016594,20.432873,20.573915,20.583023,20.068323,20.00716,19.986835,20.468882,4.0,4.0,4.0,0.0,4.0,0.0,0.0,0.0
39116,2023.0,9.0,29.0,15.0,20.904257,21.55454,20.0318,20.379799,20.100592,20.188223,20.134968,20.168188,19.15557,19.128603,20.014435,20.402296,20.300175,20.214369,20.018524,19.963072,19.534124,19.56066,4.0,0.0,0.0,0.0,0.0,0.0,0.0,0.0
39117,2023.0,9.0,29.0,15.0,20.943548,21.6019,20.013311,20.365366,20.442478,20.974545,20.496342,21.023973,19.084658,19.048864,19.654018,19.678814,20.224247,20.13357,19.96639,19.91377,19.314423,19.27916,0.0,4.0,4.0,0.0,0.0,0.0,0.0,0.0
39118,2023.0,9.0,29.0,15.0,20.393673,20.546474,19.67228,19.710115,20.585192,21.100622,20.07266,20.107674,19.0489,19.013878,19.798578,20.054644,20.213085,20.156666,19.919147,19.869541,19.246769,19.21183,0.0,4.0,0.0,0.0,4.0,0.0,0.0,0.0
39119,2023.0,9.0,29.0,15.0,20.203241,20.308323,19.977541,20.36269,20.066402,20.10039,20.507448,21.033163,19.025276,18.99203,20.03477,20.45834,20.193443,20.143143,19.88161,19.834827,19.20987,19.175858,4.0,0.0,4.0,0.0,0.0,0.0,0.0,0.0
39120,2023.0,9.0,29.0,16.0,20.108461,20.215425,20.00297,20.357222,19.818005,19.789589,20.634962,21.148836,18.999535,18.968689,19.641554,19.66115,20.165293,20.118073,19.841356,19.797552,19.173933,19.142195,0.0,0.0,4.0,0.0,0.0,0.0,0.0,0.0
39121,2023.0,9.0,29.0,16.0,20.70067,21.388552,20.070633,20.464485,20.357805,20.867483,20.645248,21.154718,18.974043,18.945257,19.458235,19.433374,20.890762,21.523945,19.802715,19.761736,19.141302,19.111712,4.0,4.0,4.0,0.0,0.0,4.0,0.0,0.0
39122,2023.0,9.0,29.0,16.0,20.242832,20.411118,20.04869,20.40008,20.496338,21.015867,20.65467,21.160524,18.951258,18.923395,19.393463,19.35757,21.036144,21.64957,19.768385,19.728746,19.113697,19.085062,4.0,4.0,4.0,0.0,0.0,4.0,0.0,0.0
39123,2023.0,9.0,29.0,16.0,20.061161,20.16507,20.012383,20.355669,20.535055,21.044981,20.130322,20.174032,18.92903,18.902712,19.350477,19.314096,20.433144,20.454937,19.735899,19.698484,19.96757,20.723524,0.0,4.0,0.0,0.0,0.0,0.0,0.0,4.0
39124,2023.0,9.0,29.0,16.0,19.97928,20.076448,20.03126,20.369999,20.57516,21.08116,19.830053,19.782873,18.903566,18.878025,19.305103,19.269161,20.15714,20.074968,19.700378,19.663656,19.989067,20.543646,4.0,4.0,0.0,0.0,0.0,0.0,0.0,0.0
39125,2023.0,9.0,29.0,16.0,20.666868,21.425333,20.031792,20.367369,20.602942,21.102596,19.735895,19.689672,18.879934,18.85714,19.266481,19.234573,20.808817,21.37085,19.66881,19.635471,19.474247,19.506937,4.0,4.0,0.0,0.0,0.0,4.0,0.0,0.0
39126,2023.0,9.0,29.0,17.0,20.186045,20.369238,20.01374,20.35339,20.094278,20.135279,20.290915,20.778605,18.857744,18.836597,19.603384,19.900162,20.332302,20.352428,20.633938,21.487417,19.283712,19.248121,0.0,0.0,4.0,0.0,4.0,0.0,4.0,0.0
39127,2023.0,9.0,29.0,17.0,20.54333,21.199224,20.021439,20.344532,20.43988,20.943369,19.925016,19.93654,18.831383,18.810589,20.054682,20.619844,20.067541,19.9892,20.933086,21.724697,19.189014,19.1454,4.0,4.0,0.0,0.0,0.0,0.0,4.0,0.0
39128,2023.0,9.0,29.0,17.0,20.71594,21.35753,20.0156,20.35281,20.03371,20.0531,20.29512,20.787642,18.805643,18.785664,19.590012,19.66252,19.995855,19.909128,20.13617,20.151308,19.13791,19.110449,0.0,0.0,4.0,0.0,0.0,0.0,0.0,0.0
39129,2023.0,9.0,29.0,17.0,20.755178,21.381195,19.635633,19.61944,19.747679,19.673847,20.448866,20.931309,18.779675,18.759893,19.32047,19.29903,19.993935,19.952427,19.78199,19.708061,19.088907,19.062748,0.0,0.0,4.0,0.0,0.0,0.0,0.0,0.0
39130,2023.0,9.0,29.0,17.0,20.20974,20.332417,19.524206,19.499252,19.667318,19.581656,19.933184,19.94343,18.75736,18.739082,19.248476,19.221003,19.97361,19.937935,20.640768,21.405865,19.049227,19.0254,0.0,0.0,0.0,0.0,0.0,0.0,4.0,0.0
39131,2023.0,9.0,29.0,17.0,19.994745,20.039106,19.462444,19.436876,20.319109,20.858326,20.320686,20.771864,18.732975,18.716,19.19408,19.166298,19.943443,19.909775,19.985178,19.996151,19.009504,18.98735,0.0,4.0,4.0,0.0,0.0,0.0,0.0,0.0
39132,2023.0,9.0,29.0,18.0,19.897919,19.926308,19.401758,19.367699,20.390272,20.845055,20.419125,20.87659,18.705524,18.688013,19.139944,19.109257,19.910238,19.875929,19.717066,19.61951,18.969166,18.94625,0.0,4.0,4.0,0.0,0.0,0.0,0.0,0.0
39133,2023.0,9.0,29.0,18.0,21.148779,22.199635,19.774609,20.10405,21.087015,22.033525,21.110788,22.09161,18.677584,18.65972,19.093748,19.065403,21.160267,22.097473,21.21228,22.287941,18.931902,18.909348,4.0,4.0,0.0,0.0,0.0,0.0,0.0,0.0
39134,2023.0,9.0,29.0,18.0,21.003004,21.8118,20.027164,20.481497,20.999292,21.761784,21.020485,21.818808,18.643711,18.62293,19.420849,19.728415,21.001692,21.700878,21.010517,21.827078,19.835573,20.658854,0.0,4.0,0.0,0.0,4.0,4.0,0.0,4.0
39135,2023.0,9.0,29.0,18.0,21.022427,21.79121,19.607897,19.635614,21.036423,21.789318,21.031948,21.77687,18.607542,18.579433,20.084541,20.815943,21.003323,21.628763,21.027,21.797049,20.015896,20.723497,0.0,0.0,0.0,0.0,0.0,4.0,0.0,0.0
39136,2023.0,9.0,29.0,18.0,21.020447,21.7475,19.37804,19.335846,21.003433,21.649714,20.997707,21.655605,19.268507,19.849524,19.464308,19.525064,21.000929,21.573679,21.024881,21.749016,19.27195,19.210066,0.0,4.0,4.0,4.0,0.0,4.0,0.0,0.0
39137,2023.0,9.0,29.0,18.0,21.035706,21.716421,19.28875,19.225504,21.035982,21.698929,21.011652,21.650372,20.104565,21.12942,19.129595,19.085642,21.03209,21.618269,21.02481,21.717941,18.934624,18.808104,0.0,0.0,4.0,0.0,0.0,0.0,0.0,0.0
39138,2023.0,9.0,29.0,19.0,21.001137,21.628147,19.229763,19.158873,21.003904,21.582188,21.010603,21.625967,19.1335,19.09957,19.026562,18.972166,21.02671,21.571339,21.224648,22.037376,19.853016,20.646692,0.0,4.0,4.0,0.0,0.0,0.0,4.0,4.0
39139,2023.0,9.0,29.0,19.0,21.005072,21.618681,19.62799,19.945242,21.00986,21.57336,21.010721,21.608637,19.35123,19.79596,18.948128,18.88587,21.026892,21.543211,21.11629,21.73767,20.012335,20.67128,4.0,4.0,4.0,4.0,0.0,0.0,4.0,0.0
39140,2023.0,9.0,29.0,19.0,21.0329,21.680328,20.052845,20.611063,21.035576,21.629156,21.037008,21.66644,20.073404,20.907633,18.880894,18.813198,20.996328,21.44182,21.082722,21.699915,19.244516,19.126598,0.0,0.0,0.0,4.0,0.0,4.0,4.0,0.0
39141,2023.0,9.0,29.0,19.0,20.998625,21.573174,19.394241,19.261694,21.00401,21.526382,21.00555,21.564732,19.997816,20.671455,18.820099,18.748558,21.032875,21.52585,21.028429,21.63495,18.896154,18.723398,0.0,4.0,4.0,4.0,0.0,0.0,0.0,0.0
39142,2023.0,9.0,29.0,19.0,21.005514,21.575562,19.426767,19.511599,21.036564,21.599926,21.01188,21.566702,20.007122,20.630808,18.764063,18.687916,21.027195,21.500021,21.03239,21.634384,19.699465,20.34416,4.0,0.0,4.0,4.0,0.0,0.0,0.0,4.0
39143,2023.0,9.0,29.0,19.0,21.033302,21.642687,20.078815,20.615324,21.003971,21.499628,21.011398,21.557562,20.036901,20.670774,18.708918,18.626091,21.027681,21.488178,21.031668,21.621681,20.008604,20.642878,4.0,4.0,4.0,0.0,0.0,0.0,0.0,4.0
39144,2023.0,9.0,29.0,20.0,21.026964,21.615252,20.018526,20.45185,21.037786,21.578737,21.01167,21.550354,19.825851,20.186882,19.032461,19.274542,21.019468,21.478119,21.03198,21.611801,19.995642,20.556242,0.0,0.0,4.0,4.0,4.0,0.0,0.0,4.0
39145,2023.0,9.0,29.0,20.0,21.027302,21.602596,19.732872,19.83638,21.030693,21.55285,21.038033,21.615555,20.034418,20.601677,20.134916,21.085566,21.175154,21.754143,21.032095,21.603222,19.998615,20.5207,4.0,0.0,0.0,4.0,4.0,4.0,0.0,4.0
39146,2023.0,9.0,29.0,20.0,21.027689,21.59119,20.066391,20.492863,21.031057,21.54176,21.004774,21.515783,20.0012,20.512882,20.002228,20.696156,20.97858,21.355608,21.023571,21.595907,20.02053,20.531666,4.0,0.0,4.0,4.0,4.0,4.0,0.0,4.0
39147,2023.0,9.0,29.0,20.0,21.038168,21.618456,20.02236,20.36195,21.008322,21.476803,21.066288,21.656696,20.063633,20.647968,20.07478,20.754326,21.004858,21.414,21.050419,21.654041,20.059725,20.618717,4.0,4.0,0.0,0.0,0.0,4.0,0.0,0.0
39148,2023.0,9.0,29.0,20.0,21.131409,21.768894,20.00917,20.32725,21.010805,21.481337,21.027588,21.558687,19.886942,20.232643,19.218975,19.028494,21.033304,21.48588,21.0216,21.597689,20.077482,20.572895,4.0,4.0,0.0,4.0,0.0,0.0,0.0,4.0
39149,2023.0,9.0,29.0,20.0,20.979912,21.465702,20.02903,20.36673,21.037502,21.55102,21.005802,21.485754,20.067194,20.628895,18.754557,18.464466,20.995882,21.382885,21.025137,21.607618,20.023306,20.498016,0.0,0.0,4.0,0.0,0.0,4.0,0.0,0.0
39150,2023.0,9.0,29.0,21.0,21.037643,21.602684,19.42753,19.197208,21.03091,21.527637,21.03885,21.570377,19.268906,19.062841,18.783075,18.663069,21.03488,21.478922,21.02516,21.6088,19.295189,19.08584,0.0,0.0,0.0,0.0,0.0,0.0,0.0,0.0
39151,2023.0,9.0,29.0,21.0,20.99752,21.496021,19.044376,18.684845,21.003942,21.444286,21.004549,21.476065,18.848995,18.5759,18.767832,18.659021,20.996006,21.373482,21.024761,21.609001,18.935442,18.683088,0.0,4.0,4.0,0.0,0.0,4.0,0.0,0.0
39152,2023.0,9.0,29.0,21.0,21.007717,21.515957,19.109335,18.944172,21.038853,21.531775,21.040556,21.567942,18.87683,18.781303,19.061657,19.26755,21.004381,21.390638,21.268124,22.03725,18.80195,18.550434,0.0,0.0,0.0,0.0,4.0,4.0,4.0,0.0
39153,2023.0,9.0,29.0,21.0,21.033598,21.589708,19.11772,18.973135,21.031301,21.509918,21.03294,21.547796,19.513252,20.015505,20.13122,21.042706,21.034079,21.469364,21.098326,21.618225,19.810287,20.571743,0.0,0.0,0.0,4.0,4.0,0.0,4.0,4.0
39154,2023.0,9.0,29.0,21.0,20.999065,21.494318,19.074316,18.932629,21.00466,21.429567,21.0332,21.541096,20.085308,20.8494,20.021633,20.723516,21.028698,21.44909,21.035776,21.5926,19.979128,20.555084,0.0,4.0,0.0,0.0,0.0,0.0,0.0,4.0
39155,2023.0,9.0,29.0,21.0,21.034811,21.58476,19.030268,18.887764,21.037838,21.515587,21.022055,21.53426,19.741503,20.06003,19.415016,19.447033,21.029337,21.441057,21.033125,21.542866,20.039083,20.642572,0.0,0.0,0.0,4.0,4.0,0.0,4.0,0.0
39156,2023.0,9.0,29.0,22.0,21.028372,21.564304,18.988409,18.84383,21.031645,21.497751,20.997692,21.474579,20.08571,20.76193,20.156805,20.86061,21.02932,21.43345,21.037622,21.594736,19.985994,20.447142,0.0,0.0,4.0,0.0,4.0,0.0,0.0,4.0
39157,2023.0,9.0,29.0,22.0,21.028542,21.558084,19.386166,19.618513,21.020962,21.493252,21.02929,21.570452,19.181356,18.956469,20.008429,20.54493,21.019278,21.427736,21.033384,21.58186,20.040995,20.575434,4.0,0.0,0.0,0.0,4.0,0.0,0.0,0.0
39158,2023.0,9.0,29.0,22.0,21.018456,21.552618,20.08502,20.764566,21.02235,21.506088,21.034458,21.562008,18.742157,18.455717,20.038803,20.574797,21.020485,21.439098,21.033442,21.575853,19.234293,18.991886,0.0,0.0,0.0,0.0,0.0,0.0,0.0,0.0
39159,2023.0,9.0,29.0,22.0,21.019506,21.565598,19.482826,19.499533,21.010288,21.461357,21.033552,21.546843,19.42565,19.896187,19.221539,18.971268,21.020407,21.44503,21.041899,21.544985,18.869623,18.602945,0.0,4.0,0.0,4.0,0.0,0.0,4.0,0.0
39160,2023.0,9.0,29.0,22.0,21.01973,21.573044,19.125494,19.000753,21.03857,21.533329,21.022226,21.537695,20.074945,20.867859,19.30814,19.47702,21.020197,21.448668,21.036095,21.577702,18.73727,18.471647,0.0,0.0,0.0,0.0,4.0,0.0,0.0,0.0
39161,2023.0,9.0,29.0,22.0,21.019379,21.578018,19.032787,18.89233,21.031775,21.508665,21.023941,21.549698,19.109673,18.905888,20.106941,20.820091,21.020535,21.45205,21.03328,21.570486,18.809263,18.718643,0.0,0.0,0.0,0.0,0.0,0.0,0.0,0.0
39162,2023.0,9.0,29.0,23.0,21.019556,21.58245,18.978668,18.834892,21.032299,21.500284,21.023727,21.55539,18.650745,18.373285,19.395426,19.383408,21.020292,21.453455,21.033344,21.566877,18.793219,18.69838,0.0,0.0,0.0,0.0,0.0,0.0,0.0,0.0
39163,2023.0,9.0,29.0,23.0,20.518545,20.623703,18.933245,18.786825,20.481792,20.45663,20.42307,20.406483,18.684288,18.57283,19.29911,19.439789,20.474123,20.403364,20.177622,19.91859,19.455572,19.995539,0.0,0.0,0.0,0.0,4.0,0.0,0.0,4.0
39164,2023.0,9.0,29.0,23.0,20.288038,20.310606,18.898054,18.748585,20.197817,20.051565,20.123829,19.98517,18.664154,18.560549,19.02012,18.916718,20.265974,20.136784,20.048346,19.917908,18.955868,18.90003,0.0,0.0,0.0,0.0,0.0,0.0,0.0,0.0
39165,2023.0,9.0,29.0,23.0,20.17687,20.192091,18.864159,18.712595,20.063177,19.903399,19.985323,19.834234,18.609829,18.503986,18.869267,18.742928,20.166172,20.034325,19.957237,19.839796,19.329832,19.697897,0.0,0.0,0.0,0.0,0.0,0.0,0.0,4.0
39166,2023.0,9.0,29.0,23.0,20.090807,20.10461,18.832047,18.678795,19.962965,19.801132,19.881727,19.728868,19.140873,19.54421,18.789135,18.662157,20.081017,19.947794,19.851711,19.734129,18.729544,18.470215,0.0,0.0,0.0,4.0,0.0,0.0,0.0,0.0
39167,2023.0,9.0,29.0,23.0,20.014837,20.025766,18.80023,18.644726,19.874691,19.709784,19.790949,19.635075,18.722765,18.639668,19.013803,19.145294,20.004215,19.868227,19.755262,19.635347,18.522285,18.238865,0.0,0.0,0.0,0.0,4.0,0.0,0.0,0.0
39168,2023.0,9.0,30.0,0.0,19.946821,19.954674,18.76933,18.611383,19.79568,19.627817,19.709715,19.550964,18.388943,18.096043,18.753565,18.624365,19.934544,19.795698,19.667322,19.544939,18.42946,18.144524,0.0,0.0,0.0,0.0,0.0,0.0,0.0,0.0
39169,2023.0,9.0,30.0,0.0,19.889055,19.898302,18.742115,18.584398,19.728716,19.562994,19.640812,19.484354,18.264082,17.960855,18.927443,19.0436,19.874588,19.736767,19.591002,19.470362,19.301594,19.88101,0.0,0.0,0.0,0.0,4.0,0.0,0.0,4.0
39170,2023.0,9.0,30.0,0.0,19.833918,19.842571,18.715195,18.55686,19.665358,19.499435,19.57569,19.419039,18.977161,19.399454,18.705303,18.596575,19.817795,19.679096,19.518757,19.397532,18.637295,18.410393,0.0,0.0,0.0,4.0,0.0,0.0,0.0,0.0
39171,2023.0,9.0,30.0,0.0,19.782057,19.789434,18.688898,18.529636,19.606262,19.439516,19.515245,19.357607,18.60541,18.536257,18.570698,18.4357,19.76456,19.624447,19.45113,19.32865,18.380156,18.088526,0.0,0.0,0.0,0.0,0.0,0.0,0.0,0.0
39172,2023.0,9.0,30.0,0.0,19.734764,19.741684,18.663734,18.504047,19.552317,19.385824,19.459991,19.30254,18.263042,17.972546,18.5095,18.374746,19.715597,19.574938,19.38899,19.266294,19.04044,19.409943,0.0,0.0,0.0,0.0,0.0,0.0,0.0,4.0
39173,2023.0,9.0,30.0,0.0,19.689983,19.696117,18.638857,18.478619,19.501474,19.334846,19.407822,19.250189,18.12948,17.817204,18.451206,18.315609,19.669184,19.527666,19.330233,19.206932,18.486332,18.222687,0.0,0.0,0.0,0.0,0.0,0.0,0.0,0.0
39174,2023.0,9.0,30.0,1.0,19.647337,19.65271,18.614342,18.453583,19.453636,19.286837,19.358835,19.200918,18.236637,18.112936,18.397326,18.260736,19.625181,19.4828,19.274673,19.150755,19.02626,19.388586,0.0,0.0,0.0,0.0,0.0,0.0,0.0,4.0
39175,2023.0,9.0,30.0,1.0,19.606995,19.612076,18.590618,18.429811,19.408865,19.242329,19.312994,19.15523,18.23824,18.121628,18.346832,18.209719,19.583578,19.44066,19.22218,19.097939,18.466534,18.198812,0.0,0.0,0.0,0.0,0.0,0.0,0.0,0.0
39176,2023.0,9.0,30.0,1.0,19.568596,19.57338,18.56746,18.406673,19.366545,19.20031,19.269741,19.112133,18.203058,18.085335,18.299107,18.161526,19.543945,19.400528,19.172247,19.047707,19.001156,19.360014,0.0,0.0,0.0,0.0,0.0,0.0,0.0,4.0
39177,2023.0,9.0,30.0,1.0,19.53186,19.536251,18.544682,18.383896,19.326237,19.160255,19.228539,19.07106,18.743246,19.128435,18.253624,18.115597,19.506006,19.362091,19.124537,18.999693,18.43842,18.168182,0.0,0.0,0.0,4.0,0.0,0.0,0.0,0.0
39178,2023.0,9.0,30.0,1.0,19.496862,19.500853,18.522373,18.361647,19.949492,20.364075,19.189367,19.032133,18.98612,19.453976,18.4978,18.608303,19.469748,19.325502,20.025898,20.736977,18.224707,17.921312,0.0,4.0,0.0,4.0,4.0,0.0,4.0,0.0
39179,2023.0,9.0,30.0,1.0,19.463516,19.46683,18.500507,18.339693,19.576773,19.54296,19.151577,18.994547,18.265827,18.005192,18.300436,18.187845,19.434944,19.290333,19.193464,18.947006,18.873224,19.220463,0.0,0.0,0.0,0.0,0.0,0.0,0.0,4.0
39180,2023.0,9.0,30.0,2.0,19.431026,19.433157,18.478836,18.317553,19.08782,18.667747,19.114714,18.957344,18.003023,17.67694,18.183117,18.042913,19.401205,19.255852,18.898521,18.569931,18.330116,18.057325,0.0,0.0,0.0,0.0,0.0,0.0,0.0,0.0
39181,2023.0,9.0,30.0,2.0,19.39911,19.400175,18.457077,18.295195,18.923956,18.478662,19.079098,18.921236,17.912466,17.588514,18.137442,17.99729,19.368494,19.22246,18.797659,18.467031,18.870792,19.22495,0.0,0.0,0.0,0.0,0.0,0.0,0.0,4.0
39182,2023.0,9.0,30.0,2.0,19.367426,19.367453,18.435083,18.272594,19.075047,18.862572,19.044327,18.885883,18.032131,17.9065,18.092934,17.952068,19.33634,19.189598,18.713001,18.381697,18.307781,18.030235,0.0,0.0,0.0,0.0,0.0,0.0,0.0,0.0
39183,2023.0,9.0,30.0,2.0,19.335602,19.33408,18.412651,18.249208,19.11572,18.94257,19.009892,18.850264,18.625246,19.023163,18.050486,17.908144,19.304264,19.156366,18.828703,18.685755,18.093771,17.781595,0.0,0.0,0.0,4.0,0.0,0.0,0.0,0.0
39184,2023.0,9.0,30.0,2.0,19.305304,19.302933,18.39079,18.226933,19.09216,18.922358,18.976881,18.816986,18.2238,18.139946,18.010685,17.867964,19.273441,19.125088,18.832005,18.702307,18.70778,19.010038,0.0,0.0,0.0,0.0,0.0,0.0,0.0,4.0
39185,2023.0,9.0,30.0,2.0,19.275492,19.27184,18.368769,18.204252,19.062597,18.892809,18.945143,18.7847,17.8832,17.567667,17.971867,17.828411,19.242884,19.093828,18.801722,18.672586,18.168097,17.870157,0.0,0.0,0.0,0.0,0.0,0.0,0.0,0.0
39186,2023.0,9.0,30.0,3.0,19.246218,19.241436,18.34687,18.18184,19.031967,18.862057,18.91385,18.753431,17.754793,17.421232,17.934332,17.790403,19.21296,19.063389,18.767788,18.638483,18.729397,19.073471,0.0,0.0,0.0,0.0,0.0,0.0,0.0,4.0
39187,2023.0,9.0,30.0,3.0,19.21627,19.209677,18.32417,18.15792,19.001402,18.83053,18.882132,18.720854,17.86078,17.710482,17.896788,17.751513,19.182585,19.03166,18.731966,18.601658,18.166897,17.877853,0.0,0.0,0.0,0.0,0.0,0.0,0.0,0.0
39188,2023.0,9.0,30.0,3.0,19.183779,19.172947,18.298964,18.129265,18.967892,18.79386,18.848145,18.683378,17.875433,17.745867,17.856798,17.707207,19.15039,18.996136,18.693754,18.56037,17.950083,17.623613,0.0,0.0,0.0,0.0,0.0,0.0,0.0,0.0
39189,2023.0,9.0,30.0,3.0,19.15641,19.14611,18.277971,18.109095,18.939362,18.766975,18.819386,18.656208,17.848614,17.71976,18.110579,18.211208,19.122372,18.9687,18.659693,18.527302,18.765406,19.254171,0.0,0.0,0.0,0.0,4.0,0.0,0.0,4.0
39190,2023.0,9.0,30.0,3.0,19.129969,19.12114,18.254707,18.084398,18.908346,18.735037,18.788193,18.624008,17.817442,17.687456,17.916773,17.790192,19.092487,18.9374,18.623539,18.49004,18.117897,17.844269,0.0,0.0,0.0,0.0,0.0,0.0,0.0,0.0
39191,2023.0,9.0,30.0,3.0,19.113974,19.114094,18.229263,18.05513,18.874958,18.69807,18.754911,18.58696,17.783106,17.649641,17.803665,17.649054,19.060768,18.902243,18.58544,18.448687,17.865906,17.528147,0.0,0.0,0.0,0.0,0.0,0.0,0.0,0.0
39192,2023.0,9.0,30.0,4.0,19.088581,19.087801,18.207645,18.03369,18.84616,18.670141,18.726126,18.558958,18.342863,18.72941,18.063604,18.171148,19.0326,18.874073,18.551079,18.414654,17.780365,17.445723,0.0,0.0,0.0,4.0,4.0,0.0,0.0,0.0
39193,2023.0,9.0,30.0,4.0,19.06071,19.057215,18.183838,18.00784,18.81503,18.63734,18.694801,18.525955,18.582458,19.045902,18.171698,18.314518,19.002764,18.842413,18.514942,18.376865,17.902441,17.766796,0.0,0.0,0.0,4.0,4.0,0.0,0.0,0.0
39194,2023.0,9.0,30.0,4.0,19.03568,19.031836,18.16259,17.98651,18.786663,18.609756,18.666246,18.49818,17.818481,17.507814,18.198057,18.34062,19.702969,20.191345,18.48129,18.343819,17.898417,17.76818,0.0,0.0,0.0,0.0,4.0,4.0,0.0,0.0
39195,2023.0,9.0,30.0,4.0,19.00929,19.003529,18.140287,17.962626,18.756956,18.57911,18.636366,18.467333,17.56456,17.20355,17.65003,17.26988,19.203259,19.103186,18.446194,18.307774,17.868162,17.73825,0.0,0.0,0.0,0.0,0.0,0.0,0.0,0.0
39196,2023.0,9.0,30.0,4.0,18.982826,18.975466,18.118196,17.939333,18.72792,18.549435,18.607092,18.437428,17.473099,17.115444,17.425732,17.008862,18.809607,18.41764,18.411541,18.272568,18.559765,19.068813,0.0,0.0,0.0,0.0,0.0,0.0,0.0,4.0
39197,2023.0,9.0,30.0,4.0,18.955658,18.946632,18.0954,17.915586,18.698927,18.51977,18.577833,18.40751,17.586935,17.421755,17.331268,16.916435,18.672556,18.25604,18.37685,18.237274,17.863655,17.576853,0.0,0.0,0.0,0.0,0.0,0.0,0.0,0.0
39198,2023.0,9.0,30.0,5.0,18.926264,18.913895,18.070381,17.888332,18.668144,18.48667,18.546907,18.374207,17.605797,17.464823,17.514957,17.368614,18.589811,18.167349,18.34048,18.198648,17.612782,17.26335,0.0,0.0,0.0,0.0,0.0,0.0,0.0,0.0
39199,2023.0,9.0,30.0,5.0,18.90082,18.889257,18.048693,17.868307,18.641386,18.461777,18.519896,18.349087,17.578926,17.439915,17.51631,17.358322,19.491045,19.954277,18.307886,18.167606,17.53175,17.187855,0.0,0.0,0.0,0.0,0.0,4.0,0.0,0.0
39200,2023.0,9.0,30.0,5.0,18.874197,18.86201,18.026104,17.846136,18.613602,18.434437,18.491625,18.321362,17.548025,17.409283,17.48301,17.323832,18.8061,18.458206,18.274132,18.133995,17.646317,17.491243,0.0,0.0,0.0,0.0,0.0,0.0,0.0,0.0
39201,2023.0,9.0,30.0,5.0,18.847683,18.83468,18.003618,17.823893,18.586052,18.407125,18.463337,18.293495,17.51605,17.37735,17.451105,17.291912,18.561827,18.14031,18.2404,18.100267,18.387238,18.893044,0.0,0.0,0.0,0.0,0.0,0.0,0.0,4.0
39202,2023.0,9.0,30.0,5.0,18.82096,18.80693,17.98098,17.801226,18.558315,18.379375,18.435122,18.265285,18.073908,18.454319,17.717539,17.818901,18.488056,18.067392,18.206503,18.06609,18.43236,18.7811,0.0,0.0,0.0,4.0,4.0,0.0,0.0,4.0
39203,2023.0,9.0,30.0,5.0,18.795383,18.781311,17.959356,17.780273,18.531578,18.353577,18.408567,18.239426,17.687538,17.599405,17.828884,17.960617,19.389378,19.855215,18.17378,18.034105,17.730324,17.420639,0.0,0.0,0.0,0.0,4.0,4.0,0.0,0.0
39204,2023.0,9.0,30.0,6.0,18.76966,18.755024,17.93773,17.758675,18.504452,18.32681,18.381962,18.212864,17.867731,17.99846,17.559303,17.433506,18.703316,18.356253,18.140598,18.001087,17.503975,17.157238,0.0,0.0,0.0,4.0,0.0,0.0,0.0,0.0
39205,2023.0,9.0,30.0,6.0,21.277493,23.158735,17.915655,17.735846,21.33865,23.216225,21.349035,23.345146,20.292572,22.202374,17.434406,17.276184,21.27814,22.886496,21.56233,23.908604,18.123625,18.405653,0.0,4.0,0.0,0.0,0.0,0.0,4.0,4.0
39206,2023.0,9.0,30.0,6.0,20.984652,22.342451,17.891096,17.710361,20.986359,22.359383,21.004858,22.491592,18.459326,18.309908,17.378838,17.21971,21.023392,22.253147,20.98859,22.561125,20.236053,21.919975,0.0,4.0,0.0,0.0,0.0,0.0,4.0,4.0
39207,2023.0,9.0,30.0,6.0,21.036146,22.265865,18.292683,18.486298,21.068043,22.33321,21.048798,22.390392,18.168825,18.302742,17.63387,17.73885,21.011324,22.083057,21.033117,22.444324,20.028843,21.309877,4.0,0.0,0.0,4.0,4.0,4.0,4.0,0.0
39208,2023.0,9.0,30.0,6.0,21.029215,22.13417,20.239132,21.789394,21.054632,22.162533,21.042824,22.25234,20.447111,22.161875,20.358067,22.26938,21.028358,22.00324,21.06559,22.395878,18.550514,18.304747,0.0,0.0,0.0,4.0,4.0,4.0,0.0,0.0
39209,2023.0,9.0,30.0,6.0,21.028496,22.049263,19.320854,19.7063,21.029505,21.990541,21.042528,22.163168,20.030703,21.237886,20.026798,21.444948,21.025234,21.91721,21.057287,22.269707,18.592064,18.858292,4.0,4.0,0.0,0.0,0.0,4.0,0.0,4.0
39210,2023.0,9.0,30.0,7.0,21.2335,22.398844,20.158176,21.353277,21.033474,21.930769,21.041536,22.097197,18.579918,18.316204,18.453129,18.214603,21.133657,22.093096,21.05682,22.185812,20.180191,21.528433,4.0,4.0,0.0,0.0,0.0,0.0,0.0,4.0
39211,2023.0,9.0,30.0,7.0,21.025576,21.933456,20.017773,20.911865,21.057684,21.95081,21.0403,22.047298,18.609156,18.872496,18.272287,18.42925,21.017168,21.78589,21.014708,22.012503,20.034815,21.122463,4.0,0.0,0.0,4.0,4.0,4.0,4.0,0.0
39212,2023.0,9.0,30.0,7.0,21.2327,22.31673,20.168509,21.120481,21.177786,22.148556,21.014843,21.941088,20.273836,21.647863,20.24868,21.782997,21.129892,21.995882,21.022488,21.990967,19.417974,19.791521,0.0,0.0,4.0,4.0,4.0,0.0,4.0,4.0
39213,2023.0,9.0,30.0,7.0,21.052221,21.944584,18.858698,18.512066,21.025572,21.786766,21.044973,21.999205,20.038633,21.108286,20.03659,21.191673,21.046492,21.791513,21.06161,22.070007,20.154104,21.269377,0.0,4.0,0.0,0.0,0.0,0.0,0.0,0.0
39214,2023.0,9.0,30.0,7.0,21.019506,21.834425,18.16848,17.636229,21.056377,21.848854,21.055218,21.964222,18.67139,18.381548,18.624344,18.344591,21.046528,21.762232,21.053038,22.020792,18.768892,18.490831,0.0,0.0,0.0,0.0,0.0,0.0,0.0,0.0
39215,2023.0,9.0,30.0,7.0,21.053186,21.907616,18.25772,18.015768,21.021877,21.740803,21.051338,21.916868,17.96287,17.530642,17.814554,17.319778,21.030138,21.73409,21.051636,21.988861,18.091476,17.689734,0.0,4.0,0.0,0.0,0.0,0.0,0.0,0.0
39216,2023.0,9.0,30.0,8.0,21.017931,21.800379,18.680307,18.832493,21.030437,21.747074,21.036531,21.890759,18.021046,17.85938,17.883732,17.681448,21.032503,21.736351,21.01145,21.855682,18.142324,17.998306,4.0,4.0,0.0,0.0,0.0,0.0,4.0,0.0
39217,2023.0,9.0,30.0,8.0,19.913788,19.71003,20.192501,21.430155,19.860666,19.52927,20.099916,20.09449,17.998411,17.855484,17.883123,17.715885,20.203985,20.137775,19.726883,19.420988,18.11018,17.977272,0.0,0.0,0.0,0.0,0.0,0.0,0.0,0.0
39218,2023.0,9.0,30.0,8.0,19.935371,20.13543,19.476728,19.840002,19.188595,18.682653,19.517435,19.346596,17.92146,17.788895,17.81768,17.66481,19.78656,19.630789,19.088629,18.69042,18.03034,17.905836,4.0,0.0,0.0,0.0,0.0,0.0,0.0,0.0
39219,2023.0,9.0,30.0,8.0,19.400251,19.147083,20.148422,21.082657,18.99407,18.489801,19.342577,19.153673,17.870071,17.74482,17.773888,17.629404,19.667896,19.512594,18.902777,18.514912,17.976212,17.858612,0.0,0.0,0.0,0.0,0.0,0.0,0.0,0.0
39220,2023.0,9.0,30.0,8.0,19.081808,18.785269,18.996582,18.776175,19.084568,18.843973,19.199818,19.025936,17.820116,17.705248,17.733044,17.600496,19.565676,19.422379,18.754549,18.39371,17.923233,17.815,0.0,0.0,0.0,0.0,0.0,0.0,0.0,0.0
39221,2023.0,9.0,30.0,8.0,19.616005,19.903133,18.456942,18.0073,19.097343,18.912851,19.102016,18.934021,17.787008,17.679201,17.709873,17.585806,19.497253,19.35998,18.854746,18.71219,17.88618,17.784355,0.0,0.0,0.0,0.0,0.0,0.0,0.0,0.0
39222,2023.0,9.0,30.0,9.0,19.774858,20.14198,18.53445,18.344599,19.037617,18.867193,19.013407,18.854202,17.760372,17.660366,17.69287,17.578249,19.439274,19.309492,18.839272,18.727596,17.855146,17.76034,0.0,0.0,0.0,0.0,0.0,0.0,0.0,0.0
39223,2023.0,9.0,30.0,9.0,19.808323,20.192621,18.500257,18.334137,18.9784,18.817575,18.936855,18.78647,17.741621,17.649221,17.682693,17.576942,19.394384,19.272284,18.786804,18.680922,17.831326,17.74345,0.0,0.0,0.0,0.0,0.0,0.0,0.0,0.0
39224,2023.0,9.0,30.0,9.0,19.223776,19.099285,18.443502,18.302002,19.5483,19.949522,18.874119,18.738443,17.72965,17.645365,17.678017,17.580791,20.135754,20.719105,18.741146,18.642794,17.813896,17.7338,0.0,4.0,0.0,0.0,0.0,4.0,0.0,0.0
39225,2023.0,9.0,30.0,9.0,19.620514,19.979292,18.388056,18.258415,19.178362,19.169245,18.81413,18.68835,17.718153,17.635199,17.674084,17.578428,19.431036,19.214346,18.699335,18.604855,17.79771,17.720407,0.0,0.0,0.0,0.0,0.0,0.0,0.0,0.0
39226,2023.0,9.0,30.0,9.0,19.155575,19.062109,18.336372,18.21625,19.407763,19.660357,18.759314,18.642397,17.710804,17.629322,17.674454,17.580389,19.181189,18.867744,18.663704,18.571829,17.784721,17.709013,0.0,4.0,0.0,0.0,0.0,0.0,0.0,0.0
39227,2023.0,9.0,30.0,9.0,19.588085,19.994135,18.291142,18.180828,18.931135,18.734516,18.71046,18.602913,17.707865,17.627716,17.67943,17.586683,19.883198,20.254808,18.634579,18.545326,17.77557,17.701204,0.0,0.0,0.0,0.0,0.0,4.0,0.0,0.0
39228,2023.0,9.0,30.0,10.0,19.742918,20.221918,18.250488,18.149252,18.702604,18.423103,18.665098,18.568197,17.708273,17.629154,17.688137,17.596489,19.388645,19.18795,18.610209,18.522882,17.769451,17.696045,0.0,0.0,0.0,0.0,0.0,0.0,0.0,0.0
39229,2023.0,9.0,30.0,10.0,19.788765,20.283953,18.621618,18.886156,18.623837,18.361362,19.313662,19.831505,17.711918,17.633724,17.699924,17.609158,19.21276,18.943993,18.59023,18.50488,17.76614,17.693653,4.0,0.0,4.0,0.0,0.0,0.0,0.0,0.0
39230,2023.0,9.0,30.0,10.0,19.832218,20.349623,20.202623,21.622047,18.691006,18.568296,18.91878,18.966902,17.718481,17.641172,17.715044,17.625471,19.177227,18.919394,18.573677,18.490112,17.765348,17.693655,0.0,0.0,0.0,0.0,0.0,0.0,0.0,0.0
39231,2023.0,9.0,30.0,10.0,19.876396,20.414055,19.155277,19.375423,18.709827,18.623356,18.51548,18.347422,17.727657,17.65112,17.73432,17.645111,19.274544,19.147957,18.55731,18.475443,17.765486,17.69459,0.0,0.0,0.0,0.0,0.0,0.0,0.0,0.0
39232,2023.0,9.0,30.0,10.0,19.299839,19.32669,18.66599,18.608488,18.68536,18.611143,18.417887,18.24039,17.739683,17.664305,17.756767,17.669033,19.313543,19.212984,18.546402,18.465502,17.768055,17.697882,0.0,0.0,0.0,0.0,0.0,0.0,0.0,0.0
39233,2023.0,9.0,30.0,10.0,19.092228,19.068008,18.54218,18.480618,18.656788,18.591707,18.464195,18.386581,17.751827,17.677464,17.778994,17.692358,19.316988,19.220633,19.577448,20.42393,17.771154,17.701866,0.0,0.0,0.0,0.0,0.0,0.0,4.0,0.0
39234,2023.0,9.0,30.0,11.0,19.01284,19.005562,18.461517,18.405636,18.630133,18.572985,18.469555,18.420795,17.763735,17.690823,17.800978,17.716135,19.31875,19.225365,18.901407,18.900627,17.774717,17.70661,0.0,0.0,0.0,0.0,0.0,0.0,0.0,0.0
39235,2023.0,9.0,30.0,11.0,18.94824,18.949015,18.392818,18.335215,18.59958,18.544134,18.443968,18.399338,17.771925,17.697948,17.81956,17.734451,19.316326,19.222221,18.621157,18.467138,17.775269,17.705667,0.0,0.0,0.0,0.0,0.0,0.0,0.0,0.0
39236,2023.0,9.0,30.0,11.0,18.984705,19.082724,18.343378,18.293854,19.265514,19.823662,18.418886,18.379475,17.777006,17.701096,17.832724,17.744627,19.313036,19.218447,18.568838,18.421701,17.774582,17.703712,0.0,4.0,0.0,0.0,0.0,0.0,0.0,0.0
39237,2023.0,9.0,30.0,11.0,18.967272,19.080263,18.295977,18.24932,18.861343,18.924397,18.392176,18.355644,17.781088,17.704073,17.845394,17.756071,19.309153,19.214163,18.533325,18.390072,17.773,17.701202,0.0,0.0,0.0,0.0,0.0,0.0,0.0,0.0
39238,2023.0,9.0,30.0,11.0,18.9324,19.04728,18.254093,18.210266,19.260298,19.74139,18.366499,18.332653,17.783909,17.706324,17.856342,17.766438,19.305134,19.210205,18.557816,18.468164,17.770605,17.698374,0.0,4.0,0.0,0.0,0.0,0.0,0.0,0.0
39239,2023.0,9.0,30.0,11.0,18.89962,19.017143,18.61721,18.92687,18.81617,18.818125,18.342459,18.312014,17.785282,17.707705,17.865105,17.77503,19.300596,19.206411,19.593372,20.436485,17.767202,17.695204,4.0,0.0,0.0,0.0,0.0,0.0,4.0,0.0
39240,2023.0,9.0,30.0,12.0,18.867773,18.987072,20.20191,21.668686,19.189627,19.602234,18.319033,18.291378,17.785238,17.70842,17.872448,17.78352,19.295128,19.20219,18.956905,19.005285,17.76249,17.691261,0.0,4.0,0.0,0.0,0.0,0.0,0.0,0.0
39241,2023.0,9.0,30.0,12.0,21.262743,23.226595,19.144602,19.396719,21.245892,23.10983,21.252747,23.516401,17.784151,17.7085,17.879953,17.792013,21.217459,22.57648,21.37136,23.469608,17.755812,17.68558,0.0,0.0,0.0,0.0,0.0,0.0,0.0,0.0
39242,2023.0,9.0,30.0,12.0,20.990828,22.461407,18.51714,18.518644,21.007998,22.419529,20.990932,22.672543,17.78345,17.709303,17.885763,17.800005,21.00283,22.050316,20.998558,22.462492,17.749155,17.680172,0.0,0.0,0.0,0.0,0.0,0.0,0.0,0.0
39243,2023.0,9.0,30.0,12.0,21.013472,22.337725,18.861652,19.262447,21.04771,22.348707,21.046885,22.5777,17.782677,17.710865,18.30444,18.589918,21.028446,21.980343,21.0461,22.377556,17.74413,17.677376,4.0,0.0,0.0,0.0,4.0,0.0,0.0,0.0
39244,2023.0,9.0,30.0,12.0,21.167353,22.564198,20.174753,21.488348,21.247078,22.639463,21.16931,22.687908,17.78138,17.712343,20.198456,21.84684,21.152048,22.143658,21.210976,22.598698,17.740282,17.676405,0.0,4.0,0.0,0.0,0.0,0.0,0.0,0.0
39245,2023.0,9.0,30.0,12.0,21.0391,22.230177,19.459747,19.899591,21.048485,22.18587,21.041332,22.33511,17.779383,17.713594,19.069757,19.370768,21.025349,21.82767,21.036024,22.167664,17.736101,17.675457,4.0,0.0,0.0,0.0,0.0,0.0,0.0,0.0
39246,2023.0,9.0,30.0,13.0,21.038977,22.176134,20.147028,21.276058,21.015835,22.04766,21.040388,22.266361,17.775812,17.713778,18.370789,18.337397,21.025084,21.78561,21.03552,22.113184,17.73093,17.673906,0.0,4.0,0.0,0.0,0.0,0.0,0.0,0.0
39247,2023.0,9.0,30.0,13.0,21.032696,22.133982,19.19756,19.323582,21.046404,22.092323,21.039642,22.214788,17.769627,17.710615,18.226372,18.160437,21.024496,21.75454,21.035002,22.073149,17.723341,17.669268,0.0,0.0,0.0,0.0,0.0,0.0,0.0,0.0
39248,2023.0,9.0,30.0,13.0,21.0689,22.17751,18.678192,18.648632,21.082422,22.12327,21.082575,22.25512,17.76032,17.704327,18.166765,18.096502,21.05128,21.783266,21.073444,22.116148,17.713339,17.662237,0.0,0.0,0.0,0.0,0.0,0.0,0.0,0.0
39249,2023.0,9.0,30.0,13.0,21.066088,22.14067,18.558079,18.52682,21.070446,22.070633,21.079466,22.204939,17.748936,17.69653,18.121923,18.055075,21.049648,21.757761,21.071514,22.079317,17.701849,17.654247,0.0,0.0,0.0,0.0,0.0,0.0,0.0,0.0
39250,2023.0,9.0,30.0,13.0,21.065742,22.123386,18.471157,18.440323,21.026217,21.942268,21.077517,22.1761,17.735504,17.686987,18.080566,18.017845,21.049103,21.74596,21.069954,22.060078,17.688732,17.644894,0.0,4.0,0.0,0.0,0.0,0.0,0.0,0.0
39251,2023.0,9.0,30.0,13.0,21.026604,22.040567,18.871012,19.254902,21.043379,21.995237,21.031553,22.075628,17.721107,17.676958,18.043915,17.987741,21.072292,21.755243,21.02916,21.975996,17.67476,17.63496,4.0,0.0,0.0,0.0,0.0,4.0,0.0,0.0
39252,2023.0,9.0,30.0,14.0,21.03198,22.041143,20.146812,21.403343,21.012045,21.895344,21.037294,22.072794,17.705711,17.665663,18.007538,17.95573,21.025017,21.684498,21.034254,21.979048,17.659992,17.624157,4.0,4.0,0.0,0.0,0.0,0.0,0.0,0.0
39253,2023.0,9.0,30.0,14.0,20.214071,20.458101,20.020636,21.027882,20.095339,20.15737,20.097656,20.252962,17.69143,17.656115,17.975922,17.929419,20.312033,20.307499,20.12694,20.22517,17.645893,17.614607,0.0,0.0,0.0,0.0,0.0,0.0,0.0,0.0
39254,2023.0,9.0,30.0,14.0,20.406271,21.108192,19.160505,19.283901,19.569962,19.489887,19.538862,19.542532,17.677097,17.646263,17.94865,17.907892,19.937138,19.82223,19.619898,19.579472,17.630657,17.603424,0.0,0.0,0.0,0.0,0.0,0.0,0.0,0.0
39255,2023.0,9.0,30.0,14.0,20.49793,21.23191,19.194386,19.498758,19.404064,19.301907,19.357098,19.327913,17.663332,17.636066,17.925901,17.889133,19.874062,19.806852,19.443514,19.381462,17.61503,17.590849,4.0,0.0,0.0,0.0,0.0,0.0,0.0,0.0
39256,2023.0,9.0,30.0,14.0,20.416775,21.066574,20.120596,21.136318,19.344604,19.29639,19.244463,19.222841,17.651045,17.627966,17.904976,17.87356,19.810326,19.753654,19.329618,19.276697,17.600153,17.57978,4.0,0.0,0.0,0.0,0.0,0.0,0.0,0.0
39257,2023.0,9.0,30.0,14.0,20.385801,21.038767,20.067177,20.942953,19.25068,19.206417,19.117605,19.089397,17.63825,17.61824,17.88215,17.85419,19.731264,19.675564,19.206793,19.152578,17.583244,17.565159,0.0,0.0,0.0,0.0,0.0,0.0,0.0,0.0
39258,2023.0,9.0,30.0,15.0,19.789494,19.93901,19.279243,19.393198,19.170021,19.136566,19.696793,20.268867,17.627909,17.611843,17.864262,17.841854,19.668957,19.62207,19.112247,19.068829,17.56857,17.554106,0.0,0.0,4.0,0.0,0.0,0.0,0.0,0.0
39259,2023.0,9.0,30.0,15.0,20.216946,20.885702,19.392485,19.767378,19.103842,19.069668,19.259792,19.346273,17.61734,17.602808,17.84735,17.826847,19.617367,19.571804,19.036886,18.994488,17.553955,17.540537,4.0,0.0,0.0,0.0,0.0,0.0,0.0,0.0
39260,2023.0,9.0,30.0,15.0,19.6843,19.8233,20.101297,21.033281,19.734259,20.310505,19.64598,20.1767,17.606417,17.593035,17.830269,17.811094,19.569637,19.526325,18.968748,18.929157,17.540375,17.527924,0.0,4.0,4.0,0.0,0.0,0.0,0.0,0.0
39261,2023.0,9.0,30.0,15.0,20.064754,20.739437,19.304308,19.420202,19.954145,20.55004,19.776562,20.30019,17.594805,17.582626,17.813797,17.796703,19.521872,19.48162,18.901022,18.864965,18.460926,19.27996,0.0,4.0,4.0,0.0,0.0,0.0,0.0,4.0
39262,2023.0,9.0,30.0,15.0,20.169064,20.840124,19.346762,19.649395,19.920473,20.442533,19.24117,19.290691,17.584673,17.573275,18.168762,18.474735,19.484426,19.44582,18.849287,18.81502,20.222292,22.204472,4.0,4.0,0.0,0.0,4.0,0.0,0.0,0.0
39263,2023.0,9.0,30.0,15.0,19.611301,19.780287,20.086767,20.941786,19.377989,19.427692,19.56593,20.07662,18.320833,18.971212,20.236984,22.000784,19.445684,19.408985,18.796448,18.764824,18.68988,18.912777,4.0,0.0,4.0,4.0,0.0,0.0,0.0,0.0
39264,2023.0,9.0,30.0,16.0,19.966715,20.618916,20.004705,20.731876,19.692007,20.18403,19.735432,20.259905,20.226738,22.111444,19.004799,19.317902,19.409456,19.374233,18.74771,18.717854,17.998175,18.002558,4.0,4.0,4.0,0.0,0.0,0.0,0.0,0.0
39265,2023.0,9.0,30.0,16.0,19.572624,19.74079,20.032955,20.76962,19.86515,20.380068,19.206385,19.256523,18.793718,19.036518,18.282373,18.289635,19.37637,19.342146,18.703821,18.67519,17.86188,17.848661,0.0,4.0,0.0,0.0,0.0,0.0,0.0,0.0
39266,2023.0,9.0,30.0,16.0,19.284073,19.373064,19.676666,20.03205,19.313278,19.327143,19.568142,20.108232,18.09634,18.095253,18.135323,18.115208,19.345251,19.311184,18.663681,18.635191,17.793839,17.777225,4.0,0.0,4.0,0.0,0.0,0.0,0.0,0.0
39267,2023.0,9.0,30.0,16.0,19.899063,20.588598,20.064526,20.767868,19.099806,19.039083,19.660719,20.186123,17.984346,17.968266,18.084745,18.063244,20.107948,20.783638,18.633043,18.605947,17.753319,17.737242,4.0,0.0,4.0,0.0,0.0,4.0,0.0,0.0
39268,2023.0,9.0,30.0,16.0,19.495289,19.65578,20.00615,20.639618,18.994282,18.929829,19.133741,19.17467,17.913046,17.896553,18.035162,18.015318,20.311169,20.931362,19.637579,20.535295,17.712664,17.698359,4.0,0.0,0.0,0.0,0.0,4.0,4.0,0.0
39269,2023.0,9.0,30.0,16.0,19.220694,19.311426,20.031437,20.693378,19.561487,20.05325,18.854027,18.814896,18.60215,19.246658,17.991291,17.972527,19.677502,19.68575,19.064444,19.119299,17.675888,17.66247,0.0,4.0,0.0,4.0,0.0,0.0,0.0,0.0
39270,2023.0,9.0,30.0,17.0,19.811575,20.4828,19.400478,19.468838,19.771267,20.282097,18.761845,18.714191,20.198181,21.868435,17.953974,17.937527,19.407259,19.335068,18.715366,18.682154,17.643736,17.631542,0.0,4.0,0.0,0.0,0.0,0.0,0.0,0.0
39271,2023.0,9.0,30.0,17.0,19.438095,19.59852,19.00149,18.94449,19.804384,20.305897,19.341272,19.849436,19.435936,20.111536,17.91817,17.901913,20.059454,20.632572,18.621931,18.57502,17.613737,17.601387,0.0,4.0,4.0,4.0,0.0,4.0,0.0,0.0
39272,2023.0,9.0,30.0,17.0,19.233423,19.312067,19.354853,19.698217,19.826473,20.320734,18.930897,18.963135,20.141941,21.4188,17.888422,17.871376,20.244282,20.849838,18.572857,18.52131,17.5902,17.57742,4.0,4.0,0.0,0.0,0.0,4.0,0.0,0.0
39273,2023.0,9.0,30.0,17.0,19.822855,20.484297,20.07372,20.899082,19.301754,19.320374,18.67193,18.622963,19.02312,19.147724,17.856276,17.839222,20.309134,20.902416,18.552628,18.523632,17.565512,17.553255,4.0,0.0,0.0,0.0,0.0,4.0,0.0,0.0
39274,2023.0,9.0,30.0,17.0,20.020308,20.670479,20.00484,20.696661,18.99559,18.912485,18.592495,18.526266,18.439672,18.389366,17.825197,17.807482,19.662985,19.63106,18.52554,18.499186,17.541145,17.528532,4.0,0.0,0.0,0.0,0.0,0.0,0.0,0.0
39275,2023.0,9.0,30.0,17.0,19.447184,19.559965,20.014208,20.673271,18.890017,18.792387,18.583603,18.552614,18.291058,18.255308,17.796791,17.778996,19.387524,19.284199,18.493465,18.467554,17.518274,17.50579,4.0,0.0,0.0,0.0,0.0,0.0,0.0,0.0
39276,2023.0,9.0,30.0,18.0,19.187698,19.243782,20.012941,20.641203,19.469528,19.932602,19.25832,19.84323,18.195024,18.162794,17.770922,17.753805,19.295193,19.184786,18.462328,18.436724,17.49669,17.484438,4.0,4.0,4.0,0.0,0.0,0.0,0.0,0.0
39277,2023.0,9.0,30.0,18.0,21.213585,22.871851,20.013193,20.619308,21.223875,22.884571,21.231216,23.142076,18.10922,18.07693,17.745855,17.728329,21.217379,22.593302,21.353405,23.473663,18.456171,19.319809,4.0,0.0,0.0,0.0,0.0,0.0,0.0,4.0
39278,2023.0,9.0,30.0,18.0,20.991673,22.233908,20.013119,20.601086,21.019245,22.275179,21.02203,22.474932,18.035427,18.003376,18.12155,18.455837,20.985922,22.026415,21.005533,22.598436,20.210247,22.123175,4.0,0.0,0.0,0.0,4.0,4.0,0.0,0.0
39279,2023.0,9.0,30.0,18.0,21.046143,22.239344,20.013163,20.585463,21.045048,22.192863,21.024828,22.296288,17.974255,17.942898,20.246428,22.064892,21.044456,22.04779,21.008053,22.38681,18.63011,18.767513,4.0,0.0,4.0,0.0,0.0,0.0,4.0,0.0
39280,2023.0,9.0,30.0,18.0,21.036652,22.13131,20.012785,20.570227,21.033596,22.090693,21.025045,22.1877,17.921791,17.890734,18.938803,19.221445,21.005192,21.863668,21.054026,22.370672,17.941813,17.894201,4.0,0.0,4.0,0.0,0.0,4.0,0.0,0.0
39281,2023.0,9.0,30.0,18.0,21.035152,22.062977,20.03158,20.609379,21.005774,21.957455,21.021929,22.105019,17.875143,17.843023,18.199873,18.186588,21.008787,21.815235,21.040474,22.241117,17.833872,17.8055,0.0,4.0,4.0,0.0,0.0,4.0,0.0,0.0
39282,2023.0,9.0,30.0,19.0,21.03023,22.01621,19.713526,19.960526,21.047018,22.00635,21.049416,22.12177,18.605803,19.259878,18.058043,18.028555,21.03954,21.854084,21.005278,22.065016,18.75591,19.608772,4.0,0.0,0.0,4.0,0.0,0.0,4.0,4.0
39283,2023.0,9.0,30.0,19.0,21.002346,21.911678,20.063885,20.67196,21.013285,21.874477,21.01734,21.986816,20.19035,21.841497,17.977959,17.942322,21.003702,21.723915,21.051172,22.134085,20.174652,21.848244,4.0,4.0,4.0,0.0,0.0,4.0,0.0,0.0
39284,2023.0,9.0,30.0,19.0,21.042048,21.978788,20.00668,20.53623,21.04452,21.925987,21.047897,22.030828,18.794271,18.883333,17.917196,17.880215,21.008696,21.710194,21.042118,22.069462,18.721266,18.801533,4.0,0.0,0.0,0.0,0.0,4.0,0.0,0.0
39285,2023.0,9.0,30.0,19.0,21.005348,21.855762,20.013817,20.535305,21.036642,21.880322,21.013103,21.907455,18.12502,18.018847,17.865417,17.825754,21.007353,21.689287,21.040285,22.027128,18.053663,17.95655,4.0,0.0,4.0,0.0,0.0,4.0,0.0,0.0
39286,2023.0,9.0,30.0,19.0,21.014149,21.854883,20.013197,20.522146,21.038607,21.85738,21.048021,21.973322,18.836601,19.488998,17.8242,17.785286,21.038473,21.754108,20.995195,21.890528,17.965212,17.922884,4.0,0.0,0.0,4.0,0.0,0.0,4.0,0.0
39287,2023.0,9.0,30.0,19.0,21.0127,21.836473,20.031855,20.56397,21.029774,21.833115,21.015213,21.862928,20.135561,21.535414,18.18826,18.503933,21.002535,21.64072,21.050406,22.007145,18.879732,19.715261,0.0,0.0,4.0,4.0,4.0,4.0,0.0,4.0
39288,2023.0,9.0,30.0,20.0,21.012087,21.822071,19.70935,19.909048,21.030632,21.826075,21.020926,21.857084,20.033455,21.191025,20.235683,21.979061,21.007914,21.639868,21.040417,21.961998,20.157915,21.713293,4.0,0.0,4.0,0.0,0.0,4.0,0.0,0.0
39289,2023.0,9.0,30.0,20.0,21.03936,21.883549,20.065842,20.633198,21.00456,21.745056,21.045488,21.91095,19.497202,20.002176,18.945803,19.18544,21.007334,21.629364,21.000841,21.83208,18.755896,18.790297,4.0,4.0,0.0,4.0,0.0,4.0,4.0,0.0
39290,2023.0,9.0,30.0,20.0,21.033415,21.85191,20.024345,20.543362,21.0097,21.75276,21.039858,21.87935,20.106218,21.182644,18.22457,18.191269,21.007057,21.62025,21.048828,21.945135,19.040312,19.744564,0.0,4.0,0.0,4.0,0.0,4.0,0.0,4.0
39291,2023.0,9.0,30.0,20.0,21.033289,21.83231,19.345913,19.22391,21.043478,21.820732,21.040012,21.860102,20.034101,20.982859,18.074705,18.022545,21.03783,21.691868,21.039293,21.90834,20.152016,21.540812,0.0,0.0,0.0,0.0,0.0,0.0,0.0,0.0
39292,2023.0,9.0,30.0,20.0,21.005909,21.740688,19.502472,19.764036,21.011017,21.714796,21.03095,21.842117,19.619324,20.086563,17.996956,17.943268,21.032272,21.663683,21.040195,21.892366,18.83925,18.83935,4.0,4.0,0.0,4.0,0.0,0.0,0.0,0.0
39293,2023.0,9.0,30.0,20.0,21.039215,21.819597,20.072107,20.732758,21.04272,21.785082,21.03182,21.840586,20.114632,21.090076,17.93121,17.874395,21.03247,21.648514,21.039848,21.87576,18.218355,18.071913,0.0,0.0,0.0,0.0,0.0,0.0,0.0,0.0
39294,2023.0,9.0,30.0,21.0,21.032255,21.793318,19.47637,19.533323,21.03637,21.755636,21.005999,21.765041,19.070383,19.005236,17.878452,17.823425,21.001833,21.55613,21.03226,21.861723,18.14167,18.079065,0.0,0.0,4.0,0.0,0.0,4.0,0.0,0.0
39295,2023.0,9.0,30.0,21.0,21.032984,21.782248,19.523989,19.819294,21.0106,21.66892,21.037008,21.848803,19.231941,19.670109,17.83357,17.78065,21.006922,21.565428,21.032946,21.861063,19.051147,19.866415,4.0,4.0,0.0,4.0,0.0,4.0,0.0,4.0
39296,2023.0,9.0,30.0,21.0,21.024109,21.769918,20.085062,20.76562,21.04175,21.744196,21.039623,21.830261,20.094578,21.079744,17.79131,17.73594,21.00625,21.563885,21.048971,21.847277,20.140295,21.543335,0.0,0.0,0.0,4.0,0.0,4.0,4.0,0.0
39297,2023.0,9.0,30.0,21.0,20.998228,21.69938,19.664185,19.860252,21.035297,21.719564,21.038641,21.808826,20.034025,20.909994,17.756447,17.702616,21.006313,21.562834,21.041054,21.859552,18.820572,18.813776,4.0,0.0,0.0,0.0,0.0,4.0,0.0,0.0
39298,2023.0,9.0,30.0,21.0,21.038656,21.790127,20.100323,20.752798,21.035473,21.708353,21.02938,21.792158,19.651464,20.081076,18.097836,18.370295,21.036915,21.640053,21.038664,21.84173,19.138628,19.820492,0.0,0.0,0.0,4.0,4.0,0.0,0.0,4.0
39299,2023.0,9.0,30.0,21.0,21.031004,21.761997,19.347847,19.243088,21.026463,21.697664,21.030396,21.792006,20.068417,20.907835,20.26698,22.030169,21.031126,21.615807,21.038523,21.827717,20.095005,21.307146,0.0,0.0,0.0,4.0,0.0,0.0,0.0,4.0
39300,2023.0,9.0,30.0,22.0,21.00383,21.675577,19.039198,18.927534,21.02737,21.701906,21.02977,21.786118,20.034988,20.823992,18.937832,19.176443,21.031385,21.604383,21.038013,21.814335,20.037413,21.10733,0.0,0.0,0.0,0.0,0.0,0.0,0.0,0.0
39301,2023.0,9.0,30.0,22.0,21.036808,21.758354,18.979696,18.88372,21.001196,21.629875,21.029554,21.780497,19.122694,19.034883,18.211788,18.179756,21.030895,21.593159,21.030268,21.8026,18.921938,18.87204,0.0,4.0,0.0,0.0,0.0,0.0,0.0,0.0
39302,2023.0,9.0,30.0,22.0,21.029959,21.736286,19.365276,19.667658,21.032852,21.718552,21.029325,21.775352,18.63391,18.444345,18.063862,18.009392,21.091597,21.688295,21.030869,21.80357,18.383535,18.225672,4.0,0.0,0.0,0.0,0.0,4.0,0.0,0.0
39303,2023.0,9.0,30.0,22.0,21.030565,21.729097,20.09794,20.890198,21.034811,21.702856,21.029112,21.770975,18.581839,18.504812,17.984339,17.92622,21.023949,21.57209,21.030445,21.800695,18.222424,18.064262,0.0,0.0,0.0,0.0,0.0,0.0,0.0,0.0
39304,2023.0,9.0,30.0,22.0,21.022585,21.721844,19.415215,19.476267,21.034126,21.685835,21.029232,21.767546,18.5189,18.452814,17.928015,17.873457,21.031038,21.57915,21.030344,21.797358,18.210663,18.150711,0.0,0.0,0.0,0.0,0.0,0.0,0.0,0.0
39305,2023.0,9.0,30.0,22.0,21.024115,21.728653,19.03106,18.96063,21.025213,21.672558,21.028988,21.763535,19.101831,19.631498,17.880043,17.826077,21.029997,21.569384,21.030228,21.793165,18.167107,18.116493,0.0,0.0,0.0,4.0,0.0,0.0,0.0,0.0
39306,2023.0,9.0,30.0,23.0,21.022995,21.728577,18.919657,18.831806,21.026253,21.675514,21.028954,21.759985,20.130234,21.298029,17.838737,17.785612,21.022272,21.56201,21.03028,21.788637,18.107023,18.06024,0.0,0.0,0.0,0.0,0.0,0.0,0.0,0.0
39307,2023.0,9.0,30.0,23.0,20.439663,20.6081,18.855106,18.767391,20.37477,20.424143,20.304613,20.365683,19.021334,18.999199,17.803967,17.752731,20.423561,20.414686,20.23405,20.251448,18.056337,18.014635,0.0,0.0,0.0,0.0,0.0,0.0,0.0,0.0
39308,2023.0,9.0,30.0,23.0,20.170435,20.238272,18.81161,18.723757,20.040903,19.944187,19.947031,19.86271,18.609688,18.433235,17.778265,17.727268,20.179972,20.089334,19.908495,19.826193,18.75191,19.35896,0.0,0.0,0.0,0.0,0.0,0.0,0.0,4.0
39309,2023.0,9.0,30.0,23.0,20.046003,20.103642,18.7708,18.682446,19.890762,19.775612,19.786316,19.685097,18.587063,18.516764,17.753939,17.702885,20.06788,19.973846,19.753923,19.665981,19.056202,19.769028,0.0,0.0,0.0,0.0,0.0,0.0,0.0,4.0
39310,2023.0,9.0,30.0,23.0,19.96513,20.032696,18.740892,18.658293,19.798857,19.695635,19.686525,19.59834,19.149017,19.641176,17.735073,17.68679,19.98759,19.903755,19.645653,19.56946,18.2937,18.226332,0.0,0.0,0.0,4.0,0.0,0.0,0.0,0.0
39311,2023.0,9.0,30.0,23.0,19.890398,19.959665,18.71072,18.630476,19.713217,19.61195,19.59417,19.507843,18.712048,18.708939,17.716581,17.669472,19.912827,19.832235,19.547457,19.474726,18.063251,17.940134,0.0,0.0,0.0,0.0,0.0,0.0,0.0,0.0
39312,2023.0,10.0,1.0,0.0,19.827139,19.89932,19.11806,19.418356,19.640514,19.542887,19.51591,19.43325,18.43568,18.295855,17.700298,17.654625,19.848267,19.771753,20.465055,21.288511,17.989109,17.871588,4.0,0.0,0.0,0.0,0.0,0.0,4.0,0.0
39313,2023.0,10.0,1.0,0.0,19.767578,19.842941,18.884592,18.906158,19.57254,19.478828,19.442856,19.36419,18.909592,19.271673,17.685246,17.640347,19.788528,19.71195,19.670528,19.592106,18.667646,19.203419,0.0,0.0,0.0,4.0,0.0,0.0,0.0,4.0
39314,2023.0,10.0,1.0,0.0,19.70228,19.784174,18.708755,18.649593,19.499063,19.41278,19.364672,19.293444,18.486574,18.379705,17.671526,17.627079,19.734587,19.658022,19.35772,19.176798,18.154135,18.08033,0.0,0.0,0.0,0.0,0.0,0.0,0.0,0.0
39315,2023.0,10.0,1.0,0.0,19.64143,19.72916,18.644844,18.585655,19.430489,19.351006,19.29221,19.227663,18.915554,19.307892,17.659002,17.615133,19.686434,19.610369,19.249428,19.071264,17.97431,17.860136,0.0,0.0,0.0,4.0,0.0,0.0,0.0,0.0
39316,2023.0,10.0,1.0,0.0,19.58802,19.681374,18.598602,18.545214,19.370073,19.297335,19.228598,19.170698,18.474123,18.379128,17.647482,17.604445,19.643694,19.569084,19.166706,18.995327,18.664106,19.215483,0.0,0.0,0.0,0.0,0.0,0.0,0.0,4.0
39317,2023.0,10.0,1.0,0.0,19.539045,19.635832,19.00707,19.348724,19.31449,19.246204,19.17028,19.116594,18.287283,18.145174,17.6364,17.593939,19.603933,19.529919,19.190687,19.117731,18.13873,18.071417,4.0,0.0,0.0,0.0,0.0,0.0,0.0,0.0
39318,2023.0,10.0,1.0,1.0,19.494043,19.593008,18.72148,18.73656,19.263517,19.19825,19.117102,19.066065,18.299398,18.240116,17.934637,18.162474,19.5671,19.493246,19.164682,19.104494,17.958696,17.846983,0.0,0.0,0.0,0.0,4.0,0.0,0.0,0.0
39319,2023.0,10.0,1.0,1.0,19.453575,19.554985,18.583487,18.541231,19.217894,19.155842,19.069555,19.021423,18.274532,18.225746,17.718416,17.674492,19.53386,19.460806,19.121052,19.060942,17.901382,17.793615,0.0,0.0,0.0,0.0,0.0,0.0,0.0,0.0
39320,2023.0,10.0,1.0,1.0,19.416256,19.518833,18.535467,18.49153,19.17609,19.116587,19.025995,18.98012,18.239399,18.193142,17.665892,17.625282,19.503328,19.43112,19.079998,19.020573,17.923012,17.88547,0.0,0.0,0.0,0.0,0.0,0.0,0.0,0.0
39321,2023.0,10.0,1.0,1.0,19.38403,19.489748,18.962275,19.325813,19.141327,19.087658,18.989744,18.94966,18.209057,18.16711,17.65155,17.613005,19.476755,19.40706,19.04385,18.987057,17.904533,17.871223,4.0,0.0,0.0,0.0,0.0,0.0,0.0,0.0
39322,2023.0,10.0,1.0,1.0,19.353048,19.460503,18.597826,18.54887,19.107521,19.057404,18.95445,18.917791,18.178938,18.137407,17.638487,17.60125,19.451328,19.38322,19.009615,18.95441,18.607157,19.216019,0.0,0.0,0.0,0.0,0.0,0.0,0.0,4.0
39323,2023.0,10.0,1.0,1.0,19.323677,19.432093,18.40754,18.26588,19.075552,19.028059,18.92124,18.88698,18.734097,19.205162,17.62787,17.59158,19.427225,19.360209,18.97739,18.923132,18.922071,19.641947,0.0,0.0,0.0,4.0,0.0,0.0,0.0,4.0
39324,2023.0,10.0,1.0,2.0,19.296873,19.4065,18.439247,18.384531,19.04627,19.001577,18.891243,18.85942,18.3608,18.375908,17.618633,17.583508,19.404974,19.339304,18.947939,18.89496,18.205177,18.177786,0.0,0.0,0.0,0.0,0.0,0.0,0.0,0.0
39325,2023.0,10.0,1.0,2.0,19.956194,20.66723,18.440914,18.409737,19.018925,18.976852,18.86347,18.83386,18.150454,18.049664,17.905859,18.128765,19.384163,19.31987,18.920576,18.868807,17.989237,17.89559,0.0,0.0,0.0,0.0,4.0,0.0,0.0,0.0
39326,2023.0,10.0,1.0,2.0,19.518675,19.70395,18.421028,18.393583,18.993591,18.954245,18.837723,18.810528,18.088594,17.984388,18.053822,18.326221,19.364996,19.30222,18.895432,18.84504,17.924664,17.83488,0.0,0.0,0.0,0.0,4.0,0.0,0.0,0.0
39327,2023.0,10.0,1.0,2.0,19.246693,19.25684,18.401579,18.376202,18.969345,18.932142,18.813084,18.787745,18.111696,18.0711,17.781843,17.76878,19.346996,19.28544,18.87174,18.822338,17.878754,17.793697,0.0,0.0,0.0,0.0,0.0,0.0,0.0,0.0
39328,2023.0,10.0,1.0,2.0,19.169868,19.173288,18.845379,19.22661,18.947252,18.912868,18.790632,18.767889,18.102957,18.068052,18.005913,18.238796,19.330595,19.27075,18.850325,18.802523,17.890734,17.857237,4.0,0.0,0.0,0.0,4.0,0.0,0.0,0.0
39329,2023.0,10.0,1.0,2.0,19.220076,19.323997,18.58813,18.64989,19.606014,20.17164,18.769375,18.749199,18.08527,18.052233,17.815676,17.81969,19.31514,19.25701,18.83046,18.784271,17.87815,17.85226,0.0,4.0,0.0,0.0,0.0,0.0,0.0,0.0
39330,2023.0,10.0,1.0,3.0,19.216007,19.331678,18.445982,18.432364,19.208387,19.279312,18.748823,18.730711,18.068316,18.036516,18.023071,18.25332,19.300459,19.243755,18.811922,18.766994,17.856821,17.831161,0.0,0.0,0.0,0.0,4.0,0.0,0.0,0.0
39331,2023.0,10.0,1.0,3.0,19.193783,19.309376,18.40798,18.389433,18.923557,18.804438,18.728283,18.711163,18.051926,18.020573,17.768003,17.70461,19.286116,19.23007,18.794493,18.750113,17.836687,17.811167,0.0,0.0,0.0,0.0,0.0,0.0,0.0,0.0
39332,2023.0,10.0,1.0,3.0,19.173517,19.289927,18.383112,18.366081,18.848755,18.72199,18.709251,18.693792,18.620321,19.10241,17.68084,17.604008,19.27264,19.217695,18.778423,18.735128,17.819008,17.794361,0.0,0.0,0.0,4.0,0.0,0.0,0.0,0.0
39333,2023.0,10.0,1.0,3.0,19.153547,19.270128,18.362083,18.34586,18.887608,18.846643,18.690306,18.67591,18.242567,18.254795,17.694954,17.662241,19.259056,19.204842,18.762407,18.71977,17.802418,17.778189,0.0,0.0,0.0,0.0,0.0,0.0,0.0,0.0
39334,2023.0,10.0,1.0,3.0,19.13931,19.260565,18.343807,18.32905,18.883564,18.857038,18.672224,18.658932,18.121061,18.093657,17.692133,17.66797,19.245974,19.192732,18.747126,18.70542,18.516445,19.13624,0.0,0.0,0.0,0.0,0.0,0.0,0.0,4.0
39335,2023.0,10.0,1.0,3.0,19.135693,19.268822,18.326761,18.313057,18.863443,18.838974,18.654629,18.642107,18.089342,18.061222,17.974812,18.20758,19.232918,19.180393,18.73206,18.690987,18.047276,18.083427,0.0,0.0,0.0,0.0,4.0,0.0,0.0,0.0
39336,2023.0,10.0,1.0,4.0,19.12165,19.255463,18.311121,18.298529,18.84364,18.820515,18.638048,18.62631,18.064852,18.037148,17.795355,17.802097,19.220219,19.16847,18.717583,18.677208,18.567158,19.131084,0.0,0.0,0.0,0.0,0.0,0.0,0.0,4.0
39337,2023.0,10.0,1.0,4.0,19.106804,19.24069,18.296553,18.284958,18.824541,18.802639,18.622286,18.611233,18.628836,19.114536,17.715055,17.692345,19.207754,19.156738,18.70355,18.663836,18.818539,19.465128,0.0,0.0,0.0,4.0,0.0,0.0,0.0,4.0
39338,2023.0,10.0,1.0,4.0,19.09237,19.226292,18.282806,18.272192,18.806335,18.785563,18.607347,18.596851,18.202456,18.174065,17.696144,17.673456,19.195482,19.145258,18.689945,18.650879,18.172535,18.16189,0.0,0.0,0.0,0.0,0.0,0.0,0.0,0.0
39339,2023.0,10.0,1.0,4.0,19.078556,19.212523,18.26972,18.26009,18.788902,18.769217,18.59294,18.582993,18.658163,19.111387,17.976494,18.211512,19.183418,19.13393,18.676714,18.638283,17.983204,17.914335,0.0,0.0,0.0,4.0,4.0,0.0,0.0,0.0
39340,2023.0,10.0,1.0,4.0,19.065132,19.199032,18.257204,18.248396,18.772026,18.75326,18.578712,18.569302,18.238258,18.199312,17.79124,17.796139,19.171427,19.122576,18.663736,18.62584,17.92044,17.852646,0.0,0.0,0.0,0.0,0.0,0.0,0.0,0.0
39341,2023.0,10.0,1.0,4.0,19.05251,19.186651,18.245672,18.237894,18.756166,18.738674,18.565119,18.556652,18.097647,18.02046,18.035437,18.29602,19.15982,19.111835,18.651325,18.6142,18.699415,19.370705,0.0,0.0,0.0,0.0,4.0,0.0,0.0,4.0
39342,2023.0,10.0,1.0,5.0,19.039877,19.174074,18.234505,18.227552,18.740662,18.724173,18.551762,18.544018,18.053988,17.97819,17.844366,17.866539,19.1482,19.100918,18.639061,18.602543,18.155825,18.166224,0.0,0.0,0.0,0.0,0.0,0.0,0.0,0.0
39343,2023.0,10.0,1.0,5.0,19.027555,19.16197,18.224043,18.218103,18.725933,18.710611,18.539156,18.532251,18.687866,19.20981,17.745758,17.726856,19.868696,20.474297,18.62725,18.59149,18.712555,19.31443,0.0,0.0,0.0,4.0,0.0,4.0,0.0,4.0
39344,2023.0,10.0,1.0,5.0,19.015703,19.150272,18.213974,18.209059,18.711802,18.697525,18.526949,18.520803,18.941153,19.532827,17.721825,17.702812,19.390383,19.421446,18.61572,18.580664,18.94313,19.602228,0.0,0.0,0.0,4.0,0.0,0.0,0.0,4.0
39345,2023.0,10.0,1.0,5.0,19.004993,19.139925,18.204443,18.200706,18.698553,18.685455,18.515486,18.510157,18.369324,18.370962,17.703156,17.684528,19.177992,19.071821,19.571955,20.392323,19.036198,19.695507,0.0,0.0,0.0,0.0,0.0,0.0,4.0,4.0
39346,2023.0,10.0,1.0,5.0,19.655436,20.366924,18.195107,18.192455,18.685799,18.673637,19.16236,19.73231,18.175436,18.10285,17.977287,18.209728,19.117762,19.0012,18.908966,18.913498,19.112406,19.770977,0.0,0.0,4.0,0.0,4.0,0.0,0.0,4.0
39347,2023.0,10.0,1.0,5.0,19.263058,19.48333,18.186085,18.184498,18.673632,18.662336,18.792953,18.888672,18.120386,18.049292,17.810751,17.833364,19.827446,20.37647,19.683804,20.476519,18.43628,18.448956,0.0,0.0,0.0,0.0,0.0,4.0,4.0,0.0
39348,2023.0,10.0,1.0,6.0,19.676712,20.310278,18.17725,18.176517,18.661839,18.651104,18.550322,18.489061,18.11989,18.089888,17.723255,17.706947,20.027296,20.60372,19.923548,20.720451,18.199348,18.128979,0.0,0.0,0.0,0.0,0.0,4.0,4.0,0.0
39349,2023.0,10.0,1.0,6.0,21.205912,22.9194,18.16859,18.16867,21.250885,23.228811,21.259224,23.3232,18.105219,18.082111,17.703735,17.687458,21.17269,22.575233,21.29823,23.101763,18.895054,19.518553,0.0,4.0,0.0,0.0,0.0,4.0,0.0,4.0
39350,2023.0,10.0,1.0,6.0,21.016302,22.337955,18.158716,18.159246,20.984056,22.418386,20.977755,22.458218,18.742424,19.308296,17.984041,18.227161,21.001143,22.066235,21.024021,22.34613,20.124464,21.480595,0.0,4.0,4.0,4.0,4.0,4.0,0.0,4.0
39351,2023.0,10.0,1.0,6.0,21.014084,22.180927,18.14984,18.150688,21.053476,22.386654,21.031841,22.377174,20.142277,21.562387,20.252142,22.100561,21.01239,21.97386,21.044018,22.243135,20.029915,21.16821,0.0,0.0,4.0,4.0,4.0,4.0,0.0,0.0
39352,2023.0,10.0,1.0,6.0,21.015032,22.097298,18.142612,18.14294,21.041353,22.230268,21.023716,22.23703,19.998209,21.084404,20.000206,21.330927,21.039457,21.963211,21.000338,22.02607,18.971298,19.01393,0.0,0.0,4.0,4.0,4.0,0.0,4.0,0.0
39353,2023.0,10.0,1.0,6.0,21.013454,22.034922,18.606653,19.018652,21.040491,22.13324,21.048183,22.218029,20.04191,21.062273,20.04714,21.256744,21.002337,21.800444,21.047152,22.081024,18.476435,18.39971,4.0,0.0,0.0,0.0,0.0,4.0,0.0,0.0
39354,2023.0,10.0,1.0,7.0,21.350983,22.666302,20.178009,21.631905,21.033127,22.061876,21.016712,22.065834,19.096415,19.13921,18.99815,19.105186,21.306808,22.363676,21.037388,22.004412,18.389662,18.356155,4.0,0.0,4.0,0.0,0.0,4.0,0.0,0.0
39355,2023.0,10.0,1.0,7.0,21.01115,21.94427,20.000116,21.075792,21.03312,22.017767,21.046865,22.09769,18.623423,18.54289,18.877783,19.206263,21.005339,21.718988,20.996784,21.84993,19.295204,20.1323,4.0,0.0,0.0,0.0,4.0,4.0,4.0,4.0
39356,2023.0,10.0,1.0,7.0,21.011597,21.922653,20.04006,21.038504,21.03215,21.981081,21.039719,22.040771,18.545584,18.510384,20.16782,21.451199,21.005398,21.694632,21.003813,21.837517,20.315247,21.742323,0.0,0.0,0.0,0.0,0.0,4.0,4.0,0.0
39357,2023.0,10.0,1.0,7.0,21.010801,21.902164,19.513025,19.9033,21.006012,21.881132,21.013847,21.934206,19.236837,19.869326,19.501097,19.976725,21.0046,21.672281,21.042967,21.924068,19.02734,19.084826,4.0,4.0,4.0,4.0,4.0,4.0,0.0,0.0
39358,2023.0,10.0,1.0,7.0,21.038149,21.959248,20.108614,21.06668,21.036386,21.94536,21.01836,21.921232,20.076136,21.134356,20.141401,21.250916,21.00391,21.653086,20.993599,21.771,19.452581,20.21073,4.0,0.0,4.0,4.0,0.0,4.0,4.0,4.0
39359,2023.0,10.0,1.0,7.0,21.03085,21.92316,20.022348,20.838966,21.035942,21.913168,21.042727,21.972786,20.029089,20.94769,19.166517,19.247734,21.003399,21.63636,21.042578,21.8811,20.083767,21.150318,0.0,0.0,0.0,0.0,0.0,4.0,0.0,0.0
39360,2023.0,10.0,1.0,8.0,21.003511,21.828833,19.276102,19.35469,21.00942,21.815128,21.036758,21.939962,19.168365,19.201532,18.649508,18.582321,21.033272,21.700348,21.03289,21.83944,19.098898,19.138556,0.0,4.0,0.0,0.0,0.0,0.0,0.0,0.0
39361,2023.0,10.0,1.0,8.0,20.800455,21.430761,19.33515,19.719131,20.157827,20.197332,20.12908,20.17942,18.75619,18.69721,18.911072,19.195515,20.29601,20.25866,20.161917,20.142109,18.658278,18.610611,4.0,0.0,0.0,0.0,4.0,0.0,0.0,0.0
39362,2023.0,10.0,1.0,8.0,20.178396,20.310043,20.083288,21.005564,19.787823,19.688543,19.813828,19.798359,18.66255,18.599794,20.160769,21.368502,20.027975,19.896793,19.841757,19.729082,19.48308,20.255606,4.0,0.0,0.0,0.0,0.0,0.0,0.0,4.0
39363,2023.0,10.0,1.0,8.0,19.844257,19.906855,20.022772,20.818855,19.609665,19.512444,19.654955,19.647083,19.343431,19.956284,19.23865,19.42157,20.62433,21.141579,19.732384,19.680786,20.073069,21.091597,0.0,0.0,0.0,4.0,0.0,4.0,0.0,0.0
39364,2023.0,10.0,1.0,8.0,19.70352,19.759718,19.662361,20.049421,19.546095,19.515482,19.522644,19.515982,20.091684,21.098063,18.717236,18.713692,20.830082,21.384043,19.63582,19.594791,19.154167,19.216206,4.0,0.0,0.0,0.0,0.0,4.0,0.0,0.0
39365,2023.0,10.0,1.0,8.0,20.284168,20.933931,20.093233,20.91556,19.477713,19.461582,20.07662,20.652046,19.210964,19.275816,18.584616,18.564024,20.195667,20.167307,19.543589,19.506458,18.730974,18.698294,0.0,0.0,4.0,0.0,0.0,0.0,0.0,0.0
39366,2023.0,10.0,1.0,9.0,20.464853,21.11553,19.718693,20.10842,19.402315,19.389751,19.704624,19.81177,18.803295,18.767733,18.51306,18.494402,19.903872,19.8055,19.46558,19.431435,19.472658,20.19705,4.0,0.0,0.0,0.0,0.0,0.0,0.0,4.0
39367,2023.0,10.0,1.0,9.0,19.927263,20.09056,20.077906,20.804413,19.348677,19.339151,19.416355,19.379303,18.737474,18.716438,18.470594,18.453394,19.823723,19.726551,20.41659,21.280617,20.085896,21.162497,0.0,0.0,0.0,0.0,0.0,0.0,4.0,0.0
39368,2023.0,10.0,1.0,9.0,20.310566,20.985462,19.777597,20.172863,19.2942,19.28908,19.286385,19.245815,18.686052,18.670647,18.42914,18.416433,19.764069,19.676176,19.82526,19.863728,19.169405,19.257702,4.0,0.0,0.0,0.0,0.0,0.0,0.0,0.0
39369,2023.0,10.0,1.0,9.0,19.836443,20.001698,20.06936,20.748346,19.252924,19.249933,19.252188,19.249567,18.647738,18.63311,18.40126,18.389837,19.764622,19.724957,19.548008,19.483677,18.85862,18.82581,0.0,0.0,0.0,0.0,0.0,0.0,0.0,0.0
39370,2023.0,10.0,1.0,9.0,19.581913,19.694386,19.788555,20.164467,19.209936,19.21038,19.203205,19.20989,18.60958,18.597044,18.373672,18.365162,19.74154,19.710337,19.44533,19.385004,18.753805,18.733448,4.0,0.0,0.0,0.0,0.0,0.0,0.0,0.0
39371,2023.0,10.0,1.0,9.0,20.21556,20.93884,20.04297,20.65679,19.17846,19.183033,19.160366,19.171675,18.584955,18.574385,18.35704,18.350653,19.71516,19.687153,19.389769,19.337414,18.692059,18.675161,4.0,0.0,0.0,0.0,0.0,0.0,0.0,0.0
39372,2023.0,10.0,1.0,10.0,20.397568,21.094028,20.022408,20.63001,19.831991,20.446447,19.114695,19.130291,18.560299,18.551727,18.340261,18.336103,19.687399,19.661852,19.35885,19.331505,18.632114,18.618044,0.0,4.0,0.0,0.0,0.0,0.0,0.0,0.0
39373,2023.0,10.0,1.0,10.0,19.853338,20.039976,19.477188,19.577919,19.488295,19.604141,19.76191,20.387764,18.541824,18.535786,18.32874,18.327684,19.66468,19.641748,19.32631,19.304056,18.583467,18.572117,0.0,0.0,4.0,0.0,0.0,0.0,0.0,0.0
39374,2023.0,10.0,1.0,10.0,20.33634,21.055506,19.679586,20.082283,19.280819,19.298107,19.36039,19.498114,18.532036,18.528217,18.324266,18.325752,19.649725,19.629139,19.300354,19.281021,19.450283,20.239859,4.0,0.0,0.0,0.0,0.0,0.0,0.0,4.0
39375,2023.0,10.0,1.0,10.0,19.859129,20.060543,20.034857,20.696072,19.219618,19.238554,19.798164,20.39791,18.524658,18.523178,18.322266,18.326544,19.636772,19.618378,19.277308,19.260345,20.08466,21.214,4.0,0.0,4.0,0.0,0.0,0.0,0.0,0.0
39376,2023.0,10.0,1.0,10.0,20.24206,20.94294,20.003035,20.605091,19.840233,20.447021,19.97668,20.569168,18.518425,18.51936,18.322512,18.329472,19.62468,19.608618,19.255838,19.241653,19.203176,19.347816,4.0,4.0,4.0,0.0,0.0,0.0,0.0,0.0
39377,2023.0,10.0,1.0,10.0,19.86525,20.081127,20.024977,20.647589,20.058817,20.657883,19.471985,19.589705,18.515676,18.518759,18.716324,19.070503,20.392084,21.07693,19.23824,19.226063,18.809046,18.83486,0.0,4.0,0.0,0.0,4.0,4.0,0.0,0.0
39378,2023.0,10.0,1.0,11.0,19.650963,19.836143,19.5309,19.683104,19.566626,19.700647,19.857035,20.463615,18.515635,18.520807,20.177414,21.515839,19.981173,20.064898,19.225452,19.215443,18.708654,18.710167,0.0,0.0,4.0,0.0,0.0,0.0,0.0,0.0
39379,2023.0,10.0,1.0,11.0,19.599205,19.790531,19.252531,19.338266,19.937586,20.537525,19.511223,19.663687,18.517122,18.523829,19.268686,19.527859,19.742584,19.74199,19.21545,19.20715,18.65823,18.658243,0.0,4.0,0.0,0.0,0.0,0.0,0.0,0.0
39380,2023.0,10.0,1.0,11.0,19.563742,19.754211,19.582804,20.014223,19.540257,19.689404,19.315346,19.390324,19.24094,19.887026,18.87557,18.892548,19.713623,19.711226,19.209454,19.202484,18.633343,18.633825,4.0,0.0,0.0,4.0,0.0,0.0,0.0,0.0
39381,2023.0,10.0,1.0,11.0,20.22394,21.02247,20.065205,20.83907,19.363003,19.439598,19.259478,19.341463,20.11075,21.282785,18.795914,18.798235,19.69483,19.685425,19.205763,19.200201,18.614681,18.617039,0.0,0.0,0.0,0.0,0.0,0.0,0.0,0.0
39382,2023.0,10.0,1.0,11.0,20.444908,21.221197,19.875175,20.375708,19.309362,19.394238,19.185946,19.24485,19.281553,19.481344,18.749237,18.753725,19.682135,19.673153,19.203102,19.198912,18.597593,18.602129,4.0,0.0,0.0,0.0,0.0,0.0,0.0,0.0
39383,2023.0,10.0,1.0,11.0,19.91676,20.18,20.028273,20.650963,19.244036,19.299595,19.140585,19.196283,19.702112,20.36531,18.725754,18.731026,19.676569,19.668577,19.202112,19.199213,18.587473,18.593445,4.0,0.0,0.0,4.0,0.0,0.0,0.0,0.0
39384,2023.0,10.0,1.0,12.0,19.69888,19.920013,20.018122,20.629215,19.196686,19.249336,19.104437,19.162825,20.050793,20.84882,18.705631,18.71363,19.671799,19.665335,19.201397,19.200006,18.577385,18.585197,0.0,0.0,0.0,0.0,0.0,0.0,0.0,0.0
39385,2023.0,10.0,1.0,12.0,21.195456,22.585798,19.594267,19.799458,21.203072,22.816914,21.222681,22.956692,19.471468,19.64814,18.691385,18.702112,21.19493,22.344406,21.281618,22.817863,18.568987,18.578007,0.0,4.0,0.0,0.0,0.0,0.0,0.0,0.0
39386,2023.0,10.0,1.0,12.0,21.002657,22.06892,19.724047,20.187008,20.983364,22.174221,20.9776,22.221596,19.894112,20.604908,18.679718,18.691925,21.006628,21.882343,20.967382,22.0351,18.56303,18.572912,4.0,4.0,4.0,4.0,0.0,0.0,4.0,0.0
39387,2023.0,10.0,1.0,12.0,20.997414,21.955965,20.034595,20.673239,21.012371,22.10208,21.039707,22.231604,20.097431,20.79906,18.672096,18.685946,21.02111,21.81181,21.03994,22.076612,18.561113,18.572462,4.0,4.0,0.0,4.0,0.0,0.0,0.0,0.0
39388,2023.0,10.0,1.0,12.0,21.011562,21.9269,20.035448,20.653334,21.07108,22.147886,21.032274,22.080496,20.03802,20.653965,18.668547,18.684626,21.075962,21.812365,21.06419,22.011517,18.562387,18.575478,0.0,0.0,4.0,0.0,0.0,4.0,0.0,0.0
39389,2023.0,10.0,1.0,12.0,21.028605,21.948042,19.597033,19.79108,21.023085,21.985006,21.03439,22.060686,19.542782,19.67595,18.667725,18.686123,21.015167,21.674105,21.020805,21.86353,18.565525,18.580387,0.0,0.0,0.0,0.0,0.0,0.0,0.0,0.0
39390,2023.0,10.0,1.0,13.0,21.022627,21.90319,19.726654,20.168547,21.00322,21.875319,21.029905,22.002144,20.04483,20.757357,18.668104,18.688784,21.019764,21.644833,21.024925,21.818161,18.569965,18.586662,4.0,4.0,0.0,4.0,0.0,0.0,0.0,0.0
39391,2023.0,10.0,1.0,13.0,21.021725,21.873323,20.054333,20.711136,21.033361,21.92273,21.028282,21.959848,19.985489,20.523558,18.668571,18.690159,21.01765,21.609888,21.021448,21.771921,18.574009,18.591448,0.0,0.0,0.0,0.0,0.0,0.0,0.0,0.0
39392,2023.0,10.0,1.0,13.0,21.021452,21.850618,19.57008,19.729914,21.02581,21.876583,21.027918,21.929728,19.57036,19.70015,18.669611,18.691845,21.220325,21.948105,21.022648,21.742886,18.577806,18.59577,0.0,0.0,0.0,0.0,0.0,4.0,0.0,0.0
39393,2023.0,10.0,1.0,13.0,21.020742,21.831038,19.72808,20.184338,21.025887,21.850391,21.026892,21.903868,19.361622,19.428026,18.670807,18.693747,20.987598,21.4918,21.021648,21.71591,18.581924,18.600517,4.0,0.0,0.0,0.0,0.0,0.0,0.0,0.0
39394,2023.0,10.0,1.0,13.0,21.020267,21.815197,20.033306,20.65447,21.023844,21.82601,21.026224,21.882639,19.233644,19.237085,18.672884,18.696587,21.020496,21.546734,21.021229,21.694546,18.586277,18.605497,4.0,0.0,0.0,0.0,0.0,0.0,0.0,0.0
39395,2023.0,10.0,1.0,13.0,21.042782,21.84486,20.033312,20.631369,21.05144,21.860126,21.055246,21.920038,19.17144,19.175419,18.676298,18.700676,21.033808,21.559479,21.045383,21.721903,18.590988,18.610712,0.0,0.0,0.0,0.0,0.0,0.0,0.0,0.0
39396,2023.0,10.0,1.0,14.0,21.01606,21.781933,19.62272,19.821342,20.993904,21.710888,21.021753,21.83896,19.137028,19.143559,18.680483,18.70506,21.013687,21.510809,21.017523,21.651514,18.596098,18.61609,0.0,4.0,0.0,0.0,0.0,0.0,0.0,0.0
39397,2023.0,10.0,1.0,14.0,20.496025,20.773136,19.794382,20.269966,20.391098,20.578215,20.342115,20.520235,19.110434,19.119818,18.686407,18.712215,21.285166,21.997244,20.444895,20.534782,18.602705,18.623596,4.0,0.0,0.0,0.0,0.0,4.0,0.0,0.0
39398,2023.0,10.0,1.0,14.0,20.988083,21.821041,20.037468,20.676777,20.143442,20.248327,20.70295,21.35424,19.094074,19.104923,18.69364,18.721054,21.352734,22.05591,20.21218,20.2058,18.609955,18.631985,0.0,0.0,4.0,0.0,0.0,4.0,0.0,0.0
39399,2023.0,10.0,1.0,14.0,21.105719,21.893438,19.637424,19.861492,20.024633,20.134274,20.80987,21.456049,19.079012,19.091965,19.0721,19.425411,20.733866,20.853743,20.092392,20.083113,18.618128,18.641066,0.0,0.0,4.0,0.0,4.0,0.0,0.0,0.0
39400,2023.0,10.0,1.0,14.0,21.11774,21.903576,19.422289,19.52719,19.908028,19.973742,20.27185,20.456848,19.070463,19.084919,20.11686,21.170086,21.235641,21.896036,20.024908,20.015917,18.626293,18.650095,0.0,0.0,0.0,0.0,4.0,4.0,0.0,0.0
39401,2023.0,10.0,1.0,14.0,20.567287,20.861233,19.318266,19.409096,19.813938,19.873663,20.566261,21.195988,19.062551,19.078829,20.007002,20.817656,20.771862,20.8922,19.959995,19.953392,18.634602,18.659288,0.0,0.0,4.0,0.0,0.0,0.0,0.0,0.0
39402,2023.0,10.0,1.0,15.0,20.92965,21.719662,19.695312,20.165411,19.747866,19.808708,20.180634,20.371058,19.055855,19.07388,19.495201,19.731443,21.27043,21.994514,19.905462,19.901085,18.642979,18.668608,4.0,0.0,0.0,0.0,0.0,4.0,0.0,0.0
39403,2023.0,10.0,1.0,15.0,21.03574,21.832363,20.046038,20.734995,19.702238,19.762575,19.98983,20.124172,19.050032,19.067879,19.302336,19.430191,20.721727,20.858084,19.8667,19.862617,18.64883,18.673933,0.0,0.0,0.0,0.0,0.0,0.0,0.0,0.0
39404,2023.0,10.0,1.0,15.0,21.06584,21.850962,19.577145,19.758398,20.325022,20.976782,20.516039,21.19625,19.043966,19.061834,19.158516,19.194065,20.444672,20.487013,19.826437,19.82357,18.653605,18.678055,0.0,4.0,4.0,0.0,0.0,0.0,0.0,0.0
39405,2023.0,10.0,1.0,15.0,21.093441,21.87489,19.81492,20.285255,20.48881,21.149887,20.081598,20.28167,19.04007,19.057919,19.09514,19.113865,20.381046,20.413984,19.79669,19.794312,18.657104,18.681082,4.0,4.0,0.0,0.0,0.0,0.0,0.0,0.0
39406,2023.0,10.0,1.0,15.0,21.116678,21.894665,20.01066,20.58401,20.020765,20.225143,19.895199,20.0311,19.036762,19.05483,19.063786,19.0818,21.084555,21.779236,19.770485,19.76938,19.55325,20.370632,4.0,0.0,0.0,0.0,0.0,4.0,0.0,4.0
39407,2023.0,10.0,1.0,15.0,21.139462,21.914278,20.015095,20.57352,19.79298,19.92971,19.81504,19.949158,19.033703,19.051992,19.03472,19.053137,20.652426,20.778677,19.743313,19.743004,20.054184,21.006395,0.0,0.0,0.0,0.0,0.0,0.0,0.0,0.0
39408,2023.0,10.0,1.0,16.0,21.159939,21.931362,20.025455,20.542356,20.346697,21.01277,19.706749,19.788809,19.031597,19.050108,19.011986,19.031607,21.16135,21.882957,19.719322,19.719942,19.372976,19.56375,4.0,4.0,0.0,0.0,0.0,4.0,0.0,0.0
39409,2023.0,10.0,1.0,16.0,21.179995,21.950949,20.041475,20.554026,19.972004,20.18939,20.29204,20.930515,19.031178,19.050156,18.997765,19.018166,20.649906,20.802448,20.693722,21.578379,19.166206,19.260149,4.0,0.0,4.0,0.0,0.0,0.0,4.0,0.0
39410,2023.0,10.0,1.0,16.0,20.647963,20.940325,20.009958,20.50257,19.793825,19.926025,20.463694,21.122961,19.031557,19.051046,18.985521,19.00664,21.151293,21.821882,20.123589,20.28209,19.04616,19.07065,0.0,0.0,4.0,0.0,0.0,4.0,0.0,0.0
39411,2023.0,10.0,1.0,16.0,21.021214,21.810875,20.06418,20.57355,19.739979,19.870691,19.972652,20.154072,19.031696,19.051584,18.97401,18.996206,21.36989,22.077984,19.835535,19.89927,18.975128,18.99057,4.0,0.0,0.0,0.0,0.0,4.0,0.0,0.0
39412,2023.0,10.0,1.0,16.0,20.551697,20.841703,20.005371,20.470428,19.652784,19.725859,20.448324,21.134523,19.032131,19.05227,18.966984,18.989763,20.76198,20.883324,19.799408,19.856253,18.945944,18.96078,0.0,0.0,4.0,0.0,0.0,0.0,0.0,0.0
39413,2023.0,10.0,1.0,16.0,20.325647,20.571674,20.079334,20.583857,20.259548,20.907082,20.605194,21.267792,19.739635,20.386848,18.959986,18.983795,20.500628,20.541733,19.781748,19.840076,18.921732,18.937593,4.0,4.0,4.0,4.0,0.0,0.0,0.0,0.0
39414,2023.0,10.0,1.0,17.0,20.896387,21.685371,20.002161,20.446772,19.913393,20.123007,20.100927,20.294329,20.03593,20.779596,18.95559,18.979872,21.188263,21.893347,19.720087,19.728937,18.906794,18.923153,0.0,0.0,0.0,0.0,0.0,4.0,0.0,0.0
39415,2023.0,10.0,1.0,17.0,21.096514,21.882406,20.08992,20.589306,19.701681,19.841522,19.860546,19.99625,19.540228,19.708014,18.949877,18.974024,20.736135,20.858644,19.685806,19.690144,18.891035,18.907524,4.0,0.0,0.0,0.0,0.0,0.0,0.0,0.0
39416,2023.0,10.0,1.0,17.0,21.140299,21.919296,20.000488,20.428818,19.665535,19.796432,19.796398,19.924757,19.388897,19.47827,18.944954,18.968536,20.539652,20.571144,20.66535,21.555325,18.8796,18.896004,0.0,0.0,0.0,0.0,0.0,0.0,4.0,0.0
39417,2023.0,10.0,1.0,17.0,21.179554,21.952797,19.740948,19.929247,19.58966,19.66501,19.745573,19.871408,19.341845,19.425507,18.939089,18.962471,21.205206,21.895582,20.186752,20.33092,18.867046,18.88346,0.0,0.0,0.0,0.0,0.0,4.0,0.0,0.0
39418,2023.0,10.0,1.0,17.0,20.63983,20.913702,19.570095,19.662703,19.54913,19.610094,19.66308,19.738972,19.260586,19.281776,18.933561,18.956749,20.690893,20.808372,19.971853,20.01552,18.857115,18.873428,0.0,0.0,0.0,0.0,0.0,0.0,0.0,0.0
39419,2023.0,10.0,1.0,17.0,21.057951,21.8027,19.913893,20.357872,20.180332,20.812721,19.612831,19.679708,19.22026,19.23469,18.926697,18.950298,20.496061,20.520964,19.907661,19.950346,19.736534,20.544537,4.0,4.0,0.0,0.0,0.0,0.0,0.0,4.0
39420,2023.0,10.0,1.0,18.0,20.611496,20.88504,20.012249,20.497791,20.37857,21.03507,19.578587,19.643595,19.913399,20.563396,18.91871,18.942572,21.179884,21.866499,19.866373,19.90777,20.037153,20.92293,0.0,4.0,0.0,4.0,0.0,4.0,0.0,0.0
39421,2023.0,10.0,1.0,18.0,21.100012,21.89666,20.048609,20.512278,21.083914,22.19529,21.182756,22.525635,20.222054,20.905693,19.268349,19.606592,20.986979,21.392685,21.255117,22.42896,19.40911,19.582672,4.0,4.0,0.0,4.0,4.0,0.0,0.0,0.0
39422,2023.0,10.0,1.0,18.0,21.193937,21.950228,20.086088,20.558435,21.019577,21.968658,21.001812,21.9953,19.986073,20.436506,20.101553,20.97601,21.018116,21.443665,21.003147,21.798153,19.11563,19.190098,4.0,0.0,0.0,0.0,0.0,0.0,0.0,0.0
39423,2023.0,10.0,1.0,18.0,20.994328,21.589552,20.107859,20.573246,21.025795,21.89495,21.026993,21.94168,19.632832,19.732752,19.483545,19.645351,21.013727,21.42298,21.256458,22.161482,19.95543,20.819637,4.0,0.0,0.0,0.0,0.0,0.0,4.0,4.0
39424,2023.0,10.0,1.0,18.0,21.177164,21.907602,19.999792,20.386211,21.02411,21.827873,21.023146,21.863737,20.137102,20.790457,19.15095,19.178438,21.364359,22.062323,20.986992,21.605293,19.999292,20.66927,0.0,0.0,0.0,4.0,0.0,4.0,0.0,0.0
39425,2023.0,10.0,1.0,18.0,20.991367,21.548365,19.723736,19.855145,21.023613,21.778858,20.997263,21.74235,19.979105,20.369726,19.078321,19.093613,20.966574,21.276197,21.311665,22.161964,19.45393,19.55463,0.0,0.0,4.0,0.0,0.0,0.0,4.0,0.0
39426,2023.0,10.0,1.0,19.0,21.018337,21.599388,19.570826,19.665737,20.995497,21.669355,21.002407,21.722424,19.649078,19.721512,19.413824,19.752638,21.018984,21.386347,21.43314,22.265045,20.128326,20.976065,0.0,4.0,4.0,0.0,4.0,0.0,4.0,4.0
39427,2023.0,10.0,1.0,19.0,21.205679,21.922024,19.925913,20.37613,21.002563,21.659681,21.02952,21.770824,19.478626,19.510548,20.085419,20.849237,21.013264,21.375109,20.965538,21.421638,19.977034,20.51799,4.0,4.0,0.0,0.0,0.0,0.0,0.0,0.0
39428,2023.0,10.0,1.0,19.0,21.267065,21.97267,20.009491,20.446884,21.027716,21.712559,21.023153,21.73101,20.121012,20.770357,19.509655,19.629927,21.014,21.374775,21.025778,21.54391,19.504045,19.57519,0.0,0.0,0.0,4.0,0.0,0.0,0.0,0.0
39429,2023.0,10.0,1.0,19.0,21.28892,21.987923,20.072664,20.519949,21.021004,21.678123,21.02273,21.706707,19.965546,20.331322,19.207039,19.21749,21.012442,21.37243,21.017378,21.521246,19.288315,19.314678,4.0,0.0,0.0,0.0,0.0,0.0,0.0,0.0
39430,2023.0,10.0,1.0,19.0,21.304298,21.99479,20.002777,20.38585,21.022144,21.66066,20.995989,21.614384,19.62104,19.654728,19.140959,19.148676,21.40406,22.100803,21.019194,21.516495,19.2191,19.242878,0.0,0.0,4.0,0.0,0.0,4.0,0.0,0.0
39431,2023.0,10.0,1.0,19.0,20.977308,21.430468,19.701986,19.797663,21.019224,21.642185,21.028915,21.689947,19.475279,19.49052,19.102053,19.110338,20.96139,21.228033,21.018473,21.50666,19.154943,19.159159,0.0,0.0,0.0,0.0,0.0,0.0,0.0,0.0
39432,2023.0,10.0,1.0,20.0,21.02031,21.530506,19.968143,20.398521,21.019144,21.630554,20.995161,21.589731,19.406572,19.408558,19.069489,19.077732,21.020918,21.357666,21.01659,21.498997,19.110876,19.114632,4.0,0.0,4.0,0.0,0.0,0.0,0.0,0.0
39433,2023.0,10.0,1.0,20.0,21.013918,21.52273,20.052061,20.457508,21.018774,21.619692,21.002455,21.59707,19.36147,19.362114,19.040686,19.048708,21.347103,21.96286,21.016846,21.495258,19.078543,19.082083,4.0,0.0,4.0,0.0,0.0,4.0,0.0,0.0
39434,2023.0,10.0,1.0,20.0,21.01525,21.524958,20.061806,20.457872,21.01905,21.610504,21.001877,21.590803,20.066086,20.726517,19.016216,19.024931,20.973064,21.237282,21.01665,21.490107,19.052874,19.057848,4.0,0.0,4.0,4.0,0.0,0.0,0.0,0.0
39435,2023.0,10.0,1.0,20.0,21.30648,22.059437,20.006369,20.364622,21.018635,21.601076,21.028791,21.658672,19.97584,20.37598,18.992807,19.000298,21.34126,21.943348,21.016283,21.484797,19.029509,19.034346,0.0,0.0,0.0,0.0,0.0,4.0,0.0,0.0
39436,2023.0,10.0,1.0,20.0,20.969206,21.402308,19.693039,19.754715,21.078093,21.677559,20.995998,21.56099,20.24865,20.83271,18.9729,18.980705,21.433718,22.018578,21.495832,22.362896,19.009678,19.014864,0.0,4.0,4.0,4.0,0.0,4.0,4.0,0.0
39437,2023.0,10.0,1.0,20.0,21.022055,21.514385,19.518158,19.532608,21.013405,21.566412,21.029497,21.64084,19.972569,20.281076,18.951889,18.955904,20.960848,21.176249,21.563957,22.320751,18.990374,18.99321,0.0,0.0,0.0,0.0,0.0,0.0,4.0,0.0
39438,2023.0,10.0,1.0,21.0,21.01424,21.500536,19.471418,19.49889,21.022385,21.574726,20.995735,21.542156,19.632532,19.621471,19.281301,19.588364,21.020117,21.31199,20.94863,21.243814,18.973124,18.974298,0.0,0.0,4.0,0.0,4.0,0.0,0.0,0.0
39439,2023.0,10.0,1.0,21.0,21.01216,21.501509,19.435524,19.46359,21.021206,21.562355,21.028713,21.622597,19.46968,19.440434,20.088047,20.890577,21.330416,21.891573,21.445427,22.202072,18.957777,18.957367,0.0,0.0,0.0,0.0,4.0,4.0,4.0,0.0
39440,2023.0,10.0,1.0,21.0,21.012642,21.504652,19.834019,20.23824,21.017561,21.552767,20.996025,21.526285,20.164095,20.813374,19.996723,20.602259,20.97391,21.204449,20.953222,21.241844,18.94394,18.94187,4.0,0.0,4.0,4.0,4.0,0.0,0.0,0.0
39441,2023.0,10.0,1.0,21.0,21.01176,21.50414,20.017952,20.47174,21.017883,21.549713,21.028788,21.607029,19.965782,20.276583,20.02413,20.598059,21.32557,21.880693,21.454205,22.206596,18.931284,18.927446,0.0,0.0,0.0,0.0,0.0,4.0,4.0,0.0
39442,2023.0,10.0,1.0,21.0,21.012259,21.504765,20.053114,20.473383,21.017727,21.545086,21.022299,21.58364,19.615461,19.593945,19.500721,19.533113,21.420862,21.96654,21.59551,22.323086,19.79719,20.572168,4.0,0.0,0.0,0.0,0.0,4.0,4.0,4.0
39443,2023.0,10.0,1.0,21.0,21.012367,21.503971,19.998594,20.345377,21.017567,21.53997,21.022753,21.573227,19.43696,19.3867,19.559137,19.805016,20.968653,21.16114,20.941908,21.168884,20.021368,20.705332,4.0,0.0,0.0,0.0,4.0,0.0,0.0,0.0
39444,2023.0,10.0,1.0,22.0,21.011936,21.503107,20.000677,20.33258,21.017567,21.53555,21.018188,21.562654,20.16116,20.818308,20.071651,20.661774,21.020004,21.285494,21.026865,21.370504,19.384773,19.38797,4.0,0.0,0.0,4.0,0.0,0.0,0.0,0.0
39445,2023.0,10.0,1.0,22.0,21.302385,22.031528,20.017557,20.368277,21.017557,21.531538,21.018745,21.56094,19.966328,20.274593,19.508982,19.507414,21.014862,21.285994,21.017212,21.366558,19.123726,19.083733,0.0,0.0,0.0,0.0,0.0,0.0,0.0,0.0
39446,2023.0,10.0,1.0,22.0,20.963291,21.370026,20.01631,20.32675,21.017271,21.527245,21.018532,21.557753,19.57382,19.505493,19.279125,19.262146,21.015743,21.293253,21.018719,21.37668,19.090893,19.080795,4.0,0.0,0.0,0.0,0.0,0.0,0.0,0.0
39447,2023.0,10.0,1.0,22.0,21.023048,21.489773,20.016148,20.340342,21.01749,21.523989,21.018587,21.555157,20.011326,20.466793,19.216951,19.195711,21.0115,21.295874,21.447807,22.164886,19.059792,19.044598,0.0,0.0,0.0,4.0,0.0,0.0,4.0,0.0
39448,2023.0,10.0,1.0,22.0,21.015827,21.474695,19.664597,19.655676,21.017435,21.520145,21.018764,21.552889,20.21979,20.679438,19.165182,19.143524,21.01235,21.304487,20.955736,21.212141,19.805525,20.479656,0.0,0.0,0.0,4.0,0.0,0.0,0.0,4.0
39449,2023.0,10.0,1.0,22.0,21.010977,21.472654,19.524115,19.520567,21.016893,21.515608,21.018312,21.54898,19.980701,20.237186,19.118063,19.09233,21.012169,21.308764,21.029303,21.376432,20.022537,20.641397,0.0,0.0,0.0,0.0,0.0,0.0,0.0,0.0
39450,2023.0,10.0,1.0,23.0,21.012323,21.47873,19.48039,19.478422,21.017475,21.51325,21.018599,21.54626,19.610807,19.529768,19.079521,19.053303,21.398422,22.028702,21.017006,21.359076,19.398916,19.358973,0.0,0.0,0.0,0.0,0.0,4.0,0.0,0.0
39451,2023.0,10.0,1.0,23.0,20.691238,20.863447,19.437773,19.434874,20.565416,20.640568,20.534227,20.612028,19.435595,19.338703,19.33807,19.565351,20.747004,20.673311,20.536472,20.439259,19.147831,19.079144,0.0,0.0,0.0,0.0,4.0,0.0,0.0,0.0
39452,2023.0,10.0,1.0,23.0,20.554806,20.685318,19.4064,19.401608,20.351038,20.338167,20.312529,20.30786,19.437973,19.401426,19.15058,19.154394,20.509495,20.353785,20.438778,20.38701,19.926664,20.6065,0.0,0.0,0.0,0.0,0.0,0.0,0.0,4.0
39453,2023.0,10.0,1.0,23.0,20.487076,20.614536,19.377623,19.3719,20.253826,20.231997,20.210903,20.199102,19.415913,19.384277,19.053171,19.023592,21.128363,21.606339,20.379278,20.337635,19.351036,19.331303,0.0,0.0,0.0,0.0,0.0,4.0,0.0,0.0
39454,2023.0,10.0,1.0,23.0,20.432125,20.5565,19.351257,19.344309,20.181581,20.157572,20.133663,20.119793,19.383057,19.350277,19.318436,19.545269,20.592445,20.492678,20.315622,20.275274,19.146095,19.060703,0.0,0.0,0.0,0.0,4.0,0.0,0.0,0.0
39455,2023.0,10.0,1.0,23.0,20.38372,20.504488,19.325735,19.316591,20.11859,20.09098,20.066145,20.048548,19.351439,19.31641,19.09516,19.06601,20.393286,20.227942,20.254725,20.209352,19.081573,18.992548,0.0,0.0,0.0,0.0,0.0,0.0,0.0,0.0
39456,2023.0,10.0,2.0,0.0,20.346874,20.470669,19.303219,19.293097,20.065987,20.038033,20.00977,19.991844,19.323109,19.28703,19.348028,19.596655,20.31879,20.154333,20.202847,20.156624,19.095505,19.069407,0.0,0.0,0.0,0.0,4.0,0.0,0.0,0.0
39457,2023.0,10.0,2.0,0.0,20.322088,20.45702,19.283508,19.273804,20.021545,19.99605,19.962194,19.946884,19.870672,20.336899,19.130016,19.132133,20.35608,20.292698,21.065569,21.822723,19.072262,19.044533,0.0,0.0,0.0,4.0,0.0,0.0,4.0,0.0
39458,2023.0,10.0,2.0,0.0,20.293404,20.42896,19.263706,19.252996,19.978767,19.95284,19.916334,19.900574,19.51413,19.540745,19.316643,19.532553,20.338776,20.28519,20.366007,20.309437,19.044815,19.015942,0.0,0.0,0.0,0.0,4.0,0.0,0.0,0.0
39459,2023.0,10.0,2.0,0.0,20.263075,20.396332,19.244278,19.23183,19.938505,19.910774,19.872988,19.855368,19.286308,19.17477,19.021416,18.915909,20.301525,20.246119,20.115345,19.970118,19.019083,18.988398,0.0,0.0,0.0,0.0,0.0,0.0,0.0,0.0
39460,2023.0,10.0,2.0,0.0,20.234468,20.365482,19.225224,19.21052,19.90067,19.870615,19.832329,19.81223,19.214401,19.092426,18.907045,18.780682,20.266348,20.208775,20.032791,19.88494,18.995306,18.96293,0.0,0.0,0.0,0.0,0.0,0.0,0.0,0.0
39461,2023.0,10.0,2.0,0.0,20.20823,20.33802,19.207952,19.192345,19.867346,19.837135,19.79661,19.776327,19.257164,19.223251,18.951384,18.915016,20.23462,20.176174,20.071127,20.026012,18.97401,18.940718,0.0,0.0,0.0,0.0,0.0,0.0,0.0,0.0
39462,2023.0,10.0,2.0,1.0,20.184147,20.313688,19.641104,20.019533,19.83824,19.810026,19.76545,19.747282,19.23843,19.197243,18.933537,18.891752,20.206463,20.148521,20.040695,19.990622,18.955006,18.92164,4.0,0.0,0.0,0.0,0.0,0.0,0.0,0.0
39463,2023.0,10.0,2.0,1.0,20.160776,20.289717,19.387354,19.449472,19.809692,19.782137,19.734854,19.717314,19.801943,20.274868,18.911606,18.86946,20.179646,20.121593,20.006655,19.956556,18.937067,18.90343,0.0,0.0,0.0,4.0,0.0,0.0,0.0,0.0
39464,2023.0,10.0,2.0,1.0,20.138721,20.266966,19.253302,19.24369,20.450945,21.012674,19.705986,19.68884,19.426601,19.4377,18.891644,18.849087,20.154669,20.096338,19.974895,19.924559,18.92027,18.886278,0.0,4.0,0.0,0.0,0.0,0.0,0.0,0.0
39465,2023.0,10.0,2.0,1.0,20.117939,20.245485,19.216583,19.201069,20.053093,20.12772,19.678747,19.661957,19.21329,19.096172,18.872992,18.830097,20.131395,20.072842,19.945414,19.894888,18.904535,18.870205,0.0,0.0,0.0,0.0,0.0,0.0,0.0,0.0
39466,2023.0,10.0,2.0,1.0,20.097122,20.223125,19.19041,19.173267,19.730425,19.576866,19.651787,19.63418,19.141973,19.013783,18.854656,18.810715,20.10905,20.04955,19.91757,19.866041,18.889242,18.8541,0.0,0.0,0.0,0.0,0.0,0.0,0.0,0.0
39467,2023.0,10.0,2.0,1.0,20.725525,21.418001,19.171019,19.154808,19.650116,19.491766,19.628304,19.612085,19.182884,19.138552,18.838638,18.795094,20.089363,20.030428,19.89303,19.842222,18.875675,18.840717,0.0,0.0,0.0,0.0,0.0,0.0,0.0,0.0
39468,2023.0,10.0,2.0,2.0,20.312468,20.50536,19.15249,19.136198,19.707779,19.659882,19.604769,19.588774,19.176746,19.133831,18.82271,18.778849,20.069874,20.010763,19.868736,19.817799,18.862225,18.826971,0.0,0.0,0.0,0.0,0.0,0.0,0.0,0.0
39469,2023.0,10.0,2.0,2.0,20.04611,20.060196,19.135784,19.119846,19.710638,19.682598,19.58266,19.567333,19.731028,20.189861,18.807892,18.764095,20.051756,19.99286,20.767172,21.53081,18.84961,18.814371,0.0,0.0,0.0,4.0,0.0,0.0,4.0,0.0
39470,2023.0,10.0,2.0,2.0,19.956291,19.948503,19.11994,19.104193,19.689688,19.66334,19.56123,19.546314,19.38308,19.404888,18.793734,18.749866,20.034283,19.97544,20.077196,20.015228,18.837454,18.802126,0.0,0.0,0.0,0.0,0.0,0.0,0.0,0.0
39471,2023.0,10.0,2.0,2.0,20.026064,20.135921,19.104794,19.08914,19.668343,19.642431,19.540491,19.525845,19.160059,19.041601,18.780262,18.736275,20.017395,19.958534,19.847198,19.702137,19.557028,20.167234,0.0,0.0,0.0,0.0,0.0,0.0,0.0,4.0
39472,2023.0,10.0,2.0,2.0,20.030354,20.1531,19.090199,19.074606,19.647362,19.621792,19.520584,19.506063,19.695038,20.099184,19.064432,19.278551,20.00112,19.942228,19.781958,19.636791,19.869505,20.58044,0.0,0.0,0.0,4.0,4.0,0.0,0.0,4.0
39473,2023.0,10.0,2.0,2.0,20.012243,20.134253,19.076397,19.060982,19.627283,19.602274,19.502022,19.487648,19.865932,20.287909,18.888496,18.88053,19.985676,19.926939,19.732979,19.589998,19.155867,19.1129,0.0,0.0,0.0,4.0,0.0,0.0,0.0,0.0
39474,2023.0,10.0,2.0,3.0,19.993988,20.114521,19.06183,19.045113,19.606022,19.579807,19.482643,19.466686,19.93791,20.359726,18.80196,18.756731,19.969894,19.91038,19.782799,19.730524,18.941526,18.825325,0.0,0.0,0.0,4.0,0.0,0.0,0.0,0.0
39475,2023.0,10.0,2.0,3.0,19.978207,20.099167,19.050137,19.03458,19.588448,19.564182,19.466534,19.452038,19.989925,20.404522,18.783728,18.739845,19.95631,19.897669,19.773052,19.721733,19.636911,20.19214,0.0,0.0,0.0,4.0,0.0,0.0,0.0,4.0
39476,2023.0,10.0,2.0,3.0,19.961843,20.082113,19.03731,19.021557,19.569662,19.545563,19.449108,19.434471,19.44953,19.352121,18.76645,18.722258,19.942242,19.883598,19.754635,19.703753,19.109846,19.04641,0.0,0.0,0.0,0.0,0.0,0.0,0.0,0.0
39477,2023.0,10.0,2.0,3.0,19.94554,20.064924,19.024435,19.008282,19.551094,19.526821,19.431799,19.41671,19.265186,19.118141,19.061825,19.288858,19.92845,19.869593,19.735224,19.684103,18.933647,18.8176,0.0,0.0,0.0,0.0,4.0,0.0,0.0,0.0
39478,2023.0,10.0,2.0,3.0,19.929146,20.047646,19.01178,18.995216,19.533003,19.50856,19.414755,19.399273,19.195347,19.049137,18.842434,18.806034,19.915096,19.856083,19.716183,19.664886,18.877367,18.761753,0.0,0.0,0.0,0.0,0.0,0.0,0.0,0.0
39479,2023.0,10.0,2.0,3.0,19.91288,20.030737,18.99916,18.981945,19.515112,19.490282,19.397701,19.381666,19.242191,19.19829,18.783627,18.737864,19.902063,19.842878,19.69773,19.646269,18.915962,18.883419,0.0,0.0,0.0,0.0,0.0,0.0,0.0,0.0
39480,2023.0,10.0,2.0,4.0,19.896828,20.014124,18.987206,18.969873,19.498236,19.473576,19.381401,19.365404,19.222202,19.176088,18.763197,18.71736,19.889605,19.830484,19.680162,19.6288,18.897705,18.859915,0.0,0.0,0.0,0.0,0.0,0.0,0.0,0.0
39481,2023.0,10.0,2.0,4.0,19.88109,19.998034,18.97559,18.958511,19.481953,19.457764,19.365522,19.34989,19.196152,19.150269,18.745861,18.700287,19.877665,19.818884,19.663345,19.612312,18.877218,18.83956,0.0,0.0,0.0,0.0,0.0,0.0,0.0,0.0
39482,2023.0,10.0,2.0,4.0,19.865599,19.982195,18.964098,18.947292,19.46602,19.44228,19.349869,19.3346,19.171831,19.126171,18.730984,18.685629,19.865955,19.807507,19.64701,19.596304,18.858393,18.82088,0.0,0.0,0.0,0.0,0.0,0.0,0.0,0.0
39483,2023.0,10.0,2.0,4.0,19.850956,19.967915,18.953726,18.938286,19.451603,19.429592,19.33564,19.322012,19.150375,19.106321,18.718176,18.674023,19.854998,19.797533,19.631775,19.58218,19.573246,20.182867,0.0,0.0,0.0,0.0,0.0,0.0,0.0,4.0
39484,2023.0,10.0,2.0,4.0,19.835684,19.952244,19.379852,19.74639,19.436209,19.41458,19.320507,19.307133,19.129097,19.085197,18.705257,18.661253,19.843468,19.78631,19.616049,19.566746,19.024643,18.974876,4.0,0.0,0.0,0.0,0.0,0.0,0.0,0.0
39485,2023.0,10.0,2.0,4.0,19.830225,19.955965,19.122492,19.163286,19.420656,19.39895,19.305328,19.291704,19.108723,19.064497,18.692839,18.64867,19.831715,19.774563,19.600203,19.550833,18.842617,18.728971,0.0,0.0,0.0,0.0,0.0,0.0,0.0,0.0
39486,2023.0,10.0,2.0,5.0,19.8255,19.957552,19.012127,19.002827,19.4062,19.38527,19.29115,19.278158,19.0906,19.047047,18.681965,18.638285,19.820566,19.76395,19.58525,19.536505,19.547695,20.102726,0.0,0.0,0.0,0.0,0.0,0.0,0.0,4.0
39487,2023.0,10.0,2.0,5.0,19.813663,19.945818,18.979074,18.96453,19.39183,19.37152,19.277033,19.26453,19.073185,19.03002,18.671421,18.628208,19.809385,19.753258,19.570318,19.522026,19.028864,18.966814,0.0,0.0,0.0,0.0,0.0,0.0,0.0,0.0
39488,2023.0,10.0,2.0,5.0,19.801142,19.933035,18.957174,18.942558,19.377626,19.35778,19.263157,19.250948,19.0566,19.01366,18.971891,19.201115,19.798267,19.742535,19.555573,19.50759,18.859434,18.745892,0.0,0.0,0.0,0.0,4.0,0.0,0.0,0.0
39489,2023.0,10.0,2.0,5.0,19.789122,19.921326,18.940758,18.92727,19.364344,19.34561,19.250128,19.238914,19.620354,20.08647,18.785425,18.781214,20.50276,21.085213,19.541739,19.494629,18.810396,18.700714,0.0,0.0,0.0,4.0,0.0,4.0,0.0,0.0
39490,2023.0,10.0,2.0,5.0,20.424547,21.122604,18.925867,18.912981,19.351004,19.332958,19.91178,20.494926,19.264938,19.286486,18.702934,18.6627,19.931675,19.847794,19.527952,19.481398,18.841599,18.804396,0.0,0.0,4.0,0.0,0.0,0.0,0.0,0.0
39491,2023.0,10.0,2.0,5.0,20.034903,20.248611,18.912355,18.900148,19.338041,19.320688,19.530264,19.62354,19.126625,19.088184,18.684511,18.644009,19.754507,19.597218,20.45072,21.23227,18.834267,18.800276,0.0,0.0,0.0,0.0,0.0,0.0,4.0,0.0
39492,2023.0,10.0,2.0,6.0,20.375359,20.930761,18.89952,18.887993,19.325335,19.308554,19.241762,19.136576,19.667904,20.13136,18.66971,18.629595,20.441004,20.935364,19.769123,19.724066,19.542637,20.149261,0.0,0.0,0.0,4.0,0.0,4.0,0.0,4.0
39493,2023.0,10.0,2.0,6.0,21.101934,22.150288,18.887075,18.876049,21.186537,22.598873,21.228813,22.710764,20.055439,20.717737,18.94874,19.161652,21.049082,21.8907,21.181799,22.229454,20.038576,20.861462,0.0,4.0,0.0,0.0,4.0,4.0,4.0,4.0
39494,2023.0,10.0,2.0,6.0,20.989405,21.790909,18.874056,18.863134,21.007969,22.068115,21.000795,22.065252,19.97092,20.408703,20.133266,21.142454,20.99616,21.668919,20.985657,21.767023,19.992437,20.651245,0.0,0.0,0.0,4.0,4.0,4.0,4.0,4.0
39495,2023.0,10.0,2.0,6.0,21.004793,21.752506,18.86175,18.849863,21.03461,21.980795,21.029785,22.004269,20.0078,20.451406,20.000555,20.754734,20.999826,21.59834,21.03935,21.817047,20.00067,20.583836,0.0,0.0,0.0,4.0,0.0,4.0,0.0,4.0
39496,2023.0,10.0,2.0,6.0,21.00346,21.703762,18.851816,18.840195,21.006786,21.809975,21.027315,21.918728,20.023588,20.463938,19.368807,19.444494,20.99956,21.542612,21.073761,21.76128,20.029465,20.618816,0.0,4.0,0.0,0.0,0.0,4.0,4.0,0.0
39497,2023.0,10.0,2.0,6.0,21.030151,21.745916,19.291037,19.672693,21.03714,21.829447,21.026667,21.860935,20.074753,20.491053,19.039892,19.007383,21.029018,21.579304,21.024899,21.664791,19.369041,19.293716,4.0,0.0,0.0,4.0,0.0,0.0,0.0,0.0
39498,2023.0,10.0,2.0,7.0,20.995457,21.626076,20.102512,20.988771,21.003927,21.694738,21.026028,21.818916,20.012867,20.376564,18.956936,18.916496,21.035292,21.519073,21.02673,21.629251,19.084494,18.966118,0.0,4.0,0.0,0.0,0.0,4.0,0.0,0.0
39499,2023.0,10.0,2.0,7.0,21.002085,21.621395,19.440256,19.574041,21.009794,21.675669,21.025824,21.788446,19.53088,19.431316,18.91023,18.871264,21.024231,21.502821,21.025625,21.594364,18.997694,18.881945,0.0,4.0,0.0,0.0,0.0,0.0,0.0,0.0
39500,2023.0,10.0,2.0,7.0,21.001171,21.607698,19.51712,19.895391,21.008524,21.651405,21.024988,21.764204,19.29086,19.15243,18.872478,18.833317,21.086214,21.567045,21.222904,21.904455,19.019928,18.98587,4.0,4.0,0.0,0.0,0.0,4.0,4.0,0.0
39501,2023.0,10.0,2.0,7.0,21.001514,21.598997,20.064096,20.7604,21.008371,21.633787,21.025112,21.746439,19.300043,19.253525,18.842178,18.803822,21.016048,21.43953,20.998943,21.479156,19.882898,20.6314,4.0,4.0,0.0,0.0,0.0,0.0,0.0,4.0
39502,2023.0,10.0,2.0,7.0,21.000626,21.590742,20.01978,20.614511,21.0341,21.691,21.024603,21.730688,20.049734,20.695372,18.816664,18.778606,21.11841,21.594017,21.253576,21.926544,20.013128,20.615908,0.0,0.0,0.0,4.0,0.0,4.0,4.0,0.0
39503,2023.0,10.0,2.0,7.0,21.028471,21.659746,19.407259,19.38364,21.027945,21.659801,21.024317,21.717783,19.988634,20.386736,19.141762,19.405577,21.16079,21.638025,20.990034,21.423363,19.358154,19.28588,0.0,0.0,0.0,0.0,4.0,4.0,0.0,0.0
39504,2023.0,10.0,2.0,8.0,21.022478,21.633703,19.086344,18.973228,21.028124,21.642857,21.02411,21.707087,19.494946,19.401188,20.123758,21.035025,21.006865,21.369774,21.02799,21.500076,19.08559,18.976463,0.0,0.0,0.0,0.0,0.0,0.0,0.0,0.0
39505,2023.0,10.0,2.0,8.0,20.44372,20.508924,19.07783,19.045795,20.335138,20.298174,20.396503,20.491068,19.268333,19.146103,19.421627,19.52615,20.483631,20.363302,21.295586,21.966785,19.010475,18.90558,0.0,0.0,0.0,0.0,0.0,0.0,4.0,0.0
39506,2023.0,10.0,2.0,8.0,20.211428,20.201189,19.071892,19.060097,20.147451,20.108656,20.117123,20.108213,19.287498,19.241537,19.510937,19.79566,20.29413,20.120392,20.518427,20.440163,19.036442,18.999603,0.0,0.0,0.0,0.0,4.0,0.0,0.0,0.0
39507,2023.0,10.0,2.0,8.0,20.226765,20.333576,19.044113,19.03482,20.061407,20.033718,19.993055,19.976316,19.279383,19.245346,20.085665,20.775455,20.214142,20.044872,20.240763,20.084902,19.02936,19.003187,0.0,0.0,0.0,0.0,0.0,0.0,0.0,0.0
39508,2023.0,10.0,2.0,8.0,20.191345,20.315802,19.014526,19.007586,19.969152,19.94577,19.889595,19.8766,19.25344,19.222092,19.421942,19.401615,20.241915,20.176828,20.113787,19.966263,19.006693,18.981937,0.0,0.0,0.0,0.0,0.0,0.0,0.0,0.0
39509,2023.0,10.0,2.0,8.0,20.14313,20.270054,18.992723,18.986486,19.903229,19.879887,19.817724,19.804182,19.89017,20.437143,19.165985,19.038181,20.231043,20.182465,20.03481,19.892345,18.989338,18.965443,0.0,0.0,0.0,4.0,0.0,0.0,0.0,0.0
39510,2023.0,10.0,2.0,9.0,20.094923,20.221294,18.970903,18.964844,19.84047,19.815426,19.750217,19.734377,20.048828,20.602545,19.170002,19.12138,20.198563,20.150995,20.057932,20.008162,18.974062,18.95086,0.0,0.0,0.0,0.0,0.0,0.0,0.0,0.0
39511,2023.0,10.0,2.0,9.0,20.053558,20.185724,18.95158,18.94948,19.785696,19.768192,19.69159,19.683477,19.498928,19.450796,19.142935,19.100523,20.168978,20.12481,20.028994,19.984072,18.960012,18.937223,0.0,0.0,0.0,0.0,0.0,0.0,0.0,0.0
39512,2023.0,10.0,2.0,9.0,20.01833,20.149883,18.934752,18.933329,19.739376,19.720816,19.642052,19.632427,19.322079,19.209797,19.114084,19.071177,20.146029,20.100933,19.994059,19.949427,18.95035,18.926395,0.0,0.0,0.0,0.0,0.0,0.0,0.0,0.0
39513,2023.0,10.0,2.0,9.0,20.655699,21.37661,18.921192,18.92327,19.702469,19.689947,19.602678,19.599201,19.339376,19.29313,19.092548,19.051939,20.12901,20.085352,19.964434,19.922327,18.94425,18.919981,0.0,0.0,0.0,0.0,0.0,0.0,0.0,0.0
39514,2023.0,10.0,2.0,9.0,20.696241,21.301954,18.906862,18.91022,19.664387,19.65211,19.562025,19.55847,19.331583,19.29257,19.074183,19.031693,20.114109,20.069227,19.937063,19.893734,18.940077,18.914328,0.0,0.0,0.0,0.0,0.0,0.0,0.0,0.0
39515,2023.0,10.0,2.0,9.0,20.167116,20.27575,18.895372,18.901882,19.634169,19.626892,19.529818,19.531319,19.318535,19.27997,19.06323,19.020979,20.104387,20.05961,19.916292,19.873865,18.93862,18.91167,0.0,0.0,0.0,0.0,0.0,0.0,0.0,0.0
39516,2023.0,10.0,2.0,10.0,20.001791,20.06356,18.883852,18.89246,19.604279,19.599337,19.497948,19.50164,19.308529,19.268938,19.44247,19.74161,20.096888,20.05113,19.897999,19.854818,18.938889,18.910315,0.0,0.0,0.0,0.0,4.0,0.0,0.0,0.0
39517,2023.0,10.0,2.0,10.0,19.942415,20.01179,18.873747,18.8848,19.577934,19.576338,19.469936,19.4769,20.00893,20.595575,20.083057,20.80124,20.091883,20.045134,19.883493,19.839893,18.940884,18.910608,0.0,0.0,0.0,4.0,0.0,0.0,0.0,0.0
39518,2023.0,10.0,2.0,10.0,19.888716,19.958302,18.863565,18.87659,19.5498,19.550945,19.440226,19.449724,19.992588,20.372715,19.55847,19.659582,20.86023,21.507595,19.869123,19.82466,18.94397,18.911951,0.0,0.0,0.0,0.0,0.0,4.0,0.0,0.0
39519,2023.0,10.0,2.0,10.0,19.914326,20.05461,19.294825,19.694305,19.52431,19.527578,19.412895,19.424517,19.610073,19.588829,19.269625,19.238304,20.390203,20.375051,19.857416,19.811852,18.948383,18.914598,4.0,0.0,0.0,0.0,0.0,0.0,0.0,0.0
39520,2023.0,10.0,2.0,10.0,20.5832,21.32557,20.102634,21.045517,20.183844,20.788086,19.391329,19.404636,19.462818,19.369762,19.2213,19.16967,20.926117,21.45925,19.8501,19.803255,18.954033,18.918558,0.0,4.0,0.0,0.0,0.0,4.0,0.0,0.0
39521,2023.0,10.0,2.0,10.0,20.156385,20.305096,19.798903,20.282265,20.428091,21.036282,19.368986,19.384722,19.454031,19.398897,19.571976,19.841005,20.491524,20.462442,19.84376,19.796055,18.960463,18.923435,4.0,4.0,0.0,0.0,4.0,0.0,0.0,0.0
39522,2023.0,10.0,2.0,11.0,19.981281,20.074823,20.062658,20.754524,19.872791,19.93381,19.350912,19.368757,19.450832,19.39963,20.059866,20.642797,20.311638,20.189701,20.831528,21.665432,18.96716,18.928734,0.0,0.0,0.0,0.0,0.0,0.0,4.0,0.0
39523,2023.0,10.0,2.0,11.0,20.587786,21.272734,19.496538,19.59918,19.59482,19.570494,19.332687,19.353447,19.441683,19.391247,19.980839,20.366308,20.253819,20.131865,20.304691,20.335323,18.97495,18.935984,0.0,0.0,0.0,0.0,4.0,0.0,0.0,0.0
39524,2023.0,10.0,2.0,11.0,20.150848,20.327244,19.2569,19.253202,19.53705,19.50877,19.31811,19.341291,19.437307,19.38706,20.023668,20.420523,20.231441,20.11477,20.059769,19.969376,18.982714,18.94363,0.0,0.0,0.0,0.0,0.0,0.0,0.0,0.0
39525,2023.0,10.0,2.0,11.0,19.927773,20.052938,19.195938,19.21701,19.505354,19.486414,19.302969,19.3287,19.432697,19.383114,19.650795,19.6572,20.261326,20.19729,19.988312,19.897577,18.990934,18.951921,0.0,0.0,0.0,0.0,0.0,0.0,0.0,0.0
39526,2023.0,10.0,2.0,11.0,20.521568,21.200245,19.16006,19.18748,20.179886,20.783596,19.291039,19.319588,19.431005,19.382122,19.511635,19.441286,20.264063,20.206303,19.960117,19.875383,18.998083,18.959074,0.0,4.0,0.0,0.0,0.0,0.0,0.0,0.0
39527,2023.0,10.0,2.0,11.0,20.10846,20.301838,19.12578,19.155708,19.766996,19.85822,19.279255,19.310373,19.429773,19.3819,19.47972,19.4199,20.25836,20.202763,19.966597,19.912327,19.005074,18.966558,0.0,0.0,0.0,0.0,0.0,0.0,0.0,0.0
39528,2023.0,10.0,2.0,12.0,19.964613,20.108105,19.550549,19.980482,19.588398,19.59863,19.26815,19.301754,19.42943,19.382862,19.461542,19.405231,20.253061,20.199299,19.96022,19.910788,19.011536,18.973883,4.0,0.0,0.0,0.0,0.0,0.0,0.0,0.0
39529,2023.0,10.0,2.0,12.0,21.15071,22.229784,20.065271,20.829111,21.18679,22.475027,21.237803,22.789274,19.427677,19.381348,19.442993,19.386843,21.105368,21.70672,21.299606,22.286003,19.016087,18.978468,0.0,0.0,0.0,0.0,0.0,0.0,0.0,0.0
39530,2023.0,10.0,2.0,12.0,21.000343,21.834766,19.515701,19.666964,20.976421,21.88189,20.973713,22.04455,19.425669,19.379581,19.423738,19.368141,21.003332,21.46307,20.99971,21.625986,19.021914,18.98436,0.0,4.0,4.0,0.0,0.0,0.0,0.0,0.0
39531,2023.0,10.0,2.0,12.0,21.03405,21.808903,19.21535,19.258234,21.065872,21.98505,21.071548,22.140598,19.423786,19.378387,19.406569,19.350958,21.02944,21.465014,21.041328,21.639046,19.028404,18.991747,0.0,0.0,0.0,0.0,0.0,0.0,0.0,0.0
39532,2023.0,10.0,2.0,12.0,21.02199,21.77326,19.152075,19.19287,21.020903,21.821873,21.024141,21.95205,20.160654,20.7756,19.393433,19.340204,21.009686,21.394522,21.012665,21.53879,19.03428,18.99843,0.0,0.0,0.0,4.0,0.0,0.0,0.0,0.0
39533,2023.0,10.0,2.0,12.0,21.019205,21.73646,19.105213,19.141148,21.025984,21.78364,21.02899,21.898632,19.954563,20.21872,19.38013,19.328148,21.011158,21.374567,21.015705,21.513395,19.039965,19.005495,0.0,0.0,0.0,0.0,0.0,0.0,0.0,0.0
39534,2023.0,10.0,2.0,13.0,21.01996,21.711842,19.07348,19.11049,21.022045,21.745642,21.025177,21.850168,19.682978,19.6698,19.368572,19.318703,21.011396,21.357466,21.015343,21.489504,19.992191,20.809052,0.0,0.0,0.0,0.0,0.0,0.0,0.0,4.0
39535,2023.0,10.0,2.0,13.0,21.016571,21.690954,19.043348,19.078058,21.021208,21.720726,21.023808,21.815828,19.552023,19.504414,19.356073,19.306698,21.010654,21.343117,21.014294,21.470482,19.971977,20.509111,0.0,0.0,0.0,0.0,0.0,0.0,0.0,0.0
39536,2023.0,10.0,2.0,13.0,21.017357,21.680353,19.47669,19.913744,21.021723,21.703009,21.02439,21.791676,19.520138,19.470812,19.344742,19.296656,21.010958,21.333786,21.015238,21.45927,19.498865,19.534386,4.0,0.0,0.0,0.0,0.0,0.0,0.0,0.0
39537,2023.0,10.0,2.0,13.0,21.163006,21.921038,20.08272,20.873434,21.020866,21.686363,21.023443,21.769947,19.505714,19.46351,19.333797,19.286373,21.01051,21.325235,21.014992,21.448503,19.289581,19.259542,0.0,0.0,0.0,0.0,0.0,0.0,0.0,0.0
39538,2023.0,10.0,2.0,13.0,20.999233,21.609375,19.484133,19.618145,21.021051,21.674124,21.023624,21.754036,19.492867,19.451902,19.32515,19.278906,21.010567,21.31889,21.014431,21.43908,19.235765,19.203377,0.0,0.0,0.0,0.0,0.0,0.0,0.0,0.0
39539,2023.0,10.0,2.0,13.0,21.039211,21.687859,19.188656,19.227406,21.043201,21.705236,21.04883,21.787998,19.48007,19.439215,19.317083,19.271055,21.023176,21.33716,21.029665,21.460566,19.21035,19.17683,0.0,0.0,0.0,0.0,0.0,0.0,0.0,0.0
39540,2023.0,10.0,2.0,14.0,21.037645,21.66631,19.122423,19.15431,21.04211,21.686544,21.047112,21.764956,19.47004,19.429459,19.310604,19.264835,21.022057,21.32592,21.029387,21.447811,19.193897,19.160461,0.0,0.0,0.0,0.0,0.0,0.0,0.0,0.0
39541,2023.0,10.0,2.0,14.0,20.590506,20.805105,19.529024,19.952234,20.482265,20.600904,20.41884,20.546076,19.462666,19.422697,19.306116,19.260792,20.698706,20.694408,20.622927,20.656843,19.182587,19.149912,4.0,0.0,0.0,0.0,0.0,0.0,0.0,0.0
39542,2023.0,10.0,2.0,14.0,20.415874,20.580652,20.068796,20.845243,20.238386,20.26452,20.153198,20.186623,20.170616,20.763927,19.303474,19.257742,20.586973,20.539545,20.45412,20.413956,19.17579,19.142752,0.0,0.0,0.0,4.0,0.0,0.0,0.0,0.0
39543,2023.0,10.0,2.0,14.0,20.332632,20.508017,19.512339,19.66606,20.10827,20.126263,20.011705,20.03828,19.964268,20.210125,19.30235,19.256102,20.535578,20.486126,20.362291,20.315676,19.168873,19.135452,0.0,0.0,0.0,0.0,0.0,0.0,0.0,0.0
39544,2023.0,10.0,2.0,14.0,20.266521,20.44315,19.22504,19.282335,20.015293,20.031843,19.909048,19.934422,19.691448,19.663568,19.301996,19.255077,21.249647,21.877348,20.300207,20.252321,19.162872,19.128855,0.0,0.0,0.0,0.0,0.0,4.0,0.0,0.0
39545,2023.0,10.0,2.0,14.0,20.870087,21.61603,19.157202,19.193863,19.953552,19.968176,19.840889,19.864264,19.594845,19.5349,19.302279,19.25453,20.733156,20.75969,20.259632,20.210392,19.15882,19.123995,0.0,0.0,0.0,0.0,0.0,0.0,0.0,0.0
39546,2023.0,10.0,2.0,15.0,20.960499,21.654821,19.550629,19.959923,20.550356,21.137272,19.781702,19.805756,19.582386,19.53562,19.302614,19.254063,20.521711,20.427137,20.22441,20.175108,20.039165,20.790436,4.0,4.0,0.0,0.0,0.0,0.0,0.0,4.0
39547,2023.0,10.0,2.0,15.0,20.99533,21.679401,20.067568,20.81458,20.721098,21.33806,19.730024,19.753578,19.569452,19.523832,19.303242,19.254005,21.18873,21.736433,20.194012,20.14428,19.99271,20.55263,0.0,4.0,0.0,0.0,0.0,4.0,0.0,0.0
39548,2023.0,10.0,2.0,15.0,21.036259,21.716772,19.50305,19.626154,20.156546,20.227573,19.677969,19.702415,19.55613,19.510363,19.304813,19.25495,21.44161,22.032871,20.164259,20.11496,19.52387,19.563293,0.0,0.0,0.0,0.0,0.0,4.0,0.0,0.0
39549,2023.0,10.0,2.0,15.0,20.497196,20.681883,19.288729,19.314936,19.941738,19.925732,19.63974,19.664005,19.548088,19.50196,19.307196,19.25685,20.850037,20.860605,20.142889,20.093658,20.203453,20.904427,0.0,0.0,0.0,0.0,0.0,0.0,0.0,4.0
39550,2023.0,10.0,2.0,15.0,20.295797,20.414743,19.231833,19.261566,20.492579,21.023293,19.604158,19.62864,19.541039,19.494835,19.309206,19.258587,21.342865,21.874313,20.122614,20.073578,19.975561,20.392565,0.0,4.0,0.0,0.0,0.0,4.0,0.0,0.0
39551,2023.0,10.0,2.0,15.0,20.872509,21.577726,19.626562,20.04499,20.67115,21.205158,19.56788,19.592962,19.532852,19.486906,19.676395,19.948254,20.894354,20.889519,20.101744,20.053368,19.593899,19.618788,4.0,4.0,0.0,0.0,4.0,0.0,0.0,0.0
39552,2023.0,10.0,2.0,16.0,20.402285,20.582243,20.055788,20.750877,20.702988,21.233429,19.54008,19.564892,19.52557,19.479942,20.040922,20.538992,20.683575,20.572962,20.08531,20.037573,19.443024,19.393583,0.0,4.0,0.0,0.0,0.0,0.0,0.0,0.0
39553,2023.0,10.0,2.0,16.0,20.787214,21.459265,19.55058,19.691647,20.187752,20.244207,19.51051,19.5354,19.516237,19.47109,19.6789,19.757132,20.593578,20.478678,20.067123,20.02015,19.37607,19.322016,0.0,0.0,0.0,0.0,0.0,0.0,0.0,0.0
39554,2023.0,10.0,2.0,16.0,20.915426,21.594036,19.340874,19.380968,20.582666,21.086494,19.487152,19.511654,19.507446,19.462967,19.861952,20.133978,21.240337,21.748905,21.034153,21.86369,19.35258,19.309824,0.0,4.0,0.0,0.0,4.0,4.0,4.0,0.0
39555,2023.0,10.0,2.0,16.0,20.39842,20.578547,19.271177,19.299814,20.169334,20.239132,19.46457,19.488646,19.498106,19.454576,20.011322,20.373255,20.7924,20.797817,20.404911,20.452185,19.328146,19.287775,0.0,0.0,0.0,0.0,4.0,0.0,0.0,0.0
39556,2023.0,10.0,2.0,16.0,20.767178,21.418453,19.218569,19.24549,20.502527,21.01648,20.10642,20.715092,20.184446,20.76061,20.01105,20.336084,20.528057,20.427591,21.071728,21.887081,19.300724,19.261719,0.0,4.0,4.0,4.0,0.0,0.0,4.0,0.0
39557,2023.0,10.0,2.0,16.0,20.367971,20.518797,19.617765,20.029129,20.669546,21.188862,19.781136,19.894205,19.968222,20.204899,19.69488,19.704025,20.450766,20.340014,21.345942,22.122288,19.275686,19.237902,4.0,4.0,0.0,0.0,0.0,0.0,4.0,0.0
39558,2023.0,10.0,2.0,17.0,20.797628,21.483381,20.052,20.706049,20.699358,21.212624,19.51193,19.523428,19.678251,19.635347,19.499207,19.427902,21.214294,21.837172,21.431627,22.198147,19.253109,19.217016,0.0,4.0,0.0,0.0,0.0,4.0,4.0,0.0
39559,2023.0,10.0,2.0,17.0,20.966923,21.63331,19.524214,19.611395,20.183018,20.22037,19.429052,19.417873,19.543243,19.472101,19.45609,19.406124,21.40934,21.981262,21.508669,22.265236,19.23128,19.19631,0.0,0.0,0.0,0.0,0.0,4.0,4.0,0.0
39560,2023.0,10.0,2.0,17.0,21.000996,21.659143,19.71554,20.055193,20.586107,21.07711,20.096561,20.704088,19.504566,19.430391,19.435738,19.390919,20.791405,20.77294,21.561909,22.309498,19.212706,19.178978,4.0,4.0,4.0,0.0,0.0,0.0,4.0,0.0
39561,2023.0,10.0,2.0,17.0,20.449598,20.596754,20.030806,20.573776,20.69201,21.195442,19.653004,19.715023,19.506613,19.464252,19.791304,20.08671,21.28937,21.812407,21.608042,22.347551,19.194126,19.161718,4.0,4.0,0.0,0.0,4.0,4.0,4.0,0.0
39562,2023.0,10.0,2.0,17.0,20.857569,21.532364,19.999094,20.46842,20.175852,20.205633,20.033367,20.572317,20.20721,20.804924,20.025723,20.421844,20.816416,20.780615,20.805277,20.795183,19.173868,19.143148,4.0,0.0,4.0,4.0,0.0,0.0,0.0,0.0
39563,2023.0,10.0,2.0,17.0,20.413652,20.543022,20.002972,20.44823,20.526958,21.018576,19.660578,19.699598,19.962324,20.193146,19.685373,19.728655,20.536953,20.417118,20.424274,20.318544,19.153555,19.12452,4.0,4.0,0.0,0.0,0.0,0.0,0.0,0.0
39564,2023.0,10.0,2.0,18.0,20.823671,21.488886,20.002544,20.427382,20.675655,21.163378,19.421782,19.393543,19.667662,19.624863,19.48102,19.44791,21.169666,21.695698,20.289215,20.176636,19.133326,19.106075,4.0,4.0,0.0,0.0,0.0,4.0,0.0,0.0
39565,2023.0,10.0,2.0,18.0,21.002394,21.66115,20.002523,20.41232,21.04525,21.784052,21.210302,22.614063,19.509909,19.43218,19.786661,20.080246,21.375147,21.912224,21.293846,22.03803,19.11341,19.087917,4.0,4.0,0.0,0.0,4.0,4.0,0.0,0.0
39566,2023.0,10.0,2.0,18.0,21.017498,21.648584,20.020739,20.451412,21.024427,21.707983,21.001856,22.019232,19.490263,19.45352,20.02482,20.42713,20.977697,21.18744,21.007113,21.447613,20.043844,20.871607,0.0,0.0,0.0,0.0,0.0,0.0,0.0,4.0
39567,2023.0,10.0,2.0,18.0,21.039392,21.662777,19.599655,19.627611,20.99868,21.592865,21.029268,21.963142,20.17427,20.765799,19.609827,19.58711,21.018993,21.278736,21.01668,21.45041,19.98221,20.503763,0.0,4.0,0.0,4.0,0.0,0.0,0.0,0.0
39568,2023.0,10.0,2.0,18.0,21.019527,21.631355,19.766203,20.078299,21.029922,21.648796,20.998957,21.808586,19.968008,20.224007,19.3815,19.29409,21.334093,21.859377,21.01538,21.436413,19.445547,19.41456,4.0,0.0,4.0,0.0,0.0,4.0,0.0,0.0
39569,2023.0,10.0,2.0,18.0,21.019676,21.612106,20.02609,20.473946,21.022835,21.609772,21.036354,21.846851,20.301613,20.820791,19.766968,20.091284,20.966413,21.14917,21.015308,21.428267,19.227913,19.161121,4.0,0.0,0.0,4.0,4.0,0.0,0.0,0.0
39570,2023.0,10.0,2.0,19.0,21.019508,21.593887,19.999641,20.398537,20.99783,21.518833,21.028831,21.787045,19.976326,20.172796,20.030285,20.45867,21.321293,21.824041,21.512123,22.33693,20.146687,20.964825,4.0,4.0,0.0,0.0,0.0,4.0,4.0,4.0
39571,2023.0,10.0,2.0,19.0,21.018826,21.579208,20.002594,20.38785,21.02922,21.591553,21.002642,21.679117,19.672611,19.599297,19.648266,19.676422,21.437737,21.94694,20.94095,21.208275,19.96631,20.3923,4.0,0.0,4.0,0.0,0.0,4.0,0.0,0.0
39572,2023.0,10.0,2.0,19.0,21.014122,21.568306,20.002113,20.375198,21.022657,21.565006,21.034027,21.74022,19.516737,19.422644,19.447369,19.420612,20.965496,21.102625,21.434399,22.15124,19.484413,19.433641,4.0,0.0,0.0,0.0,0.0,0.0,4.0,0.0
39573,2023.0,10.0,2.0,19.0,21.014885,21.567547,20.020718,20.418629,20.996756,21.480968,21.027254,21.704775,19.51354,19.479643,19.382286,19.349688,21.35607,21.863094,20.95211,21.203762,19.280342,19.20342,0.0,4.0,0.0,0.0,0.0,4.0,0.0,0.0
39574,2023.0,10.0,2.0,19.0,21.23905,21.967857,19.950731,20.248716,21.029888,21.563564,21.027023,21.685686,19.495117,19.465527,19.341978,19.310856,21.46142,21.962494,21.029175,21.374838,19.214348,19.138866,4.0,0.0,0.0,0.0,0.0,4.0,0.0,0.0
39575,2023.0,10.0,2.0,19.0,20.976507,21.46181,20.033,20.430077,21.020988,21.537415,21.021511,21.669613,19.464005,19.434689,19.306671,19.275381,21.488806,21.985825,21.015852,21.355747,19.222044,19.200146,0.0,0.0,0.0,0.0,0.0,4.0,0.0,0.0
39576,2023.0,10.0,2.0,20.0,21.02382,21.552183,19.596947,19.580605,21.103275,21.668331,21.022831,21.666504,19.436026,19.407196,19.27685,19.246883,20.959013,21.04594,21.018946,21.365238,19.204096,19.182974,0.0,4.0,0.0,0.0,0.0,0.0,0.0,0.0
39577,2023.0,10.0,2.0,20.0,21.114809,21.693193,19.434753,19.428709,21.012249,21.505402,21.022297,21.659363,19.41022,19.381777,19.58159,19.84173,21.361712,21.840488,21.56384,22.382427,20.04483,20.79372,0.0,0.0,0.0,0.0,4.0,4.0,4.0,4.0
39578,2023.0,10.0,2.0,20.0,21.006071,21.504112,19.818264,20.198166,20.997902,21.452316,21.021915,21.652033,20.070976,20.648014,20.042814,20.550653,20.965286,21.072912,20.93469,21.145048,19.9873,20.447117,4.0,4.0,0.0,4.0,4.0,0.0,0.0,0.0
39579,2023.0,10.0,2.0,20.0,21.13003,21.718168,20.023972,20.488586,21.028442,21.534138,21.021725,21.645035,19.984634,20.299679,20.015774,20.443924,21.019531,21.206985,21.029503,21.356102,19.465267,19.396235,0.0,0.0,0.0,0.0,0.0,0.0,0.0,0.0
39580,2023.0,10.0,2.0,20.0,21.169783,21.75593,20.021893,20.427912,21.022137,21.515818,21.021664,21.638792,20.23747,20.71995,19.548388,19.495806,21.013746,21.209799,21.017065,21.341404,20.154177,20.869448,4.0,0.0,0.0,4.0,0.0,0.0,0.0,4.0
39581,2023.0,10.0,2.0,20.0,20.997643,21.470858,20.000393,20.370638,21.022554,21.510002,21.02115,21.631792,20.359783,20.84726,19.303963,19.193714,21.355991,21.851559,21.018328,21.348833,20.393894,21.042336,4.0,0.0,0.0,4.0,0.0,4.0,0.0,4.0
39582,2023.0,10.0,2.0,21.0,21.02138,21.520206,20.002525,20.359648,21.016764,21.50328,21.021187,21.626125,19.967878,20.13588,19.704306,20.022709,21.447409,21.931065,21.013653,21.351097,19.969069,20.271557,4.0,0.0,0.0,0.0,4.0,4.0,0.0,0.0
39583,2023.0,10.0,2.0,21.0,21.01806,21.5123,20.021212,20.400673,21.017683,21.506931,21.020868,21.620228,19.644115,19.529085,20.040842,20.506151,20.958235,21.060625,21.014582,21.360247,20.390701,21.04844,0.0,0.0,0.0,0.0,0.0,0.0,0.0,4.0
39584,2023.0,10.0,2.0,21.0,21.017504,21.509964,19.951075,20.228933,21.01736,21.50731,21.020508,21.6146,19.49502,19.380146,19.962772,20.280062,21.020575,21.206413,21.014381,21.364925,19.954433,20.186287,4.0,0.0,0.0,0.0,4.0,0.0,0.0,0.0
39585,2023.0,10.0,2.0,21.0,21.28688,22.00748,20.030672,20.4062,21.017378,21.507404,21.020468,21.60979,19.43267,19.321688,20.03013,20.40746,21.013739,21.206879,21.014229,21.367928,19.567387,19.46042,0.0,0.0,0.0,0.0,0.0,0.0,0.0,0.0
39586,2023.0,10.0,2.0,21.0,20.976667,21.405554,19.597845,19.559526,21.123821,21.682623,21.020557,21.605576,19.458387,19.423859,19.56506,19.477009,21.014557,21.216871,21.57057,22.401234,19.400553,19.299929,0.0,4.0,0.0,0.0,0.0,0.0,4.0,0.0
39587,2023.0,10.0,2.0,21.0,21.023596,21.507336,19.888557,20.257832,21.002373,21.467827,21.02055,21.602007,19.446684,19.412056,19.693539,19.879833,21.477726,22.097229,20.934507,21.144655,19.325539,19.227148,4.0,0.0,0.0,0.0,4.0,4.0,0.0,0.0
39588,2023.0,10.0,2.0,22.0,21.017399,21.497992,20.012684,20.40913,21.025246,21.505959,21.020535,21.598753,20.128157,20.725008,20.05351,20.458246,20.959404,21.073404,21.029041,21.350935,19.336544,19.308058,0.0,0.0,0.0,4.0,0.0,0.0,0.0,0.0
39589,2023.0,10.0,2.0,22.0,21.012512,21.499058,19.564907,19.521954,21.022114,21.492006,21.020311,21.595213,20.241995,20.675701,19.560904,19.467535,21.021992,21.217026,21.016808,21.333857,19.313393,19.282125,0.0,0.0,0.0,4.0,0.0,0.0,0.0,0.0
39590,2023.0,10.0,2.0,22.0,21.013823,21.507122,19.315025,19.194319,21.016401,21.485826,21.020355,21.592352,19.985739,20.226221,19.765366,20.033035,21.013931,21.210476,21.018269,21.339373,19.277405,19.244762,0.0,0.0,0.0,0.0,4.0,0.0,0.0,0.0
39591,2023.0,10.0,2.0,22.0,21.013279,21.509644,19.32258,19.2891,21.017178,21.489834,21.019938,21.588915,19.594625,19.461815,20.036926,20.439713,21.009583,21.217842,21.01349,21.340397,19.245026,19.210438,0.0,0.0,0.0,0.0,0.0,0.0,0.0,0.0
39592,2023.0,10.0,2.0,22.0,21.013884,21.512817,19.308218,19.285345,21.017387,21.491089,21.02036,21.586628,19.431822,19.299988,19.641119,19.638807,21.010609,21.23026,21.01461,21.348913,19.217505,19.182472,0.0,0.0,0.0,0.0,0.0,0.0,0.0,0.0
39593,2023.0,10.0,2.0,22.0,21.028137,21.54205,19.26962,19.243355,21.035015,21.525469,21.041424,21.624357,19.457184,19.416561,19.440287,19.38964,21.020967,21.258373,21.028372,21.38028,19.191776,19.155102,0.0,0.0,0.0,0.0,0.0,0.0,0.0,0.0
39594,2023.0,10.0,2.0,23.0,21.011889,21.50999,19.689898,20.061962,21.014614,21.48373,21.017126,21.572866,19.437868,19.39249,19.378302,19.329422,21.009466,21.239336,21.012535,21.350225,19.16946,19.131765,4.0,0.0,0.0,0.0,0.0,0.0,0.0,0.0
39595,2023.0,10.0,2.0,23.0,20.65388,20.823961,19.474327,19.537683,20.5672,20.624449,20.49041,20.559639,19.408829,19.36477,19.623447,19.829933,21.433926,22.033953,20.620941,20.598911,19.882504,20.492298,0.0,0.0,0.0,0.0,4.0,4.0,0.0,4.0
39596,2023.0,10.0,2.0,23.0,20.511189,20.642744,19.321339,19.306263,20.993269,21.52719,20.2489,20.228046,19.385561,19.341307,19.42716,19.411503,20.745895,20.63327,20.475666,20.42412,19.414316,19.436686,0.0,4.0,0.0,0.0,0.0,0.0,0.0,0.0
39597,2023.0,10.0,2.0,23.0,20.438599,20.567726,19.268696,19.245943,20.5484,20.617786,20.138403,20.110136,19.363487,19.319199,19.324549,19.276075,20.515135,20.32448,20.399366,20.346094,19.187548,19.083933,0.0,0.0,0.0,0.0,0.0,0.0,0.0,0.0
39598,2023.0,10.0,2.0,23.0,20.378675,20.50398,19.23236,19.207966,20.16599,19.989574,20.052938,20.021215,19.342514,19.29757,19.286842,19.236696,20.434864,20.244686,20.335459,20.280233,19.121763,19.011105,0.0,0.0,0.0,0.0,0.0,0.0,0.0,0.0
39599,2023.0,10.0,2.0,23.0,20.331732,20.458532,19.6547,20.026554,20.049212,19.871567,19.986933,19.95879,19.324194,19.279888,19.256124,19.20721,20.487625,20.416607,20.283386,20.229734,19.15493,19.118647,4.0,0.0,0.0,0.0,0.0,0.0,0.0,0.0
39600,2023.0,10.0,3.0,0.0,20.2881,20.41416,19.376076,19.41879,20.088463,20.034685,19.926195,19.898317,19.306574,19.262178,19.538744,19.761421,20.4705,20.407665,20.235254,20.181282,19.143887,19.106749,0.0,0.0,0.0,0.0,4.0,0.0,0.0,0.0
39601,2023.0,10.0,3.0,0.0,20.247667,20.371872,19.147297,19.029722,20.059422,20.019438,19.871525,19.843271,19.873945,20.342566,19.652382,19.910954,20.434198,20.369741,20.190794,20.135492,19.1239,19.084984,0.0,0.0,0.0,4.0,4.0,0.0,0.0,0.0
39602,2023.0,10.0,3.0,0.0,20.208662,20.329405,19.056631,18.910145,20.011534,19.970022,19.819479,19.788532,19.487833,19.47938,19.368862,19.345129,20.398209,20.330597,20.148245,20.090252,19.104315,19.063028,0.0,0.0,0.0,0.0,0.0,0.0,0.0,0.0
39603,2023.0,10.0,3.0,0.0,20.170963,20.286755,19.122936,19.086819,19.96297,19.91621,19.768694,19.73215,19.359867,19.307064,19.26225,19.203167,20.362816,20.290747,20.107481,20.045574,19.08476,19.040432,0.0,0.0,0.0,0.0,0.0,0.0,0.0,0.0
39604,2023.0,10.0,3.0,0.0,20.137383,20.250198,19.109581,19.073545,19.920313,19.87155,19.724787,19.686195,19.32441,19.269163,19.222708,19.160925,20.331217,20.25639,20.070868,20.00664,19.066755,19.020185,0.0,0.0,0.0,0.0,0.0,0.0,0.0,0.0
39605,2023.0,10.0,3.0,0.0,20.105461,20.215134,19.087704,19.049156,19.880373,19.829473,19.68385,19.643122,19.294678,19.236963,19.188404,19.123869,20.30124,20.223595,20.036541,19.969938,19.049368,19.000515,0.0,0.0,0.0,0.0,0.0,0.0,0.0,0.0
39606,2023.0,10.0,3.0,1.0,20.074852,20.181314,19.06562,19.024319,19.842525,19.789404,19.645206,19.60228,19.269156,19.208847,19.157736,19.090343,20.272657,20.192142,20.003984,19.934958,19.032406,18.981222,0.0,0.0,0.0,0.0,0.0,0.0,0.0,0.0
39607,2023.0,10.0,3.0,1.0,20.041197,20.14014,19.037893,18.988024,19.801582,19.741127,19.603613,19.553387,19.241632,19.174812,19.124626,19.049852,20.24153,20.154432,19.969526,19.894659,19.012154,18.955034,0.0,0.0,0.0,0.0,0.0,0.0,0.0,0.0
39608,2023.0,10.0,3.0,1.0,20.007574,20.098845,19.009161,18.950365,19.76114,19.693085,19.562645,19.504856,19.213982,19.140469,19.091232,19.008856,20.210047,20.116194,19.935045,19.854185,18.990751,18.927538,0.0,0.0,0.0,0.0,0.0,0.0,0.0,0.0
39609,2023.0,10.0,3.0,1.0,19.974245,20.057713,18.97995,18.911995,19.72144,19.645554,19.522524,19.45695,19.18605,19.105686,19.057562,18.967405,20.178322,20.077553,19.900612,19.81361,18.968424,18.898966,0.0,0.0,0.0,0.0,0.0,0.0,0.0,0.0
39610,2023.0,10.0,3.0,1.0,19.941154,20.01667,18.95036,18.873022,19.682384,19.598452,19.483147,19.409567,19.157637,19.070267,19.023401,18.925291,20.14624,20.038395,19.866096,19.772806,18.945156,18.8693,0.0,0.0,0.0,0.0,0.0,0.0,0.0,0.0
39611,2023.0,10.0,3.0,1.0,19.91012,19.979515,19.375032,19.686954,19.646927,19.557945,19.44746,19.368893,19.13019,19.037313,18.990955,18.887154,20.115383,20.002033,19.832834,19.734642,18.922102,18.840923,4.0,0.0,0.0,0.0,0.0,0.0,0.0,0.0
39612,2023.0,10.0,3.0,2.0,19.877584,19.939064,19.110445,19.103569,19.609241,19.512217,19.409618,19.323044,19.100866,19.001022,18.956087,18.84443,20.082767,19.96239,19.798203,19.69377,19.632029,20.19365,0.0,0.0,0.0,0.0,0.0,0.0,0.0,4.0
39613,2023.0,10.0,3.0,2.0,19.847305,19.902891,18.959024,18.86582,19.574148,19.471106,19.37451,19.281822,19.073046,18.968191,18.92309,18.805674,20.05204,19.92684,19.765366,19.656626,19.140285,19.099442,0.0,0.0,0.0,0.0,0.0,0.0,0.0,0.0
39614,2023.0,10.0,3.0,2.0,19.81664,19.865177,18.904587,18.794416,19.538862,19.428514,19.339443,19.239277,19.044626,18.933945,18.889345,18.7651,20.020874,19.889992,19.732227,19.618309,18.833838,18.588646,0.0,0.0,0.0,0.0,0.0,0.0,0.0,0.0
39615,2023.0,10.0,3.0,2.0,19.789503,19.833908,18.869368,18.754566,19.507961,19.393805,19.308805,19.20468,19.018557,18.90441,19.15314,19.28109,19.992352,19.85824,19.701813,19.585043,19.48448,19.886295,0.0,0.0,0.0,0.0,4.0,0.0,0.0,4.0
39616,2023.0,10.0,3.0,2.0,19.76129,19.800259,18.83604,18.714539,19.475843,19.356245,19.27703,19.167313,19.572588,19.964718,18.949152,18.83814,19.962736,19.824312,19.67046,19.549805,18.923286,18.68249,0.0,0.0,0.0,4.0,0.0,0.0,0.0,0.0
39617,2023.0,10.0,3.0,2.0,19.73334,19.766577,18.80456,18.676102,19.443993,19.31862,19.245733,19.130032,19.176373,19.08712,18.849743,18.710863,19.93304,19.790123,19.63915,19.514427,18.719318,18.42059,0.0,0.0,0.0,0.0,0.0,0.0,0.0,0.0
39618,2023.0,10.0,3.0,3.0,19.70408,19.72995,18.771805,18.633945,19.410416,19.277132,19.21261,19.088907,19.040955,18.91057,18.80738,18.661228,19.90229,19.753754,19.60705,19.477283,18.631987,18.318375,0.0,0.0,0.0,0.0,0.0,0.0,0.0,0.0
39619,2023.0,10.0,3.0,3.0,19.680946,19.705362,18.748384,18.609938,19.384695,19.251064,19.187092,19.063028,18.999704,18.868788,18.772968,18.626202,19.87617,19.72659,19.579212,19.448532,18.764526,18.644827,0.0,0.0,0.0,0.0,0.0,0.0,0.0,0.0
39620,2023.0,10.0,3.0,3.0,19.659307,19.683006,19.165472,19.409159,19.360464,19.226871,19.162937,19.038952,19.5385,19.910797,18.742075,18.595211,19.851442,19.701418,19.55287,19.421913,19.494196,20.017,4.0,0.0,0.0,4.0,0.0,0.0,0.0,4.0
39621,2023.0,10.0,3.0,3.0,19.636965,19.658619,18.930588,18.886272,19.335485,19.200489,19.13819,19.012774,18.951391,18.659073,19.001715,19.105034,19.826077,19.674496,19.525953,19.393646,18.83111,18.579937,0.0,0.0,0.0,0.0,4.0,0.0,0.0,0.0
39622,2023.0,10.0,3.0,3.0,19.61442,19.633236,18.773924,18.63641,19.310265,19.17307,19.113493,18.985752,18.721394,18.36158,18.790375,18.646526,19.800488,19.646708,19.498812,19.364517,18.602386,18.282595,0.0,0.0,0.0,0.0,0.0,0.0,0.0,0.0
39623,2023.0,10.0,3.0,3.0,19.60024,19.624588,18.730354,18.585995,19.286932,19.149029,19.090696,18.962122,19.46756,19.857616,18.708794,18.556288,19.776533,19.621866,19.473297,19.338312,19.27778,19.619226,0.0,0.0,0.0,4.0,0.0,0.0,0.0,4.0
39624,2023.0,10.0,3.0,4.0,19.592005,19.624369,18.69838,18.55176,19.263277,19.123997,19.067533,18.937515,18.912615,18.624804,18.673695,18.520102,19.75231,19.596226,20.380875,21.068726,18.754072,18.485323,0.0,0.0,0.0,0.0,0.0,0.0,4.0,0.0
39625,2023.0,10.0,3.0,4.0,19.574541,19.606342,19.102715,19.329428,19.241282,19.101753,19.045914,18.915634,18.67446,18.313997,18.641031,18.48705,19.729301,19.572763,19.577358,19.323622,18.554306,18.233501,4.0,0.0,0.0,0.0,0.0,0.0,0.0,0.0
39626,2023.0,10.0,3.0,4.0,19.55576,19.586134,18.850697,18.775251,19.21934,19.078848,19.024,18.892908,18.808945,18.657312,18.610296,18.454811,19.70621,19.548538,19.296791,18.947956,18.485294,18.164995,0.0,0.0,0.0,0.0,0.0,0.0,0.0,0.0
39627,2023.0,10.0,3.0,4.0,19.537224,19.56684,18.717777,18.575151,19.198391,19.057852,19.002995,18.871986,18.820498,18.680464,18.890064,19.00301,19.684399,19.52638,19.216772,18.871033,18.619783,18.491297,0.0,0.0,0.0,0.0,4.0,0.0,0.0,0.0
39628,2023.0,10.0,3.0,4.0,19.518122,19.546524,18.671938,18.522034,19.17698,19.036026,18.98169,18.850315,18.797579,18.65736,19.005476,19.151102,19.662699,19.504017,19.361908,19.227688,18.62904,18.503706,0.0,0.0,0.0,0.0,4.0,0.0,0.0,0.0
39629,2023.0,10.0,3.0,4.0,19.499338,19.526861,18.639822,18.48837,19.155342,19.013746,18.960512,18.828417,18.772972,18.632013,19.047724,19.195837,19.641361,19.482002,19.359854,19.22058,18.610657,18.484798,0.0,0.0,0.0,0.0,4.0,0.0,0.0,0.0
39630,2023.0,10.0,3.0,5.0,19.481441,19.50893,18.616198,18.466791,19.135979,18.995853,18.941776,18.810972,19.339436,19.718176,18.5167,18.148697,19.621672,19.462965,19.33853,19.199837,18.591925,18.466578,0.0,0.0,0.0,4.0,0.0,0.0,0.0,0.0
39631,2023.0,10.0,3.0,5.0,19.46411,19.492043,18.59388,18.445639,19.116682,18.977865,18.923082,18.79343,19.572212,20.019108,18.62253,18.480885,20.305592,20.773478,20.25457,20.944916,18.573013,18.448671,0.0,0.0,0.0,4.0,4.0,4.0,4.0,0.0
39632,2023.0,10.0,3.0,5.0,19.447445,19.47563,18.572794,18.425581,19.097801,18.959932,18.904352,18.775726,18.86574,18.588427,18.418367,18.078733,20.557205,21.103395,19.455912,19.20815,18.554241,18.430689,0.0,0.0,0.0,0.0,0.0,4.0,0.0,0.0
39633,2023.0,10.0,3.0,5.0,20.094177,20.701906,18.552517,18.406263,19.079475,18.942205,18.885567,18.757854,18.610273,18.255682,18.470085,18.28896,20.395773,20.680653,20.155313,20.678602,19.254114,19.764095,0.0,0.0,0.0,0.0,0.0,4.0,4.0,4.0
39634,2023.0,10.0,3.0,5.0,20.298405,20.938234,18.532799,18.387714,19.06165,18.92496,18.866974,18.740206,18.530285,18.17836,18.496536,18.342445,19.715591,19.379988,19.462,19.19296,18.798204,18.741367,0.0,0.0,0.0,0.0,0.0,0.0,0.0,0.0
39635,2023.0,10.0,3.0,5.0,19.538153,19.408842,18.513443,18.369465,19.043915,18.907738,18.848566,18.72256,18.660896,18.50525,18.473587,18.321724,19.499573,19.104893,19.207304,18.866371,18.467682,18.181879,0.0,0.0,0.0,0.0,0.0,0.0,0.0,0.0
39636,2023.0,10.0,3.0,6.0,19.26633,19.024418,18.4946,18.351809,19.702656,20.161728,18.83029,18.705153,18.687157,18.551142,18.740068,18.84081,19.420555,19.02971,19.121874,18.783653,18.356054,18.05091,0.0,4.0,0.0,0.0,4.0,0.0,0.0,0.0
39637,2023.0,10.0,3.0,6.0,21.20463,22.505688,18.47571,18.333485,21.186861,22.668562,21.235826,22.990822,19.256262,19.638622,20.184336,21.329344,21.214542,22.221104,21.306238,22.630836,19.295311,19.90546,0.0,0.0,0.0,4.0,0.0,0.0,0.0,4.0
39638,2023.0,10.0,3.0,6.0,20.99195,21.917608,18.896948,19.138384,21.026163,22.114017,21.00381,22.26355,20.071615,20.878166,19.516397,19.79802,20.986403,21.676178,20.99896,21.916874,20.057358,20.93875,4.0,0.0,0.0,4.0,4.0,4.0,0.0,4.0
39639,2023.0,10.0,3.0,6.0,21.01837,21.867355,20.137026,21.196283,21.021275,21.934948,21.040089,22.172478,20.030867,20.687004,20.126621,21.006079,21.013437,21.628712,21.032911,21.873512,20.00027,20.697353,4.0,4.0,0.0,0.0,0.0,4.0,0.0,4.0
39640,2023.0,10.0,3.0,6.0,21.041824,21.865822,20.026842,20.822216,21.022694,21.842602,21.034561,22.052664,19.685947,19.891565,19.303045,19.283817,21.008396,21.55035,21.028034,21.787422,20.006174,20.621521,0.0,4.0,0.0,4.0,0.0,4.0,0.0,4.0
39641,2023.0,10.0,3.0,6.0,21.0086,21.724903,19.044746,18.821184,21.021784,21.77597,21.009031,21.906424,20.09147,20.694635,19.168497,19.277658,21.00807,21.500921,21.0279,21.733158,20.004763,20.557106,0.0,4.0,4.0,0.0,4.0,4.0,0.0,4.0
39642,2023.0,10.0,3.0,7.0,21.01382,21.70097,18.733084,18.561575,21.020987,21.727947,21.0133,21.867,19.766668,19.954424,20.115866,20.90916,21.007387,21.46399,21.027157,21.692852,20.038439,20.603968,0.0,4.0,4.0,4.0,4.0,4.0,0.0,0.0
39643,2023.0,10.0,3.0,7.0,21.013626,21.675936,19.141623,19.370607,21.046503,21.763979,21.025724,21.831356,20.047663,20.514555,20.012129,20.592157,21.03775,21.516592,21.026863,21.663774,19.163778,18.875126,4.0,0.0,4.0,4.0,4.0,0.0,0.0,0.0
39644,2023.0,10.0,3.0,7.0,21.040949,21.732218,20.124891,21.03267,21.014502,21.646872,21.04941,21.855385,20.031487,20.470373,20.041126,20.590483,21.00116,21.395247,21.026709,21.642523,19.66544,20.134672,0.0,4.0,0.0,0.0,0.0,4.0,0.0,4.0
39645,2023.0,10.0,3.0,7.0,21.006596,21.622553,19.680204,20.0181,21.020103,21.637005,21.043306,21.803753,19.227678,18.891994,19.452389,19.38092,21.03773,21.472174,21.203434,21.924606,20.05504,20.656881,4.0,4.0,0.0,0.0,4.0,0.0,4.0,0.0
39646,2023.0,10.0,3.0,7.0,21.01316,21.624,20.087395,20.795504,21.045341,21.691856,21.043407,21.771723,18.831594,18.444021,20.167362,20.77306,21.000591,21.359531,21.013449,21.552809,19.151985,18.85563,4.0,0.0,0.0,0.0,0.0,4.0,0.0,0.0
39647,2023.0,10.0,3.0,7.0,21.04,21.691702,20.031591,20.624603,21.03968,21.661304,21.029346,21.745562,18.91454,18.753729,19.199825,18.87249,21.037241,21.444061,21.038958,21.588373,18.737335,18.390314,0.0,0.0,0.0,0.0,0.0,0.0,0.0,0.0
39648,2023.0,10.0,3.0,8.0,21.034668,21.668053,19.137936,18.856102,21.039915,21.644663,21.031097,21.747599,18.925552,18.781898,19.289963,19.419262,21.031311,21.417852,21.035275,21.56622,18.809872,18.67215,0.0,0.0,0.0,0.0,4.0,0.0,0.0,0.0
39649,2023.0,10.0,3.0,8.0,20.174116,20.005459,19.019566,18.916168,20.350626,20.33163,20.247147,20.239046,18.86874,18.728952,20.104347,20.770933,20.221758,19.850073,20.35776,20.27023,19.635853,20.23804,4.0,0.0,0.0,0.0,0.0,0.0,0.0,4.0
39650,2023.0,10.0,3.0,8.0,19.962421,19.934221,20.123272,20.886803,19.925428,19.783918,19.784515,19.650837,18.814898,18.676743,19.395136,19.337742,20.847054,21.347593,20.922474,21.58792,20.061193,20.76844,4.0,0.0,0.0,0.0,0.0,4.0,4.0,0.0
39651,2023.0,10.0,3.0,8.0,19.904234,19.899527,20.007595,20.566847,19.75102,19.591627,19.603716,19.453342,18.766348,18.630049,19.011797,18.859816,20.168377,19.834673,20.092255,19.800129,19.118795,18.862457,4.0,0.0,0.0,0.0,0.0,0.0,0.0,0.0
39652,2023.0,10.0,3.0,8.0,20.532131,21.163109,20.040487,20.593214,19.632568,19.470564,19.480011,19.327394,18.722435,18.587185,18.889399,18.731674,19.76085,19.351154,19.614317,19.247606,18.683683,18.357893,0.0,0.0,0.0,0.0,0.0,0.0,0.0,0.0
39653,2023.0,10.0,3.0,8.0,20.436386,20.781797,19.196434,18.934214,19.538086,19.379305,19.381678,19.23256,18.685768,18.552769,19.137058,19.267372,20.365553,20.609724,19.453335,19.091513,18.741293,18.602169,0.0,0.0,0.0,0.0,4.0,4.0,0.0,0.0
39654,2023.0,10.0,3.0,9.0,19.790741,19.61038,19.423738,19.549511,20.132751,20.557648,19.978148,20.416578,18.65898,18.52704,20.115322,20.935844,19.819794,19.464508,19.356663,19.001045,18.736826,18.615126,4.0,4.0,4.0,0.0,4.0,0.0,0.0,0.0
39655,2023.0,10.0,3.0,9.0,19.477112,19.23191,20.086369,20.711153,19.773293,19.736643,19.604486,19.565472,18.634378,18.506033,20.026312,20.6433,20.306467,20.596178,19.464664,19.315998,18.695919,18.57846,0.0,0.0,0.0,0.0,0.0,4.0,0.0,0.0
39656,2023.0,10.0,3.0,9.0,19.361408,19.123936,19.474728,19.491932,19.248722,18.889233,19.700191,19.8859,18.615187,18.490997,19.151766,18.876045,19.822044,19.498674,19.478073,19.348827,18.659264,18.54611,0.0,0.0,4.0,0.0,0.0,0.0,0.0,0.0
39657,2023.0,10.0,3.0,9.0,20.224033,20.840176,19.583868,19.8174,19.069653,18.664387,19.767748,19.98395,18.602926,18.482256,18.785639,18.382898,19.615843,19.238766,19.44755,19.323545,18.633923,18.523808,4.0,0.0,4.0,0.0,0.0,0.0,0.0,0.0
39658,2023.0,10.0,3.0,9.0,19.633781,19.551563,20.08149,20.691648,19.203974,19.02309,19.225584,18.970074,18.594044,18.47717,18.885918,18.700247,20.288094,20.576963,19.415405,19.295242,18.612825,18.506292,0.0,0.0,0.0,0.0,0.0,4.0,0.0,0.0
39659,2023.0,10.0,3.0,9.0,19.270788,19.081165,19.58644,19.6557,19.241547,19.10785,18.909693,18.55631,18.586407,18.473505,18.914476,18.766293,20.522528,20.82281,19.382868,19.266453,18.59198,18.489164,4.0,0.0,0.0,0.0,0.0,4.0,0.0,0.0
39660,2023.0,10.0,3.0,10.0,19.19792,19.007498,20.094374,20.659637,19.211647,19.086496,18.816223,18.461645,18.581984,18.472855,18.878424,18.734999,19.883415,19.576637,19.35848,19.24547,18.577217,18.477776,0.0,0.0,0.0,0.0,0.0,0.0,0.0,0.0
39661,2023.0,10.0,3.0,10.0,19.345856,19.365562,19.31523,19.124273,19.176573,19.0605,18.940735,18.791708,18.579823,18.47665,18.840193,18.705204,19.636606,19.298992,19.335346,19.22832,18.564,18.470303,0.0,0.0,0.0,0.0,0.0,0.0,0.0,0.0
39662,2023.0,10.0,3.0,10.0,19.38842,19.45121,19.170477,19.040922,19.146856,19.037128,18.97434,18.87269,18.578789,18.479753,18.813442,18.68266,19.580114,19.249638,19.31584,19.211607,18.553217,18.462452,0.0,0.0,0.0,0.0,0.0,0.0,0.0,0.0
39663,2023.0,10.0,3.0,10.0,20.092154,20.792877,19.102364,18.991894,19.121996,19.022385,19.632586,20.136602,18.577883,18.482716,18.79289,18.670021,19.716858,19.568434,19.299685,19.200466,18.544607,18.458092,0.0,0.0,4.0,0.0,0.0,0.0,0.0,0.0
39664,2023.0,10.0,3.0,10.0,19.492737,19.489233,19.03288,18.932457,19.097792,19.006498,19.825792,20.359587,18.57835,18.487236,18.774952,18.658144,19.75459,19.63697,19.284752,19.189644,18.537666,18.454992,0.0,0.0,4.0,0.0,0.0,0.0,0.0,0.0
39665,2023.0,10.0,3.0,10.0,19.254425,19.149662,18.971508,18.877113,19.074709,18.990881,19.695238,20.030653,18.5807,18.493887,18.760195,18.648825,19.751505,19.640951,19.271214,19.17975,18.533104,18.454243,0.0,0.0,4.0,0.0,0.0,0.0,0.0,0.0
39666,2023.0,10.0,3.0,11.0,19.205482,19.120594,19.373787,19.685347,19.054588,18.97929,19.719223,20.06957,18.583616,18.500544,18.749796,18.644299,19.745937,19.640322,19.260077,19.172735,18.530901,18.455856,4.0,0.0,4.0,0.0,0.0,0.0,0.0,0.0
39667,2023.0,10.0,3.0,11.0,19.312305,19.385233,20.100529,20.93355,19.032913,18.962929,19.169312,19.025883,18.58523,18.503674,18.739687,18.636698,19.738604,19.635218,19.248255,19.162544,18.52825,18.454775,0.0,0.0,0.0,0.0,0.0,0.0,0.0,0.0
39668,2023.0,10.0,3.0,11.0,19.326944,19.412056,19.417389,19.510647,19.009815,18.945105,18.90795,18.707119,18.586935,18.506374,18.730513,18.630049,19.73089,19.629414,19.236084,19.151913,18.524754,18.452532,0.0,0.0,0.0,0.0,0.0,0.0,0.0,0.0
39669,2023.0,10.0,3.0,11.0,19.309208,19.398165,19.115059,19.061459,19.667782,20.20323,19.478302,19.84102,18.589397,18.509832,18.726154,18.62741,20.491158,21.079136,19.226276,19.143227,18.522106,18.450865,0.0,4.0,4.0,0.0,0.0,4.0,0.0,0.0
39670,2023.0,10.0,3.0,11.0,19.963985,20.646114,19.016037,18.954216,19.862171,20.42252,19.075016,18.988802,18.592304,18.513716,18.723152,18.626287,19.88547,19.75495,19.217644,19.135796,18.520084,18.449808,0.0,4.0,0.0,0.0,0.0,0.0,0.0,0.0
39671,2023.0,10.0,3.0,11.0,20.022282,20.593401,19.38982,19.716534,19.223915,19.147823,18.87346,18.699537,18.595863,18.518267,18.721502,18.626324,19.681026,19.448881,19.210794,19.130135,18.519108,18.44979,4.0,0.0,0.0,0.0,0.0,0.0,0.0,0.0
39672,2023.0,10.0,3.0,12.0,19.45643,19.49073,20.097372,20.93609,18.993645,18.820053,18.811886,18.643847,18.600662,18.524202,18.721107,18.627638,19.643957,19.415195,19.20518,19.125774,18.518581,18.450253,0.0,0.0,0.0,0.0,0.0,0.0,0.0,0.0
39673,2023.0,10.0,3.0,12.0,21.222881,22.772543,19.439526,19.567146,21.238043,22.870398,21.24072,23.013002,18.605549,18.529558,18.721508,18.628939,21.20366,22.187235,21.2822,22.741581,18.517567,18.44976,0.0,0.0,0.0,0.0,0.0,0.0,0.0,0.0
39674,2023.0,10.0,3.0,12.0,20.974907,22.073408,19.030273,19.00061,20.97517,22.108402,20.992044,22.281942,18.611176,18.53575,18.722984,18.63125,21.000069,21.706476,20.991838,22.038052,18.517794,18.450323,0.0,4.0,0.0,0.0,0.0,0.0,0.0,0.0
39675,2023.0,10.0,3.0,12.0,21.082376,22.19141,18.920237,18.874382,21.09394,22.224083,21.087599,22.311094,18.618114,18.543423,18.726028,18.635256,21.050165,21.70844,21.072037,22.048115,18.52049,18.453737,0.0,0.0,0.0,0.0,0.0,0.0,0.0,0.0
39676,2023.0,10.0,3.0,12.0,21.029938,21.956646,18.858973,18.817324,21.04283,21.975855,21.078964,22.17969,18.625996,18.552008,18.730124,18.640242,21.044165,21.623142,21.063784,21.922075,18.525202,18.459307,0.0,4.0,0.0,0.0,0.0,0.0,0.0,0.0
39677,2023.0,10.0,3.0,12.0,21.03727,21.97177,19.268251,19.634398,21.014872,21.89215,21.028084,22.033854,18.633749,18.560429,18.734232,18.645153,21.015438,21.530228,21.021065,21.788399,18.530464,18.46553,4.0,4.0,0.0,0.0,0.0,0.0,0.0,0.0
39678,2023.0,10.0,3.0,13.0,21.004433,21.848858,20.107487,21.030334,21.016092,21.856377,21.033546,22.00028,19.408049,20.020512,18.738947,18.651472,21.017675,21.501638,21.025387,21.749802,18.535639,18.47198,0.0,4.0,0.0,4.0,0.0,0.0,0.0,0.0
39679,2023.0,10.0,3.0,13.0,21.009777,21.836695,19.38259,19.511942,21.015306,21.826487,21.032341,21.964745,20.07247,20.966925,18.742464,18.655087,21.016964,21.475397,21.02422,21.712658,18.538645,18.475204,0.0,4.0,0.0,0.0,0.0,0.0,0.0,0.0
39680,2023.0,10.0,3.0,13.0,21.008839,21.818716,18.989481,18.98852,21.04048,21.874693,21.031982,21.938765,19.257965,19.246126,18.743645,18.65671,21.016735,21.45645,21.024242,21.686745,18.539774,18.476728,0.0,0.0,0.0,0.0,0.0,0.0,0.0,0.0
39681,2023.0,10.0,3.0,13.0,21.008457,21.805391,19.331766,19.707243,21.034023,21.837643,21.031122,21.91743,18.87242,18.735754,18.742954,18.656912,21.016546,21.44254,21.023703,21.666523,18.539457,18.477179,4.0,0.0,0.0,0.0,0.0,0.0,0.0,0.0
39682,2023.0,10.0,3.0,13.0,21.008808,21.795504,20.107344,20.992435,21.034325,21.817286,21.03106,21.901615,18.85148,18.77188,18.740717,18.656023,21.01616,21.432108,21.023413,21.65199,18.537622,18.476435,0.0,0.0,0.0,0.0,0.0,0.0,0.0,0.0
39683,2023.0,10.0,3.0,13.0,21.035265,21.860727,19.322062,19.368664,21.027435,21.799307,21.030848,21.888489,18.840847,18.766888,18.737818,18.654928,21.016167,21.425194,21.023308,21.641523,18.53429,18.47455,0.0,0.0,0.0,0.0,0.0,0.0,0.0,0.0
39684,2023.0,10.0,3.0,14.0,21.05946,21.890158,18.959764,18.934296,21.01281,21.736357,21.062593,21.938171,18.815493,18.742899,18.732634,18.651829,21.03311,21.452984,21.048283,21.681654,18.52938,18.471298,0.0,4.0,0.0,0.0,0.0,0.0,0.0,0.0
39685,2023.0,10.0,3.0,14.0,20.305763,20.422224,18.890057,18.873114,20.193962,20.191828,20.264347,20.385046,18.793982,18.724993,18.725496,18.647142,20.589275,20.59073,20.405142,20.429815,18.523232,18.467058,0.0,0.0,0.0,0.0,0.0,0.0,0.0,0.0
39686,2023.0,10.0,3.0,14.0,20.648489,21.232,18.838049,18.819687,19.830292,19.68906,19.899752,19.88217,18.77505,18.707937,18.716492,18.640387,20.394442,20.3057,21.098957,21.879635,19.412664,20.15535,0.0,0.0,0.0,0.0,0.0,0.0,4.0,4.0
39687,2023.0,10.0,3.0,14.0,20.143126,20.24843,18.792719,18.775515,19.677053,19.531422,19.741419,19.714941,19.461275,20.020142,18.705872,18.632132,21.046293,21.613842,20.316374,20.271053,20.089363,21.181252,0.0,0.0,0.0,4.0,0.0,4.0,0.0,0.0
39688,2023.0,10.0,3.0,14.0,19.823889,19.85784,19.175386,19.532263,19.632242,19.574963,20.250668,20.791086,20.070116,20.914616,18.693428,18.622187,20.618002,20.647158,19.886993,19.738674,19.148636,19.186834,4.0,0.0,4.0,0.0,0.0,0.0,0.0,0.0
39689,2023.0,10.0,3.0,14.0,19.699295,19.726473,20.119612,21.114616,19.5672,19.526434,19.84969,19.91981,19.89795,20.423883,18.680384,18.611145,20.221643,20.052317,19.74035,19.584768,18.724619,18.636986,0.0,0.0,0.0,4.0,0.0,0.0,0.0,0.0
39690,2023.0,10.0,3.0,15.0,20.399757,21.13124,19.37103,19.536789,19.488703,19.451939,19.457117,19.372309,20.050852,20.722853,18.668839,18.602057,20.089863,19.91018,19.712208,19.626654,18.669006,18.61364,0.0,0.0,0.0,0.0,0.0,0.0,0.0,0.0
39691,2023.0,10.0,3.0,15.0,19.945286,20.07081,19.35388,19.716324,19.418024,19.383741,19.299362,19.197071,19.992409,20.510008,18.657808,18.594023,20.09848,20.00205,19.66729,19.593204,18.636738,18.586618,4.0,0.0,0.0,4.0,0.0,0.0,0.0,0.0
39692,2023.0,10.0,3.0,15.0,20.378595,21.00625,20.10634,21.026476,19.365585,19.33321,19.29017,19.25695,20.03217,20.588984,18.64751,18.58655,20.081585,19.999426,19.617985,19.547697,18.607796,18.559748,0.0,0.0,0.0,0.0,0.0,0.0,0.0,0.0
39693,2023.0,10.0,3.0,15.0,20.507692,21.117867,19.328913,19.4119,19.972704,20.524277,19.249584,19.23174,19.436493,19.415545,18.637428,18.579786,20.04544,19.968578,19.565432,19.499815,18.577257,18.532282,0.0,4.0,0.0,0.0,0.0,0.0,0.0,0.0
39694,2023.0,10.0,3.0,15.0,20.52236,21.132044,19.000391,18.931448,19.590271,19.690739,19.201485,19.186832,19.187649,19.072388,18.628317,18.57391,20.76188,21.3593,19.52255,19.46004,19.44759,20.200287,0.0,0.0,0.0,0.0,0.0,4.0,0.0,4.0
39695,2023.0,10.0,3.0,15.0,19.969425,20.090422,18.950111,18.92877,19.30377,19.228502,19.15496,19.143131,19.136326,19.068186,18.617739,18.566929,20.201632,20.157211,19.481815,19.422869,20.048279,21.074242,0.0,0.0,0.0,0.0,0.0,0.0,0.0,4.0
39696,2023.0,10.0,3.0,16.0,20.370378,21.025124,19.33862,19.717182,19.83825,20.315447,19.107656,19.09837,19.077627,19.020819,18.60446,18.557552,19.921532,19.78861,19.439093,19.38406,19.991701,20.829237,4.0,4.0,0.0,0.0,0.0,0.0,0.0,4.0
39697,2023.0,10.0,3.0,16.0,20.500427,21.12825,20.080233,20.937786,20.022356,20.505354,19.750868,20.34773,19.01036,18.955338,18.98541,19.293163,20.586409,21.10731,19.396101,19.342258,20.035969,20.861269,4.0,4.0,4.0,0.0,4.0,4.0,0.0,0.0
39698,2023.0,10.0,3.0,16.0,20.502625,21.114843,20.003887,20.703066,20.051426,20.526066,19.399279,19.494415,18.950005,18.897375,20.143124,21.225073,20.143179,20.084846,20.35531,21.192636,20.007029,20.694767,4.0,4.0,0.0,0.0,0.0,0.0,4.0,4.0
39699,2023.0,10.0,3.0,16.0,19.950603,20.070976,20.031073,20.717058,19.534595,19.537992,19.680271,20.163395,18.895395,18.844318,19.32556,19.469847,19.87764,19.737677,19.755032,19.744118,20.035835,20.75903,0.0,0.0,4.0,0.0,0.0,0.0,0.0,0.0
39700,2023.0,10.0,3.0,16.0,20.31864,20.944952,19.36752,19.398777,19.866562,20.321121,19.283134,19.285265,18.845547,18.796076,18.863672,18.824175,19.797615,19.64906,19.382486,19.276226,19.282087,19.269995,0.0,4.0,0.0,0.0,0.0,0.0,0.0,0.0
39701,2023.0,10.0,3.0,16.0,19.829878,19.942713,19.06526,18.965229,19.977531,20.444033,19.066395,18.975897,19.515003,20.094875,18.774569,18.722696,20.589443,21.201635,19.291834,19.175114,18.999771,18.892159,0.0,4.0,0.0,4.0,0.0,4.0,0.0,0.0
39702,2023.0,10.0,3.0,17.0,20.27212,20.879967,19.445616,19.777403,20.000889,20.456982,18.981346,18.881674,20.04175,20.888695,18.727232,18.676056,20.016247,19.956295,20.200401,20.938555,18.877184,18.76668,4.0,4.0,0.0,4.0,0.0,0.0,4.0,0.0
39703,2023.0,10.0,3.0,17.0,19.82993,19.915207,20.060055,20.791569,19.471354,19.444166,18.977829,18.941675,20.02749,20.772778,18.675135,18.622845,19.726305,19.576485,19.631094,19.581665,18.821222,18.76222,4.0,0.0,0.0,0.0,0.0,0.0,0.0,0.0
39704,2023.0,10.0,3.0,17.0,20.22413,20.841314,20.005903,20.626356,19.81603,20.254208,18.952883,18.92557,19.883118,20.37857,19.015718,19.306368,19.652086,19.491652,19.296854,19.174704,18.75723,18.704916,4.0,4.0,0.0,4.0,4.0,0.0,0.0,0.0
39705,2023.0,10.0,3.0,17.0,19.769444,19.84276,20.031275,20.653978,19.41413,19.380157,18.912077,18.883968,20.053848,20.718681,20.141607,21.199284,19.688028,19.611034,20.162996,20.889208,18.689013,18.63899,0.0,0.0,0.0,0.0,0.0,0.0,4.0,0.0
39706,2023.0,10.0,3.0,17.0,20.14755,20.734007,19.382536,19.377172,19.119822,18.989763,19.539112,20.092705,19.944508,20.42204,19.314745,19.442957,19.686588,19.621042,19.5909,19.537378,18.625776,18.577442,0.0,0.0,4.0,4.0,0.0,0.0,0.0,0.0
39707,2023.0,10.0,3.0,17.0,20.26458,20.851057,19.457766,19.646358,19.024517,18.87308,19.733477,20.315893,20.011932,20.537611,18.954512,18.899435,20.421547,21.040562,19.32269,19.176561,19.46721,20.211885,4.0,0.0,4.0,4.0,0.0,4.0,0.0,4.0
39708,2023.0,10.0,3.0,18.0,19.69206,19.745817,20.072397,20.719774,19.045424,18.980913,19.11209,19.075676,20.031294,20.587608,18.828762,18.762737,20.544182,21.033777,20.180574,20.892286,20.078402,21.07314,4.0,0.0,0.0,0.0,0.0,4.0,4.0,0.0
39709,2023.0,10.0,3.0,18.0,21.168243,22.49429,20.005135,20.552284,21.225216,22.877077,21.232548,22.988993,19.354158,19.269268,18.739254,18.671537,21.090477,21.996931,21.079468,22.23075,19.114826,19.094944,4.0,0.0,0.0,0.0,0.0,0.0,4.0,0.0
39710,2023.0,10.0,3.0,18.0,21.013315,22.06554,20.013723,20.546137,20.970074,22.133354,21.00348,22.293045,18.965622,18.784302,18.663504,18.59236,21.02232,21.761047,21.033815,22.049936,18.647131,18.503345,4.0,4.0,0.0,0.0,0.0,0.0,0.0,0.0
39711,2023.0,10.0,3.0,18.0,21.0367,22.014933,20.012985,20.527578,21.051437,22.16324,21.014544,22.156452,18.927593,18.844307,18.602016,18.531485,21.0315,21.706045,21.0381,21.964697,19.558092,20.348196,4.0,0.0,4.0,0.0,0.0,0.0,0.0,4.0
39712,2023.0,10.0,3.0,18.0,21.00392,21.86472,20.01273,20.514114,21.010084,21.960997,21.048788,22.14232,18.876322,18.798988,18.54357,18.46996,21.028711,21.647696,21.034971,21.88956,20.063484,20.993929,4.0,4.0,0.0,0.0,0.0,0.0,0.0,0.0
39713,2023.0,10.0,3.0,18.0,21.013184,21.844553,20.032433,20.557177,21.021183,21.917034,21.041409,22.051695,18.807163,18.731611,18.493277,18.419062,21.022305,21.610558,21.036148,21.840452,19.846233,20.413069,0.0,4.0,0.0,0.0,0.0,0.0,0.0,4.0
39714,2023.0,10.0,3.0,19.0,21.01183,21.814785,19.670576,19.825361,21.018555,21.864775,21.016087,21.923853,18.742407,18.666145,18.444496,18.366072,21.02266,21.591784,21.027935,21.799982,20.069841,20.867287,4.0,4.0,4.0,0.0,0.0,0.0,0.0,0.0
39715,2023.0,10.0,3.0,19.0,21.011805,21.794773,20.070915,20.641577,21.018965,21.830153,21.021889,21.898058,18.68715,18.612999,18.399862,18.319042,21.022608,21.576456,21.029556,21.783167,19.92038,20.470299,4.0,4.0,4.0,0.0,0.0,0.0,0.0,4.0
39716,2023.0,10.0,3.0,19.0,21.01134,21.778147,20.004728,20.48965,21.04495,21.874346,21.020437,21.86842,18.632687,18.554195,18.35719,18.27311,21.021961,21.56339,21.028072,21.765171,20.05977,20.767282,4.0,0.0,4.0,0.0,0.0,0.0,0.0,0.0
39717,2023.0,10.0,3.0,19.0,21.011679,21.766722,20.016325,20.49913,21.038536,21.832346,21.047138,21.919727,18.585804,18.507086,18.676617,18.902925,21.099958,21.675882,21.029295,21.755127,19.19172,19.050589,4.0,0.0,0.0,0.0,4.0,4.0,0.0,0.0
39718,2023.0,10.0,3.0,19.0,21.039158,21.83052,20.014444,20.484882,21.039188,21.808216,21.015715,21.812426,18.54133,18.460701,20.199963,21.45601,21.022894,21.528275,21.029037,21.7448,19.657091,20.235657,4.0,0.0,4.0,0.0,0.0,0.0,0.0,4.0
39719,2023.0,10.0,3.0,19.0,21.005873,21.727346,20.014688,20.476316,21.003153,21.715153,21.046795,21.877567,18.499887,18.417057,19.177689,19.282394,21.031075,21.529589,21.029001,21.736515,20.016844,20.687296,4.0,4.0,0.0,0.0,0.0,0.0,0.0,4.0
39720,2023.0,10.0,3.0,20.0,21.040014,21.806355,20.014742,20.46869,21.019629,21.730576,21.04046,21.844807,19.173265,19.718498,18.62927,18.54448,21.02998,21.513702,21.02886,21.729176,20.037235,20.71325,4.0,4.0,0.0,4.0,0.0,0.0,0.0,0.0
39721,2023.0,10.0,3.0,20.0,21.00581,21.703268,20.015028,20.462648,21.017675,21.715206,21.015001,21.756083,20.117931,21.181469,18.504059,18.403015,21.021166,21.502342,21.149933,21.914532,19.940922,20.446583,4.0,4.0,4.0,0.0,0.0,0.0,4.0,4.0
39722,2023.0,10.0,3.0,20.0,21.012056,21.70899,20.0153,20.45736,21.018095,21.705982,21.046545,21.829758,19.028866,18.908493,18.43268,18.330717,21.124353,21.67644,21.022694,21.680994,20.050083,20.688223,4.0,4.0,0.0,0.0,0.0,4.0,0.0,0.0
39723,2023.0,10.0,3.0,20.0,21.039707,21.778833,20.015558,20.45258,21.018084,21.696701,21.040564,21.804462,19.22418,19.612896,18.36949,18.264221,20.991562,21.403856,21.038548,21.701979,19.18583,18.99404,4.0,4.0,0.0,4.0,0.0,4.0,0.0,0.0
39724,2023.0,10.0,3.0,20.0,21.005594,21.67906,20.034561,20.500265,21.0181,21.687975,21.004087,21.720842,20.093082,20.97827,18.682087,18.897856,21.00689,21.43475,21.03621,21.685495,18.757547,18.498825,0.0,4.0,4.0,4.0,4.0,4.0,0.0,0.0
39725,2023.0,10.0,3.0,20.0,21.039804,21.762032,19.65721,19.745106,21.01826,21.679935,21.022566,21.745466,20.373663,21.440266,20.202734,21.453249,21.005043,21.430346,21.027748,21.676107,19.500486,20.039925,4.0,4.0,4.0,4.0,0.0,4.0,0.0,4.0
39726,2023.0,10.0,3.0,21.0,21.006115,21.663012,20.086924,20.655079,21.0443,21.743624,21.046303,21.804392,20.041018,20.71899,19.148119,19.223053,21.036352,21.509588,21.028872,21.681513,20.07244,20.865639,0.0,0.0,0.0,0.0,0.0,0.0,0.0,0.0
39727,2023.0,10.0,3.0,21.0,21.040403,21.747437,19.30709,19.1091,21.01273,21.646673,21.04094,21.779709,19.1319,18.917055,18.91862,19.101177,21.000158,21.407318,21.028658,21.682833,19.09744,18.903666,0.0,4.0,0.0,0.0,4.0,4.0,0.0,0.0
39728,2023.0,10.0,3.0,21.0,21.033445,21.725145,19.032162,18.880075,21.018532,21.651453,21.015604,21.6961,19.375349,19.705524,20.176031,21.2662,21.00585,21.417746,21.028702,21.683561,19.546452,20.088688,0.0,4.0,4.0,4.0,0.0,4.0,0.0,4.0
39729,2023.0,10.0,3.0,21.0,21.033987,21.717295,18.974228,18.840693,21.017845,21.64545,21.046453,21.772436,20.06722,20.789371,19.213655,19.269308,21.036348,21.497244,21.16119,21.897438,20.033922,20.749308,0.0,4.0,0.0,4.0,0.0,0.0,4.0,4.0
39730,2023.0,10.0,3.0,21.0,20.994158,21.631495,18.889177,18.750385,21.044668,21.714508,21.039524,21.748713,19.998589,20.592773,19.03837,19.241302,21.030304,21.475546,21.014109,21.627377,20.03686,20.725151,0.0,0.0,0.0,4.0,4.0,0.0,0.0,0.0
39731,2023.0,10.0,3.0,21.0,21.042292,21.740288,18.821966,18.686571,21.03789,21.68975,21.029362,21.741772,20.042627,20.662657,20.158876,21.137575,21.0315,21.468988,21.041115,21.674555,19.098452,18.869747,0.0,0.0,0.0,0.0,4.0,0.0,0.0,0.0
39732,2023.0,10.0,3.0,22.0,21.033022,21.712765,18.758808,18.621714,21.038788,21.680647,21.03063,21.750866,19.759403,20.044388,20.011354,20.747742,21.031311,21.461731,21.036697,21.657597,19.571512,20.103252,0.0,0.0,0.0,4.0,4.0,0.0,0.0,4.0
39733,2023.0,10.0,3.0,22.0,21.033762,21.705286,18.701456,18.561058,21.02646,21.670376,21.030338,21.753445,20.061869,20.652182,20.029465,20.712036,21.155338,21.687925,21.027332,21.651217,20.077124,20.832058,0.0,0.0,0.0,4.0,4.0,4.0,0.0,0.0
39734,2023.0,10.0,3.0,22.0,21.02247,21.69725,18.651752,18.50975,21.02809,21.681646,21.029871,21.754148,20.033604,20.59734,20.041534,20.697857,21.015049,21.425327,21.185968,21.924295,19.778965,20.151285,0.0,0.0,0.0,0.0,0.0,0.0,4.0,4.0
39735,2023.0,10.0,3.0,22.0,21.024405,21.709602,18.60884,18.467403,21.028248,21.686115,21.030434,21.754807,19.171417,18.917477,19.098577,18.849607,21.033255,21.459166,21.018959,21.615814,20.076698,20.770348,0.0,0.0,0.0,0.0,0.0,0.0,0.0,0.0
39736,2023.0,10.0,3.0,22.0,21.02405,21.714851,18.56696,18.42441,21.028276,21.688805,21.030338,21.754063,18.715942,18.39024,18.761068,18.60213,21.031544,21.452024,21.03987,21.654902,19.130117,18.897528,0.0,0.0,0.0,0.0,0.0,0.0,0.0,0.0
39737,2023.0,10.0,3.0,22.0,21.048798,21.768177,18.52349,18.376114,21.056526,21.745083,21.06096,21.81291,18.752645,18.629223,18.68236,18.542793,21.043005,21.490885,21.07368,21.713526,18.663431,18.358646,0.0,0.0,0.0,0.0,0.0,0.0,0.0,0.0
39738,2023.0,10.0,3.0,23.0,21.048473,21.762468,18.486294,18.338543,21.056185,21.735115,21.060486,21.801308,18.701492,18.574734,18.572197,18.428677,21.04362,21.497948,21.054361,21.678343,18.7049,18.596401,0.0,0.0,0.0,0.0,0.0,0.0,0.0,0.0
39739,2023.0,10.0,3.0,23.0,20.394331,20.506422,18.4551,18.311373,20.860086,21.328775,20.265558,20.273075,18.62862,18.507376,18.480915,18.345797,20.439337,20.340511,20.2857,20.21041,18.651741,18.539265,0.0,4.0,0.0,0.0,0.0,0.0,0.0,0.0
39740,2023.0,10.0,3.0,23.0,20.108452,20.12137,18.425549,18.281857,20.226742,20.189491,19.891813,19.752903,19.145147,19.531101,18.407314,18.270256,20.218594,20.065893,20.000372,19.868452,18.588177,18.47559,0.0,0.0,0.0,4.0,0.0,0.0,0.0,0.0
39741,2023.0,10.0,3.0,23.0,19.973059,19.97969,18.3966,18.253328,19.658787,19.247944,19.721308,19.570862,18.716866,18.617838,18.339111,18.201744,20.109701,19.956648,19.852615,19.72302,18.525383,18.412632,0.0,0.0,0.0,0.0,0.0,0.0,0.0,0.0
39742,2023.0,10.0,3.0,23.0,19.870182,19.87738,18.368801,18.226088,19.42409,18.977915,19.59489,19.445078,19.146408,19.54135,18.27751,18.140198,20.01663,19.863733,19.726873,19.593927,18.467926,18.35517,0.0,0.0,0.0,4.0,0.0,0.0,0.0,0.0
39743,2023.0,10.0,3.0,23.0,19.783688,19.792797,18.342054,18.200298,19.51845,19.31206,19.489529,19.342665,18.52661,18.25482,18.221106,18.084747,19.93568,19.783993,19.620602,19.489271,19.138382,19.664429,0.0,0.0,0.0,0.0,0.0,0.0,0.0,4.0
39744,2023.0,10.0,4.0,0.0,19.705706,19.714842,18.315325,18.173838,19.49712,19.335596,19.39503,19.248793,18.282345,17.964918,18.167566,18.030882,19.861452,19.70931,19.524343,19.392704,18.627508,18.554644,0.0,0.0,0.0,0.0,0.0,0.0,0.0,0.0
39745,2023.0,10.0,4.0,0.0,19.631767,19.637716,18.287008,18.143713,19.421219,19.259203,19.30664,19.1571,18.183573,17.865095,18.115013,17.975542,19.791494,19.636297,19.434551,19.299776,18.275866,17.992311,0.0,0.0,0.0,0.0,0.0,0.0,0.0,0.0
39746,2023.0,10.0,4.0,0.0,19.569454,19.578419,18.261417,18.118786,19.354061,19.196077,19.233088,19.087614,18.283924,18.15057,18.362562,18.478954,20.443031,20.924032,19.357643,19.225172,18.158936,17.874767,0.0,0.0,0.0,0.0,4.0,4.0,0.0,0.0
39747,2023.0,10.0,4.0,0.0,19.509497,19.519022,18.23523,18.09211,19.288492,19.131802,19.162725,19.018425,18.843271,19.213858,18.465271,18.616798,19.708866,19.398497,19.284954,19.152718,18.238039,18.11889,0.0,0.0,0.0,4.0,4.0,0.0,0.0,0.0
39748,2023.0,10.0,4.0,0.0,19.451914,19.459883,18.208853,18.0641,19.225222,19.067574,19.095438,18.950031,18.446104,18.34615,18.17219,18.05396,19.443598,19.05683,19.215593,19.08162,18.222078,18.106157,0.0,0.0,0.0,0.0,0.0,0.0,0.0,0.0
39749,2023.0,10.0,4.0,0.0,19.397398,19.40303,18.182556,18.035614,19.164913,19.00557,19.031967,18.884611,18.11336,17.798798,18.368122,18.504772,19.34709,18.960062,19.150448,19.014418,18.178453,18.060219,0.0,0.0,0.0,0.0,4.0,0.0,0.0,0.0
39750,2023.0,10.0,4.0,1.0,19.347742,19.353106,18.157537,18.009453,19.10998,18.951088,18.974627,18.827543,17.993692,17.6704,18.440832,18.594307,19.501242,19.352566,19.090807,18.954351,18.137884,18.018894,0.0,0.0,0.0,0.0,4.0,0.0,0.0,0.0
39751,2023.0,10.0,4.0,1.0,19.301743,19.308266,18.133762,17.985363,19.059664,18.902899,18.922516,18.777386,18.103693,17.971598,17.92437,17.590805,19.48054,19.321705,19.03583,18.900246,18.099167,17.980415,0.0,0.0,0.0,0.0,0.0,0.0,0.0,0.0
39752,2023.0,10.0,4.0,1.0,19.253248,19.256502,18.10697,17.955072,19.006523,18.846333,18.86764,18.718716,18.094896,17.96247,17.71027,17.333817,19.438372,19.277266,18.980186,18.841888,18.058958,17.93774,0.0,0.0,0.0,0.0,0.0,0.0,0.0,0.0
39753,2023.0,10.0,4.0,1.0,19.210545,19.214294,18.083109,17.931128,18.960903,18.802452,18.820435,18.67321,18.059343,17.92678,17.846523,17.69897,19.40032,19.239126,18.930008,18.791945,18.022108,17.900713,0.0,0.0,0.0,0.0,0.0,0.0,0.0,0.0
39754,2023.0,10.0,4.0,1.0,19.1675,19.169607,18.056713,17.902536,18.914057,18.753971,18.771814,18.622879,18.02302,17.888885,17.835232,17.685558,19.361454,19.198748,18.88063,18.741282,17.985123,17.862335,0.0,0.0,0.0,0.0,0.0,0.0,0.0,0.0
39755,2023.0,10.0,4.0,1.0,19.145573,19.165573,18.03381,17.88093,18.874002,18.717268,18.730267,18.584805,17.98958,17.856657,17.79849,17.650621,19.326464,19.16497,18.83609,18.698385,18.683556,19.208244,0.0,0.0,0.0,0.0,0.0,0.0,0.0,4.0
39756,2023.0,10.0,4.0,2.0,19.11198,19.13324,18.008633,17.854603,18.83201,18.674976,18.68691,18.54106,17.95485,17.821093,17.759642,17.610847,19.290565,19.128235,18.791073,18.65274,18.183153,18.106739,0.0,0.0,0.0,0.0,0.0,0.0,0.0,0.0
39757,2023.0,10.0,4.0,2.0,19.074293,19.093163,17.982096,17.825468,18.78991,18.631018,18.643787,18.49589,17.919592,17.783863,17.720001,17.569017,19.254486,19.090134,18.746378,18.606276,18.550999,18.878439,0.0,0.0,0.0,0.0,0.0,0.0,0.0,4.0
39758,2023.0,10.0,4.0,2.0,19.037415,19.054354,18.411777,18.650755,18.749378,18.589169,18.602482,18.453077,17.885107,17.747904,17.681519,17.528902,19.21949,19.053616,18.703274,18.562017,17.956022,17.661875,4.0,0.0,0.0,0.0,0.0,0.0,0.0,0.0
39759,2023.0,10.0,4.0,2.0,18.999674,19.013344,18.137632,18.051207,18.70839,18.545424,18.560827,18.408453,17.84993,17.710241,17.642563,17.487095,19.184046,19.015644,18.659899,18.51635,17.75294,17.430882,0.0,0.0,0.0,0.0,0.0,0.0,0.0,0.0
39760,2023.0,10.0,4.0,2.0,18.961653,18.97126,17.986246,17.81736,18.6668,18.499647,18.518408,18.361721,17.814436,17.671654,17.603476,17.444202,19.14851,18.977034,18.616777,18.47047,17.661753,17.3365,0.0,0.0,0.0,0.0,0.0,0.0,0.0,0.0
39761,2023.0,10.0,4.0,2.0,18.926548,18.93451,17.942646,17.77276,18.62965,18.462053,18.480316,18.32324,17.781055,17.637209,17.567589,17.407404,19.11518,18.942541,18.57611,18.42894,17.791742,17.672668,0.0,0.0,0.0,0.0,0.0,0.0,0.0,0.0
39762,2023.0,10.0,4.0,3.0,18.890371,18.895052,17.902645,17.728123,18.590515,18.419579,18.440073,18.279697,17.746439,17.600092,17.52992,17.366705,19.080906,18.905771,18.534883,18.385574,17.769295,17.633904,0.0,0.0,0.0,0.0,0.0,0.0,0.0,0.0
39763,2023.0,10.0,4.0,3.0,18.858574,18.864174,17.872854,17.700363,18.557257,18.38859,18.40588,18.247906,17.715107,17.56973,17.496634,17.334902,19.049913,18.875515,18.49709,18.348877,18.467384,18.97885,0.0,0.0,0.0,0.0,0.0,0.0,0.0,4.0
39764,2023.0,10.0,4.0,3.0,18.825365,18.829885,17.842169,17.66879,18.522324,18.353302,18.370173,18.211815,17.682686,17.53671,17.46192,17.299564,19.018019,18.84288,18.458578,18.309948,17.779488,17.50362,0.0,0.0,0.0,0.0,0.0,0.0,0.0,0.0
39765,2023.0,10.0,4.0,3.0,18.79152,18.793844,17.811626,17.636307,18.486813,18.316223,18.334131,18.17407,18.237675,18.607508,17.426607,17.26253,18.985603,18.808783,18.419603,18.26948,17.537592,17.20436,0.0,0.0,0.0,4.0,0.0,0.0,0.0,0.0
39766,2023.0,10.0,4.0,3.0,18.75897,18.759773,17.782549,17.605963,18.45252,18.281073,18.299257,18.138304,17.829794,17.710026,17.392527,17.227434,18.954224,18.776337,18.381914,18.230991,17.455215,17.12455,0.0,0.0,0.0,0.0,0.0,0.0,0.0,0.0
39767,2023.0,10.0,4.0,3.0,18.727575,18.727337,17.754675,17.577436,18.419342,18.247726,18.265366,18.104305,17.69287,17.544142,17.359632,17.194212,18.923838,18.74547,18.345436,18.194382,18.272144,18.7437,0.0,0.0,0.0,0.0,0.0,0.0,0.0,4.0
39768,2023.0,10.0,4.0,4.0,18.695753,18.693853,17.726519,17.547983,18.385805,18.213266,18.231155,18.069191,17.644249,17.49442,17.326538,17.16011,18.89324,18.71382,18.3088,18.156956,17.64575,17.365,0.0,0.0,0.0,0.0,0.0,0.0,0.0,0.0
39769,2023.0,10.0,4.0,4.0,18.664444,18.66134,17.699322,17.520187,18.353073,18.180037,18.197962,18.035393,17.600416,17.449543,17.60048,17.700861,18.863478,18.683489,18.272863,18.120464,17.413202,17.078772,0.0,0.0,0.0,0.0,4.0,0.0,0.0,0.0
39770,2023.0,10.0,4.0,4.0,18.635578,18.63328,17.67478,17.496906,18.323038,18.151543,18.167528,18.006445,17.56353,17.413822,17.706854,17.83096,18.83601,18.657007,18.23946,18.088211,18.035856,18.317173,0.0,0.0,0.0,0.0,4.0,0.0,0.0,4.0
39771,2023.0,10.0,4.0,4.0,18.606327,18.604183,17.650423,17.47306,18.292788,18.122118,18.137056,17.976667,17.528254,17.379034,17.433079,17.293009,18.8086,18.630068,18.20612,18.05543,17.509323,17.197348,0.0,0.0,0.0,0.0,0.0,0.0,0.0,0.0
39772,2023.0,10.0,4.0,4.0,18.575447,18.571577,17.62444,17.44539,18.260603,18.088406,18.104897,17.942753,17.492992,17.342453,17.316463,17.14832,18.780306,18.600847,18.171875,18.020254,17.331463,17.000517,0.0,0.0,0.0,0.0,0.0,0.0,0.0,0.0
39773,2023.0,10.0,4.0,4.0,18.547255,18.544088,17.601702,17.424229,18.232042,18.061659,18.076221,17.915806,17.461607,17.31232,17.274204,17.108097,18.75438,18.57593,18.140133,17.989588,17.444164,17.29989,0.0,0.0,0.0,0.0,0.0,0.0,0.0,0.0
39774,2023.0,10.0,4.0,5.0,18.518166,18.514656,17.577013,17.399214,18.201767,18.031185,18.04557,17.884964,17.430136,17.280867,17.234383,17.067993,18.72797,18.549582,18.107986,17.957598,17.437801,17.299433,0.0,0.0,0.0,0.0,0.0,0.0,0.0,0.0
39775,2023.0,10.0,4.0,5.0,18.492037,18.490877,17.555882,17.381311,18.175442,18.008373,18.018843,17.861807,17.972982,18.326504,17.490768,17.578098,19.437204,19.91393,18.078602,17.930763,18.133652,18.634375,0.0,0.0,0.0,4.0,4.0,4.0,0.0,4.0
39776,2023.0,10.0,4.0,5.0,18.464476,18.463745,17.533012,17.359543,18.147333,17.981455,17.990387,17.83452,17.606955,17.512106,17.297766,17.158352,18.95315,18.855589,18.048225,17.901485,17.468927,17.203083,0.0,0.0,0.0,0.0,0.0,0.0,0.0,0.0
39777,2023.0,10.0,4.0,5.0,18.437235,18.436562,17.510302,17.337574,18.81589,19.261974,17.962212,17.807074,17.451809,17.307299,17.480904,17.569242,18.56619,18.180332,18.0179,17.872002,17.238367,16.919355,0.0,4.0,0.0,0.0,4.0,0.0,0.0,0.0
39778,2023.0,10.0,4.0,5.0,18.41008,18.409485,17.487747,17.31572,18.406832,18.35425,17.934128,17.779743,17.406395,17.262337,17.277308,17.133389,18.440315,18.034397,17.988087,17.842993,17.160706,16.842295,0.0,0.0,0.0,0.0,0.0,0.0,0.0,0.0
39779,2023.0,10.0,4.0,5.0,19.123709,19.776068,17.465652,17.294598,17.952284,17.546051,17.906425,17.753212,17.36657,17.223598,17.463306,17.553604,18.597065,18.419353,17.959354,17.8154,17.260748,17.109623,0.0,0.0,0.0,0.0,4.0,0.0,0.0,0.0
39780,2023.0,10.0,4.0,6.0,19.299673,19.94487,17.900555,18.128042,17.798414,17.357359,17.878561,17.72638,17.331076,17.188871,17.260954,17.12335,19.353312,19.842516,17.930553,17.787594,17.27215,17.139145,4.0,0.0,0.0,0.0,0.0,4.0,0.0,0.0
39781,2023.0,10.0,4.0,6.0,21.293823,23.381268,20.248882,22.17183,21.37129,23.5729,21.262619,23.738325,17.299042,17.158043,17.453388,17.557932,21.239374,23.044773,21.55111,24.019981,17.997004,18.52874,0.0,0.0,0.0,0.0,4.0,4.0,4.0,4.0
39782,2023.0,10.0,4.0,6.0,21.02995,22.593554,18.774689,18.9696,20.97798,22.610567,21.00807,22.851131,17.269045,17.129734,20.323305,22.412119,21.04295,22.409187,21.02429,22.780462,21.591488,24.486334,0.0,4.0,0.0,0.0,4.0,0.0,0.0,0.0
39783,2023.0,10.0,4.0,6.0,21.03468,22.412624,18.36113,18.61378,21.035557,22.523382,21.057999,22.71417,17.242846,17.105478,20.011408,21.509216,21.026405,22.175203,21.06792,22.63688,18.539385,18.432571,4.0,4.0,0.0,0.0,4.0,4.0,0.0,0.0
39784,2023.0,10.0,4.0,6.0,21.034386,22.302248,20.245642,21.89704,21.04259,22.374628,21.025877,22.473852,17.82206,18.218544,20.069178,21.418064,21.05693,22.132328,21.021166,22.35483,18.341791,18.661388,0.0,4.0,4.0,4.0,0.0,0.0,4.0,4.0
39785,2023.0,10.0,4.0,6.0,21.033043,22.224043,18.918941,19.08696,21.064756,22.32663,21.054928,22.447939,20.27487,22.317524,18.841522,18.879522,21.049917,22.022528,21.06658,22.36545,20.217785,21.842077,0.0,0.0,0.0,4.0,4.0,0.0,0.0,4.0
39786,2023.0,10.0,4.0,7.0,21.031862,22.166468,18.141472,18.018637,21.033188,22.15812,21.03844,22.286505,20.00793,21.481503,20.315489,21.720495,21.049002,21.949215,21.01746,22.155735,20.004198,21.239372,0.0,4.0,4.0,4.0,0.0,0.0,4.0,4.0
39787,2023.0,10.0,4.0,7.0,21.030813,22.12265,17.949614,17.7843,21.037422,22.107517,21.065676,22.286253,20.065552,21.412086,19.279423,19.629423,21.004824,21.815182,21.024395,22.1144,20.061762,21.256245,0.0,4.0,0.0,0.0,4.0,4.0,4.0,0.0
39788,2023.0,10.0,4.0,7.0,21.057005,22.162094,18.286156,18.495657,21.061249,22.131327,21.058924,22.212841,19.147913,19.457092,20.169548,21.440847,21.023544,21.812239,21.022888,22.071844,18.644053,18.429783,4.0,0.0,0.0,4.0,4.0,4.0,4.0,0.0
39789,2023.0,10.0,4.0,7.0,21.235285,22.466587,20.228104,21.83221,21.216356,22.38267,21.17615,22.400843,20.20656,21.562761,20.026316,21.037207,21.194586,22.125874,21.212404,22.447472,17.956007,17.615784,4.0,4.0,0.0,0.0,4.0,4.0,0.0,0.0
39790,2023.0,10.0,4.0,7.0,21.028082,22.02614,20.03314,21.24389,21.059614,22.057549,21.042614,22.124374,18.697363,18.495653,20.058985,21.032867,21.019873,21.748821,21.01314,21.982744,17.943497,17.803627,0.0,0.0,0.0,0.0,0.0,4.0,4.0,0.0
39791,2023.0,10.0,4.0,7.0,21.027872,22.013262,18.699423,18.545122,21.053589,22.021198,21.044527,22.120619,17.947159,17.588675,18.805908,18.565332,21.01951,21.730408,21.061298,22.086626,18.782816,19.448317,0.0,0.0,0.0,0.0,0.0,4.0,0.0,4.0
39792,2023.0,10.0,4.0,8.0,21.027637,22.003187,17.908995,17.479252,21.027914,21.92947,21.043833,22.111176,18.699186,19.219034,18.301012,18.110712,21.049381,21.792875,21.051828,22.042812,20.184622,21.698706,0.0,4.0,0.0,4.0,0.0,0.0,0.0,0.0
39793,2023.0,10.0,4.0,8.0,19.833328,19.734165,17.891954,17.653612,19.783386,19.565742,19.965622,20.033726,20.18785,21.635075,18.19009,18.03003,19.937973,19.634087,19.738178,19.496693,18.626606,18.487677,0.0,0.0,0.0,0.0,0.0,0.0,0.0,0.0
39794,2023.0,10.0,4.0,8.0,19.176285,18.915583,17.901554,17.725443,19.041233,18.607765,19.29721,19.170588,18.687794,18.546848,18.06005,17.910784,19.397186,18.988295,19.071577,18.718388,17.905481,17.614714,0.0,0.0,0.0,0.0,0.0,0.0,0.0,0.0
39795,2023.0,10.0,4.0,8.0,18.971031,18.688316,17.850477,17.683987,19.04847,18.82233,19.072514,18.903082,18.103207,17.74007,17.960083,17.810318,19.234991,18.820948,19.064447,18.909084,17.915337,17.791853,0.0,0.0,0.0,0.0,0.0,0.0,0.0,0.0
39796,2023.0,10.0,4.0,8.0,19.071316,19.034853,17.797413,17.640516,18.984545,18.809767,19.60405,20.032187,18.844036,19.32393,17.880081,17.742327,19.336092,19.150417,18.975536,18.840797,17.864079,17.757145,0.0,0.0,4.0,4.0,0.0,0.0,0.0,0.0
39797,2023.0,10.0,4.0,8.0,19.046062,19.05498,17.747326,17.596087,18.891241,18.729128,19.147886,19.135416,20.15109,21.502596,17.806631,17.674894,19.32398,19.178371,18.871693,18.745266,17.794603,17.690664,0.0,0.0,0.0,4.0,0.0,0.0,0.0,0.0
39798,2023.0,10.0,4.0,9.0,18.962103,18.977995,17.693844,17.548626,19.471819,19.922413,18.552687,18.20261,20.038246,21.154482,17.730625,17.604868,19.253693,19.112747,18.760433,18.640162,17.72078,17.620714,0.0,4.0,0.0,0.0,0.0,0.0,0.0,0.0
39799,2023.0,10.0,4.0,9.0,19.587082,20.226048,17.645918,17.506607,19.667633,20.15945,18.949171,19.125986,18.777536,18.63068,17.664312,17.544075,19.187624,19.051607,18.663687,18.549736,17.656727,17.561037,0.0,4.0,4.0,0.0,0.0,0.0,0.0,0.0
39800,2023.0,10.0,4.0,9.0,18.946527,18.886421,17.608719,17.473085,19.44972,19.710035,18.52636,18.296793,18.27008,17.942986,17.614656,17.496151,19.852003,20.352463,18.591295,18.479296,17.609074,17.514965,0.0,4.0,0.0,0.0,0.0,4.0,0.0,0.0
39801,2023.0,10.0,4.0,9.0,19.32298,19.73181,17.574455,17.444113,18.773127,18.49443,18.904234,19.124563,18.256628,18.098719,17.571157,17.455952,19.168383,18.915827,18.526678,18.418383,17.566877,17.475819,0.0,0.0,4.0,0.0,0.0,0.0,0.0,0.0
39802,2023.0,10.0,4.0,9.0,18.839373,18.771338,17.54328,17.418135,18.49815,18.132128,18.462505,18.258959,18.19681,18.07106,17.533688,17.421345,18.92235,18.589186,19.501526,20.313599,17.530329,17.44231,0.0,0.0,0.0,0.0,0.0,0.0,4.0,0.0
39803,2023.0,10.0,4.0,9.0,18.58128,18.409954,17.514223,17.394247,18.379871,18.02414,18.194384,17.87619,18.111664,17.992825,17.50063,17.390842,18.851328,18.525888,18.670916,18.51192,17.497765,17.41274,0.0,0.0,0.0,0.0,0.0,0.0,0.0,0.0
39804,2023.0,10.0,4.0,10.0,18.48177,18.31347,17.938696,18.216019,18.289623,17.951136,18.087877,17.771135,18.03476,17.92034,17.471617,17.364073,19.748299,20.302673,18.356298,18.093428,17.46858,17.386454,4.0,0.0,0.0,0.0,0.0,4.0,0.0,0.0
39805,2023.0,10.0,4.0,10.0,18.58168,18.595406,20.242043,22.191074,18.381691,18.22171,18.17249,18.027834,17.969467,17.861465,17.448738,17.345663,19.130724,18.94381,18.266806,18.014751,17.443104,17.36461,0.0,0.0,0.0,0.0,0.0,0.0,0.0,0.0
39806,2023.0,10.0,4.0,10.0,19.325495,20.011505,18.842634,19.150341,19.069912,19.540304,18.863298,19.351418,17.904829,17.804111,17.430262,17.3324,18.80172,18.523407,18.196138,17.958134,17.417782,17.343145,0.0,4.0,4.0,0.0,0.0,0.0,0.0,0.0
39807,2023.0,10.0,4.0,10.0,18.740276,18.754246,18.167774,18.096823,19.287636,19.82859,19.076138,19.624313,18.5923,19.144564,17.421106,17.327658,18.749882,18.474236,18.265076,18.155418,17.399029,17.327375,0.0,4.0,4.0,4.0,0.0,0.0,0.0,0.0
39808,2023.0,10.0,4.0,10.0,18.486122,18.398573,18.011587,17.924131,18.615416,18.508978,18.405771,18.307274,20.205395,21.874405,17.414467,17.325886,18.858604,18.728373,18.268421,18.17914,17.383755,17.315653,0.0,0.0,0.0,0.0,0.0,0.0,0.0,0.0
39809,2023.0,10.0,4.0,10.0,19.081,19.598671,17.902859,17.821812,18.249779,18.02429,18.688335,19.033504,18.740225,18.766636,17.407717,17.323643,18.901531,18.798416,19.275558,20.107716,17.368654,17.30389,0.0,0.0,4.0,0.0,0.0,0.0,4.0,0.0
39810,2023.0,10.0,4.0,11.0,18.64449,18.67465,17.833046,17.755112,18.15929,17.928946,18.259676,18.156567,18.203861,17.985804,17.40416,17.323744,19.68734,20.29942,19.438969,20.153393,17.357683,17.29552,0.0,0.0,0.0,0.0,0.0,4.0,4.0,0.0
39811,2023.0,10.0,4.0,11.0,18.44603,18.400393,17.777893,17.707973,18.115808,17.903767,18.046904,17.858534,18.170958,18.058163,17.402725,17.32633,19.069983,18.94936,18.613407,18.520454,17.349302,17.290302,0.0,0.0,0.0,0.0,0.0,0.0,0.0,0.0
39812,2023.0,10.0,4.0,11.0,18.386765,18.352512,17.732307,17.669989,18.87978,19.398039,18.637678,19.032825,18.123438,18.032612,17.403526,17.330906,18.858948,18.641308,18.359251,18.181175,18.276243,19.049318,0.0,4.0,4.0,0.0,0.0,0.0,0.0,4.0
39813,2023.0,10.0,4.0,11.0,19.171326,19.888346,17.693378,17.639133,19.120989,19.702295,18.244133,18.200054,18.06745,17.983507,17.77645,18.030312,18.824167,18.615658,18.283901,18.115053,20.253119,22.342806,0.0,4.0,0.0,0.0,4.0,0.0,0.0,0.0
39814,2023.0,10.0,4.0,11.0,18.7596,18.872063,17.654251,17.608063,19.071026,19.523792,17.976656,17.850523,18.01188,17.933851,20.258997,22.260523,18.896194,18.791742,18.233929,18.078285,18.539028,18.665253,0.0,4.0,0.0,0.0,0.0,0.0,0.0,0.0
39815,2023.0,10.0,4.0,11.0,18.452421,18.486097,17.621132,17.581472,18.529276,18.503096,17.916588,17.795364,17.964888,17.891844,19.159693,19.744566,18.928055,18.843924,18.261581,18.179987,17.781977,17.679804,0.0,0.0,0.0,0.0,4.0,0.0,0.0,0.0
39816,2023.0,10.0,4.0,12.0,18.39198,18.428463,17.599136,17.565073,18.300718,18.179335,18.642046,19.198282,17.933231,17.864038,20.196695,21.642397,18.92836,18.85008,18.262238,18.195211,17.718288,17.654179,0.0,0.0,4.0,0.0,0.0,0.0,0.0,0.0
39817,2023.0,10.0,4.0,12.0,21.257849,23.554781,17.575811,17.54643,21.260628,23.487633,21.265446,23.620892,17.899672,17.833387,19.080242,19.313337,21.260153,22.937807,21.43215,23.721914,17.67921,17.623749,0.0,0.0,0.0,0.0,0.0,0.0,0.0,0.0
39818,2023.0,10.0,4.0,12.0,20.992245,22.73168,17.552757,17.52653,20.999949,22.661789,21.010427,22.806402,17.869946,17.805342,18.377417,18.311749,21.004679,22.29085,20.98858,22.65371,17.636185,17.581894,0.0,0.0,0.0,0.0,0.0,0.0,0.0,0.0
39819,2023.0,10.0,4.0,12.0,21.108849,22.759596,17.531975,17.509048,21.111677,22.685135,21.091755,22.718767,17.847702,17.785706,18.21227,18.123446,21.08521,22.275896,21.112062,22.675629,17.605186,17.553463,0.0,0.0,4.0,0.0,0.0,0.0,0.0,0.0
39820,2023.0,10.0,4.0,12.0,21.053465,22.480173,17.514244,17.49595,21.100857,22.521776,21.080168,22.555756,17.831835,17.773209,18.130487,18.046377,21.07552,22.127928,21.099567,22.486282,17.583494,17.535019,0.0,0.0,4.0,0.0,0.0,0.0,0.0,0.0
39821,2023.0,10.0,4.0,12.0,21.103895,22.536356,17.498182,17.484653,21.052628,22.32096,21.113413,22.561626,17.819397,17.764357,18.06764,17.988947,21.069422,22.035488,21.092253,22.376179,17.566936,17.521904,0.0,4.0,0.0,0.0,0.0,0.0,0.0,0.0
39822,2023.0,10.0,4.0,13.0,21.095312,22.432013,17.483625,17.474941,21.060408,22.284492,21.106337,22.462511,17.809181,17.757952,18.016724,17.943802,21.064825,21.966055,21.086718,22.29274,17.553852,17.512451,0.0,4.0,0.0,0.0,0.0,0.0,0.0,0.0
39823,2023.0,10.0,4.0,13.0,21.004642,22.213951,17.946823,18.360413,21.047619,22.241432,21.01782,22.233782,17.798056,17.748522,18.36711,18.646727,21.02462,21.853,21.032219,22.147734,17.540924,17.501123,4.0,0.0,4.0,0.0,4.0,0.0,0.0,0.0
39824,2023.0,10.0,4.0,13.0,21.19748,22.585485,20.254286,22.284248,21.196148,22.498013,21.191374,22.567488,17.786871,17.739037,20.205126,21.850832,21.175585,22.122957,21.251081,22.547665,17.528666,17.490553,0.0,0.0,0.0,0.0,0.0,0.0,0.0,0.0
39825,2023.0,10.0,4.0,13.0,21.042068,22.239439,18.847017,19.22589,21.044945,22.157318,21.047606,22.244497,17.776793,17.730515,19.03177,19.310986,21.027082,21.796831,21.036688,22.083616,17.517143,17.480457,0.0,0.0,0.0,0.0,0.0,0.0,0.0,0.0
39826,2023.0,10.0,4.0,13.0,21.042887,22.21525,18.427305,18.825977,21.038103,22.129904,21.047956,22.218796,17.767012,17.72246,18.334623,18.313908,21.027117,21.777964,20.996935,21.954918,18.496967,19.348906,4.0,0.0,0.0,0.0,0.0,0.0,4.0,4.0
39827,2023.0,10.0,4.0,13.0,21.29795,22.69704,20.220726,21.936361,21.198904,22.437431,21.040548,22.194101,18.51615,19.147726,18.177824,18.121674,21.16476,22.03805,21.049532,22.069427,20.165895,21.961823,4.0,0.0,0.0,4.0,0.0,0.0,0.0,4.0
39828,2023.0,10.0,4.0,14.0,21.046957,22.191881,20.02334,21.369158,21.03736,22.09709,21.015676,22.113146,20.195831,21.887417,18.497587,18.78642,20.999681,21.673494,21.03979,22.028566,20.032389,21.49439,0.0,0.0,4.0,0.0,4.0,4.0,0.0,0.0
39829,2023.0,10.0,4.0,14.0,20.57217,21.233887,18.896433,19.079805,20.093964,20.274504,19.996462,20.179874,18.85082,19.015287,20.193264,21.675991,20.30693,20.368906,20.007656,20.02582,18.761787,18.880621,0.0,0.0,0.0,0.0,4.0,0.0,0.0,0.0
39830,2023.0,10.0,4.0,14.0,20.338522,20.963577,18.245884,18.215353,20.16155,20.74155,19.289003,19.208632,18.189583,18.127995,20.017355,21.156172,20.581377,21.096321,19.502634,19.433231,18.146107,18.087908,0.0,4.0,0.0,0.0,0.0,4.0,0.0,0.0
39831,2023.0,10.0,4.0,14.0,19.695698,19.831898,18.113277,18.100979,20.220577,20.807095,19.044436,18.951641,18.083979,18.038721,19.038212,19.155272,20.036602,19.990042,19.321123,19.253008,17.993832,17.932142,0.0,4.0,0.0,0.0,0.0,0.0,0.0,0.0
39832,2023.0,10.0,4.0,14.0,19.39267,19.43182,18.040478,18.0276,19.533281,19.534206,18.969412,18.930117,18.032644,17.988186,18.587103,18.477936,19.763672,19.605091,19.20374,19.13344,17.931622,17.88691,0.0,0.0,0.0,0.0,0.0,0.0,0.0,0.0
39833,2023.0,10.0,4.0,14.0,19.24716,19.286488,18.43074,18.816673,19.851627,20.298803,19.568708,20.147005,17.986303,17.943495,18.48471,18.409819,19.651226,19.492426,19.104002,19.037384,17.873037,17.832602,4.0,4.0,4.0,0.0,0.0,0.0,0.0,0.0
39834,2023.0,10.0,4.0,15.0,19.202667,19.312925,20.221376,21.924915,19.375654,19.395555,19.064817,19.114388,17.945742,17.904778,18.401386,18.335266,19.633963,19.547203,19.01906,18.957123,17.820404,17.78287,0.0,0.0,0.0,0.0,0.0,0.0,0.0,0.0
39835,2023.0,10.0,4.0,15.0,19.827602,20.568216,19.013865,19.34465,19.02112,18.935476,18.703384,18.641926,17.90474,17.866455,18.314425,18.254843,19.586847,19.51539,18.93076,18.87324,17.765842,17.731234,0.0,0.0,0.0,0.0,0.0,0.0,0.0,0.0
39836,2023.0,10.0,4.0,15.0,19.89056,20.56165,18.872042,19.267536,18.897408,18.796986,19.25479,19.75392,17.874088,17.836767,18.252443,18.194408,19.533415,19.464525,18.862482,18.805944,17.724297,17.690462,4.0,0.0,4.0,0.0,0.0,0.0,0.0,0.0
39837,2023.0,10.0,4.0,15.0,19.884714,20.541164,20.16632,21.540436,19.536074,20.080511,18.824583,18.86567,17.847385,17.812489,18.19728,18.143232,20.24713,20.866928,18.801699,18.74922,17.687834,17.656786,4.0,4.0,0.0,0.0,0.0,4.0,0.0,0.0
39838,2023.0,10.0,4.0,15.0,19.891838,20.544096,20.007738,21.11101,19.137926,19.167372,19.177795,19.693342,17.820328,17.787582,18.140558,18.090328,19.738878,19.70488,18.739134,18.68961,17.64981,17.620918,4.0,0.0,4.0,0.0,0.0,0.0,0.0,0.0
39839,2023.0,10.0,4.0,15.0,19.908466,20.569633,20.027582,21.074203,18.80692,18.737864,19.345444,19.867374,17.796373,17.765726,18.091043,18.044437,20.18121,20.728142,18.682167,18.635132,17.615902,17.588905,4.0,0.0,4.0,0.0,0.0,4.0,0.0,0.0
39840,2023.0,10.0,4.0,16.0,19.317478,19.455318,20.041956,21.063011,19.35271,19.850163,18.796045,18.819752,17.775324,17.746916,18.0481,18.004957,19.686079,19.63671,18.631262,18.586937,17.586596,17.56176,0.0,4.0,0.0,0.0,0.0,0.0,0.0,0.0
39841,2023.0,10.0,4.0,16.0,19.693588,20.357595,19.446413,19.852676,19.534618,20.04095,18.516657,18.471054,18.479298,19.092173,18.00968,17.96956,19.419477,19.302233,19.615334,20.489244,17.558582,17.534445,4.0,4.0,0.0,4.0,0.0,0.0,4.0,0.0
39842,2023.0,10.0,4.0,16.0,19.794632,20.458746,20.113255,21.115068,19.556765,20.055952,19.061594,19.556196,20.184032,21.93181,17.977041,17.93687,20.067455,20.590368,18.92875,18.968647,17.534588,17.510334,4.0,4.0,4.0,4.0,0.0,4.0,0.0,0.0
39843,2023.0,10.0,4.0,16.0,19.191225,19.306036,20.010834,20.887285,19.5734,20.066862,19.263521,19.777464,20.02502,21.392591,17.941874,17.902205,20.310472,20.865353,18.552485,18.477001,17.509176,17.48485,4.0,4.0,4.0,0.0,0.0,4.0,0.0,0.0
39844,2023.0,10.0,4.0,16.0,18.911272,18.96732,20.024048,20.891817,19.023586,19.02804,18.716883,18.73188,19.415052,20.011688,17.909428,17.870762,20.357641,20.904976,18.466284,18.381834,17.486042,17.462044,4.0,0.0,0.0,4.0,0.0,4.0,0.0,0.0
39845,2023.0,10.0,4.0,16.0,19.52027,20.190018,20.040134,20.919165,18.718397,18.632072,19.082663,19.588062,20.147429,21.438164,18.28147,18.59994,19.70306,19.636349,18.41269,18.326199,17.463709,17.439878,0.0,0.0,4.0,0.0,4.0,0.0,0.0,0.0
39846,2023.0,10.0,4.0,17.0,19.123837,19.272495,19.518053,19.874794,19.23308,19.679693,18.68629,18.71097,18.996819,19.082571,20.23823,21.92998,19.412561,19.27376,18.406887,18.359486,17.442823,17.41933,4.0,4.0,0.0,0.0,0.0,0.0,0.0,0.0
39847,2023.0,10.0,4.0,17.0,18.822836,18.87796,20.10785,21.067947,19.442814,19.924255,18.38581,18.317215,18.40486,18.318542,19.01065,19.27546,19.308924,19.161242,18.388144,18.346737,17.422281,17.398901,4.0,4.0,0.0,0.0,0.0,0.0,0.0,0.0
39848,2023.0,10.0,4.0,17.0,19.430822,20.090635,20.027622,20.885508,19.46836,19.942787,18.952581,19.45127,18.275295,18.220154,18.307388,18.28905,19.23646,19.086504,18.358503,18.317799,17.40199,17.378271,0.0,4.0,4.0,0.0,0.0,0.0,0.0,0.0
39849,2023.0,10.0,4.0,17.0,19.026686,19.155918,19.17347,19.220816,19.48691,19.955051,19.140072,19.631805,18.192253,18.144146,18.158073,18.118818,19.252151,19.178303,18.329836,18.290188,17.383144,17.359802,0.0,4.0,4.0,0.0,0.0,0.0,0.0,0.0
39850,2023.0,10.0,4.0,17.0,18.812298,18.854856,18.845825,18.801176,18.934784,18.912506,18.59973,18.590664,18.853167,19.450533,18.087814,18.043564,19.236647,19.175776,18.30399,18.265043,17.36614,17.343174,0.0,0.0,0.0,4.0,0.0,0.0,0.0,0.0
39851,2023.0,10.0,4.0,17.0,19.414343,20.047546,18.71327,18.67135,19.322609,19.751064,18.375986,18.277918,20.177223,21.681183,18.030748,17.987984,19.97332,20.606405,18.278547,18.240873,17.349413,17.32731,0.0,4.0,0.0,0.0,0.0,4.0,0.0,0.0
39852,2023.0,10.0,4.0,18.0,19.028341,19.154633,18.583487,18.542545,18.93687,18.922123,18.272049,18.166557,18.897549,18.992928,18.333353,18.609064,19.45639,19.406052,18.251562,18.215141,17.331022,17.309776,0.0,0.0,0.0,0.0,4.0,0.0,0.0,0.0
39853,2023.0,10.0,4.0,18.0,21.246239,23.147688,18.4885,18.44018,21.2436,23.07912,21.263044,23.523172,18.39912,18.264181,20.223753,21.867357,21.225918,22.585417,21.474243,23.846613,17.311197,17.287785,0.0,4.0,0.0,0.0,4.0,0.0,0.0,0.0
39854,2023.0,10.0,4.0,18.0,20.99595,22.436178,18.39124,18.33843,21.021955,22.43871,21.0044,22.69896,19.05756,19.673027,20.00551,21.21235,21.020811,22.094233,21.00393,22.709423,17.289219,17.261892,0.0,0.0,0.0,4.0,4.0,0.0,0.0,0.0
39855,2023.0,10.0,4.0,18.0,21.05429,22.432962,18.30579,18.247509,21.02693,22.281189,21.050852,22.598438,20.1417,21.4239,20.033207,21.12064,21.034004,22.024563,21.050335,22.595266,17.269264,17.238405,0.0,4.0,0.0,0.0,4.0,0.0,0.0,0.0
39856,2023.0,10.0,4.0,18.0,21.017498,22.238457,18.232958,18.170465,21.052801,22.254549,21.044527,22.45601,18.926868,18.930758,20.02908,21.01026,21.001953,21.871777,21.005003,22.334116,18.165491,18.941793,0.0,0.0,0.0,0.0,4.0,4.0,4.0,4.0
39857,2023.0,10.0,4.0,18.0,21.049994,22.25396,18.167818,18.099897,21.02171,22.097422,21.044193,22.362686,18.30812,18.1442,20.045195,20.982708,21.044313,21.916048,21.05877,22.359528,20.256083,22.334225,0.0,4.0,0.0,0.0,0.0,0.0,0.0,0.0
39858,2023.0,10.0,4.0,19.0,21.016651,22.111326,18.547022,18.853369,21.052141,22.125443,21.017994,22.222212,18.980558,19.570885,19.040014,18.9978,21.007448,21.773682,21.048496,22.253038,18.485462,18.57228,4.0,0.0,4.0,4.0,0.0,4.0,0.0,0.0
39859,2023.0,10.0,4.0,19.0,21.263735,22.567274,20.205908,21.692436,21.197004,22.369879,21.207706,22.575205,20.145792,21.443022,18.559765,18.46759,21.238306,22.20547,21.219795,22.529348,17.709965,17.590023,0.0,0.0,0.0,0.0,0.0,4.0,0.0,0.0
39860,2023.0,10.0,4.0,19.0,21.019915,22.04383,19.095552,19.325043,21.019758,21.95441,21.025536,22.127586,18.900862,18.876661,18.787865,19.022348,21.04146,21.801653,21.039013,22.128218,18.610018,19.437086,0.0,4.0,4.0,0.0,4.0,0.0,0.0,4.0
39861,2023.0,10.0,4.0,19.0,21.047628,22.097328,18.431192,18.394814,21.024874,21.942177,21.029627,22.096306,18.27756,18.094074,20.181261,21.455727,21.036638,21.766474,21.039978,22.102465,20.30831,22.191576,0.0,4.0,4.0,0.0,0.0,0.0,0.0,0.0
39862,2023.0,10.0,4.0,19.0,21.014986,21.986357,18.266993,18.190609,21.02409,21.923264,21.053825,22.133081,18.959763,19.5388,19.133972,19.280386,21.03685,21.744858,21.039389,22.078106,18.594887,18.618902,0.0,4.0,0.0,4.0,0.0,0.0,0.0,0.0
39863,2023.0,10.0,4.0,19.0,21.047407,22.054556,18.17852,18.093151,21.049633,21.97875,21.04813,22.089674,20.151093,21.448383,18.50848,18.43598,21.03638,21.725662,21.039003,22.05759,17.872656,17.72553,0.0,0.0,0.0,0.0,0.0,0.0,0.0,0.0
39864,2023.0,10.0,4.0,20.0,21.01371,21.946175,18.110365,18.021523,21.043795,21.946579,21.04826,22.062366,19.444563,19.8756,18.328865,18.243956,21.027819,21.71094,21.038631,22.040047,17.790205,17.72796,0.0,0.0,0.0,4.0,0.0,0.0,0.0,0.0
39865,2023.0,10.0,4.0,20.0,21.019419,21.945673,18.505873,18.81077,21.043976,21.927559,21.037466,22.038801,20.148659,21.288437,18.213848,18.129492,21.028572,21.711735,21.03835,22.024832,17.724928,17.665373,4.0,0.0,0.0,0.0,0.0,0.0,0.0,0.0
39866,2023.0,10.0,4.0,20.0,21.269215,22.435764,20.214197,21.733322,21.224993,22.293251,21.038628,22.035973,18.96474,18.886751,18.118322,18.035734,21.171196,21.994776,21.038109,22.011482,17.652473,17.594181,0.0,0.0,0.0,0.0,0.0,0.0,0.0,0.0
39867,2023.0,10.0,4.0,20.0,21.045126,21.991928,19.395388,19.893686,21.008429,21.834618,21.012756,21.958645,18.361498,18.14477,18.037582,17.958076,21.027868,21.700974,21.037733,21.999128,17.588625,17.529453,4.0,4.0,4.0,0.0,0.0,0.0,0.0,0.0
39868,2023.0,10.0,4.0,20.0,21.04061,21.969341,20.172602,21.424288,21.050177,21.922314,21.043524,22.040035,19.082476,19.67665,17.963083,17.877699,20.997776,21.61956,21.037395,21.987692,17.534082,17.474081,0.0,0.0,0.0,4.0,0.0,4.0,0.0,0.0
39869,2023.0,10.0,4.0,20.0,21.04011,21.954742,19.290737,19.542765,21.042587,21.890282,21.04812,22.021332,20.13206,21.32891,18.24207,18.454084,21.042562,21.714825,20.997324,21.870356,17.487068,17.426481,4.0,0.0,0.0,0.0,4.0,0.0,4.0,0.0
39870,2023.0,10.0,4.0,21.0,21.295948,22.433945,20.159885,21.279108,21.017504,21.805006,21.047184,21.997026,18.906214,18.81607,20.260021,21.890253,21.15827,21.928844,21.053928,21.994722,17.44574,17.384432,4.0,4.0,0.0,0.0,0.0,0.0,0.0,0.0
39871,2023.0,10.0,4.0,21.0,21.017216,21.86545,20.010712,20.889343,21.048475,21.879623,21.036076,21.977093,18.29113,18.059374,18.974047,19.15587,21.03586,21.665262,21.044064,21.95481,18.31813,19.062359,4.0,0.0,0.0,0.0,0.0,0.0,0.0,4.0
39872,2023.0,10.0,4.0,21.0,21.017838,21.867744,20.029514,20.863882,21.042437,21.855885,21.037252,21.976954,18.261154,18.163143,18.25616,18.172766,20.999231,21.580395,21.044783,21.937412,20.239407,22.16443,4.0,0.0,0.0,0.0,0.0,4.0,0.0,0.0
39873,2023.0,10.0,4.0,21.0,21.045313,21.942211,20.044699,20.864004,21.032124,21.845058,21.036901,21.97206,18.217077,18.129374,18.454504,18.669216,21.01178,21.598211,21.035439,21.92071,18.502268,18.499983,0.0,0.0,0.0,0.0,4.0,4.0,0.0,0.0
39874,2023.0,10.0,4.0,21.0,21.039669,21.921791,19.059956,18.937561,21.033321,21.850931,21.036871,21.967098,18.137886,18.04984,20.239344,21.72235,21.010412,21.591324,21.03642,21.921137,17.73591,17.55056,0.0,0.0,0.0,0.0,0.0,4.0,0.0,0.0
39875,2023.0,10.0,4.0,21.0,21.012741,21.838144,19.06659,19.308767,21.033117,21.85108,21.036703,21.961191,18.066307,17.977093,19.028503,19.181147,21.010485,21.587482,20.996813,21.811733,18.664944,19.466827,4.0,0.0,0.0,0.0,0.0,4.0,4.0,4.0
39876,2023.0,10.0,4.0,22.0,21.045794,21.922112,20.13726,21.18189,21.007286,21.77841,21.036512,21.95475,18.00194,17.910748,18.344652,18.254395,21.010714,21.583433,21.053665,21.941002,20.18952,21.8785,0.0,4.0,0.0,0.0,0.0,4.0,0.0,0.0
39877,2023.0,10.0,4.0,22.0,21.039604,21.901966,19.233873,19.33991,21.012596,21.793459,21.036303,21.948341,17.94619,17.854898,18.172638,18.06884,21.041117,21.657755,21.043417,21.904112,19.23871,19.761024,0.0,4.0,0.0,0.0,0.0,0.0,0.0,4.0
39878,2023.0,10.0,4.0,22.0,21.012548,21.820187,18.680473,18.593857,21.049267,21.868036,21.036148,21.942377,17.897144,17.805777,18.072044,17.967806,21.035656,21.63255,21.044205,21.890135,20.189638,21.653429,0.0,0.0,0.0,0.0,0.0,0.0,0.0,0.0
39879,2023.0,10.0,4.0,22.0,21.045555,21.90621,18.500854,18.384792,21.016518,21.763945,21.036007,21.936779,18.437733,18.860537,17.986885,17.883326,21.035784,21.61981,21.043915,21.876484,18.71171,18.633394,0.0,4.0,0.0,4.0,0.0,0.0,0.0,0.0
39880,2023.0,10.0,4.0,22.0,21.039183,21.886854,18.389805,18.26923,21.022314,21.765608,21.035934,21.931906,20.188349,21.746738,17.911432,17.807562,21.035593,21.608576,21.03438,21.865246,18.012814,17.787245,0.0,4.0,0.0,4.0,0.0,0.0,0.0,0.0
39881,2023.0,10.0,4.0,22.0,21.039034,21.878069,18.29496,18.167713,21.020855,21.756351,21.035152,21.926735,20.020473,21.219027,17.841078,17.733597,21.025,21.598618,21.035065,21.869799,17.960562,17.874678,0.0,4.0,0.0,0.0,0.0,0.0,0.0,0.0
39882,2023.0,10.0,4.0,23.0,21.029089,21.870592,18.22408,18.10175,21.021595,21.752275,21.035866,21.924456,19.284138,19.622343,17.78435,17.6798,21.026625,21.607784,21.035143,21.870695,18.71672,19.375969,0.0,4.0,0.0,4.0,0.0,0.0,0.0,4.0
39883,2023.0,10.0,4.0,23.0,20.271688,20.423187,18.158201,18.036396,20.504066,20.755165,20.132103,20.184576,18.420681,18.195976,17.7308,17.626572,20.32874,20.268517,20.10233,20.07468,18.080069,17.92079,0.0,4.0,0.0,0.0,0.0,0.0,0.0,0.0
39884,2023.0,10.0,4.0,23.0,19.93836,19.975271,18.108221,17.985521,19.710926,19.38666,19.700083,19.58083,18.151007,17.879591,17.688156,17.582598,20.06297,19.927366,19.739721,19.618189,18.539639,18.982367,0.0,0.0,0.0,0.0,0.0,0.0,0.0,4.0
39885,2023.0,10.0,4.0,23.0,19.7821,19.814533,18.06247,17.941221,20.021507,20.174498,19.511723,19.383049,18.795773,19.223988,17.648417,17.543013,19.940876,19.808952,19.565577,19.447016,17.945097,17.75755,0.0,4.0,0.0,4.0,0.0,0.0,0.0,0.0
39886,2023.0,10.0,4.0,23.0,19.659874,19.691711,18.019928,17.899258,19.479128,19.17011,19.368814,19.239286,18.379461,18.320457,17.610607,17.504753,19.834673,19.701021,19.423243,19.30744,17.706268,17.482292,0.0,0.0,0.0,0.0,0.0,0.0,0.0,0.0
39887,2023.0,10.0,4.0,23.0,19.557453,19.590145,17.980518,17.860725,19.19675,18.809399,19.249626,19.121382,18.6328,18.911007,17.574923,17.468899,20.453156,20.953054,19.30244,19.190428,17.6057,17.38585,0.0,0.0,0.0,4.0,0.0,4.0,0.0,0.0
39888,2023.0,10.0,5.0,0.0,19.468878,19.503248,17.944193,17.82558,19.69339,19.859041,19.146753,19.021265,18.13256,17.909658,17.541447,17.435604,19.722786,19.460308,19.197142,19.089636,17.644289,17.550858,0.0,4.0,0.0,0.0,0.0,0.0,0.0,0.0
39889,2023.0,10.0,5.0,0.0,19.387224,19.420376,17.90925,17.79089,19.814661,20.051311,19.051733,18.92561,17.9065,17.641378,17.815792,17.977558,19.443357,19.101408,19.0969,18.98488,17.617678,17.534058,0.0,4.0,0.0,0.0,4.0,0.0,0.0,0.0
39890,2023.0,10.0,5.0,0.0,20.031584,20.697536,17.878815,17.762913,19.809723,20.04817,18.971851,18.850803,18.578861,19.012003,17.60709,17.521957,19.342756,19.009348,19.013191,18.904135,17.571514,17.489584,0.0,4.0,0.0,4.0,0.0,0.0,0.0,0.0
39891,2023.0,10.0,5.0,0.0,19.559658,19.699106,17.849417,17.734863,19.197744,18.915808,18.897259,18.778605,18.03626,17.83538,17.506962,17.40156,19.434772,19.286663,18.936098,18.827904,18.251953,18.809542,0.0,0.0,0.0,0.0,0.0,0.0,0.0,4.0
39892,2023.0,10.0,5.0,0.0,19.122972,18.962208,17.821424,17.708008,18.932144,18.564007,18.828798,18.711988,17.801962,17.546219,17.473473,17.369156,19.421978,19.290335,18.865574,18.757849,17.750832,17.71033,0.0,0.0,0.0,0.0,0.0,0.0,0.0,0.0
39893,2023.0,10.0,5.0,0.0,18.962929,18.772255,17.793737,17.680418,18.81252,18.44193,18.763924,18.646584,17.870003,17.769089,17.44045,17.335476,19.373219,19.241623,18.799221,18.69034,17.453999,17.248804,0.0,0.0,0.0,0.0,0.0,0.0,0.0,0.0
39894,2023.0,10.0,5.0,1.0,19.085466,19.11205,17.768446,17.656466,18.935669,18.785366,18.706556,18.591515,17.843264,17.745117,17.411695,17.307297,19.327982,19.197222,18.739862,18.63193,17.356688,17.148031,0.0,0.0,0.0,0.0,0.0,0.0,0.0,0.0
39895,2023.0,10.0,5.0,1.0,19.063591,19.103,17.743046,17.631193,18.914524,18.781378,18.651144,18.53645,17.800522,17.702217,17.383894,17.279266,19.28407,19.153248,18.683887,18.575964,17.423532,17.351078,0.0,0.0,0.0,0.0,0.0,0.0,0.0,0.0
39896,2023.0,10.0,5.0,1.0,19.01997,19.060974,17.719555,17.608765,18.867188,18.736742,18.600925,18.488375,17.760406,17.662626,17.358261,17.25412,19.243515,19.113405,18.632471,18.525345,17.394178,17.311888,0.0,0.0,0.0,0.0,0.0,0.0,0.0,0.0
39897,2023.0,10.0,5.0,1.0,18.97741,19.019878,17.696898,17.58711,18.820751,18.692705,18.553778,18.44324,17.722637,17.62539,17.33377,17.23011,19.205332,19.075916,18.584412,18.478043,17.360884,17.27893,0.0,0.0,0.0,0.0,0.0,0.0,0.0,0.0
39898,2023.0,10.0,5.0,1.0,18.936295,18.980118,17.67499,17.566141,18.775787,18.649944,18.509367,18.400698,17.68718,17.590452,17.310246,17.207056,19.169285,19.04054,18.53928,18.433632,17.32947,17.247864,0.0,0.0,0.0,0.0,0.0,0.0,0.0,0.0
39899,2023.0,10.0,5.0,1.0,18.897068,18.942106,17.65375,17.545786,18.732937,18.60914,18.467373,18.360447,17.653776,17.557562,17.287542,17.184814,19.13512,19.00703,18.496714,18.391758,17.299437,17.218185,0.0,0.0,0.0,0.0,0.0,0.0,0.0,0.0
39900,2023.0,10.0,5.0,2.0,18.859592,18.905725,17.633112,17.525978,18.692083,18.57019,18.42752,18.32222,17.622198,17.526484,17.265562,17.163286,19.102621,18.975166,18.456411,18.35212,17.27091,17.190008,0.0,0.0,0.0,0.0,0.0,0.0,0.0,0.0
39901,2023.0,10.0,5.0,2.0,18.824715,18.872776,17.613865,17.508343,18.654755,18.536264,18.391176,18.288986,17.592915,17.498375,17.5521,17.719383,19.072184,18.945946,18.418802,18.315845,17.244194,17.164125,0.0,0.0,0.0,0.0,4.0,0.0,0.0,0.0
39902,2023.0,10.0,5.0,2.0,18.78823,18.835169,17.592451,17.485727,18.614805,18.49532,18.35234,18.248938,17.562786,17.46725,17.678837,17.884985,19.040836,18.913698,18.380716,18.276917,17.21693,17.136028,0.0,0.0,0.0,0.0,4.0,0.0,0.0,0.0
39903,2023.0,10.0,5.0,2.0,18.756132,18.804716,17.574495,17.469011,18.580637,18.464125,18.319317,18.218527,17.535984,17.441513,17.383831,17.295195,19.012632,18.886612,18.3463,18.243713,17.192335,17.11219,0.0,0.0,0.0,0.0,0.0,0.0,0.0,0.0
39904,2023.0,10.0,5.0,2.0,18.722809,18.770855,17.555206,17.449146,18.544863,18.428501,18.284811,18.183867,17.508638,17.413767,17.612118,17.790089,18.983847,18.85749,18.311586,18.208702,17.167368,17.08683,0.0,0.0,0.0,0.0,4.0,0.0,0.0,0.0
39905,2023.0,10.0,5.0,2.0,18.691498,18.739267,17.537174,17.431442,18.511858,18.397015,18.252968,18.153236,17.48313,17.388723,17.369669,17.277422,18.956802,18.830988,18.279055,18.176805,17.14394,17.063725,0.0,0.0,0.0,0.0,0.0,0.0,0.0,0.0
39906,2023.0,10.0,5.0,3.0,18.659746,18.705992,17.517778,17.410673,18.477453,18.361515,18.219755,18.118708,17.457136,17.361856,17.281252,17.17698,18.929169,18.802547,18.246244,18.143253,17.12017,17.039219,0.0,0.0,0.0,0.0,0.0,0.0,0.0,0.0
39907,2023.0,10.0,5.0,3.0,18.630074,18.675928,17.499653,17.392382,18.445826,18.33051,18.189148,18.088495,17.432758,17.337482,17.24547,17.141268,18.903063,18.77652,18.215273,18.112421,17.097696,17.01668,0.0,0.0,0.0,0.0,0.0,0.0,0.0,0.0
39908,2023.0,10.0,5.0,3.0,18.601246,18.646603,17.48167,17.374266,18.41526,18.30048,18.159462,18.05917,17.409115,17.313833,17.2129,17.10874,18.877598,18.751125,18.185266,18.082544,17.075846,16.994762,0.0,0.0,0.0,0.0,0.0,0.0,0.0,0.0
39909,2023.0,10.0,5.0,3.0,18.57482,18.621555,17.465492,17.359852,18.387976,18.276344,18.132902,18.035555,17.38741,17.293633,17.185623,17.08373,18.854078,18.729239,19.137033,19.900719,17.774368,18.32751,0.0,0.0,0.0,0.0,0.0,0.0,4.0,4.0
39910,2023.0,10.0,5.0,3.0,18.549812,18.598686,17.447676,17.342009,18.35914,18.247898,18.104725,18.007662,17.364769,17.271029,17.157852,17.055908,18.829525,18.704811,18.356707,18.197193,17.322687,17.312054,0.0,0.0,0.0,0.0,0.0,0.0,0.0,0.0
39911,2023.0,10.0,5.0,3.0,18.537432,18.598383,17.429438,17.323206,18.330458,18.218662,18.076643,17.978952,17.341986,17.247704,17.13081,17.028109,18.804728,18.679523,18.081797,17.82874,17.743763,18.175133,0.0,0.0,0.0,0.0,0.0,0.0,0.0,4.0
39912,2023.0,10.0,5.0,4.0,18.51465,18.5759,17.41193,17.305752,18.303268,18.191895,18.050213,17.952755,17.32027,17.226116,17.105726,17.003147,18.780983,18.656002,18.002077,17.750992,17.187632,17.01185,0.0,0.0,0.0,0.0,0.0,0.0,0.0,0.0
39913,2023.0,10.0,5.0,4.0,18.491207,18.55253,17.39504,17.28942,18.27696,18.16656,18.02489,17.9281,17.299345,17.205742,17.081999,16.979988,18.758059,18.633814,18.081617,17.976437,17.755323,18.205929,0.0,0.0,0.0,0.0,0.0,0.0,0.0,4.0
39914,2023.0,10.0,5.0,4.0,18.46774,18.52887,17.378296,17.27312,18.250938,18.141293,17.999952,17.903612,17.278723,17.185478,17.059004,16.957355,18.735382,18.611673,18.075832,17.97563,17.209871,17.038012,0.0,0.0,0.0,0.0,0.0,0.0,0.0,0.0
39915,2023.0,10.0,5.0,4.0,18.444843,18.506067,17.361952,17.257442,18.921762,19.424248,17.97589,17.880287,17.258728,17.166082,17.037054,16.936052,18.713331,18.590414,18.047007,17.94732,17.019863,16.80936,0.0,4.0,0.0,0.0,0.0,0.0,0.0,0.0
39916,2023.0,10.0,5.0,4.0,18.421953,18.482967,17.34555,17.241482,18.512894,18.511898,17.951807,17.856712,17.238848,17.14657,17.015503,16.914885,18.691532,18.569162,18.019035,17.919777,16.950466,16.741936,0.0,0.0,0.0,0.0,0.0,0.0,0.0,0.0
39917,2023.0,10.0,5.0,4.0,18.399033,18.459503,17.329016,17.225107,18.106417,17.797892,17.92754,17.832653,17.219023,17.126858,16.994244,16.893715,18.67009,18.548016,17.99172,17.89264,17.020979,16.941689,0.0,0.0,0.0,0.0,0.0,0.0,0.0,0.0
39918,2023.0,10.0,5.0,5.0,18.377516,18.438538,17.313467,17.21057,17.993086,17.663143,17.904713,17.811245,17.20032,17.109112,16.974468,16.875011,18.64976,18.528881,17.966124,17.868288,17.736137,18.297304,0.0,0.0,0.0,0.0,0.0,0.0,0.0,4.0
39919,2023.0,10.0,5.0,5.0,18.353136,18.411621,17.295082,17.19025,18.106712,17.95683,17.879019,17.783506,17.179314,17.086567,16.952225,16.851007,18.626646,18.504215,17.937962,17.838587,17.868057,18.360271,0.0,0.0,0.0,0.0,0.0,0.0,0.0,4.0
39920,2023.0,10.0,5.0,5.0,19.030064,19.700022,17.278229,17.173197,18.121708,18.005596,17.85617,17.760748,17.159658,17.066988,16.931637,16.83055,18.604767,18.48249,17.911585,17.812607,17.936214,18.418156,0.0,0.0,0.0,0.0,0.0,0.0,0.0,4.0
39921,2023.0,10.0,5.0,5.0,18.594545,18.734774,17.26022,17.153904,18.105284,17.994095,17.832499,17.735708,17.712854,18.12239,17.200226,17.349865,18.581715,18.458624,17.88414,17.784489,17.252525,17.08095,0.0,0.0,0.0,4.0,4.0,0.0,0.0,0.0
39922,2023.0,10.0,5.0,5.0,18.2274,18.098402,17.242147,17.13433,18.080656,17.968916,17.808893,17.710575,17.344059,17.294346,17.013058,16.933647,18.558434,18.434381,17.856564,17.756063,17.779194,18.2217,0.0,0.0,0.0,0.0,0.0,0.0,0.0,4.0
39923,2023.0,10.0,5.0,5.0,18.101053,17.935116,17.224388,17.115097,18.055035,17.942553,17.78554,17.685898,17.787355,18.202768,16.922083,16.817806,18.534958,18.410078,17.829159,17.727953,17.2036,17.018242,0.0,0.0,0.0,4.0,0.0,0.0,0.0,0.0
39924,2023.0,10.0,5.0,6.0,18.244482,18.286049,17.205667,17.093985,18.02802,17.913477,17.761122,17.659098,17.822187,18.121706,16.890306,16.783869,18.510159,18.383566,17.800863,17.698042,16.988081,16.753551,0.0,0.0,0.0,4.0,0.0,0.0,0.0,0.0
39925,2023.0,10.0,5.0,6.0,21.287857,23.627756,17.190264,17.079592,21.253662,23.643824,21.238598,23.824951,20.283379,22.412128,16.863506,16.758656,21.313055,23.228205,21.433947,23.930937,16.9084,16.680727,0.0,0.0,0.0,0.0,0.0,4.0,0.0,0.0
39926,2023.0,10.0,5.0,6.0,21.003334,22.755127,17.624382,17.905325,21.006588,22.787495,21.007576,22.965746,18.40013,18.399118,16.834948,16.730303,21.01983,22.521341,21.002161,22.87043,17.79488,18.443878,4.0,0.0,0.0,0.0,0.0,0.0,0.0,4.0
39927,2023.0,10.0,5.0,6.0,21.172455,22.898663,20.280941,22.441483,21.054646,22.656116,21.059715,22.82092,18.069048,18.31232,16.80871,16.703714,21.123882,22.52698,21.05894,22.757513,20.309568,22.604887,0.0,0.0,0.0,4.0,0.0,0.0,0.0,0.0
39928,2023.0,10.0,5.0,6.0,21.04372,22.507732,18.696434,18.998747,21.047043,22.489506,21.051323,22.638035,20.294573,22.168488,16.78861,16.684078,21.022263,22.159939,21.04978,22.581865,18.902277,19.464396,0.0,0.0,0.0,0.0,0.0,4.0,0.0,4.0
39929,2023.0,10.0,5.0,6.0,21.017164,22.34436,18.17858,18.466833,21.021872,22.313944,21.050999,22.520935,18.536213,18.484818,16.770466,16.666405,21.05562,22.148914,21.049171,22.467535,20.259666,22.15008,4.0,4.0,0.0,0.0,0.0,0.0,0.0,0.0
39930,2023.0,10.0,5.0,7.0,21.048105,22.366173,20.25758,22.103262,21.050606,22.31984,21.049494,22.433292,18.515566,18.995813,16.75288,16.648968,21.048777,22.057087,21.009016,22.277365,19.102842,19.62311,0.0,0.0,0.0,4.0,0.0,0.0,4.0,4.0
39931,2023.0,10.0,5.0,7.0,21.05362,22.302637,18.830063,19.07508,21.057169,22.248642,21.048471,22.367899,20.212158,21.876421,17.09594,17.302217,21.018068,21.918337,21.026209,22.237553,20.221008,21.869942,0.0,0.0,0.0,0.0,4.0,4.0,4.0,0.0
39932,2023.0,10.0,5.0,7.0,21.051626,22.241888,17.99715,17.937216,21.054682,22.18067,21.022354,22.247648,18.57978,18.494072,20.338335,22.787792,21.021898,21.889772,21.023064,22.179892,18.545372,18.451788,0.0,0.0,4.0,0.0,4.0,4.0,4.0,0.0
39933,2023.0,10.0,5.0,7.0,21.011398,22.123327,18.25173,18.548508,21.015003,22.05959,21.026293,22.222452,18.531742,18.915508,20.005438,21.782217,21.020401,21.859777,21.06203,22.245426,18.708433,19.299139,4.0,4.0,4.0,4.0,4.0,4.0,0.0,4.0
39934,2023.0,10.0,5.0,7.0,21.208529,22.484287,20.23252,21.947166,21.19864,22.387197,21.156881,22.451296,20.195166,21.724741,20.055408,21.619135,21.176115,22.149052,21.265541,22.583677,20.162687,21.706028,0.0,4.0,0.0,4.0,4.0,4.0,4.0,4.0
39935,2023.0,10.0,5.0,7.0,21.026438,22.09197,18.654459,18.634745,21.030731,22.019272,21.0299,22.130695,20.036867,21.2744,20.045704,21.41438,21.018684,21.81052,21.06007,22.165995,20.043188,21.359743,0.0,4.0,4.0,0.0,4.0,4.0,0.0,0.0
39936,2023.0,10.0,5.0,8.0,21.026398,22.075191,17.964571,17.84675,21.030788,21.999363,21.060366,22.181158,18.68205,18.555239,20.060268,21.323267,21.018394,21.793707,21.051271,22.119406,19.350267,19.88271,0.0,4.0,0.0,0.0,0.0,4.0,0.0,4.0
39937,2023.0,10.0,5.0,8.0,20.395746,20.852098,18.299244,18.567556,20.308126,20.597687,20.230509,20.53026,18.011421,17.752348,18.707579,18.626736,20.566906,20.911032,19.741657,19.575401,20.166769,21.523605,4.0,4.0,4.0,0.0,0.0,4.0,0.0,0.0
39938,2023.0,10.0,5.0,8.0,20.101526,20.523027,20.243044,21.940739,19.949764,20.183807,19.290812,19.075445,17.963009,17.84874,18.104359,17.984127,19.719606,19.458164,19.082668,18.80232,18.741928,18.663261,0.0,4.0,0.0,0.0,0.0,0.0,0.0,0.0
39939,2023.0,10.0,5.0,8.0,20.008652,20.438345,18.948242,19.202463,19.25936,18.999922,18.83083,18.504658,17.913261,17.826357,17.96368,17.86028,20.053623,20.368885,20.006638,20.778215,18.886234,19.40682,0.0,0.0,0.0,0.0,0.0,4.0,4.0,4.0
39940,2023.0,10.0,5.0,8.0,19.959291,20.397587,18.324633,18.245268,18.932604,18.57685,18.649883,18.312574,17.8463,17.764748,17.861694,17.761189,20.1705,20.526108,19.160486,18.994305,20.143305,21.55069,0.0,0.0,0.0,0.0,0.0,4.0,0.0,4.0
39941,2023.0,10.0,5.0,8.0,19.909414,20.358444,18.554848,18.839691,19.398043,19.611904,19.363636,19.818754,17.773365,17.697142,17.756292,17.663263,19.481733,19.236841,18.676773,18.428556,20.04028,21.253933,4.0,4.0,4.0,0.0,0.0,0.0,0.0,0.0
39942,2023.0,10.0,5.0,9.0,19.286804,19.244179,20.194614,21.694427,19.561003,19.849237,18.882105,18.743713,17.708988,17.63628,17.663038,17.573597,19.889982,20.245378,18.523287,18.279041,18.743172,18.67344,4.0,4.0,0.0,0.0,0.0,4.0,0.0,0.0
39943,2023.0,10.0,5.0,9.0,19.623692,20.10799,20.030346,21.22303,18.962297,18.75476,19.107502,19.409477,17.654415,17.58449,17.586622,17.500782,20.089499,20.477604,18.419909,18.187128,18.094288,17.882652,0.0,0.0,4.0,0.0,0.0,4.0,0.0,0.0
39944,2023.0,10.0,5.0,9.0,19.159483,19.150377,18.844698,18.84688,18.640114,18.361015,18.688208,18.550308,17.612566,17.54718,17.531132,17.452372,20.120485,20.518677,18.459616,18.359484,17.90089,17.696835,0.0,0.0,0.0,0.0,0.0,4.0,0.0,0.0
39945,2023.0,10.0,5.0,9.0,19.577845,20.073019,18.286894,18.014015,18.527987,18.248346,18.415445,18.16394,18.327509,18.922003,17.496172,17.420347,19.45464,19.250557,18.451223,18.37329,17.900553,17.808954,0.0,0.0,0.0,4.0,0.0,0.0,0.0,0.0
39946,2023.0,10.0,5.0,9.0,19.67569,20.200335,18.625376,18.827023,18.593159,18.468248,18.309275,18.066784,20.240011,22.15188,17.467554,17.395954,19.226898,18.96318,18.414795,18.342094,17.855764,17.784388,4.0,0.0,0.0,0.0,0.0,0.0,0.0,0.0
39947,2023.0,10.0,5.0,9.0,19.094275,19.112446,20.197973,21.59511,18.594826,18.509342,18.348547,18.246868,18.636002,18.715614,17.439014,17.370312,19.131145,18.878395,18.374947,18.305525,17.785553,17.719978,0.0,0.0,0.0,0.0,0.0,0.0,0.0,0.0
39948,2023.0,10.0,5.0,10.0,18.783556,18.727604,19.428387,19.930983,18.546097,18.470366,18.34228,18.274826,17.883858,17.734114,17.79609,18.060625,19.065388,18.825052,18.339146,18.27169,17.721436,17.658543,4.0,0.0,0.0,0.0,4.0,0.0,0.0,0.0
39949,2023.0,10.0,5.0,10.0,18.702871,18.656746,20.15017,21.291256,19.176168,19.694925,18.303194,18.24629,17.850271,17.772,20.25256,22.279612,19.14211,19.030968,18.315294,18.251072,17.679234,17.619871,0.0,4.0,0.0,0.0,0.0,0.0,0.0,0.0
39950,2023.0,10.0,5.0,10.0,19.330019,19.902843,19.391647,19.729948,19.452065,20.029345,18.935673,19.478607,17.827597,17.765882,18.840403,19.171883,19.163788,19.07814,18.293196,18.232529,18.54678,19.298037,4.0,4.0,4.0,0.0,0.0,0.0,0.0,4.0
39951,2023.0,10.0,5.0,10.0,18.912449,19.01238,20.13259,21.19474,19.372305,19.820927,18.55818,18.642967,17.79823,17.739855,18.577824,18.857162,19.922258,20.535248,18.279,18.220976,20.174849,21.970543,0.0,4.0,0.0,0.0,4.0,4.0,0.0,4.0
39952,2023.0,10.0,5.0,10.0,18.64046,18.663475,19.45269,19.796743,18.814154,18.789822,18.83361,19.29344,17.768099,17.713646,20.212854,21.729696,20.10862,20.6418,18.266623,18.21151,20.246939,21.880516,4.0,0.0,4.0,0.0,0.0,4.0,0.0,4.0
39953,2023.0,10.0,5.0,10.0,19.271566,19.910889,20.145737,21.227312,19.152246,19.5905,18.465227,18.466589,17.743956,17.692026,19.066654,19.30646,19.486004,19.42722,18.256737,18.203987,20.015493,21.255793,0.0,4.0,0.0,0.0,0.0,0.0,0.0,4.0
39954,2023.0,10.0,5.0,11.0,18.907179,19.038755,19.481506,19.845905,18.787207,18.781576,18.20127,18.126305,17.727346,17.677649,18.371254,18.320002,19.955551,20.468548,18.24996,18.199213,20.04779,21.241858,4.0,0.0,0.0,0.0,0.0,4.0,0.0,0.0
39955,2023.0,10.0,5.0,11.0,18.65625,18.730993,20.137074,21.198822,19.150354,19.621382,18.136726,18.062952,18.451576,19.054104,18.211815,18.140799,20.206205,20.762966,18.24326,18.192123,18.934965,19.011005,0.0,4.0,0.0,4.0,0.0,4.0,0.0,0.0
39956,2023.0,10.0,5.0,11.0,19.261835,19.924316,19.194872,19.312777,18.795238,18.823132,18.139605,18.115086,20.208887,21.943851,18.500248,18.745628,19.615396,19.58453,19.275848,20.146343,18.362831,18.267908,0.0,0.0,0.0,0.0,4.0,0.0,4.0,0.0
39957,2023.0,10.0,5.0,11.0,18.9085,19.077158,19.110098,19.478014,19.142208,19.628122,18.128424,18.117046,18.83948,19.011358,20.186428,21.692255,20.048359,20.552792,18.750067,18.798094,18.194431,18.094353,4.0,4.0,0.0,0.0,0.0,4.0,0.0,0.0
39958,2023.0,10.0,5.0,11.0,18.654852,18.75718,20.135628,21.285763,19.344118,19.860487,18.103003,18.095737,18.165024,18.090906,19.019257,19.196287,20.31293,20.886652,18.394314,18.320969,18.102806,18.010149,0.0,4.0,0.0,0.0,0.0,4.0,0.0,0.0
39959,2023.0,10.0,5.0,11.0,19.27584,19.976664,19.24289,19.464355,19.38761,19.907421,18.077906,18.073988,18.038105,17.955511,18.373741,18.296448,19.718548,19.704453,18.325079,18.24194,18.05129,17.984947,0.0,4.0,0.0,0.0,0.0,0.0,0.0,0.0
39960,2023.0,10.0,5.0,12.0,19.442726,20.150215,18.8031,18.811176,19.423172,19.949297,18.057117,18.05632,18.015394,17.95273,18.282265,18.208496,19.48399,19.347067,18.305508,18.225302,18.925173,19.677788,0.0,4.0,0.0,0.0,0.0,0.0,0.0,4.0
39961,2023.0,10.0,5.0,12.0,21.246824,23.280857,18.648748,18.641594,21.247883,23.146112,21.268559,23.767168,17.988708,17.930052,18.238226,18.169027,21.196829,22.382788,21.452229,23.717543,20.160158,21.727324,0.0,0.0,0.0,0.0,0.0,4.0,0.0,0.0
39962,2023.0,10.0,5.0,12.0,20.9927,22.53234,18.96712,19.348516,21.019287,22.484005,21.00277,22.877113,17.95724,17.90011,18.185392,18.117996,21.020172,21.984753,21.000582,22.629276,19.600334,20.372864,4.0,0.0,0.0,0.0,0.0,0.0,0.0,4.0
39963,2023.0,10.0,5.0,12.0,21.053999,22.531961,20.15421,21.405107,21.049908,22.407345,21.028639,22.686363,17.931128,17.8761,18.1389,18.072742,21.033115,21.917103,21.007877,22.421867,20.116856,21.391268,0.0,0.0,4.0,0.0,0.0,0.0,4.0,0.0
39964,2023.0,10.0,5.0,12.0,21.043026,22.40867,19.156235,19.340961,21.044682,22.301146,21.05074,22.606531,18.670015,19.29302,18.102024,18.039112,21.000309,21.765242,21.013103,22.296907,19.009527,19.12595,0.0,0.0,0.0,4.0,0.0,4.0,4.0,0.0
39965,2023.0,10.0,5.0,12.0,21.042269,22.333117,18.996393,19.346518,21.01318,22.161081,21.050682,22.49008,20.145437,21.660398,18.071018,18.011164,21.034698,21.81172,21.010757,22.199278,18.450891,18.38981,4.0,4.0,0.0,4.0,0.0,0.0,4.0,0.0
39966,2023.0,10.0,5.0,13.0,21.035973,22.274069,20.161938,21.392174,21.01813,22.133265,21.048805,22.401829,20.026047,21.254578,18.043499,17.98626,21.028297,21.76088,21.049248,22.235739,18.302383,18.238585,0.0,4.0,0.0,0.0,0.0,0.0,0.0,0.0
39967,2023.0,10.0,5.0,13.0,21.03557,22.237242,19.182886,19.37195,21.047747,22.173422,21.042202,22.336622,19.588858,20.23777,18.393154,18.665169,20.997978,21.651846,21.040354,22.156591,18.225243,18.17085,0.0,0.0,0.0,4.0,4.0,4.0,0.0,0.0
39968,2023.0,10.0,5.0,13.0,21.03489,22.206282,18.651962,18.686224,21.041155,22.124361,21.042088,22.294899,20.239174,21.51052,20.17875,21.737602,21.033121,21.726435,21.000599,22.000208,18.159464,18.107801,0.0,0.0,0.0,0.0,4.0,0.0,4.0,0.0
39969,2023.0,10.0,5.0,13.0,21.03419,22.180727,18.935177,19.324036,21.041027,22.093472,21.041174,22.259222,19.115522,19.218775,20.019053,21.213558,20.997189,21.617283,21.047396,22.091993,18.102283,18.05288,4.0,0.0,0.0,0.0,0.0,4.0,0.0,0.0
39970,2023.0,10.0,5.0,13.0,21.033854,22.159927,20.136559,21.37454,21.014864,21.996538,21.040422,22.229706,18.587236,18.521557,19.046528,19.197588,21.03267,21.69975,21.038157,22.042515,18.053549,18.006474,4.0,4.0,0.0,0.0,0.0,0.0,0.0,0.0
39971,2023.0,10.0,5.0,13.0,21.032286,22.140305,20.015697,21.035137,21.045904,22.06381,21.01249,22.131445,18.434906,18.362858,18.502403,18.44844,21.025652,21.671242,20.994915,21.902027,18.010895,17.965382,0.0,0.0,4.0,0.0,0.0,0.0,4.0,0.0
39972,2023.0,10.0,5.0,14.0,21.033031,22.127228,19.468742,19.887495,21.012718,21.960316,21.025372,22.132854,18.363455,18.3081,18.384466,18.331648,21.0268,21.65992,21.047283,22.021059,17.97579,17.933495,4.0,4.0,4.0,0.0,0.0,0.0,0.0,0.0
39973,2023.0,10.0,5.0,14.0,20.174273,20.462564,20.11047,21.149141,20.065012,20.163488,20.441637,20.994328,18.302088,18.252491,18.313929,18.261963,20.419306,20.48658,20.062185,20.104198,17.9462,17.90789,4.0,0.0,4.0,0.0,0.0,0.0,0.0,0.0
39974,2023.0,10.0,5.0,14.0,19.696407,19.869192,20.006496,20.88296,19.52091,19.47251,19.626446,19.676733,18.979088,19.582169,18.257122,18.206804,20.822197,21.43989,20.488623,21.2343,18.83825,19.619623,4.0,0.0,0.0,4.0,0.0,4.0,4.0,4.0
39975,2023.0,10.0,5.0,14.0,20.2155,20.989277,20.03745,20.919174,19.946089,20.42861,19.858873,20.37144,20.145582,21.465515,18.21052,18.162348,20.26271,20.257496,19.831,19.849808,20.163712,21.714067,0.0,4.0,4.0,0.0,0.0,0.0,0.0,0.0
39976,2023.0,10.0,5.0,14.0,19.77379,20.029625,19.276958,19.427326,20.091948,20.614664,19.416382,19.49078,19.083267,19.241207,18.173027,18.129084,20.622667,21.141916,19.41376,19.336004,18.918594,19.091072,0.0,4.0,0.0,0.0,0.0,4.0,0.0,0.0
39977,2023.0,10.0,5.0,14.0,20.127998,20.82247,19.311186,19.652039,20.08786,20.6125,19.772814,20.300455,18.658602,18.606403,18.524073,18.814873,20.099564,20.084314,19.274519,19.185612,18.470589,18.431711,4.0,4.0,4.0,0.0,4.0,0.0,0.0,0.0
39978,2023.0,10.0,5.0,15.0,20.197783,20.895409,20.183716,21.237875,20.078848,20.606867,19.301569,19.382086,18.548824,18.502468,20.186192,21.72915,19.876827,19.769814,19.184986,19.103975,19.242981,19.996021,0.0,4.0,0.0,0.0,0.0,0.0,0.0,4.0
39979,2023.0,10.0,5.0,15.0,20.200695,20.89755,19.316261,19.485718,19.53368,19.60632,18.970995,18.960463,18.459291,18.41709,19.108831,19.387112,19.772997,19.665154,19.118805,19.065145,20.069538,21.247406,0.0,0.0,0.0,0.0,0.0,0.0,0.0,4.0
39980,2023.0,10.0,5.0,15.0,20.206327,20.90241,18.852722,18.886833,19.199566,19.172289,19.479994,20.009735,18.384846,18.34471,18.462004,18.455671,19.73976,19.675234,20.070513,20.929966,20.034101,21.109718,0.0,0.0,4.0,0.0,0.0,0.0,4.0,0.0
39981,2023.0,10.0,5.0,15.0,19.633308,19.830301,18.70169,18.715317,19.696732,20.204315,19.670563,20.22765,18.323416,18.28594,18.320673,18.290834,19.69877,19.643223,19.493372,19.55217,19.071714,19.180614,0.0,4.0,4.0,0.0,0.0,0.0,0.0,0.0
39982,2023.0,10.0,5.0,15.0,20.056091,20.75443,19.05496,19.442488,19.295439,19.373121,19.692636,20.247873,18.279055,18.243536,18.268799,18.237228,20.417444,21.047234,20.157446,20.947573,18.699184,18.656023,4.0,0.0,4.0,0.0,0.0,4.0,4.0,0.0
39983,2023.0,10.0,5.0,15.0,19.563498,19.760967,20.122532,21.282267,19.065315,19.039598,19.708372,20.264032,18.238829,18.20613,18.224527,18.193342,19.887945,19.914103,19.47574,19.528412,18.562105,18.516563,4.0,0.0,4.0,0.0,0.0,0.0,0.0,0.0
39984,2023.0,10.0,5.0,16.0,19.955736,20.687523,20.002512,20.93057,18.964577,18.935625,19.721775,20.277567,18.197725,18.167961,18.578306,18.900848,19.597044,19.518866,19.101723,19.049389,18.455221,18.417503,4.0,0.0,4.0,0.0,4.0,0.0,0.0,0.0
39985,2023.0,10.0,5.0,16.0,20.090553,20.788427,20.24524,21.34435,19.57462,20.144966,19.183813,19.266829,18.160734,18.133286,20.200651,21.666052,19.521975,19.437525,18.988806,18.930899,18.367727,18.33396,4.0,4.0,0.0,0.0,0.0,0.0,0.0,0.0
39986,2023.0,10.0,5.0,16.0,19.535364,19.735678,20.015158,20.828909,19.23264,19.32617,19.495588,20.030142,18.126785,18.10066,19.151058,19.41116,19.508137,19.457544,18.915771,18.857653,18.291533,18.25993,4.0,0.0,4.0,0.0,0.0,0.0,0.0,0.0
39987,2023.0,10.0,5.0,16.0,19.240536,19.362957,20.033792,20.846563,19.556164,20.096289,19.659948,20.211006,18.095428,18.07044,18.517605,18.506721,20.264566,20.921442,18.87289,18.83299,18.225554,18.195208,0.0,4.0,4.0,0.0,0.0,4.0,0.0,0.0
39988,2023.0,10.0,5.0,16.0,19.138693,19.251024,19.630632,20.01816,19.723602,20.266607,19.672956,20.21835,18.066133,18.042412,18.375233,18.345247,20.461353,21.068592,18.82942,18.792675,18.168589,18.13972,4.0,4.0,4.0,0.0,0.0,4.0,0.0,0.0
39989,2023.0,10.0,5.0,16.0,19.766026,20.476696,20.072989,20.857613,19.751945,20.288464,19.130024,19.193388,18.042042,18.019907,18.704416,19.014814,19.82973,19.832548,18.792265,18.757969,19.037722,19.82127,4.0,4.0,0.0,0.0,4.0,0.0,0.0,4.0
39990,2023.0,10.0,5.0,17.0,19.371662,19.556986,20.007294,20.712994,19.777985,20.309616,18.833866,18.815441,18.016409,17.99602,20.167536,21.499615,20.275518,20.838606,18.753225,18.721231,20.277872,21.818634,4.0,4.0,0.0,0.0,4.0,4.0,0.0,0.0
39991,2023.0,10.0,5.0,17.0,19.755217,20.443762,20.033537,20.765818,19.79674,20.321648,19.380922,19.921635,17.990252,17.970324,20.002035,21.014635,20.489836,21.07942,18.715504,18.68429,19.689264,20.439837,0.0,4.0,4.0,0.0,4.0,4.0,0.0,4.0
39992,2023.0,10.0,5.0,17.0,19.934156,20.616947,19.331009,19.398989,19.810318,20.328283,19.559061,20.09413,17.966183,17.94726,20.039543,20.999142,19.85021,19.827452,18.6809,18.650911,20.099464,21.25458,0.0,4.0,4.0,0.0,0.0,0.0,0.0,0.0
39993,2023.0,10.0,5.0,17.0,19.968927,20.640219,18.925495,18.882816,19.820486,20.331703,19.037205,19.092426,17.943104,17.92537,19.49016,19.845837,19.568193,19.470001,18.64845,18.61999,19.065664,19.157545,0.0,4.0,0.0,0.0,4.0,0.0,0.0,0.0
39994,2023.0,10.0,5.0,17.0,19.39778,19.546366,19.277662,19.637846,19.271263,19.297188,19.43934,19.9483,18.66122,19.299913,20.123913,21.047585,20.219164,20.77053,18.619331,18.591755,18.672655,18.60656,4.0,0.0,4.0,4.0,0.0,4.0,0.0,0.0
39995,2023.0,10.0,5.0,17.0,19.12641,19.21521,20.085613,20.998402,18.971256,18.910778,19.043674,19.084019,20.18638,21.788094,19.256351,19.319525,20.436272,21.003561,18.588034,18.562248,19.352077,20.033327,4.0,0.0,0.0,0.0,0.0,4.0,0.0,4.0
39996,2023.0,10.0,5.0,18.0,19.707676,20.374239,20.02418,20.81861,19.481045,19.947247,19.36968,19.861288,18.902521,19.0588,19.175373,19.469015,20.478136,21.037886,19.585161,20.474966,20.099012,21.21583,0.0,4.0,4.0,0.0,4.0,4.0,4.0,0.0
39997,2023.0,10.0,5.0,18.0,21.15819,22.760532,19.622227,19.974258,21.221434,22.893446,21.241524,23.048624,18.287611,18.249443,20.125664,21.144558,21.065037,22.046764,21.281673,23.176483,19.05669,19.10577,4.0,0.0,0.0,0.0,0.0,4.0,4.0,0.0
39998,2023.0,10.0,5.0,18.0,21.001085,22.284328,20.104109,20.94571,21.019821,22.302153,21.020555,22.404545,18.174728,18.148676,19.271872,19.402985,21.002455,21.838947,21.03553,22.493378,18.545967,18.46761,0.0,0.0,0.0,0.0,0.0,4.0,0.0,0.0
39999,2023.0,10.0,5.0,18.0,21.046896,22.287033,19.312147,19.35658,21.020536,22.15813,21.023968,22.257145,18.11254,18.086926,18.778397,18.752396,21.008278,21.79049,21.046698,22.35843,18.43526,18.394258,0.0,4.0,4.0,0.0,0.0,4.0,0.0,0.0
40000,2023.0,10.0,5.0,18.0,21.041473,22.155008,18.91123,18.870907,21.092134,22.23475,21.09861,22.3332,18.056551,18.028706,18.605247,18.552092,21.069807,21.887648,21.098444,22.331684,18.355818,18.316944,0.0,0.0,0.0,0.0,0.0,0.0,0.0,0.0
40001,2023.0,10.0,5.0,18.0,21.013317,22.061176,19.27519,19.652376,21.031933,22.051142,21.034363,22.138626,18.0122,17.985315,18.505217,18.457764,20.995018,21.673672,21.03312,22.128752,18.283539,18.247042,4.0,0.0,0.0,0.0,0.0,4.0,0.0,0.0
40002,2023.0,10.0,5.0,19.0,21.01606,22.027891,20.095562,21.028698,21.008606,21.950571,21.011621,22.037516,17.971941,17.945002,18.415424,18.367958,21.03781,21.751808,21.036451,22.085058,18.219584,18.185106,4.0,4.0,4.0,0.0,0.0,0.0,0.0,0.0
40003,2023.0,10.0,5.0,19.0,21.033838,22.029142,20.041252,20.80876,21.042507,21.97926,21.048744,22.070923,17.93461,17.904161,18.334839,18.284805,21.064219,21.770555,21.07676,22.119976,18.163073,18.12847,4.0,4.0,4.0,0.0,0.0,0.0,0.0,0.0
40004,2023.0,10.0,5.0,19.0,21.07795,22.113644,20.03842,20.76401,21.082514,22.049484,21.088293,22.138227,17.903399,17.871006,18.271181,18.222456,21.011045,21.608559,21.073814,22.070415,18.116257,18.082668,4.0,0.0,0.0,0.0,0.0,4.0,0.0,0.0
40005,2023.0,10.0,5.0,19.0,21.030197,21.947243,20.035995,20.721174,21.079796,21.999851,21.044111,21.980104,17.87543,17.841034,18.214613,18.166653,21.063477,21.74224,21.071915,22.04067,18.073284,18.037994,4.0,0.0,4.0,0.0,0.0,0.0,0.0,0.0
40006,2023.0,10.0,5.0,19.0,21.013779,21.918142,20.032757,20.710733,21.034351,21.89728,21.045761,22.006203,18.580791,19.191319,18.166574,18.121117,21.026737,21.6445,21.02972,21.945778,18.035137,17.998869,0.0,0.0,0.0,4.0,0.0,0.0,0.0,0.0
40007,2023.0,10.0,5.0,19.0,21.041794,21.981613,19.624977,19.882946,21.031763,21.889576,21.042253,21.979847,20.165222,21.729195,18.121532,18.076982,21.000956,21.560587,21.034868,21.940556,17.999893,17.962105,4.0,0.0,0.0,4.0,0.0,4.0,0.0,0.0
40008,2023.0,10.0,5.0,20.0,21.035786,21.949314,20.085514,20.812849,21.031813,21.883802,21.042315,21.961374,20.028723,21.264917,18.07695,18.026617,21.005665,21.566946,21.033611,21.923817,18.873718,19.638792,4.0,0.0,0.0,0.0,0.0,4.0,0.0,4.0
40009,2023.0,10.0,5.0,20.0,21.035805,21.930387,20.008211,20.628965,21.031641,21.876514,21.033499,21.943699,18.864553,18.86965,18.037943,17.985966,21.035955,21.64334,21.03363,21.910816,20.159164,21.630642,4.0,0.0,0.0,0.0,0.0,0.0,0.0,0.0
40010,2023.0,10.0,5.0,20.0,21.008615,21.838907,20.017822,20.627699,21.005865,21.798016,21.03426,21.941103,18.2878,18.143332,18.003216,17.949266,21.030645,21.619999,21.033371,21.898485,18.837997,18.853228,4.0,4.0,0.0,0.0,0.0,0.0,0.0,0.0
40011,2023.0,10.0,5.0,20.0,21.014275,21.843529,20.01602,20.609152,21.038084,21.881542,21.033287,21.934097,18.138494,17.984436,17.970587,17.913797,21.030022,21.60668,21.032167,21.885546,18.250605,18.125776,4.0,0.0,0.0,0.0,0.0,0.0,0.0,0.0
40012,2023.0,10.0,5.0,20.0,21.072638,21.980509,20.062756,20.707499,21.035954,21.821404,21.06853,21.99597,18.143187,18.084873,17.94115,17.882366,21.048286,21.644947,21.067736,21.943417,18.199297,18.147896,0.0,4.0,0.0,0.0,0.0,0.0,0.0,0.0
40013,2023.0,10.0,5.0,20.0,21.002548,21.801495,19.299183,19.214018,21.041689,21.84889,21.028696,21.909828,18.107515,18.053715,17.915865,17.857193,21.021168,21.59165,21.049667,21.84701,18.152155,18.10408,0.0,0.0,0.0,0.0,0.0,0.0,4.0,0.0
40014,2023.0,10.0,5.0,21.0,21.014524,21.821678,18.840637,18.61946,21.012394,21.754656,21.008476,21.845154,18.836283,19.478544,17.88825,17.82764,21.02446,21.599033,21.042376,21.866735,18.095709,18.043922,0.0,4.0,4.0,4.0,0.0,0.0,0.0,0.0
40015,2023.0,10.0,5.0,21.0,21.040411,21.890253,19.23878,19.514492,21.044065,21.829042,21.039015,21.92743,20.17205,21.61186,18.20728,18.44535,21.024195,21.598198,21.038881,21.844683,18.046534,17.993843,4.0,0.0,0.0,0.0,4.0,0.0,0.0,0.0
40016,2023.0,10.0,5.0,21.0,21.034786,21.866497,20.104378,20.982695,21.037952,21.803434,21.042358,21.909826,19.43228,19.922375,20.259956,21.912851,21.024324,21.597387,21.039022,21.829634,18.003017,17.948906,0.0,0.0,0.0,4.0,0.0,0.0,0.0,0.0
40017,2023.0,10.0,5.0,21.0,21.035131,21.853773,19.375109,19.484793,21.03841,21.791075,21.041504,21.887463,20.152342,21.349112,19.30067,19.765371,21.065483,21.647646,21.031136,21.815695,18.85112,19.581873,0.0,0.0,0.0,0.0,4.0,4.0,0.0,4.0
40018,2023.0,10.0,5.0,21.0,20.998627,21.766445,18.922455,18.867714,21.028837,21.778614,21.031744,21.868956,19.544188,19.990469,20.17975,21.505205,21.029163,21.589025,21.072695,21.85358,20.305632,21.912354,0.0,0.0,0.0,4.0,0.0,0.0,4.0,0.0
40019,2023.0,10.0,5.0,21.0,21.014412,21.788269,18.780428,18.697618,21.004099,21.710989,21.006985,21.796688,20.130747,21.178034,19.399767,19.7923,21.032112,21.583214,21.036978,21.809807,19.526297,20.122955,0.0,4.0,4.0,0.0,4.0,0.0,0.0,4.0
40020,2023.0,10.0,5.0,22.0,21.01247,21.779255,18.694744,18.606255,21.035248,21.799345,21.037916,21.880503,19.01422,18.921713,20.144705,21.251177,21.031685,21.571505,21.039356,21.803381,20.261623,21.579803,0.0,0.0,0.0,0.0,4.0,0.0,0.0,0.0
40021,2023.0,10.0,5.0,22.0,21.012829,21.775126,18.624687,18.531937,21.03917,21.785643,21.0418,21.863075,18.45114,18.238495,20.03034,20.930061,21.02327,21.562561,21.038647,21.78967,18.919056,18.83942,0.0,0.0,0.0,0.0,0.0,0.0,0.0,0.0
40022,2023.0,10.0,5.0,22.0,21.041027,21.846235,18.994358,19.271349,21.03848,21.766827,21.041105,21.841343,18.398043,18.300335,19.015638,18.908745,21.024342,21.568575,21.038874,21.77894,19.122955,19.617476,4.0,0.0,0.0,0.0,0.0,0.0,0.0,4.0
40023,2023.0,10.0,5.0,22.0,21.034979,21.822243,20.1441,21.222376,21.028385,21.75241,21.005152,21.753414,18.34435,18.260715,18.921795,19.111904,21.024273,21.570408,21.030527,21.769188,20.136463,21.284876,0.0,0.0,4.0,0.0,4.0,0.0,0.0,0.0
40024,2023.0,10.0,5.0,22.0,21.03584,21.81122,19.278221,19.39623,21.003878,21.684967,21.04787,21.84419,18.902775,19.389317,20.152937,21.225063,21.024336,21.571081,21.09373,21.853003,18.93646,18.837044,0.0,4.0,0.0,4.0,4.0,0.0,4.0,0.0
40025,2023.0,10.0,5.0,22.0,21.035412,21.799154,18.761253,18.68165,21.035093,21.77343,21.040432,21.813545,20.154505,21.448946,20.004025,20.853294,21.024382,21.570776,21.033772,21.760948,18.364819,18.14822,0.0,0.0,0.0,0.0,4.0,0.0,0.0,0.0
40026,2023.0,10.0,5.0,23.0,21.02524,21.789232,18.632118,18.524967,21.03973,21.759787,21.041346,21.801235,18.870363,18.778948,20.047932,20.87242,21.024544,21.570156,21.040049,21.764875,18.327782,18.23476,0.0,0.0,0.0,0.0,0.0,0.0,0.0,0.0
40027,2023.0,10.0,5.0,23.0,20.36134,20.519718,18.558023,18.44567,20.097235,19.934912,20.257166,20.303743,18.257322,18.02862,19.046486,18.891113,20.379416,20.32788,20.045975,19.844835,18.28498,18.20733,0.0,0.0,0.0,0.0,0.0,0.0,0.0,0.0
40028,2023.0,10.0,5.0,23.0,20.04997,20.091677,18.50797,18.391275,19.85093,19.699493,19.860842,19.742273,18.263124,18.161016,19.102411,19.252146,20.124357,19.992615,19.825249,19.691702,18.219784,18.136965,0.0,0.0,0.0,0.0,4.0,0.0,0.0,0.0
40029,2023.0,10.0,5.0,23.0,19.906534,19.939817,18.461676,18.34212,19.728083,19.5844,19.682974,19.549309,18.22203,18.128319,19.135761,19.321241,20.008207,19.875296,19.698864,19.57583,18.158785,18.074116,0.0,0.0,0.0,0.0,4.0,0.0,0.0,0.0
40030,2023.0,10.0,5.0,23.0,19.807085,19.848984,18.425955,18.30975,19.624056,19.490343,19.564598,19.442116,18.166538,18.075745,18.596052,18.336462,19.9196,19.795387,19.583828,19.471077,18.108027,18.025442,0.0,0.0,0.0,0.0,0.0,0.0,0.0,0.0
40031,2023.0,10.0,5.0,23.0,20.42769,21.099197,18.839191,19.115475,19.528284,19.396635,19.456667,19.336218,18.113049,18.022549,18.344574,18.037262,19.835081,19.708902,19.479242,19.37107,18.79225,19.35694,4.0,0.0,0.0,0.0,0.0,0.0,0.0,4.0
40032,2023.0,10.0,6.0,0.0,19.92889,20.062716,18.585478,18.569817,19.442612,19.31223,19.361355,19.242018,18.063532,17.972813,18.371374,18.224108,19.76049,19.63398,19.385403,19.280468,18.279018,18.236195,0.0,0.0,0.0,0.0,0.0,0.0,0.0,0.0
40033,2023.0,10.0,6.0,0.0,19.484068,19.319584,18.418644,18.311209,19.365396,19.235863,19.27592,19.157124,18.01883,17.92796,18.342882,18.227947,19.693802,19.566938,19.297697,19.189995,17.984308,17.781645,0.0,0.0,0.0,0.0,0.0,0.0,0.0,0.0
40034,2023.0,10.0,6.0,0.0,19.336641,19.162094,18.364511,18.25212,19.298464,19.17267,19.202185,19.087164,18.568668,18.997694,18.2793,18.172115,19.635733,19.510576,19.222233,19.116385,17.883621,17.67539,0.0,0.0,0.0,4.0,0.0,0.0,0.0,0.0
40035,2023.0,10.0,6.0,0.0,19.433298,19.455246,18.325516,18.21438,19.23667,19.113619,19.134218,19.021944,18.15475,18.092695,18.214272,18.106798,19.582314,19.458136,19.153341,19.04854,17.937368,17.853289,0.0,0.0,0.0,0.0,0.0,0.0,0.0,0.0
40036,2023.0,10.0,6.0,0.0,19.419939,19.468222,18.292742,18.183546,19.180527,19.060637,19.072557,18.963537,18.594162,19.015179,18.155298,18.049372,20.251402,20.768764,19.091057,18.987728,18.65315,19.219608,0.0,0.0,0.0,4.0,0.0,4.0,0.0,4.0
40037,2023.0,10.0,6.0,0.0,19.37467,19.426188,18.263002,18.155722,19.128723,19.011648,19.015835,18.909674,18.056206,17.875702,18.101381,17.99684,19.566998,19.332644,19.03388,18.931816,18.033455,17.87754,0.0,0.0,0.0,0.0,0.0,0.0,0.0,0.0
40038,2023.0,10.0,6.0,1.0,19.330046,19.382988,18.2352,18.129438,19.762608,20.24789,18.962996,18.858805,17.848595,17.622486,18.051348,17.947527,19.337942,19.036882,18.980696,18.879253,17.827044,17.624224,0.0,4.0,0.0,0.0,0.0,0.0,0.0,0.0
40039,2023.0,10.0,6.0,1.0,19.288511,19.344076,18.210283,18.107286,19.347305,19.352127,18.915154,18.814228,17.781893,17.562437,18.006594,17.904675,19.265272,18.971008,18.932844,18.83304,17.763317,17.566496,0.0,0.0,0.0,0.0,0.0,0.0,0.0,0.0
40040,2023.0,10.0,6.0,1.0,19.249556,19.308,18.187286,18.087399,18.953419,18.675823,18.871052,18.773804,18.46847,18.924635,17.966236,17.866547,19.364326,19.236023,18.889599,18.791725,17.822723,17.742123,0.0,0.0,0.0,4.0,0.0,0.0,0.0,0.0
40041,2023.0,10.0,6.0,1.0,19.212448,19.273216,18.165312,18.068228,18.813086,18.505291,18.829298,18.735144,18.092983,18.057934,17.928976,17.83104,19.365116,19.24835,18.849194,18.752802,17.81567,17.739588,0.0,0.0,0.0,0.0,0.0,0.0,0.0,0.0
40042,2023.0,10.0,6.0,1.0,19.17658,19.238268,18.143766,18.048683,18.923748,18.804056,18.78883,18.69634,17.818613,17.617605,17.893879,17.79665,19.33535,19.219852,18.810509,18.714684,17.79003,17.714314,0.0,0.0,0.0,0.0,0.0,0.0,0.0,0.0
40043,2023.0,10.0,6.0,1.0,19.143648,19.20717,18.123363,18.030415,18.915384,18.812252,18.751215,18.660818,17.734932,17.529362,17.862274,17.766376,19.307623,19.19346,18.774885,18.680326,17.766758,17.692156,0.0,0.0,0.0,0.0,0.0,0.0,0.0,0.0
40044,2023.0,10.0,6.0,2.0,19.11306,19.178581,18.105556,18.016481,18.88568,18.787626,18.718552,18.633055,17.803411,17.723156,18.142437,18.318329,19.282316,19.170774,18.7428,18.650852,17.74565,17.673132,0.0,0.0,0.0,0.0,4.0,0.0,0.0,0.0
40045,2023.0,10.0,6.0,2.0,19.083279,19.15053,18.087597,18.001303,18.85514,18.76074,18.686382,18.604246,18.377409,18.809774,17.934084,17.866665,19.25796,19.148392,18.712143,18.622194,17.725462,17.654545,0.0,0.0,0.0,4.0,0.0,0.0,0.0,0.0
40046,2023.0,10.0,6.0,2.0,19.052868,19.119677,18.06861,17.983116,18.822325,18.7285,18.652842,18.570929,18.643738,19.176046,17.839563,17.748644,19.233265,19.124046,18.681309,18.591509,17.70514,17.634577,0.0,0.0,0.0,4.0,0.0,0.0,0.0,0.0
40047,2023.0,10.0,6.0,2.0,19.707577,20.3723,18.053137,17.971235,18.795202,18.70631,18.62541,18.548292,17.994493,17.858925,17.811174,17.724188,19.212181,19.105705,18.654655,18.56768,18.41303,18.98433,0.0,0.0,0.0,0.0,0.0,0.0,0.0,4.0
40048,2023.0,10.0,6.0,2.0,19.271912,19.415134,18.03658,17.956697,18.766747,18.68018,18.596817,18.521797,17.78663,17.594975,17.783232,17.697714,19.190918,19.085808,18.627775,18.542059,17.93936,17.923817,0.0,0.0,0.0,0.0,0.0,0.0,0.0,0.0
40049,2023.0,10.0,6.0,2.0,18.950754,18.872932,18.02034,17.942442,18.739351,18.654943,18.56953,18.496393,17.723713,17.53664,17.758385,17.674208,19.170773,19.067001,18.602015,18.517511,18.408077,18.878262,0.0,0.0,0.0,0.0,0.0,0.0,0.0,4.0
40050,2023.0,10.0,6.0,3.0,18.84568,18.747074,18.004694,17.929047,18.71345,18.631569,18.543877,18.47298,17.77832,17.699102,17.735916,17.653526,19.151722,19.049576,18.577656,18.49471,17.867823,17.739437,0.0,0.0,0.0,0.0,0.0,0.0,0.0,0.0
40051,2023.0,10.0,6.0,3.0,18.955914,19.029133,17.986485,17.910166,18.685047,18.60216,18.515808,18.44365,17.77399,17.701786,17.712362,17.62901,19.131025,19.02827,18.551996,18.468376,17.693571,17.524956,0.0,0.0,0.0,0.0,0.0,0.0,0.0,0.0
40052,2023.0,10.0,6.0,3.0,18.939796,19.01119,17.969501,17.893677,18.659054,18.576952,18.489988,18.418447,17.749996,17.678026,17.691034,17.608065,19.1114,19.008932,18.527866,18.444601,17.635824,17.470648,0.0,0.0,0.0,0.0,0.0,0.0,0.0,0.0
40053,2023.0,10.0,6.0,3.0,18.915092,18.986359,17.954159,17.880266,18.635616,18.556173,18.466532,18.397577,18.308418,18.7476,17.67187,17.590593,19.093039,18.991833,18.505318,18.423447,17.683386,17.61523,0.0,0.0,0.0,4.0,0.0,0.0,0.0,0.0
40054,2023.0,10.0,6.0,3.0,18.893236,18.96751,18.404598,18.74004,18.61063,18.531626,18.441385,18.37284,17.921333,17.887346,17.651918,17.570784,19.073807,18.972708,18.482025,18.400297,17.674343,17.609451,4.0,0.0,0.0,0.0,0.0,0.0,0.0,0.0
40055,2023.0,10.0,6.0,3.0,18.882088,18.968233,18.12256,18.113373,18.58612,18.507406,18.416664,18.348387,17.694113,17.52577,17.632744,17.551676,19.054777,18.953718,18.459116,18.377464,17.650856,17.585817,0.0,0.0,0.0,0.0,0.0,0.0,0.0,0.0
40056,2023.0,10.0,6.0,4.0,18.861317,18.947351,17.990738,17.914413,18.56121,18.481792,18.39152,18.322502,17.614819,17.434605,17.613995,17.532444,19.035612,18.934189,18.436255,18.354292,17.628063,17.562534,0.0,0.0,0.0,0.0,0.0,0.0,0.0,0.0
40057,2023.0,10.0,6.0,4.0,18.839708,18.92559,17.957088,17.880953,18.538164,18.45937,18.368242,18.299822,17.680845,17.615564,17.596567,17.515396,19.017298,18.916174,18.414433,18.332817,17.606747,17.541464,0.0,0.0,0.0,0.0,0.0,0.0,0.0,0.0
40058,2023.0,10.0,6.0,4.0,18.818554,18.904633,17.932364,17.858585,18.516941,18.43993,18.3468,18.280155,17.6676,17.5973,17.887356,18.075861,18.999775,18.89953,18.393637,18.312935,17.587008,17.522562,0.0,0.0,0.0,0.0,4.0,0.0,0.0,0.0
40059,2023.0,10.0,6.0,4.0,18.797554,18.884,17.91058,17.837904,18.495564,18.419832,18.325226,18.259834,17.647598,17.578175,17.69572,17.648859,18.982231,18.882786,19.344593,20.122437,17.567858,17.504179,0.0,0.0,0.0,0.0,0.0,0.0,4.0,0.0
40060,2023.0,10.0,6.0,4.0,18.776022,18.861877,17.889883,17.817207,18.473866,18.398273,18.303185,18.237963,18.20755,18.647676,17.604094,17.52501,18.964094,18.864738,19.52295,20.215998,17.548641,17.484972,0.0,0.0,0.0,4.0,0.0,0.0,4.0,0.0
40061,2023.0,10.0,6.0,4.0,18.755625,18.841377,17.871046,17.79886,18.453514,18.378325,18.282036,18.21746,18.459547,18.983686,17.579481,17.500807,18.946415,18.847504,18.702715,18.58072,17.530401,17.467115,0.0,0.0,0.0,4.0,0.0,0.0,0.0,0.0
40062,2023.0,10.0,6.0,5.0,18.735851,18.821184,17.852821,17.780823,19.123611,19.65456,18.260904,18.196638,17.840496,17.723534,17.55651,17.477953,18.928604,18.829876,18.454147,18.255896,17.512442,17.449276,0.0,4.0,0.0,0.0,0.0,0.0,0.0,0.0
40063,2023.0,10.0,6.0,5.0,18.717152,18.802525,17.835724,17.764393,18.720608,18.748493,18.240528,18.177004,18.233768,18.582077,17.536097,17.458002,18.911522,18.81341,18.370058,18.173733,17.495337,17.432629,0.0,0.0,0.0,4.0,0.0,0.0,0.0,0.0
40064,2023.0,10.0,6.0,5.0,19.396492,20.093649,17.81945,17.749035,18.389784,18.181055,18.220785,18.158203,17.799368,17.661163,17.517223,17.439854,18.895258,18.797916,18.30968,18.117626,17.47903,17.416916,0.0,0.0,0.0,0.0,0.0,0.0,0.0,0.0
40065,2023.0,10.0,6.0,5.0,18.961767,19.127697,17.803762,17.734367,18.288145,18.056704,18.20154,18.140001,17.631744,17.455029,17.499556,17.423021,18.879475,18.783009,18.365429,18.281706,18.188795,18.767088,0.0,0.0,0.0,0.0,0.0,0.0,0.0,4.0
40066,2023.0,10.0,6.0,5.0,18.639692,18.577314,17.78753,17.71828,18.3793,18.292889,18.18176,18.120129,17.571976,17.396149,17.481901,17.405365,18.863321,18.767056,18.357187,18.279028,18.521955,19.224333,0.0,0.0,0.0,0.0,0.0,0.0,0.0,4.0
40067,2023.0,10.0,6.0,5.0,18.558445,18.489819,17.773209,17.705696,18.379044,18.3049,18.164562,18.104473,17.621439,17.544632,17.466526,17.391476,18.84846,18.753572,18.3325,18.255959,17.770834,17.685293,0.0,0.0,0.0,0.0,0.0,0.0,0.0,0.0
40068,2023.0,10.0,6.0,6.0,18.663528,18.753101,17.757032,17.689129,18.359102,18.285828,18.145496,18.084555,17.619003,17.55147,17.450043,17.37469,18.832207,18.737251,18.306221,18.22913,17.545252,17.386791,0.0,0.0,0.0,0.0,0.0,0.0,0.0,0.0
40069,2023.0,10.0,6.0,6.0,21.281105,23.358105,17.7433,17.677074,21.261574,23.449846,21.26873,23.634775,17.59738,17.53116,17.435764,17.361668,21.277002,22.969963,21.46962,23.68835,18.25467,18.788542,0.0,0.0,0.0,0.0,0.0,0.0,0.0,4.0
40070,2023.0,10.0,6.0,6.0,21.003649,22.544577,17.726545,17.660423,21.005678,22.61505,21.00622,22.756334,18.164566,18.617943,17.41915,17.345158,20.98405,22.24153,20.966637,22.491936,20.247913,22.104847,0.0,0.0,0.0,4.0,0.0,4.0,4.0,0.0
40071,2023.0,10.0,6.0,6.0,21.04401,22.460873,17.710129,17.643816,21.048323,22.49806,21.05216,22.6275,20.25557,22.122978,17.403664,17.32972,21.04516,22.233477,21.065956,22.518488,19.27176,19.877687,0.0,0.0,0.0,0.0,0.0,0.0,0.0,4.0
40072,2023.0,10.0,6.0,6.0,21.037563,22.336823,17.69429,17.627707,21.04167,22.349997,21.045061,22.466158,18.787697,18.971308,17.389395,17.315504,21.044167,22.10059,21.049124,22.3418,20.148678,21.585285,0.0,0.0,0.0,0.0,0.0,0.0,0.0,4.0
40073,2023.0,10.0,6.0,6.0,21.035622,22.255306,17.678133,17.610645,21.039482,22.251802,21.04257,22.358543,18.066917,18.00516,17.688055,17.887554,21.010286,21.920809,21.04724,22.23383,19.996597,21.14472,0.0,0.0,0.0,0.0,4.0,4.0,0.0,4.0
40074,2023.0,10.0,6.0,7.0,21.009834,22.126791,17.664074,17.596874,21.040123,22.183437,21.04339,22.283657,18.520935,18.970057,20.29468,22.313179,21.04635,21.94866,20.999851,22.05077,20.21827,21.508074,0.0,0.0,0.0,4.0,0.0,0.0,4.0,0.0
40075,2023.0,10.0,6.0,7.0,21.041283,22.173462,18.09559,18.412905,21.039185,22.129562,21.042084,22.223333,20.21871,21.811487,18.80401,19.08856,21.009884,21.803738,21.05598,22.136208,18.862062,18.794788,4.0,0.0,0.0,0.0,0.0,4.0,0.0,0.0
40076,2023.0,10.0,6.0,7.0,21.25972,22.538069,20.248585,22.057375,21.215935,22.442886,21.21022,22.515293,18.760056,18.751686,18.320951,18.57759,21.222801,22.196274,21.351288,22.652197,18.269953,18.071316,4.0,0.0,0.0,0.0,4.0,4.0,4.0,0.0
40077,2023.0,10.0,6.0,7.0,21.020496,22.019678,20.023582,21.361921,21.011898,21.97879,21.040274,22.136782,18.061584,17.864944,20.246367,21.941036,21.043133,21.823942,21.012411,21.935768,18.198536,18.111723,0.0,4.0,0.0,0.0,0.0,0.0,4.0,0.0
40078,2023.0,10.0,6.0,7.0,21.020247,21.997393,19.113895,19.41728,21.042484,22.041765,21.04014,22.11035,18.013245,17.924767,18.947454,19.165827,21.007711,21.706377,21.011997,21.916592,19.092295,19.876686,4.0,0.0,0.0,0.0,0.0,4.0,4.0,4.0
40079,2023.0,10.0,6.0,7.0,21.231972,22.423391,20.190907,21.508234,21.290644,22.478025,21.247671,22.503155,17.978838,17.905708,18.565285,18.812273,21.173235,22.039955,21.266846,22.43758,20.093477,21.376896,4.0,4.0,0.0,0.0,4.0,0.0,0.0,4.0
40080,2023.0,10.0,6.0,8.0,21.040503,22.0134,20.009708,21.021635,21.049583,21.982574,21.038342,22.05974,18.684826,19.297451,20.202736,21.666822,21.03643,21.740322,21.04265,21.957705,20.223183,21.53016,4.0,0.0,0.0,4.0,4.0,0.0,0.0,0.0
40081,2023.0,10.0,6.0,8.0,20.027176,20.05044,20.031366,20.978308,20.466736,20.81204,20.059774,20.164335,20.177578,21.72931,20.02801,21.155275,20.74459,21.133139,19.938946,19.815142,18.869291,18.802984,4.0,4.0,0.0,0.0,0.0,4.0,0.0,0.0
40082,2023.0,10.0,6.0,8.0,19.481886,19.381939,20.026985,20.907324,19.651289,19.50104,19.470459,19.410536,18.775705,18.783493,19.188437,19.400171,20.627642,21.006735,19.375088,19.14455,18.308012,18.13074,4.0,0.0,0.0,0.0,4.0,4.0,0.0,0.0
40083,2023.0,10.0,6.0,8.0,19.438965,19.48195,20.026321,20.8597,19.228373,18.962505,19.251348,19.168337,18.104158,17.930801,20.187279,21.342491,19.925022,19.720665,20.2937,21.078447,19.001682,19.581816,4.0,0.0,0.0,0.0,4.0,0.0,4.0,4.0
40084,2023.0,10.0,6.0,8.0,20.081013,20.766167,20.025236,20.821884,19.667597,19.939661,19.108232,19.02394,18.0501,17.968782,20.01069,20.908548,20.302538,20.686668,19.57067,19.440182,20.14991,21.44338,4.0,4.0,0.0,0.0,4.0,4.0,0.0,0.0
40085,2023.0,10.0,6.0,8.0,19.539633,19.578894,20.042423,20.842491,19.834831,20.170803,18.99482,18.912632,18.016125,17.950726,20.030472,20.87765,19.79234,19.610006,19.112246,18.905708,18.89036,18.8581,0.0,4.0,0.0,0.0,4.0,0.0,0.0,0.0
40086,2023.0,10.0,6.0,9.0,19.822313,20.347403,19.458847,19.672817,19.271942,19.135971,18.898241,18.817204,18.696575,19.285631,20.02637,20.817888,20.20005,20.60849,18.955198,18.745817,18.298975,18.132608,4.0,0.0,0.0,4.0,4.0,4.0,0.0,0.0
40087,2023.0,10.0,6.0,9.0,19.956856,20.483473,20.117321,21.003351,18.942518,18.714073,19.488064,19.998304,20.160679,21.63508,20.025862,20.778172,19.694162,19.516861,18.855074,18.657137,19.139523,19.867376,4.0,0.0,4.0,4.0,4.0,0.0,0.0,4.0
40088,2023.0,10.0,6.0,9.0,19.966063,20.494284,20.009172,20.747875,19.464603,19.803541,19.120493,19.147808,20.029718,21.211058,20.024311,20.744308,20.153158,20.598894,18.875797,18.788385,20.09,21.293133,4.0,4.0,0.0,0.0,4.0,4.0,0.0,4.0
40089,2023.0,10.0,6.0,9.0,19.993204,20.53862,20.022917,20.74835,19.108027,19.018547,18.716068,18.549135,18.88537,18.87487,20.040049,20.763956,20.336636,20.780401,19.867813,20.694834,20.037525,21.098467,4.0,0.0,0.0,0.0,0.0,4.0,4.0,0.0
40090,2023.0,10.0,6.0,9.0,19.428057,19.476564,20.02035,20.723965,18.805763,18.616077,19.202894,19.56634,18.998238,19.441586,19.500227,19.683828,19.704536,19.563887,20.103107,20.80041,18.961874,18.938675,4.0,0.0,4.0,4.0,4.0,0.0,4.0,0.0
40091,2023.0,10.0,6.0,9.0,19.795872,20.35754,20.038195,20.759554,19.34523,19.709936,19.423851,19.837494,20.156015,21.387962,20.112392,20.919827,20.150164,20.602726,19.257122,19.16863,18.445427,18.304893,0.0,4.0,4.0,0.0,4.0,4.0,0.0,0.0
40092,2023.0,10.0,6.0,10.0,19.950068,20.512743,19.584139,19.851147,19.020367,18.963423,18.911448,18.857687,19.010523,19.025305,20.026167,20.724007,20.355637,20.824207,18.90326,18.751501,18.295277,18.155436,4.0,0.0,0.0,0.0,0.0,4.0,0.0,0.0
40093,2023.0,10.0,6.0,10.0,19.989172,20.573227,20.102587,20.943254,18.740597,18.591608,18.622152,18.482454,18.449505,18.319254,19.227913,19.165052,19.731752,19.614477,18.803295,18.655806,18.268265,18.201565,0.0,0.0,0.0,0.0,0.0,0.0,0.0,0.0
40094,2023.0,10.0,6.0,10.0,19.42616,19.501076,19.59861,19.890928,18.743706,18.680626,18.53958,18.406643,18.376318,18.310005,19.23226,19.470234,19.462048,19.2863,18.750532,18.616339,18.231089,18.178762,4.0,0.0,0.0,0.0,4.0,0.0,0.0,0.0
40095,2023.0,10.0,6.0,10.0,19.891706,20.498983,20.071228,20.817816,19.406778,19.953632,18.569181,18.518597,18.339748,18.286478,20.101797,20.985905,19.403967,19.237583,19.80457,20.654018,18.193464,18.147352,4.0,4.0,0.0,0.0,4.0,0.0,4.0,0.0
40096,2023.0,10.0,6.0,10.0,20.061375,20.685223,20.00894,20.676964,19.025877,19.038452,19.249418,19.821617,18.290197,18.243929,20.023134,20.76503,20.10757,20.61786,19.226133,19.21537,18.15401,18.113436,4.0,0.0,4.0,0.0,0.0,4.0,0.0,0.0
40097,2023.0,10.0,6.0,10.0,19.485956,19.596485,20.016048,20.680582,18.735926,18.661087,18.861996,18.889164,18.24835,18.207384,19.270798,19.266865,19.689728,19.63049,18.879795,18.790384,18.121418,18.085442,4.0,0.0,0.0,0.0,0.0,0.0,0.0,0.0
40098,2023.0,10.0,6.0,11.0,19.892807,20.547644,20.032612,20.72133,18.671402,18.602226,18.586565,18.541222,18.945908,19.557274,18.922743,18.867939,20.186775,20.721653,19.790998,20.575865,18.09548,18.063911,0.0,0.0,0.0,4.0,0.0,4.0,4.0,0.0
40099,2023.0,10.0,6.0,11.0,20.073288,20.738443,19.699966,20.051868,18.677979,18.657843,19.174154,19.699858,20.146791,21.485636,18.81913,18.764547,20.435865,21.007195,19.246664,19.255903,18.07411,18.045698,4.0,0.0,4.0,0.0,0.0,4.0,0.0,0.0
40100,2023.0,10.0,6.0,11.0,19.531094,19.699291,20.084845,20.852425,19.338215,19.917297,18.847296,18.91504,19.063046,19.192038,19.12084,19.398851,20.519764,21.098267,18.941381,18.881927,18.057903,18.032574,0.0,4.0,0.0,0.0,4.0,4.0,0.0,0.0
40101,2023.0,10.0,6.0,11.0,19.937048,20.636814,19.727865,20.107262,19.62049,20.240131,19.245161,19.8047,18.553076,18.522718,20.126467,21.109682,20.595516,21.183252,18.869904,18.80959,18.045395,18.022648,4.0,4.0,4.0,0.0,0.0,4.0,0.0,0.0
40102,2023.0,10.0,6.0,11.0,20.102558,20.791162,20.084232,20.857332,19.066015,19.136608,19.445084,20.011175,18.456327,18.426847,19.682322,20.098812,20.664743,21.260935,18.841278,18.789822,18.03716,18.017036,0.0,0.0,4.0,0.0,4.0,4.0,0.0,0.0
40103,2023.0,10.0,6.0,11.0,19.551313,19.73382,19.40309,19.510008,19.45401,20.021948,18.938951,19.023005,18.409536,18.382921,20.091625,20.912935,20.728592,21.332747,18.833296,18.799633,18.032944,18.015467,0.0,4.0,0.0,0.0,0.0,4.0,0.0,0.0
40104,2023.0,10.0,6.0,12.0,19.303234,19.442438,19.04695,19.077488,19.098995,19.205336,18.70378,18.737534,18.375443,18.352041,19.417349,19.529148,20.788488,21.400454,19.846163,20.727612,18.031254,18.01634,0.0,0.0,0.0,0.0,0.0,4.0,4.0,0.0
40105,2023.0,10.0,6.0,12.0,21.224445,22.909279,18.943583,18.96285,21.228899,23.032055,21.240074,23.246658,18.355556,18.334393,19.130566,19.100931,21.054018,21.861961,21.168085,22.876017,18.03252,18.020275,0.0,4.0,4.0,0.0,0.0,0.0,0.0,0.0
40106,2023.0,10.0,6.0,12.0,21.00637,22.28929,19.312763,19.7345,21.014235,22.41104,21.011995,22.551117,18.33741,18.319386,19.017757,18.980093,20.990316,21.654251,21.018389,22.342537,18.0367,18.02715,4.0,0.0,0.0,0.0,0.0,4.0,0.0,0.0
40107,2023.0,10.0,6.0,12.0,21.032965,22.237303,20.104736,21.0736,21.04279,22.326647,21.046322,22.452406,18.326124,18.31162,18.948984,18.913643,21.003757,21.639715,21.037525,22.224682,18.044565,18.037846,0.0,0.0,0.0,0.0,0.0,4.0,0.0,0.0
40108,2023.0,10.0,6.0,12.0,21.030315,22.161125,19.383076,19.584654,21.03796,22.219511,21.041012,22.329298,18.321133,18.310213,18.9015,18.871572,21.026896,21.677383,21.033813,22.10854,18.055716,18.05194,0.0,0.0,0.0,0.0,0.0,0.0,0.0,0.0
40109,2023.0,10.0,6.0,12.0,21.028122,22.108225,18.960112,19.012657,21.03192,22.14458,21.008762,22.173689,18.320564,18.31351,18.865452,18.839478,21.01978,21.631287,21.027834,22.023554,18.069294,18.069153,0.0,0.0,4.0,0.0,0.0,0.0,0.0,0.0
40110,2023.0,10.0,6.0,13.0,21.028503,22.074133,19.308655,19.758001,21.033743,22.100477,21.045721,22.214336,18.322815,18.319624,18.839542,18.819847,21.02047,21.606367,21.042719,21.95178,18.083168,18.08614,4.0,0.0,0.0,0.0,0.0,0.0,4.0,0.0
40111,2023.0,10.0,6.0,13.0,21.0015,21.972845,20.105398,21.10028,21.032482,22.061243,21.037054,22.153051,18.325285,18.324024,18.816742,18.800024,21.019863,21.583965,21.032959,21.93812,18.095673,18.100079,0.0,0.0,0.0,0.0,0.0,0.0,0.0,0.0
40112,2023.0,10.0,6.0,13.0,21.033426,22.043348,19.39835,19.633934,21.006554,21.960897,21.037075,22.117765,18.328676,18.329342,18.79898,18.785688,21.017633,21.565638,21.02955,21.897776,18.107204,18.113155,0.0,4.0,0.0,0.0,0.0,0.0,0.0,0.0
40113,2023.0,10.0,6.0,13.0,21.02796,22.011887,19.03641,19.169092,21.011051,21.953196,21.032799,22.085629,18.333027,18.336079,18.784172,18.773766,21.250086,21.974695,21.027845,21.865501,18.118614,18.126709,0.0,4.0,0.0,0.0,0.0,4.0,0.0,0.0
40114,2023.0,10.0,6.0,13.0,21.001633,21.921366,18.898123,18.980682,21.012234,21.939146,21.033983,22.067307,18.33734,18.342493,18.772564,18.766087,21.276258,21.948027,21.026867,21.842262,19.09709,19.97401,0.0,4.0,0.0,0.0,0.0,4.0,0.0,4.0
40115,2023.0,10.0,6.0,13.0,21.00656,21.923042,18.805357,18.875803,21.011335,21.923784,21.032911,22.046938,18.342524,18.350224,18.76233,18.759209,21.301353,21.97493,21.026417,21.82301,20.117878,21.49136,0.0,4.0,0.0,0.0,0.0,4.0,0.0,0.0
40116,2023.0,10.0,6.0,14.0,21.005775,21.915648,19.20424,19.675335,21.010633,21.910282,21.032217,22.029251,18.348253,18.358591,18.754011,18.754332,21.334295,22.011274,21.025753,21.805931,19.840158,20.705473,4.0,4.0,0.0,0.0,0.0,4.0,0.0,4.0
40117,2023.0,10.0,6.0,14.0,20.311384,20.606249,20.117039,21.198587,20.229788,20.428368,20.720743,21.385633,19.086378,19.748512,18.746607,18.749195,21.362698,22.039946,20.309622,20.411234,20.064701,21.123676,0.0,0.0,4.0,4.0,0.0,4.0,0.0,0.0
40118,2023.0,10.0,6.0,14.0,20.589485,21.360209,19.721695,20.27973,20.421965,21.051197,20.017204,20.181232,20.122202,21.366364,18.741222,18.745918,20.742348,20.85141,19.91597,19.90193,19.25259,19.451767,4.0,4.0,0.0,0.0,0.0,0.0,0.0,0.0
40119,2023.0,10.0,6.0,14.0,20.14755,20.426968,20.067041,20.95787,20.528471,21.169834,19.684376,19.796541,19.838581,20.590858,18.737078,18.743896,20.426008,20.423193,19.768738,19.747656,18.86279,18.937687,4.0,4.0,0.0,4.0,0.0,0.0,0.0,0.0
40120,2023.0,10.0,6.0,14.0,20.528162,21.330633,19.999416,20.767794,19.968489,20.134418,19.552763,19.667025,20.033129,20.93356,18.734343,18.743292,20.330282,20.326027,19.676762,19.65704,18.7687,18.843304,4.0,0.0,0.0,4.0,0.0,0.0,0.0,0.0
40121,2023.0,10.0,6.0,14.0,20.088121,20.373928,20.026022,20.797634,20.30802,20.959572,19.4073,19.47785,20.024622,20.863388,18.732498,18.74375,20.274292,20.276962,19.602997,19.58696,19.550089,20.359507,0.0,4.0,0.0,0.0,0.0,0.0,0.0,4.0
40122,2023.0,10.0,6.0,15.0,20.459389,21.24818,19.486233,19.72724,19.900846,20.088156,19.299515,19.362764,19.390066,19.576805,18.731054,18.744694,20.20157,20.183401,19.540073,19.526375,20.064621,21.081772,0.0,0.0,0.0,0.0,0.0,0.0,0.0,0.0
40123,2023.0,10.0,6.0,15.0,20.048635,20.341442,19.572693,20.059628,19.625397,19.74811,19.222626,19.285715,19.790138,20.501253,18.726753,18.740755,20.146149,20.126497,19.48542,19.473465,19.289614,19.484999,4.0,0.0,0.0,4.0,0.0,0.0,0.0,0.0
40124,2023.0,10.0,6.0,15.0,20.50936,21.314465,20.05428,20.877645,20.149647,20.794844,19.828817,20.470509,20.039038,20.875553,18.720968,18.734928,20.108519,20.08937,20.441887,21.318634,19.022697,19.097723,4.0,4.0,4.0,0.0,0.0,0.0,4.0,0.0
40125,2023.0,10.0,6.0,15.0,20.095509,20.395748,20.017508,20.768528,20.335186,20.99301,19.483088,19.645645,19.42026,19.606165,18.714718,18.728798,20.07081,20.053005,19.946156,20.090992,19.73838,20.53706,0.0,4.0,0.0,0.0,0.0,0.0,0.0,4.0
40126,2023.0,10.0,6.0,15.0,20.454668,21.245672,19.491528,19.721506,20.358788,21.011639,19.25567,19.389656,19.100147,19.177397,18.708464,18.723072,20.036356,20.019707,19.61174,19.652933,20.039692,20.912136,0.0,4.0,0.0,0.0,0.0,0.0,0.0,0.0
40127,2023.0,10.0,6.0,15.0,20.044128,20.337006,19.551723,19.994827,19.84343,20.028572,19.19959,19.332891,19.653437,20.288904,18.701025,18.716425,20.005392,19.990429,19.527157,19.56327,19.352993,19.526863,4.0,0.0,0.0,4.0,0.0,0.0,0.0,0.0
40128,2023.0,10.0,6.0,16.0,20.528389,21.35434,20.059084,20.865334,20.254536,20.908873,19.783813,20.457745,20.02557,20.840885,18.692684,18.708752,19.979544,19.965788,19.485706,19.521994,19.098324,19.160637,4.0,4.0,4.0,4.0,0.0,0.0,0.0,0.0
40129,2023.0,10.0,6.0,16.0,20.069881,20.340862,20.016706,20.745644,19.843193,20.016836,19.986376,20.655321,20.023012,20.7863,18.681942,18.697273,19.951527,19.938484,19.406876,19.40479,18.982378,19.040104,0.0,0.0,4.0,0.0,0.0,0.0,0.0,0.0
40130,2023.0,10.0,6.0,16.0,20.439692,21.21555,19.845594,20.357567,19.567726,19.673098,20.02965,20.689133,19.425167,19.579977,18.67083,18.686007,19.923521,19.911007,19.350674,19.34482,18.85267,18.858515,4.0,0.0,4.0,0.0,0.0,0.0,0.0,0.0
40131,2023.0,10.0,6.0,16.0,19.967443,20.236876,20.031586,20.698679,20.1168,20.764486,19.50645,19.678032,19.194809,19.247515,18.659885,18.674376,19.898817,19.886509,19.315088,19.308798,18.779974,18.779583,4.0,4.0,0.0,0.0,0.0,0.0,0.0,0.0
40132,2023.0,10.0,6.0,16.0,19.730732,19.948399,20.020267,20.676546,19.742468,19.910538,19.260094,19.37631,19.04518,19.050718,18.647697,18.662193,20.639936,21.318794,19.280283,19.274925,18.720049,18.721203,0.0,0.0,0.0,0.0,0.0,4.0,0.0,0.0
40133,2023.0,10.0,6.0,16.0,20.273176,21.018482,19.544111,19.746546,20.088789,20.714888,19.79738,20.44375,18.948317,18.948887,18.992737,19.320522,20.896751,21.586655,20.255156,21.147352,18.668156,18.670721,0.0,4.0,4.0,0.0,4.0,4.0,4.0,0.0
40134,2023.0,10.0,6.0,17.0,20.444801,21.223986,19.317282,19.427757,20.21161,20.844242,19.394999,19.574348,18.890968,18.890213,20.145134,21.290659,20.958548,21.640142,19.651297,19.78973,18.628302,18.631117,0.0,4.0,0.0,0.0,0.0,4.0,0.0,0.0
40135,2023.0,10.0,6.0,17.0,20.503454,21.269213,19.596083,20.031025,20.240526,20.857994,19.718258,20.31681,18.83536,18.835384,19.349516,19.566933,20.353552,20.443983,19.327751,19.358812,19.481339,20.28026,4.0,4.0,4.0,0.0,0.0,0.0,0.0,4.0
40136,2023.0,10.0,6.0,17.0,19.964636,20.220818,20.063463,20.836214,20.266502,20.874523,19.87382,20.5058,18.791893,18.790977,18.999681,19.009624,20.131256,20.113462,20.240847,21.12112,20.07835,21.19742,0.0,4.0,4.0,0.0,0.0,0.0,4.0,0.0
40137,2023.0,10.0,6.0,17.0,20.32634,21.057795,19.86161,20.356125,19.751398,19.886683,19.385242,19.533722,19.453398,20.078993,19.250998,19.566837,20.037987,20.01303,19.700436,19.805876,19.210114,19.36904,4.0,0.0,0.0,4.0,4.0,0.0,0.0,0.0
40138,2023.0,10.0,6.0,17.0,19.857244,20.080603,20.032728,20.665375,20.155245,20.748383,19.183449,19.245392,20.083467,21.086855,20.115376,21.067488,19.976028,19.946253,19.452309,19.453848,18.914682,18.939991,4.0,4.0,0.0,0.0,0.0,0.0,0.0,0.0
40139,2023.0,10.0,6.0,17.0,20.250023,20.970089,20.002405,20.586123,20.291216,20.87426,19.098783,19.151546,19.904774,20.567583,19.395737,19.554413,19.92921,19.909098,19.35613,19.352654,18.780985,18.781294,4.0,4.0,0.0,4.0,0.0,0.0,0.0,0.0
40140,2023.0,10.0,6.0,18.0,20.43908,21.158525,20.006227,20.57785,20.298811,20.870806,19.699356,20.325535,20.019701,20.76617,19.385845,19.740631,20.647902,21.3164,20.255445,21.105223,19.582792,20.372393,4.0,4.0,4.0,4.0,4.0,4.0,4.0,4.0
40141,2023.0,10.0,6.0,18.0,21.077595,22.23202,20.02416,20.614632,21.102758,22.258938,21.160187,22.71566,20.027666,20.754068,20.095932,20.954155,21.047607,21.865614,21.06619,22.269203,20.058731,21.016882,0.0,4.0,4.0,0.0,0.0,0.0,4.0,0.0
40142,2023.0,10.0,6.0,18.0,20.998281,21.983664,19.868067,20.274767,21.000786,21.961115,20.999947,22.222782,19.371527,19.44478,19.401604,19.518263,21.022337,21.735384,21.032902,22.106396,19.231674,19.323742,4.0,4.0,4.0,0.0,0.0,0.0,0.0,0.0
40143,2023.0,10.0,6.0,18.0,21.035938,22.016294,20.038704,20.617018,21.038965,21.991291,21.017725,22.14312,19.027882,19.008791,19.024853,19.020973,21.023039,21.679976,21.030676,22.006645,18.834997,18.815987,4.0,0.0,4.0,0.0,0.0,0.0,0.0,0.0
40144,2023.0,10.0,6.0,18.0,21.017197,21.891436,20.042442,20.619036,21.026682,21.877028,21.083391,22.209759,18.921633,18.904367,18.912848,18.89813,21.045464,21.684937,21.071201,22.006971,18.73722,18.724554,0.0,4.0,0.0,0.0,0.0,0.0,0.0,0.0
40145,2023.0,10.0,6.0,18.0,21.03316,21.923994,19.50555,19.571281,21.03557,21.892677,21.004461,21.967213,19.609179,20.269947,18.847975,18.837679,21.01751,21.605377,20.993858,21.777575,18.674036,18.663649,0.0,0.0,4.0,4.0,0.0,0.0,4.0,0.0
40146,2023.0,10.0,6.0,19.0,20.99888,21.804344,19.620262,19.966494,21.004173,21.777954,21.042929,22.020233,20.061266,20.888233,19.179354,19.516161,21.0206,21.592707,21.041637,21.869392,18.61736,18.606266,4.0,4.0,0.0,0.0,4.0,0.0,0.0,0.0
40147,2023.0,10.0,6.0,19.0,21.006138,21.798237,20.04877,20.674606,21.010912,21.769855,21.00915,21.89497,19.919985,20.492891,20.123205,21.098383,21.020042,21.576847,21.030155,21.816471,18.57314,18.564709,4.0,4.0,4.0,4.0,0.0,0.0,0.0,0.0
40148,2023.0,10.0,6.0,19.0,21.004717,21.781652,20.019789,20.597126,21.01003,21.752674,21.040615,21.951792,20.016508,20.664902,19.365242,19.498447,21.170286,21.825886,21.030918,21.791296,18.535473,18.52897,0.0,4.0,0.0,4.0,0.0,4.0,0.0,0.0
40149,2023.0,10.0,6.0,19.0,21.004835,21.769325,19.47098,19.516247,21.035854,21.811039,21.03397,21.912281,19.997282,20.589397,18.961018,18.959719,21.004436,21.503721,21.030392,21.767809,18.502779,18.49736,0.0,0.0,0.0,4.0,0.0,0.0,0.0,0.0
40150,2023.0,10.0,6.0,19.0,21.004908,21.758001,19.212996,19.221088,21.029995,21.780973,21.034407,21.890127,20.030418,20.650766,18.85813,18.847239,21.080309,21.617764,21.025768,21.748224,19.363533,20.148327,0.0,0.0,0.0,0.0,0.0,4.0,0.0,4.0
40151,2023.0,10.0,6.0,19.0,21.03208,21.822546,19.119892,19.11838,21.029802,21.763329,21.028177,21.86828,20.015638,20.555302,18.791239,18.776857,21.015598,21.507984,21.025702,21.737936,20.098831,21.18276,0.0,0.0,0.0,4.0,0.0,0.0,0.0,0.0
40152,2023.0,10.0,6.0,20.0,20.998444,21.71921,19.054398,19.053843,20.999018,21.677029,21.00337,21.78855,20.028223,20.598446,19.10659,19.41444,21.02361,21.516378,21.025846,21.728628,19.147114,19.202856,0.0,4.0,4.0,0.0,4.0,0.0,0.0,0.0
40153,2023.0,10.0,6.0,20.0,21.004383,21.722235,18.99723,18.995117,21.009945,21.689627,21.03431,21.867159,19.417044,19.40198,20.128996,21.132088,21.099905,21.626343,21.025614,21.719097,19.581272,20.290962,0.0,4.0,0.0,0.0,0.0,4.0,0.0,4.0
40154,2023.0,10.0,6.0,20.0,21.003687,21.714838,19.382719,19.757555,21.008568,21.681116,21.007349,21.77346,19.800251,20.34098,19.355766,19.491367,21.124195,21.649279,21.025488,21.71032,20.064495,20.960817,4.0,4.0,4.0,4.0,0.0,4.0,0.0,0.0
40155,2023.0,10.0,6.0,20.0,21.031326,21.784101,20.066772,20.861855,21.034561,21.747562,21.012344,21.772604,20.001904,20.5527,18.936655,18.923946,21.012962,21.466648,21.025133,21.701834,19.224174,19.24498,4.0,0.0,4.0,4.0,0.0,0.0,0.0,0.0
40156,2023.0,10.0,6.0,20.0,20.996067,21.680653,19.997387,20.640034,21.028053,21.722609,21.038584,21.836983,20.009594,20.53652,18.835321,18.815155,21.119461,21.644316,21.267138,22.120644,18.847862,18.79462,4.0,0.0,0.0,4.0,0.0,4.0,4.0,0.0
40157,2023.0,10.0,6.0,20.0,21.03177,21.76642,20.029099,20.663445,21.00336,21.640713,21.005959,21.738396,20.02764,20.579144,18.779467,18.759163,21.012035,21.453007,20.99762,21.605494,19.725811,20.554739,0.0,4.0,4.0,0.0,0.0,0.0,0.0,4.0
40158,2023.0,10.0,6.0,21.0,21.024773,21.740377,19.779058,20.115263,21.034517,21.718529,21.037949,21.815035,19.420504,19.387596,19.075064,19.354052,21.119753,21.63337,21.032906,21.674536,20.033646,20.861074,4.0,0.0,0.0,0.0,4.0,4.0,0.0,0.0
40159,2023.0,10.0,6.0,21.0,21.024878,21.730272,20.048353,20.646626,21.002295,21.62478,21.031433,21.789263,19.125225,19.044737,20.137234,21.140223,21.010792,21.439219,21.02781,21.658562,20.013008,20.697624,4.0,4.0,0.0,0.0,0.0,0.0,0.0,4.0
40160,2023.0,10.0,6.0,21.0,21.01974,21.721348,20.002323,20.525105,21.034552,21.70607,21.0317,21.77673,19.735662,20.294672,19.66723,20.057518,21.023434,21.463417,21.027998,21.65223,20.03397,20.739136,4.0,0.0,0.0,4.0,4.0,0.0,0.0,0.0
40161,2023.0,10.0,6.0,21.0,21.020689,21.72179,20.008316,20.515472,21.0281,21.68442,21.025862,21.764633,20.03898,20.677334,20.07962,20.854908,21.125256,21.627407,21.02345,21.64557,19.293036,19.267889,4.0,0.0,0.0,0.0,4.0,4.0,0.0,0.0
40162,2023.0,10.0,6.0,21.0,21.020605,21.71887,20.025673,20.548342,21.028734,21.676228,21.02654,21.763184,20.004604,20.517427,20.004429,20.63055,21.154081,21.653961,21.288229,22.114433,19.86771,20.608637,0.0,0.0,0.0,4.0,4.0,4.0,4.0,4.0
40163,2023.0,10.0,6.0,21.0,21.020046,21.71577,19.47013,19.462334,21.022755,21.666756,21.000177,21.686737,20.030712,20.580349,20.0299,20.64271,21.008768,21.4118,21.24629,21.93672,20.02361,20.70832,0.0,0.0,4.0,0.0,0.0,0.0,4.0,0.0
40164,2023.0,10.0,6.0,22.0,21.020016,21.713076,19.161392,19.071175,21.023338,21.667646,21.031733,21.772161,19.419086,19.37441,19.702621,19.950459,21.126795,21.61663,21.006632,21.563452,19.298075,19.26602,0.0,0.0,0.0,0.0,4.0,4.0,0.0,0.0
40165,2023.0,10.0,6.0,22.0,21.02019,21.710516,19.117325,19.083954,21.02323,21.666025,21.031452,21.75533,19.112108,19.012497,20.085629,20.727293,21.008497,21.404724,21.031008,21.618723,18.96328,18.87924,0.0,0.0,0.0,0.0,0.0,0.0,0.0,0.0
40166,2023.0,10.0,6.0,22.0,21.0202,21.708292,19.077309,19.053566,21.023336,21.664352,21.031507,21.741636,19.062538,19.021633,19.70115,19.915733,21.023462,21.435387,21.027401,21.610304,19.74008,20.45849,0.0,0.0,0.0,0.0,4.0,0.0,0.0,4.0
40167,2023.0,10.0,6.0,22.0,21.020248,21.706594,19.023067,18.997225,21.023195,21.66183,21.024914,21.728954,19.013435,18.977962,20.077131,20.670813,21.02183,21.429647,21.027714,21.607224,20.035091,20.772812,0.0,0.0,0.0,0.0,4.0,0.0,0.0,0.0
40168,2023.0,10.0,6.0,22.0,21.020206,21.70463,18.97545,18.948132,21.023237,21.659369,21.02569,21.72845,18.95625,18.922562,20.021133,20.548445,21.267204,21.881845,21.022795,21.603214,19.257864,19.206778,0.0,0.0,0.0,0.0,0.0,4.0,0.0,0.0
40169,2023.0,10.0,6.0,22.0,21.020378,21.702715,18.93211,18.902205,21.023226,21.65644,21.025612,21.725613,18.90132,18.863611,19.492626,19.518286,20.989216,21.34161,21.02328,21.60658,19.718998,20.337059,0.0,0.0,0.0,0.0,0.0,0.0,0.0,4.0
40170,2023.0,10.0,6.0,23.0,21.041422,21.740828,18.889801,18.854445,21.047066,21.699268,21.051826,21.772797,18.851357,18.810411,19.18144,19.124516,21.04374,21.46007,21.047016,21.65329,20.063614,20.817314,0.0,0.0,0.0,0.0,0.0,0.0,0.0,0.0
40171,2023.0,10.0,6.0,23.0,20.494223,20.679333,18.860865,18.830343,20.437902,20.51751,20.379555,20.468725,18.81405,18.776403,19.082573,19.037487,20.465311,20.33507,20.40542,20.409111,19.3031,19.25555,0.0,0.0,0.0,0.0,0.0,0.0,0.0,0.0
40172,2023.0,10.0,6.0,23.0,20.259176,20.364096,18.83564,18.805807,20.144115,20.1005,20.062801,20.025599,18.783241,18.74507,19.351017,19.60459,20.363508,20.286865,20.160883,20.100384,19.045511,18.933636,0.0,0.0,0.0,0.0,4.0,0.0,0.0,0.0
40173,2023.0,10.0,6.0,23.0,20.15833,20.265694,18.813437,18.786287,20.024038,19.978714,19.932173,19.894367,18.756298,18.719576,19.09863,19.093582,21.057495,21.670208,20.04715,19.992075,19.010408,18.967403,0.0,0.0,0.0,0.0,0.0,4.0,0.0,0.0
40174,2023.0,10.0,6.0,23.0,20.077496,20.186127,18.792395,18.767092,19.931105,19.88646,19.830036,19.79318,18.731148,18.695097,18.966194,18.925835,20.407803,20.316322,19.953249,19.901154,18.956802,18.92447,0.0,0.0,0.0,0.0,0.0,0.0,0.0,0.0
40175,2023.0,10.0,6.0,23.0,20.009253,20.118843,18.772495,18.748947,19.853148,19.809597,19.74423,19.708683,19.290522,19.76698,18.908228,18.866283,20.169266,19.998255,19.873344,19.823845,18.898787,18.866446,0.0,0.0,0.0,4.0,0.0,0.0,0.0,0.0
40176,2023.0,10.0,7.0,0.0,19.957506,20.075626,18.753689,18.731848,19.78533,19.743208,19.669678,19.635712,18.904287,18.906935,18.859013,18.817434,20.087107,19.920094,19.803701,19.756535,18.84775,18.81566,0.0,0.0,0.0,0.0,0.0,0.0,0.0,0.0
40177,2023.0,10.0,7.0,0.0,19.918896,20.048866,18.735292,18.714542,19.725817,19.68602,19.604534,19.573168,18.77698,18.743586,18.816948,18.776089,20.111197,20.039803,20.660646,21.42522,18.803148,18.771711,0.0,0.0,0.0,0.0,0.0,0.0,4.0,0.0
40178,2023.0,10.0,7.0,0.0,19.87274,20.001766,18.716896,18.696579,19.670769,19.63179,19.544289,19.513937,18.73954,18.705023,19.066738,19.27539,20.781338,21.33876,19.949745,19.900276,18.76235,18.730646,0.0,0.0,0.0,0.0,4.0,4.0,0.0,0.0
40179,2023.0,10.0,7.0,0.0,19.829712,19.957893,18.699152,18.679073,19.620695,19.582182,19.489296,19.459673,18.708801,18.673685,18.873844,18.866776,20.199265,20.109358,19.692616,19.55969,18.725422,18.69331,0.0,0.0,0.0,0.0,0.0,0.0,0.0,0.0
40180,2023.0,10.0,7.0,0.0,19.787642,19.912706,18.680664,18.659218,19.571392,19.529871,19.435234,19.402489,18.681799,18.644724,18.76688,18.72244,19.990522,19.821705,19.60009,19.463451,18.690325,18.656233,0.0,0.0,0.0,0.0,0.0,0.0,0.0,0.0
40181,2023.0,10.0,7.0,0.0,19.753387,19.880413,18.665897,18.646255,19.53287,19.495861,19.393257,19.36548,18.660604,18.624733,18.732203,18.69046,19.930635,19.768614,19.608637,19.552261,19.389269,19.998735,0.0,0.0,0.0,0.0,0.0,0.0,0.0,4.0
40182,2023.0,10.0,7.0,1.0,19.718605,19.84479,18.64988,18.630356,19.493298,19.456898,19.350548,19.323326,18.639927,18.603653,18.698673,18.656467,19.967457,19.898287,19.577826,19.528168,18.904444,18.926222,0.0,0.0,0.0,0.0,0.0,0.0,0.0,0.0
40183,2023.0,10.0,7.0,1.0,19.684196,19.8078,18.632637,18.611586,19.453545,19.414959,19.308062,19.278318,18.619701,18.58192,18.667107,18.622448,19.950703,19.88725,19.534407,19.482918,18.683718,18.592993,0.0,0.0,0.0,0.0,0.0,0.0,0.0,0.0
40184,2023.0,10.0,7.0,1.0,19.655413,19.780106,18.618505,18.598688,19.421606,19.38633,19.274063,19.24773,19.185017,19.659512,18.641823,18.598639,19.921326,19.859272,19.497334,19.447453,18.621016,18.530453,0.0,0.0,0.0,4.0,0.0,0.0,0.0,0.0
40185,2023.0,10.0,7.0,1.0,19.626272,19.749884,18.603172,18.582966,19.38863,19.353527,19.238924,19.212711,18.803917,18.807837,18.616379,18.572512,19.89179,19.829168,19.46078,19.41038,18.627432,18.590837,0.0,0.0,0.0,0.0,0.0,0.0,0.0,0.0
40186,2023.0,10.0,7.0,1.0,19.598,19.719599,18.587132,18.565434,19.35566,19.318888,19.203781,19.175766,18.614632,18.51295,18.591372,18.545692,19.862776,19.798592,19.425697,19.373781,18.605885,18.569708,0.0,0.0,0.0,0.0,0.0,0.0,0.0,0.0
40187,2023.0,10.0,7.0,1.0,19.5725,19.693502,18.572609,18.550625,19.32645,19.290127,19.172693,19.145147,18.628088,18.59087,18.569122,18.523066,19.836618,19.772184,19.394087,19.342001,18.57957,18.543016,0.0,0.0,0.0,0.0,0.0,0.0,0.0,0.0
40188,2023.0,10.0,7.0,2.0,19.548876,19.670156,19.017416,19.39758,19.300531,19.266466,19.145168,19.120012,18.607521,18.568169,18.549253,18.504026,19.812935,19.749355,19.365473,19.314322,18.556145,18.52019,4.0,0.0,0.0,0.0,0.0,0.0,0.0,0.0
40189,2023.0,10.0,7.0,2.0,19.524147,19.643747,18.741646,18.7809,19.273026,19.238298,19.116058,19.09023,18.584831,18.544239,18.528543,18.482111,19.78855,19.723894,19.336603,19.284487,18.532524,18.49548,0.0,0.0,0.0,0.0,0.0,0.0,0.0,0.0
40190,2023.0,10.0,7.0,2.0,19.49979,19.617264,18.614836,18.58871,19.245361,19.208752,19.086868,19.05909,18.56336,18.521053,18.508148,18.459826,19.764462,19.698145,19.30848,19.254904,18.509659,18.471083,0.0,0.0,0.0,0.0,0.0,0.0,0.0,0.0
40191,2023.0,10.0,7.0,2.0,19.477211,19.593422,18.583256,18.555788,19.220259,19.183205,19.060453,19.032244,18.543858,18.500637,18.489225,18.439943,19.74196,19.674809,19.282307,19.228052,18.488562,18.449156,0.0,0.0,0.0,0.0,0.0,0.0,0.0,0.0
40192,2023.0,10.0,7.0,2.0,19.45516,19.570002,18.558374,18.530096,19.19595,19.158413,19.034939,19.006254,18.52511,18.480963,18.470444,18.420172,19.720001,19.652014,19.257011,19.202065,18.468266,18.42802,0.0,0.0,0.0,0.0,0.0,0.0,0.0,0.0
40193,2023.0,10.0,7.0,2.0,19.433702,19.547163,18.537535,18.508373,19.172398,19.134325,19.01028,18.981071,18.506956,18.461876,18.451813,18.400528,19.698513,19.629684,19.2325,19.176847,18.448658,18.40757,0.0,0.0,0.0,0.0,0.0,0.0,0.0,0.0
40194,2023.0,10.0,7.0,3.0,19.41279,19.524864,18.518406,18.488297,19.149529,19.110876,18.9864,18.956615,18.489285,18.443264,18.43333,18.381021,19.677427,19.607756,19.208672,19.152304,18.429642,18.387701,0.0,0.0,0.0,0.0,0.0,0.0,0.0,0.0
40195,2023.0,10.0,7.0,3.0,19.393711,19.505812,18.50254,18.473587,19.129385,19.092329,18.965425,18.93731,18.47328,18.42764,18.416588,18.364895,19.65812,19.589071,19.186783,19.131102,19.14017,19.740847,0.0,0.0,0.0,0.0,0.0,0.0,0.0,4.0
40196,2023.0,10.0,7.0,3.0,19.373724,19.484474,18.485645,18.455858,19.10788,19.070305,18.943233,18.914509,18.456572,18.410128,18.693945,18.89791,19.637886,19.56809,19.164232,19.107891,18.666819,18.683472,0.0,0.0,0.0,0.0,4.0,0.0,0.0,0.0
40197,2023.0,10.0,7.0,3.0,19.353401,19.461958,18.468157,18.436092,19.085442,19.045794,18.920397,18.889389,18.439445,18.391388,18.842266,19.109945,19.617067,19.545574,19.14138,19.083504,18.440733,18.32722,0.0,0.0,0.0,0.0,4.0,0.0,0.0,0.0
40198,2023.0,10.0,7.0,3.0,19.334764,19.442337,18.453033,18.420107,19.065176,19.025106,18.900003,18.868383,18.423594,18.37486,18.891575,19.158504,19.597664,19.525562,19.120066,19.061682,18.378578,18.262724,0.0,0.0,0.0,0.0,4.0,0.0,0.0,0.0
40199,2023.0,10.0,7.0,3.0,19.316336,19.422758,18.438622,18.404715,19.04534,19.004818,18.88013,18.847878,18.408047,18.358639,18.800163,18.937155,19.578564,19.505856,19.099218,19.040325,18.411757,18.372356,0.0,0.0,0.0,0.0,4.0,0.0,0.0,0.0
40200,2023.0,10.0,7.0,4.0,19.298635,19.404343,18.425709,18.391737,19.026976,18.98707,18.861784,18.829998,18.393312,18.34379,18.481134,18.341248,19.560383,19.48772,19.079353,19.020525,18.392302,18.346872,0.0,0.0,0.0,0.0,0.0,0.0,0.0,0.0
40201,2023.0,10.0,7.0,4.0,19.280754,19.385357,18.411999,18.377024,19.007933,18.967613,18.842737,18.810425,18.960571,19.42208,18.37155,18.216364,19.54183,19.468607,19.059362,19.000107,18.37062,18.324574,0.0,0.0,0.0,4.0,0.0,0.0,0.0,0.0
40202,2023.0,10.0,7.0,4.0,19.262661,19.365568,18.397547,18.361107,18.988377,18.946922,18.823061,18.789574,18.5815,18.573126,18.405872,18.337862,19.522827,19.44848,19.03905,18.978817,18.34962,18.302452,0.0,0.0,0.0,0.0,0.0,0.0,0.0,0.0
40203,2023.0,10.0,7.0,4.0,19.244446,19.345083,18.381834,18.34289,18.967794,18.92398,18.802244,18.766392,18.455112,18.401222,18.397253,18.335573,19.503216,19.42702,19.018332,18.956495,18.328691,18.279768,0.0,0.0,0.0,0.0,0.0,0.0,0.0,0.0
40204,2023.0,10.0,7.0,4.0,19.237389,19.34674,18.368847,18.330185,18.950459,18.907345,18.784693,18.749577,18.423792,18.371021,18.373207,18.312412,19.48573,19.40971,18.99962,18.938005,19.037907,19.631023,0.0,0.0,0.0,0.0,0.0,0.0,0.0,4.0
40205,2023.0,10.0,7.0,4.0,19.230608,19.345469,18.354244,18.314247,18.931477,18.887217,18.765627,18.729313,18.395445,18.341276,18.347849,18.28575,19.46709,19.38999,18.979929,18.917376,18.563713,18.573406,0.0,0.0,0.0,0.0,0.0,0.0,0.0,0.0
40206,2023.0,10.0,7.0,5.0,19.214771,19.327427,18.338308,18.29565,18.911217,18.86436,18.745481,18.70646,18.370089,18.313375,18.32184,18.256943,19.44761,19.368513,18.959558,18.895266,18.326052,18.19406,0.0,0.0,0.0,0.0,0.0,0.0,0.0,0.0
40207,2023.0,10.0,7.0,5.0,19.199219,19.310398,18.323717,18.27977,18.892563,18.844616,18.726948,18.686758,18.34807,18.290354,18.298437,18.23244,19.42919,19.349096,18.940178,18.87504,18.260204,18.126253,0.0,0.0,0.0,0.0,0.0,0.0,0.0,0.0
40208,2023.0,10.0,7.0,5.0,19.183962,19.294262,18.310621,18.266909,18.875647,18.828247,18.710024,18.670374,18.328695,18.27127,18.277504,18.21212,20.133713,20.696554,18.921892,18.856926,18.294823,18.24126,0.0,0.0,0.0,0.0,0.0,4.0,0.0,0.0
40209,2023.0,10.0,7.0,5.0,19.167519,19.276005,18.295876,18.250746,18.85711,18.808413,18.691277,18.650415,18.30874,18.25014,18.255354,18.188694,19.652452,19.64389,18.902544,18.83662,18.282837,18.229334,0.0,0.0,0.0,0.0,0.0,0.0,0.0,0.0
40210,2023.0,10.0,7.0,5.0,19.151367,19.258322,18.726997,19.069025,19.52008,20.068665,19.358208,19.91857,18.289711,18.230188,18.525074,18.709686,20.068317,20.479658,18.883484,18.81682,18.260042,18.205421,4.0,4.0,4.0,0.0,4.0,4.0,0.0,0.0
40211,2023.0,10.0,7.0,5.0,19.81255,20.510977,18.490417,18.529718,19.713867,20.276722,18.961475,19.020016,18.271154,18.2106,18.344372,18.3105,20.236996,20.697529,18.864676,18.79717,18.966372,19.552538,0.0,4.0,0.0,0.0,0.0,4.0,0.0,4.0
40212,2023.0,10.0,7.0,6.0,20.015852,20.740198,18.347015,18.304174,19.072725,18.990513,18.649445,18.489325,18.253414,18.19184,18.252851,18.183586,19.608635,19.454437,18.846785,18.778463,18.40405,18.319334,0.0,0.0,0.0,0.0,0.0,0.0,0.0,0.0
40213,2023.0,10.0,7.0,6.0,21.171793,22.703314,18.742378,19.067894,21.236916,22.911905,21.24942,23.143036,18.23681,18.174257,18.51237,18.6906,21.21237,22.334938,21.546204,23.462484,18.992712,19.535818,4.0,0.0,0.0,0.0,4.0,4.0,4.0,4.0
40214,2023.0,10.0,7.0,6.0,21.023108,22.226854,20.156008,21.433247,20.990221,22.173725,20.979282,22.327232,18.826824,19.299278,20.196398,21.555819,21.024384,21.905928,21.016724,22.277275,20.334034,21.73527,4.0,4.0,4.0,4.0,4.0,0.0,0.0,4.0
40215,2023.0,10.0,7.0,6.0,21.014137,22.06835,20.022387,21.002863,21.052263,22.175072,21.0575,22.325165,20.161951,21.467943,20.009182,21.009678,21.005753,21.75155,21.005869,22.068594,19.994987,20.906752,0.0,0.0,0.0,0.0,0.0,4.0,4.0,4.0
40216,2023.0,10.0,7.0,6.0,21.015875,21.99533,19.074528,19.060663,21.016024,21.98258,21.019335,22.10747,19.106543,19.211018,19.173882,19.272217,21.008251,21.692131,21.008333,21.969751,20.008526,20.834358,0.0,4.0,4.0,0.0,0.0,4.0,4.0,4.0
40217,2023.0,10.0,7.0,6.0,21.013636,21.938211,18.974466,19.157501,21.019745,21.923454,21.04924,22.10566,18.592772,18.527874,19.034662,19.257122,21.006153,21.641792,21.005003,21.891422,20.039053,20.84869,4.0,4.0,0.0,0.0,4.0,4.0,4.0,0.0
40218,2023.0,10.0,7.0,7.0,21.014757,21.90177,20.149658,21.183622,21.020206,21.876488,21.017687,21.95887,19.102884,19.572393,20.137564,21.16303,21.006868,21.608397,21.006565,21.841734,19.109758,18.99365,4.0,4.0,4.0,4.0,4.0,4.0,4.0,0.0
40219,2023.0,10.0,7.0,7.0,21.04162,21.944937,20.003008,20.781485,21.01893,21.83839,21.048235,21.996904,20.136,21.230307,20.00697,20.777208,21.00575,21.579838,21.045755,21.908113,18.685415,18.501957,4.0,4.0,0.0,0.0,4.0,4.0,0.0,0.0
40220,2023.0,10.0,7.0,7.0,21.006865,21.825632,20.039503,20.796309,21.044247,21.881264,21.041288,21.9456,19.640005,20.068605,20.039288,20.770899,21.036077,21.638138,20.996017,21.74028,18.555075,18.37555,0.0,0.0,0.0,4.0,0.0,0.0,4.0,0.0
40221,2023.0,10.0,7.0,7.0,21.012901,21.819107,19.20564,19.13858,21.012266,21.769386,21.015642,21.844746,20.104864,20.996279,19.502407,19.652708,20.999413,21.520658,21.004461,21.732985,18.574272,18.506832,0.0,4.0,4.0,0.0,4.0,4.0,4.0,0.0
40222,2023.0,10.0,7.0,7.0,21.011751,21.80349,19.307087,19.617434,21.043612,21.83394,21.046236,21.908253,19.752323,20.17617,20.134619,20.910536,21.004665,21.518702,21.043858,21.822273,18.549257,18.487904,4.0,0.0,0.0,4.0,0.0,4.0,0.0,0.0
40223,2023.0,10.0,7.0,7.0,21.011816,21.791885,20.10444,20.981379,21.036606,21.800192,21.03941,21.87549,20.085833,20.858492,19.546028,19.684032,21.034569,21.58737,21.03513,21.780006,18.500023,18.440527,0.0,0.0,0.0,0.0,4.0,0.0,0.0,0.0
40224,2023.0,10.0,7.0,8.0,21.010984,21.781347,19.360775,19.45941,21.036963,21.783545,21.030916,21.859118,19.205027,19.09156,20.125183,20.857887,20.99816,21.477926,20.994751,21.648577,19.345732,20.076988,0.0,0.0,0.0,0.0,0.0,4.0,4.0,4.0
40225,2023.0,10.0,7.0,8.0,20.189213,20.226145,18.933102,18.893959,20.307724,20.383556,20.762415,21.31089,18.791508,18.613829,19.290262,19.188036,20.268297,20.097006,20.098356,19.95897,20.092773,21.139048,0.0,0.0,4.0,0.0,0.0,0.0,0.0,0.0
40226,2023.0,10.0,7.0,8.0,19.759598,19.698967,18.807816,18.752039,19.869678,19.823616,19.936687,19.85319,18.766,18.68845,18.964798,18.879663,19.935663,19.707253,19.678461,19.482555,19.082197,19.043161,0.0,0.0,0.0,0.0,0.0,0.0,0.0,0.0
40227,2023.0,10.0,7.0,8.0,19.620348,19.545446,18.7385,18.6755,19.71266,19.633577,19.552853,19.312254,18.738396,18.677477,18.899406,18.821598,19.83077,19.599014,19.539087,19.336931,18.7363,18.573956,0.0,0.0,0.0,0.0,0.0,0.0,0.0,0.0
40228,2023.0,10.0,7.0,8.0,19.688736,19.77946,18.6872,18.628918,19.616018,19.5421,19.565096,19.493713,18.692894,18.636015,18.83843,18.765583,19.899992,19.81651,19.562933,19.48734,18.736418,18.678534,0.0,0.0,0.0,0.0,0.0,0.0,0.0,0.0
40229,2023.0,10.0,7.0,8.0,19.643436,19.739977,18.643448,18.58992,19.5344,19.465788,19.480484,19.416512,18.653833,18.600094,18.786581,18.717802,19.872543,19.795115,19.513746,19.44417,18.688332,18.63543,0.0,0.0,0.0,0.0,0.0,0.0,0.0,0.0
40230,2023.0,10.0,7.0,9.0,19.594574,19.69725,19.064089,19.418371,19.467554,19.40875,19.404648,19.35162,18.62159,18.572128,18.7451,18.682505,19.837456,19.765669,19.462057,19.398659,18.6449,18.597187,4.0,0.0,0.0,0.0,0.0,0.0,0.0,0.0
40231,2023.0,10.0,7.0,9.0,19.548845,19.656954,20.141851,21.267197,19.405754,19.353323,20.004145,20.546705,18.593721,18.54713,18.708294,18.648949,19.805262,19.737259,19.414816,19.355698,18.60745,18.563276,0.0,0.0,4.0,0.0,0.0,0.0,0.0,0.0
40232,2023.0,10.0,7.0,9.0,19.50109,19.615063,19.310358,19.497887,19.34169,19.296097,19.544098,19.520401,18.566824,18.523323,18.67392,18.619036,19.772978,19.708591,19.366665,19.311495,18.571573,18.530722,0.0,0.0,0.0,0.0,0.0,0.0,0.0,0.0
40233,2023.0,10.0,7.0,9.0,19.46418,19.582333,19.35489,19.710283,19.293768,19.252602,19.269272,19.13302,18.549515,18.507744,18.653488,18.60093,20.500761,21.111687,20.333712,21.172565,19.436037,20.18626,4.0,0.0,0.0,0.0,0.0,4.0,4.0,4.0
40234,2023.0,10.0,7.0,9.0,19.428679,19.550484,20.108084,21.02629,19.249899,19.214228,19.804283,20.224796,18.53518,18.495394,18.636562,18.586687,19.927933,19.865835,19.613209,19.583437,20.086983,21.174103,0.0,0.0,4.0,0.0,0.0,0.0,0.0,0.0
40235,2023.0,10.0,7.0,9.0,19.403303,19.539646,19.304602,19.3781,19.2053,19.175676,19.453571,19.443462,18.5222,18.48454,18.621716,18.57495,19.658464,19.51885,19.26857,19.160433,19.137976,19.168598,0.0,0.0,0.0,0.0,0.0,0.0,0.0,0.0
40236,2023.0,10.0,7.0,10.0,20.059654,20.79758,19.017984,18.996986,19.170624,19.145294,19.86747,20.327148,18.515055,18.478792,18.614872,18.570105,19.619787,19.47995,19.211536,19.101131,18.834204,18.741367,0.0,0.0,4.0,0.0,0.0,0.0,0.0,0.0
40237,2023.0,10.0,7.0,10.0,19.623898,19.84278,18.934309,18.922573,19.139458,19.12041,19.421228,19.422163,18.510845,18.476788,18.610914,18.569147,19.672386,19.607843,19.186207,19.084755,18.798248,18.751165,0.0,0.0,0.0,0.0,0.0,0.0,0.0,0.0
40238,2023.0,10.0,7.0,10.0,19.397282,19.489103,18.866056,18.860632,19.786385,20.366684,19.848572,20.328587,18.509567,18.477495,18.609486,18.57032,20.45258,21.090366,19.211195,19.161806,18.76146,18.722355,0.0,4.0,4.0,0.0,0.0,4.0,0.0,0.0
40239,2023.0,10.0,7.0,10.0,20.013142,20.70058,18.811245,18.811317,19.398678,19.505304,19.973164,20.480162,18.510136,18.479818,18.61003,18.573095,19.916206,19.904196,19.211016,19.17007,18.72803,18.69178,0.0,0.0,4.0,0.0,0.0,0.0,0.0,0.0
40240,2023.0,10.0,7.0,10.0,20.156408,20.840666,18.765553,18.771597,19.158388,19.125029,20.007895,20.520008,18.512344,18.48349,18.61262,18.57753,19.740026,19.636005,20.212574,21.07323,18.702179,18.668573,0.0,0.0,4.0,0.0,0.0,0.0,4.0,0.0
40241,2023.0,10.0,7.0,10.0,19.632027,19.811316,18.725885,18.737265,19.094198,19.058952,19.499704,19.552118,18.516539,18.489037,18.617056,18.583658,19.713112,19.613451,19.568647,19.61698,18.681969,18.65053,0.0,0.0,0.0,0.0,0.0,0.0,0.0,0.0
40242,2023.0,10.0,7.0,11.0,19.449934,19.56633,18.688646,18.702545,19.090107,19.094725,19.27637,19.242352,18.522705,18.496992,18.62356,18.592348,19.745363,19.69776,19.333324,19.264439,18.66526,18.635017,0.0,0.0,0.0,0.0,0.0,0.0,0.0,0.0
40243,2023.0,10.0,7.0,11.0,19.404709,19.539412,18.661358,18.68345,19.06869,19.080706,19.851053,20.393225,18.52869,18.503931,18.630121,18.599958,20.521084,21.17315,19.296453,19.238598,18.653399,18.626022,0.0,0.0,4.0,0.0,0.0,4.0,0.0,0.0
40244,2023.0,10.0,7.0,11.0,19.36985,19.514381,18.635118,18.662697,19.046587,19.063877,19.44408,19.535698,18.535727,18.512445,19.005991,19.29994,20.02062,20.063133,19.275,19.225962,18.643528,18.618118,0.0,0.0,0.0,0.0,4.0,0.0,0.0,0.0
40245,2023.0,10.0,7.0,11.0,19.359207,19.52808,19.049528,19.463434,19.69843,20.310472,19.88092,20.446941,18.543419,18.521637,20.141628,21.225664,19.845541,19.784164,19.268599,19.232874,18.636557,18.61312,4.0,4.0,4.0,0.0,0.0,0.0,0.0,0.0
40246,2023.0,10.0,7.0,11.0,20.01189,20.776636,20.114185,21.220922,19.388445,19.523872,19.522007,19.634155,18.55262,18.532513,19.39527,19.584309,19.812634,19.75558,19.259104,19.226871,18.63084,18.609522,4.0,0.0,0.0,0.0,0.0,0.0,0.0,0.0
40247,2023.0,10.0,7.0,11.0,19.637632,19.86207,19.996944,20.863441,19.138805,19.19665,19.267115,19.319118,18.564272,18.546015,18.982761,18.97981,19.812883,19.772446,19.24928,19.219131,18.626976,18.607641,4.0,0.0,0.0,0.0,0.0,0.0,0.0,0.0
40248,2023.0,10.0,7.0,12.0,19.419836,19.605648,20.011368,20.812424,19.094805,19.157701,19.850643,20.47665,18.57703,18.560766,18.91375,18.890373,19.810902,19.774477,19.24188,19.213766,18.625086,18.607742,4.0,0.0,4.0,0.0,0.0,0.0,0.0,0.0
40249,2023.0,10.0,7.0,12.0,21.236446,22.82822,20.026724,20.804056,21.218048,22.925962,21.167437,22.654512,18.590418,18.576216,18.90049,18.878225,21.16677,22.205143,21.305174,22.814535,18.625546,18.610264,0.0,4.0,0.0,0.0,0.0,0.0,0.0,0.0
40250,2023.0,10.0,7.0,12.0,20.999508,22.196915,19.43516,19.622974,21.010872,22.308598,21.015776,22.195087,18.606148,18.594036,18.897882,18.877787,21.00573,21.76947,20.999062,22.083685,18.629736,18.616585,0.0,0.0,0.0,0.0,0.0,0.0,0.0,0.0
40251,2023.0,10.0,7.0,12.0,21.022831,22.109,19.13318,19.249014,21.082394,22.294525,21.076468,22.204647,18.623447,18.614355,18.900484,18.883476,21.046673,21.755684,21.06838,22.082891,18.636978,18.626516,0.0,0.0,0.0,0.0,0.0,0.0,0.0,0.0
40252,2023.0,10.0,7.0,12.0,21.064787,22.15623,18.994207,19.05773,21.031519,22.055624,21.068281,22.108698,18.640589,18.63399,18.905704,18.891808,21.041433,21.673557,21.060965,21.96237,18.645802,18.637985,0.0,4.0,0.0,0.0,0.0,0.0,0.0,0.0
40253,2023.0,10.0,7.0,12.0,21.021923,22.021591,19.378546,19.848791,21.035078,22.049274,20.999403,21.921303,18.657236,18.652695,18.912146,18.900965,21.013739,21.582209,21.01965,21.831766,18.655468,18.650225,4.0,0.0,4.0,0.0,0.0,0.0,0.0,0.0
40254,2023.0,10.0,7.0,13.0,21.026604,21.994768,20.09511,21.035862,21.02939,21.990288,21.010513,21.915201,18.675058,18.673977,18.921434,18.914377,21.015781,21.552645,21.023521,21.792213,18.666346,18.66431,0.0,0.0,4.0,0.0,0.0,0.0,0.0,0.0
40255,2023.0,10.0,7.0,13.0,21.024553,21.964727,19.429138,19.649633,21.029022,21.952248,21.034494,21.963419,18.691095,18.692139,19.300114,19.620108,21.01526,21.52584,21.022442,21.754076,18.676435,18.676888,0.0,0.0,0.0,0.0,4.0,0.0,0.0,0.0
40256,2023.0,10.0,7.0,13.0,21.024452,21.943209,19.071543,19.176796,21.027336,21.921198,21.028242,21.92914,18.706911,18.711079,20.08477,20.91554,21.01474,21.504974,21.021776,21.724968,18.686653,18.69017,0.0,0.0,0.0,0.0,0.0,0.0,0.0,0.0
40257,2023.0,10.0,7.0,13.0,21.024065,21.924904,19.419455,19.900667,21.026932,21.897911,21.027826,21.909096,18.72213,18.72968,19.523914,19.698307,21.01428,21.488552,21.021612,21.702608,18.696672,18.703465,4.0,0.0,0.0,0.0,0.0,0.0,0.0,0.0
40258,2023.0,10.0,7.0,13.0,20.995888,21.834435,20.087816,21.00321,21.00031,21.80653,21.026964,21.891804,18.736874,18.747946,19.214073,19.240324,21.013851,21.475193,21.020756,21.683174,18.706364,18.716398,0.0,4.0,0.0,0.0,0.0,0.0,0.0,0.0
40259,2023.0,10.0,7.0,13.0,21.028366,21.915821,19.515835,19.8079,21.005516,21.808517,21.026554,21.877886,18.75162,18.766027,19.154274,19.166628,21.013723,21.463465,21.02054,21.667763,18.716164,18.729504,0.0,4.0,0.0,0.0,0.0,0.0,0.0,0.0
40260,2023.0,10.0,7.0,14.0,21.044867,21.935558,19.244682,19.463942,21.051975,21.920502,21.054377,21.919363,18.76717,18.785904,19.13974,19.15347,21.029322,21.482775,21.042158,21.695013,18.72669,18.743793,0.0,0.0,0.0,0.0,0.0,0.0,0.0,0.0
40261,2023.0,10.0,7.0,14.0,20.474354,20.824308,19.098246,19.23048,20.411768,20.662138,20.35483,20.555313,18.779339,18.799292,19.133707,19.150352,20.61922,20.677164,20.47591,20.585644,18.735126,18.753756,0.0,0.0,0.0,0.0,0.0,0.0,0.0,0.0
40262,2023.0,10.0,7.0,14.0,20.867453,21.685425,19.020647,19.132431,20.151999,20.317638,20.046593,20.135359,18.791319,18.813894,19.132504,19.151434,20.47093,20.464745,20.23222,20.22821,18.74359,18.764643,0.0,0.0,0.0,0.0,0.0,0.0,0.0,0.0
40263,2023.0,10.0,7.0,14.0,20.392496,20.736654,18.979918,19.093895,19.96768,20.056753,19.917837,20.004496,18.802723,18.82762,19.132483,19.154192,20.419155,20.413742,20.13054,20.122335,18.751213,18.774452,0.0,0.0,0.0,0.0,0.0,0.0,0.0,0.0
40264,2023.0,10.0,7.0,14.0,20.220549,20.530182,18.949554,19.067812,20.509956,21.163902,19.82393,19.915257,18.813717,18.840803,19.133512,19.158003,21.131454,21.804152,20.06132,20.056124,18.75789,18.783173,0.0,4.0,0.0,0.0,0.0,4.0,0.0,0.0
40265,2023.0,10.0,7.0,14.0,20.768818,21.626179,18.924112,19.046,20.151894,20.411945,19.745943,19.840399,18.824373,18.854074,19.135614,19.164227,20.718527,20.908958,20.004807,20.002214,18.764114,18.791708,0.0,0.0,0.0,0.0,0.0,0.0,0.0,0.0
40266,2023.0,10.0,7.0,15.0,20.330774,20.71298,18.903355,19.029308,19.982386,20.188152,19.681261,19.780075,19.542904,20.202715,19.52195,19.889687,20.549208,20.644241,19.95854,19.959614,18.76977,18.799738,0.0,0.0,0.0,4.0,4.0,0.0,0.0,0.0
40267,2023.0,10.0,7.0,15.0,20.153927,20.476122,18.882881,19.009459,19.91624,20.121834,19.621645,19.720497,20.071892,21.004868,20.06608,20.80271,20.502537,20.591557,19.915707,19.917463,18.772898,18.803333,0.0,0.0,0.0,0.0,0.0,0.0,0.0,0.0
40268,2023.0,10.0,7.0,15.0,20.082453,20.408733,18.862804,18.990858,19.761948,19.874283,20.215319,20.88983,19.523737,19.811623,19.607727,19.813004,20.392874,20.40866,20.860437,21.744905,18.77482,18.805435,0.0,0.0,4.0,0.0,0.0,0.0,4.0,0.0
40269,2023.0,10.0,7.0,15.0,19.958637,20.206512,18.847956,18.975878,19.67636,19.768509,19.81423,20.012491,19.33065,19.500599,19.385809,19.439976,20.340117,20.344528,20.324295,20.54315,18.776031,18.807156,0.0,0.0,0.0,0.0,0.0,0.0,0.0,0.0
40270,2023.0,10.0,7.0,15.0,20.552317,21.371428,18.834333,18.962141,20.292322,20.971992,20.346596,21.113098,19.93803,20.65604,19.328487,19.365582,20.308475,20.31416,20.104229,20.209276,18.77733,18.809181,0.0,4.0,4.0,4.0,0.0,0.0,0.0,0.0
40271,2023.0,10.0,7.0,15.0,20.75591,21.63712,19.22524,19.70089,19.877176,20.068588,20.478556,21.229834,20.010044,20.703583,19.6887,20.065588,20.281092,20.288492,20.04672,20.148628,18.778288,18.811138,4.0,0.0,4.0,0.0,4.0,0.0,0.0,0.0
40272,2023.0,10.0,7.0,16.0,20.25992,20.633715,20.113337,21.159916,19.72757,19.945818,19.97771,20.247711,19.599756,19.845459,20.021193,20.567375,20.253109,20.263165,20.005869,20.111927,18.779352,18.813465,0.0,0.0,0.0,0.0,4.0,0.0,0.0,0.0
40273,2023.0,10.0,7.0,16.0,20.641233,21.485954,19.431368,19.70177,19.70825,19.928154,20.321924,21.028465,19.400894,19.573603,20.008766,20.519606,20.226538,20.23791,20.944687,21.907425,18.778273,18.812626,0.0,0.0,4.0,0.0,0.0,0.0,4.0,0.0
40274,2023.0,10.0,7.0,16.0,20.277813,20.651047,19.45599,19.928526,20.193907,20.846302,19.992887,20.270535,19.232393,19.27941,19.770803,20.032574,20.201332,20.213812,20.430635,20.654724,19.662968,20.485847,4.0,4.0,0.0,0.0,0.0,0.0,0.0,4.0
40275,2023.0,10.0,7.0,16.0,20.72814,21.583113,20.068499,20.956205,20.4141,21.151186,20.41469,21.144674,19.16511,19.19566,19.647251,19.834867,20.180067,20.193296,20.169315,20.270355,20.046495,21.013239,4.0,4.0,4.0,0.0,0.0,0.0,0.0,0.0
40276,2023.0,10.0,7.0,16.0,20.330038,20.686117,19.992773,20.729256,19.966301,20.233814,20.579943,21.305067,19.12965,19.161398,19.482674,19.546892,20.158192,20.172804,20.07694,20.172998,19.423897,19.67191,4.0,0.0,4.0,0.0,0.0,0.0,0.0,0.0
40277,2023.0,10.0,7.0,16.0,20.706478,21.545061,20.002296,20.698391,20.316301,21.01134,20.613012,21.33111,19.098919,19.131495,19.770552,20.144098,20.136381,20.152227,20.01859,20.113956,20.055796,21.005316,4.0,4.0,4.0,0.0,4.0,0.0,0.0,4.0
40278,2023.0,10.0,7.0,17.0,20.896482,21.74743,20.01883,20.710583,20.520779,21.239458,20.644678,21.356916,19.794958,20.470572,20.030252,20.54262,20.115782,20.132717,19.898802,19.919405,20.309013,21.218498,0.0,4.0,4.0,4.0,0.0,0.0,0.0,4.0
40279,2023.0,10.0,7.0,17.0,20.938293,21.776335,19.620584,19.911713,20.575132,21.282698,20.667112,21.368193,20.150017,20.912695,20.013702,20.449722,20.892126,21.623411,19.827124,19.838577,20.389214,21.281893,0.0,4.0,4.0,4.0,4.0,4.0,0.0,4.0
40280,2023.0,10.0,7.0,17.0,20.963846,21.790897,19.828135,20.37166,20.605783,21.302067,20.128576,20.338034,20.238888,20.99285,20.012423,20.454296,21.09989,21.861814,19.786829,19.796436,19.967958,20.509054,4.0,4.0,0.0,4.0,0.0,4.0,0.0,0.0
40281,2023.0,10.0,7.0,17.0,20.424047,20.750525,20.03075,20.680206,20.633465,21.317287,19.88675,20.054178,19.987862,20.513142,19.758224,19.954475,20.527555,20.697811,20.736189,21.625595,19.571676,19.745567,0.0,4.0,0.0,0.0,0.0,0.0,4.0,0.0
40282,2023.0,10.0,7.0,17.0,20.758795,21.543646,19.981398,20.53088,20.657597,21.330008,20.407293,21.09629,20.24619,20.959738,19.509785,19.564577,21.03781,21.792955,20.250334,20.409676,19.342981,19.446354,4.0,4.0,4.0,4.0,0.0,4.0,0.0,0.0
40283,2023.0,10.0,7.0,17.0,20.882706,21.685438,20.004734,20.563673,20.142355,20.344446,19.988419,20.200895,20.331087,21.045794,19.41291,19.437027,20.501102,20.653404,20.020649,20.07983,19.268953,19.360346,4.0,0.0,0.0,4.0,0.0,0.0,0.0,0.0
40284,2023.0,10.0,7.0,18.0,20.35333,20.646906,20.01829,20.594358,19.876633,20.00703,20.300776,20.926264,19.976395,20.40355,19.352955,19.376722,20.234596,20.29394,20.936983,21.883133,19.14951,19.178478,0.0,0.0,4.0,0.0,0.0,0.0,4.0,0.0
40285,2023.0,10.0,7.0,18.0,21.123516,22.140072,19.64702,19.866615,21.154789,22.340704,21.078314,22.159214,19.643389,19.7753,19.302406,19.326614,21.102865,21.883894,21.007715,21.795444,19.066856,19.085342,0.0,0.0,4.0,0.0,0.0,0.0,0.0,0.0
40286,2023.0,10.0,7.0,18.0,20.998926,21.807734,19.759457,20.195568,21.008015,21.925203,20.99715,21.904514,19.443565,19.517927,19.25714,19.280628,21.00971,21.633915,21.024881,21.770664,19.955513,20.815138,4.0,0.0,4.0,0.0,0.0,0.0,0.0,4.0
40287,2023.0,10.0,7.0,18.0,21.00058,21.774702,20.025795,20.60795,20.999016,21.814264,21.006666,21.861012,19.356016,19.41844,19.619682,20.001793,21.017391,21.600367,21.260592,22.133347,19.990068,20.642443,4.0,4.0,4.0,0.0,4.0,0.0,4.0,0.0
40288,2023.0,10.0,7.0,18.0,21.001488,21.749802,19.99812,20.530567,21.030573,21.849224,21.031223,21.88479,19.257635,19.276228,20.054667,20.679832,21.01667,21.563244,20.9893,21.598705,19.453451,19.554373,4.0,0.0,0.0,0.0,0.0,0.0,0.0,0.0
40289,2023.0,10.0,7.0,18.0,21.026176,21.805096,20.001501,20.519371,21.024294,21.797752,21.025414,21.832903,19.96601,20.67619,19.572891,19.676512,21.016487,21.536846,21.026224,21.655361,19.216562,19.267979,4.0,0.0,0.0,4.0,0.0,0.0,0.0,0.0
40290,2023.0,10.0,7.0,19.0,21.038052,21.77223,20.001184,20.504467,21.024767,21.767572,21.02598,21.800991,20.185593,20.84109,19.712084,20.079641,21.01618,21.51673,21.021461,21.628231,20.038395,20.883854,4.0,0.0,0.0,4.0,4.0,0.0,0.0,4.0
40291,2023.0,10.0,7.0,19.0,21.038975,21.758678,20.001102,20.492214,20.994717,21.66722,21.02432,21.77103,19.991062,20.476019,20.048635,20.614445,21.01573,21.500885,21.020565,21.611088,19.977356,20.56174,4.0,4.0,0.0,0.0,0.0,0.0,0.0,0.0
40292,2023.0,10.0,7.0,19.0,21.02068,21.740442,20.019691,20.533499,21.031004,21.744759,21.022963,21.750858,20.206656,20.837572,19.599121,19.685398,21.015854,21.48906,21.020052,21.599552,19.45237,19.511482,0.0,0.0,0.0,4.0,0.0,0.0,0.0,0.0
40293,2023.0,10.0,7.0,19.0,21.020632,21.726105,19.6232,19.757442,20.997555,21.640476,20.997026,21.664637,20.299402,20.922615,19.380995,19.416279,21.015972,21.479528,21.392311,22.265524,20.12261,20.943218,0.0,4.0,4.0,4.0,0.0,0.0,4.0,4.0
40294,2023.0,10.0,7.0,19.0,21.067179,21.7704,19.384958,19.445099,21.00373,21.642769,21.03179,21.742651,20.342318,20.95714,19.291426,19.303701,21.01568,21.470808,20.954264,21.415564,19.972483,20.486032,0.0,4.0,0.0,4.0,0.0,0.0,0.0,0.0
40295,2023.0,10.0,7.0,19.0,21.08742,21.787617,19.287842,19.325617,21.002882,21.633415,21.023926,21.71352,19.96996,20.295738,19.23323,19.242159,21.015266,21.46305,21.02919,21.565065,20.316748,21.084646,0.0,4.0,0.0,0.0,0.0,0.0,0.0,4.0
40296,2023.0,10.0,7.0,20.0,21.013247,21.672945,19.674688,20.103579,21.00315,21.626415,21.024994,21.701475,19.617447,19.63737,19.189325,19.198301,21.301355,21.980358,21.359066,22.154776,19.97222,20.39734,4.0,4.0,0.0,0.0,0.0,4.0,4.0,0.0
40297,2023.0,10.0,7.0,20.0,21.021357,21.682495,20.028162,20.62932,21.002975,21.61829,21.021801,21.689014,20.141693,20.765587,19.503315,19.81944,20.980707,21.350037,20.971745,21.410788,19.534597,19.55794,4.0,4.0,0.0,4.0,4.0,0.0,0.0,0.0
40298,2023.0,10.0,7.0,20.0,21.019093,21.669489,20.016998,20.57402,21.029852,21.68354,21.02182,21.682764,19.972923,20.33278,20.079948,20.744694,21.02234,21.434847,21.02857,21.53256,19.321894,19.31455,0.0,0.0,0.0,0.0,0.0,0.0,0.0,0.0
40299,2023.0,10.0,7.0,20.0,21.084953,21.756874,19.906698,20.300343,21.022713,21.655453,21.021517,21.676464,19.577465,19.570087,19.87841,20.247505,21.016981,21.42198,21.02013,21.517506,19.235495,19.223621,4.0,0.0,0.0,0.0,4.0,0.0,0.0,0.0
40300,2023.0,10.0,7.0,20.0,21.096601,21.757277,20.018862,20.514565,20.997896,21.571209,20.999098,21.60549,19.401724,19.38342,20.02725,20.525238,21.014866,21.419264,21.021236,21.517029,20.117905,20.951445,4.0,4.0,4.0,0.0,4.0,0.0,0.0,4.0
40301,2023.0,10.0,7.0,20.0,21.09253,21.742487,19.999825,20.456379,21.00329,21.575842,21.02819,21.683668,19.335642,19.326889,20.016806,20.47804,21.01499,21.418983,21.464596,22.332811,20.345377,21.06,4.0,4.0,0.0,0.0,0.0,0.0,4.0,4.0
40302,2023.0,10.0,7.0,21.0,21.087627,21.728905,20.021326,20.49845,21.00272,21.57032,20.99856,21.59114,19.28602,19.27871,19.557026,19.55939,21.014967,21.417242,20.953054,21.332813,20.391863,21.101006,0.0,4.0,4.0,0.0,0.0,0.0,0.0,4.0
40303,2023.0,10.0,7.0,21.0,21.014347,21.623945,19.583004,19.639042,21.029133,21.638548,21.030859,21.669518,19.98227,20.63706,19.73088,20.045645,21.316525,21.968513,21.359552,22.10462,19.970562,20.336023,0.0,0.0,0.0,4.0,4.0,4.0,4.0,0.0
40304,2023.0,10.0,7.0,21.0,21.02084,21.634867,19.747326,20.08948,21.0234,21.614927,21.02461,21.645863,20.157366,20.712444,20.041939,20.536818,20.97658,21.299883,20.966461,21.341805,19.527468,19.494339,4.0,0.0,0.0,4.0,0.0,0.0,0.0,0.0
40305,2023.0,10.0,7.0,21.0,21.020037,21.62662,20.026487,20.520592,20.997509,21.531033,21.025103,21.635998,20.003231,20.431715,19.589594,19.621977,21.022535,21.396149,21.02792,21.479427,19.320818,19.268824,4.0,4.0,0.0,0.0,0.0,0.0,0.0,0.0
40306,2023.0,10.0,7.0,21.0,21.020063,21.619774,20.000227,20.440737,21.029644,21.611288,21.02081,21.627022,20.17714,20.706053,19.71465,20.002544,21.017916,21.386345,21.020573,21.469835,20.129103,20.872953,4.0,0.0,0.0,4.0,4.0,0.0,0.0,4.0
40307,2023.0,10.0,7.0,21.0,21.015358,21.612534,20.022549,20.481249,21.02268,21.58848,21.021242,21.59622,20.25744,20.784208,20.054651,20.544577,21.01397,21.384445,21.021225,21.472137,20.366566,21.04154,0.0,0.0,4.0,4.0,0.0,0.0,0.0,4.0
40308,2023.0,10.0,7.0,22.0,21.016533,21.613935,19.558296,19.568537,21.02423,21.581875,21.028553,21.631275,20.291824,20.808712,19.875076,20.12302,21.014874,21.389175,21.017656,21.471916,20.420052,21.088417,0.0,0.0,0.0,4.0,4.0,0.0,0.0,4.0
40309,2023.0,10.0,7.0,22.0,21.016205,21.612623,19.296581,19.227747,21.018795,21.572496,20.99802,21.541435,20.265738,20.727537,20.050394,20.489038,21.33943,21.990053,21.018475,21.477385,20.407621,21.0097,0.0,0.0,4.0,4.0,0.0,4.0,0.0,4.0
40310,2023.0,10.0,7.0,22.0,21.015944,21.610472,19.26298,19.245855,21.019472,21.573282,21.005083,21.55187,20.266733,20.720116,19.84252,20.037962,20.973227,21.268797,21.018068,21.479244,19.964958,20.238464,0.0,0.0,4.0,4.0,4.0,0.0,0.0,0.0
40311,2023.0,10.0,7.0,22.0,21.016256,21.608978,19.227468,19.215202,21.019323,21.571566,21.030924,21.622152,19.982985,20.234518,20.055422,20.476973,21.023579,21.37499,21.01805,21.480476,19.537575,19.44222,0.0,0.0,0.0,0.0,0.0,0.0,0.0,0.0
40312,2023.0,10.0,7.0,22.0,21.016537,21.606874,19.183746,19.17021,21.019617,21.569933,21.025343,21.601831,19.585068,19.491655,19.62863,19.639433,21.018707,21.366049,21.018492,21.481583,19.344717,19.249474,0.0,0.0,0.0,0.0,0.0,0.0,0.0,0.0
40313,2023.0,10.0,7.0,22.0,21.0343,21.639225,19.139402,19.120007,21.039751,21.606548,21.051853,21.642824,19.374147,19.257225,19.401402,19.359076,21.028936,21.39454,21.03788,21.519138,19.248756,19.150091,0.0,0.0,0.0,0.0,0.0,0.0,0.0,0.0
40314,2023.0,10.0,7.0,23.0,21.014286,21.59694,19.105923,19.087797,21.016623,21.557543,21.016256,21.575794,20.022028,20.573055,19.32101,19.28178,21.335583,21.959436,21.015759,21.473644,19.244207,19.211897,0.0,0.0,0.0,4.0,0.0,4.0,0.0,0.0
40315,2023.0,10.0,7.0,23.0,20.577217,20.755577,19.072695,19.052885,20.510412,20.583458,20.486221,20.561153,20.14554,20.579166,19.252403,19.211409,20.640163,20.546494,21.438896,22.248081,19.210121,19.178041,0.0,0.0,0.0,4.0,0.0,0.0,4.0,0.0
40316,2023.0,10.0,7.0,23.0,20.39057,20.50649,19.046274,19.024363,20.268799,20.24325,20.236332,20.216759,19.57915,19.502993,19.202291,19.158363,20.387842,20.212717,20.574038,20.508268,19.170229,19.13626,0.0,0.0,0.0,0.0,0.0,0.0,0.0,0.0
40317,2023.0,10.0,7.0,23.0,20.308537,20.426413,19.020533,18.996693,20.155718,20.11742,20.116642,20.086014,19.363876,19.230373,19.155117,19.108656,21.003963,21.471199,20.25796,20.097332,19.131456,19.095396,0.0,0.0,0.0,0.0,0.0,4.0,0.0,0.0
40318,2023.0,10.0,7.0,23.0,20.251308,20.376604,18.996338,18.970818,20.07294,20.032072,20.027338,19.994686,19.273102,19.137566,19.112196,19.063652,20.443933,20.317598,20.130198,19.967943,19.095697,19.057867,0.0,0.0,0.0,0.0,0.0,0.0,0.0,0.0
40319,2023.0,10.0,7.0,23.0,20.194134,20.318413,18.973175,18.946157,20.003056,19.960892,19.951859,19.918283,19.28329,19.231228,19.072233,19.02194,20.23877,20.053886,20.02911,19.867826,19.791735,20.396416,0.0,0.0,0.0,0.0,0.0,0.0,0.0,4.0
40320,2023.0,10.0,8.0,0.0,20.142672,20.265854,18.950836,18.922338,19.941322,19.898245,19.885513,19.851166,19.253828,19.207214,19.03478,18.982798,20.153002,19.966833,21.022032,21.831636,20.069927,20.757204,0.0,0.0,0.0,0.0,0.0,0.0,4.0,4.0
40321,2023.0,10.0,8.0,0.0,20.095753,20.217728,18.929365,18.899506,19.885668,19.841537,19.826134,19.790628,19.21006,19.161991,18.99944,18.94576,20.192226,20.11786,20.280716,20.214235,19.348848,19.294878,0.0,0.0,0.0,0.0,0.0,0.0,0.0,0.0
40322,2023.0,10.0,8.0,0.0,20.049099,20.166323,18.906382,18.872906,19.830519,19.780685,19.76742,19.725813,19.166367,19.11387,18.963282,18.905178,20.167297,20.097698,19.978134,19.800879,19.100622,18.963552,0.0,0.0,0.0,0.0,0.0,0.0,0.0,0.0
40323,2023.0,10.0,8.0,0.0,20.012445,20.1317,18.888422,18.855734,19.788397,19.742006,19.72258,19.684649,19.13067,19.079237,18.934055,18.87688,20.127512,20.059128,19.885672,19.715147,19.7757,20.307018,0.0,0.0,0.0,0.0,0.0,0.0,0.0,4.0
40324,2023.0,10.0,8.0,0.0,19.974377,20.091042,19.312555,19.666245,19.744997,19.697577,19.676538,19.637466,19.094662,19.041563,18.903559,18.84463,20.08781,20.01767,19.803911,19.633276,19.226582,19.129501,4.0,0.0,0.0,0.0,0.0,0.0,0.0,0.0
40325,2023.0,10.0,8.0,0.0,19.938301,20.05231,19.04836,19.078547,19.703684,19.654608,19.632992,19.592035,19.060322,19.005133,19.183462,19.393099,20.049824,19.977556,19.846054,19.786837,19.03404,18.890425,0.0,0.0,0.0,0.0,4.0,0.0,0.0,0.0
40326,2023.0,10.0,8.0,1.0,19.904253,20.015757,18.919516,18.883976,19.66485,19.614246,19.592165,19.549484,19.028048,18.970964,18.94871,18.890747,20.014288,19.94009,19.812626,19.747816,18.960403,18.815144,0.0,0.0,0.0,0.0,0.0,0.0,0.0,0.0
40327,2023.0,10.0,8.0,1.0,19.875053,19.98729,18.883944,18.84643,19.63193,19.583557,19.557484,19.517048,19.000032,18.943792,18.880548,18.81881,19.983526,19.910248,20.695206,21.446138,18.994894,18.944223,0.0,0.0,0.0,0.0,0.0,0.0,4.0,0.0
40328,2023.0,10.0,8.0,1.0,19.845753,19.957012,18.856115,18.817593,19.599249,19.55101,19.522758,19.4825,19.543484,19.987364,18.846983,18.78419,19.953238,19.879364,19.969362,19.87363,18.97468,18.923964,0.0,0.0,0.0,4.0,0.0,0.0,0.0,0.0
40329,2023.0,10.0,8.0,1.0,19.81741,19.92711,18.83245,18.792807,19.567846,19.519001,19.489109,19.44834,19.164404,19.148489,19.117432,19.316069,19.924198,19.849234,19.717155,19.539497,18.941113,18.888613,0.0,0.0,0.0,0.0,4.0,0.0,0.0,0.0
40330,2023.0,10.0,8.0,1.0,19.79119,19.89999,18.811544,18.771437,19.538475,19.489695,19.457733,19.417082,19.624102,20.089914,18.911411,18.872349,19.897305,19.821821,19.636549,19.46018,18.911245,18.85818,0.0,0.0,0.0,4.0,0.0,0.0,0.0,0.0
40331,2023.0,10.0,8.0,1.0,19.76649,19.874722,18.792486,18.752169,19.51063,19.46237,19.428259,19.388096,19.691154,20.082169,18.822279,18.758032,19.87219,19.796564,19.570364,19.393105,19.612616,20.203014,0.0,0.0,0.0,4.0,0.0,0.0,0.0,4.0
40332,2023.0,10.0,8.0,2.0,20.413887,21.110306,18.773886,18.732903,19.48311,19.434732,19.399424,19.358976,19.134716,19.000816,18.788845,18.7233,19.847853,19.77159,19.61613,19.540068,19.129454,19.13311,0.0,0.0,0.0,0.0,0.0,0.0,0.0,0.0
40333,2023.0,10.0,8.0,2.0,19.98267,20.159237,18.754002,18.71052,19.454786,19.404593,19.370117,19.327637,18.952753,18.776888,18.757542,18.689749,19.823437,19.74527,19.604673,19.53589,18.873137,18.726265,0.0,0.0,0.0,0.0,0.0,0.0,0.0,0.0
40334,2023.0,10.0,8.0,2.0,19.662949,19.614573,18.73301,18.686054,19.42581,19.372723,19.34018,19.294624,18.874329,18.692997,19.036877,19.23654,19.79902,19.718336,19.574068,19.503517,18.782398,18.621014,0.0,0.0,0.0,0.0,4.0,0.0,0.0,0.0
40335,2023.0,10.0,8.0,2.0,19.55269,19.473545,18.712093,18.661596,19.397324,19.341316,19.310678,19.262094,18.935417,18.875961,18.801414,18.733042,19.775045,19.691938,19.542395,19.469664,18.824005,18.759977,0.0,0.0,0.0,0.0,0.0,0.0,0.0,0.0
40336,2023.0,10.0,8.0,2.0,19.668322,19.764372,18.69092,18.636402,19.36891,19.309576,19.28123,19.229227,18.910818,18.840916,18.728321,18.65077,19.751116,19.665527,19.510801,19.435867,18.807198,18.744026,0.0,0.0,0.0,0.0,0.0,0.0,0.0,0.0
40337,2023.0,10.0,8.0,2.0,19.652452,19.74434,18.67262,18.616964,19.343939,19.284317,19.255327,19.203077,19.472775,19.924969,18.69508,18.6174,19.72881,19.64232,19.481304,19.405876,18.780418,18.716581,0.0,0.0,0.0,4.0,0.0,0.0,0.0,0.0
40338,2023.0,10.0,8.0,3.0,19.627493,19.716936,18.652443,18.593784,19.317268,19.255268,19.227646,19.173004,19.066816,19.03625,18.661797,18.581703,19.70543,19.616898,19.450966,19.373781,18.75238,18.686647,0.0,0.0,0.0,0.0,0.0,0.0,0.0,0.0
40339,2023.0,10.0,8.0,3.0,19.602762,19.689957,18.633083,18.572155,19.29161,19.2278,19.200972,19.144499,19.376472,19.68168,18.6312,18.549109,19.682646,19.592571,19.421486,19.342932,18.725142,18.657915,0.0,0.0,0.0,4.0,0.0,0.0,0.0,0.0
40340,2023.0,10.0,8.0,3.0,19.57887,19.664627,18.614725,18.552355,19.26726,19.202509,19.17564,19.118242,18.897089,18.70223,18.602825,18.519712,19.660748,19.569729,19.393242,19.313995,18.699297,18.631231,0.0,0.0,0.0,0.0,0.0,0.0,0.0,0.0
40341,2023.0,10.0,8.0,3.0,19.554548,19.638184,18.595806,18.531418,19.242435,19.176033,19.149824,19.090767,18.734888,18.51514,18.883856,19.069492,19.63853,19.546057,19.364807,19.284264,18.67345,18.603981,0.0,0.0,0.0,0.0,4.0,0.0,0.0,0.0
40342,2023.0,10.0,8.0,3.0,19.530075,19.611378,18.576847,18.510199,19.217737,19.149433,19.1242,19.063206,18.663935,18.442713,18.649424,18.567036,19.616491,19.522469,19.336796,19.254866,18.64817,18.577215,0.0,0.0,0.0,0.0,0.0,0.0,0.0,0.0
40343,2023.0,10.0,8.0,3.0,19.507288,19.587961,18.559652,18.49231,19.86792,20.390781,19.100887,19.039818,18.743288,18.661425,18.580853,18.494547,19.596014,19.501736,19.31074,19.228888,19.353554,19.925602,0.0,4.0,0.0,0.0,0.0,0.0,0.0,4.0
40344,2023.0,10.0,8.0,4.0,19.483114,19.56173,18.541182,18.471926,19.472782,19.505262,19.076443,19.013706,18.739914,18.660406,18.546335,18.458094,19.57491,19.479338,19.284203,19.201227,18.873482,18.858927,0.0,0.0,0.0,0.0,0.0,0.0,0.0,0.0
40345,2023.0,10.0,8.0,4.0,19.46681,19.550995,18.522186,18.450605,19.073778,18.801126,19.05174,18.986647,18.710197,18.628109,18.513716,18.423016,19.553959,19.456696,19.25816,19.173607,18.58008,18.375061,0.0,0.0,0.0,0.0,0.0,0.0,0.0,0.0
40346,2023.0,10.0,8.0,4.0,20.134224,20.822212,18.505173,18.433228,19.62655,19.914082,19.029507,18.96436,18.684206,18.602236,18.781914,18.948284,19.534786,19.437342,19.234188,19.149742,18.49569,18.289383,0.0,4.0,0.0,0.0,4.0,0.0,0.0,0.0
40347,2023.0,10.0,8.0,4.0,19.70954,19.879118,18.487457,18.414291,19.205114,19.033148,19.006401,18.940294,18.657993,18.575335,18.590063,18.531408,19.515324,19.417088,19.209812,19.124786,19.28446,19.83911,0.0,0.0,0.0,0.0,0.0,0.0,0.0,4.0
40348,2023.0,10.0,8.0,4.0,19.33934,19.231651,18.468676,18.39303,18.971739,18.67931,18.982132,18.91359,18.631792,18.547192,18.489544,18.39562,19.495443,19.395496,19.18478,19.098106,19.427258,19.911362,0.0,0.0,0.0,0.0,0.0,0.0,0.0,4.0
40349,2023.0,10.0,8.0,4.0,19.23726,19.112944,18.451874,18.375755,18.899698,18.606022,18.960705,18.891884,18.608274,18.523785,18.752796,18.91599,19.477125,19.37699,19.161528,19.074928,18.7468,18.56734,0.0,0.0,0.0,0.0,4.0,0.0,0.0,0.0
40350,2023.0,10.0,8.0,5.0,19.37666,19.452854,18.433231,18.354753,19.040188,18.943453,18.937412,18.866133,18.583199,18.496983,18.881552,19.099775,19.457233,19.355501,19.136585,19.04846,18.54356,18.319502,0.0,0.0,0.0,0.0,4.0,0.0,0.0,0.0
40351,2023.0,10.0,8.0,5.0,19.37811,19.460571,18.416235,18.336699,19.048391,18.965271,18.915861,18.84393,19.135464,19.55399,18.427996,18.198109,20.154331,20.69044,19.112917,19.024576,18.46673,18.245968,0.0,0.0,0.0,4.0,0.0,4.0,0.0,0.0
40352,2023.0,10.0,8.0,5.0,19.357712,19.438564,18.398006,18.316177,19.029264,18.946518,18.89272,18.818914,19.392826,19.904612,18.244415,17.967546,19.497828,19.285646,19.08818,18.998644,18.401093,18.179617,0.0,0.0,0.0,4.0,0.0,0.0,0.0,0.0
40353,2023.0,10.0,8.0,5.0,19.336292,19.415012,18.37945,18.295431,19.006662,18.922535,18.869226,18.793663,18.707977,18.515488,18.339878,18.2265,19.287207,19.002338,19.063448,18.972706,18.472324,18.375916,0.0,0.0,0.0,0.0,0.0,0.0,0.0,0.0
40354,2023.0,10.0,8.0,5.0,19.3142,19.390827,18.360476,18.274376,18.982683,18.897041,18.845448,18.768194,18.476192,18.218706,18.64349,18.795294,19.972313,20.353987,19.038692,18.94674,19.203989,19.762403,0.0,0.0,0.0,0.0,4.0,4.0,0.0,4.0
40355,2023.0,10.0,8.0,5.0,19.291538,19.366016,18.341377,18.253145,18.95833,18.87103,18.82184,18.742744,18.987959,19.249945,18.772873,18.975702,19.428274,19.18938,19.013885,18.920715,19.31534,19.783993,0.0,0.0,0.0,4.0,4.0,0.0,0.0,4.0
40356,2023.0,10.0,8.0,6.0,19.936775,20.593222,18.322613,18.232174,19.605932,20.106277,18.798971,18.717867,18.56219,18.340513,18.502752,18.43949,19.23836,18.940584,19.941517,20.688362,18.636412,18.447618,0.0,4.0,0.0,0.0,0.0,0.0,4.0,0.0
40357,2023.0,10.0,8.0,6.0,21.125977,22.55576,18.30434,18.212078,21.199167,22.80711,21.235712,23.060171,18.98005,19.245502,18.384039,18.279646,21.224058,22.447222,21.123945,22.556763,19.191118,19.63382,0.0,0.0,0.0,4.0,0.0,4.0,4.0,4.0
40358,2023.0,10.0,8.0,6.0,21.004822,22.121338,18.284285,18.19013,21.000788,22.151108,21.00383,22.329462,20.149467,21.169596,18.630333,18.780327,20.994793,21.881569,20.99688,22.093166,20.117891,21.105309,0.0,4.0,0.0,0.0,4.0,4.0,4.0,0.0
40359,2023.0,10.0,8.0,6.0,21.019514,22.027664,18.702955,18.98746,21.027687,22.055563,21.040783,22.238245,19.611376,19.925085,20.19755,21.465534,21.01496,21.806175,21.011389,21.983541,19.034761,18.871717,4.0,4.0,0.0,4.0,0.0,4.0,4.0,0.0
40360,2023.0,10.0,8.0,6.0,21.309849,22.525843,20.180685,21.478926,21.048908,22.018242,21.010183,22.048363,20.083735,20.848192,19.23134,19.340714,21.166962,22.046848,21.048681,21.991085,18.549192,18.28938,0.0,0.0,4.0,4.0,4.0,0.0,0.0,0.0
40361,2023.0,10.0,8.0,6.0,21.015533,21.870626,19.51892,19.955133,21.017601,21.860104,21.04063,22.05943,20.320877,21.266634,20.186329,21.201324,21.005316,21.633772,20.999855,21.789177,18.596062,18.507727,4.0,4.0,0.0,0.0,4.0,4.0,4.0,0.0
40362,2023.0,10.0,8.0,7.0,21.016287,21.831375,20.113085,21.116491,21.048376,21.890108,21.046679,21.991333,19.137112,18.896383,20.022425,20.778326,21.041052,21.682232,21.007565,21.755737,18.581966,18.488869,4.0,0.0,0.0,0.0,0.0,0.0,4.0,0.0
40363,2023.0,10.0,8.0,7.0,21.01514,21.799953,20.013136,20.794327,21.01581,21.762445,21.01909,21.858608,19.414562,19.740803,19.055578,18.836218,21.034414,21.630133,21.046812,21.828503,18.53065,18.439278,4.0,4.0,4.0,4.0,0.0,0.0,0.0,0.0
40364,2023.0,10.0,8.0,7.0,21.042208,21.851315,20.042973,20.786179,21.047157,21.817617,21.049608,21.90286,20.094786,20.82648,19.164825,19.416187,21.003365,21.519367,20.996576,21.665607,18.487432,18.396849,0.0,0.0,0.0,0.0,4.0,4.0,4.0,0.0
40365,2023.0,10.0,8.0,7.0,21.035973,21.813898,19.447252,19.555023,21.040367,21.77773,21.043009,21.857515,19.155315,18.931978,20.11806,21.008865,21.039137,21.59565,21.005785,21.665071,18.450222,18.361567,4.0,0.0,0.0,0.0,0.0,0.0,4.0,0.0
40366,2023.0,10.0,8.0,7.0,21.036139,21.79274,20.106634,20.898668,21.040384,21.755678,21.042904,21.831324,18.70042,18.403595,19.307919,19.336813,21.00235,21.485012,21.004555,21.650414,18.41623,18.32891,4.0,0.0,0.0,0.0,0.0,4.0,4.0,0.0
40367,2023.0,10.0,8.0,7.0,21.00601,21.696545,20.023743,20.679302,21.026766,21.735527,21.028904,21.80814,18.772018,18.686144,18.85955,18.754667,21.00813,21.489773,21.003801,21.639387,18.385176,18.298357,0.0,0.0,0.0,0.0,0.0,4.0,4.0,0.0
40368,2023.0,10.0,8.0,8.0,21.013794,21.707823,19.478985,19.566908,21.002981,21.669714,21.0316,21.813732,18.747395,18.650469,18.735355,18.627947,21.006893,21.481855,21.045525,21.741638,18.359118,18.274199,4.0,4.0,0.0,0.0,0.0,4.0,0.0,0.0
40369,2023.0,10.0,8.0,8.0,20.711645,21.127121,20.113989,20.880772,20.057959,19.874182,20.24848,20.308773,18.693558,18.603413,18.655794,18.553614,20.843388,21.162174,20.082136,19.86831,18.339787,18.26009,0.0,0.0,0.0,0.0,0.0,4.0,0.0,0.0
40370,2023.0,10.0,8.0,8.0,20.58258,20.996962,19.224855,19.090515,19.515417,19.178566,19.778605,19.714396,18.650372,18.565853,18.594522,18.49927,20.792665,21.116806,19.62026,19.34449,18.323956,18.248943,0.0,0.0,0.0,0.0,0.0,4.0,0.0,0.0
40371,2023.0,10.0,8.0,8.0,19.981964,19.910522,19.446262,19.702436,19.357609,19.011753,20.280811,20.77104,18.621683,18.541563,18.556007,18.46543,20.124321,19.86963,20.448364,21.033014,18.3126,18.241936,4.0,0.0,4.0,0.0,0.0,0.0,4.0,0.0
40372,2023.0,10.0,8.0,8.0,19.708256,19.554148,20.081402,20.833261,19.453217,19.318811,19.838108,19.8798,18.597816,18.522728,18.52396,18.438625,20.610428,20.957346,19.754,19.573004,18.303967,18.237804,0.0,0.0,0.0,0.0,0.0,4.0,0.0,0.0
40373,2023.0,10.0,8.0,8.0,19.567686,19.42697,19.423204,19.507755,19.455557,19.368073,19.311792,19.06722,18.575865,18.506182,18.49567,18.417015,20.107174,19.87682,19.393337,19.162052,18.296984,18.235346,0.0,0.0,0.0,0.0,0.0,0.0,0.0,0.0
40374,2023.0,10.0,8.0,9.0,20.162556,20.628464,19.115414,19.062366,20.067362,20.569836,19.781807,20.062704,18.562643,18.497648,18.480356,18.406893,19.886787,19.609241,20.279327,20.916363,18.293764,18.236462,0.0,4.0,4.0,0.0,0.0,0.0,4.0,0.0
40375,2023.0,10.0,8.0,9.0,20.305632,20.813438,19.000746,18.941622,20.247826,20.803429,19.922169,20.267382,18.554272,18.495226,18.471037,18.40438,19.808952,19.549913,19.621319,19.489809,18.294188,18.24222,0.0,4.0,4.0,0.0,0.0,0.0,0.0,0.0
40376,2023.0,10.0,8.0,9.0,19.75472,19.763557,18.922626,18.870054,19.565092,19.468592,19.393051,19.273682,18.55115,18.498075,18.467796,18.40793,19.757452,19.51788,19.385479,19.187857,18.298313,18.251804,0.0,0.0,0.0,0.0,0.0,0.0,0.0,0.0
40377,2023.0,10.0,8.0,9.0,19.533867,19.466843,18.855415,18.805704,19.26976,19.042673,19.15404,18.943493,18.552713,18.506102,18.470196,18.417788,19.873528,19.803791,19.320555,19.135109,18.306047,18.265686,0.0,0.0,0.0,0.0,0.0,0.0,0.0,0.0
40378,2023.0,10.0,8.0,9.0,19.469635,19.430996,18.80797,18.77112,19.84689,20.218275,19.085447,18.905146,18.556843,18.515785,18.475895,18.4296,19.873888,19.810331,19.281982,19.114393,18.314634,18.279087,0.0,4.0,0.0,0.0,0.0,0.0,0.0,0.0
40379,2023.0,10.0,8.0,9.0,19.421568,19.405561,18.762922,18.733868,19.424597,19.35196,19.14239,19.095015,18.564405,18.529358,18.486408,18.446918,19.861893,19.80338,19.347168,19.285892,18.325748,18.2957,0.0,0.0,0.0,0.0,0.0,0.0,0.0,0.0
40380,2023.0,10.0,8.0,10.0,19.508703,19.637325,18.7216,18.698147,19.220125,19.066284,19.131107,19.109613,18.569597,18.53356,18.494747,18.45372,19.850935,19.794672,19.354486,19.305897,18.335361,18.306198,0.0,0.0,0.0,0.0,0.0,0.0,0.0,0.0
40381,2023.0,10.0,8.0,10.0,19.49113,19.626411,18.68946,18.675863,19.167229,19.038448,19.776789,20.361246,18.576406,18.539469,18.50525,18.462889,19.843176,19.788555,19.343792,19.297045,18.344316,18.314066,0.0,0.0,4.0,0.0,0.0,0.0,0.0,0.0
40382,2023.0,10.0,8.0,10.0,19.46383,19.602623,18.658195,18.65132,19.199665,19.163744,19.302929,19.332064,18.585798,18.547989,18.519583,18.476223,19.837925,19.783829,19.33353,19.287418,19.26454,20.04226,0.0,0.0,0.0,0.0,0.0,0.0,0.0,4.0
40383,2023.0,10.0,8.0,10.0,19.436941,19.579504,18.629673,18.628786,19.191422,19.179026,19.075787,19.00547,18.597466,18.558826,18.537148,18.492998,19.835606,19.78161,19.325066,19.278902,20.11246,21.349463,0.0,0.0,0.0,0.0,0.0,0.0,0.0,0.0
40384,2023.0,10.0,8.0,10.0,19.409534,19.557198,19.032875,19.41436,19.161093,19.156624,19.013227,18.959375,18.610825,18.570724,18.556877,18.510916,19.834963,19.781134,19.317686,19.271671,19.12961,19.228605,4.0,0.0,0.0,0.0,0.0,0.0,0.0,0.0
40385,2023.0,10.0,8.0,10.0,19.386156,19.537172,20.140217,21.309036,19.134691,19.13569,19.019379,19.01913,18.625751,18.584818,18.578943,18.532572,19.838064,19.784025,19.314117,19.267603,18.816473,18.75476,0.0,0.0,0.0,0.0,0.0,0.0,0.0,0.0
40386,2023.0,10.0,8.0,11.0,19.359104,19.511702,19.325294,19.561077,19.107244,19.114616,19.004503,19.019005,18.6426,18.600319,18.604193,18.55594,19.84256,19.788332,19.311375,19.264645,18.746492,18.689215,0.0,0.0,0.0,0.0,0.0,0.0,0.0,0.0
40387,2023.0,10.0,8.0,11.0,19.344635,19.506943,18.957304,18.997238,19.084524,19.097088,19.662975,20.284138,18.660042,18.61705,18.630543,18.581625,19.84943,19.795027,19.3113,19.264189,18.728207,18.681574,0.0,0.0,4.0,0.0,0.0,0.0,0.0,0.0
40388,2023.0,10.0,8.0,11.0,19.33869,19.514957,18.862976,18.89394,19.74475,20.36265,19.802645,20.39361,18.678001,18.634323,18.657606,18.608105,19.857351,19.80291,19.312428,19.265102,18.714285,18.669046,0.0,4.0,4.0,0.0,0.0,0.0,0.0,0.0
40389,2023.0,10.0,8.0,11.0,19.3235,19.503742,18.803265,18.83782,19.351055,19.47913,19.296904,19.40006,18.696514,18.652592,18.685186,18.635624,19.866508,19.812206,19.315073,19.267624,18.705738,18.660837,0.0,0.0,0.0,0.0,0.0,0.0,0.0,0.0
40390,2023.0,10.0,8.0,11.0,19.995935,20.783735,19.207306,19.639082,19.173334,19.220863,19.785458,20.40508,18.715347,18.671461,18.712893,18.66349,19.87667,19.82265,19.319279,19.271946,18.702244,18.658195,4.0,0.0,4.0,0.0,0.0,0.0,0.0,0.0
40391,2023.0,10.0,8.0,11.0,20.196686,21.010159,20.101038,21.146032,19.141415,19.202436,19.356947,19.495562,18.734959,18.691845,18.74181,18.69413,19.887342,19.833855,19.324213,19.27741,18.702019,18.65924,4.0,0.0,0.0,0.0,0.0,0.0,0.0,0.0
40392,2023.0,10.0,8.0,12.0,20.26128,21.040049,20.014719,20.879517,19.777155,20.426598,19.730206,20.338778,18.757244,18.715227,18.77373,18.727356,19.899096,19.846422,19.329483,19.283632,18.702337,18.661303,0.0,4.0,4.0,0.0,0.0,0.0,0.0,0.0
40393,2023.0,10.0,8.0,12.0,21.101135,22.454786,19.415846,19.656782,21.17527,22.728523,21.187567,22.773804,18.779558,18.738466,18.803997,18.757437,21.147396,22.011127,21.297485,22.711523,18.704762,18.665224,0.0,0.0,0.0,0.0,0.0,4.0,0.0,0.0
40394,2023.0,10.0,8.0,12.0,21.018702,22.195091,19.478022,19.959259,21.008158,22.22297,21.007986,22.250664,18.80312,18.764297,18.835224,18.79138,21.000591,21.670591,20.989304,21.988588,18.7108,18.673214,4.0,0.0,0.0,0.0,0.0,0.0,0.0,0.0
40395,2023.0,10.0,8.0,12.0,21.029081,22.129108,20.089462,20.989273,21.008738,22.086407,21.036093,22.19314,18.825415,18.788614,18.865044,18.82371,21.017403,21.621555,21.103096,22.037317,18.719042,18.683826,0.0,4.0,0.0,0.0,0.0,0.0,4.0,0.0
40396,2023.0,10.0,8.0,12.0,21.026733,22.063787,19.474274,19.723475,21.036015,22.088116,21.005451,22.039495,18.847034,18.812403,18.893969,18.854588,21.244696,21.965452,21.01534,21.826674,18.728815,18.696394,0.0,0.0,4.0,0.0,0.0,4.0,0.0,0.0
40397,2023.0,10.0,8.0,12.0,21.02443,22.015604,19.094437,19.187725,21.027365,22.015589,21.037142,22.075047,18.86834,18.837414,18.922325,18.88744,20.974958,21.418716,21.021578,21.782564,18.73976,18.710941,0.0,0.0,0.0,0.0,0.0,0.0,0.0,0.0
40398,2023.0,10.0,8.0,13.0,21.054077,22.03844,18.974337,19.053225,21.018608,21.924486,21.064327,22.082075,18.887869,18.860647,18.948437,18.918213,21.03118,21.506569,21.046806,21.782778,18.75056,18.725458,0.0,4.0,0.0,0.0,0.0,0.0,0.0,0.0
40399,2023.0,10.0,8.0,13.0,21.018644,21.946053,18.917112,19.004765,21.032125,21.95664,21.023684,21.975697,18.904558,18.880163,19.36248,19.68302,21.009636,21.432457,21.015644,21.69121,18.760311,18.738552,0.0,0.0,0.0,0.0,4.0,0.0,0.0,0.0
40400,2023.0,10.0,8.0,13.0,20.997158,21.864035,18.87181,18.96468,21.026329,21.921518,21.003513,21.891867,18.92052,18.899708,20.08053,20.846184,21.012915,21.417963,21.02041,21.67262,18.769915,18.751886,0.0,0.0,4.0,0.0,0.0,0.0,0.0,0.0
40401,2023.0,10.0,8.0,13.0,21.029228,21.941153,18.83632,18.934555,21.026129,21.901005,21.033278,21.959833,18.935211,18.918394,19.582384,19.763283,21.01219,21.400276,21.019798,21.649752,18.779036,18.765041,0.0,0.0,0.0,0.0,0.0,0.0,0.0,0.0
40402,2023.0,10.0,8.0,13.0,21.021612,21.914858,18.80659,18.909319,20.998585,21.808462,20.999063,21.858006,18.949408,18.93762,19.267124,19.266888,21.011398,21.386333,21.018946,21.63107,18.788092,18.778826,0.0,4.0,4.0,0.0,0.0,0.0,0.0,0.0
40403,2023.0,10.0,8.0,13.0,21.021917,21.905382,19.219097,19.707499,21.004793,21.815203,21.032675,21.938286,18.961317,18.953724,19.215092,19.209944,21.011623,21.37714,21.019222,21.617674,19.745667,20.591797,4.0,4.0,0.0,0.0,0.0,0.0,0.0,4.0
40404,2023.0,10.0,8.0,14.0,21.02264,21.894897,20.110512,21.17837,21.003092,21.80828,20.999262,21.840038,18.973476,18.971384,19.20266,19.199858,21.011366,21.369305,21.018442,21.60502,20.017168,20.817327,0.0,4.0,4.0,0.0,0.0,0.0,0.0,0.0
40405,2023.0,10.0,8.0,14.0,20.420296,20.724798,19.405176,19.678682,20.406544,20.68822,20.36892,20.6549,18.982246,18.98287,19.197828,19.197529,20.670639,20.70482,20.456669,20.509607,19.513939,19.759207,0.0,0.0,0.0,0.0,0.0,0.0,0.0,0.0
40406,2023.0,10.0,8.0,14.0,20.179623,20.408607,19.538128,20.038359,20.167368,20.376595,20.719671,21.458532,18.988445,18.992167,19.1969,19.199097,21.286034,21.934526,21.223053,22.07382,19.331612,19.467815,4.0,0.0,4.0,0.0,0.0,4.0,4.0,0.0
40407,2023.0,10.0,8.0,14.0,20.07178,20.297485,20.069017,20.960772,20.06946,20.28266,20.267298,20.55792,18.993475,19.000576,19.196081,19.20232,20.901388,21.114344,20.659813,20.87812,19.17264,19.194092,0.0,0.0,0.0,0.0,0.0,0.0,0.0,0.0
40408,2023.0,10.0,8.0,14.0,20.63896,21.447767,19.92897,20.58837,20.602558,21.360039,19.988375,20.223795,18.997728,19.008154,19.55791,19.88711,21.415457,22.19679,20.316708,20.417597,19.08575,19.094967,4.0,4.0,0.0,0.0,4.0,4.0,0.0,0.0
40409,2023.0,10.0,8.0,14.0,20.267328,20.657999,20.033617,20.783579,20.71981,21.47822,20.486713,21.220594,19.00054,19.01466,20.05699,20.723621,20.910393,21.132023,20.240019,20.334507,19.05204,19.061844,0.0,4.0,4.0,0.0,0.0,0.0,0.0,0.0
40410,2023.0,10.0,8.0,15.0,20.071684,20.426872,19.985754,20.636513,20.755611,21.51349,20.126678,20.412933,19.002903,19.020737,19.631134,19.809458,20.650927,20.767733,20.188425,20.290625,19.025043,19.038372,4.0,4.0,0.0,0.0,0.0,0.0,0.0,0.0
40411,2023.0,10.0,8.0,15.0,20.638536,21.526068,20.021297,20.708588,20.252213,20.54651,20.549591,21.305,19.001997,19.021751,19.431063,19.471703,20.601753,20.709822,20.049238,20.052183,19.005177,19.020466,0.0,0.0,4.0,0.0,0.0,0.0,0.0,0.0
40412,2023.0,10.0,8.0,15.0,20.850399,21.751213,20.016882,20.659393,20.009275,20.251968,20.157646,20.445494,19.000576,19.022184,19.356436,19.379633,20.569435,20.67943,19.965605,19.964209,18.984695,19.002115,4.0,0.0,0.0,0.0,0.0,0.0,0.0,0.0
40413,2023.0,10.0,8.0,15.0,20.901136,21.79812,20.025433,20.663664,20.553314,21.327112,20.574177,21.333466,18.998774,19.022459,19.329626,19.353125,20.448498,20.462807,19.92286,19.923357,18.968882,18.988506,4.0,4.0,4.0,0.0,0.0,0.0,0.0,0.0
40414,2023.0,10.0,8.0,15.0,20.938995,21.832651,20.013071,20.65057,20.671602,21.437452,20.671646,21.434935,19.714611,20.37792,19.308989,19.334614,20.393826,20.397198,19.884645,19.887913,18.953522,18.975595,0.0,4.0,4.0,4.0,0.0,0.0,0.0,0.0
40415,2023.0,10.0,8.0,15.0,20.396317,20.781212,19.686155,20.013172,20.711153,21.469788,20.153114,20.438673,20.075033,20.816278,19.2879,19.316584,20.357899,20.363203,19.845673,19.851454,18.937412,18.96187,0.0,4.0,0.0,4.0,0.0,0.0,0.0,0.0
40416,2023.0,10.0,8.0,16.0,20.86071,21.761774,19.42562,19.579475,20.748142,21.504362,19.979239,20.219793,20.004578,20.645222,19.271244,19.30285,20.330791,20.338463,19.815794,19.824272,18.924248,18.951214,0.0,4.0,0.0,0.0,0.0,0.0,0.0,0.0
40417,2023.0,10.0,8.0,16.0,21.003296,21.884575,19.708351,20.206335,20.775898,21.523163,19.88943,20.124475,19.6438,19.900234,19.249306,19.281666,21.05704,21.745586,19.782982,19.792862,18.907225,18.93459,4.0,4.0,0.0,0.0,0.0,4.0,0.0,0.0
40418,2023.0,10.0,8.0,16.0,20.454077,20.828358,20.04659,20.774723,20.260368,20.537594,20.399685,21.122015,19.488838,19.658262,19.227026,19.258293,20.658426,20.866812,19.754591,19.764626,18.890337,18.91732,0.0,0.0,4.0,0.0,0.0,0.0,0.0,0.0
40419,2023.0,10.0,8.0,16.0,20.81883,21.679209,19.920752,20.449492,20.600567,21.335115,20.59623,21.337742,19.426622,19.584833,19.203426,19.234818,20.441372,20.559513,19.723646,19.73416,18.872517,18.899311,4.0,4.0,4.0,0.0,0.0,0.0,0.0,0.0
40420,2023.0,10.0,8.0,16.0,20.926523,21.79078,20.012373,20.621502,20.698523,21.43066,20.110567,20.394106,19.27714,19.314417,19.184032,19.215778,20.397753,20.504097,20.689268,21.583548,18.857662,18.884613,4.0,4.0,0.0,0.0,0.0,0.0,4.0,0.0
40421,2023.0,10.0,8.0,16.0,20.969997,21.824547,20.025414,20.621387,20.732603,21.45338,20.415588,21.111614,19.189451,19.21392,19.162025,19.193752,21.097458,21.846006,20.249691,20.452204,18.840801,18.86769,4.0,4.0,4.0,0.0,0.0,4.0,0.0,0.0
40422,2023.0,10.0,8.0,17.0,20.44038,20.80212,20.030806,20.618517,20.759417,21.472126,20.015905,20.283733,19.154736,19.178514,19.142202,19.173954,20.63345,20.838394,20.964956,21.889849,18.825468,18.852346,4.0,4.0,0.0,0.0,0.0,0.0,4.0,0.0
40423,2023.0,10.0,8.0,17.0,20.848825,21.671772,20.013103,20.595222,20.774357,21.472523,19.825531,20.01217,19.122034,19.144125,19.118834,19.148308,20.43127,20.516361,20.315657,20.506435,18.808016,18.833378,0.0,4.0,0.0,0.0,0.0,0.0,0.0,0.0
40424,2023.0,10.0,8.0,17.0,20.435644,20.764948,20.020842,20.576283,20.784115,21.467253,20.32572,21.008425,19.793823,20.441053,19.091957,19.12037,20.357885,20.428038,19.978783,20.065205,18.78768,18.811731,4.0,4.0,4.0,4.0,0.0,0.0,0.0,0.0
40425,2023.0,10.0,8.0,17.0,20.858038,21.666235,20.015087,20.553762,20.242435,20.437273,19.900799,20.108934,20.070852,20.811592,19.065367,19.092018,20.306444,20.364325,19.896158,19.96142,18.767412,18.789978,4.0,0.0,0.0,4.0,0.0,0.0,0.0,0.0
40426,2023.0,10.0,8.0,17.0,20.941746,21.73921,20.006056,20.52903,20.649197,21.311647,20.35354,21.045395,20.010134,20.651472,19.038198,19.06405,20.219027,20.226597,19.84107,19.89897,18.747196,18.769037,4.0,4.0,4.0,0.0,0.0,0.0,0.0,0.0
40427,2023.0,10.0,8.0,17.0,20.959497,21.73843,20.0181,20.565826,20.242777,20.433329,20.49435,21.153429,19.545546,19.7035,19.007696,19.032381,20.160923,20.164967,20.740889,21.639761,18.725586,18.746912,0.0,0.0,4.0,0.0,0.0,0.0,4.0,0.0
40428,2023.0,10.0,8.0,18.0,20.404991,20.673183,19.996595,20.490274,20.561611,21.201061,20.50586,21.146442,19.303614,19.384872,19.344637,19.691732,20.118366,20.121294,21.060131,21.946754,18.703987,18.724182,4.0,4.0,4.0,0.0,4.0,0.0,4.0,0.0
40429,2023.0,10.0,8.0,18.0,21.082909,21.951654,20.001904,20.495152,21.075089,22.053656,21.098837,22.187351,19.227541,19.2893,20.096468,20.962946,21.133858,21.93365,21.023556,21.84277,18.684305,18.702429,4.0,0.0,0.0,0.0,0.0,0.0,0.0,0.0
40430,2023.0,10.0,8.0,18.0,21.015533,21.808378,20.000883,20.487432,20.99297,21.784584,21.019201,21.943176,19.125408,19.138872,19.463009,19.609335,21.00781,21.640478,21.025202,21.788187,18.66389,18.680275,4.0,4.0,0.0,0.0,0.0,0.0,0.0,0.0
40431,2023.0,10.0,8.0,18.0,20.998041,21.724234,20.001518,20.481802,21.005745,21.759285,21.029354,21.90188,19.805685,20.482271,19.124699,19.149048,21.01873,21.608896,21.024265,21.740568,18.644526,18.659029,4.0,4.0,0.0,4.0,0.0,0.0,0.0,0.0
40432,2023.0,10.0,8.0,18.0,21.046316,21.827442,20.034803,20.559046,21.055756,21.846485,21.060148,21.910439,20.04898,20.722378,19.032133,19.038952,21.039791,21.608444,21.052357,21.755688,18.625584,18.637657,0.0,0.0,0.0,0.0,0.0,0.0,0.0,0.0
40433,2023.0,10.0,8.0,18.0,21.017405,21.7413,19.58905,19.678627,21.02102,21.739672,20.994278,21.73453,20.088465,20.696762,18.983225,18.990536,21.014462,21.533724,21.01803,21.667068,18.606466,18.613892,0.0,0.0,4.0,4.0,0.0,0.0,0.0,0.0
40434,2023.0,10.0,8.0,19.0,21.017113,21.691713,19.738522,20.103998,21.026546,21.72364,21.035082,21.813166,20.013508,20.550087,18.936794,18.941685,21.231037,21.903976,21.02269,21.659628,19.478672,20.275368,4.0,0.0,0.0,0.0,0.0,4.0,0.0,4.0
40435,2023.0,10.0,8.0,19.0,21.008186,21.670156,20.031475,20.566385,20.997787,21.624569,20.99969,21.699818,20.130667,20.711765,18.891329,18.888966,21.215126,21.789082,21.021109,21.643408,20.038513,20.96579,4.0,4.0,4.0,4.0,0.0,4.0,0.0,4.0
40436,2023.0,10.0,8.0,19.0,21.001951,21.651726,20.014624,20.520777,21.005978,21.629292,21.035995,21.776905,20.00055,20.464725,18.851946,18.845783,20.99426,21.414772,21.021572,21.633036,20.019676,20.843687,0.0,4.0,0.0,0.0,0.0,0.0,0.0,0.0
40437,2023.0,10.0,8.0,19.0,21.027391,21.71944,19.55809,19.62327,21.030733,21.690517,21.027636,21.743343,20.149837,20.704388,19.160683,19.45081,21.022148,21.46615,21.33849,22.192978,19.271448,19.314,0.0,0.0,0.0,4.0,4.0,0.0,4.0,0.0
40438,2023.0,10.0,8.0,19.0,21.015984,21.652113,19.327333,19.348242,21.025085,21.66463,21.027914,21.726763,20.208805,20.759956,20.121458,21.052195,21.019777,21.456179,20.978035,21.491344,19.79629,20.52785,0.0,0.0,0.0,4.0,0.0,0.0,0.0,4.0
40439,2023.0,10.0,8.0,19.0,21.01955,21.659103,19.245977,19.256744,21.025452,21.650848,21.022924,21.71058,20.230795,20.773718,19.722471,20.11548,21.175997,21.723345,21.030956,21.598621,20.034218,20.764307,0.0,0.0,0.0,4.0,4.0,4.0,0.0,0.0
40440,2023.0,10.0,8.0,20.0,21.024525,21.68667,19.62328,20.011654,21.020676,21.637817,21.023384,21.704227,19.993998,20.36689,20.081345,20.819628,21.00137,21.39649,21.02401,21.580875,19.32239,19.328081,4.0,0.0,0.0,0.0,0.0,0.0,0.0,0.0
40441,2023.0,10.0,8.0,20.0,21.02138,21.669973,20.053349,20.694122,21.021257,21.634256,21.023123,21.696829,20.181568,20.70506,19.712425,19.997019,21.173197,21.705278,21.024614,21.576235,19.010834,18.967876,0.0,0.0,0.0,4.0,4.0,4.0,0.0,0.0
40442,2023.0,10.0,8.0,20.0,21.021763,21.658623,19.550455,19.65939,21.02109,21.62904,21.023232,21.69064,19.995432,20.355986,20.07915,20.734613,21.001432,21.38271,21.020416,21.570133,19.82109,20.585403,0.0,0.0,0.0,0.0,0.0,0.0,0.0,4.0
40443,2023.0,10.0,8.0,20.0,21.033401,21.64018,19.262856,19.273657,21.020939,21.623915,21.022856,21.68339,19.525679,19.463163,19.747099,20.006033,21.168917,21.684471,21.02102,21.571014,20.02274,20.727827,0.0,0.0,0.0,0.0,4.0,4.0,0.0,0.0
40444,2023.0,10.0,8.0,20.0,21.023565,21.646301,19.180193,19.177216,21.022793,21.593304,21.022898,21.677137,19.992565,20.52468,20.0729,20.67274,21.002392,21.37323,21.021032,21.569628,19.306288,19.28153,0.0,4.0,0.0,4.0,0.0,0.0,0.0,0.0
40445,2023.0,10.0,8.0,20.0,21.021038,21.604258,19.1253,19.116474,21.01472,21.581875,21.022839,21.671352,20.002943,20.418295,19.442434,19.407494,21.022697,21.41594,21.020895,21.567116,18.994436,18.924744,0.0,4.0,0.0,0.0,0.0,0.0,0.0,0.0
40446,2023.0,10.0,8.0,21.0,21.025423,21.64121,19.079762,19.066708,21.004076,21.555569,21.022724,21.6663,19.477991,19.395433,19.530537,19.795187,21.161852,21.653547,21.021044,21.564503,18.942995,18.915932,0.0,4.0,0.0,0.0,4.0,4.0,0.0,0.0
40447,2023.0,10.0,8.0,21.0,21.02218,21.62857,19.480213,19.848047,21.005424,21.5528,21.022964,21.66232,19.238457,19.13702,20.073467,20.70856,21.19888,21.68508,21.020939,21.561457,19.77925,20.538877,4.0,4.0,0.0,0.0,0.0,4.0,0.0,4.0
40448,2023.0,10.0,8.0,21.0,21.02261,21.622149,20.061712,20.760084,21.032194,21.62042,21.022429,21.656603,19.212437,19.180948,19.832155,20.16097,21.208094,21.689161,21.020933,21.558472,20.009794,20.665483,4.0,0.0,0.0,0.0,4.0,4.0,0.0,4.0
40449,2023.0,10.0,8.0,21.0,21.165106,21.871096,20.019634,20.614628,20.999462,21.523378,20.996483,21.579859,19.83533,20.38841,20.04219,20.571957,21.214535,21.69031,21.020681,21.555405,20.030903,20.686787,0.0,4.0,4.0,4.0,4.0,4.0,0.0,0.0
40450,2023.0,10.0,8.0,21.0,21.064545,21.622932,19.77854,20.068764,21.032007,21.603113,21.028246,21.665781,20.00563,20.487043,20.022669,20.512922,21.000944,21.326664,21.020927,21.553354,19.31763,19.25804,4.0,0.0,0.0,4.0,0.0,0.0,0.0,0.0
40451,2023.0,10.0,8.0,21.0,21.023056,21.607483,20.048267,20.591484,21.025686,21.580288,21.028637,21.649593,20.03784,20.509455,19.436607,19.359652,21.023031,21.378592,21.020975,21.551064,19.914715,20.629915,4.0,0.0,0.0,4.0,0.0,0.0,0.0,4.0
40452,2023.0,10.0,8.0,22.0,21.044386,21.647207,20.046724,20.558748,21.052204,21.62064,21.056871,21.6885,20.04607,20.51856,19.109562,18.960703,21.17745,21.650515,21.042942,21.591255,20.054092,20.671583,0.0,0.0,0.0,0.0,0.0,4.0,0.0,0.0
40453,2023.0,10.0,8.0,22.0,21.019117,21.592104,19.838648,20.107092,21.01571,21.552593,21.017376,21.612514,19.469458,19.37931,19.097769,19.046793,21.003777,21.331411,21.017494,21.537773,19.345655,19.276144,4.0,0.0,0.0,0.0,0.0,0.0,0.0,0.0
40454,2023.0,10.0,8.0,22.0,21.021967,21.594748,20.066383,20.579563,21.020718,21.565706,20.99583,21.55126,19.189804,19.061447,19.054585,19.00489,21.023212,21.374832,21.021261,21.544357,19.03434,18.925821,0.0,0.0,4.0,0.0,0.0,0.0,0.0,0.0
40455,2023.0,10.0,8.0,22.0,21.016273,21.592945,19.503254,19.46018,21.0201,21.565903,21.035091,21.644016,19.096684,18.971142,18.998617,18.952473,21.163044,21.616186,21.020699,21.541908,18.934101,18.828505,0.0,0.0,0.0,0.0,0.0,4.0,0.0,0.0
40456,2023.0,10.0,8.0,22.0,21.175344,21.876379,19.287064,19.25459,21.020233,21.566643,21.027594,21.620611,19.742037,20.263493,18.945724,18.89921,21.20341,21.656122,21.382086,22.19556,18.926147,18.886484,0.0,0.0,0.0,4.0,0.0,4.0,4.0,0.0
40457,2023.0,10.0,8.0,22.0,21.061241,21.596512,19.671997,20.035738,21.020164,21.566092,21.028364,21.614376,20.033333,20.612331,18.897535,18.85027,21.213932,21.664383,20.969433,21.390366,18.894396,18.856316,4.0,0.0,0.0,0.0,0.0,4.0,0.0,0.0
40458,2023.0,10.0,8.0,23.0,21.024742,21.596342,20.048714,20.633808,21.020113,21.565287,21.021374,21.607845,19.37914,19.282925,18.85413,18.805824,21.000448,21.301054,21.243155,21.897514,18.85126,18.813505,0.0,0.0,0.0,0.0,0.0,0.0,4.0,0.0
40459,2023.0,10.0,8.0,23.0,20.457296,20.506947,19.565544,19.6523,20.499327,20.563244,20.454596,20.5232,19.098322,18.970253,18.816036,18.76787,20.48959,20.333864,20.460615,20.352701,18.812454,18.775076,0.0,0.0,0.0,0.0,0.0,0.0,0.0,0.0
40460,2023.0,10.0,8.0,23.0,20.213526,20.179306,19.335207,19.3125,20.247623,20.207956,20.188265,20.157698,19.682838,20.140272,19.082335,19.290024,21.018778,21.467155,20.169313,19.993975,18.781536,18.742762,0.0,0.0,0.0,4.0,4.0,4.0,0.0,0.0
40461,2023.0,10.0,8.0,23.0,20.100374,20.06157,19.249481,19.216105,20.132956,20.08368,20.064137,20.025871,19.919102,20.457651,19.207558,19.460268,20.446743,20.298851,20.03514,19.861483,18.751759,18.712057,0.0,0.0,0.0,4.0,4.0,0.0,0.0,0.0
40462,2023.0,10.0,8.0,23.0,20.147047,20.240728,19.18844,19.152777,20.046965,19.996058,19.969332,19.929724,19.281862,19.182175,18.927212,18.904911,20.236273,20.03629,19.928774,19.758024,18.72339,18.682669,0.0,0.0,0.0,0.0,0.0,0.0,0.0,0.0
40463,2023.0,10.0,8.0,23.0,20.123512,20.235678,19.137371,19.099585,19.97298,19.920647,19.888111,19.847025,19.68528,20.079079,18.814772,18.761429,20.145903,19.946386,19.94478,19.882658,18.69586,18.653902,0.0,0.0,0.0,4.0,0.0,0.0,0.0,0.0
40464,2023.0,10.0,9.0,0.0,20.771608,21.497437,19.093569,19.055311,19.909098,19.857416,20.473038,21.008171,19.22153,19.111681,18.773588,18.719566,20.191402,20.11566,19.898138,19.838163,18.670017,18.62739,0.0,0.0,4.0,0.0,0.0,0.0,0.0,0.0
40465,2023.0,10.0,9.0,0.0,20.186274,20.249332,19.487003,19.825891,19.850357,19.798264,20.056215,20.123135,19.03129,18.879433,19.028385,19.226402,20.163397,20.091177,19.839714,19.778688,19.375029,19.97574,4.0,0.0,0.0,0.0,4.0,0.0,0.0,4.0
40466,2023.0,10.0,9.0,0.0,19.924646,19.874058,19.214613,19.241282,19.795101,19.741055,19.678003,19.493855,18.955112,18.802162,18.815254,18.76978,20.116264,20.041563,19.783876,19.720543,19.68151,20.382227,0.0,0.0,0.0,0.0,0.0,0.0,0.0,4.0
40467,2023.0,10.0,9.0,0.0,19.838795,19.78724,19.076618,19.04322,19.74726,19.694336,19.55427,19.355244,19.614162,20.113018,18.729605,18.671373,20.075157,20.000368,19.734192,19.671125,18.936028,18.86249,0.0,0.0,0.0,4.0,0.0,0.0,0.0,0.0
40468,2023.0,10.0,9.0,0.0,19.906216,19.990131,19.019148,18.976347,19.701378,19.648014,20.270325,20.787397,19.223282,19.230183,18.692553,18.633028,20.035257,19.959278,19.686596,19.622522,18.715723,18.586023,0.0,0.0,4.0,0.0,0.0,0.0,0.0,0.0
40469,2023.0,10.0,9.0,0.0,19.902401,20.007593,18.977554,18.933052,19.658443,19.60462,19.757925,19.68333,18.955076,18.806337,18.65813,18.597261,19.997713,19.920525,19.641968,19.576897,18.638832,18.505184,0.0,0.0,0.0,0.0,0.0,0.0,0.0,0.0
40470,2023.0,10.0,9.0,1.0,19.867075,19.970009,18.93827,18.88897,19.614574,19.556814,19.471844,19.25575,18.855446,18.690073,18.62436,18.559717,19.960154,19.879652,19.597763,19.529526,18.575912,18.437418,0.0,0.0,0.0,0.0,0.0,0.0,0.0,0.0
40471,2023.0,10.0,9.0,1.0,19.83535,19.939089,18.907495,18.859028,19.578003,19.52141,19.54757,19.494257,18.89679,18.8349,18.596062,18.531519,19.9279,19.847506,19.55919,19.491156,18.614607,18.562965,0.0,0.0,0.0,0.0,0.0,0.0,0.0,0.0
40472,2023.0,10.0,9.0,1.0,19.805677,19.910725,18.881943,18.83695,19.546446,19.493784,19.515081,19.467787,18.876139,18.816332,18.863455,19.05414,19.899483,19.82094,19.524847,19.458843,19.32681,19.919981,0.0,0.0,0.0,0.0,4.0,0.0,0.0,4.0
40473,2023.0,10.0,9.0,1.0,19.775318,19.879969,18.855536,18.811108,19.51378,19.462025,19.475704,19.430529,19.422676,19.86944,18.67703,18.644688,19.871067,19.792557,19.490667,19.424778,18.757776,18.674368,0.0,0.0,0.0,4.0,0.0,0.0,0.0,0.0
40474,2023.0,10.0,9.0,1.0,19.746258,19.850355,19.274906,19.618942,19.482513,19.431387,19.437784,19.393343,19.043852,19.03373,18.580738,18.518309,19.844135,19.76552,19.458158,19.39222,19.273506,19.757147,4.0,0.0,0.0,0.0,0.0,0.0,0.0,4.0
40475,2023.0,10.0,9.0,1.0,19.718252,19.82143,19.004984,19.025822,19.452177,19.40118,19.401423,19.357008,18.802355,18.647938,18.549799,18.486694,19.818403,19.739391,19.426966,19.360643,19.511787,20.070656,0.0,0.0,0.0,0.0,0.0,0.0,0.0,4.0
40476,2023.0,10.0,9.0,2.0,19.692406,19.795847,18.878548,18.84209,19.424366,19.374746,19.368753,19.325745,18.726473,18.569288,18.523386,18.460953,19.794981,19.716541,19.398323,19.332706,18.848063,18.748655,0.0,0.0,0.0,0.0,0.0,0.0,0.0,0.0
40477,2023.0,10.0,9.0,2.0,19.664894,19.766287,18.830492,18.78508,19.395067,19.344227,19.335028,19.29059,18.763527,18.696043,18.806799,19.01323,19.770813,19.69108,19.369024,19.302197,18.650255,18.507776,0.0,0.0,0.0,0.0,4.0,0.0,0.0,0.0
40478,2023.0,10.0,9.0,2.0,19.638987,19.739578,18.79774,18.75188,19.367699,19.316916,19.303816,19.259531,18.752748,18.691103,18.604546,18.571024,19.7482,19.66815,19.34159,19.274683,19.324533,19.847036,0.0,0.0,0.0,0.0,0.0,0.0,0.0,4.0
40479,2023.0,10.0,9.0,2.0,19.612585,19.711376,18.768377,18.720789,19.33992,19.288088,19.952656,20.506273,19.310362,19.76096,18.508364,18.442858,19.72533,19.64422,19.313946,19.246115,18.776056,18.66955,0.0,0.0,4.0,4.0,0.0,0.0,0.0,0.0
40480,2023.0,10.0,9.0,2.0,19.58712,19.684324,18.74149,18.692564,19.312918,19.26018,19.538376,19.588058,18.928547,18.915716,18.477055,18.410236,19.702972,19.620935,19.28696,19.21836,18.588793,18.439713,0.0,0.0,0.0,0.0,0.0,0.0,0.0,0.0
40481,2023.0,10.0,9.0,2.0,19.56129,19.655802,18.714802,18.663279,19.285204,19.230309,19.181482,18.976109,18.67641,18.504938,18.446966,18.37776,19.680098,19.59633,19.25951,19.189274,18.516039,18.364374,0.0,0.0,0.0,0.0,0.0,0.0,0.0,0.0
40482,2023.0,10.0,9.0,3.0,19.537832,19.631613,18.691406,18.639633,19.260134,19.205246,19.086021,18.871893,19.164307,19.483982,18.421219,18.351744,19.658844,19.574753,19.233908,19.163551,18.54643,18.48227,0.0,0.0,0.0,4.0,0.0,0.0,0.0,0.0
40483,2023.0,10.0,9.0,3.0,19.513605,19.60557,18.667463,18.614134,19.23423,19.178087,19.163574,19.089205,18.73602,18.575779,18.395245,18.324383,19.636906,19.551632,19.20771,19.136356,18.529264,18.47068,0.0,0.0,0.0,0.0,0.0,0.0,0.0,0.0
40484,2023.0,10.0,9.0,3.0,19.490072,19.580523,18.644436,18.589876,19.209013,19.151957,19.16482,19.111006,19.186016,19.526958,18.662094,18.843271,19.61535,19.52918,19.182041,19.110018,19.22743,19.811625,0.0,0.0,0.0,4.0,4.0,0.0,0.0,4.0
40485,2023.0,10.0,9.0,3.0,19.46645,19.55504,18.621567,18.56529,19.183683,19.125246,19.137545,19.083965,18.759214,18.612623,18.476028,18.43378,19.593594,19.506205,19.156227,19.083178,18.635319,18.526772,0.0,0.0,0.0,0.0,0.0,0.0,0.0,0.0
40486,2023.0,10.0,9.0,3.0,19.441555,19.52671,18.59693,18.536503,19.156391,19.094278,19.106651,19.049383,18.577707,18.382698,18.376602,18.299452,19.570616,19.480677,19.129251,19.053806,18.429361,18.258854,0.0,0.0,0.0,0.0,0.0,0.0,0.0,0.0
40487,2023.0,10.0,9.0,3.0,19.426914,19.51887,18.574934,18.512762,19.131586,19.068054,19.078114,19.019608,18.648952,18.589676,18.344513,18.266012,19.549065,19.457907,19.103817,19.027348,18.468958,18.403944,0.0,0.0,0.0,0.0,0.0,0.0,0.0,0.0
40488,2023.0,10.0,9.0,4.0,19.414358,19.513424,18.555376,18.493784,19.784273,20.31479,19.052317,18.99511,18.620474,18.548557,18.316786,18.239222,19.528948,19.437887,19.079935,19.003782,18.444304,18.380156,0.0,4.0,0.0,0.0,0.0,0.0,0.0,0.0
40489,2023.0,10.0,9.0,4.0,19.396423,19.49612,18.53558,18.474161,19.38711,19.425234,19.026052,18.96932,18.588697,18.51612,18.290428,18.212845,19.509287,19.418463,19.056509,18.980618,18.413761,18.350105,0.0,0.0,0.0,0.0,0.0,0.0,0.0,0.0
40490,2023.0,10.0,9.0,4.0,19.376547,19.475433,18.516155,18.454641,19.018614,18.783096,19.00005,18.9432,18.55941,18.48628,18.265415,18.18737,19.490288,19.399393,19.03397,18.95796,18.383808,18.31961,0.0,0.0,0.0,0.0,0.0,0.0,0.0,0.0
40491,2023.0,10.0,9.0,4.0,19.358307,19.45804,18.499006,18.43925,18.92974,18.689734,18.976982,18.922274,18.53383,18.462349,18.243881,18.167429,19.473104,19.383497,19.013391,18.938751,19.086311,19.666677,0.0,0.0,0.0,0.0,0.0,0.0,0.0,4.0
40492,2023.0,10.0,9.0,4.0,19.339153,19.43881,18.481241,18.422264,19.020302,18.928411,18.953398,18.899513,19.08485,19.519522,18.222452,18.146536,19.455473,19.366444,18.992159,18.918093,18.497084,18.384687,0.0,0.0,0.0,4.0,0.0,0.0,0.0,0.0
40493,2023.0,10.0,9.0,4.0,19.320293,19.419872,18.463808,18.405577,19.037205,18.974121,18.93049,18.877327,18.719112,18.706123,18.202076,18.126713,20.154757,20.705296,18.971094,18.897589,18.30229,18.135275,0.0,0.0,0.0,0.0,0.0,4.0,0.0,0.0
40494,2023.0,10.0,9.0,5.0,19.301952,19.401506,18.446775,18.389332,19.018137,18.957489,18.908043,18.855745,18.466215,18.291616,18.182734,18.108027,19.542444,19.389156,19.905,20.675413,18.242428,18.077135,0.0,0.0,0.0,0.0,0.0,0.0,4.0,0.0
40495,2023.0,10.0,9.0,5.0,19.282846,19.381466,18.428957,18.371283,18.996449,18.935726,18.88476,18.832344,18.377834,18.189838,18.1633,18.088373,20.037048,20.424427,20.065979,20.74001,18.28593,18.214718,0.0,0.0,0.0,0.0,0.0,4.0,4.0,0.0
40496,2023.0,10.0,9.0,5.0,19.263817,19.36183,18.411402,18.353733,18.975075,18.91431,18.861961,18.809824,18.428486,18.343966,18.144606,18.069796,19.529318,19.353687,19.257032,19.130222,18.280914,18.218472,0.0,0.0,0.0,0.0,0.0,0.0,0.0,0.0
40497,2023.0,10.0,9.0,5.0,19.243078,19.338982,18.391836,18.33211,18.951746,18.888624,18.837029,18.782812,18.43071,18.358988,18.124567,18.048218,19.345987,19.108292,19.007296,18.804169,18.25719,18.193998,0.0,0.0,0.0,0.0,0.0,0.0,0.0,0.0
40498,2023.0,10.0,9.0,5.0,19.224457,19.32044,18.837725,19.18421,18.931734,18.869892,18.815975,18.7633,18.410067,18.339376,18.408577,18.595776,19.292784,19.060497,18.927143,18.730867,18.234896,18.172588,4.0,0.0,0.0,0.0,4.0,0.0,0.0,0.0
40499,2023.0,10.0,9.0,5.0,19.205088,19.300573,18.582712,18.61202,18.910412,18.848824,18.79401,18.741589,18.388184,18.317806,18.220818,18.177898,19.371376,19.266819,18.862719,18.669716,18.941174,19.522432,0.0,0.0,0.0,0.0,0.0,0.0,0.0,4.0
40500,2023.0,10.0,9.0,6.0,19.185328,19.27993,18.435747,18.3829,18.888556,18.826794,18.772,18.719202,18.949322,19.391516,18.130589,18.055609,19.379894,19.289877,18.916843,18.832724,18.462282,18.457962,0.0,0.0,0.0,4.0,0.0,0.0,0.0,0.0
40501,2023.0,10.0,9.0,6.0,21.255112,22.940647,18.39514,18.335546,21.241674,23.000195,21.248917,23.136267,20.15436,21.414877,18.393684,18.568733,21.242529,22.531286,21.35491,23.038908,18.200014,18.035944,0.0,4.0,0.0,0.0,4.0,0.0,0.0,0.0
40502,2023.0,10.0,9.0,6.0,20.98046,22.17286,18.798983,19.115498,21.01071,22.314077,20.981422,22.311832,18.988823,18.934927,20.212831,21.668774,21.009449,21.976746,20.975462,22.133743,18.092846,17.921091,4.0,0.0,4.0,0.0,4.0,0.0,4.0,0.0
40503,2023.0,10.0,9.0,6.0,21.01267,22.11718,20.150053,21.370636,21.023579,22.142008,21.046324,22.298666,18.449633,18.25224,19.994478,21.035992,21.000753,21.830011,21.055145,22.172672,18.913683,19.530426,4.0,4.0,0.0,0.0,4.0,4.0,0.0,4.0
40504,2023.0,10.0,9.0,6.0,21.01751,22.03017,20.005304,20.908283,21.02242,22.026106,21.045475,22.164413,19.074339,19.53819,20.046482,20.996729,21.01104,21.762306,21.039202,22.033768,20.119106,21.368015,4.0,4.0,0.0,4.0,0.0,4.0,0.0,4.0
40505,2023.0,10.0,9.0,6.0,21.04333,22.034822,20.023438,20.830883,21.021847,21.947083,21.019135,21.999096,20.123014,21.201653,19.03627,18.938568,21.009012,21.696728,21.000288,21.85005,19.997173,20.961906,4.0,4.0,4.0,0.0,0.0,4.0,4.0,4.0
40506,2023.0,10.0,9.0,7.0,21.008919,21.89109,20.020037,20.746101,21.020699,21.888697,21.048944,22.016848,19.575474,19.936857,18.649591,18.568365,21.00806,21.649645,21.006905,21.815512,20.010357,20.877357,4.0,4.0,0.0,4.0,0.0,4.0,4.0,4.0
40507,2023.0,10.0,9.0,7.0,21.015,21.86617,20.037842,20.741291,21.019938,21.845318,21.015978,21.881536,20.08845,20.931131,18.571905,18.485619,21.038265,21.69425,21.005505,21.780113,20.004215,20.785978,0.0,4.0,4.0,4.0,0.0,0.0,4.0,4.0
40508,2023.0,10.0,9.0,7.0,21.013552,21.837795,19.528336,19.694088,21.019342,21.812159,21.047709,21.931995,20.029552,20.757706,18.492184,18.408978,21.03216,21.646278,21.046238,21.864693,20.04189,20.832438,4.0,4.0,0.0,0.0,0.0,0.0,0.0,0.0
40509,2023.0,10.0,9.0,7.0,21.0413,21.892645,20.100248,20.839405,21.019026,21.78666,21.041128,21.88869,19.148962,19.000887,18.423435,18.340506,21.032312,21.617668,20.997082,21.709063,19.102787,18.971643,4.0,4.0,0.0,0.0,0.0,0.0,4.0,0.0
40510,2023.0,10.0,9.0,7.0,21.007881,21.78241,20.007706,20.61188,21.044407,21.837097,21.041346,21.864119,19.430716,19.841461,18.723671,18.956747,21.001125,21.514212,21.046064,21.818388,19.559134,20.159847,4.0,0.0,0.0,4.0,4.0,4.0,0.0,4.0
40511,2023.0,10.0,9.0,7.0,21.012953,21.780169,20.019617,20.606085,21.038523,21.80208,21.030436,21.842562,20.262043,21.230883,20.194544,21.435408,21.036753,21.594929,21.036646,21.77758,20.273958,21.315514,4.0,0.0,0.0,0.0,0.0,0.0,0.0,0.0
40512,2023.0,10.0,9.0,8.0,21.012306,21.77008,20.035868,20.631363,21.012777,21.710506,21.03141,21.84076,19.178307,19.035412,19.188486,19.308025,21.03079,21.566526,21.036938,21.757711,19.117605,18.989073,0.0,4.0,0.0,0.0,0.0,0.0,0.0,0.0
40513,2023.0,10.0,9.0,8.0,20.161602,20.160706,19.280354,19.162815,20.091131,19.964046,20.240067,20.316248,18.738365,18.522322,18.651716,18.588976,20.243475,20.03841,20.093285,19.925785,18.675074,18.481155,0.0,0.0,0.0,0.0,0.0,0.0,0.0,0.0
40514,2023.0,10.0,9.0,8.0,19.814003,19.698956,19.323044,19.40025,19.68198,19.398294,19.875376,19.813778,18.765114,18.679478,18.557726,18.48475,20.877039,21.431875,20.884665,21.662102,18.570116,18.382141,4.0,0.0,0.0,0.0,0.0,4.0,4.0,0.0
40515,2023.0,10.0,9.0,8.0,20.356838,20.851242,20.103539,20.845945,19.514837,19.232561,19.713013,19.642834,18.746296,18.6795,18.503521,18.43205,20.850752,21.252598,20.885262,21.493555,18.60737,18.540796,0.0,0.0,0.0,0.0,0.0,4.0,4.0,0.0
40516,2023.0,10.0,9.0,8.0,19.91487,19.922424,19.308443,19.244318,19.539131,19.429428,19.578392,19.51608,18.697609,18.637169,18.455872,18.391132,20.146622,19.962074,19.993757,19.850283,18.58543,18.5312,0.0,0.0,0.0,0.0,0.0,0.0,0.0,0.0
40517,2023.0,10.0,9.0,8.0,19.65086,19.562101,19.100496,19.029827,19.509024,19.431555,19.47859,19.412123,18.66167,18.602974,18.424131,18.361471,19.910292,19.661467,19.681093,19.458572,18.545414,18.49335,0.0,0.0,0.0,0.0,0.0,0.0,0.0,0.0
40518,2023.0,10.0,9.0,9.0,19.560593,19.496906,19.024391,18.970776,19.45021,19.384825,19.404688,19.351809,18.633718,18.581312,18.401716,18.345713,20.554302,20.970686,20.524939,21.174368,18.51181,18.465748,0.0,0.0,0.0,0.0,0.0,4.0,4.0,0.0
40519,2023.0,10.0,9.0,9.0,19.618261,19.70121,19.380684,19.709158,19.393812,19.335365,19.335705,19.28945,19.266788,19.794672,18.384375,18.333668,20.717218,21.171837,19.845325,19.748375,18.483139,18.44139,4.0,0.0,0.0,4.0,0.0,4.0,0.0,0.0
40520,2023.0,10.0,9.0,9.0,19.605894,19.71905,20.095297,20.95211,19.342352,19.290298,19.274084,19.234018,20.11761,21.172081,18.372568,18.32711,20.0801,19.934269,19.574968,19.398607,18.459621,18.422075,0.0,0.0,0.0,0.0,0.0,0.0,0.0,0.0
40521,2023.0,10.0,9.0,9.0,19.553572,19.667133,19.782358,20.232042,19.28988,19.245872,19.21228,19.180494,19.174753,19.174112,18.364605,18.324865,19.83127,19.648043,20.425024,21.109072,18.437996,18.405336,4.0,0.0,0.0,0.0,0.0,0.0,4.0,0.0
40522,2023.0,10.0,9.0,9.0,19.513735,19.630606,20.074,20.777336,19.923294,20.477535,19.164946,19.138266,18.857645,18.726479,18.362837,18.324642,20.509132,20.990284,20.662033,21.376461,18.42254,18.390892,0.0,4.0,0.0,0.0,0.0,4.0,4.0,0.0
40523,2023.0,10.0,9.0,9.0,20.188454,20.941803,19.717031,20.024923,19.592798,19.6787,19.116154,19.096592,18.836185,18.779213,18.363304,18.326668,20.756674,21.265305,19.876331,19.819813,18.407848,18.377476,4.0,0.0,0.0,0.0,0.0,4.0,0.0,0.0
40524,2023.0,10.0,9.0,10.0,19.655397,19.785597,20.059685,20.679516,19.28937,19.188648,19.078465,19.0644,18.818003,18.77233,18.36949,18.334015,20.829569,21.348618,19.621782,19.484411,18.39938,18.369556,4.0,0.0,0.0,0.0,0.0,4.0,0.0,0.0
40525,2023.0,10.0,9.0,10.0,19.370312,19.42784,20.050655,20.660442,19.170145,19.063417,19.037502,19.028315,18.786594,18.74298,18.379765,18.34662,20.908175,21.445,19.520674,19.39039,18.392399,18.363562,0.0,0.0,0.0,0.0,0.0,4.0,0.0,0.0
40526,2023.0,10.0,9.0,10.0,19.328415,19.405191,19.437431,19.471144,19.183556,19.156809,19.005136,19.005108,18.76482,18.725115,18.391605,18.358799,20.292208,20.23582,19.466476,19.353392,18.389095,18.361423,0.0,0.0,0.0,0.0,0.0,0.0,0.0,0.0
40527,2023.0,10.0,9.0,10.0,19.363092,19.510376,19.179525,19.12523,19.1698,19.161165,19.660614,20.266832,18.752876,18.71453,18.40696,18.374851,20.098557,19.966606,19.434633,19.334435,18.389563,18.362337,0.0,0.0,4.0,0.0,0.0,0.0,0.0,0.0
40528,2023.0,10.0,9.0,10.0,19.357527,19.516485,19.575104,19.969156,19.142294,19.140673,19.846375,20.471338,18.744652,18.707497,18.42436,18.392881,20.04253,19.918476,19.447792,19.395811,18.392437,18.365488,4.0,0.0,4.0,0.0,0.0,0.0,0.0,0.0
40529,2023.0,10.0,9.0,10.0,19.33981,19.50306,20.04873,20.769121,19.117004,19.12191,19.283236,19.352211,18.740911,18.704481,18.841175,19.161724,20.013878,19.903355,19.438292,19.392832,18.398365,18.371319,4.0,0.0,0.0,0.0,4.0,0.0,0.0,0.0
40530,2023.0,10.0,9.0,11.0,19.320496,19.488182,20.02064,20.67872,19.09075,19.1022,19.044294,19.064646,18.739363,18.703295,20.157064,21.339273,20.030672,19.969534,20.429234,21.283285,18.406084,18.378683,0.0,0.0,0.0,0.0,0.0,0.0,4.0,0.0
40531,2023.0,10.0,9.0,11.0,19.301653,19.47306,19.485502,19.619661,19.735226,20.338535,18.991137,19.018482,18.741545,18.7052,19.359484,19.57479,20.030651,19.97776,19.921381,19.99966,18.415586,18.387594,0.0,4.0,0.0,0.0,0.0,0.0,0.0,0.0
40532,2023.0,10.0,9.0,11.0,19.28593,19.460442,19.244085,19.282082,19.357399,19.48646,18.973675,19.017038,18.748617,18.711863,19.010048,18.986511,20.023691,19.972004,19.671377,19.622328,18.426727,18.398228,0.0,0.0,0.0,0.0,0.0,0.0,0.0,0.0
40533,2023.0,10.0,9.0,11.0,19.271158,19.449131,19.155512,19.192303,19.181067,19.229225,19.626284,20.267645,18.758087,18.720905,18.950424,18.908869,20.019196,19.968105,19.615986,19.57014,18.439306,18.410082,0.0,0.0,4.0,0.0,0.0,0.0,0.0,0.0
40534,2023.0,10.0,9.0,11.0,19.947802,20.735807,19.088913,19.129194,19.148039,19.20773,19.231853,19.382183,18.770098,18.732573,18.929527,18.88455,20.01799,19.967028,19.592287,19.555004,18.45383,18.424095,0.0,0.0,0.0,0.0,0.0,0.0,0.0,0.0
40535,2023.0,10.0,9.0,11.0,20.128014,20.919071,19.036629,19.082756,19.764263,20.391178,19.07869,19.172586,18.783997,18.746096,18.923973,18.878096,20.019232,19.96832,19.56507,19.519505,19.376959,20.153763,0.0,4.0,0.0,0.0,0.0,0.0,0.0,4.0
40536,2023.0,10.0,9.0,12.0,19.61478,19.88496,18.991718,19.043184,19.391176,19.561327,19.049751,19.1552,18.800444,18.762777,18.925642,18.8798,20.02307,19.972403,19.5478,19.501143,20.088171,21.239502,0.0,0.0,0.0,0.0,0.0,0.0,0.0,0.0
40537,2023.0,10.0,9.0,12.0,21.225069,22.826002,19.373028,19.801365,21.234093,22.913465,21.252079,23.009594,18.818113,18.780382,18.929651,18.883862,21.163351,22.007788,21.228249,22.434076,19.287443,19.497921,4.0,0.0,4.0,0.0,0.0,0.0,0.0,0.0
40538,2023.0,10.0,9.0,12.0,21.00116,22.21937,20.070486,20.933372,20.97654,22.17847,21.005283,22.33699,18.83864,18.8015,18.938898,18.893675,21.002195,21.603014,20.997473,21.886831,18.910997,18.960726,4.0,4.0,0.0,0.0,0.0,0.0,0.0,0.0
40539,2023.0,10.0,9.0,12.0,21.005096,22.103382,19.996296,20.71311,21.040747,22.204006,21.03783,22.268263,19.627306,20.276423,18.952969,18.90845,21.014748,21.557892,21.024035,21.839441,18.87272,18.917107,4.0,0.0,0.0,4.0,0.0,0.0,0.0,0.0
40540,2023.0,10.0,9.0,12.0,21.063395,22.174759,20.041775,20.774164,21.028362,22.055046,21.074898,22.237144,20.049706,20.82446,18.971855,18.929628,21.033674,21.533154,21.049957,21.810574,18.7965,18.765478,0.0,4.0,0.0,0.0,0.0,0.0,0.0,0.0
40541,2023.0,10.0,9.0,12.0,21.02076,22.037401,19.557465,19.796583,21.033201,22.047342,21.025282,22.083221,19.558403,19.738728,18.99056,18.948853,21.010475,21.446371,21.01516,21.696093,18.77583,18.745281,0.0,0.0,0.0,0.0,0.0,0.0,0.0,0.0
40542,2023.0,10.0,9.0,13.0,20.998726,21.936504,19.337875,19.541847,21.028395,21.99377,21.031387,22.04937,19.334694,19.41378,19.01095,18.970871,21.01221,21.41515,21.019878,21.664236,19.729153,20.555748,0.0,0.0,0.0,0.0,0.0,0.0,0.0,4.0
40543,2023.0,10.0,9.0,13.0,21.031145,21.99905,19.589468,20.058783,21.027168,21.956875,21.028973,22.009085,19.301628,19.37234,19.031662,18.993721,21.010862,21.384598,21.018269,21.628267,20.021032,20.81584,4.0,0.0,0.0,0.0,0.0,0.0,0.0,0.0
40544,2023.0,10.0,9.0,13.0,21.022915,21.961515,20.068724,20.855396,21.027214,21.92858,21.00339,21.909763,19.209492,19.184649,19.05165,19.01539,21.010927,21.361715,21.018291,21.601263,19.423456,19.565266,0.0,0.0,4.0,0.0,0.0,0.0,0.0,0.0
40545,2023.0,10.0,9.0,13.0,21.022856,21.942293,19.59349,19.877514,21.026571,21.90474,21.033552,21.97544,19.170935,19.139837,19.072224,19.037731,21.01051,21.341944,21.017742,21.577929,19.205694,19.287167,0.0,0.0,0.0,0.0,0.0,0.0,0.0,0.0
40546,2023.0,10.0,9.0,13.0,21.023157,21.925543,19.768373,20.344774,21.025747,21.884958,20.99998,21.872805,19.167704,19.13754,19.092072,19.060118,21.010181,21.32573,21.017057,21.558346,19.182772,19.269497,4.0,0.0,4.0,0.0,0.0,0.0,0.0,0.0
40547,2023.0,10.0,9.0,13.0,21.022411,21.909521,20.026937,20.722702,21.024786,21.867983,21.00609,21.876,19.16958,19.14165,19.112375,19.083939,21.009695,21.312006,21.01626,21.541437,19.062853,19.038334,4.0,0.0,4.0,0.0,0.0,0.0,0.0,0.0
40548,2023.0,10.0,9.0,14.0,21.047302,21.94381,20.001606,20.630322,21.052565,21.907465,21.010988,21.87847,19.173723,19.148521,19.132418,19.107485,21.021767,21.324266,21.036442,21.566368,19.016474,18.993286,4.0,0.0,4.0,0.0,0.0,0.0,0.0,0.0
40549,2023.0,10.0,9.0,14.0,21.017586,21.83827,20.017918,20.66988,20.919956,21.603445,20.364067,20.65846,19.176994,19.152779,19.524105,19.831587,20.723305,20.735834,20.523859,20.559496,19.887527,20.65385,0.0,4.0,0.0,0.0,4.0,0.0,0.0,4.0
40550,2023.0,10.0,9.0,14.0,20.473835,20.837164,20.027403,20.644827,20.28747,20.466127,20.598963,21.31774,19.18083,19.158216,20.053064,20.659666,20.580435,20.54562,20.271753,20.24002,20.004612,20.643852,4.0,0.0,4.0,0.0,0.0,0.0,0.0,0.0
40551,2023.0,10.0,9.0,14.0,20.223076,20.548365,20.043625,20.663013,20.068907,20.27824,20.193537,20.462387,19.184145,19.163364,19.59109,19.669077,20.535337,20.498629,20.18444,20.148788,19.54973,19.705912,4.0,0.0,0.0,0.0,0.0,0.0,0.0,0.0
40552,2023.0,10.0,9.0,14.0,20.784208,21.667475,20.065678,20.689083,20.622738,21.380486,20.013706,20.243103,19.18679,19.167982,19.788816,20.092035,20.510063,20.474644,20.135902,20.101318,19.431074,19.544981,4.0,4.0,0.0,0.0,4.0,0.0,0.0,0.0
40553,2023.0,10.0,9.0,14.0,20.342262,20.740366,20.005913,20.589718,20.20108,20.496067,19.933638,20.169638,19.189009,19.172531,20.02933,20.482899,20.487228,20.454046,20.093515,20.061375,19.400423,19.51755,0.0,0.0,0.0,0.0,0.0,0.0,0.0,0.0
40554,2023.0,10.0,9.0,15.0,20.713066,21.58394,19.732222,20.05945,20.523668,21.251747,20.429016,21.157015,19.895311,20.505966,19.819477,20.033432,20.46355,20.433311,20.050768,20.021873,20.192148,21.022972,0.0,4.0,4.0,4.0,0.0,0.0,0.0,4.0
40555,2023.0,10.0,9.0,15.0,20.857403,21.754938,19.996931,20.613586,20.665554,21.429522,20.582579,21.350655,20.0126,20.59818,19.739283,19.904615,20.443893,20.41449,20.017365,19.98899,19.963793,20.522577,4.0,4.0,4.0,0.0,0.0,0.0,0.0,0.0
40556,2023.0,10.0,9.0,15.0,20.916079,21.808962,20.0043,20.570885,20.169432,20.454885,20.085377,20.372015,19.668049,19.856247,19.566744,19.575134,20.423553,20.396358,19.983652,19.957937,19.593552,19.759186,0.0,0.0,0.0,0.0,0.0,0.0,0.0,0.0
40557,2023.0,10.0,9.0,15.0,20.389269,20.78027,19.742136,20.062157,19.951065,20.196821,19.867535,20.11538,20.264769,21.044573,19.47996,19.46931,20.404148,20.379162,19.95233,19.929035,19.448631,19.580915,0.0,0.0,0.0,4.0,0.0,0.0,0.0,0.0
40558,2023.0,10.0,9.0,15.0,20.83836,21.726284,19.885912,20.37038,19.88979,20.130716,19.80705,20.050222,19.965357,20.421774,19.814754,20.122272,20.3877,20.364809,19.927258,19.90604,19.417475,19.54803,4.0,0.0,0.0,0.0,4.0,0.0,0.0,0.0
40559,2023.0,10.0,9.0,15.0,21.002115,21.88815,20.006914,20.541824,20.434689,21.1918,19.636904,19.758612,19.70625,19.886583,20.02201,20.42037,20.36941,20.349163,19.900238,19.881754,19.259928,19.259455,4.0,4.0,0.0,0.0,0.0,0.0,0.0,0.0
40560,2023.0,10.0,9.0,16.0,21.044046,21.935175,20.012285,20.565668,20.636906,21.400736,19.5286,19.627998,19.60034,19.749016,19.701687,19.771118,21.1109,21.776424,19.87536,19.859766,19.183012,19.178701,0.0,4.0,0.0,0.0,0.0,4.0,0.0,0.0
40561,2023.0,10.0,9.0,16.0,20.512022,20.906677,20.115768,20.73377,20.152824,20.446075,20.145063,20.83515,19.438765,19.447372,19.524166,19.527355,20.816986,21.030813,19.851833,19.838621,19.146912,19.143938,4.0,0.0,4.0,0.0,0.0,0.0,0.0,0.0
40562,2023.0,10.0,9.0,16.0,20.326464,20.66973,20.157452,20.780155,20.59398,21.367409,19.837072,20.135935,19.37645,19.375988,19.479374,19.479158,20.645031,20.751799,19.831766,19.821136,19.120363,19.119484,4.0,4.0,0.0,0.0,0.0,0.0,0.0,0.0
40563,2023.0,10.0,9.0,16.0,20.846758,21.704304,19.991985,20.4899,20.171677,20.479525,19.702745,19.944,19.347744,19.350246,19.818811,20.148685,20.595589,20.69488,19.811491,19.804008,19.97749,20.763832,0.0,0.0,0.0,0.0,4.0,0.0,0.0,4.0
40564,2023.0,10.0,9.0,16.0,20.483797,20.874638,20.125359,20.728432,20.482565,21.202953,20.234167,20.97064,20.022488,20.652699,20.019438,20.439484,20.46685,20.47305,19.788555,19.78415,19.99142,20.590487,4.0,4.0,4.0,4.0,0.0,0.0,0.0,0.0
40565,2023.0,10.0,9.0,16.0,20.867535,21.743359,19.989723,20.468273,20.679396,21.426962,19.909212,20.186485,20.43367,21.225142,19.81106,20.023449,20.395247,20.390146,19.765938,19.764566,19.611895,19.82607,0.0,4.0,0.0,4.0,0.0,0.0,0.0,0.0
40566,2023.0,10.0,9.0,17.0,20.479992,20.869299,20.129887,20.72101,20.209974,20.503067,19.71752,19.95489,19.982992,20.36892,19.709595,19.895203,20.359068,20.357811,20.737743,21.62486,19.429157,19.585445,4.0,0.0,0.0,0.0,0.0,0.0,4.0,0.0
40567,2023.0,10.0,9.0,17.0,20.232738,20.553833,19.989918,20.452408,20.51587,21.214455,19.651146,19.868858,19.72826,19.89224,19.530317,19.573345,21.082413,21.76512,20.309671,20.515327,19.353535,19.490662,0.0,4.0,0.0,0.0,0.0,4.0,0.0,0.0
40568,2023.0,10.0,9.0,17.0,20.759207,21.593845,19.758776,20.015879,20.691217,21.404902,19.505556,19.61197,20.318075,21.076422,19.419617,19.436626,21.389053,22.151873,20.006615,20.110191,19.195671,19.216616,0.0,4.0,0.0,4.0,0.0,4.0,0.0,0.0
40569,2023.0,10.0,9.0,17.0,20.89778,21.740103,19.551897,19.672012,20.181887,20.414804,20.107653,20.784483,19.961407,20.370642,19.36961,19.384907,20.781988,20.943317,19.932655,20.015888,19.125656,19.137318,0.0,0.0,4.0,0.0,0.0,0.0,0.0,0.0
40570,2023.0,10.0,9.0,17.0,20.948828,21.773169,19.865849,20.339804,19.922356,20.082094,19.79629,20.014416,20.33901,21.059813,19.31897,19.33493,20.507818,20.574646,19.877073,19.950468,19.076654,19.08885,4.0,0.0,0.0,4.0,0.0,0.0,0.0,0.0
40571,2023.0,10.0,9.0,17.0,20.97906,21.786837,20.004904,20.530725,20.447388,21.115826,20.222658,20.885653,20.436731,21.15072,19.275925,19.292074,21.186691,21.908733,20.844387,21.802254,19.038963,19.052216,4.0,4.0,4.0,4.0,0.0,4.0,4.0,0.0
40572,2023.0,10.0,9.0,18.0,21.004017,21.795416,20.014803,20.536768,20.626781,21.28685,19.87127,20.077684,20.481781,21.176567,19.229588,19.246138,21.377182,22.084736,20.286915,20.446527,19.000357,19.014181,0.0,4.0,0.0,4.0,0.0,4.0,0.0,0.0
40573,2023.0,10.0,9.0,18.0,21.017439,21.787685,20.03373,20.525932,21.079199,22.071144,21.195425,22.524223,20.512976,21.188046,19.543203,19.8734,20.98493,21.37373,21.29155,22.4639,18.962458,18.97466,4.0,0.0,0.0,4.0,4.0,0.0,0.0,0.0
40574,2023.0,10.0,9.0,18.0,21.02225,21.79886,20.012424,20.490799,21.01837,21.872217,21.007036,22.019058,19.974953,20.244547,20.06227,20.717918,21.019115,21.442747,21.173277,22.041708,19.879414,20.743542,0.0,0.0,0.0,0.0,0.0,0.0,4.0,4.0
40575,2023.0,10.0,9.0,18.0,21.047638,21.790041,19.665295,19.809896,21.026068,21.83118,21.003613,21.90929,19.694067,19.750448,19.557096,19.667315,21.295597,21.941492,21.008331,21.721434,20.00415,20.71555,0.0,0.0,4.0,0.0,0.0,4.0,0.0,0.0
40576,2023.0,10.0,9.0,18.0,21.019384,21.746288,19.45536,19.531776,20.999123,21.715105,21.034042,21.93221,19.523014,19.536987,19.277296,19.291273,21.377136,22.009066,21.025824,21.715689,19.400875,19.480387,0.0,4.0,0.0,0.0,0.0,4.0,0.0,0.0
40577,2023.0,10.0,9.0,18.0,21.020826,21.730581,19.348808,19.387825,21.031519,21.772713,21.027235,21.871523,19.424402,19.424532,19.579556,19.929152,21.391916,22.0046,21.02243,21.675262,19.137619,19.156551,0.0,0.0,0.0,0.0,4.0,4.0,0.0,0.0
40578,2023.0,10.0,9.0,19.0,21.02047,21.712112,19.281805,19.310131,20.998007,21.659702,21.002037,21.762714,19.34866,19.340294,20.06854,20.721546,21.398815,21.992435,21.022896,21.64879,19.04732,19.049932,0.0,4.0,4.0,0.0,0.0,4.0,0.0,0.0
40579,2023.0,10.0,9.0,19.0,21.020819,21.697289,19.678408,20.092577,21.031101,21.729273,21.007776,21.750366,20.041567,20.704803,19.514635,19.57962,20.97427,21.244463,21.020603,21.627563,18.994207,18.995144,4.0,0.0,4.0,4.0,0.0,0.0,0.0,0.0
40580,2023.0,10.0,9.0,19.0,21.016758,21.682713,20.0495,20.663038,20.996775,21.622187,21.033833,21.804735,19.978167,20.413874,19.241522,19.230915,21.022566,21.362793,21.020138,21.613222,18.952898,18.953747,0.0,4.0,0.0,0.0,0.0,0.0,0.0,0.0
40581,2023.0,10.0,9.0,19.0,21.017534,21.67712,19.588068,19.70301,21.031746,21.701223,21.00083,21.697626,20.189777,20.760477,19.16982,19.168308,21.015453,21.358923,21.020582,21.602745,18.917288,18.914824,0.0,0.0,4.0,4.0,0.0,0.0,0.0,0.0
40582,2023.0,10.0,9.0,19.0,21.016634,21.668982,19.327438,19.354391,20.996466,21.59601,21.034637,21.771944,19.98269,20.34865,19.114368,19.106962,21.29252,21.872162,21.019373,21.591078,18.885302,18.880457,0.0,4.0,0.0,0.0,0.0,4.0,0.0,0.0
40583,2023.0,10.0,9.0,19.0,21.161242,21.91208,19.690016,20.089474,21.005175,21.605253,21.000782,21.667303,20.213743,20.75739,19.067558,19.059937,20.98374,21.279236,21.020483,21.58468,19.742367,20.522913,4.0,4.0,4.0,4.0,0.0,0.0,0.0,4.0
40584,2023.0,10.0,9.0,20.0,21.096945,21.728767,20.031584,20.590158,21.030977,21.670156,21.007246,21.670238,19.975847,20.292803,19.021465,19.008787,21.021667,21.365683,21.019949,21.576189,20.045088,20.769382,4.0,0.0,4.0,0.0,0.0,0.0,0.0,4.0
40585,2023.0,10.0,9.0,20.0,21.068962,21.6923,20.014662,20.52239,20.996918,21.56938,21.033266,21.733046,19.56105,19.505508,18.982185,18.966785,21.016577,21.359259,21.020128,21.569845,20.020834,20.678785,0.0,4.0,0.0,0.0,0.0,0.0,0.0,0.0
40586,2023.0,10.0,9.0,20.0,21.066963,21.68859,19.538166,19.570532,21.03122,21.650146,21.001003,21.634035,19.37922,19.31641,18.947685,18.93052,21.363407,22.009464,21.019974,21.563446,19.365839,19.352722,0.0,0.0,4.0,0.0,0.0,4.0,0.0,0.0
40587,2023.0,10.0,9.0,20.0,21.063494,21.676802,19.266987,19.2124,21.02479,21.62461,21.033709,21.710995,19.96503,20.490377,18.914698,18.894255,21.34859,21.868395,21.020107,21.558062,19.085335,19.028069,0.0,0.0,0.0,4.0,0.0,4.0,0.0,0.0
40588,2023.0,10.0,9.0,20.0,21.051437,21.650734,19.68236,20.068998,20.999096,21.540403,21.027218,21.684889,20.006636,20.420698,18.882956,18.858936,21.331095,21.837866,21.01979,21.552412,18.994755,18.931242,4.0,4.0,0.0,0.0,0.0,4.0,0.0,0.0
40589,2023.0,10.0,9.0,20.0,21.020643,21.62109,20.0441,20.621513,21.00508,21.54741,21.028076,21.673477,19.503487,19.423365,18.852139,18.823511,20.98286,21.229849,21.406925,22.252499,18.974764,18.951294,0.0,4.0,0.0,0.0,0.0,0.0,4.0,0.0
40590,2023.0,10.0,9.0,21.0,21.030096,21.602365,19.569967,19.651676,21.004723,21.543188,21.022043,21.661865,19.28359,19.185171,18.825012,18.793858,21.022232,21.326132,20.96497,21.385643,18.942055,18.916355,0.0,4.0,0.0,0.0,0.0,0.0,0.0,0.0
40591,2023.0,10.0,9.0,21.0,21.034882,21.6098,19.776241,20.184015,21.004826,21.540138,21.022842,21.661747,19.26469,19.227295,18.800728,18.767933,21.017946,21.326103,21.032982,21.525433,18.905788,18.879253,4.0,4.0,0.0,0.0,0.0,0.0,0.0,0.0
40592,2023.0,10.0,9.0,21.0,21.022614,21.611254,20.02374,20.52722,21.00476,21.536497,21.022825,21.659132,19.232786,19.198,19.135395,19.413847,21.222446,21.696589,21.023169,21.505709,19.75533,20.512285,4.0,4.0,0.0,0.0,4.0,4.0,0.0,4.0
40593,2023.0,10.0,9.0,21.0,21.03987,21.608625,20.002659,20.444878,21.031141,21.605076,20.996632,21.583029,19.862478,20.419788,20.10703,20.999462,20.992085,21.262629,21.285416,21.965422,20.010492,20.667902,4.0,0.0,4.0,4.0,4.0,0.0,4.0,4.0
40594,2023.0,10.0,9.0,21.0,21.020403,21.596195,20.024109,20.474842,20.99733,21.506388,21.035793,21.670527,20.019085,20.515478,20.011126,20.694038,21.235367,21.720634,20.97443,21.379614,20.028608,20.667736,0.0,4.0,0.0,0.0,0.0,4.0,0.0,0.0
40595,2023.0,10.0,9.0,21.0,21.022179,21.593107,19.528374,19.496647,21.005558,21.517954,21.000637,21.567389,19.460146,19.381765,19.3254,19.287071,20.99275,21.258692,21.032484,21.503082,19.344522,19.286188,0.0,4.0,4.0,0.0,0.0,0.0,0.0,0.0
40596,2023.0,10.0,9.0,22.0,21.02125,21.585012,19.235367,19.110373,21.030794,21.585352,21.033943,21.64891,19.200274,19.083242,19.062681,19.019579,21.021864,21.326252,21.022873,21.483932,19.887482,20.531187,0.0,0.0,0.0,0.0,0.0,0.0,0.0,4.0
40597,2023.0,10.0,9.0,22.0,21.042421,21.61971,19.240927,19.212378,21.051462,21.612865,21.05579,21.67817,19.194574,19.150795,19.003862,18.95782,21.037437,21.359507,21.047304,21.529264,20.079502,20.649506,0.0,0.0,0.0,0.0,0.0,0.0,0.0,4.0
40598,2023.0,10.0,9.0,22.0,21.030931,21.598064,19.209848,19.181917,21.050667,21.59338,21.043432,21.648998,19.16665,19.121994,18.950277,18.90284,21.026358,21.34531,21.037985,21.510788,20.04838,20.581495,0.0,0.0,0.0,0.0,0.0,0.0,0.0,0.0
40599,2023.0,10.0,9.0,22.0,21.0147,21.57506,19.171072,19.145462,21.015692,21.535364,21.014334,21.566326,19.741474,20.238258,18.905663,18.859829,21.012892,21.330309,21.017042,21.479235,19.402786,19.310947,0.0,0.0,4.0,4.0,0.0,0.0,0.0,0.0
40600,2023.0,10.0,9.0,22.0,21.033447,21.615328,19.127388,19.09605,21.039417,21.586138,21.057358,21.683273,20.04605,20.636662,18.85963,18.808907,21.028805,21.368607,21.038761,21.526295,19.112383,18.984098,0.0,0.0,0.0,0.0,0.0,0.0,0.0,0.0
40601,2023.0,10.0,9.0,22.0,21.01341,21.576136,19.094831,19.065203,21.016844,21.54057,21.023932,21.59846,19.412502,19.315273,18.823465,18.773567,21.012703,21.339582,21.43177,22.236855,19.94174,20.6547,0.0,0.0,0.0,0.0,0.0,0.0,4.0,4.0
40602,2023.0,10.0,9.0,23.0,21.016918,21.584547,19.060808,19.028503,21.020115,21.547958,21.028912,21.600037,19.119411,18.973608,18.786932,18.734413,21.014788,21.347479,20.95961,21.31672,20.002663,20.539284,0.0,0.0,0.0,0.0,0.0,0.0,0.0,0.0
40603,2023.0,10.0,9.0,23.0,20.577583,20.740147,19.031122,18.998014,20.50289,20.55312,20.46321,20.517992,19.120943,19.060076,18.755089,18.701794,20.613274,20.576546,20.372667,20.216434,19.354967,19.24796,0.0,0.0,0.0,0.0,0.0,0.0,0.0,0.0
40604,2023.0,10.0,9.0,23.0,20.398651,20.508265,19.007305,18.973177,20.265362,20.223297,20.210686,20.176544,19.105328,19.052162,18.729753,18.675108,21.148453,21.680655,21.089294,21.729332,19.149715,19.010012,0.0,0.0,0.0,0.0,0.0,4.0,4.0,0.0
40605,2023.0,10.0,9.0,23.0,20.30829,20.413313,18.984116,18.949114,20.15149,20.098381,20.086603,20.043198,19.073467,19.020023,18.705105,18.64921,20.5118,20.373861,20.386637,20.272282,19.149048,19.100464,0.0,0.0,0.0,0.0,0.0,0.0,0.0,0.0
40606,2023.0,10.0,9.0,23.0,20.236565,20.339258,18.961716,18.925434,20.066376,20.010141,19.991335,19.94517,19.04188,18.987005,18.681301,18.623838,20.991104,21.42209,20.103205,19.912235,19.104513,19.056692,0.0,0.0,0.0,0.0,0.0,4.0,0.0,0.0
40607,2023.0,10.0,9.0,23.0,20.176023,20.277723,18.94034,18.903038,20.655231,21.179554,19.911345,19.864407,19.011862,18.955896,18.658632,18.599903,20.42018,20.25041,19.987162,19.797428,19.052732,19.003422,0.0,4.0,0.0,0.0,0.0,0.0,0.0,0.0
40608,2023.0,10.0,10.0,0.0,20.122217,20.2229,19.363201,19.712528,20.233042,20.287178,19.84088,19.793385,18.983383,18.926294,18.636835,18.576838,20.214218,19.993443,19.893057,19.705725,19.006561,18.95611,4.0,0.0,0.0,0.0,0.0,0.0,0.0,0.0
40609,2023.0,10.0,10.0,0.0,20.072153,20.170593,19.095175,19.117867,19.842237,19.627504,19.776052,19.726551,18.955694,18.896866,18.615412,18.553585,20.12743,19.905499,19.933819,19.86861,18.963589,18.911188,0.0,0.0,0.0,0.0,0.0,0.0,0.0,0.0
40610,2023.0,10.0,10.0,0.0,20.025244,20.120728,18.962675,18.918102,19.702929,19.461681,19.71523,19.662086,18.928852,18.867893,18.594414,18.530283,20.206789,20.138067,19.893074,19.822554,18.923546,18.868849,0.0,0.0,0.0,0.0,0.0,0.0,0.0,0.0
40611,2023.0,10.0,10.0,0.0,19.986137,20.082584,18.92975,18.887228,20.43644,20.931368,19.667,19.618124,18.905464,18.844936,18.868488,19.0581,20.170986,20.090511,19.846472,19.777586,19.618912,20.209108,0.0,4.0,0.0,0.0,4.0,0.0,0.0,4.0
40612,2023.0,10.0,10.0,0.0,19.946781,20.04155,18.89962,18.855152,19.924126,19.829067,20.279644,20.811657,18.881182,18.819456,19.006765,19.246716,20.129343,20.047112,19.800112,19.730192,19.134304,19.140064,0.0,0.0,4.0,0.0,4.0,0.0,0.0,0.0
40613,2023.0,10.0,10.0,0.0,19.909462,20.002293,18.874126,18.827625,19.643223,19.410112,19.867607,19.91586,18.857319,18.794239,18.736084,18.701778,20.090866,20.007133,19.756344,19.685158,18.862982,18.712854,0.0,0.0,0.0,0.0,0.0,0.0,0.0,0.0
40614,2023.0,10.0,10.0,1.0,20.54138,21.217905,18.851057,18.802828,19.54416,19.30013,19.507072,19.306852,18.8341,18.769812,18.63161,18.564001,20.05438,19.969442,19.715132,19.642935,19.477419,19.937119,0.0,0.0,0.0,0.0,0.0,0.0,0.0,4.0
40615,2023.0,10.0,10.0,1.0,20.713552,21.408335,18.829382,18.779642,19.624243,19.531296,19.37801,19.148605,19.395657,19.843653,18.596336,18.527058,20.019806,19.933756,19.675812,19.602688,18.953766,18.820393,0.0,0.0,0.0,4.0,0.0,0.0,0.0,0.0
40616,2023.0,10.0,10.0,1.0,20.020658,20.0261,18.808672,18.757656,19.625563,19.558527,19.450823,19.366549,19.024158,19.012276,18.565355,18.494823,19.98728,19.90033,19.638393,19.564545,18.781263,18.616106,0.0,0.0,0.0,0.0,0.0,0.0,0.0,0.0
40617,2023.0,10.0,10.0,1.0,19.772293,19.681911,18.78774,18.734625,19.591784,19.524973,19.451265,19.393272,18.878698,18.811214,18.845722,19.043623,19.955376,19.86654,19.601496,19.525835,18.710331,18.540537,0.0,0.0,0.0,0.0,4.0,0.0,0.0,0.0
40618,2023.0,10.0,10.0,1.0,19.691671,19.60547,18.768324,18.714054,19.558378,19.491783,19.417978,19.360996,19.433527,19.887648,18.631645,18.579773,19.925776,19.836224,19.567314,19.491093,18.752773,18.682209,0.0,0.0,0.0,4.0,0.0,0.0,0.0,0.0
40619,2023.0,10.0,10.0,1.0,19.625732,19.538765,18.749298,18.69368,19.525288,19.458572,19.384174,19.327066,18.901785,18.74872,18.543001,18.468384,19.896988,19.806587,19.53431,19.457405,18.740883,18.677074,0.0,0.0,0.0,0.0,0.0,0.0,0.0,0.0
40620,2023.0,10.0,10.0,2.0,19.731314,19.803972,18.730474,18.673458,19.493088,19.426006,19.35089,19.2934,18.72085,18.52713,18.510399,18.434532,19.868977,19.777647,19.502367,19.424704,19.441755,20.02103,0.0,0.0,0.0,0.0,0.0,0.0,0.0,4.0
40621,2023.0,10.0,10.0,2.0,19.74263,19.83648,18.7089,18.647717,19.458258,19.387129,19.315083,19.25334,18.651358,18.44992,18.477232,18.397186,19.83942,19.74483,19.46914,19.38845,19.569275,20.078773,0.0,0.0,0.0,0.0,0.0,0.0,0.0,4.0
40622,2023.0,10.0,10.0,2.0,19.719105,19.812214,18.691183,18.629795,19.42963,19.359703,19.286049,19.225319,18.711597,18.624096,18.450853,18.371027,19.813677,19.719017,19.439817,19.359243,18.892267,18.741714,0.0,0.0,0.0,0.0,0.0,0.0,0.0,0.0
40623,2023.0,10.0,10.0,2.0,19.69088,19.780237,18.669476,18.603937,19.396694,19.322792,19.252796,19.187782,18.711271,18.633617,18.421707,18.338116,19.78558,19.687845,19.408316,19.324934,18.687613,18.49184,0.0,0.0,0.0,0.0,0.0,0.0,0.0,0.0
40624,2023.0,10.0,10.0,2.0,19.663733,19.750975,18.649693,18.581953,19.366936,19.291548,19.222622,19.155983,18.687096,18.607908,18.395525,18.310163,19.759518,19.66021,19.378878,19.294144,18.607466,18.411892,0.0,0.0,0.0,0.0,0.0,0.0,0.0,0.0
40625,2023.0,10.0,10.0,2.0,19.63749,19.723372,18.631355,18.562847,19.339472,19.26426,19.194597,19.128132,18.663017,18.583202,18.680437,18.864933,19.73487,19.63489,19.350845,19.2656,18.65951,18.579762,0.0,0.0,0.0,0.0,4.0,0.0,0.0,0.0
40626,2023.0,10.0,10.0,3.0,19.60988,19.692879,18.611122,18.53979,19.310152,19.232668,19.164606,19.095856,18.637508,18.55571,18.447023,18.359903,19.709347,19.607357,19.322052,19.23503,18.6441,18.569075,0.0,0.0,0.0,0.0,0.0,0.0,0.0,0.0
40627,2023.0,10.0,10.0,3.0,19.58548,19.66848,18.593847,18.522442,19.284504,19.207912,19.138426,19.070555,18.61465,18.5332,18.381504,18.293793,19.686508,19.584816,19.295929,19.209381,19.343283,19.911806,0.0,0.0,0.0,0.0,0.0,0.0,0.0,4.0
40628,2023.0,10.0,10.0,3.0,19.56032,19.642057,18.575832,18.50342,19.258177,19.181082,19.1117,19.043222,18.59137,18.509266,18.642471,18.806913,19.663265,19.560894,19.269377,19.182281,18.727247,18.579285,0.0,0.0,0.0,0.0,4.0,0.0,0.0,0.0
40629,2023.0,10.0,10.0,3.0,19.535395,19.615675,18.557848,18.484287,19.232212,19.1544,19.085556,19.016191,18.56842,18.485535,18.77147,18.987349,20.358976,20.89748,19.243128,19.155344,18.520412,18.318079,0.0,0.0,0.0,0.0,4.0,4.0,0.0,0.0
40630,2023.0,10.0,10.0,3.0,19.511234,19.590366,18.54045,18.465868,19.207117,19.12885,19.060255,18.990334,18.546137,18.462751,18.34427,18.136688,19.704168,19.500586,19.217546,19.129375,18.450483,18.246407,0.0,0.0,0.0,0.0,0.0,0.0,0.0,0.0
40631,2023.0,10.0,10.0,3.0,19.485758,19.562017,18.521267,18.443705,19.180145,19.099012,19.032835,18.96002,18.52267,18.43727,18.170326,17.918688,19.495108,19.219599,19.190807,19.100775,18.517977,18.438917,0.0,0.0,0.0,0.0,0.0,0.0,0.0,0.0
40632,2023.0,10.0,10.0,4.0,19.462236,19.537352,18.503565,18.424982,19.15555,19.073784,19.007671,18.93428,18.500868,18.414854,18.282639,18.205502,19.43441,19.158773,19.165665,19.075117,18.504776,18.425621,0.0,0.0,0.0,0.0,0.0,0.0,0.0,0.0
40633,2023.0,10.0,10.0,4.0,20.120691,20.793201,18.938246,19.254595,19.133821,19.054203,18.9854,18.914246,18.481184,18.39639,18.26661,18.174915,19.535192,19.412975,19.142504,19.053173,18.481016,18.403158,4.0,0.0,0.0,0.0,0.0,0.0,0.0,0.0
40634,2023.0,10.0,10.0,4.0,19.691507,19.845205,18.694847,18.706684,19.110758,19.031605,18.961851,18.89117,19.036804,19.457136,18.241522,18.149338,19.548082,19.441128,19.118792,19.029701,19.184036,19.748909,0.0,0.0,0.0,4.0,0.0,0.0,0.0,4.0
40635,2023.0,10.0,10.0,4.0,19.346622,19.2504,18.548555,18.478153,19.08771,19.008678,18.938492,18.867865,18.66819,18.630817,18.218447,18.126133,19.530975,19.42542,19.095135,19.006027,18.701532,18.679497,0.0,0.0,0.0,0.0,0.0,0.0,0.0,0.0
40636,2023.0,10.0,10.0,4.0,19.228819,19.099957,18.507566,18.430044,19.064915,18.985907,18.915583,18.84485,19.124758,19.562614,18.496807,18.666622,19.511557,19.406046,19.07173,18.98257,18.420082,18.222393,0.0,0.0,0.0,4.0,4.0,0.0,0.0,0.0
40637,2023.0,10.0,10.0,4.0,19.345886,19.395021,18.48009,18.402433,19.042776,18.964172,18.893375,18.822943,18.571396,18.385582,18.300386,18.234158,19.491764,19.386547,19.048933,18.96007,18.32983,18.12571,0.0,0.0,0.0,0.0,0.0,0.0,0.0,0.0
40638,2023.0,10.0,10.0,5.0,19.361773,19.433777,18.4568,18.378883,19.020636,18.942217,18.871107,18.800798,18.98418,19.288185,18.210646,18.118795,19.471788,19.366676,19.026201,18.937471,18.386545,18.297577,0.0,0.0,0.0,4.0,0.0,0.0,0.0,0.0
40639,2023.0,10.0,10.0,5.0,19.341948,19.413872,18.434904,18.356493,18.99828,18.91964,18.848482,18.777967,19.137629,19.458826,18.181334,18.089216,20.167028,20.699503,19.003414,18.914562,18.383623,18.30494,0.0,0.0,0.0,4.0,0.0,4.0,0.0,0.0
40640,2023.0,10.0,10.0,5.0,19.320633,19.39169,18.413723,18.334562,18.975813,18.896643,18.825584,18.75462,18.593904,18.399036,18.153704,18.061111,19.520912,19.317642,18.980497,18.891365,19.088057,19.652452,0.0,0.0,0.0,0.0,0.0,0.0,0.0,4.0
40641,2023.0,10.0,10.0,5.0,19.973003,20.633472,18.393158,18.313267,18.953554,18.87378,18.802896,18.731384,18.999502,19.287207,18.419762,18.57942,20.062351,20.456596,18.95762,18.868204,18.476664,18.325396,0.0,0.0,0.0,4.0,4.0,4.0,0.0,0.0
40642,2023.0,10.0,10.0,5.0,19.376244,19.348867,18.373095,18.292454,18.931421,18.851025,18.780527,18.708359,18.561512,18.364601,18.23355,18.169636,19.515074,19.294994,18.934769,18.845068,18.27405,18.066574,0.0,0.0,0.0,0.0,0.0,0.0,0.0,0.0
40643,2023.0,10.0,10.0,5.0,19.821,20.28699,18.353508,18.272055,19.59023,20.107473,19.442991,19.971926,18.97027,19.255358,18.13804,18.044098,20.068579,20.456917,18.91196,18.821976,18.208366,18.000658,0.0,4.0,4.0,4.0,0.0,4.0,0.0,0.0
40644,2023.0,10.0,10.0,6.0,19.347427,19.30158,18.77474,19.075886,19.204481,19.23874,19.049744,19.086058,18.54103,18.3461,18.107174,18.012804,20.214619,20.602865,19.845701,20.600016,18.268175,18.174625,4.0,0.0,0.0,0.0,0.0,4.0,4.0,0.0
40645,2023.0,10.0,10.0,6.0,21.235523,22.715677,20.175604,21.473516,21.23447,22.880224,21.239315,22.986147,18.971033,19.279314,18.079517,17.985392,21.1721,22.271252,21.262447,22.90995,19.02545,19.613312,0.0,0.0,4.0,4.0,0.0,4.0,4.0,4.0
40646,2023.0,10.0,10.0,6.0,21.020016,22.133972,19.20053,19.365984,21.016865,22.210348,21.023592,22.331356,20.14801,21.21506,18.054451,17.961626,21.032328,21.881624,21.035023,22.258425,20.138422,21.346825,0.0,0.0,0.0,0.0,0.0,0.0,0.0,0.0
40647,2023.0,10.0,10.0,6.0,21.01373,21.987505,18.658758,18.619232,21.011602,22.052505,21.050478,22.223646,19.064632,18.955542,18.32035,18.47831,21.006245,21.716036,21.004585,22.01794,18.954514,18.86758,0.0,4.0,0.0,0.0,4.0,4.0,4.0,0.0
40648,2023.0,10.0,10.0,6.0,21.042828,21.9934,18.966986,19.269398,21.024115,21.974764,21.045616,22.103535,19.283155,19.714867,20.2245,21.718824,21.03973,21.740625,21.009085,21.929144,18.426804,18.216267,4.0,4.0,0.0,4.0,4.0,0.0,4.0,0.0
40649,2023.0,10.0,10.0,6.0,21.008635,21.84994,20.149017,21.27561,21.021404,21.90038,21.033815,22.024023,20.070368,20.936401,20.00879,21.096313,21.002825,21.59635,21.04799,21.967163,18.432577,18.348051,0.0,4.0,0.0,4.0,0.0,4.0,0.0,0.0
40650,2023.0,10.0,10.0,7.0,21.014639,21.826305,19.395676,19.616323,21.0208,21.849852,21.00905,21.912842,20.031885,20.781498,19.086308,19.17721,21.00781,21.575653,21.039055,21.890701,18.419182,18.341946,4.0,4.0,4.0,0.0,0.0,4.0,0.0,0.0
40651,2023.0,10.0,10.0,7.0,21.040592,21.87432,20.135996,21.077288,21.045809,21.882835,21.013699,21.897154,19.123438,18.959059,18.572678,18.48593,21.00686,21.55184,20.998787,21.736574,18.375452,18.299482,4.0,0.0,4.0,0.0,0.0,4.0,4.0,0.0
40652,2023.0,10.0,10.0,7.0,21.005545,21.76022,20.001883,20.72035,21.012407,21.762447,21.049751,21.949608,18.67698,18.430634,18.819517,19.057766,21.00628,21.53406,21.047388,21.835737,18.334713,18.258993,4.0,4.0,0.0,0.0,4.0,4.0,0.0,0.0
40653,2023.0,10.0,10.0,7.0,21.013449,21.761164,20.02245,20.697142,21.04516,21.824669,21.041964,21.899958,19.463427,20.05752,20.17655,21.376184,21.006128,21.520315,21.037262,21.789333,18.299704,18.225567,4.0,0.0,0.0,4.0,0.0,4.0,0.0,0.0
40654,2023.0,10.0,10.0,7.0,21.01259,21.749592,20.037615,20.698288,21.01282,21.717598,21.042072,21.871866,20.04039,20.822826,19.292,19.451561,21.036613,21.588333,21.037582,21.766768,18.267303,18.193806,0.0,4.0,0.0,4.0,4.0,0.0,0.0,0.0
40655,2023.0,10.0,10.0,7.0,21.039444,21.816181,19.54539,19.693415,21.044386,21.787674,21.0158,21.777422,20.299133,21.278452,20.187107,21.218895,21.00019,21.477667,20.996584,21.63821,18.238617,18.165762,4.0,0.0,4.0,0.0,0.0,4.0,4.0,0.0
40656,2023.0,10.0,10.0,8.0,21.006073,21.71589,20.116934,20.861437,21.03796,21.758934,21.04658,21.84751,19.163929,18.998726,19.091202,18.977331,21.005621,21.480099,21.044968,21.757084,18.213917,18.142122,0.0,0.0,0.0,0.0,0.0,4.0,0.0,0.0
40657,2023.0,10.0,10.0,8.0,20.742477,21.20716,19.608131,19.792831,20.122616,19.990448,20.05905,19.939547,18.741632,18.515116,19.037699,19.258549,20.23354,20.017872,20.954874,21.526611,18.196537,18.129448,4.0,0.0,0.0,0.0,4.0,0.0,4.0,0.0
40658,2023.0,10.0,10.0,8.0,20.091158,20.052307,20.092417,20.75726,19.890472,19.777872,20.238789,20.494705,18.646141,18.427876,20.142372,21.173115,19.960648,19.676401,20.084164,19.903664,18.186138,18.123465,0.0,0.0,4.0,0.0,0.0,0.0,0.0,0.0
40659,2023.0,10.0,10.0,8.0,19.749989,19.64851,19.319733,19.23355,19.77983,19.696686,19.77569,19.625128,18.69299,18.611921,19.290257,19.385015,20.562704,20.93693,19.676445,19.452423,18.177423,18.11952,0.0,0.0,0.0,0.0,0.0,4.0,0.0,0.0
40660,2023.0,10.0,10.0,8.0,19.632418,19.535421,19.109406,19.020002,19.680124,19.601007,19.478476,19.229326,18.689602,18.624758,18.936184,18.868568,20.02924,19.831068,19.545286,19.327274,18.17262,18.119232,0.0,0.0,0.0,0.0,0.0,0.0,0.0,0.0
40661,2023.0,10.0,10.0,8.0,19.551256,19.470308,19.03248,18.962812,19.587158,19.509314,19.337648,19.094854,18.658838,18.598326,18.8342,18.760843,19.831402,19.589045,19.45216,19.247149,18.169804,18.121162,0.0,0.0,0.0,0.0,0.0,0.0,0.0,0.0
40662,2023.0,10.0,10.0,9.0,19.652294,19.753477,18.956161,18.894432,19.514576,19.444754,19.404259,19.342373,18.635052,18.580055,18.765867,18.698528,19.770844,19.546043,19.504126,19.43706,18.16887,18.124918,0.0,0.0,0.0,0.0,0.0,0.0,0.0,0.0
40663,2023.0,10.0,10.0,9.0,19.623743,19.734205,18.899343,18.852077,19.456148,19.400238,20.033998,20.585285,18.617523,18.570023,18.718758,18.661953,19.84813,19.762434,19.4727,19.414808,18.170578,18.132158,0.0,0.0,4.0,0.0,0.0,0.0,0.0,0.0
40664,2023.0,10.0,10.0,9.0,19.586868,19.706282,18.84609,18.807758,20.079533,20.630651,20.181076,20.755215,18.604246,18.563251,18.678923,18.627758,19.854837,19.791822,19.432987,19.381197,18.175081,18.142427,0.0,4.0,4.0,0.0,0.0,0.0,0.0,0.0
40665,2023.0,10.0,10.0,9.0,20.26416,21.020761,19.239557,19.593445,19.667786,19.75117,19.540442,19.513361,19.259237,19.807281,18.648842,18.602821,19.837265,19.78106,19.397459,19.350372,18.182384,18.155401,4.0,0.0,0.0,4.0,0.0,0.0,0.0,0.0
40666,2023.0,10.0,10.0,9.0,19.699665,19.806337,20.113586,21.097263,19.356464,19.248884,19.290205,19.17524,20.110338,21.186764,18.62617,18.584045,19.822117,19.770315,19.367212,19.323969,18.192102,18.170843,0.0,0.0,0.0,0.0,0.0,0.0,0.0,0.0
40667,2023.0,10.0,10.0,9.0,19.429375,19.493517,19.387705,19.570442,19.867098,20.307245,19.81955,20.269272,19.21106,19.262856,18.607307,18.570053,19.807966,19.760328,19.337421,19.298052,18.203566,18.187803,0.0,4.0,4.0,0.0,0.0,0.0,0.0,0.0
40668,2023.0,10.0,10.0,10.0,20.0619,20.72561,19.053215,19.06624,19.495512,19.525444,19.977188,20.4767,19.581509,20.085863,18.961718,19.244057,19.800291,19.75579,20.32598,21.187426,18.210728,18.194221,0.0,0.0,4.0,4.0,4.0,0.0,4.0,0.0
40669,2023.0,10.0,10.0,10.0,20.223736,20.89586,18.954897,18.960155,19.293287,19.23641,19.469011,19.503733,20.067526,20.871439,20.148684,21.264753,19.795046,19.753395,19.656744,19.68741,18.219803,18.204224,0.0,0.0,0.0,0.0,0.0,0.0,0.0,0.0
40670,2023.0,10.0,10.0,10.0,19.703588,19.872478,19.316471,19.705612,19.227734,19.185986,19.845438,20.371801,19.376165,19.433489,19.35221,19.528532,19.79131,19.752283,19.337122,19.282845,18.230455,18.215868,4.0,0.0,4.0,0.0,0.0,0.0,0.0,0.0
40671,2023.0,10.0,10.0,10.0,19.536783,19.658512,20.10168,21.055044,19.898014,20.49456,19.430687,19.50478,19.133627,19.083746,19.022486,18.999725,19.7914,19.75462,19.297676,19.244602,18.241335,18.22793,0.0,4.0,0.0,0.0,0.0,0.0,0.0,0.0
40672,2023.0,10.0,10.0,10.0,19.481897,19.618856,19.377424,19.539593,19.54971,19.644958,19.18995,19.209488,19.065594,19.030556,18.936224,18.904787,19.79288,19.758358,19.286049,19.244673,18.253445,18.241224,0.0,0.0,0.0,0.0,0.0,0.0,0.0,0.0
40673,2023.0,10.0,10.0,10.0,19.45514,19.609858,19.527555,19.945694,19.350523,19.368029,19.14392,19.17347,19.029593,18.996897,18.905632,18.873838,19.79707,19.764807,19.286743,19.258076,18.265759,18.255392,4.0,0.0,0.0,0.0,0.0,0.0,0.0,0.0
40674,2023.0,10.0,10.0,11.0,19.436377,19.607244,20.085093,20.919771,19.301378,19.336874,19.107485,19.14229,19.001905,18.972754,18.888226,18.859882,19.801922,19.771748,19.281507,19.255777,18.27813,18.26933,0.0,0.0,0.0,0.0,0.0,0.0,0.0,0.0
40675,2023.0,10.0,10.0,11.0,19.410845,19.587374,19.478073,19.678848,19.909874,20.525482,19.070919,19.112425,18.976768,18.951254,18.874582,18.849936,19.806843,19.777893,20.287336,21.165403,18.291044,18.283186,0.0,4.0,0.0,0.0,0.0,0.0,4.0,0.0
40676,2023.0,10.0,10.0,11.0,19.38811,19.568197,19.191057,19.254509,20.078781,20.710264,19.72265,20.367805,18.96204,18.938745,18.87038,18.84847,20.581594,21.245808,20.587044,21.485456,18.303518,18.297392,0.0,4.0,4.0,0.0,0.0,4.0,4.0,0.0
40677,2023.0,10.0,10.0,11.0,19.367374,19.551556,19.09238,19.148556,19.588829,19.748936,19.348185,19.527308,18.950922,18.930809,19.233809,19.53549,20.144114,20.254272,19.845499,19.969288,18.316538,18.312279,0.0,0.0,0.0,0.0,4.0,0.0,0.0,0.0
40678,2023.0,10.0,10.0,11.0,19.360653,19.560669,19.469393,19.916748,20.059797,20.719526,19.802341,20.451553,18.943403,18.926556,20.09819,21.01838,19.992037,19.997105,19.62528,19.6407,18.330683,18.328835,4.0,4.0,4.0,0.0,0.0,0.0,0.0,0.0
40679,2023.0,10.0,10.0,11.0,19.349104,19.555273,20.058554,20.871714,19.695126,19.884398,20.015856,20.685238,18.93687,18.923801,19.474234,19.65717,19.976772,19.991064,19.565111,19.587545,18.346855,18.34751,4.0,0.0,4.0,0.0,0.0,0.0,0.0,0.0
40680,2023.0,10.0,10.0,12.0,19.332682,19.541914,20.01547,20.74609,20.057573,20.714163,20.087992,20.76752,18.933231,18.924088,19.126211,19.144365,20.77516,21.505014,19.543095,19.577303,18.363756,18.367561,0.0,4.0,4.0,0.0,0.0,4.0,0.0,0.0
40681,2023.0,10.0,10.0,12.0,21.21149,22.823698,19.54937,19.813475,21.139536,22.501621,21.128117,22.544355,18.930964,18.924677,19.05822,19.057985,21.17734,22.075819,21.190186,22.520983,18.379923,18.386238,0.0,0.0,4.0,0.0,0.0,0.0,0.0,0.0
40682,2023.0,10.0,10.0,12.0,20.994156,22.246115,19.283447,19.471973,21.007868,22.110924,21.016115,22.215017,18.931791,18.928465,19.039928,19.039324,21.014494,21.66334,20.992607,21.969881,18.397137,18.40643,0.0,0.0,0.0,0.0,0.0,0.0,0.0,0.0
40683,2023.0,10.0,10.0,12.0,21.00639,22.13816,19.548252,20.019829,21.03283,22.07467,21.03455,22.160902,18.934965,18.934978,19.031845,19.034365,21.017199,21.613237,21.029854,21.941248,18.413372,18.425238,4.0,0.0,0.0,0.0,0.0,0.0,0.0,0.0
40684,2023.0,10.0,10.0,12.0,21.031542,22.136044,20.07956,20.910093,21.02646,22.00184,21.003563,22.01366,18.94041,18.944366,19.028433,19.034637,21.014114,21.562838,21.02131,21.852064,18.429947,18.445114,0.0,0.0,4.0,0.0,0.0,0.0,0.0,0.0
40685,2023.0,10.0,10.0,12.0,21.02379,22.064922,19.83434,20.34055,20.99971,21.885035,21.035418,22.055527,18.946938,18.954695,19.028938,19.039286,21.013615,21.528717,21.021404,21.800247,18.445755,18.463995,4.0,4.0,0.0,0.0,0.0,0.0,0.0,0.0
40686,2023.0,10.0,10.0,13.0,21.023989,22.024347,20.059656,20.803713,21.006739,21.874514,21.026564,22.002855,18.954704,18.966972,19.032475,19.047802,21.013458,21.503325,21.02107,21.76135,18.461735,18.483889,0.0,4.0,0.0,0.0,0.0,0.0,0.0,0.0
40687,2023.0,10.0,10.0,13.0,20.997837,21.918966,19.597336,19.87995,21.005081,21.853956,21.028595,21.97832,18.959301,18.97227,19.03401,19.050299,21.01364,21.482958,21.021624,21.733324,18.473211,18.495382,0.0,4.0,0.0,0.0,0.0,0.0,0.0,0.0
40688,2023.0,10.0,10.0,13.0,21.030256,21.985596,19.769585,20.342224,21.031094,21.911428,21.027857,21.952751,18.96336,18.97761,19.03498,19.052618,21.390549,22.166319,21.340796,22.28335,18.483778,18.506857,4.0,0.0,0.0,0.0,0.0,4.0,4.0,0.0
40689,2023.0,10.0,10.0,13.0,21.021975,21.950079,20.024815,20.722103,20.99779,21.80666,21.027258,21.932367,18.967398,18.983158,19.03667,19.055944,20.95723,21.31402,20.96902,21.560574,18.493595,18.517868,4.0,4.0,0.0,0.0,0.0,0.0,0.0,0.0
40690,2023.0,10.0,10.0,13.0,21.047993,21.980352,20.034065,20.725843,21.050974,21.927284,21.057129,21.972097,18.971163,18.988388,19.039032,19.060038,21.024422,21.455782,21.04139,21.712433,18.502409,18.527739,0.0,0.0,0.0,0.0,0.0,0.0,0.0,0.0
40691,2023.0,10.0,10.0,13.0,21.019257,21.907917,19.62432,19.91113,21.01947,21.841446,20.996832,21.819075,18.9745,18.993187,19.041388,19.064041,21.009195,21.414856,21.015757,21.647493,18.51035,18.53679,0.0,0.0,4.0,0.0,0.0,0.0,0.0,0.0
40692,2023.0,10.0,10.0,14.0,21.02245,21.901712,19.7342,20.237112,21.023691,21.836891,21.03301,21.909271,18.977785,18.998346,19.04369,19.06854,21.012648,21.415707,21.018812,21.64822,18.518368,18.546444,4.0,0.0,0.0,0.0,0.0,0.0,0.0,0.0
40693,2023.0,10.0,10.0,14.0,21.003181,21.822632,20.051203,20.765598,20.920645,21.594738,20.379765,20.64396,19.69657,20.3543,19.043371,19.06808,20.642609,20.694633,20.469557,20.581135,18.523254,18.55067,0.0,4.0,0.0,4.0,0.0,0.0,0.0,0.0
40694,2023.0,10.0,10.0,14.0,20.428429,20.75506,19.539024,19.73362,20.359104,20.585894,20.035217,20.228426,20.03444,20.759068,19.041655,19.066204,20.465418,20.461378,20.145514,20.143997,18.525995,18.553139,0.0,0.0,0.0,0.0,0.0,0.0,0.0,0.0
40695,2023.0,10.0,10.0,14.0,20.176617,20.47318,19.273232,19.398254,20.09303,20.272894,20.457346,21.119583,19.578478,19.795547,19.0383,19.062826,20.40464,20.398808,20.027876,20.022375,18.526884,18.553776,0.0,0.0,4.0,0.0,0.0,0.0,0.0,0.0
40696,2023.0,10.0,10.0,14.0,20.08994,20.37793,19.186445,19.289444,19.99454,20.1624,20.592691,21.305357,19.415043,19.536808,19.033457,19.057768,20.364695,20.356756,19.961864,19.953266,18.52638,18.553139,0.0,0.0,4.0,0.0,0.0,0.0,0.0,0.0
40697,2023.0,10.0,10.0,14.0,20.624079,21.42863,19.139668,19.247301,20.50179,21.168674,20.618551,21.325094,19.282934,19.312492,19.028137,19.053152,20.331652,20.32679,19.908867,19.90453,18.52565,18.552584,0.0,4.0,4.0,0.0,0.0,0.0,0.0,0.0
40698,2023.0,10.0,10.0,15.0,20.77742,21.61975,19.096342,19.203913,20.646307,21.351295,20.111225,20.360727,19.216562,19.233297,19.021503,19.047213,20.300152,20.296654,19.860222,19.857674,19.420397,20.244055,0.0,4.0,0.0,0.0,0.0,0.0,0.0,4.0
40699,2023.0,10.0,10.0,15.0,20.821873,21.654676,19.054844,19.158394,20.129524,20.34892,19.894999,20.070175,19.178408,19.191572,19.010918,19.034662,20.268417,20.263609,19.813488,19.809683,20.085268,21.261053,0.0,0.0,0.0,0.0,0.0,0.0,0.0,0.0
40700,2023.0,10.0,10.0,15.0,20.852503,21.674833,19.012943,19.11437,19.889029,20.057152,19.790573,19.960442,19.144413,19.157034,18.997595,19.019728,20.986149,21.655432,19.7657,19.762762,19.284012,19.537848,0.0,0.0,0.0,0.0,0.0,4.0,0.0,0.0
40701,2023.0,10.0,10.0,15.0,20.872856,21.686,18.979574,19.076412,20.420393,21.106739,19.719526,19.881002,19.820833,20.454535,18.983263,19.003363,21.21791,21.95921,19.72634,19.722368,19.021812,19.135149,0.0,4.0,0.0,4.0,0.0,4.0,0.0,0.0
40702,2023.0,10.0,10.0,15.0,20.890491,21.6961,19.389284,19.86776,20.540892,21.222383,20.22476,20.867294,20.025232,20.716005,18.96783,18.986084,20.621542,20.761263,19.688816,19.684383,18.870218,18.893955,4.0,4.0,4.0,0.0,0.0,0.0,0.0,0.0
40703,2023.0,10.0,10.0,15.0,20.916777,21.72518,20.085133,20.996778,20.569954,21.23681,19.89429,20.107046,19.572388,19.76139,19.324965,19.67143,21.118874,21.832987,20.643867,21.52405,18.781387,18.795654,0.0,4.0,0.0,0.0,4.0,4.0,4.0,0.0
40704,2023.0,10.0,10.0,16.0,20.365934,20.672237,19.45562,19.668112,20.066504,20.261734,20.222885,20.861086,19.327713,19.416742,20.074617,20.885052,21.312742,22.024069,20.156805,20.305092,18.728432,18.739527,0.0,0.0,4.0,0.0,4.0,4.0,0.0,0.0
40705,2023.0,10.0,10.0,16.0,20.715246,21.501354,19.119972,19.21829,19.8016,19.920958,20.405,21.060722,19.19783,19.213007,20.010773,20.68179,20.687973,20.796469,19.829683,19.874966,18.68774,18.697018,0.0,0.0,4.0,0.0,0.0,0.0,0.0,0.0
40706,2023.0,10.0,10.0,16.0,20.29641,20.585478,19.460289,19.91237,19.705984,19.808834,19.90589,20.089586,19.825726,20.447464,19.875895,20.337252,20.412212,20.429571,19.741611,19.773598,19.547579,20.350744,4.0,0.0,0.0,4.0,4.0,0.0,0.0,4.0
40707,2023.0,10.0,10.0,16.0,20.083757,20.294441,20.071335,20.916666,19.644476,19.733414,19.68825,19.784054,20.02716,20.704903,20.027687,20.597296,20.329487,20.32657,19.689781,19.712637,20.074966,21.135672,4.0,0.0,0.0,0.0,4.0,0.0,0.0,0.0
40708,2023.0,10.0,10.0,16.0,20.643229,21.42468,20.014633,20.739683,19.557306,19.608082,20.213833,20.844118,19.52296,19.655949,20.016832,20.561714,20.986042,21.619318,19.618088,19.612534,19.27015,19.440035,0.0,0.0,4.0,0.0,0.0,4.0,0.0,0.0
40709,2023.0,10.0,10.0,16.0,20.795977,21.543901,19.496645,19.683714,19.491352,19.53057,19.835392,19.979807,19.265245,19.31048,19.592787,19.719534,21.21619,21.877443,19.563007,19.5522,18.90238,18.95485,0.0,0.0,0.0,0.0,0.0,4.0,0.0,0.0
40710,2023.0,10.0,10.0,17.0,20.825428,21.57052,19.284418,19.379627,20.130262,20.762962,19.630331,19.69509,19.169777,19.171442,19.752605,20.094666,20.591127,20.6513,19.526249,19.513985,18.792227,18.797348,0.0,4.0,0.0,0.0,4.0,0.0,0.0,0.0
40711,2023.0,10.0,10.0,17.0,20.280546,20.527655,19.177479,19.233065,20.296673,20.936375,20.159307,20.747238,19.114487,19.110088,20.043304,20.609722,21.0747,21.66222,20.49318,21.37204,18.73265,18.73244,0.0,4.0,4.0,0.0,0.0,4.0,4.0,0.0
40712,2023.0,10.0,10.0,17.0,20.618626,21.330393,19.092386,19.133917,19.765413,19.876944,19.785759,19.895288,19.780994,20.41084,19.573687,19.67009,21.265028,21.887033,20.823229,21.671827,18.680258,18.678665,0.0,0.0,0.0,4.0,0.0,4.0,4.0,0.0
40713,2023.0,10.0,10.0,17.0,20.7172,21.42692,19.042276,19.076395,20.197367,20.772947,19.576464,19.602888,20.037125,20.757011,19.35172,19.343916,21.285034,21.894104,20.900532,21.732298,18.641727,18.639162,0.0,4.0,0.0,0.0,0.0,4.0,4.0,0.0
40714,2023.0,10.0,10.0,17.0,20.745466,21.440016,19.429346,19.840033,19.8064,19.898462,19.474432,19.488056,19.43531,19.507425,19.240738,19.226383,20.641459,20.657621,20.097378,20.148516,18.60174,18.599306,4.0,0.0,0.0,0.0,0.0,0.0,0.0,0.0
40715,2023.0,10.0,10.0,17.0,20.76347,21.444885,20.064499,20.888414,20.206034,20.73939,19.422413,19.440912,19.215597,19.196777,19.16768,19.148764,20.402689,20.321934,19.82101,19.773605,19.467539,20.263355,4.0,4.0,0.0,0.0,0.0,0.0,0.0,4.0
40716,2023.0,10.0,10.0,18.0,20.776194,21.444702,19.996677,20.661682,20.359524,20.891857,19.368929,19.383862,19.129602,19.11213,19.095472,19.074352,20.28058,20.187643,19.688444,19.628767,20.081991,21.11342,4.0,4.0,0.0,0.0,0.0,0.0,0.0,0.0
40717,2023.0,10.0,10.0,18.0,21.031025,21.872694,20.008095,20.624283,21.119574,22.2256,21.182732,22.618732,19.070057,19.053589,19.036018,19.0169,21.113821,21.717716,21.294247,22.507183,19.205372,19.298866,4.0,0.0,4.0,0.0,0.0,0.0,0.0,0.0
40718,2023.0,10.0,10.0,18.0,21.026056,21.844849,20.024746,20.631992,20.986713,21.840807,20.999699,22.099792,19.016672,18.998114,18.979927,18.958683,21.003792,21.493328,20.99954,21.8526,18.79476,18.772095,0.0,4.0,0.0,0.0,0.0,0.0,0.0,0.0
40719,2023.0,10.0,10.0,18.0,20.994797,21.728436,19.797415,20.134533,21.041365,21.903774,21.039022,22.055157,18.972754,18.953293,18.932947,18.911758,21.018661,21.49842,21.032356,21.847534,18.706472,18.689606,4.0,0.0,0.0,0.0,0.0,0.0,0.0,0.0
40720,2023.0,10.0,10.0,18.0,21.003202,21.722935,20.064583,20.67513,21.028652,21.82809,21.031586,21.956966,18.935959,18.917368,18.891144,18.870035,21.26014,21.917875,21.023594,21.779661,18.65468,18.639793,0.0,0.0,0.0,0.0,0.0,4.0,0.0,0.0
40721,2023.0,10.0,10.0,18.0,21.002554,21.706627,19.495258,19.544079,21.004318,21.718512,21.002186,21.828539,18.902998,18.884817,18.853699,18.833593,21.216885,21.74354,21.024828,21.743792,19.565746,20.407646,0.0,4.0,4.0,0.0,0.0,4.0,0.0,4.0
40722,2023.0,10.0,10.0,19.0,21.030754,21.770216,19.22042,19.221497,21.03542,21.775091,21.03889,21.879627,19.61647,20.2607,19.188553,19.493624,21.201427,21.71284,21.233118,22.072891,20.018925,20.916689,0.0,0.0,0.0,4.0,4.0,4.0,4.0,4.0
40723,2023.0,10.0,10.0,19.0,21.024065,21.738668,19.5765,19.957241,21.028818,21.736633,21.03145,21.82836,20.047493,20.820578,20.101162,20.990261,21.214106,21.720304,20.998783,21.615328,20.032082,20.8697,4.0,0.0,0.0,0.0,4.0,4.0,0.0,0.0
40724,2023.0,10.0,10.0,19.0,20.997173,21.647106,20.06096,20.745312,21.003237,21.64415,21.005964,21.728022,19.32037,19.310726,20.017563,20.719786,21.00063,21.351748,21.03158,21.667377,19.217018,19.21621,0.0,4.0,4.0,0.0,0.0,0.0,0.0,0.0
40725,2023.0,10.0,10.0,19.0,21.030548,21.726845,19.516361,19.628979,21.0084,21.643595,21.036993,21.792725,19.646044,20.140966,19.342537,19.337982,21.022358,21.39951,21.026999,21.643433,18.85572,18.789642,0.0,4.0,0.0,4.0,0.0,0.0,0.0,0.0
40726,2023.0,10.0,10.0,19.0,20.994356,21.623947,19.655964,20.061552,21.00774,21.634848,21.003428,21.688007,20.060684,20.727865,19.059816,19.028362,21.183155,21.680084,21.02699,21.629732,18.750885,18.680258,4.0,4.0,4.0,0.0,0.0,4.0,0.0,0.0
40727,2023.0,10.0,10.0,19.0,21.030642,21.711346,20.043007,20.66068,21.03398,21.700184,21.036768,21.764013,19.38246,19.348003,19.341581,19.615358,21.222795,21.710497,21.313051,22.135317,18.727947,18.702091,4.0,0.0,0.0,0.0,4.0,4.0,4.0,0.0
40728,2023.0,10.0,10.0,20.0,20.995731,21.611322,20.00279,20.532028,21.027922,21.674162,21.030233,21.73689,19.071365,18.977175,20.08329,20.833996,21.234926,21.717901,20.982521,21.497261,18.693573,18.671158,4.0,0.0,0.0,0.0,4.0,4.0,0.0,0.0
40729,2023.0,10.0,10.0,20.0,21.002304,21.622488,20.026363,20.561483,21.002258,21.589397,21.030767,21.72444,19.801477,20.445925,20.002733,20.587477,20.9977,21.309418,21.199568,21.887304,19.539999,20.305584,0.0,4.0,0.0,4.0,4.0,0.0,4.0,4.0
40730,2023.0,10.0,10.0,20.0,21.001936,21.620584,19.45996,19.4437,21.007486,21.594925,21.024197,21.710815,20.021988,20.62995,20.028152,20.59352,21.0223,21.367418,21.001186,21.519135,20.026752,20.880116,0.0,4.0,0.0,0.0,0.0,0.0,0.0,4.0
40731,2023.0,10.0,10.0,20.0,21.001938,21.619093,19.567268,19.828224,21.033083,21.663254,21.024847,21.708857,19.372307,19.314234,19.73362,19.959295,21.019428,21.36411,21.029839,21.579311,19.99345,20.71981,4.0,0.0,0.0,0.0,4.0,0.0,0.0,4.0
40732,2023.0,10.0,10.0,20.0,21.001324,21.617184,20.080982,20.700026,21.02682,21.641487,21.024384,21.70392,19.08901,18.99228,20.082794,20.660034,21.019657,21.364813,21.025387,21.567863,20.034466,20.76351,0.0,0.0,0.0,0.0,0.0,0.0,0.0,0.0
40733,2023.0,10.0,10.0,20.0,21.029459,21.691874,19.479176,19.48767,21.027563,21.632977,21.024382,21.699665,19.806921,20.432917,19.46188,19.418816,21.014814,21.364283,21.026102,21.564621,19.276953,19.245,0.0,0.0,0.0,4.0,0.0,0.0,0.0,0.0
40734,2023.0,10.0,10.0,21.0,20.9964,21.59588,19.658136,20.018772,20.999603,21.560326,20.998367,21.623806,20.023077,20.615505,19.208492,19.164162,21.015379,21.37094,21.364103,22.17825,19.844168,20.565926,4.0,4.0,4.0,0.0,0.0,0.0,4.0,4.0
40735,2023.0,10.0,10.0,21.0,21.03069,21.680267,20.036058,20.606756,21.034655,21.644548,21.003937,21.63755,20.017998,20.506207,19.133749,19.089952,21.015076,21.373667,20.964703,21.410309,20.044218,20.697563,4.0,0.0,4.0,4.0,0.0,0.0,0.0,4.0
40736,2023.0,10.0,10.0,21.0,21.022682,21.655216,20.021654,20.552647,21.026154,21.619614,21.035534,21.711988,20.043554,20.52645,19.065556,19.021317,21.328938,21.953869,21.249784,21.937048,20.02602,20.660774,0.0,0.0,0.0,4.0,0.0,4.0,4.0,0.0
40737,2023.0,10.0,10.0,21.0,21.023918,21.647032,19.467863,19.455921,21.027407,21.61251,21.029127,21.685585,20.075933,20.552553,19.378613,19.661112,21.273321,21.74429,21.313637,21.97996,19.328745,19.278717,0.0,0.0,0.0,4.0,4.0,4.0,4.0,0.0
40738,2023.0,10.0,10.0,21.0,21.017204,21.637484,19.143684,19.02763,21.014753,21.561695,21.029474,21.673693,20.10411,20.576029,20.077007,20.797108,20.995073,21.28115,20.9894,21.427479,19.004824,18.903725,0.0,4.0,0.0,4.0,4.0,0.0,0.0,0.0
40739,2023.0,10.0,10.0,21.0,21.01819,21.64029,19.122374,19.082249,21.005672,21.547262,21.022568,21.66212,20.128092,20.59547,20.016558,20.604437,21.206806,21.677567,21.270748,21.951933,18.89324,18.789928,0.0,4.0,0.0,4.0,0.0,4.0,4.0,0.0
40740,2023.0,10.0,10.0,22.0,21.018484,21.64018,19.090166,19.0579,21.032738,21.62051,21.023928,21.66459,20.009222,20.395704,19.367556,19.296812,20.997278,21.282993,20.991722,21.427608,18.88014,18.840675,0.0,0.0,0.0,0.0,0.0,0.0,0.0,0.0
40741,2023.0,10.0,10.0,22.0,21.018467,21.639324,19.044271,19.012098,21.000282,21.527952,21.023726,21.663363,19.476189,19.366552,19.464659,19.707539,21.194939,21.649485,21.02996,21.514381,18.845402,18.810879,0.0,4.0,0.0,0.0,4.0,4.0,0.0,0.0
40742,2023.0,10.0,10.0,22.0,21.018116,21.638594,19.0026,18.969767,21.03313,21.61208,21.023636,21.662035,19.876478,20.32154,20.084476,20.749039,20.996532,21.27698,21.024536,21.506079,18.79824,18.762098,0.0,0.0,0.0,4.0,0.0,0.0,0.0,0.0
40743,2023.0,10.0,10.0,22.0,21.018589,21.638393,19.411093,19.767035,21.026619,21.59192,21.023674,21.660597,20.025566,20.473177,19.484993,19.51823,21.022284,21.335556,21.025156,21.506905,18.75736,18.721825,4.0,0.0,0.0,0.0,0.0,0.0,0.0,0.0
40744,2023.0,10.0,10.0,22.0,21.018494,21.637049,20.08458,20.864155,21.027218,21.58551,21.023575,21.658812,19.457281,19.35129,19.17553,19.123693,21.019548,21.332434,21.019884,21.505602,18.720314,18.68401,0.0,0.0,0.0,0.0,0.0,0.0,0.0,0.0
40745,2023.0,10.0,10.0,22.0,21.018072,21.636324,19.472525,19.580801,21.020569,21.578753,21.02367,21.65755,19.276236,19.222736,19.084475,19.034885,21.014196,21.333538,21.02062,21.512602,18.688246,18.651995,0.0,0.0,0.0,0.0,0.0,0.0,0.0,0.0
40746,2023.0,10.0,10.0,23.0,21.03669,21.672182,19.110077,19.073664,21.042368,21.624542,21.047716,21.70243,19.217216,19.166159,19.0162,18.96038,21.029142,21.370678,21.041023,21.555904,18.658512,18.621138,0.0,0.0,0.0,0.0,0.0,0.0,0.0,0.0
40747,2023.0,10.0,10.0,23.0,20.538048,20.706022,19.039223,19.006908,20.476236,20.529652,20.415466,20.476814,19.160921,19.112219,18.964447,18.911589,20.617426,20.577599,20.46729,20.44512,18.633638,18.596571,0.0,0.0,0.0,0.0,0.0,0.0,0.0,0.0
40748,2023.0,10.0,10.0,23.0,20.322716,20.415676,18.989214,18.94858,20.197783,20.131334,20.118763,20.062267,19.112623,19.059683,18.919502,18.861835,20.465933,20.386135,20.252048,20.1773,18.611061,18.571648,0.0,0.0,0.0,0.0,0.0,0.0,0.0,0.0
40749,2023.0,10.0,10.0,23.0,20.228043,20.321404,18.951097,18.909615,20.08564,20.019117,19.997282,19.941597,19.070086,19.016193,18.880154,18.821424,20.39255,20.314444,20.145885,20.073374,18.589956,18.54945,0.0,0.0,0.0,0.0,0.0,0.0,0.0,0.0
40750,2023.0,10.0,10.0,23.0,20.15789,20.25761,18.92037,18.881361,20.003847,19.945004,19.908442,19.861513,19.033546,18.980974,19.137794,19.333158,20.331188,20.25447,20.063232,19.997717,19.298265,19.899927,0.0,0.0,0.0,0.0,4.0,0.0,0.0,4.0
40751,2023.0,10.0,10.0,23.0,20.091446,20.189938,18.888601,18.84821,19.92617,19.866024,19.824678,19.776493,18.996906,18.942907,18.936832,18.903893,20.27346,20.194973,19.986368,19.921606,18.81772,18.822414,0.0,0.0,0.0,0.0,0.0,0.0,0.0,0.0
40752,2023.0,10.0,11.0,0.0,20.032562,20.129763,18.85918,18.817284,19.857698,19.796425,19.751451,19.70198,19.55434,20.019905,18.836712,18.776218,20.22157,20.141432,19.916435,19.849365,18.599287,18.492596,0.0,0.0,0.0,4.0,0.0,0.0,0.0,0.0
40753,2023.0,10.0,11.0,0.0,19.981962,20.080143,18.833342,18.7917,19.798775,19.739086,19.68864,19.640686,19.162636,19.15887,18.799637,18.739223,20.17626,20.09647,19.855843,19.789454,19.282904,19.833937,0.0,0.0,0.0,0.0,0.0,0.0,0.0,4.0
40754,2023.0,10.0,11.0,0.0,19.93535,20.033333,18.808844,18.767057,19.744425,19.685184,19.63087,19.583189,19.59384,20.050001,18.765457,18.704453,20.134222,20.053946,19.800003,19.733202,18.75351,18.675417,0.0,0.0,0.0,4.0,0.0,0.0,0.0,0.0
40755,2023.0,10.0,11.0,0.0,19.893139,19.991224,18.785963,18.744219,19.695148,19.63674,19.57876,19.531706,19.094404,18.988808,18.735027,18.673603,20.095875,20.015388,19.749338,19.68246,18.582851,18.46469,0.0,0.0,0.0,0.0,0.0,0.0,0.0,0.0
40756,2023.0,10.0,11.0,0.0,19.851723,19.947283,18.7624,18.718779,19.646393,19.585405,19.52724,19.477251,18.908163,18.751463,18.70506,18.64146,20.058666,19.976168,19.700745,19.631735,18.524948,18.404854,0.0,0.0,0.0,0.0,0.0,0.0,0.0,0.0
40757,2023.0,10.0,11.0,0.0,19.815699,19.91155,18.741833,18.698336,19.604593,19.544643,19.483046,19.434025,18.944487,18.887566,18.67896,18.615152,20.025908,19.943333,19.657888,19.588953,18.558565,18.517406,0.0,0.0,0.0,0.0,0.0,0.0,0.0,0.0
40758,2023.0,10.0,11.0,1.0,19.78301,19.880396,18.723408,18.681284,19.567707,19.510786,19.444042,19.398132,18.917475,18.85887,18.963923,19.170683,19.99633,19.914658,19.619165,19.551348,18.5376,18.490911,0.0,0.0,0.0,0.0,4.0,0.0,0.0,0.0
40759,2023.0,10.0,11.0,1.0,19.748499,19.84314,18.702799,18.658875,19.528624,19.469961,19.402851,19.355017,18.884638,18.824333,19.090246,19.342855,19.966192,19.882944,19.58054,19.511263,18.512955,18.464737,0.0,0.0,0.0,0.0,4.0,0.0,0.0,0.0
40760,2023.0,10.0,11.0,1.0,19.717289,19.811016,18.684345,18.639711,19.493635,19.435204,19.366232,19.318502,18.854795,18.79384,19.133373,19.385212,19.938482,19.854633,19.545092,19.475403,18.490562,18.441643,0.0,0.0,0.0,0.0,4.0,0.0,0.0,0.0
40761,2023.0,10.0,11.0,1.0,19.688944,19.783033,18.668272,18.624243,19.462872,19.4068,19.334259,19.288815,18.828238,18.767937,18.730026,18.589697,19.9133,19.83,19.512894,19.444027,18.470106,18.421364,0.0,0.0,0.0,0.0,0.0,0.0,0.0,0.0
40762,2023.0,10.0,11.0,1.0,19.658756,19.750362,18.649673,18.603338,19.42902,19.370802,19.299154,19.25129,18.800577,18.738335,18.58266,18.405369,19.886803,19.801716,19.479654,19.409088,18.448803,18.398512,0.0,0.0,0.0,0.0,0.0,0.0,0.0,0.0
40763,2023.0,10.0,11.0,1.0,19.648115,19.755392,18.633915,18.587952,19.400606,19.34401,19.269651,19.223373,18.776564,18.714554,18.967896,19.19285,19.863297,19.778378,19.450033,19.379837,18.429846,18.37946,0.0,0.0,0.0,0.0,4.0,0.0,0.0,0.0
40764,2023.0,10.0,11.0,2.0,19.626293,19.733557,18.617075,18.570389,19.371546,19.314852,19.239445,19.192997,18.75269,18.689999,18.746288,18.698294,19.839714,19.75413,19.42065,19.349955,18.410904,18.359823,0.0,0.0,0.0,0.0,0.0,0.0,0.0,0.0
40765,2023.0,10.0,11.0,2.0,19.604084,19.711582,18.602213,18.556303,19.344574,19.288641,19.21138,19.165524,18.731033,18.668808,18.657043,18.588146,19.81814,19.733118,19.393423,19.323223,18.39383,18.343262,0.0,0.0,0.0,0.0,0.0,0.0,0.0,0.0
40766,2023.0,10.0,11.0,2.0,19.583666,19.692211,18.58937,18.545422,19.320782,19.267141,19.18662,19.142967,18.71192,18.651016,18.62487,18.55752,19.798723,19.71506,19.368696,19.299799,18.378563,18.329096,0.0,0.0,0.0,0.0,0.0,0.0,0.0,0.0
40767,2023.0,10.0,11.0,2.0,19.563728,19.673178,18.576921,18.534956,19.298054,19.24666,19.162947,19.12147,18.694101,18.63453,18.596651,18.530922,19.780365,19.698065,19.345276,19.277685,18.364235,18.315878,0.0,0.0,0.0,0.0,0.0,0.0,0.0,0.0
40768,2023.0,10.0,11.0,2.0,19.5451,19.65621,18.565668,18.52659,19.277681,19.230001,19.141727,19.103985,19.26032,19.714386,18.868813,19.062542,19.763756,19.683643,19.323912,19.258554,18.351305,18.304651,0.0,0.0,0.0,4.0,4.0,0.0,0.0,0.0
40769,2023.0,10.0,11.0,2.0,19.52618,19.63793,18.55388,18.516579,19.256475,19.210693,19.119677,19.08375,18.879326,18.864164,18.672922,18.637281,19.747066,19.668255,19.302576,19.238337,18.338497,18.292854,0.0,0.0,0.0,0.0,0.0,0.0,0.0,0.0
40770,2023.0,10.0,11.0,3.0,19.507828,19.619907,18.542316,18.506435,19.235577,19.19118,19.098034,19.063366,18.755962,18.700384,18.909262,19.13009,19.73098,19.65316,19.281952,19.218544,18.32624,18.281446,0.0,0.0,0.0,0.0,4.0,0.0,0.0,0.0
40771,2023.0,10.0,11.0,3.0,19.490063,19.602562,18.530565,18.495495,19.214914,19.171408,19.076735,19.042833,18.72277,18.667263,19.021584,19.28241,19.71535,19.638252,19.26207,19.19934,18.31439,18.270222,0.0,0.0,0.0,0.0,4.0,0.0,0.0,0.0
40772,2023.0,10.0,11.0,3.0,19.473173,19.58667,18.520329,18.487133,19.196583,19.155745,19.057987,19.026659,19.289463,19.757343,18.951614,19.100992,19.701075,19.62556,19.243752,19.18262,18.303532,18.26056,0.0,0.0,0.0,4.0,4.0,0.0,0.0,0.0
40773,2023.0,10.0,11.0,3.0,19.456112,19.570097,18.509783,18.477654,19.177666,19.138355,19.03876,19.008791,18.817188,18.731464,18.640917,18.519335,19.68675,19.612295,19.225492,19.165396,18.29272,18.250597,0.0,0.0,0.0,0.0,0.0,0.0,0.0,0.0
40774,2023.0,10.0,11.0,3.0,19.439142,19.55317,18.49907,18.467714,19.158644,19.120272,19.019438,18.990252,18.661057,18.530672,18.844467,18.978884,19.672478,19.598726,19.207344,19.147852,18.282,18.240475,0.0,0.0,0.0,0.0,4.0,0.0,0.0,0.0
40775,2023.0,10.0,11.0,3.0,19.423159,19.538012,18.488834,18.458858,19.140919,19.104343,19.001408,18.973923,19.312471,19.809713,18.612293,18.499655,19.65913,19.586647,19.190355,19.13215,18.999817,19.601492,0.0,0.0,0.0,4.0,0.0,0.0,0.0,4.0
40776,2023.0,10.0,11.0,4.0,19.406803,19.521797,18.478285,18.449356,19.122984,19.087566,18.983292,18.956804,18.845026,18.771757,18.576918,18.513336,19.645718,19.57411,19.17333,19.115934,18.532873,18.550306,0.0,0.0,0.0,0.0,0.0,0.0,0.0,0.0
40777,2023.0,10.0,11.0,4.0,19.391766,19.50776,18.468529,18.441542,19.106289,19.072866,18.966528,18.941841,19.278881,19.684755,18.56873,18.515259,19.633419,19.563477,19.157434,19.101557,18.337008,18.248795,0.0,0.0,0.0,4.0,0.0,0.0,0.0,0.0
40778,2023.0,10.0,11.0,4.0,19.376783,19.493313,18.458466,18.432951,19.089144,19.05675,18.949242,18.92542,19.4592,19.903803,18.54393,18.491247,19.621244,19.552523,19.14163,19.086712,18.284431,18.193235,0.0,0.0,0.0,4.0,0.0,0.0,0.0,0.0
40779,2023.0,10.0,11.0,4.0,19.363321,19.481146,18.449257,18.425848,19.073483,19.04319,18.933329,18.91153,19.526653,19.970825,18.52336,18.472591,19.610104,19.543135,19.127018,19.07368,18.305231,18.268261,0.0,0.0,0.0,4.0,0.0,0.0,0.0,0.0
40780,2023.0,10.0,11.0,4.0,19.350735,19.470062,18.440916,18.420227,19.059269,19.032145,19.599077,20.17835,19.580578,20.021517,18.797514,19.002676,19.599953,19.535242,19.113573,19.062428,19.024101,19.631918,0.0,0.0,4.0,4.0,4.0,0.0,0.0,4.0
40781,2023.0,10.0,11.0,4.0,19.337908,19.458189,18.43212,18.413357,19.044184,19.018982,19.196318,19.267578,19.037647,18.966154,18.61712,18.60543,19.589674,19.526628,19.099937,19.050264,19.251808,19.879093,0.0,0.0,0.0,0.0,0.0,0.0,0.0,4.0
40782,2023.0,10.0,11.0,5.0,19.325293,19.446554,18.42357,18.406656,19.029434,19.006065,19.597214,20.080225,19.46768,19.88719,18.53405,18.490423,19.579815,19.518415,19.086784,19.03856,19.361029,19.986025,0.0,0.0,4.0,4.0,0.0,0.0,0.0,4.0
40783,2023.0,10.0,11.0,5.0,19.312479,19.434484,18.414722,18.399263,19.014791,18.992985,19.143492,19.1263,19.613274,20.062008,18.802727,19.01293,20.28813,20.867765,19.073887,19.02692,18.707998,18.68291,0.0,0.0,0.0,4.0,4.0,4.0,0.0,0.0
40784,2023.0,10.0,11.0,5.0,19.299671,19.422102,18.405666,18.391312,19.00003,18.97933,18.949854,18.848743,19.666473,20.11569,18.619606,18.612757,19.81755,19.831964,19.060978,19.015007,19.267805,19.853828,0.0,0.0,0.0,4.0,0.0,0.0,0.0,4.0
40785,2023.0,10.0,11.0,5.0,19.28741,19.410366,18.396858,18.383585,18.985668,18.9661,18.892097,18.790136,19.119762,19.056488,18.83081,19.04804,19.598652,19.466726,19.048372,19.003448,19.466341,20.090149,0.0,0.0,0.0,0.0,4.0,0.0,0.0,4.0
40786,2023.0,10.0,11.0,5.0,19.27521,19.398739,18.388226,18.376076,18.971622,18.95326,18.921833,18.892603,18.931578,18.815556,18.642073,18.641876,20.275509,20.793814,19.03605,18.992222,18.807959,18.785519,0.0,0.0,0.0,0.0,0.0,4.0,0.0,0.0
40787,2023.0,10.0,11.0,5.0,19.93217,20.642141,18.379574,18.368452,18.957666,18.940315,18.918085,18.903109,18.858074,18.744715,18.55009,18.512566,20.452425,20.986818,19.023823,18.980953,18.598993,18.511528,0.0,0.0,0.0,0.0,0.0,4.0,0.0,0.0
40788,2023.0,10.0,11.0,6.0,20.137987,20.880312,18.370964,18.36097,18.944159,18.927828,18.898434,18.885408,18.862125,18.811579,18.818808,19.038486,19.834595,19.75332,19.011873,18.970009,18.526033,18.441515,0.0,0.0,0.0,0.0,4.0,0.0,0.0,0.0
40789,2023.0,10.0,11.0,6.0,21.121723,22.51624,18.79743,19.166464,21.234035,22.98278,21.237925,23.033817,19.486475,20.01893,20.157398,21.332886,21.191374,22.202665,21.339912,22.98212,19.342186,20.04371,4.0,4.0,4.0,4.0,4.0,0.0,0.0,4.0
40790,2023.0,10.0,11.0,6.0,20.99919,22.118567,20.166668,21.460392,20.9852,22.243782,21.01015,22.353605,20.036005,20.799015,20.014946,20.889835,21.015436,21.791328,20.999743,22.177774,20.051968,21.041914,0.0,4.0,0.0,4.0,0.0,0.0,0.0,4.0
40791,2023.0,10.0,11.0,6.0,21.013529,22.04491,19.241135,19.461676,21.048544,22.224722,21.045023,22.251802,19.99793,20.62966,19.226826,19.256592,20.99949,21.657318,21.035696,22.107569,19.99651,20.81992,0.0,0.0,0.0,4.0,0.0,4.0,0.0,4.0
40792,2023.0,10.0,11.0,6.0,21.00848,21.96501,18.715027,18.725145,21.0073,22.008886,21.035881,22.118767,20.00044,20.571457,18.868608,18.82708,21.032217,21.68862,21.02707,21.991547,20.0006,20.750898,0.0,4.0,0.0,4.0,0.0,0.0,0.0,4.0
40793,2023.0,10.0,11.0,6.0,21.037802,21.992413,19.079449,19.479141,21.017857,21.953901,21.006626,21.97251,20.029,20.604544,18.800756,18.761265,21.025106,21.627388,21.029654,21.924747,20.000156,20.694332,4.0,4.0,4.0,0.0,0.0,0.0,0.0,4.0
40794,2023.0,10.0,11.0,7.0,21.00314,21.858494,20.13702,21.255121,21.015139,21.894682,21.043787,22.009592,19.978107,20.430944,19.092035,19.35928,20.997366,21.517172,21.028696,21.869413,20.033815,20.743948,0.0,4.0,0.0,4.0,4.0,4.0,0.0,0.0
40795,2023.0,10.0,11.0,7.0,21.00937,21.84106,19.63505,20.103851,21.040382,21.924696,21.036152,21.948193,20.033195,20.551544,20.131578,21.116722,21.030178,21.582243,21.11877,21.957773,20.07363,20.735289,4.0,0.0,0.0,0.0,0.0,0.0,4.0,4.0
40796,2023.0,10.0,11.0,7.0,21.007528,21.81712,20.088127,20.982262,21.03406,21.874277,21.036135,21.91136,20.07634,20.568964,19.355545,19.469099,21.023952,21.546608,21.022573,21.772554,20.02287,20.648596,4.0,0.0,0.0,4.0,0.0,0.0,0.0,0.0
40797,2023.0,10.0,11.0,7.0,21.034903,21.875044,20.004538,20.739538,21.007956,21.77111,21.029133,21.880842,20.105928,20.59739,18.948277,18.922535,21.023977,21.52703,21.047419,21.753078,19.333721,19.298077,4.0,4.0,0.0,4.0,0.0,0.0,4.0,0.0
40798,2023.0,10.0,11.0,7.0,21.013649,21.779705,20.061352,20.815178,21.068304,21.896988,21.061043,21.926607,20.134119,20.626423,18.850687,18.811193,21.038963,21.548183,21.067875,21.774223,18.99862,18.89907,0.0,0.0,0.0,4.0,0.0,0.0,4.0,0.0
40799,2023.0,10.0,11.0,7.0,21.006361,21.7634,19.678644,20.000486,21.000875,21.71453,21.024395,21.841473,20.007591,20.413137,18.804169,18.769726,21.218391,21.854944,21.088404,21.79331,18.943987,18.903429,4.0,4.0,0.0,0.0,0.0,4.0,4.0,0.0
40800,2023.0,10.0,11.0,8.0,21.006216,21.754845,20.0922,20.847038,21.038542,21.799023,21.029402,21.842295,19.48142,19.397966,19.178848,19.516129,20.997576,21.426971,21.024923,21.700987,18.885834,18.849697,0.0,0.0,0.0,0.0,4.0,0.0,0.0,0.0
40801,2023.0,10.0,11.0,8.0,20.294237,20.411009,19.376554,19.415054,20.236008,20.24213,20.274921,20.382118,19.242949,19.139091,20.119555,21.068617,20.428043,20.332645,20.245787,20.1891,18.832632,18.802727,0.0,0.0,0.0,0.0,0.0,0.0,0.0,0.0
40802,2023.0,10.0,11.0,8.0,19.941526,19.987852,19.053461,19.050056,19.799042,19.695719,19.850523,19.85347,19.150448,19.049845,19.385042,19.504265,20.1635,20.021381,19.876928,19.759487,18.785912,18.759369,0.0,0.0,0.0,0.0,0.0,0.0,0.0,0.0
40803,2023.0,10.0,11.0,8.0,19.8284,19.866873,19.423855,19.809368,19.741339,19.701195,19.712366,19.69468,19.145866,19.100292,19.08417,19.051277,20.156956,20.092047,19.756983,19.63567,18.750446,18.725246,4.0,0.0,0.0,0.0,0.0,0.0,0.0,0.0
40804,2023.0,10.0,11.0,8.0,19.754747,19.801245,20.090235,20.954914,19.67847,19.653328,19.61964,19.604654,19.833578,20.432722,19.006592,18.969315,20.121925,20.069735,19.675953,19.563093,18.719255,18.696655,0.0,0.0,0.0,4.0,0.0,0.0,0.0,0.0
40805,2023.0,10.0,11.0,8.0,19.757381,19.884008,19.424484,19.574823,19.597996,19.576782,19.52687,19.515072,20.01745,20.542044,18.945524,18.911291,20.070534,20.022291,19.652729,19.601906,18.687641,18.66705,0.0,0.0,0.0,4.0,0.0,0.0,0.0,0.0
40806,2023.0,10.0,11.0,9.0,20.439405,21.202705,19.127542,19.134686,19.539248,19.51933,19.461163,19.450205,20.024685,20.542278,18.906878,18.874008,20.031797,19.985313,19.616615,19.575052,18.663626,18.644207,0.0,0.0,0.0,0.0,0.0,0.0,0.0,0.0
40807,2023.0,10.0,11.0,9.0,19.9692,20.11206,19.009119,19.007841,19.47794,19.461893,19.393219,19.386044,19.47629,19.446669,18.869667,18.84019,19.99214,19.948631,19.567116,19.529425,18.639977,18.622576,0.0,0.0,0.0,0.0,0.0,0.0,0.0,0.0
40808,2023.0,10.0,11.0,9.0,20.432667,21.09686,18.945158,18.94356,20.11018,20.693413,19.34385,19.33917,19.287333,19.20449,18.843864,18.816706,19.96336,19.921907,19.529226,19.49403,18.622564,18.606802,0.0,4.0,0.0,0.0,0.0,0.0,0.0,0.0
40809,2023.0,10.0,11.0,9.0,20.529564,21.183945,19.337627,19.72712,19.694595,19.79242,19.298609,19.2977,19.25591,19.215914,18.821472,18.797129,19.937649,19.89859,19.49497,19.46249,18.607292,18.59329,4.0,0.0,0.0,0.0,0.0,0.0,0.0,0.0
40810,2023.0,10.0,11.0,9.0,19.972837,20.11315,20.101606,21.032867,19.44116,19.394768,19.944225,20.55129,19.219498,19.187563,18.802713,18.780409,19.915987,19.878994,19.46577,19.435688,18.594513,18.582115,0.0,0.0,4.0,0.0,0.0,0.0,0.0,0.0
40811,2023.0,10.0,11.0,9.0,19.729515,19.827028,19.418068,19.596718,19.348236,19.300451,20.162422,20.767399,19.178272,19.150696,18.786459,18.767286,19.89462,19.860113,19.43675,19.409386,19.478748,20.264477,0.0,0.0,4.0,0.0,0.0,0.0,0.0,4.0
40812,2023.0,10.0,11.0,10.0,19.663015,19.760204,19.11183,19.135931,19.338392,19.330637,20.135399,20.662931,19.14841,19.122887,18.777246,18.760063,20.639473,21.29037,19.414545,19.388727,20.079165,21.154957,0.0,0.0,4.0,0.0,0.0,4.0,0.0,0.0
40813,2023.0,10.0,11.0,10.0,19.610207,19.70941,19.004103,19.021626,19.314966,19.31779,20.152227,20.677856,19.118885,19.096281,18.76846,18.753521,20.176212,20.186573,19.39237,19.368628,19.21047,19.300716,0.0,0.0,4.0,0.0,0.0,0.0,0.0,0.0
40814,2023.0,10.0,11.0,10.0,19.61435,19.757965,19.395971,19.80768,19.287481,19.293106,19.619207,19.660723,19.096882,19.07541,18.763075,18.749508,19.982117,19.90076,19.37512,19.35229,18.941046,18.914032,4.0,0.0,0.0,0.0,0.0,0.0,0.0,0.0
40815,2023.0,10.0,11.0,10.0,19.599056,19.753937,20.075478,20.945204,19.94461,20.555159,19.429546,19.414919,19.078213,19.05864,18.759315,18.747276,19.938112,19.860601,19.360212,19.338854,18.885303,18.868107,4.0,4.0,0.0,0.0,0.0,0.0,0.0,0.0
40816,2023.0,10.0,11.0,10.0,20.258133,21.016851,20.017817,20.755383,19.600548,19.707886,19.987585,20.542238,19.060333,19.042448,18.757334,18.746641,19.940767,19.903038,19.34622,19.32618,18.839264,18.82463,0.0,0.0,4.0,0.0,0.0,0.0,0.0,0.0
40817,2023.0,10.0,11.0,10.0,20.435556,21.131897,19.409517,19.525745,19.332197,19.344067,19.611197,19.682291,19.046988,19.030712,18.758005,18.74853,19.93131,19.89963,19.334265,19.315315,18.803343,18.790203,0.0,0.0,0.0,0.0,0.0,0.0,0.0,0.0
40818,2023.0,10.0,11.0,11.0,19.908358,20.102884,19.171188,19.19533,19.902935,20.4553,19.423502,19.430471,19.039743,19.02476,18.761425,18.752975,19.918383,19.888697,19.325956,19.307941,19.670773,20.449366,0.0,4.0,0.0,0.0,0.0,0.0,0.0,4.0
40819,2023.0,10.0,11.0,11.0,19.726326,19.860744,19.53249,19.945232,19.512754,19.603268,19.35677,19.368233,19.034775,19.02153,18.766214,18.759422,19.907463,19.879723,19.319487,19.302729,20.051113,20.969973,4.0,0.0,0.0,0.0,0.0,0.0,0.0,0.0
40820,2023.0,10.0,11.0,11.0,19.662043,19.805368,20.068796,20.832706,19.921503,20.499743,19.313383,19.339537,19.03052,19.018993,18.772335,18.767181,19.897547,19.871786,19.313753,19.298325,19.308577,19.400345,0.0,4.0,0.0,0.0,0.0,0.0,0.0,0.0
40821,2023.0,10.0,11.0,11.0,19.648354,19.82556,19.48688,19.642744,20.121784,20.700296,19.273573,19.304396,19.027761,19.017696,18.78017,18.77629,19.889898,19.86579,19.309969,19.29568,18.994452,18.999105,0.0,4.0,0.0,0.0,0.0,0.0,0.0,0.0
40822,2023.0,10.0,11.0,11.0,19.626652,19.808592,19.238174,19.284939,19.616276,19.708168,19.243073,19.276756,19.0273,19.018593,18.78915,18.786777,19.885685,19.863102,19.308989,19.295876,18.93145,18.922709,0.0,0.0,0.0,0.0,0.0,0.0,0.0,0.0
40823,2023.0,10.0,11.0,11.0,20.280106,21.058056,19.15379,19.196873,19.453987,19.495459,19.216442,19.253984,19.027397,19.020214,18.798,18.797157,19.882406,19.861574,19.30896,19.297234,18.900393,18.892582,0.0,0.0,0.0,0.0,0.0,0.0,0.0,0.0
40824,2023.0,10.0,11.0,12.0,20.422321,21.175297,19.095507,19.14176,20.031574,20.629358,19.193136,19.234344,19.735306,20.356304,19.170353,19.490564,19.879559,19.86055,19.308956,19.298756,18.877096,18.871267,0.0,4.0,0.0,4.0,4.0,0.0,0.0,0.0
40825,2023.0,10.0,11.0,12.0,21.106802,22.338423,19.472048,19.888441,21.11875,22.432861,21.23135,22.882477,20.036602,20.759651,20.116482,21.081734,21.158068,22.115469,21.318157,22.806744,18.85686,18.851511,4.0,4.0,0.0,0.0,0.0,0.0,0.0,0.0
40826,2023.0,10.0,11.0,12.0,21.015821,22.039944,20.072296,20.871418,20.996302,22.037872,21.002525,22.208605,19.491867,19.588928,19.440313,19.600609,21.006248,21.73151,21.000328,22.04655,18.837067,18.832561,0.0,4.0,0.0,0.0,0.0,0.0,0.0,0.0
40827,2023.0,10.0,11.0,12.0,21.02712,21.982752,19.482517,19.647575,21.037106,22.041374,21.007998,22.067171,19.25337,19.271654,19.08866,19.101818,21.019634,21.67316,21.028444,21.973146,18.822319,18.819042,0.0,0.0,4.0,0.0,0.0,0.0,0.0,0.0
40828,2023.0,10.0,11.0,12.0,21.05317,21.975325,19.159008,19.215105,21.023792,21.904673,21.070078,22.125654,19.18973,19.182991,19.024813,19.021551,21.184906,21.899595,21.06038,21.934174,18.811775,18.809824,0.0,4.0,0.0,0.0,0.0,4.0,0.0,0.0
40829,2023.0,10.0,11.0,12.0,21.016975,21.871262,19.082205,19.136942,21.005901,21.837626,21.02357,21.966684,19.16624,19.160872,19.395819,19.740763,20.996546,21.51065,21.017233,21.792841,18.804506,18.804329,0.0,4.0,0.0,0.0,4.0,0.0,0.0,0.0
40830,2023.0,10.0,11.0,13.0,20.99587,21.780895,19.483242,19.935635,21.007101,21.805859,21.030542,21.930971,19.15056,19.14657,20.073593,20.822773,21.019672,21.526438,21.023064,21.756653,18.798672,18.80029,4.0,4.0,0.0,0.0,4.0,0.0,0.0,0.0
40831,2023.0,10.0,11.0,13.0,21.030107,21.850443,20.084475,20.902397,21.033028,21.85058,21.026304,21.889948,19.135387,19.1297,20.009985,20.621271,21.016876,21.497179,21.022295,21.719915,18.79086,18.791208,0.0,0.0,0.0,0.0,0.0,0.0,0.0,0.0
40832,2023.0,10.0,11.0,13.0,21.022345,21.815542,19.478966,19.644663,21.026585,21.809385,21.026749,21.86415,19.121487,19.114765,19.535154,19.639658,21.014992,21.478361,21.022081,21.692162,18.782637,18.781971,0.0,0.0,0.0,0.0,0.0,0.0,0.0,0.0
40833,2023.0,10.0,11.0,13.0,21.047695,21.844482,19.174812,19.245146,21.055359,21.836966,21.055698,21.896406,19.107388,19.09896,19.268288,19.269297,21.032394,21.49933,21.04662,21.716497,18.774025,18.77212,0.0,0.0,0.0,0.0,0.0,0.0,0.0,0.0
40834,2023.0,10.0,11.0,13.0,21.042301,21.81485,19.074337,19.113148,21.049475,21.800491,21.053894,21.865818,19.094385,19.084967,19.189238,19.173481,21.030985,21.482317,21.044456,21.687893,18.765818,18.763023,0.0,0.0,0.0,0.0,0.0,0.0,0.0,0.0
40835,2023.0,10.0,11.0,13.0,21.041592,21.803684,19.016518,19.051998,21.005138,21.672491,21.053057,21.848824,19.081747,19.07138,19.139362,19.122114,21.030611,21.473667,21.04489,21.67467,18.757719,18.754063,0.0,4.0,0.0,0.0,0.0,0.0,0.0,0.0
40836,2023.0,10.0,11.0,14.0,21.089237,21.85689,18.97269,19.00584,21.054,21.799911,21.052168,21.833218,19.069721,19.058397,19.10071,19.08266,21.030458,21.4662,21.04362,21.659018,18.749947,18.745405,0.0,0.0,0.0,0.0,0.0,0.0,0.0,0.0
40837,2023.0,10.0,11.0,14.0,20.466923,20.669415,18.939697,18.974907,20.37824,20.469799,20.370302,20.510538,19.059717,19.048609,19.07082,19.055231,20.609653,20.649406,20.44858,20.501986,18.743437,18.738825,0.0,0.0,0.0,0.0,0.0,0.0,0.0,0.0
40838,2023.0,10.0,11.0,14.0,20.226334,20.354486,18.912312,18.944937,20.083452,20.061443,20.069418,20.097712,19.050571,19.038658,19.413136,19.719086,21.19819,21.848099,20.213854,20.18258,18.737448,18.732138,0.0,0.0,0.0,0.0,4.0,4.0,0.0,0.0
40839,2023.0,10.0,11.0,14.0,20.778143,21.479519,18.887747,18.919003,19.9902,19.99287,19.938816,19.959486,19.041239,19.028646,20.08724,20.855999,20.606218,20.62072,20.106215,20.071573,18.730923,18.724926,0.0,0.0,0.0,0.0,0.0,0.0,0.0,0.0
40840,2023.0,10.0,11.0,14.0,20.354261,20.546862,18.862762,18.892616,19.898794,19.906532,19.824984,19.845066,19.031221,19.01794,19.521553,19.646896,20.309675,20.238546,20.011637,19.978188,19.617104,20.405523,0.0,0.0,0.0,0.0,0.0,0.0,0.0,4.0
40841,2023.0,10.0,11.0,14.0,20.13149,20.246618,18.843184,18.870474,19.827578,19.831976,19.746315,19.761755,19.022375,19.008053,19.273565,19.257618,20.960293,21.530804,19.944689,19.909815,20.057896,21.015135,0.0,0.0,0.0,0.0,0.0,4.0,0.0,0.0
40842,2023.0,10.0,11.0,15.0,20.693602,21.393225,18.822926,18.848719,19.756313,19.760508,19.66842,19.68343,19.012695,18.99756,19.554771,19.850885,20.492985,20.478943,19.877954,19.844446,20.049517,20.798946,0.0,0.0,0.0,0.0,4.0,0.0,0.0,4.0
40843,2023.0,10.0,11.0,15.0,20.790508,21.466167,18.807407,18.831856,20.36586,20.950335,19.61336,19.626623,19.717155,20.333654,20.068779,20.72661,21.012844,21.560625,19.829031,19.796114,20.0237,20.715635,0.0,4.0,0.0,4.0,0.0,4.0,0.0,0.0
40844,2023.0,10.0,11.0,15.0,20.81652,21.48256,18.791586,18.814898,20.016275,20.121435,19.55588,19.56874,20.033321,20.695992,19.887089,20.26969,21.207457,21.777985,19.778666,19.747011,19.379055,19.411217,0.0,0.0,0.0,0.0,4.0,4.0,0.0,0.0
40845,2023.0,10.0,11.0,15.0,20.838802,21.491894,18.77727,18.799234,19.699717,19.676031,20.181297,20.789894,19.447203,19.470499,20.046413,20.584831,20.57431,20.545982,19.73347,19.702682,19.096386,19.066452,0.0,0.0,4.0,0.0,0.0,0.0,0.0,0.0
40846,2023.0,10.0,11.0,15.0,20.858288,21.505306,18.76442,18.785046,20.229832,20.745132,20.396624,21.003054,19.196682,19.159464,19.545813,19.572779,20.303568,20.20785,19.693388,19.663296,19.007708,18.971684,0.0,4.0,4.0,0.0,0.0,0.0,0.0,0.0
40847,2023.0,10.0,11.0,15.0,20.882156,21.533096,19.195297,19.599438,19.819838,19.871653,20.363617,20.885572,19.869816,20.470997,19.340515,19.276173,20.223825,20.121323,19.662886,19.63331,18.977936,18.955484,4.0,0.0,4.0,4.0,0.0,0.0,0.0,0.0
40848,2023.0,10.0,11.0,16.0,20.8987,21.545183,20.118425,21.152817,19.617317,19.57331,19.821608,19.85514,20.021986,20.622547,19.674044,19.973717,20.167816,20.06475,19.634392,19.605377,18.948048,18.927977,0.0,0.0,0.0,0.0,4.0,0.0,0.0,0.0
40849,2023.0,10.0,11.0,16.0,20.327385,20.461943,19.734785,20.217281,20.174076,20.68197,19.556015,19.521954,19.470072,19.472696,20.028917,20.520117,20.16861,20.120705,19.604958,19.57663,18.91455,18.895346,4.0,4.0,0.0,0.0,4.0,0.0,0.0,0.0
40850,2023.0,10.0,11.0,16.0,20.04783,20.118256,20.090096,20.901073,20.359488,20.865673,19.460733,19.414326,19.222908,19.166367,20.00065,20.425589,20.14661,20.105642,19.577353,19.548973,18.88345,18.86421,0.0,4.0,0.0,0.0,4.0,0.0,0.0,0.0
40851,2023.0,10.0,11.0,16.0,20.6384,21.31165,19.753757,20.134949,20.396158,20.894922,19.402075,19.354898,19.189157,19.16137,20.021553,20.453075,20.11379,20.074833,19.553516,19.52607,18.856745,18.83846,4.0,4.0,0.0,0.0,0.0,0.0,0.0,0.0
40852,2023.0,10.0,11.0,16.0,20.800735,21.444632,20.07268,20.773794,20.427214,20.919754,19.39717,19.392853,19.16316,19.1389,19.578642,19.57795,20.082685,20.044998,20.530909,21.393633,18.832712,18.815166,0.0,4.0,0.0,0.0,0.0,0.0,4.0,0.0
40853,2023.0,10.0,11.0,16.0,20.256107,20.398342,19.814896,20.186745,20.453087,20.940212,20.042122,20.62826,19.133574,19.11052,19.316679,19.238068,20.810686,21.454187,20.817528,21.588709,19.700499,20.475895,4.0,4.0,4.0,0.0,0.0,4.0,4.0,4.0
40854,2023.0,10.0,11.0,17.0,20.715858,21.3733,20.040934,20.60264,19.922358,19.929379,19.640438,19.732172,19.108234,19.086334,19.27734,19.236273,20.902163,21.46444,20.898111,21.658789,20.048122,20.934378,4.0,0.0,0.0,0.0,0.0,4.0,4.0,0.0
40855,2023.0,10.0,11.0,17.0,20.84581,21.47319,20.00236,20.506023,19.651299,19.583843,19.3414,19.302956,19.800777,20.4191,19.613167,19.914646,20.27112,20.226824,20.103777,20.088476,20.050087,20.759323,4.0,0.0,0.0,4.0,4.0,0.0,0.0,4.0
40856,2023.0,10.0,11.0,17.0,20.858606,21.47942,20.006742,20.497366,19.553,19.472809,19.908123,20.418064,19.997898,20.543676,20.05496,20.624004,20.02448,19.917742,19.761257,19.675695,20.025068,20.6912,4.0,0.0,4.0,4.0,0.0,0.0,0.0,0.0
40857,2023.0,10.0,11.0,17.0,20.282604,20.37926,20.005756,20.48051,20.13307,20.611877,19.546053,19.55817,20.025246,20.557354,19.55974,19.606607,19.954342,19.843285,19.655828,19.56522,19.359344,19.35113,4.0,4.0,0.0,0.0,0.0,0.0,0.0,0.0
40858,2023.0,10.0,11.0,17.0,20.678709,21.307352,20.005695,20.467844,20.324823,20.80328,19.941917,20.440693,19.479704,19.452799,19.307796,19.286207,20.639126,21.182983,19.58984,19.499983,19.914951,20.601465,4.0,4.0,4.0,0.0,0.0,4.0,0.0,4.0
40859,2023.0,10.0,11.0,17.0,20.832373,21.449966,20.005602,20.456934,20.364054,20.835691,20.120174,20.608456,19.909435,20.436987,19.60705,19.917229,20.866339,21.406467,19.536942,19.447489,20.017048,20.62173,4.0,4.0,4.0,4.0,4.0,4.0,0.0,0.0
40860,2023.0,10.0,11.0,18.0,20.851719,21.460188,20.005302,20.446648,20.396809,20.862999,19.598732,19.591232,20.016413,20.487082,20.057356,20.637396,20.239273,20.162228,19.54586,19.510384,19.381277,19.351694,4.0,4.0,0.0,0.0,0.0,0.0,0.0,0.0
40861,2023.0,10.0,11.0,18.0,21.019512,21.731873,20.023779,20.489191,21.086271,22.043037,21.205683,22.58578,19.510113,19.47246,19.57246,19.636717,21.128511,21.846737,21.310602,22.576801,19.10223,19.026623,0.0,4.0,0.0,0.0,0.0,4.0,0.0,0.0
40862,2023.0,10.0,11.0,18.0,21.026121,21.733866,19.51081,19.489973,20.998573,21.781858,20.98278,21.946514,19.24547,19.148294,19.288954,19.25814,21.01434,21.600157,20.997795,21.866486,18.998896,18.914665,0.0,4.0,4.0,0.0,0.0,0.0,0.0,0.0
40863,2023.0,10.0,11.0,18.0,20.99401,21.621088,19.652905,19.925072,21.009861,21.744879,21.015175,21.907839,19.22772,19.19092,19.207336,19.168417,21.023668,21.56176,21.026503,21.828848,18.987568,18.956463,4.0,4.0,4.0,0.0,0.0,0.0,0.0,0.0
40864,2023.0,10.0,11.0,18.0,21.001596,21.618353,20.063122,20.619787,21.008575,21.69954,21.037798,21.90538,19.8905,20.467209,19.150352,19.108557,21.05496,21.54774,21.02361,21.756855,18.959087,18.930166,0.0,4.0,0.0,4.0,0.0,4.0,0.0,0.0
40865,2023.0,10.0,11.0,18.0,21.029823,21.681793,19.831627,20.101748,21.008217,21.667046,21.004889,21.767134,20.061193,20.540148,19.454973,19.72063,21.020098,21.483116,21.022495,21.70789,18.919691,18.886497,4.0,4.0,4.0,4.0,4.0,0.0,0.0,0.0
40866,2023.0,10.0,11.0,19.0,20.996614,21.578629,20.055613,20.568495,21.008268,21.642096,21.038197,21.817114,20.018341,20.455776,20.082281,20.743528,21.022623,21.464554,21.02322,21.674126,19.770016,20.522352,0.0,4.0,0.0,0.0,0.0,0.0,0.0,4.0
40867,2023.0,10.0,11.0,19.0,21.029442,21.655157,19.847328,20.108469,21.008137,21.621754,21.031374,21.770048,19.47263,19.368858,19.511303,19.546297,21.022028,21.443886,21.02289,21.647202,20.00999,20.649895,4.0,4.0,0.0,0.0,0.0,0.0,0.0,4.0
40868,2023.0,10.0,11.0,19.0,20.99222,21.548466,20.044704,20.507975,21.034964,21.678465,21.030863,21.740835,19.21348,19.068457,19.223444,19.17382,21.016178,21.428308,21.02155,21.62461,20.030418,20.657194,4.0,0.0,0.0,0.0,0.0,0.0,0.0,0.0
40869,2023.0,10.0,11.0,19.0,21.030716,21.640015,20.000866,20.403969,21.028072,21.643414,20.998707,21.647707,19.216337,19.15975,19.14247,19.086369,21.262707,21.87114,21.022709,21.610952,19.334126,19.251493,4.0,0.0,4.0,0.0,0.0,4.0,0.0,0.0
40870,2023.0,10.0,11.0,19.0,20.995218,21.537945,20.00791,20.405977,21.028852,21.625536,21.038385,21.729956,19.891102,20.454075,19.087025,19.027372,20.990297,21.332602,21.321896,22.132309,19.02343,18.888378,4.0,0.0,0.0,4.0,0.0,0.0,4.0,0.0
40871,2023.0,10.0,11.0,19.0,21.030663,21.625202,20.007124,20.394793,21.028347,21.608046,21.030502,21.696491,20.015171,20.481354,19.409016,19.671265,21.111946,21.544205,20.975773,21.458649,18.922367,18.779505,4.0,0.0,0.0,0.0,4.0,4.0,0.0,0.0
40872,2023.0,10.0,11.0,20.0,20.9954,21.524994,20.007404,20.386696,21.020899,21.59453,21.031689,21.682268,20.059772,20.478634,20.090977,20.780226,21.011734,21.362797,21.033672,21.565287,18.948826,18.898018,4.0,0.0,0.0,4.0,0.0,0.0,0.0,0.0
40873,2023.0,10.0,11.0,20.0,21.0022,21.535599,20.025852,20.430573,21.00529,21.534575,21.023598,21.66788,20.018362,20.399338,19.478054,19.49328,21.109186,21.522219,21.02688,21.543484,18.93229,18.880713,0.0,4.0,0.0,0.0,0.0,4.0,0.0,0.0
40874,2023.0,10.0,11.0,20.0,21.02925,21.609236,19.482979,19.377062,21.027386,21.610998,21.024698,21.668644,20.103191,20.501123,19.182325,19.120005,21.012873,21.35296,21.027405,21.535496,19.774187,20.502068,0.0,0.0,0.0,4.0,0.0,0.0,0.0,4.0
40875,2023.0,10.0,11.0,20.0,21.022913,21.587446,19.13233,18.9006,21.028788,21.595207,21.023825,21.664125,20.007395,20.326584,19.097118,19.023207,21.02405,21.37296,21.020422,21.526533,20.028753,20.700445,0.0,0.0,0.0,0.0,0.0,0.0,0.0,0.0
40876,2023.0,10.0,11.0,20.0,21.024712,21.580345,19.597414,19.887945,21.002968,21.508228,20.998276,21.589224,19.480919,19.307058,19.04395,18.97027,21.02258,21.365282,21.02155,21.530209,19.270288,19.147285,4.0,4.0,4.0,0.0,0.0,0.0,0.0,0.0
40877,2023.0,10.0,11.0,20.0,20.994606,21.491903,20.03905,20.569374,21.008394,21.513367,21.031353,21.678307,19.208284,18.993206,18.993994,18.915508,21.01512,21.36024,21.020592,21.528217,18.934914,18.757296,4.0,4.0,0.0,0.0,0.0,0.0,0.0,0.0
40878,2023.0,10.0,11.0,21.0,21.03134,21.585772,20.002605,20.441729,21.034386,21.581852,21.006111,21.586767,19.989847,20.57591,18.953829,18.874947,21.016436,21.367908,21.02129,21.52799,19.904085,20.689312,4.0,0.0,4.0,4.0,0.0,0.0,0.0,4.0
40879,2023.0,10.0,11.0,21.0,21.022818,21.563404,20.029152,20.476954,21.000957,21.485277,21.038622,21.661034,19.981998,20.346434,18.915539,18.833454,21.31347,21.917643,21.020815,21.525288,19.99531,20.576468,0.0,4.0,0.0,0.0,0.0,4.0,0.0,0.0
40880,2023.0,10.0,11.0,21.0,21.024893,21.560543,19.420185,19.27909,21.035799,21.570862,21.031103,21.63149,19.411442,19.218077,18.884188,18.80205,20.988071,21.273825,21.366402,22.147058,19.272387,19.118456,0.0,0.0,0.0,0.0,0.0,0.0,4.0,0.0
40881,2023.0,10.0,11.0,21.0,21.01643,21.554493,19.049618,18.782423,21.002554,21.474607,21.03224,21.62071,19.835928,20.229794,19.195244,19.40936,21.086708,21.445591,20.97603,21.381744,18.94603,18.744024,0.0,4.0,0.0,4.0,4.0,4.0,0.0,0.0
40882,2023.0,10.0,11.0,21.0,21.175257,21.837528,19.53591,19.8151,21.035625,21.557377,21.022635,21.609692,20.028004,20.429771,20.127338,20.94288,21.016268,21.326519,21.1784,21.74651,18.838142,18.628853,4.0,0.0,0.0,0.0,0.0,0.0,4.0,0.0
40883,2023.0,10.0,11.0,21.0,21.001621,21.503761,20.061409,20.65239,21.002575,21.462595,21.023813,21.615591,20.045147,20.385973,19.731556,20.028177,21.0856,21.432583,21.005228,21.428312,18.904512,18.833645,0.0,4.0,0.0,4.0,4.0,4.0,0.0,0.0
40884,2023.0,10.0,11.0,22.0,21.028564,21.554266,19.521116,19.546106,21.009232,21.473568,21.023695,21.61676,20.022753,20.355583,20.086107,20.712164,21.017485,21.322826,21.03088,21.482061,18.90025,18.82791,0.0,4.0,0.0,0.0,0.0,0.0,0.0,0.0
40885,2023.0,10.0,11.0,22.0,21.024624,21.542212,19.228144,19.16147,21.034956,21.544508,21.023685,21.616915,19.44177,19.220047,19.594267,19.652454,21.08339,21.422022,21.02772,21.473255,19.640297,20.257513,0.0,0.0,0.0,0.0,4.0,4.0,0.0,4.0
40886,2023.0,10.0,11.0,22.0,21.015915,21.538982,19.13644,19.0548,21.029127,21.525227,21.023453,21.615427,19.151297,18.893284,20.132671,20.694252,21.100782,21.440866,21.192562,21.74524,20.046295,20.760267,0.0,0.0,0.0,0.0,0.0,4.0,4.0,0.0
40887,2023.0,10.0,11.0,22.0,21.01728,21.550547,19.51877,19.817646,21.029642,21.517859,21.023348,21.61335,19.865633,20.357004,19.645132,19.69351,21.016943,21.314054,21.005384,21.41013,19.93652,20.40463,4.0,0.0,0.0,4.0,4.0,0.0,0.0,4.0
40888,2023.0,10.0,11.0,22.0,21.017506,21.556305,20.0699,20.713923,21.019386,21.510178,21.023214,21.610785,20.006468,20.4208,20.116415,20.640753,21.024496,21.329958,21.030807,21.466673,20.01216,20.526197,0.0,0.0,0.0,0.0,0.0,0.0,0.0,4.0
40889,2023.0,10.0,11.0,22.0,21.016844,21.559528,19.323065,19.180525,21.0208,21.520536,21.023056,21.60804,19.3773,19.163862,19.551298,19.535154,21.023376,21.325832,21.027262,21.460115,20.030825,20.547884,0.0,0.0,0.0,0.0,0.0,0.0,0.0,0.0
40890,2023.0,10.0,11.0,23.0,21.017107,21.563093,18.909605,18.622375,21.02068,21.525194,21.023096,21.60595,19.077374,18.825003,19.25911,19.173122,21.023426,21.323666,21.027405,21.459324,19.311071,19.122074,0.0,0.0,0.0,0.0,0.0,0.0,0.0,0.0
40891,2023.0,10.0,11.0,23.0,20.572609,20.710938,18.964296,18.837938,20.491423,20.51126,20.42591,20.456203,19.76053,20.217012,19.158548,19.067217,21.321875,21.885164,20.493523,20.444918,18.985146,18.759607,0.0,0.0,0.0,4.0,0.0,4.0,0.0,0.0
40892,2023.0,10.0,11.0,23.0,20.377344,20.449455,18.98462,18.89433,20.232193,20.143929,20.144163,20.063679,19.380722,19.343828,19.094421,18.99858,21.159363,21.4934,20.288853,20.197721,18.885075,18.652357,0.0,0.0,0.0,0.0,0.0,4.0,0.0,0.0
40893,2023.0,10.0,11.0,23.0,20.283152,20.349712,18.955736,18.865778,20.112223,20.01257,20.014627,19.924086,19.064358,18.825533,19.037,18.939087,20.448364,20.170584,20.17939,20.088364,18.95509,18.86735,0.0,0.0,0.0,0.0,0.0,0.0,0.0,0.0
40894,2023.0,10.0,11.0,23.0,20.20357,20.262377,18.92204,18.827065,20.01501,19.905302,19.908522,19.807878,18.929796,18.65501,18.981619,18.877907,20.198368,19.857706,20.082516,19.9846,18.941645,18.86181,0.0,0.0,0.0,0.0,0.0,0.0,0.0,0.0
40895,2023.0,10.0,11.0,23.0,20.847437,21.531067,18.894323,18.800232,19.944717,19.840002,20.497143,20.988026,19.024363,18.918116,18.937258,18.83492,20.091806,19.759026,20.006193,19.910759,18.905367,18.825714,0.0,0.0,4.0,0.0,0.0,0.0,0.0,0.0
40896,2023.0,10.0,12.0,0.0,20.37045,20.51275,18.86465,18.76841,19.876125,19.769787,20.056133,20.066336,19.027903,18.934082,18.893032,18.788532,19.996979,19.664246,19.934439,19.837326,18.868479,18.787039,0.0,0.0,0.0,0.0,0.0,0.0,0.0,0.0
40897,2023.0,10.0,12.0,0.0,19.917187,19.731947,18.833202,18.732044,19.81051,19.699287,19.578459,19.243317,18.99626,18.898869,18.849152,18.739828,20.118217,19.988646,19.866749,19.765253,18.831553,18.746223,0.0,0.0,0.0,0.0,0.0,0.0,0.0,0.0
40898,2023.0,10.0,12.0,0.0,19.76078,19.544231,18.800356,18.692303,19.747345,19.629059,19.400732,19.02551,18.962807,18.860504,18.805761,18.690304,20.105314,19.98249,19.803488,19.696943,18.795391,18.70558,0.0,0.0,0.0,0.0,0.0,0.0,0.0,0.0
40899,2023.0,10.0,12.0,0.0,19.90031,19.91263,18.77353,18.663944,19.696465,19.579382,19.52689,19.378286,19.515196,19.923494,18.768799,18.652159,20.063585,19.939898,19.749117,19.642118,19.50014,20.06016,0.0,0.0,0.0,4.0,0.0,0.0,0.0,4.0
40900,2023.0,10.0,12.0,0.0,19.905674,19.945608,18.743801,18.629095,19.64364,19.522278,19.527727,19.41243,19.113316,19.037102,18.729708,18.608456,20.019136,19.891169,19.695055,19.584213,19.77904,20.418697,0.0,0.0,0.0,0.0,0.0,0.0,0.0,4.0
40901,2023.0,10.0,12.0,0.0,19.86785,19.905645,18.71561,18.596682,19.595335,19.47115,19.482086,19.3657,19.346771,19.53561,18.69279,18.568027,19.976862,19.845724,19.64538,19.531992,18.945318,18.730824,0.0,0.0,0.0,4.0,0.0,0.0,0.0,0.0
40902,2023.0,10.0,12.0,1.0,19.827126,19.859756,18.68637,18.56166,19.547285,19.418003,19.433687,19.312393,18.858948,18.546986,18.955671,19.08762,19.934397,19.798317,19.59637,19.478525,18.664919,18.365946,0.0,0.0,0.0,0.0,4.0,0.0,0.0,0.0
40903,2023.0,10.0,12.0,1.0,19.789713,19.819933,18.660547,18.532911,19.504416,19.37309,19.389105,19.265835,18.678331,18.339972,18.731009,18.605803,19.896235,19.758064,19.552193,19.432524,18.566135,18.263626,0.0,0.0,0.0,0.0,0.0,0.0,0.0,0.0
40904,2023.0,10.0,12.0,1.0,19.753675,19.78154,18.636053,18.505705,19.46406,19.330767,19.346634,19.221416,18.814371,18.688871,18.643959,18.508589,19.860207,19.720036,19.510622,19.389175,18.488468,18.183867,0.0,0.0,0.0,0.0,0.0,0.0,0.0,0.0
40905,2023.0,10.0,12.0,1.0,19.719564,19.746006,18.612768,18.48041,19.426525,19.292162,19.306805,19.180634,18.813313,18.690876,18.926537,19.07187,19.826397,19.684843,19.471691,19.349087,18.621174,18.512745,0.0,0.0,0.0,0.0,4.0,0.0,0.0,0.0
40906,2023.0,10.0,12.0,1.0,19.687248,19.712797,18.590591,18.456804,19.391409,19.256731,19.269436,19.143126,18.785923,18.662737,18.680387,18.550316,19.79452,19.652122,19.435032,19.3118,18.618458,18.508877,0.0,0.0,0.0,0.0,0.0,0.0,0.0,0.0
40907,2023.0,10.0,12.0,1.0,19.653883,19.67636,18.56669,18.429153,19.35483,19.216919,19.23066,19.101063,18.755789,18.630037,18.59057,18.448915,19.762215,19.617329,19.398273,19.272816,18.592367,18.480797,0.0,0.0,0.0,0.0,0.0,0.0,0.0,0.0
40908,2023.0,10.0,12.0,2.0,19.624765,19.647331,18.54663,18.408974,19.323898,19.187187,19.19794,19.069725,19.320114,19.715597,18.553307,18.412596,19.733496,19.588676,19.365232,19.240004,18.56664,18.454798,0.0,0.0,0.0,4.0,0.0,0.0,0.0,0.0
40909,2023.0,10.0,12.0,2.0,19.594696,19.6153,18.524868,18.3852,19.291033,19.152458,19.16313,19.032972,19.566957,20.046831,18.515215,18.37212,19.704206,19.55792,19.33178,19.205198,18.539549,18.42635,0.0,0.0,0.0,4.0,0.0,0.0,0.0,0.0
40910,2023.0,10.0,12.0,2.0,19.56997,19.59206,18.50762,18.369751,19.26435,19.128693,19.13489,19.007837,18.808125,18.514318,18.485138,18.34436,19.67899,19.534208,19.302567,19.177574,18.51574,18.403732,0.0,0.0,0.0,0.0,0.0,0.0,0.0,0.0
40911,2023.0,10.0,12.0,2.0,19.543604,19.56472,18.948887,19.214087,19.235538,19.099848,19.104437,18.97737,18.550484,18.186636,18.453705,18.312326,19.652533,19.507298,19.27215,19.146738,18.490683,18.378159,4.0,0.0,0.0,0.0,0.0,0.0,0.0,0.0
40912,2023.0,10.0,12.0,2.0,19.520454,19.543495,18.685902,18.631565,19.207996,19.072628,19.075382,18.948673,19.073841,19.251017,18.424309,18.282787,19.627092,19.481758,19.242882,19.117432,18.466492,18.353783,0.0,0.0,0.0,4.0,0.0,0.0,0.0,0.0
40913,2023.0,10.0,12.0,2.0,19.509367,19.54605,18.54733,18.417288,19.181398,19.04655,19.047379,18.921238,18.620478,18.289654,18.396502,18.255108,19.602396,19.457159,19.214428,19.089151,18.44292,18.330215,0.0,0.0,0.0,0.0,0.0,0.0,0.0,0.0
40914,2023.0,10.0,12.0,3.0,19.4907,19.529228,18.50315,18.364792,19.155327,19.020874,19.020002,18.894289,18.43929,18.07827,18.369392,18.228073,19.578056,19.43286,19.1864,19.061237,19.147224,19.676422,0.0,0.0,0.0,0.0,0.0,0.0,0.0,4.0
40915,2023.0,10.0,12.0,3.0,19.468964,19.507406,18.474371,18.336273,19.130548,18.997211,18.994133,18.869482,19.202372,19.607536,18.343405,18.2028,19.554676,19.41012,19.159317,19.034786,18.67324,18.619143,0.0,0.0,0.0,4.0,0.0,0.0,0.0,0.0
40916,2023.0,10.0,12.0,3.0,19.447294,19.485819,18.45038,18.313034,19.10648,18.974237,18.969254,18.845554,18.848999,18.772976,18.3182,18.178268,19.531878,19.38792,19.132816,19.008842,18.32896,18.037968,0.0,0.0,0.0,0.0,0.0,0.0,0.0,0.0
40917,2023.0,10.0,12.0,3.0,19.425367,19.463291,18.427685,18.290426,19.082079,18.950064,18.94406,18.820457,18.483282,18.14391,18.292963,18.15292,19.509047,19.365086,19.10626,18.982204,18.207796,17.89525,0.0,0.0,0.0,0.0,0.0,0.0,0.0,0.0
40918,2023.0,10.0,12.0,3.0,19.405575,19.444838,18.40851,18.27355,19.060308,18.930727,18.921476,18.800346,18.369484,18.021873,18.270615,18.132605,19.48847,19.346207,19.082088,18.959785,19.109398,19.679707,0.0,0.0,0.0,0.0,0.0,0.0,0.0,4.0
40919,2023.0,10.0,12.0,3.0,19.384476,19.423971,18.388914,18.255062,19.037657,18.909237,18.897999,18.778015,18.499823,18.35647,18.2478,18.110634,19.467485,19.325975,19.057415,18.935837,18.456701,18.22159,0.0,0.0,0.0,0.0,0.0,0.0,0.0,0.0
40920,2023.0,10.0,12.0,4.0,19.363005,19.402462,18.369669,18.236717,19.015085,18.887539,18.874846,18.75562,19.10789,19.495842,18.225447,18.088898,19.446814,19.305864,19.033005,18.911932,18.969938,19.333323,0.0,0.0,0.0,4.0,0.0,0.0,0.0,4.0
40921,2023.0,10.0,12.0,4.0,19.34033,19.378225,18.349133,18.215292,18.99108,18.862698,18.850433,18.730257,18.71715,18.627455,18.20216,18.064674,19.425085,19.28318,19.007687,18.885782,19.161383,19.54705,0.0,0.0,0.0,0.0,0.0,0.0,0.0,4.0
40922,2023.0,10.0,12.0,4.0,19.31819,19.354925,18.328796,18.194206,18.967289,18.838358,18.826561,18.705639,18.39443,18.077312,18.179308,18.041243,19.40371,19.261183,18.982805,18.86049,18.479801,18.208767,0.0,0.0,0.0,0.0,0.0,0.0,0.0,0.0
40923,2023.0,10.0,12.0,4.0,19.295404,19.330475,18.307976,18.172098,18.9429,18.812828,18.802237,18.67996,18.862467,19.04425,18.156197,18.017038,19.382061,19.238476,18.957596,18.83439,19.015648,19.367552,0.0,0.0,0.0,4.0,0.0,0.0,0.0,4.0
40924,2023.0,10.0,12.0,4.0,19.27274,19.306446,18.28747,18.150589,18.918814,18.787916,18.778158,18.65492,18.419985,18.102886,18.133665,17.993715,19.360863,19.216484,18.932846,18.809044,18.447414,18.17336,0.0,0.0,0.0,0.0,0.0,0.0,0.0,0.0
40925,2023.0,10.0,12.0,4.0,19.249588,19.281408,18.266502,18.12809,18.894163,18.76186,18.753511,18.62875,18.84503,19.029404,18.110909,17.96968,19.339413,19.193817,18.907793,18.78293,18.229614,17.906523,0.0,0.0,0.0,4.0,0.0,0.0,0.0,0.0
40926,2023.0,10.0,12.0,5.0,19.227074,19.257744,18.246273,18.107029,18.870285,18.737362,18.729473,18.604074,18.397171,18.076765,18.380266,18.490894,19.318727,19.172522,18.883558,18.758299,18.895006,19.235857,0.0,0.0,0.0,0.0,4.0,0.0,0.0,4.0
40927,2023.0,10.0,12.0,5.0,19.20488,19.234735,18.226652,18.086975,18.84678,18.713606,18.705774,18.580091,18.211567,17.855598,18.19193,18.070961,19.298635,19.152285,18.859777,18.734446,18.346256,18.061932,0.0,0.0,0.0,0.0,0.0,0.0,0.0,0.0
40928,2023.0,10.0,12.0,5.0,19.182842,19.212158,18.207779,18.06796,18.823847,18.69072,18.682848,18.557089,18.351572,18.206833,18.103874,17.961588,19.279104,19.132833,18.836544,18.711348,18.908161,19.257437,0.0,0.0,0.0,0.0,0.0,0.0,0.0,4.0
40929,2023.0,10.0,12.0,5.0,19.160507,19.189243,18.189003,18.049103,18.801052,18.667974,18.660097,18.534279,18.37163,18.242334,18.371466,18.48597,19.259775,19.11359,18.813517,18.688461,18.342907,18.05868,0.0,0.0,0.0,0.0,4.0,0.0,0.0,0.0
40930,2023.0,10.0,12.0,5.0,19.138184,19.166327,18.170357,18.03036,18.778374,18.645334,18.637554,18.511639,18.349524,18.220646,18.174046,18.053814,19.240591,19.094494,18.790646,18.665733,18.898462,19.246605,0.0,0.0,0.0,0.0,0.0,0.0,0.0,4.0
40931,2023.0,10.0,12.0,5.0,19.11597,19.143528,18.151947,18.011784,18.755793,18.622782,18.615185,18.489153,18.326044,18.197317,18.37734,18.491549,19.22152,19.075508,18.767899,18.643131,18.330904,18.046488,0.0,0.0,0.0,0.0,4.0,0.0,0.0,0.0
40932,2023.0,10.0,12.0,6.0,19.09334,19.119818,18.13323,17.99244,18.732786,18.599281,18.592463,18.465784,18.301731,18.172691,18.16169,18.028059,19.202179,19.055897,18.744862,18.619837,18.124865,17.799469,0.0,0.0,0.0,0.0,0.0,0.0,0.0,0.0
40933,2023.0,10.0,12.0,6.0,21.261255,22.953663,18.115555,17.975018,21.248596,23.084051,21.253466,23.20596,18.278366,18.149704,18.079266,17.937313,21.252535,22.616533,21.376472,23.158266,18.82086,19.187561,0.0,0.0,0.0,0.0,0.0,0.0,0.0,4.0
40934,2023.0,10.0,12.0,6.0,21.00207,22.227354,18.0951,17.953945,21.00391,22.321602,21.00435,22.416826,18.253754,18.124731,18.040255,17.898205,21.009378,22.026182,21.000084,22.265915,20.134827,21.287243,0.0,0.0,0.0,0.0,0.0,0.0,0.0,4.0
40935,2023.0,10.0,12.0,6.0,21.035807,22.163483,18.073978,17.931517,21.040281,22.225197,21.042948,22.31415,18.230776,18.101221,18.31856,18.450014,21.032953,21.947445,21.040596,22.19058,19.991455,20.852777,0.0,0.0,0.0,0.0,4.0,0.0,0.0,4.0
40936,2023.0,10.0,12.0,6.0,21.031439,22.06764,18.494482,18.733603,21.01129,22.034607,21.013851,22.116066,18.210468,18.081554,20.243011,21.71315,21.030048,21.851526,20.996103,21.965374,20.047367,20.881552,4.0,4.0,4.0,0.0,0.0,0.0,4.0,0.0
40937,2023.0,10.0,12.0,6.0,21.227346,22.398905,20.210716,21.643694,21.217722,22.394905,21.212938,22.456024,18.797852,19.205633,19.339268,19.696218,21.321682,22.351334,21.225416,22.360073,19.677704,20.045204,0.0,0.0,0.0,4.0,4.0,4.0,0.0,4.0
40938,2023.0,10.0,12.0,7.0,21.003056,21.881733,19.073282,19.194984,21.048698,21.966633,21.05114,22.03819,20.255629,21.609922,20.152788,21.294113,21.002663,21.667147,21.00345,21.812336,20.262758,21.222124,0.0,0.0,0.0,0.0,4.0,4.0,4.0,0.0
40939,2023.0,10.0,12.0,7.0,21.035738,21.942799,18.443796,18.331018,21.021389,21.831568,21.049284,21.970415,19.079493,19.11066,20.032974,20.90877,21.045498,21.720459,21.011892,21.78584,19.81336,20.21948,0.0,4.0,0.0,0.0,0.0,0.0,4.0,4.0
40940,2023.0,10.0,12.0,7.0,21.015211,21.8319,18.750467,18.983744,21.051682,21.872473,21.034134,21.920628,18.557526,18.434343,18.916756,18.657455,21.038095,21.660236,21.010376,21.752844,20.040741,20.6802,4.0,0.0,0.0,0.0,0.0,0.0,4.0,4.0
40941,2023.0,10.0,12.0,7.0,21.365911,22.503658,20.180473,21.430613,21.019339,21.75352,21.0355,21.90541,18.451159,18.321566,18.542202,18.373192,21.19781,21.944193,21.010096,21.729782,20.001827,20.572746,0.0,4.0,0.0,0.0,0.0,0.0,4.0,4.0
40942,2023.0,10.0,12.0,7.0,21.017204,21.776312,19.49372,19.887133,21.050703,21.81433,21.03483,21.88923,18.387026,18.256939,18.869417,19.048563,21.037039,21.590744,21.050304,21.819975,20.043789,20.661388,4.0,0.0,0.0,0.0,4.0,0.0,0.0,0.0
40943,2023.0,10.0,12.0,7.0,21.018665,21.76704,20.15075,21.172064,21.018349,21.707764,21.034573,21.876148,18.335287,18.205545,20.177315,21.278461,21.024546,21.571291,21.041769,21.777637,19.868855,20.256401,0.0,4.0,0.0,0.0,0.0,0.0,0.0,4.0
40944,2023.0,10.0,12.0,8.0,21.017788,21.755995,19.30391,19.377693,21.023962,21.706501,21.034191,21.864098,18.290897,18.16222,19.191376,19.22997,21.02588,21.574877,21.042063,21.755215,20.028074,20.582865,4.0,4.0,0.0,0.0,0.0,0.0,0.0,4.0
40945,2023.0,10.0,12.0,8.0,20.58139,20.910648,20.157526,21.139511,20.463024,20.622179,20.694838,21.172905,18.252882,18.126074,18.64685,18.510237,20.349035,20.271605,19.964033,19.663416,20.039417,20.618725,0.0,4.0,4.0,0.0,0.0,0.0,0.0,0.0
40946,2023.0,10.0,12.0,8.0,20.38944,20.704704,19.339642,19.402517,20.18596,20.302328,19.963816,19.934351,18.219181,18.093935,18.503159,18.358465,20.699286,21.164875,19.434313,19.058622,19.12046,18.83143,4.0,4.0,0.0,0.0,0.0,4.0,0.0,0.0
40947,2023.0,10.0,12.0,8.0,19.752632,19.563553,20.121246,20.90554,19.516716,19.11652,19.36518,18.939432,18.192997,18.0685,18.428762,18.281479,20.564566,20.806784,19.482338,19.320374,18.776003,18.41299,4.0,0.0,0.0,0.0,0.0,4.0,0.0,0.0
40948,2023.0,10.0,12.0,8.0,20.060461,20.379799,20.013985,20.644085,19.143906,18.66995,19.051338,18.584751,18.848305,19.325453,18.710533,18.875717,19.801567,19.426498,19.444895,19.314686,19.466785,19.876326,4.0,0.0,0.0,4.0,4.0,0.0,0.0,4.0
40949,2023.0,10.0,12.0,8.0,20.163813,20.49321,20.027332,20.636194,18.986454,18.516714,19.120138,18.887766,20.270596,21.608313,20.181429,21.348608,19.480143,19.069998,19.35229,19.22638,20.41324,21.454062,4.0,0.0,0.0,4.0,4.0,0.0,0.0,4.0
40950,2023.0,10.0,12.0,9.0,19.553806,19.375826,20.04304,20.65607,19.456041,19.512197,19.134262,18.972147,20.031397,20.972063,20.028433,20.899591,19.352833,18.944778,20.206142,20.914867,20.035967,20.668135,0.0,4.0,0.0,0.0,0.0,0.0,4.0,0.0
40951,2023.0,10.0,12.0,9.0,19.884378,20.204245,19.132082,18.886572,19.67697,19.836006,19.732206,20.159107,18.910345,18.689726,19.2465,19.258566,19.263073,18.865421,19.447401,19.190687,19.882479,20.29444,0.0,4.0,4.0,0.0,4.0,0.0,0.0,4.0
40952,2023.0,10.0,12.0,9.0,19.99799,20.356665,19.05268,18.918402,19.104538,18.758469,19.341963,19.327532,19.167904,19.401608,20.190405,21.007515,19.41924,19.248993,19.11085,18.760986,20.320631,21.17398,4.0,0.0,0.0,4.0,0.0,0.0,0.0,0.0
40953,2023.0,10.0,12.0,9.0,20.01518,20.379665,20.121143,20.877237,19.425556,19.549335,18.795914,18.431656,20.130358,21.016401,19.08185,18.824457,20.16875,20.658981,18.97181,18.630302,19.18002,18.928427,4.0,4.0,0.0,0.0,0.0,4.0,0.0,0.0
40954,2023.0,10.0,12.0,9.0,20.032175,20.402231,20.01043,20.599554,19.621832,19.815708,19.22464,19.372316,19.053057,18.832737,18.7159,18.54982,20.230198,20.529552,18.869614,18.536505,18.73,18.404026,4.0,4.0,4.0,0.0,0.0,4.0,0.0,0.0
40955,2023.0,10.0,12.0,9.0,20.037926,20.410326,20.02452,20.594046,19.030598,18.700523,18.86785,18.588987,19.202335,19.47235,18.672358,18.53176,20.224674,20.514267,18.976171,18.839033,19.431522,19.86975,4.0,0.0,0.0,4.0,0.0,4.0,0.0,4.0
40956,2023.0,10.0,12.0,10.0,19.423567,19.260221,20.040525,20.61926,18.728813,18.323057,19.225294,19.421854,20.131643,21.01855,18.589512,18.454187,19.552883,19.217953,19.000193,18.888788,20.092026,20.880205,0.0,0.0,4.0,0.0,0.0,0.0,0.0,0.0
40957,2023.0,10.0,12.0,10.0,19.112873,18.87879,19.176044,18.943861,18.62352,18.218615,18.831442,18.574556,19.66486,19.96651,18.517536,18.386856,19.276054,18.907654,18.965067,18.855192,19.101625,18.884407,0.0,0.0,0.0,4.0,0.0,0.0,0.0,0.0
40958,2023.0,10.0,12.0,10.0,19.716576,20.094542,19.120703,19.011654,18.779375,18.601545,18.573061,18.191408,20.11554,20.789831,18.46446,18.333893,19.945873,20.248783,18.929235,18.819532,18.741379,18.413467,4.0,0.0,0.0,0.0,0.0,4.0,0.0,0.0
40959,2023.0,10.0,12.0,10.0,19.303944,19.175205,20.132677,20.891298,19.50061,19.954952,18.456413,18.07145,19.142197,18.90158,18.40822,18.279247,20.167511,20.472973,18.892115,18.78367,18.764055,18.621893,0.0,4.0,0.0,0.0,0.0,4.0,0.0,0.0
40960,2023.0,10.0,12.0,10.0,19.670315,20.038794,19.179455,18.978245,18.98258,18.766115,18.588936,18.419048,18.648565,18.309011,18.357416,18.230394,19.526451,19.226803,19.808697,20.540415,18.73915,18.623356,0.0,0.0,0.0,0.0,0.0,0.0,4.0,0.0
40961,2023.0,10.0,12.0,10.0,19.212114,19.101397,19.335484,19.472385,19.299189,19.47682,18.624964,18.500824,19.406437,19.876514,18.320004,18.19339,19.294771,18.923101,19.01182,18.806614,19.565392,20.239594,4.0,4.0,0.0,4.0,0.0,0.0,0.0,4.0
40962,2023.0,10.0,12.0,11.0,19.665129,20.051138,20.1017,20.8644,19.429401,19.664854,19.286993,19.768946,20.094904,20.973593,18.673092,18.89004,19.212069,18.841866,19.720722,20.296587,20.039808,20.905674,0.0,4.0,4.0,0.0,4.0,0.0,4.0,4.0
40963,2023.0,10.0,12.0,11.0,19.256044,19.157885,19.753237,20.108335,18.899933,18.659317,18.969795,18.974775,19.066229,18.865541,20.186989,21.447649,19.146736,18.786436,20.021706,20.58864,20.242659,21.22692,4.0,0.0,0.0,0.0,0.0,0.0,4.0,0.0
40964,2023.0,10.0,12.0,11.0,19.636248,20.04312,20.073029,20.741072,19.222189,19.423946,19.11348,19.359352,18.550636,18.230452,19.169464,19.26329,20.070475,20.615862,19.20562,18.990936,19.085546,18.897478,4.0,4.0,4.0,0.0,0.0,4.0,0.0,0.0
40965,2023.0,10.0,12.0,11.0,19.216301,19.119434,20.014406,20.584787,19.41582,19.668291,18.672314,18.446062,18.585323,18.443989,18.621471,18.522001,19.508509,19.25822,19.80978,20.391079,18.618452,18.328089,4.0,4.0,0.0,0.0,0.0,0.0,4.0,0.0
40966,2023.0,10.0,12.0,11.0,19.614199,20.04068,20.021614,20.57387,19.451738,19.70922,18.375895,18.051619,18.589163,18.476664,18.495384,18.376621,19.172096,18.841246,19.187248,18.97208,18.473896,18.182365,4.0,4.0,0.0,0.0,0.0,0.0,0.0,0.0
40967,2023.0,10.0,12.0,11.0,19.790632,20.22394,20.03856,20.605928,19.47799,19.74041,18.940796,19.186745,18.541466,18.435873,18.429375,18.31171,19.848907,20.191881,19.812298,20.405495,18.540396,18.41616,0.0,4.0,4.0,0.0,0.0,4.0,4.0,0.0
40968,2023.0,10.0,12.0,12.0,19.82202,20.255695,19.220533,19.0227,19.500118,19.767553,19.171366,19.459759,18.495253,18.394264,18.382832,18.269947,19.40283,19.145805,19.193903,18.989286,19.448326,20.149471,0.0,4.0,4.0,0.0,0.0,0.0,0.0,4.0
40969,2023.0,10.0,12.0,12.0,21.199907,22.679092,19.217226,19.187899,21.220093,22.76677,21.256681,23.09412,18.460567,18.361738,18.35076,18.24026,21.22329,22.415888,21.321342,22.816244,20.091106,21.127632,4.0,4.0,0.0,0.0,0.0,0.0,0.0,0.0
40970,2023.0,10.0,12.0,12.0,21.022781,22.170507,20.115555,20.847296,21.004065,22.158037,21.021242,22.387383,18.425304,18.329145,18.317196,18.209135,21.019289,21.912413,21.015081,22.10966,19.004211,18.86347,0.0,4.0,0.0,0.0,0.0,0.0,0.0,0.0
40971,2023.0,10.0,12.0,12.0,21.017294,22.03726,19.223803,19.061302,21.030018,22.091228,21.055288,22.299414,18.395067,18.301643,18.288462,18.183273,21.028763,21.839512,21.046448,22.05326,18.506271,18.244179,0.0,4.0,0.0,0.0,0.0,0.0,0.0,0.0
40972,2023.0,10.0,12.0,12.0,21.046198,22.051361,18.902224,18.77979,21.025131,22.000994,21.037037,22.181026,18.369234,18.278097,18.26357,18.160627,21.026121,21.766544,21.031229,21.957266,19.312962,19.877031,0.0,4.0,0.0,0.0,0.0,0.0,0.0,4.0
40973,2023.0,10.0,12.0,12.0,21.039055,21.987368,19.292446,19.590626,21.05013,22.013123,21.03796,22.122921,18.346874,18.257692,18.24161,18.140396,20.994696,21.63537,21.031815,21.908825,20.063911,20.950724,4.0,0.0,0.0,0.0,0.0,4.0,0.0,4.0
40974,2023.0,10.0,12.0,13.0,21.039139,21.949839,20.109287,20.983543,21.043554,21.95113,21.037086,22.076454,18.32791,18.240717,18.223207,18.123678,21.040377,21.696447,21.031061,21.87007,20.033188,20.813929,0.0,0.0,0.0,0.0,0.0,0.0,0.0,0.0
40975,2023.0,10.0,12.0,13.0,21.027937,21.9206,19.724144,20.124908,21.043396,21.912416,21.036722,22.041788,18.312134,18.22704,18.209164,18.111803,21.001951,21.558172,21.030617,21.840504,19.105167,18.945013,4.0,0.0,0.0,0.0,0.0,4.0,0.0,0.0
40976,2023.0,10.0,12.0,13.0,21.028637,21.914343,20.100397,20.875772,21.04223,21.880508,21.010136,21.94295,18.298244,18.214575,18.197575,18.101667,21.037813,21.623629,21.02968,21.816132,18.659573,18.40243,0.0,0.0,4.0,0.0,0.0,0.0,0.0,0.0
40977,2023.0,10.0,12.0,13.0,21.028473,21.907154,19.202787,19.077978,21.030714,21.857096,21.015453,21.939861,18.28683,18.204998,18.563759,18.798618,21.03095,21.582367,21.107464,21.905077,18.535444,18.283092,0.0,0.0,4.0,0.0,4.0,0.0,4.0,0.0
40978,2023.0,10.0,12.0,13.0,21.000885,21.825962,19.082836,19.137436,21.031837,21.85577,21.051369,21.999245,18.276476,18.196144,20.200573,21.55639,21.03085,21.55956,21.03013,21.763924,18.604174,18.504135,4.0,0.0,0.0,0.0,0.0,0.0,0.0,0.0
40979,2023.0,10.0,12.0,13.0,21.043806,21.913103,20.110817,20.969494,21.005724,21.77949,21.04382,21.95453,18.267155,18.188173,19.17243,19.323624,21.020756,21.540096,20.997179,21.65089,18.614058,18.530174,4.0,4.0,0.0,0.0,0.0,0.0,4.0,0.0
40980,2023.0,10.0,12.0,14.0,21.005884,21.80007,20.000715,20.663754,21.037838,21.86536,21.04264,21.927704,18.25883,18.181046,19.02484,19.328844,21.021275,21.538904,21.045887,21.767841,18.577307,18.495554,4.0,0.0,0.0,0.0,4.0,0.0,0.0,0.0
40981,2023.0,10.0,12.0,14.0,20.113634,20.112045,20.040157,20.704136,20.04518,19.934958,19.980528,19.870018,18.251213,18.174307,20.149931,21.244968,21.141935,21.739862,20.961958,21.544548,18.545412,18.467316,0.0,0.0,0.0,0.0,0.0,4.0,4.0,0.0
40982,2023.0,10.0,12.0,14.0,19.63113,19.51471,19.24507,19.138128,19.459034,19.173393,19.55581,19.46884,18.24248,18.166044,19.091156,19.019648,20.317223,20.131666,20.928303,21.511889,18.513716,18.437048,0.0,0.0,0.0,0.0,0.0,0.0,4.0,0.0
40983,2023.0,10.0,12.0,14.0,19.481218,19.351973,18.846432,18.553549,19.46334,19.335382,20.106785,20.608597,18.233849,18.157602,18.633848,18.34425,20.700447,21.026125,20.059036,19.88269,18.487415,18.411268,0.0,0.0,4.0,0.0,0.0,4.0,0.0,0.0
40984,2023.0,10.0,12.0,14.0,19.560432,19.61947,18.878172,18.756243,19.422667,19.331308,19.646858,19.68251,18.22442,18.148386,18.664019,18.524242,20.134827,19.90582,19.705177,19.426182,18.462187,18.386776,0.0,0.0,0.0,0.0,0.0,0.0,0.0,0.0
40985,2023.0,10.0,12.0,14.0,19.53817,19.625086,18.852175,18.769463,19.344753,19.255201,19.185524,18.921364,18.214153,18.138315,18.651793,18.541548,19.879896,19.568222,19.546108,19.267921,18.438583,18.363747,0.0,0.0,0.0,0.0,0.0,0.0,0.0,0.0
40986,2023.0,10.0,12.0,15.0,20.19962,20.92211,18.79111,18.71404,19.276209,19.191269,19.021942,18.746712,18.203749,18.128773,18.606422,18.502045,19.778032,19.473478,19.431799,19.164925,18.416729,18.343594,0.0,0.0,0.0,0.0,0.0,0.0,0.0,0.0
40987,2023.0,10.0,12.0,15.0,20.14195,20.65923,18.732605,18.657095,19.878757,20.382229,19.756792,20.246454,18.19237,18.117754,18.560574,18.458735,19.694204,19.395168,19.333347,19.072912,18.394308,18.322027,0.0,4.0,4.0,0.0,0.0,0.0,0.0,0.0
40988,2023.0,10.0,12.0,15.0,19.529835,19.51606,18.67881,18.604366,19.48098,19.535856,19.217508,19.106035,18.181004,18.106907,18.517307,18.417559,20.55369,21.112492,19.385212,19.268518,18.372137,18.300688,0.0,0.0,0.0,0.0,0.0,4.0,0.0,0.0
40989,2023.0,10.0,12.0,15.0,19.279722,19.169641,18.628178,18.553102,19.716284,20.048405,18.896938,18.633327,18.169008,18.095383,18.87055,19.121138,20.578417,20.984434,19.364693,19.269186,18.350174,18.279129,0.0,4.0,0.0,0.0,4.0,4.0,0.0,0.0
40990,2023.0,10.0,12.0,15.0,19.861135,20.347637,19.020653,19.326895,19.219303,19.079723,18.791292,18.529192,18.156816,18.084557,20.151096,21.304153,19.9204,19.725588,19.316868,19.22701,18.329666,18.260406,4.0,0.0,0.0,0.0,4.0,0.0,0.0,0.0
40991,2023.0,10.0,12.0,15.0,20.047295,20.54926,20.120396,21.16558,18.894892,18.641333,19.545015,20.050093,18.886223,19.474718,20.022816,20.89667,19.612827,19.33485,19.260874,19.174395,18.306503,18.238537,4.0,0.0,4.0,4.0,0.0,0.0,0.0,0.0
40992,2023.0,10.0,12.0,16.0,20.058773,20.550865,20.007523,20.807314,19.418085,19.710354,19.646084,20.008724,20.118689,21.404867,19.083109,18.979254,20.250616,20.629461,20.220798,21.039154,18.284351,18.217813,4.0,4.0,4.0,4.0,0.0,4.0,4.0,0.0
40993,2023.0,10.0,12.0,16.0,20.074432,20.564634,20.03937,20.799559,19.63652,19.97728,19.023275,18.869072,19.99973,20.98366,18.554232,18.285606,20.49067,20.901096,20.397839,21.039728,18.262724,18.196985,0.0,4.0,0.0,4.0,0.0,4.0,4.0,0.0
40994,2023.0,10.0,12.0,16.0,19.493069,19.46554,19.18181,19.088165,19.10826,18.964317,18.720074,18.480568,20.044073,20.97015,18.550114,18.422277,20.53489,20.941614,19.535873,19.389544,18.241602,18.177153,0.0,0.0,0.0,0.0,0.0,4.0,0.0,0.0
40995,2023.0,10.0,12.0,16.0,19.203283,19.110773,19.086763,19.178528,19.436483,19.739578,18.603119,18.35178,19.047728,18.955658,18.548803,18.451427,19.88928,19.697603,19.15357,18.926266,19.125929,19.867313,4.0,4.0,0.0,0.0,0.0,0.0,0.0,4.0
40996,2023.0,10.0,12.0,16.0,19.806839,20.314945,20.132378,21.02049,19.004585,18.858637,18.694649,18.599043,19.346188,19.7136,18.506607,18.413721,19.637259,19.351316,19.04024,18.80345,20.097683,21.37287,4.0,0.0,0.0,4.0,0.0,0.0,0.0,4.0
40997,2023.0,10.0,12.0,16.0,19.99148,20.495787,20.021936,20.731398,19.362495,19.680878,18.714745,18.64812,20.107603,20.98364,18.454964,18.364918,20.282116,20.671474,18.955997,18.722445,20.032164,21.084805,0.0,4.0,0.0,0.0,0.0,4.0,0.0,0.0
40998,2023.0,10.0,12.0,17.0,20.006546,20.496954,19.545704,19.740599,18.988127,18.851818,18.684109,18.621073,19.144293,19.045094,18.409185,18.323687,19.817116,19.627794,18.886665,18.657242,18.963867,18.895746,4.0,0.0,0.0,0.0,0.0,0.0,0.0,0.0
40999,2023.0,10.0,12.0,17.0,20.02534,20.51308,20.083897,20.774378,19.400604,19.717533,18.653467,18.58956,18.745125,18.49076,18.768312,19.034544,19.574379,19.289906,18.9665,18.873573,18.574507,18.354425,4.0,4.0,0.0,0.0,4.0,0.0,0.0,0.0
41000,2023.0,10.0,12.0,17.0,20.052515,20.548351,20.00994,20.592892,19.566051,19.903036,19.302967,19.837791,19.448063,19.983635,20.175686,21.416105,19.4751,19.193121,18.97734,18.900911,19.28855,19.833511,4.0,4.0,4.0,4.0,0.0,0.0,0.0,4.0
41001,2023.0,10.0,12.0,17.0,19.4796,19.461166,20.018555,20.585485,19.588646,19.922726,18.984884,19.036697,20.079748,20.931171,19.199286,19.330618,19.399427,19.121109,18.948517,18.876163,20.067892,21.015114,4.0,4.0,0.0,0.0,0.0,0.0,0.0,4.0
41002,2023.0,10.0,12.0,17.0,19.842728,20.330044,20.017181,20.564274,19.0483,18.900282,19.179745,19.524952,19.124336,19.006647,19.007326,19.248367,20.272905,20.856579,18.915024,18.844461,20.034441,20.890238,4.0,0.0,4.0,0.0,4.0,4.0,0.0,0.0
41003,2023.0,10.0,12.0,17.0,20.003,20.492233,20.017092,20.549707,19.36986,19.671076,18.749767,18.608759,18.632015,18.395586,20.151571,21.232626,20.395023,20.81166,18.881424,18.812359,19.06202,18.949175,4.0,4.0,0.0,0.0,0.0,4.0,0.0,0.0
41004,2023.0,10.0,12.0,18.0,19.426205,19.398018,20.016705,20.537163,19.544676,19.876833,18.456835,18.219063,18.612886,18.509853,19.071877,18.9885,19.709538,19.514202,18.847748,18.777689,18.594177,18.382517,4.0,4.0,0.0,0.0,0.0,0.0,0.0,0.0
41005,2023.0,10.0,12.0,18.0,21.204372,22.69245,20.016657,20.527512,21.233082,22.834303,21.25219,23.201405,19.336893,19.925247,18.476776,18.213224,21.20662,22.298147,21.35627,23.111513,18.433653,18.210768,4.0,0.0,4.0,4.0,0.0,0.0,0.0,0.0
41006,2023.0,10.0,12.0,18.0,20.991018,22.099203,20.016531,20.519617,20.993221,22.147612,21.01403,22.46287,20.099663,21.083935,18.479652,18.373262,21.016792,21.842028,20.995699,22.260056,18.466152,18.383812,4.0,4.0,0.0,0.0,0.0,0.0,0.0,0.0
41007,2023.0,10.0,12.0,18.0,21.01985,22.051424,20.016497,20.513157,21.028355,22.09707,21.028214,22.289518,19.625614,20.002586,18.470022,18.380056,21.00597,21.709362,21.039509,22.199596,18.445501,18.371893,4.0,4.0,4.0,4.0,0.0,4.0,0.0,0.0
41008,2023.0,10.0,12.0,18.0,21.016628,21.974823,20.016327,20.507324,21.023392,22.006182,21.053434,22.242567,20.109629,20.973394,18.412374,18.325344,21.039118,21.736803,20.993425,21.978159,18.395103,18.324501,4.0,4.0,0.0,0.0,0.0,0.0,4.0,0.0
41009,2023.0,10.0,12.0,18.0,21.016268,21.925735,20.016401,20.502583,21.049198,22.019121,21.022488,22.075369,19.119667,18.975845,18.360886,18.277891,21.03301,21.67541,21.051165,22.039738,18.351036,18.284199,4.0,0.0,4.0,0.0,0.0,0.0,0.0,0.0
41010,2023.0,10.0,12.0,19.0,21.043112,21.96358,20.034798,20.549828,21.042927,21.956617,21.052877,22.097708,18.623587,18.372175,18.31299,18.231419,21.002544,21.558697,20.999985,21.845509,19.208313,19.940329,0.0,0.0,0.0,0.0,0.0,4.0,4.0,4.0
41011,2023.0,10.0,12.0,19.0,21.036882,21.916874,19.63806,19.758179,21.016811,21.844732,21.020113,21.964006,18.627058,18.529884,18.26988,18.188078,21.037868,21.628801,21.049015,21.930859,20.118654,21.286674,4.0,4.0,4.0,0.0,0.0,0.0,0.0,0.0
41012,2023.0,10.0,12.0,19.0,21.00962,21.815187,20.068106,20.656046,21.021784,21.829798,21.025578,21.94221,18.604166,18.523998,18.230717,18.148937,21.031685,21.593702,20.999037,21.765047,18.951075,18.860909,4.0,4.0,4.0,0.0,0.0,0.0,4.0,0.0
41013,2023.0,10.0,12.0,19.0,21.042131,21.885157,20.009161,20.511425,21.04664,21.88093,21.050142,21.986383,18.541338,18.464659,18.19404,18.111748,21.00107,21.49527,21.007027,21.759073,19.335758,19.941074,4.0,0.0,0.0,0.0,0.0,4.0,4.0,4.0
41014,2023.0,10.0,12.0,19.0,21.035368,21.853996,20.017153,20.512238,21.040071,21.846182,21.04331,21.946198,18.483038,18.40797,18.161366,18.078468,21.037611,21.580458,21.047367,21.851452,20.077124,21.030466,4.0,0.0,0.0,0.0,0.0,0.0,0.0,4.0
41015,2023.0,10.0,12.0,19.0,21.072979,21.90867,20.062262,20.609587,21.038868,21.793272,21.045954,21.895945,18.430487,18.354116,18.132233,18.04891,21.062744,21.613312,21.078897,21.885242,20.0825,20.964062,0.0,4.0,4.0,0.0,0.0,0.0,0.0,0.0
41016,2023.0,10.0,12.0,20.0,20.994715,21.740538,19.663181,19.796793,21.043222,21.820719,21.020031,21.83975,18.387419,18.3134,18.108814,18.027473,21.02756,21.531717,21.032972,21.774157,19.065071,18.925434,4.0,0.0,4.0,0.0,0.0,0.0,0.0,0.0
41017,2023.0,10.0,12.0,20.0,21.043716,21.849566,20.072374,20.659681,21.03982,21.80071,21.048931,21.907913,18.344143,18.268173,18.082674,17.99928,21.021708,21.529562,21.038624,21.768152,18.582638,18.35034,4.0,0.0,0.0,0.0,0.0,0.0,0.0,0.0
41018,2023.0,10.0,12.0,20.0,21.007238,21.74454,20.009495,20.50644,21.039974,21.78795,21.016933,21.809399,18.306494,18.23001,18.058573,17.974285,21.02253,21.535583,21.028435,21.7513,19.360922,19.95226,4.0,0.0,4.0,0.0,0.0,0.0,0.0,4.0
41019,2023.0,10.0,12.0,20.0,21.014141,21.753338,20.036007,20.557781,21.028692,21.77563,21.048658,21.883831,18.271835,18.194078,18.035688,17.95,21.02224,21.536957,21.029585,21.753136,20.098665,21.055136,0.0,0.0,0.0,0.0,0.0,0.0,0.0,0.0
41020,2023.0,10.0,12.0,20.0,21.013067,21.74915,19.27821,19.088428,21.030127,21.782562,21.016277,21.785519,18.241228,18.163107,18.36489,18.583017,21.022474,21.537788,21.029736,21.751438,19.796196,20.312521,0.0,0.0,4.0,0.0,4.0,0.0,0.0,4.0
41021,2023.0,10.0,12.0,20.0,21.2209,22.181677,19.227903,19.248672,21.41629,22.54123,21.279295,22.30385,18.212692,18.13401,20.290485,21.753965,21.114288,21.686533,21.29279,22.274618,20.259718,21.248789,4.0,4.0,4.0,0.0,0.0,4.0,0.0,0.0
41022,2023.0,10.0,12.0,21.0,21.034283,21.79239,20.092867,20.793507,21.033985,21.786669,21.020578,21.772774,18.18499,18.104864,19.077082,19.23166,21.021864,21.51058,21.028723,21.73596,19.882313,20.38919,4.0,0.0,4.0,0.0,0.0,0.0,0.0,4.0
41023,2023.0,10.0,12.0,21.0,21.034647,21.783636,20.021044,20.600239,21.012533,21.702934,21.020895,21.768845,18.158821,18.077251,18.8271,19.089191,21.03197,21.519846,21.029049,21.734951,20.034382,20.691525,0.0,4.0,4.0,0.0,4.0,0.0,0.0,4.0
41024,2023.0,10.0,12.0,21.0,21.007336,21.70019,19.236572,19.05549,21.019388,21.706121,21.02097,21.763393,18.832127,19.36394,20.192795,21.423674,21.030718,21.50667,21.029163,21.732292,20.302214,21.227417,0.0,4.0,4.0,4.0,0.0,0.0,0.0,0.0
41025,2023.0,10.0,12.0,21.0,21.01284,21.710274,18.965746,18.835735,21.018316,21.69673,21.020638,21.756433,20.12594,21.40014,19.165627,19.2713,21.0211,21.498158,21.147846,21.916058,19.939045,20.429285,0.0,4.0,4.0,4.0,0.0,0.0,4.0,4.0
41026,2023.0,10.0,12.0,21.0,21.040745,21.784893,19.372517,19.663088,21.044466,21.762297,21.046656,21.821552,20.030045,21.046482,18.949755,19.169628,21.022018,21.505703,21.021685,21.684307,20.053587,20.689636,4.0,0.0,0.0,0.0,4.0,0.0,0.0,0.0
41027,2023.0,10.0,12.0,21.0,21.033903,21.76301,20.073877,20.822357,21.038586,21.737665,21.040754,21.796446,18.917112,18.768976,20.185102,21.28304,21.022087,21.509047,21.038872,21.708721,19.960476,20.443453,4.0,0.0,0.0,0.0,0.0,0.0,0.0,4.0
41028,2023.0,10.0,12.0,22.0,21.034468,21.754766,20.029121,20.663723,21.012848,21.653818,21.040844,21.782806,18.38054,18.118765,19.312716,19.427485,21.021936,21.510263,21.03654,21.692759,20.010754,20.55363,0.0,4.0,0.0,0.0,4.0,0.0,0.0,4.0
41029,2023.0,10.0,12.0,22.0,20.998022,21.675556,19.556635,19.676563,21.017633,21.66,21.040192,21.770155,18.863523,19.149477,20.197535,21.12782,21.021904,21.510614,20.995735,21.573858,20.363106,21.277994,4.0,4.0,0.0,4.0,4.0,0.0,4.0,0.0
41030,2023.0,10.0,12.0,22.0,21.041233,21.775682,20.1032,20.803713,21.042833,21.728983,21.028597,21.759785,20.161587,21.239025,20.008263,20.720818,21.135988,21.702639,21.043861,21.700312,19.209888,19.007755,0.0,0.0,0.0,4.0,4.0,4.0,0.0,0.0
41031,2023.0,10.0,12.0,22.0,21.032127,21.748768,19.593313,19.715174,21.036743,21.708857,21.02996,21.769419,20.0259,20.895115,20.04243,20.741243,21.016708,21.473383,21.034468,21.674961,18.805141,18.555988,4.0,0.0,0.0,0.0,0.0,0.0,0.0,0.0
41032,2023.0,10.0,12.0,22.0,21.033232,21.741205,20.10862,20.77314,21.010902,21.62944,21.029625,21.773275,19.028803,18.884119,19.145653,18.972576,21.030941,21.493166,21.035294,21.668802,18.667149,18.429962,0.0,4.0,0.0,0.0,0.0,0.0,0.0,0.0
41033,2023.0,10.0,12.0,22.0,21.022692,21.732882,19.31047,19.172426,21.041937,21.711487,21.02971,21.776232,18.549881,18.318573,18.810024,18.694923,21.02876,21.480429,21.026104,21.659992,19.539658,20.196878,0.0,0.0,0.0,0.0,0.0,0.0,0.0,4.0
41034,2023.0,10.0,12.0,23.0,21.024477,21.743795,19.03157,18.931578,21.034367,21.691448,21.029003,21.776218,18.561367,18.479273,18.735947,18.63849,21.192377,21.778513,21.027256,21.666845,20.067663,20.896646,0.0,0.0,0.0,0.0,0.0,4.0,0.0,0.0
41035,2023.0,10.0,12.0,23.0,20.411215,20.56996,18.968634,18.88092,20.901066,21.419058,20.289413,20.355537,18.533365,18.461584,18.65209,18.56576,20.363876,20.159302,20.314766,20.297447,19.15169,19.02747,0.0,4.0,0.0,0.0,0.0,0.0,0.0,0.0
41036,2023.0,10.0,12.0,23.0,20.140457,20.208084,19.347252,19.641262,20.10244,19.936172,19.927517,19.846867,18.486738,18.415874,18.586493,18.50206,20.057238,19.75911,20.03209,19.938717,18.825325,18.609262,4.0,0.0,0.0,0.0,0.0,0.0,0.0,0.0
41037,2023.0,10.0,12.0,23.0,20.025002,20.097366,19.059818,19.049654,19.72262,19.408598,19.765388,19.67198,18.440138,18.369806,18.525835,18.443825,19.935469,19.642178,19.894861,19.80032,18.834867,18.750706,0.0,0.0,0.0,0.0,0.0,0.0,0.0,0.0
41038,2023.0,10.0,12.0,23.0,19.93197,20.007408,18.900303,18.823568,19.564428,19.253164,19.649487,19.558867,18.39987,18.330942,18.81465,19.037354,20.009598,19.893484,19.788164,19.697874,18.787214,18.716719,0.0,0.0,0.0,0.0,4.0,0.0,0.0,0.0
41039,2023.0,10.0,12.0,23.0,19.853989,19.93308,18.833702,18.753716,19.623684,19.498566,19.55385,19.467789,18.957108,19.412867,18.558445,18.498402,19.983404,19.886515,19.698236,19.613039,18.729036,18.663229,0.0,0.0,0.0,4.0,0.0,0.0,0.0,0.0
41040,2023.0,10.0,13.0,0.0,19.785934,19.868143,19.230026,19.542276,20.260845,20.758728,19.47058,19.388483,18.553709,18.5268,18.446365,18.371553,19.930498,19.8365,19.619148,19.538279,18.674112,18.608953,4.0,4.0,0.0,0.0,0.0,0.0,0.0,0.0
41041,2023.0,10.0,13.0,0.0,19.72573,19.810593,18.96954,18.991323,19.675844,19.549751,19.396814,19.318356,18.408514,18.3449,18.399006,18.324673,19.880424,19.788107,19.549091,19.471983,19.354273,19.934134,0.0,0.0,0.0,0.0,0.0,0.0,0.0,4.0
41042,2023.0,10.0,13.0,0.0,19.67115,19.757902,18.646275,18.428679,20.012177,20.306913,19.330189,19.254429,18.947464,19.397854,18.652973,18.837128,19.83422,19.742989,19.484398,19.406818,18.847603,18.832012,0.0,4.0,0.0,4.0,4.0,0.0,0.0,0.0
41043,2023.0,10.0,13.0,0.0,19.622334,19.711329,18.528893,18.28351,19.55221,19.402641,19.27087,19.198133,18.432596,18.295223,18.76878,18.997349,19.792547,19.702675,19.427532,19.351261,18.56628,18.399015,0.0,0.0,0.0,0.0,4.0,0.0,0.0,0.0
41044,2023.0,10.0,13.0,0.0,19.578321,19.66961,18.608456,18.505032,19.307314,19.05619,19.217638,19.148153,18.25099,18.07325,18.80664,19.042221,19.754745,19.666449,19.376665,19.302038,19.21958,19.71112,0.0,0.0,0.0,0.0,4.0,0.0,0.0,4.0
41045,2023.0,10.0,13.0,0.0,19.53751,19.630611,18.624853,18.555935,19.204897,18.95061,19.16873,19.101751,18.193453,18.020428,18.384695,18.219715,20.436234,20.989098,19.32975,19.256205,18.67709,18.5479,0.0,0.0,0.0,0.0,0.0,4.0,0.0,0.0
41046,2023.0,10.0,13.0,1.0,19.500391,19.595787,19.046087,19.367943,19.275574,19.171095,19.12471,19.060726,18.871246,19.355024,18.220617,18.021093,19.797604,19.634993,19.287092,19.215088,18.49053,18.32246,4.0,0.0,0.0,4.0,0.0,0.0,0.0,0.0
41047,2023.0,10.0,13.0,1.0,19.463505,19.557613,18.7997,18.824558,19.271063,19.19506,19.08209,19.01924,18.494179,18.486229,18.267511,18.179358,19.588,19.354141,19.246187,19.174068,18.421335,18.25538,0.0,0.0,0.0,0.0,0.0,0.0,0.0,0.0
41048,2023.0,10.0,13.0,1.0,19.429665,19.523361,18.649288,18.5947,19.916298,20.445326,19.042,18.980392,18.251747,18.102701,18.269987,18.203129,19.524004,19.29225,19.20809,19.135979,18.461182,18.393568,0.0,4.0,0.0,0.0,0.0,0.0,0.0,0.0
41049,2023.0,10.0,13.0,1.0,19.397871,19.491215,18.600288,18.538675,19.501371,19.541086,19.004345,18.943953,18.769684,19.13585,18.241936,18.174368,19.602943,19.505756,19.172785,19.100685,18.449028,18.389814,0.0,0.0,0.0,4.0,0.0,0.0,0.0,0.0
41050,2023.0,10.0,13.0,1.0,19.366648,19.458395,18.564653,18.501715,19.126766,18.89862,18.967503,18.906754,18.947975,19.344225,18.21283,18.143963,19.601782,19.51395,19.139261,19.066196,18.41893,18.35909,0.0,0.0,0.0,4.0,0.0,0.0,0.0,0.0
41051,2023.0,10.0,13.0,1.0,19.340122,19.432728,18.53769,18.476768,19.681181,20.020609,18.935907,18.877687,18.410007,18.280693,18.187923,18.120136,19.577377,19.49084,19.109852,19.037844,18.391731,18.332802,0.0,4.0,0.0,0.0,0.0,0.0,0.0,0.0
41052,2023.0,10.0,13.0,2.0,19.31402,19.406456,18.511992,18.45191,19.81578,20.182224,18.904705,18.8477,18.237328,18.068094,18.163599,18.095974,19.55266,19.466206,19.081228,19.009441,19.094002,19.678486,0.0,4.0,0.0,0.0,0.0,0.0,0.0,4.0
41053,2023.0,10.0,13.0,2.0,19.2884,19.38008,18.487625,18.427664,19.28187,19.15355,18.874695,18.818047,18.173283,18.004564,18.140247,18.07222,19.528427,19.441639,19.054136,18.982111,18.608704,18.603096,0.0,0.0,0.0,0.0,0.0,0.0,0.0,0.0
41054,2023.0,10.0,13.0,2.0,19.263445,19.354242,18.464504,18.404547,19.058073,18.832338,18.846247,18.7897,18.218748,18.147102,18.11805,18.04955,19.505163,19.41799,19.028475,18.95618,19.077332,19.560417,0.0,0.0,0.0,0.0,0.0,0.0,0.0,4.0
41055,2023.0,10.0,13.0,2.0,19.2397,19.330011,18.44295,18.383396,18.970987,18.74125,18.819752,18.763704,18.216316,18.157495,18.09733,18.028732,19.482933,19.395735,19.004013,18.931805,18.525925,18.405798,0.0,0.0,0.0,0.0,0.0,0.0,0.0,0.0
41056,2023.0,10.0,13.0,2.0,19.216604,19.306204,18.422157,18.36276,19.042969,18.949375,18.794277,18.738405,18.191746,18.131004,18.077406,18.00852,19.461107,19.373686,18.97998,18.907642,19.106949,19.616436,0.0,0.0,0.0,0.0,0.0,0.0,0.0,4.0
41057,2023.0,10.0,13.0,2.0,19.19433,19.283192,18.402218,18.342937,19.043924,18.973782,18.76987,18.714142,18.168076,18.106792,18.058369,17.989195,19.439856,19.352201,18.956589,18.884096,18.553047,18.435902,0.0,0.0,0.0,0.0,0.0,0.0,0.0,0.0
41058,2023.0,10.0,13.0,3.0,19.172815,19.260933,18.383022,18.323822,19.015572,18.947289,18.746473,18.690825,18.145996,18.084389,18.040133,17.970669,19.419199,19.331306,18.933905,18.861242,19.121561,19.627361,0.0,0.0,0.0,0.0,0.0,0.0,0.0,4.0
41059,2023.0,10.0,13.0,3.0,19.153566,19.242521,18.366547,18.309456,18.98859,18.922846,18.725788,18.672037,18.126863,18.066444,18.024431,17.956367,19.400562,19.313786,18.913313,18.841766,18.570045,18.456123,0.0,0.0,0.0,0.0,0.0,0.0,0.0,0.0
41060,2023.0,10.0,13.0,3.0,19.134754,19.223972,18.350555,18.294949,18.96137,18.896616,18.70541,18.652582,18.109167,18.049349,18.009912,17.942759,19.38256,19.29629,18.893478,18.822428,18.377796,18.21277,0.0,0.0,0.0,0.0,0.0,0.0,0.0,0.0
41061,2023.0,10.0,13.0,3.0,19.118635,19.209854,18.33776,18.2859,18.939278,18.879038,18.688658,18.6395,18.095026,18.03759,17.99851,17.933945,19.367392,19.283382,18.87659,18.807745,19.069843,19.57944,0.0,0.0,0.0,0.0,0.0,0.0,0.0,4.0
41062,2023.0,10.0,13.0,3.0,19.101995,19.19423,18.32442,18.27515,18.916363,18.858675,18.671158,18.624256,18.081425,18.02549,17.987457,17.924675,19.352196,19.269558,18.859785,18.792255,18.544151,18.445158,0.0,0.0,0.0,0.0,0.0,0.0,0.0,0.0
41063,2023.0,10.0,13.0,3.0,19.085577,19.17835,18.311,18.263525,18.893425,18.836933,18.653578,18.607899,18.06875,18.013905,17.977144,17.915768,19.337324,19.255562,18.843462,18.776766,18.363916,18.214447,0.0,0.0,0.0,0.0,0.0,0.0,0.0,0.0
41064,2023.0,10.0,13.0,4.0,19.082785,19.189054,18.299942,18.25601,18.874474,18.822033,18.63877,18.596544,18.641157,19.100666,17.968882,17.90997,19.324507,19.244947,18.829288,18.764717,18.387255,18.3239,0.0,0.0,0.0,4.0,0.0,0.0,0.0,0.0
41065,2023.0,10.0,13.0,4.0,19.078455,19.192425,18.29021,18.25053,18.85663,18.808313,18.624866,18.586563,18.266146,18.256042,17.962427,17.906921,19.313253,19.23683,18.816576,18.754822,18.373278,18.3233,0.0,0.0,0.0,0.0,0.0,0.0,0.0,0.0
41066,2023.0,10.0,13.0,4.0,19.068892,19.185543,18.281471,18.24607,18.83965,18.794992,18.611574,18.57694,18.150162,18.102556,17.957254,17.90528,19.30284,19.229471,18.804735,18.745659,18.345951,18.296864,0.0,0.0,0.0,0.0,0.0,0.0,0.0,0.0
41067,2023.0,10.0,13.0,4.0,19.059769,19.179289,18.273775,18.242945,18.824598,18.78436,18.599623,18.569202,18.12595,18.08161,17.953047,17.904697,19.29339,19.223368,18.794003,18.737915,18.322794,18.276695,0.0,0.0,0.0,0.0,0.0,0.0,0.0,0.0
41068,2023.0,10.0,13.0,4.0,19.050499,19.172634,18.266567,18.240253,18.810364,18.774467,18.588205,18.561937,18.107754,18.066658,17.949507,17.904745,19.284443,19.217806,18.783875,18.730743,18.302343,18.259216,0.0,0.0,0.0,0.0,0.0,0.0,0.0,0.0
41069,2023.0,10.0,13.0,4.0,19.041292,19.165985,18.25998,18.23835,18.797567,18.766705,18.577806,18.55619,18.094753,18.05739,17.946507,17.905249,19.276232,19.213217,18.77458,18.7247,19.013918,19.61794,0.0,0.0,0.0,0.0,0.0,0.0,0.0,4.0
41070,2023.0,10.0,13.0,5.0,19.032106,19.159231,18.253574,18.236286,18.784655,18.757853,18.567429,18.54968,18.66714,19.145815,17.944082,17.906305,19.268114,19.208347,18.765436,18.718395,18.539068,18.562147,0.0,0.0,0.0,4.0,0.0,0.0,0.0,0.0
41071,2023.0,10.0,13.0,5.0,19.020132,19.146358,18.708792,19.09963,18.768614,18.742004,18.554007,18.536306,18.287933,18.295513,17.93878,17.901089,19.25683,19.196775,18.753714,18.70647,18.338015,18.254187,4.0,0.0,0.0,0.0,0.0,0.0,0.0,0.0
41072,2023.0,10.0,13.0,5.0,19.007866,19.133152,18.450346,18.511944,18.75212,18.725454,18.539944,18.52203,18.674175,19.075264,17.932537,17.89462,19.244743,19.18429,18.741405,18.693953,19.02721,19.601635,0.0,0.0,0.0,4.0,0.0,0.0,0.0,4.0
41073,2023.0,10.0,13.0,5.0,18.995289,19.11936,18.313774,18.299936,18.735329,18.708178,18.52553,18.507025,18.276495,18.225782,17.926197,17.88788,19.23211,19.170967,18.728647,18.680729,18.504158,18.463226,0.0,0.0,0.0,0.0,0.0,0.0,0.0,0.0
41074,2023.0,10.0,13.0,5.0,18.982296,19.104738,18.2782,18.256405,18.71754,18.688713,18.510231,18.490065,18.133976,18.038475,17.919188,17.880081,19.21863,19.156193,18.715284,18.666395,18.33099,18.232187,0.0,0.0,0.0,0.0,0.0,0.0,0.0,0.0
41075,2023.0,10.0,13.0,5.0,18.969835,19.091335,18.256226,18.234255,18.701239,18.672014,18.496048,18.475386,18.147291,18.108488,17.91218,17.872686,19.205633,19.142586,18.70245,18.653156,18.334457,18.293493,0.0,0.0,0.0,0.0,0.0,0.0,0.0,0.0
41076,2023.0,10.0,13.0,6.0,18.957462,19.078312,18.239923,18.219416,18.686491,18.658218,18.483042,18.463137,18.754139,19.270924,17.905409,17.86605,19.193283,19.1304,18.690268,18.641209,19.094755,19.755857,0.0,0.0,0.0,4.0,0.0,0.0,0.0,4.0
41077,2023.0,10.0,13.0,6.0,21.268253,23.134718,18.227648,18.210894,21.244547,23.20749,21.249968,23.381237,20.180105,21.672506,18.191383,18.406206,21.241114,22.690763,21.459024,23.427795,20.103117,21.362932,0.0,0.0,0.0,0.0,4.0,0.0,0.0,4.0
41078,2023.0,10.0,13.0,6.0,21.191618,22.759968,18.217943,18.20558,21.234165,22.883762,21.172785,22.912893,18.944946,19.02512,20.240677,21.894682,21.149145,22.390823,21.208641,22.77911,20.360514,21.707966,0.0,4.0,0.0,0.0,4.0,0.0,0.0,4.0
41079,2023.0,10.0,13.0,6.0,21.036013,22.297716,18.210943,18.2022,21.046524,22.345268,21.042212,22.44925,18.400297,18.330208,19.992783,21.18435,21.031288,22.019186,21.039991,22.267593,20.040619,20.964842,0.0,0.0,0.0,0.0,0.0,0.0,0.0,0.0
41080,2023.0,10.0,13.0,6.0,21.034384,22.202955,18.65819,19.047632,21.044842,22.216984,21.041183,22.320158,18.347876,18.317184,19.331226,19.736647,21.000095,21.847992,21.0374,22.15193,19.837534,20.45909,4.0,0.0,0.0,0.0,4.0,4.0,0.0,4.0
41081,2023.0,10.0,13.0,6.0,21.030983,22.127544,20.170332,21.564642,21.03988,22.114405,21.012482,22.150991,18.98053,19.547577,20.149712,21.316784,21.032764,21.872221,21.033203,22.059393,20.359282,21.489668,4.0,0.0,4.0,4.0,0.0,0.0,0.0,0.0
41082,2023.0,10.0,13.0,7.0,21.030252,22.075449,20.017368,21.08385,21.033045,22.045433,21.04198,22.168468,20.138266,21.41339,19.224829,19.379982,21.03126,21.80676,21.03262,21.99583,19.251726,19.25726,0.0,0.0,0.0,0.0,0.0,0.0,0.0,0.0
41083,2023.0,10.0,13.0,7.0,21.029406,22.035114,19.47127,19.882925,21.007498,21.932219,21.0412,22.104826,19.069069,19.154749,18.729706,18.722534,21.03002,21.756939,21.0317,21.946653,19.756691,20.472618,4.0,4.0,0.0,0.0,0.0,0.0,0.0,4.0
41084,2023.0,10.0,13.0,7.0,21.001644,21.929579,20.114738,21.122889,21.037464,21.98521,21.039614,22.05393,18.591429,18.553217,18.60249,18.576962,21.024382,21.718468,21.030903,21.908035,20.037632,20.810493,4.0,0.0,0.0,0.0,0.0,0.0,0.0,0.0
41085,2023.0,10.0,13.0,7.0,21.033783,21.998087,20.02086,20.867107,21.036037,21.945354,21.033192,22.014862,18.516222,18.49785,18.934374,19.269144,21.024181,21.694845,21.030014,21.87625,19.266354,19.265444,0.0,0.0,0.0,0.0,4.0,0.0,0.0,0.0
41086,2023.0,10.0,13.0,7.0,21.03225,21.966047,19.609737,19.993172,21.009403,21.843021,21.033342,21.992884,18.475798,18.463074,20.154537,21.33366,21.02358,21.674166,21.029354,21.850239,18.931751,18.879538,4.0,4.0,0.0,0.0,0.0,0.0,0.0,0.0
41087,2023.0,10.0,13.0,7.0,21.031496,21.9411,20.104124,20.981712,21.01399,21.835148,21.032524,21.97261,18.440308,18.431078,19.565748,19.998491,21.076996,21.731905,21.02871,21.82789,18.852768,18.828756,0.0,4.0,0.0,0.0,4.0,4.0,0.0,0.0
41088,2023.0,10.0,13.0,8.0,20.998615,21.8464,19.331299,19.419329,21.012835,21.820366,21.03214,21.955896,19.187246,19.87344,20.118944,21.089977,20.998013,21.566412,21.145046,21.99114,18.79753,18.778751,0.0,4.0,0.0,4.0,0.0,4.0,4.0,0.0
41089,2023.0,10.0,13.0,8.0,20.795334,21.446175,19.396063,19.791481,20.694958,21.19843,20.204042,20.34934,20.110662,21.288488,19.293245,19.382519,20.324774,20.294273,21.09241,21.836716,18.747606,18.732683,4.0,4.0,0.0,0.0,0.0,0.0,4.0,0.0
41090,2023.0,10.0,13.0,8.0,20.141375,20.292765,20.091516,20.980618,20.551844,21.03742,20.367104,20.948051,19.140057,19.23958,18.890053,18.877356,20.727236,21.261627,20.231247,20.231077,18.703371,18.689898,0.0,4.0,4.0,0.0,0.0,4.0,0.0,0.0
41091,2023.0,10.0,13.0,8.0,19.815285,19.90036,19.393623,19.552929,20.508282,20.994902,20.46718,21.057203,18.707726,18.694288,19.144264,19.441767,20.229963,20.196371,20.764305,21.517303,18.664364,18.65139,0.0,4.0,4.0,0.0,4.0,0.0,4.0,0.0
41092,2023.0,10.0,13.0,8.0,20.37656,21.041996,19.0841,19.101934,20.487307,20.974533,19.826239,19.858927,19.356102,19.980228,20.113335,21.097738,20.012932,19.906523,20.91362,21.66952,18.636398,18.623623,0.0,4.0,0.0,4.0,4.0,0.0,4.0,0.0
41093,2023.0,10.0,13.0,8.0,20.522533,21.17391,18.955635,18.964373,20.46527,20.95422,19.48079,19.438063,20.094568,21.110353,20.01836,20.811575,20.633543,21.174839,20.099182,20.09543,19.506628,20.294481,0.0,4.0,0.0,0.0,0.0,4.0,0.0,4.0
41094,2023.0,10.0,13.0,9.0,20.525888,21.171083,18.86785,18.873869,20.447657,20.937504,19.342432,19.291555,19.218407,19.290232,19.308125,19.370169,20.172815,20.14672,19.72528,19.645576,20.030281,20.941835,0.0,4.0,0.0,0.0,0.0,0.0,0.0,4.0
41095,2023.0,10.0,13.0,9.0,20.547983,21.203014,18.800663,18.806904,19.901121,19.93291,19.28785,19.276754,18.821796,18.795343,19.318052,19.613089,19.903292,19.812084,20.555927,21.322994,19.993637,20.766119,0.0,0.0,0.0,0.0,4.0,0.0,4.0,4.0
41096,2023.0,10.0,13.0,9.0,20.566248,21.22399,18.746563,18.753513,20.210491,20.698729,19.232113,19.229086,18.735012,18.715845,20.088463,20.923304,19.820139,19.726988,19.965395,19.958338,20.033283,20.801212,0.0,4.0,0.0,0.0,4.0,0.0,0.0,0.0
41097,2023.0,10.0,13.0,9.0,20.567919,21.219362,18.702375,18.710531,19.805094,19.840815,19.174683,19.173899,18.683836,18.666245,20.002596,20.675764,20.579607,21.225098,19.629562,19.561012,19.301666,19.327456,0.0,0.0,0.0,0.0,4.0,4.0,0.0,0.0
41098,2023.0,10.0,13.0,9.0,20.584274,21.242886,18.665564,18.675068,20.141344,20.64254,19.800453,20.396212,18.64259,18.62593,20.029211,20.689209,20.089622,20.076399,19.52689,19.456059,18.982216,18.945446,0.0,4.0,4.0,0.0,0.0,0.0,0.0,0.0
41099,2023.0,10.0,13.0,9.0,20.032091,20.200737,18.6346,18.645752,20.291595,20.8042,20.031197,20.640709,18.610094,18.594538,19.419855,19.47488,20.549341,21.11539,20.424332,21.207897,18.888111,18.849634,0.0,4.0,4.0,0.0,0.0,4.0,4.0,0.0
41100,2023.0,10.0,13.0,10.0,20.467262,21.142782,18.612314,18.624626,20.31337,20.825932,19.46941,19.541466,18.588934,18.57378,19.535185,19.80953,20.041637,20.041166,19.789246,19.81591,18.852964,18.828066,0.0,4.0,0.0,0.0,4.0,0.0,0.0,0.0
41101,2023.0,10.0,13.0,10.0,20.560396,21.237417,19.042955,19.451565,20.334244,20.851467,19.886667,20.42968,18.571312,18.557865,20.07646,20.773129,20.592253,21.169407,19.559855,19.496506,18.820236,18.799198,4.0,4.0,4.0,0.0,0.0,4.0,0.0,0.0
41102,2023.0,10.0,13.0,10.0,20.581377,21.258347,20.117191,21.219204,20.355442,20.876589,19.4948,19.567263,18.555094,18.543795,19.503311,19.608473,20.138203,20.139853,19.486082,19.42799,19.675837,20.44816,4.0,4.0,0.0,0.0,0.0,0.0,0.0,4.0
41103,2023.0,10.0,13.0,10.0,20.011328,20.16894,20.01483,20.897657,20.375946,20.901829,19.879929,20.454498,18.542395,18.532688,19.159533,19.139893,19.887354,19.817902,19.458532,19.425953,20.005926,20.77146,0.0,4.0,4.0,0.0,0.0,0.0,0.0,4.0
41104,2023.0,10.0,13.0,10.0,20.42886,21.13624,19.657063,20.096277,19.851393,19.912502,19.475033,19.550667,19.254202,19.885468,19.059732,19.033373,19.827833,19.760735,19.431116,19.403627,20.028528,20.764965,4.0,0.0,0.0,4.0,0.0,0.0,0.0,0.0
41105,2023.0,10.0,13.0,10.0,19.997858,20.184988,20.089863,20.945105,20.18989,20.71688,19.223078,19.23821,20.1,21.175571,19.375282,19.6815,19.819641,19.784105,20.406425,21.274776,19.378544,19.446388,0.0,4.0,0.0,0.0,4.0,0.0,4.0,0.0
41106,2023.0,10.0,13.0,11.0,19.741405,19.880379,19.408617,19.552956,20.354206,20.89838,19.15059,19.163225,19.246435,19.362112,20.087246,20.867802,19.804882,19.775509,20.729671,21.548523,19.075655,19.063904,0.0,4.0,0.0,0.0,0.0,0.0,4.0,0.0
41107,2023.0,10.0,13.0,11.0,19.662228,19.798578,19.489157,19.91792,19.830196,19.898506,19.799294,20.426205,19.564112,20.180817,19.476158,19.588839,19.784748,19.75659,20.83238,21.64649,18.989801,18.973316,4.0,0.0,4.0,4.0,0.0,0.0,4.0,0.0
41108,2023.0,10.0,13.0,11.0,20.359539,21.156628,20.082388,20.940231,20.24946,20.790892,19.368673,19.47794,20.074463,20.993032,19.603867,19.918398,20.54599,21.217253,20.040682,20.084444,18.948647,18.931051,0.0,4.0,0.0,0.0,4.0,4.0,0.0,0.0
41109,2023.0,10.0,13.0,11.0,20.513767,21.222946,19.43103,19.593431,20.402802,20.953045,19.757792,20.350677,19.325674,19.42125,20.043974,20.643604,20.769657,21.400347,19.70754,19.671513,18.91115,18.894432,0.0,4.0,4.0,0.0,4.0,4.0,0.0,0.0
41110,2023.0,10.0,13.0,11.0,20.53458,21.23565,19.505323,19.930283,20.423704,20.973722,19.395638,19.503332,19.674864,20.275208,20.017014,20.558817,20.171543,20.206244,20.571302,21.377333,18.881674,18.86585,4.0,4.0,0.0,4.0,0.0,0.0,4.0,0.0
41111,2023.0,10.0,13.0,11.0,20.588278,21.298454,20.060446,20.838198,20.448612,21.00031,19.15433,19.194983,20.019602,20.72451,19.866472,20.210564,20.666391,21.28355,20.905506,21.72427,18.857805,18.842636,4.0,4.0,0.0,4.0,4.0,4.0,4.0,0.0
41112,2023.0,10.0,13.0,12.0,20.044495,20.243982,20.000526,20.660948,20.4718,21.024864,19.097057,19.135351,20.02388,20.692837,20.045008,20.570763,20.205006,20.23334,20.136393,20.186169,18.838646,18.824488,4.0,4.0,0.0,0.0,0.0,0.0,0.0,0.0
41113,2023.0,10.0,13.0,12.0,21.133858,22.28549,20.007477,20.636738,21.075735,22.065207,21.236233,22.970106,19.458172,19.550001,19.608324,19.695194,21.139925,21.99852,21.074167,22.073435,18.823128,18.810371,4.0,4.0,0.0,0.0,0.0,0.0,4.0,0.0
41114,2023.0,10.0,13.0,12.0,20.986744,21.904696,20.005867,20.606918,20.99903,21.841827,21.002218,22.276072,19.879528,20.514587,19.335058,19.317663,21.020847,21.653906,21.110846,21.922424,18.811575,18.80027,4.0,4.0,0.0,4.0,0.0,4.0,4.0,0.0
41115,2023.0,10.0,13.0,12.0,21.058907,22.014809,20.042788,20.677631,21.020142,21.831207,21.038527,22.172709,20.045313,20.672068,19.249313,19.223053,21.048418,21.681324,21.055424,21.802652,18.804592,18.795172,0.0,4.0,4.0,0.0,0.0,4.0,0.0,0.0
41116,2023.0,10.0,13.0,12.0,20.992956,21.810352,19.887917,20.326515,21.004972,21.7695,21.03654,22.110214,19.498148,19.57028,19.208246,19.1881,21.018875,21.603275,21.021132,21.706587,18.80163,18.794405,4.0,4.0,0.0,0.0,0.0,0.0,0.0,0.0
41117,2023.0,10.0,13.0,12.0,21.030626,21.879148,20.04545,20.663462,21.032253,21.818607,21.007366,21.96443,19.971457,20.625738,19.171885,19.153402,21.019802,21.56924,21.023695,21.677467,18.801064,18.795908,0.0,0.0,4.0,4.0,0.0,0.0,0.0,0.0
41118,2023.0,10.0,13.0,13.0,20.99297,21.758236,19.895493,20.326326,20.997822,21.704496,21.037876,22.000513,20.167091,20.803062,19.144152,19.128716,21.179539,21.818226,21.288267,22.116137,18.802496,18.799374,4.0,4.0,0.0,4.0,0.0,4.0,4.0,0.0
41119,2023.0,10.0,13.0,13.0,21.00229,21.761496,20.027956,20.59541,21.006033,21.704851,21.001947,21.871424,19.992817,20.478264,19.121485,19.107347,21.2419,21.874928,20.972757,21.509604,18.804667,18.8028,4.0,4.0,4.0,0.0,0.0,4.0,0.0,0.0
41120,2023.0,10.0,13.0,13.0,21.000633,21.747173,20.019556,20.585155,21.004307,21.689928,21.036741,21.934387,19.555471,19.61563,19.10462,19.093554,20.9925,21.419666,21.026733,21.605038,18.807394,18.80648,0.0,4.0,0.0,0.0,0.0,0.0,0.0,0.0
41121,2023.0,10.0,13.0,13.0,21.028399,21.813541,19.561604,19.691816,21.030336,21.752388,21.003672,21.823233,19.33991,19.346512,19.090809,19.081852,21.019531,21.468666,21.020517,21.582596,18.810944,18.811096,0.0,0.0,4.0,0.0,0.0,0.0,0.0,0.0
41122,2023.0,10.0,13.0,13.0,20.994934,21.712582,19.303831,19.361843,21.023592,21.724213,21.009283,21.818901,19.249601,19.237993,19.46897,19.807426,21.016087,21.454014,21.019148,21.572987,18.81491,18.81605,0.0,0.0,4.0,0.0,4.0,0.0,0.0,0.0
41123,2023.0,10.0,13.0,13.0,21.000431,21.716125,19.207012,19.257366,21.024248,21.711056,21.008312,21.804832,19.197529,19.186808,20.078938,20.784197,21.269287,21.905626,21.018648,21.565105,18.819176,18.821331,0.0,0.0,4.0,0.0,0.0,4.0,0.0,0.0
41124,2023.0,10.0,13.0,14.0,21.005548,21.720375,19.58625,20.02314,21.021666,21.697718,21.033804,21.864725,19.161137,19.152828,19.557491,19.674583,20.983309,21.350508,21.018717,21.558779,18.823507,18.82673,4.0,0.0,0.0,0.0,0.0,0.0,0.0,0.0
41125,2023.0,10.0,13.0,14.0,20.445852,20.668873,20.058617,20.7814,20.451273,20.59296,20.823204,21.411808,19.130085,19.12177,19.284042,19.292238,20.602758,20.630655,20.506796,20.566298,19.714453,20.507223,0.0,0.0,4.0,0.0,0.0,0.0,0.0,4.0
41126,2023.0,10.0,13.0,14.0,20.174608,20.349031,19.525791,19.684578,20.760056,21.374971,20.724499,21.29547,19.101686,19.092758,19.21169,19.203793,20.392948,20.353968,20.224432,20.2035,20.032768,20.81866,0.0,4.0,4.0,0.0,0.0,0.0,0.0,0.0
41127,2023.0,10.0,13.0,14.0,20.072641,20.240936,19.234245,19.298815,20.307978,20.410511,20.157253,20.258678,19.076359,19.066935,19.177818,19.167511,20.31986,20.286898,20.111374,20.082926,19.398779,19.48949,0.0,0.0,0.0,0.0,0.0,0.0,0.0,0.0
41128,2023.0,10.0,13.0,14.0,20.010456,20.175724,19.15474,19.200829,20.7011,21.26834,20.553144,21.135725,19.056185,19.045815,19.154655,19.142374,20.274637,20.241177,20.048304,20.017632,19.206787,19.21888,0.0,4.0,4.0,0.0,0.0,0.0,0.0,0.0
41129,2023.0,10.0,13.0,14.0,20.67206,21.469023,19.54125,19.96445,20.765827,21.324493,20.072536,20.181698,19.037294,19.026789,19.133646,19.120913,20.99165,21.640171,19.995077,19.96559,19.132412,19.124826,4.0,4.0,0.0,0.0,0.0,4.0,0.0,0.0
41130,2023.0,10.0,13.0,15.0,20.755589,21.478783,20.069319,20.85141,20.230463,20.313961,20.46388,21.035711,19.01931,19.00818,19.497631,19.823906,20.460037,20.499744,19.94789,19.918562,19.085587,19.074362,0.0,0.0,4.0,0.0,4.0,0.0,0.0,0.0
41131,2023.0,10.0,13.0,15.0,20.193102,20.393137,19.485605,19.630365,19.945557,19.950737,20.57186,21.124958,18.998337,18.984129,20.070057,20.74045,20.926323,21.529015,19.89623,19.865255,19.045057,19.030643,0.0,0.0,4.0,0.0,0.0,4.0,0.0,0.0
41132,2023.0,10.0,13.0,15.0,19.948076,20.090254,19.618547,20.048803,20.45557,20.991062,20.013401,20.082718,18.976568,18.959024,19.55115,19.646927,21.116161,21.71768,19.847218,19.813925,19.010235,18.992907,4.0,4.0,0.0,0.0,0.0,4.0,0.0,0.0
41133,2023.0,10.0,13.0,15.0,20.549997,21.272617,20.046383,20.744293,20.561718,21.09079,20.408186,20.94319,18.956903,18.93566,19.327673,19.299356,21.15772,21.744987,19.808264,19.772257,18.983837,18.963455,4.0,4.0,4.0,0.0,0.0,4.0,0.0,0.0
41134,2023.0,10.0,13.0,15.0,20.117214,20.281382,20.018408,20.63935,20.033213,20.073507,19.968143,20.01306,18.935934,18.911636,19.241545,19.203915,21.191036,21.763697,19.767336,19.729406,18.95619,18.93344,0.0,0.0,0.0,0.0,0.0,4.0,0.0,0.0
41135,2023.0,10.0,13.0,15.0,19.863836,19.971064,19.831697,20.210337,20.380068,20.878925,20.291214,20.801392,19.625895,20.22873,19.187572,19.14813,20.554447,20.530815,19.72824,19.68837,18.929296,18.904186,4.0,4.0,4.0,4.0,0.0,0.0,0.0,0.0
41136,2023.0,10.0,13.0,16.0,20.463419,21.146677,20.034918,20.580088,20.478796,20.97443,19.823826,19.85065,20.056227,20.870415,19.1435,19.100578,21.039274,21.563976,19.692892,19.651314,18.903877,18.876888,4.0,4.0,0.0,0.0,0.0,4.0,0.0,0.0
41137,2023.0,10.0,13.0,16.0,20.615873,21.249033,20.020899,20.546898,20.49299,20.969038,19.53778,19.480654,19.335379,19.358765,19.089514,19.047379,21.187233,21.718191,19.649944,19.609049,18.869892,18.843115,0.0,4.0,0.0,0.0,0.0,4.0,0.0,0.0
41138,2023.0,10.0,13.0,16.0,20.63551,21.249891,19.84473,20.164225,20.50422,20.963757,19.423946,19.342247,19.000969,18.93146,19.037125,18.995283,20.519016,20.442673,19.607355,19.565891,18.834831,18.807062,4.0,4.0,0.0,0.0,0.0,0.0,0.0,0.0
41139,2023.0,10.0,13.0,16.0,20.063099,20.149931,20.05165,20.569103,20.50576,20.949406,19.421618,19.393951,18.960096,18.91934,18.99204,18.947096,21.003029,21.4922,19.571394,19.528736,18.804369,18.774944,0.0,4.0,0.0,0.0,0.0,4.0,0.0,0.0
41140,2023.0,10.0,13.0,16.0,19.80454,19.84028,19.851992,20.140764,20.50329,20.931276,20.059984,20.626986,19.631159,20.22247,18.947027,18.902021,21.141916,21.628256,19.534487,19.490854,18.772905,18.741941,4.0,4.0,4.0,4.0,0.0,4.0,0.0,0.0
41141,2023.0,10.0,13.0,16.0,20.37826,20.972805,20.032309,20.484911,20.497076,20.90972,20.224306,20.80107,20.061613,20.8632,18.90768,18.859198,20.479326,20.367323,19.502617,19.457144,19.637402,20.397127,4.0,4.0,4.0,0.0,0.0,0.0,0.0,4.0
41142,2023.0,10.0,13.0,17.0,20.539972,21.104874,20.004515,20.423798,20.487614,20.885006,19.592667,19.549778,19.283133,19.2417,18.865887,18.814423,20.878635,21.327679,19.4672,19.416708,20.050972,20.88453,4.0,4.0,0.0,0.0,0.0,4.0,0.0,0.0
41143,2023.0,10.0,13.0,17.0,20.559603,21.112038,20.008852,20.42486,20.472094,20.85037,19.893671,20.291483,19.589994,20.049868,19.210266,19.495174,21.029057,21.472717,20.368547,21.140362,19.22005,19.168941,4.0,4.0,4.0,4.0,4.0,4.0,4.0,0.0
41144,2023.0,10.0,13.0,17.0,19.987297,20.011185,20.008884,20.416187,20.453732,20.812641,20.039124,20.426548,20.034605,20.675562,20.11221,20.983631,20.35763,20.189615,19.748438,19.649029,18.846592,18.707954,4.0,4.0,4.0,4.0,0.0,0.0,0.0,0.0
41145,2023.0,10.0,13.0,17.0,20.368084,20.905418,20.009214,20.407299,20.432251,20.77146,19.480404,19.358639,19.997766,20.537777,19.6973,20.020218,20.042198,19.801155,19.393562,19.213806,18.822067,18.756535,4.0,4.0,0.0,4.0,4.0,0.0,0.0,0.0
41146,2023.0,10.0,13.0,17.0,19.885817,19.855976,20.009924,20.398752,20.40822,20.72811,19.827284,20.174936,20.033524,20.586561,20.08549,20.790852,19.915462,19.656788,19.286585,19.087767,18.790386,18.725391,4.0,4.0,4.0,0.0,0.0,0.0,0.0,0.0
41147,2023.0,10.0,13.0,17.0,20.275797,20.769358,20.028975,20.441721,20.381706,20.682327,19.390694,19.231731,19.924597,20.297995,19.751934,20.039545,20.561277,20.958698,19.33396,19.245928,18.742273,18.67195,0.0,4.0,0.0,4.0,4.0,4.0,0.0,0.0
41148,2023.0,10.0,13.0,18.0,19.814438,19.76099,19.748816,19.8663,19.800455,19.603613,19.734224,20.04025,20.016817,20.474947,20.083124,20.691347,20.03338,19.782103,19.328196,19.239717,18.694994,18.618288,4.0,0.0,4.0,4.0,0.0,0.0,0.0,0.0
41149,2023.0,10.0,13.0,18.0,21.181839,22.347794,20.047895,20.485142,21.185766,22.236631,21.166012,22.433174,20.032347,20.507841,19.595512,19.660574,21.244768,22.088476,21.288738,22.633984,19.513948,20.196009,4.0,0.0,4.0,0.0,4.0,4.0,0.0,4.0
41150,2023.0,10.0,13.0,18.0,21.012468,21.87134,20.007614,20.37855,20.989708,21.699697,21.002151,21.952261,19.278797,19.032671,20.138042,20.716984,20.992157,21.528767,21.00088,21.956093,20.070295,20.927,4.0,4.0,4.0,0.0,0.0,4.0,0.0,0.0
41151,2023.0,10.0,13.0,18.0,21.025166,21.830442,20.013723,20.372345,21.018158,21.682562,21.049023,21.961239,18.8867,18.568233,19.56339,19.552086,21.006794,21.502386,21.03312,21.90825,19.843004,20.316051,4.0,4.0,0.0,0.0,4.0,4.0,0.0,4.0
41152,2023.0,10.0,13.0,18.0,20.996021,21.707882,20.014034,20.35839,21.015244,21.628489,21.04082,21.865015,18.922379,18.782478,20.146095,20.704395,21.036324,21.539888,21.024302,21.764408,20.06889,20.759579,4.0,4.0,0.0,0.0,0.0,0.0,4.0,0.0
41153,2023.0,10.0,13.0,18.0,21.013882,21.696718,20.014734,20.347141,21.01631,21.595594,21.016056,21.73502,18.896116,18.759106,19.232876,18.914907,21.0315,21.490955,21.00439,21.678411,19.910784,20.335241,4.0,4.0,4.0,0.0,0.0,0.0,4.0,4.0
41154,2023.0,10.0,13.0,19.0,21.040699,21.737745,20.034346,20.389896,21.016603,21.568981,21.047546,21.77724,19.587925,20.12965,19.367887,19.530289,21.0322,21.461056,21.046225,21.746508,20.05855,20.64527,0.0,4.0,0.0,4.0,4.0,0.0,0.0,0.0
41155,2023.0,10.0,13.0,19.0,21.00612,21.618383,19.301575,18.971106,21.016333,21.547915,21.040972,21.728704,20.036018,20.684416,20.08893,20.717146,21.001045,21.357431,21.03721,21.686653,19.154877,18.855917,0.0,4.0,0.0,4.0,0.0,4.0,0.0,0.0
41156,2023.0,10.0,13.0,19.0,21.012281,21.611732,19.110481,18.893082,21.01615,21.531418,21.002117,21.628841,20.03646,20.62223,19.387905,19.297281,21.0374,21.440971,21.03769,21.653116,18.733185,18.380947,0.0,4.0,4.0,0.0,0.0,0.0,0.0,0.0
41157,2023.0,10.0,13.0,19.0,21.039852,21.67283,19.08001,18.890244,21.016161,21.518433,21.048552,21.716667,19.749935,19.966808,19.018202,18.850101,21.000792,21.335201,21.037317,21.625406,19.742126,20.44226,0.0,4.0,0.0,4.0,0.0,4.0,0.0,4.0
41158,2023.0,10.0,13.0,19.0,21.004488,21.564587,19.00482,18.813034,21.015793,21.506914,21.039574,21.675932,20.106773,20.661596,18.88857,18.709417,21.038368,21.425827,21.026215,21.603987,20.031439,20.669992,0.0,4.0,0.0,0.0,0.0,0.0,0.0,0.0
41159,2023.0,10.0,13.0,19.0,21.011625,21.56928,18.939556,18.749266,21.042227,21.570383,21.014889,21.586878,19.186478,18.855856,18.7981,18.621208,21.000824,21.321955,21.027401,21.604326,19.096342,18.79705,0.0,0.0,4.0,0.0,0.0,4.0,0.0,0.0
41160,2023.0,10.0,13.0,20.0,21.023058,21.58459,18.872185,18.67444,21.030561,21.500841,21.03896,21.624887,18.72002,18.30435,18.711475,18.527935,21.064835,21.47439,21.054878,21.654705,18.650316,18.279947,0.0,4.0,4.0,0.0,0.0,0.0,0.0,0.0
41161,2023.0,10.0,13.0,20.0,21.038034,21.62993,19.257147,19.442165,21.04065,21.543392,21.043324,21.64727,19.561653,20.051836,18.644022,18.463758,20.997208,21.302181,21.023588,21.58836,18.736105,18.585287,4.0,0.0,0.0,4.0,0.0,4.0,0.0,0.0
41162,2023.0,10.0,13.0,20.0,21.034174,21.609295,20.108416,20.873232,21.036785,21.524517,21.014618,21.559326,20.030622,20.614449,18.575027,18.39023,21.038462,21.405125,21.027672,21.594751,18.725283,18.576286,0.0,0.0,4.0,4.0,0.0,0.0,0.0,0.0
41163,2023.0,10.0,13.0,20.0,21.005884,21.520786,19.74325,20.02913,21.01095,21.442192,21.046803,21.639132,20.038227,20.580515,18.857378,18.968973,21.001156,21.304491,21.200205,21.883455,19.543438,20.174395,4.0,4.0,0.0,0.0,4.0,4.0,4.0,4.0
41164,2023.0,10.0,13.0,20.0,21.012112,21.52942,20.092567,20.704933,21.042902,21.523413,21.040623,21.616089,19.115786,18.74906,20.208408,21.19168,21.007256,21.31866,20.985899,21.443338,20.31653,21.345194,0.0,0.0,0.0,0.0,0.0,4.0,4.0,0.0
41165,2023.0,10.0,13.0,20.0,21.011711,21.527876,19.508055,19.469767,21.03693,21.503428,21.01497,21.533468,18.658203,18.228247,19.245499,19.217247,21.03807,21.400606,21.048946,21.59738,19.02492,18.713802,4.0,0.0,4.0,0.0,0.0,0.0,0.0,0.0
41166,2023.0,10.0,13.0,21.0,21.04058,21.604713,20.099833,20.675934,20.997026,21.424265,21.046877,21.613834,18.753155,18.567333,19.091223,19.210434,21.032791,21.380787,21.036554,21.561487,19.452217,19.876724,4.0,4.0,0.0,0.0,4.0,0.0,0.0,4.0
41167,2023.0,10.0,13.0,21.0,21.006155,21.508343,20.010529,20.43317,21.045458,21.530977,21.040741,21.592844,18.754854,18.575941,20.175621,21.020657,21.002504,21.292631,20.996807,21.441814,20.51165,21.640598,4.0,0.0,0.0,0.0,0.0,4.0,4.0,4.0
41168,2023.0,10.0,13.0,21.0,21.040854,21.59657,20.04045,20.465961,21.03749,21.503387,21.02658,21.58449,18.68772,18.507797,19.269415,19.19294,21.008028,21.30567,21.046286,21.568636,20.036207,20.629734,0.0,0.0,0.0,0.0,0.0,4.0,0.0,0.0
41169,2023.0,10.0,13.0,21.0,21.034616,21.576717,19.528278,19.42742,21.038486,21.494692,21.028467,21.599438,18.624725,18.44264,18.798233,18.597519,21.007803,21.30802,20.99621,21.432716,19.057652,18.691391,4.0,0.0,0.0,0.0,0.0,4.0,4.0,0.0
41170,2023.0,10.0,13.0,21.0,21.035263,21.570278,20.095102,20.589071,21.023363,21.485939,21.028606,21.607315,18.56537,18.380064,18.66267,18.448442,21.039574,21.392288,21.005669,21.453592,18.590824,18.164354,4.0,0.0,0.0,0.0,0.0,0.0,4.0,0.0
41171,2023.0,10.0,13.0,21.0,21.04293,21.605862,20.074245,20.500443,21.049208,21.550806,21.056812,21.668032,18.508587,18.31933,18.560387,18.339746,21.067995,21.437126,21.078278,21.639791,18.425882,17.992878,0.0,0.0,0.0,0.0,0.0,0.0,0.0,0.0
41172,2023.0,10.0,13.0,22.0,21.020443,21.574348,19.176153,18.752058,21.02212,21.502953,21.025059,21.606998,18.459623,18.270077,18.483492,18.266619,20.99998,21.275692,21.033255,21.529297,18.56178,18.38305,0.0,0.0,0.0,0.0,0.0,4.0,0.0,0.0
41173,2023.0,10.0,13.0,22.0,21.024446,21.591864,18.940735,18.64303,21.026459,21.518469,21.029911,21.620344,19.018618,19.365314,18.40025,18.175648,21.041618,21.382292,21.040218,21.535702,18.559326,18.375813,0.0,0.0,0.0,4.0,0.0,0.0,0.0,0.0
41174,2023.0,10.0,13.0,22.0,21.023537,21.59695,18.90147,18.637772,21.026314,21.522593,21.029675,21.621992,20.144547,21.180016,18.322897,18.092707,21.00445,21.28448,21.039886,21.52833,18.492218,18.304878,0.0,0.0,0.0,0.0,0.0,4.0,0.0,0.0
41175,2023.0,10.0,13.0,22.0,21.024338,21.601728,18.817078,18.551685,21.026703,21.52605,21.030052,21.623953,19.123108,19.035257,18.248919,18.01274,21.011045,21.301912,21.027018,21.524323,18.4281,18.235802,0.0,0.0,0.0,0.0,0.0,4.0,0.0,0.0
41176,2023.0,10.0,13.0,22.0,21.049322,21.652431,18.71943,18.435438,21.05381,21.580185,21.060606,21.683685,18.615015,18.389997,18.171375,17.922337,21.074087,21.455677,21.05708,21.598494,18.364418,18.164206,0.0,0.0,0.0,0.0,0.0,0.0,0.0,0.0
41177,2023.0,10.0,13.0,22.0,21.050188,21.64682,18.639193,18.347076,21.053707,21.571426,21.060617,21.673265,18.496168,18.266174,18.102623,17.84659,21.073584,21.42735,21.05736,21.59851,18.30685,18.100872,0.0,0.0,0.0,0.0,0.0,0.0,0.0,0.0
41178,2023.0,10.0,13.0,23.0,21.021544,21.597383,18.571316,18.27746,21.024012,21.51887,21.026844,21.612934,19.019215,19.327272,18.039448,17.779997,21.033972,21.349552,21.026146,21.549175,18.251865,18.040867,0.0,0.0,0.0,4.0,0.0,0.0,0.0,0.0
41179,2023.0,10.0,13.0,23.0,20.381948,20.372665,18.511377,18.21865,20.326418,20.182503,20.785013,21.123217,18.668972,18.48904,17.982489,17.724298,21.107557,21.491323,20.239218,20.044008,18.20494,17.996046,0.0,0.0,4.0,0.0,0.0,4.0,0.0,0.0
41180,2023.0,10.0,13.0,23.0,20.10553,20.001976,18.46617,18.17441,19.991585,19.709639,20.148075,19.994705,18.20812,17.718313,17.936733,17.678871,20.099064,19.549492,19.958239,19.726494,18.167091,17.958641,0.0,0.0,0.0,0.0,0.0,0.0,0.0,0.0
41181,2023.0,10.0,13.0,23.0,19.967634,19.854593,18.42185,18.130816,19.830853,19.531866,19.429533,18.765524,17.994387,17.459463,17.891459,17.633238,19.718506,19.08491,19.799309,19.560274,18.128874,17.920076,0.0,0.0,0.0,0.0,0.0,0.0,0.0,0.0
41182,2023.0,10.0,13.0,23.0,19.86114,19.74618,18.379492,18.088598,19.712393,19.410751,19.15463,18.461178,18.185873,17.96053,17.847616,17.588734,19.557472,18.93081,19.667065,19.426128,18.091166,17.881855,0.0,0.0,0.0,0.0,0.0,0.0,0.0,0.0
41183,2023.0,10.0,13.0,23.0,20.48619,21.004032,18.342157,18.054802,19.618902,19.324184,19.3264,18.972883,18.174112,17.944262,18.100168,18.097034,19.749092,19.457193,19.558563,19.322784,18.785038,19.220932,0.0,0.0,0.0,0.0,4.0,0.0,0.0,4.0
41184,2023.0,10.0,14.0,0.0,19.98963,19.977255,18.304625,18.018795,19.531364,19.239008,19.337305,19.052917,18.129961,17.90082,17.890936,17.64413,19.73843,19.47097,19.457888,19.2233,18.27491,18.092361,0.0,0.0,0.0,0.0,0.0,0.0,0.0,0.0
41185,2023.0,10.0,14.0,0.0,19.386766,18.916708,18.268452,17.983715,19.45143,19.160913,19.271278,18.995373,18.086494,17.857874,17.78412,17.527649,19.670675,19.404589,19.366072,19.132214,17.864866,17.410707,0.0,0.0,0.0,0.0,0.0,0.0,0.0,0.0
41186,2023.0,10.0,14.0,0.0,19.175121,18.665903,18.23107,17.945057,19.37386,19.08106,19.19584,18.918201,18.041996,17.812359,17.73731,17.479935,19.603281,19.335627,19.27942,19.043823,17.716354,17.245478,0.0,0.0,0.0,0.0,0.0,0.0,0.0,0.0
41187,2023.0,10.0,14.0,0.0,19.37735,19.1948,18.200184,17.918568,19.311657,19.02679,19.813227,20.141872,18.579107,18.85855,17.989248,17.98921,19.54501,19.281883,19.205761,18.975203,17.890982,17.685946,0.0,0.0,4.0,4.0,4.0,0.0,0.0,0.0
41188,2023.0,10.0,14.0,0.0,19.415516,19.306664,18.167318,17.887043,19.248552,18.96618,19.374714,19.222923,18.174395,17.969416,17.780075,17.537813,19.487238,19.225283,19.133835,18.904573,17.896553,17.691986,0.0,0.0,0.0,0.0,0.0,0.0,0.0,0.0
41189,2023.0,10.0,14.0,0.0,19.37922,19.278576,18.135382,17.856228,19.189024,18.908998,18.78276,18.168451,18.02387,17.797556,17.67332,17.420696,19.432735,19.171892,19.0663,18.83827,18.593916,19.033327,0.0,0.0,0.0,0.0,0.0,0.0,0.0,4.0
41190,2023.0,10.0,14.0,1.0,19.332882,19.234201,18.103966,17.825953,19.13262,18.85484,18.571552,17.925787,17.970207,17.745684,17.628819,17.377836,19.38128,19.121511,19.002556,18.77572,18.089224,17.914406,0.0,0.0,0.0,0.0,0.0,0.0,0.0,0.0
41191,2023.0,10.0,14.0,1.0,19.284508,19.186207,18.0718,17.793894,19.07767,18.800804,18.775335,18.449417,18.505018,18.795925,17.584486,17.333548,19.331436,19.071646,18.940985,18.714249,17.68263,17.234203,0.0,0.0,0.0,4.0,0.0,0.0,0.0,0.0
41192,2023.0,10.0,14.0,1.0,19.238144,19.141314,18.040606,17.763618,19.02629,18.751682,18.814903,18.54559,17.815168,17.343569,17.543427,17.293512,19.28493,19.026281,19.834316,20.447842,17.542868,17.085442,0.0,0.0,0.0,0.0,0.0,0.0,4.0,0.0
41193,2023.0,10.0,14.0,1.0,19.192266,19.096006,18.009161,17.73258,18.97621,18.702936,18.780897,18.520247,18.125896,18.11453,17.503017,17.253616,19.239765,18.981642,18.911388,18.485027,17.678392,17.445543,0.0,0.0,0.0,4.0,0.0,0.0,0.0,0.0
41194,2023.0,10.0,14.0,1.0,19.146202,19.04935,17.977049,17.70005,18.926802,18.653488,18.735098,18.475506,17.666868,17.153135,17.462679,17.212837,19.195301,18.936687,18.575254,18.067701,17.701374,17.49588,0.0,0.0,0.0,0.0,0.0,0.0,0.0,0.0
41195,2023.0,10.0,14.0,1.0,19.101604,19.004503,17.945364,17.668207,18.879116,18.606268,18.688156,18.429432,18.073544,18.092148,17.423471,17.173576,19.152735,18.89403,18.456636,17.953547,17.672455,17.468153,0.0,0.0,0.0,4.0,0.0,0.0,0.0,0.0
41196,2023.0,10.0,14.0,2.0,19.058586,18.962025,17.914371,17.637642,18.83324,18.561754,18.642311,18.385025,17.592224,17.079964,17.385553,17.136278,19.112125,18.85398,18.63013,18.40525,17.639503,17.435677,0.0,0.0,0.0,0.0,0.0,0.0,0.0,0.0
41197,2023.0,10.0,14.0,2.0,19.01251,18.9125,17.879509,17.599207,18.783607,18.508802,18.592398,18.331728,17.39295,16.875154,17.344751,17.092731,19.06981,18.809391,18.621843,18.395178,17.602716,17.396992,0.0,0.0,0.0,0.0,0.0,0.0,0.0,0.0
41198,2023.0,10.0,14.0,2.0,18.973047,18.875948,17.85066,17.572996,18.742397,18.471827,19.229362,19.567265,18.189869,18.489843,17.309587,17.060326,19.032888,18.77481,18.57881,18.354698,18.283348,18.708076,0.0,0.0,4.0,4.0,0.0,0.0,0.0,4.0
41199,2023.0,10.0,14.0,2.0,18.930065,18.83193,17.81811,17.539373,18.69754,18.426521,18.813128,18.665167,17.835804,17.642887,17.271399,17.021534,18.99388,18.735239,18.532383,18.3079,17.79107,17.619802,0.0,0.0,0.0,0.0,0.0,0.0,0.0,0.0
41200,2023.0,10.0,14.0,2.0,18.887993,18.788742,17.785597,17.50577,18.653471,18.381983,18.233864,17.620127,17.41076,16.919487,17.233522,16.98313,18.955544,18.696417,18.485207,18.260479,17.379986,16.928415,0.0,0.0,0.0,0.0,0.0,0.0,0.0,0.0
41201,2023.0,10.0,14.0,2.0,18.84437,18.741951,17.750654,17.467327,18.607374,18.332726,18.040003,17.398232,17.242826,16.721092,17.1938,16.941004,18.916325,18.655302,18.436665,18.210176,17.227943,16.756979,0.0,0.0,0.0,0.0,0.0,0.0,0.0,0.0
41202,2023.0,10.0,14.0,3.0,18.805117,18.703897,17.72048,17.438585,18.567211,18.294842,18.269878,17.960323,17.44422,17.221703,17.157839,16.906576,18.88049,18.620562,18.391438,18.166334,17.411184,17.21625,0.0,0.0,0.0,0.0,0.0,0.0,0.0,0.0
41203,2023.0,10.0,14.0,3.0,18.76506,18.6642,17.688934,17.40715,18.526173,18.254631,18.312044,18.046022,17.449343,17.22418,17.120935,16.870287,18.84451,18.58506,18.346102,18.121834,18.133665,18.57225,0.0,0.0,0.0,0.0,0.0,0.0,0.0,4.0
41204,2023.0,10.0,14.0,3.0,18.722504,18.619154,17.654871,17.37074,18.482647,18.209011,18.284494,18.02284,17.41212,17.184946,17.081596,16.829199,18.806843,18.545881,18.29877,18.07305,18.087496,18.28052,0.0,0.0,0.0,0.0,0.0,0.0,0.0,4.0
41205,2023.0,10.0,14.0,3.0,18.684017,18.58176,17.624056,17.340773,18.443335,18.171288,18.249903,17.989792,17.376873,17.150812,17.337465,17.339714,18.772043,18.512108,18.254719,18.03044,17.413269,16.988487,0.0,0.0,0.0,0.0,4.0,0.0,0.0,0.0
41206,2023.0,10.0,14.0,3.0,18.653778,18.560518,17.59092,17.306002,18.401567,18.128265,18.2108,17.949505,17.338245,17.111355,17.118101,16.864365,18.735563,18.474707,18.208736,17.983644,17.157997,16.68076,0.0,0.0,0.0,0.0,0.0,0.0,0.0,0.0
41207,2023.0,10.0,14.0,3.0,18.625225,18.539127,17.559618,17.274553,18.361952,18.089256,18.17252,17.911768,17.300709,17.07442,17.025507,16.772934,18.70069,18.440275,18.164654,17.94035,17.795715,17.984648,0.0,0.0,0.0,0.0,0.0,0.0,0.0,4.0
41208,2023.0,10.0,14.0,4.0,18.588346,18.501883,17.52878,17.243246,19.013908,19.348095,18.829697,19.179892,17.262447,17.036253,16.981194,16.729282,18.665571,18.405127,18.12033,17.896261,17.213972,16.753191,0.0,4.0,4.0,0.0,0.0,0.0,0.0,0.0
41209,2023.0,10.0,14.0,4.0,18.550415,18.462896,17.497118,17.211359,18.597786,18.442278,18.405155,18.253572,17.223766,16.997288,16.93714,16.684917,18.630474,18.369658,18.076149,17.85189,16.998394,16.51982,0.0,0.0,0.0,0.0,0.0,0.0,0.0,0.0
41210,2023.0,10.0,14.0,4.0,18.512281,18.423592,17.465055,17.178928,18.005072,17.364649,17.822212,17.198652,17.185043,16.958208,16.895098,16.642378,18.59579,18.334555,18.032673,17.808176,17.176167,16.971098,0.0,0.0,0.0,0.0,0.0,0.0,0.0,0.0
41211,2023.0,10.0,14.0,4.0,18.47454,18.385054,17.433151,17.146948,17.816847,17.157066,17.636879,16.996162,17.733067,18.021862,16.854305,16.601536,18.561518,18.300148,17.989716,17.765316,17.172005,16.963856,0.0,0.0,0.0,4.0,0.0,0.0,0.0,0.0
41212,2023.0,10.0,14.0,4.0,18.436924,18.3465,17.401186,17.114897,18.046375,17.715446,17.86136,17.544365,17.314053,17.103638,16.814064,16.561247,18.527145,18.265638,17.946548,17.722229,17.132229,16.923323,0.0,0.0,0.0,0.0,0.0,0.0,0.0,0.0
41213,2023.0,10.0,14.0,4.0,18.398218,18.305334,17.368069,17.080528,18.10393,17.823801,17.916391,17.648579,17.171772,16.942116,17.090237,17.114647,18.491755,18.229162,17.902151,17.676832,17.091278,16.881308,0.0,0.0,0.0,0.0,4.0,0.0,0.0,0.0
41214,2023.0,10.0,14.0,5.0,18.36174,18.26867,17.336843,17.049847,18.078505,17.801365,17.89013,17.625326,17.11879,16.890377,16.845568,16.590322,18.457886,18.195686,17.859467,17.634804,17.051134,16.84174,0.0,0.0,0.0,0.0,0.0,0.0,0.0,0.0
41215,2023.0,10.0,14.0,5.0,19.060234,19.613535,17.306734,17.021103,18.04671,17.771494,17.857826,17.594978,17.07035,16.84392,16.752274,16.499468,19.159012,19.55071,18.807312,19.456861,17.726072,18.14656,0.0,0.0,0.0,0.0,0.0,4.0,4.0,4.0
41216,2023.0,10.0,14.0,5.0,18.61403,18.63137,17.275936,16.99094,18.0119,17.737452,17.822403,17.560423,17.024954,16.799112,16.707575,16.45625,18.670626,18.484613,17.874668,17.455362,17.25424,17.10537,0.0,0.0,0.0,0.0,0.0,0.0,0.0,0.0
41217,2023.0,10.0,14.0,5.0,18.022604,17.564402,17.244022,16.95869,17.975357,17.70012,17.78503,17.522436,17.566755,17.8556,16.662254,16.41037,18.178715,17.616013,17.541136,17.035227,16.808416,16.3477,0.0,0.0,0.0,4.0,0.0,0.0,0.0,0.0
41218,2023.0,10.0,14.0,5.0,18.52561,18.639837,17.213182,16.928648,17.93943,17.664803,17.74847,17.486576,17.154087,16.953798,16.912582,16.914751,18.022478,17.43888,17.432787,16.932869,16.658337,16.186787,0.0,0.0,0.0,0.0,4.0,0.0,0.0,0.0
41219,2023.0,10.0,14.0,5.0,18.047935,17.676111,17.182518,16.898798,17.902893,17.62917,17.711632,17.450588,17.279919,17.261292,16.71068,16.478111,18.241081,17.968458,17.5884,17.339361,17.514389,17.908312,0.0,0.0,0.0,4.0,0.0,0.0,0.0,4.0
41220,2023.0,10.0,14.0,6.0,18.476133,18.59493,17.151377,16.867683,17.865051,17.591492,17.673935,17.412828,16.806383,16.334045,16.59515,16.344105,18.26778,18.008978,17.60811,17.38519,17.553291,17.758364,0.0,0.0,0.0,0.0,0.0,0.0,0.0,4.0
41221,2023.0,10.0,14.0,6.0,21.301044,23.485275,17.530052,17.60351,21.277061,23.660957,21.266687,23.795319,16.58352,16.065454,16.834354,16.83114,21.275856,23.202116,21.473078,24.00208,20.396973,22.586601,4.0,0.0,0.0,0.0,4.0,0.0,4.0,4.0
41222,2023.0,10.0,14.0,6.0,21.09862,22.760433,20.289482,22.341122,21.105663,22.929138,21.009855,22.883947,16.758266,16.536634,20.454111,22.88243,21.07774,22.646297,21.030514,22.906939,20.664785,22.687843,0.0,4.0,0.0,0.0,0.0,0.0,0.0,4.0
41223,2023.0,10.0,14.0,6.0,21.076681,22.541704,18.966612,19.377441,21.039827,22.566975,21.063314,22.741304,17.386797,17.678099,18.370558,18.554535,21.024103,22.327877,21.079313,22.748936,20.019548,21.365364,4.0,4.0,0.0,4.0,0.0,4.0,0.0,4.0
41224,2023.0,10.0,14.0,6.0,21.03794,22.3146,20.247019,21.919844,21.052967,22.406008,21.055223,22.560251,20.325693,22.642817,17.534842,17.555817,21.041151,22.199429,21.070726,22.553408,20.041183,21.285486,0.0,4.0,0.0,4.0,4.0,4.0,0.0,4.0
41225,2023.0,10.0,14.0,6.0,21.069815,22.310722,18.747007,18.780203,21.074493,22.34094,21.055016,22.445942,20.131083,21.918045,20.399477,22.44886,21.06683,22.155386,21.052996,22.425123,21.243473,23.333967,0.0,0.0,0.0,0.0,0.0,0.0,0.0,0.0
41226,2023.0,10.0,14.0,7.0,21.035784,22.155342,18.316608,18.424288,21.043095,22.162153,21.053358,22.360273,18.612514,18.71161,18.800955,19.140171,21.030945,21.97523,21.053913,22.357866,19.087982,18.79076,4.0,4.0,0.0,4.0,4.0,4.0,0.0,0.0
41227,2023.0,10.0,14.0,7.0,21.068024,22.194557,20.252455,21.784924,21.047361,22.104666,21.052727,22.29875,20.33842,21.98254,20.281553,22.07515,21.03501,21.924631,21.013702,22.19973,18.763334,19.016363,4.0,4.0,0.0,4.0,0.0,4.0,4.0,4.0
41228,2023.0,10.0,14.0,7.0,21.033913,22.067348,20.041824,21.190596,21.045734,22.053823,21.0517,22.251575,20.043386,21.338606,18.612373,18.637896,21.03348,21.878912,21.037302,22.18527,20.167137,21.442677,0.0,4.0,0.0,0.0,0.0,4.0,4.0,4.0
41229,2023.0,10.0,14.0,7.0,21.039305,22.053555,18.470192,18.054293,21.045,22.01653,21.051094,22.21589,18.316862,17.902687,18.02175,18.066109,21.062956,21.923452,21.033655,22.137512,20.052502,21.165482,0.0,4.0,0.0,0.0,4.0,0.0,4.0,0.0
41230,2023.0,10.0,14.0,7.0,21.038382,22.035234,17.900204,17.547714,21.044315,21.987623,21.050497,22.18842,18.163855,18.22684,20.351513,22.078705,21.02709,21.799305,21.073402,22.21378,18.44117,18.00845,0.0,4.0,0.0,4.0,0.0,4.0,0.0,0.0
41231,2023.0,10.0,14.0,7.0,21.065426,22.0963,18.215826,18.244019,21.069332,22.035456,21.049976,22.166677,20.345198,21.940147,18.66868,18.707457,21.062162,21.868256,21.06487,22.162762,17.644936,17.097343,4.0,0.0,0.0,0.0,0.0,0.0,0.0,0.0
41232,2023.0,10.0,14.0,8.0,21.172388,22.292053,20.212566,21.784859,21.170198,22.213432,21.198332,22.447897,18.36366,17.983133,18.084328,18.138802,21.132769,21.9851,21.261597,22.49985,17.374853,16.836128,4.0,0.0,0.0,0.0,4.0,0.0,4.0,0.0
41233,2023.0,10.0,14.0,8.0,19.645315,19.336853,20.046715,21.24043,19.57945,19.13476,19.81719,19.768703,17.429184,16.877172,20.345444,22.03689,19.672052,19.151615,19.438744,19.003094,17.465406,17.223558,0.0,0.0,0.0,0.0,0.0,0.0,0.0,0.0
41234,2023.0,10.0,14.0,8.0,19.909214,20.37225,18.50104,18.136154,19.053913,18.706223,19.07156,18.815306,17.457603,17.19562,18.341726,18.021852,19.33338,19.033918,18.646084,18.100191,17.450363,17.246593,0.0,0.0,0.0,0.0,0.0,0.0,0.0,0.0
41235,2023.0,10.0,14.0,8.0,19.097645,18.774052,18.10932,17.748045,18.937227,18.633627,18.838762,18.552284,17.439972,17.223753,17.508947,16.862942,19.26892,19.011644,18.396223,17.852785,17.371477,17.1754,0.0,0.0,0.0,0.0,0.0,0.0,0.0,0.0
41236,2023.0,10.0,14.0,8.0,18.648485,18.153973,18.48918,18.588827,18.799055,18.505033,18.6765,18.39416,17.35504,17.14687,17.58911,17.27884,19.156868,18.90698,18.49826,18.258451,17.291359,17.100622,4.0,0.0,0.0,0.0,0.0,0.0,0.0,0.0
41237,2023.0,10.0,14.0,8.0,19.101496,19.18286,20.20281,21.687033,19.341965,19.638504,18.546421,18.277197,17.280434,17.08089,17.553041,17.306215,19.062319,18.822166,18.446772,18.245283,17.223787,17.040962,0.0,4.0,0.0,0.0,0.0,0.0,0.0,0.0
41238,2023.0,10.0,14.0,9.0,18.617306,18.235321,19.239178,19.597715,18.970364,18.857698,18.409779,18.151876,17.200657,17.009668,17.440203,17.2134,18.962967,18.731699,18.33285,18.137081,17.152866,16.97689,4.0,0.0,0.0,0.0,0.0,0.0,0.0,0.0
41239,2023.0,10.0,14.0,9.0,18.339342,17.891548,20.179945,21.387442,18.333437,17.757076,18.308523,18.057158,17.14232,16.955975,17.350029,17.129524,18.891771,18.665049,18.243109,18.051544,17.098778,16.927422,0.0,0.0,0.0,0.0,0.0,0.0,0.0,0.0
41240,2023.0,10.0,14.0,9.0,18.196497,17.779575,18.683737,18.387318,18.029308,17.433748,18.203865,17.964184,17.082666,16.904127,17.259241,17.050722,18.818918,18.600216,18.149342,17.965506,17.044008,16.879139,0.0,0.0,0.0,0.0,0.0,0.0,0.0,0.0
41241,2023.0,10.0,14.0,9.0,18.364609,18.232985,18.68599,18.729181,18.177252,17.867643,18.818916,19.197025,17.038256,16.86446,17.575752,17.70735,18.765078,18.550861,18.076916,17.896914,17.001379,16.840895,4.0,0.0,4.0,0.0,4.0,0.0,0.0,0.0
41242,2023.0,10.0,14.0,9.0,18.386827,18.32307,20.312317,21.73679,18.199364,17.955404,18.392786,18.316385,16.998766,16.83135,20.270893,22.363827,18.717506,18.509935,18.01196,17.838669,16.963837,16.809275,0.0,0.0,0.0,0.0,0.0,0.0,0.0,0.0
41243,2023.0,10.0,14.0,9.0,19.068,19.65697,19.020914,19.094637,18.144943,17.917479,17.784946,17.320002,16.959003,16.798395,18.62683,18.809988,18.669712,18.469,17.94522,17.778368,16.925634,16.77705,0.0,0.0,0.0,0.0,0.0,0.0,0.0,0.0
41244,2023.0,10.0,14.0,10.0,19.25695,19.885397,18.905476,19.09909,18.088062,17.866627,17.585155,17.081451,16.929045,16.772633,17.87073,17.65114,18.633411,18.436543,17.891607,17.727386,16.89469,16.74992,4.0,0.0,0.0,0.0,0.0,0.0,0.0,0.0
41245,2023.0,10.0,14.0,10.0,19.020924,19.365536,20.200514,21.41505,18.7245,19.116709,17.730648,17.474499,16.905369,16.756428,18.103376,18.23247,18.604355,18.415537,17.846855,17.690884,16.868814,16.731043,0.0,4.0,0.0,0.0,4.0,0.0,0.0,0.0
41246,2023.0,10.0,14.0,10.0,18.334105,18.14249,18.76993,18.53178,18.401653,18.350021,17.780245,17.583097,16.88177,16.739672,20.30649,21.954088,19.295004,19.752535,17.800444,17.651241,16.84193,16.71027,0.0,0.0,0.0,0.0,0.0,4.0,0.0,0.0
41247,2023.0,10.0,14.0,10.0,17.996845,17.719275,18.198425,17.959978,17.837961,17.424503,18.431513,18.849005,16.85747,16.718254,18.827433,18.963669,18.913681,18.814598,17.756437,17.611633,16.817606,16.691723,0.0,0.0,4.0,0.0,0.0,0.0,0.0,0.0
41248,2023.0,10.0,14.0,10.0,17.891403,17.61314,18.104658,17.89094,17.654634,17.201948,18.031416,17.977947,16.838228,16.701696,18.16064,17.960436,18.487392,18.075623,17.720802,17.578875,16.79635,16.672617,0.0,0.0,0.0,0.0,0.0,0.0,0.0,0.0
41249,2023.0,10.0,14.0,10.0,17.82445,17.561817,18.002079,17.794966,17.798382,17.580345,17.55871,17.150375,16.820831,16.687414,17.973547,17.76284,18.357212,17.929344,17.687569,17.548944,16.777142,16.656233,0.0,0.0,0.0,0.0,0.0,0.0,0.0,0.0
41250,2023.0,10.0,14.0,11.0,17.997244,17.979458,18.38093,18.592394,17.819748,17.647137,17.42766,17.020987,16.805603,16.67559,17.847057,17.645525,18.5169,18.319004,17.657656,17.522982,16.760214,16.642574,4.0,0.0,0.0,0.0,0.0,0.0,0.0,0.0
41251,2023.0,10.0,14.0,11.0,18.018826,18.03564,20.2311,21.835129,17.79275,17.631924,18.183744,18.541569,16.79072,16.663036,17.744425,17.550196,18.54564,18.37638,17.628954,17.497417,16.743376,16.628086,0.0,0.0,4.0,0.0,0.0,0.0,0.0,0.0
41252,2023.0,10.0,14.0,11.0,18.722202,19.386524,18.950714,19.135496,17.754896,17.601326,17.774664,17.548828,16.775497,16.649885,17.644506,17.459656,18.530813,18.367762,17.598158,17.469103,16.725674,16.61232,0.0,0.0,0.0,0.0,0.0,0.0,0.0,0.0
41253,2023.0,10.0,14.0,11.0,18.27053,18.386787,18.7593,18.991922,17.720314,17.572042,17.477373,17.112715,16.76372,16.639742,17.573961,17.392752,18.513649,18.353798,17.571468,17.443941,16.710722,16.598824,4.0,0.0,0.0,0.0,0.0,0.0,0.0,0.0
41254,2023.0,10.0,14.0,11.0,17.86797,17.698542,20.197912,21.583284,17.687128,17.545485,17.377562,17.02038,16.753496,16.631798,17.511469,17.336683,18.497074,18.34073,17.5466,17.42176,16.696579,16.586826,0.0,0.0,0.0,0.0,0.0,0.0,0.0,0.0
41255,2023.0,10.0,14.0,11.0,17.710806,17.527609,18.78294,18.693094,17.651606,17.516209,17.463406,17.281488,16.74296,16.623615,17.449093,17.282026,18.479666,18.32668,17.520306,17.398006,16.681196,16.57352,0.0,0.0,0.0,0.0,0.0,0.0,0.0,0.0
41256,2023.0,10.0,14.0,12.0,17.855734,17.88619,18.101461,17.667618,17.61902,17.487335,17.492905,17.36438,16.733555,16.615992,17.40134,17.236507,18.464426,18.313705,17.496252,17.375008,16.666704,16.560225,0.0,0.0,0.0,0.0,0.0,0.0,0.0,0.0
41257,2023.0,10.0,14.0,12.0,21.284946,23.945534,18.094763,17.870874,21.28602,23.980734,21.290228,24.087154,16.723345,16.607185,17.359812,17.20134,21.253983,23.19384,21.431995,24.20176,16.652344,16.547155,0.0,4.0,4.0,0.0,0.0,0.0,0.0,0.0
41258,2023.0,10.0,14.0,12.0,21.022156,23.053186,18.50729,18.754457,21.007105,23.051043,20.985271,23.076378,16.712515,16.597065,17.312256,17.15646,21.013044,22.54243,20.998665,23.088596,16.638132,16.533518,4.0,0.0,4.0,0.0,0.0,0.0,0.0,0.0
41259,2023.0,10.0,14.0,12.0,21.157793,23.07752,20.22128,21.748865,21.158663,23.073996,21.160841,23.164543,16.704733,16.590769,17.270874,17.118616,21.129572,22.582085,21.183653,23.195366,16.628437,16.525488,0.0,0.0,0.0,0.0,0.0,0.0,0.0,0.0
41260,2023.0,10.0,14.0,12.0,21.062344,22.72029,18.981127,19.164772,21.065956,22.700289,21.068518,22.789263,16.699648,16.587204,17.236023,17.087257,21.040825,22.264727,21.053898,22.750507,16.621674,16.520359,0.0,0.0,0.0,0.0,0.0,0.0,0.0,0.0
41261,2023.0,10.0,14.0,12.0,21.045483,22.599586,18.191313,18.064322,21.022253,22.492918,21.064276,22.65025,16.695444,16.584736,17.203875,17.057053,21.036757,22.157965,21.008715,22.505545,16.616297,16.516804,0.0,4.0,0.0,0.0,0.0,0.0,4.0,0.0
41262,2023.0,10.0,14.0,13.0,21.021782,22.469137,18.485018,18.772724,21.071768,22.514654,21.052372,22.559032,16.691275,16.582542,17.175705,17.03274,21.007471,22.008862,21.071955,22.551758,16.611372,16.51394,4.0,0.0,0.0,0.0,0.0,4.0,0.0,0.0
41263,2023.0,10.0,14.0,13.0,21.16802,22.71379,20.229673,21.81435,21.163248,22.623703,21.184164,22.769453,16.684982,16.576591,17.147226,17.005936,21.133755,22.21038,21.189617,22.70305,16.604483,16.507572,0.0,0.0,0.0,0.0,0.0,0.0,0.0,0.0
41264,2023.0,10.0,14.0,13.0,21.031,22.36504,18.7344,18.709429,21.061192,22.359505,21.052702,22.462563,16.677486,16.569305,17.120256,16.9802,21.01581,21.896921,21.058863,22.372871,16.595844,16.499287,0.0,0.0,0.0,0.0,0.0,4.0,0.0,0.0
41265,2023.0,10.0,14.0,13.0,21.063513,22.414593,17.846712,17.497099,21.020613,22.242188,21.051582,22.429432,16.668442,16.560537,17.09269,16.953089,21.051191,21.950949,21.046345,22.321156,16.585922,16.489742,0.0,4.0,0.0,0.0,0.0,0.0,0.0,0.0
41266,2023.0,10.0,14.0,13.0,21.030048,22.295172,17.805798,17.620825,21.066748,22.315947,21.051554,22.403894,17.46411,18.074705,17.065912,16.9284,21.044434,21.903265,21.048182,22.300863,16.575264,16.480034,0.0,0.0,0.0,4.0,0.0,0.0,0.0,0.0
41267,2023.0,10.0,14.0,13.0,21.06182,22.357117,17.773218,17.634485,21.058397,22.266775,21.051182,22.382118,20.293283,22.79614,17.038246,16.902588,21.014532,21.797968,21.047724,22.280645,16.563433,16.46929,0.0,0.0,0.0,0.0,0.0,4.0,0.0,0.0
41268,2023.0,10.0,14.0,14.0,21.054949,22.318892,17.693893,17.563417,21.058598,22.239588,21.050728,22.363413,18.167822,18.241537,17.00982,16.875826,21.019123,21.794971,21.047592,22.264482,16.550377,16.457323,0.0,0.0,0.0,0.0,0.0,4.0,0.0,0.0
41269,2023.0,10.0,14.0,14.0,19.719326,19.735838,17.61383,17.48509,19.900724,20.016777,19.78842,19.924133,17.83674,18.206228,16.981087,16.84888,20.552689,20.89062,19.800562,19.851564,16.536543,16.444923,0.0,0.0,0.0,4.0,0.0,4.0,0.0,0.0
41270,2023.0,10.0,14.0,14.0,19.339277,19.345007,17.993881,18.247623,19.323544,19.196585,19.177752,19.068062,20.303782,22.49764,16.95397,16.823135,19.682415,19.338408,19.26405,19.117487,16.522118,16.431646,4.0,0.0,0.0,0.0,0.0,0.0,0.0,0.0
41271,2023.0,10.0,14.0,14.0,19.838078,20.47599,20.249575,22.13908,19.028038,18.884932,18.873228,18.750359,18.357096,18.398483,16.923426,16.79411,20.010252,20.265371,18.981508,18.831337,16.503965,16.414827,0.0,0.0,0.0,0.0,0.0,4.0,0.0,0.0
41272,2023.0,10.0,14.0,14.0,19.148966,19.09707,19.154587,19.705738,19.469591,19.897032,18.649904,18.5249,18.067272,18.416067,16.89497,16.768118,19.445498,19.118061,18.767515,18.620028,16.48277,16.394897,4.0,4.0,0.0,4.0,0.0,0.0,0.0,0.0
41273,2023.0,10.0,14.0,14.0,18.748867,18.55442,20.21003,21.658098,19.594227,20.10156,18.500751,18.372427,20.27501,22.279058,16.869814,16.744806,19.153458,18.764809,18.619614,18.474297,16.460657,16.374008,0.0,4.0,0.0,0.0,0.0,0.0,0.0,0.0
41274,2023.0,10.0,14.0,15.0,19.220947,19.621662,18.769497,18.740374,19.33808,19.622849,18.352293,18.228489,18.438974,18.454124,16.84351,16.722078,19.009846,18.634844,18.471342,18.333355,17.37925,18.130638,0.0,4.0,0.0,0.0,0.0,0.0,0.0,4.0
41275,2023.0,10.0,14.0,15.0,18.731514,18.672607,18.274502,18.096577,19.220556,19.468632,18.240534,18.114525,17.714434,17.415728,16.81697,16.6972,19.847326,20.345688,18.356234,18.220564,20.332443,23.1232,0.0,4.0,0.0,0.0,0.0,4.0,0.0,0.0
41276,2023.0,10.0,14.0,15.0,19.034767,19.454071,18.107859,17.96812,19.149292,19.398123,18.801193,19.267092,17.585432,17.42718,16.78492,16.667109,19.263784,19.023853,18.237062,18.106998,17.97985,18.092043,0.0,4.0,4.0,0.0,0.0,0.0,0.0,0.0
41277,2023.0,10.0,14.0,15.0,19.1397,19.595552,17.975895,17.831923,19.098139,19.34498,18.358292,18.34938,17.486048,17.34971,16.751633,16.634432,18.920992,18.54939,18.140059,18.010855,17.167158,16.914742,0.0,4.0,0.0,0.0,0.0,0.0,0.0,0.0
41278,2023.0,10.0,14.0,15.0,18.527136,18.452003,18.306345,18.547014,19.052174,19.299643,18.553225,18.80594,18.104044,18.621939,17.099905,17.318663,18.78957,18.419127,19.100954,19.90978,17.08178,16.953142,4.0,4.0,4.0,4.0,4.0,0.0,4.0,0.0
41279,2023.0,10.0,14.0,15.0,18.236004,18.044044,20.22443,21.897936,19.009954,19.256968,18.61241,18.893036,20.609613,23.023867,20.257404,22.753601,19.6588,20.18617,18.244286,18.086246,16.983894,16.875267,4.0,4.0,4.0,0.0,0.0,4.0,0.0,0.0
41280,2023.0,10.0,14.0,16.0,18.786936,19.200548,20.016613,21.278233,18.965805,19.212414,18.025143,17.8106,18.37664,18.374187,18.44712,18.790495,19.066662,18.8218,18.758492,19.36856,16.868996,16.765656,4.0,4.0,0.0,0.0,0.0,0.0,4.0,0.0
41281,2023.0,10.0,14.0,16.0,18.9744,19.419638,20.043358,21.200851,18.289986,17.980972,17.651237,17.309298,17.40279,17.113625,17.35193,17.258171,19.416828,19.750109,19.045624,19.66273,16.765032,16.663206,4.0,0.0,0.0,0.0,0.0,4.0,4.0,0.0
41282,2023.0,10.0,14.0,16.0,18.349699,18.24802,20.057034,21.154463,18.603716,18.791916,17.509327,17.159613,17.304167,17.159061,17.131685,17.010069,18.867643,18.572433,18.1495,17.935295,16.67621,16.578617,0.0,4.0,0.0,0.0,0.0,0.0,0.0,0.0
41283,2023.0,10.0,14.0,16.0,18.693193,19.093878,18.78695,18.654472,18.761766,19.004276,17.575958,17.392662,17.955633,18.476315,17.014729,16.893139,19.28419,19.588263,17.726616,17.444988,16.596775,16.502937,0.0,4.0,0.0,4.0,0.0,4.0,0.0,0.0
41284,2023.0,10.0,14.0,16.0,18.81496,19.251078,18.536797,18.43665,18.753248,18.994896,18.279985,18.746836,20.272581,22.419664,16.938536,16.817701,18.726326,18.441738,17.585814,17.294844,16.533236,16.441502,4.0,4.0,4.0,4.0,0.0,0.0,0.0,0.0
41285,2023.0,10.0,14.0,16.0,18.841324,19.280277,20.194204,21.492647,18.146408,17.880262,17.77017,17.577707,20.04144,21.72374,17.258488,17.49397,18.400963,18.045656,17.471375,17.183168,16.467934,16.379776,4.0,0.0,0.0,0.0,4.0,0.0,0.0,0.0
41286,2023.0,10.0,14.0,17.0,18.853798,19.287695,20.018875,21.03637,18.423485,18.60071,18.009995,18.240301,18.310343,18.22069,20.381332,22.730171,18.29174,17.93215,17.524448,17.392752,16.405655,16.320065,4.0,4.0,4.0,0.0,4.0,0.0,0.0,0.0
41287,2023.0,10.0,14.0,17.0,18.229555,18.115423,20.041286,21.010317,18.583256,18.809507,17.587774,17.335085,17.415367,17.095549,20.03155,21.83086,19.212055,19.7759,17.515541,17.405771,16.344658,16.258532,4.0,4.0,0.0,0.0,0.0,4.0,0.0,0.0
41288,2023.0,10.0,14.0,17.0,18.56953,18.95343,20.056112,21.004501,18.568897,18.783247,17.246597,16.874372,17.316427,17.1594,18.22973,18.145414,19.28161,19.60841,17.452524,17.339397,16.282673,16.19157,0.0,4.0,0.0,0.0,0.0,4.0,0.0,0.0
41289,2023.0,10.0,14.0,17.0,18.724968,19.123077,19.14046,19.187992,18.543259,18.743889,17.734623,17.887104,17.23119,17.101227,17.449322,17.29339,18.51206,18.178015,18.383068,19.146448,16.221518,16.125767,4.0,4.0,4.0,0.0,0.0,0.0,4.0,0.0
41290,2023.0,10.0,14.0,17.0,18.720045,19.103159,20.155384,21.159472,17.921824,17.596863,17.92274,18.147152,17.125343,16.997242,17.307747,17.156748,19.006542,19.277767,17.526106,17.305635,16.169283,16.068876,4.0,0.0,4.0,0.0,0.0,4.0,0.0,0.0
41291,2023.0,10.0,14.0,17.0,18.073187,17.892775,20.023623,20.86252,17.55075,17.107033,17.960732,18.171797,17.007269,16.880705,17.555035,17.760477,18.45787,18.08532,17.081875,16.769112,16.113386,16.00856,4.0,0.0,4.0,0.0,4.0,0.0,0.0,0.0
41292,2023.0,10.0,14.0,18.0,18.421602,18.752115,20.04161,20.873087,17.394129,16.933804,17.380247,17.069874,16.89872,16.774197,20.328276,22.451916,18.129433,17.711418,16.954582,16.630032,16.06042,15.952075,4.0,0.0,0.0,0.0,0.0,0.0,0.0,0.0
41293,2023.0,10.0,14.0,18.0,21.317204,23.734146,20.056974,20.896706,21.454105,23.965538,21.432077,24.165937,17.527744,18.042946,18.520641,18.735844,21.356173,23.426594,22.802122,26.546343,16.007328,15.894161,0.0,4.0,0.0,4.0,0.0,4.0,4.0,0.0
41294,2023.0,10.0,14.0,18.0,21.029415,22.86541,19.151491,19.120075,21.001617,22.870121,21.021795,23.126198,20.311735,22.730898,17.489618,17.35672,21.011255,22.56387,21.193043,23.554459,15.959331,15.84272,4.0,4.0,0.0,4.0,0.0,4.0,4.0,0.0
41295,2023.0,10.0,14.0,18.0,21.176311,22.96095,20.18654,21.275478,21.179237,22.981926,21.200607,23.229174,20.045399,21.900923,17.224482,17.060658,21.1382,22.640741,21.213076,23.320267,16.861849,17.578695,0.0,4.0,4.0,0.0,0.0,0.0,4.0,4.0
41296,2023.0,10.0,14.0,18.0,21.02332,22.530897,18.804157,18.51133,21.075537,22.628344,21.08363,22.819391,18.648643,18.956165,17.057268,16.89669,21.03233,22.264433,21.081877,22.898346,20.331326,23.35069,0.0,0.0,0.0,4.0,0.0,4.0,0.0,0.0
41297,2023.0,10.0,14.0,18.0,21.074102,22.550278,18.253248,17.97759,21.045929,22.43159,21.075434,22.667454,20.34998,22.194912,16.916348,16.747622,21.066076,22.252832,21.074633,22.745588,17.632252,17.604454,0.0,4.0,0.0,0.0,0.0,0.0,0.0,0.0
41298,2023.0,10.0,14.0,19.0,21.037983,22.380592,18.562151,18.690804,21.05018,22.357828,21.075134,22.566362,18.835152,19.10928,16.790941,16.618662,21.03001,22.083916,21.07372,22.639408,17.290668,17.732384,4.0,4.0,0.0,4.0,0.0,4.0,0.0,4.0
41299,2023.0,10.0,14.0,19.0,21.196037,22.642689,20.190487,21.548431,21.188375,22.573662,21.178661,22.734512,20.339663,22.0515,16.67578,16.496386,21.132565,22.25518,21.185665,22.784441,20.351097,22.96764,4.0,4.0,0.0,0.0,0.0,0.0,0.0,4.0
41300,2023.0,10.0,14.0,19.0,21.068785,22.36191,20.043585,21.115355,21.047876,22.241903,21.03204,22.38399,18.327394,18.073967,16.574484,16.391314,21.028486,21.97953,21.056362,22.493233,20.047262,22.08951,0.0,4.0,4.0,0.0,0.0,4.0,0.0,0.0
41301,2023.0,10.0,14.0,19.0,21.063396,22.313417,18.616434,18.282492,21.072983,22.27487,21.061483,22.439571,18.047665,18.212904,16.487562,16.30327,21.033659,21.961016,21.058167,22.471142,17.861616,17.66822,0.0,0.0,0.0,4.0,0.0,4.0,0.0,0.0
41302,2023.0,10.0,14.0,19.0,21.03674,22.208258,18.134565,17.848497,21.042149,22.15733,21.074476,22.403147,20.358782,22.163092,16.762487,16.883213,21.033184,21.937922,21.018505,22.343416,16.817228,16.401833,4.0,4.0,0.0,0.0,4.0,4.0,4.0,0.0
41303,2023.0,10.0,14.0,19.0,21.203218,22.520483,20.383522,21.822102,21.195803,22.438814,21.179035,22.545753,18.821299,19.023628,20.456116,23.043732,21.161324,22.17571,21.196154,22.684862,17.479736,17.918259,0.0,4.0,4.0,4.0,4.0,4.0,0.0,4.0
41304,2023.0,10.0,14.0,20.0,21.06778,22.247793,18.580242,18.23542,21.071672,22.184666,21.05157,22.253702,21.548277,23.967705,20.035223,21.992071,21.032637,21.898443,21.030666,22.286833,21.56267,24.736542,0.0,0.0,4.0,0.0,0.0,4.0,4.0,4.0
41305,2023.0,10.0,14.0,20.0,21.035105,22.141731,18.35058,18.380627,21.066656,22.150988,21.076105,22.29595,19.07773,18.909138,18.219355,18.216103,21.03294,21.88595,21.078863,22.3886,20.014683,21.787382,4.0,0.0,0.0,0.0,4.0,4.0,0.0,0.0
41306,2023.0,10.0,14.0,20.0,21.367022,22.811913,20.353662,21.976894,21.361088,22.717712,21.34293,22.80059,17.607922,17.068924,20.404518,22.349949,21.163609,22.1352,21.395674,22.996466,18.667757,19.008684,0.0,0.0,0.0,0.0,0.0,4.0,0.0,4.0
41307,2023.0,10.0,14.0,20.0,21.061275,22.175783,18.903936,18.95626,21.04613,22.099434,21.069849,22.219843,18.291348,18.732866,18.199316,17.943722,21.03258,21.858154,21.069609,22.311472,20.355396,22.269405,0.0,0.0,0.0,4.0,0.0,4.0,0.0,0.0
41308,2023.0,10.0,14.0,20.0,21.03578,22.092432,18.526743,18.648245,21.024225,22.047731,21.050375,22.199413,20.224083,21.928997,17.30241,17.045198,21.063139,21.927818,21.053898,22.295292,18.80989,19.140871,4.0,4.0,0.0,4.0,0.0,0.0,0.0,4.0
41309,2023.0,10.0,14.0,20.0,21.172562,22.379765,20.22724,21.682716,21.25806,22.527704,21.195362,22.497438,20.026382,21.375532,17.142776,16.908018,21.13224,22.047354,21.31952,22.805807,20.298113,22.065138,0.0,4.0,0.0,4.0,0.0,0.0,4.0,4.0
41310,2023.0,10.0,14.0,21.0,21.061724,22.143158,18.819302,18.726524,21.07375,22.140553,21.052073,22.209925,20.07906,21.393068,16.963598,16.729908,21.027838,21.801348,21.07935,22.322649,20.05583,21.577229,4.0,0.0,0.0,0.0,0.0,4.0,0.0,0.0
41311,2023.0,10.0,14.0,21.0,21.016512,22.059666,20.226171,21.614616,21.066385,22.098913,21.052462,22.211796,18.306461,17.904152,17.173256,17.260592,21.033009,21.807184,21.030033,22.177132,18.121172,17.776157,0.0,0.0,0.0,0.0,4.0,4.0,4.0,0.0
41312,2023.0,10.0,14.0,21.0,21.0434,22.09775,18.516657,18.112072,21.066826,22.076647,21.052631,22.21119,17.370296,16.79359,20.42321,22.733294,21.062853,21.881409,21.038418,22.18516,18.083391,18.399973,0.0,0.0,0.0,0.0,0.0,0.0,4.0,4.0
41313,2023.0,10.0,14.0,21.0,21.067556,22.15806,17.885899,17.531523,21.046074,22.056993,21.052242,22.206865,17.366102,17.103235,18.651762,19.060526,21.057678,21.857992,21.037418,22.177696,20.35486,22.265802,0.0,0.0,0.0,0.0,4.0,0.0,4.0,0.0
41314,2023.0,10.0,14.0,21.0,21.062351,22.134796,17.81014,17.488504,21.04862,22.073193,21.026752,22.13109,17.305868,17.084747,20.29551,22.322535,21.057981,21.846342,21.037518,22.172596,18.789343,19.072054,0.0,0.0,4.0,0.0,0.0,0.0,4.0,4.0
41315,2023.0,10.0,14.0,21.0,21.062765,22.123442,18.086855,18.116333,21.048319,22.078642,21.031853,22.141449,17.153109,16.931316,18.47416,18.571896,21.039682,21.835503,21.077248,22.27315,20.30246,22.042788,4.0,0.0,4.0,0.0,0.0,0.0,0.0,4.0
41316,2023.0,10.0,14.0,22.0,21.043339,22.113087,20.224537,21.893677,21.048393,22.08163,21.077429,22.210262,17.010405,16.787525,17.765696,17.835508,21.041971,21.855227,21.069197,22.240458,20.019634,21.441206,4.0,0.0,0.0,0.0,4.0,0.0,0.0,4.0
41317,2023.0,10.0,14.0,22.0,21.046003,22.135473,20.047668,21.299612,21.048409,22.0824,21.06937,22.159157,16.884071,16.660507,20.377369,22.343458,21.0419,21.86448,21.06976,22.224745,21.218113,23.41574,0.0,0.0,0.0,0.0,0.0,0.0,0.0,4.0
41318,2023.0,10.0,14.0,22.0,21.045942,22.146643,18.402534,17.984024,21.048388,22.081491,21.069519,22.129997,16.773647,16.550861,18.100756,17.781887,21.011892,21.791729,21.069412,22.209547,19.890797,20.870678,0.0,0.0,0.0,0.0,0.0,4.0,0.0,0.0
41319,2023.0,10.0,14.0,22.0,21.046247,22.15444,18.205034,18.18807,21.048439,22.079721,21.048256,22.107014,17.258545,17.549145,16.863789,16.220882,21.035666,21.814356,21.052044,22.197517,18.247828,17.797853,4.0,0.0,0.0,4.0,0.0,4.0,0.0,0.0
41320,2023.0,10.0,14.0,22.0,21.046503,22.158195,20.222095,21.778969,21.048435,22.077242,21.051254,22.124441,20.419495,22.814186,16.868248,16.558292,21.06339,21.872484,21.054277,22.214788,17.383888,16.81079,0.0,0.0,0.0,0.0,0.0,0.0,0.0,0.0
41321,2023.0,10.0,14.0,22.0,21.045843,22.157164,18.820332,18.849337,21.04846,22.074657,21.051208,22.132767,18.239292,18.32354,16.844475,16.587982,21.058327,21.841196,21.054195,22.22233,17.03507,16.469173,0.0,0.0,0.0,0.0,0.0,0.0,0.0,0.0
41322,2023.0,10.0,14.0,23.0,21.045973,22.156176,17.934122,17.617296,21.048073,22.071146,21.051273,22.138885,17.174002,16.947517,16.692846,16.427721,21.058033,21.82301,21.012892,22.118053,17.10051,16.867956,0.0,0.0,0.0,0.0,0.0,0.0,4.0,0.0
41323,2023.0,10.0,14.0,23.0,19.900919,19.958052,17.71474,17.380291,19.861351,19.791632,19.796854,19.73734,16.946392,16.715965,16.561745,16.302355,20.00654,19.823053,19.271645,18.797855,17.024832,16.814255,0.0,0.0,0.0,0.0,0.0,0.0,0.0,0.0
41324,2023.0,10.0,14.0,23.0,19.327215,19.14196,17.581928,17.231995,19.213148,18.83697,19.12348,18.761347,16.813105,16.570374,16.766699,16.774857,19.57366,19.262838,18.563606,17.901121,16.889124,16.666561,0.0,0.0,0.0,0.0,4.0,0.0,0.0,0.0
41325,2023.0,10.0,14.0,23.0,19.099453,18.918268,17.47692,17.12888,18.966787,18.589083,18.862,18.500929,16.704102,16.462362,16.486097,16.240381,19.381907,19.080757,18.260836,17.61622,16.765726,16.544271,0.0,0.0,0.0,0.0,0.0,0.0,0.0,0.0
41326,2023.0,10.0,14.0,23.0,18.918201,18.740236,17.382313,17.034792,18.773746,18.398441,18.656086,18.298454,17.18899,17.460642,16.329258,16.06156,19.209661,18.904406,18.351397,18.058231,16.652529,16.431028,0.0,0.0,0.0,4.0,0.0,0.0,0.0,0.0
41327,2023.0,10.0,14.0,23.0,18.75898,18.579147,17.735497,17.776415,18.604315,18.227083,18.475807,18.116556,17.344769,17.651596,16.22701,15.953996,19.05673,18.748476,18.257204,17.99956,16.544376,16.320349,4.0,0.0,0.0,4.0,0.0,0.0,0.0,0.0
41328,2023.0,10.0,15.0,0.0,18.625986,18.451097,17.406525,17.132782,19.139309,19.360374,18.324846,17.972101,16.49466,16.0027,16.140469,15.868477,18.925667,18.620405,18.112206,17.855303,16.447811,16.225231,0.0,4.0,0.0,0.0,0.0,0.0,0.0,0.0
41329,2023.0,10.0,15.0,0.0,18.501593,18.325802,17.20911,16.862133,18.620459,18.354988,18.183514,17.830778,16.11701,15.530391,16.057425,15.783337,18.802559,18.49549,17.971743,17.71309,16.3545,16.130106,0.0,0.0,0.0,0.0,0.0,0.0,0.0,0.0
41330,2023.0,10.0,15.0,0.0,18.38995,18.215193,17.123388,16.774855,17.943922,17.185278,18.06085,17.709393,15.952807,15.364431,15.980537,15.705506,18.691757,18.384256,17.84357,17.584856,16.995573,17.411892,0.0,0.0,0.0,0.0,0.0,0.0,0.0,4.0
41331,2023.0,10.0,15.0,0.0,18.2867,18.112968,17.047455,16.699076,17.644503,16.839663,17.946857,17.598307,16.138268,15.87005,15.907578,15.6315975,18.589764,18.281748,17.724861,17.465984,16.441181,16.23187,0.0,0.0,0.0,0.0,0.0,0.0,0.0,0.0
41332,2023.0,10.0,15.0,0.0,18.18859,18.01352,16.976772,16.627014,17.862871,17.451824,17.839256,17.49075,16.140116,15.889934,15.836509,15.558037,18.493404,18.18296,17.61243,17.351318,15.945113,15.426136,0.0,0.0,0.0,0.0,0.0,0.0,0.0,0.0
41333,2023.0,10.0,15.0,0.0,18.09501,17.91646,16.908482,16.555376,17.867825,17.494514,17.736725,17.38581,16.077074,15.823829,15.766655,15.484023,18.402132,18.087963,17.506142,17.241709,15.744272,15.202118,0.0,0.0,0.0,0.0,0.0,0.0,0.0,0.0
41334,2023.0,10.0,15.0,1.0,18.013847,17.838436,16.849634,16.499073,17.79855,17.43251,17.64756,17.301607,16.017225,15.764347,15.704323,15.422647,18.32124,18.008234,17.41093,17.147915,15.93942,15.724251,0.0,0.0,0.0,0.0,0.0,0.0,0.0,0.0
41335,2023.0,10.0,15.0,1.0,17.93635,17.762558,16.792591,16.443226,17.725002,17.362232,17.56217,17.21925,15.95745,15.704472,15.959887,15.955839,18.244545,17.931751,17.32079,17.058247,15.9044285,15.673278,0.0,0.0,0.0,0.0,4.0,0.0,0.0,0.0
41336,2023.0,10.0,15.0,1.0,17.863132,17.690613,16.738367,16.390087,17.652225,17.292263,17.481861,17.141708,15.899419,15.646327,15.707907,15.439581,18.172264,17.859634,17.235811,16.973682,15.845301,15.613832,0.0,0.0,0.0,0.0,0.0,0.0,0.0,0.0
41337,2023.0,10.0,15.0,1.0,17.791658,17.618273,16.684772,16.335579,17.58006,17.220661,17.403952,17.064146,15.841853,15.587453,15.590183,15.305436,18.102448,17.788588,17.154047,16.891012,15.786188,15.553589,0.0,0.0,0.0,0.0,0.0,0.0,0.0,0.0
41338,2023.0,10.0,15.0,1.0,17.725225,17.552713,16.6348,16.28649,17.51243,17.155403,17.331944,16.99448,15.787036,15.5325365,15.523402,15.238702,18.037237,17.72352,17.077402,16.814747,15.728596,15.495915,0.0,0.0,0.0,0.0,0.0,0.0,0.0,0.0
41339,2023.0,10.0,15.0,1.0,17.66172,17.490023,16.58635,16.238882,17.44745,17.092596,17.263275,16.927965,15.733726,15.479114,15.462587,15.177947,17.974957,17.661337,17.004227,16.741903,15.672449,15.439681,0.0,0.0,0.0,0.0,0.0,0.0,0.0,0.0
41340,2023.0,10.0,15.0,2.0,17.600662,17.429604,16.539185,16.192501,17.384846,17.031979,17.197483,16.864145,15.681741,15.427007,15.405282,15.120619,17.915192,17.601631,16.934046,16.672012,15.617657,15.384793,0.0,0.0,0.0,0.0,0.0,0.0,0.0,0.0
41341,2023.0,10.0,15.0,2.0,17.544258,17.37618,16.495184,16.151226,17.326948,16.978441,17.13701,16.808224,16.206749,16.456898,15.643136,15.612642,17.85923,17.547321,16.868362,16.608467,16.292383,16.701778,0.0,0.0,0.0,4.0,4.0,0.0,0.0,4.0
41342,2023.0,10.0,15.0,2.0,17.485138,17.315397,16.447979,16.102678,17.266232,16.917547,17.074038,16.744953,16.415361,16.716425,15.44078,15.190893,17.801466,17.487827,16.801233,16.540043,15.769056,15.561293,0.0,0.0,0.0,4.0,0.0,0.0,0.0,0.0
41343,2023.0,10.0,15.0,2.0,17.428585,17.257345,16.402216,16.055828,17.207624,16.859182,17.013828,16.68475,15.594921,15.08392,15.310813,15.028116,17.745678,17.43085,16.736523,16.474642,15.309101,14.797052,0.0,0.0,0.0,0.0,0.0,0.0,0.0,0.0
41344,2023.0,10.0,15.0,2.0,17.372246,17.198036,16.35594,16.007326,17.14898,16.799349,16.953749,16.623268,15.247525,14.6458,15.532256,15.495607,17.68992,17.372696,16.672024,16.408125,15.866091,15.98437,0.0,0.0,0.0,0.0,4.0,0.0,0.0,4.0
41345,2023.0,10.0,15.0,2.0,17.314795,17.135885,16.308533,15.956108,17.089846,16.737173,16.893248,16.55953,15.102825,14.492579,15.301678,15.02194,17.633911,17.312895,16.607563,16.340218,15.997123,16.092989,0.0,0.0,0.0,0.0,0.0,0.0,0.0,4.0
41346,2023.0,10.0,15.0,3.0,17.262878,17.084555,16.26582,15.913766,17.03657,16.685509,16.839241,16.5069,15.324565,15.048791,15.191275,14.900972,17.582811,17.26196,16.54845,16.281792,15.329613,14.826668,0.0,0.0,0.0,0.0,0.0,0.0,0.0,0.0
41347,2023.0,10.0,15.0,3.0,17.20985,17.03046,16.22221,15.869407,16.98273,16.631641,16.784826,16.45216,15.928777,16.178133,15.122156,14.828041,17.531424,17.209593,16.48902,16.221626,15.064007,14.510745,0.0,0.0,0.0,4.0,0.0,0.0,0.0,0.0
41348,2023.0,10.0,15.0,3.0,17.158829,16.97892,16.17986,15.826947,16.930738,16.580208,16.731987,16.399775,15.505665,15.247079,15.062099,14.767278,17.481663,17.15939,16.43128,16.163548,15.003789,14.512043,0.0,0.0,0.0,0.0,0.0,0.0,0.0,0.0
41349,2023.0,10.0,15.0,3.0,17.115658,16.946617,16.134928,15.783258,16.876078,16.527561,16.676125,16.34602,15.304682,15.0433445,14.998609,14.710384,17.429192,17.107744,16.370617,16.104269,15.8492155,16.210066,0.0,0.0,0.0,0.0,0.0,0.0,0.0,4.0
41350,2023.0,10.0,15.0,3.0,17.07449,16.911987,16.089293,15.737576,16.821276,16.473234,16.620632,16.290802,15.240694,14.97691,15.006736,14.764539,17.37653,17.05466,16.309952,16.043507,15.197035,14.665444,0.0,0.0,0.0,0.0,0.0,0.0,0.0,0.0
41351,2023.0,10.0,15.0,3.0,17.020554,16.853302,16.040417,15.684455,16.76358,16.411594,16.562304,16.228346,15.181401,14.913367,15.006868,14.799075,17.32199,16.996471,16.247349,15.977282,15.014452,14.651364,0.0,0.0,0.0,0.0,0.0,0.0,0.0,0.0
41352,2023.0,10.0,15.0,4.0,16.9722,16.805387,15.998044,15.64353,16.712921,16.36286,16.510996,16.178942,15.129505,14.862347,15.204317,15.187536,17.272818,16.94795,16.190445,15.921196,15.081218,14.8318,0.0,0.0,0.0,0.0,4.0,0.0,0.0,0.0
41353,2023.0,10.0,15.0,4.0,16.927668,16.75988,15.958852,15.603523,16.666327,16.316046,16.463709,16.131413,15.083178,14.815344,15.260689,15.254914,17.228262,16.902916,16.139177,15.869604,15.052179,14.805996,0.0,0.0,0.0,0.0,4.0,0.0,0.0,0.0
41354,2023.0,10.0,15.0,4.0,16.886768,16.721966,15.924241,15.572483,16.624144,16.27816,16.421015,16.092999,15.040422,14.775559,14.976896,14.778714,17.18685,16.864328,16.091074,15.82452,15.737311,16.138151,0.0,0.0,0.0,0.0,0.0,0.0,0.0,4.0
41355,2023.0,10.0,15.0,4.0,16.839962,16.675724,15.884085,15.53363,16.576149,16.231964,16.373009,16.046494,14.998306,14.743697,15.129139,15.095167,17.140306,16.818886,16.03714,15.771743,14.957698,14.574971,0.0,0.0,0.0,0.0,4.0,0.0,0.0,0.0
41356,2023.0,10.0,15.0,4.0,16.792439,16.627441,15.843211,15.492694,16.52737,16.18361,16.324408,15.99802,15.534302,15.786169,14.977336,14.809823,17.093113,16.771683,15.982539,15.717118,15.038477,14.80542,0.0,0.0,0.0,4.0,0.0,0.0,0.0,0.0
41357,2023.0,10.0,15.0,4.0,16.747042,16.58177,15.803568,15.4535885,16.480074,16.1374,16.277206,15.95172,15.213374,14.991852,15.113387,15.089883,17.047312,16.726553,15.929498,15.664701,15.0134945,14.789183,0.0,0.0,0.0,0.0,4.0,0.0,0.0,0.0
41358,2023.0,10.0,15.0,5.0,16.702787,16.537884,15.765186,15.416248,16.43419,16.093248,16.231394,15.907484,14.993225,14.758847,14.98624,14.856494,17.784405,18.160816,15.877969,15.61454,15.004686,14.821403,0.0,0.0,0.0,0.0,0.0,4.0,0.0,0.0
41359,2023.0,10.0,15.0,5.0,16.657846,16.491894,15.725865,15.37669,16.388096,16.04732,16.184837,15.86122,15.00865,14.82585,15.014164,14.929918,17.325834,17.064678,16.87285,17.531803,15.006798,14.862329,0.0,0.0,0.0,0.0,0.0,0.0,4.0,0.0
41360,2023.0,10.0,15.0,5.0,16.612518,16.445139,15.685971,15.336156,16.34256,16.001171,16.798443,17.053936,15.453127,15.6847725,15.009998,14.937774,16.702389,16.033388,15.961629,15.43556,15.007342,14.892971,0.0,0.0,4.0,4.0,0.0,0.0,0.0,0.0
41361,2023.0,10.0,15.0,5.0,16.568604,16.39959,15.645788,15.294858,16.296505,15.954309,16.46127,16.2266,14.949618,14.67879,15.01127,14.954014,16.443062,15.731636,16.47889,16.783531,15.007969,14.9186945,0.0,0.0,0.0,0.0,0.0,0.0,4.0,0.0
41362,2023.0,10.0,15.0,5.0,17.2336,17.688856,15.605968,15.254198,16.251081,15.908325,15.796367,15.094786,15.034908,14.868621,15.011663,14.967494,16.704002,16.37213,15.781526,15.203228,15.008645,14.941198,0.0,0.0,0.0,0.0,0.0,0.0,0.0,0.0
41363,2023.0,10.0,15.0,5.0,16.84613,16.760298,16.0094,16.044462,16.2051,15.861408,15.494267,14.731545,15.463554,15.707515,15.040762,15.023229,16.766575,16.443098,15.384854,14.784941,15.009207,14.961476,4.0,0.0,0.0,4.0,4.0,0.0,0.0,0.0
41364,2023.0,10.0,15.0,6.0,16.8958,16.957325,15.788721,15.501395,16.15963,15.815982,15.742917,15.352114,15.6780405,15.962646,15.007695,14.982174,17.511526,17.886599,15.24651,14.646716,15.009909,14.980352,0.0,0.0,0.0,4.0,0.0,4.0,0.0,0.0
41365,2023.0,10.0,15.0,6.0,21.217846,24.412825,16.012342,16.038345,21.34404,24.67193,21.112755,24.397598,20.14366,23.574116,15.01498,14.997898,20.919119,23.568705,20.53527,23.611,15.511164,15.933963,4.0,4.0,0.0,4.0,4.0,4.0,0.0,4.0
41366,2023.0,10.0,15.0,6.0,21.1468,23.786234,20.237883,23.268557,21.664742,24.726944,21.318174,24.361317,20.05099,22.868832,19.796183,22.991447,20.731426,22.89089,22.278427,26.30632,20.24088,24.055986,0.0,4.0,0.0,0.0,0.0,0.0,4.0,0.0
41367,2023.0,10.0,15.0,6.0,21.074362,23.312523,18.191196,18.697031,20.961386,23.093594,21.03786,23.495213,17.523113,17.594885,17.376995,17.915417,20.965145,22.958113,21.34381,24.19035,16.669075,16.463196,4.0,4.0,0.0,4.0,4.0,0.0,4.0,0.0
41368,2023.0,10.0,15.0,6.0,21.93359,24.445906,20.299755,22.772406,21.60289,23.94918,22.05293,24.921991,20.736664,23.592417,20.20572,23.370787,21.548376,23.673515,21.755205,24.552343,15.542869,15.165523,0.0,0.0,0.0,0.0,0.0,4.0,0.0,0.0
41369,2023.0,10.0,15.0,6.0,20.915615,22.500792,17.979961,17.8499,21.000225,22.697952,20.924028,22.725292,17.557732,17.219564,17.903345,18.385077,20.982063,22.482584,20.999317,22.98563,16.50126,16.955019,4.0,0.0,0.0,0.0,4.0,4.0,0.0,4.0
41370,2023.0,10.0,15.0,7.0,21.91012,24.092175,20.356764,22.520643,22.000835,24.170162,22.057985,24.502115,16.967684,17.2229,20.30053,23.157303,21.821772,23.857563,22.249046,24.994642,21.120026,24.9533,0.0,4.0,0.0,4.0,4.0,4.0,0.0,4.0
41371,2023.0,10.0,15.0,7.0,20.915619,22.240639,17.703468,17.212534,21.08232,22.613958,21.047232,22.760397,21.492954,25.045732,20.07008,22.350622,20.956234,22.151747,20.902863,22.424347,21.115177,24.42174,0.0,0.0,0.0,4.0,0.0,4.0,4.0,0.0
41372,2023.0,10.0,15.0,7.0,21.092028,22.589302,17.087847,16.995913,21.073164,22.5278,21.055338,22.720606,19.912666,21.777966,17.615784,17.38615,21.071836,22.354105,21.08934,22.777737,17.584064,17.244736,4.0,4.0,4.0,4.0,4.0,4.0,4.0,0.0
41373,2023.0,10.0,15.0,7.0,21.161274,22.718454,20.260933,22.619076,21.162806,22.671713,21.16786,22.938278,20.964119,23.337893,20.358418,22.74256,21.129713,22.461765,21.185575,22.982395,15.948529,15.265636,4.0,4.0,0.0,4.0,0.0,0.0,0.0,0.0
41374,2023.0,10.0,15.0,7.0,21.985853,24.16035,20.064583,21.892847,22.108868,24.130657,21.925709,24.006586,20.09244,21.820602,17.493015,17.055923,21.787918,23.458109,22.757504,25.60122,15.870567,15.567246,0.0,4.0,4.0,0.0,0.0,4.0,0.0,0.0
41375,2023.0,10.0,15.0,7.0,20.935228,22.108957,18.04296,17.781189,21.031357,22.272902,21.090298,22.586197,17.694815,17.147728,16.308771,15.918544,21.074764,22.24359,20.880629,22.102716,15.761182,15.49872,4.0,4.0,0.0,0.0,0.0,0.0,4.0,0.0
41376,2023.0,10.0,15.0,8.0,21.196022,22.676575,20.37419,22.296934,21.170963,22.55528,21.164076,22.706297,16.404093,15.613609,16.105145,15.759867,21.132887,22.329504,21.225311,22.857344,15.560999,15.296762,4.0,4.0,0.0,0.0,0.0,4.0,0.0,0.0
41377,2023.0,10.0,15.0,8.0,19.085499,18.630432,20.055637,21.621132,18.986603,18.391857,19.378874,19.302053,16.36221,15.987427,15.8674755,15.535133,19.093582,18.433321,18.847641,18.295643,15.397995,15.147721,0.0,0.0,0.0,0.0,0.0,0.0,0.0,0.0
41378,2023.0,10.0,15.0,8.0,17.973866,17.267208,17.91331,17.392633,17.780813,16.882227,18.315779,17.951403,16.281645,15.986266,15.6722975,15.358366,18.136547,17.31397,17.675863,16.954231,15.259765,15.018551,0.0,0.0,0.0,0.0,0.0,0.0,0.0,0.0
41379,2023.0,10.0,15.0,8.0,18.052092,17.765,17.360756,16.886637,17.391407,16.463022,17.969532,17.559738,16.123644,15.841837,15.534508,15.223691,17.843538,17.019857,17.680218,17.34233,15.155919,14.917168,0.0,0.0,0.0,0.0,0.0,0.0,0.0,0.0
41380,2023.0,10.0,15.0,8.0,17.954031,17.723389,17.196415,16.780212,17.57723,17.11546,17.735666,17.341839,15.970116,15.698336,15.415457,15.116564,18.06358,17.698748,17.523005,17.228973,15.0659,14.835294,0.0,0.0,0.0,0.0,0.0,0.0,0.0,0.0
41381,2023.0,10.0,15.0,8.0,18.555828,19.007248,17.00708,16.61477,18.230831,18.439285,17.542154,17.168211,15.840629,15.5816965,15.31515,15.029514,18.016422,17.696274,17.3371,17.06419,14.997495,14.788635,0.0,4.0,0.0,0.0,0.0,0.0,0.0,0.0
41382,2023.0,10.0,15.0,9.0,17.653128,17.194395,17.219305,17.202473,18.41285,18.716007,17.340578,16.985579,15.705498,15.459186,15.209786,14.937453,18.624224,18.970324,17.13755,16.882097,15.008793,14.871139,4.0,4.0,0.0,0.0,0.0,4.0,0.0,0.0
41383,2023.0,10.0,15.0,9.0,17.0609,16.47299,20.225218,22.565466,17.307016,16.640587,17.797516,18.01504,15.583469,15.345618,15.114255,14.850381,17.750313,17.130936,16.958616,16.71484,15.007144,14.911873,0.0,0.0,4.0,0.0,0.0,0.0,0.0,0.0
41384,2023.0,10.0,15.0,9.0,16.824114,16.239992,18.304146,18.487059,16.717707,15.949052,17.399109,17.20975,15.479593,15.250645,15.036197,14.782845,17.254776,16.571768,16.802729,16.565947,15.00767,14.945353,0.0,0.0,0.0,0.0,0.0,0.0,0.0,0.0
41385,2023.0,10.0,15.0,9.0,17.006124,16.785717,17.056156,16.760332,16.51422,15.762808,16.602354,15.891629,15.3894615,15.167041,15.002102,14.784636,17.096743,16.425674,16.665718,16.434858,15.007922,14.970916,0.0,0.0,0.0,0.0,0.0,0.0,0.0,0.0
41386,2023.0,10.0,15.0,9.0,17.044785,16.877821,17.193863,17.258175,16.72033,16.349537,16.278835,15.578329,15.312643,15.097051,15.007395,14.834395,17.342556,17.048279,16.547348,16.322676,15.008542,14.991557,4.0,0.0,0.0,0.0,0.0,0.0,0.0,0.0
41387,2023.0,10.0,15.0,9.0,16.99195,16.85986,20.196646,22.597729,16.75805,16.433315,16.450802,16.092024,15.250035,15.0443535,15.005553,14.860447,17.38654,17.120842,16.449667,16.236387,15.008085,15.00697,0.0,0.0,0.0,0.0,0.0,0.0,0.0,0.0
41388,2023.0,10.0,15.0,10.0,16.928875,16.814495,18.243946,18.435371,16.701775,16.39788,16.510864,16.221128,15.195042,14.997272,15.005284,14.880864,17.350351,17.096712,16.361084,16.155174,15.008162,15.020364,0.0,0.0,0.0,0.0,0.0,0.0,0.0,0.0
41389,2023.0,10.0,15.0,10.0,16.859821,16.754953,17.00427,16.746012,16.632103,16.34022,17.135178,17.464727,15.147151,14.9563875,15.005471,14.897159,17.308601,17.062927,16.282337,16.082676,15.00843,15.032225,0.0,0.0,4.0,0.0,0.0,0.0,0.0,0.0
41390,2023.0,10.0,15.0,10.0,16.797054,16.702814,17.14612,17.230194,16.566803,16.286964,16.771149,16.62728,15.104414,14.918932,15.274374,15.40781,17.271982,17.034615,16.213324,16.020544,15.745787,16.421726,4.0,0.0,0.0,0.0,4.0,0.0,0.0,4.0
41391,2023.0,10.0,15.0,10.0,16.743633,16.65738,20.385881,22.809145,16.513166,16.244335,16.862766,16.87116,15.071561,14.890497,19.999874,23.116146,17.244242,17.014492,16.159063,15.971723,19.814522,23.269377,0.0,0.0,4.0,0.0,0.0,0.0,0.0,0.0
41392,2023.0,10.0,15.0,10.0,16.695818,16.62556,18.953737,19.54575,16.457195,16.199518,16.295969,15.788586,15.040169,14.8640785,17.660107,18.176369,17.216715,16.995052,16.103548,15.921871,16.870916,16.924498,4.0,0.0,0.0,0.0,0.0,0.0,0.0,0.0
41393,2023.0,10.0,15.0,10.0,16.649473,16.586967,20.217989,22.03129,16.409767,16.161531,16.662504,16.65541,15.016581,14.844291,16.35666,16.130497,17.193226,16.97574,16.058107,15.880649,15.723902,15.282101,0.0,0.0,4.0,0.0,0.0,0.0,0.0,0.0
41394,2023.0,10.0,15.0,11.0,16.588774,16.524464,18.492275,18.519527,16.360485,16.122597,16.251934,15.7722225,15.00019,14.839164,16.04018,15.803123,17.169744,16.957272,16.011806,15.839223,15.595682,15.376197,4.0,0.0,0.0,0.0,0.0,0.0,0.0,0.0
41395,2023.0,10.0,15.0,11.0,17.317919,17.944946,20.227158,22.119635,16.311954,16.082308,15.940333,15.418165,15.002405,14.86147,15.8491955,15.610602,17.972538,18.502651,15.967521,15.797975,15.485785,15.301615,0.0,0.0,0.0,0.0,0.0,4.0,0.0,0.0
41396,2023.0,10.0,15.0,11.0,16.941824,17.022552,18.219286,18.021921,16.265985,16.043867,15.835907,15.327642,15.002076,14.8748455,15.710009,15.480646,17.544132,17.440016,15.92619,15.759361,15.349312,15.173955,0.0,0.0,0.0,0.0,0.0,0.0,0.0,0.0
41397,2023.0,10.0,15.0,11.0,16.347462,16.055683,17.316261,17.049212,16.222033,16.006918,16.677317,17.02496,15.002429,14.887023,15.598728,15.376293,16.989061,16.526358,15.887457,15.722965,15.231563,15.061131,0.0,0.0,4.0,0.0,0.0,0.0,0.0,0.0
41398,2023.0,10.0,15.0,11.0,16.848448,17.155746,17.121983,16.87417,16.180206,15.9722,16.193062,15.842554,15.002444,14.897147,15.505401,15.289531,17.623077,17.856218,15.851497,15.689495,15.13429,14.969043,0.0,0.0,0.0,0.0,0.0,4.0,0.0,0.0
41399,2023.0,10.0,15.0,11.0,16.425314,16.206959,17.358534,17.486746,16.140736,15.939674,15.810531,15.362347,15.002727,14.906396,15.426235,15.217016,17.13078,16.72046,15.817827,15.658496,15.051816,14.891974,4.0,0.0,0.0,0.0,0.0,0.0,0.0,0.0
41400,2023.0,10.0,15.0,12.0,16.141808,15.8637705,20.245049,22.623585,16.10335,15.909514,15.692862,15.24763,15.002842,14.91469,15.357876,15.15446,16.844479,16.375591,15.786275,15.629981,14.999633,14.864585,0.0,0.0,0.0,0.0,0.0,0.0,0.0,0.0
41401,2023.0,10.0,15.0,12.0,21.134037,24.389584,18.369383,18.635994,21.413254,25.002436,21.414555,25.08479,15.003102,14.921899,15.298687,15.100215,20.829746,23.260546,21.390278,25.276428,15.006302,14.922445,0.0,4.0,4.0,0.0,0.0,0.0,0.0,0.0
41402,2023.0,10.0,15.0,12.0,20.999643,23.861048,17.195147,17.029623,20.990488,23.862726,21.005577,23.986053,15.002881,14.926461,15.2474575,15.052905,21.559752,24.299017,21.7919,25.46951,15.005511,14.952798,0.0,4.0,0.0,0.0,0.0,0.0,0.0,0.0
41403,2023.0,10.0,15.0,12.0,21.087286,23.704983,16.907581,16.695621,21.114288,23.725521,21.113626,23.792807,15.0028105,14.928813,15.203398,15.012944,20.984478,22.934069,22.805141,26.791767,15.005427,14.974172,0.0,0.0,0.0,0.0,0.0,0.0,0.0,0.0
41404,2023.0,10.0,15.0,12.0,21.0423,23.379448,16.731884,16.51426,21.08591,23.398762,21.089214,23.47366,15.002371,14.9295845,15.163836,14.976211,21.069439,22.914377,23.301397,27.214031,15.005377,14.988828,0.0,0.0,0.0,0.0,0.0,0.0,0.0,0.0
41405,2023.0,10.0,15.0,12.0,21.099644,23.329592,16.605162,16.401941,21.071808,23.159718,21.055859,23.237501,15.00278,14.931841,15.131742,14.950147,21.0594,22.7537,20.869892,22.584227,15.0053835,14.999929,0.0,4.0,4.0,0.0,0.0,0.0,0.0,0.0
41406,2023.0,10.0,15.0,13.0,21.08402,23.166086,16.942234,17.144222,21.093842,23.089088,21.081488,23.20143,15.0024805,14.933518,15.099676,14.921117,21.056452,22.643938,21.11627,23.057774,15.0050955,15.008562,4.0,0.0,0.0,0.0,0.0,0.0,0.0,0.0
41407,2023.0,10.0,15.0,13.0,21.716366,24.05094,20.26085,22.881317,21.145906,23.089643,21.146828,23.210848,15.002976,14.937089,15.071884,14.897815,21.623873,23.471605,21.16923,23.14159,15.005434,15.0173435,0.0,0.0,0.0,0.0,0.0,0.0,0.0,0.0
41408,2023.0,10.0,15.0,13.0,20.92167,22.589796,18.285599,18.637672,21.068443,22.890152,21.090376,23.007242,15.002521,14.93816,15.049214,14.879053,20.954376,22.18994,21.03345,22.81257,15.005537,15.025008,0.0,0.0,0.0,0.0,0.0,0.0,4.0,0.0
41409,2023.0,10.0,15.0,13.0,21.071165,22.871162,17.490984,17.774477,21.067755,22.85098,21.06805,22.931925,15.003468,14.943064,15.027302,14.860449,21.070616,22.410091,21.09325,22.9114,15.005304,15.031931,4.0,0.0,0.0,0.0,0.0,0.0,0.0,0.0
41410,2023.0,10.0,15.0,13.0,22.049494,24.502783,20.25971,22.615913,21.589043,23.86694,21.824427,24.045752,15.002955,14.946399,15.007312,14.845426,21.746496,23.465769,21.722227,24.13085,15.006022,15.0401945,0.0,0.0,0.0,0.0,0.0,4.0,0.0,0.0
41411,2023.0,10.0,15.0,13.0,20.921259,22.383194,18.056623,18.012686,21.066196,22.77164,21.030188,22.72803,15.002641,14.949902,15.000866,14.852338,20.945456,21.983923,21.092926,22.822554,15.005911,15.047151,0.0,0.0,0.0,0.0,0.0,0.0,0.0,0.0
41412,2023.0,10.0,15.0,14.0,21.079294,22.695068,17.4808,17.686176,21.06573,22.749977,21.07569,22.817595,15.003413,14.956764,15.002516,14.870986,21.085976,22.265985,21.062887,22.762049,15.006339,15.055325,4.0,0.0,0.0,0.0,0.0,0.0,0.0,0.0
41413,2023.0,10.0,15.0,14.0,19.218885,19.1656,20.283709,22.617582,19.422981,19.576437,19.330297,19.458977,15.718926,16.309103,15.002397,14.885761,19.50759,19.227411,19.311651,19.387491,15.006107,15.062773,0.0,0.0,0.0,4.0,0.0,0.0,0.0,0.0
41414,2023.0,10.0,15.0,14.0,18.187405,17.89343,18.4176,18.701477,18.40306,18.249817,18.288942,18.15172,20.41898,24.114471,15.00228,14.898594,18.935915,18.698288,18.338604,18.174742,15.006625,15.073678,0.0,0.0,0.0,0.0,0.0,0.0,0.0,0.0
41415,2023.0,10.0,15.0,14.0,18.495356,18.786123,17.266047,17.151514,18.010502,17.810108,17.898872,17.727022,17.246737,17.457561,15.002927,14.91348,18.750896,18.535864,17.94616,17.760984,15.007326,15.086598,0.0,0.0,0.0,0.0,0.0,0.0,0.0,0.0
41416,2023.0,10.0,15.0,14.0,18.560627,18.921755,16.954153,16.7809,17.75128,17.54334,17.626013,17.447828,15.65704,15.369594,15.003478,14.929502,19.363167,19.87193,17.671278,17.486023,15.00792,15.1002035,0.0,0.0,0.0,0.0,0.0,4.0,0.0,0.0
41417,2023.0,10.0,15.0,14.0,18.460266,18.833393,16.77944,16.604155,17.548126,17.343985,17.410185,17.236023,15.5009575,15.342647,15.003947,14.946107,18.561993,18.230066,18.523483,19.300678,15.008204,15.113892,0.0,0.0,0.0,0.0,0.0,0.0,4.0,0.0
41418,2023.0,10.0,15.0,15.0,18.368484,18.751034,16.638588,16.466816,17.376375,17.175535,17.92597,18.36606,15.419825,15.28446,15.318626,15.549691,18.807007,19.031551,17.62751,17.393133,15.008636,15.128162,0.0,0.0,4.0,0.0,4.0,4.0,0.0,0.0
41419,2023.0,10.0,15.0,15.0,18.283136,18.667908,16.932262,17.123632,17.228506,17.030703,17.494387,17.46876,15.315198,15.185705,19.99747,23.186686,18.964422,19.2474,17.018936,16.66259,15.008802,15.141872,4.0,0.0,0.0,0.0,0.0,4.0,0.0,0.0
41420,2023.0,10.0,15.0,15.0,18.218359,18.616222,20.315104,22.97674,17.099003,16.90412,16.856382,16.48004,16.008116,16.579647,17.64716,18.240425,18.224264,17.88989,16.77721,16.416424,15.009483,15.156779,4.0,0.0,0.0,4.0,0.0,0.0,0.0,0.0
41421,2023.0,10.0,15.0,15.0,18.160866,18.564463,20.021492,22.031567,17.688318,18.111652,16.57972,16.173912,20.37574,23.971981,16.369406,16.635029,18.578775,18.83603,16.606543,16.254677,15.0097885,15.171439,4.0,4.0,0.0,4.0,4.0,4.0,0.0,0.0
41422,2023.0,10.0,15.0,15.0,18.111807,18.520061,20.146399,22.044142,17.336224,17.323017,16.631018,16.424644,20.874914,24.231525,20.352758,23.568521,18.031965,17.696127,16.63319,16.461832,16.231071,16.154882,4.0,0.0,0.0,0.0,4.0,0.0,0.0,0.0
41423,2023.0,10.0,15.0,15.0,17.427618,17.283695,20.062012,21.710627,17.394476,17.585718,17.284887,17.691986,17.901924,18.05477,20.042767,22.597256,18.424736,18.700583,16.595829,16.455168,15.357725,15.304266,4.0,4.0,4.0,0.0,0.0,4.0,0.0,0.0
41424,2023.0,10.0,15.0,16.0,17.027756,16.778814,20.078362,21.641224,17.478493,17.707006,16.958115,16.929031,16.284023,15.974622,17.62587,17.6701,17.897083,17.576786,16.506899,16.375214,14.998925,15.06055,0.0,4.0,0.0,0.0,0.0,0.0,0.0,0.0
41425,2023.0,10.0,15.0,16.0,17.527508,17.854872,18.652414,18.79884,17.464113,17.69067,16.414309,16.05605,16.037376,15.869919,16.276024,15.909705,17.52232,17.118643,16.41538,16.288202,15.012819,15.13481,4.0,4.0,0.0,0.0,0.0,0.0,0.0,0.0
41426,2023.0,10.0,15.0,16.0,17.097946,16.942883,20.229864,22.050379,17.439507,17.662132,16.18424,15.792295,15.881261,15.741464,16.081953,15.886017,17.372469,16.96118,16.327848,16.204496,15.011428,15.16919,0.0,4.0,0.0,0.0,0.0,0.0,0.0,0.0
41427,2023.0,10.0,15.0,16.0,17.462925,17.827856,18.680157,18.84815,17.412416,17.631119,16.264912,16.063803,15.706607,15.57589,15.953097,15.795835,17.47489,17.28227,16.245018,16.125343,15.012458,15.200194,4.0,4.0,0.0,0.0,0.0,0.0,0.0,0.0
41428,2023.0,10.0,15.0,16.0,16.990162,16.831469,20.219604,22.053272,17.384295,17.598976,16.95128,17.36831,15.548275,15.421995,15.774945,15.623365,17.491865,17.339434,16.166418,16.050545,15.638705,16.391647,0.0,4.0,4.0,0.0,0.0,0.0,0.0,4.0
41429,2023.0,10.0,15.0,16.0,16.64832,16.398703,18.355495,18.254303,17.355913,17.566477,17.01879,17.27819,15.409199,15.2893305,15.616464,15.47488,18.243471,18.822039,16.09114,15.978726,20.090557,23.940716,0.0,4.0,4.0,0.0,0.0,4.0,0.0,0.0
41430,2023.0,10.0,15.0,17.0,16.509357,16.24944,17.48243,17.280151,16.685427,16.335629,16.361948,16.078585,15.284578,15.170317,15.474716,15.34087,17.527311,17.231003,16.018873,15.910199,16.883493,17.10372,0.0,0.0,0.0,0.0,0.0,0.0,0.0,0.0
41431,2023.0,10.0,15.0,17.0,17.354393,17.941378,17.298985,17.094185,17.008453,17.114998,16.060675,15.65373,15.968749,16.548723,15.361482,15.231168,17.96896,18.253778,16.995226,17.804403,15.666245,15.356205,0.0,4.0,0.0,4.0,0.0,4.0,4.0,0.0
41432,2023.0,10.0,15.0,17.0,17.389668,17.823578,17.547573,17.69461,17.16697,17.365025,16.568333,16.704313,20.322208,24.018274,15.254395,15.131417,17.361023,17.019474,16.10829,15.905467,15.494206,15.349025,4.0,4.0,4.0,4.0,0.0,0.0,0.0,0.0
41433,2023.0,10.0,15.0,17.0,17.355024,17.758154,20.273941,22.47357,17.174507,17.370731,16.203655,15.89354,20.05079,22.984892,15.138511,15.020237,17.003683,16.595743,15.640575,15.343934,15.3118305,15.199088,4.0,4.0,0.0,0.0,0.0,0.0,0.0,0.0
41434,2023.0,10.0,15.0,17.0,17.381235,17.782108,20.028168,21.728903,17.160484,17.351788,15.87334,15.465863,17.288445,17.324224,15.032297,14.919195,16.878002,16.468044,15.508029,15.203658,16.093027,16.852997,4.0,4.0,0.0,0.0,0.0,0.0,0.0,4.0
41435,2023.0,10.0,15.0,17.0,17.392757,17.787315,20.06794,21.64249,17.141367,17.327791,15.740299,15.31883,15.902534,15.560625,15.00669,14.950756,17.013393,16.841879,15.411143,15.107492,20.301186,24.011393,4.0,4.0,0.0,0.0,0.0,0.0,0.0,0.0
41436,2023.0,10.0,15.0,18.0,17.395658,17.78413,20.061697,21.518091,16.49838,16.1453,16.542725,16.92829,15.511552,15.144707,15.008928,15.004224,17.029716,16.871565,15.487185,15.345114,17.661037,18.312542,4.0,0.0,4.0,0.0,0.0,0.0,0.0,4.0
41437,2023.0,10.0,15.0,18.0,21.258411,24.492146,20.062325,21.438234,21.32397,24.538393,21.230637,24.855669,15.476504,15.324942,15.009559,15.041333,21.180328,23.976393,22.456831,27.073792,20.352947,23.685291,4.0,0.0,0.0,0.0,0.0,0.0,4.0,0.0
41438,2023.0,10.0,15.0,18.0,21.01349,23.569195,20.079763,21.425783,21.006968,23.619799,21.038748,23.924065,15.386726,15.256937,15.010034,15.068276,21.021465,23.451595,21.427332,24.769062,17.207537,17.187065,0.0,4.0,0.0,0.0,0.0,0.0,0.0,0.0
41439,2023.0,10.0,15.0,18.0,21.081087,23.421064,18.612421,18.54189,21.088629,23.445925,21.089802,23.638908,15.238802,15.102699,15.010622,15.088948,21.077938,23.284151,21.558199,24.746698,15.656888,15.258936,4.0,4.0,4.0,0.0,0.0,0.0,4.0,0.0
41440,2023.0,10.0,15.0,18.0,21.09611,23.277893,20.223932,21.862776,21.07673,23.19742,21.105978,23.441772,15.873725,16.410957,15.151645,15.360771,21.104239,23.12115,22.254898,25.578014,15.234792,14.819523,4.0,4.0,0.0,4.0,4.0,4.0,0.0,0.0
41441,2023.0,10.0,15.0,18.0,21.06564,23.054003,20.0374,21.36314,21.100346,23.102951,21.10067,23.250471,20.357153,23.990541,20.15638,23.625216,21.092691,22.937878,20.929607,22.957064,15.216131,15.053783,4.0,0.0,0.0,0.0,0.0,0.0,0.0,0.0
41442,2023.0,10.0,15.0,19.0,21.06956,22.957106,20.084682,21.38593,21.09419,22.966145,21.075853,23.111086,17.535112,17.926554,17.688684,18.419353,21.084076,22.786743,21.082897,23.149065,15.11947,14.98012,0.0,0.0,0.0,4.0,4.0,0.0,4.0,0.0
41443,2023.0,10.0,15.0,19.0,21.158127,23.05507,18.573904,18.4054,21.153154,22.969805,21.16378,23.195732,21.44721,25.049425,20.228968,23.454544,21.119907,22.741064,21.180073,23.305668,15.397334,15.279577,4.0,4.0,4.0,4.0,0.0,4.0,0.0,0.0
41444,2023.0,10.0,15.0,19.0,21.092068,22.874506,20.31544,21.82701,21.096895,22.804775,21.080647,22.993105,19.896004,22.102013,17.679941,18.049032,21.087034,22.623842,21.096767,23.07618,14.993317,14.880383,4.0,0.0,0.0,0.0,0.0,0.0,0.0,0.0
41445,2023.0,10.0,15.0,19.0,21.086079,22.803785,20.034636,21.276966,21.090694,22.73356,21.098768,22.9349,17.902874,18.106092,16.069885,15.890323,21.081142,22.553297,21.058926,22.923323,15.017575,15.014959,4.0,0.0,0.0,4.0,0.0,0.0,4.0,0.0
41446,2023.0,10.0,15.0,19.0,21.086168,22.754538,20.085674,21.32018,21.042042,22.616034,21.09538,22.856783,20.44014,22.95073,15.681348,15.477513,21.080956,22.505562,21.10344,23.004307,15.758018,16.475063,0.0,4.0,0.0,4.0,0.0,0.0,0.0,4.0
41447,2023.0,10.0,15.0,19.0,21.036482,22.639025,18.600426,18.402063,21.073647,22.627266,21.070522,22.798754,20.061802,22.174528,15.4452305,15.24522,21.029974,22.390448,21.094767,22.950129,20.356438,24.22722,4.0,4.0,0.0,0.0,0.0,4.0,0.0,4.0
41448,2023.0,10.0,15.0,20.0,21.066652,22.655,20.312876,21.773836,21.093945,22.648647,21.072765,22.787687,17.544521,17.21252,15.24071,15.034967,21.058659,22.410658,21.095102,22.916788,20.059574,23.156166,4.0,0.0,0.0,0.0,0.0,4.0,0.0,0.0
41449,2023.0,10.0,15.0,20.0,21.089575,22.688047,20.036867,21.238655,21.089262,22.599846,21.07201,22.768549,16.19924,15.582868,15.0568,14.844136,21.085157,22.453358,21.03623,22.783913,16.886019,16.689383,4.0,0.0,0.0,0.0,0.0,0.0,4.0,0.0
41450,2023.0,10.0,15.0,20.0,21.05863,22.574474,20.087742,21.286333,21.08956,22.56459,21.047592,22.683249,16.941345,17.42692,15.010001,14.886065,21.080404,22.41026,21.105597,22.91624,16.379328,16.739193,0.0,0.0,4.0,4.0,0.0,0.0,0.0,4.0
41451,2023.0,10.0,15.0,20.0,21.064518,22.562593,18.206385,17.632763,21.064037,22.533112,21.052717,22.682283,20.344574,23.068869,15.013352,14.964913,21.051626,22.304651,21.09439,22.86038,20.364706,23.483784,0.0,0.0,4.0,0.0,0.0,4.0,0.0,0.0
41452,2023.0,10.0,15.0,20.0,21.063673,22.539238,17.510324,17.076395,21.067286,22.545324,21.077888,22.667818,17.367645,17.051556,15.0141,15.018696,21.056671,22.296661,21.095592,22.831083,17.056742,16.807652,0.0,0.0,4.0,0.0,0.0,4.0,0.0,0.0
41453,2023.0,10.0,15.0,20.0,21.090847,22.592335,17.803894,17.798615,21.066458,22.542988,21.098883,22.680767,15.825444,15.155348,15.015973,15.060168,21.086226,22.356657,21.072304,22.800287,15.437362,14.849877,4.0,0.0,0.0,0.0,0.0,0.0,0.0,0.0
41454,2023.0,10.0,15.0,21.0,21.156515,22.69964,20.230183,22.164362,21.188047,22.7624,21.15659,22.752293,15.800327,15.516127,15.07298,15.184028,21.12148,22.384398,21.182354,23.023483,15.369651,15.130518,0.0,4.0,0.0,0.0,4.0,4.0,0.0,0.0
41455,2023.0,10.0,15.0,21.0,21.612423,23.30643,18.792519,19.093391,21.643822,23.407372,21.764746,23.514978,15.717404,15.470876,20.338535,23.949778,21.432383,22.828526,21.631859,23.68575,15.257881,15.041219,4.0,0.0,0.0,0.0,4.0,4.0,0.0,0.0
41456,2023.0,10.0,15.0,21.0,21.07883,22.358774,20.260405,22.009306,21.063034,22.310617,21.105463,22.487907,15.5326805,15.289678,20.021545,23.007605,21.199469,22.415596,21.058746,22.624208,16.038147,16.678959,0.0,4.0,0.0,0.0,0.0,4.0,0.0,4.0
41457,2023.0,10.0,15.0,21.0,21.110481,22.472368,18.081367,17.574778,21.09054,22.367521,21.070547,22.454006,16.11672,16.534704,17.184267,17.129524,21.093914,22.233158,21.095758,22.733906,20.312641,23.689266,0.0,4.0,4.0,4.0,4.0,0.0,0.0,0.0
41458,2023.0,10.0,15.0,21.0,21.159357,22.58502,17.249239,16.809135,21.164064,22.536545,21.167631,22.707159,20.99497,24.5738,20.39842,23.168512,21.126085,22.298342,21.233685,23.005728,16.839731,16.59319,0.0,0.0,0.0,0.0,4.0,0.0,4.0,0.0
41459,2023.0,10.0,15.0,21.0,21.08283,22.431664,17.54452,17.500946,21.087233,22.372194,21.094324,22.521662,17.423391,17.228424,20.052326,22.386711,21.078445,22.197903,21.103128,22.743801,16.19048,16.48943,4.0,0.0,0.0,0.0,0.0,0.0,0.0,4.0
41460,2023.0,10.0,15.0,22.0,21.177088,22.666233,20.246836,22.323431,21.164568,22.514639,21.163034,22.630232,16.3252,16.354494,17.285877,16.86796,21.127394,22.271904,21.181414,22.876165,20.446756,23.68914,0.0,0.0,0.0,4.0,0.0,4.0,0.0,0.0
41461,2023.0,10.0,15.0,22.0,21.060722,22.4581,18.447727,18.52505,21.034584,22.274426,21.062878,22.456781,20.449184,23.379684,16.183983,15.848084,21.082336,22.199608,21.091568,22.671923,17.051779,16.80612,0.0,4.0,0.0,0.0,0.0,0.0,0.0,0.0
41462,2023.0,10.0,15.0,22.0,21.060001,22.47367,17.328796,16.990288,21.068382,22.39187,21.066502,22.48051,17.310509,17.026703,15.972894,15.694707,21.0766,22.1807,21.06914,22.652706,15.439429,14.85747,0.0,0.0,0.0,0.0,0.0,0.0,0.0,0.0
41463,2023.0,10.0,15.0,22.0,21.060133,22.483833,17.024778,16.639277,21.087646,22.393135,21.065834,22.490595,15.715878,15.059428,16.048061,16.077927,21.075874,22.170929,21.071505,22.670162,15.402513,15.187543,0.0,0.0,0.0,0.0,4.0,0.0,0.0,0.0
41464,2023.0,10.0,15.0,22.0,21.202953,22.75794,16.866129,16.49253,21.158535,22.508457,21.161947,22.689865,15.705301,15.431533,20.231697,23.099869,21.127941,22.312649,21.183092,22.89985,16.038889,16.49292,0.0,0.0,0.0,0.0,0.0,0.0,0.0,4.0
41465,2023.0,10.0,15.0,22.0,21.065393,22.508865,16.731287,16.360998,21.058472,22.337114,21.0654,22.49567,15.640229,15.4054,18.007915,18.527721,21.05542,22.187994,21.070581,22.674149,20.365503,23.714392,0.0,0.0,0.0,0.0,4.0,0.0,0.0,0.0
41466,2023.0,10.0,15.0,23.0,21.083426,22.5019,16.616386,16.250776,21.061733,22.360956,21.064987,22.492495,15.47372,15.244896,20.273476,23.033995,21.055248,22.201904,21.031908,22.570564,16.902533,16.663052,0.0,0.0,0.0,0.0,0.0,0.0,4.0,0.0
41467,2023.0,10.0,15.0,23.0,19.148216,18.762283,16.513565,16.14842,19.579922,19.529772,19.481722,19.450985,15.325624,15.101753,17.908028,18.160892,19.646729,19.50338,18.808546,18.313366,15.355006,14.822676,0.0,0.0,0.0,0.0,0.0,0.0,0.0,0.0
41468,2023.0,10.0,15.0,23.0,18.728708,18.458067,16.430424,16.059458,18.80587,18.39116,18.676727,18.279568,15.209009,14.97874,16.725897,16.422724,19.072845,18.749306,17.913275,17.17568,15.366924,15.142415,0.0,0.0,0.0,0.0,0.0,0.0,0.0,0.0
41469,2023.0,10.0,15.0,23.0,18.524435,18.305096,16.356743,15.9878235,18.484663,18.06817,18.346539,17.950016,15.680353,15.956996,16.382048,16.083027,19.62138,20.02316,17.531944,16.81737,15.2591095,15.04948,0.0,0.0,0.0,4.0,0.0,4.0,0.0,0.0
41470,2023.0,10.0,15.0,23.0,18.311338,18.102774,16.287052,15.920057,18.24102,17.83131,18.094276,17.705523,15.274577,15.112284,16.11152,15.824181,18.468304,17.784075,17.594505,17.269339,15.819391,16.227869,0.0,0.0,0.0,0.0,0.0,0.0,0.0,4.0
41471,2023.0,10.0,15.0,23.0,18.118008,17.908785,16.21788,15.850696,18.02852,17.61912,17.874681,17.486553,15.032161,14.805664,15.876981,15.593238,17.941212,17.139189,17.48722,17.224327,15.24466,15.047657,0.0,0.0,0.0,0.0,0.0,0.0,0.0,0.0
41472,2023.0,10.0,16.0,0.0,17.946608,17.737204,16.59785,16.622347,17.842854,17.434774,17.68341,17.296612,15.505842,15.788989,15.996733,16.003532,17.702892,16.907246,17.305925,17.05144,15.008843,14.801273,4.0,0.0,0.0,4.0,4.0,0.0,0.0,0.0
41473,2023.0,10.0,16.0,0.0,17.770954,17.563944,16.30342,15.973658,17.653158,17.249949,17.488787,17.106821,14.918065,14.653061,15.645337,15.396096,17.916264,17.574047,17.101662,16.840065,15.027783,14.926294,0.0,0.0,0.0,0.0,0.0,0.0,0.0,0.0
41474,2023.0,10.0,16.0,0.0,17.605923,17.393427,16.089846,15.719077,17.47561,17.069418,17.306683,16.92165,15.059563,14.980051,15.331437,15.047086,17.8905,17.571604,16.910582,16.643698,15.0121765,14.981152,0.0,0.0,0.0,4.0,0.0,0.0,0.0,0.0
41475,2023.0,10.0,16.0,0.0,17.460377,17.244373,16.00187,15.625941,17.318474,16.910624,17.145432,16.758717,15.041504,14.961477,15.130294,14.838387,17.760792,17.43881,16.74137,16.471363,15.018945,15.061183,0.0,0.0,0.0,0.0,0.0,0.0,0.0,0.0
41476,2023.0,10.0,16.0,0.0,17.333378,17.117853,15.928744,15.552279,17.181688,16.77677,17.005028,16.621302,15.044925,14.999314,15.002415,14.745049,17.637125,17.313667,16.59082,16.320192,15.022934,15.108349,0.0,0.0,0.0,0.0,0.0,0.0,0.0,0.0
41477,2023.0,10.0,16.0,0.0,17.21863,17.00366,15.861119,15.484019,17.058138,16.655756,16.878248,16.497074,15.016888,14.990156,15.012693,14.884622,17.523127,17.198013,16.453884,16.18236,15.025445,15.145053,0.0,0.0,0.0,0.0,0.0,0.0,0.0,0.0
41478,2023.0,10.0,16.0,1.0,17.121984,16.9155,15.803291,15.431299,16.954414,16.563215,16.77191,16.402061,15.012675,15.021162,15.0122595,14.93188,17.42458,17.104279,17.373455,18.023388,15.014299,15.148377,0.0,0.0,0.0,0.0,0.0,0.0,4.0,0.0
41479,2023.0,10.0,16.0,1.0,17.019966,16.809021,15.744903,15.373953,16.853697,16.465881,16.66799,16.301775,15.286963,15.55558,15.041557,15.0307865,17.329378,17.009485,16.359022,15.780639,15.017107,15.176745,0.0,0.0,0.0,4.0,4.0,0.0,0.0,0.0
41480,2023.0,10.0,16.0,1.0,16.931206,16.719505,15.687257,15.314346,16.75642,16.36727,16.56785,16.200174,14.942485,14.91649,15.008433,15.010895,17.236763,16.912453,15.762625,15.108913,15.01769,15.19672,0.0,0.0,0.0,0.0,0.0,0.0,0.0,0.0
41481,2023.0,10.0,16.0,1.0,16.851664,16.642279,16.088142,16.113876,16.670404,16.285074,16.47998,16.115862,15.012153,15.028623,15.0014715,15.020527,17.154478,16.830519,15.574139,14.925952,15.017553,15.213071,4.0,0.0,0.0,4.0,4.0,0.0,0.0,0.0
41482,2023.0,10.0,16.0,1.0,16.77536,16.56774,15.809318,15.468966,16.58829,16.205528,16.396854,16.034798,15.035385,15.097183,15.021161,15.095621,17.076263,16.751545,15.801438,15.536348,15.3137455,15.7704115,0.0,0.0,0.0,0.0,0.0,0.0,0.0,4.0
41483,2023.0,10.0,16.0,1.0,16.705149,16.500412,15.617149,15.245584,16.50983,16.128357,16.318031,15.95661,15.028806,15.086428,15.016894,15.106916,17.0018,16.675762,15.813106,15.542326,14.964924,15.105877,0.0,0.0,0.0,0.0,0.0,0.0,0.0,0.0
41484,2023.0,10.0,16.0,2.0,16.643911,16.444975,15.54777,15.170663,16.432808,16.049805,16.240885,15.87735,15.02718,15.117821,15.007224,15.093249,16.929373,16.600357,15.738245,15.46565,15.06487,15.312696,0.0,0.0,0.0,0.0,4.0,0.0,0.0,0.0
41485,2023.0,10.0,16.0,2.0,16.573404,16.3685,15.488921,15.108527,16.359638,15.975487,16.167828,15.802636,15.028721,15.143052,15.009657,15.120541,16.85962,16.527185,15.661346,15.386065,15.062633,15.273135,0.0,0.0,0.0,0.0,4.0,0.0,0.0,0.0
41486,2023.0,10.0,16.0,2.0,16.504318,16.295307,15.432895,15.049005,16.288397,15.902826,16.096848,15.72975,15.031146,15.165322,15.073837,15.23209,16.791563,16.455692,15.585291,15.307321,15.03442,15.250163,0.0,0.0,0.0,0.0,0.0,0.0,0.0,0.0
41487,2023.0,10.0,16.0,2.0,16.443045,16.235725,15.37889,14.991332,16.219238,15.832016,16.028105,15.658874,15.032151,15.181449,15.046837,15.125863,16.725395,16.38606,15.510953,15.230263,15.036208,15.280418,0.0,0.0,0.0,0.0,4.0,0.0,0.0,0.0
41488,2023.0,10.0,16.0,2.0,16.37922,16.167261,15.326359,14.934993,16.15194,15.762852,15.961375,15.589801,15.033346,15.196313,15.073191,15.198079,16.660902,16.318075,15.438361,15.154917,15.040459,15.304197,0.0,0.0,0.0,0.0,0.0,0.0,0.0,0.0
41489,2023.0,10.0,16.0,2.0,16.32613,16.120192,15.274943,14.879645,16.08626,15.695108,15.896403,15.522293,15.034626,15.209666,15.033921,15.142463,16.597855,16.251509,15.367384,15.08115,15.041012,15.318683,0.0,0.0,0.0,0.0,0.0,0.0,0.0,0.0
41490,2023.0,10.0,16.0,3.0,16.264494,16.0512,15.224306,14.825002,16.021978,15.628587,15.832918,15.456114,15.036447,15.223336,15.036945,15.185257,16.536049,16.186155,15.297856,15.008803,15.041876,15.333076,0.0,0.0,0.0,0.0,0.0,0.0,0.0,0.0
41491,2023.0,10.0,16.0,3.0,16.205952,15.990616,15.1793995,14.781107,15.963635,15.572569,15.775431,15.400466,15.037113,15.233899,15.04017,15.208351,16.479626,16.130466,15.233346,14.945154,15.043726,15.348017,0.0,0.0,0.0,0.0,0.0,0.0,0.0,0.0
41492,2023.0,10.0,16.0,3.0,16.153618,15.940416,15.140278,14.746339,15.911872,15.526794,16.419044,16.661718,15.017241,15.207855,15.019336,15.186556,16.428492,16.082798,15.174472,14.8901,15.223276,15.666324,0.0,0.0,4.0,0.0,0.0,0.0,0.0,4.0
41493,2023.0,10.0,16.0,3.0,16.101196,15.888708,15.099025,14.705982,15.85804,15.474959,16.037468,15.748448,15.116049,15.384679,15.023122,15.210343,16.37616,16.03114,15.114277,14.830503,14.99421,15.25812,0.0,0.0,0.0,4.0,0.0,0.0,0.0,0.0
41494,2023.0,10.0,16.0,3.0,16.051302,15.839727,15.058545,14.666305,15.805344,15.424113,15.300509,14.483356,15.004291,15.197114,15.022893,15.223874,16.324999,15.980456,15.05552,14.772454,15.044186,15.343515,0.0,0.0,0.0,0.0,0.0,0.0,0.0,0.0
41495,2023.0,10.0,16.0,3.0,15.99942,15.785639,15.015515,14.62083,15.750108,15.367014,15.003165,14.1598015,15.040184,15.286008,15.044865,15.280026,16.272526,15.926057,14.999629,14.718507,15.076342,15.394794,0.0,0.0,0.0,0.0,0.0,0.0,0.0,0.0
41496,2023.0,10.0,16.0,4.0,15.955128,15.745917,15.001367,14.629814,15.701746,15.322763,15.314586,14.905655,15.01841,15.2463665,15.020045,15.239764,16.225094,15.8806715,15.007633,14.777556,15.014677,15.302314,0.0,0.0,0.0,0.0,0.0,0.0,0.0,0.0
41497,2023.0,10.0,16.0,4.0,15.916205,15.71515,15.003758,14.663107,15.649082,15.268711,15.421194,15.05427,15.042759,15.305114,15.020853,15.235345,16.175035,15.829143,15.006739,14.811426,15.046513,15.390134,0.0,0.0,0.0,0.0,4.0,0.0,0.0,0.0
41498,2023.0,10.0,16.0,4.0,15.86954,15.665789,15.005122,14.685446,15.599235,15.21977,15.395365,15.029106,15.043263,15.306838,15.047644,15.319908,16.127157,15.781184,15.007962,14.839387,15.04614,15.396563,0.0,0.0,0.0,0.0,0.0,0.0,0.0,0.0
41499,2023.0,10.0,16.0,4.0,15.818624,15.610437,15.006836,14.707224,15.550108,15.171458,15.354841,14.989005,15.044607,15.316943,15.0481,15.319207,16.079926,15.733876,15.010159,14.866644,15.048234,15.414409,0.0,0.0,0.0,0.0,0.0,0.0,0.0,0.0
41500,2023.0,10.0,16.0,4.0,15.772689,15.565879,15.008187,14.726402,15.501662,15.123737,15.311483,14.946014,15.044827,15.32398,15.048617,15.326924,16.033386,15.687259,15.011958,14.890494,15.048189,15.42477,0.0,0.0,0.0,0.0,0.0,0.0,0.0,0.0
41501,2023.0,10.0,16.0,4.0,15.732358,15.530671,15.008875,14.743125,15.453772,15.076494,15.267318,14.902181,15.045286,15.332042,15.049155,15.333676,15.9874325,15.641228,15.014077,14.91345,15.049185,15.436825,0.0,0.0,0.0,0.0,0.0,0.0,0.0,0.0
41502,2023.0,10.0,16.0,5.0,15.686077,15.481492,15.010295,14.760488,15.406386,15.029687,15.222903,14.858058,15.045932,15.34038,15.049616,15.340425,15.942016,15.595731,15.015181,14.932947,15.050183,15.447662,0.0,0.0,0.0,0.0,0.0,0.0,0.0,0.0
41503,2023.0,10.0,16.0,5.0,16.387093,16.842026,15.00571,14.764861,15.365719,14.995746,15.184425,14.825795,15.021044,15.303189,15.022896,15.299188,15.902264,15.561061,15.8769,16.562971,15.022957,15.407513,0.0,0.0,0.0,0.0,0.0,0.0,4.0,0.0
41504,2023.0,10.0,16.0,5.0,15.995431,15.887749,15.006984,14.781436,15.324027,14.957153,15.144104,14.788658,15.024361,15.319243,15.026478,15.3156185,15.861749,15.523235,14.939297,14.674282,15.120214,15.570234,0.0,0.0,0.0,0.0,0.0,0.0,0.0,4.0
41505,2023.0,10.0,16.0,5.0,15.28066,14.664901,15.007179,14.795395,15.977046,16.224047,15.803434,16.066286,15.024262,15.327881,15.026296,15.323637,15.821654,15.485499,15.046963,14.933912,15.151335,15.614099,0.0,4.0,4.0,0.0,0.0,0.0,0.0,4.0
41506,2023.0,10.0,16.0,5.0,15.714672,15.696571,15.007646,14.80943,15.618911,15.341916,15.435194,15.157579,15.024492,15.337078,15.010479,15.28637,15.782628,15.448914,15.020636,14.904506,15.029942,15.408437,0.0,0.0,0.0,0.0,4.0,0.0,0.0,0.0
41507,2023.0,10.0,16.0,5.0,15.934095,15.947317,15.008004,14.822725,14.964622,14.3306465,14.979866,14.49055,15.024705,15.345582,15.030192,15.350448,16.591606,17.018543,15.009479,14.929346,15.043433,15.428011,0.0,0.0,0.0,0.0,0.0,4.0,0.0,0.0
41508,2023.0,10.0,16.0,6.0,15.316866,14.763861,15.008285,14.835482,15.34238,15.096082,15.024092,14.6079445,15.024902,15.35348,15.010608,15.304901,16.108528,15.841926,15.8547125,16.55007,15.005838,15.321003,0.0,4.0,0.0,0.0,4.0,0.0,4.0,4.0
41509,2023.0,10.0,16.0,6.0,20.680084,24.026453,15.00876,14.84798,19.78171,22.525574,20.388983,23.71367,15.025292,15.361993,19.38914,22.812473,19.114222,21.066666,19.599533,22.807829,18.921806,22.1366,0.0,0.0,0.0,0.0,4.0,0.0,0.0,0.0
41510,2023.0,10.0,16.0,6.0,20.85672,23.963583,15.2464695,15.29312,20.726688,23.813454,20.940409,24.338085,16.125654,17.21166,20.104788,23.568361,19.609842,21.723902,20.9807,24.666042,16.355274,16.602074,4.0,4.0,0.0,0.0,4.0,0.0,4.0,4.0
41511,2023.0,10.0,16.0,6.0,20.712465,23.366165,19.609995,22.499907,20.603535,23.210045,21.120773,24.209333,14.984098,15.117426,19.816393,22.619896,21.14647,24.152027,21.281029,24.745691,19.968449,23.521748,0.0,0.0,0.0,0.0,4.0,4.0,4.0,4.0
41512,2023.0,10.0,16.0,6.0,21.151964,23.82317,17.414686,17.886728,20.689,23.033522,21.098131,23.846573,15.122433,15.387714,19.65198,22.012106,20.699453,22.96661,20.762537,23.470083,19.608078,22.472744,4.0,0.0,0.0,4.0,0.0,4.0,0.0,0.0
41513,2023.0,10.0,16.0,6.0,21.459253,24.039469,20.156395,23.135725,21.882158,24.768024,21.804586,24.683586,20.103508,23.815994,16.781805,16.297638,21.068659,23.369612,21.130644,23.886456,16.401829,16.02571,4.0,4.0,4.0,4.0,0.0,4.0,0.0,0.0
41514,2023.0,10.0,16.0,7.0,21.926695,24.63136,20.051264,22.490387,21.409304,23.688824,21.796484,24.440042,19.66695,22.664427,15.982526,15.881917,21.388535,23.708273,21.497923,24.30584,14.979906,14.448689,4.0,0.0,4.0,0.0,4.0,4.0,0.0,0.0
41515,2023.0,10.0,16.0,7.0,22.311195,25.15942,20.311543,22.581196,21.757671,24.203566,22.179237,24.95765,16.378868,15.985718,20.290459,23.17702,21.61829,23.943203,22.458834,25.778637,15.752623,15.88208,4.0,0.0,4.0,0.0,0.0,4.0,4.0,0.0
41516,2023.0,10.0,16.0,7.0,21.96843,24.270042,20.050499,21.941235,21.803652,24.210863,21.802668,24.052988,14.987454,14.46644,17.903578,18.359882,21.724184,23.898214,21.874945,24.451553,15.185723,14.956684,0.0,0.0,0.0,0.0,4.0,4.0,0.0,0.0
41517,2023.0,10.0,16.0,7.0,20.923704,22.406137,17.47714,16.888409,20.97307,22.61115,20.984705,22.576145,15.759829,16.202894,20.2897,23.130491,20.97916,22.467941,21.046549,22.930546,15.892115,15.275209,0.0,0.0,0.0,4.0,0.0,4.0,4.0,0.0
41518,2023.0,10.0,16.0,7.0,21.10294,22.804646,16.489573,16.011452,21.095985,22.878637,21.101725,22.800217,19.917913,23.084015,18.01295,18.429167,21.083221,22.651192,21.134659,23.142439,15.010659,15.042753,0.0,0.0,4.0,0.0,4.0,4.0,0.0,0.0
41519,2023.0,10.0,16.0,7.0,21.819954,23.898808,16.30914,15.887389,21.72564,23.782648,21.776266,23.815647,16.58104,16.268053,20.21985,22.787563,21.7175,23.583895,21.86967,24.220892,15.728241,16.181973,0.0,0.0,0.0,0.0,0.0,4.0,0.0,0.0
41520,2023.0,10.0,16.0,8.0,20.916239,22.32897,16.07874,15.666692,20.919405,22.37683,20.929094,22.336433,14.982946,14.457509,17.298706,16.890718,20.942612,22.197197,20.915108,22.540354,14.990343,15.0573225,0.0,0.0,0.0,0.0,0.0,4.0,0.0,0.0
41521,2023.0,10.0,16.0,8.0,18.734594,18.246939,16.299654,16.262327,19.150887,19.088213,19.156034,19.073631,15.034746,14.775242,16.000347,15.620003,18.770441,18.108633,18.90659,18.810003,15.02507,15.195956,4.0,0.0,0.0,0.0,0.0,0.0,0.0,0.0
41522,2023.0,10.0,16.0,8.0,17.97376,17.686995,20.240007,23.223091,18.695745,18.887756,18.026953,17.656708,15.016034,14.911267,15.758977,15.433379,17.694983,16.849636,17.802736,17.527853,15.020706,15.241933,4.0,4.0,0.0,0.0,0.0,0.0,0.0,0.0
41523,2023.0,10.0,16.0,8.0,17.700958,17.45264,20.058464,22.405388,18.587315,18.841097,17.550615,17.148012,15.019073,15.026287,15.484866,15.175408,17.286928,16.450228,17.312096,17.021687,15.022316,15.286151,0.0,4.0,0.0,0.0,0.0,0.0,0.0,0.0
41524,2023.0,10.0,16.0,8.0,17.444801,17.233528,17.394747,17.008741,17.875628,17.61459,17.241234,16.861544,15.018313,15.101129,15.265712,14.983609,17.01149,16.215519,16.97278,16.706871,15.02193,15.316431,0.0,4.0,0.0,0.0,0.0,0.0,0.0,0.0
41525,2023.0,10.0,16.0,8.0,17.210962,17.009834,16.75855,16.734951,16.880144,16.056513,16.973806,16.60335,15.018744,15.156469,15.070786,14.8023815,17.195757,16.844639,16.68331,16.428219,15.022059,15.340063,4.0,0.0,0.0,0.0,0.0,0.0,0.0,0.0
41526,2023.0,10.0,16.0,9.0,17.007751,16.814394,20.199638,22.87766,16.379816,15.524838,16.754606,16.399797,15.018674,15.195599,15.008224,14.841798,17.198189,16.917492,16.446125,16.207722,15.021998,15.357519,0.0,0.0,0.0,0.0,0.0,0.0,0.0,0.0
41527,2023.0,10.0,16.0,9.0,16.849943,16.68027,17.985462,18.19724,16.122675,15.297741,16.570688,16.233932,15.018354,15.223587,15.014861,14.943363,17.083845,16.816444,16.245487,16.023485,15.021927,15.370823,0.0,0.0,0.0,0.0,0.0,0.0,0.0,0.0
41528,2023.0,10.0,16.0,9.0,16.711634,16.559586,16.563366,16.275969,16.313349,15.901895,16.414568,16.09437,15.018212,15.244204,15.01415,15.005233,17.757305,18.19953,16.074108,15.8657255,15.021511,15.380356,0.0,0.0,0.0,0.0,0.0,4.0,0.0,0.0
41529,2023.0,10.0,16.0,9.0,16.591045,16.45445,16.229183,15.921681,16.363739,16.030546,16.283838,15.983045,15.018002,15.259296,15.013974,15.050554,16.878529,16.31415,15.928303,15.73056,15.021036,15.387345,0.0,0.0,0.0,0.0,0.0,0.0,0.0,0.0
41530,2023.0,10.0,16.0,9.0,17.259483,17.816813,16.034945,15.740053,16.289677,15.984054,16.169346,15.885584,15.017709,15.270035,15.115635,15.264789,16.415209,15.802395,16.851572,17.589893,15.020895,15.39284,0.0,0.0,0.0,0.0,4.0,0.0,4.0,0.0
41531,2023.0,10.0,16.0,9.0,16.839266,16.87518,15.880362,15.601046,16.206202,15.919617,16.070417,15.803777,15.017281,15.276977,19.745007,22.830036,16.294834,15.70605,15.931726,15.537064,15.021004,15.399296,0.0,0.0,0.0,0.0,0.0,0.0,0.0,0.0
41532,2023.0,10.0,16.0,10.0,16.145287,15.742476,15.757143,15.490384,16.128311,15.85864,15.985638,15.733808,15.016888,15.281871,17.401062,17.926878,16.521772,16.269281,15.39175,14.932516,15.020533,15.40273,0.0,0.0,0.0,0.0,0.0,0.0,0.0,0.0
41533,2023.0,10.0,16.0,10.0,15.871467,15.4540615,15.652515,15.396727,16.055996,15.800878,16.60449,16.979076,15.016423,15.284945,15.638385,15.482414,16.603226,16.402006,15.23408,14.78802,15.020288,15.405226,0.0,0.0,4.0,0.0,0.0,0.0,0.0,0.0
41534,2023.0,10.0,16.0,10.0,16.056322,15.952339,15.564881,15.322704,15.991126,15.751189,16.226948,16.112198,15.016067,15.286689,15.712391,15.893194,16.581347,16.392859,15.133763,14.711261,15.019386,15.404945,0.0,0.0,0.0,0.0,4.0,0.0,0.0,0.0
41535,2023.0,10.0,16.0,10.0,16.112164,16.054136,15.490905,15.263627,15.932974,15.708536,15.66587,15.200901,15.560339,16.008162,20.126642,23.196056,16.55693,16.378984,15.279066,15.102329,15.580854,16.16164,0.0,0.0,0.0,0.0,0.0,0.0,0.0,0.0
41536,2023.0,10.0,16.0,10.0,16.090652,16.063478,15.430235,15.21401,15.879415,15.6687565,16.059116,16.125608,14.994224,15.109306,17.71022,18.230179,16.536158,16.368006,16.4672,17.343967,14.974553,15.188427,0.0,0.0,4.0,0.0,0.0,0.0,4.0,0.0
41537,2023.0,10.0,16.0,10.0,16.052141,16.039028,15.377852,15.173251,15.831438,15.633505,15.656725,15.240367,15.415413,15.960791,16.06057,15.960291,17.294836,17.824553,15.654395,15.408579,15.030813,15.33258,0.0,0.0,0.0,4.0,0.0,4.0,0.0,0.0
41538,2023.0,10.0,16.0,11.0,16.012117,16.009207,15.762032,15.944394,15.788204,15.602568,15.373801,14.927477,19.835144,23.461258,15.687917,15.527494,17.395836,17.733952,15.17143,14.840679,15.015908,15.333011,4.0,0.0,0.0,0.0,0.0,4.0,0.0,0.0
41539,2023.0,10.0,16.0,11.0,15.9712105,15.973831,20.085344,23.445747,15.746589,15.571128,15.293947,14.868638,16.884846,17.106178,15.483461,15.313353,16.661674,16.332878,15.060793,14.733749,15.017361,15.352828,0.0,0.0,0.0,0.0,0.0,0.0,0.0,0.0
41540,2023.0,10.0,16.0,11.0,15.944384,15.961302,17.788513,18.359312,15.70661,15.540931,15.432982,15.229117,15.209039,14.911778,15.340639,15.178026,16.348898,15.947413,14.99908,14.6891575,15.016836,15.363039,0.0,0.0,0.0,0.0,0.0,0.0,0.0,0.0
41541,2023.0,10.0,16.0,11.0,15.910285,15.934178,16.211176,16.135296,15.667834,15.51094,15.498774,15.345447,15.032022,14.876254,15.226226,15.067305,16.2754,15.879977,15.125007,14.994243,15.016813,15.370152,0.0,0.0,0.0,0.0,0.0,0.0,0.0,0.0
41542,2023.0,10.0,16.0,11.0,15.876776,15.90741,15.882391,15.720183,15.6303625,15.481228,15.479111,15.33842,15.003713,14.927677,15.128251,14.969913,16.238764,15.858267,15.161119,15.050458,15.032142,15.404779,0.0,0.0,0.0,0.0,0.0,0.0,0.0,0.0
41543,2023.0,10.0,16.0,11.0,16.657774,17.412024,15.747366,15.604912,15.598411,15.460284,15.451029,15.320972,15.010485,15.013324,15.058439,14.912937,16.410585,16.241716,15.145854,15.03912,15.013733,15.369537,0.0,0.0,0.0,0.0,0.0,0.0,0.0,0.0
41544,2023.0,10.0,16.0,12.0,16.22334,16.356161,15.63612,15.498919,15.566396,15.436812,15.421013,15.299611,15.009817,15.064669,14.998405,14.866367,16.483139,16.34725,15.126127,15.0224285,15.016148,15.376702,0.0,0.0,0.0,0.0,0.0,0.0,0.0,0.0
41545,2023.0,10.0,16.0,12.0,20.484058,23.814985,15.54579,15.415224,20.951412,24.52659,20.874565,24.482313,15.010059,15.101414,15.005712,14.920781,20.717928,23.581924,21.011246,25.024803,15.015774,15.376816,0.0,0.0,0.0,0.0,0.0,0.0,0.0,0.0
41546,2023.0,10.0,16.0,12.0,21.088572,24.390203,15.465802,15.339321,21.005299,24.296947,21.005667,24.399088,15.009365,15.122729,15.004649,14.947262,21.450394,24.64567,21.573883,25.56487,15.014764,15.371962,0.0,0.0,0.0,0.0,0.0,0.0,0.0,0.0
41547,2023.0,10.0,16.0,12.0,21.058374,23.955107,15.858886,16.143574,21.09676,24.06658,21.10018,24.168152,15.00928,15.135692,15.34559,15.607528,21.03601,23.495323,22.23006,26.212257,15.014208,15.362596,4.0,0.0,0.0,0.0,4.0,0.0,0.0,0.0
41548,2023.0,10.0,16.0,12.0,21.648344,24.64759,20.154392,23.47755,21.899672,25.03145,21.845213,25.040483,15.779062,16.288132,20.033918,23.749952,21.945244,24.83094,21.935596,25.082336,15.900597,16.72283,0.0,0.0,0.0,0.0,0.0,0.0,0.0,0.0
41549,2023.0,10.0,16.0,12.0,20.975403,23.264275,17.857643,18.441849,20.922842,23.113947,20.927862,23.22283,15.005914,15.007387,17.571318,18.2445,20.952919,22.793991,20.898909,23.104374,15.767808,15.993199,0.0,0.0,0.0,0.0,0.0,0.0,0.0,0.0
41550,2023.0,10.0,16.0,13.0,21.107588,23.418417,16.289383,16.254152,21.081291,23.314959,21.106825,23.478888,15.016216,15.07831,15.88349,15.847845,21.076744,22.939236,21.107937,23.44156,14.9859495,15.045624,0.0,4.0,0.0,0.0,0.0,0.0,0.0,0.0
41551,2023.0,10.0,16.0,13.0,21.068335,23.284298,15.953731,15.831293,21.077208,23.250862,21.073952,23.330479,15.006664,15.085627,15.562121,15.438713,21.057333,22.817879,21.072113,23.299257,15.018113,15.166215,0.0,0.0,0.0,0.0,0.0,0.0,0.0,0.0
41552,2023.0,10.0,16.0,13.0,21.156084,23.400648,15.7950735,15.670223,21.147547,23.253437,21.167356,23.437378,15.014352,15.122089,15.410639,15.27568,21.128777,22.88523,21.163992,23.410976,15.019409,15.2067375,0.0,4.0,0.0,0.0,0.0,0.0,0.0,0.0
41553,2023.0,10.0,16.0,13.0,21.15078,23.317957,15.679912,15.55805,21.179182,23.24965,21.160841,23.337612,15.015156,15.134788,15.307379,15.173207,21.123743,22.801546,21.158249,23.317404,15.021468,15.234036,0.0,0.0,0.0,0.0,0.0,0.0,0.0,0.0
41554,2023.0,10.0,16.0,13.0,21.148136,23.274317,15.5828495,15.463986,21.173534,23.159681,21.1574,23.283241,15.016201,15.147826,15.221186,15.088954,21.120296,22.750034,21.154707,23.264969,15.02211,15.251195,0.0,0.0,0.0,0.0,0.0,0.0,0.0,0.0
41555,2023.0,10.0,16.0,13.0,21.102161,23.122652,15.499827,15.384018,21.143625,23.077854,21.113966,23.130165,15.016277,15.15666,15.146579,15.0169735,21.117634,22.706938,21.152124,23.219252,15.023027,15.26515,0.0,0.0,4.0,0.0,0.0,0.0,0.0,0.0
41556,2023.0,10.0,16.0,14.0,21.05778,23.012491,15.894824,16.193798,21.060865,22.91448,21.088108,23.06863,15.007376,15.148075,15.084457,14.961671,21.049316,22.556318,21.062786,23.030296,15.010361,15.251321,4.0,0.0,0.0,0.0,0.0,0.0,0.0,0.0
41557,2023.0,10.0,16.0,14.0,19.015976,19.090336,20.149902,23.46834,19.315023,19.547562,18.951183,18.926609,15.009083,15.159125,15.026087,14.907158,19.564886,19.68029,19.12956,19.289547,15.012014,15.26396,0.0,0.0,0.0,0.0,0.0,0.0,0.0,0.0
41558,2023.0,10.0,16.0,14.0,18.603432,19.027239,18.123106,18.936016,18.228586,18.135155,17.944973,17.823818,15.008978,15.166336,15.001528,14.907335,18.75215,18.614157,18.05872,17.941847,15.012305,15.2741165,4.0,0.0,0.0,0.0,0.0,0.0,0.0,0.0
41559,2023.0,10.0,16.0,14.0,18.534462,18.999191,20.247921,23.12245,17.8085,17.662693,17.609726,17.484894,15.009395,15.174759,15.004557,14.943678,19.241041,19.79218,17.635254,17.491552,15.012704,15.284818,0.0,0.0,0.0,0.0,0.0,4.0,0.0,0.0
41560,2023.0,10.0,16.0,14.0,18.387548,18.869608,17.820435,18.030228,17.536158,17.384205,17.339659,17.214485,15.009452,15.181889,15.003759,14.965734,18.678368,18.66813,17.347973,17.205725,15.01274,15.294547,0.0,0.0,0.0,0.0,0.0,0.0,0.0,0.0
41561,2023.0,10.0,16.0,14.0,18.265936,18.756306,16.529982,16.429287,17.309353,17.148592,17.107515,16.974026,15.009867,15.190028,15.005206,14.9893055,18.00766,17.652754,17.107275,16.962551,15.013822,15.305776,0.0,0.0,0.0,0.0,0.0,0.0,0.0,0.0
41562,2023.0,10.0,16.0,15.0,18.167261,18.668945,16.281162,16.171288,17.865763,18.358047,16.925516,16.799408,15.572151,16.250315,15.005232,15.009885,18.549038,18.911524,16.914871,16.781322,15.0133505,15.314399,0.0,4.0,0.0,4.0,0.0,4.0,0.0,0.0
41563,2023.0,10.0,16.0,15.0,18.079634,18.58436,16.10681,15.998756,17.41693,17.431072,16.768414,16.647354,20.293175,24.281305,15.005648,15.029907,17.93515,17.649124,16.747747,16.623365,15.0137205,15.324128,0.0,0.0,0.0,4.0,0.0,0.0,0.0,0.0
41564,2023.0,10.0,16.0,15.0,17.333357,17.254972,15.960605,15.8509035,17.4997,17.78724,16.627457,16.506075,20.040253,23.24097,15.006224,15.049393,18.362,18.735504,16.595911,16.475222,15.014139,15.33268,0.0,4.0,0.0,0.0,0.0,4.0,0.0,0.0
41565,2023.0,10.0,16.0,15.0,17.649343,18.115618,15.841041,15.733106,17.570688,17.895914,16.508242,16.3905,17.747625,18.411356,15.006632,15.06762,18.562784,18.983755,16.46558,16.35225,15.583664,16.397482,0.0,4.0,0.0,4.0,0.0,4.0,0.0,4.0
41566,2023.0,10.0,16.0,15.0,17.806425,18.330757,16.164698,16.428604,17.542593,17.873158,17.12149,17.633919,20.336876,23.45957,15.007031,15.0849495,18.560215,18.984184,16.34805,16.239565,19.999254,23.871456,4.0,4.0,4.0,4.0,0.0,4.0,0.0,0.0
41567,2023.0,10.0,16.0,15.0,17.794807,18.324919,20.264025,23.498167,16.870668,16.64981,16.748558,16.778015,20.054926,22.639566,15.007621,15.100769,17.812143,17.593035,16.243107,16.139643,16.87834,17.193892,0.0,0.0,0.0,0.0,0.0,0.0,0.0,0.0
41568,2023.0,10.0,16.0,16.0,17.770903,18.298319,18.28878,19.114128,16.497242,16.186935,16.231115,15.983697,18.15305,18.748999,15.240938,15.541622,17.419092,17.1079,16.14813,16.049154,15.273284,15.135357,4.0,0.0,0.0,4.0,4.0,0.0,0.0,0.0
41569,2023.0,10.0,16.0,16.0,17.10628,17.073256,20.50398,23.11262,16.99475,17.227173,16.694765,16.969328,20.738306,23.238947,19.956861,23.58249,17.282028,16.961735,16.070387,15.974136,15.063176,14.970243,0.0,4.0,4.0,0.0,0.0,0.0,0.0,0.0
41570,2023.0,10.0,16.0,16.0,17.44587,17.934254,18.706629,19.21734,16.591803,16.366188,16.331064,16.167011,18.453762,18.689949,17.588678,18.301035,17.169159,16.854176,15.990761,15.898453,15.900425,16.695208,4.0,0.0,0.0,0.0,0.0,0.0,0.0,4.0
41571,2023.0,10.0,16.0,16.0,17.570177,18.099195,20.317696,22.262949,16.957245,17.191599,16.69856,16.97567,17.14695,16.825247,16.224852,16.132072,17.244404,17.0955,17.047075,17.955122,20.036423,23.77213,4.0,4.0,4.0,0.0,0.0,0.0,4.0,0.0
41572,2023.0,10.0,16.0,16.0,16.93944,16.913746,20.056559,21.82638,16.565403,16.36058,16.304317,16.132622,16.789305,16.625246,15.862552,15.7416935,17.24337,17.125317,16.309895,16.214785,16.997059,17.293497,0.0,0.0,0.0,0.0,0.0,0.0,0.0,0.0
41573,2023.0,10.0,16.0,16.0,16.57192,16.4302,18.206963,18.212801,16.234814,15.933767,16.607275,16.886978,16.51419,16.380362,15.655524,15.540297,17.18726,17.075418,15.82143,15.611276,15.400983,15.213853,0.0,0.0,4.0,0.0,0.0,0.0,0.0,0.0
41574,2023.0,10.0,16.0,17.0,16.448696,16.288576,17.940365,18.129795,16.114784,15.800245,16.14554,15.953648,17.073874,17.635065,15.519738,15.404438,17.132723,17.022318,15.689181,15.4641695,15.206997,15.101592,4.0,0.0,0.0,4.0,0.0,0.0,0.0,0.0
41575,2023.0,10.0,16.0,17.0,16.361788,16.200502,20.22209,22.351957,16.848782,17.27209,16.544561,16.816017,20.292019,23.24248,15.402341,15.292497,17.079638,16.971806,15.601569,15.378187,15.081787,14.997022,0.0,4.0,4.0,0.0,0.0,0.0,0.0,0.0
41576,2023.0,10.0,16.0,17.0,17.147972,17.77549,18.821163,19.41442,17.02902,17.37759,16.770082,17.112083,18.221355,18.816505,15.283872,15.182235,17.844805,18.474518,15.636563,15.535736,15.003842,14.993144,4.0,4.0,4.0,4.0,0.0,4.0,0.0,0.0
41577,2023.0,10.0,16.0,17.0,17.322163,17.84915,20.260681,22.30847,16.401598,16.212631,16.18461,15.995621,20.32916,23.057142,15.174384,15.075038,17.92448,18.372004,16.759645,17.684967,15.012693,15.099685,0.0,0.0,0.0,0.0,0.0,4.0,4.0,0.0
41578,2023.0,10.0,16.0,17.0,17.316689,17.833036,18.589699,18.87098,16.678516,16.922386,16.474028,16.739872,17.822638,17.92225,15.080723,14.987261,17.901018,18.325228,17.009634,17.765705,15.012085,15.163919,4.0,4.0,4.0,0.0,0.0,4.0,4.0,0.0
41579,2023.0,10.0,16.0,17.0,17.336115,17.843401,20.234135,22.278765,16.288261,16.080654,16.068937,15.861834,16.477343,16.19211,14.999034,14.917881,17.180157,16.943165,17.047132,17.7858,15.013075,15.210573,4.0,0.0,0.0,0.0,0.0,0.0,4.0,0.0
41580,2023.0,10.0,16.0,18.0,17.34134,17.837307,20.050583,21.755224,16.605476,16.849756,16.395859,16.66485,17.015623,17.562212,15.007616,14.987955,16.828571,16.51136,16.09825,15.94316,15.013448,15.243671,0.0,4.0,4.0,4.0,0.0,0.0,0.0,0.0
41581,2023.0,10.0,16.0,18.0,21.300692,24.69576,18.521265,18.696245,20.974234,24.254353,20.789404,24.103762,20.32751,23.230343,15.0062685,15.024959,20.836535,23.46493,21.474607,25.416842,15.014236,15.270556,4.0,0.0,0.0,4.0,0.0,0.0,4.0,0.0
41582,2023.0,10.0,16.0,18.0,21.0166,23.712584,20.236197,22.204947,21.017006,23.81255,21.065649,24.091003,20.05225,22.406864,15.007153,15.05256,21.060272,23.621876,21.624115,25.235085,15.013433,15.280995,4.0,4.0,0.0,0.0,0.0,0.0,0.0,0.0
41583,2023.0,10.0,16.0,18.0,21.077085,23.544374,20.0329,21.641737,21.107914,23.66849,21.105127,23.804022,17.698431,17.67213,15.007203,15.070554,21.04593,23.286978,22.099436,25.605658,15.013241,15.2843075,4.0,0.0,0.0,0.0,0.0,4.0,0.0,0.0
41584,2023.0,10.0,16.0,18.0,21.0668,23.326094,20.08225,21.65491,21.09157,23.398085,21.07931,23.538511,17.249146,17.5936,15.00719,15.082045,21.060396,23.085781,20.952377,23.241571,15.013182,15.28418,0.0,0.0,0.0,4.0,0.0,4.0,0.0,0.0
41585,2023.0,10.0,16.0,18.0,21.06551,23.18126,18.298851,18.16357,21.0909,23.224983,21.057062,23.321117,20.347578,23.004803,15.007074,15.089352,21.083673,22.985245,21.11174,23.415962,15.012965,15.285542,0.0,0.0,4.0,0.0,0.0,0.0,0.0,0.0
41586,2023.0,10.0,16.0,19.0,21.088558,23.139088,17.891968,18.05392,21.047514,23.026955,21.059408,23.216524,17.816635,17.824282,15.007486,15.096634,21.076881,22.842085,21.074862,23.257782,15.012905,15.284464,4.0,4.0,4.0,0.0,0.0,0.0,0.0,0.0
41587,2023.0,10.0,16.0,19.0,21.082022,23.037039,20.264952,22.295795,21.052963,22.968758,21.074755,23.130024,17.262169,17.599485,15.007889,15.102737,21.046995,22.66586,21.077597,23.191813,15.012631,15.282502,4.0,4.0,4.0,4.0,0.0,4.0,0.0,0.0
41588,2023.0,10.0,16.0,19.0,21.055498,22.893492,20.031498,21.650412,21.068155,22.910173,21.071053,23.034601,20.429356,23.002619,15.0075655,15.104816,21.079004,22.678642,21.075758,23.128992,15.650598,16.472158,4.0,4.0,4.0,4.0,0.0,0.0,0.0,4.0
41589,2023.0,10.0,16.0,19.0,21.084911,22.917501,20.064661,21.599201,21.064663,22.835108,21.09387,23.028168,20.04907,22.167494,15.218507,15.492968,21.043682,22.528522,21.07487,23.07747,20.100298,23.986519,4.0,4.0,0.0,0.0,4.0,4.0,0.0,0.0
41590,2023.0,10.0,16.0,19.0,21.379902,23.230007,20.478638,22.014454,21.648836,23.553709,21.527634,23.428837,17.825974,17.726336,20.264261,23.813728,21.451452,23.06454,21.59031,23.64931,16.82023,16.980331,0.0,0.0,4.0,0.0,0.0,0.0,0.0,0.0
41591,2023.0,10.0,16.0,19.0,20.930672,22.384436,18.512539,18.37711,20.910885,22.287504,21.024046,22.685038,17.414524,17.702309,17.837158,18.669445,20.950727,22.152514,21.04199,22.866888,15.25887,15.042475,0.0,0.0,4.0,4.0,4.0,4.0,0.0,0.0
41592,2023.0,10.0,16.0,20.0,21.101265,22.752647,17.812529,17.68275,21.083614,22.618904,21.070469,22.756132,21.371841,24.287859,20.261024,23.465778,21.058023,22.368444,21.075409,22.919044,16.154259,17.016626,4.0,4.0,4.0,4.0,0.0,4.0,0.0,4.0
41593,2023.0,10.0,16.0,20.0,21.04637,22.615192,20.244806,22.142967,21.056553,22.56312,21.063654,22.720568,20.037153,21.95411,17.805264,18.239555,21.043184,22.335672,21.032566,22.791553,20.321548,24.024466,4.0,4.0,4.0,0.0,0.0,4.0,4.0,0.0
41594,2023.0,10.0,16.0,20.0,21.080639,22.692331,20.04437,21.573706,21.084097,22.627094,21.08801,22.764118,18.503569,18.851206,16.300503,16.209204,21.044342,22.32958,21.05441,22.798542,17.70921,18.363583,0.0,0.0,0.0,4.0,0.0,4.0,4.0,4.0
41595,2023.0,10.0,16.0,20.0,21.074032,22.660093,18.307743,18.136175,21.05321,22.526205,21.057833,22.655241,20.373503,22.469645,15.945275,15.820141,21.043886,22.317265,21.08977,22.868258,20.360865,23.641325,0.0,4.0,4.0,0.0,0.0,4.0,0.0,0.0
41596,2023.0,10.0,16.0,20.0,21.073818,22.638193,17.54,17.313148,21.083155,22.588808,21.062489,22.641455,18.070782,17.947283,16.131037,16.348938,21.07307,22.380386,21.081902,22.818539,17.343433,17.389196,0.0,0.0,4.0,0.0,4.0,0.0,0.0,0.0
41597,2023.0,10.0,16.0,20.0,21.176006,22.854671,17.78238,17.95611,21.162777,22.7261,21.167503,22.84917,16.876637,16.471468,20.476065,23.652588,21.1283,22.468122,21.183771,22.989931,16.836206,17.387243,4.0,0.0,0.0,0.0,4.0,0.0,0.0,4.0
41598,2023.0,10.0,16.0,21.0,21.160185,22.824366,20.260828,22.336617,21.154276,22.68418,21.153173,22.790182,17.544264,18.08865,20.027771,22.55329,21.125063,22.420477,21.172789,22.936485,20.98153,24.523743,0.0,0.0,0.0,4.0,4.0,4.0,0.0,0.0
41599,2023.0,10.0,16.0,21.0,21.057747,22.616337,18.871311,19.355358,21.033264,22.43647,21.079535,22.613209,21.65121,25.049402,20.09214,22.380825,21.042358,22.242388,21.065401,22.724802,17.76583,17.81964,4.0,4.0,0.0,0.0,4.0,4.0,0.0,0.0
41600,2023.0,10.0,16.0,21.0,21.214033,22.905407,20.257393,22.121376,21.065395,22.53094,21.060974,22.587639,18.574627,18.594976,20.080572,22.145292,21.134275,22.435001,21.067078,22.72634,16.1001,15.76612,0.0,0.0,0.0,0.0,4.0,0.0,0.0,0.0
41601,2023.0,10.0,16.0,21.0,21.035734,22.54398,18.313112,18.148987,21.077057,22.51744,21.062958,22.593576,16.92254,16.519352,20.07839,21.98602,21.065674,22.277163,21.06642,22.719158,15.892476,15.750006,0.0,0.0,0.0,0.0,4.0,0.0,0.0,0.0
41602,2023.0,10.0,16.0,21.0,21.101667,22.640144,17.459785,17.210447,21.107334,22.515081,21.124945,22.710321,16.76813,16.597517,20.18362,22.080956,21.129738,22.381245,21.13342,22.839186,15.732997,15.605926,0.0,4.0,0.0,0.0,0.0,0.0,0.0,0.0
41603,2023.0,10.0,16.0,21.0,21.069462,22.569431,17.74336,17.901772,21.047321,22.385626,21.053097,22.559175,17.407957,17.949293,18.362608,18.461718,21.042076,22.219728,21.056341,22.672697,15.567706,15.455796,4.0,4.0,0.0,4.0,4.0,0.0,0.0,0.0
41604,2023.0,10.0,16.0,22.0,21.044931,22.475967,20.23884,22.361189,21.054422,22.38687,21.06284,22.57353,20.454037,23.178822,20.349762,22.415,21.051847,22.246777,21.066027,22.682632,15.414254,15.306413,0.0,4.0,0.0,0.0,0.0,0.0,0.0,0.0
41605,2023.0,10.0,16.0,22.0,21.075521,22.538568,18.551708,18.79049,21.078089,22.440617,21.06095,22.561981,17.853209,17.778713,18.342258,18.460371,21.050467,22.245472,21.064512,22.668438,15.287661,15.185465,0.0,0.0,0.0,0.0,4.0,0.0,0.0,0.0
41606,2023.0,10.0,16.0,22.0,21.069227,22.50443,17.504982,17.345047,21.072447,22.410116,21.06092,22.55303,16.60601,16.216816,20.353857,22.466105,21.05037,22.243113,21.06405,22.655655,15.179614,15.081757,0.0,0.0,0.0,0.0,4.0,0.0,0.0,0.0
41607,2023.0,10.0,16.0,22.0,21.06868,22.484032,17.707176,17.91109,21.071535,22.389093,21.059643,22.54055,16.519968,16.357176,20.043165,21.830135,21.049719,22.237194,21.063068,22.641527,15.085137,14.989545,4.0,0.0,0.0,0.0,0.0,0.0,0.0,0.0
41608,2023.0,10.0,16.0,22.0,21.17757,22.718386,20.230886,22.395994,21.179436,22.62266,21.169262,22.749376,17.070524,17.500154,18.343035,18.48475,21.129166,22.389751,21.185768,22.874449,15.005202,14.911129,0.0,0.0,0.0,4.0,0.0,0.0,0.0,0.0
41609,2023.0,10.0,16.0,22.0,21.053925,22.473825,18.192879,18.102066,21.05567,22.378908,21.059486,22.517136,20.408854,23.133713,17.303347,17.153803,21.049341,22.220558,21.062374,22.612036,15.0076,14.973523,0.0,0.0,0.0,0.0,0.0,0.0,0.0,0.0
41610,2023.0,10.0,16.0,23.0,21.05323,22.473272,17.029324,16.537668,21.055534,22.381384,21.059479,22.508884,17.776966,17.723585,16.936369,16.76286,21.049292,22.212868,21.062449,22.600943,15.005694,15.003718,0.0,0.0,0.0,0.0,0.0,0.0,0.0,0.0
41611,2023.0,10.0,16.0,23.0,19.726841,19.924603,16.969864,16.690805,19.696213,19.77217,19.579597,19.659626,17.093279,17.231264,16.683159,16.513924,19.775196,19.754627,19.429821,19.448523,15.006217,15.029194,0.0,0.0,0.0,4.0,0.0,0.0,0.0,0.0
41612,2023.0,10.0,16.0,23.0,18.904552,18.853642,16.9489,16.716715,18.79586,18.567291,18.639864,18.43097,17.09898,17.262135,16.46605,16.294119,19.09286,18.896269,18.538181,18.360872,15.0068245,15.049605,0.0,0.0,0.0,4.0,0.0,0.0,0.0,0.0
41613,2023.0,10.0,16.0,23.0,18.616323,18.559929,16.856853,16.633913,19.171537,19.538282,18.314907,18.095404,17.022923,17.19216,16.612917,16.733885,18.851646,18.658976,18.211302,18.038826,15.007357,15.066808,0.0,4.0,0.0,4.0,4.0,0.0,0.0,0.0
41614,2023.0,10.0,16.0,23.0,18.407692,18.349768,16.764784,16.54454,19.26881,19.70097,18.080307,17.858412,16.951946,17.123678,16.33427,16.220121,18.664305,18.474937,17.964262,17.795868,15.582877,16.15974,0.0,4.0,0.0,4.0,0.0,0.0,0.0,4.0
41615,2023.0,10.0,16.0,23.0,18.272438,18.21891,16.698174,16.481253,18.26999,17.839832,17.928396,17.71097,16.367733,16.076288,16.133911,15.988353,18.537495,18.355173,17.798714,17.638712,14.993197,15.027667,0.0,0.0,0.0,0.0,0.0,0.0,0.0,0.0
41616,2023.0,10.0,17.0,0.0,18.120535,18.064264,16.622139,16.405445,17.703495,17.13622,17.759243,17.538975,15.9689045,15.591158,15.976351,15.823414,18.397697,18.21589,17.61777,17.458113,15.036475,15.132454,0.0,0.0,0.0,0.0,0.0,0.0,0.0,0.0
41617,2023.0,10.0,17.0,0.0,17.98998,17.935743,16.554155,16.339817,17.489035,16.928995,17.61322,17.393888,15.796083,15.422758,15.852073,15.701305,18.273867,18.090847,17.461443,17.306595,15.0255995,15.109494,0.0,0.0,0.0,0.0,0.0,0.0,0.0,0.0
41618,2023.0,10.0,17.0,0.0,17.882006,17.836365,16.496904,16.289087,17.613377,17.35161,17.494553,17.285477,15.895223,15.754589,15.751434,15.610336,18.168003,17.989285,17.328775,17.183098,15.005526,15.090637,0.0,0.0,0.0,0.0,0.0,0.0,0.0,0.0
41619,2023.0,10.0,17.0,0.0,17.787363,17.749992,16.445164,16.24343,17.597263,17.365456,17.390139,17.190186,15.882102,15.759174,15.65957,15.521716,18.075268,17.90099,17.210314,17.069302,15.556461,16.135891,0.0,0.0,0.0,0.0,0.0,0.0,0.0,4.0
41620,2023.0,10.0,17.0,0.0,17.713531,17.680883,16.403343,16.20563,17.532114,17.3116,17.309093,17.114092,15.824875,15.699903,15.5870285,15.450494,18.755123,19.252546,17.116638,16.977264,14.9548,14.969712,0.0,0.0,0.0,0.0,0.0,4.0,0.0,0.0
41621,2023.0,10.0,17.0,0.0,17.635994,17.608541,16.359287,16.166185,17.452719,17.239094,17.223856,17.03493,15.759897,15.636644,15.51132,15.377553,18.020815,17.648907,17.018839,16.882086,15.0280695,15.133268,0.0,0.0,0.0,0.0,0.0,0.0,0.0,0.0
41622,2023.0,10.0,17.0,1.0,17.562471,17.537289,16.316597,16.126438,17.375364,17.165054,17.143047,16.956839,16.288258,16.68376,15.439552,15.305999,17.627335,17.191977,16.927095,16.790277,15.011783,15.104788,0.0,0.0,0.0,4.0,0.0,0.0,0.0,0.0
41623,2023.0,10.0,17.0,1.0,17.497389,17.475416,16.277689,16.090876,17.30542,17.099539,17.071043,16.888765,15.954077,15.87104,15.675768,15.804882,17.506372,17.074736,16.845346,16.70973,15.008441,15.113149,0.0,0.0,0.0,0.0,4.0,0.0,0.0,0.0
41624,2023.0,10.0,17.0,1.0,17.438414,17.4203,16.242352,16.059046,17.241924,17.041237,17.731958,18.190914,15.732071,15.618368,15.503383,15.408915,17.654692,17.469685,16.772049,16.638647,15.00889,15.1247015,0.0,0.0,4.0,0.0,0.0,0.0,0.0,0.0
41625,2023.0,10.0,17.0,1.0,17.382788,17.367184,16.208576,16.02798,17.18209,16.985,17.340178,17.271614,15.647984,15.528701,15.639257,15.770177,17.677828,17.509846,16.703669,16.571016,15.008427,15.131612,0.0,0.0,0.0,0.0,4.0,0.0,0.0,0.0
41626,2023.0,10.0,17.0,1.0,17.330378,17.316431,16.176683,15.998118,17.125889,16.931396,16.757296,16.320772,15.588781,15.468478,15.444413,15.337923,17.634642,17.46825,16.640057,16.507473,15.009263,15.139345,0.0,0.0,0.0,0.0,0.0,0.0,0.0,0.0
41627,2023.0,10.0,17.0,1.0,17.280563,17.26732,16.14558,15.968213,17.072027,16.878473,16.563093,16.12246,15.537579,15.416421,15.291042,15.159801,17.589401,17.422815,16.580729,16.447817,15.017721,15.161696,0.0,0.0,0.0,0.0,0.0,0.0,0.0,0.0
41628,2023.0,10.0,17.0,2.0,17.236727,17.227055,16.118202,15.944445,17.025806,16.837408,16.71806,16.528965,15.494138,15.37499,15.227162,15.098919,17.54836,17.383776,16.527758,16.39685,15.006647,15.143499,0.0,0.0,0.0,0.0,0.0,0.0,0.0,0.0
41629,2023.0,10.0,17.0,2.0,17.1917,17.181767,16.088408,15.914595,16.977459,16.788969,16.745089,16.572859,15.451396,15.33111,15.17252,15.0424385,17.50659,17.341028,16.47553,16.3439,15.017999,15.171283,0.0,0.0,0.0,0.0,0.0,0.0,0.0,0.0
41630,2023.0,10.0,17.0,2.0,17.150179,17.141588,16.060707,15.8885355,16.934,16.748281,16.710949,16.54424,15.412625,15.292822,15.445912,15.598131,17.467567,17.302498,16.427046,16.29603,15.007505,15.152298,0.0,0.0,0.0,0.0,4.0,0.0,0.0,0.0
41631,2023.0,10.0,17.0,2.0,17.10945,17.101208,16.033184,15.86141,16.890993,16.706291,16.670082,16.504477,15.375218,15.255047,15.243955,15.127675,17.4292,17.26385,16.380033,16.248846,15.010089,15.161012,0.0,0.0,0.0,0.0,0.0,0.0,0.0,0.0
41632,2023.0,10.0,17.0,2.0,17.07157,17.06477,16.007204,15.836734,16.851145,16.668745,16.630592,16.467052,15.340567,15.221023,15.119999,14.995672,17.39296,17.228329,16.336231,16.20615,15.50673,16.0921,0.0,0.0,0.0,0.0,0.0,0.0,0.0,4.0
41633,2023.0,10.0,17.0,2.0,17.037045,17.03002,15.983187,15.81279,16.815012,16.633009,16.594591,16.431124,15.309815,15.18956,15.066101,14.93695,17.359867,17.194666,16.296858,16.166273,14.947802,15.030163,0.0,0.0,0.0,0.0,0.0,0.0,0.0,0.0
41634,2023.0,10.0,17.0,3.0,16.99813,16.989046,15.955461,15.783741,16.773853,16.58996,16.553339,16.387703,15.2752285,15.153126,15.016508,14.884176,17.322681,17.15567,16.253197,16.121017,15.033583,15.216553,0.0,0.0,0.0,0.0,0.0,0.0,0.0,0.0
41635,2023.0,10.0,17.0,3.0,16.965118,16.958652,15.932526,15.763979,16.73976,16.559776,16.519098,16.357105,15.245218,15.124987,15.296503,15.448077,17.289906,17.12495,16.214195,16.083925,15.008171,15.143696,0.0,0.0,0.0,0.0,4.0,0.0,0.0,0.0
41636,2023.0,10.0,17.0,3.0,16.93295,16.928375,15.910489,15.744161,16.706263,16.528921,16.48558,16.325903,15.216389,15.09741,15.101781,14.986716,17.258015,17.094498,16.176495,16.047531,15.011608,15.161651,0.0,0.0,0.0,0.0,0.0,0.0,0.0,0.0
41637,2023.0,10.0,17.0,3.0,16.915422,16.926195,15.889911,15.7266655,16.67524,16.501808,16.454546,16.298513,15.772279,16.16707,14.995841,14.893165,17.228186,17.067081,16.141512,16.01505,15.01032,15.167649,0.0,0.0,0.0,4.0,0.0,0.0,0.0,0.0
41638,2023.0,10.0,17.0,3.0,16.895035,16.91012,15.869086,15.707804,16.643944,16.472626,16.423208,16.269045,15.448007,15.354376,15.242862,15.382077,17.198412,17.038544,16.106846,15.981444,15.010231,15.173688,0.0,0.0,0.0,0.0,4.0,0.0,0.0,0.0
41639,2023.0,10.0,17.0,3.0,16.861591,16.871075,15.848525,15.688568,16.612686,16.442734,16.392092,16.238985,15.258463,15.143655,15.05924,14.948643,17.169083,17.009924,16.072933,15.948112,15.010642,15.179378,0.0,0.0,0.0,0.0,0.0,0.0,0.0,0.0
41640,2023.0,10.0,17.0,4.0,16.828186,16.834002,15.828458,15.669919,16.582605,16.41397,16.36214,16.210087,15.20857,15.093138,15.004513,14.944534,17.141123,16.982952,16.040913,15.9170475,15.019515,15.200972,0.0,0.0,0.0,0.0,0.0,0.0,0.0,0.0
41641,2023.0,10.0,17.0,4.0,16.79947,16.805761,15.808412,15.651203,16.553833,16.387283,16.333544,16.183365,15.762592,16.167759,15.224784,15.370238,17.113794,16.95655,16.009912,15.887027,15.009074,15.182596,0.0,0.0,0.0,4.0,4.0,0.0,0.0,0.0
41642,2023.0,10.0,17.0,4.0,16.770683,16.776085,15.787106,15.629692,16.523355,16.356909,16.30445,16.154394,15.244333,14.975764,15.047167,14.959063,17.085443,16.928041,15.978358,15.855521,15.477609,16.058706,0.0,0.0,0.0,0.0,0.0,0.0,0.0,4.0
41643,2023.0,10.0,17.0,4.0,16.744593,16.7485,15.767315,15.609007,16.49518,16.327972,16.277365,16.126741,15.0350685,14.730556,15.00728,14.947761,17.059057,16.900799,15.949434,15.825875,14.94521,15.052147,0.0,0.0,0.0,0.0,0.0,0.0,0.0,0.0
41644,2023.0,10.0,17.0,4.0,16.715569,16.718042,15.745495,15.586615,16.46465,16.296883,16.247807,16.096811,15.004251,14.7503195,15.005567,14.967675,17.030262,16.871336,15.9180765,15.794093,15.292428,15.706776,0.0,0.0,0.0,0.0,0.0,0.0,0.0,4.0
41645,2023.0,10.0,17.0,4.0,16.687462,16.68975,15.724185,15.565606,16.435492,16.268234,16.21963,16.069141,15.704376,16.13592,15.005521,14.983898,17.00233,16.843744,15.887716,15.764142,14.976217,15.0754795,0.0,0.0,0.0,4.0,0.0,0.0,0.0,0.0
41646,2023.0,10.0,17.0,5.0,16.65916,16.659885,15.702008,15.542644,16.406427,16.238796,16.190487,16.03929,15.384653,15.294434,15.005903,14.996883,16.973347,16.813944,15.856513,15.732233,15.024603,15.182486,0.0,0.0,0.0,0.0,0.0,0.0,0.0,0.0
41647,2023.0,10.0,17.0,5.0,16.631357,16.63063,15.678062,15.516041,16.375502,16.20565,16.159801,16.006105,14.960184,14.690609,15.006392,15.007737,16.942703,16.780832,15.824184,15.697802,15.015856,15.16969,0.0,0.0,0.0,0.0,0.0,0.0,0.0,0.0
41648,2023.0,10.0,17.0,5.0,16.604109,16.603004,15.655177,15.49209,16.345999,16.175695,16.130766,15.97644,15.453171,15.685144,15.006445,15.0162525,16.91308,16.750378,15.793039,15.666043,15.010272,15.174435,0.0,0.0,0.0,4.0,0.0,0.0,0.0,0.0
41649,2023.0,10.0,17.0,5.0,16.575907,16.572853,15.63133,15.466186,16.315495,16.143652,16.100786,15.94477,15.069834,14.790094,15.158477,15.3027,16.882242,16.717869,15.760858,15.632401,15.011979,15.189471,0.0,0.0,0.0,0.0,4.0,0.0,0.0,0.0
41650,2023.0,10.0,17.0,5.0,16.54769,16.54215,15.607638,15.440277,16.28511,16.111683,16.071096,15.913288,15.02015,14.867976,14.972598,14.950068,16.850758,16.684473,15.728553,15.598718,15.503013,16.109247,0.0,0.0,0.0,0.0,0.0,0.0,0.0,4.0
41651,2023.0,10.0,17.0,5.0,16.521317,16.516026,15.583782,15.414274,16.254883,16.079823,16.041819,15.882066,15.002316,14.872759,15.01314,15.041157,16.818916,16.650896,15.695878,15.564474,14.941167,14.99771,0.0,0.0,0.0,0.0,0.0,0.0,0.0,0.0
41652,2023.0,10.0,17.0,6.0,16.498247,16.496672,15.560063,15.388665,16.913918,17.345709,16.706005,17.15658,15.003511,14.901995,15.137394,15.274937,16.786991,16.617456,15.663366,15.530786,15.264207,15.632473,0.0,4.0,4.0,0.0,4.0,0.0,0.0,4.0
41653,2023.0,10.0,17.0,6.0,21.6047,25.241447,15.538217,15.366543,21.54664,25.06065,21.069582,24.478306,15.631769,15.788123,20.11926,23.46379,20.666319,23.208048,21.087614,24.687569,20.348694,24.304007,0.0,4.0,0.0,0.0,4.0,0.0,0.0,4.0
41654,2023.0,10.0,17.0,6.0,20.902546,23.500628,15.953563,16.154331,20.916576,23.416435,21.02524,23.848593,16.070312,16.545616,20.009373,23.005432,21.043167,23.635435,22.547695,26.746634,20.596935,24.126488,4.0,4.0,0.0,4.0,0.0,4.0,4.0,0.0
41655,2023.0,10.0,17.0,6.0,22.231045,25.372814,20.252462,23.47976,21.901022,24.760792,21.774868,24.707205,20.33772,23.95978,17.567062,17.920715,21.772583,24.483541,22.024115,25.239786,17.337095,17.388056,0.0,0.0,0.0,0.0,0.0,4.0,0.0,0.0
41656,2023.0,10.0,17.0,6.0,20.895327,22.76362,18.237581,18.947895,20.932121,22.788855,20.941208,22.992994,17.254274,17.341276,16.205896,16.07977,20.941936,22.74286,20.9503,23.065044,16.538033,16.880865,4.0,0.0,0.0,0.0,0.0,0.0,0.0,4.0
41657,2023.0,10.0,17.0,6.0,21.905815,24.283316,20.29264,23.011429,21.175116,23.143593,21.173409,23.334675,15.725591,15.373291,16.206802,16.337873,21.72444,23.895798,21.190182,23.411884,20.378405,23.644428,0.0,0.0,0.0,0.0,4.0,4.0,0.0,0.0
41658,2023.0,10.0,17.0,7.0,21.12778,22.978601,18.070948,18.269068,21.175058,23.05911,21.16394,23.19954,16.276157,16.692621,20.356344,23.515486,21.01938,22.50496,21.20914,23.349382,17.324656,17.29498,4.0,4.0,4.0,4.0,4.0,4.0,4.0,0.0
41659,2023.0,10.0,17.0,7.0,21.14558,22.938587,20.235397,22.672514,21.150799,22.936342,21.152893,23.103489,21.70427,25.881361,20.044077,22.531303,21.129406,22.673584,21.168129,23.202534,15.865547,15.501544,4.0,0.0,4.0,4.0,0.0,4.0,0.0,0.0
41660,2023.0,10.0,17.0,7.0,21.058514,22.719639,20.032337,21.961226,21.05821,22.659767,21.070353,22.842943,19.869585,22.06797,17.560858,17.474041,21.04915,22.47011,21.086784,22.966187,15.714453,15.560324,4.0,4.0,4.0,4.0,0.0,4.0,0.0,0.0
41661,2023.0,10.0,17.0,7.0,21.056576,22.68025,20.07332,21.842052,21.0873,22.684824,21.065323,22.765923,20.137033,22.369316,16.937077,17.152496,21.07883,22.51045,21.045675,22.800005,15.587829,15.453863,4.0,0.0,4.0,0.0,4.0,0.0,4.0,0.0
41662,2023.0,10.0,17.0,7.0,21.082703,22.71981,20.067692,21.69175,21.055944,22.556335,21.090403,22.781204,17.745543,17.577179,20.320925,23.021034,21.043596,22.381586,21.093065,22.8798,15.436842,15.3158655,4.0,4.0,0.0,0.0,4.0,4.0,0.0,0.0
41663,2023.0,10.0,17.0,7.0,21.075115,22.670673,20.082308,21.633928,21.085434,22.59942,21.08246,22.715523,16.526756,16.083008,20.036356,22.195272,21.047518,22.361788,21.082117,22.816738,15.299331,15.181292,0.0,0.0,0.0,0.0,0.0,4.0,0.0,0.0
41664,2023.0,10.0,17.0,8.0,21.049944,22.57092,18.23259,18.009378,21.078526,22.551455,21.083233,22.673817,16.415203,16.219534,17.779144,17.64532,21.046667,22.33604,21.083485,22.78116,15.18719,15.073499,0.0,0.0,0.0,0.0,0.0,4.0,0.0,0.0
41665,2023.0,10.0,17.0,8.0,19.76896,20.099325,17.426727,17.174011,19.234829,18.99005,19.470192,19.57771,16.312454,16.160843,16.78299,16.58337,19.294035,18.97717,20.12153,20.88652,15.093233,14.98645,0.0,0.0,0.0,0.0,0.0,0.0,4.0,0.0
41666,2023.0,10.0,17.0,8.0,18.67981,18.34965,17.257938,17.023764,18.680222,18.381622,18.688042,18.482119,16.18816,16.046846,16.592524,16.413027,18.624962,18.09266,18.653177,18.306719,15.02713,14.923452,0.0,0.0,0.0,0.0,0.0,0.0,0.0,0.0
41667,2023.0,10.0,17.0,8.0,18.237957,17.842716,17.095427,16.86829,18.454123,18.20326,18.35129,18.126566,16.069756,15.937786,16.416796,16.247469,18.359774,17.84449,19.068722,19.515656,15.002752,14.934318,0.0,0.0,0.0,0.0,0.0,0.0,4.0,0.0
41668,2023.0,10.0,17.0,8.0,17.945623,17.572104,16.924686,16.7038,18.196861,17.951998,18.059479,17.837399,15.946593,15.821512,16.65361,16.86397,18.12329,17.63183,19.126867,19.594963,15.007425,14.98528,0.0,0.0,0.0,0.0,4.0,0.0,4.0,0.0
41669,2023.0,10.0,17.0,8.0,17.954754,17.841555,16.78557,16.578943,17.992592,17.765213,17.836245,17.632715,15.844199,15.73055,20.355059,23.06827,18.175163,17.951534,18.087608,17.774979,15.247733,15.126929,0.0,0.0,0.0,0.0,0.0,0.0,0.0,0.0
41670,2023.0,10.0,17.0,9.0,17.902029,17.865088,16.665472,16.464434,17.813549,17.5936,17.64441,17.447397,15.750843,15.639857,18.122015,18.510267,18.133387,17.959648,17.513483,17.13631,14.995781,14.937374,0.0,0.0,0.0,0.0,0.0,0.0,0.0,0.0
41671,2023.0,10.0,17.0,9.0,17.787855,17.769772,16.564499,16.370413,17.661959,17.450014,17.483465,17.293362,16.405825,16.943886,16.758213,16.643536,18.026857,17.86703,17.256056,16.89059,15.009626,15.002883,0.0,0.0,0.0,4.0,0.0,0.0,0.0,0.0
41672,2023.0,10.0,17.0,9.0,17.670784,17.65766,16.483044,16.3005,17.539019,17.341406,17.353672,17.177315,20.272795,23.496304,16.451654,16.321383,18.727882,19.293123,17.080254,16.74211,15.005426,15.024469,0.0,0.0,0.0,0.0,0.0,4.0,0.0,0.0
41673,2023.0,10.0,17.0,9.0,17.577997,17.580368,16.412018,16.239557,17.431515,17.245483,17.240007,17.0748,17.592491,17.751728,16.6531,16.85912,18.733664,19.083776,17.100683,16.949509,15.005963,15.0472,0.0,0.0,0.0,0.0,4.0,4.0,0.0,0.0
41674,2023.0,10.0,17.0,9.0,17.498386,17.509325,16.351324,16.188873,17.338993,17.164303,17.14228,16.988075,16.258215,16.040998,20.342493,23.221306,17.96219,17.673836,17.061707,16.944294,15.246825,15.159903,0.0,0.0,0.0,0.0,0.0,0.0,0.0,0.0
41675,2023.0,10.0,17.0,9.0,17.416792,17.429665,16.300749,16.147388,17.258406,17.094913,17.761255,18.230652,16.106804,15.993433,18.159698,18.593615,17.632769,17.298061,18.058725,18.912886,14.994012,14.970176,0.0,0.0,4.0,0.0,0.0,0.0,4.0,0.0
41676,2023.0,10.0,17.0,10.0,17.350204,17.371458,16.256998,16.112734,17.188103,17.034964,17.406693,17.407715,16.027231,15.934774,16.84788,16.790491,17.532425,17.210318,17.283922,17.121912,15.007954,15.026311,0.0,0.0,0.0,0.0,0.0,0.0,0.0,0.0
41677,2023.0,10.0,17.0,10.0,17.28989,17.317942,16.21685,16.079895,17.12355,16.97852,16.896303,16.613533,15.936185,15.848713,16.537636,16.42816,18.25826,18.660074,16.81899,16.579763,15.004636,15.041702,0.0,0.0,0.0,0.0,0.0,4.0,0.0,0.0
41678,2023.0,10.0,17.0,10.0,17.235317,17.269882,16.18017,16.0505,17.065126,16.927887,16.717356,16.42301,15.858516,15.774398,16.366688,16.252756,17.761385,17.51957,16.691921,16.457794,15.005295,15.057998,0.0,0.0,0.0,0.0,0.0,0.0,0.0,0.0
41679,2023.0,10.0,17.0,10.0,17.195303,17.245787,16.147547,16.025867,17.013187,16.884785,16.76819,16.620192,15.795912,15.716202,16.24353,16.135124,17.500938,17.224596,17.674519,18.391378,15.004752,15.0674925,0.0,0.0,0.0,0.0,0.0,0.0,4.0,0.0
41680,2023.0,10.0,17.0,10.0,17.1645,17.230848,16.117567,16.00346,16.965908,16.845106,16.777813,16.66884,15.74362,15.667083,16.142567,16.038492,18.217487,18.64944,17.065071,16.934343,15.004363,15.073913,0.0,0.0,0.0,0.0,0.0,4.0,0.0,0.0
41681,2023.0,10.0,17.0,10.0,17.124249,17.195208,16.088911,15.980807,16.920448,16.804193,16.737593,16.63807,15.697919,15.622059,16.053232,15.947892,18.507769,18.984503,16.68594,16.48124,15.008258,15.087266,0.0,0.0,0.0,0.0,0.0,4.0,0.0,0.0
41682,2023.0,10.0,17.0,11.0,17.09097,17.170502,16.066095,15.967232,16.884716,16.77896,17.43187,17.987137,15.665083,15.595601,15.990412,15.896801,17.84059,17.665754,16.60222,16.415337,15.003457,15.080745,0.0,0.0,4.0,0.0,0.0,0.0,0.0,0.0
41683,2023.0,10.0,17.0,11.0,17.055689,17.13928,16.041626,15.94803,16.846725,16.746286,17.050734,17.06746,15.633326,15.565496,15.930072,15.83958,17.557177,17.315676,16.62847,16.536825,15.004381,15.085126,0.0,0.0,0.0,0.0,0.0,0.0,0.0,0.0
41684,2023.0,10.0,17.0,11.0,17.02067,17.106874,16.017002,15.927442,16.808945,16.712212,16.629152,16.430084,15.604422,15.5372,15.875593,15.786123,17.475822,17.23285,16.61592,16.535027,15.004677,15.086822,0.0,0.0,0.0,0.0,0.0,0.0,0.0,0.0
41685,2023.0,10.0,17.0,11.0,16.990318,17.0819,15.9955,15.911641,17.500013,18.044395,16.524004,16.33267,15.581391,15.517035,15.832698,15.748784,18.369526,18.99034,16.581535,16.5047,15.004481,15.087263,0.0,4.0,0.0,0.0,0.0,4.0,0.0,0.0
41686,2023.0,10.0,17.0,11.0,16.958637,17.051146,15.973797,15.89475,17.157318,17.194685,16.551414,16.454952,15.560166,15.4973135,15.793014,15.711767,17.832024,17.704954,16.546661,16.471767,15.004315,15.087388,0.0,0.0,0.0,0.0,0.0,0.0,0.0,0.0
41687,2023.0,10.0,17.0,11.0,17.662876,18.39963,15.95376,15.879223,16.763796,16.596626,17.29176,17.871212,15.541937,15.48064,15.758814,15.68026,17.520615,17.306414,16.514433,16.44141,15.004317,15.087242,0.0,0.0,4.0,0.0,0.0,0.0,0.0,0.0
41688,2023.0,10.0,17.0,12.0,17.959873,18.732346,15.934988,15.864927,16.63855,16.451586,16.822767,16.760574,15.527395,15.46762,15.729513,15.653486,18.239954,18.73231,16.484776,16.41351,15.003908,15.085656,0.0,0.0,0.0,0.0,0.0,4.0,0.0,0.0
41689,2023.0,10.0,17.0,12.0,21.200478,24.281294,15.917474,15.851895,21.260777,24.375048,21.059866,24.340847,15.516316,15.458218,15.704445,15.630953,21.228674,23.759264,22.059448,25.86908,15.004144,15.084809,0.0,0.0,0.0,0.0,0.0,0.0,0.0,0.0
41690,2023.0,10.0,17.0,12.0,21.026453,23.540379,15.900648,15.839033,21.00069,23.59964,21.0188,23.727505,15.510814,15.454065,15.683217,15.611534,20.96943,22.924318,22.375122,25.945568,15.003347,15.08013,0.0,0.0,0.0,0.0,0.0,4.0,0.0,0.0
41691,2023.0,10.0,17.0,12.0,21.058681,23.319279,16.355072,16.705215,21.078026,23.436253,21.079792,23.532167,16.321457,16.987017,15.6672,15.597835,21.078463,22.927885,20.887262,22.950645,15.003301,15.073709,4.0,0.0,0.0,4.0,0.0,0.0,0.0,0.0
41692,2023.0,10.0,17.0,12.0,21.967031,24.582514,20.294586,23.440262,21.736439,24.34656,21.668856,24.33422,20.359762,23.801638,15.655526,15.588397,21.47014,23.362995,21.92304,24.6499,15.002657,15.064598,0.0,0.0,0.0,0.0,0.0,4.0,0.0,0.0
41693,2023.0,10.0,17.0,12.0,20.90501,22.569214,18.12478,18.685322,20.94273,22.687696,20.9484,22.80658,17.694818,18.02741,15.651954,15.587007,20.956944,22.288862,20.91349,22.579636,15.002214,15.055258,0.0,0.0,0.0,0.0,0.0,0.0,0.0,0.0
41694,2023.0,10.0,17.0,13.0,21.101952,22.91281,16.759066,16.762856,21.083786,22.896465,21.085443,23.0065,16.377586,16.266312,15.650338,15.588412,21.070639,22.452076,21.08913,22.87795,15.002644,15.048696,0.0,0.0,0.0,0.0,0.0,0.0,0.0,0.0
41695,2023.0,10.0,17.0,13.0,21.121187,22.91474,16.49711,16.440542,21.129503,22.91369,21.138155,23.037628,16.208904,16.134249,15.645853,15.584481,21.114933,22.475454,21.128956,22.89946,15.004782,15.046183,0.0,0.0,0.0,0.0,0.0,0.0,0.0,0.0
41696,2023.0,10.0,17.0,13.0,21.118223,22.870434,16.38138,16.324512,21.083796,22.730509,21.132622,22.957542,16.129505,16.057678,15.639482,15.578486,21.095757,22.39733,21.124786,22.833801,15.005035,15.041355,0.0,4.0,0.0,0.0,0.0,0.0,0.0,0.0
41697,2023.0,10.0,17.0,13.0,21.116144,22.838818,16.295311,16.239223,21.139647,22.822767,21.08862,22.802399,16.059061,15.989615,15.6320715,15.57149,21.042753,22.245329,21.122375,22.791348,15.003768,15.035086,0.0,0.0,4.0,0.0,0.0,4.0,0.0,0.0
41698,2023.0,10.0,17.0,13.0,21.113968,22.809393,16.225168,16.170074,21.134218,22.73991,21.144917,22.901571,16.000185,15.933159,15.623884,15.56383,21.058622,22.25964,21.119883,22.753124,15.00492,15.034862,0.0,0.0,0.0,0.0,0.0,4.0,0.0,0.0
41699,2023.0,10.0,17.0,13.0,21.047493,22.672276,16.170702,16.121147,21.02174,22.499046,21.05968,22.692293,15.952,15.888956,16.041653,16.359062,21.054169,22.250381,21.049372,22.603197,15.001182,15.026318,0.0,4.0,0.0,0.0,4.0,0.0,0.0,0.0
41700,2023.0,10.0,17.0,14.0,21.21944,22.982862,16.121729,16.07387,21.197699,22.819654,21.175554,22.912548,15.909279,15.849347,20.247667,23.463926,21.130678,22.377285,21.208143,22.90208,15.345755,15.303761,0.0,4.0,0.0,0.0,0.0,0.0,0.0,0.0
41701,2023.0,10.0,17.0,14.0,19.65492,19.979008,16.079704,16.030073,19.491827,19.535746,19.566952,19.793943,15.871551,15.813774,18.048075,18.657612,19.744423,19.682732,19.55742,19.691364,15.131928,15.125407,0.0,0.0,0.0,0.0,0.0,0.0,0.0,0.0
41702,2023.0,10.0,17.0,14.0,19.569809,20.116795,16.04929,15.9952965,18.74067,18.464062,18.83074,18.75156,15.841394,15.783472,16.924692,16.848577,19.337397,19.186699,18.89497,18.767773,15.037303,15.010295,0.0,0.0,0.0,0.0,0.0,0.0,0.0,0.0
41703,2023.0,10.0,17.0,14.0,18.844734,18.85572,16.023808,15.969187,18.460403,18.188961,18.546087,18.465809,15.812978,15.7572,16.70006,16.606659,19.168299,19.033964,18.619658,18.497997,15.017444,14.98789,0.0,0.0,0.0,0.0,0.0,0.0,0.0,0.0
41704,2023.0,10.0,17.0,14.0,18.473017,18.396852,16.480885,16.84439,19.073715,19.5505,18.322973,18.241365,15.784426,15.729862,16.546816,16.451345,19.01289,18.883463,18.401192,18.282764,15.000123,14.981181,4.0,4.0,0.0,0.0,0.0,0.0,0.0,0.0
41705,2023.0,10.0,17.0,14.0,18.925901,19.457464,20.255758,23.273726,19.085945,19.483742,18.109509,18.033516,15.753218,15.70038,16.41151,16.319107,18.85871,18.737375,18.192774,18.084173,15.002694,15.00555,4.0,4.0,0.0,0.0,0.0,0.0,0.0,0.0
41706,2023.0,10.0,17.0,15.0,19.027021,19.588387,20.005173,22.336,18.31492,18.144806,17.919495,17.839668,15.723337,15.671054,16.29853,16.207258,18.718721,18.598549,18.00666,17.899723,15.002637,15.021138,4.0,0.0,0.0,0.0,0.0,0.0,0.0,0.0
41707,2023.0,10.0,17.0,15.0,18.342344,18.363344,20.084398,22.21404,17.925182,17.680576,17.761555,17.681913,15.696203,15.644741,16.208189,16.120176,18.599104,18.48219,17.849127,17.746723,15.003406,15.03566,0.0,0.0,0.0,0.0,0.0,0.0,0.0,0.0
41708,2023.0,10.0,17.0,15.0,18.664898,19.216333,18.529871,18.995728,17.748556,17.503899,18.317375,18.843239,15.670797,15.62101,16.136185,16.056017,18.495892,18.384478,17.71412,17.618591,15.003297,15.047016,4.0,0.0,4.0,0.0,0.0,0.0,0.0,0.0
41709,2023.0,10.0,17.0,15.0,18.175089,18.219164,20.265898,22.416365,18.41754,18.895056,18.525848,19.102068,16.427998,17.07132,16.06802,15.990629,18.401352,18.292765,17.592426,17.500647,15.003473,15.057148,4.0,4.0,4.0,4.0,0.0,0.0,0.0,0.0
41710,2023.0,10.0,17.0,15.0,17.80648,17.75748,20.03932,21.803083,18.545427,18.960129,17.79726,17.725628,20.315409,23.638563,16.422491,16.713984,18.316177,18.210335,18.550215,19.409004,15.003726,15.065981,0.0,4.0,0.0,0.0,4.0,0.0,4.0,0.0
41711,2023.0,10.0,17.0,15.0,18.367058,18.924627,18.678722,19.049824,17.915491,17.824165,17.375471,17.184769,17.706865,18.015242,20.34446,23.396114,18.23958,18.136967,17.849287,17.791021,15.301088,15.262722,4.0,0.0,0.0,0.0,0.0,0.0,0.0,0.0
41712,2023.0,10.0,17.0,16.0,17.944216,17.995712,20.26042,22.190329,18.192274,18.53836,17.883726,18.254566,16.407703,16.30414,18.134754,18.643759,18.964432,19.57745,18.384226,19.106892,15.057977,15.058998,4.0,4.0,4.0,0.0,0.0,4.0,4.0,0.0
41713,2023.0,10.0,17.0,16.0,18.320324,18.899748,20.038221,21.628572,18.352146,18.741549,18.074167,18.479496,16.207895,16.13583,16.802656,16.78072,18.491194,18.483248,18.6675,19.40541,15.001072,15.016891,0.0,4.0,4.0,0.0,0.0,0.0,4.0,0.0
41714,2023.0,10.0,17.0,16.0,18.462046,19.02698,18.473671,18.54092,18.347162,18.727474,17.486238,17.37928,16.106886,16.041595,16.521326,16.450947,18.804255,19.25027,17.766972,17.671804,15.004846,15.050539,0.0,4.0,0.0,0.0,0.0,4.0,0.0,0.0
41715,2023.0,10.0,17.0,16.0,18.460278,19.012732,18.117476,18.421728,18.333115,18.703396,17.809446,18.18169,16.787884,17.412064,16.364283,16.28318,18.968046,19.42808,17.308546,17.111868,15.004683,15.071263,4.0,4.0,4.0,4.0,0.0,4.0,0.0,0.0
41716,2023.0,10.0,17.0,16.0,17.832966,17.834866,20.243593,22.211054,18.315813,18.676712,17.366726,17.241537,20.32606,23.38145,16.242409,16.159397,18.986555,19.435698,17.14538,16.941034,15.005385,15.088108,0.0,4.0,0.0,4.0,0.0,4.0,0.0,0.0
41717,2023.0,10.0,17.0,16.0,17.494404,17.407085,18.681183,18.985659,18.29599,18.647255,17.68397,18.026009,20.040049,22.44403,16.139267,16.058199,18.995424,19.43416,18.061594,18.769396,15.005757,15.1011505,0.0,4.0,4.0,0.0,0.0,4.0,4.0,0.0
41718,2023.0,10.0,17.0,17.0,17.362421,17.256437,18.115334,18.433977,17.69982,17.547594,17.265085,17.124336,17.853647,17.97057,16.048233,15.969028,18.996729,19.42552,17.438076,17.315807,15.006142,15.111992,4.0,0.0,0.0,0.0,0.0,4.0,0.0,0.0
41719,2023.0,10.0,17.0,17.0,17.980131,18.485176,20.266842,22.253748,17.318172,17.030293,16.919544,16.666103,16.743694,16.542093,16.37242,16.655397,18.988857,19.405787,17.015915,16.807087,15.006619,15.122233,0.0,0.0,0.0,0.0,4.0,4.0,0.0,0.0
41720,2023.0,10.0,17.0,17.0,17.570353,17.551868,18.428793,18.467173,17.160885,16.849745,16.789165,16.517876,16.53761,16.426718,20.360674,23.327883,18.975498,19.380405,16.868332,16.64701,15.216995,15.159578,0.0,0.0,0.0,0.0,0.0,4.0,0.0,0.0
41721,2023.0,10.0,17.0,17.0,17.240639,17.112747,17.54265,17.413412,17.667463,17.882666,17.488049,17.918524,16.402044,16.307657,18.07737,18.554386,18.958458,19.351767,16.757769,16.53071,14.995348,15.036854,0.0,4.0,4.0,0.0,0.0,4.0,0.0,0.0
41722,2023.0,10.0,17.0,17.0,17.853004,18.345434,17.787352,18.037931,17.918053,18.220757,17.212603,17.19763,16.256294,16.162516,16.689636,16.61907,18.93873,19.319944,16.788568,16.684607,15.802902,16.584576,4.0,4.0,0.0,0.0,0.0,4.0,0.0,4.0
41723,2023.0,10.0,17.0,17.0,17.361597,17.312174,20.25882,22.36765,17.941648,18.23613,16.82695,16.544687,16.915073,17.49734,16.438002,16.327944,18.9195,19.28922,17.773857,18.569662,19.888596,23.49535,4.0,4.0,0.0,4.0,0.0,4.0,4.0,0.0
41724,2023.0,10.0,17.0,18.0,17.036186,16.870491,20.039316,21.69908,17.942934,18.223476,16.64157,16.32443,20.34312,23.325302,16.270687,16.157797,18.897251,19.255157,17.077662,16.91886,17.012243,17.279203,0.0,4.0,0.0,0.0,0.0,4.0,0.0,0.0
41725,2023.0,10.0,17.0,18.0,21.334696,24.492338,18.33412,18.274158,21.344925,24.13605,21.430105,24.610214,17.750597,17.847574,16.137932,16.029163,21.202326,23.356255,22.284834,26.310856,16.42891,17.047857,0.0,4.0,0.0,0.0,0.0,0.0,4.0,4.0
41726,2023.0,10.0,17.0,18.0,21.00508,23.381887,17.321226,16.92515,21.012787,23.121977,21.005518,23.517393,16.464226,16.19585,16.419098,16.658342,21.044788,22.789171,21.042006,23.59815,20.369856,23.88307,0.0,4.0,0.0,0.0,4.0,0.0,0.0,0.0
41727,2023.0,10.0,17.0,18.0,21.151556,23.3819,17.204323,16.977036,21.15506,23.164057,21.149803,23.481567,16.323877,16.195147,20.418777,23.389076,21.121685,22.764938,21.166689,23.534988,17.297672,17.419365,0.0,4.0,4.0,0.0,0.0,0.0,0.0,0.0
41728,2023.0,10.0,17.0,18.0,21.080463,23.061821,17.592209,17.7956,21.056183,22.797926,21.07242,23.142002,16.235397,16.125916,18.070576,18.49685,21.065903,22.523735,21.08067,23.140686,15.861711,15.627033,4.0,4.0,0.0,0.0,0.0,0.0,0.0,0.0
41729,2023.0,10.0,17.0,18.0,21.048769,22.839596,20.27273,22.451189,21.055618,22.677853,21.059555,22.921093,16.93634,17.5579,17.067738,17.285978,21.02208,22.352201,21.028896,22.879911,16.719893,17.54625,4.0,4.0,4.0,4.0,4.0,4.0,4.0,4.0
41730,2023.0,10.0,17.0,19.0,21.078712,22.819265,20.022694,21.683102,21.07866,22.653746,21.060913,22.801188,20.39548,23.448452,20.442194,23.051783,21.070755,22.395588,21.087324,22.906382,20.999704,24.757242,4.0,0.0,4.0,0.0,4.0,0.0,0.0,0.0
41731,2023.0,10.0,17.0,19.0,21.04488,22.652548,20.077438,21.626684,21.047426,22.498358,21.058218,22.7039,17.685825,17.715765,20.039845,22.116362,21.062496,22.318289,21.075867,22.791561,17.722122,17.840994,0.0,4.0,4.0,0.0,0.0,0.0,0.0,0.0
41732,2023.0,10.0,17.0,19.0,21.049675,22.605288,18.40055,18.27983,21.076662,22.522465,21.08145,22.698536,17.16307,17.523754,17.970095,17.920717,21.062212,22.269373,21.075586,22.71882,16.136171,15.874587,0.0,0.0,0.0,4.0,0.0,0.0,0.0,0.0
41733,2023.0,10.0,17.0,19.0,21.048199,22.558819,18.087517,18.268354,21.045044,22.393154,21.075302,22.625761,20.414602,23.052114,17.034016,16.877611,21.047546,22.229494,21.022686,22.55673,15.93764,15.820587,4.0,4.0,0.0,0.0,0.0,0.0,4.0,0.0
41734,2023.0,10.0,17.0,19.0,21.073278,22.591093,20.230083,22.109432,21.049826,22.369457,21.074833,22.57607,17.883198,17.875004,16.80888,16.656,21.048624,22.219133,21.08295,22.659254,15.805244,15.705829,4.0,4.0,0.0,0.0,0.0,0.0,0.0,0.0
41735,2023.0,10.0,17.0,19.0,21.041134,22.46903,20.029327,21.50001,21.07358,22.409803,21.033155,22.46642,17.418432,17.772217,17.030365,17.248062,21.018442,22.12831,21.071701,22.595167,16.702803,17.542875,4.0,0.0,4.0,4.0,4.0,4.0,0.0,4.0
41736,2023.0,10.0,17.0,20.0,21.072462,22.525082,20.07396,21.472307,21.06778,22.369228,21.055782,22.47376,21.24239,24.341387,20.358025,22.834595,21.06673,22.211563,21.072212,22.56001,20.78169,24.340961,0.0,0.0,4.0,4.0,0.0,0.0,0.0,0.0
41737,2023.0,10.0,17.0,20.0,21.065248,22.480333,18.805038,18.920013,21.06751,22.342272,21.05153,22.435951,19.91888,21.609056,18.272213,18.583021,21.059036,22.164648,21.019451,22.42397,17.737665,17.868567,4.0,0.0,4.0,0.0,0.0,0.0,4.0,0.0
41738,2023.0,10.0,17.0,20.0,21.03892,22.380775,20.222488,21.816416,21.026133,22.248802,21.051498,22.411121,18.019482,17.870049,17.41046,17.608313,21.05906,22.138393,21.080208,22.547474,17.07947,17.617874,4.0,4.0,4.0,0.0,4.0,0.0,0.0,4.0
41739,2023.0,10.0,17.0,20.0,21.069975,22.447102,20.044561,21.345224,21.058014,22.338963,21.075846,22.457724,17.787998,18.094675,20.40262,22.73762,21.015032,22.03783,21.030445,22.394917,20.45597,23.505486,0.0,0.0,0.0,4.0,4.0,4.0,4.0,0.0
41740,2023.0,10.0,17.0,20.0,21.063644,22.415653,18.49949,18.300268,21.067278,22.323174,21.06944,22.418295,20.359695,22.502098,20.04116,21.9133,21.064823,22.136465,21.077618,22.500763,17.606747,17.607275,0.0,0.0,0.0,4.0,0.0,0.0,0.0,0.0
41741,2023.0,10.0,17.0,20.0,21.036629,22.32339,18.237202,18.358276,21.065311,22.292326,21.044313,22.324469,20.04758,21.798561,18.092314,17.99196,21.057148,22.098866,21.02939,22.356365,16.323692,16.047308,4.0,0.0,4.0,0.0,0.0,0.0,4.0,0.0
41742,2023.0,10.0,17.0,21.0,21.068209,22.39568,20.223158,21.955437,21.049414,22.269434,21.048964,22.32024,18.132212,17.987833,17.218445,17.046694,21.057266,22.079462,21.076496,22.465942,16.163843,16.043297,0.0,0.0,4.0,0.0,0.0,0.0,0.0,0.0
41743,2023.0,10.0,17.0,21.0,21.062107,22.368813,19.101406,19.560709,21.02602,22.205107,21.073467,22.378578,17.14219,16.78584,17.013021,16.858297,21.04317,22.061441,21.028482,22.324404,16.038528,15.935486,4.0,4.0,0.0,0.0,0.0,0.0,4.0,0.0
41744,2023.0,10.0,17.0,21.0,21.19814,22.655119,20.224579,21.791945,21.250755,22.659573,21.166283,22.548887,17.829231,18.38437,17.230242,17.4379,21.146122,22.270433,21.195208,22.67496,15.893606,15.795659,4.0,4.0,0.0,4.0,4.0,0.0,0.0,0.0
41745,2023.0,10.0,17.0,21.0,21.18276,22.626974,20.122551,21.479454,21.18862,22.501534,21.179111,22.537392,20.58644,23.105356,20.407059,22.798294,21.199377,22.355875,21.179348,22.622355,15.769174,15.675183,0.0,4.0,4.0,4.0,0.0,4.0,0.0,0.0
41746,2023.0,10.0,17.0,21.0,21.048634,22.356915,18.537468,18.34856,21.068506,22.257624,21.072659,22.331736,20.02205,21.749603,18.353344,18.624794,21.032682,21.997337,21.067034,22.377535,16.70219,17.541332,0.0,0.0,0.0,4.0,0.0,4.0,0.0,4.0
41747,2023.0,10.0,17.0,21.0,21.048834,22.356277,18.3179,18.47357,21.063416,22.226082,21.067043,22.307728,20.082516,21.741138,17.546165,17.729082,21.030968,21.98157,21.066828,22.362389,20.372776,23.659935,4.0,0.0,0.0,0.0,4.0,4.0,0.0,4.0
41748,2023.0,10.0,17.0,22.0,21.048298,22.35179,20.219831,21.911242,21.06348,22.206171,21.05131,22.293417,18.781038,19.090084,20.39571,22.620518,21.060951,22.048681,21.053576,22.348898,20.11853,22.746037,0.0,0.0,0.0,4.0,4.0,0.0,0.0,4.0
41749,2023.0,10.0,17.0,22.0,21.048258,22.346977,19.101341,19.521946,21.047115,22.187925,21.052713,22.301579,20.3259,22.124851,20.041613,21.818802,21.025425,21.940817,21.054972,22.357113,21.651106,25.08335,4.0,0.0,0.0,0.0,0.0,4.0,0.0,0.0
41750,2023.0,10.0,17.0,22.0,21.047594,22.339634,20.237032,21.789513,21.048916,22.197414,21.05183,22.299864,18.841831,19.12963,18.136692,17.992935,21.060465,22.020685,21.05439,22.357552,18.48331,18.5429,0.0,0.0,0.0,4.0,0.0,0.0,0.0,0.0
41751,2023.0,10.0,17.0,22.0,21.04773,22.333437,18.579412,18.424223,21.04849,22.198616,21.051863,22.298046,20.292744,22.007807,17.307724,17.12468,21.05442,21.992516,21.054401,22.356337,16.880201,16.562458,0.0,0.0,0.0,4.0,0.0,0.0,0.0,0.0
41752,2023.0,10.0,17.0,22.0,21.04624,22.323702,17.852957,17.626629,21.047556,22.196615,21.050848,22.294409,20.008678,21.403648,17.465397,17.609735,21.053478,21.976122,21.052795,22.350445,16.46421,16.136242,0.0,0.0,0.0,4.0,4.0,0.0,0.0,0.0
41753,2023.0,10.0,17.0,22.0,21.046968,22.317753,17.695229,17.483892,21.048145,22.19553,21.05181,22.293585,20.167425,21.670002,20.36048,22.529821,21.040285,21.964188,21.053822,22.34768,16.39827,16.26193,0.0,0.0,0.0,0.0,0.0,0.0,0.0,0.0
41754,2023.0,10.0,17.0,23.0,21.046394,22.309927,17.547926,17.335957,21.047873,22.191679,21.051231,22.288523,18.38367,18.17387,18.468987,18.71063,21.041788,21.97407,21.05359,22.34184,16.283476,16.169016,0.0,0.0,0.0,0.0,0.0,0.0,0.0,0.0
41755,2023.0,10.0,17.0,23.0,19.879917,20.064339,17.42276,17.211258,19.86838,19.924128,19.785666,19.855553,17.488937,17.112152,17.387877,17.277197,19.972593,19.921432,19.662079,19.659485,16.90333,17.473747,0.0,0.0,0.0,0.0,0.0,0.0,0.0,4.0
41756,2023.0,10.0,17.0,23.0,19.325804,19.289228,17.332306,17.118427,19.262836,19.052284,19.15063,18.955603,17.424446,17.237028,17.131273,16.976618,19.539509,19.344873,19.09036,18.916876,16.33239,16.267199,0.0,0.0,0.0,0.0,0.0,0.0,0.0,0.0
41757,2023.0,10.0,17.0,23.0,19.076258,19.01902,17.24586,17.03059,18.995062,18.75489,18.86845,18.64611,17.311972,17.155762,16.960012,16.796932,19.343445,19.144907,18.81848,18.637419,15.907539,15.63481,0.0,0.0,0.0,0.0,0.0,0.0,0.0,0.0
41758,2023.0,10.0,17.0,23.0,18.907469,18.8625,17.175674,16.966917,18.81864,18.590345,18.679745,18.470654,17.807182,18.22066,16.831387,16.679813,19.195425,19.009457,18.618813,18.452738,15.758137,15.493451,0.0,0.0,0.0,4.0,0.0,0.0,0.0,0.0
41759,2023.0,10.0,17.0,23.0,18.755516,18.710762,17.106028,16.89873,18.659061,18.43061,18.509089,18.30014,17.918995,18.359108,17.047342,17.195852,19.059526,18.876642,18.439007,18.276318,15.795229,15.687718,0.0,0.0,0.0,4.0,4.0,0.0,0.0,0.0
41760,2023.0,10.0,18.0,0.0,18.627619,18.586748,17.043747,16.839445,18.523798,18.299479,18.364515,18.160126,17.664328,17.85674,16.730062,16.588717,18.942188,18.764713,18.285051,18.128866,15.748047,15.650465,0.0,0.0,0.0,4.0,0.0,0.0,0.0,0.0
41761,2023.0,10.0,18.0,0.0,18.516005,18.479565,16.987127,16.786211,18.405363,18.18654,18.238232,18.039692,17.025297,16.732754,16.57145,16.428978,18.834215,18.655418,18.149712,18.000591,15.68257,15.586474,0.0,0.0,0.0,0.0,0.0,0.0,0.0,0.0
41762,2023.0,10.0,18.0,0.0,18.408567,18.369072,16.932043,16.730116,18.290133,18.067883,18.115572,17.913296,16.716686,16.353313,16.468021,16.319818,18.733488,18.551147,18.021425,17.87185,15.617758,15.519418,0.0,0.0,0.0,0.0,0.0,0.0,0.0,0.0
41763,2023.0,10.0,18.0,0.0,18.319267,18.285612,16.884403,16.687096,18.196112,17.981346,18.015629,17.821203,16.569149,16.218887,16.701836,16.837324,18.648544,18.468948,17.909855,17.76182,15.561207,15.464168,0.0,0.0,0.0,0.0,4.0,0.0,0.0,0.0
41764,2023.0,10.0,18.0,0.0,18.236828,18.20815,16.839079,16.645557,18.109142,17.900093,17.923344,17.734827,16.639465,16.489347,16.41916,16.280039,18.57115,18.393747,17.809095,17.663712,15.509166,15.413227,0.0,0.0,0.0,0.0,0.0,0.0,0.0,0.0
41765,2023.0,10.0,18.0,0.0,18.157621,18.130363,16.794796,16.602976,18.025795,17.81857,17.835121,17.648312,16.602814,16.474125,16.60844,16.7453,18.498095,18.320375,17.714575,17.568983,15.459736,15.363356,0.0,0.0,0.0,0.0,4.0,0.0,0.0,0.0
41766,2023.0,10.0,18.0,1.0,18.088419,18.066442,16.755356,16.567354,17.953161,17.751938,17.75841,17.577717,17.121485,17.511156,16.339804,16.211475,18.433853,18.258694,17.631197,17.488726,15.415899,15.320946,0.0,0.0,0.0,4.0,0.0,0.0,0.0,0.0
41767,2023.0,10.0,18.0,1.0,18.022495,18.00332,16.71716,16.531622,17.883684,17.68587,17.68516,17.507778,16.672325,16.561964,16.209072,16.069906,18.373224,18.199047,17.552671,17.411346,15.374346,15.279794,0.0,0.0,0.0,0.0,0.0,0.0,0.0,0.0
41768,2023.0,10.0,18.0,1.0,17.961477,17.94472,16.681044,16.497929,17.819172,17.624638,17.617199,17.443016,17.09484,17.485405,16.141308,16.003326,18.317204,18.144001,17.480158,17.33995,15.335794,15.241656,0.0,0.0,0.0,4.0,0.0,0.0,0.0,0.0
41769,2023.0,10.0,18.0,1.0,17.905424,17.891651,16.647135,16.466883,17.759853,17.569317,17.554731,17.384537,16.4721,16.197327,16.080498,15.944398,18.265856,18.094292,17.413733,17.275452,15.300346,15.207086,0.0,0.0,0.0,0.0,0.0,0.0,0.0,0.0
41770,2023.0,10.0,18.0,1.0,17.851435,17.838802,16.613792,16.435326,17.702562,17.514088,17.494425,17.32619,16.827835,17.043211,16.024038,15.88792,18.216614,18.045284,17.350208,17.212114,15.266304,15.17299,0.0,0.0,0.0,4.0,0.0,0.0,0.0,0.0
41771,2023.0,10.0,18.0,1.0,17.801802,17.791508,16.582588,16.406586,17.649963,17.46473,17.439127,17.274096,16.346834,16.051252,15.973372,15.838595,18.17146,18.001387,17.292011,17.155354,15.968556,16.523561,0.0,0.0,0.0,0.0,0.0,0.0,0.0,4.0
41772,2023.0,10.0,18.0,2.0,17.754526,17.745995,16.552382,16.378471,17.599874,17.417236,17.386673,17.224106,16.143942,15.8286295,15.926105,15.792189,18.12862,17.95942,17.236946,17.101244,15.469037,15.411082,0.0,0.0,0.0,0.0,0.0,0.0,0.0,0.0
41773,2023.0,10.0,18.0,2.0,17.708944,17.701656,16.523531,16.351877,17.552011,17.371367,17.336784,17.175863,16.238247,16.110607,16.20082,16.347645,18.088108,17.919722,17.184614,17.0494,15.1777,14.955683,0.0,0.0,0.0,0.0,4.0,0.0,0.0,0.0
41774,2023.0,10.0,18.0,2.0,17.669878,17.668127,16.498875,16.332018,17.511345,17.337036,17.294487,17.139803,16.217783,16.097084,15.974712,15.865515,18.053171,17.888697,18.146664,18.903906,15.096043,14.878602,0.0,0.0,0.0,0.0,0.0,0.0,4.0,0.0
41775,2023.0,10.0,18.0,2.0,17.630484,17.63179,16.474207,16.31057,17.470713,17.300064,17.25199,17.100882,16.17618,16.058182,15.861933,15.733512,18.018572,17.856243,17.303814,17.083588,15.159881,15.067257,0.0,0.0,0.0,0.0,0.0,0.0,0.0,0.0
41776,2023.0,10.0,18.0,2.0,17.592415,17.596071,16.450243,16.289461,17.43182,17.264078,17.21093,17.062778,16.134956,16.018366,16.11597,16.245613,17.985403,17.824793,17.002998,16.696413,15.890292,16.451899,0.0,0.0,0.0,0.0,4.0,0.0,0.0,4.0
41777,2023.0,10.0,18.0,2.0,17.55681,17.563469,16.427647,16.270073,17.39539,17.231277,17.172726,17.028135,16.096798,15.982342,15.90949,15.802651,17.954473,17.796173,16.909517,16.609617,15.273014,15.10225,0.0,0.0,0.0,0.0,0.0,0.0,0.0,0.0
41778,2023.0,10.0,18.0,3.0,17.520895,17.528618,16.404942,16.249346,17.358536,17.196184,17.134674,16.99145,16.059519,15.945545,15.803131,15.679549,17.923727,17.766447,17.00929,16.891308,15.073719,14.862871,0.0,0.0,0.0,0.0,0.0,0.0,0.0,0.0
41779,2023.0,10.0,18.0,3.0,17.485899,17.494123,16.381725,16.226894,17.321888,17.160168,17.097036,16.954174,16.024136,15.910231,15.763091,15.639832,17.89349,17.73644,16.983747,16.858633,15.013603,14.805678,0.0,0.0,0.0,0.0,0.0,0.0,0.0,0.0
41780,2023.0,10.0,18.0,3.0,17.452408,17.461588,16.359198,16.205708,17.287222,17.127111,17.061285,16.919922,15.9910555,15.877848,15.725979,15.603585,17.864454,17.708113,16.94512,16.82075,15.0969095,15.0248375,0.0,0.0,0.0,0.0,0.0,0.0,0.0,0.0
41781,2023.0,10.0,18.0,3.0,17.419828,17.429846,16.337004,16.184822,17.253584,17.094982,17.026463,16.88657,15.959609,15.847085,15.692274,15.570662,17.836206,17.680561,16.907457,16.783836,15.078463,14.994013,0.0,0.0,0.0,0.0,0.0,0.0,0.0,0.0
41782,2023.0,10.0,18.0,3.0,17.39774,17.417953,16.315273,16.16436,17.22107,17.063866,16.992794,16.854275,15.929744,15.817889,15.660838,15.53999,17.808735,17.65378,16.870726,16.747871,15.056149,14.972082,0.0,0.0,0.0,0.0,0.0,0.0,0.0,0.0
41783,2023.0,10.0,18.0,3.0,17.377369,17.406317,16.29386,16.144173,17.18936,17.033491,16.959997,16.822783,15.90113,15.78993,15.631185,15.51108,17.781849,17.627577,16.835163,16.713062,15.0348,14.951137,0.0,0.0,0.0,0.0,0.0,0.0,0.0,0.0
41784,2023.0,10.0,18.0,4.0,17.350243,17.379429,16.272793,16.124289,17.158451,17.003847,16.928064,16.792086,15.873694,15.763137,15.603024,15.483645,17.755512,17.601915,16.800734,16.679379,15.013925,14.930677,0.0,0.0,0.0,0.0,0.0,0.0,0.0,0.0
41785,2023.0,10.0,18.0,4.0,17.322372,17.351326,16.251938,16.104446,17.128122,16.97455,16.896784,16.76181,15.847185,15.737125,15.576006,15.457199,17.729454,17.57632,16.767239,16.646461,15.000347,14.923659,0.0,0.0,0.0,0.0,0.0,0.0,0.0,0.0
41786,2023.0,10.0,18.0,4.0,17.292044,17.320848,16.229305,16.082838,17.095478,16.942877,16.863155,16.729124,15.818699,15.709213,15.546845,15.428724,17.701302,17.54869,16.731369,16.611248,15.002481,14.945628,0.0,0.0,0.0,0.0,0.0,0.0,0.0,0.0
41787,2023.0,10.0,18.0,4.0,17.264025,17.294422,16.208767,16.065046,17.792095,18.28027,16.833117,16.702679,16.366003,16.761192,15.520575,15.405034,17.675104,17.524557,16.698196,16.58036,15.001934,14.95365,0.0,4.0,0.0,4.0,0.0,0.0,0.0,0.0
41788,2023.0,10.0,18.0,4.0,17.236013,17.266417,16.187386,16.044682,17.447868,17.423582,16.801874,16.672474,16.07094,16.011501,15.779548,15.911686,17.648535,17.498653,17.693712,18.483774,15.002303,14.964147,0.0,0.0,0.0,0.0,4.0,0.0,4.0,0.0
41789,2023.0,10.0,18.0,4.0,17.923521,18.577385,16.166811,16.024721,16.954876,16.62204,16.771614,16.642834,15.86464,15.762692,15.655836,15.580166,17.62216,17.472736,16.982746,16.783005,15.002597,14.972925,0.0,0.0,0.0,0.0,0.0,0.0,0.0,0.0
41790,2023.0,10.0,18.0,5.0,17.546103,17.646515,16.14642,16.004723,16.779524,16.41328,16.741869,16.613283,15.811386,15.705355,15.816758,15.962915,17.595955,17.446632,16.587753,16.320227,15.002714,14.980571,0.0,0.0,0.0,0.0,4.0,0.0,0.0,0.0
41791,2023.0,10.0,18.0,5.0,17.090466,16.919147,16.126673,15.985138,16.89868,16.721584,16.712992,16.58437,15.773652,15.66692,15.627523,15.521078,17.569937,17.420704,16.483107,16.20977,15.003158,14.98812,0.0,0.0,0.0,0.0,0.0,0.0,0.0,0.0
41792,2023.0,10.0,18.0,5.0,16.933865,16.73354,16.10735,15.966064,16.938232,16.787731,16.684885,16.55631,15.740551,15.633741,15.829119,15.995776,17.544197,17.395136,16.576948,16.4687,15.003608,14.995015,0.0,0.0,0.0,0.0,4.0,0.0,0.0,0.0
41793,2023.0,10.0,18.0,5.0,17.070307,17.076342,16.540081,16.796143,16.91987,16.773123,16.6591,16.532005,15.711069,15.605561,15.62787,15.529427,17.519627,17.371765,16.572042,16.455921,15.003796,15.001101,4.0,0.0,0.0,0.0,0.0,0.0,0.0,0.0
41794,2023.0,10.0,18.0,5.0,17.83541,18.502323,16.33105,16.270409,16.89425,16.749216,16.633307,16.507172,15.6829815,15.578281,15.794789,15.936493,17.49496,17.34797,16.5405,16.425701,15.003621,15.006286,0.0,0.0,0.0,0.0,4.0,0.0,0.0,0.0
41795,2023.0,10.0,18.0,5.0,17.274815,17.199404,16.153526,16.024319,16.867823,16.72387,16.608017,16.482561,15.657105,15.55301,15.935202,16.11244,18.226439,18.752125,17.537529,18.331125,15.632879,16.19152,0.0,0.0,0.0,0.0,4.0,4.0,4.0,4.0
41796,2023.0,10.0,18.0,6.0,16.99883,16.800201,16.1079,15.969036,17.575293,18.07354,16.585142,16.459625,15.635068,15.530987,15.796319,15.804766,18.510778,19.134687,17.700752,18.37888,15.14845,15.12231,0.0,4.0,0.0,0.0,4.0,4.0,4.0,0.0
41797,2023.0,10.0,18.0,6.0,21.596846,24.663298,16.084084,15.945698,21.502338,24.703506,21.464373,24.92533,15.613468,15.509907,20.149832,23.013187,21.329988,23.956326,21.667143,25.159971,15.655275,15.841073,0.0,4.0,0.0,0.0,0.0,4.0,0.0,0.0
41798,2023.0,10.0,18.0,6.0,20.925884,23.15656,16.06467,15.924746,20.937965,23.174492,20.909288,23.389233,15.592219,15.489103,17.941257,18.375566,21.000555,22.978878,20.95116,23.373728,16.033525,16.524134,0.0,0.0,4.0,0.0,4.0,0.0,0.0,4.0
41799,2023.0,10.0,18.0,6.0,21.162762,23.34827,16.47362,16.705029,21.16071,23.311527,21.168526,23.58281,15.574418,15.47217,20.293684,23.036118,21.12162,22.958334,21.1795,23.530838,21.357548,25.691849,4.0,4.0,4.0,0.0,0.0,4.0,0.0,4.0
41800,2023.0,10.0,18.0,6.0,21.950314,24.34601,20.308199,23.263205,21.142715,23.077888,21.145805,23.307411,16.161837,16.591434,18.172123,18.527687,21.877928,23.993814,21.159468,23.253857,19.880259,22.450056,0.0,4.0,0.0,4.0,0.0,4.0,4.0,4.0
41801,2023.0,10.0,18.0,6.0,21.029316,22.719637,18.47499,19.152197,21.057465,22.766996,21.081625,23.000942,20.39272,23.770355,17.204142,17.372412,20.936983,22.168634,21.048399,22.887432,20.12253,22.650173,4.0,4.0,0.0,4.0,4.0,0.0,4.0,0.0
41802,2023.0,10.0,18.0,7.0,21.829681,24.006714,20.293474,22.7147,21.706606,23.694637,21.591957,23.510183,20.888004,23.973503,20.351753,22.924475,21.70601,23.455896,21.804693,23.885582,17.621563,17.597063,0.0,4.0,4.0,0.0,0.0,4.0,0.0,0.0
41803,2023.0,10.0,18.0,7.0,20.926857,22.236006,18.143646,18.200329,20.927925,22.206764,21.018085,22.564402,18.19534,18.302023,18.298346,18.630287,20.95477,21.977966,20.88366,22.227242,16.450396,16.172953,0.0,0.0,4.0,0.0,0.0,4.0,0.0,0.0
41804,2023.0,10.0,18.0,7.0,21.099733,22.597109,17.117926,16.96216,21.098104,22.523903,21.086535,22.67066,16.76919,16.488407,17.46008,17.682707,21.050253,22.16743,21.10914,22.658962,16.27538,16.153917,0.0,0.0,0.0,0.0,4.0,4.0,0.0,0.0
41805,2023.0,10.0,18.0,7.0,21.148779,22.685572,16.93901,16.781698,21.162502,22.609455,21.049183,22.532946,17.405994,17.974894,20.302044,22.679005,21.140669,22.344517,21.029543,22.456139,17.154104,17.960596,0.0,4.0,4.0,4.0,4.0,4.0,4.0,4.0
41806,2023.0,10.0,18.0,7.0,21.040115,22.42861,17.259087,17.494116,21.049,22.358015,21.078888,22.576527,20.323025,22.89346,20.042747,21.943726,21.034367,22.119978,21.079222,22.568815,21.382334,25.102654,4.0,4.0,0.0,4.0,0.0,4.0,0.0,0.0
41807,2023.0,10.0,18.0,7.0,21.171408,22.698067,20.305447,22.78388,21.1704,22.602036,21.163647,22.709963,20.020334,22.00149,18.37868,18.548212,21.161367,22.363684,21.188862,22.765623,18.153612,18.286514,0.0,0.0,0.0,4.0,4.0,4.0,0.0,0.0
41808,2023.0,10.0,18.0,8.0,21.063927,22.461151,18.377008,18.66543,21.041506,22.29904,21.07132,22.490553,20.176323,22.1313,20.274567,22.358328,21.033041,22.091633,21.069384,22.500092,16.572493,16.304722,0.0,4.0,0.0,0.0,0.0,4.0,0.0,0.0
41809,2023.0,10.0,18.0,8.0,19.52628,19.49513,17.258268,17.153294,19.471506,19.305986,19.655186,19.772806,18.15558,18.083717,18.259905,18.247698,19.594023,19.344946,19.56064,19.599339,16.367767,16.245346,0.0,0.0,0.0,0.0,0.0,0.0,0.0,0.0
41810,2023.0,10.0,18.0,8.0,19.097662,19.06069,17.04598,16.883675,18.746588,18.276354,18.964392,18.800713,17.3927,17.046204,17.577976,17.390375,19.792526,20.03566,18.940207,18.781881,16.267197,16.169449,0.0,0.0,0.0,0.0,0.0,4.0,0.0,0.0
41811,2023.0,10.0,18.0,8.0,18.898764,18.887333,16.936752,16.77352,19.071926,19.151577,18.67459,18.499052,17.300747,17.139748,17.390423,17.23247,19.806095,20.082472,18.659534,18.504133,16.150076,16.06091,0.0,4.0,0.0,0.0,0.0,4.0,0.0,0.0
41812,2023.0,10.0,18.0,8.0,18.720205,18.7184,17.318972,17.569775,18.477568,18.105047,18.46583,18.299198,17.16898,17.040047,17.211887,17.067722,19.032452,18.696838,18.446655,18.303614,16.050013,15.969087,4.0,0.0,0.0,0.0,0.0,0.0,0.0,0.0
41813,2023.0,10.0,18.0,8.0,18.568306,18.573023,20.269325,22.705334,18.174192,17.74752,18.967592,19.40011,17.028776,16.91101,17.058437,16.921696,18.720303,18.334805,19.29761,20.078981,15.961391,15.887439,0.0,0.0,4.0,0.0,0.0,0.0,4.0,0.0
41814,2023.0,10.0,18.0,9.0,18.401806,18.404766,18.47581,18.847227,18.16395,17.936174,18.536058,18.535772,16.8855,16.778225,16.908821,16.784779,18.54008,18.17132,18.442825,18.249147,15.870368,15.802402,0.0,0.0,0.0,0.0,0.0,0.0,0.0,0.0
41815,2023.0,10.0,18.0,9.0,19.024591,19.678213,18.006067,18.230501,18.813286,19.2483,18.640907,18.86789,16.782785,16.678246,16.805292,16.684492,18.419456,18.062763,19.027079,19.620443,15.804165,15.73787,4.0,4.0,4.0,0.0,0.0,0.0,4.0,0.0
41816,2023.0,10.0,18.0,9.0,18.536793,18.689013,20.209267,22.24891,18.20581,18.027159,18.063513,17.82715,16.692125,16.59317,16.712097,16.596525,18.490398,18.321283,18.234812,18.04328,15.746052,15.683467,4.0,0.0,0.0,0.0,0.0,0.0,0.0,0.0
41817,2023.0,10.0,18.0,9.0,18.707151,19.193853,20.040403,21.694187,18.425653,18.680687,17.662012,17.321539,16.598108,16.50218,16.61509,16.503368,18.474743,18.338655,17.76011,17.48586,15.685272,15.624303,0.0,4.0,0.0,0.0,0.0,0.0,0.0,0.0
41818,2023.0,10.0,18.0,9.0,18.166706,18.119833,18.411318,18.422564,17.936686,17.693485,17.50906,17.1842,17.26809,17.83637,16.53818,16.434694,19.19035,19.761929,17.596136,17.333654,15.634886,15.577429,0.0,0.0,0.0,4.0,0.0,4.0,0.0,0.0
41819,2023.0,10.0,18.0,9.0,18.579454,19.032606,17.673498,17.345175,17.674196,17.340704,17.551746,17.379087,20.31871,23.067478,16.484455,16.383875,19.19442,19.60523,17.49399,17.240759,15.597809,15.5414915,0.0,0.0,0.0,0.0,0.0,4.0,0.0,0.0
41820,2023.0,10.0,18.0,10.0,18.130192,18.095707,17.928053,18.103586,18.158966,18.366762,17.537256,17.412912,18.021856,18.158718,16.42846,16.333063,19.18465,19.58443,17.514765,17.392128,15.560631,15.50661,4.0,4.0,0.0,0.0,0.0,4.0,0.0,0.0
41821,2023.0,10.0,18.0,10.0,18.570683,19.058723,20.25573,22.2386,18.366777,18.702112,17.483418,17.371382,17.892181,18.269958,16.794306,17.06107,19.2262,19.634876,18.55235,19.39524,16.5037,17.311337,0.0,4.0,0.0,4.0,4.0,4.0,4.0,4.0
41822,2023.0,10.0,18.0,10.0,18.129776,18.122961,18.682032,18.945377,17.842457,17.695307,18.116215,18.62185,21.343641,24.118465,20.355906,23.118696,19.267925,19.68531,17.850054,17.737257,21.054161,24.934431,0.0,0.0,4.0,0.0,0.0,4.0,0.0,0.0
41823,2023.0,10.0,18.0,10.0,17.800411,17.710754,17.740993,17.679724,17.515242,17.258396,17.781422,17.816677,18.42281,18.497404,18.319818,18.73807,18.601812,18.411392,17.415403,17.217445,17.967913,18.290043,0.0,0.0,0.0,0.0,0.0,0.0,0.0,0.0
41824,2023.0,10.0,18.0,10.0,17.70311,17.610527,17.526075,17.412094,17.419281,17.154055,18.08646,18.471186,17.639576,17.38648,17.401096,17.301834,18.343813,18.065708,17.31281,17.112253,16.857891,16.6763,0.0,0.0,4.0,0.0,0.0,0.0,0.0,0.0
41825,2023.0,10.0,18.0,10.0,17.767485,17.813116,17.410854,17.302542,17.469305,17.324532,18.172585,18.57018,17.518337,17.384296,17.207664,17.09974,18.259771,17.994726,18.420677,19.28046,16.676512,16.581615,0.0,0.0,4.0,0.0,0.0,0.0,4.0,0.0
41826,2023.0,10.0,18.0,11.0,17.762442,17.837488,17.312561,17.209312,17.472946,17.371586,17.614021,17.514019,17.391989,17.283031,17.073723,16.968552,18.196632,17.944757,17.659042,17.593391,16.526737,16.446966,0.0,0.0,0.0,0.0,0.0,0.0,0.0,0.0
41827,2023.0,10.0,18.0,11.0,17.724003,17.80243,17.704163,18.022905,17.441702,17.347942,17.354246,17.143282,17.263386,17.157892,16.968296,16.864017,18.261223,18.136766,17.356909,17.1749,16.398308,16.319912,4.0,0.0,0.0,0.0,0.0,0.0,0.0,0.0
41828,2023.0,10.0,18.0,11.0,18.43235,19.169954,20.269775,22.490139,17.406963,17.317968,17.925156,18.29649,17.156157,17.057987,16.882341,16.78279,18.253855,18.146456,17.270788,17.09341,16.297398,16.225952,0.0,0.0,4.0,0.0,0.0,0.0,0.0,0.0
41829,2023.0,10.0,18.0,11.0,18.053904,18.24538,18.639418,19.002018,17.368135,17.283104,17.56583,17.486328,17.046804,16.955175,16.799006,16.7057,18.221214,18.118128,17.198313,17.02643,16.196224,16.12969,0.0,0.0,0.0,0.0,0.0,0.0,0.0,0.0
41830,2023.0,10.0,18.0,11.0,17.692183,17.655706,17.84251,17.775295,17.334799,17.252253,17.30989,17.118004,17.726578,18.307959,16.741142,16.649803,18.192085,18.09079,17.223904,17.134277,16.123522,16.058228,0.0,0.0,0.0,4.0,0.0,0.0,0.0,0.0
41831,2023.0,10.0,18.0,11.0,17.57765,17.5296,17.629463,17.539785,17.303413,17.224615,17.881062,18.267061,20.279766,22.69867,16.689728,16.60317,18.164621,18.065884,17.208124,17.13075,16.060379,15.999479,0.0,0.0,4.0,0.0,0.0,0.0,0.0,0.0
41832,2023.0,10.0,18.0,12.0,17.62297,17.696644,17.467686,17.380621,17.270247,17.194832,17.52299,17.454752,18.270422,18.430328,16.635277,16.55302,18.927483,19.539892,17.174152,17.099874,15.996645,15.939433,0.0,0.0,0.0,0.0,0.0,4.0,0.0,0.0
41833,2023.0,10.0,18.0,12.0,21.315792,24.263586,17.810675,18.113335,21.301292,24.351185,21.296616,24.208702,17.507246,17.304373,16.592987,16.512543,21.213634,23.46136,21.763512,25.14109,15.948596,15.892051,4.0,0.0,0.0,0.0,0.0,0.0,0.0,0.0
41834,2023.0,10.0,18.0,12.0,21.010431,23.256609,20.276941,22.401297,21.00852,23.315262,21.010471,23.252966,17.349506,17.23707,16.96623,17.25717,21.037245,22.795591,21.009077,23.366901,15.902048,15.848569,0.0,0.0,0.0,0.0,4.0,0.0,0.0,0.0
41835,2023.0,10.0,18.0,12.0,21.064049,23.11408,18.646322,18.947613,21.044655,23.08315,21.069586,23.123726,17.237532,17.139208,20.296675,22.961878,21.060144,22.626616,21.069946,23.201767,15.864543,15.81415,0.0,4.0,0.0,0.0,0.0,0.0,0.0,0.0
41836,2023.0,10.0,18.0,12.0,21.05519,22.932058,18.139997,18.490973,21.063702,22.954449,21.06019,22.938646,17.129932,17.038048,18.39466,18.81277,21.045513,22.46306,21.05965,22.98084,15.835817,15.788739,4.0,0.0,0.0,0.0,0.0,0.0,0.0,0.0
41837,2023.0,10.0,18.0,12.0,21.028973,22.745823,20.263075,22.23411,21.0683,22.807693,21.059706,22.820282,17.041784,16.954897,17.284595,17.266865,21.04505,22.36273,21.058588,22.83408,15.813294,15.769342,0.0,0.0,0.0,0.0,0.0,0.0,0.0,0.0
41838,2023.0,10.0,18.0,13.0,21.03259,22.676313,18.905102,19.32387,21.065363,22.688452,21.058184,22.731592,16.97069,16.889853,17.049194,16.977272,21.014235,22.208422,21.056763,22.723785,15.795207,15.754198,4.0,0.0,0.0,0.0,0.0,4.0,0.0,0.0
41839,2023.0,10.0,18.0,13.0,21.066732,22.688492,20.252048,22.030293,21.05351,22.600096,21.057014,22.664639,16.910435,16.833683,16.932537,16.851843,21.056227,22.24401,21.055227,22.64019,15.779942,15.741043,0.0,0.0,0.0,0.0,0.0,0.0,0.0,0.0
41840,2023.0,10.0,18.0,13.0,21.032822,22.539297,18.686405,18.809881,21.029026,22.479895,21.031544,22.544584,16.859867,16.787468,16.855156,16.777754,21.048574,22.17097,21.05416,22.575714,16.812002,17.71032,0.0,4.0,4.0,0.0,0.0,0.0,0.0,4.0
41841,2023.0,10.0,18.0,13.0,21.037502,22.505152,17.901897,17.850817,21.057652,22.520134,21.060225,22.58643,16.81633,16.747538,16.793058,16.718607,21.048073,22.123686,21.053055,22.524122,20.365856,23.616892,0.0,0.0,0.0,0.0,0.0,0.0,0.0,0.0
41842,2023.0,10.0,18.0,13.0,21.062544,22.540874,17.69998,17.631668,21.061047,22.471811,21.03876,22.470228,16.778236,16.712591,16.738924,16.667097,21.038685,22.084866,21.052261,22.482647,17.729876,17.971754,0.0,0.0,4.0,0.0,0.0,0.0,0.0,0.0
41843,2023.0,10.0,18.0,13.0,21.055267,22.492113,17.551918,17.476124,21.03246,22.35233,21.06728,22.508898,16.743515,16.680006,16.689596,16.618755,21.038471,22.066093,21.010035,22.340078,16.552385,16.461697,0.0,4.0,0.0,0.0,0.0,0.0,4.0,0.0
41844,2023.0,10.0,18.0,14.0,21.029549,22.390089,17.899996,18.229374,21.038511,22.333832,21.035662,22.392206,17.513407,18.165518,16.648266,16.581553,21.03844,22.049826,21.066694,22.445848,17.413404,18.283218,4.0,4.0,4.0,4.0,0.0,0.0,0.0,4.0
41845,2023.0,10.0,18.0,14.0,19.651209,19.754053,20.248798,22.299433,20.120726,20.549494,19.555925,19.5588,20.288576,22.80932,16.607512,16.541344,20.019846,20.074696,19.56776,19.527746,20.305204,23.107025,0.0,4.0,0.0,0.0,0.0,0.0,0.0,0.0
41846,2023.0,10.0,18.0,14.0,18.925678,18.871458,18.734085,19.075878,19.08463,18.936949,19.344753,19.678497,18.240559,18.426798,16.571232,16.506193,19.478611,19.37734,18.798414,18.592365,17.9661,18.175673,0.0,0.0,4.0,0.0,0.0,0.0,0.0,0.0
41847,2023.0,10.0,18.0,14.0,18.702343,18.621489,17.991606,17.936132,18.691639,18.42825,18.758833,18.630714,17.481028,17.309683,16.542746,16.477716,19.30501,19.183598,18.65553,18.534248,17.142313,16.999487,0.0,0.0,0.0,0.0,0.0,0.0,0.0,0.0
41848,2023.0,10.0,18.0,14.0,19.412895,20.113516,17.788675,17.710953,19.146774,19.450556,19.069635,19.40479,17.368328,17.271616,16.5146,16.451038,19.181276,19.06367,18.519339,18.414158,16.968895,16.887774,0.0,4.0,4.0,0.0,0.0,0.0,0.0,0.0
41849,2023.0,10.0,18.0,14.0,18.778873,18.824085,17.649656,17.568268,18.60779,18.4405,19.113094,19.490583,17.265203,17.181177,16.485352,16.422556,19.858099,20.448591,18.38347,18.282545,16.822927,16.750881,0.0,0.0,4.0,0.0,0.0,4.0,0.0,0.0
41850,2023.0,10.0,18.0,15.0,19.166714,19.717764,17.540512,17.457136,18.312416,18.055088,18.478579,18.349253,17.168343,17.086683,16.856592,17.146542,19.831446,20.28518,18.26146,18.16386,16.69711,16.627562,0.0,0.0,0.0,0.0,4.0,4.0,0.0,0.0
41851,2023.0,10.0,18.0,15.0,19.226685,19.784447,17.451342,17.369373,18.173666,17.918428,18.178915,17.95374,17.086138,17.008642,20.269283,23.01598,19.118155,18.954184,18.154453,18.062347,16.592806,16.52827,0.0,0.0,0.0,0.0,0.0,0.0,0.0,0.0
41852,2023.0,10.0,18.0,15.0,19.192625,19.736177,17.361797,17.279755,18.161,18.031286,18.642988,18.974585,17.002254,16.928375,18.341715,18.78548,18.7645,18.51955,18.041859,17.953905,16.486727,16.426643,0.0,0.0,4.0,0.0,0.0,0.0,0.0,0.0
41853,2023.0,10.0,18.0,15.0,18.569803,18.583843,17.296621,17.210005,18.819595,19.331806,18.183878,18.068134,16.937494,16.86402,17.817675,18.078045,19.406794,19.835554,17.953825,17.866156,16.407032,16.347437,0.0,4.0,0.0,0.0,4.0,4.0,0.0,0.0
41854,2023.0,10.0,18.0,15.0,18.294104,18.21388,17.23963,17.152857,18.986883,19.548079,17.91224,17.689426,16.879284,16.808811,20.263596,22.42119,18.850527,18.690756,18.923128,19.77073,16.336271,16.280218,0.0,4.0,0.0,0.0,0.0,0.0,4.0,0.0
41855,2023.0,10.0,18.0,15.0,18.844305,19.373718,17.181011,17.093395,18.29843,18.214241,17.766378,17.536184,16.818577,16.750677,18.603703,18.925722,18.531984,18.293472,18.223131,18.144108,16.263725,16.21078,0.0,0.0,0.0,0.0,0.0,0.0,0.0,0.0
41856,2023.0,10.0,18.0,16.0,18.9781,19.539501,17.136837,17.045889,18.624605,18.955708,17.794313,17.6808,17.52718,18.12934,17.817228,17.723389,18.436913,18.190704,18.895966,19.602116,16.207262,16.154898,0.0,4.0,0.0,4.0,0.0,0.0,4.0,0.0
41857,2023.0,10.0,18.0,16.0,18.377789,18.401674,17.096916,17.005564,18.165796,18.057018,18.456938,18.9712,20.300062,22.871298,17.587114,17.475994,18.487848,18.36492,18.151648,18.058638,16.15606,16.10606,0.0,0.0,4.0,0.0,0.0,0.0,0.0,0.0
41858,2023.0,10.0,18.0,16.0,18.74782,19.287012,17.054653,16.963203,17.821735,17.59123,18.714314,19.273172,18.187138,18.346079,17.401361,17.294258,19.263418,19.862867,18.742771,19.446257,16.104107,16.056118,0.0,0.0,4.0,0.0,0.0,4.0,4.0,0.0
41859,2023.0,10.0,18.0,16.0,18.254545,18.276619,17.483747,17.793587,17.70887,17.458254,18.590443,18.984188,17.419287,17.221617,17.272192,17.164455,18.602812,18.452702,18.006855,17.89749,16.063774,16.016224,4.0,0.0,4.0,0.0,0.0,0.0,0.0,0.0
41860,2023.0,10.0,18.0,16.0,18.709211,19.238184,20.265596,22.594091,18.45515,18.937016,17.986027,17.869493,18.062798,18.61456,17.16059,17.05628,18.350199,18.104248,17.720783,17.524715,16.027777,15.981849,0.0,4.0,0.0,4.0,0.0,0.0,0.0,0.0
41861,2023.0,10.0,18.0,16.0,18.279306,18.29655,18.59847,18.966822,18.60868,19.00004,17.64464,17.424871,20.286089,22.391367,17.429256,17.660496,18.257555,18.011177,17.595898,17.40031,15.990155,15.945579,0.0,4.0,0.0,0.0,4.0,0.0,0.0,0.0
41862,2023.0,10.0,18.0,17.0,18.648096,19.175047,18.016897,18.347784,18.006212,17.886543,18.17499,18.514845,18.393175,18.455814,20.294231,22.631031,18.30984,18.188282,17.50266,17.309258,15.95486,15.910955,4.0,0.0,4.0,0.0,0.0,0.0,0.0,0.0
41863,2023.0,10.0,18.0,17.0,18.83681,19.383827,20.264149,22.270216,18.325788,18.657293,17.807344,17.686644,18.166037,18.581287,18.529419,18.85112,18.312727,18.210987,17.519535,17.42346,15.922221,15.878474,4.0,4.0,0.0,4.0,0.0,0.0,0.0,0.0
41864,2023.0,10.0,18.0,17.0,18.85635,19.390455,20.031696,21.583021,18.50605,18.870655,17.490997,17.266014,20.286072,22.277277,17.50798,17.450962,18.277029,18.177544,18.56622,19.429638,15.8915825,15.847724,0.0,4.0,0.0,0.0,0.0,0.0,4.0,0.0
41865,2023.0,10.0,18.0,17.0,18.867071,19.389122,18.876345,19.18452,18.5263,18.884504,18.042004,18.37737,18.463938,18.50386,17.265472,17.171083,18.237831,18.135511,18.808266,19.524515,15.863023,15.818868,4.0,4.0,4.0,0.0,0.0,0.0,4.0,0.0
41866,2023.0,10.0,18.0,17.0,18.882465,19.40382,20.197023,21.699024,17.964014,17.824379,18.211458,18.587708,17.773659,17.523607,17.149435,17.0452,18.94064,19.490442,17.923256,17.806696,15.838058,15.791002,4.0,0.0,4.0,0.0,0.0,4.0,0.0,0.0
41867,2023.0,10.0,18.0,17.0,18.268452,18.240593,20.038584,21.291948,18.2995,18.628979,17.648577,17.496933,18.388464,18.931154,17.04231,16.939909,18.371368,18.178135,17.519953,17.317816,15.812658,15.763641,0.0,4.0,0.0,4.0,0.0,0.0,0.0,0.0
41868,2023.0,10.0,18.0,18.0,17.94883,17.838352,18.711271,18.67256,18.462994,18.809767,18.018251,18.353838,20.245207,22.078861,17.32895,17.560385,18.075678,17.82304,18.416922,19.11115,15.788853,15.738455,0.0,4.0,4.0,0.0,4.0,0.0,4.0,0.0
41869,2023.0,10.0,18.0,18.0,21.356,23.933514,18.524122,18.78628,21.313835,23.779892,21.348835,24.040028,19.049597,19.513126,20.29303,22.677643,21.334263,23.553215,21.36152,24.054796,15.766514,15.71519,4.0,0.0,4.0,4.0,0.0,4.0,0.0,0.0
41870,2023.0,10.0,18.0,18.0,21.132397,23.173697,20.20462,21.743797,21.147005,23.118797,21.133009,23.26722,20.234055,21.904167,18.76567,19.305931,21.108341,22.928724,21.152046,23.300014,15.75106,15.699322,4.0,4.0,4.0,0.0,4.0,0.0,0.0,0.0
41871,2023.0,10.0,18.0,18.0,21.066847,22.820404,20.019274,21.234938,21.051695,22.717955,21.080318,22.943857,18.563879,18.50577,20.266808,22.291164,21.034267,22.538275,21.072126,22.903929,15.741079,15.68955,4.0,4.0,0.0,0.0,0.0,4.0,0.0,0.0
41872,2023.0,10.0,18.0,18.0,21.059626,22.660345,20.041769,21.186903,21.043924,22.564184,21.043175,22.687708,17.73298,17.475836,18.631344,18.855974,21.061914,22.459871,21.05511,22.727468,16.696894,17.499523,4.0,4.0,4.0,0.0,0.0,0.0,0.0,4.0
41873,2023.0,10.0,18.0,18.0,21.02172,22.485231,20.055723,21.164003,21.067741,22.531136,21.047386,22.582636,17.626017,17.499126,17.70748,17.619146,21.02578,22.252321,21.055407,22.62318,20.37937,23.602041,0.0,0.0,4.0,0.0,0.0,4.0,0.0,4.0
41874,2023.0,10.0,18.0,19.0,21.038048,22.442715,19.13776,19.329887,21.061016,22.436844,21.06967,22.562437,17.538939,17.43029,17.4677,17.358974,21.058743,22.256119,21.015116,22.437939,20.037176,22.50501,4.0,0.0,0.0,0.0,0.0,0.0,4.0,0.0
41875,2023.0,10.0,18.0,19.0,21.172276,22.677435,20.163574,21.439325,21.206797,22.645702,21.167944,22.688852,17.430683,17.329014,17.322016,17.212091,21.132475,22.335312,21.197119,22.759216,17.789644,17.859196,4.0,4.0,0.0,0.0,0.0,0.0,0.0,0.0
41876,2023.0,10.0,18.0,19.0,21.02592,22.314442,20.011623,21.050272,21.038204,22.25858,21.060497,22.414639,17.333822,17.234451,17.204147,17.09457,21.049421,22.11309,21.057432,22.41624,16.782413,16.610088,4.0,4.0,0.0,0.0,0.0,0.0,0.0,0.0
41877,2023.0,10.0,18.0,19.0,21.068357,22.3695,20.075565,21.123,21.11785,22.412321,21.104507,22.479239,17.255186,17.161009,17.11174,17.006786,21.085209,22.158575,21.121815,22.494007,16.645678,16.566477,4.0,0.0,0.0,0.0,0.0,0.0,0.0,0.0
41878,2023.0,10.0,18.0,19.0,21.065166,22.32244,20.071266,21.057804,21.11306,22.336197,21.10158,22.434725,17.189632,17.100634,17.036495,16.937378,21.082394,22.11861,21.034716,22.24082,16.546848,16.474358,4.0,0.0,0.0,0.0,0.0,0.0,4.0,0.0
41879,2023.0,10.0,18.0,19.0,21.108711,22.41384,20.098051,21.1041,21.049568,22.178148,21.100363,22.413162,17.13287,17.048449,16.971874,16.877996,21.080948,22.095308,21.11757,22.440771,16.45514,16.388094,0.0,4.0,0.0,0.0,0.0,0.0,0.0,0.0
41880,2023.0,10.0,18.0,20.0,21.018404,22.190552,19.252426,19.427458,21.03426,22.144707,21.0178,22.226225,17.085842,17.007565,16.92026,16.83496,21.03478,21.995712,21.04826,22.262482,16.381456,16.321512,4.0,4.0,4.0,0.0,0.0,0.0,0.0,0.0
41881,2023.0,10.0,18.0,20.0,21.031471,22.203924,20.145065,21.29026,21.059752,22.199297,21.05474,22.314888,17.043175,16.968462,16.872883,16.793692,21.03911,21.992125,21.017517,22.150267,16.319988,16.266579,4.0,0.0,0.0,0.0,0.0,0.0,4.0,0.0
41882,2023.0,10.0,18.0,20.0,21.102888,22.358744,20.09718,21.114357,21.106585,22.2651,21.074358,22.289413,17.006998,16.935474,16.830914,16.754108,21.077333,22.052698,21.04478,22.192396,16.270393,16.22167,0.0,0.0,4.0,0.0,0.0,0.0,4.0,0.0
41883,2023.0,10.0,18.0,20.0,21.01619,22.141304,19.263878,19.465002,21.034836,22.125015,21.056856,22.262545,16.979416,16.91308,16.800404,16.730286,21.03256,21.951178,21.058823,22.238457,16.233469,16.191599,4.0,0.0,0.0,0.0,0.0,0.0,0.0,0.0
41884,2023.0,10.0,18.0,20.0,21.286152,22.673952,20.178991,21.343225,21.043966,22.141705,21.211123,22.550968,16.954575,16.89214,17.148022,17.410625,21.186169,22.248655,21.372028,22.820148,16.200016,16.160757,0.0,0.0,0.0,0.0,4.0,0.0,4.0,0.0
41885,2023.0,10.0,18.0,20.0,21.053148,22.21353,18.96825,18.921297,21.0422,22.133633,21.029509,22.145649,17.655418,18.231977,20.396645,22.787422,21.035812,21.934023,21.059732,22.203539,16.173033,16.13685,0.0,0.0,4.0,4.0,0.0,0.0,0.0,0.0
41886,2023.0,10.0,18.0,21.0,21.020952,22.117851,18.419127,18.318136,21.016563,22.056873,21.034096,22.145266,20.311443,22.673784,18.79351,19.379362,21.005697,21.84746,21.05143,22.172916,16.151627,16.118406,0.0,4.0,4.0,0.0,4.0,4.0,0.0,0.0
41887,2023.0,10.0,18.0,21.0,21.025736,22.120436,18.717531,19.00515,21.04667,22.136164,21.05837,22.20511,18.86393,19.428713,20.262873,22.276625,21.01031,21.8572,21.011566,22.050404,17.096645,17.920782,4.0,0.0,0.0,4.0,4.0,4.0,4.0,4.0
41888,2023.0,10.0,18.0,21.0,21.201073,22.484114,20.169012,21.523825,21.024767,22.045927,21.02693,22.107786,20.23527,22.107315,20.033234,21.593437,21.217287,22.253687,21.058468,22.166538,20.354918,23.323584,4.0,4.0,4.0,4.0,0.0,4.0,0.0,0.0
41889,2023.0,10.0,18.0,21.0,21.044975,22.153215,20.030416,21.13069,21.054024,22.108536,21.031519,22.107021,20.035225,21.531836,18.557653,18.591993,21.045967,21.910166,21.049168,22.13443,18.568438,19.327602,0.0,0.0,4.0,0.0,0.0,0.0,0.0,4.0
41890,2023.0,10.0,18.0,21.0,21.018549,22.066418,18.93031,18.934298,21.047514,22.07779,21.055777,22.166317,19.170124,19.6855,18.129496,18.265743,21.04064,21.879936,21.049246,22.11992,20.285496,22.685005,0.0,0.0,0.0,4.0,4.0,0.0,0.0,4.0
41891,2023.0,10.0,18.0,21.0,21.04991,22.143698,18.288803,18.09238,21.02195,21.991142,21.04977,22.1389,20.198034,21.722006,20.331364,22.038223,21.040226,21.86146,21.040863,22.10478,20.280771,22.460133,0.0,4.0,0.0,0.0,0.0,0.0,0.0,0.0
41892,2023.0,10.0,18.0,22.0,21.016113,22.045628,18.204597,18.101753,21.051886,22.06318,21.023825,22.051502,18.742334,18.760727,18.73161,18.83016,21.039402,21.844873,21.041319,22.102991,18.231098,18.307714,0.0,0.0,4.0,0.0,0.0,0.0,0.0,0.0
41893,2023.0,10.0,18.0,22.0,21.050295,22.129297,18.145073,18.065226,21.044107,22.036127,21.054636,22.124956,18.009336,17.848288,17.973446,17.906921,21.030464,21.829887,21.039677,22.095446,17.377314,17.261295,0.0,0.0,0.0,0.0,0.0,0.0,0.0,0.0
41894,2023.0,10.0,18.0,22.0,21.041655,22.101858,18.531511,18.86675,21.036924,22.027018,21.047077,22.098385,18.564539,19.090887,17.806894,17.743746,21.031616,21.831316,21.040419,22.09081,17.15336,17.044416,4.0,0.0,0.0,4.0,0.0,0.0,0.0,0.0
41895,2023.0,10.0,18.0,22.0,21.209875,22.42651,20.214033,21.764431,21.333265,22.600416,21.223495,22.457989,20.205711,21.862406,18.01593,18.253641,21.176224,22.118011,21.471783,22.931078,17.065372,17.019321,0.0,4.0,0.0,0.0,4.0,0.0,4.0,0.0
41896,2023.0,10.0,18.0,22.0,21.006054,22.000727,19.017244,19.236708,21.050018,22.033352,21.039356,22.086288,18.703756,18.748997,20.279303,22.16245,21.03064,21.819084,21.06381,22.118029,16.977665,16.940802,0.0,0.0,0.0,0.0,0.0,0.0,0.0,0.0
41897,2023.0,10.0,18.0,22.0,21.047882,22.09824,18.33912,18.319553,21.017982,21.9379,21.039282,22.085888,17.986082,17.859001,18.821028,19.095795,21.030792,21.81563,21.043312,22.06131,16.892912,16.861828,0.0,4.0,0.0,0.0,0.0,0.0,0.0,0.0
41898,2023.0,10.0,18.0,23.0,21.03906,22.071484,18.167553,18.110563,21.049747,22.015667,21.038189,22.081778,17.87883,17.822535,17.976887,17.935575,21.029774,21.809181,21.001991,21.936438,16.82108,16.79301,0.0,0.0,0.0,0.0,0.0,0.0,4.0,0.0
41899,2023.0,10.0,18.0,23.0,20.038944,20.142895,18.523352,18.85464,19.995161,19.979673,20.055048,20.189886,18.413445,18.908852,17.795803,17.751455,20.226837,20.258104,19.869616,19.80037,17.538967,18.204062,4.0,0.0,0.0,4.0,0.0,0.0,0.0,4.0
41900,2023.0,10.0,18.0,23.0,19.735853,19.814592,18.242317,18.276894,19.490618,19.263224,20.256802,20.800365,18.617823,19.178415,17.693428,17.64055,19.901796,19.811579,19.423374,19.225426,17.818186,18.546333,0.0,0.0,4.0,4.0,0.0,0.0,0.0,4.0
41901,2023.0,10.0,18.0,23.0,19.591894,19.681406,18.063498,18.018389,19.412962,19.307251,20.2541,20.802647,17.956194,17.885906,17.614016,17.563269,19.764065,19.674343,19.22558,19.034492,17.83519,18.479822,0.0,0.0,4.0,0.0,0.0,0.0,0.0,4.0
41902,2023.0,10.0,18.0,23.0,19.4651,19.555952,17.987528,17.933718,19.307905,19.223503,19.498238,19.41911,18.324377,18.729704,17.545555,17.496616,19.652533,19.565193,19.071918,18.889168,17.13387,17.112194,0.0,0.0,0.0,4.0,0.0,0.0,0.0,0.0
41903,2023.0,10.0,18.0,23.0,19.352217,19.438337,17.92892,17.87227,19.189749,19.101873,19.131882,18.92126,18.469822,18.91641,17.481188,17.430752,19.552265,19.462791,19.032915,18.947147,16.904522,16.83166,0.0,0.0,0.0,4.0,0.0,0.0,0.0,0.0
41904,2023.0,10.0,19.0,0.0,19.263529,19.3547,17.884472,17.830908,19.095118,19.013496,18.9772,18.77751,17.895742,17.817076,17.428635,17.381983,19.471062,19.386717,18.950155,18.874567,16.82578,16.759327,0.0,0.0,0.0,0.0,0.0,0.0,0.0,0.0
41905,2023.0,10.0,19.0,0.0,19.174234,19.258446,17.836517,17.777285,18.997984,18.909071,18.967087,18.889864,17.676342,17.541117,17.372524,17.320639,19.389563,19.300491,18.856092,18.777813,16.755062,16.683039,0.0,0.0,0.0,0.0,0.0,0.0,0.0,0.0
41906,2023.0,10.0,19.0,0.0,19.098803,19.181885,17.79584,17.734678,18.916565,18.827354,18.88097,18.804958,17.657843,17.59554,17.323835,17.270323,19.319613,19.230103,18.773123,18.69562,16.739655,16.706268,0.0,0.0,0.0,0.0,0.0,0.0,0.0,0.0
41907,2023.0,10.0,19.0,0.0,19.030264,19.112288,17.758081,17.694893,18.842571,18.752903,18.795614,18.719643,17.603935,17.54278,17.278564,17.223284,19.255686,19.165457,18.697094,18.619955,16.703276,16.66992,0.0,0.0,0.0,0.0,0.0,0.0,0.0,0.0
41908,2023.0,10.0,19.0,0.0,18.970352,19.05395,17.725197,17.66221,18.778532,18.691813,18.721664,18.649515,17.55245,17.493198,17.578938,17.825111,19.199108,19.110157,18.629553,18.5546,16.668129,16.63527,0.0,0.0,0.0,0.0,4.0,0.0,0.0,0.0
41909,2023.0,10.0,19.0,0.0,18.91258,18.994638,17.69216,17.626738,18.716206,18.628426,18.649752,18.576744,17.503395,17.443384,17.325514,17.282322,19.144579,19.054327,18.5653,18.489935,16.634567,16.60062,0.0,0.0,0.0,0.0,0.0,0.0,0.0,0.0
41910,2023.0,10.0,19.0,1.0,18.86064,18.942402,17.662241,17.595205,18.66036,18.573029,18.585691,18.513456,17.459677,17.399858,17.224695,17.164867,19.095165,19.004774,18.507374,18.432802,17.392456,18.059343,0.0,0.0,0.0,0.0,0.0,0.0,0.0,4.0
41911,2023.0,10.0,19.0,1.0,18.813208,18.89518,17.635265,17.567835,18.609241,18.522718,18.5271,18.455647,18.046328,18.54178,17.181385,17.12081,19.049889,18.96004,18.454203,18.380653,16.876902,16.898846,0.0,0.0,0.0,4.0,0.0,0.0,0.0,0.0
41912,2023.0,10.0,19.0,1.0,18.769863,18.851854,17.61065,17.543152,18.562511,18.476795,18.473845,18.403032,17.630697,17.620945,17.144026,17.083605,19.007383,18.916342,18.405422,18.332682,17.402105,17.986094,0.0,0.0,0.0,0.0,0.0,0.0,0.0,4.0
41913,2023.0,10.0,19.0,1.0,18.730467,18.812641,17.587856,17.520445,18.519682,18.43499,18.425316,18.355383,18.102047,18.604252,17.111403,17.051384,18.968336,18.876749,18.360678,18.288889,16.84182,16.78307,0.0,0.0,0.0,4.0,0.0,0.0,0.0,0.0
41914,2023.0,10.0,19.0,1.0,18.694231,18.77659,17.566614,17.499369,18.480223,18.396677,18.380846,18.311932,17.580845,17.488245,17.08183,17.022408,19.66272,20.222157,18.31866,18.246342,16.65853,16.557175,0.0,0.0,0.0,0.0,0.0,4.0,0.0,0.0
41915,2023.0,10.0,19.0,1.0,18.660252,18.742203,17.54633,17.478907,18.44308,18.360039,18.338882,18.270409,17.374456,17.219215,17.05426,16.994972,19.150455,19.118872,18.279316,18.206347,16.59691,16.494684,0.0,0.0,0.0,0.0,0.0,0.0,0.0,0.0
41916,2023.0,10.0,19.0,2.0,18.628845,18.710785,17.527359,17.45998,18.408903,18.326675,18.300066,18.232529,17.90177,18.269543,17.028982,16.970081,18.866718,18.653393,18.243038,18.169847,17.391172,18.043955,0.0,0.0,0.0,4.0,0.0,0.0,0.0,4.0
41917,2023.0,10.0,19.0,2.0,18.599287,18.680601,17.510313,17.443935,18.37772,18.297129,18.264618,18.198742,17.48985,17.382656,17.006313,16.94863,18.772486,18.546543,18.209795,18.137077,16.824091,16.779633,0.0,0.0,0.0,0.0,0.0,0.0,0.0,0.0
41918,2023.0,10.0,19.0,2.0,18.570723,18.650667,17.49328,17.426762,18.346573,18.265575,18.229534,18.162827,17.31481,17.155518,16.983025,16.923248,18.847183,18.753868,18.177551,18.103941,16.6237,16.515543,0.0,0.0,0.0,0.0,0.0,0.0,0.0,0.0
41919,2023.0,10.0,19.0,2.0,18.545485,18.625906,17.47851,17.413244,18.319424,18.240295,18.199114,18.134192,17.349531,17.283829,16.963413,16.9041,18.830553,18.737234,18.14884,18.075878,16.631746,16.58767,0.0,0.0,0.0,0.0,0.0,0.0,0.0,0.0
41920,2023.0,10.0,19.0,2.0,18.522509,18.604462,17.465654,17.402792,18.295742,18.220316,18.172567,18.111568,17.330185,17.26963,16.946487,16.888847,18.805084,18.71397,18.123154,18.052084,17.396229,18.057789,0.0,0.0,0.0,0.0,0.0,0.0,0.0,4.0
41921,2023.0,10.0,19.0,2.0,18.499226,18.581299,17.452198,17.390434,18.271427,18.197557,18.145416,18.085886,17.304546,17.246876,16.929478,16.872208,18.778942,18.688452,18.097702,18.027182,16.817812,16.776169,0.0,0.0,0.0,0.0,0.0,0.0,0.0,0.0
41922,2023.0,10.0,19.0,3.0,18.475893,18.556873,17.438213,17.37639,18.2466,18.17243,18.117933,18.05773,17.278404,17.22119,16.912466,16.854494,18.752491,18.661272,18.072498,18.00139,16.618494,16.511791,0.0,0.0,0.0,0.0,0.0,0.0,0.0,0.0
41923,2023.0,10.0,19.0,3.0,18.45483,18.535887,17.425488,17.364311,18.224358,18.151325,18.093382,18.034216,17.25429,17.196712,16.897192,16.839329,18.728455,18.637695,18.049477,17.97875,16.627468,16.584639,0.0,0.0,0.0,0.0,0.0,0.0,0.0,0.0
41924,2023.0,10.0,19.0,3.0,18.43455,18.515495,17.413195,17.352606,18.203108,18.131128,18.069849,18.011696,17.232265,17.174833,16.88268,16.824917,18.705523,18.615223,18.027544,17.957188,16.603458,16.563278,0.0,0.0,0.0,0.0,0.0,0.0,0.0,0.0
41925,2023.0,10.0,19.0,3.0,18.414974,18.495806,17.401224,17.341187,18.18262,18.111631,18.047142,17.989971,17.211863,17.154583,16.868773,16.811104,18.683493,18.593653,18.00647,17.936478,16.579294,16.540808,0.0,0.0,0.0,0.0,0.0,0.0,0.0,0.0
41926,2023.0,10.0,19.0,3.0,18.396074,18.476778,17.38956,17.330038,18.162851,18.092793,18.02525,17.969004,17.192852,17.135727,16.855404,16.797827,18.662266,18.572884,17.986176,17.916538,16.556662,16.518015,0.0,0.0,0.0,0.0,0.0,0.0,0.0,0.0
41927,2023.0,10.0,19.0,3.0,18.386559,18.4759,17.378174,17.319132,18.143696,18.074448,18.004107,17.948729,17.175035,17.118067,16.842506,16.785019,18.641743,18.552814,17.966572,17.897284,16.53636,16.497643,0.0,0.0,0.0,0.0,0.0,0.0,0.0,0.0
41928,2023.0,10.0,19.0,4.0,18.379362,18.477243,17.367907,17.310255,18.126375,18.059248,17.985023,17.931953,17.743532,18.20137,16.830748,16.774132,18.622728,18.535212,17.948305,17.88016,16.518791,16.480856,0.0,0.0,0.0,4.0,0.0,0.0,0.0,0.0
41929,2023.0,10.0,19.0,4.0,18.366604,18.465633,17.357569,17.300882,18.10877,18.042849,17.965221,17.912712,17.357529,17.337807,17.121107,17.328323,18.603737,18.517094,17.93017,17.862724,16.502317,16.464598,0.0,0.0,0.0,0.0,4.0,0.0,0.0,0.0
41930,2023.0,10.0,19.0,4.0,18.35264,18.451763,17.347324,17.291061,18.09104,18.025513,17.945547,17.892982,17.235638,17.179308,17.26793,17.528202,18.58481,18.498514,17.912205,17.845032,16.486946,16.449083,0.0,0.0,0.0,0.0,4.0,0.0,0.0,0.0
41931,2023.0,10.0,19.0,4.0,18.339342,18.43908,17.338377,17.283068,18.07486,18.01072,17.927761,17.876158,17.20408,17.14858,17.323359,17.584574,18.566967,18.481798,17.895273,17.828964,16.473322,16.435911,0.0,0.0,0.0,0.0,4.0,0.0,0.0,0.0
41932,2023.0,10.0,19.0,4.0,18.32596,18.426128,17.33047,17.276468,18.059967,17.997902,17.91152,17.861551,17.17909,17.12523,16.932878,16.804953,18.55009,18.466513,17.879162,17.814104,16.461021,16.424393,0.0,0.0,0.0,0.0,0.0,0.0,0.0,0.0
41933,2023.0,10.0,19.0,4.0,18.312359,18.412884,17.322227,17.26905,18.04458,17.983809,17.894892,17.845783,17.157423,17.104143,17.1403,17.278143,18.532898,18.450375,17.862839,17.798615,16.44906,16.412853,0.0,0.0,0.0,0.0,4.0,0.0,0.0,0.0
41934,2023.0,10.0,19.0,5.0,18.299274,18.400469,17.314213,17.262146,18.02995,17.970812,17.879053,17.831251,17.13842,17.086237,16.908556,16.791065,19.268856,19.858374,17.847101,17.78404,16.437988,16.402449,0.0,0.0,0.0,0.0,0.0,4.0,0.0,0.0
41935,2023.0,10.0,19.0,5.0,18.286615,18.38866,17.306808,17.256422,18.016014,17.958687,17.863792,17.817509,17.121187,17.070166,16.877966,16.814821,19.36959,19.880005,17.831736,17.769953,17.160198,17.772263,0.0,0.0,0.0,0.0,0.0,4.0,0.0,4.0
41936,2023.0,10.0,19.0,5.0,18.274412,18.37722,17.299644,17.251137,18.002804,17.947178,17.849165,17.80446,17.10557,17.055712,16.876532,16.825394,18.70221,18.557573,17.816893,17.756353,16.687185,16.70404,0.0,0.0,0.0,0.0,0.0,0.0,0.0,0.0
41937,2023.0,10.0,19.0,5.0,18.262619,18.366322,17.292593,17.246061,17.990173,17.93637,17.835323,17.792393,17.091572,17.04306,17.15085,17.356438,19.298836,19.79107,17.802792,17.743645,16.498484,16.420664,0.0,0.0,0.0,0.0,4.0,4.0,0.0,0.0
41938,2023.0,10.0,19.0,5.0,18.250906,18.35545,17.285683,17.241024,17.97771,17.925661,17.821732,17.780474,17.078814,17.031582,17.290981,17.551407,18.741241,18.615713,17.789232,17.731413,16.449968,16.370771,0.0,0.0,0.0,0.0,4.0,0.0,0.0,0.0
41939,2023.0,10.0,19.0,5.0,18.239035,18.344124,17.278984,17.235905,17.965155,17.914541,17.808037,17.768024,17.066998,17.020813,17.008778,16.981834,18.5485,18.35395,17.776009,17.719263,16.464706,16.431278,0.0,0.0,0.0,0.0,0.0,0.0,0.0,0.0
41940,2023.0,10.0,19.0,6.0,18.227758,18.33394,17.272734,17.231451,17.953186,17.904575,17.795069,17.756828,17.64282,18.113556,16.926098,16.881626,18.493153,18.305225,17.763805,17.708603,16.458134,16.428322,0.0,0.0,0.0,4.0,0.0,0.0,0.0,0.0
41941,2023.0,10.0,19.0,6.0,21.309067,23.751137,17.267282,17.228685,21.287107,23.815468,21.307072,23.93283,20.30267,22.671707,17.190075,17.399895,21.27482,23.213865,21.461725,24.049416,17.207426,17.853613,0.0,0.0,0.0,0.0,4.0,0.0,0.0,4.0
41942,2023.0,10.0,19.0,6.0,21.0022,22.824326,17.26247,17.226393,20.982061,22.812307,21.00239,22.952044,18.501986,18.7619,20.313206,22.767206,20.98905,22.47728,20.965406,22.828085,20.507212,23.433989,0.0,4.0,0.0,0.0,4.0,4.0,4.0,4.0
41943,2023.0,10.0,19.0,6.0,21.02335,22.644342,17.748358,18.143185,21.058273,22.749825,21.056599,22.81957,17.633512,17.59638,20.012098,21.818727,21.028341,22.367428,21.071869,22.82171,20.583801,22.93506,4.0,0.0,0.0,0.0,0.0,4.0,0.0,0.0
41944,2023.0,10.0,19.0,6.0,21.23855,22.945013,20.269472,22.420944,21.055172,22.565327,21.048588,22.640469,17.504436,17.46581,18.471819,18.611383,21.166483,22.511953,21.054127,22.610882,18.215834,18.338608,0.0,0.0,0.0,0.0,0.0,4.0,0.0,0.0
41945,2023.0,10.0,19.0,6.0,21.028769,22.41367,18.74613,19.098015,21.053434,22.436314,21.0482,22.524206,17.441267,17.404612,17.746681,17.709444,21.049593,22.195852,21.015017,22.377684,18.168959,18.784851,0.0,0.0,0.0,0.0,0.0,0.0,4.0,4.0
41946,2023.0,10.0,19.0,7.0,21.02686,22.336136,18.288462,18.653381,21.018038,22.272446,21.046688,22.436752,17.3954,17.361458,17.602858,17.55742,21.01358,22.02667,21.059526,22.407654,20.276907,22.406347,4.0,4.0,0.0,0.0,0.0,4.0,0.0,0.0
41947,2023.0,10.0,19.0,7.0,21.243576,22.71384,20.240744,22.039839,21.210115,22.624743,21.2601,22.780428,17.357483,17.324402,17.913952,18.230148,21.207186,22.360922,21.216778,22.64963,19.12858,19.86336,4.0,0.0,4.0,0.0,4.0,4.0,0.0,4.0
41948,2023.0,10.0,19.0,7.0,21.02408,22.226177,20.00875,21.36758,21.02438,22.167631,21.049114,22.327852,17.326897,17.294825,20.264446,22.266632,21.015728,21.932419,21.04906,22.251049,20.17653,21.934595,4.0,4.0,0.0,0.0,4.0,4.0,0.0,4.0
41949,2023.0,10.0,19.0,7.0,21.023483,22.19291,20.053371,21.328918,21.054018,22.204683,21.05051,22.27499,17.301657,17.270134,20.014338,21.525532,21.045536,21.979132,20.999254,22.094631,20.0359,21.545654,0.0,0.0,0.0,0.0,0.0,0.0,4.0,0.0
41950,2023.0,10.0,19.0,7.0,21.02293,22.165266,18.876446,18.96063,21.021719,22.08279,21.049934,22.228579,17.282097,17.252249,18.979118,19.332071,21.009558,21.854795,21.0165,22.096928,19.321894,20.019413,0.0,4.0,0.0,0.0,4.0,4.0,4.0,4.0
41951,2023.0,10.0,19.0,7.0,21.02244,22.1418,18.205387,18.08317,21.026726,22.06654,21.015684,22.121218,17.264511,17.235376,20.215443,21.744844,21.044447,21.92239,21.054207,22.177105,20.257694,21.89303,0.0,4.0,4.0,0.0,4.0,0.0,0.0,0.0
41952,2023.0,10.0,19.0,8.0,21.021557,22.121243,18.09409,18.034428,21.050879,22.113607,21.04638,22.189539,17.249199,17.22078,20.028448,21.250559,21.038181,21.884426,21.045828,22.130804,18.679901,18.715307,0.0,0.0,0.0,0.0,0.0,0.0,0.0,0.0
41953,2023.0,10.0,19.0,8.0,20.48907,21.082241,18.024757,17.981657,19.932335,19.94252,20.356405,20.803408,17.235838,17.208065,18.859932,18.914396,20.060177,19.98268,19.856817,19.81682,18.831184,19.481361,0.0,0.0,4.0,0.0,0.0,0.0,0.0,4.0
41954,2023.0,10.0,19.0,8.0,20.316174,20.871828,18.406456,18.749584,20.033808,20.370033,20.115387,20.497969,17.225588,17.197775,18.42621,18.346516,19.796448,19.69613,19.393665,19.208395,20.190178,21.838829,4.0,4.0,4.0,0.0,0.0,0.0,0.0,0.0
41955,2023.0,10.0,19.0,8.0,20.234453,20.796288,20.224512,21.880024,20.077518,20.465582,19.46601,19.393867,17.905478,18.483492,18.636633,18.901958,20.425838,21.019665,20.254087,21.057951,18.685572,18.756748,0.0,4.0,0.0,4.0,4.0,4.0,4.0,0.0
41956,2023.0,10.0,19.0,8.0,20.165987,20.727777,18.97455,19.227974,20.004078,20.397608,19.670647,20.03737,20.281742,22.445412,20.204197,21.66268,19.797268,19.690823,19.537037,19.476768,17.970993,17.874428,0.0,4.0,4.0,0.0,0.0,0.0,0.0,0.0
41957,2023.0,10.0,19.0,8.0,20.126493,20.696974,18.68846,19.054525,19.40347,19.336157,19.766037,20.172977,18.532007,18.69198,19.346539,19.820692,19.40856,19.219181,20.007568,20.698069,18.721611,19.47711,4.0,0.0,4.0,0.0,4.0,0.0,4.0,4.0
41958,2023.0,10.0,19.0,9.0,20.09783,20.667255,20.202965,21.719185,19.088434,18.896154,19.739141,20.146704,17.928041,17.812176,20.156885,21.305141,20.029518,20.495035,19.273703,19.201662,20.276596,22.125013,0.0,0.0,4.0,0.0,4.0,4.0,0.0,0.0
41959,2023.0,10.0,19.0,9.0,19.490568,19.563982,18.920975,19.036839,19.552809,19.909296,19.713299,20.129475,17.821672,17.768148,20.03158,21.026524,20.233994,20.725056,18.871319,18.72854,18.631346,18.711407,0.0,4.0,4.0,0.0,0.0,4.0,0.0,0.0
41960,2023.0,10.0,19.0,9.0,19.15544,19.1513,18.216457,18.097734,19.171316,19.10627,19.12954,19.066996,17.747618,17.705475,19.301008,19.556002,20.260765,20.757534,18.736027,18.593462,17.917048,17.82884,0.0,0.0,0.0,0.0,4.0,4.0,0.0,0.0
41961,2023.0,10.0,19.0,9.0,19.734201,20.331924,18.15719,18.096151,18.918385,18.753971,18.863186,18.70751,18.43131,19.050308,20.147709,21.193062,19.590797,19.482439,18.660635,18.526463,17.816572,17.77118,0.0,0.0,0.0,4.0,0.0,0.0,0.0,0.0
41962,2023.0,10.0,19.0,9.0,19.907745,20.51531,18.10531,18.065128,18.79092,18.630453,18.72606,18.575335,20.227825,22.028095,19.104828,19.137783,19.294119,19.132505,18.653805,18.594624,17.725266,17.69127,0.0,0.0,0.0,0.0,0.0,0.0,0.0,0.0
41963,2023.0,10.0,19.0,9.0,19.340502,19.446117,18.037725,18.001457,19.458193,19.97839,18.631136,18.490715,18.728203,18.862556,18.588829,18.535252,19.924477,20.416904,19.650257,20.517702,17.636726,17.606659,0.0,4.0,0.0,0.0,0.0,4.0,4.0,0.0
41964,2023.0,10.0,19.0,10.0,19.79605,20.427805,17.990002,17.954323,19.07697,19.147974,18.643131,18.588272,18.191673,18.086916,18.452026,18.391085,19.398157,19.307253,19.819752,20.594025,17.575073,17.54556,0.0,0.0,0.0,0.0,0.0,0.0,4.0,0.0
41965,2023.0,10.0,19.0,10.0,19.886318,20.516401,17.949509,17.918924,18.778055,18.668808,18.614552,18.5796,18.104733,18.052755,18.352442,18.296797,19.21373,19.067194,18.994379,18.965054,18.459826,19.2665,0.0,0.0,0.0,0.0,0.0,0.0,0.0,4.0
41966,2023.0,10.0,19.0,10.0,19.903118,20.528019,18.357435,18.716398,18.677338,18.557997,18.572575,18.544281,18.031658,17.990988,18.270424,18.219543,19.155773,19.01638,19.724012,20.485035,20.229147,22.226063,4.0,0.0,0.0,0.0,0.0,0.0,4.0,0.0
41967,2023.0,10.0,19.0,10.0,19.34682,19.47535,20.213074,21.87164,19.353844,19.900473,19.207735,19.780903,17.956142,17.919239,18.575464,18.870483,19.175325,19.111307,19.14123,19.139757,18.604193,18.774214,4.0,4.0,4.0,0.0,4.0,0.0,0.0,0.0
41968,2023.0,10.0,19.0,10.0,19.733232,20.384369,20.020939,21.299488,19.54275,20.047604,19.4706,20.079357,17.895432,17.860914,20.203474,21.672812,19.170055,19.119574,18.77571,18.689068,17.888367,17.85526,0.0,4.0,4.0,0.0,0.0,0.0,0.0,0.0
41969,2023.0,10.0,19.0,10.0,19.898565,20.548803,19.28078,19.717812,18.99546,19.014183,18.877712,18.914257,17.849173,17.81734,19.414595,19.908709,19.147459,19.10044,18.67597,18.586477,17.75414,17.727047,4.0,0.0,0.0,0.0,4.0,0.0,0.0,0.0
41970,2023.0,10.0,19.0,11.0,19.326649,19.459347,20.14289,21.312088,19.415522,19.904665,18.634663,18.572212,17.82131,17.790878,20.12284,21.207544,19.130634,19.085445,19.632887,20.43744,17.69891,17.672255,4.0,4.0,0.0,0.0,4.0,0.0,4.0,0.0
41971,2023.0,10.0,19.0,11.0,19.762318,20.462982,20.02526,21.026243,19.59426,20.107613,19.20555,19.726418,17.794044,17.76582,20.024858,20.942692,19.916002,20.595024,19.068783,19.073044,17.644247,17.619513,0.0,4.0,4.0,0.0,0.0,4.0,0.0,0.0
41972,2023.0,10.0,19.0,11.0,19.332085,19.502512,19.130512,19.256023,19.627014,20.143675,18.844404,18.893028,17.772669,17.746426,19.181532,19.256952,19.433283,19.437332,18.75293,18.688171,17.599955,17.576984,0.0,4.0,0.0,0.0,0.0,0.0,0.0,0.0
41973,2023.0,10.0,19.0,11.0,19.117443,19.214771,18.768557,18.764614,19.083832,19.11074,19.294569,19.836164,17.76047,17.735125,18.806221,18.708313,19.227947,19.131344,18.683765,18.61347,17.572212,17.549475,0.0,0.0,4.0,0.0,0.0,0.0,0.0,0.0
41974,2023.0,10.0,19.0,11.0,19.746775,20.470024,18.639019,18.634327,19.528036,20.055286,18.835245,18.884378,17.750824,17.726831,19.090057,19.355791,19.183167,19.089182,18.649765,18.584757,17.549427,17.528128,0.0,4.0,0.0,0.0,4.0,0.0,0.0,0.0
41975,2023.0,10.0,19.0,11.0,19.267153,19.456333,18.983675,19.368132,19.637758,20.17869,18.638384,18.615606,17.743568,17.720854,20.122112,21.202847,19.982914,20.64187,18.645506,18.607124,17.531645,17.511837,4.0,4.0,0.0,0.0,0.0,4.0,0.0,0.0
41976,2023.0,10.0,19.0,12.0,19.656464,20.346384,20.13049,21.328917,19.114716,19.17652,19.211481,19.760614,17.736181,17.714937,19.281427,19.452293,20.221548,20.849306,18.630405,18.596848,17.513512,17.49554,4.0,0.0,4.0,0.0,0.0,4.0,0.0,0.0
41977,2023.0,10.0,19.0,12.0,21.198843,22.930565,20.023073,21.025137,21.238253,23.06399,21.232033,23.150047,17.730091,17.708912,18.77782,18.752804,21.15598,22.47922,21.353159,23.342897,17.496916,17.479017,0.0,4.0,4.0,0.0,0.0,0.0,0.0,0.0
41978,2023.0,10.0,19.0,12.0,21.019163,22.395838,19.160702,19.29844,20.994417,22.357151,21.02471,22.538706,17.7268,17.705843,18.63136,18.58609,21.024431,22.069927,21.003075,22.48084,17.485151,17.467552,0.0,4.0,0.0,0.0,0.0,0.0,0.0,0.0
41979,2023.0,10.0,19.0,12.0,21.03954,22.320223,18.665405,18.646868,21.049742,22.347494,21.019924,22.362038,17.725363,17.705101,18.550694,18.502542,21.03216,21.98318,21.039366,22.380018,17.47774,17.461031,0.0,0.0,4.0,0.0,0.0,0.0,0.0,0.0
41980,2023.0,10.0,19.0,12.0,21.076439,22.311375,18.545061,18.541592,21.050903,22.209084,21.099804,22.438015,17.724934,17.705599,18.485817,18.438364,21.017965,21.847559,21.087551,22.339249,17.473448,17.458063,0.0,4.0,0.0,0.0,0.0,4.0,0.0,0.0
41981,2023.0,10.0,19.0,12.0,20.999823,22.093601,18.932976,19.34927,21.041807,22.162584,21.009665,22.162868,17.72521,17.706802,18.435303,18.393274,21.004545,21.787264,20.98852,22.037153,17.471205,17.457182,4.0,0.0,4.0,0.0,0.0,4.0,4.0,0.0
41982,2023.0,10.0,19.0,13.0,21.042948,22.160276,20.159136,21.444447,21.013958,22.034304,21.02354,22.141336,17.726397,17.708958,18.388954,18.348835,21.004696,21.75367,21.04715,22.119938,17.470375,17.45762,0.0,4.0,4.0,0.0,0.0,4.0,0.0,0.0
41983,2023.0,10.0,19.0,13.0,21.034962,22.10929,19.54282,20.071096,21.018423,22.00742,21.021147,22.10039,17.728357,17.711414,18.350716,18.31276,21.003897,21.725283,21.03621,22.044436,17.470472,17.45849,4.0,4.0,4.0,0.0,0.0,4.0,0.0,0.0
41984,2023.0,10.0,19.0,13.0,21.008146,22.006878,20.128412,21.243246,21.017162,21.978107,21.020706,22.07101,17.730852,17.71441,18.318146,18.281048,21.00331,21.701988,21.036383,22.000902,17.471445,17.46011,0.0,4.0,4.0,0.0,0.0,4.0,0.0,0.0
41985,2023.0,10.0,19.0,13.0,21.040619,22.074217,19.217293,19.382513,21.042362,22.026213,21.045515,22.116707,17.734058,17.71789,18.292234,18.257618,21.00279,21.68193,21.035595,21.964014,17.473158,17.462315,0.0,0.0,0.0,0.0,0.0,4.0,0.0,0.0
41986,2023.0,10.0,19.0,13.0,21.003893,21.962637,18.69758,18.692612,21.008188,21.913836,21.038076,22.075752,17.737545,17.721817,18.268059,18.233862,21.033367,21.74501,21.029844,21.932089,17.475428,17.4651,0.0,4.0,0.0,0.0,0.0,0.0,0.0,0.0
41987,2023.0,10.0,19.0,13.0,21.040062,22.044266,19.04927,19.46914,21.016552,21.91435,21.013605,21.98335,17.74058,17.72515,18.247356,18.215141,21.026396,21.707432,21.031128,21.916227,17.477676,17.467773,4.0,4.0,4.0,0.0,0.0,0.0,0.0,0.0
41988,2023.0,10.0,19.0,14.0,21.005377,21.939663,20.14273,21.338741,21.014893,21.898308,21.018661,21.979578,17.743374,17.728426,18.227894,18.197035,21.02696,21.688183,21.0306,21.89949,18.484386,19.37588,0.0,4.0,4.0,0.0,0.0,0.0,0.0,4.0
41989,2023.0,10.0,19.0,14.0,20.185572,20.38882,19.608389,20.147211,20.64669,21.179958,20.063889,20.164553,18.476294,19.107397,18.21109,18.181686,20.337132,20.344778,20.199326,20.284082,20.205198,22.102106,4.0,4.0,0.0,4.0,0.0,0.0,0.0,0.0
41990,2023.0,10.0,19.0,14.0,20.401043,21.07618,20.114182,21.162413,19.944765,19.998932,20.14823,20.653633,20.206177,21.937199,18.58204,18.89499,20.030718,19.982117,19.74966,19.716799,18.718569,18.930077,0.0,0.0,4.0,0.0,4.0,0.0,0.0,0.0
41991,2023.0,10.0,19.0,14.0,20.507572,21.185972,19.255514,19.41364,19.573029,19.528912,19.690302,19.748325,18.876106,19.080267,20.19544,21.625553,19.919743,19.867294,19.57088,19.525198,18.06382,18.07816,0.0,0.0,0.0,0.0,0.0,0.0,0.0,0.0
41992,2023.0,10.0,19.0,14.0,19.909578,20.08257,18.769554,18.778564,19.410736,19.35401,19.340635,19.31273,18.254805,18.25374,19.473335,19.971384,19.834831,19.783066,19.449205,19.40235,18.839985,19.648806,0.0,0.0,0.0,0.0,4.0,0.0,0.0,4.0
41993,2023.0,10.0,19.0,14.0,20.33131,21.013046,18.672174,18.680466,19.32141,19.265545,19.22258,19.18488,18.153303,18.134253,20.125565,21.17533,19.775263,19.724691,19.368248,19.32234,20.17583,21.864958,0.0,0.0,0.0,0.0,0.0,0.0,0.0,0.0
41994,2023.0,10.0,19.0,15.0,19.887829,20.075182,18.594961,18.60721,19.26939,19.253286,19.817297,20.394197,18.093245,18.074158,19.262123,19.40029,19.714207,19.667044,19.28619,19.24424,18.82248,19.006586,0.0,0.0,4.0,0.0,0.0,0.0,0.0,0.0
41995,2023.0,10.0,19.0,15.0,20.319565,21.02118,18.991285,19.398094,19.218504,19.209171,19.916958,20.461504,18.05425,18.034147,18.869526,18.809076,19.66588,19.619545,19.222763,19.181376,18.35791,18.331995,4.0,0.0,4.0,0.0,0.0,0.0,0.0,0.0
41996,2023.0,10.0,19.0,15.0,19.794945,19.965748,20.151258,21.399855,19.164284,19.157745,19.369957,19.425001,18.02169,18.003107,18.76706,18.720507,20.396631,21.050049,19.166012,19.127932,18.228483,18.200907,0.0,0.0,0.0,0.0,0.0,4.0,0.0,0.0
41997,2023.0,10.0,19.0,15.0,20.160782,20.847221,19.247671,19.48571,19.108168,19.103811,19.7177,20.247673,18.717808,19.346424,18.68096,18.642038,19.910606,19.926857,19.107658,19.072674,18.125677,18.102242,0.0,0.0,4.0,4.0,0.0,0.0,0.0,0.0
41998,2023.0,10.0,19.0,15.0,19.679913,19.852783,19.272339,19.675364,19.06493,19.0611,19.285881,19.357079,20.188475,21.806602,18.617517,18.580736,20.40782,20.970604,19.061855,19.028614,18.057005,18.034338,4.0,0.0,0.0,0.0,0.0,4.0,0.0,0.0
41999,2023.0,10.0,19.0,15.0,20.04872,20.715277,20.115767,21.139778,19.020407,19.018602,19.003082,18.98946,18.931757,19.12001,18.552166,18.518805,20.621035,21.220423,19.014591,18.98424,17.990458,17.971216,0.0,0.0,0.0,0.0,0.0,4.0,0.0,0.0
42000,2023.0,10.0,19.0,16.0,20.248337,20.936432,19.613317,20.047981,18.979046,18.977911,19.555958,20.094364,18.337732,18.3321,18.863232,19.15707,20.666424,21.26497,18.970484,18.941809,18.858355,19.665312,4.0,0.0,4.0,0.0,4.0,4.0,0.0,4.0
42001,2023.0,10.0,19.0,16.0,19.695864,19.869194,20.100235,20.97718,19.622799,20.215483,19.70019,20.247961,18.236998,18.219088,20.166721,21.412643,20.017986,20.016153,18.934984,18.906992,20.303007,22.096092,0.0,4.0,4.0,0.0,0.0,0.0,0.0,0.0
42002,2023.0,10.0,19.0,16.0,19.41146,19.511799,19.34845,19.478718,19.880869,20.499151,19.191185,19.25613,18.172028,18.155401,19.255827,19.465694,19.718058,19.630136,19.91887,20.800028,18.84295,19.015255,0.0,4.0,0.0,0.0,0.0,0.0,4.0,0.0
42003,2023.0,10.0,19.0,16.0,20.008541,20.694853,19.46124,19.84583,19.856716,20.391792,19.612242,20.138683,18.127127,18.109612,18.842718,18.822212,19.62682,19.528473,19.238907,19.28533,18.391508,18.35944,4.0,4.0,4.0,0.0,0.0,0.0,0.0,0.0
42004,2023.0,10.0,19.0,16.0,20.144272,20.830124,20.091223,20.973011,19.294468,19.316128,19.73039,20.264341,18.086653,18.069084,19.124945,19.44362,19.564268,19.46481,18.987877,18.925795,18.269888,18.242258,0.0,0.0,4.0,0.0,4.0,0.0,0.0,0.0
42005,2023.0,10.0,19.0,16.0,20.175705,20.841936,19.37087,19.518185,19.67891,20.199379,19.759691,20.285074,18.047426,18.031874,20.132526,21.174519,19.556297,19.509346,18.906004,18.84315,18.17249,18.148756,0.0,4.0,4.0,0.0,0.0,0.0,0.0,0.0
42006,2023.0,10.0,19.0,17.0,20.207907,20.8657,19.393965,19.792345,19.285822,19.324924,19.233047,19.27171,18.012047,17.997902,19.303907,19.454071,19.528528,19.489885,18.848644,18.78585,18.092134,18.070797,4.0,0.0,0.0,0.0,0.0,0.0,0.0,0.0
42007,2023.0,10.0,19.0,17.0,20.235132,20.891682,20.103384,21.028748,19.707142,20.211676,19.003721,18.94913,17.98394,17.969826,18.936146,18.905054,20.279125,20.95034,18.837328,18.805696,18.035002,18.01429,0.0,4.0,0.0,0.0,0.0,4.0,0.0,0.0
42008,2023.0,10.0,19.0,17.0,19.678493,19.8257,19.30566,19.398117,19.309246,19.335089,18.897516,18.835327,17.954659,17.941885,19.153948,19.436434,19.75454,19.737574,18.812181,18.78537,18.901104,19.705166,0.0,0.0,0.0,0.0,4.0,0.0,0.0,4.0
42009,2023.0,10.0,19.0,17.0,20.129635,20.79252,19.359446,19.640362,19.715527,20.198776,18.830769,18.762964,17.930935,17.9184,20.130184,21.151201,19.530746,19.421104,18.783205,18.757412,20.168106,21.79061,4.0,4.0,0.0,0.0,0.0,0.0,0.0,0.0
42010,2023.0,10.0,19.0,17.0,19.68939,19.832642,20.105042,20.959158,19.327847,19.34997,19.496553,20.069744,17.905876,17.894068,19.240852,19.311275,19.444471,19.331898,18.752962,18.72833,18.828049,18.9618,0.0,0.0,4.0,0.0,0.0,0.0,0.0,0.0
42011,2023.0,10.0,19.0,17.0,20.049498,20.697802,19.328365,19.391827,19.660023,20.138674,19.114807,19.14288,18.618834,19.260067,19.089314,19.301588,19.443005,19.393576,18.723145,18.698584,18.223728,18.185583,0.0,4.0,0.0,4.0,4.0,0.0,0.0,0.0
42012,2023.0,10.0,19.0,18.0,20.152874,20.79166,19.476967,19.82691,19.225142,19.239016,18.874836,18.794691,20.25542,22.018692,20.146894,21.167864,19.42179,19.381905,18.69678,18.670021,18.099161,18.042736,4.0,0.0,0.0,0.0,0.0,0.0,0.0,0.0
42013,2023.0,10.0,19.0,18.0,21.149931,22.531975,20.077852,20.873636,21.251657,22.97681,21.255617,23.063951,18.81996,18.946192,19.236965,19.283781,21.228762,22.584543,21.394438,23.328848,18.042921,18.0175,0.0,0.0,4.0,0.0,0.0,0.0,0.0,0.0
42014,2023.0,10.0,19.0,18.0,21.018414,22.140316,19.766224,20.196005,21.008059,22.262745,21.013937,22.37036,18.196033,18.140923,19.188274,19.492083,21.009941,22.051346,20.957022,22.287424,17.988335,17.96497,4.0,0.0,0.0,0.0,4.0,0.0,4.0,0.0
42015,2023.0,10.0,19.0,18.0,21.00969,22.015617,20.077171,20.83031,21.011574,22.122072,21.046337,22.284132,18.11594,18.091171,20.126537,21.108603,21.03095,21.980968,21.015678,22.239698,17.93835,17.91672,0.0,4.0,0.0,0.0,0.0,0.0,4.0,0.0
42016,2023.0,10.0,19.0,18.0,21.01265,21.967936,19.680426,19.991978,21.020277,22.045439,21.016624,22.102444,18.070087,18.047873,19.311079,19.421692,21.027924,21.894855,21.048325,22.221607,17.896881,17.876606,4.0,4.0,4.0,0.0,0.0,0.0,0.0,0.0
42017,2023.0,10.0,19.0,18.0,21.039284,22.004038,20.096846,20.849777,21.044016,22.048597,21.046991,22.115553,18.025019,18.002348,18.865414,18.835846,21.026844,21.834549,21.03932,22.114094,17.861746,17.84199,0.0,0.0,0.0,0.0,0.0,0.0,0.0,0.0
42018,2023.0,10.0,19.0,19.0,21.005697,21.881561,19.668558,19.947474,21.01191,21.91176,21.040009,22.0478,17.987228,17.9647,18.725578,18.681984,21.02653,21.790823,21.039299,22.044943,17.831768,17.812408,4.0,4.0,0.0,0.0,0.0,0.0,0.0,0.0
42019,2023.0,10.0,19.0,19.0,21.03951,21.94664,20.076818,20.778988,21.017693,21.887348,21.032835,22.005987,17.952597,17.926552,18.63487,18.587532,20.99549,21.67787,21.03846,21.990171,17.803246,17.78054,4.0,4.0,0.0,0.0,0.0,4.0,0.0,0.0
42020,2023.0,10.0,19.0,19.0,21.067904,21.973366,20.05861,20.715508,21.035828,21.892225,21.026531,21.939598,17.922756,17.89524,18.561237,18.513716,21.067001,21.814808,21.000141,21.841703,17.778637,17.754713,0.0,4.0,4.0,0.0,0.0,0.0,4.0,0.0
42021,2023.0,10.0,19.0,19.0,21.00054,21.80087,19.67996,19.942806,21.013897,21.828691,21.04431,21.976038,18.62386,19.238077,18.505234,18.462841,21.02636,21.696089,21.047243,21.952234,17.75802,17.733196,4.0,4.0,0.0,4.0,0.0,0.0,0.0,0.0
42022,2023.0,10.0,19.0,19.0,21.011019,21.812855,20.088486,20.788841,21.042389,21.887135,21.01381,21.869558,20.198732,21.783028,18.450094,18.407768,21.031498,21.683048,21.03684,21.903036,18.64555,19.42489,0.0,0.0,4.0,0.0,0.0,0.0,0.0,4.0
42023,2023.0,10.0,19.0,19.0,21.037176,21.877348,19.359362,19.342548,21.036304,21.852127,21.01905,21.863262,18.842693,18.903957,18.39971,18.35537,21.023918,21.662369,21.037525,21.87903,20.187908,21.85948,0.0,0.0,4.0,0.0,0.0,0.0,0.0,0.0
42024,2023.0,10.0,19.0,20.0,21.031681,21.85177,19.026041,18.979286,21.036514,21.83129,21.043863,21.918924,18.221968,18.11744,18.353863,18.30794,21.02462,21.657528,21.037117,21.856865,18.736618,18.789806,0.0,0.0,0.0,0.0,0.0,0.0,0.0,0.0
42025,2023.0,10.0,19.0,20.0,21.002493,21.759813,18.92453,18.872915,21.035282,21.810772,21.03704,21.887005,18.164139,18.125053,18.309175,18.259588,21.023909,21.650345,21.094707,21.920403,18.110838,18.012678,0.0,0.0,0.0,0.0,0.0,0.0,4.0,0.0
42026,2023.0,10.0,19.0,20.0,21.019192,21.789295,18.83645,18.780642,21.013988,21.739027,21.03462,21.83486,18.119081,18.081514,18.269342,18.217716,21.049723,21.693916,21.072887,21.891296,18.049265,18.013988,0.0,4.0,4.0,0.0,0.0,0.0,0.0,0.0
42027,2023.0,10.0,19.0,20.0,21.035889,21.83694,18.770187,18.720121,21.04136,21.809921,21.041351,21.86784,18.78682,19.382969,18.235277,18.184498,21.071217,21.694826,21.031956,21.806301,18.000717,17.965828,0.0,0.0,0.0,4.0,0.0,4.0,0.0,0.0
42028,2023.0,10.0,19.0,20.0,21.003887,21.741924,19.146523,19.478962,21.035137,21.78311,21.03801,21.849068,20.179577,21.630047,18.201412,18.149626,20.997696,21.54813,21.036776,21.8039,17.94997,17.914974,4.0,0.0,0.0,0.0,0.0,4.0,0.0,0.0
42029,2023.0,10.0,19.0,20.0,21.037024,21.822626,20.101028,21.066572,21.035583,21.770153,21.03815,21.837135,18.880045,18.897413,18.169035,18.115288,21.005533,21.560505,21.036137,21.79103,17.90557,17.86975,4.0,0.0,0.0,0.0,0.0,4.0,0.0,0.0
42030,2023.0,10.0,19.0,21.0,21.001478,21.721468,20.02091,20.810099,21.000004,21.684267,21.028988,21.824831,18.266777,18.124271,18.523972,18.807571,21.036104,21.635832,21.028536,21.779396,17.866035,17.8281,0.0,4.0,0.0,0.0,4.0,0.0,0.0,0.0
42031,2023.0,10.0,19.0,21.0,21.037542,21.808292,19.549597,19.803251,21.041769,21.777374,21.41696,22.581818,18.22257,18.168127,20.224728,21.658197,21.029964,21.610085,21.295954,22.313942,17.834509,17.797447,4.0,0.0,4.0,0.0,0.0,0.0,0.0,0.0
42032,2023.0,10.0,19.0,21.0,21.0306,21.785702,20.116264,20.933434,21.008673,21.679224,21.034344,21.832542,18.188202,18.144762,19.114065,19.283262,20.999655,21.518211,21.028938,21.7711,17.805113,17.766653,0.0,4.0,0.0,0.0,0.0,4.0,0.0,0.0
42033,2023.0,10.0,19.0,21.0,21.030956,21.776924,19.599493,19.827612,21.014685,21.685991,21.038174,21.823143,18.130686,18.083967,18.52439,18.478586,21.03553,21.606436,21.029263,21.770613,17.779758,17.740377,4.0,4.0,0.0,0.0,0.0,0.0,0.0,0.0
42034,2023.0,10.0,19.0,21.0,21.022655,21.768143,20.110886,20.875935,21.040062,21.752968,21.037313,21.807314,18.08017,18.031935,18.77902,19.047964,21.029417,21.58338,21.029224,21.767778,17.757463,17.717218,0.0,0.0,0.0,0.0,4.0,0.0,0.0,0.0
42035,2023.0,10.0,19.0,21.0,21.02439,21.774364,19.630177,19.856325,21.034319,21.731064,21.028656,21.795582,18.038969,17.991344,20.191185,21.434868,21.029716,21.573664,21.029137,21.764105,17.738295,17.697784,4.0,0.0,0.0,0.0,0.0,0.0,0.0,0.0
42036,2023.0,10.0,19.0,22.0,21.023853,21.77516,20.105253,20.835238,21.034683,21.7206,21.02947,21.798134,18.002293,17.953747,19.489584,19.881552,21.022007,21.564367,21.028883,21.759563,17.720877,17.67973,0.0,0.0,0.0,0.0,4.0,0.0,0.0,0.0
42037,2023.0,10.0,19.0,22.0,21.024258,21.775606,19.290401,19.20182,21.025654,21.710247,21.00353,21.725567,17.97165,17.923513,20.14188,21.166485,21.022638,21.568113,21.028603,21.754822,18.49645,19.160114,0.0,0.0,4.0,0.0,0.0,0.0,0.0,4.0
42038,2023.0,10.0,19.0,22.0,21.023504,21.774479,18.986012,18.914501,21.026646,21.715332,21.034454,21.811604,17.945776,17.898537,19.404778,19.59212,21.022625,21.568853,21.028454,21.75024,20.20746,21.931673,0.0,0.0,0.0,0.0,4.0,0.0,0.0,0.0
42039,2023.0,10.0,19.0,22.0,21.023558,21.774096,18.916473,18.85626,21.026438,21.715853,21.037182,21.795908,17.92255,17.875795,20.158108,21.093262,21.022533,21.5684,21.02831,21.745724,18.684023,18.699114,0.0,0.0,0.0,0.0,0.0,0.0,0.0,0.0
42040,2023.0,10.0,19.0,22.0,21.02379,21.773153,18.84154,18.78069,21.026207,21.715015,21.036194,21.777021,18.511044,19.003357,19.447405,19.604689,21.022327,21.567024,21.028038,21.741087,18.045826,17.922297,0.0,0.0,0.0,4.0,4.0,0.0,0.0,0.0
42041,2023.0,10.0,19.0,22.0,21.02331,21.770533,18.778826,18.718876,21.026136,21.713602,21.02736,21.763725,20.2509,21.890799,20.14572,21.01279,21.11931,21.724972,21.171877,21.972626,18.006525,17.964226,0.0,0.0,0.0,0.0,0.0,4.0,4.0,0.0
42042,2023.0,10.0,19.0,23.0,21.023401,21.766918,18.724794,18.664791,21.02599,21.711224,21.02831,21.766651,18.94099,19.091034,19.371256,19.454155,21.0188,21.536552,21.016369,21.68547,17.972174,17.931458,0.0,0.0,0.0,0.0,0.0,0.0,0.0,0.0
42043,2023.0,10.0,19.0,23.0,20.999414,21.687984,19.117416,19.440895,20.357546,20.42381,20.305841,20.377922,18.341864,18.310204,18.921268,18.86969,20.940418,21.352232,20.13553,19.990736,17.92543,17.885626,4.0,0.0,0.0,0.0,0.0,4.0,0.0,0.0
42044,2023.0,10.0,19.0,23.0,20.386774,20.54062,19.257769,19.627577,20.035206,19.967772,19.967806,19.911108,18.241343,18.194357,18.798265,18.731695,20.233595,20.03194,19.806074,19.583675,17.892923,17.85195,4.0,0.0,0.0,0.0,0.0,0.0,0.0,0.0
42045,2023.0,10.0,19.0,23.0,19.963842,19.873047,18.748356,18.626873,19.891726,19.812912,19.814749,19.748766,18.185642,18.136633,18.712238,18.644022,19.98931,19.735886,19.651117,19.43152,17.8645,17.823034,0.0,0.0,0.0,0.0,0.0,0.0,0.0,0.0
42046,2023.0,10.0,19.0,23.0,19.787159,19.67365,18.519146,18.284052,19.779291,19.693253,19.692656,19.619238,18.138142,18.086826,18.63638,18.56458,19.869474,19.615145,19.663675,19.583164,17.838282,17.795515,0.0,0.0,0.0,0.0,0.0,0.0,0.0,0.0
42047,2023.0,10.0,19.0,23.0,19.862902,19.938385,18.608112,18.537806,19.691227,19.606762,19.597242,19.525578,18.098824,18.047388,18.573494,18.503288,19.936138,19.847641,19.595985,19.519936,17.814798,17.77174,0.0,0.0,0.0,0.0,0.0,0.0,0.0,0.0
42048,2023.0,10.0,20.0,0.0,19.807734,19.885115,18.585249,18.51891,19.61404,19.531136,19.513838,19.443796,18.063345,18.0117,18.516,18.445347,19.892408,19.80814,19.5222,19.448812,17.792969,17.749573,0.0,0.0,0.0,0.0,0.0,0.0,0.0,0.0
42049,2023.0,10.0,20.0,0.0,19.753448,19.837568,18.55715,18.494473,19.550423,19.474188,19.445202,19.382257,18.620655,19.087555,18.467188,18.400003,19.838707,19.756899,19.457422,19.389616,17.773552,17.730772,0.0,0.0,0.0,4.0,0.0,0.0,0.0,0.0
42050,2023.0,10.0,20.0,0.0,19.712471,19.810759,18.527878,18.465605,19.487547,19.41183,19.37744,19.314932,18.215872,18.193134,18.418888,18.351147,19.785383,19.702808,19.392847,19.323605,17.754267,17.710947,0.0,0.0,0.0,0.0,0.0,0.0,0.0,0.0
42051,2023.0,10.0,20.0,0.0,19.665846,19.765024,18.500885,18.439585,19.431736,19.357948,19.317411,19.256844,17.998697,17.862322,18.669788,18.85811,19.7371,19.654837,19.335283,19.26659,18.470476,19.075325,0.0,0.0,0.0,0.0,4.0,0.0,0.0,4.0
42052,2023.0,10.0,20.0,0.0,19.619968,19.718369,18.474985,18.4139,19.379469,19.306332,19.261496,19.20139,17.915012,17.763014,18.457943,18.412928,19.691755,19.608835,19.281467,19.21225,17.985367,17.984068,0.0,0.0,0.0,0.0,0.0,0.0,0.0,0.0
42053,2023.0,10.0,20.0,0.0,19.577497,19.675632,18.450968,18.390335,19.33196,19.26007,19.211113,19.151983,18.584972,19.08242,18.35409,18.286211,19.650387,19.567339,19.232452,19.163296,17.762394,17.644358,0.0,0.0,0.0,4.0,0.0,0.0,0.0,0.0
42054,2023.0,10.0,20.0,1.0,19.535072,19.630138,18.425896,18.363415,19.284088,19.209564,19.160439,19.098213,18.842112,19.401537,18.308325,18.237337,19.609688,19.524136,19.184624,19.113043,17.687874,17.555964,0.0,0.0,0.0,4.0,0.0,0.0,0.0,0.0
42055,2023.0,10.0,20.0,1.0,19.499775,19.595642,18.405476,18.344624,19.244284,19.172075,19.11817,19.058123,18.780146,19.18483,18.270493,18.20052,19.574997,19.49025,19.143314,19.072563,17.735611,17.694778,0.0,0.0,0.0,4.0,0.0,0.0,0.0,0.0
42056,2023.0,10.0,20.0,1.0,19.469048,19.567225,18.387854,18.330116,19.209951,19.142582,19.081656,19.02655,18.214016,18.091187,18.239101,18.172127,19.544533,19.462124,19.106749,19.038406,17.722824,17.678503,0.0,0.0,0.0,0.0,0.0,0.0,0.0,0.0
42057,2023.0,10.0,20.0,1.0,19.436985,19.534065,18.36813,18.31042,19.172852,19.105011,19.042166,18.986334,18.025154,17.859316,18.20653,18.138441,19.513288,19.430141,19.069695,19.000563,17.704872,17.66016,0.0,0.0,0.0,0.0,0.0,0.0,0.0,0.0
42058,2023.0,10.0,20.0,1.0,19.408144,19.50587,18.35068,18.294504,19.140453,19.07465,19.00773,18.953867,17.959543,17.799593,18.178482,18.111311,19.485533,19.403173,19.03655,18.968206,17.688997,17.644714,0.0,0.0,0.0,0.0,0.0,0.0,0.0,0.0
42059,2023.0,10.0,20.0,1.0,19.380285,19.478449,18.333887,18.27923,19.109924,19.046062,18.975317,18.923328,18.00991,17.955986,18.152527,18.08626,19.459518,19.377941,19.005468,18.937902,17.674099,17.63027,0.0,0.0,0.0,0.0,0.0,0.0,0.0,0.0
42060,2023.0,10.0,20.0,2.0,19.353636,19.452177,18.317783,18.264595,19.081182,19.019157,18.94484,18.894619,17.995312,17.945787,18.128492,18.063116,19.435102,19.354303,18.976307,18.909512,17.660275,17.61691,0.0,0.0,0.0,0.0,0.0,0.0,0.0,0.0
42061,2023.0,10.0,20.0,2.0,19.327263,19.425354,18.30121,18.248478,19.052893,18.99171,18.914944,18.865513,17.967999,17.916237,18.105177,18.039885,19.411222,19.330435,18.948013,18.881313,17.646673,17.603182,0.0,0.0,0.0,0.0,0.0,0.0,0.0,0.0
42062,2023.0,10.0,20.0,2.0,19.302944,19.40182,18.286247,18.235296,19.027546,18.969135,18.888222,18.841623,18.53177,18.998028,18.382477,18.578138,19.389341,19.309687,18.921946,18.856487,17.634157,17.591137,0.0,0.0,0.0,4.0,4.0,0.0,0.0,0.0
42063,2023.0,10.0,20.0,2.0,19.27814,19.37624,18.27027,18.219423,19.001038,18.943022,18.860361,18.814056,18.135014,18.118298,18.182705,18.139933,19.36706,19.287195,18.895653,18.830044,17.621466,17.578209,0.0,0.0,0.0,0.0,0.0,0.0,0.0,0.0
42064,2023.0,10.0,20.0,2.0,19.254831,19.352467,18.25499,18.204275,18.975727,18.918274,18.833899,18.78804,18.494732,18.85993,18.100529,18.03664,19.345762,19.265858,18.870562,18.804993,17.609333,17.565945,0.0,0.0,0.0,4.0,0.0,0.0,0.0,0.0
42065,2023.0,10.0,20.0,2.0,19.23242,19.329569,18.240051,18.189453,18.951288,18.894344,18.808392,18.762941,18.047155,17.92243,18.376228,18.57701,19.325191,19.24525,18.846382,18.780851,17.597605,17.554094,0.0,0.0,0.0,0.0,4.0,0.0,0.0,0.0
42066,2023.0,10.0,20.0,3.0,19.21006,19.30601,18.224901,18.173834,18.926838,18.869558,18.78293,18.737007,17.900518,17.747948,18.147177,18.084955,19.304762,19.224277,18.82249,18.756466,17.58596,17.542055,0.0,0.0,0.0,0.0,0.0,0.0,0.0,0.0
42067,2023.0,10.0,20.0,3.0,19.188665,19.283997,18.210094,18.158525,18.90321,18.845652,18.758432,18.712086,17.945723,17.892725,18.080997,18.014963,19.28511,19.204271,18.799604,18.73334,17.574778,17.530626,0.0,0.0,0.0,0.0,0.0,0.0,0.0,0.0
42068,2023.0,10.0,20.0,3.0,19.167833,19.262684,18.196072,18.1446,18.881062,18.823902,18.735487,18.689451,17.92787,17.874651,18.051872,17.985912,19.266354,19.18548,18.77777,18.711554,17.564093,17.519857,0.0,0.0,0.0,0.0,0.0,0.0,0.0,0.0
42069,2023.0,10.0,20.0,3.0,19.148117,19.24335,18.183254,18.13313,18.860939,18.805763,18.714636,18.670584,18.492386,18.956903,18.027304,17.963072,19.24891,19.168901,18.757359,18.692097,17.5541,17.51026,0.0,0.0,0.0,4.0,0.0,0.0,0.0,0.0
42070,2023.0,10.0,20.0,3.0,19.127804,19.222244,18.169289,18.119154,18.839579,18.784489,18.692503,18.648514,18.096596,18.079758,18.003696,17.939133,19.230883,19.150686,18.736492,18.671108,17.543814,17.499811,0.0,0.0,0.0,0.0,0.0,0.0,0.0,0.0
42071,2023.0,10.0,20.0,3.0,19.10877,19.202957,18.15586,18.10604,18.819231,18.764715,18.671442,18.628,17.892008,17.761564,18.27651,18.467634,19.213629,19.133617,18.716568,18.65147,18.267475,18.871353,0.0,0.0,0.0,0.0,4.0,0.0,0.0,4.0
42072,2023.0,10.0,20.0,4.0,19.089687,19.183208,18.142384,18.092514,18.798931,18.744518,18.650633,18.607157,18.422712,18.812983,18.087036,18.050201,19.196405,19.11625,18.696775,18.6316,17.7919,17.79842,0.0,0.0,0.0,4.0,0.0,0.0,0.0,0.0
42073,2023.0,10.0,20.0,4.0,19.070711,19.163303,18.128864,18.078524,18.778791,18.724144,18.630285,18.58632,17.985252,17.865187,18.000765,17.936071,19.17933,19.098837,18.67725,18.611795,17.580647,17.46878,0.0,0.0,0.0,0.0,0.0,0.0,0.0,0.0
42074,2023.0,10.0,20.0,4.0,19.051592,19.142677,18.114426,18.062626,18.757832,18.701775,18.609102,18.5635,17.836695,17.6825,17.972124,17.90538,19.161957,19.080544,18.657576,18.591297,17.517368,17.395588,0.0,0.0,0.0,0.0,0.0,0.0,0.0,0.0
42075,2023.0,10.0,20.0,4.0,19.034508,19.12592,18.102392,18.05159,18.740143,18.685627,18.591164,18.547037,18.498419,18.985546,17.949818,17.884668,19.146534,19.065887,18.639942,18.574501,18.338167,18.987616,0.0,0.0,0.0,4.0,0.0,0.0,0.0,4.0
42076,2023.0,10.0,20.0,4.0,19.016321,19.106796,18.088987,18.03778,18.721008,18.666245,18.571768,18.527273,18.753246,19.307936,17.928095,17.862432,19.130316,19.04938,18.621616,18.555944,17.767136,17.70424,0.0,0.0,0.0,4.0,0.0,0.0,0.0,0.0
42077,2023.0,10.0,20.0,4.0,19.008327,19.107262,18.075794,18.024208,18.7023,18.647358,18.552986,18.50811,18.118048,18.023642,17.908014,17.84202,19.11441,19.033249,18.603727,18.537897,18.333391,18.877413,0.0,0.0,0.0,0.0,0.0,0.0,0.0,4.0
42078,2023.0,10.0,20.0,5.0,19.002079,19.107092,18.062622,18.01056,18.68375,18.62848,18.534481,18.489077,17.910168,17.750011,17.889048,17.822617,19.098633,19.017159,18.586071,18.519987,17.793251,17.708033,0.0,0.0,0.0,0.0,0.0,0.0,0.0,0.0
42079,2023.0,10.0,20.0,5.0,18.987911,19.092558,18.050064,17.9981,18.666073,18.611044,18.516954,18.471577,18.44289,18.811384,18.1657,18.35476,19.083523,19.002201,18.569174,18.503284,18.37501,18.913391,0.0,0.0,0.0,4.0,4.0,0.0,0.0,4.0
42080,2023.0,10.0,20.0,5.0,18.973135,19.07715,18.037718,17.985706,18.64858,18.59361,18.499712,18.454165,18.62714,19.035831,18.306482,18.550049,19.068516,18.987202,18.552462,18.486607,17.832113,17.745445,0.0,0.0,0.0,4.0,4.0,0.0,0.0,0.0
42081,2023.0,10.0,20.0,5.0,18.958921,19.06255,18.026115,17.974121,18.63173,18.577091,18.48328,18.437788,18.691896,19.098782,18.043776,18.018694,19.053932,18.97286,19.511719,20.308432,17.653288,17.519907,0.0,0.0,0.0,4.0,0.0,0.0,4.0,0.0
42082,2023.0,10.0,20.0,5.0,18.944809,19.047758,18.01461,17.9623,18.614975,18.560192,18.466679,18.42093,18.138643,18.01853,18.236057,18.429592,19.039225,18.958101,19.700806,20.420702,17.592337,17.458975,0.0,0.0,0.0,0.0,4.0,0.0,4.0,0.0
42083,2023.0,10.0,20.0,5.0,19.598951,20.284615,18.003555,17.951221,18.599297,18.544552,19.14291,19.705776,17.955088,17.790384,18.356821,18.6001,19.024992,18.944103,18.885172,18.786066,17.621487,17.564693,0.0,0.0,4.0,0.0,4.0,0.0,0.0,0.0
42084,2023.0,10.0,20.0,6.0,19.175522,19.341928,18.456379,18.80967,18.58366,18.52858,18.729122,18.769434,18.489958,18.860401,18.276169,18.39791,19.01075,18.929811,18.645086,18.468908,17.616549,17.571083,4.0,0.0,0.0,4.0,4.0,0.0,0.0,0.0
42085,2023.0,10.0,20.0,6.0,21.262604,23.053473,20.22368,21.835493,21.25325,23.278654,21.25502,23.29231,20.227962,21.830275,20.26084,21.831766,21.265839,22.826857,21.597893,23.692898,17.594357,17.54668,0.0,0.0,0.0,0.0,4.0,4.0,4.0,0.0
42086,2023.0,10.0,20.0,6.0,21.012459,22.340263,19.027025,19.236673,21.0046,22.482819,21.016247,22.519892,18.812645,18.820292,20.00161,21.121824,21.016087,22.232916,21.020351,22.413666,17.572418,17.52434,0.0,0.0,0.0,0.0,4.0,0.0,0.0,0.0
42087,2023.0,10.0,20.0,6.0,21.036436,22.26369,18.391926,18.37007,21.043226,22.37258,21.019379,22.33651,18.274714,18.214993,20.047457,21.074238,21.044369,22.127296,21.049517,22.306803,18.338238,18.98743,0.0,0.0,4.0,0.0,0.0,0.0,0.0,4.0
42088,2023.0,10.0,20.0,6.0,21.032713,22.170753,18.273834,18.223173,21.012524,22.166971,21.05452,22.296642,18.18862,18.126652,19.005152,18.958263,21.009815,21.924135,21.044214,22.176859,20.229183,22.085522,0.0,4.0,0.0,0.0,0.0,4.0,0.0,0.0
42089,2023.0,10.0,20.0,6.0,21.005404,22.035538,18.211468,18.153477,21.017067,22.094498,21.04679,22.186008,18.124735,18.064,18.877039,19.069597,21.013563,21.855867,21.043407,22.087572,18.612436,18.647305,0.0,4.0,0.0,0.0,4.0,4.0,0.0,0.0
42090,2023.0,10.0,20.0,7.0,21.045929,22.08082,18.16722,18.106562,21.05033,22.103895,21.04635,22.114191,18.0728,18.013767,20.151669,21.281864,21.01185,21.797598,21.034718,22.020317,17.93029,17.796577,0.0,0.0,0.0,0.0,4.0,4.0,0.0,0.0
42091,2023.0,10.0,20.0,7.0,21.080912,22.09604,18.127684,18.061321,21.049818,22.00394,21.078154,22.134657,18.026796,17.967234,20.071974,20.992867,21.026476,21.780586,21.074709,22.054424,17.877522,17.822502,0.0,4.0,0.0,0.0,0.0,4.0,0.0,0.0
42092,2023.0,10.0,20.0,7.0,20.99612,21.892664,18.100286,18.035175,21.044518,21.984558,21.030376,22.014603,18.710331,19.288809,19.520182,19.858477,21.00884,21.716293,21.028425,21.933336,17.839632,17.788248,0.0,0.0,0.0,4.0,4.0,4.0,0.0,0.0
42093,2023.0,10.0,20.0,7.0,21.045439,21.9836,18.07419,18.007906,21.01624,21.870848,21.036564,22.004774,20.190948,21.680563,20.12684,21.06078,21.010061,21.693289,21.034256,21.921501,17.794512,17.743366,0.0,4.0,0.0,0.0,0.0,4.0,0.0,0.0
42094,2023.0,10.0,20.0,7.0,21.008953,21.864986,18.495663,18.814457,21.046745,21.926302,21.035332,21.98326,18.836704,18.824272,19.135393,19.059374,21.03986,21.750118,21.033154,21.899652,18.654558,19.401993,4.0,0.0,0.0,0.0,0.0,0.0,0.0,4.0
42095,2023.0,10.0,20.0,7.0,21.316154,22.463745,20.21098,21.723915,21.214882,22.236599,21.236965,22.369606,18.202572,18.01934,18.706825,18.604315,21.272038,22.169127,21.277369,22.371386,20.150967,21.733313,0.0,0.0,0.0,0.0,0.0,4.0,0.0,4.0
42096,2023.0,10.0,20.0,8.0,21.013784,21.839252,19.414082,19.909575,21.014091,21.787497,21.008343,21.872383,18.173265,18.094854,18.605774,18.512627,21.038797,21.699492,21.04159,21.835636,20.034506,21.328604,4.0,4.0,4.0,0.0,0.0,0.0,4.0,0.0
42097,2023.0,10.0,20.0,8.0,20.107521,20.123163,20.142544,21.31814,20.554514,20.896101,20.671383,21.221071,18.878048,19.456825,18.511503,18.421736,20.814203,21.219688,20.008362,19.878323,18.768147,18.740723,4.0,4.0,4.0,4.0,0.0,4.0,0.0,0.0
42098,2023.0,10.0,20.0,8.0,19.629366,19.534824,20.009579,20.9293,20.33008,20.639467,20.303894,20.630327,20.16519,21.528952,18.819662,19.07629,20.721842,21.11437,19.495892,19.269434,18.183353,18.024485,4.0,4.0,4.0,0.0,4.0,4.0,0.0,0.0
42099,2023.0,10.0,20.0,8.0,19.450678,19.343401,20.025917,20.876513,20.256813,20.56959,19.621328,19.472095,18.885393,18.85283,20.151768,21.329447,20.025667,19.830246,20.262894,20.881784,18.0237,17.857801,4.0,4.0,0.0,0.0,4.0,0.0,4.0,0.0
42100,2023.0,10.0,20.0,8.0,19.324497,19.212585,20.040682,20.859024,20.20205,20.51729,19.227718,18.974998,18.284317,18.102251,20.02499,20.937067,19.67583,19.412271,19.629498,19.471813,18.01504,17.944468,0.0,4.0,0.0,0.0,0.0,0.0,0.0,0.0
42101,2023.0,10.0,20.0,8.0,20.105135,20.789911,19.13407,19.067974,20.15835,20.476095,19.05687,18.796051,18.246275,18.163782,19.043192,18.946056,20.271585,20.66153,19.240534,19.027002,18.897524,19.653522,0.0,4.0,0.0,0.0,0.0,4.0,0.0,4.0
42102,2023.0,10.0,20.0,9.0,19.536966,19.560776,18.709074,18.451677,19.579464,19.423044,19.603252,19.90552,18.219982,18.153801,18.771717,18.654488,20.413898,20.82671,19.116175,18.897636,20.171553,21.738834,0.0,0.0,4.0,0.0,0.0,4.0,0.0,0.0
42103,2023.0,10.0,20.0,9.0,19.178091,19.093561,18.66765,18.549381,19.228048,18.970337,19.781435,20.120518,18.167076,18.105156,18.690731,18.597265,19.762403,19.57745,19.01487,18.802706,18.749731,18.748344,0.0,0.0,4.0,0.0,0.0,0.0,0.0,0.0
42104,2023.0,10.0,20.0,9.0,19.791937,20.312777,18.63053,18.543575,19.752802,20.051573,19.79104,20.12946,18.807495,19.345589,18.606894,18.51527,19.51821,19.256472,19.059116,18.969763,18.278767,18.096119,0.0,4.0,4.0,4.0,0.0,0.0,0.0,0.0
42105,2023.0,10.0,20.0,9.0,19.314856,19.309322,19.001232,19.299263,19.869938,20.20515,19.79135,20.12958,20.18811,21.654928,18.897444,19.129759,19.425236,19.167952,19.03735,18.963785,19.15335,19.88336,4.0,4.0,4.0,0.0,4.0,0.0,0.0,4.0
42106,2023.0,10.0,20.0,9.0,19.73367,20.258877,20.14496,21.256544,19.881859,20.213938,19.789799,20.12776,19.426672,19.90102,20.16211,21.30013,20.088884,20.506117,19.942392,20.712156,20.282063,21.701925,0.0,4.0,4.0,4.0,0.0,4.0,4.0,0.0
42107,2023.0,10.0,20.0,9.0,19.923176,20.445328,19.265278,19.417198,19.344013,19.205507,19.788263,20.125875,20.149435,21.331604,19.226196,19.333103,19.616962,19.434736,19.291655,19.17159,18.884855,18.84468,0.0,0.0,4.0,0.0,0.0,0.0,0.0,0.0
42108,2023.0,10.0,20.0,10.0,19.370464,19.37871,18.74053,18.69528,19.01688,18.768583,19.237513,19.103315,18.98427,18.93482,18.711283,18.64683,19.330172,19.088903,18.909678,18.714508,18.308805,18.140614,0.0,0.0,0.0,0.0,0.0,0.0,0.0,0.0
42109,2023.0,10.0,20.0,10.0,19.129642,19.034431,18.606176,18.519377,18.907282,18.641333,18.949068,18.683752,18.53803,18.310232,18.586378,18.496147,19.253717,19.009174,18.814589,18.611631,18.164639,17.980314,0.0,0.0,0.0,0.0,0.0,0.0,0.0,0.0
42110,2023.0,10.0,20.0,10.0,19.753057,20.277693,18.54858,18.471682,19.680271,20.175413,19.508713,19.826796,18.531837,18.437742,18.891537,19.1338,19.341131,19.24042,18.873878,18.792776,18.183111,18.109632,0.0,4.0,4.0,0.0,4.0,0.0,0.0,0.0
42111,2023.0,10.0,20.0,10.0,19.294529,19.312576,18.494236,18.420565,19.727041,20.103313,19.081861,18.955452,19.206684,19.776966,20.14894,21.294104,19.34633,19.2616,18.867048,18.797789,19.078178,19.846094,0.0,4.0,0.0,4.0,4.0,0.0,0.0,4.0
42112,2023.0,10.0,20.0,10.0,19.728235,20.286728,18.897432,19.227169,19.711884,20.073633,18.790546,18.572027,20.093378,21.151762,20.023037,20.90711,19.321648,19.239864,18.837694,18.770927,20.140802,21.488503,4.0,4.0,0.0,4.0,0.0,0.0,0.0,0.0
42113,2023.0,10.0,20.0,10.0,19.30195,19.324114,20.138866,21.310122,19.193628,19.082262,19.34394,19.682514,20.033068,20.94723,19.090637,19.01396,20.013794,20.572042,18.810825,18.746908,18.874626,18.863628,4.0,0.0,4.0,0.0,0.0,4.0,0.0,0.0
42114,2023.0,10.0,20.0,11.0,19.726248,20.283077,20.024035,20.949467,19.533611,19.880344,19.008003,18.90162,19.0529,18.97897,18.58173,18.364897,20.181456,20.648333,18.78568,18.723879,18.3052,18.159485,0.0,4.0,0.0,0.0,0.0,4.0,0.0,0.0
42115,2023.0,10.0,20.0,11.0,19.910904,20.457872,19.098269,19.073927,19.153885,19.045261,19.369825,19.73248,18.573298,18.392105,18.55875,18.457499,19.531649,19.381231,18.762257,18.701263,18.247732,18.184048,0.0,0.0,4.0,0.0,0.0,0.0,0.0,0.0
42116,2023.0,10.0,20.0,11.0,19.342941,19.360298,19.094301,19.23156,18.917635,18.701454,19.507662,19.896173,19.285309,19.850126,18.547846,18.471392,19.322775,19.099655,18.743296,18.682642,18.210035,18.157099,4.0,0.0,4.0,4.0,0.0,0.0,0.0,0.0
42117,2023.0,10.0,20.0,11.0,19.132608,19.075737,20.147516,21.123596,19.48005,19.8275,19.54545,19.929441,20.082762,21.115625,18.50397,18.431225,20.012474,20.46787,18.725618,18.665743,18.162218,18.11168,0.0,4.0,4.0,4.0,0.0,4.0,0.0,0.0
42118,2023.0,10.0,20.0,11.0,19.73777,20.292906,19.51672,19.767797,19.115198,19.000732,19.581953,19.964844,20.031046,20.916048,18.456152,18.38643,19.537018,19.375252,18.707579,18.648441,18.112934,18.063915,4.0,0.0,4.0,0.0,0.0,0.0,0.0,0.0
42119,2023.0,10.0,20.0,11.0,19.927492,20.47592,20.10965,20.961649,19.481915,19.8455,19.042961,18.935886,19.6953,20.147524,18.802912,19.07931,19.279924,19.067371,19.662296,20.463535,18.070162,18.022425,4.0,4.0,0.0,4.0,4.0,0.0,4.0,0.0
42120,2023.0,10.0,20.0,12.0,19.968122,20.512661,20.02511,20.750385,19.65987,20.039806,18.751263,18.559797,20.323648,21.403782,20.169943,21.387487,19.207632,18.992783,19.045824,18.958832,18.032467,17.985706,0.0,4.0,0.0,0.0,0.0,0.0,0.0,0.0
42121,2023.0,10.0,20.0,12.0,21.148123,22.548706,19.219893,19.163649,21.194487,22.693768,21.248457,23.031147,19.17589,19.093441,19.222488,19.358742,21.227448,22.57954,21.34062,23.132938,17.997074,17.949184,0.0,4.0,4.0,0.0,0.0,0.0,0.0,0.0
42122,2023.0,10.0,20.0,12.0,20.994972,22.111845,18.871735,18.799261,20.993923,22.126429,21.008072,22.333616,18.68497,18.476618,18.69687,18.637987,21.002848,22.028881,21.000084,22.306953,17.96428,17.91554,0.0,4.0,0.0,0.0,0.0,0.0,0.0,0.0
42123,2023.0,10.0,20.0,12.0,21.018255,22.064175,18.776703,18.70614,21.024288,22.068014,21.022324,22.181677,18.656328,18.575867,18.973871,19.260786,21.031174,21.966978,21.046686,22.235487,17.933844,17.886368,0.0,4.0,4.0,0.0,4.0,0.0,0.0,0.0
42124,2023.0,10.0,20.0,12.0,21.01649,21.996428,18.692745,18.623762,21.02128,21.981958,21.02446,22.085747,18.604033,18.53268,20.138601,21.228096,21.02855,21.88002,20.994816,22.008972,17.90571,17.856922,0.0,4.0,4.0,0.0,4.0,0.0,4.0,0.0
42125,2023.0,10.0,20.0,12.0,21.015526,21.948992,19.068785,19.391277,21.020739,21.92293,21.02371,22.015629,19.3001,19.918797,20.02456,20.877975,21.027868,21.819967,21.010843,21.965736,18.805819,19.580843,4.0,4.0,4.0,4.0,0.0,0.0,4.0,4.0
42126,2023.0,10.0,20.0,13.0,21.015371,21.91303,20.115458,21.144867,21.020092,21.877922,21.022907,21.963545,20.10448,21.145266,19.077166,18.96225,20.997225,21.696993,21.048456,22.016722,20.17127,21.70415,4.0,4.0,4.0,0.0,0.0,4.0,0.0,0.0
42127,2023.0,10.0,20.0,13.0,21.04155,21.957842,20.008335,20.80989,21.019436,21.843008,21.022163,21.923677,19.045824,18.964577,18.940268,19.023912,21.040472,21.761347,21.040089,21.951218,18.768711,18.752089,4.0,4.0,4.0,0.0,4.0,0.0,0.0,0.0
42128,2023.0,10.0,20.0,13.0,21.008064,21.842146,20.021347,20.757454,21.044561,21.886452,21.021599,21.892757,19.259531,19.705036,20.205719,21.165174,21.033197,21.70913,21.039991,21.910772,18.156385,17.994858,4.0,0.0,4.0,4.0,0.0,0.0,0.0,0.0
42129,2023.0,10.0,20.0,13.0,21.013754,21.835495,20.018717,20.697676,21.038582,21.84641,21.020903,21.867601,20.11271,21.084887,19.150322,19.05374,21.002924,21.600452,21.039368,21.8777,18.1297,18.071436,4.0,0.0,4.0,0.0,0.0,4.0,0.0,0.0
42130,2023.0,10.0,20.0,13.0,21.040796,21.895184,20.018187,20.657513,21.012226,21.7496,21.04635,21.918766,19.670633,20.071674,19.175087,19.461796,21.038456,21.675531,21.030369,21.850456,18.104055,18.051828,4.0,4.0,0.0,4.0,4.0,0.0,0.0,0.0
42131,2023.0,10.0,20.0,13.0,21.006428,21.788256,20.01783,20.627857,21.017576,21.746866,21.014282,21.81232,20.09939,20.941347,20.106874,21.01321,21.031794,21.642319,21.031178,21.842175,18.056417,18.00548,4.0,4.0,4.0,0.0,4.0,0.0,0.0,0.0
42132,2023.0,10.0,20.0,14.0,21.040041,21.865294,20.017395,20.604504,21.042797,21.8075,21.020086,21.809988,19.138245,19.00782,20.011148,20.72181,21.032013,21.625431,21.083622,21.892189,18.015224,17.965395,4.0,0.0,4.0,0.0,4.0,0.0,4.0,0.0
42133,2023.0,10.0,20.0,14.0,20.171906,20.181868,20.03534,20.637074,20.61979,20.949593,20.534739,20.867115,18.674633,18.46301,20.038452,20.721838,20.379335,20.369333,20.044172,19.904469,17.980232,17.931435,0.0,4.0,4.0,0.0,0.0,0.0,0.0,0.0
42134,2023.0,10.0,20.0,14.0,20.372631,20.85461,19.623655,19.805653,20.416277,20.719038,19.765047,19.602036,18.660887,18.57787,19.191343,19.041674,20.80869,21.40886,19.539557,19.313843,17.949013,17.900331,4.0,4.0,0.0,0.0,0.0,4.0,0.0,0.0
42135,2023.0,10.0,20.0,14.0,20.431494,20.920918,20.07123,20.67887,20.363575,20.665377,19.436775,19.155787,18.633,18.569754,18.826057,18.552622,20.71164,21.109837,19.376135,19.142017,17.924173,17.874697,4.0,4.0,0.0,0.0,0.0,4.0,0.0,0.0
42136,2023.0,10.0,20.0,14.0,20.414717,20.903444,20.009441,20.541716,19.75176,19.571476,19.911228,20.206688,18.570065,18.508043,18.828127,18.724224,19.966185,19.744114,19.243565,19.017235,17.898125,17.848972,4.0,0.0,4.0,0.0,0.0,0.0,0.0,0.0
42137,2023.0,10.0,20.0,14.0,20.40149,20.889761,20.017023,20.54654,19.389444,19.110304,19.467821,19.293886,18.509192,18.447428,19.195498,19.471954,19.662231,19.40169,19.268,19.184914,17.87359,17.824362,4.0,0.0,0.0,0.0,4.0,0.0,0.0,0.0
42138,2023.0,10.0,20.0,15.0,20.387632,20.875277,20.015892,20.535818,19.86616,20.133934,19.141119,18.884012,19.131435,19.664242,20.118805,21.033781,19.543299,19.28464,20.255783,21.098112,18.711966,19.422993,4.0,4.0,0.0,4.0,0.0,0.0,4.0,4.0
42139,2023.0,10.0,20.0,15.0,19.773262,19.736511,20.034016,20.579208,19.492931,19.335781,18.999998,18.732668,20.097965,21.146463,19.321478,19.38075,19.454634,19.20105,19.516176,19.383862,20.186928,21.761324,0.0,0.0,0.0,4.0,0.0,0.0,0.0,0.0
42140,2023.0,10.0,20.0,15.0,19.462917,19.36361,19.668,19.844418,19.171492,18.910475,19.068447,18.964539,20.030552,20.908236,18.895498,18.836254,19.532156,19.43565,19.096853,18.896795,18.761028,18.758677,4.0,0.0,0.0,0.0,0.0,0.0,0.0,0.0
42141,2023.0,10.0,20.0,15.0,20.023708,20.515724,20.065674,20.674412,19.042261,18.76827,19.079102,19.00955,19.063663,18.953032,19.118591,19.351303,20.2532,20.811022,18.972322,18.767365,18.144108,17.99425,4.0,0.0,0.0,0.0,4.0,4.0,0.0,0.0
42142,2023.0,10.0,20.0,15.0,20.204908,20.70468,20.008541,20.532312,19.813316,20.311424,19.035723,18.970886,19.29436,19.703613,20.1313,21.083008,19.673769,19.492937,19.88834,20.57249,17.99623,17.83134,4.0,4.0,0.0,4.0,0.0,0.0,4.0,0.0
42143,2023.0,10.0,20.0,15.0,20.219585,20.713404,20.015873,20.529839,19.920265,20.27384,18.991367,18.92889,20.110601,21.03487,19.144188,19.040512,20.115433,20.542965,19.295555,19.165142,18.016123,17.95768,4.0,4.0,0.0,0.0,0.0,4.0,0.0,0.0
42144,2023.0,10.0,20.0,16.0,19.6427,19.621065,20.014746,20.516195,19.882565,20.21848,19.629538,20.166283,19.121128,19.015158,18.620152,18.378777,20.32431,20.75115,19.865963,20.482685,18.004065,17.95488,4.0,4.0,4.0,0.0,0.0,4.0,4.0,0.0
42145,2023.0,10.0,20.0,16.0,20.026678,20.529705,20.014803,20.508389,19.333021,19.17891,19.288656,19.331808,19.343847,19.754353,18.63448,18.543186,20.370853,20.795313,19.277111,19.123207,17.96736,17.919193,4.0,0.0,0.0,4.0,0.0,4.0,0.0,0.0
42146,2023.0,10.0,20.0,16.0,19.559063,19.516676,20.014555,20.501966,19.683706,20.008076,19.503157,19.866508,20.10816,20.997007,18.633417,18.564548,20.414066,20.837679,18.955933,18.758238,17.933739,17.885954,4.0,4.0,4.0,0.0,0.0,4.0,0.0,0.0
42147,2023.0,10.0,20.0,16.0,19.963978,20.46184,20.014496,20.496956,19.28015,19.138115,19.615864,19.969086,19.143526,19.034014,18.582039,18.513596,20.450165,20.872286,19.850891,20.532936,17.905346,17.858429,4.0,0.0,4.0,0.0,0.0,4.0,4.0,0.0
42148,2023.0,10.0,20.0,16.0,19.534765,19.514448,20.014399,20.492691,19.621988,19.939638,19.072906,18.932652,19.370663,19.773685,18.5327,18.465025,19.789074,19.599985,19.25397,19.118196,17.880585,17.834045,4.0,4.0,0.0,4.0,0.0,0.0,0.0,0.0
42149,2023.0,10.0,20.0,16.0,19.245895,19.148726,20.014223,20.488821,19.795624,20.13804,19.443708,19.797876,20.103104,20.963787,18.489246,18.422136,20.259754,20.698854,18.911137,18.717806,17.858227,17.811958,4.0,4.0,4.0,0.0,0.0,4.0,0.0,0.0
42150,2023.0,10.0,20.0,17.0,19.16848,19.078575,20.014072,20.485317,19.823109,20.163853,19.035961,18.90359,19.159327,19.048058,18.45137,18.38569,19.745268,19.56471,18.81551,18.62089,17.838654,17.793116,4.0,4.0,0.0,0.0,0.0,0.0,0.0,0.0
42151,2023.0,10.0,20.0,17.0,19.104244,19.010437,20.01414,20.482275,19.840366,20.176916,18.733894,18.502836,18.693266,18.478294,18.413765,18.34663,20.21368,20.652489,18.74714,18.550814,17.81804,17.771326,4.0,4.0,0.0,0.0,0.0,4.0,0.0,0.0
42152,2023.0,10.0,20.0,17.0,19.95567,20.680899,20.01425,20.479437,19.850582,20.182535,18.63297,18.391035,18.687483,18.607098,18.378197,18.310135,19.693571,19.501717,18.8176,18.748846,17.797733,17.750124,4.0,4.0,0.0,0.0,0.0,0.0,0.0,0.0
42153,2023.0,10.0,20.0,17.0,20.038729,20.552708,20.032846,20.528433,19.85687,20.184504,18.728851,18.647202,18.661476,18.598898,18.343523,18.273808,20.172935,20.609407,18.824503,18.76079,17.777159,17.728165,0.0,4.0,0.0,0.0,0.0,4.0,0.0,0.0
42154,2023.0,10.0,20.0,17.0,20.017872,20.518074,19.331585,19.175854,19.29479,19.129251,19.449335,20.00484,18.59993,18.537325,18.311377,18.241156,19.647467,19.442947,18.796665,18.732704,17.757196,17.707111,0.0,0.0,4.0,0.0,0.0,0.0,0.0,0.0
42155,2023.0,10.0,20.0,17.0,20.040258,20.534548,18.987923,18.684551,19.680054,19.968462,18.879744,18.766665,18.549936,18.48561,18.283619,18.211864,19.437914,19.17615,19.74136,20.535782,17.739624,17.688251,0.0,4.0,0.0,0.0,0.0,0.0,4.0,0.0
42156,2023.0,10.0,20.0,18.0,19.465445,19.439587,19.463337,19.717001,19.787815,20.110239,19.257252,19.57649,18.502476,18.437092,18.25547,18.182383,20.095654,20.496237,18.9694,18.847353,17.722528,17.670002,4.0,4.0,4.0,0.0,0.0,4.0,0.0,0.0
42157,2023.0,10.0,20.0,18.0,21.222712,22.667002,20.054325,20.728558,21.177858,22.52712,21.252592,23.022524,18.457159,18.389168,18.226454,18.151052,21.160559,22.314737,21.351715,23.09594,17.705286,17.651243,4.0,4.0,0.0,0.0,0.0,0.0,0.0,0.0
42158,2023.0,10.0,20.0,18.0,20.988138,22.025288,20.028748,20.625957,21.002382,22.028664,20.995302,22.258326,18.409449,18.33995,18.195925,18.118748,21.026545,21.900282,21.0125,22.284563,18.610739,19.375513,0.0,4.0,4.0,0.0,0.0,0.0,0.0,4.0
42159,2023.0,10.0,20.0,18.0,21.019285,21.99513,19.61162,19.759686,21.04971,22.042894,21.05611,22.252592,18.367317,18.297039,18.168474,18.090492,21.037035,21.823977,21.048985,22.206427,20.198833,21.884375,4.0,0.0,0.0,0.0,0.0,0.0,0.0,0.0
42160,2023.0,10.0,20.0,18.0,21.015202,21.926764,20.082874,20.706484,21.015408,21.879745,21.045435,22.126976,18.329422,18.25782,18.141726,18.061962,20.996984,21.67634,21.034227,22.088829,18.660412,18.633928,4.0,4.0,0.0,0.0,0.0,4.0,0.0,0.0
42161,2023.0,10.0,20.0,18.0,21.014313,21.882952,20.02233,20.565527,21.046371,21.911697,21.043291,22.047487,18.293829,18.21975,18.115227,18.03285,21.04132,21.736689,21.0331,22.022177,17.998053,17.812355,0.0,0.0,0.0,0.0,0.0,0.0,0.0,0.0
42162,2023.0,10.0,20.0,19.0,21.042866,21.927471,19.600544,19.708065,21.039179,21.854933,21.033722,21.994652,18.263542,18.189007,18.455532,18.690294,21.002321,21.598986,21.034199,21.97644,17.99106,17.933157,4.0,0.0,0.0,0.0,4.0,4.0,0.0,0.0
42163,2023.0,10.0,20.0,19.0,21.190659,22.192078,20.195877,20.922915,21.188211,22.119354,21.304024,22.488049,18.235641,18.16079,20.235386,21.680666,21.243477,22.058624,21.235554,22.34309,17.959593,17.897732,0.0,0.0,4.0,0.0,0.0,4.0,0.0,0.0
42164,2023.0,10.0,20.0,19.0,21.035526,21.850864,19.65209,19.789371,21.028093,21.790361,21.012896,21.882742,18.209036,18.133371,19.102228,19.253025,21.007244,21.563833,21.032677,21.904224,17.90804,17.845148,4.0,0.0,4.0,0.0,0.0,4.0,0.0,0.0
42165,2023.0,10.0,20.0,19.0,21.035433,21.830925,20.083931,20.675406,21.0296,21.788076,21.049957,21.944223,18.183912,18.10708,18.495224,18.420416,21.038298,21.633133,21.032553,21.883854,18.786142,19.542435,4.0,0.0,0.0,0.0,0.0,0.0,0.0,4.0
42166,2023.0,10.0,20.0,19.0,21.025385,21.814837,20.00758,20.494543,21.029255,21.78163,21.042444,21.898417,18.160494,18.082874,18.730215,18.959307,21.002056,21.523272,21.032887,21.82578,20.139738,21.617743,4.0,0.0,0.0,0.0,4.0,4.0,4.0,4.0
42167,2023.0,10.0,20.0,19.0,20.998669,21.742657,20.035648,20.546469,21.029095,21.775234,21.042625,21.87169,18.138323,18.059872,20.17855,21.390322,21.007465,21.52663,21.045456,21.868399,20.232866,21.644236,0.0,0.0,0.0,0.0,4.0,4.0,0.0,0.0
42168,2023.0,10.0,20.0,20.0,21.014347,21.759802,19.622952,19.71184,21.002792,21.696764,21.041828,21.847013,18.117126,18.037746,20.024426,20.945498,21.007282,21.520573,21.039648,21.834427,19.503742,20.035505,4.0,4.0,0.0,0.0,0.0,4.0,0.0,4.0
42169,2023.0,10.0,20.0,20.0,21.040249,21.82346,20.070301,20.639322,21.03427,21.780563,21.030334,21.827532,18.097084,18.017063,18.972136,18.80795,21.037605,21.594398,21.040012,21.814726,20.129854,21.271656,4.0,0.0,0.0,0.0,0.0,0.0,0.0,0.0
42170,2023.0,10.0,20.0,20.0,21.0073,21.723886,20.009026,20.484055,21.039557,21.763195,21.031616,21.829306,18.786407,19.331871,18.407269,18.109337,21.001759,21.48985,21.039772,21.797468,18.89601,18.775772,4.0,0.0,0.0,4.0,0.0,4.0,0.0,0.0
42171,2023.0,10.0,20.0,20.0,21.040846,21.804138,20.035683,20.532774,21.038437,21.739487,21.03149,21.827024,20.133495,21.454798,18.836386,19.080332,21.037954,21.576834,21.103561,21.882498,19.229746,19.814875,0.0,0.0,0.0,4.0,4.0,0.0,4.0,4.0
42172,2023.0,10.0,20.0,20.0,21.034327,21.77788,19.269674,19.043848,21.026873,21.722073,21.005432,21.751844,20.03197,21.08155,20.159903,21.293047,21.032034,21.552944,21.033,21.769777,20.380941,21.762922,0.0,0.0,4.0,0.0,0.0,0.0,0.0,0.0
42173,2023.0,10.0,20.0,20.0,21.035133,21.766073,19.227808,19.22185,21.002495,21.654888,21.036388,21.835964,18.892208,18.747705,19.203268,19.287388,21.032484,21.543184,21.0405,21.77586,18.906578,18.773026,4.0,4.0,0.0,0.0,0.0,0.0,0.0,0.0
42174,2023.0,10.0,20.0,21.0,21.02324,21.753906,20.096382,20.77094,21.045359,21.744047,21.041967,21.819525,18.338953,18.073847,18.665916,18.572336,21.032291,21.534052,21.038954,21.762283,18.326654,18.081963,4.0,0.0,0.0,0.0,0.0,0.0,0.0,0.0
42175,2023.0,10.0,20.0,21.0,21.04967,21.812128,20.068203,20.644938,21.076874,21.784866,21.082685,21.875032,18.185802,17.910957,18.516916,18.407461,21.045195,21.570988,21.078176,21.827312,18.148281,17.89714,0.0,0.0,0.0,0.0,0.0,0.0,0.0,0.0
42176,2023.0,10.0,20.0,21.0,21.021566,21.757465,19.244743,19.030468,20.9955,21.61344,21.023638,21.765633,19.040796,19.634636,18.777157,18.971226,21.020823,21.529734,21.143963,21.910301,18.194843,18.110064,0.0,4.0,0.0,4.0,4.0,0.0,4.0,0.0
42177,2023.0,10.0,20.0,21.0,21.02545,21.767393,19.428467,19.669407,21.046104,21.722376,21.031694,21.786148,20.135061,21.3131,20.174503,21.33192,21.023733,21.54123,21.027836,21.717985,18.163433,18.081802,4.0,0.0,0.0,0.0,4.0,0.0,0.0,0.0
42178,2023.0,10.0,20.0,21.0,20.997421,21.690702,20.079594,20.766275,21.037592,21.691822,21.03062,21.785046,19.46974,19.809088,20.027052,20.91168,21.094812,21.654428,21.041,21.740322,19.01147,19.745018,0.0,0.0,0.0,4.0,0.0,4.0,0.0,4.0
42179,2023.0,10.0,20.0,21.0,21.042116,21.783772,19.445646,19.481958,21.03857,21.68126,21.030582,21.783731,20.138248,21.140709,18.95577,18.747204,21.02695,21.529295,21.03912,21.729506,20.147036,21.489613,0.0,0.0,0.0,0.0,0.0,0.0,0.0,0.0
42180,2023.0,10.0,20.0,22.0,21.034176,21.751371,19.052832,18.951519,21.02621,21.670502,21.030447,21.78119,18.990349,18.803455,18.376884,18.03703,21.03407,21.532291,21.039284,21.72256,18.765982,18.629951,0.0,0.0,0.0,0.0,0.0,0.0,0.0,0.0
42181,2023.0,10.0,20.0,22.0,21.03492,21.738909,18.915388,18.787724,21.02773,21.68113,21.030432,21.779045,18.420439,18.11631,18.74965,18.911991,21.002028,21.439642,21.150522,21.908518,18.142515,17.880688,0.0,0.0,0.0,0.0,4.0,4.0,4.0,0.0
42182,2023.0,10.0,20.0,22.0,21.023867,21.728426,18.834549,18.706131,21.02758,21.68522,21.030575,21.77738,18.44991,18.336674,20.189585,21.33889,21.038263,21.531767,21.025879,21.69024,18.997189,19.658796,0.0,0.0,0.0,0.0,0.0,0.0,0.0,4.0
42183,2023.0,10.0,20.0,22.0,21.024744,21.738096,18.766739,18.637068,21.027534,21.687492,21.030281,21.77382,18.428677,18.32605,19.184553,19.247099,21.032555,21.512602,21.04119,21.717993,20.141247,21.427603,0.0,0.0,0.0,0.0,0.0,0.0,0.0,0.0
42184,2023.0,10.0,20.0,22.0,21.024834,21.74324,19.141527,19.388529,21.02756,21.68864,21.030188,21.770386,18.357252,18.255407,18.64374,18.540401,21.033072,21.506304,21.038738,21.707453,18.787878,18.637463,4.0,0.0,0.0,0.0,0.0,0.0,0.0,0.0
42185,2023.0,10.0,20.0,22.0,21.025064,21.74655,20.123417,21.047228,21.027586,21.688988,21.030102,21.76763,18.291788,18.188723,18.49334,18.373075,21.021992,21.499912,21.038881,21.702084,18.17452,17.906916,0.0,0.0,0.0,0.0,0.0,0.0,0.0,0.0
42186,2023.0,10.0,20.0,23.0,21.025076,21.748508,19.330936,19.387667,21.027523,21.68866,21.030268,21.766079,18.2355,18.132917,18.39766,18.278484,21.023172,21.511883,21.028566,21.696968,19.027573,19.686514,0.0,0.0,0.0,0.0,0.0,0.0,0.0,4.0
42187,2023.0,10.0,20.0,23.0,20.384428,20.518625,18.88554,18.783787,20.322289,20.332726,20.255943,20.275904,18.186464,18.085028,18.319838,18.201738,20.407381,20.333096,20.24019,20.189352,18.393503,18.18057,0.0,0.0,0.0,0.0,0.0,0.0,0.0,0.0
42188,2023.0,10.0,20.0,23.0,20.101776,20.137983,18.774668,18.644733,19.976372,19.840721,19.8884,19.762846,18.744225,19.167612,18.260195,18.139942,20.181362,20.052597,19.93945,19.82207,18.099016,17.826263,0.0,0.0,0.0,4.0,0.0,0.0,0.0,0.0
42189,2023.0,10.0,20.0,23.0,19.972776,20.006197,18.711985,18.580833,19.825571,19.681017,19.727179,19.594408,18.31972,18.236399,18.205645,18.085636,20.0676,19.934126,19.787418,19.67324,17.986492,17.71933,0.0,0.0,0.0,0.0,0.0,0.0,0.0,0.0
42190,2023.0,10.0,20.0,23.0,19.872492,19.906387,19.120653,19.395674,19.712622,19.568302,19.604765,19.472773,18.779041,19.202059,18.155806,18.035852,19.9725,19.838734,19.65976,19.544264,18.063906,17.969196,4.0,0.0,0.0,4.0,0.0,0.0,0.0,0.0
42191,2023.0,10.0,20.0,23.0,19.7886,19.824375,18.840464,18.809086,19.618341,19.47658,19.502712,19.373764,18.170828,17.91739,18.404337,18.540417,19.891018,19.758358,19.551605,19.437748,18.03854,17.947329,0.0,0.0,0.0,0.0,4.0,0.0,0.0,0.0
42192,2023.0,10.0,21.0,0.0,19.711704,19.745932,18.66044,18.536116,19.531736,19.388863,19.409294,19.279257,17.94862,17.655634,18.173462,18.05087,19.815662,19.68118,19.452606,19.336721,17.99058,17.898167,0.0,0.0,0.0,0.0,0.0,0.0,0.0,0.0
42193,2023.0,10.0,21.0,0.0,19.64223,19.674925,18.592926,18.459278,19.452972,19.308195,19.324734,19.192583,17.870588,17.579967,18.080685,17.958546,19.74802,19.612005,19.364336,19.246927,17.946007,17.852654,0.0,0.0,0.0,0.0,0.0,0.0,0.0,0.0
42194,2023.0,10.0,21.0,0.0,19.583061,19.618713,18.547586,18.417206,19.387571,19.247326,19.254763,19.127365,17.996904,17.900806,18.038797,17.918459,19.689823,19.55551,19.287983,19.172495,17.906107,17.813713,0.0,0.0,0.0,0.0,0.0,0.0,0.0,0.0
42195,2023.0,10.0,21.0,0.0,19.526173,19.562143,18.504728,18.373922,19.32373,19.18371,19.186617,19.05934,17.987709,17.883833,17.99751,17.8768,19.63503,19.500433,19.216845,19.101202,17.868002,17.775404,0.0,0.0,0.0,0.0,0.0,0.0,0.0,0.0
42196,2023.0,10.0,21.0,0.0,19.476862,19.516327,18.46957,18.342438,19.26968,19.134838,19.129087,19.007204,17.962181,17.859472,18.27362,18.42736,19.58718,19.45477,19.154348,19.041162,17.833963,17.742706,0.0,0.0,0.0,0.0,4.0,0.0,0.0,0.0
42197,2023.0,10.0,21.0,0.0,19.42902,19.469666,18.43492,18.30887,19.2167,19.083805,19.072886,18.952906,17.936516,17.834105,18.036413,17.91867,19.541632,19.409725,19.095358,18.982788,17.801216,17.710247,0.0,0.0,0.0,0.0,0.0,0.0,0.0,0.0
42198,2023.0,10.0,21.0,1.0,19.385471,19.428305,18.403622,18.279484,19.168648,19.03896,19.022182,18.905382,17.911894,17.810438,17.95235,17.834536,19.500439,19.37002,19.042074,18.931307,18.50405,19.061277,0.0,0.0,0.0,0.0,0.0,0.0,0.0,4.0
42199,2023.0,10.0,21.0,1.0,19.342768,19.38583,18.372545,18.24872,19.121637,18.992977,18.972874,18.856903,17.88717,17.785633,18.213566,18.355701,19.460638,19.33019,18.990904,18.880138,18.005154,17.955084,0.0,0.0,0.0,0.0,4.0,0.0,0.0,0.0
42200,2023.0,10.0,21.0,1.0,19.301758,19.344341,18.342379,18.218267,19.076593,18.94816,18.926006,18.809954,17.86279,17.760843,17.98788,17.87223,19.42273,19.291784,18.94243,18.83112,17.693653,17.451208,0.0,0.0,0.0,0.0,0.0,0.0,0.0,0.0
42201,2023.0,10.0,21.0,1.0,19.264582,19.30836,18.315027,18.191906,19.03582,18.90945,18.883797,18.769592,18.426722,18.84142,18.201056,18.342518,19.38816,19.258068,18.898329,18.78808,17.593494,17.345356,0.0,0.0,0.0,4.0,4.0,0.0,0.0,0.0
42202,2023.0,10.0,21.0,1.0,19.226028,19.267004,18.285856,18.160635,18.993183,18.864914,18.839607,18.723213,18.689217,19.1955,18.320787,18.508745,19.352875,19.221264,18.853886,18.742027,17.698553,17.622166,0.0,0.0,0.0,4.0,4.0,0.0,0.0,0.0
42203,2023.0,10.0,21.0,1.0,19.194338,19.237259,18.262836,18.140173,18.958488,18.834328,18.803741,18.691433,17.96626,17.73084,17.835663,17.552546,19.32249,19.192875,18.815338,18.705746,17.679247,17.589354,0.0,0.0,0.0,0.0,0.0,0.0,0.0,0.0
42204,2023.0,10.0,21.0,2.0,19.162027,19.204655,18.23836,18.115746,18.922333,18.799074,18.766483,18.654902,17.736519,17.448988,17.633284,17.303366,19.291487,19.162014,18.776512,18.667124,18.385279,18.942577,0.0,0.0,0.0,0.0,0.0,0.0,0.0,4.0
42205,2023.0,10.0,21.0,2.0,19.131994,19.17576,18.215937,18.09532,18.889233,18.768425,18.73239,18.623087,17.662756,17.381224,18.068827,18.21449,19.262817,19.134771,18.74038,18.63235,17.735786,17.53405,0.0,0.0,0.0,0.0,4.0,0.0,0.0,0.0
42206,2023.0,10.0,21.0,2.0,19.101795,19.14552,18.19361,18.074438,18.856674,18.737104,18.698982,18.590666,17.786106,17.69222,18.23458,18.426626,19.234695,19.107204,18.705002,18.59725,17.527157,17.280193,0.0,0.0,0.0,0.0,4.0,0.0,0.0,0.0
42207,2023.0,10.0,21.0,2.0,19.075176,19.121365,18.174482,18.058598,18.82847,18.71289,18.670181,18.565693,17.783203,17.68548,17.752365,17.472876,19.209883,19.084944,18.67369,18.568558,18.222143,18.652739,0.0,0.0,0.0,0.0,0.0,0.0,0.0,4.0
42208,2023.0,10.0,21.0,2.0,19.047901,19.095112,18.154974,18.041193,18.799677,18.686491,18.640884,18.538563,17.761068,17.664467,17.566616,17.252483,19.185001,19.061493,18.642368,18.538528,17.674452,17.46334,0.0,0.0,0.0,0.0,0.0,0.0,0.0,0.0
42209,2023.0,10.0,21.0,2.0,19.020817,19.068193,18.135109,18.022858,18.77104,18.659224,18.611773,18.510601,17.739044,17.643126,17.699928,17.590292,19.160622,19.037937,18.611752,18.5085,17.49861,17.261011,0.0,0.0,0.0,0.0,0.0,0.0,0.0,0.0
42210,2023.0,10.0,21.0,3.0,18.995434,19.043804,18.115555,18.005066,18.743649,18.633492,18.5837,18.484104,17.717806,17.622976,17.702206,17.593014,19.137676,19.016241,18.582949,18.480833,17.438591,17.206707,0.0,0.0,0.0,0.0,0.0,0.0,0.0,0.0
42211,2023.0,10.0,21.0,3.0,18.970015,19.018536,18.095722,17.986269,18.716621,18.607637,18.555868,18.457466,17.696934,17.60265,17.678066,17.569525,19.115034,18.99425,18.554789,18.453325,17.548635,17.481375,0.0,0.0,0.0,0.0,0.0,0.0,0.0,0.0
42212,2023.0,10.0,21.0,3.0,18.945948,18.995548,18.550362,18.858267,18.691793,18.58563,18.53025,18.434765,17.677519,17.58467,17.958967,18.117197,19.093845,18.974619,18.528366,18.42852,17.533012,17.450403,4.0,0.0,0.0,0.0,4.0,0.0,0.0,0.0
42213,2023.0,10.0,21.0,3.0,18.920921,18.970247,18.259666,18.217657,18.665482,18.560022,18.503191,18.408398,17.65769,17.56516,17.742071,17.642694,19.072086,18.953266,18.501451,18.401968,17.510948,17.428099,0.0,0.0,0.0,0.0,0.0,0.0,0.0,0.0
42214,2023.0,10.0,21.0,3.0,18.896,18.944687,18.125383,18.01634,18.63869,18.532892,18.475807,18.38058,17.638117,17.54551,17.66489,17.557814,19.050404,18.931564,18.474768,18.375235,17.489647,17.406685,0.0,0.0,0.0,0.0,0.0,0.0,0.0,0.0
42215,2023.0,10.0,21.0,3.0,18.881168,18.938723,18.089264,17.980873,18.613829,18.50898,18.450438,18.356112,17.619713,17.527662,17.635983,17.529701,19.02982,18.911621,18.449427,18.350525,17.469086,17.386625,0.0,0.0,0.0,0.0,0.0,0.0,0.0,0.0
42216,2023.0,10.0,21.0,4.0,18.868584,18.935133,18.535114,18.845083,18.590813,18.488491,18.426954,18.33516,17.60235,17.511635,17.91374,18.07457,19.010315,18.893583,18.42535,18.327951,17.449665,17.368458,4.0,0.0,0.0,0.0,4.0,0.0,0.0,0.0
42217,2023.0,10.0,21.0,4.0,18.848524,18.915125,18.23785,18.197056,18.565893,18.463663,18.401596,18.309847,17.584063,17.493305,17.694965,17.597897,18.989681,18.872913,18.40029,18.302874,17.429441,17.348166,0.0,0.0,0.0,0.0,0.0,0.0,0.0,0.0
42218,2023.0,10.0,21.0,4.0,18.827168,18.893328,18.105833,18.004642,18.541517,18.439604,18.37691,18.285402,17.566322,17.475695,17.928995,18.097284,18.969473,18.852854,18.375818,18.278606,17.409824,17.328663,0.0,0.0,0.0,0.0,4.0,0.0,0.0,0.0
42219,2023.0,10.0,21.0,4.0,18.80608,18.87217,18.061665,17.956419,18.517982,18.41689,18.353138,18.262383,18.13661,18.563143,17.711357,17.628126,18.9499,18.833796,18.352184,18.255583,17.391022,17.310308,0.0,0.0,0.0,4.0,0.0,0.0,0.0,0.0
42220,2023.0,10.0,21.0,4.0,18.784897,18.850613,18.028856,17.9234,18.494339,18.393658,18.329348,18.238909,18.391066,18.898195,17.911125,18.0632,18.930323,18.814478,18.328672,18.232399,18.106085,18.673477,0.0,0.0,0.0,4.0,4.0,0.0,0.0,4.0
42221,2023.0,10.0,21.0,4.0,18.764307,18.829556,18.000946,17.895266,18.470867,18.370409,18.305918,18.215544,17.708517,17.508312,17.530855,17.272192,18.910913,18.795218,18.305471,18.209394,17.629442,17.605888,0.0,0.0,0.0,0.0,0.0,0.0,0.0,0.0
42222,2023.0,10.0,21.0,5.0,18.743135,18.80698,17.974112,17.867006,18.446526,18.345116,18.281874,18.19032,17.48611,17.226805,17.357492,17.061588,18.891024,18.774733,18.281858,18.185173,17.330614,17.11097,0.0,0.0,0.0,0.0,0.0,0.0,0.0,0.0
42223,2023.0,10.0,21.0,5.0,18.723488,18.787645,17.951029,17.845211,18.424511,18.324236,18.260027,18.16948,18.02644,18.307606,17.471403,17.35169,18.872696,18.757135,18.260067,18.16422,17.249771,17.030378,0.0,0.0,0.0,4.0,0.0,0.0,0.0,0.0
42224,2023.0,10.0,21.0,5.0,18.70283,18.766432,17.927448,17.82186,18.401682,18.301523,18.23708,18.14667,17.586275,17.359093,17.491268,17.387575,18.853895,18.738422,18.237873,18.142176,17.332972,17.251877,0.0,0.0,0.0,0.0,0.0,0.0,0.0,0.0
42225,2023.0,10.0,21.0,5.0,18.681917,18.744488,17.904123,17.798183,18.378548,18.277992,18.213678,18.122929,17.421766,17.165195,17.781513,17.950354,18.834871,18.719141,18.215544,18.119616,17.332127,17.251497,0.0,0.0,0.0,0.0,4.0,0.0,0.0,0.0
42226,2023.0,10.0,21.0,5.0,18.66196,18.72453,17.882828,17.777676,18.356789,18.256977,18.191729,18.101742,18.145922,18.603146,17.898743,18.097698,18.816732,18.701534,18.194286,18.098995,17.312538,17.23218,0.0,0.0,0.0,4.0,4.0,0.0,0.0,0.0
42227,2023.0,10.0,21.0,5.0,18.641294,18.703133,17.861643,17.756279,18.334469,18.234587,18.169405,18.079279,17.769464,17.728104,17.622519,17.545523,18.79811,18.682886,18.172598,18.077326,17.293158,17.212719,0.0,0.0,0.0,0.0,0.0,0.0,0.0,0.0
42228,2023.0,10.0,21.0,6.0,18.62036,18.680798,17.84037,17.733892,18.311544,18.210764,18.146599,18.055481,17.46453,17.218971,17.518005,17.413475,18.77903,18.663263,18.150537,18.054747,17.273403,17.192425,0.0,0.0,0.0,0.0,0.0,0.0,0.0,0.0
42229,2023.0,10.0,21.0,6.0,21.287994,23.383556,18.270697,18.556042,21.268068,23.472229,21.273693,23.617323,17.985807,18.276123,17.77596,17.926321,21.285357,22.995,21.478477,23.789675,17.255753,17.175907,4.0,0.0,0.0,4.0,4.0,4.0,0.0,0.0
42230,2023.0,10.0,21.0,6.0,21.17264,22.889778,20.24388,21.914703,21.16403,22.936169,21.155474,23.031713,20.290888,22.177603,20.284431,22.24559,21.126991,22.571848,21.176296,23.00749,17.237694,17.15833,0.0,0.0,0.0,0.0,0.0,0.0,0.0,0.0
42231,2023.0,10.0,21.0,6.0,21.04394,22.458353,19.317837,19.815145,21.048449,22.495146,21.051842,22.602356,18.575062,18.531052,19.095097,19.570295,21.05187,22.235483,21.051313,22.550795,17.991514,18.595455,4.0,0.0,0.0,0.0,4.0,0.0,0.0,4.0
42232,2023.0,10.0,21.0,6.0,21.206295,22.67066,20.190014,21.516352,21.199265,22.661219,21.19269,22.739706,18.569141,19.019619,20.220823,21.75512,21.132412,22.266542,21.225037,22.759054,20.309536,22.453531,0.0,0.0,0.0,4.0,4.0,0.0,0.0,0.0
42233,2023.0,10.0,21.0,6.0,21.010645,22.176313,18.856625,18.75408,21.041166,22.245993,21.043932,22.336634,20.20344,21.768093,20.029987,21.197718,21.03332,21.993605,21.042662,22.28942,18.370548,18.333855,0.0,0.0,0.0,0.0,0.0,0.0,0.0,0.0
42234,2023.0,10.0,21.0,7.0,21.042126,22.209217,18.342514,18.218796,21.040504,22.176855,21.04324,22.262388,18.685186,18.59958,19.049446,19.164108,21.033722,21.93983,21.002604,22.110151,17.578424,17.361416,0.0,0.0,0.0,0.0,4.0,0.0,4.0,0.0
42235,2023.0,10.0,21.0,7.0,21.047205,22.153557,18.273102,18.164139,21.039606,22.124046,21.042404,22.206505,18.688898,19.064304,20.214542,21.435738,21.032804,21.89659,21.059235,22.185658,17.56714,17.487213,0.0,0.0,0.0,4.0,4.0,0.0,0.0,0.0
42236,2023.0,10.0,21.0,7.0,21.04535,22.100311,18.193619,18.083145,21.038767,22.083033,21.016306,22.093172,20.201265,21.628937,20.028913,20.992538,21.002214,21.785233,21.0088,22.003143,17.541595,17.463932,0.0,0.0,4.0,0.0,0.0,4.0,4.0,0.0
42237,2023.0,10.0,21.0,7.0,21.033136,22.0605,18.568863,18.84128,21.038185,22.050613,21.04612,22.146036,18.763144,18.655624,18.884132,18.723255,21.047895,21.857302,21.056747,22.092281,17.488724,17.412142,4.0,0.0,0.0,0.0,0.0,0.0,0.0,0.0
42238,2023.0,10.0,21.0,7.0,21.264183,22.50771,20.205023,21.644375,21.25668,22.462503,21.265064,22.513817,18.795746,19.16916,18.821323,19.039955,21.166935,22.05995,21.259008,22.462221,17.44384,17.367985,0.0,0.0,4.0,4.0,4.0,0.0,0.0,0.0
42239,2023.0,10.0,21.0,7.0,21.005787,21.952127,19.396645,19.837318,21.010878,21.925028,21.055357,22.075048,20.154297,21.43691,20.154953,21.340752,21.009922,21.6956,21.006908,21.89511,17.404121,17.328201,4.0,4.0,0.0,4.0,4.0,4.0,4.0,0.0
42240,2023.0,10.0,21.0,8.0,21.02358,21.961218,20.153263,21.310257,21.042131,21.998299,21.049616,22.035208,20.005405,21.012774,20.034048,20.992823,21.045385,21.7723,21.055248,22.007072,17.369352,17.293657,4.0,0.0,0.0,4.0,0.0,0.0,0.0,0.0
42241,2023.0,10.0,21.0,8.0,19.937372,19.887625,20.03149,20.965929,19.876476,19.725048,20.338177,20.617004,20.052752,21.041502,18.896433,18.726982,20.021084,19.783329,20.68279,21.228722,18.198399,18.879795,0.0,0.0,4.0,0.0,0.0,0.0,4.0,4.0
42242,2023.0,10.0,21.0,8.0,19.361622,19.177578,19.304644,19.468332,19.815536,19.9995,19.446703,19.208893,18.895554,18.746023,18.260979,17.94094,19.525846,19.191025,19.65136,19.427107,20.260021,22.245848,4.0,4.0,0.0,0.0,0.0,0.0,0.0,0.0
42243,2023.0,10.0,21.0,8.0,19.15295,18.95525,20.131401,21.145634,19.879618,20.116407,19.00322,18.65844,18.980791,19.309048,18.634247,18.839643,20.310268,20.857924,19.164684,18.874622,18.463673,18.451584,4.0,4.0,0.0,4.0,4.0,4.0,0.0,0.0
42244,2023.0,10.0,21.0,8.0,19.935633,20.57588,20.013567,20.82222,19.23534,18.962805,18.794327,18.44105,20.254705,21.514587,20.184992,21.453068,19.665546,19.42002,19.934525,20.50995,18.50117,19.017801,4.0,0.0,0.0,0.0,4.0,0.0,4.0,4.0
42245,2023.0,10.0,21.0,8.0,19.410772,19.371752,20.028185,20.794388,18.874926,18.519522,18.844812,18.690374,19.500383,19.881708,20.031075,21.028303,19.268112,18.953121,19.28523,19.079887,20.189028,21.824577,4.0,0.0,0.0,4.0,0.0,0.0,0.0,4.0
42246,2023.0,10.0,21.0,9.0,19.674631,20.109852,20.025434,20.74951,18.726383,18.370272,19.502832,19.977072,20.139755,21.190918,18.888432,18.731821,19.140776,18.82713,18.864206,18.597506,20.03696,21.374283,4.0,0.0,4.0,0.0,0.0,0.0,0.0,0.0
42247,2023.0,10.0,21.0,9.0,19.233725,19.177893,20.043182,20.771444,18.80472,18.64283,19.736647,20.257942,18.967018,18.834211,18.258041,17.945345,19.223671,19.090998,18.712437,18.448376,18.649845,18.574274,0.0,0.0,4.0,0.0,0.0,0.0,0.0,0.0
42248,2023.0,10.0,21.0,9.0,18.906292,18.756878,19.112755,18.96321,19.491709,19.96626,18.994898,18.827019,18.370312,18.108622,18.615963,18.79793,19.231764,19.121958,18.605373,18.349167,17.99572,17.779646,0.0,4.0,0.0,0.0,4.0,0.0,0.0,0.0
42249,2023.0,10.0,21.0,9.0,18.80812,18.653585,18.671959,18.320168,18.928532,18.778349,18.659683,18.350218,18.362785,18.242792,20.197983,21.534903,19.910532,20.439644,18.671646,18.563404,17.836882,17.612478,0.0,0.0,0.0,0.0,0.0,4.0,0.0,0.0
42250,2023.0,10.0,21.0,9.0,18.907242,18.93514,18.642263,18.48178,18.53647,18.244425,18.510012,18.199883,18.319632,18.227795,19.113537,19.241879,19.336487,19.133736,19.696257,20.524004,17.837908,17.743692,0.0,0.0,0.0,0.0,0.0,0.0,4.0,0.0
42251,2023.0,10.0,21.0,9.0,18.92279,18.986069,18.611565,18.495852,18.435953,18.128855,19.078735,19.344225,18.252907,18.1654,18.642136,18.541243,19.086206,18.796135,18.88015,18.74182,17.809036,17.735315,0.0,0.0,4.0,0.0,0.0,0.0,0.0,0.0
42252,2023.0,10.0,21.0,10.0,18.892702,18.960522,18.98252,19.262417,18.54537,18.412859,19.238884,19.564545,18.187958,18.103333,18.508015,18.39962,19.770475,20.165491,18.579521,18.342253,17.754972,17.685223,4.0,0.0,4.0,0.0,0.0,4.0,0.0,0.0
42253,2023.0,10.0,21.0,10.0,18.85804,18.925337,20.154104,21.30787,18.561481,18.463713,19.268032,19.593943,18.132238,18.050014,18.409407,18.30181,19.22909,19.018614,19.498495,20.159428,17.7075,17.64047,0.0,0.0,4.0,0.0,0.0,0.0,4.0,0.0
42254,2023.0,10.0,21.0,10.0,18.831512,18.911982,19.224604,19.364576,19.218897,19.72741,19.29235,19.620682,18.076153,17.997334,18.320414,18.218925,18.964893,18.698053,19.815943,20.467993,17.658764,17.594545,0.0,4.0,4.0,0.0,0.0,0.0,4.0,0.0
42255,2023.0,10.0,21.0,10.0,19.540325,20.271778,18.791864,18.711552,18.836843,18.875349,18.735968,18.575335,18.035429,17.957628,18.260025,18.160418,18.904787,18.635843,18.97244,18.817863,17.623875,17.560612,0.0,0.0,0.0,0.0,0.0,0.0,0.0,0.0
42256,2023.0,10.0,21.0,10.0,19.71806,20.448149,19.092407,19.380007,18.458174,18.218882,18.480598,18.2158,18.732695,19.30611,18.578749,18.808578,19.01535,18.899864,19.690372,20.341846,17.592775,17.531086,4.0,0.0,0.0,4.0,4.0,0.0,4.0,0.0
42257,2023.0,10.0,21.0,10.0,19.585592,20.10949,20.137373,21.222746,18.33499,18.06731,18.377745,18.111526,20.237722,21.846527,20.189396,21.57559,19.830248,20.44681,19.886402,20.549547,18.491476,19.253716,0.0,0.0,0.0,0.0,4.0,4.0,4.0,4.0
42258,2023.0,10.0,21.0,11.0,19.580824,20.102757,19.060284,19.00436,18.416687,18.302076,18.299444,18.04102,18.785706,18.766815,20.02442,21.06363,19.261229,19.107523,19.055193,18.92286,20.214655,22.0278,0.0,0.0,0.0,0.0,0.0,0.0,0.0,0.0
42259,2023.0,10.0,21.0,11.0,19.616566,20.139235,18.445087,18.181879,19.125086,19.63929,18.380503,18.272652,18.133722,17.93095,19.259634,19.442713,19.673246,20.086708,18.666346,18.448856,18.602667,18.630182,0.0,4.0,0.0,0.0,4.0,4.0,0.0,0.0
42260,2023.0,10.0,21.0,11.0,19.039223,19.041721,18.458874,18.329592,19.166513,19.550941,18.398413,18.323725,18.130812,18.032305,20.18615,21.137331,19.153671,18.978836,18.559864,18.336264,18.063948,17.866304,0.0,4.0,0.0,0.0,0.0,0.0,0.0,0.0
42261,2023.0,10.0,21.0,11.0,18.742897,18.668415,18.888008,19.178568,19.156767,19.52087,19.058018,19.58777,18.114614,18.036104,19.100552,19.00942,18.894707,18.652922,18.48288,18.26541,17.993229,17.904215,4.0,4.0,4.0,0.0,0.0,0.0,0.0,0.0
42262,2023.0,10.0,21.0,11.0,19.36198,19.899523,20.144674,21.338718,19.193476,19.558489,18.671492,18.720907,18.818954,19.403934,18.794638,18.669014,18.841793,18.596273,18.427397,18.214758,17.93624,17.862183,4.0,4.0,0.0,4.0,0.0,0.0,0.0,0.0
42263,2023.0,10.0,21.0,11.0,18.945745,18.946844,20.026436,20.969566,18.662159,18.540281,18.904613,19.274942,20.173086,21.59261,18.692322,18.583944,18.941433,18.836557,19.537712,20.379354,17.862726,17.793526,0.0,0.0,4.0,0.0,0.0,0.0,4.0,0.0
42264,2023.0,10.0,21.0,12.0,18.670506,18.608843,19.060114,19.020168,18.360847,18.13968,18.496614,18.38973,18.865393,18.852774,18.582102,18.48116,18.978537,18.895838,18.906607,18.818811,17.798012,17.73184,0.0,0.0,0.0,0.0,0.0,0.0,0.0,0.0
42265,2023.0,10.0,21.0,12.0,21.2809,23.287542,18.595486,18.329695,21.28788,23.381025,21.28465,23.383108,18.375694,18.148445,18.503954,18.404276,21.25948,22.889868,21.372282,23.223795,17.749561,17.683386,0.0,0.0,4.0,0.0,0.0,4.0,0.0,0.0
42266,2023.0,10.0,21.0,12.0,20.97417,22.414715,19.030487,19.320318,20.985924,22.461243,21.01925,22.594147,18.336996,18.2399,18.422789,18.326385,21.026901,22.292238,21.012892,22.389513,17.702206,17.638123,4.0,4.0,0.0,0.0,0.0,0.0,0.0,0.0
42267,2023.0,10.0,21.0,12.0,21.057579,22.435131,20.140162,21.218246,21.036177,22.377806,21.032534,22.416956,19.073112,19.691168,18.35041,18.256306,21.044493,22.159407,21.05198,22.318344,17.663431,17.602057,0.0,4.0,4.0,4.0,0.0,0.0,0.0,0.0
42268,2023.0,10.0,21.0,12.0,21.017029,22.22249,19.599758,20.030022,21.054127,22.313524,21.056658,22.364658,20.139044,21.382149,18.289314,18.19918,21.040377,22.030066,21.036934,22.19825,17.631453,17.572306,4.0,0.0,0.0,0.0,0.0,0.0,0.0,0.0
42269,2023.0,10.0,21.0,12.0,21.05,22.234352,20.118685,21.067188,21.023668,22.144144,21.025656,22.19478,18.929811,18.880337,18.630814,18.891842,21.030449,21.939947,21.038097,22.133253,17.605515,17.549221,0.0,4.0,4.0,0.0,4.0,0.0,0.0,0.0
42270,2023.0,10.0,21.0,13.0,21.042913,22.161655,19.124289,19.059286,21.053345,22.162262,21.055391,22.213469,19.052206,19.47707,20.192236,21.546843,21.03044,21.886375,21.03693,22.080479,18.579498,19.418602,0.0,0.0,0.0,4.0,0.0,0.0,0.0,4.0
42271,2023.0,10.0,21.0,13.0,21.04253,22.115404,18.553728,18.310001,21.046534,22.097876,21.048384,22.148327,20.144331,21.297443,19.135324,19.288782,21.029497,21.843876,21.036377,22.04096,20.195902,21.969746,0.0,0.0,0.0,0.0,0.0,0.0,0.0,0.0
42272,2023.0,10.0,21.0,13.0,21.032295,22.078182,18.530289,18.417652,21.020853,21.986427,21.048004,22.106081,19.594168,20.051155,18.548018,18.488623,21.028925,21.811348,21.035631,22.009562,18.61391,18.630383,0.0,4.0,0.0,4.0,0.0,0.0,0.0,0.0
42273,2023.0,10.0,21.0,13.0,21.005857,21.98937,18.509865,18.431404,21.025097,21.969114,21.011312,22.000782,20.12308,21.122082,18.79364,19.05371,21.028212,21.784967,20.994474,21.876032,17.914694,17.750397,0.0,4.0,4.0,0.0,4.0,0.0,4.0,0.0
42274,2023.0,10.0,21.0,13.0,21.04716,22.066488,18.4463,18.37281,21.049656,22.018282,21.053408,22.078161,19.055275,18.964417,20.176546,21.42657,20.997572,21.684998,21.05087,21.990557,17.871658,17.806393,0.0,0.0,0.0,0.0,0.0,4.0,0.0,0.0
42275,2023.0,10.0,21.0,13.0,21.039476,22.026438,18.83533,19.154732,21.043737,21.983421,21.019892,21.96697,19.234253,19.65322,19.488798,19.89254,21.041216,21.765554,21.040636,21.942924,17.842176,17.786032,4.0,0.0,4.0,4.0,4.0,0.0,0.0,0.0
42276,2023.0,10.0,21.0,14.0,21.039766,22.0057,20.149002,21.370834,21.018024,21.891602,21.051151,22.03387,20.089563,21.03752,20.14342,21.183704,21.034016,21.723671,21.041039,21.919487,17.793161,17.738966,4.0,4.0,0.0,4.0,0.0,0.0,0.0,0.0
42277,2023.0,10.0,21.0,14.0,20.226099,20.438515,20.007889,20.939375,20.471363,20.832771,19.931265,19.865438,20.032248,20.868269,19.089521,19.020323,20.14334,19.986835,19.985077,19.86778,17.753637,17.702684,4.0,4.0,0.0,0.0,0.0,0.0,0.0,0.0
42278,2023.0,10.0,21.0,14.0,20.481081,21.216896,20.024616,20.874844,20.204607,20.52896,19.279886,19.033533,19.687143,20.105844,18.50524,18.260094,19.862982,19.758898,19.58088,19.490211,17.717678,17.667305,4.0,4.0,0.0,4.0,0.0,0.0,0.0,0.0
42279,2023.0,10.0,21.0,14.0,19.773813,19.767984,20.021807,20.80297,20.117668,20.447718,19.901758,20.415075,20.094362,20.932213,18.884352,19.128536,19.78194,19.689392,19.440584,19.356144,17.686066,17.636475,4.0,4.0,4.0,0.0,4.0,0.0,0.0,0.0
42280,2023.0,10.0,21.0,14.0,20.032097,20.53652,20.039474,20.805662,19.499443,19.357513,19.358671,19.241158,19.755722,20.179384,20.155424,21.27511,20.471323,21.080639,19.317522,19.236134,17.658514,17.609316,0.0,0.0,0.0,4.0,0.0,4.0,0.0,0.0
42281,2023.0,10.0,21.0,14.0,19.560802,19.566368,19.516573,19.739098,19.748562,20.04981,18.934607,18.705606,20.052816,20.782135,19.243824,19.359976,20.509163,20.947676,19.21248,19.13355,17.633736,17.584904,4.0,4.0,0.0,4.0,0.0,4.0,0.0,0.0
42282,2023.0,10.0,21.0,15.0,19.921719,20.456312,20.107859,20.930437,19.871809,20.218792,18.769896,18.527277,20.033682,20.736773,18.726841,18.65707,20.481503,20.911386,19.121395,19.043274,17.610977,17.561985,4.0,4.0,0.0,0.0,0.0,4.0,0.0,0.0
42283,2023.0,10.0,21.0,15.0,19.438192,19.434996,20.027287,20.740267,19.29004,19.151133,19.500685,20.016848,19.165209,19.036728,18.580553,18.491335,19.8026,19.618408,19.042257,18.964222,17.588387,17.537374,0.0,0.0,4.0,0.0,0.0,0.0,0.0,0.0
42284,2023.0,10.0,21.0,15.0,19.1063,19.011055,19.181011,19.084913,19.571045,19.875978,19.025702,18.917091,18.700178,18.468704,18.491371,18.401436,19.472506,19.210182,18.966894,18.889036,17.563358,17.511236,0.0,4.0,0.0,0.0,0.0,0.0,0.0,0.0
42285,2023.0,10.0,21.0,15.0,19.702017,20.212053,19.184732,19.263273,19.66707,20.006504,18.71032,18.458443,18.53617,18.291992,18.796389,19.041767,19.351627,19.080502,18.89885,18.822863,17.533728,17.483246,4.0,4.0,0.0,0.0,4.0,0.0,0.0,0.0
42286,2023.0,10.0,21.0,15.0,19.211624,19.200794,20.122871,20.9951,19.664488,19.995457,19.237751,19.54321,19.287838,19.835926,20.16334,21.400974,20.01109,20.412115,19.86714,20.713724,17.50381,17.455162,0.0,4.0,4.0,4.0,4.0,4.0,4.0,0.0
42287,2023.0,10.0,21.0,15.0,19.600172,20.10167,19.164646,19.056137,19.657274,19.981277,19.418192,19.755867,20.072535,21.014542,20.026672,20.983944,19.517326,19.31026,19.130909,19.004221,17.472546,17.42476,0.0,4.0,4.0,4.0,0.0,0.0,0.0,0.0
42288,2023.0,10.0,21.0,16.0,19.173092,19.156736,18.792328,18.687992,19.645731,19.962831,18.860281,18.707975,20.036394,20.88369,18.978184,18.865679,19.952343,20.344826,18.698492,18.486769,17.439106,17.385698,0.0,4.0,0.0,0.0,0.0,4.0,0.0,0.0
42289,2023.0,10.0,21.0,16.0,18.861399,18.746172,18.705214,18.607439,19.629133,19.936451,18.522385,18.255903,19.032991,18.891043,18.390701,18.118471,19.448849,19.233355,18.562357,18.336988,17.406408,17.348831,0.0,4.0,0.0,0.0,0.0,0.0,0.0,0.0
42290,2023.0,10.0,21.0,16.0,18.76182,18.623348,19.086369,19.384054,19.611113,19.90759,18.40044,18.106558,18.624454,18.344215,18.391178,18.264223,19.206684,18.912947,18.47675,18.243364,17.3778,17.315369,4.0,4.0,0.0,0.0,0.0,0.0,0.0,0.0
42291,2023.0,10.0,21.0,16.0,19.61906,20.312124,20.121958,21.16414,19.592445,19.879267,19.195269,19.68691,18.460459,18.176731,18.353302,18.248768,19.863548,20.240572,18.54534,18.44953,17.351233,17.285387,4.0,4.0,4.0,0.0,0.0,4.0,0.0,0.0
42292,2023.0,10.0,21.0,16.0,19.687603,20.16464,20.029095,20.86724,19.570574,19.847225,19.274538,19.587402,18.47285,18.350075,18.271627,18.167612,19.349586,19.092722,18.539444,18.449156,17.323242,17.253458,0.0,4.0,4.0,0.0,0.0,0.0,0.0,0.0
42293,2023.0,10.0,21.0,16.0,19.043194,18.97854,19.046568,18.899216,19.548374,19.815151,19.218605,19.506266,18.435406,18.332153,18.194841,18.090612,19.060095,18.753695,18.496239,18.403326,17.297825,17.224314,0.0,4.0,4.0,0.0,0.0,0.0,0.0,0.0
42294,2023.0,10.0,21.0,17.0,18.779593,18.601255,18.576883,18.189747,19.526993,19.782852,18.629967,18.399797,18.367367,18.263159,18.13172,18.01858,18.964552,18.644154,18.45613,18.358347,17.275808,17.19778,0.0,4.0,0.0,0.0,0.0,0.0,0.0,0.0
42295,2023.0,10.0,21.0,17.0,18.67192,18.481705,19.011608,19.172676,19.507214,19.75475,19.039438,19.28764,18.300629,18.196339,18.073986,17.957308,19.081282,18.94457,18.41851,18.317947,17.255487,17.174559,4.0,4.0,4.0,0.0,0.0,0.0,0.0,0.0
42296,2023.0,10.0,21.0,17.0,19.536085,20.197735,20.14774,21.176985,18.921568,18.673496,19.130638,19.395256,18.237612,18.129492,18.019642,17.898888,19.082773,18.955717,18.382915,18.279968,17.235767,17.152212,0.0,0.0,4.0,0.0,0.0,0.0,0.0,0.0
42297,2023.0,10.0,21.0,17.0,19.58935,20.02301,19.266834,19.349777,19.209011,19.403122,18.563871,18.326344,18.172337,18.06236,17.963137,17.840815,19.046532,18.917118,18.34368,18.238363,17.214163,17.127964,0.0,4.0,0.0,0.0,0.0,0.0,0.0,0.0
42298,2023.0,10.0,21.0,17.0,19.568506,19.986078,19.283895,19.535948,19.31519,19.54761,18.286812,17.922464,18.803501,19.289928,17.916883,17.789778,19.01287,18.879423,18.308445,18.199493,17.194246,17.104683,4.0,4.0,0.0,4.0,0.0,0.0,0.0,0.0
42299,2023.0,10.0,21.0,17.0,19.565184,19.965935,20.131649,21.03029,19.317123,19.539038,18.779991,18.9329,20.180868,21.611387,17.871813,17.740881,18.980076,18.843664,18.274996,18.163652,18.0437,18.717075,0.0,4.0,4.0,0.0,0.0,0.0,0.0,4.0
42300,2023.0,10.0,21.0,18.0,19.571177,19.970308,19.062557,18.87109,19.312847,19.525835,18.425587,18.15782,18.758133,18.613565,17.824455,17.691563,18.944826,18.805706,18.238958,18.125076,20.282486,22.38641,0.0,4.0,0.0,0.0,0.0,0.0,0.0,0.0
42301,2023.0,10.0,21.0,18.0,21.20935,22.826727,19.088133,19.285788,21.250282,22.913136,21.289658,23.373075,18.070093,17.737268,17.77729,17.640852,21.290602,22.886553,21.552471,23.867283,18.337374,18.26962,4.0,4.0,0.0,0.0,0.0,0.0,0.0,0.0
42302,2023.0,10.0,21.0,18.0,21.031555,22.321815,20.115047,21.04375,21.005554,22.23067,21.016232,22.518114,18.102505,17.96104,17.730532,17.58895,21.01088,22.208382,20.962446,22.48714,17.49994,17.229258,4.0,4.0,0.0,0.0,0.0,0.0,4.0,0.0
42303,2023.0,10.0,21.0,18.0,21.11168,22.347042,20.091972,20.885052,21.079374,22.234463,21.109348,22.523424,18.094095,17.958437,17.686779,17.539875,21.089653,22.210165,21.137243,22.650322,17.491482,17.382874,0.0,4.0,0.0,0.0,0.0,0.0,0.0,0.0
42304,2023.0,10.0,21.0,18.0,21.013975,22.05332,19.014397,18.759151,21.051857,22.113926,21.011627,22.207895,18.037048,17.9019,17.652523,17.50527,21.030117,21.99526,21.044966,22.311026,18.361233,19.055077,0.0,0.0,4.0,0.0,0.0,0.0,0.0,4.0
42305,2023.0,10.0,21.0,18.0,21.054842,22.100317,18.363985,17.887054,21.052544,22.043924,21.049994,22.234562,18.67275,19.144436,17.615187,17.4645,21.035461,21.93414,21.055948,22.226265,20.239279,22.101679,0.0,0.0,0.0,4.0,0.0,0.0,0.0,0.0
42306,2023.0,10.0,21.0,19.0,21.02005,21.964909,18.783823,18.8744,21.05159,21.986448,21.057247,22.163166,20.197659,21.616734,17.925196,18.071575,21.034056,21.878447,21.041203,22.142668,18.40799,18.269041,4.0,0.0,0.0,0.0,4.0,0.0,0.0,0.0
42307,2023.0,10.0,21.0,19.0,21.254137,22.402815,20.163074,21.242834,21.036198,21.942558,21.029846,22.025843,19.274021,19.553843,20.350332,22.093346,21.166574,22.103937,21.04226,22.102423,17.590569,17.262846,0.0,0.0,4.0,4.0,0.0,0.0,0.0,0.0
42308,2023.0,10.0,21.0,19.0,21.05108,21.987276,19.56662,19.919523,21.037634,21.93164,21.059776,22.062923,20.209133,21.363796,18.85405,18.987345,21.032694,21.80249,21.04146,22.068024,18.594046,19.352644,4.0,0.0,0.0,0.0,0.0,0.0,0.0,4.0
42309,2023.0,10.0,21.0,19.0,21.018272,21.878231,20.136961,21.047434,21.037,21.918037,21.053192,22.011843,18.819647,18.565351,18.070883,17.919827,21.032515,21.779726,21.040964,22.041206,20.159801,21.780766,0.0,0.0,0.0,0.0,0.0,0.0,0.0,4.0
42310,2023.0,10.0,21.0,19.0,21.023935,21.875553,18.991598,18.733135,21.036707,21.906317,21.038282,21.980001,18.149345,17.753605,17.91634,17.756071,21.001957,21.682348,21.040562,22.019535,20.045122,21.386106,0.0,0.0,0.0,0.0,0.0,4.0,0.0,0.0
42311,2023.0,10.0,21.0,19.0,21.02315,21.864338,19.018663,19.17872,21.036436,21.895697,21.01422,21.906042,18.18851,18.015762,17.832066,17.671501,21.03707,21.765564,21.04002,22.001284,18.525902,18.317553,4.0,0.0,4.0,0.0,0.0,0.0,0.0,0.0
42312,2023.0,10.0,21.0,20.0,21.051006,21.930952,20.142735,21.12424,21.036062,21.885866,21.059708,21.986563,18.178507,18.027521,17.758629,17.595842,21.04415,21.740303,21.039679,21.986055,18.747519,19.234898,0.0,0.0,0.0,0.0,0.0,0.0,0.0,4.0
42313,2023.0,10.0,21.0,20.0,21.044353,21.9035,19.235033,19.26178,21.03589,21.877384,21.025728,21.872818,18.105751,17.958466,18.046602,18.187952,21.042768,21.707914,21.039425,21.973236,20.196886,21.658371,0.0,0.0,4.0,0.0,4.0,0.0,0.0,0.0
42314,2023.0,10.0,21.0,20.0,21.017454,21.815838,18.699427,18.542301,21.035696,21.869553,21.031363,21.868097,18.73109,19.196089,20.323513,21.964664,21.029387,21.68445,21.039267,21.962118,18.592798,18.37862,0.0,0.0,4.0,4.0,4.0,0.0,0.0,0.0
42315,2023.0,10.0,21.0,20.0,21.050035,21.89552,18.96803,19.160212,21.009722,21.791021,21.030386,21.853657,20.178305,21.564304,20.027971,21.240696,21.03069,21.686584,20.998827,21.844387,18.785656,19.263987,4.0,4.0,4.0,0.0,0.0,0.0,4.0,4.0
42316,2023.0,10.0,21.0,20.0,21.20515,22.194773,20.150438,21.2052,21.014925,21.801655,21.05581,21.913216,18.690409,18.462091,18.620098,18.367004,21.177263,21.977894,21.058985,21.969292,20.18693,21.59969,0.0,4.0,0.0,0.0,0.0,0.0,0.0,0.0
42317,2023.0,10.0,21.0,20.0,21.043564,21.856,19.259323,19.30042,21.05485,21.872509,21.024353,21.814491,18.703642,18.952156,18.11239,17.919153,20.999527,21.59748,21.048477,21.924435,18.62724,18.415302,4.0,0.0,4.0,4.0,0.0,4.0,0.0,0.0
42318,2023.0,10.0,21.0,21.0,21.029816,21.84798,20.147224,21.106651,21.047224,21.831078,21.029997,21.81747,20.194565,21.394503,18.451841,18.63699,21.048592,21.695232,21.049019,21.904665,18.82231,19.292349,4.0,0.0,4.0,4.0,4.0,0.0,0.0,4.0
42319,2023.0,10.0,21.0,21.0,21.24563,22.289494,20.187542,21.09444,21.20137,22.117365,21.198526,22.167852,20.20737,21.34274,20.23841,21.68959,21.149084,21.875034,21.262693,22.339443,20.289429,21.746643,0.0,0.0,0.0,0.0,0.0,0.0,0.0,4.0
42320,2023.0,10.0,21.0,21.0,21.003107,21.78454,18.97198,18.675385,21.03198,21.786375,21.048847,21.85066,19.393936,19.622276,19.274733,19.60327,21.010715,21.559484,21.037193,21.884514,20.042439,21.153894,0.0,0.0,0.0,4.0,4.0,4.0,0.0,0.0
42321,2023.0,10.0,21.0,21.0,21.037062,21.884308,19.049385,19.19956,21.034378,21.797909,21.023916,21.768862,20.254171,21.304995,20.20991,21.427467,21.046585,21.645832,20.99744,21.779484,18.65808,18.399046,4.0,0.0,4.0,0.0,0.0,0.0,4.0,0.0
42322,2023.0,10.0,21.0,21.0,21.044561,21.873116,20.114159,21.019394,21.03399,21.800331,21.054663,21.845774,18.888659,18.59342,19.070028,19.055357,21.04082,21.622408,21.01735,21.804958,17.98914,17.61832,4.0,0.0,0.0,0.0,4.0,0.0,4.0,0.0
42323,2023.0,10.0,21.0,21.0,21.016207,21.777084,20.036423,20.776937,21.03402,21.801432,21.048847,21.82556,18.236671,17.812275,20.263515,21.365116,21.01064,21.532848,21.055693,21.902102,17.779224,17.40971,0.0,0.0,0.0,0.0,4.0,4.0,0.0,0.0
42324,2023.0,10.0,21.0,22.0,21.049164,21.856102,18.957014,18.636019,21.03393,21.800941,21.034227,21.817759,18.274557,18.090921,20.029835,20.8811,21.046251,21.62228,21.007345,21.761976,17.846678,17.69737,0.0,0.0,0.0,0.0,0.0,0.0,4.0,0.0
42325,2023.0,10.0,21.0,22.0,21.043375,21.83296,18.311657,17.777489,21.033943,21.79963,21.036175,21.833601,18.26092,18.106998,18.820957,18.496016,21.009989,21.522427,21.056263,21.881601,18.644743,19.244942,0.0,0.0,0.0,0.0,0.0,4.0,0.0,4.0
42326,2023.0,10.0,21.0,22.0,21.015852,21.749163,18.360937,18.074335,21.033813,21.797464,21.03598,21.840149,18.17164,18.016296,18.708,18.771093,21.046282,21.614017,21.047134,21.849773,20.15416,21.677847,0.0,0.0,0.0,0.0,4.0,0.0,0.0,4.0
42327,2023.0,10.0,21.0,22.0,21.04902,21.835112,18.396935,18.17433,21.03385,21.795332,21.035873,21.843233,18.088257,17.932846,20.23507,21.359205,21.040388,21.593388,21.047853,21.837675,20.287125,21.755249,0.0,0.0,0.0,0.0,0.0,0.0,0.0,4.0
42328,2023.0,10.0,21.0,22.0,21.043148,21.816875,18.776182,18.940596,21.033766,21.792738,21.03571,21.843395,18.014475,17.859112,19.102812,19.11156,21.040817,21.58566,21.047695,21.82587,20.025858,21.098667,4.0,0.0,0.0,0.0,0.0,0.0,0.0,4.0
42329,2023.0,10.0,21.0,22.0,21.244986,22.21368,20.17564,21.346481,21.033684,21.790045,21.03571,21.84252,17.947918,17.791676,18.472898,18.29804,20.998219,21.501545,21.034914,21.816053,20.05713,21.100235,0.0,0.0,0.0,0.0,0.0,4.0,0.0,0.0
42330,2023.0,10.0,21.0,23.0,21.02824,21.79765,19.169176,19.228275,21.03366,21.787325,21.035639,21.841373,17.889145,17.732994,18.281578,18.099144,21.047718,21.612732,21.036507,21.828148,18.704977,18.42625,0.0,0.0,0.0,0.0,0.0,0.0,0.0,0.0
42331,2023.0,10.0,21.0,23.0,20.266762,20.352623,18.561205,18.382807,20.18357,20.151957,20.13456,20.110008,17.8346,17.676962,18.462402,18.552088,19.995888,19.578182,20.07764,19.988792,18.776766,19.036415,0.0,0.0,0.0,0.0,4.0,0.0,0.0,4.0
42332,2023.0,10.0,21.0,23.0,19.91386,19.872923,18.41343,18.19287,19.757317,19.54031,19.691093,19.483217,18.362623,18.70482,18.195448,18.028835,19.595806,19.067005,19.699656,19.516844,18.123074,17.751047,0.0,0.0,0.0,4.0,0.0,0.0,0.0,0.0
42333,2023.0,10.0,21.0,23.0,19.74254,19.690887,18.327793,18.099968,19.56601,19.329807,19.490595,19.2652,17.955978,17.810743,18.025358,17.835526,19.703665,19.461126,19.510408,19.326637,18.582363,18.84085,0.0,0.0,0.0,0.0,0.0,0.0,0.0,4.0
42334,2023.0,10.0,21.0,23.0,20.318956,20.889225,18.254839,18.023493,19.425627,19.186745,19.341892,19.114216,17.800297,17.63178,18.222288,18.27933,19.665342,19.46053,19.356459,19.17543,17.950119,17.568275,0.0,0.0,0.0,0.0,4.0,0.0,0.0,0.0
42335,2023.0,10.0,21.0,23.0,19.79306,19.831394,18.188328,17.95264,19.304253,19.061981,19.213577,18.982601,17.740904,17.570032,18.282146,18.367926,19.56981,19.361456,19.220995,19.041134,17.669249,17.251627,0.0,0.0,0.0,0.0,4.0,0.0,0.0,0.0
42336,2023.0,10.0,22.0,0.0,19.196276,18.80753,18.127728,17.888258,19.197723,18.953293,19.101076,18.868065,17.684904,17.510946,17.975197,17.809118,20.200941,20.633917,19.097929,18.91477,18.285252,18.536816,0.0,0.0,0.0,0.0,0.0,4.0,0.0,4.0
42337,2023.0,10.0,22.0,0.0,18.965649,18.530304,18.07232,17.829927,19.103199,18.858078,19.001307,18.767813,17.633724,17.457254,17.812025,17.611252,19.351908,18.89766,18.987953,18.80395,17.690712,17.30797,0.0,0.0,0.0,0.0,0.0,0.0,0.0,0.0
42338,2023.0,10.0,22.0,0.0,19.112463,18.9636,18.018803,17.772423,19.01511,18.767351,18.908398,18.672373,17.583294,17.403418,17.717253,17.509453,19.02325,18.480072,19.838537,20.493347,17.424894,16.999678,0.0,0.0,0.0,0.0,0.0,0.0,4.0,0.0
42339,2023.0,10.0,22.0,0.0,19.129992,19.053595,17.968348,17.71869,18.934679,18.685207,18.823431,18.585943,17.534689,17.351902,17.636093,17.425137,18.892767,18.348684,18.879822,18.494179,17.303043,16.877964,0.0,0.0,0.0,0.0,0.0,0.0,0.0,0.0
42340,2023.0,10.0,22.0,0.0,19.072588,18.997837,17.916044,17.659273,18.854393,18.597765,18.738417,18.493834,17.4841,17.29541,17.555977,17.33698,19.099524,18.876545,18.493925,18.003895,17.45346,17.286362,0.0,0.0,0.0,0.0,0.0,0.0,0.0,0.0
42341,2023.0,10.0,22.0,0.0,19.008488,18.930069,17.86706,17.60463,18.781212,18.520111,18.661148,18.412184,17.43618,17.243324,17.482813,17.258642,19.075487,18.845984,18.341343,17.84987,17.424402,17.249063,0.0,0.0,0.0,0.0,0.0,0.0,0.0,0.0
42342,2023.0,10.0,22.0,1.0,18.948717,18.86938,17.8238,17.559902,18.716625,18.455975,18.593317,18.34501,17.390844,17.19576,17.41662,17.191153,19.019812,18.788221,18.51002,18.316278,17.370487,17.193136,0.0,0.0,0.0,0.0,0.0,0.0,0.0,0.0
42343,2023.0,10.0,22.0,1.0,18.891752,18.81177,17.78183,17.516293,18.654438,18.393097,18.528112,18.279005,17.347033,17.150518,17.352617,17.125212,18.965136,18.732162,18.472185,18.270727,17.31702,17.138382,0.0,0.0,0.0,0.0,0.0,0.0,0.0,0.0
42344,2023.0,10.0,22.0,1.0,18.842619,18.766705,17.747175,17.485397,18.602474,18.346867,18.473688,18.230526,17.307896,17.11321,17.591673,17.623312,18.915646,18.685152,18.41289,18.214151,18.001566,18.472725,0.0,0.0,0.0,0.0,4.0,0.0,0.0,4.0
42345,2023.0,10.0,22.0,1.0,18.791883,18.715822,17.710257,17.448298,18.548674,18.29368,18.417568,18.17491,17.857084,18.180557,17.359894,17.141981,18.865217,18.634008,18.351465,18.152199,18.270403,18.821907,0.0,0.0,0.0,4.0,0.0,0.0,0.0,4.0
42346,2023.0,10.0,22.0,1.0,18.745176,18.670395,17.676016,17.414894,18.499172,18.246279,18.366522,18.125702,17.45966,17.303944,17.244925,17.020657,18.8183,18.587814,18.29334,18.095232,17.340416,16.959772,0.0,0.0,0.0,0.0,0.0,0.0,0.0,0.0
42347,2023.0,10.0,22.0,1.0,18.698713,18.623087,17.6413,17.379555,18.449867,18.196987,18.315966,18.0748,17.294033,17.096823,17.186066,16.961308,18.771696,18.540247,18.235588,18.036606,17.781155,18.004276,0.0,0.0,0.0,0.0,0.0,0.0,0.0,4.0
42348,2023.0,10.0,22.0,2.0,18.654865,18.579372,17.608006,17.346434,18.403423,18.15151,18.268263,18.027885,17.241959,17.045345,17.13105,16.906462,18.727844,18.49636,18.18119,17.982431,17.1733,16.74807,0.0,0.0,0.0,0.0,0.0,0.0,0.0,0.0
42349,2023.0,10.0,22.0,2.0,18.607296,18.526962,17.570036,17.303429,18.352821,18.096064,18.216324,17.970848,17.189028,16.987825,17.074165,16.844116,18.681578,18.446037,18.124739,17.922056,16.929258,16.475698,0.0,0.0,0.0,0.0,0.0,0.0,0.0,0.0
42350,2023.0,10.0,22.0,2.0,18.563828,18.481928,17.535383,17.26697,18.30707,18.049309,18.169159,17.92268,17.143286,16.940632,17.023046,16.79156,18.638842,18.401833,18.072485,17.868687,16.82311,16.372744,0.0,0.0,0.0,0.0,0.0,0.0,0.0,0.0
42351,2023.0,10.0,22.0,2.0,18.524662,18.444653,17.504782,17.238346,18.266558,18.011986,18.127169,17.88413,17.102537,16.90153,17.262484,17.279663,18.599895,18.364256,18.02463,17.822756,17.755005,18.245132,0.0,0.0,0.0,0.0,4.0,0.0,0.0,4.0
42352,2023.0,10.0,22.0,2.0,18.482517,18.400696,17.47072,17.202354,18.222656,17.966877,18.081755,17.837584,17.060078,16.85754,17.062172,16.852028,18.558903,18.321762,17.974865,17.771818,17.030247,16.641394,0.0,0.0,0.0,0.0,0.0,0.0,0.0,0.0
42353,2023.0,10.0,22.0,2.0,18.437317,18.350006,17.433098,17.158752,18.17519,17.913847,18.033096,17.783152,17.015465,16.808428,16.934052,16.697126,18.515667,18.274214,17.92298,17.715773,16.734694,16.27549,0.0,0.0,0.0,0.0,0.0,0.0,0.0,0.0
42354,2023.0,10.0,22.0,3.0,18.397312,18.309097,17.402487,17.128426,18.134087,17.872879,17.990911,17.741135,16.975306,16.767635,16.881592,16.644772,18.476456,18.23426,17.875544,17.667896,16.919954,16.749058,0.0,0.0,0.0,0.0,0.0,0.0,0.0,0.0
42355,2023.0,10.0,22.0,3.0,18.360544,18.274189,17.373058,17.101149,18.096031,17.837385,17.951597,17.704523,16.937963,16.731945,16.833464,16.59919,18.440096,18.199505,17.831177,17.625414,17.62993,18.089914,0.0,0.0,0.0,0.0,0.0,0.0,0.0,4.0
42356,2023.0,10.0,22.0,3.0,18.323374,18.237627,17.343084,17.072403,18.057692,17.800331,17.912119,17.666353,16.900578,16.695255,16.786922,16.55358,18.403728,18.163845,17.786873,17.581999,16.858967,16.450333,0.0,0.0,0.0,0.0,0.0,0.0,0.0,0.0
42357,2023.0,10.0,22.0,3.0,18.284285,18.196642,17.311378,17.039953,18.0175,17.758833,17.87102,17.6238,16.861782,16.655096,17.058466,17.103622,18.366076,18.124939,17.741177,17.534966,16.591803,16.135834,0.0,0.0,0.0,0.0,4.0,0.0,0.0,0.0
42358,2023.0,10.0,22.0,3.0,18.259392,18.183554,17.282215,17.012238,17.980745,17.723658,17.833387,17.58775,16.825867,16.62014,16.808321,16.573586,18.33121,18.091002,17.698631,17.493505,16.49849,16.049984,0.0,0.0,0.0,0.0,0.0,0.0,0.0,0.0
42359,2023.0,10.0,22.0,3.0,18.233177,18.164139,17.252193,16.982286,17.94281,17.685652,17.794436,17.548748,16.789268,16.583332,16.709326,16.474348,18.295801,18.055433,17.655558,17.450338,16.666916,16.471857,0.0,0.0,0.0,0.0,0.0,0.0,0.0,0.0
42360,2023.0,10.0,22.0,4.0,18.201223,18.133947,17.224312,16.956575,17.90788,17.653263,17.758448,17.515451,16.755152,16.551071,16.662912,16.43104,18.262804,18.024202,17.615183,17.412,17.395887,17.846312,0.0,0.0,0.0,0.0,0.0,0.0,0.0,4.0
42361,2023.0,10.0,22.0,4.0,18.166319,18.098192,17.194115,16.926332,17.870619,17.615824,17.720247,17.477106,16.71932,16.515028,16.615393,16.38348,18.228222,17.989372,17.573223,17.369997,16.649025,16.243467,0.0,0.0,0.0,0.0,0.0,0.0,0.0,0.0
42362,2023.0,10.0,22.0,4.0,18.127964,18.055819,17.160408,16.88944,17.829563,17.57069,17.67848,17.431118,16.680872,16.473719,16.566225,16.330214,18.19131,17.949749,17.528847,17.322964,16.388288,15.934536,0.0,0.0,0.0,0.0,0.0,0.0,0.0,0.0
42363,2023.0,10.0,22.0,4.0,18.09308,18.02048,17.130293,16.859982,17.793325,17.535145,17.641521,17.394888,16.64558,16.4387,16.523167,16.287994,18.157404,17.91601,17.48764,17.2821,16.552542,16.356127,0.0,0.0,0.0,0.0,0.0,0.0,0.0,0.0
42364,2023.0,10.0,22.0,4.0,18.056614,17.982054,17.097988,16.826204,17.754597,17.494457,17.601828,17.353312,16.608995,16.400963,16.478903,16.242197,18.122444,17.879944,17.445486,17.239061,16.550112,16.35997,0.0,0.0,0.0,0.0,0.0,0.0,0.0,0.0
42365,2023.0,10.0,22.0,4.0,18.023142,17.949635,17.069025,16.799297,17.720198,17.462387,17.566574,17.320545,16.575098,16.368639,16.439363,16.205154,18.090014,17.848875,17.405952,17.201178,17.25123,17.709236,0.0,0.0,0.0,0.0,0.0,0.0,0.0,4.0
42366,2023.0,10.0,22.0,5.0,17.987627,17.91322,17.037958,16.768204,17.683428,17.42538,17.529114,17.28285,16.539675,16.333183,16.398163,16.164043,18.056295,17.815062,17.365135,17.160515,16.4846,16.073444,0.0,0.0,0.0,0.0,0.0,0.0,0.0,0.0
42367,2023.0,10.0,22.0,5.0,17.951485,17.87555,17.006296,16.736036,17.64606,17.387089,17.491312,17.244005,17.09267,17.40385,16.35664,16.121792,18.022064,17.780165,17.323656,17.11844,16.223751,15.768211,0.0,0.0,0.0,4.0,0.0,0.0,0.0,0.0
42368,2023.0,10.0,22.0,5.0,17.91649,17.839823,16.975494,16.705435,17.609718,17.350672,17.454432,17.207045,16.675066,16.485155,16.61574,16.64138,17.988665,17.746761,17.283117,17.078049,16.128181,15.67209,0.0,0.0,0.0,0.0,4.0,0.0,0.0,0.0
42369,2023.0,10.0,22.0,5.0,17.88047,17.80161,16.943825,16.672796,17.57217,17.31175,17.416168,17.167454,16.53559,16.326181,16.718746,16.766466,17.95448,17.711683,17.241735,17.035845,16.302956,16.105484,0.0,0.0,0.0,0.0,4.0,0.0,0.0,0.0
42370,2023.0,10.0,22.0,5.0,17.84581,17.766176,16.91365,16.642569,17.536009,17.275497,17.379381,17.13061,16.484516,16.275503,16.425674,16.203527,17.921268,17.678478,17.201437,16.9957,16.310665,16.119991,0.0,0.0,0.0,0.0,0.0,0.0,0.0,0.0
42371,2023.0,10.0,22.0,5.0,17.810232,17.72907,16.882647,16.610435,17.498672,17.236784,17.341555,17.091366,16.436028,16.226242,16.314516,16.07599,17.887508,17.644112,17.160633,16.95446,16.282818,16.092163,0.0,0.0,0.0,0.0,0.0,0.0,0.0,0.0
42372,2023.0,10.0,22.0,6.0,17.777525,17.69786,16.854773,16.584915,17.46548,17.206326,17.307968,17.060528,16.394724,16.187483,16.26095,16.026579,17.856113,17.614477,17.122288,16.918118,16.984848,17.44256,0.0,0.0,0.0,0.0,0.0,0.0,0.0,4.0
42373,2023.0,10.0,22.0,6.0,21.283165,23.928398,16.824705,16.555319,21.256832,23.933086,21.248169,24.046196,16.35246,16.14508,16.210587,15.976548,21.239847,23.433712,21.483925,24.391853,20.348085,23.185488,0.0,0.0,0.0,0.0,0.0,0.0,0.0,4.0
42374,2023.0,10.0,22.0,6.0,21.005466,22.989567,16.790543,16.520607,21.00412,23.004017,21.004768,23.11544,16.307606,16.09952,16.456701,16.482397,20.988363,22.735403,20.997442,23.1815,20.038189,22.161642,0.0,0.0,0.0,0.0,4.0,4.0,0.0,0.0
42375,2023.0,10.0,22.0,6.0,21.062231,22.8639,16.758028,16.488483,21.042522,22.795359,21.06992,22.966465,16.267876,16.060514,20.412338,23.0588,21.055813,22.61534,21.036015,22.96224,17.74724,17.454096,0.0,4.0,0.0,0.0,4.0,4.0,4.0,0.0
42376,2023.0,10.0,22.0,6.0,21.027504,22.61863,16.728552,16.456116,21.062183,22.68245,21.05957,22.760038,16.230337,16.022552,20.003923,22.056316,21.074394,22.494228,21.049164,22.77507,16.734661,16.245749,0.0,0.0,0.0,0.0,0.0,0.0,4.0,0.0
42377,2023.0,10.0,22.0,6.0,21.033688,22.528961,16.702059,16.428024,21.07854,22.54868,21.06025,22.632576,16.196222,15.989285,18.197615,18.30985,21.06874,22.34824,21.046057,22.622484,17.578201,18.102262,0.0,0.0,0.0,0.0,0.0,0.0,4.0,4.0
42378,2023.0,10.0,22.0,7.0,21.078392,22.527422,17.09244,17.181341,21.074583,22.422537,21.058926,22.537622,16.16263,15.955772,17.484772,17.511732,21.038023,22.169596,21.0447,22.514704,20.31809,22.672972,4.0,0.0,0.0,0.0,4.0,4.0,4.0,0.0
42379,2023.0,10.0,22.0,7.0,21.17346,22.614977,20.312553,22.705803,21.213827,22.638002,21.17136,22.694002,16.130135,15.923725,20.405659,22.534065,21.131832,22.309841,21.190386,22.755375,18.56317,18.871792,0.0,4.0,0.0,0.0,0.0,0.0,0.0,4.0
42380,2023.0,10.0,22.0,7.0,21.074074,22.375134,18.447687,18.651415,21.058664,22.31167,21.056335,22.40809,16.09993,15.894452,18.447104,18.579102,21.064497,22.11648,21.0732,22.450197,20.323065,22.383242,0.0,0.0,0.0,0.0,0.0,0.0,0.0,0.0
42381,2023.0,10.0,22.0,7.0,21.040968,22.243141,17.349174,17.123926,21.073864,22.271172,21.055714,22.36691,16.81052,17.257175,17.368181,17.144882,21.064333,22.072008,21.034052,22.292048,18.048553,17.732973,0.0,0.0,0.0,4.0,0.0,0.0,4.0,0.0
42382,2023.0,10.0,22.0,7.0,21.073132,22.2957,17.11806,16.835707,21.070837,22.212744,21.055342,22.335575,20.429098,23.242325,17.434649,17.490501,21.044699,22.035967,21.040754,22.273623,16.992344,16.472288,0.0,0.0,0.0,0.0,4.0,0.0,4.0,0.0
42383,2023.0,10.0,22.0,7.0,21.038952,22.176352,17.41888,17.491646,21.049036,22.171503,21.055069,22.311365,17.637676,17.421082,20.401564,22.520613,21.01673,21.9593,21.07904,22.354162,18.031166,18.738543,4.0,0.0,0.0,0.0,4.0,4.0,0.0,4.0
42384,2023.0,10.0,22.0,8.0,21.04459,22.168066,20.295385,22.45482,21.026054,22.1025,21.029186,22.219822,16.3783,15.859773,20.045877,21.689125,21.07009,22.049967,21.031504,22.203447,21.971123,25.2917,4.0,4.0,4.0,0.0,0.0,0.0,4.0,0.0
42385,2023.0,10.0,22.0,8.0,19.983559,20.121153,20.04089,21.637058,20.293877,20.700687,19.69047,19.667288,17.20681,17.669153,18.349485,18.219933,19.500587,19.001373,19.264,18.835403,18.842081,18.714758,0.0,4.0,0.0,4.0,4.0,0.0,0.0,0.0
42386,2023.0,10.0,22.0,8.0,19.49913,19.594374,18.471706,18.391588,18.973791,18.460434,18.487514,17.836845,20.378016,22.96675,20.374714,22.086334,19.490267,19.517225,18.38656,17.830952,17.336395,16.870293,4.0,0.0,0.0,0.0,0.0,4.0,0.0,0.0
42387,2023.0,10.0,22.0,8.0,19.350504,19.46657,20.24095,21.939913,18.874537,18.692354,18.012203,17.313927,17.855984,17.658579,18.57169,18.473806,19.54918,19.599577,18.056921,17.508476,17.232714,17.018244,4.0,4.0,0.0,0.0,4.0,4.0,0.0,0.0
42388,2023.0,10.0,22.0,8.0,19.240377,19.376923,20.026752,21.309027,18.907072,18.801756,18.106112,17.748045,16.685226,16.210915,20.372547,21.994516,19.475027,19.540436,17.826542,17.297909,17.140142,16.95342,4.0,4.0,0.0,0.0,0.0,4.0,0.0,0.0
42389,2023.0,10.0,22.0,8.0,18.492846,18.074364,20.075994,21.290775,18.831991,18.751698,18.793886,19.103416,16.68727,16.473808,18.364433,18.02659,19.419455,19.499393,17.915474,17.680222,17.0031,16.82431,0.0,4.0,4.0,0.0,0.0,4.0,0.0,0.0
42390,2023.0,10.0,22.0,9.0,18.097927,17.6252,18.470154,18.12114,18.138504,17.540586,18.439096,18.329552,16.664509,16.477894,17.599215,17.324345,18.715334,18.225386,17.895672,17.699238,16.882816,16.70927,0.0,0.0,0.0,0.0,0.0,0.0,0.0,0.0
42391,2023.0,10.0,22.0,9.0,17.953892,17.496958,18.050516,17.71484,17.82944,17.17861,17.777666,17.177212,16.59821,16.418743,17.500616,17.269426,19.172285,19.298893,17.814846,17.627016,16.799625,16.630636,0.0,0.0,0.0,0.0,0.0,4.0,0.0,0.0
42392,2023.0,10.0,22.0,9.0,17.845282,17.41388,18.391039,18.511112,18.327887,18.259844,18.179161,18.131788,16.538092,16.367874,17.764822,17.889006,19.260319,19.39181,17.7358,17.556534,16.728569,16.567787,4.0,4.0,4.0,0.0,4.0,4.0,0.0,0.0
42393,2023.0,10.0,22.0,9.0,18.024084,17.886763,20.211842,21.81291,18.4751,18.500525,18.319582,18.367342,17.193676,17.649511,20.269527,22.263807,18.601734,18.164488,17.66811,17.49788,17.543844,18.160349,0.0,4.0,4.0,4.0,0.0,0.0,0.0,4.0
42394,2023.0,10.0,22.0,9.0,18.088219,18.033365,18.8399,18.964672,17.868357,17.378654,17.70614,17.234755,20.329502,22.95807,18.622456,18.77248,19.004198,19.176947,17.59923,17.437475,20.32326,22.794613,0.0,0.0,0.0,0.0,0.0,4.0,0.0,0.0
42395,2023.0,10.0,22.0,9.0,18.05511,18.021706,17.997643,17.819897,17.544199,17.003876,17.990685,17.999678,18.466707,18.858946,17.6889,17.535137,19.200218,19.394226,18.52497,19.239523,17.999546,17.902834,0.0,0.0,4.0,4.0,0.0,4.0,4.0,0.0
42396,2023.0,10.0,22.0,10.0,18.012833,17.98911,18.226627,18.383314,18.05979,18.070305,17.545866,17.119234,20.370634,22.279236,17.493504,17.307684,19.236698,19.447878,18.596918,19.130047,17.222141,16.82753,4.0,4.0,0.0,0.0,0.0,4.0,4.0,0.0
42397,2023.0,10.0,22.0,10.0,17.962585,17.942738,20.243017,21.935629,17.693617,17.271482,17.265844,16.791424,18.29795,18.168606,17.351992,17.169634,18.566662,18.175999,17.69941,17.40802,17.173555,16.995733,0.0,0.0,0.0,0.0,0.0,0.0,0.0,0.0
42398,2023.0,10.0,22.0,10.0,17.91169,17.895885,18.548483,18.429968,18.03405,18.101429,17.184078,16.732883,17.295143,16.91851,17.24934,17.078224,19.00881,19.243494,17.319345,16.973215,17.110565,16.969814,0.0,4.0,0.0,0.0,0.0,4.0,0.0,0.0
42399,2023.0,10.0,22.0,10.0,17.87601,17.869959,18.166004,18.011675,17.60955,17.245827,17.33896,17.117208,17.268963,17.080462,17.187204,17.023579,18.478634,18.134373,18.276463,18.8608,17.96631,18.667665,4.0,0.0,0.0,0.0,0.0,0.0,4.0,4.0
42400,2023.0,10.0,22.0,10.0,17.855064,17.872713,20.210732,21.76159,18.016167,18.131512,17.391344,17.23172,17.968401,18.48036,17.133806,16.978918,18.259712,17.85364,17.599508,17.376665,20.27583,22.587307,0.0,4.0,0.0,4.0,0.0,0.0,0.0,0.0
42401,2023.0,10.0,22.0,10.0,17.830765,17.863808,18.668032,18.584785,17.661974,17.354158,18.078629,18.548754,20.294333,22.413708,17.082312,16.937227,18.191868,17.804539,17.243092,16.950764,18.18014,18.173782,0.0,0.0,4.0,0.0,0.0,0.0,0.0,0.0
42402,2023.0,10.0,22.0,11.0,17.798618,17.838818,18.417341,18.64213,17.399137,17.035643,17.778666,17.789509,18.338266,18.329283,17.039036,16.901747,18.149384,17.782282,17.171648,16.887434,17.21871,16.953669,4.0,0.0,0.0,0.0,0.0,0.0,0.0,0.0
42403,2023.0,10.0,22.0,11.0,17.770529,17.816326,20.218218,21.820654,17.326784,16.975336,17.349203,17.050165,17.598394,17.263416,17.007814,16.87275,18.301733,18.129948,18.173178,18.814306,17.172562,17.032303,4.0,0.0,0.0,0.0,0.0,0.0,4.0,0.0
42404,2023.0,10.0,22.0,11.0,17.737738,17.787237,20.036392,21.310747,18.092731,18.502495,17.80463,18.036606,17.50869,17.342522,16.977453,16.845678,18.363232,18.22555,17.619028,17.444489,18.064568,18.788109,0.0,4.0,4.0,0.0,0.0,0.0,0.0,4.0
42405,2023.0,10.0,22.0,11.0,17.708788,17.767385,18.681807,18.614454,17.69795,17.533491,18.062576,18.383669,17.427235,17.289246,16.954212,16.82614,18.358868,18.227274,17.276817,17.03064,20.270248,22.456434,0.0,0.0,4.0,0.0,0.0,0.0,0.0,0.0
42406,2023.0,10.0,22.0,11.0,17.68703,17.755543,18.283552,18.31147,18.012957,18.302814,17.547623,17.384813,17.320406,17.190102,16.934683,16.809816,18.347912,18.21947,17.192968,16.946447,18.3052,18.344978,4.0,4.0,0.0,0.0,0.0,0.0,0.0,0.0
42407,2023.0,10.0,22.0,11.0,17.662294,17.736294,20.221588,21.82258,18.179956,18.531443,17.300724,17.028921,17.992275,18.527529,16.921013,16.798548,19.13535,19.724022,17.156904,16.918848,17.61181,17.351208,4.0,4.0,0.0,4.0,0.0,4.0,0.0,0.0
42408,2023.0,10.0,22.0,12.0,18.381092,19.113792,20.016047,21.250568,18.235325,18.594095,17.19862,16.935844,20.278656,22.382046,17.31364,17.552202,19.283367,19.737638,17.236702,17.118252,17.488525,17.35172,4.0,4.0,0.0,0.0,4.0,4.0,0.0,0.0
42409,2023.0,10.0,22.0,12.0,21.30407,24.055582,20.042183,21.205017,21.32946,23.977331,21.446594,24.308958,18.95856,19.478483,20.296434,22.64777,21.228252,23.169264,21.491573,24.482014,17.382889,17.2609,4.0,0.0,0.0,4.0,0.0,0.0,0.0,0.0
42410,2023.0,10.0,22.0,12.0,21.030035,23.1556,20.055182,21.180897,21.024025,23.030167,20.982683,23.165897,20.252018,22.057302,18.590761,18.917376,21.03333,22.52321,21.00668,23.25289,18.27132,19.047737,0.0,0.0,4.0,0.0,0.0,0.0,0.0,4.0
42411,2023.0,10.0,22.0,12.0,21.070814,23.004068,18.831509,18.786259,21.050379,22.838009,21.08568,23.109686,18.569452,18.586311,17.588722,17.493328,21.025211,22.310757,21.065866,23.08902,20.248976,22.309963,0.0,4.0,0.0,0.0,0.0,4.0,0.0,0.0
42412,2023.0,10.0,22.0,12.0,21.026344,22.761126,18.498306,18.58343,21.07069,22.748808,21.06836,22.886564,17.705296,17.458313,17.399628,17.276146,21.054424,22.268059,21.055826,22.87388,19.101807,19.76469,4.0,0.0,0.0,0.0,0.0,0.0,0.0,4.0
42413,2023.0,10.0,22.0,12.0,21.191767,22.979692,20.214165,21.725714,21.189152,22.85752,21.161484,22.940294,18.391006,18.9679,17.323248,17.199104,21.17509,22.397985,21.196705,23.016531,20.22091,21.997593,0.0,4.0,0.0,4.0,0.0,4.0,0.0,0.0
42414,2023.0,10.0,22.0,13.0,21.039415,22.59158,18.811989,18.842464,21.067644,22.55396,21.054234,22.65111,20.231205,22.034754,17.264423,17.144398,21.05098,22.101854,21.05286,22.623745,18.542103,18.560568,0.0,0.0,0.0,0.0,0.0,0.0,0.0,0.0
42415,2023.0,10.0,22.0,13.0,21.064821,22.603983,18.590387,18.892288,21.036322,22.412495,21.03061,22.529852,18.584635,18.621916,17.21494,17.098255,21.044752,22.036728,21.052015,22.548033,18.635519,19.24091,4.0,4.0,4.0,0.0,0.0,0.0,0.0,4.0
42416,2023.0,10.0,22.0,13.0,21.14849,22.721008,20.192339,21.6993,21.152256,22.622084,21.195923,22.823841,18.470219,18.894339,17.58389,17.835325,21.12137,22.148687,21.187597,22.763071,20.21093,21.931791,4.0,0.0,4.0,4.0,4.0,0.0,0.0,0.0
42417,2023.0,10.0,22.0,13.0,21.056917,22.49374,20.016665,21.216368,21.03362,22.325893,21.068268,22.532988,20.212748,21.949266,20.26934,22.470953,21.033756,21.9575,21.049673,22.440363,19.303972,19.949064,4.0,4.0,0.0,0.0,0.0,0.0,0.0,4.0
42418,2023.0,10.0,22.0,13.0,21.055958,22.458853,20.055664,21.222616,21.038584,22.311178,21.036106,22.406025,18.620214,18.654642,18.63171,18.94763,21.004803,21.868488,21.049385,22.40661,20.182121,21.732609,0.0,4.0,4.0,0.0,0.0,4.0,0.0,0.0
42419,2023.0,10.0,22.0,13.0,21.018965,22.358355,19.179947,19.455462,21.062206,22.358345,21.065676,22.453878,17.808516,17.607683,17.682625,17.606806,21.017939,21.874916,21.048512,22.378313,19.386593,20.017956,4.0,0.0,0.0,0.0,0.0,4.0,0.0,4.0
42420,2023.0,10.0,22.0,14.0,21.184677,22.688383,20.174053,21.457664,21.227808,22.647514,21.220135,22.714254,17.687809,17.576277,17.895676,18.151499,21.147612,22.139294,21.237747,22.73531,20.125036,21.507652,4.0,4.0,4.0,0.0,4.0,0.0,0.0,4.0
42421,2023.0,10.0,22.0,14.0,20.25089,20.830645,20.033125,21.120462,19.687477,19.68689,19.596375,19.587854,17.60797,17.511,20.247223,22.243029,19.987768,19.878323,20.630978,21.488358,20.287907,21.76739,0.0,0.0,0.0,0.0,0.0,0.0,4.0,4.0
42422,2023.0,10.0,22.0,14.0,19.28732,19.321903,19.246265,19.544249,19.51135,19.823446,19.399498,19.723537,17.51286,17.421206,18.744267,19.046736,19.435408,19.171518,19.403416,19.320314,20.057438,21.278496,4.0,4.0,4.0,0.0,0.0,0.0,0.0,0.0
42423,2023.0,10.0,22.0,14.0,18.815165,18.744587,20.184666,21.444424,19.529573,19.898272,18.865425,18.768152,17.425453,17.336803,17.849762,17.789848,19.233738,18.961823,18.789404,18.57408,18.769789,18.763138,0.0,4.0,0.0,0.0,0.0,0.0,0.0,0.0
42424,2023.0,10.0,22.0,14.0,18.597425,18.530674,18.977106,19.024044,18.850445,18.714184,19.06269,19.403837,17.347572,17.263025,17.63663,17.547861,19.223003,19.084204,18.529215,18.308659,18.925198,19.49393,0.0,0.0,4.0,0.0,0.0,0.0,0.0,4.0
42425,2023.0,10.0,22.0,14.0,18.59574,18.660006,18.524145,18.435852,18.518068,18.278843,18.567549,18.478285,17.286646,17.204737,17.548334,17.456865,19.180984,19.067684,18.376926,18.161072,20.17907,21.70284,0.0,0.0,0.0,0.0,0.0,0.0,0.0,0.0
42426,2023.0,10.0,22.0,15.0,19.236464,19.951202,18.772635,19.073988,18.97799,19.303633,18.827728,19.189339,17.222681,17.145956,17.461182,17.374836,19.86662,20.447706,18.322527,18.211748,18.721537,18.754416,4.0,4.0,4.0,0.0,0.0,4.0,0.0,0.0
42427,2023.0,10.0,22.0,15.0,18.635094,18.71087,20.168005,21.545822,19.108229,19.515831,18.36224,18.287966,17.168407,17.094389,17.391863,17.30596,19.913988,20.407055,18.248957,18.15643,19.007477,19.575571,4.0,4.0,0.0,0.0,0.0,4.0,0.0,4.0
42428,2023.0,10.0,22.0,15.0,18.248672,18.223066,20.032204,21.174604,18.519983,18.435974,18.667088,19.057413,17.11122,17.041561,17.319458,17.238073,19.900795,20.383501,18.147057,18.06182,20.164934,21.588865,0.0,0.0,4.0,0.0,0.0,4.0,0.0,0.0
42429,2023.0,10.0,22.0,15.0,18.123838,18.09537,18.905436,18.943325,18.160957,17.96804,18.25206,18.191086,17.057993,16.993181,17.255571,17.18053,19.917818,20.400938,18.050919,17.972128,18.758553,18.783567,0.0,0.0,0.0,0.0,0.0,4.0,0.0,0.0
42430,2023.0,10.0,22.0,15.0,18.905767,19.647026,18.347351,18.129818,18.02874,17.818823,17.968506,17.78203,17.013218,16.951643,17.205816,17.134472,19.232588,19.105585,19.036125,19.906479,18.195738,18.009253,0.0,0.0,0.0,0.0,0.0,0.0,4.0,0.0
42431,2023.0,10.0,22.0,15.0,18.358461,18.466537,18.26715,18.162369,18.746748,19.262548,18.508827,18.892452,16.970615,16.912903,17.157692,17.091093,19.698885,20.134558,18.24627,18.21033,17.972345,17.785849,0.0,4.0,4.0,0.0,0.0,4.0,0.0,0.0
42432,2023.0,10.0,22.0,16.0,18.076525,18.057861,18.17958,18.106592,18.817284,19.262335,18.062677,17.990032,16.930334,16.875608,17.111267,17.048164,19.844957,20.338331,17.911882,17.748558,17.8923,17.799595,0.0,4.0,0.0,0.0,0.0,4.0,0.0,0.0
42433,2023.0,10.0,22.0,16.0,17.976892,17.950249,18.524866,18.847584,18.80301,19.227453,18.47967,18.882156,16.890335,16.836815,17.06508,17.003384,19.147957,19.008427,17.792875,17.62595,17.786963,17.708912,4.0,4.0,4.0,0.0,0.0,0.0,0.0,0.0
42434,2023.0,10.0,22.0,16.0,18.75882,19.499666,20.220366,21.827925,18.805645,19.22286,18.592999,19.025438,17.60951,18.227995,17.019156,16.957561,18.886234,18.654547,17.699686,17.533384,17.67769,17.60489,0.0,4.0,4.0,4.0,0.0,0.0,0.0,0.0
42435,2023.0,10.0,22.0,16.0,18.283607,18.367443,19.332722,19.883017,18.800995,19.211067,18.599342,19.020832,20.287815,22.73405,16.972359,16.912226,18.75437,18.518251,17.696772,17.617323,17.563234,17.494333,4.0,4.0,4.0,0.0,0.0,0.0,0.0,0.0
42436,2023.0,10.0,22.0,16.0,17.905737,17.873516,20.187456,21.58849,18.223745,18.138517,18.028131,17.948318,18.278866,18.4505,17.331972,17.628647,18.65265,18.415695,17.665514,17.599716,17.459179,17.39263,0.0,0.0,0.0,0.0,4.0,0.0,0.0,0.0
42437,2023.0,10.0,22.0,16.0,18.509008,19.083574,18.862505,18.887844,18.51303,18.868732,18.33433,18.7073,17.990284,18.460518,20.29772,22.695993,19.484892,20.086481,17.610031,17.547195,17.365005,17.300257,0.0,4.0,4.0,4.0,4.0,4.0,0.0,0.0
42438,2023.0,10.0,22.0,17.0,18.731575,19.320564,18.088886,17.858994,18.679209,19.072742,17.92715,17.83431,20.299019,22.460167,20.025768,21.825945,19.627113,20.10533,17.554407,17.493193,17.279806,17.217186,0.0,4.0,0.0,0.0,0.0,4.0,0.0,0.0
42439,2023.0,10.0,22.0,17.0,18.761295,19.33602,18.440361,18.701677,18.110043,18.002756,17.58705,17.37659,18.41578,18.522266,18.413824,18.500795,19.60704,20.062754,17.5008,17.439833,17.200922,17.139482,4.0,0.0,0.0,0.0,0.0,4.0,0.0,0.0
42440,2023.0,10.0,22.0,17.0,18.779419,19.341867,20.224672,21.829746,18.46575,18.786194,17.470093,17.231577,18.38675,18.780647,17.84246,17.734863,18.917063,18.748589,17.454208,17.39283,17.135397,17.073864,0.0,4.0,0.0,4.0,0.0,0.0,0.0,0.0
42441,2023.0,10.0,22.0,17.0,18.790148,19.337156,19.324804,19.853937,18.627228,18.988264,18.218794,18.723831,20.253557,22.065363,17.671347,17.579353,18.572895,18.313696,18.477,19.368359,17.066881,17.00642,4.0,4.0,4.0,0.0,0.0,0.0,4.0,0.0
42442,2023.0,10.0,22.0,17.0,18.790657,19.320478,20.171713,21.522848,18.047668,17.905777,17.786333,17.682741,18.53438,18.554064,17.508478,17.413511,18.443499,18.171598,17.775326,17.68958,17.00209,16.941895,4.0,0.0,0.0,0.0,0.0,0.0,0.0,0.0
42443,2023.0,10.0,22.0,17.0,18.16196,18.130398,20.03496,21.151978,18.359875,18.67888,18.07424,18.423586,18.353224,18.749632,17.37006,17.274033,18.344042,18.065056,17.327816,17.133703,16.93965,16.87839,0.0,4.0,4.0,4.0,0.0,0.0,0.0,0.0
42444,2023.0,10.0,22.0,18.0,18.536985,19.03033,19.14723,19.350924,17.926615,17.764284,18.228905,18.578142,20.229586,22.003557,17.633718,17.870823,19.220306,19.817236,17.206335,17.001743,16.88107,16.817047,4.0,0.0,4.0,4.0,4.0,4.0,0.0,0.0
42445,2023.0,10.0,22.0,18.0,21.300173,23.764782,20.163269,21.420086,21.297745,23.855982,21.323553,23.944334,20.139418,21.694363,20.278118,22.4526,21.20823,23.130083,21.485216,24.45514,16.821003,16.750322,4.0,4.0,4.0,0.0,0.0,0.0,0.0,0.0
42446,2023.0,10.0,22.0,18.0,21.002825,22.86275,20.019485,21.03014,21.028078,22.974861,21.032541,23.053883,18.482586,18.387367,18.609053,18.885553,21.040033,22.547983,20.972403,23.167234,16.768084,16.692612,4.0,0.0,0.0,0.0,0.0,0.0,4.0,0.0
42447,2023.0,10.0,22.0,18.0,21.045418,22.757757,20.055948,21.051012,21.043991,22.75018,21.047834,22.837831,17.642849,17.329416,17.625025,17.53389,21.055418,22.408936,21.086185,23.134897,16.719736,16.638367,0.0,4.0,4.0,0.0,0.0,0.0,0.0,0.0
42448,2023.0,10.0,22.0,18.0,21.042435,22.623138,19.164028,19.266829,21.048508,22.601873,21.07636,22.75887,18.34233,18.90263,17.785675,18.016695,21.04307,22.287313,21.069464,22.89841,16.678244,16.59396,4.0,4.0,0.0,4.0,4.0,0.0,0.0,0.0
42449,2023.0,10.0,22.0,18.0,21.16549,22.795042,20.160627,21.313883,21.18694,22.76824,21.180746,22.832176,20.34079,22.27209,20.330036,22.337347,21.207615,22.526464,21.183529,22.978622,17.568897,18.306046,4.0,4.0,4.0,0.0,0.0,4.0,0.0,4.0
42450,2023.0,10.0,22.0,19.0,21.034897,22.434746,20.020605,20.947079,21.045288,22.3992,21.073654,22.549324,18.40782,18.294363,18.631163,18.846899,21.060575,22.173685,21.06818,22.635487,20.323652,22.855368,4.0,4.0,0.0,0.0,0.0,0.0,0.0,0.0
42451,2023.0,10.0,22.0,19.0,21.040337,22.391716,20.056911,20.979742,21.044556,22.336756,21.04215,22.399258,17.48785,17.148369,17.675362,17.563818,21.023548,22.023363,21.054533,22.552973,18.034542,18.0077,0.0,4.0,4.0,0.0,0.0,4.0,0.0,0.0
42452,2023.0,10.0,22.0,19.0,21.065422,22.421457,18.851921,18.630465,21.068613,22.35596,21.071915,22.429535,18.219881,18.774786,17.445803,17.32551,21.05827,22.074003,21.05517,22.509283,17.027843,16.75656,0.0,0.0,0.0,4.0,0.0,0.0,0.0,0.0
42453,2023.0,10.0,22.0,19.0,21.059704,22.369448,18.797085,18.976282,21.062649,22.298767,21.065517,22.373743,20.259518,22.163622,17.302399,17.182974,21.052256,22.02521,21.054274,22.471344,16.986227,16.882565,4.0,0.0,0.0,0.0,0.0,0.0,0.0,0.0
42454,2023.0,10.0,22.0,19.0,21.1602,22.535936,20.176205,21.417513,21.19428,22.504412,21.189138,22.565868,18.359621,18.234158,17.173794,17.044838,21.127947,22.1463,21.20445,22.741838,17.865942,18.589695,0.0,4.0,4.0,0.0,0.0,0.0,0.0,4.0
42455,2023.0,10.0,22.0,19.0,21.01683,22.22705,19.423365,19.823618,21.04123,22.168207,21.044422,22.248102,17.432974,17.09012,17.066788,16.93874,21.038061,21.966677,21.013742,22.304304,20.30926,22.635706,4.0,4.0,4.0,0.0,0.0,0.0,4.0,0.0
42456,2023.0,10.0,22.0,20.0,21.214233,22.596107,20.15292,21.27549,21.06613,22.218157,21.06908,22.298027,17.399176,17.261358,16.971933,16.840532,21.156717,22.20184,21.073656,22.414022,18.80899,19.334696,4.0,0.0,0.0,0.0,0.0,0.0,0.0,4.0
42457,2023.0,10.0,22.0,20.0,21.062494,22.289097,20.041582,20.98866,21.060682,22.18317,21.038612,22.19391,17.340624,17.215647,16.886057,16.750834,21.038961,21.958698,21.06319,22.357052,20.281502,22.266582,0.0,0.0,4.0,0.0,0.0,0.0,0.0,0.0
42458,2023.0,10.0,22.0,20.0,21.057901,22.258495,18.789213,18.53494,21.060999,22.160698,21.06923,22.257332,17.942055,18.444145,17.164959,17.334312,21.039288,21.954346,21.063927,22.32664,18.977505,19.455214,0.0,0.0,0.0,4.0,4.0,0.0,0.0,4.0
42459,2023.0,10.0,22.0,20.0,21.03115,22.16446,17.998089,17.476717,21.04456,22.139479,21.038223,22.1543,20.415041,22.60667,20.421547,22.77135,21.039366,21.948797,21.050022,22.299074,21.407711,23.905907,0.0,0.0,4.0,4.0,0.0,0.0,0.0,0.0
42460,2023.0,10.0,22.0,20.0,21.06334,22.235119,18.389194,18.462029,21.021162,22.076132,21.04327,22.14864,20.042568,21.630718,18.465275,18.725405,21.039272,21.942535,21.051508,22.297262,18.47878,18.297482,4.0,4.0,4.0,0.0,0.0,0.0,0.0,0.0
42461,2023.0,10.0,22.0,20.0,21.17594,22.441952,20.196745,21.642376,21.207909,22.47452,21.20685,22.462416,18.857895,19.140703,17.74244,17.919518,21.156662,22.170963,21.227262,22.64211,17.530474,17.153746,0.0,0.0,4.0,4.0,4.0,0.0,0.0,0.0
42462,2023.0,10.0,22.0,21.0,21.05731,22.182835,19.293686,19.671059,21.062174,22.141333,21.06794,22.18726,20.44186,22.171808,20.37675,22.41374,21.03892,21.92598,21.050653,22.276722,17.239508,16.85678,4.0,0.0,0.0,4.0,0.0,0.0,0.0,0.0
42463,2023.0,10.0,22.0,21.0,21.211409,22.506887,20.180613,21.409262,21.209652,22.38957,21.17244,22.379656,20.043821,21.344902,18.569708,18.744343,21.157036,22.157183,21.347847,22.838062,17.272287,17.124735,4.0,4.0,0.0,0.0,0.0,0.0,4.0,0.0
42464,2023.0,10.0,22.0,21.0,21.015623,22.098083,20.04055,21.026937,21.065191,22.09906,21.037252,22.07073,18.433088,18.158985,17.574522,17.41902,21.03868,21.912127,21.032032,22.172913,17.21584,17.080711,0.0,0.0,4.0,0.0,0.0,0.0,4.0,0.0
42465,2023.0,10.0,22.0,21.0,21.037361,22.121342,19.047482,19.023335,21.034222,22.000961,21.06817,22.145412,17.597557,17.164179,17.684263,17.819628,21.038807,21.907991,21.030188,22.156797,18.017548,18.693632,4.0,4.0,0.0,0.0,4.0,0.0,4.0,4.0
42466,2023.0,10.0,22.0,21.0,21.213211,22.461514,20.201403,21.389185,21.173439,22.289303,21.2043,22.386189,18.360905,18.878658,20.355495,22.326807,21.153687,22.133093,21.26553,22.61685,20.375063,22.593843,0.0,0.0,4.0,4.0,4.0,0.0,4.0,4.0
42467,2023.0,10.0,22.0,21.0,21.061504,22.16243,18.74505,18.435736,21.033373,21.972437,21.06702,22.118317,20.238018,21.978132,20.037977,21.575848,21.008242,21.81637,21.069223,22.23468,21.133932,23.5344,0.0,4.0,0.0,0.0,0.0,4.0,0.0,4.0
42468,2023.0,10.0,22.0,22.0,21.02907,22.063173,18.203455,17.929955,21.039326,21.977835,21.0612,22.09367,18.362967,18.132877,18.284107,18.03978,21.043665,21.910997,21.061846,22.202055,19.891619,21.042503,0.0,4.0,0.0,0.0,0.0,0.0,0.0,0.0
42469,2023.0,10.0,22.0,22.0,21.062225,22.140947,18.116896,17.877874,21.06449,22.04214,21.061762,22.081366,17.429546,16.99273,17.602192,17.370775,21.023527,21.816399,21.062271,22.184196,18.322678,18.026089,0.0,0.0,0.0,0.0,4.0,4.0,0.0,0.0
42470,2023.0,10.0,22.0,22.0,21.029627,22.042652,17.993359,17.754364,21.059195,22.018938,21.044127,22.0699,17.42404,17.240362,20.358864,22.224009,21.05747,21.884539,21.062006,22.167425,18.32456,18.597248,0.0,0.0,0.0,0.0,0.0,0.0,0.0,4.0
42471,2023.0,10.0,22.0,22.0,21.06279,22.123156,17.880564,17.636557,21.034126,21.93611,21.046247,22.08634,17.96364,18.318548,18.941782,19.31648,21.051924,21.851267,21.047022,22.153444,20.309166,21.979324,0.0,4.0,0.0,4.0,4.0,0.0,0.0,0.0
42472,2023.0,10.0,22.0,22.0,21.056292,22.099037,17.781143,17.532639,21.064976,22.011574,21.045902,22.091415,20.326199,22.2864,20.252657,21.935776,21.052414,21.833681,21.049088,22.165495,18.342907,18.069138,0.0,0.0,0.0,0.0,4.0,0.0,0.0,0.0
42473,2023.0,10.0,22.0,22.0,21.056648,22.08653,17.693802,17.44092,21.05923,21.989088,21.046017,22.0937,18.21674,17.9757,20.029049,21.391558,21.03614,21.818577,21.048782,22.169167,17.429441,16.991228,0.0,0.0,0.0,0.0,0.0,0.0,0.0,0.0
42474,2023.0,10.0,22.0,23.0,21.039541,22.07519,17.616,17.35899,21.041391,21.978975,21.046038,22.094414,17.827215,17.902594,18.966978,19.241732,21.038174,21.832394,21.04896,22.171177,17.419113,17.24356,0.0,0.0,0.0,4.0,4.0,0.0,0.0,0.0
42475,2023.0,10.0,22.0,23.0,20.022274,20.137505,17.990892,18.116549,19.990335,19.978388,19.910448,19.915548,17.33827,16.955235,18.063541,17.912828,20.059603,19.957455,19.774832,19.721226,17.355177,17.199402,4.0,0.0,0.0,0.0,0.0,0.0,0.0,0.0
42476,2023.0,10.0,22.0,23.0,19.521984,19.436785,17.727133,17.57271,19.426096,19.160038,19.317848,19.06294,17.009893,16.540462,17.75159,17.543978,19.66679,19.447292,19.251085,19.051548,17.244738,17.084702,0.0,0.0,0.0,0.0,0.0,0.0,0.0,0.0
42477,2023.0,10.0,22.0,23.0,19.302738,19.210052,17.54003,17.286423,19.186823,18.905924,19.070879,18.802671,17.136898,16.962126,17.574514,17.369717,19.486525,19.262617,19.007084,18.810596,17.140738,16.979969,0.0,0.0,0.0,0.0,0.0,0.0,0.0,0.0
42478,2023.0,10.0,22.0,23.0,19.143791,19.061646,17.471275,17.214035,19.70221,20.033148,18.896183,18.639322,17.666351,18.002125,17.425234,17.222828,19.342451,19.125036,18.818153,18.636246,17.051208,16.893932,0.0,4.0,0.0,4.0,0.0,0.0,0.0,0.0
42479,2023.0,10.0,22.0,23.0,19.00201,18.9222,17.414177,17.157999,19.203873,19.087126,18.740444,18.486042,17.219997,17.06378,17.289175,17.087168,19.211853,18.99492,18.64463,18.460197,16.965372,16.808285,0.0,0.0,0.0,0.0,0.0,0.0,0.0,0.0
42480,2023.0,10.0,23.0,0.0,18.878035,18.800238,17.787947,17.905485,18.507383,17.884935,18.604246,18.352577,16.781963,16.358198,17.167774,16.966589,19.095964,18.879503,18.49357,18.309807,16.886457,16.729464,4.0,0.0,0.0,0.0,0.0,0.0,0.0,0.0
42481,2023.0,10.0,23.0,0.0,18.764885,18.686584,17.530554,17.378057,18.22317,17.563923,18.480223,18.228792,17.193916,17.276413,17.055744,16.85306,18.989826,18.771677,18.356836,18.171682,16.811832,16.653286,0.0,0.0,0.0,4.0,0.0,0.0,0.0,0.0
42482,2023.0,10.0,23.0,0.0,18.663988,18.587137,17.360725,17.11813,18.381409,18.050446,18.36966,18.120407,16.713331,16.300146,16.95476,16.752264,18.894503,18.676167,18.234577,18.049902,16.743065,16.583992,0.0,0.0,0.0,0.0,0.0,0.0,0.0,0.0
42483,2023.0,10.0,23.0,0.0,18.570808,18.494337,17.287653,17.032717,18.383108,18.112099,18.267447,18.019192,16.474775,16.020369,17.154318,17.20601,19.546835,19.988289,18.121672,17.93639,17.411375,17.898983,0.0,0.0,0.0,0.0,4.0,4.0,0.0,4.0
42484,2023.0,10.0,23.0,0.0,18.485834,18.410803,17.235107,16.980438,18.309408,18.046324,18.174831,17.928753,16.61678,16.42315,16.907091,16.724958,18.668455,18.187746,18.019033,17.834448,16.895252,16.781,0.0,0.0,0.0,0.0,0.0,0.0,0.0,0.0
42485,2023.0,10.0,23.0,0.0,18.403595,18.326664,17.18579,16.929405,18.22845,17.96469,18.085852,17.838068,17.20717,17.54763,16.745634,16.538774,18.335749,17.773214,17.920576,17.733168,16.44624,16.04336,0.0,0.0,0.0,4.0,0.0,0.0,0.0,0.0
42486,2023.0,10.0,23.0,1.0,18.329481,18.253244,17.141045,16.88473,18.152649,17.890457,18.00567,17.759092,16.78019,16.621595,16.662155,16.455616,18.210478,17.653122,17.831484,17.64403,17.037066,17.288076,0.0,0.0,0.0,0.0,0.0,0.0,0.0,4.0
42487,2023.0,10.0,23.0,1.0,18.25947,18.182991,17.097742,16.840944,18.079708,17.81824,17.9297,17.683556,16.362938,15.928983,16.582691,16.375265,18.41441,18.176472,17.747463,17.559364,16.433434,16.021854,0.0,0.0,0.0,0.0,0.0,0.0,0.0,0.0
42488,2023.0,10.0,23.0,1.0,18.187471,18.104933,17.051678,16.790306,18.003536,17.73599,17.851223,17.598448,16.175827,15.7029915,16.50233,16.287613,18.413221,18.183918,17.663465,17.469917,16.198475,15.76758,0.0,0.0,0.0,0.0,0.0,0.0,0.0,0.0
42489,2023.0,10.0,23.0,1.0,18.125639,18.044142,17.01183,16.751091,17.939318,17.674183,17.785177,17.534739,16.372332,16.203323,16.433727,16.219645,18.360022,18.1302,17.589191,17.395782,16.373316,16.223024,0.0,0.0,0.0,0.0,0.0,0.0,0.0,0.0
42490,2023.0,10.0,23.0,1.0,18.063318,17.97952,16.970074,16.707022,17.873606,17.606009,17.71744,17.464455,16.351767,16.163183,16.364809,16.147394,18.306028,18.073584,17.51644,17.320824,16.338524,16.165274,0.0,0.0,0.0,0.0,0.0,0.0,0.0,0.0
42491,2023.0,10.0,23.0,1.0,18.005064,17.920267,16.93046,16.666449,17.81284,17.544924,17.654833,17.401535,16.306696,16.116508,16.300585,16.081749,18.25335,18.01936,17.447918,17.251211,16.289465,16.11473,0.0,0.0,0.0,0.0,0.0,0.0,0.0,0.0
42492,2023.0,10.0,23.0,2.0,17.953176,17.871231,16.894709,16.632803,17.7592,17.495487,17.599663,17.350687,16.264465,16.075296,16.243196,16.027178,18.20482,17.972103,17.385372,17.190668,16.976439,17.449482,0.0,0.0,0.0,0.0,0.0,0.0,0.0,4.0
42493,2023.0,10.0,23.0,2.0,17.899752,17.81691,16.856785,16.594084,17.703499,17.43955,17.542585,17.293293,16.21965,16.029379,16.184305,15.967261,18.155153,17.92127,17.322737,17.127346,16.201803,15.804032,0.0,0.0,0.0,0.0,0.0,0.0,0.0,0.0
42494,2023.0,10.0,23.0,2.0,17.84292,17.753988,16.815142,16.547472,17.643688,17.373482,17.481602,17.225754,16.171465,15.976382,16.121805,15.898269,18.102774,17.863861,17.257938,17.057598,15.923198,15.475694,0.0,0.0,0.0,0.0,0.0,0.0,0.0,0.0
42495,2023.0,10.0,23.0,2.0,17.793468,17.704166,16.778807,16.511066,17.592627,17.32322,17.429447,17.17437,16.12778,15.93198,16.067394,15.843779,18.055727,17.81606,17.199614,16.99891,16.080164,15.892138,0.0,0.0,0.0,0.0,0.0,0.0,0.0,0.0
42496,2023.0,10.0,23.0,2.0,17.746593,17.658072,16.743546,16.476326,17.543837,17.27592,17.379435,17.125942,16.085695,15.890159,16.305147,16.33313,18.010828,17.771435,17.144373,16.94457,16.794136,17.250189,0.0,0.0,0.0,0.0,4.0,0.0,0.0,4.0
42497,2023.0,10.0,23.0,2.0,17.698423,17.608158,16.706848,16.43821,17.493742,17.224651,17.328287,17.073559,16.042341,15.84532,16.09437,15.887671,17.964989,17.72405,17.088577,16.887642,16.029152,15.618002,0.0,0.0,0.0,0.0,0.0,0.0,0.0,0.0
42498,2023.0,10.0,23.0,3.0,17.649958,17.55659,16.66963,16.398436,17.443413,17.171726,17.277306,17.019743,16.5871,16.905457,15.965667,15.737633,17.918848,17.675295,17.032843,16.829548,15.75631,15.299277,0.0,0.0,0.0,4.0,0.0,0.0,0.0,0.0
42499,2023.0,10.0,23.0,3.0,17.60625,17.51327,16.635773,16.365149,17.397888,17.12727,17.231022,16.974464,16.190458,16.031546,15.910658,15.684038,18.621506,19.040436,17.994576,18.685076,15.655626,15.198998,0.0,0.0,0.0,0.0,0.0,4.0,4.0,0.0
42500,2023.0,10.0,23.0,3.0,17.563175,17.46952,16.601954,16.33138,17.353075,17.082514,17.184828,16.928553,16.020834,15.820368,15.856498,15.62972,18.874495,19.374054,17.029333,16.619623,15.806301,15.589867,0.0,0.0,0.0,0.0,0.0,4.0,0.0,0.0
42501,2023.0,10.0,23.0,3.0,17.525274,17.435026,16.568241,16.297533,17.30948,17.03843,17.14051,16.884504,15.965516,15.765371,16.089087,16.10701,17.858713,17.343904,16.68046,16.185648,15.8339,15.647034,0.0,0.0,0.0,0.0,4.0,0.0,0.0,0.0
42502,2023.0,10.0,23.0,3.0,17.498268,17.418953,16.533716,16.261639,17.266644,16.993792,17.095161,16.838303,15.9117365,15.709385,15.86587,15.63434,17.526844,16.922857,16.555122,16.056065,15.803453,15.617208,0.0,0.0,0.0,0.0,0.0,0.0,0.0,0.0
42503,2023.0,10.0,23.0,3.0,17.461739,17.383749,16.50229,16.231466,17.226614,16.955973,17.053782,16.799118,15.865925,15.664978,15.763556,15.534696,17.41823,16.824406,17.739693,18.406033,16.47356,16.906647,0.0,0.0,0.0,0.0,0.0,0.0,4.0,4.0
42504,2023.0,10.0,23.0,4.0,17.422405,17.34356,16.4694,16.198349,17.184868,16.914566,17.011288,16.756777,15.820187,15.618685,15.99239,16.007288,17.320383,16.730953,16.845003,16.435083,16.017157,15.889937,0.0,0.0,0.0,0.0,4.0,0.0,0.0,0.0
42505,2023.0,10.0,23.0,4.0,17.381653,17.30053,16.43548,16.163061,17.142366,16.870884,16.968292,16.712381,15.774774,15.571343,15.768459,15.535828,17.553352,17.284325,16.49999,16.001192,15.557415,15.103861,0.0,0.0,0.0,0.0,0.0,0.0,0.0,0.0
42506,2023.0,10.0,23.0,4.0,17.343613,17.262762,16.403975,16.132208,17.102598,16.832476,16.928436,16.67361,15.733114,15.530286,15.957457,15.980946,17.580168,17.330685,16.385166,15.887188,16.111374,16.263706,0.0,0.0,0.0,0.0,4.0,0.0,0.0,4.0
42507,2023.0,10.0,23.0,4.0,17.30491,17.223385,16.371881,16.100004,17.062164,16.79256,16.8881,16.633493,15.691633,15.488564,15.735461,15.516284,17.554081,17.30643,16.28585,15.789338,15.548998,15.086372,0.0,0.0,0.0,0.0,0.0,0.0,0.0,0.0
42508,2023.0,10.0,23.0,4.0,17.26466,17.180573,16.338531,16.065042,17.020355,16.749596,16.846645,16.590532,15.6495285,15.444749,15.611968,15.378275,17.520529,17.271715,16.481388,16.26781,15.350284,14.882782,0.0,0.0,0.0,0.0,0.0,0.0,0.0,0.0
42509,2023.0,10.0,23.0,4.0,17.225683,17.140024,16.305414,16.030691,16.979315,16.707901,16.805794,16.54881,15.608841,15.403047,15.554376,15.319332,17.485296,17.235647,16.488182,16.28131,15.259173,14.792577,0.0,0.0,0.0,0.0,0.0,0.0,0.0,0.0
42510,2023.0,10.0,23.0,5.0,17.188488,17.102768,16.27432,16.000671,16.940796,16.670877,16.767056,16.511538,15.570371,15.3652115,15.502391,15.268874,17.450714,17.20155,16.457047,16.25046,15.446688,15.250048,0.0,0.0,0.0,0.0,0.0,0.0,0.0,0.0
42511,2023.0,10.0,23.0,5.0,17.152645,17.068045,16.243797,15.971848,16.90313,16.63501,16.728828,16.475166,15.53298,15.328882,15.453379,15.220716,17.416666,17.16873,16.421698,16.216385,15.459053,15.271462,0.0,0.0,0.0,0.0,0.0,0.0,0.0,0.0
42512,2023.0,10.0,23.0,5.0,17.120564,17.040043,16.217278,15.9503975,16.869963,16.607153,16.695095,16.446848,16.071117,16.37169,15.411699,15.184512,17.385624,17.141434,16.386951,16.185282,16.158943,16.611698,0.0,0.0,0.0,4.0,0.0,0.0,0.0,4.0
42513,2023.0,10.0,23.0,5.0,17.086483,17.007399,16.18883,15.924618,16.83484,16.574604,16.659538,16.41384,15.6824665,15.510248,15.368877,15.143612,17.353079,17.110611,16.349882,16.149885,15.669486,15.523484,0.0,0.0,0.0,0.0,0.0,0.0,0.0,0.0
42514,2023.0,10.0,23.0,5.0,17.051939,16.972998,16.159704,15.897141,16.79909,16.54025,16.623613,16.379175,15.533686,15.334583,15.326637,15.101987,17.320122,17.07849,16.311827,16.11255,15.243243,14.798304,0.0,0.0,0.0,0.0,0.0,0.0,0.0,0.0
42515,2023.0,10.0,23.0,5.0,17.799593,18.409906,16.133236,15.874731,16.76656,16.511904,16.590933,16.350605,15.487091,15.292198,15.578814,15.608648,17.289963,17.051453,16.276445,16.080332,15.119523,14.680733,0.0,0.0,0.0,0.0,4.0,0.0,0.0,0.0
42516,2023.0,10.0,23.0,6.0,17.312426,17.33616,16.105822,15.850013,16.732891,16.480896,16.556938,16.319271,16.014702,16.32265,15.690762,15.753908,17.259216,17.022614,16.240084,16.045813,15.2672615,15.063705,0.0,0.0,0.0,4.0,4.0,0.0,0.0,0.0
42517,2023.0,10.0,23.0,6.0,21.17069,24.154902,16.080706,15.829013,21.337997,24.37301,21.302382,24.43738,20.101603,23.239244,20.288382,23.39409,21.888798,24.848326,22.26023,26.082218,15.292735,15.115928,0.0,0.0,0.0,0.0,4.0,4.0,4.0,0.0
42518,2023.0,10.0,23.0,6.0,21.01053,23.350576,16.484993,16.605669,20.986708,23.38646,21.007133,23.567719,17.325987,17.24018,20.034191,22.607666,20.931955,22.92727,20.848919,23.255344,15.272401,15.099548,4.0,4.0,0.0,0.0,0.0,0.0,0.0,0.0
42519,2023.0,10.0,23.0,6.0,21.151207,23.331705,20.329025,23.17533,21.084017,23.284964,21.060263,23.32674,16.1323,15.932698,17.445549,17.262602,21.129374,23.045837,21.127708,23.498325,16.006245,16.507725,4.0,0.0,4.0,0.0,0.0,0.0,0.0,4.0
42520,2023.0,10.0,23.0,6.0,22.044601,24.583958,20.022404,22.105705,21.06628,22.975069,21.076662,23.162956,15.999374,15.807889,16.764858,16.834549,21.576735,23.569649,21.087124,23.19273,20.392685,23.950724,4.0,4.0,0.0,0.0,4.0,0.0,0.0,0.0
42521,2023.0,10.0,23.0,6.0,20.914207,22.404821,20.09528,21.96134,21.067108,22.804995,21.092434,22.995909,15.887512,15.7013,20.35771,23.046896,20.964539,22.317831,21.070835,23.032427,17.780556,18.202358,0.0,4.0,0.0,0.0,4.0,4.0,0.0,4.0
42522,2023.0,10.0,23.0,7.0,21.10284,22.725588,17.975622,17.673676,21.088846,22.7453,21.087605,22.843393,15.795762,15.614885,20.023142,22.126045,21.059856,22.418188,21.070759,22.934736,21.958559,25.990324,0.0,0.0,0.0,0.0,0.0,4.0,0.0,4.0
42523,2023.0,10.0,23.0,7.0,21.029268,22.55067,17.565134,17.627897,21.057388,22.567999,21.063993,22.732534,16.463732,16.943632,18.13157,18.277422,21.046335,22.325863,21.031199,22.75556,19.857672,21.756096,4.0,4.0,0.0,4.0,0.0,4.0,4.0,4.0
42524,2023.0,10.0,23.0,7.0,21.174532,22.79293,20.290117,22.414724,21.164238,22.713924,21.164616,22.881184,20.378185,23.525772,17.035221,16.82939,21.133148,22.448616,21.189997,23.016388,20.127558,22.137646,0.0,4.0,0.0,4.0,0.0,4.0,0.0,0.0
42525,2023.0,10.0,23.0,7.0,21.053482,22.511864,18.512419,18.693827,21.058878,22.449783,21.063837,22.635712,20.046392,22.446194,16.72442,16.515753,21.074158,22.305422,21.081188,22.72822,17.832342,17.574787,0.0,4.0,0.0,0.0,0.0,0.0,0.0,0.0
42526,2023.0,10.0,23.0,7.0,21.07962,22.554438,17.860674,18.033016,21.083054,22.478493,21.063469,22.602867,17.564276,17.3651,16.523548,16.320093,21.038822,22.176033,21.081272,22.674522,17.663198,18.036634,4.0,0.0,0.0,0.0,0.0,4.0,0.0,4.0
42527,2023.0,10.0,23.0,7.0,21.324203,23.012886,20.28535,22.305676,21.17167,22.599228,21.170448,22.790625,16.35974,15.883936,16.349611,16.146414,21.14997,22.372671,21.258759,22.994492,20.33796,22.70489,0.0,4.0,0.0,0.0,0.0,4.0,4.0,0.0
42528,2023.0,10.0,23.0,8.0,21.072462,22.47769,18.492027,18.536371,21.05599,22.338364,21.036825,22.479458,16.327456,16.13071,16.567215,16.68178,21.041603,22.133062,21.088516,22.637384,17.857117,17.64591,4.0,4.0,4.0,0.0,4.0,4.0,0.0,0.0
42529,2023.0,10.0,23.0,8.0,20.239985,20.86621,20.246006,22.154118,19.755062,19.82742,19.495977,19.538172,16.984343,17.439638,20.455296,23.208998,19.388273,18.96758,19.893604,20.265917,16.707174,16.284008,0.0,4.0,0.0,4.0,0.0,0.0,4.0,0.0
42530,2023.0,10.0,23.0,8.0,19.457626,19.673433,18.57279,18.633074,19.089865,19.041386,18.840384,18.809975,20.422358,23.17187,18.148771,18.467958,19.338049,19.433708,18.50149,18.0759,16.62138,16.43655,4.0,4.0,4.0,0.0,0.0,4.0,0.0,0.0
42531,2023.0,10.0,23.0,8.0,18.498482,18.132973,20.240795,22.076597,18.877708,18.843534,18.669167,18.665018,17.740383,17.658773,16.838398,16.681578,18.731314,18.279884,17.883728,17.408901,16.53059,16.38813,0.0,4.0,4.0,0.0,0.0,0.0,0.0,0.0
42532,2023.0,10.0,23.0,8.0,18.670753,18.808073,18.3285,18.143717,18.735132,18.725857,18.533411,18.554533,17.129276,17.311773,16.55068,16.37803,19.027893,19.172712,18.59973,19.033588,16.386375,16.247776,0.0,4.0,4.0,4.0,0.0,4.0,4.0,0.0
42533,2023.0,10.0,23.0,8.0,18.100132,17.772207,18.14416,18.203047,18.025175,17.4985,18.447693,18.489658,20.421417,22.97891,16.773153,16.902119,19.108011,19.27419,18.74898,19.206457,16.279352,16.143297,4.0,0.0,4.0,0.0,4.0,4.0,4.0,0.0
42534,2023.0,10.0,23.0,9.0,17.72516,17.33628,20.295822,22.140759,18.216959,18.168966,17.728607,17.24812,17.877937,17.783392,20.419634,23.028196,19.079521,19.264702,17.789482,17.436693,16.170082,16.040134,0.0,4.0,0.0,0.0,0.0,4.0,0.0,0.0
42535,2023.0,10.0,23.0,9.0,18.219196,18.424883,19.043987,19.500437,17.743412,17.257025,17.332886,16.80553,17.358025,17.590023,18.25119,18.580126,19.066713,19.269457,17.307945,16.910378,16.075342,15.952215,4.0,0.0,0.0,4.0,0.0,4.0,0.0,0.0
42536,2023.0,10.0,23.0,9.0,17.722248,17.45658,20.196478,21.695139,18.072218,18.067999,17.810282,17.839415,20.331972,22.810305,17.282114,17.112951,19.065037,19.283903,17.149807,16.763292,16.895002,17.556087,4.0,4.0,4.0,0.0,0.0,4.0,0.0,4.0
42537,2023.0,10.0,23.0,9.0,18.079124,18.341227,20.052452,21.328468,17.636467,17.198675,17.39028,16.976349,17.992542,17.940075,17.398506,17.578072,19.064554,19.299911,17.017696,16.652765,20.352947,23.368008,0.0,0.0,0.0,0.0,4.0,4.0,0.0,0.0
42538,2023.0,10.0,23.0,9.0,17.650951,17.437075,18.489462,18.270319,17.920769,17.971926,17.691841,17.770832,16.825226,16.478998,20.403513,22.682327,18.352573,17.977274,17.0974,16.941124,17.662697,17.677061,0.0,4.0,4.0,0.0,0.0,0.0,0.0,0.0
42539,2023.0,10.0,23.0,9.0,17.349312,17.073956,18.231718,18.353191,18.142443,18.307861,17.286871,16.92272,16.719423,16.555693,18.452166,18.736748,18.011393,17.595179,17.101336,16.980253,16.470829,16.212145,4.0,4.0,0.0,0.0,0.0,0.0,0.0,0.0
42540,2023.0,10.0,23.0,10.0,17.26151,17.000906,20.22074,21.973942,17.534077,17.181887,17.664822,17.78226,16.660185,16.531818,17.573053,17.411476,18.685207,18.967964,17.052519,16.937778,16.404654,16.275644,0.0,0.0,4.0,0.0,0.0,4.0,0.0,0.0
42541,2023.0,10.0,23.0,10.0,17.380976,17.333712,18.791765,19.006323,17.209145,16.798002,17.916037,18.155746,17.29846,17.841555,17.294048,17.135508,18.218328,17.909847,16.997942,16.89119,16.334797,16.233707,0.0,0.0,4.0,4.0,0.0,0.0,0.0,0.0
42542,2023.0,10.0,23.0,10.0,17.412138,17.424742,18.515741,18.74785,17.118246,16.72676,17.34524,17.090618,20.315636,23.040646,17.14171,16.98848,18.749432,19.063051,16.95607,16.856028,16.259205,16.16522,4.0,0.0,0.0,0.0,0.0,4.0,0.0,0.0
42543,2023.0,10.0,23.0,10.0,17.391985,17.423763,20.20269,21.805109,17.214157,17.01721,17.018675,16.681515,17.96316,18.05198,16.999369,16.856085,18.997309,19.358454,16.913849,16.821476,16.179287,16.092833,4.0,0.0,0.0,0.0,0.0,4.0,0.0,0.0
42544,2023.0,10.0,23.0,10.0,17.36723,17.413153,20.042639,21.367596,17.250809,17.108465,17.543146,17.774626,17.530037,17.915321,16.881092,16.74774,18.32537,18.065153,16.873621,16.785149,17.082428,17.865717,0.0,0.0,4.0,4.0,0.0,0.0,0.0,4.0
42545,2023.0,10.0,23.0,10.0,18.08143,18.790993,18.619568,18.55902,17.92225,18.411863,17.81069,18.142487,20.303432,22.712465,16.789772,16.668783,18.031414,17.722006,16.83893,16.755129,20.317543,23.278578,0.0,4.0,4.0,4.0,0.0,0.0,0.0,0.0
42546,2023.0,10.0,23.0,11.0,17.727278,17.908743,17.961147,17.834356,17.61428,17.650757,17.293392,17.145079,20.038872,21.946796,16.713882,16.602621,18.718647,19.105667,16.809498,16.730103,17.831774,17.997011,0.0,0.0,0.0,0.0,0.0,4.0,0.0,0.0
42547,2023.0,10.0,23.0,11.0,17.990406,18.544632,17.779732,17.661743,17.811087,18.153395,16.975243,16.727295,18.211994,18.252848,16.647564,16.542826,19.00389,19.444078,16.78229,16.705547,16.67772,16.515867,0.0,4.0,0.0,0.0,0.0,4.0,0.0,0.0
42548,2023.0,10.0,23.0,11.0,18.12131,18.697727,17.652014,17.534061,17.324495,17.18337,16.886791,16.640335,17.482397,17.217718,16.598814,16.497507,18.331902,18.130995,16.76014,16.685133,16.558895,16.465097,0.0,0.0,0.0,0.0,0.0,0.0,0.0,0.0
42549,2023.0,10.0,23.0,11.0,18.175072,18.757479,17.993046,18.275892,17.724354,18.031952,16.944416,16.82303,17.369999,17.233612,16.557358,16.461903,18.887106,19.302929,17.846329,18.757467,17.438503,18.208094,4.0,4.0,0.0,0.0,0.0,4.0,4.0,4.0
42550,2023.0,10.0,23.0,11.0,17.59321,17.64108,20.248428,22.216555,17.32431,17.227243,17.665619,18.209888,17.252619,17.142271,16.521093,16.429907,18.373537,18.23089,17.08483,17.051912,20.317059,23.101665,4.0,0.0,4.0,0.0,0.0,0.0,0.0,4.0
42551,2023.0,10.0,23.0,11.0,18.02746,18.640642,20.029932,21.571066,17.039398,16.845835,17.821331,18.2702,17.878761,18.459341,16.486933,16.400368,18.861135,19.327284,16.689747,16.544605,20.038486,22.236156,0.0,0.0,4.0,4.0,0.0,4.0,0.0,0.0
42552,2023.0,10.0,23.0,12.0,17.597069,17.673222,18.912016,19.265295,16.96011,16.771881,17.830296,18.278364,20.289724,22.5668,16.460499,16.379866,18.396107,18.274399,16.626778,16.483515,18.05455,18.185251,4.0,0.0,4.0,0.0,0.0,0.0,0.0,0.0
42553,2023.0,10.0,23.0,12.0,21.319998,24.383114,20.233583,21.901194,21.319126,24.51197,21.345995,24.366297,18.867708,19.471876,16.433554,16.354689,21.27838,23.432018,21.48946,24.892534,17.070164,16.911407,0.0,4.0,4.0,4.0,0.0,0.0,0.0,0.0
42554,2023.0,10.0,23.0,12.0,21.004225,23.347904,18.716383,18.804771,21.004305,23.40588,21.009861,23.326454,20.273237,22.29001,16.410425,16.33367,21.029535,22.767393,20.97322,23.548624,16.803255,16.633774,0.0,4.0,4.0,0.0,0.0,0.0,4.0,0.0
42555,2023.0,10.0,23.0,12.0,21.081337,23.257177,17.961803,17.903105,21.085907,23.279829,21.087341,23.247177,19.01288,19.59489,16.388939,16.314678,21.050797,22.624943,21.092978,23.475853,16.72694,16.637112,0.0,0.0,0.0,4.0,0.0,0.0,0.0,0.0
42556,2023.0,10.0,23.0,12.0,21.068148,23.04921,17.76345,17.69413,21.047636,22.976585,21.07315,23.041935,20.24388,22.08595,16.367739,16.295994,21.017258,22.406984,21.072456,23.19814,16.643427,16.564854,0.0,4.0,0.0,0.0,0.0,4.0,0.0,0.0
42557,2023.0,10.0,23.0,12.0,21.04126,22.848442,18.060266,18.378172,21.051542,22.842564,21.072525,22.912848,18.534737,18.610273,16.346914,16.277794,21.059109,22.401052,21.071926,23.02562,16.553932,16.480669,4.0,4.0,0.0,0.0,0.0,0.0,0.0,0.0
42558,2023.0,10.0,23.0,13.0,21.044527,22.767733,20.25869,22.199005,21.07324,22.803083,21.07056,22.814817,17.629597,17.438639,16.326687,16.259932,21.051094,22.299492,21.03171,22.79363,16.477304,16.408987,4.0,0.0,0.0,0.0,0.0,0.0,4.0,0.0
42559,2023.0,10.0,23.0,13.0,21.040817,22.697609,19.999073,21.478779,21.063547,22.701971,21.055677,22.736238,17.454554,17.351715,16.308174,16.242172,21.048042,22.228348,21.07482,22.821587,16.40877,16.342272,4.0,0.0,0.0,0.0,0.0,0.0,0.0,0.0
42560,2023.0,10.0,23.0,13.0,21.068829,22.72283,20.067223,21.495153,21.06523,22.639814,21.05844,22.700428,17.32867,17.231752,16.743378,17.080833,21.009258,22.100847,21.063845,22.728037,16.351303,16.288755,0.0,0.0,0.0,0.0,4.0,4.0,0.0,0.0
42561,2023.0,10.0,23.0,13.0,21.182558,22.88617,18.68119,18.734827,21.169577,22.816887,21.165712,22.880121,17.208988,17.121939,20.270922,23.027239,21.17048,22.386164,21.1783,22.897867,16.301409,16.243423,0.0,0.0,0.0,0.0,0.0,4.0,0.0,0.0
42562,2023.0,10.0,23.0,13.0,21.039873,22.564468,17.874577,17.688477,21.054173,22.554243,21.056543,22.628378,17.10134,17.018383,18.327427,18.804262,21.052301,22.137102,21.055258,22.619274,16.255672,16.200418,0.0,0.0,0.0,0.0,0.0,0.0,0.0,0.0
42563,2023.0,10.0,23.0,13.0,21.03808,22.537289,17.742317,17.647936,21.027348,22.457647,21.029856,22.531181,17.00641,16.925255,17.12541,17.104935,21.046234,22.095655,21.01534,22.487646,16.214474,16.161064,0.0,4.0,4.0,0.0,0.0,0.0,4.0,0.0
42564,2023.0,10.0,23.0,14.0,21.076979,22.5892,17.631493,17.545986,21.126118,22.638952,21.073109,22.598091,16.924566,16.845802,16.878489,16.800362,21.042744,22.034044,21.064028,22.55072,16.178196,16.126936,0.0,0.0,4.0,0.0,0.0,4.0,4.0,0.0
42565,2023.0,10.0,23.0,14.0,19.603903,19.762207,17.528667,17.457426,19.59841,19.646307,19.488369,19.54375,17.603294,18.189022,16.777607,16.710342,19.857222,19.774714,19.441092,19.437607,16.148565,16.10167,0.0,0.0,0.0,4.0,0.0,0.0,0.0,0.0
42566,2023.0,10.0,23.0,14.0,19.632034,20.138077,17.443995,17.370966,18.88885,18.6442,18.766129,18.540462,20.309425,22.833046,16.706095,16.635847,19.379143,19.109453,18.78768,18.562408,16.122133,16.076704,0.0,0.0,0.0,0.0,0.0,0.0,0.0,0.0
42567,2023.0,10.0,23.0,14.0,19.027288,19.063536,17.80413,18.122137,18.682451,18.562098,18.422287,18.192377,18.791094,19.447437,16.635532,16.567846,19.15166,18.885164,18.458763,18.237387,16.092896,16.049236,4.0,0.0,0.0,4.0,0.0,0.0,0.0,0.0
42568,2023.0,10.0,23.0,14.0,19.330986,19.846062,20.262585,22.40366,18.539877,18.442123,18.86495,19.197355,20.287348,22.099379,16.580608,16.511778,19.134861,18.99974,18.255516,18.039402,16.06589,16.023188,0.0,0.0,4.0,4.0,0.0,0.0,0.0,0.0
42569,2023.0,10.0,23.0,14.0,19.415997,19.98317,18.713194,19.079464,18.365704,18.27363,18.41684,18.335176,20.041235,21.599428,16.527363,16.462172,19.058565,18.949976,18.154852,18.043653,16.998098,17.80937,0.0,0.0,0.0,0.0,0.0,0.0,0.0,4.0
42570,2023.0,10.0,23.0,15.0,19.345762,19.914192,17.785084,17.796385,18.210922,18.120108,18.004328,17.812855,19.098143,19.650766,16.477816,16.415146,18.950891,18.84893,18.033983,17.941404,20.353998,23.388783,0.0,0.0,0.0,4.0,0.0,0.0,0.0,4.0
42571,2023.0,10.0,23.0,15.0,18.676897,18.718742,17.987234,18.319393,18.759062,19.265015,18.461836,18.82161,20.216639,21.893564,16.429953,16.368505,19.626858,20.223677,17.900984,17.814163,20.00614,22.312088,4.0,4.0,4.0,0.0,0.0,4.0,0.0,4.0
42572,2023.0,10.0,23.0,15.0,18.281609,18.223736,20.247198,22.233513,18.983276,19.562517,18.053774,17.969995,18.61759,18.67252,16.383837,16.322495,19.029966,18.914694,17.781223,17.69841,20.048098,22.131104,4.0,4.0,0.0,0.0,0.0,0.0,0.0,4.0
42573,2023.0,10.0,23.0,15.0,18.823093,19.376364,20.013218,21.539492,18.82947,19.248993,17.691044,17.497421,17.76055,17.576836,16.34337,16.283026,18.634104,18.406933,18.74988,19.627031,20.07481,22.02769,4.0,4.0,0.0,0.0,0.0,0.0,4.0,0.0
42574,2023.0,10.0,23.0,15.0,18.388174,18.443184,20.063986,21.504568,18.165438,18.064302,18.205389,18.573101,17.57767,17.475586,16.715757,17.015968,18.501877,18.267647,18.041502,17.991348,18.218584,18.312218,0.0,0.0,4.0,0.0,4.0,0.0,0.0,0.0
42575,2023.0,10.0,23.0,15.0,18.035074,17.986845,18.992613,19.314112,18.44005,18.787552,17.830317,17.748741,17.449139,17.363556,20.363195,23.204142,18.529543,18.41786,17.570097,17.409008,17.29302,17.150423,4.0,4.0,0.0,0.0,4.0,0.0,0.0,0.0
42576,2023.0,10.0,23.0,16.0,17.895319,17.83396,20.215921,21.753996,18.605204,19.006721,18.153736,18.53385,18.063997,18.646385,20.024767,22.176603,19.309258,19.933033,17.415173,17.244234,16.989733,16.82816,4.0,4.0,4.0,4.0,0.0,4.0,0.0,0.0
42577,2023.0,10.0,23.0,16.0,17.92466,17.985779,20.034224,21.29607,18.600962,18.997732,17.752047,17.665916,20.253542,22.327055,18.160307,18.309912,18.720535,18.595125,18.33714,19.072617,17.810862,18.559359,0.0,4.0,0.0,4.0,0.0,0.0,4.0,4.0
42578,2023.0,10.0,23.0,16.0,17.910992,17.993198,18.753595,18.766537,18.589262,18.980028,18.07398,18.444326,20.039715,21.70609,17.269539,17.209517,18.350048,18.123035,18.688213,19.439077,20.31416,22.788261,0.0,4.0,4.0,0.0,0.0,0.0,4.0,0.0
42579,2023.0,10.0,23.0,16.0,17.860287,17.943428,18.559896,18.853077,18.004248,17.89853,17.677755,17.583467,18.43419,18.467869,17.069748,16.995245,18.238953,18.001997,17.81972,17.7398,18.146202,18.281122,4.0,0.0,0.0,0.0,0.0,0.0,0.0,0.0
42580,2023.0,10.0,23.0,16.0,17.815552,17.896496,20.22048,21.813324,18.351343,18.674261,18.068884,18.421488,17.777052,17.544056,16.947649,16.864798,18.297874,18.18814,17.483072,17.29443,17.370184,17.181963,0.0,4.0,4.0,0.0,0.0,0.0,0.0,0.0
42581,2023.0,10.0,23.0,16.0,18.512598,19.24722,19.276253,19.7976,18.5117,18.88522,18.248636,18.638962,17.619644,17.503767,16.832592,16.75511,18.29913,18.211073,18.361332,19.07971,17.070028,16.876787,4.0,4.0,4.0,0.0,0.0,0.0,4.0,0.0
42582,2023.0,10.0,23.0,17.0,18.706797,19.461075,20.185148,21.51671,17.92506,17.79329,17.66706,17.543781,17.503109,17.405378,16.746937,16.66812,18.261118,18.17558,18.593706,19.3324,16.986547,16.889174,0.0,0.0,0.0,0.0,0.0,0.0,4.0,0.0
42583,2023.0,10.0,23.0,17.0,18.58293,19.143099,19.147224,19.403608,18.22476,18.545462,17.990585,18.334759,17.363327,17.27382,16.6592,16.585852,18.2141,18.126156,17.713017,17.609556,16.872019,16.794058,4.0,4.0,4.0,0.0,0.0,0.0,0.0,0.0
42584,2023.0,10.0,23.0,17.0,17.952284,17.959352,20.177797,21.432968,17.768549,17.635878,17.532927,17.409317,17.255577,17.1673,17.000118,17.287561,18.17234,18.081562,17.386452,17.182264,16.764246,16.690025,0.0,0.0,0.0,0.0,4.0,0.0,0.0,0.0
42585,2023.0,10.0,23.0,17.0,18.32766,18.8493,19.172684,19.393517,18.086353,18.400776,17.203987,16.965027,17.145533,17.06293,20.356672,22.915438,18.128195,18.035727,18.266138,18.968637,17.59724,18.367039,4.0,4.0,0.0,0.0,0.0,0.0,4.0,4.0
42586,2023.0,10.0,23.0,17.0,18.511457,19.051237,20.185568,21.521255,18.273506,18.627695,17.090742,16.832615,17.044119,16.963694,18.359154,18.741983,18.085705,17.990992,17.636755,17.518946,20.306726,22.91811,0.0,4.0,0.0,0.0,0.0,0.0,0.0,0.0
42587,2023.0,10.0,23.0,17.0,17.919685,17.92114,19.16,19.392385,17.712847,17.56382,17.143814,17.007463,16.955204,16.87758,17.224104,17.190317,18.046272,17.949532,17.224771,17.025116,18.033424,18.148777,4.0,0.0,0.0,0.0,0.0,0.0,0.0,0.0
42588,2023.0,10.0,23.0,18.0,18.361631,18.87139,20.176365,21.383451,18.04393,18.292355,17.870966,18.393097,16.886326,16.808851,17.00344,16.918917,18.75794,19.32164,17.104013,16.89381,17.233198,17.014246,0.0,4.0,4.0,0.0,0.0,4.0,0.0,0.0
42589,2023.0,10.0,23.0,18.0,21.293743,23.873465,19.195917,19.390232,21.31181,23.903963,21.244225,24.069834,16.81621,16.74117,16.85901,16.774485,21.217356,23.456554,22.370731,25.88893,17.065287,16.964098,4.0,4.0,0.0,0.0,0.0,4.0,0.0,0.0
42590,2023.0,10.0,23.0,18.0,21.134169,23.278105,20.162476,21.410782,21.135994,23.232037,21.126413,23.440458,16.75384,16.679968,16.74423,16.658289,21.111877,22.966852,20.872604,22.919619,16.927761,16.83904,4.0,4.0,0.0,0.0,0.0,0.0,4.0,0.0
42591,2023.0,10.0,23.0,18.0,21.041397,22.865063,20.012714,21.029865,21.078554,22.911335,21.051966,23.007685,16.696522,16.61878,16.64622,16.559507,21.030394,22.570738,21.119492,23.184649,16.792742,16.705696,4.0,0.0,4.0,0.0,0.0,4.0,0.0,0.0
42592,2023.0,10.0,23.0,18.0,21.145779,22.948605,20.077328,21.106995,21.151,22.881289,21.162827,23.06304,16.648396,16.570168,16.567324,16.482458,21.132816,22.640383,21.159382,23.053976,16.68689,16.605024,4.0,0.0,0.0,0.0,0.0,0.0,0.0,0.0
42593,2023.0,10.0,23.0,18.0,21.093912,22.6806,20.1027,21.122087,21.1013,22.62032,21.15116,22.876259,16.606922,16.528374,16.502077,16.420332,21.122677,22.476856,21.148855,22.892504,16.600273,16.523424,0.0,4.0,0.0,0.0,0.0,0.0,0.0,0.0
42594,2023.0,10.0,23.0,19.0,21.063124,22.603794,19.206354,19.347208,21.040518,22.457567,21.047571,22.635557,16.571203,16.493986,16.446327,16.366686,21.020737,22.19384,21.04797,22.646551,16.528513,16.458567,4.0,4.0,0.0,0.0,0.0,4.0,0.0,0.0
42595,2023.0,10.0,23.0,19.0,21.227833,22.856718,20.174849,21.38166,21.187508,22.715008,21.200348,22.89105,17.275385,17.84947,16.389803,16.308207,21.18659,22.472244,21.229048,22.953547,16.462734,16.396326,0.0,0.0,0.0,4.0,0.0,4.0,0.0,0.0
42596,2023.0,10.0,23.0,19.0,21.039454,22.433386,19.188427,19.352407,21.038124,22.343658,21.030924,22.48859,20.31477,22.953571,16.340683,16.25912,21.028946,22.111954,21.055445,22.55747,16.40284,16.334488,4.0,4.0,4.0,0.0,0.0,4.0,0.0,0.0
42597,2023.0,10.0,23.0,19.0,21.208178,22.73938,20.163546,21.384207,21.169569,22.590193,21.223408,22.84693,18.045673,18.101603,16.295193,16.211733,21.170406,22.363558,21.213202,22.83806,17.302359,18.079586,4.0,0.0,4.0,0.0,0.0,4.0,0.0,4.0
42598,2023.0,10.0,23.0,19.0,21.064108,22.438227,20.038036,21.059523,21.036436,22.266956,21.072758,22.509607,17.677921,18.055304,16.254234,16.169804,21.027727,22.047771,21.054152,22.486223,20.340656,23.124598,0.0,4.0,0.0,4.0,0.0,4.0,0.0,0.0
42599,2023.0,10.0,23.0,19.0,21.058586,22.39734,18.81734,18.666925,21.067043,22.323391,21.06537,22.450613,20.371399,22.603033,16.219126,16.134876,21.027643,22.026003,21.053938,22.461735,17.90483,17.95964,0.0,0.0,0.0,0.0,0.0,4.0,0.0,0.0
42600,2023.0,10.0,23.0,20.0,21.031517,22.294321,18.296043,18.142347,21.03547,22.214884,21.065384,22.412582,18.794579,19.264376,16.185843,16.10103,21.027159,22.006042,21.053318,22.439268,16.827332,16.618713,0.0,4.0,0.0,4.0,0.0,4.0,0.0,0.0
42601,2023.0,10.0,23.0,20.0,21.036158,22.28513,18.15595,18.017475,21.040682,22.207432,21.025682,22.310923,20.276173,22.231457,16.153711,16.06818,21.026638,21.988003,21.013794,22.314428,16.7308,16.645124,0.0,4.0,4.0,0.0,0.0,4.0,4.0,0.0
42602,2023.0,10.0,23.0,20.0,21.06185,22.340353,18.454285,18.697336,21.039669,22.190361,21.071384,22.391937,18.373592,18.317005,16.485535,16.713219,21.056265,22.04962,21.071775,22.426504,16.664097,16.59046,4.0,4.0,0.0,0.0,4.0,0.0,0.0,0.0
42603,2023.0,10.0,23.0,20.0,21.177744,22.55094,20.206905,21.739002,21.212988,22.522976,21.16928,22.559763,17.413084,17.114252,20.4594,23.311459,21.133738,22.181051,21.195402,22.6425,16.574726,16.498804,4.0,4.0,0.0,0.0,0.0,0.0,0.0,0.0
42604,2023.0,10.0,23.0,20.0,21.056095,22.284594,20.018072,21.186668,21.063799,22.225302,21.062973,22.317616,18.13372,18.72587,18.21146,18.618189,21.02061,21.913387,21.061537,22.342852,17.439655,18.200039,4.0,0.0,0.0,4.0,0.0,4.0,0.0,4.0
42605,2023.0,10.0,23.0,20.0,21.015776,22.194235,20.059513,21.16908,21.033358,22.126694,21.048285,22.294027,20.238306,22.199633,17.332409,17.58129,21.055525,21.992662,21.049519,22.319677,20.333162,23.009766,0.0,4.0,0.0,4.0,4.0,0.0,0.0,0.0
42606,2023.0,10.0,23.0,21.0,21.062786,22.289173,19.083834,19.189585,21.038603,22.124994,21.049625,22.294779,20.352436,22.241627,20.416094,22.82103,21.049704,21.964481,21.050558,22.317616,17.91874,17.916168,4.0,4.0,0.0,0.0,0.0,0.0,0.0,0.0
42607,2023.0,10.0,23.0,21.0,21.221464,22.567415,20.194374,21.472439,21.181831,22.420403,21.201933,22.593666,18.365984,18.240736,18.41362,18.726446,21.135443,22.120684,21.355915,22.895407,16.848257,16.601034,0.0,0.0,0.0,0.0,0.0,0.0,4.0,0.0
42608,2023.0,10.0,23.0,21.0,21.032814,22.173685,19.141975,19.271666,21.031734,22.080849,21.04823,22.275476,17.514692,17.204065,17.661812,17.89353,21.036676,21.932726,21.068691,22.317997,16.779387,16.685625,4.0,4.0,0.0,0.0,4.0,0.0,0.0,0.0
42609,2023.0,10.0,23.0,21.0,21.221182,22.54435,20.190536,21.454351,21.180109,22.387794,21.259052,22.671833,17.443924,17.315575,20.365376,22.483149,21.15852,22.18226,21.199018,22.55791,17.720219,18.535753,0.0,0.0,4.0,0.0,0.0,0.0,0.0,4.0
42610,2023.0,10.0,23.0,21.0,21.058947,22.22765,19.154158,19.282299,21.05627,22.122076,21.052446,22.27005,17.371796,17.267824,18.293459,18.300924,21.037548,21.939222,21.019741,22.148617,20.287273,22.754908,4.0,0.0,0.0,0.0,0.0,0.0,4.0,4.0
42611,2023.0,10.0,23.0,21.0,21.227816,22.533895,20.188955,21.435846,21.219645,22.415659,21.209562,22.527786,17.253202,17.15315,17.775661,18.015663,21.160936,22.186674,21.291195,22.685497,20.013676,21.91953,0.0,4.0,4.0,0.0,4.0,0.0,4.0,4.0
42612,2023.0,10.0,23.0,22.0,21.05893,22.203762,18.810822,18.633408,21.06116,22.10631,21.064676,22.229319,17.936926,18.541908,20.300617,22.391287,21.00734,21.856638,21.065392,22.24936,20.078875,21.87348,0.0,0.0,0.0,4.0,4.0,4.0,0.0,0.0
42613,2023.0,10.0,23.0,22.0,21.026182,22.107637,18.264042,18.086748,21.055754,22.084995,21.058975,22.194279,20.27533,22.421503,20.040379,21.681086,21.055702,21.953175,21.05837,22.222137,18.183006,18.066668,0.0,0.0,0.0,4.0,0.0,0.0,0.0,0.0
42614,2023.0,10.0,23.0,22.0,21.058899,22.186193,18.160929,18.00318,21.041351,22.074053,21.05916,22.173418,20.015293,21.639872,18.319204,18.21925,21.048351,21.91735,21.058538,22.20757,18.064522,18.472025,0.0,0.0,0.0,4.0,0.0,0.0,0.0,4.0
42615,2023.0,10.0,23.0,22.0,21.052368,22.160007,18.04046,17.881422,21.042992,22.085606,21.044004,22.155054,20.072134,21.593979,17.651648,17.555721,21.048727,21.90022,21.018366,22.086529,20.352259,22.359497,0.0,0.0,0.0,0.0,4.0,0.0,4.0,0.0
42616,2023.0,10.0,23.0,22.0,21.0526,22.146603,17.934479,17.773445,21.042633,22.088085,21.020287,22.091936,18.400406,18.242718,20.354664,22.318493,21.005365,21.806732,21.06568,22.205942,18.247581,18.143806,0.0,0.0,4.0,0.0,0.0,4.0,0.0,0.0
42617,2023.0,10.0,23.0,22.0,21.038412,22.13382,17.844934,17.68147,21.04254,22.087828,21.050413,22.17798,17.552053,17.215414,18.92287,19.393253,21.055147,21.91258,21.057117,22.177668,17.29177,16.995316,0.0,0.0,0.0,0.0,4.0,0.0,0.0,0.0
42618,2023.0,10.0,23.0,23.0,21.04015,22.145514,17.767078,17.602158,21.042334,22.085453,21.059801,22.1648,17.497929,17.361568,20.267714,22.075872,21.047705,21.88123,21.057621,22.166124,18.048367,18.683409,0.0,0.0,0.0,0.0,4.0,0.0,0.0,4.0
42619,2023.0,10.0,23.0,23.0,20.0415,20.232666,18.142797,18.361523,19.991753,20.065361,19.664385,19.46493,17.433304,17.327385,18.698751,18.899073,19.841084,19.54991,19.614143,19.38203,17.382664,17.174982,4.0,0.0,0.0,0.0,0.0,0.0,0.0,0.0
42620,2023.0,10.0,23.0,23.0,20.289843,20.937386,17.885529,17.823786,19.44402,19.271816,19.265285,19.038797,17.336502,17.233145,17.97986,17.847364,19.624104,19.441755,19.264572,19.102436,17.0105,16.71667,0.0,0.0,0.0,0.0,0.0,0.0,0.0,0.0
42621,2023.0,10.0,23.0,23.0,19.414446,19.27081,17.70882,17.558218,19.22301,19.04205,19.100946,18.926264,17.243752,17.141045,17.754932,17.62176,19.519798,19.371721,19.08721,18.952324,16.858177,16.574047,0.0,0.0,0.0,0.0,0.0,0.0,0.0,0.0
42622,2023.0,10.0,23.0,23.0,18.950644,18.629158,17.628918,17.461996,19.046461,18.8567,18.928196,18.751091,17.15644,17.04996,17.567978,17.428905,19.384068,19.237713,18.901525,18.766146,16.912308,16.814497,0.0,0.0,0.0,0.0,0.0,0.0,0.0,0.0
42623,2023.0,10.0,23.0,23.0,18.763689,18.454836,18.055485,18.309895,18.912619,18.730913,18.790272,18.62202,17.08268,16.978886,17.426554,17.298655,19.26865,19.125788,18.751228,18.626427,16.857998,16.76722,4.0,0.0,0.0,0.0,0.0,0.0,0.0,0.0
42624,2023.0,10.0,24.0,0.0,18.880281,18.848082,17.76668,17.70647,18.79157,18.61266,18.66404,18.499067,17.607233,18.026926,17.29845,17.175993,19.162348,19.020132,18.61443,18.495073,16.78543,16.6955,0.0,0.0,0.0,4.0,0.0,0.0,0.0,0.0
42625,2023.0,10.0,24.0,0.0,18.841665,18.84527,17.332747,16.924137,18.685043,18.509583,18.552464,18.391296,17.168444,17.090874,17.185993,17.069115,19.802736,20.317987,18.493092,18.379063,16.717367,16.627796,0.0,0.0,0.0,0.0,0.0,4.0,0.0,0.0
42626,2023.0,10.0,24.0,0.0,18.761246,18.76934,17.168943,16.729845,18.589554,18.417511,18.452072,18.29466,16.996477,16.893288,17.082705,16.965908,18.996128,18.671932,18.379192,18.262138,16.654554,16.565372,0.0,0.0,0.0,0.0,0.0,0.0,0.0,0.0
42627,2023.0,10.0,24.0,0.0,18.679514,18.685356,17.331402,17.136229,18.497473,18.32293,18.354988,18.195103,16.924015,16.81827,16.983913,16.862413,18.687567,18.279379,18.27304,18.151602,16.593805,16.501837,0.0,0.0,0.0,0.0,0.0,0.0,0.0,0.0
42628,2023.0,10.0,24.0,0.0,18.609488,18.619816,17.839365,18.097414,18.420803,18.251629,18.27419,18.119993,17.456968,17.875847,16.901579,16.783226,18.575138,18.176466,18.183628,18.064867,16.541777,16.451061,4.0,0.0,0.0,4.0,0.0,0.0,0.0,0.0
42629,2023.0,10.0,24.0,0.0,18.54378,18.55734,17.59139,17.553005,18.349297,18.184206,18.198994,18.049026,16.853148,16.603287,16.825855,16.70944,19.504055,20.05719,18.101574,17.984762,16.493517,16.40363,0.0,0.0,0.0,0.0,0.0,4.0,0.0,0.0
42630,2023.0,10.0,24.0,1.0,18.481432,18.496267,17.414774,17.272924,18.28164,18.118666,18.127848,17.980045,17.189716,17.399456,16.755203,16.638773,18.767729,18.471317,18.024635,17.907902,16.447845,16.357689,0.0,0.0,0.0,4.0,0.0,0.0,0.0,0.0
42631,2023.0,10.0,24.0,1.0,18.421064,18.434532,17.35204,17.196491,18.216593,18.05302,18.059378,17.911057,16.734951,16.443964,16.688126,16.569408,18.463371,18.066809,17.95163,17.832851,16.40375,16.311672,0.0,0.0,0.0,0.0,0.0,0.0,0.0,0.0
42632,2023.0,10.0,24.0,1.0,18.361105,18.369976,17.304993,17.143742,18.15138,17.98309,17.990877,17.837679,16.532198,16.216146,16.622108,16.497719,18.355562,17.953875,17.881252,17.758198,16.360552,16.265017,0.0,0.0,0.0,0.0,0.0,0.0,0.0,0.0
42633,2023.0,10.0,24.0,1.0,18.31249,18.325281,17.27129,17.113226,18.09982,17.937029,17.936895,17.789467,16.635824,16.509447,16.569202,16.448317,19.306995,19.864002,17.822151,17.701855,16.32413,16.22975,0.0,0.0,0.0,0.0,0.0,4.0,0.0,0.0
42634,2023.0,10.0,24.0,1.0,18.261766,18.27377,17.235554,17.076296,18.045965,17.882969,17.88054,17.732922,16.637007,16.526897,16.51485,16.392405,18.572756,18.269314,17.76293,17.641415,16.28707,16.19126,0.0,0.0,0.0,0.0,0.0,0.0,0.0,0.0
42635,2023.0,10.0,24.0,1.0,18.213148,18.223675,17.201206,17.040342,17.994566,17.830664,17.826645,17.678185,17.173573,17.567278,16.463058,16.338573,18.277664,17.873182,17.706482,17.583284,16.980482,17.526318,0.0,0.0,0.0,4.0,0.0,0.0,0.0,4.0
42636,2023.0,10.0,24.0,2.0,18.167067,18.176111,17.16824,17.005793,17.945717,17.780972,17.775692,17.626331,16.779026,16.698084,16.414076,16.28768,18.182951,17.777708,17.65302,17.528286,16.482561,16.42278,0.0,0.0,0.0,0.0,0.0,0.0,0.0,0.0
42637,2023.0,10.0,24.0,2.0,18.120958,18.126127,17.13403,16.96763,17.896582,17.728607,17.724985,17.572165,17.00892,17.20527,16.365387,16.235115,18.350029,18.19474,17.600342,17.47243,16.143328,15.870151,0.0,0.0,0.0,4.0,0.0,0.0,0.0,0.0
42638,2023.0,10.0,24.0,2.0,18.078306,18.081457,17.101704,16.932713,17.850937,17.68169,17.678066,17.523834,16.49962,16.176805,16.319954,16.187765,18.343773,18.18617,17.551092,17.421803,16.026367,15.740615,0.0,0.0,0.0,0.0,0.0,0.0,0.0,0.0
42639,2023.0,10.0,24.0,2.0,18.036276,18.036457,17.069183,16.89685,17.80594,17.63443,17.63166,17.475132,16.89861,17.07635,16.274736,16.139824,19.0538,19.562353,17.502485,17.371119,16.125483,16.014673,0.0,0.0,0.0,4.0,0.0,4.0,0.0,0.0
42640,2023.0,10.0,24.0,2.0,17.99538,17.992416,17.036987,16.861164,17.76232,17.588263,17.586401,17.427437,17.03541,17.22091,16.2301,16.09235,18.275028,17.922558,17.454817,17.321262,16.120634,16.011858,0.0,0.0,0.0,4.0,0.0,0.0,0.0,0.0
42641,2023.0,10.0,24.0,2.0,17.954784,17.947329,17.004242,16.823875,17.718876,17.540945,17.541182,17.378462,16.491909,16.179977,16.184713,16.042938,17.998747,17.558004,17.406845,17.27,16.084814,15.972226,0.0,0.0,0.0,0.0,0.0,0.0,0.0,0.0
42642,2023.0,10.0,24.0,3.0,17.914581,17.902021,16.971163,16.785572,17.675722,17.493258,17.496466,17.329216,16.260296,15.888994,16.460154,16.596142,17.900011,17.453127,17.359118,17.218628,16.04897,15.932778,0.0,0.0,0.0,0.0,4.0,0.0,0.0,0.0
42643,2023.0,10.0,24.0,3.0,17.878798,17.865383,16.94249,16.75577,17.63764,17.454971,17.457232,17.289745,16.157673,15.787847,16.204515,16.053343,18.09636,17.92868,17.314955,17.17389,16.015186,15.898092,0.0,0.0,0.0,0.0,0.0,0.0,0.0,0.0
42644,2023.0,10.0,24.0,3.0,17.842045,17.82633,16.913256,16.723993,17.599028,17.414488,17.41774,17.248209,16.314669,16.186773,16.108475,15.957764,18.09399,17.920198,17.270468,17.127563,15.980789,15.86177,0.0,0.0,0.0,0.0,0.0,0.0,0.0,0.0
42645,2023.0,10.0,24.0,3.0,17.805967,17.788067,16.883787,16.691475,17.560907,17.37396,17.378769,17.206697,16.302149,16.163921,16.060287,15.907304,18.058228,17.883299,17.226814,17.082067,15.946756,15.825792,0.0,0.0,0.0,0.0,0.0,0.0,0.0,0.0
42646,2023.0,10.0,24.0,3.0,17.780758,17.770704,16.855753,16.661692,17.524908,17.336802,17.341904,17.16863,16.265457,16.125713,16.013924,15.859471,18.022692,17.846289,17.184597,17.038673,15.91374,15.791407,0.0,0.0,0.0,0.0,0.0,0.0,0.0,0.0
42647,2023.0,10.0,24.0,3.0,17.758703,17.756882,16.830437,16.636097,17.491016,17.302906,17.307178,17.133917,16.229378,16.088926,16.292505,16.420021,17.98708,17.809948,17.143967,16.997492,15.881891,15.758738,0.0,0.0,0.0,0.0,4.0,0.0,0.0,0.0
42648,2023.0,10.0,24.0,4.0,17.729143,17.726604,16.804024,16.609062,17.457027,17.26842,17.272413,17.098642,16.19281,16.05161,16.037216,15.877473,17.951418,17.773489,17.103884,16.956833,15.850347,15.726347,0.0,0.0,0.0,0.0,0.0,0.0,0.0,0.0
42649,2023.0,10.0,24.0,4.0,17.702383,17.70202,16.782118,16.590643,17.428045,17.24334,17.24276,17.072786,16.743124,17.116648,16.242783,16.345642,17.9199,17.745049,17.067995,16.923811,15.822557,15.700963,0.0,0.0,0.0,4.0,4.0,0.0,0.0,0.0
42650,2023.0,10.0,24.0,4.0,17.676926,17.678988,16.76192,16.57407,17.400578,17.21977,17.214653,17.048464,16.35759,16.262365,16.033497,15.898048,18.650944,19.157377,17.033617,16.892012,15.796139,15.676767,0.0,0.0,0.0,0.0,0.0,4.0,0.0,0.0
42651,2023.0,10.0,24.0,4.0,17.652431,17.656773,16.742556,16.558174,17.374014,17.196852,17.187424,17.02479,16.783215,17.15515,15.924386,15.776216,18.595804,18.869854,17.000463,16.861269,16.499828,17.025787,0.0,0.0,0.0,4.0,0.0,4.0,0.0,4.0
42652,2023.0,10.0,24.0,4.0,17.628824,17.635336,16.723661,16.542753,17.34846,17.17475,17.161045,17.001867,16.75319,16.94697,15.884881,15.740662,17.861897,17.461058,16.968603,16.831827,16.02157,15.957863,0.0,0.0,0.0,4.0,0.0,0.0,0.0,0.0
42653,2023.0,10.0,24.0,4.0,17.605787,17.614143,16.70482,16.527147,17.323227,17.152569,17.13509,16.978893,16.181616,15.866697,15.846685,15.704761,17.652317,17.218803,16.937588,16.80287,15.672286,15.375939,0.0,0.0,0.0,0.0,0.0,0.0,0.0,0.0
42654,2023.0,10.0,24.0,5.0,17.583681,17.59458,16.68663,16.512663,17.298927,17.132055,17.11026,16.95774,15.979713,15.635906,15.813562,15.674779,18.373987,18.666588,16.908438,16.776514,15.564906,15.263505,0.0,0.0,0.0,0.0,0.0,4.0,0.0,0.0
42655,2023.0,10.0,24.0,5.0,17.558752,17.569693,16.66603,16.49327,17.272156,17.106304,17.082891,16.931383,15.884688,15.542008,16.072792,16.187931,17.773031,17.394041,16.878107,16.746746,15.668634,15.539022,0.0,0.0,0.0,0.0,4.0,0.0,0.0,0.0
42656,2023.0,10.0,24.0,5.0,17.531925,17.541777,16.643862,16.47121,17.243988,17.077845,17.053957,16.902212,16.01049,15.868675,15.857178,15.7174225,17.562576,17.138977,16.847279,16.715635,15.683208,15.571393,0.0,0.0,0.0,0.0,0.0,0.0,0.0,0.0
42657,2023.0,10.0,24.0,5.0,17.506071,17.516314,16.622837,16.451385,17.217283,17.052435,17.026766,16.876286,16.021614,15.893736,15.773566,15.634859,17.488398,17.068647,16.818348,16.687805,16.392456,16.925425,0.0,0.0,0.0,0.0,0.0,0.0,0.0,4.0
42658,2023.0,10.0,24.0,5.0,17.47939,17.489422,16.601135,16.430403,17.18983,17.025644,16.99916,16.849163,15.998831,15.873064,15.739532,15.602477,17.648146,17.457678,16.789352,16.659353,15.726717,15.480152,0.0,0.0,0.0,0.0,0.0,0.0,0.0,0.0
42659,2023.0,10.0,24.0,5.0,17.452707,17.462532,16.579235,16.409225,17.16237,16.99879,16.971834,16.822187,15.972741,15.847609,15.99296,16.104412,17.681099,17.518137,17.78715,18.563253,15.501598,15.203322,0.0,0.0,0.0,0.0,4.0,0.0,4.0,0.0
42660,2023.0,10.0,24.0,6.0,17.426115,17.435703,16.557354,16.387987,17.135206,16.97207,16.94452,16.795258,15.946277,15.821675,16.119715,16.273544,17.662506,17.50291,16.919638,16.67434,15.432149,15.136348,0.0,0.0,0.0,0.0,4.0,0.0,0.0,0.0
42661,2023.0,10.0,24.0,6.0,21.343338,24.315098,16.535482,16.366228,21.291794,24.341986,21.267998,24.45211,15.919682,15.794978,20.198885,23.18591,21.240997,23.646349,21.727995,25.028002,15.545933,15.424388,0.0,0.0,0.0,0.0,4.0,0.0,4.0,0.0
42662,2023.0,10.0,24.0,6.0,21.001286,23.235851,16.949188,17.160166,21.004591,23.293282,21.005388,23.427565,15.894165,15.769269,20.0241,22.418205,21.016178,23.007664,21.019411,23.398895,16.3587,16.940052,4.0,0.0,0.0,0.0,0.0,0.0,0.0,4.0
42663,2023.0,10.0,24.0,6.0,21.170397,23.299538,20.28254,22.855314,21.15403,23.292465,21.153404,23.389925,15.872689,15.748504,17.72041,17.651983,21.1217,22.977074,21.172232,23.411543,20.32988,23.614624,0.0,0.0,4.0,0.0,0.0,0.0,0.0,0.0
42664,2023.0,10.0,24.0,6.0,21.063042,22.935,18.391249,18.723415,21.036745,22.837812,21.068785,23.032032,15.854652,15.730941,16.779795,16.626404,21.025875,22.594133,21.040945,22.91223,17.474426,17.496058,0.0,4.0,0.0,0.0,0.0,4.0,4.0,0.0
42665,2023.0,10.0,24.0,6.0,21.045815,22.728458,17.239122,17.112635,21.063923,22.777666,21.079102,22.870375,15.837434,15.713831,16.625042,16.473562,21.07353,22.557833,21.08393,22.881662,16.17118,15.853644,0.0,0.0,0.0,0.0,0.0,0.0,0.0,0.0
42666,2023.0,10.0,24.0,7.0,21.152008,22.845566,16.999437,16.80848,21.160511,22.814028,21.166277,22.89268,15.820541,15.6971445,16.472113,16.317892,21.089901,22.435812,21.160376,22.903072,16.140865,16.038393,0.0,0.0,0.0,0.0,0.0,4.0,0.0,0.0
42667,2023.0,10.0,24.0,7.0,21.05821,22.57668,16.901424,16.72028,21.043074,22.52396,21.046154,22.605246,16.568377,17.120268,16.355284,16.212057,21.063835,22.3405,21.062727,22.631775,16.075838,15.962438,0.0,0.0,0.0,4.0,0.0,0.0,0.0,0.0
42668,2023.0,10.0,24.0,7.0,21.04347,22.466604,17.277111,17.493092,21.032812,22.434528,21.061047,22.590174,20.3459,23.458195,16.246984,16.106422,21.063196,22.274174,21.020422,22.487263,15.994944,15.884318,4.0,4.0,0.0,4.0,0.0,0.0,4.0,0.0
42669,2023.0,10.0,24.0,7.0,21.169188,22.69384,20.302652,22.692608,21.07821,22.473623,21.033642,22.479961,20.041773,22.406464,16.53485,16.729872,21.129425,22.355053,21.081469,22.585056,15.924176,15.814482,4.0,0.0,4.0,0.0,4.0,0.0,0.0,0.0
42670,2023.0,10.0,24.0,7.0,21.038738,22.370878,20.037134,21.833906,21.0693,22.398808,21.063065,22.533644,17.702677,17.577206,20.35241,23.249872,21.015463,22.098232,21.070314,22.516817,15.863561,15.754779,0.0,0.0,0.0,0.0,0.0,4.0,0.0,0.0
42671,2023.0,10.0,24.0,7.0,21.044315,22.355719,18.163681,18.009418,21.044128,22.283253,21.07463,22.493055,16.603292,16.223728,18.430622,19.045689,21.067488,22.185616,21.070522,22.477974,15.811154,15.703511,0.0,4.0,0.0,0.0,4.0,0.0,0.0,0.0
42672,2023.0,10.0,24.0,8.0,21.043154,22.33392,17.126177,16.635818,21.073393,22.330246,21.047256,22.37053,16.339586,15.953254,20.2902,22.723185,21.059452,22.135443,21.069607,22.443426,16.736572,17.49267,0.0,0.0,4.0,0.0,4.0,0.0,0.0,4.0
42673,2023.0,10.0,24.0,8.0,20.003555,20.324663,17.516058,17.624908,19.929863,20.078306,19.795706,19.937428,16.399647,16.24597,20.048416,21.954502,19.551062,19.20928,19.597288,19.609686,21.137798,24.832071,4.0,4.0,4.0,0.0,0.0,0.0,0.0,0.0
42674,2023.0,10.0,24.0,8.0,18.907297,18.643118,20.289265,22.420374,19.34264,19.38136,18.58643,18.118456,17.096085,17.592588,18.320074,18.4124,19.101746,18.900429,19.819986,20.572393,17.987373,18.08841,0.0,4.0,0.0,4.0,4.0,0.0,4.0,0.0
42675,2023.0,10.0,24.0,8.0,19.079084,19.309141,18.919788,19.425566,18.541683,18.05424,18.082476,17.542881,20.99102,24.10712,20.392439,22.349924,18.978102,18.811651,18.74897,18.43185,17.315784,17.75433,4.0,0.0,0.0,0.0,0.0,0.0,0.0,4.0
42676,2023.0,10.0,24.0,8.0,18.518707,18.262184,20.24353,22.04234,18.687084,18.651869,18.438389,18.432781,18.31138,18.374128,18.250021,18.109472,18.81859,18.655104,18.091116,17.681572,20.416773,23.011951,0.0,4.0,4.0,0.0,0.0,0.0,0.0,0.0
42677,2023.0,10.0,24.0,8.0,18.099714,17.750034,18.418945,18.286867,18.178602,17.698818,17.954018,17.499596,17.500547,17.728481,17.726929,17.873568,18.676903,18.515324,17.82148,17.413607,17.842821,17.799679,0.0,0.0,0.0,4.0,4.0,0.0,0.0,0.0
42678,2023.0,10.0,24.0,9.0,18.585983,18.796827,17.85655,17.600616,18.475632,18.453579,17.657667,17.133219,20.32802,22.709803,20.279043,22.3712,18.573872,18.410625,17.654785,17.25378,16.96009,16.592371,0.0,4.0,0.0,0.0,4.0,0.0,0.0,0.0
42679,2023.0,10.0,24.0,9.0,18.157919,17.926155,18.145113,18.319996,18.640154,18.723019,18.103762,18.126228,18.047174,17.961403,20.045658,21.688395,19.197104,19.683943,17.71771,17.553583,16.8422,16.691402,4.0,4.0,4.0,0.0,0.0,4.0,0.0,0.0
42680,2023.0,10.0,24.0,9.0,17.80799,17.48204,20.23131,22.062551,18.615158,18.717596,17.671257,17.24139,16.915386,16.54814,18.214321,18.024357,18.469162,18.110924,17.690428,17.557228,16.720072,16.602922,0.0,4.0,0.0,0.0,0.0,0.0,0.0,0.0
42681,2023.0,10.0,24.0,9.0,18.31294,18.558367,18.748898,18.957117,18.574194,18.687601,17.347965,16.862005,16.840952,16.679636,17.191235,16.743252,18.051922,17.621181,17.600176,17.472292,16.570663,16.461756,0.0,4.0,0.0,0.0,0.0,0.0,0.0,0.0
42682,2023.0,10.0,24.0,9.0,18.50505,18.85515,18.021969,17.850462,18.54384,18.666588,17.862644,17.930838,16.79391,16.67008,17.176918,16.96306,18.718632,18.984789,17.524687,17.39754,17.4249,18.174547,0.0,4.0,4.0,0.0,0.0,4.0,0.0,4.0
42683,2023.0,10.0,24.0,9.0,18.535116,18.891682,17.798761,17.602982,17.888186,17.476633,17.407843,17.020329,16.702854,16.58747,17.12688,16.970663,18.150888,17.792212,17.455746,17.331373,20.313822,23.09595,0.0,0.0,0.0,0.0,0.0,0.0,0.0,0.0
42684,2023.0,10.0,24.0,10.0,17.926662,17.750998,17.62389,17.431099,17.532131,17.04966,17.114046,16.660095,16.603258,16.491037,16.996632,16.853807,17.838346,17.429585,17.385223,17.263805,17.8073,17.810816,0.0,0.0,0.0,0.0,0.0,0.0,0.0,0.0
42685,2023.0,10.0,24.0,10.0,17.642794,17.347898,17.973154,18.187757,18.053902,18.139637,17.031559,16.585285,16.531527,16.420046,17.289394,17.496538,17.762356,17.358479,17.330208,17.210495,16.937286,16.590881,4.0,4.0,0.0,0.0,4.0,0.0,0.0,0.0
42686,2023.0,10.0,24.0,10.0,17.534683,17.252985,20.238756,22.14601,18.231956,18.4132,17.184605,16.966959,16.46927,16.362549,20.252861,22.642023,17.935534,17.769438,17.28234,17.167078,16.881607,16.733812,4.0,4.0,0.0,0.0,0.0,0.0,0.0,0.0
42687,2023.0,10.0,24.0,10.0,18.109661,18.422949,20.020376,21.467615,17.646921,17.299234,17.252563,17.090105,16.406197,16.30409,18.437944,18.736448,18.734398,19.258175,17.234188,17.122904,16.778141,16.66427,4.0,0.0,0.0,0.0,0.0,4.0,0.0,0.0
42688,2023.0,10.0,24.0,10.0,18.385319,18.799421,20.052324,21.376417,17.957561,18.082708,17.232813,17.08409,16.352722,16.254217,17.357178,17.257298,18.102083,17.802944,17.190893,17.082874,16.644228,16.537128,4.0,4.0,0.0,0.0,0.0,0.0,0.0,0.0
42689,2023.0,10.0,24.0,10.0,17.798515,17.661753,20.04625,21.261162,17.543102,17.196915,17.930439,18.430756,16.309559,16.214794,17.105114,16.97294,18.56985,18.921148,17.153532,17.04896,16.53076,16.4281,4.0,0.0,4.0,0.0,0.0,4.0,0.0,0.0
42690,2023.0,10.0,24.0,11.0,17.484987,17.266418,20.063114,21.237562,17.91761,18.084297,17.568172,17.54519,16.272928,16.180717,16.972351,16.839579,18.803486,19.155437,17.120804,17.019684,16.43758,16.33879,0.0,4.0,0.0,0.0,0.0,4.0,0.0,0.0
42691,2023.0,10.0,24.0,11.0,17.380001,17.16318,18.678856,18.530008,17.54091,17.26342,17.082241,16.765427,16.242582,16.152596,16.878036,16.752197,18.147095,17.868408,17.092587,16.995003,16.36156,16.267572,0.0,0.0,0.0,0.0,0.0,0.0,0.0,0.0
42692,2023.0,10.0,24.0,11.0,18.293634,18.964508,18.013502,17.571026,17.305708,16.933846,16.930088,16.579437,16.220747,16.13129,16.814598,16.69015,18.688377,19.024597,17.070164,16.975191,16.306124,16.21367,0.0,0.0,0.0,0.0,0.0,4.0,0.0,0.0
42693,2023.0,10.0,24.0,11.0,18.31203,18.792618,17.979446,17.75592,17.215094,16.849407,17.04471,16.879759,16.98361,17.587337,16.757658,16.636086,18.877533,19.255318,17.0496,16.957527,16.257246,16.167015,0.0,0.0,0.0,4.0,0.0,4.0,0.0,0.0
42694,2023.0,10.0,24.0,11.0,17.689297,17.611227,17.909346,17.749294,17.324461,17.143456,17.784124,18.283619,20.286299,23.204908,17.090878,17.305788,18.937532,19.318909,18.112976,18.98431,16.216074,16.128403,0.0,0.0,4.0,0.0,4.0,4.0,4.0,0.0
42695,2023.0,10.0,24.0,11.0,17.404604,17.25473,18.21967,18.456375,17.371338,17.240355,17.8789,18.21541,17.880287,18.006815,20.400003,22.868704,18.999058,19.386105,17.406778,17.270636,16.174908,16.089375,4.0,0.0,4.0,0.0,0.0,4.0,0.0,0.0
42696,2023.0,10.0,24.0,12.0,17.319208,17.168732,20.240444,21.97614,17.35058,17.231058,17.853525,18.17393,16.711645,16.47708,18.459606,18.805256,19.0531,19.446266,16.97965,16.741362,16.139431,16.055765,4.0,0.0,4.0,0.0,0.0,4.0,0.0,0.0
42697,2023.0,10.0,24.0,12.0,21.333723,24.280834,20.018509,21.340536,21.316372,24.256306,21.353083,24.239258,16.630142,16.512913,17.383646,17.31446,21.21768,23.26547,21.506319,24.624338,16.108025,16.02473,4.0,4.0,4.0,0.0,0.0,0.0,0.0,0.0
42698,2023.0,10.0,24.0,12.0,20.996233,23.191135,20.045559,21.271574,21.009647,23.238808,21.027246,23.239342,16.594606,16.489714,17.14097,17.01745,21.03534,22.64345,21.01037,23.348639,16.084723,16.002287,4.0,0.0,0.0,0.0,0.0,0.0,0.0,0.0
42699,2023.0,10.0,24.0,12.0,21.168396,23.269823,20.11755,21.33929,21.136688,23.139894,21.137897,23.15912,16.534803,16.43149,17.019276,16.887457,21.13265,22.639433,21.159239,23.33977,16.068016,15.987196,0.0,4.0,4.0,0.0,0.0,0.0,0.0,0.0
42700,2023.0,10.0,24.0,12.0,21.05523,22.868986,18.770416,18.679617,21.065601,22.841919,21.069012,22.890978,16.491879,16.394135,16.949986,16.828377,21.048346,22.34912,21.048937,22.936245,16.05669,15.978441,0.0,0.0,0.0,0.0,0.0,0.0,0.0,0.0
42701,2023.0,10.0,24.0,12.0,21.065733,22.764992,17.926231,17.554867,21.041988,22.6378,21.04565,22.704206,16.452194,16.355865,17.304615,17.55827,21.041868,22.266092,21.057625,22.814188,16.046812,15.970381,0.0,4.0,4.0,0.0,4.0,0.0,0.0,0.0
42702,2023.0,10.0,24.0,13.0,21.025433,22.598816,18.268885,18.437067,21.047432,22.550701,21.075527,22.695316,16.421787,16.329023,20.35747,22.62633,21.042597,22.211452,21.05662,22.707167,16.039238,15.964976,4.0,4.0,0.0,0.0,0.0,0.0,0.0,0.0
42703,2023.0,10.0,24.0,13.0,21.168377,22.83332,20.247517,21.902094,21.167198,22.738518,21.188198,22.831043,16.3959,16.305906,18.826138,19.397316,21.147583,22.377605,21.20614,22.927277,16.033054,15.961074,0.0,0.0,4.0,0.0,4.0,0.0,0.0,0.0
42704,2023.0,10.0,24.0,13.0,21.060617,22.55856,18.901358,19.099602,21.063194,22.46774,21.047323,22.4951,16.375519,16.288538,20.261984,22.2255,21.040428,22.125334,21.05378,22.557638,16.028078,15.958335,0.0,0.0,4.0,0.0,0.0,0.0,0.0,0.0
42705,2023.0,10.0,24.0,13.0,21.034119,22.44203,18.109545,18.03444,21.037754,22.349989,21.04582,22.455242,16.358515,16.274437,18.504105,18.552847,21.039867,22.096296,21.053003,22.50924,16.023983,15.956409,0.0,4.0,4.0,0.0,0.0,0.0,0.0,0.0
42706,2023.0,10.0,24.0,13.0,21.06533,22.494408,18.373695,18.68649,21.066814,22.39475,21.069843,22.492165,16.343788,16.262133,17.668941,17.546274,21.0384,22.070024,21.05098,22.4674,16.02051,15.955014,4.0,0.0,0.0,0.0,0.0,0.0,0.0,0.0
42707,2023.0,10.0,24.0,13.0,21.212488,22.741291,20.224596,21.899338,21.174187,22.578564,21.202938,22.708557,16.33187,16.253206,17.500692,17.375957,21.156404,22.28581,21.223108,22.77987,16.017435,15.954045,4.0,0.0,4.0,0.0,0.0,0.0,0.0,0.0
42708,2023.0,10.0,24.0,14.0,21.06417,22.438238,20.003103,21.280378,21.05834,22.315657,21.043009,22.361605,16.32174,16.24544,17.368114,17.241018,21.037273,22.02629,21.049871,22.400686,16.01456,15.953235,4.0,0.0,4.0,0.0,0.0,0.0,0.0,0.0
42709,2023.0,10.0,24.0,14.0,20.17163,20.680687,20.062984,21.299416,19.848211,19.99551,19.530313,19.481178,16.313465,16.23958,17.273623,17.155897,20.697155,21.33352,19.701115,19.79029,16.011318,15.95154,0.0,0.0,0.0,0.0,0.0,4.0,0.0,0.0
42710,2023.0,10.0,24.0,14.0,19.187069,19.155615,19.103708,19.351019,19.099405,19.02445,18.667936,18.39287,17.07134,17.67696,17.190496,17.078384,20.327322,20.720135,18.971045,18.872213,16.00529,15.946897,4.0,0.0,0.0,4.0,0.0,4.0,0.0,0.0
42711,2023.0,10.0,24.0,14.0,18.81414,18.677507,20.177326,21.444342,18.862396,18.751451,19.052544,19.313063,20.312754,23.194828,17.131231,17.021458,19.501192,19.233227,18.737217,18.618967,15.997629,15.940491,0.0,0.0,4.0,0.0,0.0,0.0,0.0,0.0
42712,2023.0,10.0,24.0,14.0,18.593523,18.471972,18.896265,18.886705,18.670692,18.562841,19.152607,19.48526,18.018509,18.230347,17.069504,16.966152,19.11162,18.793491,18.543009,18.430092,15.988541,15.93271,0.0,0.0,4.0,0.0,0.0,0.0,0.0,0.0
42713,2023.0,10.0,24.0,14.0,19.35519,20.051222,18.844456,19.052643,19.22218,19.712963,19.099874,19.439928,17.172316,16.973103,17.022152,16.921974,18.976362,18.665155,18.40614,18.294327,15.979505,15.924973,4.0,4.0,4.0,0.0,0.0,0.0,0.0,0.0
42714,2023.0,10.0,24.0,15.0,19.324125,19.873314,20.182066,21.500317,18.772978,18.824522,19.046488,19.395638,17.075691,16.968105,16.97663,16.88049,18.865627,18.566847,19.326809,20.147106,16.93948,17.74688,0.0,0.0,4.0,0.0,0.0,0.0,4.0,4.0
42715,2023.0,10.0,24.0,15.0,18.63343,18.640507,19.423393,19.90892,18.871017,19.187712,18.985434,19.337137,16.980991,16.890984,16.927782,16.834911,19.674477,20.226093,18.577581,18.47507,20.314367,23.358076,4.0,4.0,4.0,0.0,0.0,4.0,0.0,0.0
42716,2023.0,10.0,24.0,15.0,18.26526,18.17265,20.167877,21.422867,18.37323,18.221243,18.931023,19.283463,16.876282,16.788668,17.284082,17.54908,19.79829,20.239143,18.071808,17.85449,17.839462,18.054674,0.0,0.0,4.0,0.0,4.0,4.0,0.0,0.0
42717,2023.0,10.0,24.0,15.0,18.123426,18.02759,18.88574,18.852869,18.656815,18.954206,18.31479,18.177814,16.787045,16.702192,20.406397,22.743612,19.760643,20.188623,17.890022,17.663576,16.69196,16.568762,0.0,4.0,0.0,0.0,0.0,4.0,0.0,0.0
42718,2023.0,10.0,24.0,15.0,18.719618,19.234911,18.126791,17.854084,18.23539,18.083044,18.579048,18.893501,16.70991,16.62797,18.560823,18.926023,19.758183,20.18394,17.76509,17.541069,16.526052,16.452307,0.0,0.0,4.0,0.0,0.0,4.0,0.0,0.0
42719,2023.0,10.0,24.0,15.0,18.871588,19.418638,18.082714,17.92994,17.93663,17.6482,18.681746,19.039974,16.647726,16.564596,17.72164,17.610914,19.75325,20.176508,17.79384,17.692595,16.450932,16.38014,0.0,0.0,4.0,0.0,0.0,4.0,0.0,0.0
42720,2023.0,10.0,24.0,16.0,18.260984,18.249107,18.018843,17.90421,18.510326,18.824663,18.083141,17.924557,16.595142,16.517548,17.54075,17.430582,19.746231,20.16765,17.748566,17.657787,16.38133,16.315777,0.0,4.0,0.0,0.0,0.0,4.0,0.0,0.0
42721,2023.0,10.0,24.0,16.0,18.01852,17.91665,18.392534,18.685398,18.042961,17.883884,17.805452,17.53763,16.543707,16.468657,17.400024,17.290369,19.73418,20.150583,17.687536,17.600485,16.316444,16.25265,4.0,0.0,0.0,0.0,0.0,4.0,0.0,0.0
42722,2023.0,10.0,24.0,16.0,18.617527,19.126543,20.233992,21.912724,17.783794,17.506905,17.67497,17.397995,16.494967,16.422981,17.28554,17.178444,19.025263,18.827068,17.62755,17.544348,16.25748,16.196707,0.0,0.0,0.0,0.0,0.0,0.0,0.0,0.0
42723,2023.0,10.0,24.0,16.0,18.20568,18.205215,18.945337,19.191391,17.64651,17.355133,18.223494,18.51956,17.197922,17.794727,17.173418,17.073265,18.654505,18.364294,17.562094,17.481922,16.19365,16.135431,0.0,0.0,4.0,4.0,0.0,0.0,0.0,0.0
42724,2023.0,10.0,24.0,16.0,17.936815,17.820503,18.749971,19.037546,17.717442,17.57614,18.382849,18.733915,20.312492,23.102703,17.088636,16.99138,19.276283,19.647898,17.505524,17.427183,16.142687,16.085619,4.0,0.0,4.0,4.0,0.0,4.0,0.0,0.0
42725,2023.0,10.0,24.0,16.0,18.526041,19.02567,20.195917,21.629585,17.725943,17.617432,18.398746,18.739178,20.037235,22.187521,16.997313,16.903925,19.489122,19.895613,17.445204,17.369656,16.088627,16.034185,0.0,0.0,4.0,0.0,0.0,4.0,0.0,0.0
42726,2023.0,10.0,24.0,17.0,18.737284,19.25455,19.116669,19.361603,17.680677,17.575125,18.407764,18.741257,18.066008,18.129065,16.913607,16.82644,18.795738,18.580658,17.38649,17.313702,16.037535,15.985645,4.0,0.0,4.0,0.0,0.0,0.0,0.0,0.0
42727,2023.0,10.0,24.0,17.0,18.128614,18.090252,20.18378,21.437138,18.334383,18.83731,17.815838,17.633116,18.0137,18.376003,16.84204,16.753439,19.260805,19.620817,17.332182,17.258413,15.9927,15.939948,0.0,4.0,0.0,4.0,0.0,4.0,0.0,0.0
42728,2023.0,10.0,24.0,17.0,18.490952,18.954975,19.168535,19.34888,18.607649,19.153492,18.112509,18.37984,20.270262,22.345789,16.765339,16.678986,19.427687,19.801704,17.270077,17.18942,15.940894,15.884057,4.0,4.0,4.0,0.0,0.0,4.0,0.0,0.0
42729,2023.0,10.0,24.0,17.0,18.657381,19.125029,20.186516,21.476215,17.86403,17.687582,18.269388,18.561218,18.299082,18.301683,16.687952,16.59945,19.412325,19.771553,17.209974,17.12444,15.889191,15.827626,0.0,0.0,4.0,0.0,0.0,4.0,0.0,0.0
42730,2023.0,10.0,24.0,17.0,18.674469,19.132109,19.129436,19.275963,18.083893,18.31544,18.261425,18.536737,17.274963,16.999056,16.612486,16.518686,19.391878,19.736303,17.152016,17.061659,15.839825,15.773297,4.0,4.0,4.0,0.0,0.0,4.0,0.0,0.0
42731,2023.0,10.0,24.0,17.0,18.050175,17.952484,20.161684,21.274815,17.614803,17.37756,17.659729,17.414684,17.182291,17.047031,16.921255,17.145132,19.369385,19.698956,18.11114,18.906176,15.797969,15.726191,4.0,0.0,0.0,0.0,4.0,4.0,4.0,0.0
42732,2023.0,10.0,24.0,18.0,18.395061,18.79372,20.02318,20.94337,17.264336,16.886644,17.28973,16.918991,17.827707,18.384861,20.390089,22.901735,18.631435,18.322716,17.387873,17.202528,15.752364,15.676154,4.0,0.0,0.0,4.0,4.0,0.0,0.0,0.0
42733,2023.0,10.0,24.0,18.0,21.31772,23.790344,20.057732,20.984596,21.443214,24.131756,21.465067,24.164824,20.301264,22.591553,20.012484,21.99199,21.295662,23.190746,21.548248,24.550175,15.709526,15.631122,0.0,0.0,4.0,0.0,0.0,0.0,0.0,0.0
42734,2023.0,10.0,24.0,18.0,21.009182,22.884186,18.843054,18.62008,20.97755,23.000263,21.023602,23.099466,18.696808,19.13221,18.094208,18.044653,21.005611,22.46628,21.015593,23.263464,15.673497,15.5946245,0.0,4.0,0.0,4.0,0.0,4.0,0.0,0.0
42735,2023.0,10.0,24.0,18.0,21.076092,22.838938,18.793615,18.982113,21.06281,22.894958,21.057142,22.889383,20.29516,22.335022,17.061314,16.719248,21.068102,22.45286,21.084652,23.133226,15.643751,15.564891,4.0,4.0,4.0,0.0,0.0,0.0,0.0,0.0
42736,2023.0,10.0,24.0,18.0,21.183378,22.894154,20.176516,21.429968,21.169538,22.928833,21.162579,22.950657,18.270868,18.183584,17.001183,16.859703,21.128906,22.457117,21.183979,23.171701,15.61885,15.540139,0.0,4.0,0.0,0.0,0.0,0.0,0.0,0.0
42737,2023.0,10.0,24.0,18.0,21.068285,22.583315,19.402922,19.796001,21.04908,22.559122,21.045782,22.574322,17.266256,16.943737,16.94895,16.833195,21.056705,22.224688,21.060514,22.80439,15.596983,15.518461,4.0,4.0,4.0,0.0,0.0,0.0,0.0,0.0
42738,2023.0,10.0,24.0,19.0,21.062082,22.49639,20.174973,21.350063,21.072615,22.534885,21.050251,22.500566,17.188944,17.066994,17.21637,17.437225,21.012508,22.08277,21.059269,22.715963,15.577058,15.498671,0.0,0.0,4.0,0.0,4.0,4.0,0.0,0.0
42739,2023.0,10.0,24.0,19.0,21.061537,22.438211,19.121593,19.186563,21.041796,22.379232,21.049051,22.436829,17.104452,17.004179,20.374212,22.713127,21.06215,22.15163,21.058533,22.649076,15.556601,15.476406,4.0,4.0,4.0,0.0,0.0,0.0,0.0,0.0
42740,2023.0,10.0,24.0,19.0,21.198143,22.696278,20.175451,21.362736,21.168585,22.597616,21.193169,22.676237,16.96553,16.856977,18.423561,18.705864,21.132488,22.24864,21.205038,22.891275,15.535576,15.453109,4.0,0.0,4.0,0.0,0.0,0.0,0.0,0.0
42741,2023.0,10.0,24.0,19.0,21.047132,22.37261,20.01126,20.935766,21.036709,22.26349,21.07263,22.409367,16.839426,16.725077,17.320257,17.211382,21.053535,22.053276,21.055609,22.546894,15.514384,15.42906,4.0,4.0,0.0,0.0,0.0,0.0,0.0,0.0
42742,2023.0,10.0,24.0,19.0,21.04939,22.366173,20.043371,20.937456,21.046833,22.251505,21.067385,22.363968,16.731218,16.612114,17.484152,17.719618,21.040354,22.028847,21.01714,22.41545,15.493352,15.405176,4.0,4.0,0.0,0.0,4.0,0.0,4.0,0.0
42743,2023.0,10.0,24.0,19.0,21.047073,22.348932,20.056679,20.937088,21.069626,22.289371,21.042717,22.2626,17.384233,17.92252,20.382431,22.594248,21.041876,22.028555,21.077665,22.517523,16.444094,17.215496,0.0,0.0,4.0,4.0,0.0,0.0,0.0,4.0
42744,2023.0,10.0,24.0,20.0,21.046377,22.33402,18.813904,18.519001,21.03865,22.17762,21.071665,22.315584,20.322897,22.890808,18.77526,19.263502,21.041397,22.02233,21.028267,22.350851,20.363577,23.740942,0.0,4.0,0.0,0.0,4.0,0.0,4.0,0.0
42745,2023.0,10.0,24.0,20.0,21.045782,22.31918,18.04938,17.512745,21.069283,22.236536,21.04037,22.206665,17.936796,17.85088,20.289104,22.230661,21.041391,22.01654,21.075521,22.44643,17.400045,17.413363,0.0,0.0,4.0,0.0,0.0,0.0,0.0,0.0
42746,2023.0,10.0,24.0,20.0,21.019037,22.233877,18.447376,18.518757,21.063078,22.199652,21.045706,22.198412,16.821184,16.469593,18.28873,18.145073,21.01146,21.932724,21.066769,22.399603,16.093966,15.803924,4.0,0.0,4.0,0.0,0.0,4.0,0.0,0.0
42747,2023.0,10.0,24.0,20.0,21.270937,22.734016,20.170942,21.536287,21.17159,22.393887,21.1728,22.45717,16.801777,16.671192,17.154615,16.691933,21.136175,22.172401,21.192188,22.62387,16.042484,15.945122,4.0,0.0,0.0,0.0,0.0,0.0,0.0,0.0
42748,2023.0,10.0,24.0,20.0,21.06656,22.302532,20.041946,21.120237,21.019833,22.083439,21.065006,22.219734,16.745275,16.614792,17.119146,16.934223,21.05417,21.978315,21.06644,22.34638,16.939417,17.688578,0.0,4.0,0.0,0.0,0.0,0.0,0.0,4.0
42749,2023.0,10.0,24.0,20.0,21.05955,22.258005,18.985222,18.964724,21.070925,22.182343,21.04044,22.133574,16.640545,16.510443,17.069815,16.915018,21.025005,21.879477,21.05184,22.328928,20.334929,23.36909,4.0,0.0,4.0,0.0,0.0,4.0,0.0,0.0
42750,2023.0,10.0,24.0,21.0,21.211946,22.516962,20.213469,21.473085,21.206617,22.412373,21.174221,22.409792,17.2968,17.826427,16.925428,16.76751,21.136257,22.110964,21.224922,22.67912,17.559748,17.513237,0.0,4.0,0.0,4.0,0.0,0.0,0.0,0.0
42751,2023.0,10.0,24.0,21.0,21.065157,22.221298,18.698324,18.392632,21.04275,22.065853,21.039387,22.10273,20.33262,22.922068,16.795174,16.63705,21.024433,21.850882,21.013515,22.225399,16.293957,15.955704,0.0,4.0,4.0,0.0,0.0,4.0,4.0,0.0
42752,2023.0,10.0,24.0,21.0,21.059097,22.191034,18.13477,17.863682,21.042858,22.055906,21.07127,22.178324,17.885124,17.758064,17.03249,17.179329,21.060492,21.935947,21.03732,22.25118,16.231365,16.11156,0.0,4.0,0.0,0.0,4.0,0.0,4.0,0.0
42753,2023.0,10.0,24.0,21.0,21.172012,22.3988,18.038866,17.79908,21.17564,22.330662,21.171148,22.36502,16.713781,16.2997,20.438145,22.89551,21.133226,22.06779,21.198866,22.58796,16.150097,16.02709,0.0,0.0,0.0,0.0,0.0,0.0,0.0,0.0
42754,2023.0,10.0,24.0,21.0,21.041477,22.155693,17.911322,17.667454,21.06295,22.085154,21.040344,22.06644,16.706125,16.546734,18.63958,19.142006,21.055517,21.897476,21.066668,22.298878,16.983208,17.704414,0.0,0.0,4.0,0.0,4.0,0.0,0.0,4.0
42755,2023.0,10.0,24.0,21.0,21.044382,22.173775,17.793118,17.541853,21.038397,22.000402,21.071566,22.140625,16.655914,16.500343,20.298367,22.420732,21.038574,21.887793,21.067638,22.28142,21.242085,24.844494,0.0,4.0,0.0,0.0,0.0,0.0,0.0,0.0
42756,2023.0,10.0,24.0,22.0,21.044147,22.180183,18.134851,18.263144,21.069168,22.072643,21.0652,22.113304,16.541304,16.382689,18.084076,17.86813,21.040688,21.906199,21.067667,22.264458,17.993021,17.954914,4.0,0.0,0.0,0.0,0.0,0.0,0.0,0.0
42757,2023.0,10.0,24.0,22.0,21.044157,22.183704,20.257359,21.94747,21.063023,22.047583,21.020403,22.030561,17.046774,17.420885,16.853897,16.296383,21.040665,21.91536,21.050684,22.250053,16.447598,16.052275,0.0,0.0,4.0,4.0,0.0,0.0,0.0,0.0
42758,2023.0,10.0,24.0,22.0,21.04411,22.184227,18.843674,18.954834,21.06339,22.036041,21.073816,22.138988,20.41246,23.0627,16.850325,16.611769,21.040663,21.921144,21.052786,22.264992,16.369473,16.228125,0.0,0.0,0.0,0.0,0.0,0.0,0.0,0.0
42759,2023.0,10.0,24.0,22.0,21.043554,22.180056,18.005095,17.79889,21.043123,22.024698,21.064978,22.105803,17.790367,17.632322,17.119823,17.178497,21.040806,21.924923,21.052488,22.270811,16.279247,16.140568,0.0,0.0,0.0,0.0,4.0,0.0,0.0,0.0
42760,2023.0,10.0,24.0,22.0,21.043537,22.176567,17.7851,17.532753,21.045633,22.046354,21.065754,22.093681,17.141418,17.189398,20.433523,22.786829,21.040743,21.926807,21.052557,22.274439,16.142937,16.004463,0.0,0.0,0.0,4.0,0.0,0.0,0.0,0.0
42761,2023.0,10.0,24.0,22.0,21.043583,22.173477,17.666712,17.407663,21.04535,22.055855,21.0451,22.080284,20.447714,22.814713,18.384687,18.604885,21.040854,21.927969,21.01318,22.170311,16.02777,15.890389,0.0,0.0,0.0,4.0,0.0,0.0,4.0,0.0
42762,2023.0,10.0,24.0,23.0,21.014503,22.091629,17.56958,17.304869,21.018877,21.989368,21.04771,22.101479,20.022482,21.842186,17.232328,17.052895,21.040554,21.927658,21.078709,22.30427,15.925817,15.7866955,0.0,4.0,0.0,0.0,0.0,0.0,0.0,0.0
42763,2023.0,10.0,24.0,23.0,19.556135,19.292826,17.492548,17.23135,19.908133,19.897264,19.88315,19.87855,17.975033,17.71209,16.972849,16.788591,19.9796,19.886845,19.361256,18.980448,15.8429575,15.708802,0.0,0.0,0.0,0.0,0.0,0.0,0.0,0.0
42764,2023.0,10.0,24.0,23.0,18.907692,18.379555,17.43126,17.167633,18.910149,18.225266,19.29342,19.047813,17.181116,16.660736,16.820599,16.626396,19.56054,19.340122,18.693316,18.14907,15.775838,15.63932,0.0,0.0,0.0,0.0,0.0,0.0,0.0,0.0
42765,2023.0,10.0,24.0,23.0,18.625587,18.086285,17.371155,17.106739,18.525951,17.795694,19.024931,18.756094,17.22652,17.039577,16.68748,16.488447,19.366373,19.140188,18.383581,17.842337,15.710566,15.571672,0.0,0.0,0.0,0.0,0.0,0.0,0.0,0.0
42766,2023.0,10.0,24.0,23.0,19.450499,19.866539,17.320038,17.060303,18.66281,18.301498,18.843248,18.58892,17.67121,17.993238,16.865807,16.92078,19.21397,18.996479,18.455706,18.241718,15.654214,15.517708,0.0,0.0,0.0,4.0,4.0,0.0,0.0,0.0
42767,2023.0,10.0,24.0,23.0,18.713957,18.378178,17.268139,17.009584,18.641811,18.35737,18.677288,18.424046,17.182606,17.038935,16.625998,16.473972,19.072422,18.854244,18.360281,18.175468,15.597853,15.4606285,0.0,0.0,0.0,0.0,0.0,0.0,0.0,0.0
42768,2023.0,10.0,25.0,0.0,18.288057,17.76771,17.216564,16.956556,18.528648,18.247662,18.524866,18.26578,17.2144,17.257563,16.440413,16.2437,18.941309,18.717464,18.209513,18.02013,15.542616,15.402557,0.0,0.0,0.0,4.0,0.0,0.0,0.0,0.0
42769,2023.0,10.0,25.0,0.0,18.117695,17.608412,17.172106,16.91553,18.425919,18.15256,18.40186,18.150764,16.629528,16.188385,16.643785,16.711906,18.8325,18.612593,18.078766,17.893858,15.494436,15.355603,0.0,0.0,0.0,0.0,4.0,0.0,0.0,0.0
42770,2023.0,10.0,25.0,0.0,18.330568,18.181181,17.127548,16.87219,18.325003,18.053787,18.284838,18.035278,16.340868,15.859331,16.388487,16.218096,18.730003,18.509598,17.954016,17.768795,15.447379,15.307977,0.0,0.0,0.0,0.0,0.0,0.0,0.0,0.0
42771,2023.0,10.0,25.0,0.0,18.341173,18.247135,17.086046,16.832949,18.234076,17.96735,18.181324,17.936172,16.791298,16.856453,16.243267,16.052803,18.63907,18.42037,17.842337,17.659235,15.40411,15.265154,0.0,0.0,0.0,4.0,0.0,0.0,0.0,0.0
42772,2023.0,10.0,25.0,0.0,18.284134,18.198397,17.045788,16.79473,18.149134,17.886196,18.085737,17.844236,16.294405,15.861477,16.156864,15.965372,18.555845,18.338387,17.73954,17.558039,15.36324,15.224587,0.0,0.0,0.0,0.0,0.0,0.0,0.0,0.0
42773,2023.0,10.0,25.0,0.0,18.215143,18.127798,17.003433,16.75104,18.06309,17.796825,17.989632,17.74385,16.037008,15.56366,16.077032,15.880844,18.475067,18.254082,17.639929,17.454784,15.322541,15.181993,0.0,0.0,0.0,0.0,0.0,0.0,0.0,0.0
42774,2023.0,10.0,25.0,1.0,18.155605,18.075356,16.968237,16.720646,17.994772,17.737701,17.913933,17.677952,16.203228,16.028519,16.015045,15.824641,18.409018,18.192991,17.556879,17.377312,16.016176,16.520077,0.0,0.0,0.0,0.0,0.0,0.0,0.0,4.0
42775,2023.0,10.0,25.0,1.0,18.094093,18.01667,16.931879,16.686823,17.925467,17.671686,17.837507,17.60453,16.775326,17.11893,15.954051,15.764579,18.344631,18.129425,17.47599,17.297312,15.51448,15.400106,0.0,0.0,0.0,4.0,0.0,0.0,0.0,0.0
42776,2023.0,10.0,25.0,1.0,18.035511,17.960623,16.89696,16.654453,17.860477,17.609852,17.76644,17.536213,16.340794,16.1834,16.199041,16.272505,18.285343,18.070951,17.401089,17.223255,15.1261835,14.763382,0.0,0.0,0.0,0.0,4.0,0.0,0.0,0.0
42777,2023.0,10.0,25.0,1.0,17.980982,17.909275,16.863886,16.624367,17.80032,17.553818,17.700998,17.47464,16.482378,16.540707,15.973761,15.798482,18.231476,18.018826,17.332615,17.156721,15.702824,15.950243,0.0,0.0,0.0,4.0,0.0,0.0,0.0,4.0
42778,2023.0,10.0,25.0,1.0,17.933205,17.868633,16.831959,16.595148,18.45549,18.838268,17.639185,17.416344,16.004774,15.610915,15.857791,15.672189,18.18147,17.970413,17.268744,17.094604,15.163188,14.797145,0.0,4.0,0.0,0.0,0.0,0.0,0.0,0.0
42779,2023.0,10.0,25.0,1.0,17.89824,17.848812,16.800474,16.565973,18.020044,17.910007,17.580065,17.3598,15.779135,15.342305,15.807389,15.6235695,18.13463,17.92463,17.208632,17.035465,15.001778,14.655561,0.0,0.0,0.0,0.0,0.0,0.0,0.0,0.0
42780,2023.0,10.0,25.0,2.0,17.848482,17.80204,16.766445,16.534513,17.344965,16.753454,17.517303,17.299957,16.222519,16.283136,15.755122,15.573013,18.085745,17.877142,17.145647,16.97392,15.009064,14.72929,0.0,0.0,0.0,4.0,0.0,0.0,0.0,0.0
42781,2023.0,10.0,25.0,2.0,17.795986,17.748272,16.729906,16.497107,17.102413,16.493792,17.454338,17.23635,15.850468,15.447289,15.704757,15.52131,18.037182,17.827002,17.08423,16.911493,15.090212,14.943896,0.0,0.0,0.0,0.0,0.0,0.0,0.0,0.0
42782,2023.0,10.0,25.0,2.0,17.748617,17.697958,16.69559,16.460548,17.3367,17.056358,17.399048,17.178646,15.650008,15.210841,15.66249,15.476142,17.995047,17.782131,17.031406,16.85635,15.092798,14.954818,0.0,0.0,0.0,0.0,0.0,0.0,0.0,0.0
42783,2023.0,10.0,25.0,2.0,17.700865,17.647312,16.660646,16.423307,17.384258,17.140696,17.344145,17.121317,15.835643,15.68313,15.621533,15.432541,17.953512,17.737995,16.97952,16.80231,15.0691805,14.929815,0.0,0.0,0.0,0.0,0.0,0.0,0.0,0.0
42784,2023.0,10.0,25.0,2.0,17.653843,17.597404,16.625345,16.385199,17.354227,17.1105,17.290335,17.064241,15.820442,15.648751,15.582056,15.390105,17.9132,17.694948,16.929482,16.750069,15.043391,14.902033,0.0,0.0,0.0,0.0,0.0,0.0,0.0,0.0
42785,2023.0,10.0,25.0,2.0,17.60854,17.550117,16.591238,16.349453,17.316904,17.071701,17.239594,17.012032,15.783014,15.609643,15.544692,15.350888,17.874426,17.654219,16.881475,16.700623,15.017149,14.874214,0.0,0.0,0.0,0.0,0.0,0.0,0.0,0.0
42786,2023.0,10.0,25.0,3.0,17.564089,17.503582,16.557295,16.313818,17.276789,17.029974,17.190136,16.961,15.746302,15.5712385,15.508236,15.31254,17.836376,17.614182,16.834715,16.652395,15.001346,14.866632,0.0,0.0,0.0,0.0,0.0,0.0,0.0,0.0
42787,2023.0,10.0,25.0,3.0,17.52322,17.46747,16.526897,16.288452,17.239433,16.998419,17.144966,16.922203,16.301704,16.650707,15.474346,15.282977,17.800823,17.582376,16.789543,16.610994,15.002809,14.888226,0.0,0.0,0.0,4.0,0.0,0.0,0.0,0.0
42788,2023.0,10.0,25.0,3.0,17.483051,17.429304,16.496613,16.260994,17.20104,16.963123,17.09959,16.87981,15.952828,15.795673,15.44098,15.251804,17.765884,17.549473,16.74529,16.568678,15.002746,14.902684,0.0,0.0,0.0,0.0,0.0,0.0,0.0,0.0
42789,2023.0,10.0,25.0,3.0,17.444296,17.391968,16.467266,16.234121,17.163324,16.927963,17.055962,16.83856,15.509058,15.091464,15.717967,15.800566,17.73214,17.51739,16.70283,16.527777,15.003181,14.915762,0.0,0.0,0.0,0.0,4.0,0.0,0.0,0.0
42790,2023.0,10.0,25.0,3.0,17.408003,17.3586,16.440218,16.210302,17.127958,16.896313,17.015959,16.802208,15.339187,14.915554,15.561265,15.408537,17.700626,17.48845,16.663305,16.490908,15.67597,16.192848,0.0,0.0,0.0,0.0,0.0,0.0,0.0,4.0
42791,2023.0,10.0,25.0,3.0,17.375021,17.327599,16.416111,16.188524,17.095985,16.866945,16.980684,16.769218,15.513727,15.341943,15.45833,15.27787,17.672466,17.462023,16.628252,16.45747,15.169287,15.067875,0.0,0.0,0.0,0.0,0.0,0.0,0.0,0.0
42792,2023.0,10.0,25.0,4.0,17.341854,17.29636,16.39196,16.166851,17.06403,16.837566,16.945915,16.736694,15.541175,15.379109,15.414718,15.233495,17.644495,17.435797,16.59355,16.42437,15.522424,15.811921,0.0,0.0,0.0,0.0,0.0,0.0,0.0,4.0
42793,2023.0,10.0,25.0,4.0,17.307878,17.262634,16.805553,16.96648,17.030954,16.805277,16.910437,16.701742,16.101019,16.449657,15.378647,15.197641,17.615788,17.4075,16.558575,16.389856,14.957731,14.75353,4.0,0.0,0.0,4.0,0.0,0.0,0.0,0.0
42794,2023.0,10.0,25.0,4.0,17.270918,17.224844,16.584976,16.42758,16.994055,16.768385,16.870903,16.66203,15.771651,15.623733,15.642314,15.723319,17.583923,17.375624,16.520044,16.351408,15.025672,14.926644,0.0,0.0,0.0,0.0,4.0,0.0,0.0,0.0
42795,2023.0,10.0,25.0,4.0,17.234306,17.186996,16.407705,16.190008,16.95714,16.73101,16.83166,16.622074,15.342499,14.939127,15.476211,15.315935,17.551893,17.343313,16.481745,16.312918,15.009461,14.909513,0.0,0.0,0.0,0.0,0.0,0.0,0.0,0.0
42796,2023.0,10.0,25.0,4.0,17.197071,17.147692,16.34369,16.116219,16.91929,16.691135,16.791517,16.579653,15.166156,14.740645,15.3442955,15.160358,17.519402,17.309788,16.443502,16.27384,15.004671,14.929267,0.0,0.0,0.0,0.0,0.0,0.0,0.0,0.0
42797,2023.0,10.0,25.0,4.0,17.162374,17.113274,16.305353,16.079113,16.88523,16.6583,16.756973,16.546959,15.354433,15.20187,15.615456,15.7148905,17.48872,17.279703,16.40732,16.23829,15.005206,14.947826,0.0,0.0,0.0,0.0,4.0,0.0,0.0,0.0
42798,2023.0,10.0,25.0,5.0,17.12902,17.080973,16.272024,16.047092,16.853327,16.62844,16.722687,16.514439,15.964264,16.31156,15.732234,15.839015,17.458786,17.250856,16.372286,16.204494,15.004595,14.962519,0.0,0.0,0.0,4.0,4.0,0.0,0.0,0.0
42799,2023.0,10.0,25.0,5.0,17.09569,17.04707,16.240093,16.015087,16.820276,16.596151,16.687864,16.480062,15.639887,15.492632,15.47445,15.324028,17.428167,17.220444,16.336832,16.169292,15.005097,14.976617,0.0,0.0,0.0,0.0,0.0,0.0,0.0,0.0
42800,2023.0,10.0,25.0,5.0,17.062948,17.01376,16.209473,15.9846115,16.787292,16.56377,16.653475,16.446114,15.214447,14.813299,15.627828,15.719233,17.397654,17.190084,16.301716,16.13437,15.005385,14.988081,0.0,0.0,0.0,0.0,4.0,0.0,0.0,0.0
42801,2023.0,10.0,25.0,5.0,17.030231,16.980383,16.179974,15.9550295,16.75464,16.531473,16.619698,16.412487,15.044298,14.625007,15.439007,15.251983,17.36725,17.159695,16.26704,16.099766,15.006347,14.999691,0.0,0.0,0.0,0.0,4.0,0.0,0.0,0.0
42802,2023.0,10.0,25.0,5.0,17.000086,16.952152,16.153316,15.930577,16.724623,16.503986,16.588724,16.383957,15.8214,16.190228,15.062843,14.639889,17.338808,17.133041,16.234621,16.06922,15.005724,15.007204,0.0,0.0,0.0,4.0,0.0,0.0,0.0,0.0
42803,2023.0,10.0,25.0,5.0,16.968538,16.919744,16.124838,15.902367,16.692797,16.472488,16.555746,16.351238,15.554391,15.413443,15.147006,14.947781,17.308699,17.10287,16.200699,16.035244,15.00653,15.016659,0.0,0.0,0.0,0.0,4.0,0.0,0.0,0.0
42804,2023.0,10.0,25.0,6.0,16.944002,16.900818,16.097647,15.876214,16.662195,16.443048,16.524109,16.320705,15.12979,14.743892,14.977385,14.644388,17.279451,17.074263,16.168032,16.003376,15.592379,16.122734,0.0,0.0,0.0,0.0,0.0,0.0,0.0,4.0
42805,2023.0,10.0,25.0,6.0,21.224855,24.375208,16.069653,15.848443,21.27868,24.33273,21.252214,24.390802,14.999041,14.6354265,15.377108,15.466946,21.140532,23.610813,21.56491,25.082308,20.176178,23.903492,0.0,0.0,0.0,0.0,4.0,0.0,0.0,0.0
42806,2023.0,10.0,25.0,6.0,21.068737,23.616154,16.04146,15.819419,21.064299,23.627777,21.061132,23.722273,15.797571,16.21321,20.45924,23.872738,21.034262,23.22312,21.003798,23.75707,16.926662,16.923193,0.0,0.0,0.0,4.0,4.0,0.0,0.0,0.0
42807,2023.0,10.0,25.0,6.0,21.052088,23.269806,16.018827,15.793322,21.080297,23.329897,21.060116,23.360918,20.938654,24.872412,20.008383,22.73027,21.072506,23.033394,21.096785,23.606884,15.385138,15.00869,0.0,0.0,4.0,0.0,0.0,0.0,0.0,0.0
42808,2023.0,10.0,25.0,6.0,21.045576,23.064535,15.998764,15.769649,21.068888,23.085976,21.076502,23.189125,17.612305,17.662985,18.023487,18.528145,21.061155,22.820482,21.07394,23.327454,16.145853,16.723898,0.0,0.0,0.0,0.0,4.0,0.0,0.0,4.0
42809,2023.0,10.0,25.0,6.0,21.090023,22.998068,15.978346,15.746512,21.044228,22.862644,21.09215,23.017015,15.909715,15.479259,20.313038,22.976274,21.059961,22.679483,21.074205,23.15867,20.634048,24.293581,0.0,4.0,0.0,0.0,4.0,0.0,0.0,0.0
42810,2023.0,10.0,25.0,7.0,21.05468,22.779953,15.958761,15.723949,21.0471,22.76056,21.062988,22.793444,15.84716,15.653709,20.055532,22.156618,21.058136,22.57293,21.072016,23.02922,17.888454,18.32764,0.0,4.0,4.0,0.0,0.0,0.0,0.0,4.0
42811,2023.0,10.0,25.0,7.0,21.058783,22.69835,15.941457,15.7054615,21.066084,22.67731,21.090658,22.763815,15.809154,15.636016,17.75364,17.523407,21.056675,22.492466,21.070396,22.931845,20.377132,23.378447,0.0,4.0,0.0,0.0,0.0,0.0,0.0,0.0
42812,2023.0,10.0,25.0,7.0,21.083027,22.699709,15.924268,15.688181,21.061678,22.580511,21.083317,22.666319,15.713493,15.543419,17.187359,17.270292,21.02648,22.354836,21.069149,22.856846,17.455908,17.32998,0.0,4.0,0.0,0.0,4.0,4.0,0.0,0.0
42813,2023.0,10.0,25.0,7.0,21.165384,22.788046,16.33597,16.474428,21.164906,22.719584,21.19846,22.854548,15.629323,15.461106,20.347471,22.811443,21.136168,22.554054,21.188187,23.03806,16.067667,15.624131,4.0,4.0,4.0,0.0,0.0,0.0,0.0,0.0
42814,2023.0,10.0,25.0,7.0,21.359856,22.945494,20.330263,23.29929,21.169683,22.673332,21.169794,22.752245,15.556449,15.389615,18.235456,18.451056,21.268461,22.586267,21.24575,23.07843,15.967236,15.780348,4.0,4.0,0.0,0.0,0.0,4.0,4.0,0.0
42815,2023.0,10.0,25.0,7.0,21.593876,23.483133,20.019981,22.20512,21.193483,22.67603,21.183086,22.729727,15.496039,15.330708,17.002264,16.811735,21.407269,22.872726,21.21638,22.97869,15.87126,15.710989,4.0,4.0,0.0,0.0,0.0,4.0,0.0,0.0
42816,2023.0,10.0,25.0,8.0,21.092194,22.46538,20.096828,22.054667,21.056486,22.365099,21.07968,22.482979,16.205622,16.71267,17.070194,17.203573,21.078928,22.204185,21.079136,22.649662,15.725932,15.574095,0.0,4.0,0.0,4.0,4.0,0.0,0.0,0.0
42817,2023.0,10.0,25.0,8.0,19.85781,20.06539,17.938263,17.682629,19.716637,19.770914,19.568098,19.589016,20.457342,23.77188,20.351206,22.89876,20.018772,20.120068,19.055923,18.72017,15.602904,15.45999,0.0,4.0,0.0,0.0,4.0,4.0,0.0,0.0
42818,2023.0,10.0,25.0,8.0,19.279999,19.432693,17.079021,16.795753,18.421728,17.81509,18.653374,18.427948,17.87092,18.25741,20.049015,22.027851,18.933762,18.429888,18.32079,18.091614,15.495745,15.358313,0.0,0.0,0.0,4.0,0.0,0.0,0.0,0.0
42819,2023.0,10.0,25.0,8.0,18.426697,18.019411,17.347988,17.445332,18.477976,18.326946,18.964241,19.28853,20.434431,23.177582,17.860533,17.615429,18.410227,17.815763,18.07554,17.86872,15.397342,15.258692,4.0,4.0,4.0,4.0,0.0,0.0,0.0,0.0
42820,2023.0,10.0,25.0,8.0,17.946928,17.466557,20.25776,22.596802,17.911951,17.301361,18.469181,18.356808,20.021612,22.153927,16.959288,16.703207,18.910397,19.00085,18.887684,19.616552,15.311034,15.173275,4.0,0.0,0.0,4.0,0.0,4.0,4.0,0.0
42821,2023.0,10.0,25.0,8.0,17.711653,17.241957,20.050129,21.862736,17.500988,16.84772,17.659136,17.071884,20.099712,22.108425,16.769487,16.537186,19.044369,19.165113,17.887615,17.503508,15.234996,15.098156,0.0,0.0,0.0,0.0,0.0,4.0,0.0,0.0
42822,2023.0,10.0,25.0,9.0,18.51932,18.96575,18.362043,18.392218,17.301365,16.658054,17.891653,17.80564,17.857588,17.630886,16.582605,16.363762,18.319693,17.853506,18.280592,18.706232,15.167466,15.031485,4.0,0.0,4.0,0.0,0.0,0.0,4.0,0.0
42823,2023.0,10.0,25.0,9.0,18.47508,18.73953,20.324469,21.970572,17.459,17.119272,17.372932,16.827936,16.974037,16.440054,16.451626,16.236801,17.973335,17.411108,18.423279,18.863415,15.117494,14.983586,4.0,0.0,0.0,0.0,0.0,0.0,4.0,0.0
42824,2023.0,10.0,25.0,9.0,17.668211,17.296139,20.048735,21.455116,17.497742,17.22073,17.0208,16.43252,16.875406,16.63131,16.318287,16.11496,17.789211,17.235931,17.450361,17.044746,15.066929,14.936325,0.0,0.0,0.0,0.0,0.0,0.0,0.0,0.0
42825,2023.0,10.0,25.0,9.0,17.980536,18.138279,18.607151,18.590368,17.42737,17.168219,16.877169,16.305511,16.748793,16.553661,16.204659,16.014053,17.939407,17.685333,16.992281,16.54947,15.021808,14.894756,4.0,0.0,0.0,0.0,0.0,0.0,0.0,0.0
42826,2023.0,10.0,25.0,9.0,18.158182,18.42567,20.291306,21.700554,18.06103,18.42208,17.70666,17.999111,16.603289,16.418268,16.121277,15.935608,17.963844,17.76546,16.834988,16.395618,15.00065,14.889023,4.0,4.0,4.0,0.0,0.0,0.0,0.0,0.0
42827,2023.0,10.0,25.0,9.0,17.485363,17.157194,20.049957,21.293041,17.721607,17.636414,17.491673,17.386791,16.449589,16.275965,16.0363,15.859394,17.905252,17.709696,17.768494,18.284391,15.003562,14.919749,0.0,0.0,0.0,0.0,0.0,0.0,4.0,0.0
42828,2023.0,10.0,25.0,10.0,17.83379,18.039768,18.412445,18.115746,17.084583,16.576454,17.563694,17.645376,17.06832,17.56739,15.963234,15.795105,17.845602,17.654623,17.1108,16.766573,15.003298,14.937658,0.0,0.0,4.0,4.0,0.0,0.0,0.0,0.0
42829,2023.0,10.0,25.0,10.0,17.380438,17.081377,17.736486,17.463024,16.821854,16.281631,17.642126,17.754747,20.334442,23.125086,15.896985,15.733618,17.791082,17.602856,16.687006,16.286642,15.003552,14.951469,0.0,0.0,4.0,4.0,0.0,0.0,0.0,0.0
42830,2023.0,10.0,25.0,10.0,17.072815,16.707151,17.556814,17.308062,17.64605,17.963934,17.64254,17.761595,20.048817,22.218649,15.836147,15.674189,17.741858,17.555916,16.548609,16.147991,15.003502,14.961052,0.0,4.0,4.0,0.0,0.0,0.0,0.0,0.0
42831,2023.0,10.0,25.0,10.0,17.648052,17.885138,17.780619,17.89303,17.16745,16.811869,17.637495,17.762419,17.808668,17.662289,15.784,15.625454,18.443388,18.921112,16.452942,16.059736,15.003589,14.968197,4.0,0.0,4.0,0.0,0.0,4.0,0.0,0.0
42832,2023.0,10.0,25.0,10.0,17.919523,18.24584,20.238668,22.278067,17.370575,17.41896,17.00488,16.595201,16.691486,16.25932,15.737617,15.580805,17.760908,17.381985,17.701838,18.520048,15.0035515,14.973167,4.0,4.0,0.0,0.0,0.0,0.0,4.0,0.0
42833,2023.0,10.0,25.0,10.0,17.322256,17.094765,20.048124,21.641441,17.584251,17.710209,16.65717,16.173822,17.104418,17.300325,15.697929,15.542259,17.377493,16.912062,16.949923,16.664524,15.0034,14.977198,0.0,4.0,0.0,4.0,0.0,0.0,0.0,0.0
42834,2023.0,10.0,25.0,11.0,17.660545,17.925539,18.579607,18.636227,17.624956,17.761929,16.530487,16.049784,20.373135,22.778257,16.060787,16.250675,17.28153,16.814236,16.478388,16.107515,15.003516,14.980781,4.0,4.0,0.0,0.0,4.0,0.0,0.0,0.0
42835,2023.0,10.0,25.0,11.0,17.258543,17.053268,20.23629,21.986246,17.002672,16.594116,16.44637,15.980064,18.47688,18.846487,20.454279,23.529863,17.471458,17.260584,16.36467,15.994243,15.8452,16.562807,4.0,0.0,0.0,4.0,0.0,0.0,0.0,4.0
42836,2023.0,10.0,25.0,11.0,16.953274,16.653225,20.02723,21.39156,16.685083,16.214275,16.609703,16.383945,20.31498,22.542841,17.99486,18.39184,18.378149,18.949324,16.299034,15.938028,20.317734,24.07267,4.0,0.0,0.0,0.0,0.0,4.0,0.0,0.0
42837,2023.0,10.0,25.0,11.0,16.858315,16.56646,20.074703,21.387983,17.2185,17.307522,16.689886,16.510857,18.10782,18.005451,16.631508,16.513756,17.707735,17.38966,16.438747,16.277388,17.176609,17.328814,0.0,4.0,0.0,0.0,0.0,0.0,0.0,0.0
42838,2023.0,10.0,25.0,11.0,17.023123,16.963112,18.492117,18.276545,16.856382,16.484776,17.39814,17.860312,16.988966,16.590382,16.384855,16.231339,17.32774,16.910517,16.496746,16.366053,16.605213,17.135874,0.0,0.0,4.0,0.0,0.0,0.0,0.0,4.0
42839,2023.0,10.0,25.0,11.0,17.088453,17.090557,18.420254,18.50941,16.636671,16.201292,17.63879,18.15769,16.940765,16.732597,16.29428,16.13434,17.262049,16.84348,16.490044,16.365747,20.372519,23.698296,4.0,0.0,4.0,0.0,0.0,0.0,0.0,0.0
42840,2023.0,10.0,25.0,12.0,17.845575,18.52584,20.207134,21.792292,16.555992,16.135914,16.872818,16.620485,16.869762,16.703758,16.628466,16.83493,17.441462,17.250132,16.475262,16.353912,17.478256,17.585348,0.0,0.0,0.0,0.0,4.0,0.0,0.0,0.0
42841,2023.0,10.0,25.0,12.0,21.366793,24.447865,19.138391,19.55904,21.513975,24.713501,21.327595,24.385748,16.745445,16.585669,20.387215,23.14022,21.25402,23.848076,22.226171,26.148527,16.074604,15.761564,4.0,4.0,0.0,0.0,0.0,0.0,0.0,0.0
42842,2023.0,10.0,25.0,12.0,21.123629,23.584536,20.216482,21.709724,21.117033,23.693756,21.113588,23.69294,17.452328,18.022337,18.49058,19.095716,21.10252,23.303213,22.314182,25.755003,15.930156,15.783307,4.0,0.0,0.0,4.0,4.0,0.0,0.0,0.0
42843,2023.0,10.0,25.0,12.0,21.058924,23.162283,20.044546,21.276373,21.093254,23.300291,21.093987,23.326384,20.3955,23.034971,20.288378,22.662346,21.061674,22.941048,20.884966,22.877377,15.854965,15.7257185,0.0,0.0,0.0,0.0,0.0,0.0,0.0,0.0
42844,2023.0,10.0,25.0,12.0,21.08046,23.043024,18.574121,18.38894,21.079355,23.043497,21.06487,23.085636,18.002651,17.98777,18.139433,18.144964,21.053902,22.726759,21.094505,23.132236,15.756976,15.633257,0.0,0.0,0.0,0.0,0.0,0.0,0.0,0.0
42845,2023.0,10.0,25.0,12.0,21.070333,22.890652,18.111727,18.020166,21.058805,22.875854,21.063974,22.954918,16.860329,16.498781,16.913118,16.498642,21.049578,22.574072,21.057755,22.933857,15.67723,15.556704,4.0,0.0,0.0,0.0,0.0,0.0,0.0,0.0
42846,2023.0,10.0,25.0,13.0,21.04652,22.724152,20.228064,21.874434,21.061995,22.785675,21.040447,22.794176,16.811447,16.64044,16.851873,16.647488,21.049673,22.465971,21.063168,22.844543,15.617102,15.503049,4.0,0.0,4.0,0.0,0.0,0.0,0.0,0.0
42847,2023.0,10.0,25.0,13.0,21.07418,22.732601,20.024046,21.320103,21.057318,22.704824,21.067314,22.802465,16.771646,16.619457,16.805107,16.626617,21.045452,22.376669,21.058006,22.758099,15.565438,15.453947,0.0,0.0,0.0,0.0,0.0,0.0,0.0,0.0
42848,2023.0,10.0,25.0,13.0,21.042017,22.592968,18.558388,18.418777,21.059479,22.652506,21.077065,22.735615,17.485449,18.045387,16.717945,16.5545,21.046934,22.316502,21.060326,22.701727,15.526473,15.420562,0.0,0.0,0.0,4.0,0.0,0.0,0.0,0.0
42849,2023.0,10.0,25.0,13.0,21.073284,22.634499,18.375586,18.593971,21.057758,22.603994,21.0741,22.665087,20.320549,22.814901,17.02831,17.214828,21.045431,22.264185,21.058496,22.649387,15.49282,15.39061,4.0,0.0,0.0,0.0,4.0,0.0,0.0,0.0
42850,2023.0,10.0,25.0,13.0,21.171669,22.774773,20.36446,22.13288,21.158741,22.769167,21.155645,22.80752,18.075773,18.075031,20.3715,22.891485,21.279465,22.692907,21.178991,22.850788,15.465113,15.366547,4.0,0.0,0.0,0.0,0.0,0.0,0.0,0.0
42851,2023.0,10.0,25.0,13.0,21.04346,22.488806,20.02204,21.293577,21.055487,22.529179,21.033688,22.519989,16.983572,16.668722,18.342573,18.686789,21.043026,22.181953,21.056433,22.569607,15.442206,15.347485,4.0,0.0,4.0,0.0,0.0,0.0,0.0,0.0
42852,2023.0,10.0,25.0,14.0,21.042488,22.468306,20.064638,21.29675,21.054821,22.502407,21.06286,22.584139,17.73676,18.31604,17.200869,17.098677,21.04276,22.156473,21.055752,22.541626,15.422934,15.331891,0.0,0.0,0.0,4.0,0.0,0.0,0.0,0.0
42853,2023.0,10.0,25.0,14.0,20.009403,20.468676,18.683275,18.579039,19.676535,19.831982,19.359982,19.274242,20.293364,22.589125,16.954243,16.815704,19.909414,19.952585,19.572643,19.66294,15.405531,15.317242,0.0,0.0,0.0,0.0,0.0,0.0,0.0,0.0
42854,2023.0,10.0,25.0,14.0,18.937307,18.82958,18.2488,18.228327,18.830685,18.731386,18.3818,18.032005,18.229042,18.262245,16.838518,16.699001,19.301756,19.15808,19.756296,20.520487,15.386525,15.300307,4.0,0.0,0.0,0.0,0.0,0.0,4.0,0.0
42855,2023.0,10.0,25.0,14.0,19.219488,19.59656,20.222767,21.815695,18.564354,18.419472,18.286583,18.096655,17.426126,17.100824,17.165783,17.382595,19.113607,18.948568,18.752712,18.577152,15.368609,15.284036,4.0,0.0,0.0,0.0,4.0,0.0,0.0,0.0
42856,2023.0,10.0,25.0,14.0,19.280678,19.71552,20.113953,21.458628,18.35656,18.214443,18.857016,19.32789,18.063725,18.569302,20.358065,22.803255,18.959818,18.799381,18.128965,17.81567,15.348191,15.26553,0.0,0.0,4.0,4.0,0.0,0.0,0.0,0.0
42857,2023.0,10.0,25.0,14.0,19.201748,19.65057,18.666199,18.579016,18.861399,19.315968,18.23304,18.054825,20.252851,22.25556,18.689627,19.295113,18.829567,18.674103,17.872055,17.553648,15.327992,15.247284,0.0,4.0,0.0,4.0,4.0,0.0,0.0,0.0
42858,2023.0,10.0,25.0,15.0,19.126287,19.576761,18.054724,17.915941,19.053593,19.586433,17.721806,17.39587,21.071674,23.347464,20.271908,22.402933,18.718168,18.567291,17.694607,17.385511,15.307427,15.228692,0.0,4.0,0.0,0.0,0.0,0.0,0.0,0.0
42859,2023.0,10.0,25.0,15.0,18.45452,18.38125,17.894125,17.76083,18.80622,19.113384,18.12943,18.324835,18.51943,18.481365,18.360489,18.417818,18.62173,18.475687,17.695473,17.543297,15.286408,15.209395,0.0,4.0,4.0,0.0,0.0,0.0,0.0,0.0
42860,2023.0,10.0,25.0,15.0,18.123272,17.929798,17.776146,17.636078,18.698288,18.974043,17.664356,17.419416,17.77064,17.430988,17.684637,17.514053,18.547834,18.403885,17.648808,17.521816,15.266815,15.1911125,0.0,4.0,0.0,0.0,0.0,0.0,0.0,0.0
42861,2023.0,10.0,25.0,15.0,17.970722,17.776463,18.14794,18.426184,18.650589,18.931808,17.415321,17.087238,17.68079,17.511293,17.512646,17.356455,18.479534,18.339966,17.56863,17.44795,15.247409,15.173578,4.0,4.0,0.0,0.0,0.0,0.0,0.0,0.0
42862,2023.0,10.0,25.0,15.0,18.569597,19.005999,20.242456,22.094954,18.613234,18.901228,17.300657,16.978407,17.553896,17.413368,17.35505,17.205679,18.418863,18.285334,17.494051,17.380484,15.228299,15.157144,0.0,4.0,0.0,0.0,0.0,0.0,0.0,0.0
42863,2023.0,10.0,25.0,15.0,18.7596,19.236902,19.154127,19.704992,18.575294,18.86909,17.350534,17.193056,17.393795,17.264366,17.20005,17.06084,19.144783,19.724997,18.485138,19.330761,15.206588,15.138017,4.0,4.0,0.0,0.0,0.0,4.0,4.0,0.0
42864,2023.0,10.0,25.0,16.0,18.761503,19.239101,20.172806,21.62941,17.948385,17.728214,18.062494,18.574575,18.023993,18.563234,17.086786,16.949604,18.63732,18.634693,17.64371,17.519556,15.185784,15.119749,4.0,0.0,4.0,4.0,0.0,0.0,0.0,0.0
42865,2023.0,10.0,25.0,16.0,18.132387,18.069773,20.043896,21.2761,18.223356,18.45993,18.331123,18.88675,20.2819,22.400156,16.966503,16.835531,18.14039,17.848225,17.16596,16.920887,15.161832,15.097241,0.0,4.0,4.0,0.0,0.0,0.0,0.0,0.0
42866,2023.0,10.0,25.0,16.0,18.46128,18.89917,19.010927,19.195658,18.380472,18.672626,18.152687,18.487295,18.876482,19.365278,16.85761,16.733778,17.955917,17.630934,18.061514,18.723858,16.127106,16.942112,4.0,4.0,4.0,4.0,0.0,0.0,4.0,4.0
42867,2023.0,10.0,25.0,16.0,17.957424,17.891176,20.176727,21.44509,18.370789,18.659086,17.499863,17.293613,20.246109,21.876049,16.771605,16.649048,17.872412,17.5427,17.355797,17.202536,20.269014,23.951395,4.0,4.0,0.0,4.0,0.0,0.0,0.0,0.0
42868,2023.0,10.0,25.0,16.0,18.334091,18.785421,20.023884,21.079403,17.75034,17.516214,17.803654,18.067013,20.049997,21.501425,16.679754,16.562983,17.97745,17.832611,16.947836,16.699692,17.305754,17.562258,4.0,0.0,4.0,0.0,0.0,0.0,0.0,0.0
42869,2023.0,10.0,25.0,16.0,17.894625,17.826653,20.043217,21.073841,18.039774,18.263361,17.97183,18.26991,18.44339,18.341492,17.002594,17.252337,18.002094,17.888342,16.821527,16.56419,15.906337,15.766214,4.0,4.0,4.0,0.0,4.0,0.0,0.0,0.0
42870,2023.0,10.0,25.0,17.0,18.258572,18.69463,20.16787,21.303785,17.605484,17.36025,17.974398,18.265476,17.565727,17.244947,20.405733,22.981937,18.777285,19.400764,16.729605,16.47259,15.7086935,15.631491,0.0,0.0,4.0,0.0,0.0,4.0,0.0,0.0
42871,2023.0,10.0,25.0,17.0,18.446665,18.909113,18.793179,18.624937,17.872833,18.051754,17.970325,18.252167,17.24974,16.91572,18.367273,18.744017,18.10819,17.885798,16.793766,16.686172,15.601446,15.533254,0.0,4.0,4.0,0.0,0.0,0.0,0.0,0.0
42872,2023.0,10.0,25.0,17.0,17.827494,17.733318,18.155598,17.694735,18.032148,18.296026,17.96175,18.234116,17.249214,17.09884,17.456625,17.35481,17.790487,17.448202,17.896387,18.798475,15.514256,15.447135,0.0,4.0,4.0,0.0,0.0,0.0,4.0,0.0
42873,2023.0,10.0,25.0,17.0,17.542198,17.326326,18.531366,18.643621,18.050438,18.307835,17.950602,18.21366,17.915882,18.456293,17.216492,17.095572,18.458197,18.806036,17.004084,16.850006,15.433855,15.37005,4.0,4.0,4.0,4.0,0.0,4.0,0.0,0.0
42874,2023.0,10.0,25.0,17.0,17.413845,17.180202,20.169727,21.59831,17.462067,17.204432,17.344782,17.09011,20.283344,22.529682,17.036722,16.913292,18.614864,18.979403,16.65903,16.387693,15.361549,15.300467,4.0,0.0,0.0,0.0,0.0,4.0,0.0,0.0
42875,2023.0,10.0,25.0,17.0,17.301855,17.055548,20.042759,21.203827,17.720003,17.876566,16.981064,16.612627,18.177658,18.136808,16.867422,16.748161,17.90793,17.616745,16.52739,16.253542,15.278892,15.212548,0.0,4.0,0.0,0.0,0.0,0.0,0.0,0.0
42876,2023.0,10.0,25.0,18.0,17.452017,17.437277,18.667603,18.476244,17.915586,18.142946,17.452454,17.61097,17.125767,16.807201,16.725365,16.614393,18.353533,18.690594,16.42255,16.147074,16.114714,16.848625,0.0,4.0,4.0,0.0,0.0,4.0,0.0,4.0
42877,2023.0,10.0,25.0,18.0,21.324528,24.283403,18.363935,18.17753,21.353586,24.11298,21.309103,24.261324,17.079382,16.939306,16.611797,16.498865,21.242535,23.69758,22.419071,26.446337,20.292095,23.960293,4.0,4.0,0.0,0.0,0.0,4.0,0.0,0.0
42878,2023.0,10.0,25.0,18.0,21.03414,23.287464,20.228264,21.629221,21.03482,23.137764,21.004684,23.219563,17.79697,18.39621,16.482174,16.355194,21.023527,22.93303,20.864029,23.297882,17.183353,17.302721,0.0,0.0,4.0,4.0,0.0,4.0,0.0,0.0
42879,2023.0,10.0,25.0,18.0,21.05536,23.02865,18.650745,18.419939,21.061266,22.92194,21.094807,23.14269,20.298618,22.590435,16.725328,16.90621,21.08016,22.835049,21.104496,23.489614,16.625568,17.154266,0.0,4.0,0.0,4.0,4.0,0.0,0.0,4.0
42880,2023.0,10.0,25.0,18.0,21.05302,22.838003,18.41807,18.525665,21.058004,22.746641,21.080454,22.923344,21.047281,23.427246,20.456633,23.158327,21.070278,22.645643,21.03134,23.115225,20.93592,24.588823,4.0,4.0,0.0,0.0,0.0,0.0,4.0,0.0
42881,2023.0,10.0,25.0,18.0,21.160288,22.941578,20.210682,21.68122,21.162535,22.834703,21.157198,22.918549,18.151445,17.93005,18.197077,18.50673,21.125883,22.614302,21.180069,23.267721,17.687582,17.734116,4.0,4.0,4.0,0.0,0.0,4.0,0.0,0.0
42882,2023.0,10.0,25.0,19.0,21.04124,22.58356,20.019186,21.14241,21.078526,22.59385,21.081982,22.68769,17.123158,16.663729,16.937056,16.7927,21.072187,22.437963,21.077774,22.93304,16.123825,15.783352,4.0,0.0,0.0,0.0,0.0,0.0,0.0,0.0
42883,2023.0,10.0,25.0,19.0,21.048367,22.525974,20.066729,21.147926,21.07128,22.50458,21.074497,22.595997,17.115755,16.95764,16.654392,16.48259,21.034258,22.273262,21.077906,22.833742,15.991097,15.871773,0.0,0.0,0.0,0.0,0.0,4.0,0.0,0.0
42884,2023.0,10.0,25.0,19.0,21.048763,22.475414,18.59841,18.260693,21.074326,22.450743,21.058437,22.542809,17.021236,16.86328,16.50369,16.339989,21.072273,22.319324,21.06468,22.763805,15.861899,15.742748,0.0,0.0,0.0,0.0,0.0,0.0,0.0,0.0
42885,2023.0,10.0,25.0,19.0,21.141678,22.638548,18.113503,17.851067,21.112625,22.509113,21.079659,22.532873,16.87057,16.707022,16.361677,16.1875,21.132824,22.38432,21.135082,22.85865,15.7089,15.585283,4.0,0.0,4.0,0.0,0.0,0.0,0.0,0.0
42886,2023.0,10.0,25.0,19.0,21.177393,22.64629,20.303823,21.713717,21.022852,22.30063,21.053217,22.43609,16.75087,16.593494,16.253565,16.085857,21.122595,22.328114,21.016829,22.565084,15.59069,15.472128,0.0,4.0,4.0,0.0,0.0,0.0,4.0,0.0
42887,2023.0,10.0,25.0,19.0,21.074404,22.430717,18.564848,18.27346,21.060966,22.39077,21.055902,22.406715,16.638453,16.480867,16.152569,15.985668,21.047806,22.180698,21.088573,22.68634,15.482404,15.362723,0.0,0.0,4.0,0.0,0.0,0.0,0.0,0.0
42888,2023.0,10.0,25.0,20.0,21.066107,22.388813,17.913082,17.639225,21.046534,22.292265,21.080215,22.446062,16.539385,16.37897,16.454556,16.628305,21.017809,22.100105,21.074446,22.613804,15.390208,15.268156,0.0,4.0,0.0,0.0,4.0,4.0,0.0,0.0
42889,2023.0,10.0,25.0,20.0,21.067593,22.367182,17.792234,17.538074,21.051388,22.267744,21.049809,22.335676,17.186775,17.670553,20.377806,23.140087,21.070892,22.190739,21.076948,22.578375,15.31381,15.191856,0.0,4.0,4.0,4.0,0.0,0.0,0.0,0.0
42890,2023.0,10.0,25.0,20.0,21.021994,22.27162,18.09946,18.228024,21.07606,22.30981,21.07992,22.391827,20.39965,23.004461,18.10853,18.429256,21.063135,22.14112,21.037468,22.4389,15.244668,15.120349,4.0,0.0,0.0,0.0,0.0,0.0,4.0,0.0
42891,2023.0,10.0,25.0,20.0,21.074951,22.369326,20.260899,22.0037,21.07069,22.270037,21.074028,22.35431,17.796272,17.614883,16.785183,16.619284,21.063543,22.112198,21.083635,22.538342,15.184248,15.05769,0.0,0.0,0.0,0.0,0.0,0.0,0.0,0.0
42892,2023.0,10.0,25.0,20.0,21.066242,22.32581,18.781054,18.894096,21.070948,22.244219,21.049465,22.263096,16.602268,16.137733,16.512459,16.326967,21.015247,22.00844,21.075079,22.495811,15.130418,15.00154,0.0,0.0,4.0,0.0,0.0,4.0,0.0,0.0
42893,2023.0,10.0,25.0,20.0,21.038494,22.229494,17.858847,17.609646,21.04921,22.219769,21.080303,22.329899,16.634363,16.45687,16.746077,16.892242,21.071384,22.112597,21.074654,22.470394,15.081011,14.948701,0.0,0.0,0.0,0.0,4.0,0.0,0.0,0.0
42894,2023.0,10.0,25.0,21.0,21.04597,22.231794,18.07821,18.189775,21.05254,22.233923,21.049028,22.230957,16.590761,16.411993,20.412167,23.02066,21.032824,21.990438,21.057564,22.448832,15.038569,14.905082,4.0,0.0,4.0,0.0,4.0,4.0,0.0,0.0
42895,2023.0,10.0,25.0,21.0,21.071924,22.295189,20.254362,21.998863,21.052044,22.235458,21.079391,22.299166,17.242506,17.72768,20.026289,22.043577,21.067965,22.063927,21.05957,22.45631,15.992237,16.739101,0.0,0.0,0.0,4.0,4.0,0.0,0.0,4.0
42896,2023.0,10.0,25.0,21.0,21.039478,22.195465,19.073437,19.436188,21.0267,22.164703,21.047924,22.199678,21.82684,25.203451,20.096088,21.926682,21.061918,22.030664,21.059196,22.454798,21.354458,25.678135,4.0,4.0,4.0,4.0,0.0,0.0,0.0,4.0
42897,2023.0,10.0,25.0,21.0,21.171158,22.466597,20.236567,21.72149,21.198246,22.530598,21.170734,22.45231,19.868587,21.409271,17.955227,17.619923,21.133022,22.153988,21.210428,22.753683,19.881447,22.415693,4.0,0.0,0.0,4.0,0.0,0.0,0.0,4.0
42898,2023.0,10.0,25.0,21.0,21.062996,22.231897,20.03912,21.190432,21.069567,22.225096,21.069864,22.232376,20.124985,21.765598,17.169552,16.943607,21.041395,21.990915,21.015623,22.331623,20.094276,22.516611,0.0,0.0,0.0,0.0,0.0,0.0,4.0,4.0
42899,2023.0,10.0,25.0,21.0,21.065033,22.22013,18.44802,18.035511,21.069561,22.189865,21.050966,22.21957,18.11591,17.76616,17.390339,17.511225,21.044958,22.008665,21.083954,22.462193,20.096455,22.324512,0.0,0.0,0.0,0.0,4.0,0.0,0.0,0.0
42900,2023.0,10.0,25.0,22.0,21.045092,22.207094,17.506828,16.807417,21.048115,22.162909,21.028114,22.16744,17.827553,17.92479,20.404135,22.624506,21.044743,22.014393,21.072556,22.41068,17.594715,17.33402,0.0,0.0,4.0,4.0,4.0,0.0,0.0,0.0
42901,2023.0,10.0,25.0,22.0,21.047752,22.227482,17.54777,17.178982,21.05054,22.17466,21.053629,22.189342,21.659918,24.312511,20.047413,21.797174,21.04455,22.017046,21.073015,22.387346,16.400251,15.923253,0.0,0.0,4.0,4.0,0.0,0.0,0.0,0.0
42902,2023.0,10.0,25.0,22.0,21.046934,22.233904,17.577383,17.277603,21.04998,22.176632,21.075342,22.234825,19.999002,21.370222,17.990381,17.667704,21.044382,22.017466,21.055174,22.366604,16.043236,15.577657,0.0,0.0,0.0,0.0,0.0,0.0,0.0,0.0
42903,2023.0,10.0,25.0,22.0,21.04663,22.23702,17.490044,17.203016,21.049772,22.176779,21.07013,22.205742,18.183172,17.808624,17.196222,16.943857,21.044168,22.016108,21.057013,22.37694,16.078434,15.9021635,0.0,0.0,0.0,0.0,0.0,0.0,0.0,0.0
42904,2023.0,10.0,25.0,22.0,21.046373,22.238337,17.394032,17.10909,21.049217,22.174519,21.069471,22.1891,17.87245,17.892815,17.391617,17.480118,21.04366,22.013023,21.055891,22.377518,16.01099,15.862002,0.0,0.0,0.0,4.0,4.0,0.0,0.0,0.0
42905,2023.0,10.0,25.0,22.0,21.046505,22.239073,17.314243,17.037828,21.04924,22.17222,21.049097,22.176891,20.370821,22.20544,20.392672,22.588844,21.043716,22.010311,21.05626,22.378216,15.88476,15.749667,0.0,0.0,0.0,0.0,0.0,0.0,0.0,0.0
42906,2023.0,10.0,25.0,23.0,21.019098,22.163269,17.24322,16.970076,21.048948,22.168432,21.051413,22.197138,18.222284,17.922562,18.426641,18.61874,21.043455,22.00637,21.056004,22.375946,15.763594,15.628375,0.0,0.0,0.0,0.0,0.0,0.0,0.0,0.0
42907,2023.0,10.0,25.0,23.0,19.869957,19.99246,17.17885,16.908466,19.838493,19.841331,19.798151,19.802502,18.079163,18.405064,17.324932,17.163904,19.91269,19.827547,20.44259,21.153156,16.369696,16.861713,0.0,0.0,0.0,4.0,0.0,0.0,4.0,4.0
42908,2023.0,10.0,25.0,23.0,18.923342,18.4307,17.126621,16.857056,19.216713,18.944405,19.16551,18.909649,18.20763,18.595232,17.066628,16.868465,19.464148,19.236372,19.883472,20.194284,15.83723,15.713819,0.0,0.0,0.0,4.0,0.0,0.0,4.0,0.0
42909,2023.0,10.0,25.0,23.0,18.578625,18.057692,17.078102,16.812391,18.959791,18.673954,18.895666,18.630562,17.299229,16.890907,16.902338,16.707966,19.27292,19.053032,18.848953,18.417143,15.421138,15.072679,0.0,0.0,0.0,0.0,0.0,0.0,0.0,0.0
42910,2023.0,10.0,25.0,23.0,18.723724,18.573223,17.029387,16.764591,18.75867,18.463873,18.679485,18.405708,16.855383,16.330956,16.754498,16.558401,19.10459,18.883785,18.317171,17.766115,15.237743,14.858607,0.0,0.0,0.0,0.0,0.0,0.0,0.0,0.0
42911,2023.0,10.0,25.0,23.0,18.663612,18.561165,16.985098,16.723864,18.600187,18.310322,18.508493,18.2403,16.659708,16.147,16.626028,16.426916,18.961576,18.739538,18.045025,17.510214,15.377062,15.251605,0.0,0.0,0.0,0.0,0.0,0.0,0.0,0.0
42912,2023.0,10.0,26.0,0.0,18.557121,18.461702,16.942764,16.685093,18.461714,18.177046,18.35926,18.096607,16.813963,16.624514,16.513166,16.316105,18.836706,18.61645,17.829967,17.312183,15.346471,15.214264,0.0,0.0,0.0,0.0,0.0,0.0,0.0,0.0
42913,2023.0,10.0,26.0,0.0,18.45348,18.361973,16.901268,16.646132,18.337448,18.056932,18.2258,17.967405,16.767897,16.589434,16.410847,16.214943,18.724648,18.505177,17.953209,17.756695,15.295688,15.163411,0.0,0.0,0.0,0.0,0.0,0.0,0.0,0.0
42914,2023.0,10.0,26.0,0.0,18.35679,18.268763,16.861143,16.608366,18.225075,17.948605,18.105515,17.85112,16.683258,16.505991,16.63795,16.724771,18.623579,18.404772,17.877518,17.699057,15.247188,15.114851,0.0,0.0,0.0,0.0,4.0,0.0,0.0,0.0
42915,2023.0,10.0,26.0,0.0,18.269093,18.18588,16.823391,16.573595,18.12503,17.85457,17.998653,17.750328,16.602932,16.427588,16.344908,16.150982,18.533453,18.316654,17.763706,17.583027,15.201754,15.070076,0.0,0.0,0.0,0.0,0.0,0.0,0.0,0.0
42916,2023.0,10.0,26.0,0.0,18.182379,18.098167,16.78452,16.534746,18.026308,17.754253,17.893387,17.642962,16.523493,16.345905,16.207388,16.011288,18.447187,18.227974,17.652746,17.46957,15.157193,15.024149,0.0,0.0,0.0,0.0,0.0,0.0,0.0,0.0
42917,2023.0,10.0,26.0,0.0,18.107426,18.02792,16.74996,16.50328,17.943213,17.677696,17.80492,17.561121,16.453873,16.278303,16.450407,16.538992,18.37237,18.15514,17.554104,17.373285,15.117319,14.984962,0.0,0.0,0.0,0.0,4.0,0.0,0.0,0.0
42918,2023.0,10.0,26.0,1.0,18.038116,17.963469,16.716621,16.47294,17.866362,17.606855,17.723217,17.48548,16.981041,17.328186,16.178934,15.995914,18.304272,18.089348,17.46386,17.286026,15.080307,14.94893,0.0,0.0,0.0,4.0,0.0,0.0,0.0,0.0
42919,2023.0,10.0,26.0,1.0,17.971455,17.899246,16.685385,16.445374,17.791737,17.534716,17.643732,17.407932,17.189297,17.603424,16.048965,15.858601,18.24021,18.026215,17.377903,17.200466,15.045914,14.915871,0.0,0.0,0.0,4.0,0.0,0.0,0.0,0.0
42920,2023.0,10.0,26.0,1.0,17.918219,17.856104,16.660376,16.4281,17.733074,17.488646,17.58133,17.358332,16.367811,15.978283,16.278198,16.346363,18.188032,17.981218,17.306408,17.136784,15.017508,14.891915,0.0,0.0,0.0,0.0,4.0,0.0,0.0,0.0
42921,2023.0,10.0,26.0,1.0,17.863894,17.806223,16.63451,16.407492,17.672796,17.43427,17.51717,17.299772,16.68661,16.787432,16.373707,16.482647,18.136364,17.932371,17.235622,17.06824,15.0004,14.887445,0.0,0.0,0.0,4.0,4.0,0.0,0.0,0.0
42922,2023.0,10.0,26.0,1.0,17.808527,17.756523,16.608105,16.386713,17.610954,17.379667,17.45151,17.241089,16.27919,15.9024105,15.837278,15.439633,18.084019,17.884163,17.163568,17.000164,15.003217,14.913975,0.0,0.0,0.0,0.0,0.0,0.0,0.0,0.0
42923,2023.0,10.0,26.0,1.0,17.753498,17.704098,16.580877,16.363703,17.54979,17.32151,17.386497,17.178637,15.988022,15.570848,15.519426,15.06427,18.03392,17.83587,17.094982,16.932985,15.002942,14.931808,0.0,0.0,0.0,0.0,0.0,0.0,0.0,0.0
42924,2023.0,10.0,26.0,2.0,17.70774,17.66676,16.557308,16.347391,17.500658,17.282663,17.334267,17.136845,16.117262,15.951298,15.665067,15.476444,17.992418,17.80033,17.037285,16.881588,15.683262,16.223434,0.0,0.0,0.0,0.0,0.0,0.0,0.0,4.0
42925,2023.0,10.0,26.0,2.0,17.664028,17.62498,16.53253,16.32512,17.454353,17.238998,17.285357,17.090397,16.127213,15.975193,15.697325,15.532434,17.954643,17.763174,16.986174,16.83112,15.175276,15.0919895,0.0,0.0,0.0,0.0,0.0,0.0,0.0,0.0
42926,2023.0,10.0,26.0,2.0,17.617834,17.5778,16.505053,16.297905,17.40516,17.188948,17.23379,17.037533,16.08956,15.93667,15.666326,15.5013075,17.915787,17.723177,16.934406,16.778048,15.013325,14.881283,0.0,0.0,0.0,0.0,0.0,0.0,0.0,0.0
42927,2023.0,10.0,26.0,2.0,17.572,17.533659,16.477352,16.272131,17.356598,17.142778,17.182972,16.988897,16.049559,15.897639,15.631705,15.4678135,17.876781,17.685057,16.882265,16.72699,15.016093,14.927861,0.0,0.0,0.0,0.0,0.0,0.0,0.0,0.0
42928,2023.0,10.0,26.0,2.0,17.52982,17.494766,16.451555,16.249525,17.31272,17.103642,17.137094,16.947704,16.01207,15.862439,15.908022,16.016941,17.840714,17.65105,16.833986,16.681013,15.001498,14.92519,0.0,0.0,0.0,0.0,4.0,0.0,0.0,0.0
42929,2023.0,10.0,26.0,2.0,17.488281,17.455078,16.42586,16.225677,17.26924,17.062826,17.091866,16.904915,16.567137,16.93962,15.743098,15.610371,17.805578,17.617071,16.787516,16.635933,15.004522,14.951839,0.0,0.0,0.0,4.0,0.0,0.0,0.0,0.0
42930,2023.0,10.0,26.0,3.0,17.448626,17.416397,16.400564,16.201818,17.227133,17.022682,17.048141,16.862926,16.21871,16.087605,15.914975,16.02224,17.771503,17.583733,16.742855,16.592117,15.003941,14.966418,0.0,0.0,0.0,0.0,4.0,0.0,0.0,0.0
42931,2023.0,10.0,26.0,3.0,17.410402,17.37885,16.376451,16.17923,17.186632,16.983866,17.006268,16.822397,16.024885,15.878179,15.722755,15.576603,17.738918,17.552122,16.700226,16.550335,15.004387,14.9795475,0.0,0.0,0.0,0.0,0.0,0.0,0.0,0.0
42932,2023.0,10.0,26.0,3.0,17.37458,17.344603,16.353348,16.157967,17.148363,16.947512,16.966724,16.784481,15.968457,15.821783,15.598364,15.440197,17.70814,17.5227,16.660185,16.51162,15.007419,14.996537,0.0,0.0,0.0,0.0,0.0,0.0,0.0,0.0
42933,2023.0,10.0,26.0,3.0,17.349915,17.33125,16.33274,16.141241,17.11519,16.919584,16.932474,16.755352,16.519272,16.897354,15.851971,15.961006,17.68012,17.497742,16.623684,16.47821,15.003863,14.996964,0.0,0.0,0.0,4.0,4.0,0.0,0.0,0.0
42934,2023.0,10.0,26.0,3.0,17.33235,17.326078,16.312006,16.123116,17.081501,16.88926,16.897871,16.723856,15.964161,15.637022,15.696304,15.579142,17.652037,17.47183,16.587585,16.444277,15.004886,15.006736,0.0,0.0,0.0,0.0,0.0,0.0,0.0,0.0
42935,2023.0,10.0,26.0,3.0,17.302296,17.296608,16.289658,16.101604,17.045721,16.853695,16.861137,16.687021,15.653065,15.288434,15.55024,15.397494,17.622646,17.442715,16.550472,16.407211,15.008713,15.022057,0.0,0.0,0.0,0.0,0.0,0.0,0.0,0.0
42936,2023.0,10.0,26.0,4.0,17.273527,17.27018,16.26967,16.084684,17.014744,16.82647,16.829348,16.65882,15.793486,15.6581745,15.501597,15.352029,17.59585,17.418165,16.516651,16.375513,15.003951,15.018166,0.0,0.0,0.0,0.0,0.0,0.0,0.0,0.0
42937,2023.0,10.0,26.0,4.0,17.246273,17.246353,16.25074,16.06955,16.985016,16.800459,16.798744,16.63171,15.810602,15.674117,15.464455,15.317444,17.570486,17.395788,16.48456,16.346107,15.009673,15.036745,0.0,0.0,0.0,0.0,0.0,0.0,0.0,0.0
42938,2023.0,10.0,26.0,4.0,17.221672,17.226818,16.234266,16.058561,16.959372,16.781374,16.772352,16.611784,15.787139,15.655186,15.435142,15.293781,18.317698,18.833782,16.455526,16.321455,15.004528,15.030974,0.0,0.0,0.0,0.0,0.0,4.0,0.0,0.0
42939,2023.0,10.0,26.0,4.0,17.195868,17.203241,16.217249,16.045738,16.933197,16.759293,16.744907,16.588476,15.760943,15.632146,15.40652,15.26845,17.876122,17.767189,16.426151,16.294905,15.005707,15.039078,0.0,0.0,0.0,0.0,0.0,0.0,0.0,0.0
42940,2023.0,10.0,26.0,4.0,17.170643,17.180223,16.200556,16.033003,16.907715,16.737522,16.718166,16.565413,15.735444,15.609321,15.380016,15.244909,17.421076,17.032955,16.39763,16.268888,15.005494,15.044011,0.0,0.0,0.0,0.0,0.0,0.0,0.0,0.0
42941,2023.0,10.0,26.0,4.0,17.145702,17.157492,16.183716,16.019724,16.881914,16.714895,16.691374,16.541613,15.710793,15.587018,15.354879,15.222325,17.26766,16.867104,16.369715,16.24328,15.010278,15.059214,0.0,0.0,0.0,0.0,0.0,0.0,0.0,0.0
42942,2023.0,10.0,26.0,5.0,17.122173,17.136934,16.168297,16.008858,16.8585,16.69645,16.667343,16.522371,15.688576,15.568251,15.332927,15.204329,17.446833,17.29981,16.3437,16.22048,15.004537,15.051743,0.0,0.0,0.0,0.0,0.0,0.0,0.0,0.0
42943,2023.0,10.0,26.0,5.0,17.098427,17.115435,16.151968,15.995716,16.83444,16.675955,16.642797,16.501236,15.666595,15.548766,15.6072035,15.738451,17.464613,17.308172,16.317802,16.197079,15.601449,16.176281,0.0,0.0,0.0,0.0,4.0,0.0,0.0,4.0
42944,2023.0,10.0,26.0,5.0,17.075829,17.093922,16.136148,15.982106,16.811419,16.655163,16.619562,16.479958,15.646254,15.529931,15.413973,15.303659,17.445173,17.290947,16.293463,16.174221,14.984249,15.007084,0.0,0.0,0.0,0.0,0.0,0.0,0.0,0.0
42945,2023.0,10.0,26.0,5.0,17.050547,17.069021,16.118507,15.966189,16.785746,16.63097,16.593658,16.455282,15.623618,15.508367,15.297275,15.174699,17.420822,17.267887,16.266388,16.148087,15.044704,15.1259985,0.0,0.0,0.0,0.0,0.0,0.0,0.0,0.0
42946,2023.0,10.0,26.0,5.0,17.764223,18.429987,16.102158,15.952842,16.762344,16.610975,16.570084,16.434917,15.602665,15.489904,15.270748,15.15071,17.397524,17.247303,16.241016,16.125206,15.006262,15.052559,0.0,0.0,0.0,0.0,0.0,0.0,0.0,0.0
42947,2023.0,10.0,26.0,5.0,17.370491,17.462536,16.085056,15.937906,16.738096,16.58881,16.545612,16.412361,15.582133,15.470886,15.246618,15.128113,17.37349,17.224932,16.214954,16.100634,15.601771,16.180899,0.0,0.0,0.0,0.0,0.0,0.0,0.0,4.0
42948,2023.0,10.0,26.0,6.0,16.956352,16.751648,16.069593,15.924551,16.716383,16.569132,16.52381,16.392376,15.564451,15.454708,15.226357,15.109368,17.351913,17.204975,16.191378,16.078432,14.95033,14.930676,0.0,0.0,0.0,0.0,0.0,0.0,0.0,0.0
42949,2023.0,10.0,26.0,6.0,21.283747,24.233978,16.053143,15.910647,21.163263,24.4136,21.135672,24.519453,15.544888,15.436915,15.204847,15.090039,21.243002,23.820099,21.626791,25.26421,15.024671,15.088199,0.0,0.0,0.0,0.0,0.0,0.0,0.0,0.0
42950,2023.0,10.0,26.0,6.0,20.999517,23.450348,16.036333,15.895647,21.004866,23.569101,21.005924,23.708597,15.526421,15.419645,15.183866,15.070433,20.995533,23.160797,20.94344,23.68491,15.008431,15.05918,0.0,0.0,0.0,0.0,0.0,0.0,0.0,0.0
42951,2023.0,10.0,26.0,6.0,21.164673,23.482254,16.018866,15.879032,21.177849,23.549208,21.187412,23.691315,15.5111265,15.405646,15.164423,15.051728,21.152365,23.195957,21.194637,23.833569,15.010823,15.07322,0.0,0.0,0.0,0.0,0.0,0.0,0.0,0.0
42952,2023.0,10.0,26.0,6.0,21.041302,23.063557,16.003235,15.865826,21.017918,23.00678,21.04503,23.194859,15.499682,15.396126,15.148607,15.038069,21.040922,22.795355,21.045666,23.304523,15.003919,15.062808,0.0,4.0,0.0,0.0,0.0,0.0,0.0,0.0
42953,2023.0,10.0,26.0,6.0,21.066557,22.985575,16.436577,16.69591,21.075392,22.99053,21.074091,23.0932,16.100643,16.539232,15.134265,15.026073,21.030802,22.623363,21.0763,23.197035,15.64074,16.26378,4.0,0.0,0.0,4.0,0.0,4.0,0.0,4.0
42954,2023.0,10.0,26.0,7.0,21.148573,23.055199,20.259598,23.197273,21.148312,22.989489,21.149847,23.127588,20.27224,23.602688,15.121132,15.014985,21.118668,22.678656,21.170061,23.25882,20.105314,23.758854,4.0,0.0,0.0,0.0,0.0,4.0,0.0,0.0
42955,2023.0,10.0,26.0,7.0,21.871614,24.205698,20.0301,22.296368,21.076021,22.734259,21.041632,22.801449,17.750072,18.103418,15.112656,15.007293,22.014868,24.121883,21.067759,22.956463,17.097595,17.268353,0.0,0.0,4.0,0.0,0.0,0.0,0.0,0.0
42956,2023.0,10.0,26.0,7.0,21.019806,22.58603,17.907251,17.916355,21.058506,22.648817,21.069769,22.814234,16.436094,16.35231,15.481885,15.701632,20.943249,22.05288,21.028791,22.779625,15.609457,15.39625,0.0,0.0,0.0,0.0,4.0,0.0,4.0,0.0
42957,2023.0,10.0,26.0,7.0,21.20186,22.935307,17.437794,17.696434,21.188702,22.85269,21.277674,23.149643,16.205208,16.10348,20.211588,23.671473,21.13819,22.425657,21.328213,23.340187,15.463072,15.376061,4.0,4.0,0.0,0.0,0.0,0.0,0.0,0.0
42958,2023.0,10.0,26.0,7.0,21.171253,22.839918,20.301044,22.705795,21.21629,22.869404,21.164995,22.847912,16.092287,15.9907465,17.740313,18.267023,21.133503,22.420162,21.188963,22.983868,15.380596,15.306276,0.0,4.0,0.0,0.0,0.0,0.0,0.0,0.0
42959,2023.0,10.0,26.0,7.0,21.067467,22.589338,18.424124,18.736168,21.052528,22.481972,21.058643,22.612684,16.751505,17.308311,16.205132,16.13303,21.048841,22.245218,21.074198,22.698965,15.282333,15.207158,0.0,4.0,0.0,4.0,0.0,0.0,0.0,0.0
42960,2023.0,10.0,26.0,8.0,21.041208,22.483412,17.319113,17.242926,21.050177,22.437147,21.060534,22.596935,20.360466,23.403326,16.308023,16.520222,21.04812,22.237291,21.060719,22.65575,15.200498,15.126732,0.0,4.0,0.0,0.0,4.0,0.0,0.0,0.0
42961,2023.0,10.0,26.0,8.0,19.945673,20.35997,17.03224,16.896362,19.84883,20.100637,19.545115,19.66746,17.731995,17.80781,20.373907,23.492836,19.783628,19.795177,19.42696,19.493229,15.134973,15.064947,0.0,4.0,0.0,0.0,4.0,0.0,0.0,0.0
42962,2023.0,10.0,26.0,8.0,18.81144,18.622713,16.868689,16.7172,18.629135,18.234278,18.638826,18.512182,16.48491,16.229712,20.03187,22.438934,19.130022,18.980494,19.588432,20.382788,15.076766,15.007815,0.0,0.0,0.0,0.0,0.0,0.0,4.0,0.0
42963,2023.0,10.0,26.0,8.0,18.999678,19.328135,16.755352,16.602903,18.737442,18.796085,18.312286,18.16146,16.371582,16.25287,17.787409,17.831299,18.891085,18.739382,18.53042,18.29484,15.025946,14.959132,0.0,4.0,0.0,0.0,0.0,0.0,0.0,0.0
42964,2023.0,10.0,26.0,8.0,18.402206,18.23408,17.108099,17.3233,18.80948,18.975351,18.821844,19.271132,17.078688,17.661781,17.04777,16.878077,19.531357,20.087896,19.043112,19.587755,15.920562,16.676702,4.0,4.0,4.0,4.0,0.0,4.0,4.0,4.0
42965,2023.0,10.0,26.0,8.0,18.070848,17.81065,20.262075,22.799911,18.75679,18.938576,18.314661,18.298464,20.293617,23.151949,16.858644,16.712788,18.690268,18.403809,18.189314,17.941858,20.341843,24.162457,0.0,4.0,0.0,0.0,0.0,0.0,0.0,4.0
42966,2023.0,10.0,26.0,9.0,17.879131,17.629776,18.406467,18.785194,18.067709,17.723179,17.677269,17.32027,17.831486,17.917646,16.657185,16.525133,18.981415,19.280901,17.66684,17.348368,20.04225,23.050598,0.0,0.0,0.0,0.0,0.0,4.0,0.0,0.0
42967,2023.0,10.0,26.0,9.0,17.943693,17.917965,17.674196,17.966892,17.680826,17.25952,17.400711,17.009241,17.282978,17.611502,16.48785,16.363325,19.143549,19.465141,18.470356,19.05954,17.309116,17.410706,4.0,0.0,0.0,4.0,0.0,4.0,4.0,0.0
42968,2023.0,10.0,26.0,9.0,18.668137,19.33653,20.291437,22.534288,18.148998,18.263058,17.465559,17.264963,20.340267,22.944017,16.367407,16.242569,19.144407,19.470884,18.667961,19.280422,16.37917,16.125767,4.0,4.0,0.0,4.0,0.0,4.0,4.0,0.0
42969,2023.0,10.0,26.0,9.0,18.654133,19.10304,20.034792,21.781126,18.368118,18.59227,17.45806,17.307392,20.03957,22.074768,16.249521,16.13152,19.139862,19.472157,17.734293,17.503359,16.037245,15.785657,0.0,4.0,0.0,0.0,0.0,4.0,0.0,0.0
42970,2023.0,10.0,26.0,9.0,17.96057,17.865755,18.60062,18.838474,17.753262,17.450096,17.384567,17.2446,18.587038,19.042645,16.53941,16.767931,18.422071,18.133009,18.323753,18.943048,15.933784,15.820524,4.0,0.0,0.0,4.0,4.0,0.0,4.0,0.0
42971,2023.0,10.0,26.0,9.0,17.664888,17.453465,20.222395,21.934341,18.08059,18.220076,17.319109,17.182528,21.483686,23.915758,20.288383,23.251694,18.91158,19.23838,17.566948,17.37353,15.839591,15.747874,4.0,4.0,0.0,0.0,0.0,4.0,0.0,0.0
42972,2023.0,10.0,26.0,10.0,18.24859,18.668213,20.028004,21.42992,18.29206,18.53928,17.95785,18.445627,19.208267,19.335823,18.39841,19.05772,19.098028,19.447437,17.13866,16.869352,15.716941,15.633699,4.0,4.0,4.0,0.0,4.0,4.0,0.0,0.0
42973,2023.0,10.0,26.0,10.0,17.831856,17.7515,20.071873,21.446022,18.311699,18.576967,17.60599,17.609272,17.653528,17.349157,20.292715,22.81751,18.384768,18.108557,17.001308,16.733332,15.608071,15.530362,0.0,4.0,0.0,0.0,0.0,0.0,0.0,0.0
42974,2023.0,10.0,26.0,10.0,17.501814,17.327324,18.557804,18.47554,18.308506,18.583681,17.095697,16.80505,17.40296,17.24871,18.090094,18.194368,18.803654,19.146887,16.907022,16.648417,15.515682,15.443641,0.0,4.0,0.0,0.0,0.0,4.0,0.0,0.0
42975,2023.0,10.0,26.0,10.0,18.124388,18.573954,18.451235,18.608541,18.303335,18.584778,16.939034,16.615396,17.27375,17.148533,17.137667,16.798885,18.958029,19.339334,18.078962,18.946924,16.431633,17.235428,4.0,4.0,0.0,0.0,0.0,4.0,4.0,4.0
42976,2023.0,10.0,26.0,10.0,17.66352,17.614716,20.203123,21.853508,17.697857,17.467705,17.022484,16.862947,17.126009,17.011065,17.449139,17.638641,18.98919,19.373402,18.214962,18.915071,20.222996,23.662846,0.0,0.0,0.0,0.0,4.0,4.0,4.0,0.0
42977,2023.0,10.0,26.0,10.0,18.069262,18.548155,19.149103,19.63515,17.345663,17.010958,17.050278,16.933413,16.973457,16.869019,20.366335,22.624552,19.019426,19.409254,17.300762,17.148178,17.38675,17.58875,4.0,0.0,0.0,0.0,0.0,4.0,0.0,0.0
42978,2023.0,10.0,26.0,11.0,18.288208,18.799515,20.230627,21.810902,17.22111,16.88913,17.020842,16.913166,16.838408,16.740519,18.467844,18.776705,19.044312,19.43989,16.90968,16.686935,16.058819,15.923088,0.0,0.0,0.0,0.0,0.0,4.0,0.0,0.0
42979,2023.0,10.0,26.0,11.0,18.329624,18.840996,18.654331,18.6268,17.139616,16.815952,17.694757,18.2129,16.723248,16.631437,17.376558,17.308006,18.347185,18.117174,16.794392,16.569868,15.863047,15.789369,0.0,0.0,4.0,0.0,0.0,0.0,0.0,0.0
42980,2023.0,10.0,26.0,11.0,17.712496,17.667206,18.305056,18.26206,17.231842,17.06818,17.286076,17.30379,16.639679,16.55013,17.118517,17.004879,18.857761,19.24356,16.725788,16.505005,15.767779,15.700775,4.0,0.0,0.0,0.0,0.0,4.0,0.0,0.0
42981,2023.0,10.0,26.0,11.0,17.465391,17.330736,20.221275,21.812248,17.248772,17.126085,17.576458,17.907543,16.565144,16.480907,16.966064,16.853512,18.2749,18.057072,16.7886,16.694231,15.67881,15.616961,0.0,0.0,4.0,0.0,0.0,0.0,0.0,0.0
42982,2023.0,10.0,26.0,11.0,18.06636,18.558432,18.991186,19.243618,17.221306,17.106888,17.139482,16.984314,16.488802,16.40983,17.199398,17.427973,18.713589,19.103563,16.791903,16.71366,15.588426,15.53081,4.0,0.0,0.0,0.0,4.0,4.0,0.0,0.0
42983,2023.0,10.0,26.0,11.0,18.231953,18.762295,20.201921,21.608402,17.89791,18.406944,17.510244,17.787222,16.430155,16.353136,20.299412,22.835274,18.880716,19.307442,16.760633,16.684708,15.523805,15.46764,0.0,4.0,4.0,0.0,0.0,4.0,0.0,0.0
42984,2023.0,10.0,26.0,12.0,17.651499,17.640541,19.064766,19.293152,18.191517,18.75078,17.735561,18.08814,17.127268,17.72169,18.400284,18.768175,18.207136,17.999815,16.725039,16.650696,16.436207,17.251637,4.0,4.0,4.0,4.0,0.0,0.0,0.0,4.0
42985,2023.0,10.0,26.0,12.0,21.314035,24.208582,20.193125,21.512983,21.321705,24.15687,21.363653,24.376978,20.339823,23.230177,17.506311,17.394732,21.380306,23.642138,21.583952,24.982767,20.355804,23.927567,0.0,0.0,4.0,0.0,0.0,4.0,0.0,0.0
42986,2023.0,10.0,26.0,12.0,21.02192,23.239359,18.781633,18.715382,21.00676,23.137596,21.031803,23.34991,17.921432,18.049511,17.235472,17.123434,21.038155,22.817997,21.001915,23.555584,17.416203,17.628315,0.0,4.0,0.0,0.0,0.0,0.0,0.0,0.0
42987,2023.0,10.0,26.0,12.0,21.060652,23.093153,18.12366,17.990057,21.082823,23.059484,21.056908,23.117538,16.773354,16.561337,17.053364,16.94091,21.063051,22.664434,21.074072,23.392052,16.09664,15.954861,0.0,0.0,4.0,0.0,0.0,0.0,0.0,0.0
42988,2023.0,10.0,26.0,12.0,21.027775,22.856989,17.935753,17.805368,21.042656,22.786829,21.077456,22.998781,16.689856,16.60389,17.34005,17.613775,21.057081,22.503939,21.06101,23.151087,15.931381,15.86535,0.0,4.0,0.0,0.0,4.0,0.0,0.0,0.0
42989,2023.0,10.0,26.0,12.0,21.073597,22.841734,17.783464,17.662636,21.074774,22.748636,21.073595,22.858168,16.633776,16.558819,20.35018,22.696428,21.046093,22.394978,21.02651,22.900076,16.88372,17.759842,0.0,0.0,0.0,0.0,0.0,0.0,4.0,4.0
42990,2023.0,10.0,26.0,13.0,21.038515,22.658796,18.100498,18.370316,21.067358,22.64,21.047478,22.687578,16.5617,16.491222,18.757345,19.347979,21.045996,22.32786,21.080431,22.906553,20.363722,23.597717,4.0,0.0,4.0,0.0,4.0,0.0,0.0,0.0
42991,2023.0,10.0,26.0,13.0,21.069237,22.674143,20.260454,22.139029,21.066166,22.565039,21.074915,22.690372,17.327374,17.998514,20.271832,22.352383,21.015251,22.196527,21.068945,22.782625,17.597338,17.74443,0.0,0.0,0.0,4.0,0.0,4.0,0.0,0.0
42992,2023.0,10.0,26.0,13.0,21.061764,22.603027,19.139828,19.692913,21.052015,22.505205,21.067747,22.616255,20.327127,22.993576,18.692837,19.00892,21.029863,22.171375,21.029634,22.598541,16.366522,16.211237,4.0,0.0,0.0,4.0,4.0,4.0,4.0,0.0
42993,2023.0,10.0,26.0,13.0,21.205982,22.825323,20.21308,21.813091,21.192982,22.757954,21.166725,22.765831,20.037056,22.087255,20.29382,22.186985,21.135368,22.360079,21.25058,22.987474,16.118189,15.95979,4.0,0.0,0.0,0.0,0.0,0.0,4.0,0.0
42994,2023.0,10.0,26.0,13.0,21.03777,22.452276,20.018719,21.288805,21.0263,22.376257,21.05304,22.520866,18.135437,18.177496,18.522335,18.57111,21.050358,22.146305,21.071526,22.609337,16.071543,16.008442,4.0,4.0,0.0,0.0,0.0,0.0,0.0,0.0
42995,2023.0,10.0,26.0,13.0,21.06358,22.500158,20.059109,21.291523,21.030397,22.369547,21.027077,22.434677,17.208788,17.006248,17.695377,17.610868,21.048433,22.108109,21.060753,22.546482,16.006449,15.952279,0.0,4.0,4.0,0.0,0.0,0.0,0.0,0.0
42996,2023.0,10.0,26.0,14.0,21.05729,22.459917,18.774296,18.75784,21.066462,22.424469,21.070917,22.509035,17.103329,17.016504,17.49866,17.40924,21.038773,22.07971,21.02418,22.408356,15.936443,15.890236,0.0,0.0,0.0,0.0,0.0,0.0,4.0,0.0
42997,2023.0,10.0,26.0,14.0,20.185585,20.734737,17.998556,17.740433,20.089794,20.486183,19.528751,19.52024,17.027634,16.95847,17.345713,17.259626,19.99573,20.061003,19.439436,19.380346,15.875678,15.833658,0.0,4.0,0.0,0.0,0.0,0.0,0.0,0.0
42998,2023.0,10.0,26.0,14.0,19.272938,19.21714,18.350163,18.57189,19.730606,20.023262,18.816233,18.523666,16.952208,16.88379,17.239923,17.152037,19.563614,19.451763,18.807678,18.543394,15.833414,15.79211,4.0,4.0,0.0,0.0,0.0,0.0,0.0,0.0
42999,2023.0,10.0,26.0,14.0,19.578318,20.041878,20.231422,21.90463,19.598043,19.907156,18.702682,18.577072,16.884243,16.819582,17.146877,17.062666,19.389475,19.27852,19.529194,20.146507,15.795385,15.756686,0.0,4.0,0.0,0.0,0.0,0.0,4.0,0.0
43000,2023.0,10.0,26.0,14.0,19.023664,19.013294,19.264442,19.807995,19.472439,19.795002,19.220415,19.725286,16.814283,16.752802,17.053362,16.974659,19.228634,19.122711,18.821442,18.691807,15.754859,15.717788,4.0,4.0,4.0,0.0,0.0,0.0,0.0,0.0
43001,2023.0,10.0,26.0,14.0,18.675554,18.555283,20.189701,21.546774,19.393517,19.723913,18.73347,18.784925,17.534771,18.157259,17.391594,17.671104,19.116377,19.011312,19.419432,20.067682,15.724254,15.6876335,0.0,4.0,0.0,4.0,4.0,0.0,4.0,0.0
43002,2023.0,10.0,26.0,15.0,19.173786,19.674995,19.163595,19.447435,19.313927,19.65581,18.819565,19.166328,20.330853,22.855967,20.301296,22.622595,19.003244,18.903936,18.709965,18.594751,15.692279,15.657056,4.0,4.0,4.0,0.0,4.0,0.0,0.0,0.0
43003,2023.0,10.0,26.0,15.0,19.325178,19.869495,20.186125,21.588493,19.244656,19.594412,18.307234,18.187765,18.209667,18.348307,20.027084,21.810478,18.902275,18.806164,18.219303,18.01236,15.663136,15.628508,0.0,4.0,0.0,0.0,0.0,0.0,0.0,0.0
43004,2023.0,10.0,26.0,15.0,19.299324,19.846846,19.182407,19.488659,19.187124,19.544216,18.579403,18.92232,17.210516,17.063953,18.413496,18.498661,18.815874,18.723461,18.016762,17.806618,15.637023,15.603069,4.0,4.0,4.0,0.0,0.0,0.0,0.0,0.0
43005,2023.0,10.0,26.0,15.0,19.281698,19.830944,20.170603,21.419296,19.148466,19.511175,18.110735,18.005854,17.11646,17.035753,18.234552,18.473488,18.75161,18.661026,17.89539,17.689491,15.616877,15.583258,0.0,4.0,0.0,0.0,4.0,0.0,0.0,0.0
43006,2023.0,10.0,26.0,15.0,19.25669,19.804836,18.907495,18.897371,19.107477,19.475636,17.763262,17.553318,17.044197,16.97917,20.203613,22.004803,18.686161,18.599716,17.883322,17.7892,15.595736,15.563087,0.0,4.0,0.0,0.0,4.0,0.0,0.0,0.0
43007,2023.0,10.0,26.0,15.0,19.226921,19.769747,18.312784,18.227444,19.070587,19.44256,18.317917,18.70134,16.957266,16.894241,20.022383,21.462019,18.624865,18.54044,17.834087,17.757784,15.575306,15.543205,0.0,4.0,4.0,0.0,4.0,0.0,0.0,0.0
43008,2023.0,10.0,26.0,16.0,19.208273,19.752533,18.612041,18.929024,18.450335,18.31561,17.89751,17.777739,16.882418,16.822128,20.06274,21.434523,18.570583,18.489258,17.75983,17.688927,15.557141,15.526193,4.0,0.0,0.0,0.0,0.0,0.0,0.0,0.0
43009,2023.0,10.0,26.0,16.0,19.195442,19.742882,20.208427,21.725426,18.737808,19.064259,17.593645,17.390419,16.816462,16.757929,18.669325,18.669586,18.519161,18.439486,17.687449,17.619722,15.538277,15.507353,0.0,4.0,0.0,0.0,0.0,0.0,0.0,0.0
43010,2023.0,10.0,26.0,16.0,19.179518,19.723297,19.01711,19.25234,18.883314,19.253725,17.468527,17.247847,16.756975,16.699451,17.857546,17.62573,18.46987,18.39076,17.618584,17.552158,15.518541,15.4872265,0.0,4.0,0.0,0.0,0.0,0.0,0.0,0.0
43011,2023.0,10.0,26.0,16.0,19.163155,19.700954,18.860828,19.168955,18.875366,19.240559,17.52277,17.42464,17.470797,18.085085,17.752157,17.625565,18.428278,18.349115,18.642635,19.539017,15.500441,15.46868,4.0,4.0,0.0,4.0,0.0,0.0,4.0,0.0
43012,2023.0,10.0,26.0,16.0,19.147282,19.67903,20.174456,21.498322,18.860563,19.220552,17.516586,17.444195,20.298176,22.892946,17.656137,17.556349,19.1889,19.829847,17.828398,17.76305,16.463846,17.303778,4.0,4.0,0.0,4.0,0.0,4.0,0.0,4.0
43013,2023.0,10.0,26.0,16.0,19.136051,19.666296,20.016851,21.085594,18.272724,18.13698,17.47478,17.403244,20.03597,22.0337,17.515755,17.422413,18.738752,18.751747,17.390854,17.217852,20.371035,23.821606,4.0,0.0,0.0,0.0,0.0,0.0,0.0,4.0
43014,2023.0,10.0,26.0,17.0,19.130857,19.659191,20.036747,21.059109,18.558308,18.867186,17.433214,17.360182,18.204079,18.263983,17.384817,17.29624,18.306227,18.09822,17.273087,17.089468,20.039656,22.731363,4.0,4.0,0.0,0.0,0.0,0.0,0.0,0.0
43015,2023.0,10.0,26.0,17.0,19.111313,19.625008,20.034248,21.00674,18.708736,19.047857,17.391327,17.313078,17.994118,18.416391,17.264694,17.17725,18.139332,17.891058,17.186068,16.994251,17.650522,17.80463,4.0,4.0,0.0,4.0,0.0,0.0,0.0,0.0
43016,2023.0,10.0,26.0,17.0,18.46394,18.42164,20.03466,20.971487,18.695261,19.018785,18.05784,18.59458,20.297647,22.426258,17.154346,17.06702,18.040796,17.778011,17.224173,17.143274,16.515396,16.348743,4.0,4.0,4.0,0.0,0.0,0.0,0.0,0.0
43017,2023.0,10.0,26.0,17.0,18.089334,17.93391,20.034708,20.942904,18.10008,17.914799,17.726654,17.763731,18.893793,19.398638,17.053896,16.966599,18.121752,18.011665,17.213268,17.139929,16.216673,16.031242,4.0,0.0,0.0,4.0,0.0,0.0,0.0,0.0
43018,2023.0,10.0,26.0,17.0,18.656254,19.10687,20.03492,20.919687,18.378729,18.629091,17.90423,18.225231,20.25953,22.14806,16.96148,16.873634,18.127527,18.025831,17.16537,17.088688,16.148415,16.068096,4.0,4.0,4.0,0.0,0.0,0.0,0.0,0.0
43019,2023.0,10.0,26.0,17.0,18.853104,19.31972,20.035122,20.899986,18.5296,18.81009,18.02769,18.342733,18.409737,18.372313,16.87611,16.787563,18.828838,19.385029,17.114532,17.033297,16.065536,16.000397,4.0,4.0,4.0,0.0,0.0,4.0,0.0,0.0
43020,2023.0,10.0,26.0,18.0,18.850994,19.296682,20.035295,20.882809,17.915907,17.658962,18.036007,18.331476,17.44855,17.152971,16.791855,16.694572,18.921343,19.308956,17.063654,16.976728,15.963583,15.898303,4.0,0.0,4.0,0.0,0.0,4.0,0.0,0.0
43021,2023.0,10.0,26.0,18.0,21.28309,23.536203,20.053444,20.918835,21.288874,23.769905,21.273079,23.955746,17.345636,17.223057,16.716803,16.617199,21.174187,23.28665,22.405535,25.965277,15.874643,15.811012,0.0,4.0,0.0,0.0,0.0,0.0,0.0,0.0
43022,2023.0,10.0,26.0,18.0,21.009544,22.741985,19.22862,19.300783,21.028215,22.913437,21.004725,23.045107,17.25226,17.150698,16.64961,16.548393,21.012701,22.66623,20.866175,22.936365,16.76146,17.550516,4.0,0.0,4.0,0.0,0.0,4.0,0.0,4.0
43023,2023.0,10.0,26.0,18.0,21.186428,22.926922,20.15043,21.211802,21.049477,22.70403,21.08619,22.987808,17.930372,18.551888,16.585636,16.480114,21.129236,22.727884,21.095825,23.166136,20.37413,23.606815,4.0,4.0,0.0,4.0,0.0,0.0,0.0,0.0
43024,2023.0,10.0,26.0,18.0,21.065853,22.58463,20.038929,20.940937,21.071524,22.614624,21.071907,22.79074,20.296713,22.522411,16.52585,16.417416,21.060574,22.447437,21.058712,22.929823,18.22036,18.870869,0.0,0.0,0.0,0.0,0.0,0.0,0.0,4.0
43025,2023.0,10.0,26.0,18.0,21.033812,22.411167,18.84244,18.610365,21.065538,22.490265,21.07209,22.66771,18.19156,18.124847,16.47267,16.36305,21.059956,22.342236,21.061432,22.815899,20.343441,23.079233,0.0,0.0,0.0,0.0,0.0,0.0,0.0,0.0
43026,2023.0,10.0,26.0,19.0,21.065384,22.430607,18.808405,18.995733,21.040026,22.336197,21.054346,22.571772,17.915022,18.246014,16.421246,16.309288,21.044905,22.2624,21.059557,22.72321,17.804903,17.80753,4.0,4.0,0.0,4.0,0.0,0.0,0.0,0.0
43027,2023.0,10.0,26.0,19.0,21.031916,22.290836,20.154852,21.355612,21.043966,22.286615,21.0309,22.456491,20.371368,22.389957,16.371155,16.256363,21.01622,22.147026,21.02014,22.55061,16.623178,16.347513,4.0,4.0,4.0,0.0,0.0,4.0,4.0,0.0
43028,2023.0,10.0,26.0,19.0,21.036701,22.262678,20.023224,20.986406,21.067822,22.310366,21.059704,22.50039,18.833378,19.205282,16.325905,16.20964,21.063946,22.209097,21.078634,22.624739,16.323147,16.04201,4.0,0.0,0.0,4.0,0.0,0.0,0.0,0.0
43029,2023.0,10.0,26.0,19.0,21.035732,22.231678,20.040005,20.952028,21.061928,22.257761,21.044786,22.387682,20.321964,22.123018,16.28489,16.167416,21.056303,22.147608,21.067791,22.5442,16.316296,16.218163,4.0,0.0,4.0,0.0,0.0,0.0,0.0,0.0
43030,2023.0,10.0,26.0,19.0,21.061947,22.279139,20.055403,20.951353,21.061794,22.222574,21.072643,22.419556,18.372097,18.216995,16.246853,16.128311,21.05629,22.110142,21.068007,22.49634,17.20027,17.957409,0.0,0.0,0.0,0.0,0.0,0.0,0.0,4.0
43031,2023.0,10.0,26.0,19.0,21.056097,22.239822,18.830479,18.567554,21.01999,22.122458,21.04143,22.298119,17.425276,17.066547,16.21192,16.093191,21.041515,22.078781,21.05377,22.455696,20.350142,23.240593,0.0,4.0,4.0,0.0,0.0,0.0,0.0,0.0
43032,2023.0,10.0,26.0,20.0,21.029457,22.143341,18.476437,18.324173,21.068312,22.20911,21.04622,22.279184,17.373701,17.23451,16.540268,16.735582,21.042973,22.076046,21.055042,22.443958,17.715395,17.70665,4.0,0.0,4.0,0.0,4.0,0.0,0.0,0.0
43033,2023.0,10.0,26.0,20.0,21.222454,22.51666,20.200808,21.467508,21.176262,22.39782,21.17196,22.52653,17.295519,17.172207,20.46391,23.256714,21.150496,22.28411,21.219893,22.759592,16.53034,16.250616,4.0,0.0,0.0,0.0,0.0,0.0,0.0,0.0
43034,2023.0,10.0,26.0,20.0,21.033468,22.123957,20.03471,21.020004,21.060118,22.137913,21.064516,22.281292,17.163801,17.04048,18.207235,18.551626,21.042133,22.056808,21.053598,22.40914,16.434956,16.332857,0.0,0.0,0.0,0.0,0.0,0.0,0.0,0.0
43035,2023.0,10.0,26.0,20.0,21.061209,22.191845,19.070969,19.06881,21.043585,22.117899,21.039764,22.188272,17.047194,16.923437,16.989023,16.891357,21.04217,22.049446,21.05391,22.398169,16.343801,16.24499,4.0,0.0,4.0,0.0,0.0,0.0,0.0,0.0
43036,2023.0,10.0,26.0,20.0,21.180984,22.416615,20.19435,21.375032,21.21095,22.45698,21.20592,22.506456,16.94355,16.818068,16.747324,16.613712,21.150946,22.259407,21.221716,22.722378,16.224598,16.125685,0.0,0.0,4.0,0.0,0.0,0.0,0.0,0.0
43037,2023.0,10.0,26.0,20.0,21.02842,22.073477,18.786041,18.523333,21.044756,22.120554,21.068989,22.236353,16.85061,16.723207,16.613855,16.476627,21.041752,22.030558,21.053019,22.369453,16.120117,16.018744,0.0,0.0,0.0,0.0,0.0,0.0,0.0,0.0
43038,2023.0,10.0,26.0,21.0,21.061485,22.153925,18.679417,18.818033,21.019222,22.049112,21.038248,22.140554,16.766197,16.635374,16.507515,16.365746,21.041777,22.024036,21.052769,22.359829,16.02855,15.924157,4.0,4.0,4.0,0.0,0.0,0.0,0.0,0.0
43039,2023.0,10.0,26.0,21.0,21.245153,22.491133,20.179764,21.438194,21.024849,22.06403,21.225735,22.507051,16.69431,16.564774,16.418304,16.27698,21.162088,22.258114,21.239548,22.724277,15.952929,15.850392,4.0,4.0,4.0,0.0,0.0,0.0,0.0,0.0
43040,2023.0,10.0,26.0,21.0,21.1096,22.233582,20.118326,21.156054,21.121452,22.24874,21.126392,22.317272,16.62652,16.494528,16.336191,16.191113,21.084171,22.088669,21.106516,22.439114,15.883024,15.778253,0.0,0.0,0.0,0.0,0.0,0.0,0.0,0.0
43041,2023.0,10.0,26.0,21.0,21.0478,22.091873,18.74295,18.455624,21.05059,22.06907,21.029737,22.085445,16.572216,16.44338,16.27574,16.13632,21.036222,21.986439,21.045013,22.308355,15.826536,15.724071,0.0,0.0,4.0,0.0,0.0,0.0,0.0,0.0
43042,2023.0,10.0,26.0,21.0,21.056225,22.101229,17.920538,17.361303,21.059883,22.0657,21.07105,22.182917,16.516214,16.385721,16.604212,16.80653,21.010899,21.91402,21.011496,22.210043,15.770847,15.66687,0.0,0.0,0.0,0.0,4.0,4.0,4.0,0.0
43043,2023.0,10.0,26.0,21.0,21.038597,22.09137,18.358795,18.438189,21.01609,21.97423,21.062637,22.156355,16.467846,16.338871,20.33517,22.972605,21.061153,22.006657,21.073832,22.336525,15.723876,15.621098,4.0,4.0,0.0,0.0,0.0,0.0,0.0,0.0
43044,2023.0,10.0,26.0,22.0,21.313093,22.634296,20.228188,21.671322,21.217943,22.3574,21.174992,22.36838,16.420856,16.29129,18.47558,19.03865,21.134142,22.126484,21.19928,22.562275,15.679718,15.576716,0.0,4.0,0.0,0.0,4.0,0.0,0.0,0.0
43045,2023.0,10.0,26.0,22.0,21.034298,22.053886,19.317457,19.693424,21.062607,22.048548,21.019863,22.057821,16.377419,16.246975,20.29721,22.60278,21.053831,21.94194,21.06365,22.264887,15.638542,15.534285,4.0,0.0,4.0,0.0,4.0,0.0,0.0,0.0
43046,2023.0,10.0,26.0,22.0,21.230066,22.458664,20.180223,21.391006,21.058096,22.023844,21.052925,22.161901,16.33591,16.204056,20.044878,21.853497,21.203674,22.25527,21.049345,22.247437,15.600006,15.494579,4.0,0.0,0.0,0.0,0.0,0.0,0.0,0.0
43047,2023.0,10.0,26.0,22.0,21.054125,22.089073,20.040926,21.013498,21.058348,22.009108,21.064217,22.155548,16.2968,16.16369,18.078869,17.876215,21.009817,21.851465,21.011501,22.149115,15.564192,15.45774,0.0,0.0,0.0,0.0,0.0,4.0,4.0,0.0
43048,2023.0,10.0,26.0,22.0,21.055267,22.080183,19.037779,18.990408,21.040707,21.995434,21.037243,22.060799,16.259855,16.12565,17.296442,17.118004,21.030706,21.875753,21.07339,22.282032,15.530152,15.422354,4.0,0.0,4.0,0.0,0.0,4.0,0.0,0.0
43049,2023.0,10.0,26.0,22.0,21.207617,22.408073,20.202374,21.379778,21.205997,22.337452,21.167841,22.33103,16.22394,16.08832,17.442863,17.541637,21.165642,22.134691,21.187788,22.49065,15.498086,15.38908,0.0,0.0,0.0,0.0,4.0,4.0,0.0,0.0
43050,2023.0,10.0,26.0,23.0,21.04013,22.081572,19.058397,19.00504,21.04225,22.012194,21.061954,22.102934,16.188936,16.05184,20.402334,22.574524,21.05842,21.925285,21.06338,22.2202,15.467178,15.356557,4.0,0.0,0.0,0.0,4.0,0.0,0.0,0.0
43051,2023.0,10.0,26.0,23.0,20.594053,21.206942,18.054552,17.494616,20.506033,20.959648,19.573692,19.238762,16.155062,16.016602,18.473896,18.687925,19.695715,19.291079,20.280283,20.6611,15.437921,15.326193,0.0,4.0,0.0,0.0,0.0,0.0,4.0,0.0
43052,2023.0,10.0,26.0,23.0,19.490538,19.208452,18.12173,17.825022,20.288528,20.682547,19.20057,18.906998,16.123919,15.98257,17.646826,17.480938,19.169605,18.613676,19.20862,18.81792,15.411098,15.296791,4.0,4.0,0.0,0.0,0.0,0.0,0.0,0.0
43053,2023.0,10.0,26.0,23.0,18.999374,18.54787,17.7294,17.127636,19.199623,18.686295,19.040386,18.803255,16.091965,15.948028,17.402777,17.226568,18.941502,18.38871,19.689589,20.0726,15.382853,15.266161,0.0,0.0,0.0,0.0,0.0,0.0,4.0,0.0
43054,2023.0,10.0,26.0,23.0,18.7479,18.28744,17.477251,16.834888,18.706915,18.049667,18.860228,18.625854,16.058737,15.912119,17.212645,17.037493,19.058777,18.817636,18.79569,18.369684,16.071035,16.5837,0.0,0.0,0.0,0.0,0.0,0.0,0.0,4.0
43055,2023.0,10.0,26.0,23.0,18.865858,18.716288,17.65263,17.32271,18.475574,17.81611,18.699179,18.462576,16.024069,15.87456,17.335772,17.402287,19.010185,18.802475,19.373056,19.774128,15.593975,15.4990635,0.0,0.0,0.0,0.0,4.0,0.0,4.0,0.0
43056,2023.0,10.0,27.0,0.0,18.847036,18.771248,17.691881,17.425146,18.287006,17.629465,18.557247,18.31962,15.988765,15.836544,17.055119,16.910667,18.90002,18.69139,18.512735,18.084238,15.2281065,14.91181,0.0,0.0,0.0,0.0,0.0,0.0,0.0,0.0
43057,2023.0,10.0,27.0,0.0,18.753138,18.679598,17.633512,17.369835,18.473833,18.166746,18.423483,18.178694,15.952413,15.796831,16.833786,16.640017,18.791327,18.576532,18.104136,17.606043,15.094466,14.753497,0.0,0.0,0.0,0.0,0.0,0.0,0.0,0.0
43058,2023.0,10.0,27.0,0.0,18.661901,18.589651,17.571287,17.307762,18.45392,18.182966,18.309952,18.066578,15.918354,15.761359,16.705313,16.510103,18.695286,18.479776,17.905504,17.41668,15.223973,15.088713,0.0,0.0,0.0,0.0,0.0,0.0,0.0,0.0
43059,2023.0,10.0,27.0,0.0,18.573296,18.499441,17.507425,17.241287,18.372786,18.103386,18.202463,17.956978,15.883888,15.724813,16.588911,16.390154,18.604755,18.386845,17.732475,17.249403,15.223225,15.092028,0.0,0.0,0.0,0.0,0.0,0.0,0.0,0.0
43060,2023.0,10.0,27.0,0.0,18.494677,18.423454,17.451046,17.187393,18.294441,18.02953,18.110094,17.869343,15.851038,15.691255,16.488924,16.292524,18.523714,18.306587,17.884192,17.709305,15.19678,15.064584,0.0,0.0,0.0,0.0,0.0,0.0,0.0,0.0
43061,2023.0,10.0,27.0,0.0,18.41731,18.344524,17.39522,17.130203,18.213362,17.947336,18.018606,17.77597,15.81721,15.655392,16.391905,16.192371,18.445549,18.226166,17.81624,17.629028,15.167367,15.033323,0.0,0.0,0.0,0.0,0.0,0.0,0.0,0.0
43062,2023.0,10.0,27.0,1.0,18.346378,18.273663,17.342094,17.077665,18.138767,17.874073,17.93629,17.694757,15.784294,15.621125,16.30432,16.104256,18.373716,18.153522,17.727642,17.539946,15.137728,15.002322,0.0,0.0,0.0,0.0,0.0,0.0,0.0,0.0
43063,2023.0,10.0,27.0,1.0,18.283628,18.214886,17.294353,17.033772,18.0728,17.813942,17.864521,17.629082,16.34546,16.703974,16.528086,16.593994,18.309284,18.091215,17.645338,17.460411,15.109424,14.9738865,0.0,0.0,0.0,4.0,4.0,0.0,0.0,0.0
43064,2023.0,10.0,27.0,1.0,18.221455,18.153189,17.245977,16.986282,18.006575,17.749374,17.793125,17.559175,15.942652,15.801584,16.300018,16.141586,18.997211,19.448008,17.564293,17.379831,15.080489,14.943994,0.0,0.0,0.0,0.0,0.0,4.0,0.0,0.0
43065,2023.0,10.0,27.0,1.0,18.162235,18.093584,17.199186,16.939722,17.943077,17.686699,17.725174,17.491858,15.791726,15.625266,16.149445,15.9565,18.136534,17.659237,17.486662,17.302069,15.051574,14.91395,0.0,0.0,0.0,0.0,0.0,0.0,0.0,0.0
43066,2023.0,10.0,27.0,1.0,18.859283,19.454407,17.15312,16.893019,17.881535,17.624655,17.659554,17.425577,15.745253,15.578459,16.065338,15.86739,18.622597,18.780907,17.411562,17.22562,15.0223675,14.883158,0.0,0.0,0.0,0.0,0.0,4.0,0.0,0.0
43067,2023.0,10.0,27.0,1.0,18.369875,18.401161,17.10887,16.848747,17.823387,17.56671,17.597847,17.363987,15.701289,15.533328,15.992919,15.793938,18.727928,18.859444,18.352846,19.059988,15.715134,16.21032,0.0,0.0,0.0,0.0,0.0,4.0,4.0,4.0
43068,2023.0,10.0,27.0,2.0,17.788782,17.370813,17.479216,17.579716,17.767998,17.511282,17.539053,17.305206,15.66174,15.492513,16.210192,16.255787,18.734589,18.861544,17.376347,16.988964,15.247712,15.154069,4.0,0.0,0.0,0.0,4.0,4.0,0.0,0.0
43069,2023.0,10.0,27.0,2.0,17.574495,17.109451,17.235064,17.063717,17.714582,17.457039,17.48231,17.247637,15.623742,15.453175,16.006422,15.838628,18.03467,17.529575,17.019983,16.550531,14.994033,14.787845,0.0,0.0,0.0,0.0,0.0,0.0,0.0,0.0
43070,2023.0,10.0,27.0,2.0,17.77677,17.636375,17.034943,16.784193,17.658615,17.40199,17.423414,17.189547,15.584075,15.413227,15.839243,15.642955,18.44632,18.558754,16.875744,16.412514,15.483897,15.742066,0.0,0.0,0.0,0.0,0.0,4.0,0.0,4.0
43071,2023.0,10.0,27.0,2.0,17.82667,17.745277,16.97232,16.712475,17.609604,17.352625,17.372625,17.138031,15.548907,15.376936,15.7683525,15.566144,18.574926,18.702257,16.764,16.297523,14.942598,14.707698,0.0,0.0,0.0,0.0,0.0,4.0,0.0,0.0
43072,2023.0,10.0,27.0,2.0,17.798145,17.721525,16.92567,16.666954,17.557955,17.302301,17.319172,17.0857,15.511745,15.339787,15.704313,15.502738,17.888351,17.380842,16.912735,16.703522,15.024828,14.911075,0.0,0.0,0.0,0.0,0.0,0.0,0.0,0.0
43073,2023.0,10.0,27.0,2.0,17.755207,17.678717,17.321655,17.451294,17.50644,17.250753,17.266182,17.032373,15.474714,15.301991,15.643345,15.441087,17.565083,17.013762,16.940948,16.750212,15.010143,14.896069,4.0,0.0,0.0,0.0,0.0,0.0,0.0,0.0
43074,2023.0,10.0,27.0,3.0,17.710163,17.632961,17.072395,16.87558,17.456362,17.200422,17.214996,16.98061,15.438838,15.265244,15.586385,15.383252,17.4342,16.88124,16.897491,16.708216,15.003711,14.912373,0.0,0.0,0.0,0.0,0.0,0.0,0.0,0.0
43075,2023.0,10.0,27.0,3.0,17.668207,17.593105,16.894073,16.64516,17.410948,17.157898,17.168825,16.93705,15.971499,16.293777,15.535683,15.334878,17.33918,16.789186,17.874744,18.593369,15.004763,14.9360895,0.0,0.0,0.0,4.0,0.0,0.0,4.0,0.0
43076,2023.0,10.0,27.0,3.0,17.626162,17.551298,16.820293,16.564878,17.366297,17.114109,17.12282,16.891964,15.703892,15.589758,15.486207,15.285961,18.303835,18.720587,17.024471,16.627705,15.004965,14.953531,0.0,0.0,0.0,0.0,0.0,4.0,0.0,0.0
43077,2023.0,10.0,27.0,3.0,17.5895,17.518927,16.773146,16.518108,17.323187,17.07139,17.077984,16.847723,15.478633,15.313759,15.439003,15.239039,17.654703,17.162876,16.55913,16.101418,15.005128,14.967918,0.0,0.0,0.0,0.0,0.0,0.0,0.0,0.0
43078,2023.0,10.0,27.0,3.0,17.5638,17.503984,16.725601,16.467344,17.27701,17.022018,17.03049,16.796871,15.405739,15.230371,15.390668,15.187589,17.271486,16.71521,16.419067,15.952141,15.00994,14.990643,0.0,0.0,0.0,0.0,0.0,0.0,0.0,0.0
43079,2023.0,10.0,27.0,3.0,17.529112,17.471622,16.687487,16.433382,17.238262,16.987455,16.991404,16.761736,15.36331,15.190781,15.350795,15.151094,17.17628,16.628004,16.578064,16.37026,15.6107435,16.12498,0.0,0.0,0.0,0.0,0.0,0.0,0.0,4.0
43080,2023.0,10.0,27.0,4.0,17.494207,17.436617,16.651834,16.39827,17.2003,16.950233,16.954935,16.725498,15.327852,15.155047,15.314249,15.114557,17.396057,17.141228,16.597445,16.410227,14.985108,14.937731,0.0,0.0,0.0,0.0,0.0,0.0,0.0,0.0
43081,2023.0,10.0,27.0,4.0,17.454912,17.395622,16.612642,16.359306,17.158318,16.90826,16.91419,16.684986,15.290376,15.11719,15.274124,15.074171,17.466148,17.24102,16.56676,16.380924,15.0503435,15.068914,0.0,0.0,0.0,0.0,0.0,0.0,0.0,0.0
43082,2023.0,10.0,27.0,4.0,17.417679,17.358747,16.575876,16.32414,17.118702,16.870083,16.875267,16.647514,15.25595,15.083558,15.558502,15.642664,17.446905,17.22383,16.529007,16.3442,15.007364,14.986317,0.0,0.0,0.0,0.0,4.0,0.0,0.0,0.0
43083,2023.0,10.0,27.0,4.0,17.380445,17.321163,16.539549,16.288033,17.078762,16.830168,16.836369,16.608974,15.222598,15.0503645,15.685858,15.78516,17.417942,17.195486,16.489477,16.305262,15.010826,15.012308,0.0,0.0,0.0,0.0,4.0,0.0,0.0,0.0
43084,2023.0,10.0,27.0,4.0,17.344639,17.286106,16.506668,16.257479,17.04193,16.79588,16.80015,16.574974,15.191681,15.02085,15.402877,15.218857,17.388365,17.167414,16.450653,16.267962,15.006614,15.015252,0.0,0.0,0.0,0.0,0.0,0.0,0.0,0.0
43085,2023.0,10.0,27.0,4.0,17.3097,17.252554,16.474424,16.227648,17.006927,16.763866,16.764635,16.541851,15.16201,14.992783,15.568936,15.639931,17.358765,17.139585,16.412476,16.231756,15.58516,16.11263,0.0,0.0,0.0,0.0,4.0,0.0,0.0,4.0
43086,2023.0,10.0,27.0,5.0,17.27747,17.220583,16.444992,16.199419,16.97393,16.732487,16.73203,16.510399,15.717996,16.061155,15.654061,15.742877,17.331034,17.112867,16.3774,16.197649,14.936005,14.854339,0.0,0.0,0.0,4.0,4.0,0.0,0.0,0.0
43087,2023.0,10.0,27.0,5.0,17.243393,17.187248,16.413784,16.169823,16.93822,16.698746,16.69712,16.477085,15.3927555,15.244386,15.108137,14.669066,17.300993,17.084208,16.339365,16.160967,15.030515,15.053148,0.0,0.0,0.0,0.0,0.0,0.0,0.0,0.0
43088,2023.0,10.0,27.0,5.0,17.208279,17.15134,16.38102,16.137413,16.90125,16.662165,16.660837,16.440979,15.1946745,15.027294,15.115922,14.908668,17.269823,17.053307,16.300406,16.122145,15.012802,15.021328,0.0,0.0,0.0,0.0,4.0,0.0,0.0,0.0
43089,2023.0,10.0,27.0,5.0,17.175823,17.120523,16.350965,16.110071,16.867228,16.630936,16.62742,16.410137,15.144514,14.978837,14.987776,14.679835,17.24044,17.025885,16.263899,16.087765,15.585603,16.117783,0.0,0.0,0.0,0.0,0.0,0.0,0.0,4.0
43090,2023.0,10.0,27.0,5.0,17.142647,17.088158,16.761105,16.908955,16.832947,16.598604,16.59411,16.378414,15.103873,14.939285,15.033001,14.82914,17.210648,16.997591,16.2271,16.052357,14.93974,14.81853,4.0,0.0,0.0,0.0,0.0,0.0,0.0,0.0
43091,2023.0,10.0,27.0,5.0,17.108648,17.053955,16.525246,16.340763,16.798122,16.564726,16.56023,16.345224,15.066525,14.902163,15.342176,15.4218235,17.180178,16.96779,16.189734,16.015535,15.036659,15.044712,0.0,0.0,0.0,0.0,4.0,0.0,0.0,0.0
43092,2023.0,10.0,27.0,6.0,17.071243,17.012629,16.36239,16.137161,16.765306,16.534407,16.528381,16.315575,15.608507,15.950679,15.185799,15.03293,17.931934,18.417429,16.154158,15.98198,15.333575,15.601517,0.0,0.0,0.0,4.0,0.0,4.0,0.0,4.0
43093,2023.0,10.0,27.0,6.0,21.237587,24.295723,16.73118,16.869148,21.289845,24.273664,21.254486,24.382631,20.147367,23.697363,15.07608,14.893866,20.512482,22.76695,21.548054,25.069859,19.758596,23.175947,4.0,0.0,0.0,0.0,0.0,0.0,0.0,0.0
43094,2023.0,10.0,27.0,6.0,21.89718,24.757479,20.315731,23.018305,21.0699,23.569191,21.063726,23.718197,17.563412,17.954716,15.020229,14.836979,21.215816,23.62741,21.106764,23.974503,16.788052,16.78194,0.0,0.0,0.0,4.0,0.0,0.0,0.0,0.0
43095,2023.0,10.0,27.0,6.0,20.899363,22.753906,17.791811,17.61499,21.054907,23.202562,21.083208,23.42028,20.323627,23.393002,15.001065,14.835685,21.058723,23.021591,21.059303,23.515755,15.274902,14.890515,0.0,4.0,0.0,0.0,0.0,0.0,4.0,0.0
43096,2023.0,10.0,27.0,6.0,21.090864,22.998917,16.447193,15.86039,21.072174,23.049227,21.071667,23.174623,17.439537,17.325077,15.003304,14.859807,21.063921,22.852589,21.099749,23.362343,15.219039,15.075262,0.0,0.0,0.0,0.0,0.0,0.0,0.0,0.0
43097,2023.0,10.0,27.0,6.0,21.058037,22.831411,16.939373,17.03403,21.062841,22.820446,21.070538,23.017416,16.312113,16.150127,15.249863,15.336287,21.031616,22.638618,21.088295,23.148651,15.160089,15.019909,4.0,4.0,0.0,0.0,4.0,4.0,0.0,0.0
43098,2023.0,10.0,27.0,7.0,21.72632,23.831549,20.915138,23.627466,21.807934,23.754793,21.547153,23.641455,16.119345,15.9537735,20.207365,23.48453,21.54759,23.324697,21.880758,24.124247,15.060154,14.924491,0.0,0.0,0.0,0.0,0.0,0.0,0.0,0.0
43099,2023.0,10.0,27.0,7.0,20.927643,22.278889,19.352055,20.016861,20.901045,22.111164,20.93537,22.43043,15.956979,15.795972,17.668184,18.144356,20.957766,22.182888,20.900368,22.368526,14.999484,14.8891735,4.0,4.0,0.0,0.0,0.0,0.0,4.0,0.0
43100,2023.0,10.0,27.0,7.0,21.207184,22.860985,20.259382,22.158577,21.20076,22.705294,21.190138,22.91526,15.821733,15.662129,16.427818,16.602982,21.141495,22.503506,21.248884,23.02774,15.007081,14.94927,0.0,0.0,0.0,0.0,4.0,0.0,4.0,0.0
43101,2023.0,10.0,27.0,7.0,21.046478,22.471977,18.471481,18.44478,21.073254,22.420067,21.03749,22.562632,15.708927,15.552253,20.484188,23.491695,21.050518,22.31567,21.046328,22.595856,15.339542,15.244356,4.0,0.0,4.0,0.0,4.0,0.0,4.0,0.0
43102,2023.0,10.0,27.0,7.0,21.170732,22.710033,20.248888,22.108778,21.16681,22.578487,21.17519,22.83731,15.611415,15.456162,20.029661,22.378998,21.134613,22.474031,21.195309,22.898012,15.990211,16.736982,0.0,0.0,0.0,0.0,4.0,0.0,0.0,4.0
43103,2023.0,10.0,27.0,7.0,21.045275,22.407457,18.52526,18.492308,21.02977,22.297848,21.082712,22.58283,16.287188,16.803505,20.105616,22.246008,21.05254,22.2961,21.079142,22.631514,20.383944,24.10305,4.0,4.0,0.0,4.0,0.0,0.0,0.0,0.0
43104,2023.0,10.0,27.0,8.0,21.178501,22.654291,20.244799,22.044159,21.21692,22.68273,21.156193,22.659885,20.450583,23.735413,17.754713,17.514727,21.12941,22.437803,21.181234,22.80595,17.084015,17.077036,0.0,4.0,4.0,0.0,0.0,0.0,0.0,0.0
43105,2023.0,10.0,27.0,8.0,19.863035,20.099546,18.61822,18.63125,19.743292,19.808174,19.170872,18.838858,17.397957,17.38017,17.179718,17.28096,19.692642,19.653025,19.098412,18.767466,15.566123,15.229476,4.0,4.0,0.0,0.0,4.0,0.0,0.0,0.0
43106,2023.0,10.0,27.0,8.0,18.798307,18.369572,20.408651,21.941505,19.24518,19.154922,18.335735,17.688744,16.30578,15.835442,20.34666,22.828707,19.161821,18.94015,18.627754,18.386414,15.513559,15.363303,4.0,4.0,0.0,0.0,0.0,0.0,0.0,0.0
43107,2023.0,10.0,27.0,8.0,18.288797,17.818678,20.030458,21.22263,18.402906,17.80265,18.24828,17.929113,17.016039,17.505953,18.535906,19.0194,19.674109,20.154995,19.402802,20.11903,15.431562,15.308266,4.0,0.0,0.0,4.0,4.0,4.0,4.0,0.0
43108,2023.0,10.0,27.0,8.0,18.668913,18.78217,20.16811,21.435541,17.919695,17.27339,18.134201,17.882626,21.054403,24.317545,20.314503,22.526163,19.422768,19.566185,19.241594,19.651207,15.308728,15.1905775,4.0,0.0,0.0,0.0,0.0,4.0,4.0,0.0
43109,2023.0,10.0,27.0,8.0,18.810183,19.03067,20.070951,21.205244,18.288023,18.188421,17.951094,17.71202,18.133331,18.141867,17.998981,17.824255,19.235712,19.383385,19.05261,19.468945,15.200332,15.085621,0.0,4.0,0.0,0.0,0.0,4.0,4.0,0.0
43110,2023.0,10.0,27.0,9.0,18.765648,19.00759,18.840944,18.790462,18.436323,18.433344,17.785772,17.55328,17.252558,17.45923,17.00616,16.79264,19.163284,19.324043,18.029215,17.642395,15.107655,14.995675,4.0,4.0,0.0,4.0,0.0,4.0,0.0,0.0
43111,2023.0,10.0,27.0,9.0,18.718763,18.970612,20.280016,21.47844,18.407543,18.425488,18.362143,18.742167,20.41189,22.916061,17.239864,17.402168,19.1148,19.283983,17.594154,17.13141,15.041312,14.930253,0.0,4.0,4.0,4.0,4.0,4.0,0.0,0.0
43112,2023.0,10.0,27.0,9.0,17.99467,17.670355,18.58531,18.254099,17.722513,17.206274,17.969343,17.897367,20.105244,22.174149,20.404799,22.778593,19.065874,19.245024,17.349949,16.903057,15.89733,16.601883,0.0,0.0,0.0,0.0,0.0,4.0,0.0,4.0
43113,2023.0,10.0,27.0,9.0,18.28349,18.469446,18.341022,18.406794,17.348095,16.775663,17.284422,16.786983,18.431095,18.743929,18.314253,18.568195,19.024761,19.212921,17.157284,16.725178,20.320362,24.035841,4.0,0.0,0.0,4.0,0.0,4.0,0.0,0.0
43114,2023.0,10.0,27.0,9.0,18.483438,18.770554,20.198143,21.751987,17.81388,17.79252,16.993906,16.464823,20.384949,22.499447,17.484701,17.655252,18.991568,19.187775,16.9991,16.581722,17.735569,18.3618,4.0,4.0,0.0,0.0,4.0,4.0,0.0,4.0
43115,2023.0,10.0,27.0,9.0,18.494507,18.79629,20.03244,21.258823,18.039402,18.11479,17.78178,18.099724,18.596912,18.909824,20.409609,22.703444,18.966,19.169876,17.089529,16.909153,21.064938,24.7428,4.0,4.0,4.0,4.0,0.0,4.0,0.0,0.0
43116,2023.0,10.0,27.0,10.0,18.482801,18.79288,20.052658,21.199287,18.058487,18.152971,17.884315,18.042135,20.366198,22.365776,18.290167,18.407303,18.947067,19.158207,17.089888,16.945833,17.812803,17.912169,4.0,4.0,4.0,4.0,4.0,4.0,0.0,0.0
43117,2023.0,10.0,27.0,10.0,18.47334,18.791918,20.066992,21.175928,18.052738,18.159025,17.196531,16.803932,20.309488,22.252838,20.36494,22.495277,18.223938,17.817034,17.022146,16.88679,16.19277,15.876518,0.0,4.0,0.0,0.0,0.0,0.0,0.0,0.0
43118,2023.0,10.0,27.0,10.0,18.465105,18.792141,18.604683,18.32385,18.044836,18.16257,16.846804,16.368639,18.120705,17.92785,18.395245,18.517063,18.619566,18.836958,17.959175,18.714,15.9816065,15.829968,0.0,4.0,0.0,0.0,4.0,4.0,4.0,0.0
43119,2023.0,10.0,27.0,10.0,18.4578,18.792006,18.273596,18.011974,17.400143,16.976377,16.735884,16.257528,17.330172,16.867825,20.335815,22.115328,18.76268,19.01098,18.033009,18.609682,15.873506,15.746871,4.0,0.0,0.0,0.0,0.0,4.0,4.0,0.0
43120,2023.0,10.0,27.0,10.0,18.442327,18.777998,20.219639,21.62237,17.060654,16.570253,16.877821,16.638897,17.20708,16.992815,18.283724,18.10597,18.785288,19.03782,18.072382,18.640995,16.694086,17.43412,0.0,0.0,0.0,0.0,0.0,4.0,4.0,4.0
43121,2023.0,10.0,27.0,10.0,17.806208,17.606274,18.962568,19.019325,16.941683,16.458984,16.937408,16.743704,17.805105,18.283699,17.40991,17.20873,18.089079,17.717243,18.148054,18.719604,20.374607,23.680092,4.0,0.0,0.0,4.0,0.0,0.0,4.0,0.0
43122,2023.0,10.0,27.0,11.0,17.438322,17.132957,20.20949,21.603462,16.854664,16.38384,17.628155,18.075045,20.309376,22.58883,17.606447,17.774021,17.744495,17.308594,17.24006,16.970974,17.445784,17.521664,4.0,0.0,4.0,0.0,4.0,0.0,0.0,0.0
43123,2023.0,10.0,27.0,11.0,17.306952,17.006525,20.042126,21.17049,17.004059,16.767818,17.30814,17.277018,18.079308,17.990416,20.357027,22.494297,17.636713,17.211987,17.85297,18.438126,16.992245,17.511608,0.0,0.0,0.0,0.0,0.0,0.0,4.0,4.0
43124,2023.0,10.0,27.0,11.0,17.24073,16.966908,18.972754,19.031488,17.077965,16.896996,16.774906,16.403816,16.981415,16.622091,18.516674,18.75876,17.570333,17.164165,17.196123,16.9528,20.37415,23.410019,4.0,0.0,0.0,0.0,0.0,0.0,0.0,0.0
43125,2023.0,10.0,27.0,11.0,17.381554,17.32712,20.21538,21.59107,17.06523,16.901978,16.592579,16.202349,16.881634,16.709314,17.442303,17.306185,17.73064,17.5534,17.834036,18.44918,17.645914,17.724028,0.0,0.0,0.0,0.0,0.0,0.0,4.0,0.0
43126,2023.0,10.0,27.0,11.0,17.441685,17.447042,18.715563,18.562263,17.040445,16.887863,17.38416,17.779148,16.80701,16.67154,17.161642,17.01006,17.794138,17.65821,17.196066,16.98792,16.361826,16.106329,0.0,0.0,4.0,0.0,0.0,0.0,0.0,0.0
43127,2023.0,10.0,27.0,11.0,17.428545,17.45034,18.264032,18.036705,17.751919,18.254297,16.886198,16.667334,16.713924,16.587358,17.033724,16.885021,17.786093,17.660646,16.886526,16.588675,16.237497,16.107391,0.0,4.0,0.0,0.0,0.0,0.0,0.0,0.0
43128,2023.0,10.0,27.0,12.0,17.404024,17.43531,18.131525,17.957375,17.34569,17.351723,16.63542,16.303268,16.627405,16.510347,16.928308,16.789822,18.595602,19.216467,16.782942,16.49809,16.135735,16.031067,0.0,0.0,0.0,0.0,0.0,4.0,0.0,0.0
43129,2023.0,10.0,27.0,12.0,21.247606,24.249752,18.428988,18.648819,21.177338,24.127962,21.248005,24.195885,16.547451,16.432917,16.833519,16.699163,21.230976,23.70579,22.01992,25.470976,16.01948,15.917323,4.0,0.0,0.0,0.0,0.0,4.0,0.0,0.0
43130,2023.0,10.0,27.0,12.0,21.009933,23.349928,20.23166,21.831549,21.025427,23.359478,21.101603,23.663897,16.46406,16.351736,16.730898,16.598022,21.02112,22.93373,20.893013,23.161055,15.900639,15.8017025,0.0,0.0,4.0,0.0,0.0,4.0,0.0,0.0
43131,2023.0,10.0,27.0,12.0,21.067177,23.196115,18.904602,19.09064,21.069822,23.177011,21.081675,23.347675,17.200878,17.809193,17.03748,17.253387,21.045101,22.737644,21.052723,23.194408,15.803461,15.708303,0.0,0.0,0.0,4.0,4.0,4.0,4.0,0.0
43132,2023.0,10.0,27.0,12.0,21.05828,23.000036,18.095999,17.99428,21.062197,22.978218,21.080946,23.119041,20.53834,23.514835,20.407135,22.93401,21.06765,22.627512,21.044756,22.978918,15.725562,15.634069,0.0,0.0,0.0,0.0,0.0,0.0,4.0,0.0
43133,2023.0,10.0,27.0,12.0,21.057383,22.872581,18.300055,18.542135,21.06116,22.846405,21.07816,22.954348,18.47779,19.01159,18.405146,18.75823,21.031635,22.403809,21.080727,22.935007,15.662788,15.575472,4.0,0.0,0.0,4.0,0.0,4.0,0.0,0.0
43134,2023.0,10.0,27.0,13.0,21.055977,22.777826,20.250658,21.96799,21.035309,22.680841,21.037418,22.768177,20.313076,22.643866,17.254776,17.151848,21.034622,22.317127,21.033075,22.700031,15.611486,15.527849,0.0,4.0,4.0,0.0,0.0,4.0,4.0,0.0
43135,2023.0,10.0,27.0,13.0,21.054321,22.70515,18.939228,19.175058,21.038717,22.621897,21.057053,22.718092,18.727503,19.22187,17.004484,16.875801,21.032238,22.243013,21.077553,22.735832,15.569937,15.490467,4.0,4.0,4.0,4.0,0.0,4.0,0.0,0.0
43136,2023.0,10.0,27.0,13.0,21.182184,22.906986,20.209984,21.775396,21.168142,22.822243,21.16742,22.893854,20.294636,22.366642,16.885061,16.755909,21.13444,22.411308,21.189398,22.890562,15.536086,15.460492,4.0,0.0,0.0,0.0,0.0,0.0,0.0,0.0
43137,2023.0,10.0,27.0,13.0,21.051764,22.599989,20.036917,21.290192,21.066942,22.554003,21.070992,22.643366,18.31476,18.300982,16.790518,16.665598,21.02418,22.119188,21.066654,22.585514,15.508024,15.435967,0.0,0.0,0.0,0.0,0.0,4.0,0.0,0.0
43138,2023.0,10.0,27.0,13.0,21.051256,22.565533,18.68326,18.598568,21.066542,22.502832,21.045778,22.52972,17.318306,17.039083,16.716908,16.598951,21.058157,22.171646,21.065626,22.539076,15.484647,15.415866,0.0,0.0,4.0,0.0,0.0,0.0,0.0,0.0
43139,2023.0,10.0,27.0,13.0,21.04997,22.535872,18.557497,18.841576,21.051477,22.458809,21.049149,22.50672,17.198536,17.06624,16.65217,16.538006,21.02097,22.044039,21.013758,22.394564,15.464934,15.399041,4.0,0.0,4.0,0.0,0.0,4.0,4.0,0.0
43140,2023.0,10.0,27.0,14.0,21.184507,22.782555,20.218227,21.773127,21.185524,22.710854,21.164639,22.73346,17.10532,16.990376,16.59709,16.48805,21.172047,22.325197,21.191706,22.749847,15.448958,15.386376,0.0,0.0,0.0,0.0,0.0,4.0,0.0,0.0
43141,2023.0,10.0,27.0,14.0,20.337515,21.091408,18.954855,19.170013,20.248974,20.853338,19.923897,20.28855,17.736061,18.2858,16.935047,17.167248,19.748583,19.584093,19.445547,19.34903,15.43496,15.375139,0.0,4.0,4.0,4.0,4.0,0.0,0.0,0.0
43142,2023.0,10.0,27.0,14.0,20.087172,20.77602,18.767744,19.05203,19.362986,19.376907,19.513756,19.782635,20.405474,22.864584,20.317558,22.992743,19.973822,20.270294,18.796707,18.487701,15.4242735,15.36661,4.0,0.0,4.0,4.0,4.0,4.0,0.0,0.0
43143,2023.0,10.0,27.0,14.0,19.735472,20.205963,20.188921,21.574682,18.652126,18.34865,18.738735,18.524117,20.483566,22.761469,20.025932,22.026012,20.08111,20.448809,18.46809,18.167767,16.406336,17.2345,4.0,0.0,0.0,0.0,0.0,4.0,0.0,4.0
43144,2023.0,10.0,27.0,14.0,18.943354,18.89137,20.018686,21.135801,18.300087,17.960505,18.250277,17.94548,18.25431,18.257263,18.212582,18.27215,20.026295,20.40981,18.367468,18.222084,20.3268,23.776335,4.0,0.0,0.0,0.0,0.0,4.0,0.0,0.0
43145,2023.0,10.0,27.0,14.0,18.504034,18.3575,20.057348,21.159664,18.266907,18.105213,18.662699,18.926762,17.387129,17.158125,17.377024,17.270615,19.283892,19.068552,18.242828,18.123642,17.540752,17.796062,0.0,0.0,4.0,0.0,0.0,0.0,0.0,0.0
43146,2023.0,10.0,27.0,15.0,19.00184,19.466007,19.168676,19.381145,18.195518,18.07281,18.20233,18.022648,18.001019,18.543926,17.21015,17.103825,18.876526,18.568077,18.096718,17.985561,16.241917,16.12188,4.0,0.0,0.0,4.0,0.0,0.0,0.0,0.0
43147,2023.0,10.0,27.0,15.0,18.496548,18.475021,20.147272,21.283138,18.100384,17.983038,17.901688,17.615173,20.267857,22.4116,17.108715,17.000969,19.487045,19.849295,17.985556,17.878942,16.098146,16.023338,4.0,0.0,0.0,4.0,0.0,4.0,0.0,0.0
43148,2023.0,10.0,27.0,15.0,18.872509,19.399267,20.019312,20.987446,17.99364,17.879812,17.719307,17.437305,20.036797,21.739107,17.002407,16.897991,18.969362,18.74061,17.868229,17.765917,15.998823,15.933195,4.0,0.0,0.0,0.0,0.0,0.0,0.0,0.0
43149,2023.0,10.0,27.0,15.0,18.400566,18.402594,20.03623,20.992846,17.899935,17.791563,17.734196,17.60892,18.377369,18.390549,16.911423,16.812845,19.393723,19.778343,17.765266,17.669678,15.904228,15.842991,4.0,0.0,0.0,0.0,0.0,4.0,0.0,0.0
43150,2023.0,10.0,27.0,15.0,18.045546,17.939903,20.051498,21.016806,17.81442,17.70815,18.421377,18.96375,17.508335,17.282436,16.83009,16.73503,19.59556,20.026136,17.670366,17.578022,15.821211,15.76114,0.0,0.0,4.0,0.0,0.0,4.0,0.0,0.0
43151,2023.0,10.0,27.0,15.0,17.914253,17.802357,19.256432,19.450857,17.74035,17.637798,17.885872,17.777672,17.960732,18.356056,16.761389,16.672598,18.89843,18.703684,17.586731,17.499079,15.752485,15.695426,4.0,0.0,0.0,4.0,0.0,0.0,0.0,0.0
43152,2023.0,10.0,27.0,16.0,18.7383,19.4386,20.131426,21.16447,17.683496,17.583979,17.569237,17.328129,20.279167,22.389576,17.114935,17.387224,19.383602,19.777903,17.520332,17.436735,15.703206,15.648819,4.0,0.0,0.0,0.0,4.0,4.0,0.0,0.0
43153,2023.0,10.0,27.0,16.0,18.252275,18.28195,20.020452,20.91762,17.621115,17.522308,17.414263,17.160208,18.942705,19.480604,20.392536,22.89302,19.575262,20.006475,17.448637,17.36715,15.648883,15.595626,4.0,0.0,0.0,4.0,0.0,4.0,0.0,0.0
43154,2023.0,10.0,27.0,16.0,18.564226,19.087126,20.052183,20.973963,17.561218,17.461374,18.15839,18.666502,20.225458,22.041216,18.432966,18.800175,19.575333,20.000162,17.379673,17.29924,15.597039,15.544282,0.0,0.0,4.0,4.0,0.0,4.0,0.0,0.0
43155,2023.0,10.0,27.0,16.0,18.116613,18.108246,18.94822,18.83678,17.505798,17.404621,17.702324,17.589516,20.043215,21.560541,17.702488,17.975086,18.85954,18.654087,17.314821,17.235212,15.549536,15.497067,0.0,0.0,0.0,0.0,4.0,0.0,0.0,0.0
43156,2023.0,10.0,27.0,16.0,17.780436,17.663267,18.251095,17.918392,18.156477,18.669027,17.29666,17.045067,18.460865,18.419521,20.341015,22.514187,19.248568,19.625517,17.253632,17.17534,15.504686,15.452891,0.0,4.0,0.0,0.0,0.0,4.0,0.0,0.0
43157,2023.0,10.0,27.0,16.0,18.365244,18.84491,18.56867,18.731224,17.836212,17.878555,17.160843,16.886087,17.618052,17.365328,18.353218,18.452757,19.43299,19.841282,17.19512,17.11849,15.461356,15.410883,4.0,0.0,0.0,0.0,0.0,4.0,0.0,0.0
43158,2023.0,10.0,27.0,17.0,17.910027,17.886377,20.204199,21.631456,18.067398,18.375816,17.88372,18.323833,17.36446,17.08453,17.47796,17.159512,19.43555,19.836899,17.144274,17.069159,15.423649,15.374332,0.0,4.0,4.0,0.0,0.0,4.0,0.0,0.0
43159,2023.0,10.0,27.0,17.0,17.596962,17.46178,19.37955,19.840464,18.187895,18.512978,17.451206,17.288614,17.305252,17.176195,17.721745,17.90176,18.706734,18.464739,17.087578,17.01151,16.37502,17.2079,4.0,4.0,0.0,0.0,4.0,0.0,0.0,4.0
43160,2023.0,10.0,27.0,17.0,18.213764,18.675041,20.146214,21.259192,17.597826,17.402325,17.775627,18.010838,17.223711,17.116592,20.275463,22.393425,18.409317,18.070175,17.035936,16.957968,20.360695,23.981766,4.0,0.0,4.0,0.0,0.0,0.0,0.0,0.0
43161,2023.0,10.0,27.0,17.0,18.437996,18.917503,20.040476,21.005566,17.228247,16.893896,17.373436,17.157852,17.096582,16.992895,18.886911,19.400696,18.250965,17.901897,17.98722,18.793463,17.394648,17.611893,0.0,0.0,0.0,0.0,4.0,0.0,4.0,0.0
43162,2023.0,10.0,27.0,17.0,18.452158,18.906548,18.817284,18.614573,17.082817,16.724869,17.035547,16.697924,16.97566,16.872438,20.257061,22.133316,18.121042,17.764004,17.27339,17.110674,16.038635,15.870979,0.0,0.0,0.0,0.0,0.0,0.0,0.0,0.0
43163,2023.0,10.0,27.0,17.0,17.830172,17.724154,18.05034,17.591812,17.16755,16.979769,16.900972,16.543932,16.865387,16.761282,18.404509,18.341286,19.013386,19.572487,17.873123,18.532682,15.856128,15.769778,0.0,0.0,0.0,0.0,0.0,4.0,4.0,0.0
43164,2023.0,10.0,27.0,18.0,17.533298,17.292593,18.05166,17.79229,17.189356,17.0373,17.006344,16.823591,16.777355,16.669556,17.792814,17.598043,18.287107,18.011274,17.101265,16.896902,15.768201,15.687692,0.0,0.0,0.0,0.0,0.0,0.0,0.0,0.0
43165,2023.0,10.0,27.0,18.0,21.248991,23.924685,18.02632,17.82615,21.226194,24.185427,21.267643,24.339418,16.696062,16.588305,17.620024,17.456493,21.223038,23.230904,21.4005,24.430107,15.675781,15.5947275,0.0,0.0,4.0,0.0,0.0,0.0,0.0,0.0
43166,2023.0,10.0,27.0,18.0,21.019415,23.084736,17.921116,17.725536,20.985117,23.22998,21.013494,23.390524,16.609972,16.497192,17.410217,17.253405,21.005857,22.62372,21.021433,23.41969,16.55542,17.3363,0.0,4.0,0.0,0.0,0.0,4.0,0.0,4.0
43167,2023.0,10.0,27.0,18.0,21.061255,22.955582,17.81446,17.617632,21.074852,23.141819,21.066172,23.146664,16.533905,16.419033,17.226664,17.075205,21.043863,22.510702,21.088816,23.262735,20.272982,23.552567,0.0,0.0,4.0,0.0,0.0,4.0,0.0,0.0
43168,2023.0,10.0,27.0,18.0,21.055424,22.800198,18.163137,18.3518,21.05355,22.853546,21.082842,22.982212,16.46616,16.348322,17.066439,16.918074,21.066841,22.440659,21.063843,23.035515,17.421001,17.490505,4.0,4.0,0.0,0.0,0.0,0.0,0.0,0.0
43169,2023.0,10.0,27.0,18.0,21.028622,22.627752,20.243946,21.959507,21.055874,22.704699,21.077188,22.814682,16.405449,16.284498,16.923439,16.774273,21.031599,22.24629,21.06495,22.906952,16.092867,15.829117,0.0,4.0,0.0,0.0,0.0,4.0,0.0,0.0
43170,2023.0,10.0,27.0,19.0,21.059103,22.640585,19.186054,19.633272,21.078453,22.658329,21.076244,22.698467,16.351797,16.228739,16.803528,16.65988,21.065126,22.259052,21.025179,22.704197,15.970201,15.858902,4.0,0.0,0.0,0.0,0.0,0.0,4.0,0.0
43171,2023.0,10.0,27.0,19.0,21.162804,22.760588,20.22689,21.688036,21.161943,22.73648,21.170958,22.836954,16.303133,16.177948,16.696478,16.553926,21.153957,22.356588,21.188227,22.964079,15.887312,15.79004,0.0,0.0,0.0,0.0,0.0,4.0,0.0,0.0
43172,2023.0,10.0,27.0,19.0,21.065409,22.497381,18.948734,19.011175,21.071087,22.48217,21.034159,22.498894,16.259245,16.132698,16.598875,16.452744,21.063225,22.14909,21.072533,22.654413,15.777494,15.676165,4.0,0.0,4.0,0.0,0.0,0.0,0.0,0.0
43173,2023.0,10.0,27.0,19.0,21.245481,22.818796,20.208714,21.594717,21.187984,22.69543,21.217869,22.838694,16.977865,17.52098,16.508007,16.357542,21.132832,22.249365,21.189281,22.827953,15.682912,15.580256,4.0,0.0,4.0,4.0,0.0,0.0,0.0,0.0
43174,2023.0,10.0,27.0,19.0,21.044712,22.367342,20.022522,21.082413,21.054293,22.40287,21.079279,22.519009,20.32949,23.159046,16.42616,16.273499,21.057304,22.063915,21.057297,22.54181,15.602848,15.499175,4.0,0.0,0.0,0.0,0.0,0.0,0.0,0.0
43175,2023.0,10.0,27.0,19.0,21.06866,22.403093,20.0464,21.041067,21.053951,22.382978,21.071856,22.456936,17.784645,17.727186,16.735989,16.915712,21.042007,22.037514,21.059017,22.526531,15.533245,15.428244,4.0,0.0,0.0,0.0,4.0,0.0,0.0,0.0
43176,2023.0,10.0,27.0,20.0,21.036674,22.286404,20.043022,20.973522,21.053392,22.36368,21.07201,22.417017,16.594637,16.230976,20.439653,23.079195,21.043407,22.038881,21.058338,22.507507,16.450754,17.213573,4.0,0.0,0.0,0.0,0.0,0.0,0.0,4.0
43177,2023.0,10.0,27.0,20.0,21.041628,22.275436,20.042118,20.925493,21.05293,22.345573,21.05327,22.379517,16.57833,16.430477,18.236734,18.511488,21.043121,22.03462,21.05784,22.490204,20.356548,23.736628,4.0,0.0,0.0,0.0,0.0,0.0,0.0,0.0
43178,2023.0,10.0,27.0,20.0,21.067749,22.330456,20.059793,20.940422,21.052393,22.328348,21.054827,22.375147,17.288662,17.805162,17.03494,16.885656,21.043097,22.02946,21.057463,22.474297,17.362534,17.37003,0.0,0.0,0.0,4.0,0.0,0.0,0.0,0.0
43179,2023.0,10.0,27.0,20.0,21.035091,22.223707,19.086155,19.023851,21.026941,22.243235,21.054337,22.36534,20.333862,22.900864,16.797789,16.634647,21.0429,22.0233,21.057133,22.459435,16.019743,15.711195,4.0,4.0,0.0,4.0,0.0,0.0,0.0,0.0
43180,2023.0,10.0,27.0,20.0,21.210459,22.559132,20.177435,21.27612,21.197218,22.595638,21.19267,22.63337,20.016975,21.934204,16.659088,16.491035,21.150053,22.231514,21.213926,22.759634,15.935957,15.814938,4.0,0.0,0.0,4.0,0.0,0.0,0.0,0.0
43181,2023.0,10.0,27.0,20.0,21.077517,22.270267,20.11473,21.049541,21.135363,22.41159,21.066166,22.338026,20.174545,22.023691,16.53876,16.365639,21.033825,21.96273,21.047878,22.369818,15.85681,15.735564,0.0,0.0,4.0,0.0,0.0,4.0,4.0,0.0
43182,2023.0,10.0,27.0,21.0,21.034033,22.173164,19.082462,19.017439,21.039389,22.220104,21.07238,22.340137,18.709616,18.975777,16.807314,16.951023,21.061296,22.014826,21.075539,22.433146,15.756167,15.639111,4.0,0.0,0.0,4.0,4.0,0.0,0.0,0.0
43183,2023.0,10.0,27.0,21.0,21.173262,22.46121,20.19996,21.343237,21.20077,22.539669,21.168085,22.501154,20.487452,22.420835,20.457241,23.0522,21.133762,22.132626,21.192144,22.637594,16.63608,17.382086,0.0,0.0,0.0,4.0,4.0,0.0,0.0,4.0
43184,2023.0,10.0,27.0,21.0,21.032436,22.139318,19.052048,18.979403,21.049496,22.22766,21.050337,22.271248,20.019571,21.444479,20.019924,21.969288,21.025833,21.874733,21.068386,22.361479,21.911615,26.224028,4.0,0.0,0.0,4.0,4.0,4.0,0.0,4.0
43185,2023.0,10.0,27.0,21.0,21.215322,22.49507,20.189627,21.334808,21.201271,22.525259,21.19802,22.565344,20.050154,21.412199,20.073854,21.812105,21.13675,22.106628,21.22186,22.678205,21.45163,24.730055,4.0,0.0,0.0,4.0,4.0,0.0,0.0,0.0
43186,2023.0,10.0,27.0,21.0,21.064219,22.199118,20.039854,20.948511,21.049034,22.209835,21.025894,22.192783,20.045145,21.334423,20.07967,21.651976,21.025036,21.848053,21.05447,22.34174,18.270134,18.19813,0.0,0.0,4.0,4.0,0.0,4.0,0.0,0.0
43187,2023.0,10.0,27.0,21.0,21.058994,22.174929,18.711205,18.340582,21.024069,22.134363,21.056591,22.274572,20.07436,21.363356,18.506866,18.476883,21.060667,21.933407,21.054634,22.34307,17.687103,18.137247,0.0,4.0,0.0,0.0,4.0,0.0,0.0,4.0
43188,2023.0,10.0,27.0,22.0,21.032028,22.087767,18.630728,18.682705,21.05437,22.214207,21.069353,22.256815,18.365408,18.033806,20.371431,22.07475,21.054947,21.909563,21.054527,22.341188,21.98113,25.401783,4.0,0.0,0.0,0.0,0.0,0.0,0.0,0.0
43189,2023.0,10.0,27.0,22.0,21.21777,22.454739,20.175726,21.450224,21.17068,22.402971,21.16859,22.420643,17.454515,16.95761,18.336357,18.0697,21.134804,22.057528,21.221884,22.672691,19.11763,19.531755,0.0,0.0,0.0,0.0,0.0,0.0,0.0,4.0
43190,2023.0,10.0,27.0,22.0,21.063648,22.158926,19.353392,19.686886,21.064356,22.154728,21.047756,22.18569,17.137667,16.648785,17.839966,17.88899,21.008797,21.8071,21.053873,22.328035,20.36311,22.39441,4.0,0.0,0.0,0.0,4.0,4.0,0.0,0.0
43191,2023.0,10.0,27.0,22.0,21.176208,22.376568,20.169376,21.296347,21.2064,22.45096,21.202917,22.499456,17.188751,16.98984,20.362875,22.214052,21.172647,22.124683,21.222523,22.661856,18.002813,17.767345,4.0,0.0,0.0,0.0,4.0,4.0,0.0,0.0
43192,2023.0,10.0,27.0,22.0,21.031939,22.055405,20.025,20.910715,21.047668,22.133291,21.049202,22.188051,17.811813,18.246973,20.02208,21.512672,21.029242,21.828114,21.053375,22.314623,17.699827,17.990152,4.0,0.0,0.0,4.0,0.0,4.0,0.0,4.0
43193,2023.0,10.0,27.0,22.0,21.064491,22.140257,20.044212,20.883291,21.047745,22.135916,21.04971,22.189066,20.33227,22.466911,18.835651,19.111551,21.029902,21.825256,21.053759,22.312315,20.37788,22.59593,4.0,0.0,0.0,0.0,4.0,4.0,0.0,0.0
43194,2023.0,10.0,27.0,23.0,21.177011,22.355883,20.175793,21.11547,21.206028,22.451862,21.2028,22.492416,18.050161,17.802841,20.315626,21.943567,21.173397,22.10724,21.223284,22.647114,18.575478,18.920712,0.0,0.0,0.0,0.0,4.0,4.0,0.0,4.0
43195,2023.0,10.0,27.0,23.0,19.646307,19.399004,18.772358,18.377056,19.874722,19.877064,19.832232,19.840761,17.003706,16.553392,18.324402,18.03986,19.662762,19.213438,19.656769,19.6111,17.876146,18.145319,0.0,0.0,0.0,0.0,0.0,0.0,0.0,4.0
43196,2023.0,10.0,27.0,23.0,19.33668,19.16031,18.463184,18.119522,19.274195,19.012629,19.219805,18.967794,17.038061,16.835773,17.470665,16.870846,19.887562,19.964136,19.095665,18.897,17.049725,16.70635,0.0,0.0,0.0,0.0,0.0,4.0,0.0,0.0
43197,2023.0,10.0,27.0,23.0,19.190363,19.077282,18.809782,18.906523,19.01667,18.737144,18.95644,18.68847,16.985783,16.810902,17.488829,17.206495,19.180279,18.635324,18.832512,18.638502,16.63857,16.22165,4.0,0.0,0.0,0.0,0.0,0.0,0.0,0.0
43198,2023.0,10.0,27.0,23.0,19.032852,18.931698,18.42882,18.223585,18.826824,18.547016,18.759586,18.492002,16.884573,16.71129,17.409964,17.193409,18.84711,18.268528,18.61867,18.430222,17.16514,17.421555,0.0,0.0,0.0,0.0,0.0,0.0,0.0,4.0
43199,2023.0,10.0,27.0,23.0,18.903816,18.818834,18.18292,17.904272,18.669226,18.393291,18.595894,18.332726,16.790703,16.618837,17.265234,17.063,18.67326,18.107454,18.438162,18.257666,16.50009,16.112503,0.0,0.0,0.0,0.0,0.0,0.0,0.0,0.0
43200,2023.0,10.0,28.0,0.0,18.772467,18.685186,18.046392,17.7585,18.52387,18.244446,18.445183,18.178516,16.699345,16.52466,17.120268,16.919565,18.853199,18.629314,18.266987,18.077305,16.194422,15.788539,0.0,0.0,0.0,0.0,0.0,0.0,0.0,0.0
43201,2023.0,10.0,28.0,0.0,18.66524,18.587074,18.403688,18.526407,18.407263,18.138052,18.324177,18.068165,16.622086,16.451723,16.992384,16.79253,19.544962,19.988344,18.127665,17.944672,16.272339,16.110792,4.0,0.0,0.0,0.0,0.0,4.0,0.0,0.0
43202,2023.0,10.0,28.0,0.0,18.565268,18.492306,18.075947,17.903738,18.298964,18.03574,18.211374,17.961782,16.54916,16.381062,16.875767,16.678852,18.673412,18.205008,18.000122,17.820507,16.216238,16.072992,0.0,0.0,0.0,0.0,0.0,0.0,0.0,0.0
43203,2023.0,10.0,28.0,0.0,18.470726,18.398943,17.5158,16.91093,18.197021,17.935608,18.10485,17.857388,16.479406,16.311003,16.766907,16.569286,18.346897,17.80652,17.880814,17.70035,16.12396,15.98047,0.0,0.0,0.0,0.0,0.0,0.0,0.0,0.0
43204,2023.0,10.0,28.0,0.0,18.386953,18.319313,17.279467,16.640291,18.106806,17.850454,18.010664,17.768572,16.4167,16.250008,16.965687,17.026901,18.224102,17.694517,17.775423,17.597374,16.77563,17.283754,0.0,0.0,0.0,0.0,4.0,0.0,0.0,4.0
43205,2023.0,10.0,28.0,0.0,18.309765,18.246174,17.450174,17.11744,18.02377,17.772459,17.92437,17.687405,16.92779,17.261442,16.732628,16.57987,18.407043,18.177538,17.679232,17.503622,16.007559,15.678495,0.0,0.0,0.0,4.0,0.0,0.0,0.0,0.0
43206,2023.0,10.0,28.0,1.0,18.236053,18.173964,17.498539,17.229668,17.944427,17.695572,17.842426,17.607702,16.506207,16.347971,16.566622,16.376505,18.406855,18.194443,17.588392,17.412678,15.724185,15.358876,0.0,0.0,0.0,0.0,0.0,0.0,0.0,0.0
43207,2023.0,10.0,28.0,1.0,18.166513,18.104313,17.450508,17.187984,17.868559,17.619833,17.763887,17.529099,16.351671,16.184978,16.472761,16.277964,18.35124,18.138271,17.503746,17.32715,15.609656,15.249581,0.0,0.0,0.0,0.0,0.0,0.0,0.0,0.0
43208,2023.0,10.0,28.0,1.0,18.106812,18.049692,17.403454,17.14736,17.80466,17.56295,17.697401,17.469847,16.290375,16.12703,16.718786,16.81036,18.30177,18.091858,17.429405,17.256182,15.743818,15.620712,0.0,0.0,0.0,0.0,4.0,0.0,0.0,0.0
43209,2023.0,10.0,28.0,1.0,18.049526,17.995993,17.354282,17.102907,17.742956,17.505844,17.633024,17.410246,16.233566,16.072212,16.453812,16.280014,18.253231,18.045507,17.359306,17.188282,15.708693,15.571561,0.0,0.0,0.0,0.0,0.0,0.0,0.0,0.0
43210,2023.0,10.0,28.0,1.0,17.994276,17.942865,17.305502,17.057032,17.683147,17.44858,17.570702,17.350494,16.181969,16.021515,16.329052,16.141628,18.206257,17.999878,17.292799,17.123005,15.659179,15.522733,0.0,0.0,0.0,0.0,0.0,0.0,0.0,0.0
43211,2023.0,10.0,28.0,1.0,17.94659,17.90183,17.263466,17.022663,17.63276,17.406694,17.518232,17.306807,16.137785,15.98193,16.263056,16.083086,18.91812,19.387814,17.234127,17.069466,16.343544,16.853392,0.0,0.0,0.0,0.0,0.0,4.0,0.0,4.0
43212,2023.0,10.0,28.0,2.0,17.898312,17.856771,17.220177,16.983738,17.581474,17.359648,17.464836,17.257732,16.094282,15.94045,16.200579,16.023104,18.111532,17.69447,17.176285,17.01397,15.850611,15.76884,0.0,0.0,0.0,0.0,0.0,0.0,0.0,0.0
43213,2023.0,10.0,28.0,2.0,17.847076,17.803223,17.173584,16.936342,17.527267,17.303793,17.408611,17.199778,16.049028,15.893012,16.45877,16.560036,17.827156,17.332083,17.116796,16.952152,15.452007,15.115642,0.0,0.0,0.0,0.0,4.0,0.0,0.0,0.0
43214,2023.0,10.0,28.0,2.0,17.800884,17.758238,17.131079,16.89593,17.478415,17.256966,17.358158,17.151367,16.007864,15.852325,16.194513,16.01158,17.73624,17.247204,17.062546,16.898739,15.3293295,14.992379,0.0,0.0,0.0,0.0,0.0,0.0,0.0,0.0
43215,2023.0,10.0,28.0,2.0,17.754103,17.710598,17.088186,16.853092,17.428978,17.207384,17.307238,17.10022,15.966628,15.810189,16.404903,16.505194,17.95817,17.777168,17.008696,16.844193,15.439638,15.3004465,0.0,0.0,0.0,0.0,4.0,0.0,0.0,0.0
43216,2023.0,10.0,28.0,2.0,17.708738,17.664404,17.046082,16.810497,17.38049,17.158161,17.25732,17.049496,15.926369,15.768933,16.47246,16.580225,17.9427,17.739822,16.956516,16.791311,15.427011,15.292683,0.0,0.0,0.0,0.0,4.0,0.0,0.0,0.0
43217,2023.0,10.0,28.0,2.0,17.667997,17.62601,17.00927,16.776981,17.338135,17.119612,17.213814,17.00984,15.889521,15.733649,15.924714,15.521444,17.90908,17.707527,16.908348,16.745049,15.391799,15.258668,0.0,0.0,0.0,0.0,0.0,0.0,0.0,0.0
43218,2023.0,10.0,28.0,3.0,17.626009,17.583858,17.411795,17.567955,17.294113,17.076132,17.168646,16.965157,15.851659,15.695515,15.676171,15.216922,17.87415,17.67236,16.859602,16.696262,15.353881,15.220523,4.0,0.0,0.0,0.0,0.0,0.0,0.0,0.0
43219,2023.0,10.0,28.0,3.0,17.587261,17.547014,17.153082,17.019556,17.25359,17.038332,17.126852,16.92614,15.816319,15.661697,15.820037,15.619936,18.602848,19.082497,16.813835,16.652288,16.045883,16.556372,0.0,0.0,0.0,0.0,0.0,4.0,0.0,4.0
43220,2023.0,10.0,28.0,3.0,17.549326,17.510248,16.994644,16.77504,17.214054,17.000746,17.085873,16.887201,16.36438,16.722624,15.839576,15.6626005,18.52198,18.744013,16.768862,16.608341,15.5436,15.446432,0.0,0.0,0.0,4.0,0.0,4.0,0.0,0.0
43221,2023.0,10.0,28.0,3.0,17.513306,17.475657,16.933449,16.709347,17.176529,16.965443,17.046902,16.850569,15.972404,15.852702,16.089542,16.167023,17.777313,17.321447,16.725752,16.566734,15.890314,16.186337,0.0,0.0,0.0,0.0,4.0,0.0,0.0,4.0
43222,2023.0,10.0,28.0,3.0,17.478338,17.441734,16.888672,16.666157,17.139923,16.93074,17.009016,16.814617,15.820712,15.668858,15.878982,15.711015,18.361927,18.592834,16.683714,16.525959,15.308045,14.992556,0.0,0.0,0.0,0.0,0.0,4.0,0.0,0.0
43223,2023.0,10.0,28.0,3.0,17.444324,17.409035,16.849901,16.62971,17.104488,16.897478,16.97263,16.780321,15.7739315,15.624153,15.768824,15.594367,18.494392,18.715263,17.672964,18.425224,15.109522,14.7831955,0.0,0.0,0.0,0.0,0.0,4.0,4.0,0.0
43224,2023.0,10.0,28.0,4.0,17.411816,17.378666,16.81344,16.59551,17.06999,16.864748,16.936659,16.746332,15.730851,15.582245,15.726511,15.555774,17.78614,17.354605,16.770264,16.475355,15.026709,14.702472,0.0,0.0,0.0,0.0,0.0,0.0,0.0,0.0
43225,2023.0,10.0,28.0,4.0,17.391872,17.372852,16.776358,16.558498,17.034271,16.828459,16.898798,16.708225,15.690315,15.540624,15.680785,15.509147,17.542526,17.057411,16.450178,16.066687,15.143293,15.009502,0.0,0.0,0.0,0.0,0.0,0.0,0.0,0.0
43226,2023.0,10.0,28.0,4.0,17.363955,17.346994,16.741388,16.524647,16.999714,16.794462,16.862385,16.672564,15.653782,15.504541,15.639552,15.468296,17.44919,16.971075,16.348116,15.965217,15.140767,15.013112,0.0,0.0,0.0,0.0,0.0,0.0,0.0,0.0
43227,2023.0,10.0,28.0,4.0,17.333807,17.317728,16.70938,16.495821,16.967348,16.764969,16.828804,16.641926,15.620627,15.473163,15.92342,16.036833,17.668337,17.495514,16.485334,16.32627,15.114001,14.987705,0.0,0.0,0.0,0.0,4.0,0.0,0.0,0.0
43228,2023.0,10.0,28.0,4.0,17.304766,17.29097,16.67909,16.469353,16.936075,16.737396,16.796783,16.61353,16.156446,16.50725,16.009129,16.125553,17.656929,17.466928,17.51664,18.278418,15.803848,16.311205,0.0,0.0,0.0,4.0,4.0,0.0,4.0,4.0
43229,2023.0,10.0,28.0,4.0,17.274435,17.261293,17.067747,17.225943,16.903738,16.706757,16.763842,16.582117,15.796739,15.700915,15.7573805,15.639954,17.622976,17.434406,16.625717,16.344131,15.344103,15.281652,4.0,0.0,0.0,0.0,0.0,0.0,0.0,0.0
43230,2023.0,10.0,28.0,5.0,17.243893,17.230556,16.820194,16.688503,16.871328,16.674915,16.73089,16.54956,15.427354,15.076462,15.924065,16.025051,17.590704,17.402779,16.31311,15.943453,15.695253,16.021566,0.0,0.0,0.0,0.0,4.0,0.0,0.0,4.0
43231,2023.0,10.0,28.0,5.0,17.214514,17.201937,16.681572,16.481665,16.84032,16.645548,16.69963,16.519714,15.306839,14.947475,15.741286,15.592603,17.559042,17.372587,16.216185,15.848767,15.101617,14.799377,0.0,0.0,0.0,0.0,4.0,0.0,0.0,0.0
43232,2023.0,10.0,28.0,5.0,17.183502,17.170183,16.625225,16.418554,16.80789,16.613216,16.667337,16.487148,15.44145,15.291195,15.363405,14.956079,17.526646,17.340334,16.134377,15.768395,15.014322,14.781608,0.0,0.0,0.0,0.0,0.0,0.0,0.0,0.0
43233,2023.0,10.0,28.0,5.0,17.152412,17.140915,16.583332,16.380344,16.775572,16.583899,16.635,16.457603,15.465363,15.322357,15.501633,15.362093,17.49397,17.310095,16.258478,16.09517,15.577809,15.894841,0.0,0.0,0.0,0.0,4.0,0.0,0.0,4.0
43234,2023.0,10.0,28.0,5.0,17.123512,17.112392,16.548145,16.346697,17.48378,17.94213,16.60483,16.428669,15.444955,15.305471,15.263637,14.893716,17.464329,17.281565,16.27279,16.126532,14.978583,14.768949,0.0,4.0,0.0,0.0,0.0,0.0,0.0,0.0
43235,2023.0,10.0,28.0,5.0,17.091888,17.081202,16.51123,16.31187,17.75833,18.239922,16.571716,16.396988,15.999403,16.373838,15.296468,15.113283,17.432514,17.25096,16.248604,16.104635,15.507508,15.828738,0.0,4.0,0.0,4.0,0.0,0.0,0.0,4.0
43236,2023.0,10.0,28.0,6.0,17.064205,17.05414,16.479797,16.2825,16.9254,16.59324,17.271317,17.736818,15.62512,15.534325,15.322269,15.163222,17.405138,17.224916,17.270239,18.052668,14.978592,14.8176,0.0,0.0,4.0,0.0,0.0,0.0,4.0,0.0
43237,2023.0,10.0,28.0,6.0,21.232603,24.339895,16.869177,17.043446,21.212317,24.062935,21.196182,24.370798,15.223261,14.896609,15.303505,15.148347,21.322813,23.85653,21.335907,24.753428,15.022261,14.934107,4.0,0.0,0.0,0.0,0.0,0.0,0.0,0.0
43238,2023.0,10.0,28.0,6.0,21.069176,23.580732,20.324215,22.972506,21.022987,23.423025,21.037327,23.56606,15.077638,14.7362175,15.279461,15.125742,21.016996,23.104235,22.02593,25.38997,15.524307,15.878018,0.0,0.0,0.0,0.0,0.0,4.0,0.0,4.0
43239,2023.0,10.0,28.0,6.0,21.074415,23.30717,18.326372,18.634285,21.075996,23.246916,21.098211,23.361998,15.209981,15.058848,15.260478,15.1084795,21.076244,22.995798,20.94576,23.084757,20.324232,24.065132,0.0,0.0,0.0,0.0,0.0,0.0,0.0,0.0
43240,2023.0,10.0,28.0,6.0,21.06395,23.096869,17.16882,17.044325,21.067095,23.037455,21.067806,23.11707,15.271133,15.137873,15.242826,15.092661,21.074842,22.779848,21.089212,23.211033,17.126534,17.192276,0.0,0.0,0.0,0.0,0.0,0.0,0.0,0.0
43241,2023.0,10.0,28.0,6.0,21.06308,22.960976,17.391096,17.61935,21.065485,22.898853,21.068974,22.98571,15.877443,16.286816,15.224547,15.075827,21.042421,22.54404,21.068186,23.046398,16.393133,16.742645,4.0,0.0,0.0,4.0,0.0,4.0,0.0,4.0
43242,2023.0,10.0,28.0,7.0,21.036139,22.791142,20.284916,22.63358,21.064466,22.797434,21.067808,22.88479,20.361307,23.72558,15.206682,15.059697,21.074793,22.521366,21.06948,22.95504,20.412378,23.530367,0.0,0.0,0.0,0.0,0.0,0.0,0.0,0.0
43243,2023.0,10.0,28.0,7.0,21.065163,22.79904,18.444643,18.701778,21.063047,22.71914,21.06594,22.804623,17.361708,17.409895,15.564976,15.742265,21.03863,22.345163,21.029985,22.777273,18.056147,18.598406,0.0,0.0,0.0,0.0,4.0,4.0,4.0,4.0
43244,2023.0,10.0,28.0,7.0,21.049683,22.656265,17.77042,17.990768,21.037346,22.58999,21.040714,22.67506,15.927324,15.583516,20.483831,23.878056,21.071999,22.371494,21.051369,22.741552,21.262682,24.676083,4.0,4.0,4.0,0.0,4.0,0.0,4.0,0.0
43245,2023.0,10.0,28.0,7.0,21.188831,22.872555,20.291588,22.400162,21.17612,22.845425,21.174442,22.917343,16.721277,17.335867,20.015999,22.640532,21.145943,22.44878,21.191803,22.992287,18.132412,18.1214,0.0,0.0,0.0,4.0,4.0,4.0,0.0,0.0
43246,2023.0,10.0,28.0,7.0,21.050627,22.547548,18.189869,18.01552,21.052755,22.501694,21.05565,22.580051,21.754717,25.763742,20.089252,22.394823,21.069914,22.278488,21.039118,22.604053,16.510368,16.13587,0.0,4.0,4.0,4.0,4.0,0.0,4.0,0.0
43247,2023.0,10.0,28.0,7.0,21.049494,22.507751,17.743216,17.868814,21.05515,22.456488,21.082851,22.601456,19.876175,21.884394,20.075663,22.09465,21.063774,22.230951,21.046337,22.582933,16.347738,16.196016,4.0,4.0,0.0,4.0,4.0,0.0,4.0,0.0
43248,2023.0,10.0,28.0,8.0,21.075136,22.546274,20.27994,22.29824,21.078783,22.484465,21.076334,22.54304,20.120241,22.164898,20.08943,21.939993,21.03397,22.123545,21.044827,22.552177,16.21677,16.087355,4.0,0.0,0.0,0.0,0.0,4.0,4.0,0.0
43249,2023.0,10.0,28.0,8.0,19.88807,20.204369,20.041847,21.595901,19.789112,19.945107,19.722195,19.881283,17.928919,17.776348,18.323755,18.383665,19.460894,19.114412,19.111244,18.85321,16.058573,15.943068,0.0,4.0,4.0,0.0,4.0,0.0,0.0,0.0
43250,2023.0,10.0,28.0,8.0,19.34724,19.609495,18.27829,18.054346,18.530516,18.042015,19.05165,19.10792,16.824224,16.431093,20.353382,22.368458,18.694738,18.194803,19.126154,19.567398,16.888527,17.638891,0.0,0.0,4.0,0.0,0.0,0.0,4.0,4.0
43251,2023.0,10.0,28.0,8.0,19.177176,19.453026,17.680817,17.495733,18.006266,17.44494,18.839506,18.905313,16.699116,16.517555,18.145082,18.01142,18.416548,17.919567,18.266582,17.915264,20.368378,23.510939,4.0,0.0,4.0,0.0,0.0,0.0,0.0,0.0
43252,2023.0,10.0,28.0,8.0,18.383465,18.091219,20.25451,22.163685,18.355057,18.333155,18.69012,18.771368,16.591553,16.448864,17.193686,17.006266,19.282532,19.781609,18.712513,19.19531,17.527061,17.540527,0.0,4.0,4.0,0.0,0.0,4.0,4.0,0.0
43253,2023.0,10.0,28.0,8.0,17.939896,17.571955,18.692257,18.830557,17.861523,17.392057,17.944857,17.498985,16.442617,16.310755,17.358505,17.521423,19.255571,19.492672,17.949266,17.624514,16.247126,15.967903,4.0,0.0,0.0,0.0,4.0,4.0,0.0,0.0
43254,2023.0,10.0,28.0,9.0,17.780787,17.42681,20.291552,21.761469,17.563808,17.032808,17.599386,17.08036,17.105259,17.660494,20.29485,22.665197,19.17884,19.40071,17.550823,17.151981,16.154116,16.01707,0.0,0.0,0.0,4.0,4.0,4.0,0.0,0.0
43255,2023.0,10.0,28.0,9.0,17.642445,17.31228,18.501862,18.2923,17.398216,16.887777,18.0196,18.055967,20.381563,23.227522,20.044296,21.896517,19.149694,19.383204,17.335218,16.953094,16.05235,15.942791,0.0,0.0,4.0,0.0,0.0,4.0,0.0,0.0
43256,2023.0,10.0,28.0,9.0,17.745272,17.65684,17.77988,17.546452,17.485977,17.219246,18.205366,18.348707,17.806887,17.81136,18.084059,17.950132,18.427605,18.060165,17.166336,16.80003,15.926585,15.82454,0.0,0.0,4.0,0.0,0.0,0.0,0.0,0.0
43257,2023.0,10.0,28.0,9.0,17.764116,17.74181,17.649658,17.436766,17.496096,17.28598,17.537086,17.123552,16.864552,16.479088,17.480303,17.256445,18.910496,19.175425,17.243444,17.086021,15.834244,15.733606,0.0,0.0,0.0,0.0,0.0,4.0,0.0,0.0
43258,2023.0,10.0,28.0,9.0,18.481447,19.146175,17.5251,17.318071,17.437418,17.239859,17.901312,17.996824,16.806934,16.630587,17.31408,17.130201,18.271355,17.897564,17.21001,17.08076,15.754147,15.658557,0.0,0.0,4.0,0.0,0.0,0.0,0.0,0.0
43259,2023.0,10.0,28.0,9.0,18.38623,18.806103,17.415419,17.213179,17.376894,17.18701,17.388124,17.010534,16.701946,16.561152,17.135786,16.962885,18.7994,19.079416,17.14211,17.019684,15.683949,15.589885,0.0,0.0,0.0,0.0,0.0,4.0,0.0,0.0
43260,2023.0,10.0,28.0,10.0,18.358175,18.766449,17.318604,17.121897,18.043657,18.498074,17.14172,16.71244,16.580431,16.447887,17.372288,17.54774,18.931852,19.23333,17.07476,16.954487,15.623295,15.532391,0.0,4.0,0.0,0.0,4.0,4.0,0.0,0.0
43261,2023.0,10.0,28.0,10.0,17.746141,17.625246,17.236345,17.049124,17.634428,17.624582,17.66165,17.794172,16.478209,16.355082,20.288933,22.662792,18.236227,17.913317,17.016539,16.902136,15.5725565,15.486979,0.0,0.0,4.0,0.0,0.0,0.0,0.0,0.0
43262,2023.0,10.0,28.0,10.0,17.390205,17.163643,17.60348,17.817686,17.100174,16.751595,17.300035,17.012491,16.37495,16.261093,18.438866,18.736664,18.679636,18.987179,16.957157,16.848711,15.522002,15.442116,4.0,0.0,0.0,0.0,0.0,4.0,0.0,0.0
43263,2023.0,10.0,28.0,10.0,17.293182,17.072725,20.27248,22.466663,17.565342,17.73231,17.679623,17.852634,16.30038,16.191343,17.570992,17.41786,18.131105,17.848944,16.9114,16.80757,15.485873,15.410158,0.0,4.0,4.0,0.0,0.0,0.0,0.0,0.0
43264,2023.0,10.0,28.0,10.0,17.230825,17.038277,18.624544,18.928991,17.225248,16.97152,17.296415,17.041622,16.226627,16.125566,17.293724,17.14147,17.829306,17.48735,16.865719,16.767586,15.450094,15.379684,0.0,0.0,0.0,0.0,0.0,0.0,0.0,0.0
43265,2023.0,10.0,28.0,10.0,17.367966,17.378792,17.838476,17.691778,16.995783,16.654364,17.051722,16.712755,16.173214,16.076426,17.140587,16.990347,18.554033,18.928148,16.82989,16.736053,15.422978,15.355338,0.0,0.0,0.0,0.0,0.0,4.0,0.0,0.0
43266,2023.0,10.0,28.0,11.0,17.388945,17.437794,17.624716,17.461031,16.913527,16.58465,17.60481,17.848642,16.125837,16.034622,17.017178,16.876394,18.749043,19.152514,16.797129,16.708286,15.398688,15.334476,0.0,0.0,4.0,0.0,0.0,4.0,0.0,0.0
43267,2023.0,10.0,28.0,11.0,17.364817,17.420645,17.485666,17.336655,17.010612,16.851854,17.158329,16.939823,16.083591,15.996099,16.912159,16.778582,18.819965,19.230045,16.765055,16.678627,15.376844,15.314824,0.0,0.0,0.0,0.0,0.0,4.0,0.0,0.0
43268,2023.0,10.0,28.0,11.0,17.33851,17.400434,17.384506,17.244759,17.02519,16.90288,16.956635,16.667402,16.818819,17.417889,16.822945,16.698826,18.879435,19.295668,16.735796,16.65254,16.349771,17.171118,0.0,0.0,0.0,4.0,0.0,4.0,0.0,4.0
43269,2023.0,10.0,28.0,11.0,17.310549,17.376478,17.747253,18.005003,17.002716,16.890657,16.870602,16.588274,20.319038,23.407213,16.742937,16.625576,18.931622,19.35591,16.708324,16.627584,20.280323,23.815786,4.0,0.0,0.0,0.0,0.0,4.0,0.0,0.0
43270,2023.0,10.0,28.0,11.0,17.28499,17.358662,20.268831,22.360916,16.972424,16.866678,16.934679,16.795076,18.327953,18.967611,16.659384,16.547424,18.984072,19.416002,16.680286,16.602137,17.450607,17.706257,4.0,0.0,0.0,4.0,0.0,4.0,0.0,0.0
43271,2023.0,10.0,28.0,11.0,17.258492,17.332296,20.015419,21.599222,16.942541,16.842358,16.956818,16.857325,20.321793,22.897314,16.58862,16.481651,18.31125,18.11771,16.65447,16.578533,16.125156,15.997963,4.0,0.0,0.0,0.0,0.0,0.0,0.0,0.0
43272,2023.0,10.0,28.0,12.0,17.23107,17.305813,20.068314,21.551407,16.914083,16.81937,16.930096,16.841316,18.626717,19.220951,16.531918,16.430454,18.762869,19.173586,16.631117,16.557257,15.945873,15.870629,0.0,0.0,0.0,4.0,0.0,4.0,0.0,0.0
43273,2023.0,10.0,28.0,12.0,21.336737,24.567608,18.577593,18.569515,21.298279,24.59527,21.339108,24.650967,20.289547,22.520477,16.48562,16.389124,21.284113,23.505447,21.534525,25.055685,15.8578,15.787702,0.0,0.0,4.0,4.0,0.0,4.0,0.0,0.0
43274,2023.0,10.0,28.0,12.0,21.01081,23.492615,17.705141,17.422377,21.002207,23.507635,20.989069,23.479025,20.04129,21.850922,16.44431,16.351067,21.040659,22.771103,21.001747,23.679342,15.777778,15.709322,0.0,0.0,4.0,0.0,0.0,0.0,0.0,0.0
43275,2023.0,10.0,28.0,12.0,21.055616,23.251102,18.010721,18.216932,21.07389,23.335659,21.092041,23.373936,18.266802,18.292513,16.409393,16.320345,21.033142,22.545078,21.077705,23.492937,15.718872,15.654456,4.0,0.0,0.0,0.0,0.0,4.0,0.0,0.0
43276,2023.0,10.0,28.0,12.0,21.049984,23.036911,20.26274,22.142231,21.063488,23.104536,21.051908,23.054623,18.084349,18.51187,16.378387,16.292095,21.061687,22.487177,21.066082,23.23315,15.673646,15.612328,4.0,0.0,4.0,4.0,0.0,0.0,0.0,0.0
43277,2023.0,10.0,28.0,12.0,21.073555,22.962969,20.03235,21.501421,21.062609,22.955072,21.055796,22.912842,20.286724,22.377823,16.35427,16.271307,21.05443,22.367386,21.064573,23.059784,15.639187,15.581528,0.0,0.0,4.0,0.0,0.0,0.0,0.0,0.0
43278,2023.0,10.0,28.0,13.0,21.040508,22.769964,18.928228,19.234974,21.06075,22.843534,21.053062,22.801422,18.37672,18.444534,16.336195,16.257574,21.053055,22.284832,21.062529,22.930334,15.612162,15.558172,4.0,0.0,4.0,0.0,0.0,0.0,0.0,0.0
43279,2023.0,10.0,28.0,13.0,21.17592,22.965796,20.226313,21.81399,21.190771,23.003815,21.166876,22.950836,17.400772,17.18788,16.319319,16.244131,21.131874,22.40121,21.178398,23.067846,15.590154,15.539444,4.0,4.0,4.0,0.0,0.0,0.0,0.0,0.0
43280,2023.0,10.0,28.0,13.0,21.039602,22.636097,20.009832,21.272793,21.060701,22.704174,21.07235,22.719196,17.244095,17.13663,16.756556,17.087002,21.010033,22.104391,21.016508,22.645872,15.571895,15.524109,4.0,0.0,0.0,0.0,4.0,4.0,4.0,0.0
43281,2023.0,10.0,28.0,13.0,21.067537,22.667261,20.043135,21.259937,21.067562,22.64457,21.15662,22.833475,17.1357,17.040842,20.279469,23.023336,21.05579,22.174599,21.187176,22.945692,15.55736,15.51294,4.0,0.0,0.0,0.0,0.0,0.0,0.0,0.0
43282,2023.0,10.0,28.0,13.0,21.034447,22.541363,20.055805,21.245186,21.06495,22.583433,21.041744,22.537138,17.020311,16.931728,18.586586,19.258615,21.048193,22.122292,21.06399,22.63949,15.544825,15.503234,0.0,0.0,4.0,0.0,4.0,0.0,0.0,0.0
43283,2023.0,10.0,28.0,13.0,21.065681,22.59469,18.79701,18.785568,21.053038,22.536388,21.070707,22.583338,16.924192,16.842283,20.280285,22.601402,21.047827,22.090918,21.064085,22.593077,15.534414,15.4956,0.0,0.0,0.0,0.0,0.0,0.0,0.0,0.0
43284,2023.0,10.0,28.0,14.0,21.032438,22.479805,18.472654,18.614746,21.053564,22.51475,21.039148,22.470894,16.842411,16.766512,18.531149,18.883045,21.008377,21.987019,21.054064,22.552172,15.525593,15.489536,4.0,0.0,4.0,0.0,0.0,4.0,0.0,0.0
43285,2023.0,10.0,28.0,14.0,19.57975,19.702068,20.197102,21.745548,19.70681,19.905775,19.492773,19.513815,16.771286,16.699898,17.48795,17.438375,19.82824,19.732464,19.593176,19.718964,15.516432,15.481467,4.0,0.0,0.0,0.0,0.0,0.0,0.0,0.0
43286,2023.0,10.0,28.0,14.0,18.759151,18.663559,20.027117,21.285475,18.851517,18.773834,19.26787,19.638823,16.704165,16.633356,17.22352,17.133043,19.210453,18.937548,18.772902,18.672482,15.50421,15.469391,0.0,0.0,4.0,0.0,0.0,0.0,0.0,0.0
43287,2023.0,10.0,28.0,14.0,18.501062,18.422508,18.787416,18.822447,18.565474,18.478361,18.658646,18.557688,16.647734,16.581873,17.09515,17.011053,19.738714,20.129118,18.48112,18.38437,15.491514,15.45748,0.0,0.0,0.0,0.0,0.0,4.0,0.0,0.0
43288,2023.0,10.0,28.0,14.0,19.227142,19.942728,18.324192,18.204298,18.396776,18.299479,18.289036,18.06553,16.601038,16.536179,17.00818,16.923275,19.176098,19.014545,18.302177,18.201138,15.478772,15.444817,0.0,0.0,0.0,0.0,0.0,0.0,0.0,0.0
43289,2023.0,10.0,28.0,14.0,18.586773,18.644806,18.158596,18.070066,18.95649,19.476936,18.76025,19.116644,16.557058,16.49406,16.929527,16.847445,18.889055,18.633636,18.150362,18.053291,15.4652605,15.431548,0.0,4.0,4.0,0.0,0.0,0.0,0.0,0.0
43290,2023.0,10.0,28.0,15.0,18.981768,19.555784,18.477547,18.794111,18.469275,18.511902,18.830284,19.229942,16.516434,16.455025,16.858767,16.778946,18.761263,18.506119,18.01951,17.925955,15.451429,15.41798,4.0,0.0,4.0,0.0,0.0,0.0,0.0,0.0
43291,2023.0,10.0,28.0,15.0,18.42706,18.476707,20.21035,21.839846,18.69457,19.05189,18.794994,19.193878,17.246536,17.866621,16.793348,16.715672,18.781612,18.655247,17.905418,17.817743,15.437876,15.404811,4.0,4.0,4.0,4.0,0.0,0.0,0.0,0.0
43292,2023.0,10.0,28.0,15.0,18.763988,19.331985,20.032608,21.337095,18.19848,18.092949,18.752718,19.15319,20.312819,23.040888,16.724073,16.648552,18.741678,18.63825,17.78613,17.703053,15.423106,15.390456,0.0,0.0,4.0,0.0,0.0,0.0,0.0,0.0
43293,2023.0,10.0,28.0,15.0,18.313232,18.373993,19.088816,19.402273,17.825531,17.611694,18.141552,18.05302,18.1014,18.312927,16.663754,16.592438,18.667223,18.569086,17.677309,17.597416,15.408162,15.376093,4.0,0.0,0.0,0.0,0.0,0.0,0.0,0.0
43294,2023.0,10.0,28.0,15.0,18.037052,17.987293,20.180744,21.519281,17.691792,17.463314,17.830587,17.624187,17.993156,18.444866,16.616302,16.546087,18.604477,18.508146,17.593473,17.51531,15.393939,15.362557,0.0,0.0,0.0,4.0,0.0,0.0,0.0,0.0
43295,2023.0,10.0,28.0,15.0,18.602436,19.160412,18.87603,18.901821,17.695015,17.58205,18.323473,18.686136,20.271872,22.428873,16.565855,16.500174,18.538364,18.445745,17.506474,17.43259,16.359678,17.20076,0.0,0.0,4.0,0.0,0.0,0.0,0.0,4.0
43296,2023.0,10.0,28.0,16.0,18.18251,18.23507,18.244675,18.171125,17.66216,17.573467,18.502779,18.910177,18.917847,19.514328,16.51577,16.453426,19.26148,19.876066,17.424982,17.354042,20.31005,23.802092,0.0,0.0,4.0,4.0,0.0,4.0,0.0,0.0
43297,2023.0,10.0,28.0,16.0,18.560017,19.128286,18.496912,18.79289,17.595778,17.508532,18.495377,18.895964,20.230583,22.137136,16.465076,16.40396,18.669956,18.543568,17.349169,17.280006,17.533169,17.837505,4.0,0.0,4.0,4.0,0.0,0.0,0.0,0.0
43298,2023.0,10.0,28.0,16.0,18.729528,19.302605,20.224398,21.827497,18.231543,18.75655,17.904825,17.80161,20.016047,21.569153,16.414057,16.352467,18.30407,18.078093,17.278637,17.210884,16.230333,16.15083,0.0,4.0,0.0,4.0,0.0,0.0,0.0,0.0
43299,2023.0,10.0,28.0,16.0,18.737268,19.295467,19.280678,19.79494,17.896078,17.948072,18.209896,18.572886,20.070164,21.596886,16.367887,16.307913,18.191343,17.955763,17.213413,17.146828,16.016012,15.966734,4.0,0.0,4.0,0.0,0.0,0.0,0.0,0.0
43300,2023.0,10.0,28.0,16.0,18.755203,19.313671,20.178509,21.577965,17.445404,17.248627,18.363564,18.749481,18.500372,18.497112,16.323355,16.263803,18.237799,18.128162,17.152523,17.087324,16.871307,17.681694,4.0,0.0,4.0,0.0,0.0,0.0,0.0,4.0
43301,2023.0,10.0,28.0,16.0,18.763153,19.31259,20.019487,21.155407,17.940586,18.282787,17.774471,17.64655,18.35114,18.743614,16.28042,16.221373,18.23475,18.145695,18.183414,19.087893,20.366507,23.587927,4.0,4.0,0.0,4.0,0.0,0.0,4.0,0.0
43302,2023.0,10.0,28.0,17.0,18.134415,18.131166,20.039534,21.123676,18.164085,18.549004,18.095839,18.44138,20.263521,22.125238,16.655426,16.963665,18.188694,18.098269,18.425982,19.181335,17.677397,17.900621,4.0,4.0,4.0,0.0,4.0,0.0,4.0,0.0
43303,2023.0,10.0,28.0,17.0,18.508156,19.03343,20.03666,21.065819,18.190311,18.564299,18.261974,18.62902,18.469362,18.472124,20.423443,23.263208,18.138783,18.044947,17.508736,17.411259,16.454676,16.349142,4.0,4.0,4.0,0.0,0.0,0.0,0.0,0.0
43304,2023.0,10.0,28.0,17.0,18.056307,18.055037,20.0359,21.02194,17.620197,17.482271,18.264755,18.620604,17.555191,17.324148,18.232147,18.651968,18.090927,17.993576,17.09509,16.911324,16.230898,16.168215,4.0,0.0,4.0,0.0,0.0,0.0,0.0,0.0
43305,2023.0,10.0,28.0,17.0,17.704391,17.586811,20.05362,21.038435,17.962395,18.302073,17.655157,17.475012,17.399328,17.283257,17.010784,16.958126,18.043932,17.942097,16.955517,16.757318,16.09536,16.034582,0.0,4.0,0.0,0.0,0.0,0.0,0.0,0.0
43306,2023.0,10.0,28.0,17.0,18.291185,18.779158,18.885218,18.77107,17.532288,17.377295,17.9915,18.298042,17.279295,17.181767,16.769016,16.693665,18.000996,17.896568,16.861874,16.661612,15.978384,15.920565,0.0,0.0,4.0,0.0,0.0,0.0,0.0,0.0
43307,2023.0,10.0,28.0,17.0,18.44749,18.962212,18.303423,17.923248,17.87745,18.127274,18.112432,18.450375,17.903461,18.459211,16.662682,16.579336,18.705832,19.257801,18.00466,18.893545,15.892756,15.833298,0.0,4.0,4.0,4.0,0.0,4.0,4.0,0.0
43308,2023.0,10.0,28.0,18.0,17.84461,17.799753,18.640404,18.777178,17.443663,17.266508,17.535303,17.356873,20.280153,22.54336,16.574106,16.48934,18.044273,17.847607,17.192291,17.08953,15.816104,15.757139,4.0,0.0,0.0,0.0,0.0,0.0,0.0,0.0
43309,2023.0,10.0,28.0,18.0,21.306767,24.05289,20.173885,21.538918,21.260725,24.13716,21.30998,24.160366,18.220287,18.223852,16.86202,17.10644,21.360428,23.701109,21.510672,24.668056,15.737019,15.678182,0.0,0.0,4.0,0.0,4.0,4.0,0.0,0.0
43310,2023.0,10.0,28.0,18.0,21.094767,23.261839,19.342276,19.763315,21.080647,23.337566,21.090273,23.331642,17.219296,16.959112,20.423594,23.101744,21.073118,22.951162,21.085756,23.547785,16.642355,17.447302,4.0,0.0,0.0,0.0,0.0,4.0,4.0,4.0
43311,2023.0,10.0,28.0,18.0,21.16153,23.172108,20.18497,21.451178,21.160872,23.241358,21.157928,23.17768,17.125435,17.008123,18.562654,19.150684,21.128807,22.83869,21.1841,23.452597,20.381432,23.716352,0.0,0.0,4.0,0.0,4.0,4.0,4.0,0.0
43312,2023.0,10.0,28.0,18.0,21.03934,22.743143,19.141125,19.287857,21.035025,22.797585,21.076408,22.853823,17.054737,16.955278,20.283737,22.574469,21.03731,22.49606,21.04384,22.97324,17.525526,17.641289,4.0,4.0,0.0,0.0,0.0,4.0,4.0,0.0
43313,2023.0,10.0,28.0,18.0,21.188932,22.932571,20.170597,21.416605,21.205105,23.023312,21.177269,22.908686,16.95284,16.856665,18.222824,18.25886,21.14723,22.601341,21.18791,23.147366,16.286116,16.106989,4.0,4.0,4.0,0.0,0.0,4.0,0.0,0.0
43314,2023.0,10.0,28.0,19.0,21.06603,22.625134,20.013119,21.002403,21.047253,22.596659,21.04672,22.558004,16.862635,16.767815,17.095182,16.792776,21.031403,22.282267,21.067177,22.792473,16.149939,16.071619,4.0,4.0,4.0,0.0,0.0,4.0,0.0,0.0
43315,2023.0,10.0,28.0,19.0,21.062212,22.550999,20.056433,21.038416,21.072699,22.584814,21.07326,22.564484,16.788944,16.699045,16.993172,16.853937,21.03244,22.217766,21.07057,22.708708,17.101418,17.96313,0.0,0.0,0.0,0.0,0.0,4.0,0.0,4.0
43316,2023.0,10.0,28.0,19.0,21.035044,22.425488,18.858072,18.69582,21.041552,22.436232,21.066824,22.495749,16.721525,16.630732,16.924314,16.812126,21.060852,22.241316,21.06911,22.636923,20.340694,23.34923,0.0,4.0,0.0,0.0,0.0,0.0,0.0,4.0
43317,2023.0,10.0,28.0,19.0,21.066385,22.472284,18.342094,18.171782,21.070799,22.464787,21.064941,22.445196,16.659748,16.567408,16.807724,16.697227,21.023232,22.099422,21.055483,22.578163,20.031324,22.39884,0.0,0.0,0.0,0.0,0.0,4.0,0.0,0.0
43318,2023.0,10.0,28.0,19.0,21.059464,22.424906,18.198854,18.04297,21.064081,22.406918,21.05156,22.40623,17.334179,17.882353,16.710293,16.60746,21.029844,22.079908,21.05743,22.552546,17.770128,17.776812,0.0,0.0,0.0,4.0,0.0,4.0,0.0,0.0
43319,2023.0,10.0,28.0,19.0,21.032816,22.321892,18.057262,17.901556,21.038834,22.299326,21.052845,22.394663,20.329779,22.931717,16.620657,16.520245,21.058485,22.129622,21.056574,22.525248,16.718203,16.488625,0.0,4.0,0.0,0.0,0.0,0.0,0.0,0.0
43320,2023.0,10.0,28.0,20.0,21.037458,22.310919,17.93542,17.77955,21.043058,22.282436,21.027311,22.311134,18.051575,18.081089,16.541977,16.443981,21.023136,22.010311,21.055965,22.501009,16.437254,16.20543,0.0,4.0,4.0,0.0,0.0,4.0,0.0,0.0
43321,2023.0,10.0,28.0,20.0,21.035625,22.291937,18.305176,18.566236,21.067076,22.329575,21.031837,22.3143,17.007065,16.768406,16.472382,16.376373,21.027636,22.001501,21.05489,22.478056,16.395407,16.301546,4.0,0.0,4.0,0.0,0.0,4.0,0.0,0.0
43322,2023.0,10.0,28.0,20.0,21.035799,22.278711,20.235668,21.907562,21.03603,22.224213,21.069685,22.377096,16.934233,16.826035,16.411203,16.314665,21.056707,22.062813,21.054682,22.45873,17.33376,18.162256,0.0,4.0,0.0,0.0,0.0,0.0,0.0,4.0
43323,2023.0,10.0,28.0,20.0,21.061872,22.338188,19.237505,19.71356,21.066233,22.287477,21.037031,22.26189,16.882597,16.790466,16.359058,16.264486,21.05099,22.028643,21.015186,22.335556,20.326225,23.15975,4.0,0.0,4.0,0.0,0.0,0.0,4.0,0.0
43324,2023.0,10.0,28.0,20.0,21.220411,22.617203,20.191288,21.589048,21.1777,22.49009,21.210564,22.587889,17.617973,18.255075,16.313816,16.219854,21.135332,22.176676,21.201479,22.706589,18.475388,19.113886,4.0,0.0,4.0,4.0,0.0,0.0,0.0,4.0
43325,2023.0,10.0,28.0,20.0,21.060644,22.299545,20.019217,21.11831,21.059244,22.230402,21.06549,22.295242,20.31298,22.730354,16.275126,16.182377,21.049976,21.985682,21.061604,22.39402,20.305864,22.728222,4.0,0.0,0.0,4.0,0.0,0.0,0.0,4.0
43326,2023.0,10.0,28.0,21.0,21.02564,22.19462,20.039352,21.072163,21.045177,22.212202,21.03327,22.192171,20.026846,21.876371,16.241627,16.149815,21.006834,21.889885,21.061535,22.368439,20.002237,21.912502,4.0,0.0,4.0,0.0,0.0,4.0,0.0,4.0
43327,2023.0,10.0,28.0,21.0,21.059858,22.271866,20.054146,21.055866,21.047003,22.217777,21.065136,22.261345,18.203382,18.142881,16.215073,16.126583,21.025673,21.915493,21.050392,22.345585,20.082396,21.935555,0.0,0.0,0.0,0.0,0.0,4.0,0.0,0.0
43328,2023.0,10.0,28.0,21.0,21.053165,22.243233,19.186705,19.32305,21.046349,22.214869,21.058575,22.231049,18.052082,18.437962,16.191936,16.106344,21.05347,21.981401,21.012106,22.237337,18.155277,18.100721,4.0,0.0,0.0,4.0,0.0,0.0,4.0,0.0
43329,2023.0,10.0,28.0,21.0,21.23471,22.572325,20.156092,21.320374,21.046076,22.210354,21.058752,22.215559,20.343056,22.327106,16.170048,16.086437,21.19391,22.227901,21.06949,22.360855,17.214233,16.96817,4.0,0.0,0.0,0.0,0.0,4.0,0.0,0.0
43330,2023.0,10.0,28.0,21.0,21.030233,22.150787,20.018997,20.964752,21.045565,22.203964,21.020098,22.131601,18.372637,18.329998,16.150295,16.06888,21.022541,21.87404,21.019619,22.212852,16.920948,16.679863,4.0,0.0,4.0,0.0,0.0,4.0,4.0,0.0
43331,2023.0,10.0,28.0,21.0,21.05763,22.222067,20.035225,20.946863,21.044088,22.194935,21.05336,22.229805,17.438658,17.17239,16.13317,16.053572,21.052845,21.948633,21.068163,22.326086,16.865677,16.772326,4.0,0.0,0.0,0.0,0.0,0.0,0.0,0.0
43332,2023.0,10.0,28.0,22.0,21.050856,22.197817,20.033482,20.909464,21.044788,22.189236,21.032679,22.145832,18.16741,18.77806,16.119764,16.042826,21.016054,21.84264,21.057148,22.285267,16.76632,16.684877,4.0,0.0,4.0,4.0,0.0,4.0,0.0,0.0
43333,2023.0,10.0,28.0,22.0,21.051596,22.187174,20.05144,20.93475,21.019314,22.111506,21.037514,22.143377,20.237919,22.19527,16.105442,16.028193,21.052015,21.927568,21.05835,22.268885,17.473078,18.132893,0.0,4.0,4.0,4.0,0.0,0.0,0.0,4.0
43334,2023.0,10.0,28.0,22.0,21.039171,22.173876,19.26834,19.388287,21.049593,22.190273,21.062122,22.202108,20.042288,21.612823,16.091227,16.013603,21.016075,21.823687,21.0183,22.144785,20.320728,22.93574,4.0,0.0,0.0,0.0,0.0,4.0,4.0,4.0
43335,2023.0,10.0,28.0,22.0,21.219143,22.537851,20.160631,21.254543,21.185587,22.428007,21.220966,22.483858,18.395239,18.295143,16.075916,15.997295,21.14114,22.087856,21.213324,22.556507,20.012753,22.01514,0.0,0.0,4.0,0.0,0.0,0.0,0.0,4.0
43336,2023.0,10.0,28.0,22.0,21.039717,22.174944,19.249834,19.377354,21.054632,22.135494,21.061445,22.168293,18.1886,18.454252,16.355099,16.531557,21.045485,21.881247,21.056057,22.224121,20.079973,21.963741,4.0,0.0,0.0,4.0,4.0,0.0,0.0,0.0
43337,2023.0,10.0,28.0,22.0,21.218878,22.533325,20.186272,21.301847,21.216055,22.463852,21.186592,22.404284,21.122803,23.46811,20.399317,23.236065,21.141348,22.061644,21.212063,22.52273,18.823027,19.345966,0.0,0.0,0.0,0.0,0.0,0.0,0.0,4.0
43338,2023.0,10.0,28.0,23.0,21.01196,22.091488,19.270391,19.404766,21.042593,22.111908,21.055405,22.121958,19.038933,19.055565,18.455555,19.09285,21.034033,21.857351,21.04522,22.193617,20.269583,22.240643,4.0,0.0,0.0,0.0,4.0,0.0,0.0,0.0
43339,2023.0,10.0,28.0,23.0,20.018953,20.219112,18.390833,18.063951,19.976536,20.064014,19.974756,20.057611,18.020964,17.921032,17.4114,17.647488,20.114164,20.096338,19.822115,19.845407,18.97137,19.509706,0.0,0.0,0.0,0.0,4.0,0.0,0.0,4.0
43340,2023.0,10.0,28.0,23.0,19.31179,19.09044,18.092909,17.67827,19.43695,19.29033,19.440615,19.307472,17.832628,17.725666,17.005617,16.96042,20.504568,21.049406,19.31778,19.188566,17.911346,17.726376,0.0,0.0,0.0,0.0,0.0,4.0,0.0,0.0
43341,2023.0,10.0,28.0,23.0,19.716423,20.06244,18.14651,17.935173,19.209366,19.048544,19.20918,19.065182,17.689373,17.586935,16.81377,16.72879,19.637678,19.35547,20.097275,20.872879,17.476713,17.209322,0.0,0.0,0.0,0.0,0.0,0.0,4.0,0.0
43342,2023.0,10.0,28.0,23.0,19.16532,19.0411,18.132072,17.98195,19.0422,18.881805,19.034477,18.891161,17.564865,17.46683,16.706612,16.619005,19.261654,18.88153,19.107931,18.896208,17.23445,16.967377,0.0,0.0,0.0,0.0,0.0,0.0,0.0,0.0
43343,2023.0,10.0,28.0,23.0,18.834728,18.594795,18.061794,17.919355,18.900322,18.73915,18.884836,18.740833,17.45319,17.357277,16.94784,17.14776,19.859133,20.167856,18.661661,18.335587,17.19715,17.083382,0.0,0.0,0.0,0.0,4.0,4.0,0.0,0.0
43344,2023.0,10.0,29.0,0.0,18.679655,18.44042,17.990997,17.851294,18.780775,18.623035,18.758354,18.617933,17.984287,18.449844,16.694597,16.629728,19.22703,18.913822,18.46492,18.14656,17.102333,17.011988,0.0,0.0,0.0,4.0,0.0,0.0,0.0,0.0
43345,2023.0,10.0,29.0,0.0,18.778917,18.767519,17.923447,17.78385,18.672756,18.515965,18.64412,18.504576,18.140394,18.63744,16.547295,16.461872,19.724024,20.044312,18.301813,17.989403,16.989471,16.904297,0.0,0.0,0.0,4.0,0.0,4.0,0.0,0.0
43346,2023.0,10.0,29.0,0.0,18.75224,18.773035,17.86163,17.722727,18.576847,18.422314,18.542765,18.40543,17.365372,17.136637,16.477385,16.389164,19.093681,18.781687,18.338547,18.20759,16.88696,16.806288,0.0,0.0,0.0,0.0,0.0,0.0,0.0,0.0
43347,2023.0,10.0,29.0,0.0,18.680513,18.698908,17.798544,17.654535,18.4824,18.322441,18.442896,18.299644,17.065952,16.772285,16.410082,16.31618,18.821726,18.445606,18.281094,18.171099,16.788084,16.705318,0.0,0.0,0.0,0.0,0.0,0.0,0.0,0.0
43348,2023.0,10.0,29.0,0.0,18.615751,18.635593,17.74536,17.602093,18.403421,18.245695,18.359444,18.218357,16.943535,16.654732,16.354624,16.260075,18.70379,18.33325,18.195822,18.08982,16.703905,16.624418,0.0,0.0,0.0,0.0,0.0,0.0,0.0,0.0
43349,2023.0,10.0,29.0,0.0,18.555578,18.578255,17.697739,17.557198,18.333292,18.179985,18.285433,18.1488,17.021837,16.918047,16.305054,16.211115,18.830843,18.694971,18.111633,18.003325,16.626106,16.546253,0.0,0.0,0.0,0.0,0.0,0.0,0.0,0.0
43350,2023.0,10.0,29.0,1.0,18.496508,18.519213,17.649359,17.50751,18.264305,18.110664,18.212671,18.075457,16.986614,16.888971,16.25689,16.16096,18.796507,18.663153,18.032774,17.923126,16.553404,16.471977,0.0,0.0,0.0,0.0,0.0,0.0,0.0,0.0
43351,2023.0,10.0,29.0,1.0,18.44144,18.464226,17.604824,17.462606,18.2016,18.048763,18.14656,18.010069,16.928501,16.829521,16.212458,16.11503,18.7371,18.602087,17.960083,17.849321,16.487299,16.404772,0.0,0.0,0.0,0.0,0.0,0.0,0.0,0.0
43352,2023.0,10.0,29.0,1.0,18.392637,18.418257,17.566004,17.426664,18.147024,17.9987,18.088985,17.957174,17.470354,17.897326,16.17309,16.076567,18.682152,18.548021,17.894909,17.78553,16.428795,16.34756,0.0,0.0,0.0,4.0,0.0,0.0,0.0,0.0
43353,2023.0,10.0,29.0,1.0,18.343935,18.369093,17.525883,17.385809,18.092129,17.944033,18.03104,17.899412,17.030754,16.952763,16.13362,16.035454,18.62715,18.49134,17.831692,17.72102,16.37237,16.289846,0.0,0.0,0.0,0.0,0.0,0.0,0.0,0.0
43354,2023.0,10.0,29.0,1.0,18.298986,18.324257,17.488476,17.348368,18.041533,17.894533,17.977602,17.847101,16.728006,16.477846,16.097006,15.997941,18.575953,18.439402,18.774054,19.547195,16.32091,16.238022,0.0,0.0,0.0,0.0,0.0,0.0,4.0,0.0
43355,2023.0,10.0,29.0,1.0,18.255545,18.280075,17.45201,17.311079,17.993097,17.846062,17.92624,17.795774,16.594822,16.321545,16.349722,16.4984,18.526579,18.38848,17.91604,17.707632,16.27221,16.18815,0.0,0.0,0.0,0.0,4.0,0.0,0.0,0.0
43356,2023.0,10.0,29.0,2.0,18.212168,18.234215,17.415499,17.272072,17.945538,17.796343,17.875593,17.742987,16.677944,16.571003,16.132904,16.022173,18.477894,18.336523,17.608053,17.31009,16.225029,16.138193,0.0,0.0,0.0,0.0,0.0,0.0,0.0,0.0
43357,2023.0,10.0,29.0,2.0,18.169167,18.18745,17.378307,17.23007,17.898235,17.744993,17.825558,17.688765,16.658945,16.550756,16.04569,15.937284,18.430368,18.28473,17.49915,17.198853,16.180061,16.089901,0.0,0.0,0.0,0.0,0.0,0.0,0.0,0.0
43358,2023.0,10.0,29.0,2.0,18.130032,18.146988,17.34566,17.196342,17.856277,17.702902,17.781443,17.644524,16.618626,16.508873,16.330124,16.503246,18.386812,18.239246,17.598246,17.485994,16.13926,16.04772,0.0,0.0,0.0,0.0,4.0,0.0,0.0,0.0
43359,2023.0,10.0,29.0,2.0,18.092089,18.10755,17.313194,17.162058,17.815182,17.661028,17.738426,17.600657,16.579248,16.467813,16.07793,15.959589,18.344816,18.195196,17.565447,17.443253,16.100512,16.007517,0.0,0.0,0.0,0.0,0.0,0.0,0.0,0.0
43360,2023.0,10.0,29.0,2.0,18.052778,18.064138,17.278423,17.122149,17.772158,17.613821,17.693544,17.551346,16.538784,16.423595,15.989558,15.872745,18.302147,18.148357,17.517761,17.39192,16.061882,15.965691,0.0,0.0,0.0,0.0,0.0,0.0,0.0,0.0
43361,2023.0,10.0,29.0,2.0,18.01616,18.025015,17.246445,17.087324,17.732674,17.572392,17.652342,17.508106,16.501131,16.383623,15.950547,15.831291,18.262178,18.105661,17.472792,17.344742,16.026043,15.927827,0.0,0.0,0.0,0.0,0.0,0.0,0.0,0.0
43362,2023.0,10.0,29.0,3.0,17.980326,17.986528,17.214825,17.05285,17.694254,17.53191,17.612204,17.46586,16.464767,16.344936,15.912976,15.791174,18.223362,18.064114,17.42889,17.298653,15.991658,15.891404,0.0,0.0,0.0,0.0,0.0,0.0,0.0,0.0
43363,2023.0,10.0,29.0,3.0,17.945978,17.950207,17.184319,17.02024,17.65751,17.493767,17.573767,17.425983,16.430195,16.308659,15.878878,15.755085,18.186382,18.025253,17.387085,17.255339,15.959026,15.857236,0.0,0.0,0.0,0.0,0.0,0.0,0.0,0.0
43364,2023.0,10.0,29.0,3.0,17.912544,17.914696,17.154413,16.988173,17.621881,17.456621,17.53649,17.387163,16.39689,16.273634,15.846626,15.7208395,18.150515,17.987494,17.346825,17.213558,15.927679,15.824339,0.0,0.0,0.0,0.0,0.0,0.0,0.0,0.0
43365,2023.0,10.0,29.0,3.0,17.879652,17.87965,17.124779,16.956337,17.586943,17.42009,17.49995,17.349012,16.364418,16.239424,15.8156395,15.687839,18.115362,17.950432,17.30767,17.172867,15.8972025,15.792294,0.0,0.0,0.0,0.0,0.0,0.0,0.0,0.0
43366,2023.0,10.0,29.0,3.0,17.865652,17.88181,17.097458,16.92878,17.55458,17.387987,17.466131,17.315514,16.333794,16.208174,16.0956,16.237116,18.081976,17.916279,17.27054,17.135233,15.868362,15.762755,0.0,0.0,0.0,0.0,4.0,0.0,0.0,0.0
43367,2023.0,10.0,29.0,3.0,17.837265,17.850363,17.06837,16.897348,17.520723,17.352386,17.430834,17.27843,16.302538,16.175135,15.863276,15.726029,18.047873,17.88023,17.233078,17.096188,15.839161,15.731941,0.0,0.0,0.0,0.0,0.0,0.0,0.0,0.0
43368,2023.0,10.0,29.0,4.0,17.806437,17.815775,17.037745,16.862164,17.485498,17.313396,17.39427,17.237936,16.270731,16.140415,15.780976,15.646096,18.013067,17.842314,17.195337,17.055819,15.809646,15.699926,0.0,0.0,0.0,0.0,0.0,0.0,0.0,0.0
43369,2023.0,10.0,29.0,4.0,17.777754,17.785318,17.010305,16.833105,17.453627,17.280481,17.361166,17.20371,16.241285,16.109867,15.74736,15.611316,17.980717,17.808876,17.160067,17.019667,15.782131,15.671369,0.0,0.0,0.0,0.0,0.0,0.0,0.0,0.0
43370,2023.0,10.0,29.0,4.0,17.75069,17.758118,16.985632,16.809624,17.42479,17.253275,17.3312,17.175425,16.214048,16.083284,15.716681,15.581796,17.950647,17.779562,17.12712,16.987577,16.484192,17.015715,0.0,0.0,0.0,0.0,0.0,0.0,0.0,4.0
43371,2023.0,10.0,29.0,4.0,17.721771,17.727064,16.958242,16.780481,17.393564,17.220701,17.298887,17.141644,16.185375,16.05331,15.685583,15.549039,17.919012,17.746635,17.09287,16.952225,15.991592,15.918591,0.0,0.0,0.0,0.0,0.0,0.0,0.0,0.0
43372,2023.0,10.0,29.0,4.0,17.692064,17.694231,16.929756,16.749031,17.361502,17.18603,17.265951,17.105862,16.156218,16.022,15.654611,15.515452,17.886806,17.712233,17.058243,16.91562,15.679418,15.411449,0.0,0.0,0.0,0.0,0.0,0.0,0.0,0.0
43373,2023.0,10.0,29.0,4.0,18.38514,19.017097,16.904297,16.723522,17.332737,17.157621,17.236403,17.07658,16.129608,15.995443,15.6272135,15.48808,17.857264,17.682846,17.026339,16.88404,15.586099,15.31697,0.0,0.0,0.0,0.0,0.0,0.0,0.0,0.0
43374,2023.0,10.0,29.0,5.0,17.916006,17.98731,16.87717,16.694572,17.302412,17.125822,17.205078,17.043734,16.684069,17.059708,15.598911,15.458227,17.82666,17.650951,16.993376,16.849972,15.674585,15.5592165,0.0,0.0,0.0,4.0,0.0,0.0,0.0,0.0
43375,2023.0,10.0,29.0,5.0,17.483953,17.228195,16.85115,16.667679,17.273205,17.096035,17.17473,17.012806,16.284529,16.170143,15.872553,15.992881,17.797312,17.62113,16.961433,16.817627,15.669275,15.553779,0.0,0.0,0.0,0.0,4.0,0.0,0.0,0.0
43376,2023.0,10.0,29.0,5.0,17.354681,17.07597,16.826513,16.642939,17.2453,17.068375,17.145771,16.984083,16.157019,16.020756,15.987937,16.130735,18.532434,19.036703,16.930702,16.787191,16.369911,16.89563,0.0,0.0,0.0,0.0,4.0,4.0,0.0,4.0
43377,2023.0,10.0,29.0,5.0,17.502062,17.443996,16.801922,16.617474,17.217218,17.039822,17.11687,16.954569,16.115019,15.978445,15.734798,15.629288,18.002934,17.885561,16.899794,16.75601,15.87828,15.8012905,0.0,0.0,0.0,0.0,0.0,0.0,0.0,0.0
43378,2023.0,10.0,29.0,5.0,17.540667,17.532125,16.77768,16.592218,17.189497,17.011469,17.08855,16.925413,16.668188,17.051603,15.919497,16.040619,17.625553,17.235485,16.86917,16.725065,15.569967,15.301885,0.0,0.0,0.0,4.0,4.0,0.0,0.0,0.0
43379,2023.0,10.0,29.0,5.0,18.247843,18.875305,16.75504,16.569418,17.162634,16.984678,17.061127,16.89791,16.074623,15.782786,15.696119,15.564539,17.501133,17.092775,16.839447,16.695635,15.467343,15.190734,0.0,0.0,0.0,0.0,0.0,0.0,0.0,0.0
43380,2023.0,10.0,29.0,6.0,17.560959,17.406307,16.731966,16.546206,17.135471,16.95736,17.033401,16.869884,15.862825,15.530403,15.589951,15.444777,17.646177,17.457315,16.809717,16.665937,15.556965,15.4361925,0.0,0.0,0.0,0.0,0.0,0.0,0.0,0.0
43381,2023.0,10.0,29.0,6.0,21.363882,24.010164,16.708792,16.523165,21.292498,24.299747,21.23792,24.309565,15.976771,15.831903,15.840533,15.945878,21.432089,23.98564,21.50191,24.689442,16.309046,16.85914,0.0,4.0,0.0,0.0,4.0,4.0,0.0,4.0
43382,2023.0,10.0,29.0,6.0,21.085903,23.250181,16.683931,16.498386,21.087128,23.44819,21.076254,23.482855,16.00025,15.861978,20.453842,23.621702,21.071781,23.061943,21.089014,23.60318,20.915121,24.610495,0.0,0.0,4.0,0.0,0.0,0.0,0.0,0.0
43383,2023.0,10.0,29.0,6.0,21.063656,22.981329,16.6637,16.475792,21.064243,23.047792,21.077394,23.194479,15.967665,15.829455,18.179813,18.82889,21.075666,22.809614,21.077053,23.275667,18.320496,18.876783,0.0,4.0,0.0,0.0,4.0,0.0,0.0,4.0
43384,2023.0,10.0,29.0,6.0,21.031256,22.747334,16.644167,16.454573,21.081434,22.882673,21.080643,22.959127,16.535393,16.92178,20.289707,23.007378,21.068573,22.610252,21.065443,23.043549,21.591377,25.036243,0.0,0.0,0.0,4.0,0.0,0.0,0.0,4.0
43385,2023.0,10.0,29.0,6.0,21.061436,22.726347,17.04665,17.222246,21.075014,22.712292,21.077236,22.782692,20.37732,23.46106,18.137888,18.438196,21.051775,22.472464,21.06455,22.891632,19.85184,21.5932,4.0,0.0,0.0,0.0,0.0,0.0,0.0,0.0
43386,2023.0,10.0,29.0,7.0,21.174187,22.822226,20.318768,22.808569,21.160126,22.766556,21.16241,22.86404,17.938452,18.189388,16.88085,16.741056,21.164831,22.601625,21.186573,23.025297,18.528187,18.941023,4.0,0.0,0.0,0.0,0.0,4.0,0.0,4.0
43387,2023.0,10.0,29.0,7.0,21.046047,22.48638,20.012976,21.864061,21.054945,22.500654,21.059303,22.586096,17.475246,17.984426,16.579811,16.406963,21.04091,22.26812,21.061258,22.688929,20.314026,22.458977,0.0,0.0,0.0,4.0,0.0,4.0,0.0,0.0
43388,2023.0,10.0,29.0,7.0,21.045176,22.429434,18.122015,17.969435,21.03156,22.390675,21.033506,22.46314,20.33008,22.857643,16.412167,16.244333,21.06773,22.281046,21.022057,22.522076,18.06159,17.903315,0.0,4.0,4.0,4.0,0.0,0.0,4.0,0.0
43389,2023.0,10.0,29.0,7.0,21.04389,22.382889,17.498499,17.358099,21.035297,22.368063,21.03771,22.43641,20.042963,21.99983,16.275963,16.110262,21.061764,22.215055,21.0818,22.600727,17.944324,18.414934,4.0,4.0,4.0,0.0,0.0,0.0,0.0,4.0
43390,2023.0,10.0,29.0,7.0,21.19834,22.655916,20.253105,22.308208,21.188889,22.61681,21.184338,22.668146,17.955086,17.766457,16.158024,15.99545,21.130716,22.309492,21.230768,22.815012,20.308731,22.533297,0.0,4.0,4.0,0.0,0.0,0.0,4.0,0.0
43391,2023.0,10.0,29.0,7.0,21.06908,22.382788,18.284222,18.148191,21.073433,22.357225,21.05066,22.351517,16.925606,16.504517,16.052896,15.889427,21.016151,22.056131,21.038937,22.388386,18.017063,17.849842,0.0,0.0,4.0,0.0,0.0,4.0,4.0,0.0
43392,2023.0,10.0,29.0,8.0,21.037096,22.269287,17.447237,17.216314,21.042881,22.236212,21.075893,22.385962,17.667841,18.188978,16.328367,16.48369,21.038046,22.07093,21.077631,22.46595,17.884195,18.336084,0.0,4.0,0.0,4.0,4.0,4.0,0.0,4.0
43393,2023.0,10.0,29.0,8.0,20.01753,20.295284,17.317688,17.099556,19.905855,20.029646,19.845951,19.962149,21.422628,24.400002,20.370586,23.18956,20.132368,20.309517,20.093664,20.499998,21.607979,24.631237,0.0,4.0,4.0,0.0,4.0,4.0,4.0,0.0
43394,2023.0,10.0,29.0,8.0,19.566309,19.808601,17.202469,16.982992,19.334389,19.354492,19.256386,19.29156,18.790913,18.798376,20.019499,22.25886,19.778603,19.932133,18.801302,18.420149,18.860296,18.845602,0.0,4.0,4.0,0.0,4.0,4.0,0.0,0.0
43395,2023.0,10.0,29.0,8.0,19.415901,19.666842,17.10627,16.884445,18.51763,17.992256,19.074629,19.116846,17.934416,18.150665,20.080523,22.076237,18.992413,18.560774,18.210497,17.763317,17.292877,16.915125,0.0,0.0,4.0,4.0,4.0,0.0,0.0,0.0
43396,2023.0,10.0,29.0,8.0,19.298546,19.555351,17.442987,17.58199,18.097054,17.531351,18.329004,17.851616,20.337317,22.304457,20.069357,21.841568,19.29968,19.473665,18.941202,19.392609,17.118336,16.939949,4.0,0.0,0.0,4.0,4.0,4.0,4.0,0.0
43397,2023.0,10.0,29.0,8.0,18.560442,18.26086,20.297722,22.517996,18.486784,18.455587,17.906233,17.365515,20.045609,21.642681,20.083538,21.729807,19.402296,19.59344,18.226141,17.876574,16.98428,16.836794,0.0,4.0,0.0,0.0,0.0,4.0,0.0,0.0
43398,2023.0,10.0,29.0,9.0,18.161623,17.79004,18.902489,19.422783,18.65378,18.719105,17.708534,17.176235,18.21574,18.00383,18.203823,18.00658,19.357143,19.554804,17.741991,17.33799,16.824705,16.68669,4.0,4.0,0.0,0.0,0.0,4.0,0.0,0.0
43399,2023.0,10.0,29.0,9.0,18.026606,17.66665,20.214016,21.933989,18.649494,18.742525,18.469322,18.75898,17.500435,17.055185,17.638138,17.388735,18.67412,18.299555,17.58039,17.185568,16.710915,16.580334,0.0,4.0,4.0,0.0,0.0,0.0,0.0,0.0
43400,2023.0,10.0,29.0,9.0,17.909622,17.572603,18.44501,18.309387,17.999853,17.572468,18.55975,18.7271,17.416714,17.21043,17.447174,17.251131,18.292465,17.851204,17.44719,17.073324,16.597176,16.477285,0.0,0.0,4.0,0.0,0.0,0.0,0.0,0.0
43401,2023.0,10.0,29.0,9.0,18.054785,17.966782,17.651917,17.143017,18.345785,18.40419,17.845968,17.42802,17.328266,17.165686,17.27097,17.0837,18.160929,17.723425,17.550205,17.390497,16.512915,16.398382,0.0,4.0,0.0,0.0,0.0,0.0,0.0,0.0
43402,2023.0,10.0,29.0,9.0,18.832466,19.47909,18.076368,18.184427,18.48872,18.647663,18.213154,18.301113,17.203892,17.05598,17.119944,16.948044,18.859926,19.143173,17.533396,17.398434,16.43775,16.328014,4.0,4.0,4.0,0.0,0.0,4.0,0.0,0.0
43403,2023.0,10.0,29.0,9.0,18.143238,18.028358,20.206835,21.989485,18.504429,18.686724,17.730034,17.372477,17.84424,18.368547,16.991299,16.830175,18.29987,17.967201,17.483099,17.355797,16.374607,16.271267,4.0,4.0,0.0,4.0,0.0,0.0,0.0,0.0
43404,2023.0,10.0,29.0,10.0,17.729383,17.490047,20.041159,21.443428,17.881348,17.538998,17.428648,17.014956,20.283493,22.522474,16.85904,16.709473,18.001257,17.62359,17.427382,17.306868,16.31042,16.213598,0.0,0.0,0.0,0.0,0.0,0.0,0.0,0.0
43405,2023.0,10.0,29.0,10.0,17.626057,17.392128,18.856846,19.01029,17.554852,17.144844,17.323936,16.926317,18.201912,18.169714,16.750181,16.613377,17.923141,17.5568,17.376068,17.261488,16.253935,16.16267,4.0,0.0,0.0,0.0,0.0,0.0,0.0,0.0
43406,2023.0,10.0,29.0,10.0,18.536785,19.18807,20.217493,21.634851,18.070122,18.207407,17.436949,17.236692,17.43699,17.09292,17.083044,17.310564,18.067295,17.903608,17.336933,17.227411,16.213207,16.126486,0.0,4.0,0.0,0.0,4.0,0.0,0.0,0.0
43407,2023.0,10.0,29.0,10.0,18.047215,17.992342,19.01608,19.167288,17.703411,17.408926,17.477657,17.332396,17.350105,17.188108,20.416992,22.877504,18.114288,17.981691,17.297651,17.194113,16.172588,16.09149,4.0,0.0,0.0,0.0,0.0,0.0,0.0,0.0
43408,2023.0,10.0,29.0,10.0,17.656654,17.482676,20.214312,21.669914,17.429531,17.073477,17.448145,17.318047,17.265238,17.136837,18.685482,19.256676,18.09858,17.974285,17.262194,17.164167,16.137142,16.06131,0.0,0.0,0.0,0.0,4.0,0.0,0.0,0.0
43409,2023.0,10.0,29.0,10.0,17.552473,17.37884,19.038677,19.218693,17.34038,16.997004,17.40913,17.287903,17.153131,17.035559,20.259808,22.394533,18.08015,17.962164,18.23233,19.022533,16.105255,16.032488,4.0,0.0,0.0,0.0,0.0,0.0,4.0,0.0
43410,2023.0,10.0,29.0,11.0,17.681137,17.703094,20.210014,21.659838,18.082134,18.47952,17.371817,17.258331,17.055202,16.944407,18.561857,18.827082,18.063559,17.951508,17.57367,17.431921,16.077694,16.008062,0.0,4.0,0.0,0.0,0.0,0.0,0.0,0.0
43411,2023.0,10.0,29.0,11.0,17.716892,17.7718,18.761253,18.707136,17.862381,17.866077,17.333828,17.225033,16.971262,16.864796,17.941626,18.18064,18.046991,17.937984,17.177637,16.949192,16.051783,15.982742,0.0,0.0,0.0,0.0,4.0,0.0,0.0,0.0
43412,2023.0,10.0,29.0,11.0,17.693493,17.754204,18.289776,18.110493,17.475441,17.201534,18.004803,18.516386,16.909592,16.804981,20.27604,22.28186,18.835226,19.447014,18.130356,18.814178,16.030489,15.961374,0.0,0.0,4.0,0.0,4.0,4.0,4.0,0.0
43413,2023.0,10.0,29.0,11.0,17.657255,17.715267,18.123308,17.986845,17.933462,18.180553,18.290112,18.843586,16.846819,16.745356,20.03338,21.59657,18.226702,18.028915,17.537697,17.386694,16.00915,15.940378,0.0,4.0,4.0,0.0,0.0,0.0,0.0,0.0
43414,2023.0,10.0,29.0,11.0,17.635365,17.704514,17.964743,17.834412,18.183155,18.515442,17.591307,17.461523,16.791006,16.692743,18.458279,18.429585,17.907278,17.632648,18.21315,18.905304,15.990627,15.922576,0.0,4.0,0.0,0.0,0.0,0.0,4.0,0.0
43415,2023.0,10.0,29.0,11.0,17.60881,17.680647,17.852652,17.719862,18.234303,18.578804,17.28748,17.017853,16.747332,16.650509,17.918839,17.749836,18.6299,19.050661,17.497856,17.36645,15.97562,15.908047,0.0,4.0,0.0,0.0,0.0,4.0,0.0,0.0
43416,2023.0,10.0,29.0,12.0,17.582554,17.657206,18.212233,18.482157,17.66279,17.495405,17.818861,18.106543,16.706928,16.61263,17.755802,17.606237,18.102398,17.904673,17.231075,17.007792,15.9606905,15.894113,4.0,0.0,4.0,0.0,0.0,0.0,0.0,0.0
43417,2023.0,10.0,29.0,12.0,21.278973,24.218218,20.245375,22.043808,21.36564,23.9196,21.325418,24.140425,16.668243,16.574827,17.597305,17.450478,21.231226,23.40686,21.468678,24.368608,15.944835,15.878428,0.0,0.0,4.0,0.0,0.0,0.0,4.0,0.0
43418,2023.0,10.0,29.0,12.0,21.009487,23.267797,19.181417,19.708925,20.997293,22.991909,21.007118,23.134933,16.629593,16.537735,17.443253,17.305122,21.00324,22.744776,21.026628,23.270771,15.931217,15.864925,4.0,4.0,4.0,0.0,0.0,4.0,0.0,0.0
43419,2023.0,10.0,29.0,12.0,21.161276,23.312473,20.223162,21.781456,21.166332,23.09497,21.163055,23.218582,16.596659,16.506453,17.308773,17.172865,21.133493,22.78716,21.202139,23.32459,15.92128,15.856067,0.0,4.0,0.0,0.0,0.0,4.0,4.0,0.0
43420,2023.0,10.0,29.0,12.0,21.055231,22.926722,18.727356,18.720337,21.047264,22.69802,21.070116,22.85957,16.56963,16.48169,17.197798,17.069548,21.061743,22.504545,21.075129,22.90897,15.913401,15.849461,0.0,4.0,0.0,0.0,0.0,0.0,0.0,0.0
43421,2023.0,10.0,29.0,12.0,21.029102,22.736212,18.496906,18.78,21.046486,22.587948,21.069496,22.736448,17.360533,18.001266,17.101164,16.977667,21.05508,22.371555,21.065811,22.753294,15.9062195,15.843682,4.0,4.0,0.0,4.0,0.0,0.0,0.0,0.0
43422,2023.0,10.0,29.0,13.0,21.032726,22.663925,20.222013,21.820465,21.06979,22.574175,21.055729,22.64459,20.295954,22.914791,17.014948,16.895575,21.054016,22.279495,21.06532,22.649616,15.899256,15.838269,0.0,0.0,0.0,0.0,0.0,0.0,0.0,0.0
43423,2023.0,10.0,29.0,13.0,21.068905,22.672684,19.259174,19.756567,21.038904,22.426868,21.056469,22.595095,18.093113,18.196644,16.93871,16.822979,21.042088,22.208658,21.064154,22.569921,15.890194,15.828869,4.0,4.0,0.0,0.0,0.0,0.0,0.0,0.0
43424,2023.0,10.0,29.0,13.0,21.186176,22.83918,20.206139,21.656954,21.229841,22.761246,21.254675,22.932346,17.037502,16.822008,16.869417,16.754772,21.163633,22.413391,21.241816,22.886703,15.880091,15.818419,0.0,4.0,4.0,0.0,0.0,0.0,0.0,0.0
43425,2023.0,10.0,29.0,13.0,21.06055,22.530382,19.084158,19.323938,21.066519,22.411663,21.059334,22.528563,16.939074,16.825459,16.808355,16.696604,21.041355,22.134575,21.05295,22.471375,15.869486,15.807416,4.0,0.0,0.0,0.0,0.0,0.0,0.0,0.0
43426,2023.0,10.0,29.0,13.0,21.16829,22.703993,20.18265,21.595184,21.172293,22.588352,21.167845,22.695023,16.892757,16.792368,16.751163,16.63976,21.151215,22.329832,21.221968,22.784395,15.858397,15.79591,4.0,0.0,0.0,0.0,0.0,0.0,0.0,0.0
43427,2023.0,10.0,29.0,13.0,21.099024,22.544947,20.114029,21.310925,21.121727,22.44505,21.12972,22.566612,16.817896,16.71682,16.696005,16.583448,21.084164,22.167221,21.107046,22.522287,15.846478,15.783275,0.0,0.0,0.0,0.0,0.0,0.0,0.0,0.0
43428,2023.0,10.0,29.0,14.0,21.04162,22.421204,18.774477,18.688839,21.039509,22.28209,21.042582,22.389141,16.758905,16.662983,16.653872,16.546871,21.035254,22.053019,21.005688,22.276611,15.835277,15.772276,0.0,0.0,0.0,0.0,0.0,0.0,4.0,0.0
43429,2023.0,10.0,29.0,14.0,19.82243,20.07084,18.180176,18.048748,19.824884,19.949694,19.73409,19.872768,16.702538,16.608772,16.608934,16.503424,19.978745,20.007973,19.460005,19.328459,15.823121,15.760222,0.0,0.0,0.0,0.0,0.0,0.0,0.0,0.0
43430,2023.0,10.0,29.0,14.0,19.26696,19.305216,18.03853,17.906414,19.89103,20.350384,19.098124,18.981903,16.65831,16.564278,16.56902,16.463236,20.31245,20.8585,18.830778,18.495268,15.81083,15.747555,0.0,4.0,0.0,0.0,0.0,4.0,0.0,0.0
43431,2023.0,10.0,29.0,14.0,19.032639,19.064919,17.914278,17.782478,19.298754,19.300817,18.832413,18.705748,16.61572,16.523285,16.529991,16.42558,19.449556,19.192654,19.558155,20.113184,15.796448,15.733178,0.0,0.0,0.0,0.0,0.0,0.0,4.0,0.0
43432,2023.0,10.0,29.0,14.0,19.576706,20.245564,17.803972,17.670897,18.694242,18.33828,19.311634,19.781628,16.57386,16.482262,16.490606,16.386951,19.80534,20.095877,18.74765,18.531107,15.779569,15.716104,0.0,0.0,4.0,0.0,0.0,4.0,0.0,0.0
43433,2023.0,10.0,29.0,14.0,19.643404,20.325336,17.6998,17.5601,18.407194,17.99577,19.372505,19.877806,16.531267,16.438446,16.449364,16.34427,19.880753,20.213924,18.335756,18.00607,15.760452,15.695887,0.0,0.0,4.0,0.0,0.0,4.0,0.0,0.0
43434,2023.0,10.0,29.0,15.0,18.788586,18.719664,17.617226,17.482624,18.425398,18.212914,18.535997,18.32564,16.494688,16.404459,16.41306,16.310644,19.844486,20.178394,18.149597,17.834555,15.742763,15.678819,0.0,0.0,0.0,0.0,0.0,4.0,0.0,0.0
43435,2023.0,10.0,29.0,15.0,19.122105,19.546074,17.536596,17.400927,18.36507,18.20458,18.75511,18.934185,16.457802,16.368065,16.375252,16.273245,19.809036,20.142248,17.987589,17.67798,15.724057,15.659985,0.0,0.0,4.0,0.0,0.0,4.0,0.0,0.0
43436,2023.0,10.0,29.0,15.0,18.537468,18.44099,17.927456,18.195793,18.967968,19.430107,18.817598,19.079329,16.422869,16.334188,16.338964,16.237997,19.060835,18.76493,18.007498,17.86226,15.70529,15.641423,4.0,4.0,4.0,0.0,0.0,0.0,0.0,0.0
43437,2023.0,10.0,29.0,15.0,18.930147,19.339373,20.257309,22.24983,19.117628,19.636402,18.778997,19.041788,16.389181,16.301498,16.30327,16.202904,18.76149,18.391638,17.947685,17.826252,15.686534,15.623009,0.0,4.0,4.0,0.0,0.0,0.0,0.0,0.0
43438,2023.0,10.0,29.0,15.0,19.055803,19.49757,18.751549,19.022844,18.338316,18.144917,18.727985,18.991228,16.354225,16.267727,16.268354,16.169554,18.595541,18.228682,17.85008,17.73486,15.666244,15.602972,0.0,0.0,4.0,0.0,0.0,0.0,0.0,0.0
43439,2023.0,10.0,29.0,15.0,19.03188,19.470411,18.03633,17.924809,18.562452,18.716812,18.110373,17.874271,16.32469,16.238552,16.240025,16.141928,18.48139,18.117,18.836195,19.673347,15.647477,15.584185,0.0,4.0,0.0,0.0,0.0,0.0,4.0,0.0
43440,2023.0,10.0,29.0,16.0,19.006048,19.442982,18.281776,18.52797,18.677122,18.928059,18.405365,18.579676,16.29594,16.210838,16.60096,16.844759,18.567858,18.395277,17.951517,17.784494,15.628503,15.565568,4.0,4.0,4.0,0.0,4.0,0.0,0.0,0.0
43441,2023.0,10.0,29.0,16.0,18.98464,19.422005,20.224588,21.945028,18.672226,18.927267,18.518826,18.779716,16.26687,16.182001,20.253683,23.101284,18.557926,18.418978,17.59093,17.305546,15.608585,15.5455675,4.0,4.0,4.0,0.0,4.0,0.0,0.0,0.0
43442,2023.0,10.0,29.0,16.0,18.962198,19.399178,20.015429,21.327152,18.651083,18.903805,18.512175,18.77246,16.234873,16.149784,20.004662,22.194199,18.494183,18.358744,17.43698,17.148354,15.584394,15.51843,4.0,4.0,4.0,0.0,0.0,0.0,0.0,0.0
43443,2023.0,10.0,29.0,16.0,18.31473,18.211319,20.063772,21.305746,18.035458,17.774378,18.492638,18.750784,16.204815,16.121338,18.228577,18.485172,19.2225,19.801132,17.32479,17.04239,16.464256,17.191809,0.0,0.0,4.0,0.0,0.0,4.0,0.0,4.0
43444,2023.0,10.0,29.0,16.0,18.653435,19.067808,19.00698,19.15868,18.32191,18.51457,17.88932,17.643723,16.171331,16.08535,17.253958,17.180529,18.55124,18.302765,17.37567,17.246616,20.394135,23.75772,4.0,4.0,0.0,0.0,0.0,0.0,0.0,4.0
43445,2023.0,10.0,29.0,16.0,18.799551,19.230042,20.209227,21.627853,18.491077,18.739056,18.184376,18.40046,16.13677,16.048782,16.983788,16.864239,18.152565,17.810732,17.36745,17.261118,20.009573,22.5454,0.0,4.0,4.0,0.0,0.0,0.0,0.0,4.0
43446,2023.0,10.0,29.0,17.0,18.790524,19.2148,18.731464,18.619207,18.491447,18.737457,17.759447,17.50996,16.103464,16.013994,17.199652,17.410765,18.79651,19.128736,17.313253,17.21179,20.094067,22.427664,0.0,4.0,0.0,0.0,4.0,4.0,0.0,0.0
43447,2023.0,10.0,29.0,17.0,18.792315,19.219093,18.530384,18.74235,18.480116,18.720049,18.070745,18.27912,16.070312,15.978534,20.42326,22.83751,19.022024,19.362242,17.251503,17.14543,17.81466,17.805658,4.0,4.0,4.0,0.0,0.0,4.0,0.0,0.0
43448,2023.0,10.0,29.0,17.0,18.162416,18.048603,20.219795,21.720863,17.868095,17.586912,17.659777,17.403145,16.037615,15.943339,18.391153,18.690536,18.332811,18.035172,17.192476,17.084188,16.749807,16.49978,0.0,0.0,0.0,0.0,0.0,0.0,0.0,0.0
43449,2023.0,10.0,29.0,17.0,18.505337,18.902996,19.283104,19.718622,18.123716,18.265175,17.981457,18.182749,16.005836,15.909418,17.287779,17.203304,18.008532,17.650688,17.136353,17.025938,16.430353,16.15885,4.0,4.0,4.0,0.0,0.0,0.0,0.0,0.0
43450,2023.0,10.0,29.0,17.0,17.982763,17.855616,20.169899,21.365126,18.274948,18.500467,18.112804,18.355482,15.977608,15.878397,17.04919,16.91538,17.90535,17.539568,17.088087,16.97514,16.406956,16.279997,4.0,4.0,4.0,0.0,0.0,0.0,0.0,0.0
43451,2023.0,10.0,29.0,17.0,18.381433,18.799335,20.042175,21.065042,17.6706,17.347631,18.128553,18.361067,15.946724,15.8449955,16.877281,16.739609,17.81469,17.447021,17.037281,16.922085,16.321985,16.218626,0.0,0.0,4.0,0.0,0.0,0.0,0.0,0.0
43452,2023.0,10.0,29.0,18.0,17.892092,17.745514,19.05811,19.110285,17.974806,18.110123,17.544447,17.26067,15.917517,15.814243,16.747688,16.616674,17.939323,17.775879,16.988888,16.872547,17.170658,17.929127,4.0,4.0,0.0,0.0,0.0,0.0,0.0,4.0
43453,2023.0,10.0,29.0,18.0,21.343512,23.75777,20.16674,21.260885,21.289812,23.86129,21.379152,23.906548,15.891974,15.78677,16.651875,16.52049,21.233698,23.42852,21.435999,24.474512,20.293974,23.243876,4.0,4.0,4.0,0.0,0.0,0.0,0.0,0.0
43454,2023.0,10.0,29.0,18.0,20.998098,22.89044,20.024008,20.932558,21.032923,23.001905,21.027422,23.044937,15.866296,15.759879,16.552372,16.424654,21.01823,22.827206,21.00352,23.363983,17.672804,17.696966,4.0,0.0,0.0,0.0,0.0,0.0,0.0,0.0
43455,2023.0,10.0,29.0,18.0,21.078651,22.861265,20.060469,20.988403,21.075045,22.842438,21.078732,22.905678,15.843649,15.735976,16.458235,16.324594,21.026665,22.615486,21.071928,23.217411,16.477425,16.21035,0.0,0.0,0.0,0.0,0.0,4.0,0.0,0.0
43456,2023.0,10.0,29.0,18.0,21.039902,22.620516,18.799952,18.547094,21.045757,22.59744,21.048223,22.659994,15.825417,15.717772,16.382307,16.252533,21.070297,22.548985,21.063627,23.002974,16.369795,16.253088,0.0,4.0,4.0,0.0,0.0,0.0,0.0,0.0
43457,2023.0,10.0,29.0,18.0,21.097055,22.625778,18.288963,18.069395,21.10752,22.593702,21.15282,22.768484,15.807113,15.697988,16.306116,16.170801,21.084297,22.408169,21.142118,22.999155,16.28413,16.178497,0.0,4.0,0.0,0.0,0.0,4.0,0.0,0.0
43458,2023.0,10.0,29.0,19.0,21.090326,22.52907,18.126362,17.909185,21.100414,22.482975,21.104164,22.52933,15.790827,15.681064,16.241543,16.105968,21.128284,22.431929,21.133198,22.856436,16.180557,16.074392,0.0,4.0,4.0,0.0,0.0,0.0,0.0,0.0
43459,2023.0,10.0,29.0,19.0,21.06201,22.459126,18.467283,18.687284,21.03835,22.320751,21.041788,22.382889,15.773906,15.662451,16.183067,16.047894,21.019426,22.1331,21.00861,22.533312,16.089466,15.983079,4.0,4.0,4.0,0.0,0.0,4.0,4.0,0.0
43460,2023.0,10.0,29.0,19.0,21.199677,22.669958,20.212666,21.719913,21.195562,22.589283,21.167988,22.612934,15.756594,15.6436825,16.127144,15.990843,21.133171,22.332012,21.191833,22.850666,16.011023,15.9061165,4.0,4.0,0.0,0.0,0.0,0.0,0.0,0.0
43461,2023.0,10.0,29.0,19.0,21.06735,22.38827,20.020756,21.164923,21.069763,22.315977,21.067411,22.370098,16.513813,17.08392,16.074383,15.934944,21.027739,22.05797,21.068565,22.539158,15.940115,15.833072,4.0,0.0,0.0,4.0,0.0,4.0,0.0,0.0
43462,2023.0,10.0,29.0,19.0,21.034983,22.272692,20.046234,21.105917,21.039448,22.200323,21.068,22.338245,20.326582,23.488943,16.028212,15.887053,21.03323,22.04276,21.069593,22.49152,15.878763,15.770901,4.0,4.0,0.0,0.0,0.0,4.0,0.0,0.0
43463,2023.0,10.0,29.0,19.0,21.066528,22.333113,20.0424,21.023722,21.06981,22.254585,21.05129,22.309307,18.110697,18.57609,15.98485,15.841238,21.032429,22.020245,21.055286,22.449568,15.822873,15.713113,4.0,0.0,0.0,4.0,0.0,4.0,0.0,0.0
43464,2023.0,10.0,29.0,20.0,21.060392,22.294374,20.042356,20.97057,21.038277,22.144962,21.028023,22.241253,20.408714,22.981932,15.944387,15.798471,21.062153,22.0797,21.056684,22.437328,15.772581,15.661099,4.0,4.0,4.0,0.0,0.0,0.0,0.0,0.0
43465,2023.0,10.0,29.0,20.0,21.032997,22.195559,20.041628,20.93049,21.043514,22.137533,21.05783,22.321856,17.88899,17.820568,15.908273,15.762388,21.056597,22.043905,21.055994,22.421597,15.728541,15.617144,4.0,4.0,0.0,0.0,0.0,0.0,0.0,0.0
43466,2023.0,10.0,29.0,20.0,21.037575,22.190609,20.04048,20.899412,21.041857,22.120218,21.067616,22.302423,16.688522,16.32458,16.284986,16.499983,21.055916,22.020779,21.014069,22.29856,15.688253,15.576094,4.0,4.0,0.0,0.0,4.0,0.0,4.0,0.0
43467,2023.0,10.0,29.0,20.0,21.037424,22.180883,20.040995,20.877083,21.042158,22.10781,21.066225,22.269135,17.430206,17.99474,20.373608,23.237467,21.041695,22.002424,21.037191,22.313915,15.6531315,15.541974,4.0,4.0,0.0,4.0,0.0,0.0,4.0,0.0
43468,2023.0,10.0,29.0,20.0,21.064232,22.244997,20.057703,20.90312,21.06719,22.164747,21.02409,22.172058,20.322071,22.848686,18.059679,18.39436,21.043276,22.008936,21.073898,22.394466,16.585135,17.330347,0.0,0.0,4.0,0.0,0.0,0.0,0.0,4.0
43469,2023.0,10.0,29.0,20.0,21.058321,22.215637,18.811039,18.493963,21.036064,22.06496,21.031086,22.191437,17.923716,17.836359,16.761728,16.641348,21.013132,21.931067,21.066013,22.3523,20.376923,23.64933,0.0,4.0,4.0,0.0,0.0,4.0,0.0,0.0
43470,2023.0,10.0,29.0,21.0,21.058216,22.199057,18.321478,18.05019,21.041393,22.064352,21.071627,22.261595,16.766167,16.400974,16.519096,16.369902,21.062523,22.026743,21.066088,22.327873,18.12716,18.688572,0.0,4.0,0.0,0.0,0.0,0.0,0.0,4.0
43471,2023.0,10.0,29.0,21.0,21.015667,22.1111,18.19232,17.956135,21.040472,22.053797,21.038776,22.148447,16.691914,16.527449,16.38457,16.232975,21.054958,21.98879,21.065382,22.305605,20.35244,23.062181,0.0,4.0,4.0,0.0,0.0,0.0,0.0,4.0
43472,2023.0,10.0,29.0,21.0,21.038538,22.141937,18.040012,17.802637,21.06627,22.116121,21.069859,22.211155,16.621914,16.481554,16.275192,16.120901,21.054585,21.969069,21.050953,22.286266,20.034939,22.175627,0.0,0.0,0.0,0.0,0.0,0.0,0.0,0.0
43473,2023.0,10.0,29.0,21.0,21.062218,22.201488,17.915741,17.68669,21.034466,22.019085,21.06275,22.176888,16.50886,16.373734,16.188496,16.039211,21.01057,21.875948,21.05288,22.292763,17.807833,17.674583,0.0,4.0,0.0,0.0,0.0,4.0,0.0,0.0
43474,2023.0,10.0,29.0,21.0,21.056828,22.17634,18.27326,18.459074,21.065697,22.09295,21.03711,22.08852,16.401262,16.26543,16.106865,15.956674,21.031286,21.904276,21.052433,22.291424,16.752657,16.407057,4.0,0.0,4.0,0.0,0.0,4.0,0.0,0.0
43475,2023.0,10.0,29.0,21.0,21.029997,22.090387,20.23265,21.858261,21.059141,22.067137,21.068089,22.162352,17.052792,17.572971,16.416933,16.599384,21.059002,21.969915,21.052334,22.28875,16.457869,16.120365,0.0,0.0,0.0,4.0,4.0,0.0,0.0,0.0
43476,2023.0,10.0,29.0,22.0,21.035172,22.095663,19.188286,19.575638,21.033915,21.985004,21.036814,22.069178,21.804949,25.396345,20.462578,23.331785,21.053717,21.942839,21.052103,22.284586,16.44955,16.309166,4.0,4.0,4.0,0.0,0.0,0.0,0.0,0.0
43477,2023.0,10.0,29.0,22.0,21.181772,22.402323,20.205933,21.62607,21.18226,22.296564,21.176683,22.362211,18.599817,18.687843,18.3604,18.909834,21.174778,22.151981,21.2268,22.629133,16.379644,16.258644,0.0,0.0,0.0,0.0,4.0,4.0,0.0,0.0
43478,2023.0,10.0,29.0,22.0,21.054972,22.132076,18.6172,18.36983,21.032515,21.964586,21.061127,22.116522,16.942768,16.60221,20.32566,22.766546,21.028059,21.850641,21.051235,22.26797,16.267673,16.152227,0.0,4.0,0.0,0.0,0.0,4.0,0.0,0.0
43479,2023.0,10.0,29.0,22.0,21.05593,22.123095,17.745756,17.228456,21.064192,22.044643,21.045479,22.10662,17.44369,17.85323,18.314518,18.562462,21.028109,21.849419,21.051617,22.264442,16.163765,16.045025,0.0,0.0,0.0,4.0,0.0,4.0,0.0,0.0
43480,2023.0,10.0,29.0,22.0,21.04037,22.112587,17.744152,17.454544,21.03246,21.953205,21.047375,22.121801,20.380703,22.775312,17.462046,17.580843,21.027897,21.846836,21.051327,22.25897,16.07404,15.955801,0.0,4.0,0.0,4.0,4.0,4.0,0.0,0.0
43481,2023.0,10.0,29.0,22.0,21.015093,22.052168,18.190231,18.34001,21.063782,22.032488,21.022005,22.058496,20.136711,22.114246,20.412203,22.669043,21.05801,21.921791,21.050976,22.252962,15.996191,15.878231,4.0,0.0,4.0,0.0,0.0,0.0,0.0,0.0
43482,2023.0,10.0,29.0,23.0,21.035345,22.074787,20.254612,21.921354,21.057697,22.011654,21.052378,22.148018,18.018373,17.837252,18.668695,19.109613,21.052584,21.897465,21.050827,22.247261,16.68792,17.244518,0.0,0.0,0.0,0.0,4.0,0.0,0.0,4.0
43483,2023.0,10.0,29.0,23.0,19.697515,19.52951,18.885218,19.025362,20.513464,20.96003,19.57429,19.285198,17.029367,16.649832,17.753653,17.899403,19.736275,19.357592,20.57422,21.284851,16.313902,16.280416,0.0,4.0,0.0,0.0,4.0,0.0,4.0,0.0
43484,2023.0,10.0,29.0,23.0,19.105757,18.699408,18.231445,18.021738,19.361914,18.898672,18.894867,18.328993,16.989372,16.800308,17.081121,16.733309,19.955114,20.07614,19.267076,18.903742,15.909517,15.640056,0.0,0.0,0.0,0.0,0.0,4.0,0.0,0.0
43485,2023.0,10.0,29.0,23.0,18.838816,18.424164,18.032446,17.791946,18.863956,18.259304,18.875893,18.575502,17.533382,17.932306,16.688456,16.23381,19.977486,20.121159,19.734434,20.14985,15.741967,15.443528,0.0,0.0,0.0,4.0,0.0,4.0,4.0,0.0
43486,2023.0,10.0,29.0,23.0,18.911856,18.769821,18.349436,18.496964,19.226461,19.148468,18.78563,18.547724,17.039967,16.92469,16.714027,16.4894,19.904577,20.058466,18.84898,18.458906,15.812419,15.684408,4.0,4.0,0.0,0.0,0.0,4.0,0.0,0.0
43487,2023.0,10.0,29.0,23.0,18.872433,18.800806,18.440968,18.661545,19.294037,19.307657,18.647287,18.41606,17.171877,17.331741,16.671421,16.496937,19.165619,18.724203,18.429846,17.973475,15.791338,15.671724,4.0,4.0,0.0,4.0,0.0,0.0,0.0,0.0
43488,2023.0,10.0,30.0,0.0,18.776848,18.713802,17.738958,17.332495,18.61484,18.095003,18.52035,18.293594,16.641212,16.320023,16.571861,16.40759,19.58112,19.73959,19.225817,19.6747,15.742075,15.622174,0.0,0.0,0.0,0.0,0.0,4.0,4.0,0.0
43489,2023.0,10.0,30.0,0.0,18.680212,18.619276,17.380772,16.827297,18.305183,17.718683,18.403307,18.179026,16.355734,15.976339,16.469097,16.302273,19.633253,19.794773,18.408789,18.032,15.694314,15.573608,0.0,0.0,0.0,0.0,0.0,4.0,0.0,0.0
43490,2023.0,10.0,30.0,0.0,18.58868,18.528343,17.22245,16.660067,18.767456,18.731297,18.295519,18.072287,16.420078,16.249863,16.372944,16.20466,18.913233,18.47526,18.047125,17.609966,15.648035,15.526084,0.0,4.0,0.0,0.0,0.0,0.0,0.0,0.0
43491,2023.0,10.0,30.0,0.0,19.24619,19.841259,17.368452,17.071018,18.244438,17.72983,18.198656,17.97819,16.385086,16.23577,16.2859,16.117918,18.608572,18.106363,17.873775,17.445415,16.330816,16.84853,0.0,0.0,0.0,0.0,0.0,0.0,0.0,4.0
43492,2023.0,10.0,30.0,0.0,19.38332,19.99229,17.401207,17.155716,17.98742,17.416637,18.109001,17.890425,16.311815,16.163122,16.204689,16.0364,19.22247,19.410551,17.952919,17.759457,15.829182,15.735557,0.0,0.0,0.0,0.0,0.0,4.0,0.0,0.0
43493,2023.0,10.0,30.0,0.0,18.49577,18.26861,17.356754,17.11857,18.121412,17.816473,18.026712,17.810137,16.242579,16.093805,16.129784,15.961489,18.597597,18.145412,18.893875,19.593384,15.493022,15.20905,0.0,0.0,0.0,0.0,0.0,0.0,4.0,0.0
43494,2023.0,10.0,30.0,1.0,18.13586,17.7622,17.306332,17.070095,18.134699,17.886633,17.950281,17.735708,16.178358,16.029564,16.343699,16.419992,18.334219,17.838964,17.959929,17.632683,15.37259,15.076919,0.0,0.0,0.0,0.0,4.0,0.0,0.0,0.0
43495,2023.0,10.0,30.0,1.0,18.64428,18.849762,17.259533,17.027876,18.082298,17.845282,17.881302,17.671291,16.120453,15.973672,16.435534,16.5578,18.222012,17.738539,17.604546,17.197073,16.169909,16.662342,0.0,0.0,0.0,0.0,4.0,0.0,0.0,4.0
43496,2023.0,10.0,30.0,1.0,18.143198,17.866482,17.216528,16.989798,18.024654,17.793663,17.818323,17.613136,16.067762,15.923195,16.154522,16.027773,18.381926,18.166298,17.470673,17.073158,16.291067,16.675749,0.0,0.0,0.0,0.0,0.0,0.0,0.0,4.0
43497,2023.0,10.0,30.0,1.0,17.91105,17.558111,17.17664,16.955114,17.968987,17.7442,17.761028,17.560934,16.020037,15.878215,16.013136,15.855504,18.376612,18.17741,17.361713,16.975965,15.640109,15.401976,0.0,0.0,0.0,0.0,0.0,0.0,0.0,0.0
43498,2023.0,10.0,30.0,1.0,17.803747,17.457047,17.138817,16.92245,17.915792,17.696917,17.70767,17.512474,15.975969,15.836873,15.944613,15.787377,18.327084,18.131025,17.478836,17.313677,16.119999,16.456354,0.0,0.0,0.0,0.0,0.0,0.0,0.0,4.0
43499,2023.0,10.0,30.0,1.0,17.961185,17.864967,17.102776,16.891508,17.865181,17.651985,17.657372,17.467033,15.935082,15.798681,16.18356,16.284964,18.279829,18.086884,17.457384,17.29834,15.561081,15.286661,0.0,0.0,0.0,0.0,4.0,0.0,0.0,0.0
43500,2023.0,10.0,30.0,2.0,17.994356,17.958286,17.068216,16.861614,17.816792,17.60862,17.609476,17.423466,16.487455,16.87332,15.959562,15.813664,18.234343,18.044207,17.404871,17.2481,15.3774185,15.100295,0.0,0.0,0.0,4.0,0.0,0.0,0.0,0.0
43501,2023.0,10.0,30.0,2.0,17.96517,17.93731,17.035013,16.832392,17.770542,17.566914,17.563612,17.381618,16.067858,15.949459,15.8512945,15.701236,18.191425,18.003952,17.354103,17.199848,15.305172,15.036237,0.0,0.0,0.0,0.0,0.0,0.0,0.0,0.0
43502,2023.0,10.0,30.0,2.0,17.928757,17.90509,17.00336,16.80496,17.726814,17.528069,17.520002,17.342543,15.9312935,15.800925,15.803923,15.65755,18.15126,17.966906,17.305372,17.154196,16.108555,16.623976,0.0,0.0,0.0,0.0,0.0,0.0,0.0,4.0
43503,2023.0,10.0,30.0,2.0,17.890862,17.870567,16.972227,16.77753,17.684292,17.489603,17.477518,17.303802,15.884413,15.756932,15.759343,15.615428,18.112652,17.93084,17.258036,17.10925,15.491883,15.26119,0.0,0.0,0.0,0.0,0.0,0.0,0.0,0.0
43504,2023.0,10.0,30.0,2.0,17.851477,17.832579,16.940573,16.748058,17.641607,17.448936,17.435026,17.262945,15.840104,15.712971,16.037357,16.175215,18.07453,17.893875,17.211071,17.063065,15.2832575,15.020431,0.0,0.0,0.0,0.0,4.0,0.0,0.0,0.0
43505,2023.0,10.0,30.0,2.0,17.815308,17.800169,16.912027,16.723665,17.60313,17.415037,17.396683,17.228874,15.803432,15.678911,15.794462,15.655206,18.039953,17.862347,17.168137,17.02306,15.217139,14.959512,0.0,0.0,0.0,0.0,0.0,0.0,0.0,0.0
43506,2023.0,10.0,30.0,3.0,17.777998,17.764454,16.882317,16.695656,17.563349,17.377022,17.356907,17.190605,15.767983,15.644347,15.701412,15.5613,18.005272,17.829138,17.125225,16.981377,15.307976,15.202297,0.0,0.0,0.0,0.0,0.0,0.0,0.0,0.0
43507,2023.0,10.0,30.0,3.0,17.74084,17.727964,16.852448,16.666574,17.52438,17.339312,17.317823,17.152626,15.734394,15.611114,15.6592455,15.519753,17.970928,17.795351,17.08325,16.94004,15.298402,15.193289,0.0,0.0,0.0,0.0,0.0,0.0,0.0,0.0
43508,2023.0,10.0,30.0,3.0,17.706015,17.695553,17.313168,17.557947,17.488642,17.307259,17.281914,17.120302,15.703558,15.582076,15.62167,15.484956,17.938599,17.765,17.043663,16.902576,15.274245,15.170328,4.0,0.0,0.0,0.0,0.0,0.0,0.0,0.0
43509,2023.0,10.0,30.0,3.0,17.672823,17.665113,17.01967,16.920998,17.451197,17.27085,17.244263,17.08357,15.6724825,15.551275,15.885551,16.01089,17.90549,17.732395,17.003494,16.862976,15.248007,15.14433,0.0,0.0,0.0,0.0,4.0,0.0,0.0,0.0
43510,2023.0,10.0,30.0,3.0,17.65022,17.654055,16.860764,16.674824,17.412045,17.230171,17.20494,17.04256,15.641133,15.518826,15.999053,16.153364,17.871536,17.697512,16.96268,16.821245,15.220458,15.115943,0.0,0.0,0.0,0.0,4.0,0.0,0.0,0.0
43511,2023.0,10.0,30.0,3.0,17.6187,17.622608,16.812973,16.629036,17.377289,17.197481,17.170238,17.009718,15.612545,15.491072,15.708531,15.586651,17.839994,17.667,16.924597,16.784225,15.194649,15.090714,0.0,0.0,0.0,0.0,0.0,0.0,0.0,0.0
43512,2023.0,10.0,30.0,4.0,17.586275,17.589985,16.7737,16.590359,17.342106,17.163118,17.135204,16.975267,15.584124,15.462922,15.925816,16.071144,17.808357,17.635828,16.886736,16.746885,15.168853,15.065101,0.0,0.0,0.0,0.0,4.0,0.0,0.0,0.0
43513,2023.0,10.0,30.0,4.0,17.553267,17.555923,16.738506,16.55502,17.306677,17.127563,17.099928,16.93966,15.555624,15.434021,15.760864,15.6738,17.776373,17.603592,16.848883,16.708914,15.142855,15.038676,0.0,0.0,0.0,0.0,4.0,0.0,0.0,0.0
43514,2023.0,10.0,30.0,4.0,17.521904,17.525011,16.70708,16.525005,17.27342,17.095858,17.06692,16.907972,15.528574,15.407715,15.443273,15.13817,17.745756,17.573977,16.812778,16.67404,15.845617,16.383726,0.0,0.0,0.0,0.0,0.0,0.0,0.0,4.0
43515,2023.0,10.0,30.0,4.0,17.488985,17.490742,16.674992,16.49242,17.238611,17.060514,17.03245,16.872717,15.500474,15.378992,15.282278,14.937441,17.713816,17.541553,16.775486,16.636366,15.355939,15.289796,0.0,0.0,0.0,0.0,0.0,0.0,0.0,0.0
43516,2023.0,10.0,30.0,4.0,17.456385,17.456738,16.643356,16.460405,17.20417,17.025414,16.998386,16.837751,16.06432,16.463074,15.392182,15.240563,17.681932,17.509117,16.7385,16.598927,15.052904,14.802967,0.0,0.0,0.0,4.0,0.0,0.0,0.0,0.0
43517,2023.0,10.0,30.0,4.0,17.42468,17.423965,16.612394,16.42945,17.17046,16.991335,16.964838,16.803694,15.654984,15.552827,15.401284,15.262146,17.650415,17.477285,16.702051,16.562191,15.002373,14.7892,0.0,0.0,0.0,0.0,0.0,0.0,0.0,0.0
43518,2023.0,10.0,30.0,5.0,17.388844,17.385523,16.57676,16.391773,17.131624,16.949776,16.925976,16.762072,15.465558,15.340623,15.363471,15.222361,17.614767,17.439999,16.661358,16.520105,15.054833,14.947007,0.0,0.0,0.0,0.0,0.0,0.0,0.0,0.0
43519,2023.0,10.0,30.0,5.0,17.361298,17.359581,16.550703,16.368858,17.103003,16.924356,16.897203,16.736486,15.429975,15.307576,15.333961,15.195389,17.586468,17.413836,16.628704,16.489616,15.767365,16.302517,0.0,0.0,0.0,0.0,0.0,0.0,0.0,4.0
43520,2023.0,10.0,30.0,5.0,17.33171,17.32975,16.522688,16.341728,17.071865,16.893837,16.866026,16.705826,15.9745245,16.356459,15.302132,15.163966,17.556553,17.38441,16.594534,16.455936,15.1222105,14.89979,0.0,0.0,0.0,4.0,0.0,0.0,0.0,0.0
43521,2023.0,10.0,30.0,5.0,17.302683,17.300434,16.495293,16.315117,17.041222,16.863697,16.835564,16.675669,15.410378,15.139458,15.563336,15.678837,17.527,17.355312,16.560818,16.422596,15.0103445,14.826654,0.0,0.0,0.0,0.0,4.0,0.0,0.0,0.0
43522,2023.0,10.0,30.0,5.0,17.270893,17.268091,16.465809,16.286034,17.007807,16.830496,16.802496,16.642586,15.698627,15.893396,15.715223,15.867215,17.49483,17.323399,16.524227,16.386242,15.008294,14.866311,0.0,0.0,0.0,4.0,4.0,0.0,0.0,0.0
43523,2023.0,10.0,30.0,5.0,17.24096,17.23838,16.438034,16.259096,16.975779,16.799425,16.770868,16.6117,15.367466,15.10996,15.469264,15.372163,18.235138,18.751966,16.489126,16.352173,15.000706,14.892901,0.0,0.0,0.0,0.0,0.0,4.0,0.0,0.0
43524,2023.0,10.0,30.0,6.0,17.211159,17.208199,16.843359,17.044031,16.94441,16.768274,16.739336,16.58045,15.138441,14.843585,15.602821,15.724472,17.793133,17.68859,16.454393,16.317924,15.701653,16.238214,4.0,0.0,0.0,0.0,4.0,0.0,0.0,4.0
43525,2023.0,10.0,30.0,6.0,21.482187,24.583118,20.685972,23.448769,21.45598,24.628538,21.380766,24.68092,15.245452,15.12717,20.00396,23.241606,20.896814,23.009848,21.624987,25.074816,19.84518,23.276588,4.0,0.0,0.0,0.0,0.0,0.0,0.0,0.0
43526,2023.0,10.0,30.0,6.0,20.981314,23.261902,19.916557,21.692087,20.92107,23.175447,20.926647,23.340876,15.272483,15.151104,18.004156,18.697289,21.082325,23.152597,21.008434,23.615181,16.946314,17.027435,0.0,0.0,0.0,0.0,4.0,0.0,4.0,0.0
43527,2023.0,10.0,30.0,6.0,21.056679,23.139599,17.994919,17.808084,21.087435,23.212765,21.089333,23.3488,15.843526,16.246647,20.298615,23.222973,21.060427,22.884459,21.110413,23.498798,16.29656,16.658384,0.0,0.0,0.0,4.0,0.0,0.0,0.0,4.0
43528,2023.0,10.0,30.0,6.0,21.065344,23.010542,17.251532,17.03092,21.062265,22.964115,21.066252,23.090382,20.408758,24.00885,18.286627,18.860659,21.058203,22.718246,21.08241,23.203533,20.417439,23.794046,0.0,0.0,0.0,4.0,4.0,0.0,0.0,4.0
43529,2023.0,10.0,30.0,6.0,21.156572,23.0353,17.584818,17.777664,21.158663,23.016556,21.172647,23.133863,20.86376,24.09829,20.304794,22.887907,21.147015,22.760393,21.174803,23.214228,21.42429,24.91339,4.0,0.0,4.0,0.0,0.0,4.0,0.0,4.0
43530,2023.0,10.0,30.0,7.0,21.161386,22.908432,20.291702,22.488092,21.036911,22.64916,21.06934,22.8369,18.404284,18.83125,18.456436,18.958147,21.130339,22.630634,21.065485,22.894848,19.87693,21.83613,0.0,4.0,0.0,4.0,4.0,0.0,0.0,4.0
43531,2023.0,10.0,30.0,7.0,21.076958,22.675762,18.831324,19.30774,21.040668,22.58623,21.080769,22.740454,20.4709,23.140676,20.29428,22.599562,21.037445,22.33817,21.066153,22.820396,20.867472,23.4517,4.0,4.0,0.0,0.0,4.0,4.0,0.0,4.0
43532,2023.0,10.0,30.0,7.0,21.17681,22.792082,20.26481,22.14489,21.081205,22.597918,21.077082,22.643116,17.848791,17.748064,20.03547,21.862576,21.13302,22.488644,21.026375,22.655811,21.023682,23.333012,0.0,0.0,0.0,0.0,4.0,0.0,4.0,0.0
43533,2023.0,10.0,30.0,7.0,21.07444,22.557806,18.323626,18.147343,21.047733,22.441002,21.033445,22.50296,17.637587,18.188566,20.089989,21.824732,21.0348,22.219833,21.085924,22.734886,18.775066,19.205837,0.0,4.0,4.0,4.0,0.0,4.0,0.0,4.0
43534,2023.0,10.0,30.0,7.0,21.067858,22.504667,17.518122,17.28389,21.052238,22.399502,21.064556,22.55912,20.315607,22.767838,18.41369,18.47132,21.039425,22.195675,21.074743,22.655504,20.248446,22.208487,0.0,4.0,0.0,4.0,4.0,4.0,0.0,4.0
43535,2023.0,10.0,30.0,7.0,21.040796,22.396759,17.830866,18.007992,21.050585,22.357674,21.050592,22.45028,20.054533,22.032965,20.340702,22.26053,21.038097,22.166937,21.074678,22.607985,20.175583,22.025974,4.0,4.0,4.0,0.0,4.0,4.0,0.0,0.0
43536,2023.0,10.0,30.0,8.0,21.071707,22.455519,20.276264,22.2872,21.049702,22.324778,21.05271,22.412703,17.906836,17.734772,20.050669,21.674236,21.067102,22.220522,21.0204,22.463104,18.022913,17.820244,0.0,4.0,4.0,0.0,0.0,0.0,4.0,0.0
43537,2023.0,10.0,30.0,8.0,19.994335,20.335875,18.668993,18.897886,19.875738,20.04888,19.324333,19.096773,17.55267,17.791355,18.190784,18.007675,20.130299,20.364216,19.176579,18.934443,17.02183,16.663582,0.0,4.0,0.0,4.0,0.0,4.0,0.0,0.0
43538,2023.0,10.0,30.0,8.0,19.633194,19.89938,18.298752,18.44819,19.431808,19.471699,19.132753,19.105125,20.323042,22.652887,17.98849,18.081476,19.868435,20.050308,19.448496,19.878706,16.731707,16.370186,4.0,4.0,4.0,4.0,4.0,4.0,4.0,0.0
43539,2023.0,10.0,30.0,8.0,18.805517,18.525566,20.210842,21.954292,18.624037,18.158773,18.471577,18.012455,20.019855,21.832954,20.334858,22.14827,19.088884,18.71233,19.52254,19.990389,17.626032,18.318888,4.0,0.0,0.0,4.0,4.0,0.0,4.0,4.0
43540,2023.0,10.0,30.0,8.0,19.035748,19.298964,20.030209,21.400965,18.753357,18.745705,18.619577,18.63294,20.086914,21.840834,20.033686,21.534437,18.608688,18.154804,18.487558,18.16781,20.325207,22.875387,4.0,4.0,4.0,0.0,4.0,0.0,0.0,0.0
43541,2023.0,10.0,30.0,8.0,19.129957,19.461515,20.070415,21.370619,18.858534,18.955744,18.726791,18.844027,18.138874,17.984907,20.080788,21.54475,19.14381,19.377666,17.929901,17.552042,17.87235,17.81676,0.0,4.0,4.0,0.0,0.0,4.0,0.0,0.0
43542,2023.0,10.0,30.0,9.0,18.409258,18.18388,18.557127,18.378605,18.18256,17.766275,18.669888,18.810246,17.141113,16.785355,18.36664,18.183737,18.635527,18.305422,17.68002,17.31094,16.74311,16.449976,0.0,0.0,4.0,0.0,0.0,0.0,0.0,0.0
43543,2023.0,10.0,30.0,9.0,18.751947,19.017334,17.838863,17.335646,17.866693,17.376917,17.985535,17.588589,17.06674,16.898663,17.827665,17.605577,18.318253,17.902325,18.564726,19.130241,16.656713,16.521776,0.0,0.0,0.0,0.0,0.0,0.0,4.0,0.0
43544,2023.0,10.0,30.0,9.0,18.881144,19.263916,18.239573,18.343971,17.722,17.251318,18.308403,18.396322,16.963675,16.835577,17.652828,17.477924,18.958946,19.251251,18.746317,19.318272,16.556885,16.451935,4.0,0.0,4.0,0.0,0.0,4.0,4.0,0.0
43545,2023.0,10.0,30.0,9.0,18.242535,18.090067,20.214014,21.91069,18.45566,18.776222,17.803606,17.44872,16.83431,16.718025,17.852177,18.034159,18.371223,18.05113,17.840376,17.594347,16.440823,16.346151,0.0,4.0,0.0,0.0,4.0,0.0,0.0,0.0
43546,2023.0,10.0,30.0,9.0,18.564579,18.924477,18.813007,18.98903,18.569647,18.800892,17.476652,17.06313,16.696354,16.590477,20.348637,22.301458,18.042915,17.677555,17.403587,17.10157,16.318665,16.2316,0.0,4.0,0.0,0.0,0.0,0.0,0.0,0.0
43547,2023.0,10.0,30.0,9.0,18.112034,17.992432,17.970198,17.849384,17.881802,17.565247,17.350029,16.950115,16.575056,16.476416,18.619076,18.852654,17.939497,17.584257,17.250648,16.955647,16.211317,16.130175,0.0,0.0,0.0,0.0,0.0,0.0,0.0,0.0
43548,2023.0,10.0,30.0,10.0,17.83437,17.615135,18.214382,18.435522,17.597303,17.195024,17.449541,17.24619,16.489504,16.394651,17.841986,17.706953,18.882765,19.462826,17.158772,16.875305,16.134155,16.056267,4.0,0.0,0.0,0.0,0.0,4.0,0.0,0.0
43549,2023.0,10.0,30.0,10.0,17.719759,17.51094,20.237753,21.995718,17.48715,17.101427,17.463936,17.315111,16.4138,16.325123,17.596931,17.449438,18.204676,17.977037,17.231585,17.111177,16.065968,15.993499,4.0,0.0,0.0,0.0,0.0,0.0,0.0,0.0
43550,2023.0,10.0,30.0,10.0,17.835386,17.853235,20.005116,21.33963,17.582125,17.406483,17.418472,17.281294,16.334677,16.248318,17.38471,17.237354,17.83926,17.523043,17.232458,17.13937,15.994979,15.923798,4.0,0.0,0.0,0.0,0.0,0.0,0.0,0.0
43551,2023.0,10.0,30.0,10.0,17.818058,17.846718,20.127771,21.477407,17.584661,17.445019,17.365885,17.236101,16.269033,16.18682,17.22203,17.082598,17.77182,17.46561,17.18184,17.0908,15.935433,15.867989,0.0,0.0,0.0,0.0,0.0,0.0,0.0,0.0
43552,2023.0,10.0,30.0,10.0,17.769238,17.808617,19.031044,19.238848,17.54005,17.413023,18.023666,18.520926,16.219353,16.146027,17.105509,16.988169,17.892548,17.762108,17.136784,17.053078,15.888,15.827544,4.0,0.0,4.0,0.0,0.0,0.0,0.0,0.0
43553,2023.0,10.0,30.0,10.0,17.738012,17.796175,20.194231,21.514278,18.196836,18.69057,18.24424,18.805346,16.18081,16.110218,17.013426,16.899479,17.92483,17.82065,18.105743,18.912466,15.851455,15.793333,0.0,4.0,4.0,0.0,0.0,0.0,4.0,0.0
43554,2023.0,10.0,30.0,11.0,17.703423,17.773758,18.806479,18.754248,18.480902,19.034363,17.540323,17.41283,16.14295,16.07666,16.924896,16.821726,17.915197,17.81671,17.450022,17.333738,15.816416,15.761559,0.0,4.0,0.0,0.0,0.0,0.0,0.0,0.0
43555,2023.0,10.0,30.0,11.0,17.664604,17.73747,18.330147,18.157557,18.316362,18.655275,17.219555,16.935965,16.112478,16.046148,16.855742,16.753012,17.904366,17.808962,17.14047,16.916069,15.788565,15.733555,0.0,4.0,0.0,0.0,0.0,0.0,0.0,0.0
43556,2023.0,10.0,30.0,11.0,17.630272,17.70899,18.169693,18.040205,17.705482,17.530174,17.125263,16.85532,16.087051,16.023449,16.798048,16.702696,17.893934,17.802141,17.053879,16.840641,15.765239,15.71249,0.0,0.0,0.0,0.0,0.0,0.0,0.0,0.0
43557,2023.0,10.0,30.0,11.0,17.596832,17.679707,18.0208,17.899473,17.45205,17.176615,17.702265,18.011736,16.063742,16.001541,16.74431,16.652802,17.883898,17.795359,16.989408,16.78443,15.743659,15.692052,0.0,0.0,4.0,0.0,0.0,0.0,0.0,0.0
43558,2023.0,10.0,30.0,11.0,18.337412,19.105816,18.349499,18.631039,17.975832,18.258717,17.285618,17.14566,16.043085,15.982298,16.696041,16.608227,17.874231,17.78893,17.045052,16.953972,15.7245035,15.674052,4.0,4.0,0.0,0.0,0.0,0.0,0.0,0.0
43559,2023.0,10.0,30.0,11.0,18.51695,19.278593,20.238886,21.965319,18.160465,18.534931,17.083038,16.853685,16.025194,15.965764,16.652409,16.567348,17.863394,17.778845,17.0418,16.966845,15.70783,15.658571,0.0,4.0,0.0,0.0,0.0,0.0,0.0,0.0
43560,2023.0,10.0,30.0,12.0,17.803226,17.856405,19.230206,19.776081,18.219374,18.602314,16.992588,16.768768,16.774456,17.39237,16.993475,17.246986,17.85305,17.769772,17.014725,16.94345,15.690796,15.642648,4.0,4.0,0.0,4.0,4.0,0.0,0.0,0.0
43561,2023.0,10.0,30.0,12.0,21.282166,24.105228,20.197376,21.589851,21.302462,23.970646,21.462852,24.48793,21.250135,24.967344,20.29164,22.93443,21.269566,23.726147,21.482302,24.690407,15.676183,15.627509,0.0,0.0,4.0,0.0,0.0,0.0,0.0,0.0
43562,2023.0,10.0,30.0,12.0,21.021248,23.210176,18.808607,18.80814,21.002468,23.017157,21.010323,23.38717,18.41415,18.754494,18.413242,18.821033,21.021381,23.010466,21.008457,23.462215,15.663796,15.615074,0.0,4.0,0.0,0.0,0.0,0.0,0.0,0.0
43563,2023.0,10.0,30.0,12.0,21.046295,22.99758,17.971394,17.69462,21.055107,22.898233,21.058716,23.161264,16.836597,16.656239,17.291357,17.242167,21.05509,22.826416,21.06987,23.2805,15.656571,15.608322,0.0,4.0,4.0,0.0,0.0,0.0,0.0,0.0
43564,2023.0,10.0,30.0,12.0,21.069855,22.904741,18.357758,18.64035,21.0465,22.730509,21.076181,23.015833,16.68649,16.599386,17.47583,17.746279,21.048412,22.633781,21.059717,23.04873,15.653916,15.606529,4.0,4.0,0.0,0.0,4.0,0.0,0.0,0.0
43565,2023.0,10.0,30.0,12.0,21.146133,22.942122,20.304983,22.048449,21.164003,22.858385,21.144955,23.009674,16.613268,16.53561,20.27336,22.590778,21.117188,22.641033,21.16891,23.115526,15.653515,15.607125,0.0,4.0,0.0,0.0,0.0,0.0,0.0,0.0
43566,2023.0,10.0,30.0,13.0,21.03604,22.615383,19.26253,19.799547,21.044067,22.536148,21.069027,22.74976,16.534874,16.460667,18.56881,18.922071,21.04563,22.399513,21.0576,22.779087,15.654033,15.608726,4.0,4.0,0.0,0.0,0.0,0.0,0.0,0.0
43567,2023.0,10.0,30.0,13.0,21.188534,22.882557,20.18523,21.633095,21.188257,22.784327,21.246624,23.0307,16.47129,16.400713,17.528751,17.465302,21.152874,22.541748,21.327084,23.20956,15.655628,15.612268,4.0,0.0,4.0,0.0,0.0,0.0,4.0,0.0
43568,2023.0,10.0,30.0,13.0,21.029764,22.493156,20.008371,21.173141,21.033148,22.39868,21.073385,22.63356,16.417791,16.349438,17.290081,17.195328,21.041319,22.259684,21.07372,22.646019,15.657857,15.61671,4.0,4.0,0.0,0.0,0.0,0.0,0.0,0.0
43569,2023.0,10.0,30.0,13.0,21.076694,22.556494,20.078014,21.238037,21.08197,22.460678,21.091362,22.592602,16.375593,16.311176,17.176317,17.0808,21.089293,22.30979,21.129341,22.698494,15.659862,15.620736,4.0,4.0,4.0,0.0,0.0,0.0,0.0,0.0
43570,2023.0,10.0,30.0,13.0,21.116547,22.617796,20.071959,21.155294,21.119171,22.512594,21.087622,22.541615,16.341454,16.281141,17.090643,17.00098,21.085615,22.251368,21.12351,22.611874,15.661895,15.624761,4.0,0.0,4.0,0.0,0.0,0.0,0.0,0.0
43571,2023.0,10.0,30.0,13.0,21.112358,22.564749,20.097918,21.192316,21.074268,22.352291,21.084711,22.50832,16.312792,16.256231,17.019327,16.935263,21.08312,22.21664,21.105991,22.555431,15.6642065,15.628954,0.0,4.0,4.0,0.0,0.0,0.0,0.0,0.0
43572,2023.0,10.0,30.0,14.0,21.022131,22.357182,19.261436,19.527657,21.05819,22.34455,21.061245,22.471085,16.28994,16.237747,16.963936,16.889372,21.034695,22.106346,21.044529,22.429058,15.666659,15.63299,4.0,0.0,0.0,0.0,0.0,0.0,0.0,0.0
43573,2023.0,10.0,30.0,14.0,19.673508,19.789911,20.18224,21.419313,19.683788,19.689138,19.572079,19.592451,16.268282,16.217913,16.909338,16.836857,20.658836,21.338026,19.693079,19.813524,15.668057,15.6346,0.0,0.0,0.0,0.0,0.0,4.0,0.0,0.0
43574,2023.0,10.0,30.0,14.0,19.605299,20.13463,18.972303,19.005367,18.87338,18.649712,18.717726,18.519331,16.247673,16.198427,16.86166,16.791739,19.795769,19.83342,18.951376,18.883308,15.666326,15.632895,0.0,0.0,0.0,0.0,0.0,0.0,0.0,0.0
43575,2023.0,10.0,30.0,14.0,18.99347,19.008821,18.528446,18.441496,18.766611,18.653238,18.453657,18.22208,16.2303,16.181284,16.82549,16.756151,19.296274,19.047676,18.70265,18.606152,15.662326,15.628662,0.0,0.0,0.0,0.0,0.0,0.0,0.0,0.0
43576,2023.0,10.0,30.0,14.0,18.671732,18.597496,18.845352,19.191078,18.649874,18.559206,18.415915,18.331245,16.212925,16.16442,16.790058,16.722004,19.084188,18.818197,18.52604,18.429094,15.656484,15.622556,4.0,0.0,0.0,0.0,0.0,0.0,0.0,0.0
43577,2023.0,10.0,30.0,14.0,18.51538,18.45052,20.183056,21.58053,18.528418,18.445446,18.315884,18.254797,16.195904,16.148874,16.75669,16.69118,18.950636,18.696638,18.385025,18.29706,15.649289,15.615706,0.0,0.0,0.0,0.0,0.0,0.0,0.0,0.0
43578,2023.0,10.0,30.0,15.0,18.495096,18.568066,19.069357,19.298359,19.074545,19.589956,18.182854,18.127766,16.176382,16.131008,16.72096,16.658787,18.942625,18.823984,18.23731,18.155731,15.639889,15.606927,0.0,4.0,0.0,0.0,0.0,0.0,0.0,0.0
43579,2023.0,10.0,30.0,15.0,18.435955,18.52843,18.95123,19.28941,18.62648,18.677074,18.076473,18.014996,16.154558,16.107193,17.088495,17.378096,18.891884,18.79351,18.120789,18.03625,15.626414,15.591386,4.0,0.0,0.0,0.0,4.0,0.0,0.0,0.0
43580,2023.0,10.0,30.0,15.0,18.352716,18.447086,20.180408,21.494804,18.205439,17.994596,17.979961,17.918205,16.130835,16.08208,20.280317,22.862947,18.811636,18.716335,18.01575,17.934286,15.610908,15.574289,0.0,0.0,0.0,0.0,4.0,0.0,0.0,0.0
43581,2023.0,10.0,30.0,15.0,18.270754,18.370907,18.892117,18.88749,17.976944,17.724438,17.878544,17.81468,16.103931,16.053951,20.024218,21.98205,19.508196,20.118093,17.904795,17.824938,16.57978,17.418896,0.0,0.0,0.0,0.0,0.0,4.0,0.0,4.0
43582,2023.0,10.0,30.0,15.0,18.920765,19.661743,18.536907,18.634287,18.498627,18.806452,17.787611,17.719437,16.075891,16.024654,18.293392,18.400944,18.891045,18.756998,17.80189,17.722225,20.3815,23.784561,4.0,4.0,0.0,0.0,0.0,0.0,0.0,0.0
43583,2023.0,10.0,30.0,15.0,18.960472,19.521526,20.207947,21.675224,18.7013,19.066381,18.406288,18.945532,16.047405,15.994619,17.463722,17.382309,18.485245,18.231936,17.708937,17.62976,18.26961,19.08861,0.0,4.0,4.0,0.0,0.0,0.0,0.0,4.0
43584,2023.0,10.0,30.0,16.0,18.893164,19.42271,18.838463,18.844633,18.700989,19.056067,18.65378,19.226711,16.787027,17.4107,17.275003,17.185833,18.344748,18.076164,17.624443,17.545332,20.323975,23.14241,0.0,4.0,4.0,4.0,0.0,0.0,0.0,0.0
43585,2023.0,10.0,30.0,16.0,18.278774,18.273268,18.650906,18.938898,18.695375,19.047062,17.937857,17.833458,20.330315,23.395908,17.138735,17.050781,18.397327,18.277126,17.54958,17.473152,18.559504,19.313972,4.0,4.0,0.0,0.0,0.0,0.0,0.0,4.0
43586,2023.0,10.0,30.0,16.0,18.651096,19.171963,20.181873,21.608501,18.688797,19.037851,17.529383,17.289188,17.861124,18.088854,17.019638,16.93113,18.395794,18.30182,18.558758,19.44317,20.311293,22.81934,4.0,4.0,0.0,0.0,0.0,0.0,4.0,0.0
43587,2023.0,10.0,30.0,16.0,18.19653,18.18739,20.01721,21.144104,18.108295,17.962128,17.39186,17.132719,16.657454,16.508478,16.918158,16.832657,18.348059,18.25945,17.843176,17.754536,18.049301,18.173775,4.0,0.0,0.0,0.0,0.0,0.0,0.0,0.0
43588,2023.0,10.0,30.0,16.0,17.872898,17.778366,20.037567,21.096949,17.740765,17.465975,18.008364,18.360712,16.50942,16.4346,16.83013,16.747839,18.295864,18.209301,17.381807,17.185602,16.945078,16.769339,4.0,0.0,4.0,0.0,0.0,0.0,0.0,0.0
43589,2023.0,10.0,30.0,16.0,18.49766,19.039103,20.034336,21.030872,17.602713,17.316095,17.612095,17.459751,16.432909,16.369991,16.753038,16.675623,18.246023,18.16241,17.25102,17.050638,16.633768,16.445635,4.0,0.0,0.0,0.0,0.0,0.0,0.0,0.0
43590,2023.0,10.0,30.0,17.0,18.687317,19.21811,20.034264,20.988106,18.19875,18.511885,17.999517,18.352993,16.347904,16.288784,16.682224,16.608614,19.024965,19.688253,17.161316,16.96312,16.536608,16.453827,4.0,4.0,4.0,0.0,0.0,4.0,0.0,0.0
43591,2023.0,10.0,30.0,17.0,18.696253,19.203564,20.034548,20.955502,18.399063,18.733898,18.16429,18.514378,16.26903,16.208933,16.613554,16.539276,18.35127,18.166498,17.196815,17.11274,16.426914,16.356867,4.0,4.0,4.0,0.0,0.0,0.0,0.0,0.0
43592,2023.0,10.0,30.0,17.0,18.69641,19.183136,20.034874,20.929314,18.406345,18.721247,18.170132,18.49878,16.988832,17.629578,16.545498,16.468102,18.765017,19.188963,17.182337,17.110218,17.277311,18.072926,4.0,4.0,4.0,4.0,0.0,4.0,0.0,4.0
43593,2023.0,10.0,30.0,17.0,18.07024,18.002342,20.035263,20.9075,17.819254,17.616081,17.576841,17.376738,20.279188,23.15368,16.482037,16.40259,18.223375,17.989656,17.128557,17.048979,20.306625,23.166428,4.0,0.0,0.0,0.0,0.0,0.0,0.0,0.0
43594,2023.0,10.0,30.0,17.0,18.435526,18.885574,20.035654,20.888494,18.109116,18.340593,17.886822,18.141796,18.373299,18.94799,16.416807,16.32897,17.892647,17.5832,17.071169,16.98601,17.810532,17.916086,4.0,4.0,4.0,4.0,0.0,0.0,0.0,0.0
43595,2023.0,10.0,30.0,17.0,18.589481,19.031588,20.036116,20.871923,17.686176,17.445337,18.05262,18.326706,20.316114,22.797323,16.3534,16.258448,17.773098,17.4451,17.015635,16.924843,16.624464,16.404507,4.0,0.0,4.0,0.0,0.0,0.0,0.0,0.0
43596,2023.0,10.0,30.0,18.0,18.578115,18.99379,20.054722,20.90761,17.985382,18.180695,18.048243,18.301504,18.034853,18.054878,16.667572,16.892853,17.876785,17.737604,16.960709,16.86425,16.46173,16.355936,0.0,4.0,4.0,0.0,4.0,0.0,0.0,0.0
43597,2023.0,10.0,30.0,18.0,21.306618,23.748161,19.199738,19.230055,21.330603,23.913488,21.313047,23.994493,16.87629,16.574255,20.432428,23.150728,21.35632,23.726404,22.578371,26.392347,17.39386,18.234058,4.0,4.0,0.0,0.0,0.0,4.0,0.0,4.0
43598,2023.0,10.0,30.0,18.0,21.144905,23.147848,20.154898,21.206877,21.0091,22.935171,21.004974,23.011164,16.762985,16.641024,18.238298,18.594275,21.104633,23.046452,20.872425,22.993141,20.33537,23.16064,4.0,4.0,4.0,0.0,0.0,0.0,4.0,0.0
43599,2023.0,10.0,30.0,18.0,21.076109,22.834745,20.038029,20.921242,21.058002,22.802486,21.061829,22.890316,16.680182,16.581146,17.022062,16.929323,21.042109,22.66745,21.115278,23.234842,17.77516,17.794794,0.0,4.0,4.0,0.0,0.0,4.0,0.0,0.0
43600,2023.0,10.0,30.0,18.0,21.03845,22.605482,18.853083,18.61229,21.049793,22.629698,21.052904,22.715012,16.560701,16.46906,16.788301,16.6807,21.040411,22.505657,21.071405,22.960468,17.564512,18.147972,0.0,4.0,4.0,0.0,0.0,4.0,0.0,4.0
43601,2023.0,10.0,30.0,18.0,21.069963,22.594324,18.828539,19.0124,21.048769,22.515802,21.07664,22.669088,16.45259,16.359634,16.662214,16.553469,21.06747,22.464125,21.074354,22.82819,20.336353,22.927828,4.0,4.0,0.0,0.0,0.0,0.0,0.0,0.0
43602,2023.0,10.0,30.0,19.0,21.17315,22.708727,20.15133,21.329014,21.072021,22.49847,21.069813,22.566101,16.357296,16.263344,16.554245,16.442427,21.129234,22.47799,21.058828,22.720854,18.592766,19.165312,4.0,0.0,0.0,0.0,0.0,4.0,0.0,4.0
43603,2023.0,10.0,30.0,19.0,21.040558,22.388885,20.023142,20.969528,21.04089,22.347506,21.069408,22.495039,16.274897,16.179893,16.844727,17.065847,21.035587,22.225792,21.059479,22.661423,20.315172,22.622852,4.0,4.0,0.0,0.0,4.0,4.0,0.0,0.0
43604,2023.0,10.0,30.0,19.0,21.039768,22.350246,20.03969,20.936071,21.045473,22.306604,21.052204,22.437012,16.963583,17.539606,20.449697,23.074106,21.034512,22.177162,21.058493,22.611292,18.727812,19.251423,4.0,4.0,0.0,4.0,4.0,4.0,0.0,4.0
43605,2023.0,10.0,30.0,19.0,21.039408,22.318254,20.036558,20.88146,21.069134,22.334349,21.05341,22.414152,21.374842,24.927223,20.03138,22.044527,21.033812,22.138746,21.05765,22.570606,21.18352,23.93215,4.0,0.0,0.0,4.0,0.0,4.0,0.0,4.0
43606,2023.0,10.0,30.0,19.0,21.038214,22.288862,20.036274,20.844648,21.038317,22.214886,21.052242,22.387901,20.028988,22.159313,18.018032,17.913551,21.03329,22.107462,21.057074,22.5373,19.894394,21.313953,4.0,4.0,0.0,0.0,0.0,4.0,0.0,0.0
43607,2023.0,10.0,30.0,19.0,21.037645,22.263355,20.054228,20.86831,21.04335,22.197847,21.051828,22.365858,17.894821,17.799038,17.189161,17.046755,21.032827,22.081177,21.056305,22.50866,18.155014,17.968893,0.0,4.0,0.0,0.0,0.0,4.0,0.0,0.0
43608,2023.0,10.0,30.0,20.0,21.037815,22.241613,19.194925,19.175714,21.06767,22.243973,21.051426,22.347048,17.607208,17.938643,17.045557,16.915483,21.06218,22.136086,21.055895,22.484474,17.273434,16.92863,4.0,0.0,0.0,4.0,0.0,0.0,0.0,0.0
43609,2023.0,10.0,30.0,20.0,21.15502,22.47668,20.153717,21.156796,21.182602,22.42914,21.17056,22.57016,20.36541,22.583673,16.890987,16.759073,21.145618,22.2572,21.184505,22.721464,16.94942,16.606022,4.0,4.0,0.0,4.0,0.0,4.0,0.0,0.0
43610,2023.0,10.0,30.0,20.0,21.05576,22.251211,20.03493,20.870386,21.039944,22.124771,21.048824,22.31243,20.031546,21.830276,17.150835,17.36695,21.061361,22.08859,21.052574,22.438454,16.933144,16.809229,0.0,4.0,0.0,0.0,4.0,0.0,0.0,0.0
43611,2023.0,10.0,30.0,20.0,21.057909,22.230268,19.15773,19.126213,21.041641,22.11336,21.05102,22.303913,18.073853,17.899925,20.36167,22.728094,21.056324,22.056604,21.054962,22.426094,16.837059,16.727228,4.0,4.0,0.0,0.0,0.0,0.0,0.0,0.0
43612,2023.0,10.0,30.0,20.0,21.177021,22.448143,20.162432,21.18797,21.211044,22.439623,21.251465,22.67356,17.072838,16.68519,18.368494,18.633984,21.168514,22.24384,21.219252,22.740328,16.702244,16.597233,4.0,4.0,4.0,0.0,0.0,4.0,0.0,0.0
43613,2023.0,10.0,30.0,20.0,21.04179,22.188519,20.038061,20.877024,21.040606,22.081623,21.05488,22.28893,17.825954,18.403887,17.605585,17.80523,21.061031,22.03512,21.053478,22.391073,17.52079,18.248585,0.0,4.0,0.0,4.0,4.0,0.0,0.0,4.0
43614,2023.0,10.0,30.0,21.0,21.202497,22.518162,19.1376,19.082523,21.202835,22.39567,21.041859,22.19984,20.324224,22.600576,20.36883,22.52557,21.128538,22.155624,21.014748,22.27592,21.617567,25.091038,4.0,4.0,4.0,0.0,0.0,0.0,4.0,0.0
43615,2023.0,10.0,30.0,21.0,21.285917,22.66394,20.185148,21.24596,21.210407,22.395777,21.173485,22.45371,18.06307,17.92417,18.147804,18.034601,21.16963,22.204351,21.25686,22.731194,19.100082,19.601793,0.0,4.0,0.0,0.0,0.0,4.0,4.0,4.0
43616,2023.0,10.0,30.0,21.0,21.02091,22.135536,18.846704,18.551773,21.065062,22.110617,21.063148,22.2021,16.977036,16.595963,16.969948,16.542889,21.030205,21.919252,21.03277,22.258446,20.304876,22.404305,0.0,0.0,0.0,0.0,0.0,4.0,4.0,0.0
43617,2023.0,10.0,30.0,21.0,21.037045,22.145205,18.346294,18.090242,21.059778,22.085888,21.038105,22.110497,16.925962,16.776016,16.923223,16.734398,21.030102,21.918451,21.072802,22.352568,18.119568,17.962543,0.0,0.0,4.0,0.0,0.0,4.0,0.0,0.0
43618,2023.0,10.0,30.0,21.0,21.062256,22.199724,18.247824,18.02651,21.05923,22.070545,21.06896,22.1798,16.852459,16.72116,16.875334,16.723408,21.02945,21.91536,21.063238,22.312109,17.081175,16.714218,0.0,0.0,0.0,0.0,0.0,4.0,0.0,0.0
43619,2023.0,10.0,30.0,21.0,21.056175,22.167984,18.59613,18.793167,21.042173,22.057764,21.061928,22.152525,16.726318,16.599226,16.75509,16.60866,21.029705,21.912573,21.064453,22.293274,17.018198,16.889786,4.0,0.0,0.0,0.0,0.0,4.0,0.0,0.0
43620,2023.0,10.0,30.0,22.0,21.219082,22.457735,20.190397,21.550411,21.2097,22.404053,21.203484,22.457605,16.613737,16.48982,16.641317,16.496855,21.135548,22.138002,21.195063,22.536692,16.914356,16.79647,4.0,0.0,0.0,0.0,0.0,0.0,0.0,0.0
43621,2023.0,10.0,30.0,22.0,21.034601,22.07486,20.019325,21.042423,21.043705,22.073423,21.047194,22.152102,17.134003,17.560738,16.530996,16.37901,21.054026,21.95729,21.04876,22.25376,16.763428,16.639885,4.0,0.0,0.0,4.0,0.0,0.0,0.0,0.0
43622,2023.0,10.0,30.0,22.0,21.062384,22.144669,20.04393,20.984766,21.044554,22.078363,21.047768,22.160482,20.3748,22.961994,16.435951,16.280748,21.025356,21.866901,21.051699,22.26574,16.633232,16.508642,4.0,0.0,0.0,4.0,0.0,4.0,0.0,0.0
43623,2023.0,10.0,30.0,22.0,21.055984,22.116924,20.058693,20.955582,21.018784,22.00733,21.047844,22.163776,20.00994,21.97629,16.345753,16.18301,21.061007,21.95124,21.051132,22.266603,16.51326,16.381908,0.0,4.0,0.0,4.0,0.0,0.0,0.0,0.0
43624,2023.0,10.0,30.0,22.0,21.057123,22.102156,18.728895,18.350267,21.050192,22.094282,21.022997,22.095146,20.087965,21.910233,16.557781,16.643063,21.055483,21.926228,21.05177,22.266863,16.411432,16.277906,0.0,0.0,4.0,0.0,4.0,0.0,0.0,0.0
43625,2023.0,10.0,30.0,22.0,21.01254,22.013687,18.296392,17.991173,21.038147,22.009544,21.028502,22.110935,18.020576,17.753431,20.4646,23.185736,21.02617,21.836191,21.051823,22.264112,16.31719,16.178204,4.0,4.0,4.0,0.0,0.0,4.0,0.0,0.0
43626,2023.0,10.0,30.0,23.0,21.065907,22.12181,20.298773,21.522257,21.067366,22.06251,21.07281,22.182196,17.596712,17.659986,18.453888,18.95681,21.031553,21.843845,21.051872,22.260143,16.23295,16.0896,0.0,0.0,0.0,4.0,4.0,4.0,0.0,0.0
43627,2023.0,10.0,30.0,23.0,20.187609,20.389511,19.014416,18.938396,19.57976,19.186085,19.48936,19.113401,17.05086,16.658745,17.101881,16.968164,19.622114,19.163366,19.694975,19.64551,16.868883,17.347816,4.0,0.0,0.0,0.0,0.0,0.0,0.0,4.0
43628,2023.0,10.0,30.0,23.0,19.861061,19.972424,18.112213,17.45223,18.862785,18.15757,18.745775,18.062426,16.680298,16.194252,16.808453,16.61455,19.830956,19.894444,19.144531,18.942575,16.356455,16.221369,0.0,0.0,0.0,0.0,0.0,4.0,0.0,0.0
43629,2023.0,10.0,30.0,23.0,19.055868,18.595037,17.767212,17.0554,18.91211,18.547318,18.782837,18.439833,16.75717,16.55054,16.673859,16.477749,19.099926,18.526485,18.887835,18.689463,15.943866,15.566564,0.0,0.0,0.0,0.0,0.0,0.0,0.0,0.0
43630,2023.0,10.0,30.0,23.0,18.691261,18.16204,17.923077,17.568285,18.845177,18.54461,18.704744,18.426231,17.29804,17.63984,16.550508,16.350111,18.746891,18.131939,18.673794,18.476267,15.775994,15.375752,0.0,0.0,0.0,4.0,0.0,0.0,0.0,0.0
43631,2023.0,10.0,30.0,23.0,18.4864,17.962816,17.923964,17.624271,18.7125,18.417477,18.564148,18.29157,16.81278,16.641886,16.442947,16.240793,18.557276,17.94987,18.493795,18.30174,15.915443,15.761431,0.0,0.0,0.0,0.0,0.0,0.0,0.0,0.0
43632,2023.0,10.0,31.0,0.0,18.66628,18.499504,17.837189,17.539858,18.582092,18.283993,18.427168,18.151554,16.898607,16.94105,16.341005,16.133972,18.742613,18.49319,18.322788,18.119308,15.898775,15.740605,0.0,0.0,0.0,4.0,0.0,0.0,0.0,0.0
43633,2023.0,10.0,31.0,0.0,18.652006,18.542898,17.758299,17.464676,18.470467,18.178045,18.310398,18.040522,16.353992,15.91999,16.253656,16.04875,18.69987,18.466028,18.1802,17.979633,15.851737,15.693893,0.0,0.0,0.0,0.0,0.0,0.0,0.0,0.0
43634,2023.0,10.0,31.0,0.0,18.570295,18.46519,17.677582,17.38299,18.361198,18.066246,18.196396,17.923584,16.080057,15.5918,16.168386,15.960061,18.606258,18.370441,18.046585,17.84267,15.805142,15.64597,0.0,0.0,0.0,0.0,0.0,0.0,0.0,0.0
43635,2023.0,10.0,31.0,0.0,18.491318,18.392172,17.609137,17.320776,18.271002,17.983875,18.102533,17.837599,16.249186,16.075483,16.096226,15.891389,18.522568,18.28975,17.931967,17.731705,15.762203,15.6043415,0.0,0.0,0.0,0.0,0.0,0.0,0.0,0.0
43636,2023.0,10.0,31.0,0.0,18.411865,18.314611,17.54105,17.254295,18.182314,17.89666,18.010399,17.746685,16.210382,16.029032,16.025862,15.820581,18.441349,18.208466,17.824492,17.624388,15.719717,15.5618105,0.0,0.0,0.0,0.0,0.0,0.0,0.0,0.0
43637,2023.0,10.0,31.0,0.0,18.338799,18.244972,17.479338,17.19627,18.102928,17.821562,17.928099,17.668531,16.1462,15.965972,15.962137,15.758288,18.367344,18.135897,17.727303,17.528927,15.679511,15.522259,0.0,0.0,0.0,0.0,0.0,0.0,0.0,0.0
43638,2023.0,10.0,31.0,1.0,18.270334,18.179804,17.421482,17.141941,18.02913,17.751822,17.85174,17.596067,16.085325,15.9062195,15.902776,15.700312,18.29867,18.068619,17.637817,17.441078,15.640953,15.484365,0.0,0.0,0.0,0.0,0.0,0.0,0.0,0.0
43639,2023.0,10.0,31.0,1.0,18.20756,18.121628,17.368189,17.09322,17.962513,17.69137,17.783075,17.533632,16.028574,15.851693,15.848507,15.648707,18.985342,19.425488,17.556828,17.363543,15.603653,15.447553,0.0,0.0,0.0,0.0,0.0,4.0,0.0,0.0
43640,2023.0,10.0,31.0,1.0,18.143059,18.056662,17.312372,17.037245,17.89376,17.622725,17.712221,17.462786,15.97097,15.792857,15.792465,15.591249,18.11164,17.612133,17.476803,17.282883,15.564934,15.407396,0.0,0.0,0.0,0.0,0.0,0.0,0.0,0.0
43641,2023.0,10.0,31.0,1.0,18.833614,19.40933,17.257536,16.981035,17.82711,17.554663,17.643513,17.392576,15.91475,15.734401,15.737407,15.533736,17.792797,17.214987,17.399786,17.203917,16.252115,16.732748,0.0,0.0,0.0,0.0,0.0,0.0,0.0,4.0
43642,2023.0,10.0,31.0,1.0,18.329937,18.334145,17.204687,16.926851,17.763397,17.489655,17.578266,17.325783,15.861061,15.678608,15.684167,15.478169,17.675486,17.098518,17.326672,17.129038,15.746736,15.611163,0.0,0.0,0.0,0.0,0.0,0.0,0.0,0.0
43643,2023.0,10.0,31.0,1.0,17.711555,17.231981,17.153364,16.873985,17.701912,17.426682,17.51593,17.261509,15.809619,15.624973,15.63218,15.423731,17.91076,17.674437,17.256607,17.057087,15.336498,14.930592,0.0,0.0,0.0,0.0,0.0,0.0,0.0,0.0
43644,2023.0,10.0,31.0,2.0,17.503195,16.993786,17.100458,16.816402,17.638895,17.358433,17.45226,17.192131,15.757599,15.568744,15.578677,15.36514,17.910593,17.671034,17.187109,16.983553,15.184329,14.756288,0.0,0.0,0.0,0.0,0.0,0.0,0.0,0.0
43645,2023.0,10.0,31.0,2.0,17.74989,17.603657,17.057638,16.777687,17.58806,17.312475,17.4007,17.145245,15.71268,15.525883,15.53378,15.322856,17.868528,17.63094,17.126438,16.925385,15.340989,15.160718,0.0,0.0,0.0,0.0,0.0,0.0,0.0,0.0
43646,2023.0,10.0,31.0,2.0,17.789927,17.694262,17.012089,16.731356,17.533869,17.257122,17.345463,17.088652,15.666099,15.4779825,15.486539,15.273942,17.824371,17.585796,17.065153,16.86303,15.349657,15.182495,0.0,0.0,0.0,0.0,0.0,0.0,0.0,0.0
43647,2023.0,10.0,31.0,2.0,17.756113,17.663433,16.973652,16.697855,17.48853,17.217485,17.299236,17.048111,15.625298,15.440178,15.736604,15.779354,18.546196,18.98976,17.010868,16.812357,15.321643,15.156155,0.0,0.0,0.0,0.0,4.0,4.0,0.0,0.0
43648,2023.0,10.0,31.0,2.0,17.716143,17.624979,16.933533,16.6594,17.44132,17.171999,17.25105,17.001572,15.583792,15.399291,15.557136,15.391005,17.68014,17.172144,17.972874,18.671728,15.289863,15.124908,0.0,0.0,0.0,0.0,0.0,0.0,4.0,0.0
43649,2023.0,10.0,31.0,2.0,17.67449,17.584284,16.894411,16.621498,17.395582,17.127392,17.204159,16.95583,15.543539,15.359425,15.433307,15.229109,17.380796,16.798647,16.999538,16.591774,15.25715,15.092527,0.0,0.0,0.0,0.0,0.0,0.0,0.0,0.0
43650,2023.0,10.0,31.0,3.0,17.632017,17.541988,16.85559,16.583332,17.350546,17.082752,17.15792,16.910002,15.5041685,15.319928,15.378398,15.170636,17.282291,16.704836,16.647743,16.154432,15.950397,16.425894,0.0,0.0,0.0,0.0,0.0,0.0,0.0,4.0
43651,2023.0,10.0,31.0,3.0,17.589418,17.499111,16.817066,16.545092,17.305904,17.038256,17.112677,16.864666,15.465875,15.281234,15.332089,15.123627,17.531282,17.294104,16.526287,16.036396,15.452434,15.317985,0.0,0.0,0.0,0.0,0.0,0.0,0.0,0.0
43652,2023.0,10.0,31.0,3.0,17.545444,17.453098,16.777391,16.504148,17.259897,16.9907,17.068533,16.819164,15.427457,15.241269,15.287748,15.077244,17.55117,17.315784,16.706455,16.500689,15.028,14.601035,0.0,0.0,0.0,0.0,0.0,0.0,0.0,0.0
43653,2023.0,10.0,31.0,3.0,17.503029,17.409548,16.738575,16.464424,17.217026,16.947535,17.024967,16.774963,15.39068,15.203605,15.246165,15.034411,17.51872,17.282213,16.703804,16.504536,15.007789,14.679798,0.0,0.0,0.0,0.0,0.0,0.0,0.0,0.0
43654,2023.0,10.0,31.0,3.0,17.467651,17.38325,16.697622,16.423891,17.170969,16.902298,16.978653,16.729246,15.351785,15.164684,15.202773,14.991094,17.483608,17.247112,16.66344,16.46424,15.111654,14.943882,0.0,0.0,0.0,0.0,0.0,0.0,0.0,0.0
43655,2023.0,10.0,31.0,3.0,17.439829,17.364761,16.661697,16.388239,17.130434,16.862389,16.937822,16.688946,15.318173,15.130904,15.166107,14.954266,17.45158,17.215008,16.622404,16.42326,15.099213,14.931022,0.0,0.0,0.0,0.0,0.0,0.0,0.0,0.0
43656,2023.0,10.0,31.0,4.0,17.403997,17.329124,16.626974,16.354992,17.091154,16.824755,16.898193,16.650913,15.285628,15.098899,15.451138,15.521471,17.419533,17.183535,16.580685,16.382305,15.0696,14.901716,0.0,0.0,0.0,0.0,4.0,0.0,0.0,0.0
43657,2023.0,10.0,31.0,4.0,17.367222,17.292337,16.592049,16.320786,17.051811,16.78639,16.858541,16.612156,15.2534485,15.066975,15.221489,15.024816,17.387348,17.151718,16.538935,16.341053,15.0388565,14.871179,0.0,0.0,0.0,0.0,0.0,0.0,0.0,0.0
43658,2023.0,10.0,31.0,4.0,17.332336,17.259115,16.559551,16.290617,17.014856,16.752153,16.821434,16.577648,15.223178,15.038286,15.424077,15.469994,17.35657,17.122604,16.49914,16.303284,15.734999,16.208893,0.0,0.0,0.0,0.0,4.0,0.0,0.0,4.0
43659,2023.0,10.0,31.0,4.0,17.296068,17.222918,16.52612,16.258003,16.977001,16.715445,16.783594,16.540764,15.192295,15.0078945,15.239435,15.0736065,18.086609,18.530397,17.491665,18.20747,15.25917,15.145555,0.0,0.0,0.0,0.0,0.0,4.0,4.0,0.0
43660,2023.0,10.0,31.0,4.0,17.259943,17.1866,16.492962,16.225395,16.939749,16.67892,16.74634,16.50408,15.161599,14.977524,15.116113,14.91168,17.24161,16.744986,16.517393,16.111536,14.993422,14.754646,0.0,0.0,0.0,0.0,0.0,0.0,0.0,0.0
43661,2023.0,10.0,31.0,4.0,17.21763,17.140907,16.453426,16.183264,16.896105,16.632866,16.70267,16.457867,15.125845,14.939882,15.051624,14.840125,16.837425,16.257772,16.042202,15.551116,15.019731,14.850685,0.0,0.0,0.0,0.0,0.0,0.0,0.0,0.0
43662,2023.0,10.0,31.0,5.0,17.180643,17.10541,16.419228,16.151691,16.857605,16.597126,16.664406,16.422134,15.09384,14.909386,15.314949,15.375714,17.099524,16.877672,15.93747,15.452587,15.000176,14.844997,0.0,0.0,0.0,0.0,4.0,0.0,0.0,0.0
43663,2023.0,10.0,31.0,5.0,17.14417,17.070223,16.385878,16.120491,16.81948,16.561434,16.62686,16.38667,15.062587,14.87965,15.125649,14.930134,17.1431,16.911415,15.858247,15.3786545,15.005064,14.884708,0.0,0.0,0.0,0.0,0.0,0.0,0.0,0.0
43664,2023.0,10.0,31.0,5.0,17.10987,17.037573,16.354885,16.092623,16.783619,16.528866,16.591679,16.354433,15.03329,14.852443,15.002902,14.798938,17.120344,16.891119,16.069004,15.873517,15.004448,14.906344,0.0,0.0,0.0,0.0,0.0,0.0,0.0,0.0
43665,2023.0,10.0,31.0,5.0,17.077564,17.008348,16.325882,16.068,16.750153,16.499897,17.24378,17.615845,15.005899,14.828031,15.006273,14.849527,17.096579,16.870453,16.117212,15.926688,15.65669,16.153807,0.0,0.0,4.0,0.0,0.0,0.0,0.0,4.0
43666,2023.0,10.0,31.0,5.0,17.04459,16.977175,16.296486,16.041925,16.716541,16.469532,16.882553,16.73514,15.002261,14.845835,15.004052,14.866971,17.071577,16.847883,16.104517,15.918746,14.953278,14.727066,0.0,0.0,0.0,0.0,0.0,0.0,0.0,0.0
43667,2023.0,10.0,31.0,5.0,17.01185,16.945845,16.267132,16.015276,16.683079,16.438606,16.245956,15.645978,15.557174,15.907132,15.004779,14.88559,17.04604,16.824389,16.079803,15.896311,15.390568,15.619648,0.0,0.0,0.0,4.0,0.0,0.0,0.0,4.0
43668,2023.0,10.0,31.0,6.0,16.98105,16.916872,16.238894,15.990045,16.650785,16.40924,16.034815,15.439691,15.207843,15.044683,15.004867,14.900044,17.020844,16.801464,16.052746,15.871423,15.602516,15.857582,0.0,0.0,0.0,0.0,0.0,0.0,0.0,4.0
43669,2023.0,10.0,31.0,6.0,21.23715,24.355003,16.21046,15.963795,21.288649,24.340502,21.250933,24.400658,15.022888,14.854328,15.194817,15.26322,20.990181,23.523024,21.572594,25.161026,20.14872,23.430998,0.0,0.0,0.0,0.0,4.0,0.0,0.0,0.0
43670,2023.0,10.0,31.0,6.0,21.128155,23.58131,16.181435,15.935716,21.119486,23.617699,21.117813,23.696209,15.426755,15.295494,20.193287,23.491661,21.072618,23.414803,21.056717,23.812431,17.024736,16.953932,0.0,0.0,4.0,0.0,0.0,0.0,0.0,0.0
43671,2023.0,10.0,31.0,6.0,20.983923,23.04631,16.158375,15.910799,20.975416,23.029165,20.985998,23.162893,16.690506,17.265022,17.626099,18.11522,21.039673,23.07318,21.008211,23.403828,15.498296,15.074298,0.0,4.0,0.0,4.0,0.0,0.0,0.0,0.0
43672,2023.0,10.0,31.0,6.0,21.077204,23.060959,16.135855,15.887304,21.084366,23.070984,21.107964,23.158274,20.285116,23.62181,16.267624,16.3676,21.068754,22.932625,21.049381,23.242191,16.283258,16.848684,0.0,0.0,0.0,0.0,4.0,0.0,4.0,4.0
43673,2023.0,10.0,31.0,6.0,21.156652,23.096518,16.53943,16.6623,21.154022,23.024195,21.152182,23.073101,17.709915,18.020737,20.4835,23.54932,21.12188,22.893684,21.178,23.337599,20.718966,24.323072,4.0,0.0,0.0,4.0,4.0,0.0,0.0,0.0
43674,2023.0,10.0,31.0,7.0,21.909061,24.254559,20.30959,23.113672,21.156612,22.89312,21.158579,22.999914,20.473707,23.344685,20.0064,22.445122,21.60852,23.5387,21.175587,23.162848,17.406168,17.308975,0.0,0.0,0.0,4.0,4.0,4.0,4.0,0.0
43675,2023.0,10.0,31.0,7.0,21.024097,22.58768,18.145615,18.392157,21.037205,22.578123,21.067482,22.747911,21.32419,24.411472,20.113039,22.344046,21.034145,22.473434,21.05653,22.823082,16.763361,17.130198,0.0,4.0,0.0,4.0,0.0,0.0,4.0,4.0
43676,2023.0,10.0,31.0,7.0,21.03978,22.587072,16.891306,16.680054,21.068657,22.619402,21.04172,22.625298,19.90048,21.61327,17.676311,17.429958,21.080177,22.48189,21.09285,22.850195,20.482018,23.433674,0.0,0.0,4.0,0.0,0.0,0.0,0.0,0.0
43677,2023.0,10.0,31.0,7.0,21.057371,22.557858,17.083473,17.1897,21.058641,22.498867,21.04528,22.595566,17.740498,17.419827,16.675354,16.417318,21.044327,22.329441,21.08399,22.76731,17.451672,17.298437,4.0,4.0,4.0,0.0,0.0,4.0,0.0,0.0
43678,2023.0,10.0,31.0,7.0,21.167595,22.751108,20.315275,22.784958,21.167904,22.681326,21.16905,22.79054,17.36443,17.480978,16.467152,16.236513,21.132872,22.48316,21.1844,22.913933,16.067595,15.606007,4.0,0.0,0.0,4.0,0.0,0.0,0.0,0.0
43679,2023.0,10.0,31.0,7.0,21.074242,22.519045,20.02705,21.856384,21.053427,22.383572,21.056742,22.48898,20.399693,22.73394,16.25587,16.035187,21.041876,22.241217,21.081924,22.662315,15.996556,15.809874,4.0,4.0,4.0,4.0,0.0,4.0,0.0,0.0
43680,2023.0,10.0,31.0,8.0,21.07249,22.478931,20.070827,21.70998,21.057505,22.359661,21.08674,22.530388,20.011612,21.856941,16.076721,15.862358,21.04589,22.22396,21.0225,22.518574,15.911138,15.74905,4.0,4.0,0.0,4.0,0.0,4.0,4.0,0.0
43681,2023.0,10.0,31.0,8.0,20.216185,20.809242,20.064827,21.53727,19.698524,19.730227,19.62654,19.66852,20.067995,21.820532,16.346306,16.507452,19.27911,18.836313,18.995285,18.638344,15.780466,15.635329,4.0,4.0,4.0,4.0,4.0,0.0,0.0,0.0
43682,2023.0,10.0,31.0,8.0,19.41354,19.577301,20.063824,21.420994,19.000383,18.897835,18.8916,18.811335,20.670069,22.691345,20.457369,23.39272,18.42016,17.806505,18.962906,19.305702,15.654579,15.50862,4.0,4.0,4.0,4.0,0.0,0.0,4.0,0.0
43683,2023.0,10.0,31.0,8.0,19.092466,19.231295,20.07862,21.3779,18.150415,17.515762,18.031126,17.418335,19.926079,21.238197,17.979786,18.300888,18.884302,18.96041,19.018858,19.380253,15.543649,15.399822,0.0,0.0,0.0,0.0,0.0,4.0,4.0,0.0
43684,2023.0,10.0,31.0,8.0,18.938623,19.090176,18.35099,18.000128,18.281092,18.126377,17.547384,16.890167,18.079752,17.733616,16.603577,16.455294,18.998497,19.110407,17.971867,17.530092,15.446534,15.304464,0.0,4.0,0.0,0.0,0.0,4.0,0.0,0.0
43685,2023.0,10.0,31.0,8.0,18.845438,19.006369,17.874079,17.525919,17.715136,17.090937,17.341536,16.691387,17.28152,16.702766,16.726952,16.873777,18.267136,17.78374,17.515356,16.995241,16.29249,16.959986,0.0,0.0,0.0,0.0,4.0,0.0,0.0,4.0
43686,2023.0,10.0,31.0,9.0,18.756681,18.92482,17.724562,17.42872,17.40621,16.74228,17.475521,17.145857,16.941557,16.37815,20.318565,23.073082,17.910852,17.34062,17.28378,16.778444,20.232058,23.624165,0.0,0.0,0.0,0.0,4.0,0.0,0.0,0.0
43687,2023.0,10.0,31.0,9.0,18.679804,18.872297,17.526035,17.244146,17.22796,16.586617,17.487988,17.222025,16.91761,16.661001,20.04672,22.211893,17.70888,17.14829,17.075983,16.59146,17.244356,17.224207,0.0,0.0,0.0,0.0,0.0,0.0,0.0,0.0
43688,2023.0,10.0,31.0,9.0,17.944828,17.571959,17.353256,17.078638,17.36706,17.035841,17.392519,17.142963,17.560139,18.013937,18.037655,18.085758,17.56262,17.018627,17.15482,16.940815,16.656694,17.044228,0.0,0.0,0.0,4.0,4.0,0.0,0.0,4.0
43689,2023.0,10.0,31.0,9.0,17.619726,17.169464,17.235245,16.96273,17.398691,17.13222,17.311121,17.067114,20.939194,24.026136,20.369143,22.371763,17.746492,17.503292,18.21517,19.006744,20.823997,24.249584,0.0,0.0,0.0,0.0,0.0,0.0,4.0,0.0
43690,2023.0,10.0,31.0,9.0,17.458324,17.032866,17.117302,16.852375,17.336924,17.085125,17.226357,16.989237,17.907892,17.760605,18.086266,17.897572,17.783709,17.58547,17.324953,16.993053,17.787493,17.816534,0.0,0.0,0.0,0.0,0.0,0.0,0.0,0.0
43691,2023.0,10.0,31.0,9.0,18.033474,18.228144,17.030394,16.766853,17.27667,17.031092,17.160093,16.92565,16.97851,16.466034,17.39164,17.11336,17.734472,17.542126,16.9057,16.464443,16.618406,16.176458,0.0,0.0,0.0,0.0,0.0,0.0,0.0,0.0
43692,2023.0,10.0,31.0,10.0,18.199465,18.482347,16.952295,16.696114,17.94225,18.340937,17.098688,16.870852,16.954914,16.720673,17.587475,17.695742,18.447058,18.9406,16.751951,16.323605,16.520926,16.323809,0.0,4.0,0.0,0.0,4.0,4.0,0.0,0.0
43693,2023.0,10.0,31.0,10.0,17.547647,17.253778,16.885283,16.639463,18.144547,18.611496,17.044584,16.826574,16.85389,16.671692,20.280258,22.492155,17.648144,17.26453,16.639065,16.229694,16.375757,16.219387,0.0,4.0,0.0,0.0,0.0,0.0,0.0,0.0
43694,2023.0,10.0,31.0,10.0,17.876,18.090425,16.816706,16.58153,17.316887,16.983604,16.988691,16.780767,16.695408,16.53007,18.439878,18.672504,18.049015,18.292038,16.752745,16.57689,16.196491,16.054409,0.0,0.0,0.0,0.0,0.0,4.0,0.0,0.0
43695,2023.0,10.0,31.0,10.0,17.402056,17.147568,16.765438,16.537502,16.934341,16.43318,16.943829,16.743843,16.575045,16.416647,17.556425,17.360477,17.476337,17.07767,16.76428,16.62437,16.0677,15.93128,0.0,0.0,0.0,0.0,0.0,0.0,0.0,0.0
43696,2023.0,10.0,31.0,10.0,17.862432,18.137241,17.147907,17.305222,16.806555,16.314348,17.635365,18.089,16.468426,16.320314,17.28123,17.07798,17.270575,16.83325,16.722525,16.589924,15.956069,15.829124,4.0,0.0,4.0,0.0,0.0,0.0,0.0,0.0
43697,2023.0,10.0,31.0,10.0,18.036505,18.396828,20.220087,22.721016,16.724121,16.252123,17.225975,17.197601,16.377157,16.238365,17.079628,16.88474,17.211561,16.790272,17.697605,18.466795,15.86286,15.745165,0.0,0.0,0.0,0.0,0.0,0.0,4.0,0.0
43698,2023.0,10.0,31.0,11.0,18.096138,18.477835,18.71422,19.321268,16.870106,16.636545,16.668434,16.273401,16.28502,16.155983,16.892405,16.714603,17.382755,17.199995,16.957346,16.723024,15.76758,15.658426,4.0,0.0,0.0,0.0,0.0,0.0,0.0,0.0
43699,2023.0,10.0,31.0,11.0,17.490776,17.33656,20.217894,22.167397,16.924711,16.747631,17.14106,17.274445,16.218506,16.09556,16.7631,16.591364,17.43499,17.290932,17.674757,18.271814,15.698697,15.595261,0.0,0.0,4.0,0.0,0.0,0.0,4.0,0.0
43700,2023.0,10.0,31.0,11.0,17.86436,18.235237,18.3238,18.266523,16.908632,16.745981,16.80145,16.498842,16.152023,16.037888,16.637897,16.482641,17.428267,17.291962,17.033731,16.807518,15.629581,15.533662,0.0,0.0,0.0,0.0,0.0,0.0,0.0,0.0
43701,2023.0,10.0,31.0,11.0,17.358046,17.208817,17.459879,16.991287,16.88511,16.73145,17.227716,17.420166,16.102114,15.99315,16.547932,16.400232,17.419422,17.289385,16.713963,16.399698,15.578152,15.486579,0.0,0.0,4.0,0.0,0.0,0.0,0.0,0.0
43702,2023.0,10.0,31.0,11.0,17.135485,16.90467,17.43861,17.208754,17.59571,18.09747,17.410858,17.68404,16.058111,15.956027,16.468609,16.332111,17.410465,17.28666,16.605587,16.30583,15.533371,15.447925,0.0,4.0,4.0,0.0,0.0,0.0,0.0,0.0
43703,2023.0,10.0,31.0,11.0,17.740107,18.127409,17.376766,17.207634,17.814722,18.36186,16.849335,16.606447,16.80534,17.405632,16.39856,16.27131,18.17829,18.752234,16.529373,16.245525,15.49495,15.414821,0.0,4.0,0.0,4.0,0.0,4.0,0.0,0.0
43704,2023.0,10.0,31.0,12.0,17.303982,17.223906,17.276363,17.122604,17.079334,16.899221,16.620106,16.29453,20.279718,23.336397,16.336582,16.218626,17.500395,17.286272,16.61772,16.495253,15.461815,15.387132,0.0,0.0,0.0,0.0,0.0,0.0,0.0,0.0
43705,2023.0,10.0,31.0,12.0,21.343727,24.471508,17.166807,17.02216,21.480345,24.594582,21.490568,24.704655,17.73368,17.85956,16.269886,16.158867,21.2244,23.888496,21.589891,25.12273,15.425803,15.354257,0.0,4.0,4.0,0.0,0.0,0.0,0.0,0.0
43706,2023.0,10.0,31.0,12.0,21.003632,23.354706,17.069012,16.930363,21.024328,23.454704,21.002058,23.480516,16.485197,16.24078,16.209583,16.103907,21.034355,23.249933,21.008762,23.666485,16.454327,17.333235,0.0,0.0,4.0,0.0,0.0,0.0,0.0,4.0
43707,2023.0,10.0,31.0,12.0,21.061268,23.187859,17.443342,17.708944,21.088192,23.273577,21.096148,23.376114,16.389639,16.275347,16.158594,16.05858,21.06318,23.038403,21.079046,23.482883,20.321178,23.769442,4.0,0.0,0.0,0.0,0.0,0.0,0.0,0.0
43708,2023.0,10.0,31.0,12.0,21.143026,23.186247,20.283653,22.615398,21.138054,23.163948,21.133429,23.220108,16.349455,16.256376,16.114733,16.019295,21.109625,22.937412,21.157341,23.413605,17.462622,17.643482,0.0,0.0,4.0,0.0,0.0,0.0,0.0,0.0
43709,2023.0,10.0,31.0,12.0,21.044565,22.835365,18.869545,19.491491,21.037079,22.822916,21.083328,22.99153,16.281008,16.195055,16.081966,15.992527,21.054121,22.683105,21.065807,23.06579,16.149433,15.965887,4.0,4.0,0.0,0.0,0.0,0.0,0.0,0.0
43710,2023.0,10.0,31.0,13.0,21.074018,22.822071,20.255491,22.215702,21.080177,22.817276,21.051624,22.802004,16.222792,16.14222,16.05497,15.970893,21.052185,22.573559,21.06392,22.942942,16.01558,15.93393,4.0,0.0,4.0,0.0,0.0,0.0,0.0,0.0
43711,2023.0,10.0,31.0,13.0,21.063488,22.728817,20.023478,21.578241,21.041899,22.637623,21.05272,22.729338,16.172152,16.093801,16.031408,15.949818,21.04782,22.484606,21.058754,22.843618,15.945879,15.87265,0.0,4.0,4.0,0.0,0.0,0.0,0.0,0.0
43712,2023.0,10.0,31.0,13.0,21.066465,22.676977,18.461575,18.45886,21.076284,22.663961,21.078232,22.742302,16.132822,16.059818,16.013695,15.936332,21.049442,22.424595,21.061636,22.779827,15.871471,15.80579,0.0,0.0,0.0,0.0,0.0,0.0,0.0,0.0
43713,2023.0,10.0,31.0,13.0,21.0525,22.627575,17.979828,18.060387,21.067844,22.593853,21.071396,22.677681,16.096804,16.026659,15.995603,15.921026,21.047813,22.371485,21.059536,22.720943,16.858881,17.739405,4.0,0.0,0.0,0.0,0.0,0.0,0.0,4.0
43714,2023.0,10.0,31.0,13.0,21.053118,22.608536,20.217789,22.104816,21.067448,22.548687,21.070684,22.632975,16.06566,15.998391,15.977915,15.905678,21.046942,22.329638,21.058767,22.675434,20.295174,23.452734,4.0,0.0,0.0,0.0,0.0,0.0,0.0,0.0
43715,2023.0,10.0,31.0,13.0,21.052265,22.587912,20.035854,21.550297,21.053366,22.50936,21.05633,22.593204,16.038284,15.973604,15.961884,15.891848,21.016722,22.21836,21.057829,22.63758,17.650518,17.822557,0.0,0.0,0.0,0.0,0.0,4.0,0.0,0.0
43716,2023.0,10.0,31.0,14.0,21.051657,22.569424,18.532099,18.53912,21.054258,22.49662,21.057312,22.580835,16.015068,15.953406,15.949192,15.8820715,21.031809,22.20789,21.057024,22.60587,16.4155,16.2534,0.0,0.0,0.0,0.0,0.0,4.0,0.0,0.0
43717,2023.0,10.0,31.0,14.0,19.741024,20.034393,17.829958,17.74284,19.702473,19.885008,19.62764,19.820704,15.993307,15.933802,15.93519,15.869704,20.258892,20.691366,19.539135,19.657532,16.25618,16.17777,0.0,0.0,0.0,0.0,0.0,4.0,0.0,0.0
43718,2023.0,10.0,31.0,14.0,19.86385,20.565428,18.130165,18.435366,19.703484,20.187843,19.607508,20.111536,15.974362,15.915866,15.920787,15.856118,19.28037,18.98464,18.90222,18.787289,16.185123,16.11912,4.0,4.0,4.0,0.0,0.0,0.0,0.0,0.0
43719,2023.0,10.0,31.0,14.0,19.836037,20.55104,20.247253,22.169958,19.114191,19.1601,18.987696,19.032227,15.955092,15.898141,15.905389,15.841874,18.945684,18.613585,18.627031,18.510946,17.06532,17.854837,0.0,0.0,0.0,0.0,0.0,0.0,0.0,4.0
43720,2023.0,10.0,31.0,14.0,18.930468,18.928314,18.769846,19.070469,19.063404,19.332884,18.31069,18.058832,15.934644,15.879198,15.890302,15.828107,18.745556,18.430262,18.379753,18.269384,20.336115,23.354269,0.0,4.0,0.0,0.0,0.0,0.0,0.0,0.0
43721,2023.0,10.0,31.0,14.0,18.40377,18.277214,17.877317,17.860147,19.055004,19.365696,17.978357,17.68584,15.913484,15.85929,15.874605,15.813795,18.57591,18.272032,18.174042,18.068747,17.795391,17.985102,0.0,4.0,0.0,0.0,0.0,0.0,0.0,0.0
43722,2023.0,10.0,31.0,15.0,18.224592,18.09263,17.649364,17.563976,18.358452,18.120335,17.966234,17.81597,15.893742,15.840047,15.859195,15.799127,18.611597,18.471533,18.027445,17.922197,16.898624,16.7056,0.0,0.0,0.0,0.0,0.0,0.0,0.0,0.0
43723,2023.0,10.0,31.0,15.0,18.81001,19.316595,17.978338,18.28839,18.666574,18.887323,18.609318,19.129759,15.874122,15.821283,15.84318,15.784035,18.5627,18.449728,17.89957,17.800686,16.745853,16.65145,4.0,4.0,4.0,0.0,0.0,0.0,0.0,0.0
43724,2023.0,10.0,31.0,15.0,18.287758,18.282354,20.244314,22.23926,18.775852,19.104706,18.000475,17.8941,15.855055,15.803016,15.826921,15.768509,18.486914,18.380863,17.78836,17.6955,16.606146,16.528442,4.0,4.0,0.0,0.0,0.0,0.0,0.0,0.0
43725,2023.0,10.0,31.0,15.0,17.914328,17.799854,20.02884,21.589151,18.75794,19.097708,18.24584,18.600739,15.834585,15.782761,15.811429,15.753332,18.401976,18.298733,17.67072,17.580286,16.45392,16.377806,0.0,4.0,4.0,0.0,0.0,0.0,0.0,0.0
43726,2023.0,10.0,31.0,15.0,18.484665,18.98494,18.532736,18.569393,18.108349,17.920261,17.785501,17.653595,15.816329,15.765879,15.799437,15.742976,18.328226,18.230835,17.570564,17.486746,16.331161,16.262222,0.0,0.0,0.0,0.0,0.0,0.0,0.0,0.0
43727,2023.0,10.0,31.0,15.0,18.016783,18.021385,17.845388,17.553331,18.419418,18.658913,17.49279,17.235552,15.80022,15.750332,15.78957,15.734234,19.075413,19.704432,17.491442,17.40932,17.214327,18.01217,0.0,4.0,0.0,0.0,0.0,4.0,0.0,4.0
43728,2023.0,10.0,31.0,16.0,18.469324,18.985622,17.76098,17.611197,18.562752,18.913916,17.369173,17.106792,15.784635,15.735867,15.778287,15.724458,19.086481,19.563696,17.419365,17.341206,20.313002,23.297783,0.0,4.0,0.0,0.0,0.0,4.0,0.0,0.0
43729,2023.0,10.0,31.0,16.0,18.636305,19.165825,17.663717,17.563732,18.564566,18.912619,17.400032,17.280886,15.765804,15.716388,16.15479,16.443739,18.35488,18.180481,17.343672,17.267452,17.820332,18.008366,0.0,4.0,0.0,0.0,4.0,0.0,0.0,0.0
43730,2023.0,10.0,31.0,16.0,18.649359,19.178493,18.003391,18.29156,17.97274,17.821146,18.085995,18.609188,16.522892,17.157486,20.222126,23.411453,18.08685,17.815302,17.281534,17.205528,16.935184,16.735868,4.0,0.0,4.0,4.0,0.0,0.0,0.0,0.0
43731,2023.0,10.0,31.0,16.0,18.659994,19.186754,20.263815,22.229721,18.248995,18.537542,18.35503,18.923338,20.369385,23.664934,18.018873,18.542381,18.74338,19.160637,17.215307,17.141012,17.67966,18.41895,0.0,4.0,4.0,0.0,0.0,4.0,0.0,4.0
43732,2023.0,10.0,31.0,16.0,18.045578,18.033451,19.094137,19.672262,18.407991,18.741701,17.625565,17.496706,17.725409,17.972334,16.647507,16.622515,18.25504,18.06456,17.15172,17.078598,20.323391,22.921524,4.0,4.0,0.0,0.0,0.0,0.0,0.0,0.0
43733,2023.0,10.0,31.0,16.0,18.400557,18.900366,20.22566,21.901508,17.826397,17.657787,17.87814,18.190376,16.456305,16.310566,16.383396,16.3118,17.922983,17.651941,17.092377,17.020817,18.674875,19.37129,4.0,0.0,4.0,0.0,0.0,0.0,0.0,4.0
43734,2023.0,10.0,31.0,17.0,17.936249,17.902094,20.021868,21.345957,17.458263,17.161484,18.050566,18.392904,16.291658,16.215044,16.256847,16.181013,17.806622,17.527956,17.03564,16.96545,20.270748,22.5507,4.0,0.0,4.0,0.0,0.0,0.0,0.0,4.0
43735,2023.0,10.0,31.0,17.0,18.318232,18.817162,20.047398,21.294102,17.306856,16.986382,18.056808,18.385563,16.20302,16.134653,16.574137,16.863682,18.70517,19.327652,16.977018,16.902355,20.051365,21.969715,4.0,0.0,4.0,0.0,4.0,4.0,0.0,0.0
43736,2023.0,10.0,31.0,17.0,18.481844,18.976217,20.184486,21.494036,17.203566,16.874529,17.464897,17.272293,16.109428,16.041597,20.356415,23.20119,18.09534,17.898394,16.919937,16.84177,18.091713,18.072006,4.0,0.0,0.0,0.0,0.0,0.0,0.0,0.0
43737,2023.0,10.0,31.0,17.0,18.485502,18.964354,20.042343,21.146986,17.929707,18.331532,17.103426,16.784803,16.02597,15.957691,18.156881,18.596218,17.705357,17.411074,16.864613,16.782473,17.11513,16.870434,4.0,4.0,0.0,0.0,0.0,0.0,0.0,0.0
43738,2023.0,10.0,31.0,17.0,18.48082,18.941282,20.060026,21.15165,18.320807,18.858576,16.960571,16.619907,15.949923,15.878613,16.84596,16.776884,17.58258,17.270308,16.810106,16.721972,16.765488,16.487047,0.0,4.0,0.0,0.0,0.0,0.0,0.0,0.0
43739,2023.0,10.0,31.0,17.0,17.843842,17.746027,19.052517,19.160383,18.15981,18.453123,17.498808,17.702745,15.883335,15.808508,16.571983,16.482674,18.507643,19.118542,16.762362,16.672012,16.695053,16.575489,4.0,4.0,4.0,0.0,0.0,4.0,0.0,0.0
43740,2023.0,10.0,31.0,18.0,17.553576,17.340153,20.188745,21.390306,18.102623,18.360743,17.69613,17.974768,15.828361,15.748166,16.438251,16.338018,17.803558,17.579279,16.72009,16.62571,16.603535,16.505842,0.0,4.0,4.0,0.0,0.0,0.0,0.0,0.0
43741,2023.0,10.0,31.0,18.0,21.318392,24.073065,19.101086,19.199928,21.332418,23.985659,21.346632,24.275337,15.769833,15.686497,16.313623,16.217474,21.324501,23.888155,21.56333,24.933317,16.47013,16.375612,4.0,4.0,4.0,0.0,0.0,4.0,0.0,0.0
43742,2023.0,10.0,31.0,18.0,21.126156,23.324013,20.201117,21.517418,21.130892,23.269907,21.125212,23.462402,15.716078,15.62971,16.582502,16.815235,21.101692,23.231585,21.128214,23.800062,16.351507,16.260826,0.0,0.0,0.0,0.0,4.0,0.0,0.0,0.0
43743,2023.0,10.0,31.0,18.0,21.145967,23.140108,19.029411,19.108116,21.143435,23.057362,21.138441,23.198757,16.42698,17.006096,20.440472,23.259972,21.106066,22.957762,21.159695,23.553196,16.251068,16.164211,4.0,0.0,4.0,4.0,0.0,4.0,0.0,0.0
43744,2023.0,10.0,31.0,18.0,21.168602,23.00043,20.213402,21.57926,21.159403,22.923548,21.15884,23.056843,20.375265,23.664782,18.138172,18.513361,21.126825,22.818579,21.17898,23.378593,16.159286,16.068039,0.0,0.0,4.0,4.0,0.0,4.0,0.0,0.0
43745,2023.0,10.0,31.0,18.0,21.047358,22.641634,18.701372,18.512695,21.04747,22.560053,21.056612,22.72234,20.04202,22.553286,17.20764,17.43173,21.072233,22.596737,21.066101,22.999155,16.07861,15.985722,0.0,4.0,4.0,0.0,4.0,0.0,0.0,0.0
43746,2023.0,10.0,31.0,19.0,21.165722,22.815958,18.52391,18.706274,21.179985,22.743467,21.169485,22.855358,17.639933,17.60079,20.431858,22.943802,21.12463,22.599335,21.184418,23.12558,16.007534,15.9129,4.0,4.0,4.0,0.0,0.0,0.0,0.0,0.0
43747,2023.0,10.0,31.0,19.0,21.190306,22.775583,20.196785,21.63811,21.186365,22.692041,21.17776,22.797562,16.488754,16.166178,17.989332,17.99653,21.128815,22.528257,21.189516,23.049725,15.945156,15.849922,4.0,4.0,4.0,0.0,0.0,0.0,0.0,0.0
43748,2023.0,10.0,31.0,19.0,21.068731,22.502893,20.03558,21.190525,21.045965,22.363539,21.075823,22.556343,16.204084,15.873549,16.68159,16.29893,21.031784,22.257002,21.05902,22.724993,15.888712,15.791844,0.0,4.0,0.0,0.0,0.0,4.0,0.0,0.0
43749,2023.0,10.0,31.0,19.0,21.064135,22.45086,18.95376,19.001537,21.072996,22.39804,21.071743,22.498339,16.230131,16.105848,16.59382,16.425537,21.068209,22.309052,21.061363,22.67844,16.796032,17.54761,4.0,0.0,0.0,0.0,0.0,0.0,0.0,4.0
43750,2023.0,10.0,31.0,19.0,21.199408,22.667253,20.198719,21.537432,21.193905,22.583382,21.16449,22.642155,16.930634,17.479156,16.536568,16.411362,21.129644,22.39391,21.278332,23.046124,20.352564,23.445774,4.0,4.0,0.0,4.0,0.0,0.0,4.0,4.0
43751,2023.0,10.0,31.0,19.0,21.068201,22.39663,20.023375,21.073109,21.046206,22.256834,21.053148,22.4147,20.35339,23.266514,16.789917,16.99636,21.061691,22.223883,21.080807,22.619482,20.012877,22.357693,4.0,4.0,0.0,0.0,4.0,0.0,0.0,4.0
43752,2023.0,10.0,31.0,20.0,21.03543,22.286705,20.064043,21.097504,21.045597,22.235008,21.055176,22.410006,17.722212,17.704151,20.452414,23.138554,21.046432,22.196207,21.07062,22.554537,21.586596,24.760086,0.0,4.0,0.0,0.0,0.0,0.0,0.0,0.0
43753,2023.0,10.0,31.0,20.0,21.067204,22.354437,18.717329,18.461184,21.044785,22.215542,21.053595,22.394503,16.487545,16.18014,18.51559,19.100409,21.047564,22.195307,21.07067,22.516485,18.645273,18.669704,0.0,4.0,0.0,0.0,4.0,0.0,0.0,0.0
43754,2023.0,10.0,31.0,20.0,21.060715,22.322662,18.579233,18.6943,21.04417,22.198341,21.053383,22.38119,16.41455,16.29274,20.288464,22.640314,21.047132,22.188824,21.055983,22.482916,17.122646,16.788841,4.0,4.0,0.0,0.0,0.0,0.0,0.0,0.0
43755,2023.0,10.0,31.0,20.0,21.210882,22.586645,20.169456,21.539684,21.17142,22.457577,21.19376,22.650206,16.342243,16.232975,18.064777,18.016392,21.140646,22.36866,21.214148,22.790567,16.749908,16.41748,4.0,0.0,0.0,0.0,0.0,0.0,0.0,0.0
43756,2023.0,10.0,31.0,20.0,21.038141,22.228367,20.043062,21.157349,21.037193,22.147284,21.05219,22.35264,16.233309,16.126968,16.842813,16.45698,21.046082,22.168854,21.055836,22.459814,17.747034,18.538591,0.0,4.0,0.0,0.0,0.0,0.0,0.0,4.0
43757,2023.0,10.0,31.0,20.0,21.037737,22.223797,19.004765,19.056925,21.042706,22.146992,21.027222,22.274536,16.875807,17.418789,16.750536,16.577475,21.045984,22.160345,21.0559,22.450583,20.301405,22.778114,4.0,4.0,4.0,4.0,0.0,0.0,0.0,0.0
43758,2023.0,10.0,31.0,21.0,21.175592,22.5135,20.19011,21.473768,21.210083,22.47264,21.245548,22.708279,20.35283,23.321898,16.69559,16.56971,21.142979,22.34543,21.21698,22.76231,17.927525,17.856924,4.0,4.0,4.0,0.0,0.0,0.0,0.0,0.0
43759,2023.0,10.0,31.0,21.0,21.03092,22.18714,20.039694,21.08024,21.040747,22.12031,21.071901,22.339832,17.728794,17.748833,16.944324,17.148994,21.045023,22.137745,21.05465,22.422432,16.836819,16.5316,0.0,4.0,0.0,0.0,4.0,0.0,0.0,0.0
43760,2023.0,10.0,31.0,21.0,21.180643,22.497873,18.694141,18.434174,21.211262,22.45406,21.168432,22.503672,17.185947,17.501335,20.445446,23.027498,21.143635,22.326288,21.218172,22.739897,16.748577,16.632889,0.0,4.0,0.0,4.0,0.0,0.0,0.0,0.0
43761,2023.0,10.0,31.0,21.0,21.057074,22.234253,18.570507,18.688719,21.040009,22.098833,21.06439,22.266983,20.433802,22.986975,18.294413,18.614437,21.014761,22.039368,21.053778,22.396753,16.65866,16.555447,4.0,4.0,0.0,0.0,0.0,4.0,0.0,0.0
43762,2023.0,10.0,31.0,21.0,21.177977,22.46186,20.210783,21.592615,21.213388,22.438902,21.258747,22.648441,18.460264,18.88622,17.090433,16.979284,21.214237,22.43958,21.221191,22.722837,16.531908,16.429802,0.0,4.0,4.0,4.0,0.0,4.0,0.0,0.0
43763,2023.0,10.0,31.0,21.0,21.041609,22.202105,19.344242,19.748993,21.039309,22.078512,21.045532,22.195286,20.369967,22.61558,17.175478,17.357475,21.06256,22.120728,21.053165,22.373314,16.42268,16.321846,4.0,4.0,4.0,0.0,4.0,0.0,0.0,0.0
43764,2023.0,10.0,31.0,22.0,21.21106,22.54888,20.19152,21.450098,21.21471,22.42342,21.172392,22.457561,18.063154,17.964529,20.427065,22.854355,21.132915,22.232887,21.222923,22.705103,16.327736,16.227125,0.0,4.0,0.0,0.0,0.0,0.0,0.0,0.0
43765,2023.0,10.0,31.0,22.0,21.016033,22.138977,18.743567,18.53014,21.038946,22.05985,21.062925,22.218388,16.94503,16.599377,18.372864,18.664919,21.055992,22.052277,21.052532,22.351477,17.005972,17.580692,0.0,4.0,0.0,0.0,0.0,0.0,0.0,4.0
43766,2023.0,10.0,31.0,22.0,21.037254,22.161695,17.867834,17.354706,21.039429,22.05463,21.063541,22.203083,16.848444,16.703259,17.229013,17.127523,21.025936,21.95447,21.052786,22.344847,20.37032,23.251371,0.0,4.0,0.0,0.0,0.0,4.0,0.0,4.0
43767,2023.0,10.0,31.0,22.0,21.034466,22.145338,17.861246,17.602308,21.038935,22.046457,21.046295,22.185944,16.75075,16.627323,17.248096,17.38358,21.061512,22.035496,21.052391,22.33638,20.027384,22.233458,0.0,4.0,0.0,0.0,4.0,0.0,0.0,0.0
43768,2023.0,10.0,31.0,22.0,21.219038,22.505793,17.836205,17.618004,21.181984,22.344032,21.204895,22.510323,16.617092,16.502878,20.403332,22.734653,21.165556,22.210676,21.223534,22.670776,17.797182,17.669785,0.0,0.0,0.0,0.0,4.0,4.0,0.0,0.0
43769,2023.0,10.0,31.0,22.0,21.034739,22.123508,18.216396,18.418196,21.058392,22.078669,21.047646,22.193598,16.486635,16.36526,20.03041,21.859087,21.060583,22.009317,21.051447,22.314241,16.767185,16.433193,4.0,0.0,0.0,0.0,0.0,0.0,0.0,0.0
43770,2023.0,10.0,31.0,23.0,21.062141,22.192734,20.241732,21.92718,21.03405,21.996964,21.02306,22.125973,16.975178,17.380964,18.350466,18.417902,21.054857,21.984934,21.052055,22.30917,16.700829,16.568008,0.0,4.0,4.0,4.0,4.0,0.0,0.0,0.0
43771,2023.0,10.0,31.0,23.0,19.688364,19.544624,18.883396,19.05248,19.638958,19.349693,19.834599,19.881433,17.220987,17.668774,17.220818,16.860321,20.31127,20.5177,19.690308,19.68286,16.628883,16.52196,0.0,0.0,0.0,4.0,0.0,4.0,0.0,0.0
43772,2023.0,10.0,31.0,23.0,19.079475,18.689533,18.217321,18.027172,18.974037,18.401228,19.541595,19.565489,16.483767,16.22996,17.419804,17.496609,19.443697,19.036272,20.14679,20.87845,16.527422,16.4153,0.0,0.0,4.0,0.0,4.0,0.0,4.0,0.0
43773,2023.0,10.0,31.0,23.0,18.817509,18.42898,18.02193,17.807367,18.690708,18.114077,18.820011,18.351875,16.163069,15.832024,17.476044,17.609673,19.782963,19.944118,19.033676,18.71906,16.434864,16.324299,0.0,0.0,0.0,0.0,4.0,4.0,0.0,0.0
43774,2023.0,10.0,31.0,23.0,18.8873,18.771963,17.889399,17.672571,18.754318,18.456308,18.439085,17.889656,16.02584,15.692594,17.117107,17.009703,19.102571,18.662052,18.51797,18.086493,16.351198,16.240114,0.0,0.0,0.0,0.0,0.0,0.0,0.0,0.0
43775,2023.0,10.0,31.0,23.0,18.844604,18.80188,17.783825,17.567074,18.70755,18.473848,18.866665,18.879128,16.119833,15.989487,16.90068,16.757395,18.777004,18.291763,18.276937,17.85247,16.27467,16.163319,0.0,0.0,4.0,0.0,0.0,0.0,0.0,0.0
43776,2023.0,11.0,1.0,0.0,18.74715,18.714972,17.696047,17.48341,18.601784,18.378996,18.306162,17.842447,16.10237,15.98517,16.772196,16.632637,19.380356,19.593575,18.31613,18.136156,16.20696,16.097189,0.0,0.0,0.0,0.0,0.0,4.0,0.0,0.0
43777,2023.0,11.0,1.0,0.0,18.644049,18.617567,17.610498,17.402773,18.490967,18.27458,18.017292,17.495564,16.625433,17.013569,16.65694,16.513142,18.739601,18.319248,18.240099,18.093718,16.143667,16.034039,0.0,0.0,0.0,4.0,0.0,0.0,0.0,0.0
43778,2023.0,11.0,1.0,0.0,18.525173,18.505894,17.506218,17.307962,18.363068,18.155087,17.836777,17.315987,16.853243,17.311052,16.872244,17.005604,18.456388,17.989012,18.117903,17.968227,16.083086,15.971317,0.0,0.0,0.0,4.0,4.0,0.0,0.0,0.0
43779,2023.0,11.0,1.0,0.0,18.422604,18.41883,17.415337,17.233786,18.251957,18.06153,17.935219,17.676876,16.097519,15.809407,16.59422,16.46488,18.331228,17.878294,18.011414,17.866678,16.031214,15.92172,0.0,0.0,0.0,0.0,0.0,0.0,0.0,0.0
43780,2023.0,11.0,1.0,0.0,18.323591,18.326145,17.32763,17.153587,18.144115,17.96144,17.920681,17.7483,16.450483,16.66524,16.438404,16.293396,18.47453,18.287237,17.90806,17.762575,15.980308,15.87021,0.0,0.0,0.0,4.0,0.0,0.0,0.0,0.0
43781,2023.0,11.0,1.0,0.0,18.235603,18.24504,17.250048,17.083588,18.048307,17.873922,17.842903,17.685732,15.963306,15.647893,16.652615,16.765913,18.453241,18.281239,17.815271,17.671083,15.933943,15.824293,0.0,0.0,0.0,0.0,4.0,0.0,0.0,0.0
43782,2023.0,11.0,1.0,1.0,18.152895,18.165363,17.177153,17.014544,17.958271,17.788052,17.758179,17.605915,15.764628,15.442123,16.392714,16.247442,18.38884,18.216532,17.727798,17.582659,15.889564,15.779208,0.0,0.0,0.0,0.0,0.0,0.0,0.0,0.0
43783,2023.0,11.0,1.0,1.0,18.075617,18.089283,17.108448,16.946747,17.873753,17.704838,17.675795,17.525032,15.681129,15.363483,16.265734,16.118593,18.32629,18.152596,17.64666,17.500168,15.847858,15.736673,0.0,0.0,0.0,0.0,0.0,0.0,0.0,0.0
43784,2023.0,11.0,1.0,1.0,18.008743,18.027975,17.051212,16.896326,17.802326,17.64077,17.605045,17.46155,15.809613,15.697162,16.198257,16.054108,18.26996,18.098026,17.574812,17.430315,15.810589,15.700447,0.0,0.0,0.0,0.0,0.0,0.0,0.0,0.0
43785,2023.0,11.0,1.0,1.0,17.947037,17.971699,16.997688,16.848654,17.736168,17.581137,17.538937,17.401934,16.391356,16.79569,16.13824,15.997038,18.218794,18.048979,17.509882,17.36789,15.777069,15.668271,0.0,0.0,0.0,4.0,0.0,0.0,0.0,0.0
43786,2023.0,11.0,1.0,1.0,17.88761,17.915003,16.945621,16.799873,17.672216,17.520817,17.474703,17.341303,15.980207,15.879224,16.085693,15.945202,18.172071,18.002956,17.45039,17.309261,15.747445,15.639164,0.0,0.0,0.0,0.0,0.0,0.0,0.0,0.0
43787,2023.0,11.0,1.0,1.0,17.830229,17.857864,16.894949,16.750357,17.610296,17.46017,17.412298,17.280111,15.669862,15.374956,16.036524,15.895514,18.127325,17.957859,17.393785,17.252275,15.719077,15.610727,0.0,0.0,0.0,0.0,0.0,0.0,0.0,0.0
43788,2023.0,11.0,1.0,2.0,17.780554,17.81273,16.851212,16.711765,17.556694,17.412355,17.358183,17.231752,15.570565,15.271629,15.994166,15.856182,18.087517,17.920479,17.343494,17.204813,16.420816,16.955656,0.0,0.0,0.0,0.0,0.0,0.0,0.0,4.0
43789,2023.0,11.0,1.0,2.0,17.732964,17.769094,17.287142,17.569324,17.505594,17.366188,17.30662,17.184942,15.67816,15.554652,15.9543705,15.819237,18.049967,17.885696,17.295639,17.159506,15.933102,15.865488,4.0,0.0,0.0,0.0,0.0,0.0,0.0,0.0
43790,2023.0,11.0,1.0,2.0,17.688475,17.72873,17.000664,16.96129,17.458185,17.323849,17.258966,17.14208,15.691335,15.581065,15.918283,15.786214,18.015057,17.853708,17.250963,17.117462,15.629802,15.379567,0.0,0.0,0.0,0.0,0.0,0.0,0.0,0.0
43791,2023.0,11.0,1.0,2.0,17.646845,17.691444,17.3223,17.631687,17.413883,17.284826,17.214403,17.102562,15.671041,15.563575,15.8855095,15.756778,17.982386,17.82419,17.20914,17.078556,15.533706,15.278085,4.0,0.0,0.0,0.0,0.0,0.0,0.0,0.0
43792,2023.0,11.0,1.0,2.0,17.606026,17.652586,17.002394,16.970488,17.371908,17.247948,17.171984,17.065104,15.650907,15.546113,15.855249,15.729822,17.951447,17.796364,17.169548,17.041834,15.628223,15.529486,0.0,0.0,0.0,0.0,0.0,0.0,0.0,0.0
43793,2023.0,11.0,1.0,2.0,17.5682,17.618086,16.596405,16.254097,17.332531,17.214035,17.132044,17.030554,15.631435,15.529544,15.827605,15.705801,17.9224,17.770748,17.132397,17.007957,16.356468,16.904001,0.0,0.0,0.0,0.0,0.0,0.0,0.0,4.0
43794,2023.0,11.0,1.0,3.0,17.531689,17.584417,16.43605,16.051254,17.294447,17.18068,17.093533,16.996607,15.61256,15.513276,16.092985,16.227287,17.894323,17.745699,17.096577,16.974905,15.730018,15.53626,0.0,0.0,0.0,0.0,4.0,0.0,0.0,0.0
43795,2023.0,11.0,1.0,3.0,17.496454,17.551666,16.583115,16.426098,17.257812,17.148375,17.056791,16.96392,16.177402,16.592802,15.897647,15.792747,17.867151,17.721205,17.062136,16.942913,15.530165,15.296105,0.0,0.0,0.0,4.0,0.0,0.0,0.0,0.0
43796,2023.0,11.0,1.0,3.0,17.462448,17.519705,16.620253,16.514877,17.222183,17.116493,17.021118,16.931746,16.436298,16.932453,16.115135,16.271093,17.840849,17.697271,17.028934,16.911802,15.473977,15.247962,0.0,0.0,0.0,4.0,4.0,0.0,0.0,0.0
43797,2023.0,11.0,1.0,3.0,17.438442,17.505726,16.598295,16.500444,17.189531,17.08905,16.988325,16.904005,15.7663555,15.571311,15.904591,15.811688,17.816689,17.676472,16.998484,16.884644,15.557936,15.467786,0.0,0.0,0.0,0.0,0.0,0.0,0.0,0.0
43798,2023.0,11.0,1.0,3.0,17.420563,17.499334,16.571062,16.476023,17.154907,17.056324,16.953484,16.870897,15.55193,15.308518,15.805034,15.696137,17.791729,17.653122,16.967283,16.854687,15.561237,15.476704,0.0,0.0,0.0,0.0,0.0,0.0,0.0,0.0
43799,2023.0,11.0,1.0,3.0,17.395117,17.477877,16.547262,16.458836,17.126108,17.034021,16.924507,16.848322,15.497315,15.267952,15.775991,15.67237,17.769783,17.63517,16.939766,16.831125,16.272543,16.834099,0.0,0.0,0.0,0.0,0.0,0.0,0.0,4.0
43800,2023.0,11.0,1.0,4.0,17.367895,17.453012,16.52174,16.437716,17.095955,17.007805,16.894268,16.821846,15.578423,15.484403,15.746948,15.646243,17.747225,17.615303,16.911757,16.805569,15.792967,15.759627,0.0,0.0,0.0,0.0,0.0,0.0,0.0,0.0
43801,2023.0,11.0,1.0,4.0,17.340014,17.42644,16.495205,16.413929,17.065119,16.97912,16.863548,16.793032,15.585637,15.502695,15.720024,15.620847,17.724518,17.594456,16.883821,16.77917,15.523231,15.3289175,0.0,0.0,0.0,0.0,0.0,0.0,0.0,0.0
43802,2023.0,11.0,1.0,4.0,17.315323,17.405497,16.473028,16.398026,17.039045,16.958975,16.837585,16.772816,16.151793,16.584854,15.69821,15.603529,17.704416,17.578148,16.859005,16.758041,15.457722,15.273082,0.0,0.0,0.0,4.0,0.0,0.0,0.0,0.0
43803,2023.0,11.0,1.0,4.0,17.289997,17.382442,16.44975,16.379004,17.011778,16.935488,16.81026,16.749172,15.764438,15.715748,15.676811,15.585058,17.68392,17.56036,16.83394,16.735435,15.519587,15.448012,0.0,0.0,0.0,0.0,0.0,0.0,0.0,0.0
43804,2023.0,11.0,1.0,4.0,17.265135,17.359251,16.42606,16.358244,16.984018,16.910156,16.782299,16.723574,15.526926,15.337857,15.656321,15.56676,17.663473,17.542038,16.809172,16.712503,15.513209,15.442689,0.0,0.0,0.0,0.0,0.0,0.0,0.0,0.0
43805,2023.0,11.0,1.0,4.0,17.2424,17.339642,16.4057,16.34336,16.959766,16.891022,16.75785,16.70421,15.575471,15.502491,15.948104,16.1327,17.64491,17.526884,16.786646,16.693188,15.495127,15.427534,0.0,0.0,0.0,0.0,4.0,0.0,0.0,0.0
43806,2023.0,11.0,1.0,5.0,17.21879,17.317984,16.383974,16.32481,16.933962,16.867956,16.731894,16.680899,15.565781,15.495532,16.079695,16.304993,17.625917,17.510265,16.763899,16.67256,15.477504,15.411942,0.0,0.0,0.0,0.0,4.0,0.0,0.0,0.0
43807,2023.0,11.0,1.0,5.0,17.196344,17.298063,16.36471,16.309958,16.910566,16.848946,16.708567,16.661842,16.12996,16.575245,15.800897,15.745501,17.607832,17.494911,16.742535,16.653898,15.461162,15.398046,0.0,0.0,0.0,4.0,0.0,0.0,0.0,0.0
43808,2023.0,11.0,1.0,5.0,17.173334,17.276592,16.34457,16.292618,16.886051,16.82719,16.68423,16.640106,15.75802,15.739019,15.702618,15.624582,17.589275,17.478329,16.720936,16.634203,16.174114,16.756021,0.0,0.0,0.0,0.0,0.0,0.0,0.0,4.0
43809,2023.0,11.0,1.0,5.0,17.150871,17.255465,16.324606,16.27527,16.86178,16.805365,16.660238,16.618383,15.534016,15.385541,15.672946,15.597033,17.570911,17.461763,16.69975,16.614717,15.6980915,15.688365,0.0,0.0,0.0,0.0,0.0,0.0,0.0,0.0
43810,2023.0,11.0,1.0,5.0,17.127974,17.23309,16.303602,16.255615,16.83659,16.781118,16.635483,16.594398,15.46443,15.30794,15.646148,15.570849,17.552242,17.444204,16.678501,16.594477,15.465253,15.324214,0.0,0.0,0.0,0.0,0.0,0.0,0.0,0.0
43811,2023.0,11.0,1.0,5.0,17.107603,17.21552,16.286135,16.242746,16.815447,16.764423,16.614681,16.577894,15.511365,15.444699,15.913029,16.089441,17.53578,17.430689,17.687866,18.513838,16.150023,16.669317,0.0,0.0,0.0,0.0,4.0,0.0,4.0,4.0
43812,2023.0,11.0,1.0,6.0,17.085995,17.195356,16.267456,16.22693,16.793156,16.744598,16.592577,16.558193,15.513244,15.455022,15.740203,15.701779,17.518711,17.415583,16.928822,16.838684,15.65842,15.586082,0.0,0.0,0.0,0.0,0.0,0.0,0.0,0.0
43813,2023.0,11.0,1.0,6.0,21.264715,24.501202,16.248875,16.210632,21.196344,24.511395,21.165823,24.623167,16.08617,16.547436,15.646588,15.579001,21.278614,23.877007,22.12361,25.750494,15.475928,15.347467,0.0,0.0,0.0,4.0,0.0,0.0,0.0,0.0
43814,2023.0,11.0,1.0,6.0,21.004984,23.546858,16.229036,16.192919,21.008251,23.619345,21.009912,23.767569,20.399101,23.884752,15.6194725,15.55381,21.020947,23.16046,20.87647,23.192728,15.422162,15.298383,0.0,0.0,0.0,4.0,0.0,0.0,0.0,0.0
43815,2023.0,11.0,1.0,6.0,21.072374,23.39439,16.2098,16.175327,21.0758,23.424719,21.080294,23.563028,20.005423,22.597809,15.8924675,16.084286,21.035418,22.915382,21.094091,23.359972,16.291111,16.987236,0.0,0.0,0.0,4.0,4.0,4.0,0.0,4.0
43816,2023.0,11.0,1.0,6.0,21.061886,23.178741,16.19223,16.159485,21.065456,23.183764,21.141428,23.454695,20.783981,23.413734,20.17888,23.332413,21.060667,22.807234,21.16383,23.30459,21.236004,25.15724,0.0,0.0,0.0,4.0,0.0,0.0,0.0,4.0
43817,2023.0,11.0,1.0,6.0,21.061283,23.038107,16.177824,16.145407,21.040758,22.960892,21.04415,23.075228,20.025953,21.981508,17.964361,18.490839,21.06475,22.657354,21.064003,22.958073,19.86737,22.198538,0.0,4.0,4.0,4.0,0.0,0.0,0.0,4.0
43818,2023.0,11.0,1.0,7.0,21.058126,22.929615,16.665611,17.073318,21.042635,22.857327,21.070438,23.031364,20.054785,21.885147,16.543598,16.501902,21.031654,22.456945,21.061049,22.844158,20.116306,22.430193,4.0,4.0,0.0,4.0,0.0,4.0,0.0,0.0
43819,2023.0,11.0,1.0,7.0,21.904257,24.285507,20.269787,23.210194,21.173023,23.01399,21.159416,23.093344,20.04731,21.754505,16.724527,17.019144,21.661936,23.421032,21.188766,23.016573,18.629923,19.303974,0.0,4.0,0.0,4.0,4.0,4.0,0.0,4.0
43820,2023.0,11.0,1.0,7.0,20.932606,22.3692,18.178236,18.637247,21.179012,22.945097,21.168114,23.002155,20.190853,21.973263,20.340336,23.261902,21.12357,22.428892,21.268984,23.082266,21.1982,24.132025,0.0,4.0,4.0,0.0,4.0,4.0,4.0,4.0
43821,2023.0,11.0,1.0,7.0,21.094782,22.697498,16.958973,16.978346,21.049147,22.621765,21.077244,22.772598,18.327171,18.302216,20.0319,22.264772,21.064974,22.298054,21.036427,22.549685,20.97804,23.254053,0.0,4.0,0.0,0.0,0.0,0.0,4.0,4.0
43822,2023.0,11.0,1.0,7.0,21.033932,22.536251,16.738907,16.708353,21.072939,22.640966,21.046051,22.636835,17.40625,17.170774,18.317093,18.678246,21.02607,22.170134,21.034184,22.502693,20.01582,21.532938,0.0,0.0,4.0,0.0,4.0,4.0,4.0,0.0
43823,2023.0,11.0,1.0,7.0,21.042515,22.536955,16.627272,16.585644,21.041958,22.514635,21.050615,22.606224,17.21056,17.088839,20.318596,22.54517,21.030993,22.159468,21.072514,22.571033,18.317219,18.258255,0.0,4.0,4.0,0.0,4.0,4.0,0.0,0.0
43824,2023.0,11.0,1.0,8.0,21.040289,22.518112,16.545214,16.496113,21.045742,22.489326,21.048147,22.569483,17.054848,16.94652,20.01082,21.76429,21.029531,22.138521,21.062708,22.511591,17.434748,17.20055,0.0,4.0,4.0,0.0,4.0,4.0,0.0,0.0
43825,2023.0,11.0,1.0,8.0,20.057178,20.618883,16.945951,17.296452,19.949364,20.360277,19.871714,20.286467,16.908024,16.8159,20.078217,21.756876,19.652575,19.503405,20.236984,20.846605,17.136906,16.924934,4.0,4.0,4.0,0.0,0.0,0.0,4.0,0.0
43826,2023.0,11.0,1.0,8.0,19.604206,20.118189,20.322128,23.102787,19.408869,19.734827,19.307896,19.649237,16.775946,16.689455,18.68683,18.953787,18.979498,18.67593,19.017298,18.845076,17.020273,16.915636,0.0,4.0,4.0,0.0,4.0,0.0,0.0,0.0
43827,2023.0,11.0,1.0,8.0,19.452759,19.97613,18.629242,19.343485,19.234251,19.565311,18.522228,18.349127,16.663465,16.58265,20.255718,22.136642,18.7377,18.431322,18.451715,18.195478,16.892693,16.80775,4.0,4.0,0.0,0.0,0.0,0.0,0.0,0.0
43828,2023.0,11.0,1.0,8.0,19.339853,19.870852,20.278374,22.57643,19.109911,19.450945,18.70746,19.008915,17.328,17.924757,18.459805,18.50653,19.318514,19.690054,19.178505,19.797726,16.756912,16.67937,4.0,4.0,4.0,4.0,0.0,4.0,4.0,0.0
43829,2023.0,11.0,1.0,8.0,19.249859,19.787493,20.03693,21.869717,19.010763,19.360302,18.20957,18.072632,20.329632,23.023632,17.58674,17.473125,18.794403,18.58241,19.411968,20.055704,16.63741,16.56479,0.0,4.0,0.0,0.0,0.0,0.0,4.0,0.0
43830,2023.0,11.0,1.0,9.0,19.178637,19.722502,18.671726,19.065573,18.929932,19.287188,17.801039,17.56459,18.055935,18.203512,17.728102,17.941364,18.441607,18.167797,18.491611,18.341682,16.53346,16.464975,4.0,4.0,0.0,0.0,4.0,0.0,0.0,0.0
43831,2023.0,11.0,1.0,9.0,19.127863,19.67039,20.222986,22.0457,18.263582,18.095346,18.300438,18.626812,17.225449,17.008549,20.282755,22.442844,18.32261,18.046362,18.116228,17.871746,17.408154,18.186281,0.0,0.0,4.0,0.0,0.0,0.0,0.0,4.0
43832,2023.0,11.0,1.0,9.0,19.077873,19.627935,18.557562,18.673962,17.875484,17.61892,17.89535,17.79115,17.06494,16.955196,18.877157,19.41423,18.354935,18.22119,17.920143,17.681696,20.330645,23.082567,0.0,0.0,0.0,0.0,4.0,0.0,0.0,0.0
43833,2023.0,11.0,1.0,9.0,18.427385,18.455402,17.726307,17.684471,17.7084,17.449945,17.526766,17.310966,16.942144,16.851856,20.254864,22.19378,18.335466,18.227537,17.770258,17.53956,17.950027,18.064405,0.0,0.0,0.0,0.0,0.0,0.0,0.0,0.0
43834,2023.0,11.0,1.0,9.0,18.035374,17.958284,17.940851,18.265783,17.58356,17.331045,17.371578,17.143509,16.81773,16.733704,18.666979,18.91852,18.27691,18.17499,17.758743,17.646555,16.888903,16.740055,4.0,0.0,0.0,0.0,0.0,0.0,0.0,0.0
43835,2023.0,11.0,1.0,9.0,17.893484,17.80592,20.258987,22.347412,18.330557,18.83246,18.120792,18.644186,16.726505,16.644506,17.918018,17.798468,19.02342,19.638483,17.714682,17.622179,16.766727,16.682384,0.0,4.0,4.0,0.0,0.0,4.0,0.0,0.0
43836,2023.0,11.0,1.0,10.0,17.792854,17.722193,18.685385,19.044086,18.64289,19.233765,17.826708,17.905687,16.637995,16.561785,18.00538,18.205744,19.11717,19.573198,17.643055,17.556358,16.667465,16.597986,0.0,4.0,0.0,0.0,4.0,4.0,0.0,0.0
43837,2023.0,11.0,1.0,10.0,17.85208,17.926756,17.915384,17.876677,18.499454,18.913588,17.41835,17.230396,16.571232,16.497032,20.270107,22.22818,19.12421,19.56313,17.58334,17.499184,17.530752,18.305521,0.0,4.0,0.0,0.0,0.0,4.0,0.0,4.0
43838,2023.0,11.0,1.0,10.0,17.832268,17.926514,17.633648,17.56878,18.43569,18.832174,17.228752,17.010656,16.50347,16.433128,18.695547,18.946875,19.157616,19.59516,17.521795,17.440779,20.310654,22.965048,0.0,4.0,0.0,0.0,0.0,4.0,0.0,0.0
43839,2023.0,11.0,1.0,10.0,17.769598,17.865711,17.448282,17.378187,17.849657,17.750769,17.25823,17.16905,16.44184,16.37388,17.74089,17.650684,19.184923,19.620932,17.465454,17.386862,18.01773,18.14084,0.0,0.0,0.0,0.0,0.0,4.0,0.0,0.0
43840,2023.0,11.0,1.0,10.0,17.735054,17.846006,17.329388,17.254814,17.548351,17.316092,17.248875,17.187582,16.394382,16.327381,17.512619,17.394459,19.205462,19.640617,18.50021,19.38372,17.230848,17.026953,0.0,0.0,0.0,0.0,0.0,4.0,4.0,0.0
43841,2023.0,11.0,1.0,10.0,18.442371,19.217134,17.228329,17.155838,18.092857,18.435003,17.206163,17.14815,16.351234,16.286087,17.378881,17.266758,18.50665,18.310913,17.674376,17.57359,17.101152,16.99855,0.0,4.0,0.0,0.0,0.0,0.0,0.0,0.0
43842,2023.0,11.0,1.0,11.0,18.625618,19.411694,17.13984,17.067793,17.641346,17.522814,17.163387,17.10684,16.312307,16.248074,17.25855,17.149235,18.244135,17.963808,17.369848,17.161146,16.976603,16.889435,0.0,0.0,0.0,0.0,0.0,0.0,0.0,0.0
43843,2023.0,11.0,1.0,11.0,17.869402,17.917927,17.062366,16.99282,17.389946,17.16081,17.122564,17.068089,16.278383,16.2154,17.154842,17.049755,18.14284,17.865435,17.280119,17.072605,16.8617,16.779053,0.0,0.0,0.0,0.0,0.0,0.0,0.0,0.0
43844,2023.0,11.0,1.0,11.0,18.332518,18.923979,16.991642,16.923584,17.981752,18.354303,17.083046,17.030018,16.247923,16.18554,17.061275,16.958693,18.063103,17.789848,17.210735,17.005632,16.762625,16.682579,0.0,4.0,0.0,0.0,0.0,0.0,0.0,0.0
43845,2023.0,11.0,1.0,11.0,18.428513,19.01654,17.393074,17.73205,18.12566,18.535925,17.045984,16.994999,16.220907,16.159351,16.979248,16.880203,18.13846,18.011011,17.264019,17.17072,17.63657,18.411491,4.0,4.0,0.0,0.0,0.0,0.0,0.0,4.0
43846,2023.0,11.0,1.0,11.0,18.447775,19.028011,20.27401,22.711897,18.153866,18.559404,17.72287,18.297136,16.19672,16.135538,17.304852,17.5597,18.939306,19.553413,17.260143,17.182163,20.298574,22.941322,4.0,4.0,4.0,0.0,4.0,4.0,0.0,0.0
43847,2023.0,11.0,1.0,11.0,18.478338,19.061031,20.029482,21.911327,17.5954,17.498638,17.391754,17.468462,16.173328,16.112356,20.307095,22.739159,19.05044,19.509766,17.231428,17.155668,18.023281,18.124468,0.0,0.0,0.0,0.0,0.0,4.0,0.0,0.0
43848,2023.0,11.0,1.0,12.0,17.879118,17.925873,18.34742,18.469795,17.263212,17.05471,16.959131,16.797836,16.153624,16.093023,18.507189,18.85346,18.338722,18.15556,17.199926,17.12386,16.97601,16.787891,0.0,0.0,0.0,0.0,0.0,0.0,0.0,0.0
43849,2023.0,11.0,1.0,12.0,21.320063,24.097622,18.19651,18.503513,21.33377,24.283697,21.274817,24.460182,16.13913,16.0786,17.69919,17.599195,21.300892,23.418861,22.5098,26.058699,17.904205,18.718433,4.0,4.0,0.0,0.0,0.0,0.0,0.0,4.0
43850,2023.0,11.0,1.0,12.0,21.029669,23.200731,20.257828,22.179161,21.02532,23.267647,21.006195,23.46893,16.12532,16.06531,17.454344,17.332815,21.031603,22.72638,20.863968,22.836096,20.301374,22.705296,0.0,0.0,0.0,0.0,0.0,0.0,0.0,0.0
43851,2023.0,11.0,1.0,12.0,21.073536,23.062206,18.742392,19.049692,21.078842,23.099037,21.073795,23.311546,16.115406,16.056198,17.303816,17.187061,21.063122,22.592548,21.093103,23.069746,18.140078,18.195677,0.0,0.0,0.0,0.0,0.0,0.0,0.0,0.0
43852,2023.0,11.0,1.0,12.0,21.06286,22.887913,17.799913,17.759928,21.066307,22.890074,21.059486,23.089893,16.108164,16.049627,17.187504,17.0715,21.01406,22.35728,21.05004,22.825449,17.155918,16.948893,0.0,0.0,0.0,0.0,0.0,4.0,0.0,0.0
43853,2023.0,11.0,1.0,12.0,21.07538,22.784742,17.536932,17.454762,21.086449,22.780293,21.141386,23.096567,16.102592,16.044785,17.089443,16.974226,21.120115,22.47875,21.127691,22.843409,17.04045,16.945745,0.0,4.0,0.0,0.0,0.0,0.0,0.0,0.0
43854,2023.0,11.0,1.0,13.0,21.038202,22.646645,17.880394,18.234009,21.042248,22.613705,21.049454,22.825624,16.098322,16.04139,17.014132,16.908072,21.044924,22.242235,21.044304,22.595495,16.953566,16.866241,4.0,4.0,0.0,0.0,0.0,0.0,0.0,0.0
43855,2023.0,11.0,1.0,13.0,21.168505,22.869408,20.26499,22.385725,21.071493,22.622406,21.061417,22.77795,16.092852,16.034857,16.942314,16.838186,21.131294,22.351803,21.054943,22.549248,16.863474,16.7809,0.0,0.0,0.0,0.0,0.0,0.0,0.0,0.0
43856,2023.0,11.0,1.0,13.0,21.035023,22.529642,18.666224,19.00577,21.040075,22.48118,21.034653,22.649754,16.087545,16.028067,16.880484,16.778034,21.011585,22.063736,21.052801,22.491497,16.783684,16.702421,0.0,4.0,4.0,0.0,0.0,4.0,0.0,0.0
43857,2023.0,11.0,1.0,13.0,21.039366,22.503489,17.679377,17.642502,21.06963,22.516111,21.06367,22.688118,16.081976,16.020838,16.82445,16.721025,21.02735,22.058218,21.050976,22.444883,16.715227,16.634,0.0,0.0,0.0,0.0,0.0,4.0,0.0,0.0
43858,2023.0,11.0,1.0,13.0,21.037962,22.473154,17.440214,17.367569,21.036287,22.390776,21.068089,22.636448,16.07603,16.01323,17.202286,17.479,21.055208,22.1045,21.050201,22.408026,16.656952,16.576057,0.0,4.0,0.0,0.0,4.0,0.0,0.0,0.0
43859,2023.0,11.0,1.0,13.0,21.038618,22.45073,17.304695,17.233143,21.043196,22.375378,21.06799,22.58648,16.069864,16.00592,20.294214,22.721226,21.050072,22.061573,21.050875,22.378698,16.60916,16.531565,0.0,4.0,0.0,0.0,0.0,0.0,0.0,0.0
43860,2023.0,11.0,1.0,14.0,21.065123,22.501354,17.646135,17.964678,21.067165,22.419193,21.054287,22.543583,16.8729,17.528196,18.46871,18.797438,21.050068,22.03375,21.050188,22.351778,16.564579,16.487696,4.0,0.0,0.0,4.0,0.0,0.0,0.0,0.0
43861,2023.0,11.0,1.0,14.0,19.579563,19.62148,20.2757,22.520578,19.570362,19.521769,19.656239,19.841393,20.338614,23.339743,17.777912,18.019255,19.996103,20.002203,19.719706,19.768776,16.527552,16.454048,0.0,0.0,0.0,0.0,4.0,0.0,0.0,0.0
43862,2023.0,11.0,1.0,14.0,18.802692,18.679832,18.919529,19.538048,19.314096,19.555338,18.818453,18.7735,17.868883,18.023697,20.31079,22.441133,20.199429,20.740694,19.01098,18.898266,16.491982,16.420559,4.0,4.0,0.0,0.0,0.0,4.0,0.0,0.0
43863,2023.0,11.0,1.0,14.0,18.522581,18.384825,20.256334,22.183794,19.30266,19.593813,18.499687,18.419607,16.730457,16.564981,18.613409,18.873457,19.4231,19.189606,18.732393,18.60561,16.4573,16.387686,0.0,4.0,0.0,0.0,0.0,0.0,0.0,0.0
43864,2023.0,11.0,1.0,14.0,18.510904,18.55697,18.542318,18.63923,19.2006,19.500088,18.962103,19.46782,16.606825,16.514147,17.659813,17.583761,18.945219,18.611303,18.539696,18.415226,16.42395,16.355797,0.0,4.0,4.0,0.0,0.0,0.0,0.0,0.0
43865,2023.0,11.0,1.0,14.0,18.454985,18.533575,17.939627,17.838293,19.130404,19.433475,19.078438,19.643845,16.55444,16.472235,17.456244,17.336792,18.783632,18.442537,19.448477,20.250551,16.39559,16.328218,0.0,4.0,4.0,0.0,0.0,0.0,4.0,0.0
43866,2023.0,11.0,1.0,15.0,18.361134,18.444244,17.771673,17.685818,18.456692,18.237108,18.285957,18.161772,16.49417,16.414661,17.338537,17.2177,18.831583,18.66592,18.555895,18.393194,16.369312,16.30308,0.0,0.0,0.0,0.0,0.0,0.0,0.0,0.0
43867,2023.0,11.0,1.0,15.0,19.022528,19.76714,17.62178,17.535198,18.79543,19.05714,18.56124,18.860952,16.439968,16.361385,17.240114,17.121218,18.797798,18.66348,18.17281,17.892153,16.34465,16.279127,0.0,4.0,4.0,0.0,0.0,0.0,0.0,0.0
43868,2023.0,11.0,1.0,15.0,18.500551,18.677721,17.967737,18.288979,18.876915,19.20265,18.622383,18.970213,16.391657,16.314386,17.154305,17.03818,18.726358,18.59697,18.022882,17.745272,16.320484,16.254463,4.0,4.0,4.0,0.0,0.0,0.0,0.0,0.0
43869,2023.0,11.0,1.0,15.0,18.08831,18.006594,20.258038,22.306385,18.849543,19.179293,18.017569,17.87382,16.349512,16.274359,17.077509,16.96461,18.659372,18.534334,18.043179,17.910545,17.18073,17.891033,0.0,4.0,0.0,0.0,0.0,0.0,0.0,4.0
43870,2023.0,11.0,1.0,15.0,18.582275,19.080256,19.04651,19.656275,18.81683,19.151459,18.290606,18.603365,16.305332,16.23255,16.999584,16.892027,18.587976,18.466778,18.001823,17.89275,20.33254,23.143951,4.0,4.0,4.0,0.0,0.0,0.0,0.0,0.0
43871,2023.0,11.0,1.0,15.0,18.774277,19.308832,20.224508,21.981876,18.197203,18.028458,18.438536,18.797388,16.264786,16.193426,16.927528,16.82196,19.310545,19.899076,17.924225,17.82127,17.94886,18.06322,4.0,0.0,4.0,0.0,0.0,4.0,0.0,0.0
43872,2023.0,11.0,1.0,16.0,18.787561,19.32076,20.038414,21.474113,17.821213,17.540308,17.840963,17.693865,16.229046,16.159155,16.864197,16.761473,18.657175,18.436789,17.848093,17.748196,16.894714,16.730001,0.0,0.0,0.0,0.0,0.0,0.0,0.0,0.0
43873,2023.0,11.0,1.0,16.0,18.785107,19.309961,18.589882,18.595112,17.666132,17.373981,17.48778,17.237722,16.196665,16.127583,16.808598,16.709084,18.296288,18.001802,17.777594,17.679945,17.703033,18.447119,0.0,0.0,0.0,0.0,0.0,0.0,0.0,4.0
43874,2023.0,11.0,1.0,16.0,18.16815,18.1595,18.530027,18.795607,17.568863,17.27333,18.021738,18.329046,16.16878,16.097403,16.763329,16.66444,18.952538,19.322836,17.718622,17.621439,20.311787,22.886877,4.0,0.0,4.0,0.0,0.0,4.0,0.0,0.0
43875,2023.0,11.0,1.0,16.0,17.814901,17.704569,20.203583,21.78536,18.342564,18.828817,17.642206,17.498062,16.1368,16.063837,16.712326,16.614204,19.18228,19.567038,17.65703,17.5617,18.051138,18.118599,4.0,4.0,0.0,0.0,0.0,4.0,0.0,0.0
43876,2023.0,11.0,1.0,16.0,17.688553,17.575811,20.041224,21.361084,18.670996,19.23764,17.299139,17.0387,16.104319,16.029291,16.66301,16.565733,19.215519,19.594112,18.597902,19.38419,17.020258,16.81242,0.0,4.0,0.0,0.0,0.0,4.0,4.0,0.0
43877,2023.0,11.0,1.0,16.0,18.31498,18.824993,18.962732,19.194128,18.507269,18.860495,17.168684,16.893448,16.073519,15.997087,16.61552,16.515598,19.238728,19.611172,17.888294,17.719135,16.891064,16.786827,4.0,4.0,0.0,0.0,0.0,4.0,0.0,0.0
43878,2023.0,11.0,1.0,17.0,18.469532,19.000017,20.183903,21.554232,18.456232,18.78389,17.967644,18.476196,16.04714,15.96843,16.575161,16.472015,18.542786,18.287287,17.575777,17.312809,17.752234,18.490574,4.0,4.0,4.0,0.0,0.0,0.0,0.0,4.0
43879,2023.0,11.0,1.0,17.0,18.487408,18.992344,20.02566,21.175583,18.434753,18.749542,17.682648,17.720606,16.016596,15.933321,16.52866,16.420208,18.203524,17.872898,18.466858,19.1042,20.307266,22.771885,4.0,4.0,0.0,0.0,0.0,0.0,4.0,0.0
43880,2023.0,11.0,1.0,17.0,17.877441,17.830597,20.046112,21.170929,18.410048,18.71093,17.840565,18.154312,15.985633,15.897364,16.482075,16.36815,18.073797,17.729675,17.832548,17.629929,18.06573,18.083252,4.0,4.0,4.0,0.0,0.0,0.0,0.0,0.0
43881,2023.0,11.0,1.0,17.0,18.27987,18.779167,20.043148,21.130531,18.382938,18.669252,17.952812,18.267607,15.953828,15.859912,16.43644,16.316273,17.969982,17.61568,17.4191,17.132076,17.023779,16.76061,4.0,4.0,4.0,0.0,0.0,0.0,0.0,0.0
43882,2023.0,11.0,1.0,17.0,18.412897,18.880882,20.06169,21.154394,18.355085,18.628258,17.953459,18.252653,15.923188,15.824641,16.393158,16.26794,18.894121,19.46346,18.322989,18.943258,16.910633,16.78193,0.0,4.0,4.0,0.0,0.0,4.0,4.0,0.0
43883,2023.0,11.0,1.0,17.0,18.410305,18.859127,18.721596,18.562681,18.326813,18.586521,17.947487,18.232029,15.892783,15.78954,16.351137,16.22148,18.266804,17.985203,17.680689,17.442865,16.821478,16.708265,0.0,4.0,4.0,0.0,0.0,0.0,0.0,0.0
43884,2023.0,11.0,1.0,18.0,18.406563,18.840597,18.748436,18.941189,18.29909,18.544256,17.934616,18.204449,16.58322,17.103449,16.67162,16.84618,17.960014,17.567713,18.41084,19.005243,16.728838,16.6142,4.0,4.0,4.0,4.0,4.0,0.0,4.0,0.0
43885,2023.0,11.0,1.0,18.0,21.276617,23.851738,20.174429,21.52248,21.260124,23.75493,21.247524,23.965906,21.160696,24.991676,20.244926,22.980923,22.169836,24.841938,22.103619,25.242157,17.6506,18.438927,4.0,0.0,0.0,4.0,0.0,4.0,0.0,4.0
43886,2023.0,11.0,1.0,18.0,21.005531,22.981848,20.04556,21.186121,21.009058,22.906204,21.007467,23.110415,19.919483,22.091764,18.19761,18.490967,20.9198,22.395079,20.888102,22.64631,20.314373,22.859375,0.0,4.0,4.0,0.0,0.0,0.0,0.0,0.0
43887,2023.0,11.0,1.0,18.0,21.055914,22.875406,18.641426,18.435873,21.060135,22.793219,21.09079,23.054243,17.747364,17.647696,17.015121,16.889246,21.056364,22.47717,21.096682,22.86045,17.925392,17.845787,0.0,4.0,0.0,0.0,0.0,4.0,0.0,0.0
43888,2023.0,11.0,1.0,18.0,21.045649,22.716587,18.195827,18.07669,21.049536,22.629196,21.073225,22.852016,16.688503,16.321608,16.784893,16.622505,21.034939,22.314686,21.063978,22.653618,16.8665,16.538742,4.0,4.0,0.0,0.0,0.0,4.0,0.0,0.0
43889,2023.0,11.0,1.0,18.0,21.047895,22.620764,20.226929,21.779655,21.05194,22.53025,21.052683,22.669405,16.62556,16.461828,16.659073,16.494097,21.037598,22.23063,21.05598,22.558727,16.806583,16.660168,4.0,4.0,4.0,0.0,0.0,4.0,0.0,0.0
43890,2023.0,11.0,1.0,19.0,21.044361,22.541025,20.008457,21.190758,21.048204,22.447426,21.079199,22.658422,16.550308,16.401604,16.548346,16.37546,21.034369,22.158245,21.01353,22.388155,16.733074,16.588928,4.0,4.0,0.0,0.0,0.0,4.0,4.0,0.0
43891,2023.0,11.0,1.0,19.0,21.072653,22.560596,20.07172,21.23677,21.049934,22.392542,21.049072,22.51135,17.202333,17.73346,16.462147,16.29016,21.035608,22.109768,21.078608,22.480732,16.633617,16.492392,0.0,4.0,4.0,4.0,0.0,4.0,0.0,0.0
43892,2023.0,11.0,1.0,19.0,21.06606,22.495401,18.603785,18.355099,21.049007,22.345179,21.0794,22.54362,20.32822,23.000698,16.387022,16.216322,21.064531,22.145655,21.066547,22.401407,17.473299,18.155163,0.0,4.0,0.0,0.0,0.0,0.0,0.0,4.0
43893,2023.0,11.0,1.0,19.0,21.06556,22.450327,18.457386,18.618923,21.073582,22.37685,21.073023,22.487284,17.837614,17.74724,16.67671,16.816175,21.029264,22.016685,21.067055,22.357294,20.329563,22.877882,4.0,0.0,0.0,0.0,4.0,4.0,0.0,4.0
43894,2023.0,11.0,1.0,19.0,21.249523,22.795645,20.22942,21.765078,21.195393,22.564634,21.186708,22.711367,16.623375,16.22008,20.461103,23.127796,21.1355,22.222422,21.221865,22.65929,21.256165,23.989311,0.0,4.0,0.0,0.0,0.0,0.0,0.0,0.0
43895,2023.0,11.0,1.0,19.0,21.071962,22.420877,19.220718,19.63379,21.047314,22.23843,21.056015,22.43526,16.574997,16.394468,18.235836,18.510803,21.057983,22.036757,21.053005,22.3066,19.286726,19.707527,4.0,4.0,0.0,0.0,0.0,0.0,0.0,4.0
43896,2023.0,11.0,1.0,20.0,21.201433,22.633047,20.200304,21.584797,21.199732,22.524296,21.22847,22.749123,17.270714,17.770578,17.012848,16.839148,21.13364,22.163855,21.22369,22.6386,20.225565,21.965088,4.0,4.0,4.0,4.0,0.0,0.0,0.0,4.0
43897,2023.0,11.0,1.0,20.0,21.069174,22.365683,20.04622,21.187027,21.045918,22.196367,21.035137,22.352245,20.337572,22.946602,16.761272,16.5701,21.042213,21.989902,21.052193,22.281513,20.018965,21.448511,0.0,4.0,4.0,0.0,0.0,0.0,0.0,4.0
43898,2023.0,11.0,1.0,20.0,21.062828,22.333126,18.574432,18.298437,21.046019,22.183914,21.077839,22.417912,17.85765,17.73339,16.632166,16.445671,21.043894,21.997677,21.052513,22.274168,20.078037,21.51146,0.0,4.0,0.0,0.0,0.0,0.0,0.0,0.0
43899,2023.0,11.0,1.0,20.0,21.063047,22.315027,17.998358,17.759653,21.045597,22.171453,21.044601,22.2983,16.670153,16.260332,16.52512,16.340864,21.043676,21.998316,21.052086,22.26507,18.29376,18.009144,0.0,4.0,4.0,0.0,0.0,0.0,0.0,0.0
43900,2023.0,11.0,1.0,20.0,21.017944,22.223925,17.851234,17.633284,21.044731,22.159077,21.049597,22.286747,16.63912,16.467968,16.81392,16.966892,21.012333,21.9169,21.010483,22.147673,17.398169,16.953342,0.0,4.0,4.0,0.0,4.0,4.0,4.0,0.0
43901,2023.0,11.0,1.0,20.0,21.043379,22.257395,18.146307,18.323635,21.044838,22.14908,21.049253,22.270452,17.301447,17.780416,20.394407,22.928387,21.064022,22.013243,21.034176,22.167532,17.104338,16.67399,4.0,4.0,4.0,4.0,0.0,0.0,4.0,0.0
43902,2023.0,11.0,1.0,21.0,21.209435,22.579197,20.253576,21.999044,21.205841,22.461441,21.19761,22.553598,20.394878,22.891617,18.23956,18.471958,21.13372,22.127008,21.2015,22.512709,17.131243,16.950548,4.0,4.0,4.0,4.0,0.0,0.0,0.0,0.0
43903,2023.0,11.0,1.0,21.0,21.037157,22.221981,20.015038,21.319838,21.04175,22.122438,21.072227,22.307999,20.030882,21.974178,17.439018,17.60912,21.055117,21.947493,21.019444,22.09839,17.066292,16.906406,4.0,4.0,0.0,0.0,4.0,0.0,4.0,0.0
43904,2023.0,11.0,1.0,21.0,21.066734,22.28973,20.070904,21.307913,21.044092,22.118176,21.04319,22.213848,17.920847,17.690004,20.386454,22.62054,21.040586,21.93173,21.031658,22.109806,17.867432,18.528101,0.0,4.0,4.0,0.0,0.0,0.0,4.0,4.0
43905,2023.0,11.0,1.0,21.0,21.033737,22.189402,18.544445,18.282684,21.043535,22.109947,21.047905,22.213306,16.894873,16.45958,18.405243,18.586708,21.04221,21.941486,21.070332,22.207012,20.2772,22.495249,0.0,4.0,4.0,0.0,0.0,0.0,0.0,4.0
43906,2023.0,11.0,1.0,21.0,21.039782,22.19476,18.424232,18.602753,21.043102,22.102285,21.07243,22.273039,16.860258,16.673777,17.30536,17.126295,21.041758,21.943579,21.06168,22.172764,20.044603,21.798643,4.0,4.0,0.0,0.0,0.0,0.0,0.0,0.0
43907,2023.0,11.0,1.0,21.0,21.06588,22.263433,20.225407,21.781317,21.043118,22.095945,21.041517,22.178064,16.785574,16.622564,17.043314,16.849886,21.041914,21.94436,21.062557,22.15745,18.08045,17.833065,0.0,4.0,4.0,0.0,0.0,0.0,0.0,0.0
43908,2023.0,11.0,1.0,22.0,21.033241,22.168634,19.201258,19.608875,21.042887,22.089497,21.047005,22.182764,16.65712,16.495321,16.873365,16.682182,21.011795,21.864834,21.062056,22.1418,17.1634,16.75179,4.0,4.0,4.0,0.0,0.0,4.0,0.0,0.0
43909,2023.0,11.0,1.0,22.0,21.244802,22.588715,20.223763,21.660872,21.23894,22.475986,21.230314,22.546247,17.14862,17.524614,16.735338,16.54255,21.152704,22.140707,21.423124,22.853422,16.892506,16.480253,0.0,4.0,4.0,4.0,0.0,0.0,4.0,0.0
43910,2023.0,11.0,1.0,22.0,21.06519,22.240147,18.578875,18.342363,21.067194,22.140781,21.07114,22.239508,20.39131,22.94797,16.621367,16.433685,21.054258,21.916561,21.070206,22.153913,16.943882,16.770655,0.0,0.0,0.0,4.0,0.0,0.0,0.0,0.0
43911,2023.0,11.0,1.0,22.0,21.03083,22.143484,17.930979,17.699532,21.035286,22.048357,21.06543,22.22094,20.027197,21.998154,16.517832,16.328571,21.023096,21.817495,21.059654,22.122463,16.89829,16.737005,0.0,4.0,0.0,0.0,0.0,4.0,0.0,0.0
43912,2023.0,11.0,1.0,22.0,21.03793,22.15338,17.791523,17.580896,21.042177,22.05779,21.041046,22.144688,17.926056,17.716356,16.431839,16.247696,21.059452,21.901209,21.061186,22.11353,16.799837,16.644346,0.0,4.0,4.0,0.0,0.0,0.0,0.0,0.0
43913,2023.0,11.0,1.0,22.0,21.06509,22.225561,17.634014,17.416786,21.067513,22.125824,21.072096,22.225708,16.891617,16.45458,16.347649,16.160572,21.052252,21.873106,21.04518,22.099604,16.70518,16.548155,0.0,0.0,0.0,0.0,0.0,0.0,0.0,0.0
43914,2023.0,11.0,1.0,23.0,21.05835,22.20322,17.989443,18.199808,21.060541,22.10273,21.064556,22.20447,16.865051,16.677868,16.278444,16.094833,21.008219,21.783985,21.048506,22.115072,16.625994,16.471535,4.0,0.0,0.0,0.0,0.0,4.0,0.0,0.0
43915,2023.0,11.0,1.0,23.0,19.633127,19.463629,18.098349,18.355434,19.606003,19.308067,19.838959,19.878962,17.400398,17.772316,16.217537,16.03814,19.684706,19.263699,20.66203,21.33728,16.558577,16.40946,4.0,0.0,0.0,4.0,0.0,0.0,4.0,0.0
43916,2023.0,11.0,1.0,23.0,19.320599,19.236979,17.41492,17.062584,19.885887,20.193016,19.235506,19.043726,16.948002,16.823292,16.169163,15.990669,19.185373,18.629173,19.37265,18.972553,16.504793,16.356686,0.0,4.0,0.0,0.0,0.0,0.0,0.0,0.0
43917,2023.0,11.0,1.0,23.0,19.889742,20.488766,17.032236,16.500948,19.967884,20.390251,18.95537,18.746088,16.492342,16.116074,16.417973,16.496496,18.973175,18.426529,18.858288,18.363647,16.452501,16.305307,0.0,4.0,0.0,0.0,4.0,0.0,0.0,0.0
43918,2023.0,11.0,1.0,23.0,19.033083,18.835274,17.153389,16.889956,19.532091,19.605183,18.752897,18.550781,16.895533,17.019659,16.23287,16.098686,19.0728,18.808556,18.612848,18.135483,16.4046,16.25958,0.0,4.0,0.0,4.0,0.0,0.0,0.0,0.0
43919,2023.0,11.0,1.0,23.0,18.589542,18.23239,17.171688,16.977768,19.34493,19.390364,18.579935,18.383001,17.016293,17.176474,16.111063,15.941591,19.036077,18.820423,19.685106,20.37866,16.358578,16.215193,0.0,4.0,0.0,4.0,0.0,0.0,4.0,0.0
43920,2023.0,11.0,2.0,0.0,18.386515,18.028475,17.568634,17.776077,18.635181,18.164066,18.429008,18.23699,16.486736,16.188509,16.058697,15.887912,18.93765,18.724054,18.731627,18.38186,16.314894,16.17298,4.0,0.0,0.0,0.0,0.0,0.0,0.0,0.0
43921,2023.0,11.0,2.0,0.0,18.50504,18.430304,17.302614,17.231876,18.282198,17.722595,18.292347,18.102432,16.223476,15.855509,16.01411,15.842886,18.842314,18.628235,19.317123,19.760319,16.991283,17.482677,0.0,0.0,0.0,0.0,0.0,0.0,4.0,4.0
43922,2023.0,11.0,2.0,0.0,18.47423,18.44626,17.100365,16.929762,18.10169,17.548338,18.169758,17.98244,16.292221,16.115202,15.974069,15.802602,18.75467,18.540663,18.501837,18.117313,16.499426,16.390896,0.0,0.0,0.0,0.0,0.0,0.0,0.0,0.0
43923,2023.0,11.0,2.0,0.0,18.384842,18.35949,17.013084,16.830585,18.239574,17.982054,18.0565,17.869387,16.275429,16.12053,15.935348,15.763053,18.672123,18.45669,18.150482,17.705893,16.85845,17.169027,0.0,0.0,0.0,0.0,0.0,0.0,0.0,4.0
43924,2023.0,11.0,2.0,0.0,18.300488,18.278446,16.949745,16.768654,18.211027,17.996878,17.956223,17.772434,16.218946,16.065254,15.89902,15.726961,18.597488,18.382687,17.989346,17.554062,16.255857,15.927483,0.0,0.0,0.0,0.0,0.0,0.0,0.0,0.0
43925,2023.0,11.0,2.0,0.0,18.214462,18.189398,16.888063,16.703253,18.121986,17.906996,17.856352,17.667967,16.16057,16.003994,15.861153,15.686729,18.52399,18.305674,17.847145,17.414541,16.05509,15.718035,0.0,0.0,0.0,0.0,0.0,0.0,0.0,0.0
43926,2023.0,11.0,2.0,1.0,18.140644,18.11958,16.837822,16.656578,18.04264,17.833586,17.773207,17.590256,16.10883,15.953322,15.827401,15.653787,18.45989,18.242823,17.963999,17.774035,16.162748,16.02206,0.0,0.0,0.0,0.0,0.0,0.0,0.0,0.0
43927,2023.0,11.0,2.0,1.0,18.067028,18.045336,16.785738,16.602743,17.960785,17.751318,17.68957,17.505558,16.05752,15.900391,15.792042,15.616634,18.396961,18.178019,17.915672,17.726736,16.134165,15.98681,0.0,0.0,0.0,0.0,0.0,0.0,0.0,0.0
43928,2023.0,11.0,2.0,1.0,17.99894,17.977957,16.738012,16.555172,17.88562,17.678024,17.613539,17.430971,16.009659,15.851835,15.758155,15.581799,18.33849,18.118715,17.84349,17.653984,16.091928,15.943694,0.0,0.0,0.0,0.0,0.0,0.0,0.0,0.0
43929,2023.0,11.0,2.0,1.0,17.93826,17.921553,16.695953,16.516699,17.819164,17.6178,17.546751,17.370087,16.555843,16.918104,15.726904,15.55147,18.285555,18.067272,17.77515,17.587706,16.052399,15.904924,0.0,0.0,0.0,4.0,0.0,0.0,0.0,0.0
43930,2023.0,11.0,2.0,1.0,17.87732,17.860888,16.652191,16.472776,17.75179,17.551657,17.479225,17.303425,16.125221,15.97717,15.994019,16.078287,18.233046,18.013788,17.706951,17.518978,16.012524,15.864209,0.0,0.0,0.0,0.0,4.0,0.0,0.0,0.0
43931,2023.0,11.0,2.0,1.0,17.818708,17.801373,16.609596,16.429237,17.686954,17.487005,17.414455,17.23848,15.983451,15.823221,15.773012,15.593053,18.182438,17.961647,17.641338,17.45216,15.973677,15.824126,0.0,0.0,0.0,0.0,0.0,0.0,0.0,0.0
43932,2023.0,11.0,2.0,2.0,17.76243,17.743849,16.56839,16.38659,17.624834,17.424532,17.35263,17.175926,15.928241,15.767054,16.00486,16.103971,18.133873,17.911394,17.57873,17.388206,15.936066,15.785193,0.0,0.0,0.0,0.0,4.0,0.0,0.0,0.0
43933,2023.0,11.0,2.0,2.0,17.714602,17.700987,16.534796,16.35776,17.572174,17.378069,17.300322,17.129396,15.882498,15.724802,15.764115,15.586173,18.092499,17.87349,17.52408,17.33715,15.903913,15.755861,0.0,0.0,0.0,0.0,0.0,0.0,0.0,0.0
43934,2023.0,11.0,2.0,2.0,17.667978,17.657562,16.502455,16.329084,17.521147,17.331318,17.249744,17.08267,15.842108,15.68654,15.996605,16.101053,18.053108,17.83652,17.472044,17.287397,15.873346,15.727381,0.0,0.0,0.0,0.0,4.0,0.0,0.0,0.0
43935,2023.0,11.0,2.0,2.0,17.62463,17.618303,16.47239,16.303352,17.473852,17.289164,17.202942,17.040611,15.806286,15.653545,15.74362,15.560494,18.01667,17.803078,17.423914,17.242218,15.845025,15.701576,0.0,0.0,0.0,0.0,0.0,0.0,0.0,0.0
43936,2023.0,11.0,2.0,2.0,17.584785,17.58388,16.4449,16.281263,17.430685,17.252714,17.160332,17.004318,15.774717,15.625808,15.670102,15.501808,17.98334,17.773773,17.379902,17.202408,16.552273,17.0595,0.0,0.0,0.0,0.0,0.0,0.0,0.0,4.0
43937,2023.0,11.0,2.0,2.0,17.545101,17.54791,16.417265,16.25785,17.387857,17.214657,17.118177,16.966522,15.744644,15.598462,15.635317,15.470395,17.950739,17.744097,17.33708,17.162428,16.050653,15.945724,0.0,0.0,0.0,0.0,0.0,0.0,0.0,0.0
43938,2023.0,11.0,2.0,3.0,17.505577,17.510498,16.389448,16.233229,17.345411,17.175291,17.076584,16.927578,15.715974,15.571674,15.602867,15.439996,17.918842,17.714207,17.295414,17.122465,15.747462,15.460101,0.0,0.0,0.0,0.0,0.0,0.0,0.0,0.0
43939,2023.0,11.0,2.0,3.0,17.469908,17.479193,16.363913,16.212313,17.306526,17.141205,17.038408,16.893785,15.690688,15.549729,15.576002,15.416771,17.890335,17.68966,17.257677,17.088322,15.657252,15.370259,0.0,0.0,0.0,0.0,0.0,0.0,0.0,0.0
43940,2023.0,11.0,2.0,3.0,17.436388,17.450424,16.340242,16.194067,17.270512,17.110968,17.00285,16.863686,15.667653,15.530395,15.552379,15.397375,17.863766,17.667427,17.222418,17.057049,15.764125,15.647024,0.0,0.0,0.0,0.0,0.0,0.0,0.0,0.0
43941,2023.0,11.0,2.0,3.0,17.40313,17.420052,16.317411,16.176552,17.236012,17.082083,16.968613,16.834826,15.646142,15.512515,15.530858,15.379996,17.838411,17.646341,17.188877,17.027416,15.748891,15.622138,0.0,0.0,0.0,0.0,0.0,0.0,0.0,0.0
43942,2023.0,11.0,2.0,3.0,17.371584,17.392138,16.295338,16.159687,17.202879,17.054407,16.93569,16.807137,15.625993,15.495931,15.511025,15.364229,17.814123,17.626257,17.156866,16.999245,15.727445,15.60394,0.0,0.0,0.0,0.0,0.0,0.0,0.0,0.0
43943,2023.0,11.0,2.0,3.0,17.357786,17.398485,16.275366,16.146214,17.172966,17.031775,16.905981,16.784489,16.189432,16.574432,15.493551,15.351642,17.791725,17.60893,17.127378,16.974659,15.707686,15.588172,0.0,0.0,0.0,4.0,0.0,0.0,0.0,0.0
43944,2023.0,11.0,2.0,4.0,17.333931,17.379717,16.254738,16.130629,17.142311,17.006393,16.875538,16.759094,16.435509,16.891626,15.476603,15.33862,17.769457,17.590815,17.098234,16.949314,16.41498,16.93994,0.0,0.0,0.0,4.0,0.0,0.0,0.0,4.0
43945,2023.0,11.0,2.0,4.0,17.307558,17.355822,16.233654,16.11326,17.111547,16.979548,16.845144,16.732351,15.768454,15.538352,15.4602,15.325083,17.7473,17.571714,17.069626,16.923473,15.935993,15.8687315,0.0,0.0,0.0,0.0,0.0,0.0,0.0,0.0
43946,2023.0,11.0,2.0,4.0,17.281197,17.331383,16.212433,16.09516,17.08096,16.952188,16.815151,16.705252,16.169626,16.43552,15.444368,15.311786,17.725403,17.552511,17.041594,16.897797,15.654307,15.416166,0.0,0.0,0.0,4.0,0.0,0.0,0.0,0.0
43947,2023.0,11.0,2.0,4.0,17.255785,17.30855,16.192158,16.078503,17.051956,16.927132,16.786734,16.680475,15.720484,15.47982,15.721354,15.84454,17.704483,17.534746,17.01502,16.874168,16.31873,16.739017,0.0,0.0,0.0,0.0,4.0,0.0,0.0,4.0
43948,2023.0,11.0,2.0,4.0,17.2303,17.285086,16.172031,16.061472,17.02314,16.901608,16.758554,16.655283,16.149107,16.411997,15.858303,16.021631,17.68358,17.516611,16.988708,16.850319,15.774605,15.558975,0.0,0.0,0.0,4.0,4.0,0.0,0.0,0.0
43949,2023.0,11.0,2.0,4.0,17.205145,17.26186,16.152636,16.044916,16.995008,16.87662,16.73134,16.630802,15.699382,15.450523,15.590574,15.482895,17.662943,17.498669,16.962984,16.826977,15.603021,15.36129,0.0,0.0,0.0,0.0,0.0,0.0,0.0,0.0
43950,2023.0,11.0,2.0,5.0,17.179842,17.237787,16.132784,16.026754,16.9662,16.849539,16.703459,16.604328,15.540551,15.276382,15.498341,15.373869,17.641987,17.479788,16.93721,16.802923,15.683807,15.586418,0.0,0.0,0.0,0.0,0.0,0.0,0.0,0.0
43951,2023.0,11.0,2.0,5.0,17.153269,17.210913,16.111567,16.005772,16.937487,16.822006,16.675404,16.577223,15.616144,15.491669,15.467737,15.344172,17.619501,17.45765,16.910686,16.776878,16.399878,16.946247,0.0,0.0,0.0,0.0,0.0,0.0,0.0,4.0
43952,2023.0,11.0,2.0,5.0,17.124605,17.180643,16.087551,15.9801235,16.906391,16.789913,16.644993,16.54562,15.614011,15.501487,15.437975,15.313157,17.595121,17.432611,16.882578,16.748228,15.761958,15.564937,0.0,0.0,0.0,0.0,0.0,0.0,0.0,0.0
43953,2023.0,11.0,2.0,5.0,17.095692,17.149965,16.062971,15.953728,17.611736,18.141296,16.614586,16.513693,15.585225,15.472088,15.410176,15.28387,17.569983,17.406645,16.854006,16.718931,16.306322,16.722013,0.0,4.0,0.0,0.0,0.0,0.0,0.0,4.0
43954,2023.0,11.0,2.0,5.0,17.066628,17.118908,16.038029,15.926814,17.163166,17.148823,16.584167,16.481552,15.555387,15.440902,15.383098,15.255208,17.544327,17.380005,16.825335,16.68937,15.743549,15.520299,0.0,0.0,0.0,0.0,0.0,0.0,0.0,0.0
43955,2023.0,11.0,2.0,5.0,17.037285,17.087166,16.01254,15.898922,16.725355,16.379936,16.553505,16.448664,15.525518,15.409276,15.356144,15.226293,17.518177,17.352541,16.79673,16.659557,15.548171,15.285991,0.0,0.0,0.0,0.0,0.0,0.0,0.0,0.0
43956,2023.0,11.0,2.0,6.0,17.009592,17.058548,15.98846,15.873896,16.596159,16.228539,16.524498,16.419127,16.074327,16.46359,15.330737,15.200251,17.492672,17.326849,16.769022,16.631784,16.225554,16.629198,0.0,0.0,0.0,4.0,0.0,0.0,0.0,4.0
43957,2023.0,11.0,2.0,6.0,21.230019,24.42765,15.964677,15.849419,21.171534,24.352074,21.124016,24.52085,20.243351,23.604614,15.59633,15.717234,21.290176,23.761782,21.966047,25.369535,20.262625,23.532993,0.0,0.0,0.0,0.0,4.0,0.0,0.0,0.0
43958,2023.0,11.0,2.0,6.0,21.003822,23.534353,15.939978,15.823662,21.004765,23.518782,21.009539,23.74346,17.657957,17.968517,20.436626,23.748009,20.979692,23.00447,20.881577,23.127298,17.43489,17.458376,0.0,0.0,0.0,0.0,0.0,0.0,0.0,0.0
43959,2023.0,11.0,2.0,6.0,21.07545,23.386456,15.920534,15.800487,21.077394,23.343979,21.082443,23.53711,16.331987,16.22124,17.815262,18.282185,21.06997,22.940598,21.093004,23.276445,16.322533,16.20317,0.0,0.0,0.0,0.0,0.0,0.0,0.0,0.0
43960,2023.0,11.0,2.0,6.0,21.060509,23.162308,15.90068,15.776926,21.0622,23.101326,21.06663,23.272497,16.098352,15.968021,16.29132,16.153358,21.05411,22.733955,21.058662,23.016502,16.153336,16.029997,0.0,0.0,0.0,0.0,0.0,0.0,0.0,0.0
43961,2023.0,11.0,2.0,6.0,21.063232,23.027143,16.39071,16.71225,21.064507,22.954048,21.06922,23.112152,15.985013,15.857348,16.380924,16.532068,21.055159,22.606394,21.063585,22.883064,16.045174,15.92632,4.0,0.0,0.0,0.0,4.0,0.0,0.0,0.0
43962,2023.0,11.0,2.0,7.0,21.817446,24.21595,20.195257,23.174099,21.84413,24.164307,21.741133,24.140907,16.55504,17.018078,20.235811,23.1436,21.714256,23.562641,21.997192,24.388918,15.957886,15.83945,0.0,0.0,0.0,4.0,0.0,0.0,0.0,0.0
43963,2023.0,11.0,2.0,7.0,20.924116,22.442589,18.0638,18.496664,20.9274,22.353148,20.935617,22.517902,20.37658,23.522524,18.283623,18.888062,21.041023,22.360989,20.899214,22.206799,15.888126,15.773628,0.0,0.0,0.0,4.0,4.0,0.0,0.0,0.0
43964,2023.0,11.0,2.0,7.0,21.079704,22.7375,16.761,16.71133,21.081945,22.644363,21.08382,22.786287,20.105515,22.571,20.307312,22.901861,21.052261,22.341099,21.044128,22.460518,15.830675,15.719826,0.0,0.0,0.0,0.0,4.0,0.0,4.0,0.0
43965,2023.0,11.0,2.0,7.0,21.02844,22.596386,16.97204,17.265882,21.05613,22.571224,21.061165,22.71208,18.243797,18.64339,20.047808,22.093828,21.02076,22.226841,21.075954,22.522127,16.75695,17.516146,4.0,0.0,0.0,4.0,0.0,4.0,0.0,4.0
43966,2023.0,11.0,2.0,7.0,21.756773,23.788895,20.33038,23.085579,21.03348,22.484125,21.062614,22.686426,20.330414,22.743866,17.934744,17.826296,21.652021,23.214167,21.029001,22.368551,20.378939,23.56147,0.0,4.0,0.0,0.0,0.0,4.0,4.0,0.0
43967,2023.0,11.0,2.0,7.0,21.012766,22.433905,18.25762,18.639334,21.06206,22.545189,21.061039,22.656843,17.98881,17.917969,17.038263,16.865055,21.052694,22.187717,21.036064,22.361595,17.55654,17.565054,0.0,0.0,0.0,0.0,0.0,0.0,4.0,0.0
43968,2023.0,11.0,2.0,8.0,21.07647,22.567474,17.05581,17.001635,21.045687,22.442364,21.060057,22.63158,17.617588,17.963898,17.248083,17.454323,21.059961,22.177385,21.074165,22.447762,17.272924,17.830564,0.0,4.0,0.0,4.0,4.0,0.0,0.0,4.0
43969,2023.0,11.0,2.0,8.0,19.95863,20.37371,16.79165,16.68807,19.847023,20.110418,19.518023,19.646345,20.373106,22.686304,20.331493,22.816673,20.18713,20.449863,20.176857,20.654417,21.371065,24.904732,0.0,4.0,0.0,0.0,0.0,4.0,4.0,4.0
43970,2023.0,11.0,2.0,8.0,18.849583,18.698875,17.101963,17.385738,19.258123,19.423765,18.628578,18.528215,18.06728,18.020967,18.316519,18.608517,19.839178,20.076843,19.825642,20.307047,19.887398,21.714304,4.0,4.0,0.0,0.0,0.0,4.0,4.0,4.0
43971,2023.0,11.0,2.0,8.0,19.022848,19.372599,20.31062,22.936543,19.06838,19.238901,18.982763,19.448923,17.659107,17.966972,17.155563,17.054815,19.724985,19.974031,18.794497,18.487537,20.072668,21.920267,4.0,4.0,4.0,4.0,0.0,4.0,0.0,4.0
43972,2023.0,11.0,2.0,8.0,19.075865,19.480577,20.03682,22.063484,18.935787,19.11808,18.490149,18.495628,20.37332,22.638592,16.847546,16.708523,19.632418,19.891058,19.242228,19.757746,20.077814,21.844942,0.0,4.0,0.0,0.0,0.0,4.0,4.0,0.0
43973,2023.0,11.0,2.0,8.0,18.999474,19.415379,18.402723,18.680029,18.829374,19.022566,17.804638,17.447243,18.654182,19.077637,17.055302,17.259384,19.558096,19.825474,18.482832,18.19605,18.137245,18.018202,4.0,4.0,0.0,4.0,4.0,4.0,0.0,0.0
43974,2023.0,11.0,2.0,9.0,18.299023,18.157959,20.297209,22.30632,18.759108,18.960205,17.537281,17.122921,21.413006,24.106201,20.328138,22.972103,18.794086,18.435997,18.09408,17.73057,18.29763,18.737392,0.0,4.0,0.0,0.0,0.0,0.0,0.0,4.0
43975,2023.0,11.0,2.0,9.0,17.901981,17.679043,18.352863,18.351824,18.059448,17.728203,17.593035,17.418331,19.338236,19.755796,18.28599,18.606367,18.405895,18.005262,17.880669,17.530397,20.233196,22.133963,0.0,0.0,0.0,4.0,0.0,0.0,0.0,4.0
43976,2023.0,11.0,2.0,9.0,17.722208,17.494228,17.93837,18.219992,18.329882,18.495913,18.274393,18.765127,20.242767,21.928802,17.118309,17.025545,18.243464,17.850872,17.71357,17.3766,20.053455,21.701954,4.0,4.0,4.0,0.0,0.0,0.0,0.0,0.0
43977,2023.0,11.0,2.0,9.0,18.31528,18.725304,20.266073,22.34956,18.482464,18.72619,17.907413,17.937897,18.40031,18.274384,17.242428,17.480518,18.11975,17.739304,17.758007,17.614782,18.961342,19.48158,0.0,4.0,0.0,0.0,4.0,0.0,0.0,4.0
43978,2023.0,11.0,2.0,9.0,17.894464,17.81523,18.584742,18.8623,18.461493,18.719088,17.329578,17.018969,17.448187,17.115324,20.342806,22.829105,19.039642,19.609585,17.734701,17.622173,20.5674,22.726437,0.0,4.0,0.0,0.0,4.0,4.0,0.0,0.0
43979,2023.0,11.0,2.0,9.0,17.552263,17.375792,17.590963,17.537378,17.800022,17.515726,17.089968,16.734613,17.305748,17.151821,20.02313,21.922186,19.11511,19.467035,17.658993,17.55121,19.034016,19.557919,0.0,0.0,0.0,0.0,4.0,4.0,0.0,4.0
43980,2023.0,11.0,2.0,10.0,18.146887,18.59986,17.764305,18.05768,17.44017,17.071497,17.182364,17.033403,17.184479,17.064234,20.082155,21.83863,19.077316,19.419565,18.583345,19.360813,21.37456,24.083439,4.0,0.0,0.0,0.0,0.0,4.0,4.0,0.0
43981,2023.0,11.0,2.0,10.0,18.366299,18.862442,20.288136,22.488403,17.29719,16.924774,17.202425,17.094015,17.02977,16.915737,18.246029,18.155273,18.37084,18.076483,18.77902,19.39569,18.965912,18.979927,0.0,0.0,0.0,0.0,0.0,0.0,4.0,0.0
43982,2023.0,11.0,2.0,10.0,18.385004,18.878721,18.319057,18.37977,17.86834,18.089588,17.151817,17.048117,16.89308,16.78365,17.238777,16.880407,18.037634,17.684437,17.853106,17.629148,17.68516,17.390318,0.0,4.0,0.0,0.0,0.0,0.0,0.0,0.0
43983,2023.0,11.0,2.0,10.0,18.389275,18.88064,17.414658,17.024418,17.392357,17.12379,17.102818,16.999527,16.794273,16.68518,17.174242,16.992373,17.932434,17.573786,18.570374,19.1889,17.35742,17.029524,0.0,0.0,0.0,0.0,0.0,0.0,4.0,0.0
43984,2023.0,11.0,2.0,10.0,17.747711,17.681475,17.37225,17.19462,17.837585,18.078476,17.054356,16.952677,16.705631,16.599424,17.485277,17.684525,17.854345,17.49773,17.778734,17.54488,17.31989,17.173052,0.0,4.0,0.0,0.0,4.0,0.0,0.0,0.0
43985,2023.0,11.0,2.0,10.0,17.464369,17.292217,17.744661,18.01608,17.375944,17.151947,17.725098,18.25355,16.627365,16.52356,20.290907,22.601665,17.98537,17.829931,17.471275,17.16012,17.215448,17.096046,4.0,0.0,4.0,0.0,0.0,0.0,0.0,0.0
43986,2023.0,11.0,2.0,11.0,18.043232,18.499208,20.270653,22.424479,17.041782,16.699247,17.386345,17.427183,16.545143,16.443163,18.75828,19.275637,18.015213,17.884342,17.329666,17.0202,17.068846,16.956667,4.0,0.0,0.0,0.0,4.0,0.0,0.0,0.0
43987,2023.0,11.0,2.0,11.0,18.25427,18.748396,20.022438,21.68918,17.60854,17.850498,17.536074,17.839304,16.470686,16.368738,20.27113,22.311953,17.98117,17.851242,17.222012,16.915571,16.93271,16.822529,4.0,4.0,4.0,0.0,0.0,0.0,0.0,0.0
43988,2023.0,11.0,2.0,11.0,17.63195,17.5729,20.057892,21.600739,17.851242,18.158316,17.05729,16.861559,16.405647,16.304,18.29676,18.233135,17.944248,17.813498,18.394598,19.231253,16.814177,16.706022,4.0,4.0,0.0,0.0,0.0,0.0,4.0,0.0
43989,2023.0,11.0,2.0,11.0,17.28647,17.128456,20.06938,21.52934,17.88547,18.191553,16.713984,16.39649,16.347189,16.245485,17.21154,16.825964,17.908857,17.776863,17.66185,17.452925,17.66624,18.409294,0.0,4.0,0.0,0.0,0.0,0.0,0.0,4.0
43990,2023.0,11.0,2.0,11.0,17.889307,18.359756,18.481426,18.403673,17.902632,18.206533,16.59255,16.261822,16.294975,16.193954,17.109072,16.912092,17.875824,17.742998,17.217615,16.925196,20.317575,22.84687,0.0,4.0,0.0,0.0,0.0,0.0,0.0,0.0
43991,2023.0,11.0,2.0,11.0,18.104406,18.598944,17.943722,17.92505,17.317934,17.109667,17.439009,17.939457,17.010382,17.583597,17.046242,16.891016,17.84425,17.71031,17.09006,16.789955,18.006538,17.999971,4.0,0.0,4.0,4.0,0.0,0.0,0.0,0.0
43992,2023.0,11.0,2.0,12.0,18.127478,18.61678,20.239721,22.097288,17.022064,16.67928,17.497211,17.856316,20.34414,23.29,16.944471,16.79149,18.575193,19.115055,18.066006,18.6936,18.112213,18.574594,4.0,0.0,4.0,0.0,0.0,4.0,4.0,4.0
43993,2023.0,11.0,2.0,12.0,21.342129,24.22682,20.039621,21.532436,21.29767,24.320448,21.369493,24.577589,18.321407,18.809097,16.828661,16.67838,22.257668,25.312939,21.47408,24.414293,20.254885,22.284058,0.0,0.0,4.0,4.0,0.0,4.0,4.0,4.0
43994,2023.0,11.0,2.0,12.0,21.005384,23.193674,18.75713,18.941307,20.984095,23.259254,21.03232,23.497175,20.32859,22.740978,17.12406,17.325218,20.921167,22.511465,21.13468,23.401505,20.047585,21.729174,4.0,4.0,0.0,4.0,4.0,4.0,0.0,0.0
43995,2023.0,11.0,2.0,12.0,21.060347,23.07372,20.231829,21.943827,21.092957,23.197897,21.067413,23.254747,20.87237,23.165054,20.405975,22.862068,21.0886,22.67729,21.077873,23.02631,18.955523,19.452751,4.0,0.0,4.0,0.0,0.0,0.0,0.0,4.0
43996,2023.0,11.0,2.0,12.0,21.076513,22.970598,20.043068,21.441154,21.051428,22.89733,21.061785,23.046297,18.821917,18.83956,18.3621,18.614788,21.060614,22.479431,21.070732,22.827524,20.243343,22.028933,0.0,4.0,4.0,0.0,0.0,0.0,0.0,0.0
43997,2023.0,11.0,2.0,12.0,21.070772,22.84232,18.824198,18.995192,21.080496,22.838633,21.084166,22.970236,17.422394,17.073412,17.289673,17.184,21.061338,22.373816,21.069311,22.690573,18.35586,18.218626,4.0,0.0,0.0,0.0,0.0,0.0,0.0,0.0
43998,2023.0,11.0,2.0,13.0,21.165815,22.945223,20.222744,21.85343,21.176504,22.909222,21.164694,23.023848,17.261528,17.08837,17.032913,16.878798,21.132383,22.434967,21.204824,22.886908,17.447275,17.107069,4.0,4.0,0.0,0.0,0.0,0.0,0.0,0.0
43999,2023.0,11.0,2.0,13.0,21.024786,22.603209,20.03313,21.37021,21.050947,22.581451,21.073778,22.7577,17.141104,16.982178,16.879766,16.719187,21.04374,22.219238,21.054255,22.52175,17.354712,17.20264,0.0,4.0,0.0,0.0,0.0,0.0,0.0,0.0
44000,2023.0,11.0,2.0,13.0,21.050625,22.604431,18.849558,19.011524,21.052908,22.534739,21.061924,22.703327,17.00722,16.862513,16.779985,16.629395,21.017593,22.11904,21.057487,22.486095,17.247488,17.105358,4.0,4.0,0.0,0.0,0.0,4.0,0.0,0.0
44001,2023.0,11.0,2.0,13.0,21.17081,22.825964,20.217447,21.808435,21.192526,22.771517,21.177078,22.903864,16.884022,16.742863,16.686802,16.537157,21.165726,22.37245,21.31463,22.93676,17.118801,16.982162,4.0,4.0,0.0,0.0,0.0,4.0,4.0,0.0
44002,2023.0,11.0,2.0,13.0,21.036732,22.498362,20.033371,21.343328,21.047943,22.442314,21.033691,22.568785,16.776903,16.637533,16.603903,16.455027,21.060894,22.144545,21.075922,22.430416,17.004976,16.870838,0.0,4.0,4.0,0.0,0.0,0.0,0.0,0.0
44003,2023.0,11.0,2.0,13.0,21.046097,22.494808,18.870176,19.02818,21.075132,22.490461,21.08207,22.642155,16.692543,16.561745,16.540085,16.398985,21.056107,22.102896,21.065765,22.377472,17.913477,18.682264,4.0,0.0,0.0,0.0,0.0,0.0,0.0,4.0
44004,2023.0,11.0,2.0,14.0,21.204576,22.791899,20.213737,21.777882,21.198772,22.687544,21.188478,22.796581,16.61427,16.486269,16.477585,16.337809,21.135546,22.232315,21.270674,22.726477,20.303368,22.629978,4.0,4.0,4.0,0.0,0.0,0.0,4.0,0.0
44005,2023.0,11.0,2.0,14.0,19.46848,19.454945,20.026188,21.293314,19.4388,19.30361,19.322851,19.2049,16.550283,16.429518,16.424816,16.290369,19.924011,19.89064,19.450003,19.225058,18.125147,18.071272,4.0,0.0,0.0,0.0,0.0,0.0,0.0,0.0
44006,2023.0,11.0,2.0,14.0,18.58707,18.343437,20.049423,21.27243,19.167261,19.34812,19.007517,19.21373,16.491282,16.374039,16.378603,16.24814,19.327589,19.140484,18.637976,18.253235,17.141628,16.845657,4.0,4.0,4.0,0.0,0.0,0.0,0.0,0.0
44007,2023.0,11.0,2.0,14.0,18.29222,18.054554,20.063904,21.27122,18.466286,18.110964,18.93671,19.16947,16.439856,16.328175,16.33958,16.214508,19.113798,18.931519,18.349337,17.979767,17.07213,16.935183,0.0,0.0,4.0,0.0,0.0,0.0,0.0,0.0
44008,2023.0,11.0,2.0,14.0,19.040398,19.678148,18.979015,19.135939,18.05808,17.655577,18.81591,19.066034,17.15294,17.717224,16.305458,16.185919,18.955608,18.78252,18.315903,18.136415,17.000072,16.882542,4.0,0.0,4.0,4.0,0.0,0.0,0.0,0.0
44009,2023.0,11.0,2.0,14.0,18.984068,19.454958,20.197935,21.533228,17.882719,17.481354,18.734896,18.995354,20.311245,23.106398,16.27785,16.161545,18.844511,18.675556,18.24116,18.090658,16.922121,16.81011,0.0,0.0,4.0,0.0,0.0,0.0,0.0,0.0
44010,2023.0,11.0,2.0,15.0,18.88568,19.349463,18.730244,18.636969,18.622566,19.050268,18.02403,17.755342,17.919115,17.976095,16.24799,16.133478,19.509218,20.04539,19.165522,19.952784,16.83819,16.731792,0.0,4.0,0.0,0.0,0.0,4.0,4.0,0.0
44011,2023.0,11.0,2.0,15.0,18.22744,18.141565,18.69519,18.910532,18.84751,19.384531,18.347837,18.556648,17.070402,16.758606,16.220509,16.104284,19.430485,19.755697,18.255808,18.035786,17.714382,18.445774,4.0,4.0,4.0,0.0,0.0,4.0,0.0,4.0
44012,2023.0,11.0,2.0,15.0,18.626188,19.051155,20.183144,21.609074,18.053768,17.864702,18.428331,18.709019,17.007612,16.84622,16.191502,16.07298,18.67806,18.357862,17.879423,17.548893,20.310078,22.840229,4.0,0.0,4.0,0.0,0.0,0.0,0.0,0.0
44013,2023.0,11.0,2.0,15.0,18.750376,19.199665,20.027533,21.209602,18.229391,18.445852,18.380255,18.659348,16.917286,16.78049,16.538233,16.7467,19.085943,19.38157,17.709118,17.380024,18.029501,18.01423,4.0,4.0,4.0,0.0,4.0,4.0,0.0,0.0
44014,2023.0,11.0,2.0,15.0,18.105305,18.024351,20.047705,21.192732,18.363485,18.630104,17.716911,17.460936,16.79986,16.6665,20.44857,23.226984,19.262117,19.566349,17.74003,17.576435,17.017107,16.748463,4.0,4.0,0.0,0.0,0.0,4.0,0.0,0.0
44015,2023.0,11.0,2.0,15.0,17.730934,17.54541,20.04388,21.142422,17.720078,17.44076,18.003433,18.22769,16.69542,16.564728,18.190714,18.52038,18.550367,18.224741,17.713604,17.57333,17.860168,18.553942,4.0,0.0,4.0,0.0,0.0,0.0,0.0,4.0
44016,2023.0,11.0,2.0,16.0,18.28639,18.710306,20.043999,21.110384,18.02977,18.233648,17.543898,17.289173,16.601475,16.474163,16.974371,16.861336,18.96533,19.259895,17.6397,17.504831,20.310762,22.643135,4.0,4.0,0.0,0.0,0.0,4.0,0.0,0.0
44017,2023.0,11.0,2.0,16.0,17.842499,17.74674,20.043911,21.086092,17.57454,17.288698,17.184769,16.823822,16.517271,16.391933,16.725748,16.583197,19.141092,19.438282,17.56478,17.431889,18.10141,18.044483,4.0,0.0,0.0,0.0,0.0,4.0,0.0,0.0
44018,2023.0,11.0,2.0,16.0,18.223503,18.662102,20.043682,21.06689,17.231522,16.845692,17.734566,17.968102,16.440582,16.315596,16.593388,16.446213,18.406696,18.048508,17.490177,17.351915,17.100084,16.79929,4.0,0.0,4.0,0.0,0.0,0.0,0.0,0.0
44019,2023.0,11.0,2.0,16.0,17.717798,17.586182,20.043623,21.051506,17.805998,18.026987,17.307812,17.047153,16.372145,16.247416,16.491152,16.343382,18.080843,17.679413,17.421133,17.279825,17.000069,16.848799,4.0,4.0,0.0,0.0,0.0,0.0,0.0,0.0
44020,2023.0,11.0,2.0,16.0,18.12798,18.555912,20.043663,21.038754,18.001173,18.260715,16.976543,16.611708,16.30882,16.18135,16.40477,16.257881,17.954748,17.55092,17.358986,17.21576,17.860823,18.569382,4.0,4.0,0.0,0.0,0.0,0.0,0.0,4.0
44021,2023.0,11.0,2.0,16.0,18.298717,18.74063,20.043768,21.027822,17.405018,17.133137,17.762869,18.21608,16.250702,16.120987,16.328465,16.181797,18.058332,17.85659,17.301542,17.156162,20.283472,22.615356,4.0,0.0,4.0,0.0,0.0,0.0,0.0,0.0
44022,2023.0,11.0,2.0,17.0,18.313906,18.74962,20.061886,21.068327,17.052166,16.662834,17.277445,17.061493,16.90992,17.401428,16.632038,16.806406,18.069567,17.887693,17.246887,17.09909,18.063871,17.986004,0.0,0.0,0.0,4.0,4.0,0.0,0.0,0.0
44023,2023.0,11.0,2.0,17.0,18.313555,18.73698,19.044834,19.085537,17.594067,17.77614,16.84712,16.477736,21.449398,25.015629,20.45445,23.169426,18.019663,17.836689,17.19519,17.044868,17.933674,18.389849,4.0,4.0,0.0,0.0,0.0,0.0,0.0,4.0
44024,2023.0,11.0,2.0,17.0,18.321827,18.74448,20.204054,21.5007,17.206976,16.920626,16.706024,16.311373,18.512444,18.64135,18.17816,18.451147,18.711718,19.187426,17.146551,16.993574,20.321676,22.526001,0.0,0.0,0.0,0.0,0.0,4.0,0.0,0.0
44025,2023.0,11.0,2.0,17.0,17.696342,17.572939,18.718134,18.525368,16.878994,16.478704,16.826582,16.632805,16.931349,16.622133,16.981155,16.847584,18.77627,19.06215,17.100096,16.944702,18.143835,18.028847,0.0,0.0,0.0,0.0,0.0,4.0,0.0,0.0
44026,2023.0,11.0,2.0,17.0,17.393255,17.139194,18.281513,18.039886,17.004345,16.817501,16.854918,16.698965,16.820766,16.63689,17.169613,17.350714,18.774775,19.040112,17.058222,16.898441,17.380981,16.976057,0.0,0.0,0.0,0.0,4.0,4.0,0.0,0.0
44027,2023.0,11.0,2.0,17.0,17.995441,18.367144,18.555754,18.719894,17.007706,16.843273,17.53828,18.005835,16.732616,16.56497,20.287933,22.770742,18.069443,17.693731,18.024858,18.748692,17.321507,17.11561,4.0,0.0,4.0,0.0,0.0,0.0,4.0,0.0
44028,2023.0,11.0,2.0,18.0,17.556704,17.40941,20.19392,21.695908,17.680471,18.137001,17.2086,17.184685,16.613323,16.44821,18.29255,18.503397,17.735605,17.297127,17.294819,17.02266,17.198057,17.020315,0.0,4.0,0.0,0.0,0.0,0.0,0.0,0.0
44029,2023.0,11.0,2.0,18.0,21.319145,24.2256,19.20597,19.601723,21.346096,24.383863,21.325657,24.533798,16.503588,16.338455,17.16601,17.004307,21.979486,24.913551,21.59125,24.709167,18.041252,18.759014,4.0,0.0,4.0,0.0,0.0,4.0,0.0,4.0
44030,2023.0,11.0,2.0,18.0,21.120646,23.402893,20.182533,21.574724,21.12185,23.48581,21.119888,23.654436,16.40985,16.24561,16.88395,16.679235,21.100344,22.970901,22.399483,25.62581,20.2544,22.408491,4.0,4.0,0.0,0.0,0.0,0.0,0.0,4.0
44031,2023.0,11.0,2.0,18.0,21.087006,23.093323,20.047209,21.205877,21.069666,23.092234,21.092388,23.275455,16.332466,16.170326,17.133411,17.293842,21.072792,22.676554,20.888544,22.586323,20.050663,21.787205,0.0,4.0,0.0,0.0,4.0,0.0,0.0,0.0
44032,2023.0,11.0,2.0,18.0,21.073254,22.893246,18.56505,18.289547,21.060532,22.882484,21.042088,22.974667,16.268116,16.108475,20.407373,22.825882,21.066845,22.49486,21.050154,22.744318,18.844202,19.245773,0.0,4.0,4.0,0.0,0.0,0.0,4.0,4.0
44033,2023.0,11.0,2.0,18.0,21.057495,22.771082,17.697128,17.1613,21.059345,22.74387,21.065083,22.861528,16.208906,16.046515,18.31599,18.50422,21.050562,22.368605,21.080185,22.709179,20.26478,22.069899,0.0,4.0,4.0,0.0,0.0,0.0,0.0,0.0
44034,2023.0,11.0,2.0,19.0,21.058254,22.704075,17.677082,17.386703,21.057457,22.640087,21.084694,22.807375,16.156214,15.993206,17.20081,17.026669,21.050875,22.297869,21.071865,22.593874,18.999594,19.390251,0.0,4.0,0.0,0.0,0.0,0.0,0.0,4.0
44035,2023.0,11.0,2.0,19.0,21.056955,22.649298,18.088215,18.24549,21.080656,22.629791,21.078608,22.70583,16.110147,15.947402,16.928642,16.720905,21.04979,22.241394,21.071188,22.514828,20.24535,21.926586,4.0,0.0,0.0,0.0,0.0,0.0,0.0,0.0
44036,2023.0,11.0,2.0,19.0,21.029922,22.535236,20.237988,22.06037,21.04951,22.483763,21.052988,22.566042,16.068747,15.90593,16.758429,16.543362,21.048903,22.197435,21.056192,22.45171,19.062359,19.436409,0.0,4.0,4.0,0.0,0.0,0.0,0.0,4.0
44037,2023.0,11.0,2.0,19.0,21.06119,22.590416,19.055582,19.487156,21.053947,22.445915,21.081709,22.593721,16.032383,15.870055,16.633047,16.42447,21.018572,22.08528,21.057186,22.423733,20.193047,21.722607,4.0,4.0,0.0,0.0,0.0,4.0,0.0,4.0
44038,2023.0,11.0,2.0,19.0,21.157036,22.723782,20.214447,21.802614,21.17096,22.643497,21.157017,22.700373,15.998987,15.83659,16.525755,16.319023,21.130424,22.308506,21.283602,22.824146,20.016136,21.279066,4.0,4.0,0.0,0.0,0.0,0.0,4.0,4.0
44039,2023.0,11.0,2.0,19.0,21.065975,22.493586,20.017227,21.25284,21.050558,22.368217,21.056402,22.492523,15.967731,15.804508,16.431353,16.225742,21.029211,22.033073,21.079582,22.392977,20.073011,21.351072,4.0,4.0,0.0,0.0,0.0,4.0,0.0,0.0
44040,2023.0,11.0,2.0,20.0,21.026611,22.392792,20.05518,21.22417,21.052668,22.349821,21.060745,22.493816,15.9411,15.778977,16.770775,16.936935,21.035864,22.016256,21.069122,22.341604,18.423803,18.118488,4.0,4.0,0.0,0.0,4.0,4.0,0.0,0.0
44041,2023.0,11.0,2.0,20.0,21.07412,22.474716,20.0657,21.187151,21.07524,22.391926,21.033836,22.410147,16.679443,17.192078,20.431818,23.024235,21.033644,21.987478,21.066418,22.304039,17.596022,17.143139,0.0,0.0,4.0,4.0,0.0,4.0,0.0,0.0
44042,2023.0,11.0,2.0,20.0,21.065475,22.42694,18.93137,18.931995,21.069529,22.354252,21.038425,22.413845,20.4441,23.408508,18.216173,18.435486,21.063274,22.044619,21.052315,22.27626,17.313229,16.869959,4.0,0.0,4.0,0.0,0.0,0.0,0.0,0.0
44043,2023.0,11.0,2.0,20.0,21.168882,22.605263,20.205183,21.546076,21.196291,22.56458,21.171745,22.661041,17.658253,17.583244,17.025185,16.834036,21.13454,22.161093,21.22465,22.616222,17.337173,17.12488,4.0,4.0,0.0,0.0,0.0,0.0,0.0,0.0
44044,2023.0,11.0,2.0,20.0,21.020433,22.292574,20.034023,21.119392,21.074951,22.32086,21.043697,22.349566,16.434523,16.066635,16.77054,16.55522,21.056343,21.979435,21.052534,22.258825,17.2726,17.078323,0.0,0.0,4.0,0.0,0.0,0.0,0.0,0.0
44045,2023.0,11.0,2.0,20.0,21.074154,22.39987,18.9252,18.916775,21.069298,22.295776,21.079008,22.41997,17.193167,17.716791,16.644579,16.439217,21.04318,21.964293,21.055239,22.261147,17.165285,16.983257,4.0,0.0,0.0,4.0,0.0,0.0,0.0,0.0
44046,2023.0,11.0,2.0,21.0,21.1688,22.567146,20.203388,21.531048,21.197332,22.568338,21.192715,22.605682,20.325384,22.931175,16.536692,16.333496,21.224047,22.311125,21.225718,22.593878,17.064463,16.888655,4.0,0.0,4.0,4.0,0.0,4.0,0.0,0.0
44047,2023.0,11.0,2.0,21.0,21.046293,22.33042,20.019281,21.065586,21.025072,22.209616,21.048876,22.30226,20.031677,22.029009,16.440123,16.236616,21.06219,21.98194,21.049326,22.230515,16.971624,16.796986,4.0,4.0,4.0,0.0,0.0,0.0,0.0,0.0
44048,2023.0,11.0,2.0,21.0,21.049498,22.33779,20.066875,21.111115,21.074957,22.302174,21.050488,22.294289,17.903091,17.687325,16.362738,16.164309,21.056046,21.946949,21.052252,22.226307,16.891378,16.71811,0.0,0.0,4.0,0.0,0.0,0.0,0.0,0.0
44049,2023.0,11.0,2.0,21.0,21.022453,22.26315,18.972681,18.947935,21.066427,22.262442,21.07537,22.354164,16.879381,16.447752,16.292318,16.09411,21.056164,21.928417,21.051605,22.216755,16.816843,16.643488,4.0,0.0,0.0,0.0,0.0,0.0,0.0,0.0
44050,2023.0,11.0,2.0,21.0,21.199234,22.64096,20.197563,21.471848,21.251413,22.626461,21.169266,22.52625,17.615717,18.108183,16.226948,16.027622,21.152676,22.134975,21.228308,22.561787,17.670652,18.312405,4.0,4.0,0.0,4.0,0.0,0.0,0.0,4.0
44051,2023.0,11.0,2.0,21.0,21.063803,22.330645,20.026445,21.039982,21.04823,22.191792,21.069677,22.307892,20.315239,22.63662,16.551424,16.687319,21.04258,21.917824,21.050636,22.193138,20.32548,22.698715,4.0,4.0,0.0,0.0,4.0,0.0,0.0,0.0
44052,2023.0,11.0,2.0,22.0,21.202934,22.56296,20.189402,21.310423,21.202171,22.486864,21.194887,22.576979,17.972807,17.765114,20.483036,23.219046,21.152058,22.139818,21.229868,22.544573,17.975214,17.759567,4.0,4.0,0.0,0.0,4.0,0.0,0.0,0.0
44053,2023.0,11.0,2.0,22.0,21.0675,22.291672,20.062363,21.026436,21.04528,22.157053,21.028442,22.227655,16.864635,16.41299,19.994226,22.034819,21.042189,21.91718,21.050053,22.172592,16.96878,16.555351,0.0,4.0,4.0,0.0,4.0,0.0,0.0,0.0
44054,2023.0,11.0,2.0,22.0,21.034668,22.192131,18.666462,18.31924,21.04571,22.149054,21.034107,22.24895,16.817333,16.589499,20.079216,21.890461,21.012442,21.838892,21.050508,22.167961,16.963072,16.764156,0.0,4.0,4.0,0.0,4.0,4.0,0.0,0.0
44055,2023.0,11.0,2.0,22.0,21.067781,22.27077,18.609182,18.742186,21.045145,22.13863,21.050482,22.253914,16.756975,16.554266,20.07908,21.686039,21.04798,21.935167,21.049864,22.160305,16.925905,16.74282,4.0,4.0,4.0,0.0,0.0,0.0,0.0,0.0
44056,2023.0,11.0,2.0,22.0,21.171618,22.466267,20.18543,21.57963,21.20283,22.444784,21.19558,22.524513,17.29158,17.672476,18.166727,17.858206,21.13401,22.07294,21.35417,22.735382,17.583334,18.061337,0.0,4.0,4.0,4.0,0.0,0.0,4.0,4.0
44057,2023.0,11.0,2.0,22.0,21.01847,22.156582,18.906626,18.958393,21.069956,22.18457,21.0479,22.208462,20.393064,22.87094,17.706274,17.700624,21.055233,21.88744,21.070948,22.162678,20.334267,22.701054,0.0,0.0,4.0,0.0,4.0,0.0,0.0,0.0
44058,2023.0,11.0,2.0,23.0,21.041763,22.186625,18.563501,18.725243,21.039528,22.090023,21.073257,22.265133,18.156761,18.24164,20.382814,22.293318,21.040222,21.868166,21.061428,22.121538,17.959,17.72372,4.0,4.0,0.0,0.0,0.0,0.0,0.0,0.0
44059,2023.0,11.0,2.0,23.0,20.097797,20.367327,18.185438,18.061363,19.51165,19.186298,19.457638,19.14973,17.6834,17.998592,18.557093,18.642504,20.634739,21.06716,19.504066,19.11108,16.964365,16.55423,0.0,0.0,0.0,4.0,0.0,4.0,0.0,0.0
44060,2023.0,11.0,2.0,23.0,19.123661,18.757195,18.350967,18.492687,18.781866,18.15177,18.70257,18.089417,16.91614,16.510136,18.080492,18.090254,19.506077,18.991405,19.161932,18.879154,16.9806,16.76746,4.0,0.0,0.0,0.0,4.0,0.0,0.0,0.0
44061,2023.0,11.0,2.0,23.0,18.724316,18.288557,17.653372,17.16513,18.474424,17.832338,18.698683,18.388783,16.574068,16.117867,17.99371,18.043562,19.074114,18.473858,18.988333,18.740587,16.941912,16.760822,0.0,0.0,0.0,0.0,4.0,0.0,0.0,0.0
44062,2023.0,11.0,2.0,23.0,18.506437,18.083368,17.732851,17.493563,18.562017,18.237713,18.591583,18.340693,16.642302,16.412632,17.870821,17.927147,18.872656,18.285885,19.834028,20.510086,16.861692,16.681702,4.0,0.0,0.0,0.0,4.0,0.0,4.0,0.0
44063,2023.0,11.0,2.0,23.0,18.618141,18.49648,17.347418,16.815773,18.503431,18.241463,18.439835,18.1982,17.21959,17.563368,17.237816,16.81024,18.974535,18.669987,18.789114,18.389885,17.495697,17.940363,0.0,0.0,0.0,4.0,0.0,0.0,0.0,4.0
44064,2023.0,11.0,3.0,0.0,18.579254,18.512043,17.550709,17.336697,18.381718,18.126535,18.300278,18.062283,16.766766,16.59523,16.84304,16.301752,18.940527,18.685356,18.345814,17.846571,17.7578,18.290648,4.0,0.0,0.0,0.0,0.0,0.0,0.0,4.0
44065,2023.0,11.0,3.0,0.0,19.215431,19.800814,17.60251,17.446938,18.270227,18.021809,18.178038,17.946379,16.359678,15.960831,16.89271,16.600689,18.848078,18.602726,18.156708,17.668491,16.85347,16.499952,4.0,0.0,0.0,0.0,0.0,0.0,0.0,0.0
44066,2023.0,11.0,3.0,0.0,19.024385,19.315731,17.121458,16.584944,18.163843,17.91862,18.063938,17.834751,16.185453,15.764242,16.862604,16.623228,18.756739,18.51561,18.239012,18.000431,16.549263,16.145239,0.0,0.0,0.0,0.0,0.0,0.0,0.0,0.0
44067,2023.0,11.0,3.0,0.0,18.30247,18.018112,17.366684,17.172588,18.069057,17.829723,17.963017,17.7395,16.292418,16.086975,16.77178,16.543568,18.67055,18.428833,18.189281,17.97773,16.432247,16.03558,4.0,0.0,0.0,0.0,0.0,0.0,0.0,0.0
44068,2023.0,11.0,3.0,0.0,18.003704,17.627232,16.983501,16.459015,17.98026,17.744995,17.868704,17.6491,16.289606,16.10946,16.68162,16.459223,18.591871,18.35112,18.101831,17.896898,16.540358,16.353886,0.0,0.0,0.0,0.0,0.0,0.0,0.0,0.0
44069,2023.0,11.0,3.0,0.0,17.850838,17.470318,16.779177,16.195616,17.894133,17.658396,17.77728,17.556887,16.240314,16.060408,16.593403,16.371597,18.517588,18.27565,18.010342,17.800926,16.525946,16.351645,0.0,0.0,0.0,0.0,0.0,0.0,0.0,0.0
44070,2023.0,11.0,3.0,1.0,18.03972,17.968729,16.991678,16.72152,17.823233,17.595945,17.702211,17.490541,16.194118,16.01695,16.520636,16.307882,18.453901,18.215853,17.931608,17.726212,16.480757,16.30875,0.0,0.0,0.0,0.0,0.0,0.0,0.0,0.0
44071,2023.0,11.0,3.0,1.0,18.02821,17.98538,17.017435,16.794445,17.751835,17.526854,17.62666,17.417082,16.148094,15.971744,16.446178,16.23254,18.392448,18.155493,17.856115,17.651686,16.435377,16.264236,0.0,0.0,0.0,0.0,0.0,0.0,0.0,0.0
44072,2023.0,11.0,3.0,1.0,18.735008,19.366976,16.984352,16.769775,18.40605,18.816923,17.565222,17.366331,16.108953,15.937181,16.385656,16.179693,18.340424,18.109325,17.791344,17.592999,16.395514,16.228546,0.0,4.0,0.0,0.0,0.0,0.0,0.0,0.0
44073,2023.0,11.0,3.0,1.0,17.984434,17.797213,17.410494,17.604208,17.979322,17.915182,17.50346,17.309998,16.070784,15.901302,16.326277,16.12355,18.289932,18.061766,17.728788,17.533327,16.356342,16.191534,4.0,0.0,0.0,0.0,0.0,0.0,0.0,0.0
44074,2023.0,11.0,3.0,1.0,17.646242,17.312817,17.146832,17.0458,17.437645,16.958094,17.444746,17.255575,16.035295,15.867574,16.270866,16.07045,18.24268,18.016735,17.670135,17.476706,17.05222,17.5364,0.0,0.0,0.0,0.0,0.0,0.0,0.0,4.0
44075,2023.0,11.0,3.0,1.0,18.263866,18.574776,16.974358,16.785416,17.24956,16.732605,17.39072,17.206497,16.002699,15.8372755,16.220778,16.023497,18.199167,17.976124,17.61614,17.42555,16.548164,16.424885,0.0,0.0,0.0,0.0,0.0,0.0,0.0,0.0
44076,2023.0,11.0,3.0,2.0,18.393898,18.735315,17.394274,17.623655,17.424145,17.18694,17.339113,17.158478,15.971524,15.807794,16.173443,15.978303,18.157377,17.936426,17.564287,17.375568,16.91033,17.194658,4.0,0.0,0.0,0.0,0.0,0.0,0.0,4.0
44077,2023.0,11.0,3.0,2.0,17.763176,17.535719,17.097404,17.004448,17.43851,17.241678,17.289965,17.112278,15.941818,15.779096,16.128912,15.9354315,18.1173,17.89785,17.514793,17.327631,16.3097,15.962849,0.0,0.0,0.0,0.0,0.0,0.0,0.0,0.0
44078,2023.0,11.0,3.0,2.0,17.493004,17.15603,16.903414,16.70537,17.395967,17.200836,17.238825,17.059828,15.91154,15.748013,16.083582,15.888541,18.076435,17.856152,17.464819,17.276697,16.108667,15.741187,0.0,0.0,0.0,0.0,0.0,0.0,0.0,0.0
44079,2023.0,11.0,3.0,2.0,17.391323,17.063646,16.846392,16.652647,17.354872,17.163568,17.194422,17.01907,15.883872,15.721511,16.043934,15.851016,18.03941,17.820822,17.419483,17.233068,16.234058,16.07821,0.0,0.0,0.0,0.0,0.0,0.0,0.0,0.0
44080,2023.0,11.0,3.0,2.0,17.573748,17.517017,16.799515,16.610167,18.036898,18.484224,17.15224,16.98118,15.857198,15.69656,16.006634,15.816508,18.004309,17.78815,17.376904,17.193102,16.217453,16.059748,0.0,4.0,0.0,0.0,0.0,0.0,0.0,0.0
44081,2023.0,11.0,3.0,2.0,17.598574,17.582302,16.755554,16.56779,17.607592,17.551327,17.83693,18.306707,16.403793,16.746946,15.968965,15.779803,17.968931,17.75375,17.33456,17.151752,16.182735,16.025757,0.0,0.0,4.0,4.0,0.0,0.0,0.0,0.0
44082,2023.0,11.0,3.0,3.0,17.56638,17.553165,16.714584,16.528214,17.09844,16.646296,17.384935,17.32302,16.016056,15.87846,15.93247,15.744021,17.934557,17.72016,17.293877,17.111849,16.14856,15.992013,0.0,0.0,0.0,0.0,0.0,0.0,0.0,0.0
44083,2023.0,11.0,3.0,3.0,17.528345,17.513794,16.673088,16.485163,16.91778,16.418055,16.876186,16.423262,15.877281,15.714628,15.894875,15.7047,17.898653,17.682728,17.252209,17.06883,16.113747,15.955668,0.0,0.0,0.0,0.0,0.0,0.0,0.0,0.0
44084,2023.0,11.0,3.0,3.0,17.488668,17.472315,16.632412,16.442509,17.11817,16.911211,16.713661,16.229855,15.83275,15.66866,16.17645,16.26462,17.862612,17.645096,17.210691,17.025974,16.079365,15.919775,0.0,0.0,0.0,0.0,4.0,0.0,0.0,0.0
44085,2023.0,11.0,3.0,3.0,17.458595,17.450012,17.086836,17.327581,17.120712,16.93181,16.894894,16.684067,15.793263,15.629155,15.933526,15.738961,17.828117,17.61047,17.170918,16.98634,16.046448,15.886648,4.0,0.0,0.0,0.0,0.0,0.0,0.0,0.0
44086,2023.0,11.0,3.0,3.0,17.433153,17.433714,16.785156,16.682163,17.087234,16.899595,16.91529,16.740488,15.75645,15.590994,15.838126,15.642836,17.79285,17.57412,17.130556,16.945127,16.012848,15.851973,0.0,0.0,0.0,0.0,0.0,0.0,0.0,0.0
44087,2023.0,11.0,3.0,3.0,17.39789,17.397856,16.622501,16.438684,17.05063,16.862923,16.882252,16.708918,15.72177,15.555331,15.798378,15.603576,17.758062,17.538517,17.09091,16.904915,16.713572,17.199827,0.0,0.0,0.0,0.0,0.0,0.0,0.0,4.0
44088,2023.0,11.0,3.0,4.0,17.361752,17.360386,16.558573,16.36461,17.012615,16.824287,16.845541,16.671644,15.688075,15.520364,15.757331,15.561434,17.72314,17.502502,17.051355,16.864489,16.205124,16.078445,0.0,0.0,0.0,0.0,0.0,0.0,0.0,0.0
44089,2023.0,11.0,3.0,4.0,17.32466,17.320786,16.509258,16.311882,16.973553,16.783333,16.806852,16.631,15.65452,15.48486,15.717007,15.518766,17.687689,17.465261,17.01143,16.822924,15.84315,15.477849,0.0,0.0,0.0,0.0,0.0,0.0,0.0,0.0
44090,2023.0,11.0,3.0,4.0,17.28958,17.284319,16.46765,16.269762,16.936575,16.746126,16.769964,16.593775,15.623138,15.452764,15.998634,16.079977,17.653889,17.430904,16.973368,16.78447,15.7245,15.3509245,0.0,0.0,0.0,0.0,4.0,0.0,0.0,0.0
44091,2023.0,11.0,3.0,4.0,17.25673,17.252048,16.43082,16.234732,16.902037,16.713331,16.735231,16.560755,15.594019,15.424346,15.768064,15.579447,17.62202,17.39997,16.937443,16.749678,16.622427,17.138243,0.0,0.0,0.0,0.0,0.0,0.0,0.0,4.0
44092,2023.0,11.0,3.0,4.0,17.220444,17.212708,16.391123,16.191994,16.863834,16.672756,16.696892,16.519922,15.56287,15.391114,15.6602745,15.458584,17.58765,17.36359,16.89906,16.709406,16.6599,16.967293,0.0,0.0,0.0,0.0,0.0,0.0,0.0,4.0
44093,2023.0,11.0,3.0,4.0,17.188005,17.180698,16.35686,16.159048,16.829937,16.64025,16.66325,16.48741,15.535042,15.363822,15.6225395,15.4228,17.556501,17.33322,16.864098,16.675398,15.950473,15.597339,0.0,0.0,0.0,0.0,0.0,0.0,0.0,0.0
44094,2023.0,11.0,3.0,5.0,17.153912,17.145145,16.321009,16.122269,16.794336,16.60394,16.62803,16.451202,15.506421,15.334357,15.582854,15.382363,17.524261,17.300272,16.828106,16.638838,16.483833,16.767008,0.0,0.0,0.0,0.0,0.0,0.0,0.0,4.0
44095,2023.0,11.0,3.0,5.0,17.121124,17.111967,16.286951,16.088514,16.760176,16.570189,16.594122,16.417515,15.479191,15.307199,15.546601,15.346276,17.493343,17.26965,16.793482,16.6046,15.902498,15.547259,0.0,0.0,0.0,0.0,0.0,0.0,0.0,0.0
44096,2023.0,11.0,3.0,5.0,17.08654,17.07484,16.250301,16.048904,16.723536,16.531021,16.557703,16.378407,15.450795,15.277206,15.50925,15.306567,17.460985,17.235762,16.757498,16.567177,15.681076,15.2884655,0.0,0.0,0.0,0.0,0.0,0.0,0.0,0.0
44097,2023.0,11.0,3.0,5.0,17.055832,17.045137,16.219913,16.021322,16.692215,16.502203,16.526358,16.349514,16.015486,16.3623,15.47736,15.276714,17.431826,17.208092,16.7247,16.535872,15.808211,15.634122,0.0,0.0,0.0,4.0,0.0,0.0,0.0,0.0
44098,2023.0,11.0,3.0,5.0,17.02402,17.012823,16.187475,15.989078,16.65897,16.469213,16.492828,16.316294,15.60466,15.4488535,15.444416,15.243905,17.401583,17.178053,16.690939,16.502369,15.799519,15.630855,0.0,0.0,0.0,0.0,0.0,0.0,0.0,0.0
44099,2023.0,11.0,3.0,5.0,16.993027,16.981564,16.155739,15.957765,16.626226,16.436972,16.459753,16.283772,16.057663,16.394167,15.412343,15.212229,17.371647,17.148542,16.65756,16.46948,16.495771,16.975248,0.0,0.0,0.0,4.0,0.0,0.0,0.0,4.0
44100,2023.0,11.0,3.0,6.0,16.962479,16.950863,16.1244,15.926883,16.593752,16.405039,16.427095,16.251625,16.025024,16.174194,15.380813,15.181159,17.341837,17.119225,16.624365,16.43685,15.782191,15.450951,0.0,0.0,0.0,4.0,0.0,0.0,0.0,0.0
44101,2023.0,11.0,3.0,6.0,21.259037,24.46062,16.093319,15.896065,21.177303,24.493437,21.151085,24.579752,20.313837,23.36923,15.349422,15.14993,21.294579,23.823944,22.025396,25.526052,15.536289,15.150776,0.0,0.0,0.0,0.0,0.0,0.0,0.0,0.0
44102,2023.0,11.0,3.0,6.0,21.006512,23.509342,16.06034,15.862917,20.990503,23.56868,21.01232,23.747797,17.427336,17.388945,15.315745,15.116601,20.98553,23.058027,20.979555,23.362078,15.439931,15.057108,0.0,4.0,0.0,0.0,0.0,0.0,0.0,0.0
44103,2023.0,11.0,3.0,6.0,21.073685,23.351294,16.026201,15.827038,21.083416,23.43445,21.081928,23.535858,16.006798,15.587073,15.282643,15.0826025,21.071638,22.975058,21.097204,23.313896,15.595241,15.442899,0.0,0.0,0.0,0.0,0.0,0.0,0.0,0.0
44104,2023.0,11.0,3.0,6.0,21.065123,23.137526,15.994689,15.796122,21.069242,23.177547,21.073265,23.28343,15.96262,15.76704,15.253194,15.054002,21.059736,22.767529,21.06553,23.052376,16.390394,16.913118,0.0,0.0,0.0,0.0,0.0,0.0,0.0,4.0
44105,2023.0,11.0,3.0,6.0,21.065638,23.001986,16.434187,16.644487,21.070196,23.018929,21.050116,23.055676,16.497335,16.829508,15.224826,15.026405,21.059483,22.633682,21.068233,22.913776,20.383715,23.648588,4.0,0.0,4.0,4.0,0.0,0.0,0.0,4.0
44106,2023.0,11.0,3.0,7.0,22.129625,24.612843,20.313652,23.289312,22.084213,24.523315,22.006622,24.497778,20.465473,23.498093,15.196599,14.997961,21.72837,23.744087,22.325127,24.843302,20.0432,22.513853,0.0,0.0,0.0,4.0,0.0,0.0,0.0,0.0
44107,2023.0,11.0,3.0,7.0,20.893425,22.305552,18.085781,18.439447,20.902706,22.307856,20.904182,22.366999,20.04373,22.379688,15.174876,14.976586,20.963938,22.173819,20.867678,22.117165,18.226467,18.640146,0.0,0.0,4.0,0.0,0.0,0.0,0.0,4.0
44108,2023.0,11.0,3.0,7.0,21.091162,22.69979,16.786682,16.664062,21.094633,22.681593,21.117474,22.771158,17.60359,17.39385,15.526501,15.651573,21.064316,22.346014,21.096905,22.580347,20.336271,22.746895,0.0,0.0,0.0,0.0,4.0,0.0,0.0,4.0
44109,2023.0,11.0,3.0,7.0,21.160688,22.830189,16.510975,16.318552,21.158272,22.791332,21.157389,22.80966,16.42805,15.947615,20.317005,23.527071,21.127201,22.445435,21.191828,22.766071,21.055548,23.473886,0.0,0.0,0.0,0.0,0.0,0.0,0.0,0.0
44110,2023.0,11.0,3.0,7.0,21.032946,22.541227,16.838385,17.032621,21.062757,22.578472,21.062819,22.616114,17.177649,17.670311,17.74613,18.148293,21.053171,22.27338,21.06114,22.490185,18.677307,18.540012,4.0,0.0,0.0,4.0,0.0,0.0,0.0,0.0
44111,2023.0,11.0,3.0,7.0,21.668074,23.60015,20.31922,23.053165,21.173609,22.779678,21.204565,22.870737,20.339489,22.977173,16.206163,16.021475,21.797966,23.452553,21.203949,22.76407,17.120846,16.635569,0.0,0.0,4.0,4.0,0.0,4.0,0.0,0.0
44112,2023.0,11.0,3.0,8.0,21.053848,22.480436,18.201292,18.501009,21.035973,22.462967,21.068707,22.609476,20.052982,22.11593,16.290108,16.39586,20.938293,21.85687,21.059671,22.45891,16.714981,16.22807,0.0,4.0,0.0,0.0,4.0,0.0,0.0,0.0
44113,2023.0,11.0,3.0,8.0,19.319057,19.139212,17.390085,17.61194,19.528202,19.587532,19.111773,18.812992,17.786545,17.539944,20.45126,23.371532,19.382494,18.913475,19.494019,19.435165,17.669704,18.290434,4.0,0.0,0.0,0.0,0.0,0.0,0.0,4.0
44114,2023.0,11.0,3.0,8.0,18.675474,18.5781,20.299337,22.739294,18.263353,17.702843,18.000187,17.403551,16.672518,16.190117,17.95978,18.25205,18.629326,18.029293,18.68002,18.469273,20.30384,22.66344,0.0,0.0,0.0,0.0,0.0,0.0,0.0,4.0
44115,2023.0,11.0,3.0,8.0,19.189392,19.75151,18.365065,18.644613,18.402353,18.330479,17.921257,17.618437,16.58959,16.349422,16.57804,16.388676,18.631243,18.330868,18.355171,18.136074,20.055384,21.949722,0.0,4.0,0.0,0.0,0.0,0.0,0.0,0.0
44116,2023.0,11.0,3.0,8.0,18.372719,18.135859,17.629578,17.859114,18.45642,18.463572,18.516592,18.875772,16.509064,16.313734,16.667595,16.796574,19.343695,19.79374,18.12339,17.910856,18.635035,19.00554,4.0,4.0,4.0,0.0,4.0,4.0,0.0,4.0
44117,2023.0,11.0,3.0,8.0,18.596046,18.789871,20.326412,22.599691,18.380049,18.400002,18.043201,17.961315,16.395927,16.208355,20.342112,23.14547,19.140488,19.282331,17.963966,17.755823,21.522976,24.098017,0.0,4.0,0.0,0.0,0.0,4.0,0.0,0.0
44118,2023.0,11.0,3.0,9.0,18.6527,18.902853,18.115261,18.005589,18.289959,18.3236,17.32436,16.807678,16.27284,16.094793,18.36302,18.882214,19.007696,19.14308,17.803864,17.605185,18.852667,18.713667,0.0,4.0,0.0,0.0,4.0,4.0,0.0,0.0
44119,2023.0,11.0,3.0,9.0,17.930054,17.618706,17.830677,17.865473,18.231853,18.28233,17.060358,16.482258,16.944096,17.443504,20.36949,22.441462,18.309166,17.85807,17.686514,17.495607,17.774475,17.264515,4.0,4.0,0.0,4.0,4.0,0.0,0.0,0.0
44120,2023.0,11.0,3.0,9.0,18.249886,18.494724,20.244389,22.289139,18.17205,18.242622,17.188793,16.911707,20.353798,23.251314,20.039074,21.748253,18.690641,18.862413,17.565638,17.380964,18.509476,19.084734,0.0,4.0,0.0,0.0,4.0,4.0,0.0,4.0
44121,2023.0,11.0,3.0,9.0,18.396227,18.703598,18.848001,19.320549,18.120142,18.20909,17.209253,16.995768,17.674858,17.589571,20.09036,21.72284,18.846691,19.025179,17.457018,17.278168,21.599133,24.280775,4.0,4.0,0.0,0.0,0.0,4.0,0.0,0.0
44122,2023.0,11.0,3.0,9.0,18.382504,18.712444,20.258383,22.115177,18.077019,18.18351,17.84507,18.264242,16.411964,16.009699,18.142721,17.878342,18.165516,17.754498,18.35536,19.056725,18.307226,18.077963,4.0,4.0,4.0,0.0,0.0,0.0,4.0,0.0
44123,2023.0,11.0,3.0,9.0,18.360916,18.704449,20.047857,21.554245,18.041304,18.164515,17.493841,17.454508,16.351015,16.157688,17.3285,17.080091,17.797178,17.31521,17.537079,17.198679,18.198826,18.54496,0.0,4.0,0.0,0.0,0.0,0.0,0.0,4.0
44124,2023.0,11.0,3.0,10.0,18.338503,18.694237,18.634563,18.722858,18.011467,18.151249,17.549973,17.698582,16.307924,16.151052,17.12719,16.908258,18.435568,18.648998,18.115732,18.638885,20.248774,22.117622,4.0,4.0,4.0,0.0,0.0,4.0,4.0,4.0
44125,2023.0,11.0,3.0,10.0,18.313978,18.676998,20.23447,22.00294,17.988892,18.145817,16.98714,16.61062,16.213684,16.066292,16.925406,16.714733,18.668116,18.900461,18.407404,18.923069,20.051167,21.617052,0.0,4.0,0.0,0.0,0.0,4.0,4.0,0.0
44126,2023.0,11.0,3.0,10.0,18.290485,18.660624,18.71787,18.861406,17.971903,18.145569,17.339521,17.476175,16.886375,17.414679,17.137274,17.271751,18.707912,18.95023,18.470657,18.992899,18.231533,18.023438,4.0,4.0,4.0,4.0,4.0,4.0,4.0,0.0
44127,2023.0,11.0,3.0,10.0,18.289728,18.682713,20.217146,21.78066,17.961416,18.151121,17.514023,17.744488,20.739843,24.11502,20.2992,22.788969,18.740759,18.99418,17.564121,17.261564,17.544247,17.120838,0.0,4.0,4.0,4.0,0.0,4.0,0.0,0.0
44128,2023.0,11.0,3.0,10.0,17.655575,17.515724,18.823301,18.954853,17.311087,16.961702,16.901459,16.580547,20.017097,22.242651,18.61585,19.119026,18.043995,17.667353,17.140337,16.78052,18.112877,18.485851,4.0,0.0,0.0,4.0,4.0,0.0,0.0,4.0
44129,2023.0,11.0,3.0,10.0,18.009333,18.399582,20.223982,21.871342,17.637356,17.794178,16.583029,16.179003,20.164549,22.276863,20.275818,22.442978,18.507956,18.787102,17.003405,16.649841,21.224466,23.815228,4.0,4.0,0.0,0.0,0.0,4.0,0.0,4.0
44130,2023.0,11.0,3.0,11.0,18.184875,18.613235,20.028658,21.359581,17.84273,18.084326,16.487719,16.0922,18.558079,18.938293,18.747246,19.192467,18.72804,19.020569,17.961388,18.547207,19.88212,21.114332,4.0,4.0,0.0,4.0,4.0,4.0,4.0,0.0
44131,2023.0,11.0,3.0,11.0,18.20588,18.650537,20.072536,21.385698,17.86025,18.115877,17.352652,17.809471,20.361097,22.526886,20.259907,22.192421,18.76666,19.065422,17.35469,17.102365,18.29783,18.083717,0.0,4.0,4.0,0.0,4.0,4.0,0.0,0.0
44132,2023.0,11.0,3.0,11.0,18.222675,18.67628,18.52617,18.366049,17.864592,18.130005,16.910471,16.722036,18.736828,19.120188,20.045393,21.59913,18.075174,17.742043,16.96953,16.654789,17.511524,17.149231,0.0,4.0,0.0,4.0,0.0,0.0,0.0,0.0
44133,2023.0,11.0,3.0,11.0,18.232218,18.693361,18.297554,18.50452,17.865902,18.140903,16.504622,16.170038,20.2959,22.287956,18.31054,18.15127,18.527943,18.829006,16.860497,16.547903,17.217184,16.85779,4.0,4.0,0.0,0.0,0.0,4.0,0.0,0.0
44134,2023.0,11.0,3.0,11.0,18.23561,18.699255,20.220802,21.998632,17.866285,18.15077,17.080328,17.336359,18.268753,18.179443,17.542301,17.339876,18.028536,17.717798,16.94595,16.798273,17.182701,17.005236,0.0,4.0,4.0,0.0,0.0,0.0,0.0,0.0
44135,2023.0,11.0,3.0,11.0,18.237804,18.705992,18.760645,18.990913,17.866236,18.160244,17.34303,17.671278,17.244566,16.906471,17.346643,17.165285,18.49012,18.808172,16.968689,16.847027,17.106117,16.961096,0.0,4.0,4.0,0.0,0.0,4.0,0.0,0.0
44136,2023.0,11.0,3.0,12.0,17.602062,17.524225,18.044992,17.92273,17.244455,17.011038,16.776762,16.58695,17.153925,16.971428,17.203909,17.027765,17.928255,17.629791,16.942205,16.82534,17.956366,18.660923,0.0,0.0,0.0,0.0,0.0,0.0,0.0,4.0
44137,2023.0,11.0,3.0,12.0,21.29521,24.142754,18.245249,18.487675,21.261803,24.183704,21.105555,24.262163,17.830051,18.370155,17.076136,16.910028,21.277502,23.54169,22.21905,25.676504,20.28603,22.634256,4.0,4.0,0.0,4.0,0.0,4.0,0.0,0.0
44138,2023.0,11.0,3.0,12.0,21.126692,23.47163,20.213755,22.0368,21.124725,23.524702,21.116117,23.79139,20.305862,22.587667,16.940876,16.781328,21.106148,23.030012,21.568867,24.135386,18.105036,18.062616,4.0,0.0,0.0,0.0,0.0,0.0,4.0,0.0
44139,2023.0,11.0,3.0,12.0,21.054285,23.069485,20.028517,21.480814,21.062431,23.110392,21.0549,23.359571,18.145863,18.105408,16.82429,16.67303,21.07,22.727627,21.088621,23.098228,17.11145,16.816072,4.0,4.0,4.0,0.0,0.0,0.0,0.0,0.0
44140,2023.0,11.0,3.0,12.0,21.05068,22.909016,20.068949,21.461878,21.08078,22.990679,21.073431,23.227976,17.870132,18.247103,16.727436,16.583456,21.03296,22.471788,21.032295,22.790922,17.040329,16.908037,0.0,0.0,0.0,4.0,0.0,4.0,4.0,0.0
44141,2023.0,11.0,3.0,12.0,21.049664,22.802486,18.560184,18.488676,21.051088,22.785744,21.059397,23.017382,20.295885,22.465368,16.65095,16.51817,21.036972,22.368116,21.040737,22.691935,16.976477,16.85869,0.0,4.0,4.0,0.0,0.0,4.0,4.0,0.0
44142,2023.0,11.0,3.0,13.0,21.073956,22.793528,17.663177,17.32303,21.078999,22.772581,21.08474,22.974754,18.238647,18.203207,16.582458,16.457159,21.034601,22.28201,21.07664,22.705751,16.887451,16.776928,0.0,0.0,0.0,0.0,0.0,4.0,0.0,0.0
44143,2023.0,11.0,3.0,13.0,21.065985,22.713669,17.575947,17.425169,21.044792,22.615973,21.075676,22.869833,17.207472,16.9004,16.5178,16.39532,21.062319,22.293379,21.065533,22.61011,16.8082,16.701271,0.0,4.0,0.0,0.0,0.0,0.0,0.0,0.0
44144,2023.0,11.0,3.0,13.0,21.066313,22.662933,17.965004,18.269663,21.076231,22.647324,21.051247,22.733839,17.109997,16.9688,16.462305,16.344751,21.025768,22.145672,21.066248,22.55007,16.742025,16.640299,4.0,0.0,4.0,0.0,0.0,4.0,0.0,0.0
44145,2023.0,11.0,3.0,13.0,21.026503,22.55045,20.25784,22.25978,21.044844,22.521814,21.080479,22.764267,17.01964,16.895908,16.412813,16.299448,21.03091,22.11877,21.065657,22.500137,16.685469,16.58918,4.0,4.0,0.0,0.0,0.0,4.0,0.0,0.0
44146,2023.0,11.0,3.0,13.0,21.045876,22.554987,20.03587,21.61337,21.04937,22.50036,21.049185,22.640787,17.715614,18.321049,16.370132,16.25979,21.059298,22.163872,21.053297,22.458315,17.660088,18.485935,0.0,4.0,4.0,4.0,0.0,0.0,0.0,4.0
44147,2023.0,11.0,3.0,13.0,21.068905,22.596806,18.780039,19.043661,21.072796,22.542227,21.078535,22.68811,20.283537,22.631094,16.336138,16.23033,21.02365,22.040936,21.054203,22.44199,20.292341,22.81168,4.0,0.0,0.0,0.0,0.0,4.0,0.0,0.0
44148,2023.0,11.0,3.0,14.0,21.062805,22.556795,20.228619,21.99642,21.06689,22.503273,21.046982,22.57499,18.70349,19.181227,16.304358,16.201471,21.028154,22.029963,21.053411,22.423388,18.039507,18.047253,0.0,0.0,4.0,4.0,0.0,4.0,0.0,0.0
44149,2023.0,11.0,3.0,14.0,19.512548,19.556217,18.574028,18.604494,19.948303,20.306047,19.332514,19.296541,20.296526,22.359177,16.27619,16.176891,20.330276,20.672152,19.644135,19.694744,17.057383,16.838453,0.0,4.0,0.0,0.0,0.0,4.0,0.0,0.0
44150,2023.0,11.0,3.0,14.0,18.878136,18.930744,17.808117,17.727087,19.383892,19.65032,18.347414,18.052425,18.897463,19.366606,16.248426,16.151937,19.368563,19.084976,18.893179,18.77464,16.963596,16.852697,0.0,4.0,0.0,4.0,0.0,0.0,0.0,0.0
44151,2023.0,11.0,3.0,14.0,19.415543,20.09967,18.09054,18.387989,18.62833,18.369366,18.694544,18.93104,20.29767,21.924568,16.223883,16.129261,19.747868,20.029808,18.647259,18.509874,16.90853,16.814352,4.0,0.0,4.0,0.0,0.0,4.0,0.0,0.0
44152,2023.0,11.0,3.0,14.0,19.322348,19.822844,20.244947,22.157696,18.813896,19.03726,18.17169,17.974318,18.513731,18.452003,16.611908,16.884388,19.872122,20.205494,18.440664,18.310078,16.827019,16.73793,4.0,4.0,0.0,0.0,4.0,4.0,0.0,0.0
44153,2023.0,11.0,3.0,14.0,18.554508,18.513504,20.037613,21.564127,18.283323,18.047333,17.736177,17.446472,17.608364,17.325556,20.320078,23.15947,19.824673,20.166513,18.265764,18.140524,16.750229,16.663849,0.0,0.0,0.0,0.0,0.0,4.0,0.0,0.0
44154,2023.0,11.0,3.0,15.0,18.147879,18.01789,18.52921,18.54459,17.881828,17.564682,17.695719,17.57201,17.45729,17.31,18.24218,18.659615,19.087667,18.827482,18.117239,17.997221,16.681742,16.598207,0.0,0.0,0.0,0.0,0.0,0.0,0.0,0.0
44155,2023.0,11.0,3.0,15.0,18.709105,19.198809,18.236769,18.285172,18.399765,18.666515,18.354122,18.893326,17.360245,17.235558,17.30686,17.203444,19.527756,19.853607,18.006416,17.88728,16.626995,16.543257,4.0,4.0,4.0,0.0,0.0,4.0,0.0,0.0
44156,2023.0,11.0,3.0,15.0,18.807533,19.330923,20.220495,21.912634,17.886097,17.677948,18.295937,18.678486,17.242985,17.125448,17.101976,16.976336,18.922646,18.665506,17.907192,17.793344,16.576336,16.49453,4.0,0.0,4.0,0.0,0.0,0.0,0.0,0.0
44157,2023.0,11.0,3.0,15.0,18.142817,18.097033,20.018879,21.362066,17.52241,17.2117,18.203405,18.561892,17.116661,17.002577,17.357763,17.599674,19.331198,19.690243,17.80261,17.691307,16.522108,16.441017,4.0,0.0,4.0,0.0,4.0,4.0,0.0,0.0
44158,2023.0,11.0,3.0,15.0,17.796242,17.670792,20.04822,21.328201,18.261568,18.741163,18.177183,18.534246,17.006254,16.898243,20.288267,22.632618,18.773628,18.511827,18.76962,19.60488,16.473097,16.394224,4.0,4.0,4.0,0.0,0.0,0.0,4.0,0.0
44159,2023.0,11.0,3.0,15.0,18.367985,18.862745,20.061325,21.305164,18.370514,18.736542,18.152672,18.508217,17.665247,18.232796,18.74735,19.302628,18.424068,18.091417,18.932968,19.584408,16.426868,16.349722,0.0,4.0,4.0,4.0,4.0,0.0,4.0,0.0
44160,2023.0,11.0,3.0,16.0,17.941008,17.926386,19.004507,19.20616,17.697968,17.52341,18.128643,18.48265,20.312468,22.727362,20.268799,22.34599,19.057566,19.406076,17.992844,17.81323,16.383432,16.30805,4.0,0.0,4.0,0.0,0.0,4.0,0.0,0.0
44161,2023.0,11.0,3.0,16.0,17.595003,17.473696,20.210625,21.705421,17.3231,17.02384,17.513432,17.356192,18.155716,18.187792,18.334763,18.336037,19.268639,19.632875,17.5516,17.28667,16.340143,16.264978,0.0,0.0,0.0,0.0,0.0,4.0,0.0,0.0
44162,2023.0,11.0,3.0,16.0,17.461329,17.32308,18.706789,18.668781,17.842419,18.106882,17.794962,18.092045,17.11756,16.859177,17.267313,16.952196,18.56816,18.300516,17.38841,17.11343,16.294725,16.216537,0.0,4.0,4.0,0.0,0.0,0.0,0.0,0.0
44163,2023.0,11.0,3.0,16.0,18.33471,19.053253,18.6605,18.9026,18.009083,18.344162,17.312042,17.142542,17.041895,16.906609,17.182863,17.011127,18.287703,17.933474,18.326601,18.971636,16.253332,16.171926,4.0,4.0,0.0,0.0,0.0,0.0,4.0,0.0
44164,2023.0,11.0,3.0,16.0,18.339441,18.872757,20.18718,21.655186,18.021801,18.346914,17.695856,17.980679,16.970442,16.859245,17.10392,16.966885,18.16639,17.80907,17.591831,17.398945,16.212193,16.12827,4.0,4.0,4.0,0.0,0.0,0.0,0.0,0.0
44165,2023.0,11.0,3.0,16.0,18.295149,18.798923,20.038103,21.270317,18.024172,18.340414,17.859394,18.185383,16.857464,16.747461,17.399603,17.651436,18.051067,17.690529,17.185318,16.904873,16.16647,16.078606,0.0,4.0,4.0,0.0,4.0,0.0,0.0,0.0
44166,2023.0,11.0,3.0,17.0,18.303516,18.78897,18.961397,19.11612,18.018476,18.32687,17.852238,18.170835,16.759575,16.656494,20.35216,22.63027,18.961292,19.526047,18.108107,18.745977,16.124983,16.03607,4.0,4.0,4.0,0.0,4.0,4.0,4.0,0.0
44167,2023.0,11.0,3.0,17.0,18.316965,18.800934,20.218107,21.702358,18.00641,18.304186,17.837631,18.145933,16.665922,16.562998,20.03626,21.828354,19.04096,19.389067,17.478308,17.26418,16.08287,15.990604,0.0,4.0,4.0,0.0,0.0,4.0,0.0,0.0
44168,2023.0,11.0,3.0,17.0,18.317877,18.791449,18.677307,18.581783,17.990185,18.27723,17.81995,18.1181,16.57892,16.471788,18.19952,18.103773,18.273558,17.963144,17.0777,16.791828,16.042257,15.946766,0.0,4.0,4.0,0.0,0.0,0.0,0.0,0.0
44169,2023.0,11.0,3.0,17.0,17.657084,17.55207,18.663506,18.883478,17.97118,18.246906,17.801182,18.088408,16.50833,16.395184,18.016178,18.162209,18.001076,17.61164,16.957626,16.65691,16.005781,15.905917,4.0,4.0,4.0,0.0,4.0,0.0,0.0,0.0
44170,2023.0,11.0,3.0,17.0,18.099386,18.520824,20.165972,21.623365,17.950958,18.21669,17.781538,18.05896,16.443274,16.327312,20.260077,22.159716,18.66746,18.969818,16.870487,16.567034,15.971136,15.868538,4.0,4.0,4.0,0.0,0.0,4.0,0.0,0.0
44171,2023.0,11.0,3.0,17.0,18.249826,18.690325,20.047237,21.269835,17.926998,18.182308,17.758694,18.026121,16.374046,16.255081,18.628141,18.794199,18.146309,17.808794,16.958336,16.827713,15.933305,15.827742,0.0,4.0,4.0,0.0,0.0,0.0,0.0,0.0
44172,2023.0,11.0,3.0,18.0,17.61774,17.510548,18.935074,19.036327,17.901548,18.14649,17.73461,17.99204,16.309729,16.187885,17.682178,17.559677,17.813234,17.415977,16.958778,16.830029,15.895889,15.787053,4.0,4.0,4.0,0.0,0.0,0.0,0.0,0.0
44173,2023.0,11.0,3.0,18.0,21.333872,24.173346,20.210371,21.517565,21.338287,24.175121,21.36897,24.325466,16.256536,16.130398,17.422083,17.252396,21.358053,23.658646,21.62848,24.866913,15.863427,15.7517805,0.0,4.0,4.0,0.0,0.0,4.0,0.0,0.0
44174,2023.0,11.0,3.0,18.0,21.03316,23.23488,19.012877,19.094696,21.01666,23.170362,21.015337,23.260668,16.20357,16.076492,17.223694,17.061415,21.013556,22.77609,20.970655,23.283638,15.833875,15.720534,4.0,4.0,4.0,0.0,0.0,4.0,4.0,0.0
44175,2023.0,11.0,3.0,18.0,21.15887,23.22763,20.198807,21.5668,21.161179,23.213142,21.161283,23.305445,16.155455,16.02671,17.057587,16.896358,21.127604,22.799095,21.18255,23.424063,16.773697,17.515839,4.0,4.0,4.0,0.0,0.0,0.0,0.0,4.0
44176,2023.0,11.0,3.0,18.0,21.052832,22.856249,20.026108,21.12697,21.058552,22.838747,21.062136,22.936592,16.113035,15.982987,16.9139,16.75653,21.036259,22.432144,21.038853,22.893421,20.373758,23.507832,4.0,4.0,4.0,0.0,0.0,4.0,4.0,0.0
44177,2023.0,11.0,3.0,18.0,21.077978,22.817238,20.048767,21.114714,21.057926,22.718945,21.08558,22.881363,16.07536,15.944174,16.78741,16.62699,21.039942,22.326721,21.084078,22.863403,18.23756,18.784624,4.0,4.0,0.0,0.0,0.0,4.0,0.0,4.0
44178,2023.0,11.0,3.0,19.0,21.0454,22.647589,20.045784,21.071455,21.056356,22.628141,21.079147,22.7726,16.801922,17.341572,16.676115,16.514793,21.038002,22.24048,21.074114,22.729355,20.34552,22.92142,4.0,4.0,0.0,4.0,0.0,4.0,0.0,4.0
44179,2023.0,11.0,3.0,19.0,21.050032,22.596197,20.064064,21.09589,21.055271,22.558979,21.07842,22.695742,20.358747,23.335012,16.576763,16.413446,21.036966,22.17602,21.07375,22.640814,20.01492,21.988358,0.0,4.0,0.0,0.0,0.0,4.0,0.0,4.0
44180,2023.0,11.0,3.0,19.0,21.048428,22.546103,18.996712,19.006733,21.054344,22.504534,21.03497,22.566143,17.702032,17.655363,16.490002,16.326996,21.065783,22.203014,21.072569,22.571033,20.087496,21.960752,4.0,4.0,4.0,0.0,0.0,0.0,0.0,0.0
44181,2023.0,11.0,3.0,19.0,21.191093,22.793827,20.195185,21.485664,21.184874,22.72329,21.16993,22.80135,16.468185,16.098114,16.407433,16.24032,21.157192,22.320755,21.293991,22.964216,18.010656,17.807575,4.0,4.0,0.0,0.0,0.0,4.0,4.0,0.0
44182,2023.0,11.0,3.0,19.0,21.074049,22.543316,20.044388,21.119267,21.077454,22.488665,21.075119,22.564762,17.27875,17.867655,16.33102,16.16122,21.034826,22.042385,21.080276,22.514046,17.0147,16.617012,0.0,0.0,0.0,4.0,0.0,4.0,0.0,0.0
44183,2023.0,11.0,3.0,19.0,21.068071,22.499384,18.936914,18.9299,21.047256,22.374609,21.05125,22.46239,20.313398,22.91878,16.263998,16.09367,21.064285,22.096731,21.070192,22.457062,16.701181,16.300714,4.0,4.0,4.0,0.0,0.0,0.0,0.0,0.0
44184,2023.0,11.0,3.0,20.0,21.067726,22.468378,20.221188,21.586624,21.052393,22.360352,21.080893,22.517685,17.83661,17.703444,16.198568,16.024137,21.058924,22.05768,21.07068,22.425236,17.748686,18.503962,0.0,4.0,0.0,0.0,0.0,0.0,0.0,4.0
44185,2023.0,11.0,3.0,20.0,21.023699,22.369734,18.61633,18.359034,21.076414,22.407927,21.074638,22.480324,16.673342,16.27461,16.503513,16.644112,21.029072,21.95574,21.055,22.396395,20.31457,22.74019,0.0,0.0,0.0,0.0,4.0,4.0,0.0,0.0
44186,2023.0,11.0,3.0,20.0,21.074938,22.465881,17.987896,17.756683,21.070812,22.372812,21.031416,22.387766,16.638672,16.465168,20.466516,23.244053,21.033838,21.9542,21.05677,22.39667,17.875982,17.683605,0.0,0.0,4.0,0.0,0.0,4.0,0.0,0.0
44187,2023.0,11.0,3.0,20.0,21.039537,22.35224,17.848244,17.639797,21.04574,22.281202,21.081715,22.47884,17.310946,17.792887,18.164694,18.460493,21.063246,22.022402,21.056324,22.390442,16.79015,16.386837,0.0,4.0,0.0,4.0,0.0,0.0,0.0,0.0
44188,2023.0,11.0,3.0,20.0,21.04551,22.34937,17.689178,17.47913,21.07574,22.34731,21.073242,22.436014,20.395382,22.88595,17.26176,17.412033,21.057972,21.994553,21.01683,22.278175,17.779936,18.53124,0.0,0.0,0.0,4.0,4.0,0.0,4.0,4.0
44189,2023.0,11.0,3.0,20.0,21.071049,22.40632,17.997345,18.174221,21.069649,22.318111,21.073795,22.41399,21.01524,23.94365,20.429855,22.818817,21.028208,21.901295,21.078846,22.401487,21.763166,25.17563,4.0,0.0,0.0,0.0,0.0,4.0,0.0,0.0
44190,2023.0,11.0,3.0,21.0,21.06515,22.374578,20.265404,22.115332,21.026363,22.232512,21.054018,22.39003,17.904013,17.65112,18.313448,18.510841,21.063211,21.984814,21.068228,22.352938,18.616518,18.542534,4.0,4.0,0.0,0.0,0.0,0.0,0.0,0.0
44191,2023.0,11.0,3.0,21.0,21.06449,22.3554,20.01406,21.385738,21.078392,22.333874,21.030334,22.329842,16.883867,16.418112,17.160086,16.976503,21.02586,21.88015,21.067926,22.32852,17.108538,16.700306,4.0,0.0,4.0,0.0,0.0,4.0,0.0,0.0
44192,2023.0,11.0,3.0,21.0,21.021387,22.268871,20.073193,21.36448,21.043234,22.225296,21.036379,22.35114,17.684826,18.223227,16.888739,16.690723,21.062935,21.968805,21.052898,22.308949,16.999182,16.82694,0.0,4.0,4.0,4.0,0.0,0.0,0.0,0.0
44193,2023.0,11.0,3.0,21.0,21.045906,22.300753,18.473785,18.191366,21.074612,22.296043,21.079872,22.427313,20.294458,22.579994,17.078615,17.192188,21.057024,21.944998,21.054886,22.316517,17.806519,18.460297,0.0,0.0,0.0,0.0,4.0,0.0,0.0,4.0
44194,2023.0,11.0,3.0,21.0,21.069475,22.356493,17.858694,17.608477,21.06841,22.2685,21.071976,22.383509,17.96333,17.743885,20.438946,22.859564,21.057352,21.934456,21.054531,22.316383,21.929745,25.423304,0.0,0.0,0.0,0.0,0.0,0.0,0.0,0.0
44195,2023.0,11.0,3.0,21.0,21.064234,22.329905,18.174492,18.336811,21.06867,22.254414,21.071596,22.35694,16.84353,16.387302,18.323494,18.537987,21.010878,21.846506,21.054295,22.314604,18.696371,18.616028,4.0,0.0,0.0,0.0,0.0,4.0,0.0,0.0
44196,2023.0,11.0,3.0,22.0,21.03767,22.243202,20.255644,22.008223,21.049608,22.240818,21.0525,22.335245,16.823784,16.631464,17.153917,16.96861,21.06427,21.96127,21.054258,22.311825,17.169909,16.756496,0.0,0.0,0.0,0.0,0.0,0.0,0.0,0.0
44197,2023.0,11.0,3.0,22.0,21.070045,22.322243,18.773258,18.919786,21.052074,22.258806,21.030153,22.27971,17.351551,17.696234,17.164568,17.215717,21.026743,21.853098,21.054167,22.307922,17.874504,18.432838,0.0,0.0,4.0,4.0,4.0,4.0,0.0,4.0
44198,2023.0,11.0,3.0,22.0,21.064178,22.299297,18.314972,18.5152,21.051857,22.265368,21.060343,22.369694,20.63292,23.3088,20.434902,22.77522,21.032457,21.859972,21.014801,22.197905,21.615232,24.632616,4.0,0.0,0.0,0.0,0.0,4.0,4.0,4.0
44199,2023.0,11.0,3.0,22.0,21.03734,22.213253,20.25638,21.97339,21.051912,22.268084,21.073536,22.356342,17.885471,17.676449,18.601894,18.997877,21.062325,21.933912,21.0778,22.324366,20.003736,21.601896,0.0,0.0,0.0,0.0,4.0,0.0,0.0,0.0
44200,2023.0,11.0,3.0,22.0,21.069962,22.293436,18.367542,18.085691,21.051891,22.268005,21.04639,22.252567,16.708567,16.230185,20.30181,22.367811,21.057152,21.909725,21.067144,22.277071,18.720371,18.983929,0.0,0.0,4.0,0.0,4.0,0.0,0.0,4.0
44201,2023.0,11.0,3.0,22.0,21.064188,22.273096,17.296347,16.657757,21.051975,22.266401,21.076902,22.314415,16.696623,16.486816,20.037592,21.638449,21.02756,21.819399,21.06814,22.256243,21.473234,24.216959,0.0,0.0,0.0,0.0,4.0,4.0,0.0,0.0
44202,2023.0,11.0,3.0,23.0,21.046585,22.265684,17.33512,16.998037,21.02675,22.193571,21.070667,22.28064,16.64527,16.45261,20.07255,21.54783,21.062893,21.90576,21.051832,22.237106,18.661451,18.398714,0.0,4.0,0.0,0.0,4.0,0.0,0.0,0.0
44203,2023.0,11.0,3.0,23.0,19.849308,19.985636,17.798542,17.92211,19.74602,19.768665,19.760597,19.785011,16.525486,16.336124,18.446234,18.31586,20.252975,20.31153,19.6659,19.578625,17.390781,16.913662,4.0,0.0,0.0,0.0,4.0,4.0,0.0,0.0
44204,2023.0,11.0,3.0,23.0,19.278381,19.197441,17.485329,17.31025,18.69176,18.029137,19.768778,20.107714,16.431503,16.237665,17.755205,17.3901,19.345915,18.778515,19.106258,18.870811,17.351553,17.126617,0.0,0.0,4.0,0.0,4.0,0.0,0.0,0.0
44205,2023.0,11.0,3.0,23.0,19.024965,18.939104,17.272121,17.016556,18.286343,17.568739,18.710365,18.170996,16.345358,16.151733,17.217476,16.611965,18.955687,18.320595,18.84288,18.614964,17.236734,17.047384,0.0,0.0,0.0,0.0,0.0,0.0,0.0,0.0
44206,2023.0,11.0,3.0,23.0,19.540379,20.082361,17.168285,16.903715,19.091461,19.346405,18.820852,18.688375,16.264046,16.068455,17.155315,16.76843,18.720865,18.084486,18.622524,18.398043,17.079962,16.88744,0.0,4.0,4.0,0.0,4.0,0.0,0.0,0.0
44207,2023.0,11.0,3.0,23.0,19.606936,20.189234,17.079699,16.81298,18.642586,18.47126,18.169867,17.55375,16.187532,15.989656,17.0961,16.8264,18.862616,18.562,18.432213,18.21057,16.93561,16.740925,0.0,0.0,0.0,0.0,0.0,0.0,0.0,0.0
44208,2023.0,11.0,4.0,0.0,19.16807,19.356245,16.998743,16.72983,17.938017,17.273493,17.797607,17.098846,16.116125,15.915558,16.96092,16.708725,18.818094,18.55135,18.259184,18.03152,16.803654,16.606379,0.0,0.0,0.0,0.0,0.0,0.0,0.0,0.0
44209,2023.0,11.0,4.0,0.0,18.34135,17.923603,16.926666,16.659332,17.66334,16.962355,17.595789,16.905586,16.619915,16.916376,16.822922,16.57999,18.714096,18.449917,19.091211,19.731226,16.687311,16.491774,0.0,0.0,0.0,4.0,0.0,0.0,4.0,0.0
44210,2023.0,11.0,4.0,0.0,17.988499,17.493593,16.858133,16.591272,17.832113,17.48056,17.763727,17.424204,16.218493,16.041733,16.688055,16.441969,18.613398,18.349163,18.0461,17.594604,16.57917,16.383703,0.0,0.0,0.0,0.0,0.0,0.0,0.0,0.0
44211,2023.0,11.0,4.0,0.0,17.783798,17.275618,16.78584,16.511883,17.826296,17.540758,17.751879,17.478436,16.028097,15.819929,16.554312,16.29723,18.511585,18.240015,17.612358,17.062801,16.472412,16.269827,0.0,0.0,0.0,0.0,0.0,0.0,0.0,0.0
44212,2023.0,11.0,4.0,0.0,18.008276,17.88548,16.727978,16.458271,17.740667,17.462313,17.65968,17.394144,15.959847,15.753348,16.446495,16.194609,18.425835,18.156641,17.437252,16.900932,16.38259,16.182358,0.0,0.0,0.0,0.0,0.0,0.0,0.0,0.0
44213,2023.0,11.0,4.0,0.0,17.98248,17.892845,16.67022,16.401958,17.654335,17.380087,17.566895,17.305817,15.894647,15.6883955,16.344248,16.094261,18.34456,18.076128,17.572153,17.331223,17.031012,17.478687,0.0,0.0,0.0,0.0,0.0,0.0,0.0,4.0
44214,2023.0,11.0,4.0,1.0,17.90409,17.817865,16.6136,16.34558,17.569366,17.297419,18.192675,18.56306,15.833981,15.626735,16.247437,15.997469,18.267212,17.998255,17.530556,17.302052,16.478632,16.306913,0.0,0.0,4.0,0.0,0.0,0.0,0.0,0.0
44215,2023.0,11.0,4.0,1.0,17.82643,17.743082,16.560736,16.294575,17.489882,17.221199,17.725113,17.602707,15.778173,15.571358,16.452225,16.458488,18.196075,17.928135,17.446398,17.21935,16.026474,15.581196,0.0,0.0,0.0,0.0,4.0,0.0,0.0,0.0
44216,2023.0,11.0,4.0,1.0,17.75215,17.672226,16.51121,16.24765,17.41581,17.151058,17.08911,16.480307,15.726536,15.520719,16.219557,16.00545,18.130417,17.864145,17.365772,17.14048,16.598045,16.801966,0.0,0.0,0.0,0.0,0.0,0.0,0.0,4.0
44217,2023.0,11.0,4.0,1.0,17.676653,17.595085,16.459877,16.19472,17.340658,17.074453,16.831436,16.15679,15.675117,15.4677515,16.060051,15.8090925,18.065725,17.79802,17.28523,17.05828,16.72806,16.919853,0.0,0.0,0.0,0.0,0.0,0.0,0.0,4.0
44218,2023.0,11.0,4.0,1.0,17.612345,17.536722,16.417181,16.157343,17.277945,17.0189,17.079529,16.789764,15.630314,15.425697,15.980976,15.735855,18.009626,17.745584,17.2142,16.991055,16.75369,16.954565,0.0,0.0,0.0,0.0,0.0,0.0,0.0,4.0
44219,2023.0,11.0,4.0,1.0,17.545471,17.469809,16.370258,16.110088,17.211662,16.95271,17.087006,16.83896,15.584463,15.379451,15.903536,15.657059,17.953056,17.688961,17.143124,16.919838,16.76944,16.969475,0.0,0.0,0.0,0.0,0.0,0.0,0.0,4.0
44220,2023.0,11.0,4.0,2.0,17.488184,17.419056,16.330868,16.07673,17.1559,16.90466,17.036192,16.79547,16.124893,16.433289,15.839749,15.599664,17.903522,17.643776,17.080173,16.86153,16.073603,15.656206,0.0,0.0,0.0,4.0,0.0,0.0,0.0,0.0
44221,2023.0,11.0,4.0,2.0,17.426142,17.355816,16.285421,16.030027,17.094656,16.842943,16.97671,16.735865,15.702722,15.5057535,15.772531,15.530959,17.850674,17.589504,17.014542,16.794703,15.782576,15.30765,0.0,0.0,0.0,0.0,0.0,0.0,0.0,0.0
44222,2023.0,11.0,4.0,2.0,17.36277,17.287598,16.236294,15.975524,17.030836,16.774397,16.911793,16.666489,15.556833,15.348503,15.7043705,15.45776,17.796833,17.53206,16.948662,16.725466,15.631845,15.148924,0.0,0.0,0.0,0.0,0.0,0.0,0.0,0.0
44223,2023.0,11.0,4.0,2.0,17.306063,17.231045,16.193256,15.932787,16.97468,16.71962,16.853445,16.609888,15.499936,15.291505,15.643886,15.397729,17.747358,17.482256,16.887848,16.664658,15.81063,15.623781,0.0,0.0,0.0,0.0,0.0,0.0,0.0,0.0
44224,2023.0,11.0,4.0,2.0,17.251852,17.178022,16.15101,15.891091,16.920605,16.66735,16.796665,16.555397,15.447252,15.239463,15.586234,15.34128,17.699762,17.435118,16.829695,16.60748,16.513584,16.961773,0.0,0.0,0.0,0.0,0.0,0.0,0.0,4.0
44225,2023.0,11.0,4.0,2.0,17.1938,17.116018,16.104641,15.8407345,16.86269,16.606007,16.735912,16.49135,15.394569,15.18334,15.844762,15.876775,17.649458,17.381798,16.76902,16.543962,16.430344,16.612078,0.0,0.0,0.0,0.0,4.0,0.0,0.0,4.0
44226,2023.0,11.0,4.0,3.0,17.141958,17.065126,16.063251,15.799648,16.811056,16.555788,16.682217,16.43916,15.347496,15.136602,15.907786,15.939415,17.60324,17.335958,16.71325,16.489048,15.730312,15.292738,0.0,0.0,0.0,0.0,4.0,0.0,0.0,0.0
44227,2023.0,11.0,4.0,3.0,17.08759,17.008076,16.01955,15.75296,16.756943,16.499468,16.626326,16.380875,15.299057,15.085743,15.611306,15.384034,17.554867,17.285254,16.65556,16.42929,15.452653,14.959265,0.0,0.0,0.0,0.0,0.0,0.0,0.0,0.0
44228,2023.0,11.0,4.0,3.0,17.036757,16.956953,15.978663,15.711151,16.706318,16.449003,16.573936,16.32867,15.253588,15.039743,15.480888,15.232443,17.508886,17.238749,16.60089,16.374548,16.078009,16.256062,0.0,0.0,0.0,0.0,0.0,0.0,0.0,4.0
44229,2023.0,11.0,4.0,3.0,16.995646,16.924314,15.937136,15.668012,16.655645,16.397556,16.521328,16.275381,15.782016,16.069817,15.40607,15.154043,17.462814,17.191513,16.546442,16.319324,15.473532,14.991142,0.0,0.0,0.0,4.0,0.0,0.0,0.0,0.0
44230,2023.0,11.0,4.0,3.0,16.9562,16.890482,15.894638,15.622933,16.604591,16.344494,16.46837,16.220457,15.365764,15.157135,15.339719,15.084967,17.416357,17.142973,16.491854,16.262934,15.242184,14.744396,0.0,0.0,0.0,0.0,0.0,0.0,0.0,0.0
44231,2023.0,11.0,4.0,3.0,16.907495,16.838236,15.851272,15.575994,16.553202,16.290058,16.414885,16.164032,15.21988,14.998492,15.596286,15.618697,17.369812,17.09376,16.437506,16.206217,15.133481,14.636688,0.0,0.0,0.0,0.0,4.0,0.0,0.0,0.0
44232,2023.0,11.0,4.0,4.0,16.862875,16.794085,15.812179,15.537359,17.247992,17.63665,16.366356,16.117125,15.163869,14.944034,15.347455,15.101669,17.326834,17.051214,16.38719,16.156788,15.320055,15.108037,0.0,4.0,0.0,0.0,0.0,0.0,0.0,0.0
44233,2023.0,11.0,4.0,4.0,16.816343,16.746029,15.771584,15.495232,16.804176,16.675926,17.06198,17.466677,15.108888,14.887885,15.510882,15.5032425,17.28279,17.005919,16.336103,16.104805,15.323129,15.112161,0.0,0.0,4.0,0.0,4.0,0.0,0.0,0.0
44234,2023.0,11.0,4.0,4.0,16.76979,16.69762,15.731094,15.453013,16.166939,15.520108,16.59654,16.460218,15.0579605,14.835375,15.281735,15.029048,17.239256,16.960915,16.286,16.053564,15.279592,15.066473,0.0,0.0,0.0,0.0,0.0,0.0,0.0,0.0
44235,2023.0,11.0,4.0,4.0,16.72346,16.64934,15.6907835,15.410798,15.94766,15.245594,15.967796,15.326577,15.009232,14.7851095,15.455032,15.453034,17.196041,16.916166,16.23641,16.002775,15.236698,15.022388,0.0,0.0,0.0,0.0,4.0,0.0,0.0,0.0
44236,2023.0,11.0,4.0,4.0,16.677206,16.600903,15.650384,15.368298,16.191608,15.845726,15.759005,15.073287,15.004727,14.813875,15.201247,14.931037,17.152773,16.871155,16.186832,15.951856,15.192462,14.9769,0.0,0.0,0.0,0.0,0.0,0.0,0.0,0.0
44237,2023.0,11.0,4.0,4.0,16.629417,16.553213,15.608331,15.326428,17.016407,17.392706,15.969377,15.620452,15.00503,14.843417,15.056783,14.795175,17.107645,16.826202,16.134914,15.900566,15.145027,14.930028,0.0,4.0,0.0,0.0,0.0,0.0,0.0,0.0
44238,2023.0,11.0,4.0,5.0,16.58033,16.502184,15.564524,15.280897,16.652695,16.501888,16.059914,15.791666,15.0052185,14.866845,14.998082,14.749221,17.061836,16.778936,16.08269,15.847292,15.096128,14.879941,0.0,0.0,0.0,0.0,0.0,0.0,0.0,0.0
44239,2023.0,11.0,4.0,5.0,16.534195,16.456108,15.523323,15.240249,15.951815,15.300285,16.035883,15.779284,15.00622,14.887956,15.007112,14.804482,17.018755,16.736528,16.033035,15.79833,15.049693,14.8340845,0.0,0.0,0.0,0.0,0.0,0.0,0.0,0.0
44240,2023.0,11.0,4.0,5.0,16.488712,16.40983,15.48274,15.199573,15.692354,14.996181,15.99047,15.735116,15.007007,14.906269,15.2267275,15.245874,16.976591,16.694572,15.98408,15.749424,15.0043545,14.788831,0.0,0.0,0.0,0.0,4.0,0.0,0.0,0.0
44241,2023.0,11.0,4.0,5.0,17.245,17.871414,15.446781,15.166853,15.918337,15.560828,15.947489,15.696077,15.00664,14.92053,14.987253,14.799027,16.93773,16.658365,15.938621,15.706718,15.004108,14.824951,0.0,0.0,0.0,0.0,0.0,0.0,0.0,0.0
44242,2023.0,11.0,4.0,5.0,16.789654,16.786829,15.409077,15.130157,16.02375,15.7477665,15.902501,15.6524315,15.007329,14.935113,15.164898,15.167277,16.898138,16.619743,15.89215,15.661208,15.674042,16.112257,0.0,0.0,0.0,0.0,4.0,0.0,0.0,4.0
44243,2023.0,11.0,4.0,5.0,16.152315,15.730178,15.372355,15.094512,16.009785,15.745812,15.859142,15.610236,15.00724,14.94755,14.978512,14.813126,16.859299,16.581968,15.846702,15.616898,15.22503,15.037039,0.0,0.0,0.0,0.0,0.0,0.0,0.0,0.0
44244,2023.0,11.0,4.0,6.0,15.89718,15.417091,15.336191,15.059738,15.973184,15.712113,15.816639,15.569192,15.008076,14.96124,15.014153,14.905997,17.615803,18.048334,15.8020525,15.573541,15.004952,14.804389,0.0,0.0,0.0,0.0,0.0,4.0,0.0,0.0
44245,2023.0,11.0,4.0,6.0,21.224054,24.871464,15.301911,15.028296,20.97475,24.486572,20.915586,24.501984,15.008356,14.973457,15.007337,14.912159,20.837555,23.464073,21.294197,24.819857,15.396419,15.558557,0.0,0.0,0.0,0.0,0.0,0.0,0.0,4.0
44246,2023.0,11.0,4.0,6.0,21.038994,23.928865,15.268305,14.997301,21.0137,23.961697,21.015114,24.080666,15.00839,14.982988,15.008588,14.930005,21.042374,23.41432,22.035782,25.711329,20.368393,23.86205,0.0,0.0,0.0,0.0,0.0,0.0,0.0,0.0
44247,2023.0,11.0,4.0,6.0,21.10909,23.683922,15.235457,14.967084,21.093678,23.731424,21.097076,23.842361,15.399074,15.716856,15.118573,15.140744,21.430403,23.783298,22.512577,26.020996,16.97008,16.828707,0.0,0.0,0.0,4.0,4.0,0.0,0.0,0.0
44248,2023.0,11.0,4.0,6.0,21.096022,23.401264,15.686573,15.839667,21.078983,23.442621,21.082731,23.547209,20.908121,25.055643,20.414093,23.954931,22.005552,24.481926,20.880651,22.826214,15.722134,15.504156,4.0,0.0,0.0,4.0,4.0,0.0,0.0,0.0
44249,2023.0,11.0,4.0,6.0,21.70752,24.265287,20.219648,23.579222,21.752457,24.321009,21.931786,24.621885,20.511444,23.672913,20.010935,22.902754,21.34215,23.019413,21.74299,24.144857,15.545765,15.3327875,0.0,0.0,0.0,0.0,0.0,4.0,4.0,0.0
44250,2023.0,11.0,4.0,7.0,20.926506,22.689264,17.745474,18.149649,20.925415,22.685183,21.046738,23.086731,17.812542,18.019876,17.53746,17.755331,21.086517,22.556719,21.019001,22.788221,16.168486,16.632961,0.0,4.0,4.0,4.0,0.0,0.0,4.0,4.0
44251,2023.0,11.0,4.0,7.0,21.091953,22.945438,16.222681,16.065529,21.076874,22.934366,21.085342,23.103922,20.439379,23.168997,16.562723,16.646814,21.050583,22.405758,21.104372,22.925594,20.418715,23.885973,0.0,4.0,0.0,0.0,4.0,4.0,0.0,4.0
44252,2023.0,11.0,4.0,7.0,21.16221,23.04953,16.371044,16.53136,21.164156,23.039738,21.160303,23.141783,18.006239,18.19204,20.353111,23.301727,21.132053,22.544558,21.1866,23.008663,21.406065,24.940712,4.0,0.0,0.0,4.0,0.0,0.0,4.0,4.0
44253,2023.0,11.0,4.0,7.0,21.151377,22.954521,20.331573,23.397228,21.15773,22.933983,21.156706,23.029716,20.428156,22.962887,17.85709,18.081652,21.1238,22.4846,21.19154,23.002342,19.879677,21.866749,4.0,4.0,4.0,0.0,0.0,0.0,0.0,4.0
44254,2023.0,11.0,4.0,7.0,22.002909,24.432121,20.047703,22.410414,22.14174,24.435919,22.05207,24.376272,17.621927,17.346693,16.798933,16.883492,21.811956,23.659325,22.58832,25.240084,20.092518,22.126719,0.0,4.0,4.0,0.0,4.0,4.0,0.0,4.0
44255,2023.0,11.0,4.0,7.0,20.929035,22.314842,17.832682,17.849451,21.027258,22.497374,21.069983,22.699078,16.247036,15.682478,20.379753,23.180204,20.956596,21.967598,20.86969,22.062944,21.620377,24.576656,4.0,4.0,0.0,0.0,4.0,4.0,4.0,0.0
44256,2023.0,11.0,4.0,8.0,21.86971,24.091335,20.22823,22.681858,21.827547,23.857141,22.304388,24.7108,16.167023,15.916678,20.03945,22.202328,21.88752,23.569757,21.920736,23.913391,18.527634,18.293936,0.0,4.0,0.0,0.0,4.0,0.0,4.0,0.0
44257,2023.0,11.0,4.0,8.0,19.979134,20.232214,18.07703,18.143658,19.983265,20.090904,20.066118,20.183908,16.072062,15.865429,20.09092,22.063894,20.312572,20.388735,19.208103,18.815336,16.916569,16.399542,4.0,4.0,4.0,0.0,4.0,4.0,0.0,0.0
44258,2023.0,11.0,4.0,8.0,19.074492,19.217392,20.255344,22.62736,18.267427,17.644566,18.823343,18.743664,16.682213,17.179033,20.097057,21.920855,18.913113,18.352413,19.063782,19.367529,16.460268,15.942226,0.0,0.0,4.0,4.0,0.0,0.0,4.0,0.0
44259,2023.0,11.0,4.0,8.0,18.808697,18.9738,17.897694,17.745066,18.282288,18.142609,18.50251,18.440674,20.44682,23.492548,18.169867,18.082153,19.105488,19.141815,19.06775,19.39281,16.415054,16.174992,0.0,4.0,4.0,4.0,4.0,4.0,4.0,0.0
44260,2023.0,11.0,4.0,8.0,17.945723,17.544481,16.848667,16.592823,17.64059,17.03991,17.647919,17.06534,20.958176,23.980753,20.370523,22.428041,18.461311,17.937395,18.92402,19.270231,16.305246,16.11255,0.0,0.0,0.0,0.0,0.0,0.0,4.0,0.0
44261,2023.0,11.0,4.0,8.0,17.464893,17.005987,16.63521,16.38774,17.163206,16.495705,17.134737,16.482838,18.014896,17.9093,17.971676,17.717714,18.747524,18.835274,17.857573,17.40123,16.137915,15.960268,0.0,0.0,0.0,0.0,0.0,4.0,0.0,0.0
44262,2023.0,11.0,4.0,9.0,17.26223,16.809507,16.48528,16.231405,17.667532,17.62599,16.912533,16.267067,16.83069,16.279293,17.266706,16.946125,18.807335,18.911764,17.398039,16.874744,16.006136,15.833763,0.0,4.0,0.0,0.0,0.0,4.0,0.0,0.0
44263,2023.0,11.0,4.0,9.0,17.410742,17.28938,16.352526,16.103361,17.067894,16.517412,17.046722,16.737133,16.73519,16.46866,17.061197,16.79402,18.067284,17.572777,17.160778,16.656637,15.882518,15.712296,0.0,0.0,0.0,0.0,0.0,0.0,0.0,0.0
44264,2023.0,11.0,4.0,9.0,18.14345,18.750439,16.236107,15.991029,16.758623,16.137308,17.008995,16.763206,16.570498,16.352695,16.832985,16.58102,17.744194,17.183311,16.968237,16.482409,16.683252,17.317799,0.0,0.0,0.0,0.0,0.0,0.0,0.0,4.0
44265,2023.0,11.0,4.0,9.0,17.9774,18.31764,16.131502,15.892081,16.896002,16.582722,17.613285,18.000572,16.38476,16.180883,17.016111,17.108114,17.581936,17.030231,17.044273,16.81542,20.290716,23.470306,0.0,0.0,4.0,0.0,4.0,0.0,0.0,0.0
44266,2023.0,11.0,4.0,9.0,17.147102,16.857862,16.020369,15.787645,16.899618,16.654764,17.22468,17.161507,16.192652,16.000204,20.415218,22.887102,17.711662,17.448519,17.002342,16.81424,17.364391,17.279442,0.0,0.0,0.0,0.0,0.0,0.0,0.0,0.0
44267,2023.0,11.0,4.0,9.0,16.757439,16.385666,16.39191,16.56876,17.517612,17.909433,17.216282,17.312475,16.02323,15.839456,18.19625,18.425909,17.716782,17.49046,16.88709,16.703444,16.043058,15.67851,4.0,4.0,4.0,0.0,0.0,0.0,0.0,0.0
44268,2023.0,11.0,4.0,10.0,16.623625,16.25531,20.212622,23.30578,17.10188,17.054726,16.586597,16.145264,15.8993225,15.719635,17.206036,16.958136,17.652246,17.430815,16.790657,16.609007,15.981234,15.791415,0.0,0.0,0.0,0.0,0.0,0.0,0.0,0.0
44269,2023.0,11.0,4.0,10.0,16.781807,16.701597,17.956537,18.378016,17.125845,17.236374,16.216335,15.688747,15.773932,15.603111,16.865135,16.622091,17.578537,17.361036,16.689442,16.51144,15.891341,15.7329645,0.0,4.0,0.0,0.0,0.0,0.0,0.0,0.0
44270,2023.0,11.0,4.0,10.0,16.799467,16.772839,16.84698,16.659208,17.177416,17.322033,16.086931,15.558147,16.46799,17.000406,16.660381,16.418167,17.517895,17.301352,16.606707,16.429136,15.781556,15.623657,0.0,4.0,0.0,4.0,0.0,0.0,0.0,0.0
44271,2023.0,11.0,4.0,10.0,16.747267,16.72818,16.57467,16.355274,16.513466,16.091394,16.24492,15.985506,20.305822,23.593779,16.49138,16.26186,17.461216,17.24779,16.53038,16.356218,15.67875,15.525041,0.0,0.0,0.0,0.0,0.0,0.0,0.0,0.0
44272,2023.0,11.0,4.0,10.0,16.687693,16.673018,16.3709,16.15381,16.154762,15.642846,16.282084,16.081057,17.396563,17.395433,16.320087,16.102823,17.401642,17.191193,16.450262,16.279064,15.571622,15.421453,0.0,0.0,0.0,0.0,0.0,0.0,0.0,0.0
44273,2023.0,11.0,4.0,10.0,16.636639,16.623669,16.23383,16.013329,16.755028,16.867262,16.232155,16.040236,16.3118,15.850256,16.188232,15.975317,18.126907,18.608294,16.383244,16.212715,15.488731,15.338352,0.0,4.0,0.0,0.0,0.0,4.0,0.0,0.0
44274,2023.0,11.0,4.0,11.0,16.587479,16.578085,16.120083,15.9049,16.244678,15.844964,16.17544,15.989631,16.246914,16.017694,16.07,15.866731,17.323088,16.923458,16.320988,16.153147,15.413301,15.265745,0.0,0.0,0.0,0.0,0.0,0.0,0.0,0.0
44275,2023.0,11.0,4.0,11.0,16.537123,16.528498,16.018373,15.804304,15.981729,15.48316,16.118038,15.9346,16.129711,15.94062,15.959908,15.761017,17.04035,16.559328,16.260279,16.092398,16.265474,16.930792,0.0,0.0,0.0,0.0,0.0,0.0,0.0,4.0
44276,2023.0,11.0,4.0,11.0,16.481777,16.468187,15.9273,15.715534,16.12946,15.88246,16.062489,15.881479,15.988958,15.808222,15.858762,15.664542,16.947592,16.47111,16.202374,16.034859,20.126577,23.451418,0.0,0.0,0.0,0.0,0.0,0.0,0.0,0.0
44277,2023.0,11.0,4.0,11.0,17.214045,17.892681,15.831252,15.62239,16.169792,15.97492,16.004578,15.825048,15.843229,15.66921,15.752313,15.562914,17.101059,16.870367,16.14094,15.973992,17.849417,18.40848,0.0,0.0,0.0,0.0,0.0,0.0,0.0,4.0
44278,2023.0,11.0,4.0,11.0,16.751081,16.879135,15.756064,15.546961,16.12721,15.938198,16.689905,17.151754,15.732903,15.561145,15.664331,15.471707,17.882185,18.349428,16.08822,15.920623,20.445204,23.081465,0.0,0.0,4.0,0.0,0.0,4.0,0.0,0.0
44279,2023.0,11.0,4.0,11.0,16.18229,15.94693,15.676944,15.470785,16.074564,15.887533,16.347294,16.313608,15.619494,15.453141,15.573065,15.382039,17.203556,16.815096,16.032713,15.865626,17.654543,17.558224,0.0,0.0,0.0,0.0,0.0,0.0,0.0,0.0
44280,2023.0,11.0,4.0,12.0,16.004364,15.712332,15.610212,15.401599,16.02624,15.837707,15.798917,15.345049,15.527364,15.359592,15.496379,15.301294,16.910961,16.427393,15.982947,15.813723,16.65649,16.18829,0.0,0.0,0.0,0.0,0.0,0.0,0.0,0.0
44281,2023.0,11.0,4.0,12.0,21.097692,24.728533,15.555394,15.354682,21.036747,24.65029,20.781572,24.108711,15.44764,15.283965,15.432529,15.243314,20.876814,23.288542,21.335566,24.896885,16.553663,16.33231,0.0,0.0,0.0,0.0,0.0,0.0,0.0,0.0
44282,2023.0,11.0,4.0,12.0,21.005556,23.99461,15.496363,15.3013115,20.98859,23.949,21.012854,24.016462,15.365813,15.205108,15.364906,15.179408,21.655954,24.432592,22.104523,25.795212,16.373274,16.179438,0.0,4.0,0.0,0.0,0.0,0.0,0.0,0.0
44283,2023.0,11.0,4.0,12.0,21.089603,23.809044,15.442909,15.254137,21.096657,23.804039,21.094353,23.817936,15.297974,15.141768,15.305734,15.124972,20.983072,22.907011,20.901102,23.218668,16.179426,16.000486,0.0,0.0,0.0,0.0,0.0,0.0,4.0,0.0
44284,2023.0,11.0,4.0,12.0,21.077074,23.551046,15.392947,15.209207,21.075502,23.452354,21.082062,23.554594,15.24089,15.087906,15.253017,15.075652,21.074293,22.912497,21.122171,23.451027,17.06136,17.824821,0.0,4.0,0.0,0.0,0.0,0.0,0.0,4.0
44285,2023.0,11.0,4.0,12.0,21.07676,23.38846,15.347729,15.169741,21.100304,23.32287,21.081585,23.386513,15.19451,15.04551,15.208371,15.035095,21.06144,22.753336,21.087397,23.208382,20.341822,23.343786,0.0,0.0,0.0,0.0,0.0,0.0,0.0,0.0
44286,2023.0,11.0,4.0,13.0,21.0747,23.267492,15.305501,15.13274,21.068798,23.095495,21.079214,23.25995,15.155274,15.0097275,15.169372,14.999803,21.06051,22.650328,21.088545,23.078526,17.524822,17.440783,0.0,4.0,0.0,0.0,0.0,0.0,0.0,0.0
44287,2023.0,11.0,4.0,13.0,21.047338,23.10698,15.270253,15.10649,21.070965,22.996725,21.07686,23.164656,15.125656,14.987186,15.139079,14.976951,21.05785,22.56766,21.069977,22.970877,17.246685,17.759295,0.0,4.0,0.0,0.0,0.0,0.0,0.0,4.0
44288,2023.0,11.0,4.0,13.0,21.076475,23.125257,15.240942,15.0878105,21.068665,22.915918,21.075771,23.093384,15.103168,14.9723625,15.115839,14.96216,21.056808,22.505386,21.071028,22.914509,20.339802,23.1028,0.0,4.0,0.0,0.0,0.0,0.0,0.0,0.0
44289,2023.0,11.0,4.0,13.0,21.085936,23.059942,15.214082,15.070865,21.091036,22.920464,21.073967,23.035294,15.0845785,14.960846,15.096313,14.950545,21.055365,22.454844,21.069294,22.863245,17.698854,17.612846,0.0,0.0,0.0,0.0,0.0,0.0,0.0,0.0
44290,2023.0,11.0,4.0,13.0,21.080805,22.986868,15.189018,15.054792,21.082567,22.85112,21.071552,22.98739,15.069192,14.9521475,15.079814,14.941449,21.023008,22.334782,21.066767,22.818779,16.481792,16.126623,0.0,0.0,0.0,0.0,0.0,4.0,0.0,0.0
44291,2023.0,11.0,4.0,13.0,21.065105,22.936611,15.687851,16.020178,21.082134,22.805525,21.070992,22.95125,15.056916,14.946619,15.066572,14.935799,21.072819,22.39932,21.027575,22.680233,16.387934,16.242542,4.0,0.0,0.0,0.0,0.0,0.0,4.0,0.0
44292,2023.0,11.0,4.0,14.0,21.753595,23.959509,20.124601,23.56243,21.752823,23.915567,21.883677,24.122997,15.047236,14.943573,15.056475,14.933334,21.655117,23.279392,22.086876,24.35395,16.291828,16.166603,0.0,0.0,0.0,0.0,0.0,0.0,0.0,0.0
44293,2023.0,11.0,4.0,14.0,19.381018,19.440723,17.764889,18.360285,20.019333,20.33414,19.525312,19.75928,15.041259,14.943226,15.053493,14.936354,19.905048,19.739687,20.511106,20.997599,16.172432,16.061052,0.0,0.0,0.0,0.0,0.0,0.0,4.0,0.0
44294,2023.0,11.0,4.0,14.0,18.455383,18.18961,16.538904,16.469654,19.615353,20.05345,18.612377,18.488798,15.038744,14.946183,15.056883,14.945973,19.342257,19.114195,19.047632,18.676392,16.087135,15.982815,0.0,4.0,0.0,0.0,0.0,0.0,0.0,0.0
44295,2023.0,11.0,4.0,14.0,18.102034,17.84398,16.260786,16.157473,18.850716,18.79081,18.249847,18.110876,15.034687,14.947613,15.059358,14.954972,19.153664,18.963858,18.503239,18.088615,16.00783,15.911692,0.0,0.0,0.0,0.0,0.0,0.0,0.0,0.0
44296,2023.0,11.0,4.0,14.0,18.080631,18.081015,16.091738,15.993106,18.148901,17.738844,17.984415,17.853567,15.0283165,14.946386,15.059002,14.96078,19.767155,20.312763,18.184856,17.793438,15.936673,15.847831,0.0,0.0,0.0,0.0,0.0,4.0,0.0,0.0
44297,2023.0,11.0,4.0,14.0,18.702911,19.408106,16.448809,16.772947,17.820477,17.393282,17.77046,17.65019,15.020393,14.943336,15.0565195,14.964076,18.884022,18.58565,17.940699,17.576353,15.871666,15.789987,4.0,0.0,0.0,0.0,0.0,0.0,0.0,0.0
44298,2023.0,11.0,4.0,15.0,18.546972,19.051659,20.201572,23.279385,18.523472,18.95149,17.587545,17.476944,15.012073,14.939717,15.053301,14.966707,18.4986,18.104063,17.910742,17.743841,15.812096,15.7367735,0.0,4.0,0.0,0.0,0.0,0.0,0.0,0.0
44299,2023.0,11.0,4.0,15.0,18.395157,18.893171,18.012493,18.546978,17.88478,17.647825,17.39716,17.293877,15.001668,14.930822,15.050261,14.965251,18.298405,17.916399,18.850254,19.659924,15.745561,15.670758,0.0,0.0,0.0,0.0,0.0,0.0,4.0,0.0
44300,2023.0,11.0,4.0,15.0,17.697948,17.642653,16.904888,16.85803,17.46611,17.091766,17.256721,17.153685,15.72497,16.296799,15.048441,14.964832,18.35684,18.178577,17.905941,17.712515,15.691436,15.616672,0.0,0.0,0.0,4.0,0.0,0.0,0.0,0.0
44301,2023.0,11.0,4.0,15.0,17.36358,17.21115,16.612638,16.529104,17.950224,18.169008,17.128725,17.030788,20.124016,23.753813,15.044567,14.962637,18.314692,18.17355,17.488976,17.186222,15.640349,15.566743,0.0,4.0,0.0,0.0,0.0,0.0,0.0,0.0
44302,2023.0,11.0,4.0,15.0,17.162626,17.005602,16.396742,16.314413,17.463799,17.214357,16.997057,16.904613,17.279573,17.54772,15.036941,14.956647,18.220098,18.087788,17.286697,16.993584,15.5868025,15.514652,0.0,0.0,0.0,0.0,0.0,0.0,0.0,0.0
44303,2023.0,11.0,4.0,15.0,17.039003,16.885399,16.253754,16.165041,17.854668,18.125668,16.89544,16.803005,16.165247,15.915176,15.026613,14.947529,18.139458,18.009413,17.14929,16.863005,15.541748,15.469242,0.0,4.0,0.0,0.0,0.0,0.0,0.0,0.0
44304,2023.0,11.0,4.0,16.0,17.90055,18.62822,16.61801,16.951298,17.943903,18.277836,16.804163,16.717289,16.044405,15.924242,15.014299,14.936619,18.064188,17.939373,17.178078,17.048607,15.499552,15.428485,4.0,4.0,0.0,0.0,0.0,0.0,0.0,0.0
44305,2023.0,11.0,4.0,16.0,17.895393,18.457016,20.267664,23.278845,17.91747,18.25099,17.442173,17.990774,15.92032,15.8206415,14.999806,14.923736,18.804237,19.41003,17.12948,17.02205,15.457356,15.385417,4.0,4.0,4.0,0.0,0.0,4.0,0.0,0.0
44306,2023.0,11.0,4.0,16.0,17.187511,17.166002,20.034912,22.43028,17.881855,18.214684,17.038357,17.070847,15.780819,15.684445,15.0014,14.935242,18.091578,17.837141,17.042694,16.939274,15.411389,15.338106,0.0,4.0,0.0,0.0,0.0,0.0,0.0,0.0
44307,2023.0,11.0,4.0,16.0,17.5738,18.098152,17.8181,17.913382,17.845657,18.177933,16.522001,16.283125,15.664028,15.572419,15.001181,14.940807,17.706772,17.384436,16.9583,16.857965,15.367146,15.292957,0.0,4.0,0.0,0.0,0.0,0.0,0.0,0.0
44308,2023.0,11.0,4.0,16.0,17.744856,18.288836,17.03355,17.130499,17.809525,18.14024,17.01774,17.356215,16.3604,16.978647,15.349092,15.597806,18.380684,18.767529,16.877676,16.778301,15.32317,15.247189,4.0,4.0,4.0,4.0,4.0,4.0,0.0,0.0
44309,2023.0,11.0,4.0,16.0,17.749975,18.285969,20.766342,23.58532,17.780087,18.109417,17.151537,17.521803,20.429502,23.841505,19.99264,23.488571,18.525074,18.909342,16.809793,16.707035,15.28598,15.208654,4.0,4.0,4.0,0.0,0.0,4.0,0.0,0.0
44310,2023.0,11.0,4.0,17.0,17.756851,18.291908,19.898993,21.779572,17.74685,18.07272,16.558336,16.395601,17.69017,17.91423,17.617456,18.184065,17.824179,17.553598,16.738613,16.634933,15.246332,15.167993,0.0,4.0,0.0,0.0,0.0,0.0,0.0,0.0
44311,2023.0,11.0,4.0,17.0,17.744553,18.264883,17.972786,17.984158,17.713467,18.03494,16.900623,17.223837,16.179745,15.976112,16.014837,15.955517,18.28366,18.646908,16.671877,16.566793,15.207132,15.127227,0.0,4.0,4.0,0.0,0.0,4.0,0.0,0.0
44312,2023.0,11.0,4.0,17.0,17.73486,18.248182,17.80079,18.070198,17.684158,18.00015,17.035301,17.394781,16.02464,15.903233,16.180372,16.431137,17.67598,17.382826,16.615917,16.508114,15.172513,15.0901985,4.0,4.0,4.0,0.0,4.0,0.0,0.0,0.0
44313,2023.0,11.0,4.0,17.0,17.083643,17.037697,20.26103,22.4771,17.656096,17.96769,16.434917,16.253498,16.703266,17.292984,20.171127,23.319765,17.448256,17.099863,16.563913,16.455446,15.139966,15.0563965,4.0,4.0,0.0,4.0,0.0,0.0,0.0,0.0
44314,2023.0,11.0,4.0,17.0,16.720804,16.575186,20.032465,21.837349,17.00678,16.780313,16.08816,15.793651,20.372719,23.5302,17.854595,18.293262,17.342623,16.993946,16.508778,16.39937,15.104432,15.019645,4.0,0.0,0.0,4.0,0.0,0.0,0.0,0.0
44315,2023.0,11.0,4.0,17.0,16.573502,16.409458,20.06797,21.783602,17.326065,17.59885,16.69067,17.018072,20.042553,22.516779,16.388346,16.28222,17.452045,17.302397,16.454111,16.342442,15.068519,14.981547,4.0,4.0,4.0,0.0,0.0,0.0,0.0,0.0
44316,2023.0,11.0,4.0,18.0,17.218159,17.69715,20.062544,21.685104,16.846,16.609701,16.892136,17.231167,17.640137,17.631731,16.08952,15.967621,17.455677,17.312996,16.40418,16.292124,15.955373,16.67674,4.0,0.0,4.0,0.0,0.0,0.0,0.0,4.0
44317,2023.0,11.0,4.0,18.0,21.345573,24.728243,20.079807,21.668512,21.190248,24.416956,21.296658,24.823914,16.433676,16.10151,15.913139,15.785551,21.484575,24.187483,22.032654,25.835295,20.406954,24.14691,0.0,0.0,4.0,0.0,0.0,0.0,0.0,4.0
44318,2023.0,11.0,4.0,18.0,21.014502,23.646725,18.612276,18.78122,21.006105,23.540234,21.01563,23.792234,16.271067,16.116762,15.778897,15.655656,20.972033,23.049143,20.97876,23.60882,20.042744,22.93604,4.0,4.0,4.0,0.0,0.0,0.0,0.0,0.0
44319,2023.0,11.0,4.0,18.0,21.074532,23.477425,20.241512,22.158295,21.07765,23.365963,21.108406,23.665424,16.981127,17.587597,15.660759,15.536201,21.045124,22.939917,21.962109,25.024187,17.305866,17.293795,0.0,4.0,0.0,4.0,0.0,4.0,4.0,0.0
44320,2023.0,11.0,4.0,18.0,21.064678,23.2617,18.27946,18.196934,21.090467,23.201534,21.069305,23.339392,20.356186,23.331902,15.559428,15.438103,21.079502,22.833155,21.079645,23.209034,17.054329,17.617188,0.0,0.0,4.0,0.0,0.0,0.0,0.0,4.0
44321,2023.0,11.0,4.0,18.0,21.088678,23.186773,17.386585,17.221184,21.06118,22.972815,21.096945,23.25186,17.631456,17.617867,15.465935,15.340587,21.043297,22.597937,21.084742,23.065977,20.372114,23.368132,0.0,4.0,0.0,0.0,0.0,4.0,0.0,0.0
44322,2023.0,11.0,4.0,19.0,21.082018,23.062096,17.601135,17.833027,21.064764,22.872988,21.089413,23.112755,16.306679,15.951007,15.379059,15.250661,21.075771,22.580208,21.082123,22.945448,17.565498,17.527655,4.0,4.0,0.0,0.0,0.0,0.0,0.0,0.0
44323,2023.0,11.0,4.0,19.0,21.081074,22.97469,20.287893,22.580711,21.062765,22.78997,21.08851,23.01578,16.18899,16.029802,15.299954,15.168508,21.069,22.48393,21.066404,22.85526,16.275047,15.939453,4.0,4.0,0.0,0.0,0.0,0.0,0.0,0.0
44324,2023.0,11.0,4.0,19.0,21.034748,22.831352,20.019249,21.81039,21.060179,22.724257,21.067648,22.937046,16.09221,15.951589,15.231242,15.097171,21.06685,22.415495,21.06609,22.805967,16.15159,16.014977,4.0,4.0,0.0,0.0,0.0,0.0,0.0,0.0
44325,2023.0,11.0,4.0,19.0,21.162376,23.047878,20.141308,21.880367,21.122385,22.78983,21.144773,23.048065,15.958551,15.8234415,15.17329,15.037836,21.109638,22.47183,21.13749,22.899115,16.033005,15.903968,4.0,4.0,0.0,0.0,0.0,0.0,0.0,0.0
44326,2023.0,11.0,4.0,19.0,21.040583,22.728115,20.053095,21.605497,21.051054,22.610594,21.05919,22.847626,15.8494215,15.723925,15.12655,14.992837,21.046225,22.326815,21.055414,22.70269,16.950903,17.772009,4.0,4.0,0.0,0.0,0.0,0.0,0.0,4.0
44327,2023.0,11.0,4.0,19.0,21.084146,22.803656,20.081297,21.603746,21.0597,22.596165,21.070164,22.844927,15.744756,15.617868,15.081429,14.947339,21.023737,22.246965,21.06564,22.69644,20.29288,23.3582,0.0,4.0,0.0,0.0,0.0,4.0,0.0,0.0
44328,2023.0,11.0,4.0,20.0,21.050074,22.684708,18.610723,18.706564,21.057846,22.564611,21.067764,22.81618,15.6538,15.527084,15.041862,14.907959,21.072355,22.323666,21.063866,22.668884,18.124445,18.646914,4.0,4.0,0.0,0.0,0.0,0.0,0.0,4.0
44329,2023.0,11.0,4.0,20.0,21.055311,22.673658,20.234814,22.053946,21.082096,22.607334,21.043066,22.725502,15.573718,15.446712,15.00338,14.868541,21.064695,22.27156,21.063368,22.64631,20.34807,23.076899,4.0,0.0,4.0,0.0,0.0,0.0,0.0,0.0
44330,2023.0,11.0,4.0,20.0,21.080555,22.725115,20.05161,21.575544,21.051428,22.49866,21.047215,22.719053,15.502958,15.376034,15.003831,14.897456,21.035206,22.164145,21.062893,22.62581,18.342909,18.810173,0.0,4.0,4.0,0.0,0.0,4.0,0.0,4.0
44331,2023.0,11.0,4.0,20.0,21.074604,22.68996,18.566517,18.629646,21.05631,22.488224,21.088865,22.77187,15.441156,15.315031,15.002848,14.91233,21.039503,22.15612,21.062237,22.606544,20.341759,22.799835,4.0,4.0,0.0,0.0,0.0,4.0,0.0,4.0
44332,2023.0,11.0,4.0,20.0,21.048374,22.596119,20.23872,22.061989,21.05529,22.469273,21.080597,22.71178,15.38479,15.258415,15.003629,14.927369,21.068518,22.218401,21.023144,22.48537,20.055674,22.072893,4.0,4.0,0.0,0.0,0.0,0.0,4.0,0.0
44333,2023.0,11.0,4.0,20.0,21.053022,22.592293,20.050383,21.564552,21.054844,22.452852,21.0559,22.606524,15.334129,15.207954,15.330463,15.549188,21.063013,22.185732,21.08384,22.59826,17.820349,17.628386,0.0,4.0,4.0,0.0,4.0,0.0,0.0,0.0
44334,2023.0,11.0,4.0,21.0,21.77383,23.664139,18.24217,18.015245,21.616127,23.28659,21.538498,23.316906,16.057362,16.609245,20.37419,23.869282,21.540466,22.979933,21.92619,23.799341,16.737274,16.338835,0.0,4.0,4.0,4.0,0.0,0.0,0.0,0.0
44335,2023.0,11.0,4.0,21.0,20.899967,22.105549,17.958744,18.141245,20.918205,22.01921,20.926908,22.187763,20.469168,23.93234,17.615877,18.093718,20.961174,21.881483,20.870886,21.917896,16.392742,15.999927,4.0,0.0,0.0,0.0,0.0,0.0,0.0,0.0
44336,2023.0,11.0,4.0,21.0,21.076586,22.490734,20.275076,22.264479,21.09784,22.408503,21.074774,22.48594,17.302141,17.3096,16.000954,15.87727,21.058092,22.110455,21.089306,22.419992,16.379974,16.218506,0.0,0.0,4.0,0.0,0.0,0.0,0.0,0.0
44337,2023.0,11.0,4.0,21.0,21.073149,22.524242,18.587048,18.796515,21.069506,22.363802,21.080612,22.530207,15.870585,15.525312,15.705062,15.560232,21.0465,22.107424,21.054785,22.389435,17.323835,18.109268,0.0,0.0,0.0,0.0,0.0,0.0,0.0,4.0
44338,2023.0,11.0,4.0,21.0,21.071335,22.522852,17.559439,17.422842,21.029684,22.302893,21.052689,22.453444,15.79501,15.64491,15.557999,15.41129,21.047764,22.12163,21.058811,22.418457,20.347343,23.150537,0.0,4.0,4.0,0.0,0.0,0.0,0.0,4.0
44339,2023.0,11.0,4.0,21.0,21.070965,22.517906,17.231525,17.0383,21.080288,22.413992,21.082663,22.530508,16.504597,17.050734,15.434767,15.285606,21.017658,22.049799,21.018639,22.322435,20.018398,22.181133,0.0,0.0,0.0,4.0,0.0,4.0,4.0,4.0
44340,2023.0,11.0,4.0,22.0,21.053783,22.510305,17.036951,16.842628,21.071474,22.383696,21.05164,22.438808,20.370266,23.44146,15.704411,15.879919,21.039087,22.072325,21.041658,22.353418,20.059734,22.047358,0.0,0.0,4.0,0.0,4.0,4.0,4.0,4.0
44341,2023.0,11.0,4.0,22.0,21.028704,22.452765,17.34035,17.548525,21.04683,22.302147,21.081951,22.511766,17.928246,18.28448,20.486248,23.850262,21.036673,22.054993,21.078316,22.445232,20.736696,23.017572,4.0,4.0,0.0,4.0,4.0,4.0,0.0,4.0
44342,2023.0,11.0,4.0,22.0,21.175795,22.743332,20.30179,22.724756,21.195993,22.594837,21.168175,22.669027,21.328133,24.570307,20.013182,22.693108,21.138624,22.266596,21.193544,22.657999,21.034216,23.204357,0.0,4.0,0.0,0.0,0.0,0.0,0.0,0.0
44343,2023.0,11.0,4.0,22.0,21.041706,22.431114,18.723162,19.283846,21.075397,22.36461,21.074741,22.463657,18.148315,18.118616,18.03043,18.532616,21.060524,22.090357,21.070198,22.390324,18.818895,19.137165,4.0,0.0,0.0,0.0,4.0,0.0,0.0,4.0
44344,2023.0,11.0,4.0,22.0,21.197165,22.730448,20.275007,22.357481,21.16935,22.542593,21.188826,22.71499,16.822954,16.665949,20.345179,23.00394,21.134447,22.222729,21.248001,22.705072,21.288496,23.756603,0.0,0.0,0.0,0.0,4.0,0.0,4.0,4.0
44345,2023.0,11.0,4.0,22.0,21.046705,22.418406,18.156927,18.000048,21.070002,22.329746,21.057524,22.45795,16.558844,16.40933,20.053146,22.185137,21.060003,22.058947,21.076778,22.380884,20.971312,22.883451,0.0,0.0,0.0,0.0,0.0,0.0,0.0,4.0
44346,2023.0,11.0,4.0,23.0,21.07379,22.487402,17.284723,17.07616,21.051535,22.319523,21.057262,22.462008,16.353554,16.212336,17.769669,17.604826,21.04395,22.048933,21.068722,22.355951,20.018614,21.260416,0.0,0.0,0.0,0.0,0.0,0.0,0.0,0.0
44347,2023.0,11.0,4.0,23.0,19.404594,19.273647,17.12533,16.934355,19.737326,19.813427,19.633411,19.730492,16.185598,16.054604,17.110931,17.188648,19.865915,19.797136,19.322302,18.990824,18.289494,17.998981,0.0,0.0,0.0,0.0,4.0,0.0,0.0,0.0
44348,2023.0,11.0,4.0,23.0,18.635916,18.200415,16.989744,16.789642,19.053272,18.829786,18.910593,18.698406,16.056904,15.91743,16.727758,16.555529,19.394281,19.179058,18.926062,18.708467,17.565235,17.08883,0.0,0.0,0.0,0.0,0.0,0.0,0.0,0.0
44349,2023.0,11.0,4.0,23.0,18.685997,18.61711,16.868298,16.666748,18.762112,18.522852,18.606455,18.379393,15.940755,15.800141,16.468805,16.288425,19.18014,18.968582,18.701143,18.504759,17.500137,17.308609,0.0,0.0,0.0,0.0,0.0,0.0,0.0,0.0
44350,2023.0,11.0,4.0,23.0,18.529726,18.47575,16.760109,16.555847,18.539722,18.297167,18.373222,18.143188,15.836382,15.694281,16.287237,16.10874,18.999996,18.792568,18.48234,18.29197,17.306433,17.132143,0.0,0.0,0.0,0.0,0.0,0.0,0.0,0.0
44351,2023.0,11.0,4.0,23.0,19.12126,19.73807,16.674557,16.481716,18.373426,18.151371,18.199121,17.990868,15.748062,15.612285,16.462488,16.58296,18.851156,18.652315,19.36018,20.12883,17.121534,16.968853,0.0,0.0,0.0,0.0,4.0,0.0,4.0,0.0
44352,2023.0,11.0,5.0,0.0,18.279926,18.084566,16.588516,16.39797,18.21472,17.997055,18.032944,17.829609,15.662586,15.527408,16.152748,16.020693,18.711735,18.514345,18.265482,17.907883,16.945478,16.801535,0.0,0.0,0.0,0.0,0.0,0.0,0.0,0.0
44353,2023.0,11.0,5.0,0.0,17.793299,17.38567,16.503553,16.309221,18.063654,17.840088,17.874664,17.665491,15.579567,15.4401,15.928771,15.762378,18.579433,18.376022,17.788523,17.31715,16.777542,16.631706,0.0,0.0,0.0,0.0,0.0,0.0,0.0,0.0
44354,2023.0,11.0,5.0,0.0,17.609999,17.21547,16.43378,16.244896,18.663588,19.085102,17.747118,17.547962,15.509713,15.372976,15.810575,15.650363,18.470049,18.271435,17.592579,17.137505,16.633924,16.490036,0.0,4.0,0.0,0.0,0.0,0.0,0.0,0.0
44355,2023.0,11.0,5.0,0.0,17.772562,17.701677,16.365519,16.178509,18.17125,18.111908,17.62567,17.430262,15.442355,15.305618,15.69837,15.538703,18.366957,18.16894,17.421919,16.975435,16.50135,16.35778,0.0,0.0,0.0,0.0,0.0,0.0,0.0,0.0
44356,2023.0,11.0,5.0,0.0,17.750484,17.724306,16.301163,16.115435,17.515133,16.970093,17.513605,17.320862,15.379188,15.241931,15.596607,15.436412,18.272217,18.074038,17.538126,17.362299,16.380943,16.236958,0.0,0.0,0.0,0.0,0.0,0.0,0.0,0.0
44357,2023.0,11.0,5.0,0.0,17.67027,17.648663,16.241398,16.057533,17.262314,16.674133,17.411472,17.222292,15.917033,16.305069,15.504853,15.345079,18.186037,17.98845,17.485672,17.316774,16.272444,16.128977,0.0,0.0,0.0,4.0,0.0,0.0,0.0,0.0
44358,2023.0,11.0,5.0,1.0,17.591991,17.57376,16.185698,16.004114,17.441198,17.18511,17.31785,17.132858,16.116512,16.550188,15.719327,15.819365,18.107117,17.910685,17.399748,17.232304,16.914204,17.426117,0.0,0.0,0.0,4.0,4.0,0.0,0.0,4.0
44359,2023.0,11.0,5.0,1.0,17.515,17.497047,16.130598,15.9483185,17.43781,17.233494,17.228514,17.044703,15.325093,14.980197,15.473168,15.329559,18.031519,17.833763,17.314959,17.1467,16.35173,16.248354,0.0,0.0,0.0,0.0,0.0,0.0,0.0,0.0
44360,2023.0,11.0,5.0,1.0,17.436172,17.412685,16.073149,15.885344,17.361067,17.155033,17.138407,16.949213,15.037905,14.644895,15.320224,15.152992,17.955717,17.75228,17.22887,17.055317,15.8829155,15.495897,0.0,0.0,0.0,0.0,0.0,0.0,0.0,0.0
44361,2023.0,11.0,5.0,1.0,17.363117,17.336714,16.018805,15.826619,17.284477,17.07565,17.055332,16.862888,15.005266,14.685967,15.240624,15.069313,17.885862,17.6789,17.149193,16.972706,15.699886,15.2985325,0.0,0.0,0.0,0.0,0.0,0.0,0.0,0.0
44362,2023.0,11.0,5.0,1.0,17.294361,17.274725,15.967551,15.778829,17.939686,18.378727,16.976194,16.790369,15.080828,14.915641,15.456894,15.544268,17.816725,17.611898,17.069242,16.895374,15.800573,15.645379,0.0,4.0,0.0,0.0,4.0,0.0,0.0,0.0
44363,2023.0,11.0,5.0,1.0,17.243998,17.235235,15.91785,15.724584,18.118166,18.603416,16.902536,16.712904,15.070839,14.919459,15.204919,15.029538,17.75362,17.544191,16.997559,16.819433,15.770213,15.616601,0.0,4.0,0.0,0.0,0.0,0.0,0.0,0.0
44364,2023.0,11.0,5.0,2.0,17.187424,17.18008,15.872482,15.67855,17.20222,16.812614,16.83554,16.647356,15.026944,14.875293,15.087152,14.913087,17.695593,17.485518,16.931894,16.753693,15.705512,15.551517,0.0,0.0,0.0,0.0,0.0,0.0,0.0,0.0
44365,2023.0,11.0,5.0,2.0,17.130821,17.123222,15.828917,15.634609,16.77932,16.188011,16.771008,16.583185,15.576827,15.948336,15.019662,14.844602,17.639359,17.427965,16.868362,16.68903,15.64239,15.487089,0.0,0.0,0.0,4.0,0.0,0.0,0.0,0.0
44366,2023.0,11.0,5.0,2.0,17.07821,17.071749,15.788564,15.595479,16.62256,16.024986,16.711313,16.525576,15.139872,14.993441,15.00417,14.868206,17.586458,17.374914,16.808598,16.629454,15.582521,15.427101,0.0,0.0,0.0,0.0,0.0,0.0,0.0,0.0
44367,2023.0,11.0,5.0,2.0,17.021763,17.01565,15.744916,15.552749,16.845387,16.601818,16.647501,16.463278,15.013348,14.906547,15.007622,14.912298,17.529833,17.317984,16.744383,16.565145,15.518735,15.363237,0.0,0.0,0.0,0.0,0.0,0.0,0.0,0.0
44368,2023.0,11.0,5.0,2.0,16.966093,16.95858,15.700553,15.506864,16.883305,16.677118,16.584055,16.39848,15.023835,14.941139,15.008613,14.947103,17.474634,17.261387,16.681803,16.501225,15.457226,15.300419,0.0,0.0,0.0,0.0,0.0,0.0,0.0,0.0
44369,2023.0,11.0,5.0,2.0,16.915255,16.908587,15.660667,15.468094,16.831636,16.627584,16.527058,16.343336,15.005858,14.9313135,15.010695,14.97061,17.423992,17.21095,16.624128,16.443907,15.401231,15.24476,0.0,0.0,0.0,0.0,0.0,0.0,0.0,0.0
44370,2023.0,11.0,5.0,3.0,16.866558,16.860628,15.622401,15.430848,16.776566,16.574526,16.47288,16.29087,15.00833,14.96332,15.011964,14.989233,17.376003,17.163176,16.569546,16.38968,15.348726,15.192588,0.0,0.0,0.0,0.0,0.0,0.0,0.0,0.0
44371,2023.0,11.0,5.0,3.0,16.819656,16.8143,15.5854645,15.394794,16.723114,16.522867,16.42102,16.240547,15.008894,14.979921,15.01317,15.004742,17.33027,17.117577,16.517578,16.338003,15.299239,15.14338,0.0,0.0,0.0,0.0,0.0,0.0,0.0,0.0
44372,2023.0,11.0,5.0,3.0,16.774334,16.769451,15.549693,15.359816,16.671627,16.473034,16.37118,16.192118,15.010565,14.997269,15.013578,15.016509,17.286526,17.07398,16.467888,16.288614,15.252377,15.096804,0.0,0.0,0.0,0.0,0.0,0.0,0.0,0.0
44373,2023.0,11.0,5.0,3.0,16.730389,16.725878,15.51493,15.325762,16.621952,16.424881,16.323088,16.145325,15.011907,15.011111,15.014311,15.027651,17.244492,17.032104,16.420162,16.241196,15.207772,15.052491,0.0,0.0,0.0,0.0,0.0,0.0,0.0,0.0
44374,2023.0,11.0,5.0,3.0,16.687643,16.683414,15.481056,15.292516,16.573877,16.378216,16.276525,16.09995,15.011785,15.020725,15.135251,15.255209,17.203918,16.991703,16.374117,16.195465,15.165105,15.010121,0.0,0.0,0.0,0.0,4.0,0.0,0.0,0.0
44375,2023.0,11.0,5.0,3.0,16.64594,16.641916,15.448175,15.260101,16.527222,16.332859,16.231403,16.05588,15.01283,15.031997,15.176776,15.296562,17.164597,16.95256,16.329515,16.151188,15.124098,14.969419,0.0,0.0,0.0,0.0,4.0,0.0,0.0,0.0
44376,2023.0,11.0,5.0,4.0,16.607357,16.605186,15.418926,15.233975,16.485184,16.295391,16.190825,16.019487,15.006611,15.028416,14.980266,14.964704,17.12811,16.918022,16.28804,16.111925,15.828769,16.332764,0.0,0.0,0.0,0.0,0.0,0.0,0.0,4.0
44377,2023.0,11.0,5.0,4.0,16.567747,16.566093,15.388578,15.205253,16.441645,16.253593,16.14936,15.979293,15.008456,15.04047,15.016177,15.049466,17.091738,16.882757,16.246435,16.071213,16.207458,16.80193,0.0,0.0,0.0,0.0,0.0,0.0,0.0,4.0
44378,2023.0,11.0,5.0,4.0,16.541935,16.552969,15.36256,15.183983,16.403893,16.22152,16.113886,15.948756,15.007904,15.04696,15.007542,15.043493,17.059772,16.854462,16.20949,16.037964,15.316904,14.993763,0.0,0.0,0.0,0.0,0.0,0.0,0.0,0.0
44379,2023.0,11.0,5.0,4.0,16.508305,16.520048,15.333478,15.155855,16.362202,16.180338,16.07446,15.909523,15.015354,15.069338,15.017197,15.072528,17.026268,16.821663,16.1707,15.999523,15.005049,14.709477,0.0,0.0,0.0,0.0,0.0,0.0,0.0,0.0
44380,2023.0,11.0,5.0,4.0,16.474146,16.487093,15.307385,15.133078,16.324581,16.14634,16.038513,15.876895,15.015841,15.073459,15.017167,15.07519,16.995865,16.793716,16.135216,15.966349,15.009783,14.791128,0.0,0.0,0.0,0.0,0.0,0.0,0.0,0.0
44381,2023.0,11.0,5.0,4.0,16.440014,16.454084,15.281867,15.110833,16.287857,16.113173,16.003132,15.844873,15.016248,15.079747,15.017386,15.0815735,16.966732,16.767063,16.101097,15.934558,15.037925,14.892582,0.0,0.0,0.0,0.0,0.0,0.0,0.0,0.0
44382,2023.0,11.0,5.0,5.0,16.406437,16.421797,15.256856,15.089056,16.251923,16.080736,15.968378,15.813449,15.01585,15.083814,15.017597,15.086649,16.938787,16.741613,16.06822,15.904027,15.013853,14.870912,0.0,0.0,0.0,0.0,0.0,0.0,0.0,0.0
44383,2023.0,11.0,5.0,5.0,16.372393,16.388056,15.2311735,15.065406,16.215624,16.04674,15.933185,15.7804365,15.015852,15.088739,15.018456,15.09258,16.91088,16.715147,16.03562,15.872889,15.0014,14.883397,0.0,0.0,0.0,0.0,0.0,0.0,0.0,0.0
44384,2023.0,11.0,5.0,5.0,16.339159,16.355791,15.20711,15.044862,16.1815,16.016699,15.90006,15.751211,15.402184,15.81232,15.007914,15.077883,16.884338,16.690859,16.004456,15.843972,15.0043745,14.911314,0.0,0.0,0.0,4.0,0.0,0.0,0.0,0.0
44385,2023.0,11.0,5.0,5.0,16.306063,16.3232,15.182251,15.022312,16.14654,15.984434,15.866118,15.719826,14.962612,14.945261,15.010242,15.086919,16.857906,16.666134,15.973546,15.814861,15.004007,14.930358,0.0,0.0,0.0,0.0,0.0,0.0,0.0,0.0
44386,2023.0,11.0,5.0,5.0,16.27206,16.288565,15.155535,14.99578,16.109426,15.947326,15.83012,15.683771,15.016366,15.09842,15.018723,15.107831,16.830917,16.639711,15.942061,15.783901,15.006671,14.953545,0.0,0.0,0.0,0.0,0.0,0.0,0.0,0.0
44387,2023.0,11.0,5.0,5.0,16.240545,16.258379,15.13304,14.977434,16.077692,15.920458,15.799349,15.6576395,15.005979,15.071301,15.008823,15.091405,17.604572,18.128014,15.913573,15.75831,15.004048,14.959514,0.0,0.0,0.0,0.0,0.0,4.0,0.0,0.0
44388,2023.0,11.0,5.0,6.0,16.209518,16.229198,15.108145,14.953865,16.043482,15.887306,15.765707,15.625155,15.397293,15.811488,15.010469,15.09885,17.967306,18.57021,15.883728,15.729418,15.005658,14.974414,0.0,0.0,0.0,4.0,0.0,4.0,0.0,0.0
44389,2023.0,11.0,5.0,6.0,21.162186,24.847185,15.085012,14.933352,21.238022,25.034992,21.038708,24.888485,19.788376,23.274597,15.010455,15.102689,20.564041,23.026258,21.449938,25.160656,15.650624,16.19937,0.0,4.0,0.0,0.0,0.0,0.0,0.0,4.0
44390,2023.0,11.0,5.0,6.0,21.007093,24.00986,15.061555,14.911294,21.018454,24.023973,21.013315,24.199692,17.31623,17.804777,15.073119,15.208576,21.776049,24.74143,22.128172,25.880806,20.377064,24.260386,0.0,0.0,0.0,4.0,4.0,4.0,0.0,0.0
44391,2023.0,11.0,5.0,6.0,21.0884,23.821098,15.038813,14.889993,21.109371,23.779339,21.09525,23.952362,20.341148,23.68915,20.084665,23.735249,20.994875,22.994944,22.418282,25.802126,17.584284,18.11715,0.0,0.0,0.0,0.0,0.0,0.0,0.0,4.0
44392,2023.0,11.0,5.0,6.0,21.076908,23.562277,15.019586,14.87066,21.09507,23.466028,21.083225,23.65355,17.800152,18.231644,17.442062,17.982239,21.092138,22.989492,20.87703,22.812737,20.381338,23.643675,0.0,0.0,0.0,4.0,0.0,0.0,0.0,0.0
44393,2023.0,11.0,5.0,6.0,21.051476,23.32559,15.000345,14.8528595,21.075022,23.263378,21.082054,23.457287,20.357761,23.340553,15.718792,15.608853,21.07817,22.811758,21.10472,23.172026,17.981619,18.481688,0.0,0.0,0.0,0.0,0.0,0.0,0.0,4.0
44394,2023.0,11.0,5.0,7.0,21.053823,23.213959,15.469864,15.745129,21.05158,23.077461,21.080046,23.312963,18.026812,18.411623,15.709221,15.832944,21.032555,22.62252,21.07022,23.022675,20.365898,23.248756,4.0,4.0,0.0,4.0,4.0,4.0,0.0,0.0
44395,2023.0,11.0,5.0,7.0,21.749517,24.304853,20.30797,23.999537,21.53216,23.72855,21.890558,24.405981,21.337406,24.538263,20.28525,23.707787,21.84925,23.913721,21.935,24.46895,18.22435,18.70254,4.0,4.0,0.0,4.0,0.0,0.0,0.0,4.0
44396,2023.0,11.0,5.0,7.0,21.907661,24.351303,20.013876,22.897635,22.304941,24.908249,21.842642,24.317465,20.018324,22.109291,17.902792,18.545937,21.65404,23.284195,21.723766,23.844002,20.345537,22.978285,0.0,0.0,4.0,4.0,4.0,4.0,0.0,0.0
44397,2023.0,11.0,5.0,7.0,20.930014,22.486195,17.318375,17.324148,20.901377,22.31344,20.925995,22.566896,21.155052,23.932299,20.323933,23.348564,21.049438,22.308321,20.914963,22.286968,18.374426,18.830603,0.0,0.0,0.0,0.0,4.0,0.0,0.0,4.0
44398,2023.0,11.0,5.0,7.0,21.074862,22.766022,15.91631,15.4957905,21.08818,22.672655,21.088963,22.847048,18.41062,18.317286,20.053867,22.461264,21.043142,22.271662,21.048853,22.568693,21.718111,25.168488,0.0,4.0,4.0,0.0,0.0,4.0,4.0,0.0
44399,2023.0,11.0,5.0,7.0,21.057835,22.73265,16.306273,16.49604,21.059673,22.614202,21.064886,22.776165,16.871033,16.423431,17.612446,17.528635,21.074512,22.348942,21.086615,22.670246,18.464169,18.42408,4.0,4.0,4.0,0.0,0.0,0.0,0.0,0.0
44400,2023.0,11.0,5.0,8.0,21.736,23.868706,20.248606,23.309208,21.740318,23.742113,21.881548,24.020294,16.646683,16.424086,16.93196,17.080286,21.497204,23.00512,21.942728,24.033062,16.850704,16.441284,0.0,4.0,4.0,0.0,4.0,4.0,4.0,0.0
44401,2023.0,11.0,5.0,8.0,19.724125,20.094246,17.924528,18.330637,19.684017,19.87997,19.690866,19.624992,16.471575,16.284399,20.340012,23.06024,19.71073,19.433422,19.817665,19.659445,16.633589,16.431667,0.0,4.0,0.0,0.0,0.0,0.0,0.0,0.0
44402,2023.0,11.0,5.0,8.0,19.05583,19.35144,16.489674,16.387531,18.926962,18.991755,18.091125,17.592554,16.261337,16.084661,18.355621,18.893152,19.377401,19.506186,18.386253,17.930544,16.475365,16.307274,0.0,4.0,0.0,0.0,4.0,4.0,0.0,0.0
44403,2023.0,11.0,5.0,8.0,18.86385,19.162954,16.204351,16.022896,18.714155,18.774607,17.667192,17.11165,16.108139,15.934489,20.338913,22.528055,19.351906,19.512413,17.98894,17.508545,16.320532,16.158028,0.0,4.0,0.0,0.0,4.0,4.0,0.0,0.0
44404,2023.0,11.0,5.0,8.0,18.675392,18.981943,16.49467,16.713688,18.521833,18.597786,17.619774,17.350565,15.948538,15.782951,20.066002,21.98425,18.560242,18.143917,18.962427,19.668718,16.153267,15.99849,4.0,4.0,0.0,0.0,0.0,0.0,4.0,0.0
44405,2023.0,11.0,5.0,8.0,18.529514,18.856564,20.219217,23.277006,17.727873,17.268396,17.493614,17.278078,16.581383,17.106873,17.899113,17.709328,18.078638,17.574434,18.049597,17.709389,16.003534,15.854248,0.0,0.0,0.0,4.0,0.0,0.0,0.0,0.0
44406,2023.0,11.0,5.0,9.0,18.404236,18.742125,17.956635,18.388037,17.256523,16.713737,17.304573,17.096312,20.375399,23.599733,16.936306,16.69316,17.83977,17.332912,17.423225,16.99369,15.872437,15.726929,0.0,0.0,0.0,0.0,0.0,0.0,0.0,0.0
44407,2023.0,11.0,5.0,9.0,17.624617,17.383038,16.574745,16.503073,17.023901,16.484663,17.134527,16.930515,17.488895,17.498821,16.669256,16.444464,17.909828,17.65459,17.165695,16.736738,15.7586355,15.617045,0.0,0.0,0.0,0.0,0.0,0.0,0.0,0.0
44408,2023.0,11.0,5.0,9.0,17.273964,16.94189,16.27487,16.099092,17.126337,16.849478,17.010042,16.808065,16.432173,16.005407,16.473448,16.251545,17.88893,17.677418,18.298355,19.048153,15.673506,15.534108,0.0,0.0,0.0,0.0,0.0,0.0,4.0,0.0
44409,2023.0,11.0,5.0,9.0,17.096815,16.770483,16.58004,16.79386,17.810965,18.214788,17.608116,18.03529,16.335218,16.11036,16.298666,16.084742,17.808676,17.605011,17.364958,17.059433,15.595573,15.4592705,4.0,4.0,4.0,0.0,0.0,0.0,0.0,0.0
44410,2023.0,11.0,5.0,9.0,16.952402,16.634161,20.234104,23.177757,17.391562,17.361177,17.778492,18.285704,16.209621,16.02304,16.552357,16.700325,17.731583,17.531836,16.963572,16.551554,15.526555,15.392901,0.0,0.0,4.0,0.0,4.0,0.0,0.0,0.0
44411,2023.0,11.0,5.0,9.0,17.051836,16.985378,17.997902,18.380705,16.76146,16.331266,17.509876,17.739216,16.04601,15.869772,20.306427,23.162397,17.65078,17.455132,16.783484,16.378576,15.455715,15.322561,0.0,0.0,4.0,0.0,0.0,0.0,0.0,0.0
44412,2023.0,11.0,5.0,10.0,17.81612,18.46745,16.616917,16.509886,16.488632,16.002811,16.725588,16.361277,15.901507,15.731357,18.037096,18.36939,17.57533,17.379675,16.6426,16.245169,15.392058,15.260103,0.0,0.0,0.0,0.0,0.0,0.0,0.0,0.0
44413,2023.0,11.0,5.0,10.0,17.326395,17.433897,16.338877,16.154692,16.631605,16.399338,16.411825,15.9495535,15.800177,15.63584,16.978592,16.76661,17.520828,17.3291,16.744154,16.556873,15.346429,15.217876,0.0,0.0,0.0,0.0,0.0,0.0,0.0,0.0
44414,2023.0,11.0,5.0,10.0,16.839003,16.609396,16.200214,16.018679,17.38277,17.850847,16.291424,15.84738,15.714939,15.561131,16.705519,16.486311,17.474365,17.289309,16.733707,16.57603,15.307326,15.184316,0.0,4.0,0.0,0.0,0.0,0.0,0.0,0.0
44415,2023.0,11.0,5.0,10.0,16.667114,16.41854,16.088861,15.916004,17.593498,18.126474,16.414835,16.20855,15.642096,15.497585,16.512667,16.30512,17.434305,17.255749,17.791908,18.625856,15.273335,15.155709,0.0,4.0,0.0,0.0,0.0,0.0,4.0,0.0
44416,2023.0,11.0,5.0,10.0,16.789038,16.771612,16.46442,16.707808,16.807985,16.58512,17.149504,17.632483,15.577876,15.441461,16.36011,16.164139,17.39932,17.22703,16.88262,16.651592,15.243462,15.131,4.0,0.0,4.0,0.0,0.0,0.0,0.0,0.0
44417,2023.0,11.0,5.0,10.0,16.796694,16.82661,20.27604,23.308996,16.453022,16.06389,16.535896,16.34251,15.521439,15.391946,16.229807,16.043135,17.36891,17.202745,16.55041,16.216803,15.217822,15.110425,4.0,0.0,0.0,0.0,0.0,0.0,0.0,0.0
44418,2023.0,11.0,5.0,11.0,16.740967,16.772957,20.029583,22.415382,16.30767,15.919527,16.101236,15.751409,15.465083,15.341299,16.102251,15.924847,17.338736,17.178328,16.43756,16.11338,15.191723,15.089075,0.0,0.0,0.0,0.0,0.0,0.0,0.0,0.0
44419,2023.0,11.0,5.0,11.0,16.686499,16.722818,17.80026,17.869234,16.414333,16.234762,15.989969,15.644963,15.418404,15.30091,16.001825,15.837996,17.312202,17.156979,16.515768,16.359795,15.168752,15.070507,0.0,0.0,0.0,0.0,0.0,0.0,0.0,0.0
44420,2023.0,11.0,5.0,11.0,16.642014,16.681879,17.027374,16.8532,16.434366,16.30252,16.132223,16.000546,15.382114,15.266529,15.927493,15.766392,17.290298,17.13819,16.522217,16.392641,15.149966,15.054484,0.0,0.0,0.0,0.0,0.0,0.0,0.0,0.0
44421,2023.0,11.0,5.0,11.0,16.615978,16.676525,16.81746,16.673214,17.146334,17.678602,16.131363,16.02083,15.352039,15.241835,15.865931,15.715616,17.271494,17.124334,16.491964,16.368134,15.133228,15.040945,0.0,4.0,0.0,0.0,0.0,0.0,0.0,0.0
44422,2023.0,11.0,5.0,11.0,16.586788,16.658478,16.631931,16.49543,16.712774,16.730267,16.855986,17.415092,15.324036,15.217541,15.80805,15.664416,17.253899,17.110985,16.460894,16.340975,15.117623,15.02781,0.0,0.0,4.0,0.0,0.0,0.0,0.0,0.0
44423,2023.0,11.0,5.0,11.0,16.552956,16.630508,16.484333,16.355228,16.306162,16.032532,16.41954,16.45217,15.298482,15.195771,15.755263,15.61817,18.071165,18.680376,16.431263,16.315231,15.103723,15.0165825,0.0,0.0,0.0,0.0,0.0,4.0,0.0,0.0
44424,2023.0,11.0,5.0,12.0,16.520338,16.60314,16.835846,17.12939,16.171951,15.874163,16.026955,15.783599,15.274824,15.175743,15.706848,15.575576,17.526356,17.4729,16.40267,16.290276,15.091298,15.006962,4.0,0.0,0.0,0.0,0.0,0.0,0.0,0.0
44425,2023.0,11.0,5.0,12.0,21.53752,25.360975,20.236666,23.053568,21.089584,24.575779,20.88304,24.303303,15.252053,15.155849,15.661452,15.534801,21.05403,23.54266,21.619448,25.160383,15.078693,14.996649,0.0,0.0,0.0,0.0,0.0,0.0,0.0,0.0
44426,2023.0,11.0,5.0,12.0,20.908545,23.687153,18.16072,18.606445,20.988815,23.809753,21.009356,24.008825,15.23154,15.138344,15.618895,15.497976,21.043812,23.304092,22.378765,26.038763,15.067446,14.987643,0.0,4.0,0.0,0.0,0.0,0.0,0.0,0.0
44427,2023.0,11.0,5.0,12.0,21.097431,23.743555,16.857988,16.833946,21.067383,23.616684,21.091398,23.813211,15.216192,15.126731,15.581691,15.466142,21.0687,23.091978,20.888094,22.995531,15.061276,14.984557,0.0,4.0,0.0,0.0,0.0,0.0,0.0,0.0
44428,2023.0,11.0,5.0,12.0,21.063578,23.46405,16.520836,16.416166,21.087812,23.417582,21.071095,23.5353,15.204884,15.118998,15.546756,15.434735,21.05525,22.876244,21.10075,23.246021,15.05964,14.986405,0.0,0.0,0.0,0.0,0.0,0.0,0.0,0.0
44429,2023.0,11.0,5.0,12.0,21.16129,23.490913,16.348372,16.24002,21.148108,23.303635,21.174583,23.553808,15.196325,15.114362,15.515885,15.408274,21.130913,22.872402,21.152742,23.189917,15.0601225,14.990474,0.0,4.0,0.0,0.0,0.0,0.0,0.0,0.0
44430,2023.0,11.0,5.0,13.0,21.151096,23.332985,16.219738,16.118275,21.136414,23.13886,21.162731,23.379316,15.1893215,15.111255,15.488263,15.385558,21.12209,22.731447,21.144262,23.05796,15.061439,14.995332,0.0,4.0,0.0,0.0,0.0,0.0,0.0,0.0
44431,2023.0,11.0,5.0,13.0,21.057505,23.095392,16.620207,16.972248,21.076517,22.973782,21.062275,23.122416,15.182005,15.106617,15.462565,15.364476,21.046726,22.524734,21.054718,22.828554,15.061739,14.997901,4.0,0.0,0.0,0.0,0.0,0.0,0.0,0.0
44432,2023.0,11.0,5.0,13.0,21.16384,23.249321,20.290655,23.293766,21.161516,23.069744,21.163733,23.260391,15.1748085,15.102008,15.437459,15.342757,21.131548,22.636972,21.192026,23.046566,16.11666,16.998356,4.0,0.0,0.0,0.0,0.0,0.0,0.0,4.0
44433,2023.0,11.0,5.0,13.0,21.994263,24.680187,20.034784,22.401443,21.053576,22.77288,21.070875,23.019453,15.169193,15.098703,15.417864,15.325645,21.971052,23.95368,21.06249,22.73865,20.408865,24.132853,0.0,4.0,0.0,0.0,0.0,0.0,0.0,4.0
44434,2023.0,11.0,5.0,13.0,20.932905,22.57236,17.907284,18.059723,21.081984,22.806337,21.06994,22.973154,15.165666,15.097442,15.403888,15.315325,21.015093,22.246996,21.061977,22.700943,20.012032,22.830503,0.0,0.0,0.0,0.0,0.0,0.0,0.0,4.0
44435,2023.0,11.0,5.0,13.0,21.08901,22.894238,16.867508,16.789854,21.072699,22.748796,21.066471,22.92856,15.161056,15.095307,15.38857,15.302866,21.053974,22.31564,21.059458,22.665834,20.093853,22.660524,0.0,0.0,0.0,0.0,0.0,0.0,0.0,0.0
44436,2023.0,11.0,5.0,14.0,21.032202,22.760773,17.10789,17.438433,21.061563,22.718388,21.06785,22.898,15.155202,15.091961,15.372748,15.290981,21.048548,22.293776,21.02224,22.539135,17.664093,17.713385,4.0,0.0,0.0,0.0,0.0,0.0,4.0,0.0
44437,2023.0,11.0,5.0,14.0,19.462177,19.77486,20.316042,23.04153,19.503231,19.713589,19.361784,19.591648,15.146638,15.084335,15.353304,15.272741,19.762222,19.807869,19.242315,19.128819,16.552597,16.356646,4.0,0.0,0.0,0.0,0.0,0.0,0.0,0.0
44438,2023.0,11.0,5.0,14.0,18.355457,18.236147,20.037136,22.192327,19.213507,19.72837,18.336855,18.278877,15.953968,16.618637,15.334806,15.254789,19.078203,18.932459,18.32625,18.018997,17.166027,17.773422,0.0,4.0,0.0,4.0,0.0,0.0,0.0,4.0
44439,2023.0,11.0,5.0,14.0,17.95131,17.810608,18.047104,18.174223,19.177557,19.731306,18.645927,19.154028,20.224415,23.786335,15.318468,15.240241,18.824411,18.670902,17.984764,17.676893,20.317696,23.174675,0.0,4.0,4.0,0.0,0.0,0.0,0.0,0.0
44440,2023.0,11.0,5.0,14.0,17.887142,17.928453,16.911993,16.683304,18.834772,19.176022,18.133474,18.188742,17.410416,17.688234,15.299778,15.223108,18.640186,18.490149,17.887226,17.731136,17.789732,17.902584,0.0,4.0,0.0,0.0,0.0,0.0,0.0,0.0
44441,2023.0,11.0,5.0,14.0,17.796314,17.866234,16.784132,16.665228,18.022518,17.770542,17.566116,17.294186,16.324846,16.095074,15.6901865,15.973959,18.511425,18.362514,17.78048,17.647497,16.875776,16.624197,0.0,0.0,0.0,0.0,4.0,0.0,0.0,0.0
44442,2023.0,11.0,5.0,15.0,17.673439,17.746202,16.68187,16.599533,17.660276,17.32878,17.305271,17.004864,16.183748,16.062437,20.052805,23.393875,18.3973,18.255424,17.65376,17.530365,16.70566,16.575886,0.0,0.0,0.0,0.0,0.0,0.0,0.0,0.0
44443,2023.0,11.0,5.0,15.0,17.54385,17.622284,16.536028,16.457615,17.435394,17.110271,17.272038,17.143393,16.046715,15.947328,17.798798,18.374569,18.279768,18.144157,17.519468,17.403034,16.523767,16.417168,0.0,0.0,0.0,0.0,0.0,0.0,0.0,0.0
44444,2023.0,11.0,5.0,15.0,18.222116,18.983778,16.430027,16.345972,17.280788,16.956957,17.204662,17.108952,15.927051,15.829213,16.62569,16.534979,18.187904,18.05411,17.413269,17.299007,16.370506,16.266151,0.0,0.0,0.0,0.0,0.0,0.0,0.0,0.0
44445,2023.0,11.0,5.0,15.0,18.35572,19.129866,16.830603,17.18107,17.324755,17.185833,17.100264,17.00749,15.822372,15.727695,16.372086,16.251215,18.10225,17.971756,17.314032,17.203281,16.233807,16.13364,4.0,0.0,0.0,0.0,0.0,0.0,0.0,0.0
44446,2023.0,11.0,5.0,15.0,17.546568,17.57063,20.268314,23.12955,17.978449,18.48715,17.008623,16.92116,15.736617,15.647919,16.207333,16.089106,18.027657,17.902819,17.22737,17.122982,16.120502,16.028522,4.0,4.0,0.0,0.0,0.0,0.0,0.0,0.0
44447,2023.0,11.0,5.0,15.0,17.114183,17.02082,20.031591,22.289806,18.227835,18.81254,16.90749,16.822657,15.646827,15.561911,16.058939,15.943985,18.776758,19.401072,17.134813,17.033863,16.000263,15.912785,0.0,4.0,0.0,0.0,0.0,4.0,0.0,0.0
44448,2023.0,11.0,5.0,16.0,17.692255,18.22678,17.994965,18.13512,17.462393,17.348665,16.817055,16.736185,15.569435,15.489947,15.944471,15.838854,18.276379,18.254719,17.052355,16.956038,16.858803,17.63173,0.0,0.0,0.0,0.0,0.0,0.0,0.0,4.0
44449,2023.0,11.0,5.0,16.0,17.839718,18.408995,17.266277,17.163832,17.743475,18.032612,16.744015,16.66247,15.508814,15.430351,15.861317,15.757925,17.85407,17.563797,16.984037,16.888443,20.36928,23.637505,0.0,4.0,0.0,0.0,0.0,0.0,0.0,0.0
44450,2023.0,11.0,5.0,16.0,17.217203,17.226772,17.465036,17.768461,17.274565,17.099472,16.668232,16.587267,15.444713,15.368846,15.772634,15.674332,18.435694,18.809153,16.912495,16.8192,17.594036,17.750181,4.0,0.0,0.0,0.0,0.0,4.0,0.0,0.0
44451,2023.0,11.0,5.0,16.0,17.65542,18.17754,20.285397,22.740973,16.95868,16.65447,17.329805,17.87971,15.391041,15.315931,15.697701,15.599618,17.86503,17.629475,16.851294,16.759075,16.640087,16.392443,4.0,0.0,4.0,0.0,0.0,0.0,0.0,0.0
44452,2023.0,11.0,5.0,16.0,17.823845,18.369646,20.023907,21.9612,17.492094,17.787378,16.95675,16.994408,16.149635,16.799654,16.049059,16.332338,18.334328,18.738358,16.783665,16.689613,16.439558,16.318447,4.0,4.0,0.0,4.0,4.0,4.0,0.0,0.0
44453,2023.0,11.0,5.0,16.0,17.176622,17.155016,20.14497,22.030384,17.678469,18.022038,16.465075,16.228891,20.762411,24.508413,20.245941,23.3008,17.787897,17.532965,16.719803,16.625208,16.279646,16.177395,4.0,4.0,0.0,0.0,0.0,0.0,0.0,0.0
44454,2023.0,11.0,5.0,17.0,17.561329,18.0867,20.076992,21.783245,17.679367,18.019135,16.264427,15.980488,17.83435,18.13672,17.913513,18.396803,17.463196,17.146723,17.678452,18.480774,16.122084,16.025778,0.0,4.0,0.0,0.0,0.0,0.0,4.0,0.0
44455,2023.0,11.0,5.0,17.0,17.7331,18.266354,18.627022,18.888325,17.07071,16.89119,16.332237,16.206707,16.842932,17.22713,16.839262,17.090286,17.350815,17.026009,17.936079,18.613708,15.985182,15.891241,4.0,0.0,0.0,4.0,4.0,0.0,4.0,0.0
44456,2023.0,11.0,5.0,17.0,17.733995,18.250885,20.297876,22.14037,17.423191,17.680693,16.337852,16.243292,20.608349,23.911953,20.434668,23.26839,17.453154,17.306795,17.010439,16.820248,15.881465,15.787454,0.0,4.0,0.0,0.0,4.0,0.0,0.0,0.0
44457,2023.0,11.0,5.0,17.0,17.10173,17.062414,18.711311,18.926683,17.5834,17.89356,17.020992,17.56009,17.674822,17.767532,20.039618,22.28408,17.459074,17.324478,17.631233,18.287075,15.776567,15.685063,4.0,4.0,4.0,0.0,0.0,0.0,4.0,0.0
44458,2023.0,11.0,5.0,17.0,17.467903,17.95391,20.233194,22.093447,17.569529,17.869883,16.680378,16.716614,16.325891,16.047333,18.1208,18.338808,18.168093,18.706245,16.948145,16.739777,15.681681,15.591468,4.0,4.0,0.0,0.0,4.0,4.0,0.0,0.0
44459,2023.0,11.0,5.0,17.0,16.991114,16.931568,20.125551,21.741507,17.548454,17.83835,16.15872,15.874534,16.144403,16.004715,20.396095,22.686846,17.520903,17.242834,16.523352,16.23865,15.5957575,15.505749,4.0,4.0,0.0,0.0,0.0,0.0,0.0,0.0
44460,2023.0,11.0,5.0,18.0,17.366829,17.836645,20.060808,21.520481,17.52477,17.804295,15.954203,15.612469,16.023056,15.9048395,18.071083,18.040598,17.15223,16.794033,16.379583,16.083017,15.514156,15.4183,4.0,4.0,0.0,0.0,0.0,0.0,0.0,0.0
44461,2023.0,11.0,5.0,18.0,21.310448,24.590696,20.057093,21.453377,21.370066,24.50051,21.319937,25.135468,16.708305,17.332663,17.005045,16.834171,21.278149,23.97959,21.530905,25.039589,15.438917,15.338978,4.0,4.0,4.0,4.0,0.0,0.0,0.0,0.0
44462,2023.0,11.0,5.0,18.0,21.031164,23.615458,20.07457,21.460016,21.015842,23.407076,21.03365,23.981674,20.356794,23.53191,16.75285,16.587831,21.766645,24.464148,22.160889,25.5838,15.375692,15.274258,0.0,4.0,0.0,4.0,0.0,4.0,4.0,0.0
44463,2023.0,11.0,5.0,18.0,21.093294,23.454533,18.42865,18.272186,21.07532,23.257246,21.104923,23.73352,20.050486,22.535423,16.940884,17.130388,21.083344,23.059568,22.374117,25.47376,15.323998,15.221858,0.0,4.0,0.0,0.0,4.0,0.0,0.0,0.0
44464,2023.0,11.0,5.0,18.0,21.066324,23.238495,17.690624,17.506552,21.065266,23.053663,21.09311,23.447897,17.596067,17.526243,20.420715,23.064688,21.047022,22.771051,20.893078,22.58404,15.280875,15.177985,0.0,4.0,0.0,0.0,0.0,4.0,0.0,0.0
44465,2023.0,11.0,5.0,18.0,21.068056,23.12405,17.915102,18.130064,21.088346,22.986338,21.07395,23.260849,16.406702,16.055117,18.201134,18.515291,21.07836,22.714462,21.066624,22.823154,15.243926,15.140628,4.0,0.0,0.0,0.0,0.0,0.0,4.0,0.0
44466,2023.0,11.0,5.0,19.0,21.066359,23.03387,20.238123,22.322435,21.057442,22.80215,21.050777,23.085155,16.080462,15.718089,16.933107,16.803446,21.071203,22.591799,21.084394,22.824917,15.2111435,15.107301,0.0,4.0,4.0,0.0,0.0,0.0,0.0,0.0
44467,2023.0,11.0,5.0,19.0,21.065231,22.965862,18.555876,18.815414,21.061314,22.735594,21.05376,23.013422,16.073317,15.919319,16.610668,16.461111,21.070091,22.506775,21.07804,22.753262,15.182155,15.078403,0.0,4.0,4.0,0.0,0.0,0.0,0.0,0.0
44468,2023.0,11.0,5.0,19.0,21.038422,22.84119,17.96557,18.241947,21.059296,22.675314,21.0696,22.950876,16.835276,17.443285,16.818449,17.021603,21.024303,22.36409,21.076986,22.700333,15.155854,15.05206,4.0,4.0,4.0,4.0,4.0,4.0,0.0,0.0
44469,2023.0,11.0,5.0,19.0,21.176424,23.082014,20.224573,22.27687,21.151033,22.81394,21.147408,23.036186,20.795212,24.049932,20.347332,22.937576,21.12241,22.526072,21.17411,22.880629,15.131978,15.0284195,4.0,4.0,4.0,0.0,0.0,0.0,0.0,0.0
44470,2023.0,11.0,5.0,19.0,21.057281,22.777216,20.030062,21.661057,21.05743,22.587387,21.089235,22.879171,17.991137,18.054625,18.152,18.454905,21.066484,22.365242,21.063011,22.638802,16.091408,16.859123,4.0,4.0,0.0,0.0,0.0,0.0,0.0,4.0
44471,2023.0,11.0,5.0,19.0,21.080526,22.797373,20.06264,21.581976,21.056868,22.55598,21.083164,22.8142,16.41517,16.057276,16.873398,16.737007,21.066437,22.325674,21.023895,22.51831,20.281633,23.825565,4.0,4.0,0.0,0.0,0.0,0.0,4.0,0.0
44472,2023.0,11.0,5.0,20.0,21.074736,22.742453,20.075071,21.52638,21.080929,22.596563,21.05791,22.699455,16.287096,16.132246,16.568258,16.411226,21.021053,22.214777,21.084171,22.63073,17.226616,17.281673,0.0,0.0,4.0,0.0,0.0,4.0,0.0,0.0
44473,2023.0,11.0,5.0,20.0,21.074507,22.705076,18.703558,18.80708,21.050333,22.486706,21.086796,22.744114,17.005196,17.591398,16.393894,16.243572,21.072035,22.30546,21.073399,22.575247,16.730238,17.241816,4.0,4.0,0.0,4.0,0.0,0.0,0.0,4.0
44474,2023.0,11.0,5.0,20.0,21.073631,22.671932,20.231546,21.946089,21.05526,22.475756,21.055908,22.631784,20.351048,23.26554,16.247921,16.098812,21.064215,22.25942,21.034891,22.441885,20.39581,23.546251,4.0,4.0,4.0,0.0,0.0,0.0,4.0,0.0
44475,2023.0,11.0,5.0,20.0,21.056242,22.642605,20.031748,21.424055,21.054136,22.456188,21.060514,22.618166,17.6642,17.62134,16.118782,15.968727,21.064302,22.233215,21.080898,22.544573,17.497374,17.477037,4.0,4.0,4.0,0.0,0.0,0.0,0.0,0.0
44476,2023.0,11.0,5.0,20.0,21.030752,22.571087,20.077332,21.45243,21.053144,22.438667,21.084513,22.665768,16.356155,15.986169,16.005033,15.853388,21.047728,22.208195,21.071024,22.503408,16.189045,15.8774,0.0,4.0,0.0,0.0,0.0,0.0,0.0,0.0
44477,2023.0,11.0,5.0,20.0,21.05315,22.585415,18.748531,18.829718,21.07835,22.493465,21.078674,22.631577,16.270336,16.11162,15.912737,15.766841,21.049797,22.212954,21.033274,22.380316,16.071318,15.940509,4.0,0.0,0.0,0.0,0.0,0.0,4.0,0.0
44478,2023.0,11.0,5.0,21.0,21.050308,22.559877,20.229351,21.881422,21.072678,22.461685,21.078762,22.610249,16.194674,16.063742,15.823367,15.675621,21.020023,22.133173,21.079748,22.491419,15.971894,15.858693,4.0,0.0,0.0,0.0,0.0,4.0,0.0,0.0
44479,2023.0,11.0,5.0,21.0,21.076612,22.615053,20.01986,21.353046,21.045115,22.368208,21.059074,22.587759,16.060614,15.924193,15.738696,15.587019,21.070642,22.22579,21.028648,22.34736,15.836303,15.7148905,4.0,4.0,0.0,0.0,0.0,0.0,4.0,0.0
44480,2023.0,11.0,5.0,21.0,21.070383,22.579906,20.079966,21.417253,21.078373,22.441854,21.062645,22.600767,16.723972,17.277914,15.668053,15.517277,21.061794,22.179674,21.080635,22.470835,15.725625,15.606426,0.0,0.0,0.0,4.0,0.0,0.0,0.0,0.0
44481,2023.0,11.0,5.0,21.0,21.044743,22.4876,18.758429,18.811485,21.071606,22.412062,21.062197,22.600798,20.421019,23.379066,15.604795,15.455264,21.033052,22.080507,21.031437,22.330153,16.584982,17.313187,4.0,0.0,0.0,4.0,0.0,4.0,4.0,4.0
44482,2023.0,11.0,5.0,21.0,21.049185,22.481726,20.228973,21.844225,21.054155,22.396727,21.037382,22.529045,20.01871,22.302776,15.542712,15.390334,21.06757,22.156206,21.039696,22.34013,20.372929,23.6673,4.0,0.0,4.0,4.0,0.0,0.0,4.0,0.0
44483,2023.0,11.0,5.0,21.0,21.075134,22.53981,20.031992,21.340084,21.05619,22.40913,21.066704,22.606726,20.097996,22.212072,15.877932,16.067217,21.061817,22.12622,21.038704,22.333254,18.032986,18.560219,4.0,0.0,0.0,0.0,4.0,0.0,4.0,4.0
44484,2023.0,11.0,5.0,22.0,21.069138,22.508863,20.059225,21.325027,21.055805,22.411228,21.054855,22.518393,18.375006,18.661867,20.454966,23.64702,21.061962,22.109283,21.078121,22.432869,21.511906,24.88131,4.0,0.0,4.0,4.0,4.0,0.0,0.0,4.0
44485,2023.0,11.0,5.0,22.0,21.069971,22.491106,20.054724,21.265106,21.05575,22.410063,21.081827,22.558006,21.52303,24.325315,20.011559,22.531368,21.016182,22.016222,21.070349,22.399826,21.163332,23.822418,4.0,0.0,0.0,4.0,0.0,4.0,0.0,0.0
44486,2023.0,11.0,5.0,22.0,21.051937,22.471453,20.072226,21.275078,21.055618,22.406391,21.075766,22.513004,20.00472,21.636017,17.795141,17.892237,21.068981,22.123993,21.070824,22.38248,17.7965,17.572384,0.0,0.0,0.0,4.0,4.0,0.0,0.0,0.0
44487,2023.0,11.0,5.0,22.0,21.054129,22.481829,18.456238,18.145042,21.0306,22.332418,21.051497,22.418024,21.030418,23.231243,20.453018,22.878712,21.03161,22.011751,21.070467,22.365364,16.71791,16.29606,0.0,4.0,4.0,0.0,4.0,4.0,0.0,0.0
44488,2023.0,11.0,5.0,22.0,21.027014,22.409592,17.812363,17.549309,21.060743,22.412691,21.081203,22.480083,19.244678,19.470697,20.03912,21.965408,21.067223,22.092392,21.054901,22.350658,16.352047,15.93113,0.0,0.0,0.0,4.0,0.0,0.0,0.0,0.0
44489,2023.0,11.0,5.0,22.0,21.059223,22.498728,18.085934,18.23569,21.073957,22.394836,21.075396,22.449732,20.336376,22.009342,18.146257,18.135983,21.06155,22.064884,21.056952,22.362627,16.337286,16.161459,4.0,0.0,0.0,0.0,4.0,0.0,0.0,0.0
44490,2023.0,11.0,5.0,23.0,21.071348,22.482224,20.231985,22.103601,21.07188,22.357628,21.056871,22.434023,18.205036,17.893297,20.36391,22.5085,21.032164,21.973335,21.017561,22.260727,16.243256,16.08996,0.0,0.0,0.0,0.0,4.0,4.0,4.0,0.0
44491,2023.0,11.0,5.0,23.0,19.392443,19.233831,18.676321,18.86089,19.725346,19.782085,19.622671,19.693357,17.404505,17.18054,18.34637,18.517004,19.504824,19.066393,19.244223,18.880713,16.102495,15.960471,0.0,0.0,0.0,0.0,0.0,0.0,0.0,0.0
44492,2023.0,11.0,5.0,23.0,18.989569,18.886675,17.86885,17.61693,19.008076,18.73795,18.875175,18.62127,17.201473,16.991293,17.430183,17.189257,18.897982,18.272972,18.529846,17.971066,15.985056,15.831786,0.0,0.0,0.0,0.0,0.0,0.0,0.0,0.0
44493,2023.0,11.0,5.0,23.0,18.766329,18.672436,17.623158,17.34932,18.71523,18.43097,18.56596,18.299152,16.999578,16.793188,17.1389,16.89073,18.644371,18.028418,18.21585,17.668018,15.879444,15.724167,0.0,0.0,0.0,0.0,0.0,0.0,0.0,0.0
44494,2023.0,11.0,5.0,23.0,18.58563,18.513153,17.466877,17.213484,18.51749,18.257683,18.356106,18.11553,16.837313,16.651117,16.934305,16.714123,19.553925,19.983318,18.252163,18.003601,15.7909975,15.640941,0.0,0.0,0.0,0.0,0.0,4.0,0.0,0.0
44495,2023.0,11.0,5.0,23.0,18.41568,18.345787,17.319204,17.065928,18.33075,18.073141,18.158459,17.92027,17.285103,17.639158,16.742544,16.52772,18.683628,18.199074,18.149988,17.944511,15.703674,15.552872,0.0,0.0,0.0,4.0,0.0,0.0,0.0,0.0
44496,2023.0,11.0,6.0,0.0,18.262732,18.19201,17.65738,17.81247,18.164114,17.905357,17.982159,17.742891,16.75923,16.588783,16.57017,16.357292,18.275438,17.691648,17.998953,17.799551,15.621492,15.468256,4.0,0.0,0.0,0.0,0.0,0.0,0.0,0.0
44497,2023.0,11.0,6.0,0.0,18.129904,18.061886,17.284605,17.11627,18.01924,17.763441,17.829136,17.593006,17.138876,17.514477,16.419905,16.212397,18.105783,17.530567,17.854403,17.65262,15.547119,15.393303,0.0,0.0,0.0,4.0,0.0,0.0,0.0,0.0
44498,2023.0,11.0,6.0,0.0,18.01169,17.947847,17.054302,16.81033,17.890654,17.63987,17.69371,17.46277,16.359612,15.947955,16.282917,16.074871,19.067177,19.524544,17.724401,17.524435,16.192648,16.666725,0.0,0.0,0.0,0.0,0.0,4.0,0.0,4.0
44499,2023.0,11.0,6.0,0.0,17.902958,17.84158,16.938845,16.691431,17.772268,17.524664,17.569408,17.341656,15.999433,15.532331,16.441294,16.477707,18.237114,17.767462,17.604242,17.404613,15.692947,15.57855,0.0,0.0,0.0,0.0,4.0,0.0,0.0,0.0
44500,2023.0,11.0,6.0,0.0,17.796896,17.731562,16.834259,16.581783,17.65738,17.405817,17.449133,17.217049,15.835281,15.367839,16.480316,16.55919,17.871857,17.302393,17.488497,17.283691,15.265025,14.891771,0.0,0.0,0.0,0.0,4.0,0.0,0.0,0.0
44501,2023.0,11.0,6.0,0.0,17.70475,17.642197,16.747099,16.496677,17.55796,17.309422,17.345514,17.116358,15.97089,15.780825,16.442642,16.522266,17.74075,17.179094,17.386938,17.182484,15.123363,14.74635,0.0,0.0,0.0,0.0,4.0,0.0,0.0,0.0
44502,2023.0,11.0,6.0,1.0,17.622253,17.565643,16.670881,16.426123,17.469593,17.227898,17.253748,17.03147,15.929897,15.744117,15.845944,15.40926,17.925604,17.671333,17.295828,17.094574,15.240856,15.0825615,0.0,0.0,0.0,0.0,0.0,0.0,0.0,0.0
44503,2023.0,11.0,6.0,1.0,17.542686,17.489134,16.597551,16.355465,17.38433,17.146276,17.165312,16.946571,15.857746,15.673681,15.535461,15.025046,18.675459,19.112175,17.2092,17.00905,15.224759,15.0683975,0.0,0.0,0.0,0.0,0.0,4.0,0.0,0.0
44504,2023.0,11.0,6.0,1.0,17.46879,17.41813,16.99263,17.155767,17.305155,17.07062,17.082973,16.867832,16.350603,16.659584,15.639855,15.388489,17.834412,17.360939,17.12864,16.929705,15.178538,15.021909,4.0,0.0,0.0,4.0,0.0,0.0,0.0,0.0
44505,2023.0,11.0,6.0,1.0,17.397444,17.347027,16.705711,16.578022,17.228655,16.99495,17.003117,16.788944,15.921209,15.743264,15.643192,15.432753,17.528982,16.978706,17.05088,16.850956,15.13342,14.975842,0.0,0.0,0.0,0.0,0.0,0.0,0.0,0.0
44506,2023.0,11.0,6.0,1.0,17.332127,17.283482,16.50456,16.280138,17.158169,16.927013,16.929724,16.718224,16.34648,16.679476,15.575738,15.36741,17.422285,16.878159,16.97907,16.779755,15.090408,14.932884,0.0,0.0,0.0,4.0,0.0,0.0,0.0,0.0
44507,2023.0,11.0,6.0,1.0,17.271023,17.224762,16.415722,16.183117,17.092243,16.864536,16.861431,16.653414,15.650384,15.239241,15.509703,15.303009,17.616962,17.367264,16.911879,16.714003,15.049466,14.89251,0.0,0.0,0.0,0.0,0.0,0.0,0.0,0.0
44508,2023.0,11.0,6.0,2.0,17.207748,17.158522,16.341007,16.10302,17.0232,16.792551,16.790195,16.579004,15.372097,14.921022,15.440568,15.22981,17.623571,17.385153,16.843761,16.643131,15.007185,14.848097,0.0,0.0,0.0,0.0,0.0,0.0,0.0,0.0
44509,2023.0,11.0,6.0,2.0,17.156685,17.114248,16.287525,16.058699,16.968796,16.74667,16.734154,16.531605,16.121544,16.462847,15.384975,15.180449,17.583693,17.349136,16.786106,16.590286,15.689683,16.166061,0.0,0.0,0.0,4.0,0.0,0.0,0.0,4.0
44510,2023.0,11.0,6.0,2.0,17.103724,17.063667,16.232376,16.006596,16.912235,16.693258,16.676067,16.47656,15.508315,15.121044,15.615319,15.660591,17.54213,17.308884,16.728035,16.533611,15.208059,15.095956,0.0,0.0,0.0,0.0,4.0,0.0,0.0,0.0
44511,2023.0,11.0,6.0,2.0,17.053246,17.015408,16.180782,15.958007,16.858267,16.642399,16.620995,16.424372,15.23832,14.805618,15.711005,15.796804,17.500889,17.269144,17.700762,18.414738,14.99998,14.815718,0.0,0.0,0.0,0.0,4.0,0.0,4.0,0.0
44512,2023.0,11.0,6.0,2.0,16.999775,16.964552,16.126839,15.907372,16.802061,16.589224,16.562994,16.369558,15.357201,15.159782,15.449203,15.29427,17.456688,17.22676,16.871613,16.501741,15.013877,14.879274,0.0,0.0,0.0,0.0,0.0,0.0,0.0,0.0
44513,2023.0,11.0,6.0,2.0,16.944866,16.908499,16.071629,15.851329,16.74448,16.530737,16.503603,16.309254,15.377202,15.197402,15.580102,15.661004,17.411474,17.180803,16.403452,15.964441,15.003815,14.899046,0.0,0.0,0.0,0.0,4.0,0.0,0.0,0.0
44514,2023.0,11.0,6.0,3.0,16.895653,16.861364,16.023058,15.805164,16.692574,16.481384,16.450636,16.258686,15.328049,15.150005,15.3449,15.155992,17.370214,17.140934,16.273054,15.838159,15.006127,14.930959,0.0,0.0,0.0,0.0,0.0,0.0,0.0,0.0
44515,2023.0,11.0,6.0,3.0,16.847824,16.814749,15.976102,15.7599125,16.641954,16.432676,16.399422,16.209162,15.27858,15.101355,15.200603,15.002342,17.32998,17.101486,16.435575,16.265823,15.006304,14.952965,0.0,0.0,0.0,0.0,0.0,0.0,0.0,0.0
44516,2023.0,11.0,6.0,3.0,16.800459,16.767431,15.928916,15.712541,16.59139,16.382282,16.348396,16.158121,15.230468,15.053085,15.125323,14.924923,17.2902,17.061771,16.426657,16.236298,15.008833,14.978313,0.0,0.0,0.0,0.0,0.0,0.0,0.0,0.0
44517,2023.0,11.0,6.0,3.0,16.770142,16.752699,15.885086,15.670389,16.544012,16.336615,16.30066,16.111942,15.185537,15.0089,15.066702,14.86742,17.252117,17.024443,16.378874,16.189451,15.010759,14.994484,0.0,0.0,0.0,0.0,0.0,0.0,0.0,0.0
44518,2023.0,11.0,6.0,3.0,16.735777,16.724287,15.84435,15.63297,16.499578,16.295277,16.255955,16.0702,15.143461,14.968346,15.334417,15.418255,17.215628,16.989334,16.331701,16.143799,15.005342,14.995955,0.0,0.0,0.0,0.0,4.0,0.0,0.0,0.0
44519,2023.0,11.0,6.0,3.0,16.69633,16.685848,15.803583,15.593518,16.454939,16.252106,16.211302,16.026785,15.10234,14.9278965,15.124969,14.939976,17.179325,16.953743,16.284771,16.09769,15.007868,15.012253,0.0,0.0,0.0,0.0,0.0,0.0,0.0,0.0
44520,2023.0,11.0,6.0,4.0,16.655643,16.645079,15.762179,15.551779,16.409893,16.206997,16.166346,15.981581,15.061912,14.887375,15.000675,14.812936,17.143024,16.917519,16.23841,16.05168,15.013467,15.035688,0.0,0.0,0.0,0.0,0.0,0.0,0.0,0.0
44521,2023.0,11.0,6.0,4.0,16.618612,16.611061,15.726422,15.520544,16.370243,16.17171,16.126837,15.946248,15.02532,14.853277,15.00742,14.872763,17.109497,16.886303,16.195368,16.011288,15.579132,16.10225,0.0,0.0,0.0,0.0,0.0,0.0,0.0,4.0
44522,2023.0,11.0,6.0,4.0,16.580276,16.57377,15.688957,15.484889,16.329166,16.13242,16.086416,15.907212,14.999763,14.840281,15.005033,14.893127,17.07538,16.853231,16.152046,15.96922,14.987726,14.933598,0.0,0.0,0.0,0.0,0.0,0.0,0.0,0.0
44523,2023.0,11.0,6.0,4.0,16.541613,16.535215,15.651551,15.448503,16.288088,16.092321,16.046034,15.867496,15.004093,14.871858,15.006001,14.914791,17.041327,16.819765,16.109003,15.926809,15.314149,15.599462,0.0,0.0,0.0,0.0,0.0,0.0,0.0,4.0
44524,2023.0,11.0,6.0,4.0,16.5036,16.49738,15.615228,15.413451,16.248074,16.053581,16.00695,15.829272,15.536629,15.892167,15.006352,14.93188,17.008095,16.787415,16.067078,15.885713,14.950697,14.867582,0.0,0.0,0.0,4.0,0.0,0.0,0.0,0.0
44525,2023.0,11.0,6.0,4.0,16.465973,16.459034,15.579737,15.379096,16.208664,16.015404,15.968336,15.791633,15.170671,15.013018,15.006439,14.946168,16.97535,16.755527,16.026003,15.845553,15.026147,15.034066,0.0,0.0,0.0,0.0,0.0,0.0,0.0,0.0
44526,2023.0,11.0,6.0,5.0,16.428577,16.420797,15.544904,15.345333,16.169806,15.9777355,15.930194,15.754463,15.570553,15.925976,15.006918,14.95936,16.943005,16.724035,15.985708,15.806173,15.014723,15.0243,0.0,0.0,0.0,4.0,0.0,0.0,0.0,0.0
44527,2023.0,11.0,6.0,5.0,16.392273,16.38384,15.511033,15.312707,16.131752,15.941121,15.892854,15.718372,14.959072,14.703386,15.007373,14.971199,16.911167,16.693176,15.946435,15.768128,15.563749,16.07856,0.0,0.0,0.0,0.0,0.0,0.0,0.0,4.0
44528,2023.0,11.0,6.0,5.0,16.355888,16.346703,15.477345,15.279907,16.093853,15.904246,15.856136,15.682263,15.029963,14.896867,15.143398,15.229368,16.879433,16.662241,15.907371,15.729834,14.942161,14.838451,0.0,0.0,0.0,0.0,4.0,0.0,0.0,0.0
44529,2023.0,11.0,6.0,5.0,16.31855,16.307705,15.443548,15.246055,16.055561,15.866113,15.819153,15.64508,15.010336,14.882169,14.971414,14.911104,16.847443,16.63043,15.8682995,15.690998,15.332657,15.6283045,0.0,0.0,0.0,0.0,0.0,0.0,0.0,4.0
44530,2023.0,11.0,6.0,5.0,16.282372,16.27104,15.41088,15.214174,16.018518,15.830027,15.783557,15.610016,15.004698,14.905868,15.129301,15.221228,16.816296,16.600067,15.830351,15.653787,14.961563,14.8924675,0.0,0.0,0.0,0.0,4.0,0.0,0.0,0.0
44531,2023.0,11.0,6.0,5.0,16.245363,16.232561,15.376692,15.1785755,15.979842,15.79029,15.746368,15.571482,15.007576,14.94039,15.010325,14.955036,16.784542,16.568178,15.792029,15.615371,15.030977,15.077618,0.0,0.0,0.0,0.0,0.0,0.0,0.0,0.0
44532,2023.0,11.0,6.0,6.0,16.211441,16.199831,15.347318,15.152422,15.9459,15.759719,15.713613,15.541758,15.005603,14.952586,15.117219,15.207527,16.755173,16.540848,15.756498,15.582038,15.565963,16.089226,0.0,0.0,0.0,0.0,4.0,0.0,0.0,4.0
44533,2023.0,11.0,6.0,6.0,20.999823,24.601067,15.3179035,15.125531,20.905838,24.442045,21.089518,24.968054,15.006679,14.971153,19.70615,22.735224,20.538319,22.97144,21.022755,24.48069,19.637787,22.977295,0.0,0.0,4.0,0.0,0.0,0.0,0.0,0.0
44534,2023.0,11.0,6.0,6.0,20.993574,23.999302,15.29365,15.100371,21.012917,24.044836,21.019753,24.215622,15.006396,14.983049,17.599554,18.27102,21.094803,23.7477,21.953695,25.685566,16.694296,16.68708,0.0,0.0,0.0,0.0,4.0,0.0,0.0,0.0
44535,2023.0,11.0,6.0,6.0,21.094555,23.851936,15.270196,15.076904,21.070751,23.745806,21.11941,23.956358,15.281604,15.139862,20.26296,23.463665,21.07348,23.372833,22.807077,26.726088,15.974036,16.247395,0.0,4.0,0.0,0.0,0.0,0.0,0.0,4.0
44536,2023.0,11.0,6.0,6.0,21.073534,23.50753,15.248317,15.054621,21.085152,23.533117,21.102985,23.618477,14.992678,14.887635,18.015665,18.604006,21.070925,23.132942,22.048944,25.051872,20.35948,23.876135,0.0,0.0,0.0,0.0,4.0,0.0,0.0,0.0
44537,2023.0,11.0,6.0,6.0,21.099644,23.386446,15.226123,15.032731,21.100187,23.33501,21.080412,23.401646,15.491856,15.8569975,20.318352,23.18873,21.06804,22.957151,20.948284,22.798193,17.721561,18.176264,0.0,0.0,0.0,4.0,4.0,0.0,0.0,4.0
44538,2023.0,11.0,6.0,7.0,21.066776,23.159882,15.686831,15.9105,21.071554,23.096552,21.080906,23.274343,20.614191,24.571114,20.058115,22.353071,21.065931,22.827385,21.092182,23.041315,21.834682,25.929321,4.0,4.0,0.0,0.0,0.0,0.0,0.0,4.0
44539,2023.0,11.0,6.0,7.0,21.734919,24.032667,20.212246,23.624063,22.020477,24.477337,21.48227,23.755817,18.055706,18.857677,17.597105,17.406767,21.448635,23.2995,21.880198,24.187937,19.862942,21.964157,0.0,0.0,4.0,4.0,0.0,4.0,4.0,4.0
44540,2023.0,11.0,6.0,7.0,21.051704,22.893316,17.765602,18.25015,20.908018,22.416868,21.07093,23.03428,20.356447,23.458164,16.551613,16.301775,21.019157,22.504448,21.010834,22.657486,20.13379,22.364145,0.0,4.0,0.0,4.0,0.0,4.0,0.0,0.0
44541,2023.0,11.0,6.0,7.0,21.067675,22.88102,16.2316,16.140846,21.095915,22.771677,21.072926,22.93347,20.03253,22.463842,16.707428,16.825287,21.056616,22.508204,21.096153,22.803473,17.63144,17.414724,0.0,4.0,4.0,4.0,4.0,4.0,0.0,0.0
44542,2023.0,11.0,6.0,7.0,21.064346,22.836697,16.376743,16.59819,21.065044,22.690472,21.073204,22.875198,20.161318,22.470596,20.374105,23.213507,21.051485,22.445665,21.045973,22.651789,16.388899,15.9207,4.0,4.0,4.0,4.0,4.0,4.0,4.0,0.0
44543,2023.0,11.0,6.0,7.0,21.928764,24.15399,20.324284,23.43745,21.16518,22.8678,21.166058,23.033566,21.0188,23.662374,20.052044,22.289164,21.618254,23.322603,21.193302,22.95755,15.98118,15.520511,4.0,4.0,0.0,4.0,0.0,0.0,0.0,0.0
44544,2023.0,11.0,6.0,8.0,21.659245,23.61541,20.044916,22.46021,21.973593,24.223757,22.16738,24.609905,20.089762,21.981136,17.634476,17.415874,21.80544,23.54931,22.02432,24.29858,15.957422,15.76107,0.0,4.0,0.0,0.0,0.0,0.0,4.0,0.0
44545,2023.0,11.0,6.0,8.0,20.054165,20.372465,17.638996,17.558561,20.001627,20.187445,19.619703,19.50784,18.418003,18.649668,17.003328,17.082178,19.685575,19.361832,19.650755,19.435225,15.859317,15.697294,0.0,4.0,0.0,4.0,4.0,0.0,0.0,0.0
44546,2023.0,11.0,6.0,8.0,19.362429,19.50995,16.867075,16.55221,19.169058,19.085758,18.675629,18.333778,20.589128,22.75184,20.352047,22.941198,18.807613,18.169046,19.503036,19.790602,16.701708,17.406797,0.0,4.0,0.0,4.0,4.0,0.0,4.0,4.0
44547,2023.0,11.0,6.0,8.0,19.058628,19.240736,16.633585,16.39288,18.829926,18.772823,18.286388,18.03389,21.101086,23.647282,20.052979,22.1065,18.734383,18.427893,18.582045,18.166409,20.910116,24.508665,0.0,4.0,0.0,0.0,0.0,0.0,0.0,0.0
44548,2023.0,11.0,6.0,8.0,18.814325,19.010633,16.420479,16.185114,17.950205,17.373243,17.947916,17.702827,18.44035,18.243877,17.773531,17.546486,19.366648,19.81033,18.849545,19.207933,18.227283,18.719557,0.0,0.0,0.0,0.0,0.0,4.0,4.0,4.0
44549,2023.0,11.0,6.0,8.0,17.995401,17.6214,16.73521,16.89291,18.167625,18.067463,17.717445,17.467657,17.352911,16.78779,17.075766,16.76908,18.409979,17.933271,17.93218,17.49185,20.414919,22.772116,4.0,4.0,0.0,0.0,0.0,0.0,0.0,4.0
44550,2023.0,11.0,6.0,9.0,17.495378,17.04345,20.223278,23.07261,17.568056,17.008118,17.488342,17.243868,17.147255,16.875263,16.838343,16.583887,18.611778,18.72953,18.369366,18.775812,20.029062,22.014412,0.0,0.0,0.0,0.0,0.0,4.0,4.0,4.0
44551,2023.0,11.0,6.0,9.0,17.256104,16.825813,18.083637,18.4717,17.778456,17.727045,17.292263,17.05505,16.939222,16.722498,16.582867,16.352077,18.047544,17.595348,18.541147,18.953667,20.101334,22.086994,0.0,4.0,0.0,0.0,0.0,0.0,4.0,0.0
44552,2023.0,11.0,6.0,9.0,17.067451,16.656818,16.733341,16.606949,17.246874,16.732645,17.827724,18.210999,16.694311,16.495401,16.368763,16.153194,17.626583,17.103495,17.543043,17.142958,17.815557,17.605515,0.0,0.0,4.0,0.0,0.0,0.0,0.0,0.0
44553,2023.0,11.0,6.0,9.0,17.232195,17.136402,16.440569,16.229092,16.913605,16.312302,17.363373,17.29869,16.514494,16.321043,16.215284,16.005365,17.469034,16.946587,17.132374,16.665401,16.931911,16.450531,0.0,0.0,0.0,0.0,0.0,0.0,0.0,0.0
44554,2023.0,11.0,6.0,9.0,17.214474,17.171925,16.772196,16.977476,16.754753,16.175125,16.750656,16.254019,16.359505,16.178663,16.084417,15.887205,17.629477,17.395182,16.942242,16.494366,17.508558,17.862976,4.0,0.0,0.0,0.0,0.0,0.0,0.0,4.0
44555,2023.0,11.0,6.0,9.0,17.138554,17.107586,20.263044,23.073362,16.901318,16.620169,16.503654,15.968859,16.226484,16.055874,16.380342,16.552212,17.630207,17.430452,17.840218,18.337019,20.3219,22.829407,4.0,0.0,0.0,0.0,4.0,0.0,4.0,0.0
44556,2023.0,11.0,6.0,10.0,17.821493,18.477112,20.09093,22.36477,16.920197,16.70858,16.613161,16.359915,16.090788,15.929518,20.45751,23.376003,17.570137,17.37779,17.16816,16.829275,17.806892,17.680857,0.0,0.0,0.0,0.0,0.0,0.0,0.0,0.0
44557,2023.0,11.0,6.0,10.0,18.077915,18.784285,18.149635,18.369328,17.552225,17.977499,17.345287,17.780148,15.975939,15.824592,18.04638,18.41965,17.514336,17.329237,16.722862,16.33462,16.603176,16.221981,4.0,4.0,4.0,0.0,0.0,0.0,0.0,0.0
44558,2023.0,11.0,6.0,10.0,17.826656,18.255993,20.250092,22.380621,17.770515,18.296247,16.948555,16.944447,15.89506,15.749715,17.37392,17.53106,17.474068,17.294804,16.590517,16.210115,16.511118,16.318085,0.0,4.0,0.0,0.0,4.0,0.0,0.0,0.0
44559,2023.0,11.0,6.0,10.0,17.076103,16.934412,18.114727,18.050959,17.54049,17.796797,16.360088,15.9824295,15.814958,15.67868,20.402933,22.754604,17.43425,17.26225,17.780863,18.589855,16.387339,16.234386,0.0,4.0,0.0,0.0,0.0,0.0,4.0,0.0
44560,2023.0,11.0,6.0,10.0,17.433147,17.834063,17.576643,17.792147,16.790272,16.46192,16.820412,16.999578,15.742993,15.613763,18.328138,18.606306,17.39921,17.23397,17.038809,16.795177,16.226429,16.08608,4.0,0.0,4.0,0.0,0.0,0.0,0.0,0.0
44561,2023.0,11.0,6.0,10.0,16.928102,16.836473,20.290068,22.624216,16.495232,16.072638,16.356977,16.065687,15.689578,15.565087,17.37708,17.179462,17.373539,17.21427,16.6756,16.331411,16.108953,15.97481,0.0,0.0,0.0,0.0,0.0,0.0,0.0,0.0
44562,2023.0,11.0,6.0,11.0,16.579617,16.385159,18.44623,18.7907,16.37265,15.970307,16.743608,16.969032,15.636907,15.519075,17.05384,16.858644,17.347876,17.195415,16.539648,16.209902,15.9892,15.86444,0.0,0.0,4.0,0.0,0.0,0.0,0.0,0.0
44563,2023.0,11.0,6.0,11.0,16.47419,16.276838,17.513683,17.384008,16.99867,17.229593,16.29177,16.050621,15.595151,15.479657,16.86997,16.675411,17.326355,17.177805,16.45009,16.129961,15.897841,15.775747,0.0,4.0,0.0,0.0,0.0,0.0,0.0,0.0
44564,2023.0,11.0,6.0,11.0,16.60198,16.615623,17.219141,17.06408,16.54299,16.306772,16.048534,15.705937,15.55682,15.444648,16.721298,16.536911,17.306253,17.161991,16.537817,16.38918,16.796267,17.550179,0.0,0.0,0.0,0.0,0.0,0.0,0.0,4.0
44565,2023.0,11.0,6.0,11.0,16.614658,16.668762,17.017397,16.867989,16.97633,17.227406,15.962111,15.627496,15.522099,15.413033,16.595755,16.42085,17.287935,17.147913,16.537703,16.414423,20.256903,23.428001,0.0,4.0,0.0,0.0,0.0,0.0,0.0,0.0
44566,2023.0,11.0,6.0,11.0,16.58868,16.661266,16.82572,16.685555,17.201973,17.532568,16.063297,15.913047,15.485938,15.3800535,16.4674,16.302881,17.269066,17.133348,16.499027,16.38143,17.556238,17.67661,0.0,4.0,0.0,0.0,0.0,0.0,0.0,0.0
44567,2023.0,11.0,6.0,11.0,16.552841,16.630236,16.682762,16.53719,17.232964,17.57713,16.08588,15.979314,15.455298,15.350316,16.365788,16.201153,17.250849,17.115944,16.460682,16.34476,16.565,16.243433,0.0,4.0,0.0,0.0,0.0,0.0,0.0,0.0
44568,2023.0,11.0,6.0,12.0,16.518206,16.602709,16.569756,16.439299,17.249445,17.602001,16.808647,17.369772,15.429087,15.328328,16.282799,16.130253,17.235168,17.103642,16.426146,16.315151,16.462563,16.308115,0.0,4.0,4.0,0.0,0.0,0.0,0.0,0.0
44569,2023.0,11.0,6.0,12.0,21.163923,24.802547,16.466017,16.34373,21.283888,24.581116,21.084524,24.642868,15.403109,15.30482,16.205425,16.059813,21.374134,24.197077,21.867441,25.543829,16.327944,16.194735,0.0,4.0,0.0,0.0,0.0,0.0,0.0,0.0
44570,2023.0,11.0,6.0,12.0,20.9907,23.907919,16.356016,16.241753,21.013142,23.616436,21.03182,23.99313,15.377586,15.2818985,16.523863,16.734083,20.963484,23.211954,22.359531,25.955923,16.182392,16.05684,0.0,4.0,0.0,0.0,4.0,0.0,0.0,0.0
44571,2023.0,11.0,6.0,12.0,21.152042,23.913057,16.72384,17.020552,21.152048,23.600851,21.14687,23.861399,15.357752,15.265323,20.274347,23.183273,21.12365,23.248743,21.74656,24.516775,16.064857,15.947188,4.0,4.0,0.0,0.0,0.0,0.0,0.0,0.0
44572,2023.0,11.0,6.0,12.0,21.966883,24.883778,20.310083,23.226599,21.290648,23.539906,21.146862,23.64719,15.343088,15.254251,18.137005,18.543484,21.799257,24.163105,21.06218,23.028444,15.969297,15.8589115,0.0,4.0,0.0,0.0,0.0,0.0,0.0,0.0
44573,2023.0,11.0,6.0,12.0,21.08392,23.303543,18.195843,18.674227,20.984024,22.859734,21.077394,23.354425,15.332965,15.247924,16.832588,16.734549,20.951708,22.44754,21.083181,22.983957,15.8907585,15.787719,0.0,0.0,0.0,0.0,0.0,0.0,0.0,0.0
44574,2023.0,11.0,6.0,13.0,21.080105,23.185469,16.866846,16.822695,21.07112,22.933535,21.07292,23.236065,15.324326,15.243195,16.559242,16.420574,21.03971,22.529638,21.062283,22.875261,15.822992,15.725604,0.0,4.0,0.0,0.0,0.0,4.0,0.0,0.0
44575,2023.0,11.0,6.0,13.0,21.165792,23.256647,16.571894,16.46859,21.163006,23.068789,21.156939,23.305891,15.314524,15.235731,16.423887,16.283442,21.135845,22.657513,21.136908,22.957815,15.764123,15.6714945,0.0,0.0,0.0,0.0,0.0,0.0,0.0,0.0
44576,2023.0,11.0,6.0,13.0,21.027464,22.928446,16.930265,17.275806,21.065432,22.818287,21.059662,23.05356,15.304702,15.228501,16.323645,16.19516,21.053555,22.42294,21.014397,22.6444,15.714363,15.627453,4.0,0.0,0.0,0.0,0.0,0.0,4.0,0.0
44577,2023.0,11.0,6.0,13.0,21.164816,23.171585,20.261131,23.045586,21.16293,22.970572,21.160309,23.207355,15.294732,15.221136,16.231558,16.108747,21.126694,22.517813,21.190792,22.975697,15.669007,15.587437,0.0,0.0,0.0,0.0,0.0,0.0,0.0,0.0
44578,2023.0,11.0,6.0,13.0,21.075577,22.946875,18.235954,18.706062,21.062153,22.758112,21.070002,22.985468,15.285808,15.214589,16.154753,16.037954,21.048868,22.342348,21.070858,22.689257,15.627686,15.549977,0.0,0.0,0.0,0.0,0.0,0.0,0.0,0.0
44579,2023.0,11.0,6.0,13.0,21.074692,22.908333,16.932924,16.899612,21.037668,22.678844,21.068504,22.95067,15.276445,15.207575,16.08642,15.973107,21.049232,22.325375,21.070251,22.651829,15.589869,15.515301,0.0,4.0,0.0,0.0,0.0,0.0,0.0,0.0
44580,2023.0,11.0,6.0,14.0,21.128498,23.001484,16.630943,16.54021,21.149681,22.889784,21.140207,23.05852,15.266388,15.199876,16.023458,15.913051,21.100592,22.406538,21.122677,22.740139,15.555834,15.484753,0.0,0.0,0.0,0.0,0.0,0.0,0.0,0.0
44581,2023.0,11.0,6.0,14.0,19.495882,19.835812,16.491562,16.420992,19.805841,20.221645,19.390152,19.652071,15.256288,15.192547,15.972723,15.871976,19.788246,19.851923,19.502161,19.59309,15.527,15.461204,0.0,4.0,0.0,0.0,0.0,0.0,0.0,0.0
44582,2023.0,11.0,6.0,14.0,18.749504,18.803629,16.381866,16.305046,19.291756,19.552382,19.25563,19.798388,15.245124,15.18307,15.925533,15.826449,19.237316,19.06805,18.813877,18.656,15.49974,15.435788,0.0,4.0,4.0,0.0,0.0,0.0,0.0,0.0
44583,2023.0,11.0,6.0,14.0,18.454597,18.516018,16.292635,16.2222,18.476736,18.218752,18.542345,18.588259,15.232383,15.17259,15.882745,15.788957,19.025114,18.864151,18.524712,18.377192,15.473166,15.412599,0.0,0.0,0.0,0.0,0.0,0.0,0.0,0.0
44584,2023.0,11.0,6.0,14.0,18.215715,18.27361,16.209604,16.139849,18.057878,17.719349,17.897722,17.61629,15.216872,15.158587,15.839553,15.748435,18.848415,18.689999,18.288033,18.14207,15.4447365,15.386011,0.0,0.0,0.0,0.0,0.0,0.0,0.0,0.0
44585,2023.0,11.0,6.0,14.0,18.031258,18.100185,16.139517,16.075691,17.834618,17.5162,17.615055,17.332632,15.200586,15.144525,15.799996,15.713802,18.706171,18.559809,19.155094,19.962494,15.416968,15.361288,0.0,0.0,0.0,0.0,0.0,0.0,4.0,0.0
44586,2023.0,11.0,6.0,15.0,18.605856,19.327642,16.074244,16.014027,17.804903,17.659374,17.561192,17.443928,15.183002,15.128843,15.760683,15.678248,18.577686,18.439026,18.223585,18.083786,15.38815,15.334791,0.0,0.0,0.0,0.0,0.0,0.0,0.0,0.0
44587,2023.0,11.0,6.0,15.0,18.050196,18.236294,16.011457,15.951396,18.41665,18.930954,17.447401,17.364134,15.162851,15.108467,15.71969,15.638104,18.459316,18.323923,17.782932,17.512938,15.356955,15.30361,0.0,4.0,0.0,0.0,0.0,0.0,0.0,0.0
44588,2023.0,11.0,6.0,15.0,17.574053,17.491804,15.953515,15.893766,17.768349,17.656307,17.309404,17.229763,15.142082,15.08754,15.679035,15.598328,18.353277,18.221865,17.586363,17.318586,15.325466,15.272242,0.0,0.0,0.0,0.0,0.0,0.0,0.0,0.0
44589,2023.0,11.0,6.0,15.0,18.108261,18.65261,15.899481,15.839617,18.06708,18.386093,17.18289,17.104681,15.120468,15.065811,15.638709,15.558676,18.256304,18.12804,17.557272,17.42578,15.293873,15.240671,0.0,4.0,0.0,0.0,0.0,0.0,0.0,0.0
44590,2023.0,11.0,6.0,15.0,18.186172,18.753666,15.84958,15.78995,17.477156,17.275003,17.068754,16.992693,15.09838,15.043884,15.599202,15.520199,18.168024,18.043264,17.469927,17.357277,15.262632,15.209755,0.0,0.0,0.0,0.0,0.0,0.0,0.0,0.0
44591,2023.0,11.0,6.0,15.0,18.175062,18.744772,15.80329,15.744161,17.187218,16.902046,17.694525,18.261293,15.076469,15.022421,15.560493,15.482846,18.08717,17.966143,17.366604,17.260056,15.231845,15.179573,0.0,0.0,4.0,0.0,0.0,0.0,0.0,0.0
44592,2023.0,11.0,6.0,16.0,17.502483,17.503662,15.759417,15.700104,17.745632,18.070244,17.202986,17.251575,15.054515,15.000805,15.522024,15.445306,18.0114,17.89295,17.268291,17.165329,15.201368,15.149443,0.0,4.0,0.0,0.0,0.0,0.0,0.0,0.0
44593,2023.0,11.0,6.0,16.0,17.212135,17.123442,16.193459,16.54652,17.220915,17.0438,16.777443,16.56296,15.822318,16.46654,15.48314,15.406266,17.94007,17.823305,18.261877,19.12705,15.170858,15.118436,4.0,0.0,0.0,4.0,0.0,0.0,4.0,0.0
44594,2023.0,11.0,6.0,16.0,17.782845,18.312649,20.151108,23.328424,17.605467,17.902239,16.591425,16.338331,20.16807,23.844337,15.442654,15.364366,17.871073,17.754583,17.387213,17.262812,15.137655,15.081409,0.0,4.0,0.0,0.0,0.0,0.0,0.0,0.0
44595,2023.0,11.0,6.0,16.0,17.964935,18.523935,17.999407,18.593979,17.788397,18.152395,17.328531,17.851696,17.78906,18.513138,15.798184,16.064276,18.599735,19.201233,16.90499,16.673212,15.101015,15.042277,0.0,4.0,4.0,4.0,4.0,4.0,0.0,0.0
44596,2023.0,11.0,6.0,16.0,17.31619,17.30992,17.3084,17.662106,17.77734,18.136282,16.77795,16.681381,21.01788,24.017673,20.210073,23.628885,18.049501,18.02112,16.77321,16.527782,15.0677185,15.00591,4.0,4.0,0.0,0.0,0.0,0.0,0.0,0.0
44597,2023.0,11.0,6.0,16.0,17.68197,18.209871,20.307314,22.98279,17.754005,18.106262,16.35539,16.111525,18.733856,19.353764,17.82571,18.365278,17.583132,17.311226,16.665245,16.419344,15.945143,16.683928,4.0,4.0,0.0,4.0,0.0,0.0,0.0,4.0
44598,2023.0,11.0,6.0,17.0,17.204922,17.191633,20.028347,22.142054,17.727747,18.072733,16.906317,17.23814,20.315245,22.830935,16.70202,16.968254,18.193983,18.58764,16.700768,16.585835,20.348597,24.090372,4.0,4.0,4.0,0.0,4.0,4.0,0.0,0.0
44599,2023.0,11.0,6.0,17.0,16.840523,16.715155,20.14617,22.176838,17.697798,18.032188,17.128769,17.498062,18.458158,18.959885,20.309868,23.306799,17.675308,17.419554,16.680758,16.576899,17.24695,17.446964,4.0,4.0,4.0,4.0,0.0,0.0,0.0,0.0
44600,2023.0,11.0,6.0,17.0,16.7026,16.560883,20.064684,21.867052,17.665966,17.989494,17.144686,17.5007,20.312355,22.721575,18.049772,18.458015,17.350464,17.02693,16.620827,16.515125,15.805843,15.607903,4.0,4.0,4.0,0.0,0.0,0.0,0.0,0.0
44601,2023.0,11.0,6.0,17.0,17.566893,18.283047,20.064371,21.758945,17.63324,17.945911,17.148712,17.49238,17.984703,17.996899,16.69191,16.600058,17.240679,16.906519,16.559298,16.450396,15.627283,15.5257435,4.0,4.0,4.0,0.0,0.0,0.0,0.0,0.0
44602,2023.0,11.0,6.0,17.0,17.669724,18.198818,20.063095,21.674902,17.59963,17.901236,17.14391,17.47536,16.755287,16.438536,16.37236,16.24091,17.338638,17.184128,17.529722,18.325644,15.528012,15.438717,4.0,4.0,4.0,0.0,0.0,0.0,4.0,0.0
44603,2023.0,11.0,6.0,17.0,17.612988,18.114426,20.062347,21.61033,17.566965,17.857683,16.521605,16.315855,16.538774,16.373732,16.188478,16.051641,17.346363,17.20005,16.78734,16.5801,15.419715,15.331401,4.0,4.0,0.0,0.0,0.0,0.0,0.0,0.0
44604,2023.0,11.0,6.0,18.0,17.611622,18.09954,20.061728,21.558989,17.533997,17.813726,16.144487,15.8131275,16.377695,16.23643,16.458294,16.688362,17.301155,17.15171,17.425743,18.08716,16.23997,16.957075,4.0,4.0,0.0,0.0,4.0,0.0,4.0,4.0
44605,2023.0,11.0,6.0,18.0,21.302622,24.50079,20.061255,21.516739,21.295473,24.348808,20.914223,24.21747,16.197796,16.061546,20.30909,23.147346,22.00568,25.138186,21.275816,24.566668,21.172834,25.201391,4.0,4.0,0.0,0.0,0.0,4.0,0.0,4.0
44606,2023.0,11.0,6.0,18.0,21.016552,23.54747,20.059666,21.47601,21.016508,23.408516,21.02773,23.876059,16.042412,15.910986,18.020533,18.385754,20.926283,22.949984,22.13775,25.504545,19.88924,22.402145,4.0,4.0,0.0,0.0,0.0,0.0,0.0,0.0
44607,2023.0,11.0,6.0,18.0,21.073359,23.397017,20.059254,21.44325,21.07601,23.261614,21.063322,23.597286,15.91404,15.788534,16.654196,16.533705,21.067677,22.963577,20.92471,22.973047,17.388336,17.347794,4.0,4.0,4.0,0.0,0.0,4.0,0.0,0.0
44608,2023.0,11.0,6.0,18.0,21.06282,23.196728,20.058653,21.416073,21.089235,23.1247,21.057531,23.369678,15.803508,15.682405,16.350727,16.202915,21.078026,22.825054,21.105883,23.160843,17.192728,17.751232,4.0,0.0,4.0,0.0,0.0,0.0,0.0,4.0
44609,2023.0,11.0,6.0,18.0,21.088432,23.137794,20.058617,21.394321,21.084225,22.978172,21.075165,23.21978,16.53118,17.146809,16.181446,16.036345,21.073278,22.678715,21.066156,22.98189,20.346525,23.202988,4.0,0.0,4.0,4.0,0.0,0.0,0.0,4.0
44610,2023.0,11.0,6.0,19.0,21.056068,22.952179,20.058376,21.374891,21.058811,22.805904,21.070656,23.078367,20.363249,23.64863,16.043877,15.901319,21.071846,22.572754,21.06931,22.909739,20.021528,22.277052,4.0,4.0,4.0,0.0,0.0,0.0,0.0,4.0
44611,2023.0,11.0,6.0,19.0,21.059822,22.88506,20.058182,21.357216,21.062391,22.74023,21.069317,22.975863,17.471312,17.499111,16.309786,16.501677,21.026066,22.416105,21.067675,22.845026,20.063538,22.162706,4.0,4.0,4.0,0.0,4.0,4.0,0.0,4.0
44612,2023.0,11.0,6.0,19.0,21.058453,22.824982,20.058231,21.340439,21.060926,22.681793,21.092134,22.961956,16.09127,15.758502,20.458836,23.432384,21.076584,22.47182,21.066942,22.794392,21.100248,23.766367,4.0,4.0,0.0,0.0,0.0,0.0,0.0,0.0
44613,2023.0,11.0,6.0,19.0,21.0838,22.84932,20.07486,21.369133,21.060183,22.635595,21.06106,22.811352,15.992011,15.843252,17.99903,18.35321,21.039345,22.324429,21.066025,22.75265,18.531187,18.480164,0.0,4.0,4.0,0.0,0.0,4.0,0.0,0.0
44614,2023.0,11.0,6.0,19.0,21.051771,22.722649,18.767424,18.825163,21.05951,22.59706,21.090168,22.836355,15.915708,15.781713,16.629013,16.508905,21.04418,22.297813,21.027035,22.615324,17.007547,16.604534,4.0,4.0,0.0,0.0,0.0,4.0,4.0,0.0
44615,2023.0,11.0,6.0,19.0,21.083075,22.77269,20.226084,21.843792,21.058908,22.564066,21.083906,22.777796,15.795901,15.660379,16.322779,16.161644,21.043312,22.267256,21.04904,22.611025,16.563915,16.155697,4.0,4.0,0.0,0.0,0.0,4.0,4.0,0.0
44616,2023.0,11.0,6.0,20.0,21.050354,22.655867,20.033852,21.365633,21.083187,22.603695,21.083994,22.739191,15.689312,15.55243,16.141476,15.980652,21.072466,22.318644,21.045938,22.57091,17.527946,18.268456,4.0,0.0,0.0,0.0,0.0,0.0,4.0,4.0
44617,2023.0,11.0,6.0,20.0,21.082203,22.716173,20.06138,21.363918,21.052666,22.492779,21.039963,22.636818,16.352661,16.881042,15.997313,15.831723,21.037455,22.200418,21.08467,22.647102,20.3154,22.914515,4.0,4.0,4.0,4.0,0.0,4.0,0.0,4.0
44618,2023.0,11.0,6.0,20.0,21.075806,22.6769,20.075518,21.368937,21.057768,22.480967,21.046919,22.652443,20.453493,23.710876,15.8732,15.705638,21.04249,22.192083,21.076544,22.596853,20.025673,22.081713,0.0,4.0,4.0,0.0,0.0,4.0,0.0,4.0
44619,2023.0,11.0,6.0,20.0,21.049393,22.57741,18.740944,18.762615,21.08177,22.529587,21.089502,22.716497,17.422157,17.4076,15.768776,15.603023,21.071295,22.251698,21.076653,22.565733,20.094194,22.06729,4.0,0.0,0.0,0.0,0.0,0.0,0.0,0.0
44620,2023.0,11.0,6.0,20.0,21.080448,22.641994,20.223175,21.825815,21.076311,22.495558,21.056778,22.59576,16.003057,15.62586,15.6715,15.502386,21.066042,22.217615,21.076082,22.537792,17.869316,17.651024,4.0,0.0,4.0,0.0,0.0,0.0,0.0,0.0
44621,2023.0,11.0,6.0,20.0,21.047897,22.538288,20.033543,21.346388,21.051311,22.404669,21.062166,22.58146,16.760773,17.341417,15.58317,15.412248,21.036364,22.118979,21.059881,22.513763,16.772486,16.342768,4.0,4.0,4.0,4.0,0.0,4.0,0.0,0.0
44622,2023.0,11.0,6.0,21.0,21.05367,22.537592,20.061937,21.341698,21.0563,22.401424,21.086298,22.629253,20.342318,23.337046,15.505777,15.333829,21.07092,22.19561,21.022955,22.413982,17.373304,17.795877,4.0,4.0,0.0,4.0,0.0,0.0,4.0,4.0
44623,2023.0,11.0,6.0,21.0,21.052544,22.523777,20.058115,21.293385,21.05556,22.389141,21.080837,22.594818,20.025974,22.328577,15.828921,15.998732,21.065113,22.165821,21.045746,22.435303,20.41724,22.903349,4.0,4.0,0.0,4.0,4.0,0.0,4.0,0.0
44624,2023.0,11.0,6.0,21.0,21.1666,22.758535,20.15734,21.475578,21.179695,22.62691,21.165709,22.72195,21.268358,24.115416,20.430332,23.626135,21.142561,22.286041,21.22982,22.788038,18.450043,18.849184,0.0,4.0,4.0,0.0,0.0,4.0,4.0,4.0
44625,2023.0,11.0,6.0,21.0,21.046022,22.477127,18.76046,18.741173,21.054813,22.36446,21.084833,22.561003,18.523195,18.451023,17.841879,18.230719,21.069927,22.150774,21.042692,22.397179,20.382717,22.610962,4.0,4.0,0.0,0.0,0.0,0.0,4.0,4.0
44626,2023.0,11.0,6.0,21.0,21.07841,22.548925,20.230099,21.794,21.054733,22.354006,21.053982,22.459955,16.868006,16.38422,16.34054,16.177498,21.064426,22.125982,21.081995,22.490923,20.055172,21.914326,0.0,4.0,4.0,0.0,0.0,0.0,0.0,0.0
44627,2023.0,11.0,6.0,21.0,21.0724,22.520525,18.426632,18.1754,21.079607,22.41269,21.084267,22.527237,16.699455,16.479631,16.046711,15.865027,21.06463,22.113073,21.03473,22.348742,17.891079,17.62931,0.0,0.0,0.0,0.0,0.0,0.0,4.0,0.0
44628,2023.0,11.0,6.0,22.0,21.072758,22.50543,18.13063,18.27769,21.048485,22.314842,21.07813,22.499355,16.56311,16.377676,16.263044,16.40487,21.04712,22.100462,21.082142,22.459171,17.79069,18.195566,4.0,4.0,0.0,0.0,4.0,0.0,0.0,4.0
44629,2023.0,11.0,6.0,22.0,21.050613,22.485247,20.214075,22.02962,21.051247,22.310373,21.176392,22.719906,17.024338,17.427067,20.339428,23.198149,21.016127,22.032578,21.185137,22.646599,21.222454,24.04178,4.0,4.0,0.0,4.0,0.0,4.0,0.0,4.0
44630,2023.0,11.0,6.0,22.0,21.056316,22.50837,20.054327,21.524284,21.053703,22.306866,21.060404,22.493067,20.410685,23.144136,17.933062,18.23486,21.07154,22.142128,21.034037,22.296667,19.89892,21.392736,0.0,4.0,0.0,4.0,0.0,0.0,4.0,4.0
44631,2023.0,11.0,6.0,22.0,21.029064,22.438332,18.276926,17.99621,21.078804,22.367798,21.03566,22.427704,20.02692,22.149445,16.816446,16.902363,21.063883,22.104795,21.08116,22.412254,20.110657,21.76352,0.0,0.0,4.0,4.0,4.0,0.0,0.0,0.0
44632,2023.0,11.0,6.0,22.0,21.061056,22.528048,17.55831,17.283924,21.07336,22.34198,21.040766,22.444605,21.02559,23.51782,20.47015,23.165028,21.064356,22.087004,21.07242,22.381496,18.041595,17.715694,0.0,0.0,4.0,4.0,4.0,0.0,0.0,0.0
44633,2023.0,11.0,6.0,22.0,21.047003,22.439833,17.393066,17.140469,21.048498,22.258184,21.085287,22.51623,19.901997,21.360685,20.00871,22.127262,21.046583,22.07096,21.033716,22.263601,17.789894,17.993393,0.0,4.0,0.0,0.0,4.0,0.0,4.0,4.0
44634,2023.0,11.0,6.0,23.0,21.076834,22.494797,17.217201,16.962347,21.078718,22.330713,21.05247,22.399399,18.47284,18.587713,20.091105,22.037127,21.0486,22.085117,21.041052,22.275541,22.194378,25.48358,0.0,0.0,4.0,4.0,4.0,0.0,4.0,0.0
44635,2023.0,11.0,6.0,23.0,19.87097,20.129425,17.065226,16.807896,19.353367,19.013556,19.226416,18.908697,17.263107,16.840933,18.131584,18.098394,19.804981,19.700132,19.22755,18.833893,18.884789,18.797356,0.0,0.0,0.0,0.0,4.0,0.0,0.0,0.0
44636,2023.0,11.0,6.0,23.0,18.76181,18.317106,16.95429,16.69056,18.885206,18.559612,18.343502,17.650007,17.35884,17.341465,17.008905,16.412258,20.077843,20.510216,18.507448,17.932503,17.94167,17.695152,0.0,0.0,0.0,4.0,0.0,4.0,0.0,0.0
44637,2023.0,11.0,6.0,23.0,18.320307,17.81259,16.8538,16.591396,18.676216,18.391457,17.98201,17.276167,17.323187,17.358078,16.879549,16.505789,19.0309,18.501543,18.181644,17.619614,17.643656,17.430487,0.0,0.0,0.0,4.0,4.0,0.0,0.0,0.0
44638,2023.0,11.0,6.0,23.0,18.0506,17.542974,16.758623,16.494576,18.456,18.169893,18.07579,17.738121,16.649803,16.207056,16.442402,15.859796,18.550636,17.913586,17.915546,17.361446,17.365402,17.155735,0.0,0.0,0.0,0.0,0.0,0.0,0.0,0.0
44639,2023.0,11.0,6.0,23.0,18.19016,18.045753,16.671152,16.407948,18.269085,17.985353,17.991907,17.716873,16.274508,15.759661,16.437376,16.143215,18.330225,17.701973,17.985476,17.734758,17.92769,18.427937,0.0,0.0,0.0,0.0,0.0,0.0,0.0,4.0
44640,2023.0,11.0,7.0,0.0,18.132246,18.041435,16.590265,16.329414,18.105604,17.827137,17.844362,17.577723,16.054146,15.543766,16.368662,16.13434,18.46527,18.16904,17.901533,17.689835,16.963507,16.539207,0.0,0.0,0.0,0.0,0.0,0.0,0.0,0.0
44641,2023.0,11.0,7.0,0.0,18.00383,17.911505,16.508377,16.244164,17.94834,17.664213,17.695879,17.424688,16.163877,15.951301,16.223421,15.9939785,18.423695,18.167608,17.756332,17.537052,16.509861,16.001898,0.0,0.0,0.0,0.0,0.0,0.0,0.0,0.0
44642,2023.0,11.0,7.0,0.0,17.892708,17.808935,16.43961,16.180542,17.82048,17.545895,18.292982,18.665056,16.098993,15.901688,16.096167,15.87924,18.319006,18.067427,17.629347,17.414755,16.572462,16.350798,0.0,0.0,4.0,0.0,0.0,0.0,0.0,0.0
44643,2023.0,11.0,7.0,0.0,17.783978,17.70318,16.371346,16.113695,17.698236,17.426632,17.799406,17.692368,15.99566,15.8002205,15.965995,15.743161,18.216103,17.964458,17.507532,17.293184,16.495167,16.31016,0.0,0.0,0.0,0.0,0.0,0.0,0.0,0.0
44644,2023.0,11.0,7.0,0.0,17.681662,17.602295,16.305922,16.048971,17.584848,17.315067,17.112041,16.493809,15.894174,15.697929,15.847974,15.623649,18.119135,17.866587,17.393932,17.1789,16.366793,16.176474,0.0,0.0,0.0,0.0,0.0,0.0,0.0,0.0
44645,2023.0,11.0,7.0,0.0,17.581701,17.498873,16.239313,15.978624,17.47405,17.19987,16.82995,16.1501,15.79504,15.594197,15.735249,15.5048,18.025942,17.769169,17.285429,17.06648,16.243862,16.048418,0.0,0.0,0.0,0.0,0.0,0.0,0.0,0.0
44646,2023.0,11.0,7.0,1.0,17.497972,17.421541,16.184355,15.928802,17.383322,17.117367,17.051443,16.755203,15.7102165,15.512663,15.641642,15.41616,17.94601,17.692108,17.191223,16.975405,16.138607,15.946816,0.0,0.0,0.0,0.0,0.0,0.0,0.0,0.0
44647,2023.0,11.0,7.0,1.0,17.411495,17.332802,16.124083,15.865635,17.2885,17.019785,17.035217,16.780125,15.624967,15.424063,15.546201,15.316351,17.86593,17.608883,17.097925,16.879374,16.034819,15.83973,0.0,0.0,0.0,0.0,0.0,0.0,0.0,0.0
44648,2023.0,11.0,7.0,1.0,17.33353,17.256258,16.069593,15.811942,17.204184,16.937695,16.958876,16.7065,15.547984,15.346836,15.461184,15.231321,17.79331,17.535877,17.012783,16.79419,15.94137,15.746225,0.0,0.0,0.0,0.0,0.0,0.0,0.0,0.0
44649,2023.0,11.0,7.0,1.0,17.259851,17.183887,16.016989,15.759991,17.1247,16.860191,16.883049,16.633045,15.47577,15.274319,15.381751,15.151781,17.72501,17.467142,16.932627,16.713934,15.854467,15.6592045,0.0,0.0,0.0,0.0,0.0,0.0,0.0,0.0
44650,2023.0,11.0,7.0,1.0,17.194061,17.123367,15.970142,15.71776,17.054567,16.796946,16.813911,16.571012,15.998849,16.317331,15.3115635,15.085769,17.663393,17.407976,16.859766,16.64387,15.7766285,15.584544,0.0,0.0,0.0,4.0,0.0,0.0,0.0,0.0
44651,2023.0,11.0,7.0,1.0,17.1274,17.057364,15.920723,15.668639,16.982904,16.726624,16.74251,16.501293,15.550453,15.359129,15.539621,15.572912,17.602108,17.346056,16.787754,16.57154,15.700369,15.507887,0.0,0.0,0.0,0.0,4.0,0.0,0.0,0.0
44652,2023.0,11.0,7.0,2.0,17.064693,16.995806,15.873521,15.622267,16.91548,16.661337,16.67482,16.436018,15.387713,15.187066,15.323285,15.1348915,18.30963,18.734959,16.71992,16.504242,15.62938,15.437412,0.0,0.0,0.0,0.0,0.0,4.0,0.0,0.0
44653,2023.0,11.0,7.0,2.0,17.004375,16.936344,15.82768,15.576953,16.850819,16.598337,16.609608,16.372711,15.316292,15.117157,15.465699,15.488189,17.440016,16.922575,16.654833,16.439484,15.5619755,15.370255,0.0,0.0,0.0,0.0,4.0,0.0,0.0,0.0
44654,2023.0,11.0,7.0,2.0,16.942335,16.871096,15.77984,15.526285,16.784739,16.529501,16.542677,16.303247,15.2451935,15.042289,15.226909,15.010487,17.122751,16.521002,16.589085,16.37073,15.49449,15.299492,0.0,0.0,0.0,0.0,0.0,0.0,0.0,0.0
44655,2023.0,11.0,7.0,2.0,16.885777,16.815,15.736023,15.482473,16.72459,16.470352,16.481857,16.243544,15.1837225,14.980523,15.422795,15.472367,17.015516,16.41908,16.528576,16.31014,15.433118,15.2379675,0.0,0.0,0.0,0.0,4.0,0.0,0.0,0.0
44656,2023.0,11.0,7.0,2.0,16.83301,16.764849,15.695158,15.443651,16.668814,16.4181,16.425661,16.190891,15.1279955,14.926601,15.179615,14.98568,17.24693,16.98175,16.471954,16.255283,16.107092,16.558651,0.0,0.0,0.0,0.0,0.0,0.0,0.0,4.0
44657,2023.0,11.0,7.0,2.0,16.775457,16.70372,15.649053,15.39347,16.607552,16.353136,16.36428,16.125648,15.070001,14.865113,15.030811,14.796624,17.256731,16.996012,16.412514,16.19302,16.380331,16.923796,0.0,0.0,0.0,0.0,0.0,0.0,0.0,4.0
44658,2023.0,11.0,7.0,3.0,16.727524,16.660242,15.611866,15.360574,16.557661,16.309063,16.314663,16.081583,15.021159,14.81955,15.002188,14.805798,17.2185,16.960014,16.360632,16.144321,15.423239,15.015071,0.0,0.0,0.0,0.0,0.0,0.0,0.0,0.0
44659,2023.0,11.0,7.0,3.0,16.667444,16.596186,15.562557,15.307234,16.494043,16.241383,16.25113,16.013855,15.003271,14.836679,15.007112,14.864402,17.170805,16.909822,16.298666,16.079489,15.000262,14.545999,0.0,0.0,0.0,0.0,0.0,0.0,0.0,0.0
44660,2023.0,11.0,7.0,3.0,16.619217,16.553822,15.522618,15.271614,16.441893,16.194622,16.198706,15.966866,15.511053,15.819598,15.186625,15.221458,17.128086,16.869658,16.244303,16.02813,15.577653,15.738649,0.0,0.0,0.0,4.0,4.0,0.0,0.0,4.0
44661,2023.0,11.0,7.0,3.0,16.586452,16.534796,15.483875,15.232256,16.39236,16.144993,16.14882,15.916918,15.084142,14.894039,15.253028,15.312499,17.087637,16.828672,16.194305,15.97763,15.7718725,15.972986,0.0,0.0,0.0,0.0,4.0,0.0,0.0,4.0
44662,2023.0,11.0,7.0,3.0,16.546146,16.496572,15.446368,15.195111,16.344286,16.098087,16.100847,15.869924,15.008853,14.862821,14.976322,14.851038,17.047546,16.78881,16.145563,15.92946,15.122399,14.711298,0.0,0.0,0.0,0.0,0.0,0.0,0.0,0.0
44663,2023.0,11.0,7.0,3.0,16.49709,16.44551,15.403461,15.150519,16.290089,16.042503,16.046547,15.814202,15.007509,14.900157,15.140259,15.192196,17.002647,16.742813,16.091202,15.873854,15.024497,14.758306,0.0,0.0,0.0,0.0,4.0,0.0,0.0,0.0
44664,2023.0,11.0,7.0,4.0,16.450315,16.3986,15.363054,15.109922,16.239094,15.992059,15.995416,15.763556,15.007563,14.927301,14.965991,14.833431,16.959393,16.699476,16.039257,15.82211,15.011621,14.776805,0.0,0.0,0.0,0.0,4.0,0.0,0.0,0.0
44665,2023.0,11.0,7.0,4.0,16.407354,16.358349,15.326396,15.0760355,16.192766,15.9494915,15.948925,15.720852,15.007534,14.949196,15.03008,14.967273,16.919365,16.661865,17.038464,17.74738,15.002812,14.811982,0.0,0.0,0.0,0.0,0.0,0.0,4.0,0.0
44666,2023.0,11.0,7.0,4.0,16.357048,16.302523,15.288161,15.038144,16.145742,15.902969,15.900913,15.673735,15.007925,14.967544,15.020191,14.951929,16.878155,16.621052,16.181896,15.762544,15.004862,14.854429,0.0,0.0,0.0,0.0,0.0,0.0,0.0,0.0
44667,2023.0,11.0,7.0,4.0,16.301455,16.238039,15.246284,14.992338,16.095087,15.848275,15.849317,15.61829,15.013659,14.995985,15.015131,14.97405,16.834877,16.575418,15.695017,15.19623,15.00534,14.890083,0.0,0.0,0.0,0.0,0.0,0.0,0.0,0.0
44668,2023.0,11.0,7.0,4.0,16.256023,16.191635,15.2091,14.955388,16.049385,15.803264,15.803257,15.572927,15.014415,15.008033,15.016736,14.999102,16.794891,16.53575,15.567906,15.073846,15.007964,14.91891,0.0,0.0,0.0,0.0,0.0,0.0,0.0,0.0
44669,2023.0,11.0,7.0,4.0,16.230242,16.183628,15.174006,14.922031,16.005657,15.761859,15.7596655,15.53148,15.008359,15.008365,15.009549,15.001665,16.756054,16.49784,15.740445,15.519536,15.00623,14.933934,0.0,0.0,0.0,0.0,0.0,0.0,0.0,0.0
44670,2023.0,11.0,7.0,5.0,16.192772,16.146181,15.136297,14.882917,15.959496,15.714872,15.713851,15.484659,15.017133,15.0388775,15.019753,15.039582,16.71645,16.457933,15.764682,15.5493765,15.011302,14.965338,0.0,0.0,0.0,0.0,0.0,0.0,0.0,0.0
44671,2023.0,11.0,7.0,5.0,16.153217,16.106833,15.103201,14.852639,15.918253,15.6771755,15.673081,15.447196,15.3729,15.705624,15.009629,15.0300045,16.679432,16.422756,15.729461,15.515721,15.592625,16.068975,0.0,0.0,0.0,4.0,0.0,0.0,0.0,4.0
44672,2023.0,11.0,7.0,5.0,16.111599,16.063467,15.578428,15.774288,15.874583,15.633887,15.6304865,15.404528,14.960802,14.897209,15.012372,15.047485,16.640976,16.384356,15.685802,15.47264,15.883602,16.420141,4.0,0.0,0.0,0.0,0.0,0.0,0.0,4.0
44673,2023.0,11.0,7.0,5.0,16.070616,16.02117,15.333624,15.18813,16.582842,17.00138,15.589421,15.363844,15.336921,15.651598,15.012403,15.058142,16.603533,16.347675,15.641484,15.42917,14.946449,14.716957,0.0,4.0,0.0,4.0,0.0,0.0,0.0,0.0
44674,2023.0,11.0,7.0,5.0,16.028172,15.975515,15.108463,14.873341,16.201807,16.080147,15.547691,15.3217,14.968496,14.893632,15.01281,15.068742,16.565893,16.309914,15.597092,15.384854,15.03845,14.956619,0.0,0.0,0.0,0.0,0.0,0.0,0.0,0.0
44675,2023.0,11.0,7.0,5.0,15.984335,15.927444,15.033104,14.783211,15.534982,14.945642,15.506028,15.279592,15.032105,15.042729,15.013007,15.078439,16.528269,16.272163,15.552776,15.340549,15.014899,14.9400835,0.0,0.0,0.0,0.0,0.0,0.0,0.0,0.0
44676,2023.0,11.0,7.0,6.0,15.939565,15.877929,15.001457,14.763899,15.285436,14.64515,15.462016,15.232649,15.081407,15.121359,15.006696,15.0627165,16.489418,16.231918,15.50713,15.293576,15.011554,14.978462,0.0,0.0,0.0,4.0,4.0,0.0,0.0,0.0
44677,2023.0,11.0,7.0,6.0,21.157162,25.042812,15.003698,14.797146,20.805906,24.05042,20.494947,24.035563,19.393763,22.32884,19.505026,22.49278,20.276154,22.678068,20.778196,24.21265,15.008851,14.99938,0.0,0.0,0.0,0.0,0.0,0.0,0.0,0.0
44678,2023.0,11.0,7.0,6.0,21.02292,24.198576,15.002585,14.812702,21.030512,24.155819,21.067642,24.452291,16.531252,16.420591,17.103468,17.497047,21.118528,23.961086,21.634726,25.332598,15.547347,16.03196,0.0,0.0,0.0,0.0,0.0,0.0,0.0,4.0
44679,2023.0,11.0,7.0,6.0,21.118448,23.953695,15.003448,14.828973,21.096567,23.882273,21.097067,24.067377,15.315826,15.095917,15.781787,15.833084,21.618816,24.455713,22.424767,26.22099,20.4023,24.334717,0.0,0.0,0.0,0.0,4.0,0.0,0.0,4.0
44680,2023.0,11.0,7.0,6.0,21.134901,23.679811,15.278516,15.013359,21.142345,23.702295,21.141245,23.860596,15.146869,14.934007,20.450914,23.759272,21.04406,23.132547,21.622042,24.220243,20.405252,23.696058,0.0,0.0,0.0,0.0,4.0,0.0,0.0,0.0
44681,2023.0,11.0,7.0,6.0,21.107153,23.447367,15.045912,14.819318,21.083986,23.394373,21.088224,23.54621,15.784059,15.95719,20.009306,22.721766,21.865467,24.43705,20.913458,22.854446,17.721256,18.052286,0.0,0.0,0.0,0.0,4.0,4.0,4.0,4.0
44682,2023.0,11.0,7.0,7.0,21.099237,23.2879,15.003348,14.792732,21.081861,23.251743,21.086214,23.391418,15.227129,15.036423,20.127289,22.615797,20.970232,22.601933,21.128405,23.208218,21.816668,25.774115,0.0,0.0,0.0,0.0,0.0,0.0,0.0,4.0
44683,2023.0,11.0,7.0,7.0,21.050898,23.109327,15.410854,15.577101,21.056303,23.078985,21.083931,23.273664,14.99643,14.81597,17.682018,17.649738,21.07137,22.685265,21.056664,22.95559,19.86556,21.873245,4.0,4.0,0.0,0.0,4.0,4.0,4.0,4.0
44684,2023.0,11.0,7.0,7.0,21.207327,23.252802,19.993044,23.358751,21.252697,23.210094,21.222004,23.32514,15.650936,16.130934,20.333271,22.812063,21.150713,22.731956,21.242779,23.164812,20.842741,23.483126,0.0,4.0,0.0,4.0,0.0,0.0,0.0,4.0
44685,2023.0,11.0,7.0,7.0,21.017416,22.840164,17.597378,18.0704,20.939926,22.561861,20.97537,22.820566,20.384928,24.015217,17.558828,17.317375,21.043282,22.472946,20.950752,22.544329,19.92019,21.600245,0.0,4.0,0.0,0.0,0.0,0.0,4.0,4.0
44686,2023.0,11.0,7.0,7.0,21.077333,22.900253,16.36149,16.576452,21.094097,22.82748,21.068655,22.960247,16.944921,16.861572,16.339754,16.04203,21.058119,22.443071,21.113842,22.878923,20.11983,21.980886,4.0,4.0,4.0,0.0,0.0,4.0,0.0,0.0
44687,2023.0,11.0,7.0,7.0,21.790401,24.093927,20.261292,23.407625,21.778467,23.952929,21.759386,24.14623,15.266841,14.754059,16.086233,15.811095,21.61668,23.384535,22.479918,25.061522,17.74576,17.368145,0.0,4.0,0.0,0.0,0.0,4.0,0.0,0.0
44688,2023.0,11.0,7.0,8.0,20.932964,22.44007,18.119059,18.751358,20.93964,22.33197,20.940353,22.499592,16.020542,16.513073,15.844636,15.583815,20.98646,22.16753,20.870586,22.146059,17.473434,17.715237,4.0,4.0,4.0,4.0,0.0,0.0,0.0,4.0
44689,2023.0,11.0,7.0,8.0,19.39433,19.553703,20.286253,23.017612,18.879728,18.470068,18.730076,18.324596,20.336922,23.62503,16.05108,16.162392,19.710798,19.719109,19.200853,19.089485,20.42123,22.813156,4.0,0.0,0.0,0.0,4.0,4.0,0.0,0.0
44690,2023.0,11.0,7.0,8.0,18.658762,18.748014,20.095118,22.357832,17.642702,16.88762,17.44662,16.708458,17.118439,16.992168,20.426123,23.502357,18.507372,17.904127,18.291931,18.04296,17.670153,17.370518,0.0,0.0,0.0,0.0,0.0,0.0,0.0,0.0
44691,2023.0,11.0,7.0,8.0,17.723751,17.24919,17.606745,17.38395,17.169617,16.38393,16.977047,16.213715,15.536383,15.045874,18.055761,18.607594,18.680326,18.664677,18.907267,19.568409,16.37213,15.8340435,0.0,0.0,0.0,0.0,4.0,4.0,4.0,0.0
44692,2023.0,11.0,7.0,8.0,17.990337,18.04609,17.251093,17.21337,17.90341,18.035845,17.052334,16.63035,15.488322,15.235644,20.416586,22.8104,18.685225,18.689564,18.619423,18.931324,16.313215,16.046658,4.0,4.0,0.0,0.0,4.0,4.0,4.0,0.0
44693,2023.0,11.0,7.0,8.0,18.018892,18.153913,20.234188,22.682266,17.806072,17.739109,16.998333,16.682377,15.395669,15.18317,20.065256,22.085009,17.892841,17.324633,18.39992,18.71456,16.181007,15.965128,0.0,4.0,0.0,0.0,0.0,0.0,4.0,0.0
44694,2023.0,11.0,7.0,9.0,17.198275,16.752352,18.187172,18.446632,16.93935,16.296164,17.538656,17.855423,15.242576,15.038352,17.66246,17.327248,17.41982,16.777628,17.40116,16.945724,15.9850025,15.782105,0.0,0.0,4.0,0.0,0.0,0.0,0.0,0.0
44695,2023.0,11.0,7.0,9.0,16.819084,16.290224,17.5805,17.698795,16.572264,15.841638,17.706776,18.140064,15.132019,14.9314575,16.952242,16.582928,18.035011,18.114244,16.91377,16.35169,15.838674,15.64321,4.0,0.0,4.0,0.0,0.0,4.0,0.0,0.0
44696,2023.0,11.0,7.0,9.0,17.378622,17.528011,20.226841,22.55279,16.395403,15.692751,16.71022,16.255524,15.035931,14.843962,16.750233,16.44816,18.13822,18.225044,16.676825,16.13501,15.706125,15.514904,4.0,0.0,0.0,0.0,0.0,4.0,0.0,0.0
44697,2023.0,11.0,7.0,9.0,16.833635,16.451902,20.064865,22.004526,17.20699,17.429218,16.121315,15.4915695,15.005791,14.877836,16.482018,16.202915,18.128542,18.242691,16.471958,15.954744,16.48145,17.09735,0.0,4.0,0.0,0.0,0.0,4.0,0.0,4.0
44698,2023.0,11.0,7.0,9.0,17.18203,17.380295,17.86359,17.642298,16.597961,16.100042,15.9153185,15.291792,15.008608,14.937478,16.257812,16.002153,18.128391,18.257849,16.561584,16.324224,20.232174,23.401405,0.0,0.0,0.0,0.0,0.0,4.0,0.0,0.0
44699,2023.0,11.0,7.0,9.0,16.672472,16.358284,16.552015,15.918136,16.135218,15.522545,16.050503,15.713737,15.008278,14.975562,16.067831,15.828487,17.437325,16.972237,16.550646,16.359045,17.321095,17.257236,0.0,0.0,0.0,0.0,0.0,0.0,0.0,0.0
44700,2023.0,11.0,7.0,10.0,16.31079,15.927228,16.430798,16.062223,15.979255,15.379321,16.104862,15.864299,15.008703,15.004859,15.903223,15.676591,17.846073,18.015333,17.48587,18.20508,15.923824,15.532456,0.0,0.0,0.0,0.0,0.0,4.0,4.0,0.0
44701,2023.0,11.0,7.0,10.0,16.922459,17.207445,16.366186,16.103052,16.893356,17.245234,16.058252,15.84314,15.008464,15.0259495,15.764915,15.552247,17.33684,16.905828,16.639206,16.290195,15.807088,15.613568,0.0,4.0,0.0,0.0,0.0,0.0,0.0,0.0
44702,2023.0,11.0,7.0,10.0,17.158978,17.523972,16.220114,15.98368,17.308073,17.806906,15.994793,15.793956,15.008519,15.0422,15.646537,15.445804,16.981209,16.484175,17.226454,17.762354,15.7215395,15.560602,0.0,4.0,0.0,0.0,0.0,0.0,4.0,0.0
44703,2023.0,11.0,7.0,10.0,16.501995,16.292852,16.077108,15.855659,16.467312,16.160131,15.934314,15.746674,15.008168,15.053705,15.546206,15.357129,16.86441,16.37826,16.519068,16.174618,15.605369,15.455763,0.0,0.0,0.0,0.0,0.0,0.0,0.0,0.0
44704,2023.0,11.0,7.0,10.0,16.92813,17.318405,15.951362,15.742422,16.694302,16.846912,15.877766,15.70235,15.008501,15.064207,15.459679,15.28053,17.044012,16.82772,16.111715,15.727237,15.501405,15.359258,0.0,4.0,0.0,0.0,0.0,0.0,0.0,0.0
44705,2023.0,11.0,7.0,10.0,16.420824,16.245758,15.844443,15.649949,16.863031,17.079008,15.826129,15.663358,15.007699,15.070714,15.386701,15.218004,17.87535,18.387138,15.990125,15.619955,15.41418,15.280328,0.0,4.0,0.0,0.0,0.0,4.0,0.0,0.0
44706,2023.0,11.0,7.0,11.0,16.104345,15.866628,15.750912,15.569931,16.21651,15.867768,16.532558,17.043882,15.007934,15.077935,15.323656,15.16424,17.946766,18.250711,15.910005,15.558006,15.339375,15.212808,0.0,0.0,4.0,0.0,0.0,4.0,0.0,0.0
44707,2023.0,11.0,7.0,11.0,16.763079,17.20529,15.6663065,15.495838,15.891976,15.4738865,16.160107,16.151836,15.007883,15.083851,15.266908,15.113474,17.96249,18.268637,16.021679,15.862348,15.273532,15.151636,0.0,0.0,0.0,0.0,0.0,4.0,0.0,0.0
44708,2023.0,11.0,7.0,11.0,16.315079,16.203741,16.075613,16.337494,15.78272,15.377231,16.338472,16.6265,15.007697,15.088562,15.216041,15.067877,17.25031,16.892408,16.046446,15.912694,15.215191,15.097561,4.0,0.0,4.0,0.0,0.0,0.0,0.0,0.0
44709,2023.0,11.0,7.0,11.0,16.009724,15.82826,20.12603,23.27171,15.904858,15.715498,15.852265,15.639334,15.00798,15.093556,15.589835,15.814246,17.745214,18.053171,16.01545,15.888846,15.164748,15.051874,0.0,0.0,0.0,0.0,4.0,4.0,0.0,0.0
44710,2023.0,11.0,7.0,11.0,15.920042,15.752709,17.877542,18.372812,15.9455185,15.807212,16.212578,16.496418,16.305391,16.190266,20.20925,23.686872,17.247719,16.93561,15.978297,15.855992,15.118839,15.009889,0.0,0.0,4.0,0.0,0.0,0.0,0.0,0.0
44711,2023.0,11.0,7.0,11.0,16.8293,17.54797,16.398575,16.353518,15.911718,15.785724,15.820783,15.63943,15.11025,15.083949,17.771341,18.317566,17.725254,18.050926,17.055773,17.925886,15.078225,14.973502,0.0,0.0,0.0,0.0,0.0,4.0,4.0,0.0
44712,2023.0,11.0,7.0,12.0,16.242739,16.249638,16.590973,16.869196,15.875894,15.757653,16.258116,16.567677,15.013376,15.017954,16.567122,16.427399,17.929699,18.311678,16.209091,16.059057,15.046022,14.945135,4.0,0.0,4.0,0.0,0.0,4.0,0.0,0.0
44713,2023.0,11.0,7.0,12.0,21.159588,25.02077,20.269909,23.250282,20.966696,24.694447,21.076813,24.732435,15.006892,15.04347,16.240906,16.06967,20.753664,23.196678,21.272081,24.882505,15.011846,14.914026,4.0,0.0,4.0,0.0,0.0,0.0,0.0,0.0
44714,2023.0,11.0,7.0,12.0,21.00901,24.137802,20.022255,22.382708,20.988583,24.112022,21.013245,24.092718,15.007247,15.065285,16.043083,15.870954,21.410032,23.986238,21.693012,25.17541,15.000921,14.919298,4.0,4.0,4.0,0.0,0.0,0.0,0.0,0.0
44715,2023.0,11.0,7.0,12.0,21.661455,24.883066,20.098026,22.298431,21.075731,23.894762,21.09422,23.895348,15.006516,15.074939,16.337126,16.55142,21.750639,24.266033,21.661486,24.895718,15.001981,14.936105,0.0,4.0,4.0,0.0,4.0,0.0,0.0,0.0
44716,2023.0,11.0,7.0,12.0,21.036327,23.499031,17.93804,17.97483,21.138166,23.747492,21.135902,23.73709,15.224277,15.128017,20.19836,23.192451,21.21633,23.130781,21.175842,23.671951,15.35334,15.25129,0.0,0.0,4.0,0.0,0.0,0.0,0.0,0.0
44717,2023.0,11.0,7.0,12.0,21.079395,23.411493,16.921106,16.809319,21.070927,23.389341,21.102364,23.514389,14.993381,14.980268,18.017416,18.46238,21.068222,22.734476,21.03305,23.197706,16.11517,16.905272,0.0,4.0,0.0,0.0,0.0,0.0,4.0,4.0
44718,2023.0,11.0,7.0,13.0,21.092926,23.349457,17.123268,17.408157,21.097055,23.31609,21.07164,23.303093,15.007578,15.03239,16.592133,16.481873,21.057423,22.640078,21.095312,23.212564,20.411095,24.112772,4.0,0.0,4.0,0.0,0.0,0.0,0.0,4.0
44719,2023.0,11.0,7.0,13.0,21.14956,23.37579,20.313398,23.028631,21.08933,23.189415,21.098146,23.277836,15.005551,15.048953,16.271275,16.119564,21.122793,22.713661,21.083132,23.080305,20.044224,22.91454,0.0,0.0,0.0,0.0,0.0,0.0,0.0,0.0
44720,2023.0,11.0,7.0,13.0,21.085724,23.178442,18.23886,18.668043,21.087914,23.100494,21.090641,23.183445,15.005823,15.065064,16.120182,15.978403,21.026964,22.45834,21.044693,22.894278,17.39154,17.456976,0.0,0.0,0.0,0.0,0.0,4.0,4.0,0.0
44721,2023.0,11.0,7.0,13.0,21.068525,23.11833,17.401974,17.765257,21.069387,23.026867,21.088043,23.115349,15.006291,15.077858,15.991798,15.854032,21.073353,22.514755,21.08877,22.952494,16.159042,15.912201,4.0,0.0,0.0,0.0,0.0,0.0,0.0,0.0
44722,2023.0,11.0,7.0,13.0,21.753178,24.253962,20.238535,22.767122,21.295967,23.426851,21.534348,23.982052,15.006216,15.087436,15.885493,15.757456,21.691614,23.580854,21.577744,23.88513,15.985961,15.868177,0.0,4.0,0.0,0.0,0.0,0.0,0.0,0.0
44723,2023.0,11.0,7.0,13.0,20.933268,22.657965,18.059904,18.234165,21.074732,22.972471,21.058336,22.995571,15.00596,15.093394,15.793688,15.6738825,20.980951,22.156124,21.04235,22.728703,15.863955,15.761789,0.0,0.0,4.0,0.0,0.0,0.0,4.0,0.0
44724,2023.0,11.0,7.0,14.0,21.10111,23.033417,16.891912,16.79317,21.081568,22.93236,21.077143,23.038956,15.005861,15.098741,15.710201,15.593806,21.061758,22.338156,21.085737,22.81856,15.7313,15.6323395,0.0,0.0,0.0,0.0,0.0,0.0,0.0,0.0
44725,2023.0,11.0,7.0,14.0,19.138752,19.239574,16.651453,16.560123,19.11663,19.12209,19.014462,19.039028,15.006325,15.1046,16.031979,16.26607,19.72477,19.770548,19.12735,19.024502,15.62872,15.541458,0.0,0.0,0.0,0.0,4.0,0.0,0.0,0.0
44726,2023.0,11.0,7.0,14.0,18.065277,17.921225,16.913218,17.214375,18.173271,18.061766,17.821354,17.526024,15.20808,15.137576,20.429426,23.584183,19.004467,18.85701,18.111603,17.800049,16.508305,17.290417,4.0,0.0,0.0,0.0,0.0,0.0,0.0,4.0
44727,2023.0,11.0,7.0,14.0,17.86015,17.886354,20.296825,23.103083,17.84353,17.719643,17.57117,17.42599,14.99541,15.021389,17.932934,18.416323,18.720926,18.558487,17.872791,17.706535,20.321201,23.705862,4.0,0.0,0.0,0.0,0.0,0.0,0.0,0.0
44728,2023.0,11.0,7.0,14.0,18.435535,19.150902,20.03945,22.269424,18.275917,18.751863,17.385397,17.273426,15.00878,15.073756,16.492748,16.439928,18.51768,18.358444,17.67786,17.536652,17.466753,17.653248,0.0,4.0,0.0,0.0,0.0,0.0,0.0,0.0
44729,2023.0,11.0,7.0,14.0,18.351822,18.89183,17.986227,18.115393,17.80426,17.838272,17.179743,17.07186,15.006653,15.090907,16.187096,16.08199,18.350359,18.197115,17.475973,17.34331,16.10739,15.925956,0.0,0.0,0.0,0.0,0.0,0.0,0.0,0.0
44730,2023.0,11.0,7.0,15.0,17.52887,17.479532,17.212168,17.309351,17.830715,18.12241,17.722221,18.250366,15.007527,15.109415,16.017738,15.904473,18.204494,18.055065,17.294985,17.166456,15.894753,15.791268,4.0,4.0,4.0,0.0,0.0,0.0,0.0,0.0
44731,2023.0,11.0,7.0,15.0,17.829535,18.329662,20.224619,22.770117,17.859516,18.190033,17.285213,17.342482,15.007671,15.123653,15.888908,15.777565,18.080486,17.938396,17.141953,17.021952,15.770469,15.681488,0.0,4.0,0.0,0.0,0.0,0.0,0.0,0.0
44732,2023.0,11.0,7.0,15.0,17.293453,17.263775,18.08416,18.275414,17.80268,18.141907,16.703655,16.462416,15.007869,15.135275,15.781338,15.675852,17.970829,17.834717,17.006653,16.89266,15.645602,15.561545,0.0,4.0,0.0,0.0,0.0,0.0,0.0,0.0
44733,2023.0,11.0,7.0,15.0,17.6354,18.159988,17.424213,17.759874,17.746843,18.092026,16.438244,16.152441,15.008252,15.145409,15.687026,15.585527,18.696764,19.305613,16.886293,16.776451,15.534838,15.453263,4.0,4.0,0.0,0.0,0.0,4.0,0.0,0.0
44734,2023.0,11.0,7.0,15.0,17.779476,18.333635,20.24241,22.736433,17.062506,16.863342,16.450853,16.32337,15.008431,15.153193,16.01706,16.28388,18.000896,17.784353,16.782434,16.679174,15.440957,15.364339,0.0,0.0,0.0,0.0,4.0,0.0,0.0,0.0
44735,2023.0,11.0,7.0,15.0,17.771935,18.331736,18.320374,18.71053,17.343763,17.630932,16.419037,16.32701,16.29437,16.229471,20.437311,23.633,17.587328,17.27682,16.688108,16.5895,15.357196,15.283681,0.0,4.0,0.0,0.0,0.0,0.0,0.0,0.0
44736,2023.0,11.0,7.0,16.0,17.755745,18.316788,17.119425,17.097586,16.878983,16.689146,16.3422,16.255892,15.020922,15.10044,18.210472,18.965593,17.458254,17.146177,16.603527,16.509085,15.283622,15.213445,0.0,0.0,0.0,0.0,4.0,0.0,0.0,0.0
44737,2023.0,11.0,7.0,16.0,17.086733,17.084595,17.243486,17.55007,17.192247,17.49004,16.988714,17.535334,16.229753,16.147015,20.292679,23.103561,18.35417,18.950863,16.525476,16.433426,15.216725,15.147975,4.0,4.0,4.0,0.0,0.0,4.0,0.0,0.0
44738,2023.0,11.0,7.0,16.0,17.435242,17.97087,20.290117,22.881517,16.739273,16.551306,16.638182,16.702332,15.854324,16.509783,17.88237,18.042015,17.756838,17.551971,17.552805,18.438948,16.137583,16.93992,4.0,0.0,0.0,4.0,0.0,0.0,4.0,4.0
44739,2023.0,11.0,7.0,16.0,17.603556,18.164602,20.025267,22.063791,16.387693,16.098087,16.134066,15.913339,20.30813,24.193266,16.877836,16.912197,17.360811,17.057617,16.796509,16.663902,20.352879,24.03462,4.0,0.0,0.0,0.0,4.0,0.0,0.0,0.0
44740,2023.0,11.0,7.0,16.0,17.602509,18.15912,20.070665,21.96174,16.941029,17.238577,16.632809,16.97009,17.174873,17.46645,20.39499,23.05171,17.242453,16.932796,16.326649,16.099934,17.284233,17.488756,4.0,4.0,4.0,0.0,0.0,0.0,0.0,0.0
44741,2023.0,11.0,7.0,16.0,17.600336,18.15384,20.079409,21.858702,16.555065,16.390892,16.258911,16.128328,16.28911,16.71647,17.925194,18.055187,17.325424,17.184935,16.190224,15.955067,15.856946,15.672851,0.0,0.0,0.0,4.0,0.0,0.0,0.0,0.0
44742,2023.0,11.0,7.0,17.0,17.59561,18.146097,18.270182,18.290485,16.210423,15.928966,15.917827,15.6638975,20.333775,23.763882,16.760284,16.65973,17.335264,17.21567,16.09583,15.861106,15.664819,15.570532,0.0,0.0,0.0,0.0,0.0,0.0,0.0,0.0
44743,2023.0,11.0,7.0,17.0,16.946426,16.937326,17.158865,16.820412,16.762707,17.056965,16.480917,16.803694,17.446863,17.670412,16.510584,16.398052,17.28825,17.167135,16.141268,16.033833,15.5526705,15.470134,0.0,4.0,4.0,0.0,0.0,0.0,0.0,0.0
44744,2023.0,11.0,7.0,17.0,17.387049,17.908617,17.051046,16.868391,16.313374,16.131817,16.029198,15.861696,16.286205,15.9837675,16.343918,16.21954,17.24037,17.114115,16.124254,16.025896,15.451842,15.366228,0.0,0.0,0.0,0.0,0.0,0.0,0.0,0.0
44745,2023.0,11.0,7.0,17.0,17.469973,17.996298,17.410158,17.680628,16.760784,17.071066,15.768767,15.472895,16.111032,15.960037,16.19903,16.074009,17.19342,17.063148,16.078217,15.97682,15.36015,15.274534,4.0,4.0,0.0,0.0,0.0,0.0,0.0,0.0
44746,2023.0,11.0,7.0,17.0,16.819674,16.775394,20.243898,22.728958,16.88675,17.229439,15.661361,15.348615,16.707283,17.262686,16.069563,15.943091,17.148321,17.01472,16.032614,15.928678,15.279931,15.195299,4.0,4.0,0.0,4.0,0.0,0.0,0.0,0.0
44747,2023.0,11.0,7.0,17.0,16.44189,16.277672,20.048437,22.037985,16.902086,17.22974,16.490828,16.99879,20.350035,23.512178,15.930906,15.803758,17.866848,18.4122,15.982301,15.875305,15.192812,15.105178,0.0,4.0,4.0,4.0,0.0,4.0,0.0,0.0
44748,2023.0,11.0,7.0,18.0,17.037233,17.497597,18.387568,18.63864,16.908041,17.22322,16.219706,16.256802,20.027447,22.52967,15.811226,15.686567,17.225153,16.954245,15.933169,15.822741,15.112384,15.021324,4.0,4.0,0.0,4.0,0.0,0.0,0.0,0.0
44749,2023.0,11.0,7.0,18.0,21.085276,24.35599,20.239313,22.383072,21.28125,24.77568,21.157267,25.005213,20.077452,22.38898,15.701573,15.57514,21.310444,24.227459,21.535267,25.323448,15.038771,14.9435625,4.0,4.0,4.0,4.0,0.0,4.0,0.0,0.0
44750,2023.0,11.0,7.0,18.0,21.028553,23.787285,20.048473,21.813469,21.013132,23.77659,21.01565,24.11942,20.09548,22.27416,15.605136,15.479723,21.178905,23.678492,21.96473,25.59764,15.000343,14.925586,0.0,4.0,4.0,0.0,0.0,0.0,0.0,0.0
44751,2023.0,11.0,7.0,18.0,21.09873,23.616879,18.484737,18.668423,21.086588,23.596779,21.116215,23.937235,18.347906,18.744461,15.523319,15.397129,21.035498,23.088915,22.498661,26.357283,15.911931,16.675243,4.0,4.0,0.0,4.0,0.0,4.0,0.0,4.0
44752,2023.0,11.0,7.0,18.0,21.046234,23.31665,20.239706,22.245646,21.074793,23.34989,21.099516,23.631662,20.31717,22.680109,15.44627,15.316514,21.058887,22.92834,22.111963,25.191216,20.316936,24.056026,4.0,4.0,0.0,4.0,0.0,4.0,0.0,0.0
44753,2023.0,11.0,7.0,18.0,21.069345,23.205866,20.034342,21.6679,21.073397,23.186007,21.098404,23.434925,20.058916,22.042511,15.37702,15.245523,21.082024,22.841734,20.929314,22.770555,17.135303,17.247494,4.0,4.0,0.0,0.0,0.0,0.0,0.0,0.0
44754,2023.0,11.0,7.0,19.0,21.08982,23.153412,20.067043,21.62673,21.095116,23.128069,21.07767,23.287817,17.868092,17.726746,15.707971,15.916778,21.046902,22.634304,21.09193,23.050602,15.656777,15.382356,4.0,0.0,0.0,0.0,4.0,4.0,0.0,0.0
44755,2023.0,11.0,7.0,19.0,21.081432,23.045887,20.05944,21.538757,21.061623,22.945446,21.076239,23.2014,17.452227,17.708654,20.411285,23.699356,21.047832,22.552738,21.027899,22.852451,16.588675,17.418264,4.0,4.0,0.0,4.0,0.0,4.0,4.0,4.0
44756,2023.0,11.0,7.0,19.0,21.082922,22.977898,20.06109,21.48712,21.068293,22.888279,21.05281,23.069159,20.416561,22.80897,18.044926,18.706873,21.048489,22.491676,21.094574,22.95302,20.35936,23.739365,4.0,4.0,4.0,4.0,4.0,4.0,0.0,0.0
44757,2023.0,11.0,7.0,19.0,21.038494,22.844904,20.060349,21.44034,21.09059,22.894522,21.056131,23.024193,21.147083,23.81948,20.295046,23.168676,21.047436,22.43903,21.044792,22.77161,17.94435,18.503443,4.0,0.0,4.0,0.0,0.0,4.0,4.0,4.0
44758,2023.0,11.0,7.0,19.0,21.061699,22.8376,20.059134,21.4017,21.084505,22.829454,21.072985,22.978867,18.592163,18.568089,18.024824,18.349474,21.075691,22.471954,21.090601,22.850485,20.363049,23.317656,4.0,0.0,4.0,0.0,0.0,0.0,0.0,0.0
44759,2023.0,11.0,7.0,19.0,21.0843,22.862411,20.076433,21.421074,21.059437,22.71532,21.06923,22.91096,17.733767,17.960474,16.67733,16.541643,21.040655,22.34114,21.043077,22.689035,18.221733,18.754103,0.0,4.0,4.0,4.0,0.0,4.0,4.0,4.0
44760,2023.0,11.0,7.0,20.0,21.078842,22.811874,18.73582,18.807245,21.06349,22.691193,21.092897,22.927813,20.397715,22.61003,16.360472,16.207924,21.07455,22.398293,21.08908,22.780003,20.344046,22.996557,4.0,4.0,0.0,0.0,0.0,0.0,0.0,4.0
44761,2023.0,11.0,7.0,20.0,21.051943,22.703684,20.216202,21.869074,21.0626,22.66254,21.086887,22.867893,17.97644,17.828468,16.16106,16.001516,21.068663,22.353767,21.080233,22.729727,20.025305,22.149446,4.0,4.0,0.0,0.0,0.0,0.0,0.0,4.0
44762,2023.0,11.0,7.0,20.0,21.056421,22.688568,20.027493,21.393047,21.061495,22.636272,21.060291,22.754324,17.528482,17.794243,16.444372,16.68239,21.067995,22.3232,21.07933,22.697151,20.097807,22.163038,4.0,4.0,4.0,4.0,4.0,0.0,0.0,0.0
44763,2023.0,11.0,7.0,20.0,21.155539,22.867199,20.149897,21.570868,21.157522,22.824318,21.157204,22.935274,21.514624,24.351692,20.341454,23.163559,21.123482,22.440704,21.177668,22.896524,17.787231,17.592304,4.0,0.0,0.0,4.0,0.0,0.0,0.0,0.0
44764,2023.0,11.0,7.0,20.0,21.081577,22.7145,20.057707,21.337036,21.080753,22.640827,21.084639,22.7552,19.871925,21.38416,17.985958,18.314934,21.053438,22.297775,21.065952,22.665972,17.589733,18.017267,4.0,0.0,0.0,0.0,0.0,0.0,0.0,4.0
44765,2023.0,11.0,7.0,20.0,21.076147,22.677849,20.058435,21.303717,21.05643,22.547136,21.065912,22.726362,17.910568,17.623566,16.955088,17.120272,21.053333,22.293392,21.065752,22.659018,20.405859,22.834465,4.0,4.0,0.0,0.0,4.0,0.0,0.0,0.0
44766,2023.0,11.0,7.0,21.0,21.172089,22.82693,20.159847,21.493864,21.172323,22.76131,21.196901,22.967295,17.628828,17.804686,20.453981,23.101908,21.1722,22.506517,21.197018,22.912497,17.772257,17.59093,0.0,4.0,4.0,4.0,4.0,4.0,0.0,0.0
44767,2023.0,11.0,7.0,21.0,21.054958,22.57497,18.734941,18.706154,21.05986,22.518251,21.071642,22.731056,21.81376,24.914902,20.04559,22.142334,21.04495,22.214972,21.064785,22.634415,16.540337,16.112158,4.0,4.0,0.0,0.0,0.0,4.0,0.0,0.0
44768,2023.0,11.0,7.0,21.0,21.080324,22.632383,20.228987,21.808754,21.084887,22.573864,21.085953,22.713106,18.678598,18.595032,18.062464,18.092419,21.04284,22.188461,21.064749,22.624449,16.42671,16.240515,0.0,0.0,0.0,0.0,4.0,4.0,0.0,0.0
44769,2023.0,11.0,7.0,21.0,21.174587,22.783184,18.395838,18.12951,21.16408,22.712286,21.159925,22.807068,17.032478,16.542967,20.379128,22.607443,21.134321,22.37055,21.193665,22.871965,16.30484,16.144026,0.0,0.0,4.0,0.0,0.0,0.0,0.0,0.0
44770,2023.0,11.0,7.0,21.0,21.0803,22.599691,17.626429,17.353651,21.07909,22.519983,21.088156,22.65649,16.866043,16.637312,17.958513,17.78626,21.037186,22.131868,21.025127,22.494835,17.160294,17.92171,0.0,0.0,0.0,0.0,0.0,4.0,4.0,4.0
44771,2023.0,11.0,7.0,21.0,21.048126,22.502506,17.892395,18.029526,21.03427,22.432995,21.057758,22.553082,16.729353,16.53791,16.912828,16.687925,21.072197,22.206959,21.04887,22.510605,20.347795,23.277077,4.0,4.0,4.0,0.0,0.0,0.0,4.0,0.0
44772,2023.0,11.0,7.0,22.0,21.08037,22.579115,20.228374,22.21437,21.041716,22.463696,21.087717,22.616016,16.533348,16.34903,17.10012,17.252468,21.036705,22.098436,21.085106,22.588877,18.188736,18.629852,4.0,4.0,0.0,0.0,4.0,4.0,0.0,4.0
44773,2023.0,11.0,7.0,22.0,21.176443,22.738865,20.115778,21.74904,21.175514,22.700657,21.164347,22.74849,16.357313,16.177065,20.433722,22.917276,21.14639,22.308191,21.186441,22.76413,21.861166,25.177511,4.0,4.0,0.0,0.0,0.0,4.0,0.0,4.0
44774,2023.0,11.0,7.0,22.0,21.080154,22.554682,20.082125,21.54257,21.08321,22.508907,21.061195,22.558678,16.203909,16.02767,18.19199,18.391895,21.04134,22.08622,21.077673,22.518005,20.034033,21.992395,0.0,0.0,0.0,0.0,0.0,4.0,0.0,0.0
44775,2023.0,11.0,7.0,22.0,21.074974,22.531395,18.280478,17.984703,21.078506,22.474133,21.06387,22.571085,16.066484,15.887675,17.232462,17.294458,21.071512,22.156021,21.077635,22.496885,17.757643,17.48256,0.0,0.0,0.0,0.0,4.0,0.0,0.0,0.0
44776,2023.0,11.0,7.0,22.0,21.161098,22.691036,17.98631,18.078243,21.166147,22.607162,21.039011,22.504854,15.941612,15.760271,20.427654,22.818476,21.127283,22.249662,21.060398,22.47855,16.627989,16.139593,4.0,4.0,4.0,0.0,0.0,0.0,0.0,0.0
44777,2023.0,11.0,7.0,22.0,21.05523,22.50399,20.232346,22.135532,21.058441,22.374699,21.043982,22.520145,15.828119,15.643506,18.237694,18.416006,21.036947,22.032425,21.062479,22.489534,16.533596,16.322706,0.0,4.0,4.0,0.0,0.0,4.0,0.0,0.0
44778,2023.0,11.0,7.0,23.0,21.058096,22.525019,18.600758,18.753923,21.058365,22.364359,21.089956,22.591894,15.727052,15.540671,17.003635,16.80311,21.07182,22.114214,21.06246,22.491611,16.410877,16.226751,0.0,4.0,0.0,0.0,0.0,0.0,0.0,0.0
44779,2023.0,11.0,7.0,23.0,19.634832,19.802797,17.581547,17.368378,19.695776,19.746399,19.127222,18.797771,16.193413,16.492018,16.66567,16.441689,19.418968,18.927061,20.287363,20.961138,16.237978,16.06614,0.0,4.0,0.0,4.0,0.0,0.0,4.0,0.0
44780,2023.0,11.0,7.0,23.0,18.966879,18.881657,17.312252,17.033566,18.526379,17.86062,18.188597,17.467863,15.797506,15.6290245,16.47384,16.242792,18.775637,18.095417,18.805195,18.315792,16.102396,15.923809,0.0,0.0,0.0,0.0,0.0,0.0,0.0,0.0
44781,2023.0,11.0,7.0,23.0,18.661242,18.557219,17.144667,16.858875,18.622602,18.369009,18.168768,17.802736,15.593312,15.39965,16.61947,16.661474,19.635279,20.016085,18.18718,17.587448,15.975421,15.794966,0.0,4.0,0.0,0.0,4.0,4.0,0.0,0.0
44782,2023.0,11.0,7.0,23.0,18.434135,18.330622,17.002707,16.715809,17.97859,17.306528,18.044735,17.756187,15.516591,15.324481,16.331211,16.145575,18.700468,18.138945,17.867548,17.2774,15.8612795,15.679597,0.0,0.0,0.0,0.0,0.0,0.0,0.0,0.0
44783,2023.0,11.0,7.0,23.0,18.23049,18.11603,16.867887,16.57157,17.571873,16.792727,17.842295,17.5473,15.436418,15.238462,16.08983,15.84641,18.230165,17.55266,17.929451,17.673618,15.750024,15.561592,0.0,0.0,0.0,0.0,0.0,0.0,0.0,0.0
44784,2023.0,11.0,8.0,0.0,18.059824,17.94333,16.749159,16.448198,17.340996,16.566092,17.664396,17.366947,15.365258,15.16408,15.949514,15.700527,18.023869,17.352339,17.801037,17.562845,15.650957,15.459687,0.0,0.0,0.0,0.0,0.0,0.0,0.0,0.0
44785,2023.0,11.0,8.0,0.0,18.676804,19.23771,16.65745,16.369684,17.50045,17.088978,17.52414,17.245554,15.875626,16.17795,15.839317,15.600722,18.203476,17.897373,17.655724,17.434998,16.28869,16.738516,0.0,0.0,0.0,4.0,0.0,0.0,0.0,4.0
44786,2023.0,11.0,8.0,0.0,18.122005,18.14282,16.563498,16.277971,17.497143,17.189331,17.384512,17.109722,15.456185,15.262879,15.730947,15.492475,18.17396,17.904594,17.502855,17.275768,15.738747,15.567226,0.0,0.0,0.0,0.0,0.0,0.0,0.0,0.0
44787,2023.0,11.0,8.0,0.0,17.430624,16.953442,16.476429,16.192831,17.40349,17.109531,17.257198,16.985538,15.032849,14.576591,15.631279,15.3927555,18.075733,17.807568,17.364883,17.137394,15.28839,14.855077,0.0,0.0,0.0,0.0,0.0,0.0,0.0,0.0
44788,2023.0,11.0,8.0,0.0,17.156364,16.632008,16.389957,16.102716,17.295519,16.999916,17.133785,16.858408,15.010232,14.667807,15.534918,15.291866,17.977978,17.70623,17.235611,17.004284,15.101181,14.646323,0.0,0.0,0.0,0.0,0.0,0.0,0.0,0.0
44789,2023.0,11.0,8.0,0.0,17.364494,17.23834,16.309885,16.031229,17.19014,16.90527,17.018167,16.754066,15.078433,14.869718,15.442898,15.205913,17.881401,17.614376,17.109522,16.883785,15.2393675,15.060241,0.0,0.0,0.0,0.0,0.0,0.0,0.0,0.0
44790,2023.0,11.0,8.0,1.0,17.345818,17.253374,16.237423,15.956139,17.097122,16.810736,16.917566,16.651358,15.057817,14.857223,15.362952,15.122393,17.79939,17.529657,17.004787,16.776426,15.210099,15.021485,0.0,0.0,0.0,0.0,0.0,0.0,0.0,0.0
44791,2023.0,11.0,8.0,1.0,17.27082,17.182531,16.172941,15.89573,17.01275,16.731703,16.827328,16.56645,15.013901,14.814445,15.291283,15.052763,17.724655,17.456749,16.90918,16.682886,15.155595,14.968095,0.0,0.0,0.0,0.0,0.0,0.0,0.0,0.0
44792,2023.0,11.0,8.0,1.0,17.19861,17.114252,16.11296,15.839638,16.934612,16.658598,16.744394,16.488512,15.002081,14.832712,15.225151,14.988546,17.655943,17.389769,16.821474,16.597109,15.103972,14.917566,0.0,0.0,0.0,0.0,0.0,0.0,0.0,0.0
44793,2023.0,11.0,8.0,1.0,17.119492,17.038761,16.048452,15.7788105,16.851183,16.57984,16.656197,16.404917,15.004172,14.868615,15.154557,14.920188,17.583614,17.319391,16.729366,16.507172,15.048065,14.862962,0.0,0.0,0.0,0.0,0.0,0.0,0.0,0.0
44794,2023.0,11.0,8.0,1.0,17.049902,16.977633,15.992873,15.731984,16.779041,16.518026,16.580326,16.339617,15.004917,14.889496,15.092527,14.864498,17.51958,17.260569,16.647642,16.431376,15.72774,16.190994,0.0,0.0,0.0,0.0,0.0,0.0,0.0,4.0
44795,2023.0,11.0,8.0,1.0,16.980064,16.910744,15.935679,15.677899,16.706335,16.4492,16.504711,16.267475,15.005637,14.91059,15.030676,14.804297,17.45695,17.199406,16.568449,16.353813,15.29028,15.13201,0.0,0.0,0.0,0.0,0.0,0.0,0.0,0.0
44796,2023.0,11.0,8.0,2.0,16.913904,16.846611,15.88115,15.625808,16.637592,16.383507,16.433598,16.198992,15.477534,15.811983,15.00166,14.802467,17.398232,17.141743,16.494135,16.280378,14.991585,14.774545,0.0,0.0,0.0,4.0,0.0,0.0,0.0,0.0
44797,2023.0,11.0,8.0,2.0,16.851934,16.786095,15.829081,15.57552,16.572529,16.321037,16.36642,16.134153,15.114448,14.955513,15.006,14.8440895,17.342821,17.087002,16.424522,16.211582,15.01736,14.859505,0.0,0.0,0.0,0.0,0.0,0.0,0.0,0.0
44798,2023.0,11.0,8.0,2.0,16.789082,16.720911,15.775026,15.518985,16.5062,16.252775,16.298117,16.06363,15.009268,14.929301,15.007298,14.876352,17.28794,17.030529,16.356369,16.141844,15.004239,14.8806095,0.0,0.0,0.0,0.0,0.0,0.0,0.0,0.0
44799,2023.0,11.0,8.0,2.0,16.735779,16.672195,15.730782,15.480031,16.450996,16.203892,16.241415,16.013195,15.467146,15.802575,15.005749,14.890815,17.239933,16.985401,16.296291,16.084959,15.00592,14.91367,0.0,0.0,0.0,4.0,0.0,0.0,0.0,0.0
44800,2023.0,11.0,8.0,2.0,16.68184,16.61907,15.6846,15.435049,16.39426,16.149168,16.183292,15.956884,14.925992,14.725702,15.006843,14.911197,17.191635,16.93754,16.23665,16.02602,15.006658,14.940756,0.0,0.0,0.0,0.0,0.0,0.0,0.0,0.0
44801,2023.0,11.0,8.0,2.0,16.627785,16.563955,15.638232,15.388059,16.337679,16.092514,16.125587,15.898879,15.037023,14.965043,15.172329,15.233286,17.144125,16.889568,16.178156,15.966942,15.007877,14.963934,0.0,0.0,0.0,0.0,4.0,0.0,0.0,0.0
44802,2023.0,11.0,8.0,3.0,16.579031,16.51773,15.596821,15.349162,16.28672,16.045115,16.073925,15.850523,15.47609,15.811931,14.972241,14.857933,17.100424,16.847645,16.12438,15.915199,15.007034,14.980083,0.0,0.0,0.0,4.0,0.0,0.0,0.0,0.0
44803,2023.0,11.0,8.0,3.0,16.530462,16.469572,15.555313,15.308808,16.235558,15.995525,16.022177,15.800056,15.382213,15.448411,15.016009,14.96086,17.056906,16.80479,16.071001,15.86238,15.008289,14.998175,0.0,0.0,0.0,4.0,0.0,0.0,0.0,0.0
44804,2023.0,11.0,8.0,3.0,16.48947,16.434439,15.5186615,15.276414,16.189888,15.954807,15.976182,15.758763,14.962531,14.798667,15.140148,15.197879,17.017277,16.768032,16.022318,15.816783,15.5666485,16.058338,0.0,0.0,0.0,0.0,4.0,0.0,0.0,4.0
44805,2023.0,11.0,8.0,3.0,16.459904,16.421043,15.4822855,15.243084,16.144588,15.913098,15.931244,15.716868,15.02616,14.951829,15.197817,15.268743,16.978233,16.731104,15.974508,15.771092,14.98174,14.906873,0.0,0.0,0.0,0.0,4.0,0.0,0.0,0.0
44806,2023.0,11.0,8.0,3.0,16.414724,16.37021,15.445117,15.206887,16.098354,15.868099,15.8855505,15.671909,15.016499,14.952885,14.964897,14.87596,16.938833,16.692238,15.926473,15.723416,15.040925,15.040195,0.0,0.0,0.0,0.0,0.0,0.0,0.0,0.0
44807,2023.0,11.0,8.0,3.0,16.366945,16.318966,15.408858,15.171942,16.05375,15.82514,15.841411,15.629057,15.012152,14.982806,15.016723,15.016366,16.90126,16.65596,15.880811,15.679006,15.031598,15.029133,0.0,0.0,0.0,0.0,0.0,0.0,0.0,0.0
44808,2023.0,11.0,8.0,4.0,16.324303,16.277191,15.37466,15.140443,16.011564,15.785967,15.7996235,15.589973,15.013706,15.010691,15.015474,15.003776,16.865314,16.621897,15.83707,15.637128,15.014025,15.024281,0.0,0.0,0.0,0.0,0.0,0.0,0.0,0.0
44809,2023.0,11.0,8.0,4.0,16.282907,16.236553,15.340879,15.109032,15.970167,15.747255,15.758598,15.551357,15.015253,15.032493,15.016639,15.020718,16.83025,16.588652,15.794523,15.596353,15.015085,15.050481,0.0,0.0,0.0,0.0,0.0,0.0,0.0,0.0
44810,2023.0,11.0,8.0,4.0,16.246237,16.20458,15.307634,15.078092,15.929553,15.709244,15.7183895,15.513482,15.015916,15.0490265,15.017116,15.03027,16.795935,16.556149,15.752993,15.556581,15.016336,15.068181,0.0,0.0,0.0,0.0,0.0,0.0,0.0,0.0
44811,2023.0,11.0,8.0,4.0,16.207829,16.167274,15.274954,15.047647,15.88969,15.671906,15.678993,15.476341,15.017794,15.065693,15.097973,15.181014,16.762276,16.524288,15.712368,15.517698,15.018197,15.08525,0.0,0.0,0.0,0.0,4.0,0.0,0.0,0.0
44812,2023.0,11.0,8.0,4.0,16.180552,16.152178,15.245385,15.022623,15.853074,15.640322,15.642984,15.44503,15.008735,15.059675,15.120882,15.203987,16.73052,16.495678,15.673994,15.48254,15.512622,16.018753,0.0,0.0,0.0,0.0,4.0,0.0,0.0,4.0
44813,2023.0,11.0,8.0,4.0,16.147943,16.122568,15.214032,14.993239,15.814625,15.60422,15.605678,15.409519,15.010733,15.074687,14.991269,14.9941435,16.69782,16.464626,15.634851,15.4450245,14.953235,14.922487,0.0,0.0,0.0,0.0,0.0,0.0,0.0,0.0
44814,2023.0,11.0,8.0,5.0,16.109509,16.08287,15.180622,14.959458,15.7741995,15.563549,15.566416,15.369672,15.0203905,15.104303,15.020047,15.070108,16.66444,16.431776,15.595009,15.4054785,15.037623,15.129163,0.0,0.0,0.0,0.0,0.0,0.0,0.0,0.0
44815,2023.0,11.0,8.0,5.0,16.073519,16.047789,15.1515875,14.934117,15.738339,15.531473,15.531544,15.338234,15.019503,15.107273,15.019321,15.068462,16.633951,16.404232,15.558248,15.371442,15.03514,15.099318,0.0,0.0,0.0,0.0,0.0,0.0,0.0,0.0
44816,2023.0,11.0,8.0,5.0,16.037958,16.013134,15.123462,14.909662,15.703504,15.5003605,15.4976015,15.307716,15.021203,15.119048,15.070723,15.163423,16.604324,16.37753,15.522556,15.338449,15.017444,15.094491,0.0,0.0,0.0,0.0,4.0,0.0,0.0,0.0
44817,2023.0,11.0,8.0,5.0,16.003902,15.981121,15.095986,14.885765,15.669294,15.469817,15.464306,15.277787,15.020829,15.124966,15.018948,15.068044,16.575237,16.351347,15.48757,15.306142,15.019447,15.120664,0.0,0.0,0.0,0.0,0.0,0.0,0.0,0.0
44818,2023.0,11.0,8.0,5.0,15.969871,15.948411,15.068967,14.862302,15.635675,15.439809,15.431583,15.248395,15.022034,15.134944,15.020805,15.097104,16.54666,16.325657,15.453266,15.274497,15.02032,15.135833,0.0,0.0,0.0,0.0,0.0,0.0,0.0,0.0
44819,2023.0,11.0,8.0,5.0,15.941739,15.927111,15.044624,14.843732,15.605179,15.415382,15.401924,15.224478,15.009996,15.120109,15.009552,15.08156,17.318058,17.812548,15.421249,15.246721,15.500324,16.036953,0.0,0.0,0.0,0.0,0.0,4.0,0.0,4.0
44820,2023.0,11.0,8.0,6.0,15.911647,15.900109,15.018327,14.820743,15.573006,15.386265,15.370459,15.195893,15.012096,15.13222,15.012145,15.094299,16.852444,16.692,15.388048,15.215955,15.728758,16.31557,0.0,0.0,0.0,0.0,0.0,0.0,0.0,4.0
44821,2023.0,11.0,8.0,6.0,20.907934,24.640097,15.000122,14.813308,21.060373,24.99953,20.619083,24.331705,15.012104,15.139396,15.012083,15.102214,20.084595,22.24765,20.902573,24.491928,19.769617,23.208721,0.0,4.0,0.0,0.0,0.0,0.0,0.0,0.0
44822,2023.0,11.0,8.0,6.0,21.015526,24.245214,15.002057,14.838627,21.020123,24.291481,21.025047,24.445637,15.320328,15.71132,15.011994,15.108353,20.879108,23.463774,21.785868,25.641659,16.745777,16.742233,0.0,0.0,0.0,4.0,0.0,0.0,0.0,0.0
44823,2023.0,11.0,8.0,6.0,21.07175,23.944782,15.002337,14.85772,21.121452,24.024055,21.102776,24.155945,20.245333,24.170582,15.011903,15.112739,21.100273,23.54086,22.548199,26.4994,15.943483,16.217304,0.0,0.0,0.0,0.0,0.0,0.0,0.0,4.0
44824,2023.0,11.0,8.0,6.0,21.087234,23.736275,15.002555,14.874513,21.104485,23.676548,21.09009,23.835342,17.210312,17.59195,15.01184,15.116023,21.071692,23.239109,20.902172,23.172976,20.349352,23.887543,0.0,0.0,0.0,0.0,0.0,0.0,0.0,0.0
44825,2023.0,11.0,8.0,6.0,21.076218,23.472961,15.425678,15.677177,21.081789,23.45372,21.088465,23.625406,16.187319,16.57688,15.011845,15.118914,21.071531,23.062296,21.10683,23.443079,17.707846,18.184553,4.0,0.0,0.0,4.0,0.0,0.0,0.0,4.0
44826,2023.0,11.0,8.0,7.0,21.761003,24.278446,20.119133,23.660107,21.553177,24.01825,21.710539,24.343334,20.288862,23.698309,15.012053,15.120726,21.455748,23.505905,21.906006,24.45221,20.370438,23.508423,0.0,4.0,0.0,0.0,0.0,4.0,0.0,0.0
44827,2023.0,11.0,8.0,7.0,20.905203,22.727333,17.868883,18.614935,20.937975,22.82308,20.918224,22.87662,17.225632,17.228954,15.010505,15.113694,20.954077,22.454205,20.883078,22.605412,18.001133,18.476454,4.0,0.0,4.0,0.0,0.0,4.0,4.0,4.0
44828,2023.0,11.0,8.0,7.0,21.759628,24.22449,20.230736,23.293144,21.67971,24.05978,22.028456,24.691278,16.713808,17.27644,15.011346,15.110857,21.744024,23.771786,21.918894,24.18191,20.347382,23.203197,0.0,4.0,0.0,4.0,0.0,0.0,4.0,0.0
44829,2023.0,11.0,8.0,7.0,20.963953,22.681494,18.140776,18.78083,20.961313,22.621023,20.911333,22.600224,20.358305,23.517347,15.009908,15.1056185,20.956396,22.246664,21.039478,22.779047,17.504963,17.381624,4.0,4.0,4.0,4.0,0.0,4.0,0.0,0.0
44830,2023.0,11.0,8.0,7.0,21.963078,24.254917,20.297106,23.03804,21.169472,23.017881,21.182003,23.1281,20.058245,22.586666,15.1503315,15.35521,22.054161,24.137428,21.189724,23.036736,17.100922,17.54642,4.0,4.0,4.0,0.0,4.0,0.0,4.0,4.0
44831,2023.0,11.0,8.0,7.0,21.01654,22.671446,20.037695,22.24475,21.068491,22.794697,21.071358,22.89074,17.434107,17.289644,20.198004,23.681606,20.941687,22.063738,21.055466,22.754295,20.365541,23.2597,4.0,4.0,4.0,0.0,0.0,0.0,4.0,0.0
44832,2023.0,11.0,8.0,8.0,21.825972,24.099678,20.103273,22.18974,21.06931,22.77399,21.097366,22.939125,16.132553,15.6970005,17.724625,18.451763,21.516956,23.04575,21.054974,22.740623,18.196419,18.670382,0.0,4.0,0.0,0.0,4.0,4.0,4.0,4.0
44833,2023.0,11.0,8.0,8.0,20.052044,20.454508,18.175669,18.323614,19.459242,19.668121,18.893585,18.684479,16.753632,17.217234,20.293867,23.46751,19.960314,20.133347,18.899921,18.627033,21.563612,24.904375,4.0,4.0,0.0,4.0,0.0,4.0,0.0,4.0
44834,2023.0,11.0,8.0,8.0,18.40265,18.108406,20.257662,22.57618,18.024014,17.553776,17.64783,17.125465,20.436964,23.377031,17.758762,18.135813,19.463284,19.602554,18.802,19.2148,19.852222,21.627132,4.0,0.0,0.0,4.0,0.0,4.0,4.0,0.0
44835,2023.0,11.0,8.0,8.0,18.475218,18.703985,20.05632,21.98276,17.413315,16.848146,17.47871,17.208992,20.054033,22.432089,16.60496,16.778156,18.622507,18.196733,17.905603,17.537016,17.707075,17.511095,0.0,0.0,0.0,0.0,4.0,0.0,0.0,0.0
44836,2023.0,11.0,8.0,8.0,17.81653,17.545565,18.26427,18.399052,17.102009,16.544973,17.326366,17.112507,17.582266,17.46199,20.461103,23.382391,18.093044,17.57951,17.297527,16.863762,16.630129,16.236036,4.0,0.0,0.0,0.0,4.0,0.0,0.0,0.0
44837,2023.0,11.0,8.0,8.0,17.339252,16.996296,20.252645,22.453049,17.120365,16.837025,17.11924,16.9128,17.054663,17.281586,20.047997,22.425476,17.822678,17.312115,17.005718,16.580307,17.135393,17.538446,4.0,0.0,0.0,4.0,0.0,0.0,0.0,4.0
44838,2023.0,11.0,8.0,9.0,17.094027,16.754934,20.054636,21.883501,17.056547,16.833166,17.642143,18.056236,20.44306,23.100288,17.607162,17.50122,17.626936,17.132156,16.786291,16.376295,20.434666,23.129757,0.0,0.0,4.0,0.0,0.0,0.0,0.0,0.0
44839,2023.0,11.0,8.0,9.0,17.162106,17.087858,18.072128,17.972439,16.919413,16.70984,17.236673,17.217138,17.749208,17.711771,16.52205,16.311947,17.699827,17.455795,16.79976,16.600657,17.698465,17.65038,0.0,0.0,0.0,0.0,0.0,0.0,0.0,0.0
44840,2023.0,11.0,8.0,9.0,17.13409,17.11131,17.401258,17.158194,17.539032,17.974583,16.643171,16.21919,16.717594,16.282206,16.311266,16.11192,17.681032,17.484663,16.747553,16.584162,16.723658,16.323416,0.0,4.0,0.0,0.0,0.0,0.0,0.0,0.0
44841,2023.0,11.0,8.0,9.0,17.045094,17.031797,17.167004,16.957848,17.07127,17.038523,16.399939,15.941757,16.589575,16.369993,16.130077,15.941288,17.602394,17.416882,16.652811,16.499393,16.582626,16.384192,0.0,0.0,0.0,0.0,0.0,0.0,0.0,0.0
44842,2023.0,11.0,8.0,9.0,16.959257,16.952337,16.945026,16.739214,16.520937,16.098341,16.495312,16.2855,16.419714,16.235586,15.97065,15.78974,17.523252,17.339224,16.562807,16.415588,16.402983,16.233582,0.0,0.0,0.0,0.0,0.0,0.0,0.0,0.0
44843,2023.0,11.0,8.0,9.0,16.876835,16.874908,16.754038,16.545584,16.327145,15.886417,16.45015,16.273643,16.236696,16.058926,15.8267565,15.649981,17.449774,17.267893,16.478434,16.33584,16.220404,16.057314,0.0,0.0,0.0,0.0,0.0,0.0,0.0,0.0
44844,2023.0,11.0,8.0,10.0,16.805529,16.813297,16.606396,16.414291,16.451035,16.262266,16.37503,16.210276,16.086348,15.924162,15.709696,15.547417,17.386368,17.210075,16.401451,16.261208,16.069904,15.920962,0.0,0.0,0.0,0.0,0.0,0.0,0.0,0.0
44845,2023.0,11.0,8.0,10.0,16.740446,16.758326,16.478117,16.301805,16.417759,16.254887,16.304783,16.151571,15.956803,15.810589,15.606796,15.458592,17.329521,17.159357,16.333887,16.199743,16.910109,17.636412,0.0,0.0,0.0,0.0,0.0,0.0,0.0,4.0
44846,2023.0,11.0,8.0,10.0,16.677227,16.701792,16.3577,16.189579,16.358133,16.204779,16.235924,16.09042,15.83715,15.699878,15.5101385,15.369792,17.275791,17.109406,16.270231,16.139566,20.350004,23.51163,0.0,0.0,0.0,0.0,0.0,0.0,0.0,4.0
44847,2023.0,11.0,8.0,10.0,16.60838,16.6368,16.719751,16.98783,16.29023,16.142752,16.16307,16.022512,15.710753,15.579063,15.4063225,15.271428,17.219109,17.055298,16.203154,16.074636,20.043776,22.547453,4.0,0.0,0.0,0.0,0.0,0.0,0.0,0.0
44848,2023.0,11.0,8.0,10.0,16.548725,16.585554,20.198278,23.011057,16.229568,16.090147,16.100098,15.96676,15.603083,15.48035,15.316472,15.188715,17.169718,17.010485,16.14482,16.021078,17.601122,17.58896,0.0,0.0,0.0,0.0,0.0,0.0,0.0,0.0
44849,2023.0,11.0,8.0,10.0,16.50191,16.551039,18.155773,18.614893,16.172178,16.038849,16.041035,15.913316,15.507775,15.391511,15.241412,15.120323,17.124403,16.968536,16.090706,15.969982,16.45108,16.170588,0.0,0.0,0.0,0.0,0.0,0.0,0.0,0.0
44850,2023.0,11.0,8.0,11.0,16.455942,16.508356,17.06188,16.926073,16.123955,15.994185,15.991661,15.867167,15.435698,15.321411,15.189305,15.071174,17.087559,16.933226,16.046022,15.926286,16.311514,16.157804,0.0,0.0,0.0,0.0,0.0,0.0,0.0,0.0
44851,2023.0,11.0,8.0,11.0,16.413738,16.471645,17.287476,17.571985,16.08003,15.95645,15.946374,15.828074,15.372672,15.264332,15.143217,15.031307,17.054502,16.903692,16.0058,15.889259,16.176567,16.041967,4.0,0.0,0.0,0.0,0.0,0.0,0.0,0.0
44852,2023.0,11.0,8.0,11.0,16.375452,16.43964,20.269394,22.841206,16.040539,15.924322,15.905419,15.794623,15.317989,15.216693,15.100551,14.992765,17.024837,16.878397,15.9698925,15.857672,16.046097,15.925072,0.0,0.0,0.0,0.0,0.0,0.0,0.0,0.0
44853,2023.0,11.0,8.0,11.0,16.324875,16.385237,18.310194,18.715307,15.997797,15.887632,15.860942,15.756468,15.261057,15.165507,15.058065,14.955127,16.99331,16.850601,15.931508,15.822653,15.906635,15.7943735,0.0,0.0,0.0,0.0,0.0,0.0,0.0,0.0
44854,2023.0,11.0,8.0,11.0,17.083275,17.848028,17.312967,17.20678,15.961294,15.855634,15.822895,15.723159,15.216702,15.124567,15.027998,14.927787,16.966978,16.827013,15.899167,15.792611,15.802793,15.69386,0.0,0.0,0.0,0.0,0.0,0.0,0.0,0.0
44855,2023.0,11.0,8.0,11.0,16.58659,16.756935,17.019258,16.886505,15.926791,15.826489,15.786849,15.6927595,15.175031,15.085154,14.99917,14.904905,16.94232,16.805696,15.868958,15.765412,15.709279,15.606729,0.0,0.0,0.0,0.0,0.0,0.0,0.0,0.0
44856,2023.0,11.0,8.0,12.0,16.864353,17.418919,17.257841,17.538092,15.89098,15.796048,16.504482,17.07867,15.132384,15.04608,15.003835,14.938155,16.916632,16.783485,15.837906,15.7375345,15.61421,15.5180855,4.0,0.0,4.0,0.0,0.0,0.0,0.0,0.0
44857,2023.0,11.0,8.0,12.0,20.849976,24.15539,20.248394,22.780428,21.140076,25.018215,21.185377,24.983374,15.093782,15.0102415,15.003291,14.955238,21.240553,24.175972,21.32414,24.976963,15.529103,15.437231,0.0,4.0,4.0,0.0,0.0,4.0,0.0,0.0
44858,2023.0,11.0,8.0,12.0,21.057322,24.05725,18.281374,18.635338,21.01884,24.187975,21.041027,24.165802,15.064361,14.983513,15.002523,14.964668,21.515087,24.355091,21.97706,25.681686,15.460148,15.372568,0.0,0.0,0.0,0.0,0.0,0.0,0.0,0.0
44859,2023.0,11.0,8.0,12.0,21.09771,23.797876,17.073105,17.02217,21.109144,23.937557,21.08692,23.864735,15.042076,14.964458,15.002825,14.973061,21.601017,24.119623,20.930204,23.414307,15.406659,15.324699,0.0,0.0,4.0,0.0,0.0,0.0,0.0,0.0
44860,2023.0,11.0,8.0,12.0,21.075018,23.550442,16.768377,16.669483,21.093935,23.618847,21.101616,23.6596,15.024234,14.9498,15.002893,14.98002,20.979204,22.741823,22.50738,25.911451,15.36343,15.286872,0.0,0.0,0.0,0.0,0.0,4.0,0.0,0.0
44861,2023.0,11.0,8.0,12.0,21.075506,23.405767,16.588938,16.48859,21.077187,23.41253,21.071585,23.39861,15.009323,14.938008,15.002909,14.986174,21.057726,22.770542,20.883776,22.736229,15.32581,15.251869,0.0,0.0,4.0,0.0,0.0,4.0,4.0,0.0
44862,2023.0,11.0,8.0,13.0,21.069735,23.286665,16.438736,16.333632,21.047821,23.207964,21.094568,23.333645,15.000102,14.935204,15.003296,14.9923935,21.043839,22.647497,21.09116,23.059534,15.292908,15.221513,0.0,4.0,0.0,0.0,0.0,4.0,4.0,0.0
44863,2023.0,11.0,8.0,13.0,21.153584,23.358042,16.316784,16.213491,21.18414,23.370958,21.186085,23.395521,15.000269,14.94699,15.00495,15.001204,21.145275,22.788702,21.16927,23.168108,15.265432,15.197267,0.0,0.0,0.0,0.0,0.0,0.0,0.0,0.0
44864,2023.0,11.0,8.0,13.0,21.146658,23.252922,16.216438,16.11979,21.134796,23.110693,21.154533,23.253244,15.001846,14.9572115,15.005197,15.005475,21.138046,22.675951,21.162125,23.060503,15.241742,15.176592,0.0,4.0,0.0,0.0,0.0,0.0,0.0,0.0
44865,2023.0,11.0,8.0,13.0,21.142633,23.192656,16.129248,16.038992,21.168686,23.150719,21.151299,23.206938,15.001768,14.96274,15.005491,15.0101795,21.133524,22.61109,21.157755,22.994686,15.220659,15.15838,0.0,0.0,0.0,0.0,0.0,0.0,0.0,0.0
44866,2023.0,11.0,8.0,13.0,21.138424,23.139353,16.052902,15.968787,21.162567,23.061169,21.147917,23.158504,15.001956,14.968399,15.005592,15.01416,21.10976,22.541206,21.135696,22.923862,15.201906,15.142366,0.0,0.0,0.0,0.0,0.0,0.0,0.0,0.0
44867,2023.0,11.0,8.0,13.0,21.135384,23.096518,15.985604,15.907381,21.136156,22.987516,21.144993,23.118149,15.001355,14.971711,15.005547,15.017665,21.108624,22.520975,21.133596,22.897072,15.1851425,15.128224,0.0,0.0,0.0,0.0,0.0,0.0,0.0,0.0
44868,2023.0,11.0,8.0,14.0,21.13276,23.059805,15.925948,15.853368,21.093668,22.858635,21.142353,23.082666,15.002537,14.9782295,15.0060005,15.021964,21.10677,22.496317,21.131838,22.867727,15.170105,15.115703,0.0,4.0,0.0,0.0,0.0,0.0,0.0,0.0
44869,2023.0,11.0,8.0,14.0,19.968029,20.768402,15.875583,15.811144,19.185831,19.203926,19.343866,19.604443,15.001307,14.978772,15.2988,15.566721,20.335863,20.968716,19.38872,19.491383,15.155516,15.102492,0.0,0.0,0.0,0.0,4.0,4.0,0.0,0.0
44870,2023.0,11.0,8.0,14.0,18.80021,18.996576,15.824038,15.760962,18.712961,18.967941,18.2681,18.231544,15.321665,15.233793,20.082302,23.652653,19.769936,20.126266,18.46152,18.352596,15.137505,15.084765,0.0,4.0,0.0,0.0,0.0,4.0,0.0,0.0
44871,2023.0,11.0,8.0,14.0,18.070105,17.976059,15.779842,15.716584,18.019781,17.794096,17.862755,17.780865,15.126455,15.084139,17.605837,18.240267,19.572704,19.923906,18.096111,17.968649,15.1177845,15.065231,0.0,0.0,0.0,0.0,0.0,4.0,0.0,0.0
44872,2023.0,11.0,8.0,14.0,17.770065,17.628885,15.746002,15.680751,18.304619,18.565788,18.36206,18.898533,15.043295,14.990804,16.360756,16.279991,19.483952,19.837837,17.884348,17.752375,15.098428,15.04538,0.0,4.0,4.0,0.0,0.0,4.0,0.0,0.0
44873,2023.0,11.0,8.0,14.0,17.754574,17.79882,15.715551,15.650411,18.325783,18.64954,17.803268,17.848206,15.020414,14.965007,16.101557,15.995504,18.686052,18.412577,17.7085,17.584772,15.079298,15.026279,0.0,4.0,0.0,0.0,0.0,0.0,0.0,0.0
44874,2023.0,11.0,8.0,15.0,17.656668,17.729738,16.190632,16.567135,18.25107,18.578753,17.264673,16.997175,14.999412,14.9528265,15.926091,15.817287,18.341337,17.988907,17.555037,17.435482,15.060378,15.00702,4.0,4.0,0.0,0.0,0.0,0.0,0.0,0.0
44875,2023.0,11.0,8.0,15.0,18.261576,18.994028,20.143538,23.290916,17.541622,17.33262,16.984692,16.701813,15.003226,14.978246,15.774284,15.670081,18.13964,17.79661,17.403196,17.293001,15.039508,14.985482,0.0,0.0,0.0,0.0,0.0,0.0,0.0,0.0
44876,2023.0,11.0,8.0,15.0,17.627329,17.646645,18.007774,18.592293,17.118341,16.809414,17.670877,18.170956,15.002544,14.98901,15.64996,15.549504,17.972023,17.633507,17.263409,17.156216,15.017343,14.961894,0.0,0.0,4.0,0.0,0.0,0.0,0.0,0.0
44877,2023.0,11.0,8.0,15.0,17.881512,18.406569,16.589535,16.61384,16.92435,16.605642,17.13949,17.006727,15.00291,14.998809,15.547051,15.448651,18.825312,19.402384,17.13938,17.03333,14.999052,14.946615,0.0,0.0,0.0,0.0,0.0,4.0,0.0,0.0
44878,2023.0,11.0,8.0,15.0,17.357574,17.332731,16.285023,16.230879,17.679981,18.173609,16.681997,16.415987,15.0030775,15.006303,15.45713,15.360915,18.163713,17.921762,17.03114,16.927183,15.00227,14.965218,0.0,4.0,0.0,0.0,0.0,0.0,0.0,0.0
44879,2023.0,11.0,8.0,15.0,16.989965,16.872368,16.610813,16.95572,17.167526,17.021423,16.500332,16.21569,15.003223,15.012878,15.377133,15.282447,17.75239,17.424425,16.935528,16.833153,15.002483,14.975813,4.0,0.0,0.0,0.0,0.0,0.0,0.0,0.0
44880,2023.0,11.0,8.0,16.0,17.569263,18.077606,20.217497,23.16144,16.730684,16.44057,16.54186,16.421156,15.003549,15.018693,15.305966,15.212447,18.389065,18.752047,16.85105,16.751469,15.00229,14.984197,0.0,0.0,0.0,0.0,0.0,4.0,0.0,0.0
44881,2023.0,11.0,8.0,16.0,17.13149,17.113684,18.427986,19.19951,16.551094,16.230547,17.244537,17.783272,15.003601,15.022077,15.643458,15.898021,17.874424,17.613937,16.771706,16.671648,15.002683,14.992414,4.0,0.0,4.0,0.0,4.0,0.0,0.0,0.0
44882,2023.0,11.0,8.0,16.0,16.76898,16.63926,20.314667,22.921871,17.336586,17.819857,16.88296,16.926598,15.303943,15.219444,20.227188,23.662725,18.306952,18.664293,16.698397,16.5978,15.860224,16.609089,0.0,4.0,0.0,0.0,0.0,4.0,0.0,4.0
44883,2023.0,11.0,8.0,16.0,16.636738,16.49484,18.046408,18.197456,17.684164,18.262365,17.02958,17.353086,15.050292,14.989599,17.773357,18.339529,18.504076,18.869682,16.630451,16.529213,20.329811,24.12177,0.0,4.0,4.0,0.0,0.0,4.0,0.0,0.0
44884,2023.0,11.0,8.0,16.0,17.50552,18.226917,16.940908,16.861233,16.91463,16.755907,16.543306,16.360802,15.0025015,14.963514,16.206057,16.150742,17.780066,17.491383,16.567785,16.46636,17.209887,17.426434,0.0,0.0,0.0,0.0,0.0,0.0,0.0,0.0
44885,2023.0,11.0,8.0,16.0,17.593178,18.107592,16.686964,16.576754,17.143198,17.418018,16.885998,17.189407,15.00507,14.992703,15.874475,15.759021,18.229206,18.584276,16.503965,16.39632,15.703697,15.467564,0.0,4.0,4.0,0.0,0.0,4.0,0.0,0.0
44886,2023.0,11.0,8.0,17.0,17.544147,18.0387,16.972984,17.258898,16.659056,16.416332,16.431376,16.220325,15.005018,15.010739,15.71075,15.591946,17.65264,17.33847,17.478825,18.28045,15.544748,15.435674,4.0,0.0,0.0,0.0,0.0,0.0,4.0,0.0
44887,2023.0,11.0,8.0,17.0,17.542494,18.019512,20.266838,22.986744,16.303024,15.938852,16.076717,15.741015,15.005364,15.025047,15.575212,15.452874,18.09709,18.418533,16.732838,16.528702,15.452162,15.357653,0.0,0.0,0.0,0.0,0.0,4.0,0.0,0.0
44888,2023.0,11.0,8.0,17.0,16.891697,16.798729,18.560255,19.255737,16.846905,17.054941,15.931313,15.56818,15.608621,16.161201,15.4638405,15.343164,17.557524,17.236956,17.335785,17.96782,16.32097,17.092503,4.0,4.0,0.0,4.0,0.0,0.0,4.0,4.0
44889,2023.0,11.0,8.0,17.0,16.590925,16.376165,20.229454,22.414549,17.028442,17.306599,16.799435,17.286285,20.182255,23.96763,15.806339,16.056015,18.068998,18.366606,16.565842,16.334139,20.249779,23.76983,0.0,4.0,4.0,0.0,4.0,4.0,0.0,0.0
44890,2023.0,11.0,8.0,17.0,17.179258,17.592743,18.079527,18.036594,17.052282,17.314743,16.91323,17.2166,17.105288,17.301657,20.302937,23.55641,17.521389,17.174562,16.152039,15.837079,17.227526,17.32793,0.0,4.0,4.0,0.0,0.0,0.0,0.0,0.0
44891,2023.0,11.0,8.0,17.0,17.394955,17.83962,17.548988,17.77874,17.0608,17.309986,16.843287,17.108248,15.520763,15.252735,17.804594,18.314373,17.163952,16.748602,16.028204,15.700359,15.801142,15.535327,4.0,4.0,4.0,0.0,0.0,0.0,0.0,0.0
44892,2023.0,11.0,8.0,18.0,16.755842,16.626835,20.292253,22.640526,17.056553,17.293064,16.23144,15.9580555,15.421822,15.280952,16.59111,16.439861,17.042244,16.614458,15.945739,15.6110115,15.695637,15.556926,0.0,4.0,0.0,0.0,0.0,0.0,0.0,0.0
44893,2023.0,11.0,8.0,18.0,21.282507,24.747429,18.737085,19.318256,21.267832,24.62229,20.939535,24.325228,15.339439,15.221852,16.640696,16.819954,21.19948,23.916273,21.682446,25.45803,15.589145,15.470992,4.0,4.0,0.0,0.0,4.0,0.0,0.0,0.0
44894,2023.0,11.0,8.0,18.0,21.066244,23.838512,20.269905,22.360798,21.020172,23.657686,21.010303,23.874382,15.224658,15.104401,20.439358,23.317375,21.625214,24.338593,22.20927,25.890667,15.46213,15.347363,4.0,4.0,4.0,0.0,4.0,0.0,0.0,0.0
44895,2023.0,11.0,8.0,18.0,21.073347,23.504416,20.033693,21.7085,21.083357,23.460009,21.112606,23.718435,15.9102545,16.481218,20.044329,22.33265,20.970825,22.869997,23.111305,27.035578,15.351551,15.232721,4.0,4.0,0.0,4.0,0.0,0.0,0.0,0.0
44896,2023.0,11.0,8.0,18.0,21.06853,23.278437,20.069384,21.652346,21.073027,23.218843,21.095745,23.43,20.071413,23.431393,17.67614,17.536873,21.073982,22.907658,21.75914,24.141975,15.261203,15.142163,4.0,4.0,0.0,0.0,0.0,0.0,4.0,0.0
44897,2023.0,11.0,8.0,18.0,21.066439,23.122065,20.08126,21.600311,21.071749,23.058628,21.051712,23.18474,17.194777,17.249985,16.354973,15.844498,21.032356,22.6814,21.028023,22.775446,15.18415,15.063528,0.0,4.0,4.0,0.0,0.0,4.0,4.0,0.0
44898,2023.0,11.0,8.0,19.0,21.065046,23.007475,18.253801,18.03107,21.069704,22.93773,21.10154,23.163385,16.35535,16.612827,16.252241,16.012432,21.054152,22.60402,21.095312,22.886715,15.118074,14.996256,0.0,4.0,0.0,4.0,0.0,4.0,0.0,0.0
44899,2023.0,11.0,8.0,19.0,21.08973,22.990164,17.920038,18.077934,21.092384,22.912611,21.067724,22.971956,20.414738,23.466253,16.179611,15.998937,21.079264,22.58449,21.082811,22.808065,15.060178,14.937092,4.0,0.0,4.0,0.0,0.0,0.0,0.0,0.0
44900,2023.0,11.0,8.0,19.0,21.056433,22.830158,20.226566,22.267086,21.086082,22.824148,21.096397,22.971674,17.427586,17.387272,16.016312,15.843177,21.044489,22.422752,21.082926,22.75951,15.008774,14.884355,0.0,0.0,0.0,0.0,0.0,4.0,0.0,0.0
44901,2023.0,11.0,8.0,19.0,21.087076,22.855734,18.848564,19.350832,21.085443,22.760626,21.065424,22.826675,15.938183,15.518148,15.866881,15.702577,21.077993,22.456705,21.082003,22.715734,15.003715,14.911703,4.0,0.0,4.0,0.0,0.0,0.0,0.0,0.0
44902,2023.0,11.0,8.0,19.0,21.054478,22.72338,20.257378,22.149662,21.039389,22.640139,21.094473,22.856197,15.841221,15.666459,15.72715,15.556557,21.071781,22.396025,21.025848,22.575169,15.003977,14.934211,4.0,4.0,0.0,0.0,0.0,0.0,4.0,0.0
44903,2023.0,11.0,8.0,19.0,21.058414,22.697834,20.022429,21.53455,21.091957,22.71404,21.0599,22.725431,15.751358,15.598166,15.59909,15.422586,21.069664,22.352108,21.092134,22.701246,15.005279,14.953346,4.0,0.0,4.0,0.0,0.0,0.0,0.0,0.0
44904,2023.0,11.0,8.0,20.0,21.05819,22.6699,20.089756,21.580334,21.055084,22.578773,21.068623,22.710558,15.60833,15.4551,15.908885,16.098013,21.052238,22.320154,21.077362,22.638016,15.004836,14.965144,0.0,4.0,4.0,0.0,4.0,0.0,0.0,0.0
44905,2023.0,11.0,8.0,20.0,21.054548,22.639858,18.218452,17.91666,21.085506,22.627031,21.064333,22.674995,15.485335,15.337249,20.304602,23.361301,21.05199,22.315666,21.076906,22.606232,15.874854,16.614527,0.0,0.0,4.0,0.0,0.0,0.0,0.0,4.0
44906,2023.0,11.0,8.0,20.0,21.083836,22.697086,17.466959,17.198578,21.056673,22.519352,21.091019,22.721092,15.374838,15.226328,17.83251,18.227507,21.054136,22.313858,21.062231,22.584894,20.280985,23.971355,0.0,4.0,0.0,0.0,0.0,0.0,0.0,0.0
44907,2023.0,11.0,8.0,20.0,21.077892,22.659498,17.28828,17.052912,21.061718,22.507524,21.08491,22.677343,15.278303,15.129375,16.685797,16.85054,21.053879,22.305725,21.025387,22.484306,17.02319,17.008282,0.0,4.0,0.0,0.0,4.0,0.0,4.0,0.0
44908,2023.0,11.0,8.0,20.0,21.051561,22.564014,17.088152,16.853268,21.085602,22.555893,21.085085,22.648407,15.19284,15.043121,20.458015,23.287487,21.02427,22.220213,21.049463,22.50388,16.418224,16.846111,0.0,0.0,0.0,0.0,4.0,4.0,4.0,4.0
44909,2023.0,11.0,8.0,20.0,21.082802,22.631126,16.91733,16.67926,21.079918,22.52084,21.038443,22.551369,15.117085,14.966708,20.033333,22.267399,21.047356,22.229479,21.046524,22.479342,20.975922,24.478758,0.0,0.0,4.0,0.0,4.0,4.0,4.0,0.0
44910,2023.0,11.0,8.0,21.0,21.050205,22.52863,16.771906,16.531357,21.054928,22.42895,21.045218,22.572527,15.049433,14.898334,20.105993,22.167147,21.044577,22.198296,21.08555,22.567919,18.139404,18.569742,0.0,4.0,4.0,0.0,0.0,4.0,0.0,4.0
44911,2023.0,11.0,8.0,21.0,21.055649,22.528814,17.106102,17.262392,21.084528,22.493017,21.090445,22.642027,14.998838,14.86004,17.781414,17.519623,21.074,22.254013,21.038408,22.422731,20.449434,23.196005,4.0,0.0,0.0,0.0,0.0,0.0,4.0,0.0
44912,2023.0,11.0,8.0,21.0,21.169834,22.767382,20.26842,22.818336,21.16496,22.63567,21.163225,22.75166,15.005553,14.906709,16.817589,16.572134,21.129597,22.3383,21.19662,22.751753,17.543673,17.37408,4.0,0.0,0.0,0.0,0.0,0.0,0.0,0.0
44913,2023.0,11.0,8.0,21.0,21.048132,22.48684,20.027548,21.956976,21.056875,22.442003,21.056509,22.487406,15.004598,14.929312,16.593899,16.370253,21.067791,22.189388,21.075464,22.485914,17.18429,17.621666,4.0,0.0,4.0,0.0,0.0,0.0,0.0,4.0
44914,2023.0,11.0,8.0,21.0,21.081394,22.56396,20.07401,21.809418,21.035103,22.391815,21.08719,22.551012,15.005429,14.948786,16.370647,16.161192,21.049421,22.170176,21.076992,22.469692,20.415098,23.105078,4.0,4.0,0.0,0.0,0.0,0.0,0.0,0.0
44915,2023.0,11.0,8.0,21.0,21.048674,22.465292,20.084614,21.685093,21.039846,22.413345,21.080812,22.517948,15.005484,14.962716,16.174381,15.9708185,21.051256,22.181463,21.076477,22.451374,18.231441,18.621643,0.0,4.0,0.0,0.0,0.0,0.0,0.0,4.0
44916,2023.0,11.0,8.0,22.0,21.080996,22.541603,18.460842,18.435085,21.060726,22.420156,21.035084,22.431643,15.005724,14.974128,16.00821,15.807383,21.051023,22.18352,21.0586,22.435518,20.419641,22.902021,4.0,4.0,4.0,0.0,0.0,0.0,0.0,0.0
44917,2023.0,11.0,8.0,22.0,21.164711,22.695353,20.245974,22.09862,21.17585,22.62529,21.174746,22.684994,15.006346,14.98466,15.853596,15.647772,21.134735,22.35032,21.20771,22.743036,17.680267,17.45109,0.0,4.0,4.0,0.0,0.0,0.0,0.0,0.0
44918,2023.0,11.0,8.0,22.0,21.048704,22.427616,18.186052,17.908512,21.05782,22.365065,21.085472,22.505808,15.00649,14.992885,15.717871,15.5127735,21.050888,22.17763,21.060188,22.447948,16.380505,15.887641,0.0,4.0,0.0,0.0,0.0,0.0,0.0,0.0
44919,2023.0,11.0,8.0,22.0,21.081282,22.506674,17.335732,17.052668,21.056831,22.34679,21.079494,22.476084,15.007503,15.001767,15.912474,15.983125,21.049992,22.172598,21.059694,22.44876,16.306732,16.119665,0.0,4.0,0.0,0.0,4.0,0.0,0.0,0.0
44920,2023.0,11.0,8.0,22.0,21.048098,22.40912,17.600624,17.725683,21.058153,22.334114,21.0821,22.463463,15.214084,15.021507,20.375439,23.417849,21.051086,22.169764,21.060658,22.448936,16.991676,17.545088,4.0,4.0,0.0,0.0,4.0,0.0,0.0,4.0
44921,2023.0,11.0,8.0,22.0,21.081324,22.489347,20.251411,22.445778,21.083138,22.389084,21.058918,22.444347,15.360191,15.218536,20.000544,22.459791,21.051004,22.164122,21.02148,22.340755,21.180166,24.647564,4.0,0.0,0.0,0.0,4.0,0.0,4.0,0.0
44922,2023.0,11.0,8.0,23.0,21.075245,22.46526,20.05633,21.77616,21.05271,22.289051,21.061472,22.461601,15.445561,15.296697,20.090027,22.347172,21.051071,22.158281,21.087032,22.467005,17.841967,17.66095,0.0,4.0,0.0,0.0,0.0,0.0,0.0,0.0
44923,2023.0,11.0,8.0,23.0,19.276655,19.00717,18.038584,17.724695,19.707449,19.702461,19.566908,19.600632,15.091154,14.922699,18.044397,18.189087,20.381708,20.83826,19.137545,18.690907,16.993048,17.143433,0.0,4.0,0.0,0.0,0.0,4.0,0.0,4.0
44924,2023.0,11.0,8.0,23.0,18.882933,18.723454,17.473434,17.076082,18.520334,17.775644,18.814308,18.534214,15.000297,14.8574095,17.435728,17.455215,20.168993,20.572767,18.374285,17.731842,16.276165,15.84124,0.0,0.0,0.0,0.0,4.0,4.0,0.0,0.0
44925,2023.0,11.0,8.0,23.0,19.400244,19.940018,17.299015,16.987576,17.93185,17.117672,18.42788,18.13117,15.009444,14.9275255,16.969114,16.757494,19.604307,19.569426,18.324257,18.039331,15.788934,15.292455,0.0,0.0,0.0,0.0,0.0,4.0,0.0,0.0
44926,2023.0,11.0,8.0,23.0,18.40321,18.011103,17.10136,16.80265,17.61235,16.809105,18.149368,17.857397,15.00827,14.963317,16.583624,16.343845,18.702385,18.111746,19.212938,19.891485,16.582554,17.04254,0.0,0.0,0.0,0.0,0.0,0.0,4.0,4.0
44927,2023.0,11.0,8.0,23.0,17.74733,17.205517,16.921127,16.623024,17.750095,17.348476,17.918169,17.627748,15.009017,14.99391,16.325985,16.08245,18.197958,17.523037,18.139248,17.641449,16.607588,16.819874,0.0,0.0,0.0,0.0,0.0,0.0,0.0,4.0
44928,2023.0,11.0,9.0,0.0,17.461365,16.905396,16.764284,16.464167,17.747604,17.42812,17.719503,17.428299,15.009529,15.017751,16.120163,15.878433,17.933634,17.2534,17.46618,16.88255,15.775104,15.355007,0.0,0.0,0.0,0.0,0.0,0.0,0.0,0.0
44929,2023.0,11.0,9.0,0.0,17.667555,17.527325,16.627314,16.325087,17.614511,17.302639,17.545937,17.253704,15.391587,15.748982,16.279408,16.337105,17.736975,17.063763,17.199537,16.614073,15.33798,14.854013,0.0,0.0,0.0,4.0,4.0,0.0,0.0,0.0
44930,2023.0,11.0,9.0,0.0,17.64476,17.542374,16.529905,16.229181,17.50536,17.198126,17.42094,17.132177,14.934744,14.892027,15.955867,15.736258,17.976362,17.694056,17.36283,17.120533,15.174903,14.69225,0.0,0.0,0.0,0.0,0.0,0.0,0.0,0.0
44931,2023.0,11.0,9.0,0.0,17.547209,17.448298,16.42446,16.125473,17.385471,17.081692,17.286257,17.000568,15.024044,15.084653,15.710474,15.4668665,17.965736,17.69263,17.318918,17.084059,15.327776,15.148619,0.0,0.0,0.0,0.0,0.0,0.0,0.0,0.0
44932,2023.0,11.0,9.0,0.0,17.447456,17.3494,16.32533,16.025482,17.272688,16.969961,17.160988,16.875902,15.018713,15.080809,15.563337,15.315713,17.872837,17.599592,17.20431,16.969452,15.299148,15.106899,0.0,0.0,0.0,0.0,0.0,0.0,0.0,0.0
44933,2023.0,11.0,9.0,0.0,17.35601,17.260778,16.238974,15.94247,17.173086,16.875027,17.051323,16.771004,15.02028,15.0972185,15.444309,15.198277,17.782812,17.510284,17.094252,16.860476,15.223432,15.031624,0.0,0.0,0.0,0.0,0.0,0.0,0.0,0.0
44934,2023.0,11.0,9.0,1.0,17.271326,17.178844,16.159979,15.866656,17.081665,16.78791,16.951353,16.675453,15.021185,15.105609,15.338171,15.09349,17.699203,17.427328,16.992632,16.759827,15.150521,14.959108,0.0,0.0,0.0,0.0,0.0,0.0,0.0,0.0
44935,2023.0,11.0,9.0,1.0,17.192528,17.10234,16.086897,15.796407,16.996916,16.70697,16.85924,16.587267,15.021704,15.113401,15.241751,14.998071,17.621605,17.35014,16.898808,16.666723,15.082511,14.891298,0.0,0.0,0.0,0.0,0.0,0.0,0.0,0.0
44936,2023.0,11.0,9.0,1.0,17.118948,17.030766,16.018864,15.731008,16.917902,16.631445,16.773813,16.50545,15.021313,15.118811,15.153519,14.910691,17.549398,17.278284,16.811863,16.580414,15.019213,14.828145,0.0,0.0,0.0,0.0,0.0,0.0,0.0,0.0
44937,2023.0,11.0,9.0,1.0,17.0546,16.972853,15.960711,15.680863,16.849413,16.571762,16.70015,16.441133,15.010629,15.105893,15.371317,15.389407,17.485325,17.217943,16.734592,16.507439,15.694664,16.15241,0.0,0.0,0.0,0.0,4.0,0.0,0.0,4.0
44938,2023.0,11.0,9.0,1.0,16.98934,16.908895,15.900944,15.622875,16.77948,16.504454,16.625996,16.369297,15.299276,15.64408,15.181647,14.9761915,17.421883,17.154697,16.658648,16.431797,15.253074,15.086372,0.0,0.0,0.0,4.0,0.0,0.0,0.0,0.0
44939,2023.0,11.0,9.0,1.0,16.932198,16.850935,15.849314,15.5709505,16.71834,16.443789,16.562021,16.305302,14.963186,15.009759,15.347568,15.378426,17.366642,17.097897,16.592993,16.364624,14.987577,14.734304,0.0,0.0,0.0,0.0,4.0,0.0,0.0,0.0
44940,2023.0,11.0,9.0,2.0,16.871717,16.7903,15.794608,15.516701,16.65356,16.380205,16.494267,16.238443,15.024041,15.146045,15.111064,14.881873,17.308584,17.039276,16.523956,16.295212,15.022337,14.850525,0.0,0.0,0.0,0.0,0.0,0.0,0.0,0.0
44941,2023.0,11.0,9.0,2.0,16.81193,16.728802,15.741655,15.464262,16.591225,16.319046,16.428978,16.17412,15.023744,15.148131,15.003634,14.812274,17.253344,16.984072,16.458311,16.22981,15.003895,14.869723,0.0,0.0,0.0,0.0,0.0,0.0,0.0,0.0
44942,2023.0,11.0,9.0,2.0,16.757648,16.67621,15.695143,15.422419,16.53568,16.268536,16.370821,16.12103,15.303999,15.670447,15.010374,14.873175,17.202652,16.93525,16.397686,16.171144,15.008,14.914706,0.0,0.0,0.0,4.0,0.0,0.0,0.0,0.0
44943,2023.0,11.0,9.0,2.0,16.709845,16.633837,15.649865,15.380736,16.48184,16.218756,16.314579,16.068863,14.96313,14.999284,15.18165,15.221861,17.154213,16.88851,16.339914,16.115244,15.006996,14.941296,0.0,0.0,0.0,0.0,4.0,0.0,0.0,0.0
44944,2023.0,11.0,9.0,2.0,16.659956,16.584099,15.602643,15.33288,16.425941,16.162687,16.256517,16.010395,15.046875,15.171867,15.25429,15.311386,17.105537,16.839252,16.282303,16.057186,15.012174,14.977637,0.0,0.0,0.0,0.0,4.0,0.0,0.0,0.0
44945,2023.0,11.0,9.0,2.0,16.611412,16.53609,15.561808,15.295857,16.376385,16.117455,16.20537,15.963446,15.003685,15.095739,14.949444,14.762439,17.060896,16.796291,16.229113,16.005816,15.007121,14.983163,0.0,0.0,0.0,0.0,4.0,0.0,0.0,0.0
44946,2023.0,11.0,9.0,3.0,16.564955,16.491497,15.518833,15.253268,16.325167,16.06706,16.15264,15.911342,15.025146,15.158731,15.040632,14.993086,17.016504,16.752197,16.176514,15.9536085,15.013745,15.014539,0.0,0.0,0.0,0.0,0.0,0.0,0.0,0.0
44947,2023.0,11.0,9.0,3.0,16.524792,16.457458,15.479545,15.216897,16.277754,16.022898,16.103977,15.865752,15.025529,15.162229,15.178473,15.237075,16.97507,16.7126,16.126972,15.905888,15.015593,15.029197,0.0,0.0,0.0,0.0,4.0,0.0,0.0,0.0
44948,2023.0,11.0,9.0,3.0,16.482843,16.417498,15.443247,15.184826,16.233345,15.983081,16.058624,15.824792,15.01101,15.146081,14.967378,14.86457,16.935732,16.675673,16.079805,15.861135,15.007814,15.026326,0.0,0.0,0.0,0.0,0.0,0.0,0.0,0.0
44949,2023.0,11.0,9.0,3.0,16.439615,16.3748,15.40492,15.14775,16.187258,15.93851,16.011635,15.779094,15.026061,15.186183,15.017121,15.006559,16.896364,16.637514,16.032833,15.815326,15.016823,15.057892,0.0,0.0,0.0,0.0,0.0,0.0,0.0,0.0
44950,2023.0,11.0,9.0,3.0,16.396841,16.332184,15.368845,15.114323,16.143585,15.897724,15.967248,15.737388,15.02704,15.189633,15.01674,15.0007715,16.858582,16.601517,15.987606,15.771862,15.017689,15.066654,0.0,0.0,0.0,0.0,0.0,0.0,0.0,0.0
44951,2023.0,11.0,9.0,3.0,16.358824,16.298523,15.333613,15.081658,16.100945,15.857868,15.92403,15.69674,15.028031,15.197923,15.017663,15.02018,16.821693,16.566402,15.943496,15.729498,15.017608,15.076414,0.0,0.0,0.0,0.0,0.0,0.0,0.0,0.0
44952,2023.0,11.0,9.0,4.0,16.32763,16.276657,15.3017,15.054813,16.06189,15.824231,15.884594,15.662532,15.012056,15.175086,15.00914,15.015724,16.78698,16.534863,15.901915,15.691251,15.51169,16.00761,0.0,0.0,0.0,0.0,0.0,0.0,0.0,4.0
44953,2023.0,11.0,9.0,4.0,16.29946,16.256685,15.263554,15.014755,16.016653,15.777288,15.839492,15.615274,15.028542,15.21519,15.019865,15.050248,16.748865,16.495907,15.856894,15.645301,15.772367,16.332005,0.0,0.0,0.0,0.0,0.0,0.0,0.0,4.0
44954,2023.0,11.0,9.0,4.0,16.262197,16.219988,15.231429,14.986599,15.977857,15.742966,15.801284,15.580999,15.24381,15.602456,15.009536,15.037705,16.714264,16.463902,15.815695,15.60688,14.944968,14.824012,0.0,0.0,0.0,4.0,0.0,0.0,0.0,0.0
44955,2023.0,11.0,9.0,4.0,16.219427,16.173086,15.193056,14.945332,15.932591,15.695068,15.756541,15.533262,15.360707,15.752413,15.021531,15.072844,16.675785,16.42393,15.770648,15.560358,15.036878,15.080986,0.0,0.0,0.0,4.0,0.0,0.0,0.0,0.0
44956,2023.0,11.0,9.0,4.0,16.180647,16.133314,15.160725,14.915685,15.893468,15.659073,15.717815,15.497339,14.9766,15.060425,15.046349,15.11099,16.640558,16.390379,15.72907,15.520532,15.013012,15.023402,0.0,0.0,0.0,0.0,4.0,0.0,0.0,0.0
44957,2023.0,11.0,9.0,4.0,16.140926,16.092178,15.127214,14.882992,15.853229,15.62018,15.677952,15.45855,15.033929,15.180525,15.045588,15.1125,16.60474,16.355461,15.687191,15.47975,15.520783,16.00955,0.0,0.0,0.0,0.0,4.0,0.0,0.0,4.0
44958,2023.0,11.0,9.0,5.0,16.100798,16.050295,15.093538,14.849563,15.812791,15.580462,15.638328,15.419168,15.024909,15.167561,15.03442,15.102102,16.568508,16.319693,15.64489,15.437937,14.940785,14.857494,0.0,0.0,0.0,0.0,4.0,0.0,0.0,0.0
44959,2023.0,11.0,9.0,5.0,16.06338,16.01376,15.062318,14.82068,15.774639,15.5448885,15.600988,15.384021,15.014113,15.172903,15.024516,15.086165,16.534039,16.287321,15.604332,15.399418,15.238941,15.466228,0.0,0.0,0.0,0.0,0.0,0.0,0.0,4.0
44960,2023.0,11.0,9.0,5.0,16.034666,15.993869,15.032374,14.7933,15.73771,15.510562,15.564976,15.350196,15.017076,15.196984,15.024113,15.077543,16.50067,16.2561,15.564837,15.3618,14.9642515,14.943875,0.0,0.0,0.0,0.0,0.0,0.0,0.0,0.0
44961,2023.0,11.0,9.0,5.0,16.001156,15.960368,15.00259,14.76567,15.701056,15.476117,15.529044,15.316201,15.029443,15.236312,15.0224285,15.095099,16.468124,16.225714,15.526248,15.325177,15.0399475,15.137382,0.0,0.0,0.0,0.0,0.0,0.0,0.0,0.0
44962,2023.0,11.0,9.0,5.0,15.965387,15.924577,15.001654,14.79367,15.66602,15.444386,15.494618,15.284824,15.030859,15.246813,15.023771,15.111373,16.436836,16.197052,15.488994,15.290375,15.018741,15.097824,0.0,0.0,0.0,0.0,0.0,0.0,0.0,0.0
44963,2023.0,11.0,9.0,5.0,15.930016,15.889479,15.003035,14.81732,15.631528,15.413151,15.460669,15.253904,15.03217,15.258083,15.025429,15.126858,16.406345,16.16919,15.452635,15.256466,15.020867,15.134807,0.0,0.0,0.0,0.0,0.0,0.0,0.0,0.0
44964,2023.0,11.0,9.0,6.0,15.900882,15.866651,15.004231,14.838291,15.597468,15.382304,15.427142,15.223371,15.031949,15.264808,15.025488,15.136718,16.376596,16.142067,15.417076,15.223353,15.024167,15.157975,0.0,0.0,0.0,0.0,0.0,0.0,0.0,0.0
44965,2023.0,11.0,9.0,6.0,20.94534,24.700657,15.420468,15.628292,20.834074,24.530134,20.74477,24.490822,15.014993,15.24101,15.012421,15.121962,20.40382,22.961683,21.012997,24.642471,15.465633,15.984439,4.0,0.0,0.0,0.0,0.0,0.0,0.0,4.0
44966,2023.0,11.0,9.0,6.0,21.299704,24.625782,20.120592,23.626955,21.278297,24.603165,21.229025,24.656265,15.211905,15.593424,15.014667,15.133764,21.226974,24.201557,21.797436,25.612715,20.432459,24.534319,0.0,0.0,0.0,4.0,0.0,0.0,0.0,4.0
44967,2023.0,11.0,9.0,6.0,21.00663,23.754677,17.554752,17.994173,21.014793,23.755507,21.03479,23.914999,20.355034,24.47807,15.012796,15.130263,21.160038,23.664022,22.232706,25.865799,20.051401,23.228474,0.0,0.0,0.0,4.0,0.0,0.0,0.0,0.0
44968,2023.0,11.0,9.0,6.0,21.094189,23.687447,15.927175,15.795614,21.096605,23.655352,21.097874,23.766039,20.050425,23.288464,15.013379,15.130818,21.04729,23.219133,21.034014,23.403494,16.89763,16.753578,0.0,0.0,0.0,0.0,0.0,0.0,4.0,0.0
44969,2023.0,11.0,9.0,6.0,21.080463,23.486794,15.619649,15.417403,21.083107,23.441715,21.086918,23.551023,16.879803,16.769936,15.01321,15.132931,21.076763,23.10333,21.128075,23.436882,15.4839945,15.032557,0.0,0.0,0.0,0.0,0.0,0.0,0.0,0.0
44970,2023.0,11.0,9.0,7.0,21.076714,23.354803,15.45415,15.234065,21.079468,23.298689,21.08308,23.404623,15.366366,14.884634,15.01343,15.136543,21.039618,22.882988,21.091106,23.229977,15.399973,15.218043,0.0,0.0,0.0,0.0,0.0,4.0,0.0,0.0
44971,2023.0,11.0,9.0,7.0,21.07771,23.26208,15.829531,16.034937,21.08001,23.19556,21.083864,23.30091,15.263321,15.049783,15.013488,15.140372,21.093597,22.877823,21.096153,23.132439,16.35436,17.137903,4.0,0.0,0.0,0.0,0.0,0.0,0.0,4.0
44972,2023.0,11.0,9.0,7.0,21.882292,24.452124,20.221264,23.57011,21.688078,24.166069,22.039896,24.709442,15.159826,14.978309,15.080186,15.254895,21.680456,23.735052,21.849316,24.403152,20.26714,23.710526,4.0,0.0,0.0,0.0,4.0,0.0,0.0,0.0
44973,2023.0,11.0,9.0,7.0,22.004688,24.57419,20.031208,22.686626,21.849825,24.193113,21.865744,24.312147,15.851403,16.43358,20.096243,23.558897,21.937407,24.022085,21.996384,24.508892,17.050844,16.944931,4.0,4.0,0.0,4.0,0.0,0.0,0.0,0.0
44974,2023.0,11.0,9.0,7.0,22.073912,24.675846,20.11421,22.522184,21.593071,23.610771,21.94671,24.262852,20.317541,24.044641,17.32711,17.790403,21.800259,23.614492,21.875175,24.02588,15.527824,15.089478,0.0,0.0,4.0,0.0,0.0,0.0,0.0,0.0
44975,2023.0,11.0,9.0,7.0,21.000097,22.720798,17.896805,18.000492,20.96681,22.418888,20.925966,22.40284,17.455095,17.846405,15.962957,16.111635,21.048035,22.36808,21.027863,22.56971,16.481243,17.225874,4.0,0.0,4.0,4.0,4.0,0.0,4.0,4.0
44976,2023.0,11.0,9.0,8.0,21.172333,23.045858,20.264147,22.795996,21.107536,22.721561,21.126028,22.847942,21.326832,25.000702,20.468742,23.762758,21.161661,22.60831,21.099218,22.756413,20.648727,24.209858,4.0,0.0,0.0,4.0,4.0,4.0,0.0,0.0
44977,2023.0,11.0,9.0,8.0,19.43577,19.683718,20.058434,22.129433,19.889078,20.395754,19.371561,19.453869,21.02977,24.118803,20.048752,22.725227,19.708609,19.79627,19.693068,20.016844,17.34461,17.27291,0.0,4.0,4.0,0.0,0.0,4.0,4.0,0.0
44978,2023.0,11.0,9.0,8.0,18.682932,18.85616,17.775942,17.582691,19.221336,19.619417,18.48466,18.432356,17.917156,17.822367,17.587587,17.669365,18.50936,17.984453,18.178938,17.692038,15.761722,15.344988,0.0,4.0,4.0,0.0,4.0,0.0,0.0,0.0
44979,2023.0,11.0,9.0,8.0,18.481981,18.6582,17.46784,17.469244,18.603394,18.577456,17.611486,17.015268,16.637623,16.070515,20.386326,22.781282,18.036716,17.40418,17.621943,17.05437,16.65037,17.313757,4.0,4.0,0.0,0.0,4.0,0.0,0.0,4.0
44980,2023.0,11.0,9.0,8.0,17.612286,17.215792,20.240738,22.572815,18.226215,18.16835,17.05187,16.377996,17.176888,17.588684,20.046452,22.087442,17.725935,17.104187,18.282091,18.6419,21.628958,25.692318,0.0,4.0,0.0,4.0,4.0,0.0,4.0,4.0
44981,2023.0,11.0,9.0,8.0,17.829023,17.984781,18.244005,18.459496,18.023607,17.98038,16.745913,16.07763,21.88209,25.549877,20.109867,22.080746,18.61743,19.058302,17.53439,17.126963,21.053484,24.174974,0.0,4.0,0.0,4.0,0.0,4.0,0.0,0.0
44982,2023.0,11.0,9.0,9.0,17.220276,16.8471,17.441309,17.622395,17.86213,17.834074,16.828873,16.493296,19.892813,21.784447,17.770351,17.48482,18.532463,18.658543,16.931606,16.432398,17.84694,17.72031,4.0,4.0,0.0,0.0,0.0,4.0,0.0,0.0
44983,2023.0,11.0,9.0,9.0,17.524082,17.715654,20.240412,22.70402,17.735703,17.730402,17.516193,17.876862,17.586273,17.319143,16.752167,16.468946,17.693491,17.218569,16.651606,16.158342,16.337414,15.892171,4.0,4.0,4.0,0.0,0.0,0.0,0.0,0.0
44984,2023.0,11.0,9.0,9.0,17.676731,17.95047,20.058828,22.062815,17.632128,17.648832,17.09321,16.984335,17.102129,17.227634,16.888071,16.997007,17.260576,16.709087,16.708574,16.485725,16.81755,17.184193,0.0,4.0,0.0,4.0,4.0,0.0,0.0,4.0
44985,2023.0,11.0,9.0,9.0,17.636086,17.923155,18.15779,18.215662,17.547636,17.587511,17.075312,17.132444,21.86331,25.226936,20.375221,22.940386,17.872753,18.037416,16.669577,16.485394,21.866236,25.560328,4.0,4.0,4.0,4.0,0.0,4.0,0.0,4.0
44986,2023.0,11.0,9.0,9.0,17.607082,17.9142,20.259644,22.494684,16.827002,16.324787,16.45365,15.97761,19.867975,21.600327,18.062622,18.305334,17.377455,16.944227,17.582638,18.302258,19.852015,21.819366,0.0,0.0,0.0,0.0,0.0,0.0,4.0,0.0
44987,2023.0,11.0,9.0,9.0,17.571459,17.886992,18.030607,17.921276,17.10239,17.112158,16.080097,15.523276,17.70645,17.450905,17.072886,17.20387,17.005346,16.506203,16.734722,16.392166,17.547739,17.33926,0.0,4.0,0.0,0.0,4.0,0.0,0.0,0.0
44988,2023.0,11.0,9.0,10.0,17.546967,17.874384,17.686367,17.712006,16.574451,16.115332,16.650341,16.702864,17.530249,17.61726,20.425076,22.973837,16.885933,16.388119,16.344835,15.915545,16.678015,16.20573,4.0,0.0,4.0,4.0,0.0,0.0,0.0,0.0
44989,2023.0,11.0,9.0,10.0,17.539476,17.896555,20.247276,22.441704,16.217236,15.680669,16.22461,15.802797,20.381468,22.679731,18.131273,18.382996,17.051487,16.825983,16.183203,15.773495,17.446898,18.064522,0.0,0.0,0.0,0.0,0.0,0.0,0.0,4.0
44990,2023.0,11.0,9.0,10.0,17.53104,17.907875,18.425982,18.697578,16.779203,16.85984,15.89712,15.401717,17.869965,17.737396,16.825602,16.665771,17.853575,18.335817,16.062685,15.672035,20.33866,23.035006,0.0,4.0,0.0,0.0,0.0,4.0,0.0,0.0
44991,2023.0,11.0,9.0,10.0,16.825663,16.613993,17.26822,17.133526,17.025642,17.210052,16.76679,17.17137,16.605625,16.181917,16.847227,16.986065,17.187666,16.825596,16.163908,15.988264,18.356754,18.864017,0.0,4.0,4.0,0.0,4.0,0.0,0.0,4.0
44992,2023.0,11.0,9.0,10.0,17.257692,17.596094,16.963045,16.76346,17.05403,17.263248,16.817291,17.094282,16.497911,16.280136,20.307268,23.06695,16.903418,16.462708,17.20699,17.977365,21.3779,24.151648,0.0,4.0,4.0,0.0,0.0,0.0,4.0,4.0
44993,2023.0,11.0,9.0,10.0,17.46716,17.897915,17.20629,17.40794,17.069744,17.2988,16.770025,17.02462,17.114355,17.607988,18.12516,18.45456,16.814974,16.393095,16.455696,16.203417,20.012487,21.845778,4.0,4.0,4.0,4.0,0.0,0.0,0.0,0.0
44994,2023.0,11.0,9.0,11.0,17.471594,17.913073,20.250034,22.84664,17.081593,17.330446,16.804127,17.073069,20.334904,23.121077,16.806929,16.675993,17.815191,18.387865,16.01382,15.693065,17.916763,17.777245,0.0,4.0,4.0,4.0,0.0,4.0,0.0,0.0
44995,2023.0,11.0,9.0,11.0,16.825022,16.718138,18.271862,18.645172,16.42445,16.113026,16.161356,15.863056,20.052187,22.284525,16.836573,17.00104,17.19754,16.896883,15.894485,15.572993,16.842484,16.476757,0.0,0.0,0.0,0.0,4.0,0.0,0.0,0.0
44996,2023.0,11.0,9.0,11.0,17.176823,17.596733,17.477694,17.771126,16.065619,15.661172,15.814907,15.421408,18.30981,18.697758,20.422459,23.13799,17.60534,17.927153,15.813708,15.498435,17.353165,17.77679,4.0,0.0,0.0,4.0,0.0,4.0,0.0,4.0
44997,2023.0,11.0,9.0,11.0,17.365313,17.836031,20.296377,22.75247,15.938126,15.535551,15.699936,15.307031,20.321785,22.701954,18.12759,18.446127,17.850437,18.187853,17.044554,17.907501,20.350868,22.997974,0.0,0.0,0.0,0.0,0.0,4.0,4.0,0.0
44998,2023.0,11.0,9.0,11.0,17.382093,17.857256,18.076637,18.130255,16.545347,16.756369,16.322323,16.546494,17.969574,17.917662,16.82104,16.690182,17.907352,18.246584,16.330114,16.134445,17.823233,17.801317,0.0,4.0,4.0,0.0,0.0,4.0,0.0,0.0
44999,2023.0,11.0,9.0,11.0,17.389627,17.869226,17.286268,17.083551,16.755116,17.060736,15.871381,15.609588,17.017809,16.586191,16.53623,16.353422,17.952026,18.295654,15.978299,15.666322,17.804155,18.227028,0.0,4.0,0.0,0.0,0.0,4.0,0.0,4.0
45000,2023.0,11.0,9.0,12.0,17.393375,17.876932,17.522926,17.736467,16.79485,17.102888,15.642195,15.284274,16.892996,16.671562,16.376116,16.198498,17.245472,16.939035,16.947699,17.593437,20.315304,22.6968,4.0,4.0,0.0,0.0,0.0,0.0,4.0,4.0
45001,2023.0,11.0,9.0,12.0,21.338846,24.731998,20.24098,22.64272,20.914051,24.175789,21.049751,24.85159,16.71068,16.524609,16.629347,16.824589,21.893148,25.083252,21.285646,24.867659,20.056055,22.039001,0.0,0.0,0.0,0.0,4.0,4.0,0.0,0.0
45002,2023.0,11.0,9.0,12.0,21.018501,23.695652,18.634552,19.202133,21.030844,23.873789,21.010305,24.168941,16.503521,16.32765,20.419554,23.248873,20.942375,23.118055,21.902416,25.363518,17.893204,17.756413,4.0,4.0,0.0,0.0,0.0,0.0,0.0,0.0
45003,2023.0,11.0,9.0,12.0,21.157396,23.698557,20.28069,22.476702,21.14686,23.763609,21.14362,24.027641,16.326792,16.15765,18.089643,18.434566,21.129705,23.204105,21.035099,23.42396,16.818104,16.43863,0.0,4.0,4.0,0.0,0.0,4.0,4.0,0.0
45004,2023.0,11.0,9.0,12.0,21.068247,23.333937,18.480871,18.730993,21.075483,23.389416,21.08747,23.67789,16.180223,16.01944,16.76411,16.636797,21.081402,22.933064,21.112349,23.398014,16.472115,16.096863,4.0,4.0,0.0,0.0,0.0,0.0,0.0,0.0
45005,2023.0,11.0,9.0,12.0,21.157925,23.400183,20.247461,22.392504,21.153645,23.383606,21.147257,23.564625,16.054283,15.899119,16.856117,17.043962,21.119663,22.861998,21.171057,23.363998,16.431202,16.25321,0.0,4.0,4.0,0.0,4.0,0.0,0.0,0.0
45006,2023.0,11.0,9.0,13.0,21.059885,23.081081,18.15481,18.101488,21.071297,23.098024,21.100313,23.338709,15.946503,15.797707,20.450697,23.119602,21.044674,22.58191,21.086473,23.075907,16.335033,16.179075,0.0,4.0,0.0,0.0,0.0,4.0,0.0,0.0
45007,2023.0,11.0,9.0,13.0,21.090014,23.08677,17.197708,17.030834,21.093616,23.07185,21.092964,23.20966,15.853797,15.711368,18.466988,19.035097,21.076597,22.586891,21.07043,22.982756,16.20312,16.05625,0.0,0.0,0.0,0.0,4.0,0.0,0.0,0.0
45008,2023.0,11.0,9.0,13.0,21.05678,22.941391,17.437582,17.670645,21.062809,22.916616,21.091879,23.11916,15.772464,15.63526,20.266075,22.6079,21.040695,22.430899,21.070974,22.932224,16.087374,15.947319,4.0,4.0,0.0,0.0,0.0,4.0,0.0,0.0
45009,2023.0,11.0,9.0,13.0,21.087078,22.97765,20.25761,22.691166,21.066648,22.869125,21.048954,22.98056,15.700586,15.567838,18.032764,17.989016,21.073915,22.469507,21.069614,22.886429,15.987625,15.854243,4.0,4.0,4.0,0.0,0.0,0.0,0.0,0.0
45010,2023.0,11.0,9.0,13.0,21.08036,22.923462,20.03138,21.943993,21.06474,22.822105,21.05514,22.966698,15.638046,15.509672,16.9852,16.795593,21.037926,22.334854,21.068682,22.847818,16.943317,17.748913,4.0,4.0,4.0,0.0,0.0,4.0,0.0,4.0
45011,2023.0,11.0,9.0,13.0,21.053925,22.817562,20.068983,21.834946,21.063755,22.784311,21.070387,22.940939,16.409657,17.020851,17.16092,17.329884,21.071774,22.390614,21.067778,22.814362,20.28876,23.315374,4.0,4.0,4.0,4.0,4.0,0.0,0.0,0.0
45012,2023.0,11.0,9.0,14.0,21.084301,22.873556,20.080095,21.748547,21.062717,22.75162,21.067,22.890356,20.91899,24.726858,20.427864,22.872866,21.065481,22.344482,21.067062,22.785343,17.55901,17.545448,0.0,4.0,4.0,0.0,0.0,0.0,0.0,0.0
45013,2023.0,11.0,9.0,14.0,19.188744,19.210136,18.601973,18.801416,19.109188,19.009014,19.004454,18.927147,17.50744,17.617575,18.326582,18.622202,19.424938,19.16466,19.303288,19.366537,16.32528,16.038858,4.0,0.0,0.0,0.0,0.0,0.0,0.0,0.0
45014,2023.0,11.0,9.0,14.0,18.362629,18.07623,20.224976,21.954052,18.83305,18.911364,18.05906,17.605175,16.473951,16.119516,17.372133,17.181057,19.025244,18.779219,18.580992,18.399889,16.247917,16.095245,0.0,4.0,0.0,0.0,0.0,0.0,0.0,0.0
45015,2023.0,11.0,9.0,14.0,18.917643,19.509928,18.415012,18.353352,18.710842,18.860853,17.60377,17.14506,17.09112,17.578487,17.05062,16.85702,18.834398,18.62647,18.20204,18.020718,16.161112,16.034203,0.0,4.0,0.0,4.0,0.0,0.0,0.0,0.0
45016,2023.0,11.0,9.0,14.0,18.758621,19.180779,17.779367,17.573896,18.552513,18.71392,17.57077,17.348553,20.311026,23.128126,16.863596,16.67021,19.439243,19.933447,17.960798,17.780216,16.062016,15.939005,0.0,4.0,0.0,0.0,0.0,4.0,0.0,0.0
45017,2023.0,11.0,9.0,14.0,18.557135,18.970852,17.9621,18.172194,17.765738,17.40071,18.132841,18.573578,18.296257,18.775835,16.683529,16.500097,19.326612,19.597414,17.726809,17.556398,15.954381,15.836074,4.0,0.0,4.0,4.0,0.0,4.0,0.0,0.0
45018,2023.0,11.0,9.0,15.0,18.471565,18.8879,20.232151,22.307486,18.037453,18.14892,17.426775,17.212215,20.356632,22.558445,16.544044,16.360617,18.552717,18.217985,17.555058,17.388836,16.830576,17.565212,0.0,4.0,0.0,4.0,0.0,0.0,0.0,4.0
45019,2023.0,11.0,9.0,15.0,18.373455,18.788021,18.877285,19.430328,17.483356,17.125525,17.530851,17.714506,20.057554,21.950914,16.403664,16.22964,18.092386,17.657104,17.377607,17.218216,20.33021,23.447323,4.0,0.0,4.0,0.0,0.0,0.0,0.0,0.0
45020,2023.0,11.0,9.0,15.0,17.614418,17.44242,20.257896,22.1945,17.713829,17.844162,16.973349,16.651735,17.993233,17.868837,16.271042,16.09851,17.87058,17.42523,17.216833,17.06211,17.567223,17.61511,0.0,4.0,0.0,0.0,0.0,0.0,0.0,0.0
45021,2023.0,11.0,9.0,15.0,17.91027,18.274277,18.635185,18.846445,17.831442,18.0334,16.571657,16.15544,16.909035,16.53081,16.155966,15.989408,18.74006,19.242302,17.074484,16.923517,16.273579,15.985273,4.0,4.0,0.0,0.0,0.0,4.0,0.0,0.0
45022,2023.0,11.0,9.0,15.0,17.36476,17.232342,20.230997,21.952873,17.783136,17.987215,16.416355,15.989411,16.793179,16.587519,16.065731,15.899164,17.998821,17.674898,18.04491,18.855179,16.16765,16.01036,0.0,4.0,0.0,0.0,0.0,0.0,4.0,0.0
45023,2023.0,11.0,9.0,15.0,17.685408,18.061935,18.711397,18.875546,17.079155,16.727093,17.220028,17.649815,17.394497,17.880655,15.973732,15.813702,17.55303,17.126959,18.146532,18.72558,16.06551,15.933159,4.0,0.0,4.0,4.0,0.0,0.0,4.0,0.0
45024,2023.0,11.0,9.0,16.0,17.798962,18.226053,20.215334,21.82563,17.42019,17.545973,16.862114,16.86983,20.31499,22.93463,15.896185,15.736341,18.21064,18.477022,17.160357,16.880959,15.955387,15.825689,0.0,4.0,0.0,0.0,0.0,4.0,0.0,0.0
45025,2023.0,11.0,9.0,16.0,17.796597,18.222729,18.43802,18.304886,17.572638,17.773672,16.274748,15.914177,17.854822,17.812569,15.815963,15.661383,17.68941,17.31941,16.678595,16.323252,15.836992,15.710974,0.0,4.0,0.0,0.0,0.0,0.0,0.0,0.0
45026,2023.0,11.0,9.0,16.0,17.104717,16.934406,18.305496,18.47168,17.538458,17.738512,16.062141,15.633543,16.887175,16.445906,16.155333,16.35934,17.40791,16.961039,16.508442,16.141294,15.74238,15.6152,4.0,4.0,0.0,0.0,4.0,0.0,0.0,0.0
45027,2023.0,11.0,9.0,16.0,17.53393,17.891594,20.216993,22.017614,17.497028,17.69545,16.917421,17.357327,16.799818,16.580185,20.201782,23.305225,17.290827,16.846132,16.384047,16.02133,15.656192,15.532718,0.0,4.0,4.0,0.0,0.0,0.0,0.0,0.0
45028,2023.0,11.0,9.0,16.0,17.049147,16.897835,18.669022,18.869688,17.451693,17.647778,16.421951,16.18633,16.654198,16.475506,17.934134,18.34363,17.408432,17.196117,16.449884,16.279934,15.563843,15.439103,0.0,4.0,0.0,0.0,0.0,0.0,0.0,0.0
45029,2023.0,11.0,9.0,16.0,17.478224,17.85009,17.878824,17.69334,17.411785,17.603827,16.03531,15.604774,17.262482,17.767807,16.831327,16.656218,18.18437,18.687737,16.429369,16.281517,15.488315,15.359677,0.0,4.0,0.0,4.0,0.0,4.0,0.0,0.0
45030,2023.0,11.0,9.0,17.0,17.577375,17.985678,17.595755,17.38371,17.373823,17.56308,16.58496,16.741768,20.29737,23.00065,16.954523,17.094263,18.129795,18.411022,16.365294,16.217638,15.41856,15.28902,0.0,4.0,4.0,0.0,4.0,4.0,0.0,0.0
45031,2023.0,11.0,9.0,17.0,17.570879,17.969267,17.355848,17.14219,17.334188,17.521029,16.80718,17.038473,17.75323,17.677197,20.388151,22.970413,17.36166,16.969511,16.293432,16.144821,15.345215,15.214366,0.0,4.0,4.0,0.0,0.0,0.0,0.0,0.0
45032,2023.0,11.0,9.0,17.0,16.926495,16.77119,17.15702,16.938307,17.296331,17.480204,16.816309,17.04384,16.474867,16.071396,18.186504,18.474184,17.815512,18.068493,17.252579,18.007963,15.277396,15.145124,0.0,4.0,4.0,0.0,0.0,4.0,4.0,0.0
45033,2023.0,11.0,9.0,17.0,16.60061,16.30268,17.481905,17.659267,17.263391,17.443079,16.1594,15.817453,16.408745,16.1995,17.55847,17.6834,17.201332,16.785519,17.339361,17.919205,15.221997,15.086637,4.0,4.0,0.0,0.0,4.0,0.0,4.0,0.0
45034,2023.0,11.0,9.0,17.0,17.197472,17.531767,20.23544,22.558262,17.23238,17.408787,15.864915,15.4077215,17.086897,17.59096,20.282656,22.571058,16.96718,16.504692,16.39669,16.093521,15.170508,15.034103,4.0,4.0,0.0,4.0,0.0,0.0,0.0,0.0
45035,2023.0,11.0,9.0,17.0,17.403713,17.784456,20.048899,21.869251,17.198568,17.37156,15.713244,15.245645,20.342194,23.114552,18.314922,18.50269,16.861826,16.400743,15.976821,15.611799,15.115697,14.978268,0.0,4.0,0.0,4.0,0.0,0.0,0.0,0.0
45036,2023.0,11.0,9.0,18.0,16.762554,16.581623,18.103832,17.935858,17.164957,17.334509,15.846931,15.620509,20.051868,22.231047,17.510824,17.652462,17.01533,16.798626,16.91304,17.48876,15.063112,14.924121,0.0,4.0,0.0,0.0,4.0,0.0,4.0,0.0
45037,2023.0,11.0,9.0,18.0,21.332863,24.792782,17.730104,17.882078,21.303888,24.646357,21.301104,25.224693,17.709343,17.500208,20.383121,22.668055,21.410683,24.339592,21.32483,24.924871,15.012421,14.870798,4.0,4.0,4.0,0.0,0.0,4.0,0.0,0.0
45038,2023.0,11.0,9.0,18.0,21.014542,23.672672,20.241714,22.375088,21.047657,23.67667,21.020338,24.096746,16.544256,16.066465,17.943302,17.75886,21.047895,23.377155,21.85219,25.238916,15.002528,14.888097,4.0,0.0,0.0,0.0,0.0,0.0,0.0,0.0
45039,2023.0,11.0,9.0,18.0,21.104229,23.551687,20.035778,21.700338,21.079494,23.404222,21.115528,23.863466,16.466509,16.246971,16.614534,16.062698,21.576471,23.878714,22.405622,25.827662,15.00344,14.908834,4.0,4.0,0.0,0.0,0.0,4.0,0.0,0.0
45040,2023.0,11.0,9.0,18.0,21.088476,23.305279,20.067057,21.600336,21.07438,23.182995,21.100492,23.551981,16.376932,16.186043,16.540209,16.2718,20.9459,22.546501,22.909075,26.254148,15.003318,14.92136,4.0,4.0,0.0,0.0,0.0,4.0,0.0,0.0
45041,2023.0,11.0,9.0,18.0,21.088417,23.152761,20.079683,21.53274,21.096655,23.097486,21.079453,23.35419,16.23053,16.048328,16.475216,16.248869,21.095003,22.737415,20.883766,22.449198,15.0034485,14.931059,0.0,0.0,0.0,0.0,0.0,0.0,4.0,0.0
45042,2023.0,11.0,9.0,19.0,21.067924,23.0386,18.284641,18.015978,21.065952,22.903606,21.080173,23.239946,16.100681,15.924167,16.718811,16.848598,21.04641,22.520775,21.130852,22.939465,15.003746,14.939265,0.0,4.0,0.0,0.0,4.0,4.0,0.0,0.0
45043,2023.0,11.0,9.0,19.0,21.043562,22.91274,17.97957,18.09823,21.069805,22.82966,21.078514,23.148947,16.797997,17.346764,20.454638,23.132261,21.051498,22.459536,21.081545,22.809328,15.356627,15.244802,4.0,4.0,0.0,4.0,0.0,4.0,0.0,0.0
45044,2023.0,11.0,9.0,19.0,21.09207,22.950422,20.233273,22.163988,21.067976,22.764112,21.052969,23.009909,20.357904,23.393337,18.388319,18.855536,21.04971,22.400686,21.086287,22.783684,15.0500765,14.906452,4.0,4.0,4.0,0.0,4.0,4.0,0.0,0.0
45045,2023.0,11.0,9.0,19.0,21.08248,22.866995,20.038733,21.563303,21.09158,22.780771,21.056873,22.96786,17.505947,17.364511,20.300793,22.684593,21.07815,22.430433,21.06831,22.747992,15.408767,15.288435,4.0,0.0,4.0,0.0,0.0,0.0,0.0,0.0
45046,2023.0,11.0,9.0,19.0,21.082508,22.814785,20.082619,21.533966,21.085484,22.72196,21.099876,22.991999,16.155727,15.687093,18.2496,18.408073,21.072235,22.372528,21.069916,22.743597,15.110548,14.962319,0.0,0.0,0.0,0.0,0.0,0.0,0.0,0.0
45047,2023.0,11.0,9.0,19.0,21.062773,22.771473,18.601215,18.581112,21.060547,22.613157,21.091175,22.908512,16.12198,15.905508,17.077272,16.878834,21.071877,22.332457,21.030724,22.628391,15.0127,14.858779,4.0,4.0,0.0,0.0,0.0,0.0,4.0,0.0
45048,2023.0,11.0,9.0,20.0,21.038816,22.695698,20.237215,21.931067,21.089613,22.66236,21.066753,22.787579,16.078281,15.89302,16.741356,16.503693,21.053617,22.298262,21.093233,22.743792,15.004585,14.891478,4.0,0.0,4.0,0.0,0.0,0.0,0.0,0.0
45049,2023.0,11.0,9.0,20.0,21.042934,22.700743,20.03851,21.415766,21.055267,22.546997,21.068918,22.755585,15.956035,15.76347,16.515078,16.271254,21.054111,22.295044,21.079561,22.682253,15.005699,14.921716,0.0,4.0,4.0,0.0,0.0,0.0,0.0,0.0
45050,2023.0,11.0,9.0,20.0,21.06162,22.69593,18.268652,17.949974,21.064405,22.545105,21.069897,22.728216,15.854744,15.667526,16.74673,16.860092,21.054722,22.288506,21.083097,22.657442,15.004617,14.940191,0.0,4.0,4.0,0.0,4.0,0.0,0.0,0.0
45051,2023.0,11.0,9.0,20.0,21.085096,22.730852,17.998604,18.089088,21.08763,22.593662,21.06934,22.70201,15.760261,15.5723,20.454082,23.101265,21.054499,22.278982,21.065199,22.628294,15.335501,15.213902,4.0,0.0,4.0,0.0,0.0,0.0,0.0,0.0
45052,2023.0,11.0,9.0,20.0,21.079426,22.687046,20.23247,22.114126,21.08217,22.560522,21.093037,22.74448,15.675731,15.486889,18.112757,18.31494,21.054245,22.26866,21.067162,22.631277,14.996018,14.864787,4.0,0.0,0.0,0.0,0.0,0.0,0.0,0.0
45053,2023.0,11.0,9.0,20.0,21.051107,22.583744,20.047935,21.553106,21.081327,22.53744,21.060719,22.634062,15.598621,15.407587,16.819672,16.599005,21.053276,22.256475,21.06605,22.624905,15.011422,14.926975,0.0,0.0,4.0,0.0,0.0,0.0,0.0,0.0
45054,2023.0,11.0,9.0,21.0,21.084642,22.651484,18.525686,18.484406,21.061083,22.51848,21.067928,22.62861,15.533871,15.344856,16.524237,16.290203,21.024067,22.169447,21.06639,22.61919,15.005201,14.942316,4.0,0.0,4.0,0.0,0.0,4.0,0.0,0.0
45055,2023.0,11.0,9.0,21.0,21.077934,22.61807,20.232082,21.95652,21.03869,22.464167,21.091639,22.679453,15.472988,15.283753,16.334219,16.09652,21.028902,22.177622,21.066195,22.611341,15.006285,14.964247,4.0,4.0,0.0,0.0,0.0,4.0,0.0,0.0
45056,2023.0,11.0,9.0,21.0,21.076338,22.59644,20.019047,21.380472,21.069057,22.553976,21.08395,22.644287,15.416577,15.226185,16.176638,15.939477,21.076115,22.25141,21.064404,22.600021,15.006005,14.979122,4.0,0.0,0.0,0.0,0.0,0.0,0.0,0.0
45057,2023.0,11.0,9.0,21.0,21.074211,22.583208,20.129559,21.501102,21.161182,22.68785,21.167902,22.78453,15.367222,15.177347,16.04564,15.8078165,21.137346,22.325975,21.065578,22.55313,15.01128,15.00267,4.0,0.0,0.0,0.0,0.0,0.0,4.0,0.0
45058,2023.0,11.0,9.0,21.0,21.080446,22.600967,20.06664,21.323063,21.019638,22.397284,21.024437,22.503937,15.32339,15.134521,16.344141,16.470299,21.057701,22.139301,21.045364,22.490458,15.00563,14.999111,0.0,4.0,4.0,0.0,4.0,0.0,4.0,0.0
45059,2023.0,11.0,9.0,21.0,21.05065,22.504164,18.644022,18.532047,21.089834,22.52336,21.07009,22.571692,15.282966,15.096077,20.298409,23.014385,21.050276,22.136982,21.087414,22.580439,15.212002,15.032181,4.0,0.0,4.0,0.0,0.0,0.0,0.0,0.0
45060,2023.0,11.0,9.0,22.0,21.05597,22.504436,20.237774,21.82775,21.078964,22.47428,21.064232,22.544516,15.243466,15.056575,17.984606,18.223648,21.051193,22.143927,21.079035,22.53733,14.994771,14.914522,0.0,0.0,4.0,0.0,0.0,0.0,0.0,0.0
45061,2023.0,11.0,9.0,22.0,21.055244,22.495108,18.353533,18.0304,21.054804,22.383501,21.089537,22.599854,15.206208,15.019248,16.630072,16.424944,21.050982,22.144531,21.079363,22.513727,15.008443,14.967774,0.0,4.0,0.0,0.0,0.0,0.0,0.0,0.0
45062,2023.0,11.0,9.0,22.0,21.082127,22.559538,18.063574,18.171173,21.059158,22.379011,21.058334,22.49973,15.169324,14.981277,16.335463,16.097475,21.050697,22.142494,21.078188,22.490755,15.006902,14.986206,4.0,4.0,4.0,0.0,0.0,0.0,0.0,0.0
45063,2023.0,11.0,9.0,22.0,21.050013,22.460667,20.21382,22.023005,21.08388,22.43749,21.089462,22.56924,15.13488,14.946932,16.460812,16.485123,21.05078,22.139507,21.022217,22.369513,15.592741,16.10315,4.0,0.0,0.0,0.0,4.0,0.0,4.0,4.0
45064,2023.0,11.0,9.0,22.0,21.082144,22.535542,20.039461,21.470495,21.078474,22.410503,21.083641,22.540401,15.101284,14.912482,20.437937,23.18308,21.05065,22.134956,21.088503,22.512064,20.650412,24.486996,4.0,0.0,0.0,0.0,0.0,0.0,0.0,0.0
45065,2023.0,11.0,9.0,22.0,21.075382,22.508966,20.08239,21.44273,21.078556,22.39438,21.057833,22.44951,15.06967,14.880447,18.042059,18.261301,21.020761,22.05229,21.077475,22.471045,17.033726,16.991804,0.0,0.0,4.0,0.0,0.0,4.0,0.0,0.0
45066,2023.0,11.0,9.0,23.0,21.049307,22.424011,18.611002,18.51108,21.057055,22.379044,21.08788,22.516504,15.628467,15.957132,16.711208,16.49819,21.07407,22.143312,21.078295,22.45481,16.129166,16.34978,4.0,0.0,0.0,4.0,0.0,0.0,0.0,4.0
45067,2023.0,11.0,9.0,23.0,19.776272,19.980986,17.38163,16.714666,19.61837,19.63592,19.145466,18.781414,15.37221,15.253596,16.715162,16.745768,20.014465,20.04867,19.47484,19.388678,16.171507,16.409311,0.0,0.0,0.0,0.0,4.0,4.0,0.0,4.0
45068,2023.0,11.0,9.0,23.0,18.644693,18.152565,16.970163,16.197002,18.88193,18.583893,18.61858,18.276434,15.180969,14.99449,16.698994,16.743315,18.999767,18.36192,18.819603,18.553947,15.446903,15.079026,0.0,0.0,0.0,0.0,4.0,0.0,0.0,0.0
45069,2023.0,11.0,9.0,23.0,18.175798,17.612309,17.108845,16.70426,18.551168,18.223576,18.370499,18.06475,15.11345,14.921076,16.313776,16.088144,18.577927,17.878242,18.498848,18.230347,15.101152,14.657424,0.0,0.0,0.0,0.0,0.0,0.0,0.0,0.0
45070,2023.0,11.0,9.0,23.0,17.908749,17.363161,17.555223,17.650982,18.319923,18.00058,18.134586,17.839767,15.641295,15.957117,16.115805,15.871998,19.127518,19.14476,18.251076,17.995642,15.001891,14.628599,4.0,0.0,0.0,4.0,0.0,4.0,0.0,0.0
45071,2023.0,11.0,9.0,23.0,18.01382,17.845407,17.233395,17.023075,18.089043,17.778158,17.894249,17.608955,15.099056,14.721265,16.248688,16.254496,18.52747,17.959589,18.004105,17.761673,15.827212,16.326893,0.0,0.0,0.0,0.0,4.0,0.0,0.0,4.0
45072,2023.0,11.0,10.0,0.0,17.967075,17.856857,16.988012,16.694105,17.920431,17.609234,17.718252,17.432825,15.019651,14.73567,15.996005,15.789652,18.157202,17.498312,17.819098,17.580988,14.976527,14.708481,0.0,0.0,0.0,0.0,0.0,0.0,0.0,0.0
45073,2023.0,11.0,10.0,0.0,17.826302,17.721937,16.838123,16.541946,17.742964,17.436026,17.532656,17.251608,15.020195,14.816186,15.771899,15.53293,17.92515,17.269178,17.626482,17.39512,15.42547,15.679763,0.0,0.0,0.0,0.0,0.0,0.0,0.0,4.0
45074,2023.0,11.0,10.0,0.0,17.712301,17.608683,16.73115,16.43287,17.608498,17.301893,17.392765,17.111649,15.572647,15.892339,15.961735,15.976484,18.112734,17.80721,17.474289,17.23907,14.9465475,14.754017,0.0,0.0,0.0,4.0,4.0,0.0,0.0,0.0
45075,2023.0,11.0,10.0,0.0,17.589914,17.490194,16.622168,16.326801,17.467695,17.166359,17.246433,16.970304,15.245035,15.087611,15.731187,15.512019,18.097214,17.817503,17.316528,17.08324,15.029921,14.973641,0.0,0.0,0.0,0.0,0.0,0.0,0.0,0.0
45076,2023.0,11.0,10.0,0.0,17.469444,17.365023,16.513939,16.212105,17.329866,17.023235,17.10353,16.821465,15.020186,14.808201,15.527955,15.276972,17.99326,17.711735,17.16743,16.930023,15.029563,14.995853,0.0,0.0,0.0,0.0,0.0,0.0,0.0,0.0
45077,2023.0,11.0,10.0,0.0,17.366642,17.264708,16.42349,16.123888,17.214176,16.91159,16.983858,16.705578,15.0038185,14.857645,15.4208355,15.170528,17.893906,17.612823,17.037983,16.80172,15.011883,14.996561,0.0,0.0,0.0,0.0,0.0,0.0,0.0,0.0
45078,2023.0,11.0,10.0,1.0,17.273281,17.173826,16.340893,16.04342,17.109474,16.810627,16.875824,16.601032,15.006424,14.894723,15.330205,15.080364,17.80208,17.52132,16.92077,16.685404,15.015482,15.035517,0.0,0.0,0.0,0.0,0.0,0.0,0.0,0.0
45079,2023.0,11.0,10.0,1.0,17.19557,17.106176,16.273516,15.986807,17.748753,18.099138,16.786964,16.524895,15.006137,14.915791,15.54529,15.554512,17.723537,17.449146,16.820341,16.59216,15.008733,15.041105,0.0,4.0,0.0,0.0,4.0,0.0,0.0,0.0
45080,2023.0,11.0,10.0,1.0,17.114592,17.02456,16.201859,15.914733,17.996302,18.41515,16.694456,16.4321,15.007841,14.9395075,15.335941,15.101918,17.644493,17.368591,16.721062,16.491053,15.011609,15.065024,0.0,4.0,0.0,0.0,0.0,0.0,0.0,0.0
45081,2023.0,11.0,10.0,1.0,17.047163,16.964226,16.142447,15.862419,17.05919,16.596489,16.617958,16.364208,15.006976,14.954785,15.475861,15.48794,17.577831,17.306728,16.637573,16.413065,15.010495,15.077939,0.0,0.0,0.0,0.0,4.0,0.0,0.0,0.0
45082,2023.0,11.0,10.0,1.0,16.978737,16.896814,16.578907,16.734875,16.488466,15.816171,16.5409,16.288805,15.0076885,14.970504,15.275844,15.061703,17.510698,17.23957,16.554104,16.329397,15.011171,15.09228,4.0,0.0,0.0,0.0,0.0,0.0,0.0,0.0
45083,2023.0,11.0,10.0,1.0,16.915213,16.834927,16.302462,16.115953,16.292206,15.60459,16.469711,16.22003,15.008087,14.983496,15.108794,14.871614,17.448322,17.177908,16.4767,16.252684,15.011452,15.103851,0.0,0.0,0.0,0.0,0.0,0.0,0.0,0.0
45084,2023.0,11.0,10.0,2.0,16.856064,16.778137,16.08048,15.819644,16.507235,16.159647,16.403637,16.15714,15.008466,14.995561,15.026146,14.787828,17.390099,17.120995,16.404617,16.181961,15.011511,15.114352,0.0,0.0,0.0,0.0,0.0,0.0,0.0,0.0
45085,2023.0,11.0,10.0,2.0,16.797081,16.718525,15.98481,15.709421,16.580925,16.311844,16.337566,16.09051,15.014874,15.019124,15.003386,14.806504,17.333214,17.06363,16.334887,16.111769,15.022746,15.146237,0.0,0.0,0.0,0.0,0.0,0.0,0.0,0.0
45086,2023.0,11.0,10.0,2.0,16.748184,16.676472,15.924585,15.651298,16.538874,16.27266,16.27791,16.033562,15.016656,15.029138,15.005945,14.848839,17.280554,17.012194,16.270359,16.048532,15.023399,15.150987,0.0,0.0,0.0,0.0,0.0,0.0,0.0,0.0
45087,2023.0,11.0,10.0,2.0,16.699913,16.631853,15.873648,15.605919,16.48771,16.22722,16.22405,15.985207,15.0080385,15.021705,15.206343,15.245177,17.231619,16.966017,16.210491,15.991607,15.459782,15.969918,0.0,0.0,0.0,0.0,4.0,0.0,0.0,4.0
45088,2023.0,11.0,10.0,2.0,16.650824,16.58449,15.823545,15.558212,16.434553,16.17748,16.170795,15.934579,15.009935,15.034372,15.292358,15.346281,17.183428,16.919462,16.151958,15.934715,14.94373,14.957195,0.0,0.0,0.0,0.0,4.0,0.0,0.0,0.0
45089,2023.0,11.0,10.0,2.0,16.599836,16.531828,15.77364,15.507928,16.380016,16.123583,16.117113,15.880856,15.010682,15.044533,14.945215,14.754671,17.134947,16.8708,16.093615,15.876164,15.038661,15.157819,0.0,0.0,0.0,0.0,0.0,0.0,0.0,0.0
45090,2023.0,11.0,10.0,3.0,16.551376,16.482971,15.7254925,15.4595,16.326946,16.071115,16.065147,15.82902,15.019448,15.070728,15.013267,14.950986,17.088314,16.824581,16.037775,15.820735,15.041755,15.1602335,0.0,0.0,0.0,0.0,0.0,0.0,0.0,0.0
45091,2023.0,11.0,10.0,3.0,16.50685,16.44065,15.685269,15.425335,16.281008,16.031536,16.020355,15.790073,15.008411,15.05612,15.0036545,14.92414,17.046112,16.786026,15.986811,15.773451,15.473204,15.985934,0.0,0.0,0.0,0.0,0.0,0.0,0.0,4.0
45092,2023.0,11.0,10.0,3.0,16.464758,16.402126,15.644899,15.388813,16.234993,15.989745,15.975921,15.749239,15.01088,15.069363,15.009447,14.953367,17.00466,16.74734,15.936915,15.726155,14.953243,14.957899,0.0,0.0,0.0,0.0,0.0,0.0,0.0,0.0
45093,2023.0,11.0,10.0,3.0,16.421906,16.35999,15.602413,15.346565,16.18671,15.942024,15.929353,15.702818,15.020384,15.096855,15.015302,14.982208,16.962545,16.706,15.886474,15.6761675,15.043161,15.181313,0.0,0.0,0.0,0.0,0.0,0.0,0.0,0.0
45094,2023.0,11.0,10.0,3.0,16.385502,16.329815,15.564107,15.311419,16.142473,15.901225,15.8867,15.663158,15.021271,15.102268,15.015572,14.993081,16.923248,16.66907,15.839315,15.631212,15.022746,15.144568,0.0,0.0,0.0,0.0,0.0,0.0,0.0,0.0
45095,2023.0,11.0,10.0,3.0,16.346693,16.29271,15.526941,15.277302,16.099344,15.861414,15.845085,15.624466,15.02044,15.1075945,15.01672,15.007207,16.885109,16.633287,15.793651,15.587733,15.024367,15.178058,0.0,0.0,0.0,0.0,0.0,0.0,0.0,0.0
45096,2023.0,11.0,10.0,4.0,16.30666,16.253134,15.490709,15.244018,16.057127,15.822406,15.804372,15.586583,15.0221615,15.117998,15.017476,15.018922,16.847996,16.598518,15.749279,15.545531,15.025389,15.194292,0.0,0.0,0.0,0.0,0.0,0.0,0.0,0.0
45097,2023.0,11.0,10.0,4.0,16.276665,16.233395,15.455542,15.211941,16.01596,15.784569,15.76471,15.549879,15.022046,15.123843,15.017871,15.029447,16.81204,16.565132,15.706263,15.504859,15.026494,15.2107115,0.0,0.0,0.0,0.0,0.0,0.0,0.0,0.0
45098,2023.0,11.0,10.0,4.0,16.24261,16.202208,15.423268,15.18474,15.977675,15.751582,15.727875,15.517902,15.325265,15.689626,15.085758,15.155315,16.778053,16.534782,15.665385,15.467348,15.013009,15.197582,0.0,0.0,0.0,4.0,4.0,0.0,0.0,0.0
45099,2023.0,11.0,10.0,4.0,16.206528,16.167446,15.389849,15.15411,15.938044,15.715081,15.689829,15.482587,14.960277,14.978749,15.111894,15.188842,16.743618,16.502775,15.624302,15.428506,15.014901,15.213404,0.0,0.0,0.0,0.0,4.0,0.0,0.0,0.0
45100,2023.0,11.0,10.0,4.0,16.169378,16.13033,15.355171,15.12009,15.897037,15.675068,15.650575,15.444004,15.023467,15.144987,15.114882,15.195116,16.708899,16.46958,15.583154,15.388643,15.029186,15.252582,0.0,0.0,0.0,0.0,4.0,0.0,0.0,0.0
45101,2023.0,11.0,10.0,4.0,16.13341,16.09534,15.323043,15.0906,15.85857,15.639579,15.613833,15.409836,15.022038,15.135822,15.041792,15.04738,16.675682,16.438854,15.543663,15.351404,15.03034,15.258954,0.0,0.0,0.0,0.0,0.0,0.0,0.0,0.0
45102,2023.0,11.0,10.0,5.0,16.105701,16.076792,15.294361,15.067633,15.823979,15.611144,15.580757,15.38242,15.011272,15.128804,15.021304,15.0284815,16.64485,16.412352,16.573107,17.325613,15.013847,15.236952,0.0,0.0,0.0,0.0,0.0,0.0,4.0,0.0
45103,2023.0,11.0,10.0,5.0,16.085066,16.067955,15.263512,15.039934,15.788027,15.5780945,15.5455475,15.350177,15.013224,15.142147,15.080089,15.153039,16.61303,16.383368,15.742184,15.378869,15.016118,15.250466,0.0,0.0,0.0,0.0,4.0,0.0,0.0,0.0
45104,2023.0,11.0,10.0,5.0,16.05081,16.033571,15.232073,15.010339,15.751232,15.542891,15.509636,15.315783,15.013119,15.150567,14.994167,15.015464,16.580786,16.352804,15.281435,14.846525,15.404021,15.97023,0.0,0.0,0.0,0.0,0.0,0.0,0.0,4.0
45105,2023.0,11.0,10.0,5.0,16.016594,15.999708,15.202165,14.983465,15.715904,15.510645,15.475772,15.284582,15.012919,15.158179,15.014679,15.071288,16.550129,16.324791,15.165615,14.73471,14.951751,15.099178,0.0,0.0,0.0,0.0,0.0,0.0,0.0,0.0
45106,2023.0,11.0,10.0,5.0,15.98141,15.964046,15.172,14.955689,15.679969,15.477182,15.441668,15.2525215,15.302852,15.698495,15.051911,15.143444,16.51997,16.297071,15.322262,15.136814,15.035555,15.267609,0.0,0.0,0.0,4.0,4.0,0.0,0.0,0.0
45107,2023.0,11.0,10.0,5.0,15.948738,15.932806,15.143623,14.930854,15.645764,15.446796,15.409277,15.223473,14.96423,15.049148,15.058919,15.154953,16.491179,16.271347,15.348224,15.169355,15.022361,15.242167,0.0,0.0,0.0,0.0,4.0,0.0,0.0,0.0
45108,2023.0,11.0,10.0,6.0,15.915071,15.899368,15.115862,14.906716,16.372698,16.845081,15.377525,15.195229,15.031949,15.175865,15.0184555,15.083378,16.463228,16.246645,15.322637,15.147961,15.015028,15.249026,0.0,4.0,0.0,0.0,0.0,0.0,0.0,0.0
45109,2023.0,11.0,10.0,6.0,20.947275,24.714611,15.088531,14.883208,20.803951,24.289698,20.659473,24.421337,15.022097,15.154426,15.008349,15.049387,20.44275,23.005209,20.876213,24.52411,15.381461,15.933621,0.0,0.0,0.0,0.0,4.0,0.0,0.0,4.0
45110,2023.0,11.0,10.0,6.0,21.016827,24.24298,15.061876,14.860115,20.93277,23.965786,21.041502,24.480083,15.012101,15.153402,19.540136,22.55016,21.042877,23.853184,21.377337,25.001657,19.507895,22.992336,0.0,0.0,0.0,0.0,4.0,0.0,0.0,0.0
45111,2023.0,11.0,10.0,6.0,21.219114,24.17443,15.04054,14.839841,21.18637,23.996332,21.203413,24.288235,15.838732,16.434868,20.080986,23.206987,21.457678,24.191315,21.988941,25.551786,16.984705,17.47442,0.0,0.0,0.0,0.0,0.0,0.0,0.0,4.0
45112,2023.0,11.0,10.0,6.0,21.018229,23.539461,15.021739,14.821902,21.04901,23.497513,21.038004,23.683914,15.755266,15.841215,17.516914,17.858147,20.98828,23.051144,20.937418,23.351072,20.30165,23.867327,0.0,0.0,0.0,0.0,0.0,4.0,0.0,0.0
45113,2023.0,11.0,10.0,6.0,21.089415,23.515322,15.002309,14.804363,21.087431,23.409243,21.094353,23.600758,14.988921,14.907455,16.063118,15.902135,21.082537,23.09589,21.104115,23.518953,17.59794,18.072262,0.0,0.0,0.0,0.0,0.0,0.0,0.0,4.0
45114,2023.0,11.0,10.0,7.0,21.07794,23.371315,15.46696,15.692368,21.080004,23.272514,21.084631,23.438488,15.01656,15.031126,16.02073,16.109678,21.087496,22.940765,21.080612,23.346788,20.394753,23.646591,4.0,0.0,0.0,0.0,4.0,0.0,0.0,4.0
45115,2023.0,11.0,10.0,7.0,21.679794,24.331312,20.156559,23.673826,21.56618,23.943151,21.636158,24.293678,15.874046,15.355701,20.311966,23.554398,21.50991,23.479153,21.788969,24.504526,20.858513,24.00023,0.0,4.0,0.0,0.0,0.0,0.0,0.0,0.0
45116,2023.0,11.0,10.0,7.0,20.957636,22.869991,17.657164,18.172718,20.93884,22.69555,20.952143,22.872614,15.004628,15.052349,18.026325,18.653034,20.96266,22.42148,20.939476,22.772863,18.331837,18.759342,0.0,4.0,4.0,0.0,4.0,4.0,0.0,4.0
45117,2023.0,11.0,10.0,7.0,21.172907,23.277775,16.467299,16.73752,21.180397,23.137318,21.175556,23.284592,15.533124,16.0722,20.272053,23.14924,21.13629,22.714092,21.230293,23.304482,21.661694,25.160294,4.0,0.0,4.0,4.0,0.0,4.0,4.0,4.0
45118,2023.0,11.0,10.0,7.0,21.86243,24.254978,20.32124,23.48467,21.158133,23.037857,21.160881,23.178223,20.509441,24.411165,17.893827,18.178307,21.773901,23.698156,21.187477,23.189672,19.855787,21.694302,4.0,0.0,4.0,4.0,0.0,0.0,0.0,4.0
45119,2023.0,11.0,10.0,7.0,22.141432,24.685568,20.049145,22.532118,22.115942,24.481445,22.510881,25.395763,20.02747,23.062447,16.461699,16.28008,21.750937,23.456228,22.8584,25.957718,20.102825,22.122156,0.0,4.0,0.0,4.0,0.0,4.0,0.0,4.0
45120,2023.0,11.0,10.0,8.0,21.02784,22.777618,17.51619,17.38939,21.054293,22.665888,20.90583,22.408573,20.094433,22.809128,16.484978,16.62453,20.943388,22.015871,20.8688,22.257532,20.096848,22.087894,0.0,0.0,0.0,4.0,4.0,0.0,0.0,0.0
45121,2023.0,11.0,10.0,8.0,19.8652,20.543724,16.517696,16.298662,19.439919,19.548641,18.825407,18.503695,21.098434,24.226301,20.34786,23.344898,19.187634,18.72052,19.174755,19.142044,17.701193,17.433247,4.0,4.0,0.0,0.0,0.0,0.0,0.0,0.0
45122,2023.0,11.0,10.0,8.0,18.671692,18.750834,20.216568,22.979967,18.58405,18.529625,17.974768,17.707354,18.013184,17.941132,17.901766,18.22658,18.294708,17.669384,19.258657,19.962664,16.483118,16.00274,0.0,4.0,0.0,0.0,0.0,0.0,4.0,0.0
45123,2023.0,11.0,10.0,8.0,17.713665,17.306757,17.972528,18.17355,18.277998,18.222366,18.35658,18.70935,16.306181,15.818951,16.806383,16.947742,18.264273,17.970802,18.93111,19.297985,16.026978,15.538736,4.0,4.0,4.0,0.0,4.0,0.0,4.0,0.0
45124,2023.0,11.0,10.0,8.0,18.027805,18.166122,20.266346,22.54636,17.467958,16.864746,17.778378,17.673738,15.876401,15.344542,20.469986,23.23544,18.179108,17.942785,17.852636,17.438534,16.018091,15.795602,4.0,0.0,0.0,0.0,4.0,0.0,0.0,0.0
45125,2023.0,11.0,10.0,8.0,18.077585,18.293915,20.04261,21.919443,16.943626,16.253956,16.912924,16.315725,16.63223,17.106964,20.052197,22.286032,18.002048,17.778252,17.17446,16.655838,15.892021,15.716676,4.0,0.0,0.0,4.0,0.0,0.0,0.0,0.0
45126,2023.0,11.0,10.0,9.0,17.952898,18.179186,20.083197,21.866068,17.347116,17.250938,17.175032,17.111416,20.345566,23.41382,17.576591,17.314995,17.835398,17.618874,17.867455,18.266922,15.701425,15.538554,4.0,4.0,4.0,4.0,0.0,0.0,4.0,0.0
45127,2023.0,11.0,10.0,9.0,17.852438,18.09586,20.075666,21.754536,16.809809,16.235247,17.286802,17.314257,20.058434,22.526245,16.599762,16.33102,18.446297,18.906155,17.087582,16.646158,15.52903,15.375671,4.0,0.0,4.0,0.0,4.0,4.0,0.0,0.0
45128,2023.0,11.0,10.0,9.0,17.774002,18.034945,20.074863,21.681557,17.093962,17.04686,17.221607,17.271105,17.416515,17.21536,20.36119,22.915932,17.601526,17.123354,16.573418,16.096567,15.381933,15.238265,4.0,4.0,4.0,0.0,4.0,0.0,0.0,0.0
45129,2023.0,11.0,10.0,9.0,17.707947,17.985285,20.089766,21.668404,17.24984,17.294638,17.158268,17.225304,16.099546,15.6099205,20.03264,22.128757,17.929857,18.103758,17.423683,17.903227,15.250735,15.108749,0.0,4.0,4.0,0.0,4.0,4.0,4.0,0.0
45130,2023.0,11.0,10.0,9.0,17.652615,17.946564,18.10754,17.823307,17.220493,17.28509,16.443378,15.955235,15.976473,15.754508,20.104185,22.069021,17.403652,16.967342,16.708673,16.321922,15.138215,15.000856,0.0,4.0,0.0,0.0,0.0,0.0,0.0,0.0
45131,2023.0,11.0,10.0,9.0,16.906052,16.606901,17.272928,17.00345,16.526209,16.036655,16.735163,16.763,15.868315,15.6982565,18.143108,18.1334,17.805471,17.998108,16.24415,15.811852,15.040307,14.907153,0.0,0.0,4.0,0.0,4.0,4.0,0.0,0.0
45132,2023.0,11.0,10.0,10.0,17.309153,17.557222,17.087774,16.846577,16.845966,16.809486,16.207476,15.755562,15.732339,15.57345,20.359344,22.26003,17.18677,16.730246,17.166655,17.684414,15.324035,15.159842,0.0,4.0,0.0,0.0,0.0,0.0,4.0,0.0
45133,2023.0,11.0,10.0,10.0,17.473549,17.797007,17.319536,17.479397,16.388624,15.911838,15.846115,15.303391,15.581974,15.433336,18.079721,17.848185,17.643812,17.857182,17.48785,18.003124,15.072382,14.953595,4.0,0.0,0.0,0.0,0.0,4.0,4.0,0.0
45134,2023.0,11.0,10.0,10.0,17.46293,17.806316,20.244158,22.7268,16.798782,16.841057,16.434845,16.507147,15.468171,15.322259,17.793177,17.862825,17.058374,16.625992,17.537329,18.0568,15.002815,14.928377,0.0,4.0,4.0,0.0,4.0,0.0,4.0,0.0
45135,2023.0,11.0,10.0,10.0,17.443428,17.799807,18.274538,18.56637,16.996809,17.131233,16.006989,15.590188,16.131905,16.681639,20.36971,22.350163,16.737429,16.261435,16.586206,16.246412,15.817489,16.511044,0.0,4.0,0.0,4.0,0.0,0.0,0.0,4.0
45136,2023.0,11.0,10.0,10.0,16.748016,16.53077,17.504656,17.744183,16.992893,17.141336,15.669564,15.163327,20.35827,23.899918,18.445541,18.610712,16.647272,16.176205,17.195023,17.739185,20.424795,24.283731,4.0,4.0,0.0,0.0,0.0,0.0,4.0,4.0
45137,2023.0,11.0,10.0,10.0,17.094086,17.420362,20.246286,22.677744,16.980146,17.138954,15.5533285,15.049578,17.256365,17.305977,17.303156,17.107956,17.691978,18.253918,16.487541,16.159492,20.049978,23.056229,4.0,4.0,0.0,0.0,0.0,4.0,0.0,0.0
45138,2023.0,11.0,10.0,11.0,16.614597,16.42146,20.055084,22.014135,16.967625,17.136326,16.484034,16.910313,16.454187,16.714231,17.327606,17.462496,17.782928,18.067282,16.044552,15.658649,17.155085,17.12623,0.0,4.0,4.0,4.0,4.0,4.0,0.0,0.0
45139,2023.0,11.0,10.0,11.0,16.985535,17.33187,18.254581,18.353523,16.287766,15.886893,16.26058,16.246784,20.495596,23.580627,20.393032,22.750235,17.749176,18.00858,15.89449,15.506636,16.725365,17.168594,4.0,0.0,0.0,0.0,0.0,4.0,0.0,4.0
45140,2023.0,11.0,10.0,11.0,17.17545,17.563547,20.249239,22.389599,15.912448,15.413556,16.355907,16.54104,17.492027,17.488865,18.30193,18.527117,17.035973,16.632957,15.784571,15.400624,20.36539,23.537624,4.0,0.0,4.0,0.0,0.0,0.0,0.0,0.0
45141,2023.0,11.0,10.0,11.0,17.193094,17.586744,20.035194,21.758127,16.47218,16.579166,15.827854,15.488074,16.0185,15.610652,17.077337,16.884281,16.70506,16.24439,15.900523,15.730144,18.055529,18.605114,4.0,4.0,0.0,0.0,0.0,0.0,0.0,4.0
45142,2023.0,11.0,10.0,11.0,16.533623,16.356792,20.089968,21.752628,16.043062,15.655695,16.18097,16.33414,15.875156,15.673802,16.735071,16.514446,16.602022,16.13969,15.925489,15.77995,20.344831,23.208382,0.0,0.0,4.0,0.0,0.0,0.0,0.0,0.0
45143,2023.0,11.0,10.0,11.0,16.162125,15.879427,18.486145,18.568802,16.405718,16.530685,16.40429,16.626007,15.780114,15.613212,16.535147,16.322538,16.527508,16.068686,15.883093,15.740192,18.22489,18.745537,4.0,4.0,4.0,0.0,0.0,0.0,0.0,4.0
45144,2023.0,11.0,10.0,12.0,16.032368,15.734524,20.23454,21.97048,16.582186,16.795431,15.782153,15.446403,15.663716,15.499292,16.392855,16.177681,16.715544,16.50349,15.839802,15.696712,20.368322,22.733898,0.0,4.0,0.0,0.0,0.0,0.0,0.0,0.0
45145,2023.0,11.0,10.0,12.0,21.048344,24.579529,18.276072,18.086737,21.234974,24.8695,20.715263,24.211578,15.535217,15.373984,16.251045,16.04518,20.995003,23.75786,21.659485,25.646248,17.72285,17.583115,0.0,4.0,0.0,0.0,0.0,0.0,4.0,0.0
45146,2023.0,11.0,10.0,12.0,21.003668,23.971083,17.39294,17.160765,21.017467,23.902288,21.053226,24.22701,15.4211035,15.262245,16.121088,15.919197,21.38678,24.188457,21.515167,25.009735,16.435083,15.99585,0.0,4.0,0.0,0.0,0.0,0.0,0.0,0.0
45147,2023.0,11.0,10.0,12.0,21.065363,23.737968,17.153019,16.937098,21.091629,23.687391,21.090591,23.920918,15.327497,15.172831,16.007893,15.811292,21.029705,23.206602,21.248428,24.07105,17.30451,18.02715,0.0,4.0,0.0,0.0,0.0,0.0,0.0,4.0
45148,2023.0,11.0,10.0,12.0,21.058237,23.507063,16.930124,16.717064,21.079794,23.420685,21.06297,23.598932,16.068048,16.644165,15.907566,15.715317,21.072977,23.082071,21.100294,23.506788,20.327946,23.142931,0.0,4.0,4.0,4.0,0.0,0.0,0.0,0.0
45149,2023.0,11.0,10.0,12.0,21.075733,23.354818,17.197018,17.383022,21.078173,23.24571,21.088646,23.499514,20.356142,23.923397,15.817685,15.628892,21.065332,22.911036,21.076534,23.303583,17.594004,17.496292,4.0,4.0,0.0,0.0,0.0,0.0,0.0,0.0
45150,2023.0,11.0,10.0,13.0,21.15136,23.390675,20.259039,22.821396,21.15109,23.266068,21.149185,23.453646,17.24153,17.269695,15.73564,15.548258,21.11959,22.90296,21.574026,24.180079,17.243668,17.678328,4.0,4.0,0.0,0.0,0.0,0.0,0.0,4.0
45151,2023.0,11.0,10.0,13.0,21.927605,24.425253,20.05208,22.075613,21.073456,23.01423,21.097528,23.227148,15.715038,15.310806,15.663923,15.479455,21.635757,23.745705,21.705957,23.906485,20.35883,23.120106,0.0,4.0,0.0,0.0,0.0,0.0,0.0,0.0
45152,2023.0,11.0,10.0,13.0,20.90551,22.55141,17.947643,17.824598,21.07181,22.93841,21.076044,23.131285,15.632493,15.439661,15.60455,15.425138,20.969833,22.353271,21.02264,22.83336,17.66013,17.550709,0.0,4.0,0.0,0.0,0.0,4.0,4.0,0.0
45153,2023.0,11.0,10.0,13.0,21.096148,22.9193,17.034325,16.821623,21.068892,22.875065,21.051449,23.018436,15.58528,15.41981,15.985756,16.19606,21.043097,22.47466,21.058828,22.844076,16.359602,15.934461,0.0,4.0,4.0,0.0,4.0,4.0,4.0,0.0
45154,2023.0,11.0,10.0,13.0,21.057898,22.832943,16.834412,16.636969,21.066263,22.822165,21.158373,23.160156,16.303867,16.873066,20.259796,23.215502,21.077238,22.506086,21.18323,23.074953,16.247847,16.055264,0.0,4.0,4.0,4.0,0.0,0.0,0.0,0.0
45155,2023.0,11.0,10.0,13.0,21.063007,22.82559,16.654133,16.455095,21.067736,22.785927,21.09616,22.998884,20.237759,23.4866,17.902466,18.298988,21.071533,22.44294,21.045422,22.725151,16.139141,15.970184,0.0,4.0,0.0,0.0,0.0,0.0,4.0,0.0
45156,2023.0,11.0,10.0,14.0,21.06129,22.801905,16.964306,17.165314,21.06666,22.750488,21.06649,22.873175,17.36549,17.37539,16.473803,16.347904,21.071005,22.398815,21.091143,22.81208,15.98927,15.827484,4.0,4.0,4.0,0.0,0.0,0.0,0.0,0.0
45157,2023.0,11.0,10.0,14.0,19.587517,19.955954,20.267729,22.99928,19.49624,19.712637,18.911068,18.737469,15.905637,15.528458,16.162737,15.978237,19.920694,20.127077,18.988796,18.736967,16.823769,17.5232,4.0,4.0,0.0,0.0,0.0,4.0,0.0,4.0
45158,2023.0,11.0,10.0,14.0,18.245615,17.96686,20.03368,22.138985,18.695438,18.763508,17.671627,17.166193,15.793159,15.601123,15.995808,15.805584,18.74512,18.278286,17.911375,17.451536,20.371515,23.513466,4.0,4.0,0.0,0.0,0.0,0.0,0.0,0.0
45159,2023.0,11.0,10.0,14.0,18.386786,18.648178,20.075438,21.976124,17.806633,17.339468,17.886995,17.93061,15.722575,15.562825,15.879502,15.693488,18.228012,17.691614,17.503815,17.040356,17.507929,17.496523,4.0,0.0,4.0,0.0,0.0,0.0,0.0,0.0
45160,2023.0,11.0,10.0,14.0,17.743956,17.483088,20.085112,21.846666,17.951674,17.98187,17.925089,18.05588,15.608727,15.456703,15.784872,15.604397,17.973064,17.44487,18.525967,19.25903,16.175402,15.8309,0.0,4.0,4.0,0.0,0.0,0.0,4.0,0.0
45161,2023.0,11.0,10.0,14.0,17.29308,16.966291,18.148233,18.017738,17.3728,16.933214,17.16237,16.757128,15.505269,15.359379,15.705503,15.53225,18.03202,17.772337,17.6561,17.34913,16.035816,15.86016,0.0,0.0,0.0,0.0,0.0,0.0,0.0,0.0
45162,2023.0,11.0,10.0,15.0,17.106789,16.781908,17.98234,18.139774,17.011639,16.478283,16.786823,16.2832,15.427148,15.284139,15.645684,15.476519,18.00002,17.78942,17.17414,16.743473,16.925915,17.64247,4.0,0.0,0.0,0.0,0.0,0.0,0.0,4.0
45163,2023.0,11.0,10.0,15.0,17.97953,18.597755,20.223467,22.269339,16.82237,16.29969,16.593822,16.099936,15.353893,15.2157545,15.586553,15.421982,17.90442,17.705175,16.954096,16.532532,20.348692,23.472408,0.0,0.0,0.0,0.0,0.0,0.0,0.0,4.0
45164,2023.0,11.0,10.0,15.0,17.989115,18.397532,18.843521,19.372654,17.616444,17.990475,16.6605,16.426844,16.053131,16.603561,15.524217,15.365951,18.598515,19.123184,17.80595,18.324238,20.05217,22.525373,4.0,4.0,0.0,4.0,0.0,4.0,4.0,0.0
45165,2023.0,11.0,10.0,15.0,17.864021,18.2575,20.25945,22.195236,17.645416,17.850464,17.357004,17.806099,20.356329,23.925024,15.46339,15.308592,18.54763,18.81193,17.120396,16.8131,17.57101,17.49173,4.0,4.0,4.0,0.0,0.0,4.0,0.0,0.0
45166,2023.0,11.0,10.0,15.0,17.821424,18.21794,20.03591,21.611364,16.8621,16.477262,17.60785,18.13688,17.30642,17.406233,15.408664,15.257924,17.728659,17.334753,16.641638,16.261587,16.391502,16.037365,4.0,0.0,4.0,0.0,0.0,0.0,0.0,0.0
45167,2023.0,11.0,10.0,15.0,17.1182,16.938503,20.067156,21.579695,16.463644,15.981521,16.733047,16.463015,16.532745,16.842953,15.784656,16.012598,17.35191,16.895597,16.453709,16.072134,16.032902,15.658261,4.0,0.0,0.0,4.0,4.0,0.0,0.0,0.0
45168,2023.0,11.0,10.0,16.0,17.458794,17.819897,20.143555,21.666182,16.304663,15.824638,16.911566,17.07762,20.708422,23.767855,20.221,23.280293,18.00669,18.263271,17.622482,18.430502,15.9971485,15.822245,4.0,0.0,4.0,0.0,0.0,4.0,4.0,0.0
45169,2023.0,11.0,10.0,16.0,16.971556,16.81032,20.078188,21.49388,16.4233,16.1897,17.058071,17.282864,17.869032,17.960175,17.8227,18.265797,17.485722,17.10323,16.843775,16.581888,15.914194,15.771079,0.0,0.0,4.0,0.0,0.0,0.0,0.0,0.0
45170,2023.0,11.0,10.0,16.0,17.325274,17.689507,18.36426,18.168974,17.168736,17.615602,16.386072,16.04149,16.94779,17.204348,16.335382,16.228292,17.133333,16.691048,16.320675,15.962925,15.786407,15.6511135,0.0,4.0,0.0,4.0,0.0,0.0,0.0,0.0
45171,2023.0,11.0,10.0,16.0,17.45869,17.87431,18.262568,18.388754,17.40161,17.939047,16.761858,16.902868,20.382732,23.227991,16.07446,15.915871,17.01893,16.571789,16.169432,15.802365,16.648619,17.37171,4.0,4.0,4.0,0.0,0.0,0.0,0.0,4.0
45172,2023.0,11.0,10.0,16.0,16.80067,16.631546,20.21099,21.992975,16.57639,16.317795,16.952595,17.173609,17.66964,17.642641,15.902644,15.738584,17.996944,18.54391,16.047602,15.684208,20.318932,23.560495,0.0,0.0,4.0,0.0,0.0,4.0,0.0,0.0
45173,2023.0,11.0,10.0,16.0,16.4414,16.168747,18.990494,19.470364,16.765965,16.91563,16.283945,15.934177,16.292452,15.907237,15.76832,15.610091,17.338669,16.991367,16.13673,15.973137,17.412884,17.435602,4.0,4.0,0.0,0.0,0.0,0.0,0.0,0.0
45174,2023.0,11.0,10.0,17.0,17.06404,17.424686,20.208536,21.812311,16.239264,15.885332,15.972273,15.508138,16.187244,15.988668,15.670784,15.512058,17.8038,18.057518,16.128633,15.983924,16.378925,15.986318,4.0,0.0,0.0,0.0,0.0,4.0,0.0,0.0
45175,2023.0,11.0,10.0,17.0,17.284773,17.68435,20.041517,21.401901,15.890309,15.4243765,16.529404,16.675247,16.062502,15.900916,15.566373,15.4057,17.251528,16.85061,17.113998,17.888773,16.219131,16.03444,4.0,0.0,4.0,0.0,0.0,0.0,4.0,0.0
45176,2023.0,11.0,10.0,17.0,16.64253,16.472506,20.08051,21.439974,16.473515,16.610247,16.74638,16.962515,15.890274,15.735193,15.469438,15.306526,16.905476,16.453173,16.312763,16.02745,16.069319,15.913862,0.0,4.0,4.0,0.0,0.0,0.0,0.0,0.0
45177,2023.0,11.0,10.0,17.0,17.017588,17.377855,18.373331,18.129738,16.051777,15.682423,16.110796,15.771222,16.49965,17.02222,15.746206,15.894826,16.7815,16.32605,15.857021,15.49899,16.855965,17.5549,0.0,0.0,0.0,4.0,4.0,0.0,0.0,4.0
45178,2023.0,11.0,10.0,17.0,17.150875,17.548641,17.850851,17.568829,16.474426,16.595114,16.490568,16.620735,20.835764,24.384214,20.328327,23.581747,16.941277,16.731781,15.730051,15.361393,20.70004,24.067951,0.0,4.0,4.0,0.0,0.0,0.0,0.0,0.0
45179,2023.0,11.0,10.0,17.0,16.525393,16.357801,17.630844,17.396313,16.696562,16.893675,16.042997,15.690054,18.283804,18.765669,17.799683,18.24657,16.970716,16.77898,15.629429,15.261334,17.746387,17.790157,0.0,4.0,0.0,4.0,0.0,0.0,0.0,0.0
45180,2023.0,11.0,10.0,18.0,16.965616,17.30431,17.874998,18.017054,16.074507,15.725097,16.435352,16.553383,20.378038,22.71932,16.614517,16.4387,17.695147,18.182089,15.752745,15.5861435,16.573687,16.136555,4.0,0.0,4.0,0.0,0.0,4.0,0.0,0.0
45181,2023.0,11.0,10.0,18.0,21.29561,24.704714,20.219797,22.226046,21.14716,24.755268,20.79857,24.037836,18.299911,18.599598,16.274809,16.069742,20.494585,22.8579,21.616856,25.560698,16.392797,16.188164,4.0,4.0,0.0,4.0,0.0,0.0,4.0,0.0
45182,2023.0,11.0,10.0,18.0,21.040428,23.773712,20.054098,21.672338,21.017372,23.920237,21.06052,23.998917,20.34862,22.694061,16.04942,15.844264,21.725092,24.630903,22.194782,26.022911,17.242908,17.976332,0.0,4.0,0.0,4.0,0.0,4.0,4.0,4.0
45183,2023.0,11.0,10.0,18.0,21.102465,23.587244,18.181383,17.937916,21.09269,23.685501,21.109789,23.731598,20.030231,21.925417,15.887505,15.691999,21.449383,23.777294,22.19172,25.552187,20.3482,23.220398,0.0,4.0,0.0,4.0,0.0,0.0,4.0,4.0
45184,2023.0,11.0,10.0,18.0,21.06645,23.283354,17.859364,17.98988,21.103167,23.46767,21.079346,23.465897,20.068838,21.875269,15.7521715,15.562902,21.01619,22.757904,20.95157,23.023441,20.05836,22.359936,4.0,0.0,0.0,4.0,0.0,4.0,0.0,0.0
45185,2023.0,11.0,10.0,18.0,21.095308,23.21206,20.217756,22.22217,21.07383,23.20497,21.05763,23.257215,20.091206,21.848091,15.631433,15.444725,21.090496,22.796516,21.112268,23.217993,17.599308,17.405056,4.0,4.0,4.0,0.0,0.0,0.0,0.0,0.0
45186,2023.0,11.0,10.0,19.0,21.08774,23.083492,20.055155,21.676027,21.076624,23.079124,21.084103,23.22666,17.956512,17.669596,15.525966,15.342467,21.049915,22.593573,21.08956,23.069017,16.418827,15.9637985,0.0,4.0,0.0,0.0,0.0,4.0,0.0,0.0
45187,2023.0,11.0,10.0,19.0,21.087269,22.995342,18.16315,17.906687,21.07447,22.977037,21.074858,23.066883,17.551235,17.671646,15.433489,15.247877,21.083157,22.603676,21.052763,22.88603,17.04479,17.457506,0.0,4.0,4.0,4.0,0.0,0.0,4.0,4.0
45188,2023.0,11.0,10.0,19.0,21.040813,22.855062,17.025185,16.39691,21.097319,22.965216,21.076118,22.983364,20.406212,22.613298,15.346956,15.158998,21.076658,22.524864,21.096632,22.941881,20.355476,23.13615,0.0,0.0,4.0,0.0,0.0,0.0,0.0,0.0
45189,2023.0,11.0,10.0,19.0,21.092876,22.915756,16.985033,16.650234,21.066843,22.818766,21.07447,22.913918,17.912098,17.670424,15.265795,15.075412,21.047216,22.395342,21.087702,22.869717,17.6093,17.43815,0.0,4.0,4.0,0.0,0.0,4.0,0.0,0.0
45190,2023.0,11.0,10.0,19.0,21.08184,22.842205,16.939354,16.673101,21.09561,22.844543,21.072378,22.857552,16.632807,16.085287,15.186782,14.990819,21.080847,22.445604,21.086529,22.820866,16.298618,15.823333,0.0,0.0,4.0,0.0,0.0,0.0,0.0,0.0
45191,2023.0,11.0,10.0,19.0,21.035662,22.727533,16.787706,16.520842,21.086403,22.780222,21.070858,22.812386,16.56847,16.33433,15.113581,14.913622,21.042463,22.315882,21.02719,22.67238,16.242542,16.049202,0.0,0.0,4.0,0.0,0.0,4.0,4.0,0.0
45192,2023.0,11.0,10.0,20.0,21.093767,22.819468,16.64781,16.379654,21.066492,22.741568,21.097256,22.84737,16.42991,16.204714,15.044616,14.841371,21.081198,22.38769,21.099894,22.806688,16.124826,15.932812,0.0,0.0,0.0,0.0,0.0,0.0,0.0,0.0
45193,2023.0,11.0,10.0,20.0,21.083477,22.762802,17.01767,17.182178,21.070488,22.742641,21.09193,22.801186,16.255632,16.042162,14.999045,14.814372,21.074478,22.347294,21.085955,22.745869,15.978344,15.795373,4.0,0.0,0.0,0.0,0.0,0.0,0.0,0.0
45194,2023.0,11.0,10.0,20.0,21.083227,22.729898,20.285088,22.839884,21.044683,22.66104,21.091547,22.766478,16.092813,15.885099,15.0067425,14.86403,21.074718,22.321863,21.086395,22.714111,15.839638,15.654989,4.0,4.0,0.0,0.0,0.0,0.0,0.0,0.0
45195,2023.0,11.0,10.0,20.0,21.860273,24.079908,20.047441,22.012331,21.049627,22.664232,21.069122,22.736616,15.944091,15.737547,15.005715,14.886383,21.926052,23.738792,21.067963,22.685217,15.711738,15.523102,0.0,4.0,0.0,0.0,0.0,0.0,0.0,0.0
45196,2023.0,11.0,10.0,20.0,21.02817,22.557865,18.165943,18.145014,21.071459,22.655113,21.071783,22.745514,15.81072,15.600185,15.258977,15.372824,20.998142,22.106144,21.031353,22.585114,15.598189,15.406523,4.0,4.0,0.0,0.0,4.0,4.0,4.0,0.0
45197,2023.0,11.0,10.0,20.0,21.70295,23.5345,20.598646,22.74396,21.703655,23.503992,21.61762,23.530138,15.687516,15.471925,20.295155,23.681915,21.540152,22.873106,21.85667,23.761526,15.495149,15.299631,4.0,0.0,4.0,0.0,0.0,4.0,0.0,0.0
45198,2023.0,11.0,10.0,21.0,20.999063,22.405527,20.030355,21.61073,20.91124,22.113983,20.924046,22.276037,16.338165,16.790483,17.545807,17.935944,21.012642,22.049833,20.87672,22.061071,16.356354,17.000624,4.0,4.0,4.0,4.0,0.0,4.0,0.0,4.0
45199,2023.0,11.0,10.0,21.0,21.095469,22.620207,20.093437,21.604212,21.118505,22.563416,21.097717,22.619959,20.443583,23.63398,15.859304,15.630473,21.0529,22.138992,21.07573,22.460548,20.400892,23.739594,0.0,0.0,4.0,0.0,0.0,4.0,4.0,4.0
45200,2023.0,11.0,10.0,21.0,21.080624,22.58133,18.417711,18.268991,21.058023,22.424135,21.066977,22.553787,17.282175,17.0764,15.541902,15.291525,21.078625,22.211317,21.089054,22.537325,20.024017,22.555315,4.0,4.0,4.0,0.0,0.0,0.0,0.0,4.0
45201,2023.0,11.0,10.0,21.0,21.164658,22.716997,20.24932,22.038574,21.170322,22.646702,21.166344,22.741228,15.76644,15.179789,15.368504,15.110392,21.130194,22.286318,21.21169,22.758337,20.11023,22.440361,0.0,4.0,4.0,0.0,0.0,4.0,4.0,0.0
45202,2023.0,11.0,10.0,21.0,21.060793,22.501995,18.433603,18.302834,21.090906,22.499168,21.094316,22.600292,15.757867,15.488916,15.227495,14.970573,21.079363,22.196712,21.09229,22.545547,18.153399,18.404345,4.0,0.0,0.0,0.0,0.0,0.0,0.0,4.0
45203,2023.0,11.0,10.0,21.0,21.169653,22.736103,20.251492,22.079866,21.165089,22.634518,21.160805,22.695059,15.718514,15.474378,15.493437,15.573766,21.12968,22.284718,21.186975,22.728188,20.421478,22.777805,0.0,0.0,4.0,0.0,4.0,0.0,0.0,4.0
45204,2023.0,11.0,10.0,22.0,21.160906,22.704948,18.058434,17.61753,21.162426,22.611998,21.167318,22.709578,16.337763,16.753437,20.454596,23.824741,21.128078,22.26694,21.183645,22.708263,20.907225,23.44366,0.0,0.0,0.0,4.0,4.0,0.0,0.0,4.0
45205,2023.0,11.0,10.0,22.0,21.171476,22.712278,17.21112,16.818663,21.223307,22.74864,21.170979,22.695253,21.282194,24.854229,20.045609,22.727074,21.140066,22.321566,21.209059,22.787983,21.232014,23.613062,0.0,4.0,0.0,4.0,0.0,0.0,0.0,0.0
45206,2023.0,11.0,10.0,22.0,21.058592,22.515587,17.516304,17.553352,21.069794,22.483511,21.063288,22.440117,19.91754,22.104767,17.44416,17.347727,21.025768,22.092268,21.067076,22.518764,17.83355,17.356998,4.0,0.0,4.0,0.0,4.0,4.0,0.0,0.0
45207,2023.0,11.0,10.0,22.0,21.03078,22.456617,20.26235,22.474892,21.086199,22.478758,21.091232,22.505072,17.328484,16.908594,20.394676,22.9132,21.049664,22.117462,21.022795,22.413946,16.694416,16.03928,0.0,0.0,0.0,0.0,0.0,4.0,4.0,0.0
45208,2023.0,11.0,10.0,22.0,21.040546,22.495016,18.696667,19.095087,21.085773,22.451157,21.087551,22.485126,16.060677,15.401821,18.044523,18.217968,21.079222,22.180767,21.095284,22.56253,16.271366,15.627929,4.0,0.0,0.0,0.0,0.0,0.0,0.0,0.0
45209,2023.0,11.0,10.0,22.0,21.089619,22.578976,20.268385,22.254515,21.061003,22.428062,21.06337,22.473116,16.054708,15.75736,16.599493,16.31236,21.04436,22.071657,21.083805,22.513844,16.315138,16.034075,0.0,0.0,0.0,0.0,0.0,4.0,0.0,0.0
45210,2023.0,11.0,10.0,23.0,21.054752,22.46178,18.294098,18.152601,21.064154,22.447958,21.066677,22.501358,15.987662,15.732295,16.202936,15.905488,21.079327,22.149372,21.084661,22.493,17.043648,17.527248,4.0,0.0,0.0,0.0,0.0,0.0,0.0,4.0
45211,2023.0,11.0,10.0,23.0,19.115517,18.760452,16.812586,16.004507,19.518425,19.491604,19.962824,20.37146,15.820668,15.565698,15.951719,15.661152,19.250605,18.622286,19.39351,19.26085,16.52252,16.371506,0.0,0.0,4.0,0.0,0.0,0.0,0.0,0.0
45212,2023.0,11.0,10.0,23.0,18.22808,17.523727,16.384308,15.477643,18.723862,18.350935,18.868196,18.588455,15.692063,15.433517,15.776132,15.485625,18.543177,17.714682,18.70724,18.396126,15.860226,15.314441,0.0,0.0,0.0,0.0,0.0,0.0,0.0,0.0
45213,2023.0,11.0,10.0,23.0,17.854523,17.14499,16.571325,16.079206,18.38006,17.984173,17.909649,17.059566,16.142025,16.382603,15.899558,15.854066,18.65843,18.25789,18.37812,18.073677,15.550866,14.961465,0.0,0.0,0.0,4.0,4.0,0.0,0.0,0.0
45214,2023.0,11.0,10.0,23.0,18.023138,17.770035,16.592316,16.206467,18.828852,19.051086,17.46379,16.558914,16.293379,16.590725,15.608244,15.346306,18.57179,18.236467,18.10868,17.811382,15.677716,15.413997,0.0,4.0,0.0,4.0,0.0,0.0,0.0,0.0
45215,2023.0,11.0,10.0,23.0,17.950266,17.7632,16.49999,16.128643,18.216118,17.941727,17.586,17.100044,15.429367,14.9185915,15.687185,15.643314,18.406172,18.073463,17.881306,17.595028,15.628874,15.385914,0.0,0.0,0.0,0.0,4.0,0.0,0.0,0.0
45216,2023.0,11.0,11.0,0.0,17.801413,17.619358,16.876434,16.924065,17.37331,16.519854,17.538393,17.16212,15.022876,14.406439,15.407661,15.147253,18.248962,17.915415,17.672785,17.384308,16.255173,16.654589,4.0,0.0,0.0,0.0,0.0,0.0,0.0,4.0
45217,2023.0,11.0,11.0,0.0,18.409052,18.887192,16.981611,17.105328,17.656242,17.307276,18.096556,18.348297,15.017167,14.543084,15.499053,15.455426,18.10942,17.779047,17.49182,17.207859,15.378645,14.840765,4.0,4.0,4.0,0.0,4.0,0.0,0.0,0.0
45218,2023.0,11.0,11.0,0.0,17.915955,17.860323,16.472563,16.10551,17.087654,16.268017,17.601913,17.353989,15.102877,14.842819,15.254085,14.997922,18.71287,19.053026,17.301287,17.0196,14.998616,14.512173,4.0,0.0,0.0,0.0,0.0,4.0,0.0,0.0
45219,2023.0,11.0,11.0,0.0,17.806152,17.841803,15.777145,14.974316,16.693748,15.829695,16.778967,16.010962,15.071997,14.817095,15.032698,14.751464,17.777807,17.095364,17.131344,16.85356,15.015589,14.632883,0.0,0.0,0.0,0.0,0.0,0.0,0.0,0.0
45220,2023.0,11.0,11.0,0.0,17.06289,16.492615,15.447411,14.595428,16.870346,16.399357,16.390902,15.561461,14.997075,14.757268,15.011281,14.814875,17.264746,16.522207,16.97634,16.69884,15.054367,14.801979,0.0,0.0,0.0,0.0,0.0,0.0,0.0,0.0
45221,2023.0,11.0,11.0,0.0,16.666153,16.02842,15.685689,15.228978,16.921497,16.544943,16.581602,16.144814,15.009016,14.831679,15.146222,15.123429,17.082312,16.344152,16.837585,16.560835,15.753046,16.155561,0.0,0.0,0.0,0.0,4.0,0.0,0.0,4.0
45222,2023.0,11.0,11.0,1.0,16.486422,15.852101,15.793746,15.42366,16.84273,16.4827,16.636658,16.287584,15.464254,15.725748,14.980042,14.839193,17.329233,16.991564,16.712626,16.437254,15.338443,15.147683,0.0,0.0,0.0,4.0,0.0,0.0,0.0,0.0
45223,2023.0,11.0,11.0,1.0,16.752476,16.53348,15.759773,15.406272,17.47675,17.761942,16.566923,16.23368,15.113455,14.912704,15.017368,14.949339,17.355978,17.03177,16.59914,16.325443,15.458264,15.54641,0.0,4.0,0.0,0.0,0.0,0.0,0.0,4.0
45224,2023.0,11.0,11.0,1.0,16.819838,16.662287,15.70198,15.3520565,17.031343,16.783394,16.478283,16.149252,15.0140915,14.901839,15.011704,14.967678,17.285812,16.96316,16.493917,16.220367,14.939207,14.6157675,0.0,0.0,0.0,0.0,0.0,0.0,0.0,0.0
45225,2023.0,11.0,11.0,1.0,16.761684,16.611778,15.643656,15.29599,16.268452,15.494218,16.39256,16.067026,15.008977,14.926041,15.013318,14.993921,17.215096,16.893108,16.397131,16.12443,15.031323,14.845164,0.0,0.0,0.0,0.0,0.0,0.0,0.0,0.0
45226,2023.0,11.0,11.0,1.0,16.688639,16.536919,15.582092,15.231275,15.947581,15.120237,16.304968,15.976322,15.015663,14.968601,15.023228,15.03491,17.144018,16.819387,16.30266,16.02683,15.030711,14.880278,0.0,0.0,0.0,0.0,0.0,0.0,0.0,0.0
45227,2023.0,11.0,11.0,1.0,16.627314,16.483967,15.531146,15.185652,16.20713,15.79026,16.232153,15.910833,15.009027,14.972527,15.011371,15.02477,17.081257,16.759295,16.219791,15.947299,15.004218,14.87743,0.0,0.0,0.0,0.0,0.0,0.0,0.0,0.0
45228,2023.0,11.0,11.0,2.0,16.559784,16.415009,15.475159,15.127725,16.291334,15.94902,16.154968,15.832309,15.019621,15.014246,15.026086,15.0705385,17.017363,16.694035,16.137054,15.863194,15.013071,14.9393015,0.0,0.0,0.0,0.0,0.0,0.0,0.0,0.0
45229,2023.0,11.0,11.0,2.0,16.497616,16.355251,15.427642,15.085013,16.24557,15.908557,16.089277,15.773324,15.0095215,15.007014,15.012192,15.05271,16.960001,16.639275,16.063112,15.792723,15.560001,15.988386,0.0,0.0,0.0,0.0,0.0,0.0,0.0,4.0
45230,2023.0,11.0,11.0,2.0,16.433737,16.290693,15.37781,15.036106,16.185373,15.851914,16.022697,15.708597,15.012269,15.027213,15.01578,15.07205,16.902594,16.582306,15.990034,15.720396,14.972737,14.832049,0.0,0.0,0.0,0.0,0.0,0.0,0.0,0.0
45231,2023.0,11.0,11.0,2.0,16.367418,16.219418,15.324082,14.978093,16.118484,15.78207,15.952764,15.634591,15.022499,15.062317,15.028948,15.110151,16.843832,16.520718,15.916054,15.64344,15.041986,15.033177,0.0,0.0,0.0,0.0,0.0,0.0,0.0,0.0
45232,2023.0,11.0,11.0,2.0,16.310123,16.16422,15.275922,14.93011,16.057251,15.722476,15.890044,15.572946,15.023148,15.071561,15.02961,15.11602,16.789576,16.466488,15.84792,15.575658,15.040568,15.005391,0.0,0.0,0.0,0.0,0.0,0.0,0.0,0.0
45233,2023.0,11.0,11.0,2.0,16.260227,16.121443,15.232634,14.890714,16.001478,15.67227,15.833464,15.521511,15.011546,15.061817,15.0141115,15.097929,16.738998,16.418135,15.784671,15.515313,15.528065,15.956176,0.0,0.0,0.0,0.0,0.0,0.0,0.0,4.0
45234,2023.0,11.0,11.0,3.0,16.207373,16.070408,15.186409,14.844419,15.942969,15.61498,15.774817,15.463355,15.014426,15.079389,15.017386,15.114576,16.687351,16.36635,15.7207155,15.451445,14.942845,14.791317,0.0,0.0,0.0,0.0,0.0,0.0,0.0,0.0
45235,2023.0,11.0,11.0,3.0,16.148504,16.007446,15.140223,14.797417,15.8843565,15.556221,15.716367,15.404144,15.026538,15.115638,15.0323105,15.154339,16.637184,16.316395,15.658194,15.388851,15.043393,15.057327,0.0,0.0,0.0,0.0,0.0,0.0,0.0,0.0
45236,2023.0,11.0,11.0,3.0,16.103584,15.970015,15.10096,14.7626915,15.833308,15.510682,15.665624,15.358374,15.274542,15.574643,15.013236,15.124314,16.591684,16.273922,15.601067,15.334758,15.003283,14.99761,0.0,0.0,0.0,4.0,0.0,0.0,0.0,0.0
45237,2023.0,11.0,11.0,3.0,16.054367,15.920911,15.061136,14.725624,15.781968,15.462958,15.614596,15.310482,14.950419,14.969769,15.019649,15.145536,16.546503,16.230759,15.544853,15.280679,15.017275,15.056917,0.0,0.0,0.0,0.0,0.0,0.0,0.0,0.0
45238,2023.0,11.0,11.0,3.0,16.00651,15.875057,15.020482,14.686103,15.730046,15.412843,15.563122,15.260417,15.029319,15.152093,15.035155,15.188459,16.501991,16.187914,15.489511,15.226872,15.023072,15.098506,0.0,0.0,0.0,0.0,0.0,0.0,0.0,0.0
45239,2023.0,11.0,11.0,3.0,15.964095,15.838788,15.001131,14.687421,15.680739,15.366915,15.51436,15.214611,15.028105,15.1429405,15.009677,15.124034,16.45902,16.147144,15.436091,15.175643,15.025011,15.118605,0.0,0.0,0.0,0.0,4.0,0.0,0.0,0.0
45240,2023.0,11.0,11.0,4.0,15.918971,15.795195,15.0029,14.722982,15.632412,15.321848,15.466703,15.169786,15.02892,15.159412,15.010334,15.150202,16.416925,16.10724,15.383873,15.125595,15.026333,15.138158,0.0,0.0,0.0,0.0,4.0,0.0,0.0,0.0
45241,2023.0,11.0,11.0,4.0,15.877662,15.7593355,15.003813,14.7468195,15.58686,15.28137,15.421885,15.129528,15.0137825,15.142261,15.022675,15.19161,16.376287,16.06945,15.333751,15.078663,15.412104,15.866877,0.0,0.0,0.0,0.0,0.0,0.0,0.0,4.0
45242,2023.0,11.0,11.0,4.0,15.847368,15.743207,15.004207,14.770276,15.539405,15.23629,15.375544,15.084913,15.0166645,15.15962,15.019693,15.198591,16.334812,16.029503,15.282914,15.029408,14.963814,14.977456,0.0,0.0,0.0,0.0,0.0,0.0,0.0,0.0
45243,2023.0,11.0,11.0,4.0,15.804381,15.699441,15.007926,14.800169,15.489995,15.186641,15.327476,15.036274,15.03243,15.201864,15.038866,15.243598,16.293161,15.988592,15.231574,14.978459,15.051407,15.181409,0.0,0.0,0.0,0.0,0.0,0.0,0.0,0.0
45244,2023.0,11.0,11.0,4.0,15.758686,15.651904,15.004957,14.811179,15.446131,15.147513,15.284721,14.997708,15.014138,15.173566,15.00068,15.160031,16.254158,15.952355,15.183627,14.933596,15.45464,15.931223,0.0,0.0,0.0,0.0,4.0,0.0,0.0,4.0
45245,2023.0,11.0,11.0,4.0,15.712993,15.605674,15.005682,14.83069,16.161453,16.532099,15.241692,14.957529,15.017869,15.190841,15.024562,15.231227,16.21535,15.9161,15.136109,14.888758,14.966334,14.986219,0.0,4.0,0.0,0.0,0.0,0.0,0.0,0.0
45246,2023.0,11.0,11.0,5.0,15.6659775,15.556642,15.006107,14.848582,15.776695,15.607089,15.197548,14.914729,15.018205,15.201816,15.02034,15.231553,16.176304,15.878494,15.088495,14.842529,15.038451,15.151756,0.0,0.0,0.0,0.0,0.0,0.0,0.0,0.0
45247,2023.0,11.0,11.0,5.0,15.619861,15.509389,15.006709,14.86609,14.997334,14.364251,15.153181,14.871101,15.018273,15.211862,15.021072,15.239813,16.136925,15.8399515,15.040601,14.795341,15.072284,15.194609,0.0,0.0,0.0,0.0,0.0,0.0,0.0,4.0
45248,2023.0,11.0,11.0,5.0,15.591879,15.497022,15.007342,14.882977,15.037496,14.514205,15.10795,14.8253355,15.018437,15.221914,15.021158,15.246802,16.096596,15.799732,14.9980135,14.762122,15.02182,15.145909,0.0,0.0,0.0,0.0,0.0,0.0,0.0,0.0
45249,2023.0,11.0,11.0,5.0,15.555333,15.462151,15.007505,14.898303,15.183592,14.8780575,15.064561,14.782904,15.019315,15.232699,15.0215435,15.254162,16.057669,15.762045,15.007138,14.81161,15.031553,15.180024,0.0,0.0,0.0,0.0,0.0,0.0,0.0,0.0
45250,2023.0,11.0,11.0,5.0,15.511215,15.414693,15.008173,14.914292,15.191702,14.899948,15.022526,14.742906,15.019872,15.243526,15.022029,15.262517,16.020025,15.726422,15.0048485,14.834801,15.395428,15.882053,0.0,0.0,0.0,0.0,0.0,0.0,0.0,4.0
45251,2023.0,11.0,11.0,5.0,15.466451,15.367823,15.008385,14.9289,15.155086,14.868111,15.000776,14.741195,15.019815,15.2524395,15.022016,15.26955,15.982886,15.6917095,15.982221,16.696526,14.978286,15.073737,0.0,0.0,0.0,0.0,0.0,0.0,4.0,0.0
45252,2023.0,11.0,11.0,6.0,16.220417,16.821228,15.008791,14.943411,15.862124,16.231579,15.00353,14.776995,15.019975,15.261689,15.022295,15.277195,15.944843,15.65492,14.98012,14.679553,15.01064,15.135769,0.0,4.0,0.0,0.0,0.0,0.0,0.0,4.0
45253,2023.0,11.0,11.0,6.0,20.694616,24.354324,15.009183,14.957478,20.54394,24.121187,20.465221,24.313976,15.020674,15.270512,15.006863,15.239872,20.107328,22.733755,20.200584,23.535923,20.35449,24.148964,0.0,0.0,0.0,0.0,4.0,0.0,0.0,4.0
45254,2023.0,11.0,11.0,6.0,20.802607,24.000507,15.00975,14.970794,21.084381,24.460064,21.06363,24.726084,15.020079,15.271941,19.52711,23.036255,20.81067,23.758448,20.840954,24.311066,20.047178,23.25571,0.0,4.0,0.0,0.0,0.0,0.0,0.0,0.0
45255,2023.0,11.0,11.0,6.0,21.150318,24.202642,15.009401,14.980022,21.134298,24.11391,21.110735,24.330334,15.019968,15.271525,16.85148,17.223938,21.213886,24.063951,21.946209,25.779423,16.71612,16.463764,0.0,0.0,0.0,0.0,0.0,0.0,0.0,0.0
45256,2023.0,11.0,11.0,6.0,21.079435,23.810709,15.01015,14.990741,21.115763,23.762651,21.096004,23.978653,15.019668,15.269876,15.079915,14.797733,21.056635,23.470224,22.511206,26.353022,15.178122,14.581483,0.0,0.0,0.0,0.0,0.0,0.0,0.0,0.0
45257,2023.0,11.0,11.0,6.0,21.067091,23.589388,15.010428,15.001614,21.089283,23.540632,21.097206,23.75864,15.122566,15.444553,15.034043,14.977536,21.084845,23.316902,21.559278,24.14581,15.930549,16.41123,0.0,0.0,0.0,4.0,0.0,0.0,0.0,4.0
45258,2023.0,11.0,11.0,7.0,21.069149,23.470297,15.21667,15.382613,21.090942,23.415892,21.095316,23.595264,20.23556,24.05045,15.001345,15.006785,21.052238,23.081083,21.250145,23.624527,20.284357,23.773907,4.0,0.0,0.0,4.0,4.0,4.0,0.0,4.0
45259,2023.0,11.0,11.0,7.0,21.090122,23.367554,19.996399,23.548506,21.062702,23.243956,21.091696,23.468363,20.031975,23.232805,19.6113,22.749308,21.082024,23.05096,21.648487,24.0506,20.032372,22.846752,4.0,4.0,0.0,4.0,0.0,0.0,0.0,4.0
45260,2023.0,11.0,11.0,7.0,21.657578,24.240416,20.032701,23.07702,21.858166,24.451008,22.160774,25.172594,20.136068,23.043213,16.918322,17.226437,21.205017,23.130716,21.689638,24.072601,20.092707,22.671215,0.0,4.0,0.0,0.0,0.0,0.0,4.0,4.0
45261,2023.0,11.0,11.0,7.0,20.992731,22.91647,16.971603,16.775995,21.073858,23.033337,20.926834,22.82783,16.985817,16.680195,15.2897,15.050495,21.080236,22.796423,20.929436,22.591658,20.115442,22.53656,0.0,4.0,4.0,0.0,0.0,0.0,4.0,0.0
45262,2023.0,11.0,11.0,7.0,21.093513,23.076431,15.270993,14.50228,21.089434,23.00158,21.114166,23.209103,16.185421,16.205818,15.300579,15.348759,21.043621,22.67864,21.089418,22.927689,17.25764,16.882408,0.0,4.0,0.0,4.0,4.0,4.0,4.0,0.0
45263,2023.0,11.0,11.0,7.0,21.23747,23.181248,15.645419,15.594322,21.237864,23.099085,21.20874,23.228128,20.613152,23.744022,20.233566,23.573357,21.182468,22.787416,22.648804,25.62004,16.82304,17.04858,4.0,4.0,0.0,4.0,0.0,4.0,0.0,4.0
45264,2023.0,11.0,11.0,8.0,21.598537,23.763,20.230705,23.6379,20.974308,22.595592,21.034666,22.862162,19.994293,22.424326,17.623528,18.186789,21.705757,23.535088,20.88328,22.352638,20.475895,23.341806,4.0,4.0,0.0,0.0,4.0,4.0,0.0,0.0
45265,2023.0,11.0,11.0,8.0,19.584818,19.733013,20.048393,22.736992,18.651283,18.201872,19.03369,19.060968,17.161581,16.798931,20.329138,23.52294,19.853382,19.847546,18.613546,18.10791,17.29059,16.991096,4.0,0.0,0.0,0.0,4.0,4.0,0.0,0.0
45266,2023.0,11.0,11.0,8.0,18.47193,18.460518,20.10558,22.506727,17.918177,17.644491,17.796381,17.47811,15.709562,15.046831,20.050543,22.63296,18.937605,18.861448,18.439081,18.664902,15.776858,15.176803,4.0,4.0,0.0,0.0,4.0,4.0,4.0,0.0
45267,2023.0,11.0,11.0,8.0,18.148672,18.166245,20.112247,22.302319,17.070026,16.281784,17.333208,16.98944,16.402498,16.799673,20.113056,22.479124,18.698912,18.643948,18.377897,18.617617,15.66273,15.386849,0.0,0.0,0.0,4.0,4.0,4.0,4.0,0.0
45268,2023.0,11.0,11.0,8.0,17.913218,17.957659,17.825785,17.73046,17.153532,16.855076,17.708702,17.975122,20.49274,23.573244,20.116798,22.301695,18.501574,18.467627,18.186266,18.4481,15.524532,15.298347,4.0,4.0,4.0,0.0,0.0,4.0,4.0,0.0
45269,2023.0,11.0,11.0,8.0,17.724018,17.788898,20.229582,22.65267,16.548258,15.797977,17.14307,16.929884,17.336256,17.150923,17.454954,17.058289,17.653753,17.032005,17.11928,16.610044,15.326644,15.115689,0.0,0.0,0.0,0.0,0.0,0.0,0.0,0.0
45270,2023.0,11.0,11.0,9.0,16.875977,16.35947,17.676287,17.431574,16.097952,15.292843,16.261133,15.539904,15.626917,15.034603,16.338228,15.984828,17.12708,16.423092,16.454788,15.850265,15.140003,14.92832,0.0,0.0,0.0,0.0,0.0,0.0,0.0,0.0
45271,2023.0,11.0,11.0,9.0,17.190567,17.20452,16.83332,16.400963,15.902436,15.113166,15.916994,15.141528,15.570383,15.280174,16.11001,15.799806,16.906258,16.206663,16.176361,15.572359,14.994318,14.792066,0.0,0.0,0.0,0.0,0.0,0.0,0.0,0.0
45272,2023.0,11.0,11.0,9.0,16.568459,16.058548,16.554527,16.206602,16.06916,15.656087,16.04942,15.651026,15.454505,15.221074,15.836152,15.551276,16.726416,16.05525,15.949926,15.37393,15.015722,14.932455,0.0,0.0,0.0,0.0,0.0,0.0,0.0,0.0
45273,2023.0,11.0,11.0,9.0,16.949791,17.080435,16.274145,15.943713,16.098125,15.7757435,16.053066,15.744637,15.269644,15.053999,15.998008,16.087692,16.92232,16.623695,16.06161,15.811917,15.012166,14.997101,0.0,0.0,0.0,0.0,4.0,0.0,0.0,0.0
45274,2023.0,11.0,11.0,9.0,17.07023,17.25868,16.043222,15.728386,16.017017,15.720589,16.67911,17.028566,15.105254,14.90395,20.256474,23.215622,16.93761,16.675253,17.065212,17.757547,15.641774,15.9403925,0.0,0.0,4.0,0.0,0.0,0.0,4.0,0.0
45275,2023.0,11.0,11.0,9.0,16.335222,15.941829,15.852117,15.545391,16.649374,17.000202,16.285683,16.168661,14.999535,14.843934,17.729351,18.072886,17.629879,18.057173,16.160826,15.735685,14.981802,14.927753,0.0,4.0,0.0,0.0,0.0,4.0,0.0,0.0
45276,2023.0,11.0,11.0,10.0,16.688744,16.877342,15.691631,15.393624,16.24955,16.109798,15.566173,14.986772,15.013308,14.953011,16.499636,16.612753,16.831085,16.309608,15.618043,15.127279,15.018906,15.056341,0.0,0.0,0.0,0.0,4.0,0.0,0.0,0.0
45277,2023.0,11.0,11.0,10.0,16.15558,15.801643,15.558037,15.272876,15.580468,15.012444,15.275597,14.657853,15.679932,15.961385,20.386438,23.264355,16.412842,15.844485,15.45275,14.975078,15.874564,16.42782,0.0,0.0,0.0,0.0,4.0,0.0,0.0,0.0
45278,2023.0,11.0,11.0,10.0,15.795542,15.379139,15.446865,15.172583,15.309784,14.701256,15.422824,15.094345,15.309661,15.112738,20.054115,22.469435,16.300755,15.746359,15.338105,14.879287,15.819234,15.876028,0.0,0.0,0.0,0.0,0.0,0.0,0.0,0.0
45279,2023.0,11.0,11.0,10.0,15.665665,15.268554,15.35245,15.089264,15.4598,15.135306,15.494361,15.255499,14.991511,14.884715,17.47634,17.284733,17.357872,17.866577,15.47997,15.274193,15.031061,14.892993,0.0,0.0,0.0,0.0,0.0,4.0,0.0,0.0
45280,2023.0,11.0,11.0,10.0,15.858729,15.774738,15.268508,15.016733,16.289324,16.716208,15.460939,15.245586,15.014981,14.998302,16.361162,16.09408,17.43866,17.663372,15.5149,15.34208,15.018672,15.014702,0.0,4.0,0.0,0.0,0.0,4.0,0.0,0.0
45281,2023.0,11.0,11.0,10.0,15.913942,15.889127,15.193883,14.954386,15.955266,15.899644,15.408432,15.205767,15.010832,15.041335,16.110823,15.868385,16.648212,16.194584,15.475431,15.31211,15.011206,15.06091,0.0,0.0,0.0,0.0,0.0,0.0,0.0,0.0
45282,2023.0,11.0,11.0,11.0,15.87297,15.863321,15.126805,14.900139,15.344975,14.88699,15.356517,15.165552,15.011774,15.080576,15.883674,15.654922,17.167711,17.41696,15.432109,15.276311,15.012031,15.104669,0.0,0.0,0.0,0.0,0.0,4.0,0.0,0.0
45283,2023.0,11.0,11.0,11.0,15.819579,15.815203,15.058205,14.836514,15.095704,14.584395,15.301045,15.115312,15.018363,15.124589,15.674838,15.440814,17.402534,17.661442,15.38737,15.23494,15.020476,15.154913,0.0,0.0,0.0,0.0,0.0,4.0,0.0,0.0
45284,2023.0,11.0,11.0,11.0,15.770877,15.774743,15.001215,14.791641,15.297331,15.093755,15.252283,15.076442,15.009594,15.124127,15.516485,15.298343,17.458988,17.726612,15.347014,15.200115,15.009574,15.151671,0.0,0.0,0.0,0.0,0.0,4.0,0.0,0.0
45285,2023.0,11.0,11.0,11.0,15.722687,15.732692,15.003196,14.856649,15.327422,15.151618,15.202987,15.033918,15.020993,15.164816,15.372027,15.159037,17.51063,17.789328,15.308215,15.165805,15.022624,15.197182,0.0,0.0,0.0,0.0,0.0,4.0,0.0,0.0
45286,2023.0,11.0,11.0,11.0,16.498905,17.23993,15.004492,14.895203,15.294426,15.128647,15.160399,15.002438,15.009715,15.152196,15.258404,15.061314,17.552034,17.83744,15.273665,15.137677,15.010955,15.186921,0.0,0.0,0.0,0.0,0.0,4.0,0.0,0.0
45287,2023.0,11.0,11.0,11.0,16.053232,16.174011,15.005423,14.932469,16.023468,16.539503,15.1165285,14.966109,15.011994,15.166868,15.590638,15.789546,16.81168,16.420004,15.239392,15.108074,15.012917,15.204077,0.0,4.0,0.0,0.0,4.0,0.0,0.0,0.0
45288,2023.0,11.0,11.0,12.0,15.517913,15.331965,15.225959,15.04414,15.674108,15.680079,15.0754175,14.932769,15.635896,16.033184,19.97601,23.253119,17.292133,17.563509,15.205588,15.076663,15.675901,16.14621,0.0,0.0,0.0,0.0,0.0,4.0,0.0,0.0
45289,2023.0,11.0,11.0,12.0,20.582386,24.304432,15.001012,14.897424,21.071894,25.203917,20.734364,24.857332,14.99643,15.024908,17.654423,18.15494,21.179834,24.243893,21.39448,25.717852,14.986869,15.047889,0.0,4.0,0.0,0.0,0.0,4.0,0.0,0.0
45290,2023.0,11.0,11.0,12.0,21.081,24.616428,15.006714,14.950281,21.003569,24.423155,21.043,24.733334,15.0202465,15.120467,16.030012,15.925643,21.21031,23.881659,21.587461,25.523169,15.021968,15.156819,0.0,0.0,0.0,0.0,0.0,0.0,0.0,0.0
45291,2023.0,11.0,11.0,12.0,21.06171,24.153757,15.006236,14.984507,21.123592,24.208181,21.099407,24.384995,15.009414,15.125406,15.676881,15.488772,21.049145,23.247755,22.247225,26.211348,15.010327,15.160586,0.0,0.0,0.0,0.0,0.0,4.0,0.0,0.0
45292,2023.0,11.0,11.0,12.0,21.111567,23.96577,15.006587,15.015413,21.083164,23.805386,21.093456,24.064285,15.010713,15.1453285,15.497867,15.3124075,21.706589,24.22576,22.742432,26.655556,15.011498,15.176379,0.0,4.0,0.0,0.0,0.0,0.0,0.0,0.0
45293,2023.0,11.0,11.0,12.0,21.097395,23.728987,15.006999,15.042155,21.084246,23.601572,21.08934,23.844934,15.010263,15.156091,15.364979,15.184605,21.968401,24.446915,21.426254,24.13558,15.011248,15.186952,0.0,4.0,0.0,0.0,0.0,0.0,0.0,0.0
45294,2023.0,11.0,11.0,13.0,21.09914,23.578781,15.00726,15.065583,21.08344,23.450447,21.067135,23.628176,15.010741,15.165912,15.257728,15.087064,20.932695,22.379488,21.127363,23.43496,15.011221,15.194424,0.0,4.0,4.0,0.0,0.0,4.0,0.0,0.0
45295,2023.0,11.0,11.0,13.0,21.075712,23.455767,15.00784,15.08691,21.102383,23.39686,21.091011,23.586676,15.010441,15.172901,15.159981,14.99391,21.095362,22.682854,21.070898,23.25634,15.010804,15.199906,0.0,0.0,0.0,0.0,0.0,0.0,0.0,0.0
45296,2023.0,11.0,11.0,13.0,21.081612,23.404474,15.00787,15.105063,21.075132,23.233238,21.105999,23.49154,15.010481,15.179425,15.079412,14.923616,21.071846,22.59295,22.091349,25.062836,15.010933,15.2055645,0.0,4.0,0.0,0.0,0.0,0.0,0.0,0.0
45297,2023.0,11.0,11.0,13.0,21.054142,23.28058,15.008212,15.122186,21.077944,23.17195,21.10163,23.389444,15.010745,15.185828,15.000774,14.856303,21.073824,22.560183,20.925991,22.726942,15.011293,15.21125,0.0,4.0,0.0,0.0,0.0,0.0,0.0,0.0
45298,2023.0,11.0,11.0,13.0,21.08299,23.322292,15.008486,15.13768,21.098534,23.179377,21.078865,23.309168,15.011121,15.191991,15.009237,14.924491,21.055565,22.52355,21.10131,23.079803,15.010853,15.215281,0.0,0.0,0.0,0.0,0.0,0.0,0.0,0.0
45299,2023.0,11.0,11.0,13.0,21.187,23.449018,15.01657,15.168027,21.187138,23.293543,21.169575,23.448315,15.020836,15.216245,15.0069475,14.965122,21.11742,22.636526,21.152287,23.160406,15.021788,15.241693,0.0,0.0,0.0,0.0,0.0,0.0,0.0,0.0
45300,2023.0,11.0,11.0,14.0,21.138678,23.24324,15.017124,15.178668,21.142332,23.107681,21.125101,23.275167,15.020091,15.215913,15.008939,15.001967,21.064297,22.479435,21.149809,23.12581,15.021565,15.24125,0.0,4.0,4.0,0.0,0.0,4.0,0.0,0.0
45301,2023.0,11.0,11.0,14.0,18.868917,18.896297,15.008248,15.1715765,19.381538,19.718979,19.19707,19.539986,15.009606,15.202069,15.29444,15.558837,19.873648,20.176805,19.147326,19.255737,15.009775,15.224841,0.0,4.0,4.0,0.0,4.0,4.0,0.0,0.0
45302,2023.0,11.0,11.0,14.0,17.663021,17.422747,15.629297,16.055862,17.874344,17.519556,17.641489,17.31166,15.481298,16.081476,20.164454,23.80179,18.617517,18.1859,18.068676,17.927197,16.123419,16.05403,0.0,0.0,0.0,4.0,4.0,0.0,0.0,0.0
45303,2023.0,11.0,11.0,14.0,17.241014,16.98856,15.012983,15.082089,17.231848,16.773577,17.006447,16.581663,20.542233,24.520216,20.015453,23.048843,18.880598,19.091805,17.641077,17.479343,15.678132,16.109282,0.0,0.0,0.0,0.0,0.0,4.0,0.0,0.0
45304,2023.0,11.0,11.0,14.0,17.185747,17.171396,15.287224,15.627726,16.894817,16.437696,16.66916,16.246284,17.184902,17.486368,17.326183,17.477629,18.994564,19.274124,17.342031,17.183643,15.166507,15.1632185,4.0,0.0,0.0,0.0,0.0,4.0,0.0,0.0
45305,2023.0,11.0,11.0,14.0,17.847296,18.53907,19.668163,23.12367,16.910215,16.687193,16.678108,16.482512,15.832882,15.503558,16.15627,15.732065,18.923262,19.205967,17.137026,16.981342,15.016493,15.077117,0.0,0.0,0.0,0.0,0.0,4.0,0.0,0.0
45306,2023.0,11.0,11.0,15.0,17.76879,18.263071,17.353367,18.021004,16.818323,16.652163,17.29562,17.778355,15.598573,15.435123,15.968522,15.750624,18.120787,17.78247,16.930304,16.784796,15.775775,16.583284,0.0,0.0,4.0,0.0,0.0,0.0,0.0,4.0
45307,2023.0,11.0,11.0,15.0,16.992344,16.890896,16.040045,15.980268,16.684742,16.524342,17.450258,18.025972,15.453423,15.318002,15.862536,15.691616,18.519674,18.763437,16.773132,16.631659,19.766205,23.396893,0.0,0.0,4.0,0.0,0.0,4.0,0.0,0.0
45308,2023.0,11.0,11.0,15.0,17.25419,17.668142,15.657258,15.550707,16.53638,16.383001,16.579897,16.399426,15.282387,15.157198,15.698122,15.542857,18.666962,18.967419,16.611877,16.478905,16.704933,16.886782,0.0,0.0,0.0,0.0,0.0,4.0,0.0,0.0
45309,2023.0,11.0,11.0,15.0,16.664354,16.55032,15.46238,15.338804,17.16217,17.660168,16.124498,15.742731,15.153276,15.030284,15.567068,15.415486,17.883547,17.53129,16.484695,16.354168,15.592462,15.29691,0.0,4.0,0.0,0.0,0.0,0.0,0.0,0.0
45310,2023.0,11.0,11.0,15.0,16.353025,16.141375,15.817169,16.127281,17.335829,17.919714,15.926698,15.53376,15.038976,14.921713,15.44638,15.302054,18.359322,18.648197,16.368052,16.242567,15.443251,15.304558,4.0,4.0,0.0,0.0,0.0,4.0,0.0,0.0
45311,2023.0,11.0,11.0,15.0,16.196167,15.979925,20.139719,23.583923,16.49982,16.320211,15.78426,15.39991,15.00487,14.949231,15.757108,15.987327,18.45271,18.771837,16.265875,16.147165,15.28859,15.175678,4.0,0.0,0.0,0.0,4.0,4.0,0.0,0.0
45312,2023.0,11.0,11.0,16.0,17.06913,17.776634,20.027573,22.875628,15.974865,15.607451,16.594715,17.075958,15.282251,15.177431,20.273386,23.699902,17.69626,17.370571,16.15817,16.04484,16.10346,16.875399,4.0,0.0,4.0,0.0,0.0,0.0,0.0,4.0
45313,2023.0,11.0,11.0,16.0,17.135876,17.650723,20.097038,22.684322,16.460567,16.66236,16.938883,17.52413,14.993531,14.96149,17.731613,18.252075,17.29177,16.876041,16.054073,15.940334,20.325836,24.05067,4.0,4.0,4.0,0.0,0.0,0.0,0.0,0.0
45314,2023.0,11.0,11.0,16.0,17.031149,17.514826,20.085655,22.434143,16.666182,16.939945,16.703995,17.02513,15.012583,15.060314,16.13844,16.056385,17.118256,16.68938,15.957122,15.84287,17.110588,17.272005,4.0,4.0,4.0,0.0,0.0,0.0,0.0,0.0
45315,2023.0,11.0,11.0,16.0,16.994772,17.463463,20.100487,22.313557,16.652222,16.916159,16.573463,16.852823,15.010609,15.101782,15.772774,15.62157,16.97867,16.54051,15.865089,15.747789,15.496925,15.187467,0.0,4.0,4.0,0.0,0.0,0.0,0.0,0.0
45316,2023.0,11.0,11.0,16.0,16.278028,16.144596,18.104637,18.342283,16.62282,16.87547,16.52608,16.794065,15.011578,15.137374,15.583076,15.4343605,17.940304,18.492699,15.784146,15.668558,15.297974,15.153648,4.0,4.0,4.0,0.0,0.0,4.0,0.0,0.0
45317,2023.0,11.0,11.0,16.0,16.614231,17.01495,20.21365,22.68179,16.58817,16.827953,16.48046,16.735802,15.493511,16.060577,15.42413,15.271755,17.274122,16.94236,15.70627,15.589948,15.156522,15.033076,0.0,4.0,4.0,4.0,0.0,0.0,0.0,0.0
45318,2023.0,11.0,11.0,17.0,16.110975,15.963392,18.138374,18.393341,16.551134,16.77805,15.765121,15.427615,20.264273,24.22268,15.287744,15.138413,17.614262,17.874992,15.630267,15.508364,14.997698,14.891198,4.0,4.0,0.0,0.0,0.0,4.0,0.0,0.0
45319,2023.0,11.0,11.0,17.0,15.723235,15.457735,20.26179,22.781158,16.517723,16.73631,16.065273,16.22541,16.958935,17.139769,15.163791,15.013929,17.809454,18.078638,16.614273,17.419323,15.013433,15.019371,4.0,4.0,4.0,0.0,0.0,4.0,4.0,0.0
45320,2023.0,11.0,11.0,17.0,15.564906,15.276146,20.060354,22.16681,16.486698,16.696955,15.572473,15.211347,15.221523,14.876073,15.053275,14.905316,17.81708,18.076925,15.805837,15.53901,15.011309,15.087635,0.0,4.0,0.0,0.0,0.0,4.0,0.0,0.0
45321,2023.0,11.0,11.0,17.0,15.467818,15.183051,17.769485,17.637398,16.455975,16.658129,15.906537,16.05339,15.839118,16.366888,15.002417,14.898274,17.063684,16.65424,15.322144,14.967068,15.012954,15.139962,0.0,4.0,4.0,4.0,0.0,0.0,0.0,0.0
45322,2023.0,11.0,11.0,17.0,15.631608,15.598402,17.196054,17.382761,16.424559,16.61875,15.435486,15.067992,20.051922,23.522343,15.009322,14.965896,16.688982,16.210493,15.172948,14.806503,15.013542,15.177775,4.0,4.0,0.0,0.0,0.0,0.0,0.0,0.0
45323,2023.0,11.0,11.0,17.0,16.4811,17.188408,20.247562,22.903395,16.392502,16.5789,15.068506,14.5902815,17.463533,17.940496,15.009246,15.007278,17.356287,17.593506,15.066216,14.697053,15.014161,15.207069,4.0,4.0,0.0,4.0,0.0,4.0,0.0,0.0
45324,2023.0,11.0,11.0,18.0,16.491564,16.927681,20.064589,22.25507,16.360575,16.538958,15.644794,15.7741585,20.379625,23.664417,15.009953,15.040019,17.576784,17.816679,16.350334,17.227232,15.0149975,15.233295,0.0,4.0,4.0,4.0,0.0,4.0,4.0,0.0
45325,2023.0,11.0,11.0,18.0,21.22459,25.11654,17.981413,18.053228,21.200464,25.03322,20.996597,24.924725,20.059317,22.714571,15.010312,15.063773,21.32755,24.325783,20.70831,24.439207,15.015754,15.252914,4.0,4.0,4.0,0.0,0.0,4.0,0.0,0.0
45326,2023.0,11.0,11.0,18.0,21.043516,24.24734,20.267452,22.701124,21.032001,24.122898,21.041584,24.383474,17.805328,18.105846,15.011266,15.083645,21.592627,24.35424,21.314056,24.90659,15.617796,16.372358,4.0,4.0,4.0,4.0,0.0,4.0,0.0,4.0
45327,2023.0,11.0,11.0,18.0,21.11847,24.022982,20.043907,22.027237,21.101875,23.87538,21.129665,24.151028,20.377218,23.165636,15.147835,15.342985,22.153807,25.03002,21.837372,25.362669,19.907255,23.646639,4.0,4.0,0.0,0.0,4.0,4.0,0.0,0.0
45328,2023.0,11.0,11.0,18.0,21.081501,23.67224,20.087969,21.966387,21.113192,23.653255,21.091421,23.763958,17.467417,17.279943,20.18428,23.659895,20.973768,22.65384,22.149128,25.380648,16.541275,16.49826,4.0,0.0,4.0,0.0,0.0,0.0,4.0,0.0
45329,2023.0,11.0,11.0,18.0,21.085222,23.499113,20.080528,21.84556,21.084244,23.384533,21.117573,23.626715,15.943338,15.382855,17.440939,17.936258,21.06998,22.727852,22.474516,25.707699,15.923414,16.37239,4.0,4.0,0.0,0.0,0.0,4.0,4.0,4.0
45330,2023.0,11.0,11.0,19.0,21.107973,23.43157,20.098137,21.816248,21.087143,23.250738,21.087109,23.390844,15.824096,15.582407,15.66901,15.4970665,21.057865,22.628405,20.874523,22.683231,20.282898,23.883947,0.0,4.0,4.0,0.0,0.0,4.0,4.0,0.0
45331,2023.0,11.0,11.0,19.0,21.101002,23.31299,18.247707,18.19279,21.084465,23.14129,21.113415,23.347822,15.707175,15.509211,15.326324,15.132504,21.059473,22.573246,22.492588,25.410496,17.5472,17.995874,4.0,4.0,0.0,0.0,0.0,4.0,4.0,4.0
45332,2023.0,11.0,11.0,19.0,21.152777,23.31602,20.2551,22.330027,21.162369,23.234396,21.15648,23.341772,15.512796,15.325052,15.143185,14.944774,21.129702,22.683325,20.990454,22.669304,20.368908,23.619915,4.0,0.0,0.0,0.0,0.0,0.0,0.0,0.0
45333,2023.0,11.0,11.0,19.0,21.07777,23.105408,20.045755,21.76239,21.075977,22.971365,21.104897,23.163113,15.341844,15.16299,14.997094,14.81719,21.081135,22.537035,21.594889,23.901632,17.141993,16.97477,4.0,4.0,0.0,0.0,0.0,0.0,0.0,0.0
45334,2023.0,11.0,11.0,19.0,21.075066,23.055307,20.082672,21.742401,21.078964,22.925858,21.052818,23.031479,15.192525,15.01922,15.0160675,14.931896,21.07976,22.494003,21.083761,22.880629,15.57377,15.065676,4.0,4.0,4.0,0.0,0.0,0.0,0.0,0.0
45335,2023.0,11.0,11.0,19.0,21.100111,23.086586,20.093,21.714966,21.07617,22.87919,21.085821,23.038317,15.058946,14.882219,15.012118,14.98066,21.078005,22.456865,21.09487,22.891392,15.499275,15.322368,0.0,4.0,4.0,0.0,0.0,0.0,0.0,0.0
45336,2023.0,11.0,11.0,20.0,21.069107,22.966187,17.958914,17.579905,21.077778,22.846828,21.082159,22.988184,15.708898,16.20792,15.01057,15.0172205,21.02903,22.35502,21.073685,22.876509,15.367022,15.204459,0.0,4.0,4.0,4.0,0.0,4.0,0.0,0.0
45337,2023.0,11.0,11.0,20.0,21.074493,22.946402,17.54012,17.608017,21.076954,22.813633,21.106388,23.019165,20.463514,24.084,15.012169,15.050928,21.057507,22.38181,21.038258,22.79043,15.185992,15.027643,4.0,4.0,0.0,0.0,0.0,4.0,4.0,0.0
45338,2023.0,11.0,11.0,20.0,21.162004,23.09236,20.24994,22.541565,21.163265,22.957413,21.161331,23.091486,16.934076,16.81546,15.012822,15.076077,21.13081,22.506323,21.19201,23.094757,15.019548,14.853583,0.0,4.0,0.0,0.0,0.0,4.0,0.0,0.0
45339,2023.0,11.0,11.0,20.0,21.098167,22.953959,18.253317,18.428389,21.075731,22.75339,21.100584,22.933868,16.01355,16.160824,15.013074,15.094736,21.054293,22.331497,21.092546,22.862417,15.013381,14.957131,0.0,4.0,0.0,4.0,0.0,4.0,0.0,0.0
45340,2023.0,11.0,11.0,20.0,21.066954,22.842371,17.458273,17.609842,21.075588,22.72911,21.075123,22.903206,20.527538,23.805058,15.013878,15.110881,21.054447,22.3144,21.05532,22.733341,15.011601,15.019802,4.0,4.0,0.0,4.0,0.0,4.0,4.0,0.0
45341,2023.0,11.0,11.0,20.0,22.37479,25.005066,20.242516,22.629816,21.992739,24.121138,21.750137,23.972456,20.051682,22.666855,15.079982,15.2338505,21.99423,23.90485,22.377739,24.872337,15.012587,15.068929,0.0,0.0,4.0,0.0,4.0,0.0,0.0,0.0
45342,2023.0,11.0,11.0,21.0,20.89882,22.29162,18.006315,17.94811,21.086712,22.665499,21.03858,22.762539,17.7207,17.873983,20.076723,23.514364,20.945456,21.934402,20.874395,22.148148,15.708368,16.410433,4.0,0.0,0.0,4.0,0.0,4.0,4.0,4.0
45343,2023.0,11.0,11.0,21.0,21.096878,22.717583,20.26445,22.567543,21.069992,22.600893,21.082619,22.796124,20.459553,23.125883,17.277203,17.686539,21.066923,22.1995,21.12967,22.724598,19.965765,23.554245,4.0,4.0,4.0,0.0,0.0,4.0,0.0,0.0
45344,2023.0,11.0,11.0,21.0,21.065573,22.671383,20.041668,21.865822,21.073843,22.601067,21.078184,22.762892,17.448807,17.13759,15.505371,15.288855,21.051228,22.18072,21.086802,22.657719,16.600447,16.445217,4.0,4.0,4.0,0.0,0.0,4.0,0.0,0.0
45345,2023.0,11.0,11.0,21.0,21.807943,24.179264,20.104313,21.84232,21.073427,22.592268,21.078775,22.743408,15.912177,15.255834,15.547598,15.643378,21.577684,23.254978,21.053055,22.567398,15.919987,16.220747,0.0,4.0,4.0,0.0,4.0,0.0,4.0,4.0
45346,2023.0,11.0,11.0,21.0,21.792912,23.691906,18.143946,17.950094,21.806932,23.642311,21.897892,23.961666,15.843997,15.559281,20.347485,23.661192,21.686932,23.157677,21.647774,23.502108,21.12109,24.864408,4.0,4.0,0.0,0.0,0.0,0.0,4.0,4.0
45347,2023.0,11.0,11.0,21.0,21.816845,23.964476,20.254045,22.287258,20.906572,22.076645,20.911499,22.231365,15.743994,15.504504,17.529404,17.871765,21.518497,22.873604,20.900835,22.111708,19.890287,22.397938,0.0,4.0,0.0,0.0,0.0,0.0,4.0,4.0
45348,2023.0,11.0,11.0,22.0,20.948456,22.332376,18.204788,18.06896,21.12544,22.57062,21.123983,22.67912,15.549266,15.318963,16.193256,16.28032,21.013695,21.924788,21.12166,22.623617,20.140274,22.663456,4.0,0.0,0.0,0.0,4.0,0.0,0.0,0.0
45349,2023.0,11.0,11.0,22.0,21.841871,23.988638,20.319054,22.452143,21.32701,22.969265,21.160492,22.811167,15.364423,15.127109,20.421797,23.501886,21.824627,23.320967,21.181036,22.762144,17.201635,16.810122,0.0,4.0,0.0,0.0,0.0,0.0,0.0,0.0
45350,2023.0,11.0,11.0,22.0,20.931993,22.278019,17.876415,17.471224,21.072104,22.460903,21.048433,22.598106,15.204309,14.966454,17.703974,17.98985,21.013662,21.988495,21.090593,22.58494,15.786875,15.146351,0.0,4.0,4.0,0.0,0.0,0.0,0.0,0.0
45351,2023.0,11.0,11.0,22.0,21.063126,22.589365,16.891096,16.48687,21.071579,22.463497,21.078232,22.701395,15.058435,14.814783,16.078419,15.817643,21.03052,22.059443,21.089802,22.582218,15.335248,14.689965,0.0,4.0,0.0,0.0,0.0,4.0,0.0,0.0
45352,2023.0,11.0,11.0,22.0,21.095875,22.672518,17.14376,17.162704,21.072027,22.46319,21.099714,22.701014,15.520314,15.792834,15.988779,15.980775,21.054838,22.105993,21.0683,22.578726,16.209585,16.670855,4.0,4.0,0.0,4.0,4.0,4.0,0.0,4.0
45353,2023.0,11.0,11.0,22.0,21.25403,22.959602,20.331171,22.880424,21.238466,22.810143,21.225904,22.92069,20.47471,23.971235,20.358107,23.368254,21.21022,22.415997,21.312414,23.089579,20.401697,23.547836,4.0,0.0,0.0,0.0,4.0,4.0,0.0,0.0
45354,2023.0,11.0,11.0,23.0,21.991245,24.176462,20.104565,22.088984,22.014599,24.034973,22.04764,24.181328,17.44106,17.664059,20.056892,22.57106,21.97082,23.646637,22.234451,24.528679,17.633337,17.818602,0.0,0.0,0.0,0.0,0.0,0.0,4.0,4.0
45355,2023.0,11.0,11.0,23.0,19.968658,20.04633,17.693039,17.248259,19.956013,19.861446,20.15515,20.329546,16.357033,16.618263,17.448576,17.260729,19.685482,19.112331,19.910728,20.020483,16.476713,16.527891,0.0,4.0,0.0,4.0,4.0,0.0,4.0,4.0
45356,2023.0,11.0,11.0,23.0,18.484453,17.75418,17.045767,16.538197,18.400396,17.440145,18.902401,18.526718,15.411551,14.843676,16.08554,15.248109,19.453777,19.210142,18.453447,17.729525,15.623306,15.079637,0.0,0.0,0.0,0.0,0.0,4.0,0.0,0.0
45357,2023.0,11.0,11.0,23.0,17.923,17.120878,16.879877,16.459251,17.815077,16.787783,18.43601,18.025118,14.990525,14.391267,16.040047,15.611526,18.634806,17.804928,17.84266,17.057194,15.910611,15.932073,0.0,0.0,0.0,0.0,0.0,0.0,0.0,4.0
45358,2023.0,11.0,11.0,23.0,17.507864,16.730991,17.11908,17.125063,17.862993,17.32548,18.051226,17.647621,15.304125,15.16585,15.922571,15.584519,18.08914,17.222359,17.415379,16.652067,15.271162,14.718844,4.0,0.0,0.0,4.0,0.0,0.0,0.0,0.0
45359,2023.0,11.0,11.0,23.0,17.673756,17.340546,16.699377,16.391205,17.782467,17.351065,17.795004,17.396084,14.965279,14.615964,15.731228,15.412975,18.620419,18.465883,18.181934,18.369257,14.997115,14.4887495,0.0,0.0,0.0,0.0,0.0,4.0,4.0,0.0
45360,2023.0,11.0,12.0,0.0,18.406107,18.863497,16.347097,15.959272,17.580025,17.169222,17.532213,17.143806,15.033631,14.829045,15.512952,15.210133,18.003807,17.26546,18.323536,18.510439,15.025257,14.703724,0.0,0.0,0.0,0.0,0.0,0.0,4.0,0.0
45361,2023.0,11.0,12.0,0.0,17.440874,16.921232,16.162663,15.770614,17.378633,16.976152,17.301163,16.92043,15.007716,14.867835,15.313342,15.02128,17.531008,16.724356,17.316916,16.715544,15.008621,14.804022,0.0,0.0,0.0,0.0,0.0,0.0,0.0,0.0
45362,2023.0,11.0,12.0,0.0,16.752686,16.031223,16.004446,15.606624,17.187407,16.781967,17.088724,16.703981,15.409454,15.6893425,15.12128,14.819663,17.273237,16.456633,16.690577,15.9808655,15.014512,14.906649,0.0,0.0,0.0,4.0,0.0,0.0,0.0,0.0
45363,2023.0,11.0,12.0,0.0,16.505926,15.790603,15.874155,15.480595,17.02603,16.627913,16.91263,16.535273,14.946048,14.822423,14.997041,14.742003,17.535181,17.178139,16.40934,15.709316,15.012945,14.972358,0.0,0.0,0.0,0.0,0.0,0.0,0.0,0.0
45364,2023.0,11.0,12.0,0.0,16.74754,16.471346,15.754238,15.361291,16.877228,16.481874,16.752012,16.37704,15.046103,15.03161,15.018803,14.872368,17.545105,17.206436,16.192345,15.500409,15.014677,15.025718,0.0,0.0,0.0,0.0,0.0,0.0,0.0,0.0
45365,2023.0,11.0,12.0,0.0,16.789314,16.591105,15.647847,15.257215,16.74487,16.35414,16.6104,16.239742,15.025145,15.010853,15.014275,14.931042,17.449654,17.11223,16.403881,16.117506,15.015057,15.066104,0.0,0.0,0.0,0.0,0.0,0.0,0.0,0.0
45366,2023.0,11.0,12.0,1.0,16.726076,16.548525,15.544635,15.14974,16.61783,16.224543,16.475355,16.101545,15.021722,15.050546,15.022309,15.0023155,17.351393,17.011156,16.385056,16.098293,15.024474,15.118702,0.0,0.0,0.0,0.0,0.0,0.0,0.0,0.0
45367,2023.0,11.0,12.0,1.0,16.638836,16.465313,15.457639,15.066555,16.509298,16.12163,16.360527,15.992156,15.0254545,15.087844,15.0244465,15.037126,17.262827,16.923492,16.28514,15.999277,15.026988,15.142714,0.0,0.0,0.0,0.0,0.0,0.0,0.0,0.0
45368,2023.0,11.0,12.0,1.0,16.551987,16.37999,15.377911,14.990289,16.409792,16.027239,16.255766,15.892296,15.027082,15.113325,15.026833,15.0695,17.180445,16.841925,16.185413,15.900611,15.027644,15.163067,0.0,0.0,0.0,0.0,0.0,0.0,0.0,0.0
45369,2023.0,11.0,12.0,1.0,16.469046,16.298035,15.304047,14.919551,16.31759,15.939715,16.159208,15.800157,15.027667,15.133195,15.028608,15.094598,17.103348,16.76556,16.090929,15.80715,15.029431,15.182975,0.0,0.0,0.0,0.0,0.0,0.0,0.0,0.0
45370,2023.0,11.0,12.0,1.0,16.390236,16.219793,15.235127,14.853441,16.231543,15.857948,16.06958,15.714503,15.03002,15.153632,15.03026,15.115964,17.030794,16.693676,16.001877,15.719056,15.030924,15.199927,0.0,0.0,0.0,0.0,0.0,0.0,0.0,0.0
45371,2023.0,11.0,12.0,1.0,16.315079,16.144737,15.170414,14.791244,16.150732,15.781049,15.98585,15.634347,15.031173,15.168786,15.0313635,15.13353,16.962143,16.625637,15.917747,15.635821,15.0311,15.212975,0.0,0.0,0.0,0.0,0.0,0.0,0.0,0.0
45372,2023.0,11.0,12.0,2.0,16.24363,16.07345,15.111857,14.7374935,16.076994,15.713481,15.909842,15.564212,15.215563,15.511634,15.014898,15.117551,16.898008,16.563234,15.839078,15.559122,15.014868,15.195841,0.0,0.0,0.0,4.0,0.0,0.0,0.0,0.0
45373,2023.0,11.0,12.0,2.0,16.18015,16.014858,15.055424,14.684494,16.752699,17.048168,15.83774,15.4971,14.981915,15.083481,15.0194,15.140232,16.836857,16.503777,15.764881,15.487423,15.018568,15.215661,0.0,4.0,0.0,0.0,0.0,0.0,0.0,0.0
45374,2023.0,11.0,12.0,2.0,16.128206,15.9761915,14.999292,14.633366,16.363762,16.150808,15.764073,15.423389,15.024213,15.184216,15.002947,15.112399,16.774765,16.440216,15.69067,15.412282,15.01851,15.227047,0.0,0.0,0.0,0.0,4.0,0.0,0.0,0.0
45375,2023.0,11.0,12.0,2.0,16.06958,15.916802,15.004588,14.684614,15.550325,14.737612,15.693915,15.353438,15.017558,15.184749,15.024143,15.176962,16.714626,16.379002,15.619113,15.340153,15.019104,15.238719,0.0,0.0,0.0,0.0,0.0,0.0,0.0,0.0
45376,2023.0,11.0,12.0,2.0,16.003225,15.843884,15.0052595,14.719267,15.21613,14.350835,15.623733,15.28042,15.0189085,15.198984,15.00326,15.135613,16.654316,16.31599,15.547362,15.265754,15.309614,15.775497,0.0,0.0,0.0,0.0,4.0,0.0,0.0,4.0
45377,2023.0,11.0,12.0,2.0,15.942403,15.780821,15.005508,14.7481,15.515148,15.088884,15.560567,15.218503,15.019127,15.209298,15.026821,15.204228,16.597847,16.259426,15.480309,15.199016,14.972113,15.145355,0.0,0.0,0.0,0.0,0.0,0.0,0.0,0.0
45378,2023.0,11.0,12.0,3.0,15.879471,15.712415,15.010181,14.784565,15.621694,15.261795,15.494466,15.148556,15.038434,15.257433,15.041479,15.24523,16.540037,16.199018,15.41202,15.128227,15.067409,15.33158,0.0,0.0,0.0,0.0,0.0,0.0,0.0,0.0
45379,2023.0,11.0,12.0,3.0,15.831895,15.673146,15.005885,14.79595,15.587493,15.231635,15.438924,15.097854,15.015439,15.218927,15.000844,15.160036,16.488503,16.149992,15.350499,15.069454,15.324195,15.7904005,0.0,0.0,0.0,0.0,4.0,0.0,0.0,4.0
45380,2023.0,11.0,12.0,3.0,15.77851,15.61807,15.007575,14.819738,15.539512,15.187297,15.384155,15.045599,15.022035,15.240854,15.030288,15.236067,16.437862,16.100794,15.29044,15.01096,14.980296,15.138102,0.0,0.0,0.0,0.0,0.0,0.0,0.0,0.0
45381,2023.0,11.0,12.0,3.0,15.725298,15.563796,15.014169,14.853729,15.488184,15.137485,15.329542,14.991927,15.04151,15.290382,15.043681,15.2786,16.388628,16.0529,15.231521,14.953029,15.067952,15.32333,0.0,0.0,0.0,0.0,0.0,0.0,0.0,0.0
45382,2023.0,11.0,12.0,3.0,15.67556,15.515428,15.01495,14.870746,15.438515,15.090781,15.277924,14.942831,15.041402,15.291532,15.043751,15.27852,16.341217,16.00723,15.174965,14.898209,15.038321,15.278818,0.0,0.0,0.0,0.0,0.0,0.0,0.0,0.0
45383,2023.0,11.0,12.0,3.0,15.636566,15.487052,15.007609,14.872841,15.393826,15.053308,15.23202,14.903832,15.018891,15.259176,15.020195,15.243007,16.297709,15.968153,16.194902,16.867496,15.019708,15.275489,0.0,0.0,0.0,0.0,0.0,0.0,4.0,0.0
45384,2023.0,11.0,12.0,4.0,15.598335,15.455419,15.008991,14.892141,15.346571,15.008613,15.182993,14.857351,15.022083,15.275168,15.02349,15.258147,16.252731,15.925051,15.24958,14.699394,15.022069,15.301356,0.0,0.0,0.0,0.0,0.0,0.0,0.0,0.0
45385,2023.0,11.0,12.0,4.0,15.542741,15.391608,15.009269,14.908319,15.29564,14.956086,15.130724,14.803316,15.021724,15.283439,15.022896,15.265018,16.205647,15.876645,15.043094,14.676548,15.252254,15.727064,0.0,0.0,0.0,0.0,0.0,0.0,0.0,4.0
45386,2023.0,11.0,12.0,4.0,15.500762,15.355256,15.010098,14.924661,15.247612,14.909385,15.082139,14.755645,15.022049,15.292109,15.023609,15.273628,16.16097,15.832494,15.01443,14.677902,14.995654,15.233624,0.0,0.0,0.0,0.0,0.0,0.0,0.0,0.0
45387,2023.0,11.0,12.0,4.0,15.468997,15.33508,15.020341,14.960516,15.198248,14.859806,15.032864,14.705867,15.045036,15.346339,15.046895,15.327622,16.11709,15.789286,15.006929,14.73429,15.071569,15.387417,0.0,0.0,0.0,0.0,0.0,0.0,0.0,0.0
45388,2023.0,11.0,12.0,4.0,15.427196,15.293994,15.020527,14.971199,15.15077,14.813686,15.000759,14.688972,15.044663,15.3447895,15.046762,15.325546,16.074118,15.747197,15.003028,14.772418,15.042164,15.341128,0.0,0.0,0.0,0.0,0.0,0.0,0.0,0.0
45389,2023.0,11.0,12.0,4.0,15.386164,15.2552805,15.009662,14.963668,15.105292,14.771034,15.004777,14.732844,15.070437,15.369203,15.020174,15.284372,16.03216,15.706711,15.00668,14.813041,15.242888,15.720101,0.0,0.0,0.0,4.0,0.0,0.0,0.0,4.0
45390,2023.0,11.0,12.0,5.0,15.337802,15.201341,15.01195,14.981378,15.058651,14.725467,15.00463,14.761637,15.017728,15.311855,15.025742,15.30323,15.989587,15.664627,15.006376,14.843543,14.999011,15.259656,0.0,0.0,0.0,0.0,0.0,0.0,0.0,0.0
45391,2023.0,11.0,12.0,5.0,15.288047,15.145946,15.023398,15.0178995,15.008675,14.672688,15.007807,14.796704,15.047432,15.382839,15.048778,15.356762,15.945498,15.61914,15.010541,14.882619,15.074325,15.414602,0.0,0.0,0.0,0.0,0.0,0.0,0.0,0.0
45392,2023.0,11.0,12.0,5.0,15.235151,15.084927,15.024823,15.028829,15.002578,14.705454,15.009115,14.82117,15.046492,15.378066,15.022205,15.284342,15.901257,15.573704,15.012794,14.907259,15.043567,15.367078,0.0,0.0,0.0,0.0,4.0,0.0,0.0,0.0
45393,2023.0,11.0,12.0,5.0,15.188999,15.038455,15.025327,15.040438,15.004986,14.741186,15.010848,14.845662,15.046825,15.384947,15.0507765,15.37862,15.856834,15.528085,15.013784,14.929122,15.045571,15.4012785,0.0,0.0,0.0,0.0,0.0,0.0,0.0,0.0
45394,2023.0,11.0,12.0,5.0,15.144266,14.993006,15.026535,15.053225,15.006714,14.770778,15.011984,14.867271,15.04848,15.393482,15.024114,15.302098,15.812307,15.482348,15.015575,14.951064,15.197695,15.673219,0.0,0.0,0.0,0.0,4.0,0.0,0.0,4.0
45395,2023.0,11.0,12.0,5.0,15.115026,14.978017,15.012215,15.036941,15.005071,14.789423,15.006883,14.874822,15.02238,15.316738,15.0286255,15.345258,16.615496,17.043028,15.008663,14.954244,15.019886,15.3414345,0.0,0.0,0.0,4.0,0.0,4.0,0.0,0.0
45396,2023.0,11.0,12.0,6.0,15.071095,14.928582,15.014339,15.052569,15.006004,14.81303,15.008189,14.895497,15.029638,15.381741,15.026526,15.347915,16.104858,15.8195095,15.010983,14.975959,15.042485,15.386337,0.0,0.0,0.0,0.0,0.0,0.0,0.0,0.0
45397,2023.0,11.0,12.0,6.0,20.154612,23.808136,15.014442,15.063914,20.08677,23.658625,20.024471,23.62682,15.043702,15.382051,15.027012,15.354843,19.180525,21.13653,20.226017,23.748922,15.039944,15.380321,0.0,0.0,0.0,0.0,0.0,0.0,0.0,0.0
45398,2023.0,11.0,12.0,6.0,21.06877,24.828579,15.014843,15.075066,21.081345,24.807613,21.0198,24.78847,15.041169,15.357263,15.026953,15.359597,20.614971,23.437305,21.169802,25.065247,15.0237255,15.377764,0.0,0.0,0.0,0.0,0.0,4.0,0.0,0.0
45399,2023.0,11.0,12.0,6.0,21.102835,24.409657,15.01528,15.085796,21.102934,24.346464,21.11843,24.465431,15.022373,15.338207,15.02699,15.362559,20.270359,22.451672,21.64118,25.391497,15.025221,15.3953905,0.0,0.0,0.0,0.0,0.0,0.0,0.0,0.0
45400,2023.0,11.0,12.0,6.0,21.093996,24.075705,15.015469,15.095672,21.09608,24.002337,21.09747,24.091192,15.013413,15.298602,15.026774,15.364042,20.585423,22.7644,22.14133,25.876284,15.153987,15.613337,0.0,0.0,0.0,4.0,0.0,0.0,0.0,4.0
45401,2023.0,11.0,12.0,6.0,21.098099,23.86087,15.015735,15.105563,21.09983,23.775253,21.103436,23.868134,19.838572,23.447361,15.027076,15.366342,20.882162,23.056211,22.602617,26.323685,20.00355,23.918032,0.0,0.0,0.0,0.0,0.0,0.0,0.0,4.0
45402,2023.0,11.0,12.0,7.0,21.094677,23.692572,15.015951,15.114714,21.07401,23.537603,21.100277,23.693192,16.748783,16.99297,15.0114565,15.323691,21.101004,23.29881,20.900541,23.04013,20.06215,23.467457,0.0,4.0,0.0,0.0,4.0,0.0,0.0,0.0
45403,2023.0,11.0,12.0,7.0,21.092976,23.56908,15.016398,15.123573,21.076422,23.422411,21.098227,23.56253,14.985602,14.801228,19.516224,23.004011,21.08051,23.125383,21.11933,23.434525,16.444908,16.089653,0.0,4.0,0.0,0.0,0.0,0.0,0.0,0.0
45404,2023.0,11.0,12.0,7.0,21.066507,23.408155,15.06841,15.203134,21.103735,23.327261,21.072739,23.395742,15.035165,15.050868,17.016907,17.588188,21.080757,23.027119,21.053593,23.23341,14.983382,14.52506,4.0,4.0,4.0,0.0,4.0,0.0,4.0,0.0
45405,2023.0,11.0,12.0,7.0,21.483988,23.82329,19.689281,23.139145,21.367342,23.507704,21.468721,23.774933,15.38791,15.805137,20.100445,23.482498,21.274128,23.1784,21.511646,23.706926,16.001177,15.292533,0.0,4.0,4.0,4.0,0.0,0.0,4.0,0.0
45406,2023.0,11.0,12.0,7.0,20.90449,22.780436,17.115292,17.511677,20.964619,22.764986,20.916265,22.767477,19.559637,22.777817,17.307844,17.619736,20.965061,22.570955,20.893095,22.629713,14.996312,14.91165,0.0,4.0,4.0,0.0,0.0,4.0,4.0,0.0
45407,2023.0,11.0,12.0,7.0,21.114676,23.166191,15.777802,15.89454,21.11051,23.018427,21.14655,23.206516,16.741934,16.884604,15.4683275,15.158694,21.060858,22.74184,22.204576,25.047865,15.024643,15.083449,4.0,4.0,0.0,4.0,0.0,4.0,4.0,0.0
45408,2023.0,11.0,12.0,8.0,22.079365,24.621716,20.0989,23.59566,21.924747,24.175385,22.018919,24.471548,20.057535,23.149656,15.000686,14.687333,21.406036,23.257174,21.98236,24.227262,15.02098,15.158056,0.0,4.0,4.0,0.0,0.0,0.0,0.0,0.0
45409,2023.0,11.0,12.0,8.0,19.623823,19.724997,17.708696,18.342922,19.008442,18.862707,19.439493,19.348717,17.21707,17.351597,15.160445,15.184579,19.433512,19.332127,19.132866,18.65631,15.021617,15.216313,4.0,4.0,4.0,4.0,4.0,4.0,0.0,0.0
45410,2023.0,11.0,12.0,8.0,18.207882,18.085299,20.108042,22.990982,17.886131,17.515694,17.903646,17.54754,20.786638,23.98798,20.292263,23.74602,17.845745,17.018179,18.393137,18.484192,15.445806,16.041952,4.0,4.0,4.0,4.0,4.0,0.0,4.0,4.0
45411,2023.0,11.0,12.0,8.0,17.832403,17.725405,20.04045,22.515055,17.501228,17.134705,16.834732,15.9260435,20.08612,22.619461,19.952757,22.857924,18.019238,17.840307,17.370277,16.722212,19.678093,23.077065,4.0,4.0,0.0,4.0,0.0,4.0,0.0,0.0
45412,2023.0,11.0,12.0,8.0,17.573345,17.48878,20.132439,22.456192,17.23616,16.891697,16.21813,15.261147,20.14462,22.55323,16.73843,16.334734,17.344204,16.601652,16.598585,15.847582,16.195053,15.959999,0.0,4.0,0.0,0.0,0.0,0.0,0.0,0.0
45413,2023.0,11.0,12.0,8.0,16.667095,15.996988,17.34153,16.926792,17.019304,16.696264,15.869847,14.931317,17.200964,16.751009,15.859668,15.8091955,17.58639,17.453806,16.177795,15.431352,15.022024,14.860429,0.0,4.0,0.0,0.0,4.0,4.0,0.0,0.0
45414,2023.0,11.0,12.0,9.0,16.823338,16.67577,16.636946,16.589445,16.837543,16.534168,15.996169,15.487862,15.663307,14.9004345,20.364498,23.431534,16.958717,16.245968,16.240936,15.886223,15.641107,15.897406,4.0,4.0,0.0,0.0,0.0,0.0,0.0,0.0
45415,2023.0,11.0,12.0,9.0,16.212591,15.568861,20.230295,23.08758,16.028475,15.178674,16.0063,15.602563,15.532971,15.159599,17.56823,17.809082,17.28306,17.204088,16.180853,15.891315,14.988907,14.975639,0.0,0.0,0.0,0.0,0.0,4.0,0.0,0.0
45416,2023.0,11.0,12.0,9.0,15.792326,15.101587,17.857668,18.120811,15.571489,14.678256,15.880201,15.503609,15.396404,15.09683,15.901647,15.631326,16.706888,16.037783,16.02181,15.752908,15.026813,15.151721,0.0,0.0,0.0,0.0,0.0,0.0,0.0,0.0
45417,2023.0,11.0,12.0,9.0,15.583522,14.910599,16.276077,15.949954,15.353125,14.480387,15.742974,15.378079,15.165745,14.883114,15.443741,15.121823,16.263283,15.509068,15.8601,15.594161,15.021932,15.215999,0.0,0.0,0.0,0.0,0.0,0.0,0.0,0.0
45418,2023.0,11.0,12.0,9.0,16.532057,16.907326,15.860988,15.492575,15.561995,15.096151,16.359533,16.653357,14.996759,14.772766,15.5639,15.601973,16.903969,16.894245,15.721415,15.466713,15.022569,15.270015,0.0,0.0,4.0,0.0,4.0,4.0,0.0,0.0
45419,2023.0,11.0,12.0,9.0,15.840062,15.362045,15.605338,15.2369995,15.639563,15.273683,16.625063,17.026722,15.574418,15.65516,20.00842,22.953106,17.117064,17.132381,15.596013,15.349017,15.527598,15.949741,0.0,0.0,4.0,0.0,0.0,4.0,0.0,0.0
45420,2023.0,11.0,12.0,10.0,15.359815,14.773877,15.41092,15.048865,15.578546,15.239866,15.582127,15.015957,15.465882,15.363789,17.526934,17.891926,17.12868,17.156914,15.4847765,15.245042,14.990429,15.1013,0.0,0.0,0.0,0.0,0.0,4.0,0.0,0.0
45421,2023.0,11.0,12.0,10.0,15.2127495,14.648555,15.741468,15.815965,15.502722,15.181558,14.990766,14.2896805,15.004911,14.917656,15.795179,15.560236,16.410103,15.807516,15.387512,15.156496,15.049407,15.296644,4.0,0.0,0.0,0.0,0.0,0.0,0.0,0.0
45422,2023.0,11.0,12.0,10.0,15.433538,15.219095,20.127417,23.514418,15.4337635,15.130856,15.691057,15.427009,15.018482,15.038484,15.370956,15.096717,16.05203,15.404699,15.304462,15.084386,15.018111,15.287888,4.0,0.0,0.0,0.0,0.0,0.0,0.0,0.0
45423,2023.0,11.0,12.0,10.0,15.53956,15.432895,20.048061,22.828632,15.3695135,15.083406,16.073095,16.423857,15.016158,15.099422,15.119919,14.853414,15.920075,15.288076,15.229612,15.018916,15.022628,15.336592,0.0,0.0,4.0,0.0,0.0,0.0,0.0,0.0
45424,2023.0,11.0,12.0,10.0,15.51949,15.441449,17.16605,16.960966,16.050337,16.426193,16.047575,16.134628,15.016629,15.146586,15.001564,14.807835,15.841163,15.235707,15.163638,14.962733,15.021692,15.362805,0.0,4.0,4.0,0.0,0.0,0.0,0.0,0.0
45425,2023.0,11.0,12.0,10.0,15.481579,15.421452,15.985044,15.683588,15.705005,15.6072,15.20637,14.65834,15.016522,15.180724,15.015303,14.9431095,16.10067,15.84181,15.104525,14.912295,15.021675,15.383006,0.0,0.0,0.0,0.0,0.0,0.0,0.0,0.0
45426,2023.0,11.0,12.0,11.0,15.434697,15.3841715,15.7583685,15.475198,15.775369,15.867983,15.018982,14.553691,15.017227,15.207936,15.01648,15.018868,16.179558,15.951102,15.050688,14.866079,15.021271,15.397763,0.0,4.0,0.0,0.0,0.0,0.0,0.0,0.0
45427,2023.0,11.0,12.0,11.0,16.201557,16.874105,15.570667,15.3114805,15.137193,14.635759,15.012955,14.636029,15.016383,15.22582,15.013829,15.066777,16.964165,17.457996,15.004181,14.828446,15.021681,15.410332,0.0,0.0,0.0,0.0,0.0,4.0,0.0,0.0
45428,2023.0,11.0,12.0,11.0,15.782397,15.868552,15.403256,15.155099,15.021653,14.6217985,15.064082,14.82881,15.016482,15.240963,15.014921,15.108077,16.210596,15.750122,15.004978,14.872142,15.021568,15.419635,0.0,0.0,0.0,0.0,0.0,0.0,0.0,0.0
45429,2023.0,11.0,12.0,11.0,15.152213,14.83367,15.260021,15.020588,15.538724,15.65119,15.054889,14.854158,15.016696,15.254829,15.014806,15.137075,15.839756,15.329914,15.004442,14.900676,15.021242,15.426666,0.0,4.0,0.0,0.0,0.0,0.0,0.0,0.0
45430,2023.0,11.0,12.0,11.0,15.001859,14.71457,15.140819,14.913145,15.00066,14.644522,15.779008,16.27006,15.0166,15.265642,15.014784,15.159157,16.654964,16.955957,15.004745,14.925216,15.021442,15.433234,0.0,0.0,4.0,0.0,0.0,4.0,0.0,0.0
45431,2023.0,11.0,12.0,11.0,15.170487,15.128897,15.037233,14.820223,15.019697,14.744716,15.374966,15.3116045,15.016911,15.276261,15.014717,15.176147,16.91568,17.185013,15.005073,14.946417,15.020568,15.436365,0.0,0.0,0.0,0.0,0.0,4.0,0.0,0.0
45432,2023.0,11.0,12.0,12.0,16.054358,16.79177,15.003781,14.846216,15.0103,14.771047,14.992425,14.782981,15.016571,15.2842245,15.014831,15.190136,16.980038,17.260508,15.005367,14.965058,15.021027,15.441585,0.0,0.0,0.0,0.0,0.0,4.0,0.0,0.0
45433,2023.0,11.0,12.0,12.0,20.596228,24.339281,15.006922,14.915103,20.403854,24.19034,19.817682,23.200186,15.016912,15.291153,15.0149765,15.202206,20.683035,23.651365,20.526005,24.24536,15.020961,15.445078,0.0,0.0,0.0,0.0,0.0,4.0,0.0,0.0
45434,2023.0,11.0,12.0,12.0,20.847775,24.296516,15.007408,14.965137,21.032137,24.67755,21.145561,25.019667,15.015971,15.289778,15.015203,15.213571,21.13076,24.035908,21.383808,25.44032,15.0201235,15.443953,0.0,4.0,0.0,0.0,0.0,4.0,0.0,0.0
45435,2023.0,11.0,12.0,12.0,21.162275,24.439356,15.008059,15.006058,21.083714,24.315523,21.090097,24.425297,15.015857,15.286507,15.014804,15.219309,21.702408,24.68047,21.992178,25.96689,15.019552,15.437121,0.0,4.0,0.0,0.0,0.0,4.0,0.0,0.0
45436,2023.0,11.0,12.0,12.0,21.098543,24.015816,15.008409,15.039342,21.09328,23.988031,21.094048,24.121908,15.015159,15.281007,15.014685,15.22355,21.481285,23.964285,22.534855,26.459915,15.019007,15.427121,0.0,4.0,0.0,0.0,0.0,0.0,0.0,0.0
45437,2023.0,11.0,12.0,12.0,21.087286,23.819239,15.313373,15.630207,21.090988,23.740572,21.094337,23.902967,15.014807,15.279791,15.068001,15.309218,21.00984,22.896292,20.868135,23.165953,15.018532,15.416575,4.0,4.0,0.0,0.0,4.0,4.0,0.0,0.0
45438,2023.0,11.0,12.0,13.0,21.210382,23.821198,19.924618,23.469763,21.194513,23.710785,21.20797,23.86057,15.015017,15.279019,19.804916,23.336666,21.183535,23.027235,21.271212,23.732172,15.018707,15.408607,0.0,0.0,0.0,0.0,0.0,4.0,0.0,0.0
45439,2023.0,11.0,12.0,13.0,20.99239,23.334301,17.504763,18.127846,21.02166,23.24747,21.00467,23.380991,15.014382,15.275336,17.310976,17.8928,21.01092,22.657701,20.95702,23.072542,15.018362,15.399899,0.0,4.0,0.0,0.0,0.0,0.0,0.0,0.0
45440,2023.0,11.0,12.0,13.0,21.097134,23.492163,15.74127,15.689065,21.091722,23.303022,21.100687,23.503515,15.014371,15.273806,15.529026,15.420276,21.060703,22.688335,21.101639,23.32505,15.018324,15.39369,0.0,4.0,0.0,0.0,0.0,4.0,0.0,0.0
45441,2023.0,11.0,12.0,13.0,21.078274,23.40965,15.363528,15.211383,21.102457,23.27748,21.082571,23.410374,15.014381,15.27408,15.176065,15.014253,21.053782,22.63753,21.077997,23.24213,15.017096,15.389375,0.0,0.0,0.0,0.0,0.0,4.0,0.0,0.0
45442,2023.0,11.0,12.0,13.0,21.168655,23.540415,15.175531,15.011084,21.198803,23.394716,21.178095,23.54197,15.028464,15.302141,15.00027,14.843103,21.159567,22.832878,21.168598,23.379648,15.035045,15.422098,0.0,0.0,0.0,0.0,0.0,0.0,0.0,0.0
45443,2023.0,11.0,12.0,13.0,21.164377,23.464924,15.046529,14.886506,21.191742,23.296349,21.171978,23.456394,15.028314,15.297833,15.009809,14.993365,21.15419,22.75202,21.163603,23.306667,15.034185,15.411798,0.0,0.0,0.0,0.0,0.0,0.0,0.0,0.0
45444,2023.0,11.0,12.0,14.0,21.161728,23.42542,15.003529,14.908036,21.155993,23.218933,21.169346,23.413975,15.028334,15.299127,15.013479,15.059586,21.10223,22.590855,21.161367,23.27027,15.034508,15.411271,0.0,0.0,0.0,0.0,0.0,4.0,0.0,0.0
45445,2023.0,11.0,12.0,14.0,19.075537,19.38507,15.007436,14.979603,19.16923,19.397663,19.003393,19.219564,15.012225,15.272453,15.011116,15.096937,19.156073,18.873192,19.022198,19.124472,15.01454,15.3755245,0.0,0.0,0.0,0.0,0.0,0.0,0.0,0.0
45446,2023.0,11.0,12.0,14.0,18.662907,19.356266,15.0079565,15.029472,17.922077,17.76532,17.710169,17.571096,15.0146885,15.281889,15.012995,15.13695,18.18239,17.670698,17.866446,17.693293,15.018105,15.3852415,0.0,0.0,0.0,0.0,0.0,0.0,0.0,0.0
45447,2023.0,11.0,12.0,14.0,17.884699,17.990849,15.008348,15.067761,17.47535,17.28956,17.271006,17.110743,15.014659,15.286897,15.013069,15.166759,17.846182,17.34557,17.441015,17.264927,15.017819,15.38904,0.0,0.0,0.0,0.0,0.0,0.0,0.0,0.0
45448,2023.0,11.0,12.0,14.0,17.060083,16.786797,15.008853,15.098266,17.164219,16.971107,16.956436,16.790173,15.015286,15.2935505,15.013359,15.190228,17.86106,17.638094,17.13038,16.956291,15.018073,15.394349,0.0,0.0,0.0,0.0,0.0,0.0,0.0,0.0
45449,2023.0,11.0,12.0,14.0,16.68762,16.403246,15.009052,15.122273,16.924042,16.740265,16.712732,16.555801,15.015195,15.299098,15.1053,15.364082,18.589655,19.1381,17.981682,18.796041,15.018313,15.399581,0.0,0.0,0.0,0.0,4.0,4.0,4.0,0.0
45450,2023.0,11.0,12.0,15.0,16.69348,16.659668,15.00954,15.141763,16.719076,16.539602,16.503912,16.351454,15.015383,15.304887,19.699242,23.106335,17.775282,17.439589,17.024183,16.774086,15.018215,15.404041,0.0,0.0,0.0,0.0,0.0,0.0,0.0,0.0
45451,2023.0,11.0,12.0,15.0,17.40252,18.09848,15.00913,15.153804,16.541466,16.363873,16.325443,16.173496,15.0156975,15.310345,17.330452,17.928864,17.262405,16.825726,16.394917,16.039148,15.018571,15.408891,0.0,0.0,0.0,0.0,0.0,0.0,0.0,0.0
45452,2023.0,11.0,12.0,15.0,17.333628,17.801813,15.009628,15.164553,16.384953,16.208374,16.169415,16.017159,15.015567,15.314277,15.559309,15.490778,17.069962,16.630198,17.228142,17.827253,15.018713,15.412977,0.0,0.0,0.0,0.0,0.0,0.0,4.0,0.0
45453,2023.0,11.0,12.0,15.0,16.50838,16.360716,15.009967,15.174122,16.249447,16.075438,16.03384,15.883205,15.015793,15.318229,15.186709,15.044187,17.160254,16.961102,16.48191,16.200136,15.019254,15.420619,0.0,0.0,0.0,0.0,0.0,0.0,0.0,0.0
45454,2023.0,11.0,12.0,15.0,16.855877,17.282743,15.0101185,15.182853,16.877462,17.362883,15.913213,15.764168,15.375012,15.979074,14.995858,14.8727455,17.150112,16.98555,16.001389,15.657066,15.019355,15.42609,0.0,4.0,0.0,4.0,0.0,0.0,0.0,0.0
45455,2023.0,11.0,12.0,15.0,16.31469,16.182312,15.010498,15.1905365,17.120098,17.678627,16.542053,17.039125,19.854925,23.580595,15.0147,15.009781,17.073318,16.915958,15.812474,15.46985,15.019693,15.431506,0.0,4.0,4.0,0.0,0.0,0.0,0.0,0.0
45456,2023.0,11.0,12.0,16.0,16.671019,17.086645,15.200256,15.53441,16.872631,17.166515,16.156698,16.16286,16.836979,17.067495,15.012048,15.077711,16.994808,16.841002,16.753454,17.373108,15.019738,15.435534,4.0,4.0,0.0,0.0,0.0,0.0,4.0,0.0
45457,2023.0,11.0,12.0,16.0,16.175179,16.053635,20.036968,23.787317,16.07082,15.749103,16.243967,16.493778,15.086034,14.794533,15.013737,15.132148,16.91828,16.762339,16.08287,15.829149,15.020038,15.440133,4.0,0.0,4.0,0.0,0.0,0.0,0.0,0.0
45458,2023.0,11.0,12.0,16.0,15.801404,15.576019,20.038134,23.217337,16.37104,16.554544,15.697556,15.424226,15.707564,16.284225,15.013114,15.162345,16.845251,16.687508,15.630128,15.301985,15.020145,15.444295,0.0,4.0,0.0,4.0,0.0,0.0,0.0,0.0
45459,2023.0,11.0,12.0,16.0,16.399443,16.812645,17.13934,17.25188,16.548197,16.79647,15.318734,14.930261,19.740625,23.055351,15.013007,15.181402,16.778723,16.62042,15.475706,15.145076,15.020264,15.448743,0.0,4.0,0.0,0.0,0.0,0.0,0.0,0.0
45460,2023.0,11.0,12.0,16.0,16.64039,17.112951,16.283533,16.556189,16.541512,16.79207,15.870352,16.078573,16.933195,17.07449,15.014045,15.199269,16.716301,16.556908,15.360152,15.031625,15.020498,15.453095,4.0,4.0,4.0,0.0,0.0,0.0,0.0,0.0
45461,2023.0,11.0,12.0,16.0,16.653896,17.116379,20.305182,23.601866,16.522223,16.771845,16.1083,16.38814,16.044601,16.367195,15.014822,15.21382,16.657913,16.497175,15.440277,15.293892,15.020502,15.455808,4.0,4.0,4.0,4.0,0.0,0.0,0.0,0.0
45462,2023.0,11.0,12.0,17.0,15.988172,15.870036,20.036524,22.681513,16.500704,16.74908,15.49002,15.220393,20.199623,23.604374,15.014184,15.218794,16.603767,16.441685,15.44221,15.313853,15.0203905,15.457346,4.0,4.0,0.0,0.0,0.0,0.0,0.0,0.0
45463,2023.0,11.0,12.0,17.0,16.369482,16.79849,20.098093,22.539684,16.478283,16.725044,15.112775,14.719783,17.1955,17.290913,15.014029,15.222437,16.553097,16.389824,15.388361,15.260882,15.020705,15.459809,4.0,4.0,0.0,0.0,0.0,0.0,0.0,0.0
45464,2023.0,11.0,12.0,17.0,16.564354,17.028877,20.081478,22.32357,16.45407,16.697489,14.999088,14.620244,16.3348,16.661198,15.013949,15.22455,16.503141,16.336172,15.329003,15.197934,15.020928,15.462124,4.0,4.0,0.0,4.0,0.0,0.0,0.0,0.0
45465,2023.0,11.0,12.0,17.0,16.577335,17.036673,20.104284,22.24735,16.432384,16.674389,15.869915,16.346876,20.28864,23.525738,15.064159,15.302692,16.460762,16.294952,16.33822,17.143318,15.0209,15.463653,0.0,4.0,4.0,0.0,4.0,0.0,4.0,0.0
45466,2023.0,11.0,12.0,17.0,16.584324,17.03922,17.773243,17.673487,16.410494,16.649656,15.359266,15.120815,17.804401,18.282558,20.083437,23.620964,17.196682,17.720995,15.570932,15.3292,15.020788,15.464205,0.0,4.0,0.0,4.0,0.0,4.0,0.0,0.0
45467,2023.0,11.0,12.0,17.0,16.586847,17.037745,16.70151,16.50305,16.3897,16.625751,15.620617,15.840042,20.365704,23.40578,17.34011,17.914679,16.767658,16.678703,15.111776,14.786957,15.020806,15.465132,0.0,4.0,4.0,4.0,0.0,0.0,0.0,0.0
45468,2023.0,11.0,12.0,18.0,15.889754,15.730495,16.392162,16.191189,16.368168,16.60057,15.83013,16.098475,20.030052,22.47564,15.52893,15.395814,17.029257,17.318066,14.996025,14.682271,15.020987,15.465856,0.0,4.0,4.0,4.0,0.0,4.0,0.0,0.0
45469,2023.0,11.0,12.0,18.0,20.419077,23.80066,16.135847,15.936565,20.397587,23.568113,19.901394,23.055304,20.08459,22.39553,15.178156,15.025034,19.99999,22.364643,20.520187,24.11497,15.021408,15.465469,0.0,0.0,0.0,4.0,0.0,0.0,0.0,0.0
45470,2023.0,11.0,12.0,18.0,21.073326,24.411705,15.912036,15.705537,21.09161,24.29535,20.867819,24.283909,20.103338,22.31868,14.995066,14.85941,21.348286,24.395336,21.052626,24.643543,15.020343,15.457041,0.0,4.0,0.0,0.0,0.0,4.0,4.0,0.0
45471,2023.0,11.0,12.0,18.0,21.089294,24.03542,16.20223,16.40722,21.091658,23.904959,21.123455,24.266878,18.190844,18.499573,15.014703,14.99701,21.178701,23.702782,21.703278,25.323349,15.020102,15.446275,4.0,4.0,4.0,4.0,0.0,0.0,0.0,0.0
45472,2023.0,11.0,12.0,18.0,21.144226,23.89428,20.253986,23.566648,21.144953,23.749657,21.140902,24.008541,20.294287,22.831697,15.200248,15.407939,21.90427,24.648882,22.161047,25.706944,15.467979,16.24721,4.0,4.0,0.0,0.0,4.0,4.0,0.0,4.0
45473,2023.0,11.0,12.0,18.0,22.360498,25.743061,20.055859,22.699705,22.393051,25.673332,22.174173,25.518822,17.660723,17.50852,20.103903,23.548775,22.019503,24.56516,22.183031,25.203163,19.65418,23.413927,0.0,4.0,4.0,0.0,0.0,4.0,4.0,0.0
45474,2023.0,11.0,12.0,19.0,20.920116,22.97508,17.496622,17.478756,20.919012,22.845728,20.95541,23.134926,16.291538,15.825689,17.372616,17.894545,20.994846,22.59583,21.53212,24.204374,16.347578,16.407917,0.0,0.0,0.0,0.0,0.0,0.0,0.0,0.0
45475,2023.0,11.0,12.0,19.0,21.120636,23.317514,16.343208,16.146399,21.124083,23.196606,21.125622,23.390873,16.123049,15.903353,16.042833,16.241793,21.067282,22.677134,21.180386,23.406475,14.98503,14.869312,0.0,0.0,0.0,0.0,4.0,4.0,0.0,0.0
45476,2023.0,11.0,12.0,19.0,21.06504,23.134409,16.084427,15.880696,21.068062,23.009413,21.078169,23.265736,16.781044,17.315601,20.407837,23.664837,21.084478,22.692923,21.09459,23.16622,15.933662,15.374064,0.0,4.0,0.0,4.0,0.0,0.0,0.0,0.0
45477,2023.0,11.0,12.0,19.0,21.10029,23.182175,15.879764,15.669756,21.077703,22.984592,21.060894,23.178087,20.34072,23.411478,17.676056,18.106133,21.052103,22.569674,21.078766,23.113272,15.010483,15.112476,0.0,4.0,4.0,0.0,0.0,4.0,0.0,0.0
45478,2023.0,11.0,12.0,19.0,21.092508,23.122358,16.18194,16.376925,21.09978,23.007998,21.063946,23.15582,17.444462,17.374626,16.041058,15.896936,21.056263,22.548512,21.042301,22.988667,15.016816,15.18986,4.0,0.0,4.0,0.0,0.0,4.0,4.0,0.0
45479,2023.0,11.0,12.0,19.0,21.736979,24.133743,20.216467,23.503042,21.79216,24.121592,22.09951,24.785297,16.729387,16.951246,15.635503,15.442201,21.851433,23.856367,22.41274,25.213469,15.635463,16.393568,0.0,4.0,0.0,4.0,0.0,0.0,0.0,4.0
45480,2023.0,11.0,12.0,20.0,20.91779,22.569212,17.790413,18.253872,20.950708,22.514961,20.917328,22.614279,20.477848,23.339952,15.408521,15.219874,20.94742,22.17451,20.876635,22.401443,19.835468,23.468403,0.0,0.0,0.0,4.0,0.0,0.0,0.0,0.0
45481,2023.0,11.0,12.0,20.0,21.090532,22.925114,16.254103,16.140022,21.109934,22.840845,21.122944,23.025465,20.05098,22.373524,15.2332735,15.051934,21.091066,22.46751,21.121593,22.90944,17.25283,17.825441,0.0,0.0,0.0,0.0,0.0,0.0,0.0,4.0
45482,2023.0,11.0,12.0,20.0,21.090618,22.9454,16.362007,16.572548,21.063707,22.724558,21.072401,22.95307,17.551302,17.363186,15.083621,14.908984,21.027744,22.353922,21.069265,22.840895,20.387093,23.761728,4.0,4.0,0.0,0.0,0.0,4.0,0.0,0.0
45483,2023.0,11.0,12.0,20.0,21.151316,23.034313,20.310526,23.4678,21.16545,22.92251,21.166124,23.147907,17.035427,17.229486,15.00178,14.876864,21.131144,22.565367,21.191132,23.098782,17.045769,17.003029,4.0,4.0,0.0,4.0,0.0,0.0,0.0,0.0
45484,2023.0,11.0,12.0,20.0,22.327757,24.95462,20.049723,22.55026,22.032207,24.386435,22.1207,24.655895,20.433542,23.109365,15.010471,14.966054,22.209585,24.382044,22.361094,24.97223,15.45524,15.067283,0.0,4.0,0.0,0.0,0.0,0.0,0.0,0.0
45485,2023.0,11.0,12.0,20.0,20.898518,22.349878,17.518764,17.424726,20.9291,22.289574,21.032938,22.794321,17.664028,17.517422,15.009681,15.010233,20.940128,22.002186,21.025154,22.672215,15.289422,15.121844,0.0,4.0,0.0,0.0,0.0,0.0,0.0,0.0
45486,2023.0,11.0,12.0,21.0,21.11681,22.824034,16.077885,15.525144,21.090244,22.644564,21.080793,22.907297,17.059858,17.281572,15.01088,15.046461,21.04324,22.251331,21.07827,22.797691,15.152483,15.005186,0.0,4.0,0.0,4.0,0.0,4.0,0.0,0.0
45487,2023.0,11.0,12.0,21.0,21.035662,22.697285,15.999009,15.721694,21.08832,22.677485,21.049612,22.833963,20.407795,23.000496,15.010977,15.072768,21.048279,22.268862,21.070826,22.791727,14.997282,14.881442,0.0,0.0,4.0,0.0,0.0,4.0,0.0,0.0
45488,2023.0,11.0,12.0,21.0,21.065237,22.752989,15.928314,15.718619,21.085459,22.670486,21.079363,22.919445,18.208908,18.512821,15.011176,15.093126,21.0473,22.2698,21.071312,22.79391,15.013633,15.014427,0.0,0.0,0.0,4.0,0.0,4.0,0.0,0.0
45489,2023.0,11.0,12.0,21.0,21.061472,22.741907,15.778995,15.577373,21.08493,22.66148,21.069214,22.836788,20.40133,22.837774,15.0115185,15.109234,21.076458,22.343832,21.032402,22.686556,15.011761,15.078928,0.0,0.0,4.0,0.0,0.0,0.0,4.0,0.0
45490,2023.0,11.0,12.0,21.0,21.060865,22.733862,16.117323,16.328846,21.039757,22.581572,21.095867,22.880978,18.323921,18.606306,15.011572,15.121408,21.041441,22.241934,21.094456,22.806753,15.012458,15.127628,4.0,4.0,0.0,4.0,0.0,4.0,0.0,0.0
45491,2023.0,11.0,12.0,21.0,22.057213,24.308762,20.255215,23.503565,21.593472,23.463535,21.887424,24.16304,20.388092,22.697023,15.012006,15.130965,21.522171,23.024197,21.883638,24.031048,15.0127,15.161442,0.0,4.0,4.0,0.0,0.0,4.0,4.0,0.0
45492,2023.0,11.0,12.0,22.0,20.898626,22.224617,17.81826,18.250708,20.937767,22.238867,20.93206,22.370077,17.86354,17.667099,15.010859,15.132517,20.957478,21.965925,20.891579,22.171295,15.012629,15.183859,0.0,0.0,0.0,0.0,0.0,0.0,0.0,0.0
45493,2023.0,11.0,12.0,22.0,21.121023,22.7246,16.765324,17.059954,21.106419,22.597622,21.114649,22.758097,16.576046,16.091053,15.011476,15.136742,21.052639,22.15518,21.115938,22.650366,15.013649,15.201954,4.0,0.0,0.0,0.0,0.0,4.0,0.0,0.0
45494,2023.0,11.0,12.0,22.0,21.144985,22.79633,20.24776,23.183039,21.147594,22.690363,21.1482,22.875679,17.123564,17.489487,15.011626,15.140237,21.12205,22.327375,21.166346,22.769276,15.012728,15.212789,4.0,0.0,0.0,4.0,0.0,0.0,0.0,0.0
45495,2023.0,11.0,12.0,22.0,21.983095,24.121258,20.050255,22.43281,21.844883,23.876913,21.861828,24.100378,20.405825,23.052242,15.050817,15.201919,21.736956,23.332405,21.900696,24.040955,15.012967,15.222358,0.0,0.0,0.0,0.0,4.0,4.0,0.0,0.0
45496,2023.0,11.0,12.0,22.0,21.513964,23.251577,17.63578,17.556684,21.32014,22.733158,21.46842,23.23997,17.719448,17.591951,20.364916,24.048523,21.342607,22.37833,21.351007,22.80311,15.445408,16.034042,0.0,0.0,4.0,0.0,4.0,0.0,0.0,4.0
45497,2023.0,11.0,12.0,22.0,20.984596,22.348991,16.295532,15.811872,21.04364,22.383741,20.993988,22.466555,16.415289,15.983268,19.99749,23.044882,20.95136,21.772017,21.011457,22.308485,20.628222,24.673725,0.0,0.0,4.0,0.0,4.0,0.0,4.0,0.0
45498,2023.0,11.0,12.0,23.0,21.08981,22.617134,16.197187,15.947257,21.063383,22.47891,21.096928,22.69266,16.321222,16.127394,20.10129,22.869637,21.077457,22.078882,21.08823,22.526205,17.48879,18.050343,0.0,0.0,0.0,0.0,0.0,0.0,0.0,4.0
45499,2023.0,11.0,12.0,23.0,19.30459,19.21451,16.13286,15.946012,19.604465,19.715858,19.145376,18.94513,16.83949,17.21595,18.041546,18.59965,20.514933,21.031088,19.188723,18.89468,15.596469,15.386099,0.0,0.0,0.0,4.0,4.0,4.0,0.0,0.0
45500,2023.0,11.0,12.0,23.0,18.488111,18.09342,16.025335,15.841506,18.853058,18.649124,18.224861,17.659563,16.987183,17.41128,16.870087,16.750374,19.294771,18.837969,18.42456,17.929024,15.160793,14.848859,0.0,0.0,0.0,4.0,0.0,0.0,0.0,0.0
45501,2023.0,11.0,12.0,23.0,18.437895,18.347527,15.920639,15.740181,18.514528,18.286177,18.147717,17.884842,16.180105,15.887507,16.450184,16.265097,18.792507,18.234024,18.324474,18.094635,14.997282,14.731641,0.0,0.0,0.0,0.0,0.0,0.0,0.0,0.0
45502,2023.0,11.0,12.0,23.0,19.025501,19.654753,15.811109,15.635345,18.226793,18.004704,17.96921,17.76855,15.722222,15.353975,16.152817,15.9730835,18.501049,17.960325,18.125605,17.935759,15.013617,14.903521,0.0,0.0,0.0,0.0,0.0,0.0,0.0,0.0
45503,2023.0,11.0,12.0,23.0,18.770187,19.100058,15.7122555,15.539834,17.985233,17.76723,17.730309,17.53873,16.141832,16.310452,15.913764,15.740768,18.553364,18.315914,17.889744,17.711699,15.010084,14.994582,0.0,0.0,0.0,4.0,0.0,0.0,0.0,0.0
45504,2023.0,11.0,13.0,0.0,17.87858,17.609354,15.627991,15.46153,17.787716,17.579758,17.526152,17.345049,15.741537,15.453777,15.720524,15.560059,18.483717,18.287405,17.685469,17.520344,15.011062,15.062741,0.0,0.0,0.0,0.0,0.0,0.0,0.0,0.0
45505,2023.0,11.0,13.0,0.0,17.421963,17.07006,15.546342,15.378323,17.605541,17.393593,17.336851,17.151299,15.411562,15.056911,15.898442,16.052109,18.34542,18.154358,17.496984,17.331768,15.012263,15.11232,0.0,0.0,0.0,0.0,4.0,0.0,0.0,0.0
45506,2023.0,11.0,13.0,0.0,17.218801,16.881649,15.478828,15.314942,17.458357,17.255007,17.184053,17.006922,15.481287,15.3404875,15.597886,15.4866705,18.220572,18.03795,17.34061,17.184452,15.011421,15.144554,0.0,0.0,0.0,0.0,0.0,0.0,0.0,0.0
45507,2023.0,11.0,13.0,0.0,17.353058,17.325396,15.415121,15.252244,17.323267,17.122074,17.043922,16.868505,15.465927,15.337857,15.351281,15.207327,18.104336,17.924969,17.198164,17.0457,15.0125475,15.172745,0.0,0.0,0.0,0.0,0.0,0.0,0.0,0.0
45508,2023.0,11.0,13.0,0.0,17.311382,17.30047,15.356615,15.194121,17.202566,17.00262,16.918839,16.744205,15.401556,15.2733555,15.207924,15.061165,17.99526,17.811058,17.071478,16.922373,15.020743,15.210047,0.0,0.0,0.0,0.0,0.0,0.0,0.0,0.0
45509,2023.0,11.0,13.0,0.0,17.223125,17.221672,15.30932,15.153583,17.105186,16.917385,16.818066,16.655516,15.931694,16.327044,15.106139,14.971948,17.903456,17.724289,16.961317,16.816372,15.01032,15.201911,0.0,0.0,0.0,4.0,0.0,0.0,0.0,0.0
45510,2023.0,11.0,13.0,1.0,17.12907,17.126085,15.258585,15.101613,17.004549,16.8148,16.713999,16.548927,16.20494,16.66095,15.004368,14.868503,17.812796,17.63008,16.852823,16.704561,15.023151,15.24079,0.0,0.0,0.0,4.0,0.0,0.0,0.0,0.0
45511,2023.0,11.0,13.0,1.0,17.054743,17.06173,15.220148,15.070522,16.926804,16.749279,16.633799,16.480862,15.448174,15.149409,15.009074,14.947831,17.738693,17.56141,16.763353,16.621098,15.440876,16.019562,0.0,0.0,0.0,0.0,0.0,0.0,0.0,4.0
45512,2023.0,11.0,13.0,1.0,16.97987,16.989243,15.180615,15.033609,16.848467,16.674438,16.553446,16.40339,15.09466,14.766224,15.007833,14.988193,17.666029,17.488495,16.676352,16.533646,14.942656,15.041106,0.0,0.0,0.0,0.0,0.0,0.0,0.0,0.0
45513,2023.0,11.0,13.0,1.0,16.907751,16.916866,15.141859,14.995346,16.773039,16.598879,16.476294,16.325497,15.001079,14.690346,15.011736,15.03162,17.597775,17.418297,16.595356,16.450752,15.037553,15.269362,0.0,0.0,0.0,0.0,0.0,0.0,0.0,0.0
45514,2023.0,11.0,13.0,1.0,16.847906,16.864332,15.111298,14.9709015,16.713009,16.548582,16.415066,16.273699,15.719445,16.136305,15.142076,15.287018,17.541277,17.366282,16.527573,16.3876,15.013828,15.206467,0.0,0.0,0.0,4.0,4.0,0.0,0.0,0.0
45515,2023.0,11.0,13.0,1.0,16.784796,16.800901,15.080202,14.9424305,17.388582,17.874498,16.353207,16.21534,15.41854,15.330405,14.98181,14.996511,17.485863,17.311594,16.461931,16.32283,15.012839,15.221891,0.0,4.0,0.0,0.0,0.0,0.0,0.0,0.0
45516,2023.0,11.0,13.0,2.0,16.727877,16.745605,15.050927,14.915721,17.01967,17.001078,16.295492,16.160961,14.986412,14.734521,15.107701,15.253718,18.206816,18.7212,16.40225,16.264236,15.428469,16.004526,0.0,0.0,0.0,0.0,4.0,4.0,0.0,4.0
45517,2023.0,11.0,13.0,2.0,16.683819,16.712168,15.023249,14.8902235,16.449516,16.065083,16.242039,16.110548,15.014261,14.832809,14.986286,15.028006,17.496735,17.135695,16.347147,16.21053,14.961348,15.076618,0.0,0.0,0.0,0.0,0.0,0.0,0.0,0.0
45518,2023.0,11.0,13.0,2.0,16.646124,16.683943,15.000235,14.872573,16.205128,15.755773,16.187084,16.054033,15.026326,14.903846,15.016878,15.110247,17.128424,16.700966,16.292656,16.154615,15.036318,15.263415,0.0,0.0,0.0,0.0,0.0,0.0,0.0,0.0
45519,2023.0,11.0,13.0,2.0,16.599419,16.637627,15.002256,14.898315,16.374477,16.194542,16.141642,16.013834,15.00313,14.882694,15.006619,15.092145,17.287594,17.120028,16.245245,16.109936,15.477847,16.078161,0.0,0.0,0.0,0.0,0.0,0.0,0.0,4.0
45520,2023.0,11.0,13.0,2.0,16.554659,16.595078,15.002424,14.915919,16.406153,16.256674,16.096956,15.972095,15.569373,15.979923,15.098531,15.26234,17.297508,17.128178,16.199425,16.065807,14.948687,15.040126,0.0,0.0,0.0,4.0,4.0,0.0,0.0,0.0
45521,2023.0,11.0,13.0,2.0,16.511648,16.552752,15.002667,14.931051,16.371933,16.228771,16.053677,15.931001,15.218542,15.118483,14.994389,15.076699,17.25836,17.090828,16.155273,16.022884,15.030936,15.226603,0.0,0.0,0.0,0.0,0.0,0.0,0.0,0.0
45522,2023.0,11.0,13.0,3.0,16.468374,16.508265,15.004357,14.948548,16.32855,16.185863,16.009544,15.886467,15.012695,14.873404,15.019361,15.141434,17.218071,17.050694,16.111631,15.979038,15.035603,15.245056,0.0,0.0,0.0,0.0,0.0,0.0,0.0,0.0
45523,2023.0,11.0,13.0,3.0,16.426779,16.465685,15.005028,14.960963,16.287216,16.14627,15.968783,15.847048,15.001718,14.913374,15.019196,15.141355,17.1795,17.01251,16.070328,15.938161,15.024345,15.241437,0.0,0.0,0.0,0.0,0.0,0.0,0.0,0.0
45524,2023.0,11.0,13.0,3.0,16.386196,16.424572,15.005878,14.973219,16.246862,16.107513,15.929224,15.808724,15.004264,14.943308,15.01959,15.148773,17.141968,16.975359,16.030325,15.89858,15.024585,15.258478,0.0,0.0,0.0,0.0,0.0,0.0,0.0,0.0
45525,2023.0,11.0,13.0,3.0,16.348082,16.387346,15.003318,14.977593,16.210205,16.074926,15.893384,15.776518,15.004304,14.959813,15.009136,15.134949,17.106981,16.9421,15.993128,15.86326,15.470956,16.09167,0.0,0.0,0.0,0.0,0.0,0.0,0.0,4.0
45526,2023.0,11.0,13.0,3.0,16.316227,16.36201,15.003863,14.988151,16.171967,16.037977,15.856302,15.740222,15.516222,15.937957,15.070213,15.241534,17.071684,16.907215,15.955614,15.826033,14.948319,15.066006,0.0,0.0,0.0,4.0,4.0,0.0,0.0,0.0
45527,2023.0,11.0,13.0,3.0,16.294556,16.349905,15.004125,14.997275,16.134695,16.001892,15.820281,15.704962,15.134558,15.0398245,15.001218,15.1250105,17.037434,16.873226,15.919326,15.790114,15.031629,15.245976,0.0,0.0,0.0,0.0,0.0,0.0,0.0,0.0
45528,2023.0,11.0,13.0,4.0,16.259779,16.31296,15.008259,15.014256,16.095907,15.961787,15.782844,15.666002,15.019763,14.971168,15.021632,15.174924,17.002953,16.837875,15.882955,15.752887,15.037672,15.267868,0.0,0.0,0.0,0.0,0.0,0.0,0.0,0.0
45529,2023.0,11.0,13.0,4.0,16.224907,16.276112,15.009061,15.022388,16.060625,15.927814,15.748725,15.632878,15.019844,14.980378,15.021286,15.172298,16.970808,16.806236,15.84903,15.719502,15.024218,15.256782,0.0,0.0,0.0,0.0,0.0,0.0,0.0,0.0
45530,2023.0,11.0,13.0,4.0,16.19008,16.23949,15.008887,15.029331,16.026236,15.894659,15.715431,15.600537,15.006471,14.978215,15.021804,15.176285,16.940231,16.776217,15.816854,15.687914,15.025995,15.275262,0.0,0.0,0.0,0.0,0.0,0.0,0.0,0.0
45531,2023.0,11.0,13.0,4.0,16.15587,16.203796,15.009478,15.037727,15.992572,15.862167,15.682841,15.5688505,15.008449,15.000924,15.021611,15.175825,16.91212,16.748764,15.787279,15.659026,15.026166,15.2818985,0.0,0.0,0.0,0.0,0.0,0.0,0.0,0.0
45532,2023.0,11.0,13.0,4.0,16.122128,16.168549,15.009628,15.044855,15.959576,15.830282,15.65092,15.53778,15.00942,15.013664,15.067807,15.247281,16.884731,16.722004,15.758612,15.631015,15.027555,15.290296,0.0,0.0,0.0,0.0,4.0,0.0,0.0,0.0
45533,2023.0,11.0,13.0,4.0,16.089552,16.135227,15.010767,15.0536375,15.927166,15.798927,15.619647,15.507288,15.009778,15.024116,15.020518,15.163951,16.857513,16.69538,15.730273,15.603294,15.02721,15.293823,0.0,0.0,0.0,0.0,0.0,0.0,0.0,0.0
45534,2023.0,11.0,13.0,5.0,16.056992,16.101229,15.010771,15.059805,15.895337,15.768104,15.588951,15.477341,15.010815,15.034535,15.022108,15.182132,16.830431,16.668865,15.702216,15.575828,15.027225,15.298002,0.0,0.0,0.0,0.0,0.0,0.0,0.0,0.0
45535,2023.0,11.0,13.0,5.0,16.031048,16.080093,15.010603,15.065642,15.864975,15.739592,15.559715,15.449715,15.010765,15.041577,15.064657,15.246222,16.804121,16.643663,15.675045,15.54976,15.02812,15.303289,0.0,0.0,0.0,0.0,4.0,0.0,0.0,0.0
45536,2023.0,11.0,13.0,5.0,16.003672,16.053698,15.005227,15.061462,15.837257,15.715601,15.533073,15.426443,15.460842,15.889475,15.004201,15.149784,16.779278,16.62091,15.649405,15.526151,15.011947,15.277362,0.0,0.0,0.0,4.0,0.0,0.0,0.0,0.0
45537,2023.0,11.0,13.0,5.0,15.976574,16.027802,15.006181,15.069498,15.808218,15.688333,15.505156,15.400034,14.988041,14.954071,15.01244,15.171628,16.753778,16.596462,15.623362,15.501194,15.014455,15.286723,0.0,0.0,0.0,0.0,0.0,0.0,0.0,0.0
45538,2023.0,11.0,13.0,5.0,15.951563,16.005209,15.006256,15.075502,15.779366,15.660884,15.477518,15.373621,15.030167,15.06864,15.0112915,15.172625,16.728554,16.572153,15.597685,15.476451,15.447183,16.087797,0.0,0.0,0.0,0.0,0.0,0.0,0.0,4.0
45539,2023.0,11.0,13.0,5.0,15.933241,15.995899,15.00632,15.081314,15.751761,15.63537,15.451377,15.349212,15.466426,15.896176,15.050636,15.232258,16.704288,16.549372,15.572972,15.45312,15.623131,16.282595,0.0,0.0,0.0,4.0,4.0,0.0,0.0,4.0
45540,2023.0,11.0,13.0,6.0,15.9181185,15.98688,15.006609,15.087135,15.724313,15.60962,15.425754,15.32481,14.946996,14.859295,15.064982,15.251779,16.68007,16.526262,15.548482,15.429776,15.502301,15.971705,0.0,0.0,0.0,0.0,4.0,0.0,0.0,4.0
45541,2023.0,11.0,13.0,6.0,20.73203,24.331482,15.006769,15.092159,20.845808,24.568127,20.59766,24.369389,15.024473,15.037907,19.539173,22.920218,20.546524,23.107634,20.948751,24.564892,19.663694,23.21166,0.0,0.0,0.0,0.0,0.0,0.0,0.0,0.0
45542,2023.0,11.0,13.0,6.0,21.054342,24.356596,15.006267,15.093809,21.018671,24.258142,21.054535,24.5493,15.009965,15.017698,17.198711,17.741734,21.296127,24.216347,21.70639,25.49562,16.661371,16.804518,0.0,0.0,0.0,0.0,0.0,0.0,0.0,0.0
45543,2023.0,11.0,13.0,6.0,21.086727,24.034468,15.00653,15.096517,21.093008,23.98499,21.093525,24.17464,15.005113,15.023087,15.878733,16.070982,21.04407,23.393812,22.6173,26.598246,15.170741,14.911384,0.0,0.0,0.0,0.0,4.0,0.0,0.0,0.0
45544,2023.0,11.0,13.0,6.0,21.14337,23.887562,15.709876,16.119545,21.143415,23.80362,21.142187,23.97099,15.468422,15.899022,20.145872,23.531305,21.116537,23.302284,21.015411,23.34932,15.844365,16.460766,0.0,0.0,0.0,4.0,0.0,0.0,4.0,4.0
45545,2023.0,11.0,13.0,6.0,21.080515,23.57642,15.089356,15.068246,21.05819,23.41513,21.086449,23.646662,20.310173,24.174795,17.91898,18.63825,21.039824,22.957884,21.125206,23.423159,20.324574,24.083834,0.0,4.0,0.0,0.0,4.0,4.0,0.0,0.0
45546,2023.0,11.0,13.0,7.0,21.15213,23.566172,15.857516,16.320446,21.159737,23.497152,21.153528,23.626026,17.110456,17.269205,20.291582,23.368107,21.127293,23.029736,21.170904,23.38565,17.054792,17.15701,0.0,0.0,0.0,0.0,0.0,0.0,0.0,0.0
45547,2023.0,11.0,13.0,7.0,21.056005,23.275578,15.56765,15.904649,21.069769,23.15412,21.081598,23.36391,16.283821,16.652973,18.16818,18.830902,21.07818,22.801817,21.088512,23.115635,16.509066,17.116503,4.0,4.0,0.0,4.0,4.0,0.0,0.0,4.0
45548,2023.0,11.0,13.0,7.0,21.48343,23.853443,20.141132,23.74604,21.49625,23.716967,21.610367,24.046694,21.537035,25.48566,20.308844,23.07291,21.499287,23.310038,21.579168,23.844734,20.827265,24.574493,0.0,4.0,4.0,4.0,4.0,0.0,0.0,0.0
45549,2023.0,11.0,13.0,7.0,20.938063,22.755371,17.573353,18.137573,20.942053,22.618238,20.927706,22.752424,20.826216,23.934666,20.051817,22.304373,20.953627,22.313824,20.920473,22.528236,18.108742,18.727869,0.0,4.0,4.0,4.0,0.0,0.0,4.0,4.0
45550,2023.0,11.0,13.0,7.0,21.07863,23.004915,15.94058,15.934481,21.082111,22.87103,21.118681,23.108845,19.989784,22.05216,18.079943,18.313835,21.041502,22.46247,21.071165,22.806358,20.355919,23.363686,0.0,4.0,0.0,4.0,4.0,4.0,4.0,0.0
45551,2023.0,11.0,13.0,7.0,21.164185,23.146845,16.092058,16.418928,21.165684,23.01178,21.158648,23.146013,21.149984,23.951067,20.29644,22.778576,21.135185,22.615946,21.217472,23.083727,17.525455,17.54566,4.0,4.0,0.0,4.0,0.0,4.0,4.0,0.0
45552,2023.0,11.0,13.0,8.0,21.601418,23.787169,20.255241,23.636806,21.606976,23.652515,21.942152,24.24334,19.91788,21.52144,17.932842,17.97414,21.532242,23.204199,21.838451,24.146381,16.189665,15.924248,0.0,4.0,4.0,0.0,0.0,4.0,0.0,0.0
45553,2023.0,11.0,13.0,8.0,20.109276,20.66929,17.84889,18.448568,20.088886,20.498209,20.189512,20.641829,18.05202,17.95865,17.177341,17.365133,20.332325,20.705154,19.610863,19.563421,15.978004,15.8539915,0.0,4.0,4.0,0.0,4.0,4.0,0.0,0.0
45554,2023.0,11.0,13.0,8.0,19.418812,19.81336,16.625662,16.571308,19.323341,19.505106,19.293554,19.486725,17.276169,16.934969,20.346481,22.936949,19.178696,18.822092,18.615856,18.244543,15.860744,15.763341,0.0,4.0,4.0,0.0,4.0,0.0,0.0,0.0
45555,2023.0,11.0,13.0,8.0,19.151241,19.590717,16.71831,17.037434,18.404291,18.078815,18.336523,18.028896,17.049107,16.881859,20.027758,22.081192,19.422565,19.69942,19.175451,19.718945,15.706641,15.621547,4.0,0.0,0.0,0.0,4.0,4.0,4.0,0.0
45556,2023.0,11.0,13.0,8.0,18.288345,18.181557,20.22754,23.29377,18.527756,18.719336,18.429901,18.64448,16.840937,16.708752,20.076296,22.000063,19.476221,19.801716,18.354681,18.137047,15.5700445,15.496269,4.0,4.0,4.0,0.0,4.0,4.0,0.0,0.0
45557,2023.0,11.0,13.0,8.0,17.801008,17.637686,20.046255,22.547989,17.92415,17.649038,18.443245,18.750216,16.626032,16.506115,20.082458,21.899734,18.66386,18.37409,18.801695,19.415977,15.449989,15.383068,0.0,0.0,4.0,0.0,0.0,0.0,4.0,0.0
45558,2023.0,11.0,13.0,9.0,18.278168,18.754915,17.8307,18.04376,17.507767,17.18531,17.696932,17.491442,16.450024,16.346094,18.215782,18.224459,18.258423,17.93324,18.023926,17.84348,15.350789,15.293025,0.0,0.0,0.0,0.0,0.0,0.0,0.0,0.0
45559,2023.0,11.0,13.0,9.0,17.722797,17.707674,16.829418,16.572044,17.3333,17.019537,17.332436,17.03789,16.323872,16.225805,17.531399,17.360426,18.098509,17.781332,17.617138,17.348427,15.2775755,15.223917,0.0,0.0,0.0,0.0,0.0,0.0,0.0,0.0
45560,2023.0,11.0,13.0,9.0,17.404318,17.289577,16.677795,16.565493,17.364317,17.240171,17.1443,16.861246,16.20748,16.113756,17.272703,17.110014,17.974493,17.672777,17.417175,17.158924,15.209642,15.15934,0.0,0.0,0.0,0.0,0.0,0.0,0.0,0.0
45561,2023.0,11.0,13.0,9.0,17.415186,17.469578,16.986715,17.31056,17.281664,17.17661,17.14521,17.027733,16.118996,16.041204,17.075527,16.94596,18.834175,19.426802,17.388233,17.26887,15.156927,15.115955,4.0,0.0,0.0,0.0,0.0,4.0,0.0,0.0
45562,2023.0,11.0,13.0,9.0,18.102478,18.852007,20.222149,23.084425,17.190165,17.097181,17.072975,16.993067,16.035053,15.965677,16.89027,16.770554,18.162876,18.01141,17.303839,17.209091,15.107722,15.072466,0.0,0.0,0.0,0.0,0.0,0.0,0.0,0.0
45563,2023.0,11.0,13.0,9.0,17.548391,17.646378,18.162943,18.687786,17.09202,17.01011,16.961388,16.893976,15.952143,15.891703,16.70686,16.604815,17.79149,17.56037,17.193438,17.108934,15.05838,15.028582,0.0,0.0,0.0,0.0,0.0,0.0,0.0,0.0
45564,2023.0,11.0,13.0,10.0,17.19949,17.152456,17.60024,17.995249,17.012585,16.93449,16.869637,16.805208,15.890325,15.832935,16.573736,16.473207,17.70092,17.472385,17.10344,17.021166,15.020546,14.993131,4.0,0.0,0.0,0.0,0.0,0.0,0.0,0.0
45565,2023.0,11.0,13.0,10.0,17.814064,18.426613,20.206947,22.723038,16.944826,16.878363,16.791584,16.739447,15.838479,15.78858,16.463167,16.37639,17.746899,17.637953,17.02753,16.954494,15.000209,14.988293,0.0,0.0,0.0,0.0,0.0,0.0,0.0,0.0
45566,2023.0,11.0,13.0,10.0,17.389456,17.502247,18.153448,18.452782,17.580053,18.141287,17.419413,17.998549,15.783922,15.738891,16.346146,16.270391,18.538963,19.170717,16.947145,16.879179,15.003473,15.018212,0.0,4.0,4.0,0.0,0.0,4.0,0.0,0.0
45567,2023.0,11.0,13.0,10.0,17.04269,17.061974,17.024311,17.026155,17.228933,17.317026,17.042187,17.127811,15.7345,15.69265,16.634277,16.90882,17.957033,17.837639,16.875183,16.810678,15.003228,15.033973,0.0,0.0,0.0,0.0,4.0,0.0,0.0,0.0
45568,2023.0,11.0,13.0,10.0,17.640387,18.286274,16.732307,16.702208,17.480215,17.944746,17.299862,17.785242,15.692029,15.653513,20.263208,23.163845,17.638731,17.453556,16.813005,16.75276,15.292816,15.243544,0.0,4.0,4.0,0.0,0.0,0.0,0.0,0.0
45569,2023.0,11.0,13.0,10.0,17.865767,18.548351,16.540707,16.506268,17.054815,17.049252,16.866667,16.870312,15.655839,15.62002,18.185078,18.665972,17.555964,17.371077,17.847107,18.756935,15.08484,15.079489,0.0,0.0,0.0,0.0,0.0,0.0,4.0,0.0
45570,2023.0,11.0,13.0,11.0,17.26027,17.394241,16.41956,16.381771,16.791574,16.668215,16.605316,16.499668,15.630295,15.596246,17.19714,17.133343,17.599836,17.509058,17.075163,17.053955,15.003958,14.992136,0.0,0.0,0.0,0.0,0.0,0.0,0.0,0.0
45571,2023.0,11.0,13.0,11.0,17.737309,18.419483,16.783499,17.156872,17.37789,17.848324,16.501068,16.390793,15.606399,15.572167,17.331657,17.57641,17.595642,17.519812,17.84689,18.656178,15.001955,15.002967,4.0,4.0,0.0,0.0,4.0,0.0,4.0,0.0
45572,2023.0,11.0,13.0,11.0,17.898493,18.581333,20.243752,23.143656,17.594172,18.102594,17.210245,17.807251,15.582447,15.547812,20.241528,22.790981,17.56758,17.492687,17.207901,17.174126,15.345358,15.300521,0.0,4.0,4.0,0.0,0.0,0.0,0.0,0.0
45573,2023.0,11.0,13.0,11.0,17.913742,18.597002,18.510962,19.326607,17.623533,18.129684,16.883661,16.99605,15.562817,15.527468,18.338196,18.738752,17.539736,17.464563,16.817001,16.693266,15.131235,15.128747,4.0,4.0,0.0,0.0,0.0,0.0,0.0,0.0
45574,2023.0,11.0,13.0,11.0,17.290995,17.425232,20.231787,22.625198,17.050049,17.048035,16.547852,16.462057,15.549851,15.513439,17.439905,17.350086,17.517796,17.4417,16.717726,16.5842,15.040019,15.023491,0.0,0.0,0.0,0.0,0.0,0.0,0.0,0.0
45575,2023.0,11.0,13.0,11.0,16.954319,17.001534,18.53286,19.07453,16.715881,16.60721,16.40655,16.304382,15.53665,15.499789,17.151096,17.052813,18.303982,18.9522,16.647175,16.514915,14.999058,14.98449,4.0,0.0,0.0,0.0,0.0,4.0,0.0,0.0
45576,2023.0,11.0,13.0,12.0,16.833742,16.872192,20.27102,22.563858,16.5965,16.475004,16.39317,16.35916,15.523748,15.485985,16.955872,16.853079,17.774,17.69793,16.648767,16.577003,15.0027895,15.009471,0.0,0.0,0.0,0.0,0.0,0.0,0.0,0.0
45577,2023.0,11.0,13.0,12.0,21.350864,24.87967,18.321037,18.56665,21.282333,24.812141,21.250494,24.960482,15.512024,15.472524,16.805738,16.706684,21.265625,23.901873,22.527983,26.63442,15.002283,15.019855,0.0,0.0,0.0,0.0,0.0,0.0,0.0,0.0
45578,2023.0,11.0,13.0,12.0,21.023046,23.767975,17.73583,18.126423,21.00328,23.740112,21.005346,23.923126,15.502992,15.46163,16.681576,16.58355,21.126678,23.39551,22.031796,25.12874,15.001521,15.023871,4.0,0.0,0.0,0.0,0.0,0.0,0.0,0.0
45579,2023.0,11.0,13.0,12.0,21.147808,23.705061,20.27879,22.650875,21.151207,23.706646,21.14969,23.862755,15.498588,15.456101,16.57797,16.482355,21.121702,23.129002,21.015932,23.112238,15.001695,15.023635,0.0,0.0,0.0,0.0,0.0,0.0,0.0,0.0
45580,2023.0,11.0,13.0,12.0,21.066708,23.35324,18.779438,19.464964,21.069662,23.321827,21.074492,23.478424,15.498505,15.45493,16.492697,16.400541,21.028053,22.738783,21.095123,23.122282,15.001315,15.018854,4.0,0.0,0.0,0.0,0.0,4.0,0.0,0.0
45581,2023.0,11.0,13.0,12.0,21.15673,23.399313,20.268322,22.459475,21.069122,23.16594,21.073954,23.31442,15.500176,15.456004,16.419067,16.328072,21.127556,22.808588,21.061472,22.942663,15.00114,15.013474,0.0,0.0,0.0,0.0,0.0,0.0,0.0,0.0
45582,2023.0,11.0,13.0,13.0,21.040117,23.046692,18.367388,18.576918,21.043343,22.982382,21.071991,23.191442,15.502724,15.458028,16.357634,16.270369,21.060934,22.55857,21.063618,22.85773,15.000959,15.008303,0.0,4.0,0.0,0.0,0.0,0.0,0.0,0.0
45583,2023.0,11.0,13.0,13.0,21.079582,23.054771,17.343752,17.293228,21.044056,22.90414,21.067036,23.092314,15.504473,15.459423,16.299292,16.211771,21.057333,22.464508,21.058756,22.778288,15.001093,15.00435,0.0,4.0,0.0,0.0,0.0,0.0,0.0,0.0
45584,2023.0,11.0,13.0,13.0,21.150036,23.106834,17.072672,17.000755,21.155506,23.056507,21.145962,23.167896,15.505032,15.4595785,16.246113,16.159447,21.105083,22.502554,21.12829,22.85089,15.002073,15.002105,0.0,0.0,0.0,0.0,0.0,0.0,0.0,0.0
45585,2023.0,11.0,13.0,13.0,21.126625,23.00053,16.885477,16.815594,21.108368,22.830858,21.139917,23.074368,15.504544,15.458698,16.197884,16.113054,21.10153,22.440813,21.123306,22.772892,15.00253,14.999754,0.0,4.0,0.0,0.0,0.0,0.0,0.0,0.0
45586,2023.0,11.0,13.0,13.0,21.12421,22.964924,16.731352,16.663734,21.145079,22.89293,21.136889,23.021797,15.503074,15.456874,16.152557,16.069304,21.047327,22.27488,21.121199,22.729738,15.001586,14.995308,0.0,0.0,0.0,0.0,0.0,4.0,0.0,0.0
45587,2023.0,11.0,13.0,13.0,21.122162,22.927925,16.601164,16.535818,21.140472,22.817753,21.133617,22.974352,15.500613,15.454129,16.109816,16.02797,21.114614,22.408138,21.118298,22.689518,15.002279,14.995204,0.0,0.0,0.0,0.0,0.0,0.0,0.0,0.0
45588,2023.0,11.0,13.0,14.0,21.120405,22.895489,16.489418,16.426325,21.078163,22.651546,21.090534,22.82975,15.497169,15.450485,16.069237,15.988706,21.110641,22.341572,21.116972,22.658463,15.002227,14.9937105,0.0,4.0,4.0,0.0,0.0,0.0,0.0,0.0
45589,2023.0,11.0,13.0,14.0,19.582706,19.91753,16.40315,16.352846,19.866238,20.314259,19.249695,19.300732,15.493544,15.4474945,16.034435,15.95903,19.854637,19.914543,19.56362,19.645699,15.000308,14.99017,0.0,4.0,0.0,0.0,0.0,0.0,0.0,0.0
45590,2023.0,11.0,13.0,14.0,19.435421,20.18741,16.808239,17.188332,19.260855,19.603683,18.207521,17.986908,15.486916,15.441126,15.995954,15.921035,19.180593,19.040358,18.722725,18.59749,15.00086,14.99341,4.0,4.0,0.0,0.0,0.0,0.0,0.0,0.0
45591,2023.0,11.0,13.0,14.0,19.399096,20.137402,20.225866,23.058472,19.075333,19.430944,18.681358,19.190632,15.478844,15.433589,15.960213,15.887186,18.942503,18.79954,18.416817,18.29165,15.001048,14.997528,0.0,4.0,4.0,0.0,0.0,0.0,0.0,0.0
45592,2023.0,11.0,13.0,14.0,19.126833,19.701324,18.244747,18.766699,18.332424,18.17442,18.093418,18.023422,15.47083,15.425905,15.9295225,15.858188,18.766983,18.626429,18.193766,18.070814,15.001217,15.002348,0.0,0.0,0.0,0.0,0.0,0.0,0.0,0.0
45593,2023.0,11.0,13.0,14.0,18.340324,18.361904,16.98441,17.01869,18.55702,18.891747,17.581152,17.380844,15.461608,15.417037,15.899378,15.829402,18.619223,18.480051,18.008589,17.887321,15.001602,15.008361,0.0,4.0,0.0,0.0,0.0,0.0,0.0,0.0
45594,2023.0,11.0,13.0,15.0,17.929007,17.876278,16.690529,16.656343,17.99934,17.823933,17.363165,17.156887,15.450297,15.406223,15.868763,15.800419,18.494305,18.35951,17.854061,17.738096,15.001837,15.014672,0.0,0.0,0.0,0.0,0.0,0.0,0.0,0.0
45595,2023.0,11.0,13.0,15.0,17.72677,17.667028,17.018703,17.396706,18.321518,18.682146,17.325066,17.242857,15.436106,15.391504,15.836368,15.76835,18.38348,18.251581,17.718622,17.606441,15.001708,15.020435,4.0,4.0,0.0,0.0,0.0,0.0,0.0,0.0
45596,2023.0,11.0,13.0,15.0,17.70642,17.775469,20.269928,23.020163,17.811403,17.669098,17.947948,18.498226,15.420748,15.376036,15.804414,15.737186,18.288366,18.162142,17.603512,17.498539,15.002473,15.026879,0.0,0.0,4.0,0.0,0.0,0.0,0.0,0.0
45597,2023.0,11.0,13.0,15.0,17.638092,17.723434,18.296597,18.783073,17.44835,17.216095,17.559624,17.627468,15.405273,15.360139,15.776404,15.709801,18.98593,19.565077,17.497992,17.396505,15.002628,15.031538,0.0,0.0,0.0,0.0,0.0,4.0,0.0,0.0
45598,2023.0,11.0,13.0,15.0,18.308855,19.068289,17.077818,17.105885,17.295034,17.055254,17.075472,16.909515,15.388907,15.343224,15.748581,15.682404,18.49303,18.447243,17.402075,17.302572,15.002705,15.036063,0.0,0.0,0.0,0.0,0.0,0.0,0.0,0.0
45599,2023.0,11.0,13.0,15.0,17.733143,17.793808,16.777664,16.739565,18.014353,18.522266,16.889166,16.697855,15.372536,15.326649,15.719922,15.654483,18.060831,17.81805,18.396006,19.259634,15.003185,15.041232,0.0,4.0,0.0,0.0,0.0,0.0,4.0,0.0
45600,2023.0,11.0,13.0,16.0,18.073729,18.669094,16.605505,16.549152,18.307447,18.892942,16.896254,16.818928,15.354095,15.306279,15.689618,15.624034,17.892239,17.626652,18.59403,19.29544,15.003309,15.045598,0.0,4.0,0.0,0.0,0.0,0.0,4.0,0.0
45601,2023.0,11.0,13.0,16.0,17.574947,17.606783,16.484737,16.4271,18.171192,18.586285,16.864416,16.806295,15.335495,15.286363,15.659446,15.594546,17.925259,17.78782,17.658962,17.513376,15.00371,15.050419,0.0,4.0,0.0,0.0,0.0,0.0,0.0,0.0
45602,2023.0,11.0,13.0,16.0,17.247305,17.19532,16.85601,17.208721,18.11084,18.510115,16.80247,16.74685,15.315401,15.264686,15.626715,15.559777,18.726763,19.342537,17.250853,17.04208,15.003789,15.055005,4.0,4.0,0.0,0.0,0.0,4.0,0.0,0.0
45603,2023.0,11.0,13.0,16.0,17.138971,17.091413,20.259233,23.050104,18.096151,18.491802,16.743052,16.68901,15.295145,15.243118,15.594018,15.525593,18.1034,17.933546,17.111317,16.901064,15.004039,15.059743,4.0,4.0,0.0,0.0,0.0,0.0,0.0,0.0
45604,2023.0,11.0,13.0,16.0,17.96953,18.739424,20.015093,22.193434,18.082136,18.474417,17.41471,17.999235,15.275731,15.221925,15.949067,16.212778,17.744831,17.487207,17.010048,16.801062,15.004053,15.063605,4.0,4.0,4.0,0.0,4.0,0.0,0.0,0.0
45605,2023.0,11.0,13.0,16.0,18.081667,18.687304,20.147614,22.210947,18.067648,18.456972,17.045504,17.107073,15.986878,16.56932,20.211746,23.464039,18.418673,18.84681,17.026072,16.920137,15.27552,15.204323,4.0,4.0,0.0,4.0,0.0,4.0,0.0,0.0
45606,2023.0,11.0,13.0,17.0,18.053257,18.63937,20.0763,21.908625,18.053314,18.439535,17.28248,17.703463,20.401855,24.031855,17.921215,18.412308,17.932669,17.732555,17.004889,16.914518,15.031168,14.999053,0.0,4.0,4.0,4.0,0.0,0.0,0.0,0.0
45607,2023.0,11.0,13.0,17.0,18.07475,18.655117,18.625511,18.976334,18.038353,18.421137,17.432398,17.85574,20.037527,22.806015,16.512035,16.45665,17.634382,17.373371,16.951656,16.859766,15.004916,15.0082245,4.0,4.0,4.0,0.0,0.0,0.0,0.0,0.0
45608,2023.0,11.0,13.0,17.0,18.092333,18.667807,20.271795,22.272041,18.022745,18.402079,16.851753,16.750694,17.591908,17.736376,16.249977,16.15772,17.544561,17.279036,16.898195,16.805376,15.003991,15.026891,0.0,4.0,0.0,0.0,0.0,0.0,0.0,0.0
45609,2023.0,11.0,13.0,17.0,18.104225,18.674807,18.741297,19.105742,18.006786,18.382717,16.53114,16.337389,16.434092,16.259207,16.128006,16.036688,18.416494,19.00564,16.848278,16.754541,15.004388,15.042883,4.0,4.0,0.0,0.0,0.0,4.0,0.0,0.0
45610,2023.0,11.0,13.0,17.0,17.479631,17.499731,20.266356,22.212042,17.991306,18.363806,16.417002,16.209929,16.236752,16.13289,16.02922,15.937042,17.856277,17.671442,16.80144,16.706808,15.004745,15.055216,0.0,4.0,0.0,0.0,0.0,0.0,0.0,0.0
45611,2023.0,11.0,13.0,17.0,17.844633,18.38895,18.45926,18.54631,17.975811,18.34495,16.461493,16.373579,16.11661,16.026428,15.947719,15.858585,17.512268,17.247307,16.757338,16.661818,15.005002,15.064723,0.0,4.0,0.0,0.0,0.0,0.0,0.0,0.0
45612,2023.0,11.0,13.0,18.0,18.015213,18.571026,17.5507,17.468204,17.959951,18.325644,16.463976,16.399853,15.996205,15.909083,15.875481,15.787829,18.200684,18.623217,17.738817,18.544884,15.005189,15.072072,0.0,4.0,0.0,0.0,0.0,4.0,4.0,0.0
45613,2023.0,11.0,13.0,18.0,21.301405,24.270115,17.741909,18.031578,21.294655,24.122343,21.2218,24.78553,15.891592,15.805774,15.809676,15.723491,21.190508,23.703653,21.34447,24.527288,15.005235,15.077627,4.0,4.0,4.0,0.0,0.0,4.0,4.0,0.0
45614,2023.0,11.0,13.0,18.0,21.036734,23.415194,20.282148,22.493383,21.01398,23.222652,21.0189,23.861877,16.630135,17.281046,15.747122,15.656849,21.022182,23.025755,21.116867,23.679266,15.005147,15.079849,4.0,4.0,0.0,4.0,0.0,4.0,0.0,0.0
45615,2023.0,11.0,13.0,18.0,21.083576,23.267378,20.04059,21.80387,21.066206,23.092882,21.07653,23.581831,20.365036,23.613396,15.695111,15.6038685,21.05055,22.841051,21.085964,23.316051,15.004883,15.078207,0.0,4.0,4.0,0.0,0.0,4.0,0.0,0.0
45616,2023.0,11.0,13.0,18.0,21.049494,23.012177,18.622566,18.919662,21.057346,22.91499,21.067963,23.31835,17.636534,17.789705,15.653554,15.563077,21.0441,22.657572,21.07778,23.0883,15.004505,15.074587,4.0,4.0,4.0,0.0,0.0,4.0,0.0,0.0
45617,2023.0,11.0,13.0,18.0,21.05365,22.905113,20.233036,22.187714,21.056337,22.797562,21.06642,23.14422,17.052181,17.463486,15.61465,15.522987,21.071121,22.604958,21.076277,22.932467,15.004561,15.071143,4.0,4.0,4.0,4.0,0.0,0.0,0.0,0.0
45618,2023.0,11.0,13.0,19.0,21.051535,22.817497,20.045824,21.659096,21.05464,22.708334,21.088228,23.082346,20.355642,23.172203,15.968813,16.216873,21.035473,22.415342,21.025152,22.714521,15.004445,15.067738,0.0,4.0,0.0,4.0,4.0,4.0,4.0,0.0
45619,2023.0,11.0,13.0,19.0,21.076284,22.821066,18.35949,18.318438,21.053339,22.639816,21.057644,22.903536,21.115631,23.916712,20.443182,23.617447,21.039162,22.353678,21.082294,22.772167,15.325981,15.303227,0.0,4.0,4.0,0.0,0.0,4.0,0.0,0.0
45620,2023.0,11.0,13.0,19.0,21.043684,22.678484,18.03208,18.29582,21.052174,22.585482,21.060974,22.83643,18.515886,18.978498,17.945974,18.407085,21.067007,22.374832,21.071337,22.681171,14.996449,14.962021,4.0,4.0,4.0,4.0,0.0,0.0,0.0,0.0
45621,2023.0,11.0,13.0,19.0,21.074633,22.717123,20.262062,22.243574,21.051235,22.541742,21.059227,22.775864,20.302216,22.511782,16.52509,16.439484,21.061163,22.31302,21.071337,22.624992,15.007296,15.004221,4.0,4.0,4.0,4.0,0.0,0.0,0.0,0.0
45622,2023.0,11.0,13.0,19.0,21.065031,22.657976,20.011148,21.568928,21.07466,22.573524,21.056273,22.725132,20.036064,21.841764,16.248558,16.13359,21.059013,22.267841,21.057146,22.574608,15.004006,15.0148115,4.0,0.0,4.0,0.0,0.0,0.0,0.0,0.0
45623,2023.0,11.0,13.0,19.0,21.041485,22.555893,20.061373,21.553038,21.069096,22.526508,21.057718,22.690207,18.680002,19.08907,16.123724,16.012926,21.048243,22.236094,21.060152,22.558516,15.88172,16.679996,4.0,0.0,4.0,4.0,0.0,0.0,0.0,4.0
45624,2023.0,11.0,13.0,20.0,21.072208,22.61313,20.052229,21.455301,21.044277,22.426502,21.056564,22.655306,20.293293,22.318758,16.021654,15.912211,21.048996,22.22532,21.059206,22.536894,20.425348,24.295753,4.0,4.0,4.0,0.0,0.0,0.0,0.0,4.0
45625,2023.0,11.0,13.0,20.0,21.065474,22.574034,20.052433,21.39851,21.048613,22.414692,21.080204,22.691456,18.234901,18.164785,16.361193,16.62845,21.018976,22.135065,21.058588,22.517675,20.01466,22.959166,4.0,4.0,0.0,0.0,4.0,4.0,0.0,4.0
45626,2023.0,11.0,13.0,20.0,21.184507,22.814503,20.176361,21.602596,21.195074,22.691109,21.17628,22.830435,17.17832,16.8637,20.45674,23.436926,21.15995,22.3898,21.207113,22.79804,21.167511,24.427631,4.0,4.0,4.0,0.0,0.0,4.0,0.0,4.0
45627,2023.0,11.0,13.0,20.0,21.027292,22.47425,20.049671,21.308403,21.046719,22.374968,21.078222,22.622353,17.80944,18.363306,18.026463,18.401075,21.062727,22.189602,21.05724,22.478775,20.078716,22.427021,4.0,4.0,0.0,4.0,0.0,0.0,0.0,0.0
45628,2023.0,11.0,13.0,20.0,21.045393,22.48706,20.049562,21.278887,21.0718,22.431295,21.072027,22.581575,20.303268,22.598585,16.69062,16.590704,21.028002,22.077238,21.057222,22.465528,18.407394,18.999853,4.0,0.0,0.0,0.0,0.0,4.0,0.0,4.0
45629,2023.0,11.0,13.0,20.0,21.069399,22.53693,20.0668,21.30454,21.041067,22.331625,21.072208,22.556223,18.104555,18.06273,16.421637,16.298597,21.032806,22.073273,21.056822,22.452158,20.313993,22.785164,0.0,4.0,0.0,0.0,0.0,4.0,0.0,4.0
45630,2023.0,11.0,13.0,21.0,21.037172,22.432108,18.943699,19.11094,21.071402,22.398878,21.032534,22.463472,17.028227,16.735617,16.28102,16.162327,21.032095,22.060314,21.056486,22.439415,20.025293,22.05654,4.0,0.0,4.0,0.0,0.0,4.0,0.0,4.0
45631,2023.0,11.0,13.0,21.0,21.203394,22.751873,20.204517,21.722235,21.200645,22.621168,21.182924,22.788067,16.884243,16.734447,16.167423,16.050497,21.165844,22.316982,21.213785,22.742424,20.092836,22.099768,4.0,4.0,0.0,0.0,0.0,4.0,0.0,0.0
45632,2023.0,11.0,13.0,21.0,21.067997,22.48625,20.028366,21.284262,21.07013,22.364449,21.071526,22.52912,16.771538,16.641052,16.068188,15.953444,21.031126,22.032913,21.055258,22.409983,17.950113,17.880661,4.0,0.0,0.0,0.0,0.0,4.0,0.0,0.0
45633,2023.0,11.0,13.0,21.0,21.062693,22.460999,20.051285,21.278675,21.039078,22.269705,21.045153,22.432615,17.448145,18.049206,15.984976,15.873364,21.061079,22.101099,21.055328,22.400764,16.875559,16.58931,4.0,4.0,4.0,4.0,0.0,0.0,0.0,0.0
45634,2023.0,11.0,13.0,21.0,21.036217,22.373323,20.065851,21.287815,21.044813,22.273903,21.075356,22.498398,20.30816,22.87251,16.290972,16.508959,21.025715,21.993443,21.055157,22.390911,16.518465,16.2383,0.0,4.0,0.0,4.0,4.0,4.0,0.0,0.0
45635,2023.0,11.0,13.0,21.0,21.174301,22.659853,18.937344,19.074923,21.203848,22.585861,21.165443,22.661722,21.09828,23.784023,20.46163,23.447266,21.137379,22.22575,21.216793,22.70466,16.412153,16.278137,4.0,4.0,0.0,0.0,0.0,0.0,0.0,0.0
45636,2023.0,11.0,13.0,22.0,21.060959,22.415627,20.217077,21.734705,21.06859,22.323359,21.054682,22.448904,18.682537,18.718012,18.037832,18.415249,21.024784,21.963821,21.054033,22.365446,16.280092,16.164335,0.0,0.0,0.0,0.0,0.0,4.0,0.0,0.0
45637,2023.0,11.0,13.0,22.0,21.048405,22.403244,18.635584,18.552963,21.038465,22.231356,21.031763,22.387896,17.273859,16.954117,16.712326,16.624908,21.030148,21.968668,21.014946,22.252817,16.130276,16.021173,0.0,4.0,4.0,0.0,0.0,4.0,4.0,0.0
45638,2023.0,11.0,13.0,22.0,21.05033,22.411825,18.360094,18.595024,21.069252,22.30482,21.061792,22.474293,17.089878,16.926413,16.43641,16.312246,21.059763,22.04053,21.073833,22.37586,16.830359,17.469826,4.0,0.0,0.0,0.0,0.0,0.0,0.0,4.0
45639,2023.0,11.0,13.0,22.0,21.049622,22.413012,20.22176,21.902576,21.03787,22.210136,21.045431,22.391344,16.956184,16.81221,16.280235,16.150257,21.054327,22.014563,21.063383,22.331343,20.316599,23.395075,4.0,4.0,4.0,0.0,0.0,0.0,0.0,0.0
45640,2023.0,11.0,13.0,22.0,21.04979,22.413223,20.04389,21.415081,21.068867,22.28479,21.073822,22.44847,16.800354,16.661486,16.159742,16.029827,21.054586,22.00035,21.06419,22.311344,17.584862,17.627613,0.0,0.0,0.0,0.0,0.0,0.0,0.0,0.0
45641,2023.0,11.0,13.0,22.0,21.049553,22.41108,18.522621,18.409454,21.062712,22.260487,21.068035,22.416273,17.307095,17.742098,16.065287,15.940448,21.011751,21.90889,21.01234,22.186571,16.319616,16.06221,0.0,0.0,0.0,4.0,0.0,4.0,4.0,0.0
45642,2023.0,11.0,13.0,23.0,21.04965,22.407562,17.83989,17.672955,21.048569,22.248835,21.068544,22.399332,20.394611,22.933353,15.979679,15.854096,21.061003,22.014534,21.03323,22.214827,16.174793,16.05133,0.0,0.0,0.0,0.0,0.0,0.0,4.0,0.0
45643,2023.0,11.0,13.0,23.0,19.820704,20.041397,17.653305,17.495916,20.339231,20.868765,20.230425,20.775976,18.216146,18.432407,15.903218,15.779438,20.33094,20.568615,19.443121,19.194927,16.837576,17.405823,0.0,4.0,4.0,0.0,0.0,4.0,0.0,4.0
45644,2023.0,11.0,13.0,23.0,19.250452,19.250183,17.51512,17.354338,19.431581,19.33905,19.32108,19.28074,17.394709,17.25076,15.844004,15.719068,20.1174,20.313377,18.81507,18.399336,17.050388,17.665203,0.0,0.0,0.0,0.0,0.0,4.0,0.0,4.0
45645,2023.0,11.0,13.0,23.0,19.006308,18.99868,17.393291,17.236874,18.7745,18.33,18.633442,18.225273,17.776354,18.169552,15.789375,15.665582,20.022224,20.229378,18.536465,18.132013,16.177776,15.972861,0.0,0.0,0.0,4.0,0.0,4.0,0.0,0.0
45646,2023.0,11.0,13.0,23.0,18.819792,18.812574,17.284605,17.12988,18.456755,17.972391,18.286533,17.83317,17.232918,17.12457,15.737894,15.614204,19.936516,20.149313,18.315903,17.922785,15.866928,15.614555,0.0,0.0,0.0,0.0,0.0,4.0,0.0,0.0
45647,2023.0,11.0,13.0,23.0,18.667824,18.665833,17.18871,17.038446,19.184958,19.555742,18.302366,18.094202,16.793991,16.482687,15.690429,15.5679455,19.20939,18.850235,18.320145,18.127413,15.737409,15.493132,0.0,4.0,0.0,0.0,0.0,0.0,0.0,0.0
45648,2023.0,11.0,14.0,0.0,18.534391,18.53605,17.100842,16.953764,18.513472,18.23047,18.213846,18.05527,16.583658,16.257765,15.645293,15.523423,19.600245,19.819479,18.233839,18.07248,15.755186,15.642612,0.0,0.0,0.0,0.0,0.0,4.0,0.0,0.0
45649,2023.0,11.0,14.0,0.0,18.415255,18.42002,17.020285,16.876081,18.103481,17.656864,18.081678,17.92942,16.602316,16.443926,15.892157,16.021408,18.943483,18.553122,18.116856,17.963352,16.496595,17.099073,0.0,0.0,0.0,0.0,4.0,0.0,0.0,4.0
45650,2023.0,11.0,14.0,0.0,18.3093,18.31839,16.94729,16.806591,17.92599,17.476952,17.96094,17.81403,16.553686,16.424862,15.693827,15.588604,18.65011,18.21333,18.007345,17.860285,15.809,15.623029,0.0,0.0,0.0,0.0,0.0,0.0,0.0,0.0
45651,2023.0,11.0,14.0,0.0,18.957548,19.626478,16.879692,16.741589,18.013927,17.79975,17.849937,17.706758,16.472702,16.350445,15.870115,15.999585,19.270481,19.524597,17.902662,17.755747,15.547492,15.315491,0.0,0.0,0.0,0.0,4.0,4.0,0.0,0.0
45652,2023.0,11.0,14.0,0.0,18.4485,18.577549,16.817678,16.682371,17.985647,17.816965,17.749163,17.610052,16.393475,16.271393,15.667069,15.561808,18.652092,18.280031,17.807165,17.661547,15.452939,15.226522,0.0,0.0,0.0,0.0,0.0,0.0,0.0,0.0
45653,2023.0,11.0,14.0,0.0,17.935562,17.710855,16.758526,16.624203,17.904844,17.74043,17.653975,17.516298,16.319176,16.196264,15.553216,15.432017,18.389992,17.967855,17.717377,17.571053,15.498433,15.402694,0.0,0.0,0.0,0.0,0.0,0.0,0.0,0.0
45654,2023.0,11.0,14.0,1.0,17.757427,17.514036,16.701637,16.566736,17.824135,17.660252,17.564323,17.42626,16.25053,16.126467,15.507862,15.38587,18.27027,17.852764,17.634514,17.48742,15.464268,15.369196,0.0,0.0,0.0,0.0,0.0,0.0,0.0,0.0
45655,2023.0,11.0,14.0,1.0,17.891079,17.899233,16.65342,16.52334,17.753504,17.596233,17.488188,17.356707,16.190329,16.068558,15.468577,15.34849,18.39779,18.216732,17.560957,17.41624,15.418074,15.3243265,0.0,0.0,0.0,0.0,0.0,0.0,0.0,0.0
45656,2023.0,11.0,14.0,1.0,17.857946,17.882471,16.60848,16.48352,17.688114,17.53811,18.133162,18.635992,16.135744,16.01731,15.433863,15.316144,18.364809,18.18905,17.494267,17.35329,15.375545,15.28406,0.0,0.0,4.0,0.0,0.0,0.0,0.0,0.0
45657,2023.0,11.0,14.0,1.0,17.800444,17.829025,16.563536,16.441002,18.333937,18.81112,17.67622,17.67224,16.654863,17.038567,15.400084,15.283018,18.306921,18.132936,17.42972,17.289795,15.334109,15.243172,0.0,4.0,0.0,4.0,0.0,0.0,0.0,0.0
45658,2023.0,11.0,14.0,1.0,17.743551,17.774424,16.520655,16.400143,17.892326,17.877214,17.21105,16.883745,16.24926,16.158602,15.36857,15.251982,18.250572,18.077312,17.369387,17.230179,15.29571,15.205124,0.0,0.0,0.0,0.0,0.0,0.0,0.0,0.0
45659,2023.0,11.0,14.0,1.0,17.68822,17.720224,16.47925,16.359999,17.41045,17.04241,17.038042,16.678223,16.09007,15.971827,15.338536,15.222064,18.196543,18.023386,17.312674,17.173584,15.259313,15.16871,0.0,0.0,0.0,0.0,0.0,0.0,0.0,0.0
45660,2023.0,11.0,14.0,2.0,17.636684,17.67092,16.440634,16.323496,17.25315,16.864878,17.152636,17.010696,16.031532,15.914652,15.617351,15.7695265,18.146584,17.974531,17.260216,17.122244,15.225346,15.135379,0.0,0.0,0.0,0.0,4.0,0.0,0.0,0.0
45661,2023.0,11.0,14.0,2.0,17.587118,17.623213,16.403803,16.288681,17.388012,17.233519,17.139133,17.024376,15.978764,15.8627,15.38705,15.2645855,18.099453,17.928709,17.210396,17.0736,15.19304,15.103801,0.0,0.0,0.0,0.0,0.0,0.0,0.0,0.0
45662,2023.0,11.0,14.0,2.0,17.542835,17.583681,16.37128,16.260414,17.373152,17.238995,17.093529,16.985191,15.934775,15.821869,15.317998,15.205218,18.057117,17.889833,17.165112,17.03154,15.896707,16.456627,0.0,0.0,0.0,0.0,0.0,0.0,0.0,4.0
45663,2023.0,11.0,14.0,2.0,17.49865,17.54218,16.338581,16.230356,17.3306,17.201763,17.046278,16.941431,15.892942,15.781525,15.580534,15.72429,18.0156,17.85025,17.120592,16.988749,15.397856,15.347846,0.0,0.0,0.0,0.0,4.0,0.0,0.0,0.0
45664,2023.0,11.0,14.0,2.0,17.45585,17.501493,16.306843,16.200893,17.2865,17.160925,17.000048,16.897902,15.853993,15.743757,15.373269,15.267989,17.975868,17.812143,17.0778,16.94736,15.843932,16.27882,0.0,0.0,0.0,0.0,0.0,0.0,0.0,4.0
45665,2023.0,11.0,14.0,2.0,17.415459,17.463844,16.27691,16.173628,17.243807,17.121939,16.956554,16.857582,15.818171,15.709702,15.285461,15.175589,17.938568,17.777027,17.037424,16.908962,15.284637,15.105342,0.0,0.0,0.0,0.0,0.0,0.0,0.0,0.0
45666,2023.0,11.0,14.0,3.0,17.375866,17.42617,16.24736,16.146194,17.20175,17.08265,16.914047,16.817375,16.373167,16.784313,15.255202,15.147608,17.90236,17.742428,16.998104,16.871027,15.10767,14.90942,0.0,0.0,0.0,4.0,0.0,0.0,0.0,0.0
45667,2023.0,11.0,14.0,3.0,17.33695,17.38815,16.217386,16.11712,17.160154,17.042816,16.872072,16.776888,15.97652,15.909668,15.224877,15.117625,17.866686,17.707449,16.959545,16.833164,15.785874,16.249456,0.0,0.0,0.0,0.0,0.0,0.0,0.0,4.0
45668,2023.0,11.0,14.0,3.0,17.296879,17.346071,16.185905,16.084686,17.117317,16.999514,16.828894,16.732988,15.822412,15.713818,15.502302,15.662021,17.830227,17.670174,16.920254,16.79307,15.9959755,16.48196,0.0,0.0,0.0,0.0,4.0,0.0,0.0,4.0
45669,2023.0,11.0,14.0,3.0,17.26815,17.32587,16.156664,16.056032,17.077679,16.961378,16.789404,16.694616,15.775077,15.6673765,15.610698,15.790868,17.796064,17.636707,16.883331,16.756876,15.316228,15.138575,0.0,0.0,0.0,0.0,4.0,0.0,0.0,0.0
45670,2023.0,11.0,14.0,3.0,17.241749,17.306335,16.126768,16.025097,17.037233,16.920536,16.74949,16.653824,15.730849,15.622064,15.323799,15.224194,17.761255,17.601286,16.845812,16.718763,15.111852,14.901599,0.0,0.0,0.0,0.0,0.0,0.0,0.0,0.0
45671,2023.0,11.0,14.0,3.0,17.208475,17.273474,16.099096,15.997915,16.99969,16.884537,16.712425,16.617933,15.693182,15.585094,15.228601,15.1195755,17.728498,17.569372,16.810423,16.684254,15.778376,16.231287,0.0,0.0,0.0,0.0,0.0,0.0,0.0,4.0
45672,2023.0,11.0,14.0,4.0,17.17396,17.238037,16.070574,15.968874,16.961594,16.846554,16.674675,16.580032,15.656754,15.548186,15.187028,15.076993,17.695246,17.53593,16.774595,16.648254,15.227603,15.048324,0.0,0.0,0.0,0.0,0.0,0.0,0.0,0.0
45673,2023.0,11.0,14.0,4.0,17.139528,17.202414,16.04184,15.939317,16.923965,16.80866,16.637434,16.542282,15.622039,15.512775,15.14995,15.038924,17.662115,17.502268,16.739056,16.612282,15.790381,16.246866,0.0,0.0,0.0,0.0,0.0,0.0,0.0,4.0
45674,2023.0,11.0,14.0,4.0,17.105284,17.16687,16.013042,15.909599,16.886824,16.771109,16.600664,16.504894,15.58852,15.478529,15.115956,15.003885,17.62915,17.46871,16.703796,16.576544,15.2228365,15.0392475,0.0,0.0,0.0,0.0,0.0,0.0,0.0,0.0
45675,2023.0,11.0,14.0,4.0,17.069405,17.127687,15.981721,15.874697,16.847385,16.728321,16.561657,16.462353,15.554231,15.441721,15.081556,14.966354,17.594685,17.43192,16.667265,16.537931,15.018328,14.795875,0.0,0.0,0.0,0.0,0.0,0.0,0.0,0.0
45676,2023.0,11.0,14.0,4.0,17.036066,17.093172,15.953199,15.845245,16.811352,16.691816,16.525866,16.425978,15.52257,15.409369,15.050639,14.934561,17.562101,17.398731,16.632595,16.502771,15.07505,14.989395,0.0,0.0,0.0,0.0,0.0,0.0,0.0,0.0
45677,2023.0,11.0,14.0,4.0,17.002964,17.058758,15.924857,15.815959,16.77581,16.655767,16.490355,16.389936,15.491602,15.377702,15.020636,14.903674,17.5297,17.365715,16.598204,16.467882,15.037474,14.944355,0.0,0.0,0.0,0.0,0.0,0.0,0.0,0.0
45678,2023.0,11.0,14.0,5.0,16.972017,17.028305,15.899268,15.791991,16.74348,16.625643,16.45799,16.359772,16.044909,16.443176,14.99931,14.89055,17.49907,17.336082,16.565613,16.436329,15.735729,16.295378,0.0,0.0,0.0,4.0,0.0,0.0,0.0,4.0
45679,2023.0,11.0,14.0,5.0,16.937681,16.993238,15.869297,15.7616625,16.70627,16.588509,16.42131,16.322893,15.724065,15.645958,15.003494,14.918235,17.46455,17.301497,16.529097,16.399855,15.175427,14.99006,0.0,0.0,0.0,0.0,0.0,0.0,0.0,0.0
45680,2023.0,11.0,14.0,5.0,16.903854,16.958364,15.839392,15.730934,16.669315,16.551102,17.1259,17.677189,15.519333,15.408776,15.245387,15.384632,17.430187,17.266773,16.492687,16.363028,15.01061,14.907129,0.0,0.0,4.0,0.0,4.0,0.0,0.0,0.0
45681,2023.0,11.0,14.0,5.0,16.870237,16.92341,15.810221,15.700533,16.632978,16.514053,16.73246,16.716919,15.460884,15.346543,15.092558,15.006712,17.39623,17.23218,16.45689,16.326694,15.008171,14.934461,0.0,0.0,0.0,0.0,0.0,0.0,0.0,0.0
45682,2023.0,11.0,14.0,5.0,16.837227,16.889313,15.781676,15.671051,16.59761,16.478212,16.274422,16.001726,15.416739,15.301402,15.2535715,15.39456,17.363026,17.198526,16.422062,16.291574,15.683075,16.237597,0.0,0.0,0.0,0.0,4.0,0.0,0.0,4.0
45683,2023.0,11.0,14.0,5.0,16.807596,16.858475,15.756271,15.644621,16.566124,16.446186,16.119274,15.789535,15.381874,15.265686,15.007412,14.938221,17.333275,17.168245,16.390972,16.260056,14.974663,14.88828,0.0,0.0,0.0,0.0,0.0,0.0,0.0,0.0
45684,2023.0,11.0,14.0,6.0,16.774628,16.824062,15.728029,15.615265,16.531376,16.410662,16.22926,16.095415,15.344856,15.227815,15.012971,14.97478,17.300514,17.134737,16.356766,16.225262,15.484952,15.895903,0.0,0.0,0.0,0.0,0.0,0.0,0.0,4.0
45685,2023.0,11.0,14.0,6.0,21.304697,24.727003,16.17521,16.473866,21.140154,24.536285,21.214163,24.848612,15.899793,16.301365,15.003292,14.968167,21.110582,23.633394,21.39573,24.795132,20.315428,24.105293,4.0,0.0,4.0,4.0,0.0,0.0,0.0,4.0
45686,2023.0,11.0,14.0,6.0,21.988338,25.282202,20.27971,23.48738,21.934784,25.215363,21.71647,25.167067,20.364605,23.91708,15.004942,14.979582,21.642025,24.27235,22.092985,25.49868,20.036345,23.038187,0.0,0.0,4.0,0.0,0.0,0.0,0.0,0.0
45687,2023.0,11.0,14.0,6.0,20.90752,23.022718,17.95339,18.405905,20.919956,23.06703,21.010685,23.416796,17.395227,17.510954,15.00355,14.979698,20.962656,22.768879,22.021633,25.082525,17.220043,17.233152,0.0,0.0,0.0,0.0,0.0,0.0,0.0,0.0
45688,2023.0,11.0,14.0,6.0,21.106264,23.238323,16.57007,16.524227,21.094225,23.228228,21.10185,23.361082,16.560469,16.784523,15.004001,14.982366,21.07158,22.822443,20.940966,22.791014,15.967991,15.695225,0.0,0.0,0.0,4.0,0.0,0.0,0.0,0.0
45689,2023.0,11.0,14.0,6.0,21.03652,22.97783,16.312483,16.214388,21.066153,23.035896,21.087332,23.162859,20.404942,23.318834,15.20285,15.35225,21.057184,22.670841,21.046911,22.883282,16.630827,17.233543,0.0,0.0,0.0,4.0,4.0,0.0,4.0,4.0
45690,2023.0,11.0,14.0,7.0,21.61982,23.773682,16.180307,16.07299,21.48272,23.477499,21.446398,23.522627,20.661058,23.134144,20.323765,23.820177,21.416056,23.057833,21.781073,23.799122,21.067616,24.570353,0.0,4.0,4.0,4.0,0.0,4.0,0.0,4.0
45691,2023.0,11.0,14.0,7.0,20.91888,22.422565,16.087782,15.974653,21.019173,22.688421,21.028969,22.764791,20.037857,22.02022,17.88204,18.652948,21.015614,22.362244,21.060703,22.704935,19.868914,22.069967,0.0,0.0,4.0,4.0,4.0,0.0,0.0,4.0
45692,2023.0,11.0,14.0,7.0,21.074862,22.715189,16.011593,15.894298,21.086496,22.75251,21.09172,22.852694,20.928679,23.40127,20.309277,23.43929,21.04288,22.33556,21.039562,22.58758,21.040327,23.925138,0.0,0.0,0.0,4.0,4.0,4.0,4.0,4.0
45693,2023.0,11.0,14.0,7.0,21.049866,22.645096,16.417904,16.704088,21.05179,22.608534,21.05584,22.710459,21.04082,23.228846,20.034704,22.489868,21.040627,22.29001,21.082705,22.669334,21.428423,24.324162,4.0,4.0,4.0,0.0,4.0,4.0,0.0,0.0
45694,2023.0,11.0,14.0,7.0,21.757032,23.769215,20.284761,23.343971,21.699799,23.61146,21.632803,23.599522,18.259281,18.063425,20.102537,22.352707,21.597763,23.169582,21.928587,24.103313,19.201796,19.688847,0.0,4.0,4.0,0.0,0.0,4.0,0.0,4.0
45695,2023.0,11.0,14.0,7.0,20.916298,22.203596,18.384163,19.111036,20.926252,22.14641,20.93203,22.261414,17.242561,16.84879,17.849848,17.814463,20.950869,21.928219,20.910812,22.110996,20.290108,22.346836,4.0,4.0,4.0,0.0,0.0,4.0,0.0,0.0
45696,2023.0,11.0,14.0,8.0,21.217602,22.811827,20.296892,22.906544,21.214224,22.738434,21.204773,22.819519,17.879002,18.405964,16.806604,16.62917,21.15168,22.359001,21.326202,22.960403,18.065468,17.939396,0.0,4.0,4.0,4.0,0.0,0.0,4.0,0.0
45697,2023.0,11.0,14.0,8.0,19.91557,20.309675,18.293049,18.639198,19.353037,19.187782,19.740082,19.999947,20.298979,22.534668,16.551098,16.389488,20.15016,20.391542,19.269262,19.028837,16.97002,16.641804,4.0,0.0,4.0,0.0,0.0,4.0,0.0,0.0
45698,2023.0,11.0,14.0,8.0,19.361029,19.696512,20.286724,22.636337,18.950155,19.036055,18.446447,18.072737,18.081388,17.997057,16.334381,16.176006,19.759867,19.9651,18.35317,17.955612,17.700773,18.368532,0.0,4.0,0.0,0.0,0.0,4.0,0.0,4.0
45699,2023.0,11.0,14.0,8.0,18.50875,18.283815,18.441319,18.748152,18.874655,19.01104,17.873743,17.407743,16.96545,16.616207,16.156225,16.008173,18.971972,18.614155,18.984854,19.465837,20.30223,22.802599,4.0,4.0,0.0,0.0,0.0,0.0,4.0,0.0
45700,2023.0,11.0,14.0,8.0,18.03372,17.740822,20.247707,22.452772,18.729797,18.877632,18.238848,18.344707,16.820086,16.644644,16.412607,16.629692,18.484028,18.035658,18.22719,17.918634,17.876015,17.834146,4.0,4.0,4.0,0.0,4.0,0.0,0.0,0.0
45701,2023.0,11.0,14.0,8.0,18.495497,18.817125,20.04899,21.852154,17.98527,17.605143,17.703506,17.344461,16.702852,16.557852,20.346914,23.36978,18.243002,17.792112,17.698595,17.32609,16.706007,16.400028,0.0,0.0,0.0,0.0,4.0,0.0,0.0,0.0
45702,2023.0,11.0,14.0,9.0,17.97066,17.787374,18.147526,18.065008,17.545712,17.078651,17.28489,16.842031,16.554985,16.418978,20.03982,22.401388,18.831808,19.06852,17.46345,17.092726,16.526354,16.374418,0.0,0.0,0.0,0.0,0.0,4.0,0.0,0.0
45703,2023.0,11.0,14.0,9.0,17.583143,17.325035,17.304705,17.149548,18.009317,18.124893,17.097178,16.662504,16.42522,16.297438,17.77248,17.76537,18.345108,18.017048,17.476639,17.304499,16.39171,16.268427,0.0,4.0,0.0,0.0,0.0,0.0,0.0,0.0
45704,2023.0,11.0,14.0,9.0,17.440584,17.185682,17.13029,16.978668,17.486446,17.12355,17.203207,17.006897,16.32968,16.205458,17.416697,17.556192,18.038128,17.620512,17.431885,17.292454,16.262823,16.14492,0.0,0.0,0.0,0.0,4.0,0.0,0.0,0.0
45705,2023.0,11.0,14.0,9.0,17.548708,17.527159,16.983128,16.838696,17.223053,16.797003,17.88293,18.347122,16.246763,16.130522,20.284058,22.659492,18.67612,18.950901,17.349894,17.220634,16.147612,16.039076,0.0,0.0,4.0,0.0,0.0,4.0,0.0,0.0
45706,2023.0,11.0,14.0,9.0,17.538128,17.555159,16.830399,16.692316,17.08288,16.671612,17.53982,17.55908,16.16226,16.052454,18.355103,18.650164,18.885971,19.184805,17.259108,17.13265,16.03117,15.930112,0.0,0.0,0.0,0.0,0.0,4.0,0.0,0.0
45707,2023.0,11.0,14.0,9.0,17.47347,17.498121,16.723455,16.583933,17.197155,17.009274,17.031845,16.696049,16.096233,15.986871,17.424973,17.261621,18.167606,17.825214,17.187063,17.062326,15.944155,15.845994,0.0,0.0,0.0,0.0,0.0,0.0,0.0,0.0
45708,2023.0,11.0,14.0,10.0,17.409779,17.443111,16.628147,16.494234,17.195475,17.055239,16.839127,16.473309,16.03764,15.93211,17.137383,16.962912,18.70328,19.016115,17.121237,17.000269,15.866089,15.773275,0.0,0.0,0.0,0.0,0.0,4.0,0.0,0.0
45709,2023.0,11.0,14.0,10.0,17.363626,17.417412,16.544205,16.415346,17.142975,17.012018,16.929497,16.77125,15.985441,15.883407,16.928375,16.761679,18.096567,17.779284,17.061615,16.944178,15.796683,15.708398,0.0,0.0,0.0,0.0,0.0,0.0,0.0,0.0
45710,2023.0,11.0,14.0,10.0,18.08508,18.827675,16.468071,16.344873,17.815786,18.32981,16.91969,16.804726,15.937913,15.839333,16.75867,16.601536,17.854275,17.482132,17.006733,16.892794,15.733685,15.64966,0.0,4.0,0.0,0.0,0.0,0.0,0.0,0.0
45711,2023.0,11.0,14.0,10.0,17.591797,17.767002,16.39909,16.28168,17.386854,17.412804,17.597069,18.133121,15.894838,15.799585,16.613272,16.465973,18.550535,18.89334,16.956383,16.845844,15.675599,15.593383,0.0,0.0,4.0,0.0,0.0,4.0,0.0,0.0
45712,2023.0,11.0,14.0,10.0,17.88759,18.402315,16.336142,16.224627,17.619507,17.915308,17.15533,17.18802,15.855957,15.7639475,16.486557,16.348547,17.967611,17.677893,16.910192,16.802988,15.6238,15.544426,0.0,4.0,0.0,0.0,0.0,0.0,0.0,0.0
45713,2023.0,11.0,14.0,10.0,17.967642,18.489452,16.276941,16.169739,17.711641,18.045446,16.700518,16.409569,15.819914,15.730285,16.372047,16.239729,17.742107,17.391273,16.866745,16.76192,15.576486,15.49893,0.0,4.0,0.0,0.0,0.0,0.0,0.0,0.0
45714,2023.0,11.0,14.0,11.0,17.98814,18.512264,16.225159,16.125044,17.113132,16.919222,16.562267,16.261051,15.788775,15.702874,16.275463,16.153358,17.665443,17.32557,16.828236,16.72733,15.535319,15.461342,0.0,0.0,0.0,0.0,0.0,0.0,0.0,0.0
45715,2023.0,11.0,14.0,11.0,17.348738,17.306015,16.175129,16.079792,16.844019,16.538177,16.65355,16.536375,15.759374,15.67571,16.186192,16.070198,17.782114,17.632788,16.790915,16.692299,15.496168,15.424185,0.0,0.0,0.0,0.0,0.0,0.0,0.0,0.0
45716,2023.0,11.0,14.0,11.0,17.07816,16.936533,16.124481,16.02985,16.725327,16.411839,16.649275,16.564983,15.73081,15.647924,16.10005,15.983673,17.789984,17.663136,16.753843,16.655905,15.458239,15.386506,0.0,0.0,0.0,0.0,0.0,0.0,0.0,0.0
45717,2023.0,11.0,14.0,11.0,16.97976,16.852133,16.082546,15.994141,16.844856,16.73813,16.608074,16.529795,15.705709,15.625418,16.030327,15.921449,17.759007,17.635672,16.720362,16.62504,15.425293,15.355983,0.0,0.0,0.0,0.0,0.0,0.0,0.0,0.0
45718,2023.0,11.0,14.0,11.0,16.902481,16.785635,16.042522,15.959371,16.830526,16.742458,16.567066,16.494007,15.681843,15.603972,16.393171,16.667364,17.727917,17.607357,16.688374,16.595583,15.394796,15.32778,0.0,0.0,0.0,0.0,4.0,0.0,0.0,0.0
45719,2023.0,11.0,14.0,11.0,17.004414,17.063623,16.005701,15.928221,17.504986,18.045908,17.24572,17.806007,15.659625,15.584494,20.189953,23.197754,17.69832,17.581047,16.658478,16.56877,15.367032,15.302717,0.0,4.0,4.0,0.0,0.0,0.0,0.0,0.0
45720,2023.0,11.0,14.0,12.0,17.791065,18.557571,15.967348,15.893158,17.180248,17.243296,16.91272,16.979765,15.635496,15.562568,18.082468,18.578737,17.666594,17.55188,16.626608,16.539156,15.337971,15.275727,0.0,0.0,0.0,0.0,0.0,0.0,0.0,0.0
45721,2023.0,11.0,14.0,12.0,21.296926,24.534325,15.935345,15.860343,21.314487,24.573063,21.203875,24.584145,15.613691,15.540393,17.03215,16.930489,21.698603,24.418213,22.157131,25.87572,15.31275,15.249766,0.0,4.0,0.0,0.0,0.0,0.0,0.0,0.0
45722,2023.0,11.0,14.0,12.0,21.031889,23.576466,15.900445,15.825448,21.033573,23.567081,21.028347,23.725794,15.593852,15.520466,16.732214,16.60751,21.273897,23.303995,22.478207,26.022556,15.288361,15.225474,0.0,0.0,0.0,0.0,0.0,0.0,0.0,0.0
45723,2023.0,11.0,14.0,12.0,21.08675,23.404463,15.866168,15.791151,21.066784,23.305779,21.08052,23.531311,15.57783,15.504712,16.54224,16.415499,20.967247,22.590124,20.897146,22.842299,15.269213,15.206731,0.0,4.0,0.0,0.0,0.0,0.0,0.0,0.0
45724,2023.0,11.0,14.0,12.0,21.057217,23.184748,15.830796,15.753722,21.055738,23.080559,21.065472,23.30159,15.563945,15.490576,16.389956,16.257555,21.063812,22.651892,21.095423,23.0946,15.25441,15.191914,0.0,4.0,0.0,0.0,0.0,0.0,0.0,0.0
45725,2023.0,11.0,14.0,12.0,21.142654,23.224821,15.797571,15.719649,21.17153,23.175095,21.158514,23.327826,15.551858,15.478727,16.270088,16.139444,21.114635,22.636854,21.14259,23.052963,15.24285,15.1809,0.0,0.0,0.0,0.0,0.0,0.0,0.0,0.0
45726,2023.0,11.0,14.0,13.0,21.134384,23.097925,15.766697,15.689303,21.160507,23.00638,21.148758,23.17849,15.540537,15.467649,16.171345,16.04577,21.10856,22.534643,21.13502,22.938316,15.232783,15.171299,0.0,0.0,0.0,0.0,0.0,0.0,0.0,0.0
45727,2023.0,11.0,14.0,13.0,21.130423,23.026714,15.735355,15.65709,21.154675,22.912542,21.143211,23.091827,15.528198,15.45444,16.083632,15.961205,21.104187,22.46608,21.064896,22.695875,15.222234,15.160203,0.0,0.0,0.0,0.0,0.0,0.0,4.0,0.0
45728,2023.0,11.0,14.0,13.0,21.126722,22.967018,15.704501,15.625334,21.125391,22.817318,21.138817,23.02214,15.515171,15.44045,16.005217,15.885512,21.101276,22.412924,21.149626,22.854097,15.211309,15.148617,0.0,0.0,0.0,0.0,0.0,0.0,0.0,0.0
45729,2023.0,11.0,14.0,13.0,21.124147,22.920782,15.67436,15.59427,21.123287,22.785862,21.135426,22.967709,15.501498,15.425731,15.934453,15.817134,21.098852,22.370726,21.143166,22.7521,15.19993,15.13647,0.0,0.0,0.0,0.0,0.0,0.0,0.0,0.0
45730,2023.0,11.0,14.0,13.0,21.120773,22.881058,15.6449585,15.563913,21.121284,22.752434,21.091785,22.817465,15.487194,15.410308,15.869979,15.754744,21.096891,22.336746,21.140684,22.701057,15.1880665,15.123744,0.0,0.0,4.0,0.0,0.0,0.0,0.0,0.0
45731,2023.0,11.0,14.0,13.0,21.051264,22.733755,16.110447,16.459656,21.051296,22.606812,21.054752,22.716702,16.241817,16.842936,15.815126,15.705929,21.041353,22.215069,21.048155,22.522764,15.176208,15.111272,4.0,0.0,4.0,4.0,0.0,0.0,0.0,0.0
45732,2023.0,11.0,14.0,14.0,21.51912,23.434868,20.12928,23.283972,21.702389,23.6057,21.534313,23.40632,20.254784,23.581326,15.760122,15.651755,21.40372,22.760841,21.656944,23.469328,15.163751,15.097988,0.0,4.0,4.0,0.0,0.0,0.0,0.0,0.0
45733,2023.0,11.0,14.0,14.0,19.703604,20.014822,17.997984,18.58529,20.30466,20.65845,19.340076,19.287855,17.563732,17.757927,15.71705,15.61214,19.903774,19.931204,19.698378,19.770788,15.152954,15.087628,0.0,0.0,0.0,0.0,0.0,0.0,0.0,0.0
45734,2023.0,11.0,14.0,14.0,19.005342,19.056347,16.847698,16.79223,18.963282,18.563248,18.444445,18.04843,16.532335,16.242699,15.687341,15.584747,19.385292,19.21172,19.013927,18.85553,15.143204,15.077896,0.0,0.0,0.0,0.0,0.0,0.0,0.0,0.0
45735,2023.0,11.0,14.0,14.0,19.460958,20.154526,16.588764,16.498192,18.513939,18.066948,18.095638,17.695578,16.448921,16.310402,15.658134,15.558698,19.17703,19.002756,18.722462,18.562576,15.13139,15.066245,0.0,0.0,0.0,0.0,0.0,0.0,0.0,0.0
45736,2023.0,11.0,14.0,14.0,19.451588,20.153835,16.419144,16.318996,18.485586,18.30504,18.078962,17.933952,16.342123,16.223274,15.626329,15.528046,19.00218,18.827429,18.484144,18.32276,15.116788,15.051189,0.0,0.0,0.0,0.0,0.0,0.0,0.0,0.0
45737,2023.0,11.0,14.0,14.0,19.109278,19.544706,16.304163,16.208017,18.332008,18.177572,17.934847,17.814991,16.238363,16.126839,16.0266,16.311796,18.86153,18.695417,18.294975,18.143925,15.101258,15.035739,0.0,0.0,0.0,0.0,4.0,0.0,0.0,0.0
45738,2023.0,11.0,14.0,15.0,18.36472,18.269466,16.211348,16.120443,18.173937,18.031715,17.78351,17.675331,16.150267,16.046455,20.120872,23.289747,18.739437,18.583197,18.133072,17.994518,15.085256,15.020129,0.0,0.0,0.0,0.0,0.0,0.0,0.0,0.0
45739,2023.0,11.0,14.0,15.0,17.918625,17.737192,16.582806,16.89606,18.6832,19.142557,17.6194,17.51731,16.058477,15.960698,17.94241,18.467545,18.610466,18.461584,17.96284,17.832497,15.067932,15.0037365,4.0,4.0,0.0,0.0,0.0,0.0,0.0,0.0
45740,2023.0,11.0,14.0,15.0,17.735455,17.545345,20.260988,23.260872,18.835264,19.385267,17.499218,17.39738,15.989215,15.89414,16.824785,16.711363,18.513086,18.36742,17.836187,17.709698,15.052318,14.988905,0.0,4.0,0.0,0.0,0.0,0.0,0.0,0.0
45741,2023.0,11.0,14.0,15.0,17.573963,17.393967,18.153456,18.681004,18.022385,17.85841,17.37374,17.278103,15.920009,15.830523,16.54256,16.418339,18.413233,18.27421,17.706158,17.586912,15.0357065,14.973322,0.0,0.0,0.0,0.0,0.0,0.0,0.0,0.0
45742,2023.0,11.0,14.0,15.0,17.666445,17.698223,17.08777,17.029182,17.600052,17.24686,17.276802,17.181805,15.866968,15.779964,16.792843,17.01164,19.142973,19.732115,17.605108,17.48837,15.02047,14.958729,0.0,0.0,0.0,0.0,4.0,4.0,0.0,0.0
45743,2023.0,11.0,14.0,15.0,17.631979,17.694548,16.829334,16.739552,17.427923,17.072433,17.189102,17.09987,15.818733,15.736234,20.246357,23.020588,19.310675,19.919895,17.513607,17.403168,15.005628,14.944983,0.0,0.0,0.0,0.0,0.0,4.0,0.0,0.0
45744,2023.0,11.0,14.0,16.0,18.303316,19.031048,16.64153,16.552067,17.28803,16.94525,17.098257,17.013565,15.768097,15.689727,18.20032,18.613419,18.42875,18.191326,17.418335,17.312983,15.001189,14.951351,0.0,0.0,0.0,0.0,0.0,0.0,0.0,0.0
45745,2023.0,11.0,14.0,16.0,18.54319,19.297283,16.959465,17.272186,18.070286,18.549448,17.012098,16.927397,15.718819,15.641217,16.91869,16.847107,18.015627,17.680664,17.32793,17.22398,15.001697,14.963137,4.0,4.0,0.0,0.0,0.0,0.0,0.0,0.0
45746,2023.0,11.0,14.0,16.0,18.34429,18.869144,20.269684,23.012762,18.380215,18.943306,16.934477,16.850657,15.673246,15.596787,16.61014,16.49153,17.88376,17.544405,17.246351,17.14499,15.001914,14.9732485,0.0,4.0,0.0,0.0,0.0,0.0,0.0,0.0
45747,2023.0,11.0,14.0,16.0,18.257185,18.758575,18.28739,18.759436,17.617733,17.468664,17.572,18.108408,16.33927,16.879934,16.436224,16.316668,18.553505,18.898794,17.169683,17.066942,15.002433,14.982888,0.0,0.0,4.0,4.0,0.0,4.0,0.0,0.0
45748,2023.0,11.0,14.0,16.0,18.240364,18.739319,17.031347,17.02059,17.814056,18.075869,17.215017,17.258383,20.364239,23.689394,16.303831,16.18786,18.790157,19.153963,17.097841,16.994337,15.002462,14.990363,0.0,4.0,0.0,4.0,0.0,4.0,0.0,0.0
45749,2023.0,11.0,14.0,16.0,18.240585,18.746143,16.710546,16.620607,17.97157,18.286194,16.700468,16.449493,20.03801,22.592651,16.186697,16.073269,18.823845,19.183084,17.030958,16.926214,15.87207,16.631193,0.0,4.0,0.0,0.0,0.0,4.0,0.0,4.0
45750,2023.0,11.0,14.0,17.0,17.605541,17.56759,17.002815,17.298594,17.971277,18.284006,16.50795,16.217663,18.233492,18.760864,16.084711,15.975355,18.846968,19.201656,16.970251,16.865122,20.372234,24.174889,4.0,4.0,0.0,4.0,0.0,4.0,0.0,4.0
45751,2023.0,11.0,14.0,17.0,17.950422,18.426218,20.292776,23.016369,17.354343,17.140497,16.585262,16.461151,20.313442,22.807142,15.989335,15.879129,18.137651,17.851944,16.912651,16.805855,20.04217,23.02003,0.0,0.0,0.0,4.0,0.0,0.0,0.0,0.0
45752,2023.0,11.0,14.0,17.0,18.118526,18.616884,18.29427,18.741184,16.984743,16.652504,17.32117,17.854229,20.049255,22.070913,15.909403,15.802069,17.796312,17.443962,17.866114,18.646025,17.339815,17.44764,0.0,0.0,4.0,0.0,0.0,0.0,4.0,0.0
45753,2023.0,11.0,14.0,17.0,18.11759,18.606037,17.485088,17.836506,17.51101,17.744997,16.99233,17.033676,18.556564,19.000326,15.838059,15.732523,17.672798,17.315025,17.159225,16.973356,16.099403,15.884083,4.0,4.0,0.0,4.0,0.0,0.0,0.0,0.0
45754,2023.0,11.0,14.0,17.0,17.475523,17.403631,20.298801,22.756508,17.09177,16.890375,16.546616,16.27011,20.348097,22.256449,15.776003,15.664883,17.58715,17.226862,16.83022,16.543083,15.819417,15.567138,4.0,0.0,0.0,0.0,0.0,0.0,0.0,0.0
45755,2023.0,11.0,14.0,17.0,17.120632,16.949776,20.04029,21.989536,17.419666,17.666449,17.031506,17.307037,18.238773,18.168266,16.092918,16.309801,18.517584,19.086962,16.696768,16.40838,15.752327,15.635935,0.0,4.0,4.0,0.0,4.0,4.0,0.0,0.0
45756,2023.0,11.0,14.0,18.0,17.70757,18.150372,18.09158,18.074461,17.615616,17.908676,16.644653,16.445463,17.153284,16.814194,20.449842,23.544153,17.901764,17.629848,16.7507,16.618689,16.63614,17.403143,0.0,4.0,0.0,0.0,0.0,0.0,0.0,4.0
45757,2023.0,11.0,14.0,18.0,21.358635,24.383314,17.211569,17.080938,21.367998,24.411774,21.210062,24.617464,16.971935,16.801077,17.987608,18.432642,21.346828,23.827324,22.297865,25.980072,20.38265,23.720366,0.0,4.0,0.0,0.0,0.0,4.0,0.0,4.0
45758,2023.0,11.0,14.0,18.0,21.036175,23.393574,17.452639,17.713253,21.012684,23.310638,21.005272,23.650917,16.828959,16.682796,16.572826,16.473555,21.043083,23.02543,20.878489,23.129606,20.05003,22.683355,4.0,4.0,4.0,0.0,0.0,0.0,0.0,0.0
45759,2023.0,11.0,14.0,18.0,21.149387,23.3506,20.291132,22.712006,21.15393,23.323313,21.149792,23.594007,16.66207,16.52189,16.285048,16.15351,21.116383,22.90319,21.198343,23.512127,17.509254,17.501902,0.0,4.0,4.0,0.0,0.0,4.0,0.0,0.0
45760,2023.0,11.0,14.0,18.0,21.056377,22.99649,18.732647,19.350565,21.060694,22.951527,21.067753,23.20169,16.520351,16.387222,16.145687,16.017231,21.073423,22.660692,21.06431,23.060667,17.276321,17.830624,4.0,4.0,4.0,0.0,0.0,0.0,0.0,4.0
45761,2023.0,11.0,14.0,18.0,21.161037,23.109127,20.272345,22.414658,21.157259,23.014437,21.1586,23.244411,16.398346,16.2696,16.032291,15.903718,21.122873,22.610704,21.182121,23.164682,20.353617,23.183855,0.0,4.0,0.0,0.0,0.0,4.0,0.0,0.0
45762,2023.0,11.0,14.0,19.0,21.04842,22.772097,18.537262,18.79544,21.057827,22.716677,21.083612,22.972013,16.29435,16.171013,16.298733,16.483046,21.04097,22.354757,21.064344,22.828482,17.703707,17.69445,4.0,4.0,0.0,0.0,4.0,4.0,0.0,0.0
45763,2023.0,11.0,14.0,19.0,21.173504,22.959305,20.323812,22.467817,21.169098,22.866837,21.15573,23.005976,16.203121,16.083483,20.461498,23.431435,21.140797,22.488588,21.188446,23.003351,16.44646,16.132872,4.0,4.0,4.0,0.0,0.0,4.0,0.0,0.0
45764,2023.0,11.0,14.0,19.0,21.051163,22.663895,20.030758,21.681755,21.055162,22.57907,21.061554,22.749329,16.872486,17.415485,18.312649,18.92915,21.067688,22.306425,21.062115,22.690685,16.297775,16.159374,4.0,4.0,4.0,4.0,4.0,0.0,0.0,0.0
45765,2023.0,11.0,14.0,19.0,21.18159,22.8875,20.157185,21.820057,21.178394,22.781214,21.166687,22.910109,21.69129,25.561256,20.302845,22.888548,21.128773,22.380037,21.26538,23.026733,17.212877,18.01557,0.0,4.0,4.0,0.0,0.0,0.0,4.0,4.0
45766,2023.0,11.0,14.0,19.0,21.049078,22.586462,18.333803,18.222567,21.053204,22.490662,21.05905,22.651102,18.865282,19.359587,18.235985,18.526827,21.061445,22.203371,21.08168,22.625713,20.345116,23.2848,0.0,4.0,4.0,4.0,0.0,0.0,0.0,0.0
45767,2023.0,11.0,14.0,19.0,21.075579,22.63119,17.544823,17.373516,21.077719,22.528889,21.058325,22.615786,20.313395,22.623857,17.034384,16.919952,21.060974,22.170471,21.071596,22.559591,17.630966,17.613209,0.0,0.0,4.0,0.0,0.0,0.0,0.0,0.0
45768,2023.0,11.0,14.0,20.0,21.069046,22.586868,17.772308,17.995728,21.071798,22.484896,21.057705,22.585804,18.578959,18.948149,16.71946,16.572208,21.016293,22.066488,21.07173,22.520815,16.375828,16.062916,4.0,0.0,4.0,4.0,0.0,4.0,0.0,0.0
45769,2023.0,11.0,14.0,20.0,21.042906,22.486332,20.240608,22.434258,21.046883,22.386824,21.05738,22.560751,20.35578,22.436985,16.930286,17.13931,21.06721,22.163443,21.057302,22.487156,16.253298,16.116482,0.0,4.0,4.0,0.0,4.0,0.0,0.0,0.0
45770,2023.0,11.0,14.0,20.0,21.047445,22.476156,18.469402,18.718597,21.076561,22.446232,21.057142,22.538303,18.671236,18.99295,20.443203,23.05478,21.029984,22.045525,21.05869,22.480911,17.187244,17.992308,0.0,0.0,4.0,4.0,0.0,4.0,0.0,4.0
45771,2023.0,11.0,14.0,20.0,21.04676,22.458988,17.84964,18.112904,21.04552,22.342876,21.056278,22.514732,20.345705,22.305283,18.208107,18.498526,21.035316,22.042608,21.058218,22.469767,20.345577,23.287619,4.0,4.0,4.0,0.0,0.0,4.0,0.0,0.0
45772,2023.0,11.0,14.0,20.0,21.194017,22.73867,20.279524,22.431734,21.050913,22.3389,21.080536,22.561253,18.739388,19.03944,16.955015,16.808989,21.136282,22.250834,21.018814,22.353563,17.61214,17.56646,0.0,4.0,0.0,4.0,0.0,0.0,4.0,0.0
45773,2023.0,11.0,14.0,20.0,21.045977,22.424274,18.217752,18.160315,21.075283,22.39427,21.050434,22.456991,20.338287,22.214579,16.656303,16.49139,21.029268,21.996729,21.07977,22.472382,17.308813,17.821358,0.0,0.0,4.0,0.0,0.0,4.0,0.0,4.0
45774,2023.0,11.0,14.0,21.0,21.04589,22.411547,17.004986,16.531773,21.044857,22.295834,21.05567,22.45058,18.78237,19.061459,16.47665,16.310595,21.034801,21.998568,21.03012,22.316927,20.357134,23.075554,0.0,4.0,4.0,4.0,0.0,4.0,4.0,0.0
45775,2023.0,11.0,14.0,21.0,21.072186,22.471382,17.392776,17.539381,21.049952,22.294357,21.05439,22.434328,20.333506,22.151443,16.331097,16.169659,21.03395,21.9892,21.07754,22.422165,17.735394,17.648254,4.0,4.0,4.0,0.0,0.0,4.0,0.0,0.0
45776,2023.0,11.0,14.0,21.0,21.066397,22.440104,20.248316,22.57497,21.049042,22.283194,21.079298,22.490873,18.255337,18.038958,16.204348,16.045143,21.063673,22.05885,21.06839,22.381872,17.466496,17.957846,4.0,4.0,0.0,0.0,0.0,0.0,0.0,4.0
45777,2023.0,11.0,14.0,21.0,21.039423,22.350216,20.031776,21.831263,21.04878,22.273922,21.073673,22.46159,17.202461,16.759405,16.474445,16.646536,21.028305,21.95299,21.029404,22.256542,20.395082,22.900312,4.0,4.0,0.0,0.0,4.0,4.0,4.0,0.0
45778,2023.0,11.0,14.0,21.0,21.200539,22.665749,20.15318,21.892565,21.195637,22.558702,21.165293,22.625854,17.118975,16.921005,20.456038,23.29556,21.164526,22.217928,21.198088,22.612589,17.795622,17.666231,0.0,4.0,0.0,0.0,0.0,4.0,0.0,0.0
45779,2023.0,11.0,14.0,21.0,21.04354,22.343588,18.26596,18.125137,21.072796,22.31894,21.029902,22.350542,17.023088,16.857262,18.388458,18.966297,21.062151,22.020748,21.066849,22.331318,17.566118,18.047955,0.0,0.0,4.0,0.0,4.0,0.0,0.0,4.0
45780,2023.0,11.0,14.0,22.0,21.043943,22.342436,17.923063,18.112183,21.042454,22.225067,21.062744,22.449593,16.868742,16.71121,20.322124,22.772524,21.027258,21.918486,21.067656,22.31816,21.916267,25.344288,4.0,4.0,0.0,0.0,0.0,4.0,0.0,0.0
45781,2023.0,11.0,14.0,22.0,21.071194,22.411879,20.26341,22.256647,21.04788,22.22732,21.073492,22.43592,16.72827,16.573774,18.53589,18.99785,21.032598,21.923817,21.05303,22.303755,18.588427,18.579706,4.0,4.0,0.0,0.0,4.0,4.0,0.0,0.0
45782,2023.0,11.0,14.0,22.0,21.184284,22.60769,20.11237,21.765696,21.187305,22.498945,21.071991,22.405558,17.203772,17.57797,20.302681,22.462116,21.131863,22.13508,21.054585,22.31311,17.758564,18.065063,0.0,4.0,0.0,4.0,0.0,0.0,0.0,4.0
45783,2023.0,11.0,14.0,22.0,21.044067,22.316984,18.268547,18.091713,21.07225,22.276777,21.05396,22.383196,20.403004,22.956356,18.343094,18.409203,21.056753,21.967623,21.054495,22.31486,20.38897,22.607452,0.0,0.0,0.0,0.0,4.0,0.0,0.0,4.0
45784,2023.0,11.0,14.0,22.0,21.043436,22.310589,17.199638,16.671839,21.067348,22.253843,21.031189,22.32258,18.158777,18.30893,20.395199,22.371353,21.057356,21.95483,21.054394,22.313961,20.933617,23.362051,0.0,0.0,4.0,0.0,4.0,0.0,0.0,4.0
45785,2023.0,11.0,14.0,22.0,21.070456,22.378012,17.59805,17.710255,21.042355,22.170853,21.035843,22.338053,17.067554,16.91253,20.041851,21.64028,21.011545,21.86425,21.054243,22.311243,21.136562,23.437592,4.0,4.0,4.0,0.0,0.0,4.0,0.0,0.0
45786,2023.0,11.0,14.0,23.0,21.06501,22.354567,20.243101,22.398674,21.072836,22.244877,21.078648,22.410496,16.817522,16.64684,18.742338,19.044312,21.064337,21.975576,21.054188,22.307356,18.183823,17.923729,0.0,0.0,0.0,0.0,4.0,0.0,0.0,0.0
45787,2023.0,11.0,14.0,23.0,19.510456,19.36422,18.54443,18.806381,19.489077,19.20032,19.850822,20.000134,16.666588,16.501383,17.697725,17.544893,19.63642,19.216635,19.645535,19.594133,17.184072,16.769585,0.0,0.0,4.0,0.0,0.0,0.0,0.0,0.0
45788,2023.0,11.0,14.0,23.0,19.126719,19.032766,18.142061,18.338634,19.048992,18.764416,18.742205,18.196888,16.561262,16.393833,17.343645,17.123713,19.08099,18.495913,19.071636,18.857746,17.112421,16.91181,4.0,0.0,0.0,0.0,0.0,0.0,0.0,0.0
45789,2023.0,11.0,14.0,23.0,18.94104,18.884853,18.093218,18.342564,18.85454,18.60743,18.294178,17.678522,17.027365,17.351967,17.13795,16.923742,19.921772,20.337614,18.808187,18.600254,16.981377,16.81734,4.0,0.0,0.0,4.0,0.0,4.0,0.0,0.0
45790,2023.0,11.0,14.0,23.0,18.750326,18.697752,17.236788,16.785294,18.65577,18.411953,18.030775,17.423115,16.601889,16.456936,16.962875,16.754873,19.735962,19.860605,18.593685,18.391474,16.821877,16.66561,0.0,0.0,0.0,0.0,0.0,4.0,0.0,0.0
45791,2023.0,11.0,14.0,23.0,18.58708,18.536957,16.818815,16.227766,18.484846,18.24349,18.125782,17.83819,16.734892,16.832645,16.808746,16.606876,18.960451,18.489754,18.410938,18.214687,17.45356,17.994574,0.0,0.0,0.0,4.0,0.0,0.0,0.0,4.0
45792,2023.0,11.0,15.0,0.0,18.444492,18.397816,16.63451,16.045792,18.335033,18.097399,18.067041,17.840767,16.258902,15.914098,16.67121,16.475641,18.61821,18.069561,18.251427,18.061523,16.825428,16.707592,0.0,0.0,0.0,0.0,0.0,0.0,0.0,0.0
45793,2023.0,11.0,15.0,0.0,18.31238,18.264154,16.793056,16.518944,18.196163,17.957483,17.939314,17.715849,16.000965,15.592593,16.542122,16.347612,18.430744,17.87874,18.102102,17.907896,16.323042,15.941714,0.0,0.0,0.0,0.0,0.0,0.0,0.0,0.0
45794,2023.0,11.0,15.0,0.0,18.193737,18.145567,16.776249,16.549843,18.07125,17.833036,17.818336,17.59606,16.117184,15.949129,16.420725,16.22004,18.593431,18.356718,17.969433,17.773954,16.116129,15.725651,0.0,0.0,0.0,0.0,0.0,0.0,0.0,0.0
45795,2023.0,11.0,15.0,0.0,18.087729,18.04241,16.698954,16.476734,17.959587,17.724596,17.707516,17.488874,16.082642,15.912878,16.313992,16.113693,18.543533,18.312616,17.850672,17.655773,16.19836,16.040457,0.0,0.0,0.0,0.0,0.0,0.0,0.0,0.0
45796,2023.0,11.0,15.0,0.0,18.744734,19.366741,16.627003,16.411095,18.564318,18.953339,17.60958,17.39943,16.02683,15.859188,16.220818,16.025417,18.464693,18.237314,17.746086,17.555643,16.137327,15.982878,0.0,4.0,0.0,0.0,0.0,0.0,0.0,0.0
45797,2023.0,11.0,15.0,0.0,18.222425,18.291258,16.553696,16.33909,18.108467,18.030928,17.51283,17.304855,16.54781,16.886002,16.129732,15.933696,18.385572,18.157404,17.645634,17.454662,16.784716,17.274796,0.0,0.0,0.0,4.0,0.0,0.0,0.0,4.0
45798,2023.0,11.0,15.0,1.0,17.644903,17.296669,16.484364,16.27063,17.497475,16.961254,17.422586,17.216295,16.120743,15.959075,16.04502,15.848151,18.310928,18.08184,17.552965,17.36134,16.760885,17.064007,0.0,0.0,0.0,0.0,0.0,0.0,0.0,4.0
45799,2023.0,11.0,15.0,1.0,17.438398,17.061768,16.421318,16.21055,17.270004,16.693233,17.341082,17.138391,16.555605,16.901672,15.968239,15.77263,18.24288,18.01483,17.468792,17.278421,16.755743,17.052195,0.0,0.0,0.0,4.0,0.0,0.0,0.0,4.0
45800,2023.0,11.0,15.0,1.0,17.606716,17.526638,16.363544,16.156767,17.438221,17.164307,17.266846,17.068735,15.899066,15.528221,15.898269,15.705022,18.180098,17.954004,17.391502,17.20339,16.076994,15.769076,0.0,0.0,0.0,0.0,0.0,0.0,0.0,0.0
45801,2023.0,11.0,15.0,1.0,17.613306,17.58098,16.308495,16.104906,17.450838,17.23448,17.196419,17.00189,15.647038,15.244664,15.832257,15.640544,18.12039,17.89558,18.32386,19.024078,15.787644,15.420146,0.0,0.0,0.0,0.0,0.0,0.0,4.0,0.0
45802,2023.0,11.0,15.0,1.0,17.558714,17.531336,16.256567,16.056103,17.39423,17.184448,17.12989,16.939016,15.553823,15.158998,15.770638,15.580479,18.064257,17.840769,17.396454,17.055637,15.651717,15.285899,0.0,0.0,0.0,0.0,0.0,0.0,0.0,0.0
45803,2023.0,11.0,15.0,1.0,17.501436,17.476446,16.20652,16.008425,17.334827,17.128078,17.065649,16.877583,15.680278,15.499611,15.7119665,15.522552,18.010555,17.787693,17.049725,16.62208,16.514166,17.034632,0.0,0.0,0.0,0.0,0.0,0.0,0.0,4.0
45804,2023.0,11.0,15.0,2.0,17.44539,17.42291,16.15921,15.963682,17.27672,17.073092,17.004993,16.819958,15.689488,15.524411,15.6571045,15.468791,17.960012,17.738111,16.926783,16.505056,15.814949,15.509865,0.0,0.0,0.0,0.0,0.0,0.0,0.0,0.0
45805,2023.0,11.0,15.0,2.0,17.390474,17.369417,16.11344,15.91981,17.219624,17.018227,16.946575,16.76354,16.23907,16.590786,15.90258,15.97389,17.91145,17.690062,17.056038,16.872423,15.53527,15.174548,0.0,0.0,0.0,4.0,4.0,0.0,0.0,0.0
45806,2023.0,11.0,15.0,2.0,17.339142,17.320446,16.070877,15.87993,17.165745,16.967611,16.891972,16.712029,15.822672,15.674724,15.676472,15.498747,17.866083,17.646118,17.034803,16.852762,15.435286,15.081426,0.0,0.0,0.0,0.0,0.0,0.0,0.0,0.0
45807,2023.0,11.0,15.0,2.0,17.288305,17.269901,16.028872,15.838882,17.112164,16.915375,16.837738,16.659037,15.680779,15.515785,15.564442,15.37719,17.821518,17.60184,16.981916,16.799788,15.558475,15.419838,0.0,0.0,0.0,0.0,0.0,0.0,0.0,0.0
45808,2023.0,11.0,15.0,2.0,17.242985,17.228539,15.991654,15.805868,17.064383,16.87265,16.78931,16.615698,15.631499,15.469835,15.514955,15.331483,17.781202,17.564365,16.933147,16.753984,16.263132,16.760895,0.0,0.0,0.0,0.0,0.0,0.0,0.0,4.0
45809,2023.0,11.0,15.0,2.0,17.19757,17.18545,15.954241,15.77121,17.016718,16.828226,16.741142,16.570723,15.584956,15.424853,15.752771,15.818368,17.74132,17.526257,16.88414,16.706856,15.562466,15.264568,0.0,0.0,0.0,0.0,4.0,0.0,0.0,0.0
45810,2023.0,11.0,15.0,3.0,17.151525,17.139677,15.916375,15.734306,16.96861,16.781168,16.69285,16.523289,15.541392,15.380975,15.53393,15.355227,17.701239,17.486437,16.834843,16.657623,15.313816,14.968455,0.0,0.0,0.0,0.0,0.0,0.0,0.0,0.0
45811,2023.0,11.0,15.0,3.0,17.1069,17.095379,15.879481,15.697891,16.922037,16.735657,16.646181,16.477589,16.08819,16.444508,15.731247,15.808405,17.662014,17.44719,16.787155,16.610188,15.421711,15.277209,0.0,0.0,0.0,4.0,4.0,0.0,0.0,0.0
45812,2023.0,11.0,15.0,3.0,17.062363,17.050251,15.842287,15.660194,16.875372,16.689068,16.599304,16.430779,15.669372,15.52774,15.496244,15.316158,17.622692,17.407272,16.739737,16.56242,15.400347,15.253604,0.0,0.0,0.0,0.0,0.0,0.0,0.0,0.0
45813,2023.0,11.0,15.0,3.0,17.026072,17.020351,15.804373,15.620167,16.82794,16.639963,16.551727,16.381485,15.312597,14.936359,15.702984,15.796138,17.582853,17.365765,16.692099,16.513277,15.354723,15.205747,0.0,0.0,0.0,0.0,4.0,0.0,0.0,0.0
45814,2023.0,11.0,15.0,3.0,16.994934,16.998224,15.7693405,15.585348,16.783976,16.596888,16.507679,16.338287,15.189611,14.80683,15.440851,15.250786,17.545185,17.32811,16.647106,16.46857,15.3127575,15.163903,0.0,0.0,0.0,0.0,0.0,0.0,0.0,0.0
45815,2023.0,11.0,15.0,3.0,16.955248,16.9576,15.733039,15.547429,16.738806,16.550549,16.462498,16.291876,15.335112,15.181351,15.336791,15.148903,17.506727,17.288427,16.601599,16.42205,15.2703705,15.120382,0.0,0.0,0.0,0.0,0.0,0.0,0.0,0.0
45816,2023.0,11.0,15.0,4.0,16.91641,16.919373,15.699268,15.514373,16.696867,16.509918,16.420511,16.251177,15.910793,16.263535,15.285977,15.099807,17.470284,17.252392,16.5585,16.379654,15.230695,15.081237,0.0,0.0,0.0,4.0,0.0,0.0,0.0,0.0
45817,2023.0,11.0,15.0,4.0,16.87695,16.879408,15.664863,15.479806,16.65446,16.467663,16.377989,16.208818,15.4983835,15.354438,15.2354765,15.049169,17.433525,17.21537,16.515276,16.33636,15.19124,15.041579,0.0,0.0,0.0,0.0,0.0,0.0,0.0,0.0
45818,2023.0,11.0,15.0,4.0,16.838514,16.840593,15.631295,15.446464,16.61318,16.426924,16.336575,16.167967,15.161754,14.797994,15.188908,15.002736,17.397532,17.17943,16.473093,16.294445,15.8838215,16.3791,0.0,0.0,0.0,0.0,0.0,0.0,0.0,4.0
45819,2023.0,11.0,15.0,4.0,16.800142,16.801561,15.597716,15.412776,16.572119,16.385965,16.295515,16.12697,15.02923,14.646847,15.144123,14.957738,17.361647,17.14331,16.43122,16.252514,15.378886,15.269106,0.0,0.0,0.0,0.0,0.0,0.0,0.0,0.0
45820,2023.0,11.0,15.0,4.0,16.761438,16.761858,15.564054,15.378683,16.531235,16.344755,16.254885,16.08588,15.163716,14.996576,15.100835,14.913871,17.325846,17.106998,16.389612,16.210545,15.731755,16.018131,0.0,0.0,0.0,0.0,0.0,0.0,0.0,4.0
45821,2023.0,11.0,15.0,4.0,16.721071,16.718782,15.528212,15.339997,16.488392,16.299091,16.212479,16.040503,15.164506,14.997149,15.056998,14.867424,17.289062,17.068384,16.347256,16.166544,15.88972,16.213943,0.0,0.0,0.0,0.0,0.0,0.0,0.0,4.0
45822,2023.0,11.0,15.0,5.0,16.685963,16.685846,15.498544,15.31341,16.452192,16.266256,16.176943,16.008049,15.134708,14.969047,15.019832,14.833092,17.256214,17.037378,16.309023,16.130363,15.197785,14.870045,0.0,0.0,0.0,0.0,0.0,0.0,0.0,0.0
45823,2023.0,11.0,15.0,5.0,16.645359,16.641579,15.462501,15.273742,16.40946,16.219866,16.135012,15.96227,15.100754,14.932732,15.001333,14.833186,17.219393,16.998095,16.266956,16.086008,15.002566,14.675031,0.0,0.0,0.0,0.0,0.0,0.0,0.0,0.0
45824,2023.0,11.0,15.0,5.0,16.604898,16.600159,15.426593,15.23739,16.366663,16.176773,16.092718,15.919599,15.064827,14.896545,15.00401,14.867582,17.181665,16.960047,16.223633,16.042574,15.009214,14.778106,0.0,0.0,0.0,0.0,0.0,0.0,0.0,0.0
45825,2023.0,11.0,15.0,5.0,16.567211,16.564116,15.394653,15.20845,16.32811,16.14156,16.054419,15.884609,15.031159,14.864733,15.004152,14.884062,17.146448,16.926626,16.183092,16.00412,15.754027,16.233402,0.0,0.0,0.0,0.0,0.0,0.0,0.0,4.0
45826,2023.0,11.0,15.0,5.0,16.527246,16.522938,15.359914,15.173148,16.28682,16.09991,16.013908,15.843486,14.998936,14.837721,15.005032,14.902668,17.10959,16.8893,16.1412,15.96205,15.145522,14.821033,0.0,0.0,0.0,0.0,0.0,0.0,0.0,0.0
45827,2023.0,11.0,15.0,5.0,16.487701,16.482063,15.325508,15.137893,16.245876,16.05831,15.97375,15.802501,15.003808,14.869326,15.005371,14.917844,17.073086,16.852219,16.099747,15.920176,15.515774,15.781506,0.0,0.0,0.0,0.0,0.0,0.0,0.0,4.0
45828,2023.0,11.0,15.0,6.0,16.44903,16.44233,15.29186,15.10358,16.2058,16.01782,15.934722,15.76276,15.003224,14.886332,15.005903,14.931416,17.037176,16.815874,16.059076,15.8792515,14.96972,14.699126,0.0,0.0,0.0,0.0,0.0,0.0,0.0,0.0
45829,2023.0,11.0,15.0,6.0,21.12374,24.573391,15.2599745,15.072279,21.054998,24.54494,20.975632,24.605188,15.004257,14.903271,15.006221,14.943298,21.743275,24.745655,21.560024,25.145748,15.025392,14.873232,0.0,0.0,0.0,0.0,0.0,4.0,0.0,0.0
45830,2023.0,11.0,15.0,6.0,21.007805,23.84374,15.228442,15.040555,21.0119,23.876537,21.013401,24.067108,15.003626,14.912221,15.162828,15.240099,21.343628,23.855368,21.982946,25.43175,15.009097,14.873265,0.0,0.0,0.0,0.0,4.0,0.0,0.0,0.0
45831,2023.0,11.0,15.0,6.0,21.531292,24.240404,15.198045,15.010071,21.51873,24.20223,21.471718,24.314997,15.655042,15.813577,20.116732,23.37499,21.422508,23.533627,21.512497,23.940603,15.694702,15.867817,0.0,0.0,0.0,0.0,0.0,4.0,0.0,0.0
45832,2023.0,11.0,15.0,6.0,20.9181,22.981123,15.173553,14.982536,20.926064,22.965698,20.934126,23.150528,15.443714,15.349161,17.838451,18.548494,20.949179,22.520065,20.894173,22.771109,15.468829,15.379645,0.0,0.0,0.0,0.0,4.0,4.0,0.0,0.0
45833,2023.0,11.0,15.0,6.0,21.100573,23.250854,15.149649,14.956496,21.097698,23.174898,21.100159,23.332968,15.706304,16.057127,20.262358,23.34611,21.066671,22.633371,21.100662,23.091497,15.896265,16.413588,0.0,0.0,0.0,4.0,0.0,4.0,0.0,4.0
45834,2023.0,11.0,15.0,7.0,21.08821,23.098825,15.127149,14.931558,21.047043,22.952417,21.076187,23.172152,20.42107,23.954948,17.83596,18.183298,21.051464,22.51148,21.070135,22.953875,20.4169,24.11403,0.0,4.0,0.0,0.0,0.0,4.0,0.0,4.0
45835,2023.0,11.0,15.0,7.0,21.061214,22.92741,15.582858,15.799878,21.077526,22.957758,21.07714,23.085766,17.505936,17.8325,16.726404,16.871088,21.051237,22.440145,21.072195,22.894747,20.048668,22.890907,4.0,0.0,0.0,0.0,4.0,4.0,0.0,0.0
45836,2023.0,11.0,15.0,7.0,21.81726,23.957823,20.171738,23.62046,21.771189,23.828827,21.737093,23.969242,16.009096,15.851096,20.3648,23.260815,21.466097,23.0304,21.94132,24.123165,17.878666,18.316963,0.0,4.0,0.0,0.0,4.0,4.0,0.0,4.0
45837,2023.0,11.0,15.0,7.0,20.898092,22.32052,17.684309,18.1509,20.909002,22.271702,20.915709,22.486387,15.723006,15.5476055,20.036367,22.293766,21.043392,22.281292,20.908552,22.260923,21.822065,25.584028,0.0,4.0,0.0,0.0,4.0,4.0,4.0,4.0
45838,2023.0,11.0,15.0,7.0,21.090475,22.715805,16.108969,15.998056,21.093132,22.632788,21.100107,22.858614,16.331724,16.827726,20.1061,22.191368,21.04746,22.263775,21.084444,22.605543,21.818531,24.98105,0.0,4.0,0.0,4.0,0.0,4.0,4.0,4.0
45839,2023.0,11.0,15.0,7.0,21.083422,22.723303,15.813458,15.6240425,21.08563,22.62632,21.067152,22.783358,20.326199,23.433538,18.067684,18.078444,21.046465,22.240246,21.085037,22.634048,19.861675,21.367126,0.0,0.0,0.0,0.0,4.0,4.0,0.0,0.0
45840,2023.0,11.0,15.0,8.0,21.054316,22.630692,16.129871,16.328892,21.05866,22.53172,21.045986,22.707624,17.352186,17.278252,20.37754,22.590292,21.045977,22.220215,21.081226,22.609636,17.80046,17.476095,4.0,4.0,4.0,0.0,4.0,4.0,0.0,0.0
45841,2023.0,11.0,15.0,8.0,19.65032,19.929987,20.202284,23.337603,19.592981,19.71007,19.316225,19.40588,15.88295,15.453741,20.05742,21.925573,19.911232,20.02437,19.06876,18.726532,16.772245,16.303585,0.0,4.0,0.0,0.0,0.0,4.0,0.0,0.0
45842,2023.0,11.0,15.0,8.0,18.98742,19.193457,17.931376,18.40686,18.826944,18.79649,18.54746,18.535728,16.555986,17.017347,17.893242,17.642849,19.451153,19.530054,19.014462,19.358862,16.374216,15.909444,0.0,4.0,4.0,4.0,0.0,4.0,4.0,0.0
45843,2023.0,11.0,15.0,8.0,18.800817,19.01127,17.17681,17.376707,17.997452,17.427961,17.74189,17.20023,20.294239,23.401255,17.225992,16.907022,19.324314,19.410551,18.098747,17.656727,16.364292,16.137737,4.0,0.0,0.0,0.0,0.0,4.0,0.0,0.0
45844,2023.0,11.0,15.0,8.0,18.619322,18.836529,20.25123,22.956171,18.130972,18.048225,17.22231,16.598915,17.956398,18.33564,17.379684,17.462278,19.195095,19.29205,18.512962,18.899471,16.249928,16.069624,4.0,4.0,0.0,4.0,4.0,4.0,4.0,0.0
45845,2023.0,11.0,15.0,8.0,17.806902,17.457415,20.060738,22.251797,17.547714,17.000437,16.945137,16.325672,20.423532,23.120178,20.331667,22.661182,18.412354,17.924877,18.665401,19.056305,16.075232,15.905876,0.0,0.0,0.0,0.0,4.0,0.0,4.0,0.0
45846,2023.0,11.0,15.0,9.0,17.34647,16.922726,17.754297,17.606316,17.098803,16.468498,17.026337,16.714815,17.663511,17.535496,20.039656,21.874832,17.944525,17.376799,17.658394,17.235521,15.91418,15.750976,0.0,0.0,0.0,0.0,4.0,0.0,0.0,0.0
45847,2023.0,11.0,15.0,9.0,17.131767,16.715256,16.411325,15.821725,16.880787,16.256474,17.006968,16.76307,16.282587,15.814594,20.096338,21.834976,17.724413,17.158525,17.12438,16.645447,15.772948,15.614149,0.0,0.0,0.0,0.0,0.0,0.0,0.0,0.0
45848,2023.0,11.0,15.0,9.0,17.258602,17.149551,16.34991,16.03964,17.010126,16.697216,16.897364,16.669443,16.171534,15.9460945,18.035511,17.766989,17.577303,17.033506,16.912937,16.453331,15.65494,15.500649,0.0,0.0,0.0,0.0,0.0,0.0,0.0,0.0
45849,2023.0,11.0,15.0,9.0,17.256105,17.208706,16.30913,16.069397,17.72763,18.106323,16.80412,16.5827,16.088486,15.904721,17.773735,17.779625,18.556845,19.029255,16.770735,16.323584,15.565466,15.412735,0.0,4.0,0.0,0.0,4.0,4.0,0.0,0.0
45850,2023.0,11.0,15.0,9.0,17.179886,17.143824,16.195343,15.967043,17.327864,17.28539,16.716352,16.504244,15.962915,15.790717,20.23309,22.288671,17.783041,17.367813,16.87018,16.658945,15.4863615,15.337699,0.0,0.0,0.0,0.0,0.0,0.0,0.0,0.0
45851,2023.0,11.0,15.0,9.0,17.088202,17.055029,16.531641,16.709326,17.343084,17.446686,17.333887,17.748905,15.8294325,15.666361,18.422602,18.582844,18.128942,18.322311,16.860239,16.680992,15.407549,15.263699,4.0,4.0,4.0,0.0,0.0,4.0,0.0,0.0
45852,2023.0,11.0,15.0,10.0,17.77368,18.411663,20.241287,23.241264,16.751245,16.334967,16.927134,16.89886,15.731736,15.571752,17.541307,17.291819,17.557722,17.130436,16.79351,16.620335,15.347857,15.206832,4.0,0.0,0.0,0.0,0.0,0.0,0.0,0.0
45853,2023.0,11.0,15.0,10.0,17.358328,17.453188,20.043652,22.40489,16.405403,15.9030905,16.303873,15.870544,15.633695,15.481761,17.189514,16.939333,17.244589,16.77338,16.718796,16.552076,15.2884655,15.153135,0.0,0.0,0.0,0.0,0.0,0.0,0.0,0.0
45854,2023.0,11.0,15.0,10.0,16.792974,16.562464,17.773743,17.76727,16.293442,15.808269,16.08221,15.624012,15.552787,15.41095,16.952354,16.72424,17.165506,16.708555,16.65293,16.494217,15.238174,15.1098795,0.0,0.0,0.0,0.0,0.0,0.0,0.0,0.0
45855,2023.0,11.0,15.0,10.0,16.600998,16.33037,17.00779,16.735426,16.456427,16.224888,16.226133,16.00883,15.495398,15.359318,16.794657,16.575964,17.343466,17.128,17.6232,18.371027,15.199907,15.076706,0.0,0.0,0.0,0.0,0.0,0.0,4.0,0.0
45856,2023.0,11.0,15.0,10.0,16.741396,16.716473,17.260107,17.455149,17.209782,17.666855,16.255938,16.098118,15.444152,15.315176,16.657694,16.453459,17.384203,17.201744,16.754477,16.502213,15.165989,15.048715,4.0,4.0,0.0,0.0,0.0,0.0,0.0,0.0
45857,2023.0,11.0,15.0,10.0,16.759514,16.787577,20.229153,22.809624,16.834955,16.842693,16.221333,16.076374,15.399111,15.27598,16.537004,16.342611,17.370836,17.196053,16.434525,16.088276,15.136412,15.0248165,0.0,0.0,0.0,0.0,0.0,0.0,0.0,0.0
45858,2023.0,11.0,15.0,11.0,16.708038,16.738504,18.270403,18.663733,16.96835,17.207033,16.178623,16.044262,15.353827,15.237097,16.417189,16.237597,17.354048,17.18646,16.326967,15.993459,16.014687,16.706045,0.0,4.0,0.0,0.0,0.0,0.0,0.0,4.0
45859,2023.0,11.0,15.0,11.0,16.66249,16.697775,17.278492,17.157045,16.477575,16.245232,16.137894,16.009472,15.318355,15.203416,16.328642,16.153969,17.337294,17.173159,16.421652,16.263144,20.372313,24.098476,0.0,0.0,0.0,0.0,0.0,0.0,0.0,4.0
45860,2023.0,11.0,15.0,11.0,16.621075,16.667332,16.914972,16.757277,16.135275,15.772166,16.093824,15.969694,15.279907,15.166684,16.233139,16.06413,17.317402,17.156384,16.440348,16.308666,20.036692,22.923597,0.0,0.0,0.0,0.0,0.0,0.0,0.0,0.0
45861,2023.0,11.0,15.0,11.0,16.572134,16.620815,17.136755,17.373291,16.028793,15.664338,16.053526,15.934223,15.245469,15.134692,16.147848,15.985778,18.048267,18.556276,16.403606,16.277336,18.03861,18.667963,4.0,0.0,0.0,0.0,0.0,4.0,0.0,4.0
45862,2023.0,11.0,15.0,11.0,16.533684,16.588219,20.25582,22.927204,16.15784,15.988007,16.019125,15.903047,15.217902,15.108211,16.079586,15.9187975,17.37511,17.108232,16.366268,16.24218,20.333189,22.918682,4.0,0.0,0.0,0.0,0.0,0.0,0.0,0.0
45863,2023.0,11.0,15.0,11.0,16.503122,16.571075,20.048536,22.180973,16.926575,17.432997,15.983606,15.871388,15.1903925,15.082737,16.011168,15.85539,17.040628,16.680738,16.326887,16.205418,17.832502,17.855381,0.0,4.0,0.0,0.0,0.0,0.0,0.0,0.0
45864,2023.0,11.0,15.0,12.0,16.465088,16.538013,18.31152,18.61539,16.617987,16.648481,15.948576,15.8403425,15.16581,15.060385,15.953089,15.803312,16.977018,16.616745,16.289726,16.170532,16.571625,16.255974,4.0,0.0,0.0,0.0,0.0,0.0,0.0,0.0
45865,2023.0,11.0,15.0,12.0,21.226624,24.95245,20.241034,22.298504,21.262665,24.84649,21.263258,25.205551,15.144986,15.03993,15.907999,15.759547,22.241796,25.640081,21.608702,25.400488,16.430887,16.259628,4.0,4.0,4.0,0.0,0.0,4.0,0.0,0.0
45866,2023.0,11.0,15.0,12.0,20.9929,23.927658,20.05288,21.803946,21.016932,23.821522,21.019426,24.143856,15.1249275,15.020981,15.862095,15.717059,20.908398,22.977966,22.295242,26.059603,16.287754,16.138649,0.0,4.0,0.0,0.0,0.0,0.0,0.0,0.0
45867,2023.0,11.0,15.0,12.0,21.090446,23.798016,18.203785,18.17149,21.106173,23.661722,21.08819,23.843454,15.11004,15.007928,15.822997,15.682286,21.100464,23.08495,20.896994,23.135094,16.126194,15.984775,0.0,0.0,4.0,0.0,0.0,0.0,0.0,0.0
45868,2023.0,11.0,15.0,12.0,21.065687,23.470757,17.768085,18.019249,21.066853,23.322893,21.100662,23.612074,15.098751,14.998608,15.786731,15.649529,21.070797,22.821466,22.216244,25.385782,17.022621,17.807064,4.0,4.0,0.0,0.0,0.0,0.0,0.0,4.0
45869,2023.0,11.0,15.0,12.0,21.092474,23.368126,20.277927,22.490515,21.093962,23.228584,21.094217,23.403614,15.089246,14.991315,15.751384,15.616676,21.056778,22.671553,20.91879,22.693481,20.354969,23.417131,4.0,0.0,0.0,0.0,0.0,0.0,0.0,0.0
45870,2023.0,11.0,15.0,13.0,21.084776,23.222721,20.031391,21.80888,21.06232,23.021597,21.09185,23.255798,15.081226,14.985607,15.72078,15.589058,21.056204,22.577295,21.08839,22.96437,17.635502,17.696669,4.0,4.0,0.0,0.0,0.0,0.0,0.0,0.0
45871,2023.0,11.0,15.0,13.0,21.05505,23.048185,20.0664,21.754848,21.064161,22.936441,21.071552,23.141582,15.072334,14.977741,15.692211,15.561968,21.05327,22.50051,21.063057,22.857107,16.3566,16.068705,4.0,4.0,0.0,0.0,0.0,0.0,0.0,0.0
45872,2023.0,11.0,15.0,13.0,21.087181,23.061472,20.078943,21.70898,21.063694,22.867634,21.07472,23.086905,15.0632715,14.97008,15.666593,15.539062,21.053493,22.444977,21.066761,22.815445,17.24159,18.015125,0.0,4.0,0.0,0.0,0.0,0.0,0.0,4.0
45873,2023.0,11.0,15.0,13.0,21.080267,22.98906,18.637619,18.862936,21.06254,22.812298,21.073332,23.035086,15.053564,14.96172,15.641958,15.517054,21.052626,22.399353,21.02736,22.67055,20.327095,23.191917,4.0,4.0,0.0,0.0,0.0,0.0,4.0,0.0
45874,2023.0,11.0,15.0,13.0,21.039354,22.869644,20.231298,22.146883,21.085794,22.834057,21.07214,22.99129,15.042335,14.951662,15.6151495,15.491806,21.051973,22.363066,21.08533,22.76364,17.725124,17.753523,4.0,0.0,0.0,0.0,0.0,0.0,0.0,0.0
45875,2023.0,11.0,15.0,13.0,21.059845,22.867664,20.030617,21.616152,21.054216,22.709797,21.070795,22.95356,15.030151,14.940563,15.587637,15.465619,21.050877,22.33237,21.073704,22.695814,17.47354,18.06165,4.0,4.0,0.0,0.0,0.0,0.0,0.0,4.0
45876,2023.0,11.0,15.0,14.0,21.08279,22.900528,20.063457,21.60103,21.059685,22.689903,21.07053,22.922804,15.851543,16.504429,15.562529,15.443033,21.021395,22.231829,21.074833,22.660044,20.32812,22.997726,4.0,4.0,0.0,4.0,0.0,4.0,0.0,0.0
45877,2023.0,11.0,15.0,14.0,19.68769,20.159405,20.076477,21.586964,19.19693,19.123816,19.810457,20.448204,20.327932,24.040272,15.538567,15.421426,19.700615,19.707478,19.430727,19.488356,17.869957,17.89975,0.0,0.0,4.0,0.0,0.0,0.0,0.0,0.0
45878,2023.0,11.0,15.0,14.0,18.453157,18.34563,18.729023,18.944414,18.101704,17.718609,18.585363,18.616268,17.33649,17.576317,15.51563,15.401506,18.798367,18.406982,18.536446,18.389454,17.560303,18.064997,4.0,0.0,0.0,0.0,0.0,0.0,0.0,4.0
45879,2023.0,11.0,15.0,14.0,18.00491,17.780937,20.220291,21.86914,17.762966,17.33591,17.871872,17.520771,16.20479,15.918206,15.91133,16.166544,19.244211,19.474688,18.237337,18.066786,20.33309,22.908709,0.0,0.0,0.0,0.0,4.0,4.0,0.0,4.0
45880,2023.0,11.0,15.0,14.0,17.70939,17.490017,18.46689,18.406273,18.401505,18.801231,18.102827,18.280672,16.027756,15.879113,20.34511,23.46268,18.709274,18.406492,17.984766,17.822647,20.790846,23.448112,0.0,4.0,4.0,0.0,0.0,0.0,0.0,0.0
45881,2023.0,11.0,15.0,14.0,17.69136,17.688015,17.631435,17.488594,18.380428,18.652159,17.544035,17.26196,15.898916,15.774962,17.944128,18.440048,18.26579,17.869137,17.770527,17.615593,18.38185,18.416899,0.0,4.0,0.0,0.0,0.0,0.0,0.0,0.0
45882,2023.0,11.0,15.0,15.0,17.617773,17.651968,17.425953,17.278374,17.59424,17.26841,17.183971,16.796778,15.780192,15.658876,16.804987,16.672644,18.08558,17.67768,17.614574,17.461014,17.369022,17.020842,0.0,0.0,0.0,0.0,0.0,0.0,0.0,0.0
45883,2023.0,11.0,15.0,15.0,17.5027,17.543472,17.251078,17.106083,17.262142,16.864607,17.1981,17.015047,15.677125,15.562326,16.560547,16.409939,18.955732,19.474714,17.4765,17.331266,18.11938,18.766474,0.0,0.0,0.0,0.0,0.0,4.0,0.0,4.0
45884,2023.0,11.0,15.0,15.0,18.138454,18.83287,17.096142,16.952143,17.085041,16.691042,17.129923,16.990393,15.58614,15.47591,16.388424,16.239021,18.234709,17.963268,17.35168,17.212051,20.286066,22.56684,0.0,0.0,0.0,0.0,0.0,0.0,0.0,0.0
45885,2023.0,11.0,15.0,15.0,17.711155,17.888731,17.381746,17.629442,17.821335,18.24837,17.005508,16.871761,15.493669,15.388513,16.23292,16.089289,17.800419,17.427813,17.222563,17.089273,18.056011,18.028032,4.0,4.0,0.0,0.0,0.0,0.0,0.0,0.0
45886,2023.0,11.0,15.0,15.0,17.20077,17.046503,20.287817,22.730091,17.836946,18.161955,17.613943,18.0979,15.421245,15.317973,16.11619,15.971746,18.446487,18.75428,17.120985,16.99064,17.216194,16.877815,0.0,4.0,4.0,0.0,0.0,4.0,0.0,0.0
45887,2023.0,11.0,15.0,15.0,17.67823,18.125677,18.450647,18.834614,17.733791,18.023737,17.248337,17.281395,15.348143,15.249682,16.006079,15.870322,17.944517,17.643194,18.089272,18.91648,17.012281,16.840086,0.0,4.0,0.0,0.0,0.0,0.0,4.0,0.0
45888,2023.0,11.0,15.0,16.0,17.813513,18.313967,17.959606,18.231817,17.70855,17.996553,16.740957,16.430601,15.290131,15.193882,15.924212,15.791915,18.44219,18.747026,17.19443,17.007088,16.853737,16.707703,4.0,4.0,0.0,0.0,0.0,4.0,0.0,0.0
45889,2023.0,11.0,15.0,16.0,17.809374,18.299726,20.217804,22.35141,17.04258,16.77512,16.5207,16.159437,15.233397,15.137961,15.843555,15.712489,18.583132,18.914349,16.817497,16.50972,16.68283,16.54435,4.0,0.0,0.0,0.0,0.0,4.0,0.0,0.0
45890,2023.0,11.0,15.0,16.0,17.136496,17.045368,20.05086,21.806692,16.6563,16.279417,16.570383,16.402435,15.981725,16.603813,15.756307,15.62643,18.590452,18.91155,16.654728,16.34379,16.505724,16.37155,0.0,0.0,0.0,4.0,0.0,4.0,0.0,0.0
45891,2023.0,11.0,15.0,16.0,17.503504,17.95494,18.237736,18.190725,17.18112,17.382418,16.551195,16.41689,20.263208,23.84006,15.679337,15.553499,18.593603,18.907722,17.78236,18.60355,16.35046,16.222515,0.0,4.0,0.0,0.0,0.0,4.0,4.0,0.0
45892,2023.0,11.0,15.0,16.0,17.675072,18.153097,17.14829,16.747095,17.399746,17.676716,17.188644,17.679737,17.329895,17.531115,15.606091,15.481899,17.867825,17.542961,17.042368,16.836716,16.211254,16.086622,0.0,4.0,4.0,0.0,0.0,0.0,0.0,0.0
45893,2023.0,11.0,15.0,16.0,17.678734,18.148243,17.542591,17.723763,16.748127,16.452604,16.768028,16.782581,16.899645,17.202475,15.543607,15.418416,18.352386,18.637486,17.716572,18.32596,16.103577,15.979333,4.0,0.0,0.0,4.0,0.0,4.0,4.0,0.0
45894,2023.0,11.0,15.0,17.0,17.671976,18.131958,20.270138,22.51873,16.458918,16.059008,16.961742,17.215256,20.295933,23.186525,15.857025,16.053635,17.744902,17.409801,16.928572,16.694727,16.956121,17.676706,4.0,0.0,4.0,0.0,4.0,0.0,0.0,4.0
45895,2023.0,11.0,15.0,17.0,17.662437,18.11616,20.042501,21.823355,16.99642,17.179342,16.45821,16.213593,18.173292,18.651514,20.382374,23.544544,18.169184,18.457201,17.531336,18.134989,20.982754,24.388792,0.0,4.0,0.0,4.0,0.0,4.0,4.0,0.0
45896,2023.0,11.0,15.0,17.0,17.013239,16.906708,18.187603,18.10612,17.218758,17.474003,16.086983,15.712886,20.33578,22.99661,17.888943,18.356638,17.630531,17.279297,16.851402,16.598686,18.07931,18.19947,0.0,4.0,0.0,0.0,0.0,0.0,0.0,0.0
45897,2023.0,11.0,15.0,17.0,17.356075,17.761189,17.788794,17.988777,17.225689,17.474379,16.628668,16.825596,17.803247,17.796087,16.408678,16.311419,18.057081,18.328983,17.460297,18.05098,16.54856,16.261694,4.0,4.0,4.0,0.0,0.0,4.0,4.0,0.0
45898,2023.0,11.0,15.0,17.0,17.48349,17.92501,20.267603,22.391489,17.214998,17.454655,16.813225,17.083485,16.779144,16.353075,16.13138,15.971168,17.469727,17.114332,16.69341,16.436584,16.402811,16.23718,4.0,4.0,4.0,0.0,0.0,0.0,0.0,0.0
45899,2023.0,11.0,15.0,17.0,17.48444,17.90562,20.04555,21.73844,17.198519,17.428663,16.205479,15.916957,16.582579,16.371347,15.955683,15.790307,17.129143,16.701794,16.262815,15.919839,16.269884,16.125008,0.0,4.0,0.0,0.0,0.0,0.0,0.0,0.0
45900,2023.0,11.0,15.0,18.0,17.479036,17.886845,18.517769,18.649952,17.179256,17.401157,15.865359,15.462907,16.402206,16.225534,15.825373,15.665997,17.019135,16.587433,16.132534,15.784137,16.121984,15.983744,4.0,4.0,0.0,0.0,0.0,0.0,0.0,0.0
45901,2023.0,11.0,15.0,18.0,21.320269,24.554289,20.217196,21.910269,21.265554,24.525272,20.838734,24.176517,16.227358,16.050653,15.727547,15.564916,21.474806,24.304045,21.398623,24.878843,16.004408,15.862812,4.0,4.0,0.0,0.0,0.0,0.0,0.0,0.0
45902,2023.0,11.0,15.0,18.0,21.017689,23.558485,20.052834,21.501505,21.020927,23.589705,21.01014,23.964537,16.052572,15.884076,15.628383,15.469083,20.959017,23.133892,22.29382,25.977962,15.888773,15.750536,0.0,4.0,0.0,0.0,0.0,0.0,0.0,0.0
45903,2023.0,11.0,15.0,18.0,21.101902,23.472834,18.303371,18.087381,21.083353,23.407534,21.092804,23.768183,15.902801,15.74179,15.537079,15.374121,21.079126,23.107492,20.895334,23.07316,15.784729,15.641797,0.0,4.0,0.0,0.0,0.0,0.0,0.0,0.0
45904,2023.0,11.0,15.0,18.0,21.085474,23.248726,18.01534,18.196766,21.071203,23.17534,21.055037,23.435572,15.770811,15.612428,15.8383665,16.008362,21.061304,22.880936,21.100594,23.29638,15.694663,15.5489,4.0,4.0,4.0,0.0,4.0,0.0,0.0,0.0
45905,2023.0,11.0,15.0,18.0,21.152517,23.244211,20.253849,22.19662,21.07183,23.02822,21.084906,23.351154,15.659431,15.507339,20.36865,23.500916,21.129528,22.861757,21.070951,23.098667,16.575228,17.275959,0.0,4.0,0.0,0.0,4.0,4.0,0.0,4.0
45906,2023.0,11.0,15.0,19.0,21.041023,22.935543,18.907318,19.36198,21.069973,22.9147,21.073923,23.146065,15.559351,15.411236,20.012783,22.571852,21.082481,22.654156,21.07259,22.99733,20.91799,24.539835,4.0,4.0,4.0,0.0,0.0,0.0,0.0,0.0
45907,2023.0,11.0,15.0,19.0,21.066257,22.902779,20.251709,22.046799,21.06841,22.827864,21.098274,23.095694,15.466503,15.314454,17.768147,17.885666,21.074053,22.536947,21.070837,22.9141,17.716766,17.71596,4.0,4.0,0.0,0.0,4.0,0.0,0.0,0.0
45908,2023.0,11.0,15.0,19.0,21.160013,23.03024,20.124865,21.667414,21.16003,22.945522,21.15326,23.093185,15.38294,15.229101,20.426268,22.87193,21.124582,22.561079,21.184662,23.079983,16.183352,15.799813,0.0,4.0,4.0,0.0,0.0,0.0,0.0,0.0
45909,2023.0,11.0,15.0,19.0,21.087406,22.853954,18.591248,18.605078,21.065844,22.702133,21.071419,22.85864,15.30943,15.154905,17.876818,17.763193,21.054674,22.395449,21.068642,22.796244,16.08036,15.907761,4.0,4.0,4.0,0.0,0.0,0.0,0.0,0.0
45910,2023.0,11.0,15.0,19.0,21.081463,22.797403,20.228376,21.946833,21.06533,22.658764,21.070326,22.804539,15.24137,15.084774,16.730246,16.4983,21.056293,22.375978,21.068186,22.756796,15.996887,15.835823,4.0,4.0,4.0,0.0,0.0,0.0,0.0,0.0
45911,2023.0,11.0,15.0,19.0,21.051645,22.680975,20.038113,21.442572,21.088585,22.688635,21.067467,22.758053,15.176684,15.01637,16.491913,16.26283,21.054153,22.352049,21.065554,22.720285,15.868494,15.7037945,0.0,0.0,4.0,0.0,0.0,0.0,0.0,0.0
45912,2023.0,11.0,15.0,20.0,21.060534,22.672789,18.593369,18.574308,21.083303,22.640528,21.069315,22.727133,15.122307,14.963094,16.30019,16.091326,21.055367,22.336168,21.067232,22.696629,15.763555,15.602577,4.0,0.0,4.0,0.0,0.0,0.0,0.0,0.0
45913,2023.0,11.0,15.0,20.0,21.05886,22.64888,20.233892,21.924557,21.058546,22.539192,21.06832,22.696136,15.841301,16.361372,16.537113,16.697493,21.054874,22.319172,21.066437,22.672346,15.667569,15.506192,4.0,4.0,4.0,4.0,4.0,0.0,0.0,0.0
45914,2023.0,11.0,15.0,20.0,21.166922,22.864527,20.123312,21.568298,21.167328,22.734722,21.163193,22.860344,20.899567,24.703283,20.44693,23.2634,21.13158,22.45791,21.25133,22.996021,15.583447,15.421831,4.0,4.0,4.0,0.0,0.0,0.0,4.0,0.0
45915,2023.0,11.0,15.0,20.0,21.077885,22.656218,20.063972,21.359669,21.061642,22.502197,21.06659,22.640448,17.472904,17.510292,18.023243,18.301222,21.054043,22.287216,21.050756,22.54732,15.508807,15.347304,4.0,4.0,4.0,0.0,0.0,0.0,4.0,0.0
45916,2023.0,11.0,15.0,20.0,21.050377,22.556803,20.076963,21.341984,21.060986,22.485252,21.065626,22.617798,15.739497,15.313521,16.641533,16.446304,21.05331,22.273632,21.087738,22.620663,15.440187,15.2769375,0.0,4.0,4.0,0.0,0.0,0.0,0.0,0.0
45917,2023.0,11.0,15.0,20.0,21.056927,22.55545,18.370552,18.03302,21.061188,22.470633,21.066013,22.600079,15.652345,15.459472,16.331808,16.125797,21.053509,22.262352,21.04042,22.468788,15.3810835,15.219343,0.0,4.0,4.0,0.0,0.0,0.0,4.0,0.0
45918,2023.0,11.0,15.0,21.0,21.05593,22.543173,18.145504,18.26059,21.060577,22.455002,21.065315,22.582222,15.582318,15.4043665,16.13492,15.925268,21.052982,22.250595,21.087585,22.570713,15.324077,15.160827,4.0,4.0,4.0,0.0,0.0,0.0,0.0,0.0
45919,2023.0,11.0,15.0,21.0,21.056139,22.534172,20.217493,22.003622,21.085468,22.510132,21.065313,22.567343,15.464404,15.290785,15.973364,15.761052,21.052988,22.240568,21.07845,22.528263,15.274326,15.112314,4.0,0.0,4.0,0.0,0.0,0.0,0.0,0.0
45920,2023.0,11.0,15.0,21.0,21.054573,22.522186,20.045603,21.489698,21.07772,22.475594,21.06357,22.550604,15.354335,15.177685,15.824958,15.607774,21.051565,22.228525,21.077126,22.503544,15.225825,15.06229,0.0,0.0,4.0,0.0,0.0,0.0,0.0,0.0
45921,2023.0,11.0,15.0,21.0,21.055765,22.514977,18.235977,17.917505,21.08012,22.460836,21.089672,22.608305,15.267388,15.095803,15.712025,15.503915,21.052572,22.22093,21.060907,22.485992,16.144758,16.83315,0.0,0.0,0.0,0.0,0.0,0.0,0.0,4.0
45922,2023.0,11.0,15.0,21.0,21.055292,22.504845,17.551434,17.233807,21.033367,22.37342,21.059107,22.508766,15.186298,15.014817,15.604536,15.397274,21.02269,22.13458,21.06278,22.495737,20.330687,23.811556,4.0,4.0,4.0,0.0,0.0,4.0,0.0,0.0
45923,2023.0,11.0,15.0,21.0,21.177643,22.740463,20.259895,22.191675,21.217321,22.760128,21.169353,22.734495,15.113796,14.94206,15.504309,15.295214,21.138107,22.383854,21.200212,22.772266,17.180872,17.09966,0.0,4.0,0.0,0.0,0.0,0.0,0.0,0.0
45924,2023.0,11.0,15.0,22.0,21.054554,22.481787,18.221447,17.97973,21.086098,22.482199,21.08266,22.540974,15.049854,14.878778,15.783255,15.892639,21.069855,22.198404,21.061844,22.490444,15.734179,15.315729,0.0,0.0,0.0,0.0,4.0,0.0,0.0,0.0
45925,2023.0,11.0,15.0,22.0,21.054838,22.474417,17.3573,17.071922,21.05365,22.372202,21.083532,22.526222,15.415073,15.252061,20.461588,23.674679,21.03845,22.083609,21.06221,22.489115,15.692063,15.51888,0.0,4.0,0.0,0.0,4.0,4.0,0.0,0.0
45926,2023.0,11.0,15.0,22.0,21.054562,22.465454,17.195135,16.924826,21.05907,22.366142,21.0608,22.50777,15.128615,14.957129,20.007086,22.546902,21.043213,22.075308,21.061527,22.484327,15.626006,15.4510145,0.0,4.0,0.0,0.0,0.0,4.0,0.0,0.0
45927,2023.0,11.0,15.0,22.0,21.081215,22.52904,17.031488,16.762112,21.058506,22.351732,21.038881,22.45821,15.606706,15.941881,17.815266,18.015516,21.07256,22.138601,21.061794,22.48042,15.516038,15.344034,0.0,4.0,4.0,4.0,0.0,0.0,0.0,0.0
45928,2023.0,11.0,15.0,22.0,21.04916,22.428999,17.336546,17.455824,21.05847,22.340034,21.043793,22.481792,20.541307,24.159615,16.588068,16.392645,21.067308,22.10784,21.061554,22.475122,16.173788,16.669613,4.0,4.0,4.0,4.0,0.0,0.0,0.0,4.0
45929,2023.0,11.0,15.0,22.0,21.181042,22.679253,20.25787,22.602085,21.058424,22.329174,21.090796,22.55948,20.02137,22.792564,16.55449,16.589972,21.130346,22.21611,21.022572,22.365704,20.506607,23.88344,4.0,4.0,0.0,4.0,4.0,0.0,4.0,0.0
45930,2023.0,11.0,15.0,23.0,21.079779,22.481426,20.036163,21.809917,21.05828,22.318262,21.08211,22.508928,20.870337,23.836235,20.426546,23.160152,21.01793,21.995848,21.087643,22.49084,17.775108,18.13406,4.0,4.0,0.0,0.0,0.0,4.0,0.0,4.0
45931,2023.0,11.0,15.0,23.0,19.2916,19.037195,18.007019,17.721207,19.224277,18.825554,19.143225,18.766586,17.962164,17.849636,18.316502,18.81789,19.36372,18.838686,19.12749,18.695385,16.097239,15.715174,0.0,0.0,0.0,0.0,4.0,0.0,0.0,0.0
45932,2023.0,11.0,15.0,23.0,19.169088,19.199259,17.046007,16.267307,18.307835,17.50668,18.613577,18.21811,17.281843,17.19667,17.4139,17.463886,18.711657,17.994469,18.348604,17.71032,16.413345,16.593418,0.0,0.0,0.0,4.0,4.0,0.0,0.0,4.0
45933,2023.0,11.0,15.0,23.0,19.055723,19.13053,17.09411,16.669292,17.943443,17.124819,18.394203,18.088335,16.54975,16.013271,16.568659,16.02374,18.439114,17.733742,18.338367,18.04757,15.77983,15.370834,0.0,0.0,0.0,0.0,0.0,0.0,0.0,0.0
45934,2023.0,11.0,15.0,23.0,18.224884,17.716171,17.061316,16.74456,18.042086,17.604914,18.168276,17.8722,16.097782,15.510449,16.056828,15.390517,18.58269,18.25835,18.190828,17.947605,15.437658,14.960231,0.0,0.0,0.0,0.0,0.0,0.0,0.0,0.0
45935,2023.0,11.0,15.0,23.0,17.816328,17.218359,16.937555,16.626589,17.989477,17.66079,17.955238,17.651527,16.15712,15.910046,16.15036,15.8561325,18.530209,18.26163,17.992884,17.752197,15.250678,14.76595,0.0,0.0,0.0,0.0,0.0,0.0,0.0,0.0
45936,2023.0,11.0,16.0,0.0,17.600136,17.020275,16.824188,16.520819,18.565027,18.876234,17.783964,17.492163,16.046474,15.831456,16.0771,15.825899,18.397196,18.12507,17.819746,17.5849,15.386663,15.18765,0.0,4.0,0.0,0.0,0.0,0.0,0.0,0.0
45937,2023.0,11.0,16.0,0.0,17.801779,17.622597,16.71572,16.415123,18.024792,17.835304,18.330515,18.662638,16.517212,16.859547,15.948259,15.71137,18.272924,18.00145,17.658667,17.425837,15.355195,15.169237,0.0,0.0,4.0,4.0,0.0,0.0,0.0,0.0
45938,2023.0,11.0,16.0,0.0,17.783276,17.668217,16.615046,16.315805,17.288874,16.568779,17.822933,17.686785,15.985895,15.793102,15.813002,15.570516,18.158253,17.886702,17.511028,17.278355,15.278789,15.092506,0.0,0.0,0.0,0.0,0.0,0.0,0.0,0.0
45939,2023.0,11.0,16.0,0.0,17.682785,17.572376,16.522018,16.223923,17.648705,17.445415,17.752934,17.65766,15.414509,14.891704,15.689474,15.446125,18.052773,17.780973,17.376127,17.143421,15.205965,15.019129,0.0,4.0,4.0,0.0,0.0,0.0,0.0,0.0
45940,2023.0,11.0,16.0,0.0,17.585102,17.478802,16.437424,16.142159,17.060474,16.364683,17.694916,17.613092,15.758356,15.737687,15.578979,15.337284,17.957228,17.686762,17.254417,17.023573,15.138073,14.9518,0.0,0.0,4.0,4.0,0.0,0.0,0.0,0.0
45941,2023.0,11.0,16.0,0.0,17.490915,17.388136,16.830276,16.947859,16.772842,16.008665,16.959234,16.305264,15.277809,14.81169,15.476728,15.236277,17.868622,17.59913,17.14183,16.912413,15.074104,14.888156,4.0,0.0,0.0,0.0,0.0,0.0,0.0,0.0
45942,2023.0,11.0,16.0,1.0,17.400007,17.298306,16.52757,16.349125,16.61462,15.85282,16.62577,15.883096,14.988289,14.483235,15.380132,15.138674,17.784494,17.514091,17.035347,16.80525,15.012471,14.825632,0.0,0.0,0.0,0.0,0.0,0.0,0.0,0.0
45943,2023.0,11.0,16.0,1.0,18.075691,18.655964,16.278137,16.012619,16.822718,16.427511,16.437227,15.707783,15.123108,14.898541,15.571037,15.5844,17.70032,17.433687,16.927706,16.701555,15.005202,14.866613,0.0,0.0,0.0,0.0,4.0,0.0,0.0,0.0
45944,2023.0,11.0,16.0,1.0,17.621607,17.634893,16.16573,15.884828,16.902456,16.60579,16.633043,16.266703,15.121375,14.91829,15.368324,15.1643305,17.620993,17.355812,16.826,16.60131,15.005978,14.903926,0.0,0.0,0.0,0.0,0.0,0.0,0.0,0.0
45945,2023.0,11.0,16.0,1.0,16.888971,16.412586,16.090603,15.810825,16.855883,16.5762,16.70089,16.427279,15.044002,14.844428,15.182149,14.952956,17.54832,17.28493,16.733076,16.510221,15.006634,14.933303,0.0,0.0,0.0,0.0,0.0,0.0,0.0,0.0
45946,2023.0,11.0,16.0,1.0,16.575724,16.035257,16.018435,15.735671,16.782526,16.503288,16.645273,16.38356,15.002749,14.837437,15.07543,14.837825,17.47734,17.212065,16.643438,16.41859,15.010246,14.966532,0.0,0.0,0.0,0.0,0.0,0.0,0.0,0.0
45947,2023.0,11.0,16.0,1.0,16.855162,16.733658,15.961344,15.6860485,16.718748,16.447575,16.576817,16.323511,15.008637,14.892832,15.305661,15.3422575,17.416565,17.155235,16.565895,16.345245,15.006432,14.975063,0.0,0.0,0.0,0.0,4.0,0.0,0.0,0.0
45948,2023.0,11.0,16.0,2.0,16.906652,16.822361,15.903228,15.629628,16.65313,16.38462,16.50563,16.254879,15.008059,14.926784,15.084541,14.864849,17.356678,17.096159,16.490091,16.270208,15.008601,14.996668,0.0,0.0,0.0,0.0,0.0,0.0,0.0,0.0
45949,2023.0,11.0,16.0,2.0,16.86175,16.784752,15.85288,15.585596,16.595066,16.333635,16.442705,16.199142,15.007733,14.953751,15.002842,14.840096,17.303152,17.046534,16.422104,16.206547,15.568324,16.061422,0.0,0.0,0.0,0.0,0.0,0.0,0.0,4.0
45950,2023.0,11.0,16.0,2.0,16.809345,16.737139,15.804234,15.541742,16.53864,16.282505,16.382257,16.143702,15.00842,14.977726,15.008297,14.889514,17.251797,16.99805,16.356836,16.144144,14.9798355,14.898166,0.0,0.0,0.0,0.0,0.0,0.0,0.0,0.0
45951,2023.0,11.0,16.0,2.0,16.75386,16.68208,15.753763,15.491575,16.480238,16.224657,16.320017,16.081444,15.014718,15.011499,15.01099,14.928402,17.200449,16.94682,16.291653,16.078527,15.036994,15.062968,0.0,0.0,0.0,0.0,0.0,0.0,0.0,0.0
45952,2023.0,11.0,16.0,2.0,16.707407,16.64319,15.713852,15.46025,16.432749,16.186295,16.269684,16.040358,15.007521,15.010768,15.14655,15.194637,17.156853,16.908693,17.275494,17.98493,15.012991,14.995057,0.0,0.0,0.0,0.0,4.0,0.0,4.0,0.0
45953,2023.0,11.0,16.0,2.0,16.668804,16.61808,15.6719055,15.422238,16.383692,16.141243,16.217068,15.99191,15.009485,15.029228,15.217725,15.289094,17.112507,16.866888,16.400593,15.972782,15.5361,16.003532,0.0,0.0,0.0,0.0,4.0,0.0,0.0,4.0
45954,2023.0,11.0,16.0,3.0,16.629679,16.585737,15.630953,15.384129,16.335358,16.095882,16.16599,15.943487,15.009854,15.042932,14.976695,14.8881235,17.069143,16.825191,15.906929,15.408247,14.936272,14.798931,0.0,0.0,0.0,0.0,0.0,0.0,0.0,0.0
45955,2023.0,11.0,16.0,3.0,16.58066,16.534754,15.587999,15.340731,16.285244,16.045938,16.858559,17.288912,15.356819,15.697824,15.015716,14.988257,17.025148,16.780634,15.761163,15.258818,15.034492,15.033878,0.0,0.0,4.0,4.0,0.0,0.0,0.0,0.0
45956,2023.0,11.0,16.0,3.0,16.529652,16.47993,15.543311,15.294008,16.23337,15.992949,16.458887,16.33769,14.960919,14.930424,15.008871,14.99365,16.980242,16.7342,15.923526,15.694541,15.017666,15.017952,0.0,0.0,0.0,0.0,0.0,0.0,0.0,0.0
45957,2023.0,11.0,16.0,3.0,16.478598,16.424831,15.498813,15.2471895,16.181864,15.939997,15.7543335,15.142309,15.340387,15.6831455,15.010721,15.012226,16.935787,16.68825,15.9623,15.753242,15.0096245,15.036872,0.0,0.0,0.0,4.0,0.0,0.0,0.0,0.0
45958,2023.0,11.0,16.0,3.0,16.42805,16.36971,15.454655,15.200363,16.130829,15.887157,15.489998,14.827665,14.945231,14.888609,15.011002,15.025713,16.891533,16.642206,15.921881,15.713668,15.011526,15.065584,0.0,0.0,0.0,0.0,0.0,0.0,0.0,0.0
45959,2023.0,11.0,16.0,3.0,16.37866,16.31674,15.412328,15.156656,16.081926,15.837768,15.719259,15.40316,15.034499,15.066459,15.011419,15.038474,16.848562,16.598488,15.872432,15.664152,15.49743,15.994623,0.0,0.0,0.0,0.0,0.0,0.0,0.0,4.0
45960,2023.0,11.0,16.0,4.0,16.33056,16.266308,15.37074,15.113929,16.034039,15.789616,16.559546,16.967672,15.021906,15.048428,15.011799,15.050126,16.806135,16.555616,15.82201,15.613699,14.955744,14.908498,0.0,0.0,4.0,0.0,0.0,0.0,0.0,0.0
45961,2023.0,11.0,16.0,4.0,16.285881,16.222244,15.331498,15.075413,15.988328,15.74515,16.208519,16.086662,15.010514,15.057922,15.0120535,15.061009,16.765352,16.515854,15.772655,15.565379,15.175336,15.354845,0.0,0.0,0.0,0.0,0.0,0.0,0.0,4.0
45962,2023.0,11.0,16.0,4.0,16.245592,16.184546,15.294713,15.040165,15.944968,15.703662,15.511057,14.89375,15.01312,15.086032,15.012515,15.071945,16.72622,16.47812,15.724928,15.518858,14.989474,15.003924,0.0,0.0,0.0,0.0,0.0,0.0,0.0,0.0
45963,2023.0,11.0,16.0,4.0,16.202213,16.139475,15.256404,15.000935,15.900082,15.658134,15.250302,14.583436,15.022495,15.125208,15.023583,15.104486,16.686472,16.438509,15.676682,15.470496,15.043658,15.135327,0.0,0.0,0.0,0.0,0.0,0.0,0.0,0.0
45964,2023.0,11.0,16.0,4.0,16.169987,16.116423,15.223885,14.972552,15.8611,15.623666,15.50748,15.206897,15.010618,15.114413,15.010356,15.086116,16.650003,16.404913,15.632223,15.428933,15.005917,15.085786,0.0,0.0,0.0,0.0,0.0,0.0,0.0,0.0
45965,2023.0,11.0,16.0,4.0,16.124702,16.065859,15.18758,14.935843,15.818381,15.58086,15.614447,15.389423,15.024502,15.157139,15.025045,15.12586,16.61171,16.367184,15.586053,15.383146,15.022821,15.148355,0.0,0.0,0.0,0.0,0.0,0.0,0.0,0.0
45966,2023.0,11.0,16.0,5.0,16.088589,16.033522,15.154012,14.904046,15.778428,15.543027,15.594895,15.3718195,15.025263,15.165069,15.007047,15.080622,16.575005,16.332186,15.54175,15.340462,15.023827,15.163311,0.0,0.0,0.0,0.0,4.0,0.0,0.0,0.0
45967,2023.0,11.0,16.0,5.0,16.046316,15.987469,15.115589,14.861891,15.734106,15.495802,15.556171,15.330089,15.026617,15.177858,15.027029,15.154249,16.534615,16.289406,15.494582,15.291388,15.026291,15.18483,0.0,0.0,0.0,0.0,0.0,0.0,0.0,0.0
45968,2023.0,11.0,16.0,5.0,16.006916,15.948508,15.076026,14.818487,15.688859,15.44761,15.5139675,15.284795,15.027603,15.18826,15.001988,15.0869465,16.493132,16.245543,15.446641,15.241546,15.026825,15.199056,0.0,0.0,0.0,0.0,4.0,0.0,0.0,0.0
45969,2023.0,11.0,16.0,5.0,15.967293,15.908036,15.040598,14.783493,15.647729,15.407724,16.233664,16.670732,15.012824,15.170023,15.003753,15.112333,16.453857,16.206379,15.401231,15.196799,15.01333,15.186346,0.0,0.0,4.0,0.0,4.0,0.0,0.0,0.0
45970,2023.0,11.0,16.0,5.0,15.923793,15.860835,14.999927,14.741363,15.602183,15.358878,15.839633,15.714728,15.015771,15.185125,15.019068,15.161207,16.411612,16.161434,15.353177,15.146651,15.410629,15.927579,0.0,0.0,0.0,0.0,0.0,0.0,0.0,4.0
45971,2023.0,11.0,16.0,5.0,15.879231,15.811777,15.00313,14.773582,15.556421,15.309577,15.859639,15.867144,15.015894,15.193646,15.016038,15.164322,16.36906,16.116072,15.304963,15.096053,14.951653,15.044334,0.0,0.0,4.0,0.0,0.0,0.0,0.0,0.0
45972,2023.0,11.0,16.0,6.0,15.836815,15.766166,15.003186,14.795644,15.511582,15.262081,15.24758,14.68035,15.0163145,15.203204,15.016645,15.171187,16.327187,16.07212,15.257566,15.047075,15.039019,15.214664,0.0,0.0,0.0,0.0,0.0,0.0,0.0,0.0
45973,2023.0,11.0,16.0,6.0,20.88248,24.590546,15.003695,14.816153,20.74455,24.383966,20.14438,23.054514,15.016677,15.21192,15.016956,15.177893,20.316494,22.82848,20.82465,24.416595,15.065471,15.229409,0.0,0.0,0.0,0.0,0.0,0.0,0.0,4.0
45974,2023.0,11.0,16.0,6.0,21.016508,24.243341,15.396711,15.563523,21.014885,24.265253,20.818602,23.979282,15.016684,15.2172575,15.016993,15.183268,21.625273,24.889181,21.128653,24.59229,19.761246,23.18046,4.0,0.0,0.0,0.0,0.0,4.0,4.0,0.0
45975,2023.0,11.0,16.0,6.0,21.526348,24.602478,20.092333,23.554085,21.512123,24.574627,21.513554,24.661854,15.210267,15.558088,15.017473,15.186504,21.480932,24.195505,21.685827,25.111795,16.393585,16.242273,0.0,0.0,0.0,4.0,0.0,0.0,0.0,0.0
45976,2023.0,11.0,16.0,6.0,20.948822,23.352053,17.545204,17.959955,20.955498,23.337303,20.964426,23.426718,20.17374,24.10412,14.999936,15.137317,21.037012,23.107239,21.035463,23.573063,15.551496,15.684455,0.0,0.0,0.0,0.0,4.0,0.0,0.0,4.0
45977,2023.0,11.0,16.0,6.0,21.100601,23.501875,15.891451,15.719817,21.103788,23.463654,21.106256,23.540386,17.106392,17.461493,19.98915,23.416193,21.102108,23.050365,21.117004,23.520761,20.336567,23.780394,0.0,0.0,0.0,0.0,0.0,0.0,0.0,0.0
45978,2023.0,11.0,16.0,7.0,21.078936,23.3435,15.574472,15.320558,21.081747,23.291908,21.08427,23.367363,15.397837,15.211312,17.494452,18.18086,21.06861,22.889227,21.045187,23.236898,16.894684,16.75136,0.0,0.0,0.0,0.0,4.0,0.0,4.0,0.0
45979,2023.0,11.0,16.0,7.0,21.24895,23.597395,15.408416,15.135917,21.24924,23.529615,21.246998,23.599495,15.066807,14.860493,20.135695,23.365442,21.188599,23.053724,21.252972,23.557968,16.52894,17.180872,0.0,0.0,0.0,0.0,0.0,0.0,0.0,4.0
45980,2023.0,11.0,16.0,7.0,21.052315,23.11133,15.291239,15.012923,21.079914,23.107956,21.061384,23.124767,15.010542,14.909469,17.589312,17.949633,21.068495,22.749052,21.102741,23.14946,20.328625,23.663626,0.0,0.0,4.0,0.0,0.0,0.0,0.0,0.0
45981,2023.0,11.0,16.0,7.0,21.082556,23.144995,15.67065,15.802418,21.07926,23.046541,21.086674,23.139585,15.566626,16.039124,16.306536,16.41185,21.039185,22.625088,21.099634,23.064259,17.675482,18.02112,4.0,0.0,0.0,4.0,4.0,4.0,0.0,4.0
45982,2023.0,11.0,16.0,7.0,21.91575,24.344164,20.280514,23.724133,21.578402,23.784897,21.866013,24.311272,20.528982,24.28531,20.301409,23.435192,21.548481,23.434523,21.994272,24.383158,20.834866,24.032747,4.0,4.0,0.0,4.0,0.0,0.0,0.0,0.0
45983,2023.0,11.0,16.0,7.0,21.74143,23.812431,20.047955,22.73919,21.880548,24.06888,22.032202,24.36056,20.041094,23.000225,17.710247,18.015963,21.662443,23.471977,22.035322,24.447258,17.430471,17.209118,0.0,0.0,0.0,0.0,0.0,0.0,0.0,0.0
45984,2023.0,11.0,16.0,8.0,20.923706,22.36936,17.269148,17.054232,20.917547,22.302942,20.928288,22.40616,16.953068,16.70345,16.117031,15.884294,20.989714,22.213936,21.06347,22.816805,15.793227,15.2193165,0.0,4.0,4.0,0.0,0.0,0.0,0.0,0.0
45985,2023.0,11.0,16.0,8.0,18.878834,18.569994,16.124903,15.807885,19.275465,19.23465,19.695505,20.158642,16.181723,16.235563,15.726633,15.477695,20.121475,20.584944,19.108913,19.07283,15.670679,15.4168005,0.0,4.0,4.0,4.0,0.0,4.0,0.0,0.0
45986,2023.0,11.0,16.0,8.0,18.631676,18.58633,16.41604,16.513885,18.59708,18.346354,18.08491,17.404306,20.233246,23.212805,15.527685,15.278103,19.36082,19.297228,18.318077,18.05539,15.5794115,15.379033,4.0,4.0,0.0,0.0,0.0,4.0,0.0,0.0
45987,2023.0,11.0,16.0,8.0,17.79369,17.23137,20.176027,23.189304,18.251278,18.02338,17.87712,17.615108,17.673996,17.913313,15.324732,15.08127,19.015572,18.971832,17.882906,17.628395,15.39684,15.203404,0.0,4.0,4.0,4.0,0.0,4.0,0.0,0.0
45988,2023.0,11.0,16.0,8.0,17.933218,17.928192,18.164064,18.78222,17.989695,17.782974,17.79204,17.615185,20.484404,23.321333,15.145254,14.903949,18.818733,18.791492,18.583538,19.265882,15.221091,15.030141,4.0,4.0,4.0,4.0,0.0,4.0,4.0,0.0
45989,2023.0,11.0,16.0,8.0,17.268223,16.740164,20.237211,22.851795,17.781223,17.592888,17.592041,17.437048,20.061495,22.404772,15.370909,15.463313,17.972433,17.356789,17.420954,16.907919,15.970148,16.57515,0.0,4.0,4.0,0.0,4.0,0.0,0.0,4.0
45990,2023.0,11.0,16.0,9.0,16.789164,16.188993,17.568338,17.340359,17.60939,17.438137,16.773176,16.075224,17.902405,18.04642,20.430109,23.891861,18.215803,18.199827,17.725231,18.040993,20.371075,23.809177,0.0,4.0,0.0,4.0,4.0,4.0,4.0,0.0
45991,2023.0,11.0,16.0,9.0,17.28663,17.334105,16.839903,16.911911,16.823942,16.112926,16.300373,15.528758,22.102911,25.65144,20.047674,22.865807,18.297037,18.314552,17.879742,18.200651,16.958563,16.82198,4.0,0.0,0.0,4.0,0.0,4.0,4.0,0.0
45992,2023.0,11.0,16.0,9.0,17.448538,17.580002,20.253477,23.034481,16.37108,15.587445,16.706747,16.502565,19.872726,21.589312,17.11913,16.879057,18.223866,18.253311,16.908373,16.442299,15.377644,14.906404,0.0,0.0,4.0,0.0,0.0,4.0,0.0,0.0
45993,2023.0,11.0,16.0,9.0,17.409384,17.556467,18.047707,18.366505,16.787683,16.569323,16.22165,15.565319,17.55805,17.170958,15.926698,15.641443,18.160505,18.201197,16.335062,15.780232,15.272122,15.052518,0.0,4.0,0.0,0.0,0.0,4.0,0.0,0.0
45994,2023.0,11.0,16.0,9.0,16.650095,16.178883,16.928415,16.660969,16.260065,15.580254,16.56876,16.409712,16.591194,15.911584,16.153038,16.248434,17.408472,16.832005,16.112146,15.552063,15.187007,14.996676,0.0,0.0,4.0,0.0,4.0,0.0,0.0,0.0
45995,2023.0,11.0,16.0,9.0,16.337366,15.796479,16.602633,16.304754,16.618069,16.43395,16.702236,16.661345,17.288252,17.634186,20.25269,23.310186,17.06594,16.414661,15.954526,15.41142,15.975064,16.591759,0.0,4.0,4.0,4.0,4.0,0.0,0.0,4.0
45996,2023.0,11.0,16.0,10.0,16.163658,15.63791,16.801224,16.901264,16.16067,15.527582,16.69749,16.676588,21.167652,24.266174,20.041754,22.520977,17.669044,17.736055,16.091948,15.854142,21.090696,25.19038,4.0,0.0,4.0,0.0,4.0,4.0,0.0,4.0
45997,2023.0,11.0,16.0,10.0,17.177671,17.715658,20.251524,23.068922,16.453573,16.310537,16.005224,15.418327,18.563974,18.796513,20.118412,22.394453,17.157932,16.625486,16.09805,15.891643,21.072659,24.630302,0.0,4.0,0.0,4.0,0.0,0.0,0.0,0.0
45998,2023.0,11.0,16.0,10.0,16.572876,16.298191,18.059158,18.397638,16.675835,16.655573,15.633085,14.964388,20.41457,22.690102,17.559608,17.277443,16.767624,16.16531,16.019392,15.820637,17.536104,17.422009,0.0,4.0,0.0,0.0,0.0,0.0,0.0,0.0
45999,2023.0,11.0,16.0,10.0,16.04979,15.599845,17.111948,17.309141,16.694881,16.699724,15.490291,14.830757,17.766773,17.51062,16.485023,16.195122,17.412798,17.52199,15.941047,15.747384,15.933415,15.44958,4.0,4.0,0.0,0.0,0.0,4.0,0.0,0.0
46000,2023.0,11.0,16.0,10.0,15.903381,15.437677,20.243378,22.88368,16.017927,15.460521,16.382057,16.638252,17.418602,17.408955,16.279709,16.019156,16.830305,16.297894,15.877678,15.687844,15.551346,15.038555,4.0,0.0,4.0,4.0,0.0,0.0,0.0,0.0
46001,2023.0,11.0,16.0,10.0,16.125206,15.997035,20.042217,22.142666,16.341967,16.299265,16.498756,16.597961,20.374016,22.66545,16.039232,15.795202,16.499125,15.928069,15.812137,15.627471,15.53684,15.311472,4.0,4.0,4.0,0.0,0.0,0.0,0.0,0.0
46002,2023.0,11.0,16.0,11.0,16.212011,16.15047,20.1037,22.063046,16.552914,16.601492,15.745931,15.236141,18.291819,18.51396,15.830415,15.598918,17.212896,17.371233,15.751379,15.571227,15.450972,15.275088,0.0,4.0,0.0,4.0,0.0,4.0,0.0,0.0
46003,2023.0,11.0,16.0,11.0,16.94743,17.571014,17.866543,17.62714,16.564522,16.628054,15.3758545,14.771536,20.396015,22.636522,15.658675,15.441676,16.762,16.30039,15.695242,15.518563,15.300222,15.136741,0.0,4.0,0.0,0.0,0.0,0.0,0.0,0.0
46004,2023.0,11.0,16.0,11.0,16.924643,17.271145,17.363482,17.475927,16.561869,16.636808,15.252002,14.656454,17.832375,17.605423,15.509296,15.302359,16.423601,15.8904085,15.64369,15.470341,16.136238,16.84382,4.0,4.0,0.0,0.0,0.0,0.0,0.0,4.0
46005,2023.0,11.0,16.0,11.0,16.863205,17.174545,20.248278,22.689356,16.555729,16.64184,15.449138,15.142967,17.51782,17.53887,15.396203,15.191545,16.329176,15.792325,15.601236,15.430622,19.952377,23.340208,4.0,4.0,0.0,4.0,0.0,0.0,0.0,0.0
46006,2023.0,11.0,16.0,11.0,16.151628,15.849017,20.062551,22.044674,15.880205,15.398341,15.546751,15.329594,20.367683,22.579334,15.281814,15.085695,16.556494,16.3238,15.557791,15.390887,16.906626,16.890902,0.0,0.0,0.0,4.0,0.0,0.0,0.0,0.0
46007,2023.0,11.0,16.0,11.0,16.54763,16.81229,18.168526,18.221472,16.210615,16.240759,15.531466,15.333037,20.062178,21.957047,15.184606,14.997825,17.40698,17.887428,15.516359,15.352757,16.335196,16.733223,4.0,4.0,0.0,0.0,0.0,4.0,0.0,4.0
46008,2023.0,11.0,16.0,12.0,16.782042,17.120396,20.25386,22.4784,16.431559,16.551695,15.493879,15.302389,17.831976,17.563019,15.520301,15.710701,17.45304,17.681849,15.477707,15.317227,20.363377,23.743896,0.0,4.0,0.0,0.0,4.0,4.0,0.0,0.0
46009,2023.0,11.0,16.0,12.0,21.274582,24.90566,17.927618,17.721916,20.55785,23.764658,21.249004,25.340145,16.630827,16.07394,20.14391,23.354967,20.998026,23.832787,21.011337,24.698858,17.184887,17.100803,0.0,0.0,4.0,0.0,0.0,4.0,0.0,0.0
46010,2023.0,11.0,16.0,12.0,20.987896,23.863857,16.919966,16.66439,21.080631,24.137608,20.957502,24.195435,16.531254,16.278563,17.677395,18.156408,21.542542,24.357758,21.824348,25.679031,15.675829,15.231157,0.0,4.0,0.0,0.0,0.0,4.0,0.0,0.0
46011,2023.0,11.0,16.0,12.0,21.093973,23.740309,17.179865,17.34889,21.089396,23.759218,21.110466,24.028408,17.21842,17.712215,16.07155,15.944354,21.027338,23.11151,22.391293,26.131893,16.62645,17.372078,4.0,4.0,4.0,4.0,0.0,0.0,4.0,4.0
46012,2023.0,11.0,16.0,12.0,21.102165,23.55139,20.239304,22.831385,21.084831,23.488008,21.111382,23.750132,20.322504,22.989481,15.728428,15.542579,21.668152,24.017717,22.579695,26.04933,20.35888,23.62776,0.0,4.0,0.0,4.0,0.0,0.0,0.0,4.0
46013,2023.0,11.0,16.0,12.0,21.07115,23.30673,18.202942,18.523254,21.08189,23.299437,21.082748,23.462515,20.054836,22.176718,15.550758,15.363145,21.003836,22.622543,20.921831,22.81852,20.027508,22.593275,0.0,4.0,4.0,0.0,0.0,0.0,0.0,4.0
46014,2023.0,11.0,16.0,13.0,21.099262,23.264908,16.928705,16.793436,21.079235,23.162357,21.084585,23.316547,17.739128,17.518272,15.427589,15.24634,21.059471,22.620802,21.116432,23.142593,20.10779,22.515604,0.0,4.0,4.0,0.0,0.0,4.0,0.0,0.0
46015,2023.0,11.0,16.0,13.0,21.066387,23.089188,17.038233,17.23335,21.1011,23.12548,21.105488,23.266438,17.289879,17.435469,15.320074,15.142352,21.053316,22.54093,21.683083,24.225292,17.531385,17.35861,4.0,0.0,0.0,4.0,0.0,4.0,4.0,0.0
46016,2023.0,11.0,16.0,13.0,21.160471,23.210608,20.310442,22.981016,21.153906,23.13039,21.153116,23.254215,20.433863,22.830679,15.222805,15.045682,21.129942,22.658485,21.189056,23.193647,16.262602,15.803492,4.0,4.0,4.0,0.0,0.0,0.0,0.0,0.0
46017,2023.0,11.0,16.0,13.0,21.09367,23.04199,20.034721,22.107798,21.09833,22.975054,21.078815,23.039204,17.852917,17.666878,15.1411495,14.966862,21.075247,22.49553,21.089079,22.943699,15.8728895,15.415212,4.0,0.0,4.0,0.0,0.0,0.0,0.0,0.0
46018,2023.0,11.0,16.0,13.0,21.79526,24.261097,20.098736,22.038296,21.067446,22.842297,21.07729,22.987514,16.553566,16.041449,15.072904,14.902481,21.582783,23.391483,21.08924,22.902153,15.870792,15.675248,0.0,4.0,4.0,0.0,0.0,0.0,0.0,0.0
46019,2023.0,11.0,16.0,13.0,21.094614,22.96896,17.955158,17.77999,21.09616,22.880003,21.076202,22.945856,16.475784,16.242132,15.015219,14.850054,21.059988,22.43028,21.070908,22.863695,15.786524,15.619665,0.0,0.0,4.0,0.0,0.0,0.0,0.0,0.0
46020,2023.0,11.0,16.0,14.0,21.13859,23.049603,17.100517,16.885918,21.178202,22.99508,21.148935,23.049147,16.387877,16.18677,15.00285,14.880564,21.115635,22.527473,21.146612,23.000584,15.638316,15.474582,4.0,0.0,4.0,0.0,0.0,0.0,0.0,0.0
46021,2023.0,11.0,16.0,14.0,19.3708,19.6318,20.22264,22.583443,19.391024,19.545002,18.857422,18.634932,16.24642,16.065056,15.005137,14.912378,20.241665,20.792065,19.229313,19.275717,15.523146,15.375944,0.0,0.0,0.0,0.0,0.0,4.0,0.0,0.0
46022,2023.0,11.0,16.0,14.0,18.350544,18.350077,17.942387,17.840658,18.934544,19.332493,17.549217,16.987827,16.107227,15.933541,15.005304,14.937614,18.809004,18.34332,18.201723,18.022882,16.387444,17.112926,0.0,4.0,0.0,0.0,0.0,0.0,0.0,4.0
46023,2023.0,11.0,16.0,14.0,17.956131,17.918415,17.337177,17.513838,18.470682,18.537447,17.077961,16.486301,15.982677,15.8150625,15.00614,14.959631,18.161507,17.587202,17.793379,17.595009,20.34333,23.77503,4.0,4.0,0.0,0.0,0.0,0.0,0.0,0.0
46024,2023.0,11.0,16.0,14.0,17.68403,17.638441,20.287117,22.742287,17.507128,16.996815,17.796885,18.149523,15.8698435,15.706551,15.006589,14.977059,17.881239,17.31045,17.50911,17.315725,17.242537,17.229076,0.0,0.0,4.0,0.0,0.0,0.0,0.0,0.0
46025,2023.0,11.0,16.0,14.0,18.22027,18.837006,18.61216,19.174692,16.991344,16.39476,17.150478,16.811802,15.769916,15.612183,15.006173,14.988259,17.962128,17.694597,17.27751,17.091528,16.696835,17.131544,4.0,0.0,0.0,0.0,0.0,0.0,0.0,4.0
46026,2023.0,11.0,16.0,15.0,17.734623,17.847775,20.281973,22.509636,16.73169,16.141024,16.537401,16.014257,15.679604,15.525886,15.006905,14.999825,17.936607,17.72321,17.079905,16.900902,20.473913,23.535639,0.0,0.0,0.0,0.0,0.0,0.0,0.0,0.0
46027,2023.0,11.0,16.0,15.0,17.7055,18.01249,18.021185,17.897738,17.54065,17.882343,16.27752,15.735547,15.597872,15.448184,15.006661,15.007718,17.825718,17.623625,16.908606,16.736156,17.434359,17.383062,0.0,4.0,0.0,0.0,0.0,0.0,0.0,0.0
46028,2023.0,11.0,16.0,15.0,17.721992,18.060204,17.009754,16.795021,16.900528,16.492651,17.122608,17.513742,15.522102,15.375362,15.007357,15.017823,17.715921,17.519077,17.853235,18.65892,16.025522,15.640818,0.0,0.0,4.0,0.0,0.0,0.0,4.0,0.0
46029,2023.0,11.0,16.0,15.0,17.669521,18.014473,17.245886,17.439304,17.069971,17.115,16.841135,16.808817,15.452243,15.308704,15.00769,15.027707,17.616829,17.425003,16.924517,16.607735,15.8775,15.694515,4.0,4.0,0.0,0.0,0.0,0.0,0.0,0.0
46030,2023.0,11.0,16.0,15.0,17.61262,17.955517,20.26417,22.761816,16.5638,16.117012,16.179142,15.732405,15.38488,15.240362,15.008206,15.037532,17.527113,17.339499,16.35567,15.946849,15.760604,15.609148,0.0,0.0,0.0,0.0,0.0,0.0,0.0,0.0
46031,2023.0,11.0,16.0,15.0,17.557482,17.898577,18.277748,18.58444,16.870049,16.92527,16.573177,16.664614,15.322445,15.178675,15.007836,15.043447,17.443184,17.25512,17.219265,17.742512,15.607376,15.463736,0.0,4.0,4.0,0.0,0.0,0.0,4.0,0.0
46032,2023.0,11.0,16.0,16.0,17.509878,17.8507,17.497372,17.774654,17.062881,17.205843,16.786442,16.969305,15.260001,15.112596,15.015672,15.066226,17.360771,17.167793,17.540268,18.075113,15.459602,15.311447,4.0,4.0,4.0,0.0,0.0,0.0,4.0,0.0
46033,2023.0,11.0,16.0,16.0,16.817856,16.598286,20.221365,22.555573,17.049057,17.193424,16.778809,16.960442,15.208181,15.064594,15.007455,15.055477,17.294426,17.106398,16.590994,16.261457,15.347424,15.212921,0.0,4.0,4.0,0.0,0.0,0.0,0.0,0.0
46034,2023.0,11.0,16.0,16.0,17.152784,17.468126,17.96075,17.87042,17.02653,17.173613,16.119225,15.747979,15.155011,15.011601,15.008829,15.0641575,17.984425,18.468195,16.122189,15.723557,15.239589,15.108986,0.0,4.0,0.0,0.0,0.0,4.0,0.0,0.0
46035,2023.0,11.0,16.0,16.0,16.641115,16.417446,16.906479,16.694775,16.3262,15.887861,16.4415,16.57382,15.103098,14.959006,15.009371,15.072113,18.317982,18.886272,15.949208,15.546283,15.141673,15.013695,0.0,0.0,4.0,0.0,0.0,4.0,0.0,0.0
46036,2023.0,11.0,16.0,16.0,17.020988,17.351866,17.16176,17.358976,16.660837,16.744385,16.618347,16.806454,15.053411,14.909612,15.009775,15.080574,18.07307,18.31562,16.908129,17.468044,15.051914,14.922382,4.0,4.0,4.0,0.0,0.0,4.0,4.0,0.0
46037,2023.0,11.0,16.0,16.0,17.191721,17.5572,20.26382,22.79589,16.852613,17.007944,16.622477,16.813341,15.005529,14.861533,15.010198,15.088337,17.995893,18.218164,16.243206,15.919514,15.0005665,14.900274,0.0,4.0,4.0,0.0,0.0,4.0,0.0,0.0
46038,2023.0,11.0,16.0,17.0,16.528414,16.319357,18.569405,19.142092,16.855663,17.015295,16.613811,16.805141,15.004215,14.894848,15.009736,15.091918,17.246922,16.809649,15.81614,15.432153,15.007389,14.958811,4.0,4.0,4.0,0.0,0.0,0.0,0.0,0.0
46039,2023.0,11.0,16.0,17.0,16.896357,17.227283,20.283018,22.550974,16.843826,17.004139,16.599915,16.78891,15.678046,16.182768,15.010376,15.097034,16.885565,16.39489,15.678443,15.291893,15.006996,14.992264,0.0,4.0,4.0,4.0,0.0,0.0,0.0,0.0
46040,2023.0,11.0,16.0,17.0,17.086592,17.460407,17.995718,17.862541,16.82793,16.988754,16.584778,16.772575,20.220434,23.860758,15.009925,15.0990715,16.756544,16.266867,15.577168,15.194148,15.778685,16.466534,0.0,4.0,4.0,0.0,0.0,0.0,0.0,4.0
46041,2023.0,11.0,16.0,17.0,17.10334,17.478367,16.984335,16.761852,16.810163,16.97165,16.570112,16.756756,17.133791,17.212248,15.010564,15.104301,16.656332,16.171694,15.70284,15.53667,20.235159,23.966402,0.0,4.0,4.0,0.0,0.0,0.0,0.0,0.0
46042,2023.0,11.0,16.0,17.0,17.10677,17.479687,17.232222,17.416214,16.135866,15.73083,16.557188,16.74264,15.563087,15.199041,15.010856,15.10999,16.830265,16.611948,15.725139,15.571537,16.998959,17.058683,4.0,0.0,4.0,0.0,0.0,0.0,0.0,0.0
46043,2023.0,11.0,16.0,17.0,16.445908,16.24844,20.307646,22.827333,15.75629,15.244892,16.543875,16.728249,15.456733,15.279048,15.011241,15.115679,17.647785,18.141296,15.682156,15.529847,15.451808,15.120366,0.0,0.0,4.0,0.0,0.0,4.0,0.0,0.0
46044,2023.0,11.0,16.0,18.0,16.791582,17.11268,18.288773,18.58388,16.310247,16.39542,16.529663,16.713028,15.393532,15.240161,15.0107765,15.117701,16.943205,16.549,15.636047,15.483956,15.312565,15.153002,0.0,4.0,4.0,0.0,0.0,0.0,0.0,0.0
46045,2023.0,11.0,16.0,18.0,21.27708,24.779694,17.047955,16.908058,21.164938,24.787123,21.17262,24.713465,15.285577,15.133736,15.01126,15.12185,21.589468,24.72061,21.367243,25.1854,15.22157,15.085447,0.0,4.0,4.0,0.0,0.0,4.0,0.0,0.0
46046,2023.0,11.0,16.0,18.0,21.040346,23.870546,17.172636,17.369617,21.025217,23.94026,21.021055,23.926535,15.192224,15.042115,15.011218,15.1249275,21.061148,23.493406,21.92867,25.719,15.104281,14.967067,4.0,4.0,4.0,0.0,0.0,0.0,0.0,0.0
46047,2023.0,11.0,16.0,18.0,21.14568,23.762897,20.296814,22.836937,21.145178,23.801044,21.148504,23.839874,15.882534,16.411396,15.011416,15.127689,21.430218,23.834045,21.025402,23.699322,14.99946,14.870914,4.0,4.0,4.0,4.0,0.0,0.0,0.0,0.0
46048,2023.0,11.0,16.0,18.0,21.069864,23.373632,20.032618,22.001194,21.104254,23.483007,21.084389,23.479414,20.336042,23.968592,15.137215,15.351344,21.037094,22.884457,21.100904,23.617004,15.00862,14.944189,4.0,0.0,4.0,0.0,4.0,0.0,0.0,0.0
46049,2023.0,11.0,16.0,18.0,21.0981,23.2977,20.078514,21.889908,21.07465,23.223331,21.083267,23.312971,17.150442,17.152468,20.186934,23.686626,21.040894,22.76481,21.079962,23.405716,15.006456,14.979339,4.0,4.0,4.0,0.0,0.0,4.0,0.0,0.0
46050,2023.0,11.0,16.0,19.0,21.06525,23.098389,20.086582,21.777987,21.10109,23.165113,21.103966,23.249876,15.609342,15.212943,17.471926,18.008999,21.05845,22.684862,21.440727,24.003698,15.844978,16.588188,0.0,0.0,0.0,0.0,0.0,4.0,0.0,4.0
46051,2023.0,11.0,16.0,19.0,21.09479,23.094793,18.120266,17.904778,21.069613,22.98221,21.097132,23.136585,16.368786,16.929169,15.74255,15.637509,21.083298,22.667973,21.076805,23.16568,20.25378,23.971764,0.0,4.0,0.0,4.0,0.0,0.0,0.0,0.0
46052,2023.0,11.0,16.0,19.0,21.061737,22.94222,17.352272,17.128817,21.073175,22.915846,21.071518,22.98831,20.319271,23.580845,15.407283,15.260174,21.077103,22.582811,21.076557,23.09292,17.003998,17.036074,4.0,4.0,4.0,0.0,0.0,0.0,0.0,0.0
46053,2023.0,11.0,16.0,19.0,21.161644,23.092049,20.265179,22.44653,21.160593,23.034176,21.161085,23.111557,17.360378,17.328028,15.224328,15.070419,21.124369,22.6022,21.183815,23.249775,15.456255,15.10976,4.0,4.0,4.0,0.0,0.0,4.0,0.0,0.0
46054,2023.0,11.0,16.0,19.0,21.061563,22.852423,20.036272,21.774717,21.067497,22.80173,21.071014,22.888523,15.865714,15.440553,15.082966,14.928381,21.049322,22.413755,21.071081,22.976923,15.364791,15.234093,0.0,4.0,4.0,0.0,0.0,4.0,0.0,0.0
46055,2023.0,11.0,16.0,19.0,21.06342,22.824024,18.372719,18.420242,21.093163,22.833025,21.072527,22.856798,15.793109,15.616858,14.998586,14.877291,21.049421,22.384207,21.073381,22.941391,15.278115,15.151936,4.0,0.0,4.0,0.0,0.0,4.0,0.0,0.0
46056,2023.0,11.0,16.0,20.0,21.164394,22.999924,20.248432,22.25934,21.157545,22.904837,21.162907,23.009287,15.731524,15.590337,15.010385,14.960891,21.131693,22.524399,21.186838,23.135815,15.162169,15.038753,0.0,4.0,4.0,0.0,0.0,4.0,0.0,0.0
46057,2023.0,11.0,16.0,20.0,21.061653,22.768253,18.129314,17.93452,21.066978,22.692247,21.095167,22.864412,15.59923,15.45576,15.008532,15.000334,21.077415,22.408968,21.03331,22.771431,15.059477,14.93504,0.0,4.0,0.0,0.0,0.0,0.0,4.0,0.0
46058,2023.0,11.0,16.0,20.0,21.088175,22.81855,17.70115,17.894821,21.065838,22.665997,21.06451,22.755516,15.476288,15.329283,15.009927,15.034488,21.071795,22.368935,21.096197,22.873804,15.000027,14.904774,4.0,4.0,4.0,0.0,0.0,0.0,0.0,0.0
46059,2023.0,11.0,16.0,20.0,21.159725,22.916847,20.26941,22.437338,21.16544,22.86186,21.162039,22.929176,16.13479,16.66003,15.010288,15.058082,21.126875,22.452663,21.193834,22.998121,15.007798,14.967121,0.0,0.0,4.0,4.0,0.0,0.0,4.0,0.0
46060,2023.0,11.0,16.0,20.0,21.060928,22.696943,18.75823,19.241962,21.084734,22.670925,21.069376,22.72282,20.448746,23.852158,15.009953,15.072912,21.071743,22.317497,21.092531,22.787935,15.006787,14.999117,4.0,0.0,4.0,0.0,0.0,0.0,0.0,0.0
46061,2023.0,11.0,16.0,20.0,21.173918,22.923378,20.269054,22.27206,21.16358,22.802841,21.168262,22.922443,17.237038,17.177597,15.010675,15.085537,21.13869,22.468258,21.183453,22.93786,15.007518,15.025637,0.0,0.0,0.0,0.0,0.0,0.0,0.0,0.0
46062,2023.0,11.0,16.0,21.0,21.05423,22.639423,18.0971,17.86176,21.038303,22.550547,21.088345,22.73758,16.469248,16.694832,15.010392,15.092966,21.05501,22.306444,21.084217,22.706827,15.008078,15.0456505,0.0,4.0,0.0,4.0,0.0,0.0,0.0,0.0
46063,2023.0,11.0,16.0,21.0,21.086168,22.706556,17.186098,16.92592,21.0923,22.64855,21.063913,22.648405,20.502687,23.511864,15.011009,15.10157,21.054815,22.307962,21.083765,22.680635,15.008304,15.060992,0.0,0.0,4.0,4.0,0.0,0.0,0.0,0.0
46064,2023.0,11.0,16.0,21.0,21.07916,22.669367,17.001194,16.763754,21.057312,22.533457,21.068087,22.643356,20.012815,22.346096,15.14151,15.342588,21.05441,22.305693,21.064999,22.656416,15.00889,15.073993,0.0,4.0,4.0,4.0,4.0,0.0,0.0,0.0
46065,2023.0,11.0,16.0,21.0,21.163761,22.798069,17.2692,17.431093,21.166119,22.752182,21.164677,22.824564,20.880106,23.448757,20.212887,23.711138,21.166391,22.508467,21.251366,23.01333,15.725081,16.11939,4.0,0.0,4.0,0.0,4.0,4.0,4.0,0.0
46066,2023.0,11.0,16.0,21.0,21.168308,22.810059,20.296265,22.723646,21.163113,22.703959,21.164984,22.808605,18.307863,18.166939,20.000967,23.020533,21.1347,22.424746,21.194126,22.88486,15.982,16.716763,4.0,4.0,4.0,0.0,4.0,0.0,0.0,4.0
46067,2023.0,11.0,16.0,21.0,21.07765,22.61043,20.032637,21.883549,21.0875,22.555262,21.091011,22.662008,16.632961,16.091856,20.127352,22.843678,21.070126,22.262712,21.042562,22.527863,20.250004,23.922876,4.0,0.0,0.0,0.0,0.0,0.0,4.0,0.0
46068,2023.0,11.0,16.0,22.0,21.0783,22.59767,20.074884,21.762495,21.056683,22.457548,21.060366,22.56062,16.492727,16.256725,17.369051,17.226479,21.070467,22.237755,21.089886,22.636133,16.96546,16.941654,4.0,4.0,4.0,0.0,0.0,0.0,0.0,0.0
46069,2023.0,11.0,16.0,22.0,21.030008,22.51053,20.083326,21.655186,21.087534,22.526606,21.091053,22.625738,16.356302,16.150604,15.838989,15.263922,21.020124,22.136402,21.079908,22.596457,15.384727,14.987126,0.0,0.0,0.0,0.0,0.0,4.0,0.0,0.0
46070,2023.0,11.0,16.0,22.0,21.086359,22.623058,18.149776,17.849342,21.081064,22.4979,21.084827,22.5961,16.166328,15.977615,16.043215,16.04315,21.047682,22.169119,21.081556,22.579649,15.294089,15.131585,0.0,0.0,0.0,0.0,4.0,4.0,0.0,0.0
46071,2023.0,11.0,16.0,22.0,21.07725,22.586191,17.354734,17.063362,21.081467,22.482033,21.085466,22.580456,15.990264,15.805999,20.441021,23.456781,21.074636,22.226408,21.081234,22.561188,15.966819,16.490055,0.0,0.0,0.0,0.0,0.0,0.0,0.0,4.0
46072,2023.0,11.0,16.0,22.0,21.05175,22.499367,17.164228,16.897444,21.034256,22.3969,21.06262,22.561417,16.476673,16.864891,17.860062,18.21104,21.040098,22.118382,21.06282,22.545,20.436747,23.90287,0.0,4.0,0.0,4.0,0.0,4.0,0.0,0.0
46073,2023.0,11.0,16.0,22.0,21.083471,22.573282,16.96392,16.694859,21.067116,22.502298,21.06488,22.57668,20.440157,23.547043,16.338293,16.177736,21.075003,22.195873,21.06511,22.55933,17.073051,16.997025,0.0,0.0,0.0,0.0,0.0,0.0,0.0,0.0
46074,2023.0,11.0,16.0,23.0,21.076672,22.543474,16.790037,16.517878,21.083345,22.497112,21.064718,22.581444,17.758465,17.9854,16.255558,16.32513,21.069275,22.167027,21.02598,22.458992,15.498748,15.054499,0.0,0.0,0.0,0.0,4.0,0.0,4.0,0.0
46075,2023.0,11.0,16.0,23.0,20.180214,20.8178,16.641804,16.369612,19.174698,18.813171,19.485018,19.554377,16.42488,16.273115,15.913301,15.761765,19.970993,20.017153,19.807749,20.100075,15.401607,15.207087,0.0,0.0,0.0,0.0,0.0,4.0,4.0,0.0
46076,2023.0,11.0,16.0,23.0,18.829596,18.459288,16.534098,16.259686,18.655132,18.301907,18.697054,18.44524,16.162893,15.978801,15.956349,16.02266,18.948057,18.332659,18.6022,18.11719,15.335879,15.174578,0.0,0.0,0.0,0.0,4.0,0.0,0.0,0.0
46077,2023.0,11.0,16.0,23.0,18.200089,17.635326,16.432909,16.158955,19.126183,19.427526,18.344435,18.064318,15.993849,15.807121,15.639897,15.473409,18.495596,17.80558,18.013958,17.408829,15.217767,15.057001,0.0,4.0,0.0,0.0,0.0,0.0,0.0,0.0
46078,2023.0,11.0,16.0,23.0,17.889826,17.3271,16.34337,16.071842,18.504194,18.316711,18.090927,17.81451,15.849392,15.658775,15.413934,15.2167225,18.241827,17.563482,17.685413,17.089165,15.110534,14.950322,0.0,0.0,0.0,0.0,0.0,0.0,0.0,0.0
46079,2023.0,11.0,16.0,23.0,18.035889,17.872278,16.258974,15.98899,17.707037,16.994787,17.87524,17.600727,15.722358,15.530559,15.265915,15.060488,18.390886,18.085878,17.425066,16.84161,15.740996,16.225115,0.0,0.0,0.0,0.0,0.0,0.0,0.0,4.0
46080,2023.0,11.0,17.0,0.0,17.964382,17.854692,16.177265,15.905698,17.354227,16.57632,17.68111,17.402187,15.604968,15.409081,15.136694,14.925804,18.340528,18.08657,17.53547,17.29658,15.967607,16.514395,0.0,0.0,0.0,0.0,0.0,0.0,0.0,4.0
46081,2023.0,11.0,17.0,0.0,17.835415,17.736614,16.10718,15.840637,17.494093,17.083042,17.52502,17.257881,15.505893,15.313802,15.030455,14.8242035,18.215223,17.959423,17.441193,17.225906,14.947441,14.747093,0.0,0.0,0.0,0.0,0.0,0.0,0.0,0.0
46082,2023.0,11.0,17.0,0.0,17.683207,17.584852,16.025688,15.758406,17.488312,17.182018,17.34887,17.081854,15.394117,15.199564,15.009665,14.882802,18.072216,17.813248,17.283813,17.065912,15.313796,15.52785,0.0,0.0,0.0,0.0,0.0,0.0,0.0,4.0
46083,2023.0,11.0,17.0,0.0,17.543428,17.444674,15.94895,15.680366,17.364326,17.069088,17.190529,16.922691,15.291598,15.094769,15.158421,15.221178,17.942509,17.681168,17.130165,16.910019,14.942568,14.816512,0.0,0.0,0.0,0.0,4.0,0.0,0.0,0.0
46084,2023.0,11.0,17.0,0.0,17.416712,17.316608,15.877282,15.6064825,17.231243,16.935974,17.04871,16.779198,15.197821,14.997918,14.968762,14.891992,17.824633,17.559994,16.989473,16.766685,15.034717,15.028374,0.0,0.0,0.0,0.0,0.0,0.0,0.0,0.0
46085,2023.0,11.0,17.0,0.0,17.30159,17.199781,15.8091,15.534995,17.107733,16.810394,16.920067,16.647814,15.111821,14.90889,15.019171,15.04858,17.717487,17.449669,16.861725,16.636429,15.034623,15.0521345,0.0,0.0,0.0,0.0,0.0,0.0,0.0,0.0
46086,2023.0,11.0,17.0,1.0,17.199476,17.098795,15.747821,15.473266,16.999224,16.70409,16.807821,16.53736,15.034177,14.8299,15.077558,15.151154,17.621428,17.352371,16.746803,16.520817,15.015614,15.056735,0.0,0.0,0.0,0.0,4.0,0.0,0.0,0.0
46087,2023.0,11.0,17.0,1.0,17.110708,17.015884,15.695294,15.425225,16.904867,16.616587,16.710482,16.44636,15.003055,14.835578,15.075505,15.151132,17.537476,17.271418,16.64514,16.422089,15.018904,15.097052,0.0,0.0,0.0,0.0,4.0,0.0,0.0,0.0
46088,2023.0,11.0,17.0,1.0,17.035,16.950336,15.650874,15.388673,16.825144,16.548958,16.628618,16.376226,15.006515,14.880924,15.001303,15.016427,17.464718,17.204609,16.556572,16.33986,15.48957,15.994467,0.0,0.0,0.0,0.0,4.0,0.0,0.0,4.0
46089,2023.0,11.0,17.0,1.0,16.960712,16.880764,15.605752,15.347422,16.746511,16.476023,16.548462,16.300953,15.00661,14.911684,15.031282,15.086515,17.394732,17.136993,16.471672,16.257141,14.9469,14.905703,0.0,0.0,0.0,0.0,0.0,0.0,0.0,0.0
46090,2023.0,11.0,17.0,1.0,16.883293,16.799322,15.559837,15.301991,16.668732,16.398783,16.469467,16.221708,15.010453,14.946952,15.048666,15.118649,17.327665,17.069845,16.390358,16.175285,15.041321,15.1522045,0.0,0.0,0.0,0.0,0.0,0.0,0.0,0.0
46091,2023.0,11.0,17.0,1.0,16.816343,16.735296,15.519338,15.265197,16.600897,16.336405,16.40073,16.157812,15.011272,14.965736,15.021715,15.087666,17.267876,17.012644,16.317614,16.105022,15.019598,15.112353,0.0,0.0,0.0,0.0,0.0,0.0,0.0,0.0
46092,2023.0,11.0,17.0,2.0,16.76386,16.695644,15.48066,15.230063,16.537298,16.277973,16.33633,16.098032,15.011763,14.983243,15.023928,15.120101,17.211988,16.959293,16.249668,16.039494,15.021418,15.14939,0.0,0.0,0.0,0.0,0.0,0.0,0.0,0.0
46093,2023.0,11.0,17.0,2.0,16.705484,16.637674,15.439782,15.188809,16.473724,16.215748,16.272146,16.034716,15.014069,15.001798,15.024807,15.134801,17.156385,16.903116,16.183193,15.9727545,15.023426,15.168815,0.0,0.0,0.0,0.0,0.0,0.0,0.0,0.0
46094,2023.0,11.0,17.0,2.0,16.645641,16.57609,15.399152,15.147629,16.41223,16.155375,16.210207,15.9734335,15.0151825,15.015798,15.026,15.149304,17.10255,16.8487,16.119225,15.9085045,15.024201,15.18396,0.0,0.0,0.0,0.0,0.0,0.0,0.0,0.0
46095,2023.0,11.0,17.0,2.0,16.587347,16.51606,15.359264,15.107061,16.353014,16.097073,16.15071,15.91439,15.015655,15.027856,15.026868,15.160714,17.050686,16.796232,16.057846,15.84682,15.025021,15.196946,0.0,0.0,0.0,0.0,0.0,0.0,0.0,0.0
46096,2023.0,11.0,17.0,2.0,16.530645,16.457375,15.320091,15.067097,16.295845,16.04062,16.093407,15.857352,15.016303,15.039527,15.027648,15.170688,17.00055,16.745478,15.998755,15.787399,15.026742,15.210063,0.0,0.0,0.0,0.0,0.0,0.0,0.0,0.0
46097,2023.0,11.0,17.0,2.0,16.484001,16.417143,15.284237,15.033023,16.24364,15.992124,16.041246,15.808457,15.385133,15.734332,15.013517,15.154053,16.953545,16.69949,15.943355,15.733353,15.411749,15.930916,0.0,0.0,0.0,4.0,0.0,0.0,0.0,4.0
46098,2023.0,11.0,17.0,3.0,16.432804,16.363802,15.246389,14.994143,16.189945,15.938746,15.987998,15.75489,14.92703,14.856065,15.016266,15.168805,16.906038,16.651163,15.887896,15.6773405,14.961738,15.035007,0.0,0.0,0.0,0.0,0.0,0.0,0.0,0.0
46099,2023.0,11.0,17.0,3.0,16.39147,16.330416,15.207312,14.95232,16.135399,15.882185,15.934018,15.698396,15.019667,15.075703,15.031268,15.206765,16.858797,16.602304,15.833012,15.621033,15.048002,15.233987,0.0,0.0,0.0,0.0,0.0,0.0,0.0,0.0
46100,2023.0,11.0,17.0,3.0,16.355213,16.302584,15.1739645,14.921271,16.088177,15.838773,15.887366,15.655051,15.006903,15.044096,14.997366,15.133636,16.815783,16.560566,15.782826,15.572472,15.433416,15.948419,0.0,0.0,0.0,0.0,4.0,0.0,0.0,4.0
46101,2023.0,11.0,17.0,3.0,16.31111,16.25778,15.13935,14.88696,16.04014,15.79221,15.840236,15.608771,15.011899,15.066369,15.021556,15.200349,16.772963,16.518055,15.733135,15.523275,14.963444,15.028885,0.0,0.0,0.0,0.0,0.0,0.0,0.0,0.0
46102,2023.0,11.0,17.0,3.0,16.262098,16.204302,15.101683,14.846084,15.989033,15.73839,15.790082,15.555435,15.020658,15.095363,15.033165,15.232531,16.728966,16.472088,15.682416,15.470724,15.121084,15.345683,0.0,0.0,0.0,0.0,0.0,0.0,0.0,4.0
46103,2023.0,11.0,17.0,3.0,16.216015,16.15607,15.067192,14.811314,15.942222,15.692232,15.744261,15.509766,15.021399,15.101998,15.0337,15.233008,16.687847,16.43086,15.6349,15.423312,15.045091,15.191808,0.0,0.0,0.0,0.0,0.0,0.0,0.0,0.0
46104,2023.0,11.0,17.0,4.0,16.169636,16.106836,15.033045,14.776857,15.89632,15.646903,15.699292,15.464922,15.022063,15.111088,15.007201,15.166666,16.647688,16.390598,15.588627,15.377148,15.122203,15.344554,0.0,0.0,0.0,0.0,4.0,0.0,0.0,4.0
46105,2023.0,11.0,17.0,4.0,16.126953,16.064672,15.001128,14.746437,15.852948,15.6057625,15.65695,15.424325,15.022143,15.118284,15.034548,15.256439,16.609913,16.354242,15.54475,15.334672,15.046749,15.209227,0.0,0.0,0.0,0.0,0.0,0.0,0.0,0.0
46106,2023.0,11.0,17.0,4.0,16.083918,16.020391,15.002263,14.779397,15.810762,15.565727,15.615742,15.384832,15.023765,15.128594,15.034831,15.250006,16.573448,16.319187,15.502362,15.293673,15.049958,15.24575,0.0,0.0,0.0,0.0,0.0,0.0,0.0,0.0
46107,2023.0,11.0,17.0,4.0,16.050188,15.994407,15.003167,14.8016,15.769396,15.526441,15.575248,15.346045,15.024092,15.135556,15.035012,15.254134,16.537909,16.285051,15.461083,15.253772,15.028692,15.227966,0.0,0.0,0.0,0.0,0.0,0.0,0.0,0.0
46108,2023.0,11.0,17.0,4.0,16.011951,15.956261,15.004796,14.823477,15.728792,15.487845,15.535447,15.30792,15.023852,15.141681,15.008478,15.186638,16.503204,16.251745,15.420826,15.214884,15.030634,15.256446,0.0,0.0,0.0,0.0,4.0,0.0,0.0,0.0
46109,2023.0,11.0,17.0,4.0,15.972106,15.915632,15.005295,14.840911,15.688791,15.449791,15.496259,15.270351,15.025041,15.150539,15.009487,15.206706,16.469181,16.219112,15.381389,15.176807,15.031904,15.272904,0.0,0.0,0.0,0.0,4.0,0.0,0.0,0.0
46110,2023.0,11.0,17.0,5.0,15.93528,15.880907,15.003601,14.851982,15.653015,15.41944,15.461191,15.240284,15.011487,15.132401,15.020097,15.204459,16.43777,16.191017,16.410238,17.148117,15.015234,15.254385,0.0,0.0,0.0,0.0,4.0,0.0,4.0,0.0
46111,2023.0,11.0,17.0,5.0,15.905903,15.861303,15.004369,14.867923,15.613668,15.380077,15.421821,15.200982,15.013852,15.144355,15.034733,15.23268,16.40359,16.15692,15.570228,15.180707,15.34326,15.861335,0.0,0.0,0.0,0.0,0.0,0.0,0.0,4.0
46112,2023.0,11.0,17.0,5.0,15.874429,15.831692,15.004774,14.882293,15.573538,15.339279,15.3819475,15.160301,15.014029,15.151548,15.031809,15.215562,16.368849,16.121817,16.131792,16.572338,14.968687,15.148965,0.0,0.0,0.0,0.0,0.0,0.0,4.0,0.0
46113,2023.0,11.0,17.0,5.0,15.831958,15.784123,15.005127,14.895911,15.534314,15.299419,15.342507,15.120312,15.014148,15.15813,15.000692,15.162395,16.33429,16.087015,15.449667,15.010622,15.036015,15.283343,0.0,0.0,0.0,0.0,4.0,0.0,0.0,0.0
46114,2023.0,11.0,17.0,5.0,16.595833,17.253178,15.360208,15.565283,15.49496,15.259452,15.303289,15.080481,15.014627,15.165291,15.022571,15.236743,16.29985,16.05241,15.06427,14.587888,15.055899,15.2811575,4.0,0.0,0.0,0.0,0.0,0.0,0.0,4.0
46115,2023.0,11.0,17.0,5.0,16.862345,17.512747,15.065443,14.90954,15.454948,15.21856,15.264046,15.040025,15.014339,15.170367,15.018487,15.241302,16.26526,16.017113,15.003313,14.582857,15.051811,15.276583,0.0,0.0,0.0,0.0,0.0,0.0,0.0,4.0
46116,2023.0,11.0,17.0,6.0,15.903315,15.612702,15.012238,14.924175,15.416403,15.180807,15.22666,15.002864,15.014579,15.175913,15.019214,15.25131,16.232016,15.984262,15.009619,14.651616,15.027627,15.26707,0.0,0.0,0.0,0.0,0.0,0.0,0.0,0.0
46117,2023.0,11.0,17.0,6.0,21.111847,24.940954,15.005946,14.928635,20.854649,24.686325,20.70469,24.573002,15.0153,15.182652,15.019489,15.258931,20.371832,23.021065,20.952961,24.72007,15.029918,15.281885,0.0,0.0,0.0,0.0,0.0,0.0,0.0,0.0
46118,2023.0,11.0,17.0,6.0,20.909712,23.985214,15.006881,14.944706,21.01175,24.32441,21.03094,24.504818,15.015264,15.186029,15.019435,15.264107,20.988348,23.887583,21.416693,25.107859,15.028463,15.276402,0.0,0.0,0.0,0.0,0.0,0.0,0.0,0.0
46119,2023.0,11.0,17.0,6.0,21.132391,23.998655,15.007335,14.958038,21.101347,24.063238,21.10318,24.193447,15.014774,15.187164,15.019377,15.266979,21.534863,24.473385,22.344751,26.274904,15.016494,15.268555,0.0,0.0,0.0,0.0,0.0,0.0,0.0,0.0
46120,2023.0,11.0,17.0,6.0,21.095274,23.651157,15.007641,14.9700575,21.080162,23.729206,21.08453,23.856167,15.014426,15.187076,15.019294,15.268512,21.922089,24.834892,22.83625,26.703648,15.01797,15.277344,0.0,0.0,0.0,0.0,0.0,0.0,0.0,0.0
46121,2023.0,11.0,17.0,6.0,21.08396,23.481892,15.007737,14.980875,21.09036,23.542358,21.094593,23.665085,15.238538,15.591728,15.019606,15.270371,20.985073,22.889944,21.088556,23.326008,15.326553,15.835282,0.0,0.0,0.0,4.0,0.0,0.0,0.0,4.0
46122,2023.0,11.0,17.0,7.0,21.082647,23.368837,15.008192,14.99182,21.085693,23.382513,21.089977,23.502842,20.315851,24.137812,15.019626,15.273484,21.083704,22.983177,21.111914,23.303467,20.41695,24.627705,0.0,0.0,0.0,0.0,0.0,0.0,0.0,4.0
46123,2023.0,11.0,17.0,7.0,21.080305,23.277777,15.008412,15.001236,21.08411,23.266363,21.08822,23.383465,17.140886,17.475859,15.019809,15.2764015,21.071032,22.87391,21.080793,23.185905,20.05648,23.349533,0.0,0.0,0.0,0.0,0.0,0.0,0.0,0.0
46124,2023.0,11.0,17.0,7.0,21.079266,23.207855,15.008849,15.010507,21.082386,23.17585,21.086248,23.289673,15.444101,15.252812,14.999657,15.223695,21.07081,22.80669,21.083202,23.140472,17.37761,17.747286,0.0,0.0,0.0,0.0,4.0,0.0,0.0,4.0
46125,2023.0,11.0,17.0,7.0,21.663244,23.898811,15.776653,15.393398,21.657043,23.833584,21.628859,23.904533,15.114127,14.901543,20.107376,23.924372,21.463837,23.272066,21.774652,23.990236,20.622522,23.814627,0.0,0.0,0.0,0.0,4.0,0.0,0.0,0.0
46126,2023.0,11.0,17.0,7.0,20.901754,22.603804,14.993284,14.939418,20.90879,22.549334,20.9135,22.666334,15.3162365,15.072963,20.023663,23.278189,20.948067,22.351353,20.875864,22.460464,17.27628,17.085629,0.0,0.0,0.0,0.0,0.0,0.0,0.0,0.0
46127,2023.0,11.0,17.0,7.0,21.10555,23.028976,15.0116005,14.992361,21.082483,22.88425,21.109257,23.057629,14.990615,14.829743,17.060373,17.122095,21.081663,22.617754,21.111757,22.95816,16.532356,16.83172,0.0,4.0,0.0,0.0,4.0,0.0,0.0,4.0
46128,2023.0,11.0,17.0,8.0,21.488935,23.449392,15.588942,15.778696,21.498228,23.382164,21.470741,23.433428,15.644869,15.822291,20.12282,22.960865,21.336536,22.913733,21.5702,23.478476,20.567785,23.645983,0.0,0.0,0.0,0.0,0.0,4.0,0.0,0.0
46129,2023.0,11.0,17.0,8.0,19.32498,19.522728,15.737124,16.027199,19.307123,19.317793,19.680698,20.185453,15.279696,15.13327,17.436823,17.53706,19.80758,19.846853,19.175873,19.14847,17.977642,18.338795,4.0,4.0,4.0,0.0,4.0,0.0,0.0,4.0
46130,2023.0,11.0,17.0,8.0,19.14762,19.63291,19.985567,23.34653,17.904087,17.120266,18.445915,18.227842,15.668596,16.093515,20.32841,22.829084,18.491491,17.751675,19.332443,19.946571,21.306803,24.305746,0.0,0.0,0.0,4.0,0.0,0.0,4.0,0.0
46131,2023.0,11.0,17.0,8.0,19.045622,19.590834,17.853045,18.586739,17.836212,17.506454,17.357529,16.596249,20.49892,24.213387,17.717876,17.693367,17.91085,17.13528,18.019258,17.473984,18.085253,17.928558,4.0,4.0,0.0,4.0,4.0,0.0,0.0,0.0
46132,2023.0,11.0,17.0,8.0,17.770336,17.335258,20.24865,23.33953,17.792864,17.576982,16.788782,15.960975,20.460323,23.667425,20.39016,22.98838,18.775368,19.137531,17.167568,16.517847,16.226234,15.65961,0.0,4.0,0.0,0.0,4.0,4.0,0.0,0.0
46133,2023.0,11.0,17.0,8.0,17.738668,17.753681,17.56535,17.657309,16.976753,16.22881,16.826458,16.374857,17.70975,17.937313,20.052876,22.252989,17.880789,17.252537,17.807545,18.072723,15.986491,15.709745,4.0,0.0,0.0,4.0,4.0,0.0,4.0,0.0
46134,2023.0,11.0,17.0,9.0,17.056374,16.531889,20.142439,22.925192,17.102129,16.820412,17.491621,17.759254,20.903465,24.025187,20.121086,22.21899,18.036343,18.011621,17.067484,16.565767,15.795273,15.564107,0.0,4.0,4.0,0.0,0.0,4.0,0.0,0.0
46135,2023.0,11.0,17.0,9.0,17.321808,17.35818,17.47508,17.343363,17.208067,17.045544,17.705973,18.09049,17.67556,17.516441,17.56976,17.197151,17.451893,16.860077,16.466036,15.86974,15.563148,15.347512,0.0,4.0,4.0,0.0,0.0,0.0,0.0,0.0
46136,2023.0,11.0,17.0,9.0,17.413086,17.536919,16.953741,16.90904,16.498903,15.796786,16.59487,15.991802,16.332514,15.656848,16.812368,16.409498,17.071745,16.37926,16.225842,15.62888,15.392632,15.184225,4.0,0.0,0.0,0.0,0.0,0.0,0.0,0.0
46137,2023.0,11.0,17.0,9.0,16.667746,16.194735,20.226463,22.86678,16.151037,15.373715,16.102598,15.342314,16.236595,15.906015,16.581991,16.254108,16.88424,16.20107,17.46447,18.174719,15.239857,15.042069,4.0,0.0,0.0,0.0,0.0,0.0,4.0,0.0
46138,2023.0,11.0,17.0,9.0,17.00523,17.10991,20.05155,22.20835,16.605011,16.413675,16.525333,16.351229,16.054491,15.791246,16.263802,15.957332,17.074703,16.761063,17.530668,17.896584,16.000853,16.614712,4.0,4.0,4.0,0.0,0.0,0.0,4.0,4.0
46139,2023.0,11.0,17.0,9.0,17.172316,17.35082,20.111118,22.145111,16.799822,16.723488,16.702368,16.643183,15.807868,15.564822,15.988949,15.69985,17.100487,16.831968,16.450499,15.955061,20.353588,23.962063,0.0,4.0,4.0,0.0,0.0,0.0,0.0,4.0
46140,2023.0,11.0,17.0,10.0,16.450933,16.038034,17.741278,17.469408,16.796339,16.747421,16.025505,15.420104,15.593815,15.364361,15.762007,15.491153,17.02608,16.766333,15.956643,15.420942,20.058779,22.943132,0.0,4.0,0.0,0.0,0.0,0.0,0.0,0.0
46141,2023.0,11.0,17.0,10.0,16.809534,16.967781,16.716124,16.39914,16.777142,16.756212,15.649995,14.975259,15.41763,15.204218,15.574359,15.323361,16.95627,16.706638,15.781784,15.264206,17.095112,16.92442,0.0,4.0,0.0,0.0,0.0,0.0,0.0,0.0
46142,2023.0,11.0,17.0,10.0,16.972382,17.23411,16.491016,16.186737,16.76698,16.775307,15.523346,14.863335,15.288873,15.081943,15.434278,15.19044,16.902514,16.659925,15.67141,15.17148,16.014105,15.450728,0.0,4.0,0.0,0.0,0.0,0.0,0.0,0.0
46143,2023.0,11.0,17.0,10.0,16.989754,17.271677,16.772165,16.896326,16.7563,16.791536,16.411667,16.674072,15.186814,15.0000925,15.718547,15.843848,16.85926,16.628668,15.844533,15.628906,15.96115,15.713519,4.0,4.0,4.0,0.0,4.0,0.0,0.0,0.0
46144,2023.0,11.0,17.0,10.0,16.996944,17.296364,20.295734,23.205935,16.086622,15.575534,16.456512,16.60454,15.094709,14.920381,20.04116,23.260185,16.82079,16.599922,16.896614,17.624613,15.817424,15.624249,4.0,0.0,4.0,0.0,0.0,0.0,4.0,0.0
46145,2023.0,11.0,17.0,10.0,17.01059,17.33619,20.043247,22.308685,16.417784,16.430315,16.402725,16.527746,14.99981,14.843671,17.689764,18.12497,16.78349,16.572615,16.09794,15.754801,15.622592,15.448456,4.0,4.0,4.0,0.0,0.0,0.0,0.0,0.0
46146,2023.0,11.0,17.0,11.0,17.015583,17.358982,20.10442,22.20501,15.96256,15.489561,16.42358,16.56866,15.009028,14.922725,16.466364,16.636356,16.751696,16.550097,15.62536,15.212399,16.433792,17.143787,0.0,0.0,4.0,0.0,4.0,0.0,0.0,4.0
46147,2023.0,11.0,17.0,11.0,16.34739,16.12863,18.122387,18.219273,15.638099,15.098605,15.772936,15.356943,15.263198,15.080141,20.276876,23.085566,16.723362,16.529024,15.504624,15.099863,20.416443,23.811178,4.0,0.0,0.0,0.0,0.0,0.0,0.0,0.0
46148,2023.0,11.0,17.0,11.0,15.977904,15.665491,20.258762,22.575588,16.223497,16.303175,15.426031,14.920504,15.731624,16.237295,17.928326,18.308193,16.697414,16.509691,15.425101,15.0341835,17.433727,17.494482,4.0,4.0,0.0,4.0,0.0,0.0,0.0,0.0
46149,2023.0,11.0,17.0,11.0,15.843403,15.536761,20.056639,21.977947,16.493002,16.67752,15.315963,14.820805,20.313244,24.05574,16.451065,16.302353,16.674784,16.493462,15.568325,15.397406,15.830479,15.466101,0.0,4.0,0.0,0.0,0.0,0.0,0.0,0.0
46150,2023.0,11.0,17.0,11.0,16.509424,16.870796,18.266705,18.403908,16.537426,16.742865,15.94649,16.080961,17.15112,17.281658,16.090834,15.907682,17.422615,17.928432,16.662355,17.439877,15.652359,15.471225,4.0,4.0,4.0,0.0,0.0,4.0,4.0,0.0
46151,2023.0,11.0,17.0,11.0,16.719238,17.157118,20.24093,22.205637,16.559172,16.781992,16.181116,16.431091,15.923704,15.494328,15.921914,15.731061,17.73164,18.34466,15.812112,15.572478,15.560097,15.411302,4.0,4.0,4.0,0.0,0.0,4.0,0.0,0.0
46152,2023.0,11.0,17.0,12.0,16.77003,17.206867,20.041727,21.71939,16.577532,16.813662,16.24403,16.505348,15.782717,15.581728,15.768349,15.588475,16.831839,16.502398,15.381389,15.050729,15.4240885,15.286393,4.0,4.0,4.0,0.0,0.0,0.0,0.0,0.0
46153,2023.0,11.0,17.0,12.0,20.813698,24.158726,20.07519,21.72286,21.182154,24.805574,20.478994,23.767248,15.662575,15.497025,15.637087,15.465003,21.17366,24.183409,21.472782,25.540586,15.297602,15.163996,4.0,4.0,0.0,0.0,0.0,4.0,4.0,0.0
46154,2023.0,11.0,17.0,12.0,21.049648,24.07416,20.069221,21.66565,21.018055,23.955946,21.108639,24.37489,16.360027,16.956596,15.527286,15.361761,21.418905,24.265673,21.43252,25.00408,15.193195,15.064387,4.0,4.0,0.0,4.0,0.0,4.0,0.0,0.0
46155,2023.0,11.0,17.0,12.0,21.10824,23.86641,20.068722,21.630735,21.115517,23.81241,21.085085,23.91501,20.330418,23.66567,15.439276,15.282394,21.499336,24.094818,21.879925,25.288015,16.157705,16.970045,4.0,0.0,4.0,4.0,0.0,0.0,0.0,4.0
46156,2023.0,11.0,17.0,12.0,21.071201,23.54064,20.067476,21.60168,21.098385,23.53396,21.08694,23.657526,20.04904,22.694515,15.796986,16.029005,21.029451,22.943836,20.998608,23.364197,20.391912,24.060099,4.0,0.0,4.0,0.0,4.0,4.0,0.0,4.0
46157,2023.0,11.0,17.0,12.0,21.097294,23.449564,20.063845,21.572042,21.071568,23.28832,21.081085,23.462883,17.462566,17.416246,20.413336,23.68175,21.086903,22.923306,21.08793,23.393616,20.702032,23.943909,4.0,4.0,4.0,0.0,0.0,0.0,0.0,0.0
46158,2023.0,11.0,17.0,13.0,21.065884,23.247864,20.082045,21.60206,21.075481,23.176102,21.079664,23.326393,16.176235,15.798768,17.832466,18.315844,21.076765,22.781853,21.039724,23.15845,17.775167,17.856453,0.0,4.0,4.0,0.0,0.0,0.0,4.0,0.0
46159,2023.0,11.0,17.0,13.0,21.09494,23.238855,18.627403,18.77519,21.072899,23.081274,21.077457,23.22099,16.853273,17.397547,16.331566,16.262913,21.04672,22.610968,21.098654,23.191515,16.196917,15.865767,4.0,4.0,4.0,4.0,0.0,4.0,0.0,0.0
46160,2023.0,11.0,17.0,13.0,21.06202,23.08372,20.23186,22.101398,21.071117,23.009195,21.075724,23.14168,20.351517,23.326164,15.998377,15.85699,21.049585,22.553347,21.086834,23.078794,15.817737,15.482021,4.0,4.0,4.0,4.0,0.0,4.0,0.0,0.0
46161,2023.0,11.0,17.0,13.0,21.064478,23.037169,20.04652,21.642399,21.068148,22.949677,21.072681,23.077677,20.036472,22.395916,15.816213,15.666902,21.046707,22.499287,21.084549,23.003742,15.785945,15.646346,0.0,4.0,4.0,0.0,0.0,4.0,0.0,0.0
46162,2023.0,11.0,17.0,13.0,21.089485,23.06412,18.268568,18.177706,21.068014,22.905224,21.09675,23.097416,18.238764,18.670929,15.700284,15.562252,21.04655,22.459589,21.032297,22.845852,15.693296,15.570715,0.0,4.0,0.0,4.0,0.0,4.0,4.0,0.0
46163,2023.0,11.0,17.0,13.0,21.083242,23.010206,17.43016,17.272913,21.066704,22.866173,21.066374,22.974358,20.38343,22.811823,15.59748,15.465557,21.045431,22.425337,21.093079,22.948109,15.569738,15.454904,0.0,4.0,4.0,0.0,0.0,4.0,0.0,0.0
46164,2023.0,11.0,17.0,14.0,21.082249,22.970585,17.623825,17.86687,21.06548,22.832926,21.070576,22.951185,17.920092,17.895115,15.906855,16.131758,21.044403,22.396572,21.08179,22.883677,15.461511,15.353791,4.0,4.0,4.0,0.0,4.0,4.0,0.0,0.0
46165,2023.0,11.0,17.0,14.0,19.388018,19.713215,20.331997,22.776308,19.524637,19.853676,19.405926,19.734465,16.655306,16.312996,20.417814,23.639471,19.320993,19.090044,19.006405,18.860682,15.369187,15.26969,0.0,4.0,4.0,0.0,0.0,0.0,0.0,0.0
46166,2023.0,11.0,17.0,14.0,19.097847,19.78178,18.434464,18.808752,18.731596,18.914248,17.970703,17.64902,16.462227,16.289984,17.905752,18.433197,18.458372,18.022436,18.905172,19.402285,15.28452,15.190544,0.0,4.0,0.0,0.0,0.0,0.0,4.0,0.0
46167,2023.0,11.0,17.0,14.0,18.77969,19.221333,17.950447,18.22648,18.519087,18.698566,17.467958,17.032274,16.344212,16.204353,17.095592,17.304136,18.195032,17.74629,17.992151,17.71915,15.215419,15.124532,4.0,4.0,0.0,0.0,4.0,0.0,0.0,0.0
46168,2023.0,11.0,17.0,14.0,17.90448,17.739937,20.231285,22.384392,18.363405,18.559109,17.19174,16.766588,16.19576,16.065454,20.255068,22.97295,18.00543,17.570215,17.514454,17.14422,15.149058,15.062472,0.0,4.0,0.0,0.0,0.0,0.0,0.0,0.0
46169,2023.0,11.0,17.0,14.0,17.415762,17.182083,18.233232,18.279936,18.206623,18.419182,17.863459,18.297106,16.038885,15.918668,18.119404,18.517254,18.037167,17.83613,17.21862,16.860762,16.060215,16.847445,0.0,4.0,4.0,0.0,0.0,0.0,0.0,4.0
46170,2023.0,11.0,17.0,15.0,17.210314,16.976795,17.512653,17.34248,17.46871,17.145834,17.804415,18.11407,15.9196615,15.803777,17.081114,16.95381,17.99348,17.837261,17.019852,16.671587,20.396772,24.213694,0.0,0.0,4.0,0.0,0.0,0.0,0.0,4.0
46171,2023.0,11.0,17.0,15.0,17.994268,18.657389,17.259335,17.113838,17.670404,17.831045,17.623356,17.894218,15.789409,15.67775,16.71596,16.56718,17.878258,17.729696,16.995354,16.835936,20.046072,23.026457,0.0,4.0,4.0,0.0,0.0,0.0,0.0,0.0
46172,2023.0,11.0,17.0,15.0,17.989985,18.46227,17.021246,16.873255,17.762936,17.990984,17.530607,17.795456,16.432154,16.996803,16.45556,16.305584,17.76375,17.618727,16.90529,16.774181,17.277508,17.342163,0.0,4.0,4.0,4.0,0.0,0.0,0.0,0.0
46173,2023.0,11.0,17.0,15.0,17.23911,17.122839,17.303978,17.537714,17.699203,17.926441,16.819513,16.519857,20.353535,23.732897,16.657875,16.839561,18.478329,19.055937,16.790009,16.66387,16.289263,15.970269,4.0,4.0,0.0,4.0,4.0,4.0,0.0,0.0
46174,2023.0,11.0,17.0,15.0,16.805887,16.573442,20.333088,22.941221,16.977592,16.646688,17.072931,17.255863,21.22769,24.588387,20.443596,23.246906,18.4459,18.773428,16.662918,16.541597,15.8994055,15.574376,4.0,0.0,4.0,4.0,0.0,4.0,0.0,0.0
46175,2023.0,11.0,17.0,15.0,16.61587,16.371412,20.049376,22.054401,17.227165,17.375546,16.567955,16.252972,19.903389,21.926853,18.09756,18.487476,18.355742,18.657879,16.542887,16.424295,15.793868,15.644085,0.0,4.0,0.0,0.0,0.0,4.0,0.0,0.0
46176,2023.0,11.0,17.0,16.0,16.477697,16.228724,18.053188,18.020273,17.376284,17.59629,16.173563,15.753967,18.278791,18.674109,16.750212,16.672714,17.604292,17.258242,16.432936,16.316553,15.669919,15.549438,0.0,4.0,0.0,4.0,0.0,0.0,0.0,0.0
46177,2023.0,11.0,17.0,16.0,17.384644,18.04476,17.495821,17.342096,16.689539,16.340818,16.709026,16.866102,20.349218,22.508411,16.435286,16.287172,17.284876,16.848524,16.341478,16.22399,15.537285,15.419747,4.0,0.0,4.0,0.0,0.0,0.0,0.0,0.0
46178,2023.0,11.0,17.0,16.0,17.453705,17.901484,20.240242,22.391115,16.278206,15.814533,16.912867,17.145935,18.494093,18.859617,16.601595,16.798613,17.119137,16.676731,16.244383,16.127378,15.395493,15.28174,0.0,0.0,4.0,4.0,4.0,0.0,0.0,0.0
46179,2023.0,11.0,17.0,16.0,17.364462,17.785606,18.12633,18.037054,16.7844,16.897305,16.235764,15.890489,21.670708,24.821714,20.441887,23.284239,16.978436,16.530462,16.14609,16.02085,15.264619,15.151804,0.0,4.0,0.0,0.0,0.0,0.0,0.0,0.0
46180,2023.0,11.0,17.0,16.0,17.344753,17.752258,17.598923,17.781536,16.985716,17.171926,16.531624,16.664656,18.76293,18.811167,18.064247,18.455534,17.935188,18.476202,16.05403,15.92386,15.14714,15.035439,4.0,4.0,4.0,0.0,0.0,4.0,0.0,0.0
46181,2023.0,11.0,17.0,16.0,17.322746,17.71582,20.24018,22.551018,16.969582,17.1465,16.672333,16.877903,17.402956,16.880186,16.942852,16.757132,17.897446,18.184435,15.977486,15.841793,15.054068,14.941496,0.0,4.0,4.0,0.0,0.0,4.0,0.0,0.0
46182,2023.0,11.0,17.0,17.0,16.643347,16.460716,18.736576,19.31232,16.93498,17.098795,16.000185,15.61679,17.138088,16.887762,16.57179,16.37745,17.077105,16.666601,15.897234,15.757406,15.002057,14.92787,4.0,4.0,0.0,0.0,0.0,0.0,0.0,0.0
46183,2023.0,11.0,17.0,17.0,16.962227,17.279234,20.256115,22.324968,16.901182,17.05762,16.319548,16.426893,17.649912,18.106113,16.711887,16.869616,16.722794,16.250109,15.821685,15.678668,15.008884,14.993697,0.0,4.0,4.0,4.0,4.0,0.0,0.0,0.0
46184,2023.0,11.0,17.0,17.0,17.144634,17.514608,18.404343,18.49216,16.867506,17.01741,16.52401,16.701714,21.470036,24.658216,20.44409,23.19711,16.596027,16.116665,15.751274,15.60536,15.232157,15.082208,4.0,4.0,4.0,0.0,0.0,0.0,0.0,0.0
46185,2023.0,11.0,17.0,17.0,17.144066,17.506624,20.246563,22.282213,16.173143,15.7453165,16.52497,16.694967,18.51446,18.501818,18.062704,18.379896,16.494741,16.0133,15.684678,15.535625,14.99447,14.95225,4.0,0.0,4.0,0.0,0.0,0.0,0.0,0.0
46186,2023.0,11.0,17.0,17.0,17.131887,17.486286,20.052122,21.710203,16.477741,16.5447,16.51056,16.671503,16.79289,16.29726,16.677084,16.51312,16.677912,16.468584,16.679102,17.460033,15.011606,15.030589,0.0,4.0,4.0,0.0,0.0,0.0,4.0,0.0
46187,2023.0,11.0,17.0,17.0,17.11453,17.46094,18.109934,17.871283,15.997923,15.555001,16.491545,16.644209,16.595547,16.349354,16.312643,16.11623,17.4836,17.965542,16.858185,17.417902,15.009951,15.062274,0.0,0.0,4.0,0.0,0.0,4.0,4.0,0.0
46188,2023.0,11.0,17.0,18.0,16.436947,16.208584,17.279049,17.012129,16.33171,16.387539,16.468868,16.613274,16.455275,16.25473,16.087347,15.886811,17.51055,17.741934,15.850838,15.498822,15.010554,15.090242,0.0,4.0,4.0,0.0,0.0,4.0,0.0,0.0
46189,2023.0,11.0,17.0,18.0,21.200317,24.735891,17.509354,17.647465,21.117838,24.676924,21.081167,24.602612,16.256474,16.062933,15.901898,15.703456,21.086205,23.935429,20.982286,24.486023,15.011457,15.112077,4.0,4.0,4.0,0.0,0.0,4.0,0.0,0.0
46190,2023.0,11.0,17.0,18.0,21.040426,23.916004,20.246191,22.551983,21.028393,23.92805,21.026733,23.970787,16.073343,15.882183,15.736476,15.536076,21.538134,24.314695,21.427158,24.872868,15.010914,15.123404,4.0,4.0,4.0,0.0,0.0,4.0,0.0,0.0
46191,2023.0,11.0,17.0,18.0,21.083529,23.640512,20.040802,21.850107,21.094797,23.682463,21.09933,23.756998,15.919152,15.73291,16.02306,16.202904,21.029686,23.098295,22.297155,25.850838,15.011065,15.130786,4.0,4.0,4.0,0.0,4.0,0.0,4.0,0.0
46192,2023.0,11.0,17.0,18.0,21.07575,23.400349,20.091728,21.783876,21.082197,23.404549,21.109985,23.554083,15.788717,15.607857,20.309835,23.305592,21.06632,22.95285,21.975521,25.007475,15.706922,16.13578,0.0,4.0,0.0,0.0,0.0,4.0,4.0,0.0
46193,2023.0,11.0,17.0,18.0,21.076147,23.24545,18.06719,17.773554,21.082428,23.22637,21.081158,23.299696,15.669202,15.483482,18.110569,18.704123,21.09062,22.874765,20.950106,22.870382,14.986572,14.991028,0.0,4.0,4.0,0.0,4.0,0.0,4.0,0.0
46194,2023.0,11.0,17.0,19.0,21.074707,23.128958,17.22929,16.928198,21.08025,23.091415,21.084385,23.178337,16.3135,16.786623,20.292505,23.054724,21.084335,22.746017,21.119488,23.169445,15.755188,16.475622,0.0,4.0,4.0,4.0,0.0,0.0,0.0,4.0
46195,2023.0,11.0,17.0,19.0,21.072592,23.04003,17.483952,17.598616,21.078182,22.989567,21.081615,23.07775,20.322176,23.596855,17.593973,17.426695,21.08286,22.653673,21.093842,23.054691,19.973288,23.5267,4.0,4.0,4.0,0.0,0.0,0.0,0.0,0.0
46196,2023.0,11.0,17.0,19.0,21.147257,23.122375,20.241972,22.532154,21.076393,22.910746,21.07973,22.999924,17.808384,18.122572,16.04271,15.426078,21.117723,22.694284,21.095083,23.000343,16.790527,16.7511,4.0,4.0,4.0,4.0,0.0,0.0,0.0,0.0
46197,2023.0,11.0,17.0,19.0,21.093084,22.976286,20.058256,21.88135,21.074942,22.848513,21.078524,22.939642,20.455225,23.182629,15.995632,15.717609,21.060284,22.54957,21.055552,22.847717,15.22159,14.807849,0.0,4.0,4.0,0.0,0.0,0.0,4.0,0.0
46198,2023.0,11.0,17.0,19.0,21.088442,22.916239,18.280947,18.270231,21.073622,22.797834,21.077375,22.891756,17.594114,17.406055,15.960233,15.742075,21.03265,22.452446,21.100203,22.932064,15.144198,14.976198,4.0,4.0,4.0,0.0,0.0,4.0,0.0,0.0
46199,2023.0,11.0,17.0,19.0,21.156654,22.989601,20.250008,22.25788,21.16166,22.934145,21.165749,23.049818,16.17043,15.632582,15.804599,15.594592,21.130587,22.594065,21.185375,23.04252,15.066973,14.90894,4.0,4.0,0.0,0.0,0.0,4.0,4.0,0.0
46200,2023.0,11.0,17.0,20.0,21.066315,22.776997,20.036612,21.633928,21.095737,22.784676,21.07015,22.8008,16.949163,17.457075,15.655709,15.442414,21.05304,22.397423,21.098328,22.868511,15.917663,16.625925,4.0,0.0,4.0,4.0,0.0,4.0,0.0,4.0
46201,2023.0,11.0,17.0,20.0,21.091185,22.823862,20.074142,21.584463,21.065348,22.670631,21.074974,22.783457,20.261766,23.010592,15.527646,15.316935,21.052664,22.365026,21.089622,22.824404,20.039124,23.466843,4.0,4.0,4.0,0.0,0.0,4.0,0.0,0.0
46202,2023.0,11.0,17.0,20.0,21.084778,22.783546,20.085747,21.539217,21.069912,22.654737,21.097704,22.824202,17.55278,17.357738,15.416619,15.207742,21.051748,22.336205,21.089622,22.798195,16.955257,16.905478,0.0,4.0,0.0,0.0,0.0,4.0,0.0,0.0
46203,2023.0,11.0,17.0,20.0,21.058662,22.686909,18.50972,18.43984,21.068583,22.631498,21.092052,22.785824,16.163378,15.640306,15.322619,15.118364,21.080359,22.387356,21.070189,22.772749,15.377036,14.962878,4.0,4.0,0.0,0.0,0.0,0.0,0.0,0.0
46204,2023.0,11.0,17.0,20.0,21.15133,22.858313,20.231125,21.98437,21.09272,22.68028,21.091938,22.761183,16.125603,15.903442,15.234697,15.030619,21.117039,22.430677,21.072119,22.779316,16.345367,17.121725,4.0,0.0,0.0,0.0,0.0,0.0,0.0,4.0
46205,2023.0,11.0,17.0,20.0,21.061941,22.666225,20.03852,21.46885,21.06208,22.577097,21.044125,22.669968,16.809544,17.27689,15.155181,14.952511,21.04477,22.240564,21.071476,22.775637,20.326237,23.784609,4.0,4.0,4.0,4.0,0.0,4.0,0.0,0.0
46206,2023.0,11.0,17.0,21.0,21.088205,22.727266,20.070665,21.452183,21.067005,22.570974,21.076023,22.76791,20.416887,23.281372,15.085832,14.8850155,21.078627,22.311682,21.07102,22.768906,17.099781,17.012066,4.0,4.0,0.0,0.0,0.0,0.0,0.0,0.0
46207,2023.0,11.0,17.0,21.0,21.081505,22.694187,20.065712,21.388975,21.065786,22.555395,21.092342,22.758253,17.531433,17.357712,15.025655,14.827399,21.043037,22.201498,21.070583,22.75992,16.491066,16.866982,4.0,4.0,0.0,0.0,0.0,4.0,0.0,4.0
46208,2023.0,11.0,17.0,21.0,21.081474,22.674816,20.06552,21.351055,21.065279,22.54205,21.064821,22.65266,16.117981,15.600556,15.002154,14.831605,21.077415,22.276928,21.070139,22.749472,20.50325,23.662008,4.0,4.0,4.0,0.0,0.0,0.0,0.0,4.0
46209,2023.0,11.0,17.0,21.0,21.06008,22.657381,20.082333,21.370909,21.089434,22.597162,21.068676,22.638906,16.09986,15.893946,15.3516865,15.519224,21.041052,22.167496,21.030483,22.633545,20.04602,22.591097,0.0,0.0,4.0,0.0,4.0,4.0,4.0,0.0
46210,2023.0,11.0,17.0,21.0,21.38704,23.122847,18.611073,18.508377,21.68474,23.338821,21.650587,23.398285,16.03735,15.851151,20.17523,23.407194,21.320898,22.551584,21.522387,23.30958,17.308996,17.08467,4.0,0.0,0.0,0.0,0.0,4.0,4.0,0.0
46211,2023.0,11.0,17.0,21.0,21.164497,22.83607,20.236637,21.884884,21.053526,22.426329,21.071238,22.571188,15.9018135,15.719173,17.638327,18.078608,21.131186,22.286533,21.053257,22.567335,16.009928,15.541595,0.0,0.0,0.0,0.0,0.0,4.0,0.0,0.0
46212,2023.0,11.0,17.0,22.0,21.036318,22.574963,18.31645,18.02509,21.064283,22.493452,21.087902,22.599867,15.782041,15.603314,16.012844,15.863665,21.075174,22.193607,21.08745,22.628317,15.638694,15.176651,0.0,0.0,0.0,0.0,0.0,0.0,0.0,0.0
46213,2023.0,11.0,17.0,22.0,21.067484,22.674942,17.509542,17.222668,21.062754,22.517145,21.063402,22.58956,16.287739,16.651213,16.000061,16.06951,21.038485,22.094465,21.081823,22.605751,15.661254,15.483051,0.0,0.0,0.0,4.0,4.0,4.0,0.0,0.0
46214,2023.0,11.0,17.0,22.0,21.081707,22.667706,17.765652,17.892029,21.062943,22.533176,21.066984,22.619007,21.110931,24.54533,20.318819,23.30117,21.044254,22.104815,21.082338,22.594328,15.578592,15.422718,4.0,0.0,0.0,0.0,0.0,4.0,0.0,0.0
46215,2023.0,11.0,17.0,22.0,21.0782,22.630692,20.236624,22.317652,21.03791,22.47214,21.066101,22.62883,18.710531,19.444643,17.84935,18.209581,21.043474,22.100775,21.063986,22.58083,16.257204,16.840235,4.0,4.0,0.0,4.0,0.0,4.0,0.0,4.0
46216,2023.0,11.0,17.0,22.0,21.058065,22.60577,20.038883,21.659817,21.067766,22.560432,21.041464,22.565306,20.317642,22.888489,16.322409,16.140223,21.073029,22.17312,21.066057,22.596012,20.4963,23.913687,4.0,0.0,4.0,0.0,0.0,0.0,0.0,0.0
46217,2023.0,11.0,17.0,22.0,21.06003,22.615896,20.08615,21.60825,21.083294,22.54807,21.070578,22.648338,17.693157,17.48569,15.989514,15.787912,21.037752,22.069632,21.026854,22.495932,17.767082,18.201504,0.0,0.0,0.0,0.0,0.0,4.0,4.0,4.0
46218,2023.0,11.0,17.0,23.0,21.059841,22.617765,18.217663,17.918427,21.080528,22.510397,21.086634,22.634108,16.971123,16.9916,16.122505,16.202444,21.072538,22.150946,21.090796,22.625368,20.468475,23.411999,0.0,0.0,0.0,4.0,4.0,0.0,0.0,0.0
46219,2023.0,11.0,17.0,23.0,19.582054,19.78163,17.45603,17.168,19.589811,19.66419,19.105085,18.80325,16.401814,15.990409,15.873053,15.730401,20.028814,20.105452,19.059704,18.697447,18.074516,18.493414,0.0,0.0,0.0,0.0,0.0,4.0,0.0,4.0
46220,2023.0,11.0,17.0,23.0,19.591236,20.140734,17.759848,17.894613,18.819244,18.55876,18.544918,18.235102,16.02447,15.520697,15.66227,15.470922,19.725328,19.766272,18.252504,17.669409,16.704943,16.31544,4.0,0.0,0.0,0.0,0.0,4.0,0.0,0.0
46221,2023.0,11.0,17.0,23.0,19.534506,20.129763,17.36212,17.197195,18.486668,18.204256,18.305344,18.039932,16.087301,15.8594475,15.541608,15.348849,18.91728,18.375996,18.197657,17.92877,16.19244,15.719227,0.0,0.0,0.0,0.0,0.0,0.0,0.0,0.0
46222,2023.0,11.0,17.0,23.0,18.422869,18.11203,17.085054,16.836798,18.244514,17.966167,18.067509,17.809948,16.043997,15.863515,15.440905,15.249793,18.490185,17.857891,18.034206,17.811968,15.89515,15.429389,0.0,0.0,0.0,0.0,0.0,0.0,0.0,0.0
46223,2023.0,11.0,17.0,23.0,17.873028,17.376017,17.41236,17.57743,18.03443,17.755325,17.85718,17.59953,16.523659,16.859932,15.347649,15.15551,18.245316,17.611334,17.832806,17.617592,15.919617,15.717156,4.0,0.0,0.0,4.0,0.0,0.0,0.0,0.0
46224,2023.0,11.0,18.0,0.0,17.621048,17.13258,16.71223,16.23672,17.859303,17.588276,17.680023,17.430878,16.05483,15.891246,15.266282,15.076536,18.83928,18.916294,17.656013,17.451353,16.603703,17.127802,0.0,0.0,0.0,0.0,0.0,4.0,0.0,4.0
46225,2023.0,11.0,18.0,0.0,17.4245,16.950335,16.310951,15.656427,17.703323,17.439201,17.521914,17.279793,16.162838,16.235994,15.19164,15.003918,18.192888,17.643108,17.496012,17.299864,15.75096,15.3917,0.0,0.0,0.0,4.0,0.0,0.0,0.0,0.0
46226,2023.0,11.0,18.0,0.0,17.60258,17.485727,16.43902,16.092754,17.55951,17.2976,17.37596,17.135963,15.63838,15.234997,15.120787,14.932888,17.872992,17.271444,17.347687,17.15491,15.36698,14.937849,0.0,0.0,0.0,0.0,0.0,0.0,0.0,0.0
46227,2023.0,11.0,18.0,0.0,17.571547,17.502567,16.459822,16.207489,17.433,17.176868,17.247404,17.013126,15.975388,16.052155,15.354786,15.427606,17.724613,17.134687,17.213255,17.020454,15.203948,14.785506,0.0,0.0,0.0,4.0,4.0,0.0,0.0,0.0
46228,2023.0,11.0,18.0,0.0,17.481792,17.421501,16.400759,16.164684,17.32005,17.071865,17.132542,16.906164,16.055714,16.142838,15.435622,15.539733,17.904034,17.634558,17.09422,16.905293,16.064411,16.567125,0.0,0.0,0.0,4.0,4.0,0.0,0.0,4.0
46229,2023.0,11.0,18.0,0.0,17.392391,17.337221,16.331425,16.100416,17.214872,16.972393,17.025793,16.804888,15.515666,15.146471,15.165865,15.029903,17.904911,17.67479,16.984253,16.797298,15.335247,15.00045,0.0,0.0,0.0,0.0,0.0,0.0,0.0,0.0
46230,2023.0,11.0,18.0,1.0,17.306435,17.254827,16.263893,16.03614,17.117136,16.878922,16.926922,16.709887,15.829509,15.90326,15.014042,14.835523,18.591438,19.036596,16.882538,16.696356,15.009722,14.612069,0.0,0.0,0.0,4.0,0.0,4.0,0.0,0.0
46231,2023.0,11.0,18.0,1.0,17.227287,17.180176,16.20112,15.977378,17.0287,16.795908,16.837133,16.62534,15.388346,15.014194,15.228034,15.2932,17.734411,17.263672,16.790527,16.60641,15.0128,14.726785,0.0,0.0,0.0,0.0,4.0,0.0,0.0,0.0
46232,2023.0,11.0,18.0,1.0,17.137983,17.090557,16.129827,15.90599,16.930115,16.697432,16.736967,16.525045,15.063929,14.627746,15.036949,14.867917,17.304525,16.754045,16.690325,16.504526,15.052987,14.907997,0.0,0.0,0.0,0.0,0.0,0.0,0.0,0.0
46233,2023.0,11.0,18.0,1.0,17.070147,17.026455,16.075813,15.854753,16.856049,16.627573,16.66173,16.453793,15.223772,15.055475,15.009037,14.89753,17.199213,16.653448,16.613926,16.42948,15.00337,14.854286,0.0,0.0,0.0,0.0,0.0,0.0,0.0,0.0
46234,2023.0,11.0,18.0,1.0,17.000065,16.963213,16.019878,15.805129,16.779812,16.55956,16.584476,16.384579,15.227339,15.059415,15.007345,14.932054,17.405262,17.168879,16.535471,16.355556,15.672921,16.176971,0.0,0.0,0.0,0.0,0.0,0.0,0.0,4.0
46235,2023.0,11.0,18.0,1.0,16.931316,16.897642,15.964114,15.752286,16.70519,16.48886,16.509398,16.31292,15.179544,15.014683,15.00733,14.957687,17.441267,17.22005,16.45985,16.281462,15.217225,15.094405,0.0,0.0,0.0,0.0,0.0,0.0,0.0,0.0
46236,2023.0,11.0,18.0,2.0,16.866938,16.835506,15.911571,15.702034,16.635635,16.422363,16.43953,16.245663,15.719106,16.07456,15.007783,14.977907,17.398596,17.17977,16.389473,16.211847,15.006965,14.901396,0.0,0.0,0.0,4.0,0.0,0.0,0.0,0.0
46237,2023.0,11.0,18.0,2.0,16.80311,16.768982,15.857302,15.644671,16.565557,16.349703,16.36909,16.172325,16.001593,16.41306,15.0133505,15.005893,17.349949,17.128973,16.320978,16.140846,15.02382,14.973062,0.0,0.0,0.0,4.0,0.0,0.0,0.0,0.0
46238,2023.0,11.0,18.0,2.0,16.748158,16.716017,15.811476,15.601624,16.505796,16.293917,16.308992,16.115965,15.777144,15.880115,15.0067625,15.002653,17.304565,17.084103,16.259813,16.08058,15.003176,14.966748,0.0,0.0,0.0,4.0,0.0,0.0,0.0,0.0
46239,2023.0,11.0,18.0,2.0,16.696877,16.666882,15.767744,15.560188,16.449429,16.241169,16.252308,16.062693,15.1634245,14.789047,15.008954,15.017345,17.260948,17.04135,16.202818,16.024948,15.00831,15.00631,0.0,0.0,0.0,0.0,0.0,0.0,0.0,0.0
46240,2023.0,11.0,18.0,2.0,16.645763,16.616165,15.724044,15.516885,16.393856,16.18691,16.196518,16.007986,15.00732,14.723068,15.008835,15.026124,17.217289,16.997143,16.147583,15.9696665,15.582857,16.108421,0.0,0.0,0.0,0.0,0.0,0.0,0.0,4.0
46241,2023.0,11.0,18.0,2.0,16.596449,16.567272,15.68202,15.475207,16.340918,16.135118,16.143967,15.956111,15.415511,15.543523,15.009043,15.034385,17.175121,16.954687,16.095074,15.917011,15.598665,15.911406,0.0,0.0,0.0,4.0,0.0,0.0,0.0,4.0
46242,2023.0,11.0,18.0,3.0,16.549452,16.520578,15.64159,15.434995,16.290276,16.085484,16.094074,15.906664,14.944543,14.656924,15.009246,15.041854,17.134016,16.913113,16.044806,15.866457,14.942017,14.792218,0.0,0.0,0.0,0.0,0.0,0.0,0.0,0.0
46243,2023.0,11.0,18.0,3.0,16.50164,16.470861,15.601006,15.39312,16.23975,16.034018,16.044308,15.855576,15.018587,14.86525,15.01799,15.066063,17.09343,16.871565,15.995942,15.816636,15.028863,15.041197,0.0,0.0,0.0,0.0,0.0,0.0,0.0,0.0
46244,2023.0,11.0,18.0,3.0,16.464085,16.439932,15.568143,15.364972,16.19785,15.997603,16.002964,15.819355,15.570547,15.919331,15.091026,15.194405,17.057703,16.83828,15.952921,15.776179,15.011687,15.005759,0.0,0.0,0.0,4.0,4.0,0.0,0.0,0.0
46245,2023.0,11.0,18.0,3.0,16.422413,16.397436,15.531427,15.327272,16.151796,15.950951,15.95746,15.772978,15.861904,16.281717,15.0156555,15.039588,17.019855,16.799551,15.908586,15.731133,15.013001,15.046019,0.0,0.0,0.0,4.0,0.0,0.0,0.0,0.0
46246,2023.0,11.0,18.0,3.0,17.180468,17.858074,15.501623,15.302241,16.856441,17.312523,15.919648,15.740571,14.992038,14.72404,15.076082,15.177116,16.986687,16.769207,15.869655,15.6951685,15.008658,15.057803,0.0,4.0,0.0,0.0,4.0,0.0,0.0,0.0
46247,2023.0,11.0,18.0,3.0,16.761305,16.841349,15.469602,15.271601,16.484581,16.410257,15.879633,15.702169,15.329366,15.456993,14.995854,15.034817,16.952932,16.736021,15.830716,15.656922,15.009763,15.078814,0.0,0.0,0.0,4.0,0.0,0.0,0.0,0.0
46248,2023.0,11.0,18.0,4.0,16.202745,15.928373,15.438292,15.2416,15.887706,15.41273,15.840694,15.664709,14.94333,14.707541,15.013063,15.076395,16.919827,16.703455,15.793014,15.619898,15.009877,15.093903,0.0,0.0,0.0,0.0,0.0,0.0,0.0,0.0
46249,2023.0,11.0,18.0,4.0,15.984558,15.658012,15.407063,15.211173,15.666709,15.146682,15.802072,15.626723,15.0218315,14.915566,15.019651,15.095311,16.88756,16.672049,15.756351,15.58395,15.018065,15.123428,0.0,0.0,0.0,0.0,0.0,0.0,0.0,0.0
46250,2023.0,11.0,18.0,4.0,16.183752,16.146376,15.381289,15.1905985,15.86656,15.6373625,15.76965,15.5996475,15.000429,14.8920145,15.071901,15.183325,16.858767,16.646643,15.723549,15.554452,15.504464,16.036392,0.0,0.0,0.0,0.0,4.0,0.0,0.0,4.0
46251,2023.0,11.0,18.0,4.0,16.238445,16.23478,15.354438,15.166797,15.927532,15.740329,15.736631,15.569384,15.006648,14.933482,15.0951185,15.213223,16.829336,16.619335,15.690478,15.52334,14.953137,14.955355,0.0,0.0,0.0,0.0,4.0,0.0,0.0,0.0
46252,2023.0,11.0,18.0,4.0,16.215616,16.216225,15.326498,15.139923,15.90424,15.722761,15.702483,15.535937,15.007826,14.960598,15.017942,15.075386,16.79955,16.590565,15.657359,15.49111,15.035062,15.155541,0.0,0.0,0.0,0.0,0.0,0.0,0.0,0.0
46253,2023.0,11.0,18.0,4.0,16.184689,16.186306,15.301017,15.117475,15.873294,15.695073,15.6711235,15.507436,15.0101,14.980554,15.02008,15.109953,16.77168,16.564884,15.626444,15.462247,15.032167,15.125592,0.0,0.0,0.0,0.0,0.0,0.0,0.0,0.0
46254,2023.0,11.0,18.0,5.0,16.154404,16.158329,15.278228,15.099844,15.844419,15.671788,16.396545,16.898888,15.448732,15.810779,15.008747,15.091043,16.745975,16.542788,15.597925,15.437172,15.007597,15.105491,0.0,0.0,4.0,4.0,0.0,0.0,0.0,0.0
46255,2023.0,11.0,18.0,5.0,16.123137,16.127878,15.254408,15.079492,15.813951,15.644884,16.00892,15.947234,15.073977,14.9514475,15.011045,15.100503,16.719833,16.51917,15.569139,15.410701,15.011547,15.128455,0.0,0.0,0.0,0.0,0.0,0.0,0.0,0.0
46256,2023.0,11.0,18.0,5.0,16.096544,16.105965,15.231379,15.060006,15.784229,15.618688,15.472253,15.074907,15.448916,15.821052,15.010729,15.1041355,16.694572,16.496454,15.541431,15.385314,15.010895,15.138843,0.0,0.0,0.0,4.0,0.0,0.0,0.0,0.0
46257,2023.0,11.0,18.0,5.0,16.080854,16.104647,15.209668,15.04245,16.492472,16.975039,15.299577,14.878439,14.974784,14.850744,15.011127,15.109332,16.670666,16.475706,16.57105,17.348026,15.496091,16.047531,0.0,4.0,0.0,0.0,0.0,0.0,4.0,4.0
46258,2023.0,11.0,18.0,5.0,16.060535,16.088146,15.188009,15.024481,16.798931,17.326181,15.449387,15.254278,15.239589,15.395405,15.056933,15.183985,16.647457,16.455309,15.824779,15.563348,14.980511,15.044099,0.0,4.0,0.0,4.0,4.0,0.0,0.0,0.0
46259,2023.0,11.0,18.0,5.0,16.036013,16.065872,15.166929,15.006918,15.999815,15.734993,15.514103,15.366541,14.969055,14.869246,15.002183,15.095678,16.625278,16.435768,15.418474,15.09256,15.031016,15.156788,0.0,0.0,0.0,0.0,0.0,0.0,0.0,0.0
46260,2023.0,11.0,18.0,6.0,16.010155,16.04125,15.145304,14.987921,15.556526,15.134762,15.497151,15.356479,15.02509,14.997554,15.013204,15.123636,16.602543,16.415009,15.316527,14.986247,15.015176,15.135218,0.0,0.0,0.0,0.0,0.0,0.0,0.0,0.0
46261,2023.0,11.0,18.0,6.0,21.197336,25.043,15.126863,14.974959,20.463034,23.729362,20.725815,24.45822,15.003413,14.983124,15.010771,15.122868,20.547766,23.084332,21.185747,25.03629,15.010866,15.146148,0.0,0.0,0.0,0.0,0.0,0.0,0.0,0.0
46262,2023.0,11.0,18.0,6.0,21.00998,24.148563,15.108095,14.960372,21.047781,24.241726,21.008816,24.35551,15.006819,15.005752,15.01099,15.126203,21.364365,24.30237,21.739525,25.528992,15.517568,16.0969,0.0,0.0,0.0,0.0,0.0,0.0,0.0,4.0
46263,2023.0,11.0,18.0,6.0,21.111881,23.949318,15.090367,14.947207,21.09112,23.91917,21.101412,24.105463,15.453304,15.849424,15.010765,15.127232,21.9026,24.885666,22.304304,25.982576,20.017168,23.730953,0.0,0.0,0.0,4.0,0.0,0.0,0.0,0.0
46264,2023.0,11.0,18.0,6.0,21.095812,23.645452,15.073076,14.934195,21.060556,23.56864,21.087105,23.787182,20.386133,24.286226,15.010579,15.12756,21.680584,24.045462,21.223732,23.796465,17.437675,18.035204,0.0,4.0,0.0,4.0,0.0,4.0,0.0,4.0
46265,2023.0,11.0,18.0,6.0,21.076635,23.44817,15.0567255,14.921886,21.08642,23.453165,21.086191,23.581863,20.041105,23.039148,15.010461,15.127839,21.035067,22.826885,21.104448,23.407152,20.400394,23.841747,0.0,0.0,0.0,0.0,0.0,4.0,0.0,4.0
46266,2023.0,11.0,18.0,7.0,21.051395,23.259615,15.04115,14.910268,21.097094,23.298876,21.083372,23.427582,17.228973,17.227182,15.010309,15.128105,21.086744,22.830503,21.076567,23.239985,20.022802,22.715385,0.0,0.0,0.0,0.0,0.0,0.0,0.0,4.0
46267,2023.0,11.0,18.0,7.0,21.052744,23.178556,15.023249,14.89363,21.090137,23.156525,21.07889,23.30703,16.68824,17.046871,15.171856,15.416861,21.075153,22.710945,21.075544,23.149153,20.072983,22.547297,0.0,0.0,0.0,4.0,4.0,0.0,0.0,4.0
46268,2023.0,11.0,18.0,7.0,21.464014,23.733206,15.485469,15.772983,21.382944,23.44746,21.583593,23.951363,20.649572,23.683233,20.092396,23.742958,21.395203,23.108086,21.764997,23.982574,20.53115,23.080938,4.0,4.0,4.0,0.0,4.0,4.0,0.0,4.0
46269,2023.0,11.0,18.0,7.0,21.685627,23.869452,20.244198,23.869434,21.62531,23.760845,21.500404,23.578915,18.30348,18.760757,20.016283,23.109322,21.49065,23.138262,21.872047,24.153341,21.167707,23.85584,4.0,4.0,4.0,4.0,0.0,4.0,4.0,0.0
46270,2023.0,11.0,18.0,7.0,21.712992,23.829788,20.013788,22.893703,22.021984,24.292326,21.919777,24.428534,20.406694,23.008923,17.22356,17.308739,21.600067,23.221205,22.031378,24.3733,17.81583,17.664968,0.0,4.0,0.0,0.0,0.0,4.0,4.0,0.0
46271,2023.0,11.0,18.0,7.0,20.93538,22.383099,17.735577,18.107658,20.908676,22.278822,20.955076,22.511463,18.31671,18.728218,15.772835,15.416494,20.959095,22.020086,20.89625,22.242952,16.68124,16.305798,4.0,4.0,4.0,4.0,0.0,4.0,0.0,0.0
46272,2023.0,11.0,18.0,8.0,21.964634,24.154537,20.297785,23.101143,21.200977,22.894978,21.183731,23.002058,20.384232,22.779692,16.04302,16.230326,21.61897,23.17541,21.216051,22.925077,16.275452,15.909254,4.0,4.0,0.0,4.0,4.0,4.0,0.0,0.0
46273,2023.0,11.0,18.0,8.0,20.27806,20.699657,20.08838,22.382887,19.631996,19.887753,19.054396,18.908442,20.90887,23.472027,20.359991,23.6226,20.103264,20.333826,19.116732,18.89525,17.134356,17.809166,4.0,4.0,0.0,4.0,4.0,4.0,0.0,4.0
46274,2023.0,11.0,18.0,8.0,18.621206,18.384033,20.082842,22.156778,18.871983,18.998154,18.506653,18.613953,21.135637,23.819433,20.043068,22.61715,19.614416,19.810942,19.051537,19.505278,21.373384,25.004187,4.0,4.0,4.0,0.0,0.0,4.0,4.0,0.0
46275,2023.0,11.0,18.0,8.0,18.72122,19.014309,20.08977,22.033133,18.609928,18.744133,18.397297,18.563326,18.528267,18.479504,17.856459,18.098486,19.446432,19.66037,19.084616,19.572472,18.162277,18.275097,0.0,4.0,4.0,0.0,4.0,4.0,4.0,0.0
46276,2023.0,11.0,18.0,8.0,18.071646,17.864979,18.037415,17.983267,18.427498,18.579025,17.599947,17.244003,17.15023,16.774258,20.376448,22.948198,19.308403,19.535576,18.03292,17.730394,17.426472,17.904856,0.0,4.0,0.0,0.0,0.0,4.0,0.0,4.0
46277,2023.0,11.0,18.0,8.0,18.297161,18.625198,17.083948,16.922577,18.281353,18.448982,17.117952,16.677753,16.898241,16.69674,17.83593,17.877527,18.536451,18.194855,17.445162,17.070063,20.356194,23.070509,0.0,4.0,0.0,0.0,0.0,0.0,0.0,0.0
46278,2023.0,11.0,18.0,9.0,18.385004,18.784487,16.823925,16.665607,18.161139,18.343964,16.881012,16.445538,16.71132,16.546146,16.636389,16.480877,18.063139,17.630577,17.173496,16.805323,17.759756,17.756468,0.0,4.0,0.0,0.0,0.0,0.0,0.0,0.0
46279,2023.0,11.0,18.0,9.0,18.330267,18.74465,17.133928,17.391308,18.082462,18.279297,16.951975,16.746777,16.541952,16.382042,16.398415,16.231964,17.87083,17.433382,17.002659,16.644415,16.80255,16.444696,4.0,4.0,0.0,0.0,0.0,0.0,0.0,0.0
46280,2023.0,11.0,18.0,9.0,17.597002,17.43815,20.25135,22.879168,17.383308,17.051857,16.900505,16.73948,16.392637,16.247066,16.22079,16.06357,17.738625,17.321577,17.029234,16.857473,16.65153,16.476763,0.0,0.0,0.0,0.0,0.0,0.0,0.0,0.0
46281,2023.0,11.0,18.0,9.0,17.197735,16.972034,18.58424,19.264206,16.973934,16.562521,17.501009,17.968262,16.238298,16.10492,16.043768,15.900664,17.804903,17.602428,16.973232,16.83555,16.460173,16.32129,4.0,0.0,4.0,0.0,0.0,0.0,0.0,0.0
46282,2023.0,11.0,18.0,9.0,17.770342,18.173859,20.226608,22.396364,16.822353,16.416584,17.083982,17.110765,16.125465,15.997418,15.920812,15.780333,17.7902,17.629553,16.88593,16.757692,16.291767,16.16167,0.0,0.0,0.0,0.0,0.0,0.0,0.0,0.0
46283,2023.0,11.0,18.0,9.0,17.970037,18.45091,18.176147,18.238876,16.88086,16.68485,16.52729,16.23077,16.01102,15.893504,15.796722,15.669875,17.718649,17.56917,16.789463,16.669538,16.120567,16.002094,0.0,0.0,0.0,0.0,0.0,0.0,0.0,0.0
46284,2023.0,11.0,18.0,10.0,17.300623,17.209974,17.416477,17.249557,16.865728,16.718847,17.048075,17.325584,15.92489,15.811606,15.706768,15.584412,17.653482,17.504725,16.711811,16.595785,15.992911,15.878372,0.0,0.0,4.0,0.0,0.0,0.0,0.0,0.0
46285,2023.0,11.0,18.0,10.0,17.750702,18.215994,17.189604,17.053425,17.518394,18.012655,17.200981,17.55056,15.851932,15.749797,15.629861,15.520102,17.597734,17.4568,17.665266,18.456432,15.885379,15.783321,0.0,4.0,4.0,0.0,0.0,0.0,4.0,0.0
46286,2023.0,11.0,18.0,10.0,17.237272,17.214382,16.99235,16.86697,17.111668,17.15416,16.623642,16.466187,15.788261,15.69547,15.562626,15.463398,17.548885,17.415031,16.831026,16.668024,15.792783,15.700662,0.0,0.0,0.0,0.0,0.0,0.0,0.0,0.0
46287,2023.0,11.0,18.0,10.0,16.946884,16.810032,16.827848,16.706886,16.645878,16.356936,16.337812,16.055317,15.730251,15.64455,15.500906,15.4097185,17.50444,17.376434,16.524122,16.275318,15.709437,15.624275,0.0,0.0,0.0,0.0,0.0,0.0,0.0,0.0
46288,2023.0,11.0,18.0,10.0,16.845083,16.726473,16.698633,16.592901,17.212439,17.531551,16.240332,15.973892,16.46913,17.089487,15.449395,15.368689,17.466862,17.346573,16.435871,16.20449,15.640154,15.565303,0.0,4.0,0.0,4.0,0.0,0.0,0.0,0.0
46289,2023.0,11.0,18.0,10.0,16.914865,16.961248,16.58567,16.49205,16.7857,16.671072,16.308262,16.198277,20.269577,23.581137,15.4019165,15.327823,17.432842,17.3195,16.481712,16.379776,15.578038,15.511678,0.0,0.0,0.0,0.0,0.0,0.0,0.0,0.0
46290,2023.0,11.0,18.0,11.0,16.925392,17.01853,16.468456,16.387049,16.461905,16.234081,16.315302,16.246248,17.616442,17.860645,15.352742,15.285963,17.397976,17.291508,17.494652,18.31227,15.51448,15.455829,0.0,0.0,0.0,0.0,0.0,0.0,4.0,0.0
46291,2023.0,11.0,18.0,11.0,16.892971,16.997993,16.383091,16.307735,16.374453,16.144056,16.278395,16.220297,16.613386,16.393492,15.316304,15.254094,17.36987,17.268316,16.722273,16.626755,15.46488,15.409356,0.0,0.0,0.0,0.0,0.0,0.0,0.0,0.0
46292,2023.0,11.0,18.0,11.0,16.854448,16.966345,16.305805,16.23988,17.187008,17.743462,16.976786,17.573793,16.48404,16.376047,15.283844,15.2271385,18.109623,18.69472,16.445755,16.263763,15.4203615,15.369245,0.0,4.0,4.0,0.0,0.0,4.0,0.0,0.0
46293,2023.0,11.0,18.0,11.0,17.605005,18.416388,16.23795,16.180641,17.446178,18.079586,16.546537,16.627861,16.366156,16.282866,15.256258,15.204771,17.604195,17.591764,16.37166,16.20118,15.3819475,15.33503,0.0,4.0,0.0,0.0,0.0,0.0,0.0,0.0
46294,2023.0,11.0,18.0,11.0,16.994892,17.100237,16.177412,16.129078,16.758078,16.715563,16.213154,16.081161,16.25516,16.180782,15.232858,15.186692,17.322182,17.126715,16.320314,16.163704,15.348967,15.3064375,0.0,0.0,0.0,0.0,0.0,0.0,0.0,0.0
46295,2023.0,11.0,18.0,11.0,16.74221,16.743397,16.619972,17.015245,16.486025,16.324862,16.113283,15.97312,16.161135,16.093706,15.598761,15.893652,17.241783,17.039446,16.362118,16.298153,15.319884,15.281392,4.0,0.0,0.0,0.0,4.0,0.0,0.0,0.0
46296,2023.0,11.0,18.0,12.0,16.675585,16.689327,20.245462,23.265888,16.405989,16.25669,16.147215,16.10561,16.084373,16.026129,20.016277,23.412521,17.305798,17.218424,16.352179,16.297812,15.294975,15.261291,0.0,0.0,0.0,0.0,0.0,0.0,0.0,0.0
46297,2023.0,11.0,18.0,12.0,21.299221,24.914225,18.16372,18.727098,21.220884,24.776608,21.215288,25.056698,16.003365,15.949587,17.797167,18.445518,21.440365,24.30298,22.035799,26.005589,15.266978,15.235374,0.0,0.0,0.0,0.0,0.0,0.0,0.0,0.0
46298,2023.0,11.0,18.0,12.0,21.006107,23.830614,16.852098,16.909922,21.002758,23.819365,21.006556,24.057682,15.933699,15.883556,16.244204,16.252989,20.999706,23.253761,22.358294,26.027,15.24395,15.214261,0.0,0.0,0.0,0.0,0.0,0.0,0.0,0.0
46299,2023.0,11.0,18.0,12.0,21.137749,23.726824,16.54622,16.51524,21.186874,23.822826,21.201231,24.044992,15.876397,15.828518,15.957156,15.901121,21.15158,23.277023,22.987442,26.714191,15.228667,15.201314,0.0,0.0,0.0,0.0,0.0,0.0,0.0,0.0
46300,2023.0,11.0,18.0,12.0,21.07513,23.416002,16.889694,17.276201,21.057652,23.355234,21.06204,23.539286,15.836108,15.795129,15.85139,15.808702,21.049242,22.8917,20.883554,22.650852,15.220933,15.196559,4.0,0.0,0.0,0.0,0.0,0.0,0.0,0.0
46301,2023.0,11.0,18.0,12.0,21.146456,23.399048,20.31216,23.200775,21.165245,23.396736,21.152506,23.532955,15.800301,15.762818,15.760423,15.717166,21.119179,22.894777,21.214914,23.251984,15.2167425,15.195013,0.0,4.0,4.0,0.0,0.0,0.0,0.0,0.0
46302,2023.0,11.0,18.0,13.0,21.074804,23.137693,18.261684,18.795832,21.072311,23.117985,21.077555,23.280767,15.77325,15.739649,15.695773,15.657272,21.05422,22.660503,21.060884,22.883047,15.215501,15.196425,0.0,0.0,0.0,0.0,0.0,0.0,0.0,0.0
46303,2023.0,11.0,18.0,13.0,21.0606,23.04311,16.991604,17.035505,21.050457,22.948296,21.055971,23.104713,15.750113,15.718714,15.6424265,15.605589,21.05128,22.57537,21.062683,22.834963,15.215497,15.198388,0.0,4.0,4.0,0.0,0.0,0.0,0.0,0.0
46304,2023.0,11.0,18.0,13.0,21.131945,23.120018,16.696585,16.675491,21.11477,22.986853,21.165447,23.251465,15.730418,15.701031,15.596394,15.560714,21.109972,22.62018,21.129797,22.913559,15.216467,15.2012205,0.0,4.0,0.0,0.0,0.0,0.0,0.0,0.0
46305,2023.0,11.0,18.0,13.0,21.127314,23.043276,16.550415,16.531185,21.148327,23.000578,21.118288,23.02867,15.714334,15.687082,15.5591345,15.5263605,21.104916,22.543694,21.12539,22.843008,15.21831,15.204819,0.0,0.0,4.0,0.0,0.0,0.0,0.0,0.0
46306,2023.0,11.0,18.0,13.0,21.124155,22.998922,16.438562,16.422457,21.143188,22.92099,21.154402,23.09036,15.70062,15.675272,15.527161,15.496982,21.101933,22.495558,21.122993,22.801527,15.220818,15.209006,0.0,0.0,0.0,0.0,0.0,0.0,0.0,0.0
46307,2023.0,11.0,18.0,13.0,21.121338,22.959484,16.346218,16.333483,21.139177,22.866064,21.149189,23.015516,15.688988,15.665388,15.499721,15.471922,21.047823,22.32852,21.120512,22.762821,15.223708,15.213492,0.0,0.0,0.0,0.0,0.0,4.0,0.0,0.0
46308,2023.0,11.0,18.0,14.0,21.118422,22.924816,16.268185,16.258915,21.119217,22.807728,21.129452,22.958551,15.679115,15.657163,15.476087,15.450516,21.062984,22.335587,21.118559,22.729513,15.226761,15.21806,0.0,0.0,0.0,0.0,0.0,4.0,0.0,0.0
46309,2023.0,11.0,18.0,14.0,19.606983,19.996943,16.670502,17.072218,19.60542,19.885965,19.486008,19.786474,15.670779,15.650422,15.456852,15.434544,19.648787,19.614662,19.555805,19.697157,15.229138,15.22111,4.0,0.0,0.0,0.0,0.0,0.0,0.0,0.0
46310,2023.0,11.0,18.0,14.0,18.938568,19.081068,20.31696,23.364109,18.872963,18.846947,18.710566,18.706839,15.663692,15.644075,15.440835,15.419162,19.099096,18.853338,18.91297,18.824202,15.231153,15.22399,4.0,0.0,0.0,0.0,0.0,0.0,0.0,0.0
46311,2023.0,11.0,18.0,14.0,18.588049,18.70628,20.019175,22.373417,18.500746,18.44672,18.317793,18.290894,15.656127,15.637054,15.4282465,15.407374,18.839052,18.594872,18.572351,18.473143,15.230611,15.2235985,0.0,0.0,0.0,0.0,0.0,0.0,0.0,0.0
46312,2023.0,11.0,18.0,14.0,18.359037,18.49171,18.09509,18.41105,18.250296,18.203081,18.048426,18.029917,15.648781,15.630626,15.420554,15.401512,18.763758,18.645315,18.330557,18.24298,15.227543,15.220702,0.0,0.0,0.0,0.0,0.0,0.0,0.0,0.0
46313,2023.0,11.0,18.0,14.0,18.198938,18.328928,17.242365,17.155716,18.08024,18.02913,17.86553,17.842884,15.641872,15.624252,15.416682,15.399045,18.677761,18.581373,19.208736,20.053484,15.222899,15.216061,0.0,0.0,0.0,0.0,0.0,0.0,4.0,0.0
46314,2023.0,11.0,18.0,15.0,18.059877,18.19241,17.539915,17.925014,18.636847,19.207129,17.70692,17.686985,15.63405,15.616987,15.41142,15.395359,19.373896,20.003878,19.267838,20.01769,15.217271,15.210401,4.0,4.0,0.0,0.0,0.0,4.0,4.0,0.0
46315,2023.0,11.0,18.0,15.0,17.941677,18.076338,20.274088,22.747917,18.174837,18.298088,17.572674,17.555786,15.624312,15.606558,15.403047,15.386877,18.694809,18.614506,18.343512,18.286612,15.210033,15.202124,0.0,0.0,0.0,0.0,0.0,0.0,0.0,0.0
46316,2023.0,11.0,18.0,15.0,18.545527,19.320513,18.481295,18.963139,18.319653,18.763231,17.432745,17.419212,15.613609,15.594983,15.394997,15.378243,19.047642,19.526232,17.866673,17.712713,15.201225,15.192174,0.0,4.0,0.0,0.0,0.0,4.0,0.0,0.0
46317,2023.0,11.0,18.0,15.0,18.697618,19.502817,17.58701,17.606844,18.40117,18.887733,18.04711,18.66315,15.604304,15.584672,15.389579,15.372236,18.468601,18.350147,17.700397,17.535248,15.19245,15.182153,0.0,4.0,4.0,0.0,0.0,0.0,0.0,0.0
46318,2023.0,11.0,18.0,15.0,17.961357,18.09047,17.78577,18.17682,18.389565,18.87297,18.18649,18.832205,15.595502,15.575272,15.382948,15.365414,18.223251,18.025198,17.581175,17.420128,15.18395,15.172746,4.0,4.0,4.0,0.0,0.0,0.0,0.0,0.0
46319,2023.0,11.0,18.0,15.0,18.367464,19.005032,20.255243,22.536121,18.374767,18.856178,17.49604,17.512842,15.586745,15.566135,15.792062,16.141464,18.123133,17.925531,17.556149,17.475592,15.176375,15.164556,4.0,4.0,0.0,0.0,4.0,0.0,0.0,0.0
46320,2023.0,11.0,18.0,16.0,18.513786,19.17167,20.020306,21.843292,18.353704,18.83346,17.101109,17.00359,16.369053,17.048508,20.18967,23.603844,18.130354,18.035616,17.495409,17.429317,15.167543,15.155217,4.0,4.0,0.0,4.0,0.0,0.0,0.0,0.0
46321,2023.0,11.0,18.0,16.0,18.508642,19.166193,20.07364,21.813536,17.758327,17.743254,16.957726,16.84645,20.36477,23.795244,17.877228,18.482414,18.906399,19.551071,17.417465,17.35539,15.158104,15.145549,0.0,0.0,0.0,0.0,0.0,4.0,0.0,0.0
46322,2023.0,11.0,18.0,16.0,17.892082,18.016865,18.809177,19.254206,18.043665,18.479101,16.863441,16.752737,18.215263,18.994534,16.4133,16.43061,18.33752,18.253332,17.344084,17.28449,15.148239,15.135503,4.0,4.0,0.0,4.0,0.0,0.0,0.0,0.0
46323,2023.0,11.0,18.0,16.0,18.321236,18.959635,20.212856,21.962727,17.58819,17.576525,16.875387,16.844627,20.395992,22.854664,16.1861,16.143337,18.823408,19.311186,17.285742,17.227476,15.138959,15.125974,4.0,0.0,0.0,0.0,0.0,4.0,0.0,0.0
46324,2023.0,11.0,18.0,16.0,18.474787,19.120659,20.044582,21.556423,17.905516,18.347803,16.85125,16.839027,18.12157,18.322891,16.064861,16.021454,18.324394,18.214289,17.225454,17.169554,15.128005,15.113393,0.0,4.0,0.0,0.0,0.0,0.0,0.0,0.0
46325,2023.0,11.0,18.0,16.0,18.485165,19.134764,18.596186,18.722504,18.089483,18.570364,17.511135,18.122772,17.009613,16.895102,15.973919,15.934137,18.001543,17.812965,18.24469,19.145126,15.117352,15.101716,0.0,4.0,4.0,0.0,0.0,0.0,4.0,0.0
46326,2023.0,11.0,18.0,17.0,18.490211,19.136843,18.024036,17.980597,18.106766,18.584091,17.721758,18.374083,16.824184,16.74828,15.912968,15.873252,17.905952,17.710155,17.467007,17.432978,15.108564,15.091852,0.0,4.0,4.0,0.0,0.0,0.0,0.0,0.0
46327,2023.0,11.0,18.0,17.0,17.859726,17.954958,17.807016,17.770046,18.116743,18.592552,17.048233,17.04536,16.702412,16.638346,15.857882,15.820436,17.942661,17.853046,17.171349,17.02744,15.101509,15.0842285,0.0,4.0,0.0,0.0,0.0,0.0,0.0,0.0
46328,2023.0,11.0,18.0,17.0,18.331768,18.982084,18.085852,18.451426,18.123493,18.597721,16.78808,16.678617,16.588572,16.528479,15.80886,15.773264,17.926548,17.854158,17.083769,16.939564,15.095657,15.077955,4.0,4.0,0.0,0.0,0.0,0.0,0.0,0.0
46329,2023.0,11.0,18.0,17.0,18.420012,19.070433,20.248053,22.266567,18.127687,18.60037,16.69613,16.584808,16.49247,16.437359,15.764319,15.730665,17.887867,17.816662,17.0192,16.879078,15.090069,15.072128,4.0,4.0,0.0,0.0,0.0,0.0,0.0,0.0
46330,2023.0,11.0,18.0,17.0,18.424723,19.063908,20.034597,21.664171,17.534225,17.49103,17.322378,17.82399,16.3927,16.340883,15.718764,15.686435,18.609547,19.22018,17.033596,16.970287,15.083642,15.065307,0.0,0.0,4.0,0.0,0.0,4.0,0.0,0.0
46331,2023.0,11.0,18.0,17.0,18.431746,19.063223,18.855652,19.263071,17.867176,18.30512,16.946074,16.94631,17.061102,17.677467,15.681732,15.652218,18.069899,17.971292,17.018698,16.965988,15.077921,15.059301,4.0,4.0,0.0,4.0,0.0,0.0,0.0,0.0
46332,2023.0,11.0,18.0,18.0,17.823507,17.92122,20.202848,21.85471,18.0017,18.481598,17.384138,17.866919,20.329388,23.293543,15.654977,15.625772,17.827253,17.633224,16.986002,16.932978,15.073544,15.054519,4.0,4.0,4.0,0.0,0.0,0.0,0.0,0.0
46333,2023.0,11.0,18.0,18.0,21.321978,24.259785,20.042782,21.46501,21.335588,24.281622,21.365385,24.665964,18.442936,19.114056,15.627393,15.599858,21.333862,23.79678,21.605898,24.87692,15.069878,15.050985,0.0,0.0,4.0,4.0,0.0,4.0,0.0,0.0
46334,2023.0,11.0,18.0,18.0,21.029009,23.326527,18.641495,18.720982,21.003498,23.235344,21.011251,23.54793,20.313614,22.813168,15.604194,15.57687,21.011269,22.957245,20.969307,23.333492,15.071331,15.052075,0.0,4.0,4.0,0.0,0.0,4.0,4.0,0.0
46335,2023.0,11.0,18.0,18.0,21.049427,23.105213,18.377167,18.732174,21.061325,23.107185,21.093039,23.446281,18.694803,19.31366,15.950588,16.241383,21.044313,22.791584,21.052708,23.19698,16.058233,16.910286,4.0,4.0,0.0,4.0,4.0,4.0,4.0,4.0
46336,2023.0,11.0,18.0,18.0,21.07222,23.009647,20.248512,22.071552,21.051796,22.923365,21.07818,23.215939,21.37107,24.204235,20.445454,23.6814,21.037436,22.613256,21.077114,23.066711,21.473036,25.888493,0.0,4.0,0.0,0.0,0.0,4.0,0.0,4.0
46337,2023.0,11.0,18.0,18.0,21.039515,22.806667,19.151337,19.749271,21.050697,22.80262,21.076513,23.062754,19.118885,19.385002,17.995989,18.555769,21.064411,22.564152,21.068958,22.894184,19.864645,22.433046,4.0,4.0,0.0,0.0,0.0,0.0,0.0,0.0
46338,2023.0,11.0,18.0,19.0,21.191376,23.027723,20.230232,21.9252,21.184586,22.982128,21.163933,23.147898,18.327795,18.786337,16.578945,16.571308,21.129086,22.594769,21.234419,23.08137,17.54031,17.693768,0.0,4.0,0.0,4.0,0.0,0.0,4.0,0.0
46339,2023.0,11.0,18.0,19.0,21.041883,22.662579,19.006413,19.388006,21.047077,22.63519,21.062798,22.872221,20.273987,22.263649,16.318396,16.276333,21.02726,22.295073,21.072884,22.69841,17.431007,18.164497,4.0,4.0,0.0,0.0,0.0,4.0,0.0,4.0
46340,2023.0,11.0,18.0,19.0,21.152967,22.856758,20.224344,21.860113,21.15348,22.813763,21.151716,22.994295,18.409565,18.463484,16.197859,16.149494,21.145277,22.481005,21.172188,22.829218,20.32721,23.13218,4.0,0.0,0.0,0.0,0.0,4.0,0.0,4.0
46341,2023.0,11.0,18.0,19.0,21.058218,22.620872,20.012627,21.33943,21.036777,22.511642,21.05808,22.760202,17.452873,17.255358,16.106026,16.056202,21.058218,22.283718,21.061031,22.550055,20.034473,22.302689,4.0,4.0,0.0,0.0,0.0,0.0,0.0,0.0
46342,2023.0,11.0,18.0,19.0,21.034285,22.51426,20.063303,21.383884,21.044758,22.489742,21.059572,22.723135,17.28498,17.190624,16.454382,16.77594,21.024097,22.156826,21.053621,22.506746,17.911943,18.007164,0.0,4.0,0.0,0.0,4.0,4.0,0.0,0.0
46343,2023.0,11.0,18.0,19.0,21.065222,22.56996,19.039642,19.345789,21.068178,22.526167,21.058786,22.688282,17.94176,18.557503,20.453424,23.423084,21.028582,22.140055,21.014788,22.376894,16.881353,16.72739,4.0,0.0,0.0,4.0,0.0,4.0,4.0,0.0
46344,2023.0,11.0,18.0,20.0,21.170639,22.752775,20.204027,21.76005,21.169369,22.696194,21.180988,22.902746,20.271404,22.472094,18.118269,18.578524,21.134872,22.349043,21.197958,22.73798,17.556576,18.26259,0.0,0.0,0.0,4.0,0.0,0.0,0.0,4.0
46345,2023.0,11.0,18.0,20.0,21.057978,22.497478,19.072386,19.412672,21.061655,22.448206,21.032137,22.556107,20.04186,21.803461,16.837397,16.829027,21.021872,22.075216,21.020489,22.319592,20.330961,22.989256,4.0,0.0,4.0,0.0,0.0,4.0,4.0,0.0
46346,2023.0,11.0,18.0,20.0,21.259085,22.878359,20.229086,21.779947,21.19677,22.715944,21.22068,22.916693,18.901505,19.409925,16.566614,16.508062,21.176289,22.368402,21.202707,22.691103,17.97863,18.09733,0.0,0.0,4.0,4.0,0.0,4.0,0.0,0.0
46347,2023.0,11.0,18.0,20.0,21.036695,22.406284,19.092272,19.429184,21.025553,22.342997,21.071615,22.595959,20.254345,22.09608,16.426668,16.366339,21.025637,22.048971,21.058317,22.372314,16.883776,16.732063,4.0,4.0,0.0,0.0,0.0,4.0,0.0,0.0
46348,2023.0,11.0,18.0,20.0,21.217012,22.75339,20.230078,21.759113,21.198978,22.7075,21.16852,22.756868,18.484163,18.495417,16.32563,16.264881,21.135761,22.275003,21.288034,22.780807,16.692059,16.617779,0.0,0.0,0.0,0.0,0.0,0.0,4.0,0.0
46349,2023.0,11.0,18.0,20.0,21.034163,22.369717,19.106884,19.440866,21.035322,22.3252,21.039791,22.448988,18.306149,18.732328,16.244896,16.188015,21.019697,22.00142,21.025532,22.236217,16.567694,16.503878,4.0,4.0,4.0,4.0,0.0,4.0,4.0,0.0
46350,2023.0,11.0,18.0,21.0,21.22046,22.731419,20.223545,21.736969,21.211838,22.65902,21.169144,22.709574,20.265568,22.153591,16.175325,16.119152,21.183538,22.31833,21.294144,22.765896,16.446384,16.38681,0.0,4.0,0.0,0.0,0.0,4.0,4.0,0.0
46351,2023.0,11.0,18.0,21.0,21.032877,22.339025,19.1082,19.433685,21.06326,22.36026,21.038204,22.405409,18.480703,18.493502,16.117203,16.063255,21.02369,21.984255,21.063887,22.315376,16.34476,16.288399,4.0,0.0,4.0,0.0,0.0,4.0,0.0,0.0
46352,2023.0,11.0,18.0,21.0,21.181484,22.644917,20.20326,21.668285,21.212826,22.620699,21.205225,22.726969,17.574512,17.353283,16.06505,16.01064,21.136116,22.217958,21.209188,22.587357,16.25857,16.204527,4.0,4.0,4.0,0.0,0.0,0.0,0.0,0.0
46353,2023.0,11.0,18.0,21.0,21.025362,22.291456,20.009363,21.198812,21.064884,22.324186,21.042578,22.384882,17.443785,17.34247,16.018824,15.963168,21.016525,21.939367,21.055902,22.254671,16.183805,16.130047,4.0,0.0,4.0,0.0,0.0,4.0,0.0,0.0
46354,2023.0,11.0,18.0,21.0,21.035513,22.304686,20.063135,21.263697,21.059238,22.300083,21.070139,22.45246,17.33494,17.241896,16.407291,16.728727,21.025057,21.948946,21.058159,22.244217,17.157715,18.033554,0.0,0.0,0.0,0.0,4.0,4.0,0.0,4.0
46355,2023.0,11.0,18.0,21.0,21.032265,22.289597,19.106827,19.3618,21.03231,22.20973,21.037123,22.348341,17.989162,18.58707,20.404139,23.320839,21.052948,22.014223,21.006481,22.116085,21.519043,25.14766,4.0,4.0,4.0,4.0,4.0,0.0,4.0,4.0
46356,2023.0,11.0,18.0,22.0,21.183754,22.602633,20.192205,21.615452,21.217216,22.56962,21.174047,22.625408,20.283575,22.463448,20.011278,22.32656,21.192307,22.257,21.214556,22.5472,21.425444,24.545523,0.0,4.0,0.0,0.0,0.0,4.0,0.0,0.0
46357,2023.0,11.0,18.0,22.0,21.052784,22.319422,19.130617,19.412975,21.06133,22.263496,21.06021,22.372786,18.319666,18.348429,17.980808,18.111557,21.022562,21.904675,21.054092,22.203804,18.758373,18.937962,4.0,0.0,0.0,0.0,0.0,4.0,0.0,0.0
46358,2023.0,11.0,18.0,22.0,21.184286,22.565157,20.216234,21.635666,21.218594,22.54491,21.175106,22.582623,17.368103,17.140152,16.88128,16.660034,21.192827,22.239412,21.21421,22.506838,17.275814,17.07729,0.0,4.0,0.0,0.0,0.0,4.0,0.0,0.0
46359,2023.0,11.0,18.0,22.0,21.01508,22.210526,18.82205,18.823303,21.061337,22.235838,21.04817,22.3329,17.265596,17.155172,17.045622,17.204426,21.021883,21.886055,21.044363,22.166122,17.711105,18.198212,0.0,0.0,0.0,0.0,4.0,4.0,0.0,4.0
46360,2023.0,11.0,18.0,22.0,21.224775,22.617773,18.172855,18.091097,21.210861,22.503023,21.196987,22.631838,17.19426,17.099693,20.42924,22.90888,21.13958,22.133425,21.236097,22.54914,21.932804,25.388905,0.0,4.0,0.0,0.0,0.0,0.0,0.0,0.0
46361,2023.0,11.0,18.0,22.0,21.057623,22.289438,18.000656,17.915722,21.03556,22.140009,21.04864,22.327538,17.740625,18.21945,18.65777,19.238216,21.046694,21.928759,21.00545,22.052364,18.209318,18.231888,0.0,4.0,0.0,4.0,4.0,0.0,4.0,0.0
46362,2023.0,11.0,18.0,23.0,21.052523,22.265882,17.854546,17.765358,21.035416,22.134668,21.049072,22.323345,20.378384,22.730618,20.268393,22.463675,21.047089,21.914335,21.063251,22.18143,17.305573,17.214355,0.0,4.0,0.0,0.0,0.0,0.0,0.0,0.0
46363,2023.0,11.0,18.0,23.0,19.786556,19.823545,17.732986,17.641119,19.713837,19.625969,19.837706,19.992144,18.800549,19.278578,18.514545,18.805696,19.87823,19.656828,19.685078,19.51316,17.085646,16.999815,0.0,0.0,0.0,4.0,0.0,0.0,0.0,0.0
46364,2023.0,11.0,18.0,23.0,19.427069,19.455143,17.647406,17.550243,19.069983,18.709482,19.23822,19.145079,18.359978,18.645544,17.691544,17.574633,20.367104,20.865799,19.13455,18.80196,16.953875,16.866959,0.0,0.0,0.0,4.0,0.0,4.0,0.0,0.0
46365,2023.0,11.0,18.0,23.0,19.261526,19.310219,17.570026,17.472326,18.800192,18.42466,18.981419,18.871552,17.723396,17.53348,17.44262,17.309908,19.57481,19.301214,19.052427,18.886679,16.836676,16.752935,0.0,0.0,0.0,0.0,0.0,0.0,0.0,0.0
46366,2023.0,11.0,18.0,23.0,19.096607,19.137503,17.496078,17.393696,18.822283,18.667223,18.781054,18.66046,17.37472,17.08862,17.251093,17.110607,19.192814,18.808372,18.919317,18.77283,16.730139,16.64416,0.0,0.0,0.0,0.0,0.0,0.0,0.0,0.0
46367,2023.0,11.0,18.0,23.0,18.971209,19.020452,17.435226,17.336636,18.727385,18.595701,18.631632,18.52131,17.977188,18.389938,17.110806,16.982656,19.034931,18.66329,18.785011,18.649826,16.642605,16.562897,0.0,0.0,0.0,4.0,0.0,0.0,0.0,0.0
46368,2023.0,11.0,19.0,0.0,18.855957,18.907267,17.37601,17.278116,18.613884,18.486809,18.495432,18.387735,17.405231,17.20762,16.983072,16.860222,19.078547,18.89582,19.683846,20.463871,16.56115,16.483917,0.0,0.0,0.0,0.0,0.0,0.0,4.0,0.0
46369,2023.0,11.0,19.0,0.0,18.752932,18.805012,17.320415,17.222631,18.508707,18.383467,18.374142,18.267948,17.685291,17.918707,16.869514,16.75054,19.799423,20.3346,18.782969,18.585005,16.487053,16.411343,0.0,0.0,0.0,4.0,0.0,4.0,0.0,0.0
46370,2023.0,11.0,19.0,0.0,18.65948,18.711271,17.267868,17.169617,18.411913,18.287182,18.264307,18.158545,17.809866,18.08675,16.766819,16.650322,19.042557,18.77471,18.399422,18.089365,16.419237,16.344141,0.0,0.0,0.0,4.0,0.0,0.0,0.0,0.0
46371,2023.0,11.0,19.0,0.0,18.575619,18.627113,17.21885,17.120182,18.323997,18.199852,18.165445,18.060356,17.25178,17.047506,16.674597,16.560417,18.73256,18.370077,18.245722,17.935953,17.139933,17.760857,0.0,0.0,0.0,0.0,0.0,0.0,0.0,4.0
46372,2023.0,11.0,19.0,0.0,18.49973,18.55135,17.172962,17.074095,18.243536,18.120476,18.076086,17.972034,16.992655,16.720625,16.591406,16.479593,18.611757,18.250092,18.280945,18.13427,16.594147,16.564302,0.0,0.0,0.0,0.0,0.0,0.0,0.0,0.0
46373,2023.0,11.0,19.0,0.0,18.429132,18.480389,17.12923,17.029842,18.168688,18.046204,17.994053,17.890274,16.867313,16.591253,16.51514,16.404823,18.697117,18.525526,18.238083,18.11254,17.02294,17.492634,0.0,0.0,0.0,0.0,0.0,0.0,0.0,4.0
46374,2023.0,11.0,19.0,1.0,18.364431,18.416323,17.088217,16.988834,18.1002,17.9791,17.919674,17.817036,16.913563,16.781897,16.446232,16.337986,18.680792,18.535383,18.167488,18.04578,16.424345,16.248444,0.0,0.0,0.0,0.0,0.0,0.0,0.0,0.0
46375,2023.0,11.0,19.0,1.0,18.30257,18.35347,17.048304,16.948023,18.034956,17.91342,17.849165,17.745678,16.894337,16.785498,16.71862,16.908468,18.62012,18.469887,18.094255,17.967747,16.198822,15.980571,0.0,0.0,0.0,0.0,4.0,0.0,0.0,0.0
46376,2023.0,11.0,19.0,1.0,18.247993,18.300873,17.012619,16.913507,17.977407,17.858564,17.787085,17.68627,17.473736,17.926495,16.456905,16.363354,18.565016,18.414879,18.029804,17.903841,16.113617,15.899008,0.0,0.0,0.0,4.0,0.0,0.0,0.0,0.0
46377,2023.0,11.0,19.0,1.0,18.195864,18.24919,16.977917,16.878855,17.922253,17.804556,17.727673,17.627935,17.032581,16.963913,16.328648,16.220116,18.512344,18.361399,17.968987,17.842419,16.159555,16.064648,0.0,0.0,0.0,0.0,0.0,0.0,0.0,0.0
46378,2023.0,11.0,19.0,1.0,18.144901,18.196184,16.943058,16.84237,17.868114,17.74917,17.669384,17.568232,16.857193,16.748228,16.58642,16.75304,18.461246,18.307796,17.910503,17.781574,16.14007,16.052227,0.0,0.0,0.0,0.0,4.0,0.0,0.0,0.0
46379,2023.0,11.0,19.0,1.0,18.10045,18.153444,16.912292,16.812769,17.820843,17.704536,17.618626,17.520262,17.382505,17.789534,16.330784,16.225119,18.41612,18.263222,17.858803,17.730669,16.102545,16.014887,0.0,0.0,0.0,4.0,0.0,0.0,0.0,0.0
46380,2023.0,11.0,19.0,2.0,18.054272,18.104715,16.878992,16.776724,17.771162,17.652435,17.565533,17.464499,17.378445,17.643358,16.21861,16.101465,18.370365,18.21477,17.807034,17.676458,16.064249,15.97415,0.0,0.0,0.0,4.0,0.0,0.0,0.0,0.0
46381,2023.0,11.0,19.0,2.0,18.015137,18.067404,16.851353,16.751038,17.72963,17.614372,17.521309,17.42396,16.825521,16.58851,16.46922,16.614439,18.33044,18.175737,17.7615,17.63201,16.030748,15.941087,0.0,0.0,0.0,0.0,4.0,0.0,0.0,0.0
46382,2023.0,11.0,19.0,2.0,17.974768,18.025684,16.82158,16.720234,17.686295,17.570679,17.475296,17.377558,16.612066,16.328337,16.2287,16.111174,18.29008,18.133883,17.715971,17.58522,15.997434,15.906364,0.0,0.0,0.0,0.0,0.0,0.0,0.0,0.0
46383,2023.0,11.0,19.0,2.0,17.937027,17.98812,16.793642,16.69229,17.646078,17.531475,17.432821,17.336113,16.518448,16.236279,16.132574,16.014349,18.252546,18.096045,17.67366,17.542885,16.699432,17.254742,0.0,0.0,0.0,0.0,0.0,0.0,0.0,4.0
46384,2023.0,11.0,19.0,2.0,17.899294,17.949743,16.765387,16.663322,17.60634,17.491669,17.391092,17.294235,16.593395,16.46236,16.086134,15.967805,18.215683,18.058111,17.632267,17.500664,16.200932,16.149279,0.0,0.0,0.0,0.0,0.0,0.0,0.0,0.0
46385,2023.0,11.0,19.0,2.0,17.860725,17.908806,16.736029,16.631884,17.566154,17.449596,17.349192,17.25023,16.586142,16.466434,16.039957,15.918748,18.178806,18.018911,17.591087,17.45739,15.914108,15.694817,0.0,0.0,0.0,0.0,0.0,0.0,0.0,0.0
46386,2023.0,11.0,19.0,3.0,17.826073,17.87466,16.709446,16.60566,17.530119,17.414644,17.311682,17.213789,17.138348,17.53638,16.000748,15.879754,18.145224,17.98523,17.553425,17.41987,15.826391,15.603929,0.0,0.0,0.0,4.0,0.0,0.0,0.0,0.0
46387,2023.0,11.0,19.0,3.0,17.792614,17.841715,16.683634,16.580585,17.495157,17.380823,17.27512,17.178358,16.72475,16.632454,15.964003,15.843185,18.112999,17.953285,17.517136,17.38395,15.892157,15.796703,0.0,0.0,0.0,0.0,0.0,0.0,0.0,0.0
46388,2023.0,11.0,19.0,3.0,17.75892,17.80678,16.656857,16.552853,17.459352,17.344078,17.237572,17.139805,16.583736,16.461739,15.928279,15.805896,18.080923,17.920282,17.481123,17.347107,15.880347,15.784028,0.0,0.0,0.0,0.0,0.0,0.0,0.0,0.0
46389,2023.0,11.0,19.0,3.0,17.72793,17.77638,16.632439,16.52939,17.426718,17.312706,17.203386,17.106928,16.534983,16.413628,15.896824,15.7749195,18.05137,17.891191,17.447685,17.314182,15.854256,15.758136,0.0,0.0,0.0,0.0,0.0,0.0,0.0,0.0
46390,2023.0,11.0,19.0,3.0,17.713854,17.778744,16.609875,16.509247,17.396559,17.285406,17.171865,17.078377,16.493738,16.374437,16.175186,16.32275,18.023802,17.86501,17.416267,17.284147,15.830263,15.735086,0.0,0.0,0.0,0.0,4.0,0.0,0.0,0.0
46391,2023.0,11.0,19.0,3.0,17.68834,17.75423,16.586214,16.486393,17.365406,17.255335,17.13943,17.047018,16.456352,16.33737,15.949257,15.830775,17.996273,17.837933,17.385004,17.253384,15.806457,15.711514,0.0,0.0,0.0,0.0,0.0,0.0,0.0,0.0
46392,2023.0,11.0,19.0,4.0,17.660618,17.726437,16.563013,16.463854,17.334839,17.225767,17.107792,17.016323,16.422127,16.303534,16.175663,16.322977,17.969576,17.811693,17.354626,17.223509,15.783724,15.689018,0.0,0.0,0.0,0.0,4.0,0.0,0.0,0.0
46393,2023.0,11.0,19.0,4.0,17.633064,17.699013,16.540228,16.441782,17.305113,17.197296,17.077173,16.986917,16.390747,16.2729,15.963015,15.862597,17.94378,17.786562,17.32527,17.194935,16.48585,17.029547,0.0,0.0,0.0,0.0,0.0,0.0,0.0,4.0
46394,2023.0,11.0,19.0,4.0,17.602865,17.66638,16.514473,16.413572,17.272228,17.162117,17.043613,16.950829,16.358255,16.238462,15.859464,15.737051,17.916136,17.757404,17.294075,17.162315,16.810835,17.470268,0.0,0.0,0.0,0.0,0.0,0.0,0.0,4.0
46395,2023.0,11.0,19.0,4.0,17.576555,17.64129,16.493376,16.394695,17.244917,17.137629,17.016207,16.925993,16.897102,17.27471,16.113398,16.241512,17.891808,17.734653,17.26625,17.136156,16.018526,15.856332,0.0,0.0,0.0,4.0,4.0,0.0,0.0,0.0
46396,2023.0,11.0,19.0,4.0,17.547644,17.61074,16.469152,16.369452,17.214289,17.10614,16.985662,16.894238,17.154224,17.625986,15.900574,15.7822485,17.865297,17.707378,17.236225,17.105394,15.773202,15.54329,0.0,0.0,0.0,4.0,0.0,0.0,0.0,0.0
46397,2023.0,11.0,19.0,4.0,17.521303,17.584517,16.446785,16.34748,17.185787,17.078585,16.957186,16.866484,16.4674,16.240189,16.106335,16.235638,17.84024,17.682915,17.207792,17.077675,15.697049,15.471353,0.0,0.0,0.0,0.0,4.0,0.0,0.0,0.0
46398,2023.0,11.0,19.0,5.0,17.49381,17.555628,16.423105,16.322733,17.155796,17.04782,16.927008,16.835413,16.236837,15.952103,15.888509,15.769696,17.81397,17.655972,17.178108,17.04736,15.763239,15.667445,0.0,0.0,0.0,0.0,0.0,0.0,0.0,0.0
46399,2023.0,11.0,19.0,5.0,17.46703,17.528368,16.400322,16.299715,17.127048,17.019312,16.897984,16.806574,16.765772,17.0193,15.800745,15.6779785,17.788486,17.63055,17.14931,17.018732,15.7478285,15.650697,0.0,0.0,0.0,4.0,0.0,0.0,0.0,0.0
46400,2023.0,11.0,19.0,5.0,17.439913,17.500608,16.37722,16.276297,17.09829,16.99061,16.868893,16.777514,16.313885,16.057083,15.762743,15.6404705,17.762936,17.604965,17.120485,16.989985,16.4505,16.99953,0.0,0.0,0.0,0.0,0.0,0.0,0.0,4.0
46401,2023.0,11.0,19.0,5.0,17.412884,17.472857,16.35389,16.25263,17.069613,16.961882,16.83998,16.748478,16.141546,15.858153,15.726548,15.604133,17.737394,17.579334,17.0917,16.96122,15.82662,15.64668,0.0,0.0,0.0,0.0,0.0,0.0,0.0,0.0
46402,2023.0,11.0,19.0,5.0,17.385548,17.444647,16.330254,16.228529,17.040901,16.9329,16.81121,16.719303,16.842878,17.259398,15.982765,16.110584,17.71178,17.553484,17.06286,16.932238,15.622182,15.393417,0.0,0.0,0.0,4.0,4.0,0.0,0.0,0.0
46403,2023.0,11.0,19.0,5.0,17.358162,17.41635,16.306643,16.2044,17.012321,16.90403,16.782522,16.690247,16.471313,16.403467,15.786968,15.683452,18.447893,18.967672,17.03412,16.903358,15.555356,15.328006,0.0,0.0,0.0,0.0,0.0,4.0,0.0,0.0
46404,2023.0,11.0,19.0,6.0,17.33129,17.388636,16.283367,16.180603,16.9841,16.875587,16.754032,16.661545,16.166039,15.904606,15.973057,16.096136,17.942547,17.86473,17.005596,16.874817,16.39711,16.981812,0.0,0.0,0.0,0.0,4.0,0.0,0.0,4.0
46405,2023.0,11.0,19.0,6.0,21.408106,24.533684,16.26226,16.16106,21.257917,24.43974,21.218088,24.549406,16.052986,15.773377,20.153961,23.275642,21.140202,23.332697,22.54952,26.063326,20.610184,24.081728,0.0,0.0,0.0,0.0,0.0,0.0,4.0,0.0
46406,2023.0,11.0,19.0,6.0,21.012205,23.366861,16.24259,16.142225,21.009209,23.449234,21.009989,23.609524,16.135746,16.012281,17.97098,18.444124,21.0336,22.939793,21.004934,23.24517,17.767218,17.912956,0.0,0.0,0.0,0.0,0.0,0.0,0.0,0.0
46407,2023.0,11.0,19.0,6.0,21.079086,23.209726,16.222403,16.121777,21.06806,23.255697,21.072285,23.403522,16.154037,16.034513,16.863157,17.03622,21.055798,22.773407,21.081768,23.116383,16.456554,16.335812,0.0,0.0,0.0,0.0,4.0,0.0,0.0,0.0
46408,2023.0,11.0,19.0,6.0,21.073252,23.001083,16.205315,16.10691,21.064856,23.040838,21.069098,23.176533,16.13135,16.01571,20.276632,23.04257,21.054949,22.617348,21.07357,22.899927,16.284578,16.181623,0.0,0.0,0.0,0.0,0.0,0.0,0.0,0.0
46409,2023.0,11.0,19.0,6.0,21.031715,22.789125,16.189024,16.090893,21.062742,22.890793,21.0667,23.017693,16.109985,15.996186,18.458466,19.056309,21.023684,22.423975,21.05915,22.751709,16.169914,16.069515,0.0,0.0,0.0,0.0,4.0,4.0,0.0,0.0
46410,2023.0,11.0,19.0,7.0,21.152431,22.94627,16.173178,16.07567,21.147484,22.954361,21.146877,23.06638,16.683025,17.092499,20.27976,22.689442,21.122555,22.51932,21.172598,22.888306,16.8436,17.42264,0.0,0.0,0.0,4.0,0.0,4.0,0.0,4.0
46411,2023.0,11.0,19.0,7.0,21.068035,22.694237,16.158272,16.06011,21.059465,22.696707,21.063375,22.813322,20.363983,23.322866,18.62966,19.161045,21.036364,22.27061,21.057402,22.586388,20.37226,23.396156,0.0,0.0,0.0,4.0,4.0,4.0,0.0,4.0
46412,2023.0,11.0,19.0,7.0,21.040888,22.558336,16.143373,16.044643,21.033932,22.566202,21.037935,22.678387,20.099754,22.36646,20.270344,22.460112,21.035471,22.212914,21.056698,22.53234,21.17999,24.184816,0.0,4.0,4.0,4.0,0.0,4.0,0.0,4.0
46413,2023.0,11.0,19.0,7.0,21.044823,22.522892,16.129662,16.029938,21.037834,22.532469,21.066006,22.707405,20.085526,22.059366,18.196867,18.185894,21.034296,22.166508,21.016916,22.38419,20.017517,21.950247,0.0,4.0,0.0,0.0,0.0,4.0,4.0,4.0
46414,2023.0,11.0,19.0,7.0,21.069847,22.559082,16.582123,16.886625,21.0513,22.497543,21.074472,22.651876,18.099804,18.019627,17.040491,16.690157,21.063013,22.205954,21.035675,22.373154,20.050192,21.854286,4.0,4.0,0.0,0.0,0.0,0.0,4.0,4.0
46415,2023.0,11.0,19.0,7.0,21.037386,22.441765,20.333393,23.291588,21.048418,22.445923,21.047335,22.52347,17.11681,16.795383,16.900463,16.718529,21.027443,22.07826,21.032627,22.333065,20.044004,21.725948,4.0,4.0,4.0,0.0,0.0,4.0,4.0,4.0
46416,2023.0,11.0,19.0,8.0,21.04225,22.430294,20.005482,22.246252,21.047201,22.406979,21.051088,22.493845,17.028547,16.884869,16.801039,16.645342,21.03166,22.062021,21.071772,22.41043,20.077583,21.730652,0.0,4.0,4.0,0.0,0.0,4.0,0.0,0.0
46417,2023.0,11.0,19.0,8.0,20.032385,20.477852,17.99055,18.081738,19.433977,19.313557,19.838545,20.14152,16.948103,16.824114,17.050808,17.238478,20.245579,20.531324,20.241474,20.738243,18.250437,18.139082,0.0,0.0,4.0,0.0,4.0,4.0,4.0,0.0
46418,2023.0,11.0,19.0,8.0,19.69002,20.06644,17.093033,16.744051,19.303204,19.410398,19.38776,19.566887,16.856556,16.735626,20.313957,22.902521,20.019388,20.250994,20.021643,20.495455,17.546597,17.214752,0.0,4.0,4.0,0.0,4.0,4.0,4.0,0.0
46419,2023.0,11.0,19.0,8.0,19.502722,19.879715,16.983772,16.816103,19.25186,19.424063,18.558496,18.218613,17.510944,18.061995,20.020426,21.962597,19.904024,20.145157,18.995123,18.686829,17.208284,16.88298,0.0,4.0,0.0,4.0,4.0,4.0,0.0,0.0
46420,2023.0,11.0,19.0,8.0,19.36513,19.753826,16.903633,16.776617,19.10708,19.290552,18.07572,17.664085,20.678377,23.170155,20.084637,21.864952,19.804668,20.051117,19.418493,19.908995,17.11305,16.956148,0.0,4.0,0.0,4.0,0.0,4.0,4.0,0.0
46421,2023.0,11.0,19.0,8.0,19.256222,19.65559,16.787428,16.66159,18.378502,18.041891,17.823519,17.410433,19.901741,21.50515,18.52496,18.680801,19.048376,18.705328,18.671854,18.387627,16.990606,16.861675,0.0,0.0,0.0,4.0,4.0,0.0,0.0,0.0
46422,2023.0,11.0,19.0,9.0,18.543705,18.407364,16.686714,16.558762,17.949549,17.523853,17.841782,17.647102,20.194992,21.919321,20.28843,22.146036,19.36988,19.616358,18.168226,17.815145,16.84192,16.720072,0.0,0.0,0.0,4.0,4.0,4.0,0.0,0.0
46423,2023.0,11.0,19.0,9.0,18.835707,19.223091,16.604744,16.476316,17.753538,17.329895,18.494806,18.958836,20.069838,21.571823,20.040522,21.549004,18.803852,18.455246,18.96863,19.51528,16.70984,16.593582,0.0,0.0,4.0,0.0,0.0,0.0,4.0,0.0
46424,2023.0,11.0,19.0,9.0,18.336693,18.231428,16.538588,16.412174,17.81697,17.613543,18.710178,19.237463,18.385393,18.245174,18.363792,18.237186,18.441345,18.047049,18.294436,18.031332,16.59905,16.490059,0.0,0.0,4.0,0.0,0.0,0.0,0.0,0.0
46425,2023.0,11.0,19.0,9.0,18.027847,17.810307,16.490656,16.364283,17.803226,17.648834,17.897573,17.688217,17.700745,17.324306,17.809555,17.588741,18.308922,17.914312,17.948864,17.607368,16.515596,16.409752,0.0,0.0,0.0,0.0,0.0,0.0,0.0,0.0
46426,2023.0,11.0,19.0,9.0,18.599415,19.007803,16.914766,17.197878,17.732897,17.58727,18.185602,18.402498,17.621544,17.432837,17.628372,17.44202,18.40518,18.215914,17.798824,17.467247,17.398884,18.148363,4.0,0.0,4.0,0.0,0.0,0.0,0.0,4.0
46427,2023.0,11.0,19.0,9.0,18.105759,18.03358,20.255814,22.970528,17.66471,17.525608,18.275352,18.55974,17.502308,17.349337,17.44267,17.264704,18.394396,18.235228,17.842796,17.684357,20.3191,23.10335,0.0,0.0,4.0,0.0,0.0,0.0,0.0,0.0
46428,2023.0,11.0,19.0,10.0,17.755402,17.581429,18.338371,18.79039,17.591372,17.458788,17.663221,17.439705,17.342918,17.202353,17.262045,17.098406,18.334465,18.180458,17.81395,17.683743,17.88545,17.939236,0.0,0.0,0.0,0.0,0.0,0.0,0.0,0.0
46429,2023.0,11.0,19.0,10.0,17.64314,17.461899,17.345203,17.228798,17.530775,17.401665,17.350958,16.999784,17.222208,17.082546,17.1333,16.971077,18.28314,18.130692,17.747116,17.622301,17.04564,16.749035,0.0,0.0,0.0,0.0,0.0,0.0,0.0,0.0
46430,2023.0,11.0,19.0,10.0,17.77405,17.810934,17.142212,17.023483,17.47838,17.358347,17.237932,16.902199,17.121803,16.993483,17.436644,17.650286,18.238922,18.09196,17.682127,17.560007,16.97955,16.848934,0.0,0.0,0.0,0.0,4.0,0.0,0.0,0.0
46431,2023.0,11.0,19.0,10.0,18.495558,19.196943,17.00846,16.901276,18.124477,18.619692,18.028482,18.498373,17.03655,16.919353,20.282478,22.609367,18.200436,18.059353,17.626743,17.510632,16.871235,16.76321,0.0,4.0,4.0,0.0,0.0,0.0,0.0,0.0
46432,2023.0,11.0,19.0,10.0,17.95566,17.96632,17.337765,17.627361,18.40602,18.968422,17.587011,17.457071,16.946623,16.837746,18.505348,18.807291,18.161116,18.025007,17.569794,17.458298,16.74856,16.649881,4.0,4.0,0.0,0.0,0.0,0.0,0.0,0.0
46433,2023.0,11.0,19.0,10.0,18.348673,18.838335,20.289612,22.772074,17.68212,17.55663,17.918884,18.211267,16.880411,16.77598,17.67699,17.538128,18.13136,17.999166,17.525885,17.417833,16.661085,16.567257,0.0,0.0,4.0,0.0,0.0,0.0,0.0,0.0
46434,2023.0,11.0,19.0,11.0,17.901182,17.887154,18.488348,18.90858,17.268356,17.003521,18.09621,18.449902,17.553673,18.107624,17.425463,17.286371,18.101809,17.97444,17.480785,17.377218,16.574387,16.48775,0.0,0.0,4.0,4.0,0.0,0.0,0.0,0.0
46435,2023.0,11.0,19.0,11.0,17.635273,17.520306,17.606058,17.549644,17.152676,16.87298,18.103062,18.461353,20.30207,22.815248,17.286842,17.148735,18.076916,17.951605,17.44264,17.340883,16.509386,16.425434,0.0,0.0,4.0,0.0,0.0,0.0,0.0,0.0
46436,2023.0,11.0,19.0,11.0,17.507105,17.388914,17.32126,17.235987,17.934017,18.4327,17.525173,17.39041,18.153484,18.231922,17.156485,17.026735,18.783073,19.310776,17.402506,17.303154,16.443037,16.363194,0.0,4.0,0.0,0.0,0.0,4.0,0.0,0.0
46437,2023.0,11.0,19.0,11.0,18.358232,19.078566,17.171286,17.07819,17.425816,17.321066,17.232641,16.975214,17.37123,17.09659,17.060282,16.933136,19.065655,19.694094,17.368973,17.270977,16.39213,16.313955,0.0,0.0,0.0,0.0,0.0,4.0,0.0,0.0
46438,2023.0,11.0,19.0,11.0,17.76547,17.791683,17.056963,16.967249,17.13359,16.883842,17.113352,16.854223,18.050932,18.570765,16.974586,16.853266,18.250557,18.046886,17.337776,17.241789,16.34556,16.270193,0.0,0.0,0.0,4.0,0.0,0.0,0.0,0.0
46439,2023.0,11.0,19.0,11.0,17.489029,17.39622,17.413492,17.718304,17.04183,16.788477,17.174234,17.069014,20.263077,22.379248,16.899126,16.783295,18.00038,17.705288,17.308323,17.21451,16.303661,16.231066,4.0,0.0,0.0,0.0,0.0,0.0,0.0,0.0
46440,2023.0,11.0,19.0,12.0,18.11432,18.65699,20.2985,22.724838,17.82362,18.340025,17.17315,17.103601,18.350792,18.380707,16.81868,16.706945,17.917145,17.626747,17.276539,17.184904,16.25978,16.189957,0.0,4.0,0.0,0.0,0.0,0.0,0.0,0.0
46441,2023.0,11.0,19.0,12.0,21.333744,24.15101,18.506117,18.901007,21.337688,24.289812,21.327795,24.477896,17.384401,17.127335,16.747702,16.638994,21.327528,23.618011,21.565977,24.560047,16.21619,16.145613,0.0,4.0,4.0,0.0,0.0,0.0,0.0,0.0
46442,2023.0,11.0,19.0,12.0,21.022282,23.187801,17.40662,17.37963,21.032343,23.30673,21.0127,23.432724,17.274036,17.14358,16.683437,16.57581,21.0148,22.814043,20.996365,23.190523,16.178389,16.107742,0.0,0.0,0.0,0.0,0.0,0.0,0.0,0.0
46443,2023.0,11.0,19.0,12.0,21.161203,23.218517,17.128677,17.034708,21.137686,23.200138,21.185976,23.446152,17.194317,17.074749,16.622746,16.513487,21.125765,22.800962,21.152859,23.216099,16.147717,16.077461,0.0,4.0,0.0,0.0,0.0,0.0,0.0,0.0
46444,2023.0,11.0,19.0,12.0,21.127544,22.991438,16.992922,16.900475,21.161926,23.076302,21.1685,23.169544,17.098368,16.983429,16.57165,16.464561,21.113121,22.599464,21.13751,22.96663,16.12404,16.05519,0.0,0.0,0.0,0.0,0.0,0.0,0.0,0.0
46445,2023.0,11.0,19.0,12.0,21.121134,22.895615,16.8834,16.792915,21.112064,22.810825,21.136692,22.998802,17.014006,16.903198,16.524704,16.419573,21.1054,22.475449,21.128202,22.821747,16.103008,16.034498,0.0,4.0,0.0,0.0,0.0,0.0,0.0,0.0
46446,2023.0,11.0,19.0,13.0,21.116236,22.81715,16.790274,16.701803,21.105814,22.723236,21.131107,22.908657,16.94066,16.833551,16.481352,16.377972,21.09927,22.3811,21.1209,22.71097,16.083881,16.015694,0.0,4.0,0.0,0.0,0.0,0.0,0.0,0.0
46447,2023.0,11.0,19.0,13.0,21.043856,22.64433,16.715462,16.635036,21.039639,22.546438,21.049213,22.708008,16.878784,16.777319,16.86854,17.145441,21.03735,22.214685,21.043741,22.51078,16.06727,16.000254,0.0,4.0,0.0,0.0,4.0,0.0,0.0,0.0
46448,2023.0,11.0,19.0,13.0,21.054153,22.628355,16.648836,16.573717,21.048357,22.515024,21.06087,22.686022,16.82417,16.72815,20.310146,22.97868,21.044636,22.184746,21.054775,22.480564,16.052189,15.9866,0.0,4.0,0.0,0.0,0.0,0.0,0.0,0.0
46449,2023.0,11.0,19.0,13.0,21.026245,22.524294,16.589155,16.515175,21.046352,22.472214,21.058508,22.643982,16.774473,16.681675,18.613432,19.23188,21.013689,22.070051,21.052813,22.43607,16.03789,15.973254,0.0,4.0,0.0,0.0,4.0,4.0,0.0,0.0
46450,2023.0,11.0,19.0,13.0,21.03079,22.516169,16.53689,16.464298,21.045443,22.438059,21.05794,22.611542,16.73058,16.640781,20.275177,22.520216,21.047777,22.136774,21.052067,22.401648,16.02456,15.960824,0.0,4.0,0.0,0.0,0.0,0.0,0.0,0.0
46451,2023.0,11.0,19.0,13.0,21.068462,22.573217,16.49164,16.41998,21.069574,22.477898,21.05713,22.583448,16.691483,16.60462,18.520126,18.807875,21.052485,22.099705,21.05162,22.373287,16.012117,15.949344,0.0,0.0,0.0,0.0,0.0,0.0,0.0,0.0
46452,2023.0,11.0,19.0,14.0,21.059801,22.52107,16.449379,16.377415,21.036707,22.363777,21.055746,22.558237,16.655468,16.570295,17.481333,17.38687,21.019394,21.980164,21.050053,22.347122,16.000248,15.938128,0.0,4.0,0.0,0.0,0.0,4.0,0.0,0.0
46453,2023.0,11.0,19.0,14.0,19.574812,19.642742,16.413149,16.34362,20.012627,20.380825,19.648552,19.83652,16.624544,16.542618,17.24182,17.127779,19.754639,19.558926,19.710947,19.749567,15.989195,15.927803,0.0,4.0,0.0,0.0,0.0,0.0,0.0,0.0
46454,2023.0,11.0,19.0,14.0,19.123617,19.147692,16.381319,16.31151,19.015015,18.741013,18.971973,18.88734,16.5974,16.51614,17.11252,16.98934,19.2613,18.890854,19.162008,19.016262,15.978566,15.917036,0.0,0.0,0.0,0.0,0.0,0.0,0.0,0.0
46455,2023.0,11.0,19.0,14.0,19.652143,20.340786,16.350914,16.28187,18.607851,18.258162,19.376566,19.88121,16.569557,16.487873,17.009537,16.88866,19.060465,18.693838,18.917234,18.769648,15.966347,15.904734,0.0,0.0,4.0,0.0,0.0,0.0,0.0,0.0
46456,2023.0,11.0,19.0,14.0,18.88673,18.873703,16.322525,16.25472,18.383806,18.042719,19.393688,19.935215,17.24282,17.773994,16.921879,16.805012,19.075296,18.889597,18.73043,18.590017,15.952942,15.891318,0.0,0.0,4.0,4.0,0.0,0.0,0.0,0.0
46457,2023.0,11.0,19.0,14.0,18.49472,18.352926,16.295292,16.228674,19.053085,19.486315,18.568436,18.43538,20.3078,23.008781,16.842928,16.729692,19.010483,18.856987,18.572777,18.439072,15.939157,15.877437,0.0,4.0,0.0,0.0,0.0,0.0,0.0,0.0
46458,2023.0,11.0,19.0,15.0,18.952368,19.40168,16.266605,16.201088,19.08901,19.425774,18.044794,17.772959,18.07062,18.191141,16.759686,16.65063,18.901546,18.756409,18.414522,18.287676,15.923049,15.861202,0.0,4.0,0.0,0.0,0.0,0.0,0.0,0.0
46459,2023.0,11.0,19.0,15.0,18.427347,18.385565,16.243128,16.178677,18.987333,19.297043,17.848423,17.5569,17.25935,17.006937,16.69548,16.587479,18.81532,18.67278,18.296736,18.171665,15.908292,15.846665,0.0,4.0,0.0,0.0,0.0,0.0,0.0,0.0
46460,2023.0,11.0,19.0,15.0,18.861223,19.35452,16.22164,16.159513,18.299877,18.066996,17.876768,17.760023,17.19185,17.064129,16.637709,16.533825,18.73683,18.59984,18.192123,18.073046,15.893924,15.832952,0.0,0.0,0.0,0.0,0.0,0.0,0.0,0.0
46461,2023.0,11.0,19.0,15.0,18.31398,18.289818,16.201458,16.141737,18.005886,17.700132,18.527046,19.061905,17.107615,17.000975,16.585924,16.485968,18.667023,18.535133,18.100044,17.986593,15.879779,15.819517,0.0,0.0,4.0,0.0,0.0,0.0,0.0,0.0
46462,2023.0,11.0,19.0,15.0,18.752485,19.257994,16.659935,17.018482,17.860973,17.560806,17.903778,17.787601,17.774544,18.341156,16.538107,16.441626,18.602697,18.475153,18.015789,17.907036,15.866063,15.806432,4.0,0.0,0.0,4.0,0.0,0.0,0.0,0.0
46463,2023.0,11.0,19.0,15.0,18.23364,18.23516,20.225193,23.133997,17.90269,17.768515,18.236841,18.558077,20.285408,22.632713,16.494492,16.40113,18.54453,18.421503,17.940092,17.836468,15.853371,15.794538,0.0,0.0,4.0,0.0,0.0,0.0,0.0,0.0
46464,2023.0,11.0,19.0,16.0,18.590425,19.10953,18.244818,18.77743,18.557552,19.058628,18.386902,18.756493,18.254139,18.330484,16.45382,16.364714,18.48409,18.365128,17.861025,17.761984,15.840096,15.78203,0.0,4.0,4.0,0.0,0.0,0.0,0.0,0.0
46465,2023.0,11.0,19.0,16.0,18.718752,19.269503,17.249468,17.225819,18.752853,19.326946,18.378084,18.74821,17.502012,17.245285,16.810934,17.061218,18.432901,18.311674,18.856533,19.70082,15.828041,15.770115,0.0,4.0,4.0,0.0,4.0,0.0,4.0,0.0
46466,2023.0,11.0,19.0,16.0,18.734718,19.278984,17.470297,17.80008,18.033346,17.93508,17.788221,17.664604,18.147354,18.657522,20.263638,23.000303,19.111994,19.63627,18.026802,17.903187,15.816392,15.758754,4.0,0.0,0.0,4.0,0.0,4.0,0.0,0.0
46467,2023.0,11.0,19.0,16.0,18.126436,18.133633,20.28314,22.715082,18.263157,18.584364,18.091097,18.436468,20.267561,22.259396,18.29684,18.685846,19.438673,20.047604,17.593433,17.376299,15.803207,15.745958,0.0,4.0,4.0,0.0,0.0,4.0,0.0,0.0
46468,2023.0,11.0,19.0,16.0,18.498615,19.028439,18.493103,18.915293,18.430698,18.799698,17.67682,17.563557,18.976543,19.471918,17.134418,17.071959,18.642176,18.451694,17.482424,17.259754,15.790295,15.733292,0.0,4.0,0.0,4.0,0.0,0.0,0.0,0.0
46469,2023.0,11.0,19.0,16.0,18.631226,19.191036,18.055395,18.39568,18.442305,18.81205,17.401451,17.17354,20.266376,21.833105,16.953045,16.854723,18.351133,18.05605,17.532919,17.426563,16.672005,17.399576,4.0,4.0,0.0,0.0,0.0,0.0,0.0,4.0
46470,2023.0,11.0,19.0,17.0,18.65141,19.199697,20.25849,22.346283,17.872808,17.751236,17.26903,17.0376,18.597733,18.556135,16.845024,16.747467,19.0009,19.385204,17.528316,17.434555,20.358604,23.56846,0.0,0.0,0.0,0.0,0.0,4.0,0.0,0.0
46471,2023.0,11.0,19.0,17.0,18.680649,19.233746,18.742868,19.150661,18.176132,18.50442,18.015936,18.53785,17.754723,17.50244,16.758654,16.665182,18.524883,18.311647,18.473425,19.24928,17.723593,17.921425,4.0,4.0,4.0,0.0,0.0,0.0,4.0,0.0
46472,2023.0,11.0,19.0,17.0,18.693296,19.24456,20.22109,22.0119,18.309278,18.687668,18.25852,18.850876,18.393658,18.905445,16.69887,16.605139,18.28392,17.990915,18.653023,19.347166,16.842424,16.653477,0.0,4.0,4.0,4.0,0.0,0.0,4.0,0.0
46473,2023.0,11.0,19.0,17.0,18.694332,19.23503,18.862509,19.212307,18.32862,18.70202,17.565905,17.48379,20.240013,22.02815,16.6389,16.549858,18.18595,17.896227,17.797682,17.658298,16.674194,16.579573,4.0,4.0,0.0,0.0,0.0,0.0,0.0,0.0
46474,2023.0,11.0,19.0,17.0,18.704592,19.250467,20.234169,22.009108,18.342943,18.714447,17.182068,16.971373,19.082542,19.541601,16.58155,16.493734,18.254707,18.114187,17.426392,17.213501,16.552053,16.47135,0.0,4.0,0.0,4.0,0.0,0.0,0.0,0.0
46475,2023.0,11.0,19.0,17.0,18.714758,19.260967,18.9003,19.2427,18.350239,18.720093,17.059422,16.833727,20.228146,21.854273,16.531237,16.443443,18.262459,18.141712,17.32177,17.10342,16.438107,16.361237,4.0,4.0,0.0,0.0,0.0,0.0,0.0,0.0
46476,2023.0,11.0,19.0,18.0,18.713839,19.253561,20.241898,21.968594,18.353348,18.721682,16.984314,16.759352,18.60074,18.54954,16.48475,16.39621,18.22536,18.106134,17.252945,17.036144,16.343998,16.270075,4.0,4.0,0.0,0.0,0.0,0.0,0.0,0.0
46477,2023.0,11.0,19.0,18.0,21.297508,23.7843,20.02262,21.417236,21.31561,23.878054,21.315046,24.45343,17.751202,17.471146,16.443092,16.353247,21.314821,23.455824,21.472916,24.392075,16.26258,16.188353,4.0,4.0,4.0,0.0,0.0,0.0,0.0,0.0
46478,2023.0,11.0,19.0,18.0,21.02496,22.969475,20.050932,21.396578,21.00679,22.959755,20.987085,23.353209,17.644058,17.509375,16.40726,16.316422,21.013407,22.697403,21.001234,23.192345,16.196222,16.123558,4.0,4.0,4.0,0.0,0.0,0.0,0.0,0.0
46479,2023.0,11.0,19.0,18.0,21.041927,22.802639,20.045473,21.331608,21.054129,22.84689,21.08856,23.26193,17.551947,17.429329,16.779259,17.041773,21.051329,22.5757,21.06457,23.044422,16.144114,16.07351,4.0,4.0,0.0,0.0,4.0,0.0,0.0,0.0
46480,2023.0,11.0,19.0,18.0,21.167885,22.934103,20.172825,21.54398,21.152075,22.917938,21.138403,23.131577,18.22042,18.798643,20.328938,22.928812,21.118713,22.568998,21.168867,23.06101,16.103956,16.03695,4.0,0.0,4.0,4.0,0.0,0.0,0.0,0.0
46481,2023.0,11.0,19.0,18.0,21.067717,22.665648,20.04464,21.248022,21.042326,22.568422,21.054474,22.81705,20.249521,22.20723,18.307734,18.657688,21.0458,22.319149,21.056484,22.696848,17.016905,17.790846,4.0,4.0,4.0,0.0,0.0,0.0,0.0,4.0
46482,2023.0,11.0,19.0,19.0,21.03517,22.513346,20.04451,21.218994,21.071302,22.568954,21.076765,22.776827,18.410229,18.364065,17.152323,17.067514,21.015343,22.16515,21.055344,22.595285,20.356977,23.352068,4.0,0.0,0.0,0.0,0.0,4.0,0.0,0.0
46483,2023.0,11.0,19.0,19.0,21.039944,22.475668,20.06178,21.244967,21.064291,22.491606,21.069984,22.679281,17.5278,17.25477,16.93816,16.833408,21.019077,22.124613,21.053942,22.518244,17.799631,17.902515,0.0,0.0,0.0,0.0,0.0,4.0,0.0,0.0
46484,2023.0,11.0,19.0,19.0,21.065056,22.510178,18.732512,18.67814,21.038843,22.370865,21.069231,22.611698,17.462395,17.332087,16.835901,16.734394,21.058723,22.163292,21.052853,22.459415,16.679556,16.500114,0.0,4.0,0.0,0.0,0.0,0.0,0.0,0.0
46485,2023.0,11.0,19.0,19.0,21.030602,22.38794,18.570795,18.878853,21.068232,22.41424,21.053732,22.555853,17.407642,17.295614,16.752666,16.651737,21.05015,22.094086,21.050861,22.411324,16.56163,16.478058,4.0,0.0,0.0,0.0,0.0,0.0,0.0,0.0
46486,2023.0,11.0,19.0,19.0,21.208906,22.719961,20.200949,21.78133,21.16768,22.580597,21.182724,22.78964,17.323648,17.219578,16.68435,16.587843,21.17352,22.280533,21.327225,22.901451,16.488113,16.412355,4.0,0.0,0.0,0.0,0.0,4.0,4.0,0.0
46487,2023.0,11.0,19.0,19.0,21.035864,22.349678,20.013647,21.289587,21.047531,22.333195,21.05431,22.507317,17.242931,17.139948,16.62041,16.521255,21.056036,22.033644,21.071508,22.365133,16.406507,16.331793,4.0,0.0,0.0,0.0,0.0,0.0,0.0,0.0
46488,2023.0,11.0,19.0,20.0,21.11573,22.524462,20.121475,21.446028,21.09958,22.431253,21.111176,22.603117,17.17588,17.076406,16.56842,16.469969,21.0998,22.091368,21.054777,22.263046,16.340689,16.26945,0.0,0.0,0.0,0.0,0.0,0.0,4.0,0.0
46489,2023.0,11.0,19.0,20.0,21.022371,22.285204,19.042171,19.270956,21.041777,22.302305,21.045982,22.452524,17.828949,18.35649,16.5258,16.42957,21.03241,21.954111,21.062597,22.29293,16.284311,16.213213,4.0,0.0,0.0,4.0,0.0,0.0,0.0,0.0
46490,2023.0,11.0,19.0,20.0,21.16509,22.577692,20.188278,21.646488,21.241913,22.675028,21.220163,22.768064,20.28204,22.470966,16.480644,16.381874,21.14724,22.17989,21.190924,22.523096,16.231499,16.159521,4.0,4.0,4.0,0.0,0.0,0.0,0.0,0.0
46491,2023.0,11.0,19.0,20.0,21.055508,22.336735,20.041811,21.271505,21.053028,22.308308,21.057947,22.451008,18.298529,18.269468,16.438704,16.337603,21.03857,21.953918,21.057714,22.227972,16.185043,16.111176,0.0,0.0,0.0,0.0,0.0,0.0,0.0,0.0
46492,2023.0,11.0,19.0,20.0,21.056229,22.320478,19.00643,19.206947,21.061012,22.289742,21.066044,22.428709,17.366451,17.097992,16.402472,16.300503,21.038736,21.948355,21.046848,22.207296,17.085714,17.844654,4.0,0.0,0.0,0.0,0.0,0.0,0.0,4.0
46493,2023.0,11.0,19.0,20.0,21.277817,22.753624,20.190193,21.636517,21.17574,22.491383,21.166723,22.59845,17.310614,17.1806,16.741957,16.96422,21.252718,22.351883,21.235157,22.580227,20.337646,23.245106,4.0,0.0,0.0,0.0,4.0,4.0,0.0,0.0
46494,2023.0,11.0,19.0,21.0,21.035782,22.246954,20.024342,21.204626,21.045399,22.23087,21.024963,22.292484,17.267931,17.153965,20.45221,23.120615,21.0246,21.868622,21.007322,22.087086,17.791142,17.828047,4.0,0.0,4.0,0.0,0.0,4.0,4.0,0.0
46495,2023.0,11.0,19.0,21.0,21.060953,22.30922,20.045208,21.181318,21.047205,22.233076,21.056711,22.375826,17.979057,18.571959,18.300467,18.635345,21.023415,21.853518,21.02648,22.108442,16.68292,16.468935,4.0,0.0,0.0,4.0,0.0,4.0,4.0,0.0
46496,2023.0,11.0,19.0,21.0,21.055769,22.28218,20.060104,21.18025,21.046738,22.228111,21.064518,22.356304,20.29048,22.412636,17.493448,17.708422,21.023409,21.842342,21.06423,22.200586,16.584475,16.483707,0.0,0.0,0.0,0.0,4.0,4.0,0.0,0.0
46497,2023.0,11.0,19.0,21.0,21.028597,22.191998,19.054283,19.193962,21.02147,22.152748,21.063261,22.326176,18.84881,19.2463,20.395174,22.636444,21.053581,21.910427,21.056555,22.165401,16.51433,16.422955,4.0,4.0,0.0,4.0,0.0,0.0,0.0,0.0
46498,2023.0,11.0,19.0,21.0,21.222548,22.571354,20.183226,21.521032,21.265991,22.64208,21.19954,22.603523,20.31469,22.081827,18.471994,18.708427,21.190401,22.147045,21.209995,22.45235,16.42819,16.33839,4.0,4.0,0.0,0.0,0.0,4.0,0.0,0.0
46499,2023.0,11.0,19.0,21.0,21.059427,22.251793,20.041132,21.163717,21.0394,22.15424,21.049854,22.299164,18.457682,18.325249,17.417826,17.296469,21.022984,21.799162,21.056047,22.12246,16.351398,16.258219,0.0,4.0,0.0,0.0,0.0,4.0,0.0,0.0
46500,2023.0,11.0,19.0,22.0,21.054596,22.229002,19.03282,19.157,21.038227,22.133186,21.024946,22.22843,17.567513,17.23036,17.172798,17.033113,21.053247,21.872286,21.044775,22.109274,17.225521,17.96502,4.0,4.0,4.0,0.0,0.0,0.0,0.0,4.0
46501,2023.0,11.0,19.0,22.0,21.181526,22.470266,20.184086,21.520061,21.21435,22.470074,21.25442,22.690226,17.51153,17.353075,17.02583,16.884628,21.193497,22.120083,21.40071,22.797403,20.33118,23.126305,4.0,4.0,4.0,0.0,0.0,4.0,4.0,0.0
46502,2023.0,11.0,19.0,22.0,21.0411,22.20096,20.041056,21.157902,21.03702,22.097023,21.0429,22.233608,17.453566,17.318361,16.907457,16.768854,21.052742,21.847368,21.06432,22.129168,18.463982,19.014107,0.0,4.0,4.0,0.0,0.0,0.0,0.0,4.0
46503,2023.0,11.0,19.0,22.0,21.042662,22.2138,19.047289,19.17904,21.037281,22.087431,21.041521,22.212482,17.351799,17.22309,16.813686,16.682184,21.017101,21.746468,21.055088,22.096706,20.31459,22.683985,4.0,4.0,4.0,0.0,0.0,4.0,0.0,0.0
46504,2023.0,11.0,19.0,22.0,21.292936,22.70015,20.183538,21.51203,21.182835,22.388489,21.174847,22.482882,17.260157,17.134861,16.729603,16.600786,21.137827,22.00407,21.307013,22.559397,18.69702,19.201298,4.0,0.0,0.0,0.0,0.0,0.0,4.0,4.0
46505,2023.0,11.0,19.0,22.0,21.047163,22.23075,20.040989,21.150587,21.030945,22.04626,21.060472,22.230833,17.177427,17.05047,16.652094,16.521091,21.016321,21.729641,21.062284,22.086637,20.304228,22.430576,0.0,4.0,0.0,0.0,0.0,4.0,0.0,0.0
46506,2023.0,11.0,19.0,23.0,21.028389,22.14937,19.050978,19.17791,21.0622,22.120605,21.060669,22.2135,17.106037,16.98053,16.874369,16.9944,21.021965,21.740118,21.054365,22.062536,18.186085,18.098639,4.0,0.0,0.0,0.0,4.0,4.0,0.0,0.0
46507,2023.0,11.0,19.0,23.0,19.725,19.669325,18.099312,17.749706,19.715996,19.527983,20.409037,20.946342,17.043037,16.91822,16.72168,16.634914,19.854883,19.526747,19.678774,19.411251,17.206331,16.922565,0.0,0.0,4.0,0.0,0.0,0.0,0.0,0.0
46508,2023.0,11.0,19.0,23.0,19.132887,18.849194,17.748985,17.295897,19.052156,18.576937,19.318184,19.03265,16.992004,16.864712,16.870846,16.989689,19.392298,18.923729,19.343493,19.143967,17.129814,16.987307,0.0,0.0,0.0,0.0,4.0,0.0,0.0,0.0
46509,2023.0,11.0,19.0,23.0,18.866589,18.56177,17.834303,17.648212,19.055458,18.846773,18.774542,18.291412,16.940208,16.809223,16.638742,16.51602,19.185316,18.711197,19.166286,18.985851,17.02964,16.906288,0.0,0.0,0.0,0.0,0.0,0.0,0.0,0.0
46510,2023.0,11.0,19.0,23.0,18.965277,18.951395,17.767012,17.60735,18.932201,18.744562,18.815983,18.627651,16.89265,16.76017,16.523985,16.38565,19.285402,19.079205,18.993519,18.819223,16.915237,16.795961,0.0,0.0,0.0,0.0,0.0,0.0,0.0,0.0
46511,2023.0,11.0,19.0,23.0,18.88455,18.891304,17.67383,17.521736,18.801825,18.624523,18.702312,18.542542,16.84869,16.71686,16.462486,16.324638,19.223133,19.037577,19.871023,20.617744,16.815687,16.704065,0.0,0.0,0.0,0.0,0.0,0.0,4.0,0.0
46512,2023.0,11.0,20.0,0.0,18.780422,18.790442,17.58094,17.429337,18.677713,18.502272,18.566715,18.411009,16.804451,16.671274,16.405954,16.26628,19.131046,18.951912,18.889526,18.59842,16.719265,16.606417,0.0,0.0,0.0,0.0,0.0,0.0,0.0,0.0
46513,2023.0,11.0,20.0,0.0,18.68031,18.689018,17.492134,17.338327,18.562277,18.38531,18.439224,18.282158,16.760511,16.624712,16.352697,16.209791,19.76604,20.232424,18.4692,18.066875,16.629623,16.513805,0.0,0.0,0.0,0.0,0.0,4.0,0.0,0.0
46514,2023.0,11.0,20.0,0.0,18.590538,18.600471,17.412594,17.259062,18.460316,18.285032,18.32654,18.171568,16.719141,16.581898,16.303953,16.159433,18.957764,18.5797,18.295208,17.89715,16.549953,16.433435,0.0,0.0,0.0,0.0,0.0,0.0,0.0,0.0
46515,2023.0,11.0,20.0,0.0,18.502155,18.507298,17.333418,17.174627,18.360342,18.180283,18.216621,18.056494,16.676588,16.535496,16.2545,16.10531,18.645266,18.181355,18.37161,18.19997,16.472836,16.351515,0.0,0.0,0.0,0.0,0.0,0.0,0.0,0.0
46516,2023.0,11.0,20.0,0.0,18.422884,18.426174,17.261269,17.099007,18.270075,18.08792,18.118107,17.95566,16.636326,16.492586,16.208319,16.055845,18.522324,18.058914,18.308653,18.141787,16.403818,16.280022,0.0,0.0,0.0,0.0,0.0,0.0,0.0,0.0
46517,2023.0,11.0,20.0,0.0,18.355158,18.362679,17.201904,17.044401,18.194504,18.01881,18.036222,17.880701,17.18791,17.56171,16.16757,16.015676,18.669067,18.460722,18.226297,18.061625,16.343435,16.220844,0.0,0.0,0.0,4.0,0.0,0.0,0.0,0.0
46518,2023.0,11.0,20.0,1.0,18.287767,18.294815,17.141123,16.982748,18.118582,17.943325,17.954361,17.79918,16.769112,16.63905,16.12559,15.971609,18.653849,18.458338,18.144127,17.97825,16.28467,16.160486,0.0,0.0,0.0,0.0,0.0,0.0,0.0,0.0
46519,2023.0,11.0,20.0,1.0,18.221848,18.225216,17.08026,16.917286,18.043554,17.864656,17.87367,17.714405,16.627077,16.477083,16.083212,15.92557,18.595633,18.397219,18.064024,17.89469,16.228058,16.100693,0.0,0.0,0.0,0.0,0.0,0.0,0.0,0.0
46520,2023.0,11.0,20.0,1.0,18.163677,18.167276,17.02754,16.86481,17.978054,17.800507,17.803448,17.645523,16.576172,16.42541,16.044687,15.885934,18.54101,18.341888,17.991848,17.82221,16.177298,16.04916,0.0,0.0,0.0,0.0,0.0,0.0,0.0,0.0
46521,2023.0,11.0,20.0,1.0,18.112278,18.119726,16.982067,16.823944,17.92105,17.749376,17.742558,17.590826,16.532124,16.38311,16.303076,16.40017,18.490839,18.293835,17.927088,17.760206,16.863714,17.383188,0.0,0.0,0.0,0.0,4.0,0.0,0.0,4.0
46522,2023.0,11.0,20.0,1.0,18.059666,18.066975,16.934513,16.776175,17.86244,17.69152,17.680347,17.529224,16.489822,16.339651,16.099434,15.954409,18.44007,18.242298,17.862995,17.695593,16.347523,16.253294,0.0,0.0,0.0,0.0,0.0,0.0,0.0,0.0
46523,2023.0,11.0,20.0,1.0,18.007044,18.01178,16.887064,16.726065,17.804176,17.631355,17.619097,17.465643,16.448399,16.295715,16.311304,16.428926,18.389572,18.189314,17.800308,17.63044,15.995458,15.689058,0.0,0.0,0.0,0.0,4.0,0.0,0.0,0.0
46524,2023.0,11.0,20.0,2.0,17.959831,17.965284,16.844872,16.684456,17.75207,17.58091,17.56457,17.412607,16.410942,16.257925,16.064835,15.904339,18.343454,18.143215,17.743385,17.573858,15.8780155,15.566943,0.0,0.0,0.0,0.0,0.0,0.0,0.0,0.0
46525,2023.0,11.0,20.0,2.0,17.914345,17.920357,16.804197,16.644037,17.702045,17.532368,17.512316,17.361767,16.374777,16.221432,15.968542,15.805567,18.29906,18.098902,17.689257,17.520288,16.742609,17.29202,0.0,0.0,0.0,0.0,0.0,0.0,0.0,4.0
46526,2023.0,11.0,20.0,2.0,17.86852,17.873268,16.762941,16.60132,17.651846,17.481623,17.459997,17.308767,16.338282,16.183416,16.208717,16.291906,18.254549,18.05303,17.635582,17.465532,16.074123,15.8121195,0.0,0.0,0.0,0.0,4.0,0.0,0.0,0.0
46527,2023.0,11.0,20.0,2.0,17.823374,17.826183,16.722237,16.558603,17.602663,17.431202,17.409117,17.25639,16.302132,16.145378,16.003626,15.851752,18.21078,18.007442,17.583244,17.41159,16.569555,16.9134,0.0,0.0,0.0,0.0,0.0,0.0,0.0,4.0
46528,2023.0,11.0,20.0,2.0,17.78041,17.782278,16.68361,16.518808,17.556007,17.384306,17.361105,17.207909,16.26734,16.109478,15.893702,15.725124,18.168964,17.964722,18.533373,19.24323,16.001509,15.708437,0.0,0.0,0.0,0.0,0.0,0.0,4.0,0.0
46529,2023.0,11.0,20.0,2.0,17.738165,17.738783,16.645515,16.479342,17.51052,17.338148,17.314266,17.160261,16.232864,16.073755,15.846853,15.67721,18.12788,17.922544,17.644617,17.335085,15.779338,15.450198,0.0,0.0,0.0,0.0,0.0,0.0,0.0,0.0
46530,2023.0,11.0,20.0,3.0,17.69595,17.694437,16.607222,16.438944,17.465483,17.29141,17.267479,17.111853,16.19815,16.037193,15.801386,15.629512,18.837343,19.298447,17.319256,16.914848,15.690499,15.361379,0.0,0.0,0.0,0.0,0.0,4.0,0.0,0.0
46531,2023.0,11.0,20.0,3.0,17.654102,17.649912,16.569098,16.39834,17.420826,17.244522,17.22083,17.06304,16.163645,16.000729,15.758291,15.583701,19.088108,19.629858,17.206688,16.800508,15.813609,15.684795,0.0,0.0,0.0,0.0,0.0,4.0,0.0,0.0
46532,2023.0,11.0,20.0,3.0,17.617876,17.615414,16.53631,16.367582,17.382118,17.208366,17.180204,17.025286,16.132895,15.971179,15.721528,15.548623,18.153322,17.75846,17.336973,17.154015,15.795658,15.656581,0.0,0.0,0.0,0.0,0.0,0.0,0.0,0.0
46533,2023.0,11.0,20.0,3.0,17.576899,17.570612,16.498129,16.325409,17.337923,17.160395,17.133945,16.975248,16.098757,15.934381,15.681048,15.504535,17.843716,17.348637,17.330893,17.152893,15.757999,15.61571,0.0,0.0,0.0,0.0,0.0,0.0,0.0,0.0
46534,2023.0,11.0,20.0,3.0,17.558199,17.56996,16.467205,16.297314,17.301159,17.126863,17.09577,16.94046,16.069016,15.905999,15.647375,15.472875,17.749105,17.264456,17.29094,17.114735,16.456865,16.961699,0.0,0.0,0.0,0.0,0.0,0.0,0.0,4.0
46535,2023.0,11.0,20.0,3.0,17.52656,17.538944,16.433622,16.263433,17.261759,17.087578,17.055294,16.899961,16.61652,16.960915,15.612354,15.4374,17.663889,17.182865,17.249279,17.072977,15.953596,15.850868,0.0,0.0,0.0,4.0,0.0,0.0,0.0,0.0
46536,2023.0,11.0,20.0,4.0,17.49174,17.502935,16.400045,16.229162,17.222372,17.047897,17.015303,16.859392,16.215757,16.07339,15.577912,15.402207,17.854084,17.64064,17.20713,17.03046,15.605459,15.281388,0.0,0.0,0.0,0.0,0.0,0.0,0.0,0.0
46537,2023.0,11.0,20.0,4.0,17.456398,17.465706,16.36519,16.19193,17.181747,17.005323,16.974157,16.815994,16.079483,15.91265,15.54319,15.365724,17.86003,17.647356,17.164772,16.987001,15.479947,15.14136,0.0,0.0,0.0,0.0,0.0,0.0,0.0,0.0
46538,2023.0,11.0,20.0,4.0,17.42338,17.432957,16.334797,16.163202,17.145647,16.971188,16.93742,16.78113,16.034452,15.868974,15.512013,15.335632,17.829351,17.618925,17.125181,16.948494,15.61217,15.48415,0.0,0.0,0.0,0.0,0.0,0.0,0.0,0.0
46539,2023.0,11.0,20.0,4.0,17.39168,17.402842,16.305431,16.136145,17.111027,16.939356,16.901981,16.748526,15.994715,15.831617,15.766409,15.837297,17.798893,17.590456,18.095953,18.81049,15.594997,15.454448,0.0,0.0,0.0,0.0,4.0,0.0,4.0,0.0
46540,2023.0,11.0,20.0,4.0,17.35819,17.369102,16.274534,16.105553,17.07495,16.903826,16.864882,16.712046,15.95676,15.793807,15.58148,15.425295,17.765995,17.558184,17.210718,16.899801,15.561975,15.420738,0.0,0.0,0.0,0.0,0.0,0.0,0.0,0.0
46541,2023.0,11.0,20.0,4.0,17.322159,17.330183,16.240662,16.068407,17.03595,16.86168,16.82467,16.668686,15.917952,15.752583,15.471279,15.293791,17.730587,17.520987,16.884861,16.473537,15.528167,15.385023,0.0,0.0,0.0,0.0,0.0,0.0,0.0,0.0
46542,2023.0,11.0,20.0,5.0,17.288954,17.29678,16.210293,16.038168,17.000542,16.826656,16.78833,16.632748,15.88308,15.717984,15.434428,15.257368,17.697392,17.48826,16.784565,16.378239,15.496153,15.353205,0.0,0.0,0.0,0.0,0.0,0.0,0.0,0.0
46543,2023.0,11.0,20.0,5.0,17.257236,17.266228,16.182346,16.012753,16.967587,16.796581,16.754745,16.602057,15.850658,15.687426,15.40006,15.225478,18.42827,18.90002,16.92782,16.753054,15.465701,15.324231,0.0,0.0,0.0,0.0,0.0,4.0,0.0,0.0
46544,2023.0,11.0,20.0,5.0,17.22362,17.231892,16.15163,15.981815,16.931982,16.761093,16.718504,16.565886,15.81698,15.65375,15.36506,15.190362,17.645851,17.247576,16.924683,16.751787,15.433953,15.292463,0.0,0.0,0.0,0.0,0.0,0.0,0.0,0.0
46545,2023.0,11.0,20.0,5.0,17.187336,17.192066,16.117212,15.943463,16.892876,16.71824,16.678558,16.522158,15.781192,15.615349,15.327837,15.149947,17.36687,16.877619,16.883413,16.707294,15.400242,15.256482,0.0,0.0,0.0,0.0,0.0,0.0,0.0,0.0
46546,2023.0,11.0,20.0,5.0,17.154135,17.158503,16.087473,15.914519,16.858416,16.684723,16.643465,16.488014,15.748842,15.583415,15.295171,15.117885,17.574144,17.379915,16.84572,16.670132,15.369308,15.225788,0.0,0.0,0.0,0.0,0.0,0.0,0.0,0.0
46547,2023.0,11.0,20.0,5.0,17.121637,17.12653,16.057985,15.886039,16.824354,16.652027,16.608965,16.454819,15.717467,15.552988,15.263604,15.087368,17.56066,17.352,16.808151,16.633812,16.071568,16.57529,0.0,0.0,0.0,0.0,0.0,0.0,0.0,4.0
46548,2023.0,11.0,20.0,6.0,17.087746,17.09175,16.02698,15.854485,16.788784,16.616167,16.573109,16.41853,16.264366,16.607979,15.231178,15.054634,17.525925,17.317244,16.769459,16.595127,15.572438,15.470583,0.0,0.0,0.0,4.0,0.0,0.0,0.0,0.0
46549,2023.0,11.0,20.0,6.0,21.254332,24.379467,15.998446,15.827792,21.182842,24.377487,21.147308,24.48676,20.284208,23.50451,15.201134,15.026202,21.372255,23.83404,22.03709,25.449547,15.221504,14.8907995,0.0,0.0,0.0,0.0,0.0,0.0,0.0,0.0
46550,2023.0,11.0,20.0,6.0,21.006475,23.454792,15.968317,15.7993145,21.010548,23.522898,21.011934,23.679287,18.293505,19.014969,15.456926,15.532097,20.969072,22.915846,20.988056,23.30443,15.071438,14.733691,0.0,0.0,0.0,4.0,4.0,0.0,0.0,0.0
46551,2023.0,11.0,20.0,6.0,21.151201,23.462719,15.939251,15.771506,21.149185,23.475843,21.148516,23.612514,21.26826,24.372305,20.393845,23.71049,21.125212,22.994032,21.191936,23.444918,15.1885805,15.038405,0.0,0.0,0.0,4.0,0.0,0.0,0.0,0.0
46552,2023.0,11.0,20.0,6.0,21.063862,23.09836,15.916278,15.747015,21.067522,23.096848,21.048199,23.166924,20.043072,22.050352,18.020824,18.696907,21.057205,22.68887,21.064297,23.002943,15.230495,15.091689,0.0,0.0,4.0,0.0,4.0,0.0,0.0,0.0
46553,2023.0,11.0,20.0,6.0,21.037706,22.894402,15.894434,15.7244425,21.066957,22.945807,21.076153,23.089235,17.85415,17.634449,20.311914,23.218163,21.027706,22.489716,21.065945,22.871164,15.216401,15.079803,0.0,0.0,0.0,0.0,4.0,4.0,0.0,0.0
46554,2023.0,11.0,20.0,7.0,21.067184,22.881569,15.873446,15.701896,21.064146,22.831738,21.087357,22.958372,17.403116,17.504713,20.007797,22.266872,21.076305,22.487906,21.062895,22.765154,15.200258,15.065184,0.0,0.0,0.0,4.0,4.0,0.0,0.0,0.0
46555,2023.0,11.0,20.0,7.0,21.05269,22.726255,15.851333,15.676159,21.039528,22.682718,21.06079,22.77443,21.702948,24.779184,20.103317,22.18346,21.038933,22.302916,21.062826,22.68972,16.153505,16.878317,0.0,4.0,4.0,0.0,0.0,4.0,0.0,4.0
46556,2023.0,11.0,20.0,7.0,21.08053,22.725111,15.827722,15.647284,21.067966,22.70253,21.088991,22.769928,19.169207,19.494427,18.146662,18.200933,21.0433,22.2491,21.061802,22.62988,20.405722,23.95393,0.0,0.0,0.0,4.0,4.0,4.0,0.0,4.0
46557,2023.0,11.0,20.0,7.0,21.04796,22.577526,16.274517,16.498228,21.081238,22.640377,21.082293,22.688963,20.469038,22.444578,20.368109,22.520163,21.041912,22.199219,21.061106,22.583553,21.072664,24.504747,4.0,0.0,0.0,4.0,4.0,4.0,0.0,0.0
46558,2023.0,11.0,20.0,7.0,21.15982,22.775753,20.32236,23.416645,21.164177,22.720531,21.199007,22.887163,20.054173,21.592625,20.039238,21.813202,21.132204,22.342516,21.19759,22.82091,18.427605,18.868114,4.0,4.0,4.0,0.0,4.0,4.0,0.0,4.0
46559,2023.0,11.0,20.0,7.0,21.914032,23.95777,20.021755,22.330837,21.057655,22.45831,21.088383,22.626715,18.699257,18.871235,20.094172,21.78348,21.730984,23.306757,21.02072,22.408188,21.658304,25.13184,4.0,4.0,0.0,4.0,0.0,4.0,4.0,0.0
46560,2023.0,11.0,20.0,8.0,20.917685,22.069344,20.08153,22.124218,21.056858,22.42236,21.079248,22.564344,20.33708,22.095345,18.33852,18.278107,20.951508,21.799196,21.083954,22.515583,18.38679,18.320835,4.0,4.0,0.0,0.0,4.0,4.0,0.0,0.0
46561,2023.0,11.0,20.0,8.0,19.872625,20.117704,20.070896,21.880968,19.714407,19.822622,19.644266,19.749332,18.228628,17.935877,20.348587,22.234077,20.080227,20.17313,19.198761,18.850721,17.647844,18.00216,4.0,4.0,4.0,0.0,4.0,4.0,0.0,4.0
46562,2023.0,11.0,20.0,8.0,18.702398,18.326921,20.069052,21.718441,19.022457,18.995525,18.31625,17.77687,17.15738,16.642344,20.037266,21.587881,19.717064,19.791546,19.227894,19.581942,20.501574,22.950512,4.0,4.0,0.0,0.0,4.0,4.0,4.0,0.0
46563,2023.0,11.0,20.0,8.0,18.158873,17.704163,20.08418,21.646427,18.792915,18.766941,17.749947,17.116385,17.852314,18.288471,20.074127,21.551136,19.572748,19.658512,18.378262,17.93529,17.83891,17.64996,0.0,4.0,0.0,4.0,4.0,4.0,0.0,0.0
46564,2023.0,11.0,20.0,8.0,18.58302,18.742405,18.510574,18.517197,18.632885,18.618052,18.49272,18.803757,20.299416,22.42616,20.067549,21.458363,18.789011,18.297705,18.815271,19.201124,16.643867,16.217224,4.0,4.0,4.0,0.0,4.0,0.0,4.0,0.0
46565,2023.0,11.0,20.0,8.0,18.021564,17.669132,20.242552,22.08046,18.501577,18.497015,17.85685,17.461077,18.049507,17.807945,20.067387,21.399872,19.073957,19.17703,18.047512,17.61841,16.530806,16.338577,0.0,4.0,0.0,0.0,4.0,4.0,0.0,0.0
46566,2023.0,11.0,20.0,9.0,17.609472,17.18184,18.24766,18.027626,17.764315,17.22652,17.25741,16.67301,16.934551,16.447458,20.08205,21.398682,19.170198,19.285696,17.53464,17.056417,16.420813,16.267155,0.0,0.0,0.0,0.0,0.0,4.0,0.0,0.0
46567,2023.0,11.0,20.0,9.0,17.426216,17.007898,17.403332,17.155836,17.337835,16.718164,17.015003,16.41728,16.889996,16.666945,18.297106,17.948463,19.11893,19.244389,17.321045,16.851933,16.267035,16.125973,0.0,0.0,0.0,0.0,0.0,4.0,0.0,0.0
46568,2023.0,11.0,20.0,9.0,18.377504,18.949984,17.2607,17.036541,17.174726,16.560076,17.193045,16.9151,16.842352,16.67094,17.787378,17.483181,19.087187,19.221766,17.18249,16.725779,16.146297,16.00296,0.0,0.0,0.0,0.0,0.0,4.0,0.0,0.0
46569,2023.0,11.0,20.0,9.0,17.692999,17.504223,17.113352,16.894297,17.727097,17.71967,17.922832,18.340574,16.728392,16.560265,17.620031,17.38576,18.381454,17.927227,17.312847,17.121674,16.038279,15.898227,0.0,4.0,4.0,0.0,0.0,0.0,0.0,0.0
46570,2023.0,11.0,20.0,9.0,17.298634,16.927382,16.981997,16.766457,17.207733,16.711647,17.494753,17.444906,16.623898,16.458433,17.406012,17.186504,18.058397,17.52433,17.295752,17.12744,15.944165,15.806301,0.0,0.0,0.0,0.0,0.0,0.0,0.0,0.0
46571,2023.0,11.0,20.0,9.0,17.157743,16.78869,17.351091,17.565426,16.948076,16.380856,16.903854,16.405052,16.53072,16.369184,17.218002,17.00949,17.913122,17.387863,17.229834,17.065485,15.861943,15.727163,4.0,0.0,0.0,0.0,0.0,0.0,0.0,0.0
46572,2023.0,11.0,20.0,10.0,17.347227,17.284185,20.246136,22.705658,17.129532,16.870335,17.379688,17.44188,16.44996,16.294498,17.055311,16.859234,17.805782,17.297577,17.168661,17.009945,15.792009,15.662656,0.0,0.0,4.0,0.0,0.0,0.0,0.0,0.0
46573,2023.0,11.0,20.0,10.0,17.39275,17.385628,18.40223,18.749464,17.183931,16.997538,16.94432,16.541523,16.36767,16.219524,16.890728,16.711607,17.977264,17.758444,17.103842,16.951214,15.720804,15.597142,0.0,0.0,0.0,0.0,0.0,0.0,0.0,0.0
46574,2023.0,11.0,20.0,10.0,17.347527,17.35065,17.950493,18.208467,17.137955,16.965208,16.660772,16.162426,16.3061,16.160547,17.186472,17.37881,18.00483,17.821678,17.051027,16.901514,15.666696,15.545278,4.0,0.0,0.0,0.0,4.0,0.0,0.0,0.0
46575,2023.0,11.0,20.0,10.0,17.307072,17.32725,20.215517,22.339418,17.087511,16.926674,16.558266,16.081654,16.2541,16.115976,20.254316,22.708261,17.968843,17.793133,17.005293,16.862793,15.621201,15.506267,0.0,0.0,0.0,0.0,0.0,0.0,0.0,0.0
46576,2023.0,11.0,20.0,10.0,17.265837,17.300663,18.202635,18.162733,17.032808,16.88158,16.720308,16.51778,16.200575,16.069082,18.374016,18.672789,17.929844,17.760647,16.957483,16.820662,15.574257,15.464662,0.0,0.0,0.0,0.0,0.0,0.0,0.0,0.0
46577,2023.0,11.0,20.0,10.0,17.224333,17.26609,17.674747,17.531101,17.716028,18.212435,16.76535,16.628294,16.16099,16.033777,17.48828,17.329052,17.899153,17.734999,16.919008,16.786453,15.538597,15.432662,4.0,4.0,0.0,0.0,0.0,0.0,0.0,0.0
46578,2023.0,11.0,20.0,11.0,17.184587,17.233997,20.240704,22.231041,17.309927,17.332386,16.733559,16.607935,16.126022,16.004498,17.261913,17.091991,17.871712,17.713604,16.884544,16.757511,15.507388,15.406429,0.0,0.0,0.0,0.0,0.0,0.0,0.0,0.0
46579,2023.0,11.0,20.0,11.0,17.132181,17.178434,18.343046,18.31201,16.742405,16.388958,16.692215,16.574024,16.08984,15.972918,17.077206,16.917612,17.842606,17.688984,16.847881,16.72492,15.475136,15.377924,0.0,0.0,0.0,0.0,0.0,0.0,0.0,0.0
46580,2023.0,11.0,20.0,11.0,17.088547,17.135166,17.721289,17.543684,16.554262,16.138485,16.651373,16.535975,16.060766,15.945446,16.943737,16.777342,17.817995,17.6666,16.815737,16.694317,15.448752,15.353008,0.0,0.0,0.0,0.0,0.0,0.0,0.0,0.0
46581,2023.0,11.0,20.0,11.0,17.835337,18.578297,17.541534,17.394358,16.72279,16.558624,17.354687,17.896368,16.037249,15.927181,16.846548,16.69667,17.79758,17.651236,16.78835,16.6719,15.42737,15.336094,0.0,0.0,4.0,0.0,0.0,0.0,0.0,0.0
46582,2023.0,11.0,20.0,11.0,17.348455,17.509613,17.369566,17.229208,17.493402,18.026426,16.922613,16.94815,16.015278,15.908949,16.754875,16.61124,17.778158,17.635689,16.761616,16.648712,15.40787,15.319861,0.0,4.0,0.0,0.0,0.0,0.0,0.0,0.0
46583,2023.0,11.0,20.0,11.0,16.907072,16.749802,17.227585,17.093452,16.865894,16.681105,16.474495,16.169748,15.99591,15.893385,17.061575,17.263561,17.760645,17.622105,16.7368,16.627525,15.39107,15.306415,0.0,0.0,0.0,0.0,4.0,0.0,0.0,0.0
46584,2023.0,11.0,20.0,12.0,16.772978,16.599926,17.105516,16.978666,16.552692,16.213415,16.323227,15.987302,15.978273,15.879546,20.25121,22.786058,17.74471,17.610096,16.713993,16.608404,15.376029,15.294728,0.0,0.0,0.0,0.0,0.0,0.0,0.0,0.0
46585,2023.0,11.0,20.0,12.0,21.31098,24.702477,16.977194,16.853428,21.234816,24.531717,21.260572,24.782839,15.956283,15.858268,18.370209,18.712845,21.33848,23.807472,22.39304,26.228027,15.357316,15.276611,0.0,0.0,0.0,0.0,0.0,0.0,0.0,0.0
46586,2023.0,11.0,20.0,12.0,21.008501,23.628365,16.860476,16.736933,20.983776,23.528997,21.007673,23.750326,15.935349,15.837613,17.220888,17.12437,21.018126,22.979897,20.87912,23.168798,15.340647,15.26023,0.0,4.0,0.0,0.0,0.0,0.0,0.0,0.0
46587,2023.0,11.0,20.0,12.0,21.070555,23.455427,16.751362,16.621851,21.079493,23.429245,21.077185,23.556261,15.917454,15.81972,16.944208,16.793173,21.05589,22.817299,21.09929,23.33705,15.328467,15.248552,0.0,0.0,0.0,0.0,0.0,0.0,0.0,0.0
46588,2023.0,11.0,20.0,12.0,21.113106,23.292244,16.657722,16.526667,21.149849,23.272587,21.131098,23.388788,15.902298,15.804169,16.800081,16.644112,21.123928,22.762115,21.154325,23.220936,15.32069,15.241734,0.0,4.0,4.0,0.0,0.0,0.0,0.0,0.0
46589,2023.0,11.0,20.0,12.0,21.171055,23.26411,16.577251,16.44887,21.136358,23.071405,21.18594,23.331268,15.88949,15.791495,16.690453,16.537296,21.113575,22.600433,21.143173,23.045094,15.315222,15.237243,0.0,4.0,0.0,0.0,0.0,0.0,0.0,0.0
46590,2023.0,11.0,20.0,13.0,21.160683,23.104048,16.504475,16.378857,21.166576,23.043583,21.174562,23.157187,15.87776,15.779945,16.596693,16.446428,21.056402,22.371649,21.135319,22.92591,15.310751,15.233697,0.0,0.0,0.0,0.0,0.0,4.0,0.0,0.0
46591,2023.0,11.0,20.0,13.0,21.085348,22.87299,16.441843,16.322618,21.158142,22.921043,21.140045,23.025734,15.869476,15.774689,16.518454,16.37456,21.076908,22.339249,21.129642,22.835562,15.308847,15.234838,0.0,0.0,0.0,0.0,0.0,4.0,0.0,0.0
46592,2023.0,11.0,20.0,13.0,21.108498,22.86996,16.385809,16.272913,21.112585,22.736208,21.136282,22.971453,15.8626585,15.770859,16.451082,16.313324,21.071226,22.259394,21.124977,22.765583,15.307886,15.236831,0.0,4.0,0.0,0.0,0.0,4.0,0.0,0.0
46593,2023.0,11.0,20.0,13.0,21.146034,22.91236,16.334934,16.22823,21.108608,22.694683,21.13269,22.921131,15.856598,15.767702,16.392065,16.260117,21.067635,22.205456,21.121511,22.710848,15.307133,15.238735,0.0,4.0,0.0,0.0,0.0,4.0,0.0,0.0
46594,2023.0,11.0,20.0,13.0,21.141592,22.84237,16.288473,16.187805,21.104895,22.650135,21.08898,22.77487,15.850802,15.764774,16.339767,16.213379,21.114714,22.28535,21.1186,22.666492,15.306409,15.240658,0.0,4.0,4.0,0.0,0.0,0.0,0.0,0.0
46595,2023.0,11.0,20.0,13.0,21.034908,22.59657,16.249617,16.15859,21.04545,22.519966,21.078123,22.74777,15.844817,15.761967,16.296003,16.178638,21.048416,22.117321,21.04945,22.516487,16.361687,17.244022,0.0,4.0,0.0,0.0,0.0,0.0,0.0,4.0
46596,2023.0,11.0,20.0,14.0,21.074963,22.677439,16.210209,16.124746,21.051508,22.512232,21.075275,22.70302,15.837953,15.758444,16.252052,16.140133,21.055004,22.102905,21.057024,22.511946,20.314342,23.794256,0.0,4.0,0.0,0.0,0.0,0.0,0.0,0.0
46597,2023.0,11.0,20.0,14.0,19.420858,19.481869,16.172428,16.09099,19.37803,19.31487,19.545422,19.757061,15.829312,15.752515,16.210217,16.10308,19.702776,19.483276,19.579023,19.649908,17.456188,17.65152,0.0,0.0,0.0,0.0,0.0,0.0,0.0,0.0
46598,2023.0,11.0,20.0,14.0,18.692766,18.484407,16.139658,16.060678,19.23418,19.409822,18.803097,18.714445,15.819505,15.745146,16.173834,16.069918,19.38634,19.193766,18.958305,18.812185,17.394636,17.980778,0.0,4.0,0.0,0.0,0.0,0.0,0.0,4.0
46599,2023.0,11.0,20.0,14.0,19.341236,19.993916,16.574253,16.902128,19.154415,19.390722,18.502249,18.406584,15.807649,15.736053,16.13909,16.040104,19.251375,19.092598,18.689674,18.548727,20.326889,23.116653,4.0,4.0,0.0,0.0,0.0,0.0,0.0,0.0
46600,2023.0,11.0,20.0,14.0,18.66447,18.635746,20.25416,23.205135,18.39304,18.115805,18.234903,18.142673,15.792585,15.722151,16.101048,16.005924,19.082218,18.935028,18.445353,18.314072,17.836765,17.934458,0.0,0.0,0.0,0.0,0.0,0.0,0.0,0.0
46601,2023.0,11.0,20.0,14.0,18.110226,17.954615,18.217903,18.755072,17.934738,17.573095,18.013338,17.922758,15.777108,15.707997,16.069391,15.978556,18.931534,18.79162,18.239834,18.115826,16.64382,16.436344,0.0,0.0,0.0,0.0,0.0,0.0,0.0,0.0
46602,2023.0,11.0,20.0,15.0,17.89817,17.718975,17.66952,18.057434,17.739058,17.366257,17.85288,17.752405,15.762602,15.693997,16.045385,15.957155,18.817251,18.676052,18.086407,17.959846,16.508858,16.404894,4.0,0.0,0.0,0.0,0.0,0.0,0.0,0.0
46603,2023.0,11.0,20.0,15.0,17.953125,17.985826,20.266012,22.650316,18.4906,18.941938,18.414783,18.929993,15.747345,15.679085,16.021664,15.936317,18.721634,18.590406,17.960066,17.845997,17.341162,18.09301,4.0,4.0,4.0,0.0,0.0,0.0,0.0,4.0
46604,2023.0,11.0,20.0,15.0,18.648811,19.376127,20.042055,21.9638,17.989737,17.842716,18.606543,19.182205,15.729584,15.660773,15.995549,15.911162,18.618046,18.491169,17.825085,17.716108,20.32008,23.133503,0.0,0.0,4.0,0.0,0.0,0.0,0.0,0.0
46605,2023.0,11.0,20.0,15.0,18.033663,18.04413,18.528347,18.867785,17.495258,17.1796,17.791742,17.65427,15.712344,15.643157,15.970782,15.886058,18.524204,18.400675,17.70299,17.597876,17.83029,17.93038,4.0,0.0,0.0,0.0,0.0,0.0,0.0,0.0
46606,2023.0,11.0,20.0,15.0,17.66042,17.51909,20.230282,22.14179,17.325428,16.983763,18.044224,18.306747,15.696912,15.626982,15.949373,15.86369,19.241625,19.828033,17.608974,17.50578,16.939796,16.679537,0.0,0.0,4.0,0.0,0.0,4.0,0.0,0.0
46607,2023.0,11.0,20.0,15.0,18.192354,18.66553,18.420607,18.482378,17.386778,17.239943,18.16384,18.488043,15.679582,15.609408,15.926158,15.840955,19.254074,19.62778,17.512197,17.413008,16.752623,16.63256,0.0,0.0,4.0,0.0,0.0,4.0,0.0,0.0
46608,2023.0,11.0,20.0,16.0,17.682,17.64462,17.773195,17.660019,18.098495,18.626812,17.531519,17.33996,15.662557,15.591534,15.904775,15.8188505,18.491335,18.199787,17.43277,17.334438,16.616476,16.515081,0.0,4.0,0.0,0.0,0.0,0.0,0.0,0.0
46609,2023.0,11.0,20.0,16.0,18.126694,18.612873,18.015701,18.31353,17.480156,17.339104,17.88043,18.149652,15.644077,15.572026,16.242214,16.467855,18.226799,17.870913,18.43959,19.305136,16.478045,16.383354,4.0,0.0,4.0,0.0,4.0,0.0,4.0,0.0
46610,2023.0,11.0,20.0,16.0,17.609732,17.583065,20.342197,22.468655,17.125248,16.80455,17.385046,17.204515,15.624156,15.550754,20.17501,23.199738,18.874245,19.203299,17.554441,17.400917,16.357718,16.267109,4.0,0.0,0.0,0.0,0.0,4.0,0.0,0.0
46611,2023.0,11.0,20.0,16.0,17.976257,18.471785,20.02595,21.641123,17.641403,17.890173,17.002901,16.698599,15.602047,15.527359,18.073004,18.545227,18.371931,18.096409,17.07941,16.819256,16.235046,16.1496,4.0,4.0,0.0,0.0,0.0,0.0,0.0,0.0
46612,2023.0,11.0,20.0,16.0,18.1513,18.66269,20.07596,21.63008,17.864962,18.18617,17.535215,17.813843,15.580413,15.504238,16.719515,16.643091,18.029833,17.680887,16.946201,16.675081,17.096514,17.877213,0.0,4.0,4.0,0.0,0.0,0.0,0.0,4.0
46613,2023.0,11.0,20.0,16.0,17.525812,17.485056,18.766653,19.007116,17.878935,18.197668,17.141706,16.95525,16.272678,16.817806,16.477737,16.381763,18.674738,19.003515,16.856907,16.586407,20.333488,23.291971,4.0,4.0,0.0,4.0,0.0,4.0,0.0,4.0
46614,2023.0,11.0,20.0,17.0,17.893068,18.376081,20.213627,21.973469,17.878956,18.193499,17.466677,17.745724,20.36979,23.736378,16.356663,16.25532,18.906403,19.255898,16.935104,16.82071,20.046934,22.39197,4.0,4.0,4.0,4.0,0.0,4.0,0.0,0.0
46615,2023.0,11.0,20.0,17.0,18.068783,18.565569,20.046206,21.519,17.875275,18.186554,17.654799,17.977882,20.013332,22.541964,16.258968,16.157774,18.21482,17.925827,16.944105,16.842947,17.79767,17.812572,0.0,4.0,4.0,4.0,0.0,0.0,0.0,0.0
46616,2023.0,11.0,20.0,17.0,18.092766,18.592707,18.784536,18.996956,17.869009,18.177345,17.668919,17.988506,20.094624,22.388308,16.180643,16.08279,17.887608,17.534513,16.905447,16.804926,16.727474,16.47524,4.0,4.0,4.0,0.0,0.0,0.0,0.0,0.0
46617,2023.0,11.0,20.0,17.0,18.104149,18.59699,20.222462,21.940578,17.860605,18.166203,17.673326,17.989614,17.889114,17.896383,16.107819,16.006227,17.77639,17.419584,16.864454,16.763311,17.314287,17.834639,4.0,4.0,4.0,0.0,0.0,0.0,0.0,4.0
46618,2023.0,11.0,20.0,17.0,18.104273,18.587437,20.028856,21.426374,17.850424,18.152838,17.67287,17.985939,17.489784,17.82222,16.419868,16.64566,17.692291,17.336765,16.824865,16.722836,20.337376,22.997822,4.0,4.0,4.0,4.0,4.0,0.0,0.0,4.0
46619,2023.0,11.0,20.0,17.0,18.11586,18.605124,20.171785,21.631563,17.839405,18.138891,17.066965,16.857391,21.374105,24.453726,20.446867,23.340141,17.82086,17.668571,17.804964,18.599258,20.889938,23.610737,4.0,4.0,0.0,4.0,0.0,0.0,4.0,4.0
46620,2023.0,11.0,20.0,18.0,18.123705,18.610207,20.067562,21.375925,17.82927,18.125832,17.383799,17.645271,19.88707,21.482393,18.13836,18.545568,17.850744,17.716043,17.101854,16.9142,19.91355,21.542454,0.0,4.0,4.0,4.0,0.0,0.0,0.0,4.0
46621,2023.0,11.0,20.0,18.0,21.344027,24.218708,18.882133,19.03757,21.359556,24.274511,21.366915,24.475193,20.11344,21.840277,16.850107,16.777763,21.339123,23.745703,21.543715,24.828445,20.066408,21.761412,4.0,4.0,4.0,0.0,0.0,0.0,0.0,4.0
46622,2023.0,11.0,20.0,18.0,21.126705,23.459244,20.216812,21.790676,21.124462,23.449894,21.122192,23.605986,18.794573,19.169538,16.584064,16.468506,21.104698,23.098736,21.144558,23.713367,20.076532,21.740248,4.0,4.0,0.0,4.0,0.0,0.0,4.0,0.0
46623,2023.0,11.0,20.0,18.0,21.08661,23.16908,20.02839,21.312347,21.067673,23.087244,21.09058,23.264845,20.284136,22.185282,16.860453,17.111303,21.059374,22.780502,21.095121,23.323956,18.209187,18.081448,4.0,4.0,0.0,0.0,4.0,0.0,0.0,0.0
46624,2023.0,11.0,20.0,18.0,21.047962,22.913893,20.070608,21.347553,21.05884,22.902544,21.057497,22.991808,18.280716,18.155565,20.416285,23.098463,21.024054,22.533175,21.039711,22.966402,17.242302,16.897,0.0,4.0,4.0,0.0,0.0,4.0,4.0,0.0
46625,2023.0,11.0,20.0,18.0,21.052631,22.813353,18.908077,19.048191,21.05772,22.779879,21.061102,22.870123,17.246046,16.880045,18.267696,18.627905,21.070673,22.508154,21.083935,22.928192,16.911177,16.569458,4.0,4.0,4.0,0.0,0.0,0.0,0.0,0.0
46626,2023.0,11.0,20.0,19.0,21.076706,22.801275,20.220295,21.769854,21.080505,22.754608,21.083488,22.840847,17.130772,16.968016,17.40793,17.625916,21.062094,22.38552,21.035563,22.686522,16.879702,16.736681,0.0,0.0,0.0,0.0,4.0,0.0,4.0,0.0
46627,2023.0,11.0,20.0,19.0,21.044165,22.651154,18.56878,18.442497,21.073938,22.666729,21.052788,22.68526,17.023018,16.888205,20.410908,22.762259,21.031866,22.2281,21.04189,22.617138,16.791224,16.670885,0.0,0.0,4.0,0.0,0.0,4.0,4.0,0.0
46628,2023.0,11.0,20.0,19.0,21.049196,22.614092,17.861881,17.70485,21.073118,22.604761,21.056683,22.63833,17.65864,18.229908,18.125023,18.133287,21.065063,22.26073,21.078619,22.656076,16.663593,16.551151,0.0,0.0,4.0,4.0,0.0,0.0,0.0,0.0
46629,2023.0,11.0,20.0,19.0,21.0736,22.646057,18.14056,18.38514,21.030993,22.485985,21.05516,22.593481,20.29523,22.687277,16.897242,16.53307,21.029188,22.123428,21.069975,22.580875,16.551596,16.445126,4.0,4.0,4.0,0.0,0.0,4.0,0.0,0.0
46630,2023.0,11.0,20.0,19.0,21.040842,22.523851,20.257885,22.12457,21.05364,22.487467,21.054476,22.559006,18.050446,17.999382,16.803644,16.632648,21.063393,22.179487,21.069492,22.53057,16.45477,16.353483,0.0,4.0,4.0,0.0,0.0,0.0,0.0,0.0
46631,2023.0,11.0,20.0,19.0,21.072426,22.579887,19.090023,19.626677,21.074934,22.517567,21.078436,22.598516,17.677252,17.992298,16.747553,16.61155,21.057022,22.133568,21.068329,22.487354,16.370804,16.274025,4.0,0.0,0.0,4.0,0.0,0.0,0.0,0.0
46632,2023.0,11.0,20.0,20.0,21.196083,22.780071,20.231258,21.894297,21.165232,22.66565,21.185444,22.763702,20.372604,22.589554,16.62959,16.497335,21.132256,22.255453,21.215017,22.77315,17.327517,18.156979,4.0,0.0,4.0,0.0,0.0,0.0,0.0,4.0
46633,2023.0,11.0,20.0,20.0,21.04372,22.451122,20.04441,21.40725,21.068792,22.441093,21.077133,22.540632,18.700214,19.096766,16.52575,16.397636,21.042095,22.076572,21.055197,22.437792,20.336899,23.11706,0.0,0.0,0.0,4.0,0.0,0.0,0.0,4.0
46634,2023.0,11.0,20.0,20.0,21.069944,22.507507,18.840754,18.993437,21.02736,22.346857,21.046093,22.435524,20.322777,22.258865,16.440393,16.318693,21.01384,22.00016,21.055012,22.426228,20.046963,22.211842,4.0,4.0,4.0,4.0,0.0,4.0,0.0,0.0
46635,2023.0,11.0,20.0,20.0,21.037039,22.400492,20.223015,21.833387,21.049988,22.366276,21.076029,22.497719,20.045782,21.637644,16.362804,16.243412,21.032219,22.013866,21.015398,22.308187,18.598383,19.130848,0.0,4.0,0.0,0.0,0.0,4.0,4.0,4.0
46636,2023.0,11.0,20.0,20.0,21.068954,22.469175,18.893732,19.076315,21.071817,22.410845,21.06972,22.464472,18.270245,18.109364,16.29361,16.175463,21.029806,21.99271,21.074793,22.42516,20.30807,22.501469,4.0,0.0,0.0,0.0,0.0,4.0,0.0,0.0
46637,2023.0,11.0,20.0,20.0,21.062483,22.437922,20.222748,21.844503,21.066349,22.377453,21.06956,22.444344,17.337093,16.96689,16.229652,16.11073,21.059628,22.05618,21.064207,22.3746,18.123346,18.032633,0.0,0.0,0.0,0.0,0.0,0.0,0.0,0.0
46638,2023.0,11.0,20.0,21.0,21.03614,22.34938,18.891224,19.074718,21.041197,22.287165,21.053137,22.425844,17.24748,17.08402,16.173923,16.05661,21.053915,22.022806,21.025238,22.24368,17.086548,16.767836,4.0,4.0,0.0,0.0,0.0,0.0,4.0,0.0
46639,2023.0,11.0,20.0,21.0,21.067867,22.424767,20.222832,21.846952,21.070967,22.353867,21.030134,22.366533,17.157282,17.022469,16.122355,16.004087,21.053978,22.002874,21.071726,22.350666,16.798342,16.478792,0.0,0.0,4.0,0.0,0.0,0.0,0.0,0.0
46640,2023.0,11.0,20.0,21.0,21.061499,22.399431,18.890167,19.071838,21.039694,22.256073,21.059856,22.453472,17.021383,16.894384,16.077385,15.960164,21.053356,21.984356,21.062773,22.313051,16.79551,16.665447,4.0,4.0,0.0,0.0,0.0,0.0,0.0,0.0
46641,2023.0,11.0,20.0,21.0,21.061813,22.387144,20.220385,21.82289,21.07032,22.327183,21.070007,22.440716,16.899796,16.776827,16.419697,16.637024,21.039469,21.968958,21.063244,22.294218,16.733562,16.623833,4.0,0.0,0.0,0.0,4.0,0.0,0.0,0.0
46642,2023.0,11.0,20.0,21.0,21.25784,22.77757,20.146236,21.538685,21.198154,22.549326,21.190498,22.636793,16.794924,16.67613,20.456255,23.333206,21.154402,22.203762,21.227177,22.630135,16.628874,16.524055,4.0,4.0,4.0,0.0,0.0,0.0,0.0,0.0
46643,2023.0,11.0,20.0,21.0,21.04115,22.324318,20.067505,21.304981,21.069044,22.29752,21.04715,22.32977,16.705,16.590332,18.432077,19.048243,21.040167,21.973051,21.050388,22.272614,16.536396,16.435879,0.0,0.0,4.0,0.0,4.0,0.0,0.0,0.0
46644,2023.0,11.0,20.0,22.0,21.039185,22.314266,18.929483,19.037678,21.03813,22.204391,21.04693,22.318123,17.42374,18.020967,20.313742,22.715054,21.04026,21.972136,21.050377,22.271591,16.456074,16.358788,4.0,4.0,4.0,4.0,4.0,0.0,0.0,0.0
46645,2023.0,11.0,20.0,22.0,21.03916,22.307402,20.21894,21.705507,21.06885,22.278534,21.071625,22.375751,20.318613,22.89481,20.043173,21.918453,21.040165,21.968897,21.010841,22.161777,16.382227,16.282219,0.0,0.0,0.0,0.0,0.0,0.0,4.0,0.0
46646,2023.0,11.0,20.0,22.0,21.038637,22.298113,18.653107,18.536545,21.037386,22.183992,21.065891,22.347235,18.487997,18.889034,18.132488,18.03924,21.009995,21.88622,21.070799,22.287502,16.317877,16.218142,0.0,4.0,0.0,4.0,0.0,4.0,0.0,0.0
46647,2023.0,11.0,20.0,22.0,21.038465,22.288603,18.418137,18.644165,21.042883,22.188461,21.066172,22.331463,20.362804,22.505983,17.073217,16.686666,21.058634,21.978365,21.020647,22.137194,16.261421,16.161783,4.0,4.0,0.0,0.0,0.0,0.0,4.0,0.0
46648,2023.0,11.0,20.0,22.0,21.212675,22.626036,20.215794,21.81229,21.20805,22.513361,21.198334,22.61381,18.708208,19.054108,16.98461,16.800198,21.133095,22.102516,21.202982,22.517214,16.211048,16.11135,4.0,4.0,0.0,4.0,0.0,0.0,0.0,0.0
46649,2023.0,11.0,20.0,22.0,21.063902,22.332983,20.042728,21.334736,21.066761,22.239443,21.051456,22.325064,20.320723,22.199438,16.91475,16.762592,21.05127,21.9158,21.059263,22.207453,16.166155,16.066574,0.0,0.0,0.0,4.0,0.0,0.0,0.0,0.0
46650,2023.0,11.0,20.0,23.0,21.03161,22.232735,18.575539,18.429337,21.036386,22.147844,21.05155,22.330795,20.016779,21.498314,16.791494,16.648878,21.007296,21.820747,21.060228,22.19246,16.125635,16.026028,0.0,4.0,0.0,4.0,0.0,4.0,0.0,0.0
46651,2023.0,11.0,20.0,23.0,19.633503,19.574306,17.689417,17.26021,19.586119,19.394485,19.786667,19.906052,18.31224,18.145908,16.681429,16.545013,19.74731,19.4205,19.560728,19.297787,16.79622,17.318079,0.0,0.0,0.0,0.0,0.0,0.0,0.0,4.0
46652,2023.0,11.0,20.0,23.0,18.98949,18.675848,17.700432,17.490372,18.867502,18.366148,19.150679,19.009068,17.616005,17.211803,16.597183,16.46098,19.247568,18.76251,19.190945,18.992512,16.319645,16.2393,0.0,0.0,0.0,0.0,0.0,0.0,0.0,0.0
46653,2023.0,11.0,20.0,23.0,18.720497,18.401857,17.654211,17.498537,19.24548,19.321512,18.878178,18.72133,17.358246,16.957546,16.519285,16.386007,19.040716,18.561588,19.003801,18.830011,16.720417,17.096172,0.0,4.0,0.0,0.0,0.0,0.0,0.0,4.0
46654,2023.0,11.0,20.0,23.0,18.794292,18.755857,17.553303,17.402903,19.248121,19.377148,18.678127,18.524712,17.368767,17.18605,16.449577,16.319618,19.126472,18.908625,18.821222,18.655844,16.139053,15.876008,0.0,4.0,0.0,0.0,0.0,0.0,0.0,0.0
46655,2023.0,11.0,20.0,23.0,18.72444,18.727348,17.457903,17.309189,18.534012,18.118052,18.509129,18.357962,17.290686,17.142027,16.381542,16.248955,19.078598,18.898504,18.661238,18.501377,15.947197,15.676501,0.0,0.0,0.0,0.0,0.0,0.0,0.0,0.0
46656,2023.0,11.0,21.0,0.0,18.613111,18.621252,17.370886,17.224384,18.213871,17.726948,18.363487,18.215855,17.17825,17.0376,16.61016,16.728577,18.98475,18.811989,18.520693,18.366617,16.618965,17.010809,0.0,0.0,0.0,0.0,4.0,0.0,0.0,4.0
46657,2023.0,11.0,21.0,0.0,18.508652,18.519148,17.290298,17.144596,18.040194,17.556702,18.233322,18.087631,17.072195,16.935505,16.392847,16.275217,18.89374,18.724247,18.393772,18.24352,16.077948,15.830421,0.0,0.0,0.0,0.0,0.0,0.0,0.0,0.0
46658,2023.0,11.0,21.0,0.0,18.40751,18.41505,17.212318,17.063147,18.178015,17.982817,18.11112,17.961302,16.970974,16.833178,16.263426,16.125755,18.801624,18.624811,18.274454,18.12292,15.873988,15.598022,0.0,0.0,0.0,0.0,0.0,0.0,0.0,0.0
46659,2023.0,11.0,21.0,0.0,18.317488,18.324886,17.141624,16.990465,18.128798,17.954378,18.002901,17.851797,16.881065,16.744087,16.20508,16.06548,18.720716,18.541943,18.168646,18.01838,15.977322,15.878856,0.0,0.0,0.0,0.0,0.0,0.0,0.0,0.0
46660,2023.0,11.0,21.0,0.0,18.236647,18.245863,17.0788,16.928694,18.047762,17.876299,17.907495,17.75888,16.801043,16.666698,16.152147,16.01197,18.647848,18.468716,18.071148,17.9189,15.953023,15.845538,0.0,0.0,0.0,0.0,0.0,0.0,0.0,0.0
46661,2023.0,11.0,21.0,0.0,18.162138,18.173126,17.020304,16.87117,17.969992,17.801128,17.820019,17.673677,16.725986,16.590227,16.10383,15.962977,18.580593,18.401049,17.982925,17.83074,15.92006,15.811623,0.0,0.0,0.0,0.0,0.0,0.0,0.0,0.0
46662,2023.0,11.0,21.0,1.0,18.093027,18.105549,16.965601,16.817333,17.896097,17.72955,17.73941,17.595106,16.65756,16.521494,16.058683,15.917127,18.518217,18.338213,17.901917,17.74971,15.887917,15.778565,0.0,0.0,0.0,0.0,0.0,0.0,0.0,0.0
46663,2023.0,11.0,21.0,1.0,18.029629,18.044453,16.915363,16.768967,17.827793,17.664373,17.665804,17.524353,16.595434,16.45981,16.017206,15.875799,18.460995,18.281372,17.827822,17.676296,15.8575735,15.748036,0.0,0.0,0.0,0.0,0.0,0.0,0.0,0.0
46664,2023.0,11.0,21.0,1.0,17.973948,17.99422,16.871977,16.731014,17.76813,17.611858,17.602161,17.467916,17.129702,17.515116,15.980641,15.841615,18.410133,18.233221,17.761936,17.613642,15.829929,15.721413,0.0,0.0,0.0,4.0,0.0,0.0,0.0,0.0
46665,2023.0,11.0,21.0,1.0,17.918598,17.940472,16.827536,16.68802,17.708021,17.55421,17.538393,17.406307,16.697256,16.585203,15.944034,15.805011,18.360275,18.183544,17.698189,17.550293,15.802416,15.693705,0.0,0.0,0.0,0.0,0.0,0.0,0.0,0.0
46666,2023.0,11.0,21.0,1.0,17.863747,17.883877,16.782194,16.640673,17.64762,17.492252,17.474613,17.340456,16.54043,16.40446,15.90741,15.766367,18.31132,18.132648,17.636383,17.486565,15.775031,15.665056,0.0,0.0,0.0,0.0,0.0,0.0,0.0,0.0
46667,2023.0,11.0,21.0,1.0,17.816015,17.838564,16.744024,16.605494,17.596088,17.444748,17.420485,17.29022,16.479946,16.34567,16.19445,16.334476,18.267988,18.090382,17.581495,17.432957,15.750248,15.6405525,0.0,0.0,0.0,0.0,4.0,0.0,0.0,0.0
46668,2023.0,11.0,21.0,2.0,17.769577,17.793367,16.706161,16.568783,17.545607,17.39628,17.36768,17.239168,16.424942,16.290953,15.947809,15.800505,18.226233,18.048843,17.529146,17.381018,15.726055,15.616241,0.0,0.0,0.0,0.0,0.0,0.0,0.0,0.0
46669,2023.0,11.0,21.0,2.0,17.727592,17.754782,16.672363,16.538141,17.50024,17.355358,17.320467,17.19623,16.3786,16.246983,15.87388,15.735154,18.93614,19.426754,17.481705,17.335974,15.703805,15.594972,0.0,0.0,0.0,0.0,0.0,4.0,0.0,0.0
46670,2023.0,11.0,21.0,2.0,17.685144,17.713102,16.637903,16.504618,17.454578,17.31124,17.27292,17.15,16.912855,17.28936,15.837644,15.699074,18.41164,18.296217,17.434752,17.289242,15.681345,15.572462,0.0,0.0,0.0,4.0,0.0,0.0,0.0,0.0
46671,2023.0,11.0,21.0,2.0,17.643345,17.670427,16.603392,16.469696,17.409525,17.265987,17.225895,17.10257,17.148544,17.606365,15.802857,15.663201,18.004105,17.59406,17.389013,17.242603,15.659028,15.549534,0.0,0.0,0.0,4.0,0.0,0.0,0.0,0.0
46672,2023.0,11.0,21.0,2.0,17.607288,17.636896,16.573347,16.44244,17.370197,17.230331,17.184956,17.065268,16.999418,17.227278,15.773886,15.635904,17.88055,17.460514,17.348345,17.20403,16.362906,16.892544,0.0,0.0,0.0,4.0,0.0,0.0,0.0,4.0
46673,2023.0,11.0,21.0,2.0,17.570745,17.600473,16.54242,16.412287,17.329967,17.191376,17.143442,17.02475,16.413488,16.128933,15.745045,15.607115,18.028791,17.83839,17.30768,17.163605,15.8839035,15.816516,0.0,0.0,0.0,0.0,0.0,0.0,0.0,0.0
46674,2023.0,11.0,21.0,3.0,17.534866,17.564184,16.51188,16.381985,17.29045,17.15248,17.103127,16.98463,16.18029,15.839292,16.024061,16.153692,18.040129,17.864254,17.268208,17.123922,15.578466,15.318696,0.0,0.0,0.0,0.0,4.0,0.0,0.0,0.0
46675,2023.0,11.0,21.0,3.0,17.500006,17.529373,16.482319,16.35272,17.25252,17.115374,17.06458,16.946573,16.08046,15.74058,15.799428,15.659256,18.009218,17.834244,17.230465,17.086226,15.481742,15.211617,0.0,0.0,0.0,0.0,0.0,0.0,0.0,0.0
46676,2023.0,11.0,21.0,3.0,17.464682,17.49328,16.452713,16.322506,17.214777,17.077492,17.026194,16.907766,16.201786,16.063143,15.719006,15.578664,17.977436,17.801836,17.193363,17.04863,15.58763,15.483318,0.0,0.0,0.0,0.0,0.0,0.0,0.0,0.0
46677,2023.0,11.0,21.0,3.0,17.439247,17.476446,16.425865,16.297333,17.180626,17.04574,16.991358,16.87521,16.195978,16.06289,15.689547,15.550969,17.947308,17.772858,17.1592,17.015814,16.305458,16.833912,0.0,0.0,0.0,0.0,0.0,0.0,0.0,4.0
46678,2023.0,11.0,21.0,3.0,17.419865,17.467869,16.39784,16.269405,17.145527,17.011103,16.955648,16.839764,16.163631,16.031353,15.659387,15.520616,17.916485,17.741875,17.124674,16.981266,15.670463,15.447884,0.0,0.0,0.0,0.0,0.0,0.0,0.0,0.0
46679,2023.0,11.0,21.0,3.0,17.387579,17.433002,16.367516,16.236446,17.108341,16.971386,16.918043,16.799307,16.128016,15.99352,15.629513,15.488332,17.884464,17.70791,17.089302,16.94413,15.454209,15.176017,0.0,0.0,0.0,0.0,0.0,0.0,0.0,0.0
46680,2023.0,11.0,21.0,4.0,17.359093,17.40575,16.342932,16.21458,17.077652,16.943897,16.886957,16.771305,16.09716,15.9645605,15.605052,15.465614,18.613043,19.111708,17.058178,16.914707,15.546217,15.42647,0.0,0.0,0.0,0.0,0.0,4.0,0.0,0.0
46681,2023.0,11.0,21.0,4.0,17.329,17.374977,16.316195,16.187948,17.04505,16.911678,16.853653,16.738346,16.065739,15.933122,15.57986,15.440263,17.871765,17.539843,17.026314,16.883018,16.265093,16.785402,0.0,0.0,0.0,0.0,0.0,0.0,0.0,4.0
46682,2023.0,11.0,21.0,4.0,17.29908,17.344063,16.28949,16.161005,17.01284,16.879404,16.820723,16.705297,16.035248,15.902335,15.555278,15.415287,17.616205,17.195887,16.994844,16.851444,15.631444,15.406255,0.0,0.0,0.0,0.0,0.0,0.0,0.0,0.0
46683,2023.0,11.0,21.0,4.0,17.26917,17.312902,16.26279,16.133741,16.980757,16.846935,16.788265,16.672237,16.593857,16.977802,15.829782,15.948923,17.538227,17.117838,16.96372,16.819948,15.414461,15.134733,0.0,0.0,0.0,4.0,4.0,0.0,0.0,0.0
46684,2023.0,11.0,21.0,4.0,17.240225,17.283257,16.23695,16.10768,16.949493,16.815823,16.756792,16.640696,16.189877,16.084715,15.625097,15.492683,17.704927,17.518185,16.933558,16.789816,15.346635,15.0681305,0.0,0.0,0.0,0.0,0.0,0.0,0.0,0.0
46685,2023.0,11.0,21.0,4.0,17.211878,17.254211,16.211647,16.08202,16.91857,16.785046,16.725708,16.609554,16.644882,17.028454,15.539866,15.397544,17.720894,17.544231,16.903904,16.760187,15.450695,15.333189,0.0,0.0,0.0,4.0,0.0,0.0,0.0,0.0
46686,2023.0,11.0,21.0,5.0,17.184435,17.226461,16.18702,16.05746,16.888548,16.75559,16.69539,16.579699,16.045073,15.760206,15.5120325,15.370685,17.697437,17.521894,16.875097,16.731781,15.455888,15.34315,0.0,0.0,0.0,0.0,0.0,0.0,0.0,0.0
46687,2023.0,11.0,21.0,5.0,17.154688,17.193638,16.15889,16.025784,16.855186,16.71897,16.66161,16.542559,15.80785,15.459511,15.481496,15.337278,17.670341,17.492712,16.844309,16.69898,15.433617,15.319077,0.0,0.0,0.0,0.0,0.0,0.0,0.0,0.0
46688,2023.0,11.0,21.0,5.0,17.128399,17.167852,16.13576,16.004229,16.827333,16.69309,16.63341,16.516315,15.919185,15.761683,15.4569845,15.313938,17.645098,17.468409,16.816736,16.672434,16.136282,16.659725,0.0,0.0,0.0,0.0,0.0,0.0,0.0,4.0
46689,2023.0,11.0,21.0,5.0,17.099716,17.137568,16.109884,15.9771805,16.79694,16.661762,16.602777,16.484625,15.930602,15.793244,15.431173,15.287082,17.617952,17.440456,16.78773,16.642746,15.65719,15.588207,0.0,0.0,0.0,0.0,0.0,0.0,0.0,0.0
46690,2023.0,11.0,21.0,5.0,17.071089,17.107265,16.083965,15.949976,16.766716,16.630465,16.572538,16.453114,16.489307,16.868876,15.406021,15.260817,17.5906,17.41223,16.758842,16.613111,15.344734,15.073655,0.0,0.0,0.0,4.0,0.0,0.0,0.0,0.0
46691,2023.0,11.0,21.0,5.0,17.041782,17.075188,16.056217,15.9189825,16.734827,16.595613,16.540613,16.418062,16.73408,17.19544,15.380098,15.232531,17.562174,17.381874,16.729198,16.581799,15.232126,14.938764,0.0,0.0,0.0,4.0,0.0,0.0,0.0,0.0
46692,2023.0,11.0,21.0,6.0,17.016542,17.050388,16.033443,15.89768,16.707914,16.570484,16.513512,16.392708,15.993259,15.702796,15.357902,15.211295,17.536642,17.357304,16.702343,16.555899,15.334408,15.2068,0.0,0.0,0.0,0.0,0.0,0.0,0.0,0.0
46693,2023.0,11.0,21.0,6.0,21.243134,24.43302,16.009207,15.87328,21.168474,24.439293,21.133768,24.533176,15.740662,15.38539,15.334969,15.188219,21.42963,23.945562,22.052324,25.5393,16.091082,16.635586,0.0,0.0,0.0,0.0,0.0,0.0,0.0,4.0
46694,2023.0,11.0,21.0,6.0,21.006264,23.518606,15.982999,15.846873,20.989388,23.538776,21.011482,23.73799,16.249973,16.429882,15.598226,15.699955,20.961618,22.908373,20.991056,23.36425,20.36564,23.852928,0.0,4.0,0.0,4.0,4.0,0.0,0.0,0.0
46695,2023.0,11.0,21.0,6.0,21.073309,23.362988,15.957656,15.820923,21.08122,23.407991,21.08122,23.525846,21.38554,24.868433,20.410105,23.67233,21.0695,22.8885,21.092447,23.288624,17.932314,18.477524,0.0,0.0,0.0,4.0,0.0,0.0,0.0,4.0
46696,2023.0,11.0,21.0,6.0,21.06426,23.147964,15.938298,15.798142,21.086584,23.15833,21.071714,23.271463,19.884094,21.863281,18.099125,18.78514,21.056328,22.692284,21.064283,23.038849,20.363153,23.282587,0.0,0.0,0.0,4.0,4.0,0.0,0.0,0.0
46697,2023.0,11.0,21.0,6.0,21.063435,23.004715,15.919992,15.777197,21.083263,22.968582,21.070654,23.102188,20.184263,22.203327,20.313,23.150246,21.026686,22.490252,21.065615,22.89804,18.254805,18.736317,0.0,0.0,0.0,4.0,4.0,4.0,0.0,4.0
46698,2023.0,11.0,21.0,7.0,21.03604,22.827637,15.903319,15.757558,21.038816,22.76477,21.068823,22.976215,20.078794,21.831465,20.027279,22.254223,21.058733,22.487108,21.063412,22.786827,21.726711,25.258484,0.0,4.0,0.0,0.0,0.0,0.0,0.0,0.0
46699,2023.0,11.0,21.0,7.0,21.040089,22.76394,15.887853,15.739471,21.068949,22.774374,21.06679,22.87952,18.681612,18.971338,18.120607,18.353148,21.038824,22.32575,21.062105,22.703043,19.069798,19.566938,0.0,0.0,0.0,4.0,0.0,4.0,0.0,4.0
46700,2023.0,11.0,21.0,7.0,21.081196,22.77855,15.871945,15.721727,21.055634,22.633415,21.065672,22.805733,20.27072,22.132654,17.378946,17.551903,21.070362,22.337357,21.061016,22.63799,20.276663,22.380638,0.0,4.0,0.0,4.0,4.0,0.0,0.0,4.0
46701,2023.0,11.0,21.0,7.0,21.046242,22.618685,15.85579,15.704054,21.05745,22.570843,21.064442,22.74667,20.148418,21.783325,20.334213,22.760523,21.063927,22.263306,21.06009,22.586233,20.323591,22.370901,0.0,4.0,0.0,0.0,4.0,0.0,0.0,0.0
46702,2023.0,11.0,21.0,7.0,21.05105,22.578121,15.840805,15.687045,21.056013,22.517324,21.0386,22.629526,18.795212,19.043865,20.047504,21.96469,21.063396,22.213226,21.059107,22.543867,18.01684,17.803818,0.0,4.0,4.0,4.0,0.0,0.0,0.0,0.0
46703,2023.0,11.0,21.0,7.0,21.04969,22.537111,15.826546,15.670801,21.05509,22.474936,21.042767,22.606207,20.32199,22.041008,17.99701,17.844126,21.017218,22.095266,21.058464,22.509085,16.998505,16.586317,0.0,4.0,4.0,0.0,0.0,4.0,0.0,0.0
46704,2023.0,11.0,21.0,8.0,21.048723,22.503664,16.280687,16.529848,21.079128,22.508423,21.059978,22.580448,18.326094,18.102055,16.838732,16.35531,21.039177,22.105673,21.018833,22.375063,16.667042,16.259027,4.0,0.0,4.0,0.0,0.0,4.0,4.0,0.0
46705,2023.0,11.0,21.0,8.0,19.353802,19.256302,20.285109,23.38041,19.797373,19.987848,19.198662,18.997639,17.313543,16.863716,17.137854,17.24662,20.116531,20.308832,19.237614,18.954746,16.651197,16.462738,0.0,4.0,0.0,0.0,4.0,4.0,0.0,0.0
46706,2023.0,11.0,21.0,8.0,19.085638,19.331135,18.060429,18.507816,19.136116,19.199606,18.750679,18.79206,17.222673,16.998547,20.340303,22.775455,19.740082,19.890293,18.336657,17.885973,17.520313,18.203909,0.0,4.0,4.0,0.0,0.0,4.0,0.0,4.0
46707,2023.0,11.0,21.0,8.0,19.06613,19.362728,16.720758,16.661697,18.92069,18.985527,18.689333,18.783295,17.134806,16.953886,18.63716,19.150803,19.618036,19.776892,17.999222,17.542294,20.32856,22.930132,0.0,4.0,4.0,0.0,4.0,4.0,0.0,0.0
46708,2023.0,11.0,21.0,8.0,18.945232,19.245684,16.90009,17.150135,18.157246,17.702374,17.938433,17.508778,16.992329,16.821747,20.272568,22.43955,18.864508,18.452763,17.995216,17.777739,17.838135,17.744461,4.0,0.0,0.0,0.0,0.0,0.0,0.0,0.0
46709,2023.0,11.0,21.0,8.0,18.184862,17.920153,20.293932,23.013287,18.34979,18.36935,17.487926,16.96777,17.608221,18.103662,18.387941,18.502018,19.152475,19.31128,17.926037,17.747454,16.688747,16.334003,4.0,4.0,0.0,4.0,4.0,4.0,0.0,0.0
46710,2023.0,11.0,21.0,9.0,17.764927,17.420265,20.07286,22.19922,17.829779,17.387436,17.273706,16.753534,20.503052,23.093477,20.339964,22.333178,19.268429,19.450052,17.800377,17.631733,17.53956,18.20806,4.0,0.0,0.0,0.0,0.0,4.0,0.0,4.0
46711,2023.0,11.0,21.0,9.0,17.587696,17.251251,20.090744,21.994003,17.4308,16.902828,18.08656,18.459538,18.029884,17.923687,18.172073,18.023087,18.568176,18.170826,18.734625,19.506805,20.32572,22.882912,0.0,0.0,4.0,0.0,0.0,0.0,4.0,0.0
46712,2023.0,11.0,21.0,9.0,17.447931,17.120426,18.128832,18.049704,17.2538,16.726986,18.1376,18.336447,16.914597,16.513596,17.615025,17.722706,18.160734,17.676685,17.871716,17.56841,17.884993,17.809622,0.0,0.0,4.0,0.0,4.0,0.0,0.0,0.0
46713,2023.0,11.0,21.0,9.0,18.356888,18.954731,17.495302,17.269886,17.402683,17.146454,17.406046,17.014166,16.89588,16.6909,20.287056,22.443378,18.008734,17.517145,17.460508,17.046213,17.021036,16.618149,0.0,0.0,0.0,0.0,0.0,0.0,0.0,0.0
46714,2023.0,11.0,21.0,9.0,17.80407,17.666676,17.287613,17.102928,17.43382,17.240725,17.02028,16.532717,16.852268,16.689047,18.50622,18.718954,17.88729,17.405188,17.282848,16.875677,16.907072,16.718042,0.0,0.0,0.0,0.0,0.0,0.0,0.0,0.0
46715,2023.0,11.0,21.0,9.0,17.398413,17.065361,17.109283,16.910336,17.373537,17.186403,16.879734,16.380732,16.761702,16.600756,17.640125,17.416836,18.071547,17.871542,17.156973,16.749716,16.796112,16.634268,0.0,0.0,0.0,0.0,0.0,0.0,0.0,0.0
46716,2023.0,11.0,21.0,10.0,17.267616,16.94681,16.975794,16.787752,17.312313,17.133383,17.045734,16.821297,16.68004,16.527718,17.406631,17.195786,18.812578,19.29139,17.2759,17.096004,16.671005,16.522177,0.0,0.0,0.0,0.0,0.0,4.0,0.0,0.0
46717,2023.0,11.0,21.0,10.0,17.455534,17.433994,16.852571,16.661648,17.250917,17.074945,17.066177,16.896034,16.601843,16.45105,17.207544,16.993643,18.726704,18.954313,17.269835,17.114227,16.55453,16.40779,0.0,0.0,0.0,0.0,0.0,4.0,0.0,0.0
46718,2023.0,11.0,21.0,10.0,17.443949,17.442877,16.75673,16.576376,17.19889,17.031145,17.022516,16.861446,16.534863,16.387526,17.060637,16.863235,18.011194,17.597712,17.222317,17.071093,16.460337,16.324085,0.0,0.0,0.0,0.0,0.0,0.0,0.0,0.0
46719,2023.0,11.0,21.0,10.0,17.400436,17.40557,17.134928,17.36619,17.147942,16.985413,16.975166,16.819975,16.473087,16.328075,16.92644,16.736814,18.563368,18.80484,17.173838,17.024927,16.373713,16.242857,4.0,0.0,0.0,0.0,0.0,4.0,0.0,0.0
46720,2023.0,11.0,21.0,10.0,17.36595,17.3858,20.240232,22.765305,17.799843,18.253471,17.633919,18.100714,16.418274,16.276127,16.808342,16.625212,17.989458,17.616175,17.128407,16.982323,16.297873,16.172812,0.0,4.0,4.0,0.0,0.0,0.0,0.0,0.0
46721,2023.0,11.0,21.0,10.0,18.073687,18.75781,18.3944,18.78924,18.089344,18.611677,17.921347,18.450727,16.3625,16.223799,17.067928,17.222607,17.672346,17.238771,17.081163,16.937763,16.22052,16.100689,0.0,4.0,4.0,0.0,4.0,0.0,0.0,0.0
46722,2023.0,11.0,21.0,11.0,18.28261,19.003168,17.445032,17.321262,17.295496,17.057861,17.12153,16.886137,16.320354,16.183247,20.312077,22.845158,17.590778,17.158688,17.042965,16.901352,16.159863,16.039324,0.0,0.0,0.0,0.0,4.0,0.0,0.0,0.0
46723,2023.0,11.0,21.0,11.0,18.066292,18.500057,17.13843,16.978945,17.49944,17.674854,17.336802,17.527807,16.275208,16.139421,20.037159,21.944942,18.571095,19.108852,17.000744,16.860106,16.095776,15.97636,0.0,4.0,4.0,0.0,0.0,4.0,0.0,0.0
46724,2023.0,11.0,21.0,11.0,17.387638,17.272028,16.95309,16.788794,17.066586,16.772816,17.514404,17.75539,16.23292,16.098227,18.089172,17.966555,17.95952,17.63895,16.960354,16.820547,16.037766,15.919438,0.0,0.0,4.0,0.0,0.0,0.0,0.0,0.0
46725,2023.0,11.0,21.0,11.0,17.83195,18.23741,16.834888,16.664898,17.474934,17.654207,16.924559,16.644737,16.198292,16.06323,17.488087,17.246088,18.446741,18.718184,16.925795,16.78574,15.992232,15.87315,0.0,4.0,0.0,0.0,0.0,4.0,0.0,0.0
46726,2023.0,11.0,21.0,11.0,17.29229,17.157393,16.73607,16.567507,16.999622,16.71026,17.34264,17.550013,16.88777,17.387106,17.726711,17.857662,18.595896,18.879131,16.892677,16.753033,15.95022,15.831523,0.0,0.0,4.0,4.0,4.0,4.0,0.0,0.0
46727,2023.0,11.0,21.0,11.0,17.039211,16.80826,16.653103,16.488256,16.739511,16.334476,16.867744,16.61041,20.305904,23.230125,20.269855,22.357122,18.633772,18.913834,16.86169,16.723173,16.803,17.467913,0.0,0.0,0.0,0.0,0.0,4.0,0.0,4.0
46728,2023.0,11.0,21.0,12.0,16.922083,16.693396,16.567436,16.40536,16.611614,16.199509,16.52401,16.144035,17.806004,17.85003,18.561523,18.776745,18.67231,18.95156,16.827942,16.690193,20.3666,23.444878,0.0,0.0,0.0,0.0,0.0,4.0,0.0,0.0
46729,2023.0,11.0,21.0,12.0,21.305004,24.520334,16.487894,16.325306,21.270456,24.506174,21.179625,24.392391,16.575562,16.244936,17.520227,17.369818,21.277395,23.540174,22.24282,25.819101,17.641388,17.65297,0.0,0.0,0.0,0.0,0.0,4.0,0.0,0.0
46730,2023.0,11.0,21.0,12.0,21.008394,23.478561,16.41602,16.252989,21.00649,23.48853,21.005272,23.55823,16.506897,16.34138,17.220758,17.031073,21.049583,22.817217,20.881254,23.072538,16.417618,16.112005,0.0,0.0,0.0,0.0,0.0,0.0,0.0,0.0
46731,2023.0,11.0,21.0,12.0,21.04675,23.2536,16.841948,17.108337,21.075998,23.31603,21.07933,23.395197,16.471748,16.324686,17.03184,16.834923,21.070456,22.649696,21.096552,23.240246,16.34145,16.199923,4.0,0.0,0.0,0.0,0.0,0.0,0.0,0.0
46732,2023.0,11.0,21.0,12.0,21.148134,23.242134,20.265991,22.991816,21.149832,23.256813,21.149883,23.331152,16.400204,16.257288,16.887943,16.694937,21.11883,22.593874,21.172544,23.205761,17.290052,18.056559,0.0,0.0,0.0,0.0,0.0,0.0,0.0,4.0
46733,2023.0,11.0,21.0,12.0,21.082346,22.981117,18.280674,18.686762,21.065853,22.94189,21.06891,23.023815,17.13032,17.693266,16.768179,16.579872,21.064587,22.371162,21.064013,22.848955,20.336887,23.1383,0.0,0.0,0.0,4.0,0.0,0.0,0.0,0.0
46734,2023.0,11.0,21.0,13.0,21.0759,22.856867,17.027933,16.94319,21.06441,22.834017,21.067276,22.916462,20.333576,23.097359,16.666842,16.482523,21.047935,22.284348,21.062288,22.744062,17.76094,17.711271,0.0,0.0,0.0,0.0,0.0,0.0,0.0,0.0
46735,2023.0,11.0,21.0,13.0,21.07481,22.768396,16.744055,16.58966,21.038626,22.685041,21.06599,22.836184,17.84707,17.804794,16.57738,16.397676,21.048647,22.241924,21.060835,22.664019,16.58135,16.231728,0.0,4.0,0.0,0.0,0.0,0.0,0.0,0.0
46736,2023.0,11.0,21.0,13.0,21.055904,22.698288,17.088566,17.349915,21.041859,22.637148,21.064249,22.773682,16.64661,16.262962,16.496195,16.318853,21.047195,22.20364,21.058838,22.600128,16.524652,16.372454,4.0,4.0,0.0,0.0,0.0,0.0,0.0,0.0
46737,2023.0,11.0,21.0,13.0,21.171782,22.900774,20.273746,22.8619,21.165806,22.827118,21.19441,22.969212,16.61755,16.438715,16.42611,16.253336,21.134539,22.34911,21.198614,22.832008,16.467676,16.329823,0.0,0.0,4.0,0.0,0.0,0.0,0.0,0.0
46738,2023.0,11.0,21.0,13.0,21.05694,22.643438,18.341908,18.71622,21.049751,22.51093,21.067875,22.700508,16.595623,16.443102,16.366184,16.197624,21.046062,22.145187,21.057379,22.507318,16.374401,16.241182,0.0,4.0,0.0,0.0,0.0,0.0,0.0,0.0
46739,2023.0,11.0,21.0,13.0,21.11584,22.734562,17.592724,17.90953,21.109022,22.577986,21.157972,22.806364,16.512669,16.360851,16.309175,16.140081,21.041912,22.087994,21.117952,22.59038,16.290983,16.158813,4.0,4.0,0.0,0.0,0.0,4.0,0.0,0.0
46740,2023.0,11.0,21.0,14.0,21.170408,22.824795,20.287296,22.602514,21.159567,22.665714,21.16128,22.801147,16.447287,16.302755,16.264143,16.10145,21.155254,22.282862,21.201057,22.730759,16.226809,16.101374,4.0,0.0,0.0,0.0,0.0,4.0,0.0,0.0
46741,2023.0,11.0,21.0,14.0,19.651016,19.881325,20.041021,21.86268,19.349106,19.155462,20.045279,20.609818,16.38866,16.248922,16.22326,16.064142,20.19732,20.401253,20.428406,21.168642,16.169352,16.049152,0.0,0.0,4.0,0.0,0.0,4.0,4.0,0.0
46742,2023.0,11.0,21.0,14.0,18.83907,18.860355,18.167791,18.100815,18.949076,18.996567,18.667536,18.37243,16.338802,16.203485,16.189016,16.032188,19.218609,18.82081,18.994072,18.66988,16.117691,15.998804,0.0,4.0,0.0,0.0,0.0,0.0,0.0,0.0
46743,2023.0,11.0,21.0,14.0,19.321213,19.958914,17.558914,17.354452,18.903374,19.003727,18.089985,17.58633,16.298416,16.163034,16.162037,16.006641,18.81332,18.296251,18.44662,17.983679,16.076351,15.957749,0.0,4.0,0.0,0.0,0.0,0.0,0.0,0.0
46744,2023.0,11.0,21.0,14.0,18.73048,18.838001,17.836462,18.062176,18.802792,18.916636,17.818306,17.31691,16.261127,16.127905,16.497099,16.657162,18.616693,18.106537,18.191853,17.74233,16.037708,15.921016,4.0,4.0,0.0,0.0,4.0,0.0,0.0,0.0
46745,2023.0,11.0,21.0,14.0,18.138475,17.87912,20.250933,22.334755,18.715937,18.843182,17.877481,17.652876,16.226458,16.095184,20.237417,23.01161,19.220268,19.395079,18.21098,17.994944,16.001202,15.886364,4.0,4.0,0.0,0.0,0.0,4.0,0.0,0.0
46746,2023.0,11.0,21.0,15.0,17.8231,17.533983,20.028088,21.667746,18.622414,18.763369,17.82087,17.658392,16.189291,16.060104,18.192263,18.557152,18.74278,18.375002,18.131765,17.957014,15.961714,15.848809,4.0,4.0,0.0,0.0,0.0,0.0,0.0,0.0
46747,2023.0,11.0,21.0,15.0,17.900274,17.873966,20.080416,21.640886,17.886597,17.468618,17.678225,17.51959,16.151237,16.021233,16.915125,16.769388,18.334566,17.867321,17.991892,17.823812,15.921148,15.807183,0.0,0.0,0.0,0.0,0.0,0.0,0.0,0.0
46748,2023.0,11.0,21.0,15.0,18.595654,19.240435,18.368095,18.254858,17.503075,17.022705,17.550014,17.39614,16.115692,15.986098,16.688093,16.530449,18.918758,19.119389,17.864325,17.70356,15.882935,15.769083,0.0,0.0,0.0,0.0,0.0,4.0,0.0,0.0
46749,2023.0,11.0,21.0,15.0,18.480316,18.884853,17.812265,17.597254,18.022472,18.124878,17.450464,17.294926,16.08448,15.953468,16.588003,16.424086,18.342466,17.933588,17.762592,17.603025,15.848853,15.733474,0.0,4.0,0.0,0.0,0.0,0.0,0.0,0.0
46750,2023.0,11.0,21.0,15.0,18.41081,18.791052,17.607826,17.406809,18.14282,18.317215,17.35148,17.190712,16.0524,15.91886,16.498587,16.32979,18.07686,17.601353,17.663761,17.502659,15.813913,15.695971,0.0,4.0,0.0,0.0,0.0,0.0,0.0,0.0
46751,2023.0,11.0,21.0,15.0,18.390377,18.771147,17.445501,17.267618,18.131758,18.30799,17.977468,18.4395,16.728664,17.211529,16.814089,16.98893,18.21543,17.99084,18.64676,19.438303,15.783686,15.667111,0.0,4.0,4.0,4.0,4.0,0.0,4.0,0.0
46752,2023.0,11.0,21.0,16.0,17.731958,17.563627,17.292376,17.115675,18.113136,18.291075,18.158304,18.678698,21.171091,24.685974,20.246819,22.910076,18.222984,18.040922,17.715164,17.452501,16.646229,17.314568,0.0,4.0,4.0,0.0,0.0,0.0,0.0,4.0
46753,2023.0,11.0,21.0,16.0,17.36103,17.09481,17.580889,17.789171,17.459055,17.095076,17.335716,17.079025,18.368828,18.547413,18.257545,18.587025,18.162401,17.97939,17.209593,16.843243,20.367743,23.549166,4.0,0.0,0.0,0.0,0.0,0.0,0.0,0.0
46754,2023.0,11.0,21.0,16.0,17.919586,18.25963,20.277044,22.501253,17.748243,17.855541,16.856356,16.435133,17.366264,17.603283,17.03142,16.890982,18.830183,19.296883,17.061434,16.687319,18.228077,18.823118,0.0,4.0,0.0,4.0,0.0,4.0,0.0,4.0
46755,2023.0,11.0,21.0,16.0,18.13671,18.527962,18.873816,19.44983,17.930262,18.107748,16.689362,16.245218,20.42051,22.795044,17.135956,17.29597,18.853796,19.104368,17.155622,16.981876,20.336214,22.996826,4.0,4.0,0.0,4.0,4.0,4.0,0.0,0.0
46756,2023.0,11.0,21.0,16.0,18.147503,18.530724,20.251432,22.179558,17.295395,16.92819,16.824505,16.617073,20.514055,22.874432,20.415543,22.82157,18.812746,19.042595,17.164951,17.009773,17.814299,17.758055,0.0,0.0,0.0,0.0,0.0,4.0,0.0,0.0
46757,2023.0,11.0,21.0,16.0,17.53569,17.38368,18.653408,18.834963,16.934692,16.464287,16.872976,16.713642,18.043476,17.888636,18.373173,18.653048,18.107355,17.705793,17.11215,16.958122,16.630842,16.290087,4.0,0.0,0.0,0.0,0.0,0.0,0.0,0.0
46758,2023.0,11.0,21.0,17.0,17.945368,18.28082,20.224726,21.86907,16.81306,16.331022,16.839262,16.683119,17.944336,18.09939,17.454231,17.258434,18.594776,18.801798,17.061178,16.905962,16.559828,16.385185,0.0,0.0,0.0,4.0,0.0,4.0,0.0,0.0
46759,2023.0,11.0,21.0,17.0,17.47852,17.302568,18.457,18.315401,16.961136,16.730877,16.793726,16.63814,20.356194,22.261164,17.16915,16.97084,18.068293,17.657545,17.005974,16.850431,16.468012,16.326008,0.0,0.0,0.0,0.0,0.0,0.0,0.0,0.0
46760,2023.0,11.0,21.0,17.0,17.830357,18.164198,17.659653,17.451826,17.712797,18.147137,17.451962,17.911213,18.234858,18.072676,16.970224,16.77551,17.722343,17.25577,16.952236,16.79596,16.336735,16.201218,0.0,4.0,4.0,0.0,0.0,0.0,0.0,0.0
46761,2023.0,11.0,21.0,17.0,17.319073,17.134253,17.951057,18.146038,17.949389,18.46154,17.680119,18.202677,17.38951,16.901634,16.827925,16.631556,17.609121,17.136732,16.90534,16.746964,16.236422,16.100546,4.0,4.0,4.0,0.0,0.0,0.0,0.0,0.0
46762,2023.0,11.0,21.0,17.0,17.052786,16.749954,20.244135,22.215307,17.712877,17.927828,17.455505,17.686653,17.340336,17.102194,17.100903,17.25677,17.770565,17.548895,16.862259,16.703983,16.1444,16.006466,0.0,4.0,4.0,0.0,4.0,0.0,0.0,0.0
46763,2023.0,11.0,21.0,17.0,17.642466,17.962301,18.635239,18.853706,17.007917,16.664106,16.773275,16.459538,17.947336,18.397223,20.387962,22.814322,17.803503,17.60534,16.816265,16.657629,16.049643,15.911567,0.0,0.0,0.0,4.0,0.0,0.0,0.0,0.0
46764,2023.0,11.0,21.0,18.0,17.242588,17.066946,17.63176,17.488152,16.63551,16.164371,16.402872,15.956247,20.295994,22.423983,18.35441,18.615885,17.758146,17.56088,16.770754,16.61149,15.964124,15.825733,0.0,0.0,0.0,0.0,0.0,0.0,0.0,0.0
46765,2023.0,11.0,21.0,18.0,21.323963,24.399546,17.344612,17.145273,21.179464,24.231102,21.271301,24.581257,18.114952,17.93562,17.192009,17.036922,21.416191,23.898495,22.323967,26.34741,15.885643,15.74467,0.0,0.0,4.0,0.0,0.0,4.0,4.0,0.0
46766,2023.0,11.0,21.0,18.0,21.004066,23.32381,17.637646,17.835613,20.996544,23.348742,21.004526,23.530483,17.007973,16.544714,16.900423,16.709541,21.039928,22.952354,21.044584,23.514996,15.8184395,15.676504,4.0,4.0,4.0,0.0,0.0,0.0,0.0,0.0
46767,2023.0,11.0,21.0,18.0,21.15109,23.334505,20.233057,22.44304,21.154568,23.362926,21.149055,23.481943,16.962364,16.74975,16.729519,16.537302,21.116833,22.854046,21.164797,23.409994,16.708475,17.402761,0.0,0.0,4.0,0.0,0.0,0.0,4.0,4.0
46768,2023.0,11.0,21.0,18.0,21.058016,22.960615,18.514973,18.782194,21.059362,22.9383,21.069017,23.09761,16.905764,16.727255,16.59596,16.409172,21.070597,22.579683,21.088984,23.063023,20.361837,23.506798,0.0,4.0,4.0,0.0,0.0,0.0,0.0,0.0
46769,2023.0,11.0,21.0,18.0,21.083607,22.90136,17.883717,18.123894,21.063961,22.802708,21.091896,23.006313,17.56283,18.084578,16.480877,16.29241,21.052029,22.445366,21.079773,22.882256,17.52981,17.487295,4.0,4.0,0.0,4.0,0.0,0.0,0.0,0.0
46770,2023.0,11.0,21.0,19.0,21.05036,22.716265,20.260544,22.317947,21.061535,22.69465,21.061031,22.807508,20.295843,22.694849,16.375381,16.18464,21.023462,22.296078,21.078533,22.758562,17.135187,17.552397,4.0,4.0,4.0,4.0,0.0,4.0,0.0,4.0
46771,2023.0,11.0,21.0,19.0,21.080887,22.72434,20.04649,21.665815,21.06023,22.614944,21.064892,22.73093,20.023298,21.839418,16.284744,16.09376,21.073254,22.33129,21.061111,22.664545,20.359175,23.078745,0.0,4.0,4.0,4.0,0.0,0.0,0.0,4.0
46772,2023.0,11.0,21.0,19.0,21.0475,22.57764,18.22827,18.025679,21.059013,22.552902,21.06293,22.662891,20.05595,21.691126,16.567703,16.689234,21.035465,22.169907,21.062128,22.618093,20.015663,22.085121,0.0,4.0,4.0,4.0,4.0,4.0,0.0,4.0
46773,2023.0,11.0,21.0,19.0,21.052376,22.543879,17.558811,17.352446,21.058022,22.50337,21.086693,22.677656,21.007656,23.073662,20.448044,23.159458,21.0698,22.211868,21.06118,22.577297,21.132301,23.957008,4.0,4.0,0.0,0.0,0.0,0.0,0.0,0.0
46774,2023.0,11.0,21.0,19.0,21.179838,22.764902,20.253334,22.230883,21.081938,22.53125,21.079948,22.614122,18.962614,18.804403,18.189621,18.481384,21.127853,22.284882,21.021711,22.440159,18.377558,18.227386,4.0,0.0,0.0,0.0,0.0,0.0,4.0,0.0
46775,2023.0,11.0,21.0,19.0,21.076647,22.546377,20.037271,21.576033,21.075384,22.479013,21.079353,22.5703,17.51672,16.991022,16.91604,16.740065,21.032719,22.039633,21.084318,22.543106,18.007168,18.41251,0.0,0.0,0.0,0.0,0.0,4.0,0.0,4.0
46776,2023.0,11.0,21.0,20.0,21.044544,22.4348,18.263628,18.032639,21.050861,22.37683,21.059223,22.535261,17.41585,17.176157,16.657345,16.462374,21.067873,22.108446,21.072796,22.476633,20.28712,22.369492,0.0,4.0,0.0,0.0,0.0,0.0,0.0,4.0
46777,2023.0,11.0,21.0,20.0,21.048958,22.42551,17.534948,17.293383,21.054077,22.36119,21.034405,22.463928,17.311483,17.10508,16.50428,16.299938,21.060406,22.06923,21.071257,22.437246,20.005468,21.656317,0.0,4.0,4.0,0.0,0.0,0.0,0.0,4.0
46778,2023.0,11.0,21.0,20.0,21.049217,22.410631,17.853207,18.053465,21.054014,22.342993,21.087017,22.547232,17.147186,16.952608,16.385303,16.183615,21.06159,22.049656,21.05556,22.40818,20.091808,21.738855,4.0,4.0,0.0,0.0,0.0,0.0,0.0,0.0
46779,2023.0,11.0,21.0,20.0,21.164934,22.628885,20.24074,22.23486,21.054161,22.32731,21.148008,22.63546,17.78041,18.2884,16.28083,16.081266,21.122952,22.188503,21.182304,22.657982,18.098713,17.81158,4.0,4.0,0.0,4.0,0.0,0.0,0.0,0.0
46780,2023.0,11.0,21.0,20.0,21.075006,22.453001,20.031254,21.578033,21.079056,22.38155,21.057323,22.4642,20.289028,22.505474,16.185715,15.98467,21.046001,22.039532,21.057318,22.399038,17.087189,16.60612,4.0,0.0,0.0,0.0,0.0,0.0,0.0,0.0
46781,2023.0,11.0,21.0,20.0,21.042774,22.35076,20.064957,21.491953,21.073442,22.35002,21.05996,22.473686,18.018301,17.780268,16.104366,15.903182,21.04602,22.042562,21.057283,22.393446,17.701406,18.0699,4.0,0.0,0.0,0.0,0.0,0.0,0.0,4.0
46782,2023.0,11.0,21.0,21.0,21.048367,22.3508,20.077066,21.426548,21.048506,22.261438,21.034609,22.403856,16.888243,16.379522,16.032146,15.830576,21.016068,21.96437,21.057215,22.38685,20.38456,22.561481,0.0,4.0,4.0,0.0,0.0,4.0,0.0,0.0
46783,2023.0,11.0,21.0,21.0,21.048214,22.341722,18.360342,18.061777,21.07853,22.3295,21.064154,22.484873,16.89537,16.673073,15.969014,15.76905,21.038742,21.980724,21.056946,22.379286,17.98587,17.746412,0.0,0.0,0.0,0.0,0.0,4.0,0.0,0.0
46784,2023.0,11.0,21.0,21.0,21.0479,22.333498,17.66699,17.397558,21.046856,22.231579,21.0538,22.398706,17.597216,18.051947,15.907884,15.707022,21.066273,22.03434,21.056406,22.370834,16.864046,16.38841,0.0,4.0,4.0,4.0,0.0,0.0,0.0,0.0
46785,2023.0,11.0,21.0,21.0,21.047726,22.325478,17.497759,17.257263,21.052963,22.235289,21.082167,22.447527,20.33552,22.564276,15.851107,15.650999,21.061077,21.999142,21.056324,22.36311,16.82939,16.629787,0.0,4.0,0.0,0.0,0.0,0.0,0.0,0.0
46786,2023.0,11.0,21.0,21.0,21.047274,22.31471,17.757364,17.902357,21.077541,22.296793,21.076426,22.410398,18.51912,18.74124,15.796155,15.595538,21.031174,21.900196,21.056261,22.355131,16.760525,16.591436,4.0,0.0,0.0,4.0,0.0,4.0,0.0,0.0
46787,2023.0,11.0,21.0,21.0,21.169558,22.5686,20.271894,22.329933,21.072206,22.272377,21.076805,22.389547,20.375866,22.318365,16.128757,16.262526,21.158094,22.145508,21.05597,22.346985,16.617199,16.44423,0.0,0.0,0.0,4.0,4.0,4.0,0.0,0.0
46788,2023.0,11.0,21.0,22.0,21.041054,22.271955,18.55662,18.73101,21.047272,22.18913,21.055464,22.371086,20.721582,22.764053,20.439121,23.406122,21.065224,21.967522,21.055725,22.339058,17.427038,18.085964,0.0,4.0,0.0,0.0,0.0,0.0,0.0,4.0
46789,2023.0,11.0,21.0,22.0,21.074057,22.347256,17.95825,18.143782,21.05215,22.192415,21.057571,22.38564,19.060692,19.202152,18.022568,18.36487,21.060299,21.942854,21.016237,22.225933,20.321514,22.886093,4.0,4.0,0.0,4.0,0.0,0.0,4.0,4.0
46790,2023.0,11.0,21.0,22.0,21.0409,22.247768,20.249788,22.201986,21.076939,22.256096,21.05709,22.388197,20.32191,21.879879,16.923758,16.997044,21.06052,21.929335,21.080791,22.349813,20.020985,21.971197,4.0,0.0,0.0,0.0,4.0,0.0,0.0,4.0
46791,2023.0,11.0,21.0,22.0,21.073395,22.32518,20.05049,21.583668,21.071583,22.233278,21.057098,22.387926,18.292534,17.90872,20.444443,23.011415,21.011599,21.838795,21.030443,22.193201,20.959574,23.398548,0.0,0.0,0.0,0.0,0.0,4.0,4.0,4.0
46792,2023.0,11.0,21.0,22.0,21.067362,22.301514,18.214941,17.911617,21.0466,22.151094,21.056429,22.382488,17.257465,16.675562,18.225782,18.472946,21.0678,21.955624,21.078531,22.301605,19.911686,21.25675,0.0,4.0,0.0,0.0,0.0,0.0,0.0,0.0
46793,2023.0,11.0,21.0,22.0,21.041012,22.219368,17.09982,16.41203,21.07698,22.225985,21.056337,22.377207,17.252378,16.997835,17.252993,17.314672,21.059826,21.923056,21.069647,22.264284,18.731586,18.943071,0.0,0.0,0.0,0.0,4.0,0.0,0.0,4.0
46794,2023.0,11.0,21.0,23.0,21.073505,22.3026,17.089275,16.695478,21.07111,22.20393,21.056599,22.37231,17.191648,16.983225,20.398708,22.71676,21.060492,21.910542,21.0703,22.247976,21.515541,23.854721,0.0,0.0,0.0,0.0,4.0,0.0,0.0,0.0
46795,2023.0,11.0,21.0,23.0,19.98105,20.173273,17.552576,17.653303,19.82229,19.838804,19.682081,19.728437,17.035883,16.83074,18.32458,18.536833,19.967436,19.834326,19.32875,18.890835,18.296244,17.973515,4.0,0.0,0.0,0.0,0.0,0.0,0.0,0.0
46796,2023.0,11.0,21.0,23.0,18.903261,18.402884,17.251827,17.074512,19.161394,18.890692,18.98037,18.723116,16.911171,16.701815,17.695953,17.735643,20.281668,20.700354,18.96894,18.691095,17.46783,16.90033,0.0,0.0,0.0,0.0,4.0,4.0,0.0,0.0
46797,2023.0,11.0,21.0,23.0,19.150064,19.178076,17.019838,16.755352,18.869316,18.579636,19.341623,19.639826,16.795862,16.587393,16.95773,16.438719,19.21562,18.639164,18.783188,18.55102,17.444193,17.189262,0.0,0.0,4.0,0.0,0.0,0.0,0.0,0.0
46798,2023.0,11.0,21.0,23.0,19.1327,19.22632,16.902285,16.623093,18.635729,18.330473,19.388659,19.775742,16.683016,16.467726,16.432901,15.75499,18.718622,18.01838,18.561836,18.327978,17.30543,17.095142,0.0,0.0,4.0,0.0,0.0,0.0,0.0,0.0
46799,2023.0,11.0,21.0,23.0,18.353472,17.870068,16.813404,16.539455,18.46046,18.167067,18.85893,18.801748,16.587873,16.37625,16.540718,16.22792,18.51255,17.83227,18.3829,18.16385,17.13575,16.941277,0.0,0.0,4.0,0.0,0.0,0.0,0.0,0.0
46800,2023.0,11.0,22.0,0.0,17.993717,17.434732,16.727518,16.45353,18.296873,18.004969,17.981934,17.314386,17.063747,17.34903,16.515167,16.276062,18.692638,18.387255,18.207376,17.981546,17.687588,18.122942,0.0,0.0,0.0,4.0,0.0,0.0,0.0,4.0
46801,2023.0,11.0,22.0,0.0,17.79545,17.243412,16.65019,16.378717,18.15268,17.864769,17.601742,16.845186,16.629623,16.436779,16.393269,16.155485,18.665133,18.39977,18.053978,17.829147,17.082262,16.913805,0.0,0.0,0.0,0.0,0.0,0.0,0.0,0.0
46802,2023.0,11.0,22.0,0.0,18.027205,17.880505,16.578371,16.308731,18.021439,17.73596,17.38819,16.637552,17.015024,17.315605,16.273283,16.034883,18.563772,18.299854,17.914816,17.689741,16.522205,16.035976,0.0,0.0,0.0,4.0,0.0,0.0,0.0,0.0
46803,2023.0,11.0,22.0,0.0,18.019323,17.926416,16.514004,16.248697,17.906528,17.627869,17.564764,17.175419,16.251314,15.749971,16.45159,16.46271,18.469896,18.209085,17.792427,17.57113,16.273458,15.766437,0.0,0.0,0.0,0.0,4.0,0.0,0.0,0.0
46804,2023.0,11.0,22.0,0.0,17.936409,17.847233,16.450357,16.185677,17.795486,17.51745,17.592363,17.318098,15.928351,15.383561,16.198488,15.986231,18.377792,18.115602,17.67547,17.452398,16.404703,16.204714,0.0,0.0,0.0,0.0,0.0,0.0,0.0,0.0
46805,2023.0,11.0,22.0,0.0,17.856857,17.773842,16.39443,16.134182,17.699606,17.428658,18.22602,18.587479,15.805278,15.27301,16.0438,15.81408,18.29729,18.038467,17.573862,17.35477,16.353983,16.160322,0.0,0.0,4.0,0.0,0.0,0.0,0.0,0.0
46806,2023.0,11.0,22.0,1.0,17.776396,17.696432,16.33929,16.081293,17.60739,17.339777,17.773247,17.6611,15.997798,15.776605,15.944534,15.7125025,18.220264,17.962143,17.477312,17.258984,16.266565,16.073664,0.0,0.0,0.0,0.0,0.0,0.0,0.0,0.0
46807,2023.0,11.0,22.0,1.0,17.696987,17.61734,16.283665,16.024973,17.518805,17.25179,17.088095,16.444246,16.005678,15.795919,15.856737,15.6229925,18.146471,17.8868,17.386013,17.166569,16.182344,15.988212,0.0,0.0,0.0,0.0,0.0,0.0,0.0,0.0
46808,2023.0,11.0,22.0,1.0,17.620724,17.540968,16.229242,15.969419,17.435076,17.168451,16.819729,16.106209,15.953376,15.741734,15.776046,15.540843,18.824919,19.22967,17.300373,17.080055,16.102234,15.90712,0.0,0.0,0.0,0.0,0.0,4.0,0.0,0.0
46809,2023.0,11.0,22.0,1.0,18.29283,18.866405,16.176437,15.915423,17.355896,17.089535,17.672152,17.88096,16.460238,16.735346,15.700364,15.463843,17.920921,17.358843,17.219517,16.998404,16.0262,15.8301325,0.0,0.0,4.0,4.0,0.0,0.0,0.0,0.0
46810,2023.0,11.0,22.0,1.0,17.816948,17.858053,16.124395,15.861332,17.279709,17.012358,17.023056,16.529413,16.076597,15.8941765,15.9124565,15.919466,17.58159,16.932861,17.141712,16.91883,16.666246,17.095695,0.0,0.0,0.0,0.0,4.0,0.0,0.0,4.0
46811,2023.0,11.0,22.0,1.0,17.151596,16.67018,16.555424,16.709435,17.20617,16.937235,16.607567,15.90391,15.898193,15.679132,15.703765,15.497598,17.456467,16.808289,17.066788,16.841637,16.14277,15.971556,4.0,0.0,0.0,0.0,0.0,0.0,0.0,0.0
46812,2023.0,11.0,22.0,2.0,16.910006,16.37133,16.269627,16.110981,17.135654,16.86527,16.446413,15.725423,16.417833,16.712147,15.559414,15.317317,17.717485,17.442413,16.994999,16.767773,15.659801,15.172476,0.0,0.0,0.0,4.0,0.0,0.0,0.0,0.0
46813,2023.0,11.0,22.0,2.0,17.165606,17.01162,16.089247,15.838029,17.073261,16.806889,16.676918,16.308765,15.677645,15.169216,15.486554,15.244595,17.730852,17.462055,16.930225,16.70535,15.476773,14.976982,0.0,0.0,0.0,0.0,0.0,0.0,0.0,0.0
46814,2023.0,11.0,22.0,2.0,17.214502,17.127913,16.011908,15.747177,17.01209,16.747614,16.756344,16.494856,15.985056,15.9632225,15.718016,15.734168,17.686281,17.418936,16.86649,16.641876,15.655703,15.457285,0.0,0.0,0.0,4.0,4.0,0.0,0.0,0.0
46815,2023.0,11.0,22.0,2.0,17.173054,17.091227,15.959532,15.696635,16.955275,16.694277,16.726908,16.478548,16.084291,16.064894,15.487641,15.258032,17.643816,17.378258,16.806871,16.584078,16.37413,16.818357,0.0,0.0,0.0,4.0,0.0,0.0,0.0,4.0
46816,2023.0,11.0,22.0,2.0,17.127272,17.048286,15.913369,15.65271,16.900827,16.643208,16.68229,16.438374,16.088278,16.072811,15.36205,15.122764,18.355011,18.761805,16.749619,16.528727,15.571785,15.122478,0.0,0.0,0.0,4.0,0.0,4.0,0.0,0.0
46817,2023.0,11.0,22.0,2.0,17.08013,17.003218,15.869764,15.611142,16.848007,16.593142,16.634752,16.394106,15.5567045,15.080185,15.30241,15.065573,17.476858,16.922565,16.693964,16.474571,15.285679,14.793945,0.0,0.0,0.0,0.0,0.0,0.0,0.0,0.0
46818,2023.0,11.0,22.0,3.0,17.032564,16.95657,15.827349,15.570016,16.796158,16.542915,16.585773,16.347256,15.296187,14.757708,15.244286,15.008056,17.16131,16.525272,16.639282,16.420485,15.8723345,15.993348,0.0,0.0,0.0,0.0,0.0,0.0,0.0,4.0
46819,2023.0,11.0,22.0,3.0,16.987453,16.914856,15.788586,15.535004,16.748037,16.498854,16.539257,16.305056,15.178797,14.646052,15.192337,14.958858,17.063728,16.439026,16.588211,16.371971,15.316886,14.8305235,0.0,0.0,0.0,0.0,0.0,0.0,0.0,0.0
46820,2023.0,11.0,22.0,3.0,16.942108,16.872198,15.750778,15.500513,16.7007,16.454851,16.493181,16.262373,15.407014,15.203917,15.142881,14.911415,17.348196,17.103552,16.538328,16.32389,15.120805,14.641759,0.0,0.0,0.0,0.0,0.0,0.0,0.0,0.0
46821,2023.0,11.0,22.0,3.0,16.906393,16.848137,15.714096,15.467161,16.654673,16.412178,16.447906,16.220507,15.416182,15.208718,15.096382,14.867112,17.35954,17.104244,16.490326,16.277905,15.3054905,15.106365,0.0,0.0,0.0,0.0,0.0,0.0,0.0,0.0
46822,2023.0,11.0,22.0,3.0,16.874645,16.828949,15.677819,15.4335375,16.609356,16.369545,16.402746,16.17817,15.381389,15.175512,15.0519905,14.824641,17.329767,17.077997,16.443823,16.233377,15.309342,15.120798,0.0,0.0,0.0,0.0,0.0,0.0,0.0,0.0
46823,2023.0,11.0,22.0,3.0,16.836037,16.79371,15.643795,15.40349,16.566645,16.33087,16.359865,16.139446,15.347363,15.1441345,15.010889,14.7866535,17.300787,17.051867,16.399384,16.191626,15.277527,15.091365,0.0,0.0,0.0,0.0,0.0,0.0,0.0,0.0
46824,2023.0,11.0,22.0,4.0,16.797005,16.75764,15.610536,15.374113,16.52497,16.293093,16.317875,16.101454,15.312678,15.1121435,15.002195,14.809248,17.270496,17.02447,16.356268,16.151178,15.242505,15.058782,0.0,0.0,0.0,0.0,0.0,0.0,0.0,0.0
46825,2023.0,11.0,22.0,4.0,16.753897,16.716383,15.573699,15.340167,16.47985,16.251358,16.272512,16.059591,15.852886,16.162357,15.00452,14.838563,17.235645,16.990822,16.309507,16.106323,15.936083,16.401855,0.0,0.0,0.0,4.0,0.0,0.0,0.0,4.0
46826,2023.0,11.0,22.0,4.0,16.708403,16.66983,15.533319,15.299198,16.43138,16.202763,16.224325,16.011097,16.143824,16.51124,15.004916,14.861252,17.19818,16.953009,16.260963,16.057783,15.2334585,14.808034,0.0,0.0,0.0,4.0,0.0,0.0,0.0,0.0
46827,2023.0,11.0,22.0,4.0,16.66349,16.623077,15.492944,15.257476,16.38302,16.15354,16.17618,15.961961,15.317779,14.848811,15.00544,14.880438,17.160154,16.914137,16.212597,16.008722,15.01335,14.681976,0.0,0.0,0.0,0.0,0.0,0.0,0.0,0.0
46828,2023.0,11.0,22.0,4.0,16.615166,16.569216,15.448758,15.207548,16.330885,16.095936,16.124039,15.904373,15.006248,14.580624,15.009329,14.905767,17.119701,16.870356,16.16237,15.955174,15.014566,14.737116,0.0,0.0,0.0,0.0,0.0,0.0,0.0,0.0
46829,2023.0,11.0,22.0,4.0,16.57292,16.527637,15.412209,15.172483,16.28682,16.053827,16.079752,15.862083,15.412649,15.406855,15.005755,14.90977,17.083036,16.83416,16.117018,15.910693,15.05193,14.860234,0.0,0.0,0.0,4.0,0.0,0.0,0.0,0.0
46830,2023.0,11.0,22.0,5.0,16.529663,16.483385,15.374083,15.133565,16.241385,16.008154,16.034039,15.816166,14.9447,14.535781,15.007108,14.925005,17.045473,16.7961,16.071358,15.864929,15.033489,14.846002,0.0,0.0,0.0,0.0,0.0,0.0,0.0,0.0
46831,2023.0,11.0,22.0,5.0,16.482834,16.432089,15.331959,15.08629,16.192068,15.954145,15.984439,15.761877,15.019594,14.745248,15.01276,14.949015,17.005535,16.753395,16.023518,15.81441,15.000315,14.820727,0.0,0.0,0.0,0.0,0.0,0.0,0.0,0.0
46832,2023.0,11.0,22.0,5.0,16.438967,16.38658,15.293422,15.04596,16.146526,15.907343,15.938669,15.714835,15.061533,14.8527155,15.013422,14.958535,16.96714,16.713951,15.977722,15.767858,15.004272,14.864873,0.0,0.0,0.0,0.0,0.0,0.0,0.0,0.0
46833,2023.0,11.0,22.0,5.0,16.39841,16.347382,15.258981,15.013426,16.105267,15.868585,15.897277,15.675905,15.035113,14.827068,15.00721,14.956974,16.930614,16.678482,15.934349,15.725963,15.665838,16.128325,0.0,0.0,0.0,0.0,0.0,0.0,0.0,4.0
46834,2023.0,11.0,22.0,5.0,16.355028,16.30223,15.221185,14.973775,16.060772,15.822758,15.853246,15.630209,15.570643,15.871446,15.0089655,14.970873,16.891695,16.638477,15.888862,15.679694,15.219229,15.061203,0.0,0.0,0.0,4.0,0.0,0.0,0.0,0.0
46835,2023.0,11.0,22.0,5.0,16.312054,16.256685,15.1833315,14.933556,16.016108,15.776272,15.809154,15.584009,15.221842,15.02639,15.009303,14.981834,16.852137,16.59754,15.842844,15.632427,15.006934,14.839952,0.0,0.0,0.0,0.0,0.0,0.0,0.0,0.0
46836,2023.0,11.0,22.0,6.0,17.061035,17.699486,15.146752,14.895615,15.972879,15.732356,15.766382,15.540349,15.002683,14.774214,15.009849,14.992956,16.813013,16.557789,15.797729,15.58708,15.017335,14.882538,0.0,0.0,0.0,0.0,0.0,0.0,0.0,0.0
46837,2023.0,11.0,22.0,6.0,21.089182,24.471554,15.111534,14.860214,20.93635,24.431423,20.856565,24.441343,15.224854,15.206484,15.010182,15.003439,20.73494,23.194883,21.268385,24.78822,15.00471,14.897599,0.0,0.0,0.0,4.0,0.0,0.0,0.0,0.0
46838,2023.0,11.0,22.0,6.0,21.047083,23.868898,15.077074,14.825238,21.013779,23.980064,21.015192,24.128855,20.15008,23.41701,15.010478,15.0129,21.494347,24.31389,22.022753,25.70661,15.639662,16.12185,0.0,0.0,0.0,0.0,0.0,0.0,0.0,4.0
46839,2023.0,11.0,22.0,6.0,21.08473,23.574932,15.04411,14.791418,21.09391,23.74842,21.098677,23.88957,17.012032,16.910748,15.065898,15.113667,21.01597,23.114794,22.49184,26.002142,20.1314,23.700666,0.0,0.0,0.0,0.0,4.0,0.0,0.0,0.0
46840,2023.0,11.0,22.0,6.0,21.10354,23.397354,15.011704,14.758345,21.05823,23.398169,21.06256,23.529207,16.310226,16.59906,20.151478,23.531565,21.85676,24.291506,20.890018,22.864918,16.873718,16.739801,0.0,4.0,4.0,4.0,0.0,4.0,0.0,0.0
46841,2023.0,11.0,22.0,6.0,21.071587,23.146893,15.000621,14.758183,21.08527,23.293201,21.08907,23.414911,20.358637,23.602058,17.69435,18.354471,21.018635,22.696419,21.106762,23.19921,16.040527,16.170431,0.0,0.0,0.0,0.0,4.0,4.0,0.0,4.0
46842,2023.0,11.0,22.0,7.0,21.074547,23.034859,15.002071,14.77558,21.079597,23.08044,21.107649,23.26239,17.718683,17.92395,20.281462,23.463545,21.095182,22.73582,22.102478,24.718668,20.755537,24.128216,0.0,4.0,0.0,4.0,4.0,0.0,0.0,0.0
46843,2023.0,11.0,22.0,7.0,21.072691,22.944366,15.002275,14.788055,21.103342,23.019472,21.10183,23.111408,21.805956,25.415981,20.033089,22.601229,21.054205,22.53261,21.061369,22.896181,17.364758,17.190676,0.0,0.0,0.0,4.0,0.0,4.0,0.0,0.0
46844,2023.0,11.0,22.0,7.0,21.070545,22.871597,15.002286,14.797965,21.072124,22.83906,21.075117,23.003748,19.883585,21.745298,18.027164,18.462397,21.058275,22.469095,21.037998,22.788338,16.068974,15.853934,0.0,4.0,0.0,0.0,4.0,4.0,4.0,0.0
46845,2023.0,11.0,22.0,7.0,21.069206,22.81514,15.002997,14.8085575,21.075954,22.77522,21.077436,22.962267,18.088581,18.178335,20.31992,22.867117,21.056496,22.410965,21.063234,22.775568,15.854398,15.646493,0.0,4.0,0.0,4.0,4.0,4.0,4.0,0.0
46846,2023.0,11.0,22.0,7.0,21.068768,22.771206,15.003069,14.816665,21.074055,22.717003,21.075993,22.92082,21.622124,24.560654,20.04888,22.120607,21.084764,22.441706,21.059313,22.722946,16.625652,17.270779,0.0,4.0,0.0,4.0,4.0,0.0,4.0,4.0
46847,2023.0,11.0,22.0,7.0,21.067076,22.732891,15.402596,15.564711,21.072916,22.6714,21.07508,22.88578,21.480812,24.240479,20.112446,22.07775,21.049501,22.309422,21.058737,22.68573,21.608232,25.649643,4.0,4.0,0.0,0.0,0.0,4.0,4.0,4.0
46848,2023.0,11.0,22.0,8.0,21.85773,23.866817,20.22452,23.795246,21.818367,23.723936,21.630924,23.67186,18.996616,19.122341,17.696035,17.311985,21.659176,23.200603,21.639744,23.561201,19.874699,22.063715,4.0,4.0,4.0,4.0,0.0,4.0,4.0,0.0
46849,2023.0,11.0,22.0,8.0,19.649895,19.801964,20.03002,22.81898,19.114897,18.738514,19.440968,19.548077,20.350985,22.206818,17.110405,17.132435,19.25832,18.738743,18.966908,18.540611,17.357248,17.059345,4.0,0.0,0.0,0.0,4.0,0.0,0.0,0.0
46850,2023.0,11.0,22.0,8.0,18.815508,18.860426,20.134403,22.642546,17.76285,16.990805,17.799147,17.116117,18.530764,18.610968,20.33549,22.788834,19.008741,18.956099,17.802422,17.179602,16.136536,15.601369,0.0,0.0,0.0,4.0,4.0,4.0,0.0,0.0
46851,2023.0,11.0,22.0,8.0,18.563126,18.62683,17.467781,17.23995,17.887075,17.603882,17.147764,16.361473,21.97053,24.952198,20.046797,21.992218,18.323019,17.712446,18.37111,18.637585,16.665007,16.929195,0.0,4.0,0.0,0.0,4.0,0.0,4.0,4.0
46852,2023.0,11.0,22.0,8.0,18.375063,18.454943,16.361095,16.047628,17.289495,16.579876,17.177244,16.753681,18.79577,18.58115,20.0921,21.904404,18.563496,18.548971,18.505796,18.792923,21.178755,24.490847,0.0,0.0,0.0,0.0,4.0,4.0,4.0,0.0
46853,2023.0,11.0,22.0,8.0,17.549208,17.061062,16.157173,15.864635,16.835768,16.05672,17.14058,16.823687,17.052767,16.422075,20.099829,21.809055,17.956564,17.370451,18.409233,18.706837,17.821712,17.671225,0.0,0.0,0.0,0.0,0.0,0.0,4.0,0.0
46854,2023.0,11.0,22.0,9.0,17.069223,16.501492,15.962495,15.668858,16.5936,15.824481,16.992626,16.693314,16.880796,16.56491,18.172916,18.010042,18.260168,18.275894,17.432066,16.960835,16.190628,15.676216,0.0,0.0,0.0,0.0,4.0,4.0,0.0,0.0
46855,2023.0,11.0,22.0,9.0,16.872171,16.310076,15.835492,15.538487,17.425303,17.580261,16.867542,16.572798,16.76479,16.509346,20.353628,22.094873,17.608078,16.993374,16.954947,16.375917,16.129675,15.8781805,0.0,4.0,0.0,0.0,0.0,0.0,0.0,0.0
46856,2023.0,11.0,22.0,9.0,16.682762,16.13218,15.707876,15.416732,17.191881,16.998825,16.73563,16.450188,16.558235,16.321888,18.059952,17.69172,17.218416,16.576866,16.68344,16.115946,16.024239,15.8236685,0.0,0.0,0.0,0.0,0.0,0.0,0.0,0.0
46857,2023.0,11.0,22.0,9.0,16.915506,16.747705,15.614371,15.320996,16.527718,15.843616,16.629757,16.346478,16.393349,16.159515,17.381884,17.002283,17.08627,16.45124,16.505007,15.94732,15.876759,15.675677,0.0,0.0,0.0,0.0,0.0,0.0,0.0,0.0
46858,2023.0,11.0,22.0,9.0,16.914366,16.801325,15.529099,15.240335,16.280096,15.56505,16.531273,16.254866,16.243023,16.01701,17.160555,16.839342,17.331532,17.062252,16.663086,16.428291,15.739439,15.541611,0.0,0.0,0.0,0.0,0.0,0.0,0.0,0.0
46859,2023.0,11.0,22.0,9.0,16.845562,16.743898,15.938586,16.076962,16.460375,16.084267,16.44446,16.17834,16.113602,15.894438,16.919487,16.622509,18.09984,18.52552,16.625847,16.409975,15.624372,15.433329,4.0,0.0,0.0,0.0,0.0,4.0,0.0,0.0
46860,2023.0,11.0,22.0,10.0,16.783985,16.7014,20.027094,23.237026,16.493984,16.21476,16.361828,16.104376,15.99557,15.781514,16.70111,16.414658,17.249262,16.74471,16.5458,16.33585,15.520238,15.33422,0.0,0.0,0.0,0.0,0.0,0.0,0.0,0.0
46861,2023.0,11.0,22.0,10.0,16.71863,16.653336,17.784426,18.281717,16.440842,16.183422,16.276735,16.030169,15.87615,15.670585,16.48473,16.218733,16.836208,16.263794,16.4584,16.254873,15.414092,15.234752,0.0,0.0,0.0,0.0,0.0,0.0,0.0,0.0
46862,2023.0,11.0,22.0,10.0,16.655062,16.596266,16.503735,16.267044,16.378902,16.129892,16.20611,15.965976,15.785749,15.581542,16.328018,16.066196,16.74747,16.180498,16.386019,16.184692,15.33272,15.15458,0.0,0.0,0.0,0.0,0.0,0.0,0.0,0.0
46863,2023.0,11.0,22.0,10.0,16.595476,16.546026,16.22086,15.9610195,16.31869,16.080118,16.141724,15.911833,15.706761,15.509138,16.192133,15.944133,17.002022,16.765036,16.320707,16.12503,15.261526,15.089027,0.0,0.0,0.0,0.0,0.0,0.0,0.0,0.0
46864,2023.0,11.0,22.0,10.0,16.540848,16.501486,16.0418,15.794277,16.263508,16.036146,16.824657,17.25532,15.638432,15.448611,16.469189,16.580502,17.029057,16.800459,16.262535,16.073606,15.20031,15.034542,0.0,0.0,4.0,0.0,4.0,0.0,0.0,0.0
46865,2023.0,11.0,22.0,10.0,17.248175,17.883043,15.903271,15.66475,16.210526,15.993201,16.403412,16.358824,15.57555,15.392298,20.211681,23.061415,17.011816,16.788877,16.208073,16.025106,15.144604,14.984508,0.0,0.0,0.0,0.0,0.0,0.0,0.0,0.0
46866,2023.0,11.0,22.0,11.0,16.870123,16.98212,16.232899,16.403316,16.871578,17.288904,16.453928,16.575077,15.510649,15.334128,18.054707,18.402428,16.99133,16.774412,16.151361,15.974175,15.0869,14.932656,4.0,4.0,4.0,0.0,0.0,0.0,0.0,0.0
46867,2023.0,11.0,22.0,11.0,16.306755,16.00134,20.168713,23.333517,16.483995,16.448795,15.900941,15.515233,15.458274,15.283955,16.963717,16.7275,16.971197,16.757315,16.103048,15.928402,15.040267,14.888226,0.0,0.0,0.0,0.0,0.0,0.0,0.0,0.0
46868,2023.0,11.0,22.0,11.0,16.800436,17.102802,17.904074,18.39397,15.867887,15.412995,16.23991,16.336264,15.404494,15.234212,16.637829,16.398165,16.948032,16.737383,16.051504,15.880075,14.999069,14.860673,0.0,0.0,4.0,0.0,0.0,0.0,0.0,0.0
46869,2023.0,11.0,22.0,11.0,16.351389,16.131647,16.4084,16.309044,15.619888,15.101104,16.464693,16.63938,15.353622,15.185596,16.415718,16.17748,16.924475,16.71634,16.001429,15.831966,15.004974,14.904096,0.0,0.0,4.0,0.0,0.0,0.0,0.0,0.0
46870,2023.0,11.0,22.0,11.0,16.021488,15.715398,16.058453,15.872748,16.537579,16.940596,16.493742,16.675032,15.307779,15.143366,16.242968,16.01497,16.901905,16.69685,15.955786,15.789654,15.004419,14.9268675,0.0,4.0,4.0,0.0,0.0,0.0,0.0,0.0
46871,2023.0,11.0,22.0,11.0,15.8920965,15.579082,15.860705,15.654012,16.643051,16.848717,15.842724,15.453874,15.26418,15.102037,16.09379,15.8712635,16.87988,16.677292,15.912641,15.748668,15.00481,14.946361,0.0,4.0,0.0,0.0,0.0,0.0,0.0,0.0
46872,2023.0,11.0,22.0,12.0,16.07875,16.041306,15.724207,15.518231,16.586887,16.777388,16.22759,16.382433,15.224465,15.065107,15.967817,15.752732,16.859238,16.659376,15.87323,15.711957,15.004715,14.961783,0.0,4.0,4.0,0.0,0.0,0.0,0.0,0.0
46873,2023.0,11.0,22.0,12.0,21.03774,24.72019,15.613929,15.414225,20.68426,23.838694,20.532682,23.714827,15.188547,15.032639,15.860349,15.654351,20.832312,23.38039,21.272825,24.846748,15.005603,14.97577,0.0,0.0,0.0,0.0,0.0,0.0,0.0,0.0
46874,2023.0,11.0,22.0,12.0,21.010433,24.091843,15.516533,15.32043,21.045645,23.963665,21.087423,24.197113,15.157238,15.004248,15.764156,15.563976,21.440237,24.228935,22.013702,25.85877,15.004682,14.980694,0.0,4.0,0.0,0.0,0.0,0.0,0.0,0.0
46875,2023.0,11.0,22.0,12.0,21.09133,23.887434,15.434488,15.245016,21.089155,23.679728,21.11003,23.851906,15.133269,14.984185,15.683555,15.49123,21.029171,23.152931,22.658808,26.482082,15.004274,14.982951,0.0,4.0,0.0,0.0,0.0,0.0,0.0,0.0
46876,2023.0,11.0,22.0,12.0,21.0795,23.622124,15.361228,15.177357,21.080479,23.41537,21.082638,23.578384,15.11441,14.968942,15.612427,15.42639,21.0718,23.028198,20.886784,22.945438,15.004461,14.984889,0.0,4.0,0.0,0.0,0.0,0.0,0.0,0.0
46877,2023.0,11.0,22.0,12.0,21.0475,23.373455,15.292405,15.110431,21.072987,23.22814,21.078747,23.41619,15.098285,14.956121,15.546547,15.363647,21.059414,22.849525,21.111916,23.26893,15.004634,14.98686,0.0,4.0,0.0,0.0,0.0,0.0,0.0,0.0
46878,2023.0,11.0,22.0,13.0,21.199223,23.534042,15.232523,15.054681,21.19826,23.358255,21.175266,23.478573,15.084092,14.945597,15.489011,15.311181,21.086306,22.75131,21.161299,23.243994,15.007318,14.99451,0.0,0.0,0.0,0.0,0.0,4.0,0.0,0.0
46879,2023.0,11.0,22.0,13.0,21.18656,23.348219,15.179024,15.005957,21.14858,23.09343,21.166677,23.346561,15.069658,14.933717,15.436672,15.263887,21.159113,22.801128,21.154392,23.138039,15.007778,14.997213,0.0,4.0,0.0,0.0,0.0,0.0,0.0,0.0
46880,2023.0,11.0,22.0,13.0,21.149775,23.228376,15.129796,14.961343,21.182705,23.129015,21.161314,23.270441,15.0549345,14.9214325,15.387722,15.219752,21.150917,22.671858,21.149632,23.065884,15.008398,15.001559,0.0,0.0,0.0,0.0,0.0,0.0,0.0,0.0
46881,2023.0,11.0,22.0,13.0,21.062363,23.04033,15.08838,14.9283085,21.076618,22.870342,21.066536,23.054808,15.040566,14.90991,15.345159,15.184978,21.0476,22.45353,21.06127,22.864056,15.879525,16.64517,0.0,0.0,0.0,0.0,0.0,0.0,0.0,4.0
46882,2023.0,11.0,22.0,13.0,21.046223,22.959383,15.046647,14.891146,21.089283,22.850506,21.053297,22.972677,15.025563,14.897323,15.302328,15.146798,21.05751,22.445755,21.071344,22.849848,20.35425,24.115467,0.0,0.0,4.0,0.0,0.0,0.0,0.0,4.0
46883,2023.0,11.0,22.0,13.0,21.092781,23.015684,15.507886,15.792514,21.067083,22.805254,21.055273,22.948954,15.010572,14.88435,15.261229,15.108934,21.055412,22.416668,21.068731,22.814775,20.040886,22.984964,4.0,0.0,4.0,0.0,0.0,0.0,0.0,0.0
46884,2023.0,11.0,22.0,14.0,21.869429,24.097996,20.121069,23.633144,21.614513,23.574673,21.834156,24.05933,15.0000925,14.879572,15.609546,15.795656,21.568432,23.149164,21.893051,23.988003,17.227293,17.19233,4.0,4.0,0.0,0.0,4.0,0.0,0.0,0.0
46885,2023.0,11.0,22.0,14.0,19.768812,19.876911,20.057089,22.961178,20.487982,21.179316,19.997429,20.31415,15.378347,15.231776,20.245003,23.629835,20.179077,20.315334,20.17661,20.41758,15.955941,15.63805,0.0,4.0,4.0,0.0,0.0,0.0,0.0,0.0
46886,2023.0,11.0,22.0,14.0,19.208447,19.827595,17.745201,18.129076,18.578445,18.255539,18.165977,17.760864,15.176555,15.070216,17.827759,18.353134,19.848392,20.329748,19.706654,20.456942,15.640347,15.310276,4.0,0.0,0.0,0.0,0.0,4.0,4.0,0.0
46887,2023.0,11.0,22.0,14.0,18.288069,18.149267,20.212059,22.793299,18.570845,18.591095,17.641792,17.127388,15.095612,14.982693,16.625051,16.460833,18.870817,18.490486,18.4936,18.190945,16.619028,17.319986,0.0,4.0,0.0,0.0,0.0,0.0,0.0,4.0
46888,2023.0,11.0,22.0,14.0,17.627926,17.343878,17.871033,17.97975,17.906748,17.482649,17.308994,16.816462,15.058589,14.947248,16.32607,16.152336,18.290628,17.80547,17.757547,17.339823,20.30276,23.511183,0.0,0.0,0.0,0.0,0.0,0.0,0.0,0.0
46889,2023.0,11.0,22.0,14.0,17.335733,17.053972,16.664919,16.546124,17.403606,16.903027,17.290262,17.062937,15.029693,14.921364,16.144672,15.975918,18.0503,17.57145,17.43886,17.02747,17.458477,17.530474,0.0,0.0,0.0,0.0,0.0,0.0,0.0,0.0
46890,2023.0,11.0,22.0,15.0,17.429152,17.424423,16.411224,16.25637,17.177057,16.670168,17.21244,17.036673,15.00602,14.899173,16.017422,15.846187,18.160482,17.952467,17.460356,17.277147,16.393414,16.022783,0.0,0.0,0.0,0.0,0.0,0.0,0.0,0.0
46891,2023.0,11.0,22.0,15.0,17.33905,17.35424,16.23973,16.08628,17.279278,17.067219,17.076069,16.9076,15.002682,14.914346,15.913696,15.749711,18.099398,17.913033,17.351238,17.186092,16.29246,16.130661,0.0,0.0,0.0,0.0,0.0,0.0,0.0,0.0
46892,2023.0,11.0,22.0,15.0,17.21673,17.244825,16.54531,16.812904,17.913158,18.353832,16.937824,16.783737,15.002834,14.932649,15.814215,15.663071,17.99967,17.825811,17.21285,17.062563,17.085403,17.802683,4.0,4.0,0.0,0.0,0.0,0.0,0.0,4.0
46893,2023.0,11.0,22.0,15.0,17.845404,18.534798,20.219828,23.189922,17.511654,17.50273,16.806654,16.657904,15.00302,14.947182,15.718514,15.57195,17.899908,17.73221,17.078735,16.935755,20.320486,23.310728,0.0,0.0,0.0,0.0,0.0,0.0,0.0,0.0
46894,2023.0,11.0,22.0,15.0,18.07224,18.80503,18.06896,18.577967,16.88345,16.510801,16.69059,16.545736,15.002998,14.957988,15.63871,15.498441,17.809332,17.646597,16.957119,16.819782,17.611834,17.667408,0.0,0.0,0.0,0.0,0.0,0.0,0.0,0.0
46895,2023.0,11.0,22.0,15.0,17.186577,17.110077,16.626009,16.58043,16.600662,16.177315,16.586891,16.445282,15.003057,14.967289,15.568328,15.433354,17.727285,17.568462,16.847403,16.714197,16.286217,15.992361,0.0,0.0,0.0,0.0,0.0,0.0,0.0,0.0
46896,2023.0,11.0,22.0,16.0,17.449419,17.890625,16.268564,16.147926,16.675842,16.473434,16.495123,16.358326,15.003532,14.9774065,15.503371,15.373942,17.65306,17.498913,16.749725,16.6217,17.064386,17.76876,0.0,0.0,0.0,0.0,0.0,0.0,0.0,4.0
46897,2023.0,11.0,22.0,16.0,17.596743,18.069227,16.07741,15.948838,16.679363,16.526,17.126564,17.61698,15.003836,14.987199,15.834901,16.052912,17.582949,17.429548,16.66166,16.539024,20.325449,23.303417,0.0,0.0,4.0,0.0,4.0,0.0,0.0,0.0
46898,2023.0,11.0,22.0,16.0,17.587559,18.059797,15.933141,15.804907,16.612835,16.469664,16.782936,16.80817,15.287152,15.161217,20.292116,23.61126,18.26484,18.776009,16.581713,16.464087,17.617615,17.661514,0.0,0.0,0.0,0.0,4.0,4.0,0.0,0.0
46899,2023.0,11.0,22.0,16.0,17.59126,18.076174,15.815402,15.686471,17.277334,17.781683,16.226658,15.913699,15.051184,14.966231,20.01175,22.651333,18.600338,19.204659,16.50572,16.387547,16.31302,16.025175,0.0,4.0,0.0,0.0,0.0,4.0,0.0,0.0
46900,2023.0,11.0,22.0,16.0,17.58432,18.071297,16.1856,16.461376,17.547052,18.10914,16.0208,15.672019,15.6882515,16.221764,17.614792,17.69155,17.720888,17.451128,16.438557,16.322958,16.140001,15.998959,4.0,4.0,0.0,4.0,0.0,0.0,0.0,0.0
46901,2023.0,11.0,22.0,16.0,17.575315,18.062534,20.29546,23.565804,16.77427,16.605057,16.854067,17.330677,20.24918,24.018105,16.583483,16.173187,17.39261,17.010744,16.384249,16.269728,16.034437,15.917608,4.0,0.0,4.0,0.0,0.0,0.0,0.0,0.0
46902,2023.0,11.0,22.0,17.0,17.579062,18.076778,20.021557,22.5549,16.989683,17.24153,17.005266,17.359785,17.709795,18.370346,16.444855,16.244051,17.270426,16.897402,16.328213,16.215996,15.896024,15.789085,4.0,4.0,4.0,4.0,0.0,0.0,0.0,0.0
46903,2023.0,11.0,22.0,17.0,17.576591,18.07676,20.084488,22.37247,17.174034,17.48746,16.351196,16.166725,20.331749,23.533632,16.743652,16.940893,17.176615,16.811209,16.27544,16.164387,15.76967,15.668149,4.0,4.0,0.0,0.0,4.0,0.0,0.0,0.0
46904,2023.0,11.0,22.0,17.0,16.935059,16.885979,20.073423,22.140917,17.191278,17.507332,16.67457,16.958803,17.547606,17.677868,20.309107,23.15103,18.121332,18.699486,17.251137,18.042484,16.625906,17.385921,4.0,4.0,4.0,0.0,0.0,4.0,4.0,4.0
46905,2023.0,11.0,22.0,17.0,17.29573,17.777836,20.088516,22.034723,17.199177,17.51643,16.877848,17.215843,16.126646,15.858344,18.148985,18.53411,17.525606,17.27724,16.550583,16.37127,20.364546,23.701628,0.0,4.0,4.0,0.0,0.0,0.0,0.0,0.0
46906,2023.0,11.0,22.0,17.0,17.476637,17.98895,18.116112,18.141663,17.203375,17.522003,16.303423,16.126335,15.939462,15.802191,16.836428,16.739561,17.138908,16.797794,16.127567,15.867805,17.496317,17.633978,0.0,4.0,0.0,0.0,0.0,0.0,0.0,0.0
46907,2023.0,11.0,22.0,17.0,17.48876,18.000616,17.85993,18.095102,17.203737,17.524065,16.720392,17.024185,15.847852,15.733569,16.567852,16.420607,17.047743,16.701225,16.027308,15.760971,16.473974,16.171007,4.0,4.0,4.0,0.0,0.0,0.0,0.0,0.0
46908,2023.0,11.0,22.0,18.0,16.852936,16.81254,20.22228,22.430756,16.60511,16.415657,16.244385,16.073828,15.738217,15.632416,16.417736,16.27364,17.999922,18.58494,16.105234,15.986083,17.289593,17.982412,4.0,0.0,0.0,0.0,0.0,4.0,0.0,4.0
46909,2023.0,11.0,22.0,18.0,21.27943,24.76498,20.040316,21.870964,21.226583,24.683668,21.176447,24.848763,16.444256,17.077898,16.265,16.12494,20.856121,23.324179,21.744747,25.5013,20.324526,23.135363,4.0,4.0,4.0,4.0,0.0,0.0,0.0,4.0
46910,2023.0,11.0,22.0,18.0,21.013872,23.75813,20.069752,21.80782,21.014486,23.744854,21.014925,23.956959,20.369102,23.74376,16.134779,15.999642,21.064205,23.334934,22.280636,25.984758,20.022015,22.259647,4.0,4.0,4.0,4.0,0.0,0.0,0.0,4.0
46911,2023.0,11.0,22.0,18.0,21.076672,23.568813,20.06477,21.714317,21.082052,23.539122,21.0878,23.727188,20.049051,22.682096,16.02675,15.896926,21.08092,23.087616,20.899273,23.137142,20.093983,22.22878,4.0,4.0,4.0,0.0,0.0,0.0,0.0,0.0
46912,2023.0,11.0,22.0,18.0,21.066582,23.338232,20.081411,21.70062,21.070856,23.29005,21.098661,23.518108,17.556036,17.573225,15.93578,15.811302,21.032427,22.803356,21.873451,24.458548,17.885443,17.8207,0.0,4.0,0.0,0.0,0.0,4.0,0.0,0.0
46913,2023.0,11.0,22.0,18.0,21.06497,23.188068,18.6162,18.824577,21.093111,23.192545,21.069504,23.262384,16.324472,16.017265,16.254288,16.48197,21.051281,22.693716,20.888006,22.63911,16.784136,16.458313,4.0,0.0,4.0,0.0,4.0,4.0,0.0,0.0
46914,2023.0,11.0,22.0,19.0,21.062849,23.077015,20.229017,22.152235,21.086044,23.055086,21.07243,23.142157,16.780188,17.150614,20.467148,23.492231,21.075851,22.654095,21.060806,22.906591,16.440714,16.11434,4.0,0.0,4.0,4.0,4.0,0.0,4.0,0.0
46915,2023.0,11.0,22.0,19.0,21.061293,22.99284,20.05203,21.681896,21.060705,22.890825,21.069918,23.042372,21.518755,25.40611,20.032673,22.397266,21.040815,22.477983,21.08738,22.920763,17.426228,18.207647,0.0,4.0,4.0,4.0,0.0,4.0,0.0,4.0
46916,2023.0,11.0,22.0,19.0,21.059572,22.924294,18.599125,18.795883,21.088371,22.896317,21.092367,23.031197,19.93159,21.99963,18.064938,18.28818,21.04459,22.424597,21.04175,22.742046,20.327871,23.064302,4.0,0.0,0.0,0.0,4.0,4.0,4.0,0.0
46917,2023.0,11.0,22.0,19.0,21.08413,22.938791,20.231882,22.14046,21.081562,22.823208,21.061764,22.885273,18.327171,18.721462,20.41752,22.709362,21.043175,22.375015,21.087038,22.815,17.757336,17.720785,4.0,0.0,4.0,4.0,0.0,4.0,0.0,0.0
46918,2023.0,11.0,22.0,19.0,21.05208,22.804817,20.050312,21.65081,21.03973,22.70479,21.065786,22.843311,20.370432,22.653013,18.091532,18.062452,21.04239,22.335878,21.077642,22.75164,16.559383,16.2461,0.0,4.0,4.0,0.0,0.0,4.0,0.0,0.0
46919,2023.0,11.0,22.0,19.0,21.082403,22.84572,18.620325,18.805376,21.062977,22.70408,21.064451,22.80123,18.010748,17.950745,17.035791,16.872213,21.07099,22.379305,21.077814,22.712084,16.43991,16.301712,4.0,4.0,4.0,0.0,0.0,0.0,0.0,0.0
46920,2023.0,11.0,22.0,20.0,21.075756,22.794561,20.23052,22.101917,21.083927,22.729675,21.088219,22.835054,16.790813,16.425941,16.812515,16.65306,21.065418,22.332502,21.076836,22.675848,16.339613,16.221813,4.0,0.0,0.0,0.0,0.0,0.0,0.0,0.0
46921,2023.0,11.0,22.0,20.0,21.046385,22.685564,20.037645,21.597916,21.076084,22.678823,21.079819,22.785128,16.6464,16.49329,16.612083,16.45248,21.033007,22.22006,21.060713,22.64258,16.204464,16.089827,0.0,0.0,0.0,0.0,0.0,4.0,0.0,0.0
46922,2023.0,11.0,22.0,20.0,21.054544,22.681702,18.312426,18.218433,21.053383,22.582218,21.0822,22.759012,16.50979,16.375233,16.463406,16.321613,21.069857,22.294224,21.063654,22.640871,16.095345,15.991348,0.0,4.0,0.0,0.0,0.0,0.0,0.0,0.0
46923,2023.0,11.0,22.0,20.0,21.104301,22.759583,17.49138,17.305622,21.111761,22.67218,21.13093,22.856548,16.337255,16.20298,16.315168,16.169006,21.075985,22.252563,21.126938,22.752104,15.992569,15.890096,0.0,4.0,0.0,0.0,0.0,4.0,0.0,0.0
46924,2023.0,11.0,22.0,20.0,21.07191,22.69878,17.73201,17.968174,21.048447,22.527716,21.056515,22.70721,17.00636,17.600288,16.204899,16.075047,21.063953,22.24251,21.0533,22.591871,16.860886,17.605068,4.0,4.0,0.0,4.0,0.0,0.0,0.0,4.0
46925,2023.0,11.0,22.0,20.0,21.073484,22.682062,20.225742,22.438072,21.081362,22.597927,21.066309,22.72354,20.301352,23.169651,16.096195,15.970008,21.06291,22.221684,21.062935,22.600939,20.32165,23.386131,4.0,0.0,0.0,0.0,0.0,0.0,0.0,0.0
46926,2023.0,11.0,22.0,21.0,21.0458,22.586452,20.050219,21.84394,21.049622,22.494669,21.039742,22.643934,17.730465,17.749588,15.995806,15.865737,21.032667,22.12551,21.061306,22.586311,17.600115,17.623924,0.0,4.0,4.0,0.0,0.0,4.0,0.0,0.0
46927,2023.0,11.0,22.0,21.0,21.07708,22.65527,18.210789,18.161398,21.079641,22.559065,21.06931,22.718813,16.440138,16.125328,15.912799,15.78534,21.06691,22.204039,21.022308,22.469803,16.347874,16.075565,0.0,0.0,0.0,0.0,0.0,0.0,4.0,0.0
46928,2023.0,11.0,22.0,21.0,21.070179,22.624382,17.077497,16.636908,21.046598,22.455532,21.053814,22.626404,16.335167,16.200727,15.835881,15.706598,21.0603,22.174591,21.083267,22.587753,16.243181,16.13127,0.0,4.0,4.0,0.0,0.0,0.0,0.0,0.0
46929,2023.0,11.0,22.0,21.0,21.04409,22.536762,17.48259,17.695354,21.078697,22.525583,21.058159,22.607788,16.243517,16.12518,15.769222,15.6418705,21.031055,22.082294,21.031578,22.428644,16.1504,16.041513,4.0,0.0,4.0,0.0,0.0,4.0,4.0,0.0
46930,2023.0,11.0,22.0,21.0,21.075987,22.611643,20.258884,22.55168,21.072287,22.495352,21.082382,22.654764,16.928616,17.532467,16.087885,16.291887,21.06576,22.16374,21.07948,22.533466,16.042324,15.936901,0.0,0.0,0.0,4.0,4.0,0.0,0.0,0.0
46931,2023.0,11.0,22.0,21.0,21.172869,22.77213,18.767687,19.339045,21.15723,22.64799,21.156105,22.778227,21.432522,25.110397,20.475437,23.574831,21.124535,22.266262,21.178513,22.708084,15.946499,15.84119,4.0,0.0,0.0,0.0,4.0,0.0,0.0,0.0
46932,2023.0,11.0,22.0,22.0,21.074379,22.581451,20.262201,22.303442,21.030249,22.389704,21.07612,22.592415,18.34828,18.484512,20.012098,22.437748,21.059732,22.119963,21.031265,22.361763,15.864654,15.760135,4.0,4.0,0.0,0.0,0.0,0.0,4.0,0.0
46933,2023.0,11.0,22.0,22.0,21.042595,22.484,20.029745,21.656748,21.062698,22.487331,21.059242,22.571049,16.655329,16.341562,17.71794,17.692753,21.045332,22.10584,21.078108,22.47206,15.791091,15.684573,4.0,0.0,0.0,0.0,0.0,0.0,0.0,0.0
46934,2023.0,11.0,22.0,22.0,21.075703,22.561245,20.062946,21.59843,21.047039,22.405659,21.061005,22.578186,16.495403,16.350092,16.474863,16.076035,21.046745,22.11421,21.068438,22.434855,15.722982,15.612376,4.0,4.0,0.0,0.0,0.0,0.0,0.0,0.0
46935,2023.0,11.0,22.0,22.0,21.136484,22.662085,20.151175,21.691608,21.142412,22.596899,21.080257,22.587599,16.371725,16.230526,16.406706,16.231514,21.093964,22.20656,21.138351,22.549162,15.662493,15.548843,0.0,0.0,4.0,0.0,0.0,0.0,0.0,0.0
46936,2023.0,11.0,22.0,22.0,21.044239,22.495972,18.72697,18.855558,21.037071,22.337303,21.053318,22.508747,16.243475,16.112324,16.32351,16.163258,21.041113,22.09683,21.04662,22.375666,15.610981,15.496881,4.0,4.0,4.0,0.0,0.0,0.0,0.0,0.0
46937,2023.0,11.0,22.0,22.0,21.030045,22.458858,20.229628,21.981995,21.05328,22.358189,21.081781,22.565218,16.117939,15.98512,16.199959,16.041548,21.047344,22.107143,21.058554,22.405039,15.559648,15.442359,0.0,4.0,0.0,0.0,0.0,0.0,0.0,0.0
46938,2023.0,11.0,22.0,23.0,21.050468,22.47847,18.39014,18.2661,21.07651,22.413755,21.076063,22.531029,16.594631,16.973087,16.085468,15.930027,21.04666,22.101736,21.057034,22.40281,15.512747,15.392541,0.0,0.0,0.0,4.0,0.0,0.0,0.0,0.0
46939,2023.0,11.0,22.0,23.0,19.394873,19.321257,17.554028,17.358677,19.878155,20.07465,19.297558,19.106253,16.285467,16.22813,15.987008,15.834142,19.849258,19.795408,19.584127,19.56941,15.475309,15.358608,0.0,4.0,0.0,0.0,0.0,0.0,0.0,0.0
46940,2023.0,11.0,22.0,23.0,19.340954,19.589075,17.841787,18.055948,19.390696,19.427841,18.75433,18.526918,16.628601,17.007496,16.204704,16.305502,19.361904,19.142202,18.972464,18.774038,16.175716,16.704899,4.0,4.0,0.0,4.0,4.0,0.0,0.0,4.0
46941,2023.0,11.0,22.0,23.0,18.60619,18.332525,17.479473,17.422142,18.584332,18.10527,18.521088,18.331963,15.981066,15.677067,15.995459,15.886205,19.15985,18.94891,18.698215,18.507704,15.684531,15.595779,0.0,0.0,0.0,0.0,0.0,0.0,0.0,0.0
46942,2023.0,11.0,22.0,23.0,18.218515,17.868042,17.181614,17.005232,18.169725,17.60874,18.289234,18.09762,15.714248,15.381683,15.849985,15.703302,18.987566,18.779387,18.47105,18.281704,15.359428,15.092373,0.0,0.0,0.0,0.0,0.0,0.0,0.0,0.0
46943,2023.0,11.0,22.0,23.0,18.74807,19.057327,17.043001,16.873072,17.958307,17.426205,18.813522,19.255108,15.620129,15.304322,15.784979,15.643445,18.851805,18.658772,18.293486,18.121105,16.02189,16.4261,0.0,0.0,4.0,0.0,0.0,0.0,0.0,4.0
46944,2023.0,11.0,23.0,0.0,18.167173,17.978579,16.925282,16.761444,18.039862,17.790287,18.289558,18.26499,15.704072,15.566107,15.727704,15.589709,18.728296,18.544502,18.13353,17.971113,15.474092,15.228059,0.0,0.0,0.0,0.0,0.0,0.0,0.0,0.0
46945,2023.0,11.0,23.0,0.0,17.844095,17.557533,16.821306,16.662342,17.986835,17.79447,17.694017,17.28874,15.697466,15.578973,15.675576,15.539583,18.613907,18.43115,19.03516,19.808067,16.012156,16.39732,0.0,0.0,0.0,0.0,0.0,0.0,4.0,4.0
46946,2023.0,11.0,23.0,0.0,17.677282,17.3927,16.72723,16.572206,17.876266,17.69254,17.421642,16.96889,15.653024,15.536553,15.6270895,15.492602,18.511133,18.330246,18.057983,17.784208,15.499735,15.276281,0.0,0.0,0.0,0.0,0.0,0.0,0.0,0.0
46947,2023.0,11.0,23.0,0.0,17.786943,17.754261,16.641117,16.488783,17.769697,17.59021,17.501328,17.298796,15.608793,15.492977,15.581561,15.447931,18.417353,18.237143,17.641336,17.260954,16.026405,16.424976,0.0,0.0,0.0,0.0,0.0,0.0,0.0,4.0
46948,2023.0,11.0,23.0,0.0,17.759949,17.767319,16.556684,16.400927,17.66375,17.481518,17.458746,17.301195,15.564553,15.447341,15.53665,15.401423,18.32842,18.145065,17.467222,17.086458,16.227884,16.642998,0.0,0.0,0.0,0.0,0.0,0.0,0.0,4.0
46949,2023.0,11.0,23.0,0.0,17.689436,17.70639,16.492697,16.347202,17.580496,17.41059,17.374798,17.229362,15.527662,15.413783,15.500153,15.369005,18.25615,18.078827,17.535023,17.367281,15.591443,15.393168,0.0,0.0,0.0,0.0,0.0,0.0,0.0,0.0
46950,2023.0,11.0,23.0,1.0,17.612011,17.628345,16.422476,16.275085,17.490648,17.319439,17.28291,17.135542,15.489062,15.374298,15.461083,15.328942,18.182564,18.003296,17.486576,17.337152,15.346395,15.084384,0.0,0.0,0.0,0.0,0.0,0.0,0.0,0.0
46951,2023.0,11.0,23.0,1.0,17.542982,17.563166,16.363008,16.219406,17.413399,17.24716,17.202719,17.059875,15.454691,15.341034,15.426514,15.295754,18.11821,17.940655,17.406334,17.258617,15.257227,15.001859,0.0,0.0,0.0,0.0,0.0,0.0,0.0,0.0
46952,2023.0,11.0,23.0,1.0,17.478254,17.502052,16.307905,16.167927,17.341677,17.180138,17.127872,16.98943,15.422272,15.3097105,15.393756,15.264355,18.058653,17.882746,17.330015,17.18398,15.346477,15.253622,0.0,0.0,0.0,0.0,0.0,0.0,0.0,0.0
46953,2023.0,11.0,23.0,1.0,17.420965,17.451553,16.26054,16.127928,17.279238,17.126528,17.06255,16.932951,15.980276,16.386703,15.364315,15.238,18.00567,17.833786,17.261065,17.119423,15.321839,15.2220745,0.0,0.0,0.0,4.0,0.0,0.0,0.0,0.0
46954,2023.0,11.0,23.0,1.0,17.363935,17.397385,16.212505,16.082949,17.216576,17.067816,16.997005,16.871132,15.574947,15.485123,15.334462,15.20939,17.953754,17.78326,17.194084,17.05389,15.288416,15.189421,0.0,0.0,0.0,0.0,0.0,0.0,0.0,0.0
46955,2023.0,11.0,23.0,1.0,17.3109,17.347233,16.167904,16.041637,17.158258,17.013716,16.93614,16.814268,15.440428,15.331755,15.306067,15.182454,17.905329,17.736553,17.131878,16.993542,15.987462,16.534393,0.0,0.0,0.0,0.0,0.0,0.0,0.0,4.0
46956,2023.0,11.0,23.0,2.0,17.260475,17.299187,16.12557,16.002056,17.102896,16.961847,16.878643,16.75995,15.398094,15.290954,15.571126,15.702443,17.859283,17.69181,17.073141,16.93615,15.491974,15.433991,0.0,0.0,0.0,0.0,4.0,0.0,0.0,0.0
46957,2023.0,11.0,23.0,2.0,17.212978,17.254326,16.086271,15.965881,17.051096,16.913786,16.825258,16.70983,15.360387,15.254549,15.695258,15.86067,17.816216,17.650534,17.018286,16.882935,15.91147,16.312895,0.0,0.0,0.0,0.0,4.0,0.0,0.0,4.0
46958,2023.0,11.0,23.0,2.0,17.168972,17.213799,16.050554,15.93386,17.003286,16.870539,16.77646,16.665047,15.32848,15.224457,15.444726,15.365184,17.776365,17.61317,16.967737,16.834837,15.34933,15.140106,0.0,0.0,0.0,0.0,0.0,0.0,0.0,0.0
46959,2023.0,11.0,23.0,2.0,17.127045,17.175077,16.01698,15.9037,16.957947,16.829435,16.730488,16.622744,15.299445,15.197224,15.32988,15.216804,18.496296,19.009993,16.920141,16.789536,15.1669655,14.936997,0.0,0.0,0.0,0.0,0.0,4.0,0.0,0.0
46960,2023.0,11.0,23.0,2.0,17.08696,17.137802,15.984857,15.874787,16.91472,16.789972,16.68644,16.582104,15.272682,15.172093,15.285537,15.171083,17.9795,17.894854,16.875065,16.746462,15.843347,16.275627,0.0,0.0,0.0,0.0,0.0,0.0,0.0,4.0
46961,2023.0,11.0,23.0,2.0,17.047497,17.098982,15.953939,15.8469,16.873451,16.752031,16.644154,16.542929,15.24773,15.148661,15.251742,15.138651,17.60805,17.26387,16.832281,16.705439,15.310601,15.119096,0.0,0.0,0.0,0.0,0.0,0.0,0.0,0.0
46962,2023.0,11.0,23.0,3.0,17.008308,17.059353,15.922085,15.815849,16.83145,16.710676,16.60124,16.500313,15.223431,15.1248455,15.220922,15.10786,17.474905,17.103956,16.79024,16.663603,15.125322,14.90195,0.0,0.0,0.0,0.0,0.0,0.0,0.0,0.0
46963,2023.0,11.0,23.0,3.0,16.97324,17.026527,15.894789,15.792735,16.794935,16.678776,16.564032,16.467514,15.202138,15.105609,15.195325,15.0848875,17.618793,17.46813,16.75253,16.628399,15.194525,15.108314,0.0,0.0,0.0,0.0,0.0,0.0,0.0,0.0
46964,2023.0,11.0,23.0,3.0,16.940113,16.99638,15.868619,15.770747,16.760044,16.648687,16.52848,16.4366,15.1823225,15.088101,15.171943,15.064316,17.609642,17.45799,16.717188,16.59608,15.906782,16.46586,0.0,0.0,0.0,0.0,0.0,0.0,0.0,4.0
46965,2023.0,11.0,23.0,3.0,16.918804,16.988605,15.842368,15.747524,16.725168,16.61715,16.493074,16.40429,15.162923,15.070385,15.438244,15.5826845,17.579948,17.43095,16.682455,16.563375,15.295407,15.137816,0.0,0.0,0.0,0.0,4.0,0.0,0.0,0.0
46966,2023.0,11.0,23.0,3.0,16.89479,16.970581,15.816835,15.724566,16.691164,16.585936,16.458822,16.372488,15.722573,16.139015,15.251661,15.164595,17.550488,17.403337,16.648785,16.531343,15.090922,14.88454,0.0,0.0,0.0,4.0,0.0,0.0,0.0,0.0
46967,2023.0,11.0,23.0,3.0,16.865881,16.942936,15.792349,15.702432,16.65825,16.555647,16.425718,16.341715,15.341081,15.280708,15.162383,15.059164,17.521313,17.375946,16.616367,16.5005,15.028975,14.827511,0.0,0.0,0.0,0.0,0.0,0.0,0.0,0.0
46968,2023.0,11.0,23.0,4.0,16.836805,16.91409,15.767178,15.678082,16.624628,16.522825,16.391726,16.308308,15.214201,15.124166,15.134971,15.032732,17.49203,17.347443,16.584234,16.469015,15.102159,15.028467,0.0,0.0,0.0,0.0,0.0,0.0,0.0,0.0
46969,2023.0,11.0,23.0,4.0,16.811285,16.891726,15.746533,15.6622,16.596598,16.50018,16.363283,16.28518,15.183035,15.096836,15.112204,15.013732,17.466427,17.325489,16.555958,16.444157,15.809121,16.367048,0.0,0.0,0.0,0.0,0.0,0.0,0.0,4.0
46970,2023.0,11.0,23.0,4.0,16.784548,16.866497,15.724558,15.642988,16.56714,16.47362,16.333502,16.258118,15.154779,15.070143,15.379631,15.533429,17.440224,17.30142,16.527294,16.4174,15.222568,15.084483,0.0,0.0,0.0,0.0,4.0,0.0,0.0,0.0
46971,2023.0,11.0,23.0,4.0,16.758358,16.841787,15.703279,15.624363,16.53854,16.447815,16.304886,16.232008,15.131081,15.047923,15.514644,15.714684,17.414799,17.278105,16.499598,16.391586,15.7704935,16.239605,0.0,0.0,0.0,0.0,4.0,0.0,0.0,4.0
46972,2023.0,11.0,23.0,4.0,16.731993,16.81619,15.682338,15.6053295,16.509989,16.421253,16.276627,16.205357,15.109297,15.027241,15.232103,15.150132,17.389538,17.254377,16.472212,16.365486,15.990285,16.49915,0.0,0.0,0.0,0.0,0.0,0.0,0.0,4.0
46973,2023.0,11.0,23.0,4.0,16.70742,16.793566,15.66313,15.588925,16.48355,16.398022,16.250877,16.182322,15.090288,15.010217,15.144939,15.053553,17.365961,17.233313,16.446728,16.342293,15.320274,15.172869,0.0,0.0,0.0,0.0,0.0,0.0,0.0,0.0
46974,2023.0,11.0,23.0,5.0,16.681593,16.767923,15.642315,15.569017,16.455326,16.370504,16.223429,16.155165,15.0714,14.992045,15.111344,15.019971,17.34145,17.20974,16.420511,16.31683,15.116355,14.924549,0.0,0.0,0.0,0.0,0.0,0.0,0.0,0.0
46975,2023.0,11.0,23.0,5.0,16.656109,16.742376,15.621257,15.548402,16.42771,16.343584,16.19627,16.128456,15.053179,14.974079,15.082551,14.991595,17.317095,17.185938,16.394758,16.291584,15.042649,14.854888,0.0,0.0,0.0,0.0,0.0,0.0,0.0,0.0
46976,2023.0,11.0,23.0,5.0,16.632273,16.719849,15.602312,15.531972,16.40282,16.321743,16.171547,16.106655,15.036608,14.958894,15.3451605,15.504138,17.294325,17.165195,16.370707,16.269415,15.860537,16.46537,0.0,0.0,0.0,0.0,4.0,0.0,0.0,4.0
46977,2023.0,11.0,23.0,5.0,16.606655,16.693815,15.581227,15.511164,16.375563,16.294987,16.14447,16.079948,15.019126,14.941542,15.163502,15.100979,17.269976,17.141266,16.345299,16.244371,15.266501,15.148051,0.0,0.0,0.0,0.0,0.0,0.0,0.0,0.0
46978,2023.0,11.0,23.0,5.0,16.58088,16.667076,15.559987,15.489534,16.348066,16.267262,16.117395,16.05241,15.001644,14.923822,15.374002,15.552397,17.245216,17.116415,16.319681,16.21862,15.043909,14.8576145,0.0,0.0,0.0,0.0,4.0,0.0,0.0,0.0
46979,2023.0,11.0,23.0,5.0,16.556004,16.64181,15.539674,15.4694395,16.32171,16.241432,16.0914,16.02675,15.001878,14.93808,15.148466,15.067674,17.221039,17.092655,16.294817,16.19412,15.000343,14.839948,0.0,0.0,0.0,0.0,0.0,0.0,0.0,0.0
46980,2023.0,11.0,23.0,6.0,16.528784,16.61396,15.517138,15.446743,16.292746,16.212498,16.062658,15.997953,15.001788,14.948871,15.355401,15.547297,17.194511,17.066353,16.267694,16.167223,15.037616,14.96665,0.0,0.0,0.0,0.0,4.0,0.0,0.0,0.0
46981,2023.0,11.0,23.0,6.0,21.144047,24.642084,15.496953,15.42786,21.0749,24.622131,21.011965,24.684446,15.554092,15.995433,19.644941,22.69619,21.087288,23.663828,21.652054,25.228973,15.01981,14.947028,0.0,0.0,0.0,4.0,0.0,0.0,0.0,0.0
46982,2023.0,11.0,23.0,6.0,21.006384,23.870558,15.478553,15.4077215,21.010376,23.912735,21.011429,24.073679,20.312395,24.098629,17.338148,17.664198,21.007936,23.313656,22.376537,26.062622,15.74702,16.345358,0.0,0.0,0.0,0.0,0.0,0.0,0.0,4.0
46983,2023.0,11.0,23.0,6.0,21.083527,23.693792,15.461233,15.388925,21.085585,23.689993,21.090454,23.840155,17.512705,17.988245,15.941971,15.865016,21.07216,23.165524,21.044777,23.19977,20.377594,24.214874,0.0,0.0,0.0,0.0,0.0,0.0,0.0,0.0
46984,2023.0,11.0,23.0,6.0,21.071117,23.446241,15.4440975,15.370662,21.073528,23.416182,21.077549,23.552824,16.011105,15.959302,15.732044,15.634396,21.061691,22.945995,20.980589,22.943985,17.227806,17.435856,0.0,0.0,0.0,0.0,0.0,0.0,0.0,0.0
46985,2023.0,11.0,23.0,6.0,21.06712,23.281624,15.425946,15.350948,21.069513,23.233742,21.073538,23.362612,15.739825,15.649783,15.944656,16.144873,21.057766,22.793783,21.081755,23.041967,15.755309,15.530438,0.0,0.0,0.0,0.0,4.0,0.0,0.0,0.0
46986,2023.0,11.0,23.0,7.0,21.068542,23.168056,15.409562,15.3346615,21.046764,23.040447,21.139027,23.358923,15.619712,15.533501,20.181314,23.366814,21.058107,22.685581,21.162231,23.1195,15.634328,15.543149,0.0,4.0,0.0,0.0,0.0,0.0,0.0,0.0
46987,2023.0,11.0,23.0,7.0,21.041456,23.00871,15.394611,15.317909,21.073858,23.022387,21.072659,23.123156,15.526406,15.442525,18.159672,18.923626,21.056606,22.60056,21.066084,22.856466,16.60092,17.452448,0.0,0.0,0.0,0.0,4.0,0.0,0.0,4.0
46988,2023.0,11.0,23.0,7.0,21.189322,23.244331,15.855328,16.189081,21.157927,23.08379,21.159275,23.217543,16.270113,16.916935,20.309929,23.178497,21.127806,22.67953,21.246458,23.136356,21.844158,26.248331,4.0,0.0,0.0,4.0,4.0,0.0,4.0,4.0
46989,2023.0,11.0,23.0,7.0,21.813406,24.117048,20.227825,23.636902,21.835155,24.02232,21.648733,23.828714,20.653233,24.28557,20.049019,22.331785,21.64465,23.380482,21.840652,23.886896,21.380497,24.767035,0.0,0.0,4.0,0.0,0.0,4.0,0.0,0.0
46990,2023.0,11.0,23.0,7.0,20.919533,22.431395,18.185734,19.035437,20.935064,22.367132,21.017256,22.738739,17.686468,17.906855,17.879038,17.929562,20.976765,22.188208,21.060198,22.611065,18.266298,18.373243,4.0,4.0,0.0,0.0,0.0,4.0,0.0,0.0
46991,2023.0,11.0,23.0,7.0,22.01309,24.261553,20.286661,23.185541,21.201128,22.936012,21.168825,22.992334,16.84904,17.230907,16.841007,16.700321,21.635113,23.266668,21.231943,22.898932,16.737423,16.4635,0.0,0.0,0.0,4.0,0.0,4.0,4.0,0.0
46992,2023.0,11.0,23.0,8.0,20.907951,22.231844,17.86612,18.07763,21.073755,22.647778,21.078527,22.76981,20.437777,23.358995,16.97767,17.178026,21.00572,22.128736,21.079046,22.598219,16.347027,16.066246,0.0,0.0,0.0,0.0,4.0,4.0,0.0,0.0
46993,2023.0,11.0,23.0,8.0,19.853764,20.306473,16.87655,16.96844,19.298567,19.219563,19.954268,20.579367,17.758099,17.860159,20.326702,23.00606,19.486347,19.246475,19.271025,19.103151,17.219336,17.943085,4.0,0.0,4.0,0.0,0.0,0.0,0.0,4.0
46994,2023.0,11.0,23.0,8.0,19.345528,19.74958,20.24091,23.014687,18.481731,18.339602,18.785494,18.811077,16.438826,16.182444,18.49102,19.098782,19.4521,19.696157,18.333221,17.985102,20.343693,23.224552,0.0,0.0,0.0,0.0,4.0,4.0,0.0,0.0
46995,2023.0,11.0,23.0,8.0,19.137638,19.552322,18.214077,18.627768,18.8721,19.31128,17.97849,17.64067,16.262968,16.134575,20.292032,22.684174,18.81308,18.493128,18.154356,17.983349,17.727432,17.775776,4.0,4.0,0.0,0.0,0.0,0.0,0.0,0.0
46996,2023.0,11.0,23.0,8.0,18.362377,18.2535,20.292055,22.77182,18.409586,18.43552,17.56574,17.17344,16.915651,17.487534,18.355883,18.62922,18.357622,17.963444,17.995247,17.853828,17.383375,17.917797,0.0,0.0,0.0,4.0,4.0,0.0,0.0,4.0
46997,2023.0,11.0,23.0,8.0,18.564713,18.949335,18.086542,18.189074,18.351645,18.55695,17.534267,17.35333,20.99824,24.383352,20.323769,22.544464,18.900106,19.181458,18.859484,19.654776,21.541183,25.033379,0.0,4.0,0.0,0.0,0.0,4.0,4.0,4.0
46998,2023.0,11.0,23.0,9.0,18.031431,17.93808,17.445492,17.730492,18.346739,18.5866,17.459015,17.321896,18.639103,19.227243,18.464752,18.713318,19.060074,19.364416,17.99584,17.776203,19.870232,21.686262,4.0,4.0,0.0,4.0,4.0,4.0,0.0,0.0
46999,2023.0,11.0,23.0,9.0,17.610304,17.41231,20.288387,22.750916,18.281975,18.532537,17.329464,17.198315,20.324038,22.825762,20.30127,22.37917,18.318092,17.999882,17.445171,17.13842,18.595505,19.142227,0.0,4.0,0.0,0.0,4.0,0.0,0.0,4.0
47000,2023.0,11.0,23.0,9.0,17.427265,17.230015,18.37916,18.752302,17.600252,17.320498,17.212399,17.084108,18.506844,18.989012,20.043955,21.749636,17.950127,17.582302,18.275183,18.872408,21.166002,23.9662,0.0,0.0,0.0,4.0,0.0,0.0,4.0,4.0
47001,2023.0,11.0,23.0,9.0,17.491728,17.499014,17.193954,17.146832,17.869144,18.069016,17.110971,16.984957,20.308502,22.630165,18.506235,18.671179,17.809412,17.44722,18.568205,19.169945,19.894974,21.418451,0.0,4.0,0.0,0.0,4.0,0.0,4.0,0.0
47002,2023.0,11.0,23.0,9.0,18.222324,18.918686,17.321451,17.599495,18.039873,18.321733,17.021633,16.898428,18.076504,18.079401,20.324596,22.221613,17.702326,17.349607,17.664371,17.448181,18.831472,19.356634,4.0,4.0,0.0,0.0,4.0,0.0,0.0,4.0
47003,2023.0,11.0,23.0,9.0,18.255882,18.775103,20.29878,22.808832,17.398249,17.145802,16.942978,16.822258,17.624693,17.94991,20.049105,21.669168,17.793037,17.629494,17.221018,16.93632,21.514784,24.326124,4.0,0.0,0.0,4.0,0.0,0.0,0.0,0.0
47004,2023.0,11.0,23.0,10.0,18.188513,18.693117,20.024233,21.975,17.699371,17.930065,17.580635,18.0799,20.320509,22.686571,18.286253,18.189476,18.549398,19.074156,17.0659,16.781963,19.575981,20.162157,4.0,4.0,4.0,4.0,0.0,4.0,0.0,4.0
47005,2023.0,11.0,23.0,10.0,18.190044,18.699886,20.084784,21.920605,17.897535,18.21197,17.251049,17.29268,20.047358,21.955566,17.466629,17.2981,18.6607,19.040766,17.995779,18.634817,20.226727,21.982878,0.0,4.0,0.0,0.0,0.0,4.0,4.0,0.0
47006,2023.0,11.0,23.0,10.0,17.573202,17.554615,18.284025,18.33368,17.277622,17.057468,17.403275,17.717161,18.105501,18.077911,17.248856,17.10016,17.947136,17.689802,17.391354,17.206705,18.344673,18.282764,0.0,0.0,4.0,0.0,0.0,0.0,0.0,0.0
47007,2023.0,11.0,23.0,10.0,17.997458,18.488466,17.8321,17.836996,16.992113,16.670378,16.91459,16.762333,17.319305,16.992357,17.094604,16.948887,17.698196,17.367985,18.13014,18.782562,18.465956,18.913326,4.0,0.0,0.0,0.0,0.0,0.0,4.0,4.0
47008,2023.0,11.0,23.0,10.0,17.488224,17.482367,20.229387,22.230997,16.885332,16.572992,17.318542,17.622334,17.194944,17.029314,16.955526,16.816427,17.615934,17.294296,17.388435,17.220196,20.256346,22.156075,4.0,0.0,4.0,0.0,0.0,0.0,0.0,0.0
47009,2023.0,11.0,23.0,10.0,17.134924,17.01963,20.043781,21.70626,16.952934,16.814224,16.934668,16.80053,17.037888,16.906683,16.812843,16.68137,18.32007,18.698328,16.987411,16.742874,18.334501,18.305687,0.0,0.0,0.0,0.0,0.0,4.0,0.0,0.0
47010,2023.0,11.0,23.0,11.0,17.742104,18.254995,18.380407,18.418772,16.961039,16.862957,17.266525,17.595097,16.862226,16.742285,16.693453,16.571562,17.866156,17.641201,16.87667,16.631924,17.363619,17.1015,0.0,0.0,4.0,0.0,0.0,0.0,0.0,0.0
47011,2023.0,11.0,23.0,11.0,17.92107,18.485512,18.207733,18.460009,16.917221,16.82563,16.827026,16.707132,16.736261,16.618486,16.608698,16.488781,17.633253,17.326992,16.810734,16.56941,18.155521,18.834745,4.0,0.0,0.0,0.0,0.0,0.0,0.0,4.0
47012,2023.0,11.0,23.0,11.0,17.957293,18.518118,20.210302,22.136889,16.86996,16.782581,17.237799,17.57425,16.624813,16.512177,16.929394,17.163603,17.558767,17.256147,16.87578,16.760647,20.281355,22.515865,4.0,0.0,4.0,0.0,4.0,0.0,0.0,0.0
47013,2023.0,11.0,23.0,11.0,17.355293,17.369633,20.033058,21.618063,17.52634,18.059534,16.8502,16.732468,16.512575,16.40512,20.375498,22.95795,17.646404,17.500587,16.884264,16.788525,18.875145,19.486582,4.0,4.0,0.0,0.0,0.0,0.0,0.0,4.0
47014,2023.0,11.0,23.0,11.0,17.747253,18.29646,20.073996,21.610977,17.818245,18.411648,16.52007,16.289734,16.414154,16.31092,18.332489,18.697681,17.67114,17.551062,16.852867,16.760592,20.271671,22.308323,0.0,4.0,0.0,0.0,0.0,0.0,0.0,0.0
47015,2023.0,11.0,23.0,11.0,17.316202,17.350157,18.503433,18.528234,17.694164,18.102911,16.409355,16.16862,16.330383,16.231558,17.517433,17.752596,17.646793,17.531046,16.819536,16.7289,18.9926,19.602089,0.0,4.0,0.0,0.0,4.0,0.0,0.0,4.0
47016,2023.0,11.0,23.0,12.0,17.763622,18.30683,18.133091,18.159698,17.665377,18.055305,17.202562,17.723726,17.021334,17.58849,20.293713,22.653456,17.622437,17.508324,16.791653,16.7021,21.39038,23.922222,4.0,4.0,4.0,4.0,0.0,0.0,0.0,4.0
47017,2023.0,11.0,23.0,12.0,21.328146,24.399029,20.217918,22.031021,21.316927,24.386078,21.318945,24.69685,20.320705,23.164547,18.451296,18.745079,21.22736,23.78921,21.513977,24.890854,19.91905,21.08629,0.0,4.0,4.0,4.0,0.0,0.0,0.0,4.0
47018,2023.0,11.0,23.0,12.0,21.035707,23.47322,18.839552,19.165083,21.012985,23.398415,21.038033,23.694305,20.04051,22.248102,17.366493,17.278242,20.99944,23.08868,22.632875,26.346115,20.099558,21.477987,4.0,4.0,0.0,0.0,0.0,4.0,0.0,0.0
47019,2023.0,11.0,23.0,12.0,21.058393,23.24837,20.219332,22.042015,21.09284,23.310823,21.069775,23.426504,17.982052,18.020372,17.501663,17.72997,21.079922,22.982494,20.883444,22.79589,18.530807,18.444284,0.0,0.0,4.0,0.0,4.0,0.0,4.0,0.0
47020,2023.0,11.0,23.0,12.0,21.054554,23.072788,18.822868,19.134417,21.078133,23.09412,21.087734,23.27104,16.96659,16.727526,20.365881,22.607395,21.065657,22.747961,21.111448,23.089235,17.688107,17.403645,4.0,0.0,0.0,0.0,0.0,0.0,0.0,0.0
47021,2023.0,11.0,23.0,12.0,21.05284,22.952023,20.224611,22.04912,21.077309,22.956488,21.080965,23.104364,16.709753,16.465118,18.805248,19.348545,21.064024,22.594868,21.068558,22.865828,17.388807,17.11406,0.0,0.0,0.0,0.0,4.0,0.0,0.0,0.0
47022,2023.0,11.0,23.0,13.0,21.076841,22.93306,18.840153,19.158735,21.061806,22.851503,21.055426,22.921762,16.677355,16.55937,20.2645,22.249535,21.050243,22.479565,21.071238,22.764639,17.319883,17.187181,4.0,0.0,4.0,0.0,0.0,0.0,0.0,0.0
47023,2023.0,11.0,23.0,13.0,21.044222,22.7777,20.223717,22.03707,21.062307,22.793142,21.058266,22.848402,16.619244,16.520609,18.436705,18.472101,21.050032,22.41098,21.058167,22.678026,17.218626,17.105131,0.0,0.0,4.0,0.0,0.0,0.0,0.0,0.0
47024,2023.0,11.0,23.0,13.0,21.04852,22.7359,18.56696,18.65021,21.060844,22.74283,21.056454,22.78589,16.53531,16.443666,17.557455,17.433235,21.0195,22.278982,21.0584,22.628584,17.096483,16.991169,0.0,0.0,4.0,0.0,0.0,4.0,0.0,0.0
47025,2023.0,11.0,23.0,13.0,21.073578,22.76531,17.744411,17.677269,21.059803,22.701815,21.079805,22.805243,16.46111,16.374598,17.355724,17.230001,21.063898,22.330029,21.05712,22.585264,17.991312,18.788622,0.0,0.0,0.0,0.0,0.0,0.0,0.0,4.0
47026,2023.0,11.0,23.0,13.0,21.040504,22.642605,17.970251,18.278784,21.034422,22.599642,21.073444,22.74823,16.397455,16.31616,17.20001,17.080141,21.026659,22.188118,21.056564,22.550055,20.278662,22.572649,4.0,4.0,0.0,0.0,0.0,4.0,0.0,0.0
47027,2023.0,11.0,23.0,13.0,21.045427,22.626165,20.262337,22.302586,21.03861,22.586483,21.072643,22.70792,16.341284,16.263771,17.065989,16.94821,21.031048,22.165354,21.016788,22.41505,18.899235,19.535328,4.0,4.0,0.0,0.0,0.0,4.0,4.0,4.0
47028,2023.0,11.0,23.0,14.0,21.043888,22.602232,20.037552,21.66839,21.049822,22.566229,21.03454,22.605131,16.293627,16.220266,16.955818,16.84347,21.059435,22.21459,21.072817,22.518312,20.263466,22.257736,0.0,4.0,4.0,0.0,0.0,0.0,0.0,0.0
47029,2023.0,11.0,23.0,14.0,19.478626,19.611721,18.496141,18.587654,19.898966,20.327202,19.552322,19.784227,16.253525,16.185036,16.867653,16.764273,19.69265,19.557535,19.450994,19.3646,18.386955,18.409239,0.0,4.0,0.0,0.0,0.0,0.0,0.0,0.0
47030,2023.0,11.0,23.0,14.0,19.473125,19.950321,17.913704,17.823317,19.462442,19.760328,18.63695,18.381712,16.221897,16.155964,17.19013,17.429276,19.15132,18.81288,19.784008,20.355639,17.700562,17.464037,0.0,4.0,0.0,0.0,4.0,0.0,4.0,0.0
47031,2023.0,11.0,23.0,14.0,19.418219,19.939798,18.159832,18.462202,19.300308,19.616417,18.91322,19.178303,16.191196,16.128614,20.290102,22.780607,19.097418,18.924011,18.938955,18.77436,17.580162,17.459717,4.0,4.0,4.0,0.0,4.0,0.0,0.0,0.0
47032,2023.0,11.0,23.0,14.0,19.285118,19.813522,20.23886,22.135466,18.54923,18.361528,18.958084,19.313438,16.15761,16.097696,20.016281,21.918447,18.985353,18.845818,18.394775,18.138859,18.352873,19.065214,4.0,0.0,4.0,0.0,0.0,0.0,0.0,4.0
47033,2023.0,11.0,23.0,14.0,18.567253,18.573093,20.021225,21.532825,18.097956,17.826063,18.234911,18.07585,16.126146,16.068613,18.27296,18.32892,18.843409,18.713165,19.139591,19.75931,20.247324,22.244673,4.0,0.0,0.0,0.0,0.0,0.0,4.0,0.0
47034,2023.0,11.0,23.0,15.0,18.153288,18.081285,20.050535,21.480665,17.883913,17.614853,17.806261,17.561588,16.096388,16.041199,17.317247,17.078373,18.717077,18.593037,18.479963,18.336893,18.38799,18.421103,4.0,0.0,0.0,0.0,0.0,0.0,0.0,0.0
47035,2023.0,11.0,23.0,15.0,17.947996,17.86309,20.045664,21.395304,18.383846,18.700361,18.276302,18.612421,16.06575,16.01049,17.189148,17.06078,18.60382,18.481964,19.015469,19.677412,17.488472,17.29095,4.0,4.0,4.0,0.0,0.0,0.0,4.0,0.0
47036,2023.0,11.0,23.0,15.0,17.795511,17.709513,20.063202,21.390121,18.54446,18.922268,17.789566,17.634293,16.03568,15.980538,17.105528,16.996479,18.505388,18.386993,18.299562,18.142033,17.337067,17.232466,0.0,4.0,0.0,0.0,0.0,0.0,0.0,0.0
47037,2023.0,11.0,23.0,15.0,17.80627,17.860622,18.692804,18.721874,18.522215,18.903496,18.087791,18.418573,16.00658,15.951922,16.99966,16.89876,18.418562,18.303905,17.861725,17.636446,17.223574,17.133673,0.0,4.0,4.0,0.0,0.0,0.0,0.0,0.0
47038,2023.0,11.0,23.0,15.0,17.772259,17.854229,18.618092,18.900734,18.49449,18.87531,17.62469,17.520344,16.758205,17.391443,16.917465,16.817415,18.3488,18.234816,17.707159,17.471998,17.1203,17.031662,4.0,4.0,0.0,4.0,0.0,0.0,0.0,0.0
47039,2023.0,11.0,23.0,15.0,18.459435,19.208435,20.21643,21.815086,18.465702,18.847134,17.99078,18.331686,20.295662,23.416872,16.839489,16.742378,18.284616,18.173655,17.595373,17.365047,17.02614,16.942131,0.0,4.0,4.0,0.0,0.0,0.0,0.0,0.0
47040,2023.0,11.0,23.0,16.0,18.076963,18.299582,19.238388,19.785595,17.820578,17.671751,18.15228,18.550909,17.813904,18.049109,16.75927,16.667341,19.001753,19.594652,17.599041,17.487076,16.929035,16.848831,4.0,0.0,4.0,0.0,0.0,4.0,0.0,0.0
47041,2023.0,11.0,23.0,16.0,18.360758,18.925167,20.179796,21.619083,18.169283,18.478598,17.562141,17.460253,16.882523,16.67628,16.695208,16.603966,19.211151,19.845612,17.562172,17.469336,16.852507,16.773792,0.0,4.0,0.0,0.0,0.0,4.0,0.0,0.0
47042,2023.0,11.0,23.0,16.0,17.863743,17.90446,18.738192,18.761251,17.746452,17.616167,17.19363,16.97488,16.723507,16.618721,16.628695,16.54233,18.386091,18.210222,17.494425,17.406248,16.773073,16.697954,0.0,0.0,0.0,0.0,0.0,0.0,0.0,0.0
47043,2023.0,11.0,23.0,16.0,17.575531,17.498426,18.659132,18.936989,18.122042,18.457067,17.752516,18.117176,16.622396,16.532251,16.574038,16.488194,18.086172,17.801039,17.433802,17.34623,16.707373,16.632263,4.0,4.0,4.0,0.0,0.0,0.0,0.0,0.0
47044,2023.0,11.0,23.0,16.0,18.169401,18.707724,20.19249,21.71234,18.221134,18.60175,17.886034,18.289566,16.522404,16.437643,16.522453,16.438356,17.986286,17.703201,17.374754,17.285198,16.648346,16.575983,4.0,4.0,4.0,0.0,0.0,0.0,0.0,0.0
47045,2023.0,11.0,23.0,16.0,17.717482,17.717321,20.041645,21.329855,18.215815,18.591595,17.300953,17.180147,16.42249,16.340607,16.466188,16.378891,18.68025,19.100355,17.31335,17.222633,16.58449,16.509144,0.0,4.0,0.0,0.0,0.0,4.0,0.0,0.0
47046,2023.0,11.0,23.0,17.0,18.108746,18.648924,19.000177,19.25395,17.629755,17.507416,17.638557,17.9951,16.337769,16.25995,16.766827,16.981634,18.183256,17.97219,17.258314,17.167454,16.526733,16.451092,4.0,0.0,4.0,0.0,4.0,0.0,0.0,0.0
47047,2023.0,11.0,23.0,17.0,17.623241,17.653221,20.285515,21.77081,17.328403,17.074402,17.186062,17.08187,16.274849,16.197987,20.242685,22.957468,17.946285,17.660463,18.205235,18.986343,16.480848,16.404003,0.0,0.0,0.0,0.0,0.0,0.0,4.0,0.0
47048,2023.0,11.0,23.0,17.0,17.30995,17.248993,19.095173,19.357924,17.83909,18.148802,17.522633,17.881464,16.21111,16.137672,18.314636,18.722496,17.849651,17.566938,17.553158,17.42445,16.433294,16.35659,4.0,4.0,4.0,0.0,0.0,0.0,0.0,0.0
47049,2023.0,11.0,23.0,17.0,17.936024,18.486551,20.189589,21.517107,18.004477,18.385885,17.676804,18.081036,16.161045,16.088173,17.390635,17.285194,18.731962,19.318422,17.24624,17.019115,16.394146,16.316545,0.0,4.0,4.0,0.0,0.0,4.0,0.0,0.0
47050,2023.0,11.0,23.0,17.0,18.161886,18.72974,18.805502,18.783451,18.025303,18.401497,17.123476,17.01867,16.86243,17.454428,17.151182,17.037989,18.872637,19.302883,17.129442,16.90386,16.354052,16.276445,0.0,4.0,0.0,4.0,0.0,4.0,0.0,0.0
47051,2023.0,11.0,23.0,17.0,18.185968,18.740421,18.74247,18.981281,18.036072,18.410103,16.856918,16.629538,20.33054,23.390228,17.020443,16.904573,18.16226,17.943903,17.166645,17.057407,16.320803,16.242447,4.0,4.0,0.0,0.0,0.0,0.0,0.0,0.0
47052,2023.0,11.0,23.0,18.0,17.592306,17.609798,20.193441,21.619614,17.462276,17.338076,16.736652,16.501738,17.83331,18.017876,16.898024,16.78369,17.850857,17.567936,18.149324,18.929092,17.161545,17.85222,0.0,0.0,0.0,0.0,0.0,0.0,4.0,4.0
47053,2023.0,11.0,23.0,18.0,21.326653,24.34719,19.309038,19.799385,21.278725,24.233706,21.322998,24.657417,16.625004,16.440035,17.180393,17.407251,21.342258,23.712196,21.346212,24.25922,20.34766,23.153864,4.0,0.0,4.0,0.0,4.0,4.0,0.0,4.0
47054,2023.0,11.0,23.0,18.0,21.121729,23.53986,20.177713,21.553137,21.119617,23.470844,21.117544,23.762877,16.486692,16.389702,20.387993,22.805607,21.10485,23.058903,22.042524,25.04276,20.270475,22.659918,4.0,4.0,0.0,0.0,4.0,0.0,4.0,0.0
47055,2023.0,11.0,23.0,18.0,21.08407,23.220432,20.024319,21.172472,21.06382,23.085102,21.088816,23.375439,16.415821,16.329512,20.030268,21.887487,21.040697,22.677443,20.91111,22.606733,17.992613,17.983862,4.0,4.0,0.0,0.0,0.0,4.0,0.0,0.0
47056,2023.0,11.0,23.0,18.0,21.045414,22.947649,20.061106,21.208736,21.07845,22.956017,21.078945,23.135944,16.33723,16.254505,18.250006,18.2381,21.067614,22.588776,21.091064,22.83075,17.062023,16.833193,0.0,0.0,0.0,0.0,0.0,0.0,0.0,0.0
47057,2023.0,11.0,23.0,18.0,21.075533,22.906525,19.094,19.293772,21.048326,22.747505,21.063974,22.979717,16.272833,16.193794,17.447138,17.319876,21.03137,22.374815,21.066114,22.676939,16.835655,16.60564,4.0,4.0,0.0,0.0,0.0,4.0,0.0,0.0
47058,2023.0,11.0,23.0,19.0,21.180206,23.004498,20.193687,21.58046,21.178352,22.917274,21.193583,23.126925,16.21843,16.142178,17.274508,17.14765,21.130535,22.506184,21.287926,23.035011,16.818125,16.712605,0.0,4.0,4.0,0.0,0.0,0.0,4.0,0.0
47059,2023.0,11.0,23.0,19.0,21.072454,22.73914,19.102583,19.334944,21.07433,22.657612,21.067656,22.8255,16.901463,17.467983,17.133965,17.012966,21.057169,22.28566,21.07431,22.566242,17.764977,18.5639,4.0,0.0,0.0,4.0,0.0,0.0,0.0,4.0
47060,2023.0,11.0,23.0,19.0,21.162647,22.864296,20.180437,21.577566,21.162994,22.777859,21.162565,22.934055,20.332647,23.261076,17.01587,16.89738,21.130241,22.375849,21.18907,22.743849,20.299309,22.75933,4.0,0.0,0.0,0.0,0.0,0.0,0.0,0.0
47061,2023.0,11.0,23.0,19.0,21.064657,22.618698,20.022453,21.16516,21.042828,22.468838,21.0474,22.619446,17.877506,18.001028,16.91361,16.798355,21.04406,22.180168,21.063868,22.445797,18.092384,18.117409,4.0,4.0,4.0,0.0,0.0,0.0,0.0,0.0
47062,2023.0,11.0,23.0,19.0,21.049877,22.576382,20.042019,21.147528,21.045843,22.443748,21.05006,22.582184,16.716448,16.520945,16.826357,16.712723,21.043615,22.159616,21.00963,22.296974,17.089613,16.862059,4.0,4.0,4.0,0.0,0.0,0.0,4.0,0.0
47063,2023.0,11.0,23.0,19.0,21.062325,22.55617,20.109774,21.25736,21.132088,22.610012,21.100842,22.643847,16.605515,16.509056,16.75385,16.643509,21.090618,22.230408,21.127607,22.541138,17.001045,16.900623,0.0,0.0,4.0,0.0,0.0,0.0,0.0,0.0
47064,2023.0,11.0,23.0,20.0,21.039268,22.484568,18.830992,18.760534,21.031286,22.354767,21.067686,22.571047,16.532757,16.44593,16.698015,16.596857,21.038342,22.108747,21.05251,22.34513,16.923994,16.832716,0.0,4.0,0.0,0.0,0.0,0.0,0.0,0.0
47065,2023.0,11.0,23.0,20.0,21.082207,22.543705,18.213943,18.083633,21.128988,22.555624,21.137135,22.674099,16.446945,16.357765,16.634245,16.529083,21.088524,22.192053,21.122963,22.455215,16.831955,16.739971,0.0,0.0,0.0,0.0,0.0,0.0,0.0,0.0
47066,2023.0,11.0,23.0,20.0,21.060179,22.50072,18.514229,18.81813,21.026413,22.30077,21.030825,22.418089,16.378252,16.292004,16.582249,16.480114,21.035896,22.072609,21.03884,22.284819,16.756332,16.667086,4.0,4.0,4.0,0.0,0.0,0.0,0.0,0.0
47067,2023.0,11.0,23.0,20.0,21.158243,22.673422,20.208965,21.789444,21.191748,22.616798,21.161514,22.681688,16.317465,16.233677,16.53157,16.428421,21.138243,22.265627,21.213135,22.627926,16.690392,16.604685,4.0,4.0,0.0,0.0,0.0,0.0,0.0,0.0
47068,2023.0,11.0,23.0,20.0,21.0607,22.452766,20.020288,21.266247,21.067873,22.372414,21.041676,22.401197,17.08624,17.736464,16.484089,16.3786,21.041994,22.05951,21.04979,22.289812,16.63086,16.54546,4.0,0.0,4.0,4.0,0.0,0.0,0.0,0.0
47069,2023.0,11.0,23.0,20.0,21.047958,22.432436,20.045387,21.223286,21.037966,22.276472,21.072945,22.470646,20.316185,23.158335,16.443295,16.336779,21.042025,22.049572,21.050327,22.283888,16.5775,16.489904,4.0,4.0,0.0,0.0,0.0,0.0,0.0,0.0
47070,2023.0,11.0,23.0,21.0,21.048878,22.431324,20.059448,21.202269,21.043177,22.275494,21.04177,22.371824,18.407444,18.935162,16.783102,17.0039,21.041801,22.03897,21.049997,22.274666,16.529413,16.440403,0.0,4.0,4.0,4.0,4.0,0.0,0.0,0.0
47071,2023.0,11.0,23.0,21.0,21.048958,22.424492,19.056065,19.206362,21.067799,22.333351,21.072544,22.440521,21.51451,24.673687,20.436386,23.060799,21.01182,21.951014,21.049774,22.26484,16.485641,16.394217,4.0,0.0,0.0,0.0,0.0,4.0,0.0,0.0
47072,2023.0,11.0,23.0,21.0,21.048004,22.414019,20.198769,21.571058,21.062363,22.30469,21.151783,22.58033,18.813883,18.939987,18.320473,18.651178,21.046686,22.038355,21.202263,22.56011,16.44561,16.351927,0.0,0.0,0.0,0.0,0.0,0.0,0.0,0.0
47073,2023.0,11.0,23.0,21.0,21.047915,22.40402,18.764067,18.671694,21.037472,22.217505,21.027046,22.318935,17.291723,16.993729,17.16672,17.074999,21.053307,22.016449,21.009361,22.13363,17.344236,18.077248,0.0,4.0,4.0,0.0,0.0,0.0,4.0,4.0
47074,2023.0,11.0,23.0,21.0,21.021336,22.322273,18.558842,18.78765,21.067722,22.286577,21.073626,22.410398,17.889666,18.425869,16.932783,16.80453,21.022345,21.90908,21.068851,22.25754,20.336792,22.998665,4.0,0.0,0.0,4.0,0.0,4.0,0.0,4.0
47075,2023.0,11.0,23.0,21.0,21.198517,22.693476,20.21597,21.726398,21.20556,22.527256,21.168177,22.576986,20.279726,22.436535,17.209055,17.431526,21.174639,22.200214,21.201565,22.498442,20.041866,22.080097,0.0,4.0,0.0,4.0,4.0,4.0,0.0,0.0
47076,2023.0,11.0,23.0,22.0,21.06024,22.374561,18.919502,19.06819,21.041769,22.185076,21.065744,22.347397,20.670528,23.02293,20.414219,22.786331,21.026463,21.88889,21.058962,22.186298,18.71417,19.22778,0.0,4.0,0.0,0.0,0.0,4.0,0.0,4.0
47077,2023.0,11.0,23.0,22.0,21.032043,22.2696,18.569763,18.828533,21.04141,22.177673,21.050344,22.326681,18.231934,18.101332,18.427946,18.698961,21.056774,21.959202,21.046759,22.167723,20.28896,22.321787,4.0,4.0,0.0,0.0,0.0,0.0,0.0,0.0
47078,2023.0,11.0,23.0,22.0,21.173203,22.554752,20.203665,21.719755,21.208265,22.504175,21.245861,22.70043,17.902481,18.094337,17.325596,17.197588,21.132769,22.093641,21.234674,22.543743,18.247543,18.137396,4.0,4.0,4.0,4.0,0.0,0.0,0.0,0.0
47079,2023.0,11.0,23.0,22.0,21.030825,22.228508,20.040508,21.260334,21.06574,22.225899,21.031002,22.2708,20.3747,22.337746,17.075092,16.920034,21.051125,21.911697,21.047207,22.16145,17.286919,16.96489,0.0,0.0,4.0,0.0,0.0,0.0,0.0,0.0
47080,2023.0,11.0,23.0,22.0,21.063404,22.302423,18.657637,18.514688,21.035475,22.132723,21.046305,22.277554,18.311962,18.206244,16.94105,16.789412,21.007977,21.819763,21.047377,22.159626,17.198761,17.048967,0.0,4.0,4.0,0.0,0.0,4.0,0.0,0.0
47081,2023.0,11.0,23.0,22.0,21.113409,22.380026,18.251661,18.208529,21.119837,22.31657,21.128414,22.445143,17.483534,17.318605,16.827616,16.67145,21.102188,22.0212,21.095047,22.247644,17.113262,16.978504,4.0,0.0,0.0,0.0,0.0,0.0,0.0,0.0
47082,2023.0,11.0,23.0,23.0,21.035667,22.239605,20.220081,21.772608,21.051903,22.1579,21.055325,22.271358,17.309486,17.160612,17.071793,17.2153,21.04444,21.878035,21.001032,22.026405,17.006365,16.88182,4.0,0.0,0.0,0.0,4.0,0.0,4.0,0.0
47083,2023.0,11.0,23.0,23.0,19.93787,20.14416,18.96707,19.140526,20.122469,20.34044,19.547483,19.369644,17.150972,17.0084,17.169228,17.320797,19.791348,19.4615,19.557673,19.283718,16.906733,16.786518,4.0,4.0,0.0,0.0,4.0,0.0,0.0,0.0
47084,2023.0,11.0,23.0,23.0,19.41081,19.412477,18.03629,17.615145,19.130455,18.69123,19.09338,18.890104,17.039236,16.895267,16.86614,16.761086,19.53678,19.2923,18.973036,18.533968,16.832344,16.71138,0.0,0.0,0.0,0.0,0.0,0.0,0.0,0.0
47085,2023.0,11.0,23.0,23.0,19.895967,20.52115,18.128632,18.000977,19.365498,19.408823,19.57189,19.992456,16.93648,16.793829,16.700693,16.552544,19.419249,19.207619,18.70948,18.270733,16.76195,16.641415,4.0,4.0,4.0,0.0,0.0,0.0,0.0,0.0
47086,2023.0,11.0,23.0,23.0,19.058128,18.907154,17.69984,17.272259,18.744837,18.314276,18.76743,18.471,16.845783,16.70506,16.61691,16.464415,19.278347,19.072948,18.721409,18.506723,16.695503,16.571331,0.0,0.0,0.0,0.0,0.0,0.0,0.0,0.0
47087,2023.0,11.0,23.0,23.0,18.61307,18.29454,17.422285,16.91648,18.385876,17.861725,18.290764,17.805508,16.761337,16.620808,16.546585,16.392408,19.925154,20.417229,18.634806,18.451426,16.633434,16.506313,0.0,0.0,0.0,0.0,0.0,4.0,0.0,0.0
47088,2023.0,11.0,24.0,0.0,18.406511,18.078413,17.5323,17.283127,18.842165,18.87835,18.06419,17.565535,17.29079,17.685658,16.481834,16.323294,19.065197,18.67648,18.514175,18.33679,16.576344,16.447113,0.0,4.0,0.0,4.0,0.0,0.0,0.0,0.0
47089,2023.0,11.0,24.0,0.0,19.244194,19.824907,17.534004,17.349224,18.312395,17.890596,18.153019,17.91868,16.866432,16.766409,16.422083,16.260893,18.699318,18.206705,18.400291,18.226097,16.522518,16.39121,0.0,0.0,0.0,0.0,0.0,0.0,0.0,0.0
47090,2023.0,11.0,24.0,0.0,19.140867,19.489319,17.922415,18.142035,18.66996,18.731962,18.823435,19.261194,16.654716,16.50831,16.365519,16.201082,18.547754,18.053436,18.294064,18.12101,16.47113,16.337074,4.0,4.0,4.0,0.0,0.0,0.0,0.0,0.0
47091,2023.0,11.0,24.0,0.0,18.420956,18.18993,17.628098,17.553665,18.108046,17.66583,18.350285,18.300482,16.578108,16.433216,16.605057,16.69148,18.67545,18.438135,18.197739,18.026798,16.423452,16.28738,0.0,0.0,0.0,0.0,4.0,0.0,0.0,0.0
47092,2023.0,11.0,24.0,0.0,18.118437,17.788134,17.881403,18.110157,17.824728,17.300417,17.789452,17.338284,16.50566,16.356293,16.70041,16.819298,18.66324,18.460808,18.105467,17.93077,17.10827,17.614065,4.0,0.0,0.0,0.0,4.0,0.0,0.0,4.0
47093,2023.0,11.0,24.0,0.0,17.967068,17.632725,17.311756,16.980743,18.654451,19.008905,17.563517,17.066471,16.442793,16.291988,16.438133,16.31292,18.593388,18.388288,18.022013,17.846825,16.615303,16.524189,0.0,4.0,0.0,0.0,0.0,0.0,0.0,0.0
47094,2023.0,11.0,24.0,1.0,18.115862,18.050476,16.958971,16.44838,18.043316,17.728561,17.695179,17.462147,16.383726,16.230564,16.293873,16.123613,18.523659,18.31602,18.924734,19.613157,16.250227,15.93495,0.0,0.0,0.0,0.0,0.0,0.0,4.0,0.0
47095,2023.0,11.0,24.0,1.0,18.121723,18.102976,17.085539,16.824146,17.657831,17.151457,17.699348,17.519749,16.32994,16.175905,16.509718,16.577253,18.459267,18.251057,18.019747,17.69502,16.113182,15.773506,0.0,0.0,0.0,0.0,4.0,0.0,0.0,0.0
47096,2023.0,11.0,24.0,1.0,18.064672,18.04677,17.120764,16.927557,17.500557,16.971546,17.636065,17.45803,16.277668,16.12066,16.284338,16.103622,18.396198,18.184906,17.665012,17.238247,16.222378,16.074614,0.0,0.0,0.0,0.0,0.0,0.0,0.0,0.0
47097,2023.0,11.0,24.0,1.0,18.009235,17.99304,17.076267,16.886684,17.679142,17.438627,17.574963,17.399193,16.816969,17.174652,16.179508,15.999434,18.339441,18.128021,17.54151,17.119234,16.213219,16.066906,0.0,0.0,0.0,4.0,0.0,0.0,0.0,0.0
47098,2023.0,11.0,24.0,1.0,17.955343,17.94053,17.029959,16.8416,18.39785,18.81909,17.515814,17.342073,16.410261,16.282713,16.127956,15.948156,18.285917,18.07443,17.65991,17.463257,16.179253,16.032467,0.0,4.0,0.0,0.0,0.0,0.0,0.0,0.0
47099,2023.0,11.0,24.0,1.0,17.902761,17.887701,16.983297,16.794794,17.979307,17.91884,17.458004,17.28469,16.824005,17.16886,16.370054,16.441757,18.234383,18.02174,17.64979,17.468,16.144833,15.996836,0.0,0.0,0.0,4.0,4.0,0.0,0.0,0.0
47100,2023.0,11.0,24.0,2.0,17.853193,17.838364,16.93892,16.750622,17.454105,16.985937,17.403566,17.231197,16.19839,15.852096,16.162191,15.995629,18.186321,17.97314,17.599838,17.418133,16.831734,17.317556,0.0,0.0,0.0,0.0,0.0,0.0,0.0,4.0
47101,2023.0,11.0,24.0,2.0,17.802376,17.784164,16.89228,16.699951,17.243021,16.710114,17.347475,17.171427,15.943834,15.545266,16.043566,15.856434,18.137928,17.921648,17.547363,17.362854,17.14171,17.733158,0.0,0.0,0.0,0.0,0.0,0.0,0.0,4.0
47102,2023.0,11.0,24.0,2.0,17.760563,17.746243,16.85564,16.667782,17.425062,17.176613,17.30313,17.132067,16.064611,15.878575,16.000126,15.81635,18.09702,17.883278,17.50109,17.319218,16.270857,15.973222,0.0,0.0,0.0,0.0,0.0,0.0,0.0,0.0
47103,2023.0,11.0,24.0,2.0,17.71291,17.69531,16.811869,16.620165,17.45792,17.263283,17.25228,17.077332,16.072615,15.907513,15.952133,15.764276,18.052172,17.8354,17.450766,17.265999,15.9842,15.614183,0.0,0.0,0.0,0.0,0.0,0.0,0.0,0.0
47104,2023.0,11.0,24.0,2.0,17.67036,17.653044,16.773266,16.5818,17.418613,17.225142,17.207085,17.032637,16.03562,15.869955,15.911043,15.722722,18.011429,17.794386,17.404585,17.219675,15.888626,15.522212,0.0,0.0,0.0,0.0,0.0,0.0,0.0,0.0
47105,2023.0,11.0,24.0,2.0,17.632238,17.618149,16.739517,16.552057,17.381151,17.192223,17.166994,16.997015,16.001081,15.837355,15.875002,15.6893,17.974482,17.759668,17.362392,17.179852,16.777857,17.294306,0.0,0.0,0.0,0.0,0.0,0.0,0.0,4.0
47106,2023.0,11.0,24.0,3.0,17.591965,17.57771,16.702808,16.515385,17.33961,17.151499,17.12422,16.954596,15.964855,15.800594,15.837456,15.651171,17.936125,17.720974,17.318981,17.136229,16.109024,15.8090105,0.0,0.0,0.0,0.0,0.0,0.0,0.0,0.0
47107,2023.0,11.0,24.0,3.0,17.54896,17.530672,16.66239,16.47045,17.294088,17.102114,17.078358,16.904425,15.926824,15.7591,15.797686,15.6073265,17.895645,17.677084,17.273737,17.087797,15.841451,15.468731,0.0,0.0,0.0,0.0,0.0,0.0,0.0,0.0
47108,2023.0,11.0,24.0,3.0,17.510859,17.492567,16.627838,16.436674,17.254213,17.063446,17.038536,16.86558,15.892836,15.7248,15.762785,15.572318,17.85901,17.640202,17.232445,17.046408,15.97526,15.823272,0.0,0.0,0.0,0.0,0.0,0.0,0.0,0.0
47109,2023.0,11.0,24.0,3.0,17.477722,17.463589,16.593706,16.403091,17.215057,17.025414,16.99939,16.827423,16.445877,16.792776,15.728992,15.538563,17.82346,17.6047,17.192484,17.006727,15.958301,15.800995,0.0,0.0,0.0,4.0,0.0,0.0,0.0,0.0
47110,2023.0,11.0,24.0,3.0,17.454533,17.452295,16.558617,16.367018,17.175037,16.984926,16.959427,16.786875,16.035954,15.88653,15.694807,15.503233,17.787516,17.567772,17.15227,16.96575,15.922899,15.764523,0.0,0.0,0.0,0.0,0.0,0.0,0.0,0.0
47111,2023.0,11.0,24.0,3.0,17.420889,17.41724,16.522594,16.328518,17.134184,16.942076,16.918701,16.744036,15.897581,15.725033,15.977271,16.06168,17.751171,17.529459,17.111784,16.923517,15.886886,15.726605,0.0,0.0,0.0,0.0,4.0,0.0,0.0,0.0
47112,2023.0,11.0,24.0,4.0,17.387209,17.382874,16.489323,16.29494,17.096205,16.904337,16.880945,16.706385,15.850961,15.678519,15.734211,15.5324135,17.716908,17.494797,17.073488,16.885033,15.852872,15.692173,0.0,0.0,0.0,0.0,0.0,0.0,0.0,0.0
47113,2023.0,11.0,24.0,4.0,17.354345,17.350267,16.457642,16.263834,17.059723,16.868998,16.844843,16.671227,15.809285,15.637474,15.940975,15.99783,17.683968,17.46232,17.036585,16.848764,16.549038,17.031471,0.0,0.0,0.0,0.0,4.0,0.0,0.0,4.0
47114,2023.0,11.0,24.0,4.0,17.321024,17.31653,16.42592,16.232012,17.023195,16.8328,16.808895,16.635353,15.771341,15.599191,15.732916,15.544056,17.651066,17.42928,16.999762,16.811935,16.051672,15.932177,0.0,0.0,0.0,0.0,0.0,0.0,0.0,0.0
47115,2023.0,11.0,24.0,4.0,17.286299,17.279337,16.393179,16.197577,16.985626,16.793894,16.772223,16.597015,15.734495,15.560837,15.628953,15.431322,17.617533,17.394482,16.962364,16.773382,15.681236,15.313977,0.0,0.0,0.0,0.0,0.0,0.0,0.0,0.0
47116,2023.0,11.0,24.0,4.0,17.253014,17.244919,16.360819,16.16378,16.948887,16.756165,16.736286,16.55985,15.700151,15.525674,15.588696,15.390602,17.584993,17.361238,16.926113,16.73662,15.560756,15.184317,0.0,0.0,0.0,0.0,0.0,0.0,0.0,0.0
47117,2023.0,11.0,24.0,4.0,17.222603,17.216038,16.333044,16.139153,16.916899,16.727568,16.704752,16.531553,15.669932,15.497488,15.553158,15.358101,17.555416,17.333565,16.892786,16.705305,16.456997,16.968039,0.0,0.0,0.0,0.0,0.0,0.0,0.0,4.0
47118,2023.0,11.0,24.0,5.0,17.190022,17.182732,16.302237,16.108345,16.88212,16.692984,16.670374,16.497282,16.202103,16.522137,15.517261,15.321967,17.524212,17.30226,16.857895,16.670435,15.788417,15.479505,0.0,0.0,0.0,4.0,0.0,0.0,0.0,0.0
47119,2023.0,11.0,24.0,5.0,17.157701,17.149504,16.2714,16.077267,17.572027,18.017817,16.636297,16.462957,15.832857,15.696841,15.482771,15.28714,17.493206,17.271006,16.823256,16.635658,15.532923,15.159171,0.0,4.0,0.0,0.0,0.0,0.0,0.0,0.0
47120,2023.0,11.0,24.0,5.0,17.125883,17.116774,16.240671,16.046204,17.141724,17.070248,16.60229,16.428703,15.682374,15.508205,15.449616,15.253613,17.462698,17.240217,16.789282,16.601517,15.451992,15.080576,0.0,0.0,0.0,0.0,0.0,0.0,0.0,0.0
47121,2023.0,11.0,24.0,5.0,17.093674,17.083178,16.209513,16.01417,16.610502,16.115993,16.567715,16.39341,15.636514,15.461676,15.417132,15.220313,17.432478,17.209347,16.75588,16.567581,15.593001,15.433086,0.0,0.0,0.0,0.0,0.0,0.0,0.0,0.0
47122,2023.0,11.0,24.0,5.0,17.060974,17.04865,16.177114,15.979575,16.443195,15.911458,16.532034,16.35588,15.594387,15.417991,15.38489,15.186534,17.402126,17.177921,16.722445,16.533281,15.59176,15.427901,0.0,0.0,0.0,0.0,0.0,0.0,0.0,0.0
47123,2023.0,11.0,24.0,5.0,17.029865,17.0173,16.148129,15.95175,16.670984,16.455027,16.499619,16.324665,15.558998,15.383291,15.35571,15.158096,17.373371,17.149643,16.690292,16.501665,15.565637,15.402056,0.0,0.0,0.0,0.0,0.0,0.0,0.0,0.0
47124,2023.0,11.0,24.0,6.0,16.99957,16.987602,16.119457,15.924414,16.685167,16.490808,16.467836,16.29436,15.526329,15.351769,15.327673,15.131174,17.345232,17.122456,16.658695,16.471146,16.267529,16.7471,0.0,0.0,0.0,0.0,0.0,0.0,0.0,4.0
47125,2023.0,11.0,24.0,6.0,21.239677,24.395315,16.088213,15.89185,21.165203,24.39135,21.126793,24.50176,15.492868,15.317028,15.582714,15.631034,21.26687,23.766365,22.021942,25.487919,20.371262,23.767927,0.0,0.0,0.0,0.0,4.0,0.0,0.0,4.0
47126,2023.0,11.0,24.0,6.0,21.06842,23.613205,16.053507,15.854806,21.065523,23.667196,21.060705,23.815739,15.459796,15.282057,20.399448,23.613031,21.024588,23.130848,21.050158,23.476515,20.970392,23.971249,0.0,0.0,0.0,0.0,0.0,0.0,0.0,4.0
47127,2023.0,11.0,24.0,6.0,21.077093,23.341938,16.023605,15.819658,21.080532,23.36222,21.084854,23.508268,15.430517,15.251536,17.826632,18.241703,21.07348,22.97184,21.096642,23.28689,20.093954,22.326326,0.0,0.0,0.0,0.0,0.0,0.0,0.0,0.0
47128,2023.0,11.0,24.0,6.0,21.066566,23.128315,15.994117,15.785772,21.069765,23.118557,21.073406,23.248474,15.403571,15.223294,16.296383,16.114565,21.061035,22.763308,21.06668,23.031672,17.713516,17.503149,0.0,0.0,0.0,0.0,0.0,0.0,0.0,0.0
47129,2023.0,11.0,24.0,6.0,21.06337,22.987581,15.962347,15.7489,21.06619,22.957197,21.06978,23.077383,15.376792,15.194461,16.003925,15.782295,21.057753,22.623924,21.06522,22.88767,17.39171,17.647556,0.0,0.0,0.0,0.0,0.0,0.0,0.0,4.0
47130,2023.0,11.0,24.0,7.0,21.064505,22.890528,16.396778,16.583427,21.06748,22.845976,21.071266,22.960312,15.351904,15.169061,15.868244,15.650789,21.058292,22.52545,21.06622,22.783695,20.336687,22.778412,4.0,0.0,0.0,0.0,0.0,0.0,0.0,4.0
47131,2023.0,11.0,24.0,7.0,21.925686,24.147264,20.295074,23.25623,21.920525,24.07353,21.848923,24.189127,15.326388,15.142287,15.748321,15.527284,21.596708,23.386978,22.102322,24.319658,20.016266,21.89189,0.0,0.0,0.0,0.0,0.0,0.0,0.0,4.0
47132,2023.0,11.0,24.0,7.0,20.902708,22.270452,18.107454,18.482933,20.90927,22.21331,20.935535,22.401703,15.304477,15.119251,15.653371,15.433899,20.962656,22.107393,20.876425,22.063168,20.092428,21.89749,0.0,0.0,0.0,0.0,0.0,0.0,0.0,0.0
47133,2023.0,11.0,24.0,7.0,21.090034,22.65792,16.775295,16.64175,21.067066,22.51458,21.08752,22.695942,15.282137,15.095973,15.93371,16.02745,21.064579,22.295748,21.095453,22.51775,17.95498,17.653448,0.0,4.0,0.0,0.0,4.0,0.0,0.0,0.0
47134,2023.0,11.0,24.0,7.0,21.164682,22.806885,16.483805,16.269266,21.170345,22.74086,21.162228,22.8293,15.259018,15.071699,20.427301,23.495949,21.12782,22.404325,21.193592,22.718016,16.891909,16.376263,0.0,0.0,0.0,0.0,0.0,0.0,0.0,0.0
47135,2023.0,11.0,24.0,7.0,21.059822,22.588484,16.338806,16.104103,21.082062,22.509392,21.065334,22.615543,15.235246,15.046751,17.898645,18.252296,21.053423,22.237606,21.061321,22.446735,16.820219,16.578955,0.0,0.0,0.0,0.0,0.0,0.0,0.0,0.0
47136,2023.0,11.0,24.0,8.0,21.05849,22.575947,16.233261,15.987736,21.077555,22.45821,21.063791,22.59439,15.210517,15.020083,16.385616,16.148617,21.052418,22.22002,21.059904,22.43608,16.714722,16.496695,0.0,0.0,0.0,0.0,0.0,0.0,0.0,0.0
47137,2023.0,11.0,24.0,8.0,20.121775,20.738007,16.154295,15.910949,20.1084,20.573175,19.479221,19.537668,15.188641,14.999244,16.112715,15.882036,19.689499,19.584938,19.497122,19.421284,16.567196,16.367271,0.0,4.0,0.0,0.0,0.0,0.0,0.0,0.0
47138,2023.0,11.0,24.0,8.0,19.156908,19.145927,16.092968,15.846504,19.719875,20.071756,18.705666,18.446081,15.167904,14.978033,15.97867,15.744205,19.145765,18.851141,18.862629,18.597776,17.402859,18.049404,0.0,4.0,0.0,0.0,0.0,0.0,0.0,4.0
47139,2023.0,11.0,24.0,8.0,19.03444,19.147877,16.036583,15.790763,19.134647,19.077057,18.381578,18.105516,15.857882,16.288458,15.864575,15.629802,19.674217,20.061117,18.574354,18.314236,20.306139,22.954416,0.0,4.0,0.0,4.0,0.0,4.0,0.0,4.0
47140,2023.0,11.0,24.0,8.0,18.26866,17.859674,15.976646,15.73163,18.169104,17.544779,18.10272,17.830534,20.439243,23.895185,15.74661,15.514471,19.784103,20.204739,18.309103,18.058979,20.053822,22.136375,0.0,0.0,0.0,0.0,0.0,4.0,0.0,0.0
47141,2023.0,11.0,24.0,8.0,17.789005,17.300192,15.920669,15.675451,17.655373,16.942307,17.870718,17.599077,17.753948,18.148195,15.639271,15.4083805,19.340208,19.392727,18.0844,17.84213,17.764767,17.50252,0.0,0.0,0.0,4.0,0.0,4.0,0.0,0.0
47142,2023.0,11.0,24.0,9.0,17.587114,17.092152,15.876293,15.6299925,17.433672,16.71513,18.389725,18.70831,20.450743,22.980719,15.55819,15.325677,18.524126,17.981022,17.922228,17.683887,16.937037,16.405426,0.0,0.0,4.0,0.0,0.0,0.0,0.0,0.0
47143,2023.0,11.0,24.0,9.0,17.732561,17.57502,15.830794,15.586227,17.5659,17.197495,18.568977,18.973883,17.726664,17.558395,15.830549,15.907253,18.805878,18.844395,17.758018,17.528639,16.855467,16.59481,0.0,0.0,4.0,0.0,4.0,4.0,0.0,0.0
47144,2023.0,11.0,24.0,9.0,18.464006,19.005568,16.25665,16.412954,18.252728,18.558119,17.615217,17.178204,16.676794,16.107393,20.168398,23.283318,18.154997,17.583916,17.631622,17.40641,17.684975,18.291252,4.0,4.0,0.0,0.0,0.0,0.0,0.0,4.0
47145,2023.0,11.0,24.0,9.0,18.072819,18.12306,20.277328,23.308365,18.503162,18.910917,17.013647,16.382515,17.319868,17.705128,17.803118,18.1616,17.754883,17.140099,17.498672,17.273205,20.320381,22.746103,0.0,4.0,0.0,4.0,0.0,0.0,0.0,0.0
47146,2023.0,11.0,24.0,9.0,17.379385,16.985891,18.053411,18.451672,18.136127,18.177752,16.77593,16.124392,20.328438,22.828846,16.298786,16.093534,17.591738,16.982283,17.379215,17.155535,18.506193,18.867113,0.0,4.0,0.0,4.0,0.0,0.0,0.0,4.0
47147,2023.0,11.0,24.0,9.0,17.073196,16.614393,16.673796,16.537573,17.299816,16.740425,16.938051,16.60752,20.05793,22.05364,16.009296,15.775585,17.75905,17.455296,17.273643,17.051226,20.314632,22.502407,0.0,0.0,0.0,0.0,0.0,0.0,0.0,0.0
47148,2023.0,11.0,24.0,10.0,17.997114,18.508959,16.360645,16.132957,17.554451,17.4732,17.683159,18.030941,17.798275,17.533047,16.239943,16.341177,17.793226,17.529804,17.179804,16.958973,17.967442,17.71838,0.0,4.0,4.0,0.0,4.0,0.0,0.0,0.0
47149,2023.0,11.0,24.0,10.0,17.34036,17.095211,16.228203,15.976568,17.67075,17.66882,17.901808,18.336805,16.887476,16.290615,20.265688,23.282343,17.73825,17.476288,17.104021,16.88135,17.100101,16.547422,0.0,4.0,4.0,0.0,4.0,0.0,0.0,0.0
47150,2023.0,11.0,24.0,10.0,16.841656,16.405714,16.115908,15.857452,17.647303,17.643064,17.5695,17.628487,16.78668,16.484829,20.037943,22.37778,17.66988,17.40574,17.023096,16.798077,17.010593,16.739477,0.0,4.0,4.0,0.0,0.0,0.0,0.0,0.0
47151,2023.0,11.0,24.0,10.0,16.691904,16.242697,16.025951,15.766003,16.977257,16.419476,17.43181,17.457367,16.647293,16.386404,17.866632,17.876232,17.607561,17.344055,16.951214,16.727238,17.79455,18.369593,0.0,0.0,4.0,0.0,4.0,0.0,0.0,4.0
47152,2023.0,11.0,24.0,10.0,17.674253,18.199772,16.420208,16.551697,16.666359,15.994981,17.393064,17.410269,17.232294,17.631657,20.367212,22.43312,17.553787,17.287996,16.890055,16.66406,21.331448,24.357164,4.0,0.0,4.0,4.0,0.0,0.0,0.0,0.0
47153,2023.0,11.0,24.0,10.0,17.103926,16.83144,20.311926,23.258991,16.504604,15.838345,17.362959,17.375977,20.334137,22.98142,17.932022,17.646843,17.49724,17.23025,17.826212,18.479446,18.494474,18.370995,4.0,0.0,4.0,0.0,0.0,0.0,4.0,0.0
47154,2023.0,11.0,24.0,11.0,17.353405,17.553854,20.028742,22.239017,16.696714,16.351637,16.683786,16.132267,17.705877,17.504631,16.893105,16.563307,18.191652,18.587444,16.999447,16.573421,16.943003,16.42199,4.0,0.0,0.0,0.0,0.0,4.0,0.0,0.0
47155,2023.0,11.0,24.0,11.0,17.543013,17.79019,20.084515,22.05051,17.494576,17.853907,17.007029,16.96556,16.37629,15.809932,16.680143,16.370262,17.74862,17.530113,16.505224,15.992143,16.811544,16.532827,4.0,4.0,4.0,0.0,0.0,0.0,0.0,0.0
47156,2023.0,11.0,24.0,11.0,16.899,16.574139,20.091928,21.876614,17.773514,18.1918,16.515177,15.9534855,17.097889,17.48975,16.474562,16.17214,17.929705,18.017092,16.365425,15.84929,16.707586,16.462263,0.0,4.0,0.0,4.0,0.0,4.0,0.0,0.0
47157,2023.0,11.0,24.0,11.0,16.537727,16.102846,18.306087,18.286097,16.896564,16.47077,16.1781,15.537703,20.308372,22.886341,16.304737,16.012247,18.065973,18.1637,16.521896,16.262201,16.558619,16.322392,4.0,0.0,0.0,4.0,0.0,4.0,0.0,0.0
47158,2023.0,11.0,24.0,11.0,17.140747,17.336765,20.249416,22.241398,17.037289,16.99516,16.733109,16.685251,20.054365,22.086927,16.152706,15.861477,17.4067,16.891567,16.568113,16.336193,16.420107,16.187778,4.0,4.0,4.0,0.0,0.0,0.0,0.0,0.0
47159,2023.0,11.0,24.0,11.0,17.373842,17.619305,20.055967,21.677862,17.192661,17.208641,16.311125,15.775719,17.759666,17.461742,16.426332,16.495243,17.042961,16.44111,17.542528,18.200998,17.234182,17.832842,0.0,4.0,0.0,0.0,4.0,0.0,4.0,4.0
47160,2023.0,11.0,24.0,12.0,17.40863,17.661156,18.04029,17.697914,17.19491,17.21304,15.979844,15.351663,16.590786,16.007633,20.466526,23.249685,16.911427,16.30176,16.733969,16.312151,21.25579,24.575888,0.0,4.0,0.0,0.0,4.0,0.0,0.0,0.0
47161,2023.0,11.0,24.0,12.0,21.362038,24.518942,17.662798,17.71011,21.212286,24.30423,21.218657,24.679096,16.520777,16.211578,20.0196,22.196865,21.587881,24.446342,21.97289,25.551102,18.120745,17.945465,4.0,0.0,0.0,0.0,0.0,0.0,0.0,0.0
47162,2023.0,11.0,24.0,12.0,21.041477,23.491945,20.240747,22.34714,21.019846,23.409761,20.987616,23.652855,16.44093,16.167278,18.025547,18.107183,21.703064,24.313545,20.941244,23.303205,16.573141,16.025116,4.0,4.0,4.0,0.0,0.0,0.0,0.0,0.0
47163,2023.0,11.0,24.0,12.0,21.073753,23.255976,20.042051,21.697985,21.106537,23.283644,21.09318,23.53781,16.296038,16.03119,16.884094,16.595306,20.973864,22.703516,21.055538,23.222336,16.519583,16.249645,4.0,0.0,0.0,0.0,0.0,0.0,4.0,0.0
47164,2023.0,11.0,24.0,12.0,21.06884,23.060528,20.091488,21.655474,21.091656,23.039371,21.099358,23.277395,16.969028,17.421679,16.565979,16.252157,21.044798,22.663866,22.263218,24.951578,16.458696,16.215029,0.0,0.0,0.0,4.0,0.0,4.0,4.0,0.0
47165,2023.0,11.0,24.0,12.0,21.06717,22.926802,18.435986,18.354633,21.068964,22.887053,21.072308,23.018496,20.33911,23.153791,16.380615,16.074873,21.055902,22.533155,21.049795,22.760046,16.33608,16.099436,4.0,0.0,4.0,0.0,0.0,4.0,0.0,0.0
47166,2023.0,11.0,24.0,13.0,21.16015,23.03558,20.243004,22.051374,21.07026,22.808535,21.075146,22.897308,17.591345,17.365788,16.225191,15.923634,21.125925,22.580805,21.089483,22.741673,16.22805,15.997313,4.0,0.0,4.0,0.0,0.0,0.0,0.0,0.0
47167,2023.0,11.0,24.0,13.0,21.081434,22.7998,20.029003,21.472277,21.06714,22.74149,21.071022,22.799368,16.239132,15.6582155,16.089184,15.792278,21.072588,22.383278,21.080336,22.647995,16.132994,15.90635,4.0,0.0,4.0,0.0,0.0,0.0,0.0,0.0
47168,2023.0,11.0,24.0,13.0,21.081064,22.738184,20.088383,21.505213,21.039766,22.620516,21.068901,22.72824,16.255743,15.990222,15.976018,15.685949,21.07135,22.310556,21.061438,22.586582,16.051023,15.82949,0.0,4.0,4.0,0.0,0.0,0.0,0.0,0.0
47169,2023.0,11.0,24.0,13.0,21.062521,22.694733,18.211222,17.843233,21.069763,22.605116,21.095505,22.748491,16.203314,15.951677,15.885499,15.60934,21.053806,22.258905,21.065975,22.571785,15.981511,15.76806,0.0,4.0,0.0,0.0,0.0,0.0,0.0,0.0
47170,2023.0,11.0,24.0,13.0,21.038397,22.616257,17.885643,17.932714,21.06451,22.542137,21.088724,22.68816,16.092463,15.848877,15.797447,15.527564,21.05489,22.243769,21.064478,22.547932,16.944378,17.654558,4.0,4.0,0.0,0.0,0.0,0.0,0.0,4.0
47171,2023.0,11.0,24.0,13.0,21.162214,22.839493,20.219936,22.170954,21.157179,22.68717,21.152992,22.758348,15.990578,15.753384,15.715639,15.450658,21.127306,22.372732,21.186493,22.773577,20.29726,23.202581,0.0,4.0,4.0,0.0,0.0,0.0,0.0,0.0
47172,2023.0,11.0,24.0,14.0,21.053469,22.564611,18.829502,19.235619,21.06295,22.464174,21.092125,22.626045,15.899923,15.668622,15.642469,15.384015,21.0241,22.132128,21.063395,22.508074,17.506104,17.299507,4.0,4.0,0.0,0.0,0.0,4.0,0.0,0.0
47173,2023.0,11.0,24.0,14.0,19.64625,19.846346,20.26144,22.099016,19.117428,18.741606,19.04749,18.682892,16.58839,17.04085,15.573523,15.318131,19.892782,19.923748,19.418484,19.331802,16.233204,15.746621,0.0,0.0,0.0,4.0,0.0,4.0,0.0,0.0
47174,2023.0,11.0,24.0,14.0,18.977125,19.090595,18.491308,18.46414,17.961527,17.244875,18.220266,17.90007,20.443888,23.460506,15.5104265,15.2593155,19.434616,19.430384,18.54054,18.276943,16.195915,15.940841,4.0,0.0,0.0,0.0,0.0,4.0,0.0,0.0
47175,2023.0,11.0,24.0,14.0,18.752537,18.871468,20.242666,22.079493,18.178545,17.986938,17.957079,17.659678,17.495453,17.340075,15.447988,15.198667,18.62643,18.05119,18.187738,17.911045,16.152205,15.933414,4.0,4.0,0.0,0.0,0.0,0.0,0.0,0.0
47176,2023.0,11.0,24.0,14.0,17.904095,17.437922,20.053629,21.543499,18.221128,18.10952,18.397392,18.708166,16.079702,15.543226,15.386131,15.13565,18.105139,17.422188,18.980606,19.637943,16.0466,15.834198,0.0,4.0,4.0,0.0,0.0,0.0,4.0,0.0
47177,2023.0,11.0,24.0,14.0,18.138477,18.216043,18.152954,17.802607,17.473896,16.831175,18.51409,18.894802,16.030636,15.7448845,15.329941,15.081261,18.608555,18.599632,17.942247,17.462608,15.9455805,15.737705,0.0,0.0,4.0,0.0,0.0,4.0,0.0,0.0
47178,2023.0,11.0,24.0,15.0,18.198725,18.348595,17.590656,17.168451,17.72469,17.51528,17.51214,17.030354,15.99665,15.756202,15.281649,15.032308,17.988483,17.37205,18.450012,18.750101,15.861009,15.648835,0.0,4.0,0.0,0.0,0.0,0.0,4.0,0.0
47179,2023.0,11.0,24.0,15.0,18.133232,18.285494,17.85525,17.903845,17.166683,16.517694,16.982328,16.285034,15.90147,15.66911,15.232434,14.98305,18.436214,18.449524,17.595083,17.078571,15.781875,15.569634,4.0,0.0,0.0,0.0,0.0,4.0,0.0,0.0
47180,2023.0,11.0,24.0,15.0,18.069115,18.223597,20.21981,22.209555,17.465206,17.264389,17.36275,17.18803,15.808281,15.580104,15.181385,14.931009,17.814754,17.210154,17.181202,16.591677,15.707814,15.495831,0.0,4.0,4.0,0.0,0.0,0.0,0.0,0.0
47181,2023.0,11.0,24.0,15.0,17.326542,16.903952,18.823444,19.239592,16.980814,16.340593,17.511427,17.455784,15.705709,15.478159,15.12705,14.877806,17.422987,16.770517,16.950165,16.369501,15.628718,15.417484,4.0,0.0,4.0,0.0,0.0,0.0,0.0,0.0
47182,2023.0,11.0,24.0,15.0,16.982225,16.457712,20.199436,21.898695,17.292353,17.100166,17.469627,17.426622,15.6221075,15.392739,15.079108,14.827965,17.282682,16.628216,17.065151,16.771942,15.561958,15.349808,4.0,4.0,4.0,0.0,0.0,0.0,0.0,0.0
47183,2023.0,11.0,24.0,15.0,17.53638,17.667433,20.048433,21.46252,17.468636,17.394634,17.398739,17.357706,16.273258,16.695671,15.42074,15.512396,17.48434,17.168018,17.052937,16.806118,15.489465,15.276603,4.0,4.0,4.0,4.0,4.0,0.0,0.0,0.0
47184,2023.0,11.0,24.0,16.0,17.694386,17.872103,20.504255,21.916199,17.441063,17.376558,17.33313,17.295414,20.632881,23.725107,20.074652,23.086811,17.511774,17.222902,16.94906,16.705923,15.421525,15.209785,4.0,4.0,4.0,0.0,0.0,0.0,0.0,0.0
47185,2023.0,11.0,24.0,16.0,17.677355,17.855957,20.021196,21.17455,17.387718,17.321281,17.269644,17.228647,17.704844,17.633318,17.917387,18.495659,17.44608,17.15888,16.838354,16.59435,15.353625,15.140373,4.0,4.0,4.0,0.0,4.0,0.0,0.0,0.0
47186,2023.0,11.0,24.0,16.0,17.6426,17.81613,20.07172,21.243322,17.333405,17.263893,17.208967,17.16413,16.663425,16.710752,20.280111,23.177132,18.12759,18.50794,16.733665,16.48819,15.287436,15.072081,4.0,4.0,4.0,4.0,0.0,4.0,0.0,0.0
47187,2023.0,11.0,24.0,16.0,16.912516,16.478289,20.064568,21.202997,17.280874,17.207743,16.499342,15.8857355,20.4709,23.213745,17.88727,18.102716,18.054178,18.11061,16.635754,16.388733,15.223723,15.006632,4.0,4.0,0.0,0.0,0.0,4.0,0.0,0.0
47188,2023.0,11.0,24.0,16.0,17.25671,17.36337,20.065262,21.182217,17.229975,17.152918,16.780352,16.65703,18.065512,18.264229,16.449272,16.185244,17.276125,16.7067,16.544138,16.295565,15.161771,14.942787,4.0,4.0,4.0,4.0,0.0,0.0,0.0,0.0
47189,2023.0,11.0,24.0,16.0,17.438498,17.600615,20.065231,21.164507,17.179983,17.099014,16.94714,16.893059,20.440735,22.870554,16.093086,15.802338,16.890415,16.239365,16.45803,16.207924,15.101831,14.880927,4.0,4.0,4.0,0.0,0.0,0.0,0.0,0.0
47190,2023.0,11.0,24.0,17.0,17.42718,17.583748,20.06515,21.149982,17.130768,17.04585,16.262566,15.637473,17.687471,17.381672,15.873595,15.5831785,17.527655,17.573402,16.376745,16.125122,15.043957,14.8211565,4.0,4.0,0.0,0.0,0.0,4.0,0.0,0.0
47191,2023.0,11.0,24.0,17.0,17.399132,17.544472,20.083353,21.188564,17.079132,16.986437,16.529476,16.374622,16.28651,15.639271,15.693248,15.404044,17.017344,16.41862,16.296816,16.041065,14.998794,14.787627,0.0,4.0,4.0,0.0,0.0,0.0,0.0,0.0
47192,2023.0,11.0,24.0,17.0,17.361275,17.493553,18.311792,17.79025,17.028488,16.929272,16.713642,16.638523,16.961136,17.291786,15.5374565,15.247154,16.663046,16.003633,16.221685,15.963832,15.00557,14.83385,0.0,4.0,4.0,4.0,0.0,0.0,0.0,0.0
47193,2023.0,11.0,24.0,17.0,17.322384,17.443104,18.054092,17.99389,16.977156,16.870508,16.71087,16.637178,20.362719,23.013199,15.751433,15.766391,17.312258,17.346432,16.148249,15.887242,15.005477,14.8604355,4.0,4.0,4.0,4.0,4.0,4.0,0.0,0.0
47194,2023.0,11.0,24.0,17.0,16.590952,16.099237,20.226818,21.956203,16.92645,16.811985,16.677406,16.595383,20.735708,23.167004,20.310663,23.34137,16.816467,16.210407,16.077335,15.813357,15.250375,14.986294,0.0,4.0,4.0,0.0,0.0,0.0,0.0,0.0
47195,2023.0,11.0,24.0,17.0,16.941391,16.991987,18.931196,19.244844,16.876139,16.7538,15.980964,15.318391,18.61364,18.728226,17.734467,18.017124,16.458214,15.783528,16.008211,15.740983,14.992643,14.795506,4.0,4.0,0.0,4.0,0.0,0.0,0.0,0.0
47196,2023.0,11.0,24.0,18.0,16.415354,15.902122,20.240702,21.853392,16.825804,16.695524,15.597989,14.838673,20.396202,22.457268,16.131159,15.837736,16.317345,15.626746,15.940705,15.670281,15.010252,14.869358,4.0,4.0,0.0,0.0,0.0,0.0,0.0,0.0
47197,2023.0,11.0,24.0,18.0,21.292444,24.643993,20.044504,21.324821,21.253532,24.510876,21.38791,24.775106,17.770958,17.313894,15.768042,15.441156,21.103935,23.971514,21.67713,25.431269,15.00744,14.897322,4.0,4.0,4.0,0.0,0.0,0.0,0.0,0.0
47198,2023.0,11.0,24.0,18.0,21.035643,23.642452,20.091166,21.343246,21.027924,23.552782,21.010874,23.739393,16.41464,15.663278,15.561423,15.2329035,21.333075,24.073221,21.852392,25.237022,15.008563,14.9245405,0.0,4.0,4.0,0.0,0.0,0.0,0.0,0.0
47199,2023.0,11.0,24.0,18.0,21.108736,23.453259,18.483109,18.181896,21.094198,23.348192,21.102325,23.547577,16.366245,15.993938,15.400556,15.077807,21.700602,24.32178,22.492758,25.883142,15.008721,14.942365,4.0,4.0,4.0,0.0,0.0,0.0,0.0,0.0
47200,2023.0,11.0,24.0,18.0,21.07271,23.140785,20.241957,21.796284,21.083677,23.102987,21.088715,23.27384,16.278168,15.957849,15.253516,14.9273815,20.987814,22.77515,20.88874,22.755482,15.008791,14.955262,4.0,4.0,4.0,0.0,0.0,0.0,0.0,0.0
47201,2023.0,11.0,24.0,18.0,21.076868,23.001215,20.05857,21.317936,21.082659,22.943903,21.11169,23.166515,16.0874,15.777226,15.12266,14.79595,21.0805,22.823097,22.483496,25.480549,15.009102,14.966316,0.0,4.0,0.0,0.0,0.0,0.0,0.0,0.0
47202,2023.0,11.0,24.0,19.0,21.074863,22.893324,18.432072,18.112923,21.080645,22.825918,21.081005,22.957754,16.712416,17.116892,15.010754,14.686603,21.06825,22.693693,20.891409,22.425125,15.00951,14.976282,4.0,4.0,4.0,4.0,0.0,0.0,0.0,0.0
47203,2023.0,11.0,24.0,19.0,21.161297,23.008057,20.247225,21.849566,21.162617,22.923748,21.15833,23.021564,20.388195,23.353119,15.299602,15.316635,21.127245,22.714737,21.216124,23.073206,15.0098505,14.985585,0.0,0.0,4.0,0.0,4.0,4.0,0.0,0.0
47204,2023.0,11.0,24.0,19.0,21.554195,23.3891,18.419752,18.114237,21.470081,23.103317,21.518333,23.386557,17.292425,16.912434,20.272131,23.515749,21.489141,23.119003,21.584923,23.381348,15.646174,15.872588,4.0,4.0,0.0,0.0,0.0,0.0,0.0,0.0
47205,2023.0,11.0,24.0,19.0,21.00137,22.44639,20.248146,21.896618,21.153929,22.734024,21.026762,22.521473,15.798142,15.077898,17.531881,17.812065,20.980803,22.17263,21.162598,22.87672,15.20033,14.985318,4.0,0.0,4.0,0.0,0.0,0.0,0.0,0.0
47206,2023.0,11.0,24.0,19.0,21.062279,22.597301,20.055609,21.365236,21.095823,22.585377,21.124954,22.725025,15.830518,15.490981,15.838203,15.530954,21.099962,22.37757,21.077774,22.70707,15.809299,16.416367,0.0,0.0,0.0,0.0,0.0,0.0,0.0,4.0
47207,2023.0,11.0,24.0,19.0,21.069708,22.596174,18.077822,17.489769,21.067833,22.555605,21.09551,22.64943,15.795188,15.486236,15.495717,15.162233,21.029215,22.233631,21.074177,22.699093,20.347033,23.987062,0.0,0.0,0.0,0.0,0.0,4.0,0.0,4.0
47208,2023.0,11.0,24.0,20.0,21.095032,22.65233,17.350143,16.866817,21.045847,22.503338,21.046438,22.564352,15.649598,15.34276,15.682688,15.675715,21.091227,22.341175,21.074055,22.69438,20.053453,22.929619,0.0,4.0,4.0,0.0,4.0,0.0,0.0,0.0
47209,2023.0,11.0,24.0,20.0,21.0628,22.549166,17.62138,17.56441,21.102125,22.591661,21.104107,22.664612,16.257162,16.601576,20.3293,23.40809,21.052588,22.212582,21.070278,22.680214,17.586678,17.781887,4.0,0.0,0.0,4.0,4.0,4.0,0.0,4.0
47210,2023.0,11.0,24.0,20.0,22.468857,24.969822,21.025553,23.621616,21.993338,23.975176,22.12388,24.304108,21.798517,25.777035,20.052027,22.597332,21.899227,23.696072,21.98242,24.305258,21.792934,25.491549,4.0,4.0,0.0,4.0,0.0,0.0,0.0,4.0
47211,2023.0,11.0,24.0,20.0,20.911919,22.0642,20.03049,21.496061,21.051775,22.348127,20.92735,22.16492,19.886385,22.000053,17.143919,16.677298,20.983252,21.954294,20.92751,22.224253,19.883295,21.844496,4.0,4.0,0.0,0.0,0.0,0.0,4.0,4.0
47212,2023.0,11.0,24.0,20.0,21.1169,22.525497,20.080385,21.438332,21.099566,22.462599,21.070047,22.486214,17.258307,16.745787,16.019703,15.609894,21.091402,22.17645,21.12022,22.630236,20.13872,22.232931,4.0,0.0,4.0,0.0,0.0,0.0,0.0,0.0
47213,2023.0,11.0,24.0,20.0,21.083511,22.472544,20.091108,21.373436,21.091225,22.436996,21.048666,22.482553,16.713243,16.614147,16.259,16.253187,21.055882,22.14994,21.049831,22.453619,17.461819,16.965425,0.0,0.0,4.0,4.0,4.0,0.0,4.0,0.0
47214,2023.0,11.0,24.0,21.0,21.036161,22.4117,18.367626,17.979807,21.091932,22.426914,21.103804,22.581995,21.614,24.804502,20.425941,23.284122,21.030188,22.106085,21.060675,22.47167,16.120743,15.386226,4.0,0.0,0.0,4.0,0.0,4.0,4.0,0.0
47215,2023.0,11.0,24.0,21.0,21.168158,22.66092,20.248371,21.833656,21.168192,22.621752,21.162264,22.671253,19.882885,21.55252,17.780064,17.904844,21.134918,22.30986,21.191416,22.756742,16.653898,16.799967,4.0,0.0,0.0,4.0,0.0,0.0,0.0,4.0
47216,2023.0,11.0,24.0,21.0,21.064383,22.44177,20.0585,21.325962,21.067837,22.442629,21.09473,22.510258,20.137775,21.93599,16.237314,15.87789,21.05026,22.097044,21.051626,22.43436,20.48389,23.267677,0.0,0.0,0.0,0.0,0.0,4.0,4.0,4.0
47217,2023.0,11.0,24.0,21.0,21.091612,22.508389,18.37902,18.009575,21.067728,22.457764,21.042116,22.420238,17.671574,17.084133,15.867554,15.498644,21.055803,22.096298,21.09905,22.551018,20.028934,22.212273,4.0,0.0,4.0,0.0,0.0,4.0,0.0,4.0
47218,2023.0,11.0,24.0,21.0,21.15936,22.611658,20.250341,21.854095,21.197243,22.706383,21.173111,22.726412,16.368317,15.53512,15.625875,15.255591,21.131393,22.23816,21.183737,22.707092,20.116014,22.21488,0.0,4.0,0.0,0.0,0.0,4.0,0.0,0.0
47219,2023.0,11.0,24.0,21.0,21.065119,22.415773,18.094028,17.506336,21.072502,22.482689,21.096771,22.528017,16.347292,15.937789,15.431101,15.072608,21.084562,22.151274,21.09065,22.504221,18.134773,18.219505,0.0,0.0,0.0,0.0,0.0,0.0,0.0,4.0
47220,2023.0,11.0,24.0,22.0,21.064886,22.414139,17.255976,16.734587,21.094702,22.474737,21.094122,22.493088,16.259644,15.907786,15.623919,15.580697,21.049782,22.046934,21.068098,22.492376,20.424726,22.706387,0.0,0.0,0.0,0.0,4.0,4.0,0.0,0.0
47221,2023.0,11.0,24.0,22.0,21.089306,22.480577,17.536915,17.448252,21.088943,22.426168,21.063292,22.462574,16.691109,16.913671,20.435114,23.624428,21.08326,22.12498,21.06715,22.509714,17.53428,17.012459,4.0,0.0,0.0,4.0,4.0,0.0,0.0,0.0
47222,2023.0,11.0,24.0,22.0,21.163212,22.619284,20.249512,22.322943,21.198683,22.654434,21.196331,22.727083,21.555166,25.0289,20.008135,22.559631,21.128326,22.200954,21.191309,22.771852,16.912996,16.837494,0.0,4.0,4.0,0.0,4.0,0.0,0.0,4.0
47223,2023.0,11.0,24.0,22.0,21.714666,23.562954,18.349829,18.342203,21.440323,23.177244,21.610537,23.280386,18.383657,18.5188,20.133465,22.445114,21.569027,22.787886,21.825676,23.644188,21.12197,24.08459,0.0,0.0,4.0,0.0,0.0,4.0,4.0,0.0
47224,2023.0,11.0,24.0,22.0,21.065125,22.459558,17.193352,16.78105,21.099222,22.439764,20.923744,22.019714,16.688581,16.362532,17.33138,16.806091,21.065836,22.008253,20.87936,21.900349,17.783613,17.367306,0.0,0.0,0.0,0.0,0.0,0.0,4.0,0.0
47225,2023.0,11.0,24.0,22.0,21.062946,22.477253,16.863497,16.387772,21.089113,22.38756,21.119234,22.426195,16.951794,17.18978,16.563427,16.408903,21.079632,22.0397,21.1309,22.468267,16.56234,16.2305,0.0,0.0,0.0,4.0,4.0,0.0,0.0,0.0
47226,2023.0,11.0,24.0,23.0,21.205524,22.757288,16.673824,16.199944,21.169418,22.579477,21.162613,22.517315,21.67383,25.03215,20.39959,22.943367,21.132929,22.194565,21.201077,22.601513,16.285732,15.962549,0.0,0.0,0.0,4.0,4.0,0.0,4.0,0.0
47227,2023.0,11.0,24.0,23.0,19.504318,19.51899,16.515457,16.038618,19.495571,19.378551,19.504519,19.382206,18.19372,17.904236,17.945026,18.03777,20.294096,20.58095,19.69588,19.71797,16.038227,15.731412,0.0,0.0,0.0,0.0,0.0,4.0,4.0,0.0
47228,2023.0,11.0,24.0,23.0,18.246626,17.44621,16.400124,15.917168,18.68051,18.208448,18.68363,18.223642,16.681301,15.801842,16.79138,16.369967,19.549038,19.295103,18.364681,17.565119,16.620428,16.992603,0.0,0.0,0.0,0.0,0.0,4.0,0.0,4.0
47229,2023.0,11.0,24.0,23.0,17.74808,16.872986,16.292402,15.809234,18.318222,17.817957,18.305756,17.821829,16.23149,15.353229,16.430565,15.999414,18.54395,17.643656,17.768927,16.906813,15.959239,15.658388,0.0,0.0,0.0,0.0,0.0,0.0,0.0,0.0
47230,2023.0,11.0,24.0,23.0,17.911959,17.513906,16.191046,15.706934,18.04921,17.546463,18.020723,17.534948,16.32193,15.887101,16.149082,15.72243,18.074436,17.107445,17.406315,16.55421,15.279435,14.590938,0.0,0.0,0.0,0.0,0.0,0.0,0.0,0.0
47231,2023.0,11.0,24.0,23.0,18.599758,18.960829,16.097977,15.61695,17.827887,17.333128,17.785965,17.308739,16.220366,15.847395,15.920143,15.506964,17.805773,16.855007,17.116766,16.285837,14.991795,14.311008,0.0,0.0,0.0,0.0,0.0,0.0,0.0,0.0
47232,2023.0,11.0,25.0,0.0,17.572697,16.903032,15.99828,15.521717,17.601538,17.11759,17.54573,17.079935,16.026281,15.672468,15.688243,15.291515,17.992418,17.504156,17.224445,16.808485,15.135671,14.795383,0.0,0.0,0.0,0.0,0.0,0.0,0.0,0.0
47233,2023.0,11.0,25.0,0.0,17.035898,16.180975,15.90757,15.424105,17.414383,16.91655,17.347658,16.866829,15.853376,15.49448,15.493673,15.086704,17.978245,17.554943,17.169569,16.812634,15.106615,14.796203,0.0,0.0,0.0,0.0,0.0,0.0,0.0,0.0
47234,2023.0,11.0,25.0,0.0,17.269913,16.890574,15.836391,15.364301,17.269663,16.792112,17.19436,16.734808,15.70778,15.359735,15.343637,14.960219,17.860079,17.446142,17.02282,16.669846,15.735139,16.068468,0.0,0.0,0.0,0.0,0.0,0.0,0.0,4.0
47235,2023.0,11.0,25.0,0.0,17.27191,16.993866,15.763359,15.295853,17.12965,16.659527,17.046164,16.594244,15.568772,15.223816,15.19295,14.809612,17.743532,17.332571,16.880447,16.530499,15.173763,14.880594,0.0,0.0,0.0,0.0,0.0,0.0,0.0,0.0
47236,2023.0,11.0,25.0,0.0,17.174732,16.90965,15.691655,15.227003,16.997555,16.531647,16.906633,16.458822,16.018606,16.183842,15.052695,14.669849,17.631062,17.220825,16.743559,16.394176,15.019518,14.749034,0.0,0.0,0.0,4.0,0.0,0.0,0.0,0.0
47237,2023.0,11.0,25.0,0.0,17.050373,16.784279,15.610501,15.144279,16.851898,16.38359,16.752722,16.30212,16.200325,16.414885,15.007621,14.720747,17.509302,17.096876,16.5962,16.244965,15.037952,14.854817,0.0,0.0,0.0,4.0,0.0,0.0,0.0,0.0
47238,2023.0,11.0,25.0,1.0,16.946127,16.691872,15.544351,15.087632,16.735125,16.281803,16.629435,16.194378,15.78306,15.575709,15.013793,14.802931,17.406345,17.001434,16.469608,16.126509,15.005838,14.853198,0.0,0.0,0.0,4.0,0.0,0.0,0.0,0.0
47239,2023.0,11.0,25.0,1.0,16.844025,16.595121,15.476986,15.024231,17.347998,17.536827,17.2389,17.448513,14.9586,14.357333,15.014181,14.862281,17.30854,16.906487,16.349888,16.010395,15.0128355,14.918925,0.0,4.0,4.0,0.0,0.0,0.0,0.0,0.0
47240,2023.0,11.0,25.0,1.0,16.745855,16.49992,15.410965,14.960316,16.891026,16.551014,16.81263,16.52534,15.036964,14.619014,15.015019,14.908715,17.216805,16.815582,16.23756,15.899175,15.012955,14.95913,0.0,0.0,0.0,0.0,0.0,0.0,0.0,0.0
47241,2023.0,11.0,25.0,1.0,16.649364,16.401958,15.348648,14.900762,16.056787,15.130985,15.9535475,15.058013,15.019986,14.660308,15.015614,14.945334,17.132874,16.733452,16.134384,15.798212,15.013321,14.992413,0.0,0.0,0.0,0.0,0.0,0.0,0.0,0.0
47242,2023.0,11.0,25.0,1.0,16.56487,16.324474,15.789663,15.781057,15.700029,14.730979,15.580181,14.634599,15.007063,14.722187,15.0164,14.975728,17.052778,16.65353,16.03563,15.699722,15.014669,15.022265,4.0,0.0,0.0,0.0,0.0,0.0,0.0,0.0
47243,2023.0,11.0,25.0,1.0,16.494965,16.26586,15.490485,15.120675,15.986718,15.471328,15.860061,15.364394,15.010613,14.792551,15.016932,15.000663,16.978197,16.580019,15.943355,15.608853,15.014866,15.046296,0.0,0.0,0.0,0.0,0.0,0.0,0.0,0.0
47244,2023.0,11.0,25.0,2.0,16.416105,16.187368,15.26805,14.829808,16.089552,15.650201,15.958231,15.537192,15.01149,14.842755,15.000867,14.98198,16.907064,16.509401,15.855202,15.521417,15.402447,15.786961,0.0,0.0,0.0,0.0,4.0,0.0,0.0,4.0
47245,2023.0,11.0,25.0,2.0,16.336885,16.105175,15.178846,14.728847,16.039726,15.6071825,15.905871,15.490697,15.0164795,14.896992,15.03305,15.083519,16.836203,16.435867,15.7681,15.431767,15.566353,15.968775,0.0,0.0,0.0,0.0,0.0,0.0,0.0,4.0
47246,2023.0,11.0,25.0,2.0,16.26595,16.036764,15.118892,14.674118,15.976009,15.549706,15.841004,15.431473,15.352803,15.546492,15.014754,15.052832,16.772984,16.375257,15.689702,15.356627,14.959128,14.869649,0.0,0.0,0.0,4.0,0.0,0.0,0.0,0.0
47247,2023.0,11.0,25.0,2.0,16.191357,15.95854,15.0569105,14.61052,15.906181,15.480268,15.770132,15.360327,14.92783,14.753399,15.020205,15.077129,16.708286,16.3092,15.610415,15.276457,15.010748,14.992632,0.0,0.0,0.0,0.0,0.0,0.0,0.0,4.0
47248,2023.0,11.0,25.0,2.0,16.117811,15.880542,15.000601,14.555368,15.834038,15.405072,15.697153,15.283662,15.023429,14.98953,15.011027,15.060425,16.644264,16.24256,15.532321,15.196037,15.001417,15.000293,0.0,0.0,0.0,0.0,4.0,0.0,0.0,4.0
47249,2023.0,11.0,25.0,2.0,16.056253,15.824411,15.004523,14.608597,15.772826,15.350449,15.635409,15.227951,15.010138,14.9663725,15.00754,15.072685,17.382828,17.69225,15.462544,15.130058,15.00351,15.025469,0.0,0.0,0.0,0.0,4.0,4.0,0.0,4.0
47250,2023.0,11.0,25.0,3.0,15.990417,15.757399,15.0047245,14.642889,15.7078085,15.28578,15.569492,15.162,15.265234,15.45874,15.024619,15.12923,16.890362,16.530622,15.391006,15.058325,15.004342,15.0453615,0.0,0.0,0.0,4.0,0.0,0.0,0.0,4.0
47251,2023.0,11.0,25.0,3.0,15.9271345,15.693106,15.005651,14.6739,15.642426,15.219071,15.503464,15.094338,14.960789,14.887499,15.020832,15.131596,16.183004,15.352398,15.31991,14.98573,15.004862,15.06215,0.0,0.0,0.0,0.0,0.0,0.0,0.0,4.0
47252,2023.0,11.0,25.0,3.0,15.861469,15.622772,15.010194,14.711064,15.573849,15.145476,15.434817,15.020236,15.062376,15.092963,15.04123,15.180824,15.892781,15.0215845,15.248303,14.910729,15.065301,15.222296,0.0,0.0,0.0,0.0,0.0,0.0,0.0,0.0
47253,2023.0,11.0,25.0,3.0,15.803394,15.567253,15.006476,14.724224,15.514144,15.0891905,15.375449,14.963604,15.004787,14.996107,15.002626,15.100027,16.235193,15.842434,15.182677,14.846478,14.987761,15.044221,0.0,0.0,0.0,0.0,4.0,0.0,0.0,4.0
47254,2023.0,11.0,25.0,3.0,15.751267,15.522532,15.008288,14.749166,15.450428,15.023629,15.312244,14.897988,15.22962,15.435215,15.012411,15.134526,16.281658,15.874777,15.115408,14.777617,15.008975,15.096106,0.0,0.0,0.0,4.0,4.0,0.0,0.0,4.0
47255,2023.0,11.0,25.0,3.0,15.690655,15.456007,15.008541,14.7691965,15.388789,14.961344,15.2512,14.835619,14.978686,14.943256,15.0279875,15.184481,16.233898,15.825916,15.049957,14.711413,15.045155,15.1948185,0.0,0.0,0.0,0.0,0.0,0.0,0.0,0.0
47256,2023.0,11.0,25.0,4.0,15.627847,15.387834,15.016463,14.805333,15.325739,14.895361,15.189064,14.770219,15.019295,15.006109,15.046945,15.235338,16.183376,15.773812,15.001021,14.676166,15.011617,15.09903,0.0,0.0,0.0,4.0,0.0,0.0,0.0,4.0
47257,2023.0,11.0,25.0,4.0,15.574208,15.3376465,15.017335,14.822145,15.26854,14.840417,15.132755,14.715628,15.066216,15.125952,15.020861,15.165098,16.135286,15.727172,15.004899,14.7357235,15.070003,15.271901,0.0,0.0,0.0,0.0,4.0,0.0,0.0,0.0
47258,2023.0,11.0,25.0,4.0,15.526918,15.297423,15.018592,14.841235,15.21293,14.786913,15.078047,14.66252,15.06549,15.108072,15.048338,15.258404,16.087826,15.681126,15.007119,14.770478,15.071463,15.254961,0.0,0.0,0.0,0.0,0.0,0.0,0.0,0.0
47259,2023.0,11.0,25.0,4.0,15.471638,15.2389345,15.020003,14.859937,15.158276,14.734253,15.02421,14.610244,15.030963,15.082782,15.048712,15.255885,16.040678,15.635375,15.010094,14.804869,15.039816,15.230974,0.0,0.0,0.0,0.0,0.0,0.0,0.0,0.0
47260,2023.0,11.0,25.0,4.0,15.424321,15.197974,15.009818,14.8560915,15.10623,14.685883,15.001587,14.617179,15.0182705,15.095072,15.004823,15.168741,15.994453,15.591151,15.007344,14.8223505,15.2600975,15.653088,0.0,0.0,0.0,0.0,4.0,0.0,0.0,4.0
47261,2023.0,11.0,25.0,4.0,15.375681,15.151732,15.011675,14.87612,15.819928,16.073019,15.004372,14.660344,15.020646,15.125111,15.030637,15.245849,15.949568,15.5493555,15.008767,14.849008,15.008557,15.174773,0.0,4.0,0.0,0.0,0.0,0.0,0.0,0.0
47262,2023.0,11.0,25.0,5.0,15.322029,15.097396,15.011907,14.892325,15.428412,15.143222,15.0049515,14.694092,15.020825,15.147347,15.026019,15.247378,15.903461,15.504356,15.009079,14.871608,15.042943,15.251689,0.0,0.0,0.0,0.0,0.0,0.0,0.0,0.0
47263,2023.0,11.0,25.0,5.0,15.276467,15.057707,15.012627,14.908856,14.98544,14.479189,15.006367,14.72579,15.021802,15.167352,15.026762,15.257153,15.853342,15.451211,15.010315,14.894359,15.038161,15.247951,0.0,0.0,0.0,0.0,0.0,0.0,0.0,0.0
47264,2023.0,11.0,25.0,5.0,15.231465,15.015794,15.013198,14.924325,15.029981,14.601735,15.006726,14.7527685,15.022175,15.184658,15.027215,15.265677,15.802892,15.398502,15.011504,14.915472,15.231733,15.624038,0.0,0.0,0.0,0.0,0.0,0.0,0.0,4.0
47265,2023.0,11.0,25.0,5.0,15.181824,14.964814,15.014055,14.940176,15.002424,14.61222,15.008086,14.779572,15.023202,15.202033,15.011327,15.22925,15.75349,15.347894,15.012758,14.936677,15.005404,15.203751,0.0,0.0,0.0,0.0,4.0,0.0,0.0,0.0
47266,2023.0,11.0,25.0,5.0,15.129583,14.909608,15.028499,14.983429,15.006028,14.673215,15.0149,14.817731,15.061126,15.259635,15.028929,15.277349,15.704918,15.298885,15.021922,14.975239,15.078832,15.360812,0.0,0.0,0.0,4.0,4.0,0.0,0.0,0.0
47267,2023.0,11.0,25.0,5.0,15.078497,14.856664,15.02916,14.9929285,15.009129,14.717112,15.015688,14.838013,15.044935,15.264122,15.056211,15.354776,15.656019,15.248746,15.023057,14.989817,15.045718,15.316936,0.0,0.0,0.0,0.0,0.0,0.0,0.0,0.0
47268,2023.0,11.0,25.0,6.0,15.0277,14.804211,15.029842,15.006295,15.011813,14.755107,15.017297,14.86104,15.047204,15.285915,15.056108,15.350128,15.606819,15.198313,15.023939,15.007628,15.048358,15.359224,0.0,0.0,0.0,0.0,0.0,0.0,0.0,0.0
47269,2023.0,11.0,25.0,6.0,20.347631,24.12093,15.013999,14.98908,20.29466,23.976427,20.221422,23.937511,15.022167,15.249717,15.010328,15.257651,19.762716,22.27207,20.381895,24.042933,15.135547,15.509919,0.0,0.0,0.0,0.0,4.0,0.0,0.0,4.0
47270,2023.0,11.0,25.0,6.0,21.083166,24.774311,15.016555,15.007005,20.946356,24.524334,20.875364,24.497013,15.0255375,15.265995,19.597656,23.152071,21.082062,24.35309,21.162405,25.022785,19.840351,23.710587,0.0,0.0,0.0,0.0,4.0,4.0,4.0,0.0
47271,2023.0,11.0,25.0,6.0,21.11072,24.3743,15.016252,15.016037,21.142988,24.385294,21.154152,24.499239,15.351873,15.922682,20.072723,23.462015,20.82596,23.482054,21.40317,24.888151,16.022003,15.659339,0.0,0.0,0.0,0.0,0.0,0.0,4.0,0.0
47272,2023.0,11.0,25.0,6.0,21.110094,23.980442,15.016311,15.023742,21.101255,23.967133,21.10245,24.053997,15.024223,15.260223,17.003525,17.122387,20.500673,22.56416,21.360014,24.447893,15.073028,15.027251,0.0,0.0,0.0,0.0,0.0,0.0,0.0,0.0
47273,2023.0,11.0,25.0,6.0,21.128418,23.784124,15.016927,15.032924,21.103167,23.738716,21.106335,23.826347,14.999736,15.192218,15.619202,15.474235,21.270657,23.72188,22.32101,25.850872,15.017299,15.055936,0.0,0.0,0.0,4.0,4.0,4.0,4.0,0.0
47274,2023.0,11.0,25.0,7.0,21.394165,23.934347,15.559375,15.777346,21.486485,24.103771,21.456072,24.144749,19.597347,22.986675,20.187626,23.231976,20.873987,22.811481,21.84516,24.750778,15.589491,15.929042,0.0,0.0,0.0,0.0,4.0,0.0,0.0,0.0
47275,2023.0,11.0,25.0,7.0,21.01557,23.161192,14.987113,14.88662,20.977781,23.113354,20.970963,23.171415,16.57774,16.692616,20.02088,22.791721,21.01214,22.887348,21.0191,23.085642,15.602119,16.120972,0.0,0.0,4.0,0.0,4.0,0.0,4.0,4.0
47276,2023.0,11.0,25.0,7.0,21.592455,23.99152,15.607395,15.801718,21.701551,24.19243,21.592167,24.108763,15.349204,15.0337925,20.139431,22.68481,21.39531,23.434738,21.473213,23.804733,20.242672,24.115097,0.0,0.0,0.0,0.0,4.0,0.0,0.0,4.0
47277,2023.0,11.0,25.0,7.0,21.690613,24.14379,15.262403,15.300955,22.505133,25.545649,22.393248,25.45447,15.505701,15.800516,20.135397,22.451687,21.837965,24.111845,22.656666,25.779293,20.380161,23.787245,4.0,0.0,0.0,4.0,0.0,4.0,4.0,4.0
47278,2023.0,11.0,25.0,7.0,21.05291,22.933262,19.440771,22.586367,20.926535,22.595861,20.93286,22.728271,19.098133,21.762728,17.3133,16.853968,21.152096,22.73475,20.920555,22.565872,20.075457,22.851946,0.0,4.0,0.0,0.0,4.0,0.0,0.0,4.0
47279,2023.0,11.0,25.0,7.0,21.66234,23.77494,17.002913,17.228584,21.574099,23.69605,21.534096,23.729618,16.043976,15.52724,20.17515,22.491985,21.45141,23.090048,21.633919,23.729988,20.34557,23.04899,0.0,4.0,4.0,0.0,0.0,4.0,0.0,0.0
47280,2023.0,11.0,25.0,8.0,20.920258,22.510086,15.688354,15.668781,20.947174,22.507965,20.963037,22.6269,15.0502,14.727106,17.396732,17.015118,21.002064,22.321772,20.963102,22.58314,17.069311,16.520872,4.0,4.0,4.0,0.0,4.0,0.0,0.0,0.0
47281,2023.0,11.0,25.0,8.0,18.904757,18.732306,20.630507,24.347048,18.834665,18.511414,18.742804,18.412024,16.158094,15.652832,20.268574,22.742804,19.202345,18.872301,19.650301,20.151434,15.367433,14.528824,4.0,4.0,4.0,0.0,0.0,4.0,4.0,0.0
47282,2023.0,11.0,25.0,8.0,17.230833,16.349195,19.93774,22.533232,17.058033,15.94962,17.57351,17.024494,15.593741,15.8961315,18.003023,18.259094,17.721725,16.730335,18.487522,18.44468,15.75306,15.727951,4.0,0.0,4.0,4.0,4.0,0.0,4.0,4.0
47283,2023.0,11.0,25.0,8.0,17.198961,16.848518,20.140917,22.589,16.94098,16.312302,16.507595,15.400952,20.267056,23.860012,20.341454,22.97531,17.858511,17.51047,18.025284,18.035395,20.21098,23.323298,4.0,4.0,0.0,0.0,4.0,4.0,4.0,0.0
47284,2023.0,11.0,25.0,8.0,17.153948,16.896835,20.127895,22.340786,16.884464,16.335735,15.891408,14.75206,16.933361,16.93275,20.073654,22.223225,17.855389,17.576605,16.839655,16.07329,16.633375,16.155022,0.0,4.0,0.0,4.0,4.0,4.0,0.0,0.0
47285,2023.0,11.0,25.0,8.0,16.265547,15.424562,17.481222,17.07974,16.0176,14.928072,16.183071,15.616708,20.021027,22.922949,20.1363,22.176058,16.97765,16.086912,17.103441,17.14507,15.305154,14.460609,4.0,0.0,4.0,0.0,0.0,0.0,4.0,0.0
47286,2023.0,11.0,25.0,9.0,15.746742,14.850896,20.129072,22.50388,15.495058,14.369722,15.623291,14.5967,16.663824,16.196188,17.221136,16.464712,17.20931,16.931133,16.230312,15.4836645,15.093237,14.7031975,0.0,0.0,0.0,0.0,0.0,4.0,0.0,0.0
47287,2023.0,11.0,25.0,9.0,15.484617,14.61035,17.334064,16.803473,15.229767,14.13018,15.148426,14.075562,14.977954,14.286605,16.483196,16.251331,17.283373,17.046574,15.561696,14.7260275,15.005568,14.766176,0.0,0.0,0.0,0.0,4.0,4.0,0.0,0.0
47288,2023.0,11.0,25.0,9.0,16.445314,16.677677,16.045448,15.468249,15.465334,14.845611,15.350901,14.746254,16.428268,15.976334,20.433832,23.04211,16.4852,15.635318,15.231393,14.406326,16.067505,15.697905,0.0,0.0,0.0,0.0,0.0,0.0,0.0,0.0
47289,2023.0,11.0,25.0,9.0,15.662968,14.956333,15.782773,15.243182,16.213041,16.274508,15.422462,14.909656,15.890798,16.200048,17.80437,17.846409,16.815212,16.603884,14.995445,14.214861,14.968658,14.913026,0.0,4.0,0.0,4.0,0.0,4.0,0.0,0.0
47290,2023.0,11.0,25.0,9.0,15.1245,14.321758,15.527432,14.996149,15.8346405,15.460123,15.331428,14.848664,20.498549,24.054382,16.247574,15.843842,16.234833,15.421042,15.19342,14.805949,15.033124,15.128944,0.0,0.0,0.0,4.0,0.0,0.0,0.0,0.0
47291,2023.0,11.0,25.0,9.0,15.672481,15.52561,15.746807,15.61052,14.978467,14.104934,15.224031,14.753421,20.066153,22.965809,15.752338,15.301373,15.789136,14.889498,15.200507,14.8542185,15.022177,15.174679,4.0,0.0,0.0,0.0,0.0,0.0,0.0,0.0
47292,2023.0,11.0,25.0,10.0,15.135475,14.416959,19.944443,23.000658,15.601375,15.116283,15.124205,14.667459,16.738575,16.261753,15.832226,15.74572,15.610947,14.726696,15.095059,14.758099,15.024202,15.22733,0.0,0.0,0.0,0.0,4.0,0.0,0.0,0.0
47293,2023.0,11.0,25.0,10.0,16.146984,15.357673,17.507734,17.734997,15.369666,14.924952,15.036763,14.598463,15.576042,14.943499,20.373749,23.411055,15.929069,15.508582,15.399005,15.060767,15.829181,15.540161,0.0,0.0,0.0,0.0,0.0,0.0,0.0,0.0
47294,2023.0,11.0,25.0,10.0,15.454197,15.24136,16.252834,16.258104,15.268309,14.842234,15.002776,14.617687,15.771573,15.475769,17.598446,17.791124,16.799023,17.108725,15.1129,14.811601,15.013076,15.258948,4.0,0.0,0.0,0.0,0.0,4.0,0.0,0.0
47295,2023.0,11.0,25.0,10.0,16.147644,16.628714,20.165985,23.286901,15.174978,14.766888,15.658117,15.909457,15.261094,14.932403,15.915215,15.55468,15.946332,15.219084,15.337699,14.998174,15.025987,15.313153,0.0,0.0,4.0,0.0,0.0,0.0,0.0,0.0
47296,2023.0,11.0,25.0,10.0,15.346601,14.904734,17.673237,17.969843,15.090292,14.699523,15.964803,16.325258,14.998405,14.701163,15.496234,15.117061,15.492894,14.712635,15.059955,14.775891,15.024208,15.332364,0.0,0.0,4.0,0.0,0.0,0.0,0.0,0.0
47297,2023.0,11.0,25.0,10.0,15.010734,14.596714,16.453016,16.513817,15.011454,14.635776,15.536479,15.426405,15.022693,14.901085,15.239988,14.867278,15.384711,14.621041,15.006608,14.791574,15.0241165,15.349641,4.0,0.0,4.0,0.0,0.0,0.0,0.0,0.0
47298,2023.0,11.0,25.0,11.0,15.483553,15.548101,20.128218,23.142708,15.294168,14.901992,15.376676,15.25095,15.017829,14.994201,15.046813,14.694934,15.691238,15.329883,15.228217,14.924821,15.02433,15.364642,0.0,0.0,4.0,0.0,0.0,0.0,0.0,0.0
47299,2023.0,11.0,25.0,11.0,15.673298,15.813585,17.140667,16.865973,15.791997,16.11062,15.347406,15.238543,15.018524,15.068184,15.01253,14.783549,15.800939,15.479902,16.00403,16.678085,15.024126,15.376395,0.0,4.0,4.0,0.0,0.0,0.0,4.0,0.0
47300,2023.0,11.0,25.0,11.0,15.698121,15.856748,15.747731,15.253173,16.04912,16.448597,14.989206,14.671208,15.018944,15.121603,15.01508,14.88054,15.787712,15.476257,14.970829,14.651986,15.024134,15.386665,4.0,4.0,0.0,0.0,0.0,0.0,0.0,0.0
47301,2023.0,11.0,25.0,11.0,15.394701,15.084664,19.88056,22.316671,15.391607,15.014698,15.026618,14.804119,15.019123,15.160709,15.015261,14.947757,15.77016,15.46649,15.046646,14.891667,15.024101,15.395934,0.0,0.0,0.0,0.0,0.0,0.0,0.0,0.0
47302,2023.0,11.0,25.0,11.0,15.688977,15.423957,17.239855,17.006357,15.554082,15.111614,15.022374,14.837943,15.018898,15.189076,15.014981,14.995651,15.754242,15.458481,15.017247,14.884016,15.024119,15.404454,0.0,0.0,0.0,0.0,0.0,0.0,0.0,0.0
47303,2023.0,11.0,25.0,11.0,15.011894,14.625398,15.837681,15.454717,15.024238,14.613664,15.012017,14.886502,15.0344515,15.245096,15.025206,15.057601,15.737069,15.448441,15.012579,14.941312,15.046808,15.457371,0.0,0.0,0.0,0.0,0.0,0.0,0.0,0.0
47304,2023.0,11.0,25.0,12.0,15.122806,15.002819,15.60915,15.248313,15.003713,14.697611,15.009609,14.929213,15.016363,15.225923,15.013096,15.057492,15.720365,15.439355,15.01029,14.975772,15.019807,15.40986,0.0,0.0,0.0,0.0,0.0,0.0,0.0,0.0
47305,2023.0,11.0,25.0,12.0,20.24498,23.94297,15.410739,15.0741825,20.207348,23.803194,20.748476,24.910858,15.020493,15.251431,15.016586,15.088456,19.73161,22.219618,20.2931,23.863483,15.024941,15.428191,0.0,0.0,4.0,0.0,0.0,0.0,0.0,0.0
47306,2023.0,11.0,25.0,12.0,21.074165,24.83559,15.22777,14.898439,21.087358,24.80133,21.013142,24.764044,15.019793,15.26271,15.045329,15.147835,20.681688,23.683847,21.129087,25.003485,15.023526,15.429578,0.0,0.0,0.0,0.0,4.0,0.0,0.0,0.0
47307,2023.0,11.0,25.0,12.0,21.112175,24.419018,15.074071,14.754465,21.107786,24.384445,20.94819,24.178488,15.019299,15.268184,19.826693,23.035105,21.123247,24.06119,21.10558,24.491642,15.023045,15.42708,0.0,0.0,0.0,0.0,0.0,0.0,0.0,0.0
47308,2023.0,11.0,25.0,12.0,21.103407,24.082518,15.002517,14.740582,21.08067,24.010845,21.159082,24.217646,15.019471,15.271789,17.219933,17.618237,21.5136,24.417593,22.219225,26.107292,15.022997,15.422528,0.0,4.0,0.0,0.0,0.0,0.0,0.0,0.0
47309,2023.0,11.0,25.0,12.0,21.123808,23.920792,15.00933,14.836964,21.10432,23.870052,21.095001,23.894495,15.018889,15.2751,15.474771,15.252361,22.313839,25.526974,22.076576,25.419466,15.02234,15.416341,0.0,0.0,0.0,0.0,0.0,4.0,0.0,0.0
47310,2023.0,11.0,25.0,13.0,21.112429,23.736336,15.010155,14.904004,21.119165,23.696915,21.098473,23.7601,15.01895,15.279439,15.09516,14.818667,22.079298,24.82396,22.023483,25.269642,15.021871,15.411542,0.0,0.0,0.0,0.0,0.0,0.0,0.0,0.0
47311,2023.0,11.0,25.0,13.0,21.112822,23.613548,15.010786,14.95904,21.115248,23.539488,21.097206,23.651175,15.018813,15.283818,15.008096,14.830908,21.683813,23.904402,20.866503,22.86496,15.022555,15.409695,0.0,0.0,0.0,0.0,0.0,0.0,0.0,0.0
47312,2023.0,11.0,25.0,13.0,21.08789,23.517054,15.011495,15.004917,21.088945,23.424984,21.095943,23.567955,15.018959,15.289036,15.015656,14.944745,21.01727,22.602533,21.117615,23.371119,15.022284,15.407269,0.0,0.0,0.0,0.0,0.0,0.0,0.0,0.0
47313,2023.0,11.0,25.0,13.0,21.061775,23.405588,15.2515745,15.482439,21.088627,23.371773,21.09195,23.497498,15.019279,15.294965,15.017098,15.017128,21.07797,22.739094,21.084585,23.29495,15.021648,15.405987,4.0,0.0,0.0,0.0,0.0,0.0,0.0,0.0
47314,2023.0,11.0,25.0,13.0,21.428122,23.853691,19.887228,23.530214,21.599747,23.974348,21.484854,23.864218,15.019214,15.299853,15.014687,15.062921,22.025791,24.322111,21.720259,24.102278,15.02198,15.410157,0.0,0.0,4.0,0.0,0.0,0.0,0.0,0.0
47315,2023.0,11.0,25.0,13.0,20.986734,23.05574,17.551485,18.275188,20.919624,22.81271,21.07129,23.312197,15.018821,15.30265,15.015326,15.101182,21.062244,22.646431,20.884987,22.68867,15.021843,15.412584,4.0,0.0,0.0,0.0,0.0,0.0,0.0,0.0
47316,2023.0,11.0,25.0,14.0,21.856081,24.44194,20.188484,23.48811,21.866606,24.389074,21.774883,24.35184,15.019298,15.307488,15.016242,15.130528,21.621492,23.545927,22.268785,25.003496,15.021839,15.415839,0.0,0.0,0.0,0.0,0.0,0.0,0.0,0.0
47317,2023.0,11.0,25.0,14.0,19.55179,19.907282,17.900011,18.564552,19.663992,19.97379,18.930792,18.7342,15.0188265,15.310121,15.015356,15.148048,20.291882,20.833529,19.007433,19.028387,15.0218315,15.419008,4.0,0.0,0.0,0.0,0.0,4.0,0.0,0.0
47318,2023.0,11.0,25.0,14.0,17.970865,17.91176,19.979815,22.726688,17.942322,17.718487,17.482664,17.19469,15.019752,15.317743,15.016708,15.166914,18.4464,17.86828,17.7631,17.52334,15.022578,15.426619,0.0,0.0,0.0,0.0,0.0,0.0,0.0,0.0
47319,2023.0,11.0,25.0,14.0,17.44022,17.341427,17.31668,17.223343,17.353355,17.052881,17.072376,16.79476,15.0199175,15.325701,15.016176,15.179609,17.70264,17.015547,17.256863,16.99901,15.023033,15.436077,0.0,0.0,0.0,0.0,0.0,0.0,0.0,0.0
47320,2023.0,11.0,25.0,14.0,17.065012,16.93989,15.936199,15.645504,16.962988,16.633753,16.704073,16.407059,15.020393,15.336151,15.017229,15.195711,17.340025,16.644976,16.877186,16.608583,15.0231495,15.446069,0.0,0.0,0.0,0.0,0.0,0.0,0.0,0.0
47321,2023.0,11.0,25.0,14.0,16.798054,16.69414,16.141731,16.279877,17.402088,17.718256,17.152409,17.504953,15.020914,15.347569,15.003584,15.168441,18.251232,18.662624,16.595764,16.354055,15.023869,15.4572735,4.0,4.0,4.0,0.0,4.0,4.0,0.0,0.0
47322,2023.0,11.0,25.0,15.0,16.562014,16.46461,20.13789,23.375961,16.85007,16.681124,17.274525,17.72403,15.021443,15.359624,19.568968,22.670061,18.149324,18.250013,16.342854,16.112885,15.024298,15.46763,4.0,0.0,4.0,0.0,0.0,4.0,0.0,0.0
47323,2023.0,11.0,25.0,15.0,16.367496,16.280697,20.05027,22.728369,16.699018,16.649317,16.822557,16.911627,15.021896,15.370833,17.121046,17.57671,17.26748,16.7521,17.22445,17.982645,15.0251465,15.480764,4.0,4.0,4.0,0.0,0.0,0.0,4.0,0.0
47324,2023.0,11.0,25.0,15.0,16.193213,16.110863,20.121023,22.580835,15.988016,15.399693,15.87191,15.3255005,15.022365,15.3808365,15.730358,15.869198,17.57475,17.664988,16.20225,15.799954,15.0254965,15.49224,0.0,0.0,0.0,0.0,4.0,4.0,0.0,0.0
47325,2023.0,11.0,25.0,15.0,16.813309,17.412148,17.439898,17.230852,15.53913,14.864541,15.387983,14.74493,15.776695,16.500374,20.328129,23.64939,16.993338,16.487576,15.5428505,15.044972,15.791163,16.660524,0.0,0.0,0.0,0.0,0.0,0.0,0.0,0.0
47326,2023.0,11.0,25.0,15.0,16.354445,16.424147,16.723871,16.814371,15.967764,15.857817,15.165434,14.523134,15.522564,15.628865,17.55495,18.004807,16.54343,15.946202,15.289987,14.7915745,15.440533,15.560471,4.0,4.0,0.0,0.0,0.0,0.0,0.0,0.0
47327,2023.0,11.0,25.0,15.0,15.689728,15.290951,20.216702,23.119806,15.448366,14.878154,15.301201,14.948491,15.01623,15.030937,16.162443,15.897264,16.362535,15.755522,15.379322,15.144073,15.03099,15.159191,0.0,0.0,0.0,0.0,0.0,0.0,0.0,0.0
47328,2023.0,11.0,25.0,16.0,16.099651,16.29437,18.207558,18.82233,15.081336,14.430851,15.329578,15.058153,15.024758,15.183009,15.7197,15.453818,16.522102,16.235535,15.352148,15.160763,15.025975,15.289735,4.0,0.0,0.0,0.0,0.0,0.0,0.0,0.0
47329,2023.0,11.0,25.0,16.0,16.285433,16.558989,20.238905,22.83996,15.891626,16.131886,15.245516,14.985169,15.022763,15.260574,15.402493,15.133458,16.537815,16.290073,15.234654,15.042214,15.025844,15.371936,4.0,4.0,0.0,0.0,0.0,0.0,0.0,0.0
47330,2023.0,11.0,25.0,16.0,16.260399,16.534027,20.064306,22.269176,15.948751,16.004093,15.144446,14.882849,15.280538,15.784448,15.143235,14.878572,17.246368,17.70589,15.11201,14.915818,15.026592,15.436469,0.0,4.0,0.0,4.0,0.0,4.0,0.0,0.0
47331,2023.0,11.0,25.0,16.0,16.208153,16.466438,17.818897,17.788967,15.161373,14.6000595,15.05034,14.789283,19.553852,23.132345,15.001104,14.81286,17.156668,17.289242,14.997227,14.809748,15.026749,15.477872,4.0,0.0,0.0,0.0,0.0,4.0,0.0,0.0
47332,2023.0,11.0,25.0,16.0,16.171585,16.431345,20.202421,22.666412,16.1377,15.424767,15.381824,15.132461,16.85271,17.25688,15.213186,15.346786,17.060986,17.17293,15.65752,15.803425,15.027363,15.5094185,0.0,0.0,0.0,4.0,4.0,4.0,0.0,0.0
47333,2023.0,11.0,25.0,16.0,16.13329,16.387068,17.590294,17.334846,15.630971,15.633591,15.0945425,14.866079,20.062918,23.311651,20.372526,23.94825,17.041552,17.145758,15.1619,14.983086,15.767181,16.647509,0.0,4.0,0.0,0.0,4.0,4.0,0.0,0.0
47334,2023.0,11.0,25.0,17.0,15.370392,14.98585,16.375883,16.024323,15.642655,15.6510725,15.90334,16.192516,16.74632,16.642368,20.019396,23.01802,16.299006,15.761952,15.798649,16.07073,16.173698,16.974575,0.0,4.0,0.0,0.0,0.0,0.0,0.0,4.0
47335,2023.0,11.0,25.0,17.0,15.700169,15.853353,16.10743,15.767592,15.604357,15.60083,15.847859,16.260107,15.693767,15.767614,17.163483,17.163692,15.87282,15.244884,14.991757,14.820452,19.231524,22.550343,0.0,4.0,4.0,4.0,4.0,0.0,0.0,0.0
47336,2023.0,11.0,25.0,17.0,15.8916235,16.113197,16.30504,16.35335,15.55659,15.539876,16.030111,16.479607,20.115244,23.300308,20.244503,23.0755,15.683523,15.037324,15.737803,15.982523,16.024467,15.874784,4.0,4.0,4.0,0.0,0.0,0.0,0.0,0.0
47337,2023.0,11.0,25.0,17.0,15.878023,16.088722,20.249363,23.365772,15.452009,15.5342865,15.640846,15.684868,17.300062,17.5722,17.164663,16.93193,16.386652,16.487951,14.988971,14.836415,15.042711,15.06557,4.0,0.0,4.0,4.0,0.0,4.0,0.0,0.0
47338,2023.0,11.0,25.0,17.0,15.845655,16.041958,20.053251,22.51899,15.268276,15.178856,15.943737,16.206184,20.371517,23.462284,15.725833,15.395028,16.594582,16.66544,16.327097,16.09341,15.548652,16.180395,4.0,4.0,0.0,0.0,0.0,4.0,0.0,4.0
47339,2023.0,11.0,25.0,17.0,15.805036,15.979595,20.105236,22.335522,15.353117,15.296885,15.769704,15.794807,17.516378,17.722775,15.442461,15.131402,15.852609,15.264756,15.37219,15.150703,19.418497,22.781687,4.0,4.0,4.0,4.0,0.0,0.0,0.0,0.0
47340,2023.0,11.0,25.0,18.0,15.772849,15.938818,20.114134,22.176367,15.31412,15.24561,15.465524,15.402447,20.414799,23.360903,15.162794,14.853748,16.272635,16.33059,15.909069,16.606243,16.19859,16.059294,0.0,4.0,4.0,0.0,0.0,4.0,4.0,0.0
47341,2023.0,11.0,25.0,18.0,20.026382,23.446404,17.803934,17.592794,20.482098,24.31131,20.563316,24.386679,17.070072,16.75089,15.001085,14.771433,20.404446,23.238297,20.010714,23.554874,15.024883,14.954161,4.0,4.0,4.0,0.0,0.0,4.0,0.0,0.0
47342,2023.0,11.0,25.0,18.0,20.22619,23.253784,20.15392,22.424612,20.596928,23.890274,20.641176,23.92963,15.301348,14.567167,15.021959,14.9374695,19.948755,22.180172,20.318321,23.561813,15.026983,15.138994,0.0,4.0,4.0,0.0,0.0,0.0,0.0,0.0
47343,2023.0,11.0,25.0,18.0,21.167192,24.503695,17.833822,17.654802,20.731506,23.743813,20.750086,23.76411,15.175831,14.831711,15.019018,15.020853,20.300777,22.536701,20.88145,24.19012,15.495963,16.132513,4.0,0.0,0.0,0.0,0.0,0.0,0.0,4.0
47344,2023.0,11.0,25.0,18.0,21.328686,24.39629,20.2055,22.561554,20.858189,23.638878,21.303968,24.383673,15.040935,14.748425,15.020849,15.088591,21.06809,23.601776,21.640985,25.193918,19.210005,22.483574,4.0,0.0,4.0,0.0,0.0,4.0,0.0,0.0
47345,2023.0,11.0,25.0,18.0,21.306341,24.108574,20.052818,22.021893,21.283077,24.154715,21.13369,23.852951,15.0190935,14.908056,15.021082,15.135249,21.42934,23.965395,22.15659,25.777695,16.607067,16.9108,4.0,4.0,0.0,0.0,0.0,4.0,0.0,4.0
47346,2023.0,11.0,25.0,19.0,22.18481,25.445826,20.118855,22.017355,22.03948,25.208462,21.569057,24.430841,15.482699,15.899841,15.001184,15.118702,21.181137,23.33588,22.601923,26.294018,19.959951,23.22768,0.0,4.0,0.0,4.0,4.0,0.0,0.0,0.0
47347,2023.0,11.0,25.0,19.0,20.958216,23.071337,17.554543,17.001492,20.978495,23.1049,21.014465,23.305614,20.33038,23.968502,19.780916,23.065878,21.10387,23.051983,20.915035,23.081663,16.430258,16.130367,0.0,4.0,4.0,0.0,0.0,0.0,0.0,0.0
47348,2023.0,11.0,25.0,19.0,21.138594,23.40369,16.952108,16.813469,21.142395,23.375477,21.116747,23.407648,16.635532,16.412912,17.022564,17.362228,21.4564,23.568003,21.202066,23.644335,14.994,14.6418,4.0,0.0,4.0,0.0,0.0,0.0,0.0,0.0
47349,2023.0,11.0,25.0,19.0,21.152357,23.382534,20.256472,22.814634,21.093891,23.192587,21.102463,23.305105,14.98719,14.569897,15.208683,14.907484,22.02479,24.435472,21.057842,23.309052,15.025986,14.945783,0.0,4.0,4.0,0.0,0.0,0.0,4.0,0.0
47350,2023.0,11.0,25.0,19.0,21.088762,23.191473,18.01271,18.164656,21.123966,23.21703,21.102926,23.247452,15.023173,14.857301,15.185873,15.185695,20.947704,22.430092,21.091494,23.311516,15.023325,15.092777,0.0,0.0,4.0,0.0,4.0,0.0,4.0,0.0
47351,2023.0,11.0,25.0,19.0,21.118204,23.237001,16.560585,16.205315,21.093128,23.086298,21.101889,23.19716,15.019826,14.988776,20.098782,23.37599,22.387373,25.004484,21.123734,23.352892,15.024433,15.198425,0.0,4.0,4.0,0.0,0.0,0.0,0.0,0.0
47352,2023.0,11.0,25.0,20.0,21.086315,23.121382,16.578108,16.541174,21.097513,23.055878,21.12427,23.21752,15.021166,15.086613,17.532696,18.067375,20.940668,22.299797,22.376364,25.472696,15.458343,16.077682,4.0,4.0,0.0,0.0,4.0,0.0,0.0,4.0
47353,2023.0,11.0,25.0,20.0,21.51329,23.700335,20.593319,23.568548,21.432787,23.451147,21.405903,23.552141,15.816728,16.36157,20.352314,23.410511,21.433184,23.141476,22.021534,24.448761,19.51309,22.835484,4.0,4.0,0.0,0.0,0.0,0.0,4.0,0.0
47354,2023.0,11.0,25.0,20.0,22.043474,24.555323,19.930984,21.979492,21.949268,24.26412,21.888235,24.273546,15.547748,15.471223,17.528679,17.746603,21.80519,23.712887,22.40059,25.227684,16.015247,15.71648,4.0,0.0,0.0,0.0,0.0,0.0,0.0,0.0
47355,2023.0,11.0,25.0,20.0,22.527805,25.352999,20.121626,22.129087,21.085558,22.760628,20.940083,22.60924,15.033616,15.067216,15.807321,15.477333,21.921888,24.002558,21.073559,22.829094,15.051046,14.9892235,4.0,0.0,4.0,0.0,0.0,0.0,0.0,0.0
47356,2023.0,11.0,25.0,20.0,22.632113,25.42172,20.110624,21.96922,21.976398,24.40145,21.733051,24.0688,15.019932,15.124825,15.774829,15.795877,21.720465,23.519953,22.270132,24.803772,15.020324,15.089305,0.0,4.0,4.0,0.0,4.0,4.0,4.0,0.0
47357,2023.0,11.0,25.0,20.0,21.45421,23.194483,17.547888,16.952475,21.537525,23.193277,21.347015,23.098059,15.59168,15.957423,20.237497,23.285532,21.270151,22.6479,22.096985,24.532091,15.52784,16.14553,0.0,4.0,0.0,0.0,0.0,0.0,0.0,4.0
47358,2023.0,11.0,25.0,21.0,20.938969,22.397951,16.96499,16.799072,21.08167,22.667547,20.964674,22.508938,15.484793,15.897545,17.51445,17.764086,21.020473,22.208826,20.92728,22.432037,19.680645,23.037748,4.0,4.0,4.0,4.0,0.0,0.0,0.0,0.0
47359,2023.0,11.0,25.0,21.0,21.196762,23.057629,20.269173,22.771223,21.171585,22.902449,21.18734,23.00975,20.52387,24.413929,15.756542,15.429323,21.13594,22.452934,21.331898,23.30426,16.147324,15.842152,4.0,0.0,0.0,4.0,0.0,4.0,0.0,0.0
47360,2023.0,11.0,25.0,21.0,22.039488,24.556149,20.075844,22.09581,22.337992,24.858782,21.929354,24.334127,20.066612,23.203527,15.73082,15.753253,21.81533,23.70363,22.14563,24.610518,15.44418,15.669078,0.0,0.0,4.0,0.0,4.0,4.0,0.0,4.0
47361,2023.0,11.0,25.0,21.0,21.739542,23.652431,17.443033,16.86768,21.712025,23.434103,21.708113,23.596394,16.615665,16.195824,20.339094,23.509794,21.482052,22.877834,21.828724,23.96333,19.91292,23.22789,0.0,0.0,0.0,0.0,0.0,0.0,0.0,0.0
47362,2023.0,11.0,25.0,21.0,20.918777,22.288414,16.846645,16.681564,20.927258,22.22385,20.928953,22.292002,14.982809,14.34227,17.510687,17.764227,20.991255,22.055815,20.893887,22.352251,16.372307,16.050446,4.0,4.0,4.0,0.0,0.0,0.0,4.0,0.0
47363,2023.0,11.0,25.0,21.0,21.193125,22.925562,20.25406,22.8276,21.199568,22.90249,21.189398,22.87185,15.813626,16.237352,15.744039,15.4133005,21.139252,22.374773,21.22043,23.070652,15.004184,14.67977,0.0,0.0,4.0,4.0,0.0,4.0,0.0,0.0
47364,2023.0,11.0,25.0,22.0,21.098938,22.771559,18.01515,18.154955,21.106325,22.721586,21.086601,22.702513,19.929533,23.04141,15.306672,14.962424,21.093798,22.330923,21.102245,22.855528,15.023616,14.944462,0.0,0.0,4.0,0.0,0.0,0.0,0.0,0.0
47365,2023.0,11.0,25.0,22.0,21.075956,22.72232,17.012762,17.018732,21.106504,22.722738,21.114851,22.799973,16.578083,16.212254,15.344742,15.276589,21.089884,22.334116,21.107353,22.874868,15.410549,15.818324,4.0,0.0,0.0,0.0,4.0,0.0,0.0,4.0
47366,2023.0,11.0,25.0,22.0,21.162374,22.927027,20.24749,22.907017,21.17875,22.904387,21.227564,23.011202,15.417223,15.181934,20.379429,23.742926,21.121887,22.384106,21.370602,23.427925,21.02303,25.190023,0.0,4.0,4.0,4.0,4.0,4.0,4.0,4.0
47367,2023.0,11.0,25.0,22.0,21.075632,22.73571,17.31652,16.820734,21.084648,22.76963,21.113644,22.797981,20.664165,24.117474,20.0246,22.861702,21.095114,22.355425,21.116693,22.928732,20.191156,23.345318,0.0,0.0,0.0,4.0,0.0,0.0,0.0,0.0
47368,2023.0,11.0,25.0,22.0,21.107084,22.81884,15.634676,14.615986,21.109444,22.77801,21.107756,22.775993,20.013363,22.705011,17.646156,17.975111,21.060429,22.264603,21.105783,22.89496,16.677881,16.268465,0.0,0.0,0.0,0.0,4.0,4.0,0.0,0.0
47369,2023.0,11.0,25.0,22.0,21.157429,22.892944,15.6517725,15.069344,21.16135,22.85161,21.164238,22.938984,16.806633,16.295366,20.44216,23.253054,21.131971,22.4279,21.179775,23.029377,15.421446,14.712835,0.0,0.0,0.0,0.0,4.0,0.0,0.0,0.0
47370,2023.0,11.0,25.0,23.0,21.10485,22.802166,15.669188,15.174907,21.072159,22.708717,21.078802,22.794992,15.656837,15.297071,20.078547,22.43215,21.088558,22.33166,21.077347,22.860352,15.093705,14.784546,0.0,0.0,0.0,0.0,0.0,0.0,0.0,0.0
47371,2023.0,11.0,25.0,23.0,18.728983,18.246794,15.527752,15.051142,19.19828,19.141422,19.11438,19.049772,15.406681,15.091281,17.117836,16.55748,19.507101,19.264378,18.951813,18.801434,15.001855,14.814336,0.0,0.0,0.0,0.0,0.0,4.0,0.0,0.0
47372,2023.0,11.0,25.0,23.0,17.331343,16.455082,15.379568,14.9021,17.97773,17.533062,17.872196,17.442993,15.121004,14.813413,15.940108,15.486306,18.150778,17.274776,17.815002,17.473547,15.433793,15.797899,0.0,0.0,0.0,0.0,0.0,0.0,0.0,4.0
47373,2023.0,11.0,25.0,23.0,17.425585,17.042145,15.262792,14.780354,17.568586,17.057835,17.459934,16.970495,15.003719,14.782353,15.709222,15.3008795,17.616642,16.625586,17.419123,17.056438,14.940292,14.926296,0.0,0.0,0.0,0.0,0.0,0.0,0.0,0.0
47374,2023.0,11.0,25.0,23.0,17.306427,17.009123,15.140666,14.66166,17.241417,16.737286,17.12405,16.641945,15.330283,15.548296,15.409776,15.019319,17.25266,16.279434,17.06765,16.717985,15.053905,15.201618,0.0,0.0,0.0,4.0,0.0,0.0,0.0,0.0
47375,2023.0,11.0,25.0,23.0,17.075613,16.790997,15.025945,14.549113,16.960838,16.46192,16.836224,16.359419,14.950006,14.88613,15.133947,14.754629,17.485268,17.055336,16.763996,16.425318,15.020718,15.219052,0.0,0.0,0.0,0.0,0.0,0.0,0.0,0.0
47376,2023.0,11.0,26.0,0.0,17.641304,18.053818,15.006217,14.605467,16.726759,16.240107,16.596025,16.131298,15.032023,15.129234,15.221905,15.14483,17.433456,17.033573,16.503641,16.17264,15.026351,15.28802,0.0,0.0,0.0,0.0,4.0,0.0,0.0,0.0
47377,2023.0,11.0,26.0,0.0,17.088022,16.949356,15.35977,15.32955,16.51719,16.036253,16.3816,15.922381,15.021746,15.169902,14.975487,14.793613,17.27539,16.881582,16.267712,15.9389305,15.026367,15.332091,4.0,0.0,0.0,0.0,0.0,0.0,0.0,0.0
47378,2023.0,11.0,26.0,0.0,16.11396,15.330845,15.013904,14.700444,16.332994,15.857824,16.193403,15.739419,15.024255,15.219611,15.0303335,14.999891,17.120512,16.727991,16.059072,15.73215,15.026964,15.367261,0.0,0.0,0.0,0.0,0.0,0.0,0.0,0.0
47379,2023.0,11.0,26.0,0.0,15.664795,14.81717,15.015075,14.776746,16.155073,15.671623,16.012144,15.549262,15.043473,15.295695,15.0334,15.086309,16.971914,16.572832,15.863543,15.528551,15.051236,15.444212,0.0,0.0,0.0,0.0,0.0,0.0,0.0,0.0
47380,2023.0,11.0,26.0,0.0,15.953442,15.616715,15.0090885,14.793696,16.016968,15.5486355,15.87171,15.423309,15.02109,15.273578,15.003847,15.06551,16.848768,16.455002,15.702106,15.374252,15.022006,15.403492,0.0,0.0,0.0,0.0,4.0,0.0,0.0,0.0
47381,2023.0,11.0,26.0,0.0,16.007727,15.74312,15.020059,14.854869,15.876694,15.406562,15.729645,15.278804,15.048282,15.353125,15.041736,15.205583,16.729221,16.332926,15.547352,15.216648,15.054567,15.487836,0.0,0.0,0.0,0.0,0.0,0.0,0.0,0.0
47382,2023.0,11.0,26.0,1.0,15.917514,15.655014,15.021873,14.884821,15.755221,15.290992,15.6070595,15.161377,15.048461,15.361153,15.042714,15.220252,16.623318,16.228119,15.410245,15.081272,15.056919,15.501132,0.0,0.0,0.0,0.0,0.0,0.0,0.0,0.0
47383,2023.0,11.0,26.0,1.0,15.818615,15.558334,15.022825,14.91195,15.642379,15.182603,15.493482,15.051489,15.050304,15.3798485,15.020582,15.187201,16.525158,16.130453,15.284064,14.956178,15.057334,15.515361,0.0,0.0,0.0,0.0,4.0,0.0,0.0,0.0
47384,2023.0,11.0,26.0,1.0,15.725222,15.468412,15.025149,14.938838,15.537236,15.08147,15.387966,14.949202,15.050279,15.391466,15.047739,15.287545,16.433786,16.039454,15.167199,14.840232,15.058569,15.5298195,0.0,0.0,0.0,0.0,0.0,0.0,0.0,0.0
47385,2023.0,11.0,26.0,1.0,15.636132,15.381489,15.026342,14.960928,15.438736,14.986555,15.289404,14.853436,15.053773,15.411472,15.02355,15.2322,16.348202,15.954141,15.058264,14.732077,15.059021,15.54168,0.0,0.0,0.0,0.0,4.0,0.0,0.0,0.0
47386,2023.0,11.0,26.0,1.0,15.552116,15.299998,15.027659,14.981816,15.345915,14.896924,15.196783,14.763222,15.00483,15.295406,15.052102,15.334257,16.267517,15.873641,15.003134,14.721393,15.059668,15.553477,0.0,0.0,0.0,4.0,0.0,0.0,0.0,0.0
47387,2023.0,11.0,26.0,1.0,15.472359,15.222375,15.029154,15.001665,15.257997,14.811818,15.109256,14.677743,15.093752,15.494772,15.052346,15.335314,16.190985,15.797223,15.008091,14.802203,15.060435,15.564972,0.0,0.0,0.0,0.0,0.0,0.0,0.0,0.0
47388,2023.0,11.0,26.0,2.0,15.410219,15.176042,15.029986,15.019141,15.174357,14.730622,15.026107,14.596322,15.054852,15.415185,15.027936,15.281858,16.117987,15.724281,15.012852,14.855062,15.060823,15.575236,0.0,0.0,0.0,0.0,4.0,0.0,0.0,0.0
47389,2023.0,11.0,26.0,2.0,15.336365,15.098954,15.030858,15.036011,15.096913,14.657721,15.003235,14.628143,15.056352,15.446007,15.02916,15.3088665,16.049854,15.657983,15.015371,14.897772,15.061441,15.585843,0.0,0.0,0.0,0.0,4.0,0.0,0.0,0.0
47390,2023.0,11.0,26.0,2.0,15.261858,15.02154,15.031567,15.051793,15.023423,14.588415,15.0069275,14.690574,15.057083,15.459471,15.101427,15.430875,15.985005,15.594902,15.017502,14.934475,15.0634165,15.598747,0.0,0.0,0.0,0.0,0.0,0.0,0.0,0.0
47391,2023.0,11.0,26.0,2.0,15.208761,14.985207,15.032491,15.067529,15.003007,14.61889,15.009695,14.738481,15.058146,15.4736185,15.099372,15.382987,15.922737,15.534347,15.019347,14.966584,15.063904,15.607947,0.0,0.0,0.0,0.0,0.0,0.0,0.0,0.0
47392,2023.0,11.0,26.0,2.0,15.15294,14.935873,15.033542,15.082994,15.006317,14.677007,15.012448,14.781086,15.05789,15.483838,15.052222,15.326266,15.862743,15.476047,15.021902,14.997091,15.063031,15.614708,0.0,0.0,0.0,0.0,0.0,0.0,0.0,0.0
47393,2023.0,11.0,26.0,2.0,15.09438,14.880071,15.034036,15.09687,15.009372,14.723207,15.014461,14.817799,15.059116,15.496493,15.055031,15.366955,15.804772,15.419742,15.023388,15.022796,15.003178,15.469836,0.0,0.0,0.0,0.0,0.0,0.0,0.0,4.0
47394,2023.0,11.0,26.0,3.0,15.036735,14.8251295,15.0350685,15.111638,15.010928,14.761656,15.015798,14.849891,15.059444,15.506453,15.0562935,15.387346,15.748607,15.365219,15.02474,15.046775,15.101963,15.701654,0.0,0.0,0.0,0.0,0.0,0.0,0.0,0.0
47395,2023.0,11.0,26.0,3.0,15.001401,14.812085,15.035755,15.125197,15.013417,14.79831,15.0182495,14.881759,15.060343,15.517195,15.057525,15.405838,15.6936,15.311354,15.026339,15.069689,15.098483,15.644968,0.0,0.0,0.0,0.0,0.0,0.0,0.0,0.0
47396,2023.0,11.0,26.0,3.0,15.004944,14.865924,15.036625,15.138802,15.015046,14.830016,15.019133,14.908204,15.060452,15.525639,15.058663,15.421276,15.640039,15.258944,15.027611,15.090538,15.00265,15.449209,0.0,0.0,0.0,0.0,0.0,0.0,0.0,4.0
47397,2023.0,11.0,26.0,3.0,15.008032,14.904748,15.035472,15.14735,15.0166855,14.859596,15.021466,14.936101,15.061096,15.534892,15.059245,15.433634,15.587964,15.208019,15.029796,15.112117,15.101688,15.698517,0.0,0.0,0.0,0.0,0.0,0.0,0.0,0.0
47398,2023.0,11.0,26.0,3.0,15.00858,14.936205,15.036403,15.160124,15.018516,14.887634,15.022369,14.959358,15.012204,15.415558,15.059968,15.444832,15.537319,15.158529,15.0328665,15.134971,15.039384,15.495919,0.0,0.0,0.0,4.0,0.0,0.0,0.0,4.0
47399,2023.0,11.0,26.0,3.0,15.009949,14.966668,15.037095,15.171498,15.02042,14.914183,15.023841,14.982883,15.064304,15.582127,15.060751,15.454874,15.4880495,15.110431,15.033438,15.152304,15.100444,15.677584,0.0,0.0,0.0,0.0,0.0,0.0,0.0,0.0
47400,2023.0,11.0,26.0,4.0,15.011807,14.995446,15.037707,15.1825485,15.021468,14.937762,15.025113,15.004903,15.063933,15.568121,15.061236,15.463297,15.440079,15.0636015,15.035104,15.1716175,15.039211,15.492132,0.0,0.0,0.0,0.0,0.0,0.0,0.0,4.0
47401,2023.0,11.0,26.0,4.0,15.012872,15.020861,15.038924,15.1946125,15.022514,14.96055,15.0265465,15.026318,15.064585,15.575332,15.062034,15.471814,15.394209,15.019816,15.035038,15.186576,15.100136,15.676332,0.0,0.0,0.0,0.0,0.0,0.0,0.0,0.0
47402,2023.0,11.0,26.0,4.0,15.015225,15.047468,15.039209,15.204541,15.024332,14.983947,15.027103,15.045351,15.06364,15.576963,15.035934,15.408675,15.349744,14.977386,15.036856,15.205188,15.039658,15.49539,0.0,0.0,0.0,0.0,4.0,0.0,0.0,4.0
47403,2023.0,11.0,26.0,4.0,15.008364,15.053916,15.018516,15.176698,15.0118685,14.978965,15.01318,15.036532,15.029033,15.520374,15.033816,15.440745,16.181597,16.596085,15.01755,15.183953,15.0564995,15.586987,0.0,0.0,0.0,0.0,0.0,4.0,0.0,0.0
47404,2023.0,11.0,26.0,4.0,15.009598,15.07671,15.021614,15.1942215,15.013714,15.001846,15.015467,15.059424,15.033544,15.53757,15.016708,15.401944,15.660894,15.336779,15.020622,15.206053,15.050581,15.577334,0.0,0.0,0.0,0.0,4.0,0.0,0.0,0.0
47405,2023.0,11.0,26.0,4.0,15.010444,15.097166,15.021414,15.204186,15.014144,15.0208025,15.015687,15.077244,15.002758,15.461536,15.036856,15.4659605,14.930949,14.227045,15.020798,15.22125,15.050944,15.578543,0.0,0.0,0.0,4.0,0.0,0.0,0.0,0.0
47406,2023.0,11.0,26.0,5.0,15.020063,15.135748,15.04199,15.255011,15.029005,15.069291,15.030374,15.123384,15.067104,15.635256,15.038711,15.456328,15.021687,14.479517,15.040129,15.274263,15.064979,15.642853,0.0,0.0,0.0,0.0,4.0,0.0,0.0,0.0
47407,2023.0,11.0,26.0,5.0,15.010256,15.130463,15.01808,15.215003,15.012697,15.051949,15.014022,15.103498,15.025967,15.546963,15.03344,15.472004,15.158558,14.797004,15.017423,15.240531,15.029225,15.59674,0.0,0.0,0.0,0.0,0.0,0.0,0.0,0.0
47408,2023.0,11.0,26.0,5.0,15.021911,15.171816,15.043458,15.276334,15.031318,15.107747,15.032629,15.156961,15.067188,15.634974,15.065671,15.539526,15.158202,14.796707,15.04226,15.30518,15.067783,15.696264,0.0,0.0,0.0,0.0,0.0,0.0,0.0,0.0
47409,2023.0,11.0,26.0,5.0,15.022603,15.185032,15.043532,15.276963,15.030723,15.116672,15.033189,15.165538,15.066478,15.624042,15.0648,15.53084,15.116749,14.757522,15.04328,15.311903,15.008391,15.546365,0.0,0.0,0.0,0.0,0.0,0.0,0.0,4.0
47410,2023.0,11.0,26.0,5.0,15.024538,15.20267,15.0440855,15.286292,15.031501,15.133002,15.034368,15.180513,15.067088,15.629002,15.064926,15.534299,15.074024,14.717084,15.043568,15.324302,15.105805,15.77918,0.0,0.0,0.0,0.0,0.0,0.0,0.0,0.0
47411,2023.0,11.0,26.0,5.0,15.025477,15.21758,15.044449,15.294397,15.032822,15.149248,15.035201,15.193838,15.066708,15.631305,15.065242,15.537915,15.031824,14.677127,15.045109,15.338755,15.102518,15.724668,0.0,0.0,0.0,0.0,0.0,0.0,0.0,0.0
47412,2023.0,11.0,26.0,6.0,15.026738,15.23283,15.045367,15.303798,15.032616,15.161837,15.035982,15.207045,15.06722,15.636488,15.038918,15.471876,15.000818,14.658059,15.045537,15.350765,15.006938,15.529938,0.0,0.0,0.0,0.0,4.0,0.0,0.0,4.0
47413,2023.0,11.0,26.0,6.0,19.548664,23.04671,15.021117,15.267743,19.554098,22.953394,19.521622,22.935986,15.030687,15.575834,18.957056,22.22627,19.05576,21.578875,19.750015,23.527782,18.673197,21.93674,0.0,0.0,0.0,0.0,0.0,0.0,0.0,0.0
47414,2023.0,11.0,26.0,6.0,20.387918,23.981012,15.023957,15.281362,20.471153,24.02368,20.42977,23.994547,15.034687,15.587534,16.579988,17.057669,19.763239,22.561382,20.51878,24.296627,14.9991045,15.150687,0.0,0.0,0.0,0.0,4.0,0.0,0.0,0.0
47415,2023.0,11.0,26.0,6.0,21.168056,24.91311,15.024198,15.288279,21.120335,24.733967,21.07286,24.700233,15.034002,15.585328,19.965956,23.506313,20.313845,23.170212,21.171326,25.002867,15.091759,15.410899,0.0,0.0,0.0,0.0,4.0,0.0,0.0,4.0
47416,2023.0,11.0,26.0,6.0,21.635044,25.346346,15.963071,16.821339,21.28393,24.658054,21.202993,24.566154,16.110157,17.358282,20.051167,23.233614,21.186617,24.368011,21.411676,25.064474,19.681181,23.43999,0.0,0.0,0.0,0.0,0.0,4.0,0.0,4.0
47417,2023.0,11.0,26.0,6.0,20.797653,23.528635,15.120149,15.295746,21.074965,23.987978,21.106339,24.12573,15.000076,15.374645,17.385973,17.77418,20.926071,23.577139,21.738085,25.2784,20.114012,23.675398,0.0,4.0,0.0,4.0,4.0,0.0,0.0,4.0
47418,2023.0,11.0,26.0,7.0,21.063944,23.877169,15.405023,15.930522,21.145863,23.954731,21.143251,24.015854,19.59095,23.22566,20.291302,23.441544,20.462914,22.539152,21.911747,25.333576,20.467106,23.867628,0.0,4.0,0.0,0.0,4.0,0.0,0.0,4.0
47419,2023.0,11.0,26.0,7.0,21.176624,23.89063,15.343016,15.837436,21.040329,23.59583,21.235434,24.060656,16.345848,16.53357,20.067194,22.711203,21.065416,23.41658,22.20927,25.502497,20.207981,23.157032,0.0,0.0,0.0,0.0,4.0,4.0,4.0,4.0
47420,2023.0,11.0,26.0,7.0,21.10703,23.627695,15.022977,15.220939,21.125566,23.578842,21.1051,23.68969,15.011942,15.075216,20.10582,22.568207,21.236265,23.547838,22.297174,25.504671,20.11109,22.779379,0.0,4.0,0.0,0.0,0.0,4.0,4.0,4.0
47421,2023.0,11.0,26.0,7.0,21.133198,23.60836,15.023145,15.245246,21.11088,23.43573,21.081215,23.541344,15.034461,15.256558,16.938034,16.327642,21.554012,23.930986,20.958532,22.996408,20.101736,22.630201,0.0,4.0,4.0,0.0,0.0,4.0,4.0,4.0
47422,2023.0,11.0,26.0,7.0,21.096037,23.441416,15.023774,15.26512,21.106707,23.341473,21.106384,23.549683,15.163887,15.573212,15.738134,15.307333,20.986917,22.792492,21.11705,23.324701,20.131575,22.61348,0.0,4.0,0.0,4.0,0.0,4.0,4.0,0.0
47423,2023.0,11.0,26.0,7.0,21.10654,23.40568,15.002628,15.21914,21.109278,23.277592,21.077864,23.42093,19.055916,22.117682,15.816189,15.757882,21.128067,23.029953,21.127771,23.368713,17.619923,17.662704,4.0,4.0,4.0,0.0,4.0,0.0,0.0,4.0
47424,2023.0,11.0,26.0,8.0,21.102028,23.349007,19.44888,23.012346,21.106035,23.21564,21.159239,23.495642,16.26587,16.311909,20.438442,23.635431,21.111164,22.93825,22.849424,26.327118,21.422102,24.805708,0.0,4.0,0.0,4.0,4.0,0.0,4.0,4.0
47425,2023.0,11.0,26.0,8.0,18.650751,18.613043,17.006927,17.593884,18.628511,18.426924,18.499039,18.279842,20.280079,23.726036,20.058699,22.728783,18.975975,18.764812,19.369822,19.396036,20.854855,23.689653,4.0,4.0,4.0,4.0,4.0,4.0,4.0,0.0
47426,2023.0,11.0,26.0,8.0,17.485254,17.27882,19.788921,23.022047,16.695757,15.6709,16.537083,15.516914,20.05268,23.153105,20.131927,22.59327,18.121038,17.870604,17.140001,16.344303,17.407213,16.912733,0.0,0.0,0.0,0.0,4.0,4.0,0.0,0.0
47427,2023.0,11.0,26.0,8.0,17.10787,16.92086,17.177588,17.473822,16.560926,16.017853,16.427055,15.900494,17.02438,17.01145,20.133236,22.408377,17.101582,16.221146,16.26841,15.408429,15.616026,14.810996,0.0,4.0,4.0,4.0,0.0,0.0,0.0,0.0
47428,2023.0,11.0,26.0,8.0,16.835442,16.672201,15.7962475,15.82731,16.494947,16.045921,16.370708,15.938238,20.258074,23.201794,17.402065,17.016148,17.275705,17.036314,15.769752,14.926814,14.991856,14.22469,4.0,4.0,4.0,0.0,4.0,4.0,0.0,0.0
47429,2023.0,11.0,26.0,8.0,16.613468,16.469097,20.090393,23.54023,15.614409,14.613953,15.488801,14.499153,16.810886,16.386627,20.3065,22.758204,17.30715,17.127447,15.383496,14.565517,15.1078415,14.75264,0.0,0.0,0.0,0.0,0.0,4.0,0.0,0.0
47430,2023.0,11.0,26.0,9.0,15.711374,14.963206,16.750647,16.485373,15.081348,14.043384,14.993677,14.020087,14.978299,14.283827,17.186016,16.647932,16.457176,15.665489,15.467871,15.080434,15.005911,14.806181,0.0,0.0,0.0,0.0,0.0,0.0,0.0,0.0
47431,2023.0,11.0,26.0,9.0,15.181354,14.3597355,14.982088,14.33868,15.025126,14.188627,15.035855,14.295196,15.049389,14.750242,15.890818,15.476019,15.891452,14.979225,15.395819,15.06892,15.031701,15.022412,0.0,0.0,0.0,0.0,0.0,0.0,0.0,0.0
47432,2023.0,11.0,26.0,9.0,14.995311,14.267582,15.067747,14.747697,15.172489,14.681217,15.111906,14.632563,15.0237465,14.9263735,15.538691,15.099039,15.637362,14.744675,15.217343,14.90951,15.02548,15.127547,0.0,0.0,0.0,0.0,0.0,0.0,0.0,0.0
47433,2023.0,11.0,26.0,9.0,15.224398,14.917939,15.015649,14.822971,15.127961,14.673805,15.038274,14.591406,15.031482,15.095093,15.228182,14.820218,15.940703,15.560104,15.0431385,14.740688,15.027617,15.219481,0.0,0.0,0.0,0.0,0.0,0.0,0.0,0.0
47434,2023.0,11.0,26.0,9.0,15.235486,14.991693,15.02777,14.975273,15.00594,14.561802,15.006074,14.658975,15.038511,15.231884,15.003844,14.660379,15.955141,15.594589,15.008734,14.828004,15.04199,15.320469,0.0,0.0,0.0,0.0,0.0,0.0,0.0,0.0
47435,2023.0,11.0,26.0,9.0,15.1382265,14.907839,15.082822,15.133033,15.009347,14.6790905,15.010294,14.752954,15.024538,15.265724,15.024613,14.884334,16.704657,17.10104,15.0136795,14.912561,15.022946,15.32131,4.0,0.0,0.0,0.0,0.0,4.0,0.0,0.0
47436,2023.0,11.0,26.0,10.0,15.044202,14.833596,19.604301,23.037197,15.003037,14.745209,15.0050535,14.816299,15.028707,15.330766,15.021985,14.990487,15.724029,14.979,15.006973,14.963679,15.02773,15.371799,0.0,0.0,0.0,0.0,0.0,0.0,0.0,0.0
47437,2023.0,11.0,26.0,10.0,15.750794,16.24826,17.054546,17.435444,15.010495,14.824437,15.012169,14.89164,15.02818,15.370249,15.022275,15.069858,15.204475,14.402711,15.015197,15.029981,15.027312,15.402939,0.0,0.0,0.0,0.0,0.0,0.0,0.0,0.0
47438,2023.0,11.0,26.0,10.0,15.3038025,15.240536,15.598616,15.689319,15.011307,14.88019,15.013127,14.94485,15.028615,15.404785,15.023153,15.12861,15.067429,14.28284,15.015927,15.070595,15.027518,15.428473,4.0,0.0,0.0,0.0,0.0,0.0,0.0,0.0
47439,2023.0,11.0,26.0,10.0,15.556153,15.620883,19.845795,23.22512,15.67988,15.873998,15.667928,15.912194,15.028852,15.429495,15.023247,15.170557,15.394872,15.059975,15.632652,15.948801,15.027837,15.449228,0.0,0.0,0.0,0.0,0.0,0.0,0.0,0.0
47440,2023.0,11.0,26.0,10.0,14.993574,14.797339,17.240456,17.594248,15.127877,14.940891,15.012542,14.913668,15.028725,15.4474745,15.022647,15.199578,15.4845295,15.169901,14.982575,14.94267,15.027723,15.46535,0.0,0.0,0.0,0.0,0.0,0.0,0.0,0.0
47441,2023.0,11.0,26.0,10.0,15.008961,14.926408,15.362013,15.058451,15.0198965,14.932402,15.02299,14.998852,15.028765,15.461674,15.023499,15.22515,16.306158,16.772684,15.024259,15.086484,15.027832,15.479359,0.0,0.0,0.0,0.0,0.0,4.0,0.0,0.0
47442,2023.0,11.0,26.0,11.0,15.008327,14.998634,14.99798,14.6909895,15.486101,15.848531,15.013303,15.032251,15.028586,15.472656,15.023593,15.245459,15.413885,14.770151,15.01549,15.111543,15.0279,15.491027,0.0,4.0,0.0,0.0,0.0,0.0,0.0,0.0
47443,2023.0,11.0,26.0,11.0,15.00955,15.058704,15.019516,14.894951,14.971842,14.89894,15.0150175,15.078903,15.028636,15.481933,15.023789,15.262332,14.998507,14.339323,15.017095,15.1465845,15.027818,15.500454,0.0,0.0,0.0,0.0,0.0,0.0,0.0,0.0
47444,2023.0,11.0,26.0,11.0,15.010439,15.107302,15.018389,15.004984,15.008408,14.959515,15.417881,15.85743,15.028681,15.489509,15.023986,15.276376,15.011721,14.4347105,15.017397,15.17516,15.027601,15.508264,0.0,4.0,4.0,0.0,0.0,0.0,0.0,0.0
47445,2023.0,11.0,26.0,11.0,15.010255,15.1474495,15.0186405,15.088375,15.001784,14.97038,14.950401,14.984446,15.028426,15.495432,15.023799,15.287554,15.247025,14.97467,15.017669,15.198193,15.297362,15.987668,0.0,4.0,0.0,0.0,0.0,0.0,0.0,4.0
47446,2023.0,11.0,26.0,11.0,15.010956,15.182091,15.065286,15.217755,15.0357275,15.090637,15.040355,15.169081,15.02844,15.500837,15.023756,15.297391,15.287131,15.006754,15.017932,15.216941,19.265347,22.78155,4.0,0.0,0.0,0.0,0.0,0.0,0.0,0.0
47447,2023.0,11.0,26.0,11.0,15.779241,15.559513,20.059084,24.004517,15.687671,16.059072,15.829534,16.347836,15.028568,15.505737,15.024034,15.306216,16.128225,16.631895,15.71801,15.408077,15.903076,15.706943,4.0,0.0,0.0,0.0,0.0,4.0,0.0,0.0
47448,2023.0,11.0,26.0,12.0,14.991648,15.155231,19.562016,22.546429,15.776565,15.891276,15.860239,16.350529,15.028107,15.508671,15.023271,15.309615,15.292321,14.726392,15.450429,16.093048,15.072025,15.188123,0.0,4.0,4.0,0.0,0.0,0.0,0.0,0.0
47449,2023.0,11.0,26.0,12.0,20.17108,24.2436,16.3774,16.084435,20.420773,24.287165,20.172747,23.877031,15.028093,15.51095,15.02287,15.309547,20.192865,23.382416,20.256649,24.31159,15.56222,16.221937,0.0,4.0,0.0,0.0,0.0,4.0,0.0,4.0
47450,2023.0,11.0,26.0,12.0,21.125496,25.28324,15.607703,15.616459,20.39514,23.70745,20.34172,23.658371,15.027777,15.510682,15.023033,15.310614,19.767921,22.341896,21.068575,25.15369,19.657242,23.24272,4.0,0.0,0.0,0.0,0.0,0.0,0.0,0.0
47451,2023.0,11.0,26.0,12.0,21.217113,24.947039,20.099615,23.614023,21.225445,24.710693,21.173811,24.681055,15.02749,15.505842,15.023217,15.311976,20.056618,22.490974,21.39044,25.175617,16.21482,16.034252,0.0,4.0,4.0,0.0,0.0,0.0,0.0,0.0
47452,2023.0,11.0,26.0,12.0,21.090353,24.327696,17.348057,17.725304,21.09249,24.117603,21.10246,24.203505,15.026599,15.496877,15.02223,15.309795,20.308205,22.631592,21.920538,25.73255,15.533617,15.853337,0.0,4.0,4.0,0.0,0.0,0.0,0.0,4.0
47453,2023.0,11.0,26.0,12.0,21.137276,24.18722,15.555582,15.330581,21.11574,23.927288,21.139963,24.058802,15.026652,15.489683,15.002611,15.253686,21.310568,24.200418,22.418295,26.28946,19.933472,23.479448,0.0,4.0,0.0,0.0,4.0,0.0,0.0,0.0
47454,2023.0,11.0,26.0,13.0,21.125786,23.979126,15.133733,14.835856,21.131702,23.806221,21.129639,23.862335,15.026237,15.483053,19.787506,23.201586,22.25575,25.582632,22.739555,26.5606,16.50662,16.325068,0.0,0.0,0.0,0.0,0.0,4.0,0.0,0.0
47455,2023.0,11.0,26.0,13.0,21.12392,23.835936,15.368455,15.473627,21.101465,23.59414,21.127426,23.723782,15.026378,15.478907,16.985094,17.418158,21.88457,24.608809,22.236311,25.336832,14.982924,14.641129,4.0,4.0,0.0,0.0,0.0,4.0,0.0,0.0
47456,2023.0,11.0,26.0,13.0,21.77019,24.72212,20.035,23.694262,21.730509,24.420797,21.805513,24.659357,15.0265465,15.475715,15.174527,14.946026,21.23601,23.22831,21.516161,23.968193,15.025097,14.939581,0.0,4.0,0.0,0.0,0.0,0.0,0.0,0.0
47457,2023.0,11.0,26.0,13.0,20.919563,23.19603,17.552801,18.22409,20.936842,22.975285,20.922531,23.090763,15.025818,15.470209,15.021211,14.949795,21.061161,22.876015,20.976475,22.988468,15.01823,15.070653,4.0,4.0,0.0,0.0,0.0,0.0,0.0,0.0
47458,2023.0,11.0,26.0,13.0,21.118746,23.594023,19.619987,22.409197,21.143631,23.381435,21.123177,23.50062,15.025834,15.469992,15.127963,15.262624,21.074877,22.84301,21.184446,23.455997,15.020753,15.172048,0.0,0.0,0.0,0.0,4.0,4.0,0.0,0.0
47459,2023.0,11.0,26.0,13.0,21.091309,23.52578,16.842262,16.657463,21.113272,23.287786,21.094019,23.435364,15.025348,15.46816,20.017101,23.387352,21.101974,22.882458,21.09085,23.289886,15.021011,15.240569,0.0,0.0,0.0,0.0,0.0,0.0,0.0,0.0
47460,2023.0,11.0,26.0,14.0,21.068989,23.442741,15.490879,15.164911,21.1152,23.25673,21.096003,23.422827,15.025481,15.468726,17.234718,17.663542,21.067596,22.759699,21.092363,23.299625,15.021357,15.290167,0.0,0.0,0.0,0.0,0.0,4.0,0.0,0.0
47461,2023.0,11.0,26.0,14.0,18.742933,18.98878,15.247277,14.93941,18.911753,19.044197,18.738285,18.877625,15.025609,15.470467,15.801867,15.916013,19.296503,19.336327,18.717577,18.73042,15.0216,15.32684,0.0,0.0,0.0,0.0,4.0,4.0,0.0,0.0
47462,2023.0,11.0,26.0,14.0,17.004208,16.50108,15.490653,15.590611,17.533924,17.262907,17.315435,17.06015,15.38417,15.844456,20.225193,23.409813,18.558365,18.529827,17.442154,17.188011,15.407837,15.7720785,4.0,0.0,0.0,0.0,0.0,4.0,0.0,0.0
47463,2023.0,11.0,26.0,14.0,16.325005,15.739919,20.065353,23.657537,16.983198,16.649834,16.775478,16.461466,15.089146,15.388533,17.508886,17.89745,18.311779,18.30602,16.92972,16.657583,15.491574,15.544551,0.0,0.0,0.0,0.0,0.0,4.0,0.0,0.0
47464,2023.0,11.0,26.0,14.0,17.108915,17.590881,17.432796,17.941195,16.620792,16.282167,16.418287,16.09965,15.070781,15.425712,15.741539,15.522026,17.372646,16.729761,16.564386,16.298079,15.042335,15.263152,0.0,0.0,0.0,0.0,0.0,0.0,0.0,0.0
47465,2023.0,11.0,26.0,14.0,16.291721,15.926148,15.617669,15.430559,17.04297,17.33046,16.129261,15.811935,15.019406,15.378973,15.28416,15.011031,16.816021,16.099134,16.263908,16.00664,15.020499,15.294523,0.0,4.0,0.0,0.0,0.0,0.0,0.0,0.0
47466,2023.0,11.0,26.0,15.0,16.380934,16.508484,15.164098,14.866866,16.46654,16.24351,15.88312,15.566855,15.027696,15.430019,14.996052,14.736694,16.528902,15.816606,16.00725,15.757519,15.4310875,16.104004,0.0,0.0,0.0,0.0,0.0,0.0,0.0,4.0
47467,2023.0,11.0,26.0,15.0,16.428173,16.603626,15.403522,15.506279,15.624202,14.923469,15.677757,15.368923,15.0265665,15.452833,15.022176,14.938159,16.309757,15.614954,15.789939,15.551824,19.16326,22.485733,4.0,0.0,0.0,0.0,0.0,0.0,0.0,0.0
47468,2023.0,11.0,26.0,15.0,15.619877,15.1805525,19.959234,23.50839,15.861306,15.676007,15.497743,15.19245,15.027478,15.474602,15.017825,15.0403,16.469799,16.138681,15.596995,15.367225,16.006014,15.871223,0.0,4.0,0.0,0.0,0.0,0.0,0.0,0.0
47469,2023.0,11.0,26.0,15.0,15.174995,14.654964,17.61206,18.309198,15.329855,14.6678095,15.340347,15.039663,15.027456,15.489669,15.019794,15.117221,16.482859,16.211407,15.426563,15.203684,15.038386,15.049498,4.0,0.0,0.0,0.0,0.0,0.0,0.0,0.0
47470,2023.0,11.0,26.0,15.0,15.684069,15.784932,19.567894,22.276772,14.998962,14.346154,15.200532,14.9038105,15.02803,15.5027,15.006496,15.133953,16.38296,16.121584,15.269888,15.048685,15.021328,15.162197,0.0,0.0,0.0,0.0,4.0,0.0,0.0,0.0
47471,2023.0,11.0,26.0,15.0,15.182326,14.767143,16.883274,16.711008,15.798268,16.016832,15.076434,14.784676,15.027565,15.510367,19.912155,23.307194,16.283049,16.029463,15.135275,14.92392,15.024025,15.262263,0.0,4.0,0.0,0.0,0.0,0.0,0.0,0.0
47472,2023.0,11.0,26.0,16.0,15.014977,14.6936035,15.559085,15.234468,15.052009,14.589363,15.712463,16.073942,15.028274,15.519414,17.13932,17.59043,16.992897,17.456944,15.013325,14.806549,15.02409,15.327844,0.0,0.0,4.0,0.0,0.0,4.0,0.0,0.0
47473,2023.0,11.0,26.0,16.0,15.014205,14.778353,15.307548,14.990349,15.038043,14.655513,15.314671,15.181502,15.099126,15.623216,15.336555,15.131261,16.887701,16.994034,15.012099,14.897387,15.024874,15.382145,0.0,0.0,0.0,4.0,0.0,4.0,0.0,0.0
47474,2023.0,11.0,26.0,16.0,15.039592,14.923597,15.090087,14.778426,15.016586,14.694704,15.2956295,15.293034,19.355536,23.00536,14.994297,14.82357,16.04771,15.490291,15.009914,14.952735,15.02509,15.4196415,0.0,0.0,4.0,0.0,0.0,0.0,0.0,0.0
47475,2023.0,11.0,26.0,16.0,15.0149145,14.929317,15.006199,14.786775,15.697216,16.05661,15.335138,15.358149,16.555578,16.937887,15.023007,15.01654,15.639792,15.013677,15.011016,15.000918,15.025365,15.4479475,0.0,4.0,4.0,4.0,0.0,0.0,0.0,0.0
47476,2023.0,11.0,26.0,16.0,15.751144,16.368841,15.279591,15.403258,15.329189,15.212172,15.316963,15.345698,19.635115,22.809757,15.019796,15.099731,15.486848,14.86186,15.838311,16.587477,15.356556,16.059807,4.0,0.0,4.0,0.0,0.0,0.0,4.0,4.0
47477,2023.0,11.0,26.0,16.0,16.057453,16.73561,19.8979,23.477541,15.301732,15.29853,15.567747,15.608111,16.357397,16.234043,15.021033,15.164894,16.586542,17.08953,15.609521,15.743356,20.21576,24.357393,0.0,4.0,0.0,0.0,0.0,4.0,0.0,4.0
47478,2023.0,11.0,26.0,17.0,15.752451,16.062841,17.563889,18.266193,14.990399,14.768191,14.990272,14.76035,14.999829,14.773207,15.000375,15.158046,16.611025,16.76576,15.740511,16.20315,20.015686,23.477303,4.0,0.0,0.0,0.0,4.0,4.0,4.0,0.0
47479,2023.0,11.0,26.0,17.0,15.621833,15.901199,20.206861,23.48304,15.213527,15.214884,15.767061,15.999808,15.026101,15.035152,19.68695,22.925947,16.52859,16.662184,15.9292345,16.40093,16.479925,16.298876,4.0,4.0,0.0,0.0,0.0,4.0,4.0,0.0
47480,2023.0,11.0,26.0,17.0,15.611335,15.896544,20.065268,22.804127,15.296071,15.333955,16.456408,17.031988,15.023325,15.164669,17.060947,17.502054,16.547989,16.683548,15.663106,15.753194,15.826103,16.12289,0.0,4.0,4.0,0.0,0.0,4.0,0.0,4.0
47481,2023.0,11.0,26.0,17.0,15.599314,15.887813,17.479212,17.550896,15.293963,15.338673,15.744362,15.840163,15.02396,15.25642,15.300404,15.11109,15.8320465,15.324169,15.009165,14.835362,20.357712,24.043583,4.0,4.0,4.0,0.0,0.0,0.0,0.0,4.0
47482,2023.0,11.0,26.0,17.0,15.672323,15.856981,20.21632,23.07854,15.2845745,15.335206,15.6936035,15.691505,15.024496,15.325282,14.998427,14.854787,15.435687,14.841671,15.926367,15.419206,20.065994,23.112524,4.0,4.0,0.0,0.0,0.0,0.0,0.0,0.0
47483,2023.0,11.0,26.0,17.0,15.686804,15.130338,20.068815,22.491035,15.273092,15.329619,15.644808,14.866229,15.239983,15.753293,15.020688,15.024235,15.289636,14.694934,15.67742,15.125296,16.802528,16.564898,0.0,4.0,0.0,4.0,0.0,0.0,0.0,0.0
47484,2023.0,11.0,26.0,18.0,15.468552,15.73918,17.633839,17.609135,15.260644,15.323207,15.015826,14.790521,19.984482,23.95276,15.018442,15.097969,15.195145,14.611022,15.0087,15.00079,16.230541,16.535818,4.0,4.0,0.0,0.0,0.0,0.0,0.0,4.0
47485,2023.0,11.0,26.0,18.0,19.586021,22.817392,20.22273,22.879696,20.331232,24.184202,21.08512,25.450588,16.883015,17.248415,15.019603,15.155383,20.983511,24.64889,21.70806,26.364689,20.408302,23.8817,4.0,4.0,4.0,4.0,0.0,4.0,4.0,4.0
47486,2023.0,11.0,26.0,18.0,20.733555,24.344627,20.067734,22.329338,20.671532,24.200548,20.886532,24.495468,19.733696,22.945625,15.019273,15.19317,19.908897,22.437302,21.054173,24.742006,20.067226,22.910513,0.0,4.0,0.0,0.0,0.0,0.0,4.0,0.0
47487,2023.0,11.0,26.0,18.0,21.131596,24.58598,17.748169,17.705006,21.124556,24.50408,21.140915,24.473276,16.57074,16.435022,15.019001,15.217711,20.849424,23.683582,21.177433,24.529236,16.972511,16.725344,4.0,4.0,4.0,0.0,0.0,4.0,0.0,0.0
47488,2023.0,11.0,26.0,18.0,21.52779,24.866796,20.249176,22.811455,21.126745,24.156885,21.13381,24.13928,14.979389,14.576294,15.019389,15.236526,21.361366,24.265194,21.726072,25.18567,15.479292,14.915285,4.0,4.0,4.0,0.0,0.0,4.0,0.0,0.0
47489,2023.0,11.0,26.0,18.0,21.818535,25.085659,20.048449,22.182821,21.106325,23.867397,21.107273,23.863367,15.026906,14.895731,15.019155,15.248756,21.024622,23.399937,21.991812,25.368637,16.05811,16.420294,4.0,4.0,4.0,0.0,0.0,0.0,0.0,4.0
47490,2023.0,11.0,26.0,19.0,21.777615,24.849377,20.115278,22.18389,22.102253,25.393387,22.091356,25.387548,15.016693,15.027778,15.018941,15.256,21.144753,23.421505,22.129604,25.349941,20.348442,23.795496,0.0,4.0,4.0,0.0,0.0,0.0,0.0,4.0
47491,2023.0,11.0,26.0,19.0,21.034325,23.390158,17.929213,17.871061,20.957436,23.148832,20.960968,23.182539,15.019355,15.132469,15.018508,15.259639,21.388111,23.677143,21.043951,23.299618,20.061735,22.88173,4.0,4.0,4.0,0.0,0.0,0.0,0.0,0.0
47492,2023.0,11.0,26.0,19.0,21.162552,23.580622,20.26103,22.668625,21.113834,23.393759,21.115467,23.432152,15.0194845,15.201829,14.9986515,15.215215,21.082668,23.029543,21.10898,23.41912,17.026943,16.782942,4.0,4.0,4.0,0.0,4.0,4.0,0.0,0.0
47493,2023.0,11.0,26.0,19.0,22.529133,25.826082,20.06639,22.102564,21.162056,23.433437,21.162586,23.476036,15.019739,15.250589,19.913603,23.379673,21.60723,23.871138,21.201777,23.561625,15.579789,15.043923,0.0,4.0,4.0,0.0,0.0,0.0,4.0,0.0
47494,2023.0,11.0,26.0,19.0,20.900566,22.828714,17.981972,17.971138,21.09205,23.24152,21.094172,23.291721,15.019442,15.282762,17.397795,18.097246,21.025688,22.716917,21.117586,23.362074,15.158904,14.635514,4.0,4.0,4.0,0.0,4.0,0.0,0.0,0.0
47495,2023.0,11.0,26.0,19.0,21.86063,24.462624,20.298264,22.727219,21.291142,23.5964,21.210043,23.500914,15.858577,16.59934,20.230076,23.576344,21.518963,23.504454,21.977407,24.813616,15.1694565,14.95198,0.0,4.0,0.0,0.0,0.0,0.0,4.0,0.0
47496,2023.0,11.0,26.0,20.0,20.925755,22.76518,17.763222,17.574091,21.087904,23.144682,21.08574,23.188944,15.579251,15.650482,17.81953,18.453407,20.989943,22.544682,20.952164,22.807556,16.135088,16.895079,0.0,4.0,4.0,0.0,4.0,0.0,0.0,4.0
47497,2023.0,11.0,26.0,20.0,21.665745,24.094208,16.607052,16.31841,21.761765,24.133564,21.798183,24.146376,15.88088,15.432499,20.195198,23.092821,21.649088,23.563011,21.987343,24.44757,20.305292,23.913965,0.0,0.0,4.0,0.0,0.0,0.0,0.0,0.0
47498,2023.0,11.0,26.0,20.0,20.950224,22.75248,16.795677,16.921085,20.926289,22.633205,21.09494,23.10882,15.006878,15.157652,17.341066,17.240192,21.030964,22.58939,21.348461,23.442404,16.954678,16.875113,4.0,4.0,0.0,0.0,0.0,4.0,0.0,0.0
47499,2023.0,11.0,26.0,20.0,21.180973,23.247158,20.248417,23.127235,21.185915,23.161844,21.163166,23.228209,15.020561,15.237698,15.943659,15.690201,21.132795,22.78561,21.254124,23.286196,15.305285,14.838354,0.0,4.0,0.0,0.0,0.0,0.0,4.0,0.0
47500,2023.0,11.0,26.0,20.0,21.102472,23.123499,18.270264,18.875,21.079428,22.947855,21.1045,23.091717,15.018684,15.271364,16.066883,16.186481,21.056877,22.587757,21.067217,22.923655,15.194273,14.998525,4.0,4.0,0.0,0.0,4.0,4.0,4.0,0.0
47501,2023.0,11.0,26.0,20.0,21.918413,24.388796,20.351871,22.991674,21.257694,23.315954,21.154388,23.202757,15.347371,15.902265,20.42508,23.56799,21.714958,23.737564,21.395416,23.588343,15.096464,14.931349,4.0,0.0,4.0,4.0,0.0,4.0,4.0,0.0
47502,2023.0,11.0,26.0,21.0,20.912977,22.591099,20.043806,22.133486,21.07485,22.910913,21.087801,23.105162,20.48945,24.574305,17.711224,18.070812,20.965471,22.276854,21.065638,22.921528,16.003584,16.796793,4.0,4.0,0.0,4.0,0.0,4.0,4.0,4.0
47503,2023.0,11.0,26.0,21.0,21.094765,22.969398,20.090302,22.059025,21.104113,22.974789,21.104752,23.095095,20.056057,23.33099,16.479763,16.630587,21.06824,22.494925,21.103924,23.020067,20.40374,24.194324,4.0,0.0,0.0,0.0,4.0,4.0,0.0,4.0
47504,2023.0,11.0,26.0,21.0,21.152042,23.102346,20.14126,22.046053,21.148678,23.02617,21.151371,23.152504,16.806543,16.683006,20.393784,23.341864,21.123417,22.626371,21.169483,23.13306,20.432749,23.657051,4.0,4.0,0.0,0.0,0.0,0.0,0.0,0.0
47505,2023.0,11.0,26.0,21.0,21.27573,23.354258,20.09778,21.885555,21.10212,22.935658,21.076723,23.015514,15.234325,14.747945,17.822222,18.157005,21.24456,22.856071,21.095005,22.961004,17.255867,17.143919,0.0,0.0,0.0,0.0,0.0,0.0,0.0,0.0
47506,2023.0,11.0,26.0,21.0,21.098501,23.014025,17.932701,17.673733,21.095882,22.904684,21.079529,23.02385,15.629508,15.844038,16.656757,16.811636,21.05139,22.43248,21.094227,22.939413,15.670499,15.207306,0.0,0.0,0.0,4.0,4.0,4.0,0.0,0.0
47507,2023.0,11.0,26.0,21.0,21.149433,23.08864,16.982914,16.699265,21.15409,23.001999,21.155478,23.174402,20.141706,23.378517,20.385433,23.159998,21.124067,22.57346,21.175701,23.120806,16.265652,16.701483,0.0,0.0,0.0,0.0,4.0,4.0,0.0,4.0
47508,2023.0,11.0,26.0,22.0,21.097189,22.994215,17.175207,17.309639,21.072004,22.863918,21.078138,23.012533,16.94763,16.890194,20.051832,22.39524,21.054983,22.428904,21.03854,22.825891,20.766155,24.193653,4.0,0.0,0.0,0.0,0.0,4.0,4.0,0.0
47509,2023.0,11.0,26.0,22.0,21.161106,23.106815,20.263115,22.88151,21.16676,23.064821,21.175135,23.176657,15.274051,14.800058,17.484371,17.258392,21.131817,22.575142,21.192045,23.131664,17.38962,17.326672,0.0,0.0,4.0,0.0,0.0,4.0,0.0,0.0
47510,2023.0,11.0,26.0,22.0,21.091196,22.949911,18.474964,19.05695,21.049326,22.812483,21.081585,22.999306,15.154669,14.951565,16.384733,16.132988,21.054052,22.408089,21.090744,22.89822,15.707656,15.25158,4.0,4.0,0.0,0.0,0.0,4.0,0.0,0.0
47511,2023.0,11.0,26.0,22.0,21.201756,23.18093,20.28961,22.650902,21.189617,23.098394,21.163189,23.107622,15.712638,16.13027,16.463697,16.531685,21.281113,22.85203,21.183504,23.05758,15.567524,15.378588,4.0,4.0,0.0,4.0,4.0,4.0,0.0,0.0
47512,2023.0,11.0,26.0,22.0,21.166277,23.085648,20.107477,22.080143,21.167744,23.026196,21.157667,23.036118,21.488811,25.738277,20.45759,23.349745,21.131308,22.535507,21.187893,23.077768,15.447542,15.286511,4.0,0.0,4.0,4.0,0.0,4.0,0.0,0.0
47513,2023.0,11.0,26.0,22.0,21.0939,22.939323,20.08287,21.883492,21.091654,22.835037,21.100107,22.910707,19.890139,22.550468,17.920412,18.225853,21.081846,22.441097,21.073698,22.85058,15.2768345,15.123924,4.0,0.0,0.0,0.0,0.0,0.0,0.0,0.0
47514,2023.0,11.0,26.0,23.0,21.088541,22.905436,20.09366,21.818235,21.091934,22.804138,21.094275,22.873234,17.065365,16.884506,16.446419,16.271759,21.04718,22.334085,21.073423,22.849716,15.128687,14.981957,0.0,0.0,0.0,0.0,0.0,4.0,0.0,0.0
47515,2023.0,11.0,26.0,23.0,19.47722,19.768728,18.017086,17.768705,19.352934,19.48208,19.28603,19.423416,15.669508,15.194814,16.374483,16.442846,19.162441,18.734093,19.172302,19.189611,15.006551,14.870575,0.0,0.0,0.0,0.0,4.0,0.0,0.0,0.0
47516,2023.0,11.0,26.0,23.0,18.203487,17.741978,17.357,16.993164,18.464563,18.210863,18.377947,18.142923,15.599206,15.3775215,16.04808,15.901505,19.187618,19.209352,18.386787,18.162794,15.010202,14.952152,0.0,0.0,0.0,0.0,0.0,4.0,0.0,0.0
47517,2023.0,11.0,26.0,23.0,17.583921,17.075003,17.0896,16.8142,18.015404,17.744524,17.915764,17.668097,15.472438,15.300259,15.735921,15.553174,18.43874,17.867582,17.971346,17.754725,15.010075,15.012341,0.0,0.0,0.0,0.0,0.0,0.0,0.0,0.0
47518,2023.0,11.0,26.0,23.0,17.210339,16.69719,16.805462,16.528503,17.674252,17.388765,17.55999,17.298058,15.276813,15.109056,15.529131,15.336022,17.907707,17.26727,17.633755,17.41433,15.012456,15.0621395,0.0,0.0,0.0,0.0,0.0,0.0,0.0,0.0
47519,2023.0,11.0,26.0,23.0,17.331059,17.232515,16.573895,16.304373,17.41525,17.137987,17.28993,17.036402,15.106358,14.947016,15.37324,15.187547,17.642254,17.019869,17.368294,17.160591,15.011481,15.09468,0.0,0.0,0.0,0.0,0.0,0.0,0.0,0.0
47520,2023.0,11.0,27.0,0.0,17.232422,17.160162,16.378866,16.116571,17.198156,16.929409,17.06433,16.819204,14.997119,14.888399,15.236958,15.058741,17.799192,17.563139,17.143496,16.947271,15.01277,15.124903,0.0,0.0,0.0,0.0,0.0,0.0,0.0,0.0
47521,2023.0,11.0,27.0,0.0,17.071495,17.002396,16.203,15.938508,17.00413,16.735138,16.863365,16.617588,15.011178,15.019585,15.110284,14.93324,17.745726,17.53113,16.944862,16.753885,15.021079,15.166736,0.0,0.0,0.0,0.0,0.0,0.0,0.0,0.0
47522,2023.0,11.0,27.0,0.0,16.937737,16.88556,16.07051,15.82549,17.584755,17.976507,16.70904,16.483625,15.011143,15.065762,14.997813,14.83648,17.634182,17.433622,16.783459,16.609436,15.0102,15.158965,0.0,4.0,0.0,0.0,0.0,0.0,0.0,0.0
47523,2023.0,11.0,27.0,0.0,17.59336,18.237087,16.423,16.601345,17.10218,16.97486,16.560492,16.339394,15.013196,15.113813,15.011731,14.928608,17.516193,17.313683,16.63263,16.463903,15.013101,15.179188,4.0,0.0,0.0,0.0,0.0,0.0,0.0,0.0
47524,2023.0,11.0,27.0,0.0,17.114567,17.19302,16.097689,15.946487,16.35861,15.766178,16.428156,16.210365,15.319432,15.713694,15.164905,15.262145,17.409016,17.206364,16.498081,16.333345,15.01271,15.190466,0.0,0.0,0.0,4.0,4.0,0.0,0.0,0.0
47525,2023.0,11.0,27.0,0.0,16.386875,16.001125,15.821277,15.594071,16.036459,15.395111,16.310024,16.095097,14.946606,15.009203,14.972747,14.920675,17.31161,17.107876,16.373005,16.204506,15.013274,15.201675,0.0,0.0,0.0,0.0,0.0,0.0,0.0,0.0
47526,2023.0,11.0,27.0,1.0,16.092934,15.666577,15.698277,15.4647045,16.23105,15.952895,16.203678,15.991151,15.027168,15.193738,15.110314,15.219104,17.223173,17.018684,16.260038,16.090647,15.013409,15.210599,0.0,0.0,0.0,0.0,4.0,0.0,0.0,0.0
47527,2023.0,11.0,27.0,1.0,16.297354,16.224257,15.606652,15.3772955,16.251974,16.018827,16.110886,15.903774,15.012346,15.188711,14.985228,14.994529,17.144964,16.941906,16.160658,15.992947,15.012946,15.217983,0.0,0.0,0.0,0.0,0.0,0.0,0.0,0.0
47528,2023.0,11.0,27.0,1.0,16.322216,16.284395,15.522314,15.29313,16.181131,15.954528,16.022863,15.816719,15.02653,15.233807,15.091143,15.217234,17.072382,16.869165,16.068827,15.90062,15.026911,15.252544,0.0,0.0,0.0,0.0,4.0,0.0,0.0,0.0
47529,2023.0,11.0,27.0,1.0,16.262312,16.22769,15.451819,15.228126,16.1092,15.888823,15.94704,15.746354,15.026941,15.23976,15.0414915,15.090561,17.008091,16.806868,15.987549,15.821354,15.026502,15.252305,0.0,0.0,0.0,0.0,0.0,0.0,0.0,0.0
47530,2023.0,11.0,27.0,1.0,16.20643,16.181261,15.39189,15.1773405,16.045017,15.834003,15.881199,15.689281,15.265831,15.684085,15.020601,15.070952,16.950819,16.753431,15.915271,15.753131,15.418897,15.984918,0.0,0.0,0.0,4.0,0.0,0.0,0.0,4.0
47531,2023.0,11.0,27.0,1.0,16.149347,16.127388,15.33409,15.124912,15.982451,15.777506,15.81805,15.631303,15.079539,15.21802,15.009939,15.077445,16.89658,16.701561,15.847324,15.687506,14.952021,15.075216,0.0,0.0,0.0,4.0,0.0,0.0,0.0,0.0
47532,2023.0,11.0,27.0,2.0,16.091684,16.069427,15.275966,15.066987,15.919116,15.715188,15.754589,15.568045,15.047545,15.262765,15.020201,15.119548,16.843355,16.647913,15.781391,15.620918,15.045992,15.283717,0.0,0.0,0.0,0.0,0.0,0.0,0.0,0.0
47533,2023.0,11.0,27.0,2.0,16.041788,16.02354,15.225015,15.019288,15.862376,15.662278,15.698104,15.5147295,15.0096445,15.152163,15.020933,15.130613,16.794888,16.600496,15.721697,15.562347,15.044873,15.253448,0.0,0.0,0.0,4.0,0.0,0.0,0.0,0.0
47534,2023.0,11.0,27.0,2.0,16.00202,15.994584,15.177204,14.974491,15.808587,15.612056,15.644759,15.464344,15.000792,15.160978,15.021956,15.144003,16.749002,16.555647,15.665604,15.507353,15.026518,15.2402935,0.0,0.0,0.0,4.0,0.0,0.0,0.0,0.0
47535,2023.0,11.0,27.0,2.0,15.958939,15.954119,15.135078,14.93799,15.760236,15.569743,15.597016,15.422056,15.032823,15.243814,15.010482,15.132317,16.706778,16.51576,15.614243,15.458564,15.452861,16.043804,0.0,0.0,0.0,0.0,0.0,0.0,0.0,4.0
47536,2023.0,11.0,27.0,2.0,15.913215,15.908078,15.093112,14.899095,15.712229,15.525344,15.54997,15.377938,15.02406,15.227361,15.013131,15.146475,16.665644,16.476013,15.564649,15.410371,14.957381,15.0697975,0.0,0.0,0.0,0.0,0.0,0.0,0.0,0.0
47537,2023.0,11.0,27.0,2.0,15.866139,15.858331,15.049536,14.85467,15.662563,15.475316,15.501382,15.328459,15.048984,15.2735405,15.024175,15.176504,16.624245,16.433922,15.515261,15.3601675,15.044641,15.272662,0.0,0.0,0.0,0.0,0.0,0.0,0.0,0.0
47538,2023.0,11.0,27.0,3.0,15.828265,15.824983,15.013561,14.823391,15.620361,15.438194,15.460251,15.29184,15.01017,15.216692,15.016816,15.14874,16.58733,16.399202,15.471198,15.318399,15.475914,16.070318,0.0,0.0,0.0,0.0,4.0,0.0,0.0,4.0
47539,2023.0,11.0,27.0,3.0,15.792041,15.792649,15.001715,14.835218,15.577332,15.397382,15.41855,15.251674,15.016468,15.244944,15.001738,15.135992,16.55008,16.36242,15.427576,15.275457,14.954289,15.056212,0.0,0.0,0.0,0.0,4.0,0.0,0.0,0.0
47540,2023.0,11.0,27.0,3.0,15.768711,15.783105,15.00332,14.866421,15.532001,15.350569,15.374671,15.205906,15.030399,15.284943,15.026867,15.211439,16.511818,16.322784,15.383325,15.229865,15.044198,15.269157,0.0,0.0,0.0,0.0,0.0,0.0,0.0,0.0
47541,2023.0,11.0,27.0,3.0,15.735786,15.75101,15.004885,14.89015,15.49087,15.310798,15.334869,15.167002,15.031232,15.290641,15.027205,15.209311,16.476082,16.287195,15.342129,15.188964,15.045143,15.258112,0.0,0.0,0.0,0.0,0.0,0.0,0.0,0.0
47542,2023.0,11.0,27.0,3.0,15.697741,15.709563,15.003849,14.905137,15.452336,15.274833,15.297475,15.131701,15.260198,15.706964,15.011884,15.185955,16.44171,16.25348,15.302814,15.150464,15.010174,15.221553,0.0,0.0,0.0,4.0,0.0,0.0,0.0,0.0
47543,2023.0,11.0,27.0,3.0,15.661171,15.671564,15.006921,14.929391,15.412213,15.234519,15.258527,15.092283,15.342659,15.797846,15.028183,15.223589,16.406958,16.218351,15.2635355,15.110925,15.028867,15.28162,0.0,0.0,0.0,4.0,0.0,0.0,0.0,0.0
47544,2023.0,11.0,27.0,4.0,15.624167,15.631066,15.004135,14.9372635,15.375611,15.200221,15.222955,15.058619,14.974752,15.136837,15.011647,15.193889,16.373268,16.18521,15.225804,15.0739355,15.013062,15.261699,0.0,0.0,0.0,0.0,0.0,0.0,0.0,0.0
47545,2023.0,11.0,27.0,4.0,15.588947,15.594581,15.008892,14.961904,15.33825,15.163347,15.186674,15.022577,15.050433,15.310511,15.028596,15.234866,16.338423,16.150702,15.187393,15.0358095,15.031313,15.312948,0.0,0.0,0.0,0.0,0.0,0.0,0.0,0.0
47546,2023.0,11.0,27.0,4.0,15.553449,15.556408,15.009509,14.974481,15.303143,15.129905,15.152603,14.989867,15.050285,15.287062,15.029019,15.235523,16.304874,16.117968,15.150486,14.999708,15.031134,15.316747,0.0,0.0,0.0,0.0,0.0,0.0,0.0,0.0
47547,2023.0,11.0,27.0,4.0,15.527886,15.538042,15.0052,14.977602,15.270774,15.100951,15.121193,14.961484,15.011611,15.241374,15.012894,15.211421,16.273146,16.087961,15.115795,14.96684,15.405001,16.008562,0.0,0.0,0.0,0.0,0.0,0.0,0.0,4.0
47548,2023.0,11.0,27.0,4.0,15.509614,15.530302,15.005896,14.990686,15.237314,15.068959,15.088951,14.930251,15.017509,15.270716,15.015252,15.221875,16.241148,16.056667,15.081079,14.932841,14.962642,15.141154,0.0,0.0,0.0,0.0,0.0,0.0,0.0,0.0
47549,2023.0,11.0,27.0,4.0,15.480157,15.499333,15.012027,15.014495,15.202803,15.034094,15.055807,14.89654,15.032398,15.313686,15.030175,15.256075,16.209435,16.025091,15.046558,14.898266,15.050296,15.335063,0.0,0.0,0.0,0.0,0.0,0.0,0.0,0.0
47550,2023.0,11.0,27.0,5.0,15.448209,15.46456,15.012191,15.023163,15.170627,15.003303,15.024836,14.866638,15.032119,15.317175,15.003154,15.183902,16.17921,15.995742,15.013777,14.86632,15.02889,15.295942,0.0,0.0,0.0,0.0,4.0,0.0,0.0,0.0
47551,2023.0,11.0,27.0,5.0,15.417966,15.433689,15.0128355,15.033899,15.139811,14.974568,15.000168,14.848479,15.032613,15.32515,15.031191,15.275135,16.150396,15.968619,15.0011215,14.872516,15.030854,15.321525,0.0,0.0,0.0,0.0,0.0,0.0,0.0,0.0
47552,2023.0,11.0,27.0,5.0,15.387418,15.401538,15.013696,15.0445385,15.109764,14.946546,15.00246,14.88035,15.0326605,15.330517,15.030124,15.265186,16.122416,15.942324,15.002256,14.8968935,15.031572,15.332654,0.0,0.0,0.0,0.0,0.0,0.0,0.0,0.0
47553,2023.0,11.0,27.0,5.0,15.366676,15.388866,15.006084,15.038961,15.081845,14.9220705,15.002446,14.897315,15.014663,15.303189,15.013331,15.238895,16.09574,15.91799,15.0037,14.913393,15.398883,16.012535,0.0,0.0,0.0,0.0,0.0,0.0,0.0,4.0
47554,2023.0,11.0,27.0,5.0,15.341041,15.363583,15.00744,15.050986,15.054015,14.89711,15.002882,14.915327,15.017286,15.314215,15.000187,15.202956,16.069614,15.894337,16.01566,16.832129,15.270078,15.627698,0.0,0.0,0.0,0.0,4.0,0.0,4.0,4.0
47555,2023.0,11.0,27.0,5.0,15.31224,15.333451,15.007485,15.059835,15.026638,14.871253,15.689564,16.21572,15.017033,15.318679,15.01911,15.26162,16.043287,15.869711,15.203909,14.929071,15.1977005,15.534492,0.0,0.0,4.0,0.0,0.0,0.0,0.0,4.0
47556,2023.0,11.0,27.0,6.0,15.284632,15.305726,15.007752,15.068482,14.999588,14.847451,15.286708,15.2357435,15.017232,15.323295,15.015333,15.256999,16.01661,15.843943,15.028924,14.892586,15.006387,15.235532,0.0,0.0,0.0,0.0,0.0,0.0,0.0,0.0
47557,2023.0,11.0,27.0,6.0,20.491539,24.376278,15.008038,15.076691,20.908772,25.155216,19.79916,23.182577,15.017484,15.327132,15.01606,15.260467,20.066755,22.693794,20.159603,23.510937,15.028264,15.292035,0.0,4.0,0.0,0.0,0.0,0.0,0.0,0.0
47558,2023.0,11.0,27.0,6.0,21.030935,24.704157,15.008258,15.084057,21.00228,24.652367,20.553988,23.99803,15.016959,15.326514,15.01589,15.261097,20.884281,23.966908,20.942677,24.585058,15.024624,15.287571,0.0,0.0,0.0,0.0,0.0,0.0,0.0,0.0
47559,2023.0,11.0,27.0,6.0,21.104574,24.41299,15.008486,15.091072,21.135998,24.387236,21.18476,24.655148,15.200596,15.642538,15.015845,15.260283,21.353104,24.377567,21.991917,25.90609,15.138121,15.4630575,0.0,0.0,0.0,4.0,0.0,0.0,0.0,4.0
47560,2023.0,11.0,27.0,6.0,21.11369,24.08183,15.251284,15.537192,21.113031,23.988506,21.085196,24.113066,20.071795,24.016651,15.015627,15.258005,21.771175,24.800257,22.309614,25.985836,19.753498,23.44403,4.0,0.0,0.0,0.0,0.0,0.0,0.0,0.0
47561,2023.0,11.0,27.0,6.0,21.082638,23.758204,19.876032,23.385103,21.087372,23.73406,21.095144,23.894958,17.057953,17.487461,15.016052,15.255393,21.036745,23.197416,21.566517,24.522045,16.500278,16.51066,0.0,0.0,0.0,0.0,0.0,4.0,4.0,0.0
47562,2023.0,11.0,27.0,7.0,21.111113,23.660973,17.700686,18.48512,21.089247,23.5862,21.092411,23.718744,15.360888,15.245748,15.014366,15.245296,22.084225,24.966692,21.469309,23.963333,14.977105,14.7254715,4.0,0.0,0.0,0.0,0.0,0.0,0.0,0.0
47563,2023.0,11.0,27.0,7.0,22.072393,24.987103,20.216938,23.467455,21.899572,24.800304,22.05528,25.078997,15.033389,14.89179,15.015311,15.240018,21.524384,23.628511,22.013706,24.645964,15.019474,14.959801,0.0,0.0,0.0,0.0,0.0,0.0,0.0,0.0
47564,2023.0,11.0,27.0,7.0,21.074427,23.288431,17.342598,17.416336,20.92866,22.915195,20.90703,22.966225,15.014176,14.998871,15.051107,15.27603,20.979538,22.559036,20.890064,22.626125,15.815136,16.556795,0.0,4.0,0.0,0.0,4.0,4.0,0.0,4.0
47565,2023.0,11.0,27.0,7.0,21.782476,24.312773,15.598242,15.088267,21.687332,24.22923,21.646568,24.253056,16.023394,15.602164,20.202656,24.068497,21.540634,23.503632,21.836092,24.179724,20.885342,25.041658,0.0,0.0,0.0,0.0,4.0,4.0,4.0,4.0
47566,2023.0,11.0,27.0,7.0,21.273819,23.454973,15.90706,16.002954,21.242357,23.329523,21.406925,23.807411,15.794394,16.21965,20.02009,23.17746,21.233273,22.912537,21.406925,23.487026,20.623463,24.18007,4.0,4.0,0.0,0.0,0.0,4.0,0.0,4.0
47567,2023.0,11.0,27.0,7.0,21.783304,24.272814,20.240871,23.534975,21.750675,24.125193,21.652815,24.040756,14.99371,14.983208,17.003695,16.951118,21.644897,23.571533,22.138094,24.617352,20.13146,22.877542,0.0,4.0,4.0,0.0,0.0,4.0,0.0,0.0
47568,2023.0,11.0,27.0,8.0,20.93414,22.644257,17.786196,18.26617,20.94247,22.561136,20.933022,22.691284,15.015471,15.085695,16.127937,16.280561,20.95859,22.246246,20.896574,22.322008,17.25864,17.108486,0.0,4.0,4.0,0.0,4.0,4.0,4.0,0.0
47569,2023.0,11.0,27.0,8.0,19.319988,19.61817,16.644829,16.929838,19.277763,19.425663,19.138346,19.291485,16.242584,16.096428,20.362911,23.62815,19.038097,18.630003,18.80823,18.468084,16.803284,17.182766,4.0,4.0,4.0,0.0,4.0,0.0,0.0,4.0
47570,2023.0,11.0,27.0,8.0,18.540684,18.765345,20.291655,23.375849,18.385277,18.366993,18.228512,18.233114,15.729004,16.294073,20.040344,22.633959,18.834969,18.916517,17.701775,17.177818,22.161648,26.254286,0.0,4.0,4.0,4.0,4.0,4.0,0.0,4.0
47571,2023.0,11.0,27.0,8.0,18.253563,18.492598,17.759575,17.991102,18.059462,18.043093,17.274906,16.730696,21.412218,25.859093,20.101305,22.467388,18.132135,17.65955,18.254818,18.63822,21.428219,24.629251,4.0,4.0,0.0,4.0,4.0,0.0,4.0,0.0
47572,2023.0,11.0,27.0,8.0,18.04277,18.294476,20.205029,23.003347,17.831467,17.829407,16.703482,16.068806,20.90422,24.522448,20.105751,22.286348,17.582634,17.01166,18.374989,18.789988,18.153915,18.056934,0.0,4.0,0.0,0.0,0.0,0.0,4.0,0.0
47573,2023.0,11.0,27.0,8.0,17.874445,18.137823,17.638338,17.636261,17.646837,17.658236,16.39834,15.765519,17.413086,17.392845,17.675127,17.47741,17.29985,16.73109,18.256594,18.683842,16.491617,16.043137,0.0,4.0,0.0,0.0,0.0,0.0,4.0,0.0
47574,2023.0,11.0,27.0,9.0,17.063644,16.72246,16.727905,16.421923,16.86536,16.313957,16.204191,15.572573,16.159925,15.647114,16.906834,16.608162,17.12218,16.560383,17.195145,16.775106,16.056543,15.574653,0.0,0.0,0.0,0.0,0.0,0.0,0.0,0.0
47575,2023.0,11.0,27.0,9.0,16.677202,16.248207,16.497963,16.26038,16.476036,15.8278475,17.00582,17.280693,15.754736,15.238897,16.66511,16.421354,17.269157,17.023014,16.727428,16.230955,16.020708,15.80833,0.0,0.0,4.0,0.0,0.0,0.0,0.0,0.0
47576,2023.0,11.0,27.0,9.0,17.240742,17.490145,16.280361,16.045773,16.264103,15.62216,16.597347,16.462845,15.73285,15.504332,16.400875,16.167358,17.253567,17.05925,16.482256,15.992142,15.882598,15.711712,0.0,0.0,0.0,0.0,0.0,0.0,0.0,0.0
47577,2023.0,11.0,27.0,9.0,17.311792,17.614264,16.090437,15.846897,16.08257,15.445117,16.735378,16.824211,15.604471,15.415949,16.163355,15.929461,17.157274,16.958437,16.279,15.794358,15.702738,15.534923,0.0,0.0,4.0,0.0,0.0,0.0,0.0,0.0
47578,2023.0,11.0,27.0,9.0,16.548738,16.22236,15.944053,15.710896,16.230713,15.903447,16.727518,16.824411,15.447702,15.275731,15.973124,15.758399,17.0719,16.876724,16.381144,16.177237,15.5513115,15.396558,0.0,0.0,4.0,0.0,0.0,0.0,0.0,0.0
47579,2023.0,11.0,27.0,9.0,16.231133,15.825818,15.807825,15.575871,16.23869,16.000853,16.000387,15.503325,15.299219,15.13361,16.196564,16.340893,17.771626,18.273575,16.336403,16.16955,15.40937,15.259653,0.0,0.0,0.0,0.0,4.0,4.0,0.0,0.0
47580,2023.0,11.0,27.0,10.0,16.072584,15.671539,15.688683,15.459972,16.168892,15.9456215,15.69072,15.105603,15.1673765,15.008454,20.140745,23.185791,16.898178,16.470186,16.242197,16.083132,15.283544,15.139287,0.0,0.0,0.0,0.0,0.0,0.0,0.0,0.0
47581,2023.0,11.0,27.0,10.0,17.024933,17.63471,15.564923,15.339041,16.07821,15.860761,15.517067,14.94131,15.029324,14.876653,17.838585,18.245548,16.460255,15.953341,16.132599,15.971061,15.152137,15.013068,0.0,0.0,0.0,0.0,0.0,0.0,0.0,0.0
47582,2023.0,11.0,27.0,10.0,16.316929,16.127378,15.474043,15.245374,16.002752,15.787405,16.364063,16.67144,15.006972,14.923669,16.651098,16.444702,16.346666,15.836314,16.04427,15.880809,15.049403,14.907091,0.0,0.0,4.0,0.0,0.0,0.0,0.0,0.0
47583,2023.0,11.0,27.0,10.0,15.802649,15.432807,15.3725,15.140858,15.917595,15.702269,16.440182,16.580902,15.013564,15.00446,16.242355,15.998314,16.560862,16.367619,15.948851,15.782161,15.004747,14.917156,0.0,0.0,4.0,0.0,0.0,0.0,0.0,0.0
47584,2023.0,11.0,27.0,10.0,15.669293,15.309705,15.289013,15.064261,15.845372,15.637268,15.692155,15.230676,15.010228,15.046549,15.987776,15.762937,16.5748,16.377337,15.867643,15.704489,15.009317,14.983082,0.0,0.0,0.0,0.0,0.0,0.0,0.0,0.0
47585,2023.0,11.0,27.0,10.0,15.883116,15.841032,15.2068205,14.981664,15.773257,15.566173,15.32215,14.770413,15.012276,15.085637,15.765711,15.540441,16.532133,16.335283,15.78916,15.624417,15.010156,15.025732,0.0,0.0,0.0,0.0,0.0,0.0,0.0,0.0
47586,2023.0,11.0,27.0,11.0,15.921778,15.909277,15.130188,14.902916,15.705051,15.497436,15.182123,14.628602,15.020354,15.131221,15.576008,15.348618,16.486162,16.287968,15.717381,15.551064,15.014983,15.07052,0.0,0.0,0.0,0.0,0.0,0.0,0.0,0.0
47587,2023.0,11.0,27.0,11.0,15.87869,15.866709,15.0656185,14.842096,15.645264,15.440816,15.373722,15.1186,15.009733,15.125796,15.424538,15.207879,16.442724,16.24381,15.65281,15.486453,15.008236,15.076902,0.0,0.0,0.0,0.0,0.0,0.0,0.0,0.0
47588,2023.0,11.0,27.0,11.0,15.832932,15.823631,15.006641,14.78755,15.590049,15.389597,16.171911,16.629076,15.012926,15.146986,15.293723,15.088786,16.402075,16.20357,15.594134,15.429291,15.01085,15.100753,0.0,0.0,4.0,0.0,0.0,0.0,0.0,0.0
47589,2023.0,11.0,27.0,11.0,15.785051,15.775209,15.004558,14.83358,16.288774,16.74965,15.529679,15.180889,15.012763,15.158317,15.1666975,14.960899,16.360939,16.160606,15.536593,15.370528,15.010826,15.1152935,0.0,4.0,0.0,0.0,0.0,0.0,0.0,0.0
47590,2023.0,11.0,27.0,11.0,16.556385,17.266853,15.0046835,14.869365,15.917058,15.855858,15.054976,14.542703,15.013173,15.168271,15.0546665,14.851588,16.321754,16.119648,15.482861,15.315402,15.011409,15.128504,0.0,0.0,0.0,0.0,0.0,0.0,0.0,0.0
47591,2023.0,11.0,27.0,11.0,16.100077,16.174501,15.005235,14.899805,15.286971,14.800735,15.007733,14.564903,15.013416,15.176288,15.002605,14.844403,16.284128,16.08024,15.431982,15.263339,15.011639,15.139198,0.0,0.0,0.0,0.0,0.0,0.0,0.0,0.0
47592,2023.0,11.0,27.0,12.0,15.481366,15.163039,15.00591,14.925894,15.037821,14.49497,15.154489,14.929288,15.013804,15.184204,15.009254,14.916635,16.245941,16.03999,15.38155,15.211097,15.012135,15.149856,0.0,0.0,0.0,0.0,0.0,0.0,0.0,0.0
47593,2023.0,11.0,27.0,12.0,20.249146,23.589556,15.006399,14.947934,20.780857,24.242037,20.52837,24.2789,15.014416,15.193716,15.009657,14.960422,20.235346,22.812042,20.909847,24.540857,15.012937,15.162951,0.0,0.0,0.0,0.0,0.0,0.0,0.0,0.0
47594,2023.0,11.0,27.0,12.0,21.100798,24.579567,15.006851,14.966768,21.016766,24.362202,21.043125,24.577085,15.014492,15.199833,15.010255,14.993898,20.96615,23.903954,21.712631,25.603773,15.01271,15.169392,0.0,0.0,0.0,0.0,0.0,0.0,0.0,0.0
47595,2023.0,11.0,27.0,12.0,21.086332,24.132803,15.007319,14.983328,21.101051,24.102333,21.101181,24.237795,15.014397,15.201492,15.01076,15.018453,21.521864,24.503166,22.466578,26.41127,15.012152,15.16886,0.0,0.0,0.0,0.0,0.0,0.0,0.0,0.0
47596,2023.0,11.0,27.0,12.0,21.08697,23.857979,15.3218975,15.577731,21.06483,23.725025,21.091753,23.917398,15.014527,15.2013855,15.011104,15.036667,21.021803,23.285023,22.949642,26.829153,15.01215,15.168345,4.0,4.0,0.0,0.0,0.0,0.0,0.0,0.0
47597,2023.0,11.0,27.0,12.0,21.224155,23.76735,19.92835,23.396357,21.213459,23.724056,21.203196,23.820837,15.014413,15.199786,15.011671,15.050512,21.15643,23.301664,21.06929,23.046057,15.01227,15.166969,0.0,0.0,0.0,0.0,0.0,0.0,0.0,0.0
47598,2023.0,11.0,27.0,13.0,20.964842,23.193993,17.430376,17.892239,20.996859,23.128168,21.00679,23.31978,15.0138035,15.19495,15.010691,15.055361,21.025013,22.925243,20.96552,22.846666,15.0122795,15.16518,0.0,4.0,0.0,0.0,0.0,0.0,0.0,0.0
47599,2023.0,11.0,27.0,13.0,21.095257,23.31957,15.673676,15.496323,21.097216,23.211527,21.099813,23.412704,15.014444,15.193313,15.01162,15.062826,21.077946,22.940111,21.09741,23.097132,15.012431,15.16432,0.0,4.0,0.0,0.0,0.0,0.0,0.0,0.0
47600,2023.0,11.0,27.0,13.0,21.07793,23.200453,15.352524,15.112133,21.081932,23.091825,21.08521,23.308304,15.01419,15.191756,15.012056,15.070246,21.070332,22.852184,21.078012,23.035461,15.669327,16.392546,0.0,4.0,0.0,0.0,0.0,0.0,0.0,4.0
47601,2023.0,11.0,27.0,13.0,21.104357,23.204496,15.180158,14.929865,21.106705,23.08732,21.086037,23.247417,15.014758,15.192593,15.0125885,15.078102,21.273863,23.200693,21.079561,23.01187,19.707293,23.120605,0.0,0.0,0.0,0.0,0.0,0.0,0.0,0.0
47602,2023.0,11.0,27.0,13.0,21.097818,23.12932,15.045549,14.7884,21.076141,22.942114,21.08429,23.190662,15.014983,15.193389,15.012998,15.085712,21.068888,22.737795,21.04073,22.881866,17.214163,17.633152,0.0,4.0,0.0,0.0,0.0,0.0,4.0,4.0
47603,2023.0,11.0,27.0,13.0,21.09743,23.075552,15.004521,14.8046665,21.080545,22.900555,21.083689,23.143572,15.014915,15.193778,15.013386,15.092629,21.06859,22.698414,21.105007,22.980988,20.531492,23.899931,0.0,4.0,0.0,0.0,0.0,0.0,0.0,4.0
47604,2023.0,11.0,27.0,14.0,21.073446,23.027504,15.008071,14.871248,21.103203,22.922592,21.05737,23.031267,15.015098,15.193688,15.088508,15.224406,21.038177,22.585524,21.092522,22.90445,20.047777,22.758303,0.0,0.0,4.0,0.0,4.0,4.0,0.0,0.0
47605,2023.0,11.0,27.0,14.0,19.141573,19.307909,15.008457,14.914947,18.771029,18.411205,19.003595,19.084705,15.014829,15.192703,19.889395,23.143421,18.859634,18.367659,18.727547,18.317142,17.13125,16.875961,0.0,0.0,0.0,0.0,0.0,0.0,0.0,0.0
47606,2023.0,11.0,27.0,14.0,18.049904,17.956041,15.007837,14.941702,18.050583,17.858171,17.37987,16.713423,15.015249,15.194733,17.25736,17.669807,18.58294,18.557192,17.859224,17.56696,15.765614,15.244705,0.0,4.0,0.0,0.0,0.0,4.0,0.0,0.0
47607,2023.0,11.0,27.0,14.0,17.630384,17.499159,15.008632,14.964031,17.214233,16.49024,16.728802,15.957957,15.015687,15.198184,15.925936,16.039415,17.868841,17.265907,17.557817,17.28541,15.346138,14.803431,0.0,0.0,0.0,0.0,4.0,0.0,0.0,0.0
47608,2023.0,11.0,27.0,14.0,17.356161,17.234081,15.003666,14.971579,16.699108,15.920174,16.74271,16.328472,15.602183,15.993296,20.037266,23.128958,18.130428,18.142025,17.283245,17.023844,15.349855,15.093348,0.0,0.0,0.0,0.0,0.0,4.0,0.0,0.0
47609,2023.0,11.0,27.0,14.0,17.884638,18.427523,15.257741,15.446867,17.406046,17.554773,16.68439,16.366547,14.974003,15.015063,17.62499,17.998402,17.506365,16.937521,18.113453,18.809952,15.276096,15.06324,4.0,4.0,0.0,0.0,0.0,0.0,4.0,0.0
47610,2023.0,11.0,27.0,15.0,18.029335,18.625324,19.724705,23.097654,16.686987,16.066261,16.523294,16.22041,15.024304,15.146264,15.9727125,15.756575,17.020489,16.352423,17.053825,16.573044,15.13371,14.930323,0.0,0.0,0.0,0.0,0.0,0.0,0.0,0.0
47611,2023.0,11.0,27.0,15.0,16.932251,16.578176,17.583818,18.301449,16.77115,16.572695,16.362135,16.06356,15.014096,15.151811,15.576033,15.307437,17.58482,17.621225,16.387539,15.811103,14.998001,14.810306,4.0,4.0,0.0,0.0,0.0,4.0,0.0,0.0
47612,2023.0,11.0,27.0,15.0,17.050138,17.171242,20.284845,23.538277,16.239092,15.57133,16.217325,15.921707,15.016398,15.17417,15.341391,15.0630865,17.053537,16.495668,16.130533,15.551757,15.011488,14.921569,4.0,0.0,0.0,0.0,0.0,0.0,0.0,0.0
47613,2023.0,11.0,27.0,15.0,17.149649,17.327982,20.054758,22.67286,15.846048,15.100956,16.084661,15.788635,15.398162,15.888071,15.160475,14.8828125,16.623272,15.9667225,16.248571,15.984393,15.011289,14.979431,0.0,0.0,0.0,4.0,0.0,0.0,0.0,0.0
47614,2023.0,11.0,27.0,15.0,17.098251,17.28275,17.29587,17.09882,15.670998,14.937387,15.972921,15.683837,20.385572,24.246613,15.023003,14.757521,16.450706,15.798124,16.229374,15.995359,15.011451,15.02311,0.0,0.0,0.0,4.0,0.0,0.0,0.0,0.0
47615,2023.0,11.0,27.0,15.0,16.323174,15.879776,15.705834,14.985011,16.534508,16.736422,16.60422,16.961292,20.007856,23.115644,15.011147,14.843444,16.651958,16.338104,16.131413,15.900513,15.012194,15.05736,0.0,4.0,4.0,0.0,0.0,0.0,0.0,0.0
47616,2023.0,11.0,27.0,16.0,15.935336,15.41941,16.026676,15.989195,16.993786,17.401724,16.219288,16.093727,16.854708,16.65917,15.011621,14.910892,16.696302,16.421072,16.0305,15.800419,15.012477,15.083553,4.0,4.0,0.0,0.0,0.0,0.0,0.0,0.0
47617,2023.0,11.0,27.0,16.0,16.518147,16.650972,20.25031,23.45115,16.69075,16.730137,15.484223,14.863968,15.306198,14.730733,15.012498,14.961717,17.413082,17.830559,15.93592,15.705434,15.013027,15.105376,4.0,4.0,0.0,0.0,0.0,4.0,0.0,0.0
47618,2023.0,11.0,27.0,16.0,16.731571,16.93312,20.060211,22.61635,15.804122,15.170717,15.168769,14.48508,15.190934,14.904487,15.012884,14.998041,17.344759,17.43442,15.847276,15.615284,15.013747,15.124004,0.0,0.0,0.0,0.0,0.0,4.0,0.0,0.0
47619,2023.0,11.0,27.0,16.0,16.737898,16.947678,17.31505,17.055391,15.42433,14.718539,15.343835,14.973844,15.867838,16.308605,15.012746,15.02284,16.567932,16.02449,15.766724,15.535344,15.013804,15.138716,0.0,0.0,0.0,4.0,0.0,0.0,0.0,0.0
47620,2023.0,11.0,27.0,16.0,16.717808,16.92264,16.635258,16.696548,15.917469,15.776269,15.425471,15.135944,19.856476,23.105118,15.01365,15.044724,16.176912,15.546181,15.690138,15.458248,15.014467,15.152399,4.0,4.0,0.0,0.0,0.0,0.0,0.0,0.0
47621,2023.0,11.0,27.0,16.0,16.700445,16.907211,20.201307,23.092949,15.486157,14.8645,15.39004,15.11387,16.744654,16.576876,15.014188,15.062525,16.023993,15.386091,15.618695,15.386301,15.014698,15.163753,0.0,0.0,0.0,0.0,0.0,0.0,0.0,0.0
47622,2023.0,11.0,27.0,17.0,15.973326,15.5636215,18.144802,18.668934,15.163711,14.46934,15.334903,15.061304,15.168711,14.602748,15.014117,15.07555,16.23989,15.927525,15.551268,15.318395,15.015286,15.174397,4.0,0.0,0.0,0.0,0.0,0.0,0.0,0.0
47623,2023.0,11.0,27.0,17.0,16.341377,16.492922,20.226736,22.787676,15.041346,14.351276,15.281887,15.011684,15.123586,14.8307295,15.014876,15.087575,16.303581,16.025808,15.489218,15.257912,15.558905,16.190811,0.0,0.0,0.0,0.0,0.0,0.0,0.0,4.0
47624,2023.0,11.0,27.0,17.0,16.551382,16.77671,17.853563,17.85569,15.251945,14.875235,15.232827,14.966028,15.016725,14.778186,15.0142565,15.09374,16.266539,15.992976,15.431046,15.201242,20.378523,24.384348,4.0,0.0,0.0,0.0,0.0,0.0,0.0,4.0
47625,2023.0,11.0,27.0,17.0,16.561672,16.792181,20.2216,22.750204,15.360393,15.066037,15.933285,16.31974,15.014248,14.904436,15.014872,15.101757,17.01435,17.445374,15.376097,15.1479225,20.057991,23.231468,0.0,0.0,4.0,0.0,0.0,4.0,0.0,0.0
47626,2023.0,11.0,27.0,17.0,15.872865,15.514096,17.883512,17.869497,15.34808,15.069816,15.595488,15.482081,15.01309,14.979957,15.014607,15.107615,16.234657,15.695763,15.324238,15.097821,17.488575,17.864767,4.0,0.0,0.0,0.0,0.0,0.0,0.0,4.0
47627,2023.0,11.0,27.0,17.0,16.234442,16.417534,20.248215,22.736986,16.054693,16.429403,15.758529,15.672561,15.014184,15.038194,15.015329,15.115099,16.643991,16.774763,15.274873,15.050016,20.347544,23.49534,4.0,4.0,0.0,0.0,0.0,4.0,0.0,0.0
47628,2023.0,11.0,27.0,18.0,16.438725,16.683962,20.046133,22.068886,16.374723,16.819735,15.595194,15.584961,15.014324,15.07912,15.015134,15.119772,16.11193,15.565845,15.228619,15.005515,17.181427,16.990475,4.0,4.0,4.0,0.0,0.0,0.0,0.0,0.0
47629,2023.0,11.0,27.0,18.0,21.246307,25.014193,20.093168,21.993334,20.288864,23.495672,20.912952,24.730453,15.015035,15.109205,15.015076,15.122259,20.092329,22.62716,21.156343,25.082708,16.589785,16.88939,4.0,0.0,4.0,0.0,0.0,0.0,0.0,4.0
47630,2023.0,11.0,27.0,18.0,21.047962,24.11381,20.08535,21.864574,21.150743,24.462547,21.056643,24.3603,15.014369,15.126087,15.014551,15.121169,20.40918,22.91194,21.649975,25.471289,20.373686,23.543472,4.0,4.0,4.0,0.0,0.0,0.0,0.0,0.0
47631,2023.0,11.0,27.0,18.0,21.118334,23.891636,20.10183,21.830713,21.093042,23.917324,21.108736,24.032516,15.014395,15.1374035,15.014379,15.119609,21.34339,24.231714,22.374863,26.260584,17.181875,16.952223,0.0,4.0,4.0,0.0,0.0,0.0,0.0,0.0
47632,2023.0,11.0,27.0,18.0,21.106447,23.621143,17.829893,17.415936,21.096039,23.632431,21.098293,23.723713,15.014204,15.144932,15.014048,15.118111,21.650541,24.446388,22.354063,25.711645,15.664078,15.101277,0.0,4.0,4.0,0.0,0.0,0.0,0.0,0.0
47633,2023.0,11.0,27.0,18.0,21.082026,23.442677,17.358944,17.388443,21.091711,23.41887,21.09602,23.51789,15.014277,15.1515665,15.014564,15.120679,21.015663,23.044683,20.893438,22.896072,15.5713415,15.313836,4.0,4.0,4.0,0.0,0.0,0.0,0.0,0.0
47634,2023.0,11.0,27.0,19.0,21.154247,23.470436,20.256458,22.643236,21.08894,23.264164,21.116566,23.431362,15.42763,15.921765,15.014636,15.123752,21.12731,23.139067,22.414433,25.51899,15.466925,15.241774,4.0,4.0,0.0,4.0,0.0,0.0,0.0,0.0
47635,2023.0,11.0,27.0,19.0,22.048574,24.860216,20.068193,22.02086,21.925032,24.83703,21.803707,24.544737,20.266754,23.92793,15.014525,15.126021,21.821344,24.133776,21.435268,23.637754,15.30192,15.088383,0.0,4.0,4.0,0.0,0.0,4.0,4.0,0.0
47636,2023.0,11.0,27.0,19.0,20.94611,22.750729,18.039564,17.95229,21.092186,23.057507,21.096413,23.189072,16.768665,16.690504,15.014193,15.126854,21.053186,22.762526,21.140213,23.071768,15.159422,14.955732,4.0,4.0,4.0,0.0,0.0,0.0,0.0,0.0
47637,2023.0,11.0,27.0,19.0,21.193848,23.237865,20.266794,22.49059,21.159363,23.12862,21.162476,23.27224,14.990708,14.544126,15.014635,15.130024,21.126429,22.822388,21.183546,23.124502,15.037851,14.843111,4.0,4.0,0.0,0.0,0.0,0.0,0.0,0.0
47638,2023.0,11.0,27.0,19.0,22.451494,25.311428,20.059895,21.886957,21.080465,22.917147,21.10438,23.094124,15.057512,14.834816,15.014444,15.132032,21.84925,23.986095,21.095911,22.912094,15.91252,16.591497,0.0,4.0,0.0,0.0,0.0,0.0,0.0,4.0
47639,2023.0,11.0,27.0,19.0,20.904074,22.424623,18.148819,18.082197,21.103405,22.939182,21.103321,23.04098,15.002784,14.859135,15.058504,15.200065,20.962986,22.321955,21.075048,22.876144,20.233824,23.820938,4.0,0.0,0.0,0.0,4.0,0.0,0.0,0.0
47640,2023.0,11.0,27.0,20.0,21.934698,24.105722,20.776247,23.250801,21.933819,24.151814,21.800692,24.087881,15.752902,16.036377,20.357721,24.018778,21.588707,23.459333,22.010956,24.314068,16.899134,16.754028,4.0,0.0,0.0,0.0,4.0,0.0,0.0,0.0
47641,2023.0,11.0,27.0,20.0,20.8988,22.301277,19.943804,21.488243,20.913778,22.333717,20.917522,22.499449,15.088825,14.91356,20.015574,23.075132,20.965065,22.238035,20.881197,22.287766,15.327716,14.839095,4.0,0.0,4.0,0.0,0.0,4.0,0.0,0.0
47642,2023.0,11.0,27.0,20.0,21.119226,22.791452,20.114204,21.746984,21.098375,22.765524,21.108917,22.939598,15.022397,14.981371,17.37271,17.597435,21.069216,22.43467,21.10565,22.78489,15.2677965,15.047539,0.0,0.0,0.0,0.0,0.0,4.0,0.0,0.0
47643,2023.0,11.0,27.0,20.0,21.059591,22.675201,18.004858,17.635561,21.07062,22.740536,21.073395,22.820543,15.0106,15.014327,15.948742,15.737422,21.08554,22.474913,21.0702,22.739933,16.252861,16.99777,0.0,0.0,4.0,0.0,0.0,0.0,0.0,4.0
47644,2023.0,11.0,27.0,20.0,21.068558,22.706171,17.574791,17.615574,21.073587,22.75975,21.078743,22.810055,15.0129385,15.059148,15.580146,15.331763,21.052164,22.370085,21.074196,22.758413,20.203394,23.6063,4.0,0.0,4.0,0.0,0.0,4.0,0.0,0.0
47645,2023.0,11.0,27.0,20.0,21.168234,22.930105,20.249033,22.486197,21.186384,22.970007,21.167215,22.98604,15.013105,15.089001,15.337273,15.080551,21.131647,22.517479,21.190144,22.992483,17.005434,16.856298,0.0,4.0,0.0,0.0,0.0,4.0,0.0,0.0
47646,2023.0,11.0,27.0,21.0,21.087557,22.759567,18.617195,19.054754,21.052542,22.702553,21.095785,22.816671,15.013215,15.111311,15.156219,14.909341,21.08501,22.428415,21.07259,22.751476,15.456563,14.958199,4.0,4.0,0.0,0.0,0.0,0.0,0.0,0.0
47647,2023.0,11.0,27.0,21.0,22.021841,24.35088,20.28192,22.38568,21.174246,22.901493,21.163916,22.930614,15.013899,15.129024,14.99962,14.769339,21.891672,23.706314,21.190699,22.982262,15.382703,15.158386,0.0,4.0,0.0,0.0,0.0,4.0,0.0,0.0
47648,2023.0,11.0,27.0,21.0,20.923513,22.258003,18.255135,18.226158,21.071428,22.662252,21.047598,22.703985,15.440112,15.92909,15.285271,15.406822,21.058067,22.278656,21.071718,22.733723,15.304606,15.106439,4.0,4.0,4.0,4.0,4.0,0.0,0.0,0.0
47649,2023.0,11.0,27.0,21.0,21.759466,23.577345,20.771858,23.031141,21.625252,23.359953,21.632954,23.534273,20.438814,24.211843,20.270498,23.649773,21.507807,22.869297,21.826094,23.843758,15.165065,14.9730015,4.0,4.0,0.0,0.0,0.0,4.0,4.0,0.0
47650,2023.0,11.0,27.0,21.0,20.90183,22.12082,19.909096,21.35225,21.032736,22.466763,21.057144,22.64975,16.862518,16.810434,17.480545,17.865717,21.054443,22.217104,20.873194,22.087603,15.038907,14.845096,0.0,4.0,0.0,0.0,0.0,0.0,0.0,0.0
47651,2023.0,11.0,27.0,21.0,21.116724,22.62263,18.235254,18.100983,21.073948,22.54874,21.09845,22.719742,15.010145,14.559474,15.772846,15.571495,21.050377,22.199488,21.118666,22.610294,15.006262,14.87862,4.0,4.0,0.0,0.0,0.0,4.0,0.0,0.0
47652,2023.0,11.0,27.0,22.0,21.163355,22.725676,20.256147,22.210127,21.169565,22.755253,21.165823,22.888561,15.074214,14.846098,15.401174,15.149529,21.134123,22.377302,21.18486,22.755968,15.845895,16.52089,0.0,0.0,0.0,0.0,0.0,4.0,0.0,4.0
47653,2023.0,11.0,27.0,22.0,21.08947,22.613623,18.33321,18.262707,21.087923,22.57666,21.072886,22.717394,15.000177,14.842375,15.509546,15.537424,21.081581,22.293142,21.067055,22.55756,20.29152,23.779041,4.0,0.0,0.0,0.0,4.0,0.0,0.0,0.0
47654,2023.0,11.0,27.0,22.0,21.709875,23.694216,20.815716,23.062475,21.689445,23.59953,21.701103,23.734385,15.7526,16.02923,20.3566,23.644722,21.73764,23.307928,21.875929,23.9123,16.851984,16.689394,4.0,0.0,0.0,0.0,0.0,0.0,0.0,0.0
47655,2023.0,11.0,27.0,22.0,20.94138,22.200396,19.918377,21.27255,20.949846,22.197052,21.037552,22.580362,15.090073,14.913674,17.586493,17.936289,20.94417,21.881918,21.049534,22.489737,15.282905,14.789497,4.0,4.0,4.0,0.0,0.0,0.0,0.0,0.0
47656,2023.0,11.0,27.0,22.0,21.11071,22.593716,20.107584,21.567904,21.095154,22.560034,21.052565,22.629593,15.030783,14.994543,16.246357,16.315342,21.044413,22.132643,21.069937,22.55551,15.253357,15.053202,4.0,0.0,4.0,0.0,4.0,4.0,0.0,0.0
47657,2023.0,11.0,27.0,22.0,21.077597,22.544146,20.084969,21.485567,21.08459,22.522982,21.098534,22.707943,15.392053,15.726077,20.328415,23.260506,21.079802,22.229422,21.066957,22.564322,15.174443,14.983753,0.0,0.0,0.0,4.0,0.0,0.0,0.0,0.0
47658,2023.0,11.0,27.0,23.0,21.061556,22.560827,18.454035,18.299362,21.086418,22.512165,21.090004,22.661148,20.54457,24.359585,17.773394,18.056696,21.074533,22.215025,21.028708,22.4696,15.046215,14.853519,4.0,0.0,0.0,4.0,0.0,0.0,4.0,0.0
47659,2023.0,11.0,27.0,23.0,19.542646,19.673992,17.114422,16.377047,19.515951,19.528751,18.970459,18.577759,16.906124,16.875677,16.51818,16.553865,19.858692,19.84952,18.938059,18.477875,15.639577,16.06868,0.0,0.0,0.0,0.0,4.0,4.0,0.0,4.0
47660,2023.0,11.0,27.0,23.0,18.823317,18.681051,16.66215,15.827155,19.37592,19.628607,19.00917,19.146513,16.171843,16.110464,16.062677,15.848908,19.498453,19.448732,18.113897,17.441105,15.113624,14.931471,0.0,4.0,4.0,4.0,0.0,4.0,0.0,0.0
47661,2023.0,11.0,27.0,23.0,18.504576,18.355856,16.768763,16.30671,18.657122,18.426916,17.976652,17.327877,16.086092,16.090681,15.7723465,15.5155735,18.675581,18.064539,17.750383,17.095247,15.02429,14.9089,0.0,0.0,0.0,4.0,0.0,0.0,0.0,0.0
47662,2023.0,11.0,27.0,23.0,18.220423,18.0798,16.748053,16.39953,17.712404,16.973068,17.282906,16.50611,15.928578,15.944127,15.54751,15.294695,18.112204,17.408228,18.808155,19.440905,15.018815,14.94929,0.0,0.0,0.0,4.0,0.0,0.0,4.0,0.0
47663,2023.0,11.0,27.0,23.0,17.980816,17.844717,16.600815,16.273617,17.225548,16.421057,16.961943,16.190807,15.262757,14.826808,15.361579,15.114813,17.806,17.102123,17.828741,17.314241,15.008979,14.984836,0.0,0.0,0.0,0.0,0.0,0.0,0.0,0.0
47664,2023.0,11.0,28.0,0.0,17.777822,17.646091,16.44702,16.125525,17.304914,16.855812,17.049246,16.63191,15.008849,14.67284,15.20148,14.960692,18.744373,19.132671,17.148449,16.554207,15.010868,15.027272,0.0,0.0,0.0,0.0,0.0,4.0,0.0,0.0
47665,2023.0,11.0,28.0,0.0,17.598387,17.465603,16.303984,15.981581,17.296925,16.9514,17.038267,16.722149,15.280267,15.298283,15.056622,14.816916,18.61578,18.620178,16.86616,16.267048,15.011538,15.057876,0.0,0.0,0.0,4.0,0.0,4.0,0.0,0.0
47666,2023.0,11.0,28.0,0.0,17.441338,17.307043,16.175058,15.850797,17.166456,16.831268,16.908165,16.60205,14.950585,14.731718,15.005824,14.835675,18.46919,18.494926,16.988485,16.731373,15.012641,15.082942,0.0,0.0,0.0,0.0,0.0,4.0,0.0,0.0
47667,2023.0,11.0,28.0,0.0,17.31439,17.190735,16.070292,15.755208,17.040602,16.717512,16.782675,16.488426,15.035409,14.96636,15.011993,14.914032,17.7044,17.10986,16.939548,16.701,15.01189,15.100132,0.0,0.0,0.0,0.0,0.0,0.0,0.0,0.0
47668,2023.0,11.0,28.0,0.0,17.188744,17.062445,15.964667,15.646802,16.912706,16.588028,16.655521,16.359264,15.008661,14.980855,15.013107,14.965263,17.25734,16.57308,16.817856,16.574978,15.012558,15.117135,0.0,0.0,0.0,0.0,0.0,0.0,0.0,0.0
47669,2023.0,11.0,28.0,0.0,17.075718,16.9476,15.876261,15.563378,16.804401,16.486698,16.548296,16.258333,15.370416,15.705989,15.012622,15.001036,17.068106,16.392775,16.701656,16.461168,15.01325,15.13174,0.0,0.0,0.0,4.0,0.0,0.0,0.0,0.0
47670,2023.0,11.0,28.0,1.0,16.977423,16.853794,15.793478,15.482943,16.70296,16.38942,16.448275,16.161665,14.932139,14.878341,15.013239,15.032454,17.293964,16.999475,16.592424,16.352362,15.013714,15.145064,0.0,0.0,0.0,0.0,0.0,0.0,0.0,0.0
47671,2023.0,11.0,28.0,1.0,16.879686,16.751375,15.71263,15.399469,16.604773,16.290033,16.351734,16.063272,15.002602,15.029179,15.023046,15.078143,17.299799,17.01482,16.488794,16.246473,15.026078,15.18122,0.0,0.0,0.0,4.0,0.0,0.0,0.0,0.0
47672,2023.0,11.0,28.0,1.0,16.799353,16.676283,15.642728,15.331967,16.518986,16.208176,16.267586,15.982302,15.047444,15.146978,15.024208,15.094124,17.22503,16.940094,16.395203,16.153406,15.026193,15.18572,0.0,0.0,0.0,0.0,0.0,0.0,0.0,0.0
47673,2023.0,11.0,28.0,1.0,16.731169,16.618223,15.577746,15.269085,16.439287,16.132013,16.189577,15.907087,15.047687,15.138205,15.025615,15.112165,17.149313,16.86453,16.308043,16.066696,15.026925,15.195918,0.0,0.0,0.0,0.0,0.0,0.0,0.0,0.0
47674,2023.0,11.0,28.0,1.0,16.660873,16.54877,15.516894,15.2100525,16.364693,16.0606,16.11674,15.836697,15.023208,15.123286,15.027001,15.127291,17.077347,16.792713,16.22644,15.985487,15.027249,15.203994,0.0,0.0,0.0,0.0,0.0,0.0,0.0,0.0
47675,2023.0,11.0,28.0,1.0,16.591858,16.479097,15.45957,15.154289,16.294456,15.993222,16.048323,15.7704115,15.026001,15.157194,15.027823,15.139823,17.009356,16.724842,16.149666,15.909057,15.027824,15.212515,0.0,0.0,0.0,0.0,0.0,0.0,0.0,0.0
47676,2023.0,11.0,28.0,2.0,16.526003,16.412569,15.405274,15.1013155,16.227962,15.929286,15.9837055,15.707638,15.027837,15.175915,15.029012,15.152026,16.944975,16.660555,16.07708,15.836774,15.029798,15.223266,0.0,0.0,0.0,0.0,0.0,0.0,0.0,0.0
47677,2023.0,11.0,28.0,2.0,16.4689,16.360434,15.353495,15.050545,16.16461,15.868135,15.922279,15.647713,15.028455,15.19046,15.029791,15.162313,16.883724,16.599314,16.00807,15.7679825,15.029894,15.229586,0.0,0.0,0.0,0.0,0.0,0.0,0.0,0.0
47678,2023.0,11.0,28.0,2.0,16.418419,16.31709,15.3060255,15.005969,16.106073,15.813603,15.865649,15.594337,15.239754,15.584555,15.012941,15.140928,16.826262,16.542858,15.943099,15.704106,15.012746,15.206042,0.0,0.0,0.0,4.0,0.0,0.0,0.0,0.0
47679,2023.0,11.0,28.0,2.0,16.360548,16.25686,15.258437,14.958911,16.04793,15.757127,15.809448,15.539116,14.960801,15.070001,15.018243,15.15995,16.769964,16.48623,15.879877,15.640926,15.017455,15.222555,0.0,0.0,0.0,0.0,0.0,0.0,0.0,0.0
47680,2023.0,11.0,28.0,2.0,16.30649,16.20115,15.210515,14.909429,15.989877,15.698585,15.75347,15.48209,15.032368,15.234667,15.032379,15.198061,16.71527,16.430767,15.818351,15.578765,15.033115,15.26333,0.0,0.0,0.0,0.0,0.0,0.0,0.0,0.0
47681,2023.0,11.0,28.0,2.0,16.26714,16.174229,15.1659565,14.865172,15.935538,15.645564,15.701156,15.430467,15.031869,15.226311,15.033757,15.202959,16.663176,16.378613,15.759615,15.520159,15.03403,15.266338,0.0,0.0,0.0,0.0,0.0,0.0,0.0,0.0
47682,2023.0,11.0,28.0,3.0,16.22441,16.135267,15.122685,14.822071,15.882855,15.594023,15.650502,15.380343,15.032949,15.239731,15.008548,15.143811,16.612698,16.328056,15.702715,15.463371,15.033206,15.271411,0.0,0.0,0.0,0.0,4.0,0.0,0.0,0.0
47683,2023.0,11.0,28.0,3.0,16.175884,16.084389,15.079977,14.7787895,15.831034,15.542637,15.600735,15.330419,15.0332365,15.247123,15.035024,15.231813,16.563183,16.278002,15.64701,15.40737,15.03368,15.27911,0.0,0.0,0.0,0.0,0.0,0.0,0.0,0.0
47684,2023.0,11.0,28.0,3.0,16.127888,16.035013,15.040934,14.741911,15.783167,15.497939,15.554865,15.287038,15.187224,15.524156,14.999545,15.150416,16.516401,16.232286,15.594175,15.355828,15.35097,15.859951,0.0,0.0,0.0,4.0,4.0,0.0,0.0,4.0
47685,2023.0,11.0,28.0,3.0,16.07957,15.984512,14.998692,14.701152,15.733528,15.448421,15.507511,15.239067,14.992314,15.168653,15.007855,15.179196,16.468859,16.183907,15.540897,15.302076,14.964487,15.127102,0.0,0.0,0.0,0.0,4.0,0.0,0.0,0.0
47686,2023.0,11.0,28.0,3.0,16.030317,15.931228,15.002663,14.741923,15.681913,15.393995,15.458333,15.186616,15.06099,15.298377,15.01215,15.199146,16.421108,16.134274,15.48733,15.2467575,15.059096,15.321305,0.0,0.0,0.0,0.0,4.0,0.0,0.0,0.0
47687,2023.0,11.0,28.0,3.0,15.981762,15.878605,15.00416,14.767567,15.63385,15.345867,15.412518,15.140171,15.035236,15.247586,15.069967,15.302327,16.37572,16.088324,15.436153,15.195259,15.0337715,15.2706175,0.0,0.0,0.0,0.0,0.0,0.0,0.0,0.0
47688,2023.0,11.0,28.0,4.0,15.941082,15.841869,15.005652,14.791514,15.58654,15.298397,15.367348,15.094325,15.036003,15.269344,15.068308,15.262634,16.331097,16.043137,15.385883,15.144663,15.036295,15.297616,0.0,0.0,0.0,0.0,0.0,0.0,0.0,0.0
47689,2023.0,11.0,28.0,4.0,15.897087,15.795901,15.007298,14.8135195,15.542155,15.256063,15.325,15.053515,15.182168,15.529075,15.009875,15.152025,16.289215,16.002703,15.338144,15.098329,15.036973,15.308743,0.0,0.0,0.0,4.0,4.0,0.0,0.0,0.0
47690,2023.0,11.0,28.0,4.0,15.854033,15.7520685,15.007939,14.831784,15.498974,15.214838,15.283816,15.013793,15.06186,15.267883,15.038078,15.261296,16.248718,15.963636,15.291791,15.053361,15.037858,15.320185,0.0,0.0,0.0,0.0,0.0,0.0,0.0,0.0
47691,2023.0,11.0,28.0,4.0,15.815626,15.716926,15.009231,14.850452,15.456546,15.174287,15.243346,14.974727,15.062773,15.292777,15.038615,15.263132,16.209156,15.925497,15.246396,15.009342,15.038534,15.329971,0.0,0.0,0.0,0.0,0.0,0.0,0.0,0.0
47692,2023.0,11.0,28.0,4.0,15.788423,15.702596,15.010309,14.86764,15.4148035,15.134346,15.203486,14.936227,15.036001,15.260734,15.039245,15.274369,16.170454,15.888209,15.201895,14.966207,15.038681,15.338109,0.0,0.0,0.0,0.0,0.0,0.0,0.0,0.0
47693,2023.0,11.0,28.0,4.0,15.75681,15.675902,15.005468,14.87227,15.374981,15.097632,15.165425,14.900757,15.017129,15.249315,15.017564,15.243134,16.132992,15.852661,15.1587715,14.92509,15.309191,15.830333,0.0,0.0,0.0,0.0,0.0,0.0,0.0,4.0
47694,2023.0,11.0,28.0,5.0,15.715542,15.630712,15.006919,14.889527,15.334276,15.058569,15.126651,14.863053,15.021176,15.272807,15.021724,15.260285,16.095364,15.816215,15.115558,14.883107,14.978574,15.192975,0.0,0.0,0.0,0.0,0.0,0.0,0.0,0.0
47695,2023.0,11.0,28.0,5.0,15.672758,15.584241,15.01323,14.917029,15.290784,15.013416,15.085277,14.81975,15.146018,15.49677,15.041328,15.30759,16.056812,15.777284,15.071165,14.838225,15.063524,15.366509,0.0,0.0,0.0,4.0,0.0,0.0,0.0,0.0
47696,2023.0,11.0,28.0,5.0,15.628727,15.535417,15.014125,14.929572,15.24838,14.970675,15.044798,14.778535,15.065802,15.320186,15.041654,15.307555,16.018456,15.73883,15.02712,14.794217,15.037202,15.320513,0.0,0.0,0.0,0.0,0.0,0.0,0.0,0.0
47697,2023.0,11.0,28.0,5.0,15.586904,15.4915495,15.007071,14.928053,15.209832,14.9354,15.007886,14.744355,15.031233,15.269093,15.019165,15.273229,16.800758,17.25327,14.999798,14.783652,15.018841,15.310864,0.0,0.0,0.0,0.0,0.0,4.0,0.0,0.0
47698,2023.0,11.0,28.0,5.0,15.548158,15.453984,15.008376,14.9429865,15.168303,14.893124,15.002634,14.76828,15.019548,15.2727585,15.022395,15.287374,16.31401,16.08603,15.004632,14.821106,15.02139,15.331816,0.0,0.0,0.0,0.0,0.0,0.0,0.0,0.0
47699,2023.0,11.0,28.0,5.0,15.524722,15.442793,15.008588,14.955184,15.125844,14.848838,15.003584,14.795709,15.021994,15.296119,15.00605,15.248662,15.700253,15.071639,15.0048,14.845075,15.021919,15.345659,0.0,0.0,0.0,0.0,4.0,0.0,0.0,0.0
47700,2023.0,11.0,28.0,6.0,15.4844265,15.397915,15.017981,14.985971,15.082179,14.802343,15.006022,14.82536,15.041797,15.350748,15.044562,15.354707,15.478113,14.827954,15.007365,14.873757,15.0424595,15.397748,0.0,0.0,0.0,0.0,0.0,0.0,0.0,0.0
47701,2023.0,11.0,28.0,6.0,20.659147,24.42889,15.008382,14.976376,20.954908,25.065006,20.2996,24.034805,15.102457,15.440083,15.0196085,15.303619,20.151123,22.926678,20.549133,24.189682,15.237076,15.737064,0.0,4.0,0.0,4.0,0.0,0.0,0.0,4.0
47702,2023.0,11.0,28.0,6.0,21.040062,24.504137,15.242847,15.411962,21.016281,24.505037,20.911789,24.504185,19.741161,23.478281,15.02345,15.316206,20.591948,23.47819,21.140936,24.872097,19.870739,23.756577,4.0,0.0,0.0,0.0,0.0,0.0,0.0,0.0
47703,2023.0,11.0,28.0,6.0,21.398642,24.603529,20.105745,23.710268,21.37888,24.597668,21.332426,24.698328,16.745558,17.033989,15.007668,15.27251,21.0241,23.83884,22.633316,26.938955,16.858473,17.214296,4.0,0.0,0.0,0.0,4.0,0.0,4.0,4.0
47704,2023.0,11.0,28.0,6.0,22.02081,25.313173,20.020178,23.017504,21.923292,25.221724,21.797487,25.164532,15.086207,14.863065,19.427155,22.898533,21.320024,24.05816,21.527805,24.490543,19.929543,23.329136,0.0,0.0,0.0,0.0,0.0,0.0,0.0,0.0
47705,2023.0,11.0,28.0,6.0,20.925966,23.182486,16.975863,16.758356,20.974297,23.286123,20.999577,23.484818,15.029396,15.009456,16.799643,17.184845,21.063467,23.33519,21.156885,23.638958,16.585884,16.379246,0.0,0.0,0.0,0.0,0.0,0.0,0.0,0.0
47706,2023.0,11.0,28.0,7.0,21.108953,23.394619,15.257128,14.444157,21.106758,23.437002,21.107613,23.570621,15.017375,15.078448,15.399365,15.412094,21.082273,23.208221,21.11642,23.42034,14.95889,14.46766,0.0,0.0,0.0,0.0,4.0,0.0,0.0,0.0
47707,2023.0,11.0,28.0,7.0,21.648321,24.026262,15.23771,14.800753,21.469067,23.865644,21.422396,23.771843,15.59104,15.923433,20.202755,23.49963,21.398754,23.535513,21.613127,23.884779,15.789261,15.952823,0.0,4.0,4.0,0.0,4.0,0.0,4.0,0.0
47708,2023.0,11.0,28.0,7.0,20.931225,22.75869,15.246875,14.89918,20.945126,22.830557,21.08975,23.316225,15.71041,16.069748,20.012123,22.952938,20.96091,22.65802,21.020775,22.969254,16.20544,16.838043,0.0,4.0,0.0,0.0,4.0,4.0,4.0,4.0
47709,2023.0,11.0,28.0,7.0,21.100233,23.051373,15.607269,15.681998,21.108917,23.080948,21.092915,23.19401,15.742705,16.078445,20.1271,22.800844,21.060726,22.816065,21.081287,23.04664,21.062023,25.186846,4.0,4.0,4.0,0.0,4.0,4.0,4.0,4.0
47710,2023.0,11.0,28.0,7.0,21.965961,24.375422,20.202557,23.739748,21.878881,24.284822,21.632248,24.073053,15.651376,16.10051,20.123285,22.540768,21.879555,24.089924,21.678898,24.087854,20.781324,24.201591,4.0,4.0,4.0,4.0,0.0,4.0,0.0,0.0
47711,2023.0,11.0,28.0,7.0,21.745094,23.807974,20.059734,22.86972,21.870417,23.960005,21.863148,24.330288,20.47487,24.278605,17.249819,16.836472,21.649813,23.56199,22.589087,25.615562,17.134464,16.837673,0.0,4.0,0.0,4.0,0.0,0.0,0.0,0.0
47712,2023.0,11.0,28.0,8.0,20.924904,22.384361,17.114416,16.838118,21.076166,22.71399,20.95772,22.649347,20.040741,23.060453,16.068523,15.693449,20.989412,22.308386,20.97636,22.592085,15.500354,14.866164,0.0,4.0,0.0,4.0,0.0,4.0,0.0,0.0
47713,2023.0,11.0,28.0,8.0,19.274952,19.32682,16.372417,16.39691,19.175152,19.088396,19.019789,18.94815,20.13479,22.910683,15.799329,15.474335,19.436651,19.359156,19.364836,19.531025,15.365735,15.073682,4.0,4.0,4.0,0.0,0.0,4.0,4.0,0.0
47714,2023.0,11.0,28.0,8.0,18.438448,18.382143,20.257797,23.329874,17.531767,16.697454,17.35406,16.543236,17.042036,16.710741,15.911209,15.956366,18.781755,18.674925,18.692625,18.862968,15.234319,14.998754,4.0,0.0,0.0,0.0,4.0,4.0,4.0,0.0
47715,2023.0,11.0,28.0,8.0,18.108555,18.058819,20.086964,22.563316,17.452255,17.062462,17.26987,16.913342,15.467108,14.78887,20.300404,23.342981,18.534685,18.439377,18.417011,18.606668,15.025736,14.802384,0.0,4.0,4.0,0.0,0.0,4.0,4.0,0.0
47716,2023.0,11.0,28.0,8.0,17.87176,17.841677,17.629192,17.55015,17.41829,17.128405,16.57588,15.755166,15.3329,15.003243,17.876284,18.394445,18.328325,18.245108,18.187922,18.39169,15.018663,14.947097,4.0,4.0,0.0,0.0,4.0,4.0,4.0,0.0
47717,2023.0,11.0,28.0,8.0,16.970507,16.342773,20.170237,22.693058,17.242264,16.970337,16.058472,15.178376,15.204246,14.937155,20.29597,23.204418,18.15324,18.077257,17.089334,16.510609,16.10309,15.852794,0.0,4.0,0.0,0.0,0.0,4.0,0.0,0.0
47718,2023.0,11.0,28.0,9.0,17.181648,17.115042,17.5135,17.207407,17.074139,16.811947,16.409899,16.09229,14.996874,14.765828,17.7387,17.950914,17.314314,16.635809,16.398834,15.71662,14.967092,14.96588,0.0,4.0,4.0,0.0,0.0,0.0,0.0,0.0
47719,2023.0,11.0,28.0,9.0,16.535885,15.915838,16.288555,15.88776,16.251848,15.413167,15.848028,15.038062,15.02141,14.945178,16.172873,15.89278,16.787746,16.012482,16.049364,15.365541,15.030216,15.151716,0.0,0.0,0.0,0.0,0.0,0.0,0.0,0.0
47720,2023.0,11.0,28.0,9.0,16.863522,16.850437,16.044634,15.662434,15.8103075,14.928421,15.4542055,14.608184,15.01738,15.030016,15.724191,15.408876,17.358465,17.322578,15.801302,15.13421,15.016874,15.173599,0.0,0.0,0.0,0.0,0.0,4.0,0.0,0.0
47721,2023.0,11.0,28.0,9.0,16.245329,15.654587,15.812462,15.432055,15.590029,14.721905,15.643137,15.197186,15.018305,15.0976715,15.42439,15.109348,17.49489,17.466314,15.946443,15.6480465,15.019599,15.213962,0.0,0.0,0.0,0.0,0.0,4.0,0.0,0.0
47722,2023.0,11.0,28.0,9.0,15.845839,15.19313,15.614029,15.235557,15.800647,15.3376255,15.697171,15.336427,15.018723,15.1459465,15.18745,14.880056,16.726759,16.060637,15.927444,15.661547,15.019434,15.240026,0.0,0.0,0.0,0.0,0.0,0.0,0.0,0.0
47723,2023.0,11.0,28.0,9.0,15.665516,15.02266,15.9438505,16.004498,15.867627,15.492965,15.619456,15.27545,15.355614,15.801476,14.992623,14.713975,16.302603,15.564834,15.813352,15.551524,15.493046,16.136782,4.0,0.0,0.0,4.0,0.0,0.0,0.0,4.0
47724,2023.0,11.0,28.0,10.0,15.892554,15.632298,20.026964,23.165815,16.525671,16.803919,15.530078,15.195579,19.971468,23.460794,15.017546,14.883209,16.122923,15.392752,15.70355,15.446904,19.405874,22.729395,0.0,4.0,0.0,0.0,0.0,0.0,0.0,0.0
47725,2023.0,11.0,28.0,10.0,16.775215,17.304142,17.640923,17.976181,16.138128,15.933907,15.450845,15.128465,16.648357,16.541613,15.014782,14.956345,16.369545,16.029509,15.606405,15.357562,16.282948,16.115372,0.0,0.0,0.0,0.0,0.0,0.0,0.0,0.0
47726,2023.0,11.0,28.0,10.0,16.021238,15.643727,16.02976,15.777565,15.382606,14.660659,15.380597,15.071076,14.978701,14.60646,15.015855,15.014877,16.44337,16.150457,15.521477,15.280194,15.003334,14.787054,0.0,0.0,0.0,0.0,0.0,0.0,0.0,0.0
47727,2023.0,11.0,28.0,10.0,15.491028,14.949526,15.67337,15.354071,15.742407,15.56134,15.316444,15.019954,15.021653,14.877058,15.015818,15.056125,16.401564,16.120214,16.504543,17.203415,15.737919,16.3423,0.0,4.0,0.0,0.0,0.0,0.0,4.0,4.0
47728,2023.0,11.0,28.0,10.0,15.323856,14.777697,15.485564,15.16843,15.990252,15.92443,15.258064,14.974216,15.015549,14.9838505,15.015798,15.086744,17.13741,17.55725,15.594051,15.12614,19.581217,22.853992,0.0,4.0,0.0,0.0,0.0,4.0,0.0,0.0
47729,2023.0,11.0,28.0,10.0,15.547685,15.338779,15.34123,15.033473,15.352627,14.730647,15.205103,14.932613,15.016558,15.065915,15.015786,15.109565,17.098993,17.20219,15.080904,14.550722,16.450869,16.299698,0.0,0.0,0.0,0.0,0.0,4.0,0.0,0.0
47730,2023.0,11.0,28.0,11.0,16.470104,17.073784,15.703463,15.824597,14.997135,14.317218,15.155253,14.8936825,15.016506,15.121302,15.05378,15.184155,17.055143,17.157137,15.003477,14.535733,14.973883,14.583451,4.0,0.0,0.0,0.0,4.0,4.0,0.0,0.0
47731,2023.0,11.0,28.0,11.0,15.753458,15.456367,19.99445,23.316093,15.725924,15.469167,15.854228,16.254944,15.016463,15.159496,19.743607,22.88036,17.089958,17.198044,15.169852,14.95731,15.021739,14.870868,0.0,0.0,4.0,0.0,0.0,4.0,0.0,0.0
47732,2023.0,11.0,28.0,11.0,16.01652,16.225122,17.904085,18.615301,15.416827,15.126783,15.517635,15.427704,15.016508,15.186753,17.283165,17.75087,17.118647,17.232372,16.259748,16.99193,15.013358,14.983829,4.0,0.0,0.0,0.0,0.0,4.0,4.0,0.0
47733,2023.0,11.0,28.0,11.0,16.222721,16.486246,19.992952,22.737268,15.407768,15.151289,15.003049,14.647006,15.016712,15.206223,15.515708,15.312048,16.423508,15.906742,16.422775,16.902905,15.015767,15.074106,0.0,0.0,0.0,0.0,0.0,0.0,4.0,0.0
47734,2023.0,11.0,28.0,11.0,16.255484,16.532248,17.343586,17.221617,15.349187,15.101218,15.0186,14.727938,15.016348,15.218656,15.1554,14.912411,16.046371,15.446442,15.415978,14.9934025,15.015777,15.134252,0.0,0.0,0.0,0.0,0.0,0.0,0.0,0.0
47735,2023.0,11.0,28.0,11.0,16.275312,16.559738,16.091871,15.812387,16.049997,16.476217,15.006507,14.768764,15.016599,15.229135,14.996092,14.782937,15.912491,15.309607,14.991077,14.542551,15.016402,15.178692,0.0,4.0,0.0,0.0,0.0,0.0,0.0,0.0
47736,2023.0,11.0,28.0,12.0,16.284496,16.575003,15.85889,15.586639,15.652648,15.543867,15.0027895,14.807344,15.016866,15.238474,15.0146675,14.915406,15.829496,15.237056,15.013466,14.663537,15.642905,16.377659,0.0,0.0,0.0,0.0,0.0,0.0,0.0,4.0
47737,2023.0,11.0,28.0,12.0,20.791958,24.300297,16.131863,16.273327,19.920221,23.084951,20.87986,25.066195,15.017184,15.245902,15.011825,14.9796095,20.356358,23.067547,20.35868,23.792622,19.52413,22.911251,4.0,0.0,4.0,0.0,0.0,0.0,0.0,0.0
47738,2023.0,11.0,28.0,12.0,21.07028,24.326359,20.19759,23.4528,20.811281,24.138266,21.141884,24.873194,15.016451,15.245893,15.013104,15.0292225,21.499344,24.790642,21.530617,25.48144,16.430914,16.346449,0.0,0.0,0.0,0.0,0.0,4.0,0.0,0.0
47739,2023.0,11.0,28.0,12.0,21.127096,24.062778,17.687824,18.051394,21.124166,24.251644,21.06708,24.237452,15.015719,15.244419,15.0124235,15.0602045,20.94228,23.367968,21.44894,24.693748,14.981862,14.680935,0.0,4.0,0.0,0.0,0.0,0.0,0.0,0.0
47740,2023.0,11.0,28.0,12.0,21.102854,23.75936,16.592754,16.8206,21.087105,23.90142,21.116386,24.003796,15.015365,15.2432785,15.013223,15.084458,21.301409,23.736168,22.727654,26.668943,15.024212,14.920132,4.0,0.0,0.0,0.0,0.0,0.0,0.0,0.0
47741,2023.0,11.0,28.0,12.0,21.47329,24.350796,20.269651,23.283062,21.13756,23.72464,21.13947,23.863638,15.015734,15.243943,15.013226,15.10174,21.209007,23.36187,21.317764,23.914925,15.01188,15.002221,4.0,4.0,0.0,0.0,0.0,0.0,0.0,0.0
47742,2023.0,11.0,28.0,13.0,21.950909,24.940172,20.05585,22.494541,22.277277,25.487928,22.327906,25.752686,15.015568,15.243557,15.012618,15.111402,22.072533,24.72089,22.43416,25.633366,15.013295,15.076849,0.0,4.0,0.0,0.0,0.0,0.0,0.0,0.0
47743,2023.0,11.0,28.0,13.0,20.99032,23.052889,17.434008,17.220465,20.94312,22.917042,20.926281,23.063124,15.015248,15.243043,15.0123825,15.118126,21.009712,22.650585,20.890514,22.727451,15.013803,15.125736,0.0,0.0,0.0,0.0,0.0,0.0,0.0,0.0
47744,2023.0,11.0,28.0,13.0,21.08991,23.182878,15.930275,15.250382,21.104015,23.16152,21.114979,23.40799,15.015446,15.245038,15.013144,15.127733,21.082403,22.764465,21.073715,23.063948,15.014541,15.161767,0.0,4.0,0.0,0.0,0.0,0.0,4.0,0.0
47745,2023.0,11.0,28.0,13.0,21.102787,23.189407,16.322536,16.368074,21.081837,23.069332,21.085085,23.312813,15.015758,15.248697,15.013727,15.138181,21.03663,22.62492,21.10486,23.11038,15.014499,15.18801,4.0,4.0,0.0,0.0,0.0,4.0,0.0,0.0
47746,2023.0,11.0,28.0,13.0,21.157751,23.26027,20.223661,23.264772,21.160774,23.185204,21.161228,23.430643,15.015926,15.252569,15.013905,15.147602,21.13041,22.769827,21.178411,23.213493,15.014658,15.208377,4.0,4.0,0.0,0.0,0.0,0.0,0.0,0.0
47747,2023.0,11.0,28.0,13.0,21.984346,24.568157,20.044909,22.47995,22.092884,24.659267,22.015062,24.92965,15.016164,15.2567215,15.013857,15.15501,21.95897,24.12587,22.751957,25.825705,15.014908,15.224965,4.0,4.0,0.0,0.0,0.0,0.0,0.0,0.0
47748,2023.0,11.0,28.0,14.0,22.045532,24.807777,20.112146,22.3588,21.92534,24.138784,21.821793,24.256975,15.016039,15.260003,15.013926,15.159826,22.2385,24.517271,21.905653,24.007439,15.015265,15.237886,0.0,4.0,0.0,0.0,0.0,0.0,0.0,0.0
47749,2023.0,11.0,28.0,14.0,20.089497,20.810196,17.62869,17.409664,18.871439,18.558725,19.031025,19.135252,15.015915,15.262708,15.013681,15.163459,20.489962,21.033377,19.28339,19.27555,15.015349,15.2493,0.0,0.0,0.0,0.0,0.0,4.0,0.0,0.0
47750,2023.0,11.0,28.0,14.0,18.763546,18.954273,17.024067,17.14749,18.16769,18.042143,18.482273,18.865194,15.016336,15.268568,15.014594,15.172018,18.730728,18.175198,18.187677,17.959805,15.015936,15.262567,4.0,4.0,4.0,0.0,0.0,0.0,0.0,0.0
47751,2023.0,11.0,28.0,14.0,17.637447,17.218506,20.209175,22.900162,17.967789,17.895046,17.7478,17.658375,15.016951,15.276774,15.015029,15.181511,17.996363,17.331295,17.716732,17.475052,15.016504,15.276038,0.0,4.0,0.0,0.0,0.0,0.0,0.0,0.0
47752,2023.0,11.0,28.0,14.0,17.765,17.902376,18.019258,18.313179,17.737562,17.684978,16.78734,16.206915,15.017345,15.285729,15.015078,15.19041,17.653212,16.99544,17.37534,17.139624,15.0170555,15.289791,0.0,4.0,0.0,0.0,0.0,0.0,0.0,0.0
47753,2023.0,11.0,28.0,14.0,17.776665,17.983723,17.090456,17.315804,17.532978,17.487,16.258173,15.58463,15.017924,15.295602,15.015857,15.201406,17.749105,17.463243,17.080706,16.840055,15.018308,15.304996,4.0,4.0,0.0,0.0,0.0,0.0,0.0,0.0
47754,2023.0,11.0,28.0,15.0,17.641655,17.866577,20.236267,22.838446,17.380672,17.361204,16.303877,15.960133,15.322003,15.857878,15.016322,15.211814,17.665918,17.410194,16.855333,16.637877,15.0178175,15.316468,4.0,4.0,0.0,4.0,0.0,0.0,0.0,0.0
47755,2023.0,11.0,28.0,15.0,16.824234,16.457172,20.05476,22.213436,16.584146,16.008636,16.258966,16.00701,20.272226,24.161259,15.016245,15.218922,17.518587,17.27483,16.646744,16.43718,15.486525,16.193348,0.0,0.0,0.0,0.0,0.0,0.0,0.0,4.0
47756,2023.0,11.0,28.0,15.0,16.36291,15.910169,17.646605,17.416431,16.103966,15.433488,16.119743,15.882232,16.747072,16.820368,15.016435,15.225604,17.376337,17.140266,16.461508,16.258392,19.773245,23.495518,0.0,0.0,0.0,0.0,0.0,0.0,0.0,0.0
47757,2023.0,11.0,28.0,15.0,16.143805,15.688005,17.074356,17.186491,15.875748,15.207014,15.978032,15.7428875,14.978318,14.690136,15.017233,15.23553,17.245787,17.015348,16.296232,16.09971,16.437119,16.434587,4.0,0.0,0.0,0.0,0.0,0.0,0.0,0.0
47758,2023.0,11.0,28.0,15.0,16.712263,16.906637,20.253746,22.933712,16.334927,16.23318,15.849145,15.615206,15.02471,14.962577,15.017892,15.246385,17.125841,16.900045,16.1469,15.955896,14.983092,14.793427,0.0,4.0,0.0,0.0,0.0,0.0,0.0,0.0
47759,2023.0,11.0,28.0,15.0,16.19472,15.843428,18.052454,18.327726,15.870264,15.305484,15.733169,15.501038,15.01541,15.068887,15.017962,15.256275,17.01702,16.796532,16.011368,15.825752,15.022806,15.040338,0.0,0.0,0.0,0.0,0.0,0.0,0.0,0.0
47760,2023.0,11.0,28.0,16.0,16.587408,16.824715,16.670614,16.467083,16.17488,16.111414,15.625946,15.393446,15.019144,15.159117,15.019045,15.269278,16.908627,16.682888,15.884586,15.702222,15.01861,15.141601,0.0,4.0,0.0,0.0,0.0,0.0,0.0,0.0
47761,2023.0,11.0,28.0,16.0,16.005253,15.631858,16.298912,16.040762,16.357073,16.38155,16.286572,16.718948,15.019324,15.219267,15.019646,15.281894,17.59718,18.072922,15.763811,15.577744,15.01985,15.2198105,0.0,4.0,4.0,0.0,0.0,4.0,0.0,0.0
47762,2023.0,11.0,28.0,16.0,16.397593,16.60507,16.061178,15.792983,15.669667,15.109408,15.879972,15.795011,15.019984,15.264708,15.020233,15.294198,16.74,16.223547,15.650489,15.462784,15.019933,15.274238,0.0,0.0,0.0,0.0,0.0,0.0,0.0,0.0
47763,2023.0,11.0,28.0,16.0,16.581882,16.842367,15.861329,15.582379,15.966921,15.911344,15.142662,14.560326,15.020941,15.299695,15.020941,15.306797,16.271532,15.680384,15.541519,15.349053,15.020887,15.319836,0.0,4.0,0.0,0.0,0.0,0.0,0.0,0.0
47764,2023.0,11.0,28.0,16.0,16.569994,16.824537,15.697583,15.417707,15.44142,14.847678,15.011175,14.512598,15.021392,15.325835,15.021632,15.318653,16.956459,17.112625,15.443377,15.249852,15.021716,15.354935,0.0,0.0,0.0,0.0,0.0,4.0,0.0,0.0
47765,2023.0,11.0,28.0,16.0,16.559143,16.818007,15.553355,15.271591,15.767255,15.681657,15.886377,16.267656,15.25536,15.76591,15.022506,15.332109,17.14583,17.2776,15.350558,15.155338,15.022157,15.38195,0.0,4.0,4.0,4.0,0.0,4.0,0.0,0.0
47766,2023.0,11.0,28.0,17.0,16.527302,16.773333,15.425142,15.141062,15.3044615,14.725261,15.259939,14.832683,19.662766,23.361177,15.022855,15.343039,16.426683,15.915614,15.263102,15.065896,15.022401,15.40287,0.0,0.0,0.0,0.0,0.0,0.0,0.0,0.0
47767,2023.0,11.0,28.0,17.0,16.499926,16.74184,15.309249,15.021618,15.617303,15.524881,15.018651,14.65585,16.359644,16.338259,15.023437,15.353834,16.84084,16.968817,15.179437,14.979473,15.023287,15.421636,0.0,4.0,0.0,0.0,0.0,4.0,0.0,0.0
47768,2023.0,11.0,28.0,17.0,16.476233,16.713957,15.684121,15.809059,15.850067,15.857182,15.014447,14.698338,15.011352,14.897082,15.003707,15.30617,16.289906,15.762431,16.172762,16.91541,15.023859,15.437007,4.0,4.0,0.0,0.0,4.0,0.0,4.0,0.0
47769,2023.0,11.0,28.0,17.0,16.441576,16.669315,20.11767,23.544027,15.866143,15.875607,15.007506,14.752755,15.0230875,15.073616,19.284842,22.617212,16.725136,16.855997,15.276799,14.862333,15.38374,16.094204,4.0,4.0,0.0,0.0,0.0,4.0,0.0,4.0
47770,2023.0,11.0,28.0,17.0,15.724763,15.353458,20.059038,22.841684,15.166523,14.578744,15.708306,16.111744,15.021101,15.167951,16.850191,17.289154,16.904621,17.012592,16.153728,15.602579,19.535973,23.20809,0.0,0.0,4.0,0.0,0.0,4.0,0.0,0.0
47771,2023.0,11.0,28.0,17.0,16.065563,16.23317,17.521,17.569805,15.022967,14.530613,16.007378,16.470146,15.021815,15.23585,15.449678,15.570364,16.155151,15.591137,15.971287,16.416864,16.175598,16.12113,4.0,0.0,4.0,0.0,4.0,0.0,4.0,0.0
47772,2023.0,11.0,28.0,18.0,16.241447,16.456078,20.169624,22.888746,15.764836,14.950858,15.456372,15.014923,15.828348,15.549056,20.32615,23.804169,16.6335,16.78025,15.527042,15.074093,15.773945,15.245507,0.0,0.0,0.0,0.0,4.0,4.0,0.0,0.0
47773,2023.0,11.0,28.0,18.0,20.368399,23.639492,17.700489,17.669022,20.767784,24.666382,20.001633,23.383554,16.000889,16.876104,20.050783,23.05179,19.812197,22.134504,20.489264,23.939917,15.487007,16.0639,4.0,0.0,0.0,0.0,0.0,0.0,0.0,0.0
47774,2023.0,11.0,28.0,18.0,20.97705,24.205366,20.179638,22.763287,21.543642,25.289843,21.032333,24.585793,15.012235,15.204995,16.871735,16.605034,20.333735,22.750051,21.02018,24.493172,15.023281,15.220015,0.0,4.0,4.0,0.0,0.0,0.0,0.0,0.0
47775,2023.0,11.0,28.0,18.0,21.109674,24.020435,17.545418,17.290909,20.984251,23.86835,21.112354,24.267887,15.292256,15.767136,15.556267,15.23659,20.69903,23.07344,21.162498,24.358097,15.0223255,15.287018,0.0,4.0,0.0,4.0,0.0,0.0,0.0,0.0
47776,2023.0,11.0,28.0,18.0,21.092743,23.71453,16.796753,16.844475,21.118505,23.8182,21.1285,23.967361,20.066051,23.978767,15.29838,15.012241,21.09732,23.528513,22.449066,26.293514,15.02237,15.3273535,4.0,4.0,0.0,0.0,0.0,4.0,0.0,0.0
47777,2023.0,11.0,28.0,18.0,22.136707,25.24709,20.303766,23.041193,21.146542,23.671904,21.141794,23.82017,16.509668,16.414316,15.029644,14.746693,21.654177,24.212458,20.990747,23.387884,15.439198,16.109062,0.0,0.0,0.0,0.0,0.0,4.0,0.0,4.0
47778,2023.0,11.0,28.0,19.0,20.913641,22.89869,17.964561,18.16084,21.09249,23.378769,21.0973,23.60106,15.00548,14.788574,15.02203,14.922327,21.01768,22.887205,21.11571,23.535666,19.578981,23.186926,0.0,4.0,0.0,0.0,0.0,0.0,0.0,0.0
47779,2023.0,11.0,28.0,19.0,21.10869,23.229908,16.964823,17.071209,21.118752,23.328108,21.094759,23.497238,15.0230665,14.993966,15.0189705,15.021716,21.107416,22.955082,21.089138,23.401516,16.145708,15.954594,4.0,0.0,0.0,0.0,0.0,0.0,0.0,0.0
47780,2023.0,11.0,28.0,19.0,21.156036,23.27614,20.273222,23.06295,21.155663,23.30419,21.154264,23.521114,15.020249,15.099156,15.020477,15.099583,21.119461,22.89045,21.178774,23.514374,15.031791,14.952542,4.0,0.0,4.0,0.0,0.0,0.0,0.0,0.0
47781,2023.0,11.0,28.0,19.0,22.177677,24.984056,20.055218,22.261194,22.437801,25.335407,22.31112,25.36926,15.381532,15.847119,15.020712,15.153074,21.795425,24.016413,22.569784,25.746235,15.020087,15.078874,4.0,4.0,0.0,4.0,0.0,4.0,0.0,0.0
47782,2023.0,11.0,28.0,19.0,21.767021,23.947573,20.1151,22.162506,22.263275,24.798578,22.630816,25.817194,19.613787,22.910555,15.021128,15.190624,21.907347,23.969074,22.389011,25.4052,15.592277,16.25086,0.0,0.0,4.0,0.0,0.0,4.0,0.0,4.0
47783,2023.0,11.0,28.0,19.0,21.11861,22.954739,17.876163,17.686491,20.924034,22.370062,20.910477,22.6075,16.80955,17.028522,15.021097,15.216429,20.949259,22.192268,20.897688,22.573235,19.729324,23.278385,4.0,4.0,0.0,4.0,0.0,4.0,4.0,0.0
47784,2023.0,11.0,28.0,20.0,21.159851,23.041525,20.259151,22.553522,21.193596,22.974514,21.190338,23.174503,20.148775,23.319239,15.022175,15.239371,21.145498,22.62564,21.281733,23.360363,16.28355,16.048967,4.0,0.0,0.0,0.0,0.0,0.0,0.0,0.0
47785,2023.0,11.0,28.0,20.0,21.945852,24.238398,20.065197,21.9595,21.77279,23.960125,21.753012,24.107197,16.77262,16.508574,15.022343,15.256472,21.875174,23.862837,22.353437,25.048126,15.011249,14.798405,0.0,4.0,4.0,0.0,0.0,0.0,0.0,0.0
47786,2023.0,11.0,28.0,20.0,21.093563,22.837337,17.608238,17.116915,20.982594,22.465147,20.936018,22.535803,14.990585,14.4186735,15.022168,15.2684355,20.983713,22.197943,20.887197,22.373337,15.021895,14.997572,0.0,0.0,4.0,0.0,0.0,0.0,0.0,0.0
47787,2023.0,11.0,28.0,20.0,21.098446,22.853292,17.134054,17.129272,21.093788,22.69778,21.134205,22.970596,15.018173,14.764413,15.023084,15.281442,21.077168,22.45305,21.109497,22.899902,15.021133,15.111895,4.0,4.0,0.0,0.0,0.0,0.0,0.0,0.0
47788,2023.0,11.0,28.0,20.0,21.18381,23.055393,20.252508,22.7457,21.164232,22.85632,21.1571,22.99975,15.013986,14.904068,15.023332,15.292184,21.147764,22.615282,21.187162,23.10111,15.020806,15.190087,4.0,4.0,4.0,0.0,0.0,4.0,0.0,0.0
47789,2023.0,11.0,28.0,20.0,22.446705,25.167273,20.07181,22.094366,21.976852,24.128216,22.351284,25.013865,15.019999,15.033789,15.003064,15.250222,21.84322,23.851473,22.17655,24.6915,15.021605,15.246799,0.0,4.0,0.0,0.0,4.0,4.0,0.0,0.0
47790,2023.0,11.0,28.0,21.0,20.906101,22.329636,17.871277,17.670671,21.06316,22.596277,20.918116,22.364054,15.419014,15.860502,19.760738,23.156006,20.974543,22.144241,21.063568,22.820845,15.021512,15.28541,4.0,4.0,4.0,4.0,0.0,4.0,0.0,0.0
47791,2023.0,11.0,28.0,21.0,22.072794,24.2881,20.234789,22.489464,22.353615,24.765585,22.301994,24.770695,20.353437,24.087559,16.89253,17.229483,21.863096,23.712025,22.1555,24.61287,15.022343,15.31503,0.0,0.0,0.0,0.0,0.0,0.0,0.0,0.0
47792,2023.0,11.0,28.0,21.0,20.901312,22.19891,18.002033,17.85985,20.906763,22.136059,20.913029,22.269527,16.640911,16.4677,15.116862,14.872031,20.969082,22.060661,20.884499,22.315895,15.022464,15.335327,4.0,4.0,0.0,0.0,0.0,0.0,0.0,0.0
47793,2023.0,11.0,28.0,21.0,22.04613,24.432323,20.233604,22.481026,22.060665,24.228718,21.857357,23.950642,14.985946,14.608943,15.0299225,14.980838,21.91108,23.71072,22.257158,24.684134,15.41335,16.068966,0.0,0.0,4.0,0.0,0.0,0.0,0.0,4.0
47794,2023.0,11.0,28.0,21.0,20.958721,22.307083,17.93789,17.726301,20.932283,22.152292,21.02691,22.51365,15.022441,14.885552,15.020863,15.068343,20.95288,22.000828,20.878641,22.213491,19.637684,23.084948,4.0,0.0,4.0,0.0,0.0,0.0,0.0,0.0
47795,2023.0,11.0,28.0,21.0,22.034418,24.392765,20.23248,22.478685,21.981176,23.992275,21.942972,24.022688,15.019152,15.007447,15.002943,15.094149,21.789837,23.47216,22.312195,24.703833,16.731956,17.015806,0.0,4.0,4.0,0.0,4.0,4.0,0.0,4.0
47796,2023.0,11.0,28.0,22.0,20.983501,22.353233,17.92605,17.697615,20.996414,22.275097,20.91814,22.198473,15.019997,15.096341,19.860453,23.208649,21.007317,22.08048,20.875486,22.141264,20.54729,24.186344,4.0,4.0,4.0,0.0,0.0,4.0,0.0,4.0
47797,2023.0,11.0,28.0,22.0,22.040808,24.372187,20.23213,22.469257,22.064928,24.178654,22.08859,24.187479,15.020873,15.159729,17.234148,17.74878,21.805225,23.42597,22.354769,24.719526,20.063581,23.033588,0.0,0.0,0.0,0.0,4.0,4.0,0.0,0.0
47798,2023.0,11.0,28.0,22.0,21.415262,23.021305,17.638308,17.151514,21.472807,22.897505,21.429451,22.994722,15.596174,15.978566,20.319796,23.522558,21.548763,22.801876,21.45315,22.98699,16.728855,16.3349,0.0,4.0,0.0,0.0,0.0,0.0,0.0,0.0
47799,2023.0,11.0,28.0,22.0,20.936405,22.232199,16.563993,16.08138,21.104855,22.435198,21.008133,22.280037,15.004966,15.113979,17.441765,17.717335,20.95982,21.840029,20.920248,22.120344,15.16393,14.496989,0.0,0.0,0.0,0.0,0.0,0.0,0.0,0.0
47800,2023.0,11.0,28.0,22.0,21.089973,22.63546,16.382698,15.9567795,21.06983,22.391373,21.084528,22.555147,15.150126,15.429422,15.688873,15.410926,21.066393,22.095015,21.097164,22.591131,15.887075,16.320116,0.0,4.0,0.0,4.0,0.0,4.0,0.0,4.0
47801,2023.0,11.0,28.0,22.0,21.068254,22.651026,16.165606,15.745901,21.076359,22.436474,21.049963,22.54222,20.072052,23.64908,15.228745,14.914644,21.057215,22.12031,21.034405,22.51187,20.151117,23.357243,0.0,4.0,4.0,0.0,0.0,4.0,4.0,0.0
47802,2023.0,11.0,28.0,23.0,21.070263,22.688772,15.967794,15.547651,21.100803,22.524776,21.080996,22.67627,16.939117,17.169542,14.997924,14.753333,21.088415,22.228436,21.10698,22.692802,16.697409,16.362139,0.0,0.0,0.0,0.0,0.0,0.0,0.0,0.0
47803,2023.0,11.0,28.0,23.0,19.366026,19.441359,15.796679,15.378563,19.36096,19.17377,18.728584,18.1528,15.214429,14.982672,15.025162,14.951686,19.049936,18.326302,18.733824,18.13614,15.748591,15.756872,0.0,4.0,0.0,0.0,0.0,0.0,0.0,4.0
47804,2023.0,11.0,28.0,23.0,18.336369,18.132229,15.646151,15.229803,17.774986,16.832264,17.327377,16.35392,15.009763,14.900552,15.0056925,15.0082445,18.033249,17.141483,17.51131,16.730574,14.953798,14.526146,0.0,0.0,0.0,0.0,4.0,0.0,0.0,0.0
47805,2023.0,11.0,28.0,23.0,17.903332,17.651787,15.508687,15.090238,17.095304,16.064737,17.28263,16.764923,15.027159,15.058236,15.030135,15.139564,18.117207,17.702684,17.44079,17.075684,15.05647,14.906363,0.0,0.0,0.0,0.0,0.0,0.0,0.0,0.0
47806,2023.0,11.0,28.0,23.0,17.617622,17.368647,15.391391,14.976637,17.21237,16.675827,17.16683,16.728325,15.0224695,15.137486,15.023161,15.181335,18.014944,17.64338,17.263174,16.933641,15.015459,14.979978,0.0,0.0,0.0,0.0,0.0,0.0,0.0,0.0
47807,2023.0,11.0,28.0,23.0,17.38198,17.139362,15.287725,14.878183,17.144138,16.686005,16.954573,16.534508,15.023265,15.199746,15.0247345,15.22279,17.82133,17.454985,17.027082,16.714968,15.411514,15.830064,0.0,0.0,0.0,0.0,0.0,0.0,0.0,4.0
47808,2023.0,11.0,29.0,0.0,17.1756,16.935799,15.191206,14.783758,16.965204,16.522028,16.746706,16.331667,15.024122,15.245155,15.025143,15.252291,17.635334,17.270082,16.803995,16.499477,14.940585,14.954302,0.0,0.0,0.0,0.0,0.0,0.0,0.0,0.0
47809,2023.0,11.0,29.0,0.0,16.998196,16.764296,15.099352,14.689971,16.779713,16.335413,16.554722,16.137007,15.0416355,15.31645,15.045299,15.316991,17.466974,17.099646,16.594936,16.281921,15.061822,15.257603,0.0,0.0,0.0,0.0,0.0,0.0,0.0,0.0
47810,2023.0,11.0,29.0,0.0,16.857557,16.64205,15.023953,14.621798,16.626993,16.196688,16.399323,15.995125,15.018954,15.292627,15.021567,15.286802,17.32444,16.962704,16.417814,16.111214,15.335255,15.782443,0.0,0.0,0.0,0.0,0.0,0.0,0.0,4.0
47811,2023.0,11.0,29.0,0.0,16.720987,16.509785,15.003638,14.65078,16.48798,16.068195,16.25861,15.863998,15.025395,15.325829,15.026989,15.314366,17.196081,16.83858,16.259775,15.958096,14.968726,15.109424,0.0,0.0,0.0,0.0,0.0,0.0,0.0,0.0
47812,2023.0,11.0,29.0,0.0,16.588057,16.37402,15.006783,14.710403,16.351885,15.931954,16.121487,15.726025,15.046468,15.38564,15.024311,15.307423,17.074986,16.716408,16.110933,15.807689,15.066557,15.337375,0.0,0.0,0.0,0.0,4.0,0.0,0.0,0.0
47813,2023.0,11.0,29.0,0.0,16.470987,16.258368,15.00882,14.751814,16.234507,15.821687,16.003626,15.614464,15.047041,15.391415,15.051841,15.395873,16.968454,16.612263,15.979648,15.679047,15.038288,15.3001175,0.0,0.0,0.0,0.0,0.0,0.0,0.0,0.0
47814,2023.0,11.0,29.0,1.0,16.377665,16.181046,15.011029,14.788483,16.126812,15.7206135,15.895723,15.512366,15.007521,15.29999,15.051528,15.393065,16.870829,16.51684,15.859703,15.561531,15.042365,15.351535,0.0,0.0,0.0,4.0,0.0,0.0,0.0,0.0
47815,2023.0,11.0,29.0,1.0,16.288658,16.099998,15.012524,14.819119,16.027277,15.627319,15.796249,15.418309,15.050412,15.443067,15.0521,15.402317,16.780882,16.42905,15.749346,15.453513,15.044296,15.37678,0.0,0.0,0.0,0.0,0.0,0.0,0.0,0.0
47816,2023.0,11.0,29.0,1.0,16.202772,16.018904,15.014035,14.846593,15.934634,15.5404825,15.703906,15.330949,15.001018,15.305301,15.052374,15.409136,16.697344,16.347542,15.647024,15.35338,15.046868,15.403936,0.0,0.0,0.0,4.0,0.0,0.0,0.0,0.0
47817,2023.0,11.0,29.0,1.0,16.121977,15.942587,15.015586,14.871494,15.847874,15.459124,15.617639,15.24927,15.083644,15.499541,15.053912,15.419609,16.619196,16.271309,15.551486,15.259904,15.048705,15.425397,0.0,0.0,0.0,0.0,0.0,0.0,0.0,0.0
47818,2023.0,11.0,29.0,1.0,16.848238,17.379173,15.008301,14.87669,15.772784,15.395677,15.543088,15.185456,15.006013,15.293109,15.008797,15.329267,16.549416,16.207142,15.466208,15.181072,15.022819,15.393953,0.0,0.0,0.0,4.0,4.0,0.0,0.0,0.0
47819,2023.0,11.0,29.0,1.0,16.374569,16.29788,15.009912,14.899067,15.694873,15.321711,15.465883,15.11139,15.049723,15.399499,15.032514,15.402217,16.47931,16.138203,15.380804,15.096854,15.026503,15.418309,0.0,0.0,0.0,0.0,0.0,0.0,0.0,0.0
47820,2023.0,11.0,29.0,2.0,15.583703,14.961058,15.010182,14.917324,15.621074,15.251979,15.392914,15.041675,15.041511,15.3796625,15.028335,15.404148,16.412733,16.07299,15.300007,15.017602,15.02645,15.432976,0.0,0.0,0.0,0.0,0.0,0.0,0.0,0.0
47821,2023.0,11.0,29.0,2.0,15.273966,14.601562,15.020687,14.955961,15.544581,15.173285,15.3176,14.963642,15.051321,15.428862,15.056858,15.467557,16.345795,16.004225,15.219055,14.9342985,15.117823,15.586522,0.0,0.0,0.0,0.0,0.0,0.0,0.0,4.0
47822,2023.0,11.0,29.0,2.0,15.567248,15.327316,15.009816,14.947869,15.479992,15.115552,15.254152,14.906179,15.02339,15.394584,15.02438,15.407632,16.285881,15.947069,15.146748,14.8652315,15.030955,15.433009,0.0,0.0,0.0,0.0,0.0,0.0,0.0,0.0
47823,2023.0,11.0,29.0,2.0,15.646824,15.46383,15.011623,14.96666,15.416152,15.056372,15.191474,14.847417,15.028264,15.422481,15.029871,15.425702,17.03593,17.41982,15.076942,14.798132,15.042463,15.449738,0.0,0.0,0.0,0.0,0.0,4.0,0.0,0.0
47824,2023.0,11.0,29.0,2.0,15.631549,15.47427,15.012007,14.981595,15.35298,14.995458,15.128998,14.786753,15.027898,15.436476,15.029557,15.431779,16.534187,16.239689,15.00793,14.730068,15.0257015,15.44352,0.0,0.0,0.0,0.0,0.0,0.0,0.0,0.0
47825,2023.0,11.0,29.0,2.0,15.586535,15.433457,15.0124235,14.996014,15.290887,14.934566,15.067658,14.726268,15.028409,15.449761,15.029742,15.438488,15.862303,15.132045,15.006747,14.783397,15.028223,15.467828,0.0,0.0,0.0,0.0,0.0,0.0,0.0,0.0
47826,2023.0,11.0,29.0,3.0,15.527768,15.369806,15.025406,15.035617,15.227045,14.868766,15.004987,14.661216,15.055669,15.514131,15.058948,15.501486,15.596598,14.837233,15.007933,14.828302,15.054888,15.536267,0.0,0.0,0.0,0.0,0.0,0.0,0.0,0.0
47827,2023.0,11.0,29.0,3.0,15.469856,15.308814,15.011528,15.018723,15.169452,14.814227,15.00442,14.71058,15.02442,15.45862,15.025226,15.438163,15.9080925,15.588256,15.006767,14.852077,15.023696,15.4846,0.0,0.0,0.0,0.0,0.0,0.0,0.0,0.0
47828,2023.0,11.0,29.0,3.0,15.412492,15.25133,15.027514,15.063738,15.105967,14.746854,15.005793,14.754467,15.05769,15.53381,15.06004,15.513488,15.941533,15.6023445,15.0117445,14.893374,15.056011,15.523809,0.0,0.0,0.0,0.0,0.0,0.0,0.0,4.0
47829,2023.0,11.0,29.0,3.0,15.353671,15.185892,15.028387,15.072432,15.046875,14.687076,15.008111,14.789784,15.0085125,15.403477,15.059944,15.507507,15.892307,15.552167,15.014023,14.919347,15.087789,15.602603,0.0,0.0,0.0,4.0,0.0,0.0,0.0,0.0
47830,2023.0,11.0,29.0,3.0,15.300611,15.133894,15.028885,15.083823,15.001055,14.651944,15.01042,14.821817,15.0608425,15.569784,15.060331,15.512594,15.842487,15.501371,15.01601,14.944642,15.085678,15.57301,0.0,0.0,0.0,0.0,0.0,0.0,0.0,0.0
47831,2023.0,11.0,29.0,3.0,15.241757,15.068108,15.028638,15.093091,15.004536,14.707569,15.0119295,14.849544,15.059243,15.552252,15.060955,15.517611,15.7922945,15.450192,15.018039,14.968233,15.056485,15.540116,0.0,0.0,0.0,0.0,0.0,0.0,0.0,0.0
47832,2023.0,11.0,29.0,4.0,15.1999,15.037625,15.029509,15.104319,15.006829,14.744442,15.014213,14.876898,15.059304,15.558226,15.061438,15.522687,15.741982,15.398872,15.019494,14.989541,15.057705,15.565452,0.0,0.0,0.0,0.0,0.0,0.0,0.0,0.0
47833,2023.0,11.0,29.0,4.0,15.153833,14.993453,15.030074,15.114349,15.008556,14.777113,15.015633,14.900576,15.061063,15.565178,15.061733,15.527635,15.691359,15.346902,15.020965,15.010107,15.030623,15.48788,0.0,0.0,0.0,0.0,0.0,0.0,0.0,4.0
47834,2023.0,11.0,29.0,4.0,15.103713,14.941636,15.031206,15.125316,15.010278,14.806626,15.016847,14.922541,15.011229,15.440538,15.062799,15.534323,15.640682,15.294862,15.022793,15.030508,15.091639,15.643075,0.0,0.0,0.0,4.0,0.0,0.0,0.0,0.0
47835,2023.0,11.0,29.0,4.0,15.053402,14.889622,15.031905,15.13504,15.012403,14.834527,15.019035,14.945351,15.049694,15.509911,15.063048,15.53931,15.590038,15.24284,15.023646,15.048276,15.090703,15.607596,0.0,0.0,0.0,4.0,0.0,0.0,0.0,0.0
47836,2023.0,11.0,29.0,4.0,15.003577,14.838019,15.032614,15.144669,15.013756,14.8589735,15.020059,14.964721,15.048587,15.485565,15.063937,15.545881,15.539452,15.19086,15.024036,15.0650015,15.030689,15.479653,0.0,0.0,0.0,4.0,0.0,0.0,0.0,4.0
47837,2023.0,11.0,29.0,4.0,15.0028105,14.880747,15.033793,15.155052,15.015714,14.883327,15.021628,14.984499,15.096997,15.606169,15.064197,15.551107,15.488926,15.138924,15.025843,15.084125,15.093564,15.651065,0.0,0.0,0.0,0.0,0.0,0.0,0.0,0.0
47838,2023.0,11.0,29.0,5.0,15.004508,14.91332,15.034888,15.164964,15.01719,14.90535,15.022673,15.002467,15.047694,15.449234,15.065155,15.557976,15.438486,15.087071,15.028628,15.105419,15.092081,15.616989,0.0,0.0,0.0,4.0,0.0,0.0,0.0,0.0
47839,2023.0,11.0,29.0,5.0,15.007811,14.945774,15.035802,15.174456,15.018226,14.925722,15.02436,15.021343,15.097594,15.595783,15.065757,15.563949,15.388401,15.035808,15.030772,15.124816,15.059546,15.583471,0.0,0.0,0.0,0.0,0.0,0.0,0.0,0.0
47840,2023.0,11.0,29.0,5.0,15.008738,14.970424,15.036318,15.183082,15.020084,14.947017,15.025336,15.038177,15.047418,15.441077,15.039634,15.499378,15.338567,14.984793,15.030904,15.140036,15.061747,15.614781,0.0,0.0,0.0,4.0,4.0,0.0,0.0,0.0
47841,2023.0,11.0,29.0,5.0,15.011148,14.996492,15.036897,15.191775,15.021817,14.967153,15.026596,15.055232,15.097943,15.593846,15.067875,15.592314,15.288976,14.93402,15.032651,15.158657,15.063403,15.632371,0.0,0.0,0.0,0.0,0.0,0.0,0.0,0.0
47842,2023.0,11.0,29.0,5.0,15.011274,15.016273,15.03745,15.200347,15.022467,14.984614,15.026868,15.069658,15.097048,15.569239,15.041624,15.51645,15.239644,14.883507,15.033406,15.174541,15.063837,15.645771,0.0,0.0,0.0,0.0,4.0,0.0,0.0,0.0
47843,2023.0,11.0,29.0,5.0,15.013699,15.039486,15.038748,15.210268,15.024445,15.0044365,15.027585,15.084289,15.059982,15.535451,15.069504,15.608386,15.190577,14.83326,15.035399,15.192879,15.065474,15.659718,0.0,0.0,0.0,0.0,0.0,0.0,0.0,0.0
47844,2023.0,11.0,29.0,6.0,15.629588,16.204924,15.018027,15.180507,15.011628,14.995525,15.013404,15.0709095,15.03044,15.514731,15.030479,15.533274,15.143352,14.786417,15.016809,15.172603,15.029809,15.605226,0.0,0.0,0.0,0.0,0.0,0.0,0.0,0.0
47845,2023.0,11.0,29.0,6.0,19.780056,23.191284,15.021393,15.196815,19.838974,23.39524,20.276247,24.050964,15.0347185,15.546006,15.036733,15.552168,19.145393,21.580334,19.829916,23.487518,15.035405,15.627526,0.0,0.0,4.0,0.0,0.0,0.0,0.0,0.0
47846,2023.0,11.0,29.0,6.0,20.00663,23.091183,15.021306,15.205372,21.113886,25.047407,21.090876,24.940647,15.033994,15.557369,15.035852,15.553807,19.99495,22.881468,20.810637,24.70624,15.034121,15.627868,0.0,4.0,4.0,0.0,0.0,0.0,0.0,0.0
47847,2023.0,11.0,29.0,6.0,21.002922,24.377275,15.021777,15.214488,21.12018,24.556156,20.561394,23.527039,15.034111,15.56402,15.020228,15.510713,20.455305,23.292707,21.16942,24.850584,14.998462,15.528133,0.0,0.0,0.0,0.0,4.0,0.0,0.0,4.0
47848,2023.0,11.0,29.0,6.0,21.104033,24.189518,15.022287,15.222964,21.110239,24.191837,20.6378,23.391098,15.034099,15.566383,18.857813,22.108145,20.6681,23.3664,21.074282,24.27717,20.092157,24.353502,0.0,0.0,0.0,0.0,0.0,0.0,4.0,4.0
47849,2023.0,11.0,29.0,6.0,20.981413,23.712984,15.021964,15.228261,21.10811,23.945328,20.855015,23.508575,15.034155,15.5669365,16.200748,16.426401,20.92506,23.537918,21.111301,24.049469,19.490807,22.7071,0.0,0.0,0.0,0.0,0.0,0.0,4.0,0.0
47850,2023.0,11.0,29.0,7.0,21.140112,23.818747,15.000381,15.172312,21.105396,23.76344,21.124994,23.85501,15.00512,15.486743,15.028452,15.152347,22.011309,25.210257,22.37928,26.031149,15.900544,15.442572,4.0,0.0,0.0,4.0,4.0,4.0,4.0,0.0
47851,2023.0,11.0,29.0,7.0,21.102499,23.574995,19.293995,22.6018,21.103006,23.625858,21.102715,23.683119,20.168577,24.445683,19.744837,23.31928,21.371084,23.824911,21.462837,24.137629,15.066965,14.98127,0.0,0.0,0.0,4.0,4.0,0.0,0.0,0.0
47852,2023.0,11.0,29.0,7.0,21.178852,23.630457,16.926233,17.409903,21.616186,24.47552,21.811142,24.786783,19.181414,22.13433,20.093555,23.509684,20.690243,22.470848,22.325205,25.518246,15.569588,16.132376,4.0,0.0,0.0,0.0,4.0,0.0,4.0,4.0
47853,2023.0,11.0,29.0,7.0,21.106318,23.415085,19.848864,23.03367,21.103,23.450039,20.991188,23.206268,15.738253,15.206797,19.565311,22.192677,21.187284,23.276188,21.435339,23.791567,19.768782,23.317577,4.0,0.0,0.0,0.0,4.0,4.0,0.0,4.0
47854,2023.0,11.0,29.0,7.0,21.136507,23.456646,19.460073,21.949028,21.137732,23.435257,21.1457,23.463839,15.091218,15.012975,19.285084,21.471546,21.1534,23.100239,21.132553,23.2288,19.852705,23.020533,4.0,4.0,4.0,0.0,0.0,4.0,4.0,4.0
47855,2023.0,11.0,29.0,7.0,21.069216,23.284502,19.744207,22.124857,21.078028,23.264956,21.102385,23.365545,15.020844,15.073994,16.313074,15.63197,21.0819,22.895462,22.300209,25.212082,19.60493,22.271961,4.0,4.0,0.0,0.0,0.0,4.0,4.0,0.0
47856,2023.0,11.0,29.0,8.0,21.10508,23.282873,19.989388,22.3357,21.109924,23.222477,21.107946,23.259583,15.032443,15.223963,15.211072,14.727408,21.400919,23.447208,22.717363,25.790255,17.04331,17.101513,0.0,4.0,4.0,0.0,0.0,4.0,4.0,4.0
47857,2023.0,11.0,29.0,8.0,18.68371,18.58856,17.017319,16.450554,18.614,18.362324,18.085985,17.430243,15.030731,15.308086,15.370146,15.298856,18.941013,18.68876,19.509733,19.464054,20.516165,23.72623,0.0,4.0,0.0,0.0,4.0,4.0,4.0,4.0
47858,2023.0,11.0,29.0,8.0,17.541073,17.283672,16.200998,16.005856,17.323912,16.789557,16.405615,15.309691,15.032509,15.374993,20.144928,23.344366,18.084112,17.792295,18.271555,18.260067,20.07907,22.804846,4.0,4.0,0.0,0.0,0.0,4.0,4.0,0.0
47859,2023.0,11.0,29.0,8.0,17.15868,16.907963,20.199072,23.219664,16.238031,15.124782,16.966564,16.938517,15.037853,15.406608,17.460457,17.894638,17.794588,17.51936,17.895662,17.911404,16.724438,16.193214,0.0,0.0,4.0,4.0,4.0,4.0,4.0,0.0
47860,2023.0,11.0,29.0,8.0,16.880531,16.64669,17.568,17.709473,16.256208,15.662702,16.608757,16.171217,19.83882,23.527815,20.420696,23.554745,17.548489,17.286644,17.577913,17.615278,15.438763,14.573331,0.0,4.0,4.0,0.0,4.0,4.0,4.0,0.0
47861,2023.0,11.0,29.0,8.0,16.654297,16.432383,15.868438,15.425671,16.256973,15.740095,15.534838,14.465767,15.948185,15.5954075,20.03955,22.692776,17.3403,17.089235,16.381369,15.621902,15.456841,15.385849,0.0,4.0,0.0,0.0,0.0,4.0,0.0,0.0
47862,2023.0,11.0,29.0,9.0,16.461864,16.249857,15.856842,15.729202,15.403566,14.317005,14.9936905,13.920388,15.112901,15.234082,16.71096,16.080633,17.162392,16.919207,15.612253,14.74919,15.886413,16.456558,4.0,0.0,0.0,0.0,0.0,4.0,0.0,4.0
47863,2023.0,11.0,29.0,9.0,16.299671,16.10066,20.101479,23.296326,15.56277,15.020624,15.386653,14.874165,15.020125,15.204272,15.412186,14.911604,17.018347,16.7905,15.207778,14.353485,19.505821,22.593533,0.0,4.0,4.0,0.0,0.0,4.0,0.0,0.0
47864,2023.0,11.0,29.0,9.0,15.448694,14.645605,17.49012,17.728628,14.991543,14.080132,14.972089,14.183272,15.034831,15.329202,15.140042,14.706087,16.899214,16.685246,15.000301,14.256297,16.140585,15.669186,0.0,0.0,0.0,0.0,0.0,4.0,0.0,0.0
47865,2023.0,11.0,29.0,9.0,14.994286,14.177545,15.708828,15.290249,15.038601,14.315575,15.037033,14.433097,15.032889,15.391689,15.015309,14.770688,16.797636,16.59609,16.401413,17.155916,15.036047,14.760046,0.0,0.0,0.0,0.0,0.0,4.0,4.0,0.0
47866,2023.0,11.0,29.0,9.0,15.022897,14.3878145,15.706432,15.606054,15.021898,14.39229,15.01696,14.524,15.033584,15.441031,15.029815,14.97122,15.940364,15.064965,15.27204,14.563651,15.025639,14.969275,4.0,0.0,0.0,0.0,0.0,0.0,0.0,0.0
47867,2023.0,11.0,29.0,9.0,15.932571,15.068038,20.121687,23.440182,15.700535,15.7996435,15.662716,15.847885,15.034241,15.479086,15.028256,15.088045,15.479564,14.563172,15.933981,15.121155,15.027822,15.124973,4.0,4.0,4.0,0.0,0.0,0.0,0.0,0.0
47868,2023.0,11.0,29.0,10.0,15.266578,15.010078,20.065653,22.803562,16.04786,16.31681,15.935967,16.233587,15.034142,15.504401,15.028622,15.170995,15.285351,14.385,16.240469,16.713987,15.027935,15.229345,4.0,4.0,4.0,0.0,0.0,0.0,0.0,0.0
47869,2023.0,11.0,29.0,10.0,15.18062,14.943001,20.124043,22.584333,15.539889,15.2761,15.395613,15.149283,15.03389,15.521317,15.028299,15.225702,15.144314,14.268579,16.031754,15.882197,15.028388,15.303462,4.0,4.0,4.0,0.0,0.0,0.0,0.0,0.0
47870,2023.0,11.0,29.0,10.0,15.092075,14.869059,20.112844,22.340769,15.287626,14.97478,16.066378,16.40355,15.033596,15.532693,15.028027,15.262302,15.47736,15.07399,15.258479,14.954874,15.0286455,15.361165,4.0,4.0,0.0,0.0,0.0,0.0,0.0,0.0
47871,2023.0,11.0,29.0,10.0,15.698928,15.81649,20.110756,22.184097,15.229165,14.937794,15.591335,15.401908,15.033304,15.540148,15.027548,15.28652,15.576059,15.213356,15.0366335,14.730771,15.310186,15.90067,4.0,4.0,0.0,0.0,0.0,0.0,0.0,4.0
47872,2023.0,11.0,29.0,10.0,15.353962,15.257508,20.125008,22.117607,16.334435,15.875565,16.356754,15.845709,15.03296,15.544886,15.027347,15.303294,15.537823,15.185415,17.276903,17.447401,20.226374,24.325808,0.0,0.0,0.0,0.0,0.0,0.0,0.0,4.0
47873,2023.0,11.0,29.0,10.0,15.867976,16.395252,17.674343,17.323992,15.017427,14.597803,15.048456,14.655734,15.032621,15.548159,15.026928,15.315839,15.499749,15.156924,16.405466,17.111538,19.976608,23.339024,4.0,0.0,0.0,0.0,0.0,0.0,4.0,0.0
47874,2023.0,11.0,29.0,11.0,15.398459,15.35642,20.18967,22.525076,15.896806,16.067413,15.6692295,15.950993,15.032273,15.550874,15.027179,15.327345,15.464817,15.131163,15.456437,14.810216,16.360155,16.009937,0.0,0.0,4.0,0.0,0.0,0.0,0.0,0.0
47875,2023.0,11.0,29.0,11.0,15.004125,14.82914,17.397837,16.885044,15.93448,16.276209,15.245111,15.045514,15.031906,15.553058,15.026431,15.334712,16.25828,16.668396,15.030693,14.716766,14.993721,14.608363,0.0,4.0,0.0,0.0,0.0,4.0,0.0,0.0
47876,2023.0,11.0,29.0,11.0,15.024993,14.924812,16.180614,15.684179,14.97134,14.571683,15.027411,14.842786,15.031768,15.555889,15.026679,15.343295,15.36739,14.671779,15.0246525,14.8062725,15.0274935,14.927351,0.0,0.0,0.0,0.0,0.0,0.0,0.0,0.0
47877,2023.0,11.0,29.0,11.0,15.005667,14.962503,16.434954,16.441908,15.131182,14.961063,15.030063,14.902016,15.031258,15.557898,15.026537,15.350187,15.003357,14.337089,15.012926,14.884368,15.026123,15.09216,4.0,4.0,0.0,0.0,0.0,0.0,0.0,0.0
47878,2023.0,11.0,29.0,11.0,15.818729,16.26153,20.218042,23.216791,15.364989,15.500111,15.775007,16.080374,15.031224,15.560466,15.02647,15.355954,15.570339,15.238858,15.734068,15.999061,15.024462,15.200152,4.0,0.0,0.0,0.0,0.0,0.0,0.0,0.0
47879,2023.0,11.0,29.0,11.0,15.36914,15.258168,20.075922,22.538195,16.161165,16.752562,15.23404,14.935044,15.030952,15.56181,15.025862,15.35852,15.344685,15.040424,15.988207,16.734608,15.02454,15.285096,0.0,0.0,0.0,0.0,0.0,0.0,4.0,0.0
47880,2023.0,11.0,29.0,12.0,15.010275,14.941563,17.187538,16.752892,15.967825,16.022955,15.006912,14.888037,15.030454,15.561943,15.0251,15.358615,15.401964,15.114792,15.945319,16.328169,15.024702,15.344835,0.0,4.0,0.0,0.0,0.0,0.0,4.0,0.0
47881,2023.0,11.0,29.0,12.0,20.171106,24.041264,16.02692,15.580067,19.683506,22.845118,20.15161,23.95164,15.030678,15.563726,15.025514,15.36192,19.571243,22.234102,19.886852,23.254168,15.025682,15.389941,0.0,0.0,0.0,0.0,0.0,0.0,0.0,0.0
47882,2023.0,11.0,29.0,12.0,21.106524,25.090551,15.779005,15.374166,20.350426,23.52679,21.104387,25.03622,15.030071,15.562283,15.024904,15.363758,20.376179,23.40386,20.71192,24.211359,15.025404,15.419151,0.0,0.0,4.0,0.0,0.0,0.0,0.0,0.0
47883,2023.0,11.0,29.0,12.0,20.751114,23.974794,16.030817,16.073254,21.209768,24.690922,20.749727,23.919472,15.029502,15.556351,15.025996,15.368115,21.152763,24.360014,21.1732,24.586933,15.025202,15.434864,4.0,0.0,0.0,0.0,0.0,4.0,0.0,0.0
47884,2023.0,11.0,29.0,12.0,21.040972,24.18965,20.191319,23.454739,21.095089,24.152136,21.173302,24.333744,15.029006,15.548694,15.025759,15.369157,20.575708,22.975136,21.470003,24.748474,15.025011,15.443168,4.0,0.0,4.0,0.0,0.0,0.0,0.0,0.0
47885,2023.0,11.0,29.0,12.0,22.147451,25.829247,20.055218,22.694803,21.78008,25.089684,21.472967,24.563894,15.029019,15.541274,15.02523,15.367486,20.56447,22.711758,22.221981,25.811403,15.025128,15.447694,4.0,0.0,4.0,0.0,0.0,0.0,0.0,0.0
47886,2023.0,11.0,29.0,13.0,21.49495,24.441702,20.127068,22.544817,22.275408,25.737734,21.42229,24.29763,15.028134,15.530812,15.024835,15.362724,21.466206,24.093199,22.619137,26.242245,15.024846,15.449069,0.0,0.0,0.0,0.0,0.0,4.0,0.0,0.0
47887,2023.0,11.0,29.0,13.0,21.088444,23.587866,17.286009,16.88562,20.94768,23.19327,21.09394,23.571907,15.028173,15.522951,15.023997,15.357674,21.246101,23.501516,22.260962,25.362976,15.024913,15.450542,0.0,0.0,0.0,0.0,0.0,0.0,0.0,0.0
47888,2023.0,11.0,29.0,13.0,21.124472,23.590876,16.62609,16.655695,21.094284,23.441448,21.130426,23.563137,15.027968,15.51795,15.024077,15.3589325,21.414791,23.65525,23.308746,27.049961,15.025341,15.4531975,4.0,4.0,0.0,0.0,0.0,0.0,0.0,0.0
47889,2023.0,11.0,29.0,13.0,21.155663,23.6455,20.231327,23.137566,21.159147,23.544134,21.15721,23.605825,15.028251,15.516374,15.024411,15.362861,21.084942,22.927637,20.97381,22.772894,15.025219,15.455933,4.0,4.0,0.0,0.0,0.0,4.0,0.0,0.0
47890,2023.0,11.0,29.0,13.0,22.31163,25.564741,20.074963,22.474785,21.731342,24.432398,22.03496,24.997076,15.028242,15.515115,15.024923,15.367326,21.395002,23.429552,22.55393,25.542984,15.025472,15.459896,0.0,0.0,4.0,0.0,0.0,0.0,0.0,0.0
47891,2023.0,11.0,29.0,13.0,20.914833,22.968464,17.58746,17.461512,20.999546,23.000454,20.925844,22.96667,15.027379,15.514476,15.024367,15.367902,21.05863,22.748503,20.878244,22.537085,15.024956,15.4646225,4.0,4.0,0.0,0.0,0.0,0.0,0.0,0.0
47892,2023.0,11.0,29.0,14.0,21.909771,24.742756,20.188211,22.76676,21.865265,24.440836,21.801193,24.440031,15.027893,15.517262,15.024616,15.372894,21.52243,23.50086,22.583342,25.551615,15.025253,15.470584,0.0,0.0,0.0,0.0,0.0,0.0,0.0,0.0
47893,2023.0,11.0,29.0,14.0,18.864689,18.6884,17.732359,17.671024,19.286776,19.334665,19.09942,19.106441,15.027537,15.519498,15.024384,15.377904,19.408321,19.39046,19.739944,19.879442,15.025143,15.4763975,4.0,4.0,4.0,0.0,0.0,0.0,0.0,0.0
47894,2023.0,11.0,29.0,14.0,17.05818,16.438427,20.189825,22.765486,17.219194,16.434978,17.67589,17.459925,15.028392,15.527208,15.02606,15.389052,18.249094,17.936138,18.00378,17.734528,15.026065,15.4867935,0.0,0.0,4.0,0.0,0.0,0.0,0.0,0.0
47895,2023.0,11.0,29.0,14.0,17.655033,18.101751,17.447348,17.1364,16.454292,15.577963,16.60639,15.839283,15.028809,15.536306,15.025679,15.3970995,17.831865,17.504965,17.388807,17.087002,15.02661,15.498757,0.0,0.0,0.0,0.0,0.0,0.0,0.0,0.0
47896,2023.0,11.0,29.0,14.0,16.723623,16.287338,16.205132,15.83489,16.031343,15.167259,16.603798,16.328497,15.029454,15.546878,15.026797,15.409943,18.343666,18.751402,18.04863,18.709885,15.027245,15.512179,0.0,0.0,4.0,0.0,0.0,4.0,4.0,0.0
47897,2023.0,11.0,29.0,14.0,16.714163,16.747917,16.413834,16.472824,16.751606,16.876743,15.920261,15.174565,15.030146,15.558818,15.027298,15.422995,17.267824,16.62753,16.821154,16.28122,15.027818,15.525872,4.0,4.0,0.0,0.0,0.0,0.0,0.0,0.0
47898,2023.0,11.0,29.0,15.0,15.998995,15.469782,20.185776,23.226759,16.402252,16.15027,15.40957,14.608515,15.030951,15.573473,15.027918,15.43664,16.594563,15.848301,16.008163,15.356263,15.028955,15.544411,0.0,0.0,0.0,0.0,0.0,0.0,0.0,0.0
47899,2023.0,11.0,29.0,15.0,15.521041,14.921021,18.021852,18.562532,16.236956,16.06008,15.776124,15.550107,15.031441,15.586745,15.027876,15.447889,16.314547,15.570395,15.64158,14.989886,15.029684,15.561853,4.0,4.0,4.0,0.0,0.0,0.0,0.0,0.0
47900,2023.0,11.0,29.0,15.0,15.979253,16.000868,20.26628,22.98986,15.481675,14.743601,15.217532,14.499014,15.031996,15.600118,15.029135,15.460736,16.482468,16.13483,15.696783,15.391355,15.030069,15.578037,4.0,0.0,0.0,0.0,0.0,0.0,0.0,0.0
47901,2023.0,11.0,29.0,15.0,16.15696,16.288774,20.048054,22.27917,15.694983,15.477048,15.474188,15.292725,15.032196,15.611255,15.029012,15.468479,16.489172,16.203556,15.631858,15.37817,15.030488,15.5942545,4.0,4.0,4.0,0.0,0.0,0.0,0.0,0.0
47902,2023.0,11.0,29.0,15.0,16.108374,16.244389,20.104984,22.20143,15.819069,15.677857,15.613661,15.507322,15.032523,15.621525,15.00915,15.417828,17.24959,17.761232,15.473135,15.232669,15.031471,15.610941,4.0,4.0,4.0,0.0,4.0,4.0,0.0,0.0
47903,2023.0,11.0,29.0,15.0,16.038736,16.175392,20.113945,22.100687,15.763642,15.634086,15.566224,15.469903,14.998062,15.534115,19.277777,22.42472,16.254091,15.640327,15.316548,15.086142,15.031628,15.62565,0.0,4.0,4.0,4.0,0.0,0.0,0.0,0.0
47904,2023.0,11.0,29.0,16.0,15.981709,16.125105,17.890469,17.720661,15.688746,15.562503,15.500173,15.40468,19.700449,23.647852,16.696432,17.113106,16.511368,16.539747,15.167785,14.944536,15.032197,15.641324,4.0,4.0,4.0,0.0,0.0,4.0,0.0,0.0
47905,2023.0,11.0,29.0,16.0,15.916114,16.051981,20.230497,22.541887,15.608561,15.476931,15.960299,16.14971,16.009535,15.919879,14.975691,14.934337,15.936698,15.325096,15.018483,14.786895,15.033102,15.656927,0.0,4.0,0.0,0.0,0.0,0.0,0.0,0.0
47906,2023.0,11.0,29.0,16.0,15.849226,15.976706,17.845255,17.66032,14.988026,14.479489,15.046025,14.647208,15.096642,15.359933,15.040462,15.20848,16.340672,16.39443,15.993211,16.745522,15.143965,15.836933,4.0,0.0,0.0,0.0,0.0,4.0,4.0,4.0
47907,2023.0,11.0,29.0,16.0,15.779251,15.893267,20.184616,22.527292,15.8772745,15.049102,15.261542,15.06576,15.022889,15.3526535,15.028472,15.287324,15.708475,15.046075,15.6380205,15.653699,18.955133,22.408617,0.0,0.0,4.0,0.0,0.0,0.0,0.0,0.0
47908,2023.0,11.0,29.0,16.0,14.999529,14.606801,17.478142,17.013794,15.292769,15.131564,14.995231,14.693994,15.034707,15.4703045,15.031034,15.362663,15.277684,14.556988,14.952393,14.6526165,15.083233,15.323692,0.0,4.0,0.0,0.0,0.0,0.0,0.0,0.0
47909,2023.0,11.0,29.0,16.0,15.029597,14.77151,16.295141,15.82122,14.993825,14.663144,15.112276,14.960374,15.034244,15.534185,15.0119505,15.366785,15.094131,14.360054,15.042557,14.918933,15.133366,15.549229,0.0,0.0,4.0,0.0,4.0,0.0,0.0,0.0
47910,2023.0,11.0,29.0,17.0,15.336203,15.395746,16.513262,16.483044,15.030151,14.7965145,15.017798,14.847676,15.035302,15.584991,19.170897,22.302395,16.286106,16.79417,15.010869,14.953403,15.022619,15.455649,4.0,0.0,0.0,0.0,0.0,4.0,0.0,0.0
47911,2023.0,11.0,29.0,17.0,15.42877,15.523119,20.263826,23.198797,15.080544,14.900913,15.352642,15.559009,15.036127,15.621398,16.551508,16.87686,15.433408,14.77298,15.465028,15.944754,15.214326,15.861494,4.0,4.0,0.0,0.0,0.0,0.0,0.0,4.0
47912,2023.0,11.0,29.0,17.0,15.932261,16.339981,20.075869,22.424671,16.04197,16.535986,15.372014,15.177325,15.036604,15.647445,14.991694,14.992019,15.222503,14.508606,15.721222,16.113317,18.963415,22.335693,0.0,0.0,4.0,0.0,0.0,0.0,0.0,0.0
47913,2023.0,11.0,29.0,17.0,14.993931,14.758414,17.19998,16.657522,15.847284,15.812322,15.107826,14.945142,14.999834,15.564353,15.039051,15.228568,15.002574,14.379519,14.982472,14.942626,15.599364,15.326466,0.0,4.0,4.0,4.0,0.0,0.0,0.0,0.0
47914,2023.0,11.0,29.0,17.0,15.027235,14.893061,16.51014,16.363243,15.246268,15.05101,15.030386,14.918,20.022203,24.27107,15.031738,15.313332,15.161721,14.801675,15.025837,15.100512,15.125114,15.472857,4.0,4.0,0.0,4.0,0.0,0.0,0.0,0.0
47915,2023.0,11.0,29.0,17.0,15.844888,16.226585,20.262897,23.100609,15.0136795,14.767834,15.033242,14.965641,19.592564,22.952673,15.033818,15.385661,15.182416,14.844168,15.018433,15.136721,15.023132,15.412986,4.0,0.0,0.0,0.0,0.0,0.0,0.0,0.0
47916,2023.0,11.0,29.0,18.0,15.822088,16.376076,20.062557,22.319906,16.06924,16.585545,15.281178,15.055673,15.940127,15.574546,15.03405,15.432924,15.119916,14.780256,16.042976,16.84057,15.036013,15.524744,4.0,0.0,4.0,0.0,0.0,0.0,0.0,0.0
47917,2023.0,11.0,29.0,18.0,19.533802,22.673098,20.126774,22.22277,20.304144,23.77538,19.505337,22.750599,15.076559,15.058267,15.034852,15.468272,20.387648,23.781378,20.440521,24.433079,15.035381,15.582702,0.0,4.0,0.0,0.0,0.0,4.0,0.0,0.0
47918,2023.0,11.0,29.0,18.0,20.684269,24.177956,17.63201,17.25545,20.82408,24.168322,20.488464,23.907911,15.026954,15.172406,15.03444,15.488251,19.509954,21.909918,21.13786,25.07214,15.035566,15.622289,4.0,4.0,4.0,0.0,0.0,0.0,4.0,0.0
47919,2023.0,11.0,29.0,18.0,20.626469,23.690342,20.243334,22.593576,21.193253,24.411139,20.486565,23.497925,15.034744,15.32074,15.0354,15.50512,20.424917,23.167257,20.87894,24.174372,15.035576,15.644897,4.0,4.0,0.0,0.0,0.0,4.0,0.0,0.0
47920,2023.0,11.0,29.0,18.0,20.869864,23.826113,20.04332,21.968271,21.388285,24.409752,20.743261,23.642962,15.034845,15.412397,15.035306,15.514786,20.723944,23.368187,21.155163,24.342922,15.035258,15.656302,4.0,4.0,0.0,0.0,0.0,4.0,0.0,0.0
47921,2023.0,11.0,29.0,18.0,21.825815,25.296938,20.123993,21.991236,21.75579,24.82237,22.235678,26.001215,15.033963,15.471311,15.035338,15.519222,20.369028,22.50602,21.373312,24.465172,15.035733,15.663087,0.0,4.0,4.0,0.0,0.0,0.0,0.0,0.0
47922,2023.0,11.0,29.0,19.0,20.979881,23.554115,17.757584,17.33513,21.034857,23.345066,20.92733,23.417315,15.0340185,15.511037,15.034885,15.519258,21.132576,23.657383,21.076456,23.772736,15.035442,15.663308,4.0,4.0,4.0,0.0,0.0,4.0,0.0,0.0
47923,2023.0,11.0,29.0,19.0,21.864792,24.92004,20.251863,22.46104,21.165943,23.520477,21.17594,23.767714,15.034983,15.540619,15.035867,15.523527,21.458822,24.023512,22.313066,25.727278,15.076153,15.693762,4.0,4.0,4.0,0.0,0.0,4.0,4.0,4.0
47924,2023.0,11.0,29.0,19.0,21.685205,24.41198,20.073221,21.924685,21.846449,24.58764,21.24268,23.78937,14.997889,15.457194,15.035749,15.525665,21.293896,23.534962,21.817257,24.687273,18.67412,21.93857,0.0,4.0,0.0,4.0,0.0,4.0,0.0,0.0
47925,2023.0,11.0,29.0,19.0,21.017487,23.157343,17.72796,17.297943,20.999725,22.973198,21.121437,23.469154,19.481667,23.000196,15.015497,15.469585,21.145058,23.173409,22.719456,26.054802,15.974924,16.188725,4.0,4.0,0.0,0.0,4.0,4.0,4.0,4.0
47926,2023.0,11.0,29.0,19.0,21.823984,24.489313,20.204468,22.386786,21.514437,23.868933,21.36129,23.80621,15.788396,15.45487,19.148987,22.391136,21.0348,22.946203,22.218592,25.094213,20.245659,24.08996,0.0,0.0,0.0,0.0,0.0,0.0,0.0,4.0
47927,2023.0,11.0,29.0,19.0,20.997942,22.99558,17.513641,16.930466,21.060127,23.00875,21.040298,23.19229,15.134513,15.394828,16.234438,16.452532,21.03284,22.840633,21.019945,22.889105,19.711464,22.825907,0.0,0.0,4.0,0.0,0.0,0.0,0.0,0.0
47928,2023.0,11.0,29.0,20.0,21.135702,23.269295,16.367,15.808505,21.10664,23.065075,21.08479,23.283117,15.017481,15.296528,15.035826,15.163237,21.345444,23.356218,21.133326,23.167084,16.170069,15.707767,0.0,4.0,4.0,0.0,0.0,0.0,0.0,0.0
47929,2023.0,11.0,29.0,20.0,21.0916,23.14969,16.5886,16.475721,21.126066,23.106293,21.135141,23.334534,15.036342,15.415898,15.034334,15.280217,21.05473,22.816116,22.555422,25.596281,15.467736,15.598563,4.0,0.0,0.0,0.0,0.0,0.0,0.0,4.0
47930,2023.0,11.0,29.0,20.0,21.835358,24.395187,20.241259,23.043911,21.16021,23.151234,21.15748,23.323212,15.034168,15.468665,15.034953,15.360517,21.859005,24.268951,22.255873,25.311281,19.850735,23.095829,0.0,0.0,0.0,0.0,0.0,4.0,0.0,0.0
47931,2023.0,11.0,29.0,20.0,20.993057,22.847437,17.762976,17.835981,21.088476,23.046118,21.125526,23.209242,15.034772,15.510241,15.034918,15.414165,21.402332,23.356218,21.877266,24.336931,16.816393,16.925848,0.0,0.0,0.0,0.0,0.0,4.0,4.0,4.0
47932,2023.0,11.0,29.0,20.0,21.103096,23.13696,16.677637,16.626276,21.092424,23.071743,21.092514,23.167181,14.998081,15.447068,15.036243,15.4573345,21.122698,22.79224,20.934715,22.590254,19.952332,23.085495,4.0,0.0,0.0,4.0,0.0,0.0,0.0,0.0
47933,2023.0,11.0,29.0,20.0,21.157711,23.283226,20.248592,23.08023,21.158777,23.211409,21.158869,23.306486,19.641878,23.279417,15.036868,15.48836,21.117184,22.747738,21.199074,23.177948,16.94206,17.011454,4.0,0.0,0.0,0.0,0.0,4.0,0.0,4.0
47934,2023.0,11.0,29.0,21.0,22.090034,24.757637,20.080912,22.353354,21.923681,24.596836,22.244867,25.06328,15.77765,15.392888,15.037084,15.509403,21.482603,23.390974,22.194468,24.984922,20.218603,23.361326,0.0,0.0,0.0,0.0,0.0,0.0,4.0,0.0
47935,2023.0,11.0,29.0,21.0,21.049637,23.014606,17.12698,16.43791,20.980911,22.750313,20.91217,22.64697,15.142669,15.399883,15.036835,15.5217,21.034016,22.50832,20.971392,22.63682,16.528866,16.025948,0.0,0.0,0.0,0.0,0.0,4.0,0.0,0.0
47936,2023.0,11.0,29.0,21.0,21.099241,23.058939,16.487782,16.286901,21.08063,22.956352,21.098698,23.04753,15.016955,15.288415,15.037952,15.535346,21.115877,22.689856,21.097574,22.911108,14.989529,14.473755,4.0,4.0,4.0,0.0,0.0,0.0,4.0,0.0
47937,2023.0,11.0,29.0,21.0,21.810753,24.208796,20.19669,22.9252,21.093464,23.018398,21.071245,23.023964,15.037814,15.41366,15.03846,15.546704,22.166231,24.482698,21.122652,23.022345,15.030898,14.865598,0.0,0.0,4.0,0.0,0.0,4.0,0.0,0.0
47938,2023.0,11.0,29.0,21.0,20.956625,22.633703,18.053532,18.354084,21.123032,23.012918,21.132248,23.114471,15.034722,15.465158,15.03819,15.553885,20.976871,22.269836,22.48028,25.385897,15.597631,16.142244,4.0,0.0,0.0,0.0,0.0,0.0,0.0,4.0
47939,2023.0,11.0,29.0,21.0,22.05648,24.431784,20.147726,22.61818,21.958612,24.231928,21.904028,24.238092,15.0362015,15.50933,15.039085,15.56175,21.399446,23.030024,21.84439,23.948475,20.474104,24.28054,0.0,4.0,4.0,0.0,0.0,0.0,0.0,4.0
47940,2023.0,11.0,29.0,22.0,20.910093,22.436213,17.1685,16.500198,20.919645,22.375025,20.927462,22.488293,15.036034,15.53755,15.0384865,15.565086,21.06936,22.441507,20.920422,22.441273,20.049662,23.203808,0.0,4.0,4.0,0.0,0.0,0.0,0.0,0.0
47941,2023.0,11.0,29.0,22.0,21.1137,22.866795,15.951661,15.337353,21.121513,22.795801,21.148247,22.960413,15.037064,15.560638,15.039837,15.572497,21.050734,22.458466,22.54384,25.40035,16.963154,16.91948,0.0,4.0,0.0,0.0,0.0,4.0,0.0,4.0
47942,2023.0,11.0,29.0,22.0,21.090494,22.846182,15.767324,15.196873,21.119682,22.81678,21.094242,22.830318,15.037697,15.577927,15.024541,15.535334,21.1128,22.591572,20.888306,22.364359,20.277357,23.349794,0.0,0.0,4.0,0.0,4.0,0.0,0.0,0.0
47943,2023.0,11.0,29.0,22.0,21.093973,22.8644,15.945659,15.745281,21.11824,22.803654,21.127148,22.907679,15.038336,15.591493,19.442823,23.05403,21.07577,22.484806,22.53588,25.36863,17.148134,17.065203,4.0,0.0,0.0,0.0,4.0,4.0,0.0,4.0
47944,2023.0,11.0,29.0,22.0,21.63214,23.767569,20.164856,23.238869,21.961527,24.10899,21.552862,23.559156,15.300555,16.125256,19.80211,23.305265,21.855722,23.8254,22.00965,24.291143,20.528925,23.703129,0.0,4.0,0.0,0.0,0.0,4.0,4.0,4.0
47945,2023.0,11.0,29.0,22.0,21.020119,22.659067,17.563557,17.666143,20.95094,22.31935,20.996845,22.615654,15.008678,15.526604,16.485697,16.537428,21.161463,22.566046,20.94874,22.341425,20.076862,22.7346,0.0,0.0,0.0,4.0,0.0,0.0,0.0,0.0
47946,2023.0,11.0,29.0,23.0,21.127977,22.88404,15.866606,15.345214,21.140335,22.723906,21.10238,22.87595,19.537968,23.223028,14.986777,14.793867,22.050829,24.041306,21.137259,22.794159,16.591797,15.864605,0.0,0.0,0.0,0.0,0.0,4.0,0.0,0.0
47947,2023.0,11.0,29.0,23.0,19.093487,19.040333,15.869521,15.638549,19.60303,19.822323,18.916698,18.714334,16.673544,17.214466,15.031175,15.07724,19.549417,19.117517,18.339407,17.46954,14.97785,14.151839,4.0,4.0,0.0,4.0,4.0,4.0,0.0,0.0
47948,2023.0,11.0,29.0,23.0,17.860956,17.48162,15.452138,14.923238,18.0768,17.561716,17.570599,16.998812,14.978174,15.0166855,15.041224,15.2470045,17.742023,16.607002,18.502691,18.934294,15.680852,15.903042,0.0,0.0,0.0,0.0,0.0,0.0,4.0,4.0
47949,2023.0,11.0,29.0,23.0,17.342876,16.921846,15.103948,14.5090685,16.695805,15.399443,17.035862,16.42061,15.072414,15.319552,15.038898,15.3374605,17.838837,17.356583,17.199928,16.350075,15.151312,14.840447,0.0,0.0,0.0,0.0,0.0,4.0,0.0,0.0
47950,2023.0,11.0,29.0,23.0,16.984346,16.56184,15.005262,14.488807,16.644535,15.8709345,16.664536,16.046877,15.033202,15.363148,15.040215,15.413087,17.021317,15.92116,16.189177,15.183293,15.062423,15.02432,0.0,4.0,0.0,0.0,0.0,0.0,0.0,0.0
47951,2023.0,11.0,29.0,23.0,16.703484,16.295307,15.015661,14.606344,15.958324,14.693391,16.359074,15.745434,15.040332,15.4589815,15.040932,15.466555,16.442549,15.296083,15.703042,14.697878,15.009553,15.01936,0.0,0.0,0.0,0.0,0.0,0.0,0.0,4.0
47952,2023.0,11.0,30.0,0.0,16.456053,16.05479,15.014048,14.686273,16.109112,15.409825,16.09906,15.491653,15.039823,15.515879,15.041584,15.506797,16.121628,14.991365,15.872869,15.4106245,15.059504,15.224594,0.0,4.0,0.0,0.0,0.0,0.0,0.0,0.0
47953,2023.0,11.0,30.0,0.0,17.02984,17.328873,15.014725,14.749931,16.11858,15.467596,15.881488,15.289051,15.040436,15.559525,15.041983,15.5375,16.427526,15.884311,16.845392,17.343473,15.04919,15.265109,0.0,4.0,0.0,0.0,0.0,0.0,4.0,0.0
47954,2023.0,11.0,30.0,0.0,16.473812,16.214504,15.141477,15.020372,15.365021,14.191173,15.686858,15.10476,15.040446,15.591088,15.042304,15.561622,16.456007,15.971025,15.71701,14.929809,15.081873,15.390551,4.0,0.0,0.0,0.0,0.0,0.0,0.0,4.0
47955,2023.0,11.0,30.0,0.0,15.412969,14.426976,14.998281,14.795944,15.000891,13.892717,15.510138,14.933571,15.041686,15.621952,15.043014,15.582909,16.316618,15.8355665,14.977824,14.151881,15.046791,15.366205,0.0,0.0,0.0,0.0,0.0,0.0,0.0,0.0
47956,2023.0,11.0,30.0,0.0,14.987952,14.015286,15.020482,14.881722,15.030995,14.102875,15.35219,14.777791,15.041961,15.644782,15.043055,15.599693,16.174837,15.69327,15.038216,14.4429655,15.015384,15.31221,0.0,0.0,0.0,0.0,0.0,0.0,0.0,4.0
47957,2023.0,11.0,30.0,0.0,15.320191,14.883298,15.01712,14.907622,15.184028,14.565932,15.217858,14.657002,15.042307,15.664034,15.04336,15.614347,16.053068,15.580194,15.050919,14.634212,15.06325,15.449878,0.0,0.0,0.0,0.0,0.0,0.0,0.0,0.0
47958,2023.0,11.0,30.0,1.0,15.414381,15.061931,15.058012,14.989916,15.176934,14.599523,15.082959,14.523106,15.083454,15.761479,15.085278,15.709268,15.93364,15.460039,15.00385,14.64422,15.105058,15.550189,4.0,0.0,0.0,0.0,0.0,0.0,0.0,0.0
47959,2023.0,11.0,30.0,1.0,15.32811,14.979348,15.092838,15.0459,15.077993,14.507878,15.002846,14.486051,15.083682,15.761087,15.08527,15.704937,15.824629,15.35266,15.010855,14.763212,15.063902,15.511778,0.0,0.0,0.0,0.0,0.0,0.0,0.0,0.0
47960,2023.0,11.0,30.0,1.0,15.230807,14.886316,15.03489,14.962439,15.001377,14.463425,15.009466,14.597886,15.083627,15.771112,15.085545,15.713033,15.7223425,15.251896,15.01611,14.83813,15.067855,15.570425,0.0,0.0,0.0,0.0,0.0,0.0,0.0,0.0
47961,2023.0,11.0,30.0,1.0,15.137126,14.7973795,15.037482,15.009842,15.007924,14.565553,15.013563,14.669524,15.084936,15.782291,15.086384,15.720871,15.626377,15.157369,15.021677,14.903755,15.069771,15.604091,0.0,0.0,0.0,0.0,0.0,0.0,0.0,0.0
47962,2023.0,11.0,30.0,1.0,15.038053,14.6930485,15.039233,15.036982,15.011894,14.635589,15.017082,14.731535,15.085358,15.790969,15.086662,15.727427,15.536002,15.068344,15.024874,14.954466,15.07142,15.63333,0.0,0.0,0.0,0.0,0.0,0.0,0.0,0.0
47963,2023.0,11.0,30.0,1.0,15.004054,14.714136,15.040571,15.0614,15.015377,14.695255,15.020338,14.784861,15.085769,15.79952,15.087203,15.734434,15.450529,14.9841385,15.0271,14.997128,15.012418,15.5031595,0.0,0.0,0.0,0.0,0.0,0.0,0.0,4.0
47964,2023.0,11.0,30.0,2.0,15.007706,14.786028,15.041982,15.083557,15.018139,14.74639,15.022576,14.830061,15.086383,15.808054,15.087801,15.741163,15.369398,14.9042225,15.031119,15.0383,15.058994,15.60081,0.0,0.0,0.0,0.0,0.0,0.0,0.0,4.0
47965,2023.0,11.0,30.0,2.0,15.007243,14.830116,15.019605,15.059875,15.011362,14.77117,15.012837,14.846029,15.039325,15.731592,15.040001,15.6621475,16.168344,16.490007,15.0165205,15.038866,15.061426,15.625131,0.0,0.0,0.0,0.0,0.0,4.0,0.0,0.0
47966,2023.0,11.0,30.0,2.0,15.009302,14.876963,15.022707,15.084805,15.013222,14.812018,15.015178,14.885192,15.045593,15.755646,15.046543,15.685367,15.603376,15.163028,15.020183,15.074758,15.059317,15.615422,0.0,0.0,0.0,0.0,0.0,0.0,0.0,0.0
47967,2023.0,11.0,30.0,2.0,15.009807,14.916475,15.023007,15.102243,15.014206,14.847288,15.016042,14.918204,15.045032,15.76402,15.029675,15.646787,14.950784,14.217408,15.021621,15.103066,15.058788,15.610553,0.0,0.0,0.0,0.0,4.0,0.0,0.0,0.0
47968,2023.0,11.0,30.0,2.0,15.017664,14.970147,15.047743,15.167468,15.027766,14.907865,15.03196,14.980907,15.090208,15.860326,15.091831,15.798719,15.033129,14.457473,15.038861,15.16362,15.074763,15.683868,0.0,0.0,0.0,0.0,0.0,0.0,0.0,0.0
47969,2023.0,11.0,30.0,2.0,15.010567,14.983598,15.020596,15.124779,15.013958,14.905507,15.015487,14.971326,15.039358,15.763445,15.039787,15.6923275,15.953387,16.269596,15.0197935,15.144627,15.035561,15.6349945,0.0,0.0,0.0,0.0,0.0,4.0,0.0,0.0
47970,2023.0,11.0,30.0,3.0,15.012237,15.016265,15.025003,15.147255,15.016749,14.937948,15.018483,15.002945,15.046773,15.786639,15.047786,15.71453,14.975342,14.287115,15.023629,15.175237,15.041495,15.672703,0.0,0.0,0.0,0.0,0.0,0.0,0.0,0.0
47971,2023.0,11.0,30.0,3.0,15.013107,15.044864,15.024783,15.159821,15.0173855,14.964523,15.019095,15.028377,15.045551,15.791783,15.046141,15.716872,15.05668,14.544242,15.023975,15.197852,15.041687,15.693954,0.0,0.0,0.0,0.0,0.0,0.0,0.0,0.0
47972,2023.0,11.0,30.0,3.0,15.025874,15.097928,15.049144,15.220536,15.034371,15.023851,15.03837,15.090699,15.091672,15.888157,15.092679,15.812111,15.040424,14.554957,15.047349,15.265529,15.081701,15.789869,0.0,0.0,0.0,0.0,0.0,0.0,0.0,0.0
47973,2023.0,11.0,30.0,3.0,15.028412,15.122498,15.0490885,15.223967,15.035832,15.044801,15.039202,15.108294,15.091077,15.877239,15.09183,15.798725,15.001848,14.5593405,15.047958,15.278574,15.081673,15.790501,0.0,0.0,0.0,0.0,0.0,0.0,0.0,0.0
47974,2023.0,11.0,30.0,3.0,15.029607,15.146551,15.049824,15.236216,15.037035,15.068504,15.040882,15.131528,15.090768,15.880635,15.091912,15.801347,15.005854,14.632066,15.0491905,15.298938,15.022297,15.648933,0.0,0.0,0.0,0.0,0.0,0.0,0.0,4.0
47975,2023.0,11.0,30.0,3.0,15.013298,15.137202,15.022138,15.19682,15.298281,15.554935,15.017829,15.107152,15.038718,15.792195,15.039102,15.71033,15.008296,14.674001,15.022275,15.266816,15.073052,15.770435,0.0,4.0,0.0,0.0,0.0,0.0,0.0,0.0
47976,2023.0,11.0,30.0,4.0,15.017402,15.166707,15.027797,15.220689,14.966369,14.958968,15.022872,15.136135,15.048372,15.819539,15.048887,15.736886,15.008936,14.711321,15.027983,15.29679,15.0594845,15.725973,0.0,0.0,0.0,0.0,0.0,0.0,0.0,0.0
47977,2023.0,11.0,30.0,4.0,15.031256,15.216533,15.052562,15.282799,15.041,15.141549,15.042395,15.194695,15.043424,15.787422,15.093243,15.830962,15.014638,14.75771,15.053267,15.366741,15.082428,15.803055,0.0,0.0,0.0,4.0,0.0,0.0,0.0,0.0
47978,2023.0,11.0,30.0,4.0,15.03428,15.235054,15.052628,15.2845955,15.041502,15.149899,15.043085,15.20524,15.093664,15.932768,15.092381,15.817488,15.016021,14.783123,15.052719,15.373219,15.082486,15.813497,0.0,0.0,0.0,0.0,0.0,0.0,0.0,0.0
47979,2023.0,11.0,30.0,4.0,15.0338,15.249884,15.053235,15.2957735,15.0416155,15.169496,15.0440035,15.222328,15.093286,15.916575,15.092464,15.820821,15.017136,14.807873,15.055178,15.394039,15.082818,15.829553,0.0,0.0,0.0,0.0,0.0,0.0,0.0,0.0
47980,2023.0,11.0,30.0,4.0,15.034976,15.268363,15.053228,15.305012,15.041499,15.185943,15.044835,15.238299,15.092854,15.918459,15.092185,15.82253,15.019212,14.832109,15.055972,15.409899,15.084134,15.844493,0.0,0.0,0.0,0.0,0.0,0.0,0.0,0.0
47981,2023.0,11.0,30.0,4.0,15.036275,15.286849,15.054157,15.316483,15.042768,15.204439,15.045807,15.254323,15.092679,15.91975,15.09263,15.82658,15.02032,14.852579,15.056861,15.426522,15.024916,15.702971,0.0,0.0,0.0,0.0,0.0,0.0,0.0,4.0
47982,2023.0,11.0,30.0,5.0,15.016817,15.266736,15.024465,15.273141,15.020116,15.178363,15.021301,15.223835,15.04011,15.830182,15.040606,15.738671,15.010611,14.851356,15.441497,16.129438,15.073935,15.821331,0.0,0.0,0.0,0.0,0.0,0.0,4.0,0.0
47983,2023.0,11.0,30.0,5.0,15.02098,15.291202,15.029329,15.295299,15.023746,15.202486,15.025274,15.247862,15.018,15.771835,15.048164,15.762815,15.012584,14.873058,14.986058,15.244085,15.061793,15.782145,0.0,0.0,0.0,4.0,0.0,0.0,0.0,0.0
47984,2023.0,11.0,30.0,5.0,15.04008,15.344502,15.05688,15.360579,15.046361,15.26321,15.04953,15.310851,15.095747,15.971503,15.094673,15.859905,15.023904,14.913002,15.09587,15.476603,15.085197,15.856948,0.0,0.0,0.0,0.0,0.0,0.0,0.0,0.0
47985,2023.0,11.0,30.0,5.0,15.04012,15.352014,15.056776,15.360741,15.047146,15.271184,15.049811,15.3164835,15.094409,15.946244,15.093712,15.846992,15.024584,14.924802,15.094567,15.448703,15.085986,15.869254,0.0,0.0,0.0,0.0,0.0,0.0,0.0,0.0
47986,2023.0,11.0,30.0,5.0,15.040946,15.366953,15.057744,15.371357,15.047608,15.285103,15.05085,15.330762,15.094204,15.948425,15.093844,15.850037,15.025199,14.939663,15.055766,15.418301,15.025311,15.728097,0.0,0.0,0.0,0.0,0.0,0.0,0.0,4.0
47987,2023.0,11.0,30.0,5.0,15.042527,15.382487,15.057935,15.37948,15.048692,15.299549,15.051741,15.343577,15.094424,15.949049,15.094365,15.852456,15.026923,14.955632,15.058755,15.464686,15.130782,15.96981,0.0,0.0,0.0,0.0,0.0,0.0,0.0,0.0
47988,2023.0,11.0,30.0,6.0,15.042829,15.395166,15.0584755,15.388682,15.049605,15.313417,15.052444,15.356106,15.09482,15.950828,15.06803,15.784209,15.027259,14.9680605,15.061304,15.493682,15.12639,15.906989,0.0,0.0,0.0,0.0,4.0,0.0,0.0,0.0
47989,2023.0,11.0,30.0,6.0,19.035406,22.286,15.027201,15.341414,19.05399,22.205502,19.021627,22.187454,15.042842,15.860824,18.31045,21.370378,18.449415,20.786232,19.228405,22.736084,15.035502,15.775683,0.0,0.0,0.0,0.0,0.0,0.0,0.0,0.0
47990,2023.0,11.0,30.0,6.0,19.827866,23.207912,15.03088,15.359122,19.916946,23.249323,19.875046,23.21963,15.048537,15.875738,15.90867,16.253653,19.101297,21.716661,19.957237,23.51694,15.045613,15.816024,0.0,0.0,0.0,0.0,4.0,0.0,0.0,0.0
47991,2023.0,11.0,30.0,6.0,20.37015,23.796068,15.03103,15.368216,20.471922,23.844639,20.423246,23.809504,15.047284,15.872393,18.994335,21.991867,19.569239,22.227322,20.525593,24.13576,15.008471,15.726112,0.0,0.0,0.0,0.0,0.0,0.0,0.0,4.0
47992,2023.0,11.0,30.0,6.0,20.708027,24.048824,15.030021,15.372304,20.824282,24.10884,20.769428,24.068008,15.047034,15.869013,16.11008,16.240417,19.878916,22.472239,20.883863,24.40043,19.802948,24.036646,0.0,0.0,0.0,0.0,0.0,0.0,0.0,4.0
47993,2023.0,11.0,30.0,6.0,21.140938,24.551151,15.030557,15.380178,21.14921,24.414001,21.135908,24.42765,15.046693,15.864654,15.054703,15.248569,20.298122,22.965559,22.149052,26.279858,19.745546,23.356575,0.0,0.0,4.0,0.0,4.0,0.0,4.0,4.0
47994,2023.0,11.0,30.0,7.0,21.112947,24.271692,15.0308485,15.389276,21.115112,24.123951,21.121128,24.196697,15.04656,15.860381,18.996632,22.111002,20.53452,23.183071,21.012226,23.988306,20.144947,23.673643,0.0,0.0,0.0,0.0,0.0,0.0,0.0,4.0
47995,2023.0,11.0,30.0,7.0,21.11642,24.118597,15.030543,15.39619,21.116642,23.966047,21.11819,24.027563,15.046489,15.856168,16.221735,16.366594,20.680437,23.22474,21.835775,25.193039,20.127367,23.310074,0.0,0.0,0.0,0.0,0.0,0.0,4.0,4.0
47996,2023.0,11.0,30.0,7.0,21.112541,23.99235,15.031154,15.404885,21.090168,23.774601,21.115183,23.898003,15.046176,15.85172,15.033476,15.148192,21.089182,23.788942,21.57187,24.56245,20.116737,23.061678,0.0,4.0,0.0,0.0,4.0,0.0,0.0,4.0
47997,2023.0,11.0,30.0,7.0,21.111807,23.900026,15.009682,15.351059,21.116907,23.757818,21.091488,23.738209,15.009591,15.747125,19.355944,22.443018,21.897284,25.023886,21.086817,23.59305,20.148304,22.981985,4.0,0.0,4.0,4.0,0.0,4.0,0.0,0.0
47998,2023.0,11.0,30.0,7.0,21.110432,23.825014,19.106123,22.41186,21.10993,23.669323,21.150032,23.733742,19.086859,22.842203,16.461708,16.641842,22.037775,25.073957,21.438732,24.249557,16.563633,15.959466,0.0,0.0,0.0,0.0,0.0,4.0,0.0,0.0
47999,2023.0,11.0,30.0,7.0,21.108395,23.762053,16.679071,17.129694,21.108965,23.605562,21.14236,23.611456,14.983225,15.238239,15.018224,15.032921,20.897959,22.861652,22.562288,26.099655,14.977973,14.31922,4.0,0.0,0.0,0.0,0.0,0.0,0.0,0.0
48000,2023.0,11.0,30.0,8.0,21.78726,24.769112,20.078346,23.800596,21.730898,24.625341,21.867716,24.708147,15.117144,15.580553,15.024092,15.210426,20.920763,22.862915,21.837496,24.441555,15.3152,15.330787,4.0,4.0,0.0,4.0,4.0,0.0,4.0,4.0
48001,2023.0,11.0,30.0,8.0,19.32338,19.857704,19.338825,21.982473,18.212627,17.632906,18.986635,19.032045,19.408583,22.863499,19.713545,23.07851,18.570957,18.280067,18.649115,18.600616,19.529665,22.534178,0.0,0.0,0.0,4.0,4.0,4.0,4.0,0.0
48002,2023.0,11.0,30.0,8.0,18.017563,18.402288,16.383785,16.025946,16.77608,16.16129,17.715944,17.822565,19.434717,22.637194,19.579426,22.630732,17.637953,17.316145,16.648685,15.779522,16.019379,15.519117,4.0,4.0,4.0,0.0,4.0,4.0,0.0,0.0
48003,2023.0,11.0,30.0,8.0,17.030323,16.797665,19.554205,22.069227,16.42677,15.855523,16.765112,16.333149,16.27088,16.205883,19.60731,22.344692,16.567417,15.59784,16.8068,16.810593,15.064957,14.934047,0.0,4.0,0.0,4.0,0.0,0.0,4.0,0.0
48004,2023.0,11.0,30.0,8.0,15.787189,14.905036,16.477509,15.990796,16.118048,15.576446,15.516936,14.402581,20.32855,23.806164,16.208342,15.58292,15.921236,14.896411,15.835886,15.069891,15.028989,15.102327,0.0,4.0,0.0,4.0,0.0,0.0,0.0,0.0
48005,2023.0,11.0,30.0,8.0,15.158617,14.228397,15.039623,14.474692,15.852721,15.33231,15.552307,14.999055,20.055046,23.143509,15.034586,14.634558,15.559361,14.545741,15.036246,14.151644,15.036344,15.276062,0.0,4.0,4.0,4.0,0.0,0.0,0.0,0.0
48006,2023.0,11.0,30.0,9.0,15.013066,14.273101,15.025307,14.701327,15.63419,15.139877,15.538222,15.052386,20.135561,23.051172,15.0609255,14.993877,15.786798,15.305605,15.742133,15.867414,15.035825,15.386008,0.0,4.0,4.0,4.0,4.0,0.0,4.0,0.0
48007,2023.0,11.0,30.0,9.0,15.859313,16.117231,15.096435,15.01202,14.967792,14.19522,14.973306,14.267923,20.148235,22.921112,19.90287,23.076284,15.784617,15.374006,14.939939,14.448439,15.036125,15.466249,4.0,0.0,0.0,0.0,4.0,0.0,0.0,0.0
48008,2023.0,11.0,30.0,9.0,15.031325,14.562504,19.84224,23.38676,15.182083,14.710306,15.057632,14.588443,17.157312,17.01709,19.794058,22.732306,15.629214,15.2186775,15.769254,14.970806,15.1356125,15.680838,0.0,4.0,0.0,4.0,4.0,0.0,0.0,4.0
48009,2023.0,11.0,30.0,9.0,15.178959,14.994745,17.307394,17.814627,15.0075245,14.54644,15.03348,14.673296,20.460918,23.569662,19.90159,22.632095,16.316553,16.654896,15.027306,14.889338,19.015924,22.410723,4.0,0.0,0.0,4.0,0.0,4.0,0.0,0.0
48010,2023.0,11.0,30.0,9.0,15.895583,16.143694,20.168337,23.643673,15.852271,15.984103,15.876887,15.23492,20.067104,22.755894,16.504782,15.890215,15.2944765,14.466675,15.5654745,15.693438,16.119982,16.278149,4.0,0.0,0.0,4.0,0.0,0.0,0.0,4.0
48011,2023.0,11.0,30.0,9.0,15.887804,16.063759,20.07343,22.957235,15.8246,15.8660755,15.573248,15.806661,20.151731,22.7889,15.149049,14.630585,15.834769,15.726747,16.657785,17.356842,20.470282,24.355232,4.0,0.0,4.0,0.0,0.0,0.0,4.0,4.0
48012,2023.0,11.0,30.0,10.0,15.637899,15.544239,20.148912,22.801083,15.410953,15.16207,15.779458,15.972996,16.768822,16.176058,15.0084505,14.6912775,15.620525,15.302654,16.01613,16.338348,19.979988,23.235493,0.0,0.0,0.0,0.0,0.0,0.0,0.0,0.0
48013,2023.0,11.0,30.0,10.0,15.033193,14.760297,16.85742,16.27206,15.602616,15.824042,15.019647,14.798705,14.982721,14.153294,15.032337,14.965361,16.648005,17.056017,15.020093,14.812249,16.23812,15.754774,0.0,4.0,0.0,0.0,0.0,4.0,0.0,0.0
48014,2023.0,11.0,30.0,10.0,15.00873,14.863882,15.96904,15.782818,15.021012,14.810864,15.004781,14.813204,15.04614,14.669667,15.03157,15.116796,15.318944,14.528056,15.038098,14.968172,15.024638,14.71161,4.0,0.0,4.0,0.0,0.0,0.0,0.0,0.0
48015,2023.0,11.0,30.0,10.0,15.596197,16.07893,20.082455,23.181913,15.809855,16.070276,15.783919,16.087189,15.025364,14.902617,15.032478,15.225874,15.524615,15.127785,15.666126,15.998877,15.031056,15.011376,0.0,0.0,0.0,0.0,0.0,0.0,0.0,0.0
48016,2023.0,11.0,30.0,10.0,15.810647,16.372314,17.722672,18.168987,15.407062,15.279944,14.955091,14.7381115,15.029214,15.103324,15.032054,15.299831,15.629941,15.536861,15.004204,15.014058,15.031825,15.1971,4.0,4.0,0.0,0.0,0.0,4.0,0.0,0.0
48017,2023.0,11.0,30.0,10.0,15.756318,16.133554,20.135464,23.084055,15.394079,15.157728,15.745916,15.217326,15.228984,15.602647,15.032867,15.35575,15.782791,15.732086,16.011072,15.714631,15.032268,15.323576,4.0,4.0,0.0,4.0,0.0,4.0,0.0,0.0
48018,2023.0,11.0,30.0,11.0,15.875796,16.29047,20.087025,22.656687,16.028137,16.49983,16.69509,16.819712,19.949461,23.733225,15.032852,15.39577,15.504652,15.140692,16.093,16.910398,15.032672,15.423743,0.0,0.0,0.0,0.0,0.0,0.0,0.0,0.0
48019,2023.0,11.0,30.0,11.0,15.37151,15.446949,16.981853,16.490028,15.031514,14.769581,14.991265,14.89362,16.215624,15.963393,15.032109,15.420594,15.011506,14.460974,15.834576,16.557037,15.032472,15.490672,0.0,0.0,0.0,0.0,0.0,0.0,4.0,0.0
48020,2023.0,11.0,30.0,11.0,15.253136,15.33667,15.714355,15.217705,15.07663,14.95258,15.373462,15.715904,15.208822,15.1463375,15.032476,15.4423485,15.016897,14.5557785,14.918277,14.857901,15.032903,15.540514,0.0,0.0,4.0,4.0,0.0,0.0,0.0,0.0
48021,2023.0,11.0,30.0,11.0,15.189877,15.302898,15.433021,14.992811,15.455709,15.788393,15.488342,15.881056,20.081312,23.45062,15.032361,15.459744,15.869031,16.2621,15.054619,15.203373,15.033014,15.576344,0.0,4.0,4.0,4.0,0.0,4.0,0.0,0.0
48022,2023.0,11.0,30.0,11.0,15.152975,15.298237,15.147145,14.720645,15.58972,15.988638,14.9897995,15.018427,20.059141,23.235249,15.032119,15.4738655,15.830105,15.881334,15.033725,15.213755,15.032907,15.602541,0.0,4.0,4.0,0.0,0.0,4.0,0.0,0.0
48023,2023.0,11.0,30.0,11.0,15.120886,15.291727,15.388403,15.392369,14.974283,14.945399,15.048777,15.219296,16.612991,16.307476,15.031899,15.486004,15.780693,15.851106,15.021127,15.253685,15.032918,15.623099,4.0,0.0,0.0,0.0,0.0,4.0,0.0,0.0
48024,2023.0,11.0,30.0,12.0,15.821229,16.456465,20.164825,23.840284,15.9232855,15.677387,16.028065,16.815983,15.651523,15.618359,15.03181,15.496285,15.816578,15.906955,16.03618,16.92148,15.032999,15.639759,4.0,4.0,0.0,4.0,0.0,4.0,0.0,0.0
48025,2023.0,11.0,30.0,12.0,20.063662,23.810694,19.86282,22.76725,19.95353,23.5573,20.069773,23.707605,20.180033,23.5112,15.031195,15.500775,18.93394,21.23575,21.347553,26.104471,15.1604,15.850813,0.0,4.0,4.0,0.0,0.0,0.0,4.0,4.0
48026,2023.0,11.0,30.0,12.0,20.512547,24.058727,16.69704,16.372995,20.476337,23.935658,20.056116,23.194494,17.124773,17.308903,15.010068,15.441235,19.375614,21.769316,20.963556,24.725943,19.98858,24.135418,0.0,4.0,0.0,4.0,4.0,0.0,4.0,4.0
48027,2023.0,11.0,30.0,12.0,20.902847,24.388744,15.440834,15.035281,20.413282,23.49533,20.355019,23.428432,20.096197,23.109314,19.159502,22.62022,19.691277,22.043896,20.817463,24.148817,19.684834,23.112034,0.0,0.0,0.0,0.0,0.0,0.0,0.0,0.0
48028,2023.0,11.0,30.0,12.0,20.724897,23.73475,15.192156,14.827178,21.092592,24.331234,21.144005,24.553513,16.768219,16.509115,16.47083,16.845589,19.951597,22.194944,21.085976,24.272512,16.098549,15.858168,0.0,4.0,0.0,0.0,0.0,0.0,0.0,0.0
48029,2023.0,11.0,30.0,12.0,21.141277,24.257025,15.444746,15.5151205,21.103836,24.087545,21.07618,24.163239,14.990539,14.394098,14.984462,15.003963,20.957518,23.824064,21.385122,24.589796,15.023049,14.894827,4.0,4.0,4.0,0.0,0.0,0.0,0.0,0.0
48030,2023.0,11.0,30.0,13.0,21.50726,24.624338,20.038816,23.604559,21.248747,24.14634,21.86345,25.220022,15.035031,14.7685375,15.035275,15.226133,21.820238,25.044785,21.475798,24.480534,15.026523,15.115941,4.0,0.0,4.0,0.0,0.0,4.0,0.0,0.0
48031,2023.0,11.0,30.0,13.0,21.10422,23.80914,20.011724,23.013563,21.101894,23.740326,20.959272,23.48401,15.018388,14.934844,15.025929,15.286596,21.008245,23.334305,22.425377,25.980234,15.584428,16.310698,0.0,0.0,0.0,0.0,0.0,0.0,0.0,4.0
48032,2023.0,11.0,30.0,13.0,21.141788,23.822395,16.849102,16.596132,21.131836,23.693611,21.153973,23.786554,15.021313,15.081501,15.02691,15.342552,21.094357,23.375473,22.120855,25.14217,19.563213,23.146078,0.0,0.0,0.0,0.0,0.0,0.0,4.0,0.0
48033,2023.0,11.0,30.0,13.0,21.0972,23.64947,15.52129,15.162404,21.075394,23.53251,21.102491,23.591087,15.0220375,15.186853,15.027565,15.382123,21.118074,23.288853,22.281885,25.472576,16.060188,15.862211,0.0,4.0,4.0,0.0,0.0,0.0,0.0,0.0
48034,2023.0,11.0,30.0,13.0,21.101658,23.607357,15.24811,14.905907,21.10578,23.583263,21.131586,23.609276,15.024156,15.262186,15.028269,15.413366,21.080645,23.166332,22.495548,25.710642,15.460599,15.841481,0.0,0.0,0.0,0.0,0.0,0.0,0.0,4.0
48035,2023.0,11.0,30.0,13.0,21.100075,23.562508,15.48506,15.568742,21.125309,23.537222,21.124756,23.542711,15.02409,15.314898,15.028416,15.437367,21.154848,23.271624,22.436583,25.445223,19.618336,22.7889,4.0,0.0,0.0,0.0,0.0,0.0,0.0,0.0
48036,2023.0,11.0,30.0,14.0,21.542645,24.211195,20.072828,23.68105,21.557781,24.10494,21.701963,24.335468,15.024731,15.355679,15.02891,15.457003,21.805805,24.38458,21.66371,23.836115,16.343939,16.156916,0.0,0.0,4.0,0.0,0.0,4.0,0.0,0.0
48037,2023.0,11.0,30.0,14.0,19.055069,19.300636,17.60705,18.276146,19.569242,20.178215,19.286713,19.547506,15.024833,15.387158,15.028194,15.468919,19.336893,19.403633,19.483227,19.59372,15.004475,14.81556,4.0,4.0,0.0,0.0,0.0,4.0,0.0,0.0
48038,2023.0,11.0,30.0,14.0,17.7295,17.799543,20.028608,23.029398,18.311579,18.668026,17.593033,17.442898,15.0259495,15.414938,15.029507,15.482024,18.364614,18.336514,17.772964,17.504158,15.02664,15.074566,4.0,4.0,4.0,0.0,0.0,4.0,0.0,0.0
48039,2023.0,11.0,30.0,14.0,17.344057,17.43739,20.06696,22.766174,16.831556,16.172977,16.46711,15.749457,15.026207,15.436742,15.028786,15.4864025,18.100964,18.098824,18.184925,18.828913,15.024182,15.218756,0.0,0.0,0.0,0.0,0.0,4.0,4.0,0.0
48040,2023.0,11.0,30.0,14.0,16.359842,15.86624,17.408295,17.409193,16.637726,16.38593,16.451773,16.226154,15.026875,15.456155,15.028699,15.489709,17.136618,16.490114,17.842905,18.159826,15.439568,16.092007,4.0,4.0,4.0,0.0,0.0,0.0,4.0,4.0
48041,2023.0,11.0,30.0,14.0,16.50843,16.583817,20.068474,22.82872,16.596676,16.454813,16.434416,16.324776,15.027651,15.474883,15.029744,15.497714,16.566069,15.850275,16.530943,15.996477,20.285635,24.365025,0.0,4.0,4.0,0.0,0.0,0.0,0.0,4.0
48042,2023.0,11.0,30.0,15.0,16.539972,16.699085,17.552216,17.591835,15.749872,15.055194,15.591331,14.925071,15.02799,15.491526,15.029495,15.504471,16.27252,15.568762,15.804344,15.191253,20.069155,23.48712,4.0,0.0,0.0,0.0,0.0,0.0,0.0,0.0
48043,2023.0,11.0,30.0,15.0,15.672574,15.212406,20.137161,22.94481,15.877151,15.674613,15.075175,14.334128,15.028661,15.50755,15.030638,15.514931,16.860224,16.902884,15.428267,14.821533,16.541176,16.353525,0.0,4.0,0.0,0.0,0.0,4.0,0.0,0.0
48044,2023.0,11.0,30.0,15.0,15.172287,14.6268835,17.563158,17.5837,15.968455,15.870644,15.019419,14.459843,15.07527,15.574138,15.030627,15.523958,16.299623,15.7506695,15.135058,14.542272,15.833235,16.13778,4.0,4.0,0.0,4.0,0.0,0.0,0.0,4.0
48045,2023.0,11.0,30.0,15.0,15.640956,15.7190695,20.186203,22.99297,15.873321,15.792046,15.066882,14.69652,19.729813,23.453518,15.031634,15.535173,15.817638,15.160185,15.17687,14.890591,20.074123,23.360617,4.0,4.0,0.0,0.0,0.0,0.0,0.0,0.0
48046,2023.0,11.0,30.0,15.0,15.443916,14.951822,20.070663,22.478933,15.76566,15.6916685,15.718708,16.049458,16.186289,16.13075,15.031695,15.543158,15.591116,14.928095,15.111154,14.873525,17.251404,17.62679,0.0,4.0,4.0,0.0,0.0,0.0,0.0,4.0
48047,2023.0,11.0,30.0,15.0,14.998791,14.617723,17.566875,17.475351,15.666018,15.597733,15.272394,15.093494,15.059206,15.167977,15.031603,15.548492,15.774734,15.46788,14.998593,14.813292,20.414888,23.743835,4.0,4.0,0.0,0.0,0.0,0.0,0.0,0.0
48048,2023.0,11.0,30.0,16.0,15.478697,15.634752,20.237698,22.920736,15.715247,15.566257,15.2098055,15.14975,15.024548,15.251137,15.032685,15.558159,16.616774,17.08209,15.825714,16.16836,17.442938,17.774685,4.0,0.0,4.0,0.0,0.0,4.0,0.0,4.0
48049,2023.0,11.0,30.0,16.0,15.609106,15.812075,20.07219,22.35049,15.3238325,15.165701,15.221314,15.177181,15.194067,15.657412,15.033008,15.565939,16.507174,16.607965,15.976788,16.698557,20.337126,23.636217,0.0,4.0,4.0,4.0,0.0,4.0,4.0,0.0
48050,2023.0,11.0,30.0,16.0,15.55855,15.752462,17.616665,17.468489,15.409086,15.320489,15.008902,14.879033,19.297731,22.69092,15.033156,15.570955,15.640554,15.067219,14.957681,14.746507,16.8478,16.57433,4.0,4.0,0.0,0.0,0.0,0.0,0.0,0.0
48051,2023.0,11.0,30.0,16.0,15.865508,16.225494,20.185064,22.7342,15.338582,15.24735,15.828796,16.227066,15.960347,15.769976,15.034354,15.5789795,15.192924,14.520982,15.7695265,15.201652,15.001657,14.4212885,0.0,4.0,0.0,0.0,0.0,0.0,0.0,0.0
48052,2023.0,11.0,30.0,16.0,15.771746,15.989192,17.661919,17.53948,15.250274,15.149414,15.258315,15.209834,15.079089,15.188537,15.034271,15.58471,14.998055,14.328593,15.021274,15.04213,15.037765,14.817847,4.0,4.0,4.0,0.0,0.0,0.0,0.0,0.0
48053,2023.0,11.0,30.0,16.0,15.528422,15.684431,20.170755,22.750444,15.163382,15.051824,15.834636,16.173645,15.022866,15.23571,15.0355625,15.593201,16.12098,16.604116,15.727579,16.438505,15.772985,16.4476,0.0,4.0,0.0,0.0,0.0,4.0,4.0,4.0
48054,2023.0,11.0,30.0,17.0,15.435352,15.576633,17.61611,17.468136,15.081283,14.958358,15.514656,15.503708,15.032421,15.356609,15.0153055,15.540919,16.071949,16.131018,15.642995,16.025057,19.760077,23.256071,4.0,4.0,4.0,0.0,4.0,4.0,4.0,0.0
48055,2023.0,11.0,30.0,17.0,15.3595295,15.491606,20.22394,22.851934,15.419819,15.299366,15.133823,15.016419,15.031859,15.434391,19.218676,22.782406,15.187897,14.556877,15.535494,15.896016,16.263487,16.015451,4.0,4.0,4.0,0.0,0.0,0.0,4.0,0.0
48056,2023.0,11.0,30.0,17.0,16.142365,16.843164,20.056879,22.243965,15.881446,15.909038,15.375796,15.199791,15.052999,15.496402,16.662664,17.227633,15.575805,14.709175,16.3248,17.235252,15.01997,14.843187,4.0,4.0,4.0,4.0,4.0,0.0,0.0,0.0
48057,2023.0,11.0,30.0,17.0,15.985127,16.181288,20.360292,22.510294,15.19059,15.037682,16.071508,16.631538,20.45271,24.773561,20.222963,23.823805,16.200926,15.753487,16.273323,17.114721,15.631074,15.893488,0.0,4.0,0.0,4.0,4.0,0.0,0.0,0.0
48058,2023.0,11.0,30.0,17.0,14.982155,14.776157,17.662083,17.150852,15.022407,14.878104,15.06817,14.904818,19.70634,22.950066,19.795773,22.751263,16.090734,16.527273,14.94781,14.742707,14.9740925,14.969337,0.0,0.0,4.0,0.0,4.0,4.0,0.0,0.0
48059,2023.0,11.0,30.0,17.0,15.03405,14.979959,16.78597,16.62596,15.034689,14.965035,15.034816,14.968182,16.138437,15.755157,20.073341,22.953732,15.035455,14.478525,15.059417,15.08248,15.045069,15.255227,4.0,0.0,0.0,0.0,0.0,0.0,0.0,0.0
48060,2023.0,11.0,30.0,18.0,15.128845,15.191433,20.249926,22.937527,15.325496,15.58872,15.325445,15.604535,15.043317,14.834833,16.953087,16.69597,15.50423,15.533493,15.74086,16.4614,15.027787,15.331315,0.0,0.0,0.0,0.0,4.0,4.0,4.0,0.0
48061,2023.0,11.0,30.0,18.0,20.233929,24.143211,17.808165,17.891447,20.928497,25.334642,20.08711,23.84233,15.735304,16.112333,20.298338,23.225323,18.78524,21.007275,19.671206,23.143915,15.767228,16.528374,0.0,4.0,4.0,0.0,4.0,0.0,0.0,0.0
48062,2023.0,11.0,30.0,18.0,20.428411,23.900415,16.273386,15.852193,20.381468,23.696157,19.942196,23.048216,15.432998,15.802484,20.078648,22.730824,19.889612,22.693521,20.95143,24.850794,16.125858,16.8005,0.0,4.0,0.0,4.0,0.0,4.0,4.0,4.0
48063,2023.0,11.0,30.0,18.0,20.331276,23.340672,16.280867,16.187176,20.36706,23.28489,20.725586,23.99133,19.200546,22.308487,16.801178,16.25172,20.242283,22.939045,20.638035,23.8738,19.33311,22.657124,4.0,0.0,4.0,0.0,0.0,4.0,0.0,0.0
48064,2023.0,11.0,30.0,18.0,21.144146,24.44094,20.237532,23.268251,21.145819,24.318892,20.658972,23.549866,15.879578,15.484909,15.465826,15.001661,20.586931,23.224316,21.201778,24.538673,16.540976,16.743587,4.0,4.0,0.0,0.0,0.0,4.0,4.0,4.0
48065,2023.0,11.0,30.0,18.0,20.985409,23.92941,20.079468,22.530191,21.408033,24.486021,21.378355,24.55742,15.089769,15.087305,15.134466,14.711152,20.872694,23.483913,21.24092,24.365921,19.818819,23.013977,0.0,4.0,4.0,0.0,0.0,4.0,0.0,0.0
48066,2023.0,11.0,30.0,19.0,21.131615,23.979448,17.338932,16.985355,21.084616,23.688372,21.093922,23.803995,15.021611,15.131213,15.019727,14.812069,20.49083,22.598661,21.501972,24.589737,16.17762,15.73467,4.0,4.0,4.0,0.0,0.0,0.0,0.0,0.0
48067,2023.0,11.0,30.0,19.0,21.216028,23.990757,20.197693,22.769356,21.602291,24.426657,21.226725,23.93876,15.033201,15.268911,15.041059,15.010753,20.578678,22.660564,21.668013,24.746002,15.035868,14.789072,4.0,4.0,0.0,0.0,4.0,0.0,0.0,0.0
48068,2023.0,11.0,30.0,19.0,22.248768,25.644053,20.058361,22.200499,21.54436,24.169323,21.08352,23.57469,15.031813,15.345409,19.38015,22.365225,20.40363,22.240866,22.164661,25.493221,15.026987,15.004117,4.0,4.0,0.0,0.0,0.0,0.0,0.0,0.0
48069,2023.0,11.0,30.0,19.0,21.886347,24.834267,20.11395,22.118355,21.784397,24.465158,21.112495,23.505522,15.032254,15.400483,16.605215,16.742498,21.157093,23.511703,22.27801,25.506096,15.0287285,15.159191,4.0,4.0,0.0,0.0,0.0,0.0,0.0,0.0
48070,2023.0,11.0,30.0,19.0,22.068316,24.999664,20.10536,21.972528,21.678417,24.192778,22.246674,25.437643,15.032721,15.438944,14.982639,14.756753,22.135197,25.092957,22.663923,26.048296,15.029555,15.2643585,4.0,0.0,0.0,0.0,0.0,4.0,0.0,0.0
48071,2023.0,11.0,30.0,19.0,22.353472,25.38583,20.105188,21.883118,21.052116,23.02323,20.924969,22.979689,14.998451,15.381425,15.042303,15.049601,21.651314,24.01669,20.88555,22.787394,15.029773,15.336649,4.0,0.0,0.0,4.0,0.0,4.0,0.0,0.0
48072,2023.0,11.0,30.0,20.0,22.020752,24.700916,20.104536,21.817059,21.113104,23.12437,21.098888,23.334309,19.555815,23.021336,15.0084,15.092798,21.209284,23.138172,21.12525,23.340185,15.283149,15.846191,4.0,4.0,4.0,0.0,4.0,0.0,0.0,4.0
48073,2023.0,11.0,30.0,20.0,21.745813,24.1054,20.103762,21.765615,21.130695,23.170519,21.08164,23.312332,15.8700285,15.474893,20.022629,23.507668,21.193913,23.076767,21.061497,23.225992,19.223145,22.468985,4.0,0.0,4.0,0.0,4.0,0.0,4.0,0.0
48074,2023.0,11.0,30.0,20.0,22.060053,24.598654,20.152851,21.834316,21.529026,23.830954,21.354883,23.753502,15.293196,15.613181,19.261421,21.934801,21.56254,23.643066,21.777138,24.508385,15.618351,15.153373,0.0,0.0,0.0,0.0,0.0,4.0,0.0,0.0
48075,2023.0,11.0,30.0,20.0,20.980446,22.712276,17.850538,17.369211,21.012035,22.896448,21.079193,23.161127,15.0164585,15.199455,15.959452,15.323401,21.344494,23.198133,21.889185,24.505342,15.216328,15.3771105,4.0,4.0,4.0,0.0,0.0,4.0,0.0,4.0
48076,2023.0,11.0,30.0,20.0,21.693172,24.005014,20.227293,22.274628,22.235159,25.002405,21.608992,24.113878,15.034677,15.325088,15.045171,14.704839,21.842625,24.022215,21.827812,24.480547,20.188848,23.864826,4.0,0.0,4.0,0.0,0.0,4.0,0.0,4.0
48077,2023.0,11.0,30.0,20.0,21.933971,24.291677,20.060701,21.788563,20.977276,22.675667,21.191187,23.282837,15.032284,15.3826065,15.026874,14.897718,21.834297,23.869154,22.396782,25.196053,20.069979,23.320803,4.0,4.0,0.0,0.0,0.0,4.0,0.0,4.0
48078,2023.0,11.0,30.0,21.0,22.108961,24.46747,20.107037,21.784964,21.152613,23.057686,21.10888,23.081568,15.03294,15.426457,15.030338,15.05685,21.976946,24.061867,20.879953,22.533796,20.147587,23.155682,4.0,0.0,4.0,0.0,0.0,4.0,0.0,0.0
48079,2023.0,11.0,30.0,21.0,20.913612,22.413525,20.100618,21.71026,21.093822,22.920366,21.105621,23.06329,15.033069,15.456555,15.0304365,15.161763,20.968267,22.226715,21.088552,23.024601,16.551954,15.986496,4.0,4.0,4.0,0.0,0.0,4.0,4.0,0.0
48080,2023.0,11.0,30.0,21.0,21.118258,22.914812,20.100817,21.666956,21.102423,22.93349,21.12989,23.118145,14.997347,15.391549,15.01076,15.186449,21.122194,22.609158,22.346216,25.384527,14.978737,14.324988,4.0,4.0,0.0,4.0,4.0,0.0,4.0,0.0
48081,2023.0,11.0,30.0,21.0,21.724657,24.034899,20.100536,21.632727,21.101013,22.923864,21.124622,23.08938,19.319786,22.735765,19.180006,22.199835,21.286535,22.93748,22.089993,24.707418,15.032062,14.75947,4.0,4.0,0.0,0.0,0.0,0.0,0.0,0.0
48082,2023.0,11.0,30.0,21.0,21.701822,24.025778,20.098803,21.598915,21.100677,22.913937,21.098974,23.000004,16.129702,16.138187,16.383753,16.494886,21.21803,22.801575,21.941517,24.569946,15.025589,14.963414,4.0,4.0,4.0,4.0,0.0,0.0,4.0,0.0
48083,2023.0,11.0,30.0,21.0,21.100721,22.917368,20.098751,21.573383,21.100407,22.902496,21.104784,22.999947,19.38603,22.375372,15.087946,15.031827,21.046825,22.524277,21.139385,23.014355,15.532538,16.06835,4.0,4.0,4.0,0.0,4.0,4.0,0.0,4.0
48084,2023.0,11.0,30.0,22.0,22.04888,24.626633,20.116112,21.60119,21.507166,23.528534,21.424458,23.490753,15.934793,15.424036,19.668776,22.812265,22.056746,24.311148,22.403677,25.088196,19.40313,22.550444,0.0,0.0,0.0,0.0,0.0,4.0,4.0,0.0
48085,2023.0,11.0,30.0,22.0,21.003487,22.674469,17.93999,17.397112,21.022392,22.66645,21.04384,22.809618,15.093247,15.020411,16.762657,16.911654,21.153864,22.618406,22.218384,24.618576,16.460564,16.510414,4.0,0.0,0.0,0.0,0.0,4.0,0.0,4.0
48086,2023.0,11.0,30.0,22.0,21.172007,23.100338,20.384075,22.211254,21.17216,22.967974,21.1676,23.120758,15.170481,15.345947,14.97948,14.690212,21.136425,22.597935,21.008732,22.505667,19.915262,23.076607,4.0,0.0,0.0,4.0,0.0,4.0,4.0,0.0
48087,2023.0,11.0,30.0,22.0,22.034563,24.707575,20.07467,21.667595,22.102448,24.53896,22.019812,24.587366,20.492777,24.402266,15.045193,15.009209,21.555975,23.337744,22.512625,25.223635,16.25682,15.726391,0.0,0.0,4.0,4.0,0.0,0.0,0.0,0.0
48088,2023.0,11.0,30.0,22.0,20.957653,22.640408,17.478415,16.629765,20.92039,22.408512,20.932007,22.553778,20.037052,23.211481,15.028631,15.107441,21.0431,22.375902,20.908419,22.314713,15.03027,14.681633,0.0,0.0,4.0,4.0,0.0,0.0,0.0,0.0
48089,2023.0,11.0,30.0,22.0,21.102377,22.983364,16.943253,16.627567,21.114012,22.86787,21.152239,23.007639,20.159027,23.1083,15.032675,15.20634,21.080645,22.440994,22.634047,25.43506,15.026484,14.919044,4.0,0.0,0.0,0.0,0.0,4.0,0.0,0.0
48090,2023.0,11.0,30.0,23.0,21.164684,23.120935,20.273352,22.64293,21.164286,23.010424,21.155722,22.986633,17.036388,16.81831,15.017232,15.233654,21.13072,22.567593,21.027052,22.570227,15.32833,15.652541,4.0,0.0,4.0,4.0,4.0,0.0,0.0,4.0
48091,2023.0,11.0,30.0,23.0,18.991564,18.997791,17.309164,16.611202,19.476168,19.765284,18.269873,17.47788,15.617262,15.229746,15.021365,15.293192,18.59557,17.697632,18.860176,18.581654,14.969178,15.049479,0.0,4.0,0.0,4.0,4.0,0.0,0.0,0.0
48092,2023.0,11.0,30.0,23.0,17.149912,16.212969,15.592258,14.3760805,17.927233,17.466482,16.673374,15.487167,14.975807,14.483816,15.022109,15.335541,17.360891,16.265642,17.730415,17.304546,15.059055,15.281362,0.0,0.0,0.0,0.0,4.0,0.0,0.0,0.0
48093,2023.0,11.0,30.0,23.0,16.38108,15.348246,15.646177,14.972899,17.235943,16.582747,16.042974,14.820653,15.0639515,14.889786,15.04037,15.410943,17.460365,16.937475,17.189888,16.74637,15.045476,15.298743,0.0,4.0,0.0,0.0,0.0,0.0,0.0,0.0
48094,2023.0,11.0,30.0,23.0,16.525068,16.049673,15.611707,15.00668,16.309334,15.143663,16.173475,15.515697,15.025783,15.017026,15.0351,15.423676,17.34174,16.8743,16.80204,16.385345,15.092143,15.435596,0.0,0.0,0.0,0.0,0.0,0.0,0.0,4.0
48095,2023.0,11.0,30.0,23.0,16.478039,16.099264,15.90394,15.725245,15.70997,14.491806,16.117325,15.548399,15.035296,15.169739,15.036365,15.443106,17.105152,16.639498,16.456896,16.046135,15.039713,15.371933,4.0,0.0,0.0,0.0,0.0,0.0,0.0,0.0
48096,2023.0,12.0,1.0,0.0,17.075233,17.406555,15.5039835,14.994253,15.899065,15.228899,15.915606,15.369212,15.031953,15.262477,15.02144,15.419415,16.89163,16.436037,16.172989,15.783335,15.050671,15.410777,0.0,0.0,0.0,0.0,4.0,0.0,0.0,0.0
48097,2023.0,12.0,1.0,0.0,17.231663,17.636574,15.191596,14.62349,15.901068,15.313612,16.458513,16.57632,15.032883,15.334832,15.041071,15.4825735,17.48413,17.732645,15.911023,15.521586,15.029892,15.421851,0.0,0.0,4.0,0.0,0.0,4.0,0.0,0.0
48098,2023.0,12.0,1.0,0.0,15.890066,15.120746,15.437597,15.245553,16.45688,16.53289,15.922412,15.527381,15.033597,15.388207,15.03826,15.495033,16.45685,15.603634,15.680038,15.296241,15.033787,15.465622,4.0,4.0,0.0,0.0,0.0,0.0,0.0,0.0
48099,2023.0,12.0,1.0,0.0,15.189164,14.27333,15.037328,14.595421,15.93756,15.499523,14.976014,14.07628,15.004836,15.357705,15.038487,15.506051,15.790761,14.803114,15.468831,15.0843315,15.034757,15.499346,0.0,0.0,0.0,4.0,0.0,0.0,0.0,0.0
48100,2023.0,12.0,1.0,0.0,14.999899,14.169966,15.02213,14.679575,14.972945,14.009535,15.040881,14.36149,15.042469,15.48413,15.023217,15.473424,15.523944,14.526962,15.275879,14.887542,15.035469,15.526956,0.0,0.0,0.0,0.0,4.0,0.0,0.0,0.0
48101,2023.0,12.0,1.0,0.0,15.98719,16.236835,15.012977,14.745012,15.038448,14.294971,15.031604,14.50936,15.035766,15.500308,15.042871,15.538102,15.851467,15.383589,15.105871,14.721994,15.035726,15.5498295,0.0,0.0,0.0,0.0,0.0,0.0,0.0,0.0
48102,2023.0,12.0,1.0,1.0,15.824776,15.663013,15.015433,14.815376,15.07338,14.529247,15.003808,14.565346,15.036729,15.523159,15.0236025,15.4979725,15.902975,15.45414,14.999592,14.667041,15.036301,15.570225,0.0,0.0,0.0,0.0,4.0,0.0,0.0,0.0
48103,2023.0,12.0,1.0,1.0,14.971456,14.327858,15.016015,14.869554,15.77555,15.938741,15.0109215,14.674108,15.03714,15.541291,15.043753,15.564234,15.807545,15.3612585,15.014881,14.78748,15.000793,15.490804,0.0,4.0,0.0,0.0,0.0,0.0,0.0,4.0
48104,2023.0,12.0,1.0,1.0,15.030993,14.564679,15.016936,14.915558,15.286463,14.890272,15.011448,14.750719,15.037663,15.55774,15.040072,15.564946,15.716353,15.271292,15.013844,14.85521,15.04474,15.628949,0.0,0.0,0.0,0.0,0.0,0.0,0.0,0.0
48105,2023.0,12.0,1.0,1.0,15.03718,14.667664,15.033015,14.988202,15.051889,14.645137,15.019342,14.834258,15.074245,15.64416,15.079685,15.649527,15.627738,15.181344,15.022317,14.934475,15.111218,15.731203,0.0,0.0,0.0,0.0,0.0,0.0,0.0,0.0
48106,2023.0,12.0,1.0,1.0,15.023947,14.743771,15.034871,15.01926,15.0550375,14.711514,15.02251,14.88907,15.073817,15.643175,15.079033,15.640961,15.547241,15.102628,15.025339,14.980528,15.07077,15.655414,0.0,0.0,0.0,0.0,0.0,0.0,0.0,0.0
48107,2023.0,12.0,1.0,1.0,15.004151,14.787727,15.036089,15.049554,15.012738,14.715894,15.02529,14.938006,15.074282,15.654546,15.0795765,15.647139,15.470371,15.027454,15.027849,15.022506,15.073711,15.687353,0.0,0.0,0.0,0.0,0.0,0.0,0.0,0.0
48108,2023.0,12.0,1.0,2.0,15.008568,14.867203,15.037968,15.078312,15.018161,14.804918,15.027689,14.980598,15.075595,15.666178,15.0799465,15.652118,15.397025,14.955752,15.030707,15.05995,15.012675,15.5428,0.0,0.0,0.0,0.0,0.0,0.0,0.0,4.0
48109,2023.0,12.0,1.0,2.0,15.663268,16.142906,15.018163,15.063981,15.012418,14.845147,15.014894,14.988599,15.034519,15.6019335,15.036447,15.580395,15.328581,14.890602,15.016413,15.06039,15.066375,15.675774,0.0,0.0,0.0,0.0,0.0,0.0,0.0,0.0
48110,2023.0,12.0,1.0,2.0,15.145488,15.007509,15.021239,15.093525,15.014775,14.899058,15.0174675,15.025906,15.040069,15.625358,15.042384,15.60199,15.258931,14.82099,15.020285,15.095583,15.056159,15.642061,0.0,0.0,0.0,0.0,0.0,0.0,0.0,0.0
48111,2023.0,12.0,1.0,2.0,15.059629,15.036474,15.042973,15.159064,15.027738,14.9704,15.034413,15.090792,15.078724,15.712297,15.055886,15.618088,15.19065,14.751373,15.036778,15.155738,15.074178,15.706636,0.0,0.0,0.0,0.0,4.0,0.0,0.0,0.0
48112,2023.0,12.0,1.0,2.0,15.060067,15.031688,15.043693,15.17322,15.030099,15.006974,15.035714,15.114427,15.0786495,15.708362,15.082985,15.696719,15.127169,14.688451,15.038347,15.174192,15.075771,15.722361,0.0,0.0,0.0,0.0,0.0,0.0,0.0,0.0
48113,2023.0,12.0,1.0,2.0,15.006417,14.991317,15.020168,15.147198,15.015446,15.009636,15.017375,15.103485,15.005764,15.557786,15.036577,15.609858,15.066806,14.630132,15.63506,16.292154,14.9990225,15.566378,0.0,0.0,0.0,4.0,0.0,0.0,4.0,4.0
48114,2023.0,12.0,1.0,3.0,15.013397,15.055119,15.0236225,15.17268,15.018241,15.045069,15.0206375,15.133855,15.047979,15.682842,15.043567,15.631254,15.004886,14.567896,14.947769,14.939652,15.069167,15.716746,0.0,0.0,0.0,0.0,0.0,0.0,0.0,0.0
48115,2023.0,12.0,1.0,3.0,15.013354,15.095878,15.023774,15.18882,15.018764,15.073234,15.0207405,15.156421,15.011149,15.596716,15.027027,15.591297,15.829316,16.184772,15.05451,15.171241,15.057467,15.680103,0.0,0.0,0.0,4.0,4.0,4.0,0.0,0.0
48116,2023.0,12.0,1.0,3.0,15.026496,15.15945,15.046406,15.248775,15.037644,15.136917,15.040759,15.21701,15.125458,15.82241,15.085475,15.734899,16.152582,16.51809,15.077128,15.229764,15.077198,15.747928,0.0,0.0,0.0,0.0,0.0,4.0,0.0,0.0
48117,2023.0,12.0,1.0,3.0,15.013274,15.159149,15.021614,15.210474,15.017608,15.116459,15.019357,15.189468,15.052638,15.638908,15.037128,15.635356,14.969033,14.360624,15.016814,15.160536,15.035694,15.685717,0.0,0.0,0.0,0.0,0.0,0.0,0.0,0.0
48118,2023.0,12.0,1.0,3.0,15.016107,15.191932,15.02583,15.232969,15.020962,15.145319,15.023218,15.215147,15.03993,15.644864,15.044435,15.655646,15.339454,15.181482,15.026006,15.218651,15.005432,15.617982,0.0,0.0,0.0,0.0,0.0,4.0,0.0,4.0
48119,2023.0,12.0,1.0,3.0,15.017404,15.217194,15.026007,15.2464695,15.021499,15.167065,15.023584,15.232364,15.041965,15.669536,15.0435915,15.658891,14.948309,14.43035,15.026127,15.250909,15.071098,15.756267,0.0,0.0,0.0,0.0,0.0,0.0,0.0,0.0
48120,2023.0,12.0,1.0,4.0,15.033497,15.27185,15.050558,15.3079405,15.042029,15.228256,15.045773,15.292834,15.082209,15.765253,15.060202,15.677094,15.042903,14.667165,15.048764,15.325121,15.118526,15.829026,0.0,0.0,0.0,0.0,4.0,0.0,0.0,0.0
48121,2023.0,12.0,1.0,4.0,15.034282,15.287146,15.050673,15.31133,15.042029,15.239384,15.046373,15.301031,15.0822115,15.763632,15.060351,15.681043,15.042966,14.671042,15.050106,15.342526,15.018287,15.609618,0.0,0.0,0.0,0.0,4.0,0.0,0.0,4.0
48122,2023.0,12.0,1.0,4.0,15.035287,15.307204,15.051632,15.32377,15.043605,15.258802,15.047166,15.315908,15.082453,15.772993,15.087158,15.75794,15.007454,14.666009,15.052148,15.365866,15.120301,15.864505,0.0,0.0,0.0,0.0,0.0,0.0,0.0,0.0
48123,2023.0,12.0,1.0,4.0,15.035145,15.323655,15.052299,15.334848,15.044371,15.275114,15.048117,15.330324,15.08381,15.782584,15.059877,15.677271,15.010483,14.726045,15.053622,15.3856735,15.057708,15.658423,0.0,0.0,0.0,0.0,4.0,0.0,0.0,4.0
48124,2023.0,12.0,1.0,4.0,15.037213,15.344051,15.052939,15.34609,15.045712,15.292433,15.049187,15.344776,15.084146,15.789478,15.087786,15.766174,15.013493,14.766173,15.055009,15.404414,15.119215,15.839982,0.0,0.0,0.0,0.0,0.0,0.0,0.0,0.0
48125,2023.0,12.0,1.0,4.0,15.037925,15.360364,15.053781,15.357693,15.046754,15.308442,15.049853,15.358295,15.034344,15.667204,15.060631,15.684627,15.016388,14.800689,15.05523,15.419972,15.117015,15.805166,0.0,0.0,0.0,4.0,4.0,0.0,0.0,0.0
48126,2023.0,12.0,1.0,5.0,15.040176,15.378535,15.054335,15.368527,15.047861,15.324253,15.050945,15.372602,15.086202,15.832435,15.08789,15.77268,15.017368,14.826544,15.0561,15.436421,15.018534,15.614279,0.0,0.0,0.0,0.0,0.0,0.0,0.0,4.0
48127,2023.0,12.0,1.0,5.0,15.041383,15.393999,15.055301,15.380222,15.049029,15.339779,15.051569,15.385554,15.085042,15.8161125,15.087305,15.761937,15.018717,14.850375,15.057591,15.453276,15.121155,15.875179,0.0,0.0,0.0,0.0,0.0,0.0,0.0,0.0
48128,2023.0,12.0,1.0,5.0,15.041436,15.40732,15.056128,15.391441,15.049952,15.3544,15.052523,15.399167,15.036884,15.696315,15.087379,15.764163,15.020754,14.872912,15.05869,15.468701,15.117871,15.825835,0.0,0.0,0.0,4.0,0.0,0.0,0.0,0.0
48129,2023.0,12.0,1.0,5.0,15.04211,15.422314,15.056609,15.4019,15.050233,15.367542,15.05358,15.412712,15.130265,15.89266,15.087754,15.766243,15.021763,14.891383,15.059457,15.483182,15.079653,15.788901,0.0,0.0,0.0,0.0,0.0,0.0,0.0,0.0
48130,2023.0,12.0,1.0,5.0,15.042839,15.43696,15.056913,15.411981,15.051667,15.382809,15.05426,15.425314,15.125915,15.826807,15.087655,15.768109,15.022763,14.908799,15.060436,15.497765,15.081783,15.824965,0.0,0.0,0.0,0.0,0.0,0.0,0.0,0.0
48131,2023.0,12.0,1.0,5.0,15.043399,15.450812,15.057785,15.423066,15.052291,15.3958435,15.054835,15.437598,15.082196,15.771109,15.087575,15.770636,15.024426,14.9264345,15.060509,15.510256,15.082757,15.843553,0.0,0.0,0.0,0.0,0.0,0.0,0.0,0.0
48132,2023.0,12.0,1.0,6.0,15.04505,15.466483,15.058497,15.433462,15.05303,15.409022,15.055819,15.450477,15.08397,15.8021965,15.061409,15.704119,15.025016,14.940896,15.061453,15.524382,15.084908,15.861974,0.0,0.0,0.0,0.0,4.0,0.0,0.0,0.0
48133,2023.0,12.0,1.0,6.0,19.033487,22.345207,15.02742,15.386927,19.030191,22.249907,18.999329,22.233278,15.039274,15.734722,18.420565,21.487299,18.511587,20.866148,19.2504,22.792953,15.038944,15.790549,0.0,0.0,0.0,0.0,0.0,0.0,0.0,0.0
48134,2023.0,12.0,1.0,6.0,19.836376,23.285921,15.031319,15.405142,19.89856,23.306164,19.858301,23.278095,15.044762,15.757473,15.764133,15.881987,19.180855,21.824417,20.001099,23.603422,15.04429,15.8102865,0.0,0.0,0.0,0.0,0.0,0.0,0.0,0.0
48135,2023.0,12.0,1.0,6.0,20.567432,24.1824,15.031422,15.414535,20.63644,24.200659,20.589102,24.166851,15.043651,15.760242,15.115437,15.524005,19.798653,22.579412,20.780931,24.561974,15.007101,15.712522,0.0,0.0,0.0,0.0,4.0,0.0,0.0,4.0
48136,2023.0,12.0,1.0,6.0,20.880722,24.422209,15.031828,15.424187,20.96968,24.463797,20.914396,24.423044,15.043864,15.761902,18.88235,22.0935,20.099928,22.826591,21.081858,24.743864,19.881134,24.173128,0.0,0.0,0.0,0.0,0.0,0.0,0.0,4.0
48137,2023.0,12.0,1.0,6.0,21.0157,24.35637,15.031554,15.431077,21.107351,24.394793,21.052734,24.355669,15.043884,15.7612295,16.0916,16.223179,20.24816,22.810528,21.14643,24.550621,19.634726,23.137276,0.0,0.0,0.0,0.0,0.0,0.0,0.0,4.0
48138,2023.0,12.0,1.0,7.0,21.120623,24.336855,15.032189,15.439586,21.111624,24.187668,21.118795,24.261148,15.043508,15.759068,15.056867,15.262672,20.6388,23.301159,21.732136,25.352037,20.201147,23.745262,0.0,0.0,0.0,0.0,4.0,0.0,0.0,4.0
48139,2023.0,12.0,1.0,7.0,21.117342,24.169786,15.032646,15.448167,21.11964,24.04219,21.099089,24.041218,15.043914,15.758129,19.455345,22.843119,20.832668,23.460007,21.759087,25.137674,19.95644,23.03711,0.0,0.0,4.0,0.0,4.0,0.0,0.0,0.0
48140,2023.0,12.0,1.0,7.0,21.156563,24.09117,15.328818,15.737236,21.182316,23.943663,21.123428,23.989847,15.576363,16.51598,20.104027,23.629156,20.905643,23.412285,22.72834,26.633404,16.177063,15.563812,0.0,4.0,0.0,0.0,4.0,0.0,4.0,0.0
48141,2023.0,12.0,1.0,7.0,21.082857,23.867495,15.405694,15.63209,21.032213,23.592176,21.116653,23.881723,14.943614,15.361771,19.640936,22.39855,21.0845,23.587772,21.54481,24.318752,15.035171,14.680746,4.0,4.0,0.0,0.0,4.0,0.0,0.0,0.0
48142,2023.0,12.0,1.0,7.0,21.115784,23.868744,19.651112,23.361404,21.137888,23.678562,21.114878,23.803453,15.041024,15.590168,19.518568,21.980522,21.805655,24.728346,21.524162,24.243374,15.033154,14.996473,4.0,4.0,0.0,4.0,0.0,4.0,0.0,0.0
48143,2023.0,12.0,1.0,7.0,21.135592,23.837278,19.938915,23.331629,21.138512,23.588726,21.139732,23.793886,18.993534,22.337242,16.18186,15.432285,21.073359,23.284067,21.420462,23.986143,15.035818,15.204067,4.0,4.0,0.0,0.0,0.0,0.0,0.0,0.0
48144,2023.0,12.0,1.0,8.0,21.114187,23.770237,19.613182,22.313017,21.128675,23.513577,21.089937,23.627703,14.99879,15.117605,15.030182,14.509247,20.583582,22.312235,21.034344,23.284607,15.036439,15.343537,4.0,0.0,4.0,0.0,0.0,0.0,4.0,0.0
48145,2023.0,12.0,1.0,8.0,17.748384,17.215685,20.126133,22.937536,18.309574,18.026152,18.753656,19.109995,15.112519,15.450423,15.033234,14.834046,17.799057,16.94744,17.759478,17.04116,15.036831,15.440987,4.0,4.0,4.0,4.0,0.0,0.0,0.0,0.0
48146,2023.0,12.0,1.0,8.0,15.949342,14.984869,19.968245,22.410522,16.838726,16.253183,16.278929,15.240271,18.756542,21.60811,15.015933,14.999215,16.986217,16.445547,17.143986,17.097002,15.038184,15.514567,0.0,4.0,0.0,0.0,4.0,0.0,4.0,0.0
48147,2023.0,12.0,1.0,8.0,15.849366,15.376882,16.752901,16.094578,16.34591,15.761064,15.894251,15.257975,15.953906,15.907252,19.654852,22.844444,16.756315,16.28582,15.998794,15.136628,15.039045,15.57048,0.0,4.0,4.0,4.0,0.0,0.0,0.0,0.0
48148,2023.0,12.0,1.0,8.0,16.501402,16.837126,15.848098,15.579415,16.005339,15.445095,15.0311165,13.998091,19.235699,22.207697,16.685108,16.852068,17.285387,17.573448,15.188614,14.260286,15.040132,15.618571,4.0,4.0,0.0,0.0,0.0,4.0,0.0,0.0
48149,2023.0,12.0,1.0,8.0,16.628237,17.069456,20.133566,23.327307,15.429867,14.285666,15.8698225,14.6418705,15.7205715,15.203088,14.982576,14.80562,16.132399,15.27821,15.839696,15.896192,15.041039,15.656965,0.0,0.0,0.0,0.0,0.0,0.0,4.0,0.0
48150,2023.0,12.0,1.0,9.0,15.907404,15.7559395,17.623905,18.018417,15.312408,14.723101,15.013073,14.423233,15.110167,15.256295,15.047234,15.127726,16.18113,15.916028,14.946013,14.3628845,15.041512,15.687634,4.0,4.0,0.0,0.0,0.0,4.0,0.0,0.0
48151,2023.0,12.0,1.0,9.0,15.535463,15.3408785,19.439192,21.892921,15.297158,14.802221,15.588333,15.714388,15.117997,15.4231615,15.036231,15.239592,15.482024,14.591228,15.057173,14.773574,14.997423,15.591294,0.0,4.0,4.0,4.0,0.0,0.0,0.0,4.0
48152,2023.0,12.0,1.0,9.0,14.98536,14.552798,16.490387,15.886363,15.148441,14.685388,15.7786665,16.024853,19.626318,22.98769,15.017598,15.283927,15.821579,15.614893,15.033807,14.863191,19.538757,23.3867,0.0,4.0,4.0,4.0,4.0,4.0,0.0,4.0
48153,2023.0,12.0,1.0,9.0,15.130629,14.958037,15.571258,15.330548,15.0017395,14.56963,14.977532,14.664628,19.624136,22.798386,19.857159,23.368244,15.931558,15.732646,15.771398,16.383976,20.07015,23.832918,4.0,4.0,0.0,0.0,4.0,4.0,4.0,4.0
48154,2023.0,12.0,1.0,9.0,15.121898,14.99369,20.184443,23.582838,15.912363,15.314033,16.026287,16.466404,15.922086,15.377465,19.33302,22.22158,15.8672695,15.677732,16.095167,16.643337,20.13292,23.525711,4.0,4.0,0.0,0.0,0.0,4.0,0.0,4.0
48155,2023.0,12.0,1.0,9.0,15.036398,14.921105,19.691902,22.216867,15.002596,14.710382,14.99693,14.690788,15.059532,14.894623,15.818198,15.171502,15.818857,15.640144,16.115831,16.282652,20.042639,23.076233,0.0,4.0,0.0,4.0,0.0,4.0,4.0,0.0
48156,2023.0,12.0,1.0,10.0,15.002809,14.941998,16.815893,16.43482,15.016228,14.824205,15.4865885,15.6512375,20.193295,23.703083,15.087315,14.926814,15.776935,15.607936,15.605513,15.758384,16.381395,15.8303,4.0,4.0,4.0,4.0,0.0,4.0,4.0,0.0
48157,2023.0,12.0,1.0,10.0,15.30566,15.224262,20.061533,22.92311,15.77706,15.270587,15.757176,15.982699,19.908361,23.001781,15.025653,15.019795,15.370116,14.6353035,15.840996,16.107931,15.00625,14.552904,4.0,4.0,0.0,0.0,0.0,0.0,0.0,0.0
48158,2023.0,12.0,1.0,10.0,15.04634,15.011965,20.079712,22.635345,15.732089,15.943704,15.781867,16.007042,16.268341,15.737269,15.015057,15.129304,15.7692995,15.6203785,15.735709,15.920157,15.053768,14.943282,0.0,4.0,0.0,0.0,4.0,0.0,4.0,0.0
48159,2023.0,12.0,1.0,10.0,15.0048065,15.028461,16.866732,16.269136,14.997319,14.826215,15.016804,14.880764,15.028271,14.637639,19.634336,22.892433,15.571075,15.452059,15.560974,15.768945,15.523837,16.062975,0.0,4.0,0.0,0.0,0.0,4.0,4.0,4.0
48160,2023.0,12.0,1.0,10.0,15.0058975,15.089146,15.605222,15.054287,15.046096,15.032002,15.020123,15.011857,15.03093,14.942832,16.71274,16.960371,15.723514,15.6311455,15.503815,15.734335,19.441116,22.82604,0.0,0.0,0.0,0.0,0.0,4.0,4.0,0.0
48161,2023.0,12.0,1.0,10.0,15.041305,15.238187,15.338874,14.853008,15.005773,14.978901,15.020801,15.106871,15.032508,15.142531,14.976973,14.811168,15.726278,15.653491,14.971317,14.914779,15.878258,15.483913,0.0,4.0,0.0,0.0,0.0,4.0,0.0,0.0
48162,2023.0,12.0,1.0,11.0,15.034845,15.2587185,15.547408,15.516525,15.046355,15.141094,15.022287,15.183425,15.034061,15.280349,15.046146,15.122655,15.729956,15.676589,15.050475,15.148265,15.093888,15.151633,4.0,0.0,0.0,0.0,0.0,4.0,0.0,0.0
48163,2023.0,12.0,1.0,11.0,15.764279,16.384947,19.986622,23.381273,15.746515,16.217339,15.215905,15.581536,15.032891,15.377841,15.030206,15.210589,15.437618,15.079236,15.788273,16.31115,15.024011,15.206731,0.0,0.0,4.0,0.0,0.0,0.0,0.0,0.0
48164,2023.0,12.0,1.0,11.0,15.328627,15.491908,17.292166,17.609509,14.950428,14.893236,15.270313,15.669341,15.033071,15.449258,15.031584,15.292957,15.0069895,14.485641,14.947397,14.882491,15.032584,15.359382,0.0,0.0,4.0,0.0,0.0,0.0,0.0,0.0
48165,2023.0,12.0,1.0,11.0,15.029216,15.211235,15.88732,15.951739,15.035147,15.166684,14.980101,15.152999,15.034023,15.502387,15.032227,15.352317,15.510158,15.515158,15.04366,15.1839,15.032821,15.451917,4.0,0.0,4.0,0.0,0.0,4.0,0.0,0.0
48166,2023.0,12.0,1.0,11.0,15.296613,15.382632,20.132137,23.578932,15.9601145,16.704762,15.849733,16.5337,15.033987,15.540029,15.032468,15.397504,15.663401,15.600083,16.08309,16.922884,15.033297,15.518282,4.0,0.0,4.0,0.0,0.0,0.0,0.0,0.0
48167,2023.0,12.0,1.0,11.0,15.030301,15.172495,19.982899,22.82538,15.046196,15.160697,14.964687,14.996533,15.034256,15.568074,15.031857,15.425447,15.800216,15.794042,14.968217,15.020047,15.033334,15.565128,0.0,0.0,0.0,0.0,0.0,4.0,0.0,0.0
48168,2023.0,12.0,1.0,12.0,15.0420475,15.318825,16.75184,16.333897,15.3119755,15.669886,15.072246,15.2867155,15.034297,15.587997,15.031482,15.443306,14.967333,14.4302435,15.039183,15.242612,15.033889,15.60147,0.0,4.0,0.0,0.0,0.0,0.0,0.0,0.0
48169,2023.0,12.0,1.0,12.0,19.8411,23.706541,15.928087,15.895994,19.65213,23.215908,18.97211,22.070969,15.034526,15.604343,15.032161,15.460132,18.830656,21.161886,19.938776,23.807314,15.034509,15.629142,4.0,0.0,0.0,0.0,0.0,0.0,0.0,0.0
48170,2023.0,12.0,1.0,12.0,20.161825,23.72371,20.201246,23.553156,19.765379,22.925844,20.8857,24.973608,15.034185,15.614661,15.03221,15.472818,19.189533,21.560081,20.70135,24.620148,15.033908,15.643567,4.0,0.0,4.0,0.0,0.0,0.0,0.0,0.0
48171,2023.0,12.0,1.0,12.0,20.061197,23.17787,19.977207,22.712408,20.06408,23.090652,20.155645,23.240145,15.033861,15.618346,15.031513,15.47806,20.869186,24.20034,21.134945,24.942297,15.033274,15.64901,0.0,0.0,0.0,0.0,0.0,4.0,0.0,0.0
48172,2023.0,12.0,1.0,12.0,20.440342,23.545578,17.150381,17.01297,21.143322,24.71941,20.973736,24.328344,14.997566,15.517805,15.010746,15.421125,20.650839,23.38499,21.119596,24.556675,15.033337,15.651757,4.0,0.0,4.0,4.0,4.0,4.0,0.0,0.0
48173,2023.0,12.0,1.0,12.0,20.56062,23.589806,20.152403,23.065088,21.1989,24.527163,21.043936,24.220041,20.138721,24.456158,19.096678,22.50485,20.857168,23.511646,21.736153,25.434813,15.03295,15.6512,4.0,0.0,4.0,4.0,0.0,4.0,0.0,0.0
48174,2023.0,12.0,1.0,13.0,21.66962,25.314148,20.057873,22.562798,21.707314,25.152939,20.590225,23.24456,19.22511,22.269709,16.362696,16.652393,20.85561,23.263222,21.550392,24.798338,15.032854,15.650272,4.0,4.0,0.0,0.0,0.0,4.0,0.0,0.0
48175,2023.0,12.0,1.0,13.0,20.8444,23.631279,20.133814,22.521725,22.170881,25.755026,21.279478,24.286022,15.91843,15.594533,15.075108,15.1475315,20.509937,22.500443,21.990234,25.393919,15.032855,15.649748,0.0,4.0,4.0,0.0,4.0,0.0,0.0,0.0
48176,2023.0,12.0,1.0,13.0,21.119308,24.00606,17.224308,16.804878,20.973862,23.420443,21.081429,23.792885,15.213504,15.20093,19.62573,22.79256,21.245256,23.635365,21.989632,25.280197,15.032827,15.648878,0.0,4.0,4.0,4.0,0.0,4.0,4.0,0.0
48177,2023.0,12.0,1.0,13.0,21.098963,23.911192,16.01918,15.608821,21.155441,23.738655,21.144848,23.841457,19.888424,23.310236,16.907595,17.252617,21.097137,23.261086,22.872276,26.525629,15.032696,15.64825,0.0,0.0,0.0,0.0,0.0,0.0,4.0,0.0
48178,2023.0,12.0,1.0,13.0,21.106016,23.872284,15.722261,15.356197,21.127481,23.62184,21.132631,23.737862,16.375381,16.188667,15.028016,14.8361635,21.114511,23.203577,21.922667,24.745367,15.032678,15.648567,0.0,0.0,0.0,0.0,0.0,0.0,4.0,0.0
48179,2023.0,12.0,1.0,13.0,21.10362,23.822632,15.4170475,15.057857,21.128656,23.568895,21.13203,23.672947,15.027546,14.871213,15.043105,15.054818,21.07932,23.039278,22.3962,25.373392,15.03265,15.649589,0.0,0.0,0.0,0.0,0.0,4.0,4.0,0.0
48180,2023.0,12.0,1.0,14.0,21.102976,23.783192,15.630623,15.688538,21.098083,23.516647,21.078516,23.553701,15.0257225,15.081812,15.010326,15.118492,21.14352,23.057909,20.903425,22.687202,15.032759,15.651328,4.0,0.0,4.0,0.0,4.0,4.0,0.0,0.0
48181,2023.0,12.0,1.0,14.0,18.536089,18.820545,20.021517,23.455679,18.6425,18.802958,18.962328,19.493477,15.313185,15.756788,19.733229,23.011108,18.603502,18.115597,18.263414,17.776558,15.032578,15.653191,0.0,0.0,4.0,4.0,0.0,0.0,0.0,0.0
48182,2023.0,12.0,1.0,14.0,17.800304,18.346066,17.73374,18.438343,17.125578,16.844437,16.759907,16.095463,19.543352,22.828613,16.986061,17.394403,18.000278,17.888687,17.851875,18.031935,15.033155,15.65987,4.0,0.0,0.0,0.0,0.0,4.0,4.0,0.0
48183,2023.0,12.0,1.0,14.0,16.905636,16.869171,20.204313,23.369343,16.53013,16.184021,15.802387,14.967132,16.187897,16.03378,15.508819,15.60332,17.901342,17.856424,16.760767,16.14406,15.0337,15.670105,0.0,0.0,0.0,0.0,4.0,4.0,0.0,0.0
48184,2023.0,12.0,1.0,14.0,15.875097,15.32793,17.361563,17.419455,16.139687,15.790951,15.340508,14.512128,15.038219,14.979024,19.960224,23.1892,17.703993,17.685896,15.984517,15.299851,15.034053,15.682034,4.0,0.0,0.0,0.0,0.0,4.0,0.0,0.0
48185,2023.0,12.0,1.0,14.0,15.351445,14.751572,20.096867,23.02119,15.824549,15.48065,15.38916,14.976075,15.024789,15.1452875,17.11145,17.445938,16.768484,16.093002,15.561381,14.892357,15.034462,15.695199,4.0,0.0,0.0,0.0,0.0,0.0,0.0,0.0
48186,2023.0,12.0,1.0,15.0,15.4475,15.260221,20.050173,22.586292,16.317823,16.647478,15.308147,14.980067,15.029097,15.278567,15.307942,15.0379715,17.06369,17.06785,15.226384,14.5756,15.034913,15.708594,4.0,4.0,0.0,0.0,0.0,4.0,0.0,0.0
48187,2023.0,12.0,1.0,15.0,16.187744,16.770437,20.113276,22.486486,15.720616,15.499351,15.108851,14.792603,15.029108,15.36556,15.007971,14.849677,16.344742,15.671373,15.269918,14.964029,15.035094,15.721167,4.0,0.0,0.0,0.0,0.0,0.0,0.0,0.0
48188,2023.0,12.0,1.0,15.0,15.279043,14.924477,20.121283,22.366371,15.723443,15.52933,15.297856,14.953766,15.029402,15.4283695,15.026445,15.055537,16.715023,16.736406,15.178195,14.917401,15.035597,15.734229,0.0,0.0,0.0,0.0,0.0,4.0,0.0,0.0
48189,2023.0,12.0,1.0,15.0,15.027256,14.828367,17.355839,16.961088,15.002187,14.530178,15.689177,16.057444,15.030284,15.47678,15.025435,15.169271,16.077185,15.436944,14.997564,14.761712,15.036048,15.746749,0.0,0.0,4.0,0.0,0.0,0.0,0.0,0.0
48190,2023.0,12.0,1.0,15.0,15.022261,14.925978,16.679937,16.71877,15.011952,14.723224,15.868934,16.326225,15.031961,15.523836,15.027907,15.258696,15.589506,14.868694,15.018023,14.928284,15.036538,15.758312,4.0,0.0,4.0,0.0,0.0,0.0,0.0,0.0
48191,2023.0,12.0,1.0,15.0,15.786297,16.20151,20.20939,23.106945,15.79123,16.034895,15.323381,15.495454,15.032295,15.557562,15.028263,15.322767,15.385641,14.674157,15.462036,15.924265,15.036584,15.768532,4.0,0.0,0.0,0.0,0.0,0.0,0.0,0.0
48192,2023.0,12.0,1.0,16.0,15.340616,15.237348,20.080172,22.531103,15.675066,16.053343,16.076384,16.71154,15.03297,15.586147,15.0086355,15.322082,15.598268,15.270934,16.130657,15.89554,15.03721,15.780771,0.0,4.0,0.0,0.0,4.0,0.0,0.0,0.0
48193,2023.0,12.0,1.0,16.0,15.753595,16.366648,17.205904,16.821712,15.8237095,16.271341,15.052967,14.914314,15.03371,15.609432,19.641163,23.049559,15.630463,15.3438015,15.9237,16.70035,15.037588,15.791166,0.0,4.0,0.0,0.0,0.0,0.0,4.0,0.0
48194,2023.0,12.0,1.0,16.0,15.930368,16.585232,16.467934,16.450794,15.329052,15.316201,15.556051,15.873346,15.034629,15.629288,16.738937,17.115524,16.334204,16.751518,14.945435,14.890562,15.038389,15.801981,4.0,4.0,4.0,0.0,0.0,4.0,0.0,0.0
48195,2023.0,12.0,1.0,16.0,15.306753,15.607025,20.246408,23.262295,15.313864,15.547451,15.258267,15.478803,14.998308,15.543642,14.975219,14.888124,15.406497,14.747898,15.339539,15.748511,15.038679,15.810614,4.0,0.0,0.0,4.0,0.0,0.0,0.0,0.0
48196,2023.0,12.0,1.0,16.0,16.083885,16.88054,20.06588,22.52917,15.302763,15.149463,16.145262,16.962946,19.613737,23.508347,15.042605,15.178638,15.188839,14.454059,16.175472,17.060404,15.039499,15.819562,4.0,4.0,0.0,0.0,0.0,0.0,0.0,0.0
48197,2023.0,12.0,1.0,16.0,15.871476,16.109545,20.114916,22.391598,15.355443,15.186145,15.324562,15.297055,15.853466,15.653626,15.029104,15.258928,16.42898,16.011984,15.434337,15.257691,14.997003,15.708669,4.0,4.0,4.0,0.0,0.0,0.0,0.0,4.0
48198,2023.0,12.0,1.0,17.0,16.135609,16.834322,20.124598,22.267204,15.995404,16.544857,15.290634,15.136696,15.125524,15.437485,15.032113,15.337971,15.407679,15.075098,16.920876,17.039038,18.875439,22.451878,0.0,0.0,4.0,0.0,0.0,0.0,0.0,0.0
48199,2023.0,12.0,1.0,17.0,15.0614805,14.97676,17.60901,17.316702,15.029851,14.949217,14.996926,14.9301605,15.021954,15.369901,15.032089,15.389536,15.295561,14.964069,14.983492,14.934469,14.98351,15.26658,4.0,0.0,4.0,0.0,0.0,0.0,0.0,0.0
48200,2023.0,12.0,1.0,17.0,15.202984,15.282453,20.236174,22.710835,15.288009,15.112603,16.133402,16.911816,15.036876,15.486196,15.03337,15.431261,15.193397,14.862497,16.039867,16.779196,15.136666,15.660959,4.0,4.0,0.0,0.0,0.0,0.0,0.0,0.0
48201,2023.0,12.0,1.0,17.0,16.044233,16.788181,20.060854,22.149174,15.311507,15.115015,15.824981,16.226465,15.035582,15.54388,15.033719,15.461362,15.099149,14.768537,15.721553,16.059225,15.027595,15.578679,4.0,4.0,0.0,0.0,0.0,0.0,0.0,0.0
48202,2023.0,12.0,1.0,17.0,15.495226,15.104572,20.129509,22.163305,15.337835,15.155431,16.292368,17.100687,15.036239,15.587886,15.034131,15.483088,15.012817,14.682388,16.991367,17.191288,15.040514,15.676392,0.0,4.0,0.0,0.0,0.0,0.0,0.0,0.0
48203,2023.0,12.0,1.0,17.0,15.053618,15.058308,17.660995,17.321148,15.023388,14.968119,15.87381,16.29486,14.999759,15.517858,15.034709,15.499611,15.79602,16.237091,14.975168,14.92252,15.039022,15.722387,4.0,0.0,4.0,4.0,0.0,4.0,0.0,0.0
48204,2023.0,12.0,1.0,18.0,15.827032,15.535332,20.240147,22.628012,15.770465,16.119602,15.650117,16.035788,19.586317,23.445345,15.035801,15.515467,15.638762,15.631441,15.660505,16.366356,15.013506,15.66279,4.0,4.0,4.0,0.0,0.0,4.0,4.0,4.0
48205,2023.0,12.0,1.0,18.0,20.676533,24.912487,20.077486,22.118237,20.04501,23.752966,19.217411,22.254257,15.184761,15.450933,15.036166,15.527001,19.527592,22.32923,19.539337,22.976368,18.78423,22.260258,0.0,4.0,0.0,0.0,0.0,4.0,0.0,0.0
48206,2023.0,12.0,1.0,18.0,21.078077,25.056347,17.272133,16.628553,20.301834,23.646955,19.780226,22.80758,15.170743,15.566501,15.035932,15.532689,19.841164,22.591097,20.027185,23.340435,14.961189,15.190646,0.0,4.0,0.0,0.0,0.0,4.0,0.0,0.0
48207,2023.0,12.0,1.0,18.0,20.701447,23.938726,16.659111,16.524366,20.595167,23.7529,20.501663,23.683516,15.017107,15.382872,15.036988,15.5409565,20.123842,22.72171,21.078907,24.753736,15.136312,15.628153,4.0,4.0,4.0,0.0,0.0,4.0,4.0,0.0
48208,2023.0,12.0,1.0,18.0,21.132221,24.418644,20.2222,22.959549,21.032843,24.22031,20.949337,24.158342,15.038115,15.492256,15.037534,15.54794,19.898407,22.073,21.125072,24.4712,15.026991,15.533967,4.0,4.0,4.0,0.0,0.0,0.0,4.0,0.0
48209,2023.0,12.0,1.0,18.0,21.35736,24.574606,20.067957,22.317392,21.246977,24.331194,21.201511,24.337593,15.035804,15.531752,15.037592,15.551667,20.70873,23.2804,21.098284,24.198572,15.03971,15.622785,4.0,4.0,4.0,0.0,0.0,4.0,0.0,0.0
48210,2023.0,12.0,1.0,19.0,21.005285,23.785326,20.11532,22.204613,21.435858,24.451075,21.359837,24.3935,15.036861,15.563479,15.017599,15.49516,20.24176,22.255615,21.223347,24.220694,15.038336,15.660614,4.0,4.0,4.0,0.0,4.0,0.0,0.0,0.0
48211,2023.0,12.0,1.0,19.0,20.931376,23.57539,20.109173,22.055437,21.440674,24.312656,21.364208,24.254803,15.037224,15.584249,19.196411,22.473795,20.201143,22.085926,21.927742,25.273558,15.039124,15.688486,4.0,4.0,4.0,0.0,4.0,0.0,4.0,0.0
48212,2023.0,12.0,1.0,19.0,20.669622,23.037682,20.12476,22.001045,20.785643,23.071735,21.171137,23.786987,15.037568,15.599382,19.36892,22.534174,20.01626,21.672134,21.04647,23.577137,15.039282,15.706581,0.0,0.0,4.0,0.0,0.0,0.0,0.0,0.0
48213,2023.0,12.0,1.0,19.0,21.149916,23.858305,17.384953,16.684147,21.136017,23.606007,21.127954,23.618568,15.037958,15.611236,16.384224,16.451488,20.848799,23.078987,21.17413,23.687952,15.03983,15.720031,0.0,4.0,4.0,0.0,0.0,0.0,0.0,0.0
48214,2023.0,12.0,1.0,19.0,21.134302,23.734968,16.789768,16.60226,21.134562,23.547012,21.120096,23.537508,15.001215,15.519009,14.986595,14.817553,22.133375,25.217335,22.582258,26.044039,15.039933,15.728913,4.0,0.0,4.0,4.0,0.0,4.0,4.0,0.0
48215,2023.0,12.0,1.0,19.0,21.149881,23.680582,20.239378,22.855726,21.11365,23.419907,21.143589,23.547949,19.45403,23.004442,15.043843,15.123241,21.04778,23.0952,22.75342,26.154058,14.99693,15.617,4.0,4.0,0.0,0.0,0.0,0.0,4.0,4.0
48216,2023.0,12.0,1.0,20.0,22.141459,25.354794,20.08762,22.25543,21.51152,24.075472,21.877405,24.714417,16.135265,16.147678,15.033592,15.232035,21.581621,23.93337,22.850485,26.166817,18.791956,22.053196,0.0,0.0,4.0,4.0,0.0,4.0,4.0,0.0
48217,2023.0,12.0,1.0,20.0,20.952387,23.059452,17.139751,16.423176,21.058119,23.168804,21.026114,23.131481,19.941164,23.397211,15.035413,15.322207,21.28187,23.247171,22.01212,24.550613,14.943872,15.090739,0.0,4.0,0.0,4.0,0.0,4.0,0.0,0.0
48218,2023.0,12.0,1.0,20.0,21.128393,23.396656,16.459248,16.201584,21.120743,23.269194,21.126017,23.301662,19.697018,22.729939,15.036494,15.38642,21.10694,22.93239,22.320913,25.094599,15.138665,15.5945215,4.0,4.0,4.0,0.0,0.0,0.0,0.0,0.0
48219,2023.0,12.0,1.0,20.0,21.575382,24.11447,20.188793,22.933481,21.162516,23.347532,21.162827,23.381535,16.090897,15.502924,15.037091,15.43301,21.23662,23.13283,22.511383,25.38084,15.023725,15.480238,0.0,0.0,0.0,0.0,0.0,0.0,0.0,0.0
48220,2023.0,12.0,1.0,20.0,21.015522,23.063913,17.710558,17.769705,21.131187,23.25424,21.109938,23.236126,15.175454,14.937773,15.037125,15.465984,21.099382,22.847715,22.292028,24.858925,15.091457,15.654723,0.0,0.0,4.0,4.0,0.0,0.0,0.0,4.0
48221,2023.0,12.0,1.0,20.0,21.117178,23.266626,16.108265,15.63935,21.106977,23.15843,21.114895,23.229118,19.56107,22.53648,15.038812,15.497214,21.085398,22.858906,22.047836,24.442862,20.010048,23.945454,0.0,4.0,4.0,0.0,0.0,0.0,4.0,4.0
48222,2023.0,12.0,1.0,21.0,21.103455,23.23285,15.647632,15.107641,21.135233,23.211288,21.113337,23.207104,16.036324,15.487334,15.039211,15.520031,21.05825,22.806099,22.6923,25.54905,20.107414,23.751873,0.0,0.0,4.0,0.0,0.0,4.0,0.0,4.0
48223,2023.0,12.0,1.0,21.0,21.103748,23.222822,15.867475,15.7663555,21.127386,23.1705,21.11146,23.18402,15.065787,14.93759,15.039746,15.53943,21.093163,22.830832,22.092415,24.304153,19.948158,23.114624,4.0,0.0,4.0,0.0,0.0,4.0,0.0,0.0
48224,2023.0,12.0,1.0,21.0,21.88681,24.424967,20.07555,23.220339,21.800924,24.153393,21.83444,24.28031,15.324726,15.640053,15.040212,15.555582,21.580782,23.570862,22.033714,24.14634,16.115313,15.52772,0.0,4.0,4.0,4.0,0.0,4.0,0.0,0.0
48225,2023.0,12.0,1.0,21.0,20.95247,22.789356,17.735046,18.130575,21.061491,23.040037,20.948671,22.70761,20.080637,23.592728,15.01944,15.5103445,21.307858,23.051517,21.02843,22.593267,15.04613,14.770751,4.0,0.0,4.0,4.0,4.0,0.0,0.0,0.0
48226,2023.0,12.0,1.0,21.0,21.14436,23.192019,19.70732,22.24005,21.13575,23.152222,21.129128,23.089443,19.640268,22.616049,18.921217,22.21888,21.29745,23.058533,22.065422,24.370504,15.049981,15.03941,0.0,0.0,4.0,0.0,0.0,0.0,0.0,0.0
48227,2023.0,12.0,1.0,21.0,21.093197,23.075497,17.063456,16.728388,21.125772,23.104816,21.106758,23.055037,16.575184,16.430002,16.069225,16.240238,21.105692,22.66223,21.431337,23.488035,15.031947,15.20348,4.0,0.0,4.0,4.0,0.0,4.0,4.0,0.0
48228,2023.0,12.0,1.0,22.0,21.906822,24.349213,20.120481,22.84428,21.702251,24.166008,21.570503,23.808521,20.474018,23.758797,15.068896,15.298087,21.639616,23.51072,22.436296,25.243093,15.035507,15.344675,4.0,0.0,0.0,4.0,0.0,4.0,0.0,0.0
48229,2023.0,12.0,1.0,22.0,21.984798,24.743032,20.072731,22.40059,21.602592,24.047377,21.535963,23.79384,20.03284,22.816166,15.017375,15.296852,21.345648,23.07286,21.893522,24.269985,15.035487,15.438041,0.0,0.0,0.0,0.0,4.0,0.0,0.0,0.0
48230,2023.0,12.0,1.0,22.0,21.146221,23.081223,16.99733,16.280046,21.10882,23.080158,21.14312,23.080761,17.010517,16.779104,19.207605,22.303417,22.004833,24.13417,22.269976,24.897047,15.036344,15.506239,0.0,0.0,0.0,4.0,0.0,4.0,0.0,0.0
48231,2023.0,12.0,1.0,22.0,21.115871,23.041176,15.8532295,15.215385,21.092129,23.07404,21.065517,22.976383,20.316057,23.291973,16.625498,17.02037,22.246298,24.475042,20.922981,22.497442,15.03686,15.555325,0.0,0.0,4.0,0.0,4.0,4.0,0.0,0.0
48232,2023.0,12.0,1.0,22.0,21.118513,23.051847,15.645579,15.090624,21.070007,23.02524,21.077536,23.045708,17.137835,16.941893,19.859238,23.037844,22.366085,24.595016,21.114504,22.983,15.001665,15.505171,0.0,4.0,4.0,4.0,0.0,4.0,0.0,4.0
48233,2023.0,12.0,1.0,22.0,21.085798,23.050354,15.3897705,14.842851,21.098627,23.113016,21.135145,23.138155,20.483313,23.509472,16.876814,17.060574,20.946009,21.995981,22.410847,25.28398,19.767365,23.615578,0.0,0.0,0.0,4.0,0.0,4.0,0.0,0.0
48234,2023.0,12.0,1.0,23.0,21.063944,23.025105,15.157942,14.611671,21.12767,23.101507,21.124582,23.081085,20.075598,22.65128,14.978985,14.708745,21.092993,22.372929,22.013971,24.399246,16.226332,16.294306,0.0,0.0,0.0,0.0,0.0,4.0,4.0,4.0
48235,2023.0,12.0,1.0,23.0,18.904058,18.942558,14.999343,14.500573,18.245657,17.533945,18.17346,17.400816,16.727016,16.064043,15.035607,15.036222,19.217655,18.828955,18.903458,18.21505,15.05353,15.227716,0.0,0.0,0.0,0.0,4.0,4.0,0.0,0.0
48236,2023.0,12.0,1.0,23.0,16.991734,16.060457,15.014572,14.659502,17.144756,16.538221,17.09201,16.496214,15.516074,15.069814,15.038238,15.208423,18.420958,18.028152,17.070969,16.090673,15.01898,15.266649,0.0,0.0,0.0,0.0,0.0,4.0,0.0,4.0
48237,2023.0,12.0,1.0,23.0,16.202774,15.162449,15.239052,15.170169,16.798222,16.223434,16.759909,16.211248,15.820237,15.9814415,15.021815,15.274735,18.11531,17.751448,16.394993,15.402607,15.064868,15.460635,4.0,0.0,0.0,4.0,4.0,4.0,0.0,0.0
48238,2023.0,12.0,1.0,23.0,17.050709,17.201666,14.993637,14.768617,16.469486,15.914117,16.420458,15.891886,15.18947,14.869559,15.042239,15.4009495,17.15726,16.194895,16.421118,15.950556,15.054092,15.4930525,0.0,0.0,0.0,0.0,0.0,0.0,0.0,0.0
48239,2023.0,12.0,1.0,23.0,16.084091,15.251151,15.020474,14.893625,16.176556,15.630044,16.117636,15.597218,15.056546,14.974004,15.038717,15.456772,16.529804,15.480495,16.27931,15.88593,15.020029,15.446301,0.0,0.0,0.0,0.0,0.0,0.0,0.0,4.0
48240,2023.0,12.0,2.0,0.0,15.375149,14.393943,15.018027,14.943213,15.906066,15.352111,15.839676,15.310388,15.050195,15.085464,15.040013,15.501222,16.167688,15.111029,16.004421,15.61872,15.068138,15.592669,0.0,0.0,0.0,0.0,0.0,0.0,0.0,0.0
48241,2023.0,12.0,2.0,0.0,15.617814,15.192282,15.018788,14.989179,15.692216,15.156208,15.620948,15.108348,15.027225,15.171102,15.039676,15.531649,16.46668,15.992121,15.752621,15.370349,15.055698,15.591897,0.0,0.0,0.0,0.0,0.0,0.0,0.0,0.0
48242,2023.0,12.0,2.0,0.0,15.639676,15.3164425,15.019428,15.027775,16.250568,16.384588,15.4234295,14.921384,15.032923,15.274416,15.0246105,15.51398,16.453686,16.006964,15.524,15.148159,15.037759,15.615145,0.0,4.0,0.0,0.0,4.0,0.0,0.0,0.0
48243,2023.0,12.0,2.0,0.0,15.518759,15.216443,15.020175,15.0611,15.714578,15.30837,15.24447,14.749096,15.032793,15.343756,15.028578,15.544689,16.312113,15.870517,15.317876,14.944846,15.040426,15.662281,0.0,0.0,0.0,0.0,4.0,0.0,0.0,0.0
48244,2023.0,12.0,2.0,0.0,15.37797,15.080676,15.020924,15.090296,14.960843,14.178989,15.079287,14.585776,15.003534,15.322933,15.045239,15.610681,16.169823,15.726174,15.124716,14.746373,15.040908,15.69507,0.0,0.0,0.0,4.0,0.0,0.0,0.0,0.0
48245,2023.0,12.0,2.0,0.0,15.247209,14.954978,15.021421,15.116171,15.203234,14.755068,15.002835,14.579103,15.045592,15.46551,15.040848,15.615007,16.041803,15.600017,14.99612,14.666698,15.041738,15.722282,0.0,4.0,0.0,0.0,0.0,0.0,0.0,0.0
48246,2023.0,12.0,2.0,1.0,15.125137,14.836483,15.043088,15.182403,15.045025,14.51739,15.011784,14.704782,15.016855,15.415357,15.055574,15.634761,15.9250145,15.483874,15.013566,14.818506,15.080765,15.819756,0.0,0.0,0.0,4.0,4.0,0.0,0.0,0.0
48247,2023.0,12.0,2.0,1.0,15.015235,14.733364,15.043854,15.19765,15.052246,14.647655,15.016871,14.787399,15.109581,15.622218,15.082788,15.714237,15.8193655,15.380911,15.0184965,14.892009,15.080964,15.822956,0.0,0.0,0.0,0.0,0.0,0.0,0.0,0.0
48248,2023.0,12.0,2.0,1.0,15.005991,14.81724,15.045483,15.218514,15.009423,14.665554,15.020689,14.856622,15.109729,15.585355,15.082323,15.707737,15.721608,15.285641,15.022215,14.957026,15.082118,15.837363,0.0,0.0,0.0,0.0,0.0,0.0,0.0,0.0
48249,2023.0,12.0,2.0,1.0,15.010234,14.892746,15.044387,15.231678,15.016212,14.771579,15.023399,14.913965,15.067153,15.542823,15.082319,15.712078,15.630675,15.197097,15.026233,15.011117,15.022732,15.694459,0.0,0.0,0.0,0.0,0.0,0.0,0.0,4.0
48250,2023.0,12.0,2.0,1.0,15.013762,14.954917,15.045369,15.2485285,15.019892,14.843894,15.026624,14.965106,15.068934,15.584306,15.082519,15.715885,15.545661,15.114387,15.029207,15.055501,15.123666,15.927543,0.0,0.0,0.0,0.0,0.0,0.0,0.0,0.0
48251,2023.0,12.0,2.0,1.0,15.018091,15.009903,15.046234,15.2637005,15.023924,14.907137,15.0290575,15.009019,15.070746,15.609428,15.082724,15.720054,15.465789,15.036669,15.031539,15.093345,15.1199875,15.868073,0.0,0.0,0.0,0.0,0.0,0.0,0.0,0.0
48252,2023.0,12.0,2.0,2.0,15.018453,15.051604,15.046987,15.2777815,15.026191,14.958146,15.031515,15.048847,15.071845,15.630214,15.083116,15.724685,15.390391,14.963373,15.033334,15.126101,15.080378,15.821218,0.0,0.0,0.0,0.0,0.0,0.0,0.0,0.0
48253,2023.0,12.0,2.0,2.0,15.022296,15.096365,15.04785,15.291274,15.029351,15.004801,15.033939,15.084984,15.073596,15.649156,15.083626,15.729455,15.316384,14.888904,15.035942,15.157279,15.082246,15.852093,0.0,0.0,0.0,0.0,0.0,0.0,0.0,0.0
48254,2023.0,12.0,2.0,2.0,15.023692,15.131491,15.049148,15.304924,15.032176,15.045519,15.035438,15.116409,15.07437,15.663752,15.057705,15.663968,15.244862,14.816893,15.037468,15.18344,15.084612,15.869834,0.0,0.0,0.0,0.0,4.0,0.0,0.0,0.0
48255,2023.0,12.0,2.0,2.0,15.025513,15.165051,15.050124,15.317115,15.033933,15.080307,15.037098,15.145916,15.074807,15.676374,15.059332,15.68508,15.175874,14.747374,15.042289,15.217073,15.084265,15.880277,0.0,0.0,0.0,0.0,4.0,0.0,0.0,0.0
48256,2023.0,12.0,2.0,2.0,15.027973,15.197226,15.050879,15.328494,15.036412,15.113722,15.039272,15.174293,15.076401,15.690078,15.086073,15.762792,15.109131,14.680058,15.04364,15.240645,15.024836,15.73751,0.0,0.0,0.0,0.0,0.0,0.0,0.0,4.0
48257,2023.0,12.0,2.0,2.0,15.030124,15.226566,15.051941,15.340161,15.038266,15.143241,15.04121,15.200382,15.078033,15.70256,15.086017,15.755472,15.044353,14.614689,15.044146,15.262294,15.1283455,15.973849,0.0,0.0,0.0,0.0,0.0,0.0,0.0,0.0
48258,2023.0,12.0,2.0,3.0,15.0326805,15.25414,15.053035,15.3515835,15.040037,15.170777,15.040627,15.218844,15.027921,15.582098,15.060097,15.688609,15.001648,14.590233,15.046399,15.286494,15.124355,15.911087,0.0,0.0,0.0,4.0,4.0,0.0,0.0,0.0
48259,2023.0,12.0,2.0,3.0,15.033028,15.274838,15.0534935,15.361546,15.0412445,15.19571,15.042137,15.24058,15.030628,15.622967,15.087508,15.776546,15.0047865,14.645263,15.04761,15.307239,15.084074,15.862602,0.0,0.0,0.0,4.0,0.0,0.0,0.0,0.0
48260,2023.0,12.0,2.0,3.0,15.03365,15.295972,15.054505,15.372677,15.042498,15.219447,15.043338,15.260016,15.124928,15.805595,15.087118,15.767167,15.007493,14.6808605,15.049855,15.329457,15.086372,15.893843,0.0,0.0,0.0,0.0,0.0,0.0,0.0,0.0
48261,2023.0,12.0,2.0,3.0,15.034799,15.316676,15.055362,15.383265,15.042976,15.239681,15.044847,15.27932,15.121304,15.743594,15.087527,15.770435,15.009212,14.711282,15.050854,15.348085,15.087349,15.907984,0.0,0.0,0.0,0.0,0.0,0.0,0.0,0.0
48262,2023.0,12.0,2.0,3.0,15.036475,15.337199,15.056065,15.3934965,15.043515,15.258649,15.045717,15.296434,15.077017,15.687824,15.061043,15.701562,15.01121,14.738842,15.05134,15.3653345,15.087237,15.918448,0.0,0.0,0.0,0.0,4.0,0.0,0.0,0.0
48263,2023.0,12.0,2.0,3.0,15.037692,15.355735,15.056213,15.4024515,15.044636,15.277503,15.047239,15.314263,15.07939,15.721342,15.062201,15.7201185,15.013605,14.764395,15.052407,15.383122,15.089174,15.931012,0.0,0.0,0.0,0.0,4.0,0.0,0.0,0.0
48264,2023.0,12.0,2.0,4.0,15.038043,15.371927,15.057214,15.413047,15.046071,15.295901,15.047976,15.329719,15.030278,15.607597,15.08905,15.796516,15.014508,14.784896,15.054223,15.4015665,15.088972,15.937203,0.0,0.0,0.0,4.0,0.0,0.0,0.0,0.0
48265,2023.0,12.0,2.0,4.0,15.039299,15.389334,15.058014,15.422928,15.047055,15.31255,15.049316,15.34609,15.126095,15.817081,15.088876,15.787502,15.015651,14.804742,15.055305,15.41773,15.08967,15.944803,0.0,0.0,0.0,0.0,0.0,0.0,0.0,0.0
48266,2023.0,12.0,2.0,4.0,15.041512,15.407677,15.0587845,15.43279,15.047817,15.328251,15.050066,15.360658,15.074736,15.63335,15.062377,15.718253,15.016946,14.823549,15.055866,15.432535,15.029568,15.796047,0.0,0.0,0.0,4.0,4.0,0.0,0.0,4.0
48267,2023.0,12.0,2.0,4.0,15.041403,15.420622,15.059062,15.441452,15.049192,15.344615,15.051146,15.37529,15.123509,15.772762,15.09003,15.805464,15.01805,14.840968,15.056729,15.44766,15.0727415,15.874624,0.0,0.0,0.0,0.0,0.0,0.0,0.0,4.0
48268,2023.0,12.0,2.0,4.0,15.042701,15.436597,15.060007,15.451501,15.049989,15.35916,15.052214,15.389427,15.121259,15.73804,15.089126,15.793734,15.019935,14.859144,15.057094,15.461314,15.070566,15.844961,0.0,0.0,0.0,0.0,0.0,0.0,0.0,4.0
48269,2023.0,12.0,2.0,4.0,15.043217,15.450234,15.060413,15.460264,15.051227,15.374254,15.053007,15.402595,15.077108,15.693044,15.062746,15.725277,15.020328,14.873465,15.059514,15.478784,15.129612,15.990285,0.0,0.0,0.0,0.0,4.0,0.0,0.0,0.0
48270,2023.0,12.0,2.0,5.0,15.045404,15.467052,15.060858,15.469055,15.051696,15.387332,15.053812,15.41571,15.079328,15.734467,15.09047,15.812719,15.022059,14.890293,15.05924,15.489923,15.126629,15.94735,0.0,0.0,0.0,0.0,0.0,0.0,0.0,0.0
48271,2023.0,12.0,2.0,5.0,15.045707,15.479236,15.061602,15.478258,15.052829,15.401488,15.054873,15.429037,15.081986,15.7584505,15.0896015,15.801086,15.022552,14.903636,15.061132,15.505775,15.12676,15.935997,0.0,0.0,0.0,0.0,0.0,0.0,0.0,0.0
48272,2023.0,12.0,2.0,5.0,15.047516,15.494551,15.06255,15.48763,15.053692,15.414539,15.055463,15.44107,15.082432,15.774323,15.063955,15.733957,15.023674,14.9182005,15.062115,15.518803,15.026079,15.735225,0.0,0.0,0.0,0.0,4.0,0.0,0.0,4.0
48273,2023.0,12.0,2.0,5.0,15.047724,15.505878,15.063058,15.495804,15.054923,15.427977,15.0565405,15.453638,15.034235,15.661191,15.09145,15.820586,15.024223,14.930971,15.063172,15.531957,15.071348,15.844976,0.0,0.0,0.0,4.0,0.0,0.0,0.0,4.0
48274,2023.0,12.0,2.0,5.0,15.048102,15.517521,15.063663,15.504126,15.055792,15.440263,15.057341,15.465148,15.13101,15.869394,15.064492,15.739532,15.025525,14.945065,15.062747,15.541905,15.129907,15.980753,0.0,0.0,0.0,0.0,4.0,0.0,0.0,0.0
48275,2023.0,12.0,2.0,5.0,15.049484,15.530852,15.064397,15.512502,15.0568495,15.452711,15.058134,15.476594,15.082633,15.768199,15.092182,15.827699,15.026198,14.957322,15.063856,15.555111,15.127785,15.946377,0.0,0.0,0.0,0.0,0.0,0.0,0.0,0.0
48276,2023.0,12.0,2.0,6.0,15.021789,15.491509,15.028204,15.455398,15.024789,15.405639,15.02543,15.428194,15.03748,15.71501,15.037646,15.72252,15.012582,14.943503,15.335979,16.037344,15.032413,15.809888,0.0,0.0,0.0,0.0,0.0,0.0,4.0,0.0
48277,2023.0,12.0,2.0,6.0,19.191181,22.67126,15.035014,15.479566,19.203299,22.581665,19.187304,22.576387,15.045364,15.746085,15.0485735,15.748981,19.59378,22.690758,18.806835,21.982695,15.013923,15.774336,0.0,0.0,0.0,0.0,0.0,4.0,0.0,4.0
48278,2023.0,12.0,2.0,6.0,20.018642,23.672825,15.034252,15.487316,20.10727,23.7163,20.08371,23.702652,15.014585,15.670217,15.046678,15.747163,19.537703,22.3784,19.443838,22.655458,18.39748,21.65242,0.0,0.0,0.0,4.0,0.0,0.0,0.0,0.0
48279,2023.0,12.0,2.0,6.0,20.391272,23.922836,15.034592,15.496529,20.489302,23.96836,20.459002,23.948523,19.680126,23.739105,15.046784,15.747482,19.022861,21.083443,19.79768,22.889297,15.524453,15.591353,0.0,0.0,0.0,4.0,0.0,0.0,0.0,4.0
48280,2023.0,12.0,2.0,6.0,21.162966,24.932524,15.034684,15.504475,20.761744,24.133463,20.72509,24.10789,18.961302,21.96555,15.030777,15.701409,19.159979,21.108952,20.786474,24.362825,18.682081,21.68201,0.0,0.0,0.0,0.0,4.0,0.0,0.0,0.0
48281,2023.0,12.0,2.0,6.0,21.098043,24.511812,15.0349045,15.511898,20.92267,24.151918,20.880651,24.121157,15.042051,14.882723,18.462122,21.60727,20.039375,22.516026,20.995827,24.425962,14.942967,15.014017,0.0,0.0,0.0,0.0,0.0,0.0,0.0,0.0
48282,2023.0,12.0,2.0,7.0,20.393414,23.034536,15.034611,15.517093,21.141315,24.32401,21.131557,24.350092,15.127819,15.293035,16.016068,16.377361,20.396593,22.924137,21.780037,25.391684,15.117128,15.552199,0.0,0.0,0.0,0.0,4.0,0.0,4.0,0.0
48283,2023.0,12.0,2.0,7.0,21.176517,24.2712,15.035404,15.523546,21.095219,24.04245,21.096735,24.091784,15.025325,15.272798,19.716858,23.104641,21.379976,24.435114,21.04844,23.888456,15.128297,15.655918,0.0,4.0,4.0,0.0,4.0,4.0,0.0,4.0
48284,2023.0,12.0,2.0,7.0,21.117458,23.99072,15.012468,15.460792,21.101057,23.931086,21.103127,23.981756,15.01101,15.334961,19.354668,22.301807,20.272797,22.24804,21.92107,25.248758,18.717487,21.935995,4.0,4.0,4.0,4.0,4.0,0.0,4.0,0.0
48285,2023.0,12.0,2.0,7.0,20.654491,23.14827,18.624279,21.719023,21.03992,23.704031,20.59558,23.027582,19.957367,23.83992,18.988064,21.407393,20.013979,21.731508,20.956379,23.437561,14.947834,15.028204,0.0,4.0,0.0,4.0,0.0,0.0,0.0,0.0
48286,2023.0,12.0,2.0,7.0,21.01934,23.642527,16.361597,16.838694,21.02942,23.525465,20.923832,23.43854,19.32004,22.297787,15.740456,15.018971,20.577778,22.598766,21.145359,23.701283,15.091678,15.4387245,4.0,4.0,4.0,4.0,0.0,4.0,4.0,4.0
48287,2023.0,12.0,2.0,7.0,21.10853,23.7284,19.566185,23.045225,21.121584,23.613071,20.679562,22.995783,19.224176,21.87916,15.084748,14.884741,20.775042,22.87411,21.092035,23.599867,18.482498,21.301088,4.0,4.0,0.0,0.0,0.0,4.0,0.0,0.0
48288,2023.0,12.0,2.0,8.0,20.71606,22.993656,19.002956,21.594414,21.124886,23.540895,21.096626,23.616806,16.406593,16.228064,15.029958,15.02627,20.81216,22.82023,21.073175,23.498291,14.939767,14.9539175,4.0,4.0,4.0,4.0,0.0,4.0,0.0,0.0
48289,2023.0,12.0,2.0,8.0,18.121695,17.985731,19.57154,22.226486,18.254736,17.983578,17.679623,16.99649,19.679106,22.50396,15.03947,15.207517,18.40925,18.117975,17.739555,17.051636,15.130092,15.495316,4.0,4.0,0.0,0.0,0.0,4.0,0.0,0.0
48290,2023.0,12.0,2.0,8.0,16.87958,16.57885,20.167288,23.035175,16.764402,16.1831,15.718574,14.53158,16.779243,16.671991,15.017894,15.265182,17.449738,17.1074,17.614256,18.112495,15.197109,15.721096,4.0,4.0,0.0,4.0,4.0,4.0,4.0,4.0
48291,2023.0,12.0,2.0,8.0,16.452232,16.165571,20.13077,22.721794,16.264885,15.680989,16.265715,16.198608,19.839134,22.698391,19.866774,23.373653,17.158188,16.8444,17.125252,17.119766,19.07742,22.316994,4.0,4.0,4.0,0.0,4.0,4.0,4.0,0.0
48292,2023.0,12.0,2.0,8.0,16.13835,15.870988,20.135592,22.600641,15.922334,15.360542,15.576128,14.498015,16.33061,15.763414,20.07878,23.518608,16.916273,16.626715,16.699923,16.736338,15.580304,15.845839,0.0,4.0,0.0,0.0,4.0,4.0,4.0,0.0
48293,2023.0,12.0,2.0,8.0,15.878567,15.630984,16.802988,16.09992,15.000302,14.029712,15.271642,14.69027,15.034614,14.618658,19.587713,22.243242,16.712112,16.440569,15.452255,14.627083,15.071326,15.262436,0.0,0.0,4.0,0.0,0.0,4.0,0.0,0.0
48294,2023.0,12.0,2.0,9.0,15.664037,15.435558,15.509659,14.855402,15.233426,14.646756,15.000126,14.373262,15.03042,14.910537,16.192574,15.502458,15.77148,14.831577,15.020421,14.419777,15.035303,15.371845,0.0,4.0,0.0,0.0,0.0,0.0,0.0,0.0
48295,2023.0,12.0,2.0,9.0,14.9626665,14.399069,15.175976,14.583307,15.128462,14.622252,15.042612,14.633259,15.0350485,15.11504,15.296617,15.116433,16.068012,15.817913,15.587943,15.711309,15.041961,15.502743,0.0,4.0,0.0,0.0,4.0,4.0,4.0,0.0
48296,2023.0,12.0,2.0,9.0,15.498515,15.29594,15.508667,15.191195,15.472933,15.170419,15.4964695,15.651609,15.492439,15.805187,19.9089,22.972916,16.126026,15.8793335,15.654382,15.759397,15.488467,16.144611,0.0,0.0,4.0,0.0,0.0,4.0,4.0,0.0
48297,2023.0,12.0,2.0,9.0,14.978324,14.58133,15.443504,15.197631,14.973854,14.490446,14.980812,14.711069,14.966355,15.04434,17.065062,17.255533,16.02998,15.788073,14.953595,14.678512,14.948321,15.3291,0.0,0.0,0.0,0.0,0.0,4.0,0.0,0.0
48298,2023.0,12.0,2.0,9.0,15.026953,14.861405,15.01603,14.810408,15.02006,14.67922,15.051132,14.937976,15.062008,15.361775,14.997249,14.648017,15.13582,14.179611,15.275906,15.408649,15.057994,15.635544,0.0,4.0,0.0,0.0,0.0,0.0,4.0,0.0
48299,2023.0,12.0,2.0,9.0,15.574699,16.018326,15.026798,14.9773,15.013254,14.7662325,15.043479,14.986308,15.033126,15.388745,15.053157,15.006651,15.035927,14.338713,15.315637,15.435639,15.040247,15.663902,0.0,4.0,0.0,0.0,0.0,0.0,4.0,0.0
48300,2023.0,12.0,2.0,10.0,14.959843,14.856423,15.027229,15.086732,15.015952,14.851536,15.020541,15.041326,15.038347,15.463738,15.034586,15.133143,15.518292,15.3562975,15.002455,14.989525,15.043303,15.714188,0.0,4.0,0.0,0.0,0.0,4.0,0.0,0.0
48301,2023.0,12.0,2.0,10.0,15.012945,15.002284,15.006709,15.108515,15.050305,15.01368,15.024532,15.125568,15.038352,15.510427,15.038395,15.2529545,14.927406,14.269091,15.133461,15.275679,15.043053,15.746096,4.0,0.0,0.0,0.0,0.0,0.0,4.0,0.0
48302,2023.0,12.0,2.0,10.0,15.039879,15.145532,19.343412,22.702217,15.039285,15.036673,15.024793,15.186886,15.038558,15.545766,15.037475,15.329804,15.029192,14.544397,15.027808,15.134502,15.043537,15.770903,0.0,0.0,0.0,0.0,0.0,0.0,0.0,0.0
48303,2023.0,12.0,2.0,10.0,15.039926,15.187504,16.700212,16.952412,15.04536,15.084798,15.02572,15.238164,15.038516,15.571788,15.037494,15.39386,15.023059,14.583479,15.046064,15.2046,15.043539,15.788798,0.0,0.0,0.0,0.0,0.0,0.0,0.0,0.0
48304,2023.0,12.0,2.0,10.0,15.079783,15.300897,15.175747,15.125471,15.040576,15.157383,15.11893,15.424495,15.076502,15.667747,15.070903,15.507036,15.004189,14.6310625,15.081117,15.298658,15.086024,15.885771,4.0,0.0,4.0,0.0,0.0,0.0,0.0,0.0
48305,2023.0,12.0,2.0,10.0,15.365456,15.8707075,18.665749,21.33881,15.022192,15.177556,15.043212,15.294771,14.99683,15.492768,15.033931,15.459572,15.736963,16.072691,15.019462,15.233078,15.0376625,15.796076,0.0,0.0,0.0,4.0,0.0,4.0,0.0,0.0
48306,2023.0,12.0,2.0,11.0,14.992849,15.179694,15.978369,15.669951,15.025371,15.232958,15.050439,15.310529,19.333992,23.013863,15.038987,15.494365,14.966131,14.497165,15.028296,15.297037,15.044384,15.818684,4.0,0.0,0.0,0.0,0.0,0.0,0.0,0.0
48307,2023.0,12.0,2.0,11.0,15.01269,15.215541,18.943716,21.632238,15.025848,15.273904,15.024752,15.310437,15.109673,15.252696,15.039139,15.51343,15.208446,15.039925,15.47431,16.140238,15.043451,15.82376,0.0,0.0,0.0,0.0,0.0,4.0,4.0,0.0
48308,2023.0,12.0,2.0,11.0,15.048515,15.343292,15.967509,15.423829,15.091766,15.397684,15.028433,15.354761,15.147878,15.461522,15.038469,15.525526,14.990265,14.62459,15.134575,15.3208,15.043573,15.829121,0.0,4.0,0.0,0.0,0.0,0.0,4.0,0.0
48309,2023.0,12.0,2.0,11.0,15.042037,15.3480215,15.086553,14.867389,15.093149,15.412863,15.028862,15.383824,15.022008,15.34478,15.039115,15.537847,15.033074,14.734033,15.057281,15.345035,15.043204,15.832141,0.0,4.0,0.0,0.0,0.0,0.0,0.0,0.0
48310,2023.0,12.0,2.0,11.0,15.082611,15.44114,15.032993,14.995309,15.09848,15.444907,15.007774,15.330833,15.06478,15.519964,15.0768175,15.620675,15.049083,14.784292,15.0897255,15.428936,15.086372,15.918428,0.0,0.0,4.0,0.0,0.0,0.0,0.0,0.0
48311,2023.0,12.0,2.0,11.0,15.014593,15.359327,15.025613,15.104688,15.042487,15.329847,15.06025,15.448369,15.031992,15.496966,15.033474,15.538759,15.741761,16.139702,15.039667,15.333591,15.03682,15.818914,0.0,0.0,0.0,0.0,0.0,4.0,0.0,0.0
48312,2023.0,12.0,2.0,12.0,15.025112,15.42235,15.006422,15.143802,15.049855,15.340857,15.01666,15.321082,15.038084,15.548856,15.039687,15.558437,14.942147,14.5224695,15.047153,15.355529,15.0439,15.835592,4.0,0.0,4.0,0.0,0.0,0.0,0.0,0.0
48313,2023.0,12.0,2.0,12.0,20.15703,24.257223,19.385098,22.859238,19.442535,22.926903,19.241941,22.57436,15.038017,15.575999,15.019334,15.505494,18.308744,20.30937,19.786583,23.609354,15.043327,15.834962,0.0,0.0,4.0,0.0,4.0,0.0,0.0,0.0
48314,2023.0,12.0,2.0,12.0,20.64574,24.602262,16.916996,17.4266,20.646828,24.548325,19.244062,22.159729,15.037231,15.588297,18.84713,22.1038,19.432848,22.051407,20.374462,24.131363,15.042273,15.827634,4.0,4.0,0.0,0.0,0.0,4.0,0.0,0.0
48315,2023.0,12.0,2.0,12.0,19.694643,22.508863,19.447205,22.49777,21.027967,24.76212,19.446558,22.175564,15.037274,15.593452,16.118198,16.288424,19.751745,22.238342,20.719639,24.307175,15.042097,15.818823,0.0,4.0,0.0,0.0,0.0,4.0,0.0,0.0
48316,2023.0,12.0,2.0,12.0,20.546227,23.708405,17.126701,17.560225,20.188667,22.916655,19.827385,22.559074,15.037006,15.593624,15.061367,15.231098,19.49765,21.503662,21.141684,24.704315,15.041785,15.808921,4.0,0.0,0.0,0.0,0.0,0.0,0.0,0.0
48317,2023.0,12.0,2.0,12.0,20.402163,23.2648,19.595278,22.540663,20.435524,23.175915,21.043875,24.520458,15.037005,15.592307,15.031789,15.27747,20.438028,22.94834,21.114841,24.371927,15.041687,15.799271,4.0,0.0,0.0,0.0,0.0,4.0,0.0,0.0
48318,2023.0,12.0,2.0,13.0,20.410263,23.11085,19.77982,22.516504,20.480728,23.081755,21.126932,24.404032,15.036907,15.590048,15.035993,15.352113,20.57268,22.944881,21.69371,25.189222,15.041004,15.788085,4.0,0.0,0.0,0.0,0.0,4.0,0.0,0.0
48319,2023.0,12.0,2.0,13.0,21.06053,24.083239,20.012335,22.641392,21.185158,24.210659,21.12111,24.20573,15.036751,15.58692,15.015019,15.33454,20.082016,21.90739,21.867632,25.270662,15.041024,15.778386,4.0,4.0,0.0,0.0,4.0,0.0,0.0,0.0
48320,2023.0,12.0,2.0,13.0,21.051014,23.917282,19.816608,22.143747,21.110378,23.951567,21.098372,24.008244,15.036656,15.582872,18.714697,21.67122,20.746796,22.97062,21.921082,25.213728,15.040795,15.769364,0.0,0.0,4.0,0.0,0.0,4.0,0.0,0.0
48321,2023.0,12.0,2.0,13.0,20.731848,23.215559,16.684656,16.035696,20.772701,23.172474,21.100327,23.914846,15.036527,15.578946,16.169443,16.309122,20.296118,22.024282,22.096142,25.313738,15.040562,15.761216,0.0,0.0,4.0,0.0,0.0,0.0,0.0,0.0
48322,2023.0,12.0,2.0,13.0,21.148413,23.879509,15.966519,15.796373,21.151527,23.748093,21.139006,23.864119,15.036694,15.5775585,15.03587,15.106848,20.675278,22.632034,21.821035,24.50876,15.0403595,15.754387,4.0,4.0,0.0,0.0,0.0,0.0,0.0,0.0
48323,2023.0,12.0,2.0,13.0,21.534208,24.378597,20.08548,23.216738,21.280544,23.865454,21.474365,24.248852,15.03666,15.576703,15.033902,15.219417,20.80274,22.772163,22.899864,26.472092,15.040408,15.748964,0.0,0.0,4.0,0.0,0.0,0.0,0.0,0.0
48324,2023.0,12.0,2.0,14.0,21.02715,23.420631,17.36397,17.52817,21.109877,23.482801,21.069485,23.478323,15.036394,15.575126,15.033496,15.295053,21.67909,24.258575,22.320131,25.156023,15.040215,15.743507,0.0,0.0,0.0,0.0,0.0,0.0,0.0,0.0
48325,2023.0,12.0,2.0,14.0,17.866764,17.388422,15.544969,15.12077,18.995787,19.41587,18.2157,17.960356,15.035654,15.575507,15.03415,15.349791,18.948866,18.85264,19.952765,20.494793,15.039598,15.739206,0.0,4.0,4.0,0.0,0.0,0.0,4.0,0.0
48326,2023.0,12.0,2.0,14.0,16.12428,15.226761,15.018642,14.53682,17.842855,18.035421,16.118364,15.053982,15.036254,15.581799,15.0352545,15.395487,17.55568,17.1048,18.175556,18.096174,15.040416,15.742466,0.0,4.0,0.0,0.0,0.0,0.0,4.0,0.0
48327,2023.0,12.0,2.0,14.0,15.506258,14.594308,15.025288,14.77214,16.178106,15.197407,15.318521,14.195331,15.036593,15.589863,15.035571,15.42969,17.097641,16.632605,16.66219,15.784403,15.040605,15.74856,0.0,0.0,0.0,0.0,0.0,0.0,0.0,0.0
48328,2023.0,12.0,2.0,14.0,16.306854,16.54839,15.02134,14.920963,15.256251,14.123935,15.342539,14.72875,15.037865,15.602872,15.036116,15.4578495,17.605413,17.895658,15.815616,14.877582,15.041104,15.757378,0.0,0.0,0.0,0.0,0.0,4.0,0.0,0.0
48329,2023.0,12.0,2.0,14.0,15.347875,14.634939,15.026501,15.026285,15.00912,14.059596,15.989986,16.140627,15.037705,15.612508,15.016395,15.425803,16.453896,15.613138,16.474226,16.564404,15.041187,15.766176,4.0,0.0,4.0,0.0,4.0,0.0,4.0,0.0
48330,2023.0,12.0,2.0,15.0,15.420382,15.243683,20.025248,23.853563,15.758792,15.765614,16.145777,16.422682,15.0383,15.623643,19.240324,22.644648,15.688709,14.715467,15.575577,14.800353,15.041139,15.774519,4.0,4.0,4.0,0.0,0.0,0.0,0.0,0.0
48331,2023.0,12.0,2.0,15.0,15.477651,15.3794775,19.50057,22.352129,14.987325,14.359273,14.98401,14.465447,15.038166,15.632224,16.390429,16.624676,15.37144,14.395246,14.991044,14.265698,15.041489,15.78288,0.0,0.0,0.0,0.0,0.0,0.0,0.0,0.0
48332,2023.0,12.0,2.0,15.0,14.986503,14.657872,16.465336,16.17959,15.0453825,14.634595,15.040965,14.682807,15.038446,15.64014,15.026175,15.086292,16.581213,16.96824,15.033558,14.559136,15.041842,15.791384,4.0,0.0,4.0,0.0,0.0,4.0,0.0,0.0
48333,2023.0,12.0,2.0,15.0,15.12873,15.036019,19.44069,22.145266,15.032977,14.724536,15.039237,14.839957,15.038816,15.64876,15.036745,15.236506,15.629257,14.793375,15.011821,14.705396,15.042018,15.799431,0.0,0.0,0.0,0.0,0.0,0.0,0.0,0.0
48334,2023.0,12.0,2.0,15.0,15.11894,15.060525,16.767658,16.536055,15.487926,15.698594,15.0382805,14.921321,15.001925,15.554822,15.034705,15.319259,14.994967,14.103906,15.01682,14.855639,15.042138,15.807206,4.0,4.0,0.0,4.0,0.0,0.0,0.0,0.0
48335,2023.0,12.0,2.0,15.0,15.040498,14.99166,19.961185,22.947752,15.650415,15.94869,15.457143,15.484689,19.442938,23.277733,15.036358,15.388994,15.645334,15.484165,16.220856,15.891505,15.04256,15.815452,4.0,4.0,0.0,0.0,0.0,4.0,0.0,0.0
48336,2023.0,12.0,2.0,16.0,15.855045,16.304464,20.027613,22.708439,15.72938,15.8738785,15.450684,15.209063,15.1336355,15.344886,15.036537,15.437184,14.989384,14.284995,15.721283,15.977899,14.997971,15.701684,4.0,4.0,0.0,0.0,0.0,0.0,0.0,4.0
48337,2023.0,12.0,2.0,16.0,15.095043,15.066309,20.147793,22.662031,15.410949,15.115199,16.686628,16.729729,15.14698,15.510299,15.036939,15.469925,15.500962,15.371056,16.926643,17.038023,18.638231,22.0164,4.0,4.0,0.0,0.0,0.0,4.0,0.0,0.0
48338,2023.0,12.0,2.0,16.0,15.334381,15.271163,20.132711,22.463531,16.25768,16.89187,15.628625,15.942607,15.071947,15.435167,15.03711,15.491839,15.67671,15.560246,15.363399,15.04842,15.838149,16.068165,0.0,0.0,4.0,4.0,0.0,4.0,0.0,4.0
48339,2023.0,12.0,2.0,16.0,15.015541,15.020393,17.323235,16.933704,14.959026,14.649383,14.989013,14.902357,19.799894,23.406664,15.036938,15.507208,14.963292,14.370296,15.01667,14.936178,20.226902,24.165768,4.0,0.0,0.0,4.0,0.0,0.0,0.0,4.0
48340,2023.0,12.0,2.0,16.0,15.799904,16.273897,20.06367,22.585787,15.846645,15.335526,15.76285,16.146955,20.122242,23.673492,15.038132,15.524835,15.611808,15.4514065,16.016624,15.65722,19.758297,23.108124,0.0,4.0,0.0,4.0,0.0,0.0,0.0,0.0
48341,2023.0,12.0,2.0,16.0,14.951413,14.868428,17.363434,17.053495,15.007941,14.875277,15.199663,15.050318,20.06355,23.208673,15.037589,15.537642,15.056322,14.4836235,14.985433,15.024401,15.963046,15.522173,4.0,0.0,4.0,0.0,0.0,0.0,0.0,0.0
48342,2023.0,12.0,2.0,17.0,15.475453,15.98731,20.156563,22.840181,15.802332,15.357805,15.795573,16.20459,16.416534,15.936498,15.038841,15.552923,15.950966,16.410576,15.951336,15.661214,15.259091,15.305974,4.0,4.0,0.0,0.0,0.0,4.0,0.0,4.0
48343,2023.0,12.0,2.0,17.0,15.153418,15.212175,20.080921,22.423338,15.712651,15.949628,16.11427,16.774578,15.008868,14.54807,15.03884,15.562517,15.475262,15.131748,15.919526,16.586864,19.571547,22.811325,0.0,4.0,0.0,0.0,0.0,0.0,0.0,0.0
48344,2023.0,12.0,2.0,17.0,15.008363,15.11601,17.003582,16.36057,14.995898,14.856542,15.51553,15.830219,15.03419,14.913878,15.038614,15.567657,15.03396,14.571936,16.502663,17.248709,15.911521,15.523195,0.0,4.0,4.0,0.0,0.0,0.0,4.0,0.0
48345,2023.0,12.0,2.0,17.0,15.009109,15.165614,15.7957,15.225617,15.019844,14.985923,14.972246,14.906514,15.358593,15.748507,15.039425,15.57575,15.374605,15.274705,15.588154,15.772956,15.094184,15.163301,0.0,4.0,0.0,4.0,0.0,4.0,4.0,0.0
48346,2023.0,12.0,2.0,17.0,15.009934,15.203564,15.971844,15.853111,15.014899,15.037797,15.050589,15.134153,18.869577,21.734262,15.039974,15.5845175,14.971228,14.53726,14.977816,14.929758,15.029405,15.251328,4.0,4.0,0.0,0.0,0.0,0.0,0.0,0.0
48347,2023.0,12.0,2.0,17.0,15.728895,15.574408,20.145557,23.344276,15.635841,15.233173,15.634251,15.22759,15.6733465,15.181467,15.040478,15.592632,15.629759,15.608352,15.780012,16.26443,15.037788,15.421689,0.0,4.0,4.0,0.0,0.0,0.0,0.0,0.0
48348,2023.0,12.0,2.0,18.0,14.993427,15.179889,17.701963,18.117914,15.01049,15.082508,15.012656,15.094068,15.087774,15.124947,15.040082,15.596908,15.391485,15.271331,15.025885,15.074689,15.037805,15.52445,4.0,4.0,4.0,4.0,0.0,4.0,0.0,0.0
48349,2023.0,12.0,2.0,18.0,19.764769,23.567505,20.2305,23.321892,19.710592,23.338669,19.705559,23.346409,19.156378,22.117104,15.040825,15.602592,19.393366,22.087412,19.490147,22.718672,15.098658,15.673606,4.0,4.0,4.0,0.0,0.0,4.0,0.0,4.0
48350,2023.0,12.0,2.0,18.0,19.282324,22.217543,19.82214,22.224205,19.340246,22.19997,19.768227,22.93727,15.7026415,15.20388,15.040324,15.603304,19.533268,22.08736,20.379253,24.025587,18.532898,21.680048,0.0,0.0,4.0,0.0,0.0,4.0,0.0,0.0
48351,2023.0,12.0,2.0,18.0,19.558249,22.32203,17.002653,16.597643,20.126762,23.145168,19.646585,22.335579,15.100633,15.185941,15.039849,15.60034,19.868324,22.319025,20.794685,24.314882,14.947452,15.066531,4.0,4.0,0.0,0.0,0.0,4.0,0.0,0.0
48352,2023.0,12.0,2.0,18.0,20.53361,23.751205,20.06258,22.715303,20.60378,23.684603,20.540777,23.635,15.022962,15.19376,15.040483,15.6002865,20.260235,22.757265,21.203693,24.712202,15.128516,15.530848,4.0,4.0,4.0,0.0,0.0,4.0,0.0,0.0
48353,2023.0,12.0,2.0,18.0,20.202936,22.92022,19.998207,22.319963,20.310621,22.92946,20.243076,22.878843,15.036135,15.323497,15.039906,15.597133,19.78061,21.69989,21.171736,24.40792,15.02561,15.452782,0.0,0.0,0.0,0.0,0.0,0.0,0.0,0.0
48354,2023.0,12.0,2.0,19.0,20.444904,23.146908,16.916021,16.238113,21.029627,23.947018,20.467758,23.07973,15.033642,15.390621,15.039495,15.592479,19.949352,21.847292,21.118834,24.117853,15.03852,15.550176,0.0,4.0,0.0,0.0,0.0,0.0,0.0,0.0
48355,2023.0,12.0,2.0,19.0,21.183603,24.35646,16.160624,15.920757,21.116936,23.909254,21.161564,24.194859,15.034812,15.442733,15.040364,15.592705,20.951227,23.460312,22.20328,25.855164,15.037611,15.595535,4.0,4.0,4.0,0.0,0.0,4.0,0.0,0.0
48356,2023.0,12.0,2.0,19.0,21.104992,24.053009,20.201706,23.20127,21.15098,23.838337,21.1267,23.92297,15.035454,15.47947,15.040664,15.593109,21.1678,23.647661,22.50156,26.1477,15.053756,15.613201,4.0,0.0,4.0,0.0,0.0,4.0,0.0,4.0
48357,2023.0,12.0,2.0,19.0,21.611639,24.942024,20.079391,22.57814,21.37467,24.145815,21.154224,23.867197,14.998727,15.402406,15.020478,15.534164,20.683218,22.663273,21.820812,24.965414,18.804657,22.133781,0.0,4.0,0.0,4.0,4.0,0.0,0.0,0.0
48358,2023.0,12.0,2.0,19.0,21.090263,23.809896,17.180994,16.763145,21.122063,23.542976,21.128162,23.675814,19.465515,22.969872,19.298521,22.814445,20.609528,22.456486,22.427172,25.8214,14.968214,15.061848,4.0,4.0,4.0,0.0,4.0,0.0,0.0,0.0
48359,2023.0,12.0,2.0,19.0,21.122133,23.749775,19.649374,21.901854,21.10539,23.484295,21.024298,23.457172,15.1324835,15.201505,19.872835,23.422523,20.508463,22.233591,21.07496,23.3236,15.088882,15.401458,0.0,0.0,0.0,0.0,4.0,0.0,0.0,4.0
48360,2023.0,12.0,2.0,20.0,20.827768,23.182276,17.138472,16.732937,21.128073,23.432667,21.147062,23.57417,15.1431465,15.390234,18.896652,21.274628,21.115355,23.305101,22.110651,25.166155,19.529573,22.968885,4.0,4.0,4.0,0.0,0.0,0.0,0.0,4.0
48361,2023.0,12.0,2.0,20.0,21.151056,23.674215,19.81067,22.176191,21.116575,23.35778,20.922571,23.135265,15.017762,15.268398,15.724539,14.99723,21.20796,23.386375,20.970186,23.054813,19.693789,22.962263,4.0,4.0,0.0,0.0,0.0,0.0,0.0,4.0
48362,2023.0,12.0,2.0,20.0,21.367786,23.956833,20.06903,22.362724,21.448835,23.87105,20.976334,23.196848,15.039216,15.386095,15.095556,14.898118,21.340315,23.56063,21.943098,24.777283,20.117178,23.36148,4.0,4.0,0.0,0.0,0.0,0.0,0.0,4.0
48363,2023.0,12.0,2.0,20.0,21.51475,24.135824,20.123407,22.259773,21.174294,23.359028,22.332357,25.520807,15.035123,15.429299,15.026735,14.989312,21.382652,23.56993,22.289112,25.313927,20.11724,23.073786,4.0,0.0,4.0,0.0,0.0,0.0,0.0,4.0
48364,2023.0,12.0,2.0,20.0,21.562561,24.139593,20.1154,22.105059,21.631557,24.093843,22.476274,25.639036,15.036396,15.466649,15.038607,15.159617,21.41653,23.571213,22.353893,25.329689,19.857805,22.450283,4.0,4.0,4.0,0.0,0.0,0.0,0.0,0.0
48365,2023.0,12.0,2.0,20.0,21.196798,23.453642,20.116467,22.009573,21.296265,23.446241,21.36294,23.557016,14.999096,15.397518,15.0362015,15.254545,22.135653,24.7414,22.500607,25.48761,16.423084,15.72998,4.0,0.0,0.0,4.0,0.0,4.0,0.0,0.0
48366,2023.0,12.0,2.0,21.0,21.764011,24.40261,20.115543,21.9353,21.35398,23.530256,21.336681,23.51544,19.097157,22.335917,15.037064,15.324972,21.791433,23.947834,22.664154,25.708565,14.985801,14.30617,4.0,0.0,0.0,0.0,0.0,4.0,0.0,0.0
48367,2023.0,12.0,2.0,21.0,21.863878,24.473183,20.131403,21.925117,21.957077,24.507986,21.369654,23.541636,15.9491625,15.838271,15.037507,15.374422,21.026735,22.569786,22.434458,25.143347,15.305962,15.25671,0.0,4.0,0.0,4.0,0.0,0.0,0.0,4.0
48368,2023.0,12.0,2.0,21.0,21.028925,22.969711,17.568735,16.957417,21.07462,23.041773,21.036495,22.98492,19.015694,21.758274,15.017381,15.359932,21.753366,23.79669,20.902912,22.444393,19.507883,22.41865,4.0,4.0,4.0,0.0,4.0,4.0,4.0,0.0
48369,2023.0,12.0,2.0,21.0,21.484957,23.758718,20.145262,22.296524,21.728962,24.050959,21.679382,24.006071,16.22035,16.056015,19.193644,22.348475,21.945223,24.100775,21.801367,24.070984,16.656324,16.610563,0.0,4.0,4.0,4.0,0.0,4.0,0.0,4.0
48370,2023.0,12.0,2.0,21.0,21.030277,22.9313,17.575926,17.081182,21.000256,22.76583,21.108084,23.098919,19.30521,22.025768,16.513414,16.84533,21.040487,22.416683,22.206532,24.89614,19.739868,22.624323,4.0,0.0,4.0,0.0,4.0,4.0,4.0,0.0
48371,2023.0,12.0,2.0,21.0,21.502337,23.782486,20.189354,22.499933,21.527657,23.68863,21.43955,23.658222,15.932086,15.286462,19.551723,22.562258,21.27936,22.925636,22.327837,24.956306,16.195572,15.564627,4.0,0.0,0.0,0.0,0.0,0.0,0.0,0.0
48372,2023.0,12.0,2.0,22.0,22.129616,24.808187,20.080902,22.06158,21.956001,24.311218,21.465542,23.625738,15.095736,14.914559,16.612747,16.665005,21.800968,23.78453,22.230787,24.691046,15.376496,15.315102,0.0,4.0,0.0,0.0,0.0,4.0,0.0,4.0
48373,2023.0,12.0,2.0,22.0,20.989933,22.742922,17.134356,16.281712,20.99173,22.597662,21.072887,22.912912,15.022924,14.997927,14.983831,14.73468,21.850788,23.741564,22.28015,24.641909,19.641985,22.598791,0.0,0.0,0.0,0.0,0.0,4.0,0.0,0.0
48374,2023.0,12.0,2.0,22.0,21.115496,23.01644,16.443851,16.077343,21.1449,22.938805,21.101904,23.047642,15.03534,15.170156,15.030209,15.017712,20.975077,22.16683,20.908884,22.29795,16.073473,15.44508,4.0,0.0,0.0,0.0,4.0,4.0,0.0,0.0
48375,2023.0,12.0,2.0,22.0,21.508644,23.706705,20.22378,22.916859,21.77871,24.065315,22.062193,24.638315,15.034309,15.270892,19.373447,22.386986,21.994772,24.043747,22.055662,24.42395,15.063594,14.795483,0.0,4.0,0.0,0.0,0.0,4.0,0.0,0.0
48376,2023.0,12.0,2.0,22.0,21.030226,22.82969,18.037676,18.31303,20.95876,22.591377,20.923525,22.609486,15.035041,15.344406,16.73332,17.008835,20.985952,22.17141,20.908983,22.391447,15.025482,14.962555,4.0,0.0,4.0,0.0,4.0,4.0,0.0,0.0
48377,2023.0,12.0,2.0,22.0,22.153852,24.74052,20.229658,22.865822,21.327349,23.19838,21.194607,23.233639,15.036066,15.397867,19.886929,22.918098,21.908035,23.804224,21.213226,23.104828,15.227518,15.503435,0.0,0.0,0.0,0.0,0.0,4.0,0.0,4.0
48378,2023.0,12.0,2.0,23.0,20.949749,22.588966,18.04188,18.293697,21.052107,22.716955,21.106613,22.998428,15.036188,15.434983,16.912643,16.968214,21.460182,22.95543,21.493036,23.728212,20.0863,23.742626,4.0,0.0,4.0,0.0,0.0,0.0,0.0,0.0
48379,2023.0,12.0,2.0,23.0,18.761,18.470507,16.028137,15.180664,18.931202,18.750795,18.133207,17.312616,15.036808,15.464124,14.998358,14.605674,18.744665,17.75356,18.756868,18.477295,16.071745,15.57405,4.0,0.0,0.0,0.0,0.0,0.0,0.0,0.0
48380,2023.0,12.0,2.0,23.0,16.92834,15.855033,14.974271,13.800967,17.541567,16.942276,16.348463,15.006284,15.008337,15.416122,15.049398,14.955055,17.328972,16.090885,17.494425,17.008993,15.089213,15.022323,0.0,0.0,0.0,4.0,0.0,0.0,0.0,0.0
48381,2023.0,12.0,2.0,23.0,16.14821,15.000334,15.05478,14.190923,16.941456,16.275675,16.30362,15.555442,15.016319,15.461609,15.035361,15.09114,17.417448,16.795225,16.95282,16.451395,15.025096,15.094623,0.0,0.0,0.0,4.0,0.0,0.0,0.0,0.0
48382,2023.0,12.0,2.0,23.0,15.694009,14.556243,15.01696,14.33368,16.536394,15.861629,16.177507,15.528254,15.039709,15.4853115,15.041384,15.216448,17.283617,16.72198,16.548958,16.052694,15.1254225,15.408136,0.0,0.0,0.0,4.0,0.0,0.0,0.0,4.0
48383,2023.0,12.0,2.0,23.0,15.916301,15.381638,15.356255,15.144662,16.227142,15.575016,15.918605,15.294919,15.036107,15.468245,15.037177,15.289152,17.037691,16.501213,16.228067,15.756519,15.003251,15.209965,4.0,0.0,0.0,4.0,0.0,0.0,0.0,4.0
48384,2023.0,12.0,3.0,0.0,15.899814,15.478178,14.961163,14.487634,15.947022,15.300572,15.66286,15.045263,15.068066,15.538761,15.040573,15.354073,16.800077,16.273317,15.938353,15.477269,15.068801,15.404685,0.0,0.0,0.0,0.0,0.0,0.0,0.0,0.0
48385,2023.0,12.0,3.0,0.0,15.723081,15.313389,15.024583,14.742345,15.693443,15.043558,15.427505,14.806735,15.1188,15.627572,15.073272,15.470986,16.57819,16.04474,15.678428,15.221068,15.101251,15.500622,0.0,0.0,0.0,0.0,0.0,0.0,0.0,0.0
48386,2023.0,12.0,3.0,0.0,15.535343,15.124962,15.028693,14.81663,15.483204,14.844896,15.231169,14.620473,15.0742655,15.564804,15.04902,15.428231,16.387077,15.857618,15.44998,14.993827,15.062012,15.4712925,0.0,0.0,0.0,0.0,4.0,0.0,0.0,0.0
48387,2023.0,12.0,3.0,0.0,15.364113,14.955661,15.033413,14.889103,15.296329,14.668743,15.056145,14.45462,15.076625,15.609401,15.05207,15.474728,16.216444,15.6904125,15.244583,14.79253,15.066802,15.53488,0.0,0.0,0.0,0.0,4.0,0.0,0.0,0.0
48388,2023.0,12.0,3.0,0.0,15.228465,14.841847,15.036519,14.944668,15.128315,14.510671,15.006505,14.514698,15.028618,15.504997,15.053475,15.500149,16.062977,15.539926,15.059891,14.611424,15.0711565,15.580228,0.0,0.0,0.0,4.0,4.0,0.0,0.0,0.0
48389,2023.0,12.0,3.0,0.0,15.101301,14.725639,15.039159,14.991202,15.001469,14.417082,15.013508,14.636686,15.124492,15.711668,15.081001,15.590652,15.923975,15.403542,15.008599,14.671184,15.073603,15.612604,0.0,0.0,0.0,0.0,0.0,0.0,0.0,0.0
48390,2023.0,12.0,3.0,1.0,15.001122,14.651418,15.041284,15.030529,15.009633,14.564332,15.018756,14.725083,15.124228,15.6681385,15.056022,15.527983,15.797228,15.279084,15.015027,14.781796,15.07549,15.639261,0.0,0.0,0.0,0.0,4.0,0.0,0.0,0.0
48391,2023.0,12.0,3.0,1.0,15.006858,14.768072,15.003631,14.960792,15.015362,14.657058,15.022521,14.797621,15.027927,15.487911,15.083797,15.625158,15.685861,15.174711,15.020907,14.859578,15.076198,15.660043,4.0,0.0,0.0,4.0,0.0,0.0,0.0,0.0
48392,2023.0,12.0,3.0,1.0,15.012446,14.84548,15.045526,15.11553,15.018986,14.733635,15.02579,14.859143,15.126407,15.725531,15.083123,15.621472,15.585323,15.080897,15.024538,14.920675,15.076023,15.676673,0.0,0.0,0.0,0.0,0.0,0.0,0.0,0.0
48393,2023.0,12.0,3.0,1.0,15.009575,14.8924,15.020357,15.082107,15.012944,14.776527,15.014727,14.883059,15.024319,15.477115,15.038003,15.549821,16.361013,16.640448,15.015779,14.945313,15.035477,15.618936,0.0,0.0,0.0,4.0,0.0,4.0,0.0,0.0
48394,2023.0,12.0,3.0,1.0,15.0118885,14.946202,15.024385,15.11446,15.015073,14.832707,15.017365,14.932256,15.071005,15.596766,15.04395,15.572924,15.791503,15.319003,15.018536,14.990902,15.005133,15.5501585,0.0,0.0,0.0,0.0,0.0,0.0,0.0,4.0
48395,2023.0,12.0,3.0,1.0,15.012843,14.991026,15.002191,15.071414,15.015727,14.879352,15.018021,14.972329,15.032317,15.496306,15.0430355,15.580534,14.94603,14.051868,15.019238,15.026632,15.04866,15.686687,4.0,0.0,0.0,4.0,0.0,0.0,0.0,0.0
48396,2023.0,12.0,3.0,2.0,15.024169,15.054935,15.049977,15.220281,15.029844,14.951523,15.034829,15.043347,15.123381,15.713053,15.084705,15.669727,15.023282,14.325385,15.035613,15.091764,15.120096,15.794411,0.0,0.0,0.0,0.0,0.0,0.0,0.0,0.0
48397,2023.0,12.0,3.0,2.0,15.01225,15.062099,14.997663,15.105683,15.014668,14.954185,15.016618,15.035212,15.026018,15.554839,15.018085,15.528558,15.181135,14.712314,15.016325,15.07558,15.025534,15.628106,4.0,0.0,0.0,0.0,4.0,0.0,0.0,0.0
48398,2023.0,12.0,3.0,2.0,15.026685,15.126444,15.10463,15.314544,15.033273,15.028791,15.037615,15.109737,15.079299,15.699697,15.084823,15.693821,15.173682,14.71002,15.037813,15.146118,15.079576,15.757576,0.0,0.0,0.0,0.0,0.0,0.0,0.0,0.0
48399,2023.0,12.0,3.0,2.0,15.027675,15.154272,15.094795,15.244461,15.034115,15.056429,15.0387535,15.133501,15.079083,15.704173,15.082731,15.671925,15.119275,14.664075,15.038488,15.160879,15.079218,15.752608,0.0,0.0,0.0,0.0,0.0,0.0,0.0,0.0
48400,2023.0,12.0,3.0,2.0,15.028267,15.183748,15.043016,15.188911,15.03531,15.087494,15.039416,15.160098,15.079779,15.722206,15.082384,15.676025,15.06602,14.619243,15.041663,15.189541,15.079235,15.7635,0.0,0.0,0.0,0.0,0.0,0.0,0.0,0.0
48401,2023.0,12.0,3.0,2.0,15.029579,15.212746,15.045633,15.236257,15.0366535,15.116757,15.040496,15.185938,15.079375,15.73304,15.082006,15.677755,15.01584,14.577347,15.042686,15.210667,15.018773,15.617147,0.0,0.0,0.0,0.0,0.0,0.0,0.0,4.0
48402,2023.0,12.0,3.0,3.0,15.031039,15.24036,15.046789,15.261994,15.037492,15.14361,15.040192,15.207205,15.030976,15.617424,15.081597,15.680173,15.002092,14.602749,15.043164,15.230544,15.117953,15.847346,0.0,0.0,0.0,4.0,0.0,0.0,0.0,0.0
48403,2023.0,12.0,3.0,3.0,15.031239,15.26263,15.048038,15.285827,15.038743,15.170085,15.040578,15.228091,15.074194,15.692352,15.080733,15.682009,15.004604,14.644311,15.044237,15.250904,15.113345,15.786933,0.0,0.0,0.0,4.0,0.0,0.0,0.0,0.0
48404,2023.0,12.0,3.0,3.0,15.031936,15.284718,15.0481825,15.30442,15.039621,15.194582,15.041302,15.248363,15.120211,15.788064,15.080616,15.685647,15.005911,14.674958,15.044272,15.268362,15.075838,15.742833,0.0,0.0,0.0,0.0,0.0,0.0,0.0,0.0
48405,2023.0,12.0,3.0,3.0,15.032579,15.305303,15.048996,15.322676,15.039579,15.215761,15.042261,15.268072,15.11673,15.74927,15.053606,15.618393,15.007774,14.703696,15.044497,15.285965,15.07689,15.770743,0.0,0.0,0.0,0.0,4.0,0.0,0.0,0.0
48406,2023.0,12.0,3.0,3.0,15.032942,15.324326,15.049229,15.338033,15.040436,15.237521,15.042509,15.285484,15.075027,15.700483,15.080774,15.70843,15.009043,14.728205,15.045248,15.303958,15.07777,15.785496,0.0,0.0,0.0,0.0,0.0,0.0,0.0,0.0
48407,2023.0,12.0,3.0,3.0,15.034106,15.344153,15.049966,15.353511,15.040242,15.255372,15.043311,15.303473,15.077275,15.735504,15.079464,15.699148,15.009728,14.74971,15.046583,15.322395,15.078145,15.797636,0.0,0.0,0.0,0.0,0.0,0.0,0.0,0.0
48408,2023.0,12.0,3.0,4.0,15.034692,15.361825,15.050069,15.36679,15.0408745,15.274244,15.044037,15.32054,15.077411,15.750434,15.079114,15.702775,15.010614,14.770179,15.046729,15.337785,15.077721,15.806467,0.0,0.0,0.0,0.0,0.0,0.0,0.0,0.0
48409,2023.0,12.0,3.0,4.0,15.035748,15.379777,15.050971,15.381012,15.203525,15.566833,15.160745,15.52297,15.078039,15.764259,15.079039,15.705428,15.011098,14.788359,15.046987,15.353099,15.078123,15.815734,0.0,4.0,4.0,0.0,0.0,0.0,0.0,0.0
48410,2023.0,12.0,3.0,4.0,15.036536,15.396313,15.051557,15.393674,15.078625,15.292175,15.082281,15.35279,15.077683,15.77318,15.078662,15.707359,15.012868,14.807733,15.048138,15.368944,15.077592,15.821353,0.0,0.0,0.0,0.0,0.0,0.0,0.0,0.0
48411,2023.0,12.0,3.0,4.0,15.038247,15.413161,15.051698,15.405033,15.0792885,15.318179,15.082457,15.362139,15.07932,15.78434,15.051996,15.639605,15.0136,14.82372,15.048619,15.382851,15.078811,15.829981,0.0,0.0,0.0,0.0,4.0,0.0,0.0,0.0
48412,2023.0,12.0,3.0,4.0,15.038687,15.427046,15.052313,15.416845,15.04002,15.275311,15.042569,15.317681,15.07924,15.790093,15.079089,15.727977,15.014357,14.839285,15.048904,15.396184,15.079039,15.835538,0.0,0.0,0.0,0.0,0.0,0.0,0.0,0.0
48413,2023.0,12.0,3.0,4.0,15.03894,15.441265,15.052228,15.426837,15.042298,15.317784,15.044521,15.358001,15.078593,15.794171,15.07804,15.717642,15.014259,14.852443,15.050453,15.411541,15.078728,15.8399105,0.0,0.0,0.0,0.0,0.0,0.0,0.0,0.0
48414,2023.0,12.0,3.0,5.0,15.038929,15.45446,15.052793,15.438025,15.043601,15.341885,15.04628,15.381861,15.029606,15.671207,15.051925,15.649613,15.015399,14.866863,15.050466,15.4223585,15.077974,15.842396,0.0,0.0,0.0,4.0,4.0,0.0,0.0,0.0
48415,2023.0,12.0,3.0,5.0,15.039601,15.46816,15.053217,15.447898,15.044927,15.363602,15.047291,15.40169,15.080185,15.829013,15.052625,15.662972,15.015884,14.877365,15.0513525,15.433237,15.017514,15.689836,0.0,0.0,0.0,0.0,4.0,0.0,0.0,4.0
48416,2023.0,12.0,3.0,5.0,15.018261,15.441237,15.02414,15.404791,15.021097,15.336576,15.021989,15.371239,15.032898,15.73068,15.039489,15.660138,15.008038,14.873308,15.512512,16.278864,15.065926,15.809192,0.0,0.0,0.0,0.0,0.0,0.0,4.0,0.0
48417,2023.0,12.0,3.0,5.0,15.021991,15.46194,15.028942,15.425368,15.025232,15.361379,15.02639,15.3960905,15.041254,15.751317,15.04009,15.664642,15.010173,14.889019,14.970443,15.220767,15.054345,15.770141,0.0,0.0,0.0,0.0,0.0,0.0,0.0,0.0
48418,2023.0,12.0,3.0,5.0,15.042246,15.514541,15.055899,15.488345,15.105865,15.495284,15.050862,15.458958,15.081122,15.832181,15.079497,15.74311,15.018356,14.917632,15.08214,15.46645,15.077997,15.836252,0.0,4.0,0.0,0.0,0.0,0.0,0.0,0.0
48419,2023.0,12.0,3.0,5.0,15.019363,15.47786,15.024941,15.433375,15.003388,15.276598,15.022975,15.413386,15.034656,15.74062,15.034316,15.652814,15.631604,16.081352,15.035022,15.3608,15.034576,15.763368,0.0,4.0,0.0,0.0,0.0,4.0,0.0,0.0
48420,2023.0,12.0,3.0,6.0,15.023015,15.496173,15.02983,15.452588,15.05187,15.398119,15.027572,15.43499,15.041278,15.758344,15.025284,15.624682,14.944946,14.680821,15.026622,15.382543,15.04105,15.788449,0.0,0.0,0.0,0.0,4.0,0.0,0.0,0.0
48421,2023.0,12.0,3.0,6.0,19.394033,23.039633,15.029733,15.460307,18.762886,21.763351,20.089516,24.110136,15.04099,15.76074,18.87327,22.240946,18.308695,20.435472,19.76685,23.62875,15.040771,15.796221,0.0,0.0,4.0,0.0,0.0,0.0,0.0,0.0
48422,2023.0,12.0,3.0,6.0,20.225763,23.987402,15.029441,15.465586,19.511698,22.606005,20.423506,24.173733,15.040606,15.758131,16.119064,16.370695,18.87983,21.20833,20.548567,24.441856,15.004438,15.698063,0.0,0.0,0.0,0.0,0.0,0.0,0.0,4.0
48423,2023.0,12.0,3.0,6.0,20.646067,24.354158,15.029939,15.472005,20.651033,24.29215,20.79283,24.452873,15.010948,15.671065,15.068018,15.337128,19.877256,22.712147,20.997316,24.830635,20.12207,24.609356,0.0,0.0,0.0,4.0,0.0,0.0,0.0,4.0
48424,2023.0,12.0,3.0,6.0,20.839848,24.344772,15.030162,15.478321,20.916239,24.383482,20.983301,24.442686,19.089643,22.749352,15.033796,15.391855,20.130087,22.834835,21.156305,24.72509,19.822296,23.44369,0.0,0.0,0.0,0.0,0.0,0.0,0.0,4.0
48425,2023.0,12.0,3.0,6.0,21.13296,24.575916,15.030278,15.484477,21.14782,24.505175,21.141027,24.46024,15.9645815,16.140755,15.037864,15.470681,20.451576,23.128633,21.58596,25.172934,19.761793,22.949009,0.0,0.0,0.0,0.0,0.0,0.0,0.0,0.0
48426,2023.0,12.0,3.0,7.0,21.117964,24.356274,15.0305195,15.490867,21.115185,24.21924,21.117125,24.213764,15.04883,15.378562,15.021951,15.472367,21.538649,24.791334,22.113285,25.842766,16.171917,15.753267,0.0,0.0,0.0,4.0,4.0,4.0,0.0,0.0
48427,2023.0,12.0,3.0,7.0,21.010468,23.98328,15.030946,15.497182,21.094313,23.999088,21.11786,24.069624,19.001553,22.158003,19.100689,22.533846,21.089867,23.749504,22.317299,25.977695,15.439017,15.575495,0.0,4.0,0.0,0.0,0.0,0.0,0.0,4.0
48428,2023.0,12.0,3.0,7.0,21.14259,24.036148,15.00829,15.43723,21.095755,23.8857,21.115307,23.953875,15.131638,15.243553,16.551352,17.035154,20.643871,22.757582,22.03891,25.338442,19.77139,22.981588,4.0,4.0,0.0,0.0,4.0,0.0,4.0,0.0
48429,2023.0,12.0,3.0,7.0,21.113104,23.857147,19.5854,23.298817,21.124035,23.790037,21.112156,23.859251,15.374587,15.789726,19.974096,23.535645,21.334719,23.859373,22.651882,26.147898,16.176743,15.7923,4.0,4.0,0.0,4.0,4.0,4.0,4.0,0.0
48430,2023.0,12.0,3.0,7.0,21.144314,23.828825,19.788752,23.22041,21.05222,23.607185,21.233747,24.01352,18.782934,21.676912,19.275618,21.981005,21.224373,23.530636,21.267126,23.535503,15.365056,15.53023,0.0,0.0,4.0,0.0,0.0,4.0,0.0,0.0
48431,2023.0,12.0,3.0,7.0,21.112135,23.69247,16.72254,16.964796,21.140436,23.636728,21.091309,23.673067,15.125934,15.14991,16.022596,15.512881,21.387352,23.648655,21.22638,23.509989,15.026923,15.086965,0.0,4.0,4.0,0.0,0.0,4.0,4.0,0.0
48432,2023.0,12.0,3.0,8.0,21.111021,23.632673,15.03141,14.762463,21.111454,23.502459,21.144543,23.695606,15.084352,15.236349,15.033192,14.723003,21.680424,24.065477,22.866665,26.3052,15.032102,15.250253,0.0,4.0,0.0,4.0,0.0,4.0,4.0,0.0
48433,2023.0,12.0,3.0,8.0,18.460064,18.503387,15.168125,15.179514,18.458645,18.363243,17.88904,17.374603,19.330143,22.477114,15.029816,14.965013,19.061544,18.919046,19.44596,19.499289,15.031432,15.354191,4.0,4.0,0.0,0.0,0.0,4.0,4.0,0.0
48434,2023.0,12.0,3.0,8.0,17.239548,17.138092,20.066954,23.903725,17.098074,16.732853,16.078285,15.111233,15.911944,15.587919,15.033088,15.13615,18.01984,17.80628,18.094938,18.166456,15.249109,15.821128,4.0,4.0,0.0,0.0,0.0,4.0,4.0,4.0
48435,2023.0,12.0,3.0,8.0,16.847097,16.76792,19.868555,22.967249,15.992617,15.064198,15.884622,15.319663,15.072471,15.155305,15.032921,15.248444,17.721928,17.544199,17.726519,17.843039,19.346994,22.718525,4.0,0.0,0.0,0.0,0.0,4.0,4.0,0.0
48436,2023.0,12.0,3.0,8.0,16.560848,16.51045,20.016766,22.890045,15.349177,14.3572855,15.7212715,15.275246,15.0269985,15.2307625,15.032871,15.328329,17.480492,17.334148,16.446243,15.738299,15.773057,15.477709,0.0,0.0,0.0,0.0,0.0,4.0,0.0,0.0
48437,2023.0,12.0,3.0,8.0,15.6102915,14.9625845,17.042786,16.90407,14.993822,14.06306,15.45639,15.032656,15.034229,15.352822,15.032738,15.380642,17.280748,17.160084,16.776066,16.97511,15.098559,15.296422,4.0,0.0,0.0,0.0,0.0,4.0,4.0,0.0
48438,2023.0,12.0,3.0,9.0,15.812375,15.755839,20.107643,23.104189,15.188642,14.64272,15.207123,14.792468,15.033546,15.427863,15.034056,15.422157,17.108845,17.003122,15.832947,15.151702,15.02262,15.296774,4.0,0.0,0.0,0.0,0.0,4.0,0.0,0.0
48439,2023.0,12.0,3.0,9.0,15.147724,14.543214,20.079218,22.73438,15.83172,16.04296,15.376392,14.944379,15.022223,15.433126,15.033795,15.449997,16.253597,15.536873,15.154933,14.430647,15.27135,15.848601,0.0,4.0,0.0,4.0,0.0,0.0,0.0,4.0
48440,2023.0,12.0,3.0,9.0,15.03084,14.658038,16.946222,16.524662,15.3510475,15.071545,15.005074,14.670479,19.81638,23.547194,15.033438,15.469005,15.719478,14.907397,15.0127535,14.462429,19.28231,22.785769,0.0,0.0,0.0,0.0,0.0,0.0,0.0,0.0
48441,2023.0,12.0,3.0,9.0,15.020457,14.771739,15.633447,15.183857,15.016865,14.694047,15.016184,14.829445,16.025814,15.825589,15.034026,15.486976,16.344702,16.331636,15.024796,14.65614,15.772463,15.483677,0.0,0.0,0.0,0.0,0.0,4.0,0.0,0.0
48442,2023.0,12.0,3.0,9.0,15.007505,14.878158,15.323685,14.914106,15.029818,14.815589,15.014709,14.93169,15.096814,15.260253,15.034103,15.502402,15.712542,14.99423,15.0105915,14.782085,15.103024,15.311596,0.0,0.0,0.0,0.0,0.0,0.0,0.0,0.0
48443,2023.0,12.0,3.0,9.0,15.011124,14.996175,15.000184,14.577664,15.017586,14.905548,15.024715,15.041911,15.0427885,15.308514,15.066077,15.57892,15.269723,14.505446,15.013313,14.911839,15.042294,15.339907,0.0,0.0,0.0,0.0,0.0,0.0,0.0,0.0
48444,2023.0,12.0,3.0,10.0,15.010308,15.065114,15.020321,14.839286,15.465513,15.809945,15.015324,15.081272,15.029846,15.3760605,15.02944,15.514691,16.406897,16.869993,15.0139265,14.979463,15.029723,15.416702,0.0,4.0,0.0,0.0,0.0,4.0,0.0,0.0
48445,2023.0,12.0,3.0,10.0,15.01194,15.132959,15.018155,14.975884,14.998753,14.960559,15.346614,15.739467,15.032601,15.456652,15.034509,15.535982,15.583497,14.950944,15.016074,15.045736,15.032012,15.492323,0.0,0.0,4.0,0.0,0.0,0.0,0.0,0.0
48446,2023.0,12.0,3.0,10.0,15.021739,15.20999,15.030134,15.113269,15.003477,14.991595,15.479536,15.92618,15.060243,15.566753,15.066299,15.607127,15.053362,14.344042,15.026924,15.120828,15.058765,15.599024,0.0,4.0,4.0,0.0,0.0,0.0,0.0,0.0
48447,2023.0,12.0,3.0,10.0,15.012691,15.230794,15.018903,15.1597,15.03773,15.117205,14.9665785,15.039846,15.02794,15.532894,15.027789,15.535792,15.005283,14.385577,15.015033,15.12815,15.027885,15.566824,0.0,0.0,0.0,0.0,0.0,0.0,0.0,0.0
48448,2023.0,12.0,3.0,10.0,15.013993,15.272111,15.022492,15.228616,14.997214,15.036432,15.042129,15.215849,15.033753,15.572453,15.033723,15.55485,15.249398,14.975054,15.018728,15.166462,15.033306,15.605128,0.0,4.0,0.0,0.0,0.0,0.0,0.0,0.0
48449,2023.0,12.0,3.0,10.0,15.02622,15.331579,15.040325,15.315823,15.06334,15.240175,15.065357,15.281904,15.064058,15.653368,15.065348,15.6219225,15.256513,14.966125,15.031797,15.219374,15.062922,15.684568,0.0,0.0,0.0,0.0,0.0,0.0,0.0,0.0
48450,2023.0,12.0,3.0,11.0,15.027597,15.358839,15.041981,15.351852,15.062048,15.237158,15.033533,15.263315,15.063442,15.656273,15.063952,15.612754,15.207705,14.923735,15.033665,15.242603,15.062443,15.688437,0.0,0.0,0.0,0.0,0.0,0.0,0.0,0.0
48451,2023.0,12.0,3.0,11.0,15.028186,15.382916,15.041566,15.37973,15.031934,15.2276125,15.036715,15.3140135,15.064069,15.667428,15.0636,15.614542,15.162195,14.883031,15.035375,15.2646265,15.0637665,15.701441,0.0,0.0,0.0,0.0,0.0,0.0,0.0,0.0
48452,2023.0,12.0,3.0,11.0,15.014342,15.376046,15.020532,15.363524,15.324858,15.796249,15.017653,15.3046255,15.028441,15.610872,15.008277,15.496736,15.121,14.847997,15.705415,16.517313,15.028544,15.645826,0.0,4.0,0.0,0.0,4.0,0.0,4.0,0.0
48453,2023.0,12.0,3.0,11.0,15.016396,15.399592,15.024043,15.391326,14.987929,15.157905,15.218825,15.68124,15.033469,15.629878,19.036995,22.373505,15.081013,14.812471,14.953984,15.040259,15.033168,15.664685,0.0,0.0,4.0,0.0,0.0,0.0,0.0,0.0
48454,2023.0,12.0,3.0,11.0,15.016707,15.416302,15.001083,15.342455,15.0056,15.181715,14.990221,15.275174,15.03279,15.635181,16.525106,16.93042,15.043297,14.779053,15.0457735,15.243206,15.0325985,15.670317,4.0,4.0,0.0,0.0,0.0,0.0,0.0,0.0
48455,2023.0,12.0,3.0,11.0,15.017123,15.4316225,19.476458,23.050894,15.006,15.202707,15.041038,15.371732,15.032897,15.640154,15.000956,15.064142,15.008537,14.748629,15.029099,15.232017,15.032498,15.6755495,0.0,4.0,0.0,0.0,0.0,0.0,0.0,0.0
48456,2023.0,12.0,3.0,12.0,15.017281,15.44503,17.08142,17.778719,15.039177,15.317424,15.034281,15.356374,15.032148,15.640789,15.033719,15.251981,15.002188,14.767839,15.705067,16.516005,15.032546,15.680084,4.0,0.0,0.0,0.0,0.0,0.0,4.0,0.0
48457,2023.0,12.0,3.0,12.0,20.541033,24.959692,20.00791,23.471306,19.226738,22.526592,20.530165,24.815023,15.032707,15.642325,15.028228,15.331579,19.349115,22.190302,19.78993,23.448627,15.032791,15.683141,0.0,0.0,4.0,0.0,0.0,0.0,0.0,0.0
48458,2023.0,12.0,3.0,12.0,20.706678,24.68932,17.292498,17.723265,19.997747,23.38201,20.80291,24.743637,15.03104,15.632942,15.026996,15.379641,20.031956,23.122252,20.441761,24.047426,15.031273,15.675793,0.0,0.0,0.0,0.0,0.0,0.0,0.0,0.0
48459,2023.0,12.0,3.0,12.0,20.919493,24.557295,15.8940525,16.103487,21.21727,25.119268,20.503994,23.751617,15.0305395,15.622864,15.027807,15.414012,20.416233,23.38845,20.84861,24.305555,15.030887,15.665971,4.0,4.0,0.0,0.0,0.0,0.0,0.0,0.0
48460,2023.0,12.0,3.0,12.0,21.135004,24.596832,19.64033,22.754766,21.101566,24.540865,20.884535,24.124622,15.030497,15.6131,15.027986,15.437379,21.500858,24.939468,21.13359,24.492622,15.030562,15.655278,0.0,0.0,0.0,0.0,0.0,4.0,0.0,0.0
48461,2023.0,12.0,3.0,12.0,21.135359,24.35706,17.045204,17.211235,21.11916,24.248522,21.117373,24.30493,15.0296135,15.601825,15.027175,15.45071,21.328014,24.316107,22.034857,25.752607,15.029901,15.644068,4.0,4.0,4.0,0.0,0.0,0.0,0.0,0.0
48462,2023.0,12.0,3.0,13.0,21.159864,24.225712,20.107946,23.397242,21.179125,24.175093,21.800241,25.205353,15.029598,15.593374,15.027923,15.462237,20.848614,23.2324,21.701445,24.788126,15.02973,15.63404,4.0,0.0,4.0,0.0,0.0,0.0,0.0,0.0
48463,2023.0,12.0,3.0,13.0,21.230318,24.169058,20.05966,22.904648,21.255644,24.103815,21.197628,23.964588,15.02913,15.584719,15.02732,15.465838,20.842382,23.041573,22.505396,26.099014,15.029182,15.623147,0.0,0.0,0.0,0.0,0.0,0.0,0.0,0.0
48464,2023.0,12.0,3.0,13.0,21.075691,23.825825,17.043543,16.860216,21.048407,23.634235,21.109829,23.73527,15.028847,15.576322,15.026648,15.46441,21.131296,23.478106,22.576328,25.948885,15.029117,15.614524,0.0,4.0,0.0,0.0,0.0,0.0,0.0,0.0
48465,2023.0,12.0,3.0,13.0,21.1025,23.829807,15.726249,15.443102,21.135925,23.722664,21.126225,23.697384,15.028128,15.569076,15.026484,15.466409,21.078663,23.277937,23.317867,27.120823,15.02836,15.606459,0.0,0.0,0.0,0.0,0.0,0.0,0.0,0.0
48466,2023.0,12.0,3.0,13.0,21.098595,23.776215,15.922993,16.094858,21.119482,23.604282,21.098192,23.629726,15.028746,15.565757,15.027053,15.470959,21.165522,23.379372,21.132439,23.143602,15.028767,15.601937,4.0,0.0,0.0,0.0,0.0,0.0,4.0,0.0
48467,2023.0,12.0,3.0,13.0,21.944971,25.049265,20.084492,23.515083,22.039478,24.995829,22.000788,25.005144,15.028686,15.562019,15.02721,15.474733,21.668299,24.083895,22.124111,24.796244,15.0286045,15.597023,0.0,0.0,0.0,0.0,0.0,0.0,0.0,0.0
48468,2023.0,12.0,3.0,14.0,20.91343,23.193262,17.43759,17.869114,20.910555,22.974012,20.914505,23.05809,15.028043,15.556309,15.02621,15.474504,20.953299,22.729343,20.893354,22.623016,15.028096,15.590626,0.0,4.0,4.0,0.0,0.0,4.0,0.0,0.0
48469,2023.0,12.0,3.0,14.0,18.663197,18.945229,15.694604,15.543126,18.719648,18.890532,18.613506,18.758219,15.027269,15.55447,15.02667,15.477346,18.545809,18.117765,18.45096,18.058323,15.027997,15.586772,0.0,0.0,0.0,0.0,0.0,0.0,0.0,0.0
48470,2023.0,12.0,3.0,14.0,17.357943,17.324448,15.266932,15.040267,16.948208,16.315594,16.828785,16.214138,15.027878,15.556591,15.026882,15.481466,17.367657,16.690746,17.461802,17.178612,15.02847,15.588856,0.0,0.0,0.0,0.0,0.0,0.0,0.0,0.0
48471,2023.0,12.0,3.0,14.0,16.836708,16.757925,14.999804,14.773315,16.20101,15.461825,16.820423,16.746536,15.027783,15.559382,15.026929,15.486514,16.9384,16.257198,17.055817,16.79234,15.02843,15.593157,0.0,0.0,4.0,0.0,0.0,0.0,0.0,0.0
48472,2023.0,12.0,3.0,14.0,17.269306,17.879929,15.015994,14.953316,16.909302,17.198671,16.730562,16.725311,15.028043,15.564725,15.027153,15.493622,17.835922,18.28764,16.706299,16.467495,15.028889,15.60061,0.0,4.0,4.0,0.0,0.0,4.0,0.0,0.0
48473,2023.0,12.0,3.0,14.0,16.646557,16.716515,15.014202,15.055679,16.73602,16.77781,16.532032,16.552536,15.028917,15.575327,15.027586,15.50397,16.96944,16.454117,16.399319,16.174728,15.0291815,15.610065,0.0,4.0,4.0,0.0,0.0,0.0,0.0,0.0
48474,2023.0,12.0,3.0,15.0,15.768665,15.363959,15.015526,15.136693,15.759006,15.174,15.665415,15.102202,15.028982,15.583746,15.027661,15.512467,16.36764,15.76443,16.13533,15.921863,15.2529,16.00212,0.0,0.0,0.0,0.0,0.0,0.0,0.0,4.0
48475,2023.0,12.0,3.0,15.0,15.38158,14.950737,15.016159,15.197022,15.268792,14.612974,15.17424,14.542626,15.029232,15.591543,15.00774,15.464638,16.130625,15.53585,15.909909,15.708601,19.31607,22.983143,0.0,0.0,0.0,0.0,4.0,0.0,0.0,0.0
48476,2023.0,12.0,3.0,15.0,16.278065,16.878183,15.100336,15.380558,15.005407,14.363601,15.630107,15.616587,15.029358,15.598198,19.518894,23.162426,16.25987,15.992347,15.7071705,15.511894,15.995373,15.986251,4.0,0.0,4.0,0.0,0.0,0.0,0.0,0.0
48477,2023.0,12.0,3.0,15.0,16.257599,16.612942,19.743649,23.36832,15.191721,14.865675,15.78781,15.868517,15.029454,15.602923,16.758738,17.266548,16.262346,16.04658,15.523038,15.329918,15.05721,15.275218,0.0,0.0,4.0,0.0,0.0,0.0,0.0,0.0
48478,2023.0,12.0,3.0,15.0,16.088238,16.418243,17.144484,17.706144,15.9001045,16.306355,15.019901,14.617963,15.028979,15.603558,14.988043,14.965663,16.16041,15.948262,15.371424,15.190036,15.022641,15.335864,0.0,4.0,0.0,0.0,0.0,0.0,0.0,0.0
48479,2023.0,12.0,3.0,15.0,16.019514,16.34789,15.760775,16.040611,15.453527,15.3381815,15.028377,14.758407,15.028857,15.604433,15.037636,15.20689,16.058779,15.846123,15.2335825,15.056621,15.027718,15.432822,4.0,0.0,0.0,0.0,0.0,0.0,0.0,0.0
48480,2023.0,12.0,3.0,16.0,15.963062,16.294893,19.900047,23.366013,15.623466,15.57883,15.333587,15.398293,15.029315,15.606649,15.023138,15.274427,15.966252,15.753541,15.107813,14.934046,15.027426,15.492147,0.0,0.0,4.0,0.0,0.0,0.0,0.0,0.0
48481,2023.0,12.0,3.0,16.0,15.922306,16.265486,16.902988,16.9582,15.584252,15.672244,14.987942,14.798704,15.028912,15.606018,15.024819,15.341647,15.882302,15.670534,16.057207,16.821028,15.027888,15.534528,0.0,4.0,0.0,0.0,0.0,0.0,4.0,0.0
48482,2023.0,12.0,3.0,16.0,15.877053,16.22271,15.385971,15.179333,14.988308,14.686446,15.236353,15.320251,15.063521,15.632634,15.025748,15.390049,15.804524,15.591493,15.007729,14.762236,15.028363,15.565239,4.0,0.0,4.0,4.0,0.0,0.0,0.0,0.0
48483,2023.0,12.0,3.0,16.0,15.83034,16.173826,19.844494,23.089138,15.292539,15.3454895,15.316803,15.441496,19.445074,23.17775,15.026417,15.424183,16.537518,17.040066,15.590811,15.645188,15.028423,15.586698,4.0,4.0,4.0,0.0,0.0,4.0,0.0,0.0
48484,2023.0,12.0,3.0,16.0,15.800419,16.150616,20.058117,23.032738,15.4035845,15.513354,15.295227,15.424134,16.208256,16.262384,15.026271,15.445158,15.752044,15.295224,15.234796,14.873808,15.028702,15.602566,0.0,4.0,4.0,0.0,0.0,0.0,0.0,0.0
48485,2023.0,12.0,3.0,16.0,15.767829,16.119322,17.328333,17.45262,14.989069,14.841218,14.996702,14.956598,15.050723,15.199395,15.025886,15.455762,15.301843,14.758066,15.038435,14.906296,15.029002,15.614348,4.0,0.0,0.0,0.0,0.0,0.0,0.0,0.0
48486,2023.0,12.0,3.0,17.0,15.735614,16.0874,20.114752,23.098408,15.777433,16.119513,15.145637,15.259473,15.023075,15.277528,15.026703,15.465451,15.173126,14.628409,15.375053,15.262102,15.0289755,15.622778,0.0,0.0,4.0,0.0,0.0,0.0,0.0,0.0
48487,2023.0,12.0,3.0,17.0,15.69179,16.031858,17.53852,17.692915,16.01423,16.261032,15.180732,15.314202,15.026676,15.373304,15.026304,15.470346,15.376358,15.133459,14.989863,14.870098,15.029368,15.629699,4.0,4.0,4.0,0.0,0.0,0.0,0.0,0.0
48488,2023.0,12.0,3.0,17.0,15.664858,16.011713,20.17414,23.118017,15.512363,15.628374,15.900656,16.463396,15.026765,15.433348,15.027197,15.476363,15.4306555,15.211343,16.32644,16.12281,15.029474,15.634223,4.0,4.0,0.0,0.0,0.0,0.0,0.0,0.0
48489,2023.0,12.0,3.0,17.0,15.638243,15.984117,20.068432,22.599552,15.95047,16.347069,15.862074,16.299881,15.027415,15.474633,15.006897,15.420674,16.220598,16.741184,15.437572,15.260541,15.234344,15.984344,0.0,0.0,0.0,0.0,4.0,4.0,0.0,4.0
48490,2023.0,12.0,3.0,17.0,15.609155,15.952396,17.590485,17.627077,15.782129,15.949831,15.658895,15.827028,15.027325,15.501444,19.484716,23.126293,15.438736,14.96859,14.989814,14.889038,19.36352,23.101578,4.0,4.0,4.0,0.0,0.0,0.0,0.0,0.0
48491,2023.0,12.0,3.0,17.0,15.654766,15.884183,20.182821,22.924238,15.865284,16.11426,15.380778,15.49089,15.028082,15.521989,16.781242,17.259306,15.285225,14.716031,15.906424,16.696993,15.977385,15.972803,0.0,0.0,4.0,0.0,0.0,0.0,4.0,0.0
48492,2023.0,12.0,3.0,18.0,15.009561,14.940174,17.410318,17.23953,16.112709,16.317432,15.296997,15.401646,15.028223,15.536754,14.984525,14.921691,15.021447,14.47333,14.963112,14.824973,15.057521,15.269847,0.0,4.0,4.0,0.0,0.0,0.0,0.0,0.0
48493,2023.0,12.0,3.0,18.0,20.47868,24.508905,16.549406,16.66779,20.62435,24.450006,19.655008,23.069935,15.028679,15.548817,15.037919,15.166613,20.821854,24.533928,20.041945,23.47754,15.023239,15.337763,4.0,4.0,0.0,0.0,0.0,4.0,0.0,0.0
48494,2023.0,12.0,3.0,18.0,20.466965,23.9393,20.262293,23.35806,21.016792,24.589706,20.337414,23.760675,15.028265,15.553996,15.022621,15.229442,20.374662,23.392515,20.742613,24.369265,15.027175,15.425955,4.0,4.0,0.0,0.0,0.0,4.0,0.0,0.0
48495,2023.0,12.0,3.0,18.0,20.8467,24.191032,20.05559,22.570913,21.488022,24.976425,21.232338,24.857681,15.094108,15.639269,15.024946,15.294841,20.867218,23.853104,21.722055,25.640104,15.0267105,15.473125,4.0,4.0,4.0,4.0,0.0,4.0,0.0,0.0
48496,2023.0,12.0,3.0,18.0,21.677996,25.289318,20.104717,22.433939,21.050056,23.886963,21.11276,24.290071,19.700819,23.591087,15.003789,15.278227,20.628235,23.12752,22.246677,26.169004,15.026389,15.499504,4.0,4.0,0.0,0.0,4.0,0.0,0.0,0.0
48497,2023.0,12.0,3.0,18.0,21.341114,24.399446,20.09668,22.260704,21.114218,23.825615,21.13284,24.079552,16.249355,16.22724,19.694162,23.104368,20.762417,23.142513,22.52638,26.327263,15.3323765,16.056656,4.0,4.0,0.0,0.0,0.0,0.0,0.0,4.0
48498,2023.0,12.0,3.0,19.0,21.089281,23.788225,20.094387,22.141642,21.102718,23.662151,21.100471,23.883379,15.0471,15.11025,16.860905,17.273722,21.60912,24.397768,22.138105,25.179026,19.41036,23.040482,4.0,4.0,0.0,0.0,0.0,4.0,4.0,0.0
48499,2023.0,12.0,3.0,19.0,21.098269,23.743767,20.092785,22.05394,21.101154,23.550402,21.079044,23.71849,15.40674,15.914194,15.09695,14.90249,21.013218,23.116798,21.092363,23.39495,16.081514,16.017609,4.0,4.0,4.0,4.0,0.0,4.0,0.0,0.0
48500,2023.0,12.0,3.0,19.0,22.592459,26.264294,20.10864,22.036634,21.098806,23.460018,21.10478,23.71183,19.632607,23.092047,15.031657,15.059969,22.05162,24.842295,21.114515,23.394388,15.423278,15.854467,0.0,4.0,0.0,0.0,0.0,4.0,0.0,4.0
48501,2023.0,12.0,3.0,19.0,20.907017,23.078491,18.013641,17.953274,21.120438,23.451694,21.10024,23.568659,16.364529,16.274647,15.019352,15.135734,20.963411,22.718586,21.612514,24.224146,19.819067,23.279043,4.0,0.0,4.0,0.0,0.0,4.0,0.0,0.0
48502,2023.0,12.0,3.0,19.0,22.111788,25.09572,20.236866,22.565485,21.153173,23.435646,21.15115,23.586193,15.43723,15.621076,15.0221,15.209229,22.046488,24.542303,21.177698,23.483305,16.342794,16.213074,0.0,4.0,4.0,4.0,0.0,4.0,0.0,0.0
48503,2023.0,12.0,3.0,19.0,20.896189,22.85684,17.691734,17.433985,21.117336,23.33137,21.097904,23.413692,19.857203,23.080208,15.021559,15.25574,20.953382,22.51597,21.052263,23.192024,14.997387,14.814603,0.0,0.0,4.0,0.0,0.0,0.0,4.0,0.0
48504,2023.0,12.0,3.0,20.0,21.11512,23.303518,16.997595,17.090424,21.110748,23.271994,21.120193,23.42446,16.609837,16.493212,15.022338,15.291498,21.110422,22.831234,22.464024,25.598888,15.0239,15.061308,4.0,0.0,0.0,0.0,0.0,0.0,0.0,0.0
48505,2023.0,12.0,3.0,20.0,21.158463,23.38766,20.268677,23.011341,21.156193,23.303766,21.154972,23.427351,14.979848,14.604737,15.022505,15.316703,21.123901,22.846159,20.980728,22.8254,15.643078,16.352373,4.0,4.0,4.0,0.0,0.0,0.0,0.0,4.0
48506,2023.0,12.0,3.0,20.0,22.21039,25.149817,20.05415,22.280645,21.11195,23.20193,21.16318,23.42303,15.720067,16.263031,15.002081,15.283567,21.764786,23.915144,22.122265,24.833141,19.803768,23.41026,4.0,0.0,0.0,4.0,4.0,0.0,4.0,0.0
48507,2023.0,12.0,3.0,20.0,22.481466,25.526936,20.112242,22.223003,22.046957,24.670506,21.77176,24.334522,19.897156,23.215864,19.70157,23.126476,21.584644,23.508284,22.557001,25.367582,16.426414,16.319803,0.0,4.0,0.0,0.0,0.0,4.0,0.0,0.0
48508,2023.0,12.0,3.0,20.0,20.92808,22.639141,18.004877,18.030815,20.924824,22.635181,20.97624,22.879387,16.629936,16.534838,16.904478,17.349901,20.970236,22.338047,20.989882,22.557272,14.987304,14.766557,4.0,0.0,0.0,0.0,0.0,4.0,0.0,0.0
48509,2023.0,12.0,3.0,20.0,21.099243,23.03704,20.265749,22.661106,21.103231,22.994362,21.077492,23.112839,14.983304,14.581708,15.545021,15.702737,21.07384,22.573427,21.085085,22.796303,15.023164,15.027762,4.0,4.0,4.0,0.0,4.0,4.0,4.0,0.0
48510,2023.0,12.0,3.0,21.0,22.419807,25.328709,20.408829,22.50579,21.656734,23.68745,21.655884,23.905716,15.722144,15.863354,20.258848,23.654247,21.916529,24.06279,21.684187,23.662178,15.6484995,16.00952,0.0,4.0,0.0,0.0,0.0,0.0,0.0,0.0
48511,2023.0,12.0,3.0,21.0,20.90991,22.55289,18.195988,18.057194,20.910158,22.484888,20.908709,22.636925,15.402932,15.287397,17.688328,18.354753,20.955418,22.24693,20.891155,22.356335,15.002072,15.008458,0.0,0.0,0.0,0.0,4.0,4.0,0.0,0.0
48512,2023.0,12.0,3.0,21.0,21.101568,22.98697,17.349277,17.464607,21.129583,22.963184,21.106834,23.032667,15.004766,14.947756,20.064243,23.013832,21.102276,22.58459,21.079721,22.761284,15.619203,16.336767,4.0,0.0,4.0,0.0,0.0,0.0,4.0,4.0
48513,2023.0,12.0,3.0,21.0,21.162718,23.141665,20.259232,22.788582,21.161245,23.041174,21.165506,23.17665,15.02003,15.089773,17.411442,17.505768,21.126743,22.638288,21.19106,23.05141,20.530329,24.474283,0.0,0.0,0.0,0.0,4.0,0.0,0.0,4.0
48514,2023.0,12.0,3.0,21.0,21.164577,23.158504,18.098001,18.33032,21.165514,23.095787,21.159094,23.13202,15.871149,15.422428,20.3117,23.20149,21.127018,22.617031,21.184095,23.04675,20.333069,23.700415,0.0,0.0,4.0,0.0,0.0,4.0,0.0,0.0
48515,2023.0,12.0,3.0,21.0,21.075794,22.984518,16.767605,16.565405,21.07866,22.945272,21.082844,22.966637,15.012359,15.17927,17.295422,17.1783,21.060513,22.48407,21.056767,22.765322,17.597975,18.012611,0.0,0.0,4.0,0.0,0.0,4.0,4.0,4.0
48516,2023.0,12.0,3.0,22.0,21.101515,23.054815,16.374273,16.112617,21.07838,22.957966,21.082504,22.955772,15.371535,15.891068,15.873115,15.619686,21.060032,22.482304,21.102451,22.888702,20.468945,23.613886,0.0,0.0,4.0,4.0,0.0,4.0,0.0,0.0
48517,2023.0,12.0,3.0,22.0,21.09538,23.031244,16.12756,15.863775,21.0778,22.962019,21.081154,22.94252,20.348389,24.184492,15.580527,15.348066,21.059267,22.477175,21.09341,22.864136,17.742737,18.108822,0.0,0.0,4.0,0.0,0.0,4.0,0.0,4.0
48518,2023.0,12.0,3.0,22.0,21.09408,23.01222,15.93085,15.672819,21.053135,22.893993,21.104973,22.998096,16.741133,16.759195,15.318013,15.096561,21.058489,22.469545,21.093386,22.853542,20.479954,23.469389,0.0,4.0,0.0,0.0,0.0,4.0,0.0,4.0
48519,2023.0,12.0,3.0,22.0,21.046057,22.92314,15.759946,15.505282,21.057428,22.905148,21.097977,22.966276,14.955698,14.621493,15.424426,15.502628,21.057425,22.459377,21.073574,22.838917,20.027441,22.495428,0.0,4.0,0.0,0.0,4.0,4.0,0.0,4.0
48520,2023.0,12.0,3.0,22.0,21.741762,23.922674,15.621638,15.38018,21.501774,23.561754,21.500723,23.544676,15.507146,15.883365,20.156885,23.37642,21.511345,23.135588,21.63657,23.746473,20.735786,23.295486,0.0,4.0,4.0,4.0,0.0,0.0,0.0,4.0
48521,2023.0,12.0,3.0,22.0,20.909746,22.493425,15.502871,15.267698,20.964134,22.553932,20.965408,22.562828,20.454712,24.230124,17.515192,17.955387,20.963442,22.163113,20.912386,22.389576,20.100025,22.340906,0.0,0.0,0.0,4.0,0.0,0.0,0.0,0.0
48522,2023.0,12.0,3.0,23.0,21.11586,22.931833,15.400143,15.172114,21.11035,22.850773,21.112312,22.876637,20.0548,23.113686,16.081547,16.18416,21.061504,22.353748,21.096186,22.801676,17.48472,17.236874,0.0,0.0,0.0,0.0,4.0,4.0,0.0,0.0
48523,2023.0,12.0,3.0,23.0,19.367823,19.617104,15.306121,15.082295,18.943172,18.692339,19.293854,19.432892,17.014528,16.931816,15.593367,15.455677,19.759783,19.866045,19.207888,19.191599,16.18031,15.71496,0.0,0.0,0.0,0.0,0.0,4.0,0.0,0.0
48524,2023.0,12.0,3.0,23.0,19.25399,19.819317,15.230477,15.007595,18.26619,17.949171,18.367708,18.129751,15.851859,15.334915,15.606015,15.680121,18.640562,18.042295,18.420292,18.171062,16.04169,15.808753,0.0,0.0,0.0,0.0,4.0,0.0,0.0,0.0
48525,2023.0,12.0,3.0,23.0,18.157114,17.880005,15.637344,15.832194,17.968914,17.691736,17.959505,17.705523,15.728673,15.474959,15.28375,15.143032,18.177673,17.532701,18.054548,17.812208,15.858751,15.668337,4.0,0.0,0.0,0.0,0.0,0.0,0.0,0.0
48526,2023.0,12.0,3.0,23.0,18.272305,18.45077,15.312657,15.181053,17.681114,17.402267,17.643652,17.38475,15.553069,15.345575,15.021987,14.824012,17.890759,17.252615,17.754293,17.513096,15.647102,15.462266,0.0,0.0,0.0,0.0,0.0,0.0,0.0,0.0
48527,2023.0,12.0,3.0,23.0,17.491568,17.108442,15.121926,14.917453,17.447031,17.17834,17.390757,17.14244,15.358196,15.163695,15.014683,14.937087,17.97926,17.676126,17.510315,17.28192,15.4620075,15.287089,0.0,0.0,0.0,0.0,0.0,0.0,0.0,0.0
48528,2023.0,12.0,4.0,0.0,16.995028,16.552635,15.029184,14.823424,17.203121,16.942326,17.129215,16.888933,15.15251,14.967008,15.015658,15.027351,17.898531,17.64615,17.261066,17.042095,16.05978,16.59956,0.0,0.0,0.0,0.0,0.0,0.0,0.0,4.0
48529,2023.0,12.0,4.0,0.0,17.493275,17.730234,15.00323,14.841786,16.988533,16.733637,16.900295,16.665234,14.994988,14.848967,15.01572,15.08935,17.736927,17.494873,17.042536,16.83145,15.5077505,15.409155,0.0,0.0,0.0,0.0,0.0,0.0,0.0,0.0
48530,2023.0,12.0,4.0,0.0,16.866568,16.521301,15.005622,14.892664,16.803513,16.555784,16.703772,16.475769,15.015786,14.998523,15.016058,15.134462,17.587103,17.353006,16.853235,16.649754,14.969757,14.742598,0.0,0.0,0.0,0.0,0.0,0.0,0.0,0.0
48531,2023.0,12.0,4.0,0.0,16.437582,16.013098,15.008069,14.937233,16.62755,16.372633,16.517485,16.281666,15.018205,15.088177,15.026893,15.192042,17.445465,17.209484,16.677671,16.471218,15.026387,14.979983,0.0,0.0,0.0,0.0,0.0,0.0,0.0,0.0
48532,2023.0,12.0,4.0,0.0,16.563477,16.465485,15.006002,14.959427,16.496738,16.260683,16.379026,16.16248,15.0132885,15.122841,15.014732,15.188256,18.179886,18.716799,16.540178,16.348469,15.579835,16.078648,0.0,0.0,0.0,0.0,0.0,4.0,0.0,4.0
48533,2023.0,12.0,4.0,0.0,16.543886,16.489765,15.006826,14.9860735,16.3692,16.137928,16.244154,16.032087,15.015886,15.167797,15.017264,15.213306,18.028046,18.194044,16.409248,16.221497,14.920446,14.818503,0.0,0.0,0.0,0.0,0.0,4.0,0.0,0.0
48534,2023.0,12.0,4.0,1.0,16.446545,16.401571,15.007238,15.008162,16.256403,16.031147,16.124786,15.918727,15.015706,15.197589,15.017201,15.22854,17.207762,16.73641,16.290907,16.10357,15.03898,15.105031,0.0,0.0,0.0,0.0,0.0,0.0,0.0,0.0
48535,2023.0,12.0,4.0,1.0,16.348345,16.30686,15.007665,15.027463,16.15146,15.929264,16.014297,15.811025,15.016329,15.22139,15.017579,15.241201,17.646185,17.848068,16.181597,15.993638,15.018972,15.104479,0.0,0.0,0.0,0.0,0.0,4.0,0.0,0.0
48536,2023.0,12.0,4.0,1.0,16.258463,16.220839,15.00809,15.044426,16.056538,15.838097,15.91444,15.714801,15.016585,15.239178,15.017781,15.251018,17.059175,16.590689,16.083292,15.895921,15.458482,15.969277,0.0,0.0,0.0,0.0,0.0,0.0,0.0,4.0
48537,2023.0,12.0,4.0,1.0,16.186867,16.16435,15.008533,15.059669,15.967093,15.750293,15.821252,15.62265,15.016869,15.253254,15.017981,15.25913,16.675703,16.135712,15.991508,15.802592,14.950377,14.967716,0.0,0.0,0.0,0.0,0.0,0.0,0.0,0.0
48538,2023.0,12.0,4.0,1.0,16.106342,16.07976,15.017175,15.09073,15.879923,15.66057,15.731127,15.529286,15.033183,15.296908,15.035218,15.299645,16.518856,15.971012,15.905163,15.713004,15.041972,15.21366,0.0,0.0,0.0,0.0,0.0,0.0,0.0,0.0
48539,2023.0,12.0,4.0,1.0,16.029676,16.000528,15.007587,15.082025,15.806334,15.592492,15.655369,15.458446,15.01309,15.264044,15.014562,15.262733,16.7234,16.49431,15.829329,15.638204,15.006196,15.158651,0.0,0.0,0.0,0.0,0.0,0.0,0.0,0.0
48540,2023.0,12.0,4.0,2.0,15.956936,15.926197,15.01851,15.115787,15.732772,15.519145,15.579799,15.382562,15.033985,15.314441,15.010146,15.243876,16.727434,16.495205,15.756818,15.564634,15.027439,15.233691,0.0,0.0,0.0,0.0,4.0,0.0,0.0,0.0
48541,2023.0,12.0,4.0,2.0,15.901789,15.88217,15.019188,15.123682,15.6629505,15.448835,15.50836,15.310156,15.033505,15.311697,15.011524,15.257695,16.671175,16.436155,15.687756,15.493402,15.027416,15.244284,0.0,0.0,0.0,0.0,4.0,0.0,0.0,0.0
48542,2023.0,12.0,4.0,2.0,15.844685,15.827204,15.0205,15.134574,15.596024,15.381112,15.440067,15.240599,15.036504,15.324256,15.038391,15.333433,16.612577,16.374792,15.621814,15.425241,15.030416,15.267424,0.0,0.0,0.0,0.0,0.0,0.0,0.0,0.0
48543,2023.0,12.0,4.0,2.0,15.786108,15.767308,15.020088,15.14052,15.53197,15.315985,15.374865,15.173876,15.036083,15.32699,15.038357,15.325689,16.55542,16.314842,15.558889,15.360049,15.031316,15.281525,0.0,0.0,0.0,0.0,0.0,0.0,0.0,0.0
48544,2023.0,12.0,4.0,2.0,15.724845,15.7002125,15.020678,15.148364,15.470469,15.253159,15.3123865,15.1096525,15.036854,15.332984,15.038941,15.327967,16.500063,16.256653,15.49862,15.297467,15.033129,15.296028,0.0,0.0,0.0,0.0,0.0,0.0,0.0,0.0
48545,2023.0,12.0,4.0,2.0,15.664107,15.633191,15.021898,15.156709,15.41122,15.192349,15.252331,15.047635,15.173372,15.568366,15.012877,15.2588825,16.44639,16.200115,15.440662,15.237155,15.033902,15.30661,0.0,0.0,0.0,4.0,4.0,0.0,0.0,0.0
48546,2023.0,12.0,4.0,3.0,15.60753,15.57277,15.010186,15.14097,15.357225,15.139863,15.197737,14.994114,14.996452,15.256411,15.023652,15.30847,16.395733,16.148064,15.386364,15.182122,15.355652,15.897756,0.0,0.0,0.0,0.0,0.0,0.0,0.0,4.0
48547,2023.0,12.0,4.0,3.0,15.55459,15.518324,15.012298,15.151881,15.302965,15.084773,15.143139,14.938088,15.142049,15.521027,15.019911,15.304596,16.34578,16.09616,15.333041,15.127134,14.963436,15.154245,0.0,0.0,0.0,4.0,0.0,0.0,0.0,0.0
48548,2023.0,12.0,4.0,3.0,15.501235,15.459818,15.023961,15.181029,15.247808,15.025815,15.0879345,14.878758,15.059353,15.334816,15.0411005,15.348222,16.295805,16.042992,15.279862,15.071051,15.055658,15.348629,0.0,0.0,0.0,0.0,0.0,0.0,0.0,0.0
48549,2023.0,12.0,4.0,3.0,15.451775,15.407773,15.024377,15.18336,15.197147,14.974241,15.037212,14.826731,15.0129595,15.228506,15.040953,15.34418,16.246944,15.992185,15.228297,15.017908,15.054649,15.324892,0.0,0.0,0.0,4.0,0.0,0.0,0.0,0.0
48550,2023.0,12.0,4.0,3.0,15.414452,15.378514,15.011256,15.164773,15.15057,14.929314,14.99869,14.799486,15.038534,15.311838,15.01837,15.306796,16.200356,15.945027,15.179415,14.968927,15.355854,15.89109,0.0,0.0,0.0,0.0,0.0,0.0,0.0,4.0
48551,2023.0,12.0,4.0,3.0,15.369718,15.329474,15.013374,15.175053,15.102378,14.87979,15.004134,14.843223,15.030826,15.299498,15.021605,15.317547,16.153238,15.895751,15.130361,14.918144,14.975976,15.16097,0.0,0.0,0.0,0.0,0.0,0.0,0.0,0.0
48552,2023.0,12.0,4.0,4.0,15.330448,15.294506,15.026468,15.206278,15.052793,14.826326,15.005186,14.875185,15.038226,15.334654,15.042743,15.36197,16.106379,15.845836,15.081333,14.866238,15.057535,15.344256,0.0,0.0,0.0,0.0,0.0,0.0,0.0,0.0
48553,2023.0,12.0,4.0,4.0,15.297621,15.267919,15.026661,15.207419,15.008844,14.783118,15.007528,14.902657,15.038812,15.345722,15.042467,15.356933,16.063633,15.803003,15.036381,14.821305,15.035985,15.31031,0.0,0.0,0.0,0.0,0.0,0.0,0.0,0.0
48554,2023.0,12.0,4.0,4.0,15.260755,15.231461,15.027084,15.212886,15.001885,14.810231,15.008176,14.924333,15.040302,15.357887,15.042699,15.359101,16.022537,15.76182,15.001016,14.793188,15.037171,15.337348,0.0,0.0,0.0,0.0,0.0,0.0,0.0,0.0
48555,2023.0,12.0,4.0,4.0,15.2237,15.194759,15.027334,15.217748,15.004099,14.843098,15.009388,14.945532,15.041031,15.365932,15.043476,15.361696,15.982736,15.721942,15.003256,14.833205,15.03745,15.350211,0.0,0.0,0.0,0.0,0.0,0.0,0.0,0.0
48556,2023.0,12.0,4.0,4.0,15.187287,15.15868,15.027796,15.223215,15.005716,14.869675,15.011341,14.966412,15.04125,15.371864,15.016595,15.291841,15.944001,15.683134,15.004683,14.855929,15.038167,15.36204,0.0,0.0,0.0,0.0,4.0,0.0,0.0,0.0
48557,2023.0,12.0,4.0,4.0,15.149469,15.119076,15.012172,15.199867,15.004427,14.886532,15.005974,14.971038,15.111358,15.479653,15.025478,15.339178,15.906276,15.645448,15.00474,14.872398,15.301493,15.841153,0.0,0.0,0.0,4.0,0.0,0.0,0.0,4.0
48558,2023.0,12.0,4.0,5.0,15.107088,15.070154,15.015381,15.212076,15.005467,14.907743,15.007474,14.989102,15.006519,15.314878,15.021613,15.334547,15.868152,15.606481,15.00553,14.890333,14.979515,15.223478,0.0,0.0,0.0,0.0,0.0,0.0,0.0,0.0
48559,2023.0,12.0,4.0,5.0,15.066638,15.025897,15.107743,15.370693,15.009419,14.935227,15.014309,15.018464,15.043217,15.398408,15.044902,15.382594,15.832414,15.571376,15.00906,14.914264,15.061233,15.3916025,4.0,0.0,0.0,0.0,0.0,0.0,0.0,0.0
48560,2023.0,12.0,4.0,5.0,15.034228,14.997139,15.027762,15.222308,15.010735,14.952578,15.014854,15.030649,15.099089,15.467989,15.044238,15.373908,15.797222,15.536145,15.009883,14.927169,15.037839,15.348721,0.0,0.0,0.0,4.0,0.0,0.0,0.0,0.0
48561,2023.0,12.0,4.0,5.0,14.99728,14.956678,15.030222,15.253404,15.012035,14.969994,15.016279,15.046061,15.066847,15.40499,15.044566,15.375037,15.762438,15.501321,15.010698,14.940816,15.039949,15.3737955,0.0,0.0,0.0,0.0,0.0,0.0,0.0,0.0
48562,2023.0,12.0,4.0,5.0,15.001662,14.997463,15.030417,15.255811,15.012989,14.985818,15.016969,15.059193,15.065229,15.393378,15.044973,15.37582,15.728173,15.467009,15.011187,14.952898,15.039834,15.382428,0.0,0.0,0.0,0.0,0.0,0.0,0.0,0.0
48563,2023.0,12.0,4.0,5.0,15.003196,15.017882,15.013327,15.230044,15.006305,14.986227,15.007973,15.053792,15.014844,15.318013,15.00255,15.284581,15.694286,15.432908,15.006579,14.954468,15.279187,15.815338,0.0,0.0,0.0,0.0,4.0,0.0,0.0,4.0
48564,2023.0,12.0,4.0,6.0,15.003451,15.03732,15.016755,15.242368,15.008207,15.003424,15.009941,15.068727,15.095967,15.459098,15.028998,15.357317,15.659727,15.397539,15.008099,14.968226,14.985276,15.253621,0.0,0.0,0.0,4.0,0.0,0.0,0.0,0.0
48565,2023.0,12.0,4.0,6.0,20.071209,23.875414,15.01668,15.247607,20.04721,23.774101,19.780605,23.241034,19.082045,22.289562,15.007507,15.304215,20.58196,23.724976,20.327389,23.917528,15.001558,15.256587,0.0,0.0,0.0,0.0,4.0,4.0,0.0,4.0
48566,2023.0,12.0,4.0,6.0,20.828121,24.633244,15.016701,15.251531,20.869284,24.640486,20.873104,24.66585,16.137108,16.017143,19.397127,22.866415,20.62553,23.59135,21.127474,24.9636,19.417496,22.951591,0.0,0.0,0.0,0.0,0.0,0.0,0.0,0.0
48567,2023.0,12.0,4.0,6.0,21.1308,24.655043,15.016338,15.253044,21.150906,24.634756,21.149769,24.669464,15.017747,14.935851,16.76429,17.14781,21.06698,23.910406,21.831858,25.6788,16.768824,17.185232,0.0,0.0,0.0,0.0,0.0,4.0,0.0,4.0
48568,2023.0,12.0,4.0,6.0,21.100138,24.271585,15.016757,15.256014,21.097939,24.175201,21.100857,24.228565,15.019886,15.060138,15.357664,15.387778,21.496658,24.340216,22.41069,26.279158,20.145859,23.690672,0.0,0.0,0.0,0.0,4.0,4.0,0.0,0.0
48569,2023.0,12.0,4.0,6.0,21.123362,24.030252,15.01737,15.259605,21.101389,23.934502,21.103804,23.99347,15.018816,15.1348915,20.206007,23.55889,21.801687,24.584787,22.809412,26.60871,16.74011,16.570177,0.0,0.0,0.0,0.0,0.0,4.0,0.0,0.0
48570,2023.0,12.0,4.0,7.0,21.0926,23.74647,15.051397,15.296718,21.075047,23.683979,21.100113,23.809464,15.019232,15.186013,17.608475,18.2187,21.00011,22.914392,21.920555,24.83064,15.372016,15.131706,4.0,4.0,0.0,0.0,4.0,4.0,0.0,0.0
48571,2023.0,12.0,4.0,7.0,21.119905,23.67314,19.67145,23.23172,21.100382,23.622814,21.075392,23.610472,16.016973,16.817026,20.286564,23.559536,22.178904,24.89507,20.944706,22.861135,16.162855,16.874933,0.0,0.0,4.0,0.0,4.0,4.0,4.0,4.0
48572,2023.0,12.0,4.0,7.0,21.087498,23.474516,17.044088,17.492477,21.09308,23.503683,21.101023,23.583632,15.929379,16.463099,20.05591,22.704891,20.968262,22.563696,21.129353,23.2228,21.104836,25.26296,0.0,0.0,0.0,4.0,4.0,0.0,0.0,4.0
48573,2023.0,12.0,4.0,7.0,21.090899,23.39648,15.266027,15.077662,21.091785,23.41715,21.093836,23.486935,20.12478,23.82822,20.113647,22.537798,21.079756,22.73465,21.102331,23.129215,20.71226,24.034697,0.0,0.0,0.0,0.0,4.0,4.0,0.0,0.0
48574,2023.0,12.0,4.0,7.0,21.088202,23.323822,15.002255,14.823727,21.066563,23.280369,21.092522,23.415377,16.70632,16.575375,20.10283,22.317505,21.068275,22.683012,21.066341,22.990732,17.207918,16.93687,0.0,4.0,0.0,0.0,4.0,4.0,4.0,0.0
48575,2023.0,12.0,4.0,7.0,21.086185,23.26513,15.287374,15.463392,21.094412,23.235384,21.09056,23.354519,15.705807,15.842503,20.115543,22.211073,21.068031,22.654322,21.110342,23.075464,15.59689,14.999678,4.0,4.0,0.0,4.0,0.0,4.0,0.0,0.0
48576,2023.0,12.0,4.0,8.0,21.957127,24.509552,20.071064,23.837236,21.925707,24.384266,21.734425,24.442467,20.089025,23.204014,17.493158,17.078018,21.596107,23.568504,22.125122,24.627062,15.460726,15.180898,4.0,4.0,0.0,0.0,0.0,4.0,0.0,0.0
48577,2023.0,12.0,4.0,8.0,18.619057,18.404554,20.049362,23.159754,19.033136,19.08601,19.262981,19.475677,17.413652,17.688894,16.782396,16.75002,19.663668,19.694674,19.909288,20.134073,16.292261,16.909948,4.0,4.0,0.0,4.0,4.0,4.0,4.0,4.0
48578,2023.0,12.0,4.0,8.0,17.9292,17.98786,20.115976,22.882124,17.948715,17.791786,17.6898,17.442455,21.36465,25.046644,20.400684,23.097778,18.108404,17.411001,17.910015,17.309536,21.287828,25.368795,4.0,4.0,0.0,4.0,0.0,0.0,0.0,4.0
48579,2023.0,12.0,4.0,8.0,17.759956,17.866982,20.102777,22.577982,16.947971,16.23834,17.841545,18.137049,19.91227,22.215897,17.831152,17.99287,18.276035,18.21437,17.137781,16.471533,19.91613,22.443666,4.0,0.0,4.0,0.0,0.0,4.0,0.0,0.0
48580,2023.0,12.0,4.0,8.0,16.842909,16.35395,20.117598,22.425268,16.354218,15.564154,17.195435,17.001944,17.19261,16.863031,16.730688,16.767925,18.310022,18.315472,17.758821,18.021603,17.075615,16.788826,0.0,0.0,0.0,0.0,4.0,4.0,4.0,0.0
48581,2023.0,12.0,4.0,8.0,16.313936,15.752424,17.448446,17.165443,16.71876,16.53242,16.28027,15.592327,15.786234,15.161837,20.409178,23.124205,17.482092,16.888184,16.995434,16.501518,15.701174,15.139675,0.0,4.0,0.0,0.0,0.0,0.0,0.0,0.0
48582,2023.0,12.0,4.0,9.0,16.789976,16.88846,16.296875,15.9581,16.140612,15.475325,15.821331,15.07112,15.62146,15.29757,17.895075,18.109098,17.734589,17.735548,17.404203,17.724054,15.544433,15.260346,0.0,0.0,0.0,0.0,0.0,4.0,4.0,0.0
48583,2023.0,12.0,4.0,9.0,16.166473,15.726632,16.052433,15.726827,16.469666,16.317993,15.9688,15.583209,15.4980955,15.228188,16.720695,16.394176,17.03245,16.389877,16.50552,15.97118,15.421121,15.180904,0.0,4.0,0.0,0.0,0.0,0.0,0.0,0.0
48584,2023.0,12.0,4.0,9.0,15.822609,15.296027,15.8252735,15.500512,15.852482,15.195787,15.941883,15.636222,15.314683,15.057777,16.736534,16.736319,17.497498,17.532148,16.07762,15.476938,15.250869,15.0212,0.0,0.0,0.0,0.0,4.0,4.0,0.0,0.0
48585,2023.0,12.0,4.0,9.0,15.652909,15.136473,15.6339035,15.314804,15.519461,14.785012,15.829725,15.535571,15.1514435,14.905226,20.315968,22.986185,16.824242,16.203962,15.871016,15.285113,16.079876,16.727146,0.0,0.0,0.0,0.0,0.0,0.0,0.0,4.0
48586,2023.0,12.0,4.0,9.0,15.82614,15.663096,15.903121,15.995083,15.322223,14.600422,16.434174,16.78381,14.996845,14.788936,17.849176,18.044832,16.415522,15.756142,15.675425,15.104466,20.16296,23.597841,4.0,0.0,4.0,0.0,0.0,0.0,0.0,0.0
48587,2023.0,12.0,4.0,9.0,15.861425,15.768627,20.240284,23.665623,15.500011,15.1317835,16.03136,15.907702,15.0155325,14.935512,16.381763,16.10977,17.066067,17.138243,15.787681,15.51102,16.94282,16.825968,4.0,0.0,0.0,0.0,0.0,4.0,0.0,0.0
48588,2023.0,12.0,4.0,10.0,15.781138,15.698789,20.060732,22.80771,15.545272,15.252509,15.27453,14.650607,15.014337,15.00719,15.956847,15.646807,16.536674,15.969238,15.788087,15.556108,15.308817,14.787917,0.0,0.0,0.0,0.0,0.0,0.0,0.0,0.0
48589,2023.0,12.0,4.0,10.0,16.484646,17.09831,17.236996,17.071524,15.473,15.195155,14.998165,14.3688545,15.014717,15.060652,15.699771,15.400871,16.972479,17.06566,15.697994,15.468349,15.195198,14.943144,0.0,0.0,0.0,0.0,0.0,4.0,0.0,0.0
48590,2023.0,12.0,4.0,10.0,16.064268,16.128183,16.019333,15.717382,15.39521,15.1257,15.172981,14.847495,15.015095,15.099954,15.495464,15.208068,16.44369,15.907374,16.65845,17.35898,15.0940485,14.876944,0.0,0.0,0.0,0.0,0.0,0.0,4.0,0.0
48591,2023.0,12.0,4.0,10.0,15.379422,15.001046,15.754653,15.463214,15.323306,15.061405,15.213647,14.951266,15.015338,15.129659,15.319749,15.043369,16.072538,15.466731,15.754746,15.312671,15.001777,14.851298,0.0,0.0,0.0,0.0,0.0,0.0,0.0,0.0
48592,2023.0,12.0,4.0,10.0,15.100168,14.667363,15.526264,15.236681,16.018606,16.432089,15.155356,14.905694,15.015814,15.153244,15.163528,14.895203,15.931615,15.32383,15.240278,14.729224,15.014239,14.964828,0.0,4.0,0.0,0.0,0.0,0.0,0.0,0.0
48593,2023.0,12.0,4.0,10.0,15.309218,15.209344,15.33689,15.051804,15.632505,15.532976,15.090639,14.848519,15.016184,15.171871,15.026918,14.767058,16.155754,15.875923,15.087183,14.579527,15.012888,15.025937,0.0,0.0,0.0,0.0,0.0,0.0,0.0,0.0
48594,2023.0,12.0,4.0,11.0,15.363968,15.310529,15.178543,14.90098,14.98683,14.530136,15.029402,14.794653,15.016017,15.18593,15.009896,14.843108,17.032692,17.512005,15.258272,15.039727,15.013768,15.073997,0.0,0.0,0.0,0.0,0.0,4.0,0.0,0.0
48595,2023.0,12.0,4.0,11.0,15.322591,15.274686,15.550156,15.723461,15.019173,14.663928,15.001839,14.800647,15.01629,15.198033,15.011862,14.910889,16.993282,17.13739,15.278334,15.063183,15.013744,15.108674,4.0,0.0,0.0,0.0,0.0,4.0,0.0,0.0
48596,2023.0,12.0,4.0,11.0,15.280449,15.241288,19.918106,23.333801,15.047532,14.795674,15.302541,15.051131,15.016681,15.20824,15.011831,14.958002,16.965706,17.11002,15.225968,15.016516,15.014562,15.13665,0.0,0.0,0.0,0.0,0.0,4.0,0.0,0.0
48597,2023.0,12.0,4.0,11.0,15.24643,15.218678,17.447044,17.909952,15.030618,14.802661,15.801383,16.255152,15.016879,15.217598,15.011557,14.99198,16.224802,15.695209,15.1738825,14.9668455,15.014548,15.157105,0.0,0.0,4.0,0.0,0.0,0.0,0.0,0.0
48598,2023.0,12.0,4.0,11.0,15.201504,15.174133,15.729427,15.565476,15.000746,14.796992,15.369545,15.281057,15.016881,15.225073,15.012501,15.019952,16.743286,16.940973,15.122172,14.9155655,15.014871,15.176072,0.0,0.0,0.0,0.0,0.0,4.0,0.0,0.0
48599,2023.0,12.0,4.0,11.0,15.974844,16.666336,15.37103,15.1356535,15.004352,14.84363,14.9975605,14.7759,15.017269,15.2325325,15.012749,15.041588,16.144167,15.608776,15.074345,14.870192,15.63122,16.330236,0.0,0.0,0.0,0.0,0.0,0.0,0.0,4.0
48600,2023.0,12.0,4.0,12.0,15.5584,15.653539,15.1767235,14.93503,15.66849,16.119043,15.019126,14.863516,15.017312,15.238661,15.013103,15.059871,15.813908,15.248292,15.030651,14.830008,19.498142,22.822725,0.0,4.0,0.0,0.0,0.0,0.0,0.0,0.0
48601,2023.0,12.0,4.0,12.0,20.891937,25.073,15.025481,14.783964,21.15819,25.420197,20.592129,24.653149,15.017636,15.24448,15.013427,15.075241,20.059507,22.639517,20.99592,24.96887,17.09804,17.543653,0.0,4.0,0.0,0.0,0.0,0.0,0.0,4.0
48602,2023.0,12.0,4.0,12.0,20.695612,24.10128,15.008792,14.862314,21.031816,24.522936,21.073896,24.849007,15.017073,15.24594,15.013595,15.087564,20.946518,23.961058,21.658188,25.690107,20.319798,23.80398,0.0,4.0,0.0,0.0,0.0,0.0,0.0,0.0
48603,2023.0,12.0,4.0,12.0,21.140741,24.469091,15.009138,14.935046,21.136427,24.299667,21.10848,24.447649,15.017107,15.244124,15.013687,15.096949,21.130438,23.896679,22.212307,26.142353,16.987114,16.845837,0.0,0.0,0.0,0.0,0.0,0.0,0.0,0.0
48604,2023.0,12.0,4.0,12.0,21.095594,24.02931,15.010007,14.991677,21.097052,23.891838,21.100975,24.120544,15.016609,15.238785,15.013736,15.104444,22.19823,25.415043,22.512747,26.19837,15.3980665,14.896029,0.0,4.0,0.0,0.0,0.0,4.0,0.0,0.0
48605,2023.0,12.0,4.0,12.0,21.118763,23.868328,15.263701,15.499008,21.121437,23.739035,21.099144,23.899958,15.016077,15.235745,15.013845,15.111078,21.556486,23.963617,22.67018,26.049448,15.293201,15.064453,4.0,0.0,0.0,0.0,0.0,0.0,0.0,0.0
48606,2023.0,12.0,4.0,13.0,21.110178,23.685284,19.86345,23.340536,21.088457,23.49016,21.095263,23.735489,15.0162115,15.233627,15.014227,15.116876,21.715878,24.047478,20.875832,22.710161,15.197284,14.995229,0.0,4.0,0.0,0.0,0.0,0.0,0.0,0.0
48607,2023.0,12.0,4.0,13.0,21.08711,23.558964,17.356256,17.842886,21.092976,23.379166,21.071898,23.554083,15.379232,15.894014,15.013134,15.116157,21.021248,22.650373,21.115606,23.189548,15.047084,14.853081,0.0,4.0,4.0,4.0,0.0,0.0,0.0,0.0
48608,2023.0,12.0,4.0,13.0,21.063564,23.426167,15.586102,15.444783,21.090368,23.282927,21.098097,23.5405,20.199741,24.1403,15.013749,15.119081,21.0761,22.748343,21.079271,23.100533,15.006583,14.894672,0.0,4.0,0.0,0.0,0.0,0.0,0.0,0.0
48609,2023.0,12.0,4.0,13.0,21.088282,23.381035,15.699184,15.89212,21.088623,23.207668,21.091793,23.39143,16.721395,16.690477,15.014039,15.123155,21.068983,22.713762,21.082453,23.082817,15.010962,14.971529,4.0,4.0,4.0,0.0,0.0,0.0,0.0,0.0
48610,2023.0,12.0,4.0,13.0,21.90819,24.657146,20.268148,23.814056,21.944153,24.548168,22.213297,25.103754,14.980425,14.601383,15.014437,15.127512,21.759644,23.849304,21.962723,24.467213,15.010823,15.019489,4.0,4.0,4.0,0.0,0.0,0.0,4.0,0.0
48611,2023.0,12.0,4.0,13.0,22.4093,25.450718,20.032331,22.858639,22.06369,24.571064,22.246805,24.95014,15.021503,14.849621,15.013553,15.125745,22.655558,25.364252,22.423903,25.014711,15.011306,15.05387,4.0,0.0,4.0,0.0,0.0,0.0,0.0,0.0
48612,2023.0,12.0,4.0,14.0,22.594563,25.580189,20.124662,22.72583,23.141844,26.341385,23.046686,26.263203,15.01133,14.940187,15.013463,15.1233425,22.862776,25.535809,22.515034,25.212566,15.011437,15.077796,0.0,4.0,4.0,0.0,0.0,0.0,4.0,0.0
48613,2023.0,12.0,4.0,14.0,19.424852,19.338482,17.667694,17.756224,19.725716,19.584713,19.889637,20.010384,15.012718,15.013811,15.012909,15.120334,20.225718,20.291485,19.704533,19.404379,15.011014,15.09436,4.0,0.0,4.0,0.0,0.0,0.0,0.0,0.0
48614,2023.0,12.0,4.0,14.0,18.8347,19.369772,20.239828,22.986317,17.778173,17.090473,17.78392,17.160799,15.013495,15.066571,15.01375,15.1234455,18.924095,18.64589,18.049282,17.43526,15.011776,15.111985,4.0,0.0,0.0,0.0,0.0,0.0,0.0,0.0
48615,2023.0,12.0,4.0,14.0,17.7393,17.396152,20.06453,22.375134,17.795988,17.628922,17.027527,16.316326,15.013629,15.105003,15.013704,15.1265545,19.29044,19.700342,17.472048,16.847595,15.012403,15.129015,0.0,4.0,0.0,0.0,0.0,4.0,0.0,0.0
48616,2023.0,12.0,4.0,14.0,17.697617,17.83942,17.497072,17.279863,17.725554,17.646263,16.603853,15.904685,15.014318,15.1350355,15.013505,15.129047,18.601284,18.398542,17.386395,17.083353,15.629716,16.293798,0.0,4.0,0.0,0.0,0.0,0.0,0.0,4.0
48617,2023.0,12.0,4.0,14.0,17.666286,17.871588,16.39683,16.131475,17.523285,17.465656,16.625744,16.294956,15.014613,15.157915,15.014118,15.134836,17.758057,17.13671,17.22874,16.978346,20.40688,24.367147,0.0,4.0,0.0,0.0,0.0,0.0,0.0,4.0
48618,2023.0,12.0,4.0,15.0,16.790096,16.379324,16.122055,15.877191,16.673843,16.0475,17.275711,17.665485,15.014904,15.176033,15.014349,15.141396,17.34983,16.690472,17.007368,16.770407,20.051477,23.171762,0.0,0.0,4.0,0.0,0.0,0.0,0.0,0.0
48619,2023.0,12.0,4.0,15.0,16.332903,15.8740635,15.869136,15.628802,16.194395,15.503919,16.424347,15.969075,15.015414,15.191474,15.014665,15.148511,17.448374,17.131588,16.808292,16.583435,16.902502,16.735447,0.0,0.0,0.0,0.0,0.0,0.0,0.0,0.0
48620,2023.0,12.0,4.0,15.0,16.083647,15.619677,15.644965,15.397505,15.933056,15.239541,15.791039,15.148325,15.015606,15.203996,15.014995,15.155943,17.423447,17.161856,16.624743,16.402718,15.448282,14.956227,0.0,0.0,0.0,0.0,0.0,0.0,0.0,0.0
48621,2023.0,12.0,4.0,15.0,16.22845,16.10863,15.94284,16.11422,16.824873,17.141172,15.553023,14.911901,15.016064,15.215277,15.015314,15.1633005,17.305008,17.056026,16.46988,16.257912,15.335792,15.109273,4.0,4.0,0.0,0.0,0.0,0.0,0.0,0.0
48622,2023.0,12.0,4.0,15.0,17.007706,17.628504,20.145008,23.506376,16.144386,15.651323,15.701457,15.3952,15.01623,15.224336,15.015643,15.169978,17.187317,16.944368,16.330332,16.124681,16.199263,16.877468,4.0,0.0,0.0,0.0,0.0,0.0,0.0,4.0
48623,2023.0,12.0,4.0,15.0,16.908825,17.234394,20.045755,22.782244,15.601857,14.957114,15.72791,15.491221,15.016492,15.231428,15.015497,15.173863,17.84677,18.287422,16.204508,16.003534,20.311132,23.850117,4.0,0.0,0.0,0.0,0.0,4.0,0.0,0.0
48624,2023.0,12.0,4.0,16.0,16.07433,15.778587,20.118738,22.605183,15.408718,14.758431,15.643604,15.416134,15.016286,15.236079,15.015355,15.175126,17.011045,16.487831,16.088251,15.886592,16.997133,16.901468,0.0,0.0,0.0,0.0,0.0,0.0,0.0,0.0
48625,2023.0,12.0,4.0,16.0,15.653332,15.248055,17.459055,17.269241,16.339935,16.674551,15.555955,15.333008,15.347163,15.844921,15.015026,15.174978,16.540195,15.943163,15.982462,15.781747,15.415606,14.949347,0.0,4.0,0.0,4.0,0.0,0.0,0.0,0.0
48626,2023.0,12.0,4.0,16.0,16.232517,16.472698,16.789488,16.925228,16.770239,17.266323,15.473746,15.254821,19.991297,23.826548,15.015668,15.178737,16.3892,15.79316,15.887126,15.68734,15.281277,15.053335,4.0,4.0,0.0,0.0,0.0,0.0,0.0,0.0
48627,2023.0,12.0,4.0,16.0,16.457212,16.765985,20.239851,23.129314,16.460001,16.600258,16.139734,16.57332,16.602169,16.595224,15.015928,15.183041,16.585703,16.30884,16.84037,17.556343,16.161034,16.8425,4.0,4.0,4.0,0.0,0.0,0.0,4.0,4.0
48628,2023.0,12.0,4.0,16.0,16.476118,16.793928,20.06749,22.439402,16.282389,16.359436,15.773432,15.711627,15.631565,15.813002,15.0158,15.185702,16.634249,16.392159,15.964716,15.559957,20.3065,23.867157,0.0,4.0,0.0,4.0,0.0,0.0,0.0,0.0
48629,2023.0,12.0,4.0,16.0,16.472795,16.79198,17.488733,17.269403,15.560278,15.049988,15.097009,14.58395,20.233881,23.566458,15.01548,15.186546,16.584576,16.346188,15.453186,14.973242,16.989103,16.901215,0.0,0.0,0.0,0.0,0.0,0.0,0.0,0.0
48630,2023.0,12.0,4.0,17.0,15.788383,15.521186,16.869656,16.998226,15.874867,15.876591,15.527245,15.563752,16.958689,16.903332,15.016073,15.190376,17.30538,17.756702,15.297828,14.815185,16.323719,16.666716,4.0,4.0,4.0,0.0,0.0,4.0,0.0,4.0
48631,2023.0,12.0,4.0,17.0,15.386092,14.991055,20.319363,23.114683,16.074726,16.157993,15.027733,14.62844,15.260794,14.754689,15.016459,15.194334,17.288244,17.456161,15.446961,15.229188,20.336452,23.670883,4.0,4.0,0.0,0.0,0.0,4.0,0.0,0.0
48632,2023.0,12.0,4.0,17.0,16.004622,16.27448,20.06103,22.311474,16.075804,16.165012,15.469804,15.523054,15.125521,14.878299,15.015889,15.194287,16.516602,16.028584,15.478178,15.281185,17.140112,17.019016,0.0,4.0,4.0,0.0,0.0,0.0,0.0,0.0
48633,2023.0,12.0,4.0,17.0,16.250158,16.58272,17.866697,17.890076,16.062391,16.154161,15.006271,14.648173,15.033143,14.830213,15.015863,15.194424,16.953047,17.107805,15.430997,15.236888,15.578644,15.078037,4.0,4.0,0.0,0.0,0.0,4.0,0.0,0.0
48634,2023.0,12.0,4.0,17.0,15.568128,15.290399,20.229094,22.708052,16.046251,16.140259,15.42857,15.495563,15.01183,14.928176,15.016368,15.197181,17.156801,17.311321,15.380104,15.187133,15.435845,15.196287,0.0,4.0,4.0,0.0,0.0,4.0,0.0,0.0
48635,2023.0,12.0,4.0,17.0,15.956894,16.238783,17.978687,18.034035,16.028955,16.125017,14.995855,14.679867,15.5363245,15.9971695,15.016092,15.199129,16.415123,15.897135,15.330768,15.138685,15.330598,15.131406,4.0,4.0,0.0,4.0,0.0,0.0,0.0,0.0
48636,2023.0,12.0,4.0,18.0,16.16907,16.500853,20.229797,22.699484,16.010715,16.10884,15.658035,14.9697,20.214882,23.923712,15.016692,15.203339,16.062292,15.491998,15.283556,15.092323,16.224455,16.981256,0.0,4.0,0.0,0.0,0.0,0.0,0.0,4.0
48637,2023.0,12.0,4.0,18.0,21.114403,25.039852,17.972046,18.003393,21.112104,25.048456,20.817636,24.858181,16.824402,16.771801,15.016405,15.205616,20.273926,22.836262,21.216923,25.17944,20.30134,23.858856,4.0,4.0,4.0,0.0,0.0,0.0,0.0,0.0
48638,2023.0,12.0,4.0,18.0,21.028772,24.324554,20.238655,22.70027,21.199343,24.573109,20.743433,24.092598,15.005075,14.542223,15.016727,15.208135,20.590136,23.128862,21.473019,25.217972,16.94975,16.81545,0.0,4.0,0.0,0.0,0.0,0.0,0.0,0.0
48639,2023.0,12.0,4.0,18.0,21.10169,24.05805,17.984646,18.010832,21.109833,24.012398,21.15822,24.365875,15.843201,16.357798,15.016146,15.2070055,22.10842,25.435192,22.515036,26.45203,15.368085,14.861053,4.0,4.0,4.0,4.0,0.0,4.0,4.0,0.0
48640,2023.0,12.0,4.0,18.0,21.646132,24.716385,20.23971,22.685505,21.142288,23.798025,21.133286,23.992653,20.369537,23.99395,15.016523,15.206774,21.4433,23.891157,22.387129,25.812109,15.303455,15.086134,0.0,4.0,4.0,4.0,0.0,0.0,4.0,0.0
48641,2023.0,12.0,4.0,18.0,20.99235,23.317804,17.735794,17.54194,21.092941,23.500313,21.09978,23.700825,20.05856,22.927834,15.013358,15.182931,21.070848,22.999313,22.25041,25.234203,15.233272,15.044464,0.0,4.0,4.0,0.0,4.0,0.0,0.0,0.0
48642,2023.0,12.0,4.0,19.0,21.560242,24.087864,17.076874,17.212053,21.712118,24.209612,21.641714,24.28682,17.059103,16.829655,20.339983,24.057594,22.14994,24.687243,21.478178,23.574135,15.09896,14.91783,4.0,4.0,4.0,0.0,4.0,4.0,4.0,0.0
48643,2023.0,12.0,4.0,19.0,21.013462,23.058762,20.312098,22.942364,20.97939,22.902529,20.99541,23.094528,16.37085,16.491322,20.016611,23.163502,21.016882,22.517696,21.027431,22.765116,15.372737,15.1720295,4.0,0.0,4.0,4.0,0.0,4.0,0.0,0.0
48644,2023.0,12.0,4.0,19.0,21.12166,23.250723,20.043652,22.1207,21.105032,23.09066,21.111723,23.268793,20.52051,23.580353,17.617947,18.132118,21.075314,22.603184,21.077135,22.843573,16.040537,16.726486,4.0,4.0,4.0,4.0,4.0,4.0,4.0,4.0
48645,2023.0,12.0,4.0,19.0,21.915165,24.574495,20.10528,22.069868,22.1974,24.863445,21.694868,24.219545,20.053743,22.526487,19.892681,22.553522,21.912827,23.99793,22.182068,24.742094,19.844753,23.150272,0.0,4.0,0.0,0.0,0.0,4.0,0.0,0.0
48646,2023.0,12.0,4.0,19.0,20.989655,22.817343,17.807045,17.53234,20.922064,22.516644,21.014732,22.923203,17.863989,18.060217,17.178629,16.999594,20.986683,22.277794,21.247929,23.06518,17.361322,17.776237,0.0,4.0,0.0,4.0,0.0,0.0,0.0,4.0
48647,2023.0,12.0,4.0,19.0,21.087917,23.049149,16.843163,16.552608,21.127419,22.95634,21.116465,23.101467,20.45625,23.046507,15.94074,15.672514,21.065777,22.419338,21.11271,22.805557,20.505634,23.670366,0.0,0.0,0.0,0.0,0.0,4.0,0.0,4.0
48648,2023.0,12.0,4.0,20.0,21.048346,22.963968,16.600266,16.335608,21.07052,22.816717,21.077526,23.042873,18.074705,18.272865,15.699787,15.455026,21.056124,22.400454,21.069942,22.764963,20.056995,22.627079,0.0,4.0,0.0,4.0,0.0,4.0,0.0,0.0
48649,2023.0,12.0,4.0,20.0,21.080713,23.055027,16.822018,16.958508,21.102976,22.890377,21.057474,22.98678,20.440443,22.905855,15.46978,15.233092,21.086056,22.472582,21.036366,22.692844,17.936876,18.270233,4.0,0.0,4.0,4.0,0.0,0.0,4.0,4.0
48650,2023.0,12.0,4.0,20.0,21.160872,23.1643,20.257278,23.097933,21.159271,22.96603,21.169916,23.232004,20.061617,22.133324,15.26583,15.029863,21.12766,22.537886,21.2008,23.00182,20.445538,23.086554,0.0,4.0,0.0,0.0,0.0,0.0,4.0,4.0
48651,2023.0,12.0,4.0,20.0,21.092646,22.985512,18.32883,18.920301,21.07639,22.783772,21.079039,22.972034,17.572798,17.23035,15.098437,14.872807,21.050816,22.346207,21.096949,22.801886,20.030552,22.192099,4.0,4.0,4.0,0.0,0.0,4.0,0.0,4.0
48652,2023.0,12.0,4.0,20.0,22.074938,24.564703,20.29694,22.794958,21.167868,22.972548,21.162645,23.101105,16.25469,15.630812,15.0008,14.825578,21.872156,23.678288,21.183834,22.95224,20.07468,22.136545,4.0,0.0,4.0,0.0,0.0,4.0,0.0,4.0
48653,2023.0,12.0,4.0,20.0,21.912542,24.111551,20.05967,22.089506,21.066755,22.729677,21.101948,22.965673,16.156187,15.875277,15.012092,14.930308,21.65154,23.087633,21.086243,22.730448,20.101908,22.111723,0.0,4.0,0.0,0.0,0.0,4.0,0.0,0.0
48654,2023.0,12.0,4.0,21.0,21.012806,22.562883,18.007061,17.97005,21.099602,22.801695,21.098345,22.928291,16.037544,15.801878,15.011425,14.981303,21.059284,22.182621,21.088886,22.715588,17.62194,17.253386,4.0,0.0,0.0,0.0,0.0,0.0,0.0,0.0
48655,2023.0,12.0,4.0,21.0,22.148012,24.498144,20.248903,22.549435,21.159649,22.883999,21.159386,23.00394,15.832534,15.606526,15.012323,15.021666,22.114819,23.992441,21.190584,22.937687,16.38265,15.798958,0.0,4.0,4.0,0.0,0.0,0.0,0.0,0.0
48656,2023.0,12.0,4.0,21.0,20.904867,22.270763,18.101215,18.099567,21.097918,22.76388,21.102438,22.88922,15.656055,15.440801,15.012258,15.05014,20.938337,21.842329,21.070633,22.701689,16.955555,17.265694,4.0,0.0,0.0,0.0,0.0,0.0,0.0,4.0
48657,2023.0,12.0,4.0,21.0,21.197697,22.894503,20.267918,22.573303,21.163887,22.878763,21.163544,22.991692,15.500406,15.291474,15.012976,15.073125,21.201004,22.440248,21.192253,22.946903,20.4587,23.169605,4.0,0.0,0.0,0.0,0.0,4.0,0.0,4.0
48658,2023.0,12.0,4.0,21.0,21.959923,24.334873,20.058779,21.94647,21.043636,22.646973,21.07222,22.83357,15.365505,15.163666,15.012981,15.088809,22.267727,24.283264,21.069769,22.696579,20.0251,22.17848,0.0,4.0,0.0,0.0,0.0,0.0,0.0,4.0
48659,2023.0,12.0,4.0,21.0,20.976517,22.422365,18.103077,18.040815,21.074944,22.683365,21.050644,22.782997,15.250063,15.055483,15.012782,15.099171,20.940619,21.805752,21.069675,22.691887,20.1064,22.188833,4.0,4.0,4.0,0.0,0.0,4.0,0.0,0.0
48660,2023.0,12.0,4.0,22.0,21.223782,22.978836,20.263548,22.451143,21.168434,22.871674,21.18987,23.071867,15.143731,14.9489565,15.013398,15.109089,21.15586,22.30335,21.248026,23.015707,18.319384,18.575966,4.0,0.0,4.0,0.0,0.0,0.0,4.0,4.0
48661,2023.0,12.0,4.0,22.0,21.066427,22.673206,20.042938,21.818264,21.090021,22.690784,21.07786,22.802565,15.651474,15.9902115,15.013361,15.115747,21.04125,22.07732,21.09529,22.693974,20.396103,22.625692,4.0,0.0,4.0,4.0,0.0,4.0,0.0,4.0
48662,2023.0,12.0,4.0,22.0,21.091745,22.752098,20.083588,21.777159,21.09015,22.670628,21.098993,22.833866,20.483013,24.035,14.999732,15.085238,21.078615,22.18937,21.084635,22.64036,20.03026,21.868338,4.0,0.0,0.0,0.0,4.0,0.0,0.0,4.0
48663,2023.0,12.0,4.0,22.0,21.227821,22.881975,20.229282,21.827639,21.256804,22.847023,21.241964,22.900179,17.408478,17.654203,20.265465,23.833021,21.203188,22.273632,21.2631,22.808119,20.25882,22.109648,4.0,0.0,4.0,0.0,4.0,4.0,0.0,0.0
48664,2023.0,12.0,4.0,22.0,20.95375,22.360918,19.969097,21.315716,20.94176,22.290195,20.96923,22.421415,15.890399,15.699265,20.011229,23.057371,20.959547,21.848774,20.929575,22.209564,18.763708,18.957579,4.0,4.0,0.0,0.0,0.0,4.0,0.0,4.0
48665,2023.0,12.0,4.0,22.0,21.077,22.629124,20.10565,21.579271,21.090761,22.65333,21.108038,22.705816,16.244978,16.622883,17.397648,17.633598,21.057186,22.074123,21.083752,22.556921,20.35964,22.314487,0.0,0.0,0.0,4.0,0.0,4.0,0.0,4.0
48666,2023.0,12.0,4.0,23.0,21.08836,22.685677,18.421974,18.308401,21.063622,22.557268,21.064587,22.597048,20.491673,23.756052,16.274492,16.32635,21.045698,22.069845,21.064058,22.53967,20.062864,21.760912,4.0,4.0,4.0,0.0,4.0,4.0,0.0,0.0
48667,2023.0,12.0,4.0,23.0,19.090668,18.855392,17.042833,16.341404,19.004995,18.631891,18.954584,18.587389,17.710321,17.978453,15.83423,15.657052,19.288471,18.73661,19.368391,19.291756,18.527607,18.72368,0.0,0.0,0.0,4.0,0.0,0.0,0.0,4.0
48668,2023.0,12.0,4.0,23.0,18.178007,17.588068,16.557999,15.741641,17.999947,17.196861,17.935005,17.148165,16.257225,15.703038,15.54935,15.313564,19.35463,19.280558,18.670414,18.395638,17.270597,16.709833,0.0,0.0,0.0,0.0,0.0,4.0,0.0,0.0
48669,2023.0,12.0,4.0,23.0,18.200539,18.017462,16.70056,16.309515,17.586454,16.77024,17.928055,17.55149,15.796066,15.194888,15.369545,15.133625,18.589256,17.918585,18.342976,18.07262,16.742512,16.132923,0.0,0.0,0.0,0.0,0.0,0.0,0.0,0.0
48670,2023.0,12.0,4.0,23.0,18.058617,17.93955,17.143272,17.27255,17.71246,17.334072,17.77647,17.475851,15.839691,15.567481,15.2209635,14.98795,18.171356,17.440758,18.077772,17.812439,16.418749,15.819033,4.0,0.0,0.0,0.0,0.0,0.0,0.0,0.0
48671,2023.0,12.0,4.0,23.0,17.865778,17.7564,16.728325,16.528776,17.615772,17.305124,17.5659,17.276548,16.379393,16.708769,15.09321,14.867049,17.942867,17.227468,17.857243,17.60265,16.473562,16.203682,0.0,0.0,0.0,4.0,0.0,0.0,0.0,0.0
48672,2023.0,12.0,5.0,0.0,17.691044,17.587826,16.458948,16.182474,17.450502,17.14962,17.374289,17.091671,15.847248,15.642326,14.997633,14.8003845,18.121262,17.793509,17.662785,17.416317,16.370556,16.144718,0.0,0.0,0.0,0.0,0.0,0.0,0.0,0.0
48673,2023.0,12.0,5.0,0.0,17.500689,17.396917,16.277227,15.995102,17.263046,16.963177,17.165363,16.88291,15.819632,15.843569,15.017118,14.918537,18.094896,17.816475,17.458937,17.215057,16.190197,15.970639,0.0,0.0,0.0,4.0,0.0,0.0,0.0,0.0
48674,2023.0,12.0,5.0,0.0,17.343573,17.25128,16.136415,15.864399,17.105387,16.817978,16.992361,16.723024,15.239439,14.764469,15.129898,15.183294,17.973572,17.7079,17.288168,17.056446,16.029192,15.822311,0.0,0.0,0.0,0.0,4.0,0.0,0.0,0.0
48675,2023.0,12.0,5.0,0.0,17.216286,17.120638,16.021582,15.74367,16.975237,16.684185,16.851158,16.577282,15.004819,14.525454,15.014182,14.972371,17.85811,17.582933,17.15037,16.917809,15.897303,15.689687,0.0,0.0,0.0,0.0,0.0,0.0,0.0,0.0
48676,2023.0,12.0,5.0,0.0,17.091303,17.004694,15.913116,15.645001,16.849169,16.569,16.714981,16.45244,15.101249,14.886217,15.017471,15.04552,17.745577,17.474539,17.01083,16.779217,15.764394,15.56053,0.0,0.0,0.0,0.0,0.0,0.0,0.0,0.0
48677,2023.0,12.0,5.0,0.0,16.979557,16.903103,15.815172,15.55637,16.735397,16.466295,16.5927,16.34163,15.7005415,16.063068,15.0116625,15.05976,17.64502,17.379295,16.886768,16.661217,15.644055,15.445985,0.0,0.0,0.0,4.0,0.0,0.0,0.0,0.0
48678,2023.0,12.0,5.0,1.0,16.873814,16.800558,15.721589,15.46566,16.62657,16.361694,16.476267,16.229288,15.30498,15.14036,15.013738,15.083553,17.549812,17.28469,16.770979,16.546013,15.531157,15.333515,0.0,0.0,0.0,0.0,0.0,0.0,0.0,0.0
48679,2023.0,12.0,5.0,1.0,17.564604,18.187435,15.639204,15.388248,16.530167,16.27179,16.37363,16.13316,14.99264,14.774263,15.013678,15.098927,17.46502,17.202227,16.668867,16.446676,16.158688,16.604822,0.0,0.0,0.0,0.0,0.0,0.0,0.0,4.0
48680,2023.0,12.0,5.0,1.0,17.092596,17.126957,15.56244,15.31444,16.440138,16.185877,16.278774,16.042002,15.022512,14.878487,15.013989,15.112057,17.386234,17.124212,16.574402,16.352943,15.67818,15.498799,0.0,0.0,0.0,0.0,0.0,0.0,0.0,0.0
48681,2023.0,12.0,5.0,1.0,16.374569,15.940119,15.491915,15.246611,16.357141,16.106646,16.191872,15.95846,15.006266,14.903079,15.0144415,15.123214,17.313597,17.052258,16.487982,16.267132,15.843459,16.012154,0.0,0.0,0.0,0.0,0.0,0.0,0.0,4.0
48682,2023.0,12.0,5.0,1.0,16.118135,15.662544,15.428054,15.186528,16.281637,16.03607,16.113419,15.884531,15.444786,15.766976,14.998436,15.092615,17.247377,16.987879,16.40969,16.190655,15.259845,14.827659,0.0,0.0,0.0,4.0,4.0,0.0,0.0,0.0
48683,2023.0,12.0,5.0,1.0,16.352623,16.262575,15.36778,15.1286,16.209948,15.967766,16.038889,15.813117,15.060497,14.8965225,15.019227,15.152965,17.184587,16.925768,16.335974,16.11743,14.995739,14.607945,0.0,0.0,0.0,0.0,0.0,0.0,0.0,0.0
48684,2023.0,12.0,5.0,2.0,16.405863,16.359291,15.307685,15.066944,16.138863,15.896059,15.96495,15.738282,15.037475,15.0281725,15.027946,15.176022,17.123655,16.86349,16.265375,16.045494,15.014907,14.732256,0.0,0.0,0.0,0.0,0.0,0.0,0.0,0.0
48685,2023.0,12.0,5.0,2.0,16.354557,16.307798,15.254979,15.016684,16.075754,15.836396,15.899386,15.676119,15.013384,14.985657,15.028434,15.17737,17.068321,16.809069,16.20142,15.982531,15.04176,14.847611,0.0,0.0,0.0,0.0,0.0,0.0,0.0,0.0
48686,2023.0,12.0,5.0,2.0,16.298336,16.252022,15.205034,14.969,16.015882,15.779717,15.837334,15.6172,15.015154,15.026212,15.028712,15.181958,17.015795,16.757425,16.141058,15.923118,15.000353,14.806907,0.0,0.0,0.0,0.0,0.0,0.0,0.0,0.0
48687,2023.0,12.0,5.0,2.0,16.243475,16.197817,15.157528,14.923567,15.958825,15.725619,15.778365,15.561112,15.016695,15.046944,15.0036335,15.120549,16.965721,16.708206,16.083813,15.866786,15.004054,14.868657,0.0,0.0,0.0,0.0,4.0,0.0,0.0,0.0
48688,2023.0,12.0,5.0,2.0,16.194336,16.153143,15.116453,14.8886,15.908693,15.682668,15.726731,15.516679,15.009632,15.049033,15.020123,15.180905,17.709167,18.158094,16.031956,15.818496,15.005115,14.8962965,0.0,0.0,0.0,0.0,0.0,4.0,0.0,0.0
48689,2023.0,12.0,5.0,2.0,16.139475,16.09477,15.068916,14.838522,15.85246,15.624319,15.6684675,15.456243,15.019312,15.084447,15.005143,15.141077,18.05674,18.58634,15.977112,15.7618265,15.008666,14.933383,0.0,0.0,0.0,0.0,4.0,4.0,0.0,0.0
48690,2023.0,12.0,5.0,3.0,16.094236,16.05336,15.031576,14.807106,15.807398,15.58594,15.621593,15.416348,15.009746,15.075114,15.019817,15.192445,17.00954,16.487686,15.929909,15.718433,15.005964,14.94642,0.0,0.0,0.0,0.0,0.0,0.0,0.0,0.0
48691,2023.0,12.0,5.0,3.0,16.041384,15.995753,15.000489,14.785824,15.754108,15.529443,15.566595,15.357983,15.0216255,15.110994,15.006022,15.155125,16.53553,15.914349,15.878146,15.664053,15.011664,14.979224,0.0,0.0,0.0,0.0,4.0,0.0,0.0,0.0
48692,2023.0,12.0,5.0,3.0,16.000198,15.960119,15.00343,14.822064,15.708858,15.48824,15.520415,15.315652,15.332836,15.690202,15.021151,15.204164,16.417566,15.80748,15.831993,15.619525,15.006442,14.982457,0.0,0.0,0.0,4.0,0.0,0.0,0.0,0.0
48693,2023.0,12.0,5.0,3.0,15.965187,15.934185,15.003635,14.847373,15.6620035,15.442767,15.473036,15.269254,14.958869,14.961582,15.01674,15.203881,16.321,15.715936,15.785874,15.573668,15.008491,15.001683,0.0,0.0,0.0,0.0,0.0,0.0,0.0,0.0
48694,2023.0,12.0,5.0,3.0,15.932365,15.907909,15.004067,14.869856,15.616048,15.398128,15.427003,15.224141,15.022584,15.1158,15.016958,15.207424,16.587648,16.338518,15.7409935,15.529083,15.00823,15.014782,0.0,0.0,0.0,0.0,0.0,0.0,0.0,0.0
48695,2023.0,12.0,5.0,3.0,15.8902235,15.864681,15.412797,15.651367,15.5718,15.355675,15.382907,15.181596,15.307273,15.653153,15.017319,15.210981,16.628551,16.37471,15.697742,15.486686,15.542235,16.02721,4.0,0.0,0.0,4.0,0.0,0.0,0.0,4.0
48696,2023.0,12.0,5.0,4.0,15.847562,15.820212,15.126686,15.004272,15.528349,15.31361,15.340053,15.139606,14.980548,14.996783,15.017249,15.2137575,16.596865,16.344173,15.655203,15.444685,14.971751,14.90089,0.0,0.0,0.0,0.0,0.0,0.0,0.0,0.0
48697,2023.0,12.0,5.0,4.0,15.802417,15.770564,15.007336,14.9018135,15.482068,15.264905,15.294379,15.091121,15.046435,15.150529,15.034571,15.250925,16.55963,16.305641,15.611416,15.399393,15.037873,15.074402,0.0,0.0,0.0,0.0,0.0,0.0,0.0,0.0
48698,2023.0,12.0,5.0,4.0,15.759102,15.723829,15.009428,14.928145,15.439946,15.223705,15.252798,15.050115,15.022334,15.107343,15.034451,15.248181,16.52355,16.269897,15.570364,15.358757,15.036104,15.042664,0.0,0.0,0.0,0.0,0.0,0.0,0.0,0.0
48699,2023.0,12.0,5.0,4.0,15.729467,15.704671,15.005488,14.938029,15.400855,15.18773,15.214137,15.014197,15.313394,15.668155,14.998959,15.171659,16.48857,16.236319,15.531121,15.321008,15.005768,15.019175,0.0,0.0,0.0,4.0,4.0,0.0,0.0,0.0
48700,2023.0,12.0,5.0,4.0,15.691816,15.665195,15.00667,14.957148,15.360172,15.147789,15.173911,14.974366,14.976958,14.999591,15.006256,15.194381,16.452492,16.200369,15.491391,15.281627,15.011335,15.051564,0.0,0.0,0.0,0.0,4.0,0.0,0.0,0.0
48701,2023.0,12.0,5.0,4.0,15.651632,15.622168,15.012803,14.985241,15.31788,15.103952,15.132336,14.931077,15.047715,15.162637,15.036612,15.280862,16.41606,16.163422,15.451272,15.240866,15.018689,15.084938,0.0,0.0,0.0,0.0,0.0,0.0,0.0,0.0
48702,2023.0,12.0,5.0,5.0,15.610884,15.577821,15.013739,14.998695,15.278254,15.064973,15.09337,14.892481,15.022751,15.12131,15.035833,15.270421,16.380838,16.128532,15.412605,15.202587,15.019309,15.096515,0.0,0.0,0.0,0.0,0.0,0.0,0.0,0.0
48703,2023.0,12.0,5.0,5.0,15.585262,15.564261,15.014901,15.01337,15.239363,15.026883,15.055136,14.854782,15.024679,15.153788,15.035889,15.2727165,16.346083,16.094301,15.374581,15.165113,15.021788,15.114218,0.0,0.0,0.0,0.0,0.0,0.0,0.0,0.0
48704,2023.0,12.0,5.0,5.0,15.555729,15.53833,15.015106,15.025414,15.200992,14.989265,15.017448,14.817591,15.026077,15.16933,15.035912,15.27408,16.31169,16.060425,15.337038,15.128113,15.022046,15.125292,0.0,0.0,0.0,0.0,0.0,0.0,0.0,0.0
48705,2023.0,12.0,5.0,5.0,15.523973,15.508477,15.007443,15.022255,15.166549,14.958927,15.000742,14.820338,15.0134735,15.158532,15.000755,15.197061,16.279634,16.030874,16.370863,17.106882,15.010859,15.115142,0.0,0.0,0.0,0.0,4.0,0.0,4.0,0.0
48706,2023.0,12.0,5.0,5.0,15.486156,15.467648,15.008743,15.03647,15.130018,14.922746,15.002967,14.850738,15.015363,15.174304,15.022584,15.262433,16.245836,15.997645,15.51906,15.116116,15.012922,15.130124,0.0,0.0,0.0,0.0,0.0,0.0,0.0,0.0
48707,2023.0,12.0,5.0,5.0,15.4452095,15.421268,15.008997,15.04796,15.092707,14.8848095,15.003518,14.874211,15.015404,15.18458,15.018639,15.258364,16.211504,15.96303,15.039432,14.553519,15.478913,16.001743,0.0,0.0,0.0,0.0,0.0,0.0,0.0,4.0
48708,2023.0,12.0,5.0,6.0,15.405504,15.377466,15.0181265,15.077335,15.053871,14.844046,15.005647,14.899858,15.030648,15.223769,15.038096,15.299445,16.176956,15.927701,15.005894,14.602645,15.68202,16.239653,0.0,0.0,0.0,0.0,0.0,0.0,0.0,4.0
48709,2023.0,12.0,5.0,6.0,20.48642,24.245016,15.008481,15.066876,20.295523,23.97858,20.183903,23.908278,15.014079,15.196427,15.016727,15.258274,21.014502,24.120146,20.734465,24.281605,19.612297,22.94989,0.0,0.0,0.0,0.0,0.0,4.0,0.0,0.0
48710,2023.0,12.0,5.0,6.0,21.063723,24.672956,15.010125,15.079586,21.078627,24.749931,21.097557,24.906975,15.016068,15.205435,15.0038805,15.221769,21.091198,24.009706,21.677004,25.546682,16.550861,16.42713,0.0,0.0,0.0,0.0,4.0,0.0,0.0,0.0
48711,2023.0,12.0,5.0,6.0,21.099699,24.297709,15.010411,15.0885315,21.101831,24.311548,21.10337,24.422739,15.015772,15.204695,19.513458,22.967794,20.8319,23.163328,22.182793,25.933554,15.782298,15.977815,0.0,0.0,0.0,0.0,0.0,0.0,0.0,4.0
48712,2023.0,12.0,5.0,6.0,21.092371,23.986887,15.009999,15.094145,21.095854,23.976519,21.099579,24.085283,15.015445,15.201077,16.971073,17.397968,21.215645,23.580984,22.503353,26.008326,20.415045,24.02589,0.0,0.0,0.0,0.0,0.0,0.0,0.0,4.0
48713,2023.0,12.0,5.0,6.0,21.090475,23.776806,15.010533,15.101134,21.093374,23.74502,21.07432,23.786,15.015189,15.201171,15.241683,15.03941,21.0852,23.16327,20.887909,22.899519,20.022255,22.801888,0.0,0.0,4.0,0.0,0.0,0.0,0.0,4.0
48714,2023.0,12.0,5.0,7.0,21.057264,23.544428,15.223636,15.492826,21.08543,23.565638,21.094992,23.683378,15.249752,15.626714,15.245926,15.320206,21.07333,23.01278,21.079235,23.190275,20.11484,22.698326,4.0,0.0,0.0,4.0,4.0,0.0,4.0,0.0
48715,2023.0,12.0,5.0,7.0,21.116833,23.527832,19.412752,22.642054,21.089773,23.450214,21.090635,23.547796,19.770105,23.215342,19.689974,22.703367,21.987692,24.537392,21.766243,24.220076,17.948328,18.256361,0.0,0.0,0.0,0.0,0.0,0.0,0.0,4.0
48716,2023.0,12.0,5.0,7.0,21.078524,23.314127,17.116447,17.594244,21.063116,23.283098,21.066692,23.381958,17.436613,18.194748,17.464293,18.081497,20.97017,22.540348,20.958979,22.703632,20.337234,23.000702,0.0,4.0,4.0,4.0,4.0,0.0,0.0,4.0
48717,2023.0,12.0,5.0,7.0,21.145746,23.362286,15.962244,16.212324,21.149319,23.386036,21.150938,23.444935,20.76023,24.411898,20.230064,23.458744,21.129349,22.811611,22.405502,25.07106,20.976414,23.752844,4.0,4.0,0.0,4.0,4.0,4.0,4.0,0.0
48718,2023.0,12.0,5.0,7.0,22.2555,25.100298,20.622713,24.275356,22.181211,24.953386,21.625502,24.220606,20.8049,24.08063,20.066206,22.72966,21.567455,23.493954,21.694832,23.765785,18.018549,17.764425,4.0,4.0,0.0,0.0,0.0,0.0,0.0,0.0
48719,2023.0,12.0,5.0,7.0,21.751116,23.958797,19.96344,22.583073,21.859955,24.153414,22.158571,24.893642,17.8981,18.112143,17.21355,16.963696,21.793783,23.728588,21.919256,24.121609,17.32727,17.576717,4.0,4.0,4.0,4.0,0.0,0.0,4.0,4.0
48720,2023.0,12.0,5.0,8.0,22.672567,25.668903,20.133133,22.62716,22.112776,24.470312,21.802277,24.015154,20.436754,23.118576,16.017025,15.710455,22.264318,24.484814,21.9589,23.927935,20.436956,22.950083,0.0,0.0,4.0,4.0,0.0,0.0,0.0,4.0
48721,2023.0,12.0,5.0,8.0,19.94164,20.18595,17.467546,17.293213,19.82116,19.928759,18.680326,18.311903,20.062572,22.292713,16.163704,16.230198,20.542076,21.050674,19.734005,19.959728,20.029457,22.073742,0.0,4.0,0.0,0.0,4.0,4.0,4.0,4.0
48722,2023.0,12.0,5.0,8.0,18.69048,18.783728,16.307215,16.032557,17.892267,17.216919,17.312416,16.593988,17.452833,17.132675,20.433252,23.469633,19.404657,19.37818,18.29926,17.779997,21.35032,24.135538,0.0,0.0,0.0,0.0,0.0,4.0,0.0,0.0
48723,2023.0,12.0,5.0,8.0,18.349155,18.45537,16.033922,15.768255,17.81444,17.604084,16.777843,16.023531,16.808851,16.828325,18.047403,18.605927,19.047049,19.035828,18.52741,18.78331,18.444042,18.250807,0.0,4.0,0.0,4.0,4.0,4.0,4.0,0.0
48724,2023.0,12.0,5.0,8.0,17.468737,16.991137,16.309406,16.435926,17.117413,16.437809,16.872719,16.498842,20.447935,23.172962,20.372938,22.865416,18.888609,18.893217,18.537472,18.818827,17.14731,16.505735,4.0,0.0,0.0,0.0,4.0,4.0,4.0,0.0
48725,2023.0,12.0,5.0,8.0,16.921425,16.374695,20.218742,23.385164,16.582588,15.821844,16.794798,16.507118,17.49857,17.250587,20.077978,22.24505,18.714798,18.725996,17.513988,17.033218,16.595808,15.968699,0.0,0.0,0.0,0.0,0.0,4.0,0.0,0.0
48726,2023.0,12.0,5.0,9.0,16.62571,16.086554,17.826004,18.253393,16.289553,15.534606,17.305765,17.647175,16.004646,15.418441,17.812563,17.72563,18.565962,18.588371,16.870832,16.285408,16.502083,16.20189,0.0,0.0,4.0,0.0,4.0,4.0,0.0,0.0
48727,2023.0,12.0,5.0,9.0,16.790594,16.61941,16.600876,16.371895,16.463617,16.084824,16.782322,16.645182,15.948126,15.649251,20.365993,22.46152,17.783941,17.211859,16.601595,16.009153,17.313965,17.90754,0.0,0.0,0.0,0.0,0.0,0.0,0.0,4.0
48728,2023.0,12.0,5.0,9.0,16.774754,16.67878,16.187614,15.915198,16.465641,16.173767,15.994125,15.36893,15.832354,15.595411,17.783365,17.46194,17.28532,16.621145,16.37214,15.795662,20.32299,23.049349,0.0,0.0,0.0,0.0,0.0,0.0,0.0,0.0
48729,2023.0,12.0,5.0,9.0,16.650524,16.570616,16.384771,16.503908,16.338282,16.060795,15.631436,14.941725,15.635635,15.412865,16.652515,16.326574,17.0399,16.374475,16.470219,16.202888,17.519411,17.28905,4.0,0.0,0.0,0.0,0.0,0.0,0.0,0.0
48730,2023.0,12.0,5.0,9.0,16.541725,16.465256,20.207022,23.316332,16.230028,15.957571,15.821824,15.479285,15.483827,15.264232,16.411566,16.110912,16.885925,16.228367,16.449408,16.231043,16.486397,15.890918,0.0,0.0,0.0,0.0,0.0,0.0,0.0,0.0
48731,2023.0,12.0,5.0,9.0,16.414164,16.334244,17.860777,18.283358,16.114342,15.850288,15.863304,15.599055,15.328204,15.118716,16.143717,15.864408,17.069328,16.758173,16.343409,16.126781,16.367231,16.082987,0.0,0.0,0.0,0.0,0.0,0.0,0.0,0.0
48732,2023.0,12.0,5.0,10.0,16.314302,16.232922,16.608946,16.345686,16.017515,15.754219,15.788806,15.532796,15.206587,14.996494,15.943136,15.661507,17.088842,16.82738,16.247229,16.027737,16.229088,15.988404,0.0,0.0,0.0,0.0,0.0,0.0,0.0,0.0
48733,2023.0,12.0,5.0,10.0,16.223896,16.146128,16.26381,15.957733,15.927219,15.667772,15.70581,15.454107,15.096416,14.889657,15.760427,15.482162,17.021072,16.761969,16.157816,15.939197,16.048477,15.81487,0.0,0.0,0.0,0.0,0.0,0.0,0.0,0.0
48734,2023.0,12.0,5.0,10.0,16.949478,17.58743,16.065365,15.790684,16.605307,17.017527,16.393,16.81656,15.00537,14.805613,15.620409,15.365881,16.960993,16.7089,16.082714,15.871485,15.905154,15.691594,0.0,4.0,4.0,0.0,0.0,0.0,0.0,0.0
48735,2023.0,12.0,5.0,10.0,17.127426,17.805586,15.88864,15.620881,16.164454,16.101358,16.600666,17.104958,15.009636,14.88538,15.482732,15.238352,16.900919,16.65232,16.010187,15.802376,16.74463,17.405943,0.0,0.0,4.0,0.0,0.0,0.0,0.0,4.0
48736,2023.0,12.0,5.0,10.0,16.176987,15.950207,15.715147,15.458555,16.158924,16.213217,15.685153,15.312339,15.008723,14.937824,15.340011,15.107308,16.838894,16.594652,15.935341,15.731732,20.289116,23.384893,0.0,4.0,0.0,0.0,0.0,0.0,0.0,0.0
48737,2023.0,12.0,5.0,10.0,15.661427,15.277367,16.029013,16.18324,16.222624,16.306658,15.1417885,14.573848,15.009337,14.9788885,15.208931,14.983781,16.781172,16.540184,15.866358,15.665935,17.345253,17.21489,4.0,4.0,0.0,0.0,0.0,0.0,0.0,0.0
48738,2023.0,12.0,5.0,11.0,15.487194,15.08787,20.183702,23.508919,16.225927,16.320292,15.674966,15.707395,15.009819,15.009621,15.09066,14.869125,17.503988,17.954634,15.804438,15.60701,15.926583,15.446153,0.0,4.0,4.0,0.0,0.0,4.0,0.0,0.0
48739,2023.0,12.0,5.0,11.0,16.129627,16.389389,17.71164,18.15056,15.546893,15.065764,15.921347,16.043842,15.009886,15.032108,14.998335,14.796721,17.851934,18.38205,15.7472725,15.551484,15.829794,15.592726,0.0,0.0,4.0,0.0,0.0,4.0,0.0,0.0
48740,2023.0,12.0,5.0,11.0,16.386383,16.716822,16.135874,15.995876,15.88575,15.923147,15.944706,16.07683,15.010234,15.049607,15.009968,14.87747,16.835438,16.346066,16.745506,17.477633,15.751868,15.55235,0.0,4.0,4.0,0.0,0.0,0.0,4.0,0.0
48741,2023.0,12.0,5.0,11.0,15.726811,15.462808,16.249844,16.439123,15.41677,14.943396,15.949678,16.08792,15.010457,15.063064,15.008188,14.916548,16.393196,15.827092,15.907904,15.530632,15.620469,15.429538,4.0,0.0,4.0,0.0,0.0,0.0,0.0,0.0
48742,2023.0,12.0,5.0,11.0,15.376392,15.021792,20.134195,23.175764,15.780176,15.828291,15.267947,14.822456,15.010769,15.074282,15.009087,14.94919,17.087986,17.249945,15.432812,14.977645,15.499456,15.31336,0.0,4.0,0.0,0.0,0.0,4.0,0.0,0.0
48743,2023.0,12.0,5.0,11.0,15.258318,14.904523,17.81376,18.210064,15.329008,14.87249,15.004467,14.558857,15.010654,15.082324,15.008362,14.968587,16.572699,16.071821,15.301823,14.843642,15.389159,15.203596,0.0,0.0,0.0,0.0,0.0,0.0,0.0,0.0
48744,2023.0,12.0,5.0,12.0,16.27239,16.923187,16.270922,16.127117,14.998952,14.472579,15.543371,15.638137,15.011,15.090097,15.009029,14.986087,16.2426,15.689457,15.467054,15.266162,15.295224,15.115312,0.0,0.0,4.0,0.0,0.0,0.0,0.0,0.0
48745,2023.0,12.0,5.0,12.0,20.875698,24.552473,16.366728,16.555649,20.769539,24.52932,20.75707,24.590872,15.011179,15.096248,15.009399,15.000591,20.232447,22.585154,21.129948,24.76276,15.208663,15.026674,4.0,4.0,4.0,0.0,0.0,0.0,0.0,0.0
48746,2023.0,12.0,5.0,12.0,21.39134,24.874632,20.275534,23.387499,21.219917,24.671741,20.864815,24.198723,15.010793,15.097227,15.009766,15.012017,21.300472,24.262411,21.792654,25.491716,15.133541,14.952265,0.0,4.0,0.0,0.0,0.0,0.0,0.0,0.0
48747,2023.0,12.0,5.0,12.0,21.032272,23.85644,17.831034,18.195742,21.090618,24.02642,21.158083,24.296446,15.010176,15.094723,15.00891,15.016127,21.634192,24.43114,22.652857,26.557352,15.072418,14.892994,0.0,0.0,0.0,0.0,0.0,0.0,0.0,0.0
48748,2023.0,12.0,5.0,12.0,21.096285,23.737358,16.303135,16.140896,21.092896,23.717722,21.111094,23.892265,15.010424,15.093904,15.009446,15.021933,20.993822,22.995432,23.039307,26.694113,15.021536,14.8437195,0.0,4.0,0.0,0.0,0.0,0.0,4.0,0.0
48749,2023.0,12.0,5.0,12.0,21.08494,23.540997,15.950867,15.736201,21.091223,23.509851,21.09144,23.68353,15.010177,15.093131,15.009671,15.027906,21.079758,23.010818,20.852009,22.555456,15.001618,14.846421,0.0,4.0,0.0,0.0,0.0,0.0,0.0,0.0
48750,2023.0,12.0,5.0,13.0,21.108389,23.477291,15.738669,15.517022,21.088495,23.357065,21.091745,23.558193,15.010608,15.094413,15.009897,15.03437,21.066216,22.865051,21.131977,23.073286,15.003767,14.875593,0.0,4.0,0.0,0.0,0.0,0.0,0.0,0.0
48751,2023.0,12.0,5.0,13.0,21.099846,23.356396,16.072292,16.288668,21.08515,23.240438,21.088703,23.456982,15.010699,15.0959835,15.010254,15.04138,21.066687,22.775652,21.08767,22.937836,15.00415,14.895636,4.0,4.0,0.0,0.0,0.0,0.0,0.0,0.0
48752,2023.0,12.0,5.0,13.0,21.885317,24.491915,20.173996,23.36802,21.779797,24.234976,21.82992,24.443005,15.010597,15.097515,15.010589,15.0475445,21.445007,23.26462,21.928822,24.171247,15.004248,14.911186,0.0,4.0,4.0,0.0,0.0,4.0,0.0,0.0
48753,2023.0,12.0,5.0,13.0,20.920807,22.751421,17.811247,18.276619,20.929781,22.665642,21.04122,23.156761,15.505143,16.016338,15.155457,15.309264,21.049376,22.570082,21.040106,22.741169,15.004267,14.924173,0.0,0.0,0.0,4.0,4.0,0.0,0.0,0.0
48754,2023.0,12.0,5.0,13.0,21.12648,23.159372,16.228437,16.104586,21.122032,23.034233,21.11393,23.232084,20.382557,24.158258,20.199316,23.633366,21.084255,22.569868,21.077566,22.818409,15.004768,14.936406,0.0,0.0,0.0,0.0,0.0,0.0,0.0,0.0
48755,2023.0,12.0,5.0,13.0,21.090933,23.060472,16.319925,16.515436,21.095278,22.956549,21.102242,23.151613,16.931442,16.941292,17.4876,17.971281,21.050072,22.431145,21.448511,23.562325,15.005044,14.947465,4.0,0.0,0.0,0.0,0.0,4.0,0.0,0.0
48756,2023.0,12.0,5.0,14.0,22.189339,24.796484,20.219995,23.438692,21.163456,23.110863,21.15867,23.2617,15.210995,14.73866,16.120575,16.268929,21.67571,23.478073,21.187923,23.02058,15.005089,14.9575405,0.0,0.0,0.0,0.0,4.0,4.0,0.0,0.0
48757,2023.0,12.0,5.0,14.0,19.990417,20.414967,17.78788,18.206375,19.208063,19.35401,19.058641,19.214643,15.122163,14.888081,20.418156,23.568031,19.506023,19.145756,19.20715,19.192953,15.259948,15.073718,0.0,0.0,0.0,0.0,0.0,0.0,0.0,0.0
48758,2023.0,12.0,5.0,14.0,18.4565,18.45438,16.307606,16.20878,18.696104,19.069391,17.841026,17.665257,15.081014,14.890769,17.7605,18.147757,18.30677,17.65703,19.212437,19.881828,14.992788,14.870433,0.0,4.0,0.0,0.0,0.0,0.0,4.0,0.0
48759,2023.0,12.0,5.0,14.0,18.65976,19.23065,15.936783,15.740623,17.95421,17.825369,17.37183,17.147003,14.999376,14.848064,16.168917,15.986217,17.912542,17.250135,18.004688,17.552765,15.009372,14.938272,0.0,0.0,0.0,0.0,0.0,0.0,0.0,0.0
48760,2023.0,12.0,5.0,14.0,18.0104,18.063787,15.716475,15.496121,17.037064,16.427032,17.054909,16.823032,15.010454,14.943946,15.769782,15.535772,18.78144,19.188318,17.246029,16.687595,15.006682,14.964289,0.0,0.0,0.0,0.0,0.0,4.0,0.0,0.0
48761,2023.0,12.0,5.0,14.0,17.842646,18.053288,16.032866,16.22145,16.573196,15.902924,16.799017,16.566872,15.010439,14.996554,15.536223,15.2979,18.661863,18.748766,17.962477,18.334084,15.776745,16.435415,4.0,0.0,0.0,0.0,0.0,4.0,4.0,4.0
48762,2023.0,12.0,5.0,15.0,17.060999,16.694313,20.091463,23.32824,16.63962,16.306189,16.58606,16.357153,15.011105,15.037033,15.349263,15.112249,18.485493,18.576706,17.248085,16.832294,19.881367,23.257587,0.0,0.0,0.0,0.0,0.0,4.0,0.0,0.0
48763,2023.0,12.0,5.0,15.0,16.596033,16.157675,18.043106,18.772985,16.605095,16.343082,16.403982,16.177319,15.011281,15.06691,15.194278,14.965611,17.715878,17.20603,16.676147,16.158773,16.910416,16.896,4.0,0.0,0.0,0.0,0.0,0.0,0.0,0.0
48764,2023.0,12.0,5.0,15.0,16.360868,15.918897,20.269762,23.119564,16.468088,16.217058,16.245996,16.021828,15.012071,15.091632,15.058984,14.834224,17.247904,16.641117,16.412674,15.889961,15.375016,14.978946,4.0,0.0,0.0,0.0,0.0,0.0,0.0,0.0
48765,2023.0,12.0,5.0,15.0,17.287668,17.86914,20.057442,22.393423,17.053852,17.436123,16.832508,17.2455,15.012352,15.110398,15.363796,15.514535,17.031303,16.42072,16.490185,16.241385,15.2504225,15.048399,0.0,4.0,4.0,0.0,4.0,0.0,0.0,0.0
48766,2023.0,12.0,5.0,15.0,16.647236,16.424707,17.546167,17.36466,17.302528,17.785114,17.067326,17.56036,15.5821085,15.884622,20.154371,23.38319,16.876713,16.274906,16.47136,16.26434,15.168343,14.994886,0.0,4.0,4.0,0.0,0.0,0.0,0.0,0.0
48767,2023.0,12.0,5.0,15.0,16.090633,15.692168,16.9316,17.069181,16.338104,15.93948,16.133509,15.7752,15.024105,15.001698,17.579168,18.040205,17.04631,16.756413,16.374752,16.177887,15.047771,14.876304,4.0,0.0,0.0,0.0,0.0,0.0,0.0,0.0
48768,2023.0,12.0,5.0,16.0,16.639845,16.880074,20.245876,23.020689,16.445156,16.447113,16.244158,16.282751,15.031276,15.089354,15.86843,15.679755,17.079756,16.834974,16.267548,16.067171,15.004983,14.894749,4.0,4.0,4.0,0.0,0.0,0.0,0.0,0.0
48769,2023.0,12.0,5.0,16.0,16.85392,17.162268,20.046656,22.276995,15.887938,15.355616,15.6760025,15.169604,15.010363,15.089244,15.488539,15.258059,17.010244,16.767494,16.164915,15.96242,15.010216,14.964299,4.0,0.0,0.0,0.0,0.0,0.0,0.0,0.0
48770,2023.0,12.0,5.0,16.0,16.136974,15.826856,20.090862,22.146915,15.516528,14.902238,16.029615,16.072197,15.014147,15.124862,15.285947,15.053253,16.935133,16.69168,16.071014,15.86781,15.009823,15.007482,4.0,0.0,4.0,0.0,0.0,0.0,0.0,0.0
48771,2023.0,12.0,5.0,16.0,15.751597,15.345802,20.083687,21.986876,15.356487,14.737723,16.201014,16.301422,15.445113,15.945425,15.130174,14.902991,17.651484,18.10952,15.983357,15.779495,15.010885,15.042731,4.0,0.0,4.0,4.0,0.0,4.0,0.0,0.0
48772,2023.0,12.0,5.0,16.0,16.354475,16.60083,20.083588,21.883608,16.293716,16.643969,16.187649,16.288816,19.947586,23.564423,14.999719,14.792,16.846405,16.341154,15.90213,15.698684,15.011144,15.069021,4.0,4.0,4.0,0.0,0.0,0.0,0.0,0.0
48773,2023.0,12.0,5.0,16.0,15.91158,15.634073,20.099457,21.85316,16.721941,17.212927,16.161324,16.260733,16.813297,16.824957,15.012877,14.893386,17.215473,17.354488,15.825284,15.621097,15.011417,15.090086,0.0,4.0,4.0,0.0,0.0,4.0,0.0,0.0
48774,2023.0,12.0,5.0,17.0,16.291561,16.54877,17.899036,17.57999,15.824619,15.448598,15.458312,14.972957,15.750298,15.887685,15.010132,14.943065,16.710154,16.217686,15.753654,15.5487995,15.011999,15.107997,0.0,0.0,0.0,4.0,0.0,0.0,0.0,0.0
48775,2023.0,12.0,5.0,17.0,16.487333,16.785975,16.961636,16.65304,15.26409,14.674807,15.060088,14.464445,20.121784,23.298456,15.011892,14.988635,17.13206,17.269993,15.683161,15.475934,15.012629,15.123667,0.0,0.0,0.0,0.0,0.0,4.0,0.0,0.0
48776,2023.0,12.0,5.0,17.0,16.49084,16.775112,16.698078,16.41759,15.060209,14.435599,15.607933,15.61291,17.427101,17.751581,15.012654,15.023689,17.314686,17.434969,16.660831,17.37226,15.013242,15.137826,0.0,0.0,4.0,4.0,0.0,4.0,4.0,0.0
48777,2023.0,12.0,5.0,17.0,15.803962,15.490625,16.43152,16.148518,15.003845,14.433159,15.836952,15.9213085,20.222578,23.21045,15.013447,15.052248,16.578468,16.032457,15.784474,15.35878,15.013735,15.150232,0.0,0.0,4.0,0.0,0.0,0.0,0.0,0.0
48778,2023.0,12.0,5.0,17.0,16.162071,16.37736,16.201366,15.913973,15.942162,16.298412,15.839612,15.919161,17.726078,17.995287,15.014158,15.075937,17.00934,17.120686,15.277298,14.777409,15.014197,15.161411,0.0,4.0,4.0,4.0,0.0,4.0,0.0,0.0
48779,2023.0,12.0,5.0,17.0,16.359667,16.6265,16.462914,16.569538,16.364935,16.843267,15.822512,15.893404,20.290648,23.10924,15.014863,15.096198,17.20001,17.300497,15.12398,14.61558,15.014505,15.171481,4.0,4.0,4.0,0.0,0.0,4.0,0.0,0.0
48780,2023.0,12.0,5.0,18.0,16.378765,16.646141,20.262848,23.298943,16.060938,16.164581,15.799354,15.861358,17.336248,17.112816,15.015611,15.113544,16.484688,15.941331,15.2851095,15.051213,15.015198,15.182692,4.0,4.0,4.0,0.0,0.0,0.0,0.0,0.0
48781,2023.0,12.0,5.0,18.0,20.323664,23.507273,20.062067,22.4587,20.870543,24.628126,20.079428,23.384172,15.72582,15.092179,15.015798,15.126608,21.118172,24.125332,21.025475,24.775204,15.605853,16.281315,0.0,4.0,0.0,0.0,0.0,4.0,0.0,4.0
48782,2023.0,12.0,5.0,18.0,21.059504,24.298578,17.749771,17.717907,20.890242,24.063679,21.152027,24.682632,16.433031,16.872345,15.015672,15.135165,20.677023,23.061417,21.502752,25.108223,19.775904,23.33415,4.0,0.0,4.0,4.0,0.0,0.0,0.0,0.0
48783,2023.0,12.0,5.0,18.0,21.69208,24.90451,20.221912,22.720123,21.604364,24.82004,21.192106,24.29146,20.303717,23.449072,15.016217,15.14336,21.609312,24.366539,22.38859,26.248611,16.47577,16.328098,0.0,4.0,0.0,0.0,0.0,4.0,0.0,0.0
48784,2023.0,12.0,5.0,18.0,20.97664,23.35816,17.922464,17.903246,21.002895,23.442604,21.086184,23.766697,17.177416,16.947079,15.015929,15.148682,21.03737,23.051142,22.44458,25.874022,15.830384,16.14394,4.0,4.0,4.0,0.0,0.0,0.0,0.0,4.0
48785,2023.0,12.0,5.0,18.0,21.552677,24.296038,20.217419,22.624022,21.148252,23.547087,21.136456,23.6572,16.340622,16.40516,15.016628,15.15542,21.806198,24.324654,21.788792,24.411715,20.387783,23.978926,4.0,4.0,4.0,4.0,0.0,4.0,4.0,4.0
48786,2023.0,12.0,5.0,19.0,22.474981,25.660011,20.060932,22.061945,22.148727,25.021688,21.852121,24.734438,20.446224,23.409653,15.016564,15.159541,21.5805,23.71246,22.07966,24.554413,20.057714,22.92838,0.0,4.0,0.0,0.0,0.0,0.0,4.0,0.0
48787,2023.0,12.0,5.0,19.0,20.904728,22.694178,17.65467,17.287815,20.91824,22.708046,20.98143,22.995092,17.27594,17.022663,15.0162115,15.161453,21.029236,22.578825,21.093327,22.924759,16.97797,16.687813,0.0,4.0,4.0,0.0,0.0,0.0,0.0,0.0
48788,2023.0,12.0,5.0,19.0,21.104988,23.074734,16.6914,16.351463,21.11074,23.057549,21.129198,23.248993,16.036552,15.771049,15.016683,15.166135,21.095078,22.64881,22.92998,26.095215,15.551116,14.979894,0.0,4.0,0.0,0.0,0.0,0.0,0.0,0.0
48789,2023.0,12.0,5.0,19.0,21.072393,22.991312,16.46321,16.148754,21.10408,23.029858,21.10292,23.144018,15.791044,15.536696,15.017007,15.171687,21.032162,22.499374,20.718695,21.973408,15.495769,15.268928,0.0,0.0,0.0,0.0,0.0,4.0,0.0,0.0
48790,2023.0,12.0,5.0,19.0,21.104237,23.051167,16.238188,15.9374695,21.102915,22.987183,21.058449,23.040384,15.574173,15.336054,15.016942,15.176779,21.094822,22.593973,21.136028,22.876,15.366767,15.150866,0.0,0.0,4.0,0.0,0.0,0.0,0.0,0.0
48791,2023.0,12.0,5.0,19.0,21.070454,22.93644,16.533699,16.671354,21.101425,22.9472,21.09055,23.05362,15.382601,15.151842,15.017374,15.182848,21.084051,22.528034,21.069843,22.78266,15.188473,14.973436,4.0,0.0,4.0,0.0,0.0,0.0,0.0,0.0
48792,2023.0,12.0,5.0,20.0,22.108341,24.604694,20.145582,23.059885,21.162498,23.068335,21.15214,23.140148,15.2197485,14.992547,15.01749,15.187705,21.734308,23.549957,21.217178,23.070112,16.0062,16.656452,0.0,4.0,4.0,0.0,0.0,0.0,4.0,4.0
48793,2023.0,12.0,5.0,20.0,20.907688,22.423082,18.162045,18.714336,21.059269,22.86853,21.109812,23.040232,15.827787,16.263716,15.017178,15.1902685,20.9556,22.144087,21.103811,22.840672,20.237534,23.758165,4.0,4.0,0.0,4.0,0.0,0.0,0.0,0.0
48794,2023.0,12.0,5.0,20.0,22.086058,24.410816,20.292082,22.970892,21.167427,23.057236,21.156752,23.080935,20.426619,23.954674,15.017858,15.193876,21.776827,23.55959,21.18099,22.969591,17.493677,17.825937,0.0,0.0,4.0,0.0,0.0,0.0,0.0,4.0
48795,2023.0,12.0,5.0,20.0,20.901386,22.305079,17.549324,17.298447,21.074492,22.810434,21.084366,22.907763,16.971851,16.791824,15.017179,15.193149,20.947561,22.05258,21.093346,22.767002,20.506523,23.62008,0.0,4.0,4.0,0.0,0.0,0.0,0.0,4.0
48796,2023.0,12.0,5.0,20.0,21.12478,22.803677,16.379026,15.990216,21.079521,22.791767,21.082619,22.881067,15.278011,14.679417,15.017809,15.1961565,21.04864,22.284586,21.071806,22.743546,20.051504,22.577372,4.0,4.0,4.0,0.0,0.0,4.0,0.0,0.0
48797,2023.0,12.0,5.0,20.0,21.838596,23.82762,20.132143,22.762661,21.727888,23.70556,21.675585,23.710928,15.254261,14.986936,15.01818,15.1998825,21.629663,23.151081,21.972775,24.09406,17.176971,16.82169,0.0,4.0,4.0,0.0,0.0,4.0,0.0,0.0
48798,2023.0,12.0,5.0,21.0,21.028307,22.559397,17.807714,17.805315,21.05899,22.64768,21.100214,22.844465,15.958962,16.388233,15.017913,15.202066,21.035389,22.18551,21.029613,22.586363,15.799811,15.192103,4.0,4.0,0.0,4.0,0.0,4.0,0.0,0.0
48799,2023.0,12.0,5.0,21.0,22.138826,24.3892,20.246038,22.799395,21.166668,22.862001,21.159828,22.93709,20.256573,23.49706,15.018447,15.205999,21.879654,23.576578,21.248064,23.01889,15.389178,14.789072,4.0,4.0,4.0,0.0,0.0,4.0,4.0,0.0
48800,2023.0,12.0,5.0,21.0,21.825285,23.69862,20.059652,22.13631,22.20624,24.592272,21.978897,24.210474,17.009336,16.78997,14.998227,15.158306,21.88532,23.463331,21.94287,24.134483,16.504114,17.199198,0.0,0.0,4.0,0.0,4.0,0.0,4.0,4.0
48801,2023.0,12.0,5.0,21.0,21.104773,22.60547,17.900957,17.787582,20.91993,22.20554,21.061682,22.665821,15.343974,14.730545,19.700817,22.950962,20.950045,21.782486,20.901705,22.150105,20.379288,23.66055,4.0,4.0,4.0,0.0,0.0,4.0,0.0,4.0
48802,2023.0,12.0,5.0,21.0,21.153267,22.754192,20.25114,22.557873,21.180538,22.762833,21.156424,22.86427,15.319597,15.0461035,17.039526,17.413223,21.141512,22.229052,21.198809,22.778204,20.066734,22.68127,4.0,4.0,4.0,0.0,0.0,4.0,0.0,0.0
48803,2023.0,12.0,5.0,21.0,21.867626,24.038649,20.061453,21.9584,21.093725,22.628517,21.075272,22.702108,15.266533,15.033634,15.304315,15.066465,21.884233,23.446337,21.083183,22.559355,17.162119,16.825275,0.0,0.0,4.0,0.0,0.0,4.0,0.0,0.0
48804,2023.0,12.0,5.0,22.0,21.030254,22.55362,18.043394,17.93022,21.069456,22.566399,21.1034,22.778015,15.11442,14.880705,15.331409,15.393954,20.939173,21.758137,21.08965,22.578653,15.780148,15.175012,4.0,4.0,0.0,0.0,4.0,0.0,0.0,0.0
48805,2023.0,12.0,5.0,22.0,22.338028,24.790152,20.24447,22.437056,21.79099,23.666714,21.716644,23.577978,15.57596,15.872172,20.140512,23.43181,21.809147,23.243753,21.737494,23.683897,16.154865,16.245872,0.0,4.0,4.0,4.0,0.0,4.0,0.0,4.0
48806,2023.0,12.0,5.0,22.0,20.909529,22.191563,17.825186,17.50377,20.922518,22.151718,21.074701,22.644747,20.512575,24.115963,17.355024,17.707367,21.013872,21.912952,20.91583,22.152483,20.448235,23.51619,0.0,0.0,0.0,4.0,0.0,4.0,0.0,0.0
48807,2023.0,12.0,5.0,22.0,21.087076,22.574375,16.78221,16.434826,21.117165,22.581144,21.07444,22.62886,20.052542,22.900991,15.657893,15.438713,21.083946,22.114277,21.051474,22.456615,17.808428,18.06223,0.0,0.0,4.0,0.0,0.0,0.0,4.0,4.0
48808,2023.0,12.0,5.0,22.0,21.063112,22.55884,17.023184,17.100706,21.063784,22.474346,21.101093,22.705462,17.520782,17.647606,15.27028,15.01641,21.044842,22.037802,21.095291,22.577656,20.46957,23.261787,4.0,4.0,0.0,4.0,0.0,4.0,0.0,0.0
48809,2023.0,12.0,5.0,22.0,21.066515,22.584639,20.26041,22.914202,21.097136,22.573519,21.095102,22.688503,20.460335,23.252258,15.030926,14.770545,21.050817,22.068724,21.086899,22.55587,17.97989,18.200071,0.0,0.0,0.0,0.0,0.0,4.0,0.0,4.0
48810,2023.0,12.0,5.0,23.0,21.091936,22.664036,18.099823,18.355558,21.090647,22.562147,21.070135,22.681995,17.374619,17.080458,15.16387,15.187756,21.08012,22.157696,21.04837,22.444096,20.450693,23.044533,0.0,0.0,0.0,0.0,4.0,0.0,4.0,4.0
48811,2023.0,12.0,5.0,23.0,19.042107,18.735153,16.749048,16.5215,19.462694,19.485134,19.331705,19.375181,16.179335,15.904168,15.184124,15.221972,19.233837,18.613554,18.91205,18.388025,18.090004,18.31704,0.0,0.0,0.0,0.0,4.0,0.0,0.0,4.0
48812,2023.0,12.0,5.0,23.0,18.08725,17.403612,16.424644,16.112333,18.60962,18.267143,18.447233,18.12525,15.965076,15.708865,14.989112,14.949314,18.500427,17.66787,18.056646,17.318779,16.64709,16.046333,0.0,0.0,0.0,0.0,0.0,0.0,0.0,0.0
48813,2023.0,12.0,5.0,23.0,18.06618,17.842512,16.198421,15.880527,18.15274,17.78548,17.98196,17.638103,16.359459,16.67439,15.000997,15.030598,18.56754,18.181715,17.601643,16.877447,15.990313,15.348329,0.0,0.0,0.0,4.0,4.0,0.0,0.0,0.0
48814,2023.0,12.0,5.0,23.0,17.913015,17.744745,16.496017,16.598995,17.825594,17.462694,17.646086,17.30701,15.852461,15.661077,15.0210285,15.112929,18.463234,18.130774,17.622217,17.290668,15.620043,14.991897,4.0,0.0,0.0,0.0,0.0,0.0,0.0,0.0
48815,2023.0,12.0,5.0,23.0,17.681953,17.520914,16.109283,15.865129,17.552485,17.190607,17.365772,17.027836,15.127109,14.557102,15.017661,15.13634,18.271229,17.950779,17.501556,17.215086,15.667889,15.391153,0.0,0.0,0.0,0.0,0.0,0.0,0.0,0.0
48816,2023.0,12.0,6.0,0.0,17.462729,17.293839,15.788214,15.456995,17.307358,16.934074,17.114601,16.76496,15.020719,14.665607,15.032491,15.190438,18.080725,17.752815,17.295101,17.012093,15.577903,15.334348,0.0,0.0,0.0,0.0,0.0,0.0,0.0,0.0
48817,2023.0,12.0,6.0,0.0,17.282198,17.11869,15.644482,15.314923,17.110373,16.74356,16.913046,16.569878,15.011911,14.773947,15.033785,15.202869,17.91661,17.589853,17.108711,16.833818,15.416272,15.180667,0.0,0.0,0.0,0.0,0.0,0.0,0.0,0.0
48818,2023.0,12.0,6.0,0.0,17.123327,16.965315,15.525518,15.19768,16.937477,16.57663,16.736364,16.39906,15.0079975,14.8582325,15.03483,15.218117,17.770039,17.444069,16.935898,16.658398,15.260127,15.023669,0.0,0.0,0.0,0.0,0.0,0.0,0.0,0.0
48819,2023.0,12.0,6.0,0.0,16.990232,16.845676,15.4289465,15.111212,16.79437,16.44964,16.590307,16.269161,15.428688,15.70855,15.016739,15.1966095,17.644238,17.32464,16.786396,16.516033,15.123149,14.892724,0.0,0.0,0.0,4.0,0.0,0.0,0.0,0.0
48820,2023.0,12.0,6.0,0.0,16.862167,16.720612,15.335413,15.019739,16.657888,16.319336,17.183846,17.510456,14.971293,14.855829,15.020654,15.215667,17.52621,17.207844,16.647797,16.37935,15.718974,16.127192,0.0,0.0,4.0,0.0,0.0,0.0,0.0,4.0
48821,2023.0,12.0,6.0,0.0,16.741905,16.600111,15.247816,14.931821,16.530947,16.195055,16.717648,16.521856,15.328916,15.600598,15.020275,15.224812,17.416237,17.09684,16.518957,16.249569,15.263898,15.083425,0.0,0.0,0.0,4.0,0.0,0.0,0.0,0.0
48822,2023.0,12.0,6.0,1.0,16.632858,16.491632,15.167902,14.852051,16.415676,16.083036,15.903703,15.159948,15.149817,15.1043215,15.005368,15.193194,17.315798,16.99582,16.40134,16.131432,15.006824,14.836657,0.0,0.0,0.0,4.0,4.0,0.0,0.0,0.0
48823,2023.0,12.0,6.0,1.0,16.526552,16.380241,15.088204,14.76674,16.302137,15.96521,15.528713,14.70498,15.000974,14.935541,15.041007,15.293552,17.218828,16.894285,16.288795,16.014437,15.037526,14.95638,0.0,0.0,0.0,4.0,0.0,0.0,0.0,0.0
48824,2023.0,12.0,6.0,1.0,16.442598,16.30599,15.025405,14.709971,16.210781,15.883607,15.819878,15.461347,15.038112,15.063585,15.017711,15.248968,17.136505,16.815277,16.192562,15.921815,15.00568,14.945794,0.0,0.0,0.0,0.0,0.0,0.0,0.0,0.0
48825,2023.0,12.0,6.0,1.0,16.35343,16.21391,15.0026455,14.726141,16.115673,15.787119,15.870569,15.563011,15.0055685,14.992752,15.043061,15.307318,17.05468,16.731264,16.097952,15.825147,15.017776,15.023147,0.0,0.0,0.0,4.0,0.0,0.0,0.0,0.0
48826,2023.0,12.0,6.0,1.0,16.277317,16.143723,15.005342,14.774979,16.031128,15.706209,15.8012705,15.496715,15.054088,15.140563,15.016491,15.236101,16.980562,16.657625,16.011953,15.739825,15.02036,15.057655,0.0,0.0,0.0,0.0,4.0,0.0,0.0,0.0
48827,2023.0,12.0,6.0,1.0,16.201971,16.069128,15.00784,14.812713,15.951459,15.629829,15.726824,15.425085,15.053622,15.124163,15.044421,15.327958,16.910877,16.588377,15.931252,15.659752,15.022681,15.089596,0.0,0.0,0.0,0.0,0.0,0.0,0.0,0.0
48828,2023.0,12.0,6.0,2.0,16.135098,16.008501,15.005786,14.834875,15.880091,15.565618,15.6583805,15.363063,15.009139,15.081621,15.01823,15.2758665,16.846975,16.526798,15.857392,15.588756,15.44481,15.895386,0.0,0.0,0.0,0.0,0.0,0.0,0.0,4.0
48829,2023.0,12.0,6.0,2.0,16.079746,15.966973,15.006803,14.862491,15.8107395,15.501367,15.591609,15.300663,15.017474,15.124411,15.007769,15.2484045,16.786293,16.468376,16.832697,17.487095,15.259297,15.369214,0.0,0.0,0.0,0.0,4.0,0.0,4.0,4.0
48830,2023.0,12.0,6.0,2.0,16.022234,15.913885,15.007379,14.886187,15.742781,15.435406,15.525269,15.236023,15.016681,15.144194,15.026736,15.306895,16.72678,16.409363,15.894389,15.354359,15.006733,15.0321865,0.0,0.0,0.0,0.0,0.0,0.0,0.0,0.0
48831,2023.0,12.0,6.0,2.0,15.950438,15.833511,15.008158,14.908153,15.672849,15.362812,15.456724,15.164629,15.21665,15.523108,15.022949,15.304989,16.6666,16.346565,15.346906,14.722542,15.032839,15.102628,0.0,0.0,0.0,4.0,0.0,0.0,0.0,0.0
48832,2023.0,12.0,6.0,2.0,15.884787,15.763567,15.008503,14.927362,15.609072,15.300731,15.39422,15.103224,14.969238,15.072631,15.023746,15.310414,16.61103,16.29085,15.193706,14.573126,15.026293,15.102239,0.0,0.0,0.0,0.0,0.0,0.0,0.0,0.0
48833,2023.0,12.0,6.0,2.0,15.82712,15.708449,15.009328,14.946551,15.548356,15.243119,15.335158,15.046713,15.026256,15.195996,15.024391,15.316105,16.558655,16.239843,15.43552,15.179497,15.015341,15.119036,0.0,0.0,0.0,0.0,0.0,0.0,0.0,0.0
48834,2023.0,12.0,6.0,3.0,15.771601,15.655131,15.009426,14.963186,15.486683,15.181622,15.27507,14.986294,15.183411,15.489855,15.023979,15.319662,16.506039,16.186773,15.457997,15.190105,15.01769,15.15134,0.0,0.0,0.0,4.0,0.0,0.0,0.0,0.0
48835,2023.0,12.0,6.0,3.0,15.712831,15.592164,15.019711,14.99953,15.421747,15.111797,15.211734,14.9176855,15.061576,15.204738,15.048677,15.371816,16.45144,16.128391,15.403796,15.133006,15.030429,15.200041,0.0,0.0,0.0,0.0,0.0,0.0,0.0,0.0
48836,2023.0,12.0,6.0,3.0,15.65978,15.540882,15.0094,14.991271,15.36292,15.053846,15.154291,14.8604965,15.031765,15.182875,15.020696,15.319072,16.399137,16.074812,15.347636,15.076255,15.368453,15.830135,0.0,0.0,0.0,0.0,0.0,0.0,0.0,4.0
48837,2023.0,12.0,6.0,3.0,15.5996475,15.474042,15.011662,15.009523,15.301346,14.989167,15.094279,14.796723,15.033608,15.184398,15.025578,15.334324,16.345003,16.017462,15.288796,15.014866,14.977078,15.063673,0.0,0.0,0.0,0.0,0.0,0.0,0.0,0.0
48838,2023.0,12.0,6.0,3.0,15.538032,15.405096,15.023562,15.046603,15.236777,14.917618,15.031582,14.726784,15.035831,15.220152,15.050732,15.388717,16.289782,15.957769,15.227934,14.949821,15.062078,15.250972,0.0,0.0,0.0,0.0,0.0,0.0,0.0,0.0
48839,2023.0,12.0,6.0,3.0,15.47994,15.341935,15.024586,15.05706,15.176573,14.854092,15.001935,14.720548,15.038635,15.246371,15.050726,15.385206,16.236095,15.901031,15.168591,14.887984,15.034125,15.211638,0.0,0.0,0.0,0.0,0.0,0.0,0.0,0.0
48840,2023.0,12.0,6.0,4.0,15.423948,15.282537,15.025657,15.07003,15.117112,14.791204,15.004675,14.767435,15.040608,15.267905,15.051483,15.39121,16.1823,15.844156,15.1092,14.826069,15.035571,15.248701,0.0,0.0,0.0,0.0,0.0,0.0,0.0,0.0
48841,2023.0,12.0,6.0,4.0,15.374381,15.234943,15.026451,15.082363,15.064103,14.740515,15.007206,14.802495,15.125137,15.414334,15.05159,15.395951,16.132963,15.796212,15.053746,14.772006,15.037342,15.271984,0.0,0.0,0.0,4.0,0.0,0.0,0.0,0.0
48842,2023.0,12.0,6.0,4.0,15.327697,15.190607,15.026728,15.093718,15.013294,14.691898,15.008279,14.831652,15.073861,15.306098,15.051869,15.401731,16.085411,15.7500105,15.0000305,14.719638,15.038899,15.292548,0.0,0.0,0.0,0.0,0.0,0.0,0.0,0.0
48843,2023.0,12.0,6.0,4.0,15.295879,15.174654,15.026586,15.103838,15.001969,14.718774,15.010001,14.859722,15.040299,15.278013,15.052438,15.408066,16.038914,15.704849,15.003642,14.776864,15.040226,15.310067,0.0,0.0,0.0,0.0,0.0,0.0,0.0,0.0
48844,2023.0,12.0,6.0,4.0,15.260692,15.147093,15.130215,15.286362,15.004183,14.755489,15.006343,14.873841,15.020297,15.265537,15.0239935,15.362703,16.831463,17.248236,15.00476,14.802608,15.018963,15.284684,4.0,0.0,0.0,0.0,0.0,4.0,0.0,0.0
48845,2023.0,12.0,6.0,4.0,15.215282,15.099381,14.997514,15.05949,15.0046215,14.786076,15.007578,14.8980665,15.076401,15.361003,15.011983,15.3329935,16.33313,16.054453,15.005937,14.831072,15.022199,15.3055525,0.0,0.0,0.0,4.0,4.0,0.0,0.0,0.0
48846,2023.0,12.0,6.0,5.0,15.164465,15.042624,15.017194,15.115841,15.005554,14.814292,15.008028,14.919309,15.016896,15.28815,15.031299,15.39542,15.641942,14.899045,15.006741,14.855481,15.022067,15.317756,0.0,0.0,0.0,0.0,0.0,0.0,0.0,0.0
48847,2023.0,12.0,6.0,5.0,15.10839,14.976383,15.029567,15.151872,15.010187,14.849852,15.01638,14.956443,15.031774,15.267507,15.054825,15.4459305,15.377003,14.606654,15.011556,14.887957,15.044255,15.373089,0.0,0.0,0.0,4.0,0.0,0.0,0.0,0.0
48848,2023.0,12.0,6.0,5.0,15.072608,14.9513645,15.013519,15.128479,15.006375,14.86216,15.008161,14.955654,15.044296,15.312661,15.023707,15.387163,15.720232,15.41134,15.006729,14.893954,15.018875,15.330619,0.0,0.0,0.0,0.0,0.0,0.0,0.0,0.0
48849,2023.0,12.0,6.0,5.0,15.021997,14.891742,15.017041,15.145055,15.007948,14.886481,15.010513,14.977547,15.038987,15.294174,15.028955,15.402325,15.761068,15.421982,15.009278,14.916508,15.207317,15.668999,0.0,0.0,0.0,0.0,0.0,0.0,0.0,4.0
48850,2023.0,12.0,6.0,5.0,15.001096,14.893744,15.017134,15.154027,15.008432,14.906825,15.010504,14.993529,15.0223465,15.29184,15.0287485,15.406244,15.713829,15.3726845,15.009275,14.932905,15.006834,15.281587,0.0,0.0,0.0,0.0,0.0,0.0,0.0,0.0
48851,2023.0,12.0,6.0,5.0,15.003374,14.932152,15.034105,15.197197,15.017219,14.944689,15.021989,15.033293,15.047095,15.36537,15.031587,15.398898,15.669919,15.327869,15.017531,14.967654,15.077814,15.417479,0.0,0.0,0.0,0.0,4.0,0.0,0.0,0.0
48852,2023.0,12.0,6.0,6.0,15.006117,14.963042,15.034297,15.199435,15.018155,14.961,15.023343,15.046966,15.048271,15.375288,15.058762,15.478534,15.624601,15.280199,15.017902,14.979947,15.2328615,15.688568,0.0,0.0,0.0,0.0,0.0,0.0,0.0,4.0
48853,2023.0,12.0,6.0,6.0,20.283869,24.186481,15.016204,15.174764,20.233566,24.05525,20.173191,24.025295,15.015025,15.292624,15.025921,15.414478,20.727251,23.934484,20.498209,24.222708,19.307596,22.697401,0.0,0.0,0.0,4.0,0.0,4.0,0.0,0.0
48854,2023.0,12.0,6.0,6.0,20.964897,24.765,15.019444,15.165115,20.98374,24.750431,20.920107,24.725594,19.853973,23.701956,15.014913,15.383523,20.025822,22.421316,21.152416,24.997522,16.563173,16.7712,4.0,0.0,0.0,0.0,4.0,0.0,0.0,4.0
48855,2023.0,12.0,6.0,6.0,21.099293,24.536856,19.351938,22.663895,21.110632,24.49223,21.089584,24.558601,17.183199,17.836466,19.119091,22.485832,20.058718,22.179821,21.353308,24.925022,19.601948,22.815014,0.0,0.0,0.0,4.0,0.0,0.0,0.0,0.0
48856,2023.0,12.0,6.0,6.0,21.091436,24.159084,16.81495,17.16604,21.113705,24.149708,21.126663,24.265638,19.96668,23.226862,16.44466,16.738983,20.869701,23.2882,21.775843,25.22157,16.255037,15.894276,0.0,0.0,0.0,4.0,0.0,4.0,0.0,0.0
48857,2023.0,12.0,6.0,6.0,21.102547,23.970778,15.099576,14.785202,21.100725,23.884317,21.102459,23.973545,20.073982,23.020905,15.057456,15.008292,20.810934,22.95691,22.562721,26.301004,15.440874,15.428941,0.0,0.0,0.0,0.0,4.0,0.0,0.0,4.0
48858,2023.0,12.0,6.0,7.0,21.127935,23.792912,15.022102,14.879615,21.10136,23.712221,21.105162,23.804409,16.7152,16.251863,20.02753,23.341974,21.619003,24.164375,22.513258,25.818186,19.923275,23.043898,0.0,0.0,0.0,0.0,4.0,4.0,0.0,0.0
48859,2023.0,12.0,6.0,7.0,21.121847,23.615967,15.669208,15.15475,21.073837,23.509125,21.154503,23.770092,15.549222,14.839104,20.034197,23.178446,21.286291,23.381031,21.068283,23.14017,16.502127,16.117376,0.0,4.0,0.0,0.0,0.0,0.0,4.0,0.0
48860,2023.0,12.0,6.0,7.0,21.06619,23.424011,15.0047,14.955343,21.102192,23.49081,21.100063,23.55841,15.240184,14.883204,17.162825,17.325813,21.092243,22.905224,21.460606,23.889153,16.26611,16.892477,0.0,0.0,0.0,0.0,0.0,0.0,4.0,4.0
48861,2023.0,12.0,6.0,7.0,21.128456,23.459536,15.01821,15.040145,21.103659,23.333143,21.07545,23.412819,15.881755,16.299627,15.907336,15.885713,21.46234,23.475185,21.084505,23.088835,20.12982,23.437832,0.0,4.0,4.0,4.0,4.0,0.0,4.0,0.0
48862,2023.0,12.0,6.0,7.0,21.319279,23.541887,15.466179,15.627739,21.31382,23.468246,21.34732,23.70314,20.36877,23.826555,20.238134,23.279097,21.324797,22.96454,21.561306,23.673958,17.263836,17.386538,0.0,4.0,0.0,0.0,0.0,4.0,4.0,4.0
48863,2023.0,12.0,6.0,7.0,20.986492,22.934635,15.637043,15.880726,20.999071,22.876087,21.00422,23.030241,16.732796,16.379803,17.702278,18.168354,20.948332,22.30644,21.92112,24.166357,20.511786,23.656748,4.0,4.0,0.0,0.0,4.0,4.0,4.0,4.0
48864,2023.0,12.0,6.0,8.0,21.925732,24.4332,20.107355,23.862293,21.899652,24.292559,21.829649,24.28966,14.979957,14.378126,20.092505,22.890236,21.742613,23.631607,21.82626,23.937708,20.069698,22.674334,4.0,4.0,4.0,0.0,4.0,4.0,4.0,0.0
48865,2023.0,12.0,6.0,8.0,19.316833,19.279287,19.893585,22.82907,19.305286,19.16433,19.14158,18.978321,15.8940325,16.062347,20.094563,22.627645,19.572044,19.35359,18.471922,17.82106,16.914276,16.402103,4.0,4.0,4.0,0.0,0.0,4.0,0.0,0.0
48866,2023.0,12.0,6.0,8.0,17.945333,17.744785,20.15863,22.938616,17.763803,17.300589,16.983053,15.989081,14.994277,14.720932,16.966618,16.40374,18.581486,18.302303,18.086546,18.107937,16.298912,16.323025,0.0,4.0,0.0,0.0,0.0,4.0,4.0,4.0
48867,2023.0,12.0,6.0,8.0,16.869915,16.08841,17.288612,17.120829,17.312883,16.844984,16.83566,16.292253,15.471943,15.782456,15.720288,15.248482,18.307383,18.058933,17.095663,16.367949,20.457937,23.494328,4.0,4.0,4.0,4.0,0.0,4.0,0.0,0.0
48868,2023.0,12.0,6.0,8.0,16.962425,16.743752,20.032686,22.70705,17.006802,16.557405,16.091476,15.0880375,19.678112,22.741646,15.453915,15.041008,17.325718,16.43443,16.326935,15.496165,16.997984,16.582464,0.0,4.0,0.0,0.0,0.0,0.0,0.0,0.0
48869,2023.0,12.0,6.0,8.0,16.945408,16.802013,17.161146,16.789293,16.755735,16.32434,15.539179,14.477707,16.345037,15.974883,15.150853,14.763702,17.530838,17.27451,15.905679,15.077484,15.298772,14.536342,0.0,4.0,0.0,0.0,0.0,4.0,0.0,0.0
48870,2023.0,12.0,6.0,9.0,16.074493,15.299484,16.171217,15.592882,15.893136,14.874889,15.265856,14.206468,14.984675,14.157754,15.333512,15.306618,17.55775,17.350832,15.63401,14.813481,15.287893,14.920267,0.0,0.0,0.0,0.0,4.0,4.0,0.0,0.0
48871,2023.0,12.0,6.0,9.0,16.324528,16.137976,16.336493,16.264517,15.393992,14.333227,16.152851,16.178448,15.061619,14.688097,19.761723,22.66922,16.736464,15.920955,15.79035,15.411695,15.15914,14.855204,4.0,0.0,4.0,0.0,0.0,0.0,0.0,0.0
48872,2023.0,12.0,6.0,9.0,15.682936,14.945639,20.181847,23.200691,15.763869,15.280943,15.905663,15.576472,15.00701,14.767948,17.173119,17.387383,17.0319,16.84422,15.763659,15.4365835,14.998936,14.770708,0.0,4.0,0.0,0.0,0.0,4.0,0.0,0.0
48873,2023.0,12.0,6.0,9.0,15.983718,15.8338375,17.96981,18.475151,15.904047,15.538144,15.013914,14.1880045,15.023156,14.947666,15.437591,15.103183,16.416098,15.6167965,15.614032,15.294025,15.021704,14.94968,4.0,4.0,0.0,0.0,0.0,0.0,0.0,0.0
48874,2023.0,12.0,6.0,9.0,15.386576,14.67718,20.294285,23.139715,15.154423,14.220008,15.775095,15.514474,15.02127,15.045943,14.997054,14.6603,15.946198,15.061455,15.465855,15.148327,15.019228,15.040744,4.0,0.0,0.0,0.0,0.0,0.0,0.0,0.0
48875,2023.0,12.0,6.0,9.0,15.730661,15.61728,20.06636,22.379425,15.377138,14.946992,16.033329,15.861618,15.022187,15.118534,15.029464,14.88554,16.565582,16.423664,15.329921,15.013589,15.020426,15.111954,4.0,4.0,0.0,0.0,0.0,4.0,0.0,0.0
48876,2023.0,12.0,6.0,10.0,15.152947,14.468946,20.11616,22.27301,15.699077,15.29742,15.434586,15.06763,15.0225315,15.169016,15.021075,14.978867,15.9983,15.196914,15.206685,14.890655,15.021084,15.16403,4.0,0.0,0.0,0.0,0.0,0.0,0.0,0.0
48877,2023.0,12.0,6.0,10.0,16.713083,16.332174,20.123602,22.161655,15.459825,15.123132,15.222297,14.83754,15.0226965,15.205818,15.0223675,15.056526,15.592136,14.737909,15.103571,14.797664,15.021296,15.203042,0.0,4.0,0.0,0.0,0.0,0.0,0.0,0.0
48878,2023.0,12.0,6.0,10.0,15.014515,14.405962,17.36524,16.779472,14.989317,14.337336,15.089788,14.716232,15.022475,15.232679,15.021875,15.108459,15.452933,14.615854,15.014191,14.715778,15.021517,15.233358,0.0,0.0,0.0,0.0,0.0,0.0,0.0,0.0
48879,2023.0,12.0,6.0,10.0,15.218874,14.977804,16.284727,15.78923,15.028145,14.521153,15.745249,16.056538,15.022632,15.254335,15.022452,15.149471,15.817025,15.465807,15.007652,14.777045,15.0217905,15.257127,0.0,0.0,4.0,0.0,0.0,0.0,0.0,0.0
48880,2023.0,12.0,6.0,10.0,15.270862,15.098546,16.033747,15.603554,15.275466,15.041449,16.00743,16.404156,15.022762,15.27139,15.02242,15.179647,16.728342,17.120642,15.007388,14.824435,15.02194,15.278111,0.0,4.0,4.0,0.0,0.0,4.0,0.0,0.0
48881,2023.0,12.0,6.0,10.0,15.212553,15.066118,15.756391,15.34631,15.349446,15.165959,14.960742,14.572009,15.022568,15.284305,15.022309,15.202395,16.587847,16.543486,15.955607,16.645947,15.021817,15.29396,0.0,4.0,0.0,0.0,0.0,4.0,4.0,0.0
48882,2023.0,12.0,6.0,11.0,15.15521,15.030671,15.990576,16.005598,14.9880905,14.591341,15.0392885,14.797685,15.022869,15.297993,15.0221815,15.219808,15.760026,15.048997,14.951036,14.621604,15.022165,15.308658,4.0,0.0,0.0,0.0,0.0,0.0,0.0,0.0
48883,2023.0,12.0,6.0,11.0,15.092884,14.982354,20.181898,23.43639,15.201541,15.039046,15.023487,14.816702,15.022342,15.306792,15.021963,15.23272,15.414164,14.665262,15.045272,14.87367,15.021624,15.319961,4.0,4.0,0.0,0.0,0.0,0.0,0.0,0.0
48884,2023.0,12.0,6.0,11.0,15.035001,14.937768,20.071606,22.735603,15.979431,16.28748,15.613015,15.992673,15.022281,15.314364,15.021458,15.24103,15.309648,14.574633,16.077753,16.558872,15.0217905,15.330763,0.0,0.0,4.0,0.0,0.0,0.0,0.0,0.0
48885,2023.0,12.0,6.0,11.0,15.000787,14.933707,17.10311,16.737083,14.990049,14.621169,14.968258,14.758607,15.021657,15.319071,15.020414,15.243663,15.243504,14.529248,15.056277,14.820362,15.021333,15.338569,0.0,0.0,0.0,0.0,0.0,0.0,0.0,0.0
48886,2023.0,12.0,6.0,11.0,15.004663,14.98816,15.930929,15.555121,15.026454,14.7668295,15.134058,15.067152,15.021753,15.32462,15.020568,15.248488,16.550108,17.122023,15.006611,14.836173,15.021422,15.346694,0.0,0.0,4.0,0.0,0.0,4.0,0.0,0.0
48887,2023.0,12.0,6.0,11.0,15.004829,15.0270405,16.199402,16.283468,15.004896,14.814853,15.011248,14.91369,15.021237,15.3288355,15.020324,15.252792,15.778397,15.200432,15.00795,14.891691,15.458304,16.146849,4.0,0.0,0.0,0.0,0.0,0.0,0.0,4.0
48888,2023.0,12.0,6.0,12.0,15.288701,15.247175,20.161554,23.346745,16.022184,15.6324215,15.880032,16.307072,15.021109,15.33331,15.020147,15.256459,15.308776,14.649765,15.622854,15.7644615,19.432497,22.886726,0.0,0.0,0.0,0.0,0.0,0.0,0.0,0.0
48889,2023.0,12.0,6.0,12.0,21.144968,25.739758,17.647831,17.989193,20.459087,24.31649,19.70984,22.934616,15.021104,15.336682,15.019421,15.257239,20.598251,23.796297,20.788567,24.865795,16.187468,16.023504,0.0,0.0,0.0,0.0,0.0,4.0,0.0,0.0
48890,2023.0,12.0,6.0,12.0,21.01188,24.800676,16.497158,16.688396,21.088783,24.825718,21.169413,25.04068,15.272757,15.781959,15.019271,15.257118,20.165377,22.721588,21.228325,25.013916,15.021715,14.88488,4.0,4.0,0.0,4.0,0.0,0.0,0.0,0.0
48891,2023.0,12.0,6.0,12.0,21.120447,24.520872,20.23065,23.40674,21.119059,24.449856,21.104012,24.4766,19.800182,23.557068,15.0189295,15.255221,20.935648,23.67593,21.757576,25.505003,15.845117,16.594584,4.0,4.0,0.0,0.0,0.0,4.0,0.0,4.0
48892,2023.0,12.0,6.0,12.0,21.068527,24.131784,20.071022,22.66855,21.100767,24.098957,21.68227,25.16815,16.4217,16.336035,15.018357,15.25138,20.731285,23.01158,22.226479,25.945852,19.730438,23.14806,0.0,0.0,0.0,0.0,0.0,0.0,0.0,0.0
48893,2023.0,12.0,6.0,12.0,21.13365,24.015352,17.246275,16.980831,21.132286,23.907816,21.013466,23.737629,15.009187,14.797596,15.017467,15.247023,21.7102,24.453423,22.464588,25.934021,16.4663,16.298143,0.0,0.0,0.0,0.0,0.0,4.0,0.0,0.0
48894,2023.0,12.0,6.0,13.0,21.115274,23.807648,15.628266,14.866461,21.118607,23.700258,21.111908,23.811045,15.018375,14.964215,15.017792,15.246859,21.491825,23.830202,20.8339,22.851452,14.969088,14.573979,0.0,0.0,0.0,0.0,0.0,0.0,0.0,0.0
48895,2023.0,12.0,6.0,13.0,21.088242,23.678537,15.641002,15.313841,21.064981,23.496925,21.070396,23.617153,15.01705,15.058608,14.996205,15.196895,21.01774,22.794249,21.122614,23.399141,15.025939,14.869904,0.0,4.0,4.0,0.0,4.0,4.0,0.0,0.0
48896,2023.0,12.0,6.0,13.0,21.092855,23.623047,15.56407,15.309305,21.101007,23.45441,21.101585,23.627468,15.015565,15.1251745,19.733404,23.041294,21.101746,22.895376,21.084183,23.294264,15.012762,14.972644,0.0,4.0,0.0,0.0,0.0,0.0,0.0,0.0
48897,2023.0,12.0,6.0,13.0,21.090485,23.567352,15.869737,16.038391,21.118032,23.424768,21.120075,23.551018,15.016306,15.172702,17.097681,17.580381,21.061337,22.726942,22.3803,25.4897,15.014063,15.063359,4.0,0.0,0.0,0.0,0.0,4.0,0.0,0.0
48898,2023.0,12.0,6.0,13.0,21.839388,24.894672,20.164095,23.622417,21.88062,24.574488,22.122953,25.043945,15.016614,15.206592,15.358116,15.192673,21.651735,23.67716,21.755327,24.17546,15.014347,15.12817,0.0,0.0,4.0,0.0,0.0,0.0,0.0,0.0
48899,2023.0,12.0,6.0,13.0,20.986856,23.190893,17.62681,18.129623,20.957138,22.866503,20.917194,22.855465,15.016233,15.230059,15.387971,15.526846,20.96597,22.358652,21.293112,23.361168,15.015077,15.173421,0.0,0.0,0.0,0.0,4.0,4.0,0.0,0.0
48900,2023.0,12.0,6.0,14.0,21.560884,23.928074,15.993268,15.902821,21.395874,23.558258,21.50145,23.757088,15.591939,16.020746,20.194849,23.516949,21.382902,23.010612,22.127655,24.679548,15.628561,16.049173,0.0,4.0,0.0,0.0,0.0,0.0,0.0,0.0
48901,2023.0,12.0,6.0,14.0,19.62235,20.398067,16.05858,16.270378,19.977064,20.666279,19.471914,19.792725,15.000071,15.071396,17.776585,18.506147,19.334991,18.988197,19.144562,19.188015,15.003094,15.039784,4.0,4.0,0.0,0.0,4.0,0.0,0.0,0.0
48902,2023.0,12.0,6.0,14.0,17.676714,17.36048,20.275915,23.614553,17.743208,17.216331,17.823664,17.667238,16.062437,15.797728,19.972189,22.781664,18.796024,18.790852,17.966183,17.749607,16.202103,16.048294,4.0,0.0,0.0,0.0,0.0,4.0,0.0,0.0
48903,2023.0,12.0,6.0,14.0,16.826662,16.356613,20.054403,22.748753,16.818422,16.108244,17.245903,17.024166,14.977397,15.108416,17.265009,17.188839,17.996956,17.39463,17.477081,17.241236,14.977437,15.064458,0.0,0.0,0.0,0.0,0.0,0.0,0.0,0.0
48904,2023.0,12.0,6.0,14.0,16.417383,15.944349,17.33763,17.254408,16.383879,15.672224,16.870333,16.643217,15.025875,15.247986,15.840005,15.5853,17.44954,16.781404,17.12639,16.895735,15.029254,15.239605,0.0,0.0,0.0,0.0,0.0,0.0,0.0,0.0
48905,2023.0,12.0,6.0,14.0,16.110935,15.644193,15.719244,15.075347,16.052725,15.350399,16.56213,16.3305,15.017281,15.2667,15.5648,15.322141,17.159904,16.496983,16.831804,16.60487,15.016029,15.257168,0.0,0.0,0.0,0.0,0.0,0.0,0.0,0.0
48906,2023.0,12.0,6.0,15.0,16.215067,16.1141,16.126202,16.243073,16.148123,15.827042,16.3101,16.084307,15.019512,15.29949,15.320264,15.088015,17.283026,16.985493,16.585472,16.36965,15.019248,15.296662,4.0,0.0,0.0,0.0,0.0,0.0,0.0,0.0
48907,2023.0,12.0,6.0,15.0,16.160208,16.108755,20.118958,23.292679,16.095198,15.840882,16.089392,15.865047,15.019879,15.323115,15.098518,14.867038,18.07331,18.563635,17.461357,18.223389,15.489133,16.19205,0.0,0.0,0.0,0.0,0.0,4.0,4.0,4.0
48908,2023.0,12.0,6.0,15.0,16.796951,17.43777,18.008207,18.688759,15.936509,15.68828,15.891874,15.665196,15.020394,15.3432255,15.007124,14.870076,17.897617,18.026451,16.42212,16.01264,19.724138,23.406733,4.0,0.0,0.0,0.0,0.0,4.0,0.0,0.0
48909,2023.0,12.0,6.0,15.0,16.319391,16.411383,20.265982,23.126925,15.781029,15.531718,15.718296,15.48829,15.021258,15.360668,15.212459,15.370438,17.017761,16.502768,15.740277,15.213372,17.026684,17.556026,4.0,0.0,0.0,0.0,4.0,0.0,0.0,4.0
48910,2023.0,12.0,6.0,15.0,15.54914,15.165031,20.04831,22.402794,15.637906,15.387209,15.563675,15.330673,15.021809,15.3747225,20.190367,23.62382,16.536755,15.905928,15.468552,14.929882,20.404638,24.114794,4.0,0.0,0.0,0.0,0.0,0.0,0.0,4.0
48911,2023.0,12.0,6.0,15.0,15.966537,16.177595,20.101522,22.30189,15.506738,15.254586,16.166542,16.572998,15.022834,15.389999,17.393782,17.862095,16.311974,15.667332,15.262908,14.72487,20.06663,23.088697,4.0,0.0,4.0,0.0,0.0,0.0,0.0,0.0
48912,2023.0,12.0,6.0,16.0,16.137516,16.40233,20.109913,22.187553,15.385823,15.13218,15.782846,15.725562,15.0234585,15.403548,15.574653,15.389469,16.145676,15.500316,16.519207,17.290287,16.901354,16.73301,0.0,0.0,0.0,0.0,0.0,0.0,4.0,0.0
48913,2023.0,12.0,6.0,16.0,16.09647,16.350197,17.932774,17.891016,16.005243,16.386192,15.672611,15.665895,15.024143,15.416573,15.146109,14.907099,16.339113,16.035656,15.624181,15.193003,15.335998,14.794738,4.0,4.0,4.0,0.0,0.0,0.0,0.0,0.0
48914,2023.0,12.0,6.0,16.0,16.029684,16.25511,20.247246,22.637941,16.280067,16.756447,15.64762,15.633667,15.025128,15.429499,15.006864,14.8647995,16.374557,16.111967,14.991581,14.480616,15.005636,14.604685,4.0,4.0,4.0,0.0,0.0,0.0,0.0,0.0
48915,2023.0,12.0,6.0,16.0,15.228168,14.794903,20.055222,22.05592,15.212581,14.68769,15.017478,14.607566,15.0259285,15.441276,15.020049,15.01601,17.082233,17.516933,16.178528,15.566184,15.019548,14.86152,4.0,0.0,0.0,0.0,0.0,4.0,0.0,0.0
48916,2023.0,12.0,6.0,16.0,16.732222,16.557896,20.11788,22.06445,15.2851515,15.151242,15.984309,16.235008,15.026657,15.452216,15.048433,15.145139,16.937082,16.980179,15.315752,14.749596,15.019101,15.022985,0.0,4.0,0.0,0.0,4.0,4.0,0.0,0.0
48917,2023.0,12.0,6.0,16.0,15.702025,15.565176,17.880363,17.664877,15.396802,15.302243,15.575901,15.340484,15.114687,15.593339,20.308111,23.928463,16.798714,16.807014,15.070534,14.804775,15.650041,16.010622,4.0,4.0,0.0,4.0,4.0,4.0,0.0,0.0
48918,2023.0,12.0,6.0,17.0,15.801466,15.917069,20.252153,22.532743,15.335401,15.217159,15.621563,15.477117,19.853724,23.734379,19.85612,22.81141,16.016846,15.3535795,14.997208,14.751724,14.979879,15.013979,4.0,4.0,0.0,0.0,0.0,0.0,0.0,0.0
48919,2023.0,12.0,6.0,17.0,15.806696,15.936219,20.054409,21.944225,15.282734,15.159223,15.178217,14.892721,16.222038,16.101,16.618923,16.239283,16.403435,16.388617,15.012003,14.859134,15.032376,15.216115,4.0,4.0,0.0,0.0,0.0,4.0,0.0,0.0
48920,2023.0,12.0,6.0,17.0,15.347132,14.788491,20.100994,21.913885,15.236795,15.11057,15.73009,16.068865,15.057997,15.076185,15.33692,14.964993,16.569736,16.554033,15.010658,14.917023,15.022862,15.271289,4.0,4.0,4.0,0.0,0.0,4.0,0.0,0.0
48921,2023.0,12.0,6.0,17.0,15.511022,15.579107,20.094275,21.820372,15.191263,15.061838,15.968317,16.386398,15.022145,15.154915,15.103464,14.768891,16.55024,16.528454,15.862957,16.565475,15.427277,16.060991,4.0,4.0,4.0,0.0,0.0,4.0,4.0,4.0
48922,2023.0,12.0,6.0,17.0,15.638698,15.595858,20.094727,21.765333,15.147915,15.015547,15.500905,15.44931,15.027906,15.261094,15.013401,14.833259,16.530443,16.503862,14.952196,14.748077,19.142101,22.374743,4.0,4.0,4.0,0.0,0.0,4.0,0.0,0.0
48923,2023.0,12.0,6.0,17.0,15.478705,15.549084,20.094265,21.722912,15.104849,14.969071,15.240105,15.11007,15.02748,15.330542,15.0959635,15.125773,15.769344,15.086626,15.048292,14.998071,15.994069,15.756672,4.0,4.0,4.0,0.0,4.0,0.0,0.0,0.0
48924,2023.0,12.0,6.0,18.0,15.605414,15.55394,20.572836,22.286186,15.061657,14.922632,15.151765,15.011907,15.561602,16.079525,20.331064,23.88241,15.3419695,14.577405,15.810432,16.11792,15.862615,16.2074,4.0,4.0,4.0,0.0,4.0,0.0,0.0,0.0
48925,2023.0,12.0,6.0,18.0,20.565777,24.401121,20.102274,21.642776,20.17964,23.905397,20.246063,23.968481,15.381186,16.026205,19.745598,22.567747,19.439472,21.781843,20.746277,24.70766,15.706684,15.657422,0.0,4.0,4.0,0.0,0.0,0.0,0.0,0.0
48926,2023.0,12.0,6.0,18.0,20.339407,23.434223,18.069452,17.721684,20.55052,23.918549,20.599476,23.962803,15.029938,15.363295,16.794794,16.56178,19.70499,21.964045,21.149971,24.863749,15.013071,15.007762,4.0,4.0,4.0,0.0,4.0,0.0,0.0,0.0
48927,2023.0,12.0,6.0,18.0,21.187983,24.54307,20.26546,22.261845,21.069035,24.39319,21.104738,24.42708,15.133134,15.56318,20.054935,22.802315,21.454624,24.749252,21.072426,24.285667,15.556132,16.160456,4.0,4.0,4.0,4.0,0.0,4.0,4.0,4.0
48928,2023.0,12.0,6.0,18.0,21.301676,24.406586,20.071474,21.751593,20.787025,23.581335,20.811525,23.606632,20.286726,24.412281,16.890192,16.469477,20.940844,23.436462,21.155005,24.163097,19.262354,22.492416,0.0,0.0,0.0,4.0,0.0,4.0,0.0,0.0
48929,2023.0,12.0,6.0,18.0,21.087486,23.787487,17.96938,17.632814,21.162027,23.972977,21.042686,23.74641,19.6386,22.716288,15.470585,15.07526,20.625195,22.622019,21.211191,23.90625,15.966172,15.632044,4.0,4.0,0.0,0.0,0.0,0.0,4.0,0.0
48930,2023.0,12.0,6.0,19.0,21.152168,23.780853,20.256126,22.323412,21.105503,23.660187,21.102045,23.654837,16.797483,16.861427,15.235952,14.874305,20.971264,23.097101,22.709711,26.3544,15.050395,14.947766,4.0,4.0,4.0,4.0,0.0,0.0,4.0,0.0
48931,2023.0,12.0,6.0,19.0,21.920603,24.915438,20.05458,21.758436,21.110657,23.524353,21.112408,23.53903,19.896217,22.758043,14.994704,14.691611,20.977726,22.946909,22.09428,25.01643,15.019407,15.048236,4.0,4.0,4.0,0.0,0.0,0.0,0.0,0.0
48932,2023.0,12.0,6.0,19.0,20.972399,23.094824,20.098541,21.74672,21.107538,23.408579,21.132614,23.497925,16.597918,16.18548,15.025942,14.903576,21.064322,23.009146,22.416935,25.426285,15.024368,15.16159,4.0,4.0,0.0,0.0,0.0,4.0,0.0,0.0
48933,2023.0,12.0,6.0,19.0,21.964165,24.823227,20.10986,21.720053,21.10565,23.319775,21.102695,23.33832,14.979796,14.395831,15.062866,15.074468,21.336346,23.39929,20.942135,22.694798,15.024274,15.232292,0.0,4.0,4.0,0.0,4.0,0.0,0.0,0.0
48934,2023.0,12.0,6.0,19.0,20.998112,22.994148,17.67304,17.01197,21.104267,23.249321,21.130705,23.351618,15.027205,14.772256,19.78462,22.906633,21.390789,23.358395,22.518005,25.500465,15.02455,15.282515,0.0,4.0,0.0,0.0,0.0,0.0,0.0,0.0
48935,2023.0,12.0,6.0,19.0,21.132044,23.254637,17.201937,17.060041,21.102718,23.19053,21.123413,23.28098,15.022439,14.948805,17.10564,17.380463,21.576727,23.600088,22.068363,24.552237,15.025111,15.3191595,4.0,4.0,0.0,0.0,0.0,0.0,4.0,0.0
48936,2023.0,12.0,6.0,20.0,21.158737,23.350319,20.26018,22.603556,21.15951,23.257181,21.1564,23.34348,15.024046,15.079355,15.273893,14.934868,21.073965,22.657032,21.025743,22.633495,15.025334,15.3458185,4.0,4.0,4.0,0.0,0.0,4.0,4.0,0.0
48937,2023.0,12.0,6.0,20.0,22.009024,24.805725,20.079422,21.99308,22.41767,25.316496,21.920223,24.583332,15.024549,15.168991,15.008078,14.779946,21.57221,23.510988,22.32076,25.066338,15.025828,15.366012,0.0,4.0,0.0,0.0,0.0,0.0,4.0,0.0
48938,2023.0,12.0,6.0,20.0,20.927965,22.7804,17.47522,16.849663,20.916256,22.556374,20.996151,22.84552,15.024961,15.23131,15.024561,14.949292,21.037537,22.481113,22.538048,25.168089,15.025719,15.379958,0.0,0.0,0.0,0.0,0.0,0.0,0.0,0.0
48939,2023.0,12.0,6.0,20.0,21.112309,23.118828,16.951775,16.815725,21.143925,23.029657,21.105658,23.121162,15.02584,15.277691,15.023028,15.041925,21.106363,22.606533,20.891533,22.234468,15.026232,15.392129,4.0,0.0,0.0,0.0,0.0,0.0,0.0,0.0
48940,2023.0,12.0,6.0,20.0,21.158222,23.202099,20.269,22.792149,21.159584,23.059986,21.163599,23.26482,15.026167,15.311168,15.02413,15.112235,21.129305,22.673573,21.216492,22.9817,15.026376,15.401578,4.0,0.0,0.0,0.0,0.0,4.0,0.0,0.0
48941,2023.0,12.0,6.0,20.0,22.415775,25.28163,20.062286,22.065487,21.793463,24.147894,22.096638,24.730682,15.026773,15.336146,15.024512,15.161219,21.524017,23.3261,22.45051,25.08999,15.299671,15.899783,4.0,4.0,4.0,0.0,0.0,0.0,0.0,4.0
48942,2023.0,12.0,6.0,21.0,22.12122,24.582293,20.119661,22.00024,21.791779,24.114882,21.943806,24.530983,15.026856,15.352542,15.024867,15.195441,21.802168,23.746832,22.02137,24.300123,19.401531,22.73702,0.0,4.0,4.0,0.0,0.0,0.0,0.0,0.0
48943,2023.0,12.0,6.0,21.0,20.927023,22.44747,17.81553,17.432777,21.106976,22.89333,20.97584,22.662159,15.02689,15.364287,15.024756,15.219138,21.018782,22.267673,21.049902,22.559818,15.845825,15.465858,4.0,0.0,0.0,0.0,0.0,0.0,0.0,0.0
48944,2023.0,12.0,6.0,21.0,21.92213,24.239744,20.221025,22.378443,21.835192,24.083351,22.146803,24.610243,15.027284,15.375161,15.025711,15.240527,21.726202,23.506332,21.852478,24.113697,15.085325,15.123603,0.0,0.0,4.0,0.0,0.0,0.0,0.0,0.0
48945,2023.0,12.0,6.0,21.0,20.9425,22.474852,17.551952,16.964846,20.982735,22.535257,20.925512,22.440355,15.027039,15.38299,15.025448,15.255752,20.952793,22.133568,21.310532,23.158297,15.015789,15.120918,0.0,0.0,0.0,0.0,0.0,0.0,0.0,0.0
48946,2023.0,12.0,6.0,21.0,21.110632,22.861652,16.477037,15.970532,21.077877,22.789488,21.121838,22.85582,15.027585,15.391502,15.02645,15.271645,21.089523,22.464876,21.111937,22.820799,15.029131,15.2312355,0.0,4.0,4.0,0.0,0.0,0.0,0.0,0.0
48947,2023.0,12.0,6.0,21.0,21.081722,22.836517,16.713654,16.640135,21.093035,22.813232,21.114305,22.885466,15.027637,15.398169,15.006091,15.233745,21.067741,22.454237,21.041008,22.715855,15.024186,15.279076,4.0,4.0,0.0,0.0,4.0,0.0,4.0,0.0
48948,2023.0,12.0,6.0,22.0,22.10651,24.5741,20.244389,22.98349,21.16664,22.974606,21.15995,22.965458,15.091359,15.497073,19.620491,22.906311,21.55163,23.24132,21.189745,23.032288,15.026186,15.323896,0.0,0.0,4.0,4.0,0.0,4.0,0.0,0.0
48949,2023.0,12.0,6.0,22.0,20.920708,22.408707,18.219406,18.635578,21.110283,22.847733,21.093592,22.835129,19.93567,23.638542,16.786304,17.063427,21.02576,22.335701,21.104824,22.848179,15.144999,15.557298,4.0,0.0,4.0,0.0,0.0,4.0,0.0,4.0
48950,2023.0,12.0,6.0,22.0,21.191626,23.010185,20.30464,22.813883,21.163027,22.939611,21.164398,22.977978,16.138948,15.840308,14.98168,14.750158,21.225119,22.708488,21.180689,22.961308,20.545218,24.717045,4.0,0.0,4.0,0.0,0.0,4.0,4.0,4.0
48951,2023.0,12.0,6.0,22.0,22.337812,24.935812,20.075092,22.092443,21.857409,24.101858,22.306711,24.817616,15.048534,14.978749,15.038287,15.005524,22.060177,24.032112,22.605091,25.38567,20.001047,23.3126,0.0,4.0,4.0,4.0,0.0,4.0,0.0,0.0
48952,2023.0,12.0,6.0,22.0,20.914135,22.319832,17.736765,17.414032,20.932192,22.41167,20.909414,22.309519,20.204836,23.72851,15.021737,15.070464,20.938726,21.973967,20.887117,22.209396,16.389418,15.974791,4.0,0.0,0.0,4.0,0.0,0.0,0.0,0.0
48953,2023.0,12.0,6.0,22.0,21.982718,24.120876,20.209667,22.462473,21.867489,23.993925,21.897482,24.030458,20.057125,23.137589,15.009428,15.104666,21.58195,23.114798,22.25718,24.599844,14.9923935,14.547835,0.0,4.0,0.0,4.0,4.0,0.0,0.0,0.0
48954,2023.0,12.0,6.0,23.0,20.90973,22.268425,17.841318,17.569304,20.935892,22.295185,20.954071,22.359884,20.142641,22.973156,19.957985,23.32137,21.005966,22.067694,21.0348,22.470726,15.6547,16.083235,4.0,4.0,0.0,0.0,4.0,0.0,0.0,4.0
48955,2023.0,12.0,6.0,23.0,18.761023,18.2858,16.501842,15.889904,19.122358,18.9155,19.159372,19.071602,16.88907,16.469162,17.105856,17.450272,19.465708,19.204102,19.0838,18.865368,14.931176,14.750832,4.0,4.0,0.0,0.0,0.0,0.0,0.0,0.0
48956,2023.0,12.0,6.0,23.0,18.17198,17.97462,16.166838,15.544676,17.475555,16.509686,18.655405,18.841114,16.237267,16.408085,15.514505,15.465896,18.637037,18.231533,18.075958,17.714598,15.057617,15.10762,4.0,0.0,4.0,4.0,4.0,0.0,0.0,0.0
48957,2023.0,12.0,6.0,23.0,17.976788,17.836079,15.944002,15.341157,16.74979,15.692563,17.83401,17.501183,15.680378,15.42751,14.974189,14.752022,18.280367,17.8719,17.61538,17.250105,15.0329895,15.137473,4.0,0.0,0.0,0.0,0.0,0.0,0.0,0.0
48958,2023.0,12.0,6.0,23.0,17.032175,16.29867,15.313321,14.346826,16.371851,15.338824,16.74286,15.8129225,14.961137,14.519304,15.036612,15.011481,18.007149,17.609291,17.268084,16.915356,15.022464,15.200998,0.0,0.0,0.0,0.0,0.0,0.0,0.0,0.0
48959,2023.0,12.0,6.0,23.0,16.491297,15.703506,14.997678,14.072626,16.502008,15.929833,16.893902,16.523848,15.075997,14.893629,15.022071,15.079635,18.60766,18.96726,16.978456,16.639696,15.235371,15.64903,0.0,0.0,4.0,4.0,0.0,4.0,0.0,4.0
48960,2023.0,12.0,7.0,0.0,16.213507,15.459346,15.183846,14.6355295,16.487566,16.039434,16.24545,15.388748,15.0285635,14.958588,15.024687,15.151997,17.541904,16.792896,16.73213,16.408365,14.985512,15.214106,0.0,0.0,0.0,0.0,0.0,0.0,0.0,0.0
48961,2023.0,12.0,7.0,0.0,16.454607,16.192122,15.252438,14.827604,16.3361,15.910361,15.739247,14.793668,15.04009,15.069432,15.025587,15.201809,16.886889,16.03075,16.5071,16.186666,15.049448,15.350099,0.0,0.0,0.0,0.0,0.0,0.0,0.0,0.0
48962,2023.0,12.0,7.0,0.0,17.220259,17.696537,15.175352,14.773334,16.9191,17.155552,15.911872,15.399586,15.020246,15.127303,15.025201,15.237682,16.658123,15.821571,16.321627,16.01668,15.036888,15.338619,0.0,4.0,0.0,0.0,0.0,0.0,0.0,0.0
48963,2023.0,12.0,7.0,0.0,16.315367,15.826246,15.082188,14.6913185,16.442204,16.172903,15.945918,15.551945,15.02372,15.200411,15.009466,15.226273,17.734533,18.08121,16.151043,15.84992,15.023835,15.351376,0.0,0.0,0.0,0.0,4.0,4.0,0.0,0.0
48964,2023.0,12.0,7.0,0.0,15.709785,15.05336,14.999786,14.6271105,15.608035,14.793743,15.847839,15.480379,15.02385,15.250009,15.029804,15.299224,16.898233,16.16798,15.996841,15.700418,15.1389475,15.575134,0.0,0.0,0.0,0.0,0.0,0.0,0.0,4.0
48965,2023.0,12.0,7.0,0.0,15.490967,14.83148,15.007026,14.708698,15.224854,14.341658,16.479856,16.779478,15.024387,15.288372,15.02614,15.312457,16.370304,15.580444,15.856444,15.562674,15.005246,15.356336,0.0,0.0,4.0,0.0,0.0,0.0,0.0,0.0
48966,2023.0,12.0,7.0,1.0,15.756713,15.528123,15.007038,14.762515,15.438163,14.954589,16.049088,15.845088,15.041076,15.327662,15.026585,15.327909,16.206348,15.425944,15.729838,15.439609,15.044507,15.426367,0.0,0.0,0.0,4.0,0.0,0.0,0.0,0.0
48967,2023.0,12.0,7.0,1.0,15.810952,15.640077,15.007771,14.808569,15.517181,15.142377,15.233146,14.470487,15.024334,15.342123,15.026734,15.340492,16.483046,16.121511,15.615523,15.32956,15.039656,15.417417,0.0,0.0,0.0,0.0,0.0,0.0,0.0,0.0
48968,2023.0,12.0,7.0,1.0,15.737596,15.571498,15.013497,14.861139,15.459539,15.103147,15.008301,14.302903,15.047949,15.411667,15.051926,15.401063,16.529585,16.188013,15.506496,15.220227,15.050088,15.467021,0.0,0.0,0.0,0.0,0.0,0.0,0.0,0.0
48969,2023.0,12.0,7.0,1.0,15.685286,15.54757,15.008146,14.879397,15.388755,15.048215,15.959114,16.236109,15.000864,15.307445,15.023553,15.351965,16.474422,16.14045,15.416223,15.139837,15.023825,15.43518,0.0,0.0,4.0,4.0,0.0,0.0,0.0,0.0
48970,2023.0,12.0,7.0,1.0,15.616974,15.482988,15.009677,14.911431,15.312999,14.980276,15.678629,15.492433,15.050045,15.410808,15.027694,15.369959,16.414001,16.083586,15.326485,15.052966,15.02786,15.460981,0.0,0.0,0.0,0.0,0.0,0.0,0.0,0.0
48971,2023.0,12.0,7.0,1.0,15.542414,15.4069805,15.017675,14.955152,15.236735,14.907149,15.669412,15.610235,15.031178,15.335545,15.0264,15.357704,16.354195,16.02541,15.240617,14.967459,15.052972,15.52543,0.0,0.0,4.0,4.0,4.0,0.0,0.0,0.0
48972,2023.0,12.0,7.0,2.0,15.478804,15.349252,15.009314,14.959033,15.174019,14.8571205,14.97688,14.415845,15.044104,15.390936,15.029054,15.391135,16.302292,15.980063,15.167367,14.901661,15.023756,15.476265,0.0,0.0,0.0,0.0,0.0,0.0,0.0,0.0
48973,2023.0,12.0,7.0,2.0,15.410828,15.280793,15.020057,15.0037365,15.103909,14.788396,15.0248165,14.618103,15.077846,15.456211,15.053685,15.446087,16.2468,15.924925,15.091214,14.825018,15.054807,15.549591,0.0,0.0,0.0,0.0,0.0,0.0,0.0,0.0
48974,2023.0,12.0,7.0,2.0,15.365624,15.254206,15.021647,15.02312,15.040971,14.731158,15.065051,14.765602,15.048678,15.416013,15.026842,15.371695,16.195715,15.876527,15.021987,14.758556,15.053949,15.547011,0.0,0.0,0.0,0.0,4.0,0.0,0.0,0.0
48975,2023.0,12.0,7.0,2.0,15.307185,15.194397,15.0225525,15.042232,15.001095,14.71594,15.012158,14.717112,15.050464,15.445649,15.05444,15.462246,16.14654,15.829987,15.002446,14.784625,15.055492,15.5576,0.0,0.0,0.0,0.0,0.0,0.0,0.0,0.0
48976,2023.0,12.0,7.0,2.0,15.2463255,15.131478,15.023403,15.060218,15.004771,14.776249,15.00317,14.766725,15.051028,15.459995,15.053456,15.452849,16.099152,15.785205,15.006571,14.8349,15.055274,15.56284,0.0,0.0,0.0,0.0,0.0,0.0,0.0,0.0
48977,2023.0,12.0,7.0,2.0,15.190938,15.078551,15.023824,15.076597,15.006746,14.817186,15.006609,14.820434,15.050999,15.471758,15.053648,15.457033,16.053389,15.742015,15.00933,14.870461,15.054606,15.567579,0.0,0.0,0.0,0.0,0.0,0.0,0.0,0.0
48978,2023.0,12.0,7.0,3.0,15.154216,15.060303,15.024936,15.093701,15.008741,14.854294,15.008792,14.862691,15.052826,15.485141,15.054049,15.46032,16.009108,15.700277,15.009997,14.898256,15.0550785,15.574376,0.0,0.0,0.0,0.0,0.0,0.0,0.0,0.0
48979,2023.0,12.0,7.0,3.0,15.113032,15.0265875,15.025952,15.109782,15.010211,14.8864355,15.010721,14.89954,15.051701,15.49079,15.053736,15.462604,15.966162,15.659791,15.012469,14.926682,15.055074,15.5796585,0.0,0.0,0.0,0.0,0.0,0.0,0.0,0.0
48980,2023.0,12.0,7.0,3.0,15.068447,14.985708,15.026749,15.124811,15.012174,14.916722,15.012542,14.932136,15.00371,15.373564,15.053861,15.466143,15.924399,15.620469,15.012905,14.947901,15.055281,15.5852375,0.0,0.0,0.0,4.0,0.0,0.0,0.0,0.0
48981,2023.0,12.0,7.0,3.0,15.024471,14.945359,15.026036,15.135796,15.01368,14.943577,15.014549,14.961973,15.034884,15.4373,15.054298,15.470314,15.88367,15.582162,15.014624,14.970403,15.055755,15.591009,0.0,0.0,0.0,4.0,0.0,0.0,0.0,0.0
48982,2023.0,12.0,7.0,3.0,15.001438,14.944349,15.026368,15.148344,15.014904,14.968124,15.015104,14.986513,15.080863,15.543918,15.053914,15.472842,15.843919,15.544812,15.016736,14.9916315,15.061824,15.569621,0.0,0.0,0.0,0.0,0.0,0.0,0.0,4.0
48983,2023.0,12.0,7.0,3.0,15.003722,14.985222,15.026766,15.160233,15.015592,14.99013,15.017309,15.012504,15.030169,15.387282,15.054034,15.47664,15.805082,15.508367,15.016921,15.00773,15.081612,15.632887,0.0,0.0,0.0,4.0,0.0,0.0,0.0,0.0
48984,2023.0,12.0,7.0,4.0,15.00435,15.013321,15.027743,15.172729,15.017312,15.013016,15.0175705,15.032751,15.080314,15.535411,15.054297,15.48051,15.767097,15.472761,15.019109,15.027438,15.079448,15.606347,0.0,0.0,0.0,0.0,0.0,0.0,0.0,0.0
48985,2023.0,12.0,7.0,4.0,15.007148,15.043371,15.028183,15.183561,15.01848,15.033325,15.01951,15.055468,15.078358,15.505928,15.054317,15.4836855,15.72847,15.435062,15.019965,15.04285,15.084567,15.59583,0.0,0.0,0.0,0.0,0.0,0.0,0.0,4.0
48986,2023.0,12.0,7.0,4.0,15.007505,15.06564,15.029374,15.195552,15.019491,15.05245,15.02029,15.074104,15.05139,15.479295,15.028408,15.417712,15.69011,15.39763,15.021111,15.05858,15.080233,15.616641,0.0,0.0,0.0,0.0,4.0,0.0,0.0,0.0
48987,2023.0,12.0,7.0,4.0,15.00906,15.08904,15.029707,15.205152,15.020333,15.070379,15.02167,15.093261,15.053318,15.505454,15.055656,15.506507,15.652184,15.360628,15.021899,15.073625,15.07885,15.602842,0.0,0.0,0.0,0.0,0.0,0.0,0.0,0.0
48988,2023.0,12.0,7.0,4.0,15.010609,15.110598,15.03043,15.215544,15.02179,15.088826,15.022317,15.109644,15.053148,15.516506,15.0552,15.497657,15.614744,15.324107,15.022916,15.08895,15.05448,15.575492,0.0,0.0,0.0,0.0,0.0,0.0,0.0,0.0
48989,2023.0,12.0,7.0,4.0,15.0114565,15.129595,15.031145,15.22554,15.022786,15.105508,15.022661,15.124331,15.00442,15.400067,15.055762,15.501437,15.577818,15.288093,15.024507,15.1047945,15.065403,15.577777,0.0,0.0,0.0,4.0,0.0,0.0,0.0,4.0
48990,2023.0,12.0,7.0,5.0,15.012518,15.147345,15.031558,15.234748,15.022377,15.118615,15.023152,15.138415,15.083207,15.590021,15.055882,15.502924,15.54131,15.252494,15.024854,15.11758,15.081199,15.63723,0.0,0.0,0.0,0.0,0.0,0.0,0.0,0.0
48991,2023.0,12.0,7.0,5.0,15.014505,15.165865,15.032367,15.244699,15.023598,15.134696,15.024456,15.153677,15.054152,15.523082,15.055677,15.504361,15.507103,15.221018,15.02528,15.130541,15.080309,15.618369,0.0,0.0,0.0,0.0,0.0,0.0,0.0,0.0
48992,2023.0,12.0,7.0,5.0,15.013906,15.178532,15.032578,15.253283,15.023942,15.14817,15.024755,15.166323,15.054823,15.542619,15.055667,15.506389,15.474076,15.190703,15.026118,15.143877,15.054975,15.588321,0.0,0.0,0.0,0.0,0.0,0.0,0.0,0.0
48993,2023.0,12.0,7.0,5.0,15.014818,15.194363,15.032707,15.261804,15.025325,15.163531,15.0259495,15.180688,15.054279,15.547113,15.055631,15.508376,15.441924,15.161249,15.027494,15.157712,15.05665,15.6098385,0.0,0.0,0.0,0.0,0.0,0.0,0.0,0.0
48994,2023.0,12.0,7.0,5.0,15.016738,15.211162,15.033722,15.271956,15.025645,15.176116,15.026156,15.192446,15.055737,15.555624,15.055251,15.509654,15.410549,15.132562,15.027628,15.168527,15.056493,15.617905,0.0,0.0,0.0,0.0,0.0,0.0,0.0,0.0
48995,2023.0,12.0,7.0,5.0,15.016947,15.22358,15.033569,15.279411,15.025966,15.1883745,15.027286,15.205953,15.055329,15.558862,15.055627,15.512474,15.379914,15.104602,15.027747,15.179347,15.047092,15.569469,0.0,0.0,0.0,0.0,0.0,0.0,0.0,4.0
48996,2023.0,12.0,7.0,6.0,15.017066,15.235864,15.034542,15.289299,15.026367,15.200349,15.027745,15.217309,15.054896,15.561971,15.055217,15.513458,15.349966,15.077319,15.02913,15.192267,15.08188,15.669683,0.0,0.0,0.0,0.0,0.0,0.0,0.0,0.0
48997,2023.0,12.0,7.0,6.0,19.70989,23.280947,15.016075,15.263765,19.688766,23.170277,19.67997,23.169943,14.997417,15.43464,15.025375,15.462697,19.418869,21.96549,20.035751,23.824549,15.000333,15.468387,0.0,0.0,0.0,4.0,0.0,0.0,0.0,4.0
48998,2023.0,12.0,7.0,6.0,20.814592,24.733349,15.018748,15.278291,20.8751,24.768354,20.860592,24.761904,19.73078,23.65306,15.028824,15.4721775,20.323505,23.354757,21.080046,25.116001,20.048056,24.211536,0.0,0.0,0.0,0.0,0.0,0.0,0.0,4.0
48999,2023.0,12.0,7.0,6.0,21.15374,24.858452,15.018455,15.285837,21.150242,24.76949,21.153212,24.798153,16.580608,16.90235,15.0123825,15.425859,20.75783,23.7107,21.642658,25.584717,20.018856,23.58118,0.0,0.0,0.0,0.0,4.0,0.0,0.0,0.0
49000,2023.0,12.0,7.0,6.0,21.102,24.413162,15.018869,15.293899,21.105274,24.334272,21.105957,24.360636,14.988363,14.965596,19.424244,23.010267,21.160067,24.088943,22.1302,26.025782,16.428802,16.251408,0.0,0.0,0.0,0.0,0.0,0.0,0.0,0.0
49001,2023.0,12.0,7.0,6.0,21.10591,24.182133,15.018327,15.298362,21.107363,24.09532,21.10861,24.125578,15.032738,15.192872,16.710375,17.130922,21.425293,24.298288,22.433788,26.246498,15.560703,15.715814,0.0,0.0,0.0,0.0,0.0,0.0,0.0,4.0
49002,2023.0,12.0,7.0,7.0,21.101933,24.00308,15.0188055,15.304494,21.103827,23.91074,21.105532,23.945341,15.022956,15.25981,14.987143,14.910756,21.656927,24.438353,22.717295,26.410967,20.502481,24.174583,0.0,0.0,0.0,0.0,0.0,0.0,0.0,4.0
49003,2023.0,12.0,7.0,7.0,21.098854,23.869003,15.018898,15.310924,21.077496,23.706419,21.102018,23.806404,15.024377,15.31773,15.036883,15.147291,21.00454,23.0794,20.858826,22.903019,20.051603,23.10876,0.0,4.0,0.0,0.0,0.0,0.0,0.0,0.0
49004,2023.0,12.0,7.0,7.0,21.0734,23.702429,15.001153,15.263484,21.080929,23.615683,21.10054,23.702038,15.024485,15.354785,15.002671,15.160627,21.062765,23.093494,21.122103,23.432285,16.782295,16.541637,4.0,4.0,0.0,0.0,4.0,4.0,0.0,0.0
49005,2023.0,12.0,7.0,7.0,21.0765,23.638086,19.572124,23.130722,21.126768,23.599794,21.099215,23.620441,15.024536,15.379739,19.660913,23.16476,21.085243,23.092777,21.09044,23.354156,15.23091,14.681904,0.0,0.0,0.0,0.0,0.0,0.0,0.0,0.0
49006,2023.0,12.0,7.0,7.0,21.097813,23.57899,17.29353,18.063997,21.11654,23.480316,21.097342,23.553019,15.200327,15.701418,17.21618,17.868116,21.100859,23.020618,21.092989,23.336452,15.087031,14.818437,4.0,0.0,0.0,4.0,4.0,0.0,0.0,0.0
49007,2023.0,12.0,7.0,7.0,21.750656,24.523815,20.301832,23.832064,21.77412,24.39766,21.81484,24.620386,19.695635,23.310246,20.21086,23.627089,21.611597,23.72943,22.05885,24.837667,15.956676,16.678085,4.0,4.0,0.0,0.0,4.0,4.0,0.0,4.0
49008,2023.0,12.0,7.0,8.0,21.177145,23.500511,19.808292,22.540012,21.118258,23.241175,21.295124,23.739784,16.734941,17.0779,20.042086,22.91398,21.072926,22.740694,21.39003,23.730207,19.541708,22.733917,0.0,0.0,0.0,4.0,4.0,0.0,0.0,0.0
49009,2023.0,12.0,7.0,8.0,18.928297,19.186045,17.235273,17.33421,18.92908,19.035343,19.248175,19.793325,20.57773,24.184856,20.135628,22.785326,18.743937,18.261656,18.779995,18.745363,17.105812,17.52943,4.0,4.0,4.0,4.0,0.0,0.0,0.0,4.0
49010,2023.0,12.0,7.0,8.0,17.96836,18.115738,20.195257,23.224255,17.845211,17.747805,18.343493,18.743286,19.994543,22.885052,17.492407,17.46279,18.395926,18.374083,17.616932,17.354519,20.430109,23.777235,4.0,4.0,4.0,0.0,4.0,4.0,0.0,0.0
49011,2023.0,12.0,7.0,8.0,16.952847,16.517609,20.089241,22.685057,16.822472,16.17642,17.596645,17.572144,16.908968,16.700897,20.339502,23.029104,17.611963,16.996923,17.124697,16.848988,16.978783,16.844507,0.0,0.0,4.0,0.0,0.0,0.0,0.0,0.0
49012,2023.0,12.0,7.0,8.0,17.087208,17.212997,17.346636,17.20867,16.886139,16.74669,17.176336,17.121185,15.367944,14.824602,17.654573,17.697357,17.842573,17.856577,16.771885,16.504045,16.226534,16.538101,0.0,4.0,4.0,0.0,4.0,4.0,0.0,4.0
49013,2023.0,12.0,7.0,8.0,17.08954,17.293795,16.433527,16.027262,16.880772,16.835665,16.992178,16.948442,15.241317,14.941705,20.367668,22.725563,17.14392,16.545635,16.52989,16.267347,20.251545,23.583075,0.0,4.0,4.0,0.0,0.0,0.0,0.0,0.0
49014,2023.0,12.0,7.0,9.0,16.25483,15.865906,16.097769,15.786656,16.732014,16.706385,16.155075,15.56393,15.076925,14.833224,18.006723,18.179838,16.67213,16.03123,17.376202,18.093304,17.054445,16.957668,0.0,4.0,0.0,0.0,0.0,0.0,4.0,0.0
49015,2023.0,12.0,7.0,9.0,16.600092,16.76169,15.85239,15.543399,16.622578,16.60994,15.734803,15.043361,15.008358,14.871334,16.850208,16.532772,16.484537,15.848745,16.268435,15.849024,15.798445,15.2467375,0.0,4.0,0.0,0.0,0.0,0.0,0.0,0.0
49016,2023.0,12.0,7.0,9.0,15.972945,15.581163,15.59443,15.290935,15.816713,15.225998,15.469516,14.791306,15.019845,15.03362,16.344555,16.018217,16.613514,16.298595,15.611973,15.0929985,15.562166,15.282352,0.0,0.0,0.0,0.0,0.0,0.0,0.0,0.0
49017,2023.0,12.0,7.0,9.0,16.307108,16.519493,15.372437,15.073943,15.369082,14.71015,15.567527,15.220359,15.41914,15.875087,15.966271,15.650797,17.444199,17.929684,15.372064,14.85929,15.33206,15.093022,0.0,0.0,0.0,4.0,0.0,4.0,0.0,0.0
49018,2023.0,12.0,7.0,9.0,15.6824045,15.344018,15.218544,14.921711,15.183407,14.529587,16.270824,16.626745,20.191734,24.07865,15.710315,15.401431,17.270517,17.422644,15.461526,15.203363,15.125317,14.897948,0.0,0.0,4.0,4.0,0.0,4.0,0.0,0.0
49019,2023.0,12.0,7.0,9.0,16.051746,16.297848,15.056744,14.768066,16.067476,16.389696,15.834057,15.692954,20.03731,23.22863,15.450808,15.156901,17.164791,17.303099,15.435212,15.219169,15.003498,14.872643,0.0,4.0,0.0,4.0,0.0,4.0,0.0,0.0
49020,2023.0,12.0,7.0,10.0,16.237923,16.553175,15.390678,15.522779,16.082058,16.193298,15.1418085,14.585304,20.133467,23.062279,15.219774,14.936925,17.15759,17.298803,16.392754,17.116951,15.018238,15.029299,4.0,4.0,0.0,0.0,0.0,4.0,4.0,0.0
49021,2023.0,12.0,7.0,10.0,15.50488,15.19853,20.103811,23.775957,15.26527,14.7617035,15.768445,15.665645,17.587498,17.864006,15.004898,14.742071,16.436083,15.952145,15.506271,15.118098,15.017518,15.116324,4.0,0.0,0.0,4.0,0.0,0.0,0.0,0.0
49022,2023.0,12.0,7.0,10.0,15.117756,14.72583,20.060493,23.102537,15.818636,15.759151,16.040197,16.439306,20.458876,23.411413,15.017709,14.891476,16.024204,15.451773,15.849828,15.865873,15.575444,16.221806,0.0,0.0,4.0,4.0,0.0,0.0,0.0,4.0
49023,2023.0,12.0,7.0,10.0,14.999336,14.636452,17.35539,17.509382,14.99593,14.50483,15.650693,15.576268,20.067457,22.558403,15.013402,14.973791,15.864627,15.2923975,14.999053,14.564765,19.734274,23.337595,4.0,0.0,0.0,0.0,0.0,0.0,0.0,0.0
49024,2023.0,12.0,7.0,10.0,15.155549,15.049965,20.011473,22.858973,15.109427,14.825998,15.348244,14.836222,17.828703,18.069588,15.1295,15.248974,15.75625,15.194555,15.123652,14.897618,16.4133,16.358927,0.0,0.0,0.0,4.0,4.0,0.0,0.0,0.0
49025,2023.0,12.0,7.0,10.0,15.194067,15.138637,17.334698,17.270824,15.813059,16.228922,15.001384,14.611082,20.266392,23.057564,19.905718,23.125721,15.937881,15.658661,15.072714,14.872128,14.980084,14.716853,0.0,4.0,0.0,0.0,0.0,0.0,0.0,0.0
49026,2023.0,12.0,7.0,11.0,15.155387,15.114488,15.952088,15.695323,16.101093,16.606913,15.766096,16.166782,17.394548,17.23468,17.319504,17.771242,15.98779,15.742178,14.998284,14.816036,15.023426,14.976579,0.0,4.0,4.0,0.0,0.0,0.0,0.0,0.0
49027,2023.0,12.0,7.0,11.0,15.103098,15.066371,15.679966,15.424441,15.187772,14.83709,15.140025,14.786802,15.843865,15.301008,15.567876,15.376727,15.949486,15.708271,15.00835,14.887862,15.017225,15.077855,0.0,0.0,0.0,0.0,0.0,0.0,0.0,0.0
49028,2023.0,12.0,7.0,11.0,15.86555,16.548405,15.448533,15.192969,15.025861,14.8169985,15.030835,14.853504,16.411308,16.811584,15.1709585,14.926667,16.736614,17.239304,15.007115,14.926009,15.018368,15.15753,0.0,0.0,0.0,4.0,0.0,4.0,0.0,0.0
49029,2023.0,12.0,7.0,11.0,15.452274,15.557792,15.256168,15.004547,15.015524,14.853606,15.015589,14.877617,20.187445,23.282394,15.350157,15.455946,16.754406,16.983528,15.007964,14.959535,15.018757,15.213042,0.0,0.0,0.0,0.0,4.0,4.0,0.0,0.0
49030,2023.0,12.0,7.0,11.0,15.517593,15.55831,15.091595,14.842634,15.564802,15.613998,15.563948,15.636801,17.198557,17.085732,20.168322,23.432135,16.728544,16.941914,15.585567,15.736479,15.5617485,15.956209,0.0,0.0,0.0,0.0,0.0,4.0,0.0,0.0
49031,2023.0,12.0,7.0,11.0,15.41502,15.293072,15.000972,14.79676,15.6726885,15.716614,15.646041,15.688944,15.602248,15.087749,17.477541,17.914,16.766176,16.981455,15.515623,15.456201,15.219855,15.202316,0.0,0.0,0.0,0.0,0.0,4.0,0.0,0.0
49032,2023.0,12.0,7.0,12.0,15.944025,16.632719,15.009703,14.897969,15.841899,16.330004,15.812931,16.305765,15.424837,15.149182,16.088413,16.208908,16.7981,17.01657,15.0241375,14.845356,15.046229,15.23269,0.0,4.0,4.0,0.0,4.0,4.0,0.0,0.0
49033,2023.0,12.0,7.0,12.0,19.66525,22.866098,15.634293,15.844622,20.138931,23.638039,20.793234,24.753803,15.281443,15.0425005,20.20856,23.182028,20.386625,23.257828,21.560461,25.923742,15.617038,16.067638,0.0,0.0,4.0,0.0,0.0,4.0,4.0,0.0
49034,2023.0,12.0,7.0,12.0,21.07713,24.825983,15.233269,15.179559,21.091051,24.74354,21.038267,24.597467,15.098208,14.871204,17.654793,18.017878,20.450464,22.982937,21.01349,24.550827,14.9822445,15.088112,0.0,4.0,4.0,0.0,0.0,0.0,0.0,0.0
49035,2023.0,12.0,7.0,12.0,21.073742,24.373466,15.005767,14.939566,21.089659,24.290943,21.04184,24.210289,15.002969,14.842385,16.373611,16.480679,20.7239,23.148565,21.38739,24.770044,15.028937,15.228124,0.0,4.0,0.0,0.0,4.0,0.0,0.0,0.0
49036,2023.0,12.0,7.0,12.0,21.12909,24.192116,15.012445,15.01308,21.107986,24.018667,21.147911,24.128736,15.848952,16.220718,20.293486,23.368595,21.624748,24.484226,21.792028,25.205465,15.985498,16.794638,0.0,4.0,0.0,0.0,4.0,4.0,0.0,0.0
49037,2023.0,12.0,7.0,12.0,21.091368,23.881033,15.699176,15.349324,21.100075,23.785526,21.117592,23.85017,15.497193,15.423356,20.0579,22.587837,21.306404,23.685392,22.632057,26.346207,15.493446,15.618649,0.0,4.0,0.0,0.0,0.0,4.0,0.0,0.0
49038,2023.0,12.0,7.0,13.0,21.094969,23.733746,15.319644,15.5767975,21.098106,23.622252,21.072557,23.627735,14.994961,14.855734,17.372293,17.181698,21.106228,23.146032,20.890043,23.00184,15.761176,15.794155,4.0,4.0,4.0,0.0,0.0,0.0,0.0,0.0
49039,2023.0,12.0,7.0,13.0,21.472801,24.174252,20.010746,23.7712,21.666445,24.283121,21.69724,24.441938,15.020505,14.985237,16.174047,15.86336,21.67596,24.023106,21.925632,24.556917,14.989362,14.924276,0.0,4.0,0.0,0.0,0.0,0.0,0.0,0.0
49040,2023.0,12.0,7.0,13.0,20.997665,23.272123,17.34984,17.919127,20.934183,22.973982,20.923664,23.018799,15.011193,15.025726,15.894169,15.607317,21.054615,22.750792,21.788404,24.349916,15.020707,15.084818,0.0,0.0,0.0,0.0,0.0,4.0,0.0,0.0
49041,2023.0,12.0,7.0,13.0,21.122503,23.471512,15.560635,15.465284,21.10882,23.26666,21.112936,23.336828,15.013206,15.071439,15.647852,15.371982,21.75443,23.959673,20.954361,22.75752,15.0154505,15.139732,0.0,4.0,4.0,0.0,0.0,0.0,0.0,0.0
49042,2023.0,12.0,7.0,13.0,21.083105,23.38806,15.162713,14.960403,21.085543,23.18571,21.0881,23.25273,15.01359,15.103153,15.435699,15.168195,21.0,22.488386,21.102188,23.09556,15.016757,15.186014,0.0,4.0,4.0,0.0,0.0,0.0,0.0,0.0
49043,2023.0,12.0,7.0,13.0,21.087133,23.380888,15.465524,15.6924715,21.086828,23.154701,21.089727,23.223747,15.013844,15.126694,15.254311,14.995387,21.07709,22.663502,21.081669,23.070408,15.016718,15.215906,4.0,4.0,4.0,0.0,0.0,0.0,0.0,0.0
49044,2023.0,12.0,7.0,14.0,21.622173,24.044443,19.877012,23.241247,21.632776,23.810738,21.48865,23.732273,15.013884,15.144168,15.099983,14.851379,21.495487,23.214489,22.276754,24.966707,15.016643,15.236707,0.0,4.0,0.0,0.0,0.0,0.0,0.0,0.0
49045,2023.0,12.0,7.0,14.0,19.627052,20.046345,17.460152,17.974154,19.708572,19.95773,19.021101,18.869553,15.01349,15.155498,14.999151,14.790709,19.828909,19.894018,19.822561,19.99438,15.0162115,15.250361,0.0,4.0,0.0,0.0,0.0,0.0,0.0,0.0
49046,2023.0,12.0,7.0,14.0,17.948645,17.908289,15.672883,15.531769,18.252695,18.205496,17.912664,17.872908,15.01413,15.167556,15.012122,14.896907,18.570665,18.28354,18.128025,17.878948,15.017048,15.264478,0.0,4.0,4.0,0.0,0.0,0.0,0.0,0.0
49047,2023.0,12.0,7.0,14.0,17.433863,17.358751,15.292657,15.08277,17.219366,16.618559,17.008568,16.442549,15.014715,15.179262,15.010824,14.957418,18.184652,17.887436,17.590494,17.324812,15.017338,15.276384,0.0,0.0,0.0,0.0,0.0,0.0,0.0,0.0
49048,2023.0,12.0,7.0,14.0,17.092564,17.016521,15.564669,15.764984,17.312767,17.24412,17.118433,17.090092,15.014872,15.189619,15.012198,15.00416,17.91286,17.624111,18.308197,19.011055,15.017655,15.2872,4.0,4.0,4.0,0.0,0.0,0.0,4.0,0.0
49049,2023.0,12.0,7.0,14.0,17.579416,18.173122,19.892605,23.310158,16.650545,16.098604,17.111769,17.161755,15.015511,15.200146,15.152063,15.29252,18.493982,18.93532,17.210018,16.793953,15.01781,15.296183,0.0,0.0,4.0,0.0,4.0,4.0,0.0,0.0
49050,2023.0,12.0,7.0,15.0,17.714798,18.38266,17.434034,17.935268,16.831442,16.78844,16.307262,15.808518,15.0151005,15.206003,20.152512,23.562487,17.895569,17.706762,17.539595,17.945772,15.018003,15.304191,0.0,4.0,0.0,0.0,0.0,0.0,4.0,0.0
49051,2023.0,12.0,7.0,15.0,16.650892,16.424015,16.150959,16.410633,16.907524,16.946428,16.50583,16.50912,15.015655,15.212813,17.659374,18.331173,17.937399,18.059925,16.780874,16.396898,15.018452,15.311794,4.0,4.0,4.0,0.0,4.0,4.0,0.0,0.0
49052,2023.0,12.0,7.0,15.0,16.033987,15.645768,20.1656,23.446386,16.808151,16.856445,15.937371,15.442765,15.951269,15.688397,20.210453,23.375051,17.264627,16.77504,16.183708,15.691161,15.932006,15.780557,0.0,4.0,0.0,0.0,0.0,0.0,0.0,0.0
49053,2023.0,12.0,7.0,15.0,16.530083,16.781494,17.695562,18.178553,16.049711,15.5328045,16.199492,16.215425,14.984528,15.130826,17.942137,18.5001,16.8115,16.229067,16.974396,17.415487,14.993176,15.242765,0.0,0.0,4.0,0.0,4.0,0.0,4.0,0.0
49054,2023.0,12.0,7.0,15.0,15.980765,15.681235,16.01868,15.880058,15.605986,14.992674,15.673591,15.189593,15.353039,15.832037,20.281343,23.182293,17.400763,17.5181,16.237152,15.811771,15.860944,15.70151,0.0,0.0,0.0,4.0,0.0,4.0,0.0,0.0
49055,2023.0,12.0,7.0,15.0,16.327303,16.590242,15.582762,15.346538,16.101952,16.090147,15.269469,14.689836,20.084408,23.90147,17.70115,17.780956,17.591858,17.730669,15.733234,15.247611,14.998585,15.257666,0.0,4.0,0.0,0.0,4.0,4.0,0.0,0.0
49056,2023.0,12.0,7.0,16.0,15.798128,15.509547,15.347608,15.095368,16.288826,16.36266,15.797503,15.823319,16.778093,16.814787,20.358023,22.98947,17.575983,17.711475,15.530724,15.042963,15.923191,15.757398,0.0,4.0,4.0,0.0,0.0,4.0,0.0,0.0
49057,2023.0,12.0,7.0,16.0,15.416268,15.034796,15.17055,14.91124,15.59208,15.091175,16.00815,16.116304,14.984729,14.620337,17.515213,17.339212,16.84767,16.357332,15.611566,15.36387,14.995603,15.255331,0.0,0.0,4.0,0.0,0.0,0.0,0.0,0.0
49058,2023.0,12.0,7.0,16.0,16.036375,16.326355,15.020489,14.7553425,15.188171,14.582505,15.99865,16.108171,15.025271,14.875575,16.215406,15.904471,16.426924,15.840558,15.601988,15.387943,15.023988,15.32572,0.0,0.0,4.0,0.0,0.0,0.0,0.0,0.0
49059,2023.0,12.0,7.0,16.0,16.242455,16.579008,15.383819,15.543698,15.752169,15.7754755,15.275497,14.777736,15.013524,14.971882,15.928931,15.630044,16.254158,15.66101,15.516896,15.302941,15.020273,15.333469,4.0,4.0,0.0,0.0,0.0,0.0,0.0,0.0
49060,2023.0,12.0,7.0,16.0,15.549053,15.278473,20.057482,23.695473,15.273977,14.774388,15.254292,14.630255,15.016115,15.054703,15.670107,15.374299,16.41543,16.110758,15.430352,15.216771,15.020793,15.344484,4.0,0.0,0.0,0.0,0.0,0.0,0.0,0.0
49061,2023.0,12.0,7.0,16.0,15.946408,16.25547,19.980333,22.97467,15.64658,15.688007,15.65179,15.714487,15.016532,15.109542,15.443628,15.148011,16.448648,16.178946,15.3461895,15.130061,15.020757,15.352692,0.0,4.0,4.0,0.0,0.0,0.0,0.0,0.0
49062,2023.0,12.0,7.0,17.0,15.411464,15.134955,17.030298,16.951033,15.148778,14.651434,15.053261,14.64148,15.016403,15.146684,15.265866,14.982548,17.164507,17.582106,15.270764,15.055,15.021014,15.359306,0.0,0.0,0.0,0.0,0.0,4.0,0.0,0.0
49063,2023.0,12.0,7.0,17.0,15.041702,14.662045,16.249104,16.38914,15.018432,14.6136055,15.4624405,15.504862,15.017141,15.175568,15.107917,14.831491,16.39373,15.875882,15.197727,14.980077,15.021278,15.365081,4.0,0.0,4.0,0.0,0.0,0.0,0.0,0.0
49064,2023.0,12.0,7.0,17.0,15.248041,14.820718,20.208412,23.436672,15.811858,16.189611,15.668306,15.783389,15.357871,15.82185,14.998828,14.762488,15.9803505,15.397739,15.132146,14.916786,15.021386,15.369913,4.0,4.0,4.0,4.0,0.0,0.0,0.0,0.0
49065,2023.0,12.0,7.0,17.0,15.264818,15.182932,20.050705,22.680258,15.2271,14.860541,15.3393345,14.8246975,20.016499,23.767525,15.012466,14.875236,16.682732,16.834398,15.07013,14.855375,15.021622,15.374872,4.0,0.0,0.0,0.0,0.0,4.0,0.0,0.0
49066,2023.0,12.0,7.0,17.0,16.087595,16.74479,20.10459,22.50343,15.42834,15.482509,15.807127,15.084049,16.73446,16.731499,15.011628,14.930386,16.922487,17.070137,15.010313,14.795951,15.021643,15.379031,4.0,4.0,0.0,0.0,0.0,4.0,0.0,0.0
49067,2023.0,12.0,7.0,17.0,15.376182,15.154766,20.094837,22.292297,14.98896,14.660701,15.547283,15.63473,14.97643,14.602371,15.173985,15.268669,16.953068,17.096813,15.004742,14.832146,15.434499,16.12917,4.0,0.0,4.0,0.0,4.0,4.0,0.0,4.0
49068,2023.0,12.0,7.0,18.0,14.998629,14.740175,20.094215,22.154156,15.021728,14.778671,14.996012,14.6739,15.023262,14.86964,20.01145,23.215185,16.197874,15.653426,15.005082,14.863427,19.560986,23.15856,4.0,0.0,0.0,0.0,0.0,0.0,0.0,0.0
49069,2023.0,12.0,7.0,18.0,20.714268,24.734894,20.090897,22.04283,20.580713,24.456825,20.612123,24.48651,15.013523,14.968714,17.388409,17.752605,20.973534,24.056746,20.716722,24.536304,16.278692,16.211098,4.0,4.0,4.0,0.0,0.0,4.0,0.0,0.0
49070,2023.0,12.0,7.0,18.0,21.05107,24.681944,20.089407,21.959473,21.031603,24.599422,21.036564,24.600079,15.015748,15.046711,15.67152,15.431824,20.598583,23.13659,21.145658,24.887875,15.001925,14.86702,4.0,4.0,4.0,0.0,0.0,0.0,0.0,0.0
49071,2023.0,12.0,7.0,18.0,21.076483,24.295288,20.087994,21.895554,21.116259,24.27272,21.085783,24.250523,15.473299,15.948684,15.318594,15.042606,20.799305,23.153706,21.415735,24.937328,15.805763,16.54748,4.0,4.0,0.0,4.0,0.0,0.0,4.0,4.0
49072,2023.0,12.0,7.0,18.0,21.09512,23.991943,20.104319,21.894009,21.10205,23.918499,21.124363,24.000723,20.165716,23.87648,15.562117,15.663438,21.687502,24.409748,22.52283,26.409811,19.85973,23.3833,0.0,4.0,0.0,0.0,4.0,4.0,4.0,0.0
49073,2023.0,12.0,7.0,18.0,21.119028,23.84007,17.806412,17.452751,21.098442,23.68256,21.096008,23.701605,16.779459,16.703775,20.43938,23.792265,22.069885,24.802769,22.001516,25.045568,17.177395,17.58898,0.0,4.0,4.0,0.0,4.0,4.0,0.0,4.0
49074,2023.0,12.0,7.0,19.0,21.148813,23.73705,17.273972,17.317007,21.155415,23.630331,21.15792,23.683523,15.430863,14.910647,20.048367,22.758505,21.620083,23.75343,22.2901,25.288229,20.456835,23.971676,4.0,4.0,0.0,0.0,0.0,0.0,0.0,0.0
49075,2023.0,12.0,7.0,19.0,21.148098,23.594734,20.260237,22.745836,21.157906,23.526575,21.14931,23.522629,15.122333,14.86945,17.190367,16.923477,21.054306,22.642767,20.997765,22.875475,17.085354,16.95536,4.0,0.0,4.0,0.0,0.0,0.0,0.0,0.0
49076,2023.0,12.0,7.0,19.0,21.551088,24.033924,20.051142,22.070871,21.08603,23.261436,21.093613,23.318493,15.852133,16.378658,16.44409,16.506191,21.50615,23.245653,21.107122,23.118765,16.382923,16.74269,4.0,4.0,4.0,4.0,4.0,4.0,0.0,4.0
49077,2023.0,12.0,7.0,19.0,22.169209,25.018473,20.106573,22.036297,21.82753,24.483532,22.086721,24.910997,19.575006,22.642065,20.306234,23.010403,21.752066,23.562908,21.861433,24.380579,20.991545,24.471142,0.0,0.0,4.0,0.0,0.0,4.0,4.0,4.0
49078,2023.0,12.0,7.0,19.0,20.94985,22.79659,18.112175,18.081556,20.984022,22.838734,20.931536,22.7463,17.176998,17.459242,18.133564,18.57809,21.12295,22.545713,20.930262,22.581573,19.951267,22.433298,4.0,4.0,4.0,4.0,4.0,4.0,0.0,0.0
49079,2023.0,12.0,7.0,19.0,21.180382,23.252333,20.263945,22.487928,21.17963,23.222136,21.184238,23.239386,20.480782,23.633148,20.42186,22.979973,21.131266,22.569336,21.205675,23.139494,17.119772,16.812725,4.0,0.0,4.0,0.0,0.0,4.0,0.0,0.0
49080,2023.0,12.0,7.0,20.0,22.025354,24.75303,20.062656,21.917425,21.101543,23.033531,21.10607,23.082329,17.206255,17.022095,17.97598,18.116304,21.961298,23.988342,21.166248,23.051922,15.763233,15.208952,0.0,0.0,0.0,0.0,0.0,0.0,0.0,0.0
49081,2023.0,12.0,7.0,20.0,20.966671,22.713764,17.821424,17.517052,21.07968,23.005497,21.080685,22.988813,15.583727,15.018174,16.58148,16.30983,20.950134,22.081705,21.078241,22.899605,15.624792,15.359778,0.0,0.0,4.0,0.0,0.0,4.0,0.0,0.0
49082,2023.0,12.0,7.0,20.0,21.09284,22.96808,16.842617,16.497211,21.055065,22.939701,21.108667,23.04466,15.4867935,15.225762,16.163916,15.843794,21.105328,22.433697,21.078613,22.909443,15.467842,15.227521,0.0,4.0,0.0,0.0,0.0,0.0,0.0,0.0
49083,2023.0,12.0,7.0,20.0,21.145618,23.07596,16.55098,16.205204,21.201284,23.20674,21.161373,23.09109,15.356031,15.108306,15.9015465,15.585068,21.107424,22.407358,21.158037,23.062267,15.273023,15.046183,0.0,0.0,4.0,0.0,0.0,4.0,0.0,0.0
49084,2023.0,12.0,7.0,20.0,21.090155,22.988922,16.823727,16.947296,21.056168,22.849699,21.09433,22.969175,15.193314,14.959618,15.7031,15.408967,21.079403,22.384464,21.063898,22.866905,15.109,14.894647,4.0,4.0,0.0,0.0,0.0,0.0,0.0,0.0
49085,2023.0,12.0,7.0,20.0,21.162191,23.12466,20.21848,23.008764,21.168879,23.066435,21.16016,23.064297,15.048389,14.827225,15.525948,15.245219,21.128145,22.457226,21.189636,23.11037,14.998323,14.830837,0.0,0.0,4.0,0.0,0.0,4.0,0.0,0.0
49086,2023.0,12.0,7.0,21.0,21.06919,22.905823,18.296995,18.855274,21.073187,22.827599,21.105928,22.96032,15.006769,14.865682,15.370894,15.101517,21.084797,22.384224,21.076786,22.872328,15.011974,14.946087,4.0,4.0,0.0,0.0,0.0,0.0,0.0,0.0
49087,2023.0,12.0,7.0,21.0,21.16106,23.101706,20.300508,22.879683,21.102945,22.886778,21.1001,22.931847,15.011182,14.94165,15.234887,14.971602,21.121473,22.42743,21.076773,22.861513,15.78389,16.460186,0.0,0.0,0.0,0.0,0.0,4.0,0.0,4.0
49088,2023.0,12.0,7.0,21.0,21.067688,22.881763,17.700361,17.533243,21.071997,22.783445,21.052723,22.846224,15.572022,16.040924,15.120591,14.867502,21.054428,22.287193,21.076054,22.847952,20.536055,24.288927,0.0,4.0,4.0,4.0,0.0,4.0,0.0,4.0
49089,2023.0,12.0,7.0,21.0,21.099623,22.953943,16.15565,15.477256,21.101362,22.844463,21.08264,22.87599,20.437038,24.10778,15.019163,14.773794,21.053747,22.280096,21.037313,22.73158,20.055367,23.041916,0.0,0.0,4.0,0.0,0.0,4.0,4.0,0.0
49090,2023.0,12.0,7.0,21.0,21.091682,22.91975,16.068056,15.692909,21.0949,22.810501,21.102583,22.912735,16.8916,16.78963,15.008852,14.832874,21.053387,22.272112,21.101429,22.844692,16.942348,16.696146,0.0,0.0,0.0,0.0,0.0,4.0,0.0,0.0
49091,2023.0,12.0,7.0,21.0,21.070246,22.900236,16.508041,16.647427,21.071445,22.788744,21.096907,22.87679,15.188719,14.664111,15.270576,15.372905,21.082525,22.33945,21.08917,22.782434,15.529988,15.011913,4.0,0.0,0.0,0.0,4.0,0.0,0.0,0.0
49092,2023.0,12.0,7.0,22.0,21.619747,23.63828,20.717358,23.862274,21.630785,23.53744,21.583206,23.448215,15.132832,14.885081,20.128527,23.340622,21.508387,22.860994,21.817009,23.757555,15.43993,15.202649,4.0,0.0,4.0,0.0,0.0,4.0,0.0,0.0
49093,2023.0,12.0,7.0,22.0,21.856812,24.100836,19.904152,22.024815,21.93951,24.063456,22.052477,24.318226,15.081216,14.868527,17.52609,17.907425,22.083412,23.926174,21.627789,23.41327,15.335761,15.129859,0.0,0.0,0.0,0.0,0.0,0.0,0.0,0.0
49094,2023.0,12.0,7.0,22.0,21.013432,22.672739,17.527033,17.285868,20.997192,22.50024,20.918295,22.27807,15.00049,14.835571,15.857575,15.654113,20.939634,21.828009,21.07025,22.535322,15.180469,14.985654,0.0,4.0,0.0,0.0,0.0,0.0,0.0,0.0
49095,2023.0,12.0,7.0,22.0,21.073431,22.772121,17.043957,17.183401,21.084408,22.735653,21.074207,22.662752,15.011939,14.927871,15.519282,15.273273,21.0919,22.173426,21.070353,22.589039,15.044214,14.856304,4.0,0.0,4.0,0.0,0.0,0.0,0.0,0.0
49096,2023.0,12.0,7.0,22.0,21.067034,22.762342,20.253374,22.932697,21.092682,22.728464,21.163118,22.856716,15.432505,15.766926,15.670849,15.718865,21.022242,22.075853,21.189068,22.857733,15.005444,14.890233,4.0,0.0,4.0,4.0,4.0,4.0,0.0,0.0
49097,2023.0,12.0,7.0,22.0,22.537167,25.30057,20.588125,23.039156,22.21724,24.575464,22.193335,24.570496,20.492825,24.197506,20.392786,23.61369,22.192513,24.146965,22.156416,24.570871,15.7579,16.060928,0.0,0.0,0.0,0.0,0.0,0.0,0.0,0.0
49098,2023.0,12.0,7.0,23.0,20.905632,22.284788,18.106686,17.978539,20.9292,22.245445,20.919178,22.232481,17.345467,17.660566,17.706553,18.067482,20.944565,21.809925,20.913021,22.176245,15.0003195,14.877024,0.0,4.0,4.0,0.0,0.0,0.0,0.0,0.0
49099,2023.0,12.0,7.0,23.0,19.55605,19.775719,16.867016,16.59872,19.364895,19.397173,18.916468,18.527681,16.31198,16.644651,16.128355,15.942166,19.323019,18.772453,19.309063,19.19884,15.0184145,14.973493,0.0,0.0,0.0,4.0,0.0,0.0,0.0,0.0
49100,2023.0,12.0,7.0,23.0,18.19153,17.738054,16.600336,16.339375,18.598461,18.480658,17.7229,17.02758,15.499013,15.10709,15.77089,15.539204,18.840588,18.50195,18.433159,18.18019,15.554399,16.027351,0.0,4.0,0.0,0.0,0.0,0.0,0.0,4.0
49101,2023.0,12.0,7.0,23.0,17.701172,17.1655,16.88769,17.033401,17.728184,17.05492,17.327608,16.602072,15.071966,14.569872,15.597577,15.358217,18.695677,18.399208,18.114555,17.85129,14.971676,14.921142,4.0,0.0,0.0,0.0,0.0,0.0,0.0,0.0
49102,2023.0,12.0,7.0,23.0,17.365448,16.851444,16.953556,17.183933,17.199343,16.47041,17.371899,17.03978,15.096798,14.862657,15.75675,15.80381,19.287605,19.722315,17.828205,17.577953,15.0370865,15.094423,4.0,0.0,0.0,0.0,4.0,4.0,0.0,0.0
49103,2023.0,12.0,7.0,23.0,17.43857,17.290394,16.058079,15.542911,16.904568,16.190533,17.276525,17.016077,15.06162,14.870062,15.506178,15.329055,18.320992,17.761597,17.584719,17.347546,15.017738,15.072411,0.0,0.0,0.0,0.0,0.0,0.0,0.0,0.0
49104,2023.0,12.0,8.0,0.0,17.375593,17.28995,15.50928,14.835682,17.039085,16.712719,17.081238,16.827374,15.001783,14.859814,15.254713,15.036138,17.746399,17.09732,17.36665,17.131813,15.011456,15.0915785,0.0,0.0,0.0,0.0,0.0,0.0,0.0,0.0
49105,2023.0,12.0,8.0,0.0,17.226889,17.157581,16.135168,16.232307,16.995935,16.72091,16.91356,16.674353,15.010567,14.941931,15.414853,15.450313,17.539604,16.90786,17.190374,16.970434,15.012162,15.116734,4.0,0.0,0.0,0.0,4.0,0.0,0.0,0.0
49106,2023.0,12.0,8.0,0.0,17.858946,18.480076,15.964285,15.812015,16.868956,16.608551,16.759981,16.527855,15.009485,14.987028,15.203023,15.025392,17.69872,17.40533,17.03111,16.8191,15.012361,15.135601,0.0,0.0,0.0,0.0,0.0,0.0,0.0,0.0
49107,2023.0,12.0,8.0,0.0,17.363094,17.420494,16.192898,16.397356,16.744463,16.492575,16.624521,16.399199,15.0099745,15.022564,14.995137,14.80265,17.70615,17.454136,16.890898,16.686115,15.0126915,15.151318,4.0,0.0,0.0,0.0,0.0,0.0,0.0,0.0
49108,2023.0,12.0,8.0,0.0,16.659029,16.290129,15.516621,15.035178,16.633448,16.391182,16.506226,16.289684,15.3699665,15.718565,15.011531,14.89167,17.62305,17.378736,16.765123,16.563175,15.012929,15.164132,0.0,0.0,0.0,4.0,0.0,0.0,0.0,0.0
49109,2023.0,12.0,8.0,0.0,16.348564,15.929288,15.073683,14.459212,16.53014,16.293913,16.397137,16.185709,14.950853,14.913287,15.008097,14.928339,17.535828,17.29385,16.649065,16.448462,15.013021,15.174899,0.0,0.0,0.0,0.0,0.0,0.0,0.0,0.0
49110,2023.0,12.0,8.0,1.0,16.544939,16.476448,15.269917,15.0008545,16.437462,16.20783,16.299978,16.094353,15.3609495,15.734477,15.009996,14.964255,17.456045,17.216965,16.546026,16.347885,15.440767,15.980287,0.0,0.0,0.0,4.0,0.0,0.0,0.0,4.0
49111,2023.0,12.0,8.0,1.0,16.561443,16.527355,15.319635,15.104259,16.355436,16.134605,16.214865,16.01721,15.268882,15.391543,15.131132,15.2118225,17.38477,17.150122,16.454647,16.260612,14.9466505,15.006375,0.0,0.0,0.0,4.0,4.0,0.0,0.0,0.0
49112,2023.0,12.0,8.0,1.0,16.498703,16.471838,15.275706,15.071142,16.276953,16.061052,16.133911,15.940215,14.978808,14.963705,14.974425,14.931217,17.316769,17.083702,16.368877,16.176216,15.1832695,15.473427,0.0,0.0,0.0,0.0,0.0,0.0,0.0,4.0
49113,2023.0,12.0,8.0,1.0,16.43218,16.409784,15.22519,15.027191,16.20708,15.998397,16.062263,15.874919,15.035573,15.091966,15.022507,15.043629,17.25558,17.025795,16.292196,16.102594,14.979533,15.085762,0.0,0.0,0.0,0.0,0.0,0.0,0.0,0.0
49114,2023.0,12.0,8.0,1.0,17.168013,17.85397,15.179458,14.9897785,16.145315,15.946474,15.999183,15.821111,15.019135,15.073932,15.095942,15.188733,17.201551,16.977533,16.224438,16.040697,15.186578,15.468848,0.0,0.0,0.0,0.0,4.0,0.0,0.0,4.0
49115,2023.0,12.0,8.0,1.0,16.712706,16.792887,15.134197,14.949682,16.084488,15.891638,15.937364,15.764459,15.009975,15.08451,14.991857,15.007606,17.148905,16.927742,16.158762,15.977491,14.989306,15.100143,0.0,0.0,0.0,0.0,0.0,0.0,0.0,0.0
49116,2023.0,12.0,8.0,2.0,16.105137,15.809241,15.092309,14.913311,16.777174,17.247746,15.880253,15.713104,15.011707,15.107929,15.073255,15.171488,17.100204,16.882584,16.098385,15.9203205,15.027071,15.184692,0.0,4.0,0.0,0.0,4.0,0.0,0.0,0.0
49117,2023.0,12.0,8.0,2.0,15.875766,15.542618,15.050989,14.875123,16.396534,16.347149,15.824459,15.660615,15.011962,15.124024,14.996241,15.036552,17.052649,16.836395,16.0408,15.86403,15.021157,15.179353,0.0,0.0,0.0,0.0,0.0,0.0,0.0,0.0
49118,2023.0,12.0,8.0,2.0,16.07457,16.047182,15.010902,14.837637,15.754132,15.269017,15.770824,15.609774,15.01188,15.136549,15.013767,15.082745,17.006521,16.79149,15.9856825,15.810035,15.012465,15.185346,0.0,0.0,0.0,0.0,0.0,0.0,0.0,0.0
49119,2023.0,12.0,8.0,2.0,16.120659,16.127855,15.002404,14.8573065,15.511656,14.984108,15.719448,15.560759,15.012465,15.147909,15.010944,15.086918,16.961836,16.747768,15.932879,15.758277,15.43422,15.98739,0.0,0.0,0.0,0.0,0.0,0.0,0.0,4.0
49120,2023.0,12.0,8.0,2.0,16.083351,16.093798,15.00317,14.885837,15.713051,15.494489,15.672008,15.516658,15.012463,15.157473,15.011581,15.096641,16.919544,16.707415,15.883055,15.710326,14.958355,15.043567,0.0,0.0,0.0,0.0,0.0,0.0,0.0,0.0
49121,2023.0,12.0,8.0,2.0,16.036879,16.046242,15.005255,14.915005,15.772076,15.599561,15.622992,15.467356,15.024029,15.189105,15.021893,15.125291,16.87673,16.664593,15.832924,15.659864,15.0430355,15.245476,0.0,0.0,0.0,0.0,0.0,0.0,0.0,0.0
49122,2023.0,12.0,8.0,3.0,15.992125,16.001198,15.006354,14.936103,15.736362,15.567082,15.578712,15.425747,15.024825,15.193145,15.022883,15.131268,16.836756,16.626137,15.786361,15.614753,15.025402,15.21381,0.0,0.0,0.0,0.0,0.0,0.0,0.0,0.0
49123,2023.0,12.0,8.0,3.0,15.957184,15.975049,15.007107,14.954946,15.694537,15.527427,15.535078,15.383814,15.02537,15.200352,15.022997,15.138471,16.797016,16.587137,15.740724,15.569896,15.026531,15.241281,0.0,0.0,0.0,0.0,0.0,0.0,0.0,0.0
49124,2023.0,12.0,8.0,3.0,15.918249,15.93711,15.0044,14.964559,15.654823,15.491953,15.494864,15.347407,15.300954,15.709937,15.010936,15.123679,16.759083,16.551056,15.697522,15.528699,15.451093,16.03597,0.0,0.0,0.0,4.0,0.0,0.0,0.0,4.0
49125,2023.0,12.0,8.0,3.0,16.691816,17.428112,15.005138,14.980877,15.614748,15.454901,15.454969,15.309965,15.427105,15.858236,15.01297,15.135617,16.72154,16.51511,15.655173,15.48807,15.352561,15.694266,0.0,0.0,0.0,4.0,0.0,0.0,0.0,4.0
49126,2023.0,12.0,8.0,3.0,16.241907,16.343065,15.005486,14.995258,15.574296,15.41614,15.415111,15.271185,14.970918,15.031569,15.017686,15.135367,16.683971,16.478167,15.612694,15.4461775,14.989806,15.120322,0.0,0.0,0.0,0.0,4.0,0.0,0.0,0.0
49127,2023.0,12.0,8.0,3.0,15.653368,15.387543,15.005852,15.008614,15.533568,15.375909,15.375096,15.231218,15.034054,15.170562,15.014051,15.149873,16.646141,16.440168,15.570273,15.403518,15.029127,15.219383,0.0,0.0,0.0,0.0,0.0,0.0,0.0,0.0
49128,2023.0,12.0,8.0,4.0,15.448065,15.144306,15.006094,15.021136,15.493926,15.336985,15.336118,15.192576,15.020564,15.154718,15.013755,15.160829,16.609064,16.403267,15.529166,15.362611,15.199523,15.523512,0.0,0.0,0.0,0.0,0.0,0.0,0.0,4.0
49129,2023.0,12.0,8.0,4.0,15.639238,15.618607,15.006374,15.033116,16.219187,16.733545,15.29988,15.158386,15.012852,15.165291,15.013796,15.167147,16.573572,16.36907,15.490266,15.325252,15.244477,15.567168,0.0,4.0,0.0,0.0,0.0,0.0,0.0,4.0
49130,2023.0,12.0,8.0,4.0,15.698434,15.715421,15.006927,15.045141,15.835801,15.798315,15.26196,15.120167,15.014239,15.185717,15.014143,15.173705,16.537092,16.33229,15.450724,15.285433,14.997419,15.159234,0.0,0.0,0.0,0.0,0.0,0.0,0.0,0.0
49131,2023.0,12.0,8.0,4.0,15.686232,15.720771,15.0072155,15.056213,15.232621,14.7912655,15.224315,15.082164,15.0146675,15.201379,15.01438,15.17972,16.500847,16.295683,15.411632,15.24608,15.027989,15.238181,0.0,0.0,0.0,0.0,0.0,0.0,0.0,0.0
49132,2023.0,12.0,8.0,4.0,15.656369,15.690421,15.0144005,15.081223,15.005597,14.512498,15.184858,15.040186,15.029134,15.242325,15.028656,15.213365,16.46379,16.257177,15.371767,15.204814,15.181381,15.506454,0.0,0.0,0.0,0.0,0.0,0.0,0.0,4.0
49133,2023.0,12.0,8.0,4.0,15.618473,15.647829,15.006681,15.074451,15.229405,15.051813,15.149675,15.006112,15.012617,15.216909,15.012026,15.184412,16.428934,16.222692,15.3341255,15.16769,14.999293,15.1876545,0.0,0.0,0.0,0.0,0.0,0.0,0.0,0.0
49134,2023.0,12.0,8.0,5.0,15.580058,15.60592,15.008548,15.087153,15.2698555,15.111962,15.11357,14.9698305,15.2787485,15.708746,14.998978,15.150783,16.39378,16.187347,15.296425,15.129949,15.0314665,15.2634945,0.0,0.0,0.0,4.0,4.0,0.0,0.0,0.0
49135,2023.0,12.0,8.0,5.0,15.541602,15.563519,15.016106,15.111495,15.239706,15.081016,15.074749,14.927795,15.370392,15.805983,15.0299,15.23863,16.35715,16.148655,15.257373,15.089067,15.030143,15.28737,0.0,0.0,0.0,4.0,0.0,0.0,0.0,0.0
49136,2023.0,12.0,8.0,5.0,15.5053215,15.525015,15.007581,15.100835,15.2044,15.046086,15.038921,14.892007,14.973816,15.095593,15.012834,15.204156,16.32152,16.112364,15.219543,15.050921,15.014604,15.273396,0.0,0.0,0.0,0.0,0.0,0.0,0.0,0.0
49137,2023.0,12.0,8.0,5.0,15.463816,15.477289,15.017371,15.128881,15.163726,15.001349,14.998801,14.847556,15.048692,15.258847,15.031175,15.245413,16.28342,16.07147,15.179481,15.008362,15.032761,15.324914,0.0,0.0,0.0,0.0,0.0,0.0,0.0,0.0
49138,2023.0,12.0,8.0,5.0,15.430879,15.445554,15.017962,15.134247,15.124851,14.960556,15.002882,14.889014,15.048945,15.244963,15.031324,15.244319,16.246153,16.03244,15.140209,14.967652,15.033957,15.33264,0.0,0.0,0.0,0.0,0.0,0.0,0.0,0.0
49139,2023.0,12.0,8.0,5.0,15.400304,15.41745,15.008542,15.12393,15.087329,14.9223995,15.003095,14.908117,15.292916,15.708907,14.997315,15.171251,16.209112,15.994193,15.101295,14.927822,15.014367,15.306217,0.0,0.0,0.0,4.0,4.0,0.0,0.0,0.0
49140,2023.0,12.0,8.0,6.0,15.373552,15.395085,15.010725,15.13551,15.048358,14.881329,15.004011,14.92924,15.052109,15.157775,15.02245,15.244093,16.170889,15.954005,15.061475,14.886469,15.018938,15.324682,0.0,0.0,0.0,4.0,0.0,0.0,0.0,0.0
49141,2023.0,12.0,8.0,6.0,20.453106,24.270662,15.010828,15.142926,20.292433,24.034693,20.191849,23.97224,19.425138,22.530308,15.016986,15.239628,20.116375,22.657251,20.572926,24.189337,15.018737,15.332953,0.0,0.0,0.0,0.0,0.0,0.0,0.0,0.0
49142,2023.0,12.0,8.0,6.0,21.07158,24.75616,15.010827,15.148931,21.075163,24.792616,21.037771,24.843489,16.456614,16.421188,15.017456,15.24416,20.947287,23.91703,21.194208,24.93067,15.018251,15.3361435,0.0,0.0,0.0,0.0,0.0,0.0,0.0,0.0
49143,2023.0,12.0,8.0,6.0,21.098225,24.353203,15.0112095,15.155627,21.100801,24.356794,21.10834,24.476034,14.980272,14.688279,15.017364,15.24556,21.330397,24.215199,22.750343,27.123219,15.018043,15.333494,0.0,0.0,0.0,0.0,0.0,0.0,4.0,0.0
49144,2023.0,12.0,8.0,6.0,21.090155,24.035522,15.01138,15.162262,21.09335,24.01617,21.096317,24.120935,15.021181,14.926023,15.017468,15.246176,21.609972,24.347902,22.761799,26.596706,15.329129,15.889119,0.0,0.0,0.0,0.0,0.0,0.0,4.0,4.0
49145,2023.0,12.0,8.0,6.0,21.090792,23.827158,15.011836,15.169449,21.093374,23.78725,21.09739,23.892021,15.013214,15.007362,15.017631,15.246834,20.995827,23.021904,22.098728,24.961294,20.345427,24.528116,0.0,0.0,0.0,0.0,0.0,0.0,4.0,4.0
49146,2023.0,12.0,8.0,7.0,21.088583,23.67143,15.012126,15.176323,21.090988,23.615492,21.094545,23.717714,15.014475,15.074498,15.017756,15.249132,21.084064,23.078604,20.907852,22.73816,20.054209,23.384111,0.0,0.0,0.0,0.0,0.0,0.0,0.0,0.0
49147,2023.0,12.0,8.0,7.0,21.086731,23.554865,15.012471,15.183199,21.088902,23.48613,21.09231,23.586218,15.0146055,15.120211,15.017882,15.251361,21.072311,22.960514,21.125156,23.151667,16.740715,16.593412,0.0,0.0,0.0,0.0,0.0,0.0,0.0,0.0
49148,2023.0,12.0,8.0,7.0,21.083035,23.461708,15.012705,15.189718,21.084967,23.382797,21.088396,23.481958,15.015469,15.153603,14.997071,15.197301,21.04135,22.807714,21.094002,23.057716,15.239184,14.768387,0.0,0.0,0.0,0.0,4.0,4.0,0.0,0.0
49149,2023.0,12.0,8.0,7.0,21.08375,23.394331,15.013223,15.196138,21.085539,23.307314,21.089546,23.40751,15.015054,15.176253,19.667242,23.128618,21.096043,22.84156,21.098213,23.02981,16.190403,16.93908,0.0,0.0,0.0,0.0,0.0,0.0,0.0,4.0
49150,2023.0,12.0,8.0,7.0,21.05749,23.26885,15.012773,15.19871,21.084204,23.243261,21.08755,23.340445,15.015665,15.1944685,17.09311,17.54862,21.058573,22.672873,21.07788,22.993174,20.302954,23.859692,0.0,0.0,0.0,0.0,0.0,4.0,0.0,0.0
49151,2023.0,12.0,8.0,7.0,21.086855,23.30763,15.013242,15.202753,21.05919,23.124199,21.086195,23.28496,15.015667,15.207367,15.31737,15.133515,21.062876,22.628689,21.079802,22.99045,16.945831,16.841047,0.0,4.0,0.0,0.0,0.0,4.0,0.0,0.0
49152,2023.0,12.0,8.0,8.0,21.101656,23.255224,15.139256,15.423139,21.086979,23.1617,21.084805,23.239029,15.41313,15.950328,14.990328,14.810663,21.06099,22.58304,21.078686,22.976904,15.32121,14.840742,4.0,0.0,0.0,4.0,0.0,4.0,0.0,0.0
49153,2023.0,12.0,8.0,8.0,18.642494,18.472109,20.03292,23.787926,18.625866,18.36486,18.958336,19.120745,20.193567,23.912392,15.186562,15.305035,19.528515,19.60488,19.028805,19.020437,16.177114,16.831137,4.0,0.0,0.0,0.0,4.0,4.0,0.0,4.0
49154,2023.0,12.0,8.0,8.0,18.450975,19.002867,20.02028,23.22702,17.199253,16.524061,18.35257,18.740894,16.775408,16.7762,20.050278,23.579966,18.912443,18.939444,17.948488,17.726496,20.321323,23.838665,0.0,0.0,4.0,0.0,0.0,4.0,0.0,0.0
49155,2023.0,12.0,8.0,8.0,18.10085,18.326807,17.269733,17.509214,17.05082,16.69649,17.64041,17.562199,14.982057,14.608293,17.409552,17.893736,18.70603,18.7448,17.512999,17.2761,17.01622,16.932907,4.0,0.0,0.0,0.0,0.0,4.0,0.0,0.0
49156,2023.0,12.0,8.0,8.0,17.75177,17.939676,20.15392,23.26263,16.917864,16.63257,16.672913,16.065157,15.713988,16.20486,15.612659,15.428377,17.852343,17.299858,17.199862,16.967484,15.414437,14.961147,4.0,0.0,0.0,4.0,0.0,0.0,0.0,0.0
49157,2023.0,12.0,8.0,8.0,16.874523,16.468021,20.04904,22.66206,16.700369,16.422668,16.851097,16.760036,19.988173,23.278511,15.211258,14.981508,18.095228,18.142046,16.941423,16.71571,15.251401,15.0316725,4.0,0.0,4.0,0.0,0.0,4.0,0.0,0.0
49158,2023.0,12.0,8.0,9.0,17.110556,17.256966,20.12224,22.558613,16.50278,16.22735,16.247778,15.663741,16.776012,16.681282,14.997849,14.789595,18.159126,18.223686,16.720589,16.501211,15.125172,14.942195,0.0,0.0,0.0,0.0,0.0,4.0,0.0,0.0
49159,2023.0,12.0,8.0,9.0,17.21893,17.444431,17.447708,17.24467,17.048231,17.402306,15.787686,15.122559,15.159009,14.665715,15.018098,14.936564,17.378494,16.836435,17.619173,18.372704,15.866411,16.489214,0.0,4.0,0.0,0.0,0.0,0.0,4.0,4.0
49160,2023.0,12.0,8.0,9.0,16.438745,16.064043,16.2913,16.023333,17.274097,17.733595,15.901439,15.57798,15.098852,14.863119,15.159375,15.273786,17.710627,17.792727,17.562542,17.966942,19.988388,23.476923,0.0,4.0,0.0,0.0,4.0,4.0,4.0,0.0
49161,2023.0,12.0,8.0,9.0,16.002947,15.544424,16.467793,16.619677,16.228401,15.747208,15.909517,15.660224,14.997507,14.834246,19.957981,23.18572,17.138374,16.615461,17.449837,17.848362,17.357124,17.806162,4.0,0.0,0.0,0.0,0.0,0.0,4.0,4.0
49162,2023.0,12.0,8.0,9.0,16.573507,16.78347,20.234375,23.373188,16.343647,16.301075,16.540838,16.941284,15.016602,14.976298,17.594297,18.236746,17.5148,17.62872,16.43458,15.973278,20.34552,23.68046,0.0,4.0,4.0,0.0,4.0,4.0,0.0,0.0
49163,2023.0,12.0,8.0,9.0,16.772675,17.059921,18.060263,18.682304,16.487679,16.525124,16.807386,17.29656,16.254696,16.03905,20.236633,23.472628,16.961782,16.4531,15.928632,15.422757,17.1138,16.990337,4.0,4.0,4.0,0.0,0.0,0.0,0.0,0.0
49164,2023.0,12.0,8.0,10.0,16.75828,17.05611,20.287882,23.072443,16.45752,16.507977,15.875976,15.501218,14.992635,14.968537,17.903124,18.470625,17.364576,17.498167,15.729284,15.228655,15.558382,15.092848,4.0,4.0,0.0,0.0,4.0,4.0,0.0,0.0
49165,2023.0,12.0,8.0,10.0,16.747679,17.06783,20.465853,22.937923,15.763778,15.25805,15.315905,14.753698,16.120436,15.824542,20.2112,23.041002,17.550194,17.691944,15.590948,15.11212,16.383247,17.033028,0.0,0.0,0.0,0.0,0.0,4.0,0.0,4.0
49166,2023.0,12.0,8.0,10.0,16.739002,17.07794,18.00812,17.965752,16.090378,16.114985,15.839023,15.885521,14.985212,14.999401,17.466866,17.35618,16.864716,16.398983,16.866268,17.666311,20.34459,23.769342,0.0,4.0,4.0,0.0,0.0,0.0,4.0,0.0
49167,2023.0,12.0,8.0,10.0,16.731552,17.089602,16.659155,16.43635,16.306675,16.434095,15.412375,14.978265,15.023941,15.134872,16.153154,15.90503,16.505775,15.980913,16.064829,15.722078,17.151155,17.115147,0.0,4.0,0.0,0.0,0.0,0.0,0.0,0.0
49168,2023.0,12.0,8.0,10.0,16.72575,17.10243,16.332188,16.10917,16.327026,16.482628,15.818195,15.946879,15.012556,15.14476,15.890783,15.662376,16.381016,15.865861,15.556893,15.144415,15.603766,15.18324,0.0,4.0,4.0,0.0,0.0,0.0,0.0,0.0
49169,2023.0,12.0,8.0,10.0,16.721626,17.116459,16.080769,15.871297,15.653224,15.242352,16.037815,16.241383,15.437293,15.953992,15.667477,15.458142,16.56811,16.337345,15.426743,15.025629,16.434969,17.114725,0.0,0.0,4.0,4.0,0.0,0.0,0.0,4.0
49170,2023.0,12.0,8.0,11.0,16.71837,17.12957,15.913537,15.710766,16.068924,16.184916,16.073883,16.302818,19.824099,23.456043,15.513859,15.314457,17.375273,17.860254,15.3516445,14.966872,20.176405,23.499783,0.0,4.0,4.0,0.0,0.0,4.0,0.0,0.0
49171,2023.0,12.0,8.0,11.0,16.720676,17.15072,15.740153,15.55237,15.619664,15.257141,16.096674,16.34285,16.805683,16.94353,15.355517,15.1717615,17.451021,17.728481,16.624702,17.469355,17.812294,18.378181,0.0,0.0,4.0,0.0,0.0,4.0,4.0,4.0
49172,2023.0,12.0,8.0,11.0,16.06592,15.9423895,16.08244,16.306713,16.040905,16.197004,16.11235,16.37549,15.55861,15.144482,15.239295,15.063143,16.70985,16.316093,15.745695,15.494207,20.435501,23.133427,4.0,4.0,4.0,0.0,0.0,0.0,0.0,0.0
49173,2023.0,12.0,8.0,11.0,15.679305,15.445403,20.197454,23.555225,15.596745,15.271576,16.12881,16.405733,15.398947,15.202273,15.117104,14.950619,17.202946,17.48377,15.294032,14.96265,17.57538,17.528925,4.0,0.0,4.0,0.0,0.0,4.0,0.0,0.0
49174,2023.0,12.0,8.0,11.0,15.545664,15.319274,20.03583,22.737757,15.255626,14.846184,15.470101,15.178783,15.265558,15.105961,15.01021,14.852202,16.673706,16.29138,15.204158,14.87596,16.180738,15.798641,4.0,0.0,0.0,0.0,0.0,0.0,0.0,0.0
49175,2023.0,12.0,8.0,11.0,16.223337,16.679827,20.093159,22.53882,15.863568,16.090643,15.842876,16.090553,15.111939,14.965874,15.008928,14.927979,16.385695,15.975276,16.25565,16.91665,15.961784,15.77556,4.0,4.0,4.0,0.0,0.0,0.0,4.0,0.0
49176,2023.0,12.0,8.0,12.0,15.7956705,15.716075,20.082928,22.31247,15.468625,15.216256,16.063278,16.38945,14.997155,14.881614,15.007263,14.969552,17.139404,17.48334,15.625509,15.380487,15.790822,15.636911,4.0,0.0,4.0,0.0,0.0,4.0,0.0,0.0
49177,2023.0,12.0,8.0,12.0,20.473652,24.028921,20.081825,22.167774,20.939266,24.87579,20.200665,23.48211,15.010876,14.98744,15.007562,15.00092,20.244398,22.719452,20.701853,24.128736,15.600355,15.453818,4.0,4.0,0.0,0.0,0.0,0.0,0.0,0.0
49178,2023.0,12.0,8.0,12.0,21.03476,24.463127,20.096237,22.108019,21.013645,24.376097,21.129429,24.618124,15.009203,15.040065,15.007312,15.021252,20.912083,23.53283,22.159973,26.286154,15.438079,15.298342,0.0,4.0,4.0,0.0,0.0,0.0,4.0,0.0
49179,2023.0,12.0,8.0,12.0,21.08985,24.181879,18.233696,18.438135,21.102203,24.11921,21.091293,24.13309,15.009261,15.07621,15.006954,15.034826,21.337852,23.929361,21.94389,25.324894,16.358253,17.16549,4.0,4.0,4.0,0.0,0.0,0.0,0.0,4.0
49180,2023.0,12.0,8.0,12.0,21.140343,24.029078,20.255379,22.606098,21.139101,23.906849,21.145222,23.984747,15.009338,15.100738,15.007385,15.047391,21.233822,23.515383,22.466604,25.905252,20.394613,23.951553,4.0,4.0,0.0,0.0,0.0,4.0,0.0,4.0
49181,2023.0,12.0,8.0,12.0,21.085608,23.741974,20.041656,22.014023,21.085562,23.598036,21.083513,23.645218,15.009281,15.11772,15.24066,15.488012,21.092941,23.063932,20.903864,22.834026,20.052896,22.859869,4.0,4.0,4.0,0.0,4.0,0.0,4.0,0.0
49182,2023.0,12.0,8.0,13.0,21.150688,23.745481,20.15712,22.153582,21.151134,23.584568,21.152021,23.64203,15.877118,15.420721,20.424795,24.079885,21.115822,22.955738,21.20419,23.396824,17.318024,17.283234,0.0,4.0,4.0,0.0,4.0,4.0,0.0,0.0
49183,2023.0,12.0,8.0,13.0,21.057184,23.444191,18.015717,17.962784,21.103704,23.398264,21.082623,23.39707,15.462895,15.6161785,20.010784,22.995636,21.054825,22.736883,21.086948,23.10146,16.048231,15.724514,0.0,0.0,4.0,0.0,0.0,4.0,0.0,0.0
49184,2023.0,12.0,8.0,13.0,21.06032,23.38209,17.045446,16.910648,21.073196,23.23004,21.080805,23.313128,16.563766,17.29151,17.88731,18.50993,21.052633,22.660616,21.08924,23.051943,15.713589,15.394423,0.0,4.0,4.0,4.0,4.0,4.0,0.0,0.0
49185,2023.0,12.0,8.0,13.0,21.075233,23.325443,17.217495,17.48735,21.100525,23.237032,21.103104,23.313295,20.817476,24.818014,20.271358,23.11841,21.051172,22.601677,21.073175,23.001902,15.670785,15.52964,4.0,0.0,0.0,0.0,0.0,4.0,0.0,0.0
49186,2023.0,12.0,8.0,13.0,21.160885,23.449059,20.261385,22.98003,21.155336,23.270636,21.155378,23.343283,17.49443,17.709295,17.710255,17.78775,21.130865,22.733404,21.188292,23.210976,15.579128,15.45857,0.0,4.0,4.0,0.0,0.0,0.0,0.0,0.0
49187,2023.0,12.0,8.0,13.0,21.090338,23.24583,18.177305,18.60319,21.073484,23.062098,21.076653,23.141977,15.725287,15.441663,16.435913,16.283903,21.072649,22.569761,21.072824,22.956139,16.50218,17.327024,0.0,4.0,4.0,0.0,0.0,0.0,0.0,4.0
49188,2023.0,12.0,8.0,14.0,21.063992,23.126837,17.315092,17.66089,21.07194,23.025415,21.075182,23.106026,16.338673,16.928574,16.157188,16.002796,21.072206,22.530766,21.07262,22.936058,20.346907,23.792257,4.0,4.0,4.0,4.0,0.0,0.0,0.0,0.0
49189,2023.0,12.0,8.0,14.0,18.885666,18.942028,20.312725,23.01355,18.910671,18.88242,19.299171,19.672926,20.32776,23.71546,15.934643,15.780334,19.268244,19.033966,19.175705,19.26724,17.352346,17.469471,0.0,0.0,4.0,0.0,0.0,0.0,0.0,0.0
49190,2023.0,12.0,8.0,14.0,17.71711,17.508953,17.949686,18.109867,18.281578,18.450865,17.79433,17.494345,17.40201,17.55502,15.756324,15.611402,19.37923,19.86798,18.154564,18.01455,15.936547,15.690503,0.0,4.0,0.0,0.0,0.0,4.0,0.0,0.0
49191,2023.0,12.0,8.0,14.0,18.096573,18.491528,17.24298,17.216719,17.51428,17.16579,17.263168,16.842974,16.97728,17.274698,15.631316,15.488094,19.186728,19.464283,17.811552,17.640944,15.789768,15.656561,4.0,0.0,0.0,4.0,0.0,4.0,0.0,0.0
49192,2023.0,12.0,8.0,14.0,18.098164,18.558123,20.230734,22.674435,17.097631,16.674408,16.971426,16.564213,20.288418,23.14859,15.51547,15.377697,18.383045,18.062021,17.567097,17.405506,15.672977,15.561814,4.0,0.0,0.0,0.0,0.0,0.0,0.0,0.0
49193,2023.0,12.0,8.0,14.0,17.338316,17.253239,20.034098,22.055744,16.81073,16.39934,16.906628,16.731724,17.655407,17.72108,15.392926,15.260789,18.65271,18.914661,18.385555,19.17557,15.525218,15.420744,4.0,0.0,0.0,0.0,0.0,4.0,4.0,0.0
49194,2023.0,12.0,8.0,15.0,17.57807,18.01057,20.094074,22.044079,17.507826,17.948751,16.778889,16.651453,16.24054,15.928071,15.284285,15.157528,18.022795,17.680386,17.46026,17.226671,16.364746,17.127893,0.0,4.0,0.0,0.0,0.0,0.0,0.0,4.0
49195,2023.0,12.0,8.0,15.0,17.681479,18.17423,18.08474,18.09142,17.780146,18.353104,17.310438,17.81006,15.99856,15.830534,15.189377,15.067845,18.364985,18.638748,16.853449,16.520643,20.29686,23.7628,0.0,4.0,4.0,0.0,0.0,4.0,0.0,0.0
49196,2023.0,12.0,8.0,15.0,16.967062,16.900879,17.115057,16.995857,17.489052,17.8101,16.888752,16.93723,15.833094,15.693776,15.101255,14.982923,17.782043,17.4453,16.60472,16.266645,17.299738,17.426233,0.0,4.0,0.0,0.0,0.0,0.0,0.0,0.0
49197,2023.0,12.0,8.0,15.0,17.349455,17.804108,16.859434,16.724274,17.34032,17.61332,16.3116,15.980136,15.678739,15.541967,15.027708,14.90914,18.254614,18.544718,16.621128,16.459305,16.205116,15.881074,0.0,4.0,0.0,0.0,0.0,4.0,0.0,0.0
49198,2023.0,12.0,8.0,15.0,16.74378,16.658262,17.121359,17.393398,17.263622,17.537298,16.770155,17.01202,15.535121,15.40369,15.003579,14.925864,18.348783,18.65402,16.5525,16.416178,16.049152,15.890155,4.0,4.0,4.0,0.0,0.0,4.0,0.0,0.0
49199,2023.0,12.0,8.0,15.0,17.08442,17.54093,20.282564,22.956478,16.538141,16.250086,16.917562,17.22464,16.174692,16.7456,15.007889,14.979427,17.590406,17.246391,16.443884,16.314888,15.868,15.7359705,4.0,0.0,4.0,4.0,0.0,0.0,0.0,0.0
49200,2023.0,12.0,8.0,16.0,17.237541,17.734028,20.032784,22.1659,16.804655,17.010704,16.218565,15.955955,20.28845,23.776352,15.007322,15.010868,17.999231,18.297783,16.335814,16.210392,15.676541,15.55106,4.0,4.0,0.0,0.0,0.0,4.0,0.0,0.0
49201,2023.0,12.0,8.0,16.0,17.227743,17.728266,20.096306,22.116966,16.966444,17.249624,16.513643,16.75395,17.28401,17.404648,15.007906,15.035715,17.433512,17.089642,16.236013,16.113844,15.511382,15.390948,0.0,4.0,4.0,0.0,0.0,0.0,0.0,0.0
49202,2023.0,12.0,8.0,16.0,17.207117,17.706367,18.305565,18.527006,16.939695,17.227455,16.048903,15.807286,15.759675,15.460719,15.00803,15.054082,17.853228,18.150852,16.141117,16.01578,15.369707,15.253995,4.0,4.0,0.0,0.0,0.0,4.0,0.0,0.0
49203,2023.0,12.0,8.0,16.0,16.514067,16.432049,20.2492,22.504105,16.904045,17.192934,15.667231,15.315386,15.574897,15.419249,15.008899,15.071358,17.300652,16.954985,16.053997,15.927745,15.245866,15.134487,4.0,4.0,0.0,0.0,0.0,0.0,0.0,0.0
49204,2023.0,12.0,8.0,16.0,16.110743,15.913711,20.054604,21.946085,16.868435,17.157951,16.22098,16.475555,15.456222,15.325187,15.009107,15.084647,16.94888,16.548473,17.018564,17.811829,15.135891,15.027823,0.0,4.0,4.0,0.0,0.0,0.0,4.0,0.0
49205,2023.0,12.0,8.0,16.0,16.706823,17.158138,18.34384,18.534359,16.83492,17.124735,16.440641,16.761189,15.314977,15.19194,15.009116,15.094272,17.617105,17.922653,17.237667,17.8732,15.039125,14.934836,4.0,4.0,4.0,0.0,0.0,4.0,4.0,0.0
49206,2023.0,12.0,8.0,17.0,16.266619,16.197882,20.24668,22.428205,16.146544,15.867525,15.821224,15.60095,15.980821,16.563192,15.009714,15.10381,17.094278,16.748913,16.271715,16.024612,15.003547,14.944048,4.0,0.0,0.0,4.0,0.0,0.0,0.0,0.0
49207,2023.0,12.0,8.0,17.0,16.644176,17.10869,20.038702,21.842522,16.450745,16.66736,16.140793,16.40618,20.249275,23.826277,15.009879,15.111354,16.76195,16.364574,15.830608,15.516195,15.007937,15.0001545,4.0,4.0,4.0,0.0,0.0,0.0,0.0,0.0
49208,2023.0,12.0,8.0,17.0,16.845549,17.348032,20.074251,21.805916,15.979713,15.697918,15.698365,15.473806,17.67805,18.215845,15.009989,15.116595,17.457035,17.775558,15.682607,15.363886,15.008042,15.036025,4.0,0.0,0.0,4.0,0.0,4.0,0.0,0.0
49209,2023.0,12.0,8.0,17.0,16.195219,16.117655,20.068909,21.72308,15.617233,15.234101,15.332469,14.990132,20.373438,23.535688,15.010141,15.120463,16.932991,16.582342,15.574945,15.258197,15.008697,15.065088,4.0,0.0,0.0,4.0,0.0,0.0,0.0,0.0
49210,2023.0,12.0,8.0,17.0,16.606295,17.098804,20.068438,21.66982,16.207108,16.452614,15.189664,14.8295355,20.04976,22.583145,15.010238,15.123636,16.608295,16.20734,15.65785,15.518818,15.009187,15.088463,4.0,4.0,0.0,0.0,0.0,0.0,0.0,0.0
49211,2023.0,12.0,8.0,17.0,16.116678,16.04373,20.068007,21.629087,15.779497,15.526253,16.05227,16.55358,17.480066,17.410868,15.010438,15.126617,16.510847,16.110561,15.650137,15.51465,15.009538,15.107441,4.0,0.0,4.0,0.0,0.0,0.0,0.0,0.0
49212,2023.0,12.0,8.0,18.0,15.745186,15.545167,20.067259,21.596098,16.148027,16.405386,16.428492,17.014437,16.1703,15.774156,15.010594,15.129187,16.652529,16.475906,15.5969095,15.460566,15.010168,15.123363,4.0,4.0,4.0,0.0,0.0,0.0,0.0,0.0
49213,2023.0,12.0,8.0,18.0,21.062304,24.897556,20.066992,21.570127,20.985142,24.636616,20.17181,23.355986,15.991744,15.802268,15.010725,15.13128,21.50262,24.634008,21.06868,24.67898,15.730976,16.48698,4.0,4.0,0.0,0.0,0.0,4.0,0.0,4.0
49214,2023.0,12.0,8.0,18.0,21.015755,24.216406,20.066406,21.54742,21.042336,24.208677,21.130833,24.554935,15.837704,15.67288,15.010575,15.131656,21.469503,24.264727,22.131939,26.199203,20.17216,23.97264,4.0,0.0,4.0,0.0,0.0,4.0,0.0,0.0
49215,2023.0,12.0,8.0,18.0,21.116644,24.044638,20.083546,21.577229,21.09406,23.905458,21.089863,24.060812,15.657162,15.50033,15.010603,15.131523,22.147865,25.13232,22.37288,26.027018,17.49322,18.088606,0.0,4.0,4.0,0.0,0.0,4.0,0.0,4.0
49216,2023.0,12.0,8.0,18.0,21.075289,23.681181,18.246857,18.041925,21.085411,23.627586,21.114183,23.847656,15.506423,15.357887,15.010402,15.131086,20.948189,22.678066,21.89741,24.933867,20.391384,23.777306,0.0,4.0,0.0,0.0,0.0,4.0,0.0,4.0
49217,2023.0,12.0,8.0,18.0,21.104025,23.575804,17.889435,18.08015,21.08305,23.439333,21.08256,23.563616,15.377362,15.234865,15.010934,15.133831,21.292952,23.150663,21.074797,23.309153,20.053036,22.766068,4.0,4.0,4.0,0.0,0.0,0.0,4.0,0.0
49218,2023.0,12.0,8.0,19.0,21.146456,23.52563,20.223547,22.346094,21.150175,23.439293,21.149607,23.55257,16.098257,16.701838,15.0111,15.136739,21.054585,22.647038,21.173756,23.414557,17.98516,18.481955,0.0,4.0,4.0,4.0,0.0,0.0,0.0,4.0
49219,2023.0,12.0,8.0,19.0,21.069437,23.248648,18.77631,19.31094,21.078632,23.193092,21.082851,23.309313,20.349062,23.926535,15.130294,15.34967,21.056396,22.572077,21.092237,23.149597,20.355621,23.182102,4.0,4.0,4.0,0.0,4.0,4.0,0.0,0.0
49220,2023.0,12.0,8.0,19.0,21.07237,23.18015,20.263803,22.283955,21.077084,23.111996,21.08109,23.222576,17.197819,17.221401,20.17359,23.68274,21.081388,22.597252,21.09143,23.067835,18.206453,18.681095,4.0,4.0,4.0,0.0,0.0,0.0,0.0,4.0
49221,2023.0,12.0,8.0,19.0,21.070816,23.119375,20.03693,21.685452,21.075418,23.046387,21.079035,23.150095,16.440603,16.752647,17.424368,17.937384,21.075796,22.541925,21.074106,23.000374,20.34689,22.992266,4.0,4.0,4.0,4.0,0.0,0.0,0.0,4.0
49222,2023.0,12.0,8.0,19.0,21.095383,23.139982,20.070364,21.653482,21.074173,22.992838,21.077589,23.09078,20.506598,23.619835,15.681265,15.553875,21.0753,22.5025,21.075207,22.970816,20.061811,22.265589,4.0,4.0,4.0,4.0,0.0,0.0,0.0,0.0
49223,2023.0,12.0,8.0,19.0,21.088427,23.077215,20.065273,21.577051,21.097202,23.014776,21.076319,23.041985,20.02171,22.467464,15.351563,15.198423,21.057837,22.467793,21.03629,22.838455,17.642939,17.476883,4.0,0.0,4.0,4.0,0.0,0.0,4.0,0.0
49224,2023.0,12.0,8.0,20.0,21.08698,23.030363,20.082346,21.578358,21.065783,22.89082,21.074865,23.000698,20.106764,22.401924,15.183106,15.029663,21.029696,22.387516,21.097008,22.938095,17.42253,17.8886,0.0,4.0,4.0,0.0,0.0,4.0,0.0,4.0
49225,2023.0,12.0,8.0,20.0,21.042946,22.92185,18.59753,18.677515,21.071327,22.870022,21.098808,23.034046,18.207928,18.52617,15.059048,14.915245,21.050993,22.396814,21.08581,22.871319,20.405846,22.97242,4.0,4.0,0.0,4.0,0.0,4.0,0.0,4.0
49226,2023.0,12.0,8.0,20.0,21.067976,22.933805,20.236082,22.064182,21.094381,22.907833,21.092548,22.984882,20.4108,22.765324,15.00353,14.908545,21.077635,22.442984,21.047712,22.730469,20.058285,22.220625,4.0,0.0,0.0,4.0,0.0,0.0,4.0,0.0
49227,2023.0,12.0,8.0,20.0,21.063812,22.896393,20.037525,21.551853,21.088598,22.865837,21.092161,22.9505,20.029968,21.970922,15.010092,14.978629,21.072206,22.401974,21.054068,22.720013,18.365143,18.780052,4.0,0.0,0.0,4.0,0.0,0.0,4.0,4.0
49228,2023.0,12.0,8.0,20.0,21.063648,22.870415,20.068071,21.54183,21.06393,22.769327,21.07217,22.920015,20.099638,22.011936,15.240903,15.448349,21.072018,22.374691,21.05299,22.699743,20.38866,22.693672,4.0,4.0,0.0,0.0,4.0,0.0,4.0,4.0
49229,2023.0,12.0,8.0,20.0,21.160597,23.041674,20.153572,21.665241,21.161499,22.945122,21.181658,23.118336,17.863752,17.620464,20.41716,24.039528,21.16341,22.549776,21.18885,22.980421,20.785755,23.226604,4.0,4.0,4.0,0.0,4.0,4.0,0.0,4.0
49230,2023.0,12.0,8.0,21.0,21.088251,22.894415,20.062874,21.44426,21.067049,22.738638,21.077723,22.925013,16.683516,16.201971,20.01395,22.982157,21.078047,22.371674,21.082777,22.740347,20.945854,23.246761,4.0,4.0,0.0,0.0,0.0,0.0,0.0,4.0
49231,2023.0,12.0,8.0,21.0,21.08266,22.858961,20.07989,21.461498,21.091429,22.790375,21.067001,22.834044,16.54029,16.317734,17.187473,17.14571,21.041014,22.255026,21.044502,22.611658,19.909492,21.284395,0.0,0.0,4.0,0.0,0.0,4.0,4.0,0.0
49232,2023.0,12.0,8.0,21.0,21.08273,22.83625,18.660349,18.696997,21.061274,22.68925,21.069588,22.806303,16.393848,16.205725,15.707506,15.263457,21.075783,22.328869,21.090199,22.715433,17.99546,17.695732,4.0,4.0,4.0,0.0,0.0,0.0,0.0,0.0
49233,2023.0,12.0,8.0,21.0,21.063961,22.814753,20.232517,21.949663,21.091084,22.752096,21.06911,22.78096,17.005857,17.550108,15.583995,15.365969,21.040562,22.220514,21.081476,22.676899,17.898252,18.2584,4.0,0.0,4.0,4.0,0.0,4.0,0.0,4.0
49234,2023.0,12.0,8.0,21.0,21.04011,22.753395,20.037012,21.45569,21.060402,22.651937,21.0934,22.828054,20.345407,23.236834,15.489312,15.306716,21.045681,22.220894,21.043211,22.553219,20.382042,22.559937,4.0,4.0,0.0,0.0,0.0,4.0,4.0,0.0
49235,2023.0,12.0,8.0,21.0,21.063028,22.768337,20.066345,21.451628,21.065632,22.648643,21.063086,22.723806,17.573439,17.45418,15.333123,15.157626,21.074648,22.287436,21.089174,22.661888,17.902826,17.679737,4.0,4.0,4.0,0.0,0.0,0.0,0.0,0.0
49236,2023.0,12.0,8.0,22.0,21.086622,22.812267,20.061428,21.401388,21.0897,22.70329,21.093414,22.786072,16.184252,15.722707,15.651784,15.886733,21.038317,22.179132,21.079174,22.624586,16.695856,16.225859,4.0,0.0,0.0,0.0,4.0,4.0,0.0,0.0
49237,2023.0,12.0,8.0,22.0,21.607424,23.444712,20.3491,21.744417,21.618523,23.351377,21.600456,23.402447,16.09902,15.891157,20.190754,23.35283,21.30322,22.54107,21.753912,23.47873,17.38936,17.909657,4.0,0.0,0.0,0.0,0.0,4.0,0.0,4.0
49238,2023.0,12.0,8.0,22.0,21.049395,22.629423,20.066813,21.318628,21.045439,22.508999,20.9157,22.238194,16.00953,15.8311825,17.624334,18.029667,21.03485,22.112839,20.88329,22.05193,20.340216,22.925806,0.0,4.0,4.0,0.0,0.0,4.0,0.0,0.0
49239,2023.0,12.0,8.0,22.0,21.086418,22.72315,18.379826,18.085627,21.090254,22.620333,21.116114,22.687126,15.859324,15.688179,16.299673,16.406006,21.07443,22.212952,21.05623,22.434116,18.331427,18.686728,0.0,0.0,0.0,0.0,4.0,0.0,4.0,4.0
49240,2023.0,12.0,8.0,22.0,21.079779,22.70308,17.661081,17.397024,21.082537,22.599215,21.082245,22.630512,15.724028,15.556831,20.439583,23.482033,21.068233,22.191217,21.085388,22.535648,21.590033,24.594261,0.0,0.0,0.0,0.0,0.0,0.0,0.0,0.0
49241,2023.0,12.0,8.0,22.0,21.061357,22.69493,17.885254,18.029463,21.038235,22.52288,21.06492,22.633745,15.5992565,15.427386,17.841318,18.191126,21.068617,22.180996,21.078823,22.521328,18.514572,18.402325,4.0,4.0,0.0,0.0,0.0,0.0,0.0,0.0
49242,2023.0,12.0,8.0,23.0,21.063671,22.714344,20.237856,22.288631,21.090933,22.629292,21.067207,22.658232,15.487748,15.313972,16.608864,16.694637,21.050808,22.169548,21.079098,22.514212,16.859251,16.377636,0.0,0.0,0.0,0.0,4.0,0.0,0.0,0.0
49243,2023.0,12.0,8.0,23.0,19.503181,19.728292,18.54346,18.769777,19.141483,18.87703,19.441784,19.554417,15.394846,15.225418,16.14572,15.999751,19.715734,19.617704,19.44298,19.390175,17.434793,17.87602,0.0,0.0,0.0,0.0,0.0,0.0,0.0,4.0
49244,2023.0,12.0,8.0,23.0,18.752485,18.681019,17.662619,17.430902,18.560764,18.260191,18.599548,18.352322,15.321046,15.149302,15.855851,15.647538,19.168406,18.892136,18.756264,18.502758,17.625092,18.150896,0.0,0.0,0.0,0.0,0.0,0.0,0.0,4.0
49245,2023.0,12.0,8.0,23.0,18.449198,18.386887,17.846836,17.997625,18.304836,18.040833,18.263935,18.019693,15.820404,16.146553,15.686609,15.487968,18.938456,18.678123,19.480406,20.162746,16.638094,16.298344,4.0,0.0,0.0,4.0,0.0,0.0,4.0,0.0
49246,2023.0,12.0,8.0,23.0,18.209223,18.153128,17.425606,17.292404,18.062622,17.806309,18.001709,17.763119,15.422127,15.274677,15.542545,15.351432,18.74215,18.491934,18.31169,17.891182,16.180235,15.738429,0.0,0.0,0.0,0.0,0.0,0.0,0.0,0.0
49247,2023.0,12.0,8.0,23.0,18.761374,19.374857,17.108774,16.876495,17.850008,17.594215,17.775194,17.537228,15.2260475,15.055661,15.731558,15.825374,18.567455,18.322115,17.757015,17.218922,16.696007,16.914864,0.0,0.0,0.0,0.0,4.0,0.0,0.0,4.0
49248,2023.0,12.0,9.0,0.0,18.16836,18.25017,16.945744,16.71399,17.668835,17.419966,17.584105,17.353434,15.157566,14.990991,15.456308,15.309788,18.416922,18.180191,17.496462,16.97268,16.039522,15.620309,0.0,0.0,0.0,0.0,0.0,0.0,0.0,0.0
49249,2023.0,12.0,9.0,0.0,17.468458,17.079554,16.803692,16.572243,17.50283,17.256031,17.410309,17.181639,15.677121,16.026638,15.255287,15.067189,18.271885,18.028645,17.551153,17.312979,15.735024,15.299401,0.0,0.0,0.0,4.0,0.0,0.0,0.0,0.0
49250,2023.0,12.0,9.0,0.0,17.190405,16.77347,16.681875,16.455166,17.357527,17.11754,17.258747,17.037043,14.9736595,14.697847,15.141835,14.953062,18.146673,17.905378,17.461502,17.25669,15.5780325,15.153162,0.0,0.0,0.0,0.0,0.0,0.0,0.0,0.0
49251,2023.0,12.0,9.0,0.0,17.298235,17.205034,16.55398,16.332378,17.20422,16.97091,17.09895,16.884176,15.03228,14.888483,15.028121,14.841445,18.01622,17.777462,17.311518,17.110111,16.420553,16.916182,0.0,0.0,0.0,0.0,0.0,0.0,0.0,4.0
49252,2023.0,12.0,9.0,0.0,17.27645,17.234854,16.435892,16.216671,17.063797,16.83412,16.953226,16.741898,15.001182,14.876633,15.00807,14.8902235,17.896458,17.658035,17.165638,16.96547,15.742692,15.359574,0.0,0.0,0.0,0.0,0.0,0.0,0.0,0.0
49253,2023.0,12.0,9.0,0.0,17.16663,17.13009,16.327354,16.108288,16.935637,16.706953,16.82046,16.609903,15.502665,15.856563,15.009741,14.9446535,17.787493,17.547934,17.030806,16.829037,15.316863,14.908091,0.0,0.0,0.0,4.0,0.0,0.0,0.0,0.0
49254,2023.0,12.0,9.0,1.0,17.06217,17.028652,16.231417,16.01475,16.822756,16.597721,16.703403,16.49649,15.154055,15.024924,15.009959,14.983038,17.690865,17.45172,16.91132,16.710247,15.167627,14.761231,0.0,0.0,0.0,0.0,0.0,0.0,0.0,0.0
49255,2023.0,12.0,9.0,1.0,16.962492,16.927515,16.140106,15.921905,16.716269,16.490694,16.592873,16.385393,15.012054,14.916155,15.011269,15.014263,17.60019,17.358608,16.799982,16.59645,15.290934,15.131519,0.0,0.0,0.0,0.0,0.0,0.0,0.0,0.0
49256,2023.0,12.0,9.0,1.0,16.874424,16.841625,16.059118,15.842659,16.622074,16.39952,16.495192,16.29076,15.238719,15.355271,15.010911,15.035615,17.519016,17.277372,16.700787,16.497524,15.264792,15.09209,0.0,0.0,0.0,4.0,0.0,0.0,0.0,0.0
49257,2023.0,12.0,9.0,1.0,16.79331,16.76206,15.984104,15.769157,16.53511,16.315315,16.405188,16.203505,14.957588,14.834891,15.012407,15.056698,17.443848,17.201874,16.609539,16.40645,15.198462,15.02577,0.0,0.0,0.0,0.0,0.0,0.0,0.0,0.0
49258,2023.0,12.0,9.0,1.0,16.715826,16.684002,15.911211,15.694696,16.45155,16.231533,16.31891,16.11688,15.03039,15.003725,15.020279,15.0897665,17.373066,17.130081,16.523808,16.319574,15.132676,14.959049,0.0,0.0,0.0,0.0,0.0,0.0,0.0,0.0
49259,2023.0,12.0,9.0,1.0,16.654083,16.632498,15.845541,15.630276,16.375921,16.158312,16.240995,16.041288,15.011592,14.981595,15.056358,15.153334,17.307592,17.064451,16.444975,16.24086,15.070692,14.896868,0.0,0.0,0.0,0.0,4.0,0.0,0.0,0.0
49260,2023.0,12.0,9.0,2.0,16.592918,16.5752,15.783652,15.569361,16.304758,16.089281,16.167889,15.9701805,15.013856,15.01808,15.021404,15.100395,17.245775,17.002426,16.371086,16.167028,15.011666,14.837604,0.0,0.0,0.0,0.0,0.0,0.0,0.0,0.0
49261,2023.0,12.0,9.0,2.0,16.533754,16.518911,15.726505,15.514644,16.238857,16.026758,16.100277,15.905789,15.0154915,15.038553,15.022752,15.123681,17.18836,16.946033,16.302467,16.099518,15.002605,14.872296,0.0,0.0,0.0,0.0,0.0,0.0,0.0,0.0
49262,2023.0,12.0,9.0,2.0,16.477648,16.465649,15.675909,15.469736,16.179941,15.974291,16.039948,15.851809,15.399052,15.767495,15.010792,15.1092,17.13581,16.896175,16.239553,16.039366,15.005985,14.9052515,0.0,0.0,0.0,4.0,0.0,0.0,0.0,0.0
49263,2023.0,12.0,9.0,2.0,16.422312,16.411156,16.127443,16.363102,16.121407,15.919312,15.980146,15.795371,14.951897,14.903607,15.013668,15.123574,17.084492,16.846191,16.178759,15.980118,15.005893,14.931033,4.0,0.0,0.0,0.0,0.0,0.0,0.0,0.0
49264,2023.0,12.0,9.0,2.0,16.366821,16.354376,15.844407,15.7186775,16.06381,15.863502,15.921474,15.738238,15.025228,15.072182,15.01361,15.131193,17.034317,16.796333,16.119532,15.921197,15.007039,14.954468,0.0,0.0,0.0,0.0,0.0,0.0,0.0,0.0
49265,2023.0,12.0,9.0,2.0,16.312532,16.29825,15.617411,15.4137945,16.006247,15.805356,15.863021,15.678908,15.017475,15.077712,15.02563,15.162923,16.985184,16.746624,16.061855,15.86293,15.011082,14.983641,0.0,0.0,0.0,0.0,0.0,0.0,0.0,0.0
49266,2023.0,12.0,9.0,3.0,16.261559,16.246828,15.544952,15.341834,15.953622,15.75504,15.809772,15.627698,15.018791,15.094734,15.000269,15.102005,16.939182,16.701511,16.007824,15.809835,15.011626,14.998848,0.0,0.0,0.0,0.0,4.0,0.0,0.0,0.0
49267,2023.0,12.0,9.0,3.0,16.213675,16.200253,15.490613,15.28953,15.903481,15.707765,15.7592,15.579695,15.019787,15.107529,15.027771,15.191342,16.895056,16.658712,15.956088,15.75944,15.01342,15.017063,0.0,0.0,0.0,0.0,0.0,0.0,0.0,0.0
49268,2023.0,12.0,9.0,3.0,16.166492,16.15322,15.441396,15.242395,15.8550625,15.662058,15.710521,15.533415,15.020626,15.118942,15.028425,15.18512,16.85239,16.617361,15.906185,15.71086,15.01372,15.030571,0.0,0.0,0.0,0.0,0.0,0.0,0.0,0.0
49269,2023.0,12.0,9.0,3.0,16.120054,16.106571,15.395019,15.198062,15.8080635,15.61763,15.66339,15.48854,15.0217085,15.129897,15.028807,15.192412,16.810978,16.577253,15.85785,15.663837,15.015229,15.046099,0.0,0.0,0.0,0.0,0.0,0.0,0.0,0.0
49270,2023.0,12.0,9.0,3.0,16.080702,16.073061,15.350744,15.155767,15.762312,15.574322,15.617632,15.444904,15.021965,15.138435,15.028816,15.197401,16.77069,16.538265,15.810913,15.618202,15.016139,15.059253,0.0,0.0,0.0,0.0,0.0,0.0,0.0,0.0
49271,2023.0,12.0,9.0,3.0,16.039999,16.034086,15.311439,15.121653,15.720622,15.537907,15.5760765,15.408298,15.010307,15.125443,15.013315,15.175363,16.732975,16.503399,15.766937,15.57723,15.540688,16.050577,0.0,0.0,0.0,0.0,0.0,0.0,0.0,4.0
49272,2023.0,12.0,9.0,4.0,16.008543,16.014011,15.270602,15.082964,15.67743,15.49726,15.53352,15.367736,15.013061,15.139342,15.0159235,15.187617,16.694847,16.466805,15.722662,15.534467,14.97028,14.927994,0.0,0.0,0.0,0.0,0.0,0.0,0.0,0.0
49273,2023.0,12.0,9.0,4.0,15.978324,15.990299,15.230605,15.044734,15.634681,15.456554,15.491463,15.327276,15.01281,15.146819,15.015813,15.1944685,16.657377,16.430641,15.679037,15.492035,15.287591,15.558268,0.0,0.0,0.0,0.0,0.0,0.0,0.0,4.0
49274,2023.0,12.0,9.0,4.0,15.939109,15.950762,15.193025,15.009943,15.59407,15.418935,15.451726,15.2900095,15.013073,15.155301,15.015749,15.201125,16.621737,16.396942,15.637438,15.452263,14.970491,14.928385,0.0,0.0,0.0,0.0,0.0,0.0,0.0,0.0
49275,2023.0,12.0,9.0,4.0,15.899266,15.910159,15.156543,14.976221,15.554353,15.382147,15.412834,15.253645,15.013077,15.162455,15.015898,15.207602,16.587278,16.364513,15.597215,15.414072,15.305041,15.583488,0.0,0.0,0.0,0.0,0.0,0.0,0.0,4.0
49276,2023.0,12.0,9.0,4.0,15.860757,15.87207,15.631337,15.900102,15.515838,15.346983,15.375302,15.218986,15.013583,15.169813,15.000371,15.168655,16.554209,16.333889,15.558339,15.377458,14.973952,14.93969,4.0,0.0,0.0,0.0,4.0,0.0,0.0,0.0
49277,2023.0,12.0,9.0,4.0,16.615465,17.323431,15.820351,16.12063,15.478378,15.313159,15.33872,15.185645,15.013523,15.175749,15.019745,15.228079,16.522396,16.304745,16.583506,17.342308,15.025354,15.068727,4.0,0.0,0.0,0.0,0.0,0.0,4.0,0.0
49278,2023.0,12.0,9.0,5.0,16.210867,16.330307,15.1619625,14.820221,15.441598,15.278786,15.301876,15.151297,15.01346,15.1808195,15.015982,15.225718,16.491238,16.275686,15.785696,15.463818,15.0173645,15.067986,0.0,0.0,0.0,0.0,0.0,0.0,0.0,0.0
49279,2023.0,12.0,9.0,5.0,15.632482,15.385891,15.020236,14.755453,15.405349,15.24505,15.265449,15.117342,15.300373,15.7078705,15.016507,15.230379,16.46097,16.247702,15.34006,14.944892,15.010067,15.082084,0.0,0.0,0.0,4.0,0.0,0.0,0.0,0.0
49280,2023.0,12.0,9.0,5.0,15.4409685,15.163824,15.051461,14.874169,15.371301,15.215253,15.231569,15.087542,14.967044,15.0707445,15.016233,15.233885,16.432968,16.223017,15.232828,14.844353,15.011534,15.106223,0.0,0.0,0.0,0.0,0.0,0.0,0.0,0.0
49281,2023.0,12.0,9.0,5.0,15.632328,15.634613,15.038627,14.8770685,15.337612,15.185892,15.198396,15.058394,15.282052,15.682622,15.016212,15.237551,16.40612,16.199598,15.360719,15.182312,15.011059,15.123582,0.0,0.0,0.0,4.0,0.0,0.0,0.0,0.0
49282,2023.0,12.0,9.0,5.0,15.675526,15.701805,15.516147,15.808037,15.30481,15.157758,15.166183,15.030554,14.981026,15.079945,15.01616,15.240684,16.380463,16.177526,15.384697,15.217549,15.011987,15.139737,4.0,0.0,0.0,0.0,0.0,0.0,0.0,0.0
49283,2023.0,12.0,9.0,5.0,15.65027,15.679604,15.709223,16.037558,15.270157,15.1253195,15.132171,14.998512,15.042295,15.218476,15.031793,15.273874,16.354685,16.154222,15.359122,15.195759,15.022242,15.173083,4.0,0.0,0.0,0.0,0.0,0.0,0.0,0.0
49284,2023.0,12.0,9.0,6.0,15.634831,15.681891,15.011572,14.808393,15.240637,15.1025505,15.103181,14.975956,15.008989,15.163037,15.013842,15.2391405,16.33205,16.136189,16.398773,17.18287,15.010467,15.158618,0.0,0.0,0.0,0.0,0.0,0.0,4.0,0.0
49285,2023.0,12.0,9.0,6.0,20.74919,24.60458,15.022018,14.867455,20.527895,24.316544,20.415672,24.234852,15.294521,15.698122,15.000756,15.202609,21.12089,24.275282,21.302933,25.361515,15.012458,15.172052,0.0,0.0,0.0,4.0,4.0,4.0,4.0,0.0
49286,2023.0,12.0,9.0,6.0,21.02487,24.495255,15.011455,14.872785,21.043741,24.611914,21.060865,24.754772,20.10532,23.977058,19.617188,23.160282,21.067602,23.922737,21.23329,24.631365,15.011767,15.175928,0.0,0.0,0.0,0.0,0.0,0.0,0.0,0.0
49287,2023.0,12.0,9.0,6.0,21.099169,24.221777,15.001729,14.892755,21.102036,24.266874,21.103077,24.365356,17.29245,17.799772,17.317259,18.031176,21.14046,23.6653,21.948992,25.436989,15.011435,15.174305,0.0,0.0,0.0,4.0,4.0,0.0,0.0,0.0
49288,2023.0,12.0,9.0,6.0,21.087303,23.917332,15.003719,14.9248705,21.091656,23.938412,21.094995,24.0348,20.482965,23.99877,20.26355,23.734158,21.055159,23.21598,22.209538,25.450218,15.819025,15.523745,0.0,0.0,0.0,0.0,4.0,4.0,0.0,0.0
49289,2023.0,12.0,9.0,6.0,21.085886,23.717232,15.003376,14.945047,21.089733,23.718472,21.092838,23.810442,17.348362,17.39266,20.03213,22.872019,21.09405,23.121437,21.349798,23.582718,15.750852,16.205372,0.0,0.0,0.0,0.0,0.0,0.0,4.0,0.0
49290,2023.0,12.0,9.0,7.0,21.058754,23.502935,15.003576,14.9614,21.087011,23.5556,21.090105,23.645502,15.911923,15.748458,17.596676,17.898533,21.084856,22.956022,20.94117,22.744675,14.994874,15.014326,0.0,0.0,0.0,0.0,0.0,0.0,4.0,0.0
49291,2023.0,12.0,9.0,7.0,21.08694,23.477259,15.00417,14.976757,21.08432,23.43204,21.087397,23.521154,16.482353,17.075314,16.208567,16.061422,21.053902,22.76495,21.076202,22.984735,15.011944,15.080224,0.0,0.0,0.0,4.0,0.0,4.0,4.0,0.0
49292,2023.0,12.0,9.0,7.0,21.097748,23.381565,15.3808365,15.688845,21.059633,23.273602,21.086554,23.428799,20.319616,23.611803,15.822351,15.639484,21.31253,23.212023,21.09606,23.021236,15.754501,16.49859,4.0,4.0,0.0,4.0,0.0,4.0,0.0,4.0
49293,2023.0,12.0,9.0,7.0,21.459549,23.658115,20.091072,23.705513,21.658232,24.004911,21.630808,24.046534,20.030663,22.651041,15.56112,15.370204,21.394848,23.117056,21.716291,23.776138,20.187046,23.958433,0.0,0.0,0.0,4.0,0.0,0.0,0.0,0.0
49294,2023.0,12.0,9.0,7.0,21.066008,23.102507,17.860458,18.701334,20.903282,22.651958,20.911499,22.803984,20.110752,22.558043,15.773041,15.944368,20.955515,22.287167,20.881643,22.347761,16.929293,17.00635,4.0,4.0,0.0,0.0,4.0,4.0,0.0,0.0
49295,2023.0,12.0,9.0,7.0,21.76214,24.255611,20.349709,23.615362,21.280167,23.384027,21.27513,23.533373,17.537666,17.405613,20.266464,23.65367,21.794859,23.697378,21.319542,23.24095,15.38371,15.083209,4.0,4.0,0.0,0.0,0.0,0.0,0.0,0.0
49296,2023.0,12.0,9.0,8.0,21.84025,24.319277,20.037539,22.605959,21.16972,23.156366,21.179453,23.308369,16.24131,15.816579,17.927685,18.597786,21.546911,23.153507,21.263006,23.129198,15.237733,15.097914,4.0,0.0,4.0,0.0,4.0,4.0,4.0,0.0
49297,2023.0,12.0,9.0,8.0,19.823853,20.254612,20.092676,22.44809,19.371674,19.648033,19.558096,20.176037,16.847427,17.329082,20.348673,23.347977,20.180357,20.404396,18.940298,18.688395,15.146767,15.027215,4.0,4.0,4.0,4.0,4.0,4.0,0.0,0.0
49298,2023.0,12.0,9.0,8.0,18.880892,19.20899,20.09854,22.28441,18.491217,18.611692,18.490438,18.684605,21.087,24.552277,20.05547,22.476097,19.505625,19.669481,17.866404,17.42336,16.01757,16.778479,0.0,4.0,4.0,0.0,0.0,4.0,0.0,4.0
49299,2023.0,12.0,9.0,8.0,18.594528,18.93892,17.857624,17.846382,17.57187,17.156115,17.45729,17.075312,18.00799,18.089417,17.88419,18.05028,19.305744,19.48418,17.440825,16.994501,20.314589,24.015583,0.0,0.0,0.0,0.0,4.0,4.0,0.0,0.0
49300,2023.0,12.0,9.0,8.0,18.383482,18.744627,16.801472,16.650595,17.691668,17.770346,17.558691,17.66608,16.348215,15.983346,20.396542,22.915417,18.477072,18.081945,17.35203,17.13063,17.075615,17.149296,0.0,4.0,4.0,0.0,4.0,0.0,0.0,0.0
49301,2023.0,12.0,9.0,8.0,17.521427,17.295471,16.50387,16.344086,17.084621,16.685362,16.946808,16.572115,16.112667,15.9157715,20.056255,22.18608,17.955263,17.464577,18.293503,19.067501,15.580696,15.309803,0.0,0.0,0.0,0.0,0.0,0.0,4.0,0.0
49302,2023.0,12.0,9.0,9.0,17.05202,16.767467,16.27161,16.109865,17.31036,17.42257,16.495367,16.046362,15.958203,15.794172,17.778465,17.662464,18.463596,18.658068,17.3659,17.077312,15.39586,15.2542715,0.0,4.0,0.0,0.0,0.0,4.0,0.0,0.0
49303,2023.0,12.0,9.0,9.0,17.593847,17.960331,16.11589,15.9453945,16.721556,16.338743,16.300905,15.847922,16.591265,17.123333,17.015347,16.751423,17.82215,17.400095,16.899286,16.495487,15.29042,15.164291,0.0,0.0,0.0,4.0,0.0,0.0,0.0,0.0
49304,2023.0,12.0,9.0,9.0,16.98413,16.814543,15.9808235,15.814267,17.08309,17.212328,16.371668,16.15766,20.239464,23.379227,16.766615,16.542627,17.517504,17.04545,16.693453,16.300629,15.176335,15.056368,0.0,4.0,0.0,0.0,0.0,0.0,0.0,0.0
49305,2023.0,12.0,9.0,9.0,17.305664,17.675743,15.838992,15.676372,16.577948,16.229977,17.054317,17.52166,17.464338,17.517845,16.478857,16.270262,17.346155,16.884636,16.508493,16.128012,15.057193,14.941759,0.0,0.0,4.0,0.0,0.0,0.0,0.0,0.0
49306,2023.0,12.0,9.0,9.0,17.428396,17.870398,15.73402,15.5693865,16.251734,15.804726,16.610971,16.619793,16.359156,15.946634,16.657444,16.790243,17.449017,17.220783,16.558653,16.373007,15.967973,16.740595,0.0,0.0,0.0,0.0,4.0,0.0,0.0,4.0
49307,2023.0,12.0,9.0,9.0,17.41919,17.867702,15.639023,15.478614,16.09843,15.65992,16.076895,15.719669,16.2337,16.018423,20.216593,23.030205,17.430368,17.241875,16.511435,16.355831,19.928253,23.45128,0.0,0.0,0.0,0.0,0.0,0.0,0.0,0.0
49308,2023.0,12.0,9.0,10.0,17.389559,17.835737,15.541106,15.384024,16.17376,15.963475,15.810544,15.409411,16.073404,15.898602,18.01673,18.371103,18.100578,18.580317,16.41872,16.270311,16.908617,17.015678,0.0,0.0,0.0,0.0,0.0,4.0,0.0,0.0
49309,2023.0,12.0,9.0,10.0,17.373943,17.830711,15.465338,15.304915,16.16153,15.998478,15.903722,15.71213,15.911809,15.74067,16.915691,16.71155,17.319475,16.960617,16.335869,16.188082,15.824438,15.480571,0.0,0.0,0.0,0.0,0.0,0.0,0.0,0.0
49310,2023.0,12.0,9.0,10.0,16.660093,16.518665,15.393486,15.231942,16.088795,15.929095,15.893497,15.743088,15.763309,15.595762,16.978886,17.096395,17.019953,16.575754,16.251976,16.098948,15.691758,15.516415,0.0,0.0,0.0,0.0,4.0,0.0,0.0,0.0
49311,2023.0,12.0,9.0,10.0,16.349705,16.106249,15.329215,15.168703,16.019262,15.862568,15.832415,15.685762,15.637606,15.4759655,20.208847,22.931448,16.91107,16.47017,16.177916,16.024778,15.542557,15.39172,0.0,0.0,0.0,0.0,0.0,0.0,0.0,0.0
49312,2023.0,12.0,9.0,10.0,16.921778,17.325464,15.260754,15.10029,15.942903,15.788345,15.762508,15.617191,15.506345,15.34973,18.025124,18.334986,17.851948,18.371893,16.099798,15.946116,15.372689,15.228415,0.0,0.0,0.0,0.0,0.0,4.0,0.0,0.0
49313,2023.0,12.0,9.0,10.0,16.393927,16.272137,15.205464,15.041359,15.877769,15.721877,15.702237,15.554982,15.403747,15.245975,16.9627,16.739998,17.84188,18.137356,16.034103,15.877259,15.24669,15.101197,0.0,0.0,0.0,0.0,0.0,4.0,0.0,0.0
49314,2023.0,12.0,9.0,11.0,16.09269,15.839439,15.149071,14.979627,15.8121,15.652324,15.640207,15.488905,15.3055725,15.14465,16.61997,16.35843,17.842205,18.122297,15.970155,15.809387,15.13058,14.982636,0.0,0.0,0.0,0.0,0.0,4.0,0.0,0.0
49315,2023.0,12.0,9.0,11.0,16.215014,16.204823,15.107429,14.945121,16.516315,17.02578,15.592174,15.448484,15.230626,15.0799055,16.407759,16.17574,17.100727,16.704151,15.91812,15.761426,15.04276,14.905863,0.0,4.0,0.0,0.0,0.0,0.0,0.0,0.0
49316,2023.0,12.0,9.0,11.0,16.991192,17.707762,15.064087,14.905272,16.082232,16.09073,15.542668,15.402789,15.158207,15.012167,16.217402,15.99482,16.852272,16.403221,16.919043,17.690922,15.00223,14.908049,0.0,0.0,0.0,0.0,0.0,0.0,4.0,0.0
49317,2023.0,12.0,9.0,11.0,16.357355,16.288204,15.01735,14.862343,15.536988,15.196614,15.490043,15.35396,15.083901,14.942291,16.026293,15.8151245,17.538347,17.80952,16.149488,15.887466,15.819365,16.504993,0.0,0.0,0.0,0.0,0.0,4.0,0.0,4.0
49318,2023.0,12.0,9.0,11.0,16.011982,15.796321,15.456105,15.717533,16.069397,16.286255,15.44545,15.3121605,15.024084,14.88137,16.271986,16.40368,16.962933,16.603071,15.822614,15.4728775,19.811853,23.310148,4.0,4.0,0.0,0.0,4.0,0.0,0.0,0.0
49319,2023.0,12.0,9.0,11.0,15.863368,15.645877,20.182922,23.782772,15.680882,15.424555,15.399814,15.269111,15.698931,16.202911,20.241653,23.282074,16.645758,16.220503,15.69128,15.346616,16.776226,16.83789,4.0,0.0,0.0,4.0,0.0,0.0,0.0,0.0
49320,2023.0,12.0,9.0,12.0,15.980524,15.984458,20.016666,22.95207,15.34704,14.977556,15.356977,15.227966,20.330671,24.075253,17.900505,18.256186,16.55224,16.12704,15.761866,15.591574,15.398541,15.122576,0.0,0.0,0.0,0.0,0.0,0.0,0.0,0.0
49321,2023.0,12.0,9.0,12.0,21.20144,25.180145,17.360039,17.470858,21.252789,25.440628,20.977297,25.088219,17.160349,17.267797,16.475563,16.327919,21.251623,24.298563,21.56,25.45583,15.251886,15.107248,0.0,4.0,0.0,0.0,0.0,0.0,0.0,0.0
49322,2023.0,12.0,9.0,12.0,20.991623,24.164492,15.914642,15.551365,21.01413,24.29445,21.01114,24.482815,15.644036,15.341626,16.15446,15.971216,21.005213,23.563925,22.024105,25.76844,15.162617,15.036451,0.0,4.0,0.0,0.0,0.0,0.0,0.0,0.0
49323,2023.0,12.0,9.0,12.0,21.098106,24.025639,15.782837,15.601518,21.120033,24.084105,21.082344,24.172247,15.515667,15.362147,15.980579,15.807448,21.081049,23.391697,20.936031,23.419859,15.070341,14.956233,0.0,0.0,4.0,0.0,0.0,0.0,0.0,0.0
49324,2023.0,12.0,9.0,12.0,21.097828,23.745852,15.715579,15.590013,21.07877,23.689201,21.09448,23.931004,15.452771,15.325471,15.8467,15.686121,22.073421,24.864582,21.097282,23.526905,14.998959,14.900476,0.0,4.0,0.0,0.0,0.0,0.0,0.0,0.0
49325,2023.0,12.0,9.0,12.0,21.094246,23.545673,15.599115,15.487173,21.08128,23.492134,21.106056,23.717968,15.368026,15.252471,15.737166,15.589492,20.943111,22.59425,22.45554,25.716269,15.006248,14.958347,0.0,4.0,0.0,0.0,0.0,0.0,0.0,0.0
49326,2023.0,12.0,9.0,13.0,21.07509,23.40033,15.494708,15.390988,21.076498,23.337751,21.099829,23.537354,15.297535,15.191598,15.644153,15.50751,21.077736,22.778477,22.827816,25.92774,15.004836,14.984907,0.0,4.0,0.0,0.0,0.0,0.0,0.0,0.0
49327,2023.0,12.0,9.0,13.0,21.075834,23.320175,15.411205,15.320618,21.074217,23.225836,21.081383,23.41036,15.243273,15.14887,15.56923,15.446634,21.030289,22.594944,20.858139,22.308344,15.004621,15.0046,0.0,4.0,0.0,0.0,0.0,4.0,0.0,0.0
49328,2023.0,12.0,9.0,13.0,21.047495,23.181683,15.851271,16.220398,21.070759,23.137266,21.080954,23.337404,15.196472,15.107705,15.504246,15.392474,21.034643,22.554272,21.111622,22.858189,15.0042715,15.017859,4.0,4.0,0.0,0.0,0.0,4.0,0.0,0.0
49329,2023.0,12.0,9.0,13.0,21.875647,24.646904,20.23382,23.722277,21.852663,24.400831,21.61367,24.112988,15.161302,15.0813465,15.878441,16.154747,22.009962,24.121801,22.15898,24.490425,15.004473,15.027764,4.0,4.0,4.0,0.0,4.0,0.0,0.0,0.0
49330,2023.0,12.0,9.0,13.0,21.956161,24.60285,20.062548,22.887308,21.108183,22.983067,21.134993,23.216585,15.136325,15.064138,20.311787,23.674503,21.651674,23.284378,21.025679,22.488695,15.293873,15.214206,4.0,0.0,0.0,0.0,0.0,0.0,0.0,0.0
49331,2023.0,12.0,9.0,13.0,22.123278,24.612865,20.102654,22.647152,21.101183,22.961351,21.107841,23.13179,15.120496,15.056458,18.116436,18.838533,21.789742,23.396208,21.095407,22.683725,15.053332,15.001953,0.0,0.0,0.0,0.0,4.0,0.0,0.0,0.0
49332,2023.0,12.0,9.0,14.0,20.914259,22.45425,17.802755,17.992123,21.079256,22.906757,21.084053,23.059307,15.11214,15.056021,20.306906,23.165176,21.049124,22.171207,21.059875,22.645851,15.431615,15.413224,0.0,0.0,0.0,0.0,0.0,0.0,0.0,0.0
49333,2023.0,12.0,9.0,14.0,19.434004,19.753216,17.147655,17.516956,19.375013,19.64229,19.253338,19.541542,15.100027,15.045138,18.418514,19.070034,19.807222,19.835836,19.416712,19.498274,15.15497,15.118097,4.0,0.0,0.0,0.0,4.0,0.0,0.0,0.0
49334,2023.0,12.0,9.0,14.0,18.739899,18.83074,20.31607,23.116125,19.200064,19.701006,19.046358,19.57371,15.087764,15.032625,20.378,22.518457,19.281517,19.118933,18.733076,18.590776,15.059915,15.012874,4.0,4.0,4.0,0.0,0.0,0.0,0.0,0.0
49335,2023.0,12.0,9.0,14.0,18.345943,18.437275,20.043495,22.303978,18.491373,18.51911,18.358217,18.43867,15.073131,15.017853,18.214369,18.278862,18.992884,18.832483,19.380013,20.143467,15.0072365,14.959282,0.0,0.0,0.0,0.0,0.0,0.0,4.0,0.0
49336,2023.0,12.0,9.0,14.0,18.044039,18.136078,18.291891,18.73976,17.760605,17.499321,17.600353,17.379576,15.057901,15.002424,17.188263,17.062649,18.764423,18.607456,18.444656,18.265858,15.003777,14.988027,4.0,0.0,0.0,0.0,0.0,0.0,0.0,0.0
49337,2023.0,12.0,9.0,14.0,18.53266,19.269278,20.256426,22.705849,17.388432,17.093748,17.202312,16.940313,15.041413,14.985419,16.908129,16.766792,18.573172,18.419191,17.817429,17.536905,15.003604,15.009452,4.0,0.0,0.0,0.0,0.0,0.0,0.0,0.0
49338,2023.0,12.0,9.0,15.0,18.64138,19.406492,20.040552,22.085028,17.312132,17.183735,17.111078,17.008755,15.024847,14.967566,17.125965,17.366833,18.405157,18.248981,17.534811,17.244078,15.004731,15.02784,0.0,0.0,0.0,0.0,4.0,0.0,0.0,0.0
49339,2023.0,12.0,9.0,15.0,17.767263,17.812883,18.073,18.17575,17.189938,17.085426,16.981003,16.90155,15.008006,14.948361,20.27698,22.80496,18.268858,18.119062,17.467785,17.318325,15.280532,15.196535,0.0,0.0,0.0,0.0,0.0,0.0,0.0,0.0
49340,2023.0,12.0,9.0,15.0,17.96064,18.4876,17.098404,17.03646,17.742815,18.254635,16.826912,16.747772,15.7087965,16.275455,18.28753,18.631128,18.142536,17.992664,17.361382,17.230694,15.039338,14.993802,0.0,4.0,0.0,4.0,0.0,0.0,0.0,0.0
49341,2023.0,12.0,9.0,15.0,18.016281,18.573282,16.857584,16.770866,17.304108,17.380056,16.709185,16.625694,20.366987,24.221048,17.336372,17.192034,18.840315,19.400677,17.247593,17.118246,15.0055,15.005375,0.0,0.0,0.0,4.0,0.0,4.0,0.0,0.0
49342,2023.0,12.0,9.0,15.0,17.977365,18.533882,16.631973,16.538591,17.4153,17.761282,16.584843,16.49984,20.035053,23.00311,16.999855,16.832285,18.313995,18.231058,17.12416,16.995373,15.005337,15.030001,0.0,4.0,0.0,0.0,0.0,0.0,0.0,0.0
49343,2023.0,12.0,9.0,15.0,17.939703,18.489561,16.898947,17.197891,16.849829,16.66247,16.473127,16.388083,17.386108,17.506126,16.767426,16.601023,17.820154,17.504005,17.012768,16.885849,15.005619,15.048166,4.0,0.0,0.0,0.0,0.0,0.0,0.0,0.0
49344,2023.0,12.0,9.0,16.0,17.895145,18.43443,20.257603,23.151653,17.15952,17.458675,17.091734,17.635054,16.1234,15.890952,16.570538,16.399858,17.61067,17.262177,17.98855,18.819122,15.789145,16.52987,0.0,4.0,4.0,0.0,0.0,0.0,4.0,4.0
49345,2023.0,12.0,9.0,16.0,17.852695,18.384432,18.13622,18.612564,17.33656,17.694714,16.711412,16.764524,15.920519,15.781336,16.408049,16.241747,18.464083,19.000866,17.20123,17.015238,20.153042,23.837927,0.0,4.0,0.0,0.0,0.0,4.0,0.0,0.0
49346,2023.0,12.0,9.0,16.0,17.187422,17.170462,17.254177,17.611513,16.677685,16.468636,16.184753,15.945312,15.796088,15.670975,16.266106,16.101513,17.84506,17.576618,16.711082,16.42856,17.132305,17.350128,4.0,0.0,0.0,0.0,0.0,0.0,0.0,0.0
49347,2023.0,12.0,9.0,16.0,17.577454,18.058662,20.31149,23.008741,16.366241,16.03773,16.68792,16.989977,15.685971,15.558023,16.151285,15.981852,18.300482,18.6085,16.565441,16.26602,16.916206,17.44157,4.0,0.0,4.0,0.0,0.0,4.0,0.0,4.0
49348,2023.0,12.0,9.0,16.0,17.705526,18.207855,20.045992,22.198833,16.210684,15.871257,16.893824,17.247274,15.569646,15.442369,16.03646,15.867373,17.755959,17.435959,16.59171,16.434294,20.339293,23.442919,0.0,0.0,4.0,0.0,0.0,0.0,0.0,0.0
49349,2023.0,12.0,9.0,16.0,17.676935,18.172884,18.258375,18.55782,16.991991,17.458796,16.29,16.113264,15.465759,15.3383665,15.935783,15.769388,18.170174,18.462414,16.565353,16.424726,17.506374,17.575998,4.0,4.0,0.0,0.0,0.0,4.0,0.0,0.0
49350,2023.0,12.0,9.0,17.0,17.646475,18.130196,20.244453,22.352896,17.255917,17.82564,15.971917,15.6439295,16.17204,16.733831,15.853603,15.68342,17.572138,17.236834,16.50144,16.35644,16.472328,16.130144,4.0,4.0,0.0,4.0,0.0,0.0,0.0,0.0
49351,2023.0,12.0,9.0,17.0,16.970387,16.888205,20.055784,21.858627,17.084152,17.422588,15.81848,15.479557,20.291428,23.724518,15.772356,15.607157,17.23921,16.83912,16.434359,16.289257,16.227661,16.042269,0.0,4.0,0.0,0.0,0.0,0.0,0.0,0.0
49352,2023.0,12.0,9.0,17.0,17.323957,17.778206,18.448545,18.66708,17.013926,17.326532,16.629726,17.11256,17.869938,18.412437,15.701798,15.543316,17.131317,16.730585,16.372559,16.227257,16.031853,15.872831,4.0,4.0,4.0,4.0,0.0,0.0,0.0,0.0
49353,2023.0,12.0,9.0,17.0,17.444584,17.933256,20.234003,22.115889,17.006762,17.316023,16.27072,16.302628,20.440214,23.01523,15.644468,15.488101,17.25092,17.04542,16.321772,16.175692,15.871579,15.719116,4.0,4.0,0.0,0.0,0.0,0.0,0.0,0.0
49354,2023.0,12.0,9.0,17.0,17.458351,17.944208,20.056116,21.692307,16.377705,16.148949,16.44593,16.757202,17.793308,17.773317,15.581436,15.423624,17.268663,17.082,16.269423,16.123596,15.712352,15.569327,0.0,0.0,4.0,0.0,0.0,0.0,0.0,0.0
49355,2023.0,12.0,9.0,17.0,17.472775,17.957186,18.54914,18.729534,16.693886,16.942095,15.9781685,15.787638,16.492277,16.144165,15.881819,16.03354,17.97793,18.459627,16.218964,16.07304,15.573458,15.4368925,4.0,4.0,0.0,0.0,4.0,4.0,0.0,0.0
49356,2023.0,12.0,9.0,18.0,17.46967,17.946173,20.498262,22.527073,16.84015,17.154198,15.695509,15.36989,16.349949,16.147728,20.367855,23.559748,18.001474,18.329063,16.176321,16.02976,16.445728,17.175602,4.0,4.0,0.0,0.0,0.0,4.0,0.0,4.0
49357,2023.0,12.0,9.0,18.0,21.370995,24.731981,20.03738,21.536045,21.330553,24.906971,21.231455,25.147385,16.2076,16.034416,17.83378,18.208483,20.944525,23.476458,21.92185,25.79014,20.368666,23.812391,4.0,4.0,4.0,0.0,0.0,0.0,0.0,0.0
49358,2023.0,12.0,9.0,18.0,21.01828,23.63637,20.06598,21.545732,21.017015,23.807005,21.014965,24.108688,16.044647,15.880492,16.380758,16.230934,21.039597,23.236591,21.89846,25.37274,17.31986,17.369024,4.0,4.0,4.0,0.0,0.0,4.0,4.0,0.0
49359,2023.0,12.0,9.0,18.0,21.074001,23.477905,20.060522,21.500793,21.08427,23.612112,21.089708,23.858679,15.906033,15.747196,16.109695,15.936341,21.084665,23.067406,21.400333,23.992327,15.917905,15.604566,4.0,4.0,4.0,0.0,0.0,0.0,0.0,0.0
49360,2023.0,12.0,9.0,18.0,21.066654,23.278929,20.078989,21.525116,21.074972,23.367626,21.103611,23.63778,15.796064,15.6472225,16.399374,16.603575,21.076544,22.84807,22.405098,25.523182,15.784479,15.63283,0.0,4.0,0.0,0.0,4.0,0.0,4.0,0.0
49361,2023.0,12.0,9.0,18.0,21.065708,23.146399,18.346882,18.18384,21.073904,23.204576,21.098127,23.43633,15.701778,15.560576,20.342451,23.205261,21.074986,22.697296,20.891262,22.434414,15.691979,15.557083,0.0,4.0,0.0,0.0,0.0,0.0,0.0,0.0
49362,2023.0,12.0,9.0,19.0,21.063902,23.046684,17.561178,17.366459,21.071444,23.081203,21.07232,23.22624,15.619373,15.483725,18.014908,18.347403,21.058273,22.58385,21.108349,22.840206,15.5796385,15.451523,0.0,4.0,4.0,0.0,0.0,0.0,0.0,0.0
49363,2023.0,12.0,9.0,19.0,21.060719,22.967915,17.800385,18.041563,21.067669,22.984528,21.098026,23.196266,15.544779,15.411436,16.649296,16.490501,21.057407,22.519283,21.075985,22.740587,15.482132,15.357115,4.0,4.0,0.0,0.0,0.0,0.0,0.0,0.0
49364,2023.0,12.0,9.0,19.0,21.061031,22.911291,20.22443,22.395716,21.092329,22.981714,21.092098,23.103403,15.477517,15.342661,16.361744,16.184187,21.028477,22.3936,21.066675,22.712433,15.400206,15.277324,4.0,0.0,0.0,0.0,0.0,4.0,0.0,0.0
49365,2023.0,12.0,9.0,19.0,21.058807,22.861687,20.025928,21.764378,21.05906,22.835567,21.07271,23.03455,15.414806,15.278378,16.622894,16.83334,21.076328,22.446203,21.06626,22.696674,15.324642,15.200595,4.0,4.0,0.0,0.0,4.0,0.0,0.0,0.0
49366,2023.0,12.0,9.0,19.0,21.084995,22.89517,20.066933,21.696249,21.065918,22.802588,21.075516,23.009193,15.363352,15.228667,20.407442,23.14383,21.03895,22.300625,21.066341,22.67987,15.262173,15.140434,4.0,4.0,0.0,0.0,4.0,4.0,0.0,0.0
49367,2023.0,12.0,9.0,19.0,21.051777,22.771708,20.078041,21.633211,21.063803,22.761597,21.04916,22.908606,15.315088,15.179705,20.030685,22.201977,21.073023,22.351496,21.065426,22.660608,15.204362,15.082045,0.0,4.0,4.0,0.0,0.0,0.0,0.0,0.0
49368,2023.0,12.0,9.0,20.0,21.057827,22.756796,18.637321,18.777166,21.063568,22.729998,21.054058,22.897684,16.020895,16.54316,17.827616,17.706457,21.066702,22.302057,21.065306,22.643204,15.155369,15.03459,4.0,4.0,4.0,4.0,0.0,0.0,0.0,0.0
49369,2023.0,12.0,9.0,20.0,21.056776,22.731777,20.234715,22.057161,21.087427,22.769388,21.094412,22.945349,20.45827,23.907488,16.859594,16.64084,21.06657,22.2705,21.064888,22.625694,15.110334,14.989685,4.0,0.0,0.0,0.0,0.0,0.0,0.0,0.0
49370,2023.0,12.0,9.0,20.0,21.081701,22.777927,20.033905,21.527433,21.05692,22.659348,21.08637,22.884558,17.346888,17.39472,16.644756,16.43543,21.051601,22.243004,21.064466,22.608946,15.069854,14.9494505,4.0,4.0,0.0,0.0,0.0,0.0,0.0,0.0
49371,2023.0,12.0,9.0,20.0,21.047535,22.664167,20.080776,21.55531,21.086779,22.715715,21.085257,22.844934,15.922262,15.606537,16.457508,16.25111,21.052485,22.241179,21.06324,22.591373,15.0322075,14.911194,0.0,0.0,0.0,0.0,0.0,0.0,0.0,0.0
49372,2023.0,12.0,9.0,20.0,21.081474,22.732609,18.68513,18.80466,21.05541,22.609964,21.044228,22.746517,16.616304,17.165264,16.31225,16.120321,21.052355,22.234705,21.063583,22.577333,14.999207,14.882429,4.0,4.0,4.0,4.0,0.0,0.0,0.0,0.0
49373,2023.0,12.0,9.0,20.0,21.074757,22.697441,20.232256,21.99262,21.060558,22.603573,21.051065,22.762331,20.347286,23.460054,16.17708,15.987339,21.052153,22.226658,21.063154,22.562489,15.003016,14.910247,4.0,4.0,4.0,0.0,0.0,0.0,0.0,0.0
49374,2023.0,12.0,9.0,21.0,21.048306,22.604368,20.034052,21.480421,21.084278,22.655815,21.066942,22.76008,17.532774,17.51316,16.059292,15.874455,21.051823,22.217438,21.062761,22.54836,15.002853,14.925435,4.0,0.0,4.0,0.0,0.0,0.0,0.0,0.0
49375,2023.0,12.0,9.0,21.0,21.052895,22.601788,20.06226,21.465616,21.078224,22.624107,21.063906,22.728992,17.199574,17.780691,15.95969,15.780832,21.021618,22.129995,21.062021,22.534384,15.002907,14.9379635,4.0,0.0,4.0,4.0,0.0,4.0,0.0,0.0
49376,2023.0,12.0,9.0,21.0,21.052238,22.591164,20.07584,21.460289,21.05365,22.536928,21.063854,22.70782,20.328362,23.095863,16.292055,16.487099,21.070486,22.216547,21.061808,22.522207,15.900775,16.639338,0.0,4.0,4.0,4.0,4.0,0.0,0.0,4.0
49377,2023.0,12.0,9.0,21.0,21.05161,22.58001,18.715311,18.795713,21.058134,22.534956,21.063196,22.687056,20.719662,23.377213,20.45473,23.409302,21.062794,22.17156,21.022533,22.405867,20.41261,24.165277,4.0,4.0,4.0,4.0,0.0,0.0,4.0,0.0
49378,2023.0,12.0,9.0,21.0,21.051039,22.567934,20.230429,21.921085,21.057104,22.523705,21.061724,22.663872,19.95362,21.713984,17.973543,18.269876,21.048756,22.147196,21.082434,22.524511,17.79495,18.386446,4.0,4.0,4.0,0.0,0.0,0.0,0.0,4.0
49379,2023.0,12.0,9.0,21.0,21.05036,22.555756,20.032143,21.415812,21.056728,22.513845,21.061293,22.644062,17.911049,17.707659,16.614065,16.445911,21.049839,22.147627,21.07158,22.475069,20.382141,23.521198,4.0,4.0,4.0,0.0,0.0,0.0,0.0,0.0
49380,2023.0,12.0,9.0,22.0,21.05016,22.54544,20.060102,21.406178,21.0563,22.503702,21.085245,22.693909,16.85373,16.440498,16.34138,16.156366,21.049387,22.142635,21.07221,22.45174,18.105225,18.64292,4.0,4.0,0.0,0.0,0.0,0.0,0.0,4.0
49381,2023.0,12.0,9.0,22.0,21.050135,22.536533,20.056278,21.356644,21.080996,22.562138,21.079823,22.66092,16.702278,16.490349,16.18949,16.005339,21.049276,22.1366,21.05829,22.429731,20.360071,23.143995,4.0,0.0,0.0,0.0,0.0,0.0,0.0,0.0
49382,2023.0,12.0,9.0,22.0,21.076397,22.599855,20.0565,21.32751,21.050564,22.465656,21.079712,22.639511,16.56116,16.374172,16.401552,16.514803,21.04905,22.129597,21.059769,22.432753,17.643713,17.568935,4.0,4.0,0.0,0.0,4.0,0.0,0.0,0.0
49383,2023.0,12.0,9.0,22.0,21.162523,22.756805,20.1696,21.530684,21.179497,22.713017,21.16774,22.82991,16.38591,16.2059,20.461922,23.31854,21.134953,22.294302,21.202734,22.716167,17.143003,17.485403,4.0,4.0,0.0,0.0,0.0,0.0,0.0,4.0
49384,2023.0,12.0,9.0,22.0,21.070803,22.555563,20.054745,21.276155,21.079645,22.519886,21.039557,22.555433,16.885195,17.290388,18.032137,18.301012,21.0485,22.111843,21.058908,22.420382,20.452005,23.145739,4.0,0.0,4.0,4.0,0.0,0.0,0.0,4.0
49385,2023.0,12.0,9.0,22.0,21.055334,22.54228,20.055033,21.259209,21.074593,22.495363,21.069048,22.638641,20.455944,23.265934,16.697176,16.517666,21.018757,22.027765,21.059155,22.416958,20.049986,22.239758,4.0,0.0,0.0,0.0,0.0,4.0,0.0,0.0
49386,2023.0,12.0,9.0,23.0,21.030138,22.47912,20.054699,21.244446,21.074772,22.48065,21.080002,22.62345,17.94421,18.11928,16.41341,16.212719,21.053444,22.117296,21.058943,22.411673,17.700226,17.54129,4.0,0.0,0.0,0.0,0.0,0.0,0.0,0.0
49387,2023.0,12.0,9.0,23.0,19.638952,19.849054,18.516764,18.316198,19.629715,19.725925,19.230398,19.053604,16.756311,16.620018,16.562088,16.634445,20.141989,20.30481,19.535505,19.477085,17.317648,17.597466,0.0,0.0,0.0,0.0,4.0,4.0,0.0,4.0
49388,2023.0,12.0,9.0,23.0,18.702288,18.379675,18.145945,17.962852,18.89598,18.681898,18.644,18.400673,16.511665,16.336708,16.317366,16.16865,19.883541,20.003267,18.91635,18.678492,16.590038,16.257603,4.0,0.0,0.0,0.0,0.0,4.0,0.0,0.0
49389,2023.0,12.0,9.0,23.0,18.328434,17.973497,17.589848,17.103464,19.249123,19.605717,18.387594,18.174637,16.359026,16.185383,16.44353,16.531929,19.124144,18.681786,19.654696,20.331028,16.232643,15.869858,0.0,4.0,0.0,0.0,4.0,0.0,4.0,0.0
49390,2023.0,12.0,9.0,23.0,18.344736,18.258184,17.24472,16.702227,18.65175,18.549896,18.15282,17.947119,16.23244,16.06418,16.196592,16.059444,18.72898,18.196186,18.580387,18.222282,16.200205,16.012003,0.0,0.0,0.0,0.0,0.0,0.0,0.0,0.0
49391,2023.0,12.0,9.0,23.0,18.242983,18.203695,17.30148,17.034437,17.97384,17.466337,17.946745,17.740911,16.118092,15.951458,16.008799,15.827068,18.509682,17.974318,18.084,17.6165,16.101727,15.941562,0.0,0.0,0.0,0.0,0.0,0.0,0.0,0.0
49392,2023.0,12.0,10.0,0.0,18.09652,18.05917,17.226067,17.009005,17.679523,17.141161,17.765963,17.560307,16.015413,15.85017,15.908481,15.723721,18.60275,18.338806,17.849373,17.388744,15.978363,15.822087,0.0,0.0,0.0,0.0,0.0,0.0,0.0,0.0
49393,2023.0,12.0,10.0,0.0,17.96646,17.934101,17.101208,16.890299,17.768463,17.525219,17.610332,17.41007,15.92451,15.762365,15.823907,15.638036,18.529884,18.284729,17.883074,17.65819,15.867098,15.715462,0.0,0.0,0.0,0.0,0.0,0.0,0.0,0.0
49394,2023.0,12.0,10.0,0.0,17.84427,17.812996,16.979404,16.768284,17.670609,17.44712,17.46579,17.2661,15.838082,15.673598,15.746273,15.558926,18.42659,18.185486,17.780367,17.568645,15.763806,15.614246,0.0,0.0,0.0,0.0,0.0,0.0,0.0,0.0
49395,2023.0,12.0,10.0,0.0,17.741922,17.720907,16.879286,16.680662,17.559036,17.348522,17.34739,17.160967,16.34909,16.70264,15.68025,15.497264,18.335209,18.103374,17.66538,17.46467,15.675581,15.533639,0.0,0.0,0.0,4.0,0.0,0.0,0.0,0.0
49396,2023.0,12.0,10.0,0.0,17.642189,17.62442,16.778986,16.58382,17.447514,17.241419,17.231354,17.049004,15.892264,15.733224,15.614917,15.432077,18.242323,18.008633,17.552778,17.356997,15.588468,15.4449005,0.0,0.0,0.0,0.0,0.0,0.0,0.0,0.0
49397,2023.0,12.0,10.0,0.0,17.54728,17.529015,16.682755,16.487297,17.340065,17.13448,17.12125,16.939072,15.725925,15.564921,15.867619,15.960106,18.155434,17.91994,17.44532,17.251085,15.507512,15.362096,0.0,0.0,0.0,0.0,4.0,0.0,0.0,0.0
49398,2023.0,12.0,10.0,1.0,17.462664,17.447258,16.59698,16.4046,17.243876,17.042175,17.023344,16.844883,15.648107,15.484998,15.616345,15.44475,18.07733,17.842445,17.345312,17.149511,15.435063,15.289886,0.0,0.0,0.0,0.0,0.0,0.0,0.0,0.0
49399,2023.0,12.0,10.0,1.0,17.382349,17.368034,16.514906,16.322853,17.152224,16.951897,16.930515,16.753181,15.577202,15.413511,15.502178,15.31569,18.003887,17.768732,17.25312,17.057316,15.367549,15.222005,0.0,0.0,0.0,0.0,0.0,0.0,0.0,0.0
49400,2023.0,12.0,10.0,1.0,17.314333,17.308077,16.44808,16.26614,17.795923,18.23713,16.853695,16.686886,15.519019,15.359634,15.443899,15.26247,17.940414,17.709967,17.17314,16.982708,15.309202,15.1674595,0.0,4.0,0.0,0.0,0.0,0.0,0.0,0.0
49401,2023.0,12.0,10.0,1.0,17.244995,17.240673,16.378443,16.198997,17.340475,17.294884,16.775042,16.61104,15.461633,15.302299,15.387666,15.206177,17.877293,17.647192,17.094625,16.904694,15.251617,15.109917,0.0,0.0,0.0,0.0,0.0,0.0,0.0,0.0
49402,2023.0,12.0,10.0,1.0,17.180191,17.17812,16.313257,16.136555,16.820814,16.396965,16.701733,16.540775,15.40879,15.249817,15.628036,15.699552,17.818592,17.589169,17.0221,16.833067,15.92671,16.427952,0.0,0.0,0.0,0.0,4.0,0.0,0.0,4.0
49403,2023.0,12.0,10.0,1.0,17.11881,17.118738,16.25175,16.077568,16.62244,16.15935,16.632906,16.474686,15.359388,15.200773,15.7226925,15.827601,17.763248,17.534485,16.954046,16.765879,15.404948,15.292554,0.0,0.0,0.0,0.0,4.0,0.0,0.0,0.0
49404,2023.0,12.0,10.0,2.0,17.060057,17.06121,16.684673,16.941422,16.753336,16.536842,16.567875,16.411423,15.312671,15.154035,15.448134,15.297859,17.710354,17.481817,16.889265,16.701445,15.082322,14.793973,4.0,0.0,0.0,0.0,0.0,0.0,0.0,0.0
49405,2023.0,12.0,10.0,2.0,17.003065,17.0043,16.371332,16.296028,16.745153,16.563906,16.505112,16.3491,15.267499,15.107782,15.318345,15.137472,17.658918,17.429598,16.826696,16.63821,14.99979,14.738632,0.0,0.0,0.0,0.0,0.0,0.0,0.0,0.0
49406,2023.0,12.0,10.0,2.0,16.941269,16.941648,16.642471,16.92504,16.68311,16.50371,16.436932,16.280722,15.218285,15.057222,15.243666,15.0592985,17.603281,17.37285,16.759613,16.570427,15.045456,14.903639,4.0,0.0,0.0,0.0,0.0,0.0,0.0,0.0
49407,2023.0,12.0,10.0,2.0,16.89002,16.890335,16.292625,16.214334,16.627653,16.449293,16.380583,16.224873,15.177363,15.015284,15.190841,15.005063,17.556473,17.325367,16.703663,16.514122,15.014298,14.86929,0.0,0.0,0.0,0.0,0.0,0.0,0.0,0.0
49408,2023.0,12.0,10.0,2.0,16.837124,16.835112,16.09723,15.924262,16.569254,16.389378,16.322561,16.16501,15.1356125,14.971186,15.456415,15.545288,17.508581,17.275303,16.646875,16.455276,15.002982,14.885076,0.0,0.0,0.0,0.0,4.0,0.0,0.0,0.0
49409,2023.0,12.0,10.0,2.0,16.784674,16.78402,16.504208,16.76088,16.510897,16.333506,16.26528,16.109856,15.093126,14.928927,15.262515,15.099921,17.460062,17.22739,16.589195,16.398518,15.004859,14.916736,4.0,0.0,0.0,0.0,0.0,0.0,0.0,0.0
49410,2023.0,12.0,10.0,3.0,16.732664,16.731672,15.980138,15.652299,16.45302,16.276125,16.20863,16.053404,15.050954,14.885948,15.117316,14.932019,17.41191,17.178738,16.53252,16.341635,15.005165,14.9397335,0.0,0.0,0.0,0.0,0.0,0.0,0.0,0.0
49411,2023.0,12.0,10.0,3.0,16.683123,16.682089,15.604458,15.143219,16.397957,16.221756,16.15477,15.999962,15.595529,15.944334,15.048127,14.858622,17.365942,17.132889,16.478474,16.287706,15.00571,14.959013,0.0,0.0,0.0,4.0,0.0,0.0,0.0,0.0
49412,2023.0,12.0,10.0,3.0,16.639381,16.640911,15.723906,15.502996,16.34629,16.171402,16.10423,15.950456,15.245251,15.090101,15.292619,15.361706,17.32242,17.089962,16.427416,16.237194,15.005462,14.974411,0.0,0.0,0.0,0.0,4.0,0.0,0.0,0.0
49413,2023.0,12.0,10.0,3.0,16.609161,16.624857,15.764216,15.584936,16.297213,16.123997,16.056452,15.903995,15.0528,14.889328,15.124915,14.965875,17.280731,17.049204,16.378887,16.189724,15.60012,16.103775,0.0,0.0,0.0,0.0,0.0,0.0,0.0,4.0
49414,2023.0,12.0,10.0,3.0,16.575724,16.59343,15.732857,15.558704,16.253979,16.081509,16.014578,15.862437,14.997562,14.836299,15.007984,14.819795,17.243603,17.012312,16.336002,16.147041,14.980752,14.93818,0.0,0.0,0.0,0.0,0.0,0.0,0.0,0.0
49415,2023.0,12.0,10.0,3.0,16.534222,16.550707,15.68793,15.513302,16.2058,16.032747,15.967827,15.8147745,15.00602,14.883998,15.258152,15.344766,17.202637,16.97086,16.28871,16.099123,15.035078,15.044912,0.0,0.0,0.0,0.0,4.0,0.0,0.0,0.0
49416,2023.0,12.0,10.0,4.0,16.495716,16.513784,15.646289,15.473909,16.161959,15.991496,15.925426,15.774516,15.520476,15.872786,15.063369,14.8992405,17.16463,16.934607,16.244694,16.05678,15.009833,15.000652,0.0,0.0,0.0,4.0,0.0,0.0,0.0,0.0
49417,2023.0,12.0,10.0,4.0,16.454948,16.470852,15.6017685,15.4276905,16.115683,15.944033,15.880517,15.728124,15.146922,14.988985,15.007733,14.896224,17.12419,16.892538,16.198933,16.009733,15.007498,15.014306,0.0,0.0,0.0,0.0,0.0,0.0,0.0,0.0
49418,2023.0,12.0,10.0,4.0,16.413284,16.426085,15.556492,15.379675,16.068878,15.895041,15.835051,15.680251,15.329337,15.472262,15.00636,14.916492,17.083069,16.849297,16.152895,15.961896,15.008351,15.029999,0.0,0.0,0.0,4.0,0.0,0.0,0.0,0.0
49419,2023.0,12.0,10.0,4.0,16.372791,16.383034,15.5125475,15.333549,16.023365,15.8479,15.7908,15.634125,14.943341,14.740294,15.00702,14.936129,17.042435,16.806776,16.107729,15.915295,15.0078745,15.041642,0.0,0.0,0.0,0.0,0.0,0.0,0.0,0.0
49420,2023.0,12.0,10.0,4.0,16.332325,16.340101,15.469263,15.288071,15.97848,15.801322,15.747185,15.588576,15.286848,15.419193,15.007344,14.95158,17.002254,16.764986,16.063065,15.869233,15.009108,15.054709,0.0,0.0,0.0,4.0,0.0,0.0,0.0,0.0
49421,2023.0,12.0,10.0,4.0,16.292244,16.297379,15.426642,15.243158,15.934133,15.755222,15.704122,15.543514,14.951597,14.771732,15.00768,14.964884,16.962086,16.722971,16.018774,15.823535,15.009085,15.0644865,0.0,0.0,0.0,0.0,0.0,0.0,0.0,0.0
49422,2023.0,12.0,10.0,5.0,16.24983,16.25003,15.888608,16.143267,15.890895,15.710797,15.6621895,15.500134,15.257161,15.373624,15.0081625,14.976756,16.922716,16.682472,15.975313,15.779157,15.009648,15.074265,4.0,0.0,0.0,4.0,0.0,0.0,0.0,0.0
49423,2023.0,12.0,10.0,5.0,16.204742,16.199009,15.612512,15.498726,15.850213,15.671024,15.6228,15.461337,14.952953,14.797535,15.00836,14.987096,16.885899,16.646847,15.934074,15.738952,15.009793,15.083118,0.0,0.0,0.0,0.0,0.0,0.0,0.0,0.0
49424,2023.0,12.0,10.0,5.0,16.166231,16.159317,15.401035,15.215785,15.809952,15.630582,15.583881,15.421958,15.026449,14.972616,15.01566,15.012265,16.850067,16.611904,15.893832,15.699325,15.018562,15.109433,0.0,0.0,0.0,0.0,0.0,0.0,0.0,0.0
49425,2023.0,12.0,10.0,5.0,16.133503,16.130337,15.340414,15.155847,15.772536,15.595057,15.547779,15.38739,15.009122,14.950882,15.015897,15.018631,16.81589,16.579641,15.855285,15.662415,15.019123,15.115324,0.0,0.0,0.0,0.0,0.0,0.0,0.0,0.0
49426,2023.0,12.0,10.0,5.0,16.100782,16.099976,15.299184,15.119577,15.738181,15.564968,15.514688,15.358127,15.443426,15.792047,15.105196,15.184865,16.783545,16.550623,15.818563,15.628652,15.009295,15.105423,0.0,0.0,0.0,4.0,4.0,0.0,0.0,0.0
49427,2023.0,12.0,10.0,5.0,16.069744,16.072514,15.258691,15.080215,15.701998,15.530597,15.479911,15.324747,14.974232,14.873994,14.989081,14.976705,16.750055,16.518932,15.780894,15.5925865,15.01116,15.117573,0.0,0.0,0.0,0.0,0.0,0.0,0.0,0.0
49428,2023.0,12.0,10.0,6.0,16.048079,16.061197,15.217567,15.037524,15.663912,15.491913,15.443324,15.287282,15.014211,15.019104,15.018231,15.05292,16.715637,16.485168,15.74235,15.554402,15.022676,15.150259,0.0,0.0,0.0,0.0,0.0,0.0,0.0,0.0
49429,2023.0,12.0,10.0,6.0,21.00261,24.74878,15.184307,15.009206,20.866663,24.587528,20.751066,24.537384,15.005482,15.000025,15.008069,15.035745,20.695923,23.230215,21.243069,24.834202,15.010307,15.132223,0.0,0.0,0.0,0.0,0.0,0.0,0.0,0.0
49430,2023.0,12.0,10.0,6.0,21.01068,24.16817,15.147824,14.973066,21.00893,24.226006,21.010038,24.382698,15.411117,15.774987,15.074033,15.158896,21.405483,24.253016,21.939953,25.617586,15.490768,16.026869,0.0,0.0,0.0,4.0,4.0,0.0,0.0,4.0
49431,2023.0,12.0,10.0,6.0,21.09399,23.948599,15.113659,14.940142,21.098974,23.984913,21.103966,24.132605,19.798409,23.209059,19.946651,23.189472,21.161665,23.388876,22.717003,26.55149,20.234852,24.141872,0.0,0.0,0.0,0.0,0.0,0.0,0.0,0.0
49432,2023.0,12.0,10.0,6.0,21.056864,23.60054,15.563975,15.802625,21.085304,23.677149,21.089045,23.809937,16.853035,16.868149,17.654934,18.350044,21.017313,22.944912,21.00083,23.142103,16.85429,16.892817,4.0,0.0,0.0,0.0,4.0,0.0,0.0,0.0
49433,2023.0,12.0,10.0,6.0,21.825836,24.746475,20.276018,23.838345,21.825823,24.826828,22.145912,25.29898,15.542143,15.359456,20.249931,23.451452,21.936573,24.334171,22.221401,24.999016,15.962917,16.226593,4.0,0.0,0.0,0.0,0.0,0.0,0.0,4.0
49434,2023.0,12.0,10.0,7.0,21.927752,24.557098,20.038921,22.819235,21.966509,24.68545,21.729887,24.311956,15.353472,15.172599,17.9757,18.538095,21.765495,23.814573,22.069313,24.450968,20.476936,23.889782,0.0,0.0,4.0,0.0,4.0,0.0,0.0,0.0
49435,2023.0,12.0,10.0,7.0,20.927315,22.680569,17.65046,17.837132,20.927963,22.711283,21.092451,23.19057,15.218571,15.040507,20.315779,23.1914,20.955463,22.261019,20.891535,22.327686,17.127483,17.052261,4.0,0.0,0.0,0.0,4.0,4.0,0.0,0.0
49436,2023.0,12.0,10.0,7.0,21.914875,24.223642,20.249521,23.026981,21.195068,23.212008,21.159445,23.245485,15.880818,16.387661,20.045769,22.320908,21.646004,23.409382,21.27588,23.114601,16.871628,17.620787,4.0,4.0,0.0,4.0,4.0,0.0,4.0,4.0
49437,2023.0,12.0,10.0,7.0,21.135685,22.968605,20.038427,22.261847,21.07789,22.976515,21.09788,23.05623,21.546694,25.969784,20.093977,22.181992,21.125479,22.514492,21.092808,22.763868,20.896378,24.461912,4.0,0.0,0.0,4.0,4.0,4.0,0.0,0.0
49438,2023.0,12.0,10.0,7.0,21.07099,22.83401,20.08753,22.131186,21.071619,22.878187,21.075296,22.999498,19.87818,22.366688,20.084682,21.993382,21.052292,22.346615,21.04738,22.629324,17.538626,17.447412,4.0,4.0,0.0,4.0,4.0,4.0,4.0,0.0
49439,2023.0,12.0,10.0,7.0,21.244013,22.996883,20.095804,22.003891,21.072855,22.83311,21.077364,22.98603,20.109344,22.515057,20.083078,21.862978,21.195038,22.476448,21.054615,22.631687,16.882355,17.297703,0.0,4.0,0.0,4.0,4.0,4.0,4.0,4.0
49440,2023.0,12.0,10.0,8.0,20.938086,22.445501,18.201336,18.231424,21.071655,22.79257,21.076372,22.965483,21.52847,24.742664,20.096544,21.806065,20.98354,22.105173,21.092173,22.721073,21.10864,24.407549,4.0,4.0,0.0,0.0,0.0,0.0,0.0,0.0
49441,2023.0,12.0,10.0,8.0,19.540855,19.825855,20.25939,22.462305,19.39564,19.550566,19.204287,19.351362,18.354216,18.266502,18.241167,18.159794,19.248053,18.802002,18.971985,18.625954,17.851664,17.81594,0.0,4.0,0.0,0.0,4.0,0.0,0.0,0.0
49442,2023.0,12.0,10.0,8.0,18.859041,19.072437,18.287071,18.386423,18.536596,18.529484,18.729502,19.13142,16.67853,16.185883,20.363487,22.374876,19.116741,19.165466,18.878235,19.217678,17.103409,17.471918,4.0,4.0,4.0,0.0,0.0,4.0,4.0,4.0
49443,2023.0,12.0,10.0,8.0,18.607897,18.837135,20.255636,22.45373,18.254503,18.2539,18.656519,19.11678,17.223322,17.653715,17.97786,17.716875,18.457203,17.961285,17.972515,17.517994,20.45628,23.243334,4.0,4.0,4.0,4.0,0.0,0.0,0.0,0.0
49444,2023.0,12.0,10.0,8.0,18.42363,18.6726,20.055721,21.868738,18.060198,18.078947,17.55076,17.15313,20.40221,23.012701,17.354872,17.438969,18.714277,18.81719,17.36961,16.86585,17.553822,17.436022,0.0,4.0,0.0,0.0,4.0,4.0,0.0,0.0
49445,2023.0,12.0,10.0,8.0,17.603668,17.283611,17.978321,17.768217,17.266603,16.753313,16.870962,16.29876,17.674025,17.521713,20.411644,22.69665,18.118341,17.65121,17.080265,16.587433,16.188475,15.774184,0.0,0.0,0.0,0.0,0.0,0.0,0.0,0.0
49446,2023.0,12.0,10.0,9.0,17.842932,18.062029,17.09458,16.858862,17.462618,17.44867,16.57259,15.991132,16.324009,15.862522,18.572184,19.019896,17.66491,17.120375,17.108627,16.88362,16.021406,15.825675,0.0,4.0,0.0,0.0,4.0,0.0,0.0,0.0
49447,2023.0,12.0,10.0,9.0,17.231388,16.933228,16.910412,16.692106,16.889076,16.40682,16.693565,16.416735,16.24771,16.015842,20.34599,22.245523,17.48149,16.932947,17.051952,16.870173,15.904797,15.744147,0.0,0.0,0.0,0.0,0.0,0.0,0.0,0.0
49448,2023.0,12.0,10.0,9.0,16.825441,16.452415,16.698156,16.48467,17.153028,17.171885,16.680054,16.473288,16.132614,15.951556,18.056707,17.818651,17.606907,17.353256,17.924047,18.62769,15.73339,15.584597,0.0,4.0,0.0,0.0,0.0,0.0,4.0,0.0
49449,2023.0,12.0,10.0,9.0,16.670729,16.300123,17.0042,17.182245,16.610456,16.152079,16.582441,16.384588,15.986518,15.814012,17.027142,16.397053,17.598572,17.381878,16.945833,16.592093,15.600862,15.455762,4.0,0.0,0.0,0.0,0.0,0.0,0.0,0.0
49450,2023.0,12.0,10.0,9.0,16.826492,16.751127,20.195591,22.873446,16.295921,15.741244,16.479923,16.288498,15.844983,15.679336,16.964106,16.6492,17.522724,17.309156,16.54993,16.10777,15.47468,15.328425,0.0,0.0,0.0,0.0,0.0,0.0,0.0,0.0
49451,2023.0,12.0,10.0,9.0,16.84124,16.824091,18.491936,19.138393,16.13217,15.58825,16.371859,16.187157,15.701644,15.544225,16.827724,16.583498,17.441229,17.230455,16.37303,15.941634,15.346773,15.203289,4.0,0.0,0.0,0.0,0.0,0.0,0.0,0.0
49452,2023.0,12.0,10.0,10.0,16.77071,16.75821,20.22351,22.457851,17.026224,17.409195,16.284712,16.103613,15.589813,15.427706,16.637793,16.400778,17.37567,17.1653,16.247076,15.823356,15.25056,15.106788,0.0,4.0,0.0,0.0,0.0,0.0,0.0,0.0
49453,2023.0,12.0,10.0,10.0,16.695127,16.698233,17.99694,17.925735,16.79524,16.78163,16.915361,17.371578,15.478203,15.321374,16.444473,16.227217,17.309631,17.103128,16.352057,16.162914,15.152416,15.012516,0.0,0.0,4.0,0.0,0.0,0.0,0.0,0.0
49454,2023.0,12.0,10.0,10.0,16.63025,16.638039,17.35585,17.150314,16.926132,17.101189,17.128792,17.673063,15.390589,15.231098,16.293297,16.07646,17.254967,17.048199,16.341446,16.1712,15.07409,14.932013,4.0,4.0,4.0,0.0,0.0,0.0,0.0,0.0
49455,2023.0,12.0,10.0,10.0,16.561928,16.570276,20.212166,22.39321,16.282217,15.8984375,16.27194,16.00971,15.318029,15.165611,16.16756,15.966937,17.968006,18.440874,16.287905,16.123423,15.0100765,14.874383,0.0,0.0,0.0,0.0,0.0,4.0,0.0,0.0
49456,2023.0,12.0,10.0,10.0,17.269857,17.965757,18.093742,18.038874,15.920694,15.446586,15.770082,15.33601,15.24049,15.092562,16.033903,15.846008,17.274384,16.885628,16.226833,16.06577,15.006365,14.927061,0.0,0.0,0.0,0.0,0.0,0.0,0.0,0.0
49457,2023.0,12.0,10.0,10.0,16.859556,16.996489,17.071903,16.885921,15.788633,15.318031,15.599488,15.150995,15.169569,15.0240135,15.910861,15.730168,17.695711,17.958105,16.167328,16.008595,15.006486,14.965227,0.0,0.0,0.0,0.0,0.0,4.0,0.0,0.0
49458,2023.0,12.0,10.0,11.0,16.277168,16.06052,16.83488,16.65439,15.946308,15.740764,15.746678,15.555728,15.106975,14.9644985,15.80136,15.627826,17.13484,16.712427,16.112133,15.956295,15.006758,14.994572,0.0,0.0,0.0,0.0,0.0,0.0,0.0,0.0
49459,2023.0,12.0,10.0,11.0,16.05059,15.792113,16.616173,16.422432,15.992892,15.840645,15.788773,15.649426,15.0488205,14.907359,15.695303,15.517415,16.833435,16.379507,16.059488,15.905391,15.011336,15.028666,0.0,0.0,0.0,0.0,0.0,0.0,0.0,0.0
49460,2023.0,12.0,10.0,11.0,16.237606,16.268585,16.457035,16.279367,15.9510975,15.807732,15.746065,15.615515,15.000944,14.864757,15.610275,15.440479,16.75213,16.312988,16.013742,15.864371,15.005782,15.03247,0.0,0.0,0.0,0.0,0.0,0.0,0.0,0.0
49461,2023.0,12.0,10.0,11.0,16.255636,16.30455,16.314545,16.145462,15.904879,15.769002,15.699603,15.576344,15.006597,14.913615,15.532635,15.368191,16.946749,16.777706,15.970594,15.825233,15.008433,15.052016,0.0,0.0,0.0,0.0,0.0,0.0,0.0,0.0
49462,2023.0,12.0,10.0,11.0,17.021265,17.783531,16.197338,16.043133,15.861948,15.734992,15.65674,15.542264,15.004025,14.934461,15.466479,15.310389,16.964806,16.787975,15.9318075,15.791813,15.00774,15.063732,0.0,0.0,0.0,0.0,0.0,0.0,0.0,0.0
49463,2023.0,12.0,10.0,11.0,16.362022,16.290712,16.088854,15.942922,15.819148,15.698969,15.614182,15.506351,15.0042,14.953806,15.4047365,15.253756,16.941994,16.770277,15.894489,15.758491,15.0076685,15.073896,0.0,0.0,0.0,0.0,0.0,0.0,0.0,0.0
49464,2023.0,12.0,10.0,12.0,15.954269,15.775039,16.472067,16.751127,15.77798,15.663956,16.333036,16.89784,15.004704,14.969837,15.349325,15.202828,16.918373,16.750975,15.859577,15.727257,15.007651,15.082525,4.0,0.0,4.0,0.0,0.0,0.0,0.0,0.0
49465,2023.0,12.0,10.0,12.0,21.53957,25.540537,20.208761,23.182947,21.776632,26.095139,20.825378,24.436289,15.0048685,14.981988,15.688086,15.883613,20.895208,23.490952,21.393885,25.055086,15.008037,15.089419,0.0,4.0,0.0,0.0,4.0,0.0,0.0,0.0
49466,2023.0,12.0,10.0,12.0,20.937544,23.891863,18.019573,18.4539,20.892239,23.905483,21.033499,24.236212,15.316839,15.219159,20.36851,23.68281,21.604515,24.4973,22.104395,25.871058,15.923039,15.469963,0.0,0.0,4.0,0.0,0.0,0.0,0.0,0.0
49467,2023.0,12.0,10.0,12.0,21.118477,23.893091,16.647903,16.59237,21.11174,23.916386,21.118332,24.02853,15.036752,14.93036,17.815315,18.29049,22.06764,24.948317,22.786589,26.593235,14.991681,15.024909,0.0,4.0,0.0,0.0,0.0,0.0,0.0,0.0
49468,2023.0,12.0,10.0,12.0,21.075201,23.599241,16.817179,17.102982,21.078026,23.578932,21.10244,23.726648,15.004358,14.929542,16.294043,16.17843,20.943209,22.631184,22.01094,24.75725,15.008767,15.064732,4.0,4.0,0.0,0.0,0.0,4.0,0.0,0.0
49469,2023.0,12.0,10.0,12.0,21.144312,23.590437,20.260529,23.071693,21.142647,23.518387,21.141325,23.612759,15.003578,14.948258,16.002655,15.852758,21.131777,22.891905,22.161337,24.694052,15.006078,15.064779,4.0,4.0,0.0,0.0,0.0,0.0,0.0,0.0
49470,2023.0,12.0,10.0,13.0,22.170818,25.112907,20.041948,22.295677,21.390467,23.875107,21.304909,23.817455,15.003685,14.962789,15.862102,15.711634,22.019,24.272326,21.337637,23.395855,15.006337,15.069512,0.0,4.0,4.0,0.0,0.0,0.0,0.0,0.0
49471,2023.0,12.0,10.0,13.0,21.024792,23.075838,18.167702,18.447927,21.072813,23.128445,21.085644,23.31603,15.003823,14.973847,15.75793,15.612225,20.945213,22.188612,21.07424,22.858292,15.0066805,15.073631,4.0,4.0,0.0,0.0,0.0,4.0,0.0,0.0
49472,2023.0,12.0,10.0,13.0,21.385824,23.569197,20.259363,22.68368,21.163479,23.25099,21.15907,23.364952,15.004091,14.983216,15.66326,15.517227,21.246862,22.696787,21.190098,23.078865,15.006609,15.076878,0.0,0.0,0.0,0.0,0.0,0.0,0.0,0.0
49473,2023.0,12.0,10.0,13.0,20.929342,22.668673,18.020433,18.055775,21.065363,22.966848,21.09402,23.158195,15.004094,14.989839,15.581176,15.43848,21.00297,22.211872,21.069141,22.818033,15.006764,15.080484,0.0,4.0,0.0,0.0,0.0,0.0,0.0,0.0
49474,2023.0,12.0,10.0,13.0,21.088102,22.973299,16.943876,16.805634,21.092932,22.991035,21.07273,23.09312,15.005014,14.9977865,15.502513,15.357631,21.076866,22.350554,21.067413,22.798101,15.006873,15.0838995,0.0,0.0,0.0,0.0,0.0,0.0,0.0,0.0
49475,2023.0,12.0,10.0,13.0,21.123646,23.016478,16.691652,16.538328,21.174833,23.095078,21.15563,23.226973,15.00916,15.013648,15.4302,15.285263,21.055233,22.29471,21.073458,22.752235,15.014424,15.102845,0.0,0.0,0.0,0.0,0.0,4.0,4.0,0.0
49476,2023.0,12.0,10.0,14.0,21.051998,22.863113,17.01308,17.318182,21.053247,22.852093,21.061174,23.015055,15.004694,15.012196,15.365155,15.225632,21.071878,22.341692,21.084837,22.777784,15.00648,15.091877,4.0,0.0,0.0,0.0,0.0,0.0,0.0,0.0
49477,2023.0,12.0,10.0,14.0,19.032686,19.002502,20.298542,23.034718,19.314508,19.508976,19.169561,19.36477,15.005695,15.021829,15.2997875,15.158735,19.367922,19.0508,19.821894,20.27802,15.00793,15.099948,4.0,0.0,0.0,0.0,0.0,0.0,4.0,0.0
49478,2023.0,12.0,10.0,14.0,17.942331,17.668161,20.043837,22.210443,18.899841,19.35726,18.04092,17.93676,15.006133,15.029781,15.239893,15.097199,18.518105,18.017153,18.380339,18.01862,15.008149,15.106762,0.0,4.0,0.0,0.0,0.0,0.0,0.0,0.0
49479,2023.0,12.0,10.0,14.0,17.548723,17.26159,18.209337,18.459719,18.194466,18.148243,17.6214,17.481369,15.006221,15.036957,15.189588,15.047537,18.455887,18.204626,17.737587,17.310484,15.008615,15.114598,4.0,0.0,0.0,0.0,0.0,0.0,0.0,0.0
49480,2023.0,12.0,10.0,14.0,17.990614,18.331266,20.253723,22.589146,18.045023,18.172436,17.33281,17.187597,15.0067625,15.04509,15.140331,14.996709,18.353374,18.1449,17.408026,16.984228,15.008993,15.122328,4.0,4.0,0.0,0.0,0.0,0.0,0.0,0.0
49481,2023.0,12.0,10.0,14.0,17.410692,17.220253,20.050867,21.970144,17.322796,16.917444,17.095524,16.947062,15.006885,15.051629,15.093908,14.949075,18.194393,17.992914,17.155945,16.74038,15.009158,15.129322,0.0,0.0,0.0,0.0,0.0,0.0,0.0,0.0
49482,2023.0,12.0,10.0,15.0,17.000029,16.744198,18.03785,17.970032,16.880508,16.408873,16.90159,16.757565,15.007135,15.057303,15.054705,14.910515,18.05284,17.858189,17.152412,16.95182,15.00954,15.135859,0.0,0.0,0.0,0.0,0.0,0.0,0.0,0.0
49483,2023.0,12.0,10.0,15.0,16.801435,16.548016,17.599247,17.857666,17.368729,17.522503,16.735138,16.595303,15.006963,15.062447,15.021155,14.881052,17.9295,17.741781,17.081636,16.916718,15.009504,15.141152,4.0,4.0,0.0,0.0,0.0,0.0,0.0,0.0
49484,2023.0,12.0,10.0,15.0,17.662605,18.332363,20.278042,22.62151,16.864872,16.52727,16.599607,16.470959,15.007299,15.068138,15.000156,14.872696,17.82727,17.650076,16.965479,16.814938,15.009606,15.146551,0.0,0.0,0.0,0.0,0.0,0.0,0.0,0.0
49485,2023.0,12.0,10.0,15.0,17.715265,18.192091,18.376144,18.685535,16.492928,16.079706,16.480055,16.360033,15.006975,15.071741,15.002655,14.896783,18.546457,19.103378,16.854164,16.712755,15.009652,15.151581,0.0,0.0,0.0,0.0,0.0,4.0,0.0,0.0
49486,2023.0,12.0,10.0,15.0,17.624784,18.09192,17.211786,17.143066,16.55569,16.367704,16.37531,16.26321,15.006851,15.075225,15.002576,14.912496,17.79844,17.465195,16.753832,16.620054,15.009578,15.156359,0.0,0.0,0.0,0.0,0.0,0.0,0.0,0.0
49487,2023.0,12.0,10.0,15.0,16.925148,16.803495,16.879457,16.762764,16.550821,16.413496,16.28235,16.177267,15.006851,15.0791,15.003147,14.927842,17.39034,16.994589,16.66349,16.536072,15.009678,15.16125,0.0,0.0,0.0,0.0,0.0,0.0,0.0,0.0
49488,2023.0,12.0,10.0,16.0,17.333263,17.808393,16.681126,16.568872,17.204699,17.71642,16.202332,16.106476,15.0071535,15.084281,15.003198,14.941106,17.27795,16.893835,17.608196,18.38924,15.697521,16.450796,0.0,4.0,0.0,0.0,0.0,0.0,4.0,4.0
49489,2023.0,12.0,10.0,16.0,17.511293,18.020927,16.517653,16.408186,17.474928,18.058357,16.127628,16.036263,15.56235,16.122522,15.003548,14.953606,18.211426,18.77076,16.846064,16.629616,20.360123,24.330616,0.0,4.0,0.0,4.0,0.0,4.0,0.0,4.0
49490,2023.0,12.0,10.0,16.0,17.51059,18.017447,16.377462,16.270016,17.2836,17.637617,16.06004,15.971141,20.1789,23.950771,15.003943,14.965009,17.586746,17.299482,16.395529,16.104677,20.017769,23.122112,0.0,4.0,0.0,0.0,0.0,0.0,0.0,4.0
49491,2023.0,12.0,10.0,16.0,17.516508,18.028196,16.718222,17.01253,17.19512,17.528154,16.72762,17.276928,17.126919,17.357414,15.00418,14.975223,17.203884,16.844212,16.262192,15.970947,20.11384,22.967567,4.0,4.0,4.0,0.0,0.0,0.0,0.0,0.0
49492,2023.0,12.0,10.0,16.0,17.516418,18.031044,20.299763,23.199575,17.179724,17.51531,17.013247,17.613197,16.243671,16.616968,15.004628,14.984184,17.10339,16.74478,16.318584,16.181986,18.040995,18.663187,4.0,4.0,4.0,4.0,0.0,0.0,0.0,4.0
49493,2023.0,12.0,10.0,16.0,17.52587,18.050732,20.022964,22.268368,16.54742,16.35224,16.24173,16.099089,20.337069,23.734621,15.004021,14.987517,17.214895,17.047314,16.312975,16.192173,20.352459,23.255667,4.0,0.0,0.0,0.0,0.0,0.0,0.0,0.0
49494,2023.0,12.0,10.0,17.0,17.528181,18.05616,20.093147,22.170225,16.860182,17.147568,15.821939,15.551336,17.437698,17.600754,15.297334,15.53471,17.233694,17.081053,16.262657,16.144585,17.626865,17.690908,0.0,4.0,0.0,0.0,4.0,0.0,0.0,0.0
49495,2023.0,12.0,10.0,17.0,17.520672,18.043133,18.034344,18.03892,17.043266,17.38749,16.382298,16.696383,15.961727,15.703751,20.3319,23.830194,17.19392,17.040363,16.208832,16.08936,17.182026,17.696217,0.0,4.0,4.0,0.0,0.0,0.0,0.0,4.0
49496,2023.0,12.0,10.0,17.0,16.860193,16.81809,17.547142,17.818779,16.440859,16.263445,16.003168,15.838396,15.747945,15.602633,17.888563,18.660933,17.90717,18.422234,16.156286,16.034811,20.355371,23.303446,4.0,0.0,0.0,0.0,4.0,4.0,0.0,0.0
49497,2023.0,12.0,10.0,17.0,16.482664,16.333254,20.340899,22.783318,16.059107,15.747983,16.363329,16.681398,16.401026,16.96827,20.215498,23.259445,17.281836,16.99777,16.105299,15.98197,18.245724,18.84399,0.0,0.0,4.0,4.0,0.0,0.0,0.0,4.0
49498,2023.0,12.0,10.0,17.0,17.07324,17.552177,18.410702,18.765146,16.595663,16.861946,16.571213,16.927248,20.362469,23.769209,17.885223,18.290012,16.927383,16.566545,16.05564,15.930175,20.34267,23.083626,0.0,4.0,4.0,0.0,0.0,0.0,0.0,0.0
49499,2023.0,12.0,10.0,17.0,16.636562,16.584902,17.67413,17.988342,16.825304,17.154995,15.987374,15.811649,17.420536,17.549673,16.437874,16.32249,17.616112,17.950079,16.00814,15.880689,18.367077,18.949986,4.0,4.0,0.0,0.0,0.0,4.0,0.0,4.0
49500,2023.0,12.0,10.0,18.0,17.092854,17.560774,20.281647,22.611704,16.840912,17.16539,15.693062,15.375175,16.302013,15.94009,16.137249,15.967291,17.056067,16.751839,15.966719,15.836703,20.285316,22.632446,4.0,4.0,0.0,0.0,0.0,0.0,0.0,4.0
49501,2023.0,12.0,10.0,18.0,21.252958,24.676903,20.047514,21.926702,21.328472,24.924856,21.229383,25.15683,16.102797,15.9193735,15.933581,15.766023,21.738094,24.927896,21.802843,25.757607,20.035513,22.048935,0.0,4.0,4.0,0.0,0.0,4.0,0.0,4.0
49502,2023.0,12.0,10.0,18.0,21.011713,23.740463,18.100866,18.045605,21.01764,23.833256,21.01528,24.124983,15.939912,15.780909,16.171892,16.362118,20.970058,23.239912,22.03684,25.711756,20.096743,22.110756,0.0,4.0,4.0,0.0,4.0,4.0,0.0,0.0
49503,2023.0,12.0,10.0,18.0,21.148588,23.719,17.378387,17.326828,21.147633,23.763092,21.143423,23.980658,15.768112,15.617382,20.434689,23.554169,21.125036,23.291988,21.156153,23.7686,17.8454,17.697098,4.0,4.0,4.0,0.0,4.0,0.0,0.0,0.0
49504,2023.0,12.0,10.0,18.0,21.148949,23.520676,20.26825,22.590494,21.147549,23.536839,21.144121,23.714949,15.624407,15.479876,20.03984,22.51525,21.11223,23.046104,21.18732,23.617641,16.714724,16.330286,0.0,4.0,4.0,0.0,0.0,0.0,0.0,0.0
49505,2023.0,12.0,10.0,18.0,21.067814,23.217182,18.431507,18.692654,21.07475,23.22899,21.079706,23.398537,15.506098,15.369655,17.63263,17.596468,21.078281,22.816349,21.074883,23.237782,16.331783,15.955223,4.0,4.0,4.0,0.0,0.0,0.0,0.0,0.0
49506,2023.0,12.0,10.0,19.0,21.16082,23.31939,20.247997,22.420935,21.072575,23.10702,21.077494,23.260252,15.4042015,15.273097,16.547827,16.357122,21.124573,22.820683,21.075323,23.123825,16.26151,16.086191,4.0,4.0,4.0,0.0,0.0,0.0,0.0,0.0
49507,2023.0,12.0,10.0,19.0,21.08428,23.081038,20.030964,21.77149,21.070442,23.013224,21.075228,23.156101,16.16533,16.797022,16.302534,16.116304,21.060513,22.621374,21.072933,23.030958,16.138151,15.985478,4.0,4.0,4.0,4.0,0.0,0.0,0.0,0.0
49508,2023.0,12.0,10.0,19.0,21.083992,23.013208,20.068575,21.710962,21.069149,22.940836,21.074045,23.07737,20.29622,23.778437,16.1087,15.930795,21.059645,22.565256,21.034449,22.859053,15.98427,15.842349,4.0,4.0,4.0,0.0,0.0,0.0,4.0,0.0
49509,2023.0,12.0,10.0,19.0,21.040194,22.88462,20.062948,21.609787,21.067879,22.882217,21.072733,23.014626,17.783575,18.272015,16.367352,16.567333,21.029793,22.444,21.093107,22.927664,15.846827,15.711278,4.0,4.0,4.0,4.0,4.0,4.0,0.0,0.0
49510,2023.0,12.0,10.0,19.0,21.151747,23.057112,20.146181,21.725765,21.149475,22.999369,21.071579,22.963314,20.948969,24.158398,20.464918,23.427965,21.12175,22.587324,21.081942,22.84125,15.728067,15.598255,0.0,4.0,4.0,0.0,4.0,0.0,0.0,0.0
49511,2023.0,12.0,10.0,19.0,21.058727,22.82965,18.623306,18.722757,21.08991,22.857855,21.094542,22.985222,17.928879,17.95459,20.039839,22.385551,21.040983,22.355284,21.082026,22.787943,16.673779,17.488478,4.0,0.0,0.0,0.0,0.0,4.0,0.0,4.0
49512,2023.0,12.0,10.0,20.0,21.058817,22.79837,20.237719,22.066523,21.084059,22.807112,21.064043,22.86206,16.323923,15.945547,17.675161,17.564867,21.075117,22.408106,21.066553,22.741919,20.365454,23.667557,0.0,0.0,4.0,0.0,0.0,0.0,0.0,0.0
49513,2023.0,12.0,10.0,20.0,21.084265,22.842625,18.65217,18.811811,21.059134,22.703642,21.068346,22.837702,16.152004,15.968647,16.649849,16.448082,21.03954,22.284111,21.029316,22.62367,17.385265,17.374062,4.0,4.0,4.0,0.0,0.0,4.0,4.0,0.0
49514,2023.0,12.0,10.0,20.0,21.16263,22.97069,20.23862,22.12238,21.063334,22.688032,21.06728,22.808825,16.02946,15.872597,16.428028,16.234652,21.134695,22.47043,21.089014,22.732813,16.946093,17.422054,0.0,4.0,4.0,0.0,0.0,0.0,0.0,4.0
49515,2023.0,12.0,10.0,20.0,21.077816,22.772665,18.315226,18.218376,21.062256,22.666248,21.091257,22.852129,15.872412,15.723832,16.234133,16.051336,21.067513,22.307138,21.078222,22.675049,20.464401,23.343061,0.0,4.0,0.0,0.0,0.0,0.0,0.0,4.0
49516,2023.0,12.0,10.0,20.0,21.03309,22.675955,17.923363,18.168528,21.061016,22.646011,21.08381,22.808546,15.731871,15.585217,16.063782,15.881743,21.03668,22.204447,21.07758,22.641384,20.033577,22.34505,4.0,4.0,0.0,0.0,0.0,4.0,0.0,0.0
49517,2023.0,12.0,10.0,20.0,21.058565,22.702662,20.262922,22.31079,21.061115,22.629126,21.084793,22.782768,16.436396,17.025982,15.923142,15.749404,21.04259,22.203545,21.024765,22.50976,18.325546,18.793547,4.0,4.0,0.0,4.0,0.0,4.0,4.0,4.0
49518,2023.0,12.0,10.0,21.0,21.081522,22.75054,20.03229,21.662514,21.085346,22.679998,21.066721,22.7579,20.360302,23.69239,15.797075,15.626439,21.071396,22.267742,21.047894,22.531897,20.398117,22.775877,4.0,0.0,0.0,0.0,0.0,0.0,4.0,0.0
49519,2023.0,12.0,10.0,21.0,21.049332,22.644484,20.083546,21.658617,21.079395,22.646141,21.043833,22.694641,17.901255,18.341167,15.692917,15.528344,21.036325,22.159708,21.044739,22.509537,17.842173,17.703756,0.0,0.0,4.0,4.0,0.0,4.0,4.0,0.0
49520,2023.0,12.0,10.0,21.0,21.05481,22.640112,18.292955,18.141306,21.07937,22.624575,21.048437,22.707932,20.426569,23.215101,15.602626,15.440241,21.041134,22.158901,21.083649,22.599113,16.64675,16.266094,0.0,0.0,4.0,0.0,0.0,4.0,0.0,0.0
49521,2023.0,12.0,10.0,21.0,21.079582,22.694489,17.50079,17.307531,21.036757,22.53608,21.065414,22.709827,18.19428,18.581802,15.519856,15.359254,21.070005,22.225067,21.075317,22.558348,16.49393,16.312859,0.0,4.0,4.0,4.0,0.0,0.0,0.0,0.0
49522,2023.0,12.0,10.0,21.0,21.074024,22.663216,17.279192,17.099976,21.068651,22.63126,21.087383,22.750193,20.402107,22.904001,15.443595,15.284024,21.064531,22.195507,21.075413,22.5346,16.356794,16.198217,0.0,0.0,0.0,0.0,0.0,0.0,0.0,0.0
49523,2023.0,12.0,10.0,21.0,21.07352,22.642113,17.07641,16.899185,21.079735,22.62008,21.081985,22.71479,17.822805,17.717827,15.374167,15.215602,21.064495,22.177856,21.074625,22.511826,16.190912,16.040258,0.0,0.0,0.0,0.0,0.0,0.0,0.0,0.0
49524,2023.0,12.0,10.0,22.0,21.056719,22.62348,17.383194,17.6272,21.076994,22.5888,21.081463,22.691881,16.541574,16.13876,15.697512,15.876687,21.04887,22.160622,21.05979,22.491571,16.04561,15.899576,4.0,0.0,0.0,0.0,4.0,0.0,0.0,0.0
49525,2023.0,12.0,10.0,22.0,21.2849,23.087313,20.366053,22.850449,21.281076,23.009806,21.351618,23.228737,16.398218,16.202494,20.2874,23.433157,21.353064,22.756775,21.549778,23.447222,16.738337,17.327143,4.0,0.0,4.0,0.0,0.0,4.0,4.0,4.0
49526,2023.0,12.0,10.0,22.0,21.058115,22.631565,20.02601,21.871666,21.06123,22.568153,21.069956,22.686499,16.271284,16.102406,17.761423,18.1565,21.0394,22.10187,21.04187,22.397858,20.375914,23.523699,4.0,0.0,0.0,0.0,0.0,4.0,4.0,0.0
49527,2023.0,12.0,10.0,22.0,21.058783,22.635923,20.06838,21.76388,21.036604,22.501484,21.081604,22.676764,16.109652,15.949871,16.24772,16.10038,21.037846,22.088282,21.080015,22.493456,17.501303,17.460293,4.0,4.0,0.0,0.0,0.0,4.0,0.0,0.0
49528,2023.0,12.0,10.0,22.0,21.03083,22.561964,20.05903,21.618399,21.067116,22.586113,21.052994,22.576488,15.968195,15.813389,16.319906,16.468565,21.037283,22.077261,21.070995,22.457993,16.207542,15.872323,4.0,0.0,4.0,0.0,4.0,4.0,0.0,0.0
49529,2023.0,12.0,10.0,22.0,21.0794,22.65213,20.078375,21.580652,21.077188,22.569809,21.08466,22.64474,15.853593,15.709258,20.363974,23.233042,21.066788,22.144342,21.07203,22.441648,16.108328,15.954739,0.0,0.0,0.0,0.0,0.0,0.0,0.0,0.0
49530,2023.0,12.0,10.0,23.0,21.071102,22.612926,18.356104,18.209175,21.075024,22.537619,21.078022,22.614437,15.7520895,15.614619,18.239634,18.803648,21.031431,22.037315,21.071411,22.424206,16.023855,15.889364,0.0,0.0,0.0,0.0,4.0,4.0,0.0,0.0
49531,2023.0,12.0,10.0,23.0,20.181711,20.887028,18.029152,18.22043,20.108381,20.663225,19.53328,19.665981,15.662317,15.527438,16.742357,16.631985,19.519382,19.155788,19.551727,19.512789,15.909708,15.783974,4.0,4.0,0.0,0.0,0.0,0.0,0.0,0.0
49532,2023.0,12.0,10.0,23.0,18.952717,18.764235,17.631935,17.550657,19.093418,18.990921,18.772112,18.602432,16.1532,16.50807,16.401253,16.220974,18.935966,18.397568,18.932283,18.71718,16.529945,17.02505,0.0,0.0,0.0,4.0,0.0,0.0,0.0,4.0
49533,2023.0,12.0,10.0,23.0,18.410065,18.07881,17.773394,17.990923,18.346235,17.850924,19.109106,19.51205,15.744675,15.621376,16.234118,16.053728,19.440866,19.581688,19.662127,20.359894,16.771568,17.3408,4.0,0.0,4.0,0.0,0.0,4.0,4.0,4.0
49534,2023.0,12.0,10.0,23.0,18.12934,17.80204,17.115305,16.77291,17.987864,17.456188,18.53633,18.513567,15.564463,15.431651,16.09506,15.919986,19.483534,19.647923,18.57536,18.23246,15.9201,15.667336,0.0,0.0,0.0,0.0,0.0,4.0,0.0,0.0
49535,2023.0,12.0,10.0,23.0,18.171228,18.115742,16.717962,16.232658,18.01589,17.759129,17.835022,17.384058,15.490476,15.354561,15.971684,15.7987585,18.736721,18.308294,18.073149,17.622143,15.605634,15.29748,0.0,0.0,0.0,0.0,0.0,0.0,0.0,0.0
49536,2023.0,12.0,11.0,0.0,18.07715,18.062004,16.794441,16.56257,17.91721,17.708342,17.519278,17.031858,15.422165,15.286053,15.863183,15.694635,18.39719,17.896156,17.836025,17.39592,16.235018,16.598484,0.0,0.0,0.0,0.0,0.0,0.0,0.0,4.0
49537,2023.0,12.0,11.0,0.0,17.945782,17.937712,16.757723,16.581228,17.775988,17.57547,17.566557,17.341932,15.362582,15.227406,15.766145,15.602829,18.218704,17.724638,17.848455,17.628544,15.647393,15.364615,0.0,0.0,0.0,0.0,0.0,0.0,0.0,0.0
49538,2023.0,12.0,11.0,0.0,17.821587,17.816536,17.149612,17.403595,17.642149,17.445448,17.489944,17.313656,15.894054,16.27501,15.971726,16.06584,18.314266,18.069561,17.758251,17.567917,15.41979,15.123029,4.0,0.0,0.0,4.0,4.0,0.0,0.0,0.0
49539,2023.0,12.0,11.0,0.0,17.712055,17.714182,16.837336,16.800432,17.524021,17.335743,17.369862,17.203602,15.484198,15.376458,15.744514,15.623592,18.27383,18.061663,18.699263,19.460491,15.470191,15.327749,0.0,0.0,0.0,0.0,0.0,0.0,4.0,0.0
49540,2023.0,12.0,11.0,0.0,17.609743,17.616062,16.602661,16.457886,17.413654,17.230757,17.25464,17.093998,15.311363,15.176492,15.588519,15.43184,18.18694,17.975494,17.730076,17.436111,15.440836,15.313338,0.0,0.0,0.0,0.0,0.0,0.0,0.0,0.0
49541,2023.0,12.0,11.0,0.0,17.507614,17.50991,16.481327,16.315277,17.303226,17.116032,17.137857,16.972624,15.251453,15.115504,15.499335,15.334588,18.098225,17.882183,17.323795,16.920536,15.382052,15.2522545,0.0,0.0,0.0,0.0,0.0,0.0,0.0,0.0
49542,2023.0,12.0,11.0,1.0,18.192108,18.878206,16.40669,16.252365,17.217703,17.043049,17.04734,16.895176,15.202269,15.070539,15.434656,15.276611,18.025663,17.815306,17.179485,16.795374,16.053707,16.563078,0.0,0.0,0.0,0.0,0.0,0.0,0.0,4.0
49543,2023.0,12.0,11.0,1.0,17.674866,17.80093,16.33521,16.186775,17.133448,16.96575,16.958397,16.813004,15.7284975,16.098825,15.662403,15.757451,17.956743,17.749687,17.235733,17.044792,16.326477,16.917648,0.0,0.0,0.0,4.0,4.0,0.0,0.0,4.0
49544,2023.0,12.0,11.0,1.0,17.19858,17.00503,16.271431,16.129585,17.056396,16.896097,16.877785,16.739325,15.343849,15.246121,15.448885,15.313081,17.894371,17.69105,17.194439,17.025206,15.517107,15.297889,0.0,0.0,0.0,0.0,0.0,0.0,0.0,0.0
49545,2023.0,12.0,11.0,1.0,17.013687,16.788054,16.209965,16.07113,16.981157,16.824118,16.799551,16.663605,15.048085,14.784894,15.323307,15.172732,17.834547,17.63234,17.11846,16.950712,15.255934,14.988564,0.0,0.0,0.0,0.0,0.0,0.0,0.0,0.0
49546,2023.0,12.0,11.0,1.0,17.128227,17.12912,16.158424,16.028084,16.91734,16.769705,16.733185,16.606422,15.001878,14.779167,15.2738,15.129287,17.783289,17.58626,17.050627,16.888432,15.922094,16.332458,0.0,0.0,0.0,0.0,0.0,0.0,0.0,4.0
49547,2023.0,12.0,11.0,1.0,17.124767,17.157711,16.097101,15.968914,16.842823,16.697308,16.655882,16.530573,15.056084,14.946036,15.217952,15.074777,17.726063,17.530529,16.974295,16.813034,16.180353,16.606524,0.0,0.0,0.0,0.0,0.0,0.0,0.0,4.0
49548,2023.0,12.0,11.0,2.0,17.074396,17.11587,16.055258,15.936665,16.790672,16.655376,16.602415,16.48699,15.033579,14.918309,15.472632,15.589152,17.684168,17.494164,16.917923,16.762484,15.483936,15.257101,0.0,0.0,0.0,0.0,4.0,0.0,0.0,0.0
49549,2023.0,12.0,11.0,2.0,17.014647,17.056007,16.005154,15.88646,16.730145,16.594913,16.54042,16.424475,15.002142,14.88642,15.582992,15.735387,17.63831,17.447958,16.857815,16.701736,15.260542,15.005487,0.0,0.0,0.0,0.0,4.0,0.0,0.0,0.0
49550,2023.0,12.0,11.0,2.0,16.961412,17.005617,15.961245,15.8454895,16.676352,16.544725,16.485355,16.372683,15.001573,14.912558,15.609303,15.766384,17.596788,17.408043,16.803598,16.649216,15.305459,15.193631,0.0,0.0,0.0,0.0,4.0,0.0,0.0,0.0
49551,2023.0,12.0,11.0,2.0,16.907673,16.957443,15.91782,15.808183,16.622568,16.497957,16.430256,16.324429,15.00306,14.93129,15.189753,14.94572,17.554415,17.3691,16.748318,16.59779,15.267841,15.156611,0.0,0.0,0.0,0.0,0.0,0.0,0.0,0.0
49552,2023.0,12.0,11.0,2.0,16.850939,16.900105,15.869484,15.759125,16.564556,16.439604,16.370571,16.264141,15.004375,14.951,15.004323,14.767709,17.510656,17.32527,16.69221,16.541409,15.211195,15.099897,0.0,0.0,0.0,0.0,0.0,0.0,0.0,0.0
49553,2023.0,12.0,11.0,2.0,16.800472,16.851936,15.826654,15.719051,16.513117,16.391294,16.317516,16.214163,15.005583,14.964614,15.04474,14.917545,17.470774,17.28696,16.641333,16.492188,15.159997,15.05006,0.0,0.0,0.0,0.0,0.0,0.0,0.0,0.0
49554,2023.0,12.0,11.0,3.0,16.755228,16.811283,15.788851,15.68691,16.467436,16.351665,16.27037,16.173147,15.5134115,15.925875,15.024788,14.89486,17.434326,17.253578,16.59507,16.449194,15.115345,15.008434,0.0,0.0,0.0,4.0,0.0,0.0,0.0,0.0
49555,2023.0,12.0,11.0,3.0,16.713053,16.768614,15.753241,15.652752,16.42504,16.311127,16.226664,16.131275,15.097126,15.014172,14.999207,14.877174,17.40084,17.22063,16.553797,16.408634,15.811426,16.353182,0.0,0.0,0.0,0.0,0.0,0.0,0.0,4.0
49556,2023.0,12.0,11.0,3.0,16.667723,16.723455,16.204731,16.533325,16.37929,16.26729,16.180094,16.086348,15.012168,14.9921875,15.004149,14.910514,17.364431,17.184822,16.50935,16.365067,15.378981,15.302651,4.0,0.0,0.0,0.0,0.0,0.0,0.0,0.0
49557,2023.0,12.0,11.0,3.0,16.634615,16.701286,15.944825,15.919589,16.334198,16.223232,16.13434,16.04138,15.003339,14.986767,15.003697,14.927861,17.328535,17.149233,16.465775,16.321817,15.743768,16.155056,0.0,0.0,0.0,0.0,0.0,0.0,0.0,4.0
49558,2023.0,12.0,11.0,3.0,16.60157,16.67225,15.727089,15.627132,16.288359,16.175898,16.088272,15.993417,15.00865,15.007508,15.005392,14.947891,17.29249,17.11237,16.422638,16.277786,15.988428,16.444717,0.0,0.0,0.0,0.0,0.0,0.0,0.0,4.0
49559,2023.0,12.0,11.0,3.0,16.56537,16.638159,15.672499,15.577743,16.24994,16.141838,16.050055,15.959156,15.473575,15.881451,15.218874,15.353469,17.26036,17.082415,16.384228,16.241718,15.308566,15.102975,0.0,0.0,0.0,4.0,4.0,0.0,0.0,0.0
49560,2023.0,12.0,11.0,4.0,16.530746,16.602798,15.631021,15.53472,16.213058,16.105484,16.013458,15.922692,14.977931,14.945313,14.985395,14.911027,17.229855,17.051805,16.348724,16.20624,15.087141,14.844335,0.0,0.0,0.0,0.0,0.0,0.0,0.0,0.0
49561,2023.0,12.0,11.0,4.0,16.491295,16.560904,15.585875,15.485849,16.170166,16.06014,15.970532,15.877089,15.020991,15.056641,15.008494,14.992108,17.195326,17.015844,16.308887,16.164959,15.00159,14.779916,0.0,0.0,0.0,0.0,0.0,0.0,0.0,0.0
49562,2023.0,12.0,11.0,4.0,16.454002,16.522697,15.54558,15.444808,16.130083,16.019922,15.93013,15.8364525,15.009501,15.016226,15.008042,14.985647,17.162071,16.982315,16.27072,16.12659,15.036108,14.925973,0.0,0.0,0.0,0.0,0.0,0.0,0.0,0.0
49563,2023.0,12.0,11.0,4.0,16.417307,16.48497,15.507079,15.405565,16.090933,15.980592,15.890529,15.796623,15.010134,15.03353,15.009096,14.997858,17.129175,16.949139,16.233393,16.089046,15.005715,14.89423,0.0,0.0,0.0,0.0,0.0,0.0,0.0,0.0
49564,2023.0,12.0,11.0,4.0,16.381708,16.448654,15.47165,15.370893,16.05395,15.944635,15.85307,15.760166,15.005556,15.031085,15.193674,15.345069,17.097164,16.917347,16.197329,16.053188,15.00522,14.931235,0.0,0.0,0.0,0.0,4.0,0.0,0.0,0.0
49565,2023.0,12.0,11.0,4.0,16.347538,16.414686,15.437554,15.337213,16.017794,15.909511,15.816585,15.724617,15.4453745,15.860207,14.973683,14.92583,17.06575,16.886477,16.162287,16.01873,15.003766,14.953626,0.0,0.0,0.0,4.0,0.0,0.0,0.0,0.0
49566,2023.0,12.0,11.0,5.0,16.313513,16.379538,15.403076,15.301739,15.981,15.87237,15.779459,15.687056,14.977928,14.936239,15.013071,15.013785,17.033718,16.85409,16.127022,15.983177,15.00513,14.975894,0.0,0.0,0.0,0.0,0.0,0.0,0.0,0.0
49567,2023.0,12.0,11.0,5.0,16.281116,16.347118,15.370506,15.269227,15.945904,15.837882,15.744063,15.652155,15.433599,15.840945,15.005357,15.00899,17.003113,16.8243,16.093306,15.950074,15.005161,14.991853,0.0,0.0,0.0,4.0,0.0,0.0,0.0,0.0
49568,2023.0,12.0,11.0,5.0,16.249968,16.31582,15.339263,15.23822,15.911835,15.804545,15.709761,15.618462,14.949969,14.853552,15.1589,15.299122,16.973234,16.79532,16.060478,15.917924,15.005528,15.005928,0.0,0.0,0.0,0.0,4.0,0.0,0.0,0.0
49569,2023.0,12.0,11.0,5.0,16.218287,16.283188,15.307933,15.205883,15.877354,15.769642,15.675222,15.583296,15.02969,15.042414,14.962739,14.928542,16.942923,16.76514,16.02758,15.8850155,15.006205,15.018649,0.0,0.0,0.0,0.0,0.0,0.0,0.0,0.0
49570,2023.0,12.0,11.0,5.0,16.186724,16.250458,15.279936,15.179763,16.597174,17.150402,15.6441145,15.554357,15.002218,15.013982,15.017505,15.046905,16.914755,16.73896,15.997073,15.856315,15.005965,15.028331,0.0,4.0,0.0,0.0,0.0,0.0,0.0,0.0
49571,2023.0,12.0,11.0,5.0,16.1522,16.21341,15.25081,15.150703,16.2185,16.22031,15.611913,15.5224285,15.007965,15.04252,15.005631,15.032652,16.886112,16.711086,15.966555,15.826343,15.006205,15.038002,0.0,0.0,0.0,0.0,0.0,0.0,0.0,0.0
49572,2023.0,12.0,11.0,6.0,16.121092,16.182026,15.2223835,15.122826,15.737322,15.450917,15.580489,15.491742,15.007474,15.054643,15.133358,15.271986,17.643682,18.169847,15.936593,15.797347,15.579453,16.119957,0.0,0.0,0.0,0.0,4.0,4.0,0.0,4.0
49573,2023.0,12.0,11.0,6.0,20.8295,24.333544,15.195186,15.096338,20.384138,23.635214,20.63087,24.311857,15.008154,15.065943,19.615915,22.83206,20.71398,23.348862,21.181711,24.657213,20.138409,23.856995,0.0,0.0,0.0,0.0,0.0,0.0,0.0,0.0
49574,2023.0,12.0,11.0,6.0,21.032862,24.174168,15.170911,15.071103,21.084734,24.346104,21.04313,24.436377,15.007162,15.069198,17.354305,17.875866,21.14592,23.693441,22.057098,25.75395,17.033268,17.16778,0.0,0.0,0.0,0.0,0.0,0.0,0.0,0.0
49575,2023.0,12.0,11.0,6.0,21.084192,23.914274,15.146404,15.045033,21.078796,23.924532,21.090076,24.095066,15.007227,15.071399,16.056393,16.218464,21.063461,23.223938,22.97519,26.923376,15.482232,15.181681,0.0,0.0,0.0,0.0,4.0,0.0,0.0,0.0
49576,2023.0,12.0,11.0,6.0,21.079323,23.658148,15.124516,15.023826,21.083208,23.65555,21.086824,23.796007,15.743507,16.145058,20.234528,23.536083,21.039978,22.962078,20.87875,22.806778,16.191847,16.790255,0.0,0.0,0.0,0.0,4.0,4.0,0.0,4.0
49577,2023.0,12.0,11.0,6.0,21.05328,23.41588,15.10402,15.001952,21.080864,23.458324,21.085075,23.588873,15.415486,15.321605,20.021852,22.696758,21.085926,22.903383,21.104315,23.164371,20.722261,24.461994,0.0,0.0,0.0,0.0,0.0,0.0,0.0,0.0
49578,2023.0,12.0,11.0,7.0,21.080976,23.370407,15.085315,14.981671,21.078583,23.313662,21.082108,23.433756,15.047171,14.932491,18.051579,18.596115,21.048231,22.68134,21.069586,23.016373,17.479239,17.569548,0.0,0.0,0.0,0.0,4.0,4.0,0.0,0.0
49579,2023.0,12.0,11.0,7.0,21.065804,23.19311,15.545597,15.855619,21.076836,23.20459,21.05725,23.253515,15.695233,16.249441,20.307283,23.031061,21.051859,22.598337,21.072247,22.955402,17.046505,17.761257,4.0,0.0,4.0,4.0,0.0,4.0,0.0,4.0
49580,2023.0,12.0,11.0,7.0,21.761429,24.112587,20.169136,23.719275,21.534826,23.782516,21.676598,24.100138,20.319155,24.10075,18.330538,18.866554,21.663588,23.490305,21.943851,24.18524,20.363394,23.454668,0.0,4.0,0.0,0.0,4.0,0.0,0.0,0.0
49581,2023.0,12.0,11.0,7.0,20.90237,22.555008,17.943975,18.72811,20.930193,22.621378,20.918522,22.671566,17.10599,17.208971,20.28377,22.767029,20.945704,22.142426,20.90802,22.314072,17.452475,17.401274,4.0,4.0,0.0,0.0,0.0,4.0,4.0,0.0
49582,2023.0,12.0,11.0,7.0,21.182438,23.105469,20.310099,23.393745,21.185482,23.088316,21.1823,23.145603,15.53107,15.210009,17.859344,17.794477,21.143175,22.526222,21.227375,22.972708,16.097202,15.738425,4.0,4.0,4.0,0.0,0.0,4.0,0.0,0.0
49583,2023.0,12.0,11.0,7.0,21.974817,24.543278,20.034801,22.468037,21.064705,22.809301,21.092838,22.953571,16.24573,16.842293,16.708746,16.48746,21.610298,23.281828,21.075306,22.654202,17.00008,17.765882,4.0,4.0,0.0,4.0,0.0,4.0,0.0,4.0
49584,2023.0,12.0,11.0,8.0,20.943369,22.483591,20.088026,22.313507,21.067287,22.781214,21.065826,22.847363,20.310902,23.700256,16.857227,17.012478,20.961454,22.041418,21.041695,22.542942,20.358137,23.387667,4.0,4.0,4.0,0.0,4.0,0.0,4.0,4.0
49585,2023.0,12.0,11.0,8.0,19.60999,19.978548,20.148859,22.265373,19.486555,19.721622,19.38306,19.595066,17.308187,17.344566,20.365248,23.113346,19.958546,20.13074,19.85894,20.264282,21.40526,24.773916,0.0,4.0,4.0,0.0,4.0,4.0,4.0,0.0
49586,2023.0,12.0,11.0,8.0,18.96071,19.263994,17.898802,17.80439,18.678093,18.76002,18.564749,18.663136,15.807295,15.455568,20.049114,22.211868,19.519073,19.65773,18.458221,18.063158,18.775831,19.249914,0.0,4.0,4.0,0.0,0.0,4.0,0.0,4.0
49587,2023.0,12.0,11.0,8.0,18.710466,19.016668,17.365124,17.573526,18.405693,18.484428,18.295498,18.396725,16.426392,16.926373,17.765697,17.614922,18.686153,18.254265,18.80289,19.215694,20.32095,22.69675,4.0,4.0,4.0,4.0,0.0,0.0,4.0,0.0
49588,2023.0,12.0,11.0,8.0,18.518496,18.82995,20.255344,22.79671,18.212511,18.298437,18.0931,18.201288,20.354921,23.45514,16.755033,16.524866,18.912563,19.056461,18.90797,19.333725,17.83928,17.701416,0.0,4.0,4.0,0.0,0.0,4.0,4.0,0.0
49589,2023.0,12.0,11.0,8.0,17.706343,17.448416,18.25025,18.60962,18.05418,18.146467,17.291883,16.857681,17.425335,17.438074,16.513672,16.304892,18.97043,19.13382,17.873672,17.487757,16.614237,16.21709,0.0,4.0,0.0,0.0,0.0,4.0,0.0,0.0
49590,2023.0,12.0,11.0,9.0,17.318377,16.957241,17.236996,17.078835,17.287958,16.810524,16.88866,16.344858,16.292294,15.839273,16.331852,16.123856,18.208412,17.759268,17.42061,16.947283,16.497906,16.296652,0.0,0.0,0.0,0.0,0.0,0.0,0.0,0.0
49591,2023.0,12.0,11.0,9.0,17.118229,16.764818,16.912159,16.71515,16.925745,16.367912,16.678783,16.143953,16.205523,15.997335,16.589235,16.760777,17.844097,17.311462,17.1922,16.730078,16.35319,16.184801,0.0,0.0,0.0,0.0,4.0,0.0,0.0,0.0
49592,2023.0,12.0,11.0,9.0,16.965818,16.632551,16.706566,16.52325,17.427078,17.477825,16.78882,16.545925,16.060629,15.89134,20.255259,23.074297,17.674614,17.161428,17.021235,16.58352,16.19797,16.046352,0.0,4.0,0.0,0.0,0.0,0.0,0.0,0.0
49593,2023.0,12.0,11.0,9.0,17.074965,17.025017,16.959778,17.177326,16.942886,16.531385,16.771387,16.594067,15.877314,15.722911,18.038157,18.386602,17.518143,17.023428,17.07133,16.871141,16.030445,15.890138,4.0,0.0,0.0,0.0,0.0,0.0,0.0,0.0
49594,2023.0,12.0,11.0,9.0,17.062685,17.062233,20.25786,23.047491,16.627083,16.12505,16.682047,16.515001,16.518219,17.056057,16.95838,16.759745,17.653713,17.423265,17.035896,16.875618,15.906923,15.772113,4.0,0.0,0.0,4.0,0.0,0.0,0.0,0.0
49595,2023.0,12.0,11.0,9.0,17.746326,18.43257,20.052002,22.2672,16.459084,15.972347,16.578287,16.420345,20.336327,23.598543,16.613823,16.410076,17.656712,17.461323,17.937532,18.660662,15.775989,15.644,0.0,0.0,0.0,0.0,0.0,0.0,4.0,0.0
49596,2023.0,12.0,11.0,10.0,17.349152,17.512375,17.875383,17.857433,17.297287,17.706533,16.480915,16.330206,17.445625,17.494364,16.766796,16.908995,17.58307,17.394161,17.126629,16.828806,15.658489,15.529676,0.0,4.0,0.0,0.0,4.0,0.0,0.0,0.0
49597,2023.0,12.0,11.0,10.0,16.811672,16.596409,17.290522,17.159943,16.973427,16.991894,16.405403,16.260912,16.354912,15.94659,20.299465,23.089096,17.522207,17.336433,16.755123,16.36978,15.573032,15.445676,4.0,0.0,0.0,0.0,0.0,0.0,0.0,0.0
49598,2023.0,12.0,11.0,10.0,16.561773,16.312744,20.252108,22.58065,17.046673,17.256176,17.050024,17.545008,16.20409,16.011492,18.389826,18.948051,17.459496,17.278444,16.596272,16.224216,15.486501,15.363943,4.0,4.0,4.0,0.0,4.0,0.0,0.0,0.0
49599,2023.0,12.0,11.0,10.0,16.683018,16.680986,20.04831,21.956963,16.494785,16.1778,16.694603,16.714083,16.068506,15.913627,20.296434,22.76968,17.402771,17.225647,16.475046,16.115452,15.409564,15.290294,0.0,0.0,0.0,0.0,0.0,0.0,0.0,0.0
49600,2023.0,12.0,11.0,10.0,16.710316,16.756388,18.07409,18.028124,16.842945,17.032997,16.119469,15.789322,15.908915,15.767231,17.957083,17.918823,17.353128,17.180252,16.56296,16.401411,15.342632,15.226914,0.0,4.0,0.0,0.0,0.0,0.0,0.0,0.0
49601,2023.0,12.0,11.0,10.0,16.665192,16.71972,17.416948,17.225021,16.334454,16.022976,16.64742,16.895155,15.791623,15.654248,16.921162,16.424194,17.31409,17.143957,16.558231,16.417175,15.291621,15.1775255,0.0,0.0,4.0,0.0,0.0,0.0,0.0,0.0
49602,2023.0,12.0,11.0,11.0,16.616552,16.677656,17.204082,17.046848,16.095686,15.708631,16.17587,15.948364,15.690676,15.562009,16.859869,16.611849,18.052927,18.57629,16.513649,16.37679,15.246528,15.136073,0.0,0.0,0.0,0.0,0.0,4.0,0.0,0.0
49603,2023.0,12.0,11.0,11.0,16.570295,16.636953,17.00273,16.853287,16.708294,16.943384,15.906068,15.557604,15.602893,15.481143,16.750092,16.558685,17.303373,16.987953,16.470242,16.336903,15.20629,15.099042,0.0,4.0,0.0,0.0,0.0,0.0,0.0,0.0
49604,2023.0,12.0,11.0,11.0,16.525465,16.596779,16.831858,16.68611,16.24057,15.99345,15.797761,15.447114,15.523792,15.407133,16.59819,16.419508,17.051382,16.660063,16.428165,16.297785,15.169107,15.064549,0.0,0.0,0.0,0.0,0.0,0.0,0.0,0.0
49605,2023.0,12.0,11.0,11.0,16.48354,16.560007,16.686766,16.548565,15.996436,15.648511,15.9247,15.787527,15.454751,15.343736,16.461842,16.293966,17.792303,18.133455,16.389338,16.262438,15.135586,15.034182,0.0,0.0,0.0,0.0,0.0,4.0,0.0,0.0
49606,2023.0,12.0,11.0,11.0,17.223139,17.989582,16.559404,16.4289,16.845617,17.350218,15.941821,15.848519,15.393246,15.287379,16.340479,16.182245,17.22258,16.917143,16.352762,16.229359,16.02503,16.73632,0.0,4.0,0.0,0.0,0.0,0.0,0.0,4.0
49607,2023.0,12.0,11.0,11.0,17.427135,18.215916,16.903324,17.176548,16.894674,17.26802,15.908318,15.822897,15.338406,15.236985,16.231771,16.081673,17.006134,16.634903,16.31833,16.198196,20.056286,23.578766,4.0,4.0,0.0,0.0,0.0,0.0,0.0,0.0
49608,2023.0,12.0,11.0,12.0,16.623718,16.621187,20.229046,23.043427,16.24662,16.074059,15.869537,15.7892065,15.282475,15.183681,16.11664,15.972469,16.935188,16.572546,16.282963,16.166317,17.75889,18.463303,0.0,0.0,0.0,0.0,0.0,0.0,0.0,4.0
49609,2023.0,12.0,11.0,12.0,21.188128,24.834528,18.481915,19.195482,21.095358,24.712164,21.149681,25.099976,15.2306595,15.132322,16.014278,15.875128,21.523773,24.533688,22.02478,25.906816,20.371954,23.558783,4.0,0.0,0.0,0.0,0.0,0.0,0.0,0.0
49610,2023.0,12.0,11.0,12.0,21.053185,24.025352,20.287098,22.791735,21.047892,24.03134,21.042887,24.269682,15.185958,15.088201,15.923169,15.785295,21.695469,24.50939,22.137957,25.558186,18.158247,18.779762,0.0,0.0,0.0,0.0,0.0,0.0,0.0,4.0
49611,2023.0,12.0,11.0,12.0,21.101044,23.769817,18.04649,18.14533,21.087854,23.763735,21.094967,23.977297,15.151185,15.054958,15.849544,15.716238,22.079838,24.798454,20.890137,23.014227,20.347393,23.152111,0.0,0.0,0.0,0.0,0.0,0.0,0.0,0.0
49612,2023.0,12.0,11.0,12.0,21.048502,23.446913,17.164143,17.196924,21.077908,23.511581,21.082039,23.68838,15.123178,15.028317,15.786098,15.656449,20.943407,22.524256,21.097986,23.26139,17.71907,17.725357,4.0,0.0,0.0,0.0,0.0,0.0,0.0,0.0
49613,2023.0,12.0,11.0,12.0,21.146708,23.47573,20.26859,22.80644,21.142294,23.459385,21.143679,23.62787,15.099484,15.005823,15.727175,15.59897,21.135656,22.81925,21.16734,23.271442,16.462868,16.151653,4.0,4.0,0.0,0.0,0.0,0.0,0.0,0.0
49614,2023.0,12.0,11.0,13.0,21.08846,23.259726,20.031116,22.056541,21.053043,23.167944,21.0759,23.360065,15.079147,14.986363,15.674927,15.548091,21.052855,22.578049,21.065731,22.96827,16.307846,16.167622,0.0,4.0,0.0,0.0,0.0,0.0,0.0,0.0
49615,2023.0,12.0,11.0,13.0,21.084496,23.157042,18.360598,18.645609,21.095024,23.151815,21.07769,23.263618,15.062712,14.971589,15.634269,15.512145,21.055918,22.52214,21.067642,22.892836,16.18579,16.059155,4.0,0.0,0.0,0.0,0.0,0.0,0.0,0.0
49616,2023.0,12.0,11.0,13.0,21.155392,23.20674,20.246138,22.468397,21.062082,22.975365,21.076141,23.185139,15.046975,14.956681,15.594625,15.473938,21.129993,22.620884,21.066177,22.828712,16.047403,15.92655,4.0,4.0,0.0,0.0,0.0,0.0,0.0,0.0
49617,2023.0,12.0,11.0,13.0,21.059982,22.96126,20.033743,21.860756,21.063742,22.912264,21.072098,23.118536,15.032407,14.942558,15.557678,15.437628,21.051939,22.421944,21.02263,22.666908,15.927593,15.808744,0.0,4.0,0.0,0.0,0.0,0.0,4.0,0.0
49618,2023.0,12.0,11.0,13.0,21.061298,22.926552,18.152245,18.135443,21.064466,22.86131,21.074194,23.074429,15.020466,14.932008,15.529043,15.412924,21.05362,22.392578,21.08611,22.762066,15.833639,15.723528,0.0,4.0,0.0,0.0,0.0,0.0,0.0,0.0
49619,2023.0,12.0,11.0,13.0,21.161114,23.109726,17.264734,17.137735,21.166412,23.037912,21.149712,23.17634,15.007784,14.919582,15.497302,15.38071,21.056128,22.339323,21.1527,22.830227,15.746646,15.6377945,0.0,0.0,0.0,0.0,0.0,4.0,0.0,0.0
49620,2023.0,12.0,11.0,14.0,21.15574,23.027739,17.02344,16.899837,21.121046,22.844849,21.14552,23.109198,14.999944,14.91622,15.4682455,15.353177,21.130564,22.466768,21.14798,22.754124,15.67651,15.572066,0.0,4.0,0.0,0.0,0.0,0.0,0.0,0.0
49621,2023.0,12.0,11.0,14.0,19.195978,19.238596,17.29265,17.584175,19.15813,19.098133,19.316051,19.568678,15.001377,14.92784,15.442043,15.330817,19.477057,19.228983,19.480898,19.535494,15.619128,15.522781,4.0,0.0,0.0,0.0,0.0,0.0,0.0,0.0
49622,2023.0,12.0,11.0,14.0,19.103334,19.780884,20.305153,22.869822,18.01693,17.63446,18.21786,18.160458,15.001489,14.936572,15.412291,15.300851,18.658998,18.217869,19.589012,20.329935,15.561493,15.467984,0.0,0.0,0.0,0.0,0.0,0.0,4.0,0.0
49623,2023.0,12.0,11.0,14.0,18.276638,18.207827,18.366982,18.782331,17.592579,17.173927,18.482254,18.972982,15.00166,14.944808,15.386428,15.2757635,18.594036,18.37224,18.545221,18.286963,15.507428,15.416248,0.0,0.0,4.0,0.0,0.0,0.0,0.0,0.0
49624,2023.0,12.0,11.0,14.0,17.660456,17.453688,17.159252,17.13135,18.2644,18.705872,17.944153,17.976694,15.002011,14.953547,15.360397,15.250198,18.502193,18.319307,17.877419,17.505943,15.4568,15.367213,0.0,4.0,0.0,0.0,0.0,0.0,0.0,0.0
49625,2023.0,12.0,11.0,14.0,17.382786,17.164284,17.309351,17.636246,18.202742,18.463545,17.213186,16.87441,15.002536,14.963079,15.332782,15.222594,18.359957,18.183886,17.58859,17.212976,15.408624,15.320048,4.0,4.0,0.0,0.0,0.0,0.0,0.0,0.0
49626,2023.0,12.0,11.0,15.0,18.178108,18.864975,20.246195,22.77103,17.41395,17.122839,17.559471,17.781473,15.002975,14.971872,15.305345,15.19594,18.234816,18.067774,17.387802,17.028103,16.338486,17.115297,0.0,0.0,4.0,0.0,0.0,0.0,0.0,4.0
49627,2023.0,12.0,11.0,15.0,17.579151,17.54419,18.357119,18.775003,16.981714,16.593676,17.68818,17.98604,15.002924,14.97868,15.279262,15.168867,18.120039,17.956898,17.393036,17.22072,20.36558,23.867708,0.0,0.0,4.0,0.0,0.0,0.0,0.0,0.0
49628,2023.0,12.0,11.0,15.0,17.081383,16.910933,17.171778,17.167387,16.78393,16.39003,17.630276,17.929157,15.003652,14.987029,15.251995,15.140534,18.016739,17.856789,17.335768,17.192432,17.390026,17.520216,0.0,0.0,4.0,0.0,0.0,0.0,0.0,0.0
49629,2023.0,12.0,11.0,15.0,16.887844,16.699404,17.289036,17.602142,17.581245,18.049536,16.936804,16.687498,15.003787,14.994774,15.222318,15.109367,18.73676,19.309772,17.2293,17.092024,16.875797,17.38381,4.0,4.0,0.0,0.0,0.0,4.0,0.0,4.0
49630,2023.0,12.0,11.0,15.0,16.96687,16.98972,20.275017,22.833895,17.06701,16.885788,16.535315,16.182991,15.004286,15.003376,15.1906395,15.076123,17.99428,17.689445,17.127546,16.994871,20.333248,23.371723,0.0,0.0,0.0,0.0,0.0,0.0,0.0,0.0
49631,2023.0,12.0,11.0,15.0,17.729694,18.462902,18.340652,18.697351,17.251404,17.473595,16.354675,15.988698,15.004617,15.011473,15.160626,15.045021,17.558283,17.158783,17.032215,16.903183,17.61203,17.66938,4.0,4.0,0.0,0.0,0.0,0.0,0.0,0.0
49632,2023.0,12.0,11.0,16.0,17.726547,18.225245,20.298012,22.618607,16.759634,16.481327,16.438078,16.285378,15.004841,15.019133,15.128712,15.011347,17.417334,17.011415,16.944683,16.818909,16.302795,16.021008,0.0,0.0,0.0,0.0,0.0,0.0,0.0,0.0
49633,2023.0,12.0,11.0,16.0,16.992224,16.907543,18.165508,18.217474,17.08238,17.292307,16.446276,16.33836,15.005018,15.025951,15.099326,14.981375,18.3538,18.905684,16.861385,16.73419,16.128532,15.987838,0.0,4.0,0.0,0.0,0.0,4.0,0.0,0.0
49634,2023.0,12.0,11.0,16.0,17.365484,17.826874,17.14944,17.041208,17.282986,17.565628,17.121792,17.669031,15.622366,16.187027,15.068417,14.949395,18.42678,18.744087,16.782984,16.65415,16.010733,15.892164,0.0,4.0,4.0,4.0,0.0,4.0,0.0,0.0
49635,2023.0,12.0,11.0,16.0,17.478088,17.95883,17.40673,17.682392,17.287323,17.570131,17.06196,17.401018,20.047083,23.694382,15.039835,14.919996,17.670416,17.323221,16.720366,16.59115,15.900203,15.787431,4.0,4.0,4.0,0.0,0.0,0.0,0.0,0.0
49636,2023.0,12.0,11.0,16.0,17.503962,17.983854,20.29924,22.748075,17.278801,17.559492,16.377228,16.16056,17.13144,17.350592,15.007578,14.886477,17.327782,16.922884,17.669744,18.434135,15.780986,15.674068,4.0,4.0,0.0,0.0,0.0,0.0,4.0,0.0
49637,2023.0,12.0,11.0,16.0,16.865114,16.77708,20.044758,21.985743,17.266512,17.544706,16.701813,16.960232,15.545171,15.284199,15.002302,14.899461,17.205225,16.797516,16.903622,16.650904,15.671686,15.567522,0.0,4.0,4.0,0.0,0.0,0.0,0.0,0.0
49638,2023.0,12.0,11.0,17.0,16.514288,16.3295,18.051584,17.98944,16.632126,16.374584,16.272182,16.046497,15.3927765,15.265587,15.002241,14.912768,17.899946,18.197046,16.461563,16.137125,15.573162,15.4667225,0.0,0.0,0.0,0.0,0.0,4.0,0.0,0.0
49639,2023.0,12.0,11.0,17.0,17.120974,17.57013,16.881628,16.44877,16.238802,15.847332,15.905573,15.548256,15.313733,15.205861,15.0030775,14.926533,18.134531,18.432665,16.319317,15.981568,16.40328,17.105515,0.0,0.0,0.0,0.0,0.0,4.0,0.0,4.0
49640,2023.0,12.0,11.0,17.0,17.322182,17.782682,16.795858,16.596663,16.76832,16.95327,15.762607,15.382611,15.207517,15.096769,15.003711,14.93967,17.416748,17.051376,16.216518,15.874855,20.303247,23.664421,0.0,4.0,0.0,0.0,0.0,0.0,0.0,0.0
49641,2023.0,12.0,11.0,17.0,17.331188,17.776033,17.17946,17.431782,16.99309,17.246948,16.634954,17.122204,15.109843,14.996091,15.004317,14.952105,17.867434,18.142849,16.32213,16.172909,17.348064,17.3913,4.0,4.0,4.0,0.0,0.0,4.0,0.0,0.0
49642,2023.0,12.0,11.0,17.0,17.332525,17.765017,20.297657,22.859886,16.375753,16.082666,16.136465,15.911814,15.022952,14.905442,15.004963,14.963364,17.326044,16.944347,16.334852,16.192492,15.969125,15.664242,4.0,0.0,0.0,0.0,0.0,0.0,0.0,0.0
49643,2023.0,12.0,11.0,17.0,16.67468,16.531446,20.044714,22.055841,16.692099,16.870676,16.385586,16.606693,15.005039,14.933309,15.004922,14.970533,16.986109,16.54466,16.288733,16.144474,16.8156,17.542448,0.0,4.0,4.0,0.0,0.0,0.0,0.0,4.0
49644,2023.0,12.0,11.0,18.0,17.04443,17.440157,17.945807,17.826082,16.245913,15.931975,15.945551,15.661534,15.006496,14.9722185,15.0051,14.976804,16.86797,16.41959,16.240444,16.093834,20.324226,23.459055,0.0,0.0,0.0,0.0,0.0,0.0,0.0,0.0
49645,2023.0,12.0,11.0,18.0,21.230677,24.594439,17.514727,17.732672,21.263916,24.89064,21.223476,25.056944,15.007069,15.000405,15.256292,15.4484,21.962915,25.174202,21.983309,25.845953,17.425045,17.384192,4.0,4.0,4.0,0.0,4.0,4.0,0.0,0.0
49646,2023.0,12.0,11.0,18.0,21.185373,24.046495,20.46508,22.98732,21.145458,24.098139,21.184025,24.33004,15.698622,16.00441,20.296509,23.769339,20.98027,23.170225,21.76993,25.12297,16.045357,15.653051,0.0,4.0,4.0,0.0,0.0,0.0,0.0,0.0
49647,2023.0,12.0,11.0,18.0,21.083015,23.532825,18.416702,18.719568,21.089968,23.610573,21.119984,23.867561,15.215035,15.1181965,17.846611,18.588816,21.070574,23.0553,22.290716,25.510532,15.949488,15.786432,0.0,4.0,0.0,0.0,4.0,4.0,4.0,0.0
49648,2023.0,12.0,11.0,18.0,21.09537,23.375143,17.259077,17.151548,21.076996,23.339987,21.077242,23.491104,15.371792,15.245078,20.275564,23.387905,21.056973,22.833656,21.003294,23.050238,16.912565,17.706068,0.0,4.0,4.0,0.0,0.0,4.0,4.0,4.0
49649,2023.0,12.0,11.0,18.0,21.064575,23.146711,16.927393,16.755579,21.075977,23.165634,21.104635,23.374992,15.059761,14.925763,17.849308,18.224314,21.084194,22.763832,21.060837,23.01511,20.361553,23.50573,0.0,4.0,0.0,0.0,0.0,0.0,4.0,0.0
49650,2023.0,12.0,11.0,19.0,21.068762,23.049623,16.729502,16.545723,21.073917,23.035635,21.09692,23.216923,15.005698,14.92216,16.386993,16.247757,21.077486,22.63701,21.596325,23.651756,17.412428,17.321304,0.0,4.0,0.0,0.0,0.0,0.0,0.0,0.0
49651,2023.0,12.0,11.0,19.0,21.09195,23.03795,16.571367,16.384214,21.09616,23.003979,21.095846,23.107214,15.007567,14.96813,16.029922,15.855874,21.076378,22.548395,20.902328,22.393452,16.070658,15.671804,0.0,0.0,0.0,0.0,0.0,0.0,0.0,0.0
49652,2023.0,12.0,11.0,19.0,21.059795,22.88863,16.899168,17.112152,21.06552,22.845053,21.07308,23.02268,15.007692,14.999399,15.814353,15.642015,21.05676,22.479963,21.107122,22.771326,17.025328,17.785496,4.0,4.0,0.0,0.0,0.0,0.0,0.0,4.0
49653,2023.0,12.0,11.0,19.0,21.064407,22.850311,20.296421,22.993654,21.094158,22.86299,21.050741,22.923002,15.00811,15.023047,16.018618,16.172026,21.05813,22.455816,21.079803,22.683977,20.324873,23.296373,4.0,0.0,4.0,0.0,4.0,0.0,0.0,0.0
49654,2023.0,12.0,11.0,19.0,21.164984,23.03322,20.089144,22.214514,21.157145,22.918612,21.18374,23.162325,15.957854,15.427173,20.43297,23.560884,21.131058,22.578238,21.194704,22.91716,17.447739,17.29139,4.0,4.0,4.0,0.0,0.0,0.0,0.0,0.0
49655,2023.0,12.0,11.0,19.0,21.082829,22.828485,20.095213,21.994946,21.091974,22.766771,21.098246,22.93945,14.992516,14.983089,17.816454,18.183786,21.056776,22.406961,21.027256,22.547485,16.124306,15.691462,0.0,0.0,0.0,0.0,0.0,0.0,4.0,0.0
49656,2023.0,12.0,11.0,20.0,21.05677,22.72464,18.311947,18.379307,21.085812,22.718445,21.065811,22.801447,15.010814,15.038451,16.318857,16.168777,21.05638,22.388218,21.090826,22.668516,16.069,15.897157,4.0,0.0,4.0,0.0,0.0,0.0,0.0,0.0
49657,2023.0,12.0,11.0,20.0,21.169172,22.928179,20.250488,22.319891,21.160572,22.817263,21.163761,22.959143,15.008348,15.049777,15.978874,15.787035,21.132143,22.52363,21.2127,22.853737,16.932438,17.613775,4.0,4.0,4.0,0.0,0.0,0.0,4.0,4.0
49658,2023.0,12.0,11.0,20.0,21.060263,22.69034,20.036736,21.696465,21.0652,22.602383,21.093924,22.805433,15.0091,15.063564,15.774174,15.579457,21.026262,22.277416,21.087608,22.605227,20.36544,23.372751,4.0,4.0,0.0,0.0,0.0,4.0,0.0,4.0
49659,2023.0,12.0,11.0,20.0,21.086735,22.746992,20.08996,21.69092,21.06394,22.583042,21.087084,22.75999,15.009304,15.073178,15.61108,15.413472,21.079945,22.359785,21.037859,22.456457,20.03993,22.400213,0.0,4.0,0.0,0.0,0.0,0.0,4.0,0.0
49660,2023.0,12.0,11.0,20.0,21.054476,22.642763,18.460257,18.457184,21.089018,22.63593,21.0882,22.732382,15.009308,15.080651,15.483041,15.293021,21.041906,22.227697,21.08735,22.567327,17.511229,17.275705,4.0,0.0,0.0,0.0,0.0,4.0,0.0,0.0
49661,2023.0,12.0,11.0,20.0,21.059973,22.63995,20.243402,22.11848,21.058767,22.534767,21.065866,22.70662,15.009663,15.087715,15.75316,15.901867,21.076685,22.292252,21.078463,22.528694,16.312284,15.838611,4.0,4.0,0.0,0.0,4.0,0.0,0.0,0.0
49662,2023.0,12.0,11.0,21.0,21.055922,22.620136,20.036009,21.554531,21.060875,22.524313,21.040476,22.644527,15.753754,16.184635,20.408415,23.644756,21.069075,22.25012,21.075666,22.50245,15.965372,15.489765,4.0,4.0,4.0,0.0,0.0,0.0,0.0,0.0
49663,2023.0,12.0,11.0,21.0,21.059114,22.616644,20.070946,21.527378,21.063353,22.518261,21.048584,22.67006,15.222702,15.120458,17.741661,18.121508,21.041477,22.15437,21.078777,22.4914,16.016937,15.831742,4.0,4.0,4.0,0.0,0.0,4.0,0.0,0.0
49664,2023.0,12.0,11.0,21.0,21.085554,22.675806,20.082739,21.497694,21.062475,22.50371,21.095362,22.740498,15.020909,15.008506,16.174417,15.99307,21.076214,22.229824,21.018816,22.365114,15.949776,15.772883,0.0,4.0,0.0,0.0,0.0,0.0,4.0,0.0
49665,2023.0,12.0,11.0,21.0,21.079517,22.64525,18.22337,17.887434,21.087803,22.560574,21.086723,22.688496,15.008897,15.022838,15.854695,15.652082,21.070047,22.199476,21.088652,22.51287,15.821143,15.649315,0.0,0.0,0.0,0.0,0.0,0.0,0.0,0.0
49666,2023.0,12.0,11.0,21.0,21.156866,22.774248,17.483088,17.208658,21.162085,22.681417,21.171505,22.819986,15.0165615,15.068582,15.655158,15.435705,21.138771,22.314322,21.155281,22.616272,15.696775,15.5199,0.0,0.0,0.0,0.0,0.0,0.0,0.0,0.0
49667,2023.0,12.0,11.0,21.0,21.019917,22.506433,17.747015,17.911612,21.045078,22.41056,21.051012,22.601044,15.563625,16.10575,15.509786,15.298761,21.041332,22.143465,21.06629,22.420647,15.593889,15.4180155,4.0,4.0,0.0,4.0,0.0,0.0,0.0,0.0
49668,2023.0,12.0,11.0,22.0,21.089277,22.64382,20.237823,22.374586,21.063866,22.440603,21.06868,22.64982,20.446205,24.182066,15.373916,15.162492,21.0537,22.184425,21.021608,22.32778,16.454214,17.12464,4.0,4.0,0.0,4.0,0.0,0.0,4.0,4.0
49669,2023.0,12.0,11.0,22.0,21.051725,22.526632,20.058716,21.773512,21.061749,22.429987,21.066544,22.65168,20.051283,23.0707,15.557733,15.612313,21.052565,22.191303,21.048527,22.366568,20.357481,23.660677,0.0,4.0,0.0,0.0,4.0,0.0,4.0,0.0
49670,2023.0,12.0,11.0,22.0,21.054146,22.517246,18.312803,18.245703,21.05865,22.416668,21.160788,22.840445,16.996252,16.803896,20.388582,23.654778,21.019695,22.11212,21.186352,22.660854,17.21703,17.028315,4.0,4.0,0.0,0.0,4.0,4.0,0.0,0.0
49671,2023.0,12.0,11.0,22.0,21.169516,22.757986,20.253275,22.19999,21.170404,22.652996,21.167416,22.848522,16.15343,16.182081,20.013433,22.688011,21.136177,22.334553,21.188063,22.645632,15.809292,15.334024,0.0,0.0,0.0,4.0,0.0,0.0,0.0,0.0
49672,2023.0,12.0,11.0,22.0,21.051455,22.484407,18.122343,17.839046,21.081003,22.456606,21.065495,22.636635,20.390215,23.401363,17.964235,18.40175,21.04015,22.094221,21.077375,22.404352,15.795201,15.608017,0.0,0.0,0.0,0.0,4.0,4.0,0.0,0.0
49673,2023.0,12.0,11.0,22.0,21.05672,22.48503,17.247993,16.957859,21.056566,22.374063,21.065887,22.632565,17.284979,17.109976,20.334274,22.998495,21.07556,22.168852,21.077387,22.390467,15.726652,15.540355,0.0,4.0,0.0,0.0,0.0,0.0,0.0,0.0
49674,2023.0,12.0,11.0,23.0,21.082987,22.5493,17.081741,16.818926,21.061426,22.376978,21.065346,22.625528,16.036222,15.831327,18.036572,18.264196,21.069712,22.137444,21.058214,22.37795,15.598773,15.413148,0.0,4.0,0.0,0.0,0.0,0.0,0.0,0.0
49675,2023.0,12.0,11.0,23.0,19.22637,18.978527,16.895126,16.63247,19.165472,18.771118,19.457998,19.535906,15.81212,15.622532,16.685177,16.490198,19.34049,18.802023,19.513288,19.423744,15.492814,15.311076,0.0,0.0,0.0,0.0,0.0,0.0,0.0,0.0
49676,2023.0,12.0,11.0,23.0,18.363884,17.773273,17.241364,17.393728,18.217707,17.409489,18.645235,18.380909,15.635043,15.438616,16.682716,16.728647,19.071945,18.743235,18.879267,18.621378,15.410203,15.225328,4.0,0.0,0.0,0.0,4.0,0.0,0.0,0.0
49677,2023.0,12.0,11.0,23.0,18.434336,18.271338,16.849754,16.668108,17.838541,17.02591,18.309433,18.03434,15.478444,15.284541,16.303247,16.099443,18.929441,18.65149,18.58051,18.33179,16.065123,16.526752,0.0,0.0,0.0,0.0,0.0,0.0,0.0,4.0
49678,2023.0,12.0,11.0,23.0,18.308336,18.202799,16.60227,16.334879,18.001299,17.644857,18.048162,17.76948,15.336662,15.14022,16.02918,15.785835,18.733404,18.453062,18.328636,18.082796,16.30597,16.823826,0.0,0.0,0.0,0.0,0.0,0.0,0.0,4.0
49679,2023.0,12.0,11.0,23.0,18.136263,18.042566,16.484613,16.21942,17.911972,17.613955,17.841864,17.574299,15.214653,15.022413,15.85743,15.6189995,18.566053,18.291714,18.118523,17.878927,15.395627,15.020263,0.0,0.0,0.0,0.0,0.0,0.0,0.0,0.0
49680,2023.0,12.0,12.0,0.0,17.961077,17.857843,16.36763,16.092747,17.744076,17.439957,17.638605,17.357548,15.093205,14.893313,15.690088,15.439898,18.400774,18.116909,17.916689,17.667126,15.012185,14.532118,0.0,0.0,0.0,0.0,0.0,0.0,0.0,0.0
49681,2023.0,12.0,12.0,0.0,17.822191,17.731083,16.280474,16.015825,17.607124,17.316715,17.482971,17.216246,14.991562,14.804594,15.878101,15.916522,18.266792,17.989359,17.751404,17.508535,15.01607,14.667417,0.0,0.0,0.0,0.0,4.0,0.0,0.0,0.0
49682,2023.0,12.0,12.0,0.0,17.679619,17.60364,16.19065,15.937526,17.462862,17.18881,17.323635,17.073946,15.466392,15.780218,15.896608,15.950854,18.131536,17.864445,17.585257,17.353764,15.793105,16.232624,0.0,0.0,0.0,4.0,4.0,0.0,0.0,4.0
49683,2023.0,12.0,12.0,0.0,17.566282,17.495337,16.11697,15.868125,17.347033,17.078726,17.197323,16.9528,14.996741,14.899602,15.570388,15.383454,18.02426,17.758924,17.453598,17.223953,14.976314,14.673957,0.0,0.0,0.0,0.0,0.0,0.0,0.0,0.0
49684,2023.0,12.0,12.0,0.0,17.439636,17.369804,16.034214,15.78772,17.216866,16.950888,17.056765,16.813818,15.03226,15.036761,15.319699,15.091259,17.90709,17.641138,17.310253,17.079521,15.044971,14.87901,0.0,0.0,0.0,0.0,0.0,0.0,0.0,0.0
49685,2023.0,12.0,12.0,0.0,17.326426,17.260056,15.957604,15.713957,17.098888,16.836508,16.930246,16.690405,15.015501,15.036086,15.1873,14.957918,17.803303,17.539116,17.18306,16.954288,15.0209055,14.861151,0.0,0.0,0.0,0.0,0.0,0.0,0.0,0.0
49686,2023.0,12.0,12.0,1.0,17.22673,17.166382,15.889797,15.652116,16.995678,16.740782,16.820047,16.587568,15.016847,15.066863,15.083104,14.857852,17.712088,17.451363,17.070452,16.845257,15.004442,14.88037,0.0,0.0,0.0,0.0,0.0,0.0,0.0,0.0
49687,2023.0,12.0,12.0,1.0,17.139648,17.088535,16.329185,16.53672,16.905806,16.662054,16.7246,16.503551,15.009682,15.069782,14.995628,14.787292,17.63166,17.375721,16.970985,16.75124,15.005966,14.915228,4.0,0.0,0.0,0.0,0.0,0.0,0.0,0.0
49688,2023.0,12.0,12.0,1.0,17.05453,17.007105,16.062855,15.942703,16.817163,16.578218,16.630854,16.414494,15.335843,15.690019,15.009678,14.868628,17.555248,17.300985,16.876846,16.659163,15.625132,16.107296,0.0,0.0,0.0,4.0,0.0,0.0,0.0,4.0
49689,2023.0,12.0,12.0,1.0,16.973269,16.92645,15.814747,15.602666,16.732136,16.49502,16.541874,16.326788,14.935312,14.924874,15.008381,14.906248,17.482792,17.227934,16.787645,16.569485,15.631719,15.862055,0.0,0.0,0.0,0.0,0.0,0.0,0.0,4.0
49690,2023.0,12.0,12.0,1.0,16.90006,16.85662,15.722445,15.502688,16.655544,16.422974,16.462456,16.25138,15.034059,15.1099825,15.008772,14.938675,17.41756,17.16437,16.706848,16.490458,14.921487,14.683907,0.0,0.0,0.0,4.0,0.0,0.0,0.0,0.0
49691,2023.0,12.0,12.0,1.0,16.830423,16.789131,15.656973,15.437457,16.582558,16.353271,16.386898,16.178715,15.019421,15.090769,15.009158,14.96428,17.35559,17.102955,16.630543,16.415258,15.366172,15.580203,0.0,0.0,0.0,0.0,0.0,0.0,0.0,4.0
49692,2023.0,12.0,12.0,2.0,16.76452,16.7252,15.598122,15.379364,16.512688,16.285574,16.315004,16.10848,15.0230875,15.100989,15.009971,14.985764,17.296724,17.044304,16.557783,16.3426,14.929076,14.743995,0.0,0.0,0.0,0.0,0.0,0.0,0.0,0.0
49693,2023.0,12.0,12.0,2.0,16.706238,16.67436,15.544303,15.327484,16.447048,16.222698,16.247389,16.043165,15.021184,15.122509,15.016272,15.017672,17.242447,16.991703,16.49008,16.276318,15.028997,14.986077,0.0,0.0,0.0,0.0,0.0,0.0,0.0,0.0
49694,2023.0,12.0,12.0,2.0,16.660357,16.640627,15.498116,15.286869,16.388973,16.170902,16.187656,15.989391,15.021976,15.13987,15.017082,15.030383,17.193697,16.946356,16.428667,16.218216,15.009184,14.961635,0.0,0.0,0.0,0.0,0.0,0.0,0.0,0.0
49695,2023.0,12.0,12.0,2.0,16.608852,16.592241,15.454793,15.248968,16.333937,16.12192,16.13115,15.938641,15.023134,15.154613,15.098379,15.185293,17.147964,16.904005,16.370882,16.16371,15.011507,15.004554,0.0,0.0,0.0,0.0,4.0,0.0,0.0,0.0
49696,2023.0,12.0,12.0,2.0,16.559284,16.547113,15.415464,15.216355,16.28308,16.078522,16.079142,15.893802,15.317227,15.706843,14.9892235,14.994708,17.105623,16.865707,16.317013,16.113785,15.007933,15.016644,0.0,0.0,0.0,4.0,0.0,0.0,0.0,0.0
49697,2023.0,12.0,12.0,2.0,16.511528,16.503197,15.377389,15.184122,16.23383,16.035852,16.028889,15.849833,14.96124,15.020233,15.017457,15.06196,17.065563,16.829473,16.266024,16.066652,15.008931,15.037255,0.0,0.0,0.0,0.0,0.0,0.0,0.0,0.0
49698,2023.0,12.0,12.0,3.0,16.4629,16.455944,15.337911,15.147362,16.183064,15.988022,15.97722,15.800731,15.044526,15.202681,15.076818,15.173182,17.02606,16.79218,16.215729,16.018269,15.015323,15.067256,0.0,0.0,0.0,0.0,4.0,0.0,0.0,0.0
49699,2023.0,12.0,12.0,3.0,16.418978,16.41646,15.304144,15.120368,16.13832,15.950398,15.931849,15.762115,15.022814,15.154252,15.017991,15.060455,16.991306,16.76234,16.170454,15.977558,15.017,15.080414,0.0,0.0,0.0,0.0,0.0,0.0,0.0,0.0
49700,2023.0,12.0,12.0,3.0,16.378244,16.381659,15.782456,16.051867,16.098173,15.919666,15.891274,15.730645,15.301533,15.687834,15.011355,15.074083,16.960112,16.7372,16.129353,15.942442,15.53507,16.058811,4.0,0.0,0.0,4.0,0.0,0.0,0.0,4.0
49701,2023.0,12.0,12.0,3.0,16.337326,16.344835,15.976165,16.282457,16.057453,15.885905,15.850599,15.696367,14.979295,15.045669,15.010906,15.080966,16.92977,16.711765,16.089176,15.906875,14.96936,14.943752,4.0,0.0,0.0,0.0,0.0,0.0,0.0,0.0
49702,2023.0,12.0,12.0,3.0,16.298216,16.310415,15.720823,15.726427,16.018278,15.853679,15.811514,15.663779,15.028999,15.158143,15.010853,15.087009,16.901289,16.688314,17.09451,17.836716,15.27826,15.556158,4.0,0.0,0.0,0.0,0.0,0.0,4.0,4.0
49703,2023.0,12.0,12.0,3.0,16.259415,16.27576,15.15414,14.744342,15.980768,15.822144,15.773488,15.631605,15.010428,15.145761,15.010949,15.092607,16.874063,16.66582,16.300047,15.972313,14.977914,14.957357,0.0,0.0,0.0,0.0,0.0,0.0,0.0,0.0
49704,2023.0,12.0,12.0,4.0,16.220451,16.239206,15.008786,14.638931,15.94128,15.785575,15.733423,15.594245,15.023967,15.190416,15.065718,15.190387,16.846743,16.641768,15.853037,15.451154,15.031797,15.103605,0.0,0.0,0.0,0.0,4.0,0.0,0.0,0.0
49705,2023.0,12.0,12.0,4.0,16.188688,16.215885,15.141548,14.963859,15.906543,15.757956,15.698592,15.566248,15.010374,15.172526,14.999406,15.079012,16.822128,16.62189,15.752588,15.364671,15.349443,15.676027,0.0,0.0,0.0,0.0,0.0,0.0,0.0,4.0
49706,2023.0,12.0,12.0,4.0,16.160591,16.198252,15.68026,15.9813385,15.871006,15.728204,15.663501,15.536419,15.013082,15.187491,15.012954,15.11079,16.797846,16.601868,15.8805275,15.703551,14.966799,14.94202,4.0,0.0,0.0,0.0,0.0,0.0,0.0,0.0
49707,2023.0,12.0,12.0,4.0,16.139658,16.190012,15.413647,15.34667,15.835347,15.697379,15.628328,15.505652,15.0133,15.195528,15.01057,15.111391,16.773945,16.58176,15.910125,15.749512,15.027515,15.087929,0.0,0.0,0.0,0.0,0.0,0.0,0.0,0.0
49708,2023.0,12.0,12.0,4.0,16.106277,16.158245,15.206752,15.073944,15.799249,15.664781,15.592655,15.473146,15.024477,15.224581,15.021228,15.137912,16.750319,16.561537,15.884386,15.727988,15.015976,15.096349,0.0,0.0,0.0,0.0,0.0,0.0,0.0,0.0
49709,2023.0,12.0,12.0,4.0,16.073076,16.127043,15.151072,15.022307,15.765595,15.636215,15.559355,15.444638,15.025363,15.228026,15.021418,15.139261,16.727873,16.543045,15.853036,15.700295,15.017395,15.1196785,0.0,0.0,0.0,0.0,0.0,0.0,0.0,0.0
49710,2023.0,12.0,12.0,5.0,16.040089,16.096111,15.111547,14.987738,15.732738,15.608354,15.526835,15.416842,15.02644,15.234833,15.021331,15.143531,16.705954,16.525047,15.821716,15.6726055,15.01725,15.13322,0.0,0.0,0.0,0.0,0.0,0.0,0.0,0.0
49711,2023.0,12.0,12.0,5.0,16.005493,16.061424,15.075257,14.954958,15.699018,15.577897,15.493493,15.3865185,15.3278675,15.788192,15.064906,15.21401,16.682701,16.503847,15.789649,15.64259,15.0092945,15.131094,0.0,0.0,0.0,4.0,4.0,0.0,0.0,0.0
49712,2023.0,12.0,12.0,5.0,15.9725685,16.030176,15.552712,15.88345,15.665311,15.547464,15.460249,15.356283,14.966362,15.096734,15.077126,15.229743,16.65923,16.482586,15.75795,15.613252,15.010611,15.145273,4.0,0.0,0.0,0.0,4.0,0.0,0.0,0.0
49713,2023.0,12.0,12.0,5.0,15.938262,15.995658,15.284146,15.24584,15.630816,15.515001,15.426291,15.32408,15.020832,15.22112,15.002789,15.1165,16.63513,16.460033,15.725957,15.582834,15.010479,15.155068,0.0,0.0,0.0,0.0,0.0,0.0,0.0,0.0
49714,2023.0,12.0,12.0,5.0,15.903014,15.95919,15.065474,14.94987,15.594569,15.478518,15.390629,15.287992,15.025785,15.241868,15.022204,15.164984,16.610245,16.435886,15.693441,15.550833,15.021657,15.186363,0.0,0.0,0.0,0.0,0.0,0.0,0.0,0.0
49715,2023.0,12.0,12.0,5.0,15.869348,15.925206,15.010779,14.898229,15.562126,15.449137,15.358734,15.258921,15.325746,15.792548,15.057689,15.214089,16.586725,16.414354,15.662898,15.522237,15.009138,15.167895,0.0,0.0,0.0,4.0,4.0,0.0,0.0,0.0
49716,2023.0,12.0,12.0,6.0,15.839937,15.899487,15.002329,14.91978,15.530268,15.420311,15.327465,15.2303915,14.975409,15.10788,15.005615,15.136486,16.563356,16.393003,15.633224,15.494836,15.518537,16.12103,0.0,0.0,0.0,0.0,0.0,0.0,0.0,4.0
49717,2023.0,12.0,12.0,6.0,20.799078,24.453043,15.003095,14.946989,20.771011,24.558283,20.629522,24.45918,15.093032,15.327427,15.012711,15.157773,20.54723,23.1317,21.152714,24.783562,20.30643,24.30741,0.0,0.0,0.0,4.0,0.0,0.0,0.0,4.0
49718,2023.0,12.0,12.0,6.0,21.018341,24.311852,15.00343,14.968536,21.013287,24.37948,21.022726,24.542252,19.970207,23.558243,15.0440645,15.202913,21.37518,24.375122,21.965715,25.800856,20.046782,23.251476,0.0,0.0,0.0,0.0,4.0,0.0,0.0,0.0
49719,2023.0,12.0,12.0,6.0,21.071575,24.015991,15.003876,14.986406,21.099897,24.118637,21.102236,24.249624,16.79067,16.917732,19.883333,23.45491,21.035686,23.398693,22.301867,25.859873,17.63413,18.170128,0.0,0.0,0.0,0.0,0.0,0.0,0.0,4.0
49720,2023.0,12.0,12.0,6.0,21.063587,23.747566,15.003532,14.998364,21.06345,23.738482,21.089684,23.922663,15.38733,15.271222,17.31025,17.858093,21.049206,23.175196,20.896872,23.049074,20.368671,23.532946,0.0,4.0,0.0,0.0,0.0,4.0,0.0,0.0
49721,2023.0,12.0,12.0,6.0,21.104544,23.636156,15.003996,15.009957,21.08958,23.61026,21.088161,23.707277,15.820287,16.281052,15.61535,15.524471,21.043362,23.0001,21.06496,23.23655,17.407,17.409872,0.0,0.0,0.0,4.0,0.0,4.0,4.0,0.0
49722,2023.0,12.0,12.0,7.0,21.094603,23.459602,15.383245,15.723759,21.077755,23.382195,21.06292,23.485588,20.39481,24.157196,15.612144,15.751062,21.08829,22.954395,21.059874,23.106112,16.76176,17.109034,4.0,4.0,4.0,4.0,4.0,0.0,4.0,4.0
49723,2023.0,12.0,12.0,7.0,21.70504,24.139835,20.08875,23.725842,21.678795,24.067625,21.65192,24.215054,20.920897,24.380873,20.329123,23.86788,21.563618,23.464342,21.759058,23.956535,21.685492,25.591969,0.0,4.0,0.0,4.0,4.0,4.0,4.0,4.0
49724,2023.0,12.0,12.0,7.0,20.902576,22.72431,17.822071,18.640192,20.912676,22.685558,20.986744,22.983435,21.018068,24.027884,20.0399,22.860167,20.940123,22.309057,21.143368,23.025187,20.990633,23.801315,4.0,4.0,0.0,4.0,0.0,4.0,4.0,4.0
49725,2023.0,12.0,12.0,7.0,21.876884,24.409883,20.26852,23.422138,21.834112,24.283766,22.189705,24.918854,20.08436,22.3154,17.355415,17.352041,21.927261,23.980215,22.172537,24.620813,20.10382,22.22829,4.0,4.0,0.0,4.0,0.0,0.0,0.0,0.0
49726,2023.0,12.0,12.0,7.0,21.692087,23.912321,20.047709,22.622211,21.885315,24.18222,21.720335,23.917467,20.098614,22.234419,16.165815,15.982307,21.90169,23.739609,22.090319,24.336046,17.759329,17.616459,0.0,4.0,4.0,0.0,0.0,0.0,4.0,0.0
49727,2023.0,12.0,12.0,7.0,21.071049,22.827166,17.581705,17.634958,20.935524,22.409834,21.041475,22.822113,17.750233,17.615263,15.928996,15.758263,20.945374,21.996546,20.897768,22.131912,16.566893,16.173107,0.0,4.0,0.0,0.0,0.0,4.0,0.0,0.0
49728,2023.0,12.0,12.0,8.0,21.061573,22.828304,16.945864,17.260971,21.091633,22.758078,21.07383,22.870487,16.484291,16.048878,16.16023,16.374023,21.06354,22.272936,21.113884,22.626402,16.159117,15.762893,4.0,4.0,4.0,0.0,4.0,4.0,0.0,0.0
49729,2023.0,12.0,12.0,8.0,19.57571,19.989656,20.219425,23.023186,19.535059,19.793404,18.925375,18.78218,16.298193,16.09706,20.163795,23.220594,19.959236,20.17664,19.150766,18.888262,17.065287,17.747013,0.0,4.0,0.0,0.0,0.0,4.0,0.0,4.0
49730,2023.0,12.0,12.0,8.0,18.874228,19.21843,18.101038,18.568232,18.72463,18.841568,18.32982,18.427794,16.135082,15.975586,18.117998,18.790213,19.497948,19.686172,18.120981,17.677086,20.356617,23.327007,0.0,4.0,4.0,0.0,4.0,4.0,0.0,0.0
49731,2023.0,12.0,12.0,8.0,18.618992,18.969131,17.140244,17.481071,18.437975,18.56001,18.199207,18.354265,15.934386,15.786358,20.314348,23.159332,19.32368,19.52021,18.98582,19.705927,17.55533,17.518747,4.0,4.0,4.0,0.0,4.0,4.0,4.0,0.0
49732,2023.0,12.0,12.0,8.0,17.762009,17.544811,20.23553,22.935982,17.607243,17.198828,17.37389,16.992702,16.537365,17.088408,20.056295,22.344397,19.181934,19.38931,18.967882,19.45271,16.242315,15.910046,0.0,0.0,0.0,4.0,0.0,4.0,4.0,0.0
49733,2023.0,12.0,12.0,8.0,17.987421,18.319069,17.845177,17.958887,17.103764,16.610374,16.872917,16.407545,20.377123,23.624758,17.723703,17.650723,19.065474,19.281925,17.864803,17.533728,16.075747,15.91518,0.0,0.0,0.0,4.0,0.0,4.0,0.0,0.0
49734,2023.0,12.0,12.0,9.0,17.374487,17.161955,16.628656,16.505346,16.844847,16.351837,16.616478,16.151636,20.048565,22.605774,16.778063,16.652662,18.96718,19.190235,18.336735,18.85439,15.947573,15.814829,0.0,0.0,0.0,0.0,4.0,4.0,4.0,0.0
49735,2023.0,12.0,12.0,9.0,16.964605,16.687399,16.366587,16.23284,16.650972,16.1733,16.667074,16.462027,17.503614,17.445978,20.305939,22.834703,18.887508,19.119125,17.55236,17.235939,16.762785,17.49716,0.0,0.0,0.0,0.0,0.0,4.0,0.0,4.0
49736,2023.0,12.0,12.0,9.0,17.505213,17.872759,16.170006,16.03168,17.453413,17.864496,16.635067,16.485477,16.243122,15.884951,17.80703,17.820972,18.820045,19.058395,17.038422,16.655306,20.366516,23.60468,0.0,4.0,0.0,0.0,0.0,4.0,0.0,0.0
49737,2023.0,12.0,12.0,9.0,17.005617,16.849413,16.00979,15.870775,17.140293,17.116041,17.243132,17.727783,16.069267,15.891048,16.611662,16.44836,18.059334,17.686232,16.824427,16.444595,17.456654,17.498621,0.0,0.0,4.0,0.0,0.0,0.0,0.0,0.0
49738,2023.0,12.0,12.0,9.0,16.696623,16.440641,15.895212,15.75,16.560183,16.133045,17.44458,18.021553,15.956773,15.807145,16.382895,16.209167,17.70854,17.23929,16.683273,16.306759,16.416245,16.036839,0.0,0.0,4.0,0.0,0.0,0.0,0.0,0.0
49739,2023.0,12.0,12.0,9.0,17.314106,17.725433,15.799263,15.661766,16.364412,15.92663,16.594227,16.383156,15.8221655,15.68546,16.210907,16.048279,17.557388,17.102139,16.765202,16.59944,16.313501,16.142927,0.0,0.0,0.0,0.0,0.0,0.0,0.0,0.0
49740,2023.0,12.0,12.0,10.0,16.775576,16.660517,15.710584,15.576356,16.474566,16.283901,16.189745,15.795279,15.698246,15.566853,16.055355,15.897159,18.23179,18.500986,16.739588,16.604517,16.166586,16.026718,0.0,0.0,0.0,0.0,0.0,4.0,0.0,0.0
49741,2023.0,12.0,12.0,10.0,17.251942,17.69566,16.119282,16.415148,16.465797,16.326761,16.031477,15.634429,16.381449,16.957962,15.921458,15.770536,17.617887,17.246632,16.670683,16.538454,16.016813,15.886281,4.0,0.0,0.0,4.0,0.0,0.0,0.0,0.0
49742,2023.0,12.0,12.0,10.0,16.702665,16.6098,20.169119,23.403109,17.125143,17.626266,15.924594,15.542738,20.236671,23.537642,15.803316,15.658822,18.155792,18.4357,16.60531,16.476955,15.88911,15.768051,0.0,4.0,0.0,0.0,0.0,4.0,0.0,0.0
49743,2023.0,12.0,12.0,10.0,16.357002,16.171476,18.216482,19.049934,17.413666,17.998531,16.031082,15.871905,17.440138,17.571928,16.078093,16.284962,17.635506,17.298975,16.53718,16.412611,15.760011,15.647393,4.0,4.0,0.0,0.0,4.0,0.0,0.0,0.0
49744,2023.0,12.0,12.0,10.0,17.002192,17.463005,20.242693,22.896933,16.611837,16.442705,16.779383,17.31371,16.33532,15.97433,20.22561,23.442244,17.366081,16.957602,16.483664,16.361452,15.664261,15.555954,4.0,0.0,4.0,0.0,0.0,0.0,0.0,0.0
49745,2023.0,12.0,12.0,10.0,17.25657,17.77727,20.061352,22.292234,16.135614,15.800737,16.447105,16.501678,16.172503,16.004507,17.889616,18.354063,17.25076,16.854204,16.42811,16.309546,15.568271,15.4672,0.0,0.0,0.0,0.0,0.0,0.0,0.0,0.0
49746,2023.0,12.0,12.0,11.0,16.643412,16.6108,18.206297,18.532976,15.976896,15.628956,15.908341,15.63765,16.040916,15.908057,16.428892,16.339687,17.367325,17.188484,16.376772,16.261253,15.482617,15.386714,4.0,0.0,0.0,0.0,0.0,0.0,0.0,0.0
49747,2023.0,12.0,12.0,11.0,16.356068,16.204393,20.248869,22.464338,16.59301,16.855925,15.730876,15.410683,15.91186,15.78417,16.168272,16.02751,17.384026,17.238665,16.33456,16.220015,15.417464,15.323701,0.0,4.0,0.0,0.0,0.0,0.0,0.0,0.0
49748,2023.0,12.0,12.0,11.0,16.215855,16.056168,18.137707,18.207685,16.224335,16.027948,15.823865,15.697152,15.781606,15.66257,16.01177,15.878821,17.344913,17.202967,16.291294,16.1785,15.35085,15.260501,0.0,0.0,0.0,0.0,0.0,0.0,0.0,0.0
49749,2023.0,12.0,12.0,11.0,16.33223,16.375402,17.365223,17.224264,15.952371,15.633042,15.8401575,15.757448,15.684613,15.567727,15.906615,15.7738905,18.083092,18.63259,16.255423,16.1432,15.297053,15.205866,0.0,0.0,0.0,0.0,0.0,4.0,0.0,0.0
49750,2023.0,12.0,12.0,11.0,16.339062,16.417236,17.11405,16.998934,16.04405,15.91796,16.560598,17.148552,16.39101,16.980808,15.813946,15.68601,18.089924,18.471111,16.221876,16.111118,15.248753,15.158952,0.0,0.0,4.0,4.0,0.0,4.0,0.0,0.0
49751,2023.0,12.0,12.0,11.0,16.30583,16.390957,16.892725,16.783752,16.776608,17.326015,15.955735,15.852332,20.235758,23.56634,15.733028,15.609948,17.375343,17.091394,16.190588,16.081615,15.206194,15.118222,0.0,4.0,0.0,0.0,0.0,0.0,0.0,0.0
49752,2023.0,12.0,12.0,12.0,16.27953,16.377188,16.675186,16.571932,16.862453,17.256638,15.548828,15.295468,17.475187,17.648006,15.646562,15.5286045,17.068722,16.720705,16.157978,16.050688,15.161468,15.075322,0.0,4.0,0.0,0.0,0.0,0.0,0.0,0.0
49753,2023.0,12.0,12.0,12.0,21.186512,25.03254,16.521317,16.41514,20.898705,24.192768,20.639393,24.215057,16.380415,16.042673,15.579197,15.462118,21.062986,23.634205,21.52309,25.204138,15.124405,15.037902,0.0,0.0,0.0,0.0,0.0,0.0,0.0,0.0
49754,2023.0,12.0,12.0,12.0,21.009274,24.115128,16.362001,16.260014,21.026915,23.919075,21.042028,24.366184,16.21931,16.0607,15.508658,15.394673,21.279207,23.76037,22.10077,25.740868,15.089144,15.003613,0.0,4.0,0.0,0.0,0.0,0.0,0.0,0.0
49755,2023.0,12.0,12.0,12.0,21.064407,23.846785,16.688635,16.99559,21.107508,23.756073,21.070986,23.99972,16.091833,15.957391,15.4466305,15.336338,21.010157,22.968477,20.918344,23.212563,15.062394,14.978704,4.0,0.0,4.0,0.0,0.0,4.0,0.0,0.0
49756,2023.0,12.0,12.0,12.0,21.081707,23.666061,20.326357,23.320557,21.07001,23.42741,21.06686,23.727726,15.949569,15.821356,15.390911,15.2821045,21.084349,22.928474,21.094307,23.36105,15.042433,14.96025,4.0,4.0,4.0,0.0,0.0,0.0,0.0,0.0
49757,2023.0,12.0,12.0,12.0,21.064718,23.414886,20.017483,22.324154,21.095713,23.3327,21.08031,23.53787,15.832861,15.71017,15.346536,15.239765,21.041504,22.67006,21.067999,23.157824,15.027159,14.946483,4.0,0.0,4.0,0.0,0.0,4.0,0.0,0.0
49758,2023.0,12.0,12.0,13.0,21.145658,23.42008,20.19235,22.419373,21.14814,23.266598,21.165953,23.53202,15.737967,15.620115,15.31172,15.207303,21.149054,22.786127,21.153664,23.1977,15.01509,14.9359665,0.0,4.0,4.0,0.0,0.0,0.0,0.0,0.0
49759,2023.0,12.0,12.0,13.0,21.055523,23.151682,18.059568,18.12833,21.082499,23.082386,21.087265,23.292793,15.66675,15.559262,15.287108,15.187912,21.059189,22.515749,21.057768,22.926367,15.005542,14.928106,0.0,0.0,0.0,0.0,0.0,0.0,0.0,0.0
49760,2023.0,12.0,12.0,13.0,21.089037,23.16379,17.040205,16.94177,21.083927,23.013554,21.089737,23.208218,15.597181,15.491831,15.25915,15.160919,21.06569,22.461145,21.065784,22.876524,15.000893,14.9284725,0.0,0.0,0.0,0.0,0.0,0.0,0.0,0.0
49761,2023.0,12.0,12.0,13.0,21.080347,23.081203,17.293983,17.643223,21.04195,22.884447,21.08912,23.133911,15.540738,15.440415,15.233749,15.1377735,21.050549,22.404684,21.064426,22.82002,15.001229,14.935198,4.0,4.0,0.0,0.0,0.0,0.0,0.0,0.0
49762,2023.0,12.0,12.0,13.0,21.155218,23.175964,20.283388,22.896349,21.090555,22.944914,21.048609,23.007666,15.491998,15.396715,15.599659,15.845119,21.128841,22.535627,21.064627,22.775236,15.96237,16.75301,0.0,0.0,4.0,0.0,4.0,0.0,0.0,4.0
49763,2023.0,12.0,12.0,13.0,21.253452,23.130934,18.261633,18.65033,21.236738,22.992409,21.09293,23.059526,15.448871,15.356732,20.411627,23.785212,21.214334,22.482979,21.059654,22.727716,20.512117,24.350542,0.0,4.0,0.0,0.0,0.0,4.0,0.0,0.0
49764,2023.0,12.0,12.0,14.0,20.926289,22.538456,17.037525,17.012873,20.943407,22.449898,21.085382,22.9946,15.412472,15.323411,17.816044,18.352066,20.950554,22.000307,21.062784,22.702562,17.291801,17.447647,0.0,4.0,0.0,0.0,0.0,0.0,0.0,0.0
49765,2023.0,12.0,12.0,14.0,19.167025,19.220331,16.722225,16.642984,19.139889,19.066349,19.032705,19.015259,15.379529,15.293402,16.293997,16.235792,19.496151,19.239254,19.402122,19.476212,15.867091,15.676292,0.0,0.0,0.0,0.0,0.0,0.0,0.0,0.0
49766,2023.0,12.0,12.0,14.0,19.075932,19.462484,16.56506,16.472485,18.925697,19.073599,18.352022,18.222082,15.351553,15.266589,16.040918,15.923773,18.905752,18.447813,19.753056,20.51251,15.76037,15.656632,0.0,4.0,0.0,0.0,0.0,0.0,4.0,0.0
49767,2023.0,12.0,12.0,14.0,18.347033,18.24671,16.437895,16.34793,18.186525,17.860147,18.067375,17.965036,15.323594,15.240404,15.923117,15.804129,18.88466,18.66483,18.631506,18.383165,15.684685,15.59587,0.0,0.0,0.0,0.0,0.0,0.0,0.0,0.0
49768,2023.0,12.0,12.0,14.0,17.90327,17.691204,16.325403,16.235737,17.747091,17.326288,18.508568,19.018606,15.295079,15.212837,15.823218,15.705453,18.779219,18.603193,18.093077,17.710838,16.58782,17.380238,0.0,0.0,4.0,0.0,0.0,0.0,0.0,4.0
49769,2023.0,12.0,12.0,14.0,17.658144,17.44932,16.68974,17.004333,17.505064,17.092607,17.954332,18.009958,15.266728,15.185723,15.738496,15.623635,18.637863,18.472017,17.833925,17.45904,20.29365,23.674444,4.0,0.0,0.0,0.0,0.0,0.0,0.0,0.0
49770,2023.0,12.0,12.0,15.0,18.408138,19.097284,20.269932,23.20095,17.496758,17.323,17.245699,16.943615,15.234912,15.153716,15.647857,15.534983,18.485916,18.327473,17.597967,17.237473,18.051285,18.732906,0.0,0.0,0.0,0.0,0.0,0.0,0.0,4.0
49771,2023.0,12.0,12.0,15.0,17.785215,17.76498,18.470589,19.24308,17.41327,17.286648,17.569143,17.796316,15.203155,15.120014,15.568831,15.45755,18.346786,18.191204,17.57808,17.40937,20.355246,23.303705,4.0,0.0,4.0,0.0,0.0,0.0,0.0,0.0
49772,2023.0,12.0,12.0,15.0,17.244972,17.067406,20.27971,22.817028,17.968016,18.458649,17.053654,16.793737,15.170291,15.084606,15.496101,15.383569,18.221579,18.067112,17.498236,17.358059,17.663834,17.720043,0.0,4.0,0.0,0.0,0.0,0.0,0.0,0.0
49773,2023.0,12.0,12.0,15.0,17.015896,16.81396,18.039738,18.172129,18.187336,18.763977,17.329313,17.561918,15.138322,15.050352,15.433699,15.322528,18.110802,17.957956,17.373886,17.239788,16.380136,16.111969,0.0,4.0,4.0,0.0,0.0,0.0,0.0,0.0
49774,2023.0,12.0,12.0,15.0,17.10818,17.126577,17.231722,17.102505,17.337345,17.150433,17.446587,17.755999,15.109409,15.018516,15.38611,15.27455,18.023981,17.870789,17.27112,17.138222,17.212458,17.931124,0.0,0.0,4.0,0.0,0.0,0.0,0.0,4.0
49775,2023.0,12.0,12.0,15.0,17.846287,18.572155,17.009787,16.901745,17.570997,17.77003,17.42215,17.727365,15.0790615,14.9858265,15.338274,15.228058,17.942242,17.791164,17.174526,17.044823,20.307272,23.251692,0.0,4.0,4.0,0.0,0.0,0.0,0.0,0.0
49776,2023.0,12.0,12.0,16.0,17.828688,18.325712,16.780634,16.673952,17.038904,16.743786,16.761927,16.523119,15.045014,14.949415,15.284203,15.175423,17.857054,17.70802,17.074736,16.948315,17.637983,17.676456,0.0,0.0,0.0,0.0,0.0,0.0,0.0,0.0
49777,2023.0,12.0,12.0,16.0,17.083582,16.960516,16.619892,16.504185,16.713802,16.30891,16.43053,16.059607,15.014723,14.916782,15.232474,15.117692,17.78241,17.627634,16.99273,16.867422,16.668081,16.317663,0.0,0.0,0.0,0.0,0.0,0.0,0.0,0.0
49778,2023.0,12.0,12.0,16.0,16.795713,16.587402,16.485323,16.372414,16.568636,16.165497,16.28734,15.912682,15.722975,16.269508,15.184488,15.0687065,17.714745,17.55967,17.939507,18.718325,16.543962,16.381248,0.0,0.0,0.0,4.0,0.0,0.0,4.0,0.0
49779,2023.0,12.0,12.0,16.0,16.665188,16.46255,16.829283,17.116722,17.400682,17.85995,16.391842,16.236893,20.143131,23.780724,15.138675,15.021902,18.39977,18.909214,17.041224,16.80983,16.390186,16.25827,4.0,4.0,0.0,0.0,0.0,4.0,0.0,0.0
49780,2023.0,12.0,12.0,16.0,17.556688,18.266205,20.302406,23.151045,17.492117,17.800558,16.402433,16.294806,17.206848,17.40061,15.088512,14.970038,17.960285,17.882685,16.581562,16.262688,16.205097,16.082306,0.0,4.0,0.0,0.0,0.0,0.0,0.0,0.0
49781,2023.0,12.0,12.0,16.0,17.622086,18.113935,18.211292,18.67744,16.749662,16.468815,16.337679,16.235775,15.684627,15.428669,15.411044,15.607459,18.169725,18.435106,16.449223,16.123278,16.041462,15.9239235,0.0,0.0,0.0,0.0,4.0,4.0,0.0,0.0
49782,2023.0,12.0,12.0,17.0,17.58104,18.05362,17.620224,17.925432,17.119415,17.313972,17.002502,17.533915,15.592836,15.458731,20.197458,23.79257,17.546896,17.197165,16.365664,16.039621,15.922605,15.807271,4.0,4.0,4.0,0.0,4.0,0.0,0.0,0.0
49783,2023.0,12.0,12.0,17.0,16.931715,16.843449,20.292818,22.705019,16.653666,16.357058,17.280155,17.863308,15.520842,15.410536,20.013428,22.885117,17.225765,16.81922,16.466646,16.32573,16.771755,17.522478,4.0,0.0,4.0,0.0,0.0,0.0,0.0,4.0
49784,2023.0,12.0,12.0,17.0,16.552822,16.353254,20.049938,21.997532,16.288357,15.886549,16.455843,16.24756,15.415324,15.302614,17.376572,17.398039,17.113707,16.701471,16.474958,16.341076,20.376335,23.585484,0.0,0.0,0.0,0.0,0.0,0.0,0.0,4.0
49785,2023.0,12.0,12.0,17.0,16.400692,16.183697,18.048641,17.999763,16.834137,17.01805,15.984095,15.614908,15.320388,15.206463,16.00605,15.620929,18.08322,18.642658,16.428593,16.293707,20.05162,22.5777,0.0,4.0,0.0,0.0,0.0,4.0,0.0,0.0
49786,2023.0,12.0,12.0,17.0,16.292719,16.067408,16.853848,16.411015,16.409979,16.100258,16.520477,16.728174,15.235628,15.119551,15.886329,15.692618,17.43515,17.106209,16.380735,16.244175,17.5491,17.488943,0.0,0.0,4.0,0.0,0.0,0.0,0.0,0.0
49787,2023.0,12.0,12.0,17.0,17.251001,17.96295,16.807997,16.587297,16.126411,15.699037,16.081367,15.826837,15.16995,15.049888,15.827605,15.675154,17.118963,16.683304,17.376205,18.153025,16.64905,16.255465,0.0,0.0,0.0,0.0,0.0,0.0,4.0,0.0
49788,2023.0,12.0,12.0,18.0,16.593708,16.522446,17.197256,17.439323,16.00796,15.571485,16.494562,16.699026,15.108552,14.9864025,15.716168,15.571207,17.80351,18.072697,16.48253,16.220072,16.327965,15.930172,4.0,0.0,4.0,0.0,0.0,4.0,0.0,0.0
49789,2023.0,12.0,12.0,18.0,21.228289,24.743393,20.291304,22.857853,21.22271,24.81621,20.647024,23.769056,15.0513735,14.926187,15.604037,15.452457,20.711813,23.04965,21.489862,24.958605,17.335682,18.081171,4.0,4.0,0.0,0.0,0.0,0.0,4.0,4.0
49790,2023.0,12.0,12.0,18.0,21.013052,23.812634,20.045425,22.067915,20.994217,23.827288,21.075201,24.046467,14.998545,14.880563,15.48884,15.336159,21.048407,23.275272,21.973392,25.371084,20.339523,23.111038,0.0,4.0,0.0,0.0,0.0,4.0,0.0,4.0
49791,2023.0,12.0,12.0,18.0,21.081272,23.61605,17.94837,17.847427,21.089476,23.629736,21.081951,23.674698,15.004864,14.921941,15.3924465,15.241947,21.059898,23.01834,20.959259,23.166565,20.057726,22.287828,0.0,4.0,4.0,0.0,0.0,4.0,0.0,0.0
49792,2023.0,12.0,12.0,18.0,21.095089,23.439589,17.1582,17.034386,21.07472,23.34475,21.102846,23.490816,15.003927,14.940221,15.6775875,15.848565,21.083559,22.886614,22.68482,25.937223,17.690924,17.523699,4.0,4.0,0.0,0.0,4.0,0.0,0.0,0.0
49793,2023.0,12.0,12.0,18.0,21.156038,23.39845,20.284893,22.701324,21.160294,23.336458,21.155275,23.40189,15.703805,16.27165,20.416607,23.719938,21.12392,22.800266,21.002151,22.701221,16.552296,16.132902,4.0,4.0,4.0,4.0,0.0,4.0,0.0,0.0
49794,2023.0,12.0,12.0,19.0,21.062132,23.069767,20.029016,21.908361,21.07123,23.026688,21.09932,23.18213,20.32648,24.097216,18.002607,18.652473,21.051085,22.549547,21.096193,22.860561,17.19223,17.646685,4.0,4.0,0.0,0.0,4.0,4.0,0.0,4.0
49795,2023.0,12.0,12.0,19.0,21.06485,22.989586,20.073473,21.815746,21.06933,22.926058,21.092192,23.069519,17.08418,17.125362,20.29817,23.212738,21.078056,22.544037,21.064032,22.766724,21.56623,24.949139,4.0,4.0,0.0,0.0,0.0,0.0,0.0,4.0
49796,2023.0,12.0,12.0,19.0,21.08902,22.992012,20.065834,21.680046,21.067532,22.848444,21.070728,22.98873,16.258919,16.533817,18.250303,18.802122,21.042637,22.387674,21.066786,22.742033,20.025677,22.05268,4.0,4.0,0.0,4.0,4.0,4.0,0.0,0.0
49797,2023.0,12.0,12.0,19.0,21.082588,22.921402,20.082973,21.643215,21.090475,22.854836,21.04796,22.888357,20.897072,24.291763,20.288544,22.835802,21.07593,22.426073,21.06542,22.711197,17.769306,17.54445,0.0,0.0,4.0,0.0,0.0,0.0,0.0,0.0
49798,2023.0,12.0,12.0,19.0,21.05514,22.79757,18.569012,18.653963,21.08405,22.789057,21.075869,22.937634,17.697569,17.73429,17.832973,17.75027,21.040125,22.292356,21.064602,22.684053,16.698025,16.27993,4.0,0.0,0.0,0.0,0.0,4.0,0.0,0.0
49799,2023.0,12.0,12.0,19.0,21.085447,22.842613,20.238663,22.088417,21.058865,22.675627,21.089487,22.898695,16.085842,15.711226,17.12854,17.304499,21.044674,22.273373,21.063854,22.659506,16.371655,15.960925,4.0,4.0,0.0,0.0,4.0,4.0,0.0,0.0
49800,2023.0,12.0,12.0,20.0,21.162556,22.964329,20.120949,21.721012,21.16925,22.884747,21.162647,22.995249,15.956394,15.800752,20.433239,22.940031,21.14068,22.44271,21.195242,22.901056,16.389666,16.23243,4.0,0.0,0.0,0.0,0.0,4.0,0.0,0.0
49801,2023.0,12.0,12.0,20.0,21.078333,22.76571,20.082483,21.570879,21.080545,22.674782,21.065708,22.79775,16.692644,17.303457,18.197659,18.452734,21.042425,22.223785,21.062183,22.612047,17.347109,18.134352,0.0,0.0,0.0,4.0,0.0,4.0,0.0,4.0
49802,2023.0,12.0,12.0,20.0,21.05982,22.74075,18.314783,18.12385,21.061373,22.648317,21.043417,22.726616,20.320051,23.442148,16.956911,16.8246,21.0418,22.205748,21.062008,22.595083,20.333832,23.131739,0.0,0.0,4.0,0.0,0.0,4.0,0.0,0.0
49803,2023.0,12.0,12.0,20.0,21.03537,22.67369,17.562588,17.374094,21.038523,22.585346,21.071814,22.799025,17.480183,17.459507,16.621626,16.46619,21.070713,22.266008,21.061396,22.578081,17.664497,17.559492,0.0,4.0,0.0,0.0,0.0,0.0,0.0,0.0
49804,2023.0,12.0,12.0,20.0,21.039776,22.68682,17.34451,17.17167,21.087175,22.667288,21.083954,22.77552,16.090517,15.7312155,16.395409,16.234398,21.063944,22.229355,21.060202,22.560886,16.445696,16.074266,0.0,0.0,0.0,0.0,0.0,0.0,0.0,0.0
49805,2023.0,12.0,12.0,20.0,21.082323,22.760069,17.640812,17.915627,21.075697,22.616932,21.080437,22.734184,16.006472,15.871105,16.222216,16.068777,21.063505,22.207754,21.058998,22.545218,16.399622,16.272308,4.0,0.0,0.0,0.0,0.0,0.0,0.0,0.0
49806,2023.0,12.0,12.0,21.0,21.14604,22.857384,20.223782,22.510834,21.18301,22.823586,21.149963,22.8821,15.907327,15.782219,16.456608,16.640104,21.126656,22.297464,21.246496,22.87964,16.30795,16.182747,4.0,4.0,0.0,0.0,4.0,4.0,4.0,0.0
49807,2023.0,12.0,12.0,21.0,21.176586,22.87199,20.111399,22.000004,21.180323,22.786388,21.171518,22.92456,16.543007,17.097475,20.460686,23.358355,21.13631,22.3246,21.19735,22.76892,16.181473,16.058043,4.0,4.0,0.0,4.0,0.0,0.0,0.0,0.0
49808,2023.0,12.0,12.0,21.0,21.052723,22.60626,20.083366,21.775644,21.055841,22.516413,21.039295,22.635828,20.43247,23.555826,18.03335,18.372665,21.032528,22.082096,21.070864,22.482693,16.072031,15.950848,0.0,4.0,4.0,0.0,0.0,4.0,0.0,0.0
49809,2023.0,12.0,12.0,21.0,21.051525,22.59193,18.239056,18.113194,21.056015,22.50292,21.069147,22.716873,17.507118,17.507147,16.697414,16.585203,21.037645,22.086596,21.071589,22.457996,15.97766,15.858233,0.0,4.0,0.0,0.0,0.0,4.0,0.0,0.0
49810,2023.0,12.0,12.0,21.0,21.050827,22.579592,17.56483,17.458511,21.080637,22.558077,21.080963,22.698753,16.121008,15.776059,16.780815,16.97082,21.03631,22.07844,21.01475,22.326267,15.893773,15.774168,4.0,0.0,0.0,0.0,4.0,4.0,4.0,0.0
49811,2023.0,12.0,12.0,21.0,21.170273,22.82812,20.252184,22.367805,21.179247,22.718214,21.169193,22.824991,16.859066,17.457497,20.411491,23.083195,21.136696,22.290442,21.199903,22.703167,15.823944,15.707762,0.0,4.0,4.0,4.0,4.0,0.0,0.0,0.0
49812,2023.0,12.0,12.0,22.0,21.044952,22.539515,18.197153,18.104404,21.054438,22.453508,21.083637,22.649723,21.120743,24.627327,20.039766,22.181633,21.060497,22.119366,21.068644,22.415419,15.76018,15.644942,0.0,4.0,0.0,0.0,0.0,0.0,0.0,0.0
49813,2023.0,12.0,12.0,22.0,21.076845,22.61232,17.760435,17.990112,21.054058,22.444357,21.05321,22.549202,18.033031,18.08337,17.832882,17.706087,21.031137,22.0269,21.069796,22.39742,15.703007,15.587803,4.0,4.0,4.0,0.0,0.0,4.0,0.0,0.0
49814,2023.0,12.0,12.0,22.0,21.044294,22.512514,20.278393,22.417723,21.078953,22.504475,21.058664,22.547802,16.43607,16.076647,16.918633,16.723698,21.03581,22.03059,21.069136,22.37808,15.651179,15.535702,4.0,0.0,4.0,0.0,4.0,4.0,0.0,0.0
49815,2023.0,12.0,12.0,22.0,21.171885,22.778975,20.110695,21.863844,21.166101,22.6631,21.17117,22.782347,16.95859,17.397917,20.411863,22.905762,21.13744,22.246252,21.219547,22.693165,15.60411,15.488158,4.0,0.0,0.0,4.0,0.0,0.0,0.0,0.0
49816,2023.0,12.0,12.0,22.0,21.070234,22.55941,20.06492,21.624332,21.073303,22.459002,21.076996,22.575207,20.41874,23.211731,18.233864,18.485037,21.029802,21.99534,21.05519,22.365826,15.561343,15.4451475,4.0,0.0,0.0,4.0,0.0,4.0,0.0,0.0
49817,2023.0,12.0,12.0,22.0,21.070019,22.543303,20.057697,21.511745,21.054071,22.44397,21.05112,22.489576,20.034687,22.245234,17.339256,17.4793,21.035059,21.999842,21.055002,22.368168,15.521215,15.403735,4.0,0.0,4.0,0.0,4.0,4.0,0.0,0.0
49818,2023.0,12.0,12.0,23.0,21.18481,22.793524,20.15652,21.652285,21.1869,22.721235,21.170088,22.738451,17.704393,17.527834,20.40074,22.74176,21.136051,22.213732,21.313442,22.857876,15.486111,15.369169,0.0,0.0,0.0,0.0,4.0,0.0,4.0,0.0
49819,2023.0,12.0,12.0,23.0,20.253267,20.97475,18.397316,18.216303,19.670826,19.803677,19.259525,19.054192,16.565369,16.16054,18.603529,19.087519,19.57321,19.188185,19.298973,18.978865,15.454295,15.338642,0.0,0.0,0.0,0.0,4.0,0.0,0.0,0.0
49820,2023.0,12.0,12.0,23.0,19.001991,18.78436,17.892061,17.666363,18.9678,18.80198,18.736275,18.525251,17.138329,17.493069,17.307247,16.913412,18.99312,18.430803,18.623991,18.126648,15.4274645,15.311898,0.0,0.0,0.0,4.0,0.0,0.0,0.0,0.0
49821,2023.0,12.0,12.0,23.0,18.435436,18.051678,18.170794,18.390419,18.653843,18.4612,18.50049,18.32717,16.679688,16.55656,16.791956,16.266241,18.745417,18.187893,18.314386,17.821203,15.39942,15.283828,4.0,0.0,0.0,0.0,0.0,0.0,0.0,0.0
49822,2023.0,12.0,12.0,23.0,18.153625,17.772657,17.732803,17.645002,18.429083,18.239635,18.271336,18.104069,16.179287,15.794246,16.798271,16.554556,18.851421,18.608675,18.076769,17.597717,16.099878,16.627495,0.0,0.0,0.0,0.0,0.0,0.0,0.0,4.0
49823,2023.0,12.0,12.0,23.0,18.998238,19.601439,17.435213,17.26627,18.240223,18.055737,18.0757,17.913645,15.944591,15.539048,16.729746,16.546066,18.800669,18.607706,18.134092,17.926052,15.620097,15.539916,0.0,0.0,0.0,0.0,0.0,0.0,0.0,0.0
49824,2023.0,12.0,13.0,0.0,18.235626,18.075232,17.268024,17.095968,18.074509,17.893703,17.903036,17.744505,16.015392,15.84209,16.597437,16.425926,18.68996,18.506296,18.063765,17.897661,15.945601,16.247938,0.0,0.0,0.0,0.0,0.0,0.0,0.0,4.0
49825,2023.0,12.0,13.0,0.0,17.774607,17.425047,17.124386,16.951897,17.925173,17.74547,17.747322,17.589483,15.989223,15.857323,16.46833,16.300896,18.576609,18.38824,17.941444,17.781652,15.364731,15.03692,0.0,0.0,0.0,0.0,0.0,0.0,0.0,0.0
49826,2023.0,12.0,13.0,0.0,18.303785,18.587027,17.463198,17.695936,17.7948,17.619879,17.611382,17.458086,15.905908,15.7747345,16.667913,16.782818,18.475945,18.288448,18.817198,19.53566,15.913245,16.24197,4.0,0.0,0.0,0.0,4.0,0.0,4.0,4.0
49827,2023.0,12.0,13.0,0.0,17.728085,17.49354,17.110416,17.035734,17.67439,17.501183,17.48567,17.333832,16.40695,16.786919,16.381655,16.232277,18.382364,18.193855,18.753254,19.216274,16.107292,16.446857,0.0,0.0,0.0,4.0,0.0,0.0,4.0,4.0
49828,2023.0,12.0,13.0,0.0,17.423008,17.090244,16.555649,16.076773,17.5678,17.398577,17.37436,17.226412,15.975813,15.87118,16.522963,16.64099,18.298464,18.11081,17.781279,17.396269,15.472504,15.212027,0.0,0.0,0.0,0.0,4.0,0.0,0.0,0.0
49829,2023.0,12.0,13.0,0.0,17.262566,16.922245,16.296194,15.74539,17.465996,17.296093,17.268173,17.119228,15.558547,15.2012,16.22823,16.0639,18.21825,18.028261,17.429111,16.981783,15.211736,14.87805,0.0,0.0,0.0,0.0,0.0,0.0,0.0,0.0
49830,2023.0,12.0,13.0,1.0,17.459192,17.444542,16.491806,16.27565,17.375175,17.208166,17.173733,17.027477,15.389232,15.00632,16.07694,15.917979,18.146454,17.956535,17.266268,16.825815,15.110005,14.77671,0.0,0.0,0.0,0.0,0.0,0.0,0.0,0.0
49831,2023.0,12.0,13.0,1.0,17.444962,17.459713,16.495295,16.328386,17.287706,17.12048,17.083006,16.936295,15.523198,15.383595,15.980846,15.814865,18.07765,17.88549,17.129513,16.692425,15.248751,15.133335,0.0,0.0,0.0,0.0,0.0,0.0,0.0,0.0
49832,2023.0,12.0,13.0,1.0,17.383982,17.402693,16.92894,17.200203,17.210142,17.047215,17.002707,16.860271,15.505017,15.368289,15.898552,15.734184,18.015877,17.824244,17.269651,17.094128,15.236777,15.114249,4.0,0.0,0.0,0.0,0.0,0.0,0.0,0.0
49833,2023.0,12.0,13.0,1.0,17.32017,17.33991,16.615738,16.56499,17.134495,16.972755,16.92461,16.783194,16.049957,16.434608,15.821672,15.655986,17.956087,17.763134,17.246428,17.082573,15.204455,15.080536,0.0,0.0,0.0,4.0,0.0,0.0,0.0,0.0
49834,2023.0,12.0,13.0,1.0,17.257618,17.277857,16.41368,16.265999,17.063305,16.902523,16.851221,16.710627,15.61678,15.490556,15.750637,15.583725,17.899574,17.705288,17.182968,17.018675,15.172168,15.046903,0.0,0.0,0.0,0.0,0.0,0.0,0.0,0.0
49835,2023.0,12.0,13.0,1.0,17.198608,17.219751,16.323742,16.166517,16.997143,16.83814,16.783096,16.644203,15.259262,14.91085,15.685311,15.518161,17.84661,17.651722,17.11994,16.955563,15.868411,16.384333,0.0,0.0,0.0,0.0,0.0,0.0,0.0,4.0
49836,2023.0,12.0,13.0,2.0,17.140701,17.16132,16.738823,17.004242,16.933022,16.774113,16.717297,16.578323,15.101812,14.719556,15.6223755,15.453539,17.794977,17.598392,17.057165,16.89148,15.371158,15.276795,4.0,0.0,0.0,0.0,0.0,0.0,0.0,0.0
49837,2023.0,12.0,13.0,2.0,17.084465,17.104084,16.429949,16.372877,16.871582,16.712147,16.654606,16.514856,15.236306,15.079648,15.562518,15.391515,17.745003,17.546227,16.996235,16.828728,14.976147,14.677752,0.0,0.0,0.0,0.0,0.0,0.0,0.0,0.0
49838,2023.0,12.0,13.0,2.0,17.025196,17.044575,15.864613,15.394836,16.806936,16.647806,16.588495,16.44893,15.256492,15.110499,15.498749,15.326728,17.69223,17.492008,16.931623,16.763044,15.019603,14.815607,0.0,0.0,0.0,0.0,0.0,0.0,0.0,0.0
49839,2023.0,12.0,13.0,2.0,16.964796,16.979904,15.605766,15.067313,16.740759,16.577002,16.520828,16.376505,15.214321,15.066266,15.434201,15.25718,17.639097,17.434807,16.867651,16.695597,15.043873,14.909289,0.0,0.0,0.0,0.0,0.0,0.0,0.0,0.0
49840,2023.0,12.0,13.0,2.0,16.91914,16.93567,15.841121,15.629066,16.692175,16.531137,16.471222,16.329666,15.177863,15.029578,15.3868,15.210418,17.597572,17.392973,16.817373,16.645472,15.023134,14.887738,0.0,0.0,0.0,0.0,0.0,0.0,0.0,0.0
49841,2023.0,12.0,13.0,2.0,16.872341,16.888538,15.879888,15.71449,16.641972,16.481295,16.419992,16.278784,15.732147,16.103092,15.338932,15.16152,17.55575,17.349873,16.767149,16.594387,14.99892,14.86895,0.0,0.0,0.0,4.0,0.0,0.0,0.0,0.0
49842,2023.0,12.0,13.0,3.0,16.822617,16.837687,15.848802,15.686575,16.58785,16.426918,16.36483,16.223333,15.378506,15.240383,15.588238,15.671785,17.510773,17.303371,16.713306,16.539446,15.003145,14.897567,0.0,0.0,0.0,0.0,4.0,0.0,0.0,0.0
49843,2023.0,12.0,13.0,3.0,16.77499,16.78909,16.300587,16.567322,16.536024,16.375029,16.312353,16.170666,15.182953,15.033465,15.418868,15.270834,17.46761,17.259089,16.662067,16.487675,15.685549,16.198484,4.0,0.0,0.0,0.0,0.0,0.0,0.0,4.0
49844,2023.0,12.0,13.0,3.0,16.733158,16.74563,16.01963,15.962233,16.490824,16.328775,16.266977,16.123987,15.127741,14.9740505,15.300138,15.120845,17.429737,17.219397,16.61748,16.441647,15.178282,15.075799,0.0,0.0,0.0,0.0,0.0,0.0,0.0,0.0
49845,2023.0,12.0,13.0,3.0,16.703016,16.725657,15.838324,15.682856,16.445871,16.282778,16.222118,16.077787,15.084145,14.928268,15.540961,15.618189,17.392046,17.179901,16.573296,16.396013,15.532385,15.820238,0.0,0.0,0.0,0.0,4.0,0.0,0.0,4.0
49846,2023.0,12.0,13.0,3.0,16.671518,16.698622,15.770616,15.603864,16.40176,16.237257,16.178299,16.032248,15.043981,14.886186,15.29605,15.101947,17.354904,17.140814,16.530031,16.351154,15.68987,16.006706,0.0,0.0,0.0,0.0,0.0,0.0,0.0,4.0
49847,2023.0,12.0,13.0,3.0,16.634272,16.660887,15.72208,15.554937,16.359997,16.195606,16.137184,15.990815,15.588041,15.939262,15.198747,15.010137,17.319294,17.104408,16.488655,16.309343,14.9593525,14.713949,0.0,0.0,0.0,4.0,0.0,0.0,0.0,0.0
49848,2023.0,12.0,13.0,4.0,16.593414,16.618458,15.672689,15.504556,16.314156,16.14911,16.091915,15.944601,15.253915,15.117242,15.14549,14.957559,17.280176,17.06403,16.44351,16.263376,15.49856,15.81087,0.0,0.0,0.0,0.0,0.0,0.0,0.0,4.0
49849,2023.0,12.0,13.0,4.0,16.55788,16.581755,16.135927,16.408096,16.27447,16.109175,16.052608,15.904829,14.985434,14.72927,15.099565,14.910567,17.246027,17.029133,16.404217,16.223507,14.940223,14.742449,4.0,0.0,0.0,0.0,0.0,0.0,0.0,0.0
49850,2023.0,12.0,13.0,4.0,16.519615,16.542986,15.861754,15.771267,16.232136,16.067232,16.010496,15.86298,15.016527,14.833472,15.052578,14.863456,17.2097,16.99257,16.36231,16.181524,15.028692,14.9438715,0.0,0.0,0.0,0.0,0.0,0.0,0.0,0.0
49851,2023.0,12.0,13.0,4.0,16.480742,16.502087,15.641331,15.471513,16.188826,16.0223,15.96733,15.818108,15.0006,14.849846,15.006678,14.815852,17.173254,16.955038,16.320696,16.139046,15.022204,14.943821,0.0,0.0,0.0,0.0,0.0,0.0,0.0,0.0
49852,2023.0,12.0,13.0,4.0,16.443977,16.464985,15.574408,15.40424,16.14892,15.98305,15.927487,15.778854,15.004283,14.889096,15.002474,14.846238,17.138863,16.920698,16.281437,16.100006,15.005402,14.937059,0.0,0.0,0.0,0.0,0.0,0.0,0.0,0.0
49853,2023.0,12.0,13.0,4.0,16.407848,16.428434,15.52549,15.355835,16.110046,15.944791,15.888665,15.740584,15.005377,14.911095,15.004288,14.870178,17.105335,16.887226,16.243343,16.062126,15.008255,14.96599,0.0,0.0,0.0,0.0,0.0,0.0,0.0,0.0
49854,2023.0,12.0,13.0,5.0,16.37273,16.393232,15.48335,15.31611,16.073307,15.909891,15.852017,15.705693,15.004112,14.923724,15.249324,15.343431,17.073097,16.85558,16.206747,16.026213,15.00456,14.971504,0.0,0.0,0.0,0.0,4.0,0.0,0.0,0.0
49855,2023.0,12.0,13.0,5.0,16.337873,16.358063,15.442684,15.27596,16.036314,15.873622,15.815317,15.669536,15.005476,14.940131,15.036136,14.857855,17.041277,16.824121,16.170797,15.990692,15.007354,14.989137,0.0,0.0,0.0,0.0,0.0,0.0,0.0,0.0
49856,2023.0,12.0,13.0,5.0,16.30364,16.323362,15.402369,15.234631,15.998795,15.835572,15.778134,15.63169,15.008971,14.96057,15.006564,14.904798,17.009686,16.79249,16.135347,15.955321,15.010778,15.00834,0.0,0.0,0.0,0.0,0.0,0.0,0.0,0.0
49857,2023.0,12.0,13.0,5.0,16.271872,16.292898,15.368142,15.203983,15.965489,15.805355,15.745158,15.601625,15.478981,15.847235,15.003954,14.907586,16.980278,16.764784,16.102182,15.9238615,15.005407,15.005383,0.0,0.0,0.0,4.0,0.0,0.0,0.0,0.0
49858,2023.0,12.0,13.0,5.0,16.23962,16.260433,15.332354,15.168691,15.930364,15.770845,15.710399,15.567321,15.086261,14.9404955,15.00581,14.9244585,16.949934,16.734818,16.068321,15.890423,15.007231,15.017324,0.0,0.0,0.0,0.0,0.0,0.0,0.0,0.0
49859,2023.0,12.0,13.0,5.0,16.206299,16.22537,15.294855,15.128904,15.893292,15.731959,15.673802,15.528791,15.00899,14.962769,15.009507,14.944297,16.91866,16.7027,16.033783,15.855148,15.013122,15.037319,0.0,0.0,0.0,0.0,0.0,0.0,0.0,0.0
49860,2023.0,12.0,13.0,6.0,16.176294,16.19671,15.264258,15.102024,15.861878,15.703946,15.642841,15.501027,15.0039625,14.956622,15.005061,14.943468,17.681185,18.172144,16.002438,15.825838,15.00621,15.029531,0.0,0.0,0.0,0.0,0.0,4.0,0.0,0.0
49861,2023.0,12.0,13.0,6.0,21.025763,24.597631,15.232429,15.071684,20.943527,24.60527,20.857609,24.61423,15.0068445,14.976299,15.006441,14.955042,21.521053,24.601618,21.444447,24.97673,15.007766,15.039266,0.0,0.0,0.0,0.0,0.0,4.0,0.0,0.0
49862,2023.0,12.0,13.0,6.0,21.007559,24.032791,15.683202,15.941446,21.012112,24.117933,21.01343,24.27545,15.458161,15.827767,15.006423,14.962427,21.05474,23.340612,22.002375,25.544664,15.007214,15.04253,4.0,0.0,0.0,4.0,0.0,0.0,0.0,0.0
49863,2023.0,12.0,13.0,6.0,21.726883,24.696962,20.032522,23.306149,21.504124,24.443392,21.449116,24.509361,20.134634,23.771162,15.006772,14.967938,21.221596,23.31947,22.395014,25.719133,15.576107,16.10927,0.0,0.0,0.0,0.0,0.0,0.0,0.0,4.0
49864,2023.0,12.0,13.0,6.0,20.901972,23.077564,17.700636,18.16802,20.948711,23.224789,20.972645,23.415398,17.035942,17.06264,15.00551,14.966037,21.045086,22.803755,20.894402,22.76212,20.328018,24.214434,0.0,0.0,0.0,0.0,0.0,0.0,4.0,0.0
49865,2023.0,12.0,13.0,6.0,21.10143,23.317331,16.162281,16.085667,21.073547,23.297266,21.099117,23.498108,16.009573,16.101952,15.157138,15.243245,21.084127,22.737959,21.084602,23.012983,17.521255,18.036232,0.0,4.0,0.0,4.0,4.0,0.0,4.0,4.0
49866,2023.0,12.0,13.0,7.0,21.46567,23.59107,15.865154,15.717468,21.364058,23.567743,21.623041,24.023005,20.599298,23.8123,20.278801,23.711256,21.51873,23.226503,21.706215,23.75707,20.552896,23.892368,0.0,4.0,0.0,0.0,0.0,0.0,0.0,0.0
49867,2023.0,12.0,13.0,7.0,21.08742,23.059084,16.18606,16.429502,20.93509,22.66396,20.911171,22.749075,17.533175,17.520115,17.592066,18.093931,20.940437,22.190702,20.882576,22.29933,18.115543,18.599451,4.0,4.0,0.0,0.0,0.0,0.0,0.0,4.0
49868,2023.0,12.0,13.0,7.0,22.082922,24.55896,20.319998,23.557594,21.183184,23.119831,21.197681,23.273977,16.178162,15.992655,15.905946,15.751152,21.841936,23.70603,21.239408,22.969543,20.364323,23.202244,4.0,0.0,4.0,0.0,0.0,0.0,4.0,4.0
49869,2023.0,12.0,13.0,7.0,21.833939,23.919798,20.043852,22.560719,22.134405,24.533844,21.894178,24.375841,16.760979,17.300869,15.587771,15.393101,21.519121,23.04328,22.279999,24.853567,20.026438,22.277367,0.0,4.0,4.0,4.0,0.0,0.0,0.0,4.0
49870,2023.0,12.0,13.0,7.0,21.070843,22.67824,17.867912,18.060751,21.024183,22.598003,20.924253,22.500977,20.341818,23.40083,15.849185,16.011578,20.96563,22.008835,20.915466,22.16112,20.069057,22.175695,4.0,4.0,0.0,0.0,4.0,0.0,0.0,4.0
49871,2023.0,12.0,13.0,7.0,21.875202,24.0884,20.240438,22.839231,21.170872,22.880508,21.18731,23.018633,17.440042,17.319998,20.48027,23.737526,21.671003,23.226141,21.211107,22.773207,21.441809,24.298933,0.0,4.0,0.0,0.0,4.0,4.0,0.0,0.0
49872,2023.0,12.0,13.0,8.0,20.925676,22.283068,17.764313,17.681623,21.065351,22.653803,21.061842,22.726305,16.7753,16.979977,20.040401,22.621874,21.019262,22.11261,21.059597,22.506418,18.557215,18.421581,0.0,4.0,4.0,4.0,0.0,4.0,0.0,0.0
49873,2023.0,12.0,13.0,8.0,19.650639,19.9338,17.106668,17.300701,19.519903,19.67987,19.44599,19.616543,20.474213,23.271414,17.737278,17.844707,19.946629,20.059393,20.266468,20.964285,17.791714,18.099037,4.0,4.0,4.0,0.0,4.0,4.0,4.0,4.0
49874,2023.0,12.0,13.0,8.0,18.372055,18.02597,20.316547,22.941437,18.716309,18.721996,18.615597,18.64063,18.128601,18.448236,20.451801,22.94465,19.499897,19.58193,18.675594,18.247244,21.60218,24.507076,4.0,4.0,4.0,4.0,4.0,4.0,0.0,4.0
49875,2023.0,12.0,13.0,8.0,18.489885,18.677435,20.051373,22.128592,18.43989,18.44583,18.333511,18.359476,21.848051,25.205992,20.045628,22.07196,19.335676,19.427845,18.909184,19.259905,21.05056,23.299425,0.0,4.0,4.0,4.0,0.0,4.0,4.0,0.0
49876,2023.0,12.0,13.0,8.0,17.83915,17.508661,18.16638,18.298405,18.247297,18.264822,17.505178,16.996765,19.868803,21.497343,17.777834,17.543228,19.199722,19.30013,19.003971,19.371433,18.00849,17.713701,4.0,4.0,0.0,4.0,0.0,4.0,4.0,0.0
49877,2023.0,12.0,13.0,8.0,17.36095,16.943296,20.231077,22.492687,18.090166,18.118074,17.671715,17.65578,20.130333,21.943829,16.796522,16.524666,19.085485,19.192017,17.969723,17.531097,16.94952,16.469923,0.0,4.0,4.0,0.0,0.0,4.0,0.0,0.0
49878,2023.0,12.0,13.0,9.0,17.132954,16.723747,18.00297,17.91233,17.323147,16.81072,17.101238,16.60736,17.957996,17.689087,16.561115,16.31533,18.3198,17.841768,17.405247,16.901999,16.529057,16.043352,0.0,0.0,0.0,0.0,0.0,0.0,0.0,0.0
49879,2023.0,12.0,13.0,9.0,17.31466,17.244318,17.261541,16.994116,16.930397,16.300182,16.724863,16.116566,17.028328,16.4324,16.368748,16.114109,17.913427,17.30633,17.172123,16.655096,16.537703,16.311846,0.0,0.0,0.0,0.0,0.0,0.0,0.0,0.0
49880,2023.0,12.0,13.0,9.0,17.260073,17.210083,17.037853,16.800835,17.451176,17.452484,16.544258,15.951891,16.96825,16.680965,16.209442,15.968722,17.731213,17.137444,17.003162,16.500925,16.407347,16.204964,0.0,4.0,0.0,0.0,0.0,0.0,0.0,0.0
49881,2023.0,12.0,13.0,9.0,17.171164,17.12534,16.824072,16.589176,16.861874,16.348042,16.69128,16.412376,16.803411,16.561106,16.06276,15.827555,18.372292,18.494337,17.106594,16.867311,16.257082,16.063026,0.0,0.0,0.0,0.0,0.0,4.0,0.0,0.0
49882,2023.0,12.0,13.0,9.0,17.082497,17.039036,16.64393,16.408321,17.25172,17.260654,16.674547,16.453672,16.60758,16.375086,15.92828,15.697209,17.729992,17.197882,17.070736,16.865194,16.11547,15.926303,0.0,4.0,0.0,0.0,0.0,0.0,0.0,0.0
49883,2023.0,12.0,13.0,9.0,16.99649,16.95349,16.973114,17.162027,17.348244,17.426125,16.58622,16.369555,16.428482,16.19993,15.80458,15.574997,17.446177,16.863241,16.983477,16.781849,15.985001,15.797933,4.0,4.0,0.0,0.0,0.0,0.0,0.0,0.0
49884,2023.0,12.0,13.0,10.0,16.918547,16.879177,20.239927,22.966047,16.668024,16.1842,16.501785,16.29028,16.27401,16.054197,15.694467,15.46849,17.31955,16.744164,16.895699,16.691767,16.82533,17.489162,4.0,0.0,0.0,0.0,0.0,0.0,0.0,4.0
49885,2023.0,12.0,13.0,10.0,16.832659,16.794754,20.05473,22.216148,16.283947,15.707001,16.41013,16.202944,16.111639,15.899432,15.57869,15.356901,18.307455,18.764503,16.802446,16.599451,20.318062,23.374477,0.0,0.0,0.0,0.0,0.0,4.0,0.0,0.0
49886,2023.0,12.0,13.0,10.0,17.523432,18.16082,17.811924,17.674154,16.815672,16.832205,16.32594,16.121475,15.969163,15.763742,15.481166,15.266099,17.614376,17.149212,16.716871,16.514725,17.4518,17.355684,0.0,4.0,0.0,0.0,0.0,0.0,0.0,0.0
49887,2023.0,12.0,13.0,10.0,17.04592,17.142248,17.11762,16.834133,16.306978,15.824219,16.258411,16.054182,15.863145,15.659413,15.81289,15.952829,18.062595,18.202936,16.647692,16.444305,17.349617,17.665071,0.0,0.0,0.0,0.0,4.0,4.0,0.0,4.0
49888,2023.0,12.0,13.0,10.0,16.49107,16.171537,16.921661,16.681824,16.733555,16.760284,16.915907,17.343588,15.768099,15.5702915,20.213583,23.491894,18.179884,18.322966,16.58397,16.381842,21.072554,24.127996,0.0,4.0,4.0,0.0,4.0,4.0,0.0,0.0
49889,2023.0,12.0,13.0,10.0,16.968882,17.240051,16.694838,16.460794,16.944939,17.05311,16.572496,16.526087,15.6688385,15.475994,20.005537,22.587023,17.497534,17.029335,16.517681,16.316713,18.181328,18.081926,0.0,4.0,0.0,0.0,4.0,0.0,0.0,0.0
49890,2023.0,12.0,13.0,11.0,17.192865,17.53277,16.500093,16.26254,16.27114,15.793289,15.922547,15.437246,15.576895,15.386319,20.113817,22.4307,17.92365,18.08428,16.455038,16.25387,16.602007,16.118383,0.0,0.0,0.0,0.0,0.0,4.0,0.0,0.0
49891,2023.0,12.0,13.0,11.0,16.551413,16.32097,16.80143,16.961702,15.932446,15.378458,15.672573,15.136563,15.495289,15.305404,17.658957,17.446745,17.360466,16.864523,16.398746,16.199537,16.443438,16.196548,4.0,0.0,0.0,0.0,0.0,0.0,0.0,0.0
49892,2023.0,12.0,13.0,11.0,16.24952,15.89711,20.24415,23.074394,15.816388,15.257277,15.856675,15.5977745,15.4306345,15.2403,16.92324,16.592094,17.086163,16.521513,16.351257,16.152712,16.334993,16.124447,0.0,0.0,0.0,0.0,0.0,0.0,0.0,0.0
49893,2023.0,12.0,13.0,11.0,16.095875,15.73203,18.121529,18.493605,16.003544,15.735502,15.925794,15.726572,15.364816,15.176932,16.708385,16.429941,16.965073,16.407095,16.301376,16.104427,17.11687,17.754955,0.0,0.0,0.0,0.0,0.0,0.0,0.0,4.0
49894,2023.0,12.0,13.0,11.0,16.286253,16.207596,17.074417,16.882904,16.05719,15.853557,15.895159,15.703646,15.312087,15.124657,16.509851,16.23805,17.153976,16.87739,16.258303,16.061998,20.319033,23.243282,0.0,0.0,0.0,0.0,0.0,0.0,0.0,0.0
49895,2023.0,12.0,13.0,11.0,16.36283,16.35141,17.180689,17.343807,16.025955,15.829227,15.853263,15.664718,15.257064,15.071506,16.309557,16.051273,17.205471,16.965008,16.213287,16.018562,17.542267,17.426754,4.0,0.0,0.0,0.0,0.0,0.0,0.0,0.0
49896,2023.0,12.0,13.0,12.0,16.333364,16.329533,20.25502,22.869713,15.990006,15.796521,15.815898,15.628637,15.211195,15.025816,16.158258,15.901015,17.171078,16.934412,17.201662,17.911566,16.556974,16.054852,0.0,0.0,0.0,0.0,0.0,0.0,4.0,0.0
49897,2023.0,12.0,13.0,12.0,21.284782,25.066147,18.195944,18.50039,21.047022,24.687866,20.987917,24.706627,15.162154,14.976675,16.00628,15.760039,21.117245,23.673515,21.26408,24.63341,16.446999,16.20507,0.0,0.0,0.0,0.0,0.0,0.0,0.0,0.0
49898,2023.0,12.0,13.0,12.0,20.996916,23.95432,17.377247,17.610653,21.009083,24.016172,21.009867,24.136297,15.117632,14.9318,15.868159,15.626705,21.021652,23.27445,21.755587,24.944178,16.310991,16.09303,4.0,0.0,0.0,0.0,0.0,0.0,0.0,0.0
49899,2023.0,12.0,13.0,12.0,21.140915,23.851612,20.28794,22.759905,21.142242,23.895437,21.141422,24.001541,15.081098,14.895848,16.165537,16.295918,21.113855,23.181108,22.094362,25.018389,16.14834,15.940749,4.0,0.0,0.0,0.0,4.0,0.0,0.0,0.0
49900,2023.0,12.0,13.0,12.0,21.075962,23.464294,20.036123,21.970982,21.08112,23.514126,21.062014,23.560507,15.051063,14.865873,20.482038,23.494764,21.065147,22.884256,20.9021,22.695238,16.011719,15.809798,4.0,0.0,4.0,0.0,4.0,0.0,0.0,0.0
49901,2023.0,12.0,13.0,12.0,21.445,23.85091,20.096136,21.91222,21.079992,23.331308,21.065063,23.386793,15.026019,14.841365,20.015812,22.37982,21.338726,23.177832,21.096714,22.998709,16.941708,17.679258,0.0,0.0,4.0,0.0,0.0,0.0,0.0,4.0
49902,2023.0,12.0,13.0,13.0,21.076513,23.163828,18.32946,18.36412,21.078226,23.196327,21.107798,23.31731,15.004087,14.820259,17.928965,18.075655,21.064522,22.63581,22.146057,24.614567,20.308868,23.295,4.0,0.0,0.0,0.0,0.0,0.0,0.0,0.0
49903,2023.0,12.0,13.0,13.0,21.159605,23.251192,20.253016,22.306128,21.158375,23.25794,21.154066,23.278484,15.001847,14.83394,16.759031,16.52741,21.126614,22.67755,21.161777,22.92223,17.464718,17.305517,0.0,0.0,0.0,0.0,0.0,0.0,0.0,0.0
49904,2023.0,12.0,13.0,13.0,21.06379,22.957817,18.080002,17.876356,21.074898,23.0128,21.096975,23.062464,15.002035,14.846549,16.435194,16.177057,21.058922,22.477076,21.071527,22.71177,16.140831,15.66434,0.0,0.0,0.0,0.0,0.0,0.0,0.0,0.0
49905,2023.0,12.0,13.0,13.0,21.092854,22.976612,17.121326,16.852425,21.071285,22.946827,21.071142,22.978594,15.00302,14.85883,16.220427,15.950702,21.056334,22.423325,21.06559,22.676321,16.112043,15.904263,0.0,0.0,0.0,0.0,0.0,0.0,0.0,0.0
49906,2023.0,12.0,13.0,13.0,21.085346,22.909124,17.396605,17.57429,21.046928,22.831657,21.07593,22.956512,15.003203,14.868201,16.488897,16.60589,21.026747,22.307665,21.066793,22.655506,16.03633,15.832603,4.0,4.0,0.0,0.0,4.0,4.0,0.0,0.0
49907,2023.0,12.0,13.0,13.0,21.160511,23.014471,20.253807,22.680443,21.168226,23.05833,21.163935,23.104181,15.3188925,15.09861,20.372225,23.09209,21.132828,22.476746,21.191456,22.882816,15.9256735,15.730297,0.0,0.0,0.0,0.0,0.0,0.0,0.0,0.0
49908,2023.0,12.0,13.0,14.0,21.065683,22.825489,18.605452,19.124279,21.091871,22.82657,21.073957,22.89542,15.091353,14.907068,18.02695,18.276878,21.071873,22.300814,21.065788,22.60801,15.822989,15.630915,4.0,0.0,0.0,0.0,0.0,0.0,0.0,0.0
49909,2023.0,12.0,13.0,14.0,19.905622,20.566164,20.276073,22.485462,19.420042,19.536251,19.725838,20.256357,15.008369,14.815645,16.65394,16.425705,19.269634,18.798666,19.346924,19.283829,15.73348,15.542248,0.0,4.0,4.0,0.0,0.0,0.0,0.0,0.0
49910,2023.0,12.0,13.0,14.0,18.718367,18.771736,18.008705,17.835796,17.953375,17.370523,19.029612,19.444307,15.0037985,14.843262,16.32691,16.065565,18.706415,18.37084,18.439478,18.191973,15.650781,15.459011,0.0,0.0,4.0,0.0,0.0,0.0,0.0,0.0
49911,2023.0,12.0,13.0,14.0,18.47618,18.660051,16.622583,15.958351,17.32161,16.621298,18.37454,18.373304,15.004252,14.867161,16.127394,15.856611,18.537298,18.23058,18.067835,17.79605,15.571982,15.377131,0.0,0.0,4.0,0.0,0.0,0.0,0.0,0.0
49912,2023.0,12.0,13.0,14.0,18.343288,18.545813,16.589802,16.245102,17.356756,17.010933,17.38483,16.79966,15.004787,14.886974,15.97397,15.707939,18.347769,18.050884,17.81376,17.550188,15.501633,15.30662,0.0,0.0,0.0,0.0,0.0,0.0,0.0,0.0
49913,2023.0,12.0,13.0,14.0,17.505962,17.111988,17.00406,17.132967,17.277557,16.99051,16.86793,16.208258,15.005176,14.903167,16.236235,16.32103,18.986311,19.420132,17.60009,17.341726,15.434739,15.238419,4.0,0.0,0.0,0.0,4.0,4.0,0.0,0.0
49914,2023.0,12.0,13.0,15.0,17.055784,16.596056,20.251545,22.877394,17.812147,18.141783,16.600225,15.945863,15.236444,15.005843,20.32377,23.115425,18.079393,17.532232,17.419167,17.167976,15.372386,15.175298,4.0,4.0,0.0,0.0,0.0,0.0,0.0,0.0
49915,2023.0,12.0,13.0,15.0,16.836504,16.384357,20.038647,22.06591,18.018925,18.444866,16.708134,16.379894,14.993944,14.827946,17.930305,18.179604,17.55508,16.921585,17.261005,17.015076,15.313881,15.116386,4.0,4.0,0.0,0.0,0.0,0.0,0.0,0.0
49916,2023.0,12.0,13.0,15.0,17.763857,18.325178,20.08014,21.906288,17.612156,17.657642,17.41961,17.784998,15.008821,14.887107,16.5145,16.274942,18.158754,18.229479,17.122416,16.880707,15.259079,15.060847,4.0,4.0,4.0,0.0,0.0,4.0,0.0,0.0
49917,2023.0,12.0,13.0,15.0,17.097645,16.827272,20.090439,21.78068,16.752752,16.193142,17.030565,16.936268,15.005437,14.904888,16.597107,16.676807,17.642706,17.105844,17.000277,16.763046,15.208199,15.009501,0.0,0.0,0.0,0.0,4.0,0.0,0.0,0.0
49918,2023.0,12.0,13.0,15.0,17.305492,17.52206,18.030266,17.717627,17.01738,16.958736,16.986746,17.014174,15.250258,15.011226,20.376953,23.023188,18.032896,18.110907,16.891056,16.658283,15.159899,14.960857,0.0,4.0,4.0,0.0,0.0,4.0,0.0,0.0
49919,2023.0,12.0,13.0,15.0,16.7897,16.482683,17.625631,17.693142,16.518559,15.972906,17.008293,17.058231,14.993047,14.831641,18.045639,18.26042,17.516878,16.996696,16.788273,16.553047,15.114049,14.914639,4.0,0.0,4.0,0.0,0.0,0.0,0.0,0.0
49920,2023.0,12.0,13.0,16.0,17.13947,17.365257,20.248365,22.42594,16.140528,15.504629,16.316278,15.799833,15.624816,16.05733,17.036242,17.091837,17.132265,16.52729,17.699516,18.348125,15.070691,14.870821,0.0,0.0,0.0,4.0,4.0,0.0,4.0,0.0
49921,2023.0,12.0,13.0,16.0,17.310673,17.578966,18.694748,19.13046,16.673283,16.632685,15.932801,15.324846,21.232286,25.42099,20.414312,22.888897,16.981045,16.371311,17.80707,18.208593,15.029897,14.830547,4.0,4.0,0.0,4.0,0.0,0.0,4.0,0.0
49922,2023.0,12.0,13.0,16.0,17.318275,17.593927,20.27116,22.256102,16.89346,16.937893,15.782149,15.172881,19.887697,22.483997,18.12432,18.269459,18.007359,18.446714,16.813175,16.353619,14.999343,14.810081,4.0,4.0,0.0,0.0,0.0,4.0,0.0,0.0
49923,2023.0,12.0,13.0,16.0,16.653383,16.359516,20.038942,21.618225,16.900105,16.951456,15.9669,15.663008,17.711563,17.975464,17.188175,17.233608,17.318266,16.80879,16.362995,15.849337,15.003886,14.843378,4.0,4.0,0.0,4.0,4.0,0.0,0.0,0.0
49924,2023.0,12.0,13.0,16.0,17.014418,17.254482,20.154654,21.731508,16.889833,16.944908,16.031527,15.791253,21.962135,25.583101,20.438484,22.832127,17.678665,17.797913,16.20721,15.694795,15.322097,15.090967,4.0,4.0,0.0,4.0,0.0,4.0,0.0,0.0
49925,2023.0,12.0,13.0,16.0,17.207733,17.494473,20.067543,21.47167,16.21739,15.706874,16.7136,17.114498,19.876823,21.710438,18.19615,18.323072,17.183908,16.67638,16.093163,15.587384,15.087369,14.899197,4.0,0.0,4.0,0.0,0.0,0.0,0.0,0.0
49926,2023.0,12.0,13.0,17.0,17.223207,17.511162,20.085102,21.461365,15.849534,15.244492,17.010357,17.478857,17.589653,17.266714,16.94246,16.675999,16.828232,16.247208,16.2418,15.988847,14.998145,14.807006,0.0,0.0,4.0,0.0,0.0,0.0,0.0,0.0
49927,2023.0,12.0,13.0,17.0,17.226555,17.514507,18.565666,18.487734,16.403652,16.395824,16.734535,16.870676,17.109623,17.148308,16.603048,16.310637,16.704266,16.118126,16.274752,16.044592,15.005562,14.854404,4.0,4.0,4.0,4.0,0.0,0.0,0.0,0.0
49928,2023.0,12.0,13.0,17.0,17.218409,17.50088,20.237043,21.930355,16.640781,16.717146,16.607513,16.705084,20.4525,22.915869,16.378475,16.081121,16.905447,16.609798,16.230476,16.003605,15.004476,14.8776,4.0,4.0,4.0,4.0,0.0,0.0,0.0,0.0
49929,2023.0,12.0,13.0,17.0,17.210238,17.490484,20.037666,21.414137,16.659683,16.740957,16.58617,16.681896,20.052328,22.066671,16.613155,16.685762,16.96438,16.693039,16.181171,15.955301,15.842183,16.471523,4.0,4.0,4.0,0.0,4.0,0.0,0.0,4.0
49930,2023.0,12.0,13.0,17.0,16.55092,16.265018,20.08793,21.455359,16.659721,16.741976,15.932968,15.478135,17.681824,17.362926,20.38076,22.995201,16.935028,16.666677,16.134113,15.910026,20.064453,23.555435,0.0,4.0,0.0,0.0,0.0,0.0,0.0,0.0
49931,2023.0,12.0,13.0,17.0,16.158257,15.747718,18.582905,18.498486,15.99615,15.510406,16.248346,16.277662,16.46603,15.88764,18.363152,18.80864,17.659643,18.064682,17.114092,17.793325,16.92509,16.870256,4.0,0.0,4.0,0.0,4.0,4.0,4.0,0.0
49932,2023.0,12.0,13.0,18.0,16.78186,17.012953,20.222027,21.674944,16.386591,16.38946,16.406155,16.512428,16.412003,16.0975,20.373423,22.403513,17.600975,17.754078,17.175043,17.638384,15.840432,15.33761,4.0,4.0,4.0,0.0,0.0,4.0,4.0,0.0
49933,2023.0,12.0,13.0,18.0,21.07377,24.328272,20.03936,21.263338,21.24589,24.846764,21.237898,24.886324,16.290728,16.025162,18.330845,18.39321,21.23638,24.047773,22.134007,26.122993,15.749907,15.505504,4.0,4.0,4.0,0.0,0.0,4.0,4.0,0.0
49934,2023.0,12.0,13.0,18.0,21.029469,23.735945,20.067099,21.283833,21.027618,23.853815,21.023005,23.913187,16.10551,15.852402,17.147768,16.853859,21.062016,23.373472,21.805504,24.917427,15.646677,15.427988,4.0,4.0,4.0,0.0,0.0,0.0,0.0,0.0
49935,2023.0,12.0,13.0,18.0,21.108738,23.594381,20.063038,21.25196,21.117115,23.680004,21.12075,23.75713,15.944272,15.70059,16.791744,16.475288,22.137722,24.935104,23.255651,27.062288,15.513309,15.303679,4.0,0.0,0.0,0.0,0.0,4.0,4.0,0.0
49936,2023.0,12.0,13.0,18.0,21.06987,23.28139,20.063206,21.235334,21.077927,23.330275,21.080969,23.408491,15.809536,15.575452,16.574934,16.268436,20.962584,22.535378,20.842691,22.426157,15.406504,15.205219,4.0,4.0,4.0,0.0,0.0,0.0,0.0,0.0
49937,2023.0,12.0,13.0,18.0,21.07384,23.141352,20.08078,21.272131,21.081577,23.163116,21.108343,23.30882,15.694287,15.468626,16.397879,16.102594,21.095877,22.679031,22.859425,25.874685,15.31878,15.124866,0.0,4.0,0.0,0.0,0.0,0.0,0.0,0.0
49938,2023.0,12.0,13.0,19.0,21.096912,23.100147,18.353172,17.955976,21.10243,23.097477,21.10063,23.16405,15.59515,15.377096,16.24971,15.967263,21.04993,22.472095,20.869331,22.151957,15.240652,15.046592,0.0,0.0,0.0,0.0,0.0,4.0,0.0,0.0
49939,2023.0,12.0,13.0,19.0,21.09016,23.000101,18.107113,18.164349,21.071182,22.916485,21.076632,23.063265,16.332146,16.853148,16.116573,15.84147,21.05453,22.413961,21.062208,22.560114,15.172352,14.979053,4.0,4.0,0.0,4.0,0.0,4.0,4.0,0.0
49940,2023.0,12.0,13.0,19.0,21.089294,22.929756,20.208065,21.97461,21.075409,22.852243,21.078766,23.021326,20.240307,23.43753,16.409264,16.503712,21.082222,22.434723,21.05243,22.536922,16.073908,16.731459,4.0,4.0,0.0,0.0,4.0,0.0,4.0,4.0
49941,2023.0,12.0,13.0,19.0,21.161364,23.059423,20.125067,21.631691,21.160675,22.966675,21.162287,23.148525,17.26034,17.08855,20.453108,23.258068,21.12498,22.45149,21.192347,22.83469,20.435907,24.003233,4.0,4.0,0.0,0.0,0.0,4.0,0.0,0.0
49942,2023.0,12.0,13.0,19.0,21.042635,22.782585,20.067122,21.404839,21.072166,22.74179,21.051226,22.868946,15.774116,15.2336445,18.011301,18.220083,21.080503,22.343632,21.044231,22.487522,17.192608,17.086386,4.0,4.0,4.0,0.0,0.0,0.0,4.0,0.0
49943,2023.0,12.0,13.0,19.0,21.04718,22.782145,20.062256,21.325167,21.070301,22.701237,21.0551,22.851562,15.779252,15.538995,16.648853,16.395107,21.073244,22.292633,21.092098,22.595396,15.666162,15.20235,4.0,4.0,4.0,0.0,0.0,0.0,0.0,0.0
49944,2023.0,12.0,13.0,20.0,21.065979,22.770025,20.08025,21.328156,21.068533,22.66647,21.075598,22.828175,15.732089,15.504416,16.346378,16.061508,21.072231,22.258745,21.079489,22.54946,15.625925,15.421547,0.0,4.0,4.0,0.0,0.0,0.0,0.0,0.0
49945,2023.0,12.0,13.0,20.0,21.064034,22.728903,18.318266,17.920906,21.094578,22.709671,21.098124,22.844954,15.632736,15.418408,16.188341,15.918016,21.053997,22.233347,21.082443,22.532352,15.5559,15.360656,0.0,0.0,0.0,0.0,0.0,0.0,0.0,0.0
49946,2023.0,12.0,13.0,20.0,21.126722,22.81621,17.618708,17.284946,21.134066,22.722786,21.183296,22.959898,15.528222,15.30776,16.041548,15.766374,21.111074,22.346802,21.129368,22.63528,15.4425955,15.242233,0.0,4.0,0.0,0.0,0.0,0.0,0.0,0.0
49947,2023.0,12.0,13.0,20.0,21.054354,22.64754,17.417904,17.112968,21.083988,22.629358,21.0549,22.651134,15.445961,15.231502,15.932691,15.673575,21.048447,22.216867,21.056303,22.494091,16.320166,16.98315,0.0,0.0,4.0,0.0,0.0,0.0,0.0,4.0
49948,2023.0,12.0,13.0,20.0,21.062923,22.646353,17.653503,17.741594,21.063248,22.546991,21.097881,22.73457,15.3687725,15.156432,15.824701,15.56706,21.055637,22.22851,21.065807,22.515766,20.200144,23.43057,4.0,4.0,0.0,0.0,0.0,0.0,0.0,0.0
49949,2023.0,12.0,13.0,20.0,21.168213,22.839935,20.245266,22.3914,21.067003,22.539455,21.064835,22.625038,15.299481,15.08775,15.72425,15.466094,21.13295,22.377707,21.064436,22.511383,17.187122,17.036144,0.0,4.0,4.0,0.0,0.0,0.0,0.0,0.0
49950,2023.0,12.0,13.0,21.0,21.060566,22.606316,18.460115,18.640938,21.090954,22.593328,21.07035,22.61927,15.238917,15.029021,15.6380005,15.383705,21.054077,22.21092,21.025269,22.402338,16.692177,17.061316,0.0,0.0,4.0,0.0,0.0,0.0,4.0,4.0
49951,2023.0,12.0,13.0,21.0,21.086851,22.664427,17.357792,17.140118,21.085308,22.56284,21.094088,22.67154,15.184044,14.975179,15.559793,15.307242,21.053894,22.203344,21.089909,22.525953,20.476921,23.443245,0.0,0.0,0.0,0.0,0.0,0.0,0.0,0.0
49952,2023.0,12.0,13.0,21.0,21.080908,22.632624,17.044006,16.770094,21.085186,22.543404,21.088,22.638132,15.1337595,14.925754,15.851614,15.91517,21.053732,22.195251,21.078707,22.473085,18.050056,18.39976,0.0,0.0,0.0,0.0,4.0,0.0,0.0,4.0
49953,2023.0,12.0,13.0,21.0,21.08099,22.613373,16.85966,16.581152,21.037579,22.45637,21.088377,22.617298,15.847034,16.30775,20.48061,23.610857,21.053234,22.18629,21.079288,22.44766,21.515738,24.760035,0.0,4.0,0.0,4.0,4.0,0.0,0.0,4.0
49954,2023.0,12.0,13.0,21.0,21.059637,22.594202,16.715513,16.435848,21.070185,22.560085,21.064348,22.591173,20.905806,24.653357,20.0136,22.456686,21.053043,22.17769,21.021196,22.319313,20.977448,23.555391,0.0,0.0,0.0,0.0,0.0,0.0,4.0,4.0
49955,2023.0,12.0,13.0,21.0,21.061205,22.605492,17.050228,17.16479,21.06142,22.484686,21.042116,22.535517,17.889456,18.21547,17.854988,17.988794,21.023186,22.091959,21.08852,22.459505,19.937517,21.482536,4.0,4.0,4.0,4.0,0.0,4.0,0.0,0.0
49956,2023.0,12.0,13.0,22.0,21.208914,22.883501,20.2627,22.817009,21.168789,22.695482,21.172775,22.825222,20.456459,23.261078,16.650242,16.392244,21.138472,22.341253,21.186594,22.633072,18.555664,18.792442,4.0,0.0,0.0,0.0,0.0,0.0,0.0,4.0
49957,2023.0,12.0,13.0,22.0,21.77794,23.826347,20.05284,22.010725,21.05797,22.428484,21.063633,22.539944,17.497467,17.27176,16.330994,16.048252,22.001446,23.741873,21.077742,22.391222,20.371206,22.349327,0.0,4.0,4.0,0.0,0.0,0.0,0.0,0.0
49958,2023.0,12.0,13.0,22.0,20.926102,22.158447,18.194336,18.172916,21.08866,22.49393,21.091085,22.586975,16.046013,15.474099,16.141417,15.864146,20.945929,21.742489,21.059181,22.373608,17.914356,17.550325,4.0,0.0,0.0,0.0,0.0,0.0,0.0,0.0
49959,2023.0,12.0,13.0,22.0,21.18769,22.694715,20.255764,22.313665,21.163742,22.60664,21.16114,22.682434,15.991988,15.717855,15.984624,15.707533,21.154375,22.212282,21.286156,22.810148,16.706121,16.110058,4.0,4.0,4.0,0.0,0.0,0.0,4.0,0.0
49960,2023.0,12.0,13.0,22.0,21.027529,22.398308,20.051556,21.683289,21.088068,22.459976,21.09118,22.543737,15.923943,15.682427,16.182234,16.202282,21.048697,22.02722,21.047443,22.302595,17.441679,17.895275,0.0,0.0,0.0,0.0,4.0,0.0,4.0,4.0
49961,2023.0,12.0,13.0,22.0,21.060587,22.455397,18.00368,17.60972,21.082394,22.433472,21.06086,22.446737,16.413548,16.741127,20.338139,23.120739,21.02084,21.971306,21.084791,22.392872,21.339201,24.239658,0.0,0.0,4.0,4.0,4.0,4.0,0.0,0.0
49962,2023.0,12.0,13.0,23.0,21.083427,22.514326,17.22438,16.878017,21.059473,22.41853,21.090418,22.510918,21.372028,25.032995,20.016521,22.295448,21.076113,22.078577,21.077103,22.357353,18.262272,18.000574,0.0,0.0,0.0,0.0,0.0,0.0,0.0,0.0
49963,2023.0,12.0,13.0,23.0,19.229364,18.945295,17.08113,16.776194,19.574541,19.589607,19.105564,18.69236,18.319931,18.650286,17.95485,18.06097,19.991308,19.945713,19.157026,18.653177,16.670124,16.100824,0.0,0.0,0.0,0.0,0.0,4.0,0.0,0.0
49964,2023.0,12.0,13.0,23.0,19.07804,19.066029,16.9378,16.628662,18.80699,18.490631,19.27459,19.503141,17.039274,16.778574,17.030912,16.720413,18.958004,18.236956,18.393623,17.692814,16.631243,16.344639,0.0,0.0,4.0,0.0,0.0,0.0,0.0,0.0
49965,2023.0,12.0,13.0,23.0,18.307608,17.77973,16.806704,16.501379,18.47713,18.143963,18.222418,17.582235,16.710484,16.44313,16.756247,16.4421,18.539728,17.769976,18.39415,18.049015,17.282902,17.71318,0.0,0.0,0.0,0.0,0.0,0.0,0.0,4.0
49966,2023.0,12.0,13.0,23.0,17.87397,17.260584,16.687923,16.382856,18.228569,17.895586,17.62377,16.8102,17.082205,17.361002,16.855536,16.819971,18.290596,17.529257,18.262331,17.97312,16.659111,16.45458,0.0,0.0,0.0,4.0,4.0,0.0,0.0,0.0
49967,2023.0,12.0,13.0,23.0,17.629778,17.025696,16.580328,16.277409,18.021189,17.692553,17.341635,16.535442,16.518135,16.28538,16.537653,16.286926,18.46916,18.10338,18.079144,17.801437,16.053885,15.512226,0.0,0.0,0.0,0.0,0.0,0.0,0.0,0.0
49968,2023.0,12.0,14.0,0.0,17.838903,17.65917,16.482391,16.181602,17.840504,17.516514,17.531086,17.158987,15.886778,15.293543,16.290628,15.998999,18.4365,18.12774,17.910276,17.640442,15.788098,15.226256,0.0,0.0,0.0,0.0,0.0,0.0,0.0,0.0
49969,2023.0,12.0,14.0,0.0,17.797703,17.670876,16.391666,16.092535,18.394917,18.70297,17.482067,17.175539,16.19307,16.097584,16.133978,15.84401,18.326746,18.027683,17.757677,17.49524,15.911525,15.655436,0.0,4.0,0.0,4.0,0.0,0.0,0.0,0.0
49970,2023.0,12.0,14.0,0.0,17.6868,17.566118,16.30623,16.00815,17.844978,17.64871,17.354301,17.05597,15.703487,15.184287,16.000763,15.716093,18.212345,17.909185,17.618153,17.361662,15.8797455,15.662423,0.0,0.0,0.0,0.0,0.0,0.0,0.0,0.0
49971,2023.0,12.0,14.0,0.0,18.335564,18.884743,16.225624,15.928064,17.102629,16.37226,17.229034,16.934658,15.381676,14.781316,15.880485,15.600222,18.106918,17.803415,17.484459,17.223722,15.783613,15.561868,0.0,0.0,0.0,0.0,0.0,0.0,0.0,0.0
49972,2023.0,12.0,14.0,0.0,17.80657,17.814213,16.630798,16.752365,16.787592,15.989274,17.110006,16.818275,15.523572,15.240144,15.769812,15.493002,18.009258,17.705153,17.363117,17.101746,15.690821,15.467761,4.0,0.0,0.0,0.0,0.0,0.0,0.0,0.0
49973,2023.0,12.0,14.0,0.0,17.101488,16.576197,16.298447,16.090858,17.022179,16.642263,16.99964,16.710915,16.144968,16.461983,15.66349,15.381979,17.918835,17.614693,17.251972,16.990906,15.604323,15.380916,0.0,0.0,0.0,4.0,0.0,0.0,0.0,0.0
49974,2023.0,12.0,14.0,1.0,16.826786,16.246569,16.578243,16.706049,17.032202,16.723139,16.896526,16.610518,15.672346,15.449254,15.566844,15.284833,17.834108,17.529856,17.148373,16.887518,15.523006,15.299187,4.0,0.0,0.0,0.0,0.0,0.0,0.0,0.0
49975,2023.0,12.0,14.0,1.0,17.082958,16.916374,16.258446,16.075716,16.947805,16.640911,16.796144,16.508692,15.153041,14.596123,15.473689,15.187771,17.750643,17.442492,17.048033,16.783844,15.44334,15.215995,0.0,0.0,0.0,0.0,0.0,0.0,0.0,0.0
49976,2023.0,12.0,14.0,1.0,17.089163,16.969992,15.597897,14.86598,16.86174,16.554823,16.702396,16.414595,14.999099,14.474981,15.386384,15.097709,17.671741,17.360537,16.95424,16.687965,15.36833,15.138453,0.0,0.0,0.0,0.0,0.0,0.0,0.0,0.0
49977,2023.0,12.0,14.0,1.0,17.010578,16.888857,15.246087,14.417844,16.761816,16.449999,16.59719,16.304106,15.147745,14.895717,15.287387,14.992414,17.5843,17.26725,16.850813,16.579124,15.284937,15.049737,0.0,0.0,0.0,0.0,0.0,0.0,0.0,0.0
49978,2023.0,12.0,14.0,1.0,16.942625,16.821522,15.514505,15.072482,16.68497,16.374107,16.517334,16.225292,15.703807,15.963588,15.50758,15.468685,17.51548,17.1966,16.769764,16.49707,15.219461,14.982667,0.0,0.0,0.0,4.0,4.0,0.0,0.0,0.0
49979,2023.0,12.0,14.0,1.0,17.64883,18.209908,15.603356,15.270819,16.607496,16.296146,16.43746,16.144938,15.8878765,16.184097,15.281872,15.020106,17.447054,17.125534,16.689762,16.415245,15.154547,14.915472,0.0,0.0,0.0,4.0,0.0,0.0,0.0,0.0
49980,2023.0,12.0,14.0,2.0,17.137138,17.126345,15.583089,15.263602,16.532022,16.218388,16.360043,16.065168,14.949024,14.544675,15.128805,14.828543,17.380371,17.054918,16.612236,16.334606,15.09137,14.848941,0.0,0.0,0.0,0.0,0.0,0.0,0.0,0.0
49981,2023.0,12.0,14.0,2.0,16.379913,15.836411,15.536296,15.217301,16.453537,16.140324,16.279627,15.985118,15.207505,15.120169,15.032862,14.729323,17.311348,16.98491,16.531408,16.2531,15.025468,14.781966,0.0,0.0,0.0,4.0,0.0,0.0,0.0,0.0
49982,2023.0,12.0,14.0,2.0,16.131212,15.515691,15.487675,15.16376,16.382528,16.063812,16.206907,15.906718,15.270105,15.182884,15.003239,14.736101,17.249756,16.918571,16.459995,16.177197,15.002852,14.78824,0.0,0.0,0.0,4.0,0.0,0.0,0.0,0.0
49983,2023.0,12.0,14.0,2.0,16.443329,16.276852,15.440553,15.119558,16.315928,16.001812,16.13876,15.84321,14.969965,14.698846,15.008556,14.787821,17.189203,16.859304,16.38914,16.10804,15.006664,14.830269,0.0,0.0,0.0,0.0,0.0,0.0,0.0,0.0
49984,2023.0,12.0,14.0,2.0,16.50327,16.37125,15.391554,15.071194,16.249681,15.93745,16.071127,15.777436,15.131331,15.022784,15.007964,14.821434,17.129955,16.800486,16.320255,16.040047,15.6308775,16.034245,0.0,0.0,0.0,4.0,0.0,0.0,0.0,4.0
49985,2023.0,12.0,14.0,2.0,16.460499,16.332766,15.342068,15.020832,16.184643,15.872443,16.005411,15.711394,14.997331,14.786908,15.008589,14.849825,17.071562,16.740974,16.252821,15.9720125,15.157742,14.926887,0.0,0.0,0.0,0.0,0.0,0.0,0.0,0.0
49986,2023.0,12.0,14.0,3.0,16.402887,16.271082,15.288844,14.961977,16.116959,15.799536,15.9372425,15.637633,15.037939,14.895691,15.014675,14.887296,17.012379,16.678003,16.184591,15.899971,15.033698,14.883371,0.0,0.0,0.0,0.0,0.0,0.0,0.0,0.0
49987,2023.0,12.0,14.0,3.0,16.355444,16.229755,15.248989,14.928949,16.06448,15.754995,15.884395,15.592461,15.462317,15.71664,15.116114,15.08374,16.963776,16.634438,16.12701,15.847247,15.002196,14.857569,0.0,0.0,0.0,4.0,4.0,0.0,0.0,0.0
49988,2023.0,12.0,14.0,3.0,16.31845,16.206602,15.208617,14.892084,16.011717,15.706559,15.83131,15.543406,15.071889,14.846534,14.987588,14.857407,16.916183,16.589754,16.070969,15.7941885,15.589254,15.995554,0.0,0.0,0.0,0.0,0.0,0.0,0.0,4.0
49989,2023.0,12.0,14.0,3.0,16.280611,16.175776,15.1672,14.852005,15.958258,15.654642,15.778072,15.491198,15.042188,14.934601,15.090402,15.069714,16.868853,16.543545,16.01518,15.739203,15.488735,15.559534,0.0,0.0,0.0,0.0,4.0,0.0,0.0,4.0
49990,2023.0,12.0,14.0,3.0,16.236334,16.134033,15.129535,14.818252,15.909676,15.610737,15.730128,15.447329,15.018916,14.904404,15.122531,15.108243,16.825705,16.50374,15.963841,15.691031,14.936676,14.693014,0.0,0.0,0.0,0.0,4.0,0.0,0.0,0.0
49991,2023.0,12.0,14.0,3.0,16.192102,16.092407,15.093258,14.7862625,15.863145,15.569433,15.684062,15.406051,15.008546,14.923587,14.992943,14.903147,16.784883,16.466803,16.961218,17.613949,15.03166,14.903573,0.0,0.0,0.0,0.0,0.0,0.0,4.0,0.0
49992,2023.0,12.0,14.0,4.0,16.145945,16.046734,15.056269,14.752351,15.817049,15.526552,15.63742,15.362717,15.010579,14.956285,15.014444,14.96193,16.74456,16.429295,16.044184,15.507545,15.019013,14.9022255,0.0,0.0,0.0,0.0,0.0,0.0,0.0,0.0
49993,2023.0,12.0,14.0,4.0,16.091072,15.98322,15.0090475,14.6974535,15.761217,15.463332,15.581001,15.298911,15.018904,14.997602,15.0582905,15.046722,16.697865,16.377668,15.503757,14.869733,15.0126505,14.935889,0.0,0.0,0.0,0.0,4.0,0.0,0.0,0.0
49994,2023.0,12.0,14.0,4.0,16.040274,15.928563,15.002474,14.7228985,15.708398,15.407746,15.528175,15.243128,15.019159,15.012025,15.021171,14.985963,16.652857,16.33037,15.359639,14.726723,15.016003,14.973086,0.0,0.0,0.0,0.0,0.0,0.0,0.0,0.0
49995,2023.0,12.0,14.0,4.0,15.990301,15.875505,15.003827,14.749723,15.658496,15.358394,15.478655,15.193723,15.3409395,15.622195,15.012239,14.990622,16.60903,16.285727,15.6179495,15.35633,15.008986,14.981225,0.0,0.0,0.0,4.0,0.0,0.0,0.0,0.0
49996,2023.0,12.0,14.0,4.0,15.941223,15.824139,15.004274,14.7737,15.605626,15.302774,15.426206,15.1381235,14.943701,14.85987,15.013415,15.004257,16.563017,16.237118,15.649382,15.373276,15.011792,15.008333,0.0,0.0,0.0,0.0,0.0,0.0,0.0,0.0
49997,2023.0,12.0,14.0,4.0,15.888253,15.764921,15.007941,14.803255,15.549635,15.240686,15.370949,15.076631,15.023334,15.06034,15.025741,15.039743,16.515461,16.185965,15.6031,15.3242445,15.020732,15.046092,0.0,0.0,0.0,0.0,0.0,0.0,0.0,0.0
49998,2023.0,12.0,14.0,5.0,15.842417,15.719017,15.005062,14.813943,16.256075,16.60959,15.3237,15.030888,15.296744,15.557657,15.0120125,15.020514,16.471424,16.142279,15.555626,15.277544,15.010808,15.039634,0.0,4.0,0.0,4.0,0.0,0.0,0.0,0.0
49999,2023.0,12.0,14.0,5.0,15.797857,15.675845,15.005971,14.833504,16.54577,16.949867,15.276839,14.9855175,14.979093,14.921082,15.015609,15.038223,16.428661,16.10126,15.508129,15.231725,15.013547,15.060236,0.0,4.0,0.0,0.0,0.0,0.0,0.0,0.0
50000,2023.0,12.0,14.0,5.0,15.762165,15.647738,15.00623,14.851056,15.543451,14.966981,15.235901,14.949668,15.035986,15.044177,15.015079,15.048229,16.390856,16.06779,15.465396,15.1933155,15.013077,15.073836,0.0,0.0,0.0,0.0,0.0,0.0,0.0,0.0
50001,2023.0,12.0,14.0,5.0,15.737988,15.63894,15.006832,14.86855,14.978413,14.241075,15.193076,14.908942,15.026443,15.030472,15.01578,15.059824,16.35082,16.02945,15.418958,15.147806,15.436655,15.875844,0.0,0.0,0.0,0.0,0.0,0.0,0.0,4.0
50002,2023.0,12.0,14.0,5.0,15.699588,15.60143,15.007189,14.885138,15.01452,14.39267,15.153374,14.873077,15.012344,15.039309,15.015672,15.069831,16.312939,15.995057,15.37435,15.106407,14.948049,14.924446,0.0,0.0,0.0,0.0,0.0,0.0,0.0,0.0
50003,2023.0,12.0,14.0,5.0,15.655243,15.554159,15.007728,14.901554,15.242319,14.929998,15.11258,14.834451,15.016345,15.07306,15.0161295,15.080251,16.275444,15.96038,15.330374,15.065378,15.042977,15.114892,0.0,0.0,0.0,0.0,0.0,0.0,0.0,0.0
50004,2023.0,12.0,14.0,6.0,15.614078,15.513514,15.014675,14.931269,15.278045,14.988938,15.072241,14.796251,15.0269575,15.116133,15.031222,15.120351,16.239147,15.926806,15.287353,15.024751,15.053165,15.129076,0.0,0.0,0.0,0.0,0.0,0.0,0.0,0.0
50005,2023.0,12.0,14.0,6.0,20.732407,24.442183,15.007408,14.929537,20.55651,24.178905,20.381075,24.043066,15.013609,15.103906,15.01447,15.094132,21.058596,24.105293,20.847055,24.384827,15.00993,15.078772,0.0,0.0,0.0,0.0,0.0,4.0,0.0,0.0
50006,2023.0,12.0,14.0,6.0,21.021278,24.367962,15.280831,15.443562,21.033604,24.421122,21.022139,24.581875,15.0161705,15.121803,15.017402,15.10808,21.01222,23.790482,21.501204,25.29008,15.015785,15.110959,4.0,0.0,0.0,0.0,0.0,0.0,0.0,0.0
50007,2023.0,12.0,14.0,6.0,21.102093,24.111881,19.678316,22.890814,21.104666,24.111357,21.122643,24.299501,15.015724,15.128722,15.001649,15.070141,20.736519,22.909315,22.089645,25.741413,15.014546,15.120289,0.0,0.0,0.0,0.0,4.0,0.0,0.0,0.0
50008,2023.0,12.0,14.0,6.0,21.09005,23.812311,17.616207,18.235603,21.093603,23.78989,21.09628,23.931274,15.01544,15.1315775,19.939259,23.26063,21.112831,23.306614,22.449278,25.888306,15.014565,15.128836,4.0,0.0,0.0,0.0,0.0,4.0,0.0,0.0
50009,2023.0,12.0,14.0,6.0,21.938782,24.937454,20.227228,23.36772,21.93821,24.884033,21.861927,24.893387,15.015959,15.134709,17.173613,17.51989,21.249695,23.322033,21.539717,23.927608,15.014679,15.134446,0.0,0.0,0.0,0.0,0.0,0.0,4.0,0.0
50010,2023.0,12.0,14.0,7.0,20.911663,22.99109,17.731783,18.071783,20.918001,22.939968,20.92516,23.085463,15.015208,15.134886,15.415208,15.122501,21.068039,22.829798,21.123318,23.164669,15.38734,15.826697,0.0,0.0,0.0,0.0,0.0,0.0,0.0,4.0
50011,2023.0,12.0,14.0,7.0,21.109509,23.33233,16.10947,15.865887,21.112692,23.264776,21.114681,23.391607,15.015475,15.138048,15.446693,15.457082,21.069548,22.70095,21.064562,22.94682,20.143696,23.954697,0.0,0.0,0.0,0.0,4.0,4.0,4.0,0.0
50012,2023.0,12.0,14.0,7.0,21.600798,23.991241,15.704,15.380559,21.593859,23.891539,21.546127,23.945354,15.622397,15.97463,20.306482,23.562956,21.357616,23.068356,21.7797,23.951569,16.585768,16.36069,0.0,4.0,4.0,0.0,0.0,0.0,0.0,0.0
50013,2023.0,12.0,14.0,7.0,20.924913,22.743235,15.487654,15.153887,20.931444,22.651348,20.937813,22.786627,14.973396,14.948807,17.531454,17.870195,21.019125,22.409906,20.89708,22.386778,15.78491,15.99615,0.0,4.0,4.0,0.0,0.0,0.0,0.0,4.0
50014,2023.0,12.0,14.0,7.0,21.128792,23.10655,15.792948,15.865853,21.13642,23.027836,21.138622,23.146965,15.426714,15.850898,15.811879,15.54769,21.37255,22.864569,22.841478,25.855183,20.553883,24.05282,4.0,0.0,0.0,4.0,0.0,4.0,0.0,4.0
50015,2023.0,12.0,14.0,7.0,21.825796,24.137312,20.112762,23.45948,21.834457,24.045286,21.892448,24.15777,20.24961,23.896784,15.795159,15.821992,21.523886,23.050608,21.675737,23.368269,20.026163,22.76221,0.0,0.0,4.0,0.0,4.0,0.0,0.0,4.0
50016,2023.0,12.0,14.0,8.0,21.017881,22.743086,17.55764,17.90562,21.00773,22.547272,21.14799,23.00088,17.153427,17.35216,20.433014,23.628853,21.035261,22.202396,21.027119,22.396656,20.689867,23.592611,0.0,4.0,4.0,4.0,4.0,0.0,0.0,0.0
50017,2023.0,12.0,14.0,8.0,19.71797,20.302525,15.922942,15.686113,18.681974,18.174347,18.597046,18.119595,21.122646,24.710854,20.043892,22.633774,18.981468,18.304035,19.200554,19.048635,17.54716,17.225525,0.0,0.0,0.0,4.0,4.0,0.0,0.0,0.0
50018,2023.0,12.0,14.0,8.0,18.456007,18.415056,15.571953,15.253325,17.963535,17.62627,17.142542,16.266752,20.934742,24.169647,20.129175,22.492128,19.218925,19.537514,19.268557,19.86706,15.907411,15.258643,0.0,4.0,0.0,0.0,0.0,4.0,4.0,0.0
50019,2023.0,12.0,14.0,8.0,18.04033,18.002205,15.38376,15.053897,17.12536,16.288778,16.6085,15.702901,17.410004,17.083408,17.348156,16.929565,18.179125,17.456572,17.915876,17.29051,15.426929,14.771781,0.0,0.0,0.0,0.0,0.0,0.0,0.0,0.0
50020,2023.0,12.0,14.0,8.0,17.870676,17.845684,15.263734,14.925487,17.309607,16.93119,16.785143,16.348644,16.152573,15.378822,16.56828,16.127052,18.422068,18.290436,17.249464,16.494337,15.510258,15.212584,0.0,4.0,0.0,0.0,0.0,4.0,0.0,0.0
50021,2023.0,12.0,14.0,8.0,17.022366,16.410759,15.6371,15.714945,17.308523,17.056322,17.429827,17.70342,16.878405,17.186096,16.356491,15.992279,18.413223,18.31963,17.959444,18.148104,16.396162,17.013874,4.0,4.0,4.0,4.0,0.0,4.0,4.0,4.0
50022,2023.0,12.0,14.0,9.0,17.345932,17.299294,19.970678,23.304827,17.199072,16.970726,17.562414,17.946596,20.297867,23.106312,16.09112,15.740807,17.619278,16.928268,17.061447,16.425581,20.032705,23.205505,0.0,4.0,4.0,4.0,0.0,0.0,0.0,0.0
50023,2023.0,12.0,14.0,9.0,16.728148,16.165495,17.858349,18.551956,17.065235,16.855185,17.013245,16.908968,20.070126,22.390524,16.210146,16.214931,17.116266,16.341127,17.51905,17.75684,16.927027,16.696888,4.0,4.0,4.0,0.0,4.0,0.0,4.0,0.0
50024,2023.0,12.0,14.0,9.0,17.004011,17.004692,20.220964,23.136368,16.286242,15.523472,16.059053,15.329743,17.854904,17.91424,20.42976,23.361553,16.866932,16.093231,17.709276,17.955734,15.372546,14.782073,4.0,0.0,0.0,4.0,0.0,0.0,4.0,0.0
50025,2023.0,12.0,14.0,9.0,17.124155,17.198923,20.062641,22.472248,16.515024,16.261736,15.590106,14.769151,20.451801,22.932453,17.79533,18.030893,17.078312,16.712513,16.744411,16.197603,15.293476,15.008962,0.0,4.0,0.0,0.0,0.0,0.0,0.0,0.0
50026,2023.0,12.0,14.0,9.0,16.361706,15.838388,17.382677,17.092175,15.978879,15.241393,15.375665,14.560498,17.529293,17.17926,16.269148,16.006275,17.865948,18.21751,16.171385,15.531346,15.215799,14.981532,0.0,0.0,0.0,0.0,0.0,4.0,0.0,0.0
50027,2023.0,12.0,14.0,9.0,16.012224,15.391452,16.985264,16.875296,16.282911,16.000307,16.37936,16.626299,17.070082,16.923061,15.932385,15.615476,16.923147,16.272375,15.948432,15.3016815,15.084081,14.8494835,4.0,4.0,4.0,4.0,0.0,0.0,0.0,0.0
50028,2023.0,12.0,14.0,10.0,16.590126,16.625792,20.203053,22.778614,16.419212,16.279333,15.646714,15.091542,20.389656,22.806047,16.122,16.158632,16.540823,15.7996235,15.784894,15.149687,15.00054,14.811842,0.0,4.0,0.0,4.0,4.0,0.0,0.0,0.0
50029,2023.0,12.0,14.0,10.0,16.79115,16.9143,18.321712,18.806202,15.739163,15.045865,15.087743,14.342553,21.04216,23.694376,20.468946,23.488024,16.391676,15.666923,15.956438,15.663255,15.765736,16.34442,4.0,0.0,0.0,0.0,4.0,0.0,0.0,4.0
50030,2023.0,12.0,14.0,10.0,16.06543,15.581954,20.281294,22.711163,15.343383,14.562898,15.291683,14.496699,18.136866,17.827505,20.042912,22.438625,16.639963,16.300053,17.013523,17.666046,20.040695,23.551924,4.0,0.0,0.0,0.0,4.0,0.0,4.0,0.0
50031,2023.0,12.0,14.0,10.0,15.679294,15.116257,20.05078,22.02803,15.889284,15.726178,16.118134,16.424582,16.409317,15.700249,20.106003,22.268738,16.708433,16.409208,17.078918,17.424715,16.735683,16.570911,4.0,4.0,4.0,0.0,4.0,0.0,4.0,0.0
50032,2023.0,12.0,14.0,10.0,16.295244,16.406773,20.111607,22.01021,16.121712,16.058271,15.88273,15.762545,17.042679,17.383736,20.108925,22.078424,16.660551,16.367266,16.026188,15.483109,15.129071,14.581576,0.0,4.0,0.0,4.0,0.0,0.0,0.0,0.0
50033,2023.0,12.0,14.0,10.0,16.525589,16.711359,18.068602,17.967169,16.13125,16.083618,15.158928,14.534518,20.298723,22.955044,17.635017,17.185986,16.610783,16.321787,15.567855,14.989961,15.085368,14.826209,4.0,4.0,0.0,0.0,0.0,0.0,0.0,0.0
50034,2023.0,12.0,14.0,11.0,16.542402,16.740305,20.26385,22.464642,15.447755,14.82823,15.818604,15.668624,18.012085,18.161634,16.631243,16.252108,16.563496,16.278105,15.402575,14.830589,14.999178,14.787089,4.0,0.0,0.0,4.0,0.0,0.0,0.0,0.0
50035,2023.0,12.0,14.0,11.0,16.544144,16.75218,20.065056,21.900015,15.073745,14.364964,15.31066,15.004485,20.446644,22.899235,16.799145,16.817308,16.519056,16.237082,15.280837,14.721207,15.014408,14.916447,0.0,0.0,0.0,0.0,4.0,0.0,0.0,0.0
50036,2023.0,12.0,14.0,11.0,16.543417,16.760347,18.074532,17.959793,15.644573,15.554401,15.32476,15.068791,18.134865,18.26435,20.44331,23.04295,16.477755,16.199396,15.466629,15.2083025,15.731377,16.333937,4.0,4.0,0.0,4.0,0.0,0.0,0.0,4.0
50037,2023.0,12.0,14.0,11.0,15.8207,15.421409,20.243889,22.411018,15.218636,14.640711,15.261423,15.013805,20.433115,22.77092,18.020323,18.18721,16.439024,16.164007,15.513182,15.280855,20.02647,23.591644,0.0,0.0,0.0,0.0,0.0,0.0,0.0,0.0
50038,2023.0,12.0,14.0,11.0,16.202044,16.370485,18.178665,18.164816,15.588312,15.533112,15.196328,14.952984,18.223097,18.36334,16.648834,16.399868,16.402727,16.131302,15.468444,15.241834,16.764685,16.686108,4.0,4.0,0.0,4.0,0.0,0.0,0.0,0.0
50039,2023.0,12.0,14.0,11.0,16.36795,16.616941,20.252201,22.189365,15.775869,15.82151,15.145919,14.905316,20.3703,22.406181,16.313816,16.005138,16.37175,16.103231,15.423001,15.19965,15.560446,14.996557,0.0,4.0,0.0,0.0,0.0,0.0,0.0,0.0
50040,2023.0,12.0,14.0,12.0,16.402634,16.663282,18.292105,18.252634,15.13377,14.601361,15.0898485,14.854996,17.82024,17.472834,16.064104,15.768467,16.34042,16.07565,15.374369,15.154769,15.438267,15.166371,4.0,0.0,0.0,0.0,0.0,0.0,0.0,0.0
50041,2023.0,12.0,14.0,12.0,20.463394,23.765331,20.245005,22.057178,20.733967,24.432821,20.45434,24.24648,17.516285,17.4605,16.312449,16.387197,20.404638,22.99805,21.65557,25.868845,15.318574,15.089162,4.0,4.0,0.0,4.0,4.0,0.0,4.0,0.0
50042,2023.0,12.0,14.0,12.0,21.131863,24.388762,20.117426,21.757391,20.965406,24.253246,21.056303,24.674725,21.380796,24.143822,20.389437,23.288881,21.61793,24.894554,21.518688,25.0924,15.148914,14.931147,0.0,4.0,4.0,0.0,0.0,4.0,4.0,0.0
50043,2023.0,12.0,14.0,12.0,21.081005,23.898268,18.29096,18.192251,21.130062,24.106213,21.087172,24.278593,18.818382,18.976837,17.912622,18.177258,21.956858,24.976484,21.715538,24.964952,15.000171,14.801173,4.0,4.0,4.0,4.0,0.0,4.0,0.0,0.0
50044,2023.0,12.0,14.0,12.0,21.143454,23.76113,20.251392,22.224424,21.136927,23.816866,21.143585,24.057076,20.389368,22.394949,16.431633,16.17889,20.977863,22.917063,22.6014,26.079878,15.011503,14.910709,4.0,4.0,0.0,0.0,0.0,0.0,4.0,0.0
50045,2023.0,12.0,14.0,12.0,21.139154,23.58822,20.061737,21.721832,21.117645,23.582603,21.117645,23.759396,17.889029,17.515242,16.072422,15.791748,21.481354,23.623722,22.603617,25.781546,15.009605,14.96475,0.0,0.0,0.0,0.0,0.0,0.0,0.0,0.0
50046,2023.0,12.0,14.0,13.0,21.077778,23.310778,18.274828,18.203909,21.086208,23.343405,21.092478,23.514534,17.33743,17.339973,15.872206,15.602626,20.99958,22.586086,21.583483,23.759256,15.784224,16.463875,4.0,4.0,4.0,4.0,0.0,4.0,0.0,4.0
50047,2023.0,12.0,14.0,13.0,21.154896,23.369833,20.253199,22.280073,21.154453,23.366234,21.157244,23.536522,20.430328,22.694002,16.131714,16.24123,21.131432,22.772003,22.603882,25.484123,20.076412,23.665655,0.0,4.0,0.0,0.0,4.0,4.0,0.0,0.0
50048,2023.0,12.0,14.0,13.0,21.078238,23.142488,17.966946,17.664793,21.08604,23.141802,21.109947,23.3402,17.79682,17.460384,20.428324,23.427025,21.088884,22.641415,21.981207,24.166403,16.783636,16.66868,0.0,4.0,0.0,0.0,0.0,0.0,4.0,0.0
50049,2023.0,12.0,14.0,13.0,21.103231,23.154604,17.434937,17.503778,21.108421,23.13783,21.084318,23.256609,16.81641,16.534958,17.874207,18.17993,21.054531,22.497103,20.891665,22.191969,15.200314,14.715794,4.0,0.0,0.0,0.0,0.0,4.0,0.0,0.0
50050,2023.0,12.0,14.0,13.0,21.146347,23.172792,20.24208,22.584377,21.15103,23.163202,21.150225,23.337517,16.603123,16.345686,16.738844,16.829563,21.122618,22.593023,21.209723,22.899626,15.152533,14.938527,0.0,0.0,4.0,0.0,4.0,4.0,0.0,0.0
50051,2023.0,12.0,14.0,13.0,21.163166,23.187418,18.571367,19.050009,21.155613,23.102606,21.16581,23.36195,17.181221,17.640198,20.445793,23.180872,21.128538,22.569805,21.183252,22.87908,15.100968,14.916302,4.0,4.0,0.0,4.0,0.0,4.0,0.0,0.0
50052,2023.0,12.0,14.0,14.0,21.14706,23.118488,20.270681,22.437452,21.15469,23.082014,21.14922,23.252396,20.320919,22.985947,17.990595,18.206524,21.120497,22.523134,21.189466,22.941341,14.997673,14.838976,4.0,0.0,0.0,0.0,0.0,4.0,0.0,0.0
50053,2023.0,12.0,14.0,14.0,18.857964,18.693388,20.059547,21.843784,18.786781,18.506783,18.617842,18.339283,17.64512,17.424063,16.599142,16.371319,19.094818,18.629847,19.221079,19.178478,15.010348,14.933449,0.0,0.0,0.0,0.0,0.0,0.0,0.0,0.0
50054,2023.0,12.0,14.0,14.0,18.709654,19.241348,18.265266,18.270912,18.477762,18.784483,17.579418,17.312551,16.991686,17.05707,16.64065,16.721199,18.12626,17.457386,18.21678,17.981743,15.009048,14.982746,4.0,4.0,0.0,4.0,4.0,0.0,0.0,0.0
50055,2023.0,12.0,14.0,14.0,17.749636,17.4362,20.31319,22.445091,17.482676,16.953812,17.262255,17.020006,21.219973,24.171276,20.441828,23.166405,17.778229,17.109026,17.8012,17.556528,16.300451,16.111032,4.0,0.0,0.0,0.0,0.0,0.0,0.0,0.0
50056,2023.0,12.0,14.0,14.0,17.059374,16.597542,20.057516,21.771046,17.440933,17.343182,17.675482,18.049639,18.242962,18.127993,18.047531,18.30452,18.312437,18.354677,17.502605,17.267866,16.000278,16.69375,0.0,4.0,4.0,0.0,0.0,4.0,0.0,4.0
50057,2023.0,12.0,14.0,14.0,16.755136,16.293095,18.332745,18.343693,17.463905,17.454931,17.798714,18.270252,16.907122,16.67838,16.685621,16.496908,17.784077,17.281025,17.257156,17.032955,20.167418,23.803902,4.0,4.0,4.0,0.0,0.0,0.0,0.0,0.0
50058,2023.0,12.0,14.0,15.0,17.638882,18.19845,20.247982,22.257732,17.342503,17.356405,16.742338,16.334805,16.641203,16.419468,16.324007,16.08513,17.336946,16.741943,17.049665,16.836596,16.938696,16.946629,4.0,4.0,0.0,0.0,0.0,0.0,0.0,0.0
50059,2023.0,12.0,14.0,15.0,16.98173,16.76066,20.057154,21.731945,16.574705,16.037476,16.790487,16.801971,16.420773,16.206356,16.099941,15.861646,17.13389,16.54073,16.870415,16.66657,15.370173,14.990168,0.0,0.0,4.0,0.0,0.0,0.0,0.0,0.0
50060,2023.0,12.0,14.0,15.0,16.421703,16.03803,18.37212,18.393764,16.819216,16.797073,16.215809,15.732752,16.239635,16.036156,15.937916,15.712875,17.291935,17.012463,16.715525,16.521812,15.231714,15.044824,4.0,4.0,0.0,0.0,0.0,0.0,0.0,0.0
50061,2023.0,12.0,14.0,15.0,16.236303,15.838336,20.240206,22.020432,16.268114,15.77718,16.56412,16.584291,16.108412,15.909993,16.232912,16.37423,17.318981,17.099888,16.596949,16.410149,15.1538725,14.99734,0.0,0.0,4.0,0.0,4.0,0.0,0.0,0.0
50062,2023.0,12.0,14.0,15.0,16.38628,16.29572,18.184193,17.94372,15.875122,15.297529,16.721727,16.839806,16.732794,17.213045,20.371532,23.272997,17.252815,17.035376,16.475883,16.298471,15.0326395,14.886058,0.0,0.0,4.0,4.0,0.0,0.0,0.0,0.0
50063,2023.0,12.0,14.0,15.0,17.193918,17.84583,17.28093,17.02347,16.406301,16.437304,16.684338,16.819052,20.359585,23.421915,17.950293,18.294817,17.182615,16.96877,16.361614,16.186396,15.007758,14.9372015,0.0,4.0,4.0,0.0,0.0,0.0,0.0,0.0
50064,2023.0,12.0,14.0,16.0,17.160091,17.556007,17.503513,17.660364,15.965135,15.521483,15.9821615,15.55758,17.532602,17.459797,16.523813,16.369339,17.872665,18.33098,16.2587,16.087008,15.009748,15.000667,4.0,0.0,0.0,0.0,0.0,4.0,0.0,0.0
50065,2023.0,12.0,14.0,16.0,16.383045,16.175161,20.248037,22.613039,16.303381,16.371534,15.583083,15.063874,16.123165,15.660501,16.180998,15.977572,17.875927,18.086836,16.165737,15.99705,15.7396345,16.412836,0.0,4.0,0.0,0.0,0.0,4.0,0.0,4.0
50066,2023.0,12.0,14.0,16.0,15.978511,15.647431,18.373129,18.687803,16.516872,16.673504,15.424807,14.908751,16.0396,15.812814,15.983794,15.783146,17.83196,18.02768,16.081541,15.915363,20.361828,24.219114,0.0,4.0,0.0,0.0,0.0,4.0,0.0,4.0
50067,2023.0,12.0,14.0,16.0,16.585781,16.911327,17.169039,17.037073,16.528078,16.6966,16.334967,16.760374,15.985884,15.805623,15.834637,15.640749,17.105038,16.649345,17.05006,17.807568,20.051357,23.116175,0.0,4.0,4.0,0.0,0.0,0.0,4.0,0.0
50068,2023.0,12.0,14.0,16.0,16.82131,17.208931,16.816502,16.62315,15.860023,15.461219,15.828451,15.554544,15.869428,15.701366,15.707088,15.521197,17.551401,17.749004,16.229622,15.915886,17.739697,18.268473,0.0,0.0,0.0,0.0,0.0,4.0,0.0,4.0
50069,2023.0,12.0,14.0,16.0,16.844168,17.236908,17.094345,17.28215,16.24962,16.345695,16.12627,16.25388,15.775571,15.612689,15.611584,15.43038,17.713898,17.936821,15.854302,15.439927,20.428644,23.120384,4.0,4.0,4.0,0.0,0.0,4.0,0.0,0.0
50070,2023.0,12.0,14.0,17.0,16.863998,17.269346,20.249247,22.888166,16.46366,16.653551,16.314789,16.522865,15.674032,15.511811,15.508688,15.327839,17.000708,16.567076,15.705181,15.300537,17.55862,17.487278,4.0,4.0,4.0,0.0,0.0,0.0,0.0,0.0
50071,2023.0,12.0,14.0,17.0,16.865744,17.266392,20.03561,22.102283,16.46081,16.651468,16.314657,16.521542,16.322153,16.812853,15.410309,15.2271805,16.657295,16.160675,15.581888,15.176836,17.050676,17.434746,4.0,4.0,4.0,4.0,0.0,0.0,0.0,4.0
50072,2023.0,12.0,14.0,17.0,16.851465,17.24052,20.0795,21.965359,15.774899,15.385185,15.628306,15.248886,20.189602,23.308523,15.325644,15.142669,17.348076,17.56566,15.701511,15.521868,20.349865,23.24358,4.0,0.0,0.0,0.0,0.0,4.0,0.0,4.0
50073,2023.0,12.0,14.0,17.0,16.848167,17.23785,20.072886,21.803362,15.390369,14.891306,15.247203,14.757881,17.423016,17.404875,15.248618,15.0639925,16.838505,16.398552,15.71927,15.557523,20.060534,22.444479,4.0,0.0,0.0,0.0,0.0,0.0,0.0,0.0
50074,2023.0,12.0,14.0,17.0,16.837261,17.22058,20.08978,21.747398,15.243117,14.733392,15.105679,14.605181,16.661558,16.84647,15.561756,15.708306,17.304201,17.517817,16.708813,17.463875,17.504684,17.356113,0.0,0.0,0.0,4.0,4.0,4.0,4.0,0.0
50075,2023.0,12.0,14.0,17.0,16.819155,17.192225,18.083935,17.826426,15.838202,15.935437,16.020506,16.442972,20.758848,23.67967,20.27228,23.463264,17.52871,17.740114,15.908168,15.59584,16.222282,15.771723,0.0,4.0,4.0,0.0,0.0,4.0,0.0,0.0
50076,2023.0,12.0,14.0,18.0,16.807575,17.173134,17.688599,17.82084,16.097158,16.278635,16.13549,16.37003,17.906092,17.876486,17.760271,18.227621,17.555954,17.758892,15.42281,15.018384,15.789875,15.320411,4.0,4.0,4.0,0.0,0.0,4.0,0.0,0.0
50077,2023.0,12.0,14.0,18.0,21.209858,24.772549,20.231289,22.439508,20.336504,23.660683,20.295818,23.634212,16.662077,16.093008,16.504673,16.291456,20.35873,22.626795,20.953367,24.531836,16.855228,17.580252,0.0,0.0,0.0,0.0,0.0,0.0,0.0,4.0
50078,2023.0,12.0,14.0,18.0,21.044138,24.000734,18.738352,19.266747,21.108187,24.469366,21.113262,24.511847,16.542948,16.287252,16.170734,15.952931,21.09793,23.619993,21.51469,25.117683,20.354776,23.484503,4.0,0.0,4.0,0.0,0.0,0.0,0.0,0.0
50079,2023.0,12.0,14.0,18.0,21.141577,23.852966,20.267487,22.300241,21.113441,24.033886,21.094975,24.038546,16.415173,16.202509,15.952802,15.734899,21.104578,23.307564,22.345488,26.05764,17.356094,17.25389,4.0,0.0,4.0,0.0,0.0,0.0,0.0,0.0
50080,2023.0,12.0,14.0,18.0,21.10317,23.57524,20.052628,21.724257,21.060947,23.660753,21.091776,23.74235,16.227673,16.023598,15.781996,15.568787,21.699577,24.123238,20.860409,23.06256,16.915634,17.346027,0.0,4.0,4.0,0.0,0.0,0.0,0.0,4.0
50081,2023.0,12.0,14.0,18.0,21.073479,23.338747,18.38584,18.407907,21.114973,23.56752,21.090816,23.538836,16.074896,15.884654,15.652762,15.453344,20.995684,22.669043,21.420729,24.048365,20.328924,23.284166,4.0,0.0,4.0,0.0,0.0,0.0,0.0,0.0
50082,2023.0,12.0,14.0,19.0,21.157064,23.412256,20.243551,22.204594,21.103966,23.385473,21.111431,23.451853,15.939202,15.75549,15.5349045,15.340499,21.132856,22.869255,22.45347,25.622135,17.453188,17.321735,4.0,0.0,0.0,0.0,0.0,0.0,0.0,0.0
50083,2023.0,12.0,14.0,19.0,21.06875,23.125664,20.036327,21.630844,21.079271,23.260406,21.103886,23.321577,15.821452,15.644091,15.424865,15.226944,21.062572,22.666391,22.299316,24.853851,17.02733,17.439827,4.0,0.0,0.0,0.0,0.0,0.0,0.0,4.0
50084,2023.0,12.0,14.0,19.0,21.073503,23.072409,20.073936,21.60637,21.08118,23.200031,21.1035,23.230946,16.464195,16.944578,15.716516,15.856362,21.034292,22.543571,21.06382,22.73552,20.309532,23.149136,4.0,0.0,0.0,4.0,4.0,4.0,0.0,0.0
50085,2023.0,12.0,14.0,19.0,21.071695,23.019062,20.08638,21.578487,21.055717,23.077877,21.055279,23.089577,21.198135,24.92971,20.462883,23.743422,21.086494,22.594866,21.107779,22.873135,17.480864,17.30259,0.0,4.0,4.0,0.0,4.0,0.0,0.0,0.0
50086,2023.0,12.0,14.0,19.0,21.261333,23.358059,18.495132,18.453978,21.319025,23.57292,21.337143,23.608276,18.347464,18.692137,20.039167,22.626257,21.16461,22.690983,21.33399,23.349447,17.0747,17.463348,4.0,4.0,4.0,4.0,0.0,0.0,0.0,4.0
50087,2023.0,12.0,14.0,19.0,21.09464,22.998955,20.237185,22.041965,21.080187,23.00462,21.091324,23.076925,20.438625,22.965359,17.674864,17.712997,21.07726,22.46462,21.084259,22.861137,20.444864,23.174442,4.0,4.0,4.0,0.0,4.0,0.0,0.0,4.0
50088,2023.0,12.0,14.0,20.0,21.06269,22.878588,20.038122,21.513208,21.076305,22.942076,21.10159,23.06124,17.707981,17.485964,20.416477,22.878733,21.05727,22.424795,21.071642,22.83207,21.170422,24.0979,4.0,4.0,0.0,0.0,0.0,0.0,0.0,0.0
50089,2023.0,12.0,14.0,20.0,21.093622,22.931799,20.087706,21.543404,21.099775,22.962818,21.096386,22.998518,17.12002,17.2638,17.780214,17.603615,21.058979,22.421942,21.072523,22.825531,18.260834,18.137133,0.0,0.0,0.0,4.0,0.0,0.0,0.0,0.0
50090,2023.0,12.0,14.0,20.0,21.061188,22.819117,18.55158,18.522156,21.09361,22.90711,21.095922,22.953962,20.446224,22.946278,16.620674,16.376236,21.058325,22.412188,21.07194,22.813658,16.61446,16.118862,4.0,0.0,0.0,0.0,0.0,0.0,0.0,0.0
50091,2023.0,12.0,14.0,20.0,21.09187,22.87798,20.236506,21.992624,21.093126,22.868397,21.048624,22.851068,17.754414,17.536171,16.408537,16.187035,21.058083,22.401932,21.071413,22.800627,16.166363,15.670073,4.0,0.0,4.0,0.0,0.0,0.0,0.0,0.0
50092,2023.0,12.0,14.0,20.0,21.05728,22.766521,20.04741,21.509005,21.043795,22.764187,21.103632,22.941992,16.412298,15.878779,16.189402,15.971808,21.057156,22.389711,21.070206,22.785599,16.173517,15.98198,0.0,4.0,0.0,0.0,0.0,0.0,0.0,0.0
50093,2023.0,12.0,14.0,20.0,21.064955,22.766275,18.205017,17.91085,21.09979,22.857422,21.093447,22.890774,16.362892,16.132895,16.017391,15.817585,21.057178,22.37862,21.070503,22.772867,16.0671,15.897434,0.0,0.0,0.0,0.0,0.0,0.0,0.0,0.0
50094,2023.0,12.0,14.0,21.0,21.090616,22.82376,17.892956,18.01793,21.09009,22.805653,21.093847,22.864204,16.290379,16.103611,16.219608,16.332184,21.05681,22.366796,21.070139,22.758993,16.937313,17.699389,4.0,0.0,0.0,0.0,4.0,0.0,0.0,4.0
50095,2023.0,12.0,14.0,21.0,21.058249,22.722849,20.215601,22.212929,21.066177,22.710413,21.046696,22.771204,16.872465,17.336851,20.362162,23.247082,21.027323,22.279123,21.031378,22.642311,21.526955,25.297459,4.0,4.0,4.0,4.0,4.0,4.0,4.0,4.0
50096,2023.0,12.0,14.0,21.0,21.063704,22.721788,20.042744,21.650114,21.070347,22.699877,21.07809,22.86316,21.533089,25.273598,20.043472,22.39603,21.03185,22.285849,21.095245,22.756744,21.398302,24.53956,4.0,4.0,0.0,4.0,0.0,4.0,0.0,0.0
50097,2023.0,12.0,14.0,21.0,21.088465,22.776749,20.070278,21.571482,21.069405,22.682287,21.069433,22.779648,19.910654,21.85241,17.539904,17.296347,21.050571,22.280842,21.084019,22.69758,18.2215,18.071554,4.0,4.0,4.0,4.0,0.0,4.0,0.0,0.0
50098,2023.0,12.0,14.0,21.0,21.055511,22.671358,20.065226,21.473621,21.068642,22.666224,21.096348,22.82259,20.120533,22.081715,16.541441,16.30994,21.077234,22.320242,21.084002,22.665405,16.613796,16.106556,4.0,4.0,0.0,0.0,0.0,0.0,0.0,0.0
50099,2023.0,12.0,14.0,21.0,21.061731,22.670877,20.083376,21.464104,21.06861,22.65236,21.090757,22.783955,17.82508,17.507711,16.348257,16.126154,21.071844,22.274372,21.06558,22.638044,16.18478,15.68336,0.0,4.0,0.0,0.0,0.0,0.0,0.0,0.0
50100,2023.0,12.0,14.0,22.0,21.087381,22.731033,18.587088,18.533678,21.092918,22.706423,21.066406,22.693756,17.380798,17.473087,16.15393,15.942489,21.071629,22.244015,21.0676,22.643053,16.188381,15.981536,4.0,0.0,4.0,4.0,0.0,0.0,0.0,0.0
50101,2023.0,12.0,14.0,22.0,21.16135,22.844185,20.237375,21.953766,21.162455,22.826391,21.168272,22.90423,20.423765,22.704517,15.978591,15.761829,21.13131,22.321585,21.193842,22.893097,16.103296,15.930218,0.0,0.0,0.0,0.0,0.0,4.0,0.0,0.0
50102,2023.0,12.0,14.0,22.0,21.08622,22.699839,18.28063,18.018276,21.08667,22.65417,21.064543,22.661081,17.87812,17.61829,15.830909,15.621182,21.045439,22.136646,21.066246,22.630114,15.945002,15.773158,0.0,0.0,4.0,0.0,0.0,4.0,0.0,0.0
50103,2023.0,12.0,14.0,22.0,21.052198,22.599678,17.450274,17.183947,21.063513,22.636068,21.09516,22.733374,16.59305,16.04046,16.008095,16.068819,21.074997,22.205576,21.06556,22.623796,15.800516,15.628598,0.0,0.0,0.0,0.0,4.0,0.0,0.0,0.0
50104,2023.0,12.0,14.0,22.0,21.155243,22.817965,17.257725,17.020157,21.15314,22.829453,21.15256,22.836132,16.552677,16.315289,20.290487,23.194874,21.118874,22.277143,21.177584,22.841509,15.6812725,15.515489,0.0,0.0,0.0,0.0,0.0,0.0,0.0,0.0
50105,2023.0,12.0,14.0,22.0,21.052952,22.582642,17.059723,16.824598,21.041275,22.591759,21.041458,22.623142,16.477156,16.284979,17.922998,18.290142,21.068802,22.160173,21.065205,22.607178,15.573353,15.40983,0.0,4.0,4.0,0.0,0.0,0.0,0.0,0.0
50106,2023.0,12.0,14.0,23.0,21.085497,22.663853,17.36582,17.550117,21.071404,22.680542,21.09638,22.730244,16.31289,16.120323,16.429396,16.249325,21.019073,22.067577,21.06483,22.599924,15.47764,15.315134,4.0,0.0,0.0,0.0,0.0,4.0,0.0,0.0
50107,2023.0,12.0,14.0,23.0,19.192417,19.026884,17.022158,16.896368,19.060902,18.789742,19.037195,18.76697,16.172607,15.989446,16.399912,16.443592,19.348972,18.880657,20.211185,20.911985,15.397552,15.2408495,0.0,0.0,0.0,0.0,4.0,0.0,4.0,0.0
50108,2023.0,12.0,14.0,23.0,18.33614,17.845816,16.759253,16.537746,18.09387,17.41127,18.059254,17.39647,16.065313,15.882384,16.118387,15.959913,19.436861,19.434462,18.712017,18.251442,15.332595,15.176749,0.0,0.0,0.0,0.0,0.0,4.0,0.0,0.0
50109,2023.0,12.0,14.0,23.0,18.323492,18.184652,16.628233,16.40449,18.756954,19.029299,18.010376,17.699081,15.963993,15.78269,16.182932,16.227695,19.425915,19.459412,18.088947,17.519476,15.269246,15.114614,0.0,4.0,0.0,0.0,4.0,4.0,0.0,0.0
50110,2023.0,12.0,14.0,23.0,18.917145,19.48146,16.976164,17.15008,17.883776,17.384335,18.547884,18.911692,15.871921,15.692499,16.20565,16.292128,18.662355,18.14428,17.77042,17.216682,15.914657,16.381023,4.0,0.0,4.0,0.0,4.0,0.0,0.0,4.0
50111,2023.0,12.0,14.0,23.0,18.603619,18.848515,17.10553,17.380531,17.346464,16.672573,18.008615,17.939293,15.785165,15.605987,15.589278,15.146389,18.255436,17.638073,17.804964,17.560415,15.408361,15.26822,4.0,0.0,0.0,0.0,0.0,0.0,0.0,0.0
50112,2023.0,12.0,15.0,0.0,17.738863,17.359226,16.732058,16.646503,17.108946,16.446682,17.265604,16.70278,15.707581,15.530514,15.5625725,15.303397,18.821196,18.906116,17.69749,17.496138,14.982332,14.651135,4.0,0.0,0.0,0.0,4.0,4.0,0.0,0.0
50113,2023.0,12.0,15.0,0.0,17.287647,16.84393,16.501154,16.339544,17.223955,16.920012,16.849157,16.234753,16.194359,16.517612,15.26726,14.801298,18.250158,17.73972,17.521889,17.331617,15.0185795,14.792167,4.0,0.0,0.0,4.0,0.0,0.0,0.0,0.0
50114,2023.0,12.0,15.0,0.0,17.056414,16.612244,15.952003,15.388239,17.196056,16.956608,16.957968,16.694006,15.862132,15.72908,15.290982,15.075365,17.822306,17.23926,17.346937,17.151997,15.01732,14.859014,0.0,0.0,0.0,0.0,0.0,0.0,0.0,0.0
50115,2023.0,12.0,15.0,0.0,17.257841,17.173075,16.195389,15.991215,17.087078,16.854483,16.922441,16.711624,15.66452,15.487989,15.274042,15.075412,17.6496,17.063135,17.212866,17.015652,15.0010605,14.8668585,4.0,0.0,0.0,0.0,0.0,0.0,0.0,0.0
50116,2023.0,12.0,15.0,0.0,17.241644,17.191944,16.259594,16.096916,16.959547,16.730482,16.80233,16.596872,15.554293,15.374794,15.515841,15.597015,17.845434,17.61475,17.07172,16.874369,15.006478,14.913556,4.0,0.0,0.0,0.0,4.0,0.0,0.0,0.0
50117,2023.0,12.0,15.0,0.0,17.14614,17.10509,15.758897,15.204587,16.84679,16.626413,16.689594,16.49273,15.469807,15.292953,15.302045,15.13482,17.821808,17.586985,16.946909,16.753843,15.005083,14.939645,0.0,0.0,0.0,0.0,0.0,0.0,0.0,0.0
50118,2023.0,12.0,15.0,1.0,17.046827,17.007982,15.9715185,15.784781,16.738579,16.520695,16.579771,16.385122,15.392031,15.2142105,15.130719,14.937641,17.739475,17.505692,16.829432,16.635891,15.007327,14.967438,4.0,0.0,0.0,0.0,0.0,0.0,0.0,0.0
50119,2023.0,12.0,15.0,1.0,17.73388,18.383213,15.608367,15.075621,16.64446,16.433765,16.483728,16.295996,15.894035,16.21727,15.045893,14.853331,17.661623,17.430971,16.72665,16.536936,15.593748,16.08825,0.0,0.0,0.0,4.0,0.0,0.0,0.0,4.0
50120,2023.0,12.0,15.0,1.0,16.9308,16.726154,15.39273,14.792366,16.566784,16.359814,16.404633,16.220154,15.499053,15.357653,14.9994,14.822758,17.596035,17.36582,16.642109,16.452961,15.00677,14.976937,0.0,0.0,0.0,0.0,0.0,0.0,0.0,0.0
50121,2023.0,12.0,15.0,1.0,17.15918,17.42543,15.590682,15.309822,17.203749,17.62976,16.321112,16.141102,15.565197,15.628273,15.006958,14.878693,17.52653,17.297686,17.580498,18.29845,15.0318165,15.041777,0.0,4.0,0.0,4.0,0.0,0.0,4.0,0.0
50122,2023.0,12.0,15.0,1.0,16.663801,16.400982,15.681465,15.479923,16.856588,16.823744,16.241938,16.065325,15.143433,14.768233,15.006323,14.909097,17.461222,17.233418,16.715918,16.33507,15.013716,15.011363,0.0,0.0,0.0,0.0,0.0,0.0,0.0,0.0
50123,2023.0,12.0,15.0,1.0,16.300743,15.931388,15.648262,15.457044,16.149612,15.628175,16.165842,15.990166,15.013184,14.722881,15.007045,14.935445,17.39815,17.16955,16.215866,15.76597,15.007359,15.022491,0.0,0.0,0.0,0.0,0.0,0.0,0.0,0.0
50124,2023.0,12.0,15.0,2.0,16.1711,15.802354,15.6020975,15.413407,15.875849,15.30575,16.095585,15.921788,15.384607,15.462956,15.007895,14.957028,17.339624,17.111324,16.060476,15.610532,15.009276,15.044022,0.0,0.0,0.0,4.0,0.0,0.0,0.0,0.0
50125,2023.0,12.0,15.0,2.0,17.164127,17.79297,15.558428,15.373962,16.05953,15.799563,16.033035,15.864559,14.975831,14.6948185,15.007778,14.973966,17.286705,17.061098,16.197744,16.006407,15.008944,15.058979,0.0,0.0,0.0,0.0,0.0,0.0,0.0,0.0
50126,2023.0,12.0,15.0,2.0,16.569178,16.369596,15.513882,15.331387,16.12816,15.933841,15.971187,15.804974,15.023888,14.825695,15.008263,14.989368,17.234735,17.009724,16.2082,16.023582,15.00941,15.0731125,0.0,0.0,0.0,0.0,0.0,0.0,0.0,0.0
50127,2023.0,12.0,15.0,2.0,16.092958,15.742753,15.47006,15.288843,16.085667,15.8998785,15.911781,15.746991,15.57395,15.906744,15.008507,15.002537,17.184757,16.95998,16.148869,15.965037,15.515699,16.030882,0.0,0.0,0.0,4.0,0.0,0.0,0.0,4.0
50128,2023.0,12.0,15.0,2.0,15.953425,15.593094,15.428206,15.248709,16.033356,15.850882,15.8564005,15.693512,15.267865,15.139615,15.008912,15.014563,17.137543,16.913565,16.090992,15.908146,14.966955,14.947103,0.0,0.0,0.0,0.0,0.0,0.0,0.0,0.0
50129,2023.0,12.0,15.0,2.0,16.178066,16.13577,15.890057,16.1512,15.980705,15.800376,15.802869,15.641365,14.990676,14.789395,15.009154,15.025265,17.091845,16.86829,16.034826,15.852626,15.260458,15.53083,4.0,0.0,0.0,0.0,0.0,0.0,0.0,4.0
50130,2023.0,12.0,15.0,3.0,16.25217,16.261347,15.617675,15.516224,15.929157,15.750521,15.751326,15.590799,15.018256,14.871752,15.009814,15.035473,17.047832,16.824648,15.980638,15.798789,14.958651,14.946742,0.0,0.0,0.0,0.0,0.0,0.0,0.0,0.0
50131,2023.0,12.0,15.0,3.0,16.22092,16.230352,15.396828,15.216589,15.8747635,15.693432,15.697155,15.533414,15.004998,14.890786,15.018135,15.061163,17.002771,16.777388,15.926023,15.742201,15.0354,15.120313,0.0,0.0,0.0,0.0,0.0,0.0,0.0,0.0
50132,2023.0,12.0,15.0,3.0,16.17761,16.184645,15.329252,15.146697,15.823856,15.642533,15.64661,15.482431,15.007265,14.926932,15.018702,15.066627,16.959606,16.733381,15.873967,15.689653,15.034782,15.106851,0.0,0.0,0.0,0.0,0.0,0.0,0.0,0.0
50133,2023.0,12.0,15.0,3.0,16.132526,16.13715,15.2776985,15.093789,15.773983,15.592544,15.597177,15.432469,15.009343,14.953048,15.0194235,15.075611,16.917019,16.68993,15.823027,15.63819,15.01866,15.104257,0.0,0.0,0.0,0.0,0.0,0.0,0.0,0.0
50134,2023.0,12.0,15.0,3.0,16.087313,16.089724,15.230258,15.045096,15.725068,15.543398,15.548777,15.383449,15.009895,14.972647,15.01974,15.083344,16.874874,16.646902,15.773018,15.58763,15.020245,15.130351,0.0,0.0,0.0,0.0,0.0,0.0,0.0,0.0
50135,2023.0,12.0,15.0,3.0,16.04211,16.042164,15.184948,14.998519,15.677036,15.495031,15.50134,15.335297,15.0122,14.993333,15.020737,15.092687,16.833057,16.604181,15.723792,15.537826,15.021123,15.146539,0.0,0.0,0.0,0.0,0.0,0.0,0.0,0.0
50136,2023.0,12.0,15.0,4.0,15.996971,15.994474,15.141132,14.953396,15.629816,15.44738,15.45479,15.287943,15.013673,15.009679,15.021473,15.1012535,16.791485,16.561687,15.675237,15.488667,15.023457,15.164932,0.0,0.0,0.0,0.0,0.0,0.0,0.0,0.0
50137,2023.0,12.0,15.0,4.0,15.952557,15.947932,15.099114,14.910666,15.583933,15.401577,15.409633,15.242489,15.014713,15.024157,15.022206,15.109971,16.750748,16.520649,15.627793,15.441113,15.023721,15.177349,0.0,0.0,0.0,0.0,0.0,0.0,0.0,0.0
50138,2023.0,12.0,15.0,4.0,15.911087,15.906753,15.568097,15.824592,15.542147,15.363042,15.368595,15.204289,15.401475,15.754326,15.033707,15.125507,16.712355,16.48385,15.582934,15.397944,15.011538,15.166341,4.0,0.0,0.0,4.0,4.0,0.0,0.0,0.0
50139,2023.0,12.0,15.0,4.0,15.870968,15.867341,15.305965,15.206708,15.497864,15.318682,15.3251505,15.160366,14.966823,14.900527,15.009936,15.103594,16.672318,16.443316,15.536863,15.351685,15.0137205,15.182594,0.0,0.0,0.0,0.0,0.0,0.0,0.0,0.0
50140,2023.0,12.0,15.0,4.0,15.82757,15.819957,15.074231,14.883919,15.450917,15.268372,15.279164,15.110715,15.016201,15.055102,15.025673,15.145683,16.630852,16.399807,15.489643,15.302553,15.026975,15.22006,0.0,0.0,0.0,0.0,0.0,0.0,0.0,0.0
50141,2023.0,12.0,15.0,4.0,15.79361,15.791708,15.015485,14.8296995,16.166683,16.649292,15.240611,15.075369,15.006761,15.034185,15.011692,15.123508,16.59371,16.364601,15.447083,15.262179,15.012103,15.198722,0.0,4.0,0.0,0.0,0.0,0.0,0.0,0.0
50142,2023.0,12.0,15.0,5.0,15.75302,15.748839,15.002652,14.846692,15.789485,15.731984,15.198606,15.032423,15.010699,15.057056,14.99889,15.094246,16.554594,16.32481,15.403236,15.218001,15.42348,15.964835,0.0,0.0,0.0,0.0,4.0,0.0,0.0,4.0
50143,2023.0,12.0,15.0,5.0,15.7136545,15.709173,15.003616,14.876931,15.150108,14.653823,15.1579275,14.991217,15.010439,15.069486,15.018743,15.15415,16.516232,16.286472,15.360081,15.174851,14.948423,15.047454,0.0,0.0,0.0,0.0,0.0,0.0,0.0,0.0
50144,2023.0,12.0,15.0,5.0,15.678056,15.676405,15.427427,15.692065,15.003927,14.5431185,15.118331,14.951565,15.011136,15.082064,14.998763,15.111991,16.477898,16.247805,15.3161125,15.129764,15.034387,15.223466,4.0,0.0,0.0,0.0,4.0,0.0,0.0,0.0
50145,2023.0,12.0,15.0,5.0,15.643865,15.645889,15.597903,15.891377,15.190861,14.990276,15.077939,14.909912,15.011237,15.092635,15.020636,15.1737175,16.440153,16.210255,15.273782,15.088311,15.023064,15.204426,4.0,0.0,0.0,0.0,0.0,0.0,0.0,0.0
50146,2023.0,12.0,15.0,5.0,15.607306,15.607308,15.268096,15.191602,15.216015,15.033113,15.040109,14.872994,15.011368,15.102307,15.014243,15.171411,16.404007,16.175064,15.233073,15.048618,15.014592,15.211899,4.0,0.0,0.0,0.0,0.0,0.0,0.0,0.0
50147,2023.0,12.0,15.0,5.0,15.566846,15.563752,14.998723,14.819079,15.184605,15.004977,15.001572,14.834374,15.3322115,15.70374,14.999507,15.133847,16.36728,16.13857,15.19184,15.007756,15.015688,15.2322035,0.0,0.0,0.0,4.0,4.0,0.0,0.0,0.0
50148,2023.0,12.0,15.0,6.0,15.537388,15.541694,15.019962,14.887606,15.145719,14.966684,15.003326,14.870056,14.959062,14.980366,15.003409,15.151275,16.330807,16.102373,15.151004,14.967326,15.016253,15.247899,0.0,0.0,0.0,0.0,4.0,0.0,0.0,0.0
50149,2023.0,12.0,15.0,6.0,20.606153,24.41035,15.039953,14.917243,20.37919,24.112757,20.238722,24.010653,15.020137,15.124616,18.873371,21.7521,20.268621,22.801037,20.661022,24.28224,15.016526,15.260305,4.0,0.0,0.0,0.0,0.0,0.0,0.0,0.0
50150,2023.0,12.0,15.0,6.0,21.123024,24.682344,19.893019,23.363352,21.119856,24.774368,21.094566,24.882387,15.011683,15.121988,16.362305,16.334526,21.092318,24.033142,21.2934,24.950853,15.01632,15.267523,4.0,0.0,0.0,0.0,0.0,0.0,0.0,0.0
50151,2023.0,12.0,15.0,6.0,22.029709,25.842758,20.040956,23.03719,21.954475,25.758038,21.812202,25.642632,15.012427,15.129809,15.08442,14.8758335,21.607874,24.566656,22.286903,26.245216,15.016327,15.268085,0.0,0.0,0.0,0.0,0.0,0.0,0.0,0.0
50152,2023.0,12.0,15.0,6.0,20.945469,23.531597,17.136646,17.04662,20.979021,23.635893,21.002123,23.814556,15.01194,15.130492,15.005545,14.869313,21.01756,23.190624,22.435062,25.981506,15.363303,15.893444,0.0,0.0,0.0,0.0,0.0,0.0,0.0,4.0
50153,2023.0,12.0,15.0,6.0,21.10888,23.71745,15.919638,15.702113,21.106966,23.704893,21.108501,23.828161,15.301051,15.664319,15.014877,14.973389,21.08164,23.147,21.450954,23.72676,20.230959,24.290674,0.0,0.0,0.0,4.0,0.0,0.0,0.0,0.0
50154,2023.0,12.0,15.0,7.0,21.106834,23.545795,15.729423,15.53182,21.087408,23.52516,21.091469,23.645832,20.196432,23.88969,15.013689,15.031536,22.09275,24.803045,21.199604,23.251976,16.612347,16.58789,0.0,0.0,0.0,0.0,0.0,0.0,0.0,0.0
50155,2023.0,12.0,15.0,7.0,21.103247,23.411263,15.542877,15.342324,21.087528,23.417412,21.0915,23.533031,16.822868,16.832966,15.121359,15.269094,21.066925,22.768744,21.112597,23.22795,14.976301,14.668702,0.0,0.0,0.0,0.0,4.0,4.0,0.0,0.0
50156,2023.0,12.0,15.0,7.0,21.48316,23.749409,15.855868,16.05876,21.533709,23.893112,21.644173,24.20281,15.105864,14.641258,20.342346,23.954622,21.429508,23.175781,21.668556,23.88962,16.085545,15.4741335,4.0,0.0,0.0,0.0,4.0,4.0,0.0,0.0
50157,2023.0,12.0,15.0,7.0,21.946672,24.485062,20.396975,23.824863,21.454548,23.655525,21.675907,24.110579,15.095207,14.895718,20.042301,23.077694,21.736837,23.739355,22.047617,24.60626,15.836228,16.201317,0.0,4.0,0.0,0.0,0.0,0.0,0.0,0.0
50158,2023.0,12.0,15.0,7.0,21.067022,23.024014,18.236622,19.019281,21.067774,23.021585,20.939983,22.800964,14.995976,14.833105,17.053455,16.933666,20.98449,22.313784,20.895706,22.492865,14.989468,14.88251,4.0,4.0,0.0,0.0,0.0,0.0,0.0,0.0
50159,2023.0,12.0,15.0,7.0,21.919039,24.365973,20.276257,23.198927,22.219448,24.900213,21.913803,24.438366,15.013498,14.946771,15.775346,15.531207,21.919575,23.90877,22.171389,24.669762,15.019345,15.027874,0.0,0.0,0.0,0.0,0.0,0.0,4.0,0.0
50160,2023.0,12.0,15.0,8.0,20.915422,22.558485,17.50862,17.45267,20.91966,22.507301,20.923002,22.63786,15.010201,14.994969,15.554774,15.336033,20.954025,22.111738,21.003265,22.604094,15.012436,15.077529,0.0,0.0,4.0,0.0,0.0,0.0,0.0,0.0
50161,2023.0,12.0,15.0,8.0,18.793316,18.579678,15.828299,15.204955,18.749256,18.426695,19.027334,19.13186,15.011247,15.036735,15.697055,15.788946,20.144411,20.621565,18.77305,18.367332,15.014378,15.126746,0.0,0.0,0.0,0.0,4.0,4.0,0.0,0.0
50162,2023.0,12.0,15.0,8.0,17.576334,17.077282,16.202627,16.277035,17.826525,17.533224,18.080713,18.008663,15.490068,15.959017,20.433336,23.741089,18.631767,18.047857,17.601187,17.008387,16.054363,15.882763,4.0,0.0,4.0,4.0,4.0,0.0,0.0,0.0
50163,2023.0,12.0,15.0,8.0,18.223415,18.739199,20.176563,23.288471,18.180101,18.499151,17.11529,16.498789,20.345434,24.0099,20.037415,22.730602,17.906073,17.220873,17.438976,17.158154,15.752018,16.434942,0.0,4.0,0.0,0.0,4.0,0.0,0.0,4.0
50164,2023.0,12.0,15.0,8.0,18.024227,18.250603,18.117023,18.774931,18.24009,18.659838,17.194519,17.06915,17.00173,17.018078,20.124563,22.586542,17.574417,16.896559,18.317959,19.029243,20.839361,25.099932,4.0,4.0,4.0,0.0,0.0,0.0,4.0,4.0
50165,2023.0,12.0,15.0,8.0,17.719416,17.906872,20.22622,22.920008,17.664743,17.652739,16.562437,15.9589405,15.200372,14.731717,17.690199,17.659927,17.665737,17.349066,17.223177,16.760397,19.976604,22.992043,0.0,4.0,0.0,0.0,4.0,0.0,0.0,0.0
50166,2023.0,12.0,15.0,9.0,17.563848,17.757181,17.872984,17.9885,17.333069,17.2722,16.069527,15.376465,15.083115,14.857776,20.35886,22.875284,18.430014,18.89198,16.519236,15.9712715,16.868422,16.69661,4.0,4.0,0.0,0.0,0.0,4.0,0.0,0.0
50167,2023.0,12.0,15.0,9.0,16.7459,16.345333,20.237495,22.837742,17.184027,17.138178,16.517656,16.42883,14.998169,14.812174,17.567759,17.35152,18.225193,18.305124,16.239735,15.699264,15.420709,14.9545965,4.0,4.0,4.0,0.0,0.0,4.0,0.0,0.0
50168,2023.0,12.0,15.0,9.0,16.283705,15.801792,20.059721,22.208923,17.066696,17.038158,16.003807,15.4327545,15.60373,16.05615,16.731903,16.81776,18.055271,18.131077,17.099287,17.517065,15.945185,16.290941,0.0,4.0,0.0,4.0,4.0,4.0,4.0,4.0
50169,2023.0,12.0,15.0,9.0,16.825985,17.002968,17.957983,17.981934,16.969385,16.958,15.604766,14.957603,19.914616,23.146162,20.391539,23.047237,17.315044,16.78981,17.36255,17.764797,21.33961,25.260666,4.0,4.0,0.0,0.0,4.0,0.0,4.0,4.0
50170,2023.0,12.0,15.0,9.0,17.019165,17.282137,20.25642,22.64891,16.886232,16.890238,16.500721,16.83228,16.86497,16.821028,20.045748,22.251118,16.88755,16.29111,17.367872,17.777235,20.842197,24.0473,4.0,4.0,4.0,0.0,4.0,0.0,4.0,0.0
50171,2023.0,12.0,15.0,9.0,16.999329,17.275412,20.060596,22.043182,16.158216,15.609641,15.929543,15.519434,15.241788,14.782287,20.114336,22.193186,16.704157,16.111734,17.36879,17.78495,18.185894,18.587442,0.0,0.0,0.0,0.0,0.0,0.0,4.0,4.0
50172,2023.0,12.0,15.0,10.0,16.257477,15.926761,18.117458,18.162825,16.42529,16.380663,16.089458,16.094755,15.1366825,14.917601,17.68921,17.39347,17.36534,17.489414,16.375126,15.936656,20.343708,23.098467,4.0,4.0,4.0,0.0,0.0,4.0,0.0,4.0
50173,2023.0,12.0,15.0,10.0,16.611082,16.848913,20.224983,22.460518,16.602428,16.657228,16.271103,16.36077,15.059543,14.875287,16.645945,16.357143,17.591528,17.732323,15.887365,15.4114,20.069971,22.411137,4.0,4.0,4.0,0.0,0.0,4.0,0.0,0.0
50174,2023.0,12.0,15.0,10.0,16.82249,17.14949,20.044476,21.908518,16.589785,16.667784,16.282297,16.39092,15.658983,16.119892,16.392113,16.141394,16.914268,16.444944,16.777597,17.255047,17.454151,17.259085,4.0,4.0,4.0,4.0,0.0,0.0,4.0,0.0
50175,2023.0,12.0,15.0,10.0,16.826729,17.167976,20.084373,21.868355,16.568296,16.66537,16.280457,16.405685,20.29176,24.028486,16.138048,15.903453,16.558521,16.02912,16.103855,15.717281,17.026266,17.336746,4.0,4.0,4.0,0.0,0.0,0.0,0.0,4.0
50176,2023.0,12.0,15.0,10.0,16.153551,15.929572,20.077597,21.776434,16.547548,16.66329,15.605938,15.168021,17.047945,17.108456,16.333647,16.472027,16.436256,15.913633,15.664449,15.234678,20.37026,23.276615,4.0,4.0,0.0,0.0,4.0,0.0,0.0,0.0
50177,2023.0,12.0,15.0,10.0,16.511768,16.83085,20.077076,21.719954,15.865872,15.427323,15.237748,14.710943,15.388874,14.989218,20.432964,23.373552,17.486513,18.019274,16.598534,17.124422,18.125193,18.574778,4.0,0.0,0.0,0.0,0.0,4.0,4.0,4.0
50178,2023.0,12.0,15.0,11.0,16.040962,15.845627,20.074554,21.671432,15.487935,14.9608965,15.112669,14.595162,15.25713,15.064469,17.93649,18.283953,16.827623,16.423859,15.945834,15.597225,20.348362,23.090288,4.0,0.0,0.0,0.0,0.0,0.0,0.0,0.0
50179,2023.0,12.0,15.0,11.0,15.676137,15.378424,20.09107,21.684797,16.045748,16.12988,15.729959,15.838455,15.179909,15.023687,16.461634,16.28912,17.156298,17.331217,15.531317,15.138567,18.244122,18.714329,0.0,4.0,4.0,0.0,0.0,4.0,0.0,4.0
50180,2023.0,12.0,15.0,11.0,15.543295,15.24553,18.151852,17.950031,15.627272,15.23549,15.333546,14.959191,15.05883,14.910229,16.114807,15.920218,16.724468,16.326288,15.404989,15.014441,20.338799,22.979492,0.0,0.0,0.0,0.0,0.0,0.0,0.0,0.0
50181,2023.0,12.0,15.0,11.0,16.502752,17.166548,17.265755,17.033539,15.287222,14.805387,15.7118,15.850875,15.003338,14.90758,15.910494,15.718355,16.407272,15.941372,15.314071,14.932474,17.66037,17.56414,0.0,0.0,4.0,0.0,0.0,0.0,0.0,0.0
50182,2023.0,12.0,15.0,11.0,15.940436,15.817006,17.442915,17.62471,15.168337,14.691758,15.280199,14.917995,15.0098505,14.979922,15.743401,15.555933,16.304205,15.8369875,15.447757,15.284102,16.300993,15.874064,4.0,0.0,0.0,0.0,0.0,0.0,0.0,0.0
50183,2023.0,12.0,15.0,11.0,15.501906,15.252427,20.227695,22.66736,15.330141,15.115036,15.671986,15.839237,15.581391,16.092245,15.601357,15.418983,17.33574,17.883972,15.47528,15.325445,16.106092,15.897954,0.0,0.0,4.0,4.0,0.0,4.0,0.0,0.0
50184,2023.0,12.0,15.0,12.0,15.37714,15.125794,18.312862,18.671072,16.127344,16.613733,15.252172,14.92947,20.364601,24.178383,15.48143,15.307125,17.452002,17.74963,16.488527,17.263893,15.948157,15.778802,0.0,4.0,0.0,4.0,0.0,4.0,4.0,0.0
50185,2023.0,12.0,15.0,12.0,21.259863,25.531342,17.490185,17.764555,21.273727,25.356653,20.292387,23.882776,20.050476,23.088842,15.376384,15.206923,21.216335,24.295502,20.87142,24.574608,15.751668,15.586771,4.0,4.0,0.0,0.0,0.0,4.0,0.0,0.0
50186,2023.0,12.0,15.0,12.0,21.034008,24.437698,20.250967,22.798523,21.044804,24.314041,20.945627,24.444254,17.145884,17.1204,15.70782,15.916748,21.433964,24.193974,21.182764,24.554466,15.58213,15.42414,0.0,4.0,0.0,0.0,4.0,4.0,0.0,0.0
50187,2023.0,12.0,15.0,12.0,21.117392,24.172573,18.145552,18.354298,21.103083,24.02841,21.099417,24.272505,15.715411,15.300258,20.40938,23.773212,21.549932,24.103373,21.10687,23.981117,15.443432,15.292464,4.0,4.0,4.0,0.0,4.0,0.0,0.0,0.0
50188,2023.0,12.0,15.0,12.0,21.136341,23.923231,20.258389,22.669527,21.144945,23.857265,21.142078,24.089243,15.355108,14.928699,20.039139,22.712328,21.650503,23.976133,22.389158,25.830267,15.329195,15.185504,4.0,0.0,0.0,0.0,0.0,0.0,0.0,0.0
50189,2023.0,12.0,15.0,12.0,21.058407,23.58868,20.035843,21.972382,21.082474,23.51457,21.090506,23.722876,15.37263,15.185581,17.462198,17.40633,21.00396,22.640253,20.884987,22.924124,15.233499,15.097043,4.0,4.0,4.0,0.0,0.0,0.0,0.0,0.0
50190,2023.0,12.0,15.0,13.0,21.079424,23.481115,20.093027,21.943245,21.104847,23.436874,21.084473,23.544567,15.321629,15.161523,16.36136,16.185701,21.05876,22.648897,21.078474,23.206232,15.148847,15.016385,0.0,0.0,4.0,0.0,0.0,4.0,4.0,0.0
50191,2023.0,12.0,15.0,13.0,21.078218,23.371552,18.378508,18.529642,21.07746,23.253136,21.088095,23.430285,15.220439,15.075699,16.141125,15.955853,21.08221,22.65268,21.09786,23.181906,15.079909,14.95589,4.0,4.0,4.0,0.0,0.0,0.0,0.0,0.0
50192,2023.0,12.0,15.0,13.0,21.155039,23.444656,20.243322,22.35662,21.160915,23.358229,21.1551,23.473587,15.122822,14.983606,15.952755,15.767548,21.122234,22.65869,21.17879,23.241257,15.01562,14.896453,4.0,0.0,4.0,0.0,0.0,4.0,4.0,0.0
50193,2023.0,12.0,15.0,13.0,21.072063,23.213781,20.040606,21.808104,21.093834,23.155205,21.10532,23.320156,15.03603,14.900271,15.792726,15.60866,21.050257,22.47419,21.098494,23.047668,15.005531,14.930155,0.0,0.0,0.0,0.0,0.0,4.0,0.0,0.0
50194,2023.0,12.0,15.0,13.0,21.074337,23.170025,18.393333,18.542356,21.053308,23.041555,21.077717,23.186768,15.783856,16.38142,15.67369,15.505262,21.050676,22.445368,21.051859,22.880331,15.004569,14.962269,4.0,4.0,4.0,4.0,0.0,4.0,4.0,0.0
50195,2023.0,12.0,15.0,13.0,21.158545,23.29662,20.241688,22.32536,21.102413,23.104843,21.080622,23.147736,20.306635,24.04215,15.559817,15.395518,21.129213,22.576077,21.095728,22.95939,15.00568,14.990777,4.0,0.0,4.0,0.0,0.0,4.0,0.0,0.0
50196,2023.0,12.0,15.0,14.0,21.09532,23.14957,20.038713,21.764206,21.092964,23.040731,21.103037,23.175114,17.140778,17.25722,15.46001,15.302152,21.077372,22.464775,21.086552,22.904293,15.00583,15.012509,4.0,0.0,0.0,0.0,0.0,0.0,0.0,0.0
50197,2023.0,12.0,15.0,14.0,19.413412,19.857685,20.073439,21.737774,18.897875,18.798159,19.226545,19.514101,15.540721,15.209213,15.3735895,15.221867,19.27667,18.978344,18.905123,18.681887,15.006296,15.031415,4.0,0.0,4.0,0.0,0.0,0.0,0.0,0.0
50198,2023.0,12.0,15.0,14.0,18.610094,18.950577,20.085459,21.71325,17.887672,17.711788,17.652178,17.247255,16.211554,16.757687,15.295407,15.148616,18.352413,17.830524,17.765354,17.317307,15.006922,15.0500345,0.0,0.0,0.0,4.0,0.0,0.0,0.0,0.0
50199,2023.0,12.0,15.0,14.0,17.683397,17.455183,18.53261,18.67429,17.552498,17.381905,17.67833,17.76468,20.100384,23.281984,15.225684,15.085436,18.77764,18.927767,17.569946,17.354223,15.007784,15.068808,4.0,0.0,4.0,0.0,0.0,4.0,0.0,0.0
50200,2023.0,12.0,15.0,14.0,17.862194,18.178818,20.230211,22.18236,17.269218,17.098652,17.666985,17.843594,17.359735,17.458805,15.156951,15.019842,18.220705,17.837479,17.383396,17.205671,15.008177,15.085802,4.0,0.0,4.0,0.0,0.0,0.0,0.0,0.0
50201,2023.0,12.0,15.0,14.0,17.22005,16.9959,20.054728,21.719055,17.028393,16.856365,16.846333,16.46381,15.800765,15.449136,15.091386,14.957586,18.522833,18.734821,17.161175,16.992178,15.008944,15.102583,0.0,0.0,0.0,0.0,0.0,4.0,0.0,0.0
50202,2023.0,12.0,15.0,15.0,17.502197,17.843567,18.502026,18.654165,17.529467,17.973719,16.377302,15.927297,15.636186,15.465128,15.033473,14.905433,18.62149,18.84808,16.966171,16.8077,15.009309,15.117874,4.0,4.0,0.0,0.0,0.0,4.0,0.0,0.0
50203,2023.0,12.0,15.0,15.0,17.623175,18.037846,20.235012,22.215885,17.068321,17.043642,16.820658,16.966639,15.529772,15.392741,15.001402,14.896919,17.891441,17.522993,16.792873,16.641546,15.009778,15.132826,4.0,0.0,4.0,0.0,0.0,0.0,0.0,0.0
50204,2023.0,12.0,15.0,15.0,16.84461,16.6412,20.05382,21.728891,17.060654,17.23966,16.975866,17.215204,15.384955,15.255007,15.0060215,14.939967,18.245512,18.493168,16.638273,16.491863,15.010332,15.146929,0.0,4.0,4.0,0.0,0.0,4.0,0.0,0.0
50205,2023.0,12.0,15.0,15.0,16.442066,16.170418,18.480665,18.61503,16.443207,16.098612,16.926228,17.177929,15.256908,15.135345,15.005546,14.965237,18.37428,18.621386,16.504274,16.36595,15.01063,15.159388,4.0,0.0,4.0,0.0,0.0,4.0,0.0,0.0
50206,2023.0,12.0,15.0,15.0,17.012537,17.395687,20.222649,22.21253,16.03796,15.597637,16.870842,17.130726,15.140356,15.023248,15.0065,14.989272,17.635733,17.258535,16.381937,16.249413,15.010913,15.171379,0.0,0.0,4.0,0.0,0.0,0.0,0.0,0.0
50207,2023.0,12.0,15.0,15.0,16.565063,16.45326,18.202736,18.123447,15.865723,15.425864,16.819607,17.087059,15.037138,14.926056,15.006836,15.009861,17.241297,16.799557,16.270298,16.143415,15.011488,15.18395,0.0,0.0,4.0,0.0,0.0,0.0,0.0,0.0
50208,2023.0,12.0,15.0,16.0,16.177189,15.952293,17.705395,17.933908,16.70679,17.15511,16.108856,15.807657,15.730942,16.319954,15.007696,15.0298,17.080347,16.63946,16.162973,16.033638,15.012014,15.195911,4.0,4.0,0.0,4.0,0.0,0.0,0.0,0.0
50209,2023.0,12.0,15.0,16.0,16.009228,15.765157,20.264051,22.475372,16.80168,17.101696,15.705386,15.303369,20.163675,23.81779,15.221592,15.440143,16.952332,16.512932,16.062939,15.931841,15.012254,15.206857,4.0,4.0,0.0,0.0,4.0,0.0,0.0,0.0
50210,2023.0,12.0,15.0,16.0,16.915827,17.597548,20.185081,21.988651,16.687828,16.942585,16.227196,16.417038,17.104336,17.253933,20.099482,23.439053,17.077856,16.880505,15.969488,15.835942,15.427317,15.660418,0.0,4.0,4.0,0.0,0.0,0.0,0.0,0.0
50211,2023.0,12.0,15.0,16.0,16.378199,16.317253,18.43857,18.4129,15.997823,15.679976,16.444366,16.711025,15.487356,15.182444,17.601181,18.199232,17.842838,18.334396,16.91474,17.6868,15.802158,15.959471,0.0,0.0,4.0,0.0,0.0,4.0,4.0,0.0
50212,2023.0,12.0,15.0,16.0,15.9920635,15.748066,17.718596,17.511442,15.665591,15.221085,16.442503,16.704473,16.14774,16.668285,16.258486,16.12334,17.802664,18.089842,16.011576,15.7593775,15.154705,15.050855,4.0,0.0,4.0,4.0,0.0,4.0,0.0,0.0
50213,2023.0,12.0,15.0,16.0,16.581347,16.963423,20.237982,22.171238,16.215242,16.362362,15.783681,15.487015,20.042326,23.283062,15.947116,15.77404,17.033258,16.63569,15.649275,15.291264,14.996623,14.91478,4.0,4.0,0.0,0.0,0.0,0.0,0.0,0.0
50214,2023.0,12.0,15.0,17.0,16.149965,16.025476,20.035112,21.62321,16.4362,16.667692,16.07866,16.256975,17.255285,17.346521,15.702833,15.53003,16.684462,16.231739,15.502052,15.144288,15.743558,16.427612,4.0,4.0,4.0,0.0,0.0,0.0,0.0,4.0
50215,2023.0,12.0,15.0,17.0,16.518251,16.91655,20.071367,21.60716,16.435383,16.667595,16.270592,16.517105,15.673079,15.322769,15.5107765,15.342291,16.56145,16.106583,15.383876,15.027907,20.151884,23.886803,4.0,4.0,4.0,0.0,0.0,0.0,0.0,0.0
50216,2023.0,12.0,15.0,17.0,16.055298,15.926113,20.08386,21.587816,16.419197,16.648813,16.272776,16.51745,16.275349,16.793219,15.351855,15.188904,17.263794,17.522606,15.481485,15.326513,16.934078,17.060163,0.0,4.0,4.0,4.0,0.0,4.0,0.0,0.0
50217,2023.0,12.0,15.0,17.0,16.426136,16.818268,18.258696,18.052477,16.399464,16.626078,15.626887,15.322851,20.293993,23.634117,15.219071,15.064443,16.755314,16.356556,15.483396,15.334973,16.170864,16.601635,0.0,4.0,0.0,0.0,0.0,0.0,0.0,4.0
50218,2023.0,12.0,15.0,17.0,15.974757,15.843695,17.44456,17.220905,16.377613,16.60113,15.927953,16.095215,17.31368,17.368052,15.093393,14.93391,16.425644,15.972345,15.427416,15.27825,20.331259,23.860273,0.0,4.0,4.0,0.0,0.0,0.0,0.0,0.0
50219,2023.0,12.0,15.0,17.0,16.350536,16.738237,17.641565,17.81843,16.354418,16.574888,16.125977,16.362514,15.759171,15.390133,14.998146,14.862135,16.31808,15.860184,15.3717,15.221472,17.136045,17.177608,4.0,4.0,4.0,0.0,0.0,0.0,0.0,0.0
50220,2023.0,12.0,15.0,18.0,16.55397,16.980675,20.235752,22.492735,16.329584,16.546055,15.509529,15.209727,16.35772,16.866,15.011039,14.948989,16.462294,16.234646,15.317769,15.1663065,15.553822,15.19553,4.0,4.0,0.0,4.0,0.0,0.0,0.0,0.0
50221,2023.0,12.0,15.0,18.0,21.06657,24.71649,20.041906,21.84531,20.992495,24.605398,20.839888,24.638472,20.201227,23.386198,15.009421,14.99066,21.260895,24.40696,20.876963,24.59679,15.362543,15.194312,4.0,4.0,4.0,0.0,0.0,4.0,0.0,0.0
50222,2023.0,12.0,15.0,18.0,21.028505,24.132898,20.07417,21.750475,21.031876,24.140743,20.859945,24.099808,17.272732,17.23485,15.009969,15.022837,21.232458,24.005568,21.069315,24.537415,15.220079,15.072444,4.0,4.0,0.0,0.0,0.0,4.0,0.0,0.0
50223,2023.0,12.0,15.0,18.0,21.094414,23.911074,20.069025,21.635899,21.101425,23.904757,21.129616,24.150972,15.715555,15.275903,15.010124,15.044473,21.074846,23.392227,22.293053,26.237452,15.0556755,14.915245,4.0,4.0,4.0,0.0,0.0,0.0,0.0,0.0
50224,2023.0,12.0,15.0,18.0,21.076027,23.637423,20.08471,21.610094,21.105728,23.678812,21.081047,23.765991,15.617441,15.439661,15.010544,15.060276,21.08846,23.176458,22.680403,26.46155,15.008796,14.946969,0.0,0.0,4.0,0.0,0.0,0.0,0.0,0.0
50225,2023.0,12.0,15.0,18.0,21.08328,23.482328,18.176342,17.901625,21.107542,23.495298,21.11791,23.65585,15.509474,15.346361,15.0102,15.07108,21.089327,22.99848,22.187868,25.139368,15.011301,15.021232,0.0,0.0,0.0,0.0,0.0,0.0,0.0,0.0
50226,2023.0,12.0,15.0,19.0,21.077995,23.347717,17.843832,18.00702,21.07909,23.281729,21.082878,23.417238,15.349543,15.182517,15.011134,15.083771,21.06594,22.857447,21.088873,23.251728,15.011379,15.069946,4.0,4.0,4.0,0.0,0.0,0.0,0.0,0.0
50227,2023.0,12.0,15.0,19.0,21.077753,23.253551,20.224724,22.313303,21.08367,23.191587,21.111876,23.384949,15.211376,15.046927,15.011631,15.094621,21.067852,22.786547,22.20315,25.235373,15.011873,15.105377,4.0,4.0,0.0,0.0,0.0,0.0,0.0,0.0
50228,2023.0,12.0,15.0,19.0,21.076193,23.17793,20.04439,21.735283,21.081566,23.1118,21.081123,23.217478,15.087795,14.922766,15.011662,15.102607,21.066402,22.724476,20.92479,22.695726,15.705076,16.430862,4.0,4.0,4.0,0.0,0.0,0.0,0.0,4.0
50229,2023.0,12.0,15.0,19.0,21.075115,23.118097,20.07383,21.663424,21.080471,23.049574,21.109152,23.226385,14.99794,14.854704,15.011861,15.108383,21.065502,22.67467,21.09928,23.051115,19.940414,23.534515,4.0,4.0,0.0,0.0,0.0,0.0,0.0,0.0
50230,2023.0,12.0,15.0,19.0,21.099686,23.138567,20.06951,21.568924,21.079395,22.99812,21.078184,23.087341,15.009555,14.935393,15.011937,15.1122265,21.035892,22.558104,21.076593,22.999756,16.73384,16.705574,4.0,4.0,4.0,0.0,0.0,4.0,0.0,0.0
50231,2023.0,12.0,15.0,19.0,21.091982,23.077185,20.068132,21.506891,21.077303,22.95277,21.106668,23.118505,15.008986,14.975823,15.012118,15.115416,21.088558,22.616611,21.077787,22.989447,15.153466,14.761381,4.0,4.0,0.0,0.0,0.0,0.0,0.0,0.0
50232,2023.0,12.0,15.0,20.0,21.142586,23.101961,20.164349,21.66423,21.152962,23.05885,21.198902,23.248894,15.013219,15.019591,15.023807,15.140655,21.161863,22.6952,21.157661,23.12598,15.06952,14.912694,0.0,4.0,0.0,0.0,0.0,0.0,0.0,0.0
50233,2023.0,12.0,15.0,20.0,21.0624,22.923182,18.234312,17.906769,21.06666,22.856853,21.040485,22.925455,15.568715,16.074493,15.009997,15.114948,21.050999,22.470234,21.028898,22.824303,14.999208,14.879111,0.0,4.0,4.0,4.0,0.0,0.0,4.0,0.0
50234,2023.0,12.0,15.0,20.0,21.098043,22.991798,17.869406,17.96423,21.07733,22.853088,21.08521,22.97738,20.53048,24.309282,15.013241,15.125837,21.062958,22.485764,21.104076,22.958088,15.013116,14.990263,4.0,4.0,4.0,4.0,0.0,0.0,0.0,0.0
50235,2023.0,12.0,15.0,20.0,21.064335,22.87592,20.231144,22.249382,21.099712,22.893095,21.103382,23.004875,20.026964,22.968908,15.013168,15.130893,21.032211,22.396221,21.09149,22.893032,15.011448,15.045561,4.0,0.0,0.0,4.0,0.0,4.0,0.0,0.0
50236,2023.0,12.0,15.0,20.0,21.068008,22.86085,20.031328,21.6467,21.06629,22.780462,21.070656,22.891565,20.087137,22.707056,15.013428,15.135902,21.086243,22.479805,21.089537,22.854628,15.0130205,15.090423,4.0,4.0,4.0,4.0,0.0,0.0,0.0,0.0
50237,2023.0,12.0,15.0,20.0,21.177515,23.077354,20.176327,21.821543,21.18483,23.01598,21.1928,23.132294,20.188179,22.60752,15.02582,15.1629715,21.15585,22.56812,21.084124,22.808212,15.020134,15.137519,0.0,0.0,0.0,4.0,0.0,0.0,4.0,0.0
50238,2023.0,12.0,15.0,21.0,21.07669,22.841347,18.150892,17.820202,21.080463,22.772879,21.08411,22.879957,20.094864,22.274368,15.010961,15.135141,21.020155,22.288677,21.095255,22.838972,15.011368,15.13945,0.0,0.0,0.0,0.0,0.0,4.0,0.0,0.0
50239,2023.0,12.0,15.0,21.0,21.063696,22.774927,17.7626,17.845428,21.07005,22.713652,21.074554,22.822018,18.111032,18.290314,15.014465,15.146251,21.056232,22.332169,21.090376,22.801266,15.663423,16.378273,4.0,4.0,4.0,4.0,0.0,4.0,0.0,4.0
50240,2023.0,12.0,15.0,21.0,21.09312,22.839106,20.237307,22.33412,21.0728,22.70656,21.101612,22.881145,20.42092,22.76691,15.067842,15.236765,21.081556,22.380014,21.051748,22.672134,19.951162,23.580608,0.0,4.0,0.0,4.0,4.0,0.0,4.0,0.0
50241,2023.0,12.0,15.0,21.0,21.086725,22.806717,18.74804,19.189617,21.096807,22.761902,21.095556,22.848928,20.034767,21.976423,20.01508,23.427328,21.076437,22.34323,21.097296,22.776186,17.255037,17.715712,4.0,0.0,0.0,4.0,0.0,0.0,0.0,4.0
50242,2023.0,12.0,15.0,21.0,21.207329,23.052212,20.262434,22.22059,21.161549,22.873198,21.181591,23.02579,20.107737,22.034405,17.287798,17.738838,21.212645,22.592222,21.181606,22.92478,20.440308,23.757858,0.0,0.0,4.0,0.0,0.0,0.0,0.0,0.0
50243,2023.0,12.0,15.0,21.0,21.068178,22.74586,18.418968,18.420815,21.066446,22.643837,21.07923,22.850256,18.297611,18.439327,15.538756,15.372285,21.02629,22.218575,21.088766,22.716702,17.719759,18.145485,4.0,4.0,0.0,4.0,0.0,4.0,0.0,4.0
50244,2023.0,12.0,15.0,22.0,21.16191,22.917385,20.245186,22.188793,21.163195,22.827148,21.162912,22.973892,20.364866,22.552568,15.18826,14.972937,21.134533,22.43173,21.187468,22.934328,20.459688,23.472427,4.0,4.0,0.0,4.0,0.0,0.0,0.0,0.0
50245,2023.0,12.0,15.0,22.0,21.090511,22.776073,20.03848,21.593328,21.094856,22.698303,21.093317,22.79959,20.067982,21.954763,14.996537,14.801454,21.07472,22.287338,21.071459,22.708277,17.872334,18.211535,4.0,0.0,0.0,0.0,0.0,0.0,0.0,4.0
50246,2023.0,12.0,15.0,22.0,21.085167,22.745052,20.091967,21.601238,21.06493,22.605516,21.070515,22.7739,17.721273,17.354979,15.016094,14.932921,21.075058,22.268023,21.071337,22.712166,20.46186,23.285439,0.0,4.0,0.0,0.0,0.0,0.0,0.0,0.0
50247,2023.0,12.0,15.0,22.0,21.058647,22.656118,18.159536,17.824385,21.094809,22.675455,21.072727,22.786255,16.484068,15.888493,15.105969,15.162163,21.054567,22.249666,21.071056,22.711496,17.408926,17.212286,0.0,0.0,0.0,0.0,4.0,0.0,0.0,0.0
50248,2023.0,12.0,15.0,22.0,21.09008,22.73088,17.362417,17.054865,21.088543,22.649061,21.07252,22.788576,16.380651,16.103014,20.156422,23.538267,21.056707,22.265547,21.07087,22.708202,15.92558,15.415271,0.0,0.0,0.0,0.0,0.0,0.0,0.0,0.0
50249,2023.0,12.0,15.0,22.0,21.083776,22.707079,17.60831,17.71706,21.041273,22.566849,21.071926,22.786196,16.249617,16.018446,17.713484,18.398922,21.056343,22.270695,21.070652,22.703007,15.779664,15.552456,4.0,4.0,0.0,0.0,4.0,0.0,0.0,0.0
50250,2023.0,12.0,15.0,23.0,21.084148,22.696695,20.241121,22.440561,21.071789,22.605091,21.071962,22.78305,16.041025,15.81922,20.311342,23.484783,21.026909,22.195704,21.070261,22.696138,15.636579,15.441846,4.0,4.0,0.0,0.0,4.0,4.0,0.0,0.0
50251,2023.0,12.0,15.0,23.0,19.513079,19.712337,18.297428,18.362122,19.026043,18.703154,19.334158,19.44527,15.863066,15.65677,17.725428,18.096071,19.216715,18.722864,19.267498,19.223572,15.44764,15.269929,4.0,0.0,0.0,0.0,0.0,0.0,0.0,0.0
50252,2023.0,12.0,15.0,23.0,18.747673,18.648048,17.038382,16.34206,18.013468,17.253382,18.45135,18.188768,16.351196,16.698742,16.47435,16.22673,19.27329,19.243816,18.519451,18.252567,15.306805,15.132921,0.0,0.0,0.0,4.0,0.0,4.0,0.0,0.0
50253,2023.0,12.0,15.0,23.0,18.412743,18.306896,16.629166,15.869975,17.60978,16.844553,18.085093,17.807966,15.841668,15.652528,16.449772,16.465002,18.563778,17.977634,18.183235,17.92453,15.891275,16.349888,0.0,0.0,0.0,0.0,4.0,0.0,0.0,4.0
50254,2023.0,12.0,15.0,23.0,18.887215,19.426823,17.227438,17.256338,17.689178,17.313644,17.81278,17.541555,15.598527,15.401764,16.355356,16.416563,18.142567,17.47134,17.913994,17.66608,15.323302,15.173772,4.0,0.0,0.0,0.0,4.0,0.0,0.0,0.0
50255,2023.0,12.0,15.0,23.0,18.275267,18.310076,16.971567,16.790152,17.599674,17.305628,17.583445,17.31718,15.478449,15.281353,15.63364,15.15866,17.907446,17.242617,17.683043,17.443296,14.991371,14.755874,0.0,0.0,0.0,0.0,0.0,0.0,0.0,0.0
50256,2023.0,12.0,16.0,0.0,17.451874,17.02244,16.664711,16.409632,17.407284,17.127712,17.355106,17.09979,15.355194,15.161771,15.404454,15.096082,18.024717,17.70708,18.520042,19.23917,15.38315,15.5898,0.0,0.0,0.0,0.0,4.0,0.0,4.0,4.0
50257,2023.0,12.0,16.0,0.0,17.131908,16.647476,16.533419,16.27229,17.257675,16.98367,17.18716,16.93612,15.26034,15.067843,15.003149,14.535006,18.00195,17.74217,17.404373,16.972769,14.965139,14.855623,0.0,0.0,0.0,0.0,0.0,0.0,0.0,0.0
50258,2023.0,12.0,16.0,0.0,17.260004,17.138197,16.40379,16.146088,17.092009,16.823181,17.005915,16.759531,15.159544,14.9674835,15.34982,15.376131,17.879864,17.618223,16.760588,16.234678,15.031616,15.029096,0.0,0.0,0.0,0.0,4.0,0.0,0.0,0.0
50259,2023.0,12.0,16.0,0.0,17.223026,17.146114,16.284891,16.028025,16.93863,16.67159,16.840649,16.595322,15.066757,14.874204,15.159173,14.956594,17.759151,17.496702,16.529928,16.006588,15.008493,15.037311,0.0,0.0,0.0,0.0,0.0,0.0,0.0,0.0
50260,2023.0,12.0,16.0,0.0,17.107744,17.04253,16.674454,16.853004,16.81102,16.555647,16.704538,16.470856,14.996917,14.823024,14.994351,14.833452,17.656208,17.398718,16.638144,16.407864,15.012835,15.084118,4.0,0.0,0.0,0.0,0.0,0.0,0.0,0.0
50261,2023.0,12.0,16.0,0.0,16.993792,16.934486,16.352413,16.18739,16.69201,16.443027,16.578299,16.350636,15.008461,14.894159,15.014316,14.943142,17.560759,17.305162,16.605026,16.392141,15.012479,15.112831,0.0,0.0,0.0,0.0,0.0,0.0,0.0,0.0
50262,2023.0,12.0,16.0,1.0,16.883575,16.823065,16.088987,15.843486,16.577248,16.327082,16.45725,16.227694,15.008698,14.935922,15.014808,15.001249,17.471422,17.214357,16.503094,16.29037,15.022528,15.158005,0.0,0.0,0.0,0.0,0.0,0.0,0.0,0.0
50263,2023.0,12.0,16.0,1.0,16.79264,16.740591,15.99357,15.756539,16.483414,16.243114,16.35861,16.138609,15.010425,14.965656,15.105034,15.194725,17.39673,17.144775,16.408594,16.200754,15.022672,15.171618,0.0,0.0,0.0,0.0,4.0,0.0,0.0,0.0
50264,2023.0,12.0,16.0,1.0,16.715542,16.67636,15.923029,15.700195,16.404192,16.17872,16.275768,16.070498,15.440192,15.788889,14.993894,15.012568,17.332592,17.088373,16.325453,16.125498,15.011523,15.165535,0.0,0.0,0.0,4.0,0.0,0.0,0.0,0.0
50265,2023.0,12.0,16.0,1.0,16.636002,16.598846,15.855104,15.639895,16.326485,16.109558,16.194757,15.997582,15.068931,14.938043,15.015653,15.0802765,17.27161,17.031887,16.24631,16.050592,15.014267,15.184308,0.0,0.0,0.0,0.0,0.0,0.0,0.0,0.0
50266,2023.0,12.0,16.0,1.0,16.559189,16.522833,15.788977,15.576808,16.250261,16.036926,16.115639,15.921438,15.013477,15.017201,15.021665,15.11261,17.213707,16.976187,16.171215,15.977091,15.02557,15.218741,0.0,0.0,0.0,0.0,0.0,0.0,0.0,0.0
50267,2023.0,12.0,16.0,1.0,16.497692,16.4709,15.732725,15.528241,16.184162,15.97902,16.047365,15.86094,15.013554,15.018664,15.042263,15.149205,17.162823,16.929893,16.104713,15.9149065,15.0264845,15.225315,0.0,0.0,0.0,0.0,4.0,0.0,0.0,0.0
50268,2023.0,12.0,16.0,2.0,16.445684,16.432232,15.683855,15.489777,16.12579,15.931607,15.987373,15.811567,15.420257,15.796559,15.007728,15.109851,17.117346,16.890364,16.044924,15.860957,15.011608,15.206903,0.0,0.0,0.0,4.0,0.0,0.0,0.0,0.0
50269,2023.0,12.0,16.0,2.0,16.40125,16.404322,15.635788,15.448913,16.068573,15.882156,15.928757,15.760282,14.937666,14.839883,15.013933,15.132721,17.073858,16.851292,15.988163,15.808523,15.01464,15.220973,0.0,0.0,0.0,0.0,0.0,0.0,0.0,0.0
50270,2023.0,12.0,16.0,2.0,16.350924,16.356997,15.58936,15.408205,16.013247,15.832854,15.872289,15.709374,15.032818,15.0428505,15.012881,15.139392,17.032335,16.813309,15.934135,15.757717,15.409696,15.961289,0.0,0.0,0.0,0.0,0.0,0.0,0.0,4.0
50271,2023.0,12.0,16.0,2.0,16.301105,16.311115,15.546674,15.372216,15.962276,15.788959,15.820785,15.664353,15.005476,15.021708,15.013135,15.147283,16.994152,16.77943,15.884383,15.712009,14.953058,15.071167,0.0,0.0,0.0,0.0,0.0,0.0,0.0,0.0
50272,2023.0,12.0,16.0,2.0,16.250748,16.262154,15.502817,15.331405,15.910259,15.7400465,15.768308,15.61442,15.015134,15.064375,15.024664,15.17684,16.956373,16.744123,15.835387,15.664868,15.042277,15.272631,0.0,0.0,0.0,0.0,0.0,0.0,0.0,0.0
50273,2023.0,12.0,16.0,2.0,16.204214,16.218325,15.465462,15.301405,15.865247,15.702609,15.723031,15.576279,15.007998,15.062559,15.009769,15.152009,16.922508,16.714668,15.791467,15.625184,15.23389,15.581549,0.0,0.0,0.0,0.0,0.0,0.0,0.0,4.0
50274,2023.0,12.0,16.0,3.0,16.158855,16.175482,15.42846,15.270077,15.820958,15.664164,15.67867,15.537237,15.010816,15.080747,15.01459,15.166572,16.889677,16.685574,15.749187,15.586308,14.98343,15.130469,0.0,0.0,0.0,0.0,0.0,0.0,0.0,0.0
50275,2023.0,12.0,16.0,3.0,16.121164,16.145906,15.392341,15.2387,15.777738,15.625714,15.635444,15.498356,15.017839,15.107554,15.026047,15.196201,16.85837,16.65794,15.708912,15.549277,15.040258,15.258991,0.0,0.0,0.0,0.0,0.0,0.0,0.0,0.0
50276,2023.0,12.0,16.0,3.0,16.083101,16.112173,15.359135,15.21145,15.73767,15.591627,15.595393,15.463896,15.0180025,15.113241,15.025663,15.195608,16.828896,16.632492,15.671137,15.515199,15.026269,15.240968,0.0,0.0,0.0,0.0,0.0,0.0,0.0,0.0
50277,2023.0,12.0,16.0,3.0,16.047178,16.08165,15.329143,15.189042,15.701198,15.562854,15.558945,15.434804,15.376452,15.786295,15.011379,15.17501,16.80154,16.609941,15.636161,15.484785,15.013134,15.235701,0.0,0.0,0.0,4.0,0.0,0.0,0.0,0.0
50278,2023.0,12.0,16.0,3.0,16.00841,16.04399,15.296978,15.160766,15.662446,15.52788,15.520205,15.39951,15.570823,16.029598,15.002859,15.1473465,16.773705,16.585257,15.601018,15.4523535,15.02704,15.277637,0.0,0.0,0.0,4.0,4.0,0.0,0.0,0.0
50279,2023.0,12.0,16.0,3.0,15.980077,16.02497,15.26981,15.141021,15.629049,15.502151,15.486899,15.37356,14.942481,14.883343,15.000891,15.15698,16.748682,16.565107,15.569459,15.425493,15.012407,15.256922,0.0,0.0,0.0,0.0,4.0,0.0,0.0,0.0
50280,2023.0,12.0,16.0,4.0,15.9471245,15.994525,15.239865,15.114497,15.59269,15.469025,15.450662,15.340241,15.031361,15.115884,15.0261545,15.2281685,16.722754,16.542141,15.537134,15.395598,15.028892,15.299221,0.0,0.0,0.0,0.0,0.0,0.0,0.0,0.0
50281,2023.0,12.0,16.0,4.0,15.921877,15.979281,15.715925,16.035254,15.559198,15.440388,15.417346,15.311502,15.011535,15.067205,15.011519,15.199282,16.697414,16.519426,15.506419,15.367572,15.012352,15.271515,4.0,0.0,0.0,0.0,0.0,0.0,0.0,0.0
50282,2023.0,12.0,16.0,4.0,15.888304,15.945227,15.450417,15.402021,15.523213,15.406315,15.381526,15.277344,15.400014,15.817862,15.013862,15.206215,16.670696,16.494032,15.474587,15.3369255,15.015219,15.283804,0.0,0.0,0.0,4.0,0.0,0.0,0.0,0.0
50283,2023.0,12.0,16.0,4.0,15.855093,15.9126215,15.258309,15.154504,15.488816,15.374624,15.347343,15.245625,14.966219,14.973112,14.998742,15.164859,16.644648,16.469738,15.444064,15.308221,15.415776,16.024376,0.0,0.0,0.0,0.0,4.0,0.0,0.0,4.0
50284,2023.0,12.0,16.0,4.0,15.822815,15.881456,15.193387,15.080244,15.454753,15.342724,15.313804,15.213859,15.028813,15.11606,15.017582,15.2207155,16.61849,16.445042,15.413788,15.279314,14.951797,15.126321,0.0,0.0,0.0,0.0,0.0,0.0,0.0,0.0
50285,2023.0,12.0,16.0,4.0,15.789625,15.847799,15.149085,15.03309,15.419201,15.307042,15.278816,15.178466,15.030298,15.126659,15.02746,15.243091,16.591604,16.418648,15.3830805,15.248961,15.043025,15.329168,0.0,0.0,0.0,0.0,0.0,0.0,0.0,0.0
50286,2023.0,12.0,16.0,5.0,15.765837,15.832327,15.621438,15.951349,15.388794,15.280927,15.248844,15.152504,15.006589,15.1027355,15.011743,15.213399,16.566982,16.39654,15.355113,15.22347,15.016783,15.264332,4.0,0.0,0.0,0.0,0.0,0.0,0.0,0.0
50287,2023.0,12.0,16.0,5.0,15.734329,15.798726,15.359379,15.326942,15.356019,15.249286,15.216484,15.121055,15.010956,15.126816,15.014102,15.220255,16.540754,16.371008,15.326003,15.195136,15.431733,16.044106,0.0,0.0,0.0,0.0,0.0,0.0,0.0,4.0
50288,2023.0,12.0,16.0,5.0,15.7000885,15.761605,15.147162,15.042868,15.322331,15.215388,15.183505,15.087547,15.010898,15.139052,15.01391,15.222249,16.513649,16.34394,15.296274,15.165366,15.391279,15.817169,0.0,0.0,0.0,0.0,0.0,0.0,0.0,4.0
50289,2023.0,12.0,16.0,5.0,15.672722,15.737865,15.086107,14.977518,15.291015,15.1856575,15.15306,15.058291,15.011023,15.149119,15.013973,15.2250395,16.487425,16.31875,15.267809,15.1379,14.971177,15.130303,0.0,0.0,0.0,0.0,0.0,0.0,0.0,0.0
50290,2023.0,12.0,16.0,5.0,15.651279,15.722956,15.040051,14.927915,15.25774,15.151463,15.120591,15.024661,15.022129,15.1806135,15.028136,15.255708,16.459858,16.290977,15.238376,15.108291,15.039636,15.297228,0.0,0.0,0.0,0.0,0.0,0.0,0.0,0.0
50291,2023.0,12.0,16.0,5.0,15.619983,15.687866,15.002489,14.890989,15.226732,15.121315,15.090221,14.994936,15.022025,15.183962,15.027321,15.252436,16.433022,16.26474,15.209951,15.0804615,15.039796,15.292412,0.0,0.0,0.0,0.0,0.0,0.0,0.0,0.0
50292,2023.0,12.0,16.0,6.0,15.588967,15.654982,15.001797,14.923246,15.196266,15.091683,15.060309,14.965676,15.023121,15.192492,15.027531,15.255852,16.406109,16.238407,15.181779,15.052863,15.0266285,15.289153,0.0,0.0,0.0,0.0,0.0,0.0,0.0,0.0
50293,2023.0,12.0,16.0,6.0,20.588697,24.284153,15.002665,14.944501,20.51229,24.349644,20.401972,24.268463,15.335386,15.765533,14.999227,15.191871,20.408989,23.016401,20.791649,24.493206,15.014113,15.282877,0.0,0.0,0.0,4.0,4.0,0.0,0.0,0.0
50294,2023.0,12.0,16.0,6.0,21.057615,24.57118,15.003278,14.963723,21.018108,24.62121,20.928993,24.583075,19.943443,23.652962,19.450962,22.84542,20.985268,23.835354,21.059822,24.598602,15.401051,16.000082,0.0,0.0,0.0,0.0,0.0,0.0,0.0,4.0
50295,2023.0,12.0,16.0,6.0,21.094887,24.231882,15.002737,14.9759865,21.10363,24.319744,21.121977,24.46376,17.654486,18.522562,17.10095,17.658192,21.553715,24.453041,22.50639,26.604748,20.157839,24.147173,0.0,0.0,0.0,4.0,0.0,0.0,4.0,0.0
50296,2023.0,12.0,16.0,6.0,21.087393,23.93756,15.003408,14.988179,21.091278,23.97952,21.092117,24.077229,20.34964,23.750845,15.441535,15.358971,20.981571,23.108887,22.060781,25.288395,16.846361,17.039772,0.0,0.0,0.0,4.0,0.0,4.0,0.0,0.0
50297,2023.0,12.0,16.0,6.0,21.08507,23.734758,15.399083,15.733107,21.089462,23.753876,21.092962,23.850536,20.054476,22.7866,15.432547,15.573156,21.083937,23.165585,20.947523,23.092516,15.912128,16.28321,4.0,0.0,0.0,0.0,4.0,0.0,0.0,4.0
50298,2023.0,12.0,16.0,7.0,21.6946,24.437693,19.971298,23.462545,21.677912,24.406702,21.645426,24.449963,17.373407,17.350533,20.053843,23.458767,21.347261,23.381615,21.75474,24.230963,20.721323,24.534199,0.0,0.0,0.0,0.0,0.0,0.0,0.0,4.0
50299,2023.0,12.0,16.0,7.0,20.91637,23.011782,17.669786,18.344345,20.924772,23.011644,20.92907,23.109604,16.035418,15.675298,17.613901,18.194168,21.01101,22.67231,20.905657,22.718132,19.939425,22.697485,0.0,0.0,0.0,0.0,0.0,0.0,0.0,0.0
50300,2023.0,12.0,16.0,7.0,21.103115,23.347696,15.984658,15.99651,21.106525,23.325617,21.1078,23.41101,15.856355,15.679634,16.27446,16.514627,21.042194,22.673235,21.063835,23.000967,17.888288,18.464277,0.0,0.0,0.0,0.0,4.0,4.0,4.0,4.0
50301,2023.0,12.0,16.0,7.0,21.161415,23.407658,16.101772,16.421473,21.15672,23.35888,21.155695,23.453709,15.7249,15.578091,20.290684,23.53614,21.12731,22.779036,21.190756,23.217264,21.144499,24.605082,4.0,4.0,0.0,0.0,0.0,4.0,4.0,0.0
50302,2023.0,12.0,16.0,7.0,21.71654,24.159733,20.236036,23.56869,21.715708,24.10677,21.667248,24.09948,15.560963,15.422015,17.79025,18.266941,21.644053,23.467531,21.851974,24.365318,18.557049,19.126978,0.0,0.0,0.0,0.0,0.0,4.0,0.0,4.0
50303,2023.0,12.0,16.0,7.0,21.050152,23.033117,18.145723,18.968182,21.05156,22.973644,21.07091,23.141329,15.4227915,15.291819,16.216135,16.121256,21.023989,22.421282,20.952425,22.573185,20.334818,23.018187,4.0,4.0,0.0,0.0,0.0,4.0,0.0,0.0
50304,2023.0,12.0,16.0,8.0,22.083284,24.662899,20.284618,23.173658,22.041233,24.518734,21.964752,24.543638,15.305126,15.179986,16.241102,16.449997,21.783962,23.619808,21.910376,24.162872,18.329952,18.86372,4.0,4.0,0.0,0.0,4.0,4.0,4.0,4.0
50305,2023.0,12.0,16.0,8.0,20.105103,20.624067,20.093925,22.505503,19.667965,19.751854,20.221,20.942715,15.997249,16.575825,20.350365,23.554583,19.978085,20.244133,19.153507,18.9638,21.462143,24.847622,0.0,0.0,4.0,4.0,4.0,4.0,0.0,0.0
50306,2023.0,12.0,16.0,8.0,18.918756,19.278715,18.036478,18.326118,17.936377,17.51106,18.488867,18.516201,20.70324,24.49426,20.032236,22.558638,19.404821,19.605179,18.942194,19.383802,18.30146,18.358845,4.0,0.0,0.0,0.0,4.0,4.0,4.0,0.0
50307,2023.0,12.0,16.0,8.0,18.632677,19.008202,20.2375,22.799112,18.037308,18.117123,18.174988,18.325727,17.605993,17.814249,20.093676,22.39272,18.568302,18.202616,18.028076,17.709244,17.524122,17.958527,0.0,4.0,4.0,0.0,4.0,0.0,0.0,4.0
50308,2023.0,12.0,16.0,8.0,17.765045,17.58423,18.195168,18.516006,18.03433,18.202581,17.388065,17.033833,15.8894415,15.6204815,20.097166,22.210732,18.782555,18.982876,18.399498,18.888184,21.649199,25.189404,4.0,4.0,0.0,0.0,0.0,4.0,4.0,0.0
50309,2023.0,12.0,16.0,8.0,17.956543,18.307713,20.255936,22.755589,17.254225,16.894062,16.869219,16.424221,15.686238,15.5395975,17.86585,17.786226,18.189003,17.840996,18.539347,19.056452,18.420366,18.525528,4.0,0.0,0.0,0.0,0.0,0.0,4.0,0.0
50310,2023.0,12.0,16.0,9.0,17.342829,17.168573,20.053864,22.121933,16.77267,16.319641,16.600422,16.15607,15.566942,15.440728,17.20416,17.355057,17.720837,17.275934,17.51093,17.206429,16.71699,16.386135,0.0,0.0,0.0,0.0,4.0,0.0,0.0,0.0
50311,2023.0,12.0,16.0,9.0,16.910475,16.666767,17.939463,17.9198,16.541182,16.093681,16.621304,16.41631,15.437454,15.318486,20.302256,22.824747,17.503422,17.058584,16.964622,16.594942,16.424635,16.253199,0.0,0.0,0.0,0.0,0.0,0.0,0.0,0.0
50312,2023.0,12.0,16.0,9.0,16.70669,16.46813,16.952108,16.815489,17.300648,17.71337,16.572893,16.421947,15.323162,15.208648,18.22158,18.557371,17.568506,17.355204,16.720528,16.353035,16.22246,16.079758,0.0,4.0,0.0,0.0,0.0,0.0,0.0,0.0
50313,2023.0,12.0,16.0,9.0,16.798252,16.79415,17.193947,17.449553,16.649012,16.38345,16.472836,16.32837,15.238753,15.125526,17.178585,16.998611,17.55165,17.382256,16.564203,16.20304,16.048325,15.9101,4.0,0.0,0.0,0.0,0.0,0.0,0.0,0.0
50314,2023.0,12.0,16.0,9.0,17.52732,18.235579,20.257526,22.860115,16.271654,15.861622,16.373228,16.235455,15.162888,15.053619,17.230791,17.37242,17.477776,17.316814,16.61123,16.441515,15.89139,15.762115,0.0,0.0,0.0,0.0,4.0,0.0,0.0,0.0
50315,2023.0,12.0,16.0,9.0,17.520311,18.02158,18.56704,19.236298,16.103731,15.699099,16.268824,16.137394,15.087436,14.982281,20.356339,22.8327,17.39463,17.234861,17.66048,18.486362,15.731567,15.609566,4.0,0.0,0.0,0.0,4.0,0.0,4.0,0.0
50316,2023.0,12.0,16.0,10.0,16.771765,16.69319,20.283646,22.665487,16.184048,15.996796,16.892567,17.39234,15.019172,14.914226,20.057415,22.141882,17.317265,17.158535,16.848106,16.628456,15.590262,15.473366,0.0,0.0,4.0,0.0,0.0,0.0,0.0,0.0
50317,2023.0,12.0,16.0,10.0,16.384344,16.204462,18.380493,18.706572,16.193075,16.05688,16.550314,16.600126,15.003794,14.936705,17.907635,17.834724,17.249195,17.092375,16.329226,16.01334,15.469901,15.35835,4.0,0.0,0.0,0.0,0.0,0.0,0.0,0.0
50318,2023.0,12.0,16.0,10.0,16.965467,17.417503,20.24766,22.574406,16.129147,16.003166,15.972376,15.671715,15.005252,14.970105,16.902805,16.709747,17.947445,18.466574,16.169485,15.850578,15.365744,15.2587595,0.0,0.0,0.0,0.0,0.0,4.0,0.0,0.0
50319,2023.0,12.0,16.0,10.0,16.53277,16.472305,18.403748,18.723282,16.063286,15.943051,15.732189,15.382583,15.005063,14.99162,16.651705,16.475353,18.028217,18.37361,16.06164,15.749179,15.275027,15.172009,4.0,0.0,0.0,0.0,0.0,4.0,0.0,0.0
50320,2023.0,12.0,16.0,10.0,16.91693,17.396717,20.22359,22.48085,16.001923,15.886675,15.815349,15.661075,15.005191,15.008169,16.430435,16.256578,17.27657,16.96182,16.133986,15.989364,15.195746,15.096223,0.0,0.0,0.0,0.0,0.0,0.0,0.0,0.0
50321,2023.0,12.0,16.0,10.0,17.122883,17.643332,18.436287,18.752756,15.945167,15.834756,16.560165,17.083017,15.005259,15.019864,16.248037,16.084831,16.94562,16.567778,16.140667,16.018883,15.126285,15.02987,4.0,0.0,4.0,0.0,0.0,0.0,0.0,0.0
50322,2023.0,12.0,16.0,11.0,17.139355,17.656618,20.244415,22.504229,15.892238,15.786511,16.23931,16.296122,15.005483,15.028636,16.090227,15.930679,16.843,16.466146,16.096144,15.978282,15.065687,14.972098,0.0,0.0,0.0,0.0,0.0,0.0,0.0,0.0
50323,2023.0,12.0,16.0,11.0,17.145195,17.65796,18.155148,18.218939,15.841922,15.73977,15.709295,15.446959,15.005404,15.034719,15.956688,15.805073,16.768978,16.397484,16.04828,15.931459,15.01061,14.917321,0.0,0.0,0.0,0.0,0.0,0.0,0.0,0.0
50324,2023.0,12.0,16.0,11.0,16.474281,16.40063,17.57482,17.863304,15.793218,15.693354,16.221935,16.539415,15.005466,15.039966,15.837977,15.689424,16.902908,16.733585,16.001774,15.884743,15.0042925,14.947402,4.0,0.0,4.0,0.0,0.0,0.0,0.0,0.0
50325,2023.0,12.0,16.0,11.0,16.145916,16.007206,20.246584,22.602928,15.749099,15.653056,15.823702,15.65536,15.600664,16.155283,15.734617,15.590445,16.935186,16.785873,15.959939,15.84435,15.004133,14.972517,0.0,0.0,0.0,4.0,0.0,0.0,0.0,0.0
50326,2023.0,12.0,16.0,11.0,16.025822,15.886909,18.420214,18.81268,15.70669,15.613391,15.487715,15.204166,20.288736,24.123827,15.645986,15.506678,17.670588,18.198748,15.920156,15.805201,15.004653,14.99308,0.0,0.0,0.0,0.0,0.0,4.0,0.0,0.0
50327,2023.0,12.0,16.0,11.0,15.945614,15.810718,17.21471,17.17431,15.666969,15.576024,16.066576,16.372807,17.21192,17.476482,15.568457,15.433403,17.070587,16.81451,15.88285,15.768557,15.004904,15.008855,0.0,0.0,4.0,0.0,0.0,0.0,0.0,0.0
50328,2023.0,12.0,16.0,12.0,16.851763,17.59774,17.297472,17.577084,15.629057,15.540196,15.70487,15.542834,15.637645,15.412801,15.497172,15.365049,16.7144,16.363817,15.847597,15.733814,15.004963,15.021003,4.0,0.0,0.0,0.0,0.0,0.0,0.0,0.0
50329,2023.0,12.0,16.0,12.0,21.203087,24.872223,20.264917,22.80137,20.840109,24.646793,20.421358,23.87653,15.453678,15.324655,15.850452,16.08876,20.616058,23.096212,21.273727,24.909378,15.005402,15.031591,0.0,0.0,0.0,0.0,4.0,0.0,0.0,0.0
50330,2023.0,12.0,16.0,12.0,21.021353,24.019716,18.301933,18.676609,21.013231,24.343338,21.048313,24.429047,15.361645,15.243807,20.363028,23.616493,21.530848,24.479862,22.084877,25.894033,15.319066,15.262228,0.0,0.0,4.0,0.0,0.0,0.0,0.0,0.0
50331,2023.0,12.0,16.0,12.0,21.109343,23.875895,17.071178,17.01637,21.098614,24.091251,21.116627,24.131737,16.083548,16.693047,18.138845,18.861578,22.085289,25.092928,22.909082,26.877619,14.994547,14.933334,0.0,0.0,0.0,4.0,4.0,0.0,0.0,0.0
50332,2023.0,12.0,16.0,12.0,21.093262,23.608458,16.751316,16.63875,21.084915,23.780277,21.103365,23.803993,20.489695,24.100876,20.28867,23.11878,20.954233,22.737175,21.973053,24.67815,15.9077635,16.683899,0.0,0.0,0.0,0.0,0.0,4.0,0.0,4.0
50333,2023.0,12.0,16.0,12.0,21.091722,23.434332,16.563662,16.443249,21.083775,23.578167,21.101528,23.58743,17.511427,17.704578,18.102179,18.479895,21.09618,22.892868,22.181572,24.910536,20.303473,24.039856,0.0,0.0,0.0,0.0,0.0,0.0,0.0,0.0
50334,2023.0,12.0,16.0,13.0,21.073172,23.303196,16.414766,16.293413,21.08127,23.42699,21.080715,23.42556,16.656391,17.025368,16.763039,16.652578,21.07398,22.732224,21.048967,22.919767,17.175148,17.335482,0.0,0.0,0.0,4.0,0.0,0.0,0.0,0.0
50335,2023.0,12.0,16.0,13.0,21.073717,23.229393,16.289164,16.169048,21.079342,23.31289,21.057814,23.26796,20.345766,23.451893,16.423855,16.268103,21.074026,22.642017,21.074507,22.935423,15.701892,15.468372,0.0,0.0,4.0,0.0,0.0,0.0,0.0,0.0
50336,2023.0,12.0,16.0,13.0,21.046307,23.09566,16.64017,16.920086,21.053867,23.15837,21.084541,23.273079,17.609013,17.696974,16.22872,16.071058,21.057474,22.567776,21.070177,22.893055,15.546351,15.428508,4.0,4.0,0.0,0.0,0.0,0.0,0.0,0.0
50337,2023.0,12.0,16.0,13.0,21.164148,23.307148,20.319536,23.278023,21.080954,23.169209,21.095123,23.201769,16.375875,16.242537,16.074144,15.916776,21.128359,22.672554,21.06951,22.859821,15.4611435,15.356501,4.0,0.0,0.0,0.0,0.0,0.0,0.0,0.0
50338,2023.0,12.0,16.0,13.0,22.298681,25.0681,20.03854,22.338705,21.091457,23.100672,21.092001,23.124517,16.128183,15.990561,15.950103,15.797485,21.857132,23.814291,21.068533,22.82825,15.365635,15.265513,0.0,0.0,0.0,0.0,0.0,0.0,0.0,0.0
50339,2023.0,12.0,16.0,13.0,20.902472,22.474361,17.90207,17.986862,21.088106,23.024595,21.073685,23.065554,15.961745,15.830916,16.245094,16.44385,21.03187,22.356823,21.067747,22.79917,15.286367,15.190144,0.0,0.0,0.0,0.0,4.0,0.0,0.0,0.0
50340,2023.0,12.0,16.0,14.0,21.113573,22.928522,16.89797,16.799372,21.070063,22.966465,21.075087,23.044056,15.825762,15.700046,20.438984,23.43966,21.028063,22.323696,21.06686,22.771872,15.220281,15.127541,0.0,0.0,0.0,0.0,0.0,4.0,0.0,0.0
50341,2023.0,12.0,16.0,14.0,19.214792,19.281042,17.124372,17.404404,19.310656,19.56616,19.247942,19.512436,15.716091,15.599465,18.056019,18.516922,19.36615,19.134184,19.3297,19.406265,15.167434,15.080629,4.0,0.0,0.0,0.0,0.0,0.0,0.0,0.0
50342,2023.0,12.0,16.0,14.0,18.371426,18.128763,20.302288,22.964108,19.093931,19.54715,18.36409,18.267487,15.638866,15.52606,16.94018,16.786543,18.711533,18.244184,18.609001,18.43704,15.129994,15.046482,4.0,4.0,0.0,0.0,0.0,0.0,0.0,0.0
50343,2023.0,12.0,16.0,14.0,18.183167,18.178854,20.019466,22.083834,19.018206,19.549469,17.920135,17.79658,15.556321,15.448008,16.617437,16.444624,18.400425,17.939924,18.228714,18.049465,15.087712,15.007174,4.0,4.0,0.0,0.0,0.0,0.0,0.0,0.0
50344,2023.0,12.0,16.0,14.0,18.731787,19.420206,20.089693,22.032524,17.955528,17.696396,18.305523,18.793741,15.484815,15.382925,16.424143,16.260872,18.390463,18.167234,17.954979,17.790407,15.048656,14.971884,0.0,0.0,4.0,0.0,0.0,0.0,0.0,0.0
50345,2023.0,12.0,16.0,14.0,18.592234,19.081617,18.485632,18.791521,17.343918,16.960236,17.806852,17.86117,15.421708,15.324805,16.276854,16.124985,18.309332,18.128946,17.728548,17.573336,15.011152,14.935377,4.0,0.0,0.0,0.0,0.0,0.0,0.0,0.0
50346,2023.0,12.0,16.0,15.0,17.820396,17.745344,20.231506,22.167217,17.114143,16.724611,17.199755,16.892836,15.374425,15.280303,16.172722,16.024527,18.199327,18.028635,18.621159,19.405771,15.001726,14.944069,0.0,0.0,0.0,0.0,0.0,0.0,4.0,0.0
50347,2023.0,12.0,16.0,15.0,18.062176,18.498165,18.65606,18.961554,17.815588,18.254606,16.856224,16.513288,15.324814,15.234837,16.070087,15.93275,18.079058,17.917776,17.768877,17.555304,15.003271,14.968014,4.0,4.0,0.0,0.0,0.0,0.0,0.0,0.0
50348,2023.0,12.0,16.0,15.0,18.161375,18.645348,20.214268,22.205135,17.241373,17.034369,16.846197,16.702448,15.277777,15.190244,15.973547,15.840793,17.968885,17.813396,17.201107,16.886751,15.003384,14.984837,4.0,0.0,0.0,0.0,0.0,0.0,0.0,0.0
50349,2023.0,12.0,16.0,15.0,17.459295,17.387356,20.049507,21.73841,16.751308,16.40731,17.515043,18.053719,15.235149,15.149585,15.887315,15.759391,17.870443,17.719164,16.991346,16.673473,15.003663,14.998808,0.0,0.0,4.0,0.0,0.0,0.0,0.0,0.0
50350,2023.0,12.0,16.0,15.0,17.776318,18.238092,18.306826,18.309837,16.574503,16.232224,17.114197,17.17626,15.197578,15.115266,16.201628,16.417439,17.785555,17.640757,18.087397,18.899303,15.003847,15.01009,0.0,0.0,0.0,0.0,4.0,0.0,4.0,0.0
50351,2023.0,12.0,16.0,15.0,17.287462,17.247858,17.907791,18.189373,16.625708,16.473347,16.54104,16.290901,15.161944,15.082236,20.388031,23.37008,18.507385,19.082836,17.353727,17.171356,15.829356,16.568592,4.0,0.0,0.0,0.0,0.0,4.0,0.0,4.0
50352,2023.0,12.0,16.0,16.0,17.636055,18.12883,20.266512,22.385103,16.617315,16.509417,16.976784,17.26917,15.126058,15.045761,18.031927,18.487087,18.038502,17.995323,16.842894,16.560139,20.301544,24.086208,4.0,0.0,4.0,0.0,0.0,0.0,0.0,0.0
50353,2023.0,12.0,16.0,16.0,17.795115,18.316557,20.030144,21.72882,16.545364,16.444138,17.184574,17.54414,15.092026,15.010652,16.626045,16.538353,17.538036,17.231897,16.67546,16.386349,17.215618,17.460636,4.0,0.0,4.0,0.0,0.0,0.0,0.0,0.0
50354,2023.0,12.0,16.0,16.0,17.12602,17.075249,20.063898,21.676384,16.470598,16.371038,16.57388,16.404255,15.060619,14.97785,16.325806,16.19799,18.130142,18.492613,16.556618,16.268724,15.72746,15.541829,4.0,0.0,0.0,0.0,0.0,4.0,0.0,0.0
50355,2023.0,12.0,16.0,16.0,17.510744,18.0223,20.058228,21.583666,16.401611,16.30366,16.206875,15.921043,15.031324,14.947426,16.16952,16.038214,18.333815,18.691772,16.611498,16.481337,15.5367155,15.437781,4.0,0.0,0.0,0.0,0.0,4.0,0.0,0.0
50356,2023.0,12.0,16.0,16.0,17.651583,18.163439,20.117739,21.633524,16.333645,16.232597,16.050669,15.743587,15.002947,14.916743,16.044641,15.909991,18.365524,18.72088,16.59806,16.485397,15.420518,15.324166,4.0,0.0,0.0,0.0,0.0,4.0,0.0,0.0
50357,2023.0,12.0,16.0,16.0,17.660404,18.177702,20.066944,21.506477,17.010185,17.55456,16.882174,17.414116,15.720403,16.283972,15.952922,15.828742,17.64771,17.34897,16.541964,16.429886,15.32185,15.235471,0.0,4.0,4.0,4.0,0.0,0.0,0.0,0.0
50358,2023.0,12.0,16.0,17.0,17.657972,18.16885,18.456758,18.39323,17.29562,17.89772,17.005245,17.392803,20.161194,23.748339,15.866851,15.747624,18.091724,18.422419,17.496025,18.27455,15.232303,15.14842,0.0,4.0,4.0,0.0,0.0,4.0,4.0,0.0
50359,2023.0,12.0,16.0,17.0,17.66342,18.180786,18.12386,18.373898,17.1347,17.515337,16.350447,16.199903,17.317112,17.573318,15.789407,15.673508,17.580303,17.294987,16.795055,16.6156,15.155835,15.073761,4.0,4.0,0.0,0.0,0.0,0.0,0.0,0.0
50360,2023.0,12.0,16.0,17.0,17.659225,18.168839,20.248522,22.192516,17.08491,17.43747,16.048723,15.762876,16.87226,17.203922,15.726138,15.609891,18.094305,18.41897,16.460016,16.171556,15.100603,15.01934,0.0,4.0,0.0,4.0,0.0,4.0,0.0,0.0
50361,2023.0,12.0,16.0,17.0,17.661552,18.17525,18.681538,18.986551,17.08161,17.4324,15.908421,15.615026,20.338951,23.232077,15.663981,15.551715,18.312462,18.659815,16.330606,16.04424,15.041249,14.958478,0.0,4.0,0.0,0.0,0.0,4.0,0.0,0.0
50362,2023.0,12.0,16.0,17.0,17.667366,18.181688,18.090965,18.405405,17.07849,17.426891,15.986284,15.867994,17.729229,17.837715,15.602639,15.487873,17.607924,17.316792,16.234196,15.950826,14.999208,14.929694,4.0,4.0,0.0,0.0,0.0,0.0,0.0,0.0
50363,2023.0,12.0,16.0,17.0,17.031479,16.997143,20.261948,22.256012,17.074608,17.421032,16.729753,17.282387,16.362473,16.072227,15.543836,15.427045,17.26681,16.905825,16.303366,16.171356,15.004984,14.970536,4.0,4.0,4.0,0.0,0.0,0.0,0.0,0.0
50364,2023.0,12.0,16.0,18.0,17.403566,17.908194,20.02527,21.617098,17.069517,17.41399,17.027588,17.631294,16.168816,16.015871,15.492299,15.374049,17.148363,16.783009,16.30962,16.192669,15.004475,14.990798,4.0,4.0,4.0,0.0,0.0,0.0,0.0,0.0
50365,2023.0,12.0,16.0,18.0,21.299318,24.560442,20.062494,21.581537,21.248795,24.63467,21.209114,24.772984,16.045027,15.913071,15.448665,15.330382,21.246027,23.932531,21.851171,25.541857,15.004995,15.006561,4.0,4.0,4.0,0.0,0.0,4.0,0.0,0.0
50366,2023.0,12.0,16.0,18.0,21.033506,23.649103,20.05674,21.495384,21.01136,23.718231,21.015434,23.903078,15.906037,15.778404,15.410097,15.290546,21.791779,24.55167,22.172268,25.649805,15.003997,15.012261,4.0,4.0,4.0,0.0,0.0,4.0,0.0,0.0
50367,2023.0,12.0,16.0,18.0,21.06891,23.426346,20.07459,21.491594,21.084105,23.554522,21.111662,23.77761,16.61616,17.228567,15.76761,15.98843,20.98505,22.804869,23.051714,26.805515,15.004289,15.015868,0.0,4.0,0.0,4.0,4.0,0.0,0.0,0.0
50368,2023.0,12.0,16.0,18.0,21.089613,23.301329,18.758709,18.905743,21.072876,23.320713,21.072906,23.448072,21.318491,25.059662,20.356773,23.5376,21.056744,22.752533,20.87543,22.595413,15.283671,15.170475,4.0,4.0,4.0,4.0,4.0,4.0,0.0,0.0
50369,2023.0,12.0,16.0,18.0,21.082664,23.148344,20.223095,21.924034,21.0716,23.166016,21.099596,23.35367,21.066917,24.047106,20.010128,22.60283,21.048143,22.609995,21.102762,22.993269,15.034712,14.949001,4.0,4.0,0.0,0.0,0.0,4.0,0.0,0.0
50370,2023.0,12.0,16.0,19.0,21.055552,22.970102,20.030533,21.422688,21.093258,23.11457,21.068172,23.145136,18.772642,19.225552,17.884552,18.17271,21.04697,22.514545,21.064718,22.864223,15.004888,14.954156,4.0,0.0,4.0,4.0,0.0,4.0,0.0,0.0
50371,2023.0,12.0,16.0,19.0,21.059305,22.903437,20.075731,21.455116,21.06258,22.942478,21.071827,23.060547,20.304445,22.553085,17.058512,17.25534,21.074512,22.515913,21.067898,22.822685,15.003475,14.9712515,0.0,4.0,4.0,0.0,4.0,0.0,0.0,0.0
50372,2023.0,12.0,16.0,19.0,21.05721,22.843271,18.465113,18.317614,21.06637,22.88233,21.069874,22.986696,18.024689,17.933933,20.43512,23.02522,21.068245,22.438635,21.06642,22.77821,15.369661,15.310648,0.0,4.0,4.0,0.0,0.0,0.0,0.0,0.0
50373,2023.0,12.0,16.0,19.0,21.082554,22.868095,18.192308,18.40444,21.064558,22.825748,21.068287,22.92683,16.832893,16.458206,17.94418,17.983238,21.038364,22.309013,21.065517,22.74052,15.070344,14.983543,4.0,4.0,4.0,0.0,0.0,4.0,0.0,0.0
50374,2023.0,12.0,16.0,19.0,21.076372,22.812595,20.218863,22.068975,21.088032,22.847816,21.06723,22.878216,16.680967,16.502073,16.55321,16.148464,21.071817,22.360046,21.064796,22.707644,14.999312,14.922736,4.0,0.0,4.0,0.0,0.0,0.0,0.0,0.0
50375,2023.0,12.0,16.0,19.0,21.049923,22.70312,20.033163,21.518726,21.081642,22.79199,21.066162,22.837828,17.362717,17.932482,16.431023,16.235697,21.035988,22.234804,21.063677,22.677889,15.004709,14.959639,4.0,0.0,4.0,4.0,0.0,4.0,0.0,0.0
50376,2023.0,12.0,16.0,20.0,21.054249,22.68682,20.058414,21.461748,21.056953,22.685734,21.06539,22.803875,20.303085,22.928125,16.357338,16.194715,21.070404,22.298803,21.06323,22.65245,15.003574,14.9763365,4.0,4.0,4.0,0.0,0.0,0.0,0.0,0.0
50377,2023.0,12.0,16.0,20.0,21.053104,22.66301,20.072138,21.43312,21.061026,22.667618,21.064577,22.77423,17.851978,17.814093,16.225515,16.070932,21.064198,22.258018,21.0626,22.628887,15.004078,14.990581,0.0,4.0,4.0,0.0,0.0,0.0,0.0,0.0
50378,2023.0,12.0,16.0,20.0,21.052378,22.643307,18.49201,18.356297,21.059772,22.64368,21.063744,22.74795,16.607008,16.249027,16.113523,15.968204,21.034452,22.155357,21.06204,22.607351,15.0040455,15.000151,0.0,4.0,4.0,0.0,0.0,4.0,0.0,0.0
50379,2023.0,12.0,16.0,20.0,21.051931,22.625671,17.78425,17.622068,21.05908,22.622824,21.062916,22.72422,17.298264,17.84264,16.013811,15.874036,21.038706,22.150696,21.061247,22.58698,15.004225,15.007437,0.0,4.0,4.0,4.0,0.0,4.0,0.0,0.0
50380,2023.0,12.0,16.0,20.0,21.077595,22.68014,17.584219,17.44074,21.08318,22.671598,21.086908,22.770756,20.313375,22.932148,15.925155,15.790811,21.067623,22.21472,21.060888,22.568693,15.004173,15.012335,0.0,0.0,0.0,0.0,0.0,0.0,0.0,0.0
50381,2023.0,12.0,16.0,20.0,21.044977,22.572826,17.834454,18.075367,21.052626,22.567888,21.056532,22.66619,18.401295,18.818169,15.8453455,15.715036,21.032421,22.106115,21.06036,22.551369,15.872392,16.650242,4.0,4.0,4.0,4.0,0.0,4.0,0.0,4.0
50382,2023.0,12.0,16.0,21.0,21.07726,22.639725,20.26663,22.36484,21.057522,22.561028,21.086079,22.725779,20.369034,22.633795,16.155396,16.358505,21.06701,22.182533,21.059853,22.535002,20.24067,23.969173,0.0,4.0,0.0,4.0,4.0,0.0,0.0,0.0
50383,2023.0,12.0,16.0,21.0,21.178583,22.801746,18.596169,18.867867,21.17437,22.780659,21.159492,22.84909,20.813404,23.20599,20.457458,23.501272,21.127354,22.284433,21.280779,22.935917,17.674189,18.3101,0.0,4.0,0.0,4.0,4.0,0.0,4.0,4.0
50384,2023.0,12.0,16.0,21.0,21.074707,22.595612,18.018747,18.311815,21.055258,22.525434,21.05397,22.59257,21.019741,23.136175,20.012844,22.41046,21.030811,22.054193,21.079803,22.522139,20.91606,24.452883,4.0,4.0,4.0,0.0,0.0,4.0,0.0,0.0
50385,2023.0,12.0,16.0,21.0,21.041885,22.493933,20.265282,22.301268,21.07977,22.581001,21.082739,22.653116,18.3644,18.186987,17.735638,17.711742,21.06521,22.134808,21.069675,22.473106,17.830027,17.950182,0.0,0.0,0.0,0.0,0.0,0.0,0.0,0.0
50386,2023.0,12.0,16.0,21.0,21.074041,22.568138,18.666548,18.919584,21.04905,22.48193,21.05193,22.553387,18.028564,18.26163,16.516739,16.141586,21.059141,22.107918,21.06992,22.448011,17.163948,17.716408,4.0,4.0,4.0,4.0,0.0,0.0,0.0,4.0
50387,2023.0,12.0,16.0,21.0,21.162683,22.73106,20.232582,22.145515,21.05404,22.479942,21.081882,22.620846,20.34497,22.303013,16.422611,16.240479,21.155846,22.269407,21.05546,22.424778,20.363644,23.281284,0.0,4.0,0.0,0.0,0.0,4.0,0.0,0.0
50388,2023.0,12.0,16.0,22.0,21.066946,22.521631,18.718546,18.95666,21.07778,22.536158,21.075283,22.591463,18.23952,18.114407,16.748178,16.941813,21.033426,22.017189,21.017681,22.321917,17.642464,17.655254,4.0,0.0,0.0,0.0,4.0,4.0,4.0,0.0
50389,2023.0,12.0,16.0,22.0,21.235003,22.856531,20.311338,22.225603,21.16266,22.688732,21.208881,22.856642,17.149704,16.762379,20.455864,23.165466,21.161905,22.271252,21.196596,22.685772,17.110193,17.500452,4.0,0.0,4.0,0.0,4.0,4.0,0.0,4.0
50390,2023.0,12.0,16.0,22.0,21.047241,22.46089,20.044231,21.527155,21.047096,22.418673,21.082134,22.595175,17.686161,18.09175,20.00454,22.115295,21.062563,22.08202,21.066975,22.400202,20.477526,23.270489,0.0,4.0,0.0,4.0,4.0,0.0,0.0,0.0
50391,2023.0,12.0,16.0,22.0,21.07165,22.521702,18.403742,18.27224,21.077042,22.488688,21.073576,22.555685,20.354753,22.590368,20.080313,21.995798,21.057377,22.056828,21.028559,22.276041,17.703115,17.67233,0.0,0.0,0.0,0.0,4.0,0.0,4.0,0.0
50392,2023.0,12.0,16.0,22.0,21.065752,22.494314,17.704859,17.550747,21.045973,22.393366,21.074108,22.536057,18.079369,17.975407,20.067837,21.783165,21.027582,21.964508,21.075098,22.387451,16.427067,16.111944,0.0,4.0,0.0,0.0,4.0,4.0,0.0,0.0
50393,2023.0,12.0,16.0,22.0,21.065388,22.478077,17.536427,17.394085,21.076988,22.465918,21.056019,22.516747,16.955067,16.573483,20.079718,21.685019,21.03209,21.968939,21.065056,22.35132,16.288988,16.15773,0.0,0.0,0.0,0.0,0.0,4.0,0.0,0.0
50394,2023.0,12.0,16.0,23.0,21.049952,22.465721,17.821108,18.067509,21.07019,22.43921,21.058613,22.529396,16.876635,16.702589,18.525108,18.58588,21.031527,21.96336,21.0273,22.231958,16.165771,16.048439,4.0,0.0,0.0,0.0,4.0,4.0,4.0,0.0
50395,2023.0,12.0,16.0,23.0,19.781324,20.042284,17.550922,17.548546,19.72809,19.881989,19.636448,19.805096,16.800589,16.659502,17.653008,17.50319,20.258001,20.473766,19.389269,19.125055,16.025278,15.917393,0.0,0.0,0.0,0.0,4.0,4.0,0.0,0.0
50396,2023.0,12.0,16.0,23.0,19.877832,20.524569,17.74425,18.018156,19.022997,18.86845,18.907837,18.769949,16.694155,16.555857,17.110743,16.678957,19.365599,18.951906,18.721403,18.267935,15.923193,15.816137,4.0,0.0,0.0,0.0,0.0,0.0,0.0,0.0
50397,2023.0,12.0,16.0,23.0,18.962889,18.84077,17.164816,16.910614,18.72518,18.555536,18.603289,18.453627,16.594648,16.462273,17.02758,16.795183,18.974491,18.478432,18.429565,17.988943,15.831434,15.729611,0.0,0.0,0.0,0.0,0.0,0.0,0.0,0.0
50398,2023.0,12.0,16.0,23.0,18.43879,18.124584,17.240225,17.196827,18.492805,18.315006,18.363586,18.206306,16.501015,16.368685,17.273256,17.383375,18.74549,18.242216,18.426205,18.226034,15.745467,15.643749,4.0,0.0,0.0,0.0,4.0,0.0,0.0,0.0
50399,2023.0,12.0,16.0,23.0,18.20454,17.896944,16.804935,16.413666,18.308475,18.136873,18.17418,18.023428,16.418941,16.290632,16.953817,16.811333,18.57749,18.08711,18.309368,18.134829,15.670485,15.57224,0.0,0.0,0.0,0.0,0.0,0.0,0.0,0.0
50400,2023.0,12.0,17.0,0.0,18.290648,18.264656,16.582832,16.136019,18.147272,17.98078,18.009,17.863403,16.343203,16.217953,16.746462,16.57966,18.684322,18.456982,18.169859,18.004072,16.328888,16.872393,0.0,0.0,0.0,0.0,0.0,0.0,0.0,4.0
50401,2023.0,12.0,17.0,0.0,18.22987,18.247095,16.716005,16.520227,18.0031,17.84005,17.861637,17.71933,16.269667,16.141378,16.935246,17.049568,18.651014,18.46255,18.039322,17.878754,15.796618,15.720293,0.0,0.0,0.0,0.0,4.0,0.0,0.0,0.0
50402,2023.0,12.0,17.0,0.0,18.121449,18.142511,16.729502,16.589909,17.8731,17.712236,17.729073,17.588654,16.788637,17.174414,16.645243,16.506315,18.565603,18.382912,17.919172,17.762041,16.204348,16.616943,0.0,0.0,0.0,4.0,0.0,0.0,0.0,4.0
50403,2023.0,12.0,17.0,0.0,18.021955,18.047554,16.67849,16.544724,17.758732,17.602976,17.612637,17.477049,16.367493,16.268232,16.46798,16.309797,18.481073,18.298182,17.812025,17.660105,15.586861,15.340654,0.0,0.0,0.0,0.0,0.0,0.0,0.0,0.0
50404,2023.0,12.0,17.0,0.0,17.92777,17.955154,16.6243,16.492207,17.65245,17.499067,17.5045,17.370949,16.188917,16.05796,16.363827,16.206463,18.40116,18.217497,17.712135,17.562763,16.100346,16.48463,0.0,0.0,0.0,0.0,0.0,0.0,0.0,4.0
50405,2023.0,12.0,17.0,0.0,17.842018,17.872107,16.572123,16.442118,17.556625,17.406794,17.40687,17.27665,16.122894,15.993021,16.273655,16.1196,19.067726,19.54225,17.618595,17.46717,15.533823,15.288016,0.0,0.0,0.0,0.0,0.0,4.0,0.0,0.0
50406,2023.0,12.0,17.0,1.0,17.758133,17.786158,16.519114,16.38793,17.463758,17.312195,17.312069,17.179846,16.059692,15.92683,16.188368,16.032766,18.963707,19.192228,17.530275,17.3755,15.301969,15.018952,0.0,0.0,0.0,0.0,0.0,4.0,0.0,0.0
50407,2023.0,12.0,17.0,1.0,17.689014,17.723593,16.474678,16.348476,17.38781,17.244005,17.233955,17.109684,16.009354,15.879198,16.429825,16.552677,18.263908,17.877604,18.453312,19.181797,15.218754,14.944608,0.0,0.0,0.0,0.0,4.0,0.0,4.0,0.0
50408,2023.0,12.0,17.0,1.0,17.621452,17.658625,16.885786,17.155956,17.31408,17.173595,17.157558,17.036865,15.961425,15.831646,16.502417,16.639513,17.999557,17.547787,17.56462,17.295765,15.292527,15.169259,4.0,0.0,0.0,0.0,4.0,0.0,0.0,0.0
50409,2023.0,12.0,17.0,1.0,17.556126,17.593622,16.623817,16.599983,17.243383,17.103764,17.084188,16.964453,16.501945,16.886168,16.201382,16.083717,17.88306,17.430702,17.213255,16.83895,15.290809,15.184983,0.0,0.0,0.0,4.0,0.0,0.0,0.0,0.0
50410,2023.0,12.0,17.0,1.0,17.496672,17.53618,16.449327,16.337154,17.178875,17.042057,17.017616,16.900604,16.086601,15.977109,16.056063,15.907287,18.035162,17.831076,17.09261,16.722725,15.255767,15.150366,0.0,0.0,0.0,0.0,0.0,0.0,0.0,0.0
50411,2023.0,12.0,17.0,1.0,17.438856,17.47805,16.379606,16.25684,17.115936,16.979816,16.952988,16.836401,15.758274,15.443539,15.978741,15.825535,18.035376,17.849178,17.206217,17.053568,15.220463,15.114163,0.0,0.0,0.0,0.0,0.0,0.0,0.0,0.0
50412,2023.0,12.0,17.0,2.0,17.387997,17.43064,16.332535,16.212952,17.060553,16.92915,16.896214,16.784204,16.245369,16.450039,15.918875,15.768196,17.993193,17.809977,17.179361,17.029127,15.188541,15.083138,0.0,0.0,0.0,4.0,0.0,0.0,0.0,0.0
50413,2023.0,12.0,17.0,2.0,17.334179,17.37443,16.284588,16.161875,17.001635,16.867998,16.835718,16.721231,16.38351,16.589333,15.859282,15.704881,17.947195,17.76164,17.127111,16.97516,15.15575,15.048407,0.0,0.0,0.0,4.0,0.0,0.0,0.0,0.0
50414,2023.0,12.0,17.0,2.0,17.288881,17.332335,16.24655,16.1278,16.95285,16.824287,16.785547,16.676168,15.852575,15.564106,15.810532,15.659073,17.905962,17.722067,17.078993,16.928877,15.127148,15.020534,0.0,0.0,0.0,0.0,0.0,0.0,0.0,0.0
50415,2023.0,12.0,17.0,2.0,17.242846,17.286367,16.696907,17.006353,16.902792,16.775358,16.733994,16.625689,15.6486,15.315024,15.762042,15.610194,17.864311,17.680004,17.030266,16.879961,15.098666,14.99144,4.0,0.0,0.0,0.0,0.0,0.0,0.0,0.0
50416,2023.0,12.0,17.0,2.0,17.198332,17.241915,16.404531,16.381046,16.854843,16.728357,16.684578,16.577175,16.161734,16.358086,15.7165785,15.564313,17.824102,17.639372,16.983389,16.832851,15.071412,14.963569,0.0,0.0,0.0,4.0,0.0,0.0,0.0,0.0
50417,2023.0,12.0,17.0,2.0,17.155619,17.199562,16.23673,16.128769,16.809227,16.683968,16.637552,16.53135,15.714771,15.40339,15.674264,15.521945,17.785585,17.600735,16.938625,16.788185,15.045437,14.937184,0.0,0.0,0.0,0.0,0.0,0.0,0.0,0.0
50418,2023.0,12.0,17.0,3.0,17.112255,17.15418,16.169348,16.048733,16.762924,16.63637,16.58982,16.482218,15.528876,15.188488,15.949122,16.073027,17.746607,17.559967,16.893759,16.74164,15.019314,14.909572,0.0,0.0,0.0,0.0,4.0,0.0,0.0,0.0
50419,2023.0,12.0,17.0,3.0,17.07545,17.120762,16.127245,16.010654,16.723858,16.601597,16.549557,16.446232,16.256943,16.646612,15.721317,15.585293,17.712828,17.528505,16.854507,16.704782,14.999203,14.894645,0.0,0.0,0.0,4.0,0.0,0.0,0.0,0.0
50420,2023.0,12.0,17.0,3.0,17.034632,17.080761,16.083754,15.968614,16.680029,16.559717,16.504444,16.402954,15.965699,15.858401,15.583207,15.433175,17.675337,17.491724,16.81116,16.66213,15.003044,14.918928,0.0,0.0,0.0,0.0,0.0,0.0,0.0,0.0
50421,2023.0,12.0,17.0,3.0,17.00345,17.058218,16.042833,15.9280815,16.637054,16.51748,16.460241,16.359352,15.573841,15.260602,15.538126,15.3871975,17.638832,17.45527,16.769299,16.620337,15.002621,14.931274,0.0,0.0,0.0,0.0,0.0,0.0,0.0,0.0
50422,2023.0,12.0,17.0,3.0,16.978079,17.043339,16.004658,15.890436,16.596228,16.477472,16.418259,16.31807,15.429764,15.105043,15.499201,15.348491,17.604439,17.421282,16.73014,16.581713,15.002963,14.94382,0.0,0.0,0.0,0.0,0.0,0.0,0.0,0.0
50423,2023.0,12.0,17.0,3.0,16.945486,17.011091,15.971475,15.860796,16.559742,16.444376,16.380766,16.28392,15.548379,15.418167,15.46536,15.316831,17.572823,17.391304,16.693989,16.547123,15.0028105,14.951018,0.0,0.0,0.0,0.0,0.0,0.0,0.0,0.0
50424,2023.0,12.0,17.0,4.0,16.911762,16.978018,15.93853,15.829874,16.523493,16.410141,16.343544,16.248621,15.5616045,15.429767,15.7512455,15.883268,17.542036,17.361547,16.658998,16.513123,15.003457,14.959909,0.0,0.0,0.0,0.0,4.0,0.0,0.0,0.0
50425,2023.0,12.0,17.0,4.0,16.877684,16.943365,15.905259,15.796222,16.48658,16.37322,16.305943,16.21082,15.537105,15.405665,15.88475,16.033035,17.511333,17.330797,16.624643,16.478912,15.005844,14.97222,0.0,0.0,0.0,0.0,4.0,0.0,0.0,0.0
50426,2023.0,12.0,17.0,4.0,16.84588,16.912622,15.876644,15.770377,16.453674,16.343369,16.272678,16.180399,15.511794,15.381737,15.60167,15.465754,17.482916,17.303892,16.592627,16.44834,15.002661,14.970971,0.0,0.0,0.0,0.0,0.0,0.0,0.0,0.0
50427,2023.0,12.0,17.0,4.0,16.812338,16.877829,15.844869,15.73733,16.417826,16.30665,16.236412,16.143038,15.4852085,15.354606,15.464299,15.315824,17.453228,17.273693,16.559752,16.415106,15.006012,14.984467,0.0,0.0,0.0,0.0,0.0,0.0,0.0,0.0
50428,2023.0,12.0,17.0,4.0,16.780794,16.846294,15.815568,15.70885,16.384624,16.27445,16.202805,16.110277,15.460393,15.330181,15.416342,15.268495,17.425053,17.246006,16.528559,16.384436,15.006709,14.989648,0.0,0.0,0.0,0.0,0.0,0.0,0.0,0.0
50429,2023.0,12.0,17.0,4.0,16.751154,16.817968,15.789007,15.685455,16.35437,16.24738,16.17216,16.082722,16.023096,16.409138,15.379671,15.234702,17.398619,17.2213,16.499184,16.356705,15.003446,14.988486,0.0,0.0,0.0,4.0,0.0,0.0,0.0,0.0
50430,2023.0,12.0,17.0,5.0,16.721975,16.789354,15.761403,15.659328,16.323284,16.217909,16.140635,16.05272,16.32478,16.769989,15.345205,15.201422,17.37194,17.195665,17.497334,18.261469,15.004076,14.994859,0.0,0.0,0.0,4.0,0.0,0.0,4.0,0.0
50431,2023.0,12.0,17.0,5.0,16.692183,16.75834,15.732217,15.629504,16.29151,16.185276,16.107622,16.01915,15.661506,15.413603,15.311191,15.16662,17.34385,17.166918,16.76707,16.520954,15.004389,15.000292,0.0,0.0,0.0,0.0,0.0,0.0,0.0,0.0
50432,2023.0,12.0,17.0,5.0,16.659708,16.722187,15.699211,15.59221,16.256319,16.145905,16.07118,15.978603,15.311721,14.987277,15.275371,15.127108,17.313295,17.133562,16.336433,15.996434,15.009067,15.014845,0.0,0.0,0.0,0.0,0.0,0.0,0.0,0.0
50433,2023.0,12.0,17.0,5.0,16.630997,16.6939,15.6723175,15.567155,16.226803,16.118156,16.040993,15.950223,15.400224,15.253923,15.245521,15.09861,17.286076,17.107094,16.240929,15.908196,15.622772,16.168205,0.0,0.0,0.0,0.0,0.0,0.0,0.0,4.0
50434,2023.0,12.0,17.0,5.0,16.6026,16.663813,15.645263,15.538852,16.197292,16.08762,16.011274,15.919259,15.984573,16.356068,15.508787,15.613165,17.259432,17.07942,16.356943,16.205559,15.106508,15.047048,0.0,0.0,0.0,4.0,4.0,0.0,0.0,0.0
50435,2023.0,12.0,17.0,5.0,16.573381,16.63241,15.617441,15.509278,16.166708,16.05556,15.980882,15.88705,16.004507,16.230082,15.297884,15.15124,17.231724,17.050293,16.359076,16.2126,15.0126915,14.955381,0.0,0.0,0.0,4.0,0.0,0.0,0.0,0.0
50436,2023.0,12.0,17.0,6.0,16.543444,16.601524,15.58861,15.479861,16.13487,16.023468,15.949292,15.854921,16.017538,16.228088,15.186587,15.037343,17.202337,17.020477,16.328451,16.181719,15.48245,15.853441,0.0,0.0,0.0,4.0,0.0,0.0,0.0,4.0
50437,2023.0,12.0,17.0,6.0,21.12408,24.560362,15.562601,15.453045,21.005898,24.56759,20.942661,24.597296,20.226034,23.31181,15.152715,15.001768,21.766441,24.698347,21.595913,25.03619,20.28215,24.073603,0.0,0.0,0.0,0.0,0.0,4.0,0.0,4.0
50438,2023.0,12.0,17.0,6.0,21.006754,23.8306,15.533978,15.422999,21.011879,23.983341,21.013031,24.118248,17.485956,17.56681,15.119453,14.967371,20.988623,23.13047,22.379768,25.988186,20.037563,23.055166,0.0,0.0,0.0,0.0,0.0,0.0,0.0,0.0
50439,2023.0,12.0,17.0,6.0,21.084122,23.65665,15.505154,15.392577,21.089643,23.754055,21.093477,23.879679,16.051928,15.71306,15.088823,14.935707,21.099735,23.072536,20.89253,22.958256,17.199406,17.200008,0.0,0.0,0.0,0.0,0.0,0.0,0.0,0.0
50440,2023.0,12.0,17.0,6.0,21.067923,23.406078,15.475071,15.359653,21.048582,23.399792,21.075808,23.580448,15.96396,15.8022375,15.059247,14.904023,21.071781,22.814842,21.062208,23.102123,15.881876,15.5370035,0.0,4.0,0.0,0.0,0.0,0.0,4.0,0.0
50441,2023.0,12.0,17.0,6.0,21.071867,23.256687,15.447483,15.331653,21.081139,23.30585,21.079992,23.401127,15.9020815,15.754098,15.032891,14.877556,21.058521,22.670662,21.090588,23.036179,16.578114,17.153921,0.0,0.0,0.0,0.0,0.0,0.0,0.0,4.0
50442,2023.0,12.0,17.0,7.0,21.069826,23.140736,15.419179,15.302179,21.093122,23.159948,21.054615,23.197319,16.387514,16.747898,15.006521,14.850415,21.058718,22.581604,21.082277,22.900156,20.296,23.458944,0.0,0.0,4.0,4.0,0.0,0.0,0.0,0.0
50443,2023.0,12.0,17.0,7.0,21.042942,22.98377,15.863114,16.153393,21.089071,23.02698,21.081085,23.172976,20.361933,23.562311,15.00206,14.86261,21.057308,22.510145,21.081207,22.804735,17.404364,17.379892,4.0,0.0,0.0,0.0,0.0,0.0,0.0,0.0
50444,2023.0,12.0,17.0,7.0,21.744001,23.966547,20.193466,23.529,21.739365,23.887302,21.813227,24.127123,18.33518,19.065617,15.002711,14.876332,21.553524,23.185884,21.671558,23.551844,16.01847,15.662642,0.0,0.0,0.0,4.0,0.0,0.0,4.0,0.0
50445,2023.0,12.0,17.0,7.0,20.903519,22.406933,17.819815,18.321432,20.92769,22.427002,20.918142,22.504793,20.319332,22.944529,15.001567,14.880781,20.962172,22.083406,21.071194,22.610199,15.902798,15.740769,0.0,4.0,0.0,4.0,0.0,4.0,0.0,0.0
50446,2023.0,12.0,17.0,7.0,21.091003,22.764359,16.743221,17.060362,21.107252,22.81593,21.101204,22.88789,20.041162,22.127491,15.357512,15.552279,21.093214,22.337284,21.077326,22.58984,15.809308,15.666153,4.0,0.0,0.0,0.0,4.0,0.0,0.0,0.0
50447,2023.0,12.0,17.0,7.0,21.288054,23.147306,20.324165,23.318993,21.235792,23.035633,21.359518,23.388351,18.370289,18.670319,20.17567,23.650122,21.243584,22.593521,21.293785,22.992886,15.686507,15.553835,4.0,0.0,4.0,4.0,4.0,4.0,0.0,0.0
50448,2023.0,12.0,17.0,8.0,21.184164,22.9145,20.02886,22.337542,21.05759,22.620066,21.049816,22.756865,21.562593,24.422432,20.011526,22.837975,21.137993,22.376524,21.060192,22.523714,15.575581,15.44693,4.0,4.0,4.0,4.0,0.0,0.0,0.0,0.0
50449,2023.0,12.0,17.0,8.0,19.71428,20.065529,20.100317,22.228203,19.61239,19.829283,19.48259,19.716007,19.985703,21.576775,17.996197,18.544422,20.037333,20.205166,20.29609,21.013735,15.48094,15.353492,0.0,4.0,4.0,4.0,4.0,4.0,4.0,0.0
50450,2023.0,12.0,17.0,8.0,19.089586,19.3736,18.21788,18.401781,18.85683,18.92631,18.088358,17.666655,20.774029,22.782581,20.32714,22.960203,19.603952,19.727057,19.638613,20.025108,15.394514,15.266429,4.0,4.0,0.0,4.0,4.0,4.0,4.0,0.0
50451,2023.0,12.0,17.0,8.0,18.227995,17.948284,20.251982,22.549313,18.599573,18.666002,17.491291,16.965979,21.048965,23.133806,20.050575,22.15942,19.455217,19.585512,19.391346,19.777687,15.3148575,15.185769,0.0,4.0,0.0,4.0,0.0,4.0,4.0,0.0
50452,2023.0,12.0,17.0,8.0,18.425936,18.66634,18.363579,18.59198,18.417862,18.491837,17.83899,17.878767,19.915886,21.004196,17.822626,17.675673,19.330893,19.466518,18.342875,17.944426,15.242054,15.112019,4.0,4.0,4.0,0.0,0.0,4.0,0.0,0.0
50453,2023.0,12.0,17.0,8.0,18.49636,18.794262,20.230112,22.450087,17.647276,17.191154,17.296314,16.874182,18.264776,17.932953,16.82357,16.58613,19.225658,19.364906,17.756058,17.284964,15.175498,15.044173,0.0,0.0,0.0,0.0,0.0,4.0,0.0,0.0
50454,2023.0,12.0,17.0,9.0,18.414076,18.725288,18.394083,18.605297,17.181894,16.633085,16.861385,16.350685,17.337006,16.83562,16.591545,16.37345,19.135548,19.27695,17.479143,17.00834,15.1139555,14.981273,4.0,0.0,0.0,0.0,0.0,4.0,0.0,0.0
50455,2023.0,12.0,17.0,9.0,17.676819,17.406242,20.231037,22.153034,17.654457,17.674978,16.684208,16.16946,17.264421,16.998726,16.419207,16.199015,18.411583,17.97209,18.315386,18.74526,15.064192,14.930237,0.0,4.0,0.0,0.0,0.0,0.0,4.0,0.0
50456,2023.0,12.0,17.0,9.0,17.250355,16.888956,18.225803,18.128748,17.810087,17.91913,16.78445,16.543587,17.125214,16.910683,16.245892,16.039173,18.719137,18.855848,17.635025,17.256325,15.012256,14.878328,0.0,4.0,0.0,0.0,0.0,4.0,0.0,0.0
50457,2023.0,12.0,17.0,9.0,17.833496,18.119246,17.537563,17.293802,17.12007,16.669437,16.780684,16.600122,16.958794,16.75026,16.51072,16.64871,18.072662,17.584206,17.25759,16.798445,15.003212,14.897266,0.0,0.0,0.0,0.0,4.0,0.0,0.0,0.0
50458,2023.0,12.0,17.0,9.0,17.32621,17.076319,17.722021,17.900589,16.743315,16.219982,16.694988,16.523006,16.78029,16.583633,20.308537,22.981125,17.712614,17.192099,17.065031,16.618107,15.306869,15.132208,4.0,0.0,0.0,0.0,0.0,0.0,0.0,0.0
50459,2023.0,12.0,17.0,9.0,16.965849,16.638016,20.240067,22.472471,16.572355,16.047756,17.31442,17.761358,16.614445,16.422525,18.0668,18.386074,17.56165,17.042782,17.126635,16.908209,15.075329,14.948721,0.0,0.0,4.0,0.0,0.0,0.0,0.0,0.0
50460,2023.0,12.0,17.0,10.0,17.535248,17.830439,18.76429,19.325298,16.701584,16.444477,16.960556,16.941792,16.470648,16.284594,16.712282,16.55605,17.69558,17.436152,17.109257,16.92616,14.998767,14.881789,4.0,0.0,0.0,0.0,0.0,0.0,0.0,0.0
50461,2023.0,12.0,17.0,10.0,17.075293,16.852295,20.257412,22.340748,17.4404,17.85934,16.34641,15.943138,16.34721,16.16765,16.379274,16.176167,17.720348,17.496788,17.023552,16.841316,15.005712,14.929903,0.0,4.0,0.0,0.0,0.0,0.0,0.0,0.0
50462,2023.0,12.0,17.0,10.0,16.74153,16.4403,18.4845,18.666517,17.12778,17.11447,16.092243,15.637191,16.242302,16.070505,16.190477,15.9911,18.40318,18.837872,16.940817,16.761515,15.005104,14.954611,4.0,0.0,0.0,0.0,0.0,4.0,0.0,0.0
50463,2023.0,12.0,17.0,10.0,16.615692,16.310324,20.224766,22.247032,16.519503,16.108967,16.223614,16.015789,16.849113,17.291677,16.454063,16.616064,17.722239,17.319536,16.866812,16.69059,15.005465,14.974883,4.0,0.0,0.0,4.0,4.0,0.0,0.0,0.0
50464,2023.0,12.0,17.0,10.0,16.780092,16.736944,20.035423,21.679329,16.263891,15.796911,16.27124,16.119778,21.258165,24.690348,20.420822,23.24615,18.114693,18.334204,16.80035,16.627323,15.267478,15.112751,4.0,0.0,0.0,0.0,0.0,4.0,0.0,0.0
50465,2023.0,12.0,17.0,10.0,17.602633,18.281286,20.085594,21.670275,16.399576,16.179136,16.232351,16.090345,18.393866,18.495897,18.064342,18.401121,17.600924,17.185133,17.744871,18.458733,14.996101,14.898599,0.0,0.0,0.0,0.0,0.0,0.0,4.0,0.0
50466,2023.0,12.0,17.0,11.0,17.251747,17.40747,18.601652,18.719711,16.452965,16.289316,16.187056,16.050312,16.737217,16.368898,16.71345,16.567392,18.051538,18.270706,16.986637,16.688583,15.0087595,14.955417,4.0,0.0,0.0,0.0,0.0,4.0,0.0,0.0
50467,2023.0,12.0,17.0,11.0,16.678307,16.469368,20.233606,22.087734,16.417414,16.264503,16.142902,16.011202,16.580738,16.37817,16.805635,16.96866,17.55641,17.153038,16.534502,16.16015,15.004841,14.973662,0.0,0.0,0.0,0.0,4.0,0.0,0.0,0.0
50468,2023.0,12.0,17.0,11.0,16.462595,16.209251,18.307459,18.18775,16.37396,16.227299,16.101028,15.974392,16.49303,16.320421,20.37787,23.027428,17.246778,16.795004,16.412514,16.038969,15.265918,15.119257,0.0,0.0,0.0,0.0,0.0,0.0,0.0,0.0
50469,2023.0,12.0,17.0,11.0,16.617893,16.608278,17.43774,17.24861,16.33077,16.189812,16.779047,17.282124,16.375216,16.211472,18.189058,18.513947,17.157938,16.710361,16.520142,16.343292,14.996717,14.907448,0.0,0.0,4.0,0.0,0.0,0.0,0.0,0.0
50470,2023.0,12.0,17.0,11.0,16.674612,16.713682,17.234987,17.062334,16.288754,16.1531,16.447033,16.456686,16.269114,16.1106,16.899721,16.760738,18.14472,18.669476,16.54493,16.388054,15.008556,14.964187,0.0,0.0,0.0,0.0,0.0,4.0,0.0,0.0
50471,2023.0,12.0,17.0,11.0,16.64794,16.69442,17.036448,16.860643,16.247759,16.11583,15.888157,15.539645,16.174395,16.01809,16.570978,16.379827,18.23204,18.503124,16.509512,16.356268,15.005966,14.985352,0.0,0.0,0.0,0.0,0.0,4.0,0.0,0.0
50472,2023.0,12.0,17.0,12.0,16.61561,16.66737,16.877748,16.712248,16.948025,17.467659,16.429157,16.681608,16.096718,15.9477215,16.390926,16.20619,17.485996,17.100613,16.472979,16.323786,15.005899,15.005711,0.0,4.0,4.0,0.0,0.0,0.0,0.0,0.0
50473,2023.0,12.0,17.0,12.0,21.152143,24.668049,16.736153,16.576271,21.267542,24.782934,21.119694,24.611061,16.024378,15.878191,16.24636,16.066225,21.081892,23.419804,21.731148,25.154913,15.006352,15.020944,0.0,4.0,4.0,0.0,0.0,0.0,0.0,0.0
50474,2023.0,12.0,17.0,12.0,20.987629,23.798862,17.076492,17.325682,21.018776,23.78017,21.011887,23.8901,15.960229,15.816054,16.122904,15.945383,21.01496,23.079166,22.389578,25.871365,15.005576,15.0264635,4.0,4.0,4.0,0.0,0.0,0.0,0.0,0.0
50475,2023.0,12.0,17.0,12.0,21.087933,23.68747,20.236427,22.889545,21.084812,23.568556,21.11348,23.759949,15.907518,15.765083,16.019762,15.846482,21.067812,22.94114,21.971188,24.708895,15.005119,15.028125,0.0,4.0,0.0,0.0,0.0,0.0,4.0,0.0
50476,2023.0,12.0,17.0,12.0,21.089363,23.435675,18.58933,19.24914,21.09673,23.37744,21.09615,23.483976,15.864398,15.724362,15.933457,15.766286,21.059172,22.747385,22.100874,24.530905,15.005029,15.028564,4.0,0.0,0.0,0.0,0.0,0.0,0.0,0.0
50477,2023.0,12.0,17.0,12.0,21.14856,23.377693,20.2757,22.606962,21.146278,23.287432,21.150723,23.420988,15.828113,15.690396,15.8590355,15.695497,21.122766,22.745247,21.027624,22.526733,15.004698,15.0279255,0.0,4.0,0.0,0.0,0.0,0.0,0.0,0.0
50478,2023.0,12.0,17.0,13.0,21.06764,23.120205,18.139908,18.17988,21.069126,23.010542,21.07488,23.17778,15.797785,15.662791,15.798329,15.640598,21.055481,22.512009,21.102234,22.66306,15.004719,15.027551,0.0,4.0,0.0,0.0,0.0,0.0,0.0,0.0
50479,2023.0,12.0,17.0,13.0,21.144518,23.189554,17.309769,17.296347,21.138512,23.046679,21.118078,23.156672,15.769726,15.636157,15.740923,15.583815,21.115585,22.54823,21.125626,22.705933,15.009654,15.036735,4.0,4.0,4.0,0.0,0.0,0.0,0.0,0.0
50480,2023.0,12.0,17.0,13.0,21.173231,23.17745,20.252756,22.608263,21.149511,23.009163,21.15169,23.151917,15.746523,15.616436,15.695529,15.545639,21.155989,22.559128,21.18975,22.833849,15.003677,15.024441,4.0,4.0,4.0,0.0,0.0,4.0,0.0,0.0
50481,2023.0,12.0,17.0,13.0,21.071283,22.955292,20.031294,21.903608,21.088274,22.853363,21.092474,22.992044,15.723285,15.594837,15.650301,15.502619,21.041054,22.264088,21.060999,22.566404,15.004557,15.026555,0.0,0.0,0.0,0.0,0.0,4.0,0.0,0.0
50482,2023.0,12.0,17.0,13.0,21.080488,22.9071,18.456093,18.688627,21.081747,22.792612,21.086664,22.927761,15.703656,15.578108,15.615226,15.473033,21.06839,22.290201,21.061403,22.555508,15.004562,15.027343,4.0,0.0,0.0,0.0,0.0,0.0,0.0,0.0
50483,2023.0,12.0,17.0,13.0,21.158878,23.013372,20.241007,22.325788,21.16086,22.910563,21.160372,23.03169,15.68394,15.560379,15.580672,15.441462,21.127357,22.363766,21.200047,22.82116,15.004482,15.028453,0.0,0.0,0.0,0.0,0.0,0.0,0.0,0.0
50484,2023.0,12.0,17.0,14.0,21.061123,22.80659,18.2678,18.274883,21.063158,22.71272,21.06781,22.842361,15.665068,15.543657,15.54946,15.414289,21.061838,22.194704,21.05994,22.525301,15.004644,15.0305,0.0,0.0,0.0,0.0,0.0,0.0,0.0,0.0
50485,2023.0,12.0,17.0,14.0,19.499338,19.797083,17.332739,17.21298,19.971416,20.585327,19.352936,19.544281,15.646252,15.526972,15.518813,15.387172,19.809826,19.784779,19.496063,19.506817,15.004465,15.0325365,0.0,4.0,0.0,0.0,0.0,0.0,0.0,0.0
50486,2023.0,12.0,17.0,14.0,18.556717,18.587118,17.103825,16.977108,19.373186,19.871916,18.282623,18.164797,15.624455,15.5061,15.485401,15.354008,19.12713,18.912817,18.631693,18.438887,15.004733,15.037199,0.0,4.0,0.0,0.0,0.0,0.0,0.0,0.0
50487,2023.0,12.0,17.0,14.0,18.238535,18.26991,16.925161,16.80732,18.280893,17.974627,17.92027,17.79828,15.602054,15.485814,15.453717,15.325131,18.889175,18.682411,18.321072,18.137878,15.005299,15.044032,0.0,0.0,0.0,0.0,0.0,0.0,0.0,0.0
50488,2023.0,12.0,17.0,14.0,17.999939,18.026081,17.242815,17.541166,18.32997,18.480207,17.647667,17.518354,15.577085,15.461658,15.420118,15.292419,18.701357,18.49609,18.081131,17.89906,15.005442,15.050882,4.0,4.0,0.0,0.0,0.0,0.0,0.0,0.0
50489,2023.0,12.0,17.0,14.0,17.815153,17.848269,20.252146,22.76869,18.345783,18.545794,17.439127,17.319578,15.552315,15.438656,15.388104,15.262353,19.326862,19.825266,17.893356,17.724579,15.005924,15.05872,0.0,4.0,0.0,0.0,0.0,4.0,0.0,0.0
50490,2023.0,12.0,17.0,15.0,18.395334,19.08067,18.701954,19.380636,18.246254,18.460247,17.258,17.14236,15.527609,15.415186,15.359655,15.235539,18.576353,18.244675,17.728113,17.56679,15.006045,15.065933,4.0,4.0,0.0,0.0,0.0,0.0,0.0,0.0
50491,2023.0,12.0,17.0,15.0,17.947556,18.118559,20.266174,22.520273,17.528996,17.211752,17.100878,16.98693,15.501419,15.388374,15.329847,15.204999,18.100124,17.667572,17.582703,17.426523,15.00651,15.073667,0.0,0.0,0.0,0.0,0.0,0.0,0.0,0.0
50492,2023.0,12.0,17.0,15.0,18.014315,18.444523,18.499634,18.811508,17.760023,17.9162,16.963852,16.851841,15.474817,15.361198,15.301871,15.176813,17.928394,17.49258,18.5104,19.296917,15.006842,15.081003,4.0,4.0,0.0,0.0,0.0,0.0,4.0,0.0
50493,2023.0,12.0,17.0,15.0,18.0724,18.519575,20.229692,22.378706,17.896944,18.129644,16.843025,16.732607,15.447512,15.332989,15.272169,15.146004,18.821152,19.325916,17.674618,17.422113,15.007096,15.088022,0.0,4.0,0.0,0.0,0.0,4.0,0.0,0.0
50494,2023.0,12.0,17.0,15.0,18.05159,18.50622,18.24473,18.280281,17.855734,18.094002,17.438004,17.94172,15.420408,15.305309,15.242799,15.116589,18.186758,17.86225,17.145058,16.80002,15.740945,16.466417,0.0,4.0,4.0,0.0,0.0,0.0,0.0,4.0
50495,2023.0,12.0,17.0,15.0,18.026352,18.47963,17.984602,18.20114,17.187904,16.885952,17.008947,17.04505,15.395453,15.279399,15.216598,15.089438,17.848238,17.413376,16.987944,16.634953,19.86489,23.506407,4.0,0.0,0.0,0.0,0.0,0.0,0.0,0.0
50496,2023.0,12.0,17.0,16.0,17.347698,17.238586,20.249666,22.25471,16.796272,16.394127,17.10454,17.376835,15.367757,15.250993,15.186263,15.058172,17.707455,17.276415,17.037348,16.868444,17.452887,18.171162,4.0,0.0,4.0,0.0,0.0,0.0,0.0,4.0
50497,2023.0,12.0,17.0,16.0,16.965921,16.763582,20.033997,21.662703,16.632122,16.224327,16.60249,16.379436,15.339275,15.221592,15.539019,15.741984,18.620281,19.136229,17.020763,16.880516,20.36506,23.764055,4.0,0.0,0.0,0.0,4.0,4.0,0.0,4.0
50498,2023.0,12.0,17.0,16.0,17.540129,17.962593,20.153965,21.804943,17.439817,17.874596,16.238209,15.89626,16.036808,16.553392,20.37409,23.710749,18.688978,18.977173,17.94613,18.685642,20.788853,23.945112,0.0,4.0,0.0,4.0,0.0,4.0,4.0,0.0
50499,2023.0,12.0,17.0,16.0,17.746971,18.209026,18.66609,18.838375,16.972862,16.776812,16.781347,17.010868,20.349379,23.85656,17.801237,18.322617,17.907553,17.540712,17.192762,16.943737,17.9348,18.06184,4.0,0.0,4.0,0.0,0.0,0.0,0.0,0.0
50500,2023.0,12.0,17.0,16.0,17.755722,18.21409,20.23097,22.066395,17.175005,17.380472,16.417622,16.197433,17.914415,18.469807,16.227453,16.11783,18.334042,18.594824,17.755465,18.328678,16.335537,16.04693,0.0,4.0,0.0,4.0,0.0,4.0,4.0,0.0
50501,2023.0,12.0,17.0,16.0,17.121948,17.02928,18.391039,18.33298,17.349136,17.613445,16.075148,15.732008,20.34005,23.250996,15.925806,15.788188,17.809229,17.442602,17.089127,16.82156,15.891544,15.569883,0.0,4.0,0.0,0.0,0.0,0.0,0.0,0.0
50502,2023.0,12.0,17.0,17.0,16.760103,16.561975,17.53501,17.384468,17.35781,17.622309,16.149883,15.994102,18.23057,18.707119,15.780302,15.640575,17.474735,17.053215,16.666637,16.330181,15.78349,15.625502,0.0,4.0,0.0,4.0,0.0,0.0,0.0,0.0
50503,2023.0,12.0,17.0,17.0,17.363691,17.778315,17.791412,18.02135,16.715733,16.429937,16.88787,17.401001,20.39802,22.620474,15.682781,15.542131,17.372684,16.94889,16.543484,16.201588,15.683612,15.553172,4.0,0.0,4.0,0.0,0.0,0.0,0.0,0.0
50504,2023.0,12.0,17.0,17.0,17.588144,18.04153,20.261478,22.368319,17.030264,17.224123,16.946442,17.271898,18.545023,18.93424,15.580279,15.436973,17.501657,17.29965,17.488365,18.071507,16.499435,17.227415,4.0,4.0,4.0,4.0,0.0,0.0,4.0,4.0
50505,2023.0,12.0,17.0,17.0,17.614614,18.06987,20.046375,21.735981,17.236324,17.503931,16.886663,17.183239,20.28368,22.452223,15.490073,15.346708,18.276913,18.762032,16.86521,16.596653,20.364899,23.761194,0.0,4.0,4.0,4.0,0.0,4.0,0.0,4.0
50506,2023.0,12.0,17.0,17.0,17.637314,18.093748,18.56903,18.746845,17.248585,17.516706,16.89919,17.192087,20.027832,21.794203,15.415867,15.274958,18.347795,18.641634,16.470137,16.142128,20.022564,22.679756,4.0,4.0,4.0,4.0,0.0,4.0,0.0,4.0
50507,2023.0,12.0,17.0,17.0,17.648674,18.10327,20.232607,22.12677,17.2471,17.513937,16.301483,16.070364,20.09002,21.829515,15.347583,15.205824,18.330914,18.60672,16.349161,16.016436,20.10645,22.591387,4.0,4.0,0.0,0.0,0.0,4.0,0.0,0.0
50508,2023.0,12.0,17.0,18.0,17.656052,18.108883,20.032162,21.560825,17.241558,17.50722,15.94246,15.592831,18.11676,17.9527,15.28597,15.144446,17.631231,17.267443,16.438223,16.283987,17.607035,17.575518,4.0,4.0,0.0,0.0,0.0,0.0,0.0,0.0
50509,2023.0,12.0,17.0,18.0,21.363152,24.555109,20.063091,21.519012,21.32559,24.639496,21.242544,24.961031,17.030704,16.593618,15.231632,15.089998,21.363829,23.948345,23.07025,27.393953,16.351322,15.9964,4.0,4.0,4.0,0.0,0.0,4.0,4.0,0.0
50510,2023.0,12.0,17.0,18.0,21.0175,23.489498,20.058321,21.440817,21.020094,23.585112,21.033932,23.983614,16.887905,16.677816,15.184824,15.043357,21.020147,23.04359,21.893106,24.882133,15.964683,15.606595,4.0,4.0,0.0,0.0,0.0,4.0,4.0,0.0
50511,2023.0,12.0,17.0,18.0,21.097868,23.410849,20.058113,21.392006,21.080896,23.404455,21.085533,23.68947,17.557737,18.0852,15.144867,15.003839,21.118544,23.002823,21.058369,23.120897,15.913489,15.752206,4.0,4.0,4.0,4.0,0.0,0.0,0.0,0.0
50512,2023.0,12.0,17.0,18.0,21.05833,23.13187,20.075127,21.404358,21.07068,23.18072,21.077982,23.426464,20.295816,22.746958,15.496544,15.692291,21.073479,22.721909,21.061478,22.943869,15.81676,15.679759,0.0,4.0,4.0,0.0,4.0,0.0,4.0,0.0
50513,2023.0,12.0,17.0,18.0,21.15773,23.223238,18.75816,18.829931,21.157238,23.22778,21.155022,23.426413,17.91787,17.808224,20.448185,23.871523,21.120443,22.677748,21.18193,23.103722,16.723291,17.523676,4.0,0.0,0.0,0.0,4.0,0.0,0.0,4.0
50514,2023.0,12.0,17.0,19.0,21.080435,22.969116,20.226776,21.880941,21.062141,22.90534,21.092354,23.166418,16.7127,16.299816,19.997423,22.705502,21.054134,22.47357,21.041546,22.70416,20.940716,24.606077,0.0,4.0,0.0,0.0,4.0,0.0,4.0,0.0
50515,2023.0,12.0,17.0,19.0,21.053852,22.823984,18.758507,18.871044,21.090103,22.900206,21.066488,22.994078,16.62919,16.438082,20.110867,22.539127,21.025572,22.343824,21.048044,22.655348,17.701796,17.750765,4.0,0.0,4.0,0.0,0.0,4.0,4.0,0.0
50516,2023.0,12.0,17.0,19.0,21.083714,22.85294,20.225962,21.920536,21.05857,22.752281,21.06951,22.92738,16.55478,16.39719,17.723095,17.662333,21.074297,22.393208,21.08474,22.708311,16.144428,15.818437,4.0,4.0,4.0,0.0,0.0,0.0,0.0,0.0
50517,2023.0,12.0,17.0,19.0,21.050705,22.723764,20.028727,21.396263,21.062597,22.71334,21.06754,22.869251,17.240715,17.818752,16.668703,16.49314,21.065538,22.319063,21.036907,22.53877,16.002144,15.8588295,4.0,4.0,4.0,4.0,0.0,0.0,4.0,0.0
50518,2023.0,12.0,17.0,19.0,21.081774,22.774584,20.076162,21.428144,21.061071,22.673996,21.091015,22.89253,20.300537,22.97,16.442844,16.271503,21.03594,22.196585,21.083338,22.625874,15.89931,15.776795,0.0,4.0,0.0,0.0,0.0,4.0,0.0,0.0
50519,2023.0,12.0,17.0,19.0,21.074549,22.728117,18.482666,18.323917,21.060148,22.642366,21.06044,22.772299,17.839647,17.789537,16.259165,16.099163,21.069376,22.253355,21.035114,22.467907,15.768474,15.653274,0.0,4.0,4.0,0.0,0.0,0.0,4.0,0.0
50520,2023.0,12.0,17.0,20.0,21.074368,22.698889,18.246025,18.480122,21.08393,22.683374,21.064503,22.751873,16.608551,16.239475,16.103144,15.948054,21.062532,22.20864,21.042185,22.459845,15.655512,15.545268,4.0,0.0,4.0,0.0,0.0,0.0,4.0,0.0
50521,2023.0,12.0,17.0,20.0,21.03136,22.60307,20.2265,22.022087,21.07799,22.642519,21.088266,22.794964,17.335129,17.877413,15.971043,15.822181,21.062895,22.182245,21.080315,22.544802,15.5586,15.449492,0.0,0.0,0.0,4.0,0.0,0.0,0.0,0.0
50522,2023.0,12.0,17.0,20.0,21.081383,22.696232,18.727987,18.958014,21.05311,22.547396,21.082462,22.756662,20.322287,22.8994,15.857006,15.713958,21.047209,22.157791,21.07209,22.501902,15.471915,15.3632965,0.0,4.0,0.0,0.0,0.0,0.0,0.0,0.0
50523,2023.0,12.0,17.0,20.0,21.045568,22.58097,18.199072,18.471725,21.057478,22.539513,21.082384,22.731705,17.898003,17.828337,15.759457,15.621319,21.04864,22.1607,21.072184,22.476534,15.396989,15.289226,4.0,4.0,0.0,0.0,0.0,0.0,0.0,0.0
50524,2023.0,12.0,17.0,20.0,21.077932,22.648918,20.254585,22.146534,21.056564,22.52427,21.064037,22.708548,16.689463,16.308779,15.667377,15.52618,21.04817,22.156706,21.071377,22.452433,15.331096,15.22405,4.0,4.0,0.0,0.0,0.0,0.0,0.0,0.0
50525,2023.0,12.0,17.0,20.0,21.069557,22.613796,20.033817,21.548927,21.0551,22.509136,21.065145,22.714874,16.624874,16.465588,15.584865,15.441426,21.016565,22.070768,21.055399,22.429707,15.270886,15.162719,0.0,4.0,0.0,0.0,0.0,4.0,0.0,0.0
50526,2023.0,12.0,17.0,21.0,21.055506,22.600163,18.670668,18.811783,21.080704,22.566637,21.040874,22.64619,16.541843,16.395359,15.883474,16.05803,21.038408,22.086927,21.019304,22.332262,15.22072,15.11505,4.0,0.0,4.0,0.0,4.0,4.0,4.0,0.0
50527,2023.0,12.0,17.0,21.0,21.17573,22.845959,20.340525,22.202875,21.172094,22.71156,21.199913,22.966164,17.229055,17.807663,20.421408,23.590872,21.151052,22.2934,21.192036,22.684542,16.14787,16.90659,4.0,4.0,4.0,4.0,0.0,4.0,0.0,4.0
50528,2023.0,12.0,17.0,21.0,21.030039,22.534388,20.029104,21.429758,21.054886,22.46304,21.086632,22.718824,20.327312,23.059172,17.876047,18.2915,21.035196,22.04423,21.069128,22.415096,20.336613,23.8992,4.0,4.0,0.0,0.0,0.0,4.0,0.0,0.0
50529,2023.0,12.0,17.0,21.0,21.051296,22.548565,20.058037,21.39382,21.054058,22.451506,21.053925,22.59987,17.810942,17.755198,16.395834,16.270178,21.034967,22.030666,21.069876,22.396252,17.260916,17.333553,4.0,4.0,4.0,0.0,0.0,4.0,0.0,0.0
50530,2023.0,12.0,17.0,21.0,21.075207,22.596615,20.070965,21.372786,21.053473,22.440739,21.084082,22.655907,17.363867,17.684841,16.112915,15.963549,21.064533,22.0956,21.054663,22.37664,16.764683,17.304932,0.0,4.0,0.0,4.0,0.0,0.0,0.0,4.0
50531,2023.0,12.0,17.0,21.0,21.042997,22.490818,18.508305,18.335857,21.05333,22.430994,21.053123,22.551003,20.401821,22.80223,15.971397,15.8290205,21.05885,22.063944,21.056742,22.384216,20.409182,23.410488,0.0,4.0,4.0,0.0,0.0,0.0,0.0,0.0
50532,2023.0,12.0,17.0,22.0,21.074537,22.558334,17.825264,17.646322,21.077988,22.489695,21.057798,22.543816,17.97765,17.888126,15.853637,15.711857,21.058893,22.045946,21.056067,22.383015,17.525784,17.528269,0.0,0.0,4.0,0.0,0.0,0.0,0.0,0.0
50533,2023.0,12.0,17.0,22.0,21.039873,22.452305,17.623428,17.456083,21.071516,22.460527,21.08211,22.59804,16.776344,16.383276,15.744807,15.599588,21.027285,21.95023,21.055632,22.380102,16.165525,15.841237,0.0,0.0,0.0,0.0,0.0,4.0,0.0,0.0
50534,2023.0,12.0,17.0,22.0,21.13598,22.656683,17.41965,17.241913,21.100641,22.470425,21.150333,22.709381,16.713509,16.549047,15.647409,15.498716,21.115654,22.14441,21.11278,22.486612,16.042864,15.908704,0.0,4.0,0.0,0.0,0.0,0.0,0.0,0.0
50535,2023.0,12.0,17.0,22.0,21.05439,22.470253,17.262325,17.094124,21.042477,22.35389,21.043823,22.517168,16.61231,16.457027,15.886796,16.022339,21.047434,21.98677,21.04355,22.342545,15.923308,15.796759,0.0,4.0,0.0,0.0,4.0,0.0,0.0,0.0
50536,2023.0,12.0,17.0,22.0,21.070625,22.491858,17.129423,16.972698,21.053228,22.370283,21.06053,22.561304,17.1251,17.543047,20.35434,23.4324,21.044268,22.000673,21.012402,22.249754,16.608664,17.21793,0.0,4.0,0.0,4.0,4.0,0.0,4.0,4.0
50537,2023.0,12.0,17.0,22.0,21.02487,22.402864,17.45744,17.687656,21.051455,22.360664,21.060307,22.563004,20.486044,23.206587,19.997694,22.496614,21.014574,21.93387,21.077503,22.383484,21.810303,25.99073,4.0,4.0,0.0,4.0,4.0,4.0,0.0,4.0
50538,2023.0,12.0,17.0,23.0,21.075485,22.506416,20.282133,22.586754,21.076553,22.422777,21.060051,22.558504,20.045448,22.101019,20.087334,22.372646,21.064957,22.036661,21.067059,22.338446,20.73086,23.544973,4.0,0.0,0.0,0.0,0.0,0.0,0.0,4.0
50539,2023.0,12.0,17.0,23.0,19.457365,19.385859,18.200184,18.214447,19.402252,19.201982,20.091135,20.664694,18.429556,18.729763,18.393064,18.8611,19.621632,19.24583,19.375301,19.069523,18.058075,18.031925,0.0,0.0,4.0,4.0,4.0,0.0,0.0,0.0
50540,2023.0,12.0,17.0,23.0,18.713873,18.34827,17.213154,16.706219,18.572062,18.013197,19.076122,18.992535,17.89586,18.009235,17.382565,17.25603,19.050207,18.494347,18.95222,18.716301,16.998365,16.596834,0.0,0.0,0.0,4.0,0.0,0.0,0.0,0.0
50541,2023.0,12.0,17.0,23.0,19.424913,19.986473,17.217474,16.965643,18.53204,18.261465,18.32651,17.838818,17.743366,17.86366,17.012287,16.82377,19.867043,20.291307,18.746328,18.54444,17.37195,17.615444,0.0,0.0,0.0,4.0,0.0,4.0,0.0,4.0
50542,2023.0,12.0,17.0,23.0,18.651772,18.492231,17.168161,16.986824,18.411018,18.203972,18.60074,18.623318,17.61598,17.7387,16.771114,16.576717,19.02286,18.588875,18.536951,18.34296,17.406355,17.7078,0.0,0.0,4.0,4.0,0.0,0.0,0.0,4.0
50543,2023.0,12.0,17.0,23.0,18.167492,17.818808,17.057098,16.879183,18.237778,18.034569,17.979933,17.536303,16.968916,16.621782,16.581896,16.390347,18.614138,18.07828,18.352365,18.16293,16.63442,16.34949,0.0,0.0,0.0,0.0,0.0,0.0,0.0,0.0
50544,2023.0,12.0,18.0,0.0,18.666555,18.942719,17.422838,17.652906,18.081404,17.880367,17.616167,17.087858,16.610405,16.183111,16.420021,16.233234,18.43594,17.906002,18.189112,18.004267,16.237143,15.866148,4.0,0.0,0.0,0.0,0.0,0.0,0.0,0.0
50545,2023.0,12.0,18.0,0.0,18.045015,17.780308,17.117214,17.06606,17.941713,17.744831,17.703165,17.465933,16.414318,15.988977,16.279192,16.098719,18.55463,18.302858,18.04463,17.865454,16.02299,15.655356,0.0,0.0,0.0,0.0,0.0,0.0,0.0,0.0
50546,2023.0,12.0,18.0,0.0,17.735128,17.391857,16.883604,16.724611,17.813963,17.62017,17.650356,17.469967,17.092566,17.436192,16.152376,15.976678,18.524527,18.307983,17.910149,17.729301,16.04481,15.87587,0.0,0.0,0.0,4.0,0.0,0.0,0.0,0.0
50547,2023.0,12.0,18.0,0.0,17.576508,17.236738,16.771858,16.60028,17.697327,17.506477,17.536821,17.362385,16.684244,16.55329,16.037832,15.866312,19.173697,19.613852,17.788776,17.60795,16.755053,17.30595,0.0,0.0,0.0,0.0,0.0,4.0,0.0,4.0
50548,2023.0,12.0,18.0,0.0,17.717808,17.659006,16.687008,16.516087,17.591063,17.403387,17.428375,17.25776,16.821312,16.94705,15.93186,15.759605,19.047977,19.235077,17.678583,17.498255,15.975957,15.689114,0.0,0.0,0.0,4.0,0.0,4.0,0.0,0.0
50549,2023.0,12.0,18.0,0.0,17.709023,17.699194,16.610228,16.439352,17.491713,17.3053,17.325151,17.156202,16.303875,15.95119,15.833811,15.660235,18.312021,17.868902,17.575869,17.394487,15.6472025,15.297216,0.0,0.0,0.0,0.0,0.0,0.0,0.0,0.0
50550,2023.0,12.0,18.0,1.0,17.637747,17.63195,16.540943,16.371645,18.11064,18.548338,17.943403,18.402222,16.03811,15.634008,15.745543,15.572262,18.029259,17.521093,17.48271,17.301815,16.249638,16.557453,0.0,4.0,4.0,0.0,0.0,0.0,0.0,4.0
50551,2023.0,12.0,18.0,1.0,17.565907,17.562862,16.476578,16.309227,17.67191,17.64693,17.486965,17.464622,16.115726,15.924753,15.664514,15.491606,17.892136,17.384333,17.396782,17.216452,15.667868,15.354412,0.0,0.0,0.0,0.0,0.0,0.0,0.0,0.0
50552,2023.0,12.0,18.0,1.0,17.494701,17.493176,16.41529,16.249107,17.086239,16.621014,16.910927,16.466879,16.679962,17.028471,15.589082,15.415514,18.053864,17.82096,17.31645,17.135696,15.420065,15.077948,0.0,0.0,0.0,4.0,0.0,0.0,0.0,0.0
50553,2023.0,12.0,18.0,1.0,17.42918,17.43129,16.359524,16.196564,16.875069,16.372429,16.70097,16.222294,16.259686,16.133299,15.521803,15.350043,18.045467,17.828924,17.243843,17.065008,16.26061,16.78846,0.0,0.0,0.0,0.0,0.0,0.0,0.0,4.0
50554,2023.0,12.0,18.0,1.0,17.365816,17.369795,16.305496,16.144375,17.02139,16.790688,16.839497,16.62773,16.41153,16.517717,15.457995,15.28658,17.991255,17.775562,17.17431,16.996002,15.573384,15.2976055,0.0,0.0,0.0,4.0,0.0,0.0,0.0,0.0
50555,2023.0,12.0,18.0,1.0,17.302193,17.304428,16.250925,16.08851,17.033691,16.857841,16.847006,16.688965,16.499012,16.63823,15.712288,15.816208,17.93547,17.717686,17.105824,16.92527,15.2833605,14.943615,0.0,0.0,0.0,4.0,4.0,0.0,0.0,0.0
50556,2023.0,12.0,18.0,2.0,18.014053,18.69471,16.204538,16.046381,16.980536,16.811245,16.790956,16.639711,15.966484,15.63595,15.4722595,15.317665,17.885984,17.670698,17.046103,16.86847,15.183141,14.853079,0.0,0.0,0.0,0.0,0.0,0.0,0.0,0.0
50557,2023.0,12.0,18.0,2.0,17.5304,17.654518,16.15754,16.00061,17.636692,18.093754,16.731184,16.58264,16.296885,16.412754,15.346126,15.174374,17.836744,17.62175,16.987183,16.810051,16.039116,16.572344,0.0,4.0,0.0,4.0,0.0,0.0,0.0,4.0
50558,2023.0,12.0,18.0,2.0,17.011135,16.750154,16.111788,15.955731,17.84047,18.359537,16.67195,16.525377,16.410261,16.539156,15.574006,15.648579,17.789616,17.574667,16.930983,16.75406,15.369273,15.099191,0.0,4.0,0.0,4.0,4.0,0.0,0.0,0.0
50559,2023.0,12.0,18.0,2.0,16.82068,16.514452,16.067513,15.912211,16.99953,16.71018,16.614853,16.469805,15.883387,15.555835,15.368519,15.217792,17.74466,17.529764,16.87785,16.701138,15.832504,16.148369,0.0,0.0,0.0,0.0,0.0,0.0,0.0,4.0
50560,2023.0,12.0,18.0,2.0,17.01284,17.001545,16.022114,15.86484,16.593744,16.100601,16.556772,16.409979,15.623843,15.221085,15.239335,15.064455,17.699314,17.482517,16.824957,16.646358,16.013578,16.355171,0.0,0.0,0.0,0.0,0.0,0.0,0.0,4.0
50561,2023.0,12.0,18.0,2.0,17.005411,17.010735,15.982663,15.828329,16.463974,15.976131,16.506704,16.363693,15.726278,15.540884,15.187479,15.015449,17.658724,17.443752,16.777477,16.601006,15.321044,15.019343,0.0,0.0,0.0,0.0,0.0,0.0,0.0,0.0
50562,2023.0,12.0,18.0,3.0,16.961847,16.967459,15.939408,15.783466,16.656647,16.467543,16.453064,16.308382,15.718069,15.5508,15.133717,14.959203,17.615461,17.39881,16.727207,16.549097,15.076912,14.73565,0.0,0.0,0.0,0.0,0.0,0.0,0.0,0.0
50563,2023.0,12.0,18.0,3.0,16.920599,16.93005,15.902192,15.749871,16.654245,16.4894,16.406645,16.266354,15.670546,15.506373,15.08919,14.917655,18.324776,18.774416,17.698748,18.418644,15.706236,16.014975,0.0,0.0,0.0,0.0,0.0,4.0,4.0,4.0
50564,2023.0,12.0,18.0,3.0,16.876654,16.88731,15.863495,15.712357,16.613354,16.45312,16.358776,16.220053,16.17704,16.497753,15.044683,14.8735695,17.829908,17.70201,16.81154,16.507172,15.178081,14.892553,0.0,0.0,0.0,4.0,0.0,0.0,0.0,0.0
50565,2023.0,12.0,18.0,3.0,16.843943,16.865873,15.824428,15.673208,16.567755,16.407965,16.310919,16.172201,15.782461,15.639378,14.998035,14.828835,17.375675,16.911364,16.479723,16.076149,15.004074,14.72401,0.0,0.0,0.0,0.0,0.0,0.0,0.0,0.0
50566,2023.0,12.0,18.0,3.0,16.80747,16.835218,15.781881,15.630353,16.51626,16.356556,16.259285,16.12041,15.360828,14.983954,15.007151,14.876626,17.189741,16.702763,16.35799,15.956551,15.011963,14.806944,0.0,0.0,0.0,0.0,0.0,0.0,0.0,0.0
50567,2023.0,12.0,18.0,3.0,16.764091,16.79271,15.741549,15.590917,16.466734,16.308554,16.210577,16.072979,15.204725,14.822409,15.003913,14.893715,17.381395,17.181726,16.498661,16.336765,15.015247,14.873186,0.0,0.0,0.0,0.0,0.0,0.0,0.0,0.0
50568,2023.0,12.0,18.0,4.0,16.720982,16.750303,15.702383,15.552605,16.418774,16.261984,16.16355,16.027132,15.347143,15.195633,15.005843,14.9163,17.389492,17.175272,16.491228,16.315697,15.001276,14.880684,0.0,0.0,0.0,0.0,0.0,0.0,0.0,0.0
50569,2023.0,12.0,18.0,4.0,16.680883,16.712816,15.666529,15.519743,16.37467,16.221474,16.120346,15.98733,15.9422865,16.296577,15.005484,14.9317,17.355108,17.14311,16.447983,16.274794,15.005117,14.91912,0.0,0.0,0.0,4.0,0.0,0.0,0.0,0.0
50570,2023.0,12.0,18.0,4.0,16.641508,16.67464,15.630983,15.486001,16.33102,16.180128,16.077583,15.946694,16.235361,16.64703,15.005566,14.945227,17.319538,17.108961,16.403982,16.23231,15.657573,16.171907,0.0,0.0,0.0,4.0,0.0,0.0,0.0,4.0
50571,2023.0,12.0,18.0,4.0,16.60352,16.637506,15.596401,15.45302,16.288614,16.139795,16.036573,15.90732,15.5033455,15.167726,15.177762,15.274061,17.284458,17.075235,16.36102,16.190641,15.224276,15.1346855,0.0,0.0,0.0,0.0,4.0,0.0,0.0,0.0
50572,2023.0,12.0,18.0,4.0,16.568867,16.602623,15.565075,15.422117,16.250187,16.102175,15.999615,15.870716,15.841043,15.987298,14.979256,14.903839,17.25224,17.04335,16.322218,16.152082,15.568998,15.88208,0.0,0.0,0.0,4.0,0.0,0.0,0.0,4.0
50573,2023.0,12.0,18.0,4.0,16.532726,16.567507,15.532287,15.391136,16.210001,16.064293,15.961186,15.834032,15.9977255,16.144726,15.01243,14.987733,17.218395,17.01099,16.28151,16.112835,14.968499,14.744827,0.0,0.0,0.0,4.0,0.0,0.0,0.0,0.0
50574,2023.0,12.0,18.0,5.0,16.49619,16.53109,15.499016,15.3587265,16.169441,16.02499,15.922196,15.795927,15.457948,15.118326,15.005809,14.984631,17.184277,16.977703,16.240767,16.072836,15.028058,14.92898,0.0,0.0,0.0,0.0,0.0,0.0,0.0,0.0
50575,2023.0,12.0,18.0,5.0,16.458714,16.492958,15.464596,15.323666,16.128004,15.983083,15.882108,15.755183,15.163249,14.780203,15.012427,15.007731,17.150085,16.943684,16.200304,16.032421,15.018746,14.945645,0.0,0.0,0.0,0.0,0.0,0.0,0.0,0.0
50576,2023.0,12.0,18.0,5.0,16.425667,16.463608,15.436049,15.299794,16.093061,15.953228,15.848143,15.726009,15.264889,15.100187,15.00607,15.001333,17.119717,16.916506,16.164158,15.999521,15.65154,16.170292,0.0,0.0,0.0,0.0,0.0,0.0,0.0,4.0
50577,2023.0,12.0,18.0,5.0,16.384209,16.417194,15.405535,15.271421,16.056318,15.918837,15.812818,15.692589,15.275719,15.119893,15.007736,15.012333,17.088629,16.887173,16.127415,15.964415,14.968918,14.812001,0.0,0.0,0.0,0.0,0.0,0.0,0.0,0.0
50578,2023.0,12.0,18.0,5.0,16.343395,16.37393,15.372415,15.237376,16.016935,15.878521,15.774853,15.653466,15.230755,15.074888,15.0140505,15.032749,17.05633,16.85477,16.089552,15.926257,15.022899,15.003052,0.0,0.0,0.0,0.0,0.0,0.0,0.0,0.0
50579,2023.0,12.0,18.0,5.0,16.313501,16.350784,15.342492,15.2093315,15.981069,15.844721,15.740128,15.620548,15.188489,15.034316,15.01396,15.036528,17.026325,16.826376,16.054296,15.892521,15.007695,14.97474,0.0,0.0,0.0,0.0,0.0,0.0,0.0,0.0
50580,2023.0,12.0,18.0,6.0,16.281008,16.320229,15.312987,15.181661,15.945754,15.811429,15.705772,15.588014,15.148567,14.996054,15.01477,15.044559,16.996912,16.79857,16.019817,15.859556,15.0104885,15.01652,0.0,0.0,0.0,0.0,0.0,0.0,0.0,0.0
50581,2023.0,12.0,18.0,6.0,21.019062,24.638475,15.287055,15.160775,20.912058,24.506369,20.810745,24.499891,15.112949,14.964182,15.00712,15.036403,21.683907,24.68617,21.393984,24.88516,15.604623,16.149164,0.0,0.0,0.0,0.0,0.0,4.0,0.0,4.0
50582,2023.0,12.0,18.0,6.0,21.014626,24.06177,15.25877,15.134356,21.01279,24.094576,21.014328,24.265446,15.078864,14.931434,15.008516,15.044785,21.670631,24.426695,21.920237,25.52918,20.19577,23.937708,0.0,0.0,0.0,0.0,0.0,0.0,4.0,0.0
50583,2023.0,12.0,18.0,6.0,21.088982,23.846401,15.230949,15.1083975,21.093285,23.858418,21.098183,24.017555,15.050936,14.905398,15.008274,15.048498,21.022669,22.94362,22.374193,25.747797,17.539005,18.102015,0.0,0.0,0.0,0.0,0.0,0.0,0.0,4.0
50584,2023.0,12.0,18.0,6.0,21.077908,23.58246,15.20345,15.082762,21.08049,23.568409,21.085142,23.715044,15.028008,14.884454,15.008298,15.0517435,21.088478,22.88521,21.214264,23.17174,20.391039,23.6969,0.0,0.0,0.0,0.0,0.0,0.0,0.0,4.0
50585,2023.0,12.0,18.0,6.0,21.076097,23.412199,15.175986,15.05695,21.079042,23.380394,21.083548,23.518047,15.00811,14.86658,15.008355,15.054657,21.030897,22.64419,20.962378,22.697445,20.04947,22.672888,0.0,0.0,0.0,0.0,0.0,4.0,0.0,0.0
50586,2023.0,12.0,18.0,7.0,21.049646,23.220356,15.1493025,15.032319,21.077234,23.242483,21.081434,23.373266,15.57384,15.947212,15.008357,15.057515,21.053621,22.57953,21.085148,22.911964,17.387941,17.286903,0.0,0.0,0.0,4.0,0.0,4.0,0.0,0.0
50587,2023.0,12.0,18.0,7.0,21.053082,23.143307,15.122384,15.006697,21.075464,23.138725,21.079794,23.265516,20.508368,24.183638,15.189278,15.3889885,21.078411,22.565842,21.068563,22.843807,16.133556,15.761059,0.0,0.0,0.0,4.0,4.0,0.0,0.0,0.0
50588,2023.0,12.0,18.0,7.0,21.160519,23.27513,15.096426,14.981549,21.158276,23.227646,21.159687,23.32759,20.580805,23.711687,20.23954,23.969603,21.124237,22.586332,21.186516,23.045822,15.990309,15.823962,0.0,0.0,4.0,0.0,4.0,0.0,0.0,0.0
50589,2023.0,12.0,18.0,7.0,21.058998,22.969383,15.074013,14.958352,21.048347,22.926926,21.081564,23.12945,18.21186,18.64277,20.014935,23.042805,21.041958,22.34598,21.029697,22.672243,16.898552,17.680483,0.0,4.0,0.0,4.0,0.0,4.0,4.0,4.0
50590,2023.0,12.0,18.0,7.0,21.089808,22.991224,15.530647,15.826407,21.07655,22.96004,21.094233,23.065023,20.406708,22.999193,17.55866,17.923155,21.075272,22.393757,21.090569,22.771994,20.358168,23.525616,4.0,0.0,0.0,4.0,0.0,0.0,0.0,0.0
50591,2023.0,12.0,18.0,7.0,21.952211,24.234467,20.25081,23.872032,21.878645,24.085173,21.87533,24.274097,20.052664,22.177582,16.550333,16.749493,21.51633,23.045137,21.805088,23.977293,17.435278,17.414454,4.0,4.0,0.0,0.0,4.0,4.0,0.0,0.0
50592,2023.0,12.0,18.0,8.0,21.66236,23.704983,20.000505,22.850605,20.91201,22.325443,20.936274,22.54021,17.765451,17.602322,20.355986,23.404438,21.653173,23.172987,20.925125,22.205236,16.061579,15.711254,4.0,4.0,0.0,0.0,4.0,4.0,4.0,0.0
50593,2023.0,12.0,18.0,8.0,20.034039,20.43524,20.097359,22.645252,19.529846,19.749157,19.266972,19.41005,16.60883,16.193935,20.033659,22.42615,20.380829,20.587831,19.91872,20.329266,15.921366,15.756709,4.0,4.0,0.0,0.0,4.0,4.0,4.0,0.0
50594,2023.0,12.0,18.0,8.0,18.524347,18.248238,20.096933,22.386072,18.805431,18.894028,18.239283,18.109219,17.2563,17.742107,20.090372,22.264977,19.74545,19.88033,19.480919,19.884123,16.798592,17.531345,0.0,4.0,0.0,4.0,4.0,4.0,4.0,4.0
50595,2023.0,12.0,18.0,8.0,18.624203,18.885498,17.800087,17.779684,18.541986,18.639763,17.83318,17.672005,21.375246,24.610807,20.09482,22.091919,18.91826,18.493166,18.392815,18.016815,20.891989,24.400919,0.0,4.0,0.0,4.0,0.0,0.0,0.0,0.0
50596,2023.0,12.0,18.0,8.0,18.632011,18.96472,16.483028,16.059973,18.352436,18.464745,18.233221,18.660807,20.043558,22.062769,18.204792,18.307892,19.135803,19.278147,18.768192,19.197374,17.832153,17.924309,0.0,4.0,4.0,0.0,4.0,4.0,4.0,0.0
50597,2023.0,12.0,18.0,8.0,18.489801,18.830395,16.345682,16.12982,17.575996,17.162924,18.357763,18.872744,17.861809,17.705173,20.351254,22.50873,18.543854,18.137928,17.984453,17.62981,16.269535,15.974059,0.0,0.0,4.0,0.0,4.0,0.0,0.0,0.0
50598,2023.0,12.0,18.0,9.0,17.696983,17.462894,16.257706,16.096725,17.77569,17.854364,17.403547,17.12791,16.731897,16.316786,20.04057,21.867975,18.084051,17.588274,17.436176,17.012014,16.056644,15.900409,0.0,4.0,0.0,0.0,4.0,0.0,0.0,0.0
50599,2023.0,12.0,18.0,9.0,17.254772,16.943094,16.10862,15.950333,17.20776,16.785488,16.811014,16.361544,16.593891,16.38895,20.080238,21.825758,17.86923,17.373323,17.19367,16.773603,15.913853,15.776427,0.0,0.0,0.0,0.0,4.0,0.0,0.0,0.0
50600,2023.0,12.0,18.0,9.0,17.054605,16.755468,15.979494,15.823378,16.824339,16.344744,16.56907,16.112553,16.465298,16.294317,20.089138,21.76874,17.962872,17.72636,18.058952,18.575645,15.764673,15.635216,0.0,0.0,0.0,0.0,0.0,0.0,4.0,0.0
50601,2023.0,12.0,18.0,9.0,17.890736,18.504833,15.869019,15.714696,16.642057,16.169542,16.639746,16.428293,16.303022,16.143755,18.12375,17.939644,18.74225,19.252481,17.376844,17.059618,15.633975,15.510612,0.0,0.0,0.0,0.0,0.0,4.0,0.0,0.0
50602,2023.0,12.0,18.0,9.0,17.241652,17.14992,15.790052,15.634504,16.758245,16.533049,17.34223,17.810785,16.93472,17.44415,17.830715,17.874548,17.934412,17.570955,17.018955,16.62345,15.536874,15.415501,0.0,0.0,4.0,4.0,4.0,0.0,0.0,0.0
50603,2023.0,12.0,18.0,9.0,16.866556,16.61422,15.718212,15.566286,16.753382,16.586124,16.693047,16.48329,20.279264,23.212997,20.219717,22.285166,17.600662,17.138556,16.862234,16.47599,16.417908,17.158537,0.0,0.0,0.0,0.0,0.0,0.0,0.0,4.0
50604,2023.0,12.0,18.0,10.0,16.701952,16.452763,16.108446,16.361357,16.67713,16.51926,16.20987,15.824984,17.680243,17.708433,18.417654,18.621967,18.23679,18.466345,16.91388,16.730316,20.355991,23.795732,4.0,0.0,0.0,0.0,0.0,4.0,0.0,0.0
50605,2023.0,12.0,18.0,10.0,16.813057,16.801044,20.210857,23.529387,16.60048,16.449684,16.049,15.649025,16.349419,15.997302,17.654247,17.819855,18.462719,18.720463,16.89603,16.745388,17.364801,17.458822,0.0,0.0,0.0,0.0,4.0,4.0,0.0,0.0
50606,2023.0,12.0,18.0,10.0,16.83397,16.869602,17.86624,18.39541,16.52948,16.38533,16.161552,15.979599,16.979166,17.462341,20.296932,22.585386,17.761158,17.387459,16.819742,16.672691,15.975433,15.709421,0.0,0.0,0.0,4.0,0.0,0.0,0.0,0.0
50607,2023.0,12.0,18.0,10.0,16.780388,16.825766,16.416615,16.40378,16.463957,16.326159,16.912823,17.407055,20.347439,23.190207,18.384733,18.639364,17.427774,17.001657,16.744242,16.600222,15.804226,15.663827,0.0,0.0,4.0,0.0,0.0,0.0,0.0,0.0
50608,2023.0,12.0,18.0,10.0,17.480715,18.193623,16.101643,15.997905,16.40305,16.271526,17.221508,17.795126,17.784798,17.811193,17.581541,17.76322,17.318193,16.897655,17.68251,18.42698,15.700617,15.58128,0.0,0.0,4.0,0.0,4.0,0.0,4.0,0.0
50609,2023.0,12.0,18.0,10.0,17.697803,18.461523,15.966076,15.841504,17.065487,17.561176,16.439213,16.267641,16.801119,16.40573,20.294443,22.619947,17.456312,17.2536,16.840508,16.617283,15.605984,15.491159,0.0,4.0,0.0,0.0,0.0,0.0,0.0,0.0
50610,2023.0,12.0,18.0,11.0,17.508692,18.015676,16.316477,16.593838,16.747236,16.787277,15.985947,15.658941,16.655489,16.457407,18.094149,18.074512,18.233658,18.720284,16.404003,16.093124,15.506647,15.398708,4.0,0.0,0.0,0.0,0.0,4.0,0.0,0.0
50611,2023.0,12.0,18.0,11.0,16.831213,16.769377,20.2054,23.312695,16.264956,15.9548,15.85834,15.513219,16.544693,16.381552,17.076448,16.587408,18.256187,18.588978,16.306503,15.991237,15.431798,15.3264065,0.0,0.0,0.0,0.0,0.0,4.0,0.0,0.0
50612,2023.0,12.0,18.0,11.0,16.476282,16.313635,18.03657,18.60231,16.046124,15.695002,16.46107,16.720514,16.394144,16.24366,16.927656,16.671564,17.531363,17.207687,17.285725,17.905197,15.353067,15.2498045,0.0,0.0,4.0,0.0,0.0,0.0,4.0,0.0
50613,2023.0,12.0,18.0,11.0,17.10416,17.579954,17.316618,17.624166,16.15428,16.001188,16.04879,15.864266,16.280901,16.13445,16.830217,16.627953,18.074095,18.376646,16.574522,16.342464,15.292741,15.18966,4.0,0.0,0.0,0.0,0.0,4.0,0.0,0.0
50614,2023.0,12.0,18.0,11.0,17.269266,17.790096,20.241041,22.92381,16.170547,16.06174,15.790236,15.47943,16.17998,16.040611,16.682306,16.493622,17.5118,17.201239,16.309347,16.002789,15.238612,15.137818,4.0,0.0,0.0,0.0,0.0,0.0,0.0,0.0
50615,2023.0,12.0,18.0,11.0,17.298727,17.808598,20.037031,22.204931,16.874262,17.421915,15.862544,15.733348,16.076836,15.943086,16.523962,16.3448,18.000576,18.334526,16.21194,15.909846,15.182202,15.083035,4.0,4.0,0.0,0.0,0.0,4.0,0.0,0.0
50616,2023.0,12.0,18.0,12.0,17.331024,17.847786,20.187841,22.303614,17.164959,17.762,15.883286,15.790055,15.982468,15.848994,16.379711,16.202208,18.228369,18.56557,16.315662,16.195612,15.129238,15.029177,0.0,4.0,0.0,0.0,0.0,4.0,0.0,0.0
50617,2023.0,12.0,18.0,12.0,21.102764,24.341969,18.09846,18.131046,21.221619,24.687183,20.969833,24.718403,15.911036,15.787347,16.274937,16.11589,21.030851,23.418001,22.332058,26.128908,15.086479,14.989907,0.0,4.0,0.0,0.0,0.0,0.0,4.0,0.0
50618,2023.0,12.0,18.0,12.0,21.033054,23.778252,16.85951,16.507414,21.020397,23.812983,21.013727,24.195683,15.845965,15.725791,16.171331,16.018585,21.612476,24.069942,22.149803,25.460283,15.0489025,14.953325,0.0,4.0,0.0,0.0,0.0,0.0,0.0,0.0
50619,2023.0,12.0,18.0,12.0,21.073687,23.550081,16.68752,16.515842,21.084925,23.613476,21.095394,23.967936,15.792494,15.67655,16.474392,16.672232,20.999483,22.685266,20.897577,22.865732,15.02119,14.927417,0.0,4.0,0.0,0.0,4.0,0.0,4.0,0.0
50620,2023.0,12.0,18.0,12.0,21.067736,23.345802,16.572775,16.45187,21.073576,23.367134,21.08281,23.682964,16.550554,17.15116,20.34347,23.150595,21.064709,22.688633,21.109152,23.15479,15.001161,14.909263,0.0,4.0,0.0,4.0,0.0,0.0,0.0,0.0
50621,2023.0,12.0,18.0,12.0,21.066038,23.206522,16.413975,16.2978,21.07183,23.203838,21.081768,23.4986,20.358727,23.587402,18.122242,18.506973,21.055496,22.571802,21.078644,22.967731,15.001711,14.924134,0.0,4.0,0.0,0.0,0.0,0.0,0.0,0.0
50622,2023.0,12.0,18.0,13.0,21.063345,23.10091,16.733248,17.016592,21.06933,23.081228,21.079716,23.361761,17.612726,17.704556,16.795507,16.681177,21.025867,22.419508,21.079855,22.870623,15.955732,16.731638,4.0,4.0,0.0,0.0,0.0,4.0,0.0,4.0
50623,2023.0,12.0,18.0,13.0,21.157907,23.213793,20.254007,23.224152,21.15703,23.16746,21.156567,23.397356,16.303185,16.025837,16.506104,16.353027,21.130686,22.568321,21.184309,23.028608,20.32742,24.02811,0.0,4.0,4.0,0.0,0.0,0.0,0.0,0.0
50624,2023.0,12.0,18.0,13.0,21.085869,23.026863,18.415457,19.166285,21.065233,22.912144,21.0568,23.123363,16.200888,16.061777,16.3584,16.210197,21.06403,22.366714,21.0647,22.742191,17.237795,17.390768,4.0,4.0,4.0,0.0,0.0,0.0,0.0,0.0
50625,2023.0,12.0,18.0,13.0,21.158375,23.119106,20.287268,22.87266,21.16072,23.048666,21.15933,23.24073,16.144997,16.025286,16.242813,16.097513,21.127447,22.440783,21.188705,22.95381,15.815214,15.593722,4.0,4.0,4.0,0.0,0.0,0.0,0.0,0.0
50626,2023.0,12.0,18.0,13.0,21.078465,22.912643,20.048763,22.143154,21.062195,22.804598,21.068121,22.990856,16.06211,15.947725,16.563562,16.789766,21.019,22.189348,21.062492,22.666704,16.716614,17.537626,0.0,4.0,4.0,0.0,4.0,4.0,0.0,4.0
50627,2023.0,12.0,18.0,13.0,21.16382,23.077116,18.311047,18.611473,21.16483,22.973417,21.160181,23.123251,15.991605,15.882242,20.292074,23.134396,21.15202,22.420828,21.194376,22.904114,20.807268,24.365444,4.0,4.0,4.0,0.0,0.0,4.0,0.0,0.0
50628,2023.0,12.0,18.0,14.0,21.197876,23.112873,20.24781,22.554,21.165382,22.9586,21.163895,23.101786,15.9303,15.824433,18.416307,19.028973,21.132895,22.37151,21.19588,22.879879,17.779625,17.916754,0.0,0.0,0.0,0.0,4.0,0.0,0.0,0.0
50629,2023.0,12.0,18.0,14.0,19.719202,20.230867,18.452686,18.79299,19.206255,19.162024,19.072546,19.040287,15.879188,15.778291,20.291397,22.754501,19.549517,19.292566,19.46706,19.51938,16.292477,16.062061,4.0,0.0,0.0,0.0,0.0,0.0,0.0,0.0
50630,2023.0,12.0,18.0,14.0,19.096935,19.532116,20.245321,22.503637,18.091673,17.72845,17.909988,17.569551,15.8323145,15.734555,18.337658,18.637327,18.793642,18.366257,18.60748,18.467884,16.102505,15.982165,0.0,0.0,0.0,0.0,0.0,0.0,0.0,0.0
50631,2023.0,12.0,18.0,14.0,18.281948,18.20119,18.52003,18.885553,17.899673,17.722178,17.706306,17.550901,15.788121,15.69092,17.17798,17.072605,19.51128,19.987446,18.268494,18.11323,15.986076,15.885255,4.0,0.0,0.0,0.0,0.0,4.0,0.0,0.0
50632,2023.0,12.0,18.0,14.0,17.872105,17.678125,20.233042,22.201424,18.459373,18.918037,17.575924,17.461643,15.753293,15.656444,16.918077,16.762054,18.767424,18.472004,18.071993,17.91664,15.883858,15.786545,0.0,4.0,0.0,0.0,0.0,0.0,0.0,0.0
50633,2023.0,12.0,18.0,14.0,18.312002,18.734243,18.64852,18.970984,18.02226,18.055355,18.072382,18.568098,15.717026,15.622076,16.740639,16.592796,18.294504,17.902414,18.917448,19.690859,15.7758665,15.684389,4.0,0.0,4.0,0.0,0.0,0.0,4.0,0.0
50634,2023.0,12.0,18.0,15.0,17.761854,17.702265,20.214314,22.03479,17.458643,17.142717,18.207867,18.786427,15.68719,15.59279,16.620821,16.472946,18.147362,17.752953,17.993732,17.789762,15.696458,15.607172,0.0,0.0,4.0,0.0,0.0,0.0,0.0,0.0
50635,2023.0,12.0,18.0,15.0,18.064909,18.528164,18.416622,18.4595,17.811111,18.031223,17.38053,17.250961,15.655858,15.563278,16.502752,16.365705,18.209372,18.016613,17.44762,17.141218,15.615041,15.530609,0.0,4.0,0.0,0.0,0.0,0.0,0.0,0.0
50636,2023.0,12.0,18.0,15.0,18.166742,18.682938,17.742432,17.609274,17.928623,18.240492,17.651182,17.949799,15.629477,15.537124,16.41413,16.279064,18.195658,18.040104,17.28055,16.965921,15.552727,15.469088,0.0,4.0,4.0,0.0,0.0,0.0,0.0,0.0
50637,2023.0,12.0,18.0,15.0,18.151691,18.67088,17.956314,18.237564,17.903454,18.223574,17.085016,16.89982,15.605792,15.515121,16.722681,16.933802,18.932827,19.502136,17.317738,17.169224,16.480015,17.272245,4.0,4.0,0.0,0.0,4.0,4.0,0.0,4.0
50638,2023.0,12.0,18.0,15.0,17.491005,17.457571,20.330532,22.512707,17.876747,18.204733,17.437075,17.722305,15.583312,15.49387,20.260515,23.046051,18.184095,17.930323,17.276783,17.154797,20.541906,24.092861,0.0,4.0,4.0,0.0,0.0,0.0,0.0,0.0
50639,2023.0,12.0,18.0,15.0,17.831009,18.32982,18.925343,19.55416,17.84405,18.180115,16.988958,16.825396,15.559503,15.471609,18.22933,18.63013,18.548056,18.879644,17.196661,17.082071,17.687744,17.923002,4.0,4.0,0.0,0.0,0.0,4.0,0.0,0.0
50640,2023.0,12.0,18.0,16.0,17.950958,18.49478,20.211494,22.038591,17.819075,18.16155,16.68073,16.396885,16.25935,16.80184,17.244568,17.107115,18.71158,19.068945,17.129211,17.01831,16.574123,16.320713,0.0,4.0,0.0,4.0,0.0,4.0,0.0,0.0
50641,2023.0,12.0,18.0,16.0,17.946018,18.480455,18.740082,19.04641,17.790789,18.139032,16.523952,16.240097,20.311611,23.648052,16.967968,16.824713,18.030996,17.753117,17.055967,16.94647,16.360813,16.234755,4.0,4.0,0.0,0.0,0.0,0.0,0.0,0.0
50642,2023.0,12.0,18.0,16.0,17.958158,18.50182,20.226309,22.127357,17.764051,18.117186,17.290396,17.803799,17.598124,17.794523,17.179813,17.38532,17.71739,17.381128,16.987198,16.878685,17.144653,17.873123,4.0,4.0,4.0,0.0,4.0,0.0,0.0,4.0
50643,2023.0,12.0,18.0,16.0,17.958902,18.503942,20.048285,21.643904,17.738497,18.093964,16.996195,17.057732,16.262117,16.055529,20.39592,22.85053,17.619057,17.283062,16.924742,16.816902,21.412321,25.12702,0.0,4.0,0.0,0.0,0.0,0.0,0.0,0.0
50644,2023.0,12.0,18.0,16.0,17.325575,17.32842,18.413902,18.425491,17.715933,18.074509,16.493227,16.27353,16.118027,16.005005,18.391712,18.726675,17.547094,17.21657,17.870667,18.645771,18.267864,18.484222,0.0,4.0,0.0,0.0,0.0,0.0,4.0,0.0
50645,2023.0,12.0,18.0,16.0,17.025997,16.913334,17.829657,17.698536,17.088118,16.923363,16.328861,16.062809,16.060413,15.962844,17.482838,17.34474,17.661179,17.503592,17.068079,16.902964,17.09411,16.80539,0.0,0.0,0.0,0.0,0.0,0.0,0.0,0.0
50646,2023.0,12.0,18.0,17.0,16.899115,16.783499,17.622688,17.514746,17.460075,17.765203,17.139692,17.676228,15.989915,15.896248,17.23449,17.077883,17.674892,17.537899,16.770369,16.51123,16.892876,16.740917,0.0,4.0,4.0,0.0,0.0,0.0,0.0,0.0
50647,2023.0,12.0,18.0,17.0,16.80834,16.699217,17.431778,17.327234,17.582453,17.954424,16.609087,16.526691,15.927359,15.836709,17.059332,16.907305,18.395737,18.924526,17.728378,18.399426,16.712006,16.585886,0.0,4.0,0.0,0.0,0.0,4.0,4.0,0.0
50648,2023.0,12.0,18.0,17.0,17.67784,18.425554,17.269524,17.166655,17.5843,17.956675,16.981432,17.335217,15.870479,15.782267,16.917086,16.770287,18.451187,18.85324,17.003305,16.827675,16.544998,16.425941,0.0,4.0,4.0,0.0,0.0,4.0,0.0,0.0
50649,2023.0,12.0,18.0,17.0,17.073114,17.112753,17.582767,17.876966,17.584677,17.958641,16.521639,16.408203,16.532324,17.068638,16.795177,16.654722,17.752136,17.492638,16.732658,16.477901,16.404524,16.292318,4.0,4.0,0.0,4.0,0.0,0.0,0.0,0.0
50650,2023.0,12.0,18.0,17.0,17.505508,18.04746,20.26853,22.60032,17.581734,17.95757,16.936329,17.288206,20.283037,23.493216,16.68685,16.551012,17.534672,17.212366,17.683918,18.349865,16.28527,16.18032,0.0,4.0,4.0,0.0,0.0,0.0,4.0,0.0
50651,2023.0,12.0,18.0,17.0,17.081842,17.11353,18.543617,18.950619,17.578018,17.955698,16.546627,16.443472,17.676544,17.872793,16.580849,16.453634,17.451439,17.134533,18.048485,18.723652,16.165136,16.06725,0.0,4.0,0.0,0.0,0.0,0.0,4.0,0.0
50652,2023.0,12.0,18.0,18.0,16.816574,16.737173,17.663382,17.605263,17.574514,17.953985,16.26856,16.036654,16.681862,16.409838,16.50345,16.379751,18.374506,18.95696,17.162851,16.990538,16.07603,15.98113,0.0,4.0,0.0,0.0,0.0,4.0,0.0,0.0
50653,2023.0,12.0,18.0,18.0,21.278046,24.638403,17.399616,17.309708,21.303366,24.422937,21.199,24.740099,16.578064,16.439777,16.818262,17.037483,21.22583,23.818253,22.215117,25.702902,15.994365,15.902944,0.0,4.0,4.0,0.0,4.0,4.0,0.0,0.0
50654,2023.0,12.0,18.0,18.0,21.008455,23.637848,17.197441,17.110432,21.014715,23.462278,21.031717,23.890139,16.46254,16.346899,20.411816,23.086435,21.050455,23.114656,22.45781,25.72102,16.951466,17.791859,0.0,4.0,0.0,0.0,0.0,0.0,0.0,4.0
50655,2023.0,12.0,18.0,18.0,21.069927,23.45941,17.48601,17.78819,21.07323,23.31377,21.10028,23.674559,16.335756,16.22717,18.291906,18.661697,21.045544,22.826267,21.902746,24.26355,20.355606,23.48229,4.0,4.0,0.0,0.0,0.0,4.0,0.0,0.0
50656,2023.0,12.0,18.0,18.0,21.14849,23.417356,20.291307,22.687832,21.150305,23.28703,21.142649,23.533888,16.23348,16.130087,17.447628,17.669338,21.120995,22.799093,21.201721,23.087128,17.664925,17.77517,0.0,4.0,4.0,0.0,4.0,4.0,0.0,0.0
50657,2023.0,12.0,18.0,18.0,21.05814,23.094465,18.476856,18.846064,21.061419,22.977125,21.07046,23.214136,16.152475,16.055277,20.305128,22.711094,21.06983,22.583767,21.060488,22.73986,16.456594,16.253044,0.0,4.0,4.0,0.0,0.0,0.0,0.0,0.0
50658,2023.0,12.0,18.0,19.0,21.081978,23.05956,17.383915,17.36244,21.059605,22.878128,21.089487,23.149075,16.086014,15.994445,18.442848,18.755653,21.063198,22.467278,21.06148,22.690252,16.317118,16.217651,0.0,4.0,0.0,0.0,0.0,0.0,0.0,0.0
50659,2023.0,12.0,18.0,19.0,21.049229,22.892143,17.112478,17.03852,21.057804,22.801935,21.082922,23.039196,16.837803,17.469347,17.330738,17.233904,21.061735,22.384985,21.059958,22.643839,17.257719,18.086712,0.0,4.0,0.0,4.0,0.0,0.0,0.0,4.0
50660,2023.0,12.0,18.0,19.0,21.079351,22.910902,16.960419,16.883797,21.080873,22.809896,21.081863,22.960732,20.29907,23.301262,17.056705,16.933569,21.048111,22.320929,21.059254,22.605595,20.314554,23.188242,0.0,0.0,0.0,0.0,0.0,0.0,0.0,0.0
50661,2023.0,12.0,18.0,19.0,21.072227,22.84103,17.291277,17.60798,21.05011,22.67746,21.041374,22.829126,17.782566,17.913282,16.896801,16.773283,21.048634,22.289915,21.058336,22.572271,18.45181,19.10073,4.0,4.0,4.0,0.0,0.0,0.0,0.0,4.0
50662,2023.0,12.0,18.0,19.0,21.151583,22.934568,20.281166,22.797083,21.079077,22.716324,21.071663,22.883839,17.254185,17.647657,17.179308,17.419256,21.120022,22.405266,21.057568,22.543314,20.303778,22.781197,0.0,0.0,0.0,4.0,4.0,0.0,0.0,0.0
50663,2023.0,12.0,18.0,19.0,21.049261,22.696035,18.728697,19.395111,21.047745,22.598198,21.054922,22.77475,20.439299,23.061096,20.317308,22.795675,21.01744,22.15649,21.05685,22.517605,17.98522,17.98894,4.0,4.0,4.0,0.0,0.0,4.0,0.0,0.0
50664,2023.0,12.0,18.0,20.0,21.166977,22.924719,20.270842,22.451761,21.168018,22.831457,21.172878,22.970503,18.539114,19.058554,18.398348,18.721306,21.13551,22.374426,21.210018,22.80203,16.898628,16.65772,0.0,0.0,4.0,4.0,0.0,0.0,0.0,0.0
50665,2023.0,12.0,18.0,20.0,21.067646,22.693575,18.35499,18.485508,21.045658,22.537724,21.055784,22.701727,20.303576,22.563107,17.278717,17.188995,21.055733,22.17688,21.055204,22.468353,16.75624,16.64522,0.0,4.0,4.0,4.0,0.0,0.0,0.0,0.0
50666,2023.0,12.0,18.0,20.0,21.03843,22.5896,17.402277,17.329622,21.049927,22.528322,21.053982,22.674065,20.029491,21.832687,17.017212,16.891586,21.054415,22.144768,21.05361,22.44831,16.644684,16.545067,0.0,4.0,4.0,0.0,0.0,0.0,0.0,0.0
50667,2023.0,12.0,18.0,20.0,21.046127,22.587557,17.212551,17.147758,21.074532,22.580906,21.054897,22.654396,18.175352,18.125961,16.88745,16.772411,21.013659,22.04382,21.054543,22.43336,16.52956,16.441347,0.0,0.0,4.0,0.0,0.0,4.0,0.0,0.0
50668,2023.0,12.0,18.0,20.0,21.044474,22.570198,17.050058,16.979269,21.04311,22.478106,21.05371,22.633152,17.97305,18.359945,16.772392,16.657825,21.061392,22.136913,21.053349,22.415354,16.425045,16.339737,0.0,4.0,4.0,4.0,0.0,0.0,0.0,0.0
50669,2023.0,12.0,18.0,20.0,21.04462,22.55662,17.375633,17.700563,21.048862,22.47549,21.078178,22.683712,20.333263,22.386019,16.680088,16.572083,21.023933,22.019897,21.05341,22.40043,16.340954,16.262018,4.0,4.0,0.0,4.0,0.0,4.0,0.0,0.0
50670,2023.0,12.0,18.0,21.0,21.157173,22.787012,20.278723,22.726885,21.157835,22.700354,21.072283,22.649446,20.04367,21.72377,16.596008,16.489588,21.12754,22.232403,21.05276,22.384714,16.26751,16.192204,4.0,0.0,0.0,0.0,0.0,0.0,0.0,0.0
50671,2023.0,12.0,18.0,21.0,21.063442,22.575886,20.019098,21.911022,21.041864,22.428831,21.072132,22.627705,18.856647,19.279707,16.526657,16.423223,21.052404,22.059973,21.013124,22.264936,16.204819,16.132854,4.0,4.0,0.0,4.0,0.0,0.0,4.0,0.0
50672,2023.0,12.0,18.0,21.0,21.03732,22.484667,20.061415,21.799055,21.047195,22.428162,21.057638,22.607267,20.30438,22.095894,16.469755,16.369831,21.052519,22.041588,21.070847,22.381771,16.150732,16.081709,4.0,4.0,0.0,0.0,0.0,0.0,0.0,0.0
50673,2023.0,12.0,18.0,21.0,21.068459,22.554564,20.054037,21.650755,21.071133,22.485281,21.059172,22.611134,18.98315,19.405838,16.421806,16.32532,21.040333,22.023657,21.060436,22.33363,17.048037,17.81742,4.0,0.0,0.0,4.0,0.0,0.0,0.0,4.0
50674,2023.0,12.0,18.0,21.0,21.035639,22.453371,20.053263,21.55409,21.040558,22.388617,21.033834,22.537945,20.288563,21.996508,16.380527,16.287075,21.041296,22.025864,21.060884,22.309628,20.352217,23.31673,4.0,4.0,4.0,0.0,0.0,0.0,0.0,0.0
50675,2023.0,12.0,18.0,21.0,21.067493,22.5266,20.051834,21.481161,21.070747,22.457623,21.063118,22.615263,18.46604,18.389797,16.72058,16.956177,21.011122,21.944557,21.049128,22.286634,17.798582,17.887718,4.0,0.0,0.0,0.0,4.0,4.0,0.0,0.0
50676,2023.0,12.0,18.0,22.0,21.061022,22.49901,20.068428,21.474434,21.064398,22.429216,21.04631,22.526617,17.529787,17.230068,20.455168,23.146694,21.027422,21.958292,21.050144,22.28452,16.661383,16.470121,0.0,0.0,4.0,0.0,4.0,4.0,0.0,0.0
50677,2023.0,12.0,18.0,22.0,21.035402,22.413729,18.891077,19.14679,21.039482,22.344383,21.04939,22.509617,18.045269,18.475471,20.010323,22.07226,21.055407,22.018944,21.01021,22.17179,16.542332,16.45345,4.0,4.0,4.0,4.0,0.0,0.0,4.0,0.0
50678,2023.0,12.0,18.0,22.0,21.039677,22.41731,20.201746,21.848087,21.044044,22.345245,21.073404,22.558485,20.269115,22.28918,18.095928,18.107525,21.020123,21.909605,21.028244,22.188942,17.288828,17.944366,4.0,4.0,0.0,0.0,0.0,4.0,4.0,4.0
50679,2023.0,12.0,18.0,22.0,21.038668,22.410542,20.043617,21.438614,21.043198,22.33667,21.067627,22.524708,18.341799,18.305317,17.38283,17.362688,21.055037,21.987509,21.06564,22.278635,20.341797,23.09047,0.0,4.0,0.0,0.0,4.0,0.0,0.0,0.0
50680,2023.0,12.0,18.0,22.0,21.065388,22.47794,18.567062,18.543354,21.068092,22.398426,21.067507,22.503044,17.379892,17.102343,20.368217,22.548605,21.049023,21.95769,21.057592,22.24144,18.529959,19.117064,0.0,0.0,0.0,0.0,4.0,0.0,0.0,4.0
50681,2023.0,12.0,18.0,22.0,21.059599,22.453505,18.322992,18.621058,21.062382,22.372444,21.053034,22.48127,17.921583,18.36335,20.018473,21.710327,21.049055,21.941652,21.018208,22.11532,20.314966,22.668846,4.0,0.0,0.0,4.0,4.0,0.0,4.0,0.0
50682,2023.0,12.0,18.0,23.0,21.059597,22.439438,20.246407,22.049168,21.062355,22.357103,21.029367,22.414265,20.292612,22.412777,20.060915,21.603151,21.036985,21.926756,21.025133,22.12133,18.098705,18.087273,0.0,0.0,4.0,0.0,4.0,0.0,4.0,0.0
50683,2023.0,12.0,18.0,23.0,19.873428,20.171535,18.834553,19.14791,19.842245,20.026371,19.706198,19.907957,18.339464,18.34334,18.449938,18.391104,20.057451,20.047018,20.416456,20.947323,17.092527,16.87557,0.0,0.0,0.0,0.0,0.0,0.0,4.0,0.0
50684,2023.0,12.0,18.0,23.0,19.31153,19.393295,18.117254,18.065258,19.214794,19.129694,18.818775,18.522444,17.599344,17.30395,18.224157,18.327301,19.651031,19.495539,19.35208,19.087503,17.00083,16.892105,0.0,0.0,0.0,0.0,4.0,0.0,0.0,0.0
50685,2023.0,12.0,18.0,23.0,19.062944,19.133526,17.873861,17.793125,18.94175,18.836218,18.455643,18.114653,18.145666,18.550564,18.229889,18.407356,19.475203,19.32042,18.916996,18.574778,16.908815,16.820206,0.0,0.0,0.0,4.0,4.0,0.0,0.0,0.0
50686,2023.0,12.0,18.0,23.0,18.876661,18.948341,17.706118,17.62375,18.742268,18.636854,18.433569,18.306238,17.681063,17.619371,18.135193,18.318726,19.333187,19.182688,18.686943,18.352274,16.805454,16.721233,0.0,0.0,0.0,0.0,4.0,0.0,0.0,0.0
50687,2023.0,12.0,18.0,23.0,18.72131,18.794958,17.57014,17.488234,18.575422,18.47205,18.325144,18.236393,17.270128,17.004448,17.578192,17.332256,19.211117,19.064894,18.505613,18.181828,16.7127,16.63141,0.0,0.0,0.0,0.0,0.0,0.0,0.0,0.0
50688,2023.0,12.0,19.0,0.0,18.592186,18.673033,17.458153,17.382038,18.436275,18.340809,18.19318,18.113949,17.66854,17.90233,17.564405,17.503693,19.107298,18.968554,19.549606,20.316473,16.632666,16.556595,0.0,0.0,0.0,4.0,4.0,0.0,4.0,0.0
50689,2023.0,12.0,19.0,0.0,18.47444,18.557743,17.355835,17.28143,18.309294,18.2167,18.069172,17.99323,17.222902,17.012783,17.2537,16.984734,19.01164,18.876213,18.70005,18.515606,16.558739,16.48464,0.0,0.0,0.0,0.0,0.0,0.0,0.0,0.0
50690,2023.0,12.0,19.0,0.0,18.360151,18.436533,17.25428,17.172014,18.18528,18.0848,17.946026,17.862637,16.957626,16.683643,17.012207,16.686537,18.918991,18.7799,18.298933,17.983395,16.487503,16.41033,0.0,0.0,0.0,0.0,0.0,0.0,0.0,0.0
50691,2023.0,12.0,19.0,0.0,18.273422,18.359901,17.179762,17.108152,18.09247,18.004038,17.853123,17.781916,17.611305,18.036066,17.052452,16.89865,18.846632,18.715523,18.159954,17.86015,16.431631,16.359844,0.0,0.0,0.0,4.0,0.0,0.0,0.0,0.0
50692,2023.0,12.0,19.0,0.0,18.187336,18.275497,17.10362,17.033836,17.999378,17.913303,17.759672,17.690914,17.207233,17.154125,17.023453,16.903646,18.774021,18.641607,18.03724,17.742914,16.375988,16.302595,0.0,0.0,0.0,0.0,0.0,0.0,0.0,0.0
50693,2023.0,12.0,19.0,0.0,18.106377,18.19321,17.03123,16.960468,17.911263,17.82444,17.671131,17.601608,16.85249,16.595741,16.951513,16.834791,18.706429,18.571766,18.097897,17.97362,16.32476,16.249422,0.0,0.0,0.0,0.0,0.0,0.0,0.0,0.0
50694,2023.0,12.0,19.0,1.0,18.037975,18.129328,16.970312,16.904278,17.836655,17.755499,17.596153,17.532246,17.3372,17.616526,16.88611,16.774786,18.648489,18.515617,18.056429,17.943798,16.2811,16.20676,0.0,0.0,0.0,4.0,0.0,0.0,0.0,0.0
50695,2023.0,12.0,19.0,1.0,17.973059,18.066566,16.912115,16.848484,17.765802,17.687689,17.524897,17.463974,16.873749,16.653992,16.823301,16.714754,18.59389,18.46127,17.995653,17.887192,16.973438,17.546322,0.0,0.0,0.0,0.0,0.0,0.0,0.0,4.0
50696,2023.0,12.0,19.0,1.0,17.912588,18.007427,17.33041,17.68079,17.69964,17.623669,17.458433,17.399529,16.67373,16.419067,16.764679,16.657896,18.542982,18.410116,17.933565,17.824091,16.469494,16.437092,4.0,0.0,0.0,0.0,0.0,0.0,0.0,0.0
50697,2023.0,12.0,19.0,1.0,17.85494,17.949677,17.03143,17.059322,17.636885,17.561525,17.395578,17.337074,16.729918,16.618324,16.709528,16.603062,18.494867,18.36085,17.87432,17.763645,16.187723,16.000612,0.0,0.0,0.0,0.0,0.0,0.0,0.0,0.0
50698,2023.0,12.0,19.0,1.0,17.799992,17.893688,16.846987,16.782904,17.576609,17.500038,17.335175,17.275286,16.711596,16.614866,16.657375,16.54965,18.449453,18.313747,17.818535,17.706259,16.085367,15.881334,0.0,0.0,0.0,0.0,0.0,0.0,0.0,0.0
50699,2023.0,12.0,19.0,1.0,17.75075,17.845673,16.782314,16.718868,17.523201,17.448547,17.281494,17.223442,16.67023,16.575584,16.609991,16.500626,18.408377,18.272547,17.767878,17.655634,16.149675,16.073858,0.0,0.0,0.0,0.0,0.0,0.0,0.0,0.0
50700,2023.0,12.0,19.0,2.0,17.704432,17.800398,16.729086,16.667168,17.47298,17.40007,17.23088,17.174541,16.628447,16.532675,16.566612,16.45717,18.36974,18.233767,17.72045,17.60822,16.129353,16.050825,0.0,0.0,0.0,0.0,0.0,0.0,0.0,0.0
50701,2023.0,12.0,19.0,2.0,17.661938,17.760017,16.68465,16.626467,17.427513,17.35811,17.18503,17.132187,16.590572,16.495573,16.846535,17.018518,18.33415,18.198929,17.676767,17.565418,16.101395,16.0232,0.0,0.0,0.0,0.0,4.0,0.0,0.0,0.0
50702,2023.0,12.0,19.0,2.0,17.621655,17.721582,16.643202,16.58752,17.38398,17.317247,17.141195,17.09097,16.554873,16.460438,16.60054,16.498943,18.299944,18.16531,17.635256,17.524672,16.074337,15.996393,0.0,0.0,0.0,0.0,0.0,0.0,0.0,0.0
50703,2023.0,12.0,19.0,2.0,17.583677,17.685541,16.605099,16.551832,17.34292,17.278913,17.099987,17.052382,16.52077,16.42713,16.509665,16.402634,18.266575,18.13276,17.595358,17.485828,16.772438,17.333607,0.0,0.0,0.0,0.0,0.0,0.0,0.0,4.0
50704,2023.0,12.0,19.0,2.0,17.546124,17.648397,16.567896,16.515524,17.302399,17.239494,17.05948,17.01281,16.487776,16.39378,16.467655,16.36089,18.233675,18.09958,17.556353,17.44665,16.2908,16.26115,0.0,0.0,0.0,0.0,0.0,0.0,0.0,0.0
50705,2023.0,12.0,19.0,2.0,17.50894,17.610247,16.531246,16.478354,17.262302,17.19899,17.01961,16.972307,16.456179,16.360962,16.74596,16.917692,18.20154,18.06631,17.518549,17.407759,16.016851,15.824531,0.0,0.0,0.0,0.0,4.0,0.0,0.0,0.0
50706,2023.0,12.0,19.0,3.0,17.475546,17.578108,16.498842,16.447803,17.226303,17.16498,16.983871,16.938366,16.428272,16.333492,16.503635,16.404112,18.172472,18.037725,17.48437,17.37421,15.934275,15.736153,0.0,0.0,0.0,0.0,0.0,0.0,0.0,0.0
50707,2023.0,12.0,19.0,3.0,17.441801,17.543238,16.467253,16.417068,17.190865,17.130566,16.948633,16.903992,16.401793,16.30709,16.734894,16.90661,18.144407,18.009884,17.45149,17.341564,16.00028,15.922946,0.0,0.0,0.0,0.0,4.0,0.0,0.0,0.0
50708,2023.0,12.0,19.0,3.0,17.411184,17.51356,16.438702,16.390787,17.158346,17.10049,16.91623,16.873919,16.37792,16.284176,16.491184,16.393995,18.118484,17.985079,17.421158,17.312378,15.989782,15.911344,0.0,0.0,0.0,0.0,0.0,0.0,0.0,0.0
50709,2023.0,12.0,19.0,3.0,17.380106,17.481781,16.409025,16.360832,17.124651,17.066734,16.882673,16.840185,16.35431,16.260319,16.400517,16.292164,18.092348,17.958818,17.390968,17.28209,15.967981,15.889354,0.0,0.0,0.0,0.0,0.0,0.0,0.0,0.0
50710,2023.0,12.0,19.0,3.0,17.367777,17.486422,16.38461,16.340405,17.096275,17.04246,16.85443,16.815937,16.334072,16.24195,16.365437,16.260656,18.069323,17.937902,17.364235,17.257496,16.673374,17.23494,0.0,0.0,0.0,0.0,0.0,0.0,0.0,4.0
50711,2023.0,12.0,19.0,3.0,17.34506,17.465683,16.83868,17.214582,17.066183,17.01365,16.824577,16.78722,16.31354,16.221827,16.624395,16.774763,18.045563,17.914707,17.337019,17.230816,16.198986,16.17386,4.0,0.0,0.0,0.0,4.0,0.0,0.0,0.0
50712,2023.0,12.0,19.0,4.0,17.31965,17.440294,16.56128,16.604578,17.036924,16.985516,16.795809,16.75934,16.29405,16.202719,16.419872,16.334785,18.022474,17.892141,17.31073,17.205019,16.65142,17.096523,0.0,0.0,0.0,0.0,0.0,0.0,0.0,4.0
50713,2023.0,12.0,19.0,4.0,17.29358,17.413269,16.398628,16.354034,17.006807,16.954765,16.766441,16.729061,16.274857,16.183193,16.327314,16.221476,17.999271,17.868706,17.284561,17.178587,16.867561,17.37799,0.0,0.0,0.0,0.0,0.0,0.0,0.0,4.0
50714,2023.0,12.0,19.0,4.0,17.270329,17.391434,16.35963,16.319616,16.981396,16.932636,16.741966,16.70745,16.258198,16.168009,16.589767,16.741755,17.978643,17.849932,17.26118,17.156998,16.196,16.0417,0.0,0.0,0.0,0.0,4.0,0.0,0.0,0.0
50715,2023.0,12.0,19.0,4.0,17.24506,17.36522,16.322786,16.281738,16.953419,16.904636,16.715067,16.680197,16.24059,16.150307,16.36419,16.260538,17.956636,17.827944,17.236656,17.13241,15.992337,15.788675,0.0,0.0,0.0,0.0,0.0,0.0,0.0,0.0
50716,2023.0,12.0,19.0,4.0,17.222425,17.343792,16.294556,16.256088,16.928457,16.882055,16.690954,16.658178,16.224785,16.13567,16.294973,16.19326,17.93654,17.809397,17.21432,17.111586,16.668318,17.129253,0.0,0.0,0.0,0.0,0.0,0.0,0.0,4.0
50717,2023.0,12.0,19.0,4.0,17.198854,17.320108,16.266743,16.229053,16.90256,16.857025,16.6658,16.633715,16.208813,16.120085,16.261284,16.15994,17.91597,17.789429,17.191671,17.089466,16.13815,15.985804,0.0,0.0,0.0,0.0,0.0,0.0,0.0,0.0
50718,2023.0,12.0,19.0,5.0,17.174665,17.294783,16.238441,16.199495,16.875404,16.828945,16.639418,16.606266,16.19295,16.103903,16.229431,16.126698,17.895212,17.768396,17.169043,17.06653,15.948241,15.745183,0.0,0.0,0.0,0.0,0.0,0.0,0.0,0.0
50719,2023.0,12.0,19.0,5.0,17.152987,17.274015,16.21533,16.179235,16.852114,16.808132,16.61664,16.585836,16.759037,17.1802,16.204546,16.103876,17.876637,17.751211,17.148724,17.047533,15.999119,15.912895,0.0,0.0,0.0,4.0,0.0,0.0,0.0,0.0
50720,2023.0,12.0,19.0,5.0,17.130194,17.250645,16.190529,16.154703,16.826979,16.78327,16.59186,16.561321,16.381163,16.330654,16.478834,16.638641,17.857176,17.73198,17.127739,17.02674,15.989391,15.913213,0.0,0.0,0.0,0.0,4.0,0.0,0.0,0.0
50721,2023.0,12.0,19.0,5.0,17.108297,17.228445,16.166807,16.131367,16.802393,16.759134,16.567585,16.537477,16.849218,17.281153,16.604826,16.808983,17.838045,17.713217,17.107264,17.006601,15.96227,15.886418,0.0,0.0,0.0,4.0,4.0,0.0,0.0,0.0
50722,2023.0,12.0,19.0,5.0,17.087116,17.207249,16.144426,16.109556,16.778517,16.736044,16.544153,16.514732,16.321075,16.149776,16.652842,16.86164,17.819288,17.69508,17.087336,16.98726,16.662083,17.226088,0.0,0.0,0.0,0.0,4.0,0.0,0.0,4.0
50723,2023.0,12.0,19.0,5.0,17.065994,17.185818,16.122557,16.08774,16.7546,16.712498,16.52096,16.4917,16.125105,15.895327,16.518166,16.559265,17.800362,17.676508,17.067396,16.967636,16.069538,15.935861,0.0,0.0,0.0,0.0,4.0,0.0,0.0,0.0
50724,2023.0,12.0,19.0,6.0,17.0442,17.16309,16.100681,16.065226,16.730318,16.687868,16.497686,16.467808,16.064222,15.833437,16.183874,15.951793,17.78104,17.657078,17.047218,16.947315,15.865173,15.666448,0.0,0.0,0.0,0.0,0.0,0.0,0.0,0.0
50725,2023.0,12.0,19.0,6.0,21.244854,24.498623,16.0811,16.047102,21.169245,24.516926,21.12725,24.61995,16.14718,16.048117,16.048954,15.788348,22.003113,24.867254,22.476084,26.059324,15.806327,15.61031,0.0,0.0,0.0,0.0,0.0,4.0,4.0,0.0
50726,2023.0,12.0,19.0,6.0,21.004908,23.57902,16.059069,16.026012,21.008717,23.668232,21.01005,23.830982,16.175358,16.087982,16.106596,15.981563,20.939234,22.710716,21.099358,23.330284,15.871861,15.792896,0.0,0.0,0.0,0.0,0.0,0.0,0.0,0.0
50727,2023.0,12.0,19.0,6.0,21.072771,23.425758,16.036863,16.00417,21.076357,23.466743,21.081196,23.620678,16.768896,17.21896,16.13821,16.037703,21.054428,22.696444,21.108267,23.095152,15.888072,15.813243,0.0,0.0,0.0,4.0,0.0,4.0,0.0,0.0
50728,2023.0,12.0,19.0,6.0,21.037924,23.142756,16.016233,15.984691,21.043032,23.157488,21.070995,23.36549,20.34142,23.26067,16.119211,16.021646,21.037186,22.503693,21.066423,22.83458,16.627071,17.219429,0.0,4.0,0.0,4.0,0.0,4.0,0.0,4.0
50729,2023.0,12.0,19.0,6.0,21.06718,23.08686,15.99603,15.965042,21.046673,23.012802,21.070086,23.198713,20.032557,22.231684,16.097326,16.000677,21.036362,22.385746,21.018559,22.603743,20.379446,23.541859,0.0,4.0,0.0,0.0,0.0,4.0,4.0,4.0
50730,2023.0,12.0,19.0,7.0,21.047745,22.898785,15.976584,15.9461155,21.059002,22.89851,21.067839,23.072811,17.988066,17.998333,16.077026,15.98116,21.034311,22.294376,21.036875,22.54171,20.006504,22.354326,0.0,4.0,0.0,0.0,0.0,4.0,4.0,4.0
50731,2023.0,12.0,19.0,7.0,21.04756,22.808176,15.956273,15.925117,21.051777,22.78353,21.062931,22.971537,16.981085,16.701567,16.057362,15.961255,21.031183,22.221563,21.071466,22.56641,20.046263,22.128294,0.0,4.0,0.0,0.0,0.0,4.0,0.0,4.0
50732,2023.0,12.0,19.0,7.0,21.144892,22.950687,15.93681,15.905526,21.112352,22.81559,21.137781,23.037247,16.923668,16.813215,16.03967,15.94396,21.117184,22.357277,21.067715,22.444904,20.1087,22.016703,0.0,4.0,0.0,0.0,0.0,0.0,4.0,4.0
50733,2023.0,12.0,19.0,7.0,21.056412,22.711824,16.421888,16.832417,21.043276,22.622261,21.05192,22.81241,16.85356,16.752811,16.024288,15.930077,21.047005,22.161215,21.065912,22.441227,20.06727,21.825455,4.0,4.0,0.0,0.0,0.0,0.0,0.0,0.0
50734,2023.0,12.0,19.0,7.0,21.18226,22.899488,20.276321,23.387365,21.167143,22.842178,21.167826,23.00022,16.769089,16.675495,16.388828,16.626345,21.128565,22.284384,21.190456,22.647272,18.225828,18.160002,4.0,0.0,0.0,0.0,4.0,0.0,0.0,0.0
50735,2023.0,12.0,19.0,7.0,21.193241,22.88751,20.073439,22.5225,21.161558,22.783464,21.169847,22.964663,16.692858,16.602793,20.347004,23.336456,21.165262,22.305256,21.266768,22.732758,17.303926,17.028801,4.0,0.0,0.0,0.0,0.0,4.0,4.0,0.0
50736,2023.0,12.0,19.0,8.0,21.04376,22.562046,20.072271,22.208921,21.04378,22.487982,21.035429,22.642923,16.630274,16.5444,18.180363,18.622856,21.02786,22.008665,21.028059,22.228388,17.018597,16.746397,4.0,4.0,4.0,0.0,0.0,4.0,4.0,0.0
50737,2023.0,12.0,19.0,8.0,19.971876,20.48752,20.061954,21.975737,19.89285,20.256788,20.027262,20.68741,16.57825,16.496529,17.28595,17.541042,20.33196,20.657812,20.32046,20.854828,16.979519,16.860495,4.0,4.0,4.0,0.0,4.0,4.0,4.0,0.0
50738,2023.0,12.0,19.0,8.0,19.482246,19.948454,20.14686,21.993118,18.725569,18.481443,19.255934,19.571766,17.231613,17.763414,20.322151,22.79911,20.044165,20.335451,19.148298,18.904165,16.906786,16.813988,4.0,0.0,4.0,4.0,4.0,4.0,0.0,0.0
50739,2023.0,12.0,19.0,8.0,18.701408,18.63782,20.075294,21.74738,18.19815,17.850323,18.966568,19.262714,20.33074,23.000923,20.018827,21.894585,19.254614,18.94269,18.58667,18.257814,17.740005,18.486269,0.0,0.0,4.0,0.0,4.0,0.0,0.0,4.0
50740,2023.0,12.0,19.0,8.0,18.917593,19.354963,18.373636,18.39281,18.583565,18.790228,18.814018,19.1152,18.56216,19.084444,20.079031,21.792871,18.829493,18.451221,19.31596,19.858744,21.777365,25.322784,0.0,4.0,4.0,4.0,0.0,0.0,4.0,0.0
50741,2023.0,12.0,19.0,8.0,18.38109,18.327349,17.364351,17.082832,18.707783,18.994816,18.08253,17.856508,20.283207,22.487509,18.633432,18.826513,19.383316,19.66884,18.638773,18.404865,18.734943,18.887558,0.0,4.0,0.0,0.0,4.0,4.0,0.0,0.0
50742,2023.0,12.0,19.0,9.0,17.974041,17.82286,17.23498,17.119066,18.031778,17.791258,17.64846,17.326511,18.239927,18.235182,20.290007,22.088882,19.556162,19.870363,18.165567,17.854856,17.335573,17.120779,0.0,0.0,0.0,0.0,0.0,4.0,0.0,0.0
50743,2023.0,12.0,19.0,9.0,18.479279,18.919436,17.143538,17.070023,17.630493,17.29061,17.445807,17.115149,17.215822,16.939358,18.495184,18.45497,19.53506,19.846441,18.970491,19.535658,17.139004,17.029734,0.0,0.0,0.0,0.0,0.0,4.0,4.0,0.0
50744,2023.0,12.0,19.0,9.0,17.983488,17.937021,17.032284,16.954126,18.148409,18.378622,17.310879,16.975063,17.1528,17.016174,17.891956,17.707014,18.803852,18.486147,18.230772,17.988668,17.035175,16.937994,0.0,4.0,0.0,0.0,0.0,0.0,0.0,0.0
50745,2023.0,12.0,19.0,9.0,18.400976,18.854383,16.926235,16.846306,17.644068,17.395288,17.398308,17.269955,17.083746,16.973904,18.093988,18.263803,18.513494,18.124485,17.911139,17.587662,17.86936,18.614363,0.0,0.0,0.0,0.0,4.0,0.0,0.0,4.0
50746,2023.0,12.0,19.0,9.0,18.51129,19.007908,16.833294,16.75165,17.363716,17.01299,17.38354,17.297327,16.988056,16.882254,20.244087,22.097801,18.378374,17.989521,18.786457,19.355852,20.319214,22.791473,0.0,0.0,0.0,0.0,0.0,0.0,4.0,0.0
50747,2023.0,12.0,19.0,9.0,18.509848,19.0021,16.735046,16.652592,17.22143,16.867132,17.310232,17.226849,16.885168,16.782227,18.719807,18.939438,18.2534,17.867456,19.08402,19.652777,18.07054,18.074419,0.0,0.0,0.0,0.0,0.0,0.0,4.0,0.0
50748,2023.0,12.0,19.0,10.0,18.50047,18.986519,16.661512,16.573832,17.334717,17.190296,17.952812,18.484835,16.807669,16.703606,17.98163,17.835493,19.172737,19.71936,18.183512,17.927675,18.167782,18.630621,0.0,0.0,4.0,0.0,0.0,4.0,0.0,4.0
50749,2023.0,12.0,19.0,10.0,18.488794,18.971663,17.050112,17.35628,17.344465,17.246332,17.547623,17.616877,16.736185,16.631117,18.103498,18.261463,19.15638,19.492945,17.848747,17.511372,20.28959,22.379246,4.0,0.0,0.0,0.0,4.0,4.0,0.0,0.0
50750,2023.0,12.0,19.0,10.0,17.850521,17.791986,20.290157,22.949623,17.990637,18.50625,16.998295,16.719585,16.661774,16.556137,20.253086,22.074795,18.396896,18.078976,17.686758,17.352217,18.234375,18.163599,0.0,4.0,0.0,0.0,4.0,0.0,0.0,0.0
50751,2023.0,12.0,19.0,10.0,17.48599,17.326654,18.366743,18.800982,18.27632,18.859646,16.782757,16.449741,16.595327,16.489395,20.0421,21.482212,18.832817,19.128822,17.56275,17.23154,18.130178,18.596455,0.0,4.0,0.0,0.0,0.0,4.0,0.0,4.0
50752,2023.0,12.0,19.0,10.0,17.339153,17.166693,17.628437,17.991316,18.075644,18.404894,17.60892,18.1015,16.535984,16.429413,18.441051,18.288557,18.330206,18.01415,17.644463,17.500208,20.292374,22.358475,4.0,4.0,4.0,0.0,0.0,0.0,0.0,0.0
50753,2023.0,12.0,19.0,10.0,17.952553,18.400482,20.287703,22.671864,17.384502,17.167187,17.742033,18.087048,16.48194,16.37407,17.498314,17.06873,18.00872,17.628206,18.63264,19.373438,18.960135,19.497194,0.0,0.0,4.0,0.0,0.0,0.0,4.0,4.0
50754,2023.0,12.0,19.0,11.0,17.546604,17.487183,18.227325,18.345938,17.014215,16.672773,17.092093,16.899776,16.43483,16.32628,17.4193,17.205862,18.665857,18.960232,18.837267,19.414904,20.25518,22.119032,0.0,0.0,0.0,0.0,0.0,4.0,4.0,0.0
50755,2023.0,12.0,19.0,11.0,17.2206,17.06196,17.415565,17.443506,16.87244,16.512424,17.40206,17.65737,16.39086,16.280592,17.365904,17.20315,18.902521,19.209192,17.92731,17.675098,19.04648,19.558023,4.0,0.0,4.0,0.0,0.0,4.0,0.0,4.0
50756,2023.0,12.0,19.0,11.0,17.11259,16.93387,20.251642,22.537838,16.7892,16.423698,16.953102,16.752312,16.354244,16.241179,17.26024,17.101707,18.936203,19.235981,17.595104,17.247572,20.222406,21.811083,4.0,0.0,0.0,0.0,0.0,4.0,0.0,0.0
50757,2023.0,12.0,19.0,11.0,18.014317,18.727068,20.03957,21.848494,17.642965,18.120373,17.288723,17.541752,16.315905,16.201183,17.140158,16.98638,18.963203,19.256552,17.446915,17.099413,18.456871,18.313284,0.0,4.0,4.0,0.0,0.0,4.0,0.0,0.0
50758,2023.0,12.0,19.0,11.0,17.504381,17.478851,18.24473,18.23253,17.420273,17.47047,16.903917,16.698406,16.28091,16.164574,17.034565,16.886185,18.269289,17.93061,17.334257,16.987406,18.415586,18.818113,0.0,0.0,0.0,0.0,0.0,0.0,0.0,4.0
50759,2023.0,12.0,19.0,11.0,17.167795,16.985622,17.65973,17.511297,16.932943,16.611776,17.29593,17.52941,16.252893,16.134245,16.955772,16.808102,18.758554,19.012665,17.44372,17.28981,20.21748,21.974903,0.0,0.0,4.0,0.0,0.0,4.0,0.0,4.0
50760,2023.0,12.0,19.0,12.0,17.030169,16.83555,17.91188,18.190395,17.398867,17.624662,16.880234,16.64133,16.222155,16.101532,16.870884,16.72526,18.226564,17.8564,17.459599,17.323305,20.011911,21.427946,4.0,4.0,0.0,0.0,0.0,0.0,0.0,4.0
50761,2023.0,12.0,19.0,12.0,21.241098,24.352064,20.249594,22.310316,21.273441,24.27069,21.118408,24.223902,16.191614,16.06886,16.786777,16.635445,21.211266,23.228512,22.508966,25.759386,20.073402,21.483713,4.0,4.0,0.0,0.0,0.0,0.0,0.0,0.0
50762,2023.0,12.0,19.0,12.0,20.98492,23.38601,20.04512,21.705399,21.014235,23.330025,21.02566,23.537186,16.164047,16.03904,16.711527,16.557426,21.035091,22.701641,21.935738,24.510567,18.405273,18.197016,0.0,4.0,0.0,0.0,0.0,0.0,0.0,0.0
50763,2023.0,12.0,19.0,12.0,21.067907,23.246164,18.292244,18.208809,21.070282,23.157225,21.076038,23.352543,16.14188,16.015495,16.650112,16.496126,21.053545,22.560589,20.922752,22.383287,17.549768,17.147741,0.0,4.0,0.0,0.0,0.0,0.0,0.0,0.0
50764,2023.0,12.0,19.0,12.0,21.076529,23.084936,17.666885,17.606794,21.080328,23.004862,21.062052,23.135628,16.12193,15.993245,16.59034,16.431944,21.045637,22.415981,21.079124,22.609915,17.255548,16.846193,4.0,0.0,0.0,0.0,0.0,0.0,0.0,0.0
50765,2023.0,12.0,19.0,12.0,21.154478,23.095903,20.244612,22.299988,21.15562,23.012533,21.173693,23.207148,16.10498,15.975495,16.538935,16.380922,21.128717,22.487114,21.2013,22.784828,18.283077,18.993303,0.0,0.0,4.0,0.0,0.0,0.0,0.0,4.0
50766,2023.0,12.0,19.0,13.0,21.04833,22.756147,18.614603,18.837154,21.053196,22.680437,21.046375,22.85787,16.088287,15.957241,16.489975,16.33086,21.046577,22.24987,21.053646,22.429972,20.244907,22.18839,4.0,4.0,4.0,0.0,0.0,0.0,0.0,0.0
50767,2023.0,12.0,19.0,13.0,21.164604,22.935177,20.237804,22.189047,21.169367,22.838972,21.164532,23.00971,16.072754,15.940776,16.444347,16.283371,21.13332,22.369932,21.21471,22.708576,18.246223,18.064775,0.0,4.0,0.0,0.0,0.0,0.0,0.0,0.0
50768,2023.0,12.0,19.0,13.0,21.07135,22.68564,18.645372,18.841595,21.07966,22.619852,21.078764,22.75461,16.058323,15.925607,16.403997,16.24298,21.044918,22.149147,21.051386,22.341887,17.309788,16.913471,4.0,0.0,0.0,0.0,0.0,0.0,0.0,0.0
50769,2023.0,12.0,19.0,13.0,21.161894,22.818258,20.236042,22.132702,21.074091,22.559422,21.078794,22.691433,16.04386,15.910229,16.365093,16.202406,21.202387,22.4139,21.051483,22.313887,17.292654,17.125877,0.0,0.0,0.0,0.0,0.0,4.0,0.0,0.0
50770,2023.0,12.0,19.0,13.0,21.026882,22.521088,18.358955,18.278172,21.048738,22.448002,21.03489,22.57144,16.029856,15.895422,16.330055,16.167175,21.034317,22.024778,21.01147,22.18319,17.247524,17.103632,0.0,4.0,4.0,0.0,0.0,4.0,4.0,0.0
50771,2023.0,12.0,19.0,13.0,21.098005,22.624933,17.527292,17.373516,21.145233,22.631556,21.15575,22.788218,16.014936,15.878948,16.293446,16.12718,21.117111,22.175146,21.130655,22.41574,17.139874,16.992882,0.0,0.0,0.0,0.0,0.0,0.0,0.0,0.0
50772,2023.0,12.0,19.0,14.0,21.138477,22.684227,17.339624,17.185589,21.10045,22.453922,21.110058,22.5932,16.00077,15.863853,16.26034,16.093163,21.112959,22.105837,21.125303,22.32848,17.047318,16.900715,0.0,4.0,4.0,0.0,0.0,0.0,0.0,0.0
50773,2023.0,12.0,19.0,14.0,19.434416,19.37468,17.633896,17.88242,19.855925,20.067265,19.277105,19.101574,15.987461,15.850809,16.230967,16.06583,19.6653,19.298183,19.508156,19.193893,16.970772,16.82995,4.0,4.0,0.0,0.0,0.0,0.0,0.0,0.0
50774,2023.0,12.0,19.0,14.0,18.690025,18.351437,20.281013,22.527948,18.771852,18.311296,19.05658,19.085194,15.973765,15.8360615,16.202175,16.03515,19.395424,19.133379,19.139818,18.90983,16.907694,16.765303,0.0,0.0,4.0,0.0,0.0,0.0,0.0,0.0
50775,2023.0,12.0,19.0,14.0,18.610584,18.558199,18.563496,18.893238,18.210873,17.66733,18.353128,17.927502,15.957999,15.819558,16.174435,16.007086,19.275679,19.061604,18.95156,18.759653,16.840801,16.698645,0.0,0.0,0.0,0.0,0.0,0.0,0.0,0.0
50776,2023.0,12.0,19.0,14.0,19.235027,19.870346,18.148558,18.411228,17.958447,17.40564,17.927399,17.400703,15.942015,15.802374,16.510002,16.651255,19.901571,20.382893,18.772312,18.583967,17.662916,18.29212,4.0,0.0,0.0,0.0,4.0,4.0,0.0,4.0
50777,2023.0,12.0,19.0,14.0,19.007978,19.368818,20.23746,22.14975,18.05308,17.803507,17.690813,17.17138,15.924938,15.784334,20.287518,23.06469,18.997763,18.578362,18.611868,18.43024,21.582834,24.872578,4.0,0.0,0.0,0.0,4.0,0.0,0.0,0.0
50778,2023.0,12.0,19.0,15.0,18.200018,17.997335,20.031595,21.554317,18.693798,19.102058,17.757977,17.534561,15.90601,15.764366,20.011158,22.141148,18.491959,17.978304,18.450535,18.275166,19.260077,19.726372,4.0,4.0,0.0,0.0,0.0,0.0,0.0,4.0
50779,2023.0,12.0,19.0,15.0,17.768147,17.460102,20.06129,21.487959,18.300964,18.276941,17.725853,17.559982,15.885117,15.741406,18.214582,18.386154,18.309122,17.792063,18.30594,18.13284,20.278112,22.15338,4.0,0.0,0.0,0.0,0.0,0.0,0.0,0.0
50780,2023.0,12.0,19.0,15.0,17.568857,17.250444,20.07391,21.438576,18.241438,18.337173,17.604975,17.442781,15.863018,15.717015,17.216742,17.04587,18.439077,18.196272,18.176321,18.001144,18.277027,18.074718,0.0,4.0,0.0,0.0,0.0,0.0,0.0,0.0
50781,2023.0,12.0,19.0,15.0,18.450785,19.069304,18.443962,18.249708,18.250013,18.368263,18.176643,18.614386,15.840987,15.692839,16.978374,16.793493,18.452394,18.243605,19.022806,19.692253,17.3206,16.907864,0.0,4.0,4.0,0.0,0.0,0.0,4.0,0.0
50782,2023.0,12.0,19.0,15.0,18.389788,18.774614,18.032532,17.814947,17.57708,17.14758,17.76063,17.756947,15.820896,15.670178,16.858109,16.666798,18.390776,18.181852,18.091007,17.7357,17.30683,17.103388,4.0,0.0,0.0,0.0,0.0,0.0,0.0,0.0
50783,2023.0,12.0,19.0,15.0,18.313856,18.659061,20.227077,21.859377,17.916258,17.955067,17.817547,17.935017,15.800747,15.6475935,16.752045,16.555387,18.324987,18.114223,17.71532,17.257977,18.15491,18.79584,4.0,4.0,4.0,0.0,0.0,0.0,0.0,4.0
50784,2023.0,12.0,19.0,16.0,18.285454,18.620106,20.04529,21.378448,18.073242,18.187824,17.221834,16.81282,15.778581,15.623167,17.009472,17.130644,18.985561,19.421469,17.552849,17.096716,20.276207,22.333193,0.0,4.0,0.0,0.0,4.0,4.0,0.0,0.0
50785,2023.0,12.0,19.0,16.0,18.266207,18.602522,18.721848,18.742447,18.037611,18.149931,17.514921,17.582989,15.755534,15.597087,20.436193,22.866625,18.961721,19.13585,18.729696,19.461426,18.140818,17.923147,4.0,4.0,4.0,0.0,0.0,4.0,4.0,0.0
50786,2023.0,12.0,19.0,16.0,17.600716,17.378033,20.226784,21.815546,17.362383,16.920797,17.69543,17.82973,15.731122,15.569233,18.352373,18.577225,18.898773,19.048439,17.948904,17.586678,17.153082,16.715956,4.0,0.0,4.0,0.0,0.0,4.0,0.0,0.0
50787,2023.0,12.0,19.0,16.0,17.955654,18.27043,20.028744,21.2912,17.66993,17.72523,17.68345,17.812433,15.704764,15.538951,17.192965,16.99949,18.897215,19.038294,17.427164,16.964874,17.122185,16.912909,4.0,4.0,4.0,0.0,0.0,4.0,0.0,0.0
50788,2023.0,12.0,19.0,16.0,18.083935,18.398495,20.058905,21.272118,17.817778,17.91425,17.65846,17.780348,16.406712,16.875654,16.927637,16.707651,18.891645,19.02474,17.271996,16.802584,17.99941,18.646788,4.0,4.0,4.0,4.0,0.0,4.0,0.0,4.0
50789,2023.0,12.0,19.0,16.0,18.073265,18.380934,20.055254,21.212234,17.8013,17.893347,17.630653,17.745218,20.265062,23.368017,16.772928,16.549335,18.209375,17.74034,17.158075,16.686485,20.275724,22.43069,4.0,4.0,4.0,0.0,0.0,0.0,0.0,0.0
50790,2023.0,12.0,19.0,17.0,17.423998,17.173817,20.073359,21.225004,17.134521,16.667917,17.601501,17.70811,17.530302,17.485453,16.648184,16.423746,17.823833,17.267199,17.309734,17.08717,18.070581,17.85059,0.0,0.0,4.0,0.0,0.0,0.0,0.0,0.0
50791,2023.0,12.0,19.0,17.0,17.76128,18.019709,18.497005,18.178215,16.757103,16.183899,17.5692,17.666365,16.174923,15.750368,16.54312,16.321161,17.665009,17.094679,17.343206,17.136118,17.033772,16.564562,0.0,0.0,4.0,0.0,0.0,0.0,0.0,0.0
50792,2023.0,12.0,19.0,17.0,17.22731,16.958158,18.50309,18.580057,17.307556,17.313583,17.536884,17.623726,16.170029,15.944628,16.456825,16.225311,17.559626,16.982506,18.307018,18.984339,17.048948,16.813423,4.0,4.0,4.0,0.0,0.0,0.0,4.0,0.0
50793,2023.0,12.0,19.0,17.0,16.944206,16.556976,20.201588,21.731876,17.457176,17.531218,17.503796,17.581354,16.83864,17.255064,16.374403,16.137749,17.764881,17.484356,17.369587,16.971558,17.91863,18.532335,0.0,4.0,4.0,4.0,0.0,0.0,0.0,4.0
50794,2023.0,12.0,19.0,17.0,17.513742,17.73326,18.811584,18.920956,16.816189,16.321392,16.8241,16.335535,20.370192,23.164957,16.288092,16.049862,17.815865,17.56319,17.93264,18.355371,20.29089,22.488684,0.0,0.0,0.0,4.0,0.0,0.0,4.0,0.0
50795,2023.0,12.0,19.0,17.0,17.738647,18.012852,18.341944,18.507448,17.134306,17.114042,16.44068,15.842588,20.048483,22.209194,16.205194,15.963613,17.768955,17.514809,17.269629,16.823418,18.005335,17.746496,4.0,4.0,0.0,0.0,0.0,0.0,0.0,0.0
50796,2023.0,12.0,19.0,18.0,17.753555,18.017605,20.214811,21.927216,16.683538,16.165752,16.969158,16.947332,17.704935,17.441357,16.123636,15.875915,17.716274,17.45844,16.856342,16.348326,16.933977,16.421286,4.0,0.0,4.0,0.0,0.0,0.0,0.0,0.0
50797,2023.0,12.0,19.0,18.0,21.342985,24.280504,20.040068,21.38516,21.281986,24.397902,21.283342,24.447306,16.51284,15.940634,16.429512,16.510487,21.41882,23.87205,22.191093,25.815798,17.938845,18.601166,4.0,4.0,4.0,0.0,4.0,4.0,4.0,4.0
50798,2023.0,12.0,19.0,18.0,21.087925,23.391321,20.15497,21.496778,21.068935,23.482027,21.07838,23.550653,16.492876,16.229454,20.453686,23.202631,21.070438,22.953613,21.102064,23.360981,21.700329,24.801832,4.0,4.0,4.0,0.0,0.0,4.0,0.0,0.0
50799,2023.0,12.0,19.0,18.0,21.09633,23.167212,20.075777,21.268993,21.080278,23.180473,21.0812,23.234274,16.44878,16.220196,18.109648,18.332903,21.058052,22.67554,21.089666,23.03398,18.742683,18.55716,0.0,4.0,4.0,0.0,0.0,4.0,0.0,0.0
50800,2023.0,12.0,19.0,18.0,21.057238,22.89178,18.71782,18.58755,21.093653,23.012827,21.072056,23.00394,16.321112,16.100079,17.162184,17.22769,21.07972,22.559246,21.080122,22.804873,17.191513,16.62451,4.0,0.0,4.0,0.0,4.0,0.0,0.0,0.0
50801,2023.0,12.0,19.0,18.0,21.087927,22.850037,20.228697,21.689642,21.063803,22.780191,21.071281,22.855228,16.199366,15.9724455,20.431252,22.791828,21.073326,22.410206,21.02222,22.549803,17.149885,16.89306,4.0,4.0,4.0,0.0,4.0,0.0,4.0,0.0
50802,2023.0,12.0,19.0,19.0,21.053108,22.66787,20.029837,21.175858,21.066423,22.677568,21.093014,22.810335,16.09111,15.861893,20.025114,21.80808,21.071117,22.30446,21.08744,22.594131,17.081156,16.841236,4.0,4.0,0.0,0.0,4.0,0.0,0.0,0.0
50803,2023.0,12.0,19.0,19.0,21.085339,22.686176,20.078974,21.215298,21.064928,22.595652,21.061949,22.64335,16.770302,17.223082,20.09528,21.726852,21.02089,22.149864,21.075047,22.481401,16.943033,16.706448,0.0,4.0,4.0,4.0,0.0,4.0,0.0,0.0
50804,2023.0,12.0,19.0,19.0,21.052397,22.545233,18.739748,18.576801,21.089083,22.602594,21.067066,22.592707,20.38744,23.215382,18.019798,17.575424,21.047754,22.141485,21.07581,22.414877,16.821026,16.587284,4.0,0.0,4.0,0.0,0.0,4.0,0.0,0.0
50805,2023.0,12.0,19.0,19.0,21.056952,22.513535,20.227522,21.635717,21.058252,22.4682,21.065804,22.544643,17.536455,17.300407,17.231237,16.890945,21.044321,22.09059,21.056314,22.360674,16.711432,16.477243,4.0,4.0,4.0,0.0,0.0,4.0,0.0,0.0
50806,2023.0,12.0,19.0,19.0,21.05509,22.478699,20.026358,21.13163,21.062147,22.437944,21.064367,22.506598,16.165115,15.584239,17.073421,16.7612,21.043156,22.054031,21.057644,22.346998,16.61257,16.376028,4.0,4.0,4.0,0.0,0.0,4.0,0.0,0.0
50807,2023.0,12.0,19.0,19.0,21.08268,22.527529,20.061615,21.13634,21.06163,22.406874,21.064646,22.478312,16.199133,15.938415,16.882803,16.584976,21.043324,22.026152,21.057503,22.331663,17.462858,18.056368,4.0,4.0,4.0,0.0,0.0,4.0,0.0,4.0
50808,2023.0,12.0,19.0,20.0,21.049896,22.415958,20.075857,21.139538,21.061363,22.381441,21.064217,22.453074,16.176264,15.933549,16.711819,16.42123,21.042992,22.002043,21.05742,22.317842,20.306866,22.761219,0.0,4.0,4.0,0.0,0.0,4.0,0.0,0.0
50809,2023.0,12.0,19.0,20.0,21.081928,22.482233,18.432718,17.966747,21.085896,22.428322,21.063482,22.430136,16.800474,17.204115,16.56173,16.271996,21.04249,21.981247,21.057102,22.304993,18.451189,18.710432,0.0,0.0,4.0,4.0,0.0,4.0,0.0,4.0
50810,2023.0,12.0,19.0,20.0,21.07545,22.448235,17.820505,17.455387,21.05509,22.322664,21.088226,22.479727,20.456888,23.26125,16.42805,16.140137,21.072111,22.041706,21.056786,22.293552,20.389366,22.45104,0.0,4.0,0.0,0.0,0.0,0.0,0.0,0.0
50811,2023.0,12.0,19.0,20.0,21.048372,22.353678,18.106802,18.16617,21.085432,22.386019,21.057213,22.374779,17.547377,17.289177,16.30707,16.020643,21.066568,22.006968,21.017227,22.177824,18.666166,18.884802,4.0,0.0,4.0,0.0,0.0,0.0,4.0,4.0
50812,2023.0,12.0,19.0,20.0,21.053488,22.35304,20.227991,21.997375,21.054054,22.284569,21.087778,22.439342,16.174349,15.578829,16.574154,16.615973,21.06662,21.986248,21.083181,22.300299,20.365768,22.216127,0.0,4.0,0.0,0.0,4.0,0.0,0.0,0.0
50813,2023.0,12.0,19.0,20.0,21.07987,22.418516,18.641764,18.70852,21.08465,22.353258,21.081303,22.406885,16.196949,15.9228945,20.450514,23.09152,21.036161,21.889982,21.071838,22.245155,18.062437,17.631392,0.0,0.0,0.0,0.0,0.0,4.0,0.0,0.0
50814,2023.0,12.0,19.0,21.0,21.074192,22.394518,18.115711,18.226717,21.078459,22.32487,21.081251,22.387966,16.176228,15.928741,18.144545,18.32627,21.07115,21.972645,21.032957,22.11378,17.005314,16.396132,4.0,0.0,0.0,0.0,0.0,0.0,4.0,0.0
50815,2023.0,12.0,19.0,21.0,21.047781,22.309862,20.22967,22.064817,21.055677,22.310257,21.057966,22.372513,16.807663,17.218966,16.837826,16.557308,21.03539,21.870028,21.080082,22.223816,17.031706,16.75908,0.0,0.0,0.0,4.0,0.0,4.0,0.0,0.0
50816,2023.0,12.0,19.0,21.0,21.052954,22.31552,18.952421,19.329258,21.05856,22.332657,21.036045,22.32809,20.41672,23.187735,16.555859,16.260721,21.040648,21.877203,21.071272,22.189585,16.971684,16.719755,4.0,0.0,4.0,0.0,0.0,4.0,0.0,0.0
50817,2023.0,12.0,19.0,21.0,21.184334,22.573463,20.251135,21.904047,21.05818,22.34162,21.066147,22.42634,17.553528,17.276026,16.390404,16.091848,21.135872,22.08271,21.071886,22.17519,16.82883,16.5792,0.0,0.0,0.0,0.0,0.0,0.0,0.0,0.0
50818,2023.0,12.0,19.0,21.0,21.078453,22.372229,18.583836,18.465664,21.0582,22.346804,21.083887,22.422907,16.930025,16.987709,16.256796,15.962513,21.064846,21.925875,21.013056,22.055141,17.623453,18.19194,4.0,0.0,0.0,4.0,0.0,0.0,4.0,4.0
50819,2023.0,12.0,19.0,21.0,21.046501,22.278587,20.23818,21.86964,21.058147,22.348595,21.05605,22.320244,20.463789,22.981213,16.137154,15.841215,21.065239,21.914883,21.081968,22.206507,20.32265,22.681509,4.0,0.0,4.0,0.0,0.0,0.0,0.0,0.0
50820,2023.0,12.0,19.0,22.0,21.078651,22.356815,20.051083,21.346056,21.058062,22.348253,21.060932,22.314583,17.70233,17.377987,16.03097,15.73601,21.014761,21.825775,21.070621,22.167952,17.811077,17.45099,0.0,0.0,4.0,0.0,0.0,4.0,0.0,0.0
50821,2023.0,12.0,19.0,22.0,21.045631,22.261013,18.57886,18.407211,21.057907,22.346613,21.060308,22.303516,16.717964,16.44322,15.942067,15.651822,21.04222,21.867302,21.071503,22.15512,16.66756,16.079405,4.0,0.0,4.0,0.0,0.0,4.0,0.0,0.0
50822,2023.0,12.0,19.0,22.0,21.18855,22.544125,20.238335,21.81098,21.03272,22.274944,21.060396,22.296867,16.556356,16.294073,15.859445,15.569882,21.135452,22.064543,21.05221,22.142324,17.524897,17.987148,0.0,4.0,4.0,0.0,0.0,0.0,0.0,4.0
50823,2023.0,12.0,19.0,22.0,21.050514,22.265118,18.31741,17.919971,21.062963,22.358873,21.085348,22.360023,16.96694,17.222075,16.070919,16.031082,21.064058,21.904394,21.054644,22.162117,20.313662,22.590092,0.0,0.0,0.0,4.0,4.0,0.0,0.0,4.0
50824,2023.0,12.0,19.0,22.0,21.170084,22.524187,18.01434,18.046968,21.170858,22.506472,21.164518,22.504915,21.62333,24.832024,20.48274,23.399961,21.148354,22.041887,21.220425,22.50331,21.179039,23.739033,4.0,4.0,0.0,4.0,4.0,4.0,0.0,0.0
50825,2023.0,12.0,19.0,22.0,21.071547,22.314949,20.259031,22.027918,21.057028,22.247353,21.079014,22.316175,21.455904,24.3613,20.011402,22.24587,21.068901,21.895954,21.05387,22.171528,19.073385,19.2257,0.0,4.0,0.0,0.0,0.0,0.0,0.0,4.0
50826,2023.0,12.0,19.0,23.0,21.071777,22.304922,18.681269,18.77097,21.082098,22.298594,21.055897,22.303007,18.899412,19.003052,17.986525,18.055704,21.033226,21.797268,21.01467,22.070896,20.311937,21.947388,0.0,0.0,0.0,4.0,0.0,4.0,4.0,4.0
50827,2023.0,12.0,19.0,23.0,19.800251,19.896544,17.699263,17.441801,19.279114,18.825453,19.658901,19.645395,17.166075,16.615158,17.151855,17.121687,19.484915,18.856474,19.254662,18.714947,18.795761,18.936867,0.0,0.0,0.0,0.0,4.0,0.0,0.0,4.0
50828,2023.0,12.0,19.0,23.0,19.181433,19.039135,17.436882,17.115377,18.384045,17.537148,18.942482,18.63045,16.665379,16.003016,16.771729,16.506094,18.876678,18.081959,18.559214,17.85152,17.660042,17.09882,0.0,0.0,0.0,0.0,0.0,0.0,0.0,0.0
50829,2023.0,12.0,19.0,23.0,18.89498,18.73999,17.275015,16.948378,18.45286,18.027946,18.62298,18.290123,16.725967,16.403572,16.528257,16.225998,19.385937,19.288643,18.245514,17.547497,17.174717,16.530708,0.0,0.0,0.0,0.0,0.0,4.0,0.0,0.0
50830,2023.0,12.0,19.0,23.0,18.67822,18.52692,17.137598,16.811779,18.352623,18.002777,18.385977,18.056007,16.649237,16.379387,16.372698,16.06979,18.729895,18.053335,18.342892,18.005949,16.893034,16.255968,0.0,0.0,0.0,0.0,0.0,0.0,0.0,0.0
50831,2023.0,12.0,19.0,23.0,18.493416,18.34652,17.014929,16.690678,18.181364,17.839903,18.184368,17.858929,16.506842,16.241402,16.238234,15.93685,18.359333,17.602703,18.26506,17.977438,17.747416,18.111395,0.0,0.0,0.0,0.0,0.0,0.0,0.0,4.0
50832,2023.0,12.0,20.0,0.0,18.329376,18.18531,16.90211,16.578674,18.02182,17.684086,18.005442,17.683023,16.369656,16.105057,16.115816,15.814756,18.155514,17.400003,18.11933,17.832407,16.89591,16.345325,0.0,0.0,0.0,0.0,0.0,0.0,0.0,0.0
50833,2023.0,12.0,20.0,0.0,18.179863,18.03619,16.797195,16.47366,17.873499,17.537203,17.843115,17.52125,16.82371,17.069868,16.002125,15.699808,18.376408,18.016863,17.977888,17.68942,16.486273,15.870343,0.0,0.0,0.0,4.0,0.0,0.0,0.0,0.0
50834,2023.0,12.0,20.0,0.0,18.04968,17.911486,16.704105,16.384466,17.742773,17.41278,17.701542,17.385904,16.332796,16.072481,15.9012985,15.601378,18.35611,18.026108,17.85053,17.564589,16.307266,15.705158,0.0,0.0,0.0,0.0,0.0,0.0,0.0,0.0
50835,2023.0,12.0,20.0,0.0,17.929106,17.793644,16.616087,16.298569,17.620607,17.294353,17.569792,17.257849,16.699736,16.945684,15.8066435,15.507288,18.268133,17.939816,17.73111,17.445671,16.467014,16.19172,0.0,0.0,0.0,4.0,0.0,0.0,0.0,0.0
50836,2023.0,12.0,20.0,0.0,17.82115,17.690992,16.535934,16.222662,17.510632,17.1907,17.451412,17.146126,16.476929,16.401964,15.720977,15.424239,18.926952,19.261864,17.62283,17.340176,16.434132,16.17764,0.0,0.0,0.0,4.0,0.0,4.0,0.0,0.0
50837,2023.0,12.0,20.0,0.0,17.718523,17.589912,16.45825,16.146547,17.405563,17.088291,17.338486,17.035982,15.818009,15.266025,15.638849,15.342114,18.689148,18.648344,17.519594,17.23683,16.348139,16.092415,0.0,0.0,0.0,0.0,0.0,4.0,0.0,0.0
50838,2023.0,12.0,20.0,1.0,17.625633,17.500826,16.38685,16.078577,17.310389,16.99792,17.236145,16.938862,16.126356,16.045933,15.564,15.269121,17.94364,17.29529,17.425413,17.14459,16.265343,16.011292,0.0,0.0,0.0,4.0,0.0,0.0,0.0,0.0
50839,2023.0,12.0,20.0,1.0,17.538065,17.416573,16.319149,16.01424,17.220993,16.912695,17.140072,16.847214,15.639384,15.099939,15.493773,15.200566,17.650734,16.938927,17.336966,17.057663,16.1857,15.933028,0.0,0.0,0.0,0.0,0.0,0.0,0.0,0.0
50840,2023.0,12.0,20.0,1.0,17.451885,17.32983,16.250977,15.945363,17.132395,16.823645,17.045315,16.751753,15.367463,14.770069,15.425179,15.130638,17.503283,16.79187,17.25175,16.97149,16.108269,15.854544,0.0,0.0,0.0,0.0,0.0,0.0,0.0,0.0
50841,2023.0,12.0,20.0,1.0,17.378355,17.264301,16.194586,15.897114,17.058279,16.75905,16.966549,16.68285,15.557332,15.291786,15.670493,15.645838,17.768225,17.443958,17.17686,16.90119,16.040302,15.790883,0.0,0.0,0.0,0.0,4.0,0.0,0.0,0.0
50842,2023.0,12.0,20.0,1.0,17.305843,17.196985,16.137896,15.845284,16.984943,16.69164,16.88898,16.611208,16.129578,16.38813,15.449214,15.192443,17.768084,17.450514,17.104807,16.83208,15.974776,15.728056,0.0,0.0,0.0,4.0,0.0,0.0,0.0,0.0
50843,2023.0,12.0,20.0,1.0,17.23668,17.13226,16.083452,15.79507,16.914875,16.626799,16.815111,16.54251,16.321125,16.62375,15.323682,15.042408,17.718336,17.403116,17.036158,16.766048,16.637543,17.032566,0.0,0.0,0.0,4.0,0.0,0.0,0.0,4.0
50844,2023.0,12.0,20.0,2.0,17.171444,17.071033,16.0313,15.74706,16.848255,16.565237,16.745087,16.477474,15.525277,15.051828,15.258517,14.977575,17.669085,17.356316,16.970892,16.70347,16.12308,15.921698,0.0,0.0,0.0,0.0,0.0,0.0,0.0,0.0
50845,2023.0,12.0,20.0,2.0,17.107498,17.008972,16.47212,16.620495,16.782688,16.50266,16.67644,16.41158,15.184538,14.624225,15.200768,14.920875,17.61915,17.307777,16.90696,16.640694,15.65232,15.140796,4.0,0.0,0.0,0.0,0.0,0.0,0.0,0.0
50846,2023.0,12.0,20.0,2.0,17.047167,16.951946,16.17196,15.999617,16.72113,16.445202,16.612013,16.351164,15.052097,14.496619,15.148909,14.8713255,17.571575,17.26242,16.846708,16.58268,15.478602,14.952439,0.0,0.0,0.0,0.0,0.0,0.0,0.0,0.0
50847,2023.0,12.0,20.0,2.0,16.986425,16.892466,15.9782095,15.706177,16.659863,16.385897,16.547672,16.288738,15.257092,15.018479,15.098563,14.821837,17.524143,17.215986,16.787209,16.524008,15.667323,15.444176,0.0,0.0,0.0,0.0,0.0,0.0,0.0,0.0
50848,2023.0,12.0,20.0,2.0,16.931787,16.843521,16.392115,16.541231,16.60509,16.337395,16.490011,16.237617,15.249284,15.007992,15.053773,14.781246,17.480724,17.176264,16.732708,16.473452,16.371876,16.77712,4.0,0.0,0.0,0.0,0.0,0.0,0.0,4.0
50849,2023.0,12.0,20.0,2.0,16.87707,16.792448,16.109467,15.961847,16.550303,16.286833,16.432533,16.184435,15.205806,14.967156,15.009415,14.739638,17.43738,17.13547,16.678568,16.421953,15.591259,15.122723,0.0,0.0,0.0,0.0,0.0,0.0,0.0,0.0
50850,2023.0,12.0,20.0,3.0,16.822319,16.739485,15.901941,15.645488,16.495502,16.234467,16.375381,16.12957,15.745994,16.023363,15.004233,14.767153,17.393839,17.093208,16.624418,16.368998,15.313885,14.801424,0.0,0.0,0.0,4.0,0.0,0.0,0.0,0.0
50851,2023.0,12.0,20.0,3.0,16.764597,16.68312,15.809264,15.5451355,16.436806,16.177984,16.314135,16.070568,15.41136,15.205799,15.005132,14.798393,17.34676,17.047112,16.566427,16.312222,15.476648,15.248388,0.0,0.0,0.0,0.0,0.0,0.0,0.0,0.0
50852,2023.0,12.0,20.0,3.0,16.704288,16.620153,15.736973,15.467399,16.374924,16.113611,16.249659,16.00348,15.181393,14.941133,15.007261,14.829608,17.298113,16.997177,16.506996,16.25143,15.483549,15.250997,0.0,0.0,0.0,0.0,0.0,0.0,0.0,0.0
50853,2023.0,12.0,20.0,3.0,16.66587,16.599272,15.683844,15.42128,16.32368,16.068615,16.196335,15.956627,15.106854,14.872515,15.005323,14.842273,18.026703,18.415611,16.454254,16.202448,15.433401,15.2043705,0.0,0.0,0.0,0.0,0.0,4.0,0.0,0.0
50854,2023.0,12.0,20.0,3.0,16.622515,16.561333,15.628535,15.366544,16.269629,16.01537,16.139708,15.901025,15.0436325,14.808885,15.006725,14.862452,17.55662,17.302275,16.399906,16.148596,15.380731,15.152156,0.0,0.0,0.0,0.0,0.0,0.0,0.0,0.0
50855,2023.0,12.0,20.0,3.0,16.57165,16.510063,15.57513,15.312813,16.216156,15.961818,16.08378,15.845144,14.998358,14.777722,15.1696005,15.17864,16.982079,16.36044,16.34613,16.094654,15.329007,15.100306,0.0,0.0,0.0,0.0,4.0,0.0,0.0,0.0
50856,2023.0,12.0,20.0,4.0,16.523167,16.463295,15.526567,15.266224,16.165997,15.914021,16.031864,15.795555,15.00576,14.825668,14.978832,14.821774,16.775196,16.140966,16.29531,16.045507,16.010197,16.426903,0.0,0.0,0.0,0.0,0.0,0.0,0.0,4.0
50857,2023.0,12.0,20.0,4.0,16.47362,16.413788,15.477933,15.217929,16.115034,15.86376,15.98008,15.744005,15.005427,14.851627,15.015602,14.910483,17.012928,16.724236,16.244066,15.994523,16.366747,16.863047,0.0,0.0,0.0,0.0,0.0,0.0,0.0,4.0
50858,2023.0,12.0,20.0,4.0,16.428001,16.371048,15.433932,15.177271,16.068253,15.820581,15.933156,15.700166,15.005726,14.874869,15.00724,14.910908,17.046223,16.751196,16.196327,15.949459,15.436941,14.990363,0.0,0.0,0.0,0.0,0.0,0.0,0.0,0.0
50859,2023.0,12.0,20.0,4.0,16.3807,16.324041,15.388733,15.132903,16.019894,15.773259,15.884558,15.652222,15.006546,14.895537,15.008875,14.927382,17.009556,16.715765,16.147364,15.901019,15.759268,15.9297285,0.0,0.0,0.0,0.0,0.0,0.0,0.0,4.0
50860,2023.0,12.0,20.0,4.0,16.334946,16.279264,15.837143,16.010853,15.973085,15.728124,15.837751,15.606663,15.006805,14.912854,15.009016,14.939659,16.9714,16.678751,16.09987,15.854683,15.255326,14.804957,4.0,0.0,0.0,0.0,0.0,0.0,0.0,0.0
50861,2023.0,12.0,20.0,4.0,16.288794,16.232927,15.571883,15.39534,15.925937,15.681594,15.790232,15.559569,15.007609,14.92912,15.0095,14.9513855,16.932552,16.64041,16.052248,15.807328,14.992,14.577092,0.0,0.0,0.0,0.0,0.0,0.0,0.0,0.0
50862,2023.0,12.0,20.0,5.0,16.24245,16.185509,15.350464,15.095104,15.877896,15.63264,15.741509,15.509861,15.013197,14.955727,15.10487,15.133062,16.893373,16.60119,16.00491,15.759902,15.012965,14.688958,0.0,0.0,0.0,0.0,4.0,0.0,0.0,0.0
50863,2023.0,12.0,20.0,5.0,16.19802,16.141262,15.291205,15.044079,15.83796,15.599347,15.7009325,15.475929,15.00701,14.954143,14.992526,14.931498,16.858862,16.571014,15.962846,15.722384,15.776502,16.180655,0.0,0.0,0.0,0.0,0.0,0.0,0.0,4.0
50864,2023.0,12.0,20.0,5.0,16.150852,16.092846,15.241389,14.995634,15.795832,15.560452,15.658666,15.436576,15.008477,14.969354,15.013437,14.984833,16.823362,16.538054,15.919872,15.681873,15.130576,14.68659,0.0,0.0,0.0,0.0,0.0,0.0,0.0,0.0
50865,2023.0,12.0,20.0,5.0,16.109446,16.054302,15.196963,14.95383,15.754268,15.522007,15.616941,15.397751,15.008845,14.981801,15.073109,15.096636,16.788458,16.50571,16.922535,17.607382,15.029614,14.76169,0.0,0.0,0.0,0.0,4.0,0.0,4.0,0.0
50866,2023.0,12.0,20.0,5.0,16.068745,16.015919,15.155132,14.914708,15.714038,15.484425,15.575665,15.359356,15.009108,14.993387,14.998417,14.971267,16.75396,16.473625,16.092,15.67108,15.46408,15.606853,0.0,0.0,0.0,0.0,0.0,0.0,0.0,4.0
50867,2023.0,12.0,20.0,5.0,16.033945,15.988492,15.113799,14.875001,15.673153,15.445141,15.534001,15.319233,15.377484,15.688875,15.013652,15.012462,16.71914,16.440466,15.624136,15.128647,14.933076,14.600401,0.0,0.0,0.0,4.0,0.0,0.0,0.0,0.0
50868,2023.0,12.0,20.0,6.0,16.010027,15.977368,15.075532,14.840032,15.633902,15.409297,16.247396,16.695597,15.567814,15.915125,15.011067,15.017394,16.685966,16.41009,15.502337,15.013244,15.027238,14.823344,0.0,0.0,4.0,4.0,0.0,0.0,0.0,0.0
50869,2023.0,12.0,20.0,6.0,20.985569,24.70022,15.039771,14.808915,20.83114,24.488413,20.690361,24.15089,20.143513,23.721773,15.01169,15.027278,21.444822,24.452791,21.240395,24.759548,15.715129,16.167871,0.0,0.0,0.0,4.0,0.0,4.0,0.0,4.0
50870,2023.0,12.0,20.0,6.0,21.01644,24.162569,15.006084,14.779376,21.014977,24.211508,21.080524,24.28088,20.024437,22.937124,15.047022,15.089053,21.413242,24.133665,22.012863,25.695118,20.406702,24.10135,0.0,0.0,0.0,4.0,4.0,0.0,0.0,4.0
50871,2023.0,12.0,20.0,6.0,21.071228,23.867107,15.002862,14.803482,21.07801,23.900978,21.11858,23.939701,20.120928,22.758957,20.082336,23.43963,21.046412,23.133083,22.77723,26.5876,20.046291,22.878708,0.0,4.0,0.0,0.0,0.0,0.0,0.0,0.0
50872,2023.0,12.0,20.0,6.0,21.087248,23.6666,15.001858,14.820244,21.091198,23.671732,21.085888,23.636639,17.829943,18.035828,17.620306,18.260004,21.094929,23.005236,20.892416,22.85945,17.79602,18.140446,0.0,0.0,0.0,4.0,4.0,0.0,0.0,4.0
50873,2023.0,12.0,20.0,6.0,21.102827,23.476086,15.002869,14.837615,21.085196,23.465284,21.087662,23.468908,21.175318,24.224855,20.281939,23.489546,21.85217,24.081144,21.105661,23.184566,21.660387,25.26147,0.0,0.0,0.0,0.0,4.0,4.0,0.0,4.0
50874,2023.0,12.0,20.0,7.0,21.097084,23.305353,15.002782,14.850812,21.083132,23.31916,21.061182,23.27166,18.472986,18.698109,20.020512,22.585539,20.937782,22.281046,21.03715,22.939299,21.37807,24.265985,0.0,0.0,4.0,4.0,4.0,4.0,4.0,0.0
50875,2023.0,12.0,20.0,7.0,21.074636,23.1851,15.003202,14.862837,21.08117,23.208807,21.087776,23.2535,21.377901,24.52257,20.120731,22.476757,21.07256,22.500668,21.064203,22.898945,17.614222,17.266256,0.0,0.0,0.0,4.0,0.0,4.0,4.0,0.0
50876,2023.0,12.0,20.0,7.0,21.050097,23.055359,15.403733,15.616038,21.079538,23.124193,21.103409,23.166464,19.929127,21.635315,17.825548,17.824518,21.082727,22.49757,21.059526,22.821772,17.443533,17.747795,4.0,0.0,0.0,0.0,4.0,0.0,4.0,4.0
50877,2023.0,12.0,20.0,7.0,21.701536,24.073162,20.228409,23.851913,21.628172,23.913622,21.995625,24.479353,17.714779,17.354366,20.373623,22.789627,21.784203,23.583761,21.72664,23.866774,21.298538,24.540594,4.0,4.0,0.0,0.0,0.0,0.0,4.0,4.0
50878,2023.0,12.0,20.0,7.0,22.055197,24.490328,20.037764,22.901196,21.670628,23.94674,21.632393,23.699404,17.284918,17.358408,17.6844,17.469315,21.588236,23.011742,22.248085,24.568777,19.908583,21.636114,0.0,0.0,4.0,4.0,0.0,4.0,0.0,0.0
50879,2023.0,12.0,20.0,7.0,20.909014,22.405504,17.294222,17.248589,20.944082,22.489275,21.03227,22.703287,20.41082,22.807878,16.508911,16.21981,20.948492,21.894636,21.078178,22.63295,17.727251,17.389347,0.0,4.0,4.0,0.0,0.0,4.0,0.0,0.0
50880,2023.0,12.0,20.0,8.0,21.091389,22.788841,16.560226,16.731253,21.089718,22.770891,21.08056,22.794346,17.764666,17.516907,16.656544,16.734152,21.062569,22.164377,21.086733,22.642288,17.567545,17.872263,4.0,4.0,4.0,0.0,4.0,4.0,0.0,4.0
50881,2023.0,12.0,20.0,8.0,19.526726,19.79646,20.345148,23.38551,19.394585,19.510363,18.84119,18.523489,16.717121,16.463614,20.342093,23.157393,19.893694,19.944506,18.974543,18.577957,21.406454,24.51665,4.0,4.0,0.0,0.0,0.0,4.0,0.0,4.0
50882,2023.0,12.0,20.0,8.0,18.113253,17.718401,20.053795,22.44085,18.512926,18.462196,18.207357,18.121494,16.469263,16.237555,17.98078,18.230652,19.401953,19.426851,19.219181,19.860085,19.902864,21.501863,0.0,4.0,4.0,0.0,0.0,4.0,4.0,4.0
50883,2023.0,12.0,20.0,8.0,18.205887,18.340916,17.90823,18.062454,18.214941,18.16944,17.444944,16.87558,16.24109,16.021675,16.92869,17.017532,18.562984,18.025225,19.02935,19.353523,20.116926,21.87844,4.0,4.0,0.0,0.0,4.0,0.0,4.0,0.0
50884,2023.0,12.0,20.0,8.0,18.211277,18.41922,20.215696,22.734268,18.007193,17.97927,17.576544,17.503471,16.041803,15.829174,20.450182,23.079912,18.784676,18.82884,17.923445,17.49289,17.92467,17.599932,0.0,4.0,4.0,0.0,4.0,4.0,0.0,0.0
50885,2023.0,12.0,20.0,8.0,17.398268,17.037098,17.756958,17.653831,17.204615,16.646158,16.983477,16.441813,15.871439,15.667955,20.03855,22.137663,18.844109,18.916582,18.296246,18.658796,16.821302,16.309769,0.0,0.0,0.0,0.0,4.0,4.0,4.0,0.0
50886,2023.0,12.0,20.0,9.0,16.92469,16.485825,16.597242,16.352854,16.716759,16.070816,16.520647,15.893525,15.721548,15.524414,20.107254,22.073277,18.755188,18.83594,17.525566,17.100126,16.42163,15.90684,0.0,0.0,0.0,0.0,0.0,4.0,0.0,0.0
50887,2023.0,12.0,20.0,9.0,16.70215,16.273792,16.360826,16.1253,16.479095,15.84234,16.296389,15.677917,15.58791,15.392628,17.821035,17.538422,18.004267,17.499826,16.96798,16.469322,17.33592,17.922417,0.0,0.0,0.0,0.0,0.0,0.0,0.0,4.0
50888,2023.0,12.0,20.0,9.0,17.612297,18.161438,16.193584,15.951239,16.619596,16.293379,16.439598,16.12583,15.484224,15.289074,17.110403,16.756596,17.63683,17.03817,16.740616,16.235804,20.333227,23.061228,0.0,0.0,0.0,0.0,0.0,0.0,0.0,0.0
50889,2023.0,12.0,20.0,9.0,17.005444,16.807129,16.018959,15.782219,17.32972,17.693123,16.448252,16.205124,15.377917,15.18618,16.862793,16.574093,17.430136,16.838573,16.551636,16.061287,17.645964,17.483341,0.0,4.0,0.0,0.0,0.0,0.0,0.0,0.0
50890,2023.0,12.0,20.0,9.0,16.566914,16.179838,16.352362,16.511889,17.54122,18.023539,16.365477,16.132515,15.293745,15.102562,16.6287,16.350555,18.066586,18.172302,17.749731,18.483952,16.6843,16.174698,4.0,4.0,0.0,0.0,0.0,4.0,4.0,0.0
50891,2023.0,12.0,20.0,9.0,16.380476,15.989395,20.161663,23.239014,17.215647,17.36357,16.275335,16.048702,15.21533,15.0256195,16.411074,16.139782,18.2039,18.33167,16.804949,16.440363,16.607069,16.349585,0.0,4.0,0.0,0.0,0.0,4.0,0.0,0.0
50892,2023.0,12.0,20.0,10.0,16.519548,16.42913,18.20633,18.911,16.390295,15.926208,16.17976,15.959913,15.84872,16.282473,16.201414,15.947704,17.515089,17.042368,16.269068,15.818289,16.462873,16.251871,4.0,0.0,0.0,4.0,0.0,0.0,0.0,0.0
50893,2023.0,12.0,20.0,10.0,16.527508,16.496323,20.241787,22.792713,16.05754,15.491584,16.104317,15.892483,20.240347,23.79701,16.051731,15.804906,18.00006,18.144499,16.13639,15.688669,16.305973,16.10723,0.0,0.0,0.0,0.0,0.0,4.0,0.0,0.0
50894,2023.0,12.0,20.0,10.0,17.22773,17.878883,17.787956,17.762024,16.590706,16.637629,16.026716,15.826139,17.19273,17.239372,15.905861,15.67823,17.497133,17.047825,16.25182,16.04127,17.085789,17.733564,0.0,4.0,0.0,0.0,0.0,0.0,0.0,4.0
50895,2023.0,12.0,20.0,10.0,16.779295,16.916252,16.613943,16.03096,16.764593,16.919464,15.962505,15.770729,16.013922,15.543903,15.79982,15.58232,17.200476,16.670294,16.25137,16.062113,20.33697,23.306686,0.0,4.0,0.0,0.0,0.0,0.0,0.0,0.0
50896,2023.0,12.0,20.0,10.0,16.888327,17.259687,16.474823,16.182255,16.12301,15.723389,15.896722,15.714667,15.900091,15.666116,15.689308,15.485265,17.06605,16.546665,16.199419,16.01628,17.56475,17.489252,0.0,0.0,0.0,0.0,0.0,0.0,0.0,0.0
50897,2023.0,12.0,20.0,10.0,16.974844,17.379225,16.377974,16.160858,16.55005,16.67798,15.841587,15.666111,15.807731,15.6160755,15.602148,15.404478,17.243788,16.999884,16.154257,15.975369,16.581861,16.11904,0.0,4.0,0.0,0.0,0.0,0.0,0.0,0.0
50898,2023.0,12.0,20.0,11.0,16.995928,17.407764,16.224655,16.024166,16.021904,15.649176,15.790338,15.624002,15.688004,15.510351,15.522097,15.330905,17.258835,17.042168,16.111403,15.938445,17.467602,18.086504,0.0,0.0,0.0,0.0,0.0,0.0,0.0,4.0
50899,2023.0,12.0,20.0,11.0,17.004942,17.420603,16.08704,15.894068,15.745366,15.277615,15.738993,15.5787325,15.581905,15.411606,15.448245,15.261357,17.22178,17.00944,16.068699,15.899079,20.304417,22.957018,0.0,0.0,0.0,0.0,0.0,0.0,0.0,4.0
50900,2023.0,12.0,20.0,11.0,17.0061,17.423368,15.9367075,15.746338,15.618215,15.155743,15.682773,15.525544,15.469843,15.302857,15.367021,15.182236,17.177982,16.96783,16.020962,15.853176,20.044008,22.187645,0.0,0.0,0.0,0.0,0.0,0.0,0.0,0.0
50901,2023.0,12.0,20.0,11.0,16.364477,16.234718,16.27488,16.496098,15.757769,15.542313,15.633688,15.482832,15.377593,15.220078,15.297588,15.1197605,17.138441,16.932943,15.977907,15.814671,17.765915,17.610905,4.0,0.0,0.0,0.0,0.0,0.0,0.0,0.0
50902,2023.0,12.0,20.0,11.0,16.054111,15.80043,20.26948,23.440424,15.78957,15.631044,16.324245,16.817484,15.30488,15.150371,15.240277,15.063713,17.103745,16.900726,15.939722,15.778889,17.792093,18.106941,4.0,0.0,4.0,0.0,0.0,0.0,0.0,4.0
50903,2023.0,12.0,20.0,11.0,15.913513,15.670589,20.02909,22.51644,15.750137,15.600076,15.990016,15.995229,15.230739,15.081776,15.185335,15.012362,17.06718,16.86744,15.899004,15.741166,20.325891,22.617594,4.0,0.0,0.0,0.0,0.0,0.0,0.0,0.0
50904,2023.0,12.0,20.0,12.0,16.563816,16.98342,20.105831,22.392015,16.43326,16.924845,15.435822,15.092882,15.16343,15.019025,15.138035,14.968873,17.793224,18.272272,15.859392,15.704365,17.965233,17.838816,0.0,4.0,0.0,0.0,0.0,4.0,0.0,0.0
50905,2023.0,12.0,20.0,12.0,20.694937,23.977215,17.807575,17.781338,21.283493,25.165316,20.387562,23.825706,15.102609,14.959977,15.098075,14.9335575,21.231606,24.140778,21.419724,25.155535,16.774008,16.34014,0.0,4.0,0.0,0.0,0.0,4.0,0.0,0.0
50906,2023.0,12.0,20.0,12.0,21.085775,24.193277,16.7494,16.58369,21.039072,24.139788,21.058811,24.449617,15.051319,14.911067,15.059916,14.898803,21.311941,23.858767,21.909084,25.545057,16.633745,16.426104,0.0,0.0,4.0,0.0,0.0,0.0,0.0,0.0
50907,2023.0,12.0,20.0,12.0,21.083494,23.873,16.491676,16.333914,21.11411,23.90726,21.075426,24.067038,15.009834,14.87351,15.025392,14.8684635,21.077246,23.11218,20.96702,23.464693,16.511108,16.3273,0.0,0.0,4.0,0.0,0.0,0.0,0.0,0.0
50908,2023.0,12.0,20.0,12.0,21.05307,23.583294,16.776371,17.059988,21.096586,23.612291,21.08667,23.78154,15.003005,14.893387,14.999327,14.852865,21.077757,22.902773,21.094845,23.49216,16.354456,16.178267,4.0,0.0,4.0,0.0,0.0,0.0,0.0,0.0
50909,2023.0,12.0,20.0,12.0,21.139917,23.593508,20.25297,23.104414,21.136919,23.543213,21.13779,23.68798,15.003189,14.914144,15.003617,14.881848,21.350096,23.324986,22.221245,25.395514,17.241133,17.98361,4.0,0.0,0.0,0.0,0.0,0.0,0.0,4.0
50910,2023.0,12.0,20.0,13.0,21.09305,23.366652,20.030874,22.314777,21.08094,23.318022,21.101748,23.457474,15.003227,14.9289055,15.002374,14.893045,21.06017,22.64493,20.925173,22.728092,20.341475,23.185055,4.0,0.0,0.0,0.0,0.0,0.0,0.0,0.0
50911,2023.0,12.0,20.0,13.0,21.545702,23.812218,20.101068,22.240211,21.055485,23.163925,21.099785,23.33487,15.003537,14.940334,15.002552,14.902252,21.429314,23.065487,21.092249,23.012012,17.664185,17.577211,0.0,4.0,0.0,0.0,0.0,0.0,0.0,0.0
50912,2023.0,12.0,20.0,13.0,21.057875,23.062473,18.195074,18.400194,21.082651,23.176327,21.079266,23.240776,15.003304,14.949019,15.002305,14.908764,21.051945,22.467648,21.069954,22.921597,16.44374,16.073036,4.0,0.0,0.0,0.0,0.0,0.0,0.0,0.0
50913,2023.0,12.0,20.0,13.0,21.162153,23.23311,20.255283,22.60732,21.1549,23.212952,21.161161,23.359121,15.003548,14.957547,15.002941,14.91748,21.130716,22.592043,21.186462,23.114096,16.360912,16.188208,4.0,4.0,0.0,0.0,0.0,0.0,0.0,0.0
50914,2023.0,12.0,20.0,13.0,21.092157,23.077724,20.036703,21.985062,21.069626,22.977734,21.052221,23.082844,15.003902,14.965726,15.003263,14.9253,21.054396,22.409515,21.068823,22.839798,16.27959,16.123201,0.0,4.0,4.0,0.0,0.0,0.0,0.0,0.0
50915,2023.0,12.0,20.0,13.0,21.061342,22.966167,17.958479,17.880667,21.071547,22.936028,21.078966,23.076073,15.003669,14.971975,15.002662,14.930037,21.055826,22.38983,21.070864,22.816187,16.168491,16.02492,0.0,4.0,4.0,0.0,0.0,0.0,0.0,0.0
50916,2023.0,12.0,20.0,14.0,21.064901,22.948975,17.49288,17.758202,21.092958,22.95898,21.072485,23.018293,15.004119,14.979491,15.32713,15.542166,21.054083,22.365574,21.06776,22.782913,16.06407,15.925074,4.0,0.0,4.0,0.0,4.0,0.0,0.0,0.0
50917,2023.0,12.0,20.0,14.0,19.506449,19.940228,20.7455,23.277086,19.464268,19.771025,18.85901,18.76721,15.642137,15.855176,20.079105,23.275938,19.6278,19.602846,19.28105,19.321205,15.977722,15.847191,0.0,4.0,0.0,0.0,0.0,0.0,0.0,0.0
50918,2023.0,12.0,20.0,14.0,18.189127,18.036232,19.077255,19.649315,18.63219,18.788132,17.605644,17.193993,15.407339,15.353031,17.936945,18.695683,18.897165,18.694597,18.328735,18.159145,15.895369,15.769074,0.0,4.0,0.0,0.0,4.0,0.0,0.0,0.0
50919,2023.0,12.0,20.0,14.0,18.397137,18.725613,17.742409,17.633406,18.413708,18.567457,17.232874,16.781326,15.145565,15.033611,20.405691,23.022917,19.440239,19.911196,18.016893,17.823717,15.827012,15.702676,0.0,4.0,0.0,0.0,0.0,4.0,0.0,0.0
50920,2023.0,12.0,20.0,14.0,17.770967,17.63097,17.275475,17.123941,18.222387,18.39607,17.169724,16.96539,15.064517,14.954106,18.10846,18.4446,18.862387,18.746447,17.754524,17.570015,15.75483,15.634075,0.0,4.0,0.0,0.0,0.0,0.0,0.0,0.0
50921,2023.0,12.0,20.0,14.0,18.080658,18.448864,17.470737,17.693005,17.45833,17.091795,17.771713,18.231936,15.006509,14.896444,17.037634,16.84981,19.029093,19.239246,18.627941,19.387077,15.691783,15.56944,4.0,0.0,4.0,0.0,0.0,4.0,4.0,0.0
50922,2023.0,12.0,20.0,15.0,18.097303,18.520151,20.221054,22.667355,17.731909,17.853615,17.285265,17.308296,15.005365,14.936576,17.107748,17.241478,18.329472,17.935965,17.635168,17.372986,16.52334,17.183496,0.0,4.0,0.0,0.0,4.0,0.0,0.0,4.0
50923,2023.0,12.0,20.0,15.0,18.016241,18.457237,18.617548,19.224499,17.81951,18.031984,17.28616,17.520906,15.810027,16.16978,20.380066,22.936201,17.911562,17.459558,18.076345,18.616793,20.563005,24.01296,4.0,4.0,4.0,0.0,4.0,0.0,4.0,4.0
50924,2023.0,12.0,20.0,15.0,17.94202,18.39249,20.275543,22.512306,17.095724,16.772085,16.67732,16.390995,15.09306,14.994438,20.054913,22.169071,17.732573,17.285719,17.348621,17.0635,21.080767,24.440535,4.0,0.0,0.0,0.0,0.0,0.0,0.0,4.0
50925,2023.0,12.0,20.0,15.0,17.222183,17.116163,20.050076,21.888496,16.669996,16.25842,16.286564,15.909893,14.998219,14.907927,17.86505,17.764214,17.806257,17.582033,16.87088,16.522316,19.951479,21.969692,0.0,0.0,0.0,0.0,0.0,0.0,0.0,0.0
50926,2023.0,12.0,20.0,15.0,16.807375,16.612478,18.141232,18.111002,17.156057,17.33305,16.125345,15.749627,15.006938,14.964251,16.873173,16.671005,18.594849,19.124435,16.686405,16.340513,17.798605,17.701729,0.0,4.0,0.0,0.0,0.0,4.0,0.0,0.0
50927,2023.0,12.0,20.0,15.0,17.38254,17.84584,17.69099,17.937752,17.34721,17.614847,16.199032,16.02851,15.005996,14.99241,16.627836,16.435041,18.584162,18.873104,16.548025,16.208769,16.726437,16.383265,4.0,4.0,0.0,0.0,0.0,4.0,0.0,0.0
50928,2023.0,12.0,20.0,16.0,16.880888,16.793564,20.237318,22.530352,17.33097,17.609026,16.91002,17.406532,15.006355,15.015405,16.814701,16.980486,17.80438,17.452024,16.596745,16.429897,16.391788,16.05099,4.0,4.0,4.0,0.0,4.0,0.0,0.0,0.0
50929,2023.0,12.0,20.0,16.0,17.244284,17.701849,20.098871,22.016106,16.656885,16.38195,16.566525,16.598845,15.257892,15.140107,20.417778,23.069187,18.231266,18.51659,16.58112,16.441568,16.323002,16.15022,4.0,0.0,0.0,0.0,0.0,4.0,0.0,0.0
50930,2023.0,12.0,20.0,16.0,17.431831,17.933355,20.06931,21.80504,16.279877,15.910732,16.6963,16.990864,15.703781,16.244297,18.152733,18.474627,17.701967,17.36231,16.513685,16.37715,16.224825,16.080992,4.0,0.0,4.0,4.0,0.0,0.0,0.0,0.0
50931,2023.0,12.0,20.0,16.0,17.435966,17.938917,20.064106,21.694477,16.817928,17.040737,16.820518,17.154814,20.312147,24.093098,16.844233,16.70808,18.141788,18.43907,17.459135,18.216873,17.041376,17.743029,4.0,4.0,4.0,0.0,0.0,4.0,4.0,4.0
50932,2023.0,12.0,20.0,16.0,17.436895,17.940325,20.080984,21.67225,17.048727,17.357285,16.831957,17.16855,17.206198,17.41553,16.90493,17.081982,17.618803,17.28612,16.72686,16.5039,20.35874,23.327513,0.0,4.0,4.0,0.0,4.0,0.0,0.0,4.0
50933,2023.0,12.0,20.0,16.0,16.796848,16.752495,18.615644,18.790104,17.06431,17.37959,16.221666,16.032488,15.663322,15.428644,20.421494,23.075344,17.288115,16.898539,16.28525,15.984815,21.548811,24.93647,4.0,4.0,0.0,0.0,4.0,0.0,0.0,0.0
50934,2023.0,12.0,20.0,17.0,17.155052,17.638933,20.233345,22.12034,17.063309,17.38209,15.850034,15.535732,15.471637,15.336072,20.042433,22.140144,17.966564,18.27843,16.15959,15.856605,18.458387,18.523682,4.0,4.0,0.0,0.0,0.0,4.0,0.0,0.0
50935,2023.0,12.0,20.0,17.0,17.320694,17.824518,20.034328,21.595695,17.056108,17.375528,16.405895,16.678963,15.366166,15.246612,17.907194,17.822824,17.471882,17.149963,16.22363,16.07439,16.888584,16.548855,4.0,4.0,4.0,0.0,0.0,0.0,0.0,0.0
50936,2023.0,12.0,20.0,17.0,17.333048,17.843174,20.081928,21.626198,17.046465,17.36713,16.656113,17.004902,15.253962,15.137723,16.9416,16.74685,17.957567,18.293232,16.22629,16.093061,16.668085,16.48872,0.0,4.0,4.0,0.0,0.0,4.0,0.0,0.0
50937,2023.0,12.0,20.0,17.0,17.341618,17.852308,18.365444,18.285238,17.036448,17.358566,16.686893,17.03578,15.161191,15.050312,16.712114,16.527777,18.165483,18.489372,16.18468,16.05423,17.457462,18.131887,0.0,4.0,4.0,0.0,0.0,4.0,0.0,4.0
50938,2023.0,12.0,20.0,17.0,16.70178,16.661215,17.767307,17.57027,17.026384,17.34976,16.699179,17.048237,15.868828,16.44061,16.554602,16.373398,17.469913,17.15025,16.145647,16.015816,20.33304,23.088009,0.0,4.0,4.0,4.0,0.0,0.0,0.0,0.0
50939,2023.0,12.0,20.0,17.0,17.058586,17.540457,17.942577,18.160524,17.015635,17.340464,16.102993,15.932777,20.257154,23.88297,16.3917,16.220821,17.928741,18.243866,16.104805,15.976307,17.803555,17.80885,4.0,4.0,0.0,0.0,0.0,4.0,0.0,0.0
50940,2023.0,12.0,20.0,18.0,17.247557,17.76603,20.222075,22.298475,17.004915,17.330929,16.423296,16.72077,17.26486,17.460258,16.23973,16.071575,17.417896,17.102673,16.06594,15.938401,16.611773,16.30756,4.0,4.0,4.0,0.0,0.0,0.0,0.0,0.0
50941,2023.0,12.0,20.0,18.0,21.340324,24.85249,20.036541,21.724787,21.289421,24.802868,21.21168,24.88085,16.434969,16.787813,16.106386,15.941506,21.974934,25.089056,21.639565,25.382303,16.45394,16.291885,4.0,4.0,4.0,4.0,0.0,4.0,0.0,0.0
50942,2023.0,12.0,20.0,18.0,21.040117,23.844004,20.064772,21.65646,21.042356,23.857056,21.038235,24.053186,20.422354,23.662973,15.995059,15.834936,21.921547,24.655993,22.210655,25.909414,16.342783,16.19705,4.0,0.0,0.0,4.0,0.0,4.0,0.0,0.0
50943,2023.0,12.0,20.0,18.0,21.075344,23.595879,20.077646,21.613369,21.081865,23.593552,21.088932,23.786732,20.020205,22.52803,16.323153,16.540216,20.950716,22.618029,20.90393,23.155695,16.217928,16.078735,0.0,4.0,4.0,4.0,4.0,4.0,4.0,0.0
50944,2023.0,12.0,20.0,18.0,21.094246,23.448982,18.327345,18.197014,21.075426,23.363333,21.080744,23.535288,20.7539,23.534575,20.415941,23.400248,21.091173,22.772808,21.119352,23.390457,16.112726,15.978793,0.0,4.0,4.0,4.0,0.0,0.0,0.0,0.0
50945,2023.0,12.0,20.0,18.0,21.06226,23.215822,17.985281,18.195671,21.073414,23.205956,21.078556,23.364077,19.954792,21.830248,18.02516,18.400917,21.070936,22.615625,21.083977,23.156221,16.024405,15.896001,4.0,4.0,4.0,0.0,0.0,0.0,0.0,0.0
50946,2023.0,12.0,20.0,19.0,21.065496,23.115452,20.230423,22.25876,21.071295,23.089123,21.076366,23.237059,17.848541,17.715212,17.016325,17.203249,21.041965,22.450132,21.085587,23.03391,15.948852,15.825115,4.0,4.0,4.0,0.0,4.0,4.0,0.0,0.0
50947,2023.0,12.0,20.0,19.0,21.088976,23.101784,20.035923,21.670153,21.069405,22.999899,21.098375,23.206373,16.722181,16.331854,20.443659,23.056524,21.045,22.395039,21.031593,22.831776,16.92153,17.730858,4.0,4.0,0.0,0.0,0.0,4.0,4.0,4.0
50948,2023.0,12.0,20.0,19.0,21.082489,23.02142,20.062387,21.598969,21.067743,22.929451,21.067347,23.045713,16.538216,16.344276,18.187916,18.467966,21.072802,22.420982,21.091223,22.901943,20.35969,23.426119,4.0,4.0,4.0,0.0,0.0,0.0,0.0,4.0
50949,2023.0,12.0,20.0,19.0,21.055662,22.894032,20.075327,21.557276,21.066082,22.872278,21.070732,22.991646,17.202608,17.764214,16.93588,16.798082,21.066519,22.361164,21.079489,22.813622,20.013113,22.334812,0.0,4.0,4.0,4.0,0.0,0.0,0.0,4.0
50950,2023.0,12.0,20.0,19.0,21.05983,22.864199,18.399078,18.287773,21.08945,22.893293,21.069136,22.939981,20.276278,22.998053,16.629333,16.460999,21.066166,22.320578,21.079613,22.759373,20.093006,22.24002,0.0,0.0,4.0,0.0,0.0,0.0,0.0,0.0
50951,2023.0,12.0,20.0,19.0,21.084093,22.89998,18.066387,18.280056,21.058855,22.769983,21.092213,22.964474,17.757547,17.745579,16.833275,17.002357,21.051016,22.285952,21.064814,22.711893,17.870964,17.752401,4.0,4.0,0.0,0.0,4.0,0.0,0.0,0.0
50952,2023.0,12.0,20.0,20.0,21.07834,22.853985,20.228111,22.199585,21.063307,22.746906,21.062107,22.845133,16.455315,16.101625,20.446575,23.08926,21.052198,22.279444,21.06575,22.69368,17.758032,18.2519,4.0,4.0,4.0,0.0,0.0,0.0,0.0,4.0
50953,2023.0,12.0,20.0,20.0,21.051737,22.752382,20.051441,21.667273,21.061798,22.71751,21.066092,22.821924,16.311666,16.137047,18.187891,18.471827,21.051497,22.267565,21.064869,22.672037,20.30804,22.670559,0.0,4.0,4.0,0.0,0.0,0.0,0.0,0.0
50954,2023.0,12.0,20.0,20.0,21.08236,22.813578,18.643925,18.831028,21.08563,22.760607,21.064512,22.79235,16.209578,16.061306,16.950089,16.82574,21.051031,22.255138,21.064184,22.65134,17.979046,17.880304,4.0,0.0,4.0,0.0,0.0,0.0,0.0,0.0
50955,2023.0,12.0,20.0,20.0,21.075838,22.778318,20.233679,22.088617,21.055082,22.653284,21.088398,22.836226,16.070618,15.929178,16.646452,16.4762,21.02122,22.16601,21.024927,22.52811,16.873583,16.530172,0.0,4.0,0.0,0.0,0.0,4.0,4.0,0.0
50956,2023.0,12.0,20.0,20.0,21.03429,22.68572,18.706642,18.923977,21.059774,22.64286,21.058155,22.731205,15.951557,15.817488,16.467325,16.300137,21.069263,22.249004,21.044996,22.533794,16.754726,16.590628,4.0,4.0,4.0,0.0,0.0,0.0,4.0,0.0
50957,2023.0,12.0,20.0,20.0,21.08262,22.778448,20.23334,22.100077,21.058544,22.623558,21.063007,22.723354,15.848843,15.719905,16.330173,16.165497,21.061682,22.202452,21.042051,22.503849,16.651728,16.508562,0.0,4.0,4.0,0.0,0.0,0.0,4.0,0.0
50958,2023.0,12.0,20.0,21.0,21.073853,22.737955,18.703474,18.923483,21.05793,22.606644,21.061808,22.706453,15.761445,15.638446,16.216896,16.060274,21.03194,22.098665,21.08063,22.586464,16.51936,16.383236,4.0,4.0,4.0,0.0,0.0,4.0,0.0,0.0
50959,2023.0,12.0,20.0,21.0,21.04803,22.646017,20.230898,22.082426,21.082195,22.658823,21.086077,22.760077,15.684676,15.56549,16.11674,15.963008,21.036264,22.094025,21.072226,22.540453,16.404825,16.274319,4.0,0.0,0.0,0.0,0.0,4.0,0.0,0.0
50960,2023.0,12.0,20.0,21.0,21.05185,22.642044,20.01691,21.504147,21.074368,22.622507,21.078188,22.725166,15.616,15.498664,16.026752,15.874512,21.03446,22.079515,21.070368,22.509361,16.3038,16.175442,4.0,0.0,0.0,0.0,0.0,4.0,0.0,0.0
50961,2023.0,12.0,20.0,21.0,21.051397,22.630943,20.06293,21.500542,21.075806,22.604105,21.079752,22.708391,15.559435,15.446303,16.40222,16.653618,21.034771,22.069122,21.07094,22.485676,16.220177,16.097197,4.0,0.0,0.0,0.0,4.0,4.0,0.0,0.0
50962,2023.0,12.0,20.0,21.0,21.163591,22.863817,20.157698,21.626297,21.167923,22.8015,21.161097,22.885275,16.266214,16.821585,20.310072,23.089602,21.131245,22.268753,21.196924,22.74232,16.14834,16.031437,4.0,0.0,0.0,4.0,0.0,0.0,0.0,0.0
50963,2023.0,12.0,20.0,21.0,21.071623,22.659878,20.054255,21.367851,21.06079,22.588112,21.039955,22.62443,20.424833,23.71217,18.05794,18.402727,21.02899,22.024435,21.058481,22.460005,17.025032,17.744057,4.0,0.0,4.0,0.0,0.0,4.0,0.0,4.0
50964,2023.0,12.0,20.0,22.0,21.071224,22.638933,20.053827,21.330536,21.035805,22.519066,21.069454,22.707129,17.483906,17.561216,16.727419,16.59491,21.064001,22.10311,21.058323,22.456007,20.35732,23.269905,4.0,4.0,0.0,0.0,0.0,0.0,0.0,4.0
50965,2023.0,12.0,20.0,22.0,21.054646,22.617653,20.070791,21.351141,21.066296,22.601517,21.07877,22.687819,16.086548,15.781775,16.458076,16.296608,21.026937,21.994204,21.057587,22.448246,20.029713,22.270308,0.0,0.0,0.0,0.0,0.0,4.0,0.0,0.0
50966,2023.0,12.0,20.0,22.0,21.057438,22.627338,18.541653,18.400536,21.05078,22.514147,21.052643,22.586395,15.986079,15.837386,16.324396,16.170252,21.063126,22.076653,21.057636,22.44048,17.79308,17.68946,0.0,4.0,4.0,0.0,0.0,0.0,0.0,0.0
50967,2023.0,12.0,20.0,22.0,21.056734,22.626623,18.311651,18.552794,21.053577,22.496681,21.057285,22.577538,15.924452,15.795592,16.543581,16.682688,21.026667,21.970339,21.056896,22.43009,16.74908,16.416895,4.0,4.0,4.0,0.0,4.0,4.0,0.0,0.0
50968,2023.0,12.0,20.0,22.0,21.030462,22.553047,20.219658,22.022282,21.077995,22.546757,21.08171,22.631525,15.831427,15.7088585,20.40473,23.131844,21.062622,22.054445,21.056906,22.420525,17.470125,18.0419,0.0,0.0,0.0,0.0,4.0,0.0,0.0,4.0
50969,2023.0,12.0,20.0,22.0,21.062113,22.638634,18.696365,18.895704,21.072361,22.513517,21.075705,22.598827,16.39094,16.842604,20.01333,22.179016,21.026747,21.950434,21.056662,22.410093,21.790686,25.35207,0.0,0.0,0.0,4.0,0.0,4.0,0.0,0.0
50970,2023.0,12.0,20.0,23.0,21.04468,22.548586,17.773407,17.66983,21.072275,22.492695,21.075182,22.576345,20.456104,23.650776,18.148872,18.340979,21.062016,22.034288,21.056097,22.3991,18.629839,18.669182,0.0,0.0,0.0,0.0,0.0,0.0,0.0,0.0
50971,2023.0,12.0,20.0,23.0,19.902086,20.335384,17.93196,18.167166,19.670286,19.814272,19.598392,19.753807,17.836796,18.167013,17.117065,16.991758,19.6598,19.328707,19.598291,19.585482,17.11512,16.805338,4.0,0.0,0.0,0.0,0.0,0.0,0.0,0.0
50972,2023.0,12.0,20.0,23.0,18.847168,18.613962,17.59829,17.570705,18.954502,18.791973,18.859484,18.711945,16.843227,16.705044,16.867393,16.69524,19.107819,18.601273,18.998587,18.800573,16.993103,16.82485,0.0,0.0,0.0,0.0,0.0,0.0,0.0,0.0
50973,2023.0,12.0,20.0,23.0,18.428139,18.132887,17.325155,17.189438,19.332344,19.7535,18.538828,18.374123,16.59562,16.446367,16.707811,16.533613,19.12364,18.870783,18.726826,18.530165,16.88318,16.73965,0.0,4.0,0.0,0.0,0.0,0.0,0.0,0.0
50974,2023.0,12.0,20.0,23.0,18.189905,17.907957,17.1835,17.038391,18.719603,18.656116,18.304453,18.145172,16.422348,16.277985,16.580624,16.412626,19.031809,18.819046,18.516127,18.328424,16.75945,16.62352,0.0,0.0,0.0,0.0,0.0,0.0,0.0,0.0
50975,2023.0,12.0,20.0,23.0,18.239054,18.212183,17.072844,16.930809,18.741581,18.878551,18.800838,19.254728,16.2865,16.147,16.469273,16.306854,18.904514,18.701649,18.337719,18.157808,17.427368,17.988735,0.0,4.0,4.0,0.0,0.0,0.0,0.0,4.0
50976,2023.0,12.0,21.0,0.0,18.16442,18.181437,16.97641,16.838299,18.072506,17.701431,18.281927,18.283123,16.17221,16.038118,16.3703,16.213215,18.78734,18.591423,18.183048,18.010487,16.842297,16.758905,0.0,0.0,0.0,0.0,0.0,0.0,0.0,0.0
50977,2023.0,12.0,21.0,0.0,18.046156,18.067644,16.887873,16.751953,17.72778,17.275442,17.674852,17.285187,16.071812,15.9408655,16.279617,16.125504,18.679104,18.487082,18.04423,17.875965,17.189875,17.568619,0.0,0.0,0.0,0.0,0.0,0.0,0.0,4.0
50978,2023.0,12.0,21.0,0.0,18.689947,19.378393,16.809849,16.678673,17.552258,17.11134,17.42481,17.009087,15.985865,15.860326,16.515295,16.642403,19.37806,19.90508,17.923296,17.762146,16.541365,16.27,0.0,0.0,0.0,0.0,4.0,4.0,0.0,0.0
50979,2023.0,12.0,21.0,0.0,18.55449,19.00479,16.736897,16.60855,17.636269,17.43857,17.491251,17.312532,16.535086,16.968046,16.579786,16.721981,19.243732,19.502989,17.812094,17.655083,16.281187,15.975983,0.0,0.0,0.0,4.0,4.0,4.0,0.0,0.0
50980,2023.0,12.0,21.0,0.0,17.834932,17.701561,16.6708,16.545458,17.59698,17.443323,17.442303,17.30664,16.705833,17.162106,16.278463,16.172308,18.519773,18.157335,17.712008,17.559258,16.165728,15.866798,0.0,0.0,0.0,4.0,0.0,0.0,0.0,0.0
50981,2023.0,12.0,21.0,0.0,17.531448,17.297743,16.607248,16.481972,17.506363,17.355602,17.345234,17.212017,16.540718,16.783577,16.115906,15.968974,18.228958,17.787344,17.617943,17.465998,16.231886,16.101488,0.0,0.0,0.0,4.0,0.0,0.0,0.0,0.0
50982,2023.0,12.0,21.0,1.0,17.40164,17.181053,16.553947,16.434566,18.139307,18.622349,17.261059,17.136847,15.981066,15.757568,16.040873,15.898701,18.106426,17.676172,17.53645,17.387709,16.979725,17.554,0.0,4.0,0.0,0.0,0.0,0.0,0.0,4.0
50983,2023.0,12.0,21.0,1.0,17.514265,17.521791,16.501297,16.384964,17.690453,17.695927,17.178333,17.058245,15.724703,15.433572,15.975616,15.835803,18.220226,18.012442,17.459578,17.311783,17.2194,17.834164,0.0,0.0,0.0,0.0,0.0,0.0,0.0,4.0
50984,2023.0,12.0,21.0,1.0,17.500084,17.542366,16.452017,16.338728,17.18731,16.832148,17.102333,16.985788,16.215622,16.458832,16.245192,16.39528,18.214443,18.03864,17.38974,17.242918,17.101446,17.513409,0.0,0.0,0.0,4.0,4.0,0.0,0.0,4.0
50985,2023.0,12.0,21.0,1.0,17.444265,17.49219,16.406908,16.297688,17.69406,17.910332,17.034063,16.922386,15.761803,15.508311,16.003555,15.882415,18.159433,17.982779,17.326857,17.182327,16.362627,16.11645,0.0,4.0,0.0,0.0,0.0,0.0,0.0,0.0
50986,2023.0,12.0,21.0,1.0,17.388165,17.439182,16.363726,16.257353,17.175983,16.890627,16.969463,16.860966,15.561785,15.279661,15.877693,15.741615,18.10594,17.92995,17.267708,17.124256,16.11068,15.823147,0.0,0.0,0.0,0.0,0.0,0.0,0.0,0.0
50987,2023.0,12.0,21.0,1.0,17.331127,17.382046,16.319742,16.21312,16.916325,16.538568,16.904867,16.795649,15.641137,15.522804,15.824048,15.685566,18.053776,17.876648,17.210802,17.066355,16.000032,15.714084,0.0,0.0,0.0,0.0,0.0,0.0,0.0,0.0
50988,2023.0,12.0,21.0,2.0,17.283468,17.340763,16.284393,16.184143,17.031105,16.875145,16.85248,16.751251,16.246464,16.691051,15.780496,15.646674,18.009575,17.836264,17.162247,17.021524,16.064283,15.932273,0.0,0.0,0.0,4.0,0.0,0.0,0.0,0.0
50989,2023.0,12.0,21.0,2.0,17.236113,17.297033,16.248491,16.152105,17.027796,16.911148,16.799961,16.703255,15.829998,15.765103,15.7396965,15.607985,17.966457,17.795263,17.115242,16.976578,16.830389,17.411964,0.0,0.0,0.0,0.0,0.0,0.0,0.0,4.0
50990,2023.0,12.0,21.0,2.0,17.191744,17.255959,16.21448,16.121878,16.98137,16.871054,16.75069,16.658228,15.524117,15.281614,15.702564,15.572997,17.925976,17.756842,17.071218,16.934525,16.161715,15.966502,0.0,0.0,0.0,0.0,0.0,0.0,0.0,0.0
50991,2023.0,12.0,21.0,2.0,17.148773,17.21516,16.181282,16.091612,16.933575,16.82675,16.703403,16.61383,16.020552,16.298674,15.66781,15.539587,17.887072,17.719173,17.02908,16.893478,15.913218,15.651436,0.0,0.0,0.0,4.0,0.0,0.0,0.0,0.0
50992,2023.0,12.0,21.0,2.0,17.108805,17.17814,16.150131,16.063948,16.888319,16.785582,16.659458,16.573614,15.568134,15.332319,15.636392,15.510184,17.851006,17.685024,16.99013,16.856323,15.834762,15.57958,0.0,0.0,0.0,0.0,0.0,0.0,0.0,0.0
50993,2023.0,12.0,21.0,2.0,17.071344,17.143879,16.120708,16.038334,17.572973,18.112535,16.61815,16.53658,15.408733,15.159839,15.607706,15.483898,17.817307,17.653675,16.953873,16.822298,15.900779,15.781141,0.0,4.0,0.0,0.0,0.0,0.0,0.0,0.0
50994,2023.0,12.0,21.0,3.0,17.034704,17.109653,16.091793,16.01254,17.136393,17.163177,16.577875,16.499634,15.47389,15.356142,15.580513,15.458518,17.78487,17.622953,16.919277,16.789278,15.895016,15.788728,0.0,0.0,0.0,0.0,0.0,0.0,0.0,0.0
50995,2023.0,12.0,21.0,3.0,16.998428,17.074781,16.062973,15.985872,16.705147,16.416765,16.538385,16.462313,15.4730215,15.371361,15.554418,15.433469,17.753368,17.59228,16.886257,16.757061,15.8631935,15.757982,0.0,0.0,0.0,0.0,0.0,0.0,0.0,0.0
50996,2023.0,12.0,21.0,3.0,16.96164,17.036743,16.033905,15.957801,16.570631,16.26152,16.499352,16.424208,15.445327,15.344461,15.529343,15.40893,17.722683,17.562038,16.85443,16.725779,15.831558,15.726698,0.0,0.0,0.0,0.0,0.0,0.0,0.0,0.0
50997,2023.0,12.0,21.0,3.0,16.940697,17.02946,16.009218,15.937614,16.682798,16.56589,16.465958,16.39583,16.007849,16.426363,15.507935,15.390305,17.695097,17.53704,16.825525,16.699303,15.803269,15.700807,0.0,0.0,0.0,4.0,0.0,0.0,0.0,0.0
50998,2023.0,12.0,21.0,3.0,16.916492,17.01073,15.981523,15.91054,16.685999,16.597574,16.429419,16.359737,16.25653,16.756071,15.4854765,15.36826,17.66607,17.508224,16.795494,16.669556,15.774459,15.672187,0.0,0.0,0.0,4.0,0.0,0.0,0.0,0.0
50999,2023.0,12.0,21.0,3.0,16.889917,16.986822,15.958705,15.892298,16.655266,16.572432,16.398895,16.33435,15.599324,15.426563,15.466717,15.352411,17.640577,17.485582,16.768902,16.645638,15.7496395,15.649989,0.0,0.0,0.0,0.0,0.0,0.0,0.0,0.0
51000,2023.0,12.0,21.0,4.0,16.86078,16.95714,15.932295,15.866105,16.619373,16.53686,16.364418,16.299845,15.382222,15.151113,15.446439,15.332425,17.613083,17.458052,16.740711,16.617472,15.723696,15.62407,0.0,0.0,0.0,0.0,0.0,0.0,0.0,0.0
51001,2023.0,12.0,21.0,4.0,16.832144,16.92812,15.90649,15.840587,16.584475,16.502811,16.331642,16.267675,15.444672,15.346025,15.426725,15.312635,17.58632,17.431255,16.713448,16.59025,15.698982,15.599351,0.0,0.0,0.0,0.0,0.0,0.0,0.0,0.0
51002,2023.0,12.0,21.0,4.0,16.804016,16.900217,15.882396,15.818366,16.551981,16.472881,16.301159,16.239437,15.426632,15.332225,15.713927,15.86758,17.560656,17.406403,16.687323,16.56488,15.675655,15.576702,0.0,0.0,0.0,0.0,4.0,0.0,0.0,0.0
51003,2023.0,12.0,21.0,4.0,16.774265,16.86891,15.855404,15.789845,16.516582,16.436295,16.267971,16.204947,15.394699,15.297126,15.839797,16.02836,17.533585,17.378418,16.660227,16.537079,15.651634,15.551954,0.0,0.0,0.0,0.0,4.0,0.0,0.0,0.0
51004,2023.0,12.0,21.0,4.0,16.74683,16.841764,15.832302,15.768288,16.485529,16.407553,16.238958,16.177877,15.367111,15.2704,15.547483,15.442615,17.508444,17.354052,16.634949,16.512508,15.629557,15.530496,0.0,0.0,0.0,0.0,0.0,0.0,0.0,0.0
51005,2023.0,12.0,21.0,4.0,16.719376,16.814255,15.808667,15.745076,16.454185,16.377378,16.209684,16.149452,15.340962,15.244589,15.754187,15.893572,17.483202,17.329214,16.60982,16.487816,16.33836,16.884388,0.0,0.0,0.0,0.0,4.0,0.0,0.0,4.0
51006,2023.0,12.0,21.0,5.0,16.691732,16.785969,15.784689,15.720939,16.422813,16.346378,16.18043,16.120256,15.315893,15.219321,15.550226,15.455115,17.457682,17.303606,16.584593,16.462563,15.85129,15.802048,0.0,0.0,0.0,0.0,0.0,0.0,0.0,0.0
51007,2023.0,12.0,21.0,5.0,16.665133,16.759357,15.761788,15.698661,16.39284,16.317438,16.152641,16.093126,15.880183,16.30055,15.454692,15.3398695,17.43319,17.279827,16.560383,16.438988,15.590337,15.385054,0.0,0.0,0.0,4.0,0.0,0.0,0.0,0.0
51008,2023.0,12.0,21.0,5.0,16.63973,16.734331,15.739676,15.677633,16.36411,16.290129,16.125872,16.067463,15.483076,15.41722,15.422423,15.308729,17.409494,17.257122,16.537031,16.416508,15.504912,15.289657,0.0,0.0,0.0,0.0,0.0,0.0,0.0,0.0
51009,2023.0,12.0,21.0,5.0,16.614065,16.707989,15.716163,15.653601,16.334234,16.259827,16.097706,16.038778,15.355604,15.258445,15.39147,15.277056,17.385233,17.232885,16.513367,16.392893,15.574114,15.481863,0.0,0.0,0.0,0.0,0.0,0.0,0.0,0.0
51010,2023.0,12.0,21.0,5.0,16.591127,16.686657,15.696306,15.636727,16.308792,16.237776,16.0735,16.017736,15.321509,15.227184,15.367249,15.255392,17.363413,17.21318,16.491932,16.37329,16.290878,16.839191,0.0,0.0,0.0,0.0,0.0,0.0,0.0,4.0
51011,2023.0,12.0,21.0,5.0,16.567165,16.663143,15.674962,15.616693,16.282074,16.212536,16.048094,15.993634,15.290992,15.197461,15.343425,15.232532,17.340954,17.19183,16.470093,16.352425,15.692338,15.535826,0.0,0.0,0.0,0.0,0.0,0.0,0.0,0.0
51012,2023.0,12.0,21.0,6.0,16.542686,16.638336,15.653053,15.595319,16.254978,16.185965,16.02244,15.968306,15.264431,15.170797,15.626372,15.782711,17.318151,17.169483,16.448055,16.33076,15.495931,15.28195,0.0,0.0,0.0,0.0,4.0,0.0,0.0,0.0
51013,2023.0,12.0,21.0,6.0,21.177511,24.70522,15.633197,15.577668,21.104553,24.717102,21.021328,24.739258,15.2419615,15.149836,20.05987,23.353422,21.973152,25.015913,21.766949,25.274265,15.550303,15.45169,0.0,0.0,0.0,0.0,0.0,4.0,0.0,0.0
51014,2023.0,12.0,21.0,6.0,21.00692,23.869762,15.613882,15.558435,21.011005,23.946236,21.012157,24.109125,15.222906,15.13147,17.81789,18.35462,20.998474,23.023525,22.442034,26.04193,15.552842,15.458807,0.0,0.0,0.0,0.0,0.0,0.0,0.0,0.0
51015,2023.0,12.0,21.0,6.0,21.055174,23.623297,15.594478,15.538405,21.082617,23.715425,21.087301,23.868042,15.208852,15.118339,16.27348,16.174248,21.012188,22.799883,21.684093,24.115416,15.529155,15.435988,0.0,0.0,0.0,0.0,0.0,4.0,0.0,0.0
51016,2023.0,12.0,21.0,6.0,21.076324,23.46822,15.576874,15.521729,21.07397,23.445906,21.07843,23.586937,15.797426,16.235954,16.353867,16.516167,21.078447,22.778313,21.079672,23.08473,16.280096,16.868996,0.0,0.0,0.0,4.0,4.0,0.0,0.0,4.0
51017,2023.0,12.0,21.0,6.0,21.08498,23.300755,15.559594,15.505114,21.073807,23.26948,21.078241,23.402504,20.655674,24.398714,20.218403,23.203289,21.068037,22.623985,21.065979,22.9409,21.667582,25.856918,0.0,0.0,0.0,0.0,0.0,0.0,0.0,4.0
51018,2023.0,12.0,21.0,7.0,21.080782,23.156464,15.5447,15.48952,21.07153,23.136253,21.075388,23.260342,18.388008,19.246502,18.034657,18.467087,21.066792,22.519753,21.065474,22.847616,19.84226,22.056667,0.0,0.0,0.0,4.0,0.0,0.0,0.0,0.0
51019,2023.0,12.0,21.0,7.0,21.065159,23.050652,15.529788,15.474118,21.069826,23.03576,21.073578,23.153122,20.335182,23.232151,16.66806,16.589216,21.023335,22.36277,21.063927,22.771694,17.635035,17.601404,0.0,0.0,0.0,0.0,0.0,4.0,0.0,0.0
51020,2023.0,12.0,21.0,7.0,21.03963,22.91986,15.988565,16.343086,21.044197,22.890886,21.072147,23.070734,17.758827,17.838959,16.757927,16.96647,21.070477,22.414124,21.06272,22.710844,16.635496,16.371025,4.0,4.0,0.0,0.0,4.0,0.0,0.0,0.0
51021,2023.0,12.0,21.0,7.0,21.90402,24.278902,20.258196,23.624798,21.860062,24.149944,21.783142,24.12323,16.634554,16.516315,20.351984,23.182077,21.826756,23.561544,21.715857,23.745008,17.527418,18.314684,0.0,4.0,4.0,0.0,0.0,0.0,0.0,4.0
51022,2023.0,12.0,21.0,7.0,20.9022,22.375582,18.221182,19.051596,20.911615,22.339348,20.921728,22.491716,16.40566,16.283482,18.435873,19.048054,20.939793,21.916882,20.90877,22.15966,20.326344,22.993458,4.0,4.0,4.0,0.0,4.0,0.0,0.0,0.0
51023,2023.0,12.0,21.0,7.0,21.214745,23.006721,20.307518,23.15872,21.208298,22.927906,21.196024,23.039997,16.248257,16.12884,20.293045,22.752464,21.157028,22.382006,21.235683,22.828081,17.854074,17.838076,4.0,4.0,0.0,0.0,0.0,0.0,0.0,0.0
51024,2023.0,12.0,21.0,8.0,21.96401,24.221207,20.044235,22.311749,21.05204,22.603073,21.050892,22.703903,16.937366,17.547276,18.310371,18.59362,21.630762,23.169813,21.015774,22.360268,17.684698,18.25774,0.0,4.0,4.0,4.0,0.0,0.0,4.0,4.0
51025,2023.0,12.0,21.0,8.0,20.398657,20.933271,18.27764,18.673,19.764193,20.12351,19.18543,19.139097,20.347786,23.343943,17.163988,17.06477,20.833096,21.435032,19.317566,19.127295,20.328388,22.812548,4.0,4.0,0.0,0.0,0.0,4.0,0.0,0.0
51026,2023.0,12.0,21.0,8.0,18.891932,18.814455,20.298098,22.662138,18.515581,18.249958,18.75518,18.986683,18.284504,18.837893,16.852367,16.705256,20.089417,20.364288,18.46224,18.121685,18.02075,18.032288,0.0,0.0,4.0,4.0,0.0,4.0,0.0,0.0
51027,2023.0,12.0,21.0,8.0,19.005243,19.426838,18.51037,18.918919,18.612574,18.811846,18.076958,17.837679,20.326757,22.889557,16.668457,16.525764,19.880398,20.152828,18.135994,17.795284,16.950655,16.712778,4.0,4.0,0.0,0.0,0.0,4.0,0.0,0.0
51028,2023.0,12.0,21.0,8.0,18.404259,18.344843,20.28294,22.490082,18.6612,18.940865,18.255177,18.502007,18.521378,19.028505,16.52646,16.38772,19.080664,18.76469,18.061378,17.88571,16.78382,16.654879,4.0,4.0,4.0,4.0,0.0,0.0,0.0,0.0
51029,2023.0,12.0,21.0,8.0,17.944166,17.790215,20.027096,21.812963,17.946228,17.707855,17.713045,17.49774,20.295084,22.568356,16.408941,16.276375,18.639708,18.256693,17.955061,17.808239,17.5986,18.313145,4.0,0.0,0.0,4.0,0.0,0.0,0.0,4.0
51030,2023.0,12.0,21.0,9.0,17.735195,17.590364,20.083092,21.822117,18.179787,18.425602,17.963556,18.241785,20.021915,21.83767,16.312416,16.186728,19.191298,19.486391,18.867847,19.660215,20.315523,22.863895,0.0,4.0,4.0,4.0,0.0,4.0,4.0,4.0
51031,2023.0,12.0,21.0,9.0,18.490185,19.175514,18.653461,18.973131,17.687517,17.470774,17.47202,17.282646,20.084034,21.848396,16.61652,16.833424,18.654064,18.363626,18.072472,17.882128,20.014584,21.989649,4.0,0.0,0.0,0.0,4.0,0.0,0.0,4.0
51032,2023.0,12.0,21.0,9.0,18.554585,19.099863,20.227674,22.204468,17.971796,18.24184,17.09763,16.822714,18.2143,18.150133,20.462048,23.245491,19.042421,19.365572,17.573137,17.29918,21.166428,23.637047,4.0,4.0,0.0,0.0,4.0,4.0,0.0,0.0
51033,2023.0,12.0,21.0,9.0,17.84574,17.840406,20.031355,21.664972,18.137857,18.484749,16.944445,16.670246,17.241518,16.955835,20.000729,22.148327,19.213251,19.555721,17.408405,17.13436,18.287365,18.238464,4.0,4.0,0.0,0.0,4.0,4.0,0.0,0.0
51034,2023.0,12.0,21.0,9.0,17.466473,17.359768,20.077097,21.674004,17.468828,17.25454,16.982897,16.868946,17.054905,16.899887,20.088654,22.046072,19.212015,19.557814,17.425652,17.290052,17.302696,17.037766,0.0,0.0,0.0,0.0,0.0,4.0,0.0,0.0
51035,2023.0,12.0,21.0,9.0,17.32468,17.22153,18.450401,18.486538,17.138704,16.863922,17.661531,18.189468,16.912199,16.782658,18.190845,18.19091,18.507309,18.240685,17.393713,17.276478,17.004435,16.743885,0.0,0.0,4.0,0.0,0.0,0.0,0.0,0.0
51036,2023.0,12.0,21.0,10.0,17.390348,17.447203,17.855259,17.7381,17.692865,18.000635,17.876398,18.481749,16.785753,16.661749,17.537884,17.352715,18.227596,17.88553,17.337698,17.22554,17.893723,18.588236,0.0,4.0,4.0,0.0,0.0,0.0,0.0,4.0
51037,2023.0,12.0,21.0,10.0,18.117334,18.858692,17.637247,17.540552,17.253918,17.124386,17.737017,18.158709,16.670183,16.55434,17.354479,17.19367,18.864748,19.198952,17.282253,17.174337,20.297485,22.7089,0.0,0.0,4.0,0.0,0.0,4.0,0.0,0.0
51038,2023.0,12.0,21.0,10.0,18.194078,18.783768,17.41057,17.321234,16.922401,16.680828,17.688622,18.095285,16.552837,16.444725,17.526485,17.700241,18.373823,18.121904,17.223457,17.1165,18.786392,19.409796,0.0,0.0,4.0,0.0,4.0,0.0,0.0,4.0
51039,2023.0,12.0,21.0,10.0,18.168676,18.737541,17.254208,17.16295,16.961254,16.850864,17.094818,16.990526,16.466673,16.36211,20.287136,22.555819,18.117174,17.790215,17.17574,17.06971,21.397306,24.23595,0.0,0.0,0.0,0.0,0.0,0.0,0.0,0.0
51040,2023.0,12.0,21.0,10.0,18.18238,18.758171,17.54302,17.844677,17.662973,18.20101,16.744741,16.528845,16.378862,16.281,18.497225,18.781492,18.75958,19.112604,17.12727,17.02343,18.912598,18.990267,4.0,4.0,0.0,0.0,0.0,4.0,0.0,0.0
51041,2023.0,12.0,21.0,10.0,18.18632,18.763334,20.284836,22.641226,17.279497,17.365246,17.31283,17.670696,16.312574,16.21758,17.651323,17.501104,18.933857,19.326357,17.088186,16.985523,17.94431,17.647638,4.0,0.0,4.0,0.0,0.0,4.0,0.0,0.0
51042,2023.0,12.0,21.0,11.0,17.538044,17.550177,20.017818,21.839857,17.49056,17.890179,16.94126,16.838135,16.245209,16.154497,17.361193,17.20326,18.243532,17.9904,17.047615,16.946482,17.691324,17.53321,4.0,4.0,0.0,0.0,0.0,0.0,0.0,0.0
51043,2023.0,12.0,21.0,11.0,17.204935,17.141115,20.060102,21.75128,17.030079,16.92634,17.321617,17.721832,16.185062,16.097569,17.166088,17.01243,17.949656,17.646242,17.010538,16.910492,18.41649,19.106909,4.0,0.0,4.0,0.0,0.0,0.0,0.0,4.0
51044,2023.0,12.0,21.0,11.0,17.094044,17.037981,20.05372,21.622921,17.392962,17.771597,17.50824,17.937906,16.13313,16.04927,17.017567,16.874563,17.853374,17.552803,17.980965,18.76683,20.24893,22.225525,4.0,4.0,4.0,0.0,0.0,0.0,4.0,0.0
51045,2023.0,12.0,21.0,11.0,17.737097,18.317408,20.070463,21.589396,17.008938,16.927382,16.948128,16.870481,16.08692,16.005465,16.89274,16.756454,17.926445,17.773857,17.341944,17.215996,18.340002,18.33098,0.0,0.0,0.0,0.0,0.0,0.0,0.0,0.0
51046,2023.0,12.0,21.0,11.0,17.96696,18.570215,18.529043,18.574467,17.360348,17.74792,17.286268,17.678478,16.04734,15.968455,16.790987,16.664131,17.940771,17.813147,16.957941,16.748383,17.423658,17.185932,0.0,4.0,4.0,0.0,0.0,0.0,0.0,0.0
51047,2023.0,12.0,21.0,11.0,18.000692,18.602278,17.954453,17.8506,17.518608,17.955751,16.822216,16.734816,16.017363,15.939531,16.715954,16.59247,17.909897,17.78259,16.872643,16.655872,17.30591,17.168104,0.0,4.0,0.0,0.0,0.0,0.0,0.0,0.0
51048,2023.0,12.0,21.0,12.0,18.025248,18.626553,17.74248,17.657429,17.556805,17.991428,17.27713,17.68886,15.990978,15.915225,17.037252,17.260094,18.633059,19.1788,16.929016,16.82202,17.198978,17.080221,0.0,4.0,4.0,0.0,4.0,4.0,0.0,0.0
51049,2023.0,12.0,21.0,12.0,21.32966,24.363394,17.999825,18.303797,21.308651,24.472294,21.300852,24.597324,15.96726,15.893015,20.302599,22.8957,21.154198,23.494469,22.327055,25.89719,17.085945,16.971653,4.0,4.0,4.0,0.0,4.0,0.0,0.0,0.0
51050,2023.0,12.0,21.0,12.0,21.03618,23.449303,20.267319,22.317652,21.011787,23.47414,21.01199,23.585897,16.703896,17.299234,20.016626,21.986233,21.013754,22.849749,20.873463,22.995588,16.974775,16.865444,0.0,4.0,4.0,4.0,0.0,4.0,0.0,0.0
51051,2023.0,12.0,21.0,12.0,21.057714,23.231987,18.666662,18.993883,21.070553,23.312014,21.097174,23.479292,20.360483,23.461813,18.378817,18.593763,21.04392,22.677584,21.094463,23.185423,16.883812,16.780148,0.0,4.0,0.0,0.0,0.0,4.0,0.0,0.0
51052,2023.0,12.0,21.0,12.0,21.05368,23.060873,17.690062,17.673834,21.060114,23.10049,21.058348,23.179255,17.806873,17.96684,17.455818,17.355219,21.037575,22.502737,21.05927,22.936142,16.808798,16.710096,0.0,4.0,4.0,0.0,0.0,4.0,0.0,0.0
51053,2023.0,12.0,21.0,12.0,21.075521,23.00778,17.391884,17.31268,21.054564,22.95351,21.058239,23.039087,16.623524,16.444574,17.197874,17.058157,21.032536,22.375969,21.057281,22.800882,16.7441,16.648209,0.0,4.0,4.0,0.0,0.0,4.0,0.0,0.0
51054,2023.0,12.0,21.0,13.0,21.106129,22.936205,17.222822,17.138863,21.120382,22.969343,21.165693,23.161732,16.505049,16.406578,17.051207,16.911682,21.073812,22.361507,21.063549,22.665815,16.690805,16.599157,0.0,4.0,0.0,0.0,0.0,4.0,4.0,0.0
51055,2023.0,12.0,21.0,13.0,21.04073,22.756823,17.581171,17.931509,21.045078,22.748817,21.064016,22.875813,16.432901,16.340565,16.943316,16.815128,21.026974,22.207539,21.070948,22.638367,16.645298,16.557434,4.0,4.0,0.0,0.0,0.0,4.0,0.0,0.0
51056,2023.0,12.0,21.0,13.0,21.167027,22.980791,20.27883,22.620035,21.176981,22.953674,21.167957,23.002401,17.16239,17.785854,16.84511,16.721226,21.134048,22.388977,21.1859,22.796616,16.604013,16.519594,0.0,4.0,4.0,4.0,0.0,0.0,0.0,0.0
51057,2023.0,12.0,21.0,13.0,21.067038,22.732365,18.53769,18.921503,21.051691,22.65223,21.05536,22.72998,20.333769,23.139206,16.762825,16.643412,21.054214,22.177944,21.064308,22.491707,16.566664,16.484201,0.0,4.0,4.0,0.0,0.0,0.0,0.0,0.0
51058,2023.0,12.0,21.0,13.0,21.066553,22.691666,17.483644,17.481895,21.051199,22.613115,21.079142,22.762787,17.947014,18.056498,16.692793,16.5774,21.054007,22.137465,21.053513,22.444159,16.533558,16.453074,0.0,4.0,0.0,0.0,0.0,0.0,0.0,0.0
51059,2023.0,12.0,21.0,13.0,21.027914,22.584467,17.21344,17.156837,21.05005,22.578472,21.073067,22.71577,16.819836,16.614456,16.629038,16.51648,21.042421,22.102922,21.053907,22.420206,17.520494,18.35152,0.0,4.0,0.0,0.0,0.0,0.0,0.0,4.0
51060,2023.0,12.0,21.0,14.0,21.045784,22.591919,17.515615,17.845081,21.074034,22.617266,21.048174,22.61512,16.691832,16.578499,16.572166,16.462881,21.04332,22.091953,21.053186,22.396618,20.294073,22.904768,4.0,0.0,4.0,0.0,0.0,0.0,0.0,0.0
51061,2023.0,12.0,21.0,14.0,19.979431,20.525124,20.292067,22.678093,19.42601,19.426376,19.3336,19.336353,16.62062,16.521652,16.51829,16.409489,19.920937,19.920694,19.65956,19.695038,18.042973,18.11584,0.0,0.0,0.0,0.0,0.0,0.0,0.0,0.0
51062,2023.0,12.0,21.0,14.0,19.484339,19.974123,18.849464,19.526144,18.460268,18.1874,18.348806,18.09491,17.275156,17.832516,16.472034,16.364964,19.332384,19.177036,18.915916,18.78483,17.049585,16.87574,4.0,0.0,0.0,4.0,0.0,0.0,0.0,0.0
51063,2023.0,12.0,21.0,14.0,18.737597,18.695282,20.2095,22.10277,19.01006,19.458387,18.892473,19.364801,20.31953,23.053997,16.435621,16.328,19.144087,18.971893,18.671932,18.521225,17.880392,18.591408,4.0,4.0,4.0,0.0,0.0,0.0,0.0,4.0
51064,2023.0,12.0,21.0,14.0,18.289745,18.172916,20.04797,21.648577,18.443928,18.326778,18.29448,18.17468,17.997593,18.104845,16.397484,16.290913,18.983303,18.816416,18.465977,18.320354,20.309338,22.64742,0.0,0.0,0.0,0.0,0.0,0.0,0.0,0.0
51065,2023.0,12.0,21.0,14.0,18.06403,17.943296,18.787067,19.106907,17.910755,17.635725,18.404379,18.7026,16.883522,16.675047,16.362135,16.257343,18.84389,18.681051,18.290447,18.149246,18.860426,19.471733,4.0,0.0,4.0,0.0,0.0,0.0,0.0,4.0
51066,2023.0,12.0,21.0,15.0,18.087418,18.132374,20.215807,21.861107,17.708612,17.40833,18.462513,18.819332,16.779999,16.65232,16.331839,16.22664,18.741272,18.579378,18.163942,18.024193,20.297096,22.070482,4.0,0.0,4.0,0.0,0.0,0.0,0.0,0.0
51067,2023.0,12.0,21.0,15.0,18.017183,18.083223,20.046198,21.454607,18.394651,18.86344,17.832502,17.698133,16.694872,16.584368,16.298382,16.193062,19.411074,19.948128,19.067064,19.84888,18.403439,18.35164,0.0,4.0,0.0,0.0,0.0,4.0,4.0,0.0
51068,2023.0,12.0,21.0,15.0,17.917292,17.996437,18.887442,19.156935,18.081797,18.140646,17.420269,17.162292,16.592453,16.485582,16.266142,16.161304,19.640423,20.20626,18.289938,18.106613,17.507444,17.251469,4.0,0.0,0.0,0.0,0.0,4.0,0.0,0.0
51069,2023.0,12.0,21.0,15.0,17.837027,17.916828,20.20012,21.70417,18.243801,18.541008,17.257395,16.977118,16.515085,16.407396,16.23554,16.126385,18.766075,18.513103,17.906805,17.609861,17.391916,17.242722,4.0,4.0,0.0,0.0,0.0,0.0,0.0,0.0
51070,2023.0,12.0,21.0,15.0,18.498514,19.239182,20.045805,21.354086,18.319628,18.656937,17.284224,17.167295,16.433752,16.32739,16.20204,16.090511,19.111122,19.446394,17.726454,17.428562,17.26876,17.13973,0.0,4.0,0.0,0.0,0.0,4.0,0.0,0.0
51071,2023.0,12.0,21.0,15.0,18.704124,19.44602,18.613869,18.574892,18.287504,18.62386,17.943455,18.46109,16.361988,16.258333,16.170568,16.058052,19.263397,19.592861,17.729544,17.574875,17.132063,17.009657,0.0,4.0,4.0,0.0,0.0,4.0,0.0,0.0
51072,2023.0,12.0,21.0,16.0,18.51494,19.035637,18.110916,17.975819,18.256056,18.587801,18.13594,18.71707,16.30418,16.19864,16.523016,16.740334,19.266495,19.590002,17.68688,17.551676,17.024414,16.899513,0.0,4.0,4.0,0.0,4.0,4.0,0.0,0.0
51073,2023.0,12.0,21.0,16.0,18.472685,18.983686,17.918318,17.808453,18.226683,18.55601,17.963177,18.336727,16.253592,16.15092,20.214537,23.056843,19.262999,19.58104,17.619698,17.490063,16.933113,16.814398,0.0,4.0,4.0,0.0,0.0,4.0,0.0,0.0
51074,2023.0,12.0,21.0,16.0,18.456413,18.96742,17.706408,17.598286,18.193687,18.519304,17.306694,17.158443,16.19712,16.092722,18.447212,19.067621,18.554602,18.252697,17.545876,17.418541,16.837017,16.721523,0.0,4.0,0.0,0.0,4.0,0.0,0.0,0.0
51075,2023.0,12.0,21.0,16.0,17.823277,17.799078,17.557182,17.441319,18.164486,18.484182,16.99601,16.709896,16.150322,16.042957,20.365963,22.437254,18.269915,17.887693,17.481514,17.350077,16.761608,16.646357,0.0,4.0,0.0,0.0,0.0,0.0,0.0,0.0
51076,2023.0,12.0,21.0,16.0,18.145445,18.61639,17.848064,18.112694,18.133087,18.44833,16.840153,16.540428,16.100117,15.991273,18.502176,18.732355,18.883184,19.170223,17.41514,17.282427,16.683239,16.570293,4.0,4.0,0.0,0.0,0.0,4.0,0.0,0.0
51077,2023.0,12.0,21.0,16.0,17.630207,17.592216,20.257212,22.322586,18.105679,18.41577,16.91466,16.780321,16.765902,17.273413,17.65866,17.475697,19.032583,19.345442,17.360239,17.225151,16.617088,16.50008,4.0,4.0,0.0,4.0,0.0,4.0,0.0,0.0
51078,2023.0,12.0,21.0,17.0,18.000696,18.479618,20.037851,21.654736,18.0761,18.38154,16.918184,16.81781,20.357153,23.33461,17.357313,17.164936,19.048887,19.352005,17.303057,17.166767,16.548153,16.429987,0.0,4.0,0.0,4.0,0.0,4.0,0.0,0.0
51079,2023.0,12.0,21.0,17.0,17.543911,17.491312,18.40932,18.378244,18.048683,18.35062,17.566612,18.083164,20.040825,22.305511,17.157093,16.973482,18.350515,18.024477,17.24939,17.11193,16.48433,16.364902,0.0,4.0,4.0,0.0,0.0,0.0,0.0,0.0
51080,2023.0,12.0,21.0,17.0,17.930067,18.40447,17.669825,17.541273,18.022602,18.32119,17.231487,17.273422,17.876991,17.852732,16.99624,16.818703,18.015453,17.628578,17.199532,17.060904,16.426563,16.305845,0.0,4.0,0.0,0.0,0.0,0.0,0.0,0.0
51081,2023.0,12.0,21.0,17.0,18.066637,18.566574,17.506922,17.371105,17.999249,18.293839,17.453606,17.761415,17.065693,16.711597,17.26158,17.421232,18.685083,18.986881,17.157206,17.016415,16.379684,16.256468,0.0,4.0,4.0,0.0,4.0,4.0,0.0,0.0
51082,2023.0,12.0,21.0,17.0,17.466179,17.41817,17.815983,18.062525,17.97661,18.268124,16.934456,16.753067,16.981646,16.792316,20.292982,22.689175,18.111378,17.786638,17.117546,16.976137,16.336397,16.212433,4.0,4.0,0.0,0.0,4.0,0.0,0.0,0.0
51083,2023.0,12.0,21.0,17.0,17.128649,16.97132,20.263742,22.343616,17.9518,18.240105,17.257294,17.536755,16.861412,16.702404,20.037922,21.8625,17.79918,17.41217,17.075308,16.933067,17.170446,17.819273,0.0,4.0,4.0,0.0,0.0,0.0,0.0,4.0
51084,2023.0,12.0,21.0,18.0,17.729553,18.187159,18.655441,18.955076,17.326778,17.095491,17.447386,17.76613,16.716297,16.564945,18.165163,18.048233,17.701937,17.311422,17.034431,16.890999,20.35138,23.140644,0.0,0.0,4.0,0.0,0.0,0.0,0.0,0.0
51085,2023.0,12.0,21.0,18.0,21.352575,24.357784,17.657387,17.581116,21.318266,24.297403,21.348513,24.516296,16.587917,16.438828,17.34636,17.146317,21.361938,23.764477,22.483738,26.107927,17.845636,17.826418,0.0,4.0,4.0,0.0,0.0,4.0,0.0,0.0
51086,2023.0,12.0,21.0,18.0,21.027718,23.35827,17.371817,17.23328,21.024534,23.311224,21.026873,23.48293,16.48122,16.335104,17.16287,16.969305,21.036142,22.90398,22.609978,25.796131,16.748398,16.45484,0.0,0.0,0.0,0.0,0.0,0.0,0.0,0.0
51087,2023.0,12.0,21.0,18.0,21.083883,23.215868,17.668695,17.917747,21.063896,23.095657,21.093794,23.33284,16.39721,16.258354,17.387466,17.535242,21.043684,22.649628,20.866198,22.427853,16.67718,16.532042,4.0,4.0,0.0,0.0,4.0,4.0,0.0,0.0
51088,2023.0,12.0,21.0,18.0,21.075647,23.02503,20.280901,22.457012,21.059784,22.908209,21.060331,23.052988,16.323175,16.187962,20.404116,22.62272,21.07057,22.549683,21.096039,22.79264,16.623781,16.4897,4.0,4.0,4.0,0.0,0.0,0.0,0.0,0.0
51089,2023.0,12.0,21.0,18.0,21.060196,22.899239,20.03811,21.721542,21.082611,22.848473,21.087702,22.992136,16.2609,16.13013,18.456326,18.659992,21.06339,22.40424,21.056374,22.636774,16.544172,16.41245,0.0,0.0,0.0,0.0,0.0,0.0,0.0,0.0
51090,2023.0,12.0,21.0,19.0,21.03455,22.758293,18.645977,18.857534,21.076008,22.739538,21.056427,22.808596,16.20438,16.072504,17.406033,17.260208,21.032787,22.22797,21.059696,22.580591,17.408104,18.104307,4.0,0.0,4.0,0.0,0.0,4.0,0.0,4.0
51091,2023.0,12.0,21.0,19.0,21.038477,22.718712,20.230675,22.052425,21.050741,22.596458,21.08498,22.811659,16.152348,16.019346,17.135365,16.950586,21.036245,22.170427,21.058033,22.526814,20.335535,22.970604,4.0,4.0,0.0,0.0,0.0,4.0,0.0,0.0
51092,2023.0,12.0,21.0,19.0,21.052242,22.681055,20.027134,21.471802,21.0794,22.62153,21.078043,22.73612,16.105835,15.972014,16.9686,16.782108,21.03496,22.119547,21.057266,22.4842,17.909332,17.847282,4.0,0.0,0.0,0.0,0.0,4.0,0.0,0.0
51093,2023.0,12.0,21.0,19.0,21.075495,22.698122,20.0734,21.467783,21.045954,22.491362,21.060587,22.683458,16.06346,15.927868,17.275503,17.476288,21.033476,22.078651,21.055859,22.447803,16.841465,16.531805,0.0,4.0,0.0,0.0,4.0,4.0,0.0,0.0
51094,2023.0,12.0,21.0,19.0,21.043472,22.570091,18.802605,18.929348,21.053104,22.473173,21.063253,22.668785,16.027414,15.892281,20.38467,22.66385,21.063377,22.124863,21.056044,22.419624,16.77254,16.620089,4.0,4.0,0.0,0.0,0.0,0.0,0.0,0.0
51095,2023.0,12.0,21.0,19.0,21.075064,22.621145,20.226343,21.864653,21.051964,22.445913,21.03759,22.579235,15.992342,15.855921,18.410433,18.612577,21.057762,22.07841,21.055689,22.394651,16.71053,16.57187,0.0,4.0,4.0,0.0,0.0,0.0,0.0,0.0
51096,2023.0,12.0,21.0,20.0,21.042019,22.504793,18.846748,19.009506,21.076582,22.49281,21.042326,22.577208,15.960149,15.822952,17.332197,17.175575,21.057558,22.047932,21.01598,22.267681,16.617022,16.476404,4.0,0.0,4.0,0.0,0.0,0.0,4.0,0.0
51097,2023.0,12.0,21.0,20.0,21.04736,22.495249,20.226126,21.882647,21.070768,22.455671,21.082514,22.634968,15.930276,15.792562,17.07179,16.880316,21.043253,22.021994,21.075588,22.379541,16.536108,16.3961,0.0,0.0,0.0,0.0,0.0,0.0,0.0,0.0
51098,2023.0,12.0,21.0,20.0,21.073006,22.549768,18.833334,18.992933,21.070644,22.431782,21.049982,22.514389,15.902975,15.765185,17.298645,17.44248,21.01466,21.944498,21.064901,22.3252,16.466337,16.326765,4.0,0.0,4.0,0.0,4.0,4.0,0.0,0.0
51099,2023.0,12.0,21.0,20.0,21.06728,22.516993,20.227015,21.891788,21.05409,22.410162,21.055372,22.500275,15.876678,15.738335,20.41144,22.674324,21.063335,22.036854,21.065393,22.297455,16.404913,16.265474,0.0,0.0,4.0,0.0,0.0,0.0,0.0,0.0
51100,2023.0,12.0,21.0,20.0,21.067297,22.496754,18.517561,18.407963,21.055824,22.416588,21.054054,22.477219,15.852052,15.713613,18.441317,18.643927,21.055813,21.996769,21.051702,22.272463,17.286865,17.977192,0.0,0.0,4.0,0.0,0.0,0.0,0.0,4.0
51101,2023.0,12.0,21.0,20.0,21.051723,22.478106,18.204134,18.412062,21.05536,22.414696,21.078688,22.527191,16.568678,17.080954,17.366022,17.204636,21.056131,21.976149,21.053139,22.272532,20.341629,23.044012,4.0,0.0,0.0,4.0,0.0,0.0,0.0,0.0
51102,2023.0,12.0,21.0,21.0,21.188686,22.755384,20.250296,22.025923,21.188387,22.677298,21.185127,22.69811,20.447105,23.498253,17.09417,16.896143,21.149607,22.17358,21.223164,22.607983,17.842136,17.755554,4.0,0.0,4.0,0.0,0.0,0.0,0.0,0.0
51103,2023.0,12.0,21.0,21.0,21.025396,22.403479,20.044672,21.462242,21.054466,22.400969,21.077715,22.483784,17.655788,17.6522,16.934093,16.736622,21.042841,21.961077,21.051968,22.255344,16.753668,16.427956,0.0,0.0,0.0,0.0,0.0,0.0,0.0,0.0
51104,2023.0,12.0,21.0,21.0,21.057722,22.491251,18.771555,18.895214,21.05451,22.39643,21.0719,22.45618,16.397675,16.072697,16.817938,16.629139,21.042643,21.962198,21.052082,22.2508,16.696749,16.539938,4.0,0.0,0.0,0.0,0.0,0.0,0.0,0.0
51105,2023.0,12.0,21.0,21.0,21.066936,22.475431,20.227318,21.876896,21.029253,22.321198,21.072157,22.441666,16.334566,16.17305,16.714264,16.528893,21.042648,21.961466,21.05191,22.244904,16.64112,16.495768,0.0,4.0,0.0,0.0,0.0,0.0,0.0,0.0
51106,2023.0,12.0,21.0,21.0,21.038513,22.374039,18.518633,18.40109,21.05923,22.40093,21.055248,22.427649,16.288921,16.141918,16.624912,16.446577,21.012434,21.880795,21.051664,22.238289,16.552082,16.408722,0.0,0.0,0.0,0.0,0.0,4.0,0.0,0.0
51107,2023.0,12.0,21.0,21.0,21.07077,22.44481,18.239151,18.47511,21.069204,22.38179,21.057154,22.441479,16.20417,16.05784,16.539856,16.359293,21.047754,21.975693,21.051334,22.231417,16.472937,16.329899,4.0,0.0,0.0,0.0,0.0,0.0,0.0,0.0
51108,2023.0,12.0,21.0,22.0,21.037384,22.34314,20.243702,22.007057,21.067581,22.34924,21.056824,22.445961,16.132341,15.988598,16.464426,16.285812,21.02592,21.88105,21.011557,22.118834,16.406599,16.266224,4.0,0.0,0.0,0.0,0.0,4.0,4.0,0.0
51109,2023.0,12.0,21.0,22.0,21.04333,22.34692,20.041162,21.448952,21.050524,22.324667,21.056536,22.447256,16.688824,17.095043,16.396128,16.217813,21.02909,21.87172,21.072426,22.245255,16.34633,16.206356,0.0,0.0,0.0,4.0,0.0,4.0,0.0,0.0
51110,2023.0,12.0,21.0,22.0,21.069012,22.412178,18.775015,18.895565,21.052773,22.331917,21.05661,22.44696,20.390211,23.25963,16.341135,16.16726,21.058802,21.937592,21.061398,22.19998,17.041643,17.564629,4.0,0.0,0.0,0.0,0.0,0.0,0.0,4.0
51111,2023.0,12.0,21.0,22.0,21.036057,22.312172,20.227093,21.87068,21.027225,22.261665,21.0564,22.44394,17.983654,18.209242,16.592358,16.684717,21.053385,21.907827,21.062014,22.180593,20.3649,23.168001,0.0,4.0,0.0,0.0,4.0,0.0,0.0,0.0
51112,2023.0,12.0,21.0,22.0,21.0418,22.31611,18.816994,18.941816,21.057465,22.34626,21.055939,22.438107,16.798002,16.666569,20.45813,23.134182,21.05331,21.891062,21.048183,22.162258,17.777084,17.687613,4.0,0.0,0.0,0.0,0.0,0.0,0.0,0.0
51113,2023.0,12.0,21.0,22.0,21.041082,22.310324,20.224825,21.848038,21.067728,22.331205,21.055416,22.430016,16.564234,16.417723,18.238087,18.515709,21.038921,21.876554,21.049597,22.168306,17.390486,17.703718,4.0,0.0,0.0,0.0,0.0,0.0,0.0,4.0
51114,2023.0,12.0,21.0,23.0,21.067694,22.379269,20.043266,21.356285,21.065683,22.300812,21.055208,22.422436,16.436253,16.293907,17.021317,16.858782,21.010185,21.808048,21.049408,22.168385,20.423979,22.823284,0.0,0.0,0.0,0.0,0.0,4.0,0.0,0.0
51115,2023.0,12.0,21.0,23.0,20.092484,20.469559,18.85516,18.973888,20.322329,20.85505,20.204422,20.753963,16.337244,16.197216,16.7925,16.619009,20.339945,20.51037,19.77385,19.714552,18.032084,17.94776,4.0,4.0,4.0,0.0,0.0,4.0,0.0,0.0
51116,2023.0,12.0,21.0,23.0,19.09428,18.825792,17.928883,17.488077,19.401041,19.307056,19.295609,19.255255,16.836687,17.194315,16.980099,17.052553,19.496408,19.059885,19.251993,19.04323,17.424673,17.24391,0.0,0.0,0.0,4.0,4.0,0.0,0.0,0.0
51117,2023.0,12.0,21.0,23.0,18.69554,18.36804,17.56663,17.062176,19.327272,19.38841,18.576925,18.128763,16.42511,16.304712,16.755428,16.62,19.123219,18.60576,20.021471,20.715113,17.25318,17.094986,0.0,4.0,0.0,0.0,0.0,0.0,4.0,0.0
51118,2023.0,12.0,21.0,23.0,18.466446,18.149069,18.06478,18.215443,18.639238,18.21614,18.225105,17.729929,16.242887,16.101124,16.878923,16.951542,18.919981,18.406322,18.980516,18.640268,17.094872,16.943193,4.0,0.0,0.0,0.0,4.0,0.0,0.0,0.0
51119,2023.0,12.0,21.0,23.0,18.537672,18.48884,17.828497,17.78705,18.261728,17.749414,18.264729,18.038197,16.175394,16.036364,16.66192,16.531155,19.785833,20.225977,18.51795,18.072842,17.727211,18.256992,0.0,0.0,0.0,0.0,0.0,4.0,0.0,4.0
51120,2023.0,12.0,22.0,0.0,18.480103,18.481066,17.564537,17.417856,18.061283,17.556026,18.192175,18.022884,16.112055,15.973575,16.505507,16.33737,19.006233,18.604902,18.308958,17.87192,17.914211,18.490461,0.0,0.0,0.0,0.0,0.0,0.0,0.0,4.0
51121,2023.0,12.0,22.0,0.0,18.370264,18.376629,17.4241,17.265312,18.152893,17.915792,18.06543,17.902245,16.055706,15.91736,16.423906,16.253304,18.656319,18.163195,18.349403,18.134052,16.986462,16.697222,0.0,0.0,0.0,0.0,0.0,0.0,0.0,0.0
51122,2023.0,12.0,22.0,0.0,18.266018,18.27516,17.3135,17.155466,18.115171,17.932222,17.946636,17.786362,16.004103,15.865685,16.64649,16.729181,18.517109,18.0298,18.287254,18.104292,17.397226,17.70904,0.0,0.0,0.0,0.0,4.0,0.0,0.0,4.0
51123,2023.0,12.0,22.0,0.0,18.166285,18.175114,17.21289,17.053171,18.013954,17.833786,17.833952,17.673216,15.955669,15.816102,16.413801,16.25541,18.657885,18.437468,18.183512,18.004244,17.518967,17.851797,0.0,0.0,0.0,0.0,0.0,0.0,0.0,4.0
51124,2023.0,12.0,22.0,0.0,18.081125,18.09658,17.12971,16.976393,17.923552,17.751379,17.738768,17.58545,16.500269,16.878294,16.600096,16.691418,18.623978,18.414425,18.086966,17.909645,17.525824,17.860699,0.0,0.0,0.0,4.0,4.0,0.0,0.0,4.0
51125,2023.0,12.0,22.0,0.0,18.000431,18.019726,17.05145,16.901646,17.83622,17.669125,17.648941,17.499914,16.088007,15.9693365,16.380856,16.246857,18.559324,18.352467,17.996632,17.821236,16.831343,16.5548,0.0,0.0,0.0,0.0,0.0,0.0,0.0,0.0
51126,2023.0,12.0,22.0,1.0,17.920237,17.937279,16.972612,16.819178,17.74793,17.578684,17.558939,17.40695,15.936005,15.795848,16.241234,16.069199,18.49239,18.283365,17.909122,17.731232,16.520468,16.166565,0.0,0.0,0.0,0.0,0.0,0.0,0.0,0.0
51127,2023.0,12.0,22.0,1.0,17.84921,17.867704,16.9042,16.75219,17.670135,17.50352,17.479807,17.330118,15.884666,15.744305,16.177763,16.005558,18.430965,18.22198,17.83092,17.65344,16.38351,16.0358,0.0,0.0,0.0,0.0,0.0,0.0,0.0,0.0
51128,2023.0,12.0,22.0,1.0,17.787655,17.81273,16.846254,16.70196,17.603266,17.445353,17.411615,17.27064,16.4056,16.761776,16.41172,16.49028,18.376562,18.171167,17.762016,17.588854,17.223158,17.742296,0.0,0.0,0.0,4.0,4.0,0.0,0.0,4.0
51129,2023.0,12.0,22.0,1.0,17.724588,17.750502,16.785564,16.642134,17.534115,17.378078,17.341133,17.201912,15.847841,15.565415,16.206173,16.055958,18.321636,18.116062,17.693712,17.520596,16.542845,16.270523,0.0,0.0,0.0,0.0,0.0,0.0,0.0,0.0
51130,2023.0,12.0,22.0,1.0,17.660456,17.6822,16.72272,16.574171,17.463047,17.30295,17.269066,17.125443,15.614822,15.280496,16.079723,15.905842,18.2663,18.057257,17.626009,17.449354,16.252956,15.90663,0.0,0.0,0.0,0.0,0.0,0.0,0.0,0.0
51131,2023.0,12.0,22.0,1.0,17.608517,17.635384,16.674082,16.531782,17.406637,17.253626,17.211857,17.075275,15.711907,15.5524645,16.031647,15.861625,18.95769,19.407595,17.568945,17.395756,17.097265,17.617342,0.0,0.0,0.0,0.0,0.0,4.0,0.0,4.0
51132,2023.0,12.0,22.0,2.0,17.553818,17.580505,16.621717,16.479464,17.347178,17.19482,17.1514,17.015415,16.293682,16.658262,15.982232,15.811254,18.4286,18.275524,17.511158,17.33737,17.149788,17.511353,0.0,0.0,0.0,4.0,0.0,0.0,0.0,4.0
51133,2023.0,12.0,22.0,2.0,17.503202,17.53088,16.573027,16.432072,17.29211,17.141607,17.095615,16.961332,15.908168,15.799431,15.937887,15.767068,18.030472,17.603367,17.45757,17.28446,16.415905,16.11169,0.0,0.0,0.0,0.0,0.0,0.0,0.0,0.0
51134,2023.0,12.0,22.0,2.0,18.217934,18.9179,16.526255,16.38627,17.239252,17.09022,17.042273,16.909246,15.594583,15.290303,15.895991,15.725165,17.874445,17.413702,17.40637,17.233646,16.170147,15.826026,0.0,0.0,0.0,0.0,0.0,0.0,0.0,0.0
51135,2023.0,12.0,22.0,2.0,18.384998,19.08321,16.481274,16.342216,17.188368,17.040783,17.713896,18.216103,15.471524,15.141396,15.856313,15.685481,18.01851,17.791998,17.35747,17.185116,16.803797,17.117588,0.0,0.0,4.0,0.0,0.0,0.0,0.0,4.0
51136,2023.0,12.0,22.0,2.0,17.54091,17.418787,16.438145,16.300163,17.13958,16.993593,17.280079,17.276993,15.5709305,15.410696,15.818785,15.648124,18.029081,17.822922,17.310867,17.139061,16.98735,17.328836,0.0,0.0,0.0,0.0,0.0,0.0,0.0,4.0
51137,2023.0,12.0,22.0,2.0,17.209494,16.952341,16.396,16.258617,17.09207,16.947092,16.787642,16.415539,15.585919,15.443162,16.071188,16.150024,17.992605,17.78709,17.265688,17.094025,16.296862,15.990573,0.0,0.0,0.0,0.0,4.0,0.0,0.0,0.0
51138,2023.0,12.0,22.0,3.0,17.081451,16.816902,16.354937,16.217554,17.04579,16.901209,16.608248,16.189688,16.147575,16.521112,15.861092,15.691215,17.955187,17.749498,17.221842,17.049952,16.05815,15.709616,0.0,0.0,0.0,4.0,0.0,0.0,0.0,0.0
51139,2023.0,12.0,22.0,3.0,17.244537,17.23694,16.316473,16.18,17.00204,16.858862,16.763767,16.595045,15.742575,15.618414,15.766952,15.594137,17.918509,17.713396,17.180304,17.008987,15.957608,15.613407,0.0,0.0,0.0,0.0,0.0,0.0,0.0,0.0
51140,2023.0,12.0,22.0,3.0,17.255337,17.279799,16.280087,16.145327,16.960545,16.81957,16.778324,16.647276,16.177193,16.528717,15.730746,15.56031,17.88328,17.67936,17.140907,16.970844,16.823587,17.345278,0.0,0.0,0.0,4.0,0.0,0.0,0.0,4.0
51141,2023.0,12.0,22.0,3.0,17.227564,17.262457,16.243874,16.110031,16.919415,16.779701,16.7424,16.615223,15.611856,15.323118,15.693952,15.523997,17.848259,17.64488,17.102121,16.932604,16.162218,15.890689,0.0,0.0,0.0,0.0,0.0,0.0,0.0,0.0
51142,2023.0,12.0,22.0,3.0,17.202011,17.246956,16.207815,16.074118,16.878618,16.73928,16.702688,16.57632,15.984713,16.175783,15.65915,15.488808,17.813532,17.610085,17.063894,16.89428,15.898597,15.556795,0.0,0.0,0.0,4.0,0.0,0.0,0.0,0.0
51143,2023.0,12.0,22.0,3.0,17.16587,17.211107,16.17361,16.0411,16.839977,16.702103,16.66348,16.538847,15.526999,15.204987,15.627019,15.457318,17.780525,17.577885,17.027674,16.858875,15.810627,15.472761,0.0,0.0,0.0,0.0,0.0,0.0,0.0,0.0
51144,2023.0,12.0,22.0,4.0,17.1299,17.17555,16.140205,16.008896,16.802303,16.6659,16.624657,16.501743,15.344875,15.002574,15.596404,15.427382,17.748363,17.546589,16.992512,16.824589,16.683556,17.209295,0.0,0.0,0.0,0.0,0.0,0.0,0.0,4.0
51145,2023.0,12.0,22.0,4.0,17.095114,17.142221,16.108793,15.980024,16.766676,16.632881,16.58769,16.467552,16.063856,16.44248,15.568123,15.40092,17.717974,17.518114,16.959156,16.793003,16.032574,15.768101,0.0,0.0,0.0,4.0,0.0,0.0,0.0,0.0
51146,2023.0,12.0,22.0,4.0,17.789312,18.474247,16.078705,15.952711,16.732391,16.601292,16.552256,16.43483,15.715909,15.621636,15.830322,15.914981,17.688711,17.490808,16.927023,16.762629,15.782353,15.452439,0.0,0.0,0.0,0.0,4.0,0.0,0.0,0.0
51147,2023.0,12.0,22.0,4.0,17.315647,17.442118,16.049587,15.926219,16.698996,16.570503,16.517721,16.402933,15.3927555,15.089777,15.636656,15.484451,17.660389,17.464415,16.89585,16.733181,15.70339,15.378939,0.0,0.0,0.0,0.0,0.0,0.0,0.0,0.0
51148,2023.0,12.0,22.0,4.0,16.890223,16.704775,16.021904,15.901498,16.66694,16.541536,16.484549,16.37291,15.277913,14.955188,15.545794,15.383148,17.633438,17.439802,16.865995,16.70548,16.579287,17.114412,0.0,0.0,0.0,0.0,0.0,0.0,0.0,4.0
51149,2023.0,12.0,22.0,4.0,16.735916,16.512564,15.992977,15.873774,16.633629,16.509295,16.450153,16.339542,15.396097,15.259738,15.515595,15.354765,17.605762,17.413107,16.835499,16.67571,16.658562,17.03381,0.0,0.0,0.0,0.0,0.0,0.0,0.0,4.0
51150,2023.0,12.0,22.0,5.0,16.896793,16.914324,15.967356,15.852216,16.604155,16.483898,16.420132,16.313492,15.397473,15.263796,15.488464,15.331006,17.580622,17.39101,16.807894,16.650967,15.965503,15.688895,0.0,0.0,0.0,0.0,0.0,0.0,0.0,0.0
51151,2023.0,12.0,22.0,5.0,16.921124,16.974415,15.938133,15.82299,16.571072,16.450615,16.386642,16.279581,15.374421,15.241347,15.460476,15.302838,17.553041,17.363575,16.778204,16.62137,15.741911,15.419718,0.0,0.0,0.0,0.0,0.0,0.0,0.0,0.0
51152,2023.0,12.0,22.0,5.0,16.893982,16.948479,15.911627,15.798803,16.540834,16.422556,16.355867,16.250944,15.351758,15.220019,15.435788,15.279867,17.527239,17.33932,16.75043,16.595058,15.659939,15.346111,0.0,0.0,0.0,0.0,0.0,0.0,0.0,0.0
51153,2023.0,12.0,22.0,5.0,16.86532,16.921087,15.886533,15.777,16.512007,16.39682,16.326292,16.22455,15.329835,15.1998825,15.413045,15.259396,17.502373,17.316427,16.723646,16.570105,15.772014,15.642497,0.0,0.0,0.0,0.0,0.0,0.0,0.0,0.0
51154,2023.0,12.0,22.0,5.0,16.835348,16.89194,15.85987,15.751619,16.481789,16.367802,16.295147,16.194702,15.308069,15.179129,15.39035,15.237859,17.477198,17.292393,16.696774,16.54434,15.75964,15.628672,0.0,0.0,0.0,0.0,0.0,0.0,0.0,0.0
51155,2023.0,12.0,22.0,5.0,16.805977,16.863739,15.834557,15.728557,16.452915,16.341032,16.265387,16.167154,15.287593,15.160076,15.369213,15.218439,17.452894,17.269657,16.670807,16.51985,15.730201,15.6006155,0.0,0.0,0.0,0.0,0.0,0.0,0.0,0.0
51156,2023.0,12.0,22.0,6.0,16.778282,16.838575,15.811657,15.709919,16.426525,16.318773,16.238228,16.144268,15.847118,16.2293,15.350212,15.202372,17.430202,17.249693,16.646477,16.49808,15.702521,15.57567,0.0,0.0,0.0,4.0,0.0,0.0,0.0,0.0
51157,2023.0,12.0,22.0,6.0,21.21641,24.581202,15.786426,15.686176,21.1254,24.593824,21.082386,24.664112,20.232325,23.73093,15.330001,15.183075,21.352297,23.892443,22.022375,25.532078,15.673242,15.546792,0.0,0.0,0.0,0.0,0.0,0.0,0.0,0.0
51158,2023.0,12.0,22.0,6.0,21.006714,23.696222,15.758872,15.65927,21.011126,23.80596,21.01247,23.943678,17.605337,17.980265,15.5948715,15.6963005,20.974829,23.010122,22.255806,25.464558,15.644092,15.517961,0.0,0.0,0.0,0.0,4.0,0.0,0.0,0.0
51159,2023.0,12.0,22.0,6.0,21.142145,23.659712,15.732122,15.632809,21.140356,23.70571,21.189455,23.927355,16.18826,16.07666,20.412441,23.676624,21.118284,23.048483,21.08553,23.125704,16.381273,16.930336,0.0,0.0,0.0,0.0,0.0,0.0,0.0,4.0
51160,2023.0,12.0,22.0,6.0,21.06887,23.306385,15.710879,15.609343,21.072796,23.331078,21.07627,23.449718,15.943116,15.810183,17.848925,18.321083,21.058128,22.748268,21.093962,22.994696,20.394033,23.730518,0.0,0.0,0.0,0.0,0.0,0.0,0.0,0.0
51161,2023.0,12.0,22.0,6.0,21.068203,23.16058,15.690161,15.58736,21.071999,23.161915,21.075527,23.273281,15.829301,15.697696,16.348082,16.23439,21.057186,22.615099,21.06185,22.823483,18.100613,18.652681,0.0,0.0,0.0,0.0,0.0,0.0,0.0,4.0
51162,2023.0,12.0,22.0,7.0,21.06648,23.052029,15.668803,15.565555,21.070028,23.036032,21.07365,23.142462,16.380844,16.819279,16.073576,15.918542,21.05542,22.513607,21.063858,22.742895,20.350582,23.09183,0.0,0.0,0.0,4.0,0.0,0.0,0.0,0.0
51163,2023.0,12.0,22.0,7.0,21.065193,22.97019,15.647577,15.545135,21.06835,22.941265,21.071825,23.043762,20.36787,23.637318,16.338135,16.527048,21.053923,22.436464,21.062344,22.673319,18.455627,18.98435,0.0,0.0,0.0,0.0,4.0,0.0,0.0,4.0
51164,2023.0,12.0,22.0,7.0,21.06355,22.904814,15.627331,15.525758,21.066965,22.868032,21.070646,22.967712,17.527672,17.571428,20.366802,23.41792,21.052849,22.377008,21.060999,22.617706,21.583254,24.71742,0.0,0.0,0.0,0.0,4.0,0.0,0.0,4.0
51165,2023.0,12.0,22.0,7.0,21.062529,22.852999,15.609061,15.507107,21.040749,22.74096,21.068247,22.902317,16.173101,15.851874,20.01792,22.331547,21.051561,22.329132,21.020939,22.468166,22.34318,25.733181,0.0,4.0,0.0,0.0,4.0,0.0,4.0,0.0
51166,2023.0,12.0,22.0,7.0,21.06187,22.812912,15.59322,15.491378,21.069738,22.778664,21.06742,22.850252,16.88038,17.432226,20.09692,22.193306,21.021746,22.215164,21.041304,22.456688,19.584808,20.016489,0.0,0.0,0.0,4.0,0.0,4.0,4.0,4.0
51167,2023.0,12.0,22.0,7.0,21.060928,22.778702,15.578603,15.476291,21.055061,22.660181,21.0664,22.80694,20.340921,23.246395,17.968794,17.884531,21.055407,22.279215,21.077286,22.518095,20.22846,21.858414,0.0,4.0,0.0,4.0,0.0,0.0,0.0,0.0
51168,2023.0,12.0,22.0,8.0,21.059975,22.748371,15.563962,15.461752,21.082106,22.685411,21.065527,22.77134,20.047483,22.318626,17.017271,16.816343,21.063416,22.240627,21.06902,22.461216,19.055851,19.485844,0.0,0.0,0.0,0.0,0.0,0.0,0.0,4.0
51169,2023.0,12.0,22.0,8.0,20.09141,20.834011,15.547976,15.44538,19.25403,19.137947,19.42367,19.589592,18.349022,18.762852,16.795269,16.605444,19.510326,19.21536,19.318329,19.061886,20.238409,21.942198,0.0,0.0,0.0,4.0,0.0,0.0,0.0,0.0
51170,2023.0,12.0,22.0,8.0,19.611973,20.27998,15.530693,15.427913,18.440754,18.275085,18.44344,18.336632,20.367422,22.637335,16.604486,16.420458,19.744968,20.194538,18.43567,18.023897,18.339533,18.173956,0.0,0.0,0.0,0.0,0.0,4.0,0.0,0.0
51171,2023.0,12.0,22.0,8.0,18.602158,18.500727,15.512936,15.41012,18.173843,18.010082,18.07633,17.930433,18.58578,18.986748,16.442474,16.263788,19.631592,19.856613,18.299974,18.082405,17.38471,17.025614,0.0,0.0,0.0,4.0,0.0,4.0,0.0,0.0
51172,2023.0,12.0,22.0,8.0,18.114946,17.843805,15.965001,16.267439,17.992594,17.824898,17.8762,17.72226,20.312386,22.189499,16.327866,16.150991,18.864634,18.496584,19.212986,19.936749,18.202387,18.819391,4.0,0.0,0.0,4.0,0.0,0.0,4.0,4.0
51173,2023.0,12.0,22.0,8.0,17.84224,17.573841,20.239683,23.5499,17.808348,17.64618,17.680285,17.531637,20.030031,21.635727,16.207632,16.035133,19.163914,19.374325,19.235327,19.728046,20.231962,22.205168,4.0,0.0,0.0,4.0,0.0,4.0,4.0,4.0
51174,2023.0,12.0,22.0,9.0,18.641127,19.286354,19.99766,22.594902,18.342016,18.791456,18.210243,18.678112,20.055431,21.608835,16.517551,16.71283,19.271881,19.500267,19.14388,19.633625,20.019081,21.621395,4.0,4.0,4.0,4.0,4.0,4.0,4.0,4.0
51175,2023.0,12.0,22.0,9.0,18.633505,19.075905,20.086653,22.414165,18.536888,19.060326,17.784513,17.78838,20.93425,22.976978,20.3186,23.1842,19.230902,19.463326,18.191212,17.87884,21.095547,23.297071,4.0,4.0,0.0,4.0,4.0,4.0,0.0,4.0
51176,2023.0,12.0,22.0,9.0,18.508911,18.938028,20.07151,22.138662,18.270548,18.542265,17.815325,18.03383,20.014715,21.331905,20.00375,22.209585,18.502502,18.128202,17.703184,17.324217,21.118862,23.131142,4.0,4.0,4.0,0.0,4.0,0.0,0.0,4.0
51177,2023.0,12.0,22.0,9.0,18.464521,18.8978,20.069986,21.959158,18.114504,18.34815,17.875513,18.129835,18.916563,19.19441,20.095226,22.093084,18.87753,19.11388,17.507235,17.129604,21.062956,23.002068,4.0,4.0,4.0,4.0,0.0,4.0,0.0,0.0
51178,2023.0,12.0,22.0,9.0,18.426128,18.86327,20.084253,21.871243,17.426144,17.116465,17.848965,18.107546,20.257664,21.931944,18.048813,17.938057,18.327864,17.952375,17.365187,16.996086,19.333614,19.73584,0.0,0.0,4.0,0.0,0.0,0.0,0.0,4.0
51179,2023.0,12.0,22.0,9.0,18.391813,18.832314,18.216162,18.191124,17.045765,16.645832,17.185602,16.898796,18.946411,19.260004,17.517756,17.634676,18.730297,18.972025,18.495964,19.263704,20.187487,21.57931,0.0,0.0,0.0,4.0,4.0,4.0,4.0,0.0
51180,2023.0,12.0,22.0,10.0,18.353336,18.789646,17.771788,18.017221,17.561523,17.738785,17.484951,17.682339,20.371984,22.19521,20.392529,22.54859,18.20115,17.828882,18.681953,19.228642,19.219542,19.63324,4.0,4.0,4.0,0.0,0.0,0.0,4.0,4.0
51181,2023.0,12.0,22.0,10.0,17.696909,17.596731,20.271524,22.489305,17.779299,18.041138,17.034359,16.752848,18.937658,19.255932,18.44156,18.645012,17.871786,17.454113,18.676182,19.215706,20.165407,21.591885,0.0,4.0,0.0,4.0,0.0,0.0,4.0,4.0
51182,2023.0,12.0,22.0,10.0,18.027908,18.44069,18.504316,18.832802,17.792347,18.063784,16.70034,16.333443,20.263765,21.985865,17.34998,17.197472,17.761751,17.349283,17.776257,17.496418,20.019215,21.266388,0.0,4.0,0.0,0.0,0.0,0.0,0.0,4.0
51183,2023.0,12.0,22.0,10.0,18.200293,18.6645,17.822092,18.127268,17.790878,18.069025,16.580645,16.215193,18.391506,18.241608,17.419573,17.559479,18.677418,19.187265,17.345362,17.001297,20.072578,21.372423,4.0,4.0,0.0,0.0,4.0,4.0,0.0,0.0
51184,2023.0,12.0,22.0,10.0,18.197197,18.659348,20.2379,22.52803,17.150316,16.884186,17.402266,17.863234,17.40573,17.02013,20.40054,22.628786,18.07722,17.765768,18.221397,18.780403,18.467207,18.258913,0.0,0.0,4.0,0.0,0.0,0.0,4.0,0.0
51185,2023.0,12.0,22.0,10.0,18.199509,18.672974,18.493399,18.823503,16.804102,16.447453,17.158587,17.19425,17.26237,17.054956,18.451958,18.697128,17.704596,17.31866,18.548342,19.1137,18.496313,18.879879,4.0,0.0,0.0,0.0,0.0,0.0,4.0,4.0
51186,2023.0,12.0,22.0,11.0,18.191841,18.667046,20.22932,22.138577,17.37095,17.596327,16.699753,16.401138,17.908075,18.388744,17.57831,17.381638,17.619213,17.23265,18.610956,19.177006,20.246218,21.988365,4.0,4.0,0.0,4.0,0.0,0.0,4.0,0.0
51187,2023.0,12.0,22.0,11.0,17.546516,17.476059,20.049717,21.667381,17.612436,17.921234,16.492867,16.156435,20.278158,22.45539,17.282333,17.080336,18.559757,19.101995,18.663586,19.228504,19.117962,19.593414,0.0,4.0,0.0,0.0,0.0,4.0,4.0,4.0
51188,2023.0,12.0,22.0,11.0,17.898304,18.348637,18.3402,18.306875,17.639133,17.952085,16.577017,16.422674,18.72941,19.130297,17.086147,16.895802,18.677185,19.010193,17.763931,17.50753,20.224054,21.859783,0.0,4.0,0.0,4.0,0.0,4.0,0.0,0.0
51189,2023.0,12.0,22.0,11.0,17.442604,17.385149,17.531637,17.402433,17.05944,16.868748,16.602108,16.488026,20.287756,22.257908,16.928286,16.746609,18.662254,18.97663,17.331966,17.00392,18.451332,18.306684,0.0,0.0,0.0,0.0,0.0,4.0,0.0,0.0
51190,2023.0,12.0,22.0,11.0,17.80512,18.26097,17.29433,17.165537,16.700172,16.38408,17.274336,17.787416,18.308428,18.21519,16.792936,16.618761,17.985344,17.670565,18.206442,18.779362,17.574688,17.232998,0.0,0.0,4.0,0.0,0.0,0.0,4.0,0.0
51191,2023.0,12.0,22.0,11.0,17.946362,18.445505,17.59891,17.869741,17.286386,17.567572,16.866858,16.894913,17.52754,17.128279,17.085022,17.2581,17.734377,17.345991,18.447853,19.041925,17.499386,17.314798,4.0,4.0,0.0,0.0,4.0,0.0,4.0,0.0
51192,2023.0,12.0,22.0,12.0,17.344791,17.301563,20.262081,22.573435,16.85351,16.681297,16.458403,16.190985,17.448988,17.240568,20.257938,22.76086,18.422098,18.72997,18.522823,19.111559,17.397358,17.240309,0.0,0.0,0.0,0.0,0.0,4.0,4.0,0.0
51193,2023.0,12.0,22.0,12.0,21.276108,24.39486,18.49265,18.840332,21.188423,24.427608,21.127008,24.47378,17.317621,17.143312,18.62992,19.163374,22.034777,24.828428,22.008402,25.017405,17.2546,17.103016,0.0,0.0,0.0,0.0,4.0,4.0,0.0,0.0
51194,2023.0,12.0,22.0,12.0,21.002687,23.39619,17.389084,17.333109,20.987318,23.529919,20.98744,23.677746,17.154896,16.989912,20.275795,22.442104,20.928877,22.497456,20.885212,22.64203,17.128096,16.98224,0.0,4.0,4.0,0.0,0.0,4.0,4.0,0.0
51195,2023.0,12.0,22.0,12.0,21.065815,23.248299,17.090546,16.977491,21.100613,23.43603,21.065434,23.511223,17.01749,16.860754,18.500021,18.720446,21.060143,22.583107,21.06664,22.815691,17.024591,16.885557,0.0,0.0,4.0,0.0,0.0,4.0,4.0,0.0
51196,2023.0,12.0,22.0,12.0,21.08009,23.117823,17.401363,17.701952,21.08004,23.168993,21.091799,23.339375,16.90172,16.750607,17.460758,17.319304,21.037079,22.41017,21.074146,22.730145,16.938002,16.803997,4.0,0.0,0.0,0.0,0.0,4.0,0.0,0.0
51197,2023.0,12.0,22.0,12.0,21.15445,23.136932,20.246666,22.713276,21.155104,23.19138,21.151863,23.287064,16.807339,16.664843,17.185493,17.015825,21.129505,22.517088,21.182272,22.841486,16.867445,16.740715,4.0,0.0,0.0,0.0,0.0,0.0,0.0,0.0
51198,2023.0,12.0,22.0,13.0,21.073706,22.877941,20.042131,21.9905,21.041616,22.848288,21.083374,23.02246,16.725204,16.588495,17.006502,16.834904,21.030664,22.2182,21.02813,22.42187,17.81198,18.590675,0.0,4.0,0.0,0.0,0.0,4.0,4.0,4.0
51199,2023.0,12.0,22.0,13.0,21.032555,22.734432,18.177584,18.209524,21.069796,22.857624,21.066526,22.92588,16.655556,16.52421,16.881289,16.717731,21.034962,22.17107,21.074205,22.487057,20.298454,22.678514,0.0,0.0,0.0,0.0,0.0,4.0,0.0,0.0
51200,2023.0,12.0,22.0,13.0,21.079077,22.788757,17.761936,18.043211,21.078382,22.787615,21.067163,22.87464,16.592928,16.465088,16.774096,16.615728,21.063156,22.201967,21.064795,22.418077,18.091574,18.028124,4.0,0.0,0.0,0.0,0.0,0.0,0.0,0.0
51201,2023.0,12.0,22.0,13.0,21.043966,22.65163,20.277649,22.476244,21.051113,22.648155,21.065971,22.829634,16.536959,16.411827,16.677792,16.521261,21.027555,22.068962,21.064625,22.375162,17.109108,16.808624,4.0,4.0,0.0,0.0,0.0,4.0,0.0,0.0
51202,2023.0,12.0,22.0,13.0,21.048422,22.627829,20.015589,21.736908,21.07957,22.677732,21.064205,22.791494,16.487082,16.36363,16.595371,16.440731,21.062098,22.127117,21.05059,22.335997,17.060774,16.923672,4.0,0.0,0.0,0.0,0.0,0.0,0.0,0.0
51203,2023.0,12.0,22.0,13.0,21.073465,22.672218,20.060936,21.677946,21.071442,22.62077,21.03837,22.691961,16.44366,16.32204,16.986065,17.244453,21.05444,22.08002,21.051613,22.324795,17.002165,16.870428,4.0,0.0,4.0,0.0,4.0,0.0,0.0,0.0
51204,2023.0,12.0,22.0,14.0,21.041962,22.560846,20.056562,21.567934,21.058018,22.58701,21.044512,22.684315,16.405191,16.284292,20.357481,22.809132,21.025507,21.975445,21.052303,22.311523,16.923897,16.799381,4.0,0.0,4.0,0.0,0.0,4.0,0.0,0.0
51205,2023.0,12.0,22.0,14.0,19.396774,19.417273,20.0727,21.538927,19.594639,19.767632,19.203995,19.140375,16.369152,16.24888,18.34615,18.635283,19.665262,19.37741,19.693758,19.684557,17.777782,18.476124,0.0,0.0,0.0,0.0,0.0,0.0,0.0,4.0
51206,2023.0,12.0,22.0,14.0,18.495945,18.301441,18.802975,19.025557,18.688848,18.592676,18.151575,17.800938,16.33459,16.214508,17.223392,17.111364,19.708832,19.91142,18.967934,18.803234,20.314074,22.684496,4.0,0.0,0.0,0.0,0.0,4.0,0.0,0.0
51207,2023.0,12.0,22.0,14.0,18.153633,17.932627,20.2214,21.961033,18.335878,18.197548,18.419626,18.598341,16.299433,16.17875,16.970934,16.81395,19.13909,18.804493,18.67906,18.502598,18.123783,18.07879,0.0,0.0,4.0,0.0,0.0,0.0,0.0,0.0
51208,2023.0,12.0,22.0,14.0,18.131638,18.120451,18.817333,19.070147,18.104618,17.96175,18.49238,18.747578,16.2652,16.14424,16.830639,16.67166,18.704762,18.281307,18.474144,18.300173,17.142294,16.858618,4.0,0.0,4.0,0.0,0.0,0.0,0.0,0.0
51209,2023.0,12.0,22.0,14.0,18.066017,18.093958,20.205307,21.762642,17.950922,17.804752,17.79889,17.521519,16.939371,17.432991,17.142807,17.332422,19.2778,19.50834,18.332575,18.160364,17.088652,16.931482,4.0,0.0,0.0,4.0,4.0,4.0,0.0,0.0
51210,2023.0,12.0,22.0,15.0,18.687086,19.374594,20.049055,21.401579,17.794577,17.653193,17.379833,17.016104,20.495985,23.486376,20.422186,22.812563,19.446646,19.700365,18.189146,18.023159,17.023773,16.889456,0.0,0.0,0.0,0.0,0.0,4.0,0.0,0.0
51211,2023.0,12.0,22.0,15.0,18.26483,18.441042,18.533995,18.455315,17.655334,17.516294,17.18925,16.825119,17.902988,17.951986,18.41775,18.687395,18.729828,18.375378,19.091908,19.844995,16.928452,16.798834,0.0,0.0,0.0,0.0,0.0,0.0,4.0,0.0
51212,2023.0,12.0,22.0,15.0,17.761786,17.606607,18.451591,18.65273,17.553627,17.414642,17.257368,17.08812,17.02103,16.680286,17.55732,17.385435,18.43623,18.007872,18.191309,17.946077,16.854334,16.725595,4.0,0.0,0.0,0.0,0.0,0.0,0.0,0.0
51213,2023.0,12.0,22.0,15.0,18.262236,18.685713,20.191362,21.855934,17.460453,17.32499,17.928537,18.412489,17.709465,18.186956,17.335707,17.144104,18.306177,17.882183,17.815186,17.459488,16.78604,16.659678,4.0,0.0,4.0,4.0,0.0,0.0,0.0,0.0
51214,2023.0,12.0,22.0,15.0,17.789242,17.698566,20.03323,21.406147,18.055506,18.527866,18.181692,18.735008,20.293634,22.562746,17.550423,17.708683,18.385124,18.166618,17.653086,17.302149,16.715277,16.588667,4.0,4.0,4.0,0.0,4.0,0.0,0.0,0.0
51215,2023.0,12.0,22.0,15.0,17.440256,17.267223,20.071455,21.416534,18.30825,18.856129,17.397701,17.228348,18.141375,18.081072,20.386587,22.496107,18.38296,18.19789,17.69298,17.512527,16.650694,16.524103,0.0,4.0,0.0,0.0,0.0,0.0,0.0,0.0
51216,2023.0,12.0,22.0,16.0,18.013926,18.451796,18.571005,18.48334,18.104485,18.42285,17.59566,17.84745,17.090157,16.762516,18.544632,18.756145,18.32103,18.142868,17.676395,17.522396,16.591785,16.465525,0.0,4.0,4.0,0.0,0.0,0.0,0.0,0.0
51217,2023.0,12.0,22.0,16.0,17.541279,17.483736,18.504082,18.702711,17.385996,17.118477,17.12078,16.922485,17.77232,18.248468,17.735723,17.546843,18.997412,19.470837,17.619623,17.471067,17.426365,18.075096,4.0,0.0,0.0,4.0,0.0,4.0,0.0,4.0
51218,2023.0,12.0,22.0,16.0,17.278727,17.105959,20.18498,21.794302,17.754656,17.967356,17.503555,17.754206,20.289728,22.566048,17.506151,17.302773,18.980549,19.284258,17.558464,17.409275,20.318514,22.981468,4.0,4.0,4.0,0.0,0.0,4.0,0.0,0.0
51219,2023.0,12.0,22.0,16.0,17.873646,18.32316,20.049707,21.40754,17.30468,17.04885,17.074797,16.861446,18.160574,18.108957,17.314114,17.11648,18.968063,19.254173,17.495401,17.347042,18.623213,19.195185,0.0,0.0,0.0,0.0,0.0,4.0,0.0,4.0
51220,2023.0,12.0,22.0,16.0,18.093111,18.574947,18.868145,19.046728,17.621574,17.846943,16.729086,16.407358,17.11071,16.780867,17.162905,16.975733,18.288067,17.95027,17.436365,17.288292,20.301168,22.516033,4.0,4.0,0.0,0.0,0.0,0.0,0.0,0.0
51221,2023.0,12.0,22.0,16.0,18.113686,18.589573,20.209423,21.809233,17.184984,16.934147,16.59933,16.266119,17.004744,16.824186,17.030546,16.847157,17.966064,17.568775,17.3821,17.234478,18.171984,18.106647,0.0,0.0,0.0,0.0,0.0,0.0,0.0,0.0
51222,2023.0,12.0,22.0,17.0,17.517397,17.464848,18.588394,18.53148,17.519384,17.751205,17.408321,17.882265,16.929808,16.776451,16.918247,16.743034,17.858332,17.46029,17.331598,17.184332,17.183596,16.876015,0.0,4.0,4.0,0.0,0.0,0.0,0.0,0.0
51223,2023.0,12.0,22.0,17.0,17.950193,18.404203,18.041815,17.860596,17.065268,16.845352,17.07096,17.1089,16.841692,16.693092,16.835346,16.663979,18.789335,19.311356,17.28921,17.141783,18.050394,18.708883,0.0,0.0,0.0,0.0,0.0,4.0,0.0,4.0
51224,2023.0,12.0,22.0,17.0,17.447989,17.400328,17.864319,17.714352,17.464539,17.701612,16.637745,16.354506,16.757349,16.614094,16.75933,16.59363,18.104933,17.814798,18.24216,18.969454,20.286888,22.52446,0.0,4.0,0.0,0.0,0.0,0.0,4.0,0.0
51225,2023.0,12.0,22.0,17.0,17.108255,16.953009,18.09696,18.329964,17.062643,16.846016,16.449451,16.126326,16.66903,16.530664,16.680117,16.51994,17.738571,17.35848,17.544687,17.312702,18.16319,18.097437,4.0,0.0,0.0,0.0,0.0,0.0,0.0,0.0
51226,2023.0,12.0,22.0,17.0,16.99878,16.823885,20.217134,22.153702,17.45395,17.69327,17.276112,17.761522,16.600471,16.463467,16.614376,16.455101,17.659832,17.273972,17.227617,16.898424,17.427893,17.074371,0.0,4.0,4.0,0.0,0.0,0.0,0.0,0.0
51227,2023.0,12.0,22.0,17.0,17.103577,17.11735,18.70012,18.972652,17.062496,16.863783,16.838953,16.691463,16.527966,16.391703,16.547739,16.390568,17.786068,17.59153,17.108057,16.78214,17.316492,17.135057,0.0,0.0,0.0,0.0,0.0,0.0,0.0,0.0
51228,2023.0,12.0,22.0,18.0,17.128447,17.183485,18.411499,18.705534,16.75559,16.404247,16.49139,16.16028,16.468678,16.329039,16.492836,16.332602,17.807833,17.630816,17.203758,17.05659,17.215153,17.054546,4.0,0.0,0.0,0.0,0.0,0.0,0.0,0.0
51229,2023.0,12.0,22.0,18.0,21.237663,24.455212,20.228739,21.965097,21.207243,24.349926,21.24926,24.617926,16.417557,16.279947,16.445456,16.287521,21.237154,23.5183,21.49838,24.40906,17.102716,16.95147,4.0,0.0,4.0,0.0,0.0,0.0,0.0,0.0
51230,2023.0,12.0,22.0,18.0,21.009842,23.537706,20.044561,21.464766,21.007032,23.489164,21.01077,23.625362,16.363577,16.226313,16.394753,16.23723,21.017475,22.89397,21.21644,23.485138,17.984022,18.730541,0.0,0.0,4.0,0.0,0.0,0.0,0.0,4.0
51231,2023.0,12.0,22.0,18.0,21.048824,23.306847,18.803757,18.971762,21.077866,23.33696,21.101103,23.48902,16.318726,16.182863,16.351774,16.196173,21.032156,22.674656,20.92499,22.643343,20.282772,22.536877,4.0,0.0,0.0,0.0,0.0,4.0,4.0,0.0
51232,2023.0,12.0,22.0,18.0,21.069368,23.180294,20.225115,21.889,21.067326,23.119734,21.08542,23.229254,16.279781,16.144176,16.310991,16.155224,21.043499,22.51291,21.05927,22.740917,18.122448,18.023605,0.0,0.0,0.0,0.0,0.0,4.0,4.0,0.0
51233,2023.0,12.0,22.0,18.0,21.052946,22.964237,18.541039,18.4669,21.06675,22.980726,21.061102,23.000727,16.246225,16.111555,16.274385,16.119986,21.068638,22.4501,21.075975,22.683926,17.139946,16.801723,0.0,0.0,4.0,0.0,0.0,0.0,0.0,0.0
51234,2023.0,12.0,22.0,19.0,21.079899,22.924915,18.25338,18.517952,21.064089,22.87502,21.062925,22.893326,16.21526,16.080725,16.615719,16.790014,21.031649,22.25394,21.067986,22.570688,17.090034,16.934444,4.0,0.0,4.0,0.0,4.0,4.0,0.0,0.0
51235,2023.0,12.0,22.0,19.0,21.162962,22.98426,20.337124,22.230534,21.18929,23.031296,21.163256,23.03121,16.187567,16.053877,20.387415,23.025312,21.131695,22.40074,21.18515,22.728241,17.031023,16.888794,0.0,4.0,0.0,0.0,0.0,0.0,0.0,0.0
51236,2023.0,12.0,22.0,19.0,21.051605,22.696562,19.098694,19.60797,21.067327,22.750246,21.055004,22.724268,16.16206,16.028746,18.260561,18.58196,21.059246,22.191551,21.066631,22.428167,16.938988,16.801939,4.0,0.0,4.0,0.0,0.0,0.0,0.0,0.0
51237,2023.0,12.0,22.0,19.0,21.165684,22.898169,20.229263,21.862123,21.17282,22.865217,21.166061,22.915169,16.138445,16.005312,17.042992,16.898169,21.130896,22.28559,21.215221,22.704931,17.777096,18.456387,4.0,4.0,0.0,0.0,0.0,0.0,0.0,4.0
51238,2023.0,12.0,22.0,19.0,21.069984,22.660776,20.045525,21.390656,21.07948,22.641289,21.077168,22.68967,16.116608,15.983675,16.80637,16.64047,21.04408,22.097982,21.053814,22.357344,20.314137,22.658766,0.0,0.0,0.0,0.0,0.0,0.0,0.0,0.0
51239,2023.0,12.0,22.0,19.0,21.069975,22.62408,18.840492,18.982891,21.073496,22.58356,21.036242,22.58282,16.096457,15.963959,16.693554,16.532799,21.04526,22.08723,21.053446,22.339338,18.08384,17.976402,4.0,0.0,4.0,0.0,0.0,0.0,0.0,0.0
51240,2023.0,12.0,22.0,20.0,21.028234,22.519901,20.22323,21.828518,21.04834,22.476105,21.058975,22.590965,16.076708,15.944281,16.59938,16.436092,21.044775,22.073503,21.052956,22.322227,18.018507,18.507433,0.0,4.0,4.0,0.0,0.0,0.0,0.0,4.0
51241,2023.0,12.0,22.0,20.0,21.049492,22.533821,18.877394,19.045343,21.077585,22.528286,21.080317,22.625515,16.058067,15.926047,16.52031,16.359861,21.014563,21.982733,21.013153,22.200775,20.287792,22.374174,4.0,0.0,0.0,0.0,0.0,4.0,4.0,0.0
51242,2023.0,12.0,22.0,20.0,21.07303,22.579428,20.221205,21.82895,21.04628,22.420029,21.07459,22.58437,16.039875,15.90799,16.44933,16.288383,21.033045,21.989418,21.073061,22.317463,18.206867,18.061018,4.0,4.0,0.0,0.0,0.0,4.0,0.0,0.0
51243,2023.0,12.0,22.0,20.0,21.066881,22.542362,20.025326,21.30839,21.051256,22.412148,21.074278,22.5569,16.022259,15.890389,16.386263,16.225374,21.030506,21.962776,21.061731,22.264658,18.199888,18.691584,4.0,4.0,0.0,0.0,0.0,4.0,0.0,4.0
51244,2023.0,12.0,22.0,20.0,21.067533,22.519987,20.052948,21.285103,21.075409,22.464903,21.057652,22.532888,16.005987,15.874595,16.333475,16.174187,21.030407,21.944613,21.02322,22.134039,20.280436,22.242064,4.0,0.0,0.0,0.0,0.0,4.0,4.0,0.0
51245,2023.0,12.0,22.0,20.0,21.024944,22.42617,20.04911,21.226095,21.069717,22.433182,21.034418,22.46805,15.990234,15.858952,16.28652,16.12765,21.029945,21.928043,21.07006,22.242195,18.974874,19.4177,4.0,0.0,4.0,0.0,0.0,4.0,0.0,4.0
51246,2023.0,12.0,22.0,21.0,21.047146,22.449888,20.066824,21.239613,21.069654,22.413343,21.039099,22.480661,16.728025,17.260628,16.245365,16.08709,21.029682,21.913477,21.021524,22.099508,20.250484,21.990898,0.0,0.0,4.0,4.0,0.0,4.0,4.0,0.0
51247,2023.0,12.0,22.0,21.0,21.044489,22.429638,18.943308,19.036367,21.052967,22.394371,21.079557,22.548792,20.35744,23.36189,16.2077,16.049244,21.029282,21.899721,21.069614,22.213911,18.367971,18.166895,4.0,0.0,0.0,0.0,0.0,4.0,0.0,0.0
51248,2023.0,12.0,22.0,21.0,21.193985,22.714329,20.20621,21.647367,21.228365,22.730934,21.180756,22.702465,18.24026,18.67334,16.169403,16.008707,21.132904,22.112925,21.19389,22.4456,17.464016,17.075434,4.0,4.0,4.0,4.0,0.0,0.0,0.0,0.0
51249,2023.0,12.0,22.0,21.0,21.070177,22.467344,20.028387,21.201096,21.034227,22.344755,21.077518,22.492096,20.38868,22.775957,16.514038,16.6842,21.023708,21.854055,21.02108,22.051966,17.405043,17.222292,4.0,4.0,0.0,4.0,4.0,4.0,4.0,0.0
51250,2023.0,12.0,22.0,21.0,21.037905,22.362705,20.051727,21.19113,21.050821,22.350477,21.071854,22.460438,21.031551,23.459679,20.453949,23.214767,21.059246,21.93413,21.068739,22.169846,17.326506,17.162973,4.0,4.0,0.0,0.0,0.0,0.0,0.0,0.0
51251,2023.0,12.0,22.0,21.0,21.043177,22.35971,20.065464,21.191751,21.073591,22.395088,21.071802,22.439976,18.121756,17.936134,18.189144,18.486328,21.053448,21.905605,21.060167,22.139345,17.204638,17.045567,0.0,0.0,0.0,0.0,0.0,0.0,0.0,0.0
51252,2023.0,12.0,22.0,22.0,21.069408,22.42099,18.955927,19.011585,21.068262,22.36082,21.029669,22.352377,17.103155,16.693941,16.961397,16.81916,21.023674,21.812607,21.06075,22.126217,17.097105,16.941319,4.0,0.0,4.0,0.0,0.0,4.0,0.0,0.0
51253,2023.0,12.0,22.0,22.0,21.0368,22.321123,20.212896,21.625114,21.042866,22.270252,21.061962,22.450151,17.6658,18.039488,16.726452,16.55347,21.058453,21.897156,21.046564,22.112236,17.81421,18.38562,0.0,4.0,0.0,4.0,0.0,0.0,0.0,4.0
51254,2023.0,12.0,22.0,22.0,21.068998,22.396713,18.965721,19.069778,21.047287,22.268585,21.047207,22.37137,20.3589,22.560295,16.60311,16.433496,21.052317,21.873623,21.008291,22.015057,20.271173,22.480774,4.0,4.0,4.0,0.0,0.0,0.0,4.0,4.0
51255,2023.0,12.0,22.0,22.0,21.061829,22.368069,20.216965,21.690147,21.071531,22.328762,21.075228,22.429403,18.108507,17.974907,16.510199,16.344296,21.052454,21.863403,21.028662,22.042362,20.04521,21.767965,0.0,0.0,0.0,0.0,0.0,0.0,4.0,0.0
51256,2023.0,12.0,22.0,22.0,21.061947,22.354893,18.636694,18.496613,21.065702,22.30358,21.068829,22.397493,17.039862,16.655931,16.433376,16.271275,21.007822,21.774897,21.0661,22.137787,18.185518,17.987913,0.0,0.0,0.0,0.0,0.0,4.0,0.0,0.0
51257,2023.0,12.0,22.0,22.0,21.019657,22.27007,17.96389,17.79886,21.040167,22.220062,21.068747,22.380747,17.627361,18.022938,16.366442,16.20778,21.028044,21.807663,21.05783,22.105276,17.32216,16.95624,0.0,4.0,0.0,4.0,0.0,4.0,0.0,0.0
51258,2023.0,12.0,22.0,23.0,21.0689,22.375422,17.80685,17.662024,21.070316,22.294588,21.05233,22.36675,20.348454,22.570837,16.594364,16.68695,21.025784,21.799322,21.058195,22.0898,17.284418,17.117224,0.0,0.0,0.0,0.0,4.0,4.0,0.0,0.0
51259,2023.0,12.0,22.0,23.0,19.603653,19.549559,17.648457,17.505503,19.545368,19.362988,19.740227,19.86079,18.147297,18.062658,16.728214,16.857973,19.760878,19.395447,19.616436,19.307379,17.986502,18.512909,0.0,0.0,0.0,0.0,4.0,0.0,0.0,4.0
51260,2023.0,12.0,22.0,23.0,18.941124,18.630215,17.981829,18.223873,19.08459,18.870325,19.083557,18.938538,17.912495,18.016254,16.46662,16.354992,19.993317,20.127474,19.273045,19.041725,17.245657,16.953184,4.0,0.0,0.0,4.0,0.0,4.0,0.0,0.0
51261,2023.0,12.0,22.0,23.0,18.93353,18.889805,17.667175,17.628706,18.880217,18.692959,18.793274,18.629263,17.35798,17.028345,16.323511,16.170944,20.02469,20.184515,19.100554,18.897934,16.935787,16.585445,0.0,0.0,0.0,0.0,0.0,4.0,0.0,0.0
51262,2023.0,12.0,22.0,23.0,18.816715,18.807833,17.426035,17.281425,18.677711,18.48576,18.571003,18.400003,17.01024,16.603128,16.257195,16.09927,19.961237,20.129148,18.91875,18.717857,16.809511,16.46053,0.0,0.0,0.0,0.0,0.0,4.0,0.0,0.0
51263,2023.0,12.0,22.0,23.0,18.681004,18.682728,17.321686,17.178661,18.520315,18.339794,18.401028,18.242418,17.036589,16.8414,16.207077,16.051302,19.241343,18.823648,18.770514,18.58146,16.889748,16.730204,0.0,0.0,0.0,0.0,0.0,0.0,0.0,0.0
51264,2023.0,12.0,23.0,0.0,18.553709,18.558956,17.697386,17.961254,19.072199,19.507668,18.245604,18.090641,16.975355,16.81211,16.159924,16.004005,18.910555,18.414917,18.633818,18.450262,16.867085,16.725698,4.0,4.0,0.0,0.0,0.0,0.0,0.0,0.0
51265,2023.0,12.0,23.0,0.0,18.438591,18.447062,17.390734,17.35563,18.586702,18.565174,18.108082,17.956682,17.506756,17.904694,16.116379,15.9603405,18.74085,18.247175,18.511616,18.332897,16.810091,16.669743,0.0,0.0,0.0,4.0,0.0,0.0,0.0,0.0
51266,2023.0,12.0,23.0,0.0,18.335892,18.348755,17.632814,17.896465,18.016094,17.602531,17.986784,17.840601,17.049828,16.947182,16.359865,16.4487,18.609562,18.125898,19.433516,20.175852,16.754646,16.615158,4.0,0.0,0.0,0.0,4.0,0.0,4.0,0.0
51267,2023.0,12.0,23.0,0.0,18.241459,18.257158,17.102495,16.84852,17.761465,17.294197,17.87587,17.733105,16.822578,16.670904,16.174292,16.039698,18.727774,18.485186,18.483013,18.178875,16.701206,16.561905,0.0,0.0,0.0,0.0,0.0,0.0,0.0,0.0
51268,2023.0,12.0,23.0,0.0,18.89776,19.56996,16.762701,16.340534,17.866465,17.653568,17.773706,17.632711,16.729055,16.57956,16.058994,15.901806,18.724312,18.52489,18.094683,17.684092,16.650188,16.510357,0.0,0.0,0.0,0.0,0.0,0.0,0.0,0.0
51269,2023.0,12.0,23.0,0.0,18.388342,18.510632,16.874521,16.684093,17.84728,17.683231,17.680882,17.542158,16.64762,16.500593,16.018288,15.861406,19.397367,19.856117,17.946875,17.539948,16.602407,16.46233,0.0,0.0,0.0,0.0,0.0,4.0,0.0,0.0
51270,2023.0,12.0,23.0,1.0,17.862934,17.6113,16.88648,16.747839,17.770699,17.610313,17.59415,17.456348,16.574018,16.424915,15.978822,15.821102,19.29457,19.508749,18.041706,17.855862,16.556797,16.415949,0.0,0.0,0.0,0.0,0.0,4.0,0.0,0.0
51271,2023.0,12.0,23.0,1.0,17.690395,17.424692,16.839159,16.705431,17.698706,17.542805,17.517103,17.383455,16.510136,16.362303,15.943803,15.786446,18.605684,18.207663,18.00655,17.832857,16.514952,16.374693,0.0,0.0,0.0,0.0,0.0,0.0,0.0,0.0
51272,2023.0,12.0,23.0,1.0,17.83107,17.820704,16.789402,16.656702,17.628109,17.473974,17.443106,17.310879,17.036182,17.403303,15.909638,15.751569,18.340282,17.872995,17.940805,17.767637,16.474064,16.33326,0.0,0.0,0.0,4.0,0.0,0.0,0.0,0.0
51273,2023.0,12.0,23.0,1.0,17.822615,17.843954,16.74149,16.609995,17.561996,17.410099,17.3746,17.244324,16.600971,16.46906,15.877454,15.718981,18.221218,17.754454,17.876688,17.703669,16.43533,16.2943,0.0,0.0,0.0,0.0,0.0,0.0,0.0,0.0
51274,2023.0,12.0,23.0,1.0,17.769976,17.793215,16.694948,16.563795,17.49856,17.347973,17.309475,17.180132,16.83611,17.005342,15.8462305,15.686976,18.37376,18.15716,17.81483,17.641312,16.397821,16.256174,0.0,0.0,0.0,4.0,0.0,0.0,0.0,0.0
51275,2023.0,12.0,23.0,1.0,17.71835,17.743576,16.651602,16.521973,17.44003,17.292246,17.249762,17.122885,16.321505,15.973399,15.816941,15.657692,18.365389,18.161383,17.757545,17.584732,16.362535,16.221052,0.0,0.0,0.0,0.0,0.0,0.0,0.0,0.0
51276,2023.0,12.0,23.0,2.0,17.664429,17.687775,16.606045,16.473837,17.379974,17.230213,17.188627,17.059359,16.128927,15.767046,15.786588,15.625286,18.317507,18.11201,17.700617,17.525791,16.326727,16.183615,0.0,0.0,0.0,0.0,0.0,0.0,0.0,0.0
51277,2023.0,12.0,23.0,2.0,17.617218,17.643599,16.568192,16.439548,17.329325,17.184078,17.13715,17.01216,16.24501,16.088667,15.760426,15.600403,18.27299,18.068947,17.650066,17.476816,16.294714,16.152643,0.0,0.0,0.0,0.0,0.0,0.0,0.0,0.0
51278,2023.0,12.0,23.0,2.0,17.569769,17.597113,16.528872,16.400614,17.278059,17.133802,17.08507,16.960785,16.23056,16.079927,15.734111,15.57402,18.228403,18.024286,17.600943,17.42783,16.263063,16.121058,0.0,0.0,0.0,0.0,0.0,0.0,0.0,0.0
51279,2023.0,12.0,23.0,2.0,17.525164,17.554287,16.492462,16.366062,17.230707,17.088953,17.037024,16.915014,16.192074,16.042109,15.709445,15.549976,18.186539,17.983154,17.554918,17.382645,16.233013,16.091574,0.0,0.0,0.0,0.0,0.0,0.0,0.0,0.0
51280,2023.0,12.0,23.0,2.0,17.482311,17.513075,16.457312,16.33268,17.1854,17.046005,16.99109,16.871227,16.154167,16.004883,15.685707,15.526873,18.146551,17.943909,17.511112,17.339666,16.204018,16.063152,0.0,0.0,0.0,0.0,0.0,0.0,0.0,0.0
51281,2023.0,12.0,23.0,2.0,17.443575,17.478378,16.426165,16.306124,17.145113,17.011158,16.95032,16.835747,16.11978,15.973147,15.6642685,15.50754,18.110258,17.910303,17.471123,17.302353,16.906446,17.410854,0.0,0.0,0.0,0.0,0.0,0.0,0.0,4.0
51282,2023.0,12.0,23.0,3.0,17.40358,17.439674,16.871567,17.170012,17.103186,16.971235,16.90805,16.79521,16.08531,15.939311,15.934238,16.031403,18.07357,17.874294,17.430998,17.262974,16.412792,16.316744,4.0,0.0,0.0,0.0,4.0,0.0,0.0,0.0
51283,2023.0,12.0,23.0,3.0,17.36413,17.400661,17.013811,17.349413,17.06197,16.931164,16.866816,16.754742,16.052176,15.906319,15.727341,15.567507,18.037767,17.838625,17.391851,17.224005,16.095182,15.798142,4.0,0.0,0.0,0.0,0.0,0.0,0.0,0.0
51284,2023.0,12.0,23.0,3.0,17.327602,17.366222,16.413897,16.16632,17.02385,16.895853,16.828836,16.719213,16.02212,15.877648,15.946114,16.042898,18.00463,17.80693,17.35547,17.18913,15.993307,15.689558,0.0,0.0,0.0,0.0,4.0,0.0,0.0,0.0
51285,2023.0,12.0,23.0,3.0,17.295938,17.340385,16.14256,15.762873,16.985231,16.858294,16.790237,16.681408,15.992509,15.848292,15.736041,15.577686,17.971445,17.773962,17.319103,17.153008,16.093084,15.95604,0.0,0.0,0.0,0.0,0.0,0.0,0.0,0.0
51286,2023.0,12.0,23.0,3.0,17.273893,17.331255,16.288662,16.145687,16.94775,16.82188,16.752699,16.644724,15.964283,15.820461,15.657599,15.50191,17.939411,17.74229,17.284061,17.118382,16.087399,15.950378,0.0,0.0,0.0,0.0,0.0,0.0,0.0,0.0
51287,2023.0,12.0,23.0,3.0,17.243097,17.301474,16.294687,16.177008,16.913202,16.790306,16.71805,16.612894,16.524014,16.896683,15.629599,15.476221,17.90955,17.714077,17.251316,17.087313,16.062662,15.926956,0.0,0.0,0.0,4.0,0.0,0.0,0.0,0.0
51288,2023.0,12.0,23.0,4.0,17.21119,17.269966,16.266788,16.15323,16.87831,16.757101,16.683006,16.579401,16.121885,16.005068,15.601646,15.449211,17.879698,17.685064,17.218708,17.05558,16.037474,15.902511,0.0,0.0,0.0,0.0,0.0,0.0,0.0,0.0
51289,2023.0,12.0,23.0,4.0,17.179909,17.238981,16.236359,16.12448,16.844095,16.724396,16.64864,16.546412,15.992521,15.851083,15.867899,15.969031,17.850498,17.656662,17.18687,17.024582,16.740927,17.24949,0.0,0.0,0.0,0.0,4.0,0.0,0.0,4.0
51290,2023.0,12.0,23.0,4.0,17.148657,17.207767,16.205425,16.09461,16.810165,16.691534,16.614748,16.513376,15.951193,15.810286,15.671582,15.531616,17.821459,17.628164,17.155293,16.993584,16.250523,16.162235,0.0,0.0,0.0,0.0,0.0,0.0,0.0,0.0
51291,2023.0,12.0,23.0,4.0,17.11731,17.176111,16.666256,16.985426,16.776583,16.658657,16.581528,16.480534,15.914163,15.773368,15.580906,15.428169,17.792501,17.599516,17.123894,16.962523,15.94713,15.667524,4.0,0.0,0.0,0.0,0.0,0.0,0.0,0.0
51292,2023.0,12.0,23.0,4.0,17.08658,17.145384,16.370638,16.343948,16.743866,16.626902,16.549139,16.448854,15.88174,15.741272,15.5520115,15.40059,17.764019,17.571554,17.09305,16.932232,15.843485,15.551735,0.0,0.0,0.0,0.0,0.0,0.0,0.0,0.0
51293,2023.0,12.0,23.0,4.0,17.054708,17.11204,16.20411,16.090385,16.709496,16.591303,16.514868,16.413225,15.850127,15.708686,15.522186,15.369688,17.734533,17.541355,17.061354,16.89994,15.946619,15.823045,0.0,0.0,0.0,0.0,0.0,0.0,0.0,0.0
51294,2023.0,12.0,23.0,5.0,17.02478,17.082193,16.156326,16.043425,16.677757,16.560493,16.483036,16.382265,15.821495,15.680522,15.496075,15.344063,17.706419,17.51375,17.031038,16.870165,15.92924,15.795138,0.0,0.0,0.0,0.0,0.0,0.0,0.0,0.0
51295,2023.0,12.0,23.0,5.0,16.998,17.058302,16.12166,16.015131,16.650377,16.537863,16.455515,16.35945,15.796704,15.65892,15.756557,15.851896,17.681335,17.491985,18.010881,18.74045,16.6141,17.105566,0.0,0.0,0.0,0.0,4.0,0.0,4.0,4.0
51296,2023.0,12.0,23.0,5.0,16.969782,17.031075,16.087788,15.983241,16.62131,16.510786,16.426292,16.332148,15.771551,15.63517,15.888577,16.026703,17.655285,17.467594,17.185755,16.944275,16.163147,16.098875,0.0,0.0,0.0,0.0,4.0,0.0,0.0,0.0
51297,2023.0,12.0,23.0,5.0,16.941446,17.003128,16.056053,15.952734,16.592392,16.483072,16.397387,16.30429,15.747117,15.611651,15.936191,16.082167,17.629332,17.442781,16.89838,16.56266,16.553858,16.905497,0.0,0.0,0.0,0.0,4.0,0.0,0.0,4.0
51298,2023.0,12.0,23.0,5.0,16.914392,16.97733,16.027424,15.926206,16.564745,16.457558,16.370169,16.278887,15.724479,15.590613,15.783971,15.7466,17.60469,17.419987,16.816654,16.486307,15.987528,15.734308,0.0,0.0,0.0,0.0,4.0,0.0,0.0,0.0
51299,2023.0,12.0,23.0,5.0,16.886387,16.949278,15.9986925,15.898019,16.535925,16.429552,16.342169,16.251291,15.701951,15.568791,15.439104,15.133665,17.579676,17.39586,16.930155,16.783373,15.802304,15.517193,0.0,0.0,0.0,0.0,0.0,0.0,0.0,0.0
51300,2023.0,12.0,23.0,6.0,16.86121,16.926533,15.973568,15.876381,16.509975,16.407106,16.316881,16.229176,15.682027,15.551279,15.317993,15.000564,17.557045,17.375963,17.929142,18.668406,15.737569,15.461442,0.0,0.0,0.0,0.0,0.0,0.0,4.0,0.0
51301,2023.0,12.0,23.0,6.0,21.220406,24.531584,15.946002,15.849759,21.129705,24.543413,21.085949,24.616005,16.242228,16.622442,15.399575,15.233041,21.349783,23.794992,21.764814,25.08269,15.825116,15.697099,0.0,0.0,0.0,4.0,0.0,0.0,0.0,0.0
51302,2023.0,12.0,23.0,6.0,21.007036,23.647419,15.915852,15.820296,21.011215,23.758404,20.992298,23.8409,20.369923,23.655422,15.432948,15.28951,20.97031,22.915762,20.92723,23.087599,15.837421,15.712011,0.0,0.0,4.0,0.0,0.0,0.0,0.0,0.0
51303,2023.0,12.0,23.0,6.0,21.078444,23.488018,15.886367,15.791024,21.083199,23.551666,21.091703,23.695627,18.324198,19.067549,15.4091015,15.2678385,21.070194,22.877909,21.060522,23.0454,15.810991,15.686206,0.0,0.0,0.0,4.0,0.0,0.0,4.0,0.0
51304,2023.0,12.0,23.0,6.0,21.067404,23.26218,15.857708,15.762592,21.07184,23.294847,21.069477,23.35697,20.322983,22.959236,15.38393,15.243264,21.027796,22.60417,21.08158,22.925343,16.544724,17.08844,0.0,0.0,4.0,4.0,0.0,4.0,0.0,4.0
51305,2023.0,12.0,23.0,6.0,21.066433,23.115488,15.829952,15.734962,21.07096,23.128613,21.094593,23.238176,20.047657,22.118582,15.360486,15.220281,21.060326,22.569544,21.035782,22.66454,20.385027,23.588484,0.0,0.0,0.0,0.0,0.0,0.0,4.0,0.0
51306,2023.0,12.0,23.0,7.0,21.06452,23.005445,15.802951,15.708067,21.068916,23.004593,21.086777,23.082363,17.927155,17.819344,15.338666,15.198978,21.06751,22.460606,21.080288,22.680956,18.202316,18.749458,0.0,0.0,0.0,0.0,0.0,0.0,0.0,4.0
51307,2023.0,12.0,23.0,7.0,21.03753,22.85345,15.777031,15.683031,21.06731,22.911491,21.068892,22.973913,16.872185,16.503483,15.318559,15.179909,21.06465,22.36339,21.070509,22.579197,20.34343,22.944977,0.0,0.0,0.0,0.0,0.0,0.0,0.0,4.0
51308,2023.0,12.0,23.0,7.0,21.067373,22.87879,16.252584,16.59769,21.06515,22.837904,21.044233,22.845814,16.766384,16.584967,15.299321,15.16135,21.048794,22.290245,21.069134,22.510979,20.040812,22.08052,4.0,0.0,4.0,0.0,0.0,0.0,0.0,0.0
51309,2023.0,12.0,23.0,7.0,21.687729,23.881117,20.21709,23.344862,21.911472,24.113253,22.026423,24.333647,16.670586,16.510624,15.282305,15.145855,21.78147,23.41404,21.832928,23.740904,17.92826,17.804806,0.0,4.0,0.0,0.0,0.0,0.0,0.0,0.0
51310,2023.0,12.0,23.0,7.0,20.94603,22.39339,18.318197,19.0808,20.91221,22.262938,20.907736,22.2942,16.546543,16.394892,15.637516,15.818116,20.940828,21.86162,20.90129,21.95049,16.930967,16.591122,4.0,0.0,0.0,0.0,4.0,0.0,0.0,0.0
51311,2023.0,12.0,23.0,7.0,21.212564,22.92739,20.299166,23.002872,21.106665,22.642117,21.092348,22.701864,16.438055,16.291912,20.337627,23.764153,21.148499,22.298544,21.081375,22.343649,16.826584,16.663979,0.0,0.0,0.0,0.0,4.0,0.0,0.0,0.0
51312,2023.0,12.0,23.0,8.0,21.076479,22.655552,18.199465,18.565369,21.046377,22.48672,21.060726,22.651491,16.346855,16.207048,20.01054,22.656862,21.044605,22.096903,21.051155,22.30012,17.74258,18.502234,0.0,4.0,0.0,0.0,0.0,0.0,0.0,4.0
51313,2023.0,12.0,23.0,8.0,19.374313,19.372208,16.987362,16.951862,19.307234,19.173616,19.493685,19.644583,16.269684,16.136662,17.872618,18.175673,20.501665,21.027784,19.65702,19.625948,20.29319,22.721792,0.0,0.0,0.0,0.0,0.0,4.0,0.0,4.0
51314,2023.0,12.0,23.0,8.0,18.409973,18.158245,17.155842,17.460491,18.266893,17.830933,18.53843,18.425806,16.197643,16.067858,16.675488,16.545664,19.532476,19.390312,18.904795,18.721384,20.015835,21.899588,4.0,0.0,0.0,0.0,0.0,0.0,0.0,4.0
51315,2023.0,12.0,23.0,8.0,19.02985,19.644266,20.25846,22.865831,18.812813,19.194014,18.852358,19.296902,16.12965,15.99938,16.39039,16.231827,18.862696,18.41975,19.617588,20.327826,20.083864,21.876236,0.0,4.0,4.0,0.0,0.0,0.0,4.0,0.0
51316,2023.0,12.0,23.0,8.0,18.376965,18.297136,18.321161,18.73925,18.736582,18.952883,18.939869,19.451777,16.06831,15.938695,16.606764,16.780724,18.53945,18.070162,18.688625,18.38979,18.851236,19.324831,0.0,4.0,4.0,0.0,4.0,0.0,0.0,4.0
51317,2023.0,12.0,23.0,8.0,18.620178,18.970259,17.78569,18.07328,18.584066,18.769018,18.041883,17.802181,16.021088,15.890954,20.361555,23.23816,19.388205,19.849585,18.224209,17.81097,21.405527,23.667187,4.0,4.0,0.0,0.0,4.0,4.0,0.0,0.0
51318,2023.0,12.0,23.0,9.0,18.073017,17.94332,20.284155,22.507166,18.482222,18.677153,18.124414,18.290892,16.684937,17.17998,20.024136,22.207394,19.394205,19.636497,17.981586,17.579052,18.4163,18.242363,4.0,4.0,4.0,4.0,4.0,4.0,0.0,0.0
51319,2023.0,12.0,23.0,9.0,17.654608,17.430262,20.028614,21.795305,18.39265,18.594862,17.576038,17.258505,20.362879,23.414486,20.078556,22.035292,18.578608,18.184813,19.031004,19.759554,17.444098,17.08368,4.0,4.0,0.0,0.0,4.0,0.0,4.0,0.0
51320,2023.0,12.0,23.0,9.0,18.174726,18.563492,20.067125,21.727177,18.317108,18.525656,17.179798,16.774742,18.218794,18.691505,20.083776,21.861353,18.960638,19.192791,18.248512,17.965862,17.288912,17.102407,4.0,4.0,0.0,4.0,0.0,4.0,0.0,0.0
51321,2023.0,12.0,23.0,9.0,18.350727,18.789085,20.077381,21.65775,18.252308,18.46663,17.674494,17.847652,20.331429,22.867266,18.143715,17.993818,18.413252,18.03124,17.721664,17.352219,17.152117,16.995058,0.0,4.0,4.0,0.0,0.0,0.0,0.0,0.0
51322,2023.0,12.0,23.0,9.0,18.336761,18.776932,18.676046,18.87171,18.195332,18.415293,17.865618,18.117994,17.976702,17.95197,17.275553,17.066843,18.812153,19.049688,17.539244,17.167097,16.991106,16.842447,4.0,4.0,4.0,0.0,0.0,4.0,0.0,0.0
51323,2023.0,12.0,23.0,9.0,18.321674,18.76254,20.222227,21.862112,17.524294,17.205057,17.856861,18.114943,17.082531,16.69069,17.088078,16.887222,18.946503,19.202217,18.672348,19.430399,17.795225,18.46717,4.0,0.0,4.0,0.0,0.0,4.0,4.0,4.0
51324,2023.0,12.0,23.0,10.0,18.293787,18.72795,20.034248,21.421072,17.142561,16.732136,17.833918,18.095325,16.954657,16.756142,16.888968,16.697592,18.9591,19.211073,17.923033,17.648792,20.298052,22.67019,4.0,0.0,4.0,0.0,0.0,4.0,0.0,0.0
51325,2023.0,12.0,23.0,10.0,18.28534,18.735178,20.077124,21.472828,17.659746,17.831486,17.178316,16.896355,17.585997,18.082933,16.719763,16.538568,18.265642,17.899593,17.442114,17.093851,18.045504,17.982561,0.0,4.0,0.0,4.0,0.0,0.0,0.0,0.0
51326,2023.0,12.0,23.0,10.0,18.275824,18.731846,18.482334,18.381111,17.877848,18.137064,16.822453,16.45475,20.313406,22.738838,16.582777,16.414442,18.696815,18.958578,17.302677,16.955776,17.87321,18.324505,0.0,4.0,0.0,4.0,0.0,4.0,0.0,4.0
51327,2023.0,12.0,23.0,10.0,17.6356,17.552498,18.17924,18.406618,17.257006,16.980497,16.692875,16.329414,20.021591,21.879278,16.464373,16.305094,18.904392,19.181793,17.208416,16.870132,20.314804,22.55797,4.0,0.0,0.0,4.0,0.0,4.0,0.0,0.0
51328,2023.0,12.0,23.0,10.0,17.979458,18.414,20.210623,22.094961,17.582266,17.795197,16.793114,16.63407,20.083588,21.83417,16.35836,16.203964,18.933004,19.21539,17.29813,17.135574,18.831133,19.357262,4.0,4.0,0.0,0.0,0.0,4.0,0.0,4.0
51329,2023.0,12.0,23.0,10.0,17.530212,17.463017,20.033632,21.564852,17.791674,18.084787,16.818905,16.70593,18.208456,18.087046,16.676073,16.886534,18.959845,19.247847,18.30683,19.038565,20.240282,22.170961,4.0,4.0,0.0,0.0,4.0,4.0,4.0,4.0
51330,2023.0,12.0,23.0,11.0,17.902687,18.362352,20.15149,21.692837,17.811676,18.11411,16.776255,16.67238,17.239756,16.884094,20.411926,23.10279,18.98383,19.277594,18.549252,19.135775,21.168499,23.458612,4.0,4.0,0.0,0.0,0.0,4.0,4.0,0.0
51331,2023.0,12.0,23.0,11.0,18.091356,18.584446,20.052689,21.41893,17.213135,17.000164,16.731977,16.631603,17.111519,16.92533,18.21471,18.56058,18.292393,17.966547,18.60526,19.18554,19.691708,20.215157,4.0,0.0,0.0,0.0,0.0,0.0,4.0,4.0
51332,2023.0,12.0,23.0,11.0,17.466026,17.40586,20.052603,21.36743,17.531689,17.78958,16.68947,16.59227,17.011951,16.857279,17.342058,17.54774,18.727598,19.023478,18.677048,19.25741,20.200762,21.72564,4.0,4.0,0.0,0.0,4.0,4.0,4.0,0.0
51333,2023.0,12.0,23.0,11.0,17.850744,18.330135,20.05191,21.328787,17.723476,18.04182,16.650002,16.55633,16.88141,16.736685,20.3425,22.694817,18.213892,17.89605,17.79632,17.558662,18.472486,18.320248,4.0,4.0,0.0,0.0,0.0,0.0,0.0,0.0
51334,2023.0,12.0,23.0,11.0,18.04141,18.552359,20.068182,21.345472,17.74465,18.068434,17.326963,17.860785,16.765244,16.627232,18.389523,18.671743,17.89556,17.517818,17.374462,17.05941,17.602232,17.26689,0.0,4.0,4.0,0.0,0.0,0.0,0.0,0.0
51335,2023.0,12.0,23.0,11.0,17.43591,17.40948,18.929283,19.118,17.75304,18.080742,17.629313,18.221613,17.406929,17.927586,17.274311,17.17563,18.559929,18.863222,18.259737,18.845768,18.376966,19.012873,4.0,4.0,4.0,4.0,0.0,4.0,4.0,4.0
51336,2023.0,12.0,23.0,12.0,17.873308,18.359257,20.195074,21.588413,17.167439,16.994993,17.473862,17.850306,20.317749,22.911507,17.029358,16.873543,18.754288,19.09339,17.562454,17.344816,20.251797,22.232208,4.0,0.0,4.0,4.0,0.0,4.0,0.0,0.0
51337,2023.0,12.0,23.0,12.0,21.332607,24.282034,20.030304,21.22928,21.205055,24.261677,21.319262,24.534697,20.043165,22.036432,16.856451,16.699806,21.173748,23.328844,22.589172,26.109926,18.286736,18.19295,4.0,0.0,4.0,0.0,0.0,0.0,0.0,0.0
51338,2023.0,12.0,23.0,12.0,21.03667,23.368158,20.051125,21.249422,21.004366,23.385345,21.014215,23.515629,18.062815,17.98466,16.725813,16.574034,21.013271,22.692871,20.86323,22.712523,17.351458,17.024187,4.0,4.0,4.0,0.0,0.0,4.0,0.0,0.0
51339,2023.0,12.0,23.0,12.0,21.057543,23.153404,20.06584,21.277525,21.070616,23.225744,21.075293,23.35436,17.08704,16.75821,17.031578,17.248728,21.043425,22.551588,21.104591,22.969246,18.260818,18.99587,0.0,4.0,4.0,0.0,4.0,4.0,0.0,4.0
51340,2023.0,12.0,23.0,12.0,21.054468,22.989761,18.631577,18.515612,21.060265,23.014444,21.064915,23.140903,16.999403,16.836872,20.359003,22.840351,21.066534,22.47365,21.053675,22.731548,21.085033,23.605513,0.0,4.0,4.0,0.0,0.0,0.0,0.0,4.0
51341,2023.0,12.0,23.0,12.0,21.052864,22.876759,18.42106,18.666391,21.059183,22.8797,21.087097,23.06485,16.934803,16.797874,18.355967,18.665108,21.030806,22.273027,21.057869,22.637314,19.964653,21.375423,4.0,4.0,0.0,0.0,0.0,4.0,0.0,4.0
51342,2023.0,12.0,23.0,13.0,21.163939,23.03737,20.20994,21.927614,21.163706,23.011145,21.160612,23.102985,17.630198,18.21205,17.568785,17.776278,21.153759,22.443516,21.203812,22.851868,20.07715,21.516083,0.0,0.0,0.0,4.0,4.0,4.0,0.0,0.0
51343,2023.0,12.0,23.0,13.0,21.07036,22.779514,19.114532,19.621809,21.05043,22.685131,21.078836,22.853125,20.39624,22.886826,20.39436,22.604708,21.032318,22.140982,21.01563,22.385887,18.431395,18.259737,4.0,4.0,0.0,0.0,0.0,4.0,4.0,0.0
51344,2023.0,12.0,23.0,13.0,21.183748,22.93247,20.219664,21.829275,21.178488,22.885597,21.201118,23.044111,18.104502,18.07502,18.7699,19.26207,21.16228,22.358288,21.252111,22.799711,18.537529,19.023518,4.0,4.0,4.0,0.0,4.0,4.0,4.0,4.0
51345,2023.0,12.0,23.0,13.0,21.073742,22.69038,20.026638,21.337618,21.052769,22.587788,21.08333,22.76692,17.033401,16.71572,20.269258,22.243036,21.060076,22.133688,21.070177,22.414679,21.475927,23.967945,4.0,4.0,0.0,0.0,0.0,0.0,0.0,0.0
51346,2023.0,12.0,23.0,13.0,21.041395,22.573244,20.050697,21.315674,21.05229,22.55349,21.074606,22.703518,17.763134,18.32725,18.349756,18.283573,21.024864,22.00924,21.062437,22.358377,18.615782,18.489307,4.0,4.0,0.0,4.0,0.0,4.0,0.0,0.0
51347,2023.0,12.0,23.0,13.0,21.046446,22.560852,20.047054,21.261232,21.051456,22.523918,21.050097,22.597473,20.300924,22.570868,17.46864,17.292305,21.02958,21.996809,21.02305,22.217577,17.684431,17.352205,4.0,4.0,4.0,0.0,0.0,4.0,4.0,0.0
51348,2023.0,12.0,23.0,14.0,21.04488,22.53916,20.047003,21.228018,21.0507,22.49837,21.054478,22.581926,18.170815,18.119282,17.281012,17.112606,21.028578,21.977348,21.069443,22.317984,18.566698,19.291826,4.0,4.0,4.0,0.0,0.0,4.0,0.0,4.0
51349,2023.0,12.0,23.0,14.0,19.957108,20.436733,20.064415,21.253023,19.376373,19.297503,19.285149,19.19932,17.145317,16.838648,17.120035,16.957306,19.689804,19.41898,19.50204,19.280577,20.210129,21.970787,0.0,0.0,0.0,0.0,0.0,0.0,0.0,0.0
51350,2023.0,12.0,23.0,14.0,19.451988,19.877552,18.688416,18.59917,19.010216,19.185898,18.271238,17.920738,17.050049,16.888573,16.985102,16.83023,19.741112,19.958366,18.700245,18.331827,18.408436,18.295752,0.0,4.0,0.0,0.0,0.0,4.0,0.0,0.0
51351,2023.0,12.0,23.0,14.0,18.679514,18.555008,18.218493,18.057117,18.326548,17.996933,18.628342,18.822756,16.988348,16.851234,17.275274,17.463604,19.793056,20.04512,18.628595,18.435087,18.631765,19.07166,0.0,0.0,4.0,0.0,4.0,4.0,0.0,4.0
51352,2023.0,12.0,23.0,14.0,18.985903,19.364563,18.033766,17.902145,18.621187,18.781378,18.032152,17.758938,16.897217,16.766424,20.289865,22.698832,19.052402,18.700132,18.509188,18.342592,21.239481,23.539438,0.0,4.0,0.0,0.0,0.0,0.0,0.0,0.0
51353,2023.0,12.0,23.0,14.0,18.437727,18.350325,18.25751,18.505188,18.706615,18.947826,17.60232,17.240177,16.796871,16.670101,18.432707,18.714073,19.387344,19.626528,19.371086,20.11878,19.196514,19.198973,4.0,4.0,0.0,0.0,0.0,4.0,4.0,0.0
51354,2023.0,12.0,23.0,15.0,18.77048,19.166191,20.208902,22.014917,18.63973,18.887156,18.329458,18.770134,16.717524,16.590822,17.56115,17.39151,18.79731,18.458252,19.349745,19.890663,18.2235,17.852358,4.0,4.0,4.0,0.0,0.0,0.0,4.0,0.0
51355,2023.0,12.0,23.0,15.0,18.858582,19.299309,20.043928,21.500599,18.558706,18.812044,18.37206,18.684164,16.6344,16.511023,17.288364,17.110115,19.190117,19.464472,18.362411,18.078363,18.022974,17.83097,0.0,4.0,4.0,0.0,0.0,4.0,0.0,0.0
51356,2023.0,12.0,23.0,15.0,18.794432,19.238623,18.52391,18.469908,18.486227,18.74492,17.618975,17.369307,16.559961,16.440657,17.109175,16.93987,18.649532,18.312008,18.910492,19.446112,17.846054,17.682968,0.0,4.0,0.0,0.0,0.0,0.0,4.0,0.0
51357,2023.0,12.0,23.0,15.0,18.757458,19.213417,18.019218,17.857813,17.79903,17.5101,17.288555,16.929852,16.500982,16.383007,16.985893,16.819288,19.131023,19.399103,18.141214,17.868088,18.601887,19.256489,0.0,0.0,0.0,0.0,0.0,4.0,0.0,4.0
51358,2023.0,12.0,23.0,15.0,18.094158,18.015522,17.85321,17.720558,18.139105,18.328756,17.140705,16.784761,16.444124,16.32616,16.877264,16.718037,19.248522,19.532188,17.817945,17.47289,20.226475,22.041035,0.0,4.0,0.0,0.0,0.0,4.0,0.0,0.0
51359,2023.0,12.0,23.0,15.0,17.689957,17.503452,18.100885,18.351387,18.288708,18.55716,17.901648,18.359737,16.38268,16.265303,16.764872,16.61306,18.545782,18.20916,17.656937,17.317755,18.392529,18.277428,4.0,4.0,4.0,0.0,0.0,0.0,0.0,0.0
51360,2023.0,12.0,23.0,16.0,18.25514,18.679777,20.247509,22.151218,18.260351,18.533556,17.926914,18.26825,16.33019,16.211527,16.673239,16.52287,18.270468,17.864292,17.543318,17.208555,17.725037,17.37031,0.0,4.0,4.0,0.0,0.0,0.0,0.0,0.0
51361,2023.0,12.0,23.0,16.0,18.44808,18.921452,19.07933,19.637808,17.596582,17.332323,17.847427,18.159021,16.275475,16.157028,16.95988,17.145802,18.139786,17.739134,17.598795,17.43643,17.616854,17.438671,4.0,0.0,4.0,0.0,4.0,0.0,0.0,0.0
51362,2023.0,12.0,23.0,16.0,18.435404,18.899862,20.209093,21.807707,17.941338,18.141834,17.216747,16.990408,16.229782,16.10953,20.316776,22.958452,18.243929,18.04674,17.578123,17.436182,17.512407,17.361921,0.0,4.0,0.0,0.0,0.0,0.0,0.0,0.0
51363,2023.0,12.0,23.0,16.0,18.422886,18.891205,18.576284,18.524237,18.10623,18.382465,16.853882,16.521343,16.18271,16.06269,18.59897,19.155317,18.24808,18.076088,17.513693,17.373026,17.37182,17.230547,0.0,4.0,0.0,0.0,4.0,0.0,0.0,0.0
51364,2023.0,12.0,23.0,16.0,18.405382,18.869528,18.474686,18.680971,18.087173,18.365889,16.73117,16.385197,16.841684,17.330252,20.34049,22.23572,18.925728,19.402353,18.439833,19.1644,17.260386,17.122232,4.0,4.0,0.0,4.0,0.0,4.0,4.0,0.0
51365,2023.0,12.0,23.0,16.0,18.383646,18.84483,20.202637,21.838688,18.059462,18.33778,16.824358,16.672596,20.331144,23.236185,18.570147,18.741056,18.987709,19.287645,17.716087,17.475716,17.145998,17.01384,0.0,4.0,0.0,0.0,0.0,4.0,0.0,0.0
51366,2023.0,12.0,23.0,17.0,18.373299,18.83618,18.84374,19.065783,18.031727,18.309261,16.843636,16.73172,17.831646,17.887957,17.586954,17.457945,18.96518,19.248844,17.27978,16.962502,17.041237,16.912823,0.0,4.0,0.0,0.0,0.0,4.0,0.0,0.0
51367,2023.0,12.0,23.0,17.0,18.359066,18.818174,18.590769,18.85295,17.34863,17.05101,16.799032,16.689648,16.907251,16.55299,17.328856,17.152357,18.978643,19.258047,17.1604,16.83307,16.952614,16.817093,4.0,0.0,0.0,0.0,0.0,4.0,0.0,0.0
51368,2023.0,12.0,23.0,17.0,17.721704,17.641153,20.200546,21.833721,17.734278,17.931532,16.7503,16.642477,16.854103,16.678055,17.160788,16.982222,18.275595,17.926388,17.24646,17.090704,16.87437,16.73929,0.0,4.0,0.0,0.0,0.0,0.0,0.0,0.0
51369,2023.0,12.0,23.0,17.0,18.053688,18.479656,18.555578,18.484598,17.280193,17.005945,16.696959,16.589903,16.762913,16.6188,17.002483,16.832317,17.940077,17.53431,17.244513,17.097977,16.79273,16.657482,0.0,0.0,0.0,0.0,0.0,0.0,0.0,0.0
51370,2023.0,12.0,23.0,17.0,18.16793,18.628721,17.747816,17.28301,17.67691,17.898167,16.649364,16.540947,16.653984,16.511892,16.884884,16.714346,17.82977,17.417847,17.198301,17.050463,16.72488,16.586615,0.0,4.0,0.0,0.0,0.0,0.0,0.0,0.0
51371,2023.0,12.0,23.0,17.0,17.524693,17.416946,18.202438,18.392447,17.785212,18.059523,16.603601,16.495365,16.555828,16.417301,16.778248,16.611855,17.745598,17.33568,17.151564,17.002934,16.661959,16.522879,4.0,4.0,0.0,0.0,0.0,0.0,0.0,0.0
51372,2023.0,12.0,23.0,18.0,17.967318,18.38147,20.196594,21.977747,17.174023,16.923868,16.560097,16.452658,16.470642,16.33572,16.681118,16.51745,17.878803,17.679314,17.107574,16.95882,16.6043,16.465374,4.0,0.0,0.0,0.0,0.0,0.0,0.0,0.0
51373,2023.0,12.0,23.0,18.0,21.297155,24.108099,20.029495,21.439917,21.284819,24.31695,21.278805,24.788664,16.377518,16.238512,16.575937,16.410648,21.890676,24.48414,21.552557,24.599983,17.474707,18.161537,4.0,4.0,4.0,0.0,0.0,0.0,0.0,4.0
51374,2023.0,12.0,23.0,18.0,21.00774,23.178276,20.071005,21.41657,21.011269,23.334759,20.998323,23.715588,16.298811,16.160473,16.48399,16.320173,20.940796,22.5819,21.004677,23.270245,20.32758,22.874525,0.0,4.0,4.0,0.0,0.0,0.0,0.0,4.0
51375,2023.0,12.0,23.0,18.0,21.088142,23.136578,18.539454,18.398952,21.071125,23.169794,21.105154,23.578932,16.23445,16.09789,16.407608,16.24731,21.041014,22.581142,22.124126,24.838514,20.043692,22.001625,0.0,4.0,0.0,0.0,0.0,4.0,0.0,0.0
51376,2023.0,12.0,23.0,18.0,21.048668,22.886251,17.876438,17.713474,21.061356,22.963118,21.06371,23.230577,16.178572,16.043194,16.339054,16.180561,21.070417,22.503466,21.012238,22.731428,18.0347,17.893612,0.0,4.0,4.0,0.0,0.0,0.0,4.0,0.0
51377,2023.0,12.0,23.0,18.0,21.053116,22.792236,17.696196,17.54626,21.059685,22.829092,21.067133,23.068867,16.128494,15.993624,16.274948,16.11669,21.06267,22.3697,21.08394,22.764683,18.065166,18.566998,0.0,4.0,4.0,0.0,0.0,0.0,0.0,4.0
51378,2023.0,12.0,23.0,19.0,21.077742,22.787067,17.970926,18.20964,21.05857,22.732447,21.08926,23.011581,16.085041,15.95189,16.218348,16.062263,21.03273,22.203726,21.07076,22.634047,20.296589,22.38909,4.0,4.0,0.0,0.0,0.0,4.0,0.0,0.0
51379,2023.0,12.0,23.0,19.0,21.045359,22.641905,20.258013,22.206293,21.057209,22.659033,21.082512,22.90276,16.043892,15.910447,16.163492,16.006323,21.065924,22.22991,21.07074,22.553818,18.198315,18.054668,4.0,4.0,0.0,0.0,0.0,0.0,0.0,0.0
51380,2023.0,12.0,23.0,19.0,21.07651,22.680399,20.032068,21.55753,21.054798,22.600231,21.055029,22.75604,16.00599,15.871748,16.518663,16.716053,21.058346,22.162693,21.054718,22.48749,17.22361,16.85896,0.0,4.0,4.0,0.0,4.0,0.0,0.0,0.0
51381,2023.0,12.0,23.0,19.0,21.043346,22.55659,18.379509,18.246822,21.055117,22.55758,21.085814,22.783766,15.973395,15.840414,20.367723,23.067635,21.044985,22.122015,21.0571,22.461292,17.168606,17.003597,0.0,4.0,0.0,0.0,0.0,0.0,0.0,0.0
51382,2023.0,12.0,23.0,19.0,21.048647,22.541288,18.12402,18.340063,21.054317,22.521162,21.078987,22.723042,15.941197,15.808195,18.461714,19.029034,21.016441,22.032509,21.056465,22.434467,17.098415,16.953522,4.0,4.0,0.0,0.0,4.0,4.0,0.0,0.0
51383,2023.0,12.0,23.0,19.0,21.047485,22.519297,20.255583,22.087938,21.053541,22.49076,21.03767,22.614964,15.910198,15.776848,20.290321,22.656485,21.06499,22.11484,21.055952,22.41172,17.906956,18.581131,4.0,4.0,4.0,0.0,0.0,0.0,0.0,4.0
51384,2023.0,12.0,23.0,20.0,21.047247,22.502172,20.026129,21.446655,21.052916,22.465076,21.060585,22.621645,15.881269,15.747838,18.351795,18.559505,21.05741,22.06731,21.016258,22.286924,20.307688,22.56804,4.0,4.0,4.0,0.0,0.0,0.0,4.0,0.0
51385,2023.0,12.0,23.0,20.0,21.073568,22.558727,20.055487,21.386332,21.077402,22.51158,21.08184,22.654078,16.60892,17.140873,17.238354,17.073597,21.02783,21.963245,21.076403,22.400558,18.09503,17.954082,4.0,0.0,0.0,4.0,0.0,4.0,0.0,0.0
51386,2023.0,12.0,23.0,20.0,21.041166,22.452787,20.068605,21.34679,21.046795,22.40584,21.051893,22.545061,20.440498,23.456661,16.966457,16.782932,21.0324,21.959183,21.06579,22.347029,17.094559,16.731215,0.0,4.0,4.0,4.0,0.0,4.0,0.0,0.0
51387,2023.0,12.0,23.0,20.0,21.046232,22.446274,18.865599,18.95994,21.077137,22.468456,21.082024,22.604195,20.015182,22.282066,17.188745,17.345758,21.061863,22.025469,21.066439,22.31994,17.048193,16.881075,4.0,0.0,0.0,4.0,4.0,0.0,0.0,0.0
51388,2023.0,12.0,23.0,20.0,21.071981,22.502514,20.223196,21.76585,21.07095,22.435734,21.075891,22.569323,20.176023,22.317003,20.418625,22.771542,21.056597,21.99603,21.01301,22.189974,16.985802,16.831482,0.0,0.0,0.0,0.0,4.0,0.0,4.0,0.0
51389,2023.0,12.0,23.0,20.0,21.039583,22.39853,18.859665,18.954855,21.046194,22.347866,21.075867,22.547104,17.92828,17.757257,20.038443,21.861897,21.056765,21.979069,21.035698,22.216532,16.877964,16.723959,4.0,4.0,0.0,0.0,0.0,0.0,4.0,0.0
51390,2023.0,12.0,23.0,21.0,21.045206,22.398418,20.225368,21.79957,21.07613,22.416224,21.058306,22.526348,16.860785,16.45389,18.072706,17.873732,21.042046,21.963789,21.07275,22.305948,16.781708,16.627695,0.0,0.0,0.0,0.0,0.0,0.0,0.0,0.0
51391,2023.0,12.0,23.0,21.0,21.04454,22.389542,18.55588,18.409288,21.044903,22.320406,21.035536,22.467382,17.57112,18.07918,17.631033,17.739548,21.013557,21.895342,21.06474,22.269821,16.698587,16.546135,0.0,4.0,4.0,4.0,4.0,4.0,0.0,0.0
51392,2023.0,12.0,23.0,21.0,21.044294,22.382015,17.837032,17.649397,21.075502,22.3934,21.065285,22.553932,20.390339,22.851458,20.38128,22.419636,21.062973,21.995104,21.06504,22.250717,17.56144,18.240406,0.0,0.0,0.0,0.0,0.0,0.0,0.0,4.0
51393,2023.0,12.0,23.0,21.0,21.070425,22.44585,17.672493,17.498241,21.04409,22.299252,21.075994,22.538574,18.531324,18.873632,18.511211,18.665413,21.055374,21.9598,21.064413,22.23245,20.316086,22.769007,0.0,4.0,0.0,4.0,0.0,0.0,0.0,4.0
51394,2023.0,12.0,23.0,21.0,21.038143,22.346924,17.511278,17.337486,21.074703,22.373661,21.073656,22.504848,20.357246,22.420488,17.475214,17.307241,21.02555,21.865032,21.010859,22.11107,20.012407,21.849636,0.0,0.0,0.0,4.0,0.0,4.0,4.0,4.0
51395,2023.0,12.0,23.0,21.0,21.043194,22.348019,17.843605,18.083426,21.067944,22.348705,21.05606,22.47984,20.0428,21.707342,17.580175,17.734331,21.06054,21.947872,21.074057,22.252748,20.080442,21.794567,4.0,0.0,0.0,0.0,4.0,0.0,0.0,0.0
51396,2023.0,12.0,23.0,22.0,21.170527,22.614983,20.31989,22.46094,21.1923,22.618967,21.183535,22.73745,18.707079,18.975069,20.373468,22.471266,21.166313,22.12825,21.19207,22.472986,18.158571,17.930798,4.0,0.0,0.0,4.0,0.0,4.0,0.0,0.0
51397,2023.0,12.0,23.0,22.0,21.036324,22.31177,20.042723,21.639706,21.05349,22.348692,21.057302,22.480818,20.311352,22.092863,18.476871,18.636192,21.059189,21.924913,21.062742,22.195337,18.033367,18.336683,0.0,0.0,0.0,4.0,0.0,0.0,0.0,4.0
51398,2023.0,12.0,23.0,22.0,21.041716,22.317451,18.68236,18.835686,21.02837,22.286482,21.057405,22.47966,20.04809,21.531126,17.438066,17.275387,21.053345,21.90237,21.04901,22.182577,20.358576,22.287785,4.0,4.0,0.0,0.0,0.0,0.0,0.0,0.0
51399,2023.0,12.0,23.0,22.0,21.067574,22.38548,20.23153,21.97844,21.033373,22.306684,21.032,22.406754,18.812248,19.040033,17.165895,16.976322,21.053324,21.891497,21.050365,22.191916,18.26025,18.079567,0.0,4.0,4.0,4.0,0.0,0.0,0.0,0.0
51400,2023.0,12.0,23.0,22.0,21.061918,22.364166,18.491648,18.404293,21.073977,22.382912,21.061993,22.489407,20.32899,21.99482,16.997889,16.816109,21.008863,21.80232,21.01047,22.08774,17.31052,16.942257,0.0,0.0,0.0,0.0,0.0,4.0,4.0,0.0
51401,2023.0,12.0,23.0,22.0,21.034883,22.280256,17.73145,17.574774,21.040998,22.275244,21.04736,22.406542,18.912535,19.165333,16.868555,16.695642,21.02883,21.833652,21.03055,22.112478,18.066355,18.629337,0.0,4.0,4.0,4.0,0.0,4.0,4.0,4.0
51402,2023.0,12.0,23.0,23.0,21.039915,22.288515,18.013521,18.25303,21.046291,22.273245,21.075441,22.46331,20.275698,21.877304,16.756718,16.591227,21.026476,21.824064,21.06788,22.206179,20.269747,22.330925,4.0,4.0,0.0,4.0,0.0,4.0,0.0,0.0
51403,2023.0,12.0,23.0,23.0,19.589329,19.537788,18.112268,18.426256,19.497454,19.327158,19.42125,19.274015,18.935984,19.20649,16.66035,16.50173,19.747042,19.390945,20.353159,20.773775,18.226124,18.100927,4.0,0.0,0.0,4.0,0.0,0.0,4.0,0.0
51404,2023.0,12.0,23.0,23.0,18.927631,18.622654,17.42796,17.153374,19.382189,19.44971,18.633327,18.165361,18.502811,18.65035,16.585695,16.426214,19.989487,20.14479,19.309628,18.962633,18.258318,18.543354,0.0,4.0,0.0,4.0,0.0,4.0,0.0,4.0
51405,2023.0,12.0,23.0,23.0,18.650257,18.34582,17.068386,16.650276,18.69414,18.28552,18.57244,18.360973,18.352177,18.508419,16.80716,16.90058,20.018661,20.196598,18.841991,18.408346,18.307909,18.629602,0.0,0.0,0.0,4.0,4.0,4.0,0.0,4.0
51406,2023.0,12.0,23.0,23.0,18.701765,18.665625,17.14242,16.953728,18.319403,17.837782,18.437649,18.277393,17.67815,17.3624,16.580793,16.436934,19.295492,18.895601,18.586712,18.158676,18.262114,18.595007,0.0,0.0,0.0,0.0,0.0,0.0,0.0,4.0
51407,2023.0,12.0,23.0,23.0,18.620415,18.625893,17.124598,16.989002,18.114912,17.645412,18.271431,18.118938,17.310349,16.919483,16.455492,16.302607,18.969263,18.496542,18.39242,17.979027,17.525913,17.251688,0.0,0.0,0.0,0.0,0.0,0.0,0.0,0.0
51408,2023.0,12.0,24.0,0.0,19.236229,19.897127,17.053568,16.925713,18.18844,17.976646,18.124027,17.978474,17.106205,16.722324,16.396866,16.247456,18.802599,18.336752,18.428741,18.229153,17.189758,16.849064,0.0,0.0,0.0,0.0,0.0,0.0,0.0,0.0
51409,2023.0,12.0,24.0,0.0,19.087954,19.519276,16.983,16.858604,18.135864,17.9741,17.989964,17.849607,17.127148,16.934568,16.341032,16.192833,19.67915,20.149855,18.36031,18.190802,17.746532,18.051666,0.0,0.0,0.0,0.0,0.0,4.0,0.0,4.0
51410,2023.0,12.0,24.0,0.0,18.33758,18.173056,16.915411,16.793232,18.0306,17.875416,17.867157,17.730366,17.071867,16.914871,16.28927,16.141357,18.933075,18.580341,18.256353,18.09316,17.172052,16.890024,0.0,0.0,0.0,0.0,0.0,0.0,0.0,0.0
51411,2023.0,12.0,24.0,0.0,18.013212,17.749071,16.845766,16.719273,17.920933,17.760872,17.745455,17.602182,16.969994,16.812908,16.237318,16.08594,18.594883,18.134306,18.150314,17.984728,16.886791,16.546871,0.0,0.0,0.0,0.0,0.0,0.0,0.0,0.0
51412,2023.0,12.0,24.0,0.0,17.879255,17.63418,16.791946,16.672869,17.834074,17.685253,17.651445,17.519949,17.511295,17.918978,16.195448,16.047495,18.483,18.037073,18.062437,17.905096,16.936932,16.778082,0.0,0.0,0.0,4.0,0.0,0.0,0.0,0.0
51413,2023.0,12.0,24.0,0.0,17.98937,17.981667,16.736612,16.6195,17.746677,17.601519,17.557592,17.429611,17.040617,16.93102,16.153345,16.005728,18.601809,18.383966,17.974756,17.816338,16.896278,16.760202,0.0,0.0,0.0,0.0,0.0,0.0,0.0,0.0
51414,2023.0,12.0,24.0,1.0,17.963963,17.988518,16.680075,16.560326,17.659222,17.511478,17.4644,17.333282,16.827667,16.675676,16.111076,15.961193,18.594172,18.406363,17.891096,17.72966,16.824068,16.688717,0.0,0.0,0.0,0.0,0.0,0.0,0.0,0.0
51415,2023.0,12.0,24.0,1.0,17.897861,17.92674,16.632696,16.516487,17.585215,17.442545,17.385866,17.25976,16.739656,16.592361,16.074938,15.926742,18.535698,18.344963,17.818514,17.659037,16.757511,16.623077,0.0,0.0,0.0,0.0,0.0,0.0,0.0,0.0
51416,2023.0,12.0,24.0,1.0,17.837952,17.874897,16.591902,16.482792,17.521498,17.388563,17.318476,17.202374,17.29387,17.710474,16.043304,15.898858,18.484562,18.29812,17.754549,17.599861,16.698997,16.568974,0.0,0.0,0.0,4.0,0.0,0.0,0.0,0.0
51417,2023.0,12.0,24.0,1.0,17.776823,17.817394,16.54985,16.443865,17.457243,17.328554,17.250675,17.13874,17.253782,17.48931,16.3043,16.415298,18.433847,18.248907,17.692497,17.539423,17.373028,17.889292,0.0,0.0,0.0,4.0,4.0,0.0,0.0,4.0
51418,2023.0,12.0,24.0,1.0,17.71944,17.763115,16.510221,16.407137,17.397089,17.272404,17.187569,17.079468,16.670574,16.404812,16.108282,15.984701,18.38632,18.202854,17.634823,17.483313,16.850815,16.762638,0.0,0.0,0.0,0.0,0.0,0.0,0.0,0.0
51419,2023.0,12.0,24.0,1.0,17.663141,17.707417,16.471224,16.369196,17.33834,17.215147,17.126429,17.019417,16.42832,16.10291,16.327124,16.464092,18.340279,18.156822,17.579454,17.427864,16.516981,16.236244,0.0,0.0,0.0,0.0,4.0,0.0,0.0,0.0
51420,2023.0,12.0,24.0,2.0,17.61291,17.6612,16.436579,16.33806,17.286377,17.168016,17.072557,16.970192,16.49239,16.341057,16.082088,15.939969,18.2991,18.11782,17.529963,17.380651,16.399073,16.111078,0.0,0.0,0.0,0.0,0.0,0.0,0.0,0.0
51421,2023.0,12.0,24.0,2.0,17.562773,17.612797,16.401564,16.304436,17.234436,17.117844,17.01867,16.91778,16.470762,16.338112,15.996912,15.857088,18.259138,18.07883,17.48224,17.333832,16.482792,16.361803,0.0,0.0,0.0,0.0,0.0,0.0,0.0,0.0
51422,2023.0,12.0,24.0,2.0,17.519861,17.576206,16.372616,16.281467,17.191156,17.082119,16.973711,16.88044,17.05325,17.48311,16.257822,16.376432,18.224533,18.04823,17.440601,17.29622,16.45762,16.335726,0.0,0.0,0.0,4.0,4.0,0.0,0.0,0.0
51423,2023.0,12.0,24.0,2.0,17.476486,17.536064,16.342499,16.254656,17.146935,17.04187,16.927788,16.838411,16.619343,16.534395,16.05409,15.934126,18.190166,18.016008,17.399664,17.257326,16.420673,16.30103,0.0,0.0,0.0,0.0,0.0,0.0,0.0,0.0
51424,2023.0,12.0,24.0,2.0,17.433758,17.494604,16.312551,16.22662,17.103193,17.000254,16.882517,16.795076,16.284018,15.994217,15.958793,15.825475,18.156555,17.983492,17.359907,17.21845,16.383648,16.264769,0.0,0.0,0.0,0.0,0.0,0.0,0.0,0.0
51425,2023.0,12.0,24.0,2.0,17.394009,17.45718,16.283878,16.200117,17.061968,16.96157,16.839905,16.75487,16.17748,15.886898,15.926112,15.794661,18.12515,17.953758,17.322973,17.183105,16.348976,16.231527,0.0,0.0,0.0,0.0,0.0,0.0,0.0,0.0
51426,2023.0,12.0,24.0,3.0,17.35878,17.427267,16.2593,16.181015,17.026632,16.93279,16.803421,16.724989,16.873528,17.28175,15.898555,15.771337,18.09723,17.929562,17.290016,17.153831,17.040874,17.563654,0.0,0.0,0.0,4.0,0.0,0.0,0.0,4.0
51427,2023.0,12.0,24.0,3.0,17.323175,17.395065,16.234085,16.159767,16.990702,16.901033,16.766422,16.692019,16.499598,16.424559,15.873064,15.748559,18.069773,17.90494,17.257717,17.1241,16.552324,16.487215,0.0,0.0,0.0,0.0,0.0,0.0,0.0,0.0
51428,2023.0,12.0,24.0,3.0,17.288546,17.362713,16.209326,16.13831,16.955524,16.868973,16.730425,16.658886,16.191612,15.925449,15.849659,15.727417,18.043203,17.880651,17.226595,17.094904,16.261606,16.021862,0.0,0.0,0.0,0.0,0.0,0.0,0.0,0.0
51429,2023.0,12.0,24.0,3.0,17.265108,17.351236,16.18711,16.121027,16.924124,16.842909,16.698338,16.632008,16.709688,16.983002,15.829766,15.711163,18.019228,17.860312,17.198545,17.070267,16.173737,15.933932,0.0,0.0,0.0,4.0,0.0,0.0,0.0,0.0
51430,2023.0,12.0,24.0,3.0,17.247707,17.34763,16.164913,16.102953,16.892984,16.81598,16.66639,16.604193,16.261255,16.027487,15.811022,15.695441,17.995747,17.839853,17.17126,17.045721,16.24136,16.132017,0.0,0.0,0.0,0.0,0.0,0.0,0.0,0.0
51431,2023.0,12.0,24.0,3.0,17.218891,17.319735,16.142052,16.082752,16.861248,16.786596,16.633709,16.57378,16.10158,15.846678,15.793008,15.679633,17.972406,17.818666,17.144394,17.020702,16.234648,16.131863,0.0,0.0,0.0,0.0,0.0,0.0,0.0,0.0
51432,2023.0,12.0,24.0,4.0,17.19172,17.295183,16.121222,16.065954,16.832396,16.761818,16.604008,16.548132,16.187113,16.082611,15.777192,15.66687,17.95082,17.800098,17.119585,16.998625,16.210175,16.109968,0.0,0.0,0.0,0.0,0.0,0.0,0.0,0.0
51433,2023.0,12.0,24.0,4.0,17.164484,17.270058,16.100607,16.048977,16.804209,16.737282,16.575048,16.522802,16.172846,16.069855,15.762275,15.654685,17.929731,17.78169,17.095592,16.977072,16.186424,16.08854,0.0,0.0,0.0,0.0,0.0,0.0,0.0,0.0
51434,2023.0,12.0,24.0,4.0,17.13794,17.245577,16.080597,16.03252,16.777025,16.713642,16.547161,16.49843,16.147572,16.047081,15.748401,15.6435175,17.909363,17.76398,17.072603,16.956503,16.1637,16.068138,0.0,0.0,0.0,0.0,0.0,0.0,0.0,0.0
51435,2023.0,12.0,24.0,4.0,17.113144,17.224113,16.062439,16.019426,16.752354,16.694391,16.521912,16.478619,16.124191,16.027489,15.736066,15.6346,17.890488,17.748722,17.051329,16.938614,16.866726,17.412342,0.0,0.0,0.0,0.0,0.0,0.0,0.0,4.0
51436,2023.0,12.0,24.0,4.0,17.086487,17.19831,16.042349,16.001904,16.7254,16.669662,16.494522,16.453302,16.100046,16.004889,15.723346,15.624046,17.870548,17.730722,17.029165,16.918097,17.189713,17.856485,0.0,0.0,0.0,0.0,0.0,0.0,0.0,4.0
51437,2023.0,12.0,24.0,4.0,17.062824,17.177715,16.024446,15.988217,16.701488,16.650139,16.470657,16.433569,16.079199,15.987257,15.712271,15.615995,17.852463,17.715876,17.009155,16.9011,16.41543,16.278786,0.0,0.0,0.0,0.0,0.0,0.0,0.0,0.0
51438,2023.0,12.0,24.0,5.0,17.038517,17.155209,16.006012,15.972999,16.677,16.628714,16.446438,16.412092,16.638058,17.056765,15.701401,15.607645,17.834112,17.700003,16.98905,16.883204,16.941238,17.407381,0.0,0.0,0.0,4.0,0.0,0.0,0.0,4.0
51439,2023.0,12.0,24.0,5.0,17.01408,17.131638,15.986872,15.955897,16.65206,16.60573,16.421825,16.389172,16.252176,16.198135,15.690192,15.59799,17.815235,17.682777,16.968756,16.864285,17.136393,17.641392,0.0,0.0,0.0,0.0,0.0,0.0,0.0,4.0
51440,2023.0,12.0,24.0,5.0,16.989523,17.10713,15.966528,15.936116,16.626047,16.580128,16.3964,16.363836,16.12541,16.036348,15.678627,15.587392,17.795832,17.66424,16.948202,16.844486,17.21399,17.723085,0.0,0.0,0.0,0.0,0.0,0.0,0.0,4.0
51441,2023.0,12.0,24.0,5.0,16.967287,17.086802,15.949106,15.921917,16.603521,16.561014,16.374708,16.34513,16.680367,17.11256,15.9674015,16.138355,17.778093,17.648851,16.929375,16.827757,17.272099,17.77889,0.0,0.0,0.0,4.0,4.0,0.0,0.0,4.0
51442,2023.0,12.0,24.0,5.0,16.944761,17.065512,15.930999,15.905872,16.580284,16.539965,16.35254,16.32469,16.17879,16.03402,15.786139,15.726644,17.76003,17.632608,16.910486,16.810501,16.578192,16.437086,0.0,0.0,0.0,0.0,0.0,0.0,0.0,0.0
51443,2023.0,12.0,24.0,5.0,16.921928,17.043028,15.912589,15.888637,16.556496,16.51737,16.329866,16.302834,15.995842,15.797295,16.011284,16.192469,17.7415,17.615246,16.891329,16.792332,16.33966,16.133623,0.0,0.0,0.0,0.0,4.0,0.0,0.0,0.0
51444,2023.0,12.0,24.0,6.0,16.899338,17.020815,15.894,15.8706665,16.532572,16.494108,16.30681,16.280228,16.053734,15.970152,16.141869,16.368475,17.72301,17.59778,16.87248,16.774406,16.246256,16.04361,0.0,0.0,0.0,0.0,4.0,0.0,0.0,0.0
51445,2023.0,12.0,24.0,6.0,21.237288,24.592756,15.877978,15.857294,21.153423,24.637005,21.103834,24.718874,16.039719,15.95807,20.180809,23.321964,21.595978,24.17922,22.154636,25.634289,16.280933,16.187693,0.0,0.0,0.0,0.0,0.0,0.0,0.0,0.0
51446,2023.0,12.0,24.0,6.0,21.005636,23.674578,15.860999,15.840061,21.00962,23.798176,21.010645,23.954493,16.018963,15.938416,18.017086,18.529305,20.946274,22.793766,22.053844,25.042227,16.268797,16.187489,0.0,0.0,0.0,0.0,0.0,0.0,0.0,0.0
51447,2023.0,12.0,24.0,6.0,21.076857,23.51787,15.844402,15.823315,21.081127,23.588034,21.08591,23.735731,16.001059,15.921656,16.642912,16.606295,21.068607,22.819883,20.900179,22.675837,16.232967,16.155485,0.0,0.0,0.0,0.0,0.0,0.0,0.0,0.0
51448,2023.0,12.0,24.0,6.0,21.059366,23.283087,15.827022,15.804932,21.062557,23.316782,21.066418,23.4526,15.986125,15.907385,16.377676,16.274887,21.047022,22.617449,21.091457,22.925991,16.201618,16.123476,0.0,0.0,0.0,0.0,0.0,0.0,0.0,0.0
51449,2023.0,12.0,24.0,6.0,21.146152,23.29652,15.810023,15.787658,21.116186,23.21394,21.165588,23.457327,15.973914,15.896305,16.260347,16.154947,21.11419,22.620312,21.131407,22.879185,16.177195,16.100565,0.0,4.0,0.0,0.0,0.0,0.0,0.0,0.0
51450,2023.0,12.0,24.0,7.0,21.13695,23.149446,15.793551,15.771726,21.168207,23.188211,21.153955,23.281322,15.963416,15.886952,16.177021,16.075941,21.106838,22.49948,21.1251,22.773628,16.157345,16.082144,0.0,0.0,0.0,0.0,0.0,0.0,0.0,0.0
51451,2023.0,12.0,24.0,7.0,21.053497,22.932661,15.7788105,15.759449,21.065441,22.892805,21.059824,23.033474,16.702751,17.287252,16.113647,16.022003,21.012983,22.246202,21.0493,22.58048,17.093964,17.866655,0.0,0.0,0.0,4.0,0.0,4.0,0.0,4.0
51452,2023.0,12.0,24.0,7.0,21.036112,22.821606,16.233929,16.624016,21.03911,22.76851,21.04511,22.917542,20.295797,23.323957,16.055124,15.967115,21.052448,22.302385,21.05692,22.547657,20.32291,23.186815,4.0,4.0,4.0,0.0,0.0,0.0,0.0,4.0
51453,2023.0,12.0,24.0,7.0,21.833567,24.017925,20.266094,23.50329,21.608065,23.675915,21.958652,24.307169,18.326612,18.922838,16.004417,15.918665,21.617952,23.22143,22.005562,24.01449,20.038952,22.2551,0.0,0.0,0.0,4.0,0.0,0.0,4.0,0.0
51454,2023.0,12.0,24.0,7.0,21.04075,22.665943,18.039286,18.62085,20.934227,22.346333,20.902172,22.35804,20.32316,22.851599,15.967938,15.885996,20.95997,21.905859,20.869951,21.864431,17.96407,17.9774,0.0,0.0,0.0,0.0,0.0,0.0,0.0,0.0
51455,2023.0,12.0,24.0,7.0,21.046652,22.653225,16.67515,16.734505,21.066061,22.581123,21.105433,22.765493,18.089972,18.163568,15.937343,15.859085,21.02294,22.027462,21.095749,22.344433,17.016079,16.802502,0.0,4.0,0.0,0.0,0.0,4.0,0.0,0.0
51456,2023.0,12.0,24.0,8.0,21.07183,22.70098,16.39597,16.381,21.07224,22.602926,21.05534,22.68234,16.987696,16.7521,16.298801,16.563152,21.058563,22.105484,21.05479,22.273214,16.783787,16.565865,0.0,0.0,0.0,0.0,4.0,0.0,0.0,0.0
51457,2023.0,12.0,24.0,8.0,19.97117,20.534004,16.277033,16.26015,19.427519,19.432495,20.02995,20.689447,16.865486,16.75105,20.271599,23.285809,19.734755,19.543407,19.75147,19.78503,16.760616,16.660933,0.0,0.0,4.0,0.0,0.0,0.0,0.0,0.0
51458,2023.0,12.0,24.0,8.0,19.455843,19.958462,16.189121,16.168974,19.305109,19.804485,19.491007,20.064495,16.785007,16.692844,18.121258,18.610077,19.803701,20.110054,20.021538,20.775682,16.709824,16.629713,0.0,4.0,4.0,0.0,0.0,4.0,4.0,0.0
51459,2023.0,12.0,24.0,8.0,18.726559,18.717388,16.133665,16.109707,19.139803,19.504797,18.591314,18.484175,16.704067,16.615496,17.4788,17.716364,19.170675,18.91201,19.036392,18.853056,16.648132,16.572004,0.0,4.0,0.0,0.0,4.0,0.0,0.0,0.0
51460,2023.0,12.0,24.0,8.0,18.339918,18.22607,16.085735,16.061577,18.979673,19.317474,18.10942,17.8489,16.627445,16.54296,20.301815,22.669733,18.851406,18.512907,19.554445,20.112295,16.587893,16.515226,0.0,4.0,0.0,0.0,4.0,0.0,4.0,0.0
51461,2023.0,12.0,24.0,8.0,18.100952,17.996088,16.523375,16.922829,18.863098,19.209028,18.493229,18.817137,16.546543,16.464672,20.034218,21.917849,18.671682,18.339392,19.732609,20.319956,16.523924,16.453379,4.0,4.0,4.0,0.0,0.0,0.0,4.0,0.0
51462,2023.0,12.0,24.0,9.0,18.076973,18.139368,20.203293,23.199993,18.770597,19.12743,17.983334,17.853157,16.476282,16.398222,18.516756,18.79962,18.688911,18.525343,18.795977,18.60505,16.46819,16.401089,0.0,4.0,0.0,0.0,4.0,0.0,0.0,0.0
51463,2023.0,12.0,24.0,9.0,18.015953,18.119905,18.127485,18.66445,18.693491,19.060045,18.222902,18.558413,16.415668,16.340502,20.302187,22.289108,19.434675,20.003782,18.305462,18.037413,17.296282,18.002958,0.0,4.0,4.0,0.0,0.0,4.0,0.0,4.0
51464,2023.0,12.0,24.0,9.0,18.63811,19.388163,17.243767,17.651049,18.630314,19.005993,17.752993,17.636461,16.363424,16.291101,18.721441,19.019634,19.477568,19.877878,18.103283,17.836136,20.344381,23.098223,4.0,4.0,0.0,0.0,4.0,4.0,0.0,0.0
51465,2023.0,12.0,24.0,9.0,18.059261,18.129177,20.305637,23.023142,18.57773,18.961975,17.379936,17.166784,16.317673,16.247433,20.283905,22.132366,19.433687,19.822086,18.958406,19.581684,17.97598,18.073513,0.0,4.0,0.0,0.0,4.0,4.0,4.0,0.0
51466,2023.0,12.0,24.0,9.0,17.649572,17.614521,18.310856,18.77494,18.534622,18.926558,17.225016,17.008118,17.033606,17.631681,20.02284,21.498735,18.74141,18.51722,18.341082,18.177193,16.947924,16.795607,0.0,4.0,0.0,4.0,4.0,0.0,0.0,0.0
51467,2023.0,12.0,24.0,9.0,18.210175,18.777237,17.119102,17.15614,17.884047,17.751581,17.243227,17.160961,20.340311,23.194733,20.071806,21.50625,19.158716,19.53987,18.92371,19.565556,16.8088,16.72333,0.0,0.0,0.0,4.0,0.0,4.0,4.0,0.0
51468,2023.0,12.0,24.0,10.0,18.41343,19.010496,17.287458,17.653103,18.171867,18.514044,17.916712,18.474516,20.037643,22.219292,18.556492,18.523926,19.354582,19.757463,18.280832,18.126205,17.655811,18.406088,4.0,4.0,4.0,0.0,0.0,4.0,0.0,4.0
51469,2023.0,12.0,24.0,10.0,17.826065,17.89713,20.308529,22.922525,18.351173,18.767029,17.573385,17.664604,18.609648,19.16098,18.19704,18.395777,18.678043,18.469301,17.875303,17.649899,20.323011,22.875355,0.0,4.0,0.0,4.0,4.0,0.0,0.0,0.0
51470,2023.0,12.0,24.0,10.0,18.204344,18.799751,18.185755,18.435444,18.350573,18.771944,17.774279,18.195118,20.29421,22.431658,20.258776,22.071749,18.356441,18.081211,18.747467,19.408484,18.763258,19.436243,0.0,4.0,4.0,4.0,4.0,0.0,4.0,4.0
51471,2023.0,12.0,24.0,10.0,18.389849,19.007029,17.418566,17.638151,18.341335,18.765663,17.330078,17.273512,20.043447,21.760983,20.039484,21.49066,19.007225,19.408802,18.143602,17.999483,20.249771,22.364918,4.0,4.0,0.0,0.0,0.0,4.0,0.0,4.0
51472,2023.0,12.0,24.0,10.0,18.415083,19.032513,20.259388,22.726765,18.332619,18.760418,17.672071,18.090227,18.91328,19.41335,18.536816,18.505829,19.243113,19.667522,17.76161,17.550703,20.011408,21.7029,4.0,4.0,4.0,4.0,0.0,4.0,0.0,4.0
51473,2023.0,12.0,24.0,10.0,18.437761,19.057127,20.02073,21.95609,18.324593,18.755873,17.872057,18.33377,20.253166,22.082832,17.814032,17.677418,19.287525,19.712427,18.66077,19.343857,20.037504,21.62049,4.0,4.0,4.0,0.0,0.0,4.0,4.0,4.0
51474,2023.0,12.0,24.0,11.0,18.456211,19.077324,20.060251,21.847483,18.318317,18.752977,17.902206,18.365253,18.494852,18.51585,17.60902,17.47775,19.32542,19.751211,18.06538,17.934742,20.06804,21.61015,4.0,4.0,4.0,0.0,0.0,4.0,0.0,0.0
51475,2023.0,12.0,24.0,11.0,18.471449,19.094807,20.07035,21.756014,17.728102,17.663343,17.925451,18.39088,17.594767,17.376162,17.447721,17.32384,19.358822,19.78631,18.711782,19.414202,19.179892,19.776398,0.0,0.0,4.0,0.0,0.0,4.0,4.0,4.0
51476,2023.0,12.0,24.0,11.0,17.86424,17.955544,18.481108,18.616907,18.03835,18.437506,17.356422,17.320906,17.430223,17.310352,17.318974,17.206137,19.387634,19.816622,18.076742,17.952957,20.199549,21.841303,0.0,4.0,0.0,0.0,0.0,4.0,0.0,0.0
51477,2023.0,12.0,24.0,11.0,18.228205,18.837412,17.674109,17.66175,18.215336,18.665474,17.023245,16.884165,17.314812,17.215714,17.207748,17.10243,19.413448,19.844585,17.70204,17.509897,18.558455,18.556908,0.0,4.0,0.0,0.0,0.0,4.0,0.0,0.0
51478,2023.0,12.0,24.0,11.0,18.356789,18.993526,17.465168,17.432013,17.64922,17.60321,16.92126,16.771149,17.21463,17.120045,17.125414,17.023703,19.43463,19.868406,18.628166,19.334017,17.93489,17.70461,0.0,0.0,0.0,0.0,0.0,4.0,4.0,0.0
51479,2023.0,12.0,24.0,11.0,18.383587,19.01753,17.7636,18.12488,17.373974,17.210836,17.679539,18.268578,17.123121,17.034298,17.050554,16.9545,19.454826,19.890995,18.875679,19.588852,17.796108,17.671543,4.0,0.0,4.0,0.0,0.0,4.0,4.0,0.0
51480,2023.0,12.0,24.0,12.0,18.407782,19.0428,20.259056,22.49824,17.926205,18.334131,17.773306,18.288004,17.045094,16.961391,16.983839,16.892078,19.473534,19.911947,18.972128,19.679556,17.660482,17.557213,4.0,4.0,4.0,0.0,0.0,4.0,4.0,0.0
51481,2023.0,12.0,24.0,12.0,21.309753,24.08637,20.035229,21.831606,21.299225,24.110905,21.267195,24.344288,16.961622,16.87942,16.91455,16.82464,21.212,23.003014,22.57001,25.772264,18.480955,19.255602,0.0,0.0,0.0,0.0,0.0,0.0,0.0,4.0
51482,2023.0,12.0,24.0,12.0,21.035364,23.257824,18.721928,19.14249,21.00387,23.155413,21.00456,23.40228,17.67421,18.290041,16.856894,16.770435,21.008684,22.37789,20.859133,22.365742,20.225239,22.143328,4.0,4.0,4.0,4.0,0.0,4.0,0.0,0.0
51483,2023.0,12.0,24.0,12.0,21.142,23.260181,20.2487,22.189062,21.083908,23.102493,21.090399,23.324183,20.292854,22.66978,16.805494,16.720144,21.121334,22.486448,21.096685,22.69454,18.433098,18.443377,0.0,0.0,0.0,4.0,0.0,0.0,0.0,0.0
51484,2023.0,12.0,24.0,12.0,21.067245,22.960028,18.85147,19.276663,21.06982,22.913181,21.075588,23.109133,20.010422,21.797266,17.148998,17.40434,21.051273,22.240248,21.056126,22.50658,17.596394,17.393322,4.0,0.0,0.0,4.0,4.0,0.0,0.0,0.0
51485,2023.0,12.0,24.0,12.0,21.029825,22.780367,20.254292,22.112238,21.0338,22.728748,21.051292,22.908731,20.186525,21.957052,20.316532,22.83037,21.050867,22.161476,21.05019,22.430641,17.476612,17.371372,4.0,4.0,4.0,0.0,0.0,0.0,0.0,0.0
51486,2023.0,12.0,24.0,13.0,21.071848,22.801798,20.038164,21.57335,21.074865,22.740747,21.078514,22.888697,19.013916,19.491978,18.453154,18.779966,21.010376,22.022379,21.04994,22.378262,18.374767,19.160303,0.0,0.0,0.0,4.0,0.0,4.0,0.0,4.0
51487,2023.0,12.0,24.0,13.0,21.037205,22.647865,18.87422,19.239525,21.041727,22.585144,21.047148,22.731585,20.232878,21.915932,17.40557,17.334536,21.025148,22.008448,21.048887,22.334496,20.236504,22.210897,4.0,4.0,4.0,0.0,0.0,4.0,0.0,0.0
51488,2023.0,12.0,24.0,13.0,21.04185,22.611187,20.221565,22.011236,21.046305,22.544355,21.075869,22.753284,18.581673,18.55668,17.19632,17.099108,21.052803,22.049725,21.008831,22.193245,18.410913,18.413021,0.0,4.0,0.0,0.0,0.0,0.0,4.0,0.0
51489,2023.0,12.0,24.0,13.0,21.066885,22.645044,18.926395,19.320152,21.04473,22.502811,21.044607,22.623783,18.462969,18.862116,17.095095,16.999998,21.017294,21.925611,21.064241,22.294207,17.580097,17.381107,4.0,4.0,4.0,4.0,0.0,4.0,0.0,0.0
51490,2023.0,12.0,24.0,13.0,21.169487,22.813925,20.24585,21.98735,21.200922,22.783804,21.168077,22.855663,20.208399,21.864883,17.015196,16.920645,21.139477,22.167116,21.210806,22.550762,17.476944,17.376183,4.0,4.0,0.0,4.0,0.0,0.0,0.0,0.0
51491,2023.0,12.0,24.0,13.0,21.03158,22.482813,20.026812,21.462744,21.042461,22.434637,21.065592,22.614544,20.029232,21.389524,16.947535,16.853231,21.013288,21.868177,21.0537,22.198256,17.399456,17.306599,0.0,4.0,0.0,0.0,0.0,4.0,0.0,0.0
51492,2023.0,12.0,24.0,14.0,21.067368,22.554579,18.608042,18.682959,21.044497,22.419912,21.032753,22.525446,19.175243,19.613594,17.279154,17.524569,21.052328,21.952156,21.046564,22.17878,17.317064,17.23212,0.0,4.0,4.0,4.0,4.0,0.0,0.0,0.0
51493,2023.0,12.0,24.0,14.0,19.61258,19.737839,17.907427,17.876373,20.041903,20.47784,19.436348,19.470823,20.369461,21.97817,20.318962,22.69539,20.529139,20.89694,19.86057,19.885277,18.16702,18.905062,0.0,4.0,0.0,4.0,0.0,4.0,0.0,4.0
51494,2023.0,12.0,24.0,14.0,19.489338,20.008738,18.126783,18.466442,19.543346,19.899652,19.150192,19.488375,20.04214,21.258759,18.802402,19.362139,19.646084,19.406235,20.206266,20.96159,20.265972,22.361004,4.0,4.0,4.0,0.0,4.0,0.0,4.0,0.0
51495,2023.0,12.0,24.0,14.0,18.91891,18.967154,20.253067,22.210922,19.383123,19.745113,18.5744,18.484562,18.702953,18.623644,20.262592,22.25715,19.242521,18.933996,19.342165,19.185484,18.379206,18.403229,4.0,4.0,0.0,0.0,0.0,0.0,0.0,0.0
51496,2023.0,12.0,24.0,14.0,19.169676,19.712282,20.036201,21.604916,18.673525,18.529388,18.123951,17.927835,18.676943,19.03963,18.6764,18.913647,19.06593,18.761198,18.801247,18.551046,17.54913,17.380886,0.0,0.0,0.0,4.0,0.0,0.0,0.0,0.0
51497,2023.0,12.0,24.0,14.0,19.267376,19.845264,18.900412,19.28514,18.893696,19.21582,17.902225,17.6992,20.178108,21.629017,17.795284,17.736013,19.070992,18.91141,18.589445,18.338163,18.35013,19.064413,4.0,4.0,0.0,4.0,0.0,0.0,0.0,4.0
51498,2023.0,12.0,24.0,15.0,19.217966,19.79357,20.216906,21.973022,19.016115,19.411207,18.557709,19.086386,20.039785,21.269096,17.943705,18.184298,19.801205,20.359198,18.553335,18.422445,20.240858,22.182978,0.0,4.0,4.0,0.0,4.0,4.0,0.0,0.0
51499,2023.0,12.0,24.0,15.0,19.183533,19.768032,18.647434,18.762774,18.974146,19.376831,18.222637,18.318394,19.297401,19.729593,20.283682,22.230598,19.185951,18.999056,18.488483,18.37681,18.451284,18.463257,0.0,4.0,0.0,4.0,0.0,0.0,0.0,0.0
51500,2023.0,12.0,24.0,15.0,18.550413,18.616333,18.318415,18.667532,18.327923,18.214138,17.735561,17.58981,20.176548,21.504314,18.720491,18.960804,19.543154,19.924795,18.39976,18.293545,17.646566,17.47123,4.0,0.0,0.0,0.0,0.0,4.0,0.0,0.0
51501,2023.0,12.0,24.0,15.0,18.175354,18.138731,20.24822,22.09009,18.603333,18.954605,17.531616,17.352331,19.36833,19.80526,17.834146,17.760557,19.732967,20.132198,18.317308,18.214497,17.526949,17.428528,0.0,4.0,0.0,4.0,0.0,4.0,0.0,0.0
51502,2023.0,12.0,24.0,15.0,18.709612,19.262218,18.826565,19.151339,18.76763,19.185892,18.227339,18.768133,20.169338,21.45557,17.965233,18.180578,19.064407,18.856745,19.271908,20.084494,18.351257,19.06996,0.0,4.0,4.0,0.0,4.0,0.0,4.0,4.0
51503,2023.0,12.0,24.0,15.0,18.306398,18.38299,17.956081,17.970213,18.757843,19.177362,18.369354,18.831604,18.808805,18.737753,20.258255,22.18063,18.74779,18.476456,18.57163,18.445011,20.348192,22.408772,0.0,4.0,4.0,0.0,0.0,0.0,0.0,0.0
51504,2023.0,12.0,24.0,16.0,18.67102,19.252344,18.128428,18.4712,18.741322,19.161821,18.33506,18.783607,18.100851,17.865883,19.041449,19.5319,18.639542,18.367016,19.129158,19.787458,19.165594,19.801449,4.0,4.0,4.0,0.0,4.0,0.0,4.0,4.0
51505,2023.0,12.0,24.0,16.0,18.794956,19.403355,20.251356,22.197153,18.726648,19.14685,18.341106,18.788883,18.013018,17.877495,20.273478,21.728174,19.488245,20.054653,18.421608,18.288374,20.258152,21.85911,4.0,4.0,4.0,0.0,0.0,4.0,0.0,0.0
51506,2023.0,12.0,24.0,16.0,18.817245,19.423882,20.033464,21.572811,18.146965,18.084023,17.77309,17.72748,17.913918,17.80086,19.020876,19.245049,19.623995,20.047476,18.050297,17.844048,18.653027,18.628489,0.0,0.0,0.0,0.0,4.0,4.0,0.0,0.0
51507,2023.0,12.0,24.0,16.0,18.838087,19.442396,18.590893,18.675013,17.786367,17.606838,18.08442,18.493797,18.512085,19.037098,20.212635,21.715452,18.921673,18.721495,17.947498,17.737347,18.75376,19.301336,0.0,0.0,4.0,4.0,0.0,0.0,0.0,4.0
51508,2023.0,12.0,24.0,16.0,18.84362,19.440384,17.760164,17.58495,17.64154,17.44885,17.684464,17.638191,20.213661,21.907393,18.743599,18.717262,18.620401,18.357084,17.978462,17.872232,20.198496,21.783056,0.0,0.0,0.0,0.0,0.0,0.0,0.0,0.0
51509,2023.0,12.0,24.0,16.0,18.242044,18.312853,17.63382,17.55732,18.359116,18.89213,17.36043,17.207754,18.637413,18.632364,18.062464,17.941053,18.525503,18.260893,17.970346,17.87668,18.647804,18.627213,0.0,4.0,0.0,0.0,0.0,0.0,0.0,0.0
51510,2023.0,12.0,24.0,17.0,17.965033,17.924856,17.564667,17.51423,17.859741,17.817635,17.258783,17.090357,18.04346,17.794107,17.913183,17.78933,18.59374,18.45993,17.936035,17.843225,18.07895,17.845308,0.0,0.0,0.0,0.0,0.0,0.0,0.0,0.0
51511,2023.0,12.0,24.0,17.0,18.582787,19.178932,17.471384,17.425257,18.256315,18.671907,17.30624,17.25318,17.975504,17.843803,17.791994,17.671974,18.590391,18.47392,17.90187,17.809969,17.983492,17.86101,0.0,4.0,0.0,0.0,0.0,0.0,0.0,0.0
51512,2023.0,12.0,24.0,17.0,18.699621,19.302624,17.38142,17.331657,18.37632,18.822607,17.291704,17.258211,17.881649,17.764956,17.680616,17.558386,18.558554,18.44244,17.869255,17.777071,17.867613,17.75678,0.0,4.0,0.0,0.0,0.0,0.0,0.0,0.0
51513,2023.0,12.0,24.0,17.0,18.732693,19.33713,17.312479,17.273052,17.804754,17.73578,17.257105,17.229227,17.793613,17.688711,17.59595,17.485762,18.530333,18.416874,17.841587,17.751768,17.765202,17.666428,0.0,0.0,0.0,0.0,0.0,0.0,0.0,0.0
51514,2023.0,12.0,24.0,17.0,18.147606,18.226252,17.24463,17.209406,17.564262,17.397745,17.932964,18.532028,17.712387,17.613379,17.515265,17.410454,18.502827,18.390804,18.804554,19.58931,17.672033,17.579351,0.0,0.0,4.0,0.0,0.0,0.0,4.0,0.0
51515,2023.0,12.0,24.0,17.0,18.609318,19.215347,17.181854,17.15001,17.463175,17.292173,18.139067,18.77815,17.640099,17.54555,17.442324,17.34158,19.209253,19.750074,18.054014,17.943022,17.589924,17.5018,0.0,0.0,4.0,0.0,0.0,4.0,0.0,0.0
51516,2023.0,12.0,24.0,18.0,18.722807,19.346008,17.124468,17.0959,18.216845,18.786009,18.057713,18.546736,17.575914,17.485365,17.75337,17.985277,19.297895,19.7534,18.826714,19.534508,17.51849,17.434504,0.0,4.0,4.0,0.0,4.0,4.0,4.0,0.0
51517,2023.0,12.0,24.0,18.0,21.28426,23.791842,17.522583,17.887917,21.297354,24.028557,21.305525,24.17055,17.516987,17.42822,20.261974,22.336493,21.191309,23.068441,21.291433,23.715101,17.45372,17.371347,4.0,4.0,4.0,0.0,0.0,0.0,0.0,0.0
51518,2023.0,12.0,24.0,18.0,21.0089,22.970882,20.288462,22.632347,21.010132,23.096966,21.031979,23.290424,18.242456,18.854156,18.688747,18.943005,21.006039,22.426414,21.029654,22.859703,17.391283,17.311466,4.0,4.0,0.0,4.0,0.0,4.0,0.0,0.0
51519,2023.0,12.0,24.0,18.0,21.047016,22.86255,20.02834,21.826624,21.05511,22.94953,21.079885,23.14073,20.210823,22.08452,17.795464,17.716679,21.059662,22.381212,21.02614,22.601223,17.339499,17.262545,0.0,4.0,0.0,4.0,0.0,0.0,4.0,0.0
51520,2023.0,12.0,24.0,18.0,21.066326,22.793297,18.439844,18.579433,21.047358,22.773886,21.047417,22.886969,20.03687,21.509056,17.982157,18.208593,21.020552,22.156698,21.065538,22.558779,17.296017,17.221664,0.0,4.0,4.0,0.0,4.0,4.0,0.0,0.0
51521,2023.0,12.0,24.0,18.0,21.034214,22.611387,17.686378,17.672487,21.046227,22.65751,21.075512,22.84506,18.576714,18.520134,20.267792,22.157843,21.024416,22.07816,21.056168,22.42671,17.257008,17.182346,0.0,4.0,0.0,0.0,4.0,4.0,0.0,0.0
51522,2023.0,12.0,24.0,19.0,21.037779,22.550385,17.995022,18.39176,21.043009,22.567488,21.066162,22.73602,17.863934,17.630621,20.019875,21.437244,21.02177,22.010172,21.053936,22.336767,17.222054,17.147173,4.0,4.0,0.0,0.0,0.0,4.0,0.0,0.0
51523,2023.0,12.0,24.0,19.0,21.181995,22.789223,20.244335,22.2958,21.172146,22.761023,21.152054,22.8594,18.570562,19.1395,18.618328,18.578386,21.161957,22.242012,21.201748,22.584389,17.192278,17.118193,0.0,4.0,0.0,4.0,0.0,4.0,0.0,0.0
51524,2023.0,12.0,24.0,19.0,21.06234,22.525736,19.04499,19.676739,21.041895,22.446604,21.031658,22.55687,20.204449,21.820444,17.987637,17.864449,21.020508,21.916838,21.045252,22.228098,17.164303,17.08978,4.0,4.0,4.0,0.0,0.0,4.0,0.0,0.0
51525,2023.0,12.0,24.0,19.0,21.056341,22.475739,20.244013,22.063267,21.041359,22.40639,21.060736,22.608257,18.654444,18.602518,17.843845,17.721304,21.050323,21.964647,21.0448,22.196732,17.139189,17.064352,0.0,4.0,0.0,0.0,0.0,0.0,0.0,0.0
51526,2023.0,12.0,24.0,19.0,21.029587,22.370205,18.946873,19.333954,21.040592,22.372496,21.066267,22.568617,17.90659,17.667355,17.727022,17.610077,21.014513,21.840841,21.044102,22.169802,18.034384,18.77345,4.0,4.0,0.0,0.0,0.0,4.0,0.0,4.0
51527,2023.0,12.0,24.0,19.0,21.218376,22.728027,20.236826,21.933205,21.209183,22.682293,21.169191,22.733578,17.843739,17.725727,17.626493,17.510357,21.141815,22.093233,21.242695,22.545092,20.280428,22.434122,4.0,4.0,0.0,0.0,0.0,0.0,0.0,0.0
51528,2023.0,12.0,24.0,20.0,21.059772,22.4099,20.018772,21.372707,21.038733,22.31295,21.026806,22.416382,17.789371,17.685347,17.541155,17.427654,21.043196,21.867617,21.042784,22.120865,18.359268,18.362978,4.0,4.0,4.0,0.0,0.0,0.0,0.0,0.0
51529,2023.0,12.0,24.0,20.0,21.025364,22.303743,20.063173,21.391104,21.063982,22.363564,21.059097,22.494686,17.706518,17.603445,17.467821,17.355337,21.042282,21.844221,21.041641,22.103722,17.537037,17.34611,0.0,0.0,0.0,0.0,0.0,0.0,0.0,0.0
51530,2023.0,12.0,24.0,20.0,21.06111,22.382664,19.038773,19.33979,21.032583,22.257347,21.03842,22.398565,17.639965,17.542917,17.41078,17.30512,21.033152,21.826778,21.042423,22.09132,17.475767,17.384336,4.0,4.0,4.0,0.0,0.0,0.0,0.0,0.0
51531,2023.0,12.0,24.0,20.0,21.053518,22.351597,20.195381,21.73421,21.063393,22.322218,21.15407,22.627121,17.578465,17.483498,17.355232,17.251245,21.034071,21.825922,21.217878,22.429512,17.428864,17.34658,0.0,0.0,0.0,0.0,0.0,0.0,0.0,0.0
51532,2023.0,12.0,24.0,20.0,21.027143,22.263468,18.746964,18.800655,21.031822,22.220165,21.061342,22.415623,17.52447,17.431633,17.30569,17.20446,21.003582,21.74263,21.04117,22.059784,18.353064,19.15513,0.0,4.0,0.0,0.0,0.0,4.0,0.0,4.0
51533,2023.0,12.0,24.0,20.0,21.0322,22.266577,18.493736,18.82585,21.037241,22.218658,21.061653,22.394743,17.475323,17.381905,17.260279,17.16106,21.048895,21.83571,21.041452,22.050802,20.235807,22.19264,4.0,4.0,0.0,0.0,0.0,0.0,0.0,0.0
51534,2023.0,12.0,24.0,21.0,21.228893,22.653973,20.228546,21.907747,21.183298,22.519907,21.25317,22.762999,17.430359,17.336294,17.584677,17.805214,21.216541,22.132994,21.251087,22.46075,18.421883,18.386026,0.0,0.0,4.0,0.0,4.0,4.0,0.0,0.0
51535,2023.0,12.0,24.0,21.0,21.057924,22.32006,19.212008,19.751444,21.055704,22.244627,21.055002,22.384577,17.390543,17.29603,20.298538,22.405136,21.046816,21.797573,21.040268,22.02451,18.548553,19.153097,4.0,0.0,0.0,0.0,0.0,0.0,0.0,4.0
51536,2023.0,12.0,24.0,21.0,21.161488,22.515188,20.216572,21.772821,21.19628,22.49083,21.156406,22.559282,18.079895,18.625334,18.953545,19.435095,21.197653,22.06691,21.225826,22.388813,20.219498,21.942171,0.0,4.0,0.0,4.0,4.0,4.0,0.0,0.0
51537,2023.0,12.0,24.0,21.0,21.0523,22.279541,19.037119,19.326097,21.03524,22.156057,21.059528,22.33909,20.267605,22.256176,20.25115,22.002901,21.046495,21.773142,21.039753,22.004484,18.52741,18.441456,4.0,4.0,0.0,0.0,0.0,0.0,0.0,0.0
51538,2023.0,12.0,24.0,21.0,21.295347,22.754976,20.192451,21.715166,21.221666,22.523973,21.202751,22.63054,18.461462,18.423225,19.11325,19.533403,21.149359,21.967167,21.253902,22.42682,17.764647,17.521517,4.0,4.0,0.0,0.0,4.0,0.0,0.0,0.0
51539,2023.0,12.0,24.0,21.0,21.031376,22.208076,20.038229,21.299627,21.059845,22.20888,21.023315,22.2477,17.628618,17.372374,20.225805,21.733727,21.041103,21.735891,20.999231,21.878096,18.698006,19.4733,0.0,0.0,4.0,0.0,0.0,0.0,4.0,4.0
51540,2023.0,12.0,24.0,22.0,21.030256,22.200817,18.73215,18.719454,21.029566,22.117134,21.053492,22.33175,18.368038,18.930988,18.718752,18.632969,21.030754,21.726416,21.057554,22.008099,20.146763,21.728664,0.0,4.0,0.0,4.0,0.0,0.0,0.0,4.0
51541,2023.0,12.0,24.0,22.0,21.030207,22.195534,18.565311,18.869627,21.060465,22.19179,21.03488,22.24562,20.233541,21.9843,18.059,17.91189,21.001692,21.655277,21.047426,21.969568,20.044546,21.380798,4.0,0.0,4.0,0.0,0.0,4.0,0.0,0.0
51542,2023.0,12.0,24.0,22.0,21.188076,22.523819,20.19648,21.744028,21.186049,22.430681,21.178877,22.535883,18.554308,18.471006,17.916811,17.774567,21.149073,21.958784,21.354801,22.53995,18.595226,18.463154,4.0,0.0,0.0,0.0,0.0,0.0,4.0,0.0
51543,2023.0,12.0,24.0,22.0,21.050327,22.230274,20.035578,21.306076,21.028234,22.079203,21.057306,22.270456,17.758516,17.478788,17.787504,17.646605,21.040121,21.722862,21.05507,21.954018,18.710146,19.160322,0.0,4.0,0.0,0.0,0.0,0.0,0.0,4.0
51544,2023.0,12.0,24.0,22.0,21.051373,22.219563,18.716639,18.69341,21.03425,22.087425,21.058405,22.25643,17.723251,17.589943,17.685795,17.552675,21.010672,21.633116,21.046951,21.92795,20.203867,21.69856,0.0,4.0,0.0,0.0,0.0,4.0,0.0,0.0
51545,2023.0,12.0,24.0,22.0,21.039207,22.20749,17.913866,17.631096,21.033741,22.08337,21.045204,22.241056,17.687977,17.573835,17.91093,18.058155,21.046286,21.720882,21.04733,21.916834,19.319809,19.769491,0.0,4.0,0.0,0.0,4.0,0.0,0.0,4.0
51546,2023.0,12.0,24.0,23.0,21.013882,22.142944,17.833597,17.708021,21.059278,22.150034,21.046902,22.248072,17.614033,17.503231,20.335844,22.119217,21.040474,21.698656,21.036976,21.905474,20.3174,21.789322,0.0,0.0,0.0,0.0,4.0,0.0,0.0,0.0
51547,2023.0,12.0,24.0,23.0,19.78765,19.8119,17.777166,17.692295,20.260763,20.57913,19.90422,20.054525,18.103605,18.479511,18.799576,18.985573,20.026237,19.74181,20.052162,20.015976,18.744274,18.609562,0.0,4.0,0.0,4.0,0.0,0.0,0.0,0.0
51548,2023.0,12.0,24.0,23.0,19.236635,19.053965,17.691404,17.606838,19.348673,19.052471,19.334986,19.249346,17.72338,17.646997,18.462458,18.597424,20.592224,21.071327,19.646473,19.493435,18.215836,17.911732,0.0,0.0,0.0,0.0,4.0,4.0,0.0,0.0
51549,2023.0,12.0,24.0,23.0,19.002998,18.816078,17.608229,17.525206,18.965975,18.588736,19.089373,18.98824,17.553082,17.443298,18.13632,18.034836,19.814758,19.505306,19.456053,19.304592,18.944754,19.485071,0.0,0.0,0.0,0.0,0.0,0.0,0.0,4.0
51550,2023.0,12.0,24.0,23.0,19.764198,20.43029,17.533682,17.451492,19.39964,19.583153,19.574844,20.05892,18.059393,18.444695,18.23354,18.362484,19.468807,19.06759,19.303415,19.156267,18.388077,18.331343,0.0,4.0,4.0,4.0,4.0,0.0,0.0,0.0
51551,2023.0,12.0,24.0,23.0,19.094963,19.07101,17.917418,18.229454,18.858465,18.585138,19.090237,19.13522,17.507273,17.275654,18.264992,18.426294,19.320917,18.92408,20.184082,20.940914,18.69835,19.074644,4.0,0.0,0.0,0.0,4.0,0.0,4.0,4.0
51552,2023.0,12.0,25.0,0.0,18.733196,18.569578,17.658617,17.703579,19.190676,19.383286,18.55642,18.263609,17.8554,18.07973,17.7485,17.473633,19.393236,19.19839,19.267834,19.036568,18.071516,17.841175,0.0,4.0,0.0,4.0,0.0,0.0,0.0,0.0
51553,2023.0,12.0,25.0,0.0,19.275547,19.717697,17.903564,18.23429,18.666607,18.396753,18.312326,17.972258,17.426346,17.17242,17.474705,17.126102,20.143715,20.67987,18.886585,18.5486,17.781836,17.49156,4.0,0.0,0.0,0.0,0.0,4.0,0.0,0.0
51554,2023.0,12.0,25.0,0.0,18.764946,18.716614,17.611107,17.650877,18.385078,18.034176,18.367393,18.23257,17.23264,16.95045,17.520998,17.34383,19.373276,19.079506,18.736767,18.403421,17.653894,17.368711,0.0,0.0,0.0,0.0,0.0,0.0,0.0,0.0
51555,2023.0,12.0,25.0,0.0,18.475203,18.309078,17.19101,16.91519,18.247414,17.894701,18.326048,18.230719,17.312456,17.188225,17.508638,17.36837,19.075161,18.689264,18.7926,18.643105,17.701443,17.575245,0.0,0.0,0.0,0.0,0.0,0.0,0.0,0.0
51556,2023.0,12.0,25.0,0.0,18.558796,18.600027,17.046194,16.745743,18.341911,18.200983,18.245325,18.156755,17.874392,18.262133,17.452278,17.319443,18.971289,18.592556,18.74974,18.617653,18.446793,19.031885,0.0,0.0,0.0,4.0,0.0,0.0,0.0,4.0
51557,2023.0,12.0,25.0,0.0,18.53728,18.612114,17.139097,17.01857,18.32726,18.226486,18.166893,18.081614,17.496695,17.426517,17.392994,17.260347,19.073763,18.89308,18.679136,18.546906,17.745344,17.537203,0.0,0.0,0.0,0.0,0.0,0.0,0.0,0.0
51558,2023.0,12.0,25.0,1.0,18.476397,18.55306,17.632994,17.976582,18.264341,18.167135,18.09195,18.00773,17.191761,16.932491,17.634935,17.761675,19.067604,18.90965,18.610397,18.477184,17.473162,17.195456,4.0,0.0,0.0,0.0,4.0,0.0,0.0,0.0
51559,2023.0,12.0,25.0,1.0,18.418274,18.496433,17.35475,17.385626,18.202724,18.10801,18.0234,17.941362,17.07822,16.798786,17.403769,17.284836,19.019625,18.862972,18.547344,18.414343,18.127203,18.51902,0.0,0.0,0.0,0.0,0.0,0.0,0.0,4.0
51560,2023.0,12.0,25.0,1.0,18.36083,18.438423,17.66657,18.033115,18.141447,18.046894,17.95715,17.874882,17.164772,17.042017,17.28764,17.151096,18.97094,18.812943,18.486868,18.352482,18.308413,18.723295,4.0,0.0,0.0,0.0,0.0,0.0,0.0,4.0
51561,2023.0,12.0,25.0,1.0,18.309086,18.388784,17.54758,17.7206,18.086197,17.994516,17.89846,17.818897,17.160294,17.043308,17.2367,17.101604,18.926043,18.768719,18.432459,18.299063,17.615854,17.376657,4.0,0.0,0.0,0.0,0.0,0.0,0.0,0.0
51562,2023.0,12.0,25.0,1.0,18.25769,18.336933,17.03853,16.790974,18.031311,17.939816,17.840721,17.761026,17.130426,17.012665,17.186525,17.05007,18.881561,18.723108,18.379253,18.244795,17.378677,17.092014,0.0,0.0,0.0,0.0,0.0,0.0,0.0,0.0
51563,2023.0,12.0,25.0,1.0,18.206991,18.283747,16.835327,16.51483,17.976465,17.882416,17.7831,17.700575,17.099012,16.979048,17.138317,16.998528,18.837797,18.67699,18.327702,18.191011,17.27372,16.98466,0.0,0.0,0.0,0.0,0.0,0.0,0.0,0.0
51564,2023.0,12.0,25.0,2.0,18.16237,18.240307,16.970219,16.869915,17.929155,17.837631,17.733356,17.653482,17.069683,16.949526,17.09617,16.956951,18.798344,18.637806,18.281168,18.14485,17.360622,17.243162,0.0,0.0,0.0,0.0,0.0,0.0,0.0,0.0
51565,2023.0,12.0,25.0,2.0,18.11893,18.19713,16.967371,16.888977,17.882042,17.79093,17.683737,17.604294,17.040812,16.92025,17.05485,16.914993,18.759998,18.599215,18.236383,18.099936,17.335312,17.2184,0.0,0.0,0.0,0.0,0.0,0.0,0.0,0.0
51566,2023.0,12.0,25.0,2.0,18.07841,18.157654,16.93347,16.856981,17.838623,17.749382,17.638096,17.56062,17.013588,16.893213,17.016865,16.877476,18.724123,18.563793,18.194504,18.058565,17.293674,17.177004,0.0,0.0,0.0,0.0,0.0,0.0,0.0,0.0
51567,2023.0,12.0,25.0,2.0,18.039537,18.119709,16.89964,16.824669,17.797037,17.709534,17.594501,17.518843,16.987486,16.867313,16.981012,16.842087,18.689922,18.530052,18.154718,18.019287,17.25347,17.137077,0.0,0.0,0.0,0.0,0.0,0.0,0.0,0.0
51568,2023.0,12.0,25.0,2.0,18.002111,18.083097,16.86634,16.79273,17.757051,17.671158,17.552698,17.478718,16.962452,16.842499,16.94712,16.808657,18.657263,18.49786,18.11683,17.981905,17.215155,17.099089,0.0,0.0,0.0,0.0,0.0,0.0,0.0,0.0
51569,2023.0,12.0,25.0,2.0,17.96734,18.050428,16.836155,16.76581,17.720512,17.638151,17.514603,17.444298,16.93924,16.82035,17.22363,17.355455,18.627012,18.46909,18.081629,17.948185,17.180088,17.065416,0.0,0.0,0.0,0.0,4.0,0.0,0.0,0.0
51570,2023.0,12.0,25.0,3.0,17.933187,18.01781,16.805954,16.737583,17.684233,17.604248,18.191236,18.750362,16.916662,16.798569,17.012705,16.900108,19.335655,19.836302,18.047754,17.915565,17.146772,17.033203,0.0,0.0,4.0,0.0,0.0,4.0,0.0,0.0
51571,2023.0,12.0,25.0,3.0,17.897852,17.981052,16.775208,16.706953,17.64742,17.567911,17.769463,17.822346,16.893637,16.77517,16.912582,16.776222,18.629913,18.340464,18.013826,17.881548,17.114172,17.000362,0.0,0.0,0.0,0.0,0.0,0.0,0.0,0.0
51572,2023.0,12.0,25.0,3.0,17.862343,17.943367,16.743631,16.674,17.609957,17.529232,17.319386,17.035866,16.869995,16.750286,16.875336,16.737743,18.387474,18.01296,17.979557,17.846067,17.082256,16.967154,0.0,0.0,0.0,0.0,0.0,0.0,0.0,0.0
51573,2023.0,12.0,25.0,3.0,17.832281,17.915956,16.71297,16.64233,17.573627,17.492153,17.18207,16.873455,16.84682,16.72619,17.159101,17.300749,18.313122,17.938848,17.946398,17.81217,17.051735,16.935822,0.0,0.0,0.0,0.0,4.0,0.0,0.0,0.0
51574,2023.0,12.0,25.0,3.0,17.811502,17.90649,16.68508,16.615522,17.54017,17.460276,17.306074,17.200718,16.824886,16.704533,16.931208,16.813442,18.454826,18.286947,17.915194,17.781689,17.75638,18.288694,0.0,0.0,0.0,0.0,0.0,0.0,0.0,4.0
51575,2023.0,12.0,25.0,3.0,17.784101,17.879791,16.656399,16.586367,17.505701,17.425772,17.319735,17.24763,17.382462,17.771187,16.832811,16.6937,18.464273,18.304861,17.883347,17.749525,17.259205,17.192389,0.0,0.0,0.0,4.0,0.0,0.0,0.0,0.0
51576,2023.0,12.0,25.0,4.0,17.753984,17.848463,16.62789,16.557087,17.47152,17.391161,17.288366,17.217628,16.991388,16.901346,16.794409,16.654747,18.43731,18.277382,17.851572,17.71719,16.946587,16.680302,0.0,0.0,0.0,0.0,0.0,0.0,0.0,0.0
51577,2023.0,12.0,25.0,4.0,18.43881,19.157177,16.600409,16.52948,18.15402,18.70176,17.255222,17.18504,16.86384,16.742226,17.048466,17.160078,19.153679,19.655735,17.820686,17.686335,17.583601,17.964409,0.0,4.0,0.0,0.0,4.0,4.0,0.0,4.0
51578,2023.0,12.0,25.0,4.0,17.991024,18.172483,16.572998,16.50153,17.741404,17.787413,17.221214,17.151043,16.823349,16.700825,17.1668,17.322948,18.442232,18.146475,17.790047,17.655443,17.043829,16.808405,0.0,0.0,0.0,0.0,4.0,0.0,0.0,0.0
51579,2023.0,12.0,25.0,4.0,17.58014,17.456638,16.545044,16.471737,17.281643,16.973988,17.18637,17.114632,16.78715,16.662815,16.86773,16.736938,18.199644,17.817812,17.759212,17.623411,16.835926,16.548439,0.0,0.0,0.0,0.0,0.0,0.0,0.0,0.0
51580,2023.0,12.0,25.0,4.0,17.442053,17.281513,16.51667,16.440685,17.141148,16.802786,17.151121,17.077105,16.75482,16.628698,16.76559,16.619719,18.12466,17.741962,17.728472,17.59148,16.939182,16.831413,0.0,0.0,0.0,0.0,0.0,0.0,0.0,0.0
51581,2023.0,12.0,25.0,4.0,17.590563,17.653078,16.98276,17.337336,17.285412,17.167643,17.120176,17.048153,16.726301,16.601007,16.722004,16.578417,18.27657,18.110603,17.69939,17.563166,16.912634,16.792875,4.0,0.0,0.0,0.0,0.0,0.0,0.0,0.0
51582,2023.0,12.0,25.0,5.0,17.602795,17.688938,16.69382,16.704742,17.301743,17.214964,17.087215,17.014887,16.697289,16.571358,16.679834,16.535583,18.282198,18.119164,17.668962,17.532343,16.878185,16.757616,0.0,0.0,0.0,0.0,0.0,0.0,0.0,0.0
51583,2023.0,12.0,25.0,5.0,17.57444,17.658846,16.52834,16.447792,17.271568,17.184034,17.052092,16.976969,16.667543,16.539505,16.638987,16.49165,18.253939,18.088984,17.63715,17.498816,16.843254,16.720654,0.0,0.0,0.0,0.0,0.0,0.0,0.0,0.0
51584,2023.0,12.0,25.0,5.0,17.545269,17.628567,16.482643,16.40097,17.240353,17.152445,17.019497,16.943853,16.639717,16.510952,16.602419,16.454424,18.226597,18.060951,17.606539,17.467663,16.810297,16.687088,0.0,0.0,0.0,0.0,0.0,0.0,0.0,0.0
51585,2023.0,12.0,25.0,5.0,17.516706,17.600405,16.448183,16.369362,17.210806,17.124949,16.989737,16.916096,16.613888,16.485926,16.5696,16.423285,18.199951,18.035149,17.577467,17.439455,17.513062,18.038383,0.0,0.0,0.0,0.0,0.0,0.0,0.0,4.0
51586,2023.0,12.0,25.0,5.0,17.484955,17.566093,16.412483,16.330994,17.177288,17.08946,16.956392,16.88064,16.585964,16.456297,16.853281,16.985212,18.17082,18.004408,17.546196,17.406696,17.815908,18.449339,0.0,0.0,0.0,0.0,4.0,0.0,0.0,4.0
51587,2023.0,12.0,25.0,5.0,17.455202,17.535711,16.381395,16.299835,17.146029,17.058292,16.925932,16.849968,16.559835,16.429905,16.611366,16.470625,18.143133,17.976545,17.516459,17.376865,17.701986,18.10456,0.0,0.0,0.0,0.0,0.0,0.0,0.0,4.0
51588,2023.0,12.0,25.0,6.0,17.42575,17.505875,16.35186,16.270294,17.115183,17.027727,16.896372,16.820223,16.53423,16.404276,16.52601,16.37712,18.115805,17.949306,17.487114,17.34772,16.975924,16.714664,0.0,0.0,0.0,0.0,0.0,0.0,0.0,0.0
51589,2023.0,12.0,25.0,6.0,21.291237,24.281044,16.323156,16.241722,21.233997,24.317749,21.202974,24.430141,16.508804,16.378769,16.487988,16.339615,21.270237,23.386667,22.10689,25.083652,17.512146,17.890146,0.0,0.0,0.0,0.0,0.0,0.0,0.0,4.0
51590,2023.0,12.0,25.0,6.0,21.005634,23.318052,16.292274,16.211037,21.00913,23.395275,21.010134,23.544682,16.484756,16.354462,16.448565,16.300396,21.017256,22.719797,20.882544,22.662216,20.32044,22.640001,0.0,0.0,0.0,0.0,0.0,0.0,0.0,4.0
51591,2023.0,12.0,25.0,6.0,21.039354,23.113605,16.26063,16.178001,21.068636,23.216055,21.072716,23.35463,16.463572,16.33302,16.411543,16.262209,21.052532,22.584494,21.088882,22.864853,20.022951,21.78146,0.0,0.0,0.0,0.0,0.0,0.0,0.0,0.0
51592,2023.0,12.0,25.0,6.0,21.063826,23.015963,16.232477,16.151108,21.0621,23.002914,21.06584,23.12933,16.445843,16.316196,16.667398,16.767525,21.048038,22.427174,21.051992,22.644814,18.873272,19.311792,0.0,0.0,0.0,0.0,4.0,0.0,0.0,4.0
51593,2023.0,12.0,25.0,6.0,21.073189,22.884241,16.2041,16.122463,21.06155,22.862885,21.065462,22.981346,16.428453,16.29901,20.359419,23.07163,21.046864,22.317554,21.054255,22.540398,21.269613,23.671534,0.0,0.0,0.0,0.0,0.0,0.0,0.0,0.0
51594,2023.0,12.0,25.0,7.0,21.0704,22.769993,16.178358,16.095486,21.059849,22.758686,21.063097,22.868296,16.411652,16.282553,18.31886,18.661522,21.0454,22.235273,21.052507,22.45583,19.1416,19.10654,0.0,0.0,0.0,0.0,0.0,0.0,0.0,0.0
51595,2023.0,12.0,25.0,7.0,21.052752,22.685665,16.153578,16.069962,21.057804,22.679398,21.061214,22.78362,16.395542,16.267168,17.129644,16.996815,21.043823,22.17239,21.050941,22.39131,18.758417,19.236174,0.0,0.0,0.0,0.0,0.0,0.0,0.0,4.0
51596,2023.0,12.0,25.0,7.0,21.054705,22.649267,16.130932,16.048346,21.057444,22.62115,21.060787,22.72163,16.380615,16.253567,16.919605,16.76916,21.043404,22.125721,21.050732,22.343542,20.210516,21.759405,0.0,0.0,0.0,0.0,0.0,0.0,0.0,0.0
51597,2023.0,12.0,25.0,7.0,21.027529,22.543657,16.107853,16.025957,21.031834,22.506004,21.059715,22.672129,17.093515,17.607168,16.808128,16.657413,21.042719,22.088415,21.049805,22.304384,18.504768,18.312496,0.0,4.0,0.0,4.0,0.0,0.0,0.0,0.0
51598,2023.0,12.0,25.0,7.0,21.058489,22.605022,16.55234,16.876497,21.036076,22.485054,21.034431,22.565485,20.338926,23.064844,16.719233,16.569592,21.01238,21.980694,21.049171,22.272877,17.683762,17.325459,4.0,4.0,4.0,0.0,0.0,4.0,0.0,0.0
51599,2023.0,12.0,25.0,7.0,21.16385,22.76248,20.332222,23.33514,21.07577,22.529064,21.038927,22.551586,18.46769,18.908173,16.642914,16.493214,21.15214,22.263393,21.048635,22.246778,17.638445,17.485338,4.0,0.0,4.0,4.0,0.0,0.0,0.0,0.0
51600,2023.0,12.0,25.0,8.0,21.064339,22.519537,20.016342,22.265497,21.04276,22.397997,21.078709,22.601187,20.310562,22.513702,16.581995,16.433348,21.024094,21.937687,21.008593,22.118683,17.570127,17.438873,4.0,4.0,0.0,4.0,0.0,4.0,4.0,0.0
51601,2023.0,12.0,25.0,8.0,19.75515,19.996494,20.089323,22.130764,19.903513,20.183653,19.819714,20.115274,20.04069,21.742327,16.903837,17.07921,19.687897,19.370363,19.508553,19.248522,17.45795,17.330572,0.0,4.0,4.0,0.0,4.0,0.0,0.0,0.0
51602,2023.0,12.0,25.0,8.0,19.709553,20.385157,18.423607,18.69846,19.325832,19.50144,19.195902,19.393383,18.80622,19.150986,20.354963,22.939934,19.04354,18.592932,19.715399,20.1695,17.354654,17.228214,4.0,4.0,4.0,4.0,4.0,0.0,4.0,0.0
51603,2023.0,12.0,25.0,8.0,19.457483,19.866926,20.245544,22.398632,19.13577,19.312319,18.997704,19.198269,20.279682,21.973307,20.013401,21.94882,19.563057,19.778208,18.94953,18.628832,17.26162,17.13568,0.0,4.0,4.0,4.0,0.0,4.0,0.0,0.0
51604,2023.0,12.0,25.0,8.0,18.63401,18.499033,18.282557,18.3307,19.00092,19.185581,18.854328,19.063812,20.0164,21.377848,18.114162,18.023157,19.702177,19.928066,18.447123,18.062723,18.03175,18.655876,0.0,4.0,4.0,4.0,0.0,4.0,0.0,4.0
51605,2023.0,12.0,25.0,8.0,18.870733,19.23029,17.809292,18.100554,18.890167,19.082241,18.737194,18.954147,20.072853,21.41704,17.101032,16.71429,18.96647,18.5814,18.229536,17.84526,20.292263,22.404917,4.0,4.0,4.0,0.0,0.0,0.0,0.0,0.0
51606,2023.0,12.0,25.0,9.0,18.347055,18.21387,20.265205,22.41654,18.796535,18.995329,18.63919,18.862265,18.479065,18.278679,17.050243,16.859322,18.59657,18.161608,18.067102,17.690443,18.957905,19.457172,4.0,4.0,4.0,0.0,0.0,0.0,0.0,4.0
51607,2023.0,12.0,25.0,9.0,18.651941,19.031866,20.026943,21.722336,18.10272,17.77689,18.55984,18.792397,17.636906,17.255087,17.016882,16.862276,19.204351,19.446432,18.129038,17.958261,20.251762,22.038704,4.0,0.0,4.0,0.0,0.0,4.0,0.0,0.0
51608,2023.0,12.0,25.0,9.0,18.792397,19.221949,20.079397,21.696173,18.358744,18.512592,18.494421,18.736084,18.295057,18.768581,16.922174,16.771467,19.399965,19.652122,18.110682,17.964949,18.415186,18.2767,0.0,4.0,4.0,4.0,0.0,4.0,0.0,0.0
51609,2023.0,12.0,25.0,9.0,18.14969,18.044714,18.386385,18.345602,17.887802,17.579422,18.438337,18.688904,20.254753,22.067474,17.183302,17.335476,19.408688,19.66294,18.034906,17.893219,17.55635,17.232403,0.0,0.0,4.0,0.0,4.0,4.0,0.0,0.0
51610,2023.0,12.0,25.0,9.0,17.771498,17.564096,18.058475,18.327915,17.528948,17.135603,17.765427,17.483746,18.402205,18.266088,20.417294,22.745848,19.416214,19.674065,17.95918,17.81933,17.488316,17.33601,4.0,0.0,0.0,0.0,0.0,4.0,0.0,0.0
51611,2023.0,12.0,25.0,9.0,18.33287,18.742767,20.246801,22.200634,17.383863,16.991978,18.048113,18.249683,17.484604,17.129831,18.4713,18.738329,19.421135,19.682793,17.889244,17.750902,18.334017,19.017786,4.0,0.0,4.0,0.0,0.0,4.0,0.0,4.0
51612,2023.0,12.0,25.0,10.0,18.544216,19.005745,20.02741,21.583326,18.19553,18.643887,18.221107,18.497662,17.416801,17.246754,17.75898,17.940716,19.425129,19.69049,18.804192,19.529778,20.250011,22.188015,4.0,4.0,4.0,0.0,4.0,4.0,4.0,0.0
51613,2023.0,12.0,25.0,10.0,17.935005,17.866882,20.057714,21.526413,18.307367,18.618536,18.21571,18.50257,18.10111,18.62407,20.294937,22.357328,18.726044,18.378325,18.079979,17.838469,18.33176,18.21519,4.0,4.0,4.0,4.0,4.0,0.0,0.0,0.0
51614,2023.0,12.0,25.0,10.0,17.59203,17.427446,20.069593,21.482964,18.236322,18.52715,17.590904,17.356047,20.285725,22.305567,20.021801,21.582611,18.393198,17.996435,17.653097,17.340385,17.466526,17.162786,0.0,4.0,0.0,0.0,4.0,0.0,0.0,0.0
51615,2023.0,12.0,25.0,10.0,17.465082,17.297096,18.839445,19.039701,18.234514,18.531551,17.894114,18.134516,18.33921,18.254183,20.073408,21.515627,19.03711,19.321938,17.536245,17.22415,17.411037,17.270695,4.0,4.0,4.0,0.0,0.0,4.0,0.0,0.0
51616,2023.0,12.0,25.0,10.0,18.338665,19.041845,20.2215,21.897104,18.233593,18.536688,17.499874,17.31114,18.100475,18.391739,18.477085,18.318792,19.26513,19.56824,18.480272,19.076641,18.272974,18.970959,0.0,4.0,0.0,4.0,0.0,4.0,4.0,4.0
51617,2023.0,12.0,25.0,10.0,18.439068,18.954082,18.89284,19.152786,18.232658,18.54232,17.814081,18.08275,20.260822,22.11521,17.79932,17.627409,18.592373,18.276546,18.835403,19.425804,20.25685,22.252848,4.0,4.0,4.0,4.0,0.0,0.0,4.0,0.0
51618,2023.0,12.0,25.0,11.0,17.772636,17.738071,20.21877,21.90195,18.231848,18.548279,17.417576,17.24516,20.011202,21.429682,17.645601,17.492445,18.284912,17.91906,17.993061,17.766571,19.04728,19.589304,4.0,4.0,0.0,4.0,0.0,0.0,0.0,4.0
51619,2023.0,12.0,25.0,11.0,17.437601,17.302929,20.026527,21.39233,18.228836,18.550777,17.745085,18.035004,20.069357,21.437735,17.49271,17.34603,18.955484,19.276695,18.624155,19.230814,20.233282,21.961592,4.0,4.0,4.0,0.0,0.0,4.0,4.0,0.0
51620,2023.0,12.0,25.0,11.0,17.33065,17.197489,20.051584,21.366104,18.225798,18.552889,17.939156,18.28348,19.119797,19.477278,17.364752,17.224304,18.484354,18.194109,17.994198,17.777617,18.485893,18.39331,4.0,4.0,4.0,4.0,0.0,0.0,0.0,0.0
51621,2023.0,12.0,25.0,11.0,18.212196,18.941143,20.065327,21.35805,18.221462,18.552797,17.962618,18.311087,20.215172,21.685816,17.653568,17.866753,18.188763,17.842005,18.622246,19.235626,18.517712,18.989082,0.0,4.0,4.0,0.0,4.0,0.0,4.0,4.0
51622,2023.0,12.0,25.0,11.0,18.334625,18.88808,18.95354,19.16744,18.217422,18.553352,17.977116,18.329493,18.630518,18.49835,20.320446,22.344007,18.106869,17.762331,17.988014,17.774729,20.353287,22.15583,4.0,4.0,4.0,0.0,4.0,0.0,0.0,4.0
51623,2023.0,12.0,25.0,11.0,18.3068,18.846714,20.21798,21.79287,18.213194,18.553787,17.392782,17.236736,17.811026,17.482496,20.032177,21.600416,19.043642,19.615715,18.6206,19.240532,20.423157,21.957003,0.0,4.0,0.0,0.0,0.0,4.0,4.0,0.0
51624,2023.0,12.0,25.0,12.0,17.70896,17.710918,18.98718,19.259233,17.632063,17.48181,17.04869,16.78556,17.722973,17.561026,18.43597,18.347776,18.476402,18.239843,18.931547,19.545769,19.773666,20.313354,4.0,0.0,0.0,0.0,0.0,0.0,4.0,4.0
51625,2023.0,12.0,25.0,12.0,21.296432,24.152374,20.189512,21.595469,21.28257,24.034624,21.254086,24.260214,17.6561,17.520594,17.940817,17.756449,21.373724,23.413822,22.048668,24.909979,20.133673,21.198008,4.0,0.0,0.0,0.0,0.0,0.0,4.0,0.0
51626,2023.0,12.0,25.0,12.0,21.000612,23.175266,20.027115,21.22289,21.024746,23.145678,20.999882,23.288748,17.54103,17.41069,17.795755,17.63434,21.030514,22.569221,21.034002,22.795912,18.77472,18.595068,4.0,0.0,4.0,0.0,0.0,0.0,0.0,0.0
51627,2023.0,12.0,25.0,12.0,21.05548,23.051006,20.065933,21.28048,21.053415,22.944292,21.063732,23.136782,17.433777,17.30443,18.059563,18.278683,21.016973,22.359455,21.06675,22.677961,18.042501,17.697433,0.0,4.0,4.0,0.0,4.0,4.0,0.0,0.0
51628,2023.0,12.0,25.0,12.0,21.048668,22.883652,19.008175,19.203398,21.076931,22.85266,21.056475,22.939686,17.347616,17.224482,20.294575,22.063904,21.032724,22.251543,21.062624,22.536238,17.961143,17.803497,4.0,0.0,4.0,0.0,0.0,4.0,0.0,0.0
51629,2023.0,12.0,25.0,12.0,21.178837,23.03667,20.193321,21.653694,21.161545,22.907946,21.168053,23.037142,18.064627,18.652605,19.062977,19.488102,21.16046,22.408867,21.191984,22.697718,17.865517,17.727177,4.0,0.0,4.0,4.0,4.0,4.0,0.0,0.0
51630,2023.0,12.0,25.0,13.0,21.183983,22.963793,20.161844,21.52006,21.211172,22.930302,21.173748,22.954464,20.283693,22.34167,20.233704,21.845707,21.165012,22.34175,21.21976,22.700676,18.726095,19.478329,0.0,4.0,4.0,4.0,0.0,4.0,0.0,4.0
51631,2023.0,12.0,25.0,13.0,21.044653,22.622473,18.671886,18.601511,21.05065,22.537617,21.076786,22.708273,20.04162,21.613342,18.882824,19.007446,21.02652,22.007147,21.049013,22.31584,20.151154,21.732801,0.0,4.0,0.0,0.0,4.0,4.0,0.0,4.0
51632,2023.0,12.0,25.0,13.0,21.070274,22.647299,18.047142,17.938744,21.047663,22.485352,21.070908,22.637972,18.396854,18.261862,20.29295,21.789791,21.026016,21.965757,21.048716,22.285402,20.01073,21.289755,0.0,4.0,0.0,0.0,0.0,4.0,0.0,4.0
51633,2023.0,12.0,25.0,13.0,21.038073,22.519623,18.302376,18.58255,21.047024,22.447634,21.04534,22.519175,17.586893,17.263102,18.642536,18.510902,21.025171,21.932034,21.048176,22.259533,20.026226,21.209122,4.0,4.0,4.0,0.0,0.0,4.0,0.0,4.0
51634,2023.0,12.0,25.0,13.0,21.175133,22.76491,20.203474,21.981855,21.17279,22.6695,21.167477,22.730253,17.365295,17.035837,17.951996,17.7809,21.123507,22.12057,21.203466,22.549158,20.059477,21.223701,4.0,4.0,4.0,0.0,0.0,0.0,0.0,0.0
51635,2023.0,12.0,25.0,13.0,21.041517,22.470692,20.02619,21.438065,21.0451,22.385813,21.047888,22.46268,17.39821,17.2504,17.805172,17.645506,21.048529,21.937597,21.046778,22.213505,18.669727,18.482307,4.0,4.0,4.0,0.0,0.0,0.0,0.0,0.0
51636,2023.0,12.0,25.0,14.0,21.067612,22.525217,20.064959,21.415405,21.0437,22.36335,21.046679,22.441217,17.369022,17.23881,17.659554,17.499722,21.016108,21.828934,21.04601,22.197538,17.960943,17.626211,0.0,4.0,4.0,0.0,0.0,4.0,0.0,0.0
51637,2023.0,12.0,25.0,14.0,19.556612,19.602612,18.636528,18.597654,19.50176,19.419441,19.436115,19.367298,17.298828,17.1791,17.54903,17.40157,20.447842,20.726562,19.817533,19.820108,17.741915,17.421776,0.0,0.0,0.0,0.0,0.0,4.0,0.0,0.0
51638,2023.0,12.0,25.0,14.0,19.585567,19.991018,18.156132,18.022038,19.41438,19.590712,19.326107,19.517452,17.238258,17.118856,17.461672,17.31323,20.281376,20.517506,19.30782,19.142374,17.774378,17.624943,0.0,4.0,4.0,0.0,0.0,4.0,0.0,0.0
51639,2023.0,12.0,25.0,14.0,18.89138,18.778397,18.439493,18.724796,19.337173,19.555885,19.237272,19.473904,17.18138,17.064743,17.38198,17.237438,20.206081,20.44925,19.083126,18.92071,17.718811,17.59119,4.0,4.0,4.0,0.0,0.0,4.0,0.0,0.0
51640,2023.0,12.0,25.0,14.0,19.210918,19.606594,20.232773,21.93645,19.22097,19.448421,19.110971,19.357944,17.128105,17.01374,17.307705,17.16539,19.463083,19.114449,18.907534,18.752728,17.63893,17.517668,0.0,4.0,4.0,0.0,0.0,0.0,0.0,0.0
51641,2023.0,12.0,25.0,14.0,18.666687,18.587044,19.201958,19.747446,19.102427,19.338213,18.982979,19.239637,17.070501,16.955847,17.231041,17.092865,19.054384,18.64027,18.733215,18.584663,17.54938,17.432108,4.0,4.0,4.0,0.0,0.0,0.0,0.0,0.0
51642,2023.0,12.0,25.0,15.0,18.307405,18.105013,20.166525,21.592772,19.018677,19.257597,18.893316,19.153517,17.023144,16.906763,17.17065,17.03204,18.896494,18.4776,18.6052,18.458328,17.477636,17.361446,4.0,4.0,4.0,0.0,0.0,0.0,0.0,0.0
51643,2023.0,12.0,25.0,15.0,18.804686,19.22305,20.047262,21.291603,18.927294,19.169907,18.79611,19.060434,16.971891,16.854357,17.105946,16.968351,19.519064,19.78807,18.473108,18.329893,17.401144,17.286495,0.0,4.0,4.0,0.0,0.0,4.0,0.0,0.0
51644,2023.0,12.0,25.0,15.0,18.935913,19.389526,18.973385,19.158754,18.846567,19.092606,18.091803,17.823723,16.924667,16.806892,17.046663,16.90902,19.688196,19.95442,18.35632,18.217398,17.32918,17.213041,4.0,4.0,0.0,0.0,0.0,4.0,0.0,0.0
51645,2023.0,12.0,25.0,15.0,18.909006,19.359692,20.196407,21.549946,18.786951,19.03319,18.409733,18.606905,16.88561,16.765919,16.998169,16.857836,18.993484,18.646957,18.266865,18.129314,18.12179,18.751081,0.0,4.0,4.0,0.0,0.0,0.0,0.0,4.0
51646,2023.0,12.0,25.0,15.0,18.87175,19.325485,18.737583,18.658878,18.723797,18.971954,17.92214,17.655107,16.844675,16.724434,16.94715,16.807161,18.645294,18.238447,19.21318,20.0015,20.236893,22.19974,0.0,4.0,0.0,0.0,0.0,0.0,4.0,4.0
51647,2023.0,12.0,25.0,15.0,18.839502,19.294157,18.079123,17.957731,18.666153,18.914509,17.53995,17.178843,16.804768,16.683336,16.89654,16.75567,18.51048,18.099611,18.401787,18.149586,20.04108,21.59204,0.0,4.0,0.0,0.0,0.0,0.0,0.0,0.0
51648,2023.0,12.0,25.0,16.0,18.179384,18.092285,18.326786,18.589594,18.614452,18.86298,18.037365,18.241869,16.766459,16.643902,16.847082,16.705208,19.404278,19.910017,17.918848,17.586077,18.38981,18.240746,4.0,4.0,4.0,0.0,0.0,4.0,0.0,0.0
51649,2023.0,12.0,25.0,16.0,17.868069,17.669304,20.232796,21.955942,17.957169,17.671259,17.583618,17.345156,16.733734,16.609934,16.804565,16.660458,18.713278,18.40927,17.787083,17.446432,17.794735,17.441507,4.0,0.0,0.0,0.0,0.0,0.0,0.0,0.0
51650,2023.0,12.0,25.0,16.0,18.437656,18.8776,20.03872,21.411701,18.261122,18.472897,17.23457,16.880625,16.698906,16.574219,16.761227,16.616205,18.321045,17.921759,17.866566,17.714273,17.545694,17.19175,0.0,4.0,0.0,0.0,0.0,0.0,0.0,0.0
51651,2023.0,12.0,25.0,16.0,17.97446,17.892403,18.563839,18.47955,18.405788,18.663609,18.022133,18.488663,16.667192,16.542906,16.723518,16.57969,18.9761,19.246939,17.860157,17.72039,17.546917,17.379868,0.0,4.0,4.0,0.0,0.0,4.0,0.0,0.0
51652,2023.0,12.0,25.0,16.0,17.69406,17.503178,18.25717,18.196348,18.396479,18.657541,18.044016,18.362877,16.639452,16.514042,16.691824,16.54684,18.424332,18.068712,17.812523,17.673315,17.501368,17.363132,4.0,4.0,4.0,0.0,0.0,0.0,0.0,0.0
51653,2023.0,12.0,25.0,16.0,17.565584,17.365044,20.21188,21.798967,18.377161,18.639345,17.39665,17.161404,16.6125,16.486841,16.660702,16.51521,18.214258,17.809507,17.764067,17.625511,17.421766,17.29038,0.0,4.0,0.0,0.0,0.0,0.0,0.0,0.0
51654,2023.0,12.0,25.0,17.0,17.667202,17.679375,18.948605,19.155785,17.73502,17.461359,17.05369,16.712072,16.583355,16.457638,16.974972,17.129461,18.128328,17.726938,17.71284,17.574537,17.335957,17.208895,4.0,0.0,0.0,0.0,4.0,0.0,0.0,0.0
51655,2023.0,12.0,25.0,17.0,17.690935,17.756199,20.20154,21.599127,17.436127,17.05626,17.619358,17.85233,16.558195,16.432148,20.289663,22.833849,18.274994,18.087463,17.670017,17.531675,17.26556,17.13655,0.0,0.0,4.0,0.0,0.0,0.0,0.0,0.0
51656,2023.0,12.0,25.0,17.0,17.65841,17.734709,18.704111,18.61026,17.957989,18.155325,17.267042,17.062246,16.532137,16.406818,18.413424,18.71971,18.311031,18.143578,17.625015,17.487537,18.046484,18.668287,0.0,4.0,0.0,0.0,0.0,0.0,0.0,4.0
51657,2023.0,12.0,25.0,17.0,18.357235,19.08322,18.236343,18.072466,18.123516,18.404556,16.99523,16.65917,16.509485,16.384253,17.577164,17.43258,18.28353,18.117554,17.586525,17.44904,20.257975,22.3796,0.0,4.0,0.0,0.0,0.0,0.0,0.0,4.0
51658,2023.0,12.0,25.0,17.0,18.62082,19.362885,18.506655,18.768045,17.522991,17.269072,16.869362,16.524015,16.485464,16.360464,17.358633,17.1995,18.998163,19.49849,17.546032,17.408855,20.038923,21.687231,4.0,0.0,0.0,0.0,0.0,4.0,0.0,0.0
51659,2023.0,12.0,25.0,17.0,18.420172,18.903017,20.208973,21.781382,17.858704,18.08303,16.990576,16.850658,16.463188,16.338734,17.214142,17.054308,18.362518,18.052916,17.50773,17.371637,18.317451,18.178799,4.0,4.0,0.0,0.0,0.0,0.0,0.0,0.0
51660,2023.0,12.0,25.0,18.0,17.71853,17.63341,20.02436,21.27471,17.43945,17.193806,17.033983,16.936848,16.442225,16.317923,17.101555,16.943502,18.016596,17.629765,18.475073,19.225397,17.507645,17.178638,4.0,0.0,0.0,0.0,0.0,0.0,4.0,0.0
51661,2023.0,12.0,25.0,18.0,21.278107,24.09679,20.048155,21.234825,21.299387,24.13715,21.250483,24.40779,17.16076,17.687817,17.013002,16.859678,21.38167,23.561403,21.389994,24.066017,17.272442,16.931292,4.0,4.0,0.0,4.0,0.0,4.0,0.0,0.0
51662,2023.0,12.0,25.0,18.0,21.02373,23.199163,20.04435,21.168201,21.007143,23.141888,21.010141,23.453634,20.335123,23.02291,16.938286,16.789011,21.008812,22.61809,21.034882,23.000164,17.309816,17.160833,4.0,4.0,0.0,0.0,0.0,4.0,0.0,0.0
51663,2023.0,12.0,25.0,18.0,21.052588,22.989748,20.061796,21.175873,21.062967,22.988327,21.074219,23.284582,17.971096,17.960566,16.876328,16.73181,21.06988,22.542639,21.073837,22.834656,17.287664,17.158653,0.0,4.0,0.0,0.0,0.0,0.0,0.0,0.0
51664,2023.0,12.0,25.0,18.0,21.074718,22.893929,19.04482,19.172195,21.05378,22.795416,21.064304,23.068253,16.895588,16.600098,16.821207,16.676653,21.029346,22.283726,21.053469,22.648922,17.215708,17.087395,4.0,4.0,0.0,0.0,0.0,4.0,0.0,0.0
51665,2023.0,12.0,25.0,18.0,21.161146,22.951773,20.204128,21.584127,21.174107,22.914253,21.162115,23.127216,16.858566,16.718716,16.77054,16.626465,21.154203,22.42482,21.20459,22.844334,17.151848,17.025457,0.0,4.0,0.0,0.0,0.0,4.0,0.0,0.0
51666,2023.0,12.0,25.0,19.0,21.052792,22.676943,19.05222,19.218332,21.050684,22.575703,21.062017,22.82601,16.834372,16.709108,16.726267,16.584152,21.059958,22.171995,21.052301,22.456135,17.096615,16.971558,4.0,4.0,0.0,0.0,0.0,0.0,0.0,0.0
51667,2023.0,12.0,25.0,19.0,21.181541,22.890482,20.191225,21.589071,21.187052,22.78344,21.169113,22.96744,16.769098,16.645199,16.685125,16.54317,21.13171,22.248552,21.217916,22.728107,17.973917,18.671345,4.0,4.0,0.0,0.0,0.0,0.0,0.0,4.0
51668,2023.0,12.0,25.0,19.0,21.026068,22.522038,20.023891,21.155659,21.048004,22.451403,21.035175,22.621399,16.712673,16.59019,16.648018,16.50684,21.05309,22.03676,21.0502,22.342062,20.25457,22.367899,4.0,4.0,4.0,0.0,0.0,0.0,0.0,4.0
51669,2023.0,12.0,25.0,19.0,21.045082,22.511166,20.063593,21.190245,21.046503,22.410164,21.064293,22.660065,16.663652,16.541424,17.015818,17.227808,21.038456,21.993322,21.049143,22.304749,20.030687,21.674294,0.0,4.0,0.0,0.0,4.0,0.0,0.0,0.0
51670,2023.0,12.0,25.0,19.0,21.068613,22.543007,19.043709,19.170927,21.046482,22.378399,21.048151,22.541733,16.623972,16.50431,20.406038,22.823456,21.010378,21.903912,21.049257,22.275713,18.296524,18.129658,4.0,4.0,4.0,0.0,4.0,4.0,0.0,0.0
51671,2023.0,12.0,25.0,19.0,21.165808,22.70269,20.205034,21.582388,21.198788,22.65666,21.167469,22.752834,16.587185,16.468107,20.010466,21.856535,21.135899,22.142817,21.22972,22.612387,17.496817,17.167912,0.0,4.0,0.0,0.0,0.0,0.0,0.0,0.0
51672,2023.0,12.0,25.0,20.0,21.035652,22.390844,19.069933,19.240757,21.06962,22.390863,21.04385,22.442648,16.555021,16.43718,18.750763,19.168772,21.050085,21.938673,21.04769,22.22292,17.291958,16.966839,4.0,0.0,4.0,0.0,4.0,0.0,0.0,0.0
51673,2023.0,12.0,25.0,20.0,21.20702,22.716755,20.20714,21.619524,21.201733,22.611267,21.194246,22.71602,16.524755,16.406433,20.26492,22.088404,21.134104,22.081879,21.23388,22.578953,17.338274,17.19846,0.0,4.0,4.0,0.0,0.0,0.0,0.0,0.0
51674,2023.0,12.0,25.0,20.0,21.06601,22.436201,19.052462,19.224977,21.043758,22.274187,21.072449,22.466005,16.49738,16.37911,18.453161,18.34128,21.03686,21.89016,21.046902,22.185104,17.313301,17.189226,4.0,4.0,0.0,0.0,0.0,0.0,0.0,0.0
51675,2023.0,12.0,25.0,20.0,21.168644,22.623886,20.19067,21.583925,21.205378,22.585505,21.166473,22.630514,16.471668,16.352846,17.66474,17.482548,21.159775,22.136524,21.23652,22.55219,17.238789,17.113836,4.0,4.0,0.0,0.0,0.0,0.0,0.0,0.0
51676,2023.0,12.0,25.0,20.0,21.033411,22.313519,20.021961,21.139286,21.067749,22.313702,21.066996,22.407154,16.447847,16.32857,17.510664,17.337137,21.007425,21.808495,21.046059,22.15464,18.098745,18.79807,4.0,0.0,0.0,0.0,0.0,4.0,0.0,4.0
51677,2023.0,12.0,25.0,20.0,21.065874,22.390173,20.06261,21.170485,21.037468,22.21794,21.026756,22.31912,16.426422,16.307024,17.371689,17.203697,21.056086,21.90465,21.046564,22.146389,20.279799,22.36562,0.0,4.0,4.0,0.0,0.0,0.0,0.0,0.0
51678,2023.0,12.0,25.0,21.0,21.059557,22.363626,19.068098,19.196962,21.042694,22.218548,21.058529,22.411081,17.137896,17.661737,17.255499,17.093481,21.048609,21.867226,21.006367,22.02968,18.97261,19.461224,4.0,4.0,0.0,4.0,0.0,0.0,4.0,4.0
51679,2023.0,12.0,25.0,21.0,21.17252,22.575012,20.181137,21.492216,21.208584,22.542027,21.19867,22.640533,20.337126,23.032698,17.152412,16.99131,21.189692,22.1123,21.298714,22.591238,20.247248,21.995293,4.0,4.0,4.0,0.0,0.0,4.0,4.0,0.0
51680,2023.0,12.0,25.0,21.0,21.0179,22.25686,20.023775,21.09212,21.041142,22.193956,21.045357,22.310856,17.956526,17.936956,17.062496,16.90455,21.053425,21.846592,21.02277,22.017494,18.431204,18.264624,4.0,4.0,4.0,0.0,0.0,0.0,4.0,0.0
51681,2023.0,12.0,25.0,21.0,21.040173,22.285929,20.043955,21.080456,21.067204,22.257896,21.044853,22.29728,17.592855,17.933569,17.419449,17.650465,21.047459,21.821676,21.064627,22.118153,17.583138,17.234404,4.0,0.0,4.0,4.0,4.0,0.0,0.0,0.0
51682,2023.0,12.0,25.0,21.0,21.063574,22.343182,20.059345,21.090557,21.035803,22.162203,21.070303,22.356335,20.369173,22.562654,20.354612,22.511257,21.048275,21.810722,21.055168,22.08057,17.549776,17.392904,0.0,4.0,0.0,0.0,0.0,0.0,0.0,0.0
51683,2023.0,12.0,25.0,21.0,21.0578,22.314297,18.778769,18.606657,21.041214,22.165243,21.039328,22.257607,18.727901,19.113125,18.541441,18.75981,21.00484,21.720743,21.015564,21.95513,17.494104,17.355604,0.0,4.0,4.0,4.0,0.0,4.0,4.0,0.0
51684,2023.0,12.0,25.0,22.0,21.031271,22.224655,18.676374,18.895817,21.040417,22.157227,21.04473,22.257975,20.338474,22.24997,17.54198,17.409534,21.024477,21.751167,21.063202,22.070892,17.396597,17.262196,4.0,4.0,4.0,0.0,0.0,4.0,0.0,0.0
51685,2023.0,12.0,25.0,22.0,21.217321,22.588223,20.178112,21.548058,21.211803,22.493586,21.044003,22.24892,18.843132,19.1479,17.64773,17.779242,21.139587,21.994572,21.01424,21.931824,17.310871,17.179688,4.0,4.0,4.0,4.0,4.0,0.0,4.0,0.0
51686,2023.0,12.0,25.0,22.0,21.061844,22.285131,20.042429,21.179424,21.064938,22.20769,21.04397,22.241709,20.42541,22.2626,20.379915,22.39039,21.04727,21.793379,21.062876,22.052021,17.233055,17.099686,0.0,0.0,4.0,0.0,0.0,0.0,0.0,0.0
51687,2023.0,12.0,25.0,22.0,21.029587,22.189133,19.034817,19.152437,21.05992,22.185522,21.068743,22.302446,18.424015,18.25333,18.626667,18.804869,21.047632,21.781862,21.013853,21.914497,17.164936,17.03195,4.0,0.0,0.0,0.0,0.0,0.0,4.0,0.0
51688,2023.0,12.0,25.0,22.0,21.179607,22.50331,20.204807,21.557478,21.177969,22.408724,21.205393,22.54197,17.698044,17.52585,17.660976,17.505037,21.167063,22.036673,21.219408,22.349993,17.104551,16.971542,0.0,0.0,4.0,0.0,0.0,0.0,0.0,0.0
51689,2023.0,12.0,25.0,22.0,21.055704,22.24176,18.749601,18.613476,21.0441,22.15667,21.043116,22.205027,17.530407,17.370008,17.430147,17.260174,21.03549,21.778889,21.053041,22.001205,17.806648,18.344027,0.0,0.0,4.0,0.0,0.0,0.0,0.0,4.0
51690,2023.0,12.0,25.0,23.0,21.056646,22.234371,18.142324,17.98483,21.046484,22.172268,21.042873,22.200085,17.376276,17.221004,17.29186,17.122072,21.005535,21.707169,21.054304,21.992886,20.27215,22.436268,0.0,0.0,4.0,0.0,0.0,4.0,0.0,4.0
51691,2023.0,12.0,25.0,23.0,19.982807,20.191267,18.432793,18.663881,19.917269,20.0119,19.554487,19.372717,17.247856,17.099224,17.17819,17.01112,19.824509,19.458042,19.95092,19.88418,18.18855,18.083086,4.0,0.0,0.0,0.0,0.0,0.0,0.0,0.0
51692,2023.0,12.0,25.0,23.0,19.464996,19.473917,18.108065,18.060076,20.00408,20.43535,19.484768,19.574043,17.152342,17.002495,17.091381,16.92179,19.35453,18.841927,19.488539,19.288897,17.490389,17.121767,0.0,4.0,4.0,0.0,0.0,0.0,0.0,0.0
51693,2023.0,12.0,25.0,23.0,19.9505,20.583126,17.870691,17.734835,19.987514,20.463266,18.789476,18.384619,17.06671,16.920906,17.012224,16.841885,19.162172,18.657366,19.273504,19.079426,17.294527,16.92905,0.0,4.0,0.0,0.0,0.0,0.0,0.0,0.0
51694,2023.0,12.0,25.0,23.0,19.388414,19.521126,17.741093,17.592682,19.034111,18.718536,19.05908,19.133759,16.988632,16.845333,17.222937,17.29671,20.02589,20.47029,19.097822,18.909056,17.332684,17.157581,0.0,0.0,4.0,0.0,4.0,4.0,0.0,0.0
51695,2023.0,12.0,25.0,23.0,18.76677,18.498383,17.637592,17.486843,18.55,18.052307,19.09287,19.24104,16.91163,16.76308,17.304623,17.409573,19.913797,20.099611,18.944515,18.75861,18.072662,18.618826,0.0,0.0,4.0,0.0,4.0,4.0,0.0,4.0
51696,2023.0,12.0,26.0,0.0,19.197989,19.497162,17.54815,17.396965,18.976934,19.036568,18.393444,18.004751,16.84276,16.692774,17.020895,16.887981,19.19018,18.781216,19.833855,20.562468,18.045506,18.383852,0.0,4.0,0.0,0.0,0.0,0.0,4.0,4.0
51697,2023.0,12.0,26.0,0.0,18.646494,18.462708,17.466002,17.31343,19.041595,19.168919,18.060719,17.582039,17.336193,17.671247,16.86494,16.691395,18.87937,18.386066,18.846796,18.515127,17.343782,17.064714,0.0,4.0,0.0,4.0,0.0,0.0,0.0,0.0
51698,2023.0,12.0,26.0,0.0,19.013367,19.31738,17.388575,17.233297,18.362518,17.94555,17.883242,17.399782,16.94154,16.815422,16.782085,16.60168,18.720068,18.219326,19.432829,19.874897,17.770172,18.05264,0.0,0.0,0.0,0.0,0.0,0.0,4.0,4.0
51699,2023.0,12.0,26.0,0.0,18.46174,18.267183,17.317041,17.159977,18.047127,17.5381,18.698957,19.09141,16.76101,16.601736,16.712147,16.528782,18.845816,18.59701,18.642105,18.268486,17.903738,18.201866,0.0,0.0,4.0,0.0,0.0,0.0,0.0,4.0
51700,2023.0,12.0,26.0,0.0,18.14762,17.836002,17.249207,17.08981,18.548216,18.609661,18.066833,17.778534,16.692492,16.531782,16.647366,16.46072,18.835543,18.618113,18.294205,17.848083,17.234016,16.929047,0.0,4.0,0.0,0.0,0.0,0.0,0.0,0.0
51701,2023.0,12.0,26.0,0.0,18.721561,19.035704,17.184559,17.022305,18.009975,17.574951,17.66652,17.18705,17.20492,17.547583,16.585993,16.395721,18.767157,18.547964,18.134222,17.687035,16.935152,16.55021,0.0,0.0,0.0,4.0,0.0,0.0,0.0,0.0
51702,2023.0,12.0,26.0,1.0,18.175121,17.959373,17.124376,16.960396,17.737669,17.221006,17.50447,17.010756,16.568708,16.208017,16.817225,16.874262,18.700027,18.478745,18.001347,17.556816,16.797365,16.408236,0.0,0.0,0.0,0.0,4.0,0.0,0.0,0.0
51703,2023.0,12.0,26.0,1.0,18.599207,18.890812,17.066778,16.900454,17.881102,17.638182,18.357271,18.751068,16.317305,15.914616,16.9077,16.991032,18.634872,18.411095,18.112207,17.897076,17.657335,18.149416,0.0,0.0,4.0,0.0,4.0,0.0,0.0,4.0
51704,2023.0,12.0,26.0,1.0,18.066397,17.845654,17.010906,16.841087,17.887972,17.69938,18.00774,17.977411,16.427849,16.233547,16.635258,16.477608,18.57156,18.344397,18.092035,17.894732,16.954254,16.616043,0.0,0.0,0.0,0.0,0.0,0.0,0.0,0.0
51705,2023.0,12.0,26.0,1.0,17.775955,17.439333,16.956718,16.782846,17.823881,17.635826,18.118008,18.243006,17.004412,17.333632,16.486761,16.285322,18.510399,18.27943,18.024605,17.824636,17.41577,17.675447,0.0,0.0,4.0,4.0,0.0,0.0,0.0,4.0
51706,2023.0,12.0,26.0,1.0,17.64541,17.299534,16.904877,16.727612,17.75835,17.569017,17.49407,17.062197,17.220112,17.60672,16.414148,16.206486,18.45225,18.218128,17.957418,17.754885,17.562664,17.824604,0.0,0.0,0.0,4.0,0.0,0.0,0.0,4.0
51707,2023.0,12.0,26.0,1.0,17.825926,17.762432,17.314592,17.533401,17.694468,17.504225,17.223316,16.706856,16.448307,16.069574,16.352404,16.141687,18.39668,18.16,17.89216,17.68771,17.588736,17.842371,4.0,0.0,0.0,0.0,0.0,0.0,0.0,4.0
51708,2023.0,12.0,26.0,2.0,17.847225,17.827467,17.034853,16.945257,17.630436,17.436855,17.092737,16.566252,16.162197,15.723031,16.293276,16.077736,18.341276,18.100367,17.827158,17.618917,17.604965,17.85054,0.0,0.0,0.0,0.0,0.0,0.0,0.0,4.0
51709,2023.0,12.0,26.0,2.0,17.803263,17.784742,16.861618,16.687578,17.572233,17.379099,17.990099,18.374374,16.057,15.620721,16.240564,16.023874,18.29072,18.048803,17.767517,17.55885,17.612797,17.852165,0.0,0.0,4.0,0.0,0.0,0.0,0.0,4.0
51710,2023.0,12.0,26.0,2.0,17.753593,17.733253,17.256495,17.479269,17.513857,17.318775,17.640812,17.578386,16.194813,15.988539,16.188282,15.96846,18.240116,17.995382,17.708025,17.496864,16.91925,16.54195,4.0,0.0,0.0,0.0,0.0,0.0,0.0,0.0
51711,2023.0,12.0,26.0,2.0,17.702873,17.680779,16.958006,16.86163,17.457565,17.260805,17.089838,16.594324,16.20032,16.00614,16.13839,15.91583,18.191332,17.944126,17.650803,17.437542,16.626192,16.184196,0.0,0.0,0.0,0.0,0.0,0.0,0.0,0.0
51712,2023.0,12.0,26.0,2.0,17.653423,17.630232,16.77677,16.592299,17.403822,17.206305,16.896828,16.357147,16.159859,15.964115,16.09112,15.866726,18.144659,17.895779,17.596151,17.381653,17.235777,17.45503,0.0,0.0,0.0,0.0,0.0,0.0,0.0,4.0
51713,2023.0,12.0,26.0,2.0,17.604935,17.580748,16.699043,16.502865,17.351744,17.153646,17.800352,18.1801,16.118748,15.921515,16.328081,16.346174,18.099384,17.849092,17.543304,17.327862,17.38213,17.606907,0.0,0.0,4.0,0.0,4.0,0.0,0.0,4.0
51714,2023.0,12.0,26.0,3.0,17.556181,17.529875,16.6392,16.43955,17.299805,17.09997,17.17129,16.82162,16.076492,15.877061,16.129269,15.917513,18.054228,17.801699,17.49081,17.2735,16.68025,16.26489,0.0,0.0,0.0,0.0,0.0,0.0,0.0,0.0
51715,2023.0,12.0,26.0,3.0,17.507719,17.478775,16.585117,16.382006,17.24847,17.04637,17.506767,17.584675,16.034369,15.8323965,16.009245,15.776872,18.009562,17.754457,17.439014,17.219421,16.419325,15.962905,0.0,0.0,4.0,0.0,0.0,0.0,0.0,0.0
51716,2023.0,12.0,26.0,3.0,17.461514,17.431358,16.53582,16.33128,17.19968,16.996853,16.958506,16.50988,15.994081,15.79076,15.959379,15.726211,17.966984,17.710531,17.389654,17.169102,16.302452,15.849607,0.0,0.0,0.0,0.0,0.0,0.0,0.0,0.0
51717,2023.0,12.0,26.0,3.0,17.418821,17.390293,16.974789,17.1938,17.15069,16.946152,16.687937,16.133379,16.53936,16.848783,15.90989,15.6745405,17.924458,17.665964,17.340479,17.118214,16.446035,16.23903,4.0,0.0,0.0,4.0,0.0,0.0,0.0,0.0
51718,2023.0,12.0,26.0,3.0,17.388363,17.371517,16.695398,16.603907,17.104067,16.899382,17.596909,17.970707,16.145494,15.979044,15.864625,15.628523,17.883932,17.624678,17.293581,17.070997,16.434769,16.231857,0.0,0.0,4.0,0.0,0.0,0.0,0.0,0.0
51719,2023.0,12.0,26.0,3.0,17.348364,17.330946,16.50016,16.301586,17.056625,16.850336,16.95875,16.59378,15.979338,15.770064,15.819784,15.58168,17.84293,17.581835,17.246223,17.022133,16.38571,16.181097,0.0,0.0,0.0,0.0,0.0,0.0,0.0,0.0
51720,2023.0,12.0,26.0,4.0,17.305428,17.285366,16.423494,16.210487,17.009277,16.800951,16.582403,16.026358,16.501013,16.795113,15.775899,15.5355015,17.802135,17.53893,17.199162,16.973269,17.064644,17.50025,0.0,0.0,0.0,4.0,0.0,0.0,0.0,4.0
51721,2023.0,12.0,26.0,4.0,17.264809,17.244347,16.369219,16.155708,16.964945,16.75701,16.454376,15.88881,15.839403,15.40173,15.734996,15.494592,17.763859,17.50062,17.154684,16.928993,16.555878,16.39243,0.0,0.0,0.0,0.0,0.0,0.0,0.0,0.0
51722,2023.0,12.0,26.0,4.0,17.224043,17.202368,16.319752,16.105373,16.920696,16.712402,16.67609,16.428238,16.192806,16.247177,15.694445,15.453381,17.725773,17.461905,17.110363,16.88417,16.139668,15.699958,0.0,0.0,0.0,4.0,0.0,0.0,0.0,0.0
51723,2023.0,12.0,26.0,4.0,17.184473,17.16264,16.274181,16.060396,16.878067,16.67046,16.711601,16.509907,15.713186,15.24256,15.655592,15.414822,17.689083,17.425413,17.067587,16.841799,15.98817,15.534444,0.0,0.0,0.0,0.0,0.0,0.0,0.0,0.0
51724,2023.0,12.0,26.0,4.0,17.145031,17.122871,16.230217,16.016853,16.835745,16.628672,17.408192,17.849277,16.104185,16.141773,15.617352,15.376773,17.652803,17.389257,17.025263,16.799797,16.13051,15.9175005,0.0,0.0,4.0,4.0,0.0,0.0,0.0,0.0
51725,2023.0,12.0,26.0,4.0,17.105165,17.082174,16.18685,15.973312,16.793226,16.586102,16.96654,16.884188,16.239565,16.281382,15.579381,15.338519,17.616528,17.352688,16.98293,16.757322,16.129906,15.923293,0.0,0.0,0.0,4.0,0.0,0.0,0.0,0.0
51726,2023.0,12.0,26.0,5.0,17.065624,17.041553,16.144358,15.930484,16.750923,16.543596,16.413128,15.894666,15.706088,15.273971,15.542083,15.300869,17.580551,17.316355,16.940916,16.715097,16.089092,15.881727,0.0,0.0,0.0,0.0,0.0,0.0,0.0,0.0
51727,2023.0,12.0,26.0,5.0,17.027222,17.00298,16.103588,15.890366,16.709862,16.503267,16.227888,15.669415,15.493642,15.021482,15.50605,15.265339,18.308418,18.72336,16.900045,16.674877,16.04943,15.842663,0.0,0.0,0.0,0.0,0.0,4.0,0.0,0.0
51728,2023.0,12.0,26.0,5.0,16.988075,16.963171,16.538393,16.738438,16.668541,16.461912,16.430641,16.17538,15.633086,15.404298,15.757291,15.765291,17.782099,17.582087,16.858877,16.633818,16.008457,15.801802,4.0,0.0,0.0,0.0,4.0,0.0,0.0,0.0
51729,2023.0,12.0,26.0,5.0,16.948057,16.9219,16.255682,16.13586,16.626944,16.419544,16.472486,16.272377,15.642818,15.4290495,15.869263,15.907734,17.320711,16.775425,16.817291,16.59181,15.966786,15.759639,0.0,0.0,0.0,0.0,4.0,0.0,0.0,0.0
51730,2023.0,12.0,26.0,5.0,16.907269,16.87912,16.077497,15.86433,16.584705,16.375729,16.437683,16.239033,15.602602,15.387613,15.584091,15.354672,17.16076,16.58678,16.775316,16.548954,15.92473,15.716584,0.0,0.0,0.0,0.0,0.0,0.0,0.0,0.0
51731,2023.0,12.0,26.0,5.0,16.86924,16.841911,16.016916,15.800956,16.545357,16.337784,16.400297,16.20344,16.149342,16.449512,15.482072,15.241894,17.373905,17.104647,16.735352,16.510082,15.885006,15.677919,0.0,0.0,0.0,4.0,0.0,0.0,0.0,0.0
51732,2023.0,12.0,26.0,6.0,16.830292,16.802677,15.966618,15.750327,16.50491,16.297709,16.360022,16.163887,15.739931,15.552121,15.42576,15.183702,17.385185,17.120962,16.694725,16.469862,16.572443,17.007483,0.0,0.0,0.0,0.0,0.0,0.0,0.0,4.0
51733,2023.0,12.0,26.0,6.0,21.192802,24.508486,15.92247,15.707704,21.123844,24.438766,21.091316,24.49441,15.590166,15.376501,15.663907,15.669118,21.220602,23.620157,21.958359,25.32637,20.330687,23.455965,0.0,0.0,0.0,0.0,4.0,0.0,0.0,0.0
51734,2023.0,12.0,26.0,6.0,21.057297,23.739769,15.876606,15.663152,21.051752,23.754536,21.048712,23.85255,15.531344,15.318737,20.335133,23.401377,21.184101,23.392954,22.035913,25.021885,17.43604,17.266563,0.0,0.0,0.0,0.0,0.0,0.0,0.0,0.0
51735,2023.0,12.0,26.0,6.0,21.080387,23.470404,15.837325,15.622271,21.084686,23.4747,21.08784,23.574566,15.482617,15.271276,17.840118,18.201889,21.072489,22.913954,20.900166,22.700438,16.159107,15.694916,0.0,0.0,0.0,0.0,0.0,0.0,0.0,0.0
51736,2023.0,12.0,26.0,6.0,21.0684,23.239428,15.79885,15.581958,21.07154,23.219717,21.0745,23.312986,15.441224,15.230408,16.300371,16.053127,21.05952,22.709822,21.093832,22.948713,16.178295,15.974843,0.0,0.0,0.0,0.0,0.0,0.0,0.0,0.0
51737,2023.0,12.0,26.0,6.0,21.068462,23.096275,15.761787,15.544907,21.071371,23.060349,21.074453,23.151024,16.027138,16.368774,16.029806,15.776312,21.058765,22.579062,21.063221,22.781797,16.135017,15.922626,0.0,0.0,0.0,4.0,0.0,0.0,0.0,0.0
51738,2023.0,12.0,26.0,7.0,21.068624,22.992413,15.726004,15.510856,21.07092,22.945086,21.074219,23.035131,20.378464,23.602184,15.890387,15.643794,21.057991,22.48228,21.066063,22.70621,16.052359,15.845574,0.0,0.0,0.0,0.0,0.0,0.0,0.0,0.0
51739,2023.0,12.0,26.0,7.0,21.066225,22.909384,15.688544,15.473222,21.069592,22.857647,21.072943,22.94807,17.348614,17.251064,15.769324,15.524192,21.05678,22.408543,21.064627,22.640951,15.978153,15.772638,0.0,0.0,0.0,0.0,0.0,0.0,0.0,0.0
51740,2023.0,12.0,26.0,7.0,21.037388,22.773705,15.649086,15.432001,21.066902,22.788301,21.070257,22.879711,16.629862,16.792578,15.660636,15.413171,21.05456,22.350039,21.062471,22.588686,15.911045,15.705424,0.0,0.0,0.0,4.0,0.0,0.0,0.0,0.0
51741,2023.0,12.0,26.0,7.0,21.070091,22.818361,15.613048,15.397636,21.042946,22.671087,21.070892,22.83176,20.311453,23.008682,15.5714,15.328903,21.05493,22.308172,21.063068,22.55138,15.85354,15.650787,0.0,4.0,0.0,0.0,0.0,0.0,0.0,0.0
51742,2023.0,12.0,26.0,7.0,21.08331,22.76622,16.046562,16.238552,21.07171,22.714186,21.070135,22.792082,17.593712,17.411362,15.487787,15.24626,21.054255,22.273373,21.062492,22.519638,15.799029,15.597009,4.0,0.0,0.0,0.0,0.0,0.0,0.0,0.0
51743,2023.0,12.0,26.0,7.0,21.804804,23.827705,20.186739,23.306993,21.77987,23.739883,21.647787,23.72465,16.505793,16.274937,15.411036,15.168812,21.665014,23.16668,21.582596,23.306965,16.702093,17.345268,0.0,0.0,0.0,0.0,0.0,0.0,0.0,4.0
51744,2023.0,12.0,26.0,8.0,20.931513,22.249413,17.925106,18.354391,20.923948,22.139704,20.941772,22.360313,16.326878,16.10257,15.348386,15.108061,21.020508,22.09326,21.007607,22.275879,20.365644,23.446737,0.0,4.0,0.0,0.0,0.0,0.0,4.0,0.0
51745,2023.0,12.0,26.0,8.0,19.143864,18.91367,16.481607,16.368929,19.582357,19.62782,19.888878,20.374554,16.858183,17.243538,15.652242,15.72393,19.707376,19.576817,19.129103,18.694279,17.489853,17.344568,0.0,4.0,4.0,4.0,4.0,0.0,0.0,0.0
51746,2023.0,12.0,26.0,8.0,18.353415,17.838713,16.664972,16.851973,19.039186,18.921673,18.872494,18.74043,21.30294,24.727097,20.313246,23.66042,19.186613,18.88885,18.399477,17.78169,17.417494,17.697382,4.0,4.0,0.0,4.0,4.0,0.0,0.0,4.0
51747,2023.0,12.0,26.0,8.0,18.645617,18.744703,20.300638,23.177324,18.75947,18.661379,17.909294,17.292603,21.428856,24.406168,20.001854,22.587801,18.919865,18.631628,19.016375,19.294998,21.784452,25.058481,0.0,4.0,0.0,0.0,4.0,0.0,4.0,0.0
51748,2023.0,12.0,26.0,8.0,18.01122,17.607212,18.07519,18.41223,18.545332,18.463936,17.406012,16.724766,18.88887,19.115547,20.099339,22.375935,19.472242,19.88248,18.286383,17.822935,18.459679,18.315414,0.0,4.0,0.0,4.0,4.0,4.0,0.0,0.0
51749,2023.0,12.0,26.0,8.0,17.543222,17.063076,16.719429,16.566177,18.373083,18.30639,17.468662,17.136784,22.01152,25.059246,20.08293,22.065674,18.880817,18.666342,18.69324,19.017233,17.743305,18.01698,0.0,4.0,0.0,0.0,4.0,0.0,4.0,4.0
51750,2023.0,12.0,26.0,9.0,17.64714,17.503618,16.859337,17.028902,18.230589,18.176878,17.431135,17.172564,18.854382,18.700525,20.081532,21.868355,18.181295,17.609737,17.963884,17.513025,21.931875,25.154987,4.0,4.0,0.0,0.0,4.0,0.0,0.0,0.0
51751,2023.0,12.0,26.0,9.0,18.372574,18.937399,20.295229,23.020933,18.10804,18.064823,17.986465,18.34273,17.845512,17.882318,20.094955,21.768246,17.843637,17.221611,17.418425,16.884178,18.591679,18.424107,4.0,4.0,4.0,4.0,0.0,0.0,0.0,0.0
51752,2023.0,12.0,26.0,9.0,17.621502,17.356438,20.049166,22.173903,18.001123,17.967617,18.204306,18.648937,20.391127,22.360567,17.9755,17.598713,18.790098,19.220531,18.19679,18.561777,17.897274,18.150227,0.0,4.0,4.0,0.0,0.0,4.0,4.0,4.0
51753,2023.0,12.0,26.0,9.0,17.778097,17.961008,18.111776,18.197472,17.908442,17.883318,17.25358,16.844227,18.042765,17.744776,17.10539,16.783983,18.042435,17.51687,17.488373,17.0047,20.361326,22.392818,4.0,4.0,0.0,0.0,0.0,0.0,0.0,4.0
51754,2023.0,12.0,26.0,9.0,17.901077,18.1312,20.240503,22.498318,17.826313,17.808802,17.328136,17.294533,17.150114,16.889715,17.287817,17.353636,17.557411,16.955978,17.02342,16.502815,20.022352,21.666777,0.0,4.0,4.0,0.0,4.0,0.0,0.0,4.0
51755,2023.0,12.0,26.0,9.0,17.190254,16.834068,18.242876,18.308783,17.752253,17.742117,16.787937,16.252085,16.925898,16.690157,20.403864,22.66837,18.17938,18.270327,16.845465,16.327927,20.923637,23.129278,4.0,4.0,0.0,0.0,4.0,4.0,0.0,4.0
51756,2023.0,12.0,26.0,10.0,17.530855,17.718931,20.23783,22.40102,17.685242,17.68173,16.406242,15.775636,16.705898,16.477345,20.053389,21.87925,17.689102,17.172031,16.975754,16.734823,21.097946,23.048344,4.0,4.0,0.0,0.0,0.0,0.0,0.0,0.0
51757,2023.0,12.0,26.0,10.0,17.722992,17.987268,20.036802,21.769253,17.632236,17.64323,16.942926,16.91155,17.275566,17.72377,18.166607,18.066124,17.33305,16.756569,17.98421,18.642792,18.326296,17.965595,4.0,4.0,4.0,4.0,4.0,0.0,4.0,0.0
51758,2023.0,12.0,26.0,10.0,17.721943,17.9993,20.157171,21.877365,17.588333,17.61408,16.512007,16.002825,21.569447,24.976646,20.368235,22.372637,18.000942,18.135096,17.152,16.734581,17.298761,16.759157,0.0,4.0,0.0,0.0,0.0,4.0,0.0,0.0
51759,2023.0,12.0,26.0,10.0,17.02663,16.717287,18.13166,17.886724,17.54977,17.589657,16.858662,16.858135,18.553411,18.538893,18.048716,17.775845,18.22657,18.351358,16.666807,16.189434,16.909203,16.373545,0.0,4.0,4.0,0.0,0.0,4.0,0.0,0.0
51760,2023.0,12.0,26.0,10.0,17.48203,17.739237,18.014877,18.114944,17.518797,17.57156,17.028732,17.124159,17.916616,17.951262,17.383293,17.051619,18.260204,18.38865,16.539265,16.0622,16.95817,16.708403,4.0,4.0,4.0,4.0,0.0,4.0,0.0,0.0
51761,2023.0,12.0,26.0,10.0,17.598246,17.90991,20.216417,22.152838,17.490194,17.556648,17.047432,17.152195,20.292337,22.226374,17.610098,17.678385,18.29074,18.424782,17.800621,18.560125,16.873287,16.669334,4.0,4.0,4.0,4.0,4.0,4.0,4.0,0.0
51762,2023.0,12.0,26.0,11.0,17.606888,17.925577,20.044146,21.628597,17.462027,17.541222,17.05768,17.17298,20.139256,21.796114,20.369984,22.411167,17.627733,17.154518,17.970352,18.4265,17.658731,18.29722,4.0,4.0,4.0,4.0,0.0,0.0,4.0,4.0
51763,2023.0,12.0,26.0,11.0,17.610056,17.93444,20.069485,21.568998,17.43592,17.526882,17.062216,17.186852,20.088366,21.621546,18.723692,19.094429,18.06699,18.229214,16.98432,16.581839,20.309088,22.763119,4.0,4.0,4.0,0.0,4.0,4.0,0.0,0.0
51764,2023.0,12.0,26.0,11.0,16.961334,16.73317,20.082558,21.536005,17.411901,17.514324,17.063272,17.196938,18.150122,17.825117,20.268774,22.234314,17.563314,17.099258,16.567917,16.122286,17.843988,17.650688,0.0,4.0,4.0,0.0,0.0,0.0,0.0,0.0
51765,2023.0,12.0,26.0,11.0,16.58671,16.250828,18.289602,18.05058,16.74242,16.297031,16.407942,15.985143,17.125338,16.590633,18.516422,18.63992,17.229599,16.70937,16.438478,15.996917,16.70644,16.260645,0.0,0.0,0.0,0.0,0.0,0.0,0.0,0.0
51766,2023.0,12.0,26.0,11.0,16.462975,16.12112,18.184282,18.278326,17.11516,17.16192,16.799934,16.871773,17.097198,16.82353,17.69129,17.442722,17.136902,16.616814,16.35629,15.922479,17.641224,18.26008,4.0,4.0,4.0,0.0,0.0,0.0,0.0,4.0
51767,2023.0,12.0,26.0,11.0,17.11606,17.427616,20.211426,22.01626,17.257322,17.400919,16.958876,17.12732,17.009108,16.7918,17.41364,17.152987,18.172972,18.674631,17.626417,18.417234,20.30455,22.805834,4.0,4.0,4.0,0.0,0.0,4.0,4.0,0.0
51768,2023.0,12.0,26.0,12.0,17.360271,17.734737,20.059153,21.576681,17.260145,17.412733,16.316402,15.922028,16.845978,16.643337,17.172606,16.922108,18.253832,18.475292,17.831198,18.343456,17.87129,17.730705,0.0,4.0,0.0,0.0,0.0,4.0,4.0,0.0
51769,2023.0,12.0,26.0,12.0,21.36267,24.671946,18.570543,18.61948,21.297323,24.539816,21.1151,24.501654,16.689653,16.491804,16.976748,16.738005,21.941992,24.90523,21.730463,25.08451,16.697395,16.247353,4.0,4.0,0.0,0.0,0.0,4.0,0.0,0.0
51770,2023.0,12.0,26.0,12.0,21.017462,23.575804,20.235424,22.027634,21.025326,23.531626,21.009247,23.731422,16.554947,16.361618,17.214602,17.340816,20.946722,22.73357,22.005674,25.114292,16.643229,16.44068,4.0,4.0,4.0,0.0,4.0,0.0,4.0,0.0
51771,2023.0,12.0,26.0,12.0,21.077902,23.418285,20.035192,21.494526,21.081053,23.338572,21.111998,23.60706,16.441954,16.254438,20.393894,22.739483,21.062313,22.723335,22.594614,25.684902,16.584923,16.407894,4.0,4.0,0.0,0.0,0.0,4.0,0.0,0.0
51772,2023.0,12.0,26.0,12.0,21.067701,23.211723,20.065435,21.471458,21.071272,23.116926,21.094755,23.340895,16.346342,16.164959,18.36331,18.562796,21.047956,22.538485,20.89179,22.366512,17.483555,18.218302,4.0,4.0,0.0,0.0,0.0,4.0,0.0,4.0
51773,2023.0,12.0,26.0,12.0,21.066513,23.07831,20.060926,21.408287,21.069948,22.973232,21.073896,23.177877,16.263485,16.087662,17.218954,17.028782,21.046713,22.42163,21.106184,22.741907,20.32759,22.958946,4.0,4.0,0.0,0.0,0.0,4.0,0.0,0.0
51774,2023.0,12.0,26.0,13.0,21.064583,22.979637,20.060913,21.372086,21.067947,22.867678,21.074612,23.08845,16.190445,16.019785,16.929747,16.706205,21.073957,22.408213,21.075401,22.63162,17.787447,17.640549,4.0,4.0,0.0,0.0,0.0,0.0,0.0,0.0
51775,2023.0,12.0,26.0,13.0,21.08886,22.975824,20.078108,21.395275,21.066168,22.78869,21.048754,22.950306,16.953037,17.525246,16.757582,16.535063,21.037819,22.244276,21.061554,22.593601,16.617376,16.186872,0.0,4.0,4.0,4.0,0.0,4.0,0.0,0.0
51776,2023.0,12.0,26.0,13.0,21.082502,22.900532,18.389442,18.142443,21.065168,22.72917,21.053173,22.913628,20.326168,23.180834,17.013922,17.13814,21.042288,22.203646,21.06266,22.581326,16.581629,16.388683,0.0,4.0,4.0,4.0,4.0,4.0,0.0,0.0
51777,2023.0,12.0,26.0,13.0,21.05563,22.776123,18.106482,18.25834,21.088667,22.749935,21.072115,22.876638,21.233767,24.178928,20.417633,22.852865,21.07047,22.239992,21.061953,22.565117,17.554583,18.299896,4.0,0.0,4.0,0.0,0.0,0.0,0.0,4.0
51778,2023.0,12.0,26.0,13.0,21.059437,22.748014,20.224945,22.1021,21.057928,22.627234,21.068007,22.812307,18.484959,18.41916,18.590366,19.053059,21.035038,22.112303,21.022612,22.445972,20.322947,22.90679,4.0,4.0,4.0,0.0,4.0,4.0,4.0,0.0
51779,2023.0,12.0,26.0,13.0,21.058666,22.718855,20.056353,21.599226,21.087337,22.674875,21.06716,22.765535,16.913103,16.424044,20.301598,22.440197,21.039728,22.097872,21.08495,22.561743,17.783468,17.605255,0.0,0.0,4.0,0.0,0.0,4.0,0.0,0.0
51780,2023.0,12.0,26.0,14.0,21.08425,22.767473,18.267544,18.065361,21.056135,22.563766,21.06603,22.726776,16.814589,16.587965,18.095564,17.90582,21.068428,22.154205,21.073946,22.50669,16.627832,16.19586,0.0,4.0,4.0,0.0,0.0,0.0,0.0,0.0
51781,2023.0,12.0,26.0,14.0,19.186083,19.102686,17.168253,16.608068,19.630047,19.814507,19.042967,18.85062,17.482512,17.947048,16.863913,16.327602,19.484583,19.087534,19.20166,18.882992,16.588621,16.389303,0.0,4.0,0.0,4.0,0.0,0.0,0.0,0.0
51782,2023.0,12.0,26.0,14.0,19.01712,19.200836,17.624044,17.725428,18.455914,17.936087,18.724642,18.695688,20.311962,22.80147,16.851395,16.566105,18.859344,18.25369,18.734322,18.479261,16.548273,16.388216,4.0,0.0,4.0,0.0,0.0,0.0,0.0,0.0
51783,2023.0,12.0,26.0,14.0,18.268736,17.953012,20.224232,22.359522,18.493673,18.451025,18.586058,18.632748,17.9054,17.769173,16.810202,16.589859,19.309841,19.38215,19.50467,20.192606,16.444534,16.293941,0.0,4.0,4.0,0.0,0.0,4.0,4.0,0.0
51784,2023.0,12.0,26.0,14.0,18.446703,18.667528,18.538391,18.829033,18.484152,18.522795,17.751032,17.277473,16.693808,16.246475,17.055464,17.180025,18.761988,18.30968,18.473267,18.095373,16.340778,16.19552,0.0,4.0,0.0,0.0,4.0,0.0,0.0,0.0
51785,2023.0,12.0,26.0,14.0,17.81378,17.529367,18.10655,18.325249,17.741781,17.250229,17.985167,17.983019,16.673359,16.450731,20.340382,22.855392,18.376017,17.809011,18.931686,19.304674,16.258377,16.116055,4.0,0.0,4.0,0.0,0.0,0.0,4.0,0.0
51786,2023.0,12.0,26.0,15.0,18.074497,18.320034,20.215944,22.211262,17.932257,17.926355,18.04508,18.132692,16.614044,16.43924,18.592085,19.085953,18.907217,19.021313,19.079355,19.482035,16.1675,16.024624,0.0,4.0,4.0,0.0,4.0,4.0,4.0,0.0
51787,2023.0,12.0,26.0,15.0,18.195766,18.510525,18.172619,18.021883,18.020765,18.089514,17.292774,16.838612,16.483082,16.317581,20.300486,22.465155,18.3945,17.949497,18.067087,17.662785,16.080029,15.936246,0.0,4.0,0.0,0.0,0.0,0.0,0.0,0.0
51788,2023.0,12.0,26.0,15.0,17.452288,17.181705,17.369848,17.165987,17.934975,18.008415,17.505339,17.531384,16.356777,16.195621,18.337824,18.386513,17.967983,17.427582,17.50999,17.030077,15.99847,15.854116,4.0,4.0,4.0,0.0,4.0,0.0,0.0,0.0
51789,2023.0,12.0,26.0,15.0,17.819456,18.066206,20.261976,22.38998,17.860966,17.93418,17.58925,17.695278,17.027557,17.547815,20.343327,22.101936,17.796663,17.241716,17.289524,16.802877,15.930805,15.784472,4.0,4.0,4.0,4.0,0.0,0.0,0.0,0.0
51790,2023.0,12.0,26.0,15.0,17.96333,18.281382,20.043642,21.718552,17.77995,17.855238,17.532312,17.637554,20.33755,23.157612,18.210112,17.929773,17.957373,17.710022,17.096674,16.617517,15.859399,15.7130575,0.0,4.0,4.0,4.0,0.0,0.0,0.0,0.0
51791,2023.0,12.0,26.0,15.0,17.917261,18.236248,18.47366,18.536932,17.702904,17.779034,17.470745,17.575516,20.052725,22.236416,17.335167,17.079168,17.98317,17.775148,17.18821,16.976755,15.790253,15.643156,4.0,4.0,4.0,0.0,0.0,0.0,0.0,0.0
51792,2023.0,12.0,26.0,16.0,17.867325,18.183924,20.242216,22.140434,17.631598,17.707901,17.40914,17.513008,18.295078,18.567192,17.150452,16.927092,17.910917,17.70557,17.179296,17.010542,15.723344,15.575396,0.0,4.0,4.0,4.0,0.0,0.0,0.0,0.0
51793,2023.0,12.0,26.0,16.0,17.129906,16.843039,18.242874,18.059315,17.560493,17.631605,16.696575,16.233673,20.394913,22.554886,16.943018,16.730658,17.83098,17.622446,17.077797,16.904228,15.656237,15.5050535,0.0,4.0,0.0,4.0,0.0,0.0,0.0,0.0
51794,2023.0,12.0,26.0,16.0,17.463074,17.716843,17.835882,18.0027,16.824139,16.308807,16.977861,17.012316,20.051428,21.830788,16.74988,16.539389,17.7509,17.537292,16.969105,16.790659,15.588441,15.432791,4.0,0.0,4.0,0.0,0.0,0.0,0.0,0.0
51795,2023.0,12.0,26.0,16.0,17.606293,17.890675,20.21909,22.297825,17.107874,17.093485,17.118881,17.20569,17.93364,17.636154,16.575583,16.366789,17.675724,17.45891,16.868559,16.68803,15.52406,15.36565,0.0,4.0,4.0,0.0,0.0,0.0,0.0,0.0
51796,2023.0,12.0,26.0,16.0,17.5899,17.87692,18.529484,18.77692,17.263206,17.31697,16.42996,15.946308,16.819723,16.276598,16.414967,16.201294,17.60328,17.38247,16.772137,16.588112,16.359903,16.987387,0.0,4.0,0.0,0.0,0.0,0.0,0.0,4.0
51797,2023.0,12.0,26.0,16.0,16.861912,16.53293,17.661997,17.466831,17.230677,17.279219,16.779316,16.769293,16.800268,16.539219,16.291607,16.071766,17.540764,17.315119,17.705156,18.410915,20.256332,23.59876,0.0,4.0,4.0,0.0,0.0,0.0,4.0,0.0
51798,2023.0,12.0,26.0,17.0,17.18588,17.381441,17.75308,17.902958,17.183792,17.224022,16.948177,17.012144,16.70929,16.506285,16.160912,15.939407,17.474552,17.24529,16.827888,16.421892,17.248724,17.181362,4.0,4.0,4.0,0.0,0.0,0.0,0.0,0.0
51799,2023.0,12.0,26.0,17.0,16.621143,16.278986,20.222334,22.354858,16.483606,15.947481,16.257343,15.7415695,17.2513,17.654675,16.048483,15.817446,17.414762,17.179785,16.4196,15.912339,16.180109,15.678211,4.0,0.0,0.0,4.0,0.0,0.0,0.0,0.0
51800,2023.0,12.0,26.0,17.0,16.253565,15.805615,20.059746,21.776178,16.077814,15.430589,16.550287,16.523312,20.33739,22.93161,15.930159,15.695021,17.350632,17.110903,16.2352,15.72728,16.112246,15.89215,0.0,0.0,4.0,0.0,0.0,0.0,0.0,0.0
51801,2023.0,12.0,26.0,17.0,16.854145,17.040146,18.345377,18.305555,15.90335,15.240413,16.06467,15.530222,17.716595,17.48478,16.177666,16.246098,18.038456,18.45978,16.081717,15.571666,16.011663,15.821098,4.0,0.0,0.0,0.0,4.0,4.0,0.0,0.0
51802,2023.0,12.0,26.0,17.0,17.032305,17.287024,20.232414,21.919018,16.47612,16.405151,16.443998,16.392466,16.6874,16.050737,20.34668,23.265665,17.524176,17.350237,16.252584,16.03133,15.87746,15.6829,4.0,4.0,4.0,0.0,0.0,0.0,0.0,0.0
51803,2023.0,12.0,26.0,17.0,16.342028,15.968469,20.040071,21.427546,16.697538,16.702,15.959042,15.400175,17.41096,17.799047,17.956211,18.249304,16.913311,16.33798,16.268261,16.054111,15.737655,15.540875,4.0,4.0,0.0,4.0,0.0,0.0,0.0,0.0
51804,2023.0,12.0,26.0,18.0,16.718256,16.882927,20.072886,21.41399,16.690731,16.687489,15.575853,14.907842,20.321018,22.74536,16.520182,16.28425,16.66619,16.044415,16.198542,15.981321,15.61039,15.409436,4.0,4.0,0.0,0.0,0.0,0.0,0.0,0.0
51805,2023.0,12.0,26.0,18.0,21.217186,24.674732,20.06819,21.349056,20.8441,23.94296,20.534218,23.636194,18.247374,18.371815,16.2054,15.936627,20.42903,22.496727,21.452765,24.953354,15.4939785,15.286756,4.0,0.0,0.0,4.0,0.0,0.0,0.0,0.0
51806,2023.0,12.0,26.0,18.0,21.027935,23.778011,20.06854,21.30914,21.051764,23.801016,21.033203,24.010244,20.415361,22.578714,16.027521,15.755569,21.659904,24.468689,21.007265,23.78115,15.394,15.1843605,4.0,0.0,4.0,0.0,0.0,0.0,0.0,0.0
51807,2023.0,12.0,26.0,18.0,21.112185,23.619379,20.068233,21.27781,21.089888,23.495392,21.072535,23.722315,18.37084,18.449932,15.883619,15.610796,22.068901,24.824142,21.092373,23.614769,15.309739,15.098407,4.0,4.0,4.0,4.0,0.0,0.0,0.0,0.0
51808,2023.0,12.0,26.0,18.0,21.097795,23.355055,20.068163,21.253914,21.10768,23.310644,21.115736,23.535822,20.398888,22.410065,15.758488,15.484317,21.901266,24.127823,22.705626,26.105097,15.237236,15.024321,4.0,0.0,0.0,4.0,0.0,0.0,0.0,0.0
51809,2023.0,12.0,26.0,18.0,21.09697,23.185596,20.068192,21.234938,21.101341,23.126421,21.082727,23.24861,20.056534,21.703375,15.647229,15.371686,20.946234,22.28989,20.87661,22.567726,15.172877,14.958464,4.0,0.0,4.0,0.0,0.0,0.0,4.0,0.0
51810,2023.0,12.0,26.0,19.0,21.04497,22.990545,20.068275,21.219664,21.073742,22.998325,21.110195,23.180405,17.851198,17.35547,15.547186,15.270141,21.076958,22.515066,22.133474,24.876635,15.114294,14.898304,4.0,0.0,0.0,0.0,0.0,0.0,0.0,0.0
51811,2023.0,12.0,26.0,19.0,21.102467,23.024166,20.085669,21.25724,21.05129,22.875473,21.102476,23.057436,16.699713,15.986484,15.460564,15.186339,21.058624,22.441845,21.198381,22.80749,15.063601,14.849645,0.0,4.0,0.0,0.0,0.0,0.0,0.0,0.0
51812,2023.0,12.0,26.0,19.0,21.066044,22.857676,18.575527,18.337246,21.07923,22.909077,21.077555,22.907618,16.71416,16.403933,15.3859825,15.116865,21.059692,22.411701,20.949541,22.315376,15.018398,14.807004,4.0,0.0,4.0,0.0,0.0,0.0,0.0,0.0
51813,2023.0,12.0,26.0,19.0,21.097052,22.886942,20.237255,21.778467,21.074572,22.790777,21.081095,22.858315,16.661133,16.410269,15.313506,15.045741,21.05879,22.3822,21.085594,22.639482,15.952256,16.607925,4.0,4.0,4.0,0.0,0.0,0.0,0.0,4.0
51814,2023.0,12.0,26.0,19.0,21.064474,22.757278,20.040522,21.288942,21.075487,22.73237,21.07944,22.811924,16.480091,16.225525,15.246015,14.980665,21.058102,22.356915,21.068037,22.630104,20.181559,23.664604,4.0,4.0,4.0,0.0,0.0,0.0,0.0,0.0
51815,2023.0,12.0,26.0,19.0,21.095516,22.80793,20.071732,21.295403,21.098734,22.752497,21.07808,22.773712,16.316141,16.065302,15.185218,14.922654,21.057484,22.33469,21.06978,22.64508,16.892788,16.690107,4.0,0.0,4.0,0.0,0.0,0.0,0.0,0.0
51816,2023.0,12.0,26.0,20.0,21.088001,22.763447,20.06723,21.25227,21.067421,22.629433,21.077085,22.742065,16.938929,17.367544,15.531305,15.622758,21.056747,22.314756,21.068981,22.647152,16.351593,16.638762,4.0,4.0,4.0,4.0,4.0,0.0,0.0,4.0
51817,2023.0,12.0,26.0,20.0,21.08867,22.73717,20.068205,21.229654,21.073006,22.611238,21.077143,22.71564,20.898373,23.771624,20.334183,23.527388,21.056568,22.297638,21.069103,22.64601,21.400946,24.94571,4.0,4.0,4.0,0.0,4.0,0.0,0.0,4.0
51818,2023.0,12.0,26.0,20.0,21.037077,22.637112,20.084715,21.253832,21.096682,22.653692,21.07543,22.684027,18.356422,18.469444,20.012053,22.626457,21.056278,22.281685,21.068789,22.64089,21.166658,24.207329,0.0,0.0,4.0,4.0,0.0,0.0,0.0,0.0
51819,2023.0,12.0,26.0,20.0,21.096184,22.741228,18.25696,17.735126,21.066343,22.547342,21.099215,22.724174,20.429487,22.676775,17.234163,16.895247,21.055902,22.266867,21.068602,22.63431,17.942156,17.656202,0.0,4.0,0.0,0.0,0.0,0.0,0.0,0.0
51820,2023.0,12.0,26.0,20.0,21.085949,22.690731,17.58447,17.188921,21.096386,22.608196,21.069323,22.617352,18.305983,18.356298,15.762314,15.043612,21.055708,22.253618,21.068443,22.62663,17.280333,17.502502,0.0,0.0,4.0,4.0,0.0,0.0,0.0,4.0
51821,2023.0,12.0,26.0,20.0,21.086903,22.666552,17.41437,17.071453,21.090258,22.574816,21.074661,22.609972,20.4088,22.471663,15.784432,15.445688,21.055513,22.241392,21.06826,22.61828,20.437288,22.939701,0.0,0.0,4.0,4.0,0.0,0.0,0.0,0.0
51822,2023.0,12.0,26.0,21.0,21.035404,22.570683,17.191261,16.85149,21.090504,22.555395,21.07345,22.592388,20.055824,21.726383,16.135427,16.164185,21.055285,22.229847,21.067963,22.609476,17.55733,17.192396,0.0,0.0,4.0,0.0,4.0,0.0,0.0,0.0
51823,2023.0,12.0,26.0,21.0,21.161451,22.79394,16.993124,16.654203,21.163425,22.736296,21.073408,22.579088,17.804594,17.284,20.435476,23.37397,21.127802,22.364506,21.06777,22.600811,16.193668,15.562311,0.0,0.0,4.0,0.0,0.0,0.0,0.0,0.0
51824,2023.0,12.0,26.0,21.0,21.063688,22.578735,16.824728,16.48529,21.042067,22.490871,21.097662,22.633945,16.643572,15.921723,17.894411,18.152754,21.054544,22.20627,21.067642,22.592281,17.209682,17.87788,0.0,4.0,0.0,0.0,0.0,0.0,0.0,4.0
51825,2023.0,12.0,26.0,21.0,21.090767,22.640266,16.67682,16.338179,21.047087,22.518822,21.067287,22.53611,16.664692,16.348618,16.415611,16.166636,21.054466,22.197271,21.067293,22.583464,20.33955,23.09665,0.0,4.0,4.0,0.0,0.0,0.0,0.0,0.0
51826,2023.0,12.0,26.0,21.0,21.058605,22.540382,16.544373,16.207632,21.097609,22.598776,21.072311,22.535137,17.320517,17.683392,16.068876,15.786091,21.054152,22.188107,21.067047,22.574865,17.422737,17.078568,0.0,0.0,4.0,4.0,0.0,0.0,0.0,0.0
51827,2023.0,12.0,26.0,21.0,21.064167,22.542217,16.883278,16.945824,21.063835,22.478876,21.071718,22.52594,20.392544,22.798513,16.218098,16.244097,21.054106,22.179756,21.066822,22.56666,16.048014,15.428848,4.0,4.0,4.0,4.0,4.0,0.0,0.0,0.0
51828,2023.0,12.0,26.0,22.0,21.16752,22.7584,20.259789,22.904913,21.0694,22.468952,21.096756,22.588358,21.019707,23.523594,20.43942,23.343729,21.13243,22.328342,21.06673,22.558884,16.047716,15.793578,0.0,4.0,0.0,0.0,0.0,0.0,0.0,0.0
51829,2023.0,12.0,26.0,22.0,21.056852,22.500185,18.191637,18.440979,21.068344,22.451475,21.090734,22.56238,18.741491,18.767248,17.907185,18.15492,21.053295,22.160147,21.066471,22.550945,15.97179,15.735049,0.0,4.0,0.0,4.0,0.0,0.0,0.0,0.0
51830,2023.0,12.0,26.0,22.0,21.089558,22.576853,16.914692,16.668417,21.09315,22.507517,21.091074,22.54936,20.386673,22.247932,16.723396,16.71454,21.053417,22.153326,21.027437,22.439293,15.809404,15.575114,0.0,0.0,0.0,4.0,4.0,0.0,4.0,0.0
51831,2023.0,12.0,26.0,22.0,21.161146,22.68739,17.058947,17.134018,21.157766,22.600355,21.19726,22.78338,21.058863,23.27587,20.450571,23.126854,21.17016,22.362144,21.190937,22.753323,15.666403,15.433464,4.0,4.0,4.0,0.0,0.0,4.0,0.0,0.0
51832,2023.0,12.0,26.0,22.0,21.061533,22.478834,20.262459,22.823269,21.067543,22.407295,21.072868,22.57897,18.505695,18.076368,18.005947,18.179134,21.057692,22.153671,21.08334,22.501299,16.293224,16.72788,0.0,4.0,0.0,0.0,0.0,0.0,0.0,4.0
51833,2023.0,12.0,26.0,22.0,21.087946,22.548077,18.218279,18.446783,21.0921,22.46886,21.093483,22.583315,17.001219,16.254272,16.900515,16.877632,21.075073,22.136194,21.084433,22.476007,20.504633,23.759592,0.0,0.0,0.0,0.0,4.0,0.0,0.0,0.0
51834,2023.0,12.0,26.0,23.0,21.082579,22.528467,16.955923,16.705914,21.08657,22.444834,21.089869,22.54839,17.59455,17.8214,20.447262,23.002275,21.072395,22.093298,21.023548,22.348528,17.13851,16.84204,0.0,0.0,0.0,4.0,0.0,0.0,4.0,0.0
51835,2023.0,12.0,26.0,23.0,19.646168,19.740326,16.637636,16.31677,19.075157,18.58253,19.483526,19.492844,17.24398,17.034702,18.09753,18.270802,20.395472,20.778328,18.956755,18.408033,16.403872,16.466276,0.0,0.0,0.0,0.0,0.0,4.0,0.0,4.0
51836,2023.0,12.0,26.0,23.0,18.443085,17.812563,16.493225,16.157547,18.57133,18.139591,18.67288,18.351376,16.514275,15.85567,17.340063,17.29059,19.09529,18.417797,18.14477,17.401087,15.74073,15.235083,0.0,0.0,0.0,0.0,4.0,0.0,0.0,0.0
51837,2023.0,12.0,26.0,23.0,18.648548,18.566866,16.37135,16.03226,18.345724,17.971014,18.994452,19.25197,16.729704,16.536892,17.17249,17.143196,18.503595,17.670826,17.770006,17.034039,15.364668,14.776052,0.0,0.0,4.0,4.0,4.0,0.0,0.0,0.0
51838,2023.0,12.0,26.0,23.0,17.891039,17.269077,16.737637,16.808918,18.100996,17.733576,18.324942,18.086779,16.20313,15.5846615,16.577297,16.137463,18.220888,17.395407,17.8566,17.517164,15.171937,14.58876,4.0,0.0,0.0,0.0,4.0,0.0,0.0,0.0
51839,2023.0,12.0,26.0,23.0,17.485584,16.797728,16.402992,16.169592,17.888355,17.52711,17.451014,16.645319,15.861845,15.178393,15.927642,15.17218,18.412224,18.016638,18.809175,19.460388,16.093357,16.509508,0.0,0.0,0.0,0.0,0.0,0.0,4.0,4.0
51840,2023.0,12.0,27.0,0.0,17.243883,16.565435,16.631617,16.706305,17.697329,17.33982,17.036356,16.156096,16.628048,16.84266,15.562836,14.764798,18.381699,18.046005,18.52458,18.733353,15.603521,15.395887,4.0,0.0,0.0,4.0,0.0,0.0,4.0,0.0
51841,2023.0,12.0,27.0,0.0,17.471693,17.237986,15.841317,15.159824,17.532742,17.184565,17.233261,16.808199,16.257883,16.009918,16.033833,15.908334,18.262894,17.934765,17.518415,16.94643,15.077591,14.554928,0.0,0.0,0.0,0.0,4.0,0.0,0.0,0.0
51842,2023.0,12.0,27.0,0.0,17.467573,17.316986,15.425771,14.571045,17.38069,17.036736,17.216124,16.88818,15.677265,15.057517,15.860425,15.543959,18.146166,17.819212,17.058222,16.386911,15.014695,14.596024,0.0,0.0,0.0,0.0,0.0,0.0,0.0,0.0
51843,2023.0,12.0,27.0,0.0,17.35007,17.21141,15.705739,15.31885,17.227514,16.894785,17.075377,16.761663,15.392825,14.7586355,15.953437,15.923269,18.027178,17.706202,16.800756,16.1498,15.077595,14.841116,0.0,0.0,0.0,0.0,4.0,0.0,0.0,0.0
51844,2023.0,12.0,27.0,0.0,17.252043,17.121893,15.755562,15.441452,17.111183,16.78703,16.960766,16.656338,15.609218,15.340721,15.673092,15.404629,17.935986,17.618889,16.631296,15.998838,15.044157,14.820616,0.0,0.0,0.0,0.0,0.0,0.0,0.0,0.0
51845,2023.0,12.0,27.0,0.0,17.154701,17.033648,15.711495,15.40981,17.000715,16.686644,16.849115,16.55484,15.602946,15.34623,15.506001,15.220929,17.850597,17.538254,16.832628,16.568018,14.999026,14.795823,0.0,0.0,0.0,0.0,0.0,0.0,0.0,0.0
51846,2023.0,12.0,27.0,1.0,17.049742,16.935387,15.655216,15.361088,16.883667,16.577385,16.72952,16.442997,15.53664,15.283986,15.699952,15.696431,17.761875,17.453444,16.810781,16.551367,15.008719,14.861106,0.0,0.0,0.0,0.0,4.0,0.0,0.0,0.0
51847,2023.0,12.0,27.0,1.0,16.95762,16.85451,15.60277,15.318192,16.782011,16.488447,16.625225,16.351377,16.058437,16.32655,15.754929,15.766821,17.684904,17.38363,16.71901,16.46726,15.005608,14.890647,0.0,0.0,0.0,4.0,4.0,0.0,0.0,0.0
51848,2023.0,12.0,27.0,1.0,16.871624,16.776485,15.551823,15.274842,16.687141,16.40296,16.527775,16.263115,15.724193,15.524601,15.120484,14.558238,17.614296,17.318275,16.627922,16.381641,15.007291,14.922665,0.0,0.0,0.0,0.0,0.0,0.0,0.0,0.0
51849,2023.0,12.0,27.0,1.0,16.786526,16.693163,15.498608,15.225012,16.593292,16.31099,16.430975,16.167873,15.478631,15.236664,15.021624,14.666896,17.546644,17.251928,16.539104,16.293606,15.0112,14.9566345,0.0,0.0,0.0,0.0,0.0,0.0,0.0,0.0
51850,2023.0,12.0,27.0,1.0,16.712687,16.626484,15.451562,15.185383,16.513206,16.239458,16.348217,16.093573,15.394778,15.157835,15.057369,14.794262,17.488094,17.19815,16.460741,16.219862,15.012343,14.975928,0.0,0.0,0.0,0.0,0.0,0.0,0.0,0.0
51851,2023.0,12.0,27.0,1.0,16.643862,16.564611,15.406687,15.147758,16.439137,16.173595,16.27164,16.02509,15.330882,15.098578,15.014727,14.757345,17.434374,17.14907,16.388237,16.151838,15.013385,14.994311,0.0,0.0,0.0,0.0,0.0,0.0,0.0,0.0
51852,2023.0,12.0,27.0,2.0,16.57927,16.506695,15.363765,15.111894,16.37011,16.112455,16.200304,15.961498,15.274567,15.046719,15.0035515,14.796391,17.38466,17.103891,16.320768,16.08873,15.01417,15.010117,0.0,0.0,0.0,0.0,0.0,0.0,0.0,0.0
51853,2023.0,12.0,27.0,2.0,17.3073,17.935547,15.32362,15.079557,16.308054,16.060617,16.13635,15.907784,15.22409,15.001505,15.005934,14.833533,17.338661,17.062649,16.258814,16.03219,15.007724,15.010479,0.0,0.0,0.0,0.0,0.0,0.0,0.0,0.0
51854,2023.0,12.0,27.0,2.0,16.865217,16.905006,15.280105,15.039402,16.2431,15.999638,16.069513,15.844717,15.173609,14.952671,15.006725,14.864391,17.291925,17.01758,16.196213,15.971277,15.009482,15.026664,0.0,0.0,0.0,0.0,0.0,0.0,0.0,0.0
51855,2023.0,12.0,27.0,2.0,16.179453,15.761021,15.237608,14.999919,16.180885,15.940993,16.005665,15.784213,15.125772,14.906468,15.178405,15.206279,17.247126,16.97441,16.136429,15.913037,15.009518,15.038509,0.0,0.0,0.0,0.0,4.0,0.0,0.0,0.0
51856,2023.0,12.0,27.0,2.0,15.9181185,15.455897,15.193854,14.956131,16.117998,15.878092,15.941407,15.719546,15.078259,14.858734,15.266266,15.318129,17.202425,16.92968,16.077627,15.854102,15.018147,15.067393,0.0,0.0,0.0,0.0,4.0,0.0,0.0,0.0
51857,2023.0,12.0,27.0,2.0,16.174574,16.08683,15.157074,14.924762,16.064562,15.83159,15.887087,15.671872,15.036048,14.819934,14.95796,14.799969,17.162338,16.892817,16.024748,15.804689,15.00818,15.056251,0.0,0.0,0.0,0.0,0.0,0.0,0.0,0.0
51858,2023.0,12.0,27.0,3.0,16.227392,16.17466,15.116286,14.88451,16.007393,15.77516,15.828986,15.614161,15.000635,14.792394,15.013155,14.944607,17.121037,16.852089,15.971089,15.751553,15.019499,15.089842,0.0,0.0,0.0,0.0,0.0,0.0,0.0,0.0
51859,2023.0,12.0,27.0,3.0,16.189938,16.142591,15.082716,14.8579035,15.95958,15.735504,15.780474,15.573568,15.547216,15.853967,15.005647,14.932481,17.084581,16.819897,15.923248,15.708197,15.008809,15.07598,0.0,0.0,0.0,4.0,0.0,0.0,0.0,0.0
51860,2023.0,12.0,27.0,3.0,16.156626,16.123724,15.047881,14.827243,15.910631,15.691186,15.730863,15.5282955,15.223864,15.049396,15.009097,14.955638,17.04798,16.785915,15.875766,15.663411,15.4906845,15.985494,0.0,0.0,0.0,0.0,0.0,0.0,0.0,4.0
51861,2023.0,12.0,27.0,3.0,16.123934,16.101006,15.013995,14.797476,15.863405,15.648439,15.683487,15.484906,15.0147,14.81246,15.008905,14.969063,17.012611,16.753202,15.829985,15.620172,14.950491,14.921619,0.0,0.0,0.0,0.0,0.0,0.0,0.0,0.0
51862,2023.0,12.0,27.0,3.0,16.080196,16.058422,15.001696,14.8073225,15.816252,15.604171,15.636223,15.440084,15.008243,14.855975,15.009199,14.981654,16.977451,16.719793,15.784954,15.57681,15.231625,15.474588,0.0,0.0,0.0,0.0,0.0,0.0,0.0,4.0
51863,2023.0,12.0,27.0,3.0,16.039762,16.02235,15.002866,14.835742,15.774111,15.5683975,15.594163,15.403929,15.509654,15.822731,15.0093155,14.992354,17.732937,18.180983,15.743964,15.539895,14.981052,14.986372,0.0,0.0,0.0,4.0,0.0,4.0,0.0,0.0
51864,2023.0,12.0,27.0,4.0,15.997445,15.980656,15.003178,14.8589,15.73141,15.529412,15.5510025,15.364368,14.954839,14.696464,15.009641,15.00259,17.267273,17.065485,15.702694,15.501006,15.026462,15.087903,0.0,0.0,0.0,0.0,0.0,0.0,0.0,0.0
51865,2023.0,12.0,27.0,4.0,15.953483,15.93514,15.003771,14.880078,15.688542,15.488856,15.507609,15.323164,15.033668,14.894166,15.009966,15.011913,16.725836,16.178724,15.661839,15.461568,15.018654,15.081173,0.0,0.0,0.0,0.0,0.0,0.0,0.0,0.0
51866,2023.0,12.0,27.0,4.0,15.910295,15.89134,15.006744,14.906104,15.644839,15.446162,15.463717,15.280067,15.005291,14.877833,15.018226,15.037252,16.532879,15.968,15.621611,15.42238,15.020169,15.110498,0.0,0.0,0.0,0.0,0.0,0.0,0.0,0.0
51867,2023.0,12.0,27.0,4.0,15.870693,15.854093,15.003954,14.915756,15.606594,15.413792,15.42558,15.24743,15.006134,14.907938,15.008312,15.023763,16.756668,16.507793,15.584832,15.389095,15.484027,15.989702,0.0,0.0,0.0,0.0,0.0,0.0,0.0,4.0
51868,2023.0,12.0,27.0,4.0,15.831185,15.816862,15.004944,14.933741,15.56537,15.374371,15.3849535,15.208111,15.00688,14.930427,15.011137,15.036747,16.800558,16.555565,15.546754,15.352194,15.42845,15.70408,0.0,0.0,0.0,0.0,0.0,0.0,0.0,4.0
51869,2023.0,12.0,27.0,4.0,15.7923,15.779684,15.005279,14.949322,15.527094,15.339927,15.347489,15.173926,15.006416,14.946542,15.010445,15.042402,16.77367,16.531668,15.51082,15.318729,14.964909,14.946726,0.0,0.0,0.0,0.0,0.0,0.0,0.0,0.0
51870,2023.0,12.0,27.0,5.0,15.771252,15.777056,15.005775,14.964628,15.488104,15.303136,15.309227,15.137493,15.007582,14.963275,15.010719,15.049846,16.744072,16.503864,15.474874,15.284383,15.262028,15.536421,0.0,0.0,0.0,0.0,0.0,0.0,0.0,4.0
51871,2023.0,12.0,27.0,5.0,15.74139,15.750628,15.005845,14.978327,15.452632,15.272608,15.274489,15.107205,15.006798,14.974398,15.011095,15.056946,16.716509,16.48023,15.441693,15.254757,14.97369,14.988761,0.0,0.0,0.0,0.0,0.0,0.0,0.0,0.0
51872,2023.0,12.0,27.0,5.0,15.7084875,15.720245,15.006216,14.992348,15.418668,15.243658,15.241202,15.078598,15.008178,14.988379,15.066178,15.157319,16.690159,16.458025,15.4101095,15.226882,15.2617445,15.548882,0.0,0.0,0.0,0.0,4.0,0.0,0.0,4.0
51873,2023.0,12.0,27.0,5.0,16.491997,17.225807,15.0062895,15.005266,15.387061,15.218446,15.21047,15.053824,15.00751,14.997845,15.083682,15.177158,16.665314,16.438154,15.380484,15.201867,15.366448,15.667007,0.0,0.0,0.0,0.0,4.0,0.0,0.0,4.0
51874,2023.0,12.0,27.0,5.0,16.049316,16.14984,15.006417,15.017484,15.354791,15.190988,15.179215,15.026876,15.007516,15.006942,14.9994955,15.046718,16.640268,16.417015,15.350663,15.175513,14.97665,14.99413,0.0,0.0,0.0,0.0,0.0,0.0,0.0,0.0
51875,2023.0,12.0,27.0,5.0,15.509045,15.287703,15.0066185,15.029713,15.323514,15.164694,15.148758,15.001091,15.007678,15.015698,15.012995,15.083192,16.615982,16.396887,16.38812,17.156485,15.027177,15.121687,0.0,0.0,0.0,0.0,0.0,0.0,4.0,0.0
51876,2023.0,12.0,27.0,6.0,15.301771,15.031351,15.006827,15.041723,15.293526,15.138981,15.118527,14.975297,15.008093,15.024751,15.011163,15.086834,16.591911,16.376709,15.608737,15.306485,15.019346,15.124767,0.0,0.0,0.0,0.0,0.0,0.0,0.0,0.0
51877,2023.0,12.0,27.0,6.0,20.740574,24.568941,15.007051,15.053506,20.605064,24.381866,20.460453,24.272125,15.008145,15.032833,15.05554,15.161493,20.582397,23.12652,20.571812,23.869036,15.011748,15.139307,0.0,0.0,0.0,0.0,4.0,0.0,0.0,0.0
51878,2023.0,12.0,27.0,6.0,21.013762,24.46556,15.00733,15.064337,21.026773,24.517345,21.048777,24.697418,15.007894,15.038153,19.995163,23.5622,21.379637,24.315037,21.391548,24.952608,15.012415,15.158531,0.0,0.0,0.0,0.0,0.0,0.0,0.0,0.0
51879,2023.0,12.0,27.0,6.0,21.101107,24.22011,15.006678,15.070764,21.102997,24.21532,21.104076,24.336815,15.00744,15.040042,17.399994,17.913185,21.733786,24.534733,22.506615,26.463568,15.011852,15.164926,0.0,0.0,0.0,0.0,0.0,0.0,0.0,0.0
51880,2023.0,12.0,27.0,6.0,21.086756,23.913797,15.007026,15.078312,21.089462,23.885206,21.093407,24.00291,15.007385,15.0408325,15.661638,15.522834,20.977764,22.904827,22.175983,25.230825,15.011684,15.165862,0.0,0.0,0.0,0.0,0.0,0.0,4.0,0.0
51881,2023.0,12.0,27.0,6.0,21.08622,23.719305,15.0072365,15.086508,21.08854,23.671228,21.09226,23.783617,15.007074,15.040835,15.35012,15.174229,21.078331,22.96572,21.478273,24.112448,15.011078,15.167619,0.0,0.0,0.0,0.0,0.0,0.0,0.0,0.0
51882,2023.0,12.0,27.0,7.0,21.081123,23.569708,15.007406,15.095276,21.082489,23.506351,21.062647,23.552147,15.4541,15.878886,15.54493,15.68784,21.06261,22.826508,21.047129,23.110765,15.01129,15.168911,0.0,0.0,4.0,4.0,4.0,0.0,4.0,0.0
51883,2023.0,12.0,27.0,7.0,21.73599,24.376366,15.640998,15.993987,21.746841,24.310282,21.711624,24.375063,20.186934,23.878992,20.015686,23.265667,21.60198,23.518414,21.79163,24.131113,15.69526,16.449112,0.0,0.0,0.0,0.0,0.0,0.0,0.0,4.0
51884,2023.0,12.0,27.0,7.0,20.908096,22.89516,15.238145,15.268601,20.913023,22.81569,20.916016,22.899069,17.460125,17.896574,17.65355,18.16032,20.94492,22.301435,20.892328,22.521093,20.396498,24.387728,0.0,0.0,0.0,0.0,0.0,4.0,0.0,4.0
51885,2023.0,12.0,27.0,7.0,21.079416,23.202904,15.002667,14.996137,21.083712,23.118015,21.126703,23.26782,15.828029,15.715447,15.997206,15.874032,21.052404,22.50715,21.116589,22.957788,20.04368,23.169722,0.0,4.0,0.0,0.0,0.0,4.0,0.0,0.0
51886,2023.0,12.0,27.0,7.0,21.07833,23.204105,15.007025,15.041406,21.079332,23.107616,21.075336,23.153217,15.530357,15.394128,15.655892,15.489168,21.078817,22.534513,21.068766,22.87313,17.727112,18.28708,0.0,0.0,0.0,0.0,0.0,0.0,0.0,4.0
51887,2023.0,12.0,27.0,7.0,21.092674,23.172834,15.006976,15.068933,21.095179,23.072916,21.080502,23.143335,15.381362,15.246868,15.4663725,15.299187,21.072556,22.478083,21.03535,22.776852,20.37248,23.451515,0.0,0.0,0.0,0.0,0.0,0.0,4.0,4.0
51888,2023.0,12.0,27.0,8.0,21.088871,23.11671,15.007406,15.091912,21.090498,23.010315,21.05365,23.04933,15.2710285,15.141793,15.325552,15.164942,21.041616,22.36125,21.095161,22.892605,20.020063,22.476238,0.0,0.0,4.0,0.0,0.0,4.0,0.0,4.0
51889,2023.0,12.0,27.0,8.0,19.240305,19.557467,15.007701,15.110283,19.736927,20.372946,19.097685,19.304972,15.184234,15.063473,15.628089,15.843003,19.889889,20.127836,18.93796,18.713316,20.072392,22.379818,0.0,4.0,0.0,0.0,4.0,4.0,0.0,4.0
51890,2023.0,12.0,27.0,8.0,18.883602,19.55433,15.00801,15.124699,19.024193,19.537615,17.653076,17.264442,15.837668,16.360003,20.29808,23.799385,18.764097,18.375317,17.846811,17.4252,21.011826,23.721087,0.0,4.0,0.0,4.0,4.0,0.0,0.0,0.0
51891,2023.0,12.0,27.0,8.0,18.531828,18.946,15.007762,15.132756,17.857576,17.531675,17.762781,17.879063,21.711441,26.10416,20.040075,22.837633,18.22103,17.733458,17.64531,17.431446,18.40063,18.414103,0.0,0.0,4.0,4.0,0.0,0.0,0.0,0.0
51892,2023.0,12.0,27.0,8.0,18.255798,18.657759,15.283447,15.640087,17.184742,16.719986,17.151625,16.803246,19.877485,22.389122,17.711681,17.99135,18.709019,18.903614,18.51826,19.275827,17.650858,18.067867,4.0,0.0,0.0,4.0,4.0,4.0,4.0,4.0
51893,2023.0,12.0,27.0,8.0,18.110674,18.527008,19.807188,23.29882,17.552404,17.66877,16.678421,16.247175,21.029652,24.037045,20.299444,22.987778,18.84769,19.0867,17.582617,17.304037,21.347717,24.503193,0.0,4.0,0.0,0.0,4.0,4.0,0.0,0.0
51894,2023.0,12.0,27.0,9.0,18.004835,18.440985,17.47693,18.121435,17.660969,17.869167,16.668297,16.46344,18.268732,18.341986,20.04607,22.264896,18.796972,19.044088,16.972912,16.606253,18.448032,18.502542,0.0,4.0,0.0,0.0,0.0,4.0,0.0,0.0
51895,2023.0,12.0,27.0,9.0,17.911728,18.359406,15.77946,15.79506,17.584846,17.809347,16.606127,16.450888,17.338036,17.596697,18.069012,18.260214,18.075695,17.736094,16.734922,16.370684,16.788792,16.455803,0.0,4.0,0.0,4.0,4.0,0.0,0.0,0.0
51896,2023.0,12.0,27.0,9.0,17.189905,17.0754,15.948221,16.258472,17.524298,17.759512,16.501225,16.352167,21.618685,25.037533,20.364466,22.470963,17.726955,17.2841,17.631664,18.197453,17.521072,18.172394,4.0,4.0,0.0,4.0,0.0,0.0,4.0,4.0
51897,2023.0,12.0,27.0,9.0,17.483974,17.902987,20.288671,23.769514,17.459276,17.70698,17.104403,17.588999,19.880787,21.637508,18.034565,17.959003,17.541412,17.103813,17.934883,18.514404,20.330372,23.007719,4.0,4.0,4.0,0.0,0.0,0.0,4.0,0.0
51898,2023.0,12.0,27.0,9.0,16.973656,16.8871,20.042278,22.831553,17.400972,17.659538,17.359978,17.932304,17.844398,17.704996,16.95015,16.738283,18.185768,18.453518,16.998222,16.73908,17.748423,17.732088,0.0,4.0,4.0,0.0,0.0,4.0,0.0,0.0
51899,2023.0,12.0,27.0,9.0,17.29749,17.732847,17.520159,17.68844,17.350594,17.619457,17.141788,17.482872,16.782032,16.407257,17.047665,17.179588,18.401913,18.694662,16.532654,16.206802,16.49661,16.183329,0.0,4.0,4.0,0.0,4.0,4.0,0.0,0.0
51900,2023.0,12.0,27.0,10.0,16.767847,16.703241,16.60694,16.458637,17.313574,17.591394,16.397108,16.14094,17.39379,17.844763,20.317442,22.937616,18.41689,18.71255,16.38378,16.056873,16.342463,16.16734,0.0,4.0,0.0,4.0,4.0,4.0,0.0,0.0
51901,2023.0,12.0,27.0,10.0,16.398233,16.225277,16.30517,16.177711,17.278399,17.569145,16.010801,15.662928,21.426842,24.71668,20.046928,22.117516,17.69369,17.351486,16.265211,15.950982,16.185417,16.042429,0.0,4.0,0.0,0.0,0.0,0.0,0.0,0.0
51902,2023.0,12.0,27.0,10.0,16.269655,16.099863,16.06,15.933172,17.248095,17.551382,15.866793,15.523573,18.550388,18.683025,17.933104,17.87467,18.122246,18.416508,16.316994,16.164873,16.009161,15.87719,0.0,4.0,0.0,0.0,0.0,4.0,0.0,0.0
51903,2023.0,12.0,27.0,10.0,16.390177,16.425875,15.8993845,15.76303,17.225645,17.540213,15.965827,15.821626,17.2707,16.841082,17.613556,17.733377,18.279875,18.609602,16.305048,16.179838,15.876021,15.744954,0.0,4.0,0.0,0.0,4.0,4.0,0.0,0.0
51904,2023.0,12.0,27.0,10.0,16.379442,16.439009,16.241116,16.518639,16.557085,16.321575,15.948947,15.835676,17.097483,16.877365,20.2391,22.532242,17.57711,17.266827,16.255295,16.133001,15.764364,15.645026,4.0,0.0,0.0,0.0,0.0,0.0,0.0,0.0
51905,2023.0,12.0,27.0,10.0,16.328325,16.391375,20.153,23.41075,16.187809,15.863281,15.894743,15.790113,16.882032,16.703745,18.319845,18.571768,17.252367,16.88642,16.200056,16.080988,15.648325,15.537048,0.0,0.0,0.0,0.0,0.0,0.0,0.0,0.0
51906,2023.0,12.0,27.0,11.0,16.286661,16.361694,17.872812,18.457834,16.050798,15.731333,15.839067,15.741024,16.65486,16.491993,17.132414,16.987225,17.14991,16.790092,16.148396,16.032213,15.545413,15.4401655,0.0,0.0,0.0,0.0,0.0,0.0,0.0,0.0
51907,2023.0,12.0,27.0,11.0,16.242815,16.320314,16.675507,16.605263,16.130823,15.987723,16.533821,17.089947,17.248045,17.757286,16.842707,16.659967,17.081028,16.726166,16.104368,15.98836,16.450674,17.220682,0.0,0.0,4.0,4.0,0.0,0.0,0.0,4.0
51908,2023.0,12.0,27.0,11.0,16.97242,17.73047,16.364496,16.252975,16.122377,16.017902,16.114967,16.180166,20.317827,23.081457,16.666689,16.492798,17.19155,17.014372,16.06271,15.947841,20.262144,23.696995,0.0,0.0,0.0,4.0,0.0,0.0,0.0,0.0
51909,2023.0,12.0,27.0,11.0,16.5795,16.777414,16.591108,16.877401,16.066286,15.967907,15.631586,15.4098625,20.050005,22.244991,16.483946,16.319548,17.214224,17.060192,16.019314,15.905685,17.379457,17.538834,4.0,0.0,0.0,0.0,0.0,0.0,0.0,0.0
51910,2023.0,12.0,27.0,11.0,16.103397,16.038282,20.269901,23.411736,16.008799,15.914078,15.462129,15.201191,17.872585,17.842546,16.316936,16.154154,17.180294,17.028933,15.9784775,15.865726,15.994163,15.770863,4.0,0.0,0.0,0.0,0.0,0.0,0.0,0.0
51911,2023.0,12.0,27.0,11.0,15.937616,15.8406315,20.034147,22.523949,15.954031,15.862269,15.534492,15.420314,16.765348,16.440832,16.175144,16.017406,17.143824,16.993279,15.940277,15.828184,16.777075,17.510632,4.0,0.0,0.0,0.0,0.0,0.0,0.0,4.0
51912,2023.0,12.0,27.0,12.0,16.020283,16.080608,20.099867,22.403337,15.90344,15.814933,16.291962,16.852343,16.589087,16.40951,16.058203,15.906556,17.109884,16.960323,15.904983,15.793841,20.331114,23.527569,0.0,0.0,4.0,0.0,0.0,0.0,0.0,0.0
51913,2023.0,12.0,27.0,12.0,21.193369,25.186636,17.899878,17.998196,21.14712,25.06478,20.924038,24.700518,16.4605,16.305529,15.960911,15.816024,21.158514,23.895151,21.53862,25.402327,17.50591,17.588032,0.0,0.0,0.0,0.0,0.0,0.0,0.0,0.0
51914,2023.0,12.0,27.0,12.0,21.009872,24.234104,16.823376,16.728046,21.00851,24.176785,21.04763,24.301985,16.313147,16.165089,16.281185,16.496471,21.665983,24.489222,22.063303,25.809149,16.167736,15.890838,0.0,0.0,4.0,0.0,4.0,0.0,0.0,0.0
51915,2023.0,12.0,27.0,12.0,21.143728,24.124456,16.533775,16.429693,21.145538,24.055637,21.140461,24.089167,16.190176,16.049938,20.37574,23.346054,21.029009,23.019028,21.083902,23.679014,16.016052,15.879247,0.0,0.0,4.0,0.0,4.0,4.0,0.0,0.0
51916,2023.0,12.0,27.0,12.0,21.080685,23.746595,16.776293,17.067272,21.081915,23.663603,21.1056,23.76744,16.891102,17.471548,20.015789,22.388384,21.077885,22.958363,22.54585,25.892336,15.915986,15.795039,4.0,0.0,0.0,4.0,0.0,0.0,0.0,0.0
51917,2023.0,12.0,27.0,12.0,21.148607,23.688614,20.253393,23.254072,21.15142,23.617792,21.148977,23.65884,20.351366,23.355688,18.31332,18.807283,21.119131,22.877674,21.160143,23.381914,15.801655,15.687455,0.0,0.0,0.0,0.0,4.0,0.0,0.0,0.0
51918,2023.0,12.0,27.0,13.0,21.159077,23.60242,18.30733,19.007776,21.151989,23.4641,21.149757,23.496384,17.714487,17.760996,20.298973,22.662327,21.122122,22.760458,21.214687,23.36044,16.749592,17.574476,4.0,4.0,4.0,0.0,0.0,0.0,4.0,4.0
51919,2023.0,12.0,27.0,13.0,21.949078,24.676817,20.288713,22.925497,21.87796,24.587337,21.902252,24.551008,16.453081,16.153158,18.08469,18.077091,21.762514,23.710802,22.331718,25.061628,20.371258,23.64399,0.0,4.0,4.0,0.0,0.0,0.0,0.0,0.0
51920,2023.0,12.0,27.0,13.0,20.907179,22.715307,17.9882,18.158617,20.931005,22.701658,20.918856,22.721558,16.338657,16.180584,17.043058,16.866602,20.956463,22.163994,20.8785,22.34748,17.510672,17.586466,0.0,0.0,0.0,0.0,0.0,4.0,0.0,0.0
51921,2023.0,12.0,27.0,13.0,21.121265,23.138826,16.792267,16.688625,21.112038,23.023546,21.120565,23.103739,16.266293,16.12698,16.806314,16.623644,21.091103,22.424042,21.117117,22.81455,16.202732,15.941085,0.0,0.0,0.0,0.0,0.0,0.0,0.0,0.0
51922,2023.0,12.0,27.0,13.0,21.165041,23.184977,16.501478,16.366835,21.168383,23.082819,21.174372,23.172163,16.163902,16.02852,16.61466,16.430105,21.129728,22.461119,21.134224,22.847609,16.06918,15.94296,0.0,0.0,0.0,0.0,0.0,0.0,0.0,0.0
51923,2023.0,12.0,27.0,13.0,21.161638,23.125772,16.304678,16.173096,21.139093,22.995466,21.105635,22.99109,16.07639,15.945653,16.46152,16.284292,21.104776,22.394035,21.132627,22.82508,15.968077,15.848415,0.0,0.0,4.0,0.0,0.0,0.0,0.0,0.0
51924,2023.0,12.0,27.0,14.0,21.056484,22.935812,16.649391,16.966671,21.035875,22.779974,21.088047,22.973434,16.002108,15.877683,16.336739,16.173449,21.046051,22.282948,21.05667,22.677237,15.865807,15.752962,4.0,4.0,0.0,0.0,0.0,0.0,0.0,0.0
51925,2023.0,12.0,27.0,14.0,19.88798,20.664125,20.165768,23.166458,19.337683,19.546562,19.491678,19.860552,15.936721,15.818273,16.222563,16.066124,19.704018,19.695774,19.35389,19.394175,15.778562,15.67432,0.0,0.0,4.0,0.0,0.0,0.0,0.0,0.0
51926,2023.0,12.0,27.0,14.0,18.70932,18.889908,18.031204,18.54966,18.071995,17.751158,18.089437,17.817022,15.878071,15.763112,16.123724,15.973684,19.003576,18.81671,18.444378,18.287743,15.700486,15.600008,0.0,0.0,0.0,0.0,0.0,0.0,0.0,0.0
51927,2023.0,12.0,27.0,14.0,18.003315,17.808304,16.91683,16.830204,17.648647,17.238295,17.588814,17.19889,15.831346,15.717094,16.05156,15.902926,18.776255,18.567863,18.13604,17.95069,15.638966,15.538822,0.0,0.0,0.0,0.0,0.0,0.0,0.0,0.0
51928,2023.0,12.0,27.0,14.0,18.407942,18.830961,16.634453,16.523167,17.615528,17.42493,17.525417,17.354664,15.788377,15.6771,15.987074,15.843974,19.406017,19.916801,17.919859,17.7446,15.58305,15.486253,0.0,0.0,0.0,0.0,0.0,4.0,0.0,0.0
51929,2023.0,12.0,27.0,14.0,17.785374,17.712456,16.441305,16.330538,17.495646,17.347343,17.38315,17.254995,15.747497,15.638365,15.926503,15.7875185,18.569649,18.25671,17.736588,17.569649,15.531358,15.436921,0.0,0.0,0.0,0.0,0.0,0.0,0.0,0.0
51930,2023.0,12.0,27.0,15.0,17.409245,17.22119,16.776003,17.090916,17.341766,17.19577,17.211082,17.085121,15.706243,15.595538,15.867468,15.730279,18.195757,17.775661,17.572079,17.408354,15.480856,15.385078,4.0,0.0,0.0,0.0,0.0,0.0,0.0,0.0
51931,2023.0,12.0,27.0,15.0,17.22261,17.042282,20.246027,23.14231,17.208826,17.070475,17.063951,16.946064,15.668839,15.558606,15.813455,15.67882,18.042147,17.63192,17.43328,17.278633,16.332714,17.02484,0.0,0.0,0.0,0.0,0.0,0.0,0.0,4.0
51932,2023.0,12.0,27.0,15.0,17.223711,17.2342,18.138313,18.631346,17.064964,16.932041,16.906689,16.794165,15.629624,15.519569,15.760128,15.628301,18.078167,17.861925,17.286858,17.137974,20.299854,23.674477,0.0,0.0,0.0,0.0,0.0,0.0,0.0,0.0
51933,2023.0,12.0,27.0,15.0,17.163757,17.210627,16.776976,16.758276,17.636435,18.118757,16.76695,16.656229,15.592318,15.481997,15.710573,15.58068,18.83224,19.354559,17.156055,17.011368,17.444963,17.579351,0.0,4.0,0.0,0.0,0.0,4.0,0.0,0.0
51934,2023.0,12.0,27.0,15.0,17.0686,17.115206,16.46679,16.353819,17.823658,18.39469,16.661655,16.546238,15.559981,15.447647,16.093403,16.33802,18.769657,19.083069,17.054981,16.908783,16.432268,16.13183,0.0,4.0,0.0,0.0,4.0,4.0,0.0,0.0
51935,2023.0,12.0,27.0,15.0,16.983015,17.036259,16.319187,16.210705,17.046316,16.906528,16.572365,16.463606,15.530289,15.418683,20.14665,23.259958,18.759039,19.071598,16.968533,16.829332,16.311274,16.156042,0.0,0.0,0.0,0.0,0.0,4.0,0.0,0.0
51936,2023.0,12.0,27.0,16.0,16.90183,16.967241,16.17194,16.06526,17.241865,17.51614,17.188866,17.704483,15.495873,15.384216,17.934465,18.383171,18.044285,17.73018,16.87524,16.74037,16.166164,16.034725,0.0,4.0,4.0,0.0,0.0,0.0,0.0,0.0
51937,2023.0,12.0,27.0,16.0,17.612696,18.36662,16.069162,15.958263,16.704508,16.473461,17.389109,17.974432,15.466546,15.354637,16.840193,16.685596,17.759174,17.36662,16.801172,16.668432,16.039452,15.9115715,0.0,0.0,4.0,0.0,0.0,0.0,0.0,0.0
51938,2023.0,12.0,27.0,16.0,17.775108,18.5425,15.979416,15.870774,16.44243,16.122555,16.61377,16.470236,15.440059,15.328758,16.598846,16.424854,17.642899,17.25715,16.733984,16.605005,15.931514,15.809704,0.0,0.0,0.0,0.0,0.0,0.0,0.0,0.0
51939,2023.0,12.0,27.0,16.0,17.611456,18.166586,15.901121,15.79527,16.335207,16.019833,16.28055,15.995399,15.417298,15.306804,16.435934,16.266073,18.540813,19.068802,16.671284,16.541267,16.8059,17.544281,0.0,0.0,0.0,0.0,0.0,4.0,0.0,4.0
51940,2023.0,12.0,27.0,16.0,16.944317,16.936165,15.8298435,15.727026,17.130116,17.61212,16.830862,17.13182,15.3971815,15.287519,16.309774,16.14473,17.85097,17.589647,16.61497,16.485958,20.314053,23.52409,0.0,4.0,4.0,0.0,0.0,0.0,0.0,0.0
51941,2023.0,12.0,27.0,16.0,16.587164,16.481258,15.75445,15.65567,17.472963,18.050943,16.451778,16.308096,15.375818,15.267207,16.18707,16.029404,18.239342,18.566591,16.55821,16.430912,17.560787,17.669418,0.0,4.0,0.0,0.0,0.0,4.0,0.0,0.0
51942,2023.0,12.0,27.0,17.0,16.469109,16.351927,15.695598,15.597419,16.711252,16.567688,16.86669,17.200788,15.357175,15.248916,16.095512,15.939593,17.658644,17.356056,16.512945,16.385628,16.604836,16.309008,0.0,0.0,4.0,0.0,0.0,0.0,0.0,0.0
51943,2023.0,12.0,27.0,17.0,16.557007,16.610722,16.126497,16.453817,16.380417,16.09516,16.378538,16.231699,16.07135,16.605255,16.412697,16.610697,18.237116,18.585632,16.473253,16.34891,16.474718,16.316544,4.0,0.0,0.0,4.0,4.0,4.0,0.0,0.0
51944,2023.0,12.0,27.0,17.0,17.325819,18.087,20.116531,23.297718,16.258335,15.972349,16.116884,15.859398,20.687828,24.389778,20.192892,23.124235,17.663202,17.386799,16.437563,16.316626,16.342112,16.209044,0.0,0.0,0.0,0.0,0.0,0.0,0.0,0.0
51945,2023.0,12.0,27.0,17.0,17.421942,18.014992,17.949654,18.535383,17.038403,17.54421,15.995694,15.737649,17.832096,18.118229,18.072433,18.48965,18.138046,18.48901,17.41795,18.19605,16.195536,16.073006,0.0,4.0,0.0,0.0,0.0,4.0,4.0,0.0
51946,2023.0,12.0,27.0,17.0,16.769966,16.786116,16.792713,16.74121,17.118343,17.534126,16.068205,15.9576,17.3305,17.65792,17.049809,16.901865,18.323862,18.70811,16.631193,16.473524,16.090416,15.972896,0.0,4.0,0.0,4.0,0.0,4.0,0.0,0.0
51947,2023.0,12.0,27.0,17.0,17.243864,17.798462,16.9728,17.275793,17.111876,17.507788,16.793385,17.347855,20.322842,22.93054,17.18662,17.347471,18.382812,18.76628,16.359604,16.115498,15.998604,15.8888,4.0,4.0,4.0,4.0,4.0,4.0,0.0,0.0
51948,2023.0,12.0,27.0,18.0,16.788721,16.808516,20.276535,23.069141,16.54094,16.426512,17.095385,17.707355,20.635775,23.327736,20.294044,22.806635,18.43998,18.825665,16.274069,16.036455,15.907405,15.804694,0.0,0.0,4.0,0.0,0.0,4.0,0.0,0.0
51949,2023.0,12.0,27.0,18.0,21.241074,24.806492,18.491644,19.205626,21.180477,24.723543,21.329502,24.97314,17.955074,17.913406,18.600039,19.143295,21.367355,23.935547,22.78034,27.106037,15.821253,15.717488,4.0,0.0,4.0,0.0,4.0,0.0,4.0,0.0
51950,2023.0,12.0,27.0,18.0,21.768585,25.117075,20.294308,22.787928,21.052479,23.90123,21.067406,23.991005,16.871805,16.53963,20.280153,22.511276,21.939816,24.467028,22.214067,25.594755,15.750204,15.64643,0.0,4.0,0.0,0.0,0.0,4.0,4.0,0.0
51951,2023.0,12.0,27.0,18.0,20.966295,23.352552,18.374153,18.757315,21.082977,23.603745,21.104773,23.731497,16.706018,16.527346,18.72212,19.202885,20.939655,22.429731,22.575165,25.768526,15.693033,15.590503,4.0,4.0,0.0,0.0,4.0,4.0,0.0,0.0
51952,2023.0,12.0,27.0,18.0,21.16641,23.56142,20.253145,22.633776,21.147171,23.496515,21.143358,23.56033,16.586159,16.42782,20.274435,22.29924,21.142311,22.720097,21.00415,22.76212,15.64495,15.543174,0.0,4.0,4.0,0.0,0.0,4.0,0.0,0.0
51953,2023.0,12.0,27.0,18.0,21.075453,23.277542,18.406996,18.751184,21.093515,23.239372,21.073698,23.258743,16.4453,16.293867,18.273674,18.200785,21.070381,22.50451,21.10824,22.898527,15.603509,15.502524,4.0,0.0,4.0,0.0,0.0,0.0,0.0,0.0
51954,2023.0,12.0,27.0,19.0,21.148642,23.283138,20.244907,22.543201,21.144634,23.21479,21.149725,23.312824,16.322796,16.174467,17.332773,17.12488,21.120762,22.52862,21.16722,22.954205,15.564428,15.46004,0.0,0.0,0.0,0.0,0.0,0.0,0.0,0.0
51955,2023.0,12.0,27.0,19.0,21.087423,23.092138,18.139044,18.201591,21.085442,22.997314,21.064798,23.029747,16.220745,16.078188,17.109398,16.912357,21.064915,22.354206,21.064186,22.716158,15.5306425,15.425775,0.0,0.0,4.0,0.0,0.0,0.0,0.0,0.0
51956,2023.0,12.0,27.0,19.0,21.05473,22.937109,17.113115,16.999294,21.06774,22.918566,21.093163,23.036879,16.133373,15.995265,17.31207,17.461102,21.050215,22.303202,21.064281,22.686966,16.469978,17.224178,0.0,0.0,0.0,0.0,4.0,0.0,0.0,4.0
51957,2023.0,12.0,27.0,19.0,21.059586,22.895565,17.316868,17.585253,21.044605,22.814293,21.086334,22.962831,16.057968,15.924205,20.389208,22.662506,21.02183,22.207184,21.063572,22.657951,20.851995,24.500437,4.0,4.0,0.0,0.0,0.0,4.0,0.0,0.0
51958,2023.0,12.0,27.0,19.0,21.166584,23.086777,20.303732,22.823383,21.16973,23.054935,21.163038,23.095938,16.81268,17.413254,18.392653,18.616734,21.150133,22.425163,21.194857,22.894945,17.766184,17.86543,4.0,0.0,0.0,4.0,0.0,4.0,0.0,0.0
51959,2023.0,12.0,27.0,19.0,21.051653,22.794697,20.02812,21.996902,21.08247,22.814371,21.069757,22.883669,20.33447,23.354006,17.274647,17.119123,21.03712,22.167027,21.023045,22.497843,16.285376,16.01332,4.0,0.0,0.0,0.0,0.0,4.0,4.0,0.0
51960,2023.0,12.0,27.0,20.0,21.05646,22.77327,20.071966,21.901693,21.080254,22.760117,21.069136,22.86188,17.673069,17.679827,16.98095,16.79112,21.066767,22.220139,21.082596,22.60593,16.147375,16.011608,4.0,0.0,0.0,0.0,0.0,0.0,0.0,0.0
51961,2023.0,12.0,27.0,20.0,21.081373,22.815632,20.080173,21.808044,21.061737,22.71537,21.067678,22.839773,16.394545,16.049885,16.801666,16.6074,21.060225,22.176558,21.070433,22.544945,16.061308,15.933922,0.0,0.0,0.0,0.0,0.0,0.0,0.0,0.0
51962,2023.0,12.0,27.0,20.0,21.075691,22.774576,18.22087,18.151539,21.064522,22.707624,21.068094,22.822031,16.322088,16.152369,16.672665,16.488785,21.03141,22.073603,21.072449,22.515154,15.964208,15.842527,0.0,0.0,0.0,0.0,0.0,4.0,0.0,0.0
51963,2023.0,12.0,27.0,20.0,21.076025,22.746204,17.35484,17.195599,21.063717,22.691578,21.067709,22.803514,16.271965,16.123926,16.553535,16.372225,21.066036,22.146564,21.058037,22.484823,16.91466,17.722082,0.0,0.0,0.0,0.0,0.0,0.0,0.0,4.0
51964,2023.0,12.0,27.0,20.0,21.033112,22.648783,17.552898,17.78467,21.063345,22.675703,21.0672,22.784792,16.178648,16.034689,16.446726,16.268698,21.06019,22.11405,21.059496,22.481024,20.309649,23.364666,4.0,0.0,0.0,0.0,0.0,0.0,0.0,0.0
51965,2023.0,12.0,27.0,20.0,21.180634,22.918,20.250023,22.638376,21.171175,22.875937,21.167654,22.967752,16.09225,15.948886,16.346434,16.167633,21.131859,22.238276,21.207153,22.767584,17.550608,17.523382,0.0,0.0,0.0,0.0,0.0,0.0,0.0,0.0
51966,2023.0,12.0,27.0,21.0,21.05318,22.640135,18.68779,19.27852,21.062166,22.639746,21.065874,22.744474,16.017775,15.876402,16.650566,16.817175,21.045383,22.075695,21.058496,22.456541,16.283712,15.953305,4.0,0.0,0.0,0.0,4.0,0.0,0.0,0.0
51967,2023.0,12.0,27.0,21.0,21.154982,22.828918,20.313437,22.49444,21.333332,23.167965,21.151411,22.900301,16.705067,17.227102,20.415596,23.085241,21.27643,22.542944,21.178642,22.687778,16.194796,16.040623,4.0,0.0,0.0,4.0,0.0,0.0,0.0,0.0
51968,2023.0,12.0,27.0,21.0,21.078665,22.676645,20.049242,21.790943,21.036184,22.533607,21.06486,22.709352,20.437971,23.420155,18.163465,18.427198,21.046415,22.077688,21.019003,22.328768,16.125921,15.987972,0.0,4.0,0.0,0.0,0.0,0.0,4.0,0.0
51969,2023.0,12.0,27.0,21.0,21.072483,22.640783,18.174557,18.07236,21.0417,22.539097,21.064825,22.694956,17.653429,17.620142,16.933218,16.776451,21.017021,22.000542,21.079746,22.449612,16.0223,15.888015,0.0,4.0,0.0,0.0,0.0,4.0,0.0,0.0
51970,2023.0,12.0,27.0,21.0,21.071705,22.616354,17.32318,17.134163,21.057474,22.530708,21.063845,22.680067,16.353962,15.974976,16.66466,16.470076,21.067451,22.09548,21.067852,22.397955,15.927211,15.788307,0.0,4.0,0.0,0.0,0.0,0.0,0.0,0.0
51971,2023.0,12.0,27.0,21.0,21.030182,22.525702,17.558825,17.777576,21.055328,22.496893,21.064163,22.668451,17.105925,17.64203,16.516773,16.325895,21.059046,22.054068,21.069578,22.37525,15.848698,15.711018,4.0,4.0,0.0,4.0,0.0,0.0,0.0,0.0
51972,2023.0,12.0,27.0,22.0,21.179052,22.802446,20.230104,22.548454,21.164148,22.70921,21.161774,22.852034,20.298973,22.988783,16.392647,16.20171,21.127838,22.170158,21.203999,22.649982,16.721085,17.416405,4.0,0.0,0.0,0.0,0.0,0.0,0.0,4.0
51973,2023.0,12.0,27.0,22.0,21.075796,22.59639,20.035028,21.87127,21.074003,22.499454,21.063377,22.640875,17.780228,17.683798,16.287231,16.098972,21.014332,21.93512,21.016949,22.24499,20.374851,23.52466,4.0,0.0,0.0,0.0,0.0,4.0,4.0,0.0
51974,2023.0,12.0,27.0,22.0,21.070894,22.56711,20.068867,21.760138,21.074148,22.475618,21.03829,22.560379,17.162487,17.305601,16.196667,16.006493,21.035778,21.962637,21.038628,22.268938,17.519527,17.471191,4.0,0.0,4.0,4.0,0.0,4.0,4.0,0.0
51975,2023.0,12.0,27.0,22.0,21.070976,22.548489,20.063177,21.629848,21.056276,22.453379,21.067963,22.634018,20.446856,22.902328,16.11849,15.92917,21.063377,22.025553,21.075556,22.35787,16.261421,15.93104,4.0,0.0,0.0,0.0,0.0,0.0,0.0,0.0
51976,2023.0,12.0,27.0,22.0,21.053858,22.528456,20.079872,21.59327,21.058289,22.462029,21.079569,22.612331,18.425968,18.71961,16.354168,16.430597,21.058167,21.996683,21.067682,22.321707,16.17591,16.017582,0.0,0.0,0.0,4.0,4.0,0.0,0.0,0.0
51977,2023.0,12.0,27.0,22.0,21.18363,22.792747,18.287567,18.09244,21.183311,22.712618,21.163784,22.747059,21.420784,24.113544,20.465054,23.292883,21.132198,22.128098,21.190948,22.548296,16.104166,15.95655,0.0,0.0,0.0,4.0,0.0,0.0,0.0,0.0
51978,2023.0,12.0,27.0,23.0,21.05465,22.530071,17.51732,17.305475,21.057217,22.45482,21.05903,22.542084,19.884632,21.254936,18.370644,18.882633,21.042852,21.963259,21.067064,22.279911,16.00216,15.856453,0.0,0.0,0.0,0.0,4.0,0.0,0.0,0.0
51979,2023.0,12.0,27.0,23.0,19.692055,19.912243,17.314966,17.125217,19.6509,19.753927,19.56705,19.6816,18.109772,17.839048,16.97192,16.832958,19.912676,19.800848,19.666025,19.598467,15.917823,15.777136,0.0,0.0,0.0,0.0,0.0,0.0,0.0,0.0
51980,2023.0,12.0,27.0,23.0,19.046446,19.009987,17.630436,17.851612,18.931236,18.719229,18.822657,18.631128,17.634068,17.390894,16.674862,16.47542,19.455431,19.198198,19.088947,18.857187,15.855157,15.71395,4.0,0.0,0.0,0.0,0.0,0.0,0.0,0.0
51981,2023.0,12.0,27.0,23.0,18.780159,18.744625,17.236885,17.14516,18.641836,18.42332,18.51858,18.324478,17.440434,17.232899,16.547462,16.355307,20.023743,20.462145,19.843033,20.527277,15.798338,15.660106,0.0,0.0,0.0,0.0,0.0,4.0,4.0,0.0
51982,2023.0,12.0,27.0,23.0,18.574951,18.545233,17.425117,17.63791,18.424423,18.21105,18.28626,18.098207,17.245995,17.050543,16.74361,16.825817,19.115185,18.679646,18.76807,18.406738,15.745411,15.609128,4.0,0.0,0.0,0.0,4.0,0.0,0.0,0.0
51983,2023.0,12.0,27.0,23.0,18.40112,18.375538,16.797276,16.44624,18.24119,18.031809,18.089935,17.906351,17.076534,16.88857,16.479568,16.311241,19.462358,19.601795,19.285444,19.706964,15.695306,15.560338,0.0,0.0,0.0,0.0,0.0,4.0,4.0,0.0
51984,2023.0,12.0,28.0,0.0,18.251934,18.23216,16.451155,15.979965,18.08403,17.88054,17.921726,17.744328,16.929302,16.749495,16.30905,16.123257,19.523472,19.679567,18.439835,18.055754,15.648989,15.515577,0.0,0.0,0.0,0.0,0.0,4.0,0.0,0.0
51985,2023.0,12.0,28.0,0.0,18.117504,18.10061,16.54825,16.322834,17.942928,17.742645,18.483171,18.935074,16.796745,16.621864,16.221464,16.037294,19.481962,19.647377,18.052011,17.607227,15.604588,15.471482,0.0,0.0,4.0,0.0,0.0,4.0,0.0,0.0
51986,2023.0,12.0,28.0,0.0,17.998621,17.986122,17.010014,17.254772,17.817854,17.622307,17.96715,17.9293,16.679356,16.510063,16.433554,16.504137,18.766773,18.33471,17.861633,17.428919,15.563529,15.431124,4.0,0.0,0.0,0.0,4.0,0.0,0.0,0.0
51987,2023.0,12.0,28.0,0.0,17.889776,17.880432,16.69845,16.640087,17.70338,17.511728,17.394447,16.975416,16.572977,16.407839,16.50441,16.601484,18.455526,17.95605,17.912777,17.7022,15.525112,15.393179,0.0,0.0,0.0,0.0,4.0,0.0,0.0,0.0
51988,2023.0,12.0,28.0,0.0,17.785887,17.775196,16.473572,16.306181,17.593023,17.399742,17.15551,16.699476,16.47035,16.299852,16.505959,16.614481,18.296679,17.797976,17.845148,17.656189,15.48785,15.355358,0.0,0.0,0.0,0.0,4.0,0.0,0.0,0.0
51989,2023.0,12.0,28.0,0.0,17.700987,17.699936,16.394178,16.23666,17.504202,17.322508,17.264938,17.070429,16.972162,17.321903,16.01566,15.679861,18.419333,18.174908,17.748278,17.562725,15.454999,15.324726,0.0,0.0,0.0,4.0,0.0,0.0,0.0,0.0
51990,2023.0,12.0,28.0,1.0,17.617874,17.620808,16.320889,16.166346,17.416374,17.23957,17.228958,17.073433,16.509718,16.357557,15.78577,15.399521,18.389858,18.166609,17.654165,17.470108,15.422351,15.292953,0.0,0.0,0.0,0.0,0.0,0.0,0.0,0.0
51991,2023.0,12.0,28.0,1.0,17.53989,17.545332,16.254988,16.103258,17.33384,17.16064,17.148186,16.997795,16.336056,16.172235,15.877724,15.693238,18.320168,18.098764,17.565973,17.382801,15.391567,15.2634535,0.0,0.0,0.0,0.0,0.0,0.0,0.0,0.0
51992,2023.0,12.0,28.0,1.0,17.46884,17.47804,16.195055,16.046917,17.258009,17.088923,17.070396,16.92406,16.255451,16.093895,15.8595,15.684639,18.254454,18.034872,17.485765,17.304602,15.362969,15.2365885,0.0,0.0,0.0,0.0,0.0,0.0,0.0,0.0
51993,2023.0,12.0,28.0,1.0,17.403889,17.418148,16.141808,15.999458,17.18961,17.02678,16.998955,16.858772,16.184746,16.026548,15.814154,15.642628,18.194117,17.977503,17.412613,17.23453,15.336256,15.212039,0.0,0.0,0.0,0.0,0.0,0.0,0.0,0.0
51994,2023.0,12.0,28.0,1.0,17.346245,17.36864,16.095753,15.962458,17.129583,16.976664,16.936087,16.805904,16.710154,17.071815,16.069756,16.161642,18.14058,17.929176,17.347227,17.174553,15.311786,15.1906595,0.0,0.0,0.0,4.0,4.0,0.0,0.0,0.0
51995,2023.0,12.0,28.0,1.0,17.288975,17.315882,16.049414,15.921263,17.069395,16.922035,16.873001,16.748203,16.273294,16.140574,15.851481,15.698746,18.088709,17.880075,17.284092,17.114244,15.287572,15.168609,0.0,0.0,0.0,0.0,0.0,0.0,0.0,0.0
51996,2023.0,12.0,28.0,2.0,17.232283,17.260546,16.003115,15.876836,17.00918,16.863699,16.810019,16.686682,16.117584,15.966778,15.747879,15.584933,18.038498,17.830667,17.22305,17.053936,15.2636,15.146006,0.0,0.0,0.0,0.0,0.0,0.0,0.0,0.0
51997,2023.0,12.0,28.0,2.0,17.181702,17.214527,15.962503,15.84134,16.9559,16.816034,16.754364,16.636415,16.055105,15.907846,15.704805,15.545476,17.99405,17.789589,17.168213,17.002356,15.241537,15.126283,0.0,0.0,0.0,0.0,0.0,0.0,0.0,0.0
51998,2023.0,12.0,28.0,2.0,17.133463,17.17068,15.923873,15.807729,16.90536,16.77089,16.701614,16.58886,16.00001,15.85613,15.665606,15.509815,17.952612,17.75147,17.116783,16.954119,15.2204,15.10748,0.0,0.0,0.0,0.0,0.0,0.0,0.0,0.0
51999,2023.0,12.0,28.0,2.0,17.087334,17.128782,15.887004,15.775757,16.857224,16.727943,16.65144,16.543686,15.951958,15.811274,15.630484,15.478111,17.913803,17.71593,17.068354,16.908825,15.2001095,15.089519,0.0,0.0,0.0,0.0,0.0,0.0,0.0,0.0
52000,2023.0,12.0,28.0,2.0,17.045609,17.093624,15.854407,15.7506075,16.81436,16.693203,16.606874,16.507212,15.910557,15.775132,15.599979,15.452834,17.878996,17.686028,17.024467,16.869898,15.910151,16.445574,0.0,0.0,0.0,0.0,0.0,0.0,0.0,4.0
52001,2023.0,12.0,28.0,2.0,17.00295,17.054771,15.820488,15.721224,16.770227,16.653769,16.56118,16.465954,15.8706665,15.738112,15.569927,15.425955,17.84452,17.654644,16.981035,16.82941,15.42349,15.356455,0.0,0.0,0.0,0.0,0.0,0.0,0.0,0.0
52002,2023.0,12.0,28.0,3.0,16.959505,17.012613,15.785372,15.688029,16.724936,16.610098,16.514585,16.420523,15.832099,15.7006035,15.54034,15.397928,17.810375,17.622066,16.938042,16.787632,15.160637,14.943723,0.0,0.0,0.0,0.0,0.0,0.0,0.0,0.0
52003,2023.0,12.0,28.0,3.0,16.919086,16.974909,15.753256,15.659532,16.683659,16.572779,16.4723,16.381964,15.797203,15.6678095,15.829482,15.966766,17.778381,17.592207,16.897844,16.749567,15.207011,15.110931,0.0,0.0,0.0,0.0,4.0,0.0,0.0,0.0
52004,2023.0,12.0,28.0,3.0,16.879585,16.937988,15.721408,15.63057,16.64298,16.535439,16.430605,16.343418,15.763853,15.63639,15.5934725,15.45611,17.747196,17.563046,16.85882,16.712616,15.18305,15.08123,0.0,0.0,0.0,0.0,0.0,0.0,0.0,0.0
52005,2023.0,12.0,28.0,3.0,16.838808,16.897377,15.687894,15.597104,16.600487,16.493242,16.387138,16.299957,15.7303705,15.603201,15.513188,15.374101,17.715374,17.531803,16.819355,16.67367,15.154453,15.052561,0.0,0.0,0.0,0.0,0.0,0.0,0.0,0.0
52006,2023.0,12.0,28.0,3.0,16.810099,16.879807,15.65703,15.568194,16.56112,16.45618,16.346905,16.261839,15.6992235,15.573412,15.480672,15.343215,17.68516,17.5031,16.781843,16.637655,15.128938,15.02803,0.0,0.0,0.0,0.0,0.0,0.0,0.0,0.0
52007,2023.0,12.0,28.0,3.0,16.78446,16.865477,15.626777,15.539872,16.52274,16.420015,16.307663,16.224657,15.669197,15.544706,15.4495125,15.313587,17.655552,17.474974,16.745235,16.602509,15.104489,15.004552,0.0,0.0,0.0,0.0,0.0,0.0,0.0,0.0
52008,2023.0,12.0,28.0,4.0,16.752234,16.835327,15.599564,15.516992,16.487978,16.390078,16.272152,16.193903,15.6416445,15.51991,15.422457,15.289715,17.62788,17.45015,16.710974,16.571186,15.81132,16.35683,0.0,0.0,0.0,0.0,0.0,0.0,0.0,4.0
52009,2023.0,12.0,28.0,4.0,16.717787,16.801302,15.570134,15.489013,16.45105,16.35481,16.234585,16.157803,15.613251,15.492452,15.686531,15.807975,17.59902,17.422405,16.675722,16.53704,15.321476,15.267409,0.0,0.0,0.0,0.0,4.0,0.0,0.0,0.0
52010,2023.0,12.0,28.0,4.0,16.682274,16.764774,15.539897,15.458717,16.413282,16.317034,16.196468,16.119354,15.584633,15.463779,15.462218,15.322433,17.569544,17.393063,16.64005,16.501392,15.061091,14.858262,0.0,0.0,0.0,0.0,0.0,0.0,0.0,0.0
52011,2023.0,12.0,28.0,4.0,16.648266,16.730772,15.510597,15.429476,16.37668,16.280792,16.159653,16.082603,15.557211,15.436769,15.394027,15.261387,17.540905,17.365025,16.605639,16.467592,15.001915,14.814225,0.0,0.0,0.0,0.0,0.0,0.0,0.0,0.0
52012,2023.0,12.0,28.0,4.0,16.612104,16.695053,15.480035,15.400097,16.338531,16.244099,16.121117,16.045341,15.528188,15.408721,15.357192,15.225905,17.510525,17.335773,16.569178,16.432264,15.04769,14.959399,0.0,0.0,0.0,0.0,0.0,0.0,0.0,0.0
52013,2023.0,12.0,28.0,4.0,16.580292,16.663591,15.453341,15.374582,16.30519,16.212183,16.087318,16.012865,15.503033,15.384381,15.327028,15.19671,17.483494,17.309748,16.537046,16.401117,15.024917,14.928209,0.0,0.0,0.0,0.0,0.0,0.0,0.0,0.0
52014,2023.0,12.0,28.0,5.0,16.548426,16.632076,15.426454,15.348881,16.271791,16.180153,16.053415,15.980248,15.478074,15.360264,15.298461,15.169126,17.456406,17.283684,16.50507,16.370144,14.999384,14.903305,0.0,0.0,0.0,0.0,0.0,0.0,0.0,0.0
52015,2023.0,12.0,28.0,5.0,16.517157,16.601152,15.39997,15.323459,16.239094,16.148766,16.020203,15.948254,15.453739,15.336737,15.27138,15.142957,17.429848,17.258295,16.473803,16.33993,15.002357,14.93217,0.0,0.0,0.0,0.0,0.0,0.0,0.0,0.0
52016,2023.0,12.0,28.0,5.0,16.483408,16.567772,15.371196,15.295735,16.203873,16.114813,15.984434,15.913661,15.427459,15.311339,15.242409,15.115012,17.401226,17.230911,16.440226,16.307476,15.002797,14.946988,0.0,0.0,0.0,0.0,0.0,0.0,0.0,0.0
52017,2023.0,12.0,28.0,5.0,17.194426,17.929665,15.345534,15.273678,16.172192,16.087128,15.952296,15.885458,15.40322,15.28941,15.216261,15.091713,17.374512,17.206928,16.40883,16.278685,15.002721,14.958149,0.0,0.0,0.0,0.0,0.0,0.0,0.0,0.0
52018,2023.0,12.0,28.0,5.0,16.78952,16.946821,15.317855,15.246759,16.138544,16.054409,15.918187,15.85216,15.379177,15.26601,15.189149,15.065309,17.346952,17.180391,16.376614,16.247318,15.003362,14.970406,0.0,0.0,0.0,0.0,0.0,0.0,0.0,0.0
52019,2023.0,12.0,28.0,5.0,16.347588,16.255695,15.289483,15.218124,16.10425,16.019894,15.883475,15.817094,15.354989,15.241855,15.162005,15.038046,17.318964,17.1527,16.344246,16.215054,15.003355,14.9799595,0.0,0.0,0.0,0.0,0.0,0.0,0.0,0.0
52020,2023.0,12.0,28.0,6.0,16.216484,16.117327,15.752169,16.107307,16.818018,17.389027,15.852684,15.788894,15.332647,15.221219,15.13792,15.015956,17.293272,17.129183,16.314716,16.187645,15.647936,16.19907,4.0,4.0,0.0,0.0,0.0,0.0,0.0,4.0
52021,2023.0,12.0,28.0,6.0,21.290407,25.018421,20.018385,23.358494,21.063202,24.575747,20.999039,24.773687,15.310188,15.197835,15.114545,14.991581,21.12409,23.635529,21.575329,25.05651,20.20907,23.997606,0.0,0.0,0.0,0.0,0.0,0.0,0.0,0.0
52022,2023.0,12.0,28.0,6.0,20.950905,23.856909,17.768028,18.369427,21.025358,23.949585,20.989048,24.149988,15.288963,15.175751,15.095185,14.971464,21.682749,24.361715,22.188673,25.692337,17.109467,17.289562,0.0,0.0,0.0,0.0,0.0,0.0,0.0,0.0
52023,2023.0,12.0,28.0,6.0,21.095161,23.802605,16.2175,16.223879,21.105286,23.734684,21.098406,23.966963,15.271058,15.157401,15.077244,14.952901,20.969542,22.774628,22.022648,24.786884,16.368486,16.78585,0.0,0.0,0.0,0.0,0.0,0.0,0.0,4.0
52024,2023.0,12.0,28.0,6.0,21.074396,23.534945,15.910582,15.845972,21.075518,23.453243,21.082363,23.667418,15.255847,15.141888,15.059244,14.934467,21.071098,22.812849,20.889254,22.64172,20.29924,23.60084,0.0,0.0,0.0,0.0,0.0,0.0,0.0,0.0
52025,2023.0,12.0,28.0,6.0,21.075378,23.376862,15.755511,15.67468,21.076965,23.296076,21.081648,23.477846,15.241374,15.126967,15.040147,14.914745,21.05787,22.663088,21.097109,22.981218,17.415464,17.497398,0.0,0.0,0.0,0.0,0.0,0.0,0.0,0.0
52026,2023.0,12.0,28.0,7.0,21.068428,23.24891,15.638581,15.546689,21.070625,23.16625,21.074907,23.328564,15.226481,15.111118,15.019019,14.891847,21.05441,22.564339,21.0609,22.844107,16.194801,16.08295,0.0,0.0,0.0,0.0,0.0,0.0,0.0,0.0
52027,2023.0,12.0,28.0,7.0,21.152824,23.316599,15.547554,15.453243,21.155273,23.23173,21.166443,23.394075,15.213286,15.098895,14.999468,14.872842,21.119083,22.613134,21.140257,22.937862,15.943113,15.81353,0.0,0.0,0.0,0.0,0.0,0.0,0.0,0.0
52028,2023.0,12.0,28.0,7.0,21.057259,23.063824,15.985359,16.34151,21.058685,22.974283,21.062372,23.11446,15.201016,15.08788,15.002508,14.894112,21.017366,22.340796,21.054462,22.720554,15.791656,15.67184,4.0,0.0,0.0,0.0,0.0,4.0,0.0,0.0
52029,2023.0,12.0,28.0,7.0,21.821135,24.14735,20.166084,23.484165,21.848185,24.090414,21.769178,24.09707,15.188743,15.07689,15.002016,14.903201,21.444714,22.955652,21.841164,24.024374,15.667818,15.55704,0.0,0.0,0.0,0.0,0.0,4.0,0.0,0.0
52030,2023.0,12.0,28.0,7.0,21.028078,22.843409,17.791033,18.30464,21.017715,22.715836,21.042652,22.904747,15.178248,15.067228,15.001207,14.907161,21.02341,22.196554,20.908194,22.20232,15.564529,15.458801,0.0,0.0,0.0,0.0,0.0,4.0,0.0,0.0
52031,2023.0,12.0,28.0,7.0,21.071909,22.91833,16.274403,16.23988,21.049688,22.748222,21.076422,22.95291,15.167455,15.0572,15.001954,14.913305,21.07103,22.288355,21.092659,22.591276,15.476703,15.374623,0.0,4.0,0.0,0.0,0.0,0.0,0.0,0.0
52032,2023.0,12.0,28.0,8.0,21.13281,23.019491,15.968552,15.866467,21.135704,22.93216,21.14465,23.062735,15.156255,15.0467615,15.002827,14.9215765,21.075314,22.238968,21.122957,22.654398,15.40027,15.297982,0.0,0.0,0.0,0.0,0.0,4.0,0.0,0.0
52033,2023.0,12.0,28.0,8.0,19.459898,19.771505,15.83464,15.74974,19.452002,19.653833,19.32916,19.53598,15.145219,15.036871,15.002036,14.925311,20.10398,20.357964,19.499573,19.515604,16.243567,16.941116,0.0,0.0,0.0,0.0,0.0,4.0,0.0,4.0
52034,2023.0,12.0,28.0,8.0,18.505375,18.57713,16.1804,16.496384,19.068117,19.529903,18.251965,18.172146,15.130781,15.022821,15.002753,14.933455,19.70711,19.92041,18.634623,18.470726,20.359644,23.863869,4.0,4.0,0.0,0.0,0.0,4.0,0.0,0.0
52035,2023.0,12.0,28.0,8.0,18.134195,18.167597,20.206625,23.422928,18.14436,17.85998,17.848843,17.727459,15.114163,15.006422,15.003235,14.940657,18.924273,18.572063,18.287935,18.111897,17.341501,17.439438,0.0,0.0,0.0,0.0,0.0,0.0,0.0,0.0
52036,2023.0,12.0,28.0,8.0,18.621653,19.296207,17.937693,18.502533,18.191303,18.338161,17.579796,17.455063,15.097593,14.990052,15.308996,15.510362,19.183273,19.399511,18.041998,17.870422,15.98564,15.764337,0.0,4.0,0.0,0.0,4.0,4.0,0.0,0.0
52037,2023.0,12.0,28.0,8.0,18.708796,19.424553,16.767231,16.707905,17.605122,17.289011,17.40191,17.274082,15.082726,14.975166,20.189547,23.763792,19.24405,19.490734,17.872974,17.704803,15.862012,15.735225,0.0,0.0,0.0,0.0,4.0,4.0,0.0,0.0
52038,2023.0,12.0,28.0,9.0,17.792255,17.72984,16.410213,16.311287,17.849892,18.027563,17.92941,18.424948,15.066266,14.958863,20.009298,22.915297,18.468185,18.08365,17.700422,17.539492,15.751241,15.642319,0.0,4.0,4.0,0.0,0.0,0.0,0.0,0.0
52039,2023.0,12.0,28.0,9.0,17.99417,18.425758,16.654907,16.945848,17.33231,17.029772,17.491943,17.519793,15.764535,16.282204,17.681335,18.038946,18.087332,17.661842,17.548414,17.394249,15.63148,15.5281315,4.0,0.0,0.0,4.0,0.0,0.0,0.0,0.0
52040,2023.0,12.0,28.0,9.0,17.40714,17.311123,20.29729,23.307648,17.011166,16.609407,16.947056,16.624836,20.301754,24.030014,16.667656,16.504988,17.939047,17.512188,18.489752,19.27583,15.5430765,15.440854,0.0,0.0,0.0,0.0,0.0,0.0,4.0,0.0
52041,2023.0,12.0,28.0,9.0,17.027702,16.84856,18.098425,18.598372,16.833488,16.438055,17.331211,17.552614,17.289146,17.494333,16.352217,16.186604,18.007814,17.79189,17.655678,17.41093,15.450402,15.34844,0.0,0.0,4.0,0.0,0.0,0.0,0.0,0.0
52042,2023.0,12.0,28.0,9.0,16.892601,16.703747,16.99374,16.905449,17.639961,18.088875,16.854,16.63932,16.16243,15.84569,16.566236,16.738356,17.992367,17.813465,17.254076,16.902779,15.378422,15.274705,0.0,4.0,0.0,0.0,4.0,0.0,0.0,0.0
52043,2023.0,12.0,28.0,9.0,16.98332,16.99353,16.69461,16.570278,17.269566,17.302862,16.541891,16.198702,16.818108,17.32162,20.215553,23.090815,17.920614,17.740576,17.092312,16.74669,15.312994,15.209821,0.0,0.0,0.0,4.0,0.0,0.0,0.0,0.0
52044,2023.0,12.0,28.0,10.0,17.734377,18.446478,16.470146,16.345423,16.70207,16.386562,16.562943,16.404762,20.325893,23.314058,18.036339,18.417969,17.842693,17.663387,17.115347,16.943672,15.245375,15.143118,0.0,0.0,0.0,0.0,0.0,0.0,0.0,0.0
52045,2023.0,12.0,28.0,10.0,17.76868,18.28605,16.749838,17.01981,16.466133,16.10228,17.25767,17.762081,17.674305,17.749094,16.658148,16.539707,17.77239,17.594946,17.0823,16.937859,15.184731,15.083591,4.0,0.0,4.0,0.0,0.0,0.0,0.0,0.0
52046,2023.0,12.0,28.0,10.0,17.727655,18.222471,20.294458,23.211454,17.281908,17.739485,17.462584,18.036957,16.654999,16.2933,16.370592,16.198236,18.461245,18.945541,17.010939,16.86725,16.043894,16.73764,0.0,4.0,4.0,0.0,0.0,4.0,0.0,4.0
52047,2023.0,12.0,28.0,10.0,17.085169,17.030783,18.159195,18.641657,16.827848,16.66402,17.275745,17.620302,16.474726,16.28619,16.187136,16.024563,17.825481,17.519997,16.93457,16.793018,20.19925,23.682915,0.0,0.0,4.0,0.0,0.0,0.0,0.0,0.0
52048,2023.0,12.0,28.0,10.0,16.727049,16.575571,16.806782,16.774734,16.391127,16.068523,16.6056,16.420671,16.327824,16.17168,16.037607,15.881793,17.45925,17.077232,16.864391,16.724703,17.288282,17.446447,0.0,0.0,0.0,0.0,0.0,0.0,0.0,0.0
52049,2023.0,12.0,28.0,10.0,17.352224,17.843248,16.507608,16.388912,16.262272,15.9183855,16.29243,15.969968,16.191366,16.040232,15.930398,15.775853,18.159256,18.482996,16.807705,16.668236,16.22492,15.926405,0.0,0.0,0.0,0.0,0.0,4.0,0.0,0.0
52050,2023.0,12.0,28.0,11.0,16.838558,16.791998,16.3549,16.233477,16.372023,16.221745,16.164383,15.836952,16.070835,15.926842,15.835344,15.686462,17.5749,17.246906,16.755507,16.617704,16.092903,15.939854,0.0,0.0,0.0,0.0,0.0,0.0,0.0,0.0
52051,2023.0,12.0,28.0,11.0,17.321367,17.814579,16.231386,16.114902,16.381039,16.269968,16.253971,16.115005,15.969714,15.83302,15.753088,15.6102705,17.363438,16.982006,17.727161,18.489819,15.9578085,15.82894,0.0,0.0,0.0,0.0,0.0,0.0,4.0,0.0
52052,2023.0,12.0,28.0,11.0,17.460258,17.990524,16.591053,16.883219,17.069674,17.599543,16.254574,16.157438,15.880492,15.749887,15.678712,15.541032,17.291605,16.916817,16.892843,16.687626,15.829327,15.706886,4.0,4.0,0.0,0.0,0.0,0.0,0.0,0.0
52053,2023.0,12.0,28.0,11.0,16.840889,16.814156,20.226538,23.19457,16.67187,16.7257,16.208809,16.118267,16.574339,17.130575,16.021862,16.248442,18.235424,18.785086,17.637508,18.258305,15.721073,15.604775,0.0,0.0,0.0,4.0,4.0,4.0,4.0,0.0
52054,2023.0,12.0,28.0,11.0,16.508457,16.3895,18.05983,18.52505,16.181536,15.931719,16.157078,16.071669,20.889538,24.341875,20.205858,23.40525,18.370817,18.736078,17.004429,16.795553,15.613425,15.503219,0.0,0.0,0.0,0.0,0.0,4.0,0.0,0.0
52055,2023.0,12.0,28.0,11.0,17.134691,17.64996,16.70121,16.678461,16.008772,15.718324,16.82959,17.377716,18.569828,19.17385,17.914986,18.392603,17.636532,17.350273,16.605553,16.32287,15.519767,15.414594,0.0,0.0,4.0,4.0,0.0,0.0,0.0,0.0
52056,2023.0,12.0,28.0,12.0,16.672064,16.672363,16.893183,17.191187,16.837868,17.346897,16.43035,16.495836,20.351608,22.531101,16.798676,16.66028,17.391153,17.027094,16.500128,16.214344,15.451902,15.34998,4.0,4.0,0.0,4.0,0.0,0.0,0.0,0.0
52057,2023.0,12.0,28.0,12.0,21.240955,24.782663,20.284266,23.10422,21.216702,24.75616,20.940897,24.465893,20.031385,21.892551,16.475906,16.305958,21.28938,23.799175,21.548525,24.930449,16.426094,17.261683,0.0,0.0,0.0,4.0,0.0,0.0,0.0,4.0
52058,2023.0,12.0,28.0,12.0,20.989363,23.784464,18.482607,19.191519,21.034428,23.87697,21.03077,24.048832,20.088577,21.912218,16.670527,16.848951,21.939495,24.68405,22.52314,26.15178,20.36085,23.858555,4.0,0.0,0.0,0.0,4.0,0.0,0.0,0.0
52059,2023.0,12.0,28.0,12.0,21.1504,23.779018,20.291365,22.76881,21.147139,23.753117,21.14283,23.900248,18.099667,17.984974,20.31543,23.191628,21.072851,22.843018,21.011187,23.100868,17.343496,17.439863,4.0,0.0,4.0,0.0,0.0,4.0,0.0,0.0
52060,2023.0,12.0,28.0,12.0,21.076736,23.448511,20.030895,22.01997,21.050817,23.3357,21.061314,23.503143,17.056862,16.6921,18.112698,18.469698,21.08907,22.728956,21.096943,23.112223,15.98672,15.736932,4.0,4.0,4.0,0.0,0.0,0.0,0.0,0.0
52061,2023.0,12.0,28.0,12.0,21.086405,23.295132,20.072342,21.94323,21.080076,23.270012,21.075836,23.340593,17.704897,18.23714,16.805895,16.686655,21.037142,22.48366,21.063694,22.92821,15.854113,15.730372,4.0,0.0,4.0,4.0,0.0,4.0,0.0,0.0
52062,2023.0,12.0,28.0,13.0,21.082785,23.164183,20.082369,21.866058,21.088472,23.14578,21.095348,23.262598,20.29375,22.641476,16.503443,16.344725,21.042288,22.40786,21.066124,22.842388,15.773839,15.664015,0.0,0.0,0.0,0.0,0.0,4.0,0.0,0.0
52063,2023.0,12.0,28.0,13.0,21.04088,22.997988,18.546806,18.818136,21.06111,22.96808,21.088758,23.14363,18.056158,18.018063,16.336437,16.180845,21.06937,22.414728,21.064451,22.76887,15.677508,15.572688,4.0,4.0,0.0,0.0,0.0,0.0,0.0,0.0
52064,2023.0,12.0,28.0,13.0,21.165419,23.191542,20.240046,22.31422,21.16054,23.093042,21.155163,23.176485,16.920578,16.583506,16.207748,16.055626,21.127493,22.471462,21.192448,22.96975,15.596491,15.496438,0.0,4.0,4.0,0.0,0.0,0.0,0.0,0.0
52065,2023.0,12.0,28.0,13.0,21.077738,22.95415,18.5805,18.891068,21.062193,22.837835,21.06668,22.9397,17.570105,18.096828,16.100718,15.956964,21.06233,22.291092,21.061993,22.661299,15.528264,15.432556,4.0,4.0,4.0,4.0,0.0,0.0,0.0,0.0
52066,2023.0,12.0,28.0,13.0,21.161077,23.07235,20.240944,22.350405,21.166414,23.021027,21.162313,23.087955,20.316063,22.753124,16.005804,15.8657465,21.132917,22.419594,21.195309,22.892681,15.470119,15.378495,0.0,0.0,4.0,0.0,0.0,0.0,0.0,0.0
52067,2023.0,12.0,28.0,13.0,21.035889,22.78904,18.269508,18.329245,21.079298,22.801945,21.064072,22.853912,18.031462,18.004848,15.925164,15.792184,21.049318,22.235737,21.06037,22.589924,15.419935,15.332004,0.0,0.0,4.0,0.0,0.0,0.0,0.0,0.0
52068,2023.0,12.0,28.0,14.0,21.069677,22.867474,17.290852,17.183817,21.05258,22.694004,21.062618,22.82257,17.669838,18.035498,15.851302,15.721185,21.048435,22.220568,21.059704,22.564898,15.375258,15.289851,0.0,4.0,4.0,4.0,0.0,0.0,0.0,0.0
52069,2023.0,12.0,28.0,14.0,19.733572,20.23524,17.492146,17.775806,19.201887,19.152073,19.572357,19.94223,20.360867,22.61235,15.788129,15.664389,19.775253,19.757954,19.485134,19.513988,15.337873,15.256787,4.0,0.0,4.0,4.0,0.0,0.0,0.0,0.0
52070,2023.0,12.0,28.0,14.0,19.121168,19.554928,20.28717,22.722168,18.745895,18.937004,18.833569,19.095833,20.04452,21.867418,15.725682,15.603363,19.87195,20.36586,18.648949,18.496048,15.300245,15.221076,0.0,4.0,4.0,0.0,0.0,4.0,0.0,0.0
52071,2023.0,12.0,28.0,14.0,18.934101,19.386435,18.417702,18.809195,18.66131,18.90291,17.974812,17.714487,18.133541,18.044802,15.6725,15.55363,19.032732,18.720201,18.316751,18.14858,15.261529,15.180995,0.0,4.0,0.0,0.0,0.0,0.0,0.0,0.0
52072,2023.0,12.0,28.0,14.0,18.155144,18.031,17.925829,18.226482,18.544168,18.792994,18.218563,18.436096,17.369036,17.004295,15.63165,15.514424,18.621435,18.191153,19.168676,19.929901,15.227884,15.146471,4.0,4.0,4.0,0.0,0.0,0.0,4.0,0.0
52073,2023.0,12.0,28.0,14.0,18.485992,18.890461,20.21782,22.420275,17.814705,17.537113,17.608553,17.364084,17.254509,17.057688,15.591515,15.4763775,18.43462,18.0122,18.202452,17.976349,15.195338,15.114049,4.0,0.0,0.0,0.0,0.0,0.0,0.0,0.0
52074,2023.0,12.0,28.0,15.0,17.884268,17.753016,20.051432,21.887245,17.363827,16.997753,17.161478,16.828382,17.09702,16.931297,15.5480175,15.434659,18.45641,18.240236,17.634817,17.304846,15.159389,15.077729,0.0,0.0,0.0,0.0,0.0,0.0,0.0,0.0
52075,2023.0,12.0,28.0,15.0,17.499582,17.323177,18.222166,18.248993,17.151445,16.790401,16.951723,16.624374,16.919748,16.766533,15.509264,15.398985,18.40061,18.215908,17.426052,17.098488,15.1246,15.04304,0.0,0.0,0.0,0.0,0.0,0.0,0.0,0.0
52076,2023.0,12.0,28.0,15.0,17.337536,17.157887,17.770899,17.769245,17.193878,17.022078,17.71216,18.2017,16.785667,16.635098,15.4748955,15.362355,18.312078,18.133265,17.445183,17.275717,15.093325,15.010748,4.0,0.0,4.0,0.0,0.0,0.0,0.0,0.0
52077,2023.0,12.0,28.0,15.0,17.392834,17.406258,20.238451,22.314556,17.842693,18.322218,17.297176,17.344418,16.664457,16.520239,15.440768,15.327651,18.224571,18.051079,17.387905,17.243801,15.063272,14.980509,0.0,4.0,0.0,0.0,0.0,0.0,0.0,0.0
52078,2023.0,12.0,28.0,15.0,17.34728,17.388544,18.321047,18.38514,17.483519,17.52588,17.401838,17.716734,16.541092,16.404074,15.404795,15.292442,18.91952,19.452915,17.292204,17.154636,15.030807,14.94785,0.0,0.0,4.0,0.0,0.0,4.0,0.0,0.0
52079,2023.0,12.0,28.0,15.0,17.264835,17.308514,18.062061,18.30276,17.64433,17.922424,16.8694,16.701815,17.197002,17.725817,15.37458,15.261544,18.164116,17.87703,17.21087,17.07583,15.001935,14.918139,4.0,4.0,0.0,4.0,0.0,0.0,0.0,0.0
52080,2023.0,12.0,28.0,16.0,17.946337,18.662226,20.237991,22.232267,17.064243,16.837738,17.242603,17.535791,20.300684,23.067976,15.343462,15.229906,17.858934,17.475988,18.205246,19.02585,15.002855,14.942355,4.0,0.0,4.0,0.0,0.0,0.0,4.0,0.0
52081,2023.0,12.0,28.0,16.0,18.198784,18.952478,20.03277,21.669666,17.37001,17.626007,17.399342,17.742077,17.8715,17.91279,15.310005,15.195229,18.50309,18.808073,18.35772,18.969217,15.003189,14.960201,4.0,4.0,4.0,0.0,0.0,4.0,4.0,0.0
52082,2023.0,12.0,28.0,16.0,18.000546,18.52544,20.06345,21.631542,16.90456,16.662813,16.769972,16.58379,16.67267,16.374846,15.278535,15.162581,17.984678,17.657713,17.380352,17.130331,15.00331,14.974162,4.0,0.0,0.0,0.0,0.0,0.0,0.0,0.0
52083,2023.0,12.0,28.0,16.0,17.262808,17.198755,20.058296,21.553024,17.270498,17.554382,16.39857,16.106878,16.549719,16.39005,15.248825,15.131529,17.668068,17.29146,16.96009,16.654963,15.003684,14.986847,4.0,4.0,0.0,0.0,0.0,0.0,0.0,0.0
52084,2023.0,12.0,28.0,16.0,16.897871,16.740068,20.058346,21.503483,17.442703,17.76949,16.24936,15.948783,16.463387,16.322702,15.221117,15.102903,18.35285,18.685251,16.812382,16.50622,15.004034,14.997903,4.0,4.0,0.0,0.0,0.0,4.0,0.0,0.0
52085,2023.0,12.0,28.0,16.0,17.493921,17.979052,20.057693,21.464573,16.816477,16.596972,16.320904,16.197943,16.352167,16.21623,15.194419,15.07496,17.817312,17.48114,16.703407,16.399765,15.841579,16.580318,4.0,0.0,0.0,0.0,0.0,0.0,0.0,4.0
52086,2023.0,12.0,28.0,17.0,17.692625,18.203287,20.057392,21.434505,17.142822,17.40788,17.04095,17.57696,16.252748,16.121284,15.169529,15.0494795,18.296513,18.610653,17.855322,18.6768,20.140755,23.754082,4.0,4.0,4.0,0.0,0.0,4.0,4.0,0.0
52087,2023.0,12.0,28.0,17.0,17.076303,17.037422,20.074532,21.459213,17.331577,17.655853,16.695015,16.734825,16.163963,16.035345,15.145786,15.025174,18.512276,18.828602,18.083574,18.703293,17.178802,17.378141,0.0,4.0,0.0,0.0,0.0,4.0,4.0,0.0
52088,2023.0,12.0,28.0,17.0,16.725393,16.583767,18.79696,18.971403,17.343563,17.66725,16.18918,15.938381,16.085508,15.960299,15.123777,15.003331,18.544811,18.856344,17.13945,16.908438,16.583593,17.135178,4.0,4.0,0.0,0.0,0.0,4.0,0.0,4.0
52089,2023.0,12.0,28.0,17.0,16.608025,16.450508,20.21734,21.749336,16.7275,16.520256,16.713259,17.01155,16.020248,15.891581,15.488249,15.701206,17.844202,17.519285,16.81228,16.49558,20.355978,23.719936,4.0,0.0,4.0,0.0,4.0,0.0,0.0,0.0
52090,2023.0,12.0,28.0,17.0,16.698912,16.725847,20.148415,21.576597,17.042242,17.306112,16.937119,17.281694,16.667051,17.164207,20.268984,23.537548,18.293959,18.601912,16.667494,16.354351,17.400347,17.497038,4.0,4.0,4.0,4.0,0.0,4.0,0.0,0.0
52091,2023.0,12.0,28.0,17.0,16.726559,16.792248,20.05713,21.360535,17.233583,17.555447,16.96351,17.303904,20.366226,23.454323,17.727947,18.208612,17.768618,17.440681,16.556087,16.2465,16.916155,17.453058,4.0,4.0,4.0,0.0,0.0,0.0,0.0,4.0
52092,2023.0,12.0,28.0,18.0,16.678738,16.738998,20.054258,21.331953,17.246231,17.567318,16.9823,17.319761,17.698244,17.763212,16.170668,16.061089,18.22297,18.529778,16.61628,16.46287,20.359667,23.456663,4.0,4.0,4.0,0.0,0.0,4.0,0.0,0.0
52093,2023.0,12.0,28.0,18.0,21.343174,24.990068,20.072052,21.36489,21.33175,24.695866,21.179764,24.560165,16.416437,16.112078,15.884926,15.746319,21.182856,23.585152,21.90456,25.364246,17.531845,17.5697,0.0,4.0,0.0,0.0,0.0,0.0,0.0,0.0
52094,2023.0,12.0,28.0,18.0,20.998892,23.805922,18.845581,18.980844,21.019318,23.625465,21.011032,23.742615,17.100262,17.653269,16.149353,16.360588,21.018631,22.92426,20.983711,23.429667,16.197691,15.901041,4.0,4.0,4.0,4.0,4.0,4.0,0.0,0.0
52095,2023.0,12.0,28.0,18.0,21.078327,23.61038,20.223055,21.836735,21.080147,23.443493,21.15122,23.70635,21.304026,24.714764,20.446415,23.582928,21.081411,22.839375,21.189913,23.563269,16.022272,15.876439,4.0,4.0,4.0,0.0,4.0,0.0,0.0,0.0
52096,2023.0,12.0,28.0,18.0,21.065142,23.350225,20.048426,21.408747,21.069572,23.217552,21.096674,23.40024,18.345066,18.407,20.035633,22.485327,21.041334,22.573421,21.06773,23.123129,15.9015045,15.773389,0.0,4.0,0.0,0.0,0.0,4.0,0.0,0.0
52097,2023.0,12.0,28.0,18.0,21.0641,23.184267,18.480558,18.351774,21.068213,23.069098,21.09097,23.231749,16.798815,16.454573,17.976675,18.198622,21.073517,22.539574,21.069191,22.986374,15.765639,15.645245,0.0,4.0,0.0,0.0,4.0,0.0,0.0,0.0
52098,2023.0,12.0,28.0,19.0,21.06191,23.061968,17.770731,17.604362,21.066116,22.957937,21.065624,23.045748,16.656317,16.482124,20.424923,22.803055,21.066439,22.432001,21.067013,22.878725,15.6505785,15.53607,0.0,4.0,4.0,0.0,0.0,0.0,0.0,0.0
52099,2023.0,12.0,28.0,19.0,21.060358,22.970936,17.999975,18.225357,21.064457,22.873472,21.068441,22.967915,17.34974,17.898914,18.28913,18.502275,21.03632,22.282513,21.065985,22.798485,15.552979,15.443614,4.0,4.0,4.0,4.0,4.0,4.0,0.0,0.0
52100,2023.0,12.0,28.0,19.0,21.16395,23.128347,20.366455,22.498652,21.1652,23.030125,21.16505,23.116436,21.41062,24.851711,20.411467,22.604458,21.143816,22.450861,21.246351,23.072882,15.4689,15.363472,4.0,0.0,0.0,4.0,0.0,4.0,4.0,0.0
52101,2023.0,12.0,28.0,19.0,21.051758,22.820341,20.047768,21.647923,21.08098,22.8023,21.06024,22.829697,19.900024,21.638529,18.3718,18.571722,21.06818,22.278631,21.084341,22.70482,15.393592,15.287756,0.0,0.0,4.0,0.0,0.0,0.0,0.0,0.0
52102,2023.0,12.0,28.0,19.0,21.056345,22.784094,18.34732,18.252947,21.08063,22.75422,21.065054,22.798754,17.955267,17.781923,17.200212,17.04701,21.0627,22.230373,21.074144,22.630756,16.29362,17.044737,0.0,0.0,4.0,0.0,0.0,0.0,0.0,4.0
52103,2023.0,12.0,28.0,19.0,21.081295,22.817024,18.029976,18.24618,21.063154,22.712994,21.088064,22.83087,16.979065,16.59337,16.852814,16.670858,21.032915,22.121332,21.074179,22.586138,20.400953,23.907047,4.0,0.0,0.0,0.0,0.0,4.0,0.0,4.0
52104,2023.0,12.0,28.0,20.0,21.075073,22.768867,20.22063,22.186218,21.040144,22.63653,21.08206,22.783478,16.870586,16.680529,16.61663,16.429838,21.066996,22.189886,21.059923,22.54784,20.04748,22.76474,4.0,4.0,0.0,0.0,0.0,0.0,0.0,0.0
52105,2023.0,12.0,28.0,20.0,21.048738,22.665623,20.033035,21.600203,21.069054,22.706888,21.081621,22.750265,17.565058,18.111223,16.428553,16.24763,21.060999,22.154272,21.0611,22.537533,17.419197,17.375439,4.0,0.0,0.0,4.0,0.0,0.0,0.0,0.0
52106,2023.0,12.0,28.0,20.0,21.05339,22.653996,20.059729,21.524294,21.07952,22.681454,21.064335,22.72135,20.317654,22.773506,16.273863,16.099735,21.061031,22.132761,21.060535,22.523432,16.217606,15.9073925,4.0,0.0,0.0,0.0,0.0,0.0,0.0,0.0
52107,2023.0,12.0,28.0,20.0,21.051937,22.63392,20.055475,21.430988,21.052603,22.572607,21.066307,22.723667,18.500528,18.86442,16.560713,16.762127,21.046349,22.112581,21.06001,22.509594,17.106161,17.881521,4.0,4.0,0.0,4.0,4.0,0.0,0.0,4.0
52108,2023.0,12.0,28.0,20.0,21.078165,22.688765,20.055353,21.370968,21.05717,22.558298,21.065577,22.716412,21.857182,24.895187,20.45232,23.271843,21.0477,22.117004,21.059593,22.49598,21.2333,24.79818,4.0,4.0,0.0,0.0,0.0,0.0,0.0,0.0
52109,2023.0,12.0,28.0,20.0,21.071524,22.650724,20.071304,21.37048,21.056124,22.537777,21.064554,22.703924,18.964294,18.969072,18.07945,18.390081,21.047396,22.114428,21.05928,22.48279,18.065409,18.119612,0.0,4.0,0.0,0.0,0.0,0.0,0.0,0.0
52110,2023.0,12.0,28.0,21.0,21.045376,22.555935,18.836763,18.94635,21.08067,22.589548,21.064354,22.692127,18.070713,18.295986,17.122316,17.292477,21.047197,22.10975,21.05906,22.470097,16.490128,16.164595,4.0,0.0,0.0,4.0,4.0,0.0,0.0,0.0
52111,2023.0,12.0,28.0,21.0,21.188469,22.829035,20.307013,21.991474,21.164328,22.735447,21.170212,22.89333,21.692097,24.330406,20.44203,22.974213,21.139345,22.288498,21.29199,22.897738,16.30385,16.146955,0.0,0.0,0.0,0.0,0.0,0.0,4.0,0.0
52112,2023.0,12.0,28.0,21.0,21.048603,22.534695,18.837585,18.979965,21.074648,22.532875,21.063265,22.665695,18.34761,18.164131,18.2374,18.501722,21.046507,22.094036,21.078745,22.462769,16.175175,16.036812,4.0,0.0,0.0,0.0,0.0,0.0,0.0,0.0
52113,2023.0,12.0,28.0,21.0,21.075514,22.5987,20.224907,21.859493,21.057795,22.514584,21.03883,22.588112,17.49114,17.295128,16.994461,16.83876,21.016804,22.010656,21.069149,22.417688,17.04974,17.83335,4.0,0.0,4.0,0.0,0.0,4.0,0.0,4.0
52114,2023.0,12.0,28.0,21.0,21.043276,22.499792,20.046839,21.396845,21.05963,22.523912,21.043528,22.594244,17.268917,17.083597,16.668161,16.481556,21.051432,22.100414,21.069487,22.395002,20.355076,23.385197,0.0,0.0,4.0,0.0,0.0,0.0,0.0,0.0
52115,2023.0,12.0,28.0,21.0,21.048855,22.50295,18.46774,18.303183,21.059195,22.523983,21.084099,22.657322,17.073313,16.896244,16.479292,16.29916,21.060051,22.080761,21.055506,22.374163,17.562105,17.530245,0.0,0.0,0.0,0.0,0.0,0.0,0.0,0.0
52116,2023.0,12.0,28.0,22.0,21.07513,22.567867,18.243038,18.463573,21.0587,22.520874,21.050835,22.539248,16.904503,16.730656,16.326036,16.148344,21.027742,21.97041,21.056843,22.377686,16.282732,15.956531,4.0,0.0,4.0,0.0,0.0,4.0,0.0,0.0
52117,2023.0,12.0,28.0,22.0,21.042574,22.470478,20.204624,22.017817,21.058805,22.516848,21.082186,22.600327,17.407372,17.812965,16.524641,16.642235,21.033464,21.968616,21.056631,22.37537,16.162186,16.008923,0.0,0.0,0.0,4.0,4.0,4.0,0.0,0.0
52118,2023.0,12.0,28.0,22.0,21.074888,22.546268,18.659725,18.83343,21.033745,22.441946,21.076145,22.566227,21.547098,24.662731,20.457613,23.249374,21.06272,22.034948,21.056343,22.371075,16.888514,17.490175,0.0,4.0,0.0,0.0,0.0,0.0,0.0,4.0
52119,2023.0,12.0,28.0,22.0,21.067919,22.516087,18.163593,18.408955,21.063574,22.520584,21.05115,22.475763,19.017328,19.32693,18.364388,18.889097,21.027588,21.928534,21.016977,22.260641,20.367123,23.426258,4.0,0.0,4.0,0.0,4.0,4.0,4.0,0.0
52120,2023.0,12.0,28.0,22.0,21.04181,22.428772,20.2553,22.136604,21.074505,22.501253,21.08068,22.540379,17.483572,17.323814,20.32521,22.759922,21.032713,21.931267,21.077631,22.385702,18.146107,18.616352,4.0,0.0,0.0,0.0,0.0,4.0,0.0,4.0
52121,2023.0,12.0,28.0,22.0,21.046999,22.433342,20.045963,21.544033,21.072464,22.465832,21.049742,22.441463,17.14132,16.958637,18.24722,18.447964,21.032108,21.923628,21.02785,22.23572,20.426819,22.998587,0.0,0.0,4.0,0.0,0.0,4.0,4.0,4.0
52122,2023.0,12.0,28.0,23.0,21.073202,22.501638,18.692665,18.80857,21.055317,22.440107,21.054916,22.44007,16.949553,16.770643,17.075636,16.91585,21.062086,21.994715,21.075808,22.346931,20.050014,22.146023,4.0,0.0,4.0,0.0,0.0,0.0,0.0,0.0
52123,2023.0,12.0,28.0,23.0,19.447508,19.375261,17.558023,17.13658,19.66237,19.770758,19.30914,19.116776,17.402029,17.760147,17.07286,17.151615,19.643452,19.254908,19.37719,19.065712,18.468761,18.89443,0.0,0.0,0.0,4.0,4.0,0.0,0.0,4.0
52124,2023.0,12.0,28.0,23.0,18.709158,18.3538,17.178053,16.651117,18.95303,18.755976,18.475819,17.945122,16.933226,16.78612,16.76883,16.623331,19.09062,18.53419,19.695295,20.079584,17.999596,18.296545,0.0,0.0,0.0,0.0,0.0,0.0,4.0,4.0
52125,2023.0,12.0,28.0,23.0,18.676464,18.59815,17.2504,16.994707,19.32055,19.692251,18.131205,17.593584,16.70304,16.533787,16.849615,16.936638,19.12156,18.836077,18.783737,18.377869,17.15765,16.866856,0.0,4.0,0.0,0.0,4.0,0.0,0.0,0.0
52126,2023.0,12.0,28.0,23.0,18.547596,18.517632,17.211847,17.020966,18.720978,18.618708,18.1534,17.901981,16.597878,16.433943,16.850765,16.958357,19.03772,18.797829,18.341095,17.869347,16.703266,16.32054,0.0,0.0,0.0,0.0,4.0,0.0,0.0,0.0
52127,2023.0,12.0,28.0,23.0,18.38384,18.358725,17.106516,16.921078,18.0639,17.565645,18.050228,17.85218,16.498474,16.332605,16.790045,16.89761,18.908844,18.677456,18.10354,17.641289,17.201994,17.484713,0.0,0.0,0.0,0.0,4.0,0.0,0.0,4.0
52128,2023.0,12.0,29.0,0.0,18.239128,18.21935,17.007555,16.825724,17.77466,17.24411,17.900452,17.710375,16.412148,16.247171,16.242193,15.896539,18.790516,18.565922,18.12952,17.90082,16.541157,16.20796,0.0,0.0,0.0,0.0,0.0,0.0,0.0,0.0
52129,2023.0,12.0,29.0,0.0,18.10042,18.077106,16.908794,16.723495,17.873766,17.641535,17.753359,17.560013,16.329096,16.160429,15.92015,15.479382,18.673334,18.442919,18.04073,17.839912,16.215117,15.842095,0.0,0.0,0.0,0.0,0.0,0.0,0.0,0.0
52130,2023.0,12.0,29.0,0.0,17.98738,17.973492,17.286278,17.506763,18.490221,18.895443,17.631573,17.449,16.82314,17.150728,15.981356,15.755754,18.575764,18.349949,17.923601,17.733948,17.001947,17.505333,4.0,4.0,0.0,4.0,0.0,0.0,0.0,4.0
52131,2023.0,12.0,29.0,0.0,18.62112,19.262503,17.001484,16.94976,18.645813,19.136934,17.512705,17.333279,16.413937,16.274582,15.964453,15.782169,18.4822,18.256016,17.80818,17.622759,16.269455,15.97641,0.0,4.0,0.0,0.0,0.0,0.0,0.0,0.0
52132,2023.0,12.0,29.0,0.0,18.115152,18.230658,16.774242,16.613146,17.776371,17.482117,17.403389,17.226768,16.228176,16.059168,15.889554,15.708233,18.39667,18.170069,17.69762,17.509243,16.676771,16.97202,0.0,0.0,0.0,0.0,0.0,0.0,0.0,4.0
52133,2023.0,12.0,29.0,0.0,17.548231,17.264877,17.150919,17.3982,17.333103,16.835592,17.300365,17.124338,16.154482,15.98506,16.110872,16.186062,18.316614,18.088175,17.595495,17.405169,16.811172,17.135199,4.0,0.0,0.0,0.0,4.0,0.0,0.0,4.0
52134,2023.0,12.0,29.0,1.0,17.344202,17.035131,16.83276,16.769005,17.149958,16.645477,17.207966,17.035082,16.663784,16.99979,15.887714,15.738264,18.244213,18.015978,17.503593,17.313986,16.116608,15.832068,0.0,0.0,0.0,4.0,0.0,0.0,0.0,0.0
52135,2023.0,12.0,29.0,1.0,17.47252,17.423561,16.622366,16.46134,17.272707,17.032864,17.12233,16.952412,16.041515,15.692721,15.747601,15.567434,18.176676,17.948866,17.418097,17.229301,15.820505,15.474215,0.0,0.0,0.0,0.0,0.0,0.0,0.0,0.0
52136,2023.0,12.0,29.0,1.0,17.46043,17.451958,16.52481,16.351711,17.26037,17.069407,17.04115,16.873152,15.796222,15.41115,15.671824,15.488349,18.112473,17.884302,17.33729,17.148329,16.421038,16.736261,0.0,0.0,0.0,0.0,0.0,0.0,0.0,4.0
52137,2023.0,12.0,29.0,1.0,17.39667,17.391777,16.452297,16.280134,17.189484,17.003819,16.965631,16.800476,15.893881,15.704924,15.6070795,15.423729,18.052526,17.824684,17.26225,17.073952,15.8273535,15.511607,0.0,0.0,0.0,0.0,0.0,0.0,0.0,0.0
52138,2023.0,12.0,29.0,1.0,17.329168,17.322891,16.383757,16.2091,17.114672,16.928183,16.890469,16.723902,15.885204,15.712575,15.861195,15.952827,17.993052,17.762865,17.188524,16.997814,15.578466,15.228137,0.0,0.0,0.0,0.0,4.0,0.0,0.0,0.0
52139,2023.0,12.0,29.0,1.0,17.267984,17.26453,16.32521,16.15322,17.04716,16.864521,16.824059,16.661066,15.838877,15.666939,15.599852,15.411151,17.939507,17.710173,17.12224,16.932722,15.653435,15.494255,0.0,0.0,0.0,0.0,0.0,0.0,0.0,0.0
52140,2023.0,12.0,29.0,2.0,17.205523,17.200705,16.265455,16.090805,16.977722,16.793646,16.755926,16.591413,15.790403,15.616591,15.488683,15.299669,17.885725,17.654615,17.056562,16.865473,15.611872,15.458358,0.0,0.0,0.0,0.0,0.0,0.0,0.0,0.0
52141,2023.0,12.0,29.0,2.0,17.152308,17.152714,16.217329,16.048836,16.919903,16.74295,16.699268,16.541689,15.747465,15.57624,15.434977,15.2502,17.8386,17.610306,16.998602,16.81072,16.281792,16.774616,0.0,0.0,0.0,0.0,0.0,0.0,0.0,4.0
52142,2023.0,12.0,29.0,2.0,17.098232,17.100426,16.167463,16.000929,16.860844,16.68665,16.641457,16.48648,15.704247,15.533543,15.381419,15.19748,17.791473,17.56383,16.941305,16.754353,15.583072,15.297237,0.0,0.0,0.0,0.0,0.0,0.0,0.0,0.0
52143,2023.0,12.0,29.0,2.0,17.04463,17.04678,16.11795,15.951678,16.802467,16.629015,16.584444,16.430023,16.247158,16.59066,15.330325,15.145476,17.744886,17.516562,16.885017,16.697447,15.325519,14.989265,0.0,0.0,0.0,4.0,0.0,0.0,0.0,0.0
52144,2023.0,12.0,29.0,2.0,16.99427,16.99732,16.071241,15.906174,16.7475,16.575811,16.530546,16.377779,15.826593,15.671505,15.283164,15.098494,17.700857,17.4727,16.832022,16.644808,15.4053335,15.24979,0.0,0.0,0.0,0.0,0.0,0.0,0.0,0.0
52145,2023.0,12.0,29.0,2.0,16.943058,16.943933,16.022585,15.85509,16.690987,16.517393,16.47481,16.320173,15.682603,15.50775,15.235997,15.048972,17.656502,17.426657,16.779184,16.590412,15.375422,15.222528,0.0,0.0,0.0,0.0,0.0,0.0,0.0,0.0
52146,2023.0,12.0,29.0,3.0,16.896221,16.897757,15.978843,15.812467,16.63985,16.467863,16.424213,16.271172,15.629106,15.454709,15.1935425,15.006816,17.61538,17.385769,16.730112,16.541756,15.325623,15.172955,0.0,0.0,0.0,0.0,0.0,0.0,0.0,0.0
52147,2023.0,12.0,29.0,3.0,16.85423,16.86004,15.940809,15.780024,16.59485,16.428856,16.379623,16.232506,15.583655,15.412921,15.156299,14.973225,17.578289,17.351727,16.685467,16.500298,16.009798,16.50337,0.0,0.0,0.0,0.0,0.0,0.0,0.0,4.0
52148,2023.0,12.0,29.0,3.0,16.810589,16.817734,15.900454,15.741596,16.547857,16.384062,16.33314,16.188116,15.540499,15.370528,15.1182995,14.936239,17.5405,17.314976,16.640387,16.456285,15.495884,15.383777,0.0,0.0,0.0,0.0,0.0,0.0,0.0,0.0
52149,2023.0,12.0,29.0,3.0,16.779371,16.799091,15.860728,15.70334,16.501818,16.339678,16.28777,16.144217,16.08548,16.430967,15.081475,14.900113,17.503428,17.27865,16.596323,16.412958,15.160523,14.850015,0.0,0.0,0.0,4.0,0.0,0.0,0.0,0.0
52150,2023.0,12.0,29.0,3.0,16.747744,16.774866,15.822314,15.666663,16.457386,16.297209,16.243916,16.102179,15.668116,15.519081,15.343624,15.421773,17.467524,17.243776,16.553764,16.37145,15.038363,14.718532,0.0,0.0,0.0,0.0,4.0,0.0,0.0,0.0
52151,2023.0,12.0,29.0,3.0,16.71038,16.739223,15.785647,15.632341,16.414862,16.257406,16.201784,16.06268,15.529194,15.361221,15.137871,14.971266,17.433006,17.210896,16.512938,16.33236,15.89347,16.42445,0.0,0.0,0.0,0.0,0.0,0.0,0.0,4.0
52152,2023.0,12.0,29.0,4.0,16.670273,16.697886,15.747044,15.593055,16.370155,16.212208,16.157578,16.017853,15.475568,15.306599,15.030698,14.849797,17.397057,17.174475,16.470682,16.289507,15.955856,16.316856,0.0,0.0,0.0,0.0,0.0,0.0,0.0,4.0
52153,2023.0,12.0,29.0,4.0,16.634932,16.665747,15.713619,15.563497,16.331257,16.177559,16.11947,15.983649,15.431309,15.265627,14.998934,14.828117,17.365032,17.145283,16.43282,16.254576,15.250452,14.956073,0.0,0.0,0.0,0.0,0.0,0.0,0.0,0.0
52154,2023.0,12.0,29.0,4.0,16.594452,16.62631,16.175161,16.464006,16.28703,16.135246,16.076012,15.94186,15.384957,15.220351,15.004985,14.8675375,17.329123,17.11079,16.390343,16.213312,14.997059,14.728886,4.0,0.0,0.0,0.0,0.0,0.0,0.0,0.0
52155,2023.0,12.0,29.0,4.0,16.555496,16.589075,15.924292,15.869612,16.244663,16.095428,16.034145,15.902434,15.342936,15.180194,15.2366295,15.3206625,17.29468,17.078348,16.349611,16.17452,15.588832,15.896082,0.0,0.0,0.0,0.0,4.0,0.0,0.0,4.0
52156,2023.0,12.0,29.0,4.0,16.520554,16.555223,15.752166,15.615484,16.2071,16.059639,15.996954,15.866892,15.307613,15.145875,14.99577,14.866612,17.263931,17.048958,16.313437,16.139578,14.975196,14.751937,0.0,0.0,0.0,0.0,0.0,0.0,0.0,0.0
52157,2023.0,12.0,29.0,4.0,16.480583,16.514446,15.670125,15.5216875,16.163782,16.01569,15.954033,15.823249,15.2683935,15.106422,15.007605,14.935085,17.229292,17.01453,16.272886,16.099083,15.015142,14.899812,0.0,0.0,0.0,0.0,0.0,0.0,0.0,0.0
52158,2023.0,12.0,29.0,5.0,16.44561,16.483053,15.622939,15.481074,16.126827,15.9837265,15.917416,15.791475,15.234055,15.075393,15.002956,14.924233,17.198078,16.986517,16.23612,16.065529,15.718892,16.227737,0.0,0.0,0.0,0.0,0.0,0.0,0.0,4.0
52159,2023.0,12.0,29.0,5.0,16.407843,16.44543,15.576189,15.4348,16.086868,15.944627,15.878292,15.752873,15.198426,15.040337,15.190011,15.282294,17.165024,16.954178,16.19773,16.027824,15.120314,14.85115,0.0,0.0,0.0,0.0,4.0,0.0,0.0,0.0
52160,2023.0,12.0,29.0,5.0,16.372805,16.409624,15.536291,15.394091,16.04999,15.907529,15.842392,15.7163925,15.166332,15.007854,14.987164,14.898178,17.134264,16.923296,16.162436,15.99245,15.639019,15.9945345,0.0,0.0,0.0,0.0,0.0,0.0,0.0,4.0
52161,2023.0,12.0,29.0,5.0,16.335041,16.371183,15.494611,15.352829,16.01044,15.868542,15.804205,15.678283,15.131826,14.973699,15.012467,14.9715395,17.101097,16.890602,16.124374,15.954932,15.108713,14.810223,0.0,0.0,0.0,0.0,0.0,0.0,0.0,0.0
52162,2023.0,12.0,29.0,5.0,16.29752,16.333403,15.454158,15.312645,16.717634,17.2307,15.766057,15.640339,15.097815,14.940101,15.005327,14.967925,17.068087,16.858156,16.08656,15.917707,15.570301,15.922369,0.0,4.0,0.0,0.0,0.0,0.0,0.0,4.0
52163,2023.0,12.0,29.0,5.0,16.25997,16.29513,15.414444,15.272633,16.3383,16.308073,15.728136,15.601978,15.064019,14.906276,15.006903,14.979839,17.03532,16.825546,16.049427,15.880738,15.802748,16.162134,0.0,0.0,0.0,0.0,0.0,0.0,0.0,4.0
52164,2023.0,12.0,29.0,6.0,16.223299,16.25821,15.376368,15.234781,15.805376,15.438894,15.691335,15.56518,15.031184,14.87379,15.006917,14.988272,17.003052,16.793812,16.01298,15.844872,15.108323,14.8169,0.0,0.0,0.0,0.0,0.0,0.0,0.0,0.0
52165,2023.0,12.0,29.0,6.0,21.012815,24.555342,15.340726,15.200852,20.613302,23.885353,20.84064,24.56128,14.999657,14.846142,15.007353,14.997049,20.912428,23.409386,21.413427,24.924744,15.022083,14.887315,0.0,0.0,0.0,0.0,0.0,0.0,0.0,0.0
52166,2023.0,12.0,29.0,6.0,21.003815,24.016804,15.30597,15.167056,21.027557,24.102478,21.009565,24.257177,15.002705,14.869625,15.14007,15.245275,21.588175,24.36496,22.109285,25.718729,15.524371,15.863832,0.0,0.0,0.0,0.0,4.0,0.0,0.0,4.0
52167,2023.0,12.0,29.0,6.0,21.35059,24.13954,15.2735615,15.136484,21.33899,24.120275,21.313198,24.262352,15.552645,15.915088,20.099373,23.38867,21.193,23.2121,22.235512,25.423973,20.221502,23.846521,0.0,0.0,0.0,4.0,0.0,0.0,0.0,0.0
52168,2023.0,12.0,29.0,6.0,20.94843,23.234549,15.246996,15.108426,20.956982,23.225721,20.977638,23.423594,20.324726,24.039242,17.560709,18.078316,20.986242,22.699928,20.896433,22.76918,17.130028,17.192293,0.0,0.0,0.0,0.0,0.0,0.0,4.0,0.0
52169,2023.0,12.0,29.0,6.0,21.093437,23.389528,15.221444,15.082192,21.096027,23.352455,21.098175,23.49515,17.468916,17.824696,15.864751,15.732418,21.07204,22.756197,21.12206,23.125172,16.550806,17.076382,0.0,0.0,0.0,0.0,0.0,0.0,0.0,4.0
52170,2023.0,12.0,29.0,7.0,21.072737,23.245995,15.195202,15.056193,21.075697,23.198719,21.080187,23.334202,15.982814,15.845008,15.547418,15.374567,21.060575,22.643654,21.082918,22.9512,20.374035,23.662014,0.0,0.0,0.0,0.0,0.0,0.0,0.0,0.0
52171,2023.0,12.0,29.0,7.0,21.073765,23.16929,15.166076,15.026028,21.07632,23.11271,21.080294,23.23879,15.713058,15.553613,15.389364,15.218124,21.060312,22.573412,21.085768,22.877758,17.355268,17.325418,0.0,0.0,0.0,0.0,0.0,0.0,0.0,0.0
52172,2023.0,12.0,29.0,7.0,21.071331,23.103235,15.134179,14.992054,21.073854,23.039371,21.077883,23.159952,15.575133,15.413227,15.257551,15.081247,21.05845,22.51496,21.067873,22.809378,16.940495,17.459099,0.0,0.0,0.0,0.0,0.0,0.0,0.0,4.0
52173,2023.0,12.0,29.0,7.0,21.071259,23.054594,15.103429,14.96134,21.073505,22.983948,21.077646,23.101019,15.470245,15.311788,15.150842,14.978155,21.058193,22.47083,21.069613,22.781902,20.336262,23.336153,0.0,0.0,0.0,0.0,0.0,0.0,0.0,0.0
52174,2023.0,12.0,29.0,7.0,21.07032,23.013596,15.07135,14.928415,21.072449,22.937164,21.076342,23.05075,15.378451,15.220131,15.423841,15.570621,21.028355,22.3582,21.068783,22.752878,17.484898,17.403584,0.0,0.0,0.0,0.0,4.0,4.0,0.0,0.0
52175,2023.0,12.0,29.0,7.0,21.043833,22.909758,15.039785,14.895849,21.071575,22.898169,21.0757,23.009941,15.298768,15.140594,20.308231,23.879955,21.032623,22.346426,21.068134,22.727337,16.122656,15.727202,0.0,0.0,0.0,0.0,4.0,4.0,0.0,0.0
52176,2023.0,12.0,29.0,8.0,21.074396,22.969349,15.011104,14.864597,21.07067,22.864614,21.074554,22.97313,15.987361,16.497194,20.016106,22.861965,21.048286,22.327978,21.067654,22.704597,17.033348,17.782349,0.0,0.0,0.0,4.0,0.0,4.0,0.0,4.0
52177,2023.0,12.0,29.0,8.0,18.992752,18.918285,15.460594,15.722456,19.317972,19.47202,19.212687,19.366655,20.358717,23.739714,17.633741,17.923708,19.25854,18.879574,19.295752,19.275654,20.326689,23.307995,4.0,0.0,0.0,0.0,0.0,0.0,0.0,0.0
52178,2023.0,12.0,29.0,8.0,17.873165,17.527723,20.255302,23.901945,18.898748,19.302837,18.103071,17.949965,17.294106,17.334854,16.305197,16.14877,18.390776,17.82618,18.370695,18.170074,18.151566,18.643969,4.0,4.0,0.0,0.0,0.0,0.0,0.0,4.0
52179,2023.0,12.0,29.0,8.0,17.763752,17.684769,20.001245,22.86913,18.206255,18.11152,18.368513,18.76701,16.471228,16.68817,15.949136,15.741501,18.077866,17.508741,18.003162,17.78824,20.349073,23.018217,4.0,0.0,4.0,4.0,0.0,0.0,0.0,4.0
52180,2023.0,12.0,29.0,8.0,17.640802,17.609604,20.117277,22.711737,17.387148,16.873442,18.437569,18.912643,20.446604,23.480347,15.735707,15.527043,18.623018,18.750137,17.73822,17.527262,20.026892,22.15413,0.0,0.0,4.0,0.0,0.0,4.0,0.0,4.0
52181,2023.0,12.0,29.0,8.0,17.461346,17.434208,17.60768,17.612345,16.97582,16.405857,17.435574,17.105228,17.532953,17.498463,15.578634,15.379634,18.759521,18.90929,17.519264,17.31434,20.100954,22.167463,0.0,0.0,0.0,0.0,0.0,4.0,0.0,0.0
52182,2023.0,12.0,29.0,9.0,18.039175,18.660738,16.173382,15.705238,17.020195,16.734304,16.794283,16.275625,16.329111,16.15126,15.832102,15.979031,18.70278,18.852789,17.331488,17.132803,17.774807,17.573517,0.0,0.0,0.0,0.0,4.0,4.0,0.0,0.0
52183,2023.0,12.0,29.0,9.0,18.183266,18.861235,16.100256,15.840256,17.686491,18.0738,17.234266,17.275257,16.117922,15.933976,20.223963,23.48531,17.97993,17.531757,17.191729,16.997377,17.77219,18.072432,0.0,4.0,4.0,0.0,0.0,0.0,0.0,4.0
52184,2023.0,12.0,29.0,9.0,17.874306,18.251404,16.025455,15.834116,17.927935,18.41912,16.731092,16.29693,16.683342,17.169756,17.738329,18.15652,17.560566,17.03435,17.049368,16.862383,20.333635,22.641785,0.0,4.0,0.0,4.0,0.0,0.0,0.0,0.0
52185,2023.0,12.0,29.0,9.0,17.718266,18.06547,16.334532,16.548492,17.60061,17.77488,16.330797,15.806892,20.328894,23.392683,16.53454,16.6857,17.374104,16.84475,16.916039,16.727057,17.867924,17.693447,4.0,4.0,0.0,0.0,4.0,0.0,0.0,0.0
52186,2023.0,12.0,29.0,9.0,17.663,18.015024,20.22769,23.290934,17.412722,17.539854,16.41935,16.161827,17.48252,17.4155,20.275394,23.226559,17.50183,17.242546,16.796976,16.608782,16.65054,16.213593,0.0,4.0,0.0,0.0,0.0,0.0,0.0,0.0
52187,2023.0,12.0,29.0,9.0,16.973276,16.770779,18.263996,18.981745,17.34285,17.471146,17.140535,17.56209,16.778803,16.975111,18.18714,18.765745,17.51132,17.281204,16.69127,16.503902,16.473345,16.247972,4.0,4.0,4.0,4.0,4.0,0.0,0.0,0.0
52188,2023.0,12.0,29.0,10.0,16.626348,16.292841,20.247185,22.777754,17.296509,17.428741,17.058084,17.27499,21.574251,25.218603,20.39559,22.652102,18.209745,18.65621,16.608515,16.42081,16.344627,16.153568,0.0,4.0,4.0,4.0,0.0,4.0,0.0,0.0
52189,2023.0,12.0,29.0,10.0,16.45683,16.131695,17.825357,17.811707,17.255827,17.399858,16.945024,17.123446,19.877913,21.802908,17.887583,17.74507,18.214342,18.420822,16.526718,16.34326,16.167692,15.99177,0.0,4.0,4.0,0.0,0.0,4.0,0.0,0.0
52190,2023.0,12.0,29.0,10.0,17.06994,17.39449,16.390394,15.900832,17.221436,17.377205,16.929838,17.114012,18.232136,18.507814,16.761837,16.512926,17.479675,17.066,17.46957,18.184217,16.95556,17.629463,0.0,4.0,4.0,4.0,0.0,0.0,4.0,4.0
52191,2023.0,12.0,29.0,10.0,17.24498,17.64369,16.325516,16.052164,17.195332,17.361876,16.920244,17.11407,20.343895,22.414452,16.536453,16.301325,17.970778,18.170929,16.570616,16.257158,20.328136,23.403976,0.0,4.0,4.0,0.0,0.0,4.0,0.0,0.0
52192,2023.0,12.0,29.0,10.0,16.62379,16.464151,16.714123,16.912334,17.168848,17.346544,16.909119,17.112448,18.51184,18.80177,16.311466,16.092136,17.429268,16.996044,16.126997,15.748909,17.505196,17.46694,4.0,4.0,4.0,4.0,0.0,0.0,0.0,0.0
52193,2023.0,12.0,29.0,10.0,17.068224,17.426046,20.254019,23.198475,17.14742,17.335386,16.898924,17.111269,20.333456,22.234465,16.555132,16.697521,17.164173,16.673311,16.028032,15.648306,16.5163,16.093239,4.0,4.0,4.0,0.0,4.0,0.0,0.0,0.0
52194,2023.0,12.0,29.0,11.0,17.271889,17.693686,20.093466,22.473867,17.124887,17.323715,16.887606,17.1093,18.059868,17.847315,20.44173,23.246685,17.847998,18.07739,16.144552,15.968121,17.328571,17.969305,0.0,4.0,4.0,0.0,0.0,4.0,0.0,4.0
52195,2023.0,12.0,29.0,11.0,17.289713,17.717062,17.77431,17.760067,17.103085,17.310745,16.877186,17.10566,16.906073,16.4497,18.320137,18.882725,18.080477,18.318304,16.166275,16.002544,20.342371,23.100466,0.0,4.0,4.0,0.0,4.0,4.0,0.0,0.0
52196,2023.0,12.0,29.0,11.0,16.643753,16.514542,16.743023,16.57453,17.082846,17.2988,16.867346,17.102205,17.495687,17.920519,20.29925,22.854193,17.37125,16.960636,17.159283,17.904612,17.671778,17.58286,0.0,4.0,4.0,4.0,0.0,0.0,4.0,0.0
52197,2023.0,12.0,29.0,11.0,16.995712,17.385933,16.50334,16.330975,17.064785,17.2885,16.199476,15.871077,20.302402,22.710852,18.46497,18.969265,17.833147,18.075441,16.418608,16.143908,17.310923,17.713837,0.0,4.0,0.0,4.0,4.0,4.0,0.0,4.0
52198,2023.0,12.0,29.0,11.0,16.5372,16.414604,16.31171,16.13918,16.393951,16.058937,16.526196,16.701002,21.044565,23.54276,20.291052,22.612043,18.058777,18.314508,17.050167,17.642422,21.28936,24.571354,0.0,0.0,4.0,4.0,0.0,4.0,4.0,0.0
52199,2023.0,12.0,29.0,11.0,16.188555,15.960789,16.614574,16.841038,16.713272,16.878721,16.07821,15.76122,19.89816,21.338621,17.981861,17.8834,17.352348,16.960306,17.382254,17.963428,18.341967,18.383173,4.0,4.0,0.0,4.0,0.0,0.0,4.0,0.0
52200,2023.0,12.0,29.0,12.0,16.054295,15.810281,20.221306,23.216534,16.920345,17.168388,16.436045,16.629698,20.084385,21.657913,17.302217,17.423882,17.026579,16.583035,17.467981,18.04808,17.627539,18.02622,0.0,4.0,4.0,4.0,4.0,0.0,4.0,4.0
52201,2023.0,12.0,29.0,12.0,21.234858,25.016617,18.272635,18.928709,21.305845,24.820799,21.251497,24.996822,20.208933,21.869896,20.311537,22.764805,21.10915,23.690853,22.475548,26.626078,21.767565,25.262064,4.0,4.0,4.0,4.0,0.0,0.0,4.0,0.0
52202,2023.0,12.0,29.0,12.0,21.047274,24.080114,20.302864,22.968697,21.043116,23.830309,21.026476,23.987656,20.083824,21.604101,18.537828,19.009443,21.051357,23.308891,22.067923,25.28541,19.0887,19.559277,0.0,0.0,4.0,0.0,4.0,4.0,0.0,4.0
52203,2023.0,12.0,29.0,12.0,21.11206,23.844154,18.130373,18.385853,21.083395,23.563305,21.114643,23.81275,18.766497,19.002306,20.284338,22.542343,22.354244,25.300564,22.829967,26.288734,21.699135,24.893959,4.0,4.0,0.0,4.0,0.0,4.0,0.0,0.0
52204,2023.0,12.0,29.0,12.0,22.008148,25.062832,20.247637,22.736988,21.151552,23.497849,21.14106,23.597818,20.262573,22.11535,18.274605,18.366482,21.604206,23.525007,20.981594,22.72087,19.246325,19.681837,0.0,0.0,4.0,0.0,4.0,4.0,0.0,4.0
52205,2023.0,12.0,29.0,12.0,20.921328,22.898981,17.90877,17.88582,21.09345,23.220348,21.07933,23.301222,18.743124,18.995998,20.364378,22.486351,20.959715,22.279531,21.1125,22.928495,21.417774,24.286234,0.0,0.0,4.0,4.0,0.0,0.0,0.0,0.0
52206,2023.0,12.0,29.0,13.0,21.11454,23.219568,17.273575,17.496674,21.092049,23.100056,21.099989,23.237946,20.29319,22.170088,18.330116,18.42026,21.05521,22.402622,21.065355,22.816286,18.636444,18.508041,4.0,0.0,0.0,0.0,4.0,4.0,0.0,0.0
52207,2023.0,12.0,29.0,13.0,21.154236,23.228437,20.299747,22.844791,21.171722,23.190252,21.153254,23.228683,18.18531,17.941153,20.359428,22.437641,21.13124,22.533686,21.189846,23.040813,17.24066,16.786203,4.0,4.0,4.0,0.0,0.0,0.0,0.0,0.0
52208,2023.0,12.0,29.0,13.0,21.193602,23.263386,20.050688,22.087837,21.053577,22.913164,21.073706,22.99728,17.08601,16.595411,18.335962,18.391886,21.131664,22.490187,21.030008,22.667688,17.051872,16.83365,0.0,4.0,4.0,0.0,4.0,0.0,4.0,0.0
52209,2023.0,12.0,29.0,13.0,21.067806,22.957314,17.894655,17.77692,21.071442,22.881536,21.072647,22.94264,16.984999,16.745247,20.403027,22.397621,21.039999,22.250948,21.091408,22.773252,16.886309,16.692265,0.0,4.0,4.0,0.0,0.0,4.0,0.0,0.0
52210,2023.0,12.0,29.0,13.0,21.090403,22.983448,16.946665,16.741407,21.068186,22.824415,21.071636,22.898195,16.873707,16.666893,18.492933,18.641418,21.044455,22.237024,21.041964,22.607145,16.685032,16.498755,0.0,4.0,4.0,0.0,0.0,4.0,4.0,0.0
52211,2023.0,12.0,29.0,13.0,21.056576,22.860258,17.20832,17.441359,21.066576,22.780308,21.095331,22.928959,16.697384,16.492432,17.362846,17.158995,21.073536,22.292976,21.089508,22.700817,16.506365,16.321962,4.0,4.0,0.0,0.0,0.0,0.0,0.0,0.0
52212,2023.0,12.0,29.0,14.0,21.14968,23.037922,20.213196,22.809809,21.15087,22.933062,21.145937,22.995045,16.547329,16.350779,17.405792,17.523647,21.116005,22.350632,21.165741,22.822365,16.359747,16.184685,0.0,0.0,0.0,0.0,4.0,0.0,0.0,0.0
52213,2023.0,12.0,29.0,14.0,19.568867,19.942612,18.187607,18.523087,19.04822,18.862108,19.430311,19.643213,16.417713,16.231087,20.403677,22.654394,19.998228,20.146902,19.079525,18.777884,17.18522,17.863483,0.0,0.0,4.0,0.0,0.0,4.0,0.0,4.0
52214,2023.0,12.0,29.0,14.0,18.19794,17.91849,17.357763,17.618422,18.47219,18.485046,17.978127,17.521528,16.303959,16.124588,18.35335,18.54699,18.908775,18.448868,18.30648,18.074078,20.342344,23.170033,4.0,4.0,0.0,0.0,0.0,0.0,0.0,0.0
52215,2023.0,12.0,29.0,14.0,17.60603,17.234373,20.256819,22.864746,17.724602,17.24554,17.35902,16.803993,16.198786,16.024097,17.185303,16.997858,18.375444,17.81702,18.0343,17.820837,17.674925,17.583452,0.0,0.0,0.0,0.0,0.0,0.0,0.0,0.0
52216,2023.0,12.0,29.0,14.0,17.293621,16.921667,18.181532,18.446419,17.212648,16.651285,17.320665,17.055998,16.857496,17.351597,16.848614,16.63146,18.101776,17.542854,17.788176,17.583948,16.43741,16.053017,4.0,0.0,0.0,4.0,0.0,0.0,0.0,0.0
52217,2023.0,12.0,29.0,14.0,17.384964,17.306875,20.240114,22.370401,17.98355,18.326014,17.937065,18.344736,20.328096,23.309425,16.666471,16.439192,18.209747,17.933292,17.611671,17.412287,16.37864,16.179968,4.0,4.0,4.0,0.0,0.0,0.0,0.0,0.0
52218,2023.0,12.0,29.0,15.0,17.34028,17.324427,20.039406,21.815077,17.315063,16.928576,17.796894,17.979063,17.63469,17.578098,16.49784,16.279413,18.184286,17.958973,17.431858,17.242455,16.296188,16.133087,4.0,0.0,4.0,0.0,0.0,0.0,0.0,0.0
52219,2023.0,12.0,29.0,15.0,17.96861,18.63329,20.092953,21.823208,17.439531,17.497715,17.57786,17.714642,16.30675,15.879124,16.347958,16.13385,18.881277,19.390144,17.266357,17.080313,17.128199,17.825895,0.0,4.0,4.0,0.0,0.0,4.0,0.0,4.0
52220,2023.0,12.0,29.0,15.0,17.50601,17.63739,18.122051,17.963158,17.53808,17.655878,17.473639,17.610756,16.237083,16.018986,16.220036,16.013561,18.058802,17.630278,17.121565,16.940321,20.313467,23.17906,0.0,4.0,4.0,0.0,0.0,0.0,0.0,0.0
52221,2023.0,12.0,29.0,15.0,16.81503,16.532698,17.681147,17.850565,17.477348,17.599085,17.388117,17.52635,16.188993,16.007664,16.10296,15.900882,17.576069,17.053589,16.992,16.814335,17.621212,17.53368,4.0,4.0,4.0,0.0,0.0,0.0,0.0,0.0
52222,2023.0,12.0,29.0,15.0,16.559307,16.212645,20.227642,22.469152,16.773375,16.333557,17.323414,17.460436,16.09824,15.92107,16.006449,15.803092,17.428892,16.897072,16.890678,16.71479,16.666338,16.212843,4.0,0.0,4.0,0.0,0.0,0.0,0.0,0.0
52223,2023.0,12.0,29.0,15.0,17.48428,18.124718,20.058931,21.90506,17.051168,17.109911,16.592646,16.156717,15.994545,15.820915,15.90673,15.706996,18.412151,18.906813,16.782175,16.604578,16.55057,16.331818,0.0,4.0,0.0,0.0,0.0,4.0,0.0,0.0
52224,2023.0,12.0,29.0,16.0,16.88048,16.737898,18.023067,17.860607,16.550104,16.109823,16.185745,15.659985,15.896418,15.720818,15.817316,15.622853,17.710735,17.277544,16.68102,16.50312,16.42306,16.238745,0.0,0.0,0.0,0.0,0.0,0.0,0.0,0.0
52225,2023.0,12.0,29.0,16.0,16.468224,16.13768,17.02682,16.401937,16.941431,17.008091,16.028255,15.493942,15.818844,15.640233,15.740285,15.539297,18.15805,18.330206,16.597755,16.417149,16.282553,16.102861,0.0,4.0,0.0,0.0,0.0,4.0,0.0,0.0
52226,2023.0,12.0,29.0,16.0,17.065468,17.389364,17.478956,17.585255,16.378725,15.928902,16.191547,15.948221,15.746229,15.567199,15.6679735,15.466191,17.51393,17.020449,16.520113,16.339018,16.153505,15.979535,4.0,0.0,0.0,0.0,0.0,0.0,0.0,0.0
52227,2023.0,12.0,29.0,16.0,16.527906,16.326326,20.237902,22.576376,16.780788,16.837608,16.201138,16.013079,15.678723,15.499442,15.598855,15.395873,17.252,16.713272,16.448545,16.267761,16.040728,15.872693,0.0,4.0,0.0,0.0,0.0,0.0,0.0,0.0
52228,2023.0,12.0,29.0,16.0,16.154942,15.834354,18.678677,19.239985,16.31428,15.882944,16.856188,17.303896,15.606743,15.428052,15.526953,15.325395,17.12533,16.592598,16.373287,16.192598,16.806564,17.415562,4.0,0.0,4.0,0.0,0.0,0.0,0.0,4.0
52229,2023.0,12.0,29.0,16.0,16.034693,15.702901,20.220726,22.18412,16.012596,15.475685,17.076513,17.60279,15.54725,15.366624,15.467943,15.263434,18.138079,18.629936,17.337421,18.06017,20.320347,23.420353,0.0,0.0,4.0,0.0,0.0,4.0,4.0,0.0
52230,2023.0,12.0,29.0,17.0,16.217352,16.167376,18.120724,17.964148,16.558897,16.622694,16.220629,15.922144,15.485329,15.305197,15.408404,15.205399,18.1758,18.371792,17.500776,18.00689,17.477036,17.405489,0.0,4.0,0.0,0.0,0.0,4.0,4.0,0.0
52231,2023.0,12.0,29.0,17.0,17.043716,17.736208,17.892557,18.005775,16.052475,15.61398,15.794388,15.282353,15.430688,15.246459,15.35634,15.149129,18.127287,18.284899,16.513468,16.12352,16.469633,15.991402,4.0,0.0,0.0,0.0,0.0,4.0,0.0,0.0
52232,2023.0,12.0,29.0,17.0,16.939392,17.343752,20.226389,22.30878,15.776525,15.233031,15.631473,15.099513,15.3772745,15.189881,15.302833,15.091429,18.126156,18.280178,16.17732,15.722648,16.412237,16.175512,0.0,0.0,0.0,0.0,0.0,4.0,0.0,0.0
52233,2023.0,12.0,29.0,17.0,16.860397,17.22612,18.457159,18.682714,15.928218,15.663687,15.781785,15.528099,15.320286,15.130397,15.245088,15.031571,18.120508,18.267036,16.010107,15.555684,16.291145,16.092928,0.0,0.0,0.0,0.0,0.0,4.0,0.0,0.0
52234,2023.0,12.0,29.0,17.0,16.866007,17.221212,17.543339,17.321396,15.962828,15.755353,16.563395,17.024769,15.27067,15.076177,15.19471,14.976174,17.357098,16.833515,15.887231,15.429638,16.1458,15.949429,0.0,0.0,4.0,0.0,0.0,0.0,0.0,0.0
52235,2023.0,12.0,29.0,17.0,16.866636,17.212448,17.221533,16.967373,15.916729,15.70996,15.838086,15.502016,15.222488,15.024869,15.144514,14.922479,17.07426,16.49409,16.023443,15.807929,16.978607,17.643208,0.0,0.0,0.0,0.0,0.0,0.0,0.0,4.0
52236,2023.0,12.0,29.0,18.0,16.855042,17.186367,16.988794,16.73087,16.591602,17.015995,16.14714,16.214802,15.175,14.974353,15.093569,14.868068,16.940327,16.359762,16.015612,15.812503,20.260027,23.232409,0.0,4.0,4.0,0.0,0.0,0.0,0.0,0.0
52237,2023.0,12.0,29.0,18.0,21.314142,24.946766,16.76378,16.507288,21.34391,25.11109,20.772957,24.256739,15.123384,14.920488,15.037656,14.810384,21.932098,25.03805,21.551683,25.27876,17.420221,17.255623,0.0,4.0,0.0,0.0,0.0,4.0,0.0,0.0
52238,2023.0,12.0,29.0,18.0,21.020044,23.883245,16.565819,16.305851,21.0252,23.932222,21.067654,24.171097,15.077519,14.872444,15.3626585,15.462514,21.554728,23.988804,22.216946,25.983809,17.04006,17.414621,0.0,4.0,4.0,0.0,4.0,4.0,0.0,4.0
52239,2023.0,12.0,29.0,18.0,21.431412,24.202074,16.400639,16.142708,21.574463,24.363266,21.518415,24.404297,15.037738,14.831904,20.19149,23.371729,22.35362,25.1167,22.564045,26.02805,20.787008,23.756243,0.0,4.0,4.0,0.0,0.0,4.0,0.0,0.0
52240,2023.0,12.0,29.0,18.0,21.000772,23.238277,16.259058,15.998163,20.936651,23.028671,20.957306,23.182816,14.999239,14.794672,17.649826,18.0493,21.652117,23.602497,21.093004,23.183655,17.993734,17.85126,0.0,4.0,4.0,0.0,0.0,4.0,0.0,0.0
52241,2023.0,12.0,29.0,18.0,21.085453,23.248796,16.134377,15.871715,21.125343,23.27603,21.126385,23.377901,15.003654,14.824804,16.032242,15.829559,20.986643,22.23219,22.349262,25.197357,16.408472,15.884031,0.0,0.0,0.0,0.0,0.0,4.0,0.0,0.0
52242,2023.0,12.0,29.0,19.0,21.07444,23.127838,16.021822,15.758401,21.096832,23.103033,21.100609,23.204082,15.0031,14.84095,15.70994,15.4651785,21.089327,22.421068,21.06038,22.88676,16.312988,16.066986,0.0,0.0,0.0,0.0,0.0,0.0,0.0,0.0
52243,2023.0,12.0,29.0,19.0,21.099688,23.121826,15.920549,15.658438,21.09815,23.014065,21.101688,23.111906,15.003676,14.856287,15.536951,15.288302,21.075218,22.35266,21.495167,23.717686,16.221682,16.004404,0.0,0.0,0.0,0.0,0.0,0.0,0.0,0.0
52244,2023.0,12.0,29.0,19.0,21.092957,23.042171,15.826964,15.56567,21.073433,22.937778,21.076986,23.034758,15.004136,14.869337,15.400468,15.150972,21.07544,22.317287,21.072315,22.827797,17.021093,17.651014,0.0,0.0,0.0,0.0,0.0,0.0,0.0,4.0
52245,2023.0,12.0,29.0,19.0,21.066599,22.917439,16.211008,16.358004,21.051556,22.847315,21.0794,23.010702,15.004332,14.880674,15.653085,15.722914,21.026077,22.209044,21.073032,22.801277,20.281836,23.11437,4.0,4.0,0.0,0.0,4.0,4.0,0.0,0.0
52246,2023.0,12.0,29.0,19.0,21.232943,23.231333,20.32527,23.559372,21.257738,23.25872,21.241705,23.307827,15.790833,16.055683,20.393164,23.601974,21.21566,22.557936,21.297234,23.223696,17.455982,17.201387,4.0,0.0,0.0,0.0,0.0,4.0,0.0,0.0
52247,2023.0,12.0,29.0,19.0,22.10791,24.522755,20.051296,22.50372,22.172401,24.738577,22.059004,24.533491,15.151474,14.954336,17.702724,18.03232,21.86912,23.6356,22.378828,24.885942,17.101149,17.43015,0.0,0.0,0.0,0.0,0.0,4.0,0.0,4.0
52248,2023.0,12.0,29.0,20.0,21.031649,22.667833,17.550213,17.372839,20.932287,22.338585,21.043486,22.785744,14.99791,14.793829,16.14452,15.924259,20.951988,21.87918,21.019602,22.525814,20.447506,23.080862,0.0,4.0,0.0,0.0,0.0,0.0,0.0,0.0
52249,2023.0,12.0,29.0,20.0,21.098099,22.82318,16.514679,16.237915,21.116358,22.730581,21.054583,22.789034,15.006364,14.845982,15.821598,15.567262,21.085175,22.159689,21.07587,22.647018,17.605286,17.336164,0.0,0.0,4.0,0.0,0.0,0.0,0.0,0.0
52250,2023.0,12.0,29.0,20.0,21.059137,22.719429,16.31842,16.046593,21.060484,22.594446,21.079836,22.860273,15.0057745,14.871998,15.630132,15.3675585,21.03887,22.052124,21.067871,22.633333,16.302896,15.758762,0.0,4.0,0.0,0.0,0.0,4.0,0.0,0.0
52251,2023.0,12.0,29.0,20.0,21.093199,22.801022,16.139215,15.864292,21.095793,22.67713,21.09471,22.840103,15.0062895,14.894719,15.480203,15.217557,21.04654,22.073517,21.067879,22.630955,16.281229,16.051313,0.0,0.0,0.0,0.0,0.0,4.0,0.0,0.0
52252,2023.0,12.0,29.0,20.0,21.085752,22.772646,16.492928,16.6595,21.088007,22.647211,21.070707,22.799202,15.005901,14.911513,15.743355,15.824012,21.046053,22.075588,21.068354,22.626114,16.180851,15.959541,4.0,0.0,0.0,0.0,4.0,4.0,0.0,0.0
52253,2023.0,12.0,29.0,20.0,22.148958,24.442142,20.256742,23.283884,21.26729,23.035347,21.25604,23.168962,15.2367,14.998777,20.275957,23.32388,21.883371,23.458773,21.311993,23.106438,16.033382,15.812932,0.0,0.0,0.0,0.0,0.0,0.0,0.0,0.0
52254,2023.0,12.0,29.0,21.0,20.902811,22.254917,17.951588,18.298761,21.068663,22.647095,21.072405,22.791632,14.993016,14.831101,17.994999,18.543941,20.942146,21.727097,21.067348,22.603361,15.898188,15.679132,0.0,0.0,0.0,0.0,4.0,4.0,0.0,0.0
52255,2023.0,12.0,29.0,21.0,21.237171,22.97484,16.552652,16.38994,21.195675,22.890068,21.16563,22.971998,15.656243,16.11427,20.325357,23.13166,21.153234,22.202868,21.191689,22.845564,15.779968,15.561585,0.0,4.0,0.0,4.0,0.0,0.0,0.0,0.0
52256,2023.0,12.0,29.0,21.0,21.068329,22.700474,16.214031,15.963613,21.073353,22.66922,21.072012,22.774525,20.503302,24.182785,17.930334,18.143845,21.03767,21.966549,21.067156,22.585928,15.675334,15.458041,0.0,0.0,0.0,4.0,0.0,4.0,0.0,0.0
52257,2023.0,12.0,29.0,21.0,21.087374,22.716843,16.024021,15.753419,21.090557,22.658173,21.04758,22.699326,20.024239,22.830252,16.524534,16.278831,21.075405,22.075201,21.067139,22.578907,16.543926,17.179968,0.0,0.0,4.0,4.0,0.0,0.0,0.0,4.0
52258,2023.0,12.0,29.0,21.0,21.057894,22.618887,16.351,16.479877,21.063112,22.550718,21.07715,22.775902,20.1192,22.660406,16.155342,15.879898,21.06947,22.063734,21.067047,22.571096,20.314526,23.454792,4.0,4.0,0.0,0.0,0.0,0.0,0.0,0.0
52259,2023.0,12.0,29.0,21.0,21.80911,23.911814,20.23535,23.324652,21.168402,22.759554,21.163248,22.893509,17.348576,17.054382,15.91093,15.627359,21.560272,22.83672,21.193827,22.816648,17.923437,18.25933,0.0,0.0,0.0,0.0,0.0,4.0,0.0,4.0
52260,2023.0,12.0,29.0,22.0,20.93257,22.23885,18.190685,18.799614,21.086555,22.571957,21.09115,22.707165,15.984789,15.396517,15.726531,15.452557,21.054197,21.977352,21.02736,22.446157,20.454647,23.135782,4.0,0.0,0.0,0.0,0.0,0.0,4.0,0.0
52261,2023.0,12.0,29.0,22.0,21.189272,22.763302,20.30608,22.982555,21.168465,22.762438,21.164679,22.868729,15.908097,15.627173,15.568841,15.2991905,21.134148,22.147524,21.195166,22.774038,17.542992,17.25951,4.0,0.0,0.0,0.0,0.0,0.0,0.0,0.0
52262,2023.0,12.0,29.0,22.0,22.065313,24.372013,20.059975,22.184956,21.730438,23.690437,22.068386,24.412474,15.813415,15.570054,15.430748,15.160177,21.713037,23.092913,22.258179,24.661852,16.9792,17.110334,0.0,0.0,0.0,0.0,0.0,4.0,0.0,4.0
52263,2023.0,12.0,29.0,22.0,20.947813,22.207535,17.69182,17.435228,20.936874,22.172058,20.929277,22.257975,15.648133,15.415304,15.601043,15.581524,20.95255,21.65645,20.918915,22.016174,20.467073,23.090254,0.0,4.0,0.0,0.0,4.0,4.0,0.0,0.0
52264,2023.0,12.0,29.0,22.0,21.184225,22.720747,16.311577,15.611511,21.19952,22.765045,21.196615,22.84053,15.501069,15.275446,20.458948,23.70052,21.166224,22.127344,21.225368,22.69123,17.575222,17.254269,0.0,0.0,0.0,0.0,4.0,4.0,0.0,0.0
52265,2023.0,12.0,29.0,22.0,21.031773,22.459799,16.754034,16.803131,21.059729,22.44456,21.065287,22.600847,15.365404,15.135353,20.010193,22.593191,21.041162,21.903843,21.06136,22.39721,16.585308,16.343334,4.0,4.0,0.0,0.0,0.0,4.0,0.0,0.0
52266,2023.0,12.0,29.0,23.0,21.159575,22.740936,20.209604,22.904354,21.15725,22.649635,21.15499,22.794891,15.248612,15.020749,17.696384,17.826506,21.126629,22.112064,21.181557,22.661701,16.377676,16.14474,0.0,0.0,0.0,0.0,0.0,0.0,0.0,0.0
52267,2023.0,12.0,29.0,23.0,19.154278,18.890514,18.104185,18.409594,19.107168,18.702765,19.412058,19.45197,15.148258,14.923991,16.711931,16.703588,19.407509,18.810217,19.435707,19.309177,16.883413,17.269539,0.0,0.0,0.0,0.0,4.0,0.0,0.0,4.0
52268,2023.0,12.0,29.0,23.0,18.678093,18.487637,17.02332,16.755016,18.560251,18.165112,18.575714,18.269863,15.071147,14.845371,16.294882,16.047544,18.749666,17.968168,18.766964,18.4618,16.297707,16.077587,0.0,0.0,0.0,0.0,0.0,0.0,0.0,0.0
52269,2023.0,12.0,29.0,23.0,18.42989,18.277075,16.702618,16.388987,18.305862,17.947409,18.202557,17.867973,14.994528,14.774338,16.016998,15.726416,18.859108,18.484411,18.440384,18.134098,15.75301,15.239948,0.0,0.0,0.0,0.0,0.0,0.0,0.0,0.0
52270,2023.0,12.0,29.0,23.0,18.152243,18.012264,16.462275,16.154837,18.022238,17.676601,17.89306,17.570524,15.506188,15.79534,15.813319,15.532239,18.752619,18.420092,18.146584,17.855816,15.467261,14.940081,0.0,0.0,0.0,4.0,0.0,0.0,0.0,0.0
52271,2023.0,12.0,29.0,23.0,17.953232,17.81619,16.786482,16.904013,17.817863,17.474234,17.674587,17.353895,15.688,16.019915,15.666822,15.389579,18.601246,18.279757,17.933323,17.649654,15.593602,15.354124,4.0,0.0,0.0,4.0,0.0,0.0,0.0,0.0
52272,2023.0,12.0,30.0,0.0,17.772879,17.642744,16.835846,17.022085,17.632862,17.297195,17.479212,17.166819,14.925348,14.677847,15.529138,15.250786,18.446238,18.124779,17.741043,17.467817,15.551548,15.324628,4.0,0.0,0.0,0.0,0.0,0.0,0.0,0.0
52273,2023.0,12.0,30.0,0.0,17.589182,17.46725,15.922977,15.318297,17.443655,17.117195,17.280806,16.97793,15.131,15.114113,15.672545,15.644314,18.288755,17.97195,17.544243,17.27602,16.170532,16.572573,0.0,0.0,0.0,4.0,4.0,0.0,0.0,4.0
52274,2023.0,12.0,30.0,0.0,17.443987,17.31893,15.491457,14.711234,17.293848,16.964622,17.124138,16.818094,14.989839,14.871263,15.40615,15.149918,18.161837,17.840485,17.38587,17.11293,16.41627,16.891893,0.0,0.0,0.0,0.0,0.0,0.0,0.0,4.0
52275,2023.0,12.0,30.0,0.0,17.296125,17.176533,15.68113,15.318079,17.141043,16.818293,16.965595,16.665731,15.024632,14.951977,15.503586,15.496721,18.03238,17.713112,17.2247,16.954563,16.175667,16.33502,0.0,0.0,0.0,0.0,4.0,0.0,0.0,4.0
52276,2023.0,12.0,30.0,0.0,17.164585,17.052435,15.696897,15.391031,17.00493,16.69089,16.825254,16.533669,15.007722,14.956048,15.544317,15.5549135,17.916496,17.601604,17.080706,16.815746,15.394328,14.942713,0.0,0.0,0.0,0.0,4.0,0.0,0.0,0.0
52277,2023.0,12.0,30.0,0.0,17.04247,16.93346,16.095078,16.217741,16.87809,16.568146,16.694517,16.40657,15.010992,14.989695,15.22802,14.993385,18.56688,18.928215,16.947088,16.683062,14.990447,14.512217,4.0,0.0,0.0,0.0,0.0,4.0,0.0,0.0
52278,2023.0,12.0,30.0,1.0,16.9329,16.827396,15.808676,15.614868,16.764282,16.459013,16.57653,16.293314,15.010908,15.011507,14.998692,14.746907,17.691788,17.05618,16.826954,16.56498,15.569136,15.706372,0.0,0.0,0.0,0.0,0.0,0.0,0.0,4.0
52279,2023.0,12.0,30.0,1.0,16.831429,16.727806,15.540777,15.259474,16.658714,16.356466,16.467356,16.186895,15.011551,15.0308895,15.0131645,14.838652,17.230854,16.54235,16.715677,16.453856,15.085827,14.624493,0.0,0.0,0.0,0.0,0.0,0.0,0.0,0.0
52280,2023.0,12.0,30.0,1.0,16.733614,16.627268,15.42712,15.132107,16.5559,16.251207,16.36119,16.077831,15.02108,15.0669775,15.0117,14.888598,17.075119,16.384989,16.61043,16.34564,15.019697,14.7681,0.0,0.0,0.0,0.0,0.0,0.0,0.0,0.0
52281,2023.0,12.0,30.0,1.0,16.655231,16.558882,15.35508,15.071236,16.474522,16.182177,16.277527,16.00647,15.010398,15.056789,15.009168,14.913908,17.312517,16.987707,16.5223,16.264193,15.726597,16.136055,0.0,0.0,0.0,0.0,0.0,0.0,0.0,4.0
52282,2023.0,12.0,30.0,1.0,16.567625,16.465858,15.279352,14.994627,16.38775,16.095793,16.188982,15.917652,15.013602,15.075426,15.011999,14.947976,17.348145,17.037539,16.432669,16.172926,15.7345085,15.878969,0.0,0.0,0.0,0.0,0.0,0.0,0.0,4.0
52283,2023.0,12.0,30.0,1.0,16.489288,16.388142,15.210596,14.92623,16.307533,16.01727,16.107761,15.837444,15.023832,15.107578,15.018284,14.985976,17.29033,16.980843,16.35055,16.091257,15.705626,15.86275,0.0,0.0,0.0,0.0,0.0,0.0,0.0,4.0
52284,2023.0,12.0,30.0,2.0,16.425446,16.333551,15.15445,14.878432,16.23974,15.959096,16.039528,15.778253,15.288336,15.597399,15.010134,14.98651,17.235197,16.930107,16.277613,16.023357,14.940206,14.582437,0.0,0.0,0.0,4.0,0.0,0.0,0.0,0.0
52285,2023.0,12.0,30.0,2.0,16.366259,16.283524,15.095082,14.820048,16.168398,15.889726,15.967379,15.707644,14.950321,14.960485,15.012961,15.008884,17.177568,16.872694,16.203966,15.949801,15.038689,14.836496,0.0,0.0,0.0,0.0,0.0,0.0,0.0,0.0
52286,2023.0,12.0,30.0,2.0,17.107111,17.73113,15.041657,14.770421,16.845217,17.221476,16.648125,17.047281,15.255194,15.555659,15.012693,15.023705,17.124218,16.822033,16.136658,15.885411,15.014265,14.838014,0.0,4.0,4.0,4.0,0.0,0.0,0.0,0.0
52287,2023.0,12.0,30.0,2.0,16.647429,16.65981,14.999494,14.741373,16.460772,16.326054,16.239302,16.097763,14.977297,14.991746,15.013157,15.037934,17.071398,16.769924,16.071037,15.820723,15.0065565,14.87775,0.0,0.0,0.0,0.0,0.0,0.0,0.0,0.0
52288,2023.0,12.0,30.0,2.0,15.964234,15.526198,15.004172,14.788721,15.754622,15.125075,15.5451975,14.933777,15.033569,15.107916,15.013541,15.050887,17.020142,16.719776,16.008131,15.759069,15.008667,14.922032,0.0,0.0,0.0,0.0,0.0,0.0,0.0,0.0
52289,2023.0,12.0,30.0,2.0,15.6929455,15.200431,15.005834,14.826549,15.451816,14.749834,15.254923,14.577746,15.048779,15.139095,15.025181,15.086345,16.968157,16.666906,15.944565,15.694108,15.013736,14.967732,0.0,0.0,0.0,0.0,0.0,0.0,0.0,0.0
52290,2023.0,12.0,30.0,3.0,15.957393,15.84679,15.004825,14.848663,15.720129,15.411475,15.5190935,15.229326,15.007971,15.08869,15.011735,15.068354,16.92087,16.622208,15.887015,15.639448,15.008314,14.978585,0.0,0.0,0.0,0.0,0.0,0.0,0.0,0.0
52291,2023.0,12.0,30.0,3.0,16.008144,15.927461,15.009212,14.88372,15.783082,15.5179405,15.579401,15.331215,15.027274,15.1513405,15.001285,15.046929,16.87206,16.573408,15.828178,15.5803795,15.017317,15.021778,0.0,0.0,0.0,0.0,4.0,0.0,0.0,0.0
52292,2023.0,12.0,30.0,3.0,15.975385,15.905536,15.005627,14.895606,15.743171,15.483045,15.538904,15.295464,15.012564,15.134746,15.019461,15.107396,16.82758,16.532003,15.774609,15.53029,15.519654,15.973799,0.0,0.0,0.0,0.0,0.0,0.0,0.0,4.0
52293,2023.0,12.0,30.0,3.0,15.928509,15.858817,15.006854,14.917851,15.6944275,15.437382,15.490418,15.249482,15.016218,15.156987,15.0152645,15.108889,16.782518,16.488558,15.720698,15.477962,14.963273,14.882425,0.0,0.0,0.0,0.0,0.0,0.0,0.0,0.0
52294,2023.0,12.0,30.0,3.0,15.874219,15.799881,15.007465,14.937314,15.642009,15.384863,15.4384575,15.197001,15.239883,15.575879,15.015938,15.119024,16.73673,16.442715,15.665988,15.422878,15.042411,15.059762,0.0,0.0,0.0,4.0,0.0,0.0,0.0,0.0
52295,2023.0,12.0,30.0,3.0,15.828933,15.758545,15.007424,14.954249,15.591959,15.336673,15.388765,15.148693,14.9738035,15.077754,15.016084,15.127526,16.69282,16.39977,15.613977,15.372064,15.015922,15.01989,0.0,0.0,0.0,0.0,0.0,0.0,0.0,0.0
52296,2023.0,12.0,30.0,4.0,15.780572,15.708794,15.008545,14.972593,15.54251,15.289012,15.339735,15.101102,15.221385,15.559179,15.000076,15.0928545,16.650002,16.358368,15.563055,15.322407,15.012974,15.045656,0.0,0.0,0.0,4.0,4.0,0.0,0.0,0.0
52297,2023.0,12.0,30.0,4.0,15.740727,15.676693,15.008598,14.988088,15.49526,15.245039,15.292964,15.057269,14.990863,15.099283,15.023137,15.157459,16.608847,16.319548,15.514083,15.27574,15.013887,15.071641,0.0,0.0,0.0,0.0,0.0,0.0,0.0,0.0
52298,2023.0,12.0,30.0,4.0,15.711612,15.661461,15.016955,15.020715,15.447749,15.199328,15.246115,15.012009,15.00784,15.116673,15.032934,15.189989,16.568531,16.281393,15.465831,15.229224,15.0229845,15.11256,0.0,0.0,0.0,4.0,0.0,0.0,0.0,0.0
52299,2023.0,12.0,30.0,4.0,15.6721735,15.624509,15.0173,15.032719,15.402473,15.157267,15.201468,14.970231,15.055299,15.242862,15.033127,15.19213,16.529385,16.244688,15.419081,15.184769,15.023449,15.125216,0.0,0.0,0.0,0.0,0.0,0.0,0.0,0.0
52300,2023.0,12.0,30.0,4.0,15.627783,15.578519,15.017922,15.047327,15.357948,15.115868,15.157614,14.929159,15.056552,15.227875,15.033792,15.200065,16.490894,16.208624,15.373212,15.141175,15.02492,15.143721,0.0,0.0,0.0,0.0,0.0,0.0,0.0,0.0
52301,2023.0,12.0,30.0,4.0,15.582177,15.531024,15.019103,15.062518,15.314088,15.075054,15.114475,14.888728,15.030491,15.204916,15.03406,15.206972,16.453037,16.173178,15.328137,15.098357,15.026763,15.160796,0.0,0.0,0.0,0.0,0.0,0.0,0.0,0.0
52302,2023.0,12.0,30.0,5.0,15.537073,15.484677,15.019782,15.076366,15.270844,15.034784,15.072001,14.848892,15.03245,15.234405,15.033989,15.213648,16.415775,16.138306,15.283796,15.0562525,15.027726,15.175282,0.0,0.0,0.0,0.0,0.0,0.0,0.0,0.0
52303,2023.0,12.0,30.0,5.0,15.491994,15.438112,15.020772,15.090591,15.227954,14.994576,15.029923,14.809166,15.034071,15.25248,15.034754,15.222219,16.37895,16.103771,15.240015,15.014596,15.027548,15.18704,0.0,0.0,0.0,0.0,0.0,0.0,0.0,0.0
52304,2023.0,12.0,30.0,5.0,15.451114,15.399782,15.020178,15.101119,15.185537,14.954783,15.001148,14.794747,15.034506,15.266416,15.03481,15.229324,16.342487,16.069576,15.196716,14.973398,15.028608,15.20108,0.0,0.0,0.0,0.0,0.0,0.0,0.0,0.0
52305,2023.0,12.0,30.0,5.0,15.412261,15.364059,15.020752,15.113714,15.143652,14.915462,15.003193,14.835536,15.034833,15.278732,15.035717,15.23845,16.306341,16.035671,15.153868,14.932625,15.030007,15.214982,0.0,0.0,0.0,0.0,0.0,0.0,0.0,0.0
52306,2023.0,12.0,30.0,5.0,15.375072,15.330783,15.213541,15.46935,15.103529,14.879161,15.003775,14.860819,15.016293,15.255711,15.015516,15.209498,16.270952,16.003042,15.111898,14.893263,15.012916,15.194829,4.0,0.0,0.0,0.0,0.0,0.0,0.0,0.0
52307,2023.0,12.0,30.0,5.0,15.3360405,15.293045,14.971786,15.025362,15.062382,14.840358,15.0048275,14.887264,15.020314,15.274881,15.002869,15.180046,16.234903,15.968906,15.069554,14.852883,15.016997,15.214903,0.0,0.0,0.0,0.0,4.0,0.0,0.0,0.0
52308,2023.0,12.0,30.0,6.0,16.11948,16.802391,15.015444,15.128323,15.023997,14.806595,15.004895,14.910019,15.01957,15.284175,15.022639,15.245125,16.200857,15.938644,15.029262,14.816291,15.016696,15.226515,0.0,0.0,0.0,0.0,0.0,0.0,0.0,0.0
52309,2023.0,12.0,30.0,6.0,21.078228,25.13464,15.16903,15.41034,20.316599,24.038965,20.878422,25.140427,15.0199585,15.29305,15.019178,15.246178,20.185371,22.700384,20.599937,24.210835,15.360894,15.863235,4.0,0.0,4.0,0.0,0.0,0.0,0.0,4.0
52310,2023.0,12.0,30.0,6.0,20.793894,24.068953,19.776031,23.2985,21.078772,24.767073,21.024149,24.733301,15.0192,15.293471,15.019948,15.252338,21.044994,24.020067,21.347536,25.175022,20.250498,24.289005,0.0,0.0,0.0,0.0,0.0,0.0,0.0,0.0
52311,2023.0,12.0,30.0,6.0,21.094294,24.232609,17.189884,17.65056,21.103195,24.332952,20.916124,24.086878,15.018794,15.289914,15.018363,15.24707,21.185266,23.897522,21.102983,24.271597,17.172056,17.583065,0.0,0.0,0.0,0.0,0.0,0.0,0.0,4.0
52312,2023.0,12.0,30.0,6.0,21.126032,23.972212,15.48342,15.351102,21.097134,23.999954,21.162014,24.163498,15.018914,15.28687,15.003183,15.201068,21.75978,24.59456,22.290716,25.968409,20.258295,23.69258,0.0,0.0,0.0,0.0,4.0,0.0,0.0,0.0
52313,2023.0,12.0,30.0,6.0,21.087038,23.727123,15.133985,14.921549,21.094673,23.770704,21.08876,23.81032,15.018636,15.286648,19.755426,23.299744,20.99269,22.961285,20.905495,23.194832,16.959158,16.804092,0.0,0.0,0.0,0.0,0.0,0.0,0.0,0.0
52314,2023.0,12.0,30.0,7.0,21.089668,23.608208,15.000677,14.825299,21.092047,23.602943,21.095995,23.671322,15.14977,15.513893,17.090502,17.548628,21.08383,23.024664,21.112333,23.49101,15.343934,14.833688,0.0,0.0,0.0,4.0,0.0,0.0,0.0,0.0
52315,2023.0,12.0,30.0,7.0,21.087452,23.510014,15.010751,14.935125,21.089882,23.477665,21.09295,23.551977,20.491861,24.575006,15.693751,15.825862,21.0717,22.907852,21.084312,23.341642,15.249024,15.031007,0.0,0.0,0.0,4.0,4.0,0.0,0.0,0.0
52316,2023.0,12.0,30.0,7.0,21.771904,24.385902,15.824067,15.448004,21.774628,24.335085,21.906374,24.666033,20.163834,23.479868,20.187181,23.62376,21.707613,23.804893,21.945503,24.485783,15.147029,14.954636,0.0,0.0,0.0,0.0,0.0,0.0,0.0,0.0
52317,2023.0,12.0,30.0,7.0,21.077518,23.308624,14.996385,14.962831,21.07324,23.230436,20.91031,22.882288,17.401468,17.707071,17.741613,18.37669,20.943272,22.39934,21.031582,23.018234,14.996163,14.831673,0.0,0.0,0.0,4.0,4.0,0.0,4.0,0.0
52318,2023.0,12.0,30.0,7.0,21.08297,23.282848,15.249853,15.481849,21.085918,23.21182,21.116117,23.292124,21.157742,24.630016,20.291504,23.41203,21.05423,22.597794,21.11127,23.13937,16.026335,15.463596,4.0,0.0,0.0,4.0,0.0,4.0,0.0,0.0
52319,2023.0,12.0,30.0,7.0,21.052107,23.169073,19.786835,23.250942,21.055948,23.096266,21.08001,23.20548,19.905098,22.220171,17.489504,17.583475,21.038227,22.560303,21.09488,23.05137,14.987051,14.932449,0.0,4.0,0.0,0.0,4.0,4.0,0.0,0.0
52320,2023.0,12.0,30.0,8.0,21.082628,23.227818,17.559929,18.290844,21.08504,23.148273,21.059006,23.127779,17.220024,16.935154,20.32179,23.127352,21.090227,22.632088,21.095228,23.005817,15.901026,15.366375,4.0,0.0,4.0,0.0,0.0,0.0,0.0,0.0
52321,2023.0,12.0,30.0,8.0,18.672928,18.542496,20.285679,23.624804,18.636211,18.384802,18.949074,19.091513,15.857097,15.309729,17.629541,17.713602,18.993443,18.555984,19.024214,19.017618,15.001524,15.033896,4.0,0.0,0.0,0.0,4.0,0.0,0.0,0.0
52322,2023.0,12.0,30.0,8.0,18.044104,18.183315,20.188377,22.990961,17.212358,16.553013,17.301367,16.713331,16.495728,16.935995,20.373798,22.980005,18.726324,18.745832,17.935865,17.722404,16.210924,16.027645,4.0,0.0,0.0,4.0,0.0,4.0,0.0,0.0
52323,2023.0,12.0,30.0,8.0,17.229963,16.830275,20.12421,22.63373,17.062534,16.724237,17.32681,17.235243,20.455708,23.579636,17.540266,17.364655,18.708977,18.767704,17.502214,17.277166,14.981055,14.992566,0.0,0.0,4.0,4.0,0.0,4.0,0.0,0.0
52324,2023.0,12.0,30.0,8.0,17.411957,17.56202,17.495462,17.386553,17.631405,17.9785,16.6662,16.103811,20.062286,22.615894,16.633284,16.704178,18.571617,18.645226,17.189642,16.9716,15.026212,15.145642,0.0,4.0,0.0,0.0,4.0,4.0,0.0,0.0
52325,2023.0,12.0,30.0,8.0,16.785353,16.416704,16.311193,16.072117,17.119072,16.997343,16.156307,15.514716,17.304605,17.093754,20.459179,23.247675,17.769367,17.250795,16.934294,16.725384,16.144075,15.97795,0.0,0.0,0.0,0.0,4.0,0.0,0.0,0.0
52326,2023.0,12.0,30.0,9.0,17.057283,17.248653,16.475632,16.63856,16.982832,16.98105,16.952095,17.2841,16.624142,16.733376,20.043821,22.316332,17.285156,16.685402,17.802647,18.565136,15.711184,16.120436,4.0,4.0,4.0,4.0,4.0,0.0,4.0,0.0
52327,2023.0,12.0,30.0,9.0,16.480804,16.140965,20.26047,23.403448,16.947477,16.982859,16.29861,15.887979,21.040514,24.257969,20.11505,22.258867,17.050999,16.450638,17.741001,18.174961,15.735017,16.399391,4.0,4.0,0.0,0.0,0.0,0.0,4.0,4.0
52328,2023.0,12.0,30.0,9.0,16.06473,15.646552,20.048208,22.564577,16.861723,16.910015,15.713629,15.128467,17.791403,17.732315,17.637846,17.353569,17.67668,17.79625,17.611702,18.038576,20.050533,23.721743,4.0,4.0,0.0,0.0,0.0,4.0,4.0,0.0
52329,2023.0,12.0,30.0,9.0,16.631828,16.872236,20.097647,22.400434,16.122007,15.608514,15.484599,14.888065,16.048035,15.537765,16.973621,17.033619,17.868013,18.00515,17.575283,18.008064,17.374792,17.908716,4.0,0.0,0.0,0.0,4.0,4.0,4.0,4.0
52330,2023.0,12.0,30.0,9.0,16.83309,17.150677,20.106007,22.255522,16.391148,16.386992,15.627644,15.340097,15.846317,15.589907,20.44338,23.001198,17.153152,16.672354,16.554077,16.131575,21.45828,25.605087,0.0,4.0,0.0,0.0,0.0,0.0,0.0,4.0
52331,2023.0,12.0,30.0,9.0,16.818056,17.145443,17.73029,17.57656,16.553312,16.635193,15.6601,15.436304,16.46094,16.919395,18.082869,18.317768,17.543621,17.68763,17.094732,17.553278,19.877712,22.330269,0.0,4.0,0.0,4.0,0.0,4.0,4.0,4.0
52332,2023.0,12.0,30.0,10.0,16.073412,15.78181,16.644325,16.388338,16.525421,16.61911,15.587078,15.371691,20.36456,23.646599,17.0609,17.164354,17.720427,17.873272,16.34274,15.934106,20.105932,22.578426,0.0,4.0,0.0,4.0,4.0,4.0,0.0,4.0
52333,2023.0,12.0,30.0,10.0,15.698728,15.336569,16.343367,16.099216,16.500492,16.614096,16.249372,16.683548,20.20416,22.944857,20.445854,23.037773,17.732546,17.896387,15.862562,15.408322,21.46212,24.762386,0.0,4.0,4.0,4.0,4.0,4.0,0.0,0.0
52334,2023.0,12.0,30.0,10.0,16.322098,16.629013,16.55305,16.711731,16.481955,16.616508,16.55998,17.09175,21.415482,24.629854,20.056414,22.186882,17.045475,16.600842,15.691886,15.250911,18.145557,18.067032,4.0,4.0,4.0,4.0,0.0,0.0,0.0,0.0
52335,2023.0,12.0,30.0,10.0,16.582312,16.980093,20.240236,23.29424,16.46601,16.621538,15.711475,15.430518,19.895412,21.715366,17.951319,17.952845,16.676086,16.165361,15.569601,15.147366,17.32464,17.645168,0.0,4.0,0.0,0.0,4.0,0.0,0.0,4.0
52336,2023.0,12.0,30.0,10.0,16.620373,17.036098,17.899971,18.311241,16.452538,16.628862,15.901997,16.045092,17.651018,17.4034,20.379002,22.697119,16.545969,16.044125,16.820679,17.640266,21.475866,24.832178,0.0,4.0,4.0,0.0,0.0,0.0,4.0,4.0
52337,2023.0,12.0,30.0,10.0,15.92759,15.738679,16.431494,16.3109,16.442772,16.638968,15.421244,15.057731,16.468596,15.982054,17.846287,17.701366,17.26282,17.489452,16.041016,15.745375,20.052303,22.25052,0.0,4.0,0.0,0.0,0.0,4.0,0.0,0.0
52338,2023.0,12.0,30.0,11.0,15.573251,15.301404,16.058544,15.866772,15.768286,15.406152,15.7956295,15.957705,16.27687,16.028719,16.711817,16.472885,16.77615,16.365904,15.546969,15.180759,18.31105,18.763508,0.0,0.0,4.0,0.0,0.0,0.0,0.0,4.0
52339,2023.0,12.0,30.0,11.0,15.469884,15.204739,15.885862,15.686206,16.161743,16.307625,15.312342,14.989433,16.140898,15.939533,16.49059,16.267996,16.539698,16.076372,15.430839,15.067498,20.345764,22.55452,0.0,4.0,0.0,0.0,0.0,0.0,0.0,4.0
52340,2023.0,12.0,30.0,11.0,16.166466,16.598883,16.202797,16.431314,15.681955,15.3255415,14.997546,14.595934,15.936909,15.7515545,16.252758,16.040989,16.454002,16.005617,15.343026,14.992256,20.071325,22.091022,4.0,0.0,0.0,0.0,0.0,0.0,0.0,0.0
52341,2023.0,12.0,30.0,11.0,16.416979,16.901844,20.08012,23.25501,15.351417,14.932797,15.277315,14.826623,15.7528925,15.580271,16.044968,15.843215,16.61119,16.40175,15.449248,15.289711,18.475712,18.932673,0.0,0.0,0.0,0.0,0.0,0.0,0.0,4.0
52342,2023.0,12.0,30.0,11.0,15.808815,15.737452,18.119745,18.908152,15.229588,14.821028,15.235444,15.067568,15.5937805,15.432094,15.8709955,15.682043,16.657276,16.474346,15.4675255,15.324699,20.320517,22.682768,4.0,0.0,0.0,0.0,0.0,0.0,0.0,0.0
52343,2023.0,12.0,30.0,11.0,16.202452,16.670774,20.230083,23.057316,15.349583,15.164081,15.235125,15.098931,16.238956,16.77697,16.13468,16.31668,16.63248,16.455776,15.431585,15.294455,17.85495,17.761251,0.0,0.0,0.0,4.0,4.0,0.0,0.0,0.0
52344,2023.0,12.0,30.0,12.0,16.420536,16.938354,17.975449,18.310112,16.125881,16.637827,15.931615,16.452868,20.817022,24.586933,20.367405,23.437456,16.606718,16.43481,15.394346,15.261752,16.613647,16.234446,4.0,4.0,4.0,0.0,0.0,0.0,0.0,0.0
52345,2023.0,12.0,30.0,12.0,21.215155,25.18082,20.24711,22.969027,20.890743,24.70311,21.227922,25.445396,17.597433,17.717272,17.881712,18.278788,20.81853,23.617147,21.281681,25.252756,16.38675,16.192303,4.0,0.0,4.0,0.0,0.0,0.0,0.0,0.0
52346,2023.0,12.0,30.0,12.0,21.01619,24.270761,20.036919,22.266073,21.057878,24.407537,21.022568,24.438313,15.928639,15.572353,16.400642,16.25278,21.80435,25.025866,21.904345,25.915907,16.20574,16.034458,4.0,0.0,4.0,0.0,0.0,4.0,0.0,0.0
52347,2023.0,12.0,30.0,12.0,21.095745,24.068869,20.084398,22.17889,21.093512,24.049147,21.127518,24.2539,15.773213,15.598619,16.085567,15.911072,21.10059,23.399883,23.086573,27.404478,16.018196,15.860591,4.0,4.0,0.0,0.0,0.0,0.0,4.0,0.0
52348,2023.0,12.0,30.0,12.0,21.082376,23.799372,20.076445,22.042017,21.087404,23.761805,21.086515,23.872839,15.686077,15.536804,16.336266,16.538584,21.097506,23.157684,20.819479,22.94458,15.860237,15.712946,4.0,4.0,4.0,0.0,4.0,0.0,0.0,0.0
52349,2023.0,12.0,30.0,12.0,21.105421,23.691132,20.092945,22.00256,21.085014,23.564169,21.090113,23.684015,15.565602,15.426784,20.358763,23.244984,21.050388,22.874914,21.129892,23.4314,16.761623,17.54738,0.0,4.0,4.0,0.0,0.0,4.0,0.0,4.0
52350,2023.0,12.0,30.0,13.0,21.097754,23.54335,18.367722,18.606907,21.081984,23.417713,21.085976,23.53213,15.462604,15.332447,17.98982,18.374493,21.0839,22.838852,21.08918,23.240831,20.367964,23.621677,4.0,4.0,4.0,0.0,0.0,0.0,0.0,0.0
52351,2023.0,12.0,30.0,13.0,21.153696,23.55364,20.247568,22.479279,21.079605,23.307253,21.106888,23.482843,15.373298,15.2486515,16.58185,16.45713,21.122206,22.816631,21.074097,23.150122,17.449806,17.479517,4.0,4.0,0.0,0.0,0.0,0.0,0.0,0.0
52352,2023.0,12.0,30.0,13.0,21.052202,23.284595,20.039013,21.912346,21.100979,23.28638,21.076096,23.31386,16.144999,16.783026,16.248669,16.083591,21.045828,22.567835,21.077095,23.104076,16.105528,15.801464,4.0,0.0,4.0,4.0,0.0,4.0,0.0,0.0
52353,2023.0,12.0,30.0,13.0,21.0748,23.262272,20.092829,21.939346,21.070742,23.136684,21.103996,23.322477,20.292976,23.788164,16.06819,15.905369,21.049465,22.522646,21.075872,23.05514,15.961947,15.8155,0.0,4.0,0.0,0.0,0.0,4.0,0.0,0.0
52354,2023.0,12.0,30.0,13.0,21.095516,23.270239,18.43686,18.679249,21.07447,23.09119,21.096985,23.251595,17.337606,17.457373,15.934759,15.780577,21.047749,22.477413,21.036999,22.91149,15.863649,15.73648,4.0,4.0,0.0,0.0,0.0,4.0,4.0,0.0
52355,2023.0,12.0,30.0,13.0,21.089565,23.208454,20.24405,22.406555,21.072468,23.04453,21.09631,23.202383,16.627865,17.011105,15.819044,15.6689625,21.046692,22.440456,21.095024,23.000233,16.777033,17.58355,4.0,4.0,0.0,4.0,0.0,4.0,0.0,4.0
52356,2023.0,12.0,30.0,14.0,21.088793,23.16337,20.056057,21.903368,21.071318,23.006084,21.077969,23.158579,20.473162,23.504261,15.718464,15.573866,21.045612,22.408205,21.083921,22.928875,20.36925,23.619251,0.0,4.0,0.0,0.0,0.0,4.0,0.0,0.0
52357,2023.0,12.0,30.0,14.0,19.762877,20.577274,18.442886,18.709824,18.935701,18.91029,19.603104,20.286972,17.635153,17.724136,15.636543,15.500445,19.917763,20.215204,19.739315,20.262995,18.141825,18.769037,4.0,0.0,4.0,0.0,0.0,4.0,4.0,4.0
52358,2023.0,12.0,30.0,14.0,18.411858,18.314259,20.23637,22.181587,17.946764,17.52168,18.400932,18.376207,17.299212,17.576216,15.574964,15.441536,19.595865,19.823645,18.464962,18.140713,20.410944,22.878012,4.0,0.0,0.0,4.0,0.0,4.0,0.0,0.0
52359,2023.0,12.0,30.0,14.0,17.695562,17.477165,20.05738,21.768442,18.124653,18.26147,18.169321,18.367844,20.428135,22.967178,15.510242,15.381991,18.737291,18.361116,17.79168,17.406885,17.862103,17.843758,0.0,4.0,4.0,0.0,0.0,0.0,0.0,0.0
52360,2023.0,12.0,30.0,14.0,17.33877,17.119106,18.216372,18.19948,18.117264,18.34496,17.407246,17.114645,18.408083,18.871529,15.844111,16.062954,18.243095,17.80341,17.436665,17.06051,16.652626,16.360926,0.0,4.0,0.0,4.0,4.0,0.0,0.0,0.0
52361,2023.0,12.0,30.0,14.0,18.081663,18.727987,17.987028,18.204302,17.99684,18.239908,16.984173,16.59645,21.294323,23.858757,20.265059,23.581268,18.039232,17.60195,17.38418,17.189524,16.49516,16.333208,4.0,4.0,0.0,0.0,0.0,0.0,0.0,0.0
52362,2023.0,12.0,30.0,15.0,18.086172,18.60225,20.234352,22.373028,17.8641,18.124754,17.38894,17.601957,18.66053,19.069641,18.087454,18.78114,18.6251,18.888985,17.25277,17.094265,17.28043,17.981802,0.0,4.0,4.0,4.0,4.0,4.0,0.0,4.0
52363,2023.0,12.0,30.0,15.0,17.24979,17.160011,18.773556,19.347868,17.109638,16.831099,16.854343,16.596798,21.388992,24.242456,20.298428,23.155935,18.799511,19.098763,17.083427,16.935225,21.36166,24.90834,4.0,0.0,0.0,0.0,0.0,4.0,0.0,0.0
52364,2023.0,12.0,30.0,15.0,17.536016,17.981018,20.252424,22.344673,17.3389,17.555086,16.431885,16.08623,18.798195,18.87574,18.066027,18.422096,18.05257,17.72936,16.929243,16.788258,18.257967,18.391418,0.0,4.0,0.0,0.0,0.0,0.0,0.0,0.0
52365,2023.0,12.0,30.0,15.0,17.693058,18.212652,18.56105,18.871712,17.46831,17.766472,16.419323,16.256004,17.225292,16.890686,17.105406,17.311728,18.428968,18.721369,16.793718,16.65866,16.70285,16.433022,4.0,4.0,0.0,0.0,4.0,4.0,0.0,0.0
52366,2023.0,12.0,30.0,15.0,17.663427,18.183187,20.236235,22.13851,17.430449,17.73937,16.37212,16.24968,17.018385,16.823013,20.43988,23.028173,17.830118,17.518791,16.690727,16.559563,16.516573,16.359638,0.0,4.0,0.0,0.0,0.0,0.0,0.0,0.0
52367,2023.0,12.0,30.0,15.0,17.63237,18.163435,18.648571,18.928648,17.379961,17.69809,16.990967,17.504217,17.561718,18.05061,18.222467,18.55647,17.476082,17.104279,16.58589,16.460857,17.298115,18.001427,4.0,4.0,4.0,4.0,0.0,0.0,0.0,4.0
52368,2023.0,12.0,30.0,16.0,17.597685,18.12575,20.228188,22.00792,17.33978,17.664816,16.566385,16.623222,20.321321,22.858334,17.213097,17.038216,18.150253,18.478827,17.601107,18.45586,20.345,23.257418,4.0,4.0,0.0,0.0,0.0,4.0,4.0,0.0
52369,2023.0,12.0,30.0,16.0,16.91594,16.88615,20.0542,21.615885,17.296978,17.627731,16.022493,15.762986,17.946247,17.946163,16.8642,16.681717,17.643137,17.345116,16.810753,16.63185,17.713102,17.763268,0.0,4.0,0.0,0.0,0.0,0.0,0.0,0.0
52370,2023.0,12.0,30.0,16.0,17.246246,17.73999,18.343918,18.303364,17.256994,17.592512,15.804036,15.501136,16.742674,16.429852,16.629896,16.458914,18.083136,18.415228,16.317959,16.048296,16.47455,16.208702,0.0,4.0,0.0,0.0,0.0,4.0,0.0,0.0
52371,2023.0,12.0,30.0,16.0,17.372051,17.921862,18.173382,18.389765,16.561987,16.324863,16.626762,17.145525,16.614737,16.43822,16.471502,16.303219,17.494019,17.192484,16.18446,15.906575,16.337698,16.18811,4.0,0.0,4.0,0.0,0.0,0.0,0.0,0.0
52372,2023.0,12.0,30.0,16.0,17.37547,17.922426,20.217,22.166729,16.255816,15.926955,16.083632,15.981158,16.497389,16.350685,16.330448,16.168167,17.254028,16.891691,16.231205,16.096388,17.166475,17.877865,4.0,0.0,0.0,0.0,0.0,0.0,0.0,4.0
52373,2023.0,12.0,30.0,16.0,17.36576,17.904842,20.038622,21.664688,16.099588,15.775481,16.35598,16.691908,17.101238,17.637232,16.186308,16.030775,17.93887,18.282574,16.21344,16.097124,20.338516,23.268726,4.0,0.0,4.0,4.0,0.0,4.0,0.0,0.0
52374,2023.0,12.0,30.0,17.0,17.366707,17.914,20.06371,21.628424,15.977364,15.659138,15.950456,15.813314,20.340315,23.19872,16.06101,15.911521,18.178759,18.53612,16.15411,16.04001,18.347002,18.967833,4.0,0.0,0.0,0.0,0.0,4.0,0.0,4.0
52375,2023.0,12.0,30.0,17.0,17.365118,17.913303,20.05972,21.563501,16.776306,17.27248,16.304392,16.644773,17.78727,17.836388,15.953456,15.809621,17.481705,17.192942,16.094757,15.981047,20.334396,22.91738,4.0,4.0,4.0,0.0,0.0,0.0,0.0,4.0
52376,2023.0,12.0,30.0,17.0,17.360739,17.90941,20.076538,21.571022,17.13281,17.733946,16.520796,16.91622,16.50309,16.1785,15.858258,15.717214,17.152262,16.7961,16.038702,15.923444,20.008718,22.061897,0.0,4.0,4.0,0.0,0.0,0.0,0.0,4.0
52377,2023.0,12.0,30.0,17.0,17.353756,17.901373,18.728487,18.937265,16.97305,17.364752,16.554228,16.94767,16.369682,16.20627,15.7820425,15.650109,17.839079,18.185478,15.991713,15.878636,20.057074,21.9997,4.0,4.0,4.0,0.0,0.0,4.0,0.0,4.0
52378,2023.0,12.0,30.0,17.0,17.341478,17.883785,20.226425,22.053787,16.904442,17.276052,16.577574,16.970436,16.267807,16.130024,16.12427,16.360783,18.091946,18.457647,15.94724,15.834524,20.050629,21.879,0.0,4.0,4.0,0.0,4.0,4.0,0.0,4.0
52379,2023.0,12.0,30.0,17.0,17.338362,17.886448,18.693815,18.923573,16.898506,17.269773,16.595428,16.987946,16.142807,16.012497,20.346567,23.409765,18.14116,18.504784,15.906511,15.794189,20.831713,23.194387,4.0,4.0,4.0,0.0,0.0,4.0,0.0,0.0
52380,2023.0,12.0,30.0,18.0,16.692066,16.685856,20.235205,22.142927,16.895031,17.266485,15.998377,15.865309,16.029415,15.902857,17.948225,18.36854,18.180422,18.542557,15.868991,15.75716,18.63028,18.628998,0.0,4.0,0.0,0.0,0.0,4.0,0.0,0.0
52381,2023.0,12.0,30.0,18.0,21.210367,24.812592,18.679813,18.930481,21.33063,24.949795,20.921635,24.627651,16.733038,17.323368,16.553259,16.464342,21.136135,23.71362,21.540413,25.43058,17.273075,16.922234,4.0,4.0,0.0,4.0,0.0,0.0,0.0,0.0
52382,2023.0,12.0,30.0,18.0,21.030643,23.945364,20.23385,22.152012,21.018354,23.868805,21.025919,24.195955,20.360464,23.491905,16.248072,16.102879,22.064787,24.914211,22.095121,25.895699,16.854824,16.497671,4.0,4.0,4.0,0.0,0.0,4.0,0.0,0.0
52383,2023.0,12.0,30.0,18.0,21.101067,23.754286,20.032112,21.601097,21.111036,23.750143,21.093115,23.93301,17.631033,17.690836,16.504244,16.725042,21.77724,24.012022,20.926434,23.379187,16.764267,16.587795,4.0,0.0,4.0,0.0,4.0,4.0,0.0,0.0
52384,2023.0,12.0,30.0,18.0,21.147066,23.655445,20.16136,21.768324,21.146322,23.595303,21.144827,23.77516,16.317951,16.008514,20.422256,23.323957,21.027735,22.512009,21.18851,23.683342,17.65194,18.405525,4.0,0.0,4.0,0.0,0.0,4.0,0.0,4.0
52385,2023.0,12.0,30.0,18.0,21.05068,23.307047,20.074165,21.542698,21.069944,23.25935,21.079638,23.459003,16.206379,16.050936,18.048307,18.386665,21.05839,22.50785,21.038378,23.193106,20.323105,22.907442,0.0,4.0,4.0,0.0,0.0,4.0,4.0,0.0
52386,2023.0,12.0,30.0,19.0,21.053806,23.220928,18.74579,18.930569,21.072351,23.148628,21.077164,23.31958,16.139616,16.004414,16.741083,16.632208,21.043537,22.426113,21.096733,23.194801,17.877546,17.831478,4.0,4.0,4.0,0.0,0.0,4.0,0.0,0.0
52387,2023.0,12.0,30.0,19.0,21.092325,23.217865,20.22824,21.990265,21.069977,23.057774,21.075077,23.214554,16.038818,15.909004,16.443077,16.28732,21.043732,22.38214,21.084608,23.058912,16.747314,16.430744,4.0,4.0,4.0,0.0,0.0,4.0,0.0,0.0
52388,2023.0,12.0,30.0,19.0,21.05346,23.042887,20.020576,21.469225,21.065672,22.982937,21.095476,23.19675,15.949531,15.822321,16.268084,16.106985,21.041155,22.339636,21.040976,22.858587,16.627773,16.479053,4.0,4.0,0.0,0.0,0.0,4.0,4.0,0.0
52389,2023.0,12.0,30.0,19.0,21.089724,23.074986,20.08012,21.535955,21.091396,22.99843,21.090471,23.119015,16.71278,17.336569,16.150154,15.998427,21.041351,22.307272,21.090883,22.92327,16.51867,16.380074,0.0,0.0,0.0,4.0,0.0,4.0,0.0,0.0
52390,2023.0,12.0,30.0,19.0,21.055235,22.935085,18.768156,18.953167,21.084608,22.933914,21.0657,22.995314,20.336555,23.427402,16.051582,15.908382,21.04045,22.276981,21.08002,22.844446,16.396196,16.266336,4.0,0.0,4.0,4.0,0.0,4.0,0.0,0.0
52391,2023.0,12.0,30.0,19.0,21.059702,22.904394,20.22724,21.966879,21.084024,22.888578,21.093643,23.02966,20.019398,22.365301,15.963363,15.82324,21.039783,22.250526,21.041494,22.692364,17.307165,18.093683,4.0,0.0,0.0,4.0,0.0,4.0,4.0,4.0
52392,2023.0,12.0,30.0,20.0,21.057964,22.86781,20.031656,21.468245,21.067257,22.848492,21.086906,22.976856,20.093588,22.238073,15.886766,15.750868,21.06843,22.302933,21.086184,22.77577,20.340612,23.155764,4.0,0.0,0.0,0.0,0.0,0.0,0.0,0.0
52393,2023.0,12.0,30.0,20.0,21.05693,22.836761,20.05839,21.456047,21.044153,22.771278,21.046385,22.872429,17.915766,17.82877,15.82247,15.6910515,21.033182,22.185099,21.038475,22.618628,17.771692,17.754616,4.0,4.0,4.0,0.0,0.0,4.0,4.0,0.0
52394,2023.0,12.0,30.0,20.0,21.082384,22.880333,20.071503,21.453573,21.073227,22.839952,21.093025,22.947725,17.62255,17.984398,15.766525,15.638045,21.037441,22.175657,21.085255,22.713905,16.61275,16.320705,0.0,0.0,0.0,4.0,0.0,4.0,0.0,0.0
52395,2023.0,12.0,30.0,20.0,21.049988,22.766771,18.49372,18.399145,21.057457,22.744541,21.059536,22.829859,20.375212,22.651516,15.721529,15.5990715,21.066296,22.23556,21.075113,22.66419,16.508512,16.368093,0.0,4.0,4.0,0.0,0.0,0.0,0.0,0.0
52396,2023.0,12.0,30.0,20.0,21.054426,22.75283,18.198967,18.438465,21.060204,22.72,21.064672,22.817284,18.057402,17.998636,15.676252,15.553924,21.031157,22.124222,21.075132,22.635056,16.426308,16.30232,4.0,4.0,4.0,0.0,0.0,4.0,0.0,0.0
52397,2023.0,12.0,30.0,20.0,21.079706,22.803173,20.2551,22.139776,21.08369,22.761635,21.087824,22.863262,17.661758,17.984026,15.633213,15.51116,21.06573,22.198555,21.06189,22.606705,16.32052,16.201994,0.0,0.0,0.0,4.0,0.0,0.0,0.0,0.0
52398,2023.0,12.0,30.0,21.0,21.047531,22.695848,18.680424,18.926577,21.077778,22.72243,21.057623,22.760435,20.394892,22.625086,15.963149,16.159336,21.059523,22.166046,21.062792,22.600683,16.229158,16.115217,0.0,0.0,4.0,4.0,4.0,0.0,0.0,0.0
52399,2023.0,12.0,30.0,21.0,21.078789,22.759054,17.710272,17.632034,21.053127,22.628532,21.062748,22.753088,20.92037,23.221256,20.446297,23.587643,21.05974,22.147404,21.023586,22.48536,16.14852,16.036669,0.0,4.0,4.0,0.0,0.0,0.0,4.0,0.0
52400,2023.0,12.0,30.0,21.0,21.045952,22.651663,17.848106,18.105164,21.082249,22.688381,21.085802,22.800674,18.1717,18.02965,17.948069,18.370996,21.046337,22.129354,21.081959,22.601635,16.077896,15.968157,4.0,0.0,0.0,0.0,0.0,0.0,0.0,0.0
52401,2023.0,12.0,30.0,21.0,21.051445,22.648066,20.269827,22.372097,21.051506,22.587044,21.05577,22.698788,17.163317,16.79692,16.897783,17.104324,21.04769,22.13381,21.071491,22.551483,16.014181,15.903466,4.0,4.0,4.0,0.0,4.0,0.0,0.0,0.0
52402,2023.0,12.0,30.0,21.0,21.07701,22.70663,20.026396,21.665407,21.081507,22.65173,21.060955,22.692863,17.022556,16.835161,20.451694,23.151339,21.047352,22.131142,21.071884,22.52479,15.95685,15.845527,4.0,0.0,4.0,0.0,0.0,0.0,0.0,0.0
52403,2023.0,12.0,30.0,21.0,21.071531,22.677065,20.077124,21.635258,21.050537,22.551857,21.084347,22.742992,16.897505,16.731197,18.15296,18.449402,21.017578,22.049187,21.058828,22.499092,16.856716,17.587938,0.0,4.0,0.0,0.0,0.0,4.0,0.0,4.0
52404,2023.0,12.0,30.0,22.0,21.04512,22.587555,18.410404,18.33537,21.08062,22.617983,21.078777,22.70966,16.742962,16.583664,17.250134,17.429857,21.035326,22.061615,21.021017,22.39158,20.340689,23.385656,0.0,0.0,0.0,0.0,4.0,4.0,4.0,0.0
52405,2023.0,12.0,30.0,22.0,21.07631,22.659477,18.092245,18.32397,21.049467,22.518753,21.053806,22.61856,16.609735,16.456352,20.430899,22.879404,21.06301,22.11887,21.079622,22.512953,18.231157,18.748335,4.0,4.0,4.0,0.0,0.0,0.0,0.0,4.0
52406,2023.0,12.0,30.0,22.0,21.043695,22.560795,20.229218,22.175167,21.079554,22.586094,21.05801,22.611639,17.14776,17.58068,18.537195,19.001787,21.027815,22.008076,21.030085,22.362299,20.349403,22.933273,4.0,0.0,4.0,4.0,4.0,4.0,4.0,0.0
52407,2023.0,12.0,30.0,22.0,21.049252,22.56327,20.031404,21.575233,21.07318,22.556242,21.056982,22.596025,20.483885,23.18603,20.303053,22.502647,21.062725,22.084446,21.037945,22.364286,18.501804,18.975061,4.0,0.0,4.0,4.0,4.0,0.0,4.0,4.0
52408,2023.0,12.0,30.0,22.0,21.074242,22.622648,20.074423,21.547651,21.05804,22.538946,21.081308,22.649567,20.041737,22.076727,20.047546,21.808477,21.0268,21.976107,21.076077,22.456484,22.06748,25.588898,0.0,0.0,0.0,0.0,0.0,4.0,0.0,0.0
52409,2023.0,12.0,30.0,22.0,21.068377,22.593363,18.466116,18.373405,21.03474,22.476604,21.050396,22.548014,17.965075,17.84709,18.420856,18.512014,21.031862,21.978058,21.06788,22.41937,19.374445,19.852926,0.0,4.0,4.0,0.0,4.0,4.0,0.0,4.0
52410,2023.0,12.0,30.0,23.0,21.042078,22.504442,17.738058,17.581354,21.03939,22.491247,21.080631,22.61294,17.557663,17.743382,20.3405,22.262434,21.031141,21.969707,21.06803,22.398306,21.287117,23.8742,0.0,4.0,0.0,4.0,0.0,4.0,0.0,4.0
52411,2023.0,12.0,30.0,23.0,19.935492,20.376997,17.535719,17.382778,19.321632,19.204388,19.310225,19.200247,17.05279,16.797169,18.538212,18.700392,19.637867,19.315504,19.374355,19.126455,18.978607,18.975325,0.0,0.0,0.0,0.0,0.0,0.0,0.0,0.0
52412,2023.0,12.0,30.0,23.0,19.541826,19.892973,17.839722,18.068266,19.135525,19.223507,18.47817,18.029749,16.717928,16.370169,17.72542,17.525366,19.093725,18.59976,19.927458,20.60087,18.629288,18.87946,4.0,4.0,0.0,0.0,0.0,0.0,4.0,4.0
52413,2023.0,12.0,30.0,23.0,18.711903,18.504875,17.482386,17.416723,19.044258,19.193424,18.368015,18.145048,17.318113,17.673086,17.450031,17.23798,18.863935,18.374388,19.761528,20.216194,17.777016,17.402376,0.0,4.0,0.0,4.0,0.0,0.0,4.0,0.0
52414,2023.0,12.0,30.0,23.0,19.012127,19.342148,17.685965,17.926159,18.280457,17.897963,18.894785,19.318398,16.899359,16.784462,17.240776,17.03162,19.694088,20.144678,18.721273,18.373446,18.096926,18.355585,4.0,0.0,4.0,0.0,0.0,4.0,0.0,4.0
52415,2023.0,12.0,30.0,23.0,18.351133,18.154268,17.089916,16.786152,17.90191,17.436272,18.3735,18.360514,16.493004,16.166058,17.065441,16.859974,19.585936,19.809185,18.28484,17.86343,17.421833,17.103554,0.0,0.0,0.0,0.0,0.0,4.0,0.0,0.0
52416,2023.0,12.0,31.0,0.0,18.011116,17.741041,16.76178,16.336473,17.692696,17.231447,17.761871,17.362206,16.317755,15.973457,16.912683,16.711254,18.833612,18.445827,18.048685,17.633419,17.810987,18.10593,0.0,0.0,0.0,0.0,0.0,0.0,0.0,4.0
52417,2023.0,12.0,31.0,0.0,17.829311,17.565279,16.839996,16.631788,17.749537,17.52579,17.490551,17.054564,16.364662,16.186895,16.779024,16.58323,18.516888,18.051262,17.860115,17.455412,17.149965,16.839138,0.0,0.0,0.0,0.0,0.0,0.0,0.0,0.0
52418,2023.0,12.0,31.0,0.0,17.922035,17.911428,16.820335,16.658781,17.685774,17.501749,17.558056,17.370382,16.335299,16.181654,16.652464,16.455221,18.346313,17.873356,17.895248,17.696495,16.818146,16.452051,0.0,0.0,0.0,0.0,0.0,0.0,0.0,0.0
52419,2023.0,12.0,31.0,0.0,17.853807,17.861416,16.752808,16.59842,17.584843,17.41096,18.192625,18.654528,16.274542,16.12665,16.549034,16.361227,18.442307,18.199215,17.81439,17.631832,16.8237,16.638441,0.0,0.0,4.0,0.0,0.0,0.0,0.0,0.0
52420,2023.0,12.0,31.0,0.0,18.518127,19.195787,17.152977,17.40864,17.484724,17.314543,17.724482,17.716011,16.832085,17.233349,16.765823,16.857645,19.218605,19.72902,17.713142,17.536427,16.749226,16.58913,4.0,0.0,0.0,4.0,4.0,4.0,0.0,0.0
52421,2023.0,12.0,31.0,0.0,18.01526,18.156673,16.87934,16.856367,17.392271,17.226072,17.201826,16.836382,16.407034,16.303925,16.81762,16.929878,18.412388,18.052645,17.617395,17.445143,17.417967,17.94305,0.0,0.0,0.0,0.0,4.0,0.0,0.0,4.0
52422,2023.0,12.0,31.0,1.0,17.481943,17.248245,16.657387,16.514534,17.303143,17.136547,16.971563,16.552942,16.209908,16.05861,16.794512,16.91069,18.090588,17.628323,17.525066,17.35304,17.634018,18.21774,0.0,0.0,0.0,0.0,4.0,0.0,0.0,4.0
52423,2023.0,12.0,31.0,1.0,17.309168,17.063044,16.57438,16.425476,17.225752,17.063936,17.061901,16.86551,16.753117,17.141323,16.486996,16.357965,18.746237,18.972565,18.513935,19.296553,17.469244,17.836384,0.0,0.0,0.0,4.0,0.0,4.0,4.0,4.0
52424,2023.0,12.0,31.0,1.0,17.411362,17.385887,16.508013,16.357977,17.15111,16.990719,17.044867,16.892065,16.160814,15.882322,16.30361,16.12698,18.169397,17.780777,17.584015,17.31216,17.423168,17.76392,0.0,0.0,0.0,0.0,0.0,0.0,0.0,4.0
52425,2023.0,12.0,31.0,1.0,17.402346,17.41581,16.44819,16.29683,17.080738,16.920376,16.975817,16.825193,15.888544,15.539477,16.202038,16.019966,18.690231,18.926876,17.217602,16.836197,16.66637,16.356983,0.0,0.0,0.0,0.0,0.0,4.0,0.0,0.0
52426,2023.0,12.0,31.0,1.0,17.343805,17.359077,16.393284,16.241629,17.015379,16.855793,16.908163,16.7586,15.962918,15.784924,16.12082,15.940106,18.077665,17.667591,17.08449,16.703466,16.376963,16.021069,0.0,0.0,0.0,0.0,0.0,0.0,0.0,0.0
52427,2023.0,12.0,31.0,1.0,17.282593,17.295341,16.338835,16.184076,16.95064,16.788687,16.839699,16.687881,15.956756,15.803624,16.045092,15.862407,17.827347,17.355682,17.175896,16.996965,16.231419,15.87221,0.0,0.0,0.0,0.0,0.0,0.0,0.0,0.0
52428,2023.0,12.0,31.0,2.0,18.001312,18.697367,16.292538,16.140247,16.895008,16.736746,16.78048,16.632753,15.910851,15.754822,15.982319,15.804378,17.72985,17.264532,17.140814,16.96603,16.29555,16.117374,0.0,0.0,0.0,0.0,0.0,0.0,0.0,0.0
52429,2023.0,12.0,31.0,2.0,17.502031,17.62363,16.24756,16.096771,16.840937,16.685032,16.72265,16.57749,15.866975,15.710643,15.91982,15.73956,17.869051,17.633785,17.08531,16.911879,16.270967,16.118284,0.0,0.0,0.0,0.0,0.0,0.0,0.0,0.0
52430,2023.0,12.0,31.0,2.0,17.030704,16.813013,16.205349,16.056383,16.790176,16.636782,17.401974,17.903162,15.827177,15.671046,15.863751,15.683785,17.875576,17.66379,17.03125,16.858528,16.21038,16.058077,0.0,0.0,4.0,0.0,0.0,0.0,0.0,0.0
52431,2023.0,12.0,31.0,2.0,16.862629,16.609896,16.164852,16.017378,16.74178,16.590416,16.947012,16.925993,16.368095,16.719576,15.8121195,15.632409,17.834833,17.624474,16.979525,16.807243,16.151882,15.999624,0.0,0.0,0.0,4.0,0.0,0.0,0.0,0.0
52432,2023.0,12.0,31.0,2.0,17.011421,17.00148,16.126019,15.979835,16.695656,16.546059,16.465425,16.087782,15.959331,15.8199625,16.062666,16.142826,17.793348,17.583504,16.930706,16.758793,16.097776,15.945615,0.0,0.0,0.0,0.0,4.0,0.0,0.0,0.0
52433,2023.0,12.0,31.0,2.0,17.016651,17.035881,16.089552,15.945184,16.652395,16.50519,16.301554,15.893019,15.824407,15.667849,15.837053,15.664279,17.753319,17.544636,16.885283,16.714441,16.779875,17.274374,0.0,0.0,0.0,0.0,0.0,0.0,0.0,4.0
52434,2023.0,12.0,31.0,3.0,16.978569,16.998924,16.052652,15.907965,16.608818,16.461725,16.460405,16.30473,15.775091,15.617723,15.729029,15.548055,17.713215,17.504095,16.840637,16.669224,17.059057,17.648804,0.0,0.0,0.0,0.0,0.0,0.0,0.0,4.0
52435,2023.0,12.0,31.0,3.0,16.940098,16.961578,16.018066,15.874162,16.568539,16.422985,16.452833,16.313993,15.732289,15.575329,15.970556,16.038797,17.675209,17.466303,16.799173,16.628197,16.189444,15.90507,0.0,0.0,0.0,0.0,4.0,0.0,0.0,0.0
52436,2023.0,12.0,31.0,3.0,16.897303,16.915915,15.979949,15.832807,16.525072,16.376854,16.412436,16.273117,15.690228,15.529961,15.7391205,15.549911,17.634708,17.422932,16.7558,16.58218,15.898556,15.540054,0.0,0.0,0.0,0.0,0.0,0.0,0.0,0.0
52437,2023.0,12.0,31.0,3.0,16.854816,16.870108,15.941438,15.789803,16.48171,16.329897,16.368185,16.225546,15.650537,15.487001,15.641832,15.453643,17.594843,17.380077,16.713696,16.537483,15.785721,15.423747,0.0,0.0,0.0,0.0,0.0,0.0,0.0,0.0
52438,2023.0,12.0,31.0,3.0,16.833523,16.865854,15.907377,15.755257,16.442879,16.291092,16.327002,16.184727,15.614836,15.450167,15.912699,16.003345,17.557627,17.341866,16.674372,16.497282,15.89976,15.741344,0.0,0.0,0.0,0.0,4.0,0.0,0.0,0.0
52439,2023.0,12.0,31.0,3.0,16.798054,16.828642,15.870795,15.715073,16.40217,16.24761,16.283463,16.13864,15.579185,15.411986,15.992877,16.092957,17.519762,17.301666,16.63497,16.455889,15.876463,15.714496,0.0,0.0,0.0,0.0,4.0,0.0,0.0,0.0
52440,2023.0,12.0,31.0,4.0,16.763496,16.794094,15.839342,15.684239,16.36623,16.212872,16.24503,16.101788,15.546936,15.379516,15.49705,15.121535,17.484715,17.266598,16.598381,16.419308,15.83547,15.673607,0.0,0.0,0.0,0.0,0.0,0.0,0.0,0.0
52441,2023.0,12.0,31.0,4.0,16.727308,16.756033,15.805904,15.648738,16.328465,16.17369,16.204716,16.060108,15.514416,15.345492,15.59355,15.439243,17.449049,17.229713,16.561506,16.381306,15.79344,15.630124,0.0,0.0,0.0,0.0,4.0,0.0,0.0,0.0
52442,2023.0,12.0,31.0,4.0,16.692682,16.720354,15.773119,15.614207,16.291897,16.13596,16.16564,16.019962,15.483585,15.313604,15.604486,15.447771,17.41472,17.194626,16.526194,16.345343,15.7532215,15.589012,0.0,0.0,0.0,0.0,4.0,0.0,0.0,0.0
52443,2023.0,12.0,31.0,4.0,16.66047,16.688831,15.744074,15.586784,16.259083,16.105005,16.13062,15.987083,15.455301,15.285878,15.292599,14.882666,17.382702,17.163523,16.493126,16.313032,15.716314,15.55294,0.0,0.0,0.0,0.0,0.0,0.0,0.0,0.0
52444,2023.0,12.0,31.0,4.0,16.626692,16.653683,15.712606,15.55417,16.224297,16.069399,16.093563,15.949324,15.426683,15.256341,15.381135,15.180709,17.350044,17.130226,16.45975,16.27905,15.679542,15.5153675,0.0,0.0,0.0,0.0,0.0,0.0,0.0,0.0
52445,2023.0,12.0,31.0,4.0,16.594835,16.621847,15.682656,15.524641,16.19147,16.037165,16.058563,15.915159,15.400578,15.23026,15.684544,15.756744,17.319761,17.100323,16.428724,16.248344,15.645968,15.48206,0.0,0.0,0.0,0.0,4.0,0.0,0.0,0.0
52446,2023.0,12.0,31.0,5.0,16.56274,16.589073,15.652291,15.493887,16.158392,16.003904,16.023407,15.87999,15.375191,15.204485,15.450186,15.250475,17.289978,17.07047,16.398329,16.217857,15.613579,15.449457,0.0,0.0,0.0,0.0,0.0,0.0,0.0,0.0
52447,2023.0,12.0,31.0,5.0,17.322952,18.046188,15.622042,15.462676,16.125448,15.970439,15.98869,15.844902,15.350098,15.178625,15.65471,15.708061,17.260363,17.040436,16.368269,16.187431,15.582126,15.417579,0.0,0.0,0.0,0.0,4.0,0.0,0.0,0.0
52448,2023.0,12.0,31.0,5.0,16.820127,16.934757,15.590587,15.428979,16.091408,15.93466,15.9529915,15.807542,15.324419,15.151444,15.446919,15.261731,17.229815,17.008644,16.337326,16.15535,15.5501795,15.384362,0.0,0.0,0.0,0.0,0.0,0.0,0.0,0.0
52449,2023.0,12.0,31.0,5.0,16.310743,16.034212,15.558252,15.39328,16.056498,15.896932,15.9165535,15.7682905,15.298408,15.12327,15.643638,15.709467,17.198374,16.975176,16.305387,16.121521,15.517598,15.349724,0.0,0.0,0.0,0.0,4.0,0.0,0.0,0.0
52450,2023.0,12.0,31.0,5.0,16.164524,15.865338,15.527511,15.360697,16.023273,15.862391,15.881978,15.732461,15.861974,16.20395,15.405579,15.207012,17.167559,16.943453,16.274143,16.089436,15.486109,15.3172865,0.0,0.0,0.0,4.0,0.0,0.0,0.0,0.0
52451,2023.0,12.0,31.0,5.0,16.354002,16.328152,15.496776,15.327901,15.990056,15.82768,15.847552,15.696567,15.462213,15.314215,15.595941,15.645635,17.135975,16.910852,16.2424,16.056759,16.187077,16.664024,0.0,0.0,0.0,0.0,4.0,0.0,0.0,4.0
52452,2023.0,12.0,31.0,6.0,16.382853,16.391775,15.465805,15.294548,15.956671,15.792459,15.813178,15.660305,15.902948,16.232061,15.372634,15.176041,17.103487,16.877079,16.20998,16.02316,15.683232,15.554374,0.0,0.0,0.0,4.0,0.0,0.0,0.0,0.0
52453,2023.0,12.0,31.0,6.0,21.132593,24.750307,15.436586,15.264563,21.014042,24.666422,20.963856,24.686033,20.11626,23.380161,15.26216,15.05471,21.054577,23.578173,21.627035,25.137802,15.313503,14.933488,0.0,0.0,0.0,0.0,0.0,0.0,0.0,0.0
52454,2023.0,12.0,31.0,6.0,21.013597,23.953634,15.405033,15.231937,21.012766,24.05035,21.014048,24.15821,17.74275,18.11215,15.208838,15.002506,21.697428,24.467104,22.316296,25.91776,15.924462,16.221548,0.0,0.0,0.0,4.0,0.0,0.0,0.0,4.0
52455,2023.0,12.0,31.0,6.0,21.086933,23.741081,15.3736515,15.199338,21.093096,23.813404,21.096872,23.918493,20.352694,23.268936,15.158567,14.9517765,20.9573,22.798452,21.954237,24.947493,20.37963,23.79735,0.0,0.0,0.0,0.0,0.0,4.0,0.0,0.0
52456,2023.0,12.0,31.0,6.0,21.075129,23.478561,15.8217945,16.061317,21.080307,23.522152,21.083452,23.621355,18.055166,18.33816,15.113275,14.906177,21.078838,22.890823,20.954174,22.809341,17.307598,17.224113,4.0,0.0,0.0,4.0,0.0,0.0,0.0,0.0
52457,2023.0,12.0,31.0,6.0,21.818813,24.477896,20.239723,23.602999,21.777617,24.425116,21.711037,24.543325,20.349688,22.925493,15.071003,14.862825,21.630621,23.599974,21.919313,24.216013,16.171274,15.986923,0.0,0.0,0.0,0.0,0.0,0.0,0.0,0.0
52458,2023.0,12.0,31.0,7.0,20.912914,22.728716,17.81198,18.286177,20.923426,22.756697,20.97084,22.977192,17.745525,17.54403,15.037811,14.829812,20.968351,22.284094,21.042545,22.74899,16.769989,17.257969,0.0,0.0,0.0,0.0,0.0,0.0,0.0,4.0
52459,2023.0,12.0,31.0,7.0,21.094273,23.046768,16.309607,16.221579,21.09791,23.04805,21.09274,23.14923,16.733175,16.50583,15.005621,14.796861,21.068327,22.456608,21.071955,22.764385,20.381733,23.404108,0.0,0.0,0.0,0.0,0.0,0.0,0.0,0.0
52460,2023.0,12.0,31.0,7.0,21.06609,22.949543,16.457167,16.689823,21.070461,22.94122,21.075018,23.05356,16.523666,16.30796,15.003046,14.817494,21.05642,22.40357,21.067263,22.718088,17.468037,17.276054,4.0,0.0,0.0,0.0,0.0,0.0,0.0,0.0
52461,2023.0,12.0,31.0,7.0,21.844875,24.15065,20.30087,23.36181,21.856596,24.234007,21.7842,24.218325,16.333664,16.12195,15.00326,14.833856,21.658554,23.422426,22.137163,24.355637,16.16828,15.696639,0.0,0.0,0.0,0.0,0.0,0.0,0.0,0.0
52462,2023.0,12.0,31.0,7.0,20.908741,22.409813,17.925478,18.271286,20.932499,22.44877,20.93861,22.569044,16.979002,17.483593,15.002615,14.842261,20.95734,22.049864,20.869839,22.055271,17.184542,17.90586,0.0,0.0,0.0,4.0,0.0,0.0,0.0,4.0
52463,2023.0,12.0,31.0,7.0,21.112375,22.803999,16.525307,16.398178,21.090605,22.774231,21.092413,22.881334,20.35027,23.233913,15.003191,14.850918,21.03644,22.19975,21.098907,22.552622,20.346844,23.128717,0.0,0.0,0.0,0.0,0.0,4.0,0.0,4.0
52464,2023.0,12.0,31.0,8.0,21.078573,22.717644,16.669886,16.877716,21.041676,22.654354,21.045786,22.76205,17.55637,17.36055,15.308008,15.4243355,21.0768,22.269636,21.059547,22.493223,20.057276,22.242651,4.0,4.0,4.0,0.0,4.0,0.0,0.0,0.0
52465,2023.0,12.0,31.0,8.0,19.482325,19.667984,20.758083,23.840511,19.853954,20.373549,19.247532,19.3316,16.225458,15.709307,20.34815,23.733088,19.909079,19.967085,19.422592,19.352566,17.645752,17.362549,0.0,4.0,0.0,0.0,0.0,4.0,0.0,0.0
52466,2023.0,12.0,31.0,8.0,18.561478,18.522938,18.601152,19.116018,18.216778,17.693607,17.808926,17.230844,16.94504,17.358696,17.901014,18.544949,19.43856,19.46301,18.5562,18.322382,16.53017,16.037767,0.0,0.0,0.0,4.0,4.0,4.0,0.0,0.0
52467,2023.0,12.0,31.0,8.0,18.251816,18.168718,17.253948,17.058779,17.593122,16.880367,17.32604,16.64089,20.891453,24.03836,20.431454,22.990894,18.637495,18.073524,18.259302,18.007381,16.243767,15.729094,0.0,0.0,0.0,0.0,0.0,0.0,0.0,0.0
52468,2023.0,12.0,31.0,8.0,18.729706,19.292355,16.830591,16.589437,17.241203,16.532898,17.356356,17.030355,18.457014,18.737906,18.07553,18.295197,18.12214,17.469992,19.03675,19.712358,16.276325,16.032621,0.0,0.0,0.0,4.0,0.0,0.0,4.0,0.0
52469,2023.0,12.0,31.0,8.0,18.176243,18.239124,17.064817,17.19965,17.362213,17.007555,17.988197,18.339151,20.361332,22.355951,17.027115,16.754406,18.66475,18.687063,18.82724,19.15897,16.229553,16.02611,4.0,0.0,4.0,0.0,0.0,4.0,4.0,0.0
52470,2023.0,12.0,31.0,9.0,17.3638,16.935219,20.25416,22.882475,18.021467,18.3524,18.166523,18.606178,17.9381,17.616886,16.646624,16.35292,18.115326,17.565784,17.720018,17.215635,16.108158,15.90714,4.0,4.0,4.0,0.0,0.0,0.0,0.0,0.0
52471,2023.0,12.0,31.0,9.0,17.735327,17.89956,20.057487,22.142761,18.2255,18.65605,17.155193,16.720188,17.435968,17.479704,16.380394,16.091057,17.67271,17.03681,17.18718,16.627234,16.884035,17.470335,0.0,4.0,0.0,4.0,0.0,0.0,0.0,4.0
52472,2023.0,12.0,31.0,9.0,17.181507,16.802113,18.098658,18.138376,17.788183,17.819075,16.53656,15.911407,20.4063,22.584505,16.18154,15.90557,17.472311,16.835749,16.958323,16.40294,20.33462,23.276491,4.0,4.0,0.0,4.0,0.0,0.0,0.0,0.0
52473,2023.0,12.0,31.0,9.0,16.79103,16.32963,20.258465,22.514116,17.559446,17.547466,16.279903,15.632197,20.051085,21.81999,16.009874,15.739114,17.6457,17.337372,17.827972,18.204153,17.505014,17.328419,0.0,4.0,0.0,0.0,0.0,0.0,4.0,0.0
52474,2023.0,12.0,31.0,9.0,17.357372,17.534233,17.955051,17.770945,17.474682,17.46799,17.174004,17.499817,17.890944,17.53565,15.865737,15.606344,18.417171,18.808071,18.113789,18.480068,17.090042,17.394321,0.0,4.0,4.0,0.0,0.0,4.0,4.0,4.0
52475,2023.0,12.0,31.0,9.0,17.51299,17.766031,17.239557,16.91444,17.416506,17.41519,17.116522,17.22769,17.030432,16.393091,16.150818,16.237196,18.286734,18.389265,17.162819,16.679365,20.369114,23.101992,0.0,4.0,4.0,0.0,4.0,4.0,0.0,4.0
52476,2023.0,12.0,31.0,10.0,17.511293,17.75965,17.462566,17.580769,17.356901,17.362415,16.971848,17.028399,17.702757,18.045822,20.404734,23.333742,18.214806,18.30372,17.74834,18.144526,20.96408,23.591166,4.0,4.0,4.0,4.0,0.0,4.0,4.0,0.0
52477,2023.0,12.0,31.0,10.0,17.518686,17.784788,20.254387,22.607422,17.312992,17.333645,16.954134,17.01686,20.313658,22.514534,17.893425,18.162678,18.229448,18.326195,17.042824,16.579754,18.367617,18.219551,4.0,4.0,4.0,0.0,0.0,4.0,0.0,0.0
52478,2023.0,12.0,31.0,10.0,16.808151,16.466513,20.042532,21.896238,16.623102,16.091902,16.282393,15.781472,17.931807,17.645409,16.468493,16.247187,18.242853,18.347862,16.602673,16.099346,16.828009,16.325747,4.0,0.0,0.0,0.0,0.0,4.0,0.0,0.0
52479,2023.0,12.0,31.0,10.0,17.203386,17.444149,20.09379,21.832808,16.941187,16.932295,16.626972,16.65418,16.736217,16.171461,16.159855,15.914994,17.555433,17.050571,16.452745,15.957263,17.62917,18.223438,0.0,4.0,4.0,0.0,0.0,0.0,0.0,4.0
52480,2023.0,12.0,31.0,10.0,16.713888,16.412266,18.062338,17.816273,16.46627,15.966778,16.83229,16.937813,16.674105,16.38925,15.993946,15.757794,17.19714,16.63141,16.345896,15.864693,20.317686,22.74295,0.0,0.0,4.0,0.0,0.0,0.0,0.0,4.0
52481,2023.0,12.0,31.0,10.0,17.141169,17.430538,17.681902,17.827036,16.83661,16.882858,16.15656,15.672184,16.606276,16.37399,16.269764,16.39819,17.060856,16.497177,16.510532,16.297163,20.05544,22.01091,4.0,4.0,0.0,0.0,4.0,0.0,0.0,0.0
52482,2023.0,12.0,31.0,11.0,16.628073,16.346079,20.230736,22.43924,17.021051,17.128569,16.538368,16.602486,16.470623,16.254532,20.306015,23.097681,16.974873,16.426825,17.554573,18.249475,18.531113,18.87495,0.0,4.0,4.0,0.0,0.0,0.0,4.0,4.0
52483,2023.0,12.0,31.0,11.0,16.310015,15.960294,18.418472,18.66491,16.37711,15.927788,16.095762,15.663463,17.091599,17.546125,17.965544,18.26949,17.174034,16.910923,16.75562,16.380754,20.318304,22.452497,0.0,0.0,0.0,4.0,0.0,0.0,0.0,0.0
52484,2023.0,12.0,31.0,11.0,16.198591,15.8504925,17.284681,17.130074,16.7194,16.782202,16.466688,16.551416,20.341475,23.102264,16.927616,17.045856,17.23447,17.001032,16.302301,15.8658695,17.997953,17.767271,0.0,4.0,4.0,0.0,4.0,0.0,0.0,0.0
52485,2023.0,12.0,31.0,11.0,17.178137,17.801788,16.943485,16.729673,16.273666,15.8466835,16.033323,15.623133,17.701778,17.549871,20.423216,23.021683,17.968615,18.41524,16.182716,15.749282,17.763855,18.06931,0.0,0.0,0.0,0.0,0.0,4.0,0.0,4.0
52486,2023.0,12.0,31.0,11.0,17.284307,17.689884,16.745941,16.526987,16.63858,16.728174,15.716181,15.219337,17.150429,17.299599,18.13168,18.378708,18.013472,18.22746,16.324259,16.122442,20.313353,22.530056,0.0,4.0,0.0,4.0,0.0,4.0,0.0,4.0
52487,2023.0,12.0,31.0,11.0,17.223532,17.605852,17.045767,17.224491,16.867546,17.041204,15.616295,15.123088,20.44556,22.899738,16.849125,16.667034,17.254345,16.798824,16.35948,16.174387,20.020157,21.767008,4.0,4.0,0.0,0.0,0.0,0.0,0.0,4.0
52488,2023.0,12.0,31.0,12.0,16.595018,16.42071,20.252829,22.891447,16.234589,15.846286,15.799601,15.569964,17.885448,17.729544,16.508043,16.279936,16.946096,16.449013,16.329042,16.148653,20.088758,21.804281,4.0,0.0,0.0,0.0,0.0,0.0,0.0,0.0
52489,2023.0,12.0,31.0,12.0,22.123177,26.231716,20.050959,22.12424,21.279465,24.86515,21.303534,25.241936,16.634333,16.141262,16.301872,16.070631,21.09602,23.669203,21.583494,25.141811,18.041777,17.76873,0.0,4.0,4.0,0.0,0.0,0.0,0.0,0.0
52490,2023.0,12.0,31.0,12.0,20.887682,23.429552,17.9098,17.781279,21.014904,23.789505,21.019268,24.099714,16.569635,16.329124,16.155537,15.933917,21.001425,23.22618,22.387726,26.051899,17.963783,18.311533,0.0,4.0,0.0,0.0,0.0,4.0,0.0,4.0
52491,2023.0,12.0,31.0,12.0,21.123625,23.613916,17.457275,17.641895,21.08846,23.574604,21.115026,23.863884,16.516098,16.311354,16.03392,15.819106,21.128174,23.162905,21.989933,24.991596,20.281033,22.343159,4.0,4.0,0.0,0.0,0.0,4.0,0.0,4.0
52492,2023.0,12.0,31.0,12.0,21.144323,23.44972,20.295055,22.669273,21.147518,23.45378,21.142704,23.635689,16.39685,16.19917,15.926019,15.714443,21.117579,22.920406,21.930447,24.514755,20.053604,21.749641,0.0,4.0,0.0,0.0,0.0,4.0,0.0,0.0
52493,2023.0,12.0,31.0,12.0,21.063892,23.122726,18.370445,18.651365,21.074451,23.138693,21.078152,23.347769,16.292515,16.101822,15.838891,15.634917,21.0521,22.628931,20.91528,22.465746,18.056776,17.78563,0.0,4.0,0.0,0.0,0.0,4.0,0.0,0.0
52494,2023.0,12.0,31.0,13.0,21.091711,23.096836,17.648666,17.914772,21.069942,23.010656,21.076672,23.230032,16.200325,16.013273,15.76084,15.560317,21.077381,22.58067,21.092735,22.791014,17.063644,16.57951,4.0,4.0,0.0,0.0,0.0,0.0,0.0,0.0
52495,2023.0,12.0,31.0,13.0,21.059286,22.934816,20.263199,22.512104,21.094423,22.988152,21.077267,23.144676,16.12426,15.9449835,15.694594,15.501055,21.071629,22.472761,21.06403,22.70542,18.000786,18.66958,4.0,0.0,0.0,0.0,0.0,0.0,0.0,4.0
52496,2023.0,12.0,31.0,13.0,21.063505,22.88872,20.030401,21.821735,21.063509,22.833578,21.075872,23.075796,16.055782,15.881463,15.635615,15.446562,21.07035,22.395733,21.065807,22.678946,20.253122,22.375107,4.0,4.0,0.0,0.0,0.0,0.0,0.0,4.0
52497,2023.0,12.0,31.0,13.0,21.088335,22.91446,20.089867,21.803751,21.091812,22.855291,21.05012,22.952925,16.83214,17.408594,15.58638,15.402709,21.023,22.257881,21.025652,22.544855,20.01997,21.705097,0.0,0.0,4.0,4.0,0.0,4.0,4.0,4.0
52498,2023.0,12.0,31.0,13.0,21.055319,22.78937,18.154264,17.985575,21.060423,22.726015,21.078428,22.991142,20.310335,23.25785,15.545025,15.367765,21.04531,22.254738,21.086782,22.6485,20.083181,21.714956,0.0,4.0,0.0,0.0,0.0,4.0,0.0,0.0
52499,2023.0,12.0,31.0,13.0,21.059668,22.768396,17.319279,17.11751,21.06487,22.700937,21.090832,22.942518,17.628325,17.543098,15.502563,15.326964,21.042074,22.213923,21.036875,22.481094,18.141327,17.868795,0.0,4.0,0.0,0.0,0.0,4.0,4.0,0.0
52500,2023.0,12.0,31.0,14.0,21.084978,22.81328,17.567566,17.793398,21.062958,22.670197,21.062841,22.812864,16.34515,15.92712,15.4602785,15.286701,21.041225,22.18479,21.044262,22.470325,18.142614,18.540663,4.0,4.0,4.0,0.0,0.0,4.0,4.0,4.0
52501,2023.0,12.0,31.0,14.0,19.665474,20.034412,20.262426,22.54292,19.567692,19.781902,18.955605,18.764051,17.07258,17.547638,15.420089,15.248322,19.388842,19.015646,19.132908,18.818954,20.283743,22.252125,4.0,4.0,0.0,4.0,0.0,0.0,0.0,0.0
52502,2023.0,12.0,31.0,14.0,18.359055,18.092663,20.048761,21.882524,18.80918,18.888506,17.768642,17.273705,20.344633,23.031403,15.382399,15.211399,19.327969,19.447063,18.178627,17.703854,18.168217,17.960575,0.0,4.0,0.0,4.0,0.0,4.0,0.0,0.0
52503,2023.0,12.0,31.0,14.0,18.509426,18.777714,18.093546,17.978636,17.933537,17.480602,17.618052,17.375862,20.047756,22.124794,15.349213,15.180331,18.705927,18.273853,17.813974,17.337667,17.15402,16.737806,0.0,0.0,0.0,0.0,0.0,0.0,0.0,0.0
52504,2023.0,12.0,31.0,14.0,18.55345,18.890661,17.238426,17.053003,17.420696,16.888058,18.17098,18.58839,17.859499,17.685184,15.31552,15.1482,18.235806,17.716541,17.558153,17.095957,17.04621,16.832197,0.0,0.0,4.0,0.0,0.0,0.0,0.0,0.0
52505,2023.0,12.0,31.0,14.0,17.779291,17.520105,17.514704,17.73622,17.884075,17.94849,18.287699,18.794596,17.02435,16.547913,15.284102,15.117173,18.822569,18.99454,17.603022,17.3742,16.953999,16.770958,4.0,4.0,4.0,0.0,0.0,4.0,0.0,0.0
52506,2023.0,12.0,31.0,15.0,18.15527,18.455496,20.278614,22.633064,17.94675,18.089027,17.949257,18.168789,16.971437,16.729517,15.253022,15.087128,18.197193,17.754944,17.530054,17.336813,16.829187,16.656092,0.0,4.0,4.0,0.0,0.0,0.0,0.0,0.0
52507,2023.0,12.0,31.0,15.0,18.25638,18.615562,18.41847,18.729778,17.235054,16.830423,17.09992,16.728102,16.850069,16.65061,15.221331,15.055697,18.579313,18.762724,18.46558,19.224474,17.627813,18.287794,0.0,0.0,0.0,0.0,0.0,4.0,4.0,4.0
52508,2023.0,12.0,31.0,15.0,18.197147,18.559357,17.93917,18.16791,17.567486,17.64559,17.409107,17.51567,16.708426,16.515461,15.194648,15.028236,17.976624,17.543097,17.488192,17.17184,20.309713,22.859571,4.0,4.0,4.0,0.0,0.0,0.0,0.0,0.0
52509,2023.0,12.0,31.0,15.0,17.44786,17.221771,20.238338,22.40492,17.05794,16.657488,17.535671,17.722336,16.556126,16.36986,15.163837,14.996692,17.616995,17.129837,16.955458,16.550941,17.869068,17.749092,0.0,0.0,4.0,0.0,0.0,0.0,0.0,0.0
52510,2023.0,12.0,31.0,15.0,17.037846,16.727322,18.128605,18.066631,16.664263,16.176464,17.47838,17.671667,16.41918,16.239021,15.133223,14.96632,17.481565,16.994944,16.78311,16.374619,16.748804,16.364626,0.0,0.0,4.0,0.0,0.0,0.0,0.0,0.0
52511,2023.0,12.0,31.0,15.0,17.60991,17.926712,17.560308,17.391304,17.195711,17.294622,17.42848,17.624008,16.315994,16.138697,15.106543,14.93889,17.626087,17.38224,17.972662,18.74482,16.7013,16.49765,4.0,4.0,4.0,0.0,0.0,0.0,4.0,0.0
52512,2023.0,12.0,31.0,16.0,17.751787,18.14411,20.249434,22.331295,17.342688,17.530916,17.379944,17.578321,16.218544,16.045237,15.077305,14.908547,17.63363,17.422197,18.021893,18.550983,16.626442,16.455647,0.0,4.0,4.0,0.0,0.0,0.0,4.0,0.0
52513,2023.0,12.0,31.0,16.0,17.752584,18.148134,18.50199,18.675978,16.685131,16.310572,16.700874,16.359915,16.119085,15.951344,15.045535,14.876842,17.577093,17.367062,17.041742,16.70575,16.501757,16.338217,4.0,0.0,0.0,0.0,0.0,0.0,0.0,0.0
52514,2023.0,12.0,31.0,16.0,17.738375,18.131802,20.237259,22.026098,17.066763,17.178297,17.047367,17.17797,16.036585,15.86582,15.017174,14.846639,17.524483,17.313314,16.708607,16.297087,16.398247,16.231852,4.0,4.0,4.0,0.0,0.0,0.0,0.0,0.0
52515,2023.0,12.0,31.0,16.0,17.0244,16.813011,20.034754,21.52193,17.251503,17.439934,16.533659,16.156134,15.949328,15.777543,15.000478,14.841366,17.46653,17.254274,16.552137,16.142553,16.286806,16.11954,4.0,4.0,0.0,0.0,0.0,0.0,0.0,0.0
52516,2023.0,12.0,31.0,16.0,17.425835,17.806107,20.06688,21.513338,16.55538,16.15075,16.888855,17.058168,15.868879,15.696778,15.003132,14.862751,17.41165,17.198921,16.429688,16.02479,16.185276,16.018204,4.0,0.0,4.0,0.0,0.0,0.0,0.0,0.0
52517,2023.0,12.0,31.0,16.0,16.900015,16.712503,20.061983,21.451176,16.926561,17.075327,17.035313,17.24293,15.796217,15.624165,15.358832,15.541948,17.360023,17.147022,16.537945,16.350063,16.093945,15.927295,4.0,4.0,4.0,0.0,4.0,0.0,0.0,0.0
52518,2023.0,12.0,31.0,17.0,17.278292,17.635695,20.25694,21.59938,17.091888,17.285326,17.023775,17.231903,15.730446,15.55944,20.078629,23.218117,17.311888,17.099323,16.537504,16.359093,16.012354,15.846972,4.0,4.0,4.0,0.0,0.0,0.0,0.0,0.0
52519,2023.0,12.0,31.0,17.0,17.455622,17.8515,19.949966,21.042734,17.090971,17.28532,17.005507,17.211866,15.668527,15.496645,17.650257,18.09354,18.023619,18.483803,16.48316,16.305546,15.93605,15.770104,4.0,4.0,4.0,0.0,0.0,4.0,0.0,0.0
52520,2023.0,12.0,31.0,17.0,16.776165,16.574385,20.078358,21.304968,17.076527,17.268322,16.319077,15.9457655,15.610139,15.43628,16.425413,16.596737,17.568037,17.39531,16.425354,16.24594,15.864328,15.696276,4.0,4.0,0.0,0.0,4.0,0.0,0.0,0.0
52521,2023.0,12.0,31.0,17.0,17.168173,17.52844,20.16576,21.479477,16.402887,16.024307,16.656403,16.7984,15.556691,15.382748,20.300568,23.128197,17.091206,16.647055,16.371735,16.192394,16.695602,17.315435,4.0,0.0,4.0,0.0,0.0,0.0,0.0,4.0
52522,2023.0,12.0,31.0,17.0,17.348145,17.739838,20.058563,21.254372,16.723259,16.842268,16.201551,15.851942,15.505326,15.3303585,18.169472,18.704924,16.892452,16.4135,16.318817,16.13839,20.380695,23.512327,4.0,4.0,0.0,0.0,4.0,0.0,0.0,0.0
52523,2023.0,12.0,31.0,17.0,16.703115,16.530003,20.05888,21.246271,16.919762,17.108284,16.539143,16.679638,15.456974,15.280842,20.397224,23.001627,17.04218,16.806248,16.268307,16.086985,17.500725,17.41408,4.0,4.0,4.0,0.0,0.0,0.0,0.0,0.0
52524,2023.0,12.0,31.0,18.0,17.072557,17.43316,20.075743,21.28385,16.923141,17.111658,16.740473,16.943052,15.410449,15.2333765,17.734144,17.607367,17.077866,16.856407,17.247149,17.96899,17.07015,17.417158,0.0,4.0,4.0,0.0,0.0,0.0,4.0,4.0
52525,2023.0,12.0,31.0,18.0,21.246605,24.572222,18.434237,18.130993,21.296053,24.811422,21.094395,24.515728,15.365246,15.186456,16.298885,15.774328,21.253967,23.997028,21.355915,24.8435,20.37189,23.149698,0.0,4.0,0.0,0.0,0.0,0.0,0.0,0.0
52526,2023.0,12.0,31.0,18.0,21.01208,23.64727,17.741133,17.467466,21.047825,23.81625,21.020388,23.82266,15.325025,15.1446085,16.574345,16.637861,20.99028,23.245132,21.952734,25.276924,17.667114,17.509506,0.0,0.0,4.0,0.0,4.0,4.0,0.0,0.0
52527,2023.0,12.0,31.0,18.0,21.106565,23.557413,17.524382,17.274637,21.106813,23.587984,21.091885,23.616476,15.2888565,15.107309,20.459587,23.177006,21.11841,23.204678,20.964571,23.125578,16.418997,15.964688,0.0,0.0,4.0,0.0,0.0,0.0,0.0,0.0
52528,2023.0,12.0,31.0,18.0,21.09056,23.32147,17.307316,17.056614,21.096474,23.33245,21.103334,23.425116,15.255281,15.07276,18.057705,18.301073,21.081633,22.905092,21.754827,24.542072,16.352694,16.137783,0.0,0.0,0.0,0.0,0.0,0.0,0.0,0.0
52529,2023.0,12.0,31.0,18.0,21.087788,23.170298,17.607786,17.785046,21.047258,23.092094,21.094408,23.24012,15.2221,15.037617,16.697262,16.482306,21.048645,22.659508,21.758198,24.26487,16.277506,16.08118,4.0,4.0,0.0,0.0,0.0,4.0,0.0,0.0
52530,2023.0,12.0,31.0,19.0,21.1456,23.21559,20.225725,22.445719,21.15098,23.185812,21.141108,23.19065,15.19143,15.00662,16.35818,16.117533,21.116264,22.681334,21.029634,22.680433,16.158684,15.972221,0.0,0.0,4.0,0.0,0.0,4.0,0.0,0.0
52531,2023.0,12.0,31.0,19.0,21.044937,22.937466,18.431473,18.652443,21.091112,22.965263,21.075417,22.971735,15.162025,14.97732,16.135937,15.897264,21.05212,22.468794,21.10207,22.80804,16.045189,15.855631,0.0,0.0,4.0,0.0,0.0,4.0,0.0,0.0
52532,2023.0,12.0,31.0,19.0,21.075083,22.978704,17.293058,17.080017,21.068647,22.884695,21.07249,22.903444,15.133185,14.947872,15.963093,15.725399,21.079683,22.478865,21.063297,22.713196,15.945633,15.755204,0.0,0.0,4.0,0.0,0.0,0.0,0.0,0.0
52533,2023.0,12.0,31.0,19.0,21.131575,22.981825,16.992996,16.730324,21.146564,22.997536,21.185516,23.093613,15.105204,14.919536,15.811964,15.574739,21.150301,22.550661,21.139967,22.837898,15.860554,15.6709175,0.0,0.0,0.0,0.0,0.0,0.0,0.0,0.0
52534,2023.0,12.0,31.0,19.0,21.126774,22.908266,16.821333,16.562159,21.14255,22.934113,21.14029,22.894142,15.078554,14.892934,15.685849,15.455449,21.145634,22.47292,21.071625,22.620132,15.786839,15.598321,0.0,0.0,4.0,0.0,0.0,0.0,4.0,0.0
52535,2023.0,12.0,31.0,19.0,21.053831,22.744781,17.177387,17.360945,21.035448,22.69593,21.087101,22.808708,15.052918,14.867951,15.579821,15.361653,21.04632,22.289877,21.087332,22.664814,15.721047,15.534277,4.0,4.0,0.0,0.0,0.0,0.0,0.0,0.0
52536,2023.0,12.0,31.0,20.0,21.08885,22.806469,20.25437,22.789867,21.075514,22.781925,21.065966,22.719872,15.79433,16.285244,15.475125,15.255122,21.057331,22.307728,21.080803,22.61427,15.66084,15.476016,0.0,0.0,4.0,4.0,0.0,0.0,0.0,0.0
52537,2023.0,12.0,31.0,20.0,21.081694,22.760496,18.578114,19.111465,21.08835,22.7488,21.09439,22.775919,20.446035,23.98612,15.382643,15.1651535,21.055885,22.297638,21.080574,22.580692,15.605657,15.421618,4.0,0.0,0.0,0.0,0.0,0.0,0.0,0.0
52538,2023.0,12.0,31.0,20.0,21.162674,22.871288,20.279327,22.50984,21.159477,22.827566,21.160566,22.866896,17.16978,17.116468,15.300016,15.082286,21.13386,22.44477,21.193638,22.811693,15.55568,15.372662,0.0,4.0,4.0,0.0,0.0,0.0,0.0,0.0
52539,2023.0,12.0,31.0,20.0,21.05884,22.641195,18.03748,17.878954,21.065107,22.606537,21.06838,22.664843,15.666715,15.238438,15.598754,15.702589,21.05501,22.275257,21.064568,22.547714,15.509691,15.327595,0.0,4.0,4.0,0.0,4.0,0.0,0.0,0.0
52540,2023.0,12.0,31.0,20.0,21.16637,22.861696,17.16853,16.948444,21.16649,22.80627,21.167282,22.869162,16.43992,16.965061,20.403332,23.664473,21.131304,22.418262,21.19158,22.797277,15.4669895,15.285703,4.0,0.0,0.0,4.0,0.0,0.0,0.0,0.0
52541,2023.0,12.0,31.0,20.0,21.157627,22.823538,20.274483,22.55829,21.154829,22.738134,21.15824,22.830244,20.395933,23.47455,17.695866,18.031761,21.128683,22.40238,21.18918,22.784868,15.427151,15.246804,4.0,4.0,0.0,0.0,0.0,0.0,0.0,0.0
52542,2023.0,12.0,31.0,21.0,21.05182,22.569872,20.044476,21.824146,21.063328,22.535978,21.061537,22.596592,17.389683,17.262213,16.145012,15.936081,21.054047,22.241556,21.063679,22.523577,15.389592,15.210032,0.0,4.0,4.0,0.0,0.0,0.0,0.0,0.0
52543,2023.0,12.0,31.0,21.0,21.083517,22.64173,18.356136,18.387835,21.062563,22.522005,21.091135,22.665009,15.957728,15.488267,15.854935,15.631998,21.053856,22.231882,21.063448,22.516146,15.354431,15.176014,4.0,4.0,0.0,0.0,0.0,0.0,0.0,0.0
52544,2023.0,12.0,31.0,21.0,21.17145,22.784847,20.252155,22.245052,21.171003,22.727365,21.165274,22.799513,15.895851,15.67208,15.69457,15.469451,21.134207,22.383533,21.198221,22.77803,15.321161,15.143873,0.0,4.0,0.0,0.0,0.0,0.0,0.0,0.0
52545,2023.0,12.0,31.0,21.0,21.082912,22.616926,18.15997,17.957607,21.06133,22.493862,21.064892,22.623293,15.835975,15.641925,15.566601,15.347202,21.05297,22.210009,21.062475,22.494843,15.289315,15.113098,0.0,4.0,0.0,0.0,0.0,0.0,0.0,0.0
52546,2023.0,12.0,31.0,21.0,21.107601,22.623106,17.257303,16.999489,21.118843,22.593851,21.09057,22.661875,15.704939,15.505581,15.448514,15.224304,21.106806,22.3055,21.12621,22.610394,15.257902,15.0819025,0.0,4.0,4.0,0.0,0.0,0.0,0.0,0.0
52547,2023.0,12.0,31.0,21.0,21.046593,22.506193,17.56089,17.756264,21.076015,22.516943,21.085226,22.64772,15.597436,15.402675,15.354578,15.136854,21.043987,22.171305,21.050562,22.451162,15.229191,15.054389,4.0,0.0,0.0,0.0,0.0,0.0,0.0,0.0
52548,2023.0,12.0,31.0,22.0,21.180767,22.772913,20.285585,22.544487,21.166332,22.68282,21.16497,22.78612,15.503107,15.313158,15.268474,15.054536,21.13512,22.347015,21.20221,22.748245,15.201435,15.028484,0.0,0.0,0.0,0.0,0.0,0.0,0.0,0.0
52549,2023.0,12.0,31.0,22.0,21.080957,22.58692,18.425354,18.650646,21.054726,22.42343,21.063782,22.603245,15.419685,15.231859,15.19318,14.982358,21.051628,22.171555,21.06119,22.45685,15.173955,15.0020895,0.0,4.0,0.0,0.0,0.0,0.0,0.0,0.0
52550,2023.0,12.0,31.0,22.0,21.148615,22.70574,17.753166,17.989197,21.155397,22.639753,21.088732,22.63689,15.343857,15.15502,15.12172,14.908569,21.05207,22.13947,21.123573,22.572115,15.146792,14.975433,4.0,0.0,4.0,0.0,0.0,4.0,0.0,0.0
52551,2023.0,12.0,31.0,22.0,21.751806,23.621826,20.27638,22.433666,21.043455,22.375359,21.08507,22.624477,15.282659,15.098569,15.063941,14.856402,21.928308,23.589191,21.052618,22.422731,15.122479,14.953212,0.0,4.0,0.0,0.0,0.0,0.0,0.0,0.0
52552,2023.0,12.0,31.0,22.0,21.042944,22.404718,18.398289,18.490719,21.060333,22.405933,21.083435,22.599056,15.224723,15.042234,15.296787,15.339725,20.940868,21.747889,21.061827,22.4377,15.097168,14.928949,4.0,4.0,0.0,0.0,4.0,0.0,0.0,0.0
52553,2023.0,12.0,31.0,22.0,21.760534,23.563467,20.90185,23.246075,21.845001,23.616653,21.624386,23.483315,15.172641,14.991316,20.35765,23.721947,21.538628,22.827353,21.78429,23.626791,15.072692,14.905612,0.0,0.0,0.0,0.0,0.0,0.0,0.0,0.0
52554,2023.0,12.0,31.0,23.0,20.914371,22.023901,18.529673,18.605307,20.909702,21.939323,20.933592,22.195726,15.127492,14.948134,17.655819,18.071314,20.975592,21.771088,20.901796,21.93943,15.050271,14.884394,4.0,4.0,0.0,0.0,0.0,4.0,0.0,0.0
52555,2023.0,12.0,31.0,23.0,19.333155,19.112923,17.128696,16.595566,19.24482,18.886559,20.003626,20.482264,15.087212,14.9112015,16.063423,15.9055195,19.463234,18.95323,19.523762,19.398851,15.029182,14.865999,0.0,0.0,4.0,0.0,0.0,0.0,0.0,0.0
52556,2023.0,12.0,31.0,23.0,19.291536,19.426712,17.17124,16.91433,19.076418,18.95892,19.018436,18.890985,15.053405,14.878966,15.795064,15.586537,18.882126,18.223711,18.949205,18.68903,15.009585,14.84817,4.0,4.0,0.0,0.0,0.0,0.0,0.0,0.0
52557,2023.0,12.0,31.0,23.0,18.521864,18.138937,16.720253,16.167238,18.953527,18.901072,18.190693,17.606165,15.020247,14.848231,15.6584,15.453914,18.624422,17.985003,19.68703,20.35226,15.000707,14.851817,0.0,4.0,0.0,0.0,0.0,0.0,4.0,0.0
52558,2023.0,12.0,31.0,23.0,18.716976,18.88756,16.808859,16.579828,18.146486,17.584372,17.70494,17.08819,15.000759,14.846383,15.523354,15.321627,18.682457,18.36376,18.600534,18.155107,15.002749,14.873249,4.0,0.0,0.0,0.0,0.0,0.0,0.0,0.0
52559,2023.0,12.0,31.0,23.0,18.077951,17.722124,16.41795,15.888006,18.323431,18.269245,17.726574,17.440895,15.003865,14.876071,15.401504,15.201726,18.623184,18.359205,17.92088,17.398745,15.002878,14.8894005,0.0,4.0,0.0,0.0,0.0,0.0,0.0,0.0
52560,2024.0,1.0,1.0,0.0,17.650442,17.241642,16.573343,16.390501,17.71704,17.158503,17.644392,17.418554,15.003808,14.895487,15.590597,15.649054,18.48381,18.232267,17.640394,17.127499,15.0033865,14.904733,4.0,0.0,0.0,0.0,4.0,0.0,0.0,0.0
